threeML/data/optical_filters/HST/NICMOS2-F160W.ecsv
# %ECSV 0.9
# ---
# datatype:
# - {name: wavelength, unit: Angstrom, datatype: float32}
# - {name: response, datatype: float32}
# meta: !!omap
# - {band_name: F160W}
# - {group_name: NICMOS2}
wavelength response
[from data line 3830]
16398.32031 0.223182
16399.16016 0.223249
16400.00000 0.223316
16400.83984 0.223393
16401.67969 0.223471
16402.52930 0.223548
16403.36914 0.223625
16404.21094 0.223703
16405.05078 0.223779
16405.89062 0.223839
16406.73047 0.223899
16407.57031 0.223958
16408.41016 0.224018
16409.25000 0.224078
16410.08984 0.224138
16410.93945 0.224196
16411.77930 0.224254
16412.61914 0.224312
16413.46094 0.22437
16414.30078 0.224428
16415.14062 0.224489
16415.98047 0.224564
16416.82031 0.224638
16417.66992 0.224713
16418.50977 0.224788
16419.34961 0.224862
16420.18945 0.224932
16421.02930 0.224986
16421.86914 0.22504
16422.72070 0.225094
16423.56055 0.225148
16424.40039 0.225202
16425.24023 0.225255
16426.08984 0.225303
16426.92969 0.225351
16427.76953 0.2254
16428.60938 0.225448
16429.44922 0.225496
16430.28906 0.225548
16431.14062 0.225605
16431.98047 0.225663
16432.82031 0.22572
16433.66992 0.225778
16434.50977 0.225836
16435.34961 0.225892
16436.18945 0.225946
16437.03906 0.226
16437.88086 0.226054
16438.72070 0.226108
16439.56055 0.226162
16440.41016 0.226226
16441.25000 0.2263
16442.08984 0.226374
16442.93945 0.226449
16443.77930 0.226523
16444.61914 0.226597
16445.46094 0.226646
16446.31055 0.226674
16447.15039 0.226703
16447.99023 0.226731
16448.83984 0.22676
16449.67969 0.226788
16450.51953 0.226834
16451.36914 0.22689
16452.21094 0.226947
16453.05078 0.227004
16453.90039 0.227061
16454.74023 0.227118
16455.58008 0.227186
16456.42969 0.22726
16457.26953 0.227333
16458.10938 0.227407
16458.96094 0.227481
16459.80078 0.227555
16460.64062 0.227595
16461.49023 0.227626
16462.33008 0.227656
16463.17969 0.227687
16464.01953 0.227717
16464.86914 0.227747
16465.71094 0.227808
16466.55078 0.227874
16467.40039 0.22794
16468.24023 0.228007
16469.08984 0.228073
16469.92969 0.228139
16470.76953 0.228204
16471.61914 0.22827
16472.46094 0.228335
16473.31055 0.2284
16474.15039 0.228466
16475.00000 0.228531
16475.83984 0.228567
16476.68945 0.228603
16477.52930 0.228639
16478.38086 0.228676
16479.22070 0.228712
16480.06055 0.22875
16480.91016 0.228812
16481.75000 0.228873
16482.59961 0.228935
16483.43945 0.228997
16484.28906 0.229059
16485.13086 0.229118
16485.98047 0.229163
16486.82031 0.229208
16487.66992 0.229253
16488.51953 0.229298
16489.35938 0.229343
16490.21094 0.229387
16491.05078 0.229425
16491.90039 0.229463
16492.74023 0.2295
16493.58984 0.229538
16494.42969 0.229576
16495.27930 0.229617
16496.11914 0.229665
16496.97070 0.229713
16497.81055 0.229761
16498.66016 0.229809
16499.50977 0.229857
16500.34961 0.229897
16501.19922 0.229927
16502.03906 0.229956
16502.89062 0.229986
16503.74023 0.230015
16504.58008 0.230045
16505.42969 0.230083
16506.27930 0.23013
16507.11914 0.230177
16507.97070 0.230224
16508.81055 0.230271
16509.66016 0.230319
16510.50977 0.230358
16511.34961 0.230392
16512.19922 0.230427
16513.03906 0.230461
16513.89062 0.230495
16514.74023 0.230529
16515.58008 0.230557
16516.42969 0.230583
16517.27930 0.230609
16518.13086 0.230635
16518.97070 0.230661
16519.82031 0.230687
16520.66992 0.230727
16521.50977 0.230772
16522.35938 0.230816
16523.21094 0.230861
16524.05078 0.230906
16524.90039 0.23095
16525.75000 0.23098
16526.59961 0.231007
16527.43945 0.231035
16528.28906 0.231062
16529.14062 0.231089
16529.98047 0.231117
16530.83008 0.231143
16531.67969 0.231169
16532.52930 0.231196
16533.36914 0.231222
16534.22070 0.231248
16535.07031 0.231276
16535.91992 0.231318
16536.75977 0.23136
16537.60938 0.231402
16538.46094 0.231444
16539.31055 0.231486
16540.16016 0.231528
16541.00000 0.23157
16541.84961 0.231613
16542.69922 0.231655
16543.55078 0.231698
16544.40039 0.23174
16545.24023 0.231778
16546.08984 0.231804
16546.93945 0.23183
16547.78906 0.231856
16548.64062 0.231881
16549.48047 0.231907
16550.33008 0.231939
16551.17969 0.231978
16552.02930 0.232018
16552.88086 0.232057
16553.73047 0.232097
16554.58008 0.232137
16555.41992 0.232175
16556.26953 0.232211
16557.11914 0.232248
16557.97070 0.232285
16558.82031 0.232321
16559.66992 0.232358
16560.51953 0.232388
16561.36914 0.232414
16562.21094 0.232439
16563.06055 0.232465
16563.91016 0.232491
16564.75977 0.232517
16565.60938 0.232558
16566.46094 0.232605
16567.31055 0.232652
16568.16016 0.232699
16569.00977 0.232747
16569.85938 0.232794
16570.71094 0.232816
16571.56055 0.232834
16572.41016 0.232852
16573.25977 0.232869
16574.10938 0.232887
16574.96094 0.232905
16575.80078 0.232942
16576.65039 0.23298
16577.50977 0.233018
16578.35938 0.233056
16579.21094 0.233095
16580.05078 0.233133
16580.90039 0.233166
16581.75000 0.233199
16582.60938 0.233232
16583.46094 0.233265
16584.30078 0.233297
16585.15039 0.233327
16586.00977 0.233339
16586.85938 0.233351
16587.71094 0.233363
16588.56055 0.233375
16589.41016 0.233387
16590.25977 0.233408
16591.10938 0.23345
16591.96094 0.233492
16592.81055 0.233534
16593.66016 0.233576
16594.50977 0.233618
16595.35938 0.233648
16596.21094 0.23366
16597.06055 0.233672
16597.91016 0.233684
16598.75977 0.233697
16599.61914 0.233709
16600.46094 0.233737
16601.32031 0.233777
16602.16992 0.233817
16603.01953 0.233858
16603.86914 0.233898
16604.72070 0.233938
16605.57031 0.233975
16606.41992 0.234009
16607.27930 0.234043
16608.13086 0.234078
16608.98047 0.234112
16609.83008 0.234147
16610.67969 0.234178
16611.52930 0.234208
16612.38086 0.234239
16613.24023 0.234269
16614.08984 0.234299
16614.93945 0.23433
16615.78906 0.234361
16616.64062 0.234393
16617.49023 0.234424
16618.34961 0.234455
16619.19922 0.234487
16620.05078 0.234518
16620.90039 0.234542
16621.75000 0.234567
16622.60938 0.234592
16623.46094 0.234617
16624.31055 0.234642
16625.16016 0.234667
16626.01953 0.234697
16626.86914 0.234727
16627.72070 0.234756
16628.57031 0.234786
16629.41992 0.234816
16630.27930 0.234851
16631.13086 0.234897
16631.98047 0.234943
16632.83008 0.234989
16633.68945 0.235035
16634.53906 0.235081
16635.39062 0.235123
16636.25000 0.235159
16637.09961 0.235195
16637.94922 0.235231
16638.80078 0.235267
16639.66016 0.235304
16640.50977 0.235336
16641.35938 0.235366
16642.22070 0.235396
16643.07031 0.235426
16643.91992 0.235456
16644.77930 0.235486
16645.63086 0.235526
16646.48047 0.235569
16647.33984 0.235612
16648.18945 0.235656
16649.03906 0.235699
16649.90039 0.235742
16650.75000 0.235783
16651.59961 0.235824
16652.46094 0.235865
16653.31055 0.235905
16654.16016 0.235946
16655.01953 0.235986
16655.86914 0.236015
16656.73047 0.236044
16657.58008 0.236073
16658.42969 0.236102
16659.28906 0.236131
16660.14062 0.236163
16661.00000 0.236209
16661.84961 0.236255
16662.69922 0.236302
16663.56055 0.236348
16664.41016 0.236394
16665.26953 0.23643
16666.11914 0.236442
16666.97070 0.236454
16667.83008 0.236466
16668.67969 0.236478
16669.53906 0.23649
16670.39062 0.236516
16671.25000 0.236558
16672.09961 0.236601
16672.96094 0.236644
16673.81055 0.236687
16674.66992 0.236729
16675.51953 0.236762
16676.38086 0.236788
16677.23047 0.236814
16678.08984 0.23684
16678.93945 0.236866
16679.80078 0.236892
16680.65039 0.236925
16681.50977 0.236959
16682.35938 0.236994
16683.22070 0.237029
16684.07031 0.237063
16684.92969 0.237098
16685.77930 0.237136
16686.64062 0.237174
16687.49023 0.237212
16688.34961 0.23725
16689.21094 0.237289
16690.06055 0.237325
16690.91992 0.237334
16691.76953 0.237344
16692.63086 0.237353
16693.48047 0.237363
16694.33984 0.237372
16695.19922 0.237388
16696.05078 0.237424
16696.91016 0.237461
16697.75977 0.237497
16698.61914 0.237534
16699.47070 0.23757
16700.33008 0.237607
16701.18945 0.237643
16702.03906 0.237678
16702.90039 0.237714
16703.75977 0.23775
16704.60938 0.237786
16705.47070 0.237815
16706.32031 0.237838
16707.17969 0.23786
16708.03906 0.237883
16708.89062 0.237906
16709.75000 0.237929
16710.60938 0.237957
16711.46094 0.237987
16712.32031 0.238017
16713.17969 0.238047
16714.02930 0.238077
16714.89062 0.238107
16715.75000 0.238143
16716.59961 0.238179
16717.46094 0.238215
16718.32031 0.238252
16719.17969 0.238288
16720.02930 0.238324
16720.89062 0.238357
16721.75000 0.238389
16722.59961 0.238422
16723.46094 0.238454
16724.32031 0.238486
16725.17969 0.238517
16726.02930 0.238542
16726.89062 0.238566
16727.75000 0.238591
16728.60938 0.238615
16729.46094 0.23864
16730.32031 0.238668
16731.17969 0.238703
16732.03906 0.238737
16732.89062 0.238771
16733.75000 0.238806
16734.60938 0.23884
16735.47070 0.238876
16736.33008 0.238915
16737.17969 0.238953
16738.03906 0.238991
16738.90039 0.239029
16739.75977 0.239067
16740.61914 0.23911
16741.47070 0.239155
16742.33008 0.2392
16743.18945 0.239245
16744.05078 0.23929
16744.91016 0.239334
16745.76953 0.239355
16746.61914 0.239372
16747.48047 0.239389
16748.33984 0.239406
16749.19922 0.239424
16750.06055 0.239442
16750.91992 0.239473
16751.77930 0.239505
16752.63086 0.239536
16753.49023 0.239568
16754.34961 0.239599
16755.21094 0.239633
16756.07031 0.239673
16756.92969 0.239712
16757.78906 0.239752
16758.65039 0.239792
16759.50977 0.239832
16760.36914 0.239863
16761.22070 0.239881
16762.08008 0.2399
16762.93945 0.239918
16763.80078 0.239937
16764.66016 0.239955
16765.51953 0.239971
16766.38086 0.239985
16767.24023 0.239999
16768.09961 0.240013
16768.96094 0.240027
16769.82031 0.240041
16770.67969 0.240064
16771.53906 0.240089
16772.40039 0.240113
16773.25977 0.240138
16774.11914 0.240162
16774.98047 0.240187
16775.83984 0.240205
16776.69922 0.240223
16777.56055 0.24024
16778.41992 0.240258
16779.27930 0.240275
16780.14062 0.240296
16781.00000 0.240332
16781.85938 0.240368
16782.72070 0.240403
16783.58008 0.24044
16784.43945 0.240475
16785.30078 0.240501
16786.16016 0.240509
16787.01953 0.240516
16787.88086 0.240524
16788.74023 0.240531
16789.59961 0.240539
16790.46094 0.240549
16791.32031 0.240562
16792.18945 0.240575
16793.05078 0.240588
16793.91016 0.2406
16794.76953 0.240613
16795.63086 0.24064
16796.49023 0.240671
16797.34961 0.240702
16798.21094 0.240733
16799.07031 0.240765
16799.92969 0.240796
16800.78906 0.240824
16801.66016 0.240851
16802.51953 0.240878
16803.38086 0.240905
16804.24023 0.240932
16805.09961 0.240958
16805.96094 0.240981
16806.83008 0.241004
16807.68945 0.241026
16808.55078 0.241049
16809.41016 0.241071
16810.26953 0.241096
16811.13086 0.241123
16812.00000 0.241151
16812.85938 0.241178
16813.72070 0.241206
16814.58008 0.241233
16815.43945 0.241254
16816.30078 0.241267
16817.16992 0.24128
16818.02930 0.241294
16818.89062 0.241307
16819.75000 0.24132
16820.61914 0.241341
16821.48047 0.241366
16822.33984 0.241391
16823.19922 0.241415
16824.07031 0.24144
16824.92969 0.241464
16825.78906 0.241492
16826.65039 0.24152
16827.51953 0.241548
16828.38086 0.241576
16829.24023 0.241604
16830.09961 0.241631
16830.97070 0.241656
16831.83008 0.241681
16832.68945 0.241705
16833.55078 0.24173
16834.41992 0.241755
16835.27930 0.241778
16836.14062 0.2418
16837.00977 0.241821
16837.86914 0.241842
16838.73047 0.241864
16839.59961 0.241885
16840.46094 0.241897
16841.32031 0.241901
16842.18945 0.241905
16843.05078 0.241908
16843.91016 0.241912
16844.77930 0.241916
16845.64062 0.241925
16846.50000 0.241935
16847.36914 0.241946
16848.23047 0.241956
16849.09961 0.241967
16849.96094 0.241978
16850.82031 0.241992
16851.68945 0.242007
16852.55078 0.242022
16853.41016 0.242036
16854.27930 0.242051
16855.14062 0.242062
16856.00977 0.242055
16856.86914 0.242048
16857.73047 0.242041
16858.59961 0.242034
16859.46094 0.242027
16860.33008 0.242025
16861.18945 0.242032
16862.06055 0.242039
16862.91992 0.242045
16863.78906 0.242052
16864.65039 0.242059
16865.50977 0.242067
16866.38086 0.242077
16867.24023 0.242087
16868.10938 0.242097
16868.97070 0.242107
16869.83984 0.242117
16870.69922 0.242112
16871.57031 0.242104
16872.42969 0.242095
16873.30078 0.242087
16874.16016 0.242079
16875.02930 0.242071
16875.89062 0.242075
16876.75977 0.242079
16877.61914 0.242084
16878.49023 0.242088
16879.34961 0.242092
16880.22070 0.242096
16881.08008 0.2421
16881.94922 0.242105
16882.81055 0.242109
16883.67969 0.242113
16884.53906 0.242117
16885.41016 0.242118
16886.27930 0.242116
16887.14062 0.242115
16888.00977 0.242113
16888.86914 0.242111
16889.74023 0.24211
16890.60938 0.242109
16891.47070 0.242109
16892.33984 0.242109
16893.19922 0.242109
16894.07031 0.242109
16894.93945 0.242109
16895.80078 0.242111
16896.66992 0.242114
16897.52930 0.242116
16898.40039 0.242118
16899.26953 0.242121
16900.13086 0.242121
16901.00000 0.242113
16901.86914 0.242105
16902.73047 0.242097
16903.59961 0.242089
16904.46094 0.242081
16905.33008 0.242074
16906.19922 0.242068
16907.06055 0.242062
16907.92969 0.242057
16908.80078 0.242051
16909.66016 0.242045
16910.52930 0.242035
16911.40039 0.242024
16912.26953 0.242012
16913.13086 0.242
16914.00000 0.241988
16914.86914 0.241977
16915.73047 0.24196
16916.59961 0.241943
16917.47070 0.241926
16918.33984 0.241909
16919.19922 0.241892
16920.07031 0.241875
16920.93945 0.241868
16921.80078 0.24186
16922.66992 0.241853
16923.53906 0.241845
16924.41016 0.241838
16925.27930 0.241824
16926.14062 0.241798
16927.00977 0.241771
16927.88086 0.241745
16928.75000 0.241718
16929.60938 0.241691
16930.48047 0.241675
16931.34961 0.241668
16932.22070 0.24166
16933.08984 0.241652
16933.94922 0.241644
16934.82031 0.241637
16935.68945 0.241619
16936.56055 0.241599
16937.42969 0.241578
16938.28906 0.241558
16939.16016 0.241538
16940.02930 0.241517
16940.90039 0.241474
16941.76953 0.241432
16942.64062 0.24139
16943.50977 0.241347
16944.36914 0.241305
16945.24023 0.241271
16946.10938 0.24126
16946.98047 0.241248
16947.84961 0.241237
16948.72070 0.241225
16949.58984 0.241214
16950.46094 0.24119
16951.32031 0.241155
16952.18945 0.24112
16953.06055 0.241085
16953.92969 0.24105
16954.80078 0.241015
16955.66992 0.240976
16956.53906 0.240936
16957.41016 0.240896
16958.27930 0.240855
16959.15039 0.240815
16960.01953 0.240775
16960.88086 0.24075
16961.75977 0.240726
16962.63086 0.240701
16963.49023 0.240677
16964.35938 0.240652
16965.23047 0.240623
16966.09961 0.240585
16966.97070 0.240547
16967.83984 0.240508
16968.71094 0.24047
16969.58008 0.240431
16970.44922 0.240399
16971.32031 0.240374
16972.18945 0.240348
16973.06055 0.240323
16973.92969 0.240297
16974.80078 0.240271
16975.66992 0.240234
16976.53906 0.240192
16977.41016 0.24015
16978.27930 0.240109
16979.15039 0.240067
16980.02930 0.240025
16980.89062 0.239974
16981.76953 0.239922
16982.64062 0.23987
16983.50977 0.239819
16984.38086 0.239767
16985.25000 0.239726
16986.11914 0.239713
16986.99023 0.2397
16987.85938 0.239687
16988.73047 0.239674
16989.59961 0.239661
16990.47070 0.239637
16991.33984 0.239605
16992.21094 0.239572
16993.08984 0.239539
16993.96094 0.239507
16994.83008 0.239474
16995.69922 0.239431
16996.57031 0.239386
16997.43945 0.239341
16998.31055 0.239295
16999.18945 0.23925
17000.06055 0.239204
17000.92969 0.239156
17001.80078 0.239108
17002.66992 0.23906
17003.53906 0.239013
17004.41016 0.238965
17005.28906 0.238903
17006.16016 0.238811
17007.02930 0.238721
17007.90039 0.238629
17008.76953 0.238538
17009.64062 0.238447
17010.51953 0.238356
17011.39062 0.238265
17012.25977 0.238174
17013.13086 0.238083
17014.00977 0.237992
17014.88086 0.2379
17015.75000 0.237828
17016.61914 0.237759
17017.49023 0.23769
17018.36914 0.237621
17019.24023 0.237551
17020.10938 0.23748
17020.98047 0.23739
17021.85938 0.2373
17022.73047 0.23721
17023.59961 0.237121
17024.47070 0.237031
17025.34961 0.236947
17026.22070 0.236872
17027.08984 0.236797
17027.97070 0.236722
17028.83984 0.236647
17029.71094 0.236572
17030.58984 0.236484
17031.46094 0.23639
17032.33008 0.236297
17033.21094 0.236203
17034.08008 0.236109
17034.94922 0.236016
17035.82031 0.235929
17036.69922 0.235844
17037.57031 0.235758
17038.44922 0.235672
17039.32031 0.235587
17040.18945 0.2355
17041.06055 0.235413
17041.93945 0.235325
17042.81055 0.235237
17043.68945 0.23515
17044.56055 0.235062
17045.42969 0.234968
17046.31055 0.234867
17047.17969 0.234766
17048.05078 0.234665
17048.92969 0.234565
17049.80078 0.234464
17050.67969 0.234373
17051.55078 0.234286
17052.42969 0.234198
17053.30078 0.23411
