threeML/data/optical_filters/HST/NICMOS1-F108N.ecsv
# %ECSV 0.9
# ---
# datatype:
# - {name: wavelength, unit: Angstrom, datatype: float32}
# - {name: response, datatype: float32}
# meta: !!omap
# - {band_name: F108N}
# - {group_name: NICMOS1}
wavelength response
9629.55859 0.0
10699.50977 0.000408
10699.70996 0.000418
10699.91016 0.000429
10700.09961 0.000438
10700.29980 0.000447
10700.49023 0.000455
10700.69043 0.000463
10700.87988 0.000472
10701.08008 0.00048
10701.26953 0.000488
10701.46973 0.000497
10701.66016 0.000505
10701.86035 0.000513
10702.04980 0.000519
10702.25000 0.000519
10702.44043 0.000518
10702.63965 0.000518
10702.83008 0.000517
10703.03027 0.000517
10703.23047 0.000516
10703.41992 0.000516
10703.62012 0.000515
10703.80957 0.000515
10704.00977 0.000515
10704.20020 0.00052
10704.40039 0.000525
10704.58984 0.000531
10704.79004 0.000536
10704.98047 0.000541
10705.17969 0.000547
10705.37012 0.000552
10705.57031 0.000557
10705.76953 0.000563
10705.95996 0.000568
10706.16016 0.000578
10706.34961 0.000589
10706.54980 0.000601
10706.74023 0.000612
10706.94043 0.000624
10707.12988 0.000635
10707.33008 0.000646
10707.53027 0.000658
10707.71973 0.000669
10707.91992 0.000681
10708.11035 0.000686
10708.30957 0.000688
10708.50000 0.00069
10708.70020 0.000692
10708.88965 0.000694
10709.08984 0.000696
10709.28027 0.000697
10709.48047 0.000699
10709.66992 0.000701
10709.87012 0.000703
10710.07031 0.000708
10710.25977 0.000718
10710.45996 0.000729
10710.65039 0.000739
10710.84961 0.00075
10711.04004 0.000761
10711.24023 0.000771
10711.42969 0.000782
10711.62988 0.000792
10711.83008 0.000803
10712.01953 0.000814
10712.21973 0.000825
10712.41016 0.000836
10712.61035 0.000848
10712.79980 0.000859
10713.00000 0.000871
10713.19043 0.000882
10713.38965 0.000893
10713.58984 0.000905
10713.78027 0.000916
10713.98047 0.000928
10714.16992 0.000939
10714.37012 0.00095
10714.55957 0.000961
10714.75977 0.000972
10714.95996 0.000983
10715.15039 0.000994
10715.34961 0.001005
10715.54004 0.001016
10715.74023 0.001027
10715.92969 0.001038
10716.12988 0.001047
10716.32031 0.001057
10716.51953 0.001066
10716.71973 0.001075
10716.91016 0.001084
10717.11035 0.001093
10717.29980 0.001103
10717.50000 0.001112
10717.69043 0.001121
10717.88965 0.00113
10718.08008 0.001143
10718.28027 0.001161
10718.48047 0.00118
10718.66992 0.001198
10718.87012 0.001216
10719.05957 0.001234
10719.25977 0.001252
10719.45020 0.001271
10719.65039 0.001289
10719.84961 0.001307
10720.04004 0.001325
10720.24023 0.001344
10720.42969 0.001363
10720.62988 0.001382
10720.82031 0.001401
10721.01953 0.00142
10721.21973 0.001438
10721.41016 0.001457
10721.61035 0.001476
10721.79980 0.001495
10722.00000 0.001514
10722.19043 0.001538
10722.38965 0.001563
10722.58984 0.001587
10722.78027 0.001612
10722.98047 0.001637
10723.16992 0.001661
10723.37012 0.001686
10723.55957 0.00171
10723.75977 0.001735
10723.95996 0.001759
10724.15039 0.001787
10724.34961 0.001817
10724.54004 0.001846
10724.74023 0.001875
10724.92969 0.001904
10725.12988 0.001933
10725.33008 0.001962
10725.51953 0.001991
10725.71973 0.00202
10725.91016 0.002049
10726.11035 0.002074
10726.29980 0.002097
10726.50000 0.002119
10726.70020 0.002141
10726.88965 0.002164
10727.08984 0.002186
10727.28027 0.002209
10727.48047 0.002231
10727.67969 0.002254
10727.87012 0.002276
10728.07031 0.002306
10728.25977 0.002349
10728.45996 0.002392
10728.66016 0.002435
10728.84961 0.002477
10729.04980 0.002521
10729.24023 0.002564
10729.44043 0.002607
10729.62988 0.00265
10729.83008 0.002693
10730.03027 0.002735
10730.21973 0.002771
10730.41992 0.002807
10730.61035 0.002843
10730.80957 0.002879
10731.00000 0.002915
10731.20020 0.002951
10731.40039 0.002987
10731.58984 0.003023
10731.79004 0.003059
10731.98047 0.003095
10732.17969 0.003137
10732.37988 0.003179
10732.57031 0.003222
10732.76953 0.003264
10732.95996 0.003306
10733.16016 0.003349
10733.36035 0.003391
10733.54980 0.003433
10733.75000 0.003475
10733.94043 0.003518
10734.13965 0.003567
10734.33984 0.003618
10734.53027 0.003669
10734.73047 0.003721
10734.91992 0.003772
10735.12012 0.003824
10735.32031 0.003875
10735.50977 0.003926
10735.70996 0.003978
10735.90039 0.004029
10736.09961 0.004089
10736.29980 0.004156
10736.49023 0.004223
10736.69043 0.00429
10736.87988 0.004358
10737.08008 0.004425
10737.28027 0.004492
10737.46973 0.004559
10737.66992 0.004626
10737.86035 0.004694
10738.05957 0.004765
10738.25977 0.004847
10738.45020 0.004928
10738.65039 0.00501
10738.83984 0.005091
10739.04004 0.005173
10739.24023 0.005254
10739.42969 0.005335
10739.62988 0.005417
10739.82031 0.005499
10740.01953 0.005581
10740.21973 0.005679
10740.41016 0.005777
10740.61035 0.005875
10740.79980 0.005973
10741.00000 0.006071
10741.20020 0.006169
10741.38965 0.006267
10741.58984 0.006364
10741.78027 0.006462
10741.98047 0.00656
10742.17969 0.006675
10742.37012 0.006792
10742.57031 0.006908
10742.75977 0.007025
10742.95996 0.007142
10743.16016 0.007258
10743.34961 0.007375
10743.54980 0.007491
10743.75000 0.007608
10743.94043 0.007725
10744.13965 0.007847
10744.33008 0.007972
10744.53027 0.008096
10744.73047 0.00822
10744.91992 0.008345
10745.12012 0.008469
10745.30957 0.008594
10745.50977 0.008719
10745.70996 0.008843
10745.90039 0.008968
10746.09961 0.009107
10746.29004 0.009262
10746.49023 0.009416
10746.69043 0.009571
10746.87988 0.009726
10747.08008 0.00988
10747.28027 0.010035
10747.46973 0.01019
10747.66992 0.010344
10747.86035 0.010498
10748.05957 0.010662
10748.25977 0.010846
10748.45020 0.01103
10748.65039 0.011214
10748.84961 0.011398
10749.04004 0.011582
10749.24023 0.011767
10749.42969 0.011951
10749.62988 0.012135
10749.83008 0.012319
10750.01953 0.012511
10750.21973 0.012772
10750.41992 0.013033
10750.61035 0.013294
10750.80957 0.013556
10751.00000 0.013817
10751.20020 0.014078
10751.40039 0.014339
10751.58984 0.014601
10751.79004 0.014862
10751.99023 0.015123
10752.17969 0.015351
10752.37988 0.015577
10752.57031 0.015802
10752.76953 0.016027
10752.96973 0.016252
10753.16016 0.016478
10753.36035 0.016703
10753.55957 0.016929
10753.75000 0.017154
10753.95020 0.017379
10754.13965 0.017688
10754.33984 0.018026
10754.54004 0.018364
10754.73047 0.018702
10754.92969 0.01904
10755.12988 0.019378
10755.32031 0.019716
10755.51953 0.020054
10755.70996 0.020392
10755.91016 0.02073
10756.11035 0.02106
10756.29980 0.021382
10756.50000 0.021705
10756.70020 0.022029
10756.88965 0.022352
10757.08984 0.022675
10757.29004 0.022997
10757.48047 0.02332
10757.67969 0.023643
10757.87012 0.023966
10758.07031 0.02434
10758.26953 0.024805
10758.45996 0.025269
10758.66016 0.025734
10758.86035 0.026198
10759.04980 0.026665
10759.25000 0.02713
10759.45020 0.027595
10759.63965 0.02806
10759.83984 0.028525
10760.04004 0.028979
10760.23047 0.029383
10760.42969 0.029787
10760.62988 0.030193
10760.82031 0.030597
10761.01953 0.031002
10761.20996 0.031406
10761.41016 0.03181
10761.61035 0.032215
10761.79980 0.032619
10762.00000 0.033025
10762.20020 0.033533
10762.38965 0.034042
10762.58984 0.03455
10762.79004 0.035058
10762.98047 0.035569
10763.17969 0.036077
10763.37988 0.036585
10763.57031 0.037094
10763.76953 0.037602
10763.95996 0.03811
10764.16016 0.038658
10764.36035 0.039211
10764.54980 0.039763
10764.75000 0.040316
10764.95020 0.040872
10765.13965 0.041425
10765.33984 0.041978
10765.54004 0.042531
10765.73047 0.043084
10765.92969 0.04364
10766.12988 0.044195
10766.32031 0.044751
10766.51953 0.045307
10766.71973 0.045866
10766.91016 0.046422
10767.11035 0.046978
10767.29980 0.047534
10767.50000 0.048093
10767.70020 0.04865
10767.88965 0.049206
10768.08984 0.049809
10768.29004 0.050458
10768.48047 0.051107
10768.67969 0.051757
10768.87988 0.05241
10769.07031 0.053059
10769.26953 0.053709
10769.46973 0.054362
10769.66016 0.055011
10769.86035 0.055661
10770.05957 0.056282
10770.25000 0.056833
10770.45020 0.057382
10770.65039 0.05793
10770.83984 0.058481
10771.04004 0.05903
10771.24023 0.059579
10771.42969 0.06013
10771.62988 0.060679
10771.83008 0.061228
10772.01953 0.061787
10772.21973 0.062403
10772.41992 0.063022
10772.61035 0.063637
10772.80957 0.064253
10773.00977 0.064872
10773.20020 0.065488
10773.40039 0.066104
10773.59961 0.066723
10773.79004 0.067339
10773.99023 0.067958
10774.19043 0.06841
10774.37988 0.068854
10774.58008 0.0693
10774.78027 0.069743
10774.96973 0.070189
10775.16992 0.070633
10775.37012 0.071076
10775.55957 0.071522
10775.75977 0.071966
10775.95996 0.072412
10776.15039 0.072895
10776.34961 0.073388
10776.54980 0.073884
10776.74023 0.074377
10776.94043 0.074873
10777.13965 0.075366
10777.33008 0.075862
10777.53027 0.076356
10777.73047 0.076852
10777.91992 0.077345
10778.12012 0.077726
10778.32031 0.078036
10778.50977 0.078344
10778.70996 0.078655
10778.91016 0.078963
10779.09961 0.079273
10779.29980 0.079582
10779.50000 0.079892
10779.69043 0.080201
10779.88965 0.080512
10780.08984 0.080816
10780.29004 0.081117
10780.48047 0.081416
10780.67969 0.081717
10780.87988 0.082017
10781.07031 0.082318
10781.26953 0.082617
10781.46973 0.082918
10781.66016 0.083217
10781.86035 0.083518
10782.05957 0.083786
10782.25000 0.083971
10782.45020 0.084156
10782.65039 0.08434
10782.83984 0.084525
10783.04004 0.08471
10783.24023 0.084895
10783.42969 0.08508
10783.62988 0.085265
10783.83008 0.08545
10784.01953 0.085631
10784.21973 0.085788
10784.41992 0.085943
10784.62012 0.0861
10784.80957 0.086256
10785.00977 0.086412
10785.20996 0.086569
10785.40039 0.086725
10785.59961 0.086882
10785.79980 0.087037
10785.99023 0.087194
10786.19043 0.087262
10786.38965 0.087326
10786.58008 0.08739
10786.78027 0.087454
10786.98047 0.087518
10787.16992 0.087583
10787.37012 0.087647
10787.57031 0.087711
10787.76953 0.087775
10787.95996 0.087839
10788.16016 0.087878
10788.36035 0.087911
10788.54980 0.087944
10788.75000 0.087976
10788.95020 0.088009
10789.13965 0.088041
10789.33984 0.088074
10789.54004 0.088107
10789.73047 0.088139
10789.92969 0.088172
10790.12988 0.088179
10790.33008 0.088173
10790.51953 0.088166
10790.71973 0.088159
10790.91992 0.088153
10791.11035 0.088146
10791.30957 0.088139
10791.50977 0.088133
10791.70020 0.088126
10791.90039 0.08812
10792.09961 0.088104
10792.29980 0.088079
10792.49023 0.088055
10792.69043 0.08803
10792.88965 0.088005
10793.08008 0.08798
10793.28027 0.087956
10793.48047 0.087931
10793.66992 0.087906
10793.87012 0.087881
10794.07031 0.087845
10794.26953 0.087788
10794.45996 0.08773
10794.66016 0.087672
10794.86035 0.087615
10795.04980 0.087557
10795.25000 0.087499
10795.45020 0.087441
10795.65039 0.087383
10795.83984 0.087326
10796.04004 0.08727
10796.24023 0.087223
10796.42969 0.087175
10796.62988 0.087128
10796.83008 0.087081
10797.01953 0.087033
10797.21973 0.086986
10797.41992 0.086938
10797.62012 0.086891
10797.80957 0.086844
10798.00977 0.086795
10798.20996 0.086729
10798.40039 0.086663
10798.59961 0.086597
10798.79980 0.086531
10799.00000 0.086465
10799.19043 0.0864
10799.38965 0.086334
10799.58984 0.086268
10799.78027 0.086202
10799.98047 0.086136
10800.17969 0.086092
10800.37988 0.08605
10800.57031 0.086008
10800.76953 0.085966
10800.96973 0.085924
10801.16016 0.085883
10801.36035 0.085841
10801.55957 0.085799
10801.75977 0.085757
10801.95020 0.085715
10802.15039 0.085661
10802.34961 0.085603
10802.54004 0.085545
10802.74023 0.085487
10802.94043 0.085429
10803.13965 0.085371
10803.33008 0.085313
10803.53027 0.085255
10803.73047 0.085197
10803.91992 0.085139
10804.12012 0.085096
10804.32031 0.085062
10804.51953 0.085028
10804.70996 0.084994
10804.91016 0.08496
10805.11035 0.084926
10805.30957 0.084892
10805.50000 0.084858
10805.70020 0.084824
10805.90039 0.08479
10806.08984 0.084752
10806.29004 0.08471
10806.49023 0.084669
10806.69043 0.084627
10806.87988 0.084585
10807.08008 0.084544
10807.28027 0.084502
10807.48047 0.08446
10807.66992 0.084419
10807.87012 0.084377
10808.07031 0.084341
10808.25977 0.084316
10808.45996 0.084291
10808.66016 0.084266
10808.86035 0.084241
10809.04980 0.084217
10809.25000 0.084192
10809.45020 0.084167
10809.65039 0.084142
10809.83984 0.084117
10810.04004 0.084093
10810.24023 0.08407
10810.42969 0.084048
10810.62988 0.084026
10810.83008 0.084003
10811.03027 0.083981
10811.21973 0.083959
10811.41992 0.083936
10811.62012 0.083914
10811.82031 0.083892
10812.00977 0.08387
10812.20996 0.083863
10812.41016 0.083855
10812.61035 0.083848
10812.79980 0.08384
10813.00000 0.083833
10813.20020 0.083825
10813.40039 0.083818
10813.58984 0.08381
10813.79004 0.083802
10813.99023 0.083795
10814.17969 0.083789
10814.37988 0.083783
10814.58008 0.083776
10814.78027 0.08377
10814.96973 0.083764
10815.16992 0.083758
10815.37012 0.083752
10815.57031 0.083746
10815.75977 0.08374
10815.95996 0.083734
10816.16016 0.083735
10816.36035 0.083739
10816.54980 0.083742
10816.75000 0.083745
10816.95020 0.083749
10817.15039 0.083752
10817.33984 0.083756
10817.54004 0.083759
10817.74023 0.083762
10817.94043 0.083766
10818.12988 0.083769
10818.33008 0.083771
10818.53027 0.083774
10818.73047 0.083776
10818.91992 0.083779
10819.12012 0.083782
10819.32031 0.083784
10819.51953 0.083787
10819.70996 0.083789
10819.91016 0.083792
10820.11035 0.083802
10820.30957 0.083818
10820.50000 0.083834
10820.70020 0.08385
10820.90039 0.083866
10821.09961 0.083882
10821.29004 0.083898
10821.49023 0.083915
10821.69043 0.083931
10821.88965 0.083947
10822.08008 0.083966
10822.28027 0.08399
10822.48047 0.084015
10822.67969 0.084039
10822.87012 0.084063
10823.07031 0.084088
10823.26953 0.084112
10823.46973 0.084136
10823.66016 0.08416
10823.86035 0.084185
10824.05957 0.084207
10824.25977 0.084227
10824.45996 0.084246
10824.65039 0.084265
10824.84961 0.084285
10825.04980 0.084304
10825.25000 0.084323
10825.44043 0.084343
10825.63965 0.084362
10825.83984 0.084381
10826.04004 0.084402
10826.23047 0.084432
10826.42969 0.084461
10826.62988 0.084491
10826.83008 0.08452
10827.01953 0.08455
10827.21973 0.084579
10827.41992 0.084609
10827.62012 0.084638
10827.80957 0.084668
10828.00977 0.084697
10828.20996 0.08472
10828.41016 0.084743
10828.59961 0.084766
10828.79980 0.084789
10829.00000 0.084813
10829.20020 0.084836
10829.40039 0.084859
10829.58984 0.084882
10829.79004 0.084905
10829.99023 0.084928
10830.19043 0.084952
10830.37988 0.084976
10830.58008 0.085
10830.78027 0.085023
10830.98047 0.085047
10831.16992 0.085071
10831.37012 0.085094
10831.57031 0.085118
10831.76953 0.085142
10831.96973 0.085165
10832.16016 0.085186
10832.36035 0.085207
10832.55957 0.085227
10832.75977 0.085248
10832.95020 0.085268
10833.15039 0.085288
10833.34961 0.085309
10833.54980 0.085329
10833.75000 0.08535
10833.94043 0.08537
10834.13965 0.085385
10834.33984 0.085397
10834.54004 0.085409
10834.73047 0.085421
10834.92969 0.085434
10835.12988 0.085446
10835.33008 0.085458
10835.53027 0.08547
10835.71973 0.085482
10835.91992 0.085495
10836.12012 0.085498
10836.32031 0.085496
10836.50977 0.085494
10836.70996 0.085491
10836.91016 0.085489
10837.11035 0.085487
10837.30957 0.085484
10837.50000 0.085482
10837.70020 0.08548
10837.90039 0.085477
10838.09961 0.085467
10838.29004 0.085447
10838.49023 0.085428
10838.69043 0.085409
10838.88965 0.08539
10839.08984 0.08537
10839.28027 0.085351
10839.48047 0.085332
10839.67969 0.085313
10839.87988 0.085293
10840.08008 0.085263
10840.26953 0.085213
10840.46973 0.085163
10840.66992 0.085113
10840.87012 0.085063
10841.07031 0.085014
10841.25977 0.084964
10841.45996 0.084914
10841.66016 0.084865
10841.86035 0.084815
10842.04980 0.084756
10842.25000 0.084676
10842.45020 0.084596
10842.65039 0.084515
10842.84961 0.084435
10843.04004 0.084354
10843.24023 0.084274
10843.44043 0.084193
10843.63965 0.084113
10843.83984 0.084032
10844.03027 0.083945
10844.23047 0.083828
10844.42969 0.08371
10844.62988 0.083593
10844.83008 0.083476
10845.01953 0.083358
10845.21973 0.08324
10845.41992 0.083122
10845.62012 0.083005
10845.82031 0.082888
10846.00977 0.082766
10846.20996 0.082599
10846.41016 0.082432
10846.61035 0.082264
10846.80957 0.082096
10847.00000 0.081929
10847.20020 0.081762
10847.40039 0.081594
10847.59961 0.081426
10847.79980 0.081258
10847.99023 0.081091
10848.19043 0.080884
10848.38965 0.080676
10848.58984 0.080467
10848.79004 0.080259
10848.98047 0.080051
10849.17969 0.079842
10849.37988 0.079634
10849.58008 0.079425
