threeML/data/optical_filters/HST/NICMOS2-F222M.ecsv
# %ECSV 0.9
# ---
# datatype:
# - {name: wavelength, unit: Angstrom, datatype: float32}
# - {name: response, datatype: float32}
# meta: !!omap
# - {band_name: F222M}
# - {group_name: NICMOS2}
wavelength response
[from data line 767]
20747.50000 0.003452
20747.83008 0.003508
20748.16016 0.00363
20748.48047 0.003825
20748.81055 0.004021
20749.14062 0.004215
20749.46094 0.004411
20749.78906 0.004606
20750.11914 0.004633
20750.44922 0.004364
20750.76953 0.004097
20751.09961 0.003828
20751.42969 0.003561
20751.75977 0.003292
20752.08008 0.003114
20752.41016 0.0032
20752.74023 0.003287
20753.06055 0.003373
20753.39062 0.00346
20753.72070 0.003547
20754.05078 0.003609
20754.38086 0.003521
20754.69922 0.003434
20755.02930 0.003347
20755.35938 0.003259
20755.67969 0.003172
20756.00977 0.003091
20756.33984 0.00318
20756.66992 0.003268
20756.99023 0.003357
20757.32031 0.003446
20757.65039 0.003534
20757.98047 0.003623
20758.30078 0.003773
20758.63086 0.003927
20758.96094 0.004082
20759.28906 0.004236
20759.60938 0.004391
20759.93945 0.004546
20760.26953 0.004641
20760.59961 0.004724
20760.91992 0.004806
20761.25000 0.004889
20761.58008 0.004971
20761.91016 0.005054
20762.23047 0.004894
20762.56055 0.004639
20762.89062 0.004382
20763.22070 0.004124
20763.53906 0.003869
20763.86914 0.003612
20764.19922 0.003583
20764.52930 0.003701
20764.84961 0.003819
20765.17969 0.003938
20765.50977 0.004057
20765.83984 0.004175
20766.16016 0.004202
20766.49023 0.004136
20766.82031 0.004071
20767.15039 0.004005
20767.47070 0.003939
20767.80078 0.003873
20768.13086 0.003839
20768.46094 0.003852
20768.78906 0.003865
20769.10938 0.003878
20769.43945 0.003891
20769.76953 0.003904
20770.09961 0.003943
20770.41992 0.004045
20770.75000 0.004146
20771.08008 0.004248
20771.41016 0.00435
20771.73047 0.004452
20772.06055 0.00452
20772.39062 0.004443
20772.72070 0.004366
20773.03906 0.004289
20773.36914 0.004212
20773.69922 0.004135
20774.02930 0.004063
20774.35938 0.004051
20774.67969 0.00404
20775.00977 0.004028
20775.33984 0.004017
20775.66992 0.004005
20775.99023 0.003993
20776.32031 0.004112
20776.65039 0.004234
20776.98047 0.004356
20777.30078 0.004478
20777.63086 0.0046
20777.96094 0.004722
20778.28906 0.004546
20778.61914 0.004327
20778.93945 0.004108
20779.26953 0.003889
20779.59961 0.00367
20779.92969 0.003452
20780.25000 0.003512
20780.58008 0.003654
20780.91016 0.003795
20781.24023 0.003937
20781.57031 0.004078
20781.89062 0.004219
20782.22070 0.004328
20782.55078 0.004421
20782.88086 0.004513
20783.21094 0.004606
20783.52930 0.004699
20783.85938 0.004792
20784.18945 0.00482
20784.51953 0.004801
20784.83984 0.004782
20785.16992 0.004763
20785.50000 0.004744
20785.83008 0.004724
20786.16016 0.004709
20786.48047 0.004698
20786.81055 0.004687
20787.14062 0.004676
20787.47070 0.004665
20787.78906 0.004654
20788.11914 0.004646
20788.44922 0.004641
20788.77930 0.004637
20789.10938 0.004633
20789.43945 0.004628
20789.75977 0.004624
20790.08984 0.004646
20790.41992 0.004735
20790.75000 0.004825
20791.07031 0.004915
20791.40039 0.005005
20791.73047 0.005095
20792.06055 0.005142
20792.39062 0.004991
20792.71094 0.004839
20793.03906 0.004688
20793.36914 0.004536
20793.69922 0.004386
20794.02930 0.004259
20794.34961 0.004426
20794.67969 0.004593
20795.00977 0.00476
20795.33984 0.004927
20795.66992 0.005095
20795.99023 0.005262
20796.32031 0.005174
20796.65039 0.005082
20796.98047 0.00499
20797.31055 0.004898
20797.63086 0.004805
20797.96094 0.004713
20798.28906 0.004718
20798.61914 0.004735
20798.94922 0.004753
20799.27930 0.00477
20799.59961 0.004787
20799.92969 0.004805
20800.25977 0.004845
20800.58984 0.004892
20800.91992 0.004938
20801.24023 0.004985
20801.57031 0.005031
20801.90039 0.005078
20802.23047 0.005029
20802.56055 0.004939
20802.88086 0.004849
20803.21094 0.004759
20803.53906 0.00467
20803.86914 0.00458
20804.19922 0.004575
20804.52930 0.004627
20804.84961 0.00468
20805.17969 0.004732
20805.50977 0.004784
20805.83984 0.004837
20806.16992 0.004854
20806.49023 0.004837
20806.82031 0.004821
20807.15039 0.004804
20807.48047 0.004787
20807.81055 0.00477
20808.13086 0.004779
20808.46094 0.004824
20808.78906 0.004869
20809.11914 0.004914
20809.44922 0.004959
20809.77930 0.005004
20810.10938 0.005052
20810.42969 0.005104
20810.75977 0.005157
20811.08984 0.00521
20811.41992 0.005262
20811.75000 0.005315
20812.07031 0.005295
20812.40039 0.005028
20812.73047 0.004761
20813.06055 0.004492
20813.39062 0.004225
20813.72070 0.003958
20814.03906 0.003757
20814.36914 0.003976
20814.69922 0.004194
20815.02930 0.004413
20815.35938 0.004631
20815.68945 0.00485
20816.00977 0.005053
20816.33984 0.004905
20816.66992 0.004758
20817.00000 0.00461
20817.33008 0.004463
20817.66016 0.004315
20817.98047 0.004168
20818.31055 0.004174
20818.64062 0.004189
20818.97070 0.004203
20819.30078 0.004217
20819.63086 0.004232
20819.96094 0.004246
20820.27930 0.004246
20820.60938 0.004243
20820.93945 0.00424
20821.26953 0.004237
20821.59961 0.004235
20821.92969 0.004232
20822.25000 0.004655
20822.58008 0.005203
20822.91016 0.005754
20823.24023 0.006302
20823.57031 0.00685
20823.90039 0.007398
20824.22070 0.007462
20824.55078 0.007304
20824.88086 0.007144
20825.21094 0.006985
20825.53906 0.006826
20825.86914 0.006667
20826.19922 0.006451
20826.52930 0.006196
20826.84961 0.005942
20827.17969 0.005688
20827.50977 0.005434
20827.83984 0.00518
20828.16992 0.005079
20828.50000 0.005127
20828.82031 0.005175
20829.15039 0.005223
20829.48047 0.005271
20829.81055 0.005319
20830.14062 0.005339
20830.47070 0.005321
20830.80078 0.005303
20831.13086 0.005285
20831.44922 0.005267
20831.77930 0.005249
20832.10938 0.005244
20832.43945 0.005266
20832.76953 0.005288
20833.09961 0.00531
20833.42969 0.005332
20833.75000 0.005354
20834.08008 0.005407
20834.41016 0.005552
20834.74023 0.005699
20835.07031 0.005844
20835.40039 0.00599
20835.72070 0.006136
20836.05078 0.006236
20836.38086 0.006105
20836.71094 0.005974
20837.03906 0.005843
20837.36914 0.005712
20837.69922 0.005581
20838.02930 0.005467
20838.35938 0.005566
20838.67969 0.005664
20839.00977 0.005762
20839.33984 0.00586
20839.66992 0.005958
20840.00000 0.006056
20840.33008 0.0059
20840.66016 0.005743
20840.98047 0.005586
20841.31055 0.005428
20841.64062 0.005271
20841.97070 0.005114
20842.30078 0.005174
20842.63086 0.005256
20842.96094 0.005338
20843.28906 0.00542
20843.61914 0.005502
20843.93945 0.005583
20844.26953 0.005589
20844.59961 0.005578
20844.92969 0.005568
20845.25977 0.005557
20845.58984 0.005546
20845.91992 0.005536
20846.25000 0.005594
20846.57031 0.005676
20846.90039 0.005758
20847.23047 0.00584
20847.56055 0.005921
20847.89062 0.006003
20848.22070 0.006057
20848.55078 0.006095
20848.88086 0.006135
20849.21094 0.006173
20849.52930 0.006212
20849.85938 0.006251
20850.18945 0.006151
20850.51953 0.005951
20850.84961 0.005752
20851.17969 0.005552
20851.50977 0.005352
20851.83984 0.005153
20852.16992 0.005169
20852.49023 0.005399
20852.82031 0.00563
20853.15039 0.005861
20853.48047 0.006091
20853.81055 0.006323
20854.14062 0.006443
20854.47070 0.006412
20854.80078 0.006382
20855.11914 0.006351
20855.46094 0.00632
20855.77930 0.00629
20856.10938 0.00627
20856.43945 0.00627
20856.76953 0.006271
20857.09961 0.006272
20857.42969 0.006273
20857.75977 0.006274
20858.08984 0.006298
20858.41992 0.00639
20858.74023 0.006481
20859.07031 0.006572
20859.40039 0.006663
20859.73047 0.006755
20860.06055 0.006808
20860.39062 0.006693
20860.72070 0.006579
20861.05078 0.006464
20861.38086 0.006349
20861.71094 0.006234
20862.03906 0.006135
20862.36914 0.006159
20862.68945 0.006183
20863.01953 0.006207
20863.34961 0.006231
20863.67969 0.006255
20864.00977 0.00628
20864.33984 0.006353
20864.66992 0.006426
20865.00000 0.0065
20865.33008 0.006573
20865.66016 0.006646
20865.98047 0.006719
20866.31055 0.006749
20866.64062 0.006777
20866.97070 0.006804
20867.30078 0.006832
20867.63086 0.006859
20867.96094 0.006887
20868.28906 0.006799
20868.61914 0.006694
20868.94922 0.00659
20869.27930 0.006485
20869.60938 0.006381
20869.93945 0.006277
20870.25977 0.006248
20870.58984 0.006237
20870.91992 0.006226
20871.25000 0.006215
20871.58008 0.006205
20871.91016 0.006194
20872.24023 0.006207
20872.57031 0.00623
20872.90039 0.006253
20873.23047 0.006275
20873.56055 0.006298
20873.89062 0.006321
20874.21094 0.006328
20874.53906 0.006326
20874.86914 0.006325
20875.19922 0.006323
20875.52930 0.006322
20875.85938 0.00632
20876.18945 0.006387
20876.51953 0.006504
20876.84961 0.006621
20877.17969 0.006739
20877.50977 0.006855
20877.83984 0.006973
20878.16992 0.007133
20878.50000 0.007338
20878.83008 0.007543
20879.15039 0.007747
20879.48047 0.007952
20879.81055 0.008157
20880.14062 0.008274
20880.47070 0.008279
20880.80078 0.008284
20881.13086 0.00829
20881.46094 0.008295
20881.78906 0.0083
20882.11914 0.008287
20882.44922 0.008243
20882.77930 0.008199
20883.10938 0.008154
20883.43945 0.00811
20883.76953 0.008066
20884.09961 0.007993
20884.42969 0.007852
20884.75000 0.007711
20885.08008 0.00757
20885.41016 0.007429
20885.74023 0.007288
20886.07031 0.007193
20886.40039 0.007263
20886.73047 0.007332
20887.06055 0.007402
20887.39062 0.007472
20887.72070 0.007542
20888.05078 0.007548
20888.38086 0.007189
20888.71094 0.006829
20889.03906 0.006472
20889.36914 0.006112
20889.69922 0.005752
20890.02930 0.005456
20890.35938 0.005867
20890.68945 0.00628
20891.01953 0.006693
20891.33984 0.007103
20891.66992 0.007516
20892.00000 0.007923
20892.33008 0.007797
20892.66016 0.007672
20892.99023 0.007545
20893.32031 0.007419
20893.65039 0.007293
20893.98047 0.007168
20894.31055 0.007154
20894.64062 0.007147
20894.97070 0.00714
20895.30078 0.007133
20895.63086 0.007126
20895.96094 0.007119
20896.28906 0.006936
20896.61914 0.006729
20896.94922 0.00652
20897.27930 0.006311
20897.60938 0.006103
20897.93945 0.005895
20898.26953 0.006062
20898.59961 0.00632
20898.92969 0.006578
20899.25977 0.006836
20899.58008 0.007092
20899.91016 0.00735
20900.24023 0.007366
20900.57031 0.007297
20900.90039 0.007229
20901.23047 0.00716
20901.56055 0.007092
20901.89062 0.007023
20902.22070 0.006976
20902.55078 0.006941
20902.88086 0.006905
20903.21094 0.006869
20903.53906 0.006834
20903.86914 0.006798
20904.19922 0.006812
20904.52930 0.006859
20904.85938 0.006905
20905.18945 0.006951
20905.51953 0.006998
20905.84961 0.007044
20906.17969 0.007156
20906.50977 0.007322
20906.83984 0.007488
20907.16992 0.007653
20907.50000 0.00782
20907.83008 0.007986
20908.16016 0.008134
20908.49023 0.008261
20908.82031 0.008389
20909.15039 0.008516
20909.48047 0.008643
20909.81055 0.008771
20910.14062 0.008793
20910.47070 0.008664
20910.80078 0.008536
20911.13086 0.008408
20911.46094 0.00828
20911.78906 0.008151
20912.11914 0.008028
20912.44922 0.007914
20912.77930 0.007799
20913.10938 0.007685
20913.43945 0.00757
20913.76953 0.007455
20914.09961 0.007412
20914.42969 0.007544
20914.75977 0.007676
20915.08984 0.007809
20915.41992 0.007941
20915.75000 0.008073
20916.07031 0.008205
20916.40039 0.008336
20916.73047 0.008466
20917.06055 0.008597
20917.39062 0.008728
20917.72070 0.008859
20918.05078 0.008941
20918.38086 0.00877
20918.71094 0.008599
20919.03906 0.008428
20919.36914 0.008257
20919.71094 0.008086
20920.03906 0.007938
20920.36914 0.007974
20920.69922 0.00801
20921.02930 0.008047
20921.35938 0.008083
20921.68945 0.00812
20922.01953 0.008157
20922.34961 0.008209
20922.67969 0.008262
20923.00977 0.008314
20923.33984 0.008367
20923.66992 0.008419
20924.00000 0.008471
20924.32031 0.008293
20924.65039 0.00811
20924.98047 0.007927
20925.31055 0.007745
20925.64062 0.007562
20925.97070 0.007379
20926.31055 0.007443
20926.64062 0.007527
20926.97070 0.00761
20927.30078 0.007694
20927.63086 0.007778
20927.96094 0.007862
20928.28906 0.007812
20928.61914 0.007743
20928.94922 0.007673
20929.27930 0.007603
20929.60938 0.007534
20929.93945 0.007464
20930.26953 0.007559
20930.59961 0.007692
20930.92969 0.007826
20931.25977 0.00796
20931.58984 0.008093
20931.91992 0.008227
20932.25000 0.008523
20932.58008 0.008874
20932.91016 0.009224
20933.24023 0.009575
20933.57031 0.009926
20933.90039 0.010277
20934.23047 0.010226
20934.56055 0.009998
20934.89062 0.00977
20935.22070 0.009543
20935.55078 0.009315
20935.88086 0.009087
20936.21094 0.008967
20936.53906 0.008907
20936.86914 0.008847
20937.19922 0.008788
20937.52930 0.008728
20937.85938 0.008668
20938.18945 0.008665
20938.51953 0.008702
20938.84961 0.00874
20939.17969 0.008777
20939.50977 0.008815
20939.83984 0.008852
20940.16992 0.008877
20940.50000 0.00889
20940.83984 0.008904
20941.16992 0.008917
20941.50000 0.008931
20941.83008 0.008944
20942.16016 0.009022
20942.49023 0.009172
20942.82031 0.009322
20943.15039 0.009472
20943.48047 0.009623
20943.81055 0.009773
20944.14062 0.009827
20944.47070 0.009749
20944.80078 0.009671
20945.13086 0.009592
20945.46094 0.009514
20945.78906 0.009435
20946.11914 0.009496
20946.44922 0.009797
20946.77930 0.010098
20947.10938 0.010398
20947.43945 0.010701
20947.76953 0.011002
20948.09961 0.011127
20948.42969 0.010868
20948.75977 0.010609
20949.09961 0.010348
20949.42969 0.010089
20949.75977 0.00983
20950.08984 0.009666
20950.41992 0.009774
20950.75000 0.009882
20951.08008 0.00999
20951.41016 0.010098
20951.74023 0.010206
20952.07031 0.010276
20952.40039 0.010201
20952.73047 0.010126
20953.06055 0.010051
20953.39062 0.009976
20953.72070 0.009901
20954.05078 0.00985
20954.38086 0.009921
20954.71094 0.009992
20955.03906 0.010064
20955.36914 0.010136
20955.71094 0.010207
20956.03906 0.010253
20956.36914 0.010085
20956.69922 0.009917
20957.02930 0.009749
20957.35938 0.009582
20957.68945 0.009414
20958.01953 0.009268
20958.34961 0.009476
20958.67969 0.009684
20959.00977 0.009893
20959.33984 0.010101
20959.66992 0.010309
20960.00000 0.010516
20960.33008 0.010483
20960.66016 0.01045
20960.99023 0.010418
20961.33008 0.010385
20961.66016 0.010352
20961.99023 0.010319
20962.32031 0.01034
20962.65039 0.010363
20962.98047 0.010387
20963.31055 0.01041
20963.64062 0.010433
20963.97070 0.010457
20964.30078 0.010326
20964.63086 0.010179
20964.96094 0.010033
20965.28906 0.009887
20965.63086 0.00974
20965.96094 0.009594
20966.28906 0.009746
20966.61914 0.009945
20966.94922 0.010144
20967.27930 0.010342
20967.60938 0.010542
20967.93945 0.010741
20968.26953 0.010826
20968.59961 0.010886
20968.92969 0.010945
20969.25977 0.011005
20969.58984 0.011065
20969.91992 0.011125
20970.25000 0.011185
20970.58984 0.011246
20970.91992 0.011307
20971.25000 0.011368
20971.58008 0.011428
20971.91016 0.011489
20972.24023 0.01144
20972.57031 0.01135
20972.90039 0.01126
20973.23047 0.011169
20973.56055 0.011079
20973.89062 0.010989
20974.22070 0.010986
20974.55078 0.011025
20974.89062 0.011064
20975.22070 0.011103
20975.55078 0.011143
20975.88086 0.011182
20976.21094 0.011189
20976.53906 0.011177
20976.86914 0.011165
20977.19922 0.011153
20977.52930 0.011141
20977.86914 0.01113
20978.19922 0.011124
20978.52930 0.011123
20978.85938 0.011122
20979.18945 0.011121
20979.51953 0.01112
20979.84961 0.011119
20980.17969 0.011026
20980.50977 0.010858
20980.83984 0.010691
20981.16992 0.010522
20981.50000 0.010355
20981.83984 0.010186
20982.16992 0.010223
20982.50000 0.010462
20982.83008 0.010701
20983.16016 0.010941
20983.49023 0.01118
20983.82031 0.01142
20984.15039 0.011621
20984.48047 0.011778
20984.81055 0.011934
20985.15039 0.012092
20985.48047 0.012248
20985.81055 0.012406
20986.14062 0.012417
20986.47070 0.012225
20986.80078 0.012035
20987.13086 0.011843
20987.46094 0.011653
20987.78906 0.011461
20988.13086 0.011379
20988.46094 0.011476
20988.78906 0.011572
20989.11914 0.011669
20989.44922 0.011766
20989.77930 0.011863
20990.10938 0.011941
20990.43945 0.011983
20990.76953 0.012024
20991.10938 0.012066
20991.43945 0.012108
20991.76953 0.01215
20992.09961 0.012178
20992.42969 0.012172
20992.75977 0.012166
20993.08984 0.01216
20993.41992 0.012154
20993.75000 0.012148
20994.08984 0.012164
20994.41992 0.012242
20994.75000 0.01232
20995.08008 0.012398
20995.41016 0.012476
20995.74023 0.012554
20996.07031 0.012586
20996.40039 0.012449
20996.73047 0.012313
20997.07031 0.012176
20997.40039 0.01204
20997.73047 0.011903
20998.06055 0.011819
20998.39062 0.011969
20998.72070 0.01212
20999.05078 0.01227
