threeML/data/optical_filters/HST/NICMOS2-F237M.ecsv
# %ECSV 0.9
# ---
# datatype:
# - {name: wavelength, unit: Angstrom, datatype: float32}
# - {name: response, datatype: float32}
# meta: !!omap
# - {band_name: F237M}
# - {group_name: NICMOS2}
wavelength response
[from data line 2299]
23250.25000 0.276511
23250.63086 0.276536
23251.01953 0.27656
23251.41016 0.276585
23251.80078 0.276609
23252.18945 0.276694
23252.58008 0.276841
23252.97070 0.276988
23253.35938 0.277135
23253.74023 0.277282
23254.13086 0.277363
23254.51953 0.277317
23254.91016 0.277271
23255.30078 0.277224
23255.68945 0.277178
23256.08008 0.277156
23256.46094 0.27723
23256.84961 0.277304
23257.24023 0.277378
23257.63086 0.277453
23258.01953 0.277537
23258.41016 0.277778
23258.80078 0.27802
23259.18945 0.278262
23259.58008 0.278503
23259.96094 0.278745
23260.34961 0.278751
23260.74023 0.278734
23261.13086 0.278717
23261.51953 0.2787
23261.91016 0.278682
23262.30078 0.27872
23262.68945 0.278776
23263.08008 0.278831
23263.46094 0.278886
23263.84961 0.278941
23264.24023 0.279076
23264.63086 0.27926
23265.01953 0.279443
23265.41016 0.279626
23265.80078 0.27981
23266.18945 0.27991
23266.58008 0.279918
23266.96094 0.279926
23267.34961 0.279935
23267.74023 0.279943
23268.13086 0.279996
23268.51953 0.280136
23268.91016 0.280276
23269.30078 0.280417
23269.68945 0.280558
23270.08008 0.280689
23270.46094 0.280784
23270.84961 0.280879
23271.24023 0.280975
23271.63086 0.28107
23272.01953 0.28116
23272.41016 0.281145
23272.80078 0.281131
23273.18945 0.281117
23273.58008 0.281102
23273.97070 0.281088
23274.35938 0.281132
23274.74023 0.281181
23275.13086 0.28123
23275.51953 0.28128
23275.91016 0.28133
23276.30078 0.281386
23276.68945 0.281443
23277.08008 0.281501
23277.47070 0.28156
23277.85938 0.281618
23278.25000 0.281683
23278.63086 0.281752
23279.01953 0.281822
23279.41016 0.281891
23279.80078 0.281961
23280.18945 0.282068
23280.58008 0.282214
23280.97070 0.282361
23281.35938 0.282508
23281.75000 0.282654
23282.14062 0.282767
23282.52930 0.282819
23282.91992 0.28287
23283.30078 0.282921
23283.69922 0.282973
23284.08008 0.283013
23284.47070 0.283015
23284.85938 0.283018
23285.25000 0.28302
23285.64062 0.283022
23286.02930 0.283039
23286.41992 0.283235
23286.81055 0.283431
23287.19922 0.283626
23287.58984 0.283822
23287.98047 0.284018
23288.36914 0.284021
23288.75000 0.284011
23289.14062 0.284001
23289.52930 0.283991
23289.91992 0.283982
23290.31055 0.284051
23290.69922 0.284139
23291.08984 0.284228
23291.48047 0.284317
23291.86914 0.284406
23292.25977 0.284491
23292.65039 0.284576
23293.03906 0.28466
23293.42969 0.284744
23293.82031 0.284828
23294.21094 0.284883
23294.59961 0.284912
23294.98047 0.284941
23295.36914 0.284971
23295.75977 0.285
23296.15039 0.285062
23296.53906 0.285174
23296.92969 0.285288
23297.32031 0.2854
23297.71094 0.285513
23298.09961 0.285617
23298.49023 0.285695
23298.88086 0.285773
23299.26953 0.285851
23299.66016 0.285929
23300.05078 0.28601
23300.43945 0.286114
23300.83008 0.286218
23301.21094 0.286322
23301.60938 0.286427
23301.99023 0.286531
23302.38086 0.286613
23302.76953 0.286694
23303.16016 0.286776
23303.55078 0.286857
23303.93945 0.286938
23304.33008 0.286901
23304.72070 0.286842
23305.10938 0.286783
23305.50000 0.286725
23305.89062 0.286666
23306.27930 0.286756
23306.66992 0.286905
23307.06055 0.287053
23307.44922 0.287202
23307.83984 0.287351
23308.23047 0.287523
23308.61914 0.28771
23309.00977 0.287899
23309.40039 0.288086
23309.78906 0.288275
23310.17969 0.288362
23310.57031 0.288327
23310.96094 0.288292
23311.34961 0.288257
23311.73047 0.288222
23312.13086 0.28824
23312.50977 0.28837
23312.90039 0.2885
23313.28906 0.28863
23313.67969 0.28876
23314.07031 0.288874
23314.46094 0.288918
23314.84961 0.288962
23315.24023 0.289006
23315.63086 0.28905
23316.01953 0.289093
23316.41016 0.289111
23316.80078 0.289129
23317.18945 0.289148
23317.58008 0.289166
23317.97070 0.289185
23318.35938 0.289318
23318.75000 0.289462
23319.14062 0.289606
23319.52930 0.289749
23319.91992 0.289892
23320.31055 0.289944
23320.69922 0.289973
23321.08984 0.290001
23321.48047 0.290029
23321.86914 0.290058
23322.25977 0.290178
23322.65039 0.290345
23323.03906 0.290513
23323.42969 0.29068
23323.82031 0.290848
23324.21094 0.290965
23324.59961 0.291038
23324.99023 0.291112
23325.38086 0.291185
23325.76953 0.291258
23326.16016 0.291356
23326.55078 0.291489
23326.93945 0.291623
23327.33008 0.291756
23327.72070 0.29189
23328.10938 0.29199
23328.50000 0.292003
23328.89062 0.292016
23329.27930 0.292028
23329.66992 0.292041
23330.06055 0.292062
23330.44922 0.292131
23330.83984 0.2922
23331.23047 0.292269
23331.61914 0.292338
23332.00977 0.29241
23332.40039 0.29264
23332.78906 0.29287
23333.17969 0.293101
23333.57031 0.293331
23333.96094 0.293561
23334.34961 0.293526
23334.74023 0.293458
23335.13086 0.29339
23335.51953 0.293322
23335.91016 0.293254
23336.30078 0.293369
23336.68945 0.29354
23337.08008 0.293712
23337.47070 0.293884
23337.85938 0.294055
23338.25000 0.294038
23338.64062 0.293914
23339.02930 0.29379
23339.41992 0.293665
23339.81055 0.293541
23340.19922 0.293614
23340.58984 0.293879
23340.98047 0.294142
23341.36914 0.294406
23341.75977 0.29467
23342.15039 0.294806
23342.53906 0.294737
23342.92969 0.294667
23343.32031 0.294598
23343.71094 0.294528
23344.09961 0.294515
23344.49023 0.29466
23344.88086 0.294807
23345.26953 0.294953
23345.66016 0.295099
23346.05078 0.295239
23346.43945 0.295343
23346.83008 0.295447
23347.22070 0.295551
23347.60938 0.295655
23348.00000 0.295759
23348.39062 0.295835
23348.77930 0.295912
23349.16992 0.295989
23349.56055 0.296065
23349.96094 0.296142
23350.34961 0.296161
23350.73047 0.296173
23351.13086 0.296185
23351.51953 0.296196
23351.91016 0.296208
23352.30078 0.296294
23352.68945 0.296403
23353.08008 0.296513
23353.47070 0.296622
23353.85938 0.296731
23354.25000 0.296751
23354.64062 0.296719
23355.02930 0.296687
23355.41992 0.296654
23355.81055 0.296622
23356.19922 0.29664
23356.58984 0.296706
23356.98047 0.296771
23357.36914 0.296836
23357.75977 0.296902
23358.15039 0.296984
23358.53906 0.297094
23358.92969 0.297203
23359.32031 0.297313
23359.71094 0.297422
23360.10938 0.297513
23360.50000 0.297556
23360.89062 0.297598
23361.27930 0.297641
23361.66992 0.297683
23362.06055 0.297717
23362.44922 0.297702
23362.83984 0.297686
23363.23047 0.297671
23363.61914 0.297655
23364.00977 0.297643
23364.40039 0.297763
23364.78906 0.297883
23365.17969 0.298003
23365.57031 0.298123
23365.96094 0.298243
23366.34961 0.29832
23366.74023 0.298392
23367.13086 0.298464
23367.52930 0.298536
23367.91992 0.298609
23368.31055 0.298623
23368.69922 0.298621
23369.08984 0.29862
23369.48047 0.298618
23369.86914 0.298617
23370.25977 0.298672
23370.65039 0.298756
23371.03906 0.298839
23371.42969 0.298923
23371.82031 0.299007
23372.21094 0.299096
23372.59961 0.299187
23372.99023 0.299279
23373.38086 0.299371
23373.77930 0.299463
23374.16992 0.29949
23374.56055 0.29943
23374.94922 0.29937
23375.33984 0.29931
23375.73047 0.29925
23376.11914 0.29927
23376.50977 0.29947
23376.90039 0.29967
23377.28906 0.29987
23377.67969 0.30007
23378.07031 0.300214
23378.46094 0.30012
23378.85938 0.300027
23379.25000 0.299933
23379.64062 0.299839
23380.02930 0.299757
23380.41992 0.29982
23380.81055 0.299882
23381.19922 0.299944
23381.58984 0.300006
23381.98047 0.300068
23382.36914 0.300293
23382.75977 0.300526
23383.16016 0.30076
23383.55078 0.300993
23383.93945 0.301226
23384.33008 0.301273
23384.72070 0.301285
23385.10938 0.301297
23385.50000 0.301308
23385.89062 0.30132
23386.27930 0.301439
23386.66992 0.301598
23387.06055 0.301756
23387.46094 0.301915
23387.84961 0.302074
23388.24023 0.302021
23388.63086 0.301831
23389.01953 0.301641
23389.41016 0.301451
23389.80078 0.301261
23390.18945 0.30121
23390.58008 0.301304
23390.97070 0.301398
23391.36914 0.301492
23391.75977 0.301586
23392.15039 0.301693
23392.53906 0.301823
23392.92969 0.301951
23393.32031 0.30208
23393.71094 0.302209
23394.09961 0.302312
23394.49023 0.302339
23394.88086 0.302366
23395.27930 0.302392
23395.66992 0.302419
23396.06055 0.302441
23396.44922 0.302433
23396.83984 0.302425
23397.23047 0.302418
23397.61914 0.30241
23398.00977 0.302403
23398.40039 0.302427
23398.78906 0.302451
23399.18945 0.302475
23399.58008 0.302499
23399.97070 0.302523
23400.35938 0.302655
23400.75000 0.302797
23401.14062 0.302939
23401.52930 0.303081
23401.92969 0.303223
23402.32031 0.30331
23402.71094 0.303385
23403.09961 0.30346
23403.49023 0.303534
23403.88086 0.303609
23404.26953 0.303638
23404.66016 0.303647
23405.05078 0.303656
23405.44922 0.303665
23405.83984 0.303674
23406.23047 0.303685
23406.61914 0.303696
23407.00977 0.303708
23407.40039 0.30372
23407.78906 0.303732
23408.18945 0.303837
23408.58008 0.304044
23408.97070 0.304251
23409.35938 0.304459
23409.75000 0.304666
23410.14062 0.304785
23410.52930 0.304748
23410.91992 0.304712
23411.32031 0.304675
23411.71094 0.304638
23412.09961 0.304602
23412.49023 0.304568
23412.88086 0.304535
23413.26953 0.304502
23413.66016 0.304468
23414.05078 0.304468
23414.44922 0.30467
23414.83984 0.304871
23415.23047 0.305073
23415.61914 0.305275
23416.00977 0.30547
23416.40039 0.305469
23416.78906 0.305468
23417.18945 0.305467
23417.58008 0.305466
23417.97070 0.305465
23418.35938 0.305493
23418.75000 0.305523
23419.14062 0.305554
23419.53906 0.305584
23419.92969 0.305614
23420.32031 0.305593
23420.71094 0.305561
23421.09961 0.305528
23421.49023 0.305496
23421.88086 0.305463
23422.27930 0.30551
23422.66992 0.30559
23423.06055 0.305669
23423.44922 0.305749
23423.83984 0.305828
23424.23047 0.305913
23424.61914 0.306002
23425.01953 0.306091
23425.41016 0.306181
23425.80078 0.30627
23426.18945 0.306293
23426.58008 0.306248
23426.97070 0.306203
23427.36914 0.306157
23427.75977 0.306112
23428.15039 0.306119
23428.53906 0.306214
23428.92969 0.306308
23429.32031 0.306401
23429.72070 0.306496
23430.10938 0.306538
23430.50000 0.306446
23430.89062 0.306354
23431.27930 0.306261
23431.66992 0.306169
23432.07031 0.306109
23432.46094 0.306203
23432.84961 0.306297
23433.24023 0.306391
23433.63086 0.306486
23434.02930 0.306576
23434.41992 0.306611
23434.81055 0.306645
23435.19922 0.306679
23435.58984 0.306714
23435.98047 0.306748
23436.36914 0.306888
23436.76953 0.307032
23437.16016 0.307176
23437.55078 0.30732
23437.93945 0.307464
23438.33008 0.307454
23438.73047 0.307417
23439.11914 0.30738
23439.50977 0.307343
23439.90039 0.307307
23440.28906 0.307216
23440.68945 0.307107
23441.08008 0.306998
23441.47070 0.306889
23441.85938 0.30678
23442.25000 0.3069
23442.64062 0.307146
23443.03906 0.307391
23443.42969 0.307638
23443.82031 0.307884
23444.21094 0.307907
23444.59961 0.307739
23445.00000 0.307571
23445.39062 0.307404
23445.77930 0.307236
23446.16992 0.307151
23446.56055 0.307172
23446.96094 0.307194
23447.34961 0.307215
23447.74023 0.307236
23448.13086 0.307221
23448.51953 0.307133
23448.91016 0.307046
23449.31055 0.306958
23449.69922 0.30687
23450.08984 0.306832
23450.48047 0.306962
23450.88086 0.307092
23451.26953 0.307221
23451.66016 0.30735
23452.05078 0.307458
23452.43945 0.307419
23452.83008 0.307381
23453.23047 0.307342
23453.61914 0.307303
23454.00977 0.307263
23454.40039 0.307189
23454.78906 0.307115
23455.18945 0.30704
23455.58008 0.306966
23455.97070 0.306891
23456.35938 0.307025
23456.75977 0.307175
23457.15039 0.307325
23457.53906 0.307475
23457.92969 0.307625
23458.32031 0.307637
23458.72070 0.30762
23459.10938 0.307603
23459.50000 0.307586
23459.89062 0.307569
23460.28906 0.307689
23460.67969 0.30786
23461.07031 0.30803
23461.46094 0.3082
23461.84961 0.308371
23462.25000 0.308441
23462.64062 0.30845
23463.02930 0.308459
23463.41992 0.308468
23463.81055 0.308477
23464.21094 0.308475
23464.59961 0.308462
23464.99023 0.30845
23465.38086 0.308437
23465.77930 0.308425
23466.16992 0.308403
23466.56055 0.308368
23466.94922 0.308334
23467.34961 0.3083
23467.74023 0.308265
23468.13086 0.30824
23468.51953 0.308233
23468.91016 0.308226
23469.31055 0.308219
23469.69922 0.308212
23470.08984 0.308225
23470.48047 0.308302
23470.86914 0.308379
23471.26953 0.308457
23471.66016 0.308535
23472.05078 0.308611
23472.44922 0.308675
23472.83984 0.308739
23473.23047 0.308803
23473.61914 0.308867
23474.00977 0.308928
23474.41016 0.308892
23474.80078 0.308856
23475.18945 0.308821
23475.58008 0.308785
23475.98047 0.30875
23476.36914 0.308817
23476.75977 0.308891
23477.15039 0.308966
23477.55078 0.30904
23477.93945 0.309114
23478.33008 0.309164
23478.72070 0.30921
23479.11914 0.309256
23479.50977 0.309301
23479.90039 0.309347
23480.28906 0.309465
23480.68945 0.309607
23481.08008 0.309749
23481.47070 0.309891
23481.85938 0.310033
23482.25977 0.310041
23482.65039 0.309978
23483.03906 0.309914
23483.42969 0.309851
23483.83008 0.309787
23484.22070 0.3097
23484.60938 0.309593
23485.00000 0.309486
23485.40039 0.309379
23485.78906 0.309271
23486.17969 0.309221
23486.57031 0.309236
23486.97070 0.309251
23487.35938 0.309266
23487.75000 0.309281
23488.14062 0.309306
23488.53906 0.309346
23488.92969 0.309387
23489.32031 0.309428
23489.71094 0.309468
23490.10938 0.309486
23490.50000 0.309445
23490.89062 0.309404
23491.28906 0.309363
23491.67969 0.309323
23492.07031 0.309293
23492.46094 0.309311
23492.85938 0.309329
23493.25000 0.309347
23493.64062 0.309366
23494.03906 0.309389
23494.42969 0.309459
23494.82031 0.30953
23495.21094 0.309601
23495.60938 0.309672
23496.00000 0.309743
23496.39062 0.309891
23496.78906 0.310039
23497.17969 0.310187
23497.57031 0.310335
23497.96094 0.310483
23498.35938 0.310384
23498.75000 0.310259
23499.14062 0.310135
23499.52930 0.31001
23499.92969 0.309885
23500.32031 0.309821
23500.71094 0.30977
23501.10938 0.309719
23501.50000 0.309669
23501.89062 0.309618
23502.27930 0.309503
23502.67969 0.309362
23503.07031 0.309223
23503.46094 0.309083
23503.85938 0.308943
23504.25000 0.308978
23504.64062 0.309114
23505.03906 0.309251
23505.42969 0.309387
23505.82031 0.309524
23506.21094 0.309604
23506.60938 0.309638
23507.00000 0.309672
23507.39062 0.309705
23507.78906 0.309739
23508.17969 0.309694
23508.57031 0.309555
23508.96094 0.309416
23509.35938 0.309276
23509.75000 0.309136
23510.14062 0.309091
23510.53906 0.30921
23510.92969 0.309329
23511.32031 0.309449
23511.71094 0.309569
23512.10938 0.309627
23512.50000 0.309524
23512.89062 0.309421
23513.28906 0.309318
23513.67969 0.309215
23514.07031 0.309153
23514.47070 0.309277
23514.85938 0.3094
23515.25000 0.309523
23515.64062 0.309647
23516.03906 0.309752
23516.42969 0.309694
23516.82031 0.309635
23517.22070 0.309576
23517.60938 0.309517
23518.00000 0.309459
23518.40039 0.309445
23518.78906 0.309432
23519.17969 0.309418
23519.58008 0.309404
23519.97070 0.30939
23520.35938 0.309346
23520.75977 0.309299
23521.15039 0.309252
23521.53906 0.309206
23521.93945 0.309159
23522.33008 0.309374
23522.72070 0.309641
23523.11914 0.309907
23523.50977 0.310173
23523.90039 0.31044
23524.28906 0.310332
23524.68945 0.310101
23525.08008 0.309868
23525.47070 0.309637
23525.86914 0.309406
23526.25977 0.309316
23526.65039 0.309299
23527.05078 0.309283
23527.43945 0.309266
23527.83008 0.309249
23528.23047 0.309337
23528.61914 0.309501
23529.00977 0.309665
23529.41016 0.30983
23529.80078 0.309993
23530.18945 0.310029
23530.58984 0.309933
23530.98047 0.309836
23531.36914 0.30974
23531.76953 0.309644
23532.16016 0.309577
23532.55078 0.309552
23532.94922 0.309528
23533.33984 0.309503
23533.73047 0.309479
23534.13086 0.30946
23534.51953 0.30945
23534.91016 0.309441
23535.31055 0.309432
23535.69922 0.309423
23536.09961 0.309442
23536.49023 0.309551
23536.88086 0.309659
23537.27930 0.309768
23537.66992 0.309876
23538.06055 0.309975
23538.46094 0.310018
23538.84961 0.31006
23539.24023 0.310103
23539.64062 0.310145
23540.02930 0.310186
23540.41992 0.310205
23540.82031 0.310224
23541.21094 0.310243
23541.59961 0.310262
23542.00000 0.310281
23542.39062 0.310062
23542.77930 0.309842
23543.17969 0.309621
23543.57031 0.309401
23543.96094 0.30918
23544.35938 0.309099
23544.75000 0.309032
23545.15039 0.308965
23545.53906 0.308898
23545.92969 0.30883
23546.33008 0.308955
23546.72070 0.309119
23547.10938 0.309283
23547.50977 0.309447
23547.90039 0.309611
23548.28906 0.309479
23548.68945 0.309249
23549.08008 0.309017
23549.47070 0.308786
