threeML/data/optical_filters/HST/NICMOS1-F190N.ecsv
# %ECSV 0.9
# ---
# datatype:
# - {name: wavelength, unit: Angstrom, datatype: float32}
# - {name: response, datatype: float32}
# meta: !!omap
# - {band_name: F190N}
# - {group_name: NICMOS1}
wavelength response
[from data line 1533]
19059.76953 0.175042
19059.97070 0.17428
19060.16992 0.173507
19060.36914 0.172733
19060.57031 0.171958
19060.77930 0.171184
19060.98047 0.17041
19061.17969 0.169635
19061.38086 0.168861
19061.58008 0.168087
19061.77930 0.167312
19061.98047 0.166538
19062.17969 0.165464
19062.38086 0.164362
19062.58984 0.16326
19062.78906 0.162158
19062.99023 0.161067
19063.18945 0.159965
19063.39062 0.158862
19063.58984 0.15776
19063.78906 0.156658
19063.99023 0.155556
19064.18945 0.154809
19064.39062 0.154076
19064.59961 0.153344
19064.80078 0.152612
19065.00000 0.151879
19065.19922 0.151147
19065.40039 0.150414
19065.59961 0.149682
19065.80078 0.148949
19066.00000 0.148216
19066.21094 0.147456
19066.41016 0.146697
19066.60938 0.145937
19066.81055 0.145177
19067.00977 0.144417
19067.21094 0.143657
19067.41016 0.142897
19067.60938 0.142137
19067.81055 0.141377
19068.01953 0.140627
19068.22070 0.139991
19068.41992 0.139355
19068.61914 0.138719
19068.82031 0.138083
19069.01953 0.137447
19069.22070 0.136811
19069.41992 0.136175
19069.63086 0.135539
19069.83008 0.134902
19070.02930 0.134241
19070.23047 0.133426
19070.42969 0.132603
19070.63086 0.131779
19070.83008 0.130956
19071.02930 0.130133
19071.23047 0.12931
19071.42969 0.128487
19071.63086 0.127664
19071.83984 0.12684
19072.03906 0.12605
19072.24023 0.125402
19072.43945 0.124754
19072.64062 0.124106
19072.83984 0.123458
19073.03906 0.122803
19073.25000 0.122156
19073.44922 0.121508
19073.65039 0.120859
19073.84961 0.120211
19074.05078 0.119528
19074.25000 0.118742
19074.44922 0.117955
19074.65039 0.117168
19074.85938 0.116381
19075.06055 0.115594
19075.25977 0.114808
19075.46094 0.114021
19075.66016 0.113234
19075.85938 0.112447
19076.06055 0.11166
19076.25977 0.110874
19076.46094 0.110088
19076.66992 0.109302
19076.86914 0.108515
19077.07031 0.107729
19077.26953 0.106943
19077.47070 0.106156
19077.66992 0.10537
19077.86914 0.104584
19078.07031 0.103814
19078.27930 0.103072
19078.48047 0.10233
19078.67969 0.101589
19078.88086 0.100847
19079.08008 0.100105
19079.27930 0.099363
19079.48047 0.098621
19079.67969 0.09788
19079.88086 0.097138
19080.08984 0.096371
19080.28906 0.09557
19080.49023 0.094761
19080.68945 0.093961
19080.89062 0.09316
19081.08984 0.092359
19081.28906 0.091558
19081.50000 0.090757
19081.69922 0.089956
19081.90039 0.089155
19082.09961 0.08839
19082.30078 0.08766
19082.50000 0.08693
19082.69922 0.0862
19082.90039 0.08547
19083.10938 0.08474
19083.31055 0.08401
19083.50977 0.08328
19083.71094 0.08255
19083.91016 0.081813
19084.10938 0.081086
19084.31055 0.08036
19084.51953 0.079635
19084.72070 0.078909
19084.91992 0.078183
19085.11914 0.077457
19085.32031 0.076732
19085.51953 0.076006
19085.72070 0.07528
19085.91992 0.074554
19086.11914 0.073875
19086.33008 0.073224
19086.52930 0.072574
19086.73047 0.071916
19086.92969 0.071266
19087.13086 0.070615
19087.33008 0.069964
19087.53906 0.069313
19087.74023 0.068662
19087.93945 0.068011
19088.14062 0.067381
19088.33984 0.06676
19088.53906 0.06614
19088.74023 0.065519
19088.94922 0.064892
19089.15039 0.064271
19089.34961 0.063651
19089.55078 0.06303
19089.75000 0.062409
19089.94922 0.061788
19090.15039 0.061295
19090.34961 0.060842
19090.55078 0.060389
19090.75977 0.059936
19090.96094 0.059479
19091.16016 0.059026
19091.35938 0.058573
19091.56055 0.05812
19091.75977 0.057667
19091.96094 0.057214
19092.16992 0.056671
19092.36914 0.056108
19092.57031 0.055546
19092.76953 0.054978
19092.97070 0.054416
19093.16992 0.053853
19093.38086 0.053291
19093.58008 0.052729
19093.77930 0.052166
19093.98047 0.051604
19094.17969 0.051186
19094.38086 0.050786
19094.58008 0.050381
19094.78906 0.049981
19094.99023 0.049581
19095.18945 0.04918
19095.39062 0.04878
19095.58984 0.048379
19095.78906 0.047979
19095.99023 0.047578
19096.19922 0.047105
19096.40039 0.046634
19096.59961 0.046163
19096.80078 0.045692
19097.00000 0.04522
19097.19922 0.044749
19097.40039 0.044278
19097.60938 0.043802
19097.81055 0.043331
19098.00977 0.042866
19098.21094 0.042562
19098.41016 0.042257
19098.60938 0.041953
19098.81055 0.041648
19099.01953 0.041341
19099.22070 0.041037
19099.41992 0.040732
19099.61914 0.040428
19099.82031 0.040123
19100.01953 0.039806
19100.22070 0.039377
19100.42969 0.038943
19100.63086 0.038514
19100.83008 0.038085
19101.02930 0.037656
19101.23047 0.037227
19101.42969 0.036797
19101.63086 0.036364
19101.83984 0.035935
19102.03906 0.035524
19102.24023 0.035194
19102.43945 0.034864
19102.64062 0.034534
19102.83984 0.0342
19103.03906 0.03387
19103.25000 0.03354
19103.44922 0.03321
19103.65039 0.03288
19103.84961 0.032549
19104.05078 0.032231
19104.25000 0.031957
19104.46094 0.031683
19104.66016 0.031408
19104.85938 0.031134
19105.06055 0.030857
19105.25977 0.030583
19105.46094 0.030309
19105.66016 0.030035
19105.86914 0.029761
19106.07031 0.029498
19106.26953 0.029256
19106.47070 0.029016
19106.66992 0.028776
19106.86914 0.028536
19107.07031 0.028296
19107.27930 0.028054
19107.48047 0.027814
19107.67969 0.027574
19107.88086 0.027335
19108.08008 0.027106
19108.28906 0.026893
19108.49023 0.026682
19108.68945 0.026471
19108.89062 0.026259
19109.08984 0.026048
19109.28906 0.025835
19109.49023 0.025624
19109.69922 0.025412
19109.90039 0.025201
19110.09961 0.02493
19110.30078 0.024592
19110.50000 0.024258
19110.69922 0.023923
19110.90039 0.023589
19111.10938 0.023254
19111.31055 0.022916
19111.50977 0.022582
19111.71094 0.022247
19111.91016 0.021913
19112.11914 0.02168
19112.32031 0.02153
19112.51953 0.02138
19112.72070 0.02123
19112.91992 0.02108
19113.11914 0.020928
19113.32031 0.020778
19113.52930 0.020628
19113.73047 0.020477
19113.92969 0.020326
19114.13086 0.020135
19114.33008 0.019923
19114.52930 0.019711
19114.73047 0.019499
19114.93945 0.019285
19115.14062 0.019073
19115.33984 0.018861
19115.53906 0.018649
19115.74023 0.018435
19115.94922 0.018223
19116.15039 0.018156
19116.34961 0.018141
19116.55078 0.018127
19116.75000 0.018113
19116.94922 0.018099
19117.15039 0.018085
19117.35938 0.018071
19117.56055 0.018057
19117.75977 0.018042
19117.96094 0.018028
19118.16016 0.01787
19118.36914 0.01768
19118.57031 0.01749
19118.76953 0.0173
19118.97070 0.017107
19119.16992 0.016917
19119.36914 0.016727
19119.57031 0.016537
19119.77930 0.016344
19119.98047 0.016154
19120.17969 0.016027
19120.38086 0.015908
19120.58008 0.015788
19120.78906 0.015668
19120.99023 0.015549
19121.18945 0.01543
19121.39062 0.01531
19121.58984 0.01519
19121.78906 0.015071
19122.00000 0.014951
19122.19922 0.014743
19122.40039 0.014533
19122.59961 0.014324
19122.80078 0.014112
19123.00000 0.013902
19123.21094 0.013692
19123.41016 0.013483
19123.60938 0.013271
19123.81055 0.013061
19124.00977 0.012855
19124.21094 0.012698
19124.41992 0.012543
19124.61914 0.012387
19124.82031 0.012232
19125.01953 0.012075
19125.22070 0.01192
19125.41992 0.011764
19125.63086 0.011608
19125.83008 0.011452
19126.02930 0.011317
19126.23047 0.0113
19126.42969 0.011283
19126.63086 0.011266
19126.83984 0.011249
19127.03906 0.011232
19127.24023 0.011215
19127.43945 0.011198
19127.64062 0.011181
19127.84961 0.011164
19128.05078 0.011098
19128.25000 0.010865
19128.44922 0.010635
19128.65039 0.010405
19128.84961 0.010175
19129.06055 0.009942
19129.25977 0.009712
19129.46094 0.009482
19129.66016 0.009249
19129.85938 0.009019
19130.06055 0.008867
19130.26953 0.008881
19130.47070 0.008894
19130.66992 0.008908
19130.86914 0.008922
19131.07031 0.008936
19131.27930 0.008949
19131.48047 0.008963
19131.67969 0.008977
19131.88086 0.00899
19132.08008 0.00899
19132.28906 0.008969
19132.49023 0.008948
19132.68945 0.008927
19132.89062 0.008906
19133.08984 0.008885
19133.28906 0.008864
19133.50000 0.008843
19133.69922 0.008822
19133.90039 0.008801
19134.09961 0.008752
19134.30078 0.008677
19134.50977 0.0086
19134.71094 0.008524
19134.91016 0.008448
19135.10938 0.008372
19135.31055 0.008296
19135.50977 0.00822
19135.72070 0.008143
19135.91992 0.008067
19136.11914 0.007936
19136.32031 0.007764
19136.51953 0.007593
19136.72070 0.007423
19136.92969 0.007251
19137.13086 0.00708
19137.33008 0.00691
19137.52930 0.006738
19137.73047 0.006567
19137.93945 0.006397
19138.14062 0.006355
19138.33984 0.006374
19138.53906 0.006392
19138.74023 0.006411
19138.94922 0.00643
19139.15039 0.006448
19139.34961 0.006467
19139.55078 0.006485
19139.75000 0.006504
19139.96094 0.006523
19140.16016 0.006534
19140.35938 0.006544
19140.56055 0.006553
19140.75977 0.006562
19140.96094 0.006572
19141.16992 0.006581
19141.36914 0.00659
19141.57031 0.0066
19141.76953 0.006609
19141.97070 0.006618
19142.17969 0.006531
19142.38086 0.006428
19142.58008 0.006326
19142.77930 0.006225
19142.98047 0.006122
19143.18945 0.006021
19143.39062 0.005918
19143.58984 0.005816
19143.78906 0.005715
19143.99023 0.005612
19144.19922 0.005543
19144.40039 0.005475
19144.59961 0.005406
19144.80078 0.005339
19145.00000 0.00527
19145.21094 0.005202
19145.41016 0.005134
19145.60938 0.005065
19145.81055 0.004997
19146.00977 0.004937
19146.21094 0.004995
19146.41992 0.005052
19146.61914 0.00511
19146.82031 0.005167
19147.01953 0.005225
19147.22070 0.005282
19147.42969 0.005339
19147.63086 0.005397
19147.83008 0.005454
19148.02930 0.005481
19148.23047 0.00535
19148.43945 0.005217
19148.64062 0.005086
19148.83984 0.004955
19149.03906 0.004823
19149.24023 0.004692
19149.44922 0.00456
19149.65039 0.004429
19149.84961 0.004297
19150.05078 0.004218
19150.25000 0.004288
19150.46094 0.004359
19150.66016 0.004429
19150.85938 0.004499
19151.06055 0.004569
19151.25977 0.004639
19151.47070 0.004709
19151.66992 0.004779
19151.86914 0.00485
19152.07031 0.004853
19152.27930 0.004735
19152.48047 0.004618
19152.67969 0.0045
19152.88086 0.004384
19153.08008 0.004267
19153.28906 0.004149
19153.49023 0.004033
19153.68945 0.003915
19153.89062 0.003798
19154.08984 0.003711
19154.28906 0.003661
19154.50000 0.00361
19154.69922 0.00356
19154.90039 0.003509
19155.09961 0.003458
19155.30078 0.003408
19155.50977 0.003357
19155.71094 0.003307
19155.91016 0.003256
19156.10938 0.003222
19156.32031 0.003201
19156.51953 0.003181
19156.72070 0.00316
19156.91992 0.003139
19157.11914 0.003118
19157.33008 0.003097
19157.52930 0.003076
19157.73047 0.003055
19157.92969 0.003035
19158.13086 0.003016
19158.33984 0.003
19158.53906 0.002983
19158.74023 0.002966
19158.93945 0.002949
19159.14062 0.002932
19159.34961 0.002915
19159.55078 0.002898
19159.75000 0.002881
19159.94922 0.002864
19160.15039 0.002843
19160.35938 0.00282
19160.56055 0.002798
19160.75977 0.002775
19160.96094 0.002753
19161.16992 0.00273
19161.36914 0.002708
19161.57031 0.002685
19161.76953 0.002663
19161.97070 0.00264
19162.17969 0.002647
19162.38086 0.002658
19162.58008 0.00267
19162.77930 0.002681
19162.98047 0.002692
19163.18945 0.002704
19163.39062 0.002715
19163.58984 0.002726
19163.78906 0.002737
19164.00000 0.002749
19164.19922 0.002759
19164.40039 0.002769
19164.59961 0.002779
19164.80078 0.002789
19165.00977 0.002799
19165.21094 0.002809
19165.41016 0.002819
19165.60938 0.00283
19165.81055 0.00284
19166.01953 0.002841
19166.22070 0.002753
19166.41992 0.002664
19166.61914 0.002575
19166.83008 0.002486
19167.02930 0.002397
19167.23047 0.002308
19167.42969 0.00222
19167.63086 0.002131
19167.83984 0.002042
19168.03906 0.00199
19168.24023 0.002093
19168.43945 0.002197
19168.65039 0.002301
19168.84961 0.002403
19169.05078 0.002507
19169.25000 0.00261
19169.46094 0.002714
19169.66016 0.002817
19169.85938 0.002921
19170.06055 0.002992
19170.25977 0.002992
19170.46094 0.002991
19170.66992 0.00299
19170.86914 0.002989
19171.07031 0.002988
19171.26953 0.002987
19171.48047 0.002987
19171.67969 0.002986
19171.88086 0.002985
19172.08008 0.002923
19172.28906 0.002776
19172.49023 0.002628
19172.68945 0.002481
19172.89062 0.002333
19173.08984 0.002186
19173.30078 0.002037
19173.50000 0.001891
19173.69922 0.001742
19173.90039 0.001594
19174.10938 0.001588
19174.31055 0.00171
19174.50977 0.001832
19174.71094 0.001954
19174.91016 0.002076
19175.11914 0.002198
19175.32031 0.00232
19175.51953 0.002442
19175.72070 0.002565
19175.92969 0.002686
19176.13086 0.002656
19176.33008 0.002539
19176.52930 0.00242
19176.73047 0.002303
19176.93945 0.002184
19177.14062 0.002066
19177.33984 0.001948
19177.53906 0.00183
19177.75000 0.001712
19177.94922 0.001594
19178.15039 0.001488
19178.34961 0.001385
19178.56055 0.001282
19178.75977 0.00118
19178.96094 0.001076
19179.16016 0.000974
19179.36914 0.000871
19179.57031 0.000769
19179.76953 0.000666
19179.97070 0.000563
19180.16992 0.000624
19180.38086 0.000711
19180.58008 0.000798
19180.77930 0.000885
19180.98047 0.000973
19181.18945 0.001059
19181.39062 0.001147
19181.58984 0.001233
19181.78906 0.001321
19182.00000 0.001408
19182.19922 0.001429
19182.40039 0.001449
19182.59961 0.001469
19182.80078 0.001489
19183.00977 0.001509
19183.21094 0.001529
19183.41016 0.001549
19183.60938 0.001569
19183.82031 0.001589
19184.01953 0.001608
19184.22070 0.00161
19184.41992 0.001612
19184.61914 0.001614
19184.83008 0.001616
19185.02930 0.001619
19185.23047 0.001621
19185.43945 0.001623
19185.64062 0.001625
19185.83984 0.001627
19186.03906 0.001621
19186.24023 0.001583
19186.44922 0.001545
19186.65039 0.001506
19186.84961 0.001468
19187.05078 0.00143
19187.25977 0.001392
19187.46094 0.001354
19187.66016 0.001315
19187.85938 0.001277
19188.07031 0.00126
19188.26953 0.001286
19188.47070 0.001311
19188.66992 0.001337
19188.88086 0.001363
19189.08008 0.001388
19189.27930 0.001414
19189.48047 0.00144
19189.68945 0.001466
19189.89062 0.001491
19190.08984 0.001456
19190.28906 0.001346
19190.50000 0.001235
19190.69922 0.001125
19190.90039 0.001014
19191.09961 0.000905
19191.30078 0.000794
19191.50977 0.000683
19191.71094 0.000573
19191.91016 0.000463
19192.11914 0.000401
21111.33203 0.0
