threeML/data/optical_filters/HST/NICMOS1-F160W.ecsv
# %ECSV 0.9
# ---
# datatype:
# - {name: wavelength, unit: Angstrom, datatype: float32}
# - {name: response, datatype: float32}
# meta: !!omap
# - {band_name: F160W}
# - {group_name: NICMOS1}
wavelength response
[from data line 2297]
15210.36035 0.177938
15211.13965 0.177952
15211.91992 0.177967
15212.70020 0.177981
15213.46973 0.177995
15214.25000 0.17801
15215.04004 0.178024
15215.80957 0.178029
15216.58984 0.178034
15217.37012 0.178039
15218.16016 0.178044
15218.94043 0.178049
15219.70996 0.178055
15220.50000 0.178064
15221.28027 0.178076
15222.05957 0.178087
15222.83984 0.178099
15223.62012 0.178111
15224.40039 0.178123
15225.17969 0.178135
15225.95996 0.178146
15226.74023 0.178158
15227.51953 0.178169
15228.29980 0.178181
15229.08008 0.178192
15229.86035 0.178204
15230.63965 0.178218
15231.41992 0.178233
15232.20020 0.178248
15232.98047 0.178263
15233.76953 0.178278
15234.54980 0.178293
15235.33008 0.178305
15236.11035 0.178315
15236.88965 0.178324
15237.66992 0.178334
15238.45020 0.178343
15239.23047 0.178352
15240.00977 0.178362
15240.79004 0.178365
15241.58008 0.178369
15242.36035 0.178372
15243.13965 0.178376
15243.91992 0.178379
15244.70020 0.178383
15245.48047 0.178393
15246.26953 0.178407
15247.04980 0.178422
15247.83008 0.178437
15248.61035 0.178451
15249.38965 0.178466
15250.16992 0.17848
15250.95996 0.17849
15251.74023 0.1785
15252.51953 0.178511
15253.29980 0.178521
15254.08008 0.178531
15254.87012 0.178542
15255.65039 0.178557
15256.42969 0.178573
15257.20996 0.178588
15257.99023 0.178604
15258.78027 0.17862
15259.55957 0.178636
15260.33984 0.178645
15261.12012 0.178645
15261.90039 0.178645
15262.69043 0.178645
15263.46973 0.178645
15264.25000 0.178644
15265.03027 0.178645
15265.82031 0.178659
15266.59961 0.178673
15267.37988 0.178687
15268.16992 0.178701
15268.95020 0.178715
15269.73047 0.178729
15270.50977 0.178734
15271.29980 0.178734
15272.08008 0.178733
15272.86035 0.178733
15273.63965 0.178733
15274.42969 0.178733
15275.20996 0.178736
15275.99023 0.178748
15276.78027 0.17876
15277.55957 0.178772
15278.33984 0.178784
15279.12988 0.178797
15279.91016 0.178809
15280.69043 0.178818
15281.48047 0.178827
15282.25977 0.178836
15283.04004 0.178845
15283.83008 0.178854
15284.61035 0.178863
15285.38965 0.17887
15286.17969 0.178876
15286.95996 0.178882
15287.75000 0.178888
15288.53027 0.178894
15289.30957 0.1789
15290.09961 0.178905
15290.87988 0.178908
15291.66016 0.178911
15292.45020 0.178914
15293.23047 0.178916
15294.01953 0.178919
15294.79980 0.178922
15295.58008 0.178931
15296.37012 0.178942
15297.15039 0.178953
15297.94043 0.178964
15298.71973 0.178975
15299.50000 0.178986
15300.29004 0.178988
15301.07031 0.178976
15301.86035 0.178963
15302.63965 0.17895
15303.42969 0.178938
15304.20996 0.178925
15305.00000 0.178913
15305.78027 0.178911
15306.55957 0.178909
15307.34961 0.178908
15308.12988 0.178906
15308.91992 0.178904
15309.70020 0.178902
15310.49023 0.178897
15311.26953 0.178889
15312.05957 0.178881
15312.83984 0.178874
15313.62988 0.178866
15314.41016 0.178858
15315.20020 0.178851
15315.98047 0.178846
15316.76953 0.178841
15317.54980 0.178836
15318.33984 0.178831
15319.12988 0.178826
15319.91016 0.178821
15320.70020 0.178806
15321.48047 0.178789
15322.26953 0.178773
15323.04980 0.178756
15323.83984 0.178739
15324.62012 0.178722
15325.41016 0.178714
15326.19043 0.178713
15326.98047 0.178712
15327.76953 0.178711
15328.54980 0.178711
15329.33984 0.17871
15330.12012 0.178708
15330.91016 0.178703
15331.69043 0.178697
15332.48047 0.178692
15333.26953 0.178686
15334.04980 0.178681
15334.83984 0.178675
15335.62988 0.178666
15336.41016 0.178656
15337.20020 0.178647
15337.98047 0.178637
15338.76953 0.178627
15339.55957 0.178617
15340.33984 0.178607
15341.12988 0.178597
15341.91992 0.178587
15342.70020 0.178577
15343.49023 0.178567
15344.26953 0.178557
15345.05957 0.178547
15345.84961 0.178534
15346.62988 0.178522
15347.41992 0.178509
15348.20996 0.178496
15349.00000 0.178484
15349.78027 0.178471
15350.57031 0.178461
15351.36035 0.178452
15352.13965 0.178442
15352.92969 0.178433
15353.71973 0.178424
15354.50000 0.178415
15355.29004 0.178405
15356.08008 0.178396
15356.87012 0.178387
15357.65039 0.178377
15358.44043 0.178368
15359.23047 0.178358
15360.00977 0.178349
15360.79980 0.178336
15361.58984 0.178323
15362.37988 0.17831
15363.16016 0.178296
15363.95020 0.178283
15364.74023 0.17827
15365.53027 0.178256
15366.32031 0.178242
15367.09961 0.178227
15367.88965 0.178212
15368.67969 0.178198
15369.46973 0.178183
15370.25000 0.178167
15371.04004 0.178147
15371.83008 0.178126
15372.62012 0.178106
15373.41016 0.178086
15374.19043 0.178066
15374.98047 0.178045
15375.76953 0.178039
15376.55957 0.178033
15377.34961 0.178026
15378.13965 0.17802
15378.91992 0.178014
15379.70996 0.178008
15380.50000 0.177996
15381.29004 0.177982
15382.08008 0.177967
15382.87012 0.177953
15383.65039 0.177938
15384.44043 0.177924
15385.23047 0.177909
15386.01953 0.177895
15386.80957 0.177882
15387.59961 0.177868
15388.38965 0.177854
15389.17969 0.17784
15389.95996 0.177826
15390.75000 0.177807
15391.54004 0.177787
15392.33008 0.177767
15393.12012 0.177747
15393.91016 0.177728
15394.70020 0.177708
15395.49023 0.177694
15396.28027 0.177684
15397.07031 0.177674
15397.86035 0.177664
15398.65039 0.177654
15399.42969 0.177644
15400.21973 0.177636
15401.00977 0.177632
15401.79980 0.177629
15402.58984 0.177626
15403.37988 0.177622
15404.16992 0.177619
15404.95996 0.177616
15405.75000 0.177612
15406.54004 0.177608
15407.33008 0.177605
15408.12012 0.177601
15408.91016 0.177598
15409.70020 0.177594
15410.49023 0.177587
15411.28027 0.177577
15412.07031 0.177567
15412.86035 0.177557
15413.65039 0.177547
15414.44043 0.177537
15415.23047 0.17753
15416.01953 0.177531
15416.80957 0.177532
15417.59961 0.177533
15418.38965 0.177535
15419.17969 0.177536
15419.96973 0.177537
15420.75977 0.17754
15421.54980 0.177543
15422.33984 0.177546
15423.13965 0.177549
15423.92969 0.177552
15424.71973 0.177555
15425.50977 0.177549
15426.29980 0.177538
15427.08984 0.177528
15427.87988 0.177517
15428.66992 0.177506
15429.45996 0.177495
15430.25000 0.177486
15431.04004 0.177481
15431.83008 0.177476
15432.62988 0.17747
15433.41992 0.177464
15434.20996 0.177459
15435.00000 0.177454
15435.79004 0.17746
15436.58008 0.177467
15437.37012 0.177474
15438.16992 0.177481
15438.95996 0.177488
15439.75000 0.177495
15440.54004 0.177495
15441.33008 0.177492
15442.12012 0.177489
15442.91016 0.177486
15443.70996 0.177483
15444.50000 0.17748
15445.29004 0.177478
15446.08008 0.177476
15446.87012 0.177474
15447.66992 0.177472
15448.45996 0.17747
15449.25000 0.177468
15450.04004 0.177466
15450.83008 0.177463
15451.62012 0.177461
15452.41992 0.177458
15453.20996 0.177455
15454.00000 0.177453
15454.79004 0.17745
15455.58984 0.17745
15456.37988 0.177451
15457.16992 0.177452
15457.95996 0.177453
15458.75000 0.177455
15459.54980 0.177456
15460.33984 0.177454
15461.12988 0.177447
15461.92969 0.177441
15462.71973 0.177435
15463.50977 0.177428
15464.29980 0.177422
15465.09961 0.177416
15465.88965 0.177418
15466.67969 0.177419
15467.46973 0.17742
15468.26953 0.177422
15469.05957 0.177423
15469.84961 0.177424
15470.65039 0.177425
15471.44043 0.177427
15472.23047 0.177428
15473.03027 0.177429
15473.82031 0.17743
15474.61035 0.177432
15475.41016 0.177433
15476.20020 0.177433
15476.99023 0.177434
15477.79004 0.177435
15478.58008 0.177436
15479.37012 0.177436
15480.16992 0.177439
15480.95996 0.177447
15481.75000 0.177456
15482.54980 0.177464
15483.33984 0.177473
15484.12988 0.177481
15484.92969 0.17749
15485.71973 0.177491
15486.51953 0.177492
15487.30957 0.177492
15488.09961 0.177493
15488.90039 0.177493
15489.69043 0.177494
15490.49023 0.177499
15491.28027 0.177507
15492.07031 0.177515
15492.87012 0.177523
15493.66016 0.177531
15494.45996 0.177539
15495.25000 0.177546
15496.04980 0.177547
15496.83984 0.177549
15497.62988 0.177551
15498.42969 0.177553
15499.21973 0.177555
15500.01953 0.177556
15500.80957 0.177554
15501.61035 0.177551
15502.40039 0.177548
15503.20020 0.177545
15503.99023 0.177542
15504.79004 0.17754
15505.58008 0.177543
15506.37988 0.177548
15507.16992 0.177554
15507.96973 0.177559
15508.75977 0.177565
15509.55957 0.17757
15510.34961 0.177572
15511.15039 0.17757
15511.94043 0.177567
15512.74023 0.177565
15513.53027 0.177563
15514.33008 0.17756
15515.12012 0.177558
15515.91992 0.177558
15516.70996 0.177558
15517.50977 0.177558
15518.29980 0.177558
15519.09961 0.177558
15519.90039 0.177558
15520.69043 0.177556
15521.49023 0.177553
15522.28027 0.17755
15523.08008 0.177547
15523.87012 0.177543
15524.66992 0.17754
15525.45996 0.177541
15526.25977 0.177545
15527.05957 0.177549
15527.84961 0.177552
15528.65039 0.177556
15529.45020 0.17756
15530.24023 0.177565
15531.04004 0.177575
15531.83008 0.177585
15532.62988 0.177594
15533.42969 0.177604
15534.21973 0.177614
15535.01953 0.177624
15535.82031 0.177619
15536.61035 0.177614
15537.41016 0.17761
15538.20020 0.177605
15539.00000 0.1776
15539.79980 0.177596
15540.58984 0.177599
15541.38965 0.177605
15542.19043 0.177612
15542.98047 0.177618
15543.78027 0.177624
15544.58008 0.17763
15545.37988 0.177638
15546.16992 0.177648
15546.96973 0.177658
15547.76953 0.177668
15548.55957 0.177677
15549.36035 0.177687
15550.16016 0.177697
15550.95020 0.177711
15551.75000 0.177725
15552.54980 0.177738
15553.34961 0.177752
15554.13965 0.177765
15554.94043 0.177779
15555.74023 0.177793
15556.54004 0.177809
15557.33008 0.177824
15558.12988 0.177839
15558.92969 0.177854
15559.73047 0.177869
15560.51953 0.177877
15561.32031 0.177881
15562.12012 0.177886
15562.91992 0.177891
15563.70996 0.177895
15564.50977 0.1779
15565.30957 0.177906
15566.11035 0.177914
15566.91016 0.177922
15567.70020 0.17793
15568.50000 0.177938
15569.29980 0.177946
15570.09961 0.177956
15570.90039 0.177975
15571.70020 0.177994
15572.49023 0.178013
15573.29004 0.178032
15574.08984 0.178051
15574.88965 0.17807
15575.69043 0.178088
15576.49023 0.178106
15577.28027 0.178124
15578.08008 0.178142
15578.87988 0.178159
15579.67969 0.178177
15580.48047 0.178192
15581.28027 0.178205
15582.08008 0.178218
15582.87012 0.178231
15583.66992 0.178244
15584.46973 0.178258
15585.26953 0.178274
15586.07031 0.178297
15586.87012 0.17832
15587.66992 0.178342
15588.46973 0.178365
15589.26953 0.178388
15590.07031 0.17841
15590.86035 0.178421
15591.66016 0.178432
15592.45996 0.178443
15593.25977 0.178454
15594.05957 0.178465
15594.86035 0.178476
15595.66016 0.178499
15596.45996 0.178525
15597.25977 0.17855
15598.05957 0.178576
15598.86035 0.178601
15599.66016 0.178627
15600.45996 0.178651
15601.25977 0.178675
15602.05957 0.178699
15602.86035 0.178722
15603.66016 0.178746
15604.45996 0.17877
15605.25977 0.178797
15606.05957 0.17883
15606.86035 0.178864
15607.66016 0.178898
15608.45996 0.178931
15609.25977 0.178965
15610.05957 0.178999
15610.86035 0.179033
15611.66016 0.179068
15612.45996 0.179102
15613.25977 0.179137
15614.05957 0.179172
15614.86035 0.179206
15615.66016 0.179237
15616.45996 0.179268
15617.25977 0.179298
15618.05957 0.179328
15618.86035 0.179358
15619.66016 0.179389
15620.45996 0.179418
15621.25977 0.179447
15622.07031 0.179477
15622.87012 0.179506
15623.66992 0.179535
15624.46973 0.179564
15625.26953 0.179596
15626.07031 0.179631
15626.87012 0.179666
15627.66992 0.179702
15628.46973 0.179737
15629.28027 0.179772
15630.08008 0.179807
15630.87988 0.179839
15631.67969 0.179871
15632.48047 0.179902
15633.28027 0.179934
15634.08008 0.179966
15634.87988 0.179998
15635.69043 0.180035
15636.49023 0.180074
15637.29004 0.180113
15638.08984 0.180152
15638.88965 0.180191
15639.69043 0.18023
15640.50000 0.180264
15641.29980 0.180295
15642.09961 0.180327
15642.90039 0.180358
15643.70020 0.18039
15644.50000 0.180421
15645.30957 0.180455
15646.11035 0.180493
15646.91016 0.180532
15647.70996 0.18057
15648.51953 0.180608
15649.32031 0.180646
15650.12012 0.180685
15650.91992 0.180727
15651.71973 0.180768
15652.53027 0.18081
15653.33008 0.180851
15654.12988 0.180893
15654.92969 0.180934
15655.74023 0.180968
15656.54004 0.181
15657.33984 0.181033
15658.13965 0.181065
15658.95020 0.181098
15659.75000 0.181131
15660.54980 0.181166
15661.36035 0.181203
15662.16016 0.181239
15662.95996 0.181276
15663.75977 0.181313
15664.57031 0.181349
15665.37012 0.181385
15666.16992 0.181419
15666.98047 0.181453
15667.78027 0.181487
15668.58008 0.181521
15669.38965 0.181556
15670.19043 0.181593
15670.99023 0.181643
15671.79980 0.181693
15672.59961 0.181743
15673.40039 0.181792
15674.20996 0.181842
15675.00977 0.181892
15675.80957 0.181926
15676.62012 0.18196
15677.41992 0.181995
15678.21973 0.18203
15679.03027 0.182064
15679.83008 0.182098
15680.63965 0.182139
15681.44043 0.182182
15682.24023 0.182225
15683.04980 0.182267
15683.84961 0.18231
15684.66016 0.182352
15685.45996 0.182395
15686.25977 0.182437
15687.07031 0.18248
15687.87012 0.182523
15688.67969 0.182565
15689.48047 0.182608
15690.29004 0.182645
15691.08984 0.182673
15691.88965 0.182702
15692.70020 0.18273
15693.50000 0.182759
15694.30957 0.182787
15695.11035 0.182817
15695.91992 0.182859
15696.71973 0.182901
15697.53027 0.182942
15698.33008 0.182984
15699.12988 0.183026
15699.94043 0.183068
15700.74023 0.183104
15701.54980 0.183139
15702.34961 0.183175
15703.16016 0.18321
15703.95996 0.183246
15704.76953 0.183282
15705.57031 0.183315
15706.37988 0.183348
15707.17969 0.183381
15707.99023 0.183414
15708.79004 0.183447
15709.59961 0.18348
15710.41016 0.183515
15711.20996 0.183552
15712.01953 0.183589
15712.82031 0.183626
15713.62988 0.183663
15714.42969 0.1837
15715.24023 0.183736
15716.04004 0.183772
15716.84961 0.183808
15717.66016 0.183844
15718.45996 0.18388
15719.26953 0.183916
15720.07031 0.183951
15720.87988 0.183987
15721.67969 0.184022
15722.49023 0.184058
15723.29980 0.184093
15724.09961 0.184128
15724.91016 0.184164
15725.70996 0.184198
15726.51953 0.184232
15727.33008 0.184266
15728.12988 0.1843
15728.94043 0.184333
15729.75000 0.184367
15730.54980 0.184401
15731.36035 0.184434
15732.16992 0.184468
15732.96973 0.184501
15733.78027 0.184535
15734.58008 0.184568
15735.38965 0.184605
15736.20020 0.184644
15737.00000 0.184683
15737.80957 0.184723
15738.62012 0.184762
15739.42969 0.184802
15740.23047 0.184836
15741.04004 0.18486
15741.84961 0.184884
15742.65039 0.184907
15743.45996 0.184931
15744.26953 0.184955
15745.07031 0.184979
15745.87988 0.185016
15746.69043 0.185053
15747.50000 0.18509
15748.29980 0.185127
15749.11035 0.185164
15749.91992 0.185201
15750.73047 0.185233
15751.53027 0.185265
15752.33984 0.185297
15753.15039 0.185329
15753.95996 0.185361
15754.75977 0.185393
15755.57031 0.185418
15756.37988 0.18544
15757.19043 0.185461
15757.99023 0.185483
15758.79980 0.185505
15759.61035 0.185526
15760.41992 0.185551
15761.23047 0.185577
15762.03027 0.185604
15762.83984 0.185631
15763.65039 0.185657
15764.45996 0.185684
15765.26953 0.185711
15766.07031 0.185741
15766.87988 0.185771
15767.69043 0.185801
15768.50000 0.18583
15769.30957 0.18586
15770.12012 0.18589
15770.91992 0.185918
15771.73047 0.185946
15772.54004 0.185975
15773.34961 0.186003
15774.16016 0.186031
15774.96973 0.18606
15775.78027 0.186088
15776.58008 0.186116
15777.38965 0.186144
15778.20020 0.186172
15779.00977 0.1862
15779.82031 0.186228
15780.62988 0.186247
15781.44043 0.186264
15782.25000 0.186281
15783.05957 0.186299
15783.87012 0.186315
15784.66992 0.186333
15785.48047 0.186354
15786.29004 0.186379
15787.09961 0.186403
15787.91016 0.186427
15788.71973 0.186452
15789.53027 0.186476
15790.33984 0.1865
15791.15039 0.186521
15791.95996 0.186542
15792.76953 0.186563
15793.58008 0.186585
15794.38965 0.186606
15795.20020 0.186625
15796.00977 0.186639
15796.82031 0.186652
15797.62988 0.186665
15798.44043 0.186679
15799.25000 0.186692
15800.05957 0.186704
15800.87012 0.18671
15801.67969 0.186715
15802.49023 0.18672
15803.29980 0.186725
15804.11035 0.186731
15804.91992 0.186736
15805.73047 0.186743
15806.54004 0.18675
15807.34961 0.186758
15808.16016 0.186765
15808.96973 0.186773
15809.78027 0.18678
15810.58984 0.18679
15811.40039 0.186802
15812.20996 0.186814
15813.01953 0.186826
15813.83008 0.186838
15814.63965 0.18685
15815.45020 0.186855
15816.25977 0.186855
15817.07031 0.186855
15817.87988 0.186854
