threeML/data/optical_filters/HST/NICMOS1-F110M.ecsv
# %ECSV 0.9
# ---
# datatype:
# - {name: wavelength, unit: Angstrom, datatype: float32}
# - {name: response, datatype: float32}
# meta: !!omap
# - {band_name: F110M}
# - {group_name: NICMOS1}
wavelength response
[from data line 2353]
10446.62988 0.092239
10447.01953 0.092224
10447.40039 0.092209
10447.79004 0.092194
10448.16992 0.092179
10448.55957 0.092164
10448.94043 0.092149
10449.33008 0.092134
10449.70996 0.092119
10450.08984 0.092104
10450.48047 0.092087
10450.87012 0.092071
10451.25000 0.092055
10451.62988 0.092039
10452.01953 0.092023
10452.41016 0.092007
10452.79004 0.091991
10453.16992 0.091974
10453.55957 0.091958
10453.95020 0.091942
10454.33008 0.091926
10454.70996 0.09191
10455.09961 0.091895
10455.49023 0.091883
10455.87012 0.091872
10456.25000 0.091861
10456.63965 0.091849
10457.03027 0.091838
10457.41016 0.091826
10457.79980 0.091815
10458.17969 0.091804
10458.57031 0.091792
10458.95020 0.091781
10459.33984 0.091769
10459.71973 0.091758
10460.11035 0.091746
10460.49023 0.091732
10460.87988 0.091719
10461.25977 0.091705
10461.65039 0.091691
10462.03027 0.091678
10462.41992 0.091664
10462.79980 0.091651
10463.19043 0.091637
10463.58008 0.091623
10463.95996 0.09161
10464.34961 0.091596
10464.73047 0.091582
10465.12012 0.09157
10465.50000 0.091559
10465.88965 0.091548
10466.26953 0.091538
10466.66016 0.091527
10467.04004 0.091517
10467.42969 0.091506
10467.82031 0.091495
10468.20020 0.091485
10468.58984 0.091474
10468.96973 0.091464
10469.36035 0.091453
10469.74023 0.091442
10470.12988 0.091432
10470.50977 0.091423
10470.90039 0.091414
10471.29004 0.091406
10471.66992 0.091397
10472.05957 0.091388
10472.44043 0.091379
10472.83008 0.09137
10473.20996 0.091361
10473.59961 0.091352
10473.99023 0.091343
10474.37012 0.091334
10474.75977 0.091325
10475.13965 0.091317
10475.53027 0.091311
10475.91992 0.091304
10476.29980 0.091298
10476.69043 0.091292
10477.07031 0.091285
10477.45996 0.091279
10477.83984 0.091272
10478.23047 0.091266
10478.62012 0.09126
10479.00000 0.091253
10479.38965 0.091247
10479.76953 0.09124
10480.16016 0.091234
10480.54980 0.091227
10480.92969 0.091221
10481.32031 0.091215
10481.70020 0.091208
10482.08984 0.091202
10482.48047 0.091195
10482.86035 0.091189
10483.25000 0.091183
10483.62988 0.091176
10484.01953 0.09117
10484.41016 0.091163
10484.79004 0.091157
10485.17969 0.091153
10485.57031 0.091151
10485.95020 0.09115
10486.33984 0.091148
10486.71973 0.091146
10487.11035 0.091145
10487.50000 0.091143
10487.87988 0.091142
10488.26953 0.09114
10488.66016 0.091138
10489.04004 0.091137
10489.42969 0.091135
10489.80957 0.091134
10490.20020 0.091131
10490.58984 0.091127
10490.96973 0.091123
10491.36035 0.09112
10491.75000 0.091116
10492.12988 0.091112
10492.51953 0.091108
10492.91016 0.091105
10493.29004 0.091101
10493.67969 0.091097
10494.07031 0.091093
10494.45020 0.091089
10494.83984 0.091086
10495.23047 0.091085
10495.61035 0.091086
10496.00000 0.091086
10496.37988 0.091087
10496.76953 0.091088
10497.16016 0.091089
10497.54004 0.09109
10497.92969 0.091091
10498.32031 0.091092
10498.70996 0.091093
10499.08984 0.091094
10499.48047 0.091095
10499.87012 0.091096
10500.25000 0.0911
10500.63965 0.091106
10501.03027 0.091112
10501.41016 0.091118
10501.79980 0.091124
10502.19043 0.09113
10502.57031 0.091135
10502.95996 0.091141
10503.34961 0.091147
10503.73047 0.091153
10504.12012 0.091159
10504.50977 0.091165
10504.88965 0.091171
10505.28027 0.091176
10505.66992 0.09118
10506.04980 0.091183
10506.44043 0.091187
10506.83008 0.091191
10507.20996 0.091195
10507.59961 0.091199
10507.99023 0.091203
10508.37988 0.091207
10508.75977 0.091211
10509.15039 0.091214
10509.54004 0.091218
10509.91992 0.091222
10510.30957 0.09123
10510.70020 0.09124
10511.08984 0.091249
10511.46973 0.091258
10511.86035 0.091268
10512.25000 0.091277
10512.62988 0.091286
10513.01953 0.091296
10513.41016 0.091305
10513.79980 0.091314
10514.17969 0.091324
10514.57031 0.091333
10514.95996 0.091342
10515.34961 0.091351
10515.73047 0.09136
10516.12012 0.091369
10516.50977 0.091378
10516.88965 0.091387
10517.28027 0.091396
10517.66992 0.091405
10518.05957 0.091414
10518.44043 0.091423
10518.83008 0.091432
10519.21973 0.091441
10519.61035 0.09145
10519.99023 0.091458
10520.37988 0.091471
10520.76953 0.091483
10521.16016 0.091495
10521.54004 0.091507
10521.92969 0.09152
10522.32031 0.091532
10522.70996 0.091544
10523.08984 0.091556
10523.48047 0.091568
10523.87012 0.091581
10524.25977 0.091593
10524.63965 0.091605
10525.03027 0.091618
10525.41992 0.091633
10525.80957 0.091649
10526.20020 0.091665
10526.58008 0.091681
10526.96973 0.091697
10527.36035 0.091712
10527.75000 0.091728
10528.12988 0.091744
10528.51953 0.09176
10528.91016 0.091775
10529.29980 0.091791
10529.69043 0.091807
10530.07031 0.091822
10530.45996 0.091836
10530.84961 0.09185
10531.24023 0.091863
10531.62988 0.091877
10532.00977 0.09189
10532.40039 0.091904
10532.79004 0.091918
10533.17969 0.091931
10533.55957 0.091945
10533.95020 0.091958
10534.33984 0.091972
10534.73047 0.091986
10535.12012 0.092
10535.50000 0.092016
10535.88965 0.092033
10536.28027 0.092049
10536.66992 0.092065
10537.05957 0.092082
10537.44043 0.092098
10537.83008 0.092114
10538.21973 0.092131
10538.61035 0.092147
10539.00000 0.092163
10539.38965 0.09218
10539.76953 0.092196
10540.16016 0.092214
10540.54980 0.092233
10540.94043 0.092253
10541.33008 0.092272
10541.70996 0.092292
10542.09961 0.092311
10542.49023 0.092331
10542.87988 0.09235
10543.26953 0.09237
10543.66016 0.09239
10544.04004 0.092409
10544.42969 0.092429
10544.82031 0.092448
10545.20996 0.092467
10545.59961 0.092486
10545.99023 0.092505
10546.37988 0.092524
10546.75977 0.092543
10547.15039 0.092562
10547.54004 0.092581
10547.92969 0.0926
10548.32031 0.092619
10548.70996 0.092638
10549.08984 0.092657
10549.48047 0.092676
10549.87012 0.092695
10550.25977 0.092715
10550.65039 0.092737
10551.04004 0.092758
10551.42969 0.09278
10551.80957 0.092801
10552.20020 0.092823
10552.58984 0.092845
10552.98047 0.092866
10553.37012 0.092888
10553.75977 0.092909
10554.15039 0.092931
10554.54004 0.092952
10554.91992 0.092974
10555.30957 0.092997
10555.70020 0.093021
10556.08984 0.093046
10556.48047 0.09307
10556.87012 0.093094
10557.25977 0.093118
10557.65039 0.093142
10558.04004 0.093166
10558.41992 0.09319
10558.80957 0.093214
10559.20020 0.093238
10559.58984 0.093262
10559.98047 0.093286
10560.37012 0.09331
10560.75977 0.093333
10561.15039 0.093357
10561.54004 0.09338
10561.91992 0.093403
10562.30957 0.093427
10562.70020 0.09345
10563.08984 0.093474
10563.48047 0.093497
10563.87012 0.09352
10564.25977 0.093544
10564.65039 0.093567
10565.04004 0.093591
10565.42969 0.093613
10565.82031 0.093635
10566.20020 0.093657
10566.58984 0.09368
10566.98047 0.093702
10567.37012 0.093724
10567.75977 0.093746
10568.15039 0.093769
10568.54004 0.093791
10568.92969 0.093813
10569.32031 0.093835
10569.70996 0.093858
10570.09961 0.093881
10570.49023 0.093908
10570.87988 0.093935
10571.25977 0.093962
10571.65039 0.093989
10572.04004 0.094016
10572.42969 0.094043
10572.82031 0.09407
10573.20996 0.094097
10573.59961 0.094123
10573.99023 0.09415
10574.37988 0.094177
10574.76953 0.094204
10575.16016 0.094231
10575.54980 0.094256
10575.94043 0.094282
10576.33008 0.094307
10576.71973 0.094333
10577.11035 0.094359
10577.50000 0.094384
10577.88965 0.09441
10578.28027 0.094435
10578.66992 0.094461
10579.04980 0.094487
10579.44043 0.094512
10579.83008 0.094538
10580.21973 0.094563
10580.61035 0.094588
10581.00000 0.094614
10581.38965 0.094639
10581.78027 0.094664
10582.16992 0.094689
10582.55957 0.094715
10582.95020 0.09474
10583.33984 0.094765
10583.73047 0.09479
10584.12012 0.094816
10584.50977 0.094841
10584.90039 0.094866
10585.29004 0.094893
10585.67969 0.09492
10586.07031 0.094947
10586.45996 0.094974
10586.84961 0.095001
10587.24023 0.095028
10587.62988 0.095055
10588.01953 0.095083
10588.41016 0.09511
10588.79980 0.095137
10589.19043 0.095164
10589.58008 0.095191
10589.96973 0.095218
10590.36035 0.095246
10590.75000 0.095274
10591.13965 0.095302
10591.53027 0.09533
10591.91992 0.095358
10592.30957 0.095386
10592.70020 0.095414
10593.08984 0.095442
10593.48047 0.09547
10593.87012 0.095498
10594.25977 0.095526
10594.65039 0.095554
10595.04004 0.095582
10595.42969 0.095609
10595.82031 0.095636
10596.20996 0.095663
10596.59961 0.09569
10596.99023 0.095717
10597.37988 0.095745
10597.76953 0.095772
10598.16016 0.095799
10598.54980 0.095826
10598.95020 0.095853
10599.33984 0.09588
10599.73047 0.095907
10600.12012 0.095933
10600.50977 0.095957
10600.90039 0.09598
10601.29004 0.096004
10601.67969 0.096028
10602.07031 0.096051
10602.45996 0.096075
10602.84961 0.096098
10603.24023 0.096122
10603.62988 0.096146
10604.01953 0.096169
10604.41016 0.096193
10604.79980 0.096216
10605.19043 0.096239
10605.58008 0.096261
10605.96973 0.096282
10606.37012 0.096304
10606.75977 0.096325
10607.15039 0.096347
10607.54004 0.096368
10607.92969 0.09639
10608.32031 0.096411
10608.70996 0.096433
10609.09961 0.096454
10609.49023 0.096476
10609.87988 0.096497
10610.26953 0.096521
10610.66016 0.096545
10611.04980 0.09657
10611.44043 0.096594
10611.83984 0.096618
10612.23047 0.096643
10612.62012 0.096667
10613.00977 0.096691
10613.40039 0.096716
10613.79004 0.09674
10614.17969 0.096764
10614.57031 0.096789
10614.95996 0.096813
10615.34961 0.096835
10615.75000 0.096857
10616.13965 0.096879
10616.53027 0.096901
10616.91992 0.096923
10617.30957 0.096945
10617.70020 0.096967
10618.08984 0.096989
10618.48047 0.097011
10618.87012 0.097033
10619.25977 0.097055
10619.66016 0.097077
10620.04980 0.0971
10620.44043 0.097123
10620.83008 0.097147
10621.21973 0.097171
10621.61035 0.097194
10622.00000 0.097218
10622.38965 0.097242
10622.79004 0.097265
10623.17969 0.097289
10623.57031 0.097313
10623.95996 0.097336
10624.34961 0.09736
10624.74023 0.097384
10625.12988 0.097406
10625.51953 0.097427
10625.91992 0.097448
10626.30957 0.097469
10626.70020 0.09749
10627.08984 0.097511
10627.48047 0.097532
10627.87012 0.097553
10628.25977 0.097573
10628.66016 0.097594
10629.04980 0.097615
10629.44043 0.097636
10629.83008 0.097657
10630.21973 0.097676
10630.61035 0.097693
10631.00000 0.097711
10631.40039 0.097728
10631.79004 0.097745
10632.17969 0.097763
10632.57031 0.09778
10632.95996 0.097797
10633.34961 0.097815
10633.75000 0.097832
10634.13965 0.097849
10634.53027 0.097867
10634.91992 0.097884
10635.30957 0.097904
10635.70020 0.097924
10636.09961 0.097944
10636.49023 0.097964
10636.87988 0.097984
10637.26953 0.098005
10637.66016 0.098025
10638.04980 0.098045
10638.45020 0.098065
10638.83984 0.098086
10639.23047 0.098106
10639.62012 0.098126
10640.00977 0.098146
10640.41016 0.098162
10640.79980 0.098177
10641.19043 0.098193
10641.58008 0.098208
10641.96973 0.098224
10642.37012 0.09824
10642.75977 0.098255
10643.15039 0.098271
10643.54004 0.098286
10643.92969 0.098302
10644.33008 0.098318
10644.71973 0.098333
10645.11035 0.098348
10645.50000 0.098362
10645.88965 0.098375
10646.29004 0.098389
10646.67969 0.098402
10647.07031 0.098416
10647.45996 0.098429
10647.86035 0.098443
10648.25000 0.098456
10648.63965 0.09847
10649.03027 0.098483
10649.41992 0.098497
10649.82031 0.09851
10650.20996 0.098525
10650.59961 0.09854
10650.99023 0.098555
10651.37988 0.09857
10651.78027 0.098586
10652.16992 0.098601
10652.55957 0.098616
10652.95020 0.098631
10653.34961 0.098646
10653.74023 0.098662
10654.12988 0.098677
10654.51953 0.098692
10654.91992 0.098707
10655.30957 0.098721
10655.70020 0.098735
10656.08984 0.098749
10656.49023 0.098762
10656.87988 0.098776
10657.26953 0.09879
10657.66016 0.098804
10658.05957 0.098817
10658.45020 0.098831
10658.83984 0.098845
10659.23047 0.098859
10659.62988 0.098872
10660.01953 0.098886
10660.41016 0.098896
10660.79980 0.098907
10661.20020 0.098918
10661.58984 0.098928
10661.98047 0.098939
10662.37988 0.098949
10662.76953 0.09896
10663.16016 0.098971
10663.54980 0.098981
10663.95020 0.098992
10664.33984 0.099003
10664.73047 0.099013
10665.12988 0.099023
10665.51953 0.099031
10665.91016 0.099038
10666.29980 0.099046
10666.70020 0.099054
10667.08984 0.099062
10667.48047 0.09907
10667.87012 0.099077
10668.26953 0.099085
10668.66016 0.099093
10669.04980 0.099101
10669.45020 0.099109
10669.83984 0.099116
10670.23047 0.099124
10670.62988 0.099132
10671.01953 0.099139
10671.41016 0.099147
10671.79980 0.099154
10672.20020 0.099162
10672.58984 0.09917
10672.98047 0.099177
10673.37988 0.099185
10673.76953 0.099192
10674.16016 0.0992
10674.55957 0.099207
10674.95020 0.099215
10675.33984 0.099221
10675.74023 0.099227
10676.12988 0.099232
10676.51953 0.099238
10676.91992 0.099244
10677.30957 0.09925
10677.70020 0.099256
10678.09961 0.099261
10678.49023 0.099267
10678.87988 0.099273
10679.28027 0.099279
10679.66992 0.099284
10680.05957 0.09929
10680.45996 0.099293
10680.84961 0.099296
10681.24023 0.099299
10681.63965 0.099302
10682.03027 0.099305
10682.41992 0.099308
10682.82031 0.099311
10683.20996 0.099314
10683.59961 0.099317
10684.00000 0.09932
10684.38965 0.099323
10684.78027 0.099326
10685.17969 0.099328
10685.57031 0.09933
10685.95996 0.099332
10686.36035 0.099333
10686.75000 0.099335
10687.15039 0.099337
10687.54004 0.099338
10687.92969 0.09934
10688.33008 0.099342
10688.71973 0.099344
10689.11035 0.099345
10689.50977 0.099347
10689.90039 0.099349
10690.29004 0.099349
10690.69043 0.099348
10691.08008 0.099348
10691.48047 0.099347
10691.87012 0.099347
10692.25977 0.099346
10692.66016 0.099346
10693.04980 0.099346
10693.45020 0.099345
10693.83984 0.099345
10694.23047 0.099344
10694.62988 0.099344
10695.01953 0.099343
10695.41992 0.099342
10695.80957 0.09934
10696.20020 0.099339
10696.59961 0.099337
10696.99023 0.099336
10697.37988 0.099334
10697.78027 0.099333
10698.16992 0.099332
10698.57031 0.09933
10698.95996 0.099329
10699.34961 0.099327
10699.75000 0.099326
10700.13965 0.099324
10700.54004 0.099323
10700.92969 0.099322
10701.33008 0.09932
10701.71973 0.099319
10702.11035 0.099318
10702.50977 0.099316
10702.90039 0.099315
10703.29980 0.099314
10703.69043 0.099312
10704.08008 0.099311
10704.48047 0.09931
10704.87012 0.099309
10705.26953 0.099306
10705.66016 0.099303
10706.05957 0.0993
10706.45020 0.099297
10706.83984 0.099294
10707.24023 0.09929
10707.62988 0.099287
10708.03027 0.099284
10708.41992 0.099281
10708.82031 0.099278
10709.20996 0.099275
10709.61035 0.099272
10710.00000 0.099269
10710.38965 0.099266
10710.79004 0.099264
10711.17969 0.099261
10711.58008 0.099258
10711.96973 0.099256
10712.37012 0.099253
10712.75977 0.099251
10713.16016 0.099248
10713.54980 0.099246
10713.95020 0.099243
10714.33984 0.099241
10714.73047 0.099238
10715.12988 0.099235
10715.51953 0.099231
10715.91992 0.099227
10716.30957 0.099223
10716.70996 0.099219
10717.09961 0.099215
10717.50000 0.09921
10717.88965 0.099206
10718.29004 0.099202
10718.67969 0.099198
10719.08008 0.099194
10719.46973 0.09919
10719.87012 0.099186
10720.25977 0.099179
10720.66016 0.099171
10721.04980 0.099164
10721.45020 0.099156
10721.83984 0.099148
10722.24023 0.09914
10722.62988 0.099132
10723.03027 0.099125
10723.41992 0.099117
10723.82031 0.099109
10724.20996 0.099101
10724.61035 0.099093
10725.00000 0.099086
10725.40039 0.099081
10725.79004 0.099077
10726.19043 0.099073
10726.58008 0.099069
10726.98047 0.099065
10727.37012 0.099061
10727.76953 0.099057
10728.16016 0.099053
10728.55957 0.099049
10728.95020 0.099045
10729.34961 0.099041
10729.74023 0.099037
10730.13965 0.099031
10730.53027 0.099022
10730.92969 0.099012
10731.32031 0.099003
10731.71973 0.098993
10732.11035 0.098983
10732.50977 0.098974
10732.90039 0.098964
10733.29980 0.098955
10733.69043 0.098945
10734.08984 0.098936
10734.49023 0.098926
10734.87988 0.098916
10735.28027 0.09891
10735.66992 0.098905
10736.07031 0.0989
10736.45996 0.098895
10736.86035 0.09889
10737.25000 0.098885
10737.65039 0.09888
10738.04004 0.098875
10738.44043 0.09887
10738.83008 0.098865
10739.23047 0.09886
10739.62988 0.098855
10740.01953 0.098849
10740.41992 0.098838
10740.80957 0.098827
10741.20996 0.098816
10741.59961 0.098805
10742.00000 0.098794
10742.40039 0.098783
10742.79004 0.098772
10743.19043 0.09876
10743.58008 0.098749
10743.98047 0.098738
10744.37012 0.098727
10744.76953 0.098716
10745.16992 0.098706
