threeML/data/optical_filters/HST/NICMOS3-G206.ecsv
# %ECSV 0.9
# ---
# datatype:
# - {name: wavelength, unit: Angstrom, datatype: float32}
# - {name: response, datatype: float32}
# meta: !!omap
# - {band_name: G206}
# - {group_name: NICMOS3}
wavelength response
[from data line 3064]
16562.51953 0.084076
16563.52930 0.084077
16564.55078 0.084078
16565.56055 0.084079
16566.57031 0.08408
16567.58984 0.084081
16568.59961 0.084082
16569.61914 0.084083
16570.63086 0.084084
16571.64062 0.084085
16572.66016 0.084086
16573.66992 0.084087
16574.68945 0.084088
16575.69922 0.084089
16576.71094 0.084091
16577.73047 0.084091
16578.74023 0.084092
16579.75977 0.084093
16580.76953 0.084085
16581.78906 0.084073
16582.80078 0.084061
16583.82031 0.08405
16584.83008 0.084038
16585.84961 0.084026
16586.85938 0.084014
16587.88086 0.084003
16588.89062 0.083991
16589.91016 0.083979
16590.91992 0.083967
16591.93945 0.083955
16592.94922 0.083944
16593.97070 0.083932
16594.98047 0.08392
16596.00000 0.083908
16597.00977 0.083896
16598.02930 0.083884
16599.03906 0.083872
16600.06055 0.083861
16601.08008 0.083851
16602.08984 0.083842
16603.10938 0.083832
16604.11914 0.083823
16605.14062 0.083813
16606.16016 0.083804
16607.16992 0.083794
16608.18945 0.083785
16609.19922 0.083775
16610.22070 0.083766
16611.24023 0.083756
16612.25000 0.083747
16613.26953 0.083737
16614.28906 0.083727
16615.30078 0.083718
16616.32031 0.083708
16617.33984 0.083699
16618.34961 0.083689
16619.36914 0.083679
16620.39062 0.083675
16621.40039 0.083678
16622.41992 0.083681
16623.43945 0.083684
16624.46094 0.083687
16625.47070 0.083691
16626.49023 0.083694
16627.50977 0.083697
16628.52930 0.0837
16629.53906 0.083703
16630.56055 0.083706
16631.58008 0.083709
16632.59961 0.083712
16633.60938 0.083716
16634.63086 0.083719
16635.65039 0.083722
16636.66992 0.083725
16637.68945 0.083728
16638.69922 0.083731
16639.72070 0.083734
16640.74023 0.083747
16641.75977 0.083763
16642.77930 0.083779
16643.78906 0.083795
16644.81055 0.083811
16645.83008 0.083826
16646.84961 0.083843
16647.86914 0.083858
16648.89062 0.083874
16649.91016 0.08389
16650.91992 0.083906
16651.93945 0.083922
16652.96094 0.083938
16653.98047 0.083954
16655.00000 0.08397
16656.01953 0.083986
16657.03906 0.084002
16658.06055 0.084018
16659.08008 0.084034
16660.09961 0.084054
16661.11914 0.084109
16662.13086 0.084164
16663.15039 0.084219
16664.16992 0.084273
16665.19922 0.084328
16666.21094 0.084383
16667.23047 0.084438
16668.25000 0.084493
16669.26953 0.084548
16670.28906 0.084603
16671.31055 0.084658
16672.33008 0.084713
16673.34961 0.084768
16674.38086 0.084823
16675.39062 0.084879
16676.41992 0.084934
16677.43945 0.084989
16678.46094 0.085044
16679.48047 0.085099
16680.50000 0.085161
16681.51953 0.085229
16682.53906 0.085297
16683.56055 0.085365
16684.58008 0.085434
16685.59961 0.085502
16686.61914 0.08557
16687.64062 0.085639
16688.66016 0.085707
16689.68945 0.085775
16690.71094 0.085844
16691.73047 0.085912
16692.75000 0.085981
16693.76953 0.086049
16694.78906 0.086118
16695.81055 0.086187
16696.83984 0.086255
16697.85938 0.086324
16698.88086 0.086392
16699.90039 0.086461
16700.91992 0.086565
16701.94922 0.086672
16702.97070 0.08678
16703.99023 0.086887
16705.00977 0.086995
16706.02930 0.087102
16707.05078 0.08721
16708.08008 0.087318
16709.09961 0.087425
16710.11914 0.087533
16711.14062 0.087641
16712.16992 0.087749
16713.18945 0.087857
16714.21094 0.087965
16715.24023 0.088073
16716.25977 0.088181
16717.27930 0.088289
16718.30078 0.088397
16719.33008 0.088505
16720.34961 0.088618
16721.36914 0.088739
16722.40039 0.088861
16723.41992 0.088982
16724.43945 0.089104
16725.47070 0.089225
16726.49023 0.089347
16727.50977 0.089468
16728.53906 0.08959
16729.56055 0.089712
16730.58008 0.089834
16731.60938 0.089955
16732.63086 0.090077
16733.66016 0.090199
16734.67969 0.090321
16735.69922 0.090443
16736.73047 0.090565
16737.75000 0.090687
16738.77930 0.09081
16739.80078 0.090932
16740.82031 0.091075
16741.84961 0.091224
16742.86914 0.091373
16743.90039 0.091522
16744.91992 0.091671
16745.94922 0.091819
16746.97070 0.091969
16748.00000 0.092117
16749.01953 0.092267
16750.05078 0.092416
16751.07031 0.092566
16752.09961 0.092715
16753.11914 0.092865
16754.15039 0.093015
16755.16992 0.093164
16756.19922 0.093314
16757.22070 0.093464
16758.25000 0.093614
16759.26953 0.093765
16760.30078 0.093915
16761.32031 0.094065
16762.34961 0.094215
16763.38086 0.094365
16764.40039 0.094516
16765.42969 0.094666
16766.44922 0.094817
16767.48047 0.094967
16768.50977 0.095118
16769.52930 0.095269
16770.56055 0.095419
16771.58008 0.09557
16772.60938 0.095721
16773.64062 0.095872
16774.66016 0.096023
16775.68945 0.096174
16776.71094 0.096325
16777.74023 0.096476
16778.76953 0.096628
16779.78906 0.096779
16780.82031 0.096919
16781.84961 0.097058
16782.88086 0.097196
16783.90039 0.097334
16784.92969 0.097472
16785.96094 0.09761
16786.98047 0.097749
16788.00977 0.097887
16789.03906 0.098026
16790.07031 0.098164
16791.08984 0.098303
16792.11914 0.098441
16793.15039 0.09858
16794.17969 0.098718
16795.19922 0.098857
16796.23047 0.098996
16797.25977 0.099135
16798.28906 0.099274
16799.31055 0.099413
16800.33984 0.099552
16801.36914 0.099693
16802.40039 0.099833
16803.42969 0.099974
16804.46094 0.100114
16805.48047 0.100255
16806.50977 0.100396
16807.53906 0.100537
16808.57031 0.100678
16809.59961 0.100819
16810.61914 0.100959
16811.65039 0.101101
16812.67969 0.101242
16813.71094 0.101383
16814.74023 0.101524
16815.76953 0.101665
16816.80078 0.101807
16817.83008 0.101948
16818.85938 0.10209
16819.89062 0.102231
16820.91992 0.102349
16821.94922 0.102463
16822.97070 0.102578
16824.00000 0.102693
16825.02930 0.102808
16826.06055 0.102923
16827.08984 0.103038
16828.11914 0.103152
16829.15039 0.103267
16830.17969 0.103383
16831.21094 0.103498
16832.24023 0.103613
16833.26953 0.103728
16834.30078 0.103843
16835.33008 0.103958
16836.35938 0.104074
16837.39062 0.104189
16838.41992 0.104305
16839.44922 0.10442
16840.48047 0.104529
16841.50977 0.104631
16842.53906 0.104733
16843.57031 0.104835
16844.60938 0.104938
16845.63086 0.10504
16846.66992 0.105142
16847.69922 0.105244
16848.73047 0.105347
16849.75977 0.105449
16850.78906 0.105551
16851.82031 0.105654
16852.84961 0.105756
16853.88086 0.105859
16854.91016 0.105961
16855.94922 0.106064
16856.98047 0.106167
16858.00977 0.106269
16859.03906 0.106372
16860.07031 0.106473
16861.09961 0.106548
16862.13086 0.106624
16863.16992 0.1067
16864.19922 0.106775
16865.23047 0.106851
16866.25977 0.106927
16867.28906 0.107003
16868.33008 0.107078
16869.35938 0.107154
16870.39062 0.10723
16871.41992 0.107306
16872.46094 0.107382
16873.49023 0.107458
16874.51953 0.107534
16875.55078 0.10761
16876.58984 0.107686
16877.61914 0.107762
16878.65039 0.107838
16879.68945 0.107914
16880.72070 0.10798
16881.75000 0.108043
16882.77930 0.108105
16883.82031 0.108168
16884.84961 0.10823
16885.88086 0.108293
16886.91992 0.108356
16887.94922 0.108418
16888.98047 0.108481
16890.01953 0.108543
16891.05078 0.108606
16892.08008 0.108669
16893.11914 0.108731
16894.15039 0.108794
16895.18945 0.108857
16896.22070 0.10892
16897.25000 0.108982
16898.28906 0.109045
16899.32031 0.109108
16900.35938 0.109161
16901.39062 0.109194
16902.41992 0.109226
16903.46094 0.109259
16904.49023 0.109292
16905.52930 0.109325
16906.56055 0.109358
16907.59961 0.109391
16908.63086 0.109423
16909.66016 0.109456
16910.69922 0.109489
16911.73047 0.109522
16912.76953 0.109555
16913.80078 0.109588
16914.83984 0.10962
16915.86914 0.109653
16916.91016 0.109686
16917.93945 0.109719
16918.98047 0.109752
16920.00977 0.109785
16921.05078 0.109818
16922.08008 0.109851
16923.11914 0.109884
16924.16016 0.109917
16925.18945 0.10995
16926.23047 0.109983
16927.25977 0.110016
16928.30078 0.110048
16929.33008 0.110081
16930.36914 0.110115
16931.41016 0.110147
16932.43945 0.110181
16933.48047 0.110214
16934.51953 0.110246
16935.55078 0.11028
16936.58984 0.110313
16937.61914 0.110346
16938.66016 0.110379
16939.69922 0.110412
16940.73047 0.110435
16941.76953 0.110454
16942.81055 0.110473
16943.83984 0.110492
16944.88086 0.110512
16945.91992 0.110531
16946.94922 0.11055
16947.99023 0.110569
16949.02930 0.110589
16950.06055 0.110608
16951.09961 0.110627
16952.14062 0.110646
16953.17969 0.110665
16954.21094 0.110685
16955.25000 0.110704
16956.28906 0.110723
16957.33008 0.110742
16958.35938 0.110761
16959.40039 0.110781
16960.43945 0.1108
16961.48047 0.110819
16962.51953 0.110838
16963.55078 0.110858
16964.58984 0.110877
16965.63086 0.110896
16966.66992 0.110915
16967.71094 0.110935
16968.74023 0.110954
16969.77930 0.110973
16970.82031 0.110992
16971.85938 0.111011
16972.90039 0.111031
16973.93945 0.11105
16974.97070 0.111069
16976.00977 0.111089
16977.05078 0.111108
16978.08984 0.111127
16979.13086 0.111146
16980.16992 0.111166
16981.21094 0.111185
16982.25000 0.111204
16983.28906 0.111223
16984.33008 0.111242
16985.36914 0.111262
16986.40039 0.111281
16987.43945 0.1113
16988.48047 0.11132
16989.51953 0.111339
16990.56055 0.111358
16991.59961 0.111377
16992.64062 0.111396
16993.67969 0.111416
16994.72070 0.111435
16995.75977 0.111454
16996.80078 0.111474
16997.83984 0.111493
16998.88086 0.111512
16999.91992 0.111532
17000.96094 0.111559
17002.00000 0.111586
17003.03906 0.111614
17004.08008 0.111642
17005.11914 0.11167
17006.16016 0.111698
17007.21094 0.111726
17008.24023 0.111753
17009.28906 0.111781
17010.33008 0.111809
17011.36914 0.111837
17012.41016 0.111865
17013.44922 0.111892
17014.49023 0.11192
17015.52930 0.111948
17016.57031 0.111976
17017.60938 0.112004
17018.66016 0.112032
17019.69922 0.11206
17020.74023 0.112077
17021.77930 0.112091
17022.82031 0.112105
17023.85938 0.112119
17024.90039 0.112132
17025.94922 0.112146
17026.99023 0.11216
17028.02930 0.112174
17029.07031 0.112188
17030.10938 0.112201
17031.16016 0.112215
17032.19922 0.112229
17033.24023 0.112243
17034.27930 0.112256
17035.32031 0.11227
17036.36914 0.112284
17037.41016 0.112298
17038.44922 0.112312
17039.49023 0.112325
17040.53906 0.112339
17041.58008 0.112353
17042.61914 0.112367
17043.66992 0.11238
17044.71094 0.112394
17045.75000 0.112408
17046.78906 0.112422
17047.83984 0.112436
17048.88086 0.112449
17049.91992 0.112463
17050.97070 0.112477
17052.00977 0.112491
17053.05078 0.112505
17054.09961 0.112518
17055.14062 0.112532
17056.18945 0.112546
17057.23047 0.11256
17058.26953 0.112574
17059.32031 0.112587
17060.35938 0.112601
17061.40039 0.112615
17062.44922 0.112629
17063.49023 0.112643
17064.53906 0.112656
17065.58008 0.11267
17066.61914 0.112684
17067.66992 0.112698
17068.71094 0.112712
17069.75977 0.112725
17070.80078 0.112739
17071.84961 0.112753
17072.89062 0.112767
17073.93945 0.112781
17074.98047 0.112794
17076.02930 0.112808
17077.07031 0.112822
17078.11914 0.112836
17079.16016 0.11285
17080.21094 0.112861
17081.25000 0.11286
17082.30078 0.11286
17083.33984 0.11286
17084.39062 0.11286
17085.42969 0.112859
17086.48047 0.112859
17087.51953 0.112859
17088.57031 0.112858
17089.61914 0.112858
17090.66016 0.112858
17091.71094 0.112857
17092.75000 0.112857
17093.80078 0.112857
17094.83984 0.112856
17095.89062 0.112856
17096.93945 0.112856
17097.98047 0.112855
17099.02930 0.112855
17100.07031 0.112855
17101.11914 0.112863
17102.16992 0.11287
17103.21094 0.112878
17104.25977 0.112885
17105.31055 0.112892
17106.34961 0.112899
17107.40039 0.112907
17108.44922 0.112914
17109.49023 0.112921
17110.53906 0.112929
17111.58984 0.112936
17112.63086 0.112943
17113.67969 0.112951
17114.73047 0.112958
17115.77930 0.112965
17116.82031 0.112973
17117.86914 0.11298
17118.91992 0.112988
17119.97070 0.112995
17121.00977 0.112975
17122.06055 0.112954
17123.10938 0.112933
17124.16016 0.112912
17125.21094 0.112891
17126.25000 0.11287
17127.30078 0.112849
17128.34961 0.112828
17129.40039 0.112807
17130.44922 0.112786
17131.49023 0.112765
17132.53906 0.112744
17133.58984 0.112723
17134.64062 0.112702
17135.68945 0.112681
17136.74023 0.112659
17137.78906 0.112639
17138.83008 0.112617
17139.88086 0.112596
17140.92969 0.112588
17141.98047 0.112581
17143.02930 0.112574
17144.08008 0.112567
17145.13086 0.11256
17146.17969 0.112554
17147.22070 0.112547
17148.26953 0.11254
17149.32031 0.112533
17150.36914 0.112526
17151.41992 0.112519
17152.47070 0.112512
17153.51953 0.112505
17154.57031 0.112498
17155.61914 0.112491
17156.66992 0.112485
17157.72070 0.112478
17158.76953 0.112471
17159.82031 0.112464
17160.86914 0.112469
17161.91992 0.112476
17162.97070 0.112483
17164.01953 0.112491
17165.07031 0.112498
17166.11914 0.112505
17167.16992 0.112513
17168.22070 0.11252
17169.26953 0.112527
17170.32031 0.112535
17171.36914 0.112542
17172.41992 0.112549
17173.47070 0.112557
17174.52930 0.112564
17175.58008 0.112571
17176.63086 0.112578
17177.67969 0.112586
17178.73047 0.112593
17179.77930 0.112601
17180.83008 0.112597
17181.88086 0.11259
17182.93945 0.112583
17183.99023 0.112576
17185.03906 0.112569
17186.08984 0.112562
17187.14062 0.112555
17188.18945 0.112548
17189.24023 0.112541
17190.30078 0.112534
17191.34961 0.112527
17192.40039 0.11252
17193.44922 0.112513
17194.50000 0.112506
17195.56055 0.112499
17196.60938 0.112492
17197.66016 0.112485
17198.71094 0.112478
17199.76953 0.112471
17200.82031 0.112488
17201.86914 0.112512
17202.91992 0.112535
17203.98047 0.112559
17205.02930 0.112583
17206.08008 0.112606
17207.13086 0.11263
17208.18945 0.112653
17209.24023 0.112677
17210.28906 0.1127
17211.34961 0.112724
17212.40039 0.112748
17213.44922 0.112771
17214.50977 0.112795
17215.56055 0.112819
17216.60938 0.112842
17217.66992 0.112866
17218.72070 0.11289
17219.76953 0.112913
17220.83008 0.112937
17221.88086 0.112961
17222.93945 0.112984
17223.99023 0.113008
17225.03906 0.113032
17226.09961 0.113055
17227.15039 0.113079
17228.21094 0.113103
17229.25977 0.113126
17230.31055 0.11315
17231.36914 0.113174
17232.41992 0.113197
17233.48047 0.113221
17234.52930 0.113245
17235.58984 0.113268
17236.64062 0.113292
17237.69922 0.113316
17238.75000 0.11334
17239.80078 0.113363
17240.85938 0.113387
17241.91016 0.113411
17242.97070 0.113435
17244.02930 0.113458
17245.08008 0.113482
17246.13086 0.113506
17247.18945 0.11353
17248.25000 0.113553
17249.30078 0.113577
17250.35938 0.113601
17251.41016 0.113624
17252.47070 0.113647
17253.51953 0.113671
17254.58008 0.113694
17255.63086 0.113717
17256.68945 0.113741
17257.75000 0.113764
17258.80078 0.113787
17259.85938 0.113811
17260.91992 0.113834
17261.97070 0.113857
17263.02930 0.113881
17264.08008 0.113904
17265.14062 0.113927
17266.19922 0.113951
17267.25000 0.113974
17268.31055 0.113997
17269.36914 0.114021
17270.41992 0.114044
17271.48047 0.114068
17272.53906 0.114091
17273.58984 0.114114
17274.65039 0.114138
17275.71094 0.114161
17276.76953 0.114184
17277.82031 0.114208
17278.88086 0.114231
17279.93945 0.114255
17280.99023 0.114278
17282.05078 0.114301
17283.10938 0.114325
17284.16992 0.114348
17285.22070 0.114372
17286.27930 0.114395
17287.33984 0.114419
17288.40039 0.114442
17289.46094 0.114465
17290.50977 0.114489
17291.57031 0.114512
17292.63086 0.114536
17293.68945 0.114559
17294.75000 0.114583
17295.80078 0.114606
17296.85938 0.11463
17297.91992 0.114653
17298.98047 0.114677
17300.03906 0.1147
17301.09961 0.114733
17302.15039 0.114766
17303.21094 0.114798
17304.26953 0.114831
17305.33008 0.114864
17306.39062 0.114896
17307.44922 0.114929
17308.50977 0.114962
17309.57031 0.114994
17310.63086 0.115027
17311.68945 0.11506
17312.75000 0.115093
17313.80078 0.115125
17314.86914 0.115158
17315.91992 0.115191
17316.98047 0.115223
17318.03906 0.115256
17319.09961 0.115289
17320.16016 0.115321
17321.22070 0.115354
17322.27930 0.115387
17323.33984 0.11542
17324.40039 0.115452
17325.46094 0.115485
17326.51953 0.115518
17327.58008 0.115551
17328.64062 0.115583
17329.69922 0.115616
17330.75977 0.115649
17331.82031 0.115682
17332.88086 0.115714
17333.94922 0.115747
17335.00977 0.11578
17336.07031 0.115813
17337.13086 0.115846
17338.18945 0.115878
17339.25000 0.115911
17340.31055 0.115944
17341.36914 0.115977
17342.42969 0.11601
17343.49023 0.116042
17344.55078 0.116075
17345.61914 0.116108
17346.67969 0.116141
17347.74023 0.116173
17348.80078 0.116206
17349.85938 0.116239
17350.91992 0.116272
17351.99023 0.116305
17353.05078 0.116338
17354.10938 0.116371
