threeML/data/optical_filters/HST/NICMOS2-F187N.ecsv
# %ECSV 0.9
# ---
# datatype:
# - {name: wavelength, unit: Angstrom, datatype: float32}
# - {name: response, datatype: float32}
# meta: !!omap
# - {band_name: F187N}
# - {group_name: NICMOS2}
wavelength response
18531.41016 0.0
18531.59961 4.9e-05
18531.77930 0.000126
18531.96094 0.000203
18532.15039 0.000266
18532.33008 0.000326
18532.51953 0.000385
18532.69922 0.000445
18532.88086 0.000504
18533.07031 0.000564
18533.25000 0.000623
18533.43945 0.000683
18533.61914 0.000743
18533.80078 0.000802
18533.99023 0.000862
18534.16992 0.000838
18534.35938 0.000809
18534.53906 0.00078
18534.72070 0.00075
18534.91016 0.000721
18535.08984 0.000692
18535.27930 0.000663
18535.46094 0.000633
18535.64062 0.000604
18535.83008 0.000575
18536.00977 0.000546
18536.19922 0.000517
18536.38086 0.000489
18536.56055 0.00046
18536.75000 0.000431
18536.92969 0.000402
18537.11914 0.000373
18537.30078 0.000345
18537.48047 0.000316
18537.66992 0.000287
18537.84961 0.000258
18538.03906 0.000242
18538.22070 0.000282
18538.40039 0.000322
18538.58984 0.000362
18538.76953 0.000402
18538.96094 0.000442
18539.14062 0.000482
18539.32031 0.000521
18539.50977 0.000562
18539.68945 0.000601
18539.88086 0.000641
18540.06055 0.00067
18540.24023 0.000674
18540.42969 0.000679
18540.60938 0.000683
18540.78906 0.000687
18540.98047 0.000692
18541.16016 0.000696
18541.34961 0.000701
18541.52930 0.000705
18541.71094 0.00071
18541.90039 0.000714
18542.08008 0.000732
18542.26953 0.000767
18542.44922 0.000802
18542.63086 0.000837
18542.82031 0.000871
18543.00000 0.000906
18543.18945 0.000941
18543.36914 0.000976
18543.55078 0.00101
18543.74023 0.001045
18543.91992 0.00108
18544.10938 0.001086
18544.28906 0.001073
18544.47070 0.001059
18544.66016 0.001046
18544.83984 0.001032
18545.02930 0.001018
18545.21094 0.001005
18545.39062 0.000991
18545.58008 0.000978
18545.75977 0.000964
18545.94922 0.00095
18546.13086 0.000948
18546.32031 0.00095
18546.50000 0.000952
18546.67969 0.000954
18546.86914 0.000956
18547.05078 0.000958
18547.24023 0.00096
18547.41992 0.000962
18547.59961 0.000964
18547.78906 0.000966
18547.97070 0.000968
18548.16016 0.000994
18548.33984 0.001025
18548.51953 0.001055
18548.71094 0.001087
18548.89062 0.001117
18549.08008 0.001148
18549.25977 0.001179
18549.44922 0.00121
18549.63086 0.001241
18549.81055 0.001271
18550.00000 0.001302
18550.17969 0.001266
18550.36914 0.001229
18550.55078 0.001192
18550.73047 0.001155
18550.91992 0.001118
18551.09961 0.001081
18551.28906 0.001044
18551.47070 0.001007
18551.65039 0.000969
18551.83984 0.000932
18552.01953 0.000907
18552.21094 0.000967
18552.39062 0.001028
18552.57031 0.001088
18552.75977 0.001149
18552.93945 0.001209
18553.13086 0.00127
18553.31055 0.00133
18553.49023 0.001391
18553.67969 0.001452
18553.85938 0.001512
18554.05078 0.001556
18554.23047 0.00155
18554.41992 0.001545
18554.59961 0.001539
18554.77930 0.001534
18554.97070 0.001528
18555.15039 0.001523
18555.33984 0.001517
18555.51953 0.001512
18555.71094 0.001507
18555.89062 0.001501
18556.07031 0.001504
18556.25977 0.001521
18556.43945 0.001539
18556.61914 0.001555
18556.81055 0.001572
18556.99023 0.001589
18557.17969 0.001606
18557.35938 0.001623
18557.53906 0.00164
18557.73047 0.001657
18557.91016 0.001674
18558.09961 0.001695
18558.27930 0.001718
18558.47070 0.001742
18558.65039 0.001765
18558.83008 0.001789
18559.01953 0.001813
18559.19922 0.001836
18559.39062 0.001859
18559.57031 0.001883
18559.75977 0.001907
18559.93945 0.00193
18560.11914 0.001887
18560.31055 0.001811
18560.49023 0.001735
18560.67969 0.001659
18560.85938 0.001583
18561.03906 0.001507
18561.23047 0.001432
18561.41016 0.001355
18561.59961 0.00128
18561.77930 0.001204
18561.97070 0.001128
18562.15039 0.001191
18562.33008 0.001285
18562.51953 0.001379
18562.69922 0.001474
18562.89062 0.001568
18563.07031 0.001662
18563.25977 0.001757
18563.43945 0.001851
18563.61914 0.001945
18563.81055 0.00204
18563.99023 0.002135
18564.17969 0.002184
18564.35938 0.002232
18564.53906 0.002279
18564.73047 0.002326
18564.91016 0.002374
18565.09961 0.002422
18565.27930 0.002469
18565.47070 0.002517
18565.65039 0.002564
18565.83008 0.002611
18566.01953 0.002653
18566.19922 0.002637
18566.39062 0.002622
18566.57031 0.002607
18566.75977 0.002591
18566.93945 0.002576
18567.13086 0.002561
18567.31055 0.002546
18567.49023 0.00253
18567.67969 0.002515
18567.85938 0.0025
18568.03906 0.002483
18568.23047 0.002464
18568.41016 0.002444
18568.59961 0.002425
18568.77930 0.002405
18568.97070 0.002386
18569.15039 0.002367
18569.33984 0.002347
18569.51953 0.002328
18569.69922 0.002308
18569.89062 0.002289
18570.07031 0.002312
18570.25977 0.002402
18570.43945 0.002493
18570.63086 0.002583
18570.81055 0.002674
18570.99023 0.002764
18571.17969 0.002854
18571.35938 0.002944
18571.55078 0.003034
18571.73047 0.003124
18571.91992 0.003215
18572.09961 0.003268
18572.27930 0.003289
18572.47070 0.003311
18572.65039 0.003332
18572.83984 0.003353
18573.01953 0.003375
18573.21094 0.003396
18573.39062 0.003418
18573.57031 0.003439
18573.75977 0.00346
18573.93945 0.003482
18574.13086 0.003472
18574.31055 0.00345
18574.50000 0.003426
18574.67969 0.003404
18574.86914 0.00338
18575.05078 0.003357
18575.23047 0.003335
18575.41992 0.003311
18575.59961 0.003289
18575.78906 0.003266
18575.97070 0.003243
18576.15039 0.003283
18576.33984 0.003336
18576.51953 0.003389
18576.71094 0.003442
18576.89062 0.003495
18577.08008 0.003548
18577.25977 0.003601
18577.44922 0.003654
18577.63086 0.003706
18577.81055 0.00376
18578.00000 0.003812
18578.17969 0.003879
18578.36914 0.003944
18578.55078 0.00401
18578.74023 0.004076
18578.91992 0.004142
18579.09961 0.004208
18579.28906 0.004274
18579.47070 0.00434
18579.66016 0.004406
18579.83984 0.004472
18580.02930 0.004527
18580.21094 0.004514
18580.39062 0.004502
18580.58008 0.004489
18580.75977 0.004477
18580.94922 0.004464
18581.13086 0.004451
18581.32031 0.004439
18581.50000 0.004426
18581.68945 0.004414
18581.86914 0.004401
18582.05078 0.00441
18582.24023 0.004467
18582.41992 0.004525
18582.60938 0.004583
18582.78906 0.004641
18582.98047 0.004699
18583.16016 0.004757
18583.34961 0.004815
18583.52930 0.004873
18583.71094 0.004931
18583.90039 0.004989
18584.08008 0.005032
18584.26953 0.005057
18584.44922 0.005081
18584.64062 0.005106
18584.82031 0.005131
18585.00977 0.005156
18585.18945 0.005181
18585.36914 0.005206
18585.56055 0.00523
18585.74023 0.005255
18585.92969 0.00528
18586.10938 0.00535
18586.30078 0.00545
18586.48047 0.005548
18586.66992 0.005648
18586.84961 0.005747
18587.02930 0.005846
18587.22070 0.005946
18587.40039 0.006045
18587.58984 0.006145
18587.76953 0.006243
18587.96094 0.006343
18588.14062 0.006418
18588.33008 0.006487
18588.50977 0.006554
18588.68945 0.006622
18588.88086 0.00669
18589.06055 0.006758
18589.25000 0.006826
18589.42969 0.006894
18589.61914 0.006962
18589.80078 0.00703
18589.99023 0.007098
18590.16992 0.007116
18590.34961 0.00713
18590.53906 0.007145
18590.72070 0.007159
18590.91016 0.007173
18591.08984 0.007187
18591.27930 0.007201
18591.46094 0.007215
18591.65039 0.007229
18591.83008 0.007243
18592.01953 0.007268
18592.19922 0.007401
18592.38086 0.007536
18592.57031 0.00767
18592.75000 0.007804
18592.93945 0.007939
18593.11914 0.008072
18593.31055 0.008208
18593.49023 0.008341
18593.67969 0.008476
18593.85938 0.00861
18594.03906 0.008729
18594.23047 0.008799
18594.41016 0.00887
18594.59961 0.00894
18594.77930 0.00901
18594.97070 0.00908
18595.15039 0.00915
18595.33984 0.00922
18595.51953 0.009291
18595.71094 0.009361
18595.89062 0.009431
18596.07031 0.009496
18596.25977 0.009554
18596.43945 0.009612
18596.63086 0.00967
18596.81055 0.009728
18597.00000 0.009786
18597.17969 0.009844
18597.36914 0.009902
18597.55078 0.00996
18597.73047 0.010018
18597.91992 0.010076
18598.09961 0.010182
18598.28906 0.010328
18598.47070 0.010472
18598.66016 0.010618
18598.83984 0.010762
18599.02930 0.010908
18599.21094 0.011052
18599.40039 0.011197
18599.58008 0.011342
18599.76953 0.011487
18599.94922 0.011631
18600.13086 0.011781
18600.32031 0.01193
18600.50000 0.01208
18600.68945 0.012229
18600.86914 0.01238
18601.06055 0.012529
18601.24023 0.012679
18601.42969 0.012828
18601.60938 0.012979
18601.78906 0.013128
18601.98047 0.013278
18602.16992 0.01342
18602.34961 0.013559
18602.53906 0.0137
18602.72070 0.01384
18602.90039 0.013981
18603.08984 0.01412
18603.26953 0.014261
18603.46094 0.0144
18603.64062 0.014541
18603.83008 0.014681
18604.00977 0.014823
18604.19922 0.014988
18604.38086 0.015155
18604.56055 0.01532
18604.75000 0.015487
18604.92969 0.015652
18605.11914 0.015819
18605.30078 0.015984
18605.49023 0.01615
18605.66992 0.016315
18605.85938 0.016482
18606.03906 0.016642
18606.23047 0.016778
18606.41016 0.016914
18606.59961 0.01705
18606.77930 0.017187
18606.96094 0.017322
18607.15039 0.017459
18607.33008 0.017594
18607.51953 0.017731
18607.69922 0.017866
18607.89062 0.018003
18608.07031 0.018209
18608.25977 0.018525
18608.43945 0.018842
18608.63086 0.019155
18608.81055 0.019472
18609.00000 0.019785
18609.17969 0.020102
18609.36914 0.020415
18609.55078 0.020732
18609.73047 0.021045
18609.91992 0.021361
18610.10938 0.021577
18610.28906 0.021715
18610.47070 0.021854
18610.66016 0.021992
18610.83984 0.022131
18611.02930 0.022269
18611.21094 0.022408
18611.40039 0.022546
18611.58008 0.022685
18611.76953 0.022824
18611.94922 0.022962
18612.14062 0.023263
18612.32031 0.023617
18612.50977 0.023975
18612.68945 0.024329
18612.88086 0.024687
18613.06055 0.025045
18613.24023 0.0254
18613.42969 0.025758
18613.60938 0.026112
18613.80078 0.02647
18613.98047 0.026824
18614.16992 0.027059
18614.34961 0.027281
18614.53906 0.027501
18614.72070 0.027723
18614.91016 0.027943
18615.08984 0.028165
18615.27930 0.028384
18615.46094 0.028606
18615.65039 0.028828
18615.83008 0.029048
18616.01953 0.029286
18616.19922 0.029693
18616.38086 0.030104
18616.57031 0.030515
18616.75000 0.030922
18616.93945 0.031334
18617.11914 0.031741
18617.31055 0.032152
18617.49023 0.032559
18617.67969 0.03297
18617.85938 0.033381
18618.05078 0.033772
18618.23047 0.03412
18618.41992 0.034463
18618.59961 0.034811
18618.78906 0.035158
18618.97070 0.035502
18619.16016 0.035849
18619.33984 0.036193
18619.52930 0.03654
18619.71094 0.036888
18619.89062 0.037232
18620.08008 0.037596
18620.25977 0.037979
18620.44922 0.038366
18620.63086 0.038753
18620.82031 0.039136
18621.00000 0.039523
18621.18945 0.03991
18621.36914 0.040293
18621.56055 0.04068
18621.74023 0.041063
18621.92969 0.04145
18622.10938 0.041937
18622.30078 0.042483
18622.48047 0.043034
18622.66992 0.04358
18622.84961 0.044131
18623.03906 0.044682
18623.22070 0.045228
18623.41016 0.045779
18623.58984 0.04633
18623.77930 0.046876
18623.96094 0.047427
18624.14062 0.04794
18624.33008 0.048449
18624.51953 0.048958
18624.69922 0.049462
18624.88086 0.049972
18625.07031 0.050481
18625.25000 0.050985
18625.43945 0.051494
18625.61914 0.051998
18625.81055 0.052507
18625.99023 0.053017
18626.17969 0.053582
18626.35938 0.054155
18626.55078 0.054728
18626.73047 0.055295
18626.91992 0.055868
18627.09961 0.056441
18627.28906 0.057008
18627.47070 0.057581
18627.66016 0.058154
18627.83984 0.058721
18628.02930 0.059306
18628.21094 0.059955
18628.40039 0.060611
18628.58008 0.061267
18628.76953 0.061915
18628.94922 0.062571
18629.14062 0.063227
18629.32031 0.063876
18629.50977 0.064532
18629.68945 0.065187
18629.86914 0.065836
18630.06055 0.066502
18630.25000 0.067187
18630.42969 0.067865
18630.61914 0.068551
18630.80078 0.069236
18630.98047 0.069914
18631.16992 0.0706
18631.35938 0.071285
18631.53906 0.071963
18631.72070 0.072649
18631.91016 0.073334
18632.08984 0.074071
18632.27930 0.074872
18632.46094 0.075674
18632.65039 0.076466
18632.83008 0.077268
18633.01953 0.078069
18633.19922 0.078862
18633.39062 0.079663
18633.57031 0.080465
18633.75977 0.081258
18633.93945 0.082059
18634.13086 0.082873
18634.31055 0.083684
18634.50000 0.084503
18634.67969 0.085323
18634.86914 0.086134
18635.05078 0.086953
18635.24023 0.087772
18635.41992 0.088583
18635.60938 0.089403
18635.78906 0.090222
18635.98047 0.091033
18636.16016 0.091965
18636.34961 0.092912
18636.52930 0.09386
18636.72070 0.094798
18636.90039 0.095746
18637.08984 0.096694
18637.26953 0.097632
18637.46094 0.09858
18637.64062 0.099528
18637.83008 0.100466
18638.00977 0.101416
18638.19922 0.102409
18638.38086 0.103391
18638.57031 0.104384
18638.75000 0.105376
18638.93945 0.106369
18639.11914 0.107351
18639.31055 0.108343
18639.49023 0.109336
18639.67969 0.110318
18639.85938 0.111311
18640.05078 0.112268
18640.23047 0.113121
18640.41992 0.113964
18640.59961 0.114817
18640.78906 0.11567
18640.97070 0.116514
18641.16016 0.117366
18641.33984 0.118219
18641.52930 0.119072
18641.71094 0.119916
18641.90039 0.120769
18642.08008 0.121676
18642.26953 0.122642
18642.44922 0.123618
18642.64062 0.124594
18642.82031 0.12557
18643.00977 0.126536
18643.18945 0.127512
18643.38086 0.128488
18643.56055 0.129454
18643.75000 0.13043
18643.92969 0.131406
18644.11914 0.13231
18644.30078 0.133164
18644.49023 0.134026
18644.66992 0.134888
18644.85938 0.13575
18645.03906 0.136603
18645.23047 0.137466
18645.41016 0.138328
18645.59961 0.139181
18645.77930 0.140043
18645.97070 0.140905
18646.15039 0.141826
18646.33984 0.142751
18646.51953 0.143684
18646.71094 0.144618
18646.89062 0.145552
18647.08008 0.146476
18647.25977 0.14741
18647.44922 0.148344
18647.63086 0.149278
18647.82031 0.150202
18648.00000 0.151136
18648.18945 0.152054
18648.36914 0.152973
18648.56055 0.153882
18648.74023 0.1548
18648.92969 0.155719
18649.10938 0.156637
18649.30078 0.157546
18649.48047 0.158465
18649.66992 0.159383
18649.84961 0.160302
18650.03906 0.161187
18650.22070 0.161988
18650.41016 0.16279
18650.58984 0.163591
18650.77930 0.164384
18650.96094 0.165185
18651.15039 0.165986
18651.33008 0.166788
18651.51953 0.16758
18651.69922 0.168382
18651.89062 0.169183
18652.07031 0.170005
18652.25977 0.170857
18652.43945 0.1717
18652.63086 0.172552
18652.81055 0.173404
18653.00000 0.174257
18653.17969 0.1751
18653.36914 0.175952
18653.55078 0.176804
18653.74023 0.177656
18653.92969 0.178509
18654.10938 0.179314
18654.28906 0.180101
18654.48047 0.180888
18654.66992 0.181675
18654.84961 0.182454
18655.03906 0.183242
18655.22070 0.184029
18655.41016 0.184816
18655.58984 0.185604
18655.77930 0.186382
18655.96094 0.18717
18656.15039 0.187865
18656.33008 0.188536
18656.51953 0.1892
18656.69922 0.18987
18656.89062 0.190541
18657.07031 0.191212
18657.25977 0.191883
18657.43945 0.192547
18657.63086 0.193217
18657.81055 0.193888
18658.00000 0.194559
18658.17969 0.195159
18658.36914 0.195751
18658.55078 0.19635
18658.74023 0.196949
18658.91992 0.197548
18659.10938 0.198147
18659.28906 0.19874
18659.48047 0.199339
18659.66016 0.199937
18659.84961 0.200536
18660.03906 0.201112
18660.22070 0.201587
18660.40039 0.202058
18660.58984 0.202533
18660.77930 0.203008
18660.96094 0.203484
18661.15039 0.203959
18661.33008 0.204429
18661.51953 0.204904
18661.69922 0.20538
18661.89062 0.205855
18662.07031 0.206295
18662.25977 0.206675
18662.43945 0.207058
18662.63086 0.207442
18662.81055 0.207826
18663.00000 0.208209
18663.17969 0.208593
18663.36914 0.208973
18663.55078 0.209357
18663.74023 0.20974
18663.91992 0.210124
18664.10938 0.210506
18664.28906 0.210888
18664.48047 0.211265
18664.66016 0.211646
18664.84961 0.212027
18665.03906 0.212408
18665.22070 0.212789
18665.41016 0.21317
18665.58984 0.213547
18665.77930 0.213928
18665.96094 0.214309
18666.15039 0.214549
18666.33008 0.21475
18666.51953 0.214951
18666.69922 0.21515
18666.89062 0.215352
18667.07031 0.215553
18667.25977 0.215754
18667.43945 0.215956
18667.63086 0.216157
18667.81055 0.216358
18668.00000 0.216558
18668.17969 0.216685
18668.36914 0.216812
18668.55078 0.216938
18668.74023 0.217065
18668.92969 0.217192
18669.10938 0.217317
18669.28906 0.217443
18669.48047 0.21757
18669.66992 0.217697
18669.84961 0.217823
18670.03906 0.217945
18670.22070 0.218048
18670.41016 0.218151
18670.58984 0.218254
18670.77930 0.218357
18670.96094 0.218461
18671.15039 0.218564
18671.33008 0.218667
18671.51953 0.218771
18671.71094 0.218874
18671.89062 0.218976
18672.07031 0.219041
18672.25977 0.219047
18672.44922 0.219054
18672.63086 0.219061
