threeML/data/optical_filters/HST/NICMOS2-F190N.ecsv
# %ECSV 0.9
# ---
# datatype:
# - {name: wavelength, unit: Angstrom, datatype: float32}
# - {name: response, datatype: float32}
# meta: !!omap
# - {band_name: F190N}
# - {group_name: NICMOS2}
wavelength response
[from data line 1532]
19082.23047 0.168739
19082.41992 0.167963
19082.60938 0.16718
19082.78906 0.166396
19082.98047 0.165621
19083.16992 0.164837
19083.35938 0.164053
19083.53906 0.163278
19083.73047 0.162494
19083.91992 0.16171
19084.09961 0.16087
19084.28906 0.159966
19084.48047 0.159061
19084.66016 0.158167
19084.84961 0.157263
19085.03906 0.156358
19085.22070 0.155464
19085.41016 0.154559
19085.59961 0.153655
19085.77930 0.15276
19085.97070 0.151856
19086.16016 0.151078
19086.33984 0.150331
19086.52930 0.149576
19086.72070 0.14882
19086.90039 0.148073
19087.08984 0.147318
19087.27930 0.146563
19087.46094 0.145816
19087.65039 0.145061
19087.83984 0.144306
19088.02930 0.143547
19088.21094 0.14271
19088.40039 0.141873
19088.58984 0.141045
19088.76953 0.140208
19088.96094 0.139372
19089.15039 0.138535
19089.33008 0.137706
19089.51953 0.136869
19089.71094 0.136032
19089.89062 0.135204
19090.08008 0.134442
19090.26953 0.133775
19090.46094 0.133115
19090.64062 0.132448
19090.83008 0.131781
19091.01953 0.131121
19091.19922 0.130454
19091.39062 0.129787
19091.58008 0.12912
19091.75977 0.12846
19091.94922 0.127793
19092.14062 0.126971
19092.32031 0.126104
19092.50977 0.125227
19092.69922 0.12435
19092.89062 0.123474
19093.07031 0.122606
19093.25977 0.12173
19093.44922 0.120853
19093.63086 0.119985
19093.82031 0.119109
19094.00977 0.118237
19094.19922 0.117493
19094.38086 0.116756
19094.57031 0.116012
19094.75977 0.115267
19094.93945 0.11453
19095.13086 0.113786
19095.32031 0.113042
19095.50000 0.112297
19095.68945 0.11156
19095.88086 0.110816
19096.06055 0.110048
19096.25000 0.109245
19096.43945 0.108434
19096.63086 0.107622
19096.81055 0.106811
19097.00000 0.106008
19097.18945 0.105196
19097.36914 0.104384
19097.56055 0.103573
19097.75000 0.10277
19097.92969 0.101958
19098.11914 0.101253
19098.31055 0.100614
19098.49023 0.099968
19098.67969 0.099322
19098.86914 0.098676
19099.05078 0.098037
19099.24023 0.097391
19099.42969 0.096745
19099.61914 0.096099
19099.80078 0.095459
19099.99023 0.094813
19100.17969 0.094138
19100.36914 0.093462
19100.55078 0.092793
19100.74023 0.092117
19100.92969 0.09144
19101.10938 0.090764
19101.30078 0.090095
19101.49023 0.089418
19101.66992 0.088742
19101.85938 0.088066
19102.05078 0.087404
19102.23047 0.086758
19102.41992 0.086113
19102.60938 0.085467
19102.78906 0.084828
19102.98047 0.084182
19103.16992 0.083537
19103.35938 0.082891
19103.53906 0.082252
19103.73047 0.081606
19103.91992 0.08096
19104.10938 0.080367
19104.28906 0.079814
19104.48047 0.079267
19104.66992 0.078714
19104.84961 0.078161
19105.03906 0.077609
19105.23047 0.077061
19105.41016 0.076509
19105.59961 0.075956
19105.78906 0.075403
19105.98047 0.07485
19106.16016 0.07423
19106.34961 0.073593
19106.53906 0.072956
19106.72070 0.072319
19106.91016 0.071689
19107.09961 0.071051
19107.28906 0.070414
19107.47070 0.069777
19107.66016 0.06914
19107.84961 0.068509
19108.02930 0.067894
19108.22070 0.067381
19108.41016 0.066868
19108.58984 0.06636
19108.77930 0.065847
19108.97070 0.065333
19109.16016 0.06482
19109.33984 0.064307
19109.52930 0.063799
19109.72070 0.063285
19109.90039 0.062772
19110.08984 0.062181
19110.27930 0.06151
19110.46094 0.060846
19110.65039 0.060175
19110.83984 0.059503
19111.02930 0.058832
19111.21094 0.058161
19111.40039 0.057496
19111.58984 0.056825
19111.77930 0.056154
19111.96094 0.055482
19112.15039 0.054963
19112.33984 0.054487
19112.51953 0.054006
19112.71094 0.053524
19112.90039 0.053043
19113.08984 0.052561
19113.26953 0.052085
19113.46094 0.051603
19113.65039 0.051122
19113.83008 0.050641
19114.01953 0.050168
19114.21094 0.049768
19114.39062 0.049371
19114.58008 0.048971
19114.76953 0.04857
19114.96094 0.04817
19115.14062 0.047769
19115.33008 0.047372
19115.51953 0.046972
19115.71094 0.046571
19115.89062 0.04617
19116.08008 0.045796
19116.26953 0.045457
19116.44922 0.045121
19116.64062 0.044782
19116.83008 0.044443
19117.01953 0.044104
19117.19922 0.043765
19117.39062 0.043425
19117.58008 0.04309
19117.75977 0.04275
19117.94922 0.042411
19118.14062 0.042102
19118.33008 0.041803
19118.50977 0.041505
19118.69922 0.041209
19118.89062 0.04091
19119.07031 0.040612
19119.25977 0.040313
19119.44922 0.040014
19119.64062 0.039716
19119.82031 0.03942
19120.00977 0.039125
19120.19922 0.038908
19120.38086 0.038691
19120.57031 0.038474
19120.75977 0.038257
19120.94922 0.03804
19121.13086 0.037825
19121.32031 0.037608
19121.50977 0.037391
19121.69922 0.037174
19121.88086 0.036957
19122.07031 0.036688
19122.25977 0.036335
19122.43945 0.035985
19122.63086 0.035632
19122.82031 0.035278
19123.00977 0.034924
19123.18945 0.034571
19123.38086 0.034217
19123.57031 0.033864
19123.75000 0.033514
19123.93945 0.03316
19124.13086 0.032852
19124.32031 0.032563
19124.50000 0.032275
19124.68945 0.031987
19124.88086 0.031698
19125.06055 0.031413
19125.25000 0.031125
19125.43945 0.030836
19125.63086 0.030548
19125.81055 0.03026
19126.00000 0.029971
19126.18945 0.029678
19126.38086 0.029386
19126.56055 0.029096
19126.75000 0.028803
19126.93945 0.02851
19127.13086 0.028218
19127.31055 0.027925
19127.50000 0.027632
19127.68945 0.027339
19127.86914 0.027046
19128.06055 0.026795
19128.25000 0.026628
19128.43945 0.026459
19128.61914 0.02629
19128.81055 0.026121
19129.00000 0.025952
19129.18945 0.025783
19129.36914 0.025614
19129.56055 0.025445
19129.75000 0.025276
19129.92969 0.025109
19130.11914 0.024859
19130.31055 0.024565
19130.50000 0.024271
19130.67969 0.023977
19130.86914 0.023683
19131.06055 0.023389
19131.25000 0.023094
19131.42969 0.0228
19131.61914 0.022506
19131.81055 0.022215
19131.99023 0.021921
19132.17969 0.02177
19132.36914 0.021623
19132.56055 0.021477
19132.74023 0.02133
19132.92969 0.021184
19133.11914 0.021038
19133.31055 0.020891
19133.49023 0.020745
19133.67969 0.020598
19133.86914 0.020453
19134.05078 0.020295
19134.24023 0.020108
19134.42969 0.019921
19134.61914 0.019734
19134.80078 0.019546
19134.99023 0.019359
19135.17969 0.019172
19135.36914 0.018985
19135.55078 0.018798
19135.74023 0.018611
19135.92969 0.018424
19136.11914 0.018305
19136.30078 0.018227
19136.49023 0.018149
19136.67969 0.018071
19136.86914 0.017993
19137.05078 0.017915
19137.24023 0.017837
19137.42969 0.017759
19137.61914 0.017681
19137.80078 0.017603
19137.99023 0.017525
19138.17969 0.01741
19138.36914 0.017293
19138.55078 0.017176
19138.74023 0.017059
19138.92969 0.016942
19139.10938 0.016827
19139.30078 0.01671
19139.49023 0.016593
19139.67969 0.016476
19139.85938 0.016359
19140.05078 0.016218
19140.24023 0.01601
19140.42969 0.015803
19140.60938 0.015595
19140.80078 0.015388
19140.99023 0.01518
19141.17969 0.014973
19141.35938 0.014765
19141.55078 0.014558
19141.74023 0.01435
19141.92969 0.014143
19142.10938 0.014009
19142.30078 0.013925
19142.49023 0.01384
19142.67969 0.013755
19142.85938 0.013671
19143.05078 0.013587
19143.24023 0.013502
19143.41992 0.013417
19143.60938 0.013332
19143.80078 0.013248
19143.99023 0.013163
19144.16992 0.013124
19144.35938 0.013089
19144.55078 0.013054
19144.74023 0.013019
19144.91992 0.012984
19145.10938 0.012949
19145.30078 0.012913
19145.49023 0.012878
19145.66992 0.012843
19145.85938 0.012808
19146.05078 0.012757
19146.24023 0.012659
19146.41992 0.012561
19146.60938 0.012463
19146.80078 0.012365
19146.99023 0.012267
19147.16992 0.01217
19147.35938 0.012072
19147.55078 0.011974
19147.74023 0.011876
19147.91992 0.011778
19148.10938 0.011653
19148.30078 0.01151
19148.49023 0.011366
19148.66992 0.011223
19148.85938 0.011079
19149.05078 0.010936
19149.24023 0.010792
19149.41992 0.010649
19149.60938 0.010505
19149.80078 0.010362
19149.99023 0.010218
19150.16992 0.010141
19150.35938 0.01007
19150.55078 0.009998
19150.74023 0.009926
19150.91992 0.009854
19151.10938 0.009783
19151.30078 0.009711
19151.49023 0.009639
19151.66992 0.009567
19151.85938 0.009496
19152.05078 0.009429
19152.24023 0.009375
19152.41992 0.009322
19152.60938 0.009269
19152.80078 0.009216
19152.99023 0.009163
19153.16992 0.00911
19153.35938 0.009057
19153.55078 0.009003
19153.74023 0.00895
19153.91992 0.008897
19154.10938 0.008854
19154.30078 0.008817
19154.49023 0.00878
19154.66992 0.008743
19154.85938 0.008706
19155.05078 0.008669
19155.24023 0.008632
19155.41992 0.008596
19155.60938 0.008559
19155.80078 0.008522
19155.99023 0.008485
19156.16992 0.00835
19156.35938 0.008207
19156.55078 0.008064
19156.74023 0.007921
19156.91992 0.007778
19157.10938 0.007635
19157.30078 0.007492
19157.49023 0.007349
19157.66992 0.007206
19157.85938 0.007063
19158.05078 0.006941
19158.24023 0.00688
19158.41992 0.006818
19158.60938 0.006757
19158.80078 0.006695
19158.99023 0.006634
19159.17969 0.006573
19159.35938 0.006512
19159.55078 0.006451
19159.74023 0.006389
19159.92969 0.006328
19160.10938 0.006294
19160.30078 0.006277
19160.49023 0.00626
19160.67969 0.006244
19160.85938 0.006227
19161.05078 0.00621
19161.24023 0.006193
19161.42969 0.006177
19161.60938 0.00616
19161.80078 0.006143
19161.99023 0.006126
19162.17969 0.00613
19162.35938 0.006135
19162.55078 0.00614
19162.74023 0.006145
19162.92969 0.00615
19163.11914 0.006155
19163.30078 0.00616
19163.49023 0.006165
19163.67969 0.00617
19163.86914 0.006175
19164.05078 0.006167
19164.24023 0.006124
19164.42969 0.006082
19164.61914 0.006039
19164.80078 0.005996
19164.99023 0.005953
19165.17969 0.005911
19165.36914 0.005868
19165.55078 0.005825
19165.74023 0.005782
19165.92969 0.005739
19166.11914 0.005687
19166.30078 0.00563
19166.49023 0.005572
19166.67969 0.005514
19166.86914 0.005457
19167.05078 0.005399
19167.24023 0.005341
19167.42969 0.005284
19167.61914 0.005226
19167.81055 0.005168
19167.99023 0.00511
19168.17969 0.00509
19168.36914 0.005071
19168.56055 0.005053
19168.74023 0.005034
19168.92969 0.005016
19169.11914 0.004997
19169.31055 0.004978
19169.49023 0.00496
19169.67969 0.004941
19169.86914 0.004922
19170.06055 0.004912
19170.25000 0.004921
19170.42969 0.004929
19170.61914 0.004938
19170.81055 0.004947
19171.00000 0.004955
19171.17969 0.004964
19171.36914 0.004972
19171.56055 0.004981
19171.75000 0.00499
19171.93945 0.004998
19172.11914 0.004984
19172.31055 0.004958
19172.50000 0.004932
19172.68945 0.004905
19172.86914 0.004879
19173.06055 0.004853
19173.25000 0.004827
19173.43945 0.0048
19173.61914 0.004774
19173.81055 0.004748
19174.00000 0.004722
19174.18945 0.004663
19174.38086 0.004605
19174.56055 0.004547
19174.75000 0.004489
19174.93945 0.004431
19175.13086 0.004372
19175.31055 0.004314
19175.50000 0.004255
19175.68945 0.004197
19175.88086 0.004139
19176.06055 0.004079
19176.25000 0.004015
19176.43945 0.003951
19176.63086 0.003886
19176.82031 0.003822
19177.00000 0.003758
19177.18945 0.003694
19177.38086 0.003631
19177.57031 0.003567
19177.75000 0.003503
19177.93945 0.003438
19178.13086 0.003414
19178.32031 0.003408
19178.50977 0.003401
19178.68945 0.003395
19178.88086 0.003388
19179.07031 0.003382
19179.25977 0.003375
19179.44922 0.003368
19179.63086 0.003362
19179.82031 0.003355
19180.00977 0.00335
19180.19922 0.003366
19180.38086 0.003382
19180.57031 0.003398
19180.75977 0.003415
19180.94922 0.003431
19181.13086 0.003447
19181.32031 0.003463
19181.50977 0.003479
19181.69922 0.003495
19181.89062 0.003512
19182.07031 0.003502
19182.25977 0.003454
19182.44922 0.003406
19182.64062 0.003358
19182.82031 0.003311
19183.00977 0.003262
19183.19922 0.003214
19183.39062 0.003166
19183.58008 0.003118
19183.75977 0.00307
19183.94922 0.003022
19184.14062 0.002992
19184.33008 0.002969
19184.51953 0.002945
19184.69922 0.002922
19184.89062 0.002898
19185.08008 0.002875
19185.26953 0.002851
19185.46094 0.002828
19185.64062 0.002804
19185.83008 0.002781
19186.01953 0.002757
19186.21094 0.002733
19186.39062 0.002708
19186.58008 0.002684
19186.76953 0.00266
19186.96094 0.002636
19187.14062 0.002611
19187.33008 0.002587
19187.51953 0.002562
19187.71094 0.002538
19187.90039 0.002514
19188.08008 0.002497
19188.26953 0.002489
19188.46094 0.002481
19188.65039 0.002473
19188.83984 0.002465
19189.01953 0.002458
19189.21094 0.00245
19189.40039 0.002442
19189.58984 0.002434
19189.77930 0.002426
19189.96094 0.002418
19190.15039 0.002347
19190.33984 0.00226
19190.52930 0.002173
19190.71094 0.002087
19190.90039 0.002
19191.08984 0.001913
19191.27930 0.001826
19191.47070 0.001739
19191.65039 0.001653
19191.83984 0.001566
19192.02930 0.001497
19192.22070 0.001523
19192.41016 0.001548
19192.58984 0.001574
19192.77930 0.001599
19192.97070 0.001625
19193.16016 0.00165
19193.34961 0.001676
19193.52930 0.001701
19193.72070 0.001727
19193.91016 0.001752
19194.09961 0.00172
19194.28906 0.001634
19194.47070 0.001549
19194.66016 0.001463
19194.84961 0.001376
19195.03906 0.00129
19195.22070 0.001205
19195.41016 0.001119
19195.59961 0.001032
19195.78906 0.000947
19195.98047 0.000861
19196.16016 0.000865
19196.34961 0.000882
19196.53906 0.000899
19196.73047 0.000916
19196.91992 0.000933
19197.09961 0.00095
19197.28906 0.000967
19197.48047 0.000984
19197.66992 0.001001
19197.85938 0.001018
19198.03906 0.001068
19198.23047 0.001224
19198.41992 0.001379
19198.60938 0.001535
19198.78906 0.00169
19198.98047 0.001847
19199.16992 0.002003
19199.35938 0.002159
19199.55078 0.002314
19199.74023 0.002471
19199.91992 0.002627
19200.10938 0.002704
19200.30078 0.002728
19200.49023 0.002752
19200.67969 0.002775
19200.85938 0.002799
19201.05078 0.002823
19201.24023 0.002846
19201.42969 0.00287
19201.61914 0.002894
19201.80078 0.002917
19201.99023 0.002941
19202.17969 0.002831
19202.36914 0.002716
19202.55078 0.0026
19202.74023 0.002484
19202.92969 0.002368
19203.11914 0.002253
19203.31055 0.002136
19203.50000 0.002021
19203.67969 0.001905
19203.86914 0.00179
19204.06055 0.001718
19204.25000 0.001742
19204.43945 0.001767
19204.61914 0.001791
19204.81055 0.001816
19205.00000 0.00184
19205.18945 0.001864
19205.36914 0.001889
19205.56055 0.001913
19205.75000 0.001937
19205.93945 0.001962
19206.13086 0.00192
19206.32031 0.001848
19206.50000 0.001776
19206.68945 0.001705
19206.88086 0.001632
19207.07031 0.00156
19207.25977 0.001488
19207.44922 0.001416
19207.63086 0.001344
19207.82031 0.001272
19208.00977 0.001203
19208.19922 0.001215
19208.38086 0.001227
19208.57031 0.001239
19208.75977 0.001251
19208.94922 0.001263
19209.14062 0.001275
19209.32031 0.001286
19209.50977 0.001298
19209.69922 0.00131
19209.89062 0.001322
19210.08008 0.001325
19210.26953 0.001316
19210.44922 0.001306
19210.64062 0.001297
19210.83008 0.001287
19211.01953 0.001278
19211.21094 0.001268
19211.39062 0.001259
19211.58008 0.001249
19211.76953 0.00124
19211.96094 0.00123
19212.15039 0.001233
19212.33008 0.00124
19212.51953 0.001247
19212.71094 0.001254
19212.90039 0.001261
19213.08984 0.001268
19213.27930 0.001275
19213.46094 0.001281
19213.65039 0.001288
19213.83984 0.001295
19214.02930 0.001278
19214.21094 0.001119
19214.40039 0.000959
19214.58984 0.0008
19214.77930 0.000641
19214.97070 0.000481
21136.46875 0.0
