threeML/data/optical_filters/HST/NICMOS3-F110W.ecsv
# %ECSV 0.9
# ---
# datatype:
# - {name: wavelength, unit: Angstrom, datatype: float32}
# - {name: response, datatype: float32}
# meta: !!omap
# - {band_name: F110W}
# - {group_name: NICMOS3}
wavelength response
6973.21191 0.0
7748.01318 0.000401
7748.65381 0.000404
7749.29395 0.000407
7749.93506 0.000411
7750.57617 0.000414
7751.21680 0.000417
7751.85693 0.000419
7752.49902 0.000422
7753.14014 0.000425
7753.77979 0.000428
7754.42090 0.000431
7755.06201 0.000434
7755.70410 0.000438
7756.34521 0.000442
7756.98584 0.000446
7757.62793 0.00045
7758.26904 0.000454
7758.91113 0.000458
7759.55176 0.000461
7760.19385 0.000465
7760.83496 0.00047
7761.47705 0.000474
7762.11914 0.000478
7762.75977 0.000482
7763.40186 0.000486
7764.04395 0.00049
7764.68604 0.000495
7765.32812 0.000499
7765.97021 0.000504
7766.61182 0.000509
7767.25391 0.000514
7767.89600 0.000519
7768.53906 0.000524
7769.18115 0.000529
7769.82324 0.000534
7770.46582 0.000539
7771.10791 0.000544
7771.75000 0.000549
7772.39307 0.000554
7773.03613 0.000559
7773.67920 0.000564
7774.32080 0.000569
7774.96387 0.000574
7775.60693 0.00058
7776.25000 0.000586
7776.89307 0.000592
7777.53613 0.000598
7778.17920 0.000604
7778.82178 0.00061
7779.46484 0.000615
7780.10791 0.000622
7780.75098 0.000628
7781.39502 0.000635
7782.03809 0.000642
7782.68213 0.000649
7783.32520 0.000655
7783.96924 0.000662
7784.61182 0.000669
7785.25586 0.000676
7785.89893 0.000684
7786.54297 0.000691
7787.18701 0.000699
7787.83105 0.000707
7788.47510 0.000714
7789.11914 0.000722
7789.76318 0.00073
7790.40723 0.000738
7791.05078 0.000747
7791.69482 0.000756
7792.33887 0.000765
7792.98291 0.000774
7793.62793 0.000783
7794.27197 0.000792
7794.91699 0.000801
7795.56104 0.000811
7796.20605 0.000821
7796.85010 0.000832
7797.49512 0.000842
7798.14014 0.000852
7798.78418 0.000862
7799.42920 0.000872
7800.07422 0.000882
7800.71924 0.000893
7801.36377 0.000905
7802.00879 0.000916
7802.65381 0.000927
7803.29883 0.000938
7803.94385 0.000949
7804.58887 0.000961
7805.23486 0.000973
7805.87988 0.000987
7806.52490 0.001
7807.17090 0.001014
7807.81592 0.001028
7808.46191 0.001041
7809.10693 0.001055
7809.75293 0.001069
7810.39893 0.001084
7811.04395 0.001099
7811.68994 0.001115
7812.33594 0.001131
7812.98193 0.001146
7813.62793 0.001162
7814.27393 0.001178
7814.91992 0.001194
7815.56592 0.001211
7816.21191 0.001228
7816.85889 0.001246
7817.50488 0.001264
7818.15088 0.001281
7818.79785 0.001299
7819.44385 0.001316
7820.09082 0.001334
7820.73682 0.001355
7821.38379 0.001376
7822.03076 0.001397
7822.67676 0.001417
7823.32422 0.001438
7823.97119 0.001459
7824.61816 0.00148
7825.26514 0.001502
7825.91211 0.001525
7826.55908 0.001549
7827.20605 0.001573
7827.85303 0.001596
7828.50000 0.00162
7829.14697 0.001644
7829.79492 0.001667
7830.44189 0.001693
7831.08984 0.001719
7831.73682 0.001746
7832.38477 0.001772
7833.03223 0.001799
7833.68018 0.001825
7834.32812 0.001852
7834.97510 0.001878
7835.62305 0.00191
7836.27100 0.001941
7836.91895 0.001972
7837.56689 0.002004
7838.21484 0.002035
7838.86279 0.002067
7839.51123 0.002098
7840.15918 0.00213
7840.80713 0.002164
7841.45605 0.002198
7842.10400 0.002231
7842.75195 0.002265
7843.40088 0.002299
7844.04883 0.002333
7844.69824 0.002367
7845.34619 0.002404
7845.99512 0.002444
7846.64404 0.002483
7847.29199 0.002523
7847.94092 0.002563
7848.58984 0.002603
7849.23877 0.002643
7849.88818 0.002683
7850.53711 0.002727
7851.18604 0.002772
7851.83496 0.002818
7852.48389 0.002863
7853.13379 0.002908
7853.78320 0.002954
7854.43213 0.002999
7855.08203 0.003045
7855.73096 0.003093
7856.38086 0.003142
7857.02979 0.00319
7857.68018 0.003238
7858.33008 0.003287
7858.97900 0.003335
7859.62891 0.003383
7860.27881 0.003435
7860.92920 0.003491
7861.57910 0.003547
7862.22900 0.003602
7862.87891 0.003658
7863.52881 0.003714
7864.17920 0.00377
7864.82910 0.003826
7865.47900 0.003885
7866.12988 0.003945
7866.77979 0.004005
7867.43115 0.004064
7868.08105 0.004124
7868.73096 0.004184
7869.38184 0.004245
7870.03320 0.004305
7870.68408 0.004368
7871.33398 0.00443
7871.98486 0.004493
7872.63623 0.004556
7873.28711 0.004619
7873.93799 0.004682
7874.58887 0.004745
7875.24023 0.00481
7875.89111 0.004879
7876.54199 0.004947
7877.19287 0.005016
7877.84521 0.005085
7878.49609 0.005153
7879.14697 0.005222
7879.79883 0.005291
7880.45020 0.00536
7881.10205 0.00543
7881.75293 0.005499
7882.40479 0.005568
7883.05713 0.005638
7883.70801 0.005707
7884.35986 0.005776
7885.01221 0.005846
7885.66406 0.005917
7886.31592 0.005989
7886.96777 0.00606
7887.62109 0.006132
7888.27197 0.006203
7888.92480 0.006275
7889.57715 0.006346
7890.22900 0.006418
7890.88184 0.006492
7891.53418 0.006565
7892.18701 0.006638
7892.83887 0.006712
7893.49219 0.006785
7894.14404 0.006858
7894.79688 0.006932
7895.45020 0.007004
7896.10303 0.007075
7896.75488 0.007146
7897.40820 0.007218
7898.06104 0.007289
7898.71387 0.00736
7899.36719 0.007432
7900.02100 0.007503
7900.67285 0.007576
7901.32715 0.007648
7901.97998 0.007721
7902.63281 0.007794
7903.28711 0.007867
7903.93994 0.00794
7904.59424 0.008012
7905.24707 0.008084
7905.90088 0.008154
7906.55518 0.008225
7907.20801 0.008295
7907.86182 0.008365
7908.51611 0.008436
7909.16895 0.008506
7909.82422 0.008576
7910.47803 0.008646
7911.13184 0.008715
7911.78613 0.008784
7912.43994 0.008853
7913.09424 0.008923
7913.74805 0.008992
7914.40283 0.009061
7915.05713 0.009131
7915.71094 0.009203
7916.36621 0.009275
7917.02100 0.009348
7917.67480 0.00942
7918.33008 0.009493
7918.98389 0.009565
7919.63916 0.009638
7920.29395 0.009708
7920.94922 0.009776
7921.60400 0.009844
7922.25781 0.009912
7922.91406 0.00998
7923.56787 0.010049
7924.22412 0.010117
7924.87891 0.010185
7925.53418 0.010255
7926.18896 0.010326
7926.84521 0.010396
7927.50000 0.010467
7928.15479 0.010537
7928.81104 0.010608
7929.46680 0.010679
7930.12207 0.01075
7930.77783 0.010824
7931.43408 0.010897
7932.08887 0.010971
7932.74512 0.011044
7933.40088 0.011118
7934.05713 0.011192
7934.71289 0.011265
7935.36914 0.011341
7936.02490 0.011419
7936.68115 0.011496
7937.33691 0.011574
7937.99414 0.011652
7938.64990 0.011729
7939.30615 0.011807
7939.96289 0.011885
7940.61914 0.011966
7941.27588 0.012048
7941.93213 0.012129
7942.58887 0.012211
7943.24609 0.012292
7943.90186 0.012374
7944.55908 0.012456
7945.21582 0.01254
7945.87305 0.012628
7946.52979 0.012717
7947.18701 0.012806
7947.84424 0.012895
7948.50098 0.012984
7949.15820 0.013073
7949.81494 0.013162
7950.47314 0.013257
7951.12988 0.013355
7951.78809 0.013453
7952.44482 0.013551
7953.10303 0.013648
7953.75977 0.013747
7954.41699 0.013844
7955.07520 0.013944
7955.73291 0.014056
7956.39111 0.014168
7957.04883 0.01428
7957.70703 0.014392
7958.36523 0.014505
7959.02197 0.014617
7959.68115 0.014729
7960.33887 0.014847
7960.99707 0.01497
7961.65479 0.015094
7962.31299 0.015217
7962.97217 0.015341
7963.62988 0.015465
7964.28906 0.015588
7964.94678 0.015712
7965.60498 0.015851
7966.26416 0.015991
7966.92285 0.016132
7967.58203 0.016273
7968.24023 0.016413
7968.89893 0.016554
7969.55811 0.016695
7970.21680 0.016842
7970.87500 0.017004
7971.53516 0.017165
7972.19385 0.017327
7972.85303 0.017488
7973.51221 0.01765
7974.17090 0.017812
7974.83105 0.017974
7975.49023 0.018148
7976.14893 0.018327
7976.80908 0.018506
7977.46777 0.018685
7978.12793 0.018865
7978.78809 0.019044
7979.44678 0.019223
7980.10693 0.019407
7980.76709 0.019612
7981.42676 0.019818
7982.08594 0.020023
7982.74707 0.020229
7983.40723 0.020435
7984.06689 0.02064
7984.72705 0.020846
7985.38721 0.021068
7986.04688 0.021301
7986.70801 0.021533
7987.36816 0.021766
7988.02783 0.022
7988.68799 0.022233
7989.34912 0.022466
7990.00977 0.0227
7990.66992 0.02296
7991.33105 0.02322
7991.99219 0.02348
7992.65186 0.02374
7993.31299 0.024001
7993.97412 0.024261
7994.63477 0.024522
7995.29590 0.024801
7995.95703 0.025102
7996.61816 0.025404
7997.27881 0.025705
7997.93994 0.026007
7998.60205 0.02631
7999.26318 0.026612
7999.92480 0.026914
8000.58594 0.027226
8001.24805 0.027539
8001.90918 0.027853
8002.57080 0.028166
8003.23193 0.028479
8003.89404 0.028793
8004.55615 0.029106
8005.21777 0.029434
8005.87891 0.029791
8006.54199 0.030148
8007.20312 0.030505
8007.86523 0.030862
8008.52686 0.031219
8009.18896 0.031576
8009.85205 0.031933
8010.51416 0.032314
8011.17578 0.032701
8011.83887 0.033088
8012.50098 0.033475
8013.16406 0.033863
8013.82617 0.03425
8014.48877 0.034637
8015.15088 0.03503
8015.81396 0.035444
8016.47705 0.035858
8017.14014 0.036273
8017.80176 0.036686
8018.46484 0.037101
8019.12793 0.037515
8019.79199 0.037929
8020.45508 0.038361
8021.11816 0.038801
8021.78076 0.039241
8022.44385 0.039681
8023.10693 0.040121
8023.77100 0.040561
8024.43408 0.041001
8025.09814 0.041445
8025.76123 0.041909
8026.42383 0.042374
8027.08789 0.042838
8027.75195 0.043303
8028.41602 0.043768
8029.07910 0.044232
8029.74316 0.044697
8030.40723 0.04517
8031.07080 0.045648
8031.73486 0.046126
8032.39893 0.046604
8033.06299 0.047082
8033.72803 0.047561
8034.39209 0.048039
8035.05615 0.048519
8035.72021 0.049022
8036.38477 0.049524
8037.04883 0.050026
8037.71289 0.050529
8038.37793 0.051031
8039.04199 0.051533
8039.70801 0.052036
8040.37207 0.052529
8041.03711 0.053014
8041.70215 0.053499
8042.36719 0.053985
8043.03223 0.05447
8043.69580 0.054955
8044.36084 0.05544
8045.02686 0.055925
8045.69189 0.056403
8046.35693 0.056881
8047.02197 0.05736
8047.68701 0.057838
8048.35303 0.058316
8049.01904 0.058794
8049.68408 0.059273
8050.35010 0.059752
8051.01514 0.060233
8051.68115 0.060714
8052.34717 0.061195
8053.01221 0.061676
8053.67822 0.062157
8054.34424 0.062638
8055.00977 0.063118
8055.67578 0.063557
8056.34180 0.063995
8057.00781 0.064434
8057.67383 0.064873
8058.33984 0.065312
8059.00586 0.06575
8059.67285 0.066189
8060.33887 0.06662
8061.00586 0.067045
8061.67188 0.067469
8062.33887 0.067893
8063.00488 0.068317
8063.67188 0.068741
8064.33887 0.069165
8065.00488 0.069589
8065.67188 0.069984
8066.33887 0.070378
8067.00586 0.070772
8067.67285 0.071167
8068.33984 0.071561
8069.00684 0.071956
8069.67383 0.07235
8070.34082 0.072724
8071.00879 0.073079
8071.67578 0.073434
8072.34277 0.07379
8073.01123 0.074145
8073.67822 0.0745
8074.34619 0.074855
8075.01318 0.07521
8075.68115 0.075531
8076.34912 0.075853
8077.01709 0.076174
8077.68408 0.076496
8078.35205 0.076817
8079.02002 0.077139
8079.68799 0.07746
8080.35596 0.077773
8081.02393 0.078079
8081.69189 0.078384
8082.35986 0.078689
8083.02881 0.078995
8083.69678 0.0793
8084.36523 0.079605
8085.03418 0.079908
8085.70215 0.080159
8086.37109 0.080411
8087.03906 0.080662
8087.70801 0.080914
8088.37598 0.081165
8089.04492 0.081417
8089.71387 0.081669
8090.38281 0.081901
8091.05176 0.082119
8091.72119 0.082337
8092.39014 0.082556
8093.05908 0.082774
8093.72803 0.082992
8094.39697 0.08321
8095.06592 0.083424
8095.73584 0.083605
8096.40479 0.083786
8097.07520 0.083966
8097.74414 0.084147
8098.41406 0.084328
8099.08301 0.084508
8099.75293 0.084689
8100.42188 0.084837
8101.09180 0.084967
8101.76221 0.085096
8102.43213 0.085225
8103.10205 0.085355
8103.77100 0.085484
8104.44189 0.085613
8105.11182 0.085736
8105.78223 0.085826
8106.45215 0.085916
8107.12305 0.086006
8107.79199 0.086096
8108.46289 0.086185
8109.13281 0.086275
8109.80420 0.086365
8110.47510 0.086429
8111.14502 0.086482
8111.81494 0.086535
8112.48584 0.086588
8113.15723 0.086641
8113.82812 0.086694
8114.49902 0.086747
8115.16895 0.086795
8115.83984 0.086831
8116.51221 0.086868
8117.18311 0.086904
8117.85400 0.08694
8118.52490 0.086976
8119.19580 0.087012
8119.86719 0.087048
8120.53906 0.087059
8121.20996 0.087064
8121.88184 0.087069
8122.55322 0.087074
8123.22510 0.08708
8123.89600 0.087085
8124.56787 0.08709
8125.24023 0.087093
8125.91211 0.087092
8126.58301 0.087091
8127.25488 0.08709
8127.92676 0.08709
8128.59912 0.087089
8129.27100 0.087088
8129.94287 0.087087
8130.61621 0.087081
8131.28809 0.087074
8131.95996 0.087068
8132.63184 0.087061
8133.30518 0.087054
8133.97803 0.087047
8134.64990 0.087041
8135.32178 0.087031
8135.99512 0.087019
8136.66797 0.087007
8137.33984 0.086995
8138.01318 0.086983
8138.68604 0.086971
8139.35889 0.086959
8140.03223 0.086948
8140.70508 0.086947
8141.37793 0.086946
8142.05078 0.086945
8142.72510 0.086944
8143.39697 0.086943
8144.07080 0.086943
8144.74414 0.086942
8145.41699 0.086947
8146.09082 0.086957
8146.76514 0.086966
8147.43799 0.086975
8148.11182 0.086985
8148.78613 0.086994
8149.45898 0.087003
8150.13281 0.087011
8150.80713 0.08701
8151.48096 0.087008
8152.15479 0.087007
8152.82910 0.087006
8153.50293 0.087005
8154.17676 0.087004
8154.85107 0.087003
8155.52490 0.086998
8156.20020 0.086992
8156.87402 0.086986
8157.54785 0.08698
8158.22314 0.086974
8158.89697 0.086968
8159.57178 0.086962
8160.24707 0.086955
8160.92090 0.086949
8161.59619 0.086942
8162.27100 0.086936
8162.94580 0.086929
8163.62109 0.086922
8164.29492 0.086916
8164.97119 0.086909
8165.64600 0.086889
8166.32080 0.086868
8166.99609 0.086847
8167.67090 0.086826
8168.34717 0.086806
8169.02197 0.086785
8169.69678 0.086764
8170.37305 0.086732
8171.04785 0.08669
8171.72412 0.086649
8172.39893 0.086607
8173.07520 0.086566
8173.75098 0.086524
8174.42676 0.086483
8175.10303 0.086439
8175.77783 0.08638
8176.45508 0.086321
8177.12988 0.086262
8177.80713 0.086203
8178.48291 0.086144
8179.15918 0.086085
8179.83496 0.086026
8180.51221 0.085948
8181.18799 0.085864
8181.86377 0.08578
8182.54102 0.085696
8183.21680 0.085612
8183.89404 0.085528
8184.56982 0.085444
8185.24707 0.085349
8185.92383 0.085237
8186.60107 0.085124
8187.27783 0.085011
8187.95508 0.084899
8188.63086 0.084786
8189.30908 0.084673
8189.98584 0.084561
8190.66309 0.084423
8191.33984 0.084284
8192.01758 0.084145
8192.69434 0.084007
8193.37207 0.083868
8194.04980 0.083729
8194.72656 0.08359
8195.40430 0.083452
8196.08203 0.083314
8196.75977 0.083175
8197.43848 0.083037
8198.11523 0.082899
8198.79297 0.082761
8199.47070 0.082622
8200.14844 0.082481
8200.82715 0.082328
8201.50488 0.082175
8202.18262 0.082022
8202.86133 0.081869
8203.53906 0.081715
8204.21777 0.081562
8204.89648 0.081409
8205.57422 0.081257
8206.25293 0.081104
8206.93066 0.080952
8207.60938 0.0808
8208.28809 0.080647
8208.96680 0.080495
8209.64648 0.080343
8210.32422 0.080187
8211.00293 0.080028
8211.68164 0.07987
8212.36133 0.079711
8213.04004 0.079552
8213.71875 0.079393
8214.39844 0.079234
8215.07715 0.079079
8215.75684 0.078945
8216.43555 0.078811
8217.11523 0.078677
8217.79492 0.078543
8218.47363 0.078409
8219.15332 0.078276
8219.83301 0.078142
8220.51270 0.078013
8221.19238 0.077885
8221.87207 0.077758
8222.55176 0.07763
8223.23145 0.077503
8223.91113 0.077375
8224.59180 0.077247
8225.27148 0.077127
8225.95117 0.077018
8226.63184 0.076909
8227.31152 0.0768
8227.99219 0.076691
8228.67285 0.076582
8229.35254 0.076474
8230.03320 0.076365
8230.71387 0.076275
8231.39453 0.076185
8232.07422 0.076095
8232.75488 0.076005
8233.43555 0.075915
8234.11719 0.075825
8234.79785 0.075735
8235.47852 0.075666
8236.15918 0.075606
8236.83984 0.075545
8237.52148 0.075485
8238.20215 0.075425
8238.88379 0.075364
8239.56445 0.075304
8240.24609 0.075248
8240.92676 0.075201
8241.60840 0.075153
8242.29004 0.075105
8242.97168 0.075058
8243.65332 0.07501
8244.33496 0.074962
8245.01660 0.074915
8245.69824 0.074884
8246.37988 0.074853
8247.06152 0.074821
8247.74316 0.07479
8248.42480 0.074759
8249.10742 0.074728
8249.78906 0.074697
8250.47168 0.074677
8251.15332 0.074661
8251.83594 0.074646
8252.51758 0.074631
8253.20020 0.074616
8253.88281 0.0746
8254.56543 0.074585
8255.24707 0.074574
8255.92969 0.07457
8256.61230 0.074565
8257.29492 0.074561
8257.97754 0.074557
8258.66113 0.074553
8259.34375 0.074548
8260.02637 0.074544
8260.70898 0.074532
8261.39258 0.07452
8262.07520 0.074507
8262.75879 0.074495
8263.44141 0.074483
8264.12500 0.074471
8264.80859 0.074459
8265.49121 0.074451
8266.17480 0.074444
8266.85840 0.074438
8267.54199 0.074432
8268.22559 0.074426
8268.90918 0.074419
8269.59277 0.074413
8270.27637 0.074403
8270.95996 0.074386
8271.64453 0.07437
8272.32812 0.074353
8273.01172 0.074337
8273.69629 0.07432
8274.37988 0.074304
8275.06445 0.074285
8275.74805 0.074248
8276.43262 0.07421
8277.11719 0.074172
8277.80078 0.074134
8278.48535 0.074096
8279.16992 0.074058
