threeML/data/optical_filters/HST/NICMOS1-F165M.ecsv
# %ECSV 0.9
# ---
# datatype:
# - {name: wavelength, unit: Angstrom, datatype: float32}
# - {name: response, datatype: float32}
# meta: !!omap
# - {band_name: F165M}
# - {group_name: NICMOS1}
wavelength response
13605.52539 0.0
15117.25000 0.000403
15117.62012 0.000407
15117.99023 0.000411
15118.34961 0.000415
15118.71973 0.00042
15119.08984 0.000424
15119.45996 0.000428
15119.83008 0.000432
15120.20020 0.000434
15120.55957 0.000436
15120.92969 0.000438
15121.29980 0.00044
15121.66992 0.000442
15122.04004 0.000444
15122.41016 0.000445
15122.76953 0.000447
15123.13965 0.000449
15123.50977 0.000451
15123.87988 0.000453
15124.25000 0.000454
15124.62012 0.000456
15124.99023 0.000458
15125.34961 0.000461
15125.71973 0.000464
15126.08984 0.000467
15126.45996 0.000469
15126.83008 0.000472
15127.20020 0.000475
15127.57031 0.000478
15127.92969 0.000481
15128.29980 0.000484
15128.66992 0.000486
15129.04004 0.000489
15129.41016 0.000492
15129.78027 0.000495
15130.15039 0.000497
15130.50977 0.000499
15130.87988 0.000501
15131.25000 0.000503
15131.62012 0.000505
15131.99023 0.000507
15132.36035 0.000509
15132.73047 0.00051
15133.09961 0.000512
15133.45996 0.000514
15133.83008 0.000516
15134.20020 0.000518
15134.57031 0.00052
15134.94043 0.000522
15135.30957 0.000523
15135.67969 0.000524
15136.04004 0.000525
15136.41016 0.000527
15136.78027 0.000528
15137.15039 0.000529
15137.51953 0.00053
15137.88965 0.000532
15138.25977 0.000533
15138.62988 0.000534
15139.00000 0.000535
15139.36035 0.000536
15139.73047 0.000538
15140.09961 0.000539
15140.46973 0.000543
15140.83984 0.000547
15141.20996 0.00055
15141.58008 0.000554
15141.95020 0.000557
15142.32031 0.000561
15142.67969 0.000565
15143.04980 0.000568
15143.41992 0.000572
15143.79004 0.000575
15144.16016 0.000579
15144.53027 0.000583
15144.90039 0.000586
15145.26953 0.000588
15145.63965 0.000588
15146.00977 0.000589
15146.37988 0.000589
15146.74023 0.00059
15147.11035 0.00059
15147.48047 0.000591
15147.84961 0.000591
15148.21973 0.000592
15148.58984 0.000592
15148.95996 0.000593
15149.33008 0.000593
15149.70020 0.000594
15150.07031 0.000595
15150.42969 0.000598
15150.79980 0.0006
15151.16992 0.000603
15151.54004 0.000606
15151.91016 0.000608
15152.28027 0.000611
15152.65039 0.000614
15153.01953 0.000616
15153.38965 0.000619
15153.75977 0.000622
15154.12988 0.000625
15154.50000 0.000627
15154.87012 0.00063
15155.23047 0.000633
15155.59961 0.000637
15155.96973 0.00064
15156.33984 0.000644
15156.70996 0.000647
15157.08008 0.000651
15157.45020 0.000654
15157.82031 0.000658
15158.19043 0.000661
15158.55957 0.000665
15158.92969 0.000668
15159.29980 0.000672
15159.66992 0.000676
15160.04004 0.000679
15160.40039 0.000681
15160.76953 0.000683
15161.13965 0.000685
15161.50977 0.000688
15161.87988 0.00069
15162.25000 0.000692
15162.62012 0.000694
15162.99023 0.000696
15163.36035 0.000698
15163.73047 0.000701
15164.09961 0.000703
15164.46973 0.000705
15164.83984 0.000707
15165.20996 0.000711
15165.58008 0.000715
15165.95020 0.00072
15166.32031 0.000725
15166.69043 0.000729
15167.04980 0.000734
15167.41992 0.000739
15167.79004 0.000744
15168.16016 0.000748
15168.53027 0.000753
15168.90039 0.000758
15169.26953 0.000762
15169.63965 0.000767
15170.00977 0.000772
15170.37988 0.000775
15170.75000 0.000778
15171.12012 0.000781
15171.49023 0.000784
15171.86035 0.000787
15172.23047 0.00079
15172.59961 0.000793
15172.96973 0.000796
15173.33984 0.000799
15173.70996 0.000802
15174.08008 0.000805
15174.45020 0.000808
15174.82031 0.000811
15175.19043 0.000815
15175.55957 0.00082
15175.92969 0.000825
15176.29980 0.00083
15176.66992 0.000835
15177.04004 0.00084
15177.41016 0.000846
15177.78027 0.000851
15178.15039 0.000856
15178.50977 0.000861
15178.87988 0.000866
15179.25000 0.000872
15179.62012 0.000877
15179.99023 0.000882
15180.36035 0.000885
15180.73047 0.000888
15181.09961 0.000892
15181.46973 0.000895
15181.83984 0.000898
15182.20996 0.000901
15182.58008 0.000905
15182.95020 0.000908
15183.32031 0.000911
15183.69043 0.000914
15184.05957 0.000918
15184.42969 0.000921
15184.79980 0.000924
15185.16992 0.000928
15185.54004 0.000934
15185.91016 0.000939
15186.28027 0.000945
15186.65039 0.000951
15187.01953 0.000956
15187.38965 0.000962
15187.75977 0.000967
15188.12988 0.000973
15188.50000 0.000978
15188.87012 0.000984
15189.24023 0.000989
15189.61035 0.000995
15189.98047 0.001
15190.34961 0.001005
15190.71973 0.00101
15191.08984 0.001014
15191.45996 0.001019
15191.83008 0.001024
15192.20020 0.001028
15192.57031 0.001033
15192.94043 0.001037
15193.32031 0.001042
15193.69043 0.001047
15194.05957 0.001051
15194.42969 0.001056
15194.79980 0.001061
15195.16992 0.001065
15195.54004 0.001069
15195.91016 0.001073
15196.28027 0.001078
15196.65039 0.001082
15197.01953 0.001086
15197.38965 0.00109
15197.75977 0.001094
15198.12988 0.001099
15198.50000 0.001103
15198.87012 0.001107
15199.24023 0.001111
15199.61035 0.001115
15199.98047 0.00112
15200.34961 0.001128
15200.71973 0.001136
15201.08984 0.001144
15201.45996 0.001153
15201.83008 0.001161
15202.20020 0.001169
15202.57031 0.001178
15202.94043 0.001186
15203.30957 0.001194
15203.67969 0.001203
15204.04980 0.001211
15204.41992 0.001219
15204.79004 0.001227
15205.16992 0.001233
15205.54004 0.001236
15205.91016 0.001238
15206.28027 0.001241
15206.65039 0.001243
15207.01953 0.001246
15207.38965 0.001248
15207.75977 0.001251
15208.12988 0.001253
15208.50000 0.001256
15208.87012 0.001258
15209.24023 0.001261
15209.61035 0.001263
15209.98047 0.001266
15210.34961 0.001274
15210.71973 0.001282
15211.08984 0.001291
15211.45996 0.001299
15211.83008 0.001307
15212.20996 0.001316
15212.58008 0.001324
15212.95020 0.001332
15213.32031 0.001341
15213.69043 0.001349
15214.05957 0.001358
15214.42969 0.001366
15214.79980 0.001374
15215.16992 0.001383
15215.54004 0.001393
15215.91016 0.001403
15216.28027 0.001413
15216.65039 0.001423
15217.03027 0.001432
15217.40039 0.001442
15217.76953 0.001452
15218.13965 0.001462
15218.50977 0.001472
15218.87988 0.001481
15219.25000 0.001491
15219.62012 0.001501
15219.99023 0.001511
15220.36035 0.001518
15220.73047 0.001525
15221.09961 0.001532
15221.46973 0.00154
15221.84961 0.001547
15222.21973 0.001554
15222.58984 0.001561
15222.95996 0.001568
15223.33008 0.001575
15223.70020 0.001582
15224.07031 0.00159
15224.44043 0.001597
15224.80957 0.001604
15225.17969 0.001612
15225.54980 0.001622
15225.92969 0.001632
15226.29980 0.001642
15226.66992 0.001652
15227.04004 0.001662
15227.41016 0.001672
15227.78027 0.001682
15228.15039 0.001692
15228.51953 0.001701
15228.88965 0.001711
15229.25977 0.001721
15229.63965 0.001731
15230.00977 0.001741
15230.37988 0.001751
15230.75000 0.001761
15231.12012 0.001771
15231.49023 0.001781
15231.86035 0.001791
15232.23047 0.001801
15232.59961 0.001811
15232.98047 0.001821
15233.34961 0.00183
15233.71973 0.00184
15234.08984 0.00185
15234.45996 0.00186
15234.83008 0.00187
15235.20020 0.001879
15235.57031 0.001888
15235.95020 0.001896
15236.32031 0.001904
15236.69043 0.001912
15237.05957 0.001921
15237.42969 0.001929
15237.79980 0.001937
15238.16992 0.001946
15238.54004 0.001954
15238.91992 0.001962
15239.29004 0.001971
15239.66016 0.001979
15240.03027 0.001987
15240.40039 0.001999
15240.76953 0.00201
15241.13965 0.002021
15241.50977 0.002033
15241.88965 0.002044
15242.25977 0.002055
15242.62988 0.002067
15243.00000 0.002078
15243.37012 0.002089
15243.74023 0.002101
15244.11035 0.002112
15244.49023 0.002123
15244.86035 0.002135
15245.23047 0.002148
15245.59961 0.002162
15245.96973 0.002176
15246.33984 0.00219
15246.70996 0.002205
15247.08984 0.002219
15247.45996 0.002233
15247.83008 0.002247
15248.20020 0.002262
15248.57031 0.002276
15248.94043 0.00229
15249.32031 0.002305
15249.69043 0.002319
15250.05957 0.002333
15250.42969 0.00235
15250.79980 0.002367
15251.16992 0.002384
15251.54004 0.002401
15251.91992 0.002418
15252.29004 0.002435
15252.66016 0.002452
15253.03027 0.002468
15253.40039 0.002485
15253.76953 0.002502
15254.15039 0.002519
15254.51953 0.002536
15254.88965 0.002553
15255.25977 0.002568
15255.62988 0.002583
15256.00000 0.002599
15256.37988 0.002614
15256.75000 0.002629
15257.12012 0.002644
15257.49023 0.002659
15257.86035 0.002674
15258.24023 0.002689
15258.61035 0.002704
15258.98047 0.002719
15259.34961 0.002734
15259.71973 0.002749
15260.08984 0.002765
15260.46973 0.002782
15260.83984 0.002798
15261.20996 0.002815
15261.58008 0.002832
15261.95020 0.002849
15262.33008 0.002865
15262.70020 0.002882
15263.07031 0.002899
15263.44043 0.002916
15263.80957 0.002933
15264.17969 0.002949
15264.55957 0.002966
15264.92969 0.002983
15265.29980 0.003001
15265.66992 0.003019
15266.04004 0.003037
15266.41992 0.003055
15266.79004 0.003073
15267.16016 0.003092
15267.53027 0.00311
15267.90039 0.003128
15268.28027 0.003146
15268.65039 0.003164
15269.01953 0.003182
15269.38965 0.0032
15269.75977 0.003219
15270.13965 0.003238
15270.50977 0.00326
15270.87988 0.003282
15271.25000 0.003304
15271.62012 0.003326
15272.00000 0.003348
15272.37012 0.00337
15272.74023 0.003392
15273.11035 0.003414
15273.48047 0.003435
15273.86035 0.003457
15274.23047 0.003479
15274.59961 0.003501
15274.96973 0.003523
15275.34961 0.003545
15275.71973 0.003567
15276.08984 0.003589
15276.45996 0.003611
15276.83008 0.003633
15277.20996 0.003655
15277.58008 0.003677
15277.95020 0.003699
15278.32031 0.003721
15278.70020 0.003743
15279.07031 0.003765
15279.44043 0.003787
15279.80957 0.003809
15280.17969 0.003835
15280.55957 0.003863
15280.92969 0.003892
15281.29980 0.003921
15281.66992 0.003949
15282.04980 0.003978
15282.41992 0.004007
15282.79004 0.004035
15283.16016 0.004064
15283.54004 0.004092
15283.91016 0.004121
15284.28027 0.00415
15284.65039 0.004178
15285.03027 0.004207
15285.40039 0.004232
15285.76953 0.004258
15286.13965 0.004284
15286.50977 0.004309
15286.88965 0.004335
15287.25977 0.004361
15287.62988 0.004386
15288.00000 0.004412
15288.37988 0.004437
15288.75000 0.004463
15289.12012 0.004489
15289.50000 0.004514
15289.87012 0.00454
15290.24023 0.00457
15290.61035 0.004603
15290.99023 0.004636
15291.36035 0.004668
15291.73047 0.004701
15292.09961 0.004733
15292.48047 0.004766
15292.84961 0.004799
15293.21973 0.004831
15293.58984 0.004864
15293.96973 0.004897
15294.33984 0.004929
15294.70996 0.004962
15295.08008 0.004996
15295.45996 0.005035
15295.83008 0.005074
15296.20020 0.005113
15296.57031 0.005152
15296.95020 0.005191
15297.32031 0.00523
15297.69043 0.005269
15298.07031 0.005308
15298.44043 0.005347
15298.80957 0.005385
15299.17969 0.005424
15299.55957 0.005463
15299.92969 0.005502
15300.29980 0.005538
15300.66992 0.005572
15301.04980 0.005606
15301.41992 0.005641
15301.79004 0.005675
15302.16992 0.005709
15302.54004 0.005744
15302.91016 0.005778
15303.28027 0.005812
15303.66016 0.005847
15304.03027 0.005881
15304.40039 0.005916
15304.78027 0.00595
15305.15039 0.005988
15305.51953 0.006032
15305.88965 0.006075
15306.26953 0.006119
15306.63965 0.006163
15307.00977 0.006207
15307.38965 0.00625
15307.75977 0.006294
15308.12988 0.006338
15308.50977 0.006382
15308.87988 0.006426
15309.25000 0.006469
15309.62012 0.006513
15310.00000 0.006557
15310.37012 0.006602
15310.74023 0.006646
15311.12012 0.006691
15311.49023 0.006736
15311.86035 0.006781
15312.24023 0.006826
15312.61035 0.006871
15312.98047 0.006916
15313.36035 0.006961
15313.73047 0.007005
15314.09961 0.00705
15314.46973 0.007095
15314.84961 0.00714
15315.21973 0.00719
15315.58984 0.007242
15315.96973 0.007295
15316.33984 0.007348
15316.70996 0.007401
15317.08984 0.007454
15317.45996 0.007507
15317.83008 0.00756
15318.20996 0.007613
15318.58008 0.007665
15318.95020 0.007718
15319.33008 0.007771
15319.70020 0.007824
15320.07031 0.007879
15320.45020 0.007942
15320.82031 0.008005
15321.19043 0.008067
15321.57031 0.00813
15321.94043 0.008193
15322.30957 0.008256
15322.69043 0.008318
15323.05957 0.008381
15323.42969 0.008444
15323.80957 0.008507
15324.17969 0.008569
15324.54980 0.008632
15324.92969 0.008695
15325.29980 0.008766
15325.66992 0.008838
15326.04980 0.00891
15326.41992 0.008983
15326.79004 0.009055
15327.16992 0.009128
15327.54004 0.0092
15327.91016 0.009272
15328.29004 0.009345
15328.66016 0.009417
15329.03027 0.00949
15329.41016 0.009562
15329.78027 0.009634
15330.15039 0.009709
15330.53027 0.009785
15330.90039 0.009862
15331.26953 0.009939
15331.65039 0.010016
15332.01953 0.010092
15332.40039 0.010169
15332.76953 0.010246
15333.13965 0.010323
15333.51953 0.010399
15333.88965 0.010476
15334.25977 0.010553
15334.63965 0.01063
15335.00977 0.010706
15335.37988 0.010785
15335.75977 0.010864
15336.12988 0.010944
15336.50000 0.011023
15336.87988 0.011102
15337.25000 0.011181
15337.62988 0.01126
15338.00000 0.011339
15338.37012 0.011418
15338.75000 0.011497
15339.12012 0.011576
15339.50000 0.011655
15339.87012 0.011734
15340.24023 0.011824
15340.62012 0.01192
15340.99023 0.012015
15341.36035 0.012111
15341.74023 0.012206
15342.11035 0.012302
15342.49023 0.012398
15342.86035 0.012493
15343.23047 0.012589
15343.61035 0.012684
15343.98047 0.01278
15344.34961 0.012876
15344.73047 0.012971
15345.09961 0.013069
15345.48047 0.013173
15345.84961 0.013278
15346.21973 0.013382
15346.59961 0.013486
15346.96973 0.013591
15347.34961 0.013695
15347.71973 0.013799
15348.08984 0.013904
15348.46973 0.014008
15348.83984 0.014112
15349.20996 0.014217
15349.58984 0.014321
15349.95996 0.014425
15350.33984 0.014544
15350.70996 0.014664
15351.08008 0.014784
15351.45996 0.014904
15351.83008 0.015024
15352.20996 0.015144
15352.58008 0.015264
15352.95996 0.015384
15353.33008 0.015504
15353.70020 0.015624
15354.08008 0.015744
15354.45020 0.015865
15354.83008 0.015985
15355.20020 0.016116
15355.57031 0.016256
15355.95020 0.016396
15356.32031 0.016537
15356.70020 0.016677
15357.07031 0.016817
15357.44043 0.016958
15357.82031 0.017098
15358.19043 0.017239
15358.57031 0.017379
15358.94043 0.017519
15359.32031 0.01766
15359.69043 0.0178
15360.05957 0.017944
15360.44043 0.018101
15360.80957 0.018259
15361.19043 0.018417
15361.55957 0.018575
15361.94043 0.018732
15362.30957 0.01889
15362.67969 0.019048
15363.05957 0.019206
15363.42969 0.019363
15363.80957 0.019521
15364.17969 0.019679
15364.55957 0.019837
15364.92969 0.019995
15365.29980 0.020159
15365.67969 0.020325
15366.04980 0.020492
15366.42969 0.020658
15366.79980 0.020824
15367.17969 0.020991
15367.54980 0.021157
15367.92969 0.021323
15368.29980 0.02149
15368.66992 0.021656
15369.04980 0.021822
15369.41992 0.021988
15369.79980 0.022155
15370.16992 0.022333
15370.54980 0.022525
15370.91992 0.022716
15371.29980 0.022909
15371.66992 0.0231
15372.04004 0.023292
15372.41992 0.023484
15372.79004 0.023676
15373.16992 0.023868
15373.54004 0.02406
15373.91992 0.024252
15374.29004 0.024443
15374.66992 0.024635
15375.04004 0.024829
15375.41992 0.025043
15375.79004 0.025256
15376.16992 0.025469
15376.54004 0.025682
15376.91016 0.025895
15377.29004 0.026108
15377.66016 0.026322
15378.04004 0.026535
15378.41016 0.026748
15378.79004 0.026961
15379.16016 0.027174
15379.54004 0.027388
15379.91016 0.027601
15380.29004 0.027836
15380.66016 0.028077
15381.04004 0.028319
15381.41016 0.02856
15381.79004 0.028802
15382.16016 0.029043
15382.54004 0.029285
15382.91016 0.029526
15383.29004 0.029768
15383.66016 0.03001
15384.03027 0.030251
15384.41016 0.030492
15384.78027 0.030734
15385.16016 0.030992
15385.53027 0.031273
15385.91016 0.031554
15386.28027 0.031834
15386.66016 0.032115
15387.03027 0.032396
15387.41016 0.032677
15387.78027 0.032958
15388.16016 0.033238
15388.53027 0.033519
15388.91016 0.0338
15389.28027 0.034081
15389.66016 0.034362
15390.03027 0.034646
15390.41016 0.034968
15390.78027 0.03529
15391.16016 0.035611
15391.53027 0.035933
15391.91016 0.036254
15392.28027 0.036576
15392.66016 0.036897
15393.03027 0.037219
15393.41016 0.037541
15393.78027 0.037862
15394.16016 0.038184
15394.53027 0.038505
15394.91016 0.038827
15395.28027 0.039159
15395.66016 0.039495
15396.03027 0.039831
15396.41016 0.040167
15396.78027 0.040503
15397.16016 0.040838
15397.53027 0.041174
15397.91016 0.041509
15398.28027 0.041845
15398.66016 0.042182
15399.04004 0.042517
15399.41016 0.042853
15399.79004 0.043189
15400.16016 0.043539
15400.54004 0.043909
15400.91016 0.044278
