threeML/data/optical_filters/HST/NICMOS3-F212N.ecsv
# %ECSV 0.9
# ---
# datatype:
# - {name: wavelength, unit: Angstrom, datatype: float32}
# - {name: response, datatype: float32}
# meta: !!omap
# - {band_name: F212N}
# - {group_name: NICMOS3}
wavelength response
[from data line 767]
21141.75000 0.246225
21141.96094 0.246407
21142.16992 0.246527
21142.38086 0.246633
21142.59961 0.246739
21142.81055 0.246845
21143.01953 0.246951
21143.23047 0.247057
21143.43945 0.247163
21143.65039 0.247269
21143.85938 0.247375
21144.07031 0.247446
21144.28906 0.24745
21144.50000 0.247455
21144.71094 0.247459
21144.91992 0.247463
21145.13086 0.247467
21145.33984 0.247472
21145.55078 0.247476
21145.75977 0.24748
21145.97070 0.247484
21146.18945 0.247364
21146.40039 0.247227
21146.60938 0.247089
21146.82031 0.246952
21147.02930 0.246815
21147.24023 0.246676
21147.44922 0.246539
21147.66016 0.246402
21147.86914 0.246265
21148.08984 0.246228
21148.30078 0.246337
21148.50977 0.246446
21148.72070 0.246556
21148.92969 0.246664
21149.14062 0.246773
21149.34961 0.246882
21149.56055 0.246991
21149.77930 0.2471
21149.99023 0.24721
21150.19922 0.24711
21150.41016 0.246998
21150.61914 0.246885
21150.83008 0.246773
21151.03906 0.24666
21151.25977 0.246547
21151.47070 0.246435
21151.67969 0.246322
21151.89062 0.24621
21152.09961 0.24608
21152.31055 0.245929
21152.51953 0.245778
21152.73047 0.245628
21152.94922 0.245477
21153.16016 0.245327
21153.36914 0.245177
21153.58008 0.245027
21153.78906 0.244875
21154.00000 0.244727
21154.21094 0.244791
21154.41992 0.244856
21154.63086 0.24492
21154.84961 0.244985
21155.06055 0.24505
21155.26953 0.245115
21155.48047 0.245179
21155.68945 0.245244
21155.90039 0.245308
21156.11914 0.245281
21156.33008 0.245176
21156.53906 0.245071
21156.75000 0.244967
21156.96094 0.244862
21157.16992 0.244756
21157.38086 0.244652
21157.58984 0.244547
21157.80078 0.244442
21158.01953 0.244335
21158.23047 0.244191
21158.43945 0.244048
21158.65039 0.243906
21158.85938 0.243763
21159.07031 0.24362
21159.28906 0.243476
21159.50000 0.243334
21159.71094 0.243191
21159.91992 0.243049
21160.13086 0.243043
21160.33984 0.243125
21160.55078 0.243206
21160.75977 0.243288
21160.97070 0.243369
21161.18945 0.243451
21161.40039 0.243533
21161.60938 0.243614
21161.82031 0.243696
21162.02930 0.243759
21162.24023 0.243718
21162.46094 0.243677
21162.66992 0.243636
21162.88086 0.243595
21163.08984 0.243554
21163.30078 0.243513
21163.50977 0.243472
21163.72070 0.243431
21163.92969 0.24339
21164.15039 0.24335
21164.35938 0.24331
21164.57031 0.243269
21164.77930 0.243229
21164.99023 0.243189
21165.19922 0.243149
21165.41016 0.243109
21165.61914 0.243068
21165.83984 0.243028
21166.05078 0.242987
21166.25977 0.242947
21166.47070 0.242906
21166.67969 0.242866
21166.89062 0.242825
21167.10938 0.242784
21167.32031 0.242744
21167.52930 0.242703
21167.74023 0.242662
21167.94922 0.242621
21168.16016 0.242543
21168.36914 0.242453
21168.58984 0.242363
21168.80078 0.242273
21169.00977 0.242183
21169.22070 0.242093
21169.42969 0.242002
21169.64062 0.241913
21169.84961 0.241823
21170.06055 0.241773
21170.27930 0.241815
21170.49023 0.241857
21170.69922 0.241899
21170.91016 0.241941
21171.11914 0.241983
21171.33008 0.242025
21171.53906 0.242066
21171.75977 0.242109
21171.97070 0.242151
21172.17969 0.24217
21172.39062 0.242185
21172.59961 0.242201
21172.81055 0.242216
21173.02930 0.242232
21173.24023 0.242247
21173.44922 0.242263
21173.66016 0.242278
21173.86914 0.242294
21174.08008 0.242369
21174.28906 0.242535
21174.50977 0.242701
21174.72070 0.242866
21174.92969 0.243034
21175.14062 0.243199
21175.34961 0.243365
21175.56055 0.243532
21175.77930 0.243698
21175.99023 0.243864
21176.19922 0.243907
21176.41016 0.243943
21176.61914 0.243978
21176.83008 0.244013
21177.03906 0.244048
21177.25977 0.244083
21177.47070 0.244118
21177.67969 0.244154
21177.89062 0.244189
21178.09961 0.244241
21178.31055 0.244311
21178.52930 0.244383
21178.74023 0.244453
21178.94922 0.244523
21179.16016 0.244594
21179.36914 0.244665
21179.58008 0.244735
21179.78906 0.244806
21180.00977 0.244872
21180.22070 0.244769
21180.42969 0.244664
21180.64062 0.244561
21180.84961 0.244457
21181.06055 0.244354
21181.27930 0.244249
21181.49023 0.244146
21181.69922 0.244042
21181.91016 0.243938
21182.11914 0.243952
21182.33008 0.244054
21182.53906 0.244157
21182.75977 0.244259
21182.97070 0.244362
21183.17969 0.244465
21183.39062 0.244567
21183.59961 0.244669
21183.81055 0.244772
21184.02930 0.244874
21184.24023 0.244975
21184.44922 0.245077
21184.66016 0.245178
21184.86914 0.245279
21185.08008 0.24538
21185.28906 0.245481
21185.50977 0.245582
21185.72070 0.245684
21185.92969 0.245785
21186.14062 0.245934
21186.34961 0.24611
21186.56055 0.246283
21186.77930 0.246457
21186.99023 0.246633
21187.19922 0.246806
21187.41016 0.24698
21187.61914 0.247156
21187.83008 0.247329
21188.05078 0.247483
21188.25977 0.24756
21188.47070 0.247636
21188.67969 0.247714
21188.89062 0.24779
21189.09961 0.247867
21189.32031 0.247944
21189.52930 0.248021
21189.74023 0.248098
21189.94922 0.248175
21190.16016 0.248218
21190.36914 0.248251
21190.58984 0.248284
21190.80078 0.248317
21191.00977 0.248351
21191.22070 0.248383
21191.42969 0.248416
21191.64062 0.248449
21191.85938 0.248482
21192.07031 0.248563
21192.27930 0.24875
21192.49023 0.248935
21192.69922 0.249121
21192.91016 0.249306
21193.13086 0.249491
21193.33984 0.249677
21193.55078 0.249862
21193.75977 0.250047
21193.97070 0.250234
21194.17969 0.250203
21194.40039 0.250139
21194.60938 0.250075
21194.82031 0.250012
21195.02930 0.249948
21195.24023 0.249885
21195.46094 0.249821
21195.66992 0.249757
21195.88086 0.249694
21196.08984 0.249723
21196.30078 0.249881
21196.50977 0.250039
21196.72070 0.250196
21196.93945 0.250353
21197.15039 0.250512
21197.35938 0.250669
21197.57031 0.250826
21197.77930 0.250985
21197.99023 0.251142
21198.21094 0.251389
21198.41992 0.251637
21198.63086 0.251887
21198.83984 0.252135
21199.05078 0.252383
21199.26953 0.252633
21199.48047 0.252881
21199.68945 0.253131
21199.90039 0.253379
21200.10938 0.253443
21200.32031 0.253342
21200.53906 0.253243
21200.75000 0.253142
21200.96094 0.253042
21201.16992 0.252943
21201.38086 0.252842
21201.58984 0.252742
21201.81055 0.252642
21202.01953 0.252576
21202.23047 0.252884
21202.43945 0.253189
21202.65039 0.253494
21202.86914 0.253802
21203.08008 0.254108
21203.28906 0.254416
21203.50000 0.254721
21203.71094 0.255029
21203.91992 0.255335
21204.13086 0.255366
21204.34961 0.255242
21204.56055 0.255118
21204.76953 0.254994
21204.98047 0.25487
21205.19922 0.254746
21205.41016 0.254623
21205.61914 0.254498
21205.83008 0.254375
21206.03906 0.254306
21206.25000 0.254464
21206.46094 0.254621
21206.67969 0.254779
21206.89062 0.254936
21207.09961 0.255094
21207.31055 0.255251
21207.52930 0.255409
21207.74023 0.255566
21207.94922 0.255723
21208.16016 0.255839
21208.36914 0.255941
21208.58008 0.256043
21208.78906 0.256144
21209.00977 0.256247
21209.22070 0.256348
21209.42969 0.256451
21209.64062 0.256552
21209.85938 0.256655
21210.07031 0.256718
21210.27930 0.256698
21210.49023 0.256678
21210.69922 0.256659
21210.91016 0.256639
21211.13086 0.256619
21211.33984 0.256599
21211.55078 0.25658
21211.75977 0.25656
21211.97070 0.25654
21212.18945 0.256588
21212.40039 0.256646
21212.60938 0.256705
21212.82031 0.256762
21213.02930 0.256821
21213.24023 0.256878
21213.46094 0.256937
21213.66992 0.256995
21213.88086 0.257053
21214.08984 0.257137
21214.30078 0.257258
21214.51953 0.257377
21214.73047 0.257497
21214.93945 0.257617
21215.15039 0.257737
21215.35938 0.257857
21215.58008 0.257977
21215.78906 0.258096
21216.00000 0.258217
21216.21094 0.258221
21216.41992 0.258226
21216.63086 0.25823
21216.84961 0.258235
21217.06055 0.258239
21217.26953 0.258244
21217.48047 0.258248
21217.69922 0.258253
21217.91016 0.258257
21218.11914 0.258253
21218.33008 0.258242
21218.53906 0.258232
21218.75000 0.258221
21218.97070 0.25821
21219.17969 0.2582
21219.39062 0.258189
21219.59961 0.258178
21219.81055 0.258167
21220.02930 0.258164
21220.24023 0.258216
21220.44922 0.258267
21220.66016 0.258318
21220.86914 0.258369
21221.08984 0.258421
21221.30078 0.258472
21221.50977 0.258523
21221.72070 0.258574
21221.92969 0.258625
21222.14062 0.258665
21222.35938 0.2587
21222.57031 0.258734
21222.77930 0.258769
21222.99023 0.258804
21223.21094 0.258838
21223.41992 0.258873
21223.63086 0.258908
21223.83984 0.258943
21224.05078 0.258967
21224.26953 0.25896
21224.48047 0.258954
21224.68945 0.258948
21224.90039 0.258941
21225.10938 0.258935
21225.32031 0.258928
21225.53906 0.258922
21225.75000 0.258916
21225.96094 0.258909
21226.16992 0.258939
21226.38086 0.258977
21226.59961 0.259015
21226.81055 0.259053
21227.01953 0.259091
21227.23047 0.259129
21227.44922 0.259167
21227.66016 0.259205
21227.86914 0.259243
21228.08008 0.259207
21228.28906 0.259053
21228.50977 0.258898
21228.72070 0.258745
21228.92969 0.25859
21229.14062 0.258437
21229.34961 0.258282
21229.56055 0.258129
21229.77930 0.257974
21229.99023 0.257819
21230.19922 0.257796
21230.41016 0.25778
21230.63086 0.257763
21230.83984 0.257747
21231.05078 0.25773
21231.25977 0.257714
21231.47070 0.257697
21231.68945 0.25768
21231.90039 0.257664
21232.10938 0.257618
21232.32031 0.257545
21232.52930 0.257472
21232.75000 0.257398
21232.96094 0.257325
21233.16992 0.257252
21233.38086 0.257179
21233.58984 0.257106
21233.81055 0.257033
21234.01953 0.256962
21234.23047 0.256914
21234.43945 0.256866
21234.65039 0.256819
21234.86914 0.256771
21235.08008 0.256723
21235.28906 0.256676
21235.50000 0.256628
21235.71094 0.256581
21235.92969 0.256533
21236.14062 0.25654
21236.34961 0.256575
21236.56055 0.25661
21236.77930 0.256645
21236.99023 0.25668
21237.19922 0.256715
21237.41016 0.25675
21237.61914 0.256785
21237.83984 0.25682
21238.05078 0.25686
21238.25977 0.256916
21238.47070 0.256971
21238.68945 0.257028
21238.90039 0.257083
21239.10938 0.257139
21239.32031 0.257196
21239.52930 0.257251
21239.75000 0.257308
21239.96094 0.257363
21240.16992 0.257232
21240.38086 0.257054
21240.58984 0.256878
21240.81055 0.2567
21241.01953 0.256521
21241.23047 0.256345
21241.43945 0.256167
21241.65039 0.25599
21241.86914 0.255812
21242.08008 0.255681
21242.28906 0.255628
21242.50000 0.255575
21242.72070 0.255522
21242.92969 0.25547
21243.14062 0.255417
21243.34961 0.255364
21243.56055 0.255311
21243.77930 0.255258
21243.99023 0.255205
21244.19922 0.255279
21244.41016 0.25536
21244.63086 0.255441
21244.83984 0.255522
21245.05078 0.255603
21245.25977 0.255684
21245.47070 0.255765
21245.68945 0.255846
21245.90039 0.255927
21246.10938 0.255855
21246.32031 0.255645
21246.53906 0.255434
21246.75000 0.255222
21246.96094 0.255012
21247.16992 0.254801
21247.38086 0.254589
21247.59961 0.25438
21247.81055 0.254168
21248.01953 0.25398
21248.23047 0.254001
21248.44922 0.254022
21248.66016 0.254043
21248.86914 0.254064
21249.08008 0.254085
21249.28906 0.254106
21249.50977 0.254127
21249.72070 0.254148
21249.92969 0.254169
21250.14062 0.254094
21250.35938 0.253972
21250.57031 0.25385
21250.77930 0.253729
21250.99023 0.253607
21251.21094 0.253485
21251.41992 0.253364
21251.63086 0.253242
21251.83984 0.253119
21252.05078 0.253079
21252.26953 0.253283
21252.48047 0.253487
21252.68945 0.253688
21252.90039 0.253892
21253.11914 0.254096
21253.33008 0.254299
21253.53906 0.254501
21253.75000 0.254705
21253.96094 0.254908
21254.17969 0.254873
21254.39062 0.254789
21254.59961 0.254704
21254.81055 0.254621
21255.02930 0.254537
21255.24023 0.254453
21255.44922 0.254369
21255.66016 0.254285
21255.86914 0.254201
21256.08984 0.254163
21256.30078 0.254191
21256.50977 0.25422
21256.72070 0.254248
21256.93945 0.254277
21257.15039 0.254305
21257.35938 0.254333
21257.57031 0.254362
21257.78906 0.25439
21258.00000 0.254419
21258.21094 0.254209
21258.41992 0.253998
21258.63086 0.253786
21258.84961 0.253574
21259.06055 0.253364
21259.26953 0.253151
21259.48047 0.252939
21259.69922 0.252727
21259.91016 0.252517
21260.11914 0.252437
21260.33008 0.252457
21260.55078 0.252477
21260.75977 0.252497
21260.97070 0.252517
21261.17969 0.252537
21261.39062 0.252556
21261.60938 0.252576
21261.82031 0.252597
21262.02930 0.252601
21262.24023 0.252523
21262.46094 0.252445
21262.66992 0.252366
21262.88086 0.252288
21263.08984 0.25221
21263.31055 0.252132
21263.51953 0.252053
21263.73047 0.251976
21263.93945 0.251897
21264.16016 0.251894
21264.36914 0.251919
21264.58008 0.251943
21264.78906 0.251967
21265.00977 0.251992
21265.22070 0.252016
21265.42969 0.252041
21265.64062 0.252065
21265.85938 0.25209
21266.07031 0.252078
21266.27930 0.251993
21266.49023 0.251906
21266.71094 0.251819
21266.91992 0.251732
21267.13086 0.251646
21267.33984 0.25156
21267.55078 0.251473
21267.76953 0.251386
21267.98047 0.2513
21268.18945 0.251142
21268.40039 0.250975
21268.61914 0.250809
21268.83008 0.250642
21269.03906 0.250478
21269.25000 0.250311
21269.47070 0.250145
21269.67969 0.249978
21269.89062 0.249813
21270.09961 0.249717
21270.32031 0.249695
21270.52930 0.249673
21270.74023 0.249651
21270.94922 0.249629
21271.16992 0.249607
21271.38086 0.249585
21271.58984 0.249563
21271.80078 0.249541
21272.01953 0.249525
21272.23047 0.249589
21272.43945 0.249653
21272.65039 0.249718
21272.86914 0.249781
21273.08008 0.249845
21273.28906 0.24991
21273.50000 0.249974
21273.71094 0.250038
21273.92969 0.250102
21274.14062 0.250023
21274.34961 0.24987
21274.57031 0.249718
21274.77930 0.249566
21274.99023 0.249414
21275.19922 0.249261
21275.41992 0.249109
21275.63086 0.248956
21275.83984 0.248805
21276.05078 0.248586
21276.26953 0.248167
21276.48047 0.247748
21276.68945 0.247329
21276.90039 0.246914
21277.11914 0.246495
21277.33008 0.246076
21277.53906 0.245656
21277.75000 0.245237
21277.96094 0.244822
21278.17969 0.244643
21278.39062 0.244511
21278.59961 0.244379
21278.82031 0.244247
21279.02930 0.244115
21279.24023 0.243984
21279.44922 0.243852
21279.66992 0.24372
21279.88086 0.243588
21280.08984 0.243444
21280.30078 0.243287
21280.51953 0.243128
21280.73047 0.24297
21280.93945 0.242811
21281.15039 0.242653
21281.36914 0.242494
21281.58008 0.242337
21281.78906 0.242179
21282.00000 0.242015
21282.22070 0.241569
21282.42969 0.241122
21282.64062 0.240676
21282.84961 0.240234
21283.07031 0.239788
21283.27930 0.239342
21283.49023 0.238896
21283.71094 0.23845
21283.91992 0.238003
21284.13086 0.237663
21284.33984 0.237391
21284.55078 0.237116
21284.76953 0.236842
21284.98047 0.236567
21285.18945 0.236293
21285.41016 0.236018
21285.61914 0.235746
21285.83008 0.235472
21286.03906 0.235135
21286.25977 0.234553
21286.47070 0.233971
21286.67969 0.233389
21286.89062 0.232807
21287.10938 0.23223
21287.32031 0.231648
21287.52930 0.231066
21287.74023 0.230484
21287.96094 0.229901
21288.16992 0.229448
21288.38086 0.229027
21288.58984 0.22861
21288.81055 0.228189
21289.01953 0.227768
21289.23047 0.227347
21289.44922 0.226926
21289.66016 0.226505
21289.86914 0.226084
21290.08008 0.225626
21290.28906 0.225115
21290.50977 0.2246
21290.72070 0.224084
21290.92969 0.223569
21291.15039 0.223054
21291.35938 0.222538
21291.57031 0.222023
21291.78906 0.221507
21292.00000 0.220997
21292.21094 0.2202
21292.41992 0.219398
21292.63086 0.218597
21292.84961 0.217795
21293.06055 0.216994
21293.26953 0.216192
21293.49023 0.21539
21293.69922 0.214588
21293.91016 0.213794
21294.11914 0.213162
21294.33984 0.212655
21294.55078 0.212147
21294.75977 0.21164
21294.97070 0.211132
21295.18945 0.210624
21295.40039 0.210117
21295.60938 0.209609
21295.83008 0.209102
21296.03906 0.208557
21296.25000 0.207807
21296.46094 0.207058
21296.67969 0.206308
21296.89062 0.205559
21297.09961 0.204809
21297.31055 0.20406
21297.52930 0.20331
21297.74023 0.202561
21297.94922 0.201811
21298.16992 0.201042
21298.38086 0.200274
21298.58984 0.199499
21298.80078 0.198724
21299.01953 0.197949
21299.23047 0.197174
21299.43945 0.196399
21299.65039 0.195624
21299.86914 0.194849
21300.08008 0.193978
21300.28906 0.192948
21300.50977 0.191918
21300.72070 0.190889
21300.92969 0.189859
21301.14062 0.188829
21301.35938 0.187809
21301.57031 0.186779
21301.77930 0.185749
21301.99023 0.18472
21302.21094 0.183944
21302.41992 0.183175
21302.63086 0.182406
21302.84961 0.181637
21303.06055 0.180868
21303.26953 0.1801
21303.48047 0.179331
21303.69922 0.178562
