threeML/data/optical_filters/HST/NICMOS3-G141.ecsv
# %ECSV 0.9
# ---
# datatype:
# - {name: wavelength, unit: Angstrom, datatype: float32}
# - {name: response, datatype: float32}
# meta: !!omap
# - {band_name: G141}
# - {group_name: NICMOS3}
wavelength response
[from data line 5363]
14845.67969 0.133446
14846.65039 0.133374
14847.62012 0.133303
14848.58984 0.133231
14849.55957 0.13316
14850.53027 0.133088
14851.50000 0.133017
14852.46973 0.132945
14853.45020 0.132874
14854.41992 0.132802
14855.38965 0.132731
14856.36035 0.132659
14857.33008 0.132587
14858.29980 0.132516
14859.26953 0.132444
14860.25000 0.132372
14861.21973 0.1323
14862.19043 0.132229
14863.16016 0.132157
14864.12988 0.132085
14865.11035 0.132014
14866.08008 0.131942
14867.04980 0.13187
14868.01953 0.131798
14869.00000 0.131726
14869.96973 0.131654
14870.94043 0.131582
14871.91016 0.131511
14872.88965 0.131439
14873.86035 0.131367
14874.83008 0.131295
14875.79980 0.131223
14876.78027 0.131151
14877.75000 0.131079
14878.71973 0.131007
14879.70020 0.130935
14880.66992 0.130856
14881.63965 0.130773
14882.62012 0.130691
14883.58984 0.130609
14884.55957 0.130526
14885.54004 0.130444
14886.50977 0.130362
14887.48047 0.130279
14888.45996 0.130197
14889.42969 0.130114
14890.40039 0.130032
14891.37988 0.129949
14892.34961 0.129867
14893.33008 0.129784
14894.29980 0.129702
14895.26953 0.129619
14896.25000 0.129537
14897.21973 0.129454
14898.20020 0.129371
14899.16992 0.129289
14900.15039 0.129209
14901.12012 0.129147
14902.08984 0.129086
14903.07031 0.129024
14904.04004 0.128962
14905.01953 0.1289
14905.99023 0.128838
14906.96973 0.128776
14907.94043 0.128715
14908.91992 0.128653
14909.88965 0.128591
14910.87012 0.128529
14911.83984 0.128467
14912.82031 0.128405
14913.79004 0.128343
14914.76953 0.128281
14915.75000 0.128219
14916.71973 0.128157
14917.70020 0.128095
14918.66992 0.128033
14919.65039 0.127971
14920.62012 0.127909
14921.59961 0.127847
14922.58008 0.127785
14923.54980 0.127723
14924.53027 0.127661
14925.50000 0.127598
14926.48047 0.127536
14927.45996 0.127474
14928.42969 0.127412
14929.41016 0.12735
14930.37988 0.127287
14931.36035 0.127225
14932.33984 0.127163
14933.30957 0.127101
14934.29004 0.127038
14935.26953 0.126976
14936.24023 0.126914
14937.21973 0.126852
14938.20020 0.126789
14939.16992 0.126727
14940.15039 0.126668
14941.12988 0.126626
14942.11035 0.126584
14943.08008 0.126543
14944.05957 0.126501
14945.04004 0.126459
14946.01953 0.126417
14946.99023 0.126376
14947.96973 0.126334
14948.95020 0.126292
14949.92969 0.12625
14950.90039 0.126208
14951.87988 0.126166
14952.86035 0.126125
14953.83984 0.126083
14954.82031 0.126041
14955.79004 0.125999
14956.76953 0.125957
14957.75000 0.125915
14958.73047 0.125873
14959.70996 0.125831
14960.67969 0.125804
14961.66016 0.125783
14962.63965 0.125761
14963.62012 0.12574
14964.59961 0.125719
14965.58008 0.125698
14966.55957 0.125676
14967.54004 0.125655
14968.50977 0.125634
14969.49023 0.125613
14970.46973 0.125591
14971.45020 0.12557
14972.42969 0.125549
14973.41016 0.125528
14974.38965 0.125506
14975.37012 0.125485
14976.34961 0.125464
14977.33008 0.125442
14978.30957 0.125421
14979.29004 0.1254
14980.26953 0.125384
14981.25000 0.125384
14982.23047 0.125383
14983.20996 0.125382
14984.19043 0.125382
14985.16992 0.125381
14986.15039 0.125381
14987.12988 0.12538
14988.11035 0.12538
14989.08984 0.125379
14990.07031 0.125379
14991.04980 0.125378
14992.03027 0.125377
14993.00977 0.125377
14993.99023 0.125376
14994.96973 0.125376
14995.95020 0.125375
14996.92969 0.125374
14997.91016 0.125374
14998.88965 0.125373
14999.87012 0.125373
15000.84961 0.125386
15001.83008 0.125401
15002.82031 0.125416
15003.79980 0.12543
15004.78027 0.125445
15005.75977 0.12546
15006.74023 0.125475
15007.71973 0.12549
15008.70020 0.125505
15009.69043 0.12552
15010.66992 0.125535
15011.65039 0.12555
15012.62988 0.125565
15013.61035 0.12558
15014.58984 0.125595
15015.58008 0.12561
15016.55957 0.125625
15017.54004 0.125639
15018.51953 0.125654
15019.50000 0.125669
15020.49023 0.125695
15021.46973 0.12573
15022.45020 0.125766
15023.42969 0.125802
15024.41992 0.125838
15025.40039 0.125874
15026.37988 0.12591
15027.37012 0.125946
15028.34961 0.125981
15029.33008 0.126017
15030.30957 0.126053
15031.29980 0.126089
15032.28027 0.126125
15033.25977 0.126161
15034.25000 0.126197
15035.23047 0.126233
15036.20996 0.126269
15037.20020 0.126304
15038.17969 0.12634
15039.16016 0.126376
15040.15039 0.126414
15041.12988 0.12646
15042.11035 0.126507
15043.09961 0.126553
15044.08008 0.126599
15045.07031 0.126646
15046.04980 0.126692
15047.03027 0.126739
15048.01953 0.126785
15049.00000 0.126832
15049.99023 0.126878
15050.96973 0.126924
15051.95996 0.126971
15052.94043 0.127017
15053.91992 0.127064
15054.91016 0.12711
15055.88965 0.127157
15056.87988 0.127203
15057.86035 0.12725
15058.84961 0.127296
15059.83008 0.127343
15060.82031 0.127389
15061.79980 0.127436
15062.79004 0.127482
15063.76953 0.127529
15064.75977 0.127575
15065.74023 0.127622
15066.73047 0.127668
15067.70996 0.127715
15068.70020 0.127762
15069.67969 0.127808
15070.66992 0.127855
15071.66016 0.127901
15072.63965 0.127948
15073.62988 0.127994
15074.61035 0.128041
15075.59961 0.128087
15076.58008 0.128134
15077.57031 0.128181
15078.55957 0.128227
15079.54004 0.128274
15080.53027 0.128321
15081.51953 0.128367
15082.50000 0.128414
15083.49023 0.128461
15084.46973 0.128507
15085.45996 0.128554
15086.45020 0.1286
15087.42969 0.128647
15088.41992 0.128694
15089.41016 0.128741
15090.38965 0.128787
15091.37988 0.128834
15092.37012 0.128881
15093.36035 0.128927
15094.33984 0.128974
15095.33008 0.129021
15096.32031 0.129067
15097.29980 0.129114
15098.29004 0.129161
15099.28027 0.129208
15100.26953 0.129249
15101.25000 0.129278
15102.24023 0.129306
15103.23047 0.129335
15104.21973 0.129363
15105.20996 0.129391
15106.19043 0.12942
15107.17969 0.129448
15108.16992 0.129477
15109.16016 0.129505
15110.15039 0.129534
15111.12988 0.129562
15112.12012 0.129591
15113.11035 0.129619
15114.09961 0.129647
15115.08984 0.129676
15116.08008 0.129704
15117.05957 0.129733
15118.04980 0.129761
15119.04004 0.12979
15120.03027 0.129818
15121.01953 0.129847
15122.00977 0.129875
15123.00000 0.129904
15123.99023 0.129932
15124.98047 0.129961
15125.95996 0.129989
15126.95020 0.130018
15127.94043 0.130047
15128.92969 0.130075
15129.91992 0.130104
15130.91016 0.130132
15131.90039 0.130161
15132.88965 0.130189
15133.87988 0.130218
15134.87012 0.130246
15135.86035 0.130275
15136.84961 0.130303
15137.83984 0.130332
15138.83008 0.13036
15139.82031 0.130389
15140.80957 0.130426
15141.79980 0.130466
15142.79004 0.130505
15143.78027 0.130544
15144.76953 0.130583
15145.75977 0.130622
15146.75000 0.130662
15147.74023 0.130701
15148.73047 0.13074
15149.71973 0.130779
15150.71973 0.130818
15151.70996 0.130858
15152.70020 0.130897
15153.69043 0.130936
15154.67969 0.130975
15155.66992 0.131015
15156.66016 0.131054
15157.65039 0.131093
15158.63965 0.131132
15159.63965 0.131172
15160.62988 0.131238
15161.62012 0.13132
15162.61035 0.131401
15163.59961 0.131483
15164.58984 0.131565
15165.58984 0.131647
15166.58008 0.131728
15167.57031 0.13181
15168.55957 0.131892
15169.54980 0.131974
15170.54980 0.132056
15171.54004 0.132138
15172.53027 0.13222
15173.51953 0.132302
15174.50977 0.132383
15175.50977 0.132465
15176.50000 0.132547
15177.49023 0.132629
15178.48047 0.132711
15179.48047 0.132793
15180.46973 0.13289
15181.45996 0.133004
15182.45996 0.133118
15183.45020 0.133232
15184.44043 0.133346
15185.42969 0.13346
15186.42969 0.133574
15187.41992 0.133688
15188.41992 0.133802
15189.41016 0.133916
15190.40039 0.134031
15191.38965 0.134145
15192.38965 0.134259
15193.37988 0.134373
15194.37988 0.134487
15195.37012 0.134601
15196.36035 0.134716
15197.36035 0.13483
15198.34961 0.134944
15199.33984 0.135058
15200.33984 0.135196
15201.33008 0.135377
15202.33008 0.135559
15203.32031 0.135741
15204.32031 0.135923
15205.30957 0.136105
15206.29980 0.136287
15207.29980 0.136469
15208.29004 0.136651
15209.29004 0.136833
15210.28027 0.137015
15211.28027 0.137197
15212.26953 0.137379
15213.26953 0.137562
15214.25977 0.137744
15215.25977 0.137926
15216.25000 0.138109
15217.25000 0.138291
15218.24023 0.138473
15219.24023 0.138656
15220.23047 0.138841
15221.23047 0.139034
15222.21973 0.139227
15223.21973 0.139421
15224.21973 0.139614
15225.20996 0.139808
15226.20996 0.140001
15227.20020 0.140195
15228.20020 0.140388
15229.20020 0.140582
15230.19043 0.140775
15231.19043 0.140969
15232.17969 0.141163
15233.17969 0.141357
15234.17969 0.14155
15235.16992 0.141744
15236.16992 0.141938
15237.16992 0.142132
15238.16016 0.142326
15239.16016 0.14252
15240.15039 0.142714
15241.15039 0.142908
15242.15039 0.143103
15243.15039 0.143297
15244.13965 0.143491
15245.13965 0.143685
15246.13965 0.14388
15247.12988 0.144074
15248.12988 0.144268
15249.12988 0.144463
15250.12988 0.144657
15251.12012 0.144852
15252.12012 0.145047
15253.12012 0.145241
15254.12012 0.145436
15255.11035 0.14563
15256.11035 0.145825
15257.11035 0.14602
15258.11035 0.146215
15259.09961 0.14641
15260.09961 0.1466
15261.09961 0.146752
15262.09961 0.146904
15263.09961 0.147057
15264.08984 0.147208
15265.08984 0.147361
15266.08984 0.147513
15267.08984 0.147665
15268.08984 0.147817
15269.08984 0.147969
15270.08008 0.148122
15271.08008 0.148274
15272.08008 0.148426
15273.08008 0.148579
15274.08008 0.148731
15275.08008 0.148884
15276.08008 0.149036
15277.08008 0.149188
15278.08008 0.149341
15279.08008 0.149493
15280.07031 0.14964
15281.07031 0.149718
15282.07031 0.149795
15283.07031 0.149872
15284.07031 0.149949
15285.07031 0.150026
15286.07031 0.150103
15287.07031 0.15018
15288.07031 0.150258
15289.07031 0.150335
15290.07031 0.150412
15291.07031 0.150489
15292.07031 0.150567
15293.07031 0.150644
15294.07031 0.150721
15295.07031 0.150799
15296.07031 0.150876
15297.07031 0.150953
15298.07031 0.151031
15299.07031 0.151108
15300.07031 0.151179
15301.07031 0.151172
15302.08008 0.151166
15303.08008 0.151159
15304.08008 0.151152
15305.08008 0.151145
15306.08008 0.151138
15307.08008 0.151131
15308.08008 0.151124
15309.08008 0.151117
15310.08008 0.15111
15311.08008 0.151103
15312.08984 0.151096
15313.08984 0.151089
15314.08984 0.151083
15315.08984 0.151076
15316.08984 0.151068
15317.08984 0.151062
15318.09961 0.151055
15319.09961 0.151048
15320.09961 0.151033
15321.09961 0.15095
15322.09961 0.150868
15323.11035 0.150785
15324.11035 0.150702
15325.11035 0.150619
15326.11035 0.150536
15327.11035 0.150453
15328.12012 0.15037
15329.12012 0.150287
15330.12012 0.150205
15331.12012 0.150122
15332.12988 0.150039
15333.12988 0.149956
15334.12988 0.149873
15335.13965 0.14979
15336.13965 0.149707
15337.13965 0.149624
15338.13965 0.149541
15339.15039 0.149458
15340.15039 0.149368
15341.15039 0.149242
15342.16016 0.149115
15343.16016 0.148989
15344.16016 0.148862
15345.16992 0.148736
15346.16992 0.148609
15347.16992 0.148483
15348.17969 0.148356
15349.17969 0.148229
15350.19043 0.148103
15351.19043 0.147976
15352.19043 0.14785
15353.20020 0.147723
15354.20020 0.147596
15355.20996 0.14747
15356.20996 0.147343
15357.20996 0.147216
15358.21973 0.14709
15359.21973 0.146963
15360.23047 0.146834
15361.23047 0.146696
15362.24023 0.146558
15363.24023 0.146421
15364.25000 0.146283
15365.25000 0.146145
15366.25977 0.146007
15367.25977 0.14587
15368.26953 0.145732
15369.26953 0.145594
15370.28027 0.145456
15371.28027 0.145318
15372.29004 0.14518
15373.29004 0.145043
15374.29980 0.144905
15375.29980 0.144767
15376.30957 0.144629
15377.32031 0.144491
15378.32031 0.144353
15379.33008 0.144215
15380.33008 0.144084
15381.33984 0.143968
15382.33984 0.143852
15383.34961 0.143736
15384.36035 0.14362
15385.36035 0.143503
15386.37012 0.143387
15387.37988 0.143271
15388.37988 0.143154
15389.38965 0.143038
15390.38965 0.142922
15391.40039 0.142805
15392.41016 0.142689
15393.41016 0.142573
15394.41992 0.142456
15395.42969 0.14234
15396.42969 0.142224
15397.44043 0.142107
15398.45020 0.141991
15399.45996 0.141874
15400.45996 0.141783
15401.46973 0.141721
15402.48047 0.141658
15403.48047 0.141596
15404.49023 0.141534
15405.50000 0.141472
15406.50977 0.141409
15407.50977 0.141347
15408.51953 0.141285
15409.53027 0.141223
15410.54004 0.14116
15411.54980 0.141098
15412.54980 0.141036
15413.55957 0.140973
15414.57031 0.140911
15415.58008 0.140848
15416.58984 0.140786
15417.58984 0.140723
15418.59961 0.140661
15419.61035 0.140598
15420.62012 0.140563
15421.62988 0.140544
15422.63965 0.140525
15423.65039 0.140507
15424.65039 0.140488
15425.66016 0.140469
15426.66992 0.140451
15427.67969 0.140432
15428.69043 0.140413
15429.70020 0.140394
15430.70996 0.140375
15431.71973 0.140357
15432.73047 0.140338
15433.74023 0.140319
15434.75000 0.1403
15435.75000 0.140282
15436.75977 0.140263
15437.76953 0.140244
15438.78027 0.140225
15439.79004 0.140206
15440.79980 0.140214
15441.80957 0.140228
15442.82031 0.140242
15443.83008 0.140256
15444.83984 0.14027
15445.84961 0.140284
15446.86035 0.140298
15447.87012 0.140313
15448.87988 0.140327
15449.88965 0.140341
15450.90039 0.140355
15451.91992 0.140369
15452.92969 0.140383
15453.94043 0.140398
15454.95020 0.140412
15455.95996 0.140426
15456.96973 0.14044
15457.98047 0.140454
15458.99023 0.140468
15460.00000 0.140483
15461.00977 0.140497
15462.01953 0.140511
15463.04004 0.140525
15464.04980 0.140539
15465.05957 0.140554
15466.07031 0.140568
15467.08008 0.140582
15468.08984 0.140596
15469.09961 0.14061
15470.12012 0.140625
15471.12988 0.140639
15472.13965 0.140653
15473.15039 0.140667
15474.16016 0.140681
15475.16992 0.140696
15476.19043 0.14071
15477.20020 0.140724
15478.20996 0.140738
15479.21973 0.140752
15480.24023 0.140769
15481.25000 0.140794
15482.25977 0.14082
15483.26953 0.140845
15484.29004 0.14087
15485.29980 0.140896
15486.30957 0.140921
15487.32031 0.140946
15488.33984 0.140972
15489.34961 0.140997
15490.36035 0.141022
15491.37988 0.141048
15492.38965 0.141073
15493.40039 0.141098
15494.41992 0.141124
15495.42969 0.141149
15496.44043 0.141174
15497.45996 0.1412
15498.46973 0.141225
15499.48047 0.14125
15500.50000 0.14126
15501.50977 0.141253
15502.51953 0.141246
15503.54004 0.141239
15504.54980 0.141232
15505.57031 0.141226
15506.58008 0.141218
15507.58984 0.141212
15508.61035 0.141205
15509.62012 0.141198
15510.63965 0.141191
15511.65039 0.141184
15512.66992 0.141177
15513.67969 0.14117
15514.70020 0.141163
15515.70996 0.141156
15516.71973 0.141149
15517.74023 0.141143
15518.75000 0.141136
15519.76953 0.141129
15520.78027 0.141113
15521.79980 0.141095
15522.80957 0.141077
15523.83008 0.141059
15524.84961 0.141041
15525.86035 0.141023
15526.87988 0.141005
15527.88965 0.140987
15528.91016 0.140969
15529.91992 0.140951
15530.94043 0.140932
15531.95020 0.140914
15532.96973 0.140896
15533.99023 0.140878
15535.00000 0.14086
15536.01953 0.140842
15537.03027 0.140824
15538.04980 0.140806
15539.07031 0.140788
15540.08008 0.140768
15541.09961 0.140728
15542.12012 0.140687
15543.12988 0.140647
15544.15039 0.140606
15545.16992 0.140566
15546.17969 0.140525
15547.20020 0.140485
15548.20996 0.140445
15549.23047 0.140404
15550.25000 0.140364
15551.26953 0.140323
15552.28027 0.140283
15553.29980 0.140242
15554.32031 0.140202
15555.33008 0.140161
15556.34961 0.140121
15557.37012 0.14008
15558.38965 0.14004
15559.40039 0.14
15560.41992 0.13995
15561.44043 0.139887
15562.45996 0.139824
15563.48047 0.139761
15564.49023 0.139698
15565.50977 0.139636
15566.53027 0.139573
15567.54980 0.13951
15568.57031 0.139447
15569.58008 0.139384
15570.59961 0.139321
15571.62012 0.139258
15572.63965 0.139195
15573.66016 0.139132
15574.67969 0.139069
15575.69043 0.139006
15576.70996 0.138943
15577.73047 0.13888
15578.75000 0.138818
15579.76953 0.138755
15580.79004 0.138657
15581.80957 0.138549
15582.83008 0.138441
15583.84961 0.138334
15584.86035 0.138226
15585.87988 0.138118
15586.90039 0.13801
15587.91992 0.137903
15588.94043 0.137795
15589.95996 0.137687
15590.98047 0.137579
15592.00000 0.137471
15593.01953 0.137363
15594.04004 0.137255
15595.05957 0.137147
15596.08008 0.137039
15597.09961 0.136931
15598.12012 0.136823
15599.13965 0.136715
15600.16016 0.136603
15601.17969 0.136468
15602.20020 0.136333
15603.21973 0.136198
15604.24023 0.136062
15605.25977 0.135927
15606.28027 0.135792
