threeML/data/optical_filters/HST/NICMOS2-F165M.ecsv
# %ECSV 0.9
# ---
# datatype:
# - {name: wavelength, unit: Angstrom, datatype: float32}
# - {name: response, datatype: float32}
# meta: !!omap
# - {band_name: F165M}
# - {group_name: NICMOS2}
wavelength response
[from data line 6894]
17904.00977 0.00107
17904.44922 0.001068
17904.88086 0.001066
17905.32031 0.001063
17905.75977 0.001058
17906.18945 0.001054
17906.63086 0.001049
17907.07031 0.001044
17907.50000 0.00104
17907.93945 0.001035
17908.36914 0.001031
17908.81055 0.001026
17909.25000 0.001022
17909.68945 0.001017
17910.11914 0.001013
17910.56055 0.001009
17910.99023 0.001005
17911.42969 0.001001
17911.86914 0.000997
17912.30078 0.000994
17912.74023 0.00099
17913.17969 0.000986
17913.60938 0.000982
17914.05078 0.000978
17914.49023 0.000974
17914.91992 0.000971
17915.35938 0.00097
17915.78906 0.00097
17916.23047 0.000969
17916.66992 0.000969
17917.10938 0.000969
17917.53906 0.000969
17917.98047 0.000969
17918.41016 0.000968
17918.84961 0.000968
17919.28906 0.000968
17919.72070 0.000968
17920.16016 0.000967
17920.59961 0.000964
17921.02930 0.000962
17921.47070 0.000959
17921.91016 0.000957
17922.33984 0.000954
17922.77930 0.000952
17923.22070 0.000949
17923.65039 0.000946
17924.08984 0.000944
17924.52930 0.000941
17924.96094 0.000939
17925.40039 0.000931
17925.83984 0.000923
17926.26953 0.000914
17926.71094 0.000906
17927.15039 0.000898
17927.58008 0.000889
17928.01953 0.000881
17928.46094 0.000873
17928.89062 0.000864
17929.33008 0.000856
17929.76953 0.000848
17930.21094 0.000842
17930.64062 0.00084
17931.08008 0.000838
17931.51953 0.000836
17931.94922 0.000834
17932.39062 0.000832
17932.83008 0.00083
17933.25977 0.000828
17933.69922 0.000826
17934.14062 0.000824
17934.57031 0.000822
17935.00977 0.00082
17935.44922 0.000821
17935.89062 0.000822
17936.32031 0.000824
17936.75977 0.000825
17937.19922 0.000827
17937.63086 0.000828
17938.07031 0.00083
17938.50977 0.000831
17938.94922 0.000833
17939.38086 0.000834
17939.82031 0.000835
17940.25977 0.000835
17940.68945 0.000833
17941.13086 0.000832
17941.57031 0.00083
17942.00977 0.000829
17942.43945 0.000827
17942.88086 0.000825
17943.32031 0.000824
17943.75000 0.000822
17944.18945 0.000821
17944.63086 0.000819
17945.06055 0.000817
17945.50000 0.000811
17945.93945 0.000805
17946.38086 0.0008
17946.81055 0.000794
17947.25000 0.000788
17947.68945 0.000782
17948.13086 0.000777
17948.56055 0.000771
17949.00000 0.000765
17949.43945 0.000759
17949.86914 0.000754
17950.31055 0.000749
17950.75000 0.000744
17951.18945 0.00074
17951.61914 0.000736
17952.06055 0.000731
17952.50000 0.000727
17952.93945 0.000722
17953.36914 0.000718
17953.81055 0.000713
17954.25000 0.000709
17954.68945 0.000705
17955.13086 0.000702
17955.56055 0.000705
17956.00000 0.000707
17956.43945 0.000709
17956.88086 0.000712
17957.31055 0.000714
17957.75000 0.000716
17958.18945 0.000719
17958.63086 0.000721
17959.06055 0.000724
17959.50000 0.000726
17959.93945 0.000728
17960.38086 0.000728
17960.81055 0.000727
17961.25000 0.000726
17961.68945 0.000726
17962.13086 0.000725
17962.56055 0.000724
17963.00000 0.000723
17963.43945 0.000722
17963.88086 0.000721
17964.31055 0.00072
17964.75000 0.00072
17965.18945 0.00071
17965.63086 0.00069
17966.06055 0.000669
17966.50000 0.000649
17966.93945 0.000628
17967.38086 0.000608
17967.81055 0.000588
17968.25000 0.000567
17968.68945 0.000547
17969.13086 0.000526
17969.57031 0.000506
17970.00000 0.000485
17970.43945 0.000498
17970.88086 0.000511
17971.32031 0.000524
17971.75977 0.000537
17972.18945 0.00055
17972.63086 0.000562
17973.07031 0.000575
17973.50977 0.000588
17973.94922 0.000601
17974.38086 0.000614
17974.82031 0.000627
17975.25977 0.000631
17975.69922 0.00063
17976.13086 0.000629
17976.57031 0.000627
17977.00977 0.000626
17977.44922 0.000625
17977.89062 0.000624
17978.33008 0.000622
17978.75977 0.000621
17979.19922 0.00062
17979.64062 0.000619
17980.08008 0.000617
17980.51953 0.000616
17980.94922 0.000614
17981.39062 0.000613
17981.83008 0.000611
17982.26953 0.000609
17982.71094 0.000608
17983.14062 0.000606
17983.58008 0.000605
17984.01953 0.000603
17984.46094 0.000602
17984.90039 0.0006
17985.33984 0.000603
17985.76953 0.000608
17986.21094 0.000612
17986.65039 0.000617
17987.08984 0.000621
17987.52930 0.000626
17987.96094 0.00063
17988.40039 0.000635
17988.83984 0.000639
17989.27930 0.000644
17989.72070 0.000648
17990.16016 0.000649
17990.58984 0.000642
17991.02930 0.000635
17991.47070 0.000629
17991.91016 0.000622
17992.34961 0.000616
17992.78906 0.000609
17993.22070 0.000603
17993.66016 0.000596
17994.09961 0.00059
17994.53906 0.000583
17994.98047 0.000577
17995.41992 0.000572
17995.85938 0.000568
17996.28906 0.000563
17996.73047 0.000559
17997.16992 0.000555
17997.60938 0.00055
17998.05078 0.000546
17998.49023 0.000542
17998.91992 0.000537
17999.35938 0.000533
17999.80078 0.000528
18000.24023 0.000527
18000.67969 0.000527
18001.11914 0.000527
18001.56055 0.000527
18001.99023 0.000527
18002.42969 0.000528
18002.86914 0.000528
18003.31055 0.000528
18003.75000 0.000528
18004.18945 0.000528
18004.63086 0.000528
18005.06055 0.000529
18005.50000 0.000532
18005.93945 0.000535
18006.38086 0.000538
18006.82031 0.000541
18007.25977 0.000544
18007.69922 0.000547
18008.14062 0.00055
18008.57031 0.000553
18009.00977 0.000556
18009.44922 0.000559
18009.89062 0.000562
18010.33008 0.000555
18010.76953 0.000543
18011.21094 0.000532
18011.65039 0.00052
18012.08984 0.000509
18012.52930 0.000498
18012.96094 0.000486
18013.40039 0.000475
18013.83984 0.000463
18014.27930 0.000452
18014.72070 0.000441
18015.16016 0.000435
18015.59961 0.000438
18016.03906 0.000441
18016.47070 0.000444
18016.91016 0.000448
18017.34961 0.000451
18017.78906 0.000454
18018.23047 0.000458
18018.66992 0.000461
18019.10938 0.000464
18019.55078 0.000467
18019.99023 0.000471
18020.42969 0.000469
18020.86914 0.000468
18021.30078 0.000466
18021.74023 0.000465
18022.17969 0.000463
18022.61914 0.000461
18023.06055 0.00046
18023.50000 0.000458
18023.93945 0.000457
18024.38086 0.000455
18024.82031 0.000454
18025.25977 0.000454
18025.69922 0.000456
18026.13086 0.000459
18026.57031 0.000461
18027.00977 0.000463
18027.44922 0.000465
18027.89062 0.000468
18028.33008 0.00047
18028.76953 0.000472
18029.21094 0.000474
18029.65039 0.000476
18030.08984 0.000477
18030.52930 0.000473
18030.97070 0.000469
18031.41016 0.000465
18031.84961 0.000461
18032.28906 0.000456
18032.72070 0.000452
18033.16016 0.000448
18033.59961 0.000444
18034.03906 0.00044
18034.48047 0.000436
18034.91992 0.000431
18035.35938 0.000429
18035.80078 0.000427
18036.24023 0.000424
18036.67969 0.000422
18037.11914 0.00042
18037.56055 0.000418
18038.00000 0.000415
18038.43945 0.000413
18038.88086 0.000411
18039.32031 0.000409
18039.75977 0.000406
18040.19922 0.000406
18040.63086 0.000408
18041.07031 0.00041
18041.50977 0.000412
18041.94922 0.000415
18042.39062 0.000417
18042.83008 0.000419
18043.26953 0.000421
18043.71094 0.000423
18044.15039 0.000425
18044.58984 0.000427
18045.02930 0.000429
18045.47070 0.000424
18045.91016 0.00042
18046.34961 0.000415
18046.78906 0.000411
18047.23047 0.000406
18047.66992 0.000402
19852.43750 0.0
