threeML/data/optical_filters/HST/NICMOS2-F165M.ecsv
# %ECSV 0.9
# ---
# datatype:
# - {name: wavelength, unit: Angstrom, datatype: float32}
# - {name: response, datatype: float32}
# meta: !!omap
# - {band_name: F165M}
# - {group_name: NICMOS2}
wavelength response
[from data line 767]
15421.19043 0.040829
15421.55957 0.041204
15421.94043 0.041579
15422.30957 0.041954
15422.69043 0.042329
15423.07031 0.042704
15423.44043 0.043078
15423.82031 0.043453
15424.19043 0.043829
15424.57031 0.044204
15424.95020 0.044579
15425.32031 0.044977
15425.70020 0.045377
15426.07031 0.045779
15426.45020 0.046181
15426.82031 0.046582
15427.20020 0.046984
15427.58008 0.047386
15427.95020 0.047787
15428.33008 0.048189
15428.70020 0.048591
15429.08008 0.048992
15429.45996 0.049394
15429.83008 0.049795
15430.20996 0.050215
15430.58008 0.05065
15430.95996 0.051084
15431.33008 0.051519
15431.70996 0.051954
15432.08984 0.052389
15432.45996 0.052823
15432.83984 0.053259
15433.21973 0.053694
15433.58984 0.054129
15433.96973 0.054564
15434.33984 0.054999
15434.71973 0.055434
15435.09961 0.055883
15435.46973 0.056371
15435.84961 0.056858
15436.21973 0.057346
15436.59961 0.057834
15436.98047 0.058324
15437.34961 0.058812
15437.73047 0.0593
15438.09961 0.059788
15438.48047 0.060276
15438.86035 0.060764
15439.23047 0.061254
15439.61035 0.061742
15439.99023 0.06223
15440.36035 0.062767
15440.74023 0.063305
15441.11035 0.063845
15441.49023 0.064383
15441.87012 0.064922
15442.24023 0.06546
15442.62012 0.066
15443.00000 0.066538
15443.37012 0.067077
15443.75000 0.067617
15444.12012 0.068156
15444.50000 0.068695
15444.87988 0.069235
15445.25000 0.069807
15445.62988 0.070395
15446.00977 0.070985
15446.37988 0.071573
15446.75977 0.072161
15447.12988 0.072751
15447.50977 0.073339
15447.88965 0.073929
15448.25977 0.074518
15448.63965 0.075108
15449.01953 0.075696
15449.38965 0.076285
15449.76953 0.076875
15450.15039 0.077493
15450.51953 0.078159
15450.90039 0.078823
15451.28027 0.079488
15451.65039 0.080153
15452.03027 0.080818
15452.40039 0.081483
15452.78027 0.082149
15453.16016 0.082813
15453.53027 0.083479
15453.91016 0.084145
15454.29004 0.08481
15454.66016 0.085476
15455.04004 0.086144
15455.41992 0.086842
15455.79004 0.087538
15456.16992 0.088236
15456.54980 0.088934
15456.91992 0.08963
15457.29980 0.090328
15457.67969 0.091026
15458.04980 0.091722
15458.42969 0.092421
15458.80957 0.093119
15459.17969 0.093815
15459.55957 0.094514
15459.94043 0.095212
15460.30957 0.095909
15460.69043 0.096604
15461.07031 0.097301
15461.44043 0.097998
15461.82031 0.098693
15462.20020 0.09939
15462.57031 0.100087
15462.95020 0.100785
15463.33008 0.101482
15463.70020 0.102177
15464.08008 0.102875
15464.45996 0.103572
15464.83008 0.10427
15465.20996 0.10499
15465.58984 0.10573
15465.95996 0.106468
15466.33984 0.107207
15466.71973 0.107947
15467.08984 0.108687
15467.46973 0.109426
15467.84961 0.110166
15468.23047 0.110906
15468.59961 0.111646
15468.98047 0.112386
15469.36035 0.113126
15469.73047 0.113866
15470.11035 0.114609
15470.49023 0.11536
15470.86035 0.116111
15471.24023 0.116861
15471.62012 0.117612
15472.00000 0.118363
15472.37012 0.119114
15472.75000 0.119865
15473.12988 0.120616
15473.50000 0.121368
15473.87988 0.122119
15474.25977 0.12287
15474.62988 0.123621
15475.00977 0.124373
15475.38965 0.125157
15475.75977 0.12594
15476.13965 0.126723
15476.51953 0.127506
15476.90039 0.128292
15477.26953 0.129075
15477.65039 0.129859
15478.03027 0.130642
15478.40039 0.131426
15478.78027 0.13221
15479.16016 0.132995
15479.54004 0.133779
15479.91016 0.134563
15480.29004 0.135336
15480.66992 0.136105
15481.04004 0.136876
15481.41992 0.137646
15481.79980 0.138415
15482.17969 0.139185
15482.54980 0.139957
15482.92969 0.140726
15483.30957 0.141496
15483.69043 0.142268
15484.05957 0.143038
15484.44043 0.143808
15484.82031 0.14458
15485.19043 0.14535
15485.57031 0.146122
15485.95020 0.146896
15486.33008 0.147668
15486.70020 0.148439
15487.08008 0.149213
15487.45996 0.149985
15487.83984 0.150759
15488.20996 0.151531
15488.58984 0.152303
15488.96973 0.153077
15489.33984 0.153849
15489.71973 0.154623
15490.09961 0.155366
15490.48047 0.15603
15490.84961 0.156691
15491.23047 0.157354
15491.61035 0.158016
15491.99023 0.158679
15492.36035 0.159341
15492.74023 0.160004
15493.12012 0.160666
15493.50000 0.16133
15493.87012 0.161992
15494.25000 0.162655
15494.62988 0.163319
15495.00977 0.16398
15495.37988 0.164582
15495.75977 0.165183
15496.13965 0.165785
15496.51953 0.166387
15496.88965 0.166987
15497.26953 0.167589
15497.65039 0.168192
15498.03027 0.168792
15498.41016 0.169395
15498.78027 0.169997
15499.16016 0.170598
15499.54004 0.1712
15499.91992 0.171803
15500.29004 0.172347
15500.66992 0.172876
15501.04980 0.173406
15501.42969 0.173935
15501.79980 0.174463
15502.17969 0.174992
15502.55957 0.175522
15502.94043 0.176051
15503.30957 0.176579
15503.69043 0.177109
15504.07031 0.177638
15504.45020 0.178168
15504.83008 0.178697
15505.20020 0.179195
15505.58008 0.179665
15505.95996 0.180136
15506.33984 0.180608
15506.70996 0.181079
15507.08984 0.181551
15507.46973 0.182022
15507.84961 0.182493
15508.23047 0.182965
15508.59961 0.183436
15508.98047 0.183906
15509.36035 0.184378
15509.74023 0.184849
15510.12012 0.185299
15510.49023 0.185699
15510.87012 0.186099
15511.25000 0.1865
15511.62988 0.1869
15512.00000 0.1873
15512.37988 0.1877
15512.75977 0.188101
15513.13965 0.188501
15513.51953 0.188901
15513.90039 0.189303
15514.26953 0.189703
15514.65039 0.190103
15515.03027 0.190495
15515.41016 0.190788
15515.79004 0.191081
15516.16016 0.191375
15516.54004 0.191668
15516.91992 0.191961
15517.29980 0.192254
15517.67969 0.192548
15518.04980 0.192841
15518.42969 0.193134
15518.80957 0.193427
15519.19043 0.19372
15519.57031 0.194015
15519.94043 0.194308
15520.32031 0.194542
15520.70020 0.194765
15521.08008 0.194989
15521.45996 0.195213
15521.83008 0.195437
15522.20996 0.19566
15522.58984 0.195884
15522.96973 0.196108
15523.34961 0.196332
15523.73047 0.196556
15524.09961 0.19678
15524.48047 0.197003
15524.86035 0.197227
15525.24023 0.197389
15525.62012 0.197515
15526.00000 0.19764
15526.37012 0.197766
15526.75000 0.197892
15527.12988 0.198017
15527.50977 0.198143
15527.88965 0.198268
15528.26953 0.198394
15528.63965 0.19852
15529.01953 0.198646
15529.40039 0.198771
15529.78027 0.198897
15530.16016 0.199
15530.54004 0.199071
15530.91016 0.199142
15531.29004 0.199213
15531.66992 0.199285
15532.04980 0.199356
15532.42969 0.199427
15532.80957 0.199498
15533.17969 0.199569
15533.55957 0.199641
15533.94043 0.199712
15534.32031 0.199783
15534.70020 0.199854
15535.08008 0.199913
15535.45996 0.199925
15535.83008 0.199938
15536.20996 0.19995
15536.58984 0.199962
15536.96973 0.199974
15537.34961 0.199986
15537.73047 0.199998
15538.11035 0.200011
15538.48047 0.200023
15538.86035 0.200035
15539.24023 0.200047
15539.62012 0.200059
15540.00000 0.200072
15540.37988 0.200038
15540.75977 0.200004
15541.12988 0.19997
15541.50977 0.199936
15541.88965 0.199902
15542.26953 0.199868
15542.65039 0.199834
15543.03027 0.1998
15543.41016 0.199766
15543.79004 0.199732
15544.16016 0.199698
15544.54004 0.199663
15544.91992 0.199629
15545.29980 0.199568
15545.67969 0.199499
15546.05957 0.199431
15546.44043 0.199362
15546.82031 0.199293
15547.19043 0.199224
15547.57031 0.199156
15547.95020 0.199087
15548.33008 0.199019
15548.70996 0.19895
15549.08984 0.198881
15549.46973 0.198812
15549.84961 0.198744
15550.21973 0.198658
15550.59961 0.198561
15550.98047 0.198463
15551.36035 0.198366
15551.74023 0.198268
15552.12012 0.198171
15552.50000 0.198073
15552.87988 0.197976
15553.25977 0.197878
15553.62988 0.197781
15554.00977 0.197684
15554.38965 0.197586
15554.76953 0.197489
15555.15039 0.197384
15555.53027 0.197267
15555.91016 0.19715
15556.29004 0.197034
15556.66992 0.196917
15557.04980 0.1968
15557.41992 0.196684
15557.79980 0.196567
15558.17969 0.19645
15558.55957 0.196333
15558.94043 0.196217
15559.32031 0.1961
15559.70020 0.195984
15560.08008 0.195866
15560.45996 0.195747
15560.83984 0.195628
15561.21973 0.195509
15561.58984 0.19539
15561.96973 0.195271
15562.34961 0.195152
15562.73047 0.195033
15563.11035 0.194914
15563.49023 0.194795
15563.87012 0.194676
15564.25000 0.194557
15564.62988 0.194437
15565.00977 0.194318
15565.38965 0.194195
15565.76953 0.194072
15566.15039 0.193949
15566.53027 0.193826
15566.90039 0.193703
15567.28027 0.19358
15567.66016 0.193457
15568.04004 0.193334
15568.41992 0.193211
15568.79980 0.193088
15569.17969 0.192965
15569.55957 0.192841
15569.94043 0.192718
15570.32031 0.192582
15570.70020 0.192444
15571.08008 0.192306
15571.45996 0.192168
15571.83984 0.19203
15572.20996 0.191892
15572.58984 0.191753
15572.96973 0.191615
15573.34961 0.191477
15573.73047 0.191339
15574.11035 0.191201
15574.49023 0.191063
15574.87012 0.190924
15575.25000 0.190795
15575.62988 0.190672
15576.00977 0.190548
15576.38965 0.190425
15576.76953 0.190301
15577.15039 0.190177
15577.53027 0.190053
15577.91016 0.18993
15578.29004 0.189806
15578.66992 0.189682
15579.04980 0.189558
15579.42969 0.189434
15579.79980 0.189311
15580.17969 0.189186
15580.55957 0.18906
15580.94043 0.188935
15581.32031 0.188809
15581.70020 0.188683
15582.08008 0.188557
15582.45996 0.188432
15582.83984 0.188306
15583.21973 0.18818
15583.59961 0.188055
15583.98047 0.187929
15584.36035 0.187803
15584.74023 0.187677
15585.12012 0.187557
15585.50000 0.18745
15585.87988 0.187343
15586.25977 0.187235
15586.63965 0.187128
15587.01953 0.18702
15587.40039 0.186913
15587.78027 0.186806
15588.16016 0.186698
15588.54004 0.186591
15588.91992 0.186483
15589.29980 0.186376
15589.67969 0.186269
15590.05957 0.186163
15590.44043 0.186069
15590.82031 0.185975
15591.20020 0.185881
15591.58008 0.185787
15591.95996 0.185693
15592.33984 0.185599
15592.71973 0.185505
15593.09961 0.185411
15593.48047 0.185316
15593.86035 0.185222
15594.24023 0.185128
15594.62012 0.185034
15595.00000 0.18494
15595.37988 0.184856
15595.75977 0.184771
15596.13965 0.184687
15596.51953 0.184603
15596.90039 0.184519
15597.28027 0.184435
15597.66016 0.18435
15598.04004 0.184266
15598.41992 0.184182
15598.79980 0.184097
15599.17969 0.184013
15599.55957 0.183929
15599.94043 0.183845
15600.32031 0.183777
15600.70020 0.183713
15601.08008 0.183648
15601.45996 0.183584
15601.83984 0.183519
15602.21973 0.183455
15602.59961 0.18339
15602.98047 0.183326
15603.36035 0.183261
15603.74023 0.183197
15604.12012 0.183132
15604.50000 0.183068
15604.87988 0.183003
15605.25977 0.182945
15605.63965 0.182889
15606.01953 0.182834
15606.40039 0.182778
15606.78027 0.182723
15607.16016 0.182667
15607.54004 0.182612
15607.91992 0.182556
15608.29980 0.182501
15608.67969 0.182445
15609.05957 0.18239
15609.44043 0.182334
15609.82031 0.182279
15610.20020 0.182227
15610.58008 0.182179
15610.95996 0.182131
15611.33984 0.182083
15611.71973 0.182034
15612.09961 0.181986
15612.48047 0.181938
15612.87012 0.18189
15613.25000 0.181841
15613.62988 0.181793
15614.00977 0.181745
15614.38965 0.181697
15614.76953 0.181648
15615.15039 0.181607
15615.53027 0.181578
15615.91016 0.181549
15616.29004 0.18152
15616.66992 0.181491
15617.04980 0.181461
15617.42969 0.181432
15617.80957 0.181403
15618.19043 0.181374
15618.57031 0.181344
15618.95020 0.181315
15619.33008 0.181286
15619.70996 0.181257
15620.08984 0.181231
15620.46973 0.181218
15620.86035 0.181204
15621.24023 0.18119
15621.62012 0.181176
15622.00000 0.181162
15622.37988 0.181148
15622.75977 0.181134
15623.13965 0.18112
15623.51953 0.181106
15623.90039 0.181092
15624.28027 0.181078
15624.66016 0.181064
15625.04004 0.181051
15625.41992 0.181045
15625.79980 0.181039
15626.17969 0.181034
15626.57031 0.181028
15626.95020 0.181022
15627.33008 0.181016
15627.70996 0.18101
15628.08984 0.181004
15628.46973 0.180998
15628.84961 0.180992
15629.23047 0.180986
15629.61035 0.18098
15629.99023 0.180975
15630.37012 0.180986
15630.75000 0.180998
15631.12988 0.18101
15631.51953 0.181023
15631.90039 0.181035
15632.28027 0.181047
15632.66016 0.181059
15633.04004 0.181071
15633.41992 0.181083
15633.79980 0.181095
15634.17969 0.181108
15634.55957 0.18112
15634.94043 0.181132
15635.33008 0.181149
15635.70996 0.181167
15636.08984 0.181184
15636.46973 0.181202
15636.84961 0.18122
15637.23047 0.181238
15637.61035 0.181256
15637.99023 0.181274
15638.37012 0.181292
15638.75000 0.18131
15639.12988 0.181328
15639.51953 0.181346
15639.90039 0.181364
15640.28027 0.181392
15640.66016 0.181423
15641.04004 0.181455
15641.41992 0.181487
15641.79980 0.181519
15642.17969 0.18155
15642.55957 0.181582
15642.95020 0.181614
15643.33008 0.181646
15643.70996 0.181677
15644.08984 0.181709
15644.46973 0.181741
15644.84961 0.181773
15645.23047 0.181814
15645.61035 0.181862
15646.00000 0.181909
15646.37988 0.181956
15646.75977 0.182004
15647.13965 0.182051
15647.51953 0.182099
15647.90039 0.182146
15648.28027 0.182194
15648.66016 0.182241
15649.04004 0.182289
15649.42969 0.182336
15649.80957 0.182384
15650.19043 0.182431
15650.57031 0.182479
15650.95020 0.182527
15651.33008 0.182574
15651.70996 0.182622
15652.09961 0.18267
15652.48047 0.182717
15652.86035 0.182765
15653.24023 0.182813
15653.62012 0.18286
15654.00000 0.182908
15654.37988 0.182956
15654.76953 0.183003
15655.15039 0.183054
15655.53027 0.183108
15655.91016 0.183163
15656.29004 0.183217
15656.66992 0.183271
15657.04980 0.183326
15657.44043 0.18338
15657.82031 0.183435
15658.20020 0.183489
15658.58008 0.183544
15658.95996 0.183598
15659.33984 0.183653
15659.71973 0.183707
15660.11035 0.183766
15660.49023 0.183836
15660.87012 0.183906
15661.25000 0.183976
15661.62988 0.184046
15662.00977 0.184116
15662.40039 0.184186
15662.78027 0.184256
15663.16016 0.184326
15663.54004 0.184396
15663.91992 0.184466
15664.29980 0.184536
15664.69043 0.184606
15665.07031 0.184677
15665.45020 0.184748
15665.83008 0.184818
15666.20996 0.184889
15666.58984 0.18496
15666.98047 0.185031
15667.36035 0.185102
15667.74023 0.185172
15668.12012 0.185243
15668.50000 0.185314
15668.87988 0.185385
15669.26953 0.185456
15669.65039 0.185527
15670.03027 0.185599
15670.41016 0.185681
15670.79004 0.185763
15671.17969 0.185846
15671.55957 0.185928
15671.94043 0.186011
15672.32031 0.186093
15672.70020 0.186175
15673.08008 0.186258
15673.46973 0.18634
15673.84961 0.186423
15674.23047 0.186505
15674.61035 0.186587
15674.99023 0.18667
15675.37988 0.186755
15675.75977 0.18684
15676.13965 0.186925
15676.51953 0.18701
15676.90039 0.187096
15677.29004 0.187181
15677.66992 0.187266
15678.04980 0.187352
15678.42969 0.187437
15678.80957 0.187522
15679.20020 0.187607
15679.58008 0.187693
15679.95996 0.187778
15680.33984 0.187861
15680.71973 0.187944
15681.11035 0.188028
15681.49023 0.188111
15681.87012 0.188194
15682.25000 0.188278
15682.62988 0.188361
15683.01953 0.188444
15683.40039 0.188528
15683.78027 0.188611
15684.16016 0.188694
15684.54004 0.188778
15684.92969 0.188861
15685.30957 0.188945
15685.69043 0.189029
15686.07031 0.189113
15686.45996 0.189197
15686.83984 0.189281
15687.21973 0.189365
15687.59961 0.189449
15687.98047 0.189533
15688.37012 0.189617
15688.75000 0.189701
15689.12988 0.189785
15689.50977 0.189869
15689.90039 0.189953
15690.28027 0.190037
15690.66016 0.19012
15691.04004 0.190205
15691.41992 0.190288
15691.80957 0.190372
15692.19043 0.190456
15692.57031 0.19054
15692.95020 0.190624
15693.33984 0.190708
15693.71973 0.190792
15694.09961 0.190876
15694.48047 0.19096
15694.87012 0.191044
15695.25000 0.191129
15695.62988 0.191215
15696.00977 0.191302
15696.40039 0.191388
15696.78027 0.191474
15697.16016 0.19156
15697.54004 0.191647
15697.92969 0.191733
15698.30957 0.191819
15698.69043 0.191906
15699.07031 0.191992
15699.45996 0.192078
15699.83984 0.192165
15700.21973 0.192254
15700.59961 0.192345
15700.99023 0.192436
15701.37012 0.192527
15701.75000 0.192619
15702.12988 0.19271
15702.51953 0.192801
15702.90039 0.192892
15703.28027 0.192984
15703.66016 0.193075
15704.04980 0.193166
15704.42969 0.193257
15704.80957 0.193349
15705.19043 0.19344
15705.58008 0.19353
15705.95996 0.193621
15706.33984 0.193712
15706.73047 0.193802
15707.11035 0.193893
15707.49023 0.193984
15707.87012 0.194075
15708.25977 0.194165
15708.63965 0.194256
15709.01953 0.194347
15709.40039 0.194437
15709.79004 0.194528
15710.16992 0.194613
15710.54980 0.194691
15710.94043 0.194769
