threeML/data/optical_filters/HST/NICMOS1-F160W.ecsv
# %ECSV 0.9
# ---
# datatype:
# - {name: wavelength, unit: Angstrom, datatype: float32}
# - {name: response, datatype: float32}
# meta: !!omap
# - {band_name: F160W}
# - {group_name: NICMOS1}
wavelength response
[from data line 3063]
15819.50977 0.186854
15820.32031 0.186852
15821.12988 0.186846
15821.94043 0.18684
15822.75000 0.186834
15823.55957 0.186828
15824.37012 0.186823
15825.17969 0.186823
15826.00000 0.186842
15826.80957 0.186861
15827.62012 0.186881
15828.42969 0.1869
15829.24023 0.18692
15830.04980 0.186937
15830.86035 0.186926
15831.67969 0.186914
15832.49023 0.186902
15833.29980 0.18689
15834.11035 0.186879
15834.91992 0.186867
15835.73047 0.186855
15836.54980 0.186842
15837.36035 0.18683
15838.16992 0.186817
15838.98047 0.186805
15839.79004 0.186792
15840.61035 0.186784
15841.41992 0.186777
15842.23047 0.18677
15843.04004 0.186762
15843.84961 0.186755
15844.66992 0.186748
15845.48047 0.186743
15846.29004 0.186739
15847.09961 0.186735
15847.91992 0.18673
15848.73047 0.186726
15849.54004 0.186722
15850.34961 0.186714
15851.16992 0.186701
15851.98047 0.186687
15852.79004 0.186673
15853.59961 0.18666
15854.41992 0.186646
15855.23047 0.186634
15856.04004 0.186624
15856.84961 0.186615
15857.66992 0.186606
15858.48047 0.186596
15859.29004 0.186587
15860.11035 0.186577
15860.91992 0.186561
15861.73047 0.186545
15862.54004 0.186529
15863.36035 0.186512
15864.16992 0.186496
15864.99023 0.18648
15865.79980 0.186465
15866.61035 0.186449
15867.41992 0.186434
15868.24023 0.186419
15869.04980 0.186403
15869.87012 0.186388
15870.67969 0.186368
15871.49023 0.186347
15872.30957 0.186327
15873.12012 0.186306
15873.92969 0.186286
15874.75000 0.186265
15875.55957 0.186253
15876.37988 0.186244
15877.19043 0.186235
15878.00000 0.186226
15878.82031 0.186217
15879.62988 0.186208
15880.45020 0.186187
15881.25977 0.186157
15882.07031 0.186126
15882.88965 0.186095
15883.70020 0.186065
15884.51953 0.186034
15885.33008 0.186008
15886.13965 0.185987
15886.95996 0.185967
15887.76953 0.185947
15888.58984 0.185927
15889.40039 0.185907
15890.21973 0.185884
15891.03027 0.185857
15891.84961 0.185829
15892.66016 0.185801
15893.48047 0.185773
15894.29004 0.185745
15895.09961 0.185717
15895.91992 0.185688
15896.73047 0.185659
15897.54980 0.18563
15898.36035 0.185601
15899.17969 0.185572
15900.00000 0.185543
15900.80957 0.185524
15901.62012 0.185504
15902.44043 0.185484
15903.25000 0.185465
15904.07031 0.185445
15904.88965 0.185425
15905.70020 0.185401
15906.51953 0.185376
15907.33008 0.185352
15908.15039 0.185327
15908.95996 0.185302
15909.78027 0.185277
15910.58984 0.185267
15911.41016 0.185261
15912.23047 0.185256
15913.04004 0.185251
15913.86035 0.185246
15914.66992 0.185241
15915.49023 0.185223
15916.29980 0.185196
15917.12012 0.18517
15917.94043 0.185144
15918.75000 0.185118
15919.57031 0.185091
15920.37988 0.185067
15921.20020 0.185045
15922.01953 0.185022
15922.83008 0.184999
15923.65039 0.184977
15924.46973 0.184954
15925.28027 0.184928
15926.09961 0.184896
15926.91992 0.184864
15927.73047 0.184833
15928.54980 0.184801
15929.36035 0.184769
15930.17969 0.184739
15931.00000 0.184716
15931.80957 0.184693
15932.62988 0.18467
15933.45020 0.184648
15934.25977 0.184625
15935.08008 0.184602
15935.90039 0.184572
15936.71973 0.184542
15937.53027 0.184512
15938.34961 0.184482
15939.16992 0.184451
15939.98047 0.184421
15940.79980 0.184397
15941.62012 0.184373
15942.44043 0.184349
15943.25000 0.184325
15944.07031 0.184301
15944.88965 0.184277
15945.70996 0.184256
15946.51953 0.184236
15947.33984 0.184216
15948.16016 0.184196
15948.96973 0.184176
15949.79004 0.184156
15950.61035 0.18412
15951.42969 0.18408
15952.25000 0.18404
15953.05957 0.184
15953.87988 0.183959
15954.70020 0.183919
15955.51953 0.183884
15956.33008 0.183851
15957.15039 0.183818
15957.96973 0.183786
15958.79004 0.183753
15959.61035 0.18372
15960.41992 0.183688
15961.24023 0.183656
15962.05957 0.183624
15962.87988 0.183592
15963.70020 0.18356
15964.51953 0.183529
15965.33008 0.183498
15966.15039 0.183467
15966.96973 0.183437
15967.79004 0.183406
15968.61035 0.183376
15969.42969 0.183346
15970.25000 0.183317
15971.05957 0.183292
15971.87988 0.183267
15972.70020 0.183242
15973.51953 0.183216
15974.33984 0.183191
15975.16016 0.183165
15975.98047 0.183132
15976.79980 0.183099
15977.62012 0.183066
15978.42969 0.183033
15979.25000 0.183001
15980.07031 0.182968
15980.88965 0.182932
15981.70996 0.182896
15982.53027 0.18286
15983.34961 0.182823
15984.16992 0.182787
15984.99023 0.182751
15985.80957 0.182727
15986.62988 0.182703
15987.45020 0.182678
15988.26953 0.182654
15989.08984 0.18263
15989.91016 0.182606
15990.73047 0.182565
15991.54980 0.182523
15992.37012 0.18248
15993.19043 0.182438
15994.00977 0.182395
15994.83008 0.182353
15995.65039 0.182322
15996.45996 0.182295
15997.29004 0.182267
15998.11035 0.18224
15998.92969 0.182213
15999.75000 0.182185
16000.57031 0.182171
16001.38965 0.182164
16002.20996 0.182156
16003.03027 0.182148
16003.84961 0.18214
16004.66992 0.182132
16005.49023 0.182117
16006.30957 0.182098
16007.12988 0.182079
16007.95020 0.18206
16008.76953 0.18204
16009.58984 0.182021
16010.41016 0.182003
16011.23047 0.181987
16012.04980 0.181971
16012.87012 0.181954
16013.70020 0.181938
16014.51953 0.181922
16015.33984 0.181905
16016.16016 0.181887
16016.98047 0.181869
16017.79980 0.181852
16018.62012 0.181834
16019.44043 0.181816
16020.25977 0.181799
16021.08008 0.181783
16021.91016 0.181767
16022.73047 0.181751
16023.54980 0.181735
16024.37012 0.181719
16025.19043 0.181703
16026.00977 0.181686
16026.83008 0.18167
16027.66016 0.181654
16028.48047 0.181637
16029.29980 0.181621
16030.12012 0.181605
16030.94043 0.18159
16031.76953 0.181575
16032.58984 0.18156
16033.41016 0.181545
16034.23047 0.181531
16035.04980 0.181516
16035.87988 0.181506
16036.70020 0.181495
16037.51953 0.181485
16038.33984 0.181474
16039.16016 0.181464
16039.99023 0.181453
16040.80957 0.181437
16041.62988 0.181422
16042.45020 0.181406
16043.28027 0.18139
16044.09961 0.181374
16044.91992 0.181358
16045.74023 0.181349
16046.57031 0.181341
16047.38965 0.181334
16048.20996 0.181326
16049.03027 0.181318
16049.86035 0.18131
16050.67969 0.181301
16051.50000 0.181292
16052.32031 0.181283
16053.15039 0.181274
16053.96973 0.181265
16054.79004 0.181256
16055.62012 0.181247
16056.44043 0.181239
16057.25977 0.18123
16058.08008 0.181221
16058.91016 0.181212
16059.73047 0.181204
16060.54980 0.181197
16061.37988 0.181191
16062.20020 0.181185
16063.03027 0.18118
16063.84961 0.181174
16064.66992 0.181168
16065.50000 0.181159
16066.32031 0.181148
16067.13965 0.181138
16067.96973 0.181127
16068.79004 0.181116
16069.61035 0.181105
16070.44043 0.181099
16071.25977 0.181099
16072.08984 0.181098
16072.91016 0.181097
16073.73047 0.181096
16074.55957 0.181095
16075.37988 0.181095
16076.20996 0.181094
16077.03027 0.181094
16077.84961 0.181093
16078.67969 0.181093
16079.50000 0.181093
16080.33008 0.181094
16081.15039 0.181096
16081.98047 0.181098
16082.79980 0.181101
16083.62012 0.181103
16084.45020 0.181106
16085.26953 0.181104
16086.09961 0.181096
16086.91992 0.181087
16087.75000 0.181078
16088.57031 0.181069
16089.40039 0.18106
16090.21973 0.181055
16091.04980 0.181058
16091.87012 0.181061
16092.70020 0.181065
16093.51953 0.181068
16094.34961 0.181071
16095.16992 0.181074
16096.00000 0.181072
16096.82031 0.18107
16097.65039 0.181068
16098.46973 0.181066
16099.29980 0.181065
16100.12012 0.181065
16100.95020 0.181077
16101.76953 0.181089
16102.59961 0.181101
16103.41992 0.181113
16104.25000 0.181124
16105.08008 0.181137
16105.90039 0.181153
16106.73047 0.181169
16107.54980 0.181185
16108.37988 0.181201
16109.20020 0.181217
16110.03027 0.181233
16110.86035 0.181247
16111.67969 0.18126
16112.50977 0.181273
16113.33008 0.181286
16114.16016 0.181299
16114.99023 0.181312
16115.80957 0.181312
16116.63965 0.181311
16117.45996 0.18131
16118.29004 0.181309
16119.12012 0.181308
16119.94043 0.181307
16120.76953 0.181329
16121.59961 0.181352
16122.41992 0.181376
16123.25000 0.181399
16124.08008 0.181423
16124.90039 0.181447
16125.73047 0.181466
16126.54980 0.181485
16127.37988 0.181504
16128.20996 0.181523
16129.04004 0.181542
16129.86035 0.181562
16130.69043 0.181581
16131.51953 0.1816
16132.33984 0.181619
16133.16992 0.181638
16134.00000 0.181657
16134.82031 0.181676
16135.65039 0.181703
16136.48047 0.181733
16137.30957 0.181762
16138.12988 0.181792
16138.95996 0.181821
16139.79004 0.181851
16140.62012 0.181867
16141.44043 0.181878
16142.26953 0.18189
16143.09961 0.181901
16143.91992 0.181913
16144.75000 0.181925
16145.58008 0.181951
16146.41016 0.181985
16147.24023 0.182018
16148.05957 0.182051
16148.88965 0.182085
16149.71973 0.182118
16150.54980 0.182143
16151.37988 0.182164
16152.20020 0.182185
16153.03027 0.182205
16153.86035 0.182226
16154.69043 0.182247
16155.51953 0.182281
16156.33984 0.182323
16157.16992 0.182365
16158.00000 0.182406
16158.83008 0.182448
16159.66016 0.18249
16160.49023 0.182519
16161.30957 0.18254
16162.13965 0.18256
16162.96973 0.182581
16163.79980 0.182601
16164.62988 0.182622
16165.45996 0.182648
16166.29004 0.182678
16167.11035 0.182709
16167.94043 0.18274
16168.76953 0.182771
16169.59961 0.182801
16170.42969 0.18283
16171.25977 0.182856
16172.08984 0.182883
16172.91992 0.182909
16173.75000 0.182936
16174.57031 0.182962
16175.40039 0.182995
16176.23047 0.183033
16177.05957 0.183072
16177.88965 0.183111
16178.71973 0.183149
16179.54980 0.183188
16180.37988 0.183227
16181.20996 0.183267
16182.04004 0.183308
16182.87012 0.183348
16183.70020 0.183388
16184.53027 0.183428
16185.36035 0.183468
16186.19043 0.183508
16187.01953 0.183547
16187.84961 0.183587
16188.67969 0.183626
16189.50977 0.183666
16190.33984 0.183705
16191.16992 0.183741
16192.00000 0.183778
16192.83008 0.183815
16193.66016 0.183852
16194.49023 0.183889
16195.32031 0.183931
16196.15039 0.183981
16196.98047 0.184032
16197.80957 0.184082
16198.63965 0.184133
16199.46973 0.184183
16200.29980 0.18423
16201.12988 0.184269
16201.95996 0.184308
16202.79004 0.184346
16203.62012 0.184385
16204.45020 0.184424
16205.28027 0.184464
16206.11035 0.184505
16206.94043 0.184547
16207.76953 0.184588
16208.61035 0.184629
16209.44043 0.18467
16210.26953 0.184711
16211.09961 0.184749
16211.92969 0.184786
16212.75977 0.184824
16213.58984 0.184862
16214.41992 0.1849
16215.25000 0.184941
16216.08008 0.18499
16216.91992 0.185039
16217.75000 0.185089
16218.58008 0.185138
16219.41016 0.185187
16220.24023 0.185235
16221.07031 0.185282
16221.91016 0.185329
16222.74023 0.185376
16223.57031 0.185423
16224.40039 0.185471
16225.23047 0.185516
16226.05957 0.185556
16226.90039 0.185597
16227.73047 0.185637
16228.55957 0.185678
16229.38965 0.185718
16230.21973 0.185762
16231.05957 0.185814
16231.88965 0.185867
16232.71973 0.185919
16233.54980 0.185971
16234.37988 0.186024
16235.21973 0.186075
16236.04980 0.186124
16236.87988 0.186174
16237.70996 0.186223
16238.54980 0.186272
16239.37988 0.186322
16240.20996 0.186369
16241.04004 0.186413
16241.87988 0.186456
16242.70996 0.1865
16243.54004 0.186543
16244.37012 0.186587
16245.20996 0.186634
16246.04004 0.186693
16246.87012 0.186751
16247.70996 0.18681
16248.54004 0.186869
16249.37012 0.186928
16250.20020 0.186985
16251.04004 0.187039
16251.87012 0.187092
16252.70020 0.187146
16253.54004 0.1872
16254.37012 0.187254
16255.20020 0.187307
16256.04004 0.187361
16256.87012 0.187415
16257.70020 0.187468
16258.54004 0.187522
16259.37012 0.187576
16260.20020 0.18763
16261.04004 0.187684
16261.87012 0.187739
16262.70020 0.187794
16263.54004 0.187848
16264.37012 0.187903
16265.20996 0.187958
16266.04004 0.188015
16266.87012 0.188072
16267.70996 0.18813
16268.54004 0.188187
16269.37012 0.188244
16270.20996 0.188302
16271.04004 0.188362
16271.87988 0.188422
16272.70996 0.188483
16273.54004 0.188543
16274.37988 0.188604
16275.20996 0.188661
16276.04980 0.188711
16276.87988 0.188761
16277.71973 0.18881
16278.54980 0.18886
16279.38965 0.18891
16280.21973 0.188962
16281.04980 0.18902
16281.88965 0.189078
16282.71973 0.189136
16283.55957 0.189194
16284.38965 0.189252
16285.23047 0.189312
16286.05957 0.189375
16286.90039 0.189439
16287.73047 0.189502
16288.57031 0.189566
16289.40039 0.18963
16290.24023 0.189691
16291.07031 0.189748
16291.91016 0.189804
16292.74023 0.189861
16293.58008 0.189918
16294.41016 0.189974
16295.25000 0.190032
16296.08008 0.19009
16296.91992 0.190148
16297.75977 0.190207
16298.58984 0.190265
16299.42969 0.190324
16300.25977 0.190386
16301.09961 0.190456
16301.92969 0.190527
16302.76953 0.190597
16303.61035 0.190667
16304.44043 0.190738
16305.28027 0.190802
16306.11035 0.190855
16306.95020 0.190909
16307.78027 0.190962
16308.62012 0.191015
16309.45996 0.191068
16310.29004 0.191124
16311.12988 0.191187
16311.95996 0.191249
16312.79980 0.191311
16313.63965 0.191374
16314.46973 0.191436
16315.30957 0.191497
16316.15039 0.191555
16316.98047 0.191612
16317.82031 0.19167
16318.66016 0.191728
16319.49023 0.191786
16320.33008 0.191848
16321.16992 0.191916
16322.00000 0.191984
16322.83984 0.192052
16323.67969 0.19212
16324.50977 0.192189
16325.34961 0.192254
16326.19043 0.192317
16327.01953 0.192379
16327.86035 0.192442
16328.70020 0.192504
16329.53027 0.192567
16330.37012 0.192632
16331.20996 0.1927
16332.04980 0.192769
16332.87988 0.192837
16333.71973 0.192906
16334.55957 0.192974
16335.40039 0.193037
16336.23047 0.193092
16337.07031 0.193148
16337.91016 0.193203
16338.75000 0.193259
16339.58008 0.193315
16340.41992 0.193376
16341.25977 0.193443
16342.09961 0.193511
16342.92969 0.193578
16343.76953 0.193646
16344.61035 0.193713
16345.45020 0.193773
16346.29004 0.193827
16347.12012 0.19388
16347.95996 0.193934
16348.79980 0.193987
16349.63965 0.19404
16350.48047 0.194099
16351.30957 0.194163
16352.15039 0.194226
16352.99023 0.194289
16353.83008 0.194353
16354.66992 0.194416
16355.50000 0.194483
16356.33984 0.194553
16357.17969 0.194623
16358.01953 0.194693
16358.86035 0.194763
16359.70020 0.194833
16360.54004 0.194892
16361.37988 0.194944
16362.20996 0.194996
16363.04980 0.195049
16363.88965 0.195101
16364.73047 0.195153
16365.57031 0.195213
16366.41016 0.195275
16367.25000 0.195338
16368.08984 0.195401
16368.92969 0.195464
16369.75977 0.195527
16370.59961 0.195591
16371.44043 0.195656
16372.28027 0.19572
16373.12012 0.195785
16373.95996 0.195849
16374.79980 0.195914
16375.63965 0.195965
16376.48047 0.196013
16377.32031 0.19606
16378.16016 0.196107
16379.00000 0.196154
16379.83984 0.196202
16380.67969 0.196257
16381.51953 0.196313
16382.36035 0.19637
16383.20020 0.196426
16384.03906 0.196483
16384.88086 0.19654
16385.72070 0.196613
16386.56055 0.19669
16387.40039 0.196767
16388.24023 0.196844
16389.08008 0.196921
16389.91992 0.196998
16390.75977 0.197051
16391.59961 0.197102
16392.43945 0.197153
16393.27930 0.197204
16394.11914 0.197255
16394.96094 0.197306
16395.80078 0.197372
16396.64062 0.197439
16397.48047 0.197507
16398.32031 0.197574
16399.16016 0.197641
16400.00000 0.197709
16400.83984 0.197767
16401.67969 0.197826
16402.52930 0.197884
16403.36914 0.197942
16404.21094 0.198001
16405.05078 0.198059
16405.89062 0.198107
16406.73047 0.198155
16407.57031 0.198203
16408.41016 0.198251
16409.25000 0.198299
16410.08984 0.198349
16410.93945 0.198412
16411.77930 0.198474
16412.61914 0.198537
16413.46094 0.1986
16414.30078 0.198663
16415.14062 0.198726
16415.98047 0.198788
16416.82031 0.19885
16417.66992 0.198912
16418.50977 0.198975
16419.34961 0.199037
16420.18945 0.199096
16421.02930 0.199143
16421.86914 0.19919
16422.72070 0.199237
16423.56055 0.199284
16424.40039 0.199331
16425.24023 0.19938
16426.08984 0.199432
16426.92969 0.199485
16427.76953 0.199537
16428.60938 0.199589
16429.44922 0.199641
16430.28906 0.199696
16431.14062 0.199756
16431.98047 0.199816
16432.82031 0.199875
16433.66992 0.199935
16434.50977 0.199994
16435.34961 0.200048
16436.18945 0.200092
16437.03906 0.200137
16437.88086 0.200181
16438.72070 0.200226
16439.56055 0.20027
16440.41016 0.200324
16441.25000 0.200386
16442.08984 0.20045
16442.93945 0.200513
16443.77930 0.200575
16444.61914 0.200638
16445.46094 0.200691
16446.31055 0.200737
16447.15039 0.200782
16447.99023 0.200826
16448.83984 0.200872
16449.67969 0.200916
16450.51953 0.200967
16451.36914 0.20102
