threeML/data/optical_filters/HST/NICMOS3-F113N.ecsv
# %ECSV 0.9
# ---
# datatype:
# - {name: wavelength, unit: Angstrom, datatype: float32}
# - {name: response, datatype: float32}
# meta: !!omap
# - {band_name: F113N}
# - {group_name: NICMOS3}
wavelength response
10045.55762 0.0
11161.73047 0.000402
11161.91992 0.000406
11162.12012 0.000409
11162.30957 0.00041
11162.50977 0.000411
11162.70020 0.000412
11162.90039 0.000413
11163.08984 0.000414
11163.29004 0.000415
11163.48047 0.000416
11163.67969 0.000417
11163.87012 0.000418
11164.07031 0.00042
11164.25977 0.000425
11164.45996 0.00043
11164.65039 0.000435
11164.84961 0.00044
11165.04004 0.000446
11165.24023 0.000451
11165.42969 0.000456
11165.62988 0.000461
11165.82031 0.000466
11166.01953 0.000471
11166.20996 0.000476
11166.41016 0.000481
11166.59961 0.000485
11166.79980 0.00049
11166.99023 0.000495
11167.19043 0.000499
11167.37988 0.000504
11167.58008 0.000509
11167.76953 0.000514
11167.96973 0.000518
11168.16016 0.000528
11168.36035 0.000539
11168.54980 0.00055
11168.75000 0.000561
11168.94043 0.000571
11169.13965 0.000582
11169.33008 0.000593
11169.53027 0.000604
11169.71973 0.000615
11169.91992 0.000626
11170.11035 0.000633
11170.30957 0.000638
11170.50000 0.000643
11170.70020 0.000648
11170.88965 0.000653
11171.08984 0.000657
11171.28027 0.000662
11171.48047 0.000667
11171.66992 0.000672
11171.87012 0.000677
11172.05957 0.000683
11172.25977 0.000691
11172.45020 0.0007
11172.65039 0.000708
11172.83984 0.000716
11173.04004 0.000725
11173.23047 0.000733
11173.42969 0.000742
11173.62012 0.00075
11173.82031 0.000758
11174.00977 0.000766
11174.20996 0.000769
11174.40039 0.000772
11174.59961 0.000774
11174.79004 0.000777
11174.99023 0.00078
11175.17969 0.000782
11175.37988 0.000785
11175.57031 0.000788
11175.76953 0.00079
11175.95996 0.000793
11176.16016 0.000816
11176.34961 0.000844
11176.54980 0.000871
11176.74023 0.000899
11176.94043 0.000927
11177.12988 0.000955
11177.33008 0.000982
11177.51953 0.00101
11177.71973 0.001038
11177.91016 0.001066
11178.11035 0.001083
11178.29980 0.001092
11178.50000 0.0011
11178.69043 0.001109
11178.88965 0.001117
11179.08008 0.001126
11179.28027 0.001135
11179.46973 0.001143
11179.66992 0.001152
11179.86035 0.001161
11180.05957 0.001172
11180.25000 0.001188
11180.45020 0.001205
11180.65039 0.001222
11180.83984 0.001239
11181.04004 0.001255
11181.23047 0.001272
11181.42969 0.001289
11181.62012 0.001306
11181.82031 0.001322
11182.00977 0.001339
11182.20996 0.001358
11182.40039 0.001378
11182.59961 0.001397
11182.79004 0.001416
11182.99023 0.001436
11183.17969 0.001455
11183.37988 0.001474
11183.57031 0.001494
11183.76953 0.001513
11183.95996 0.001532
11184.16016 0.001554
11184.34961 0.001577
11184.54980 0.001599
11184.74023 0.001621
11184.94043 0.001644
11185.12988 0.001666
11185.33008 0.001689
11185.53027 0.001711
11185.71973 0.001734
11185.91992 0.001756
11186.11035 0.001785
11186.30957 0.001818
11186.50000 0.001851
11186.70020 0.001884
11186.88965 0.001917
11187.08984 0.00195
11187.28027 0.001983
11187.48047 0.002016
11187.66992 0.002049
11187.87012 0.002082
11188.05957 0.002116
11188.25977 0.00215
11188.45020 0.002185
11188.65039 0.002219
11188.83984 0.002254
11189.04004 0.002289
11189.24023 0.002324
11189.42969 0.002358
11189.62988 0.002393
11189.82031 0.002428
11190.01953 0.002463
11190.20996 0.002508
11190.41016 0.002552
11190.59961 0.002596
11190.79980 0.00264
11190.99023 0.002685
11191.19043 0.002729
11191.37988 0.002773
11191.58008 0.002817
11191.78027 0.002862
11191.96973 0.002906
11192.16992 0.002943
11192.36035 0.002979
11192.55957 0.003016
11192.75000 0.003052
11192.95020 0.003088
11193.13965 0.003124
11193.33984 0.00316
11193.53027 0.003196
11193.73047 0.003232
11193.91992 0.003269
11194.12012 0.00333
11194.32031 0.003408
11194.50977 0.003486
11194.70996 0.003564
11194.90039 0.003642
11195.09961 0.00372
11195.29004 0.003798
11195.49023 0.003876
11195.67969 0.003954
11195.87988 0.004032
11196.07031 0.004106
11196.26953 0.004174
11196.45996 0.004242
11196.66016 0.00431
11196.86035 0.004378
11197.04980 0.004446
11197.25000 0.004514
11197.44043 0.004582
11197.63965 0.00465
11197.83008 0.004718
11198.03027 0.004788
11198.21973 0.004869
11198.41992 0.004949
11198.62012 0.00503
11198.80957 0.00511
11199.00977 0.005191
11199.20020 0.005271
11199.40039 0.005352
11199.58984 0.005433
11199.79004 0.005513
11199.98047 0.005594
11200.17969 0.005714
11200.37988 0.005838
11200.57031 0.005961
11200.76953 0.006085
11200.95996 0.006208
11201.16016 0.006332
11201.34961 0.006456
11201.54980 0.006579
11201.74023 0.006703
11201.94043 0.006827
11202.12988 0.006957
11202.33008 0.00709
11202.53027 0.007223
11202.71973 0.007357
11202.91992 0.00749
11203.11035 0.007624
11203.30957 0.007757
11203.50000 0.00789
11203.70020 0.008024
11203.88965 0.008157
11204.08984 0.008305
11204.29004 0.008471
11204.48047 0.008639
11204.67969 0.008805
11204.87012 0.008971
11205.07031 0.009138
11205.25977 0.009305
11205.45996 0.009471
11205.65039 0.009637
11205.84961 0.009804
11206.04980 0.00998
11206.24023 0.010187
11206.44043 0.010395
11206.62988 0.010601
11206.83008 0.010808
11207.01953 0.011016
11207.21973 0.011223
11207.41992 0.011429
11207.61035 0.011637
11207.80957 0.011844
11208.00000 0.012051
11208.20020 0.012296
11208.38965 0.012541
11208.58984 0.012785
11208.79004 0.01303
11208.98047 0.013274
11209.17969 0.013518
11209.37012 0.013764
11209.57031 0.014008
11209.75977 0.014253
11209.95996 0.014498
11210.15039 0.0148
11210.34961 0.015118
11210.54980 0.015435
11210.74023 0.015754
11210.94043 0.016071
11211.12988 0.016389
11211.33008 0.016707
11211.51953 0.017025
11211.71973 0.017343
11211.91992 0.017661
11212.11035 0.018016
11212.30957 0.018402
11212.50000 0.018786
11212.70020 0.019172
11212.88965 0.019556
11213.08984 0.01994
11213.29004 0.020326
11213.48047 0.02071
11213.67969 0.021096
11213.87012 0.02148
11214.07031 0.021896
11214.25977 0.022364
11214.45996 0.022834
11214.66016 0.023303
11214.84961 0.023773
11215.04980 0.024241
11215.24023 0.02471
11215.44043 0.02518
11215.62988 0.025649
11215.83008 0.026119
11216.03027 0.026601
11216.21973 0.02717
11216.41992 0.027736
11216.61035 0.028305
11216.80957 0.028871
11217.00977 0.02944
11217.20020 0.030006
11217.40039 0.030575
11217.58984 0.031141
11217.79004 0.03171
11217.98047 0.032277
11218.17969 0.032943
11218.37988 0.033613
11218.57031 0.034287
11218.76953 0.034962
11218.95996 0.035633
11219.16016 0.036307
11219.36035 0.036978
11219.54980 0.037652
11219.75000 0.038323
11219.94043 0.038997
11220.13965 0.039744
11220.33008 0.040524
11220.53027 0.041305
11220.73047 0.042082
11220.91992 0.042863
11221.12012 0.04364
11221.30957 0.044421
11221.50977 0.045198
11221.70996 0.045979
11221.90039 0.04676
11222.09961 0.047564
11222.29004 0.048399
11222.49023 0.04923
11222.69043 0.050065
11222.87988 0.0509
11223.08008 0.051731
11223.26953 0.052566
11223.46973 0.053397
11223.66992 0.054233
11223.86035 0.055068
11224.05957 0.055897
11224.25000 0.056724
11224.45020 0.057551
11224.63965 0.058374
11224.83984 0.059201
11225.04004 0.060024
11225.23047 0.060851
11225.42969 0.061678
11225.62012 0.062501
11225.82031 0.063329
11226.01953 0.064159
11226.20996 0.065014
11226.41016 0.065874
11226.59961 0.066733
11226.79980 0.067589
11227.00000 0.068449
11227.19043 0.069308
11227.38965 0.070168
11227.58008 0.071024
11227.78027 0.071883
11227.98047 0.072743
11228.16992 0.07347
11228.37012 0.074183
11228.55957 0.074896
11228.75977 0.075606
11228.95996 0.076319
11229.15039 0.077032
11229.34961 0.077745
11229.54004 0.078454
11229.74023 0.079168
11229.94043 0.079881
11230.12988 0.080603
11230.33008 0.081325
11230.51953 0.082052
11230.71973 0.082778
11230.91992 0.083505
11231.11035 0.084228
11231.30957 0.084954
11231.50000 0.085681
11231.70020 0.086407
11231.90039 0.08713
11232.08984 0.087786
11232.29004 0.088362
11232.49023 0.088939
11232.67969 0.089513
11232.87988 0.09009
11233.07031 0.090666
11233.26953 0.091243
11233.46973 0.09182
11233.66016 0.092394
11233.86035 0.092971
11234.04980 0.093497
11234.25000 0.093889
11234.45020 0.094281
11234.63965 0.094671
11234.83984 0.095063
11235.03027 0.095455
11235.23047 0.095847
11235.42969 0.096238
11235.62012 0.09663
11235.82031 0.097021
11236.00977 0.097404
11236.20996 0.097681
11236.41016 0.097958
11236.59961 0.098235
11236.79980 0.098512
11237.00000 0.098789
11237.19043 0.099065
11237.38965 0.099342
11237.58008 0.099619
11237.78027 0.099896
11237.98047 0.100173
11238.16992 0.100328
11238.37012 0.100466
11238.57031 0.100604
11238.75977 0.100742
11238.95996 0.10088
11239.15039 0.101019
11239.34961 0.101157
11239.54980 0.101295
11239.74023 0.101434
11239.94043 0.101572
11240.12988 0.101626
11240.33008 0.10164
11240.53027 0.101655
11240.71973 0.10167
11240.91992 0.101685
11241.12012 0.1017
11241.30957 0.101714
11241.50977 0.101729
11241.70020 0.101744
11241.90039 0.101759
11242.09961 0.101736
11242.29004 0.101676
11242.49023 0.101615
11242.69043 0.101554
11242.87988 0.101494
11243.08008 0.101433
11243.26953 0.101372
11243.46973 0.101312
11243.66992 0.101251
11243.86035 0.10119
11244.05957 0.101107
11244.25977 0.100973
11244.45020 0.100838
11244.65039 0.100704
11244.83984 0.100569
11245.04004 0.100435
11245.24023 0.1003
11245.42969 0.100166
11245.62988 0.100031
11245.83008 0.099896
11246.01953 0.099761
11246.21973 0.099614
11246.41992 0.099468
11246.61035 0.099322
11246.80957 0.099175
11247.00000 0.099029
11247.20020 0.098883
11247.40039 0.098736
11247.58984 0.09859
11247.79004 0.098444
11247.99023 0.098297
11248.17969 0.098155
11248.37988 0.098014
11248.57031 0.097872
11248.76953 0.09773
11248.96973 0.097589
11249.16016 0.097447
11249.36035 0.097306
11249.55957 0.097164
11249.75000 0.097023
11249.95020 0.096881
11250.15039 0.096768
11250.33984 0.096664
11250.54004 0.09656
11250.73047 0.096457
11250.92969 0.096352
11251.12988 0.096248
11251.32031 0.096145
11251.51953 0.096041
11251.71973 0.095937
11251.91016 0.095833
11252.11035 0.095728
11252.30957 0.095621
11252.50000 0.095514
11252.70020 0.095407
11252.90039 0.0953
11253.08984 0.095193
11253.29004 0.095086
11253.48047 0.09498
11253.67969 0.094873
11253.87988 0.094765
11254.07031 0.094675
11254.26953 0.094611
11254.46973 0.094548
11254.66016 0.094484
11254.86035 0.094421
11255.05957 0.094357
11255.25000 0.094293
11255.45020 0.094229
11255.65039 0.094166
11255.83984 0.094102
11256.04004 0.094046
11256.24023 0.094023
11256.42969 0.093999
11256.62988 0.093976
11256.82031 0.093952
11257.01953 0.093928
11257.21973 0.093905
11257.41016 0.093881
11257.61035 0.093858
11257.80957 0.093834
11258.00000 0.093811
11258.20020 0.093838
11258.40039 0.093865
11258.58984 0.093892
11258.79004 0.093919
11258.99023 0.093946
11259.17969 0.093973
11259.37988 0.094
11259.58008 0.094027
11259.76953 0.094054
11259.96973 0.094081
11260.16992 0.094132
11260.36035 0.094186
11260.55957 0.09424
11260.75000 0.094295
11260.95020 0.094349
11261.15039 0.094404
11261.33984 0.094458
11261.54004 0.094513
11261.74023 0.094567
11261.92969 0.094622
11262.12988 0.094692
11262.33008 0.09477
11262.51953 0.094848
11262.71973 0.094927
11262.91992 0.095005
11263.11035 0.095083
11263.30957 0.095161
11263.50977 0.09524
11263.70020 0.095318
11263.90039 0.095396
11264.09961 0.095489
11264.29004 0.095598
11264.49023 0.095707
11264.69043 0.095816
11264.87988 0.095924
11265.08008 0.096034
11265.28027 0.096142
11265.46973 0.096251
11265.66992 0.09636
11265.87012 0.096469
11266.05957 0.096589
11266.25977 0.096731
11266.45996 0.096873
11266.65039 0.097016
11266.84961 0.097158
11267.04980 0.0973
11267.24023 0.097442
11267.44043 0.097584
11267.63965 0.097727
11267.83008 0.097869
11268.03027 0.098012
11268.23047 0.098153
11268.41992 0.098295
11268.62012 0.098437
11268.82031 0.098579
11269.00977 0.098721
11269.20996 0.098863
11269.41016 0.099005
11269.59961 0.099146
11269.79980 0.099288
11270.00000 0.09943
11270.19043 0.099616
11270.38965 0.099803
11270.58984 0.09999
11270.79004 0.100177
11270.98047 0.100363
11271.17969 0.10055
11271.37988 0.100737
11271.57031 0.100924
11271.76953 0.10111
11271.96973 0.101298
11272.16016 0.101474
11272.36035 0.10165
11272.55957 0.101825
11272.75000 0.102001
11272.95020 0.102176
11273.15039 0.102352
11273.33984 0.102527
11273.54004 0.102702
11273.74023 0.102877
11273.92969 0.103053
11274.12988 0.103233
11274.33008 0.103415
11274.51953 0.103597
11274.71973 0.10378
11274.91992 0.103962
11275.11035 0.104145
11275.30957 0.104327
11275.50977 0.10451
11275.70020 0.104692
11275.90039 0.104874
11276.09961 0.105052
11276.29004 0.105222
11276.49023 0.105393
11276.69043 0.105564
11276.88965 0.105735
11277.08008 0.105906
11277.28027 0.106077
11277.48047 0.106249
11277.66992 0.106419
11277.87012 0.106591
11278.07031 0.106763
11278.25977 0.106938
11278.45996 0.107114
11278.66016 0.107288
11278.84961 0.107464
11279.04980 0.107639
11279.25000 0.107814
11279.45020 0.10799
11279.63965 0.108165
11279.83984 0.10834
11280.04004 0.108508
11280.23047 0.108646
11280.42969 0.108783
11280.62988 0.10892
11280.82031 0.109057
11281.01953 0.109194
11281.21973 0.109331
11281.41016 0.109468
11281.61035 0.109606
11281.80957 0.109742
11282.00000 0.10988
11282.20020 0.110013
11282.40039 0.110146
11282.59961 0.110279
11282.79004 0.110413
11282.99023 0.110546
11283.19043 0.110679
11283.37988 0.110813
11283.58008 0.110946
11283.78027 0.111079
11283.96973 0.111213
11284.16992 0.111309
11284.37012 0.111401
11284.57031 0.111492
11284.75977 0.111584
11284.95996 0.111675
11285.16016 0.111766
11285.34961 0.111858
11285.54980 0.11195
11285.75000 0.112041
11285.94043 0.112132
11286.13965 0.112227
11286.33984 0.112323
11286.54004 0.112419
11286.73047 0.112516
11286.92969 0.112612
11287.12988 0.112708
11287.32031 0.112804
11287.51953 0.1129
11287.71973 0.112997
11287.91992 0.113093
11288.11035 0.113175
11288.30957 0.113246
11288.50977 0.113317
11288.70020 0.113388
11288.90039 0.113459
11289.09961 0.11353
11289.29004 0.113601
11289.49023 0.113672
11289.69043 0.113743
11289.87988 0.113814
11290.08008 0.113874
11290.28027 0.113919
11290.48047 0.113963
11290.66992 0.114008
11290.87012 0.114052
11291.07031 0.114097
11291.25977 0.114141
11291.45996 0.114186
11291.66016 0.11423
11291.86035 0.114275
11292.04980 0.114315
11292.25000 0.114344
11292.45020 0.114373
11292.63965 0.114402
11292.83984 0.114431
11293.04004 0.11446
11293.24023 0.114489
11293.42969 0.114517
11293.62988 0.114546
11293.83008 0.114575
11294.01953 0.114603
11294.21973 0.114624
11294.41992 0.114645
11294.62012 0.114666
11294.80957 0.114687
11295.00977 0.114708
11295.20996 0.114729
11295.40039 0.11475
11295.59961 0.114771
11295.79980 0.114792
11296.00000 0.114813
11296.19043 0.114822
11296.38965 0.114832
11296.58984 0.114842
11296.79004 0.114851
11296.98047 0.114861
11297.17969 0.11487
11297.37988 0.11488
11297.57031 0.11489
11297.76953 0.114899
11297.96973 0.114909
11298.16992 0.114913
11298.36035 0.114917
11298.55957 0.114921
11298.75977 0.114925
11298.95020 0.114929
11299.15039 0.114932
11299.34961 0.114936
11299.54980 0.11494
11299.74023 0.114944
11299.94043 0.114947
11300.13965 0.114953
11300.33008 0.11496
11300.53027 0.114967
11300.73047 0.114974
11300.92969 0.11498
11301.12012 0.114987
11301.32031 0.114994
11301.51953 0.115
11301.71973 0.115007
11301.91016 0.115014
11302.11035 0.115024
11302.30957 0.115036
11302.50000 0.115048
11302.70020 0.115061
11302.90039 0.115073
11303.09961 0.115085
11303.29004 0.115098
11303.49023 0.11511
11303.69043 0.115122
11303.88965 0.115135
11304.08008 0.115156
11304.28027 0.115189
11304.48047 0.115222
11304.67969 0.115254
11304.87012 0.115287
11305.07031 0.11532
11305.26953 0.115353
11305.45996 0.115386
11305.66016 0.115419
11305.86035 0.115452
11306.05957 0.115481
11306.25000 0.115503
11306.45020 0.115524
11306.65039 0.115545
11306.84961 0.115567
11307.04004 0.115588
11307.24023 0.115609
11307.44043 0.115631
11307.63965 0.115652
11307.83008 0.115673
11308.03027 0.115697
11308.23047 0.115735
11308.42969 0.115772
11308.62012 0.11581
11308.82031 0.115847
11309.01953 0.115885
11309.20996 0.115922
11309.41016 0.11596
11309.61035 0.115997
11309.80957 0.116034
11310.00000 0.116072
11310.20020 0.116107
11310.40039 0.116142
11310.59961 0.116178
11310.79004 0.116213
11310.99023 0.116248
11311.19043 0.116283
11311.38965 0.116318
11311.58008 0.116353
11311.78027 0.116388
