threeML/data/optical_filters/HST/NICMOS2-POL240L.ecsv
# %ECSV 0.9
# ---
# datatype:
# - {name: wavelength, unit: Angstrom, datatype: float32}
# - {name: response, datatype: float32}
# meta: !!omap
# - {band_name: POL240L}
# - {group_name: NICMOS2}
wavelength response
[from data line 7660]
21375.00977 0.003554
21375.43945 0.003542
21375.86914 0.00353
21376.30078 0.003519
21376.73047 0.003507
21377.16016 0.003495
21377.58008 0.003484
21378.00977 0.003472
21378.43945 0.00346
21378.86914 0.003449
21379.30078 0.003437
21379.73047 0.003426
21380.15039 0.003414
21380.58008 0.003402
21381.00977 0.00339
21381.43945 0.003379
21381.86914 0.003367
21382.30078 0.003355
21382.73047 0.003343
21383.15039 0.003331
21383.58008 0.00332
21384.00977 0.003308
21384.43945 0.003296
21384.86914 0.003284
21385.30078 0.003275
21385.73047 0.003266
21386.15039 0.003257
21386.58008 0.003248
21387.00977 0.003239
21387.43945 0.00323
21387.86914 0.003221
21388.30078 0.003212
21388.73047 0.003203
21389.15039 0.003194
21389.58008 0.003184
21390.00977 0.003176
21390.43945 0.003172
21390.86914 0.003169
21391.30078 0.003165
21391.73047 0.003162
21392.16016 0.003159
21392.58008 0.003155
21393.00977 0.003152
21393.43945 0.003149
21393.86914 0.003145
21394.30078 0.003142
21394.73047 0.003138
21395.16016 0.003137
21395.58984 0.00314
21396.00977 0.003143
21396.43945 0.003146
21396.86914 0.003149
21397.30078 0.003152
21397.73047 0.003155
21398.16016 0.003158
21398.58984 0.00316
21399.01953 0.003163
21399.44922 0.003166
21399.88086 0.003169
21400.30078 0.003159
21400.73047 0.003142
21401.16016 0.003126
21401.58984 0.00311
21402.01953 0.003094
21402.44922 0.003078
21402.88086 0.003062
21403.30078 0.003046
21403.73047 0.003029
21404.16016 0.003013
21404.58984 0.002997
21405.01953 0.002981
21405.44922 0.002971
21405.88086 0.002962
21406.31055 0.002952
21406.74023 0.002942
21407.16992 0.002932
21407.59961 0.002923
21408.02930 0.002913
21408.44922 0.002903
21408.88086 0.002893
21409.31055 0.002884
21409.74023 0.002874
21410.16992 0.002862
21410.59961 0.002848
21411.02930 0.002833
21411.46094 0.002819
21411.89062 0.002804
21412.31055 0.00279
21412.74023 0.002776
21413.16992 0.002761
21413.59961 0.002747
21414.02930 0.002732
21414.46094 0.002718
21414.89062 0.002704
21415.32031 0.002704
21415.75000 0.002709
21416.17969 0.002714
21416.60938 0.002719
21417.03906 0.002724
21417.46094 0.002729
21417.89062 0.002734
21418.32031 0.002739
21418.75000 0.002745
21419.17969 0.00275
21419.60938 0.002755
21420.03906 0.002758
21420.47070 0.002749
21420.90039 0.00274
21421.33008 0.002731
21421.75977 0.002721
21422.18945 0.002712
21422.61914 0.002703
21423.05078 0.002693
21423.48047 0.002684
21423.90039 0.002675
21424.33008 0.002665
21424.75977 0.002656
21425.18945 0.002648
21425.61914 0.002642
21426.05078 0.002635
21426.48047 0.002629
21426.91016 0.002623
21427.33984 0.002616
21427.76953 0.00261
21428.19922 0.002603
21428.63086 0.002597
21429.06055 0.002591
21429.49023 0.002584
21429.91992 0.002578
21430.34961 0.002568
21430.77930 0.002556
21431.21094 0.002545
21431.63086 0.002534
21432.06055 0.002523
21432.49023 0.002511
21432.91992 0.0025
21433.34961 0.002489
21433.77930 0.002477
21434.21094 0.002466
21434.64062 0.002455
21435.07031 0.002445
21435.50000 0.002438
21435.92969 0.002432
21436.35938 0.002425
21436.78906 0.002419
21437.22070 0.002412
21437.65039 0.002406
21438.08008 0.002399
21438.50977 0.002392
21438.93945 0.002386
21439.36914 0.002379
21439.80078 0.002373
21440.23047 0.002369
21440.66016 0.002366
21441.08984 0.002364
21441.51953 0.002361
21441.94922 0.002359
21442.36914 0.002356
21442.80078 0.002354
21443.23047 0.002351
21443.66016 0.002349
21444.08984 0.002346
21444.51953 0.002344
21444.94922 0.002341
21445.38086 0.002341
21445.81055 0.002342
21446.24023 0.002342
21446.66992 0.002342
21447.09961 0.002342
21447.52930 0.002342
21447.96094 0.002343
21448.39062 0.002343
21448.82031 0.002343
21449.25000 0.002343
21449.67969 0.002343
21450.10938 0.002339
21450.53906 0.002323
21450.97070 0.002307
21451.40039 0.00229
21451.83008 0.002274
21452.25977 0.002258
21452.68945 0.002242
21453.11914 0.002225
21453.55078 0.002209
21453.98047 0.002193
21454.41016 0.002176
21454.83984 0.00216
21455.26953 0.002145
21455.69922 0.002131
21456.13086 0.002117
21456.56055 0.002103
21456.99023 0.002088
21457.41992 0.002074
21457.84961 0.00206
21458.27930 0.002046
21458.71094 0.002032
21459.14062 0.002017
21459.57031 0.002003
21460.00000 0.001989
21460.42969 0.001993
21460.85938 0.001997
21461.28906 0.002001
21461.72070 0.002005
21462.15039 0.002009
21462.58008 0.002013
21463.00977 0.002017
21463.43945 0.002021
21463.86914 0.002025
21464.30078 0.002029
21464.73047 0.002033
21465.16016 0.002035
21465.58984 0.002033
21466.01953 0.002032
21466.44922 0.002031
21466.88086 0.00203
21467.31055 0.002028
21467.74023 0.002027
21468.17969 0.002026
21468.60938 0.002024
21469.03906 0.002023
21469.46094 0.002022
21469.90039 0.002021
21470.33008 0.002017
21470.75977 0.002012
21471.18945 0.002007
21471.61914 0.002002
21472.05078 0.001997
21472.48047 0.001992
21472.91016 0.001987
21473.33984 0.001982
21473.76953 0.001977
21474.19922 0.001972
21474.63086 0.001968
21475.06055 0.001961
21475.49023 0.001948
21475.91992 0.001934
21476.34961 0.00192
21476.77930 0.001906
21477.21094 0.001892
21477.64062 0.001878
21478.07031 0.001864
21478.50000 0.00185
21478.92969 0.001837
21479.36914 0.001823
21479.78906 0.001809
21480.22070 0.001806
21480.66016 0.001814
21481.08984 0.001822
21481.51953 0.00183
21481.94922 0.001837
21482.38086 0.001845
21482.81055 0.001853
21483.24023 0.001861
21483.66992 0.001869
21484.09961 0.001876
21484.52930 0.001884
21484.96094 0.001892
21485.39062 0.001882
21485.82031 0.001871
21486.25000 0.001859
21486.67969 0.001848
21487.11914 0.001836
21487.53906 0.001825
21487.97070 0.001814
21488.41016 0.001802
21488.83984 0.001791
21489.26953 0.001779
21489.69922 0.001768
21490.13086 0.001757
21490.56055 0.001748
21490.99023 0.001738
21491.41992 0.001729
21491.84961 0.00172
21492.27930 0.00171
21492.71094 0.001701
21493.14062 0.001692
21493.57031 0.001682
21494.00977 0.001673
21494.43945 0.001664
21494.86914 0.001654
21495.30078 0.001652
21495.73047 0.001654
21496.16016 0.001655
21496.58984 0.001657
21497.01953 0.001658
21497.44922 0.00166
21497.88086 0.001661
21498.31055 0.001663
21498.74023 0.001664
21499.17969 0.001666
21499.60938 0.001668
21500.03906 0.001668
21500.47070 0.001658
21500.90039 0.001648
21501.33008 0.001638
21501.75977 0.001628
21502.18945 0.001618
21502.61914 0.001608
21503.05078 0.001598
21503.48047 0.001588
21503.91992 0.001578
21504.34961 0.001569
21504.77930 0.001559
21505.21094 0.001554
21505.64062 0.001555
21506.07031 0.001556
21506.50000 0.001557
21506.92969 0.001558
21507.35938 0.001559
21507.78906 0.001561
21508.22070 0.001562
21508.66016 0.001563
21509.08984 0.001564
21509.51953 0.001565
21509.94922 0.001566
21510.38086 0.001573
21510.81055 0.001581
21511.24023 0.001588
21511.66992 0.001596
21512.10938 0.001604
21512.53906 0.001612
21512.97070 0.00162
21513.40039 0.001627
21513.83008 0.001635
21514.25977 0.001643
21514.68945 0.001651
21515.11914 0.001653
21515.55078 0.001642
21515.99023 0.001631
21516.41992 0.00162
21516.84961 0.001609
21517.27930 0.001598
21517.71094 0.001587
21518.14062 0.001576
21518.57031 0.001565
21519.00000 0.001554
21519.43945 0.001543
21519.86914 0.001532
21520.30078 0.001524
21520.73047 0.001516
21521.16016 0.001509
21521.58984 0.001501
21522.01953 0.001494
21522.46094 0.001487
21522.89062 0.001479
21523.32031 0.001472
21523.75000 0.001464
21524.17969 0.001457
21524.60938 0.00145
21525.03906 0.001442
21525.47070 0.001435
21525.91016 0.001429
21526.33984 0.001422
21526.76953 0.001415
21527.19922 0.001408
21527.63086 0.001401
21528.06055 0.001394
21528.49023 0.001387
21528.92969 0.001381
21529.35938 0.001374
21529.78906 0.001367
21530.22070 0.001368
21530.65039 0.001377
21531.08008 0.001386
21531.51953 0.001395
21531.94922 0.001404
21532.38086 0.001413
21532.81055 0.001422
21533.24023 0.00143
21533.66992 0.001439
21534.09961 0.001448
21534.53906 0.001457
21534.97070 0.001466
21535.40039 0.001458
21535.83008 0.001448
21536.25977 0.001438
21536.68945 0.001428
21537.13086 0.001418
21537.56055 0.001408
21537.99023 0.001398
21538.41992 0.001388
21538.84961 0.001378
21539.27930 0.001368
21539.71094 0.001358
21540.15039 0.001351
21540.58008 0.00135
21541.00977 0.001349
21541.43945 0.001347
21541.86914 0.001346
21542.30078 0.001345
21542.74023 0.001344
21543.16992 0.001343
21543.59961 0.001342
21544.02930 0.001341
21544.46094 0.00134
21544.90039 0.001338
21545.33008 0.001333
21545.75977 0.001327
21546.18945 0.001321
21546.61914 0.001315
21547.05078 0.001309
21547.49023 0.001303
21547.91992 0.001296
21548.34961 0.00129
21548.77930 0.001284
21549.21094 0.001278
21549.65039 0.001272
21550.08008 0.001267
21550.50977 0.001269
21550.93945 0.001272
21551.36914 0.001274
21551.81055 0.001276
21552.24023 0.001279
21552.66992 0.001281
21553.09961 0.001283
21553.52930 0.001286
21553.96094 0.001288
21554.40039 0.00129
21554.83008 0.001293
21555.25977 0.001284
21555.68945 0.001267
21556.13086 0.001251
21556.56055 0.001234
21556.99023 0.001218
21557.41992 0.001201
21557.84961 0.001185
21558.28906 0.001168
21558.72070 0.001152
21559.15039 0.001135
21559.58008 0.001119
21560.00977 0.001103
21560.44922 0.001115
21560.88086 0.001128
21561.31055 0.00114
21561.74023 0.001153
21562.16992 0.001165
21562.60938 0.001177
21563.03906 0.00119
21563.47070 0.001202
21563.90039 0.001215
21564.33984 0.001227
21564.76953 0.001239
21565.19922 0.001244
21565.63086 0.001238
21566.06055 0.001233
21566.50000 0.001228
21566.92969 0.001222
21567.35938 0.001217
21567.78906 0.001212
21568.22070 0.001206
21568.66016 0.001201
21569.08984 0.001196
21569.51953 0.001191
21569.96094 0.001185
21570.39062 0.00119
21570.82031 0.001196
21571.25000 0.001202
21571.67969 0.001208
21572.11914 0.001214
21572.55078 0.001219
21572.98047 0.001225
21573.41016 0.001231
21573.84961 0.001237
21574.27930 0.001243
21574.71094 0.001249
21575.14062 0.001248
21575.57031 0.001232
21576.00977 0.001217
21576.43945 0.001202
21576.86914 0.001186
21577.30078 0.001171
21577.74023 0.001155
21578.16992 0.00114
21578.59961 0.001125
21579.03906 0.001109
21579.47070 0.001094
21579.90039 0.001079
21580.33008 0.001079
21580.75977 0.001084
21581.19922 0.00109
21581.63086 0.001095
21582.06055 0.001101
21582.49023 0.001106
21582.92969 0.001111
21583.35938 0.001117
21583.78906 0.001122
21584.22070 0.001127
21584.66016 0.001133
21585.08984 0.001135
21585.51953 0.001126
21585.96094 0.001116
21586.39062 0.001107
21586.82031 0.001097
21587.25000 0.001088
21587.68945 0.001079
21588.11914 0.001069
21588.55078 0.00106
21588.98047 0.00105
21589.41992 0.001041
21589.84961 0.001032
21590.27930 0.001025
21590.71094 0.00102
21591.15039 0.001015
21591.58008 0.00101
21592.00977 0.001005
21592.44922 0.001
21592.88086 0.000995
21593.31055 0.00099
21593.74023 0.000984
21594.17969 0.000979
21594.60938 0.000974
21595.03906 0.00097
21595.47070 0.000977
21595.91016 0.000984
21596.33984 0.000991
21596.76953 0.000998
21597.21094 0.001005
21597.64062 0.001012
21598.07031 0.001019
21598.50000 0.001026
21598.93945 0.001033
21599.36914 0.00104
21599.80078 0.001047
21600.24023 0.001044
21600.66992 0.001032
21601.09961 0.001021
21601.53906 0.001009
21601.97070 0.000997
21602.40039 0.000986
21602.83008 0.000974
21603.26953 0.000962
21603.69922 0.00095
21604.13086 0.000939
21604.56055 0.000927
21605.00000 0.000915
21605.42969 0.00092
21605.85938 0.000925
21606.30078 0.00093
21606.73047 0.000935
21607.16016 0.00094
21607.59961 0.000945
21608.02930 0.000949
21608.46094 0.000954
21608.90039 0.000959
21609.33008 0.000964
21609.75977 0.000969
21610.19922 0.000967
21610.63086 0.000956
21611.06055 0.000945
21611.49023 0.000934
21611.92969 0.000923
21612.35938 0.000912
21612.78906 0.000901
21613.23047 0.00089
21613.66016 0.000879
21614.08984 0.000868
21614.52930 0.000857
21614.96094 0.000846
21615.39062 0.000855
21615.83008 0.000866
21616.25977 0.000877
21616.68945 0.000888
21617.13086 0.0009
21617.56055 0.000911
21617.99023 0.000922
21618.42969 0.000933
21618.85938 0.000944
21619.28906 0.000956
21619.72070 0.000967
21620.16016 0.000971
21620.58984 0.000962
21621.02930 0.000953
21621.46094 0.000944
21621.89062 0.000935
21622.32031 0.000926
21622.75977 0.000917
21623.18945 0.000908
21623.61914 0.0009
21624.06055 0.000891
21624.49023 0.000882
21624.92969 0.000873
21625.35938 0.000865
21625.78906 0.000858
21626.22070 0.000851
21626.66016 0.000844
21627.08984 0.000837
21627.52930 0.00083
21627.96094 0.000822
21628.39062 0.000815
21628.83008 0.000808
21629.25977 0.000801
21629.68945 0.000794
21630.13086 0.000791
21630.56055 0.000798
21630.99023 0.000805
21631.42969 0.000813
21631.85938 0.00082
21632.28906 0.000827
21632.73047 0.000834
21633.16016 0.000842
21633.58984 0.000849
21634.02930 0.000856
21634.46094 0.000863
21634.89062 0.00087
21635.33008 0.000868
21635.75977 0.000862
21636.19922 0.000856
21636.63086 0.00085
21637.06055 0.000844
21637.50000 0.000838
21637.92969 0.000832
21638.36914 0.000826
21638.80078 0.00082
21639.23047 0.000814
21639.66992 0.000808
21640.09961 0.000804
21640.52930 0.000804
21640.97070 0.000805
21641.40039 0.000805
21641.83008 0.000806
21642.26953 0.000807
21642.69922 0.000807
21643.13086 0.000808
21643.57031 0.000808
21644.00000 0.000809
21644.43945 0.00081
21644.86914 0.00081
21645.30078 0.000807
21645.74023 0.000803
21646.16992 0.000798
21646.60938 0.000794
21647.03906 0.000789
21647.47070 0.000785
21647.91016 0.00078
21648.33984 0.000775
21648.77930 0.000771
21649.21094 0.000766
21649.64062 0.000762
21650.08008 0.00076
21650.50977 0.00077
21650.93945 0.000779
21651.38086 0.000789
21651.81055 0.000799
21652.25000 0.000809
21652.67969 0.000818
21653.10938 0.000828
21653.55078 0.000838
21653.98047 0.000848
21654.41992 0.000857
21654.84961 0.000867
21655.27930 0.000871
21655.72070 0.000871
21656.15039 0.000872
21656.58984 0.000872
21657.01953 0.000873
21657.44922 0.000873
21657.89062 0.000874
21658.32031 0.000875
21658.75977 0.000875
21659.18945 0.000876
21659.61914 0.000876
21660.06055 0.000874
21660.49023 0.000857
21660.92969 0.000839
21661.35938 0.000821
21661.78906 0.000803
21662.23047 0.000786
21662.66016 0.000768
21663.09961 0.00075
21663.52930 0.000732
21663.96094 0.000715
21664.40039 0.000697
21664.83008 0.000679
21665.26953 0.000675
21665.69922 0.000678
21666.14062 0.000682
21666.57031 0.000685
21667.00977 0.000689
21667.43945 0.000692
21667.86914 0.000696
21668.31055 0.000699
21668.74023 0.000703
21669.17969 0.000707
21669.60938 0.00071
21670.03906 0.000712
21670.48047 0.000695
21670.91016 0.000679
21671.34961 0.000662
21671.77930 0.000646
21672.22070 0.000629
21672.65039 0.000613
21673.08984 0.000597
21673.51953 0.00058
21673.94922 0.000564
21674.39062 0.000547
21674.82031 0.000531
21675.25977 0.00053
21675.68945 0.000539
21676.13086 0.000549
21676.56055 0.000558
21676.99023 0.000568
21677.42969 0.000577
21677.85938 0.000587
21678.30078 0.000596
21678.73047 0.000606
21679.16992 0.000615
21679.59961 0.000625
21680.03906 0.000634
21680.47070 0.000635
21680.90039 0.000636
21681.33984 0.000637
21681.76953 0.000639
21682.21094 0.00064
21682.64062 0.000641
21683.08008 0.000642
21683.50977 0.000643
21683.94922 0.000645
21684.38086 0.000646
21684.82031 0.000647
21685.25000 0.00065
21685.68945 0.000655
21686.11914 0.00066
21686.55078 0.000665
21686.99023 0.00067
21687.41992 0.000675
21687.85938 0.00068
21688.28906 0.000684
21688.73047 0.000689
21689.16016 0.000694
21689.59961 0.000699
21690.02930 0.000703
21690.47070 0.000696
21690.90039 0.000689
21691.33984 0.000682
21691.76953 0.000675
21692.21094 0.000668
21692.64062 0.000661
21693.07031 0.000655
21693.50977 0.000648
21693.93945 0.000641
21694.38086 0.000634
21694.81055 0.000627
21695.25000 0.000619
21695.67969 0.00061
21696.11914 0.000601
21696.55078 0.000592
21696.99023 0.000583
21697.41992 0.000574
21697.85938 0.000565
21698.28906 0.000557
21698.73047 0.000548
21699.16016 0.000539
21699.59961 0.00053
21700.02930 0.000522
21700.47070 0.00052
21700.90039 0.000518
21701.33984 0.000517
21701.76953 0.000515
21702.21094 0.000513
21702.64062 0.000512
21703.08008 0.00051
21703.50977 0.000508
21703.94922 0.000507
21704.38086 0.000505
21704.82031 0.000503
