threeML/data/optical_filters/HST/NICMOS3-F187N.ecsv
# %ECSV 0.9
# ---
# datatype:
# - {name: wavelength, unit: Angstrom, datatype: float32}
# - {name: response, datatype: float32}
# meta: !!omap
# - {band_name: F187N}
# - {group_name: NICMOS3}
wavelength response
[from data line 1532]
18819.67969 0.192567
18819.86914 0.192271
18820.05078 0.191956
18820.24023 0.191582
18820.42969 0.191212
18820.61914 0.190838
18820.80078 0.190464
18820.99023 0.190094
18821.17969 0.18972
18821.35938 0.189347
18821.55078 0.188976
18821.74023 0.188603
18821.91992 0.188229
18822.10938 0.187819
18822.30078 0.187378
18822.48047 0.186936
18822.66992 0.186499
18822.85938 0.186058
18823.03906 0.185621
18823.23047 0.185179
18823.41992 0.184738
18823.59961 0.184301
18823.78906 0.18386
18823.98047 0.183418
18824.16016 0.182988
18824.34961 0.182553
18824.53906 0.182119
18824.72070 0.181689
18824.91016 0.181255
18825.09961 0.180821
18825.28906 0.180391
18825.47070 0.179957
18825.66016 0.179522
18825.84961 0.179093
18826.02930 0.178655
18826.22070 0.178205
18826.41016 0.17776
18826.58984 0.17731
18826.77930 0.176859
18826.97070 0.176414
18827.15039 0.175963
18827.33984 0.175513
18827.52930 0.175068
18827.71094 0.174618
18827.90039 0.174167
18828.08984 0.173657
18828.27930 0.17307
18828.46094 0.172483
18828.65039 0.171902
18828.83984 0.171315
18829.01953 0.170728
18829.21094 0.170146
18829.40039 0.169559
18829.58008 0.168972
18829.76953 0.168385
18829.96094 0.167804
18830.14062 0.167171
18830.33008 0.166525
18830.51953 0.165886
18830.71094 0.165241
18830.89062 0.164595
18831.08008 0.163956
18831.26953 0.16331
18831.44922 0.162664
18831.64062 0.162025
18831.83008 0.161379
18832.00977 0.160723
18832.19922 0.159942
18832.39062 0.15917
18832.57031 0.158389
18832.75977 0.157608
18832.94922 0.156835
18833.13086 0.156055
18833.32031 0.155274
18833.50977 0.154501
18833.69922 0.15372
18833.88086 0.15294
18834.07031 0.15208
18834.25977 0.1511
18834.43945 0.15011
18834.63086 0.14912
18834.82031 0.14814
18835.00000 0.14715
18835.18945 0.14616
18835.38086 0.14517
18835.56055 0.14419
18835.75000 0.1432
18835.93945 0.14221
18836.11914 0.141317
18836.31055 0.140457
18836.50000 0.139597
18836.68945 0.138737
18836.86914 0.137885
18837.06055 0.137025
18837.25000 0.136165
18837.42969 0.135315
18837.61914 0.134455
18837.81055 0.133595
18838.00000 0.132735
18838.17969 0.13176
18838.36914 0.130773
18838.56055 0.129785
18838.74023 0.128798
18838.92969 0.12782
18839.11914 0.126833
18839.30078 0.125845
18839.49023 0.124868
18839.67969 0.123881
18839.86914 0.122893
18840.05078 0.121961
18840.24023 0.121179
18840.42969 0.120388
18840.60938 0.119597
18840.80078 0.118807
18840.99023 0.118024
18841.16992 0.117234
18841.35938 0.116443
18841.55078 0.115652
18841.73047 0.11487
18841.91992 0.114079
18842.10938 0.11326
18842.30078 0.112419
18842.48047 0.111588
18842.66992 0.110748
18842.85938 0.109908
18843.03906 0.109067
18843.23047 0.108236
18843.41992 0.107396
18843.60938 0.106555
18843.78906 0.105715
18843.98047 0.104884
18844.16992 0.104213
18844.34961 0.103565
18844.53906 0.102916
18844.73047 0.102274
18844.91016 0.101625
18845.09961 0.100976
18845.28906 0.100328
18845.47070 0.099686
18845.66016 0.099037
18845.84961 0.098389
18846.03906 0.097722
18846.22070 0.096982
18846.41016 0.09625
18846.59961 0.095511
18846.78906 0.094771
18846.97070 0.094031
18847.16016 0.093299
18847.34961 0.09256
18847.52930 0.09182
18847.72070 0.09108
18847.91016 0.090348
18848.08984 0.089568
18848.27930 0.088746
18848.47070 0.087925
18848.66016 0.087103
18848.83984 0.08629
18849.02930 0.085469
18849.22070 0.084647
18849.40039 0.083826
18849.58984 0.083004
18849.77930 0.082191
18849.96094 0.08137
18850.15039 0.080548
18850.33984 0.079727
18850.52930 0.078914
18850.71094 0.078092
18850.90039 0.077271
18851.08984 0.07645
18851.27930 0.075628
18851.46094 0.074815
18851.65039 0.073994
18851.83984 0.073172
18852.01953 0.072374
18852.21094 0.071735
18852.40039 0.071102
18852.58008 0.070463
18852.76953 0.069824
18852.96094 0.069185
18853.15039 0.068546
18853.33008 0.067913
18853.51953 0.067274
18853.71094 0.066635
18853.89062 0.065996
18854.08008 0.065373
18854.26953 0.064776
18854.46094 0.064172
18854.64062 0.063569
18854.83008 0.062965
18855.01953 0.062362
18855.21094 0.061759
18855.39062 0.061162
18855.58008 0.060558
18855.76953 0.059955
18855.94922 0.059352
18856.14062 0.058726
18856.33008 0.0581
18856.50977 0.057467
18856.69922 0.056835
18856.89062 0.056202
18857.08008 0.055569
18857.25977 0.054937
18857.44922 0.054311
18857.64062 0.053678
18857.82031 0.053045
18858.00977 0.052422
18858.19922 0.051948
18858.39062 0.051473
18858.57031 0.051003
18858.75977 0.050528
18858.94922 0.050053
18859.13086 0.049579
18859.32031 0.049104
18859.50977 0.048629
18859.69922 0.048159
18859.88086 0.047684
18860.07031 0.047176
18860.25977 0.046611
18860.44922 0.046047
18860.63086 0.045482
18860.82031 0.044923
18861.00977 0.044358
18861.18945 0.043794
18861.38086 0.043229
18861.57031 0.042664
18861.75977 0.0421
18861.93945 0.041541
18862.13086 0.041077
18862.32031 0.040659
18862.50000 0.040241
18862.68945 0.039823
18862.88086 0.039405
18863.07031 0.038987
18863.25000 0.038574
18863.43945 0.038156
18863.63086 0.037738
18863.81055 0.03732
18864.00000 0.036902
18864.18945 0.036481
18864.38086 0.036061
18864.56055 0.035645
18864.75000 0.035224
18864.93945 0.034804
18865.11914 0.034384
18865.31055 0.033963
18865.50000 0.033543
18865.68945 0.033122
18865.86914 0.032702
18866.06055 0.032327
18866.25000 0.032032
18866.43945 0.031738
18866.61914 0.031443
18866.81055 0.031149
18867.00000 0.030855
18867.18945 0.03056
18867.36914 0.030269
18867.56055 0.029974
18867.75000 0.02968
18867.92969 0.029386
18868.11914 0.029067
18868.31055 0.028734
18868.50000 0.028402
18868.67969 0.02807
18868.86914 0.027738
18869.06055 0.027409
18869.24023 0.027076
18869.42969 0.026744
18869.61914 0.026412
18869.81055 0.02608
18869.99023 0.025747
18870.17969 0.025513
18870.36914 0.025282
18870.56055 0.025051
18870.74023 0.024822
18870.92969 0.024591
18871.11914 0.02436
18871.30078 0.024128
18871.49023 0.023897
18871.67969 0.023666
18871.86914 0.023435
18872.05078 0.023206
18872.24023 0.022981
18872.42969 0.022758
18872.61914 0.022533
18872.80078 0.022308
18872.99023 0.022084
18873.17969 0.021859
18873.36914 0.021634
18873.55078 0.021409
18873.74023 0.021184
18873.92969 0.020959
18874.11914 0.020718
18874.30078 0.020466
18874.49023 0.020217
18874.67969 0.019966
18874.85938 0.019714
18875.05078 0.019463
18875.24023 0.019211
18875.42969 0.01896
18875.60938 0.018708
18875.80078 0.018457
18875.99023 0.018205
18876.17969 0.018035
18876.35938 0.017869
18876.55078 0.017704
18876.74023 0.017541
18876.91992 0.017376
18877.10938 0.017211
18877.30078 0.017045
18877.49023 0.01688
18877.66992 0.016715
18877.85938 0.01655
18878.05078 0.016383
18878.24023 0.016214
18878.41992 0.016044
18878.60938 0.015874
18878.80078 0.015704
18878.99023 0.015534
18879.16992 0.015364
18879.35938 0.015194
18879.55078 0.015026
18879.73047 0.014857
18879.91992 0.014687
18880.10938 0.014538
18880.30078 0.014404
18880.48047 0.01427
18880.66992 0.014135
18880.85938 0.014001
18881.05078 0.013867
18881.23047 0.013733
18881.41992 0.013599
18881.60938 0.013465
18881.80078 0.013331
18881.98047 0.013197
18882.16992 0.013156
18882.35938 0.013124
18882.55078 0.013092
18882.73047 0.01306
18882.91992 0.013028
18883.10938 0.012996
18883.28906 0.012964
18883.48047 0.012932
18883.66992 0.0129
18883.85938 0.012868
18884.03906 0.012813
18884.23047 0.012684
18884.41992 0.012555
18884.60938 0.012425
18884.78906 0.012296
18884.98047 0.012167
18885.16992 0.012038
18885.35938 0.011909
18885.53906 0.011779
18885.73047 0.01165
18885.91992 0.011521
18886.10938 0.011383
18886.28906 0.011239
18886.48047 0.011094
18886.66992 0.01095
18886.85938 0.010806
18887.03906 0.010661
18887.23047 0.010517
18887.41992 0.010372
18887.60938 0.010228
18887.78906 0.010084
18887.98047 0.009939
18888.16992 0.009813
18888.35938 0.009689
18888.53906 0.009564
18888.73047 0.00944
18888.91992 0.009316
18889.10938 0.009191
18889.28906 0.009067
18889.48047 0.008943
18889.66992 0.008818
18889.85938 0.008694
18890.03906 0.008583
18890.23047 0.008509
18890.41992 0.008436
18890.60938 0.008362
18890.78906 0.008289
18890.98047 0.008215
18891.16992 0.008142
18891.35938 0.008068
18891.53906 0.007995
18891.73047 0.007921
18891.91992 0.007848
18892.10938 0.007807
18892.28906 0.007791
18892.48047 0.007775
18892.66992 0.007759
18892.85938 0.007743
18893.03906 0.007727
18893.23047 0.007711
18893.41992 0.007694
18893.60938 0.007678
18893.78906 0.007662
18893.98047 0.007646
18894.16992 0.007623
18894.35938 0.007598
18894.53906 0.007574
18894.73047 0.00755
18894.91992 0.007526
18895.10938 0.007501
18895.28906 0.007477
18895.48047 0.007453
18895.66992 0.007429
18895.85938 0.007404
18896.03906 0.00737
18896.23047 0.007303
18896.41992 0.007237
18896.60938 0.00717
18896.78906 0.007103
18896.98047 0.007037
18897.16992 0.00697
18897.35938 0.006904
18897.53906 0.006837
18897.73047 0.006771
18897.91992 0.006704
18898.10938 0.006608
18898.28906 0.006489
18898.48047 0.00637
18898.66992 0.006251
18898.85938 0.006133
18899.03906 0.006014
18899.23047 0.005895
18899.41992 0.005777
18899.60938 0.005658
18899.78906 0.005539
18899.98047 0.00542
18900.16992 0.005298
18900.35938 0.005175
18900.55078 0.005051
18900.73047 0.004928
18900.91992 0.004805
18901.10938 0.004682
18901.30078 0.004559
18901.48047 0.004436
18901.66992 0.004314
18901.85938 0.004191
18902.05078 0.004109
18902.23047 0.004152
18902.41992 0.004195
18902.60938 0.004238
18902.80078 0.004281
18902.98047 0.004324
18903.16992 0.004367
18903.35938 0.004409
18903.55078 0.004452
18903.73047 0.004495
18903.91992 0.004538
18904.10938 0.004488
18904.30078 0.004373
18904.49023 0.004258
18904.66992 0.004143
18904.85938 0.004028
18905.05078 0.003913
18905.24023 0.003798
18905.41992 0.003683
18905.60938 0.003568
18905.80078 0.003453
18905.99023 0.003338
18906.16992 0.003372
18906.35938 0.003418
18906.55078 0.003464
18906.74023 0.003511
18906.92969 0.003557
18907.10938 0.003603
18907.30078 0.00365
18907.49023 0.003696
18907.67969 0.003742
18907.85938 0.003788
18908.05078 0.003811
18908.24023 0.003773
18908.42969 0.003735
18908.60938 0.003697
18908.80078 0.003659
18908.99023 0.00362
18909.17969 0.003582
18909.36914 0.003544
18909.55078 0.003506
18909.74023 0.003468
18909.92969 0.003429
18910.11914 0.003407
18910.30078 0.003394
18910.49023 0.003381
18910.67969 0.003368
18910.86914 0.003355
18911.05078 0.003341
18911.24023 0.003328
18911.42969 0.003315
18911.61914 0.003302
18911.80078 0.003289
18911.99023 0.003276
18912.17969 0.003226
18912.36914 0.003174
18912.55078 0.003122
18912.74023 0.003069
18912.92969 0.003017
18913.11914 0.002965
18913.31055 0.002913
18913.49023 0.002861
18913.67969 0.002809
18913.86914 0.002756
18914.06055 0.002697
18914.24023 0.002621
18914.42969 0.002544
18914.61914 0.002467
18914.81055 0.002391
18915.00000 0.002315
18915.17969 0.002238
18915.36914 0.002162
18915.56055 0.002086
18915.75000 0.002009
18915.92969 0.001933
18916.11914 0.001965
18916.31055 0.002054
18916.50000 0.002144
18916.68945 0.002233
18916.86914 0.002323
18917.06055 0.002412
18917.25000 0.002502
18917.43945 0.002591
18917.61914 0.002682
18917.81055 0.002771
18918.00000 0.002861
18918.18945 0.002812
18918.38086 0.002764
18918.56055 0.002716
18918.75000 0.002667
18918.93945 0.002618
18919.13086 0.00257
18919.31055 0.002521
18919.50000 0.002473
18919.68945 0.002425
18919.88086 0.002376
18920.06055 0.00232
18920.25000 0.002247
18920.43945 0.002174
18920.63086 0.002101
18920.82031 0.002029
18921.00000 0.001956
18921.18945 0.001884
18921.38086 0.001811
18921.57031 0.001738
18921.75977 0.001666
18921.93945 0.001593
18922.13086 0.001584
18922.32031 0.001602
18922.50977 0.00162
18922.68945 0.001638
18922.88086 0.001656
18923.07031 0.001674
18923.25977 0.001692
18923.44922 0.00171
18923.63086 0.001728
18923.82031 0.001746
18924.00977 0.001766
18924.19922 0.001824
18924.38086 0.001882
18924.57031 0.00194
18924.75977 0.001997
18924.94922 0.002055
18925.14062 0.002114
18925.32031 0.002172
18925.50977 0.002229
18925.69922 0.002287
18925.89062 0.002345
18926.07031 0.002351
18926.25977 0.002278
18926.44922 0.002206
18926.64062 0.002134
18926.83008 0.002062
18927.00977 0.00199
18927.19922 0.001917
18927.39062 0.001845
18927.58008 0.001773
18927.76953 0.0017
18927.94922 0.001628
18928.14062 0.001599
18928.33008 0.001583
18928.51953 0.001568
18928.71094 0.001553
18928.89062 0.001538
18929.08008 0.001523
18929.26953 0.001507
18929.46094 0.001492
18929.64062 0.001477
18929.83008 0.001462
18930.01953 0.001452
18930.21094 0.001494
18930.40039 0.001536
18930.58008 0.001578
18930.76953 0.001619
18930.96094 0.001661
18931.15039 0.001703
18931.33984 0.001744
18931.51953 0.001786
18931.71094 0.001828
18931.90039 0.001869
18932.08984 0.001862
18932.27930 0.001798
18932.46094 0.001734
18932.65039 0.00167
18932.83984 0.001606
18933.02930 0.001541
18933.21094 0.001477
18933.40039 0.001414
18933.58984 0.00135
18933.77930 0.001286
18933.97070 0.001221
18934.15039 0.001201
18934.33984 0.00119
18934.52930 0.00118
18934.72070 0.001169
18934.91016 0.001158
18935.08984 0.001148
18935.27930 0.001137
18935.47070 0.001127
18935.66016 0.001116
18935.84961 0.001105
18936.02930 0.001106
18936.22070 0.001162
18936.41016 0.001219
18936.59961 0.001275
18936.78906 0.001331
18936.97070 0.001387
18937.16016 0.001443
18937.34961 0.0015
18937.53906 0.001556
18937.72070 0.001612
18937.91016 0.001668
18938.09961 0.001659
18938.28906 0.001594
18938.48047 0.001529
18938.66016 0.001465
18938.84961 0.001399
18939.03906 0.001334
18939.23047 0.00127
18939.41992 0.001205
18939.60938 0.00114
18939.78906 0.001075
18939.98047 0.00101
18940.16992 0.000945
18940.35938 0.000879
18940.53906 0.000813
18940.73047 0.000747
18940.91992 0.000681
18941.10938 0.000616
18941.30078 0.000549
18941.48047 0.000484
18941.66992 0.000418
20835.83594 0.0
