threeML/data/optical_filters/HST/NICMOS1-POL0S.ecsv
# %ECSV 0.9
# ---
# datatype:
# - {name: wavelength, unit: Angstrom, datatype: float32}
# - {name: response, datatype: float32}
# meta: !!omap
# - {band_name: POL0S}
# - {group_name: NICMOS1}
wavelength response
[from data line 6288]
12257.87012 0.045933
12258.71973 0.045914
12259.57031 0.045896
12260.41992 0.045878
12261.26953 0.045862
12262.12012 0.045846
12262.96973 0.045829
12263.82031 0.045813
12264.66992 0.045797
12265.51953 0.04578
12266.37012 0.045763
12267.21973 0.045747
12268.07031 0.04573
12268.91992 0.045713
12269.76953 0.045696
12270.62012 0.045679
12271.46973 0.045661
12272.32031 0.045644
12273.16992 0.045626
12274.01953 0.045609
12274.87012 0.045591
12275.71973 0.045574
12276.58008 0.045556
12277.42969 0.045539
12278.28027 0.045521
12279.12988 0.045504
12279.98047 0.045486
12280.83008 0.045463
12281.67969 0.04544
12282.54004 0.045416
12283.38965 0.045393
12284.24023 0.04537
12285.08984 0.045347
12285.94043 0.045328
12286.79004 0.04531
12287.63965 0.045291
12288.50000 0.045273
12289.34961 0.045254
12290.20020 0.045234
12291.04980 0.045208
12291.90039 0.045183
12292.75977 0.045157
12293.61035 0.045131
12294.45996 0.045105
12295.30957 0.045079
12296.16992 0.045052
12297.01953 0.045025
12297.87012 0.044998
12298.71973 0.044971
12299.58008 0.044944
12300.42969 0.044917
12301.28027 0.044889
12302.12988 0.044862
12302.99023 0.044834
12303.83984 0.044807
12304.69043 0.044779
12305.54004 0.044746
12306.40039 0.04471
12307.25000 0.044674
12308.09961 0.044638
12308.95996 0.044601
12309.80957 0.044565
12310.66992 0.044527
12311.51953 0.044488
12312.37012 0.044449
12313.21973 0.044409
12314.08008 0.04437
12314.92969 0.044331
12315.79004 0.044294
12316.63965 0.044257
12317.49023 0.04422
12318.34961 0.044183
12319.20020 0.044146
12320.05957 0.044108
12320.91016 0.044062
12321.75977 0.044016
12322.62012 0.04397
12323.46973 0.043923
12324.33008 0.043877
12325.17969 0.043831
12326.04004 0.043786
12326.88965 0.043742
12327.74023 0.043697
12328.59961 0.043652
12329.45020 0.043607
12330.30957 0.04356
12331.16016 0.043509
12332.01953 0.043457
12332.87012 0.043406
12333.73047 0.043354
12334.58008 0.043303
12335.44043 0.043246
12336.29004 0.043185
12337.15039 0.043124
12338.00000 0.043063
12338.86035 0.043002
12339.70996 0.04294
12340.57031 0.04288
12341.41992 0.04282
12342.28027 0.04276
12343.13965 0.0427
12343.99023 0.04264
12344.84961 0.04258
12345.70020 0.042524
12346.55957 0.042468
12347.41992 0.042412
12348.26953 0.042356
12349.12988 0.0423
12349.98047 0.042244
12350.83984 0.042179
12351.70020 0.042114
12352.54980 0.042049
12353.41016 0.041983
12354.25977 0.041918
12355.12012 0.041853
12355.98047 0.041791
12356.83008 0.041729
12357.69043 0.041667
12358.54980 0.041605
12359.40039 0.041542
12360.25977 0.04148
12361.12012 0.041415
12361.96973 0.041351
12362.83008 0.041287
12363.69043 0.041222
12364.54980 0.041158
12365.40039 0.04109
12366.25977 0.041017
12367.12012 0.040945
12367.98047 0.040873
12368.83008 0.0408
12369.69043 0.040728
12370.54980 0.040661
12371.41016 0.040597
12372.25977 0.040533
12373.12012 0.040469
12373.98047 0.040405
12374.83984 0.040342
12375.69043 0.040277
12376.54980 0.040212
12377.41016 0.040148
12378.26953 0.040083
12379.12988 0.040019
12379.98047 0.039954
12380.83984 0.039892
12381.70020 0.03983
12382.55957 0.039769
12383.41992 0.039707
12384.28027 0.039645
12385.12988 0.039583
12385.99023 0.039522
12386.84961 0.039461
12387.70996 0.0394
12388.57031 0.039338
12389.42969 0.039277
12390.29004 0.039216
12391.15039 0.039157
12392.00000 0.039098
12392.86035 0.039039
12393.71973 0.03898
12394.58008 0.038921
12395.44043 0.038861
12396.29980 0.0388
12397.16016 0.038739
12398.01953 0.038678
12398.87988 0.038618
12399.74023 0.038557
12400.59961 0.038499
12401.45996 0.038443
12402.32031 0.038386
12403.17969 0.03833
12404.04004 0.038273
12404.90039 0.038217
12405.75977 0.038165
12406.62012 0.038114
12407.48047 0.038063
12408.33984 0.038012
12409.20020 0.03796
12410.05957 0.037909
12410.91992 0.037861
12411.78027 0.037813
12412.63965 0.037765
12413.50000 0.037717
12414.36035 0.037669
12415.21973 0.037622
12416.08008 0.037576
12416.94043 0.03753
12417.79980 0.037484
12418.66016 0.037437
12419.51953 0.037391
12420.38965 0.037347
12421.25000 0.037304
12422.11035 0.037261
12422.96973 0.037218
12423.83008 0.037176
12424.69043 0.037133
12425.54980 0.03709
12426.41016 0.037047
12427.28027 0.037004
12428.13965 0.03696
12429.00000 0.036917
12429.86035 0.036874
12430.71973 0.036836
12431.58008 0.036799
12432.45020 0.036763
12433.30957 0.036726
12434.16992 0.036689
12435.03027 0.036653
12435.88965 0.036623
12436.75000 0.036593
12437.62012 0.036563
12438.48047 0.036533
12439.33984 0.036503
12440.20020 0.036473
12441.07031 0.036442
12441.92969 0.036411
12442.79004 0.036381
12443.65039 0.03635
12444.51953 0.03632
12445.37988 0.03629
12446.24023 0.036261
12447.11035 0.036233
12447.96973 0.036204
12448.83008 0.036176
12449.69043 0.036147
12450.55957 0.036122
12451.41992 0.036098
12452.28027 0.036075
12453.15039 0.036051
12454.00977 0.036027
12454.87012 0.036004
12455.74023 0.03598
12456.59961 0.035956
12457.45996 0.035932
12458.33008 0.035908
12459.19043 0.035884
12460.04980 0.03586
12460.91992 0.035842
12461.78027 0.035823
12462.65039 0.035805
12463.50977 0.035787
12464.37012 0.035768
12465.24023 0.03575
12466.09961 0.035731
12466.96973 0.035712
12467.83008 0.035693
12468.70020 0.035674
12469.55957 0.035655
12470.41992 0.035638
12471.29004 0.035624
12472.15039 0.035609
12473.01953 0.035594
12473.87988 0.035579
12474.75000 0.035564
12475.61035 0.035552
12476.48047 0.03554
12477.33984 0.035528
12478.20996 0.035516
12479.07031 0.035505
12479.94043 0.035493
12480.79980 0.03548
12481.66992 0.035467
12482.53027 0.035455
12483.40039 0.035442
12484.25977 0.035429
12485.12988 0.035417
12485.99023 0.035406
12486.86035 0.035395
12487.73047 0.035384
12488.58984 0.035373
12489.45996 0.035362
12490.32031 0.035353
12491.19043 0.035348
12492.04980 0.035344
12492.91992 0.035339
12493.79004 0.035334
12494.65039 0.035329
12495.51953 0.035322
12496.37988 0.035313
12497.25000 0.035304
12498.12012 0.035295
12498.98047 0.035286
12499.84961 0.035278
12500.71973 0.035272
12501.58008 0.035267
12502.45020 0.035262
12503.32031 0.035256
12504.17969 0.035251
12505.04980 0.035246
12505.91992 0.035241
12506.78027 0.035237
12507.65039 0.035232
12508.51953 0.035227
12509.38965 0.035222
12510.25000 0.035218
12511.12012 0.035214
12511.99023 0.03521
12512.86035 0.035206
12513.71973 0.035203
12514.58984 0.035199
12515.45996 0.035198
12516.33008 0.035201
12517.19043 0.035203
12518.05957 0.035205
12518.92969 0.035207
12519.79980 0.03521
12520.66016 0.035208
12521.53027 0.035206
12522.40039 0.035204
12523.26953 0.035202
12524.13965 0.0352
12525.00000 0.035198
12525.87012 0.0352
12526.74023 0.035202
12527.61035 0.035204
12528.48047 0.035207
12529.34961 0.035209
12530.21973 0.035212
12531.08008 0.035215
12531.95020 0.035218
12532.82031 0.035221
12533.69043 0.035225
12534.55957 0.035228
12535.42969 0.035233
12536.29980 0.03524
12537.16992 0.035247
12538.04004 0.035254
12538.90039 0.035261
12539.76953 0.035268
12540.63965 0.035276
12541.50977 0.035283
12542.37988 0.03529
12543.25000 0.035297
12544.12012 0.035305
12544.99023 0.035312
12545.86035 0.03532
12546.73047 0.035327
12547.59961 0.035335
12548.46973 0.035343
12549.33984 0.035351
12550.20996 0.03536
12551.08008 0.035374
12551.95020 0.035388
12552.82031 0.035403
12553.69043 0.035417
12554.55957 0.035431
12555.42969 0.035445
12556.29980 0.035459
12557.16992 0.035473
12558.04004 0.035486
12558.91016 0.0355
12559.78027 0.035514
12560.65039 0.035532
12561.51953 0.035551
12562.40039 0.03557
12563.26953 0.035589
12564.13965 0.035608
12565.00977 0.035627
12565.87988 0.035644
12566.75000 0.035662
12567.62012 0.035679
12568.49023 0.035697
12569.36035 0.035715
12570.24023 0.035733
12571.11035 0.035755
12571.98047 0.035776
12572.84961 0.035798
12573.71973 0.035819
12574.58984 0.035841
12575.45996 0.035865
12576.33984 0.035892
12577.20996 0.035918
12578.08008 0.035944
12578.95020 0.035971
12579.82031 0.035997
12580.70020 0.036024
12581.57031 0.036051
12582.44043 0.036079
12583.30957 0.036106
12584.19043 0.036133
12585.05957 0.036161
12585.92969 0.036194
12586.79980 0.036227
12587.67969 0.036259
12588.54980 0.036292
12589.41992 0.036325
12590.29004 0.03636
12591.16992 0.0364
12592.04004 0.036439
12592.91016 0.036479
12593.79004 0.036519
12594.66016 0.036559
12595.53027 0.036596
12596.40039 0.036632
12597.28027 0.036667
12598.15039 0.036703
12599.01953 0.036738
12599.90039 0.036773
12600.76953 0.036816
12601.63965 0.03686
12602.51953 0.036903
12603.38965 0.036947
12604.26953 0.036991
12605.13965 0.037035
12606.00977 0.037081
12606.88965 0.037126
12607.75977 0.037172
12608.62988 0.037218
12609.50977 0.037264
12610.37988 0.037312
12611.25977 0.037364
12612.12988 0.037416
12613.00977 0.037467
12613.87988 0.037519
12614.75000 0.037571
12615.62988 0.037625
12616.50000 0.03768
12617.37988 0.037735
12618.25000 0.03779
12619.12988 0.037845
12620.00000 0.0379
12620.87988 0.037963
12621.75000 0.038027
12622.62988 0.03809
12623.50000 0.038154
12624.37988 0.038217
12625.25000 0.03828
12626.12988 0.03834
12627.00000 0.038401
12627.87988 0.038462
12628.75000 0.038522
12629.62988 0.038583
12630.50977 0.038647
12631.37988 0.038713
12632.25977 0.038779
12633.12988 0.038846
12634.00977 0.038912
12634.87988 0.038978
12635.75977 0.039048
12636.63965 0.039118
12637.50977 0.039189
12638.38965 0.039259
12639.25977 0.039329
12640.13965 0.0394
12641.01953 0.039472
12641.88965 0.039544
12642.76953 0.039616
12643.65039 0.039688
12644.51953 0.03976
12645.40039 0.039835
12646.28027 0.039915
12647.15039 0.039994
12648.03027 0.040074
12648.91016 0.040153
12649.78027 0.040232
12650.66016 0.04032
12651.54004 0.040411
12652.41016 0.040501
12653.29004 0.040592
12654.16992 0.040683
12655.04004 0.040773
12655.91992 0.040859
12656.79980 0.040944
12657.67969 0.041029
12658.54980 0.041115
12659.42969 0.0412
12660.30957 0.041287
12661.19043 0.041377
12662.07031 0.041467
12662.94043 0.041557
12663.82031 0.041647
12664.70020 0.041737
12665.58008 0.041828
12666.45996 0.04192
12667.33008 0.042012
12668.20996 0.042104
12669.08984 0.042195
12669.96973 0.042287
12670.84961 0.042386
12671.71973 0.042484
12672.59961 0.042583
12673.48047 0.042682
12674.36035 0.042781
12675.24023 0.04288
12676.12012 0.042979
12677.00000 0.043079
12677.87012 0.043179
12678.75000 0.043278
12679.62988 0.043378
12680.50977 0.043483
12681.38965 0.043593
12682.26953 0.043702
12683.15039 0.043812
12684.03027 0.043921
12684.91016 0.044031
12685.79004 0.044137
12686.66992 0.044242
12687.54980 0.044348
12688.41992 0.044454
12689.29980 0.04456
12690.17969 0.044666
12691.05957 0.044773
12691.94043 0.044881
12692.82031 0.044988
12693.70020 0.045096
12694.58008 0.045204
12695.45996 0.045309
12696.33984 0.045414
12697.21973 0.045519
12698.09961 0.045623
12698.98047 0.045727
12699.87012 0.045832
12700.75000 0.045936
12701.62988 0.046041
12702.50977 0.046145
12703.38965 0.046249
12704.26953 0.046354
12705.15039 0.046459
12706.03027 0.046567
12706.91016 0.046675
12707.79004 0.046784
12708.66992 0.046892
12709.54980 0.047
12710.42969 0.047106
12711.32031 0.04721
12712.20020 0.047313
12713.08008 0.047416
12713.95996 0.04752
12714.83984 0.047623
12715.71973 0.047726
12716.59961 0.04783
12717.48047 0.047933
12718.37012 0.048036
12719.25000 0.048139
12720.12988 0.04824
12721.00977 0.048327
12721.88965 0.048415
12722.78027 0.048502
12723.66016 0.04859
12724.54004 0.048677
12725.41992 0.04876
12726.29980 0.048837
12727.19043 0.048914
12728.07031 0.04899
12728.95020 0.049067
12729.83008 0.049144
12730.71973 0.049215
12731.59961 0.049285
12732.48047 0.049355
12733.36035 0.049425
12734.25000 0.049495
12735.12988 0.049563
12736.00977 0.049622
12736.88965 0.04968
12737.78027 0.049739
12738.66016 0.049798
12739.54004 0.049856
12740.42969 0.049904
12741.30957 0.049941
12742.19043 0.049978
12743.08008 0.050015
12743.95996 0.050052
12744.83984 0.050089
12745.73047 0.05011
12746.61035 0.050127
12747.49023 0.050145
12748.37988 0.050162
12749.25977 0.05018
12750.15039 0.050193
12751.03027 0.050183
12751.91016 0.050173
12752.79980 0.050164
12753.67969 0.050154
12754.57031 0.050144
12755.45020 0.05012
12756.33008 0.050084
12757.21973 0.050048
12758.09961 0.050011
12758.99023 0.049975
12759.87012 0.049938
12760.75977 0.049877
12761.63965 0.049812
12762.53027 0.049746
12763.41016 0.04968
12764.29004 0.049615
12765.17969 0.049544
12766.07031 0.049451
12766.95020 0.049359
12767.83008 0.049266
12768.71973 0.049173
12769.61035 0.049081
12770.49023 0.048962
12771.37988 0.048823
12772.25977 0.048683
12773.15039 0.048544
12774.03027 0.048404
12774.91992 0.048265
12775.79980 0.048092
12776.69043 0.047917
12777.58008 0.047741
12778.45996 0.047565
12779.34961 0.04739
12780.23047 0.047205
12781.12012 0.046994
12782.00000 0.046783
12782.88965 0.046572
12783.78027 0.046361
12784.66016 0.04615
12785.54980 0.045919
12786.44043 0.045675
12787.32031 0.045431
12788.20996 0.045187
12789.08984 0.044943
12789.98047 0.044699
12790.87012 0.044435
12791.75000 0.04417
12792.63965 0.043906
12793.53027 0.043641
12794.41992 0.043376
12795.29980 0.043104
12796.19043 0.042818
12797.08008 0.042532
12797.95996 0.042246
12798.84961 0.04196
12799.74023 0.041674
12800.62988 0.041352
12801.50977 0.041016
12802.40039 0.04068
12803.29004 0.040343
12804.17969 0.040007
12805.05957 0.03967
12805.95020 0.039329
12806.83984 0.038989
12807.73047 0.038648
12808.61035 0.038307
12809.50000 0.037966
12810.38965 0.03761
12811.28027 0.037234
12812.16992 0.036858
12813.04980 0.036482
12813.94043 0.036107
12814.83008 0.03573
12815.71973 0.035367
12816.61035 0.035008
12817.50000 0.034648
12818.37988 0.034289
12819.26953 0.033929
12820.16016 0.03357
12821.04980 0.033217
12821.94043 0.032864
12822.83008 0.032511
12823.71973 0.032158
12824.61035 0.031805
12825.50000 0.031449
12826.37988 0.031092
12827.26953 0.030734
12828.16016 0.030377
12829.04980 0.030019
12829.94043 0.029661
12830.83008 0.029304
12831.71973 0.028946
12832.61035 0.028589
12833.50000 0.028231
12834.38965 0.027874
12835.28027 0.027519
12836.16992 0.027173
12837.05957 0.026826
12837.95020 0.026479
12838.83984 0.026132
12839.73047 0.025786
12840.62012 0.025436
12841.50977 0.025087
12842.40039 0.024737
12843.29004 0.024386
12844.17969 0.024037
12845.07031 0.023688
12845.95996 0.023355
12846.84961 0.023022
12847.74023 0.022689
12848.62988 0.022356
12849.51953 0.022023
12850.41016 0.021711
12851.29980 0.021423
12852.20020 0.021135
12853.08984 0.020848
12853.98047 0.02056
12854.87012 0.020272
12855.75977 0.019988
12856.65039 0.019704
12857.54004 0.01942
12858.42969 0.019136
12859.33008 0.018852
12860.21973 0.018577
12861.11035 0.018329
12862.00000 0.01808
12862.88965 0.017831
12863.78027 0.017583
12864.66992 0.017334
12865.57031 0.017083
12866.45996 0.01683
12867.34961 0.016578
12868.24023 0.016325
12869.12988 0.016073
12870.03027 0.015821
12870.91992 0.01559
12871.80957 0.015358
12872.70020 0.015127
12873.59961 0.014896
12874.49023 0.014665
12875.37988 0.014437
12876.26953 0.014213
12877.16992 0.013989
12878.05957 0.013764
12878.95020 0.01354
12879.83984 0.013316
12880.74023 0.01312
12881.62988 0.012929
12882.51953 0.012739
12883.41992 0.012548
12884.30957 0.012358
12885.20020 0.012172
12886.09961 0.011999
12886.99023 0.011827
12887.87988 0.011654
12888.78027 0.011482
12889.66992 0.011309
12890.55957 0.011143
12891.45996 0.010981
12892.34961 0.010819
12893.24023 0.010656
12894.13965 0.010494
12895.03027 0.010332
12895.92969 0.010191
12896.82031 0.01005
12897.70996 0.009909
12898.61035 0.009768
12899.50000 0.009627
12900.40039 0.009485
12901.29004 0.00934
12902.19043 0.009195
12903.08008 0.00905
12903.96973 0.008905
12904.87012 0.00876
12905.75977 0.008626
12906.66016 0.008495
12907.54980 0.008363
12908.45020 0.008231
12909.33984 0.008099
12910.24023 0.007974
12911.12988 0.007867
12912.03027 0.007761
12912.91992 0.007654
12913.82031 0.007547
12914.70996 0.00744
12915.61035 0.007334
12916.50000 0.007228
12917.40039 0.007122
12918.29004 0.007016
12919.19043 0.00691
12920.08984 0.006806
12920.98047 0.006714
12921.87988 0.006622
12922.76953 0.006531
12923.66992 0.006439
12924.55957 0.006347
12925.45996 0.006259
