threeML/data/optical_filters/HST/NICMOS1-F140W.ecsv
# %ECSV 0.9
# ---
# datatype:
# - {name: wavelength, unit: Angstrom, datatype: float32}
# - {name: response, datatype: float32}
# meta: !!omap
# - {band_name: F140W}
# - {group_name: NICMOS1}
wavelength response
8571.28906 0.0
9523.65430 0.000403
9524.52930 0.000409
9525.40430 0.000414
9526.27832 0.000417
9527.15332 0.00042
9528.02832 0.000423
9528.90332 0.000426
9529.77832 0.000429
9530.65332 0.00043
9531.52832 0.000431
9532.40430 0.000431
9533.27930 0.000432
9534.15527 0.000432
9535.03027 0.000433
9535.90625 0.000439
9536.78125 0.000445
9537.65723 0.000451
9538.53320 0.000458
9539.40918 0.000464
9540.28516 0.000468
9541.16113 0.000468
9542.03711 0.000468
9542.91406 0.000469
9543.79004 0.000469
9544.66602 0.000469
9545.54297 0.000468
9546.41992 0.000468
9547.29590 0.000467
9548.17285 0.000466
9549.04980 0.000466
9549.92676 0.000465
9550.80371 0.000473
9551.68066 0.000482
9552.55762 0.000491
9553.43457 0.0005
9554.31152 0.000509
9555.18945 0.000516
9556.06738 0.000515
9556.94434 0.000514
9557.82227 0.000512
9558.70020 0.000511
9559.57715 0.00051
9560.45508 0.000514
9561.33301 0.000523
9562.21191 0.000533
9563.08984 0.000542
9563.96777 0.000551
9564.84570 0.00056
9565.72461 0.000564
9566.60254 0.000567
9567.48145 0.00057
9568.35938 0.000573
9569.23828 0.000576
9570.11719 0.00058
9570.99609 0.000589
9571.87500 0.000597
9572.75391 0.000605
9573.63281 0.000614
9574.51172 0.000622
9575.39160 0.000627
9576.27148 0.000626
9577.15039 0.000626
9578.02930 0.000626
9578.90918 0.000625
9579.78906 0.000625
9580.66895 0.000631
9581.54785 0.000638
9582.42773 0.000645
9583.30859 0.000652
9584.18848 0.00066
9585.06836 0.000667
9585.94824 0.000672
9586.82910 0.000676
9587.70898 0.000681
9588.58984 0.000686
9589.46973 0.000691
9590.35059 0.000695
9591.23145 0.000697
9592.11230 0.0007
9592.99316 0.000702
9593.87402 0.000704
9594.75488 0.000706
9595.63574 0.000711
9596.51758 0.000716
9597.39844 0.000721
9598.27930 0.000726
9599.16113 0.000731
9600.04297 0.000736
9600.92383 0.000745
9601.80566 0.000754
9602.68652 0.000763
9603.56934 0.000772
9604.45117 0.000782
9605.33301 0.000786
9606.21582 0.000785
9607.09766 0.000783
9607.97852 0.000781
9608.86230 0.000779
9609.74414 0.000777
9610.62695 0.000785
9611.50977 0.000798
9612.39160 0.00081
9613.27441 0.000822
9614.15723 0.000834
9615.04004 0.000846
9615.92383 0.000851
9616.80664 0.000855
9617.68945 0.00086
9618.57227 0.000865
9619.45605 0.00087
9620.33887 0.000873
9621.22266 0.000874
9622.10645 0.000874
9622.99023 0.000875
9623.87402 0.000875
9624.75781 0.000876
9625.64160 0.000887
9626.52539 0.000901
9627.40918 0.000915
9628.29297 0.00093
9629.17773 0.000944
9630.06152 0.000958
9630.94629 0.000964
9631.83008 0.00097
9632.71484 0.000975
9633.59961 0.000981
9634.48438 0.000987
9635.36914 0.000995
9636.25391 0.001006
9637.13867 0.001017
9638.02344 0.001027
9638.90820 0.001038
9639.79395 0.001049
9640.67871 0.001061
9641.56445 0.001072
9642.44922 0.001083
9643.33496 0.001095
9644.22070 0.001106
9645.10645 0.001116
9645.99219 0.001118
9646.87793 0.001119
9647.76367 0.00112
9648.64941 0.001122
9649.53613 0.001123
9650.42188 0.001129
9651.30762 0.001142
9652.19434 0.001154
9653.08105 0.001166
9653.96680 0.001178
9654.85352 0.001191
9655.74023 0.001206
9656.62695 0.001221
9657.51367 0.001236
9658.40039 0.001252
9659.28711 0.001267
9660.17480 0.001282
9661.06152 0.001292
9661.94922 0.001303
9662.83594 0.001314
9663.72363 0.001325
9664.61035 0.001336
9665.49805 0.001347
9666.38574 0.001358
9667.27344 0.001369
9668.16113 0.00138
9669.04883 0.001391
9669.93652 0.001402
9670.82520 0.001405
9671.71289 0.001408
9672.60156 0.001411
9673.48926 0.001414
9674.37793 0.001417
9675.26660 0.001427
9676.15430 0.001453
9677.04297 0.001479
9677.93164 0.001505
9678.82031 0.001532
9679.70898 0.001558
9680.59863 0.001571
9681.48730 0.001579
9682.37598 0.001587
9683.26562 0.001595
9684.15430 0.001603
9685.04395 0.001611
9685.93359 0.00163
9686.82324 0.001649
9687.71191 0.001669
9688.60156 0.001688
9689.49121 0.001707
9690.38184 0.001724
9691.27148 0.001738
9692.16113 0.001751
9693.05176 0.001764
9693.94141 0.001778
9694.83203 0.001791
9695.72168 0.001813
9696.61230 0.001836
9697.50293 0.001859
9698.39355 0.001882
9699.28418 0.001906
9700.17480 0.001927
9701.06543 0.001944
9701.95605 0.00196
9702.84668 0.001976
9703.73828 0.001992
9704.62891 0.002008
9705.52148 0.002028
9706.41211 0.002051
9707.30273 0.002073
9708.19434 0.002096
9709.08594 0.002118
9709.97754 0.002141
9710.86914 0.002162
9711.76074 0.002183
9712.65234 0.002204
9713.54492 0.002226
9714.43652 0.002247
9715.32910 0.002268
9716.22070 0.00229
9717.11328 0.002312
9718.00586 0.002333
9718.89746 0.002355
9719.79004 0.002376
9720.68262 0.002398
9721.57520 0.00242
9722.46875 0.002441
9723.36133 0.002463
9724.25391 0.002485
9725.14746 0.002507
9726.04004 0.002534
9726.93359 0.002561
9727.82617 0.002587
9728.71973 0.002614
9729.61328 0.002641
9730.50684 0.002669
9731.40039 0.002698
9732.29395 0.002726
9733.18848 0.002755
9734.08105 0.002784
9734.97559 0.002813
9735.86914 0.002845
9736.76367 0.002876
9737.65723 0.002908
9738.55176 0.00294
9739.44629 0.002972
9740.33984 0.003003
9741.23438 0.003033
9742.12891 0.003063
9743.02344 0.003092
9743.91895 0.003122
9744.81348 0.003152
9745.70801 0.003189
9746.60352 0.003229
9747.49805 0.003268
9748.39355 0.003308
9749.28809 0.003347
9750.18359 0.003384
9751.07910 0.003411
9751.97461 0.003438
9752.87012 0.003465
9753.76562 0.003492
9754.66113 0.003519
9755.55762 0.003554
9756.45312 0.003593
9757.34863 0.003633
9758.24512 0.003672
9759.14062 0.003712
9760.03711 0.003752
9760.93359 0.003795
9761.83008 0.003838
9762.72656 0.003882
9763.62305 0.003925
9764.51953 0.003969
9765.41602 0.004014
9766.31348 0.004061
9767.20996 0.004108
9768.10645 0.004155
9769.00391 0.004202
9769.90039 0.004249
9770.79785 0.004299
9771.69531 0.00435
9772.59277 0.0044
9773.49023 0.004451
9774.38770 0.004501
9775.28516 0.004552
9776.18262 0.004601
9777.08008 0.00465
9777.97852 0.004699
9778.87598 0.004748
9779.77441 0.004797
9780.67188 0.00485
9781.57031 0.004906
9782.46875 0.004961
9783.36719 0.005016
9784.26562 0.005072
9785.16406 0.005127
9786.06348 0.005182
9786.96094 0.005237
9787.85938 0.005292
9788.75879 0.005347
9789.65723 0.005402
9790.55664 0.005463
9791.45605 0.005528
9792.35352 0.005592
9793.25391 0.005657
9794.15332 0.005721
9795.05273 0.005787
9795.95215 0.005858
9796.85156 0.005929
9797.75098 0.006
9798.65137 0.006071
9799.55078 0.006142
9800.45117 0.006218
9801.35059 0.006297
9802.25098 0.006377
9803.15137 0.006457
9804.05078 0.006537
9804.95117 0.006617
9805.85156 0.00669
9806.75195 0.006763
9807.65332 0.006836
9808.55371 0.006909
9809.45410 0.006982
9810.35547 0.007057
9811.25586 0.007135
9812.15723 0.007214
9813.05762 0.007292
9813.95898 0.007371
9814.86035 0.00745
9815.76172 0.007543
9816.66309 0.007639
9817.56445 0.007735
9818.46582 0.007832
9819.36816 0.007928
9820.26953 0.008023
9821.17090 0.008114
9822.07324 0.008206
9822.97461 0.008297
9823.87695 0.008389
9824.77930 0.00848
9825.68164 0.00858
9826.58398 0.008682
9827.48633 0.008785
9828.38867 0.008887
9829.29102 0.008989
9830.19336 0.009094
9831.09668 0.009209
9831.99902 0.009323
9832.90234 0.009437
9833.80469 0.009552
9834.70801 0.009666
9835.61133 0.009782
9836.51465 0.009898
9837.41797 0.010014
9838.32129 0.010131
9839.22461 0.010247
9840.12793 0.010366
9841.03223 0.010494
9841.93555 0.010622
9842.83887 0.01075
9843.74316 0.010878
9844.64746 0.011006
9845.55078 0.011132
9846.45508 0.011257
9847.35938 0.011383
9848.26367 0.011508
9849.16797 0.011633
9850.07227 0.01176
9850.97754 0.011901
9851.88184 0.012043
9852.78613 0.012185
9853.69141 0.012327
9854.59570 0.012468
9855.50098 0.012617
9856.40625 0.012772
9857.31152 0.012927
9858.21680 0.013081
9859.12207 0.013236
9860.02734 0.013391
9860.93262 0.013559
9861.83789 0.013728
9862.74316 0.013896
9863.64941 0.014064
9864.55469 0.014232
9865.46094 0.014406
9866.36719 0.014584
9867.27246 0.014763
9868.17871 0.014941
9869.08496 0.01512
9869.99121 0.015299
9870.89746 0.015476
9871.80469 0.015654
9872.71094 0.015832
9873.61719 0.01601
9874.52441 0.016188
9875.43066 0.016374
9876.33789 0.016567
9877.24512 0.016761
9878.15137 0.016955
9879.05859 0.017149
9879.96582 0.017344
9880.87305 0.01754
9881.78027 0.017737
9882.68848 0.017934
9883.59570 0.018131
9884.50293 0.018327
9885.41113 0.018536
9886.31836 0.018759
9887.22656 0.018983
9888.13477 0.019206
9889.04297 0.019429
9889.95117 0.019653
9890.85938 0.019894
9891.76758 0.020136
9892.67578 0.020379
9893.58398 0.020621
9894.49219 0.020864
9895.40137 0.021107
9896.30957 0.02135
9897.21875 0.021593
9898.12793 0.021836
9899.03613 0.022079
9899.94531 0.022323
9900.85352 0.022575
9901.76367 0.022828
9902.67285 0.023081
9903.58203 0.023334
9904.49219 0.023588
9905.40137 0.023848
9906.31055 0.024117
9907.22070 0.024387
9908.13086 0.024656
9909.04004 0.024925
9909.95020 0.025195
9910.86035 0.025471
9911.77148 0.025746
9912.68066 0.026023
9913.59082 0.026299
9914.50098 0.026575
9915.41211 0.026858
9916.32227 0.027148
9917.23242 0.027438
9918.14355 0.027729
9919.05469 0.028019
9919.96484 0.02831
9920.87598 0.028623
9921.78711 0.028937
9922.69824 0.029251
9923.60938 0.029565
9924.52148 0.029879
9925.43262 0.030206
9926.34375 0.030545
9927.25488 0.030884
9928.16699 0.031224
9929.07812 0.031564
9929.99023 0.031904
9930.90234 0.032233
9931.81445 0.032561
9932.72656 0.03289
9933.63867 0.033219
9934.55078 0.033548
9935.46289 0.033883
9936.37500 0.034223
9937.28809 0.034564
9938.20020 0.034905
9939.11328 0.035246
9940.02539 0.035588
9940.93848 0.03594
9941.85156 0.036292
9942.76465 0.036644
9943.67676 0.036995
9944.59082 0.037348
9945.50391 0.037709
9946.41699 0.038078
9947.33008 0.038447
9948.24414 0.038816
9949.15723 0.039185
9950.07129 0.039556
9950.98438 0.039933
9951.89844 0.040311
9952.81348 0.040688
9953.72656 0.041066
9954.64062 0.041445
9955.55469 0.041831
9956.46875 0.042224
9957.38281 0.042617
9958.29785 0.04301
9959.21191 0.043403
9960.12598 0.043798
9961.04102 0.044204
9961.95605 0.04461
9962.87012 0.045016
9963.78516 0.045422
9964.70020 0.045829
9965.61523 0.046227
9966.53027 0.046621
9967.44629 0.047015
9968.36133 0.047409
9969.27637 0.047803
9970.19238 0.048197
9971.10742 0.048589
9972.02344 0.048981
9972.93945 0.049373
9973.85352 0.049765
9974.77148 0.050158
9975.68652 0.050572
9976.60254 0.050994
9977.51855 0.051416
9978.43555 0.051838
9979.35156 0.05226
9980.26758 0.05268
9981.18457 0.053095
9982.10059 0.05351
9983.01758 0.053925
9983.93457 0.05434
9984.85156 0.054756
9985.76855 0.055192
9986.68555 0.055632
9987.60254 0.056073
9988.51953 0.056513
9989.43652 0.056954
9990.35352 0.057388
9991.27148 0.057813
9992.18848 0.058237
9993.10645 0.058662
9994.02441 0.059087
9994.94141 0.059512
9995.85938 0.05993
9996.77734 0.060349
9997.69531 0.060768
9998.61328 0.061186
9999.53223 0.061606
10000.45020 0.062019
10001.37012 0.062425
10002.29004 0.062832
10003.20996 0.063239
10004.12012 0.063646
10005.04004 0.064054
10005.95996 0.06448
10006.87988 0.064906
10007.79980 0.065333
10008.71973 0.065759
10009.63965 0.066186
10010.55957 0.066609
10011.48047 0.067029
10012.40039 0.067449
10013.30957 0.067869
10014.23047 0.06829
10015.15039 0.06871
10016.07031 0.069127
10016.99023 0.069544
10017.91016 0.069961
10018.83008 0.070378
10019.75000 0.070796
10020.66992 0.071215
10021.58984 0.071636
10022.50977 0.072056
10023.42969 0.072476
10024.34961 0.072897
10025.28027 0.07331
10026.20020 0.073705
10027.12012 0.0741
10028.04004 0.074495
10028.95996 0.07489
10029.87988 0.075285
10030.79980 0.075662
10031.71973 0.076036
10032.63965 0.07641
10033.55957 0.076784
10034.49023 0.077159
10035.41016 0.077532
10036.33008 0.077903
10037.25000 0.078275
10038.16992 0.078646
10039.08984 0.079018
10040.01953 0.07939
10040.94043 0.079747
10041.86035 0.080104
10042.78027 0.080461
10043.70020 0.080818
10044.62988 0.081176
10045.54980 0.081527
10046.46973 0.081873
10047.38965 0.082219
10048.32031 0.082565
10049.24023 0.082911
10050.16016 0.083256
10051.08008 0.083593
10052.00977 0.08393
10052.92969 0.084266
10053.84961 0.084603
10054.78027 0.084941
10055.70020 0.085272
10056.62012 0.085602
10057.54980 0.085931
10058.46973 0.086261
10059.38965 0.086592
10060.32031 0.086906
10061.24023 0.087191
10062.16992 0.087476
10063.08984 0.087761
10064.00977 0.088046
10064.94043 0.088331
10065.86035 0.088607
10066.79004 0.088884
10067.70996 0.089159
10068.63965 0.089436
10069.55957 0.089712
10070.49023 0.089978
10071.41016 0.090233
10072.33008 0.090489
10073.25977 0.090745
10074.17969 0.091
10075.11035 0.091255
10076.04004 0.091504
10076.95996 0.091752
10077.88965 0.092001
10078.80957 0.092249
10079.74023 0.092498
10080.66016 0.092734
10081.58984 0.092966
10082.50977 0.093198
10083.44043 0.093429
10084.37012 0.093661
10085.29004 0.093887
10086.21973 0.094097
10087.13965 0.094308
10088.07031 0.094519
10089.00000 0.09473
10089.91992 0.094941
10090.84961 0.095124
10091.78027 0.095305
10092.70020 0.095485
10093.62988 0.095666
10094.55957 0.095847
10095.48047 0.096018
10096.41016 0.096179
10097.33984 0.096341
10098.26953 0.096502
10099.19043 0.096664
10100.12012 0.096823
10101.04980 0.096966
10101.98047 0.09711
10102.90039 0.097253
10103.83008 0.097396
10104.75977 0.097539
10105.69043 0.097671
10106.61035 0.097799
10107.54004 0.097927
10108.46973 0.098055
10109.40039 0.098184
10110.33008 0.098306
10111.25977 0.098417
10112.17969 0.098528
10113.11035 0.098639
10114.04004 0.09875
10114.96973 0.098861
10115.90039 0.098955
10116.83008 0.099049
10117.75977 0.099143
10118.69043 0.099237
10119.62012 0.099331
10120.54004 0.099418
10121.46973 0.099501
10122.40039 0.099584
10123.33008 0.099667
10124.25977 0.09975
10125.19043 0.099828
10126.12012 0.099884
10127.04980 0.09994
10127.98047 0.099996
10128.91016 0.100052
10129.83984 0.100108
10130.76953 0.100158
10131.70020 0.100207
10132.62988 0.100256
10133.55957 0.100305
10134.49023 0.100354
10135.41992 0.100392
10136.36035 0.100415
10137.29004 0.100438
10138.21973 0.100461
10139.15039 0.100484
10140.08008 0.100507
10141.00977 0.100531
10141.94043 0.100555
10142.87012 0.100579
10143.79980 0.100602
10144.74023 0.100626
10145.66992 0.100639
10146.59961 0.100646
10147.53027 0.100654
10148.45996 0.100662
10149.38965 0.100669
10150.33008 0.100673
10151.25977 0.100669
10152.19043 0.100666
10153.12012 0.100662
10154.05957 0.100658
10154.99023 0.100654
10155.91992 0.100639
10156.84961 0.100624
10157.79004 0.100608
10158.71973 0.100593
10159.65039 0.100577
10160.58008 0.100553
10161.51953 0.100524
10162.45020 0.100495
10163.37988 0.100465
10164.32031 0.100436
10165.25000 0.100407
10166.17969 0.100381
10167.12012 0.100355
10168.04980 0.100329
10168.99023 0.100302
10169.91992 0.100276
10170.84961 0.100242
10171.79004 0.100207
10172.71973 0.100172
10173.66016 0.100138
10174.58984 0.100103
10175.51953 0.100063
10176.45996 0.100018
10177.38965 0.099974
10178.33008 0.099929
10179.25977 0.099884
10180.20020 0.099838
10181.12988 0.099786
10182.07031 0.099734
10183.00000 0.099682
10183.94043 0.09963
10184.87012 0.099577
10185.80957 0.099519
10186.74023 0.09946
10187.67969 0.099402
10188.61035 0.099342
10189.54980 0.099283
10190.49023 0.099228
10191.41992 0.099176
10192.36035 0.099124
10193.29004 0.099072
10194.23047 0.09902
10195.16992 0.098967
10196.09961 0.098909
10197.04004 0.098852
10197.96973 0.098794
10198.91016 0.098737
10199.84961 0.098679
10200.78027 0.098622
10201.71973 0.098566
10202.66016 0.098509
10203.58984 0.098452
10204.53027 0.098395
10205.46973 0.098338
10206.41016 0.098279
10207.33984 0.09822
10208.28027 0.098162
10209.21973 0.098103
10210.15039 0.098044
10211.08984 0.097985
10212.03027 0.097927
10212.96973 0.097868
10213.91016 0.09781
10214.83984 0.097751
10215.78027 0.097694
10216.71973 0.097638
10217.66016 0.097582
10218.59961 0.097526
10219.53027 0.09747
10220.46973 0.097413
10221.41016 0.097356
10222.34961 0.097299
10223.29004 0.097241
10224.23047 0.097184
10225.16992 0.097127
10226.11035 0.097073
10227.04004 0.097018
10227.98047 0.096964
10228.91992 0.096909
10229.86035 0.096854
10230.79980 0.0968
10231.74023 0.096746
10232.67969 0.096692
10233.62012 0.096638
10234.55957 0.096584
10235.50000 0.096533
10236.44043 0.096484
10237.37988 0.096436
10238.32031 0.096387
10239.25977 0.096338
