threeML/data/optical_filters/HST/NICMOS1-F110W.ecsv
# %ECSV 0.9
# ---
# datatype:
# - {name: wavelength, unit: Angstrom, datatype: float32}
# - {name: response, datatype: float32}
# meta: !!omap
# - {band_name: F110W}
# - {group_name: NICMOS1}
wavelength response
[from data line 3977]
10783.95020 0.090373
10784.83984 0.090116
10785.73047 0.089881
10786.62012 0.089651
10787.50977 0.08942
10788.40039 0.08919
10789.29980 0.088959
10790.19043 0.088737
10791.08008 0.088549
10791.96973 0.088361
10792.86035 0.088172
10793.75977 0.087984
10794.65039 0.087795
10795.54004 0.087646
10796.42969 0.087522
10797.33008 0.087397
10798.21973 0.087273
10799.11035 0.087149
10800.00000 0.087025
10800.90039 0.086937
10801.79004 0.08685
10802.67969 0.086762
10803.58008 0.086674
10804.46973 0.086587
10805.36035 0.086519
10806.25977 0.08648
10807.15039 0.086442
10808.04004 0.086403
10808.94043 0.086364
10809.83008 0.086325
10810.73047 0.086325
10811.62012 0.086334
10812.50977 0.086342
10813.41016 0.086351
10814.29980 0.08636
10815.20020 0.08638
10816.08984 0.086442
10816.98047 0.086504
10817.87988 0.086566
10818.76953 0.086628
10819.66992 0.08669
10820.55957 0.086791
10821.45996 0.086914
10822.34961 0.087037
10823.25000 0.087161
10824.13965 0.087284
10825.04004 0.087409
10825.92969 0.087576
10826.83008 0.087744
10827.71973 0.087911
10828.62012 0.088079
10829.50977 0.088246
10830.41016 0.088429
10831.29980 0.088632
10832.20020 0.088834
10833.08984 0.089036
10833.99023 0.089238
10834.87988 0.089441
10835.78027 0.089702
10836.67969 0.089973
10837.57031 0.090243
10838.46973 0.090514
10839.36035 0.090785
10840.25977 0.091067
10841.16016 0.091379
10842.04980 0.091692
10842.95020 0.092004
10843.84961 0.092316
10844.74023 0.092629
10845.63965 0.092965
10846.54004 0.09331
10847.42969 0.093655
10848.33008 0.094001
10849.23047 0.094347
10850.12012 0.094701
10851.01953 0.095107
10851.91992 0.095513
10852.82031 0.095919
10853.70996 0.096326
10854.61035 0.096732
10855.50977 0.097158
10856.41016 0.097601
10857.29980 0.098044
10858.20020 0.098486
10859.09961 0.098929
10860.00000 0.099372
10860.88965 0.099802
10861.79004 0.100233
10862.69043 0.100663
10863.58984 0.101094
10864.49023 0.101524
10865.37988 0.101969
10866.28027 0.102432
10867.17969 0.102895
10868.08008 0.103359
10868.98047 0.103823
10869.87988 0.104287
10870.78027 0.10477
10871.66992 0.105255
10872.57031 0.105742
10873.46973 0.106228
10874.37012 0.106715
10875.26953 0.107194
10876.16992 0.107656
10877.07031 0.108118
10877.96973 0.10858
10878.87012 0.109043
10879.76953 0.109505
10880.66992 0.109983
10881.57031 0.110467
10882.46973 0.110951
10883.37012 0.111435
10884.25977 0.111919
10885.16992 0.112406
10886.07031 0.112904
10886.95996 0.1134
10887.87012 0.113898
10888.76953 0.114396
10889.66992 0.114893
10890.57031 0.115346
10891.46973 0.115772
10892.37012 0.116199
10893.26953 0.116625
10894.16992 0.117052
10895.07031 0.117477
10895.96973 0.117879
10896.87012 0.118281
10897.76953 0.118683
10898.66992 0.119086
10899.57031 0.119488
10900.46973 0.119874
10901.37988 0.120244
10902.28027 0.120614
10903.17969 0.120985
10904.08008 0.121355
10904.98047 0.121726
10905.87988 0.122068
10906.79004 0.122409
10907.69043 0.12275
10908.58984 0.123091
10909.49023 0.123432
10910.38965 0.123757
10911.29004 0.124058
10912.20020 0.12436
10913.09961 0.124661
10914.00000 0.124963
10914.90039 0.125265
10915.80957 0.125542
10916.70996 0.125816
10917.61035 0.12609
10918.50977 0.126364
10919.41992 0.126638
10920.32031 0.126895
10921.21973 0.127119
10922.12988 0.127343
10923.03027 0.127567
10923.92969 0.127791
10924.83008 0.128016
10925.74023 0.128203
10926.63965 0.128382
10927.54004 0.128561
10928.45020 0.12874
10929.34961 0.128919
10930.25000 0.129093
10931.16016 0.129252
10932.05957 0.129411
10932.96973 0.12957
10933.87012 0.129729
10934.76953 0.129889
10935.67969 0.130012
10936.58008 0.130124
10937.49023 0.130235
10938.38965 0.130347
10939.29980 0.130458
10940.20020 0.130569
10941.09961 0.130674
10942.00977 0.130779
10942.91016 0.130885
10943.82031 0.13099
10944.71973 0.131096
10945.62988 0.131173
10946.53027 0.131238
10947.44043 0.131303
10948.33984 0.131368
10949.25000 0.131433
10950.15039 0.131493
10951.05957 0.131533
10951.95996 0.131572
10952.87012 0.131611
10953.78027 0.131651
10954.67969 0.13169
10955.58984 0.13172
10956.49023 0.131744
10957.40039 0.131769
10958.29980 0.131793
10959.20996 0.131818
10960.12012 0.131838
10961.01953 0.131826
10961.92969 0.131815
10962.83984 0.131804
10963.74023 0.131793
10964.65039 0.131782
10965.55957 0.131759
10966.45996 0.131729
10967.37012 0.131699
10968.28027 0.131669
10969.17969 0.131639
10970.08984 0.131607
10971.00000 0.131554
10971.90039 0.1315
10972.80957 0.131447
10973.71973 0.131394
10974.62988 0.13134
10975.53027 0.13126
10976.44043 0.131161
10977.34961 0.131062
10978.25000 0.130963
10979.16016 0.130864
10980.07031 0.130764
10980.98047 0.130653
10981.88965 0.130542
10982.79004 0.130431
10983.70020 0.130319
10984.61035 0.130208
10985.51953 0.130085
10986.42969 0.129954
10987.33008 0.129822
10988.24023 0.129691
10989.15039 0.129559
10990.05957 0.129424
10990.96973 0.129245
10991.87988 0.129065
10992.79004 0.128886
10993.70020 0.128707
10994.59961 0.128527
10995.50977 0.128343
10996.41992 0.128155
10997.33008 0.127968
10998.24023 0.12778
10999.15039 0.127593
11000.05957 0.1274
11000.96973 0.12714
11001.87988 0.12688
11002.79004 0.12662
11003.70020 0.12636
11004.61035 0.1261
11005.51953 0.125832
11006.42969 0.125557
11007.33984 0.125282
11008.25000 0.125007
11009.16016 0.124733
11010.07031 0.124456
11010.98047 0.124155
11011.88965 0.123854
11012.79980 0.123553
11013.70996 0.123252
11014.62012 0.122951
11015.53027 0.122654
11016.44043 0.122359
11017.34961 0.122065
11018.25977 0.121771
11019.16992 0.121477
11020.08984 0.121184
11021.00000 0.120902
11021.91016 0.120621
11022.82031 0.12034
11023.73047 0.120058
11024.63965 0.119776
11025.54980 0.11949
11026.46973 0.1192
11027.37988 0.11891
11028.29004 0.11862
11029.20020 0.118331
11030.11035 0.118041
11031.01953 0.117757
11031.94043 0.117472
11032.84961 0.117187
11033.75977 0.116903
11034.66992 0.116618
11035.58984 0.11634
11036.50000 0.116068
11037.41016 0.115795
11038.32031 0.115522
11039.24023 0.115249
11040.15039 0.114981
11041.05957 0.114738
11041.96973 0.114496
11042.88965 0.114254
11043.79980 0.114011
11044.70996 0.113769
11045.62988 0.113547
11046.54004 0.113335
11047.45020 0.113123
11048.37012 0.112911
11049.28027 0.112699
11050.19043 0.112498
11051.11035 0.112336
11052.01953 0.112173
11052.92969 0.112011
11053.84961 0.111849
11054.75977 0.111687
11055.67969 0.111556
11056.58984 0.111435
11057.50000 0.111314
11058.41992 0.111193
11059.33008 0.111073
11060.25000 0.110956
11061.16016 0.110849
11062.08008 0.110742
11062.99023 0.110635
11063.91016 0.110528
11064.82031 0.110421
11065.74023 0.110369
11066.65039 0.110331
11067.57031 0.110292
11068.48047 0.110253
11069.40039 0.110215
11070.30957 0.110193
11071.23047 0.110203
11072.13965 0.110214
11073.05957 0.110224
11073.96973 0.110235
11074.88965 0.110245
11075.79980 0.110291
11076.71973 0.110342
11077.62988 0.110393
11078.54980 0.110444
11079.46973 0.110495
11080.37988 0.110566
11081.29980 0.110665
11082.20996 0.110764
11083.12988 0.110863
11084.04980 0.110962
11084.95996 0.11106
11085.87988 0.111198
11086.79980 0.111337
11087.70996 0.111477
11088.62988 0.111616
11089.54980 0.111755
11090.45996 0.111915
11091.37988 0.112094
11092.29980 0.112274
11093.21973 0.112453
11094.12988 0.112633
11095.04980 0.112815
11095.96973 0.113042
11096.87988 0.11327
11097.79980 0.113498
11098.71973 0.113725
11099.63965 0.113953
11100.54980 0.114198
11101.46973 0.114455
11102.38965 0.114712
11103.30957 0.114969
11104.23047 0.115226
11105.13965 0.115488
11106.05957 0.115778
11106.98047 0.116068
11107.90039 0.116357
11108.82031 0.116646
11109.74023 0.116936
11110.66016 0.117232
11111.57031 0.117531
11112.49023 0.11783
11113.41016 0.118128
11114.33008 0.118427
11115.25000 0.118725
11116.16992 0.119019
11117.08984 0.119313
11118.00977 0.119607
11118.91992 0.119901
11119.83984 0.120196
11120.75977 0.120497
11121.67969 0.1208
11122.59961 0.121102
11123.51953 0.121405
11124.44043 0.121707
11125.36035 0.122004
11126.28027 0.122291
11127.20020 0.122579
11128.12012 0.122866
11129.04004 0.123153
11129.95996 0.12344
11130.87988 0.123713
11131.79980 0.123985
11132.71973 0.124258
11133.63965 0.12453
11134.55957 0.124802
11135.48047 0.125067
11136.41016 0.125325
11137.33008 0.125584
11138.25000 0.125842
11139.16992 0.1261
11140.08984 0.126353
11141.00977 0.126551
11141.92969 0.12675
11142.84961 0.126948
11143.76953 0.127147
11144.69043 0.127345
11145.62012 0.127516
11146.54004 0.127673
11147.45996 0.127831
11148.37988 0.127988
11149.29980 0.128145
11150.21973 0.12829
11151.15039 0.128399
11152.07031 0.128507
11152.99023 0.128615
11153.91016 0.128723
11154.83008 0.128832
11155.75977 0.128911
11156.67969 0.128983
11157.59961 0.129055
11158.51953 0.129128
11159.45020 0.1292
11160.37012 0.129251
11161.29004 0.12927
11162.20996 0.129288
11163.13965 0.129307
11164.05957 0.129326
11164.98047 0.129344
11165.91016 0.129322
11166.83008 0.129299
11167.75000 0.129276
11168.67969 0.129253
11169.59961 0.12923
11170.51953 0.129187
11171.45020 0.129127
11172.37012 0.129068
11173.29004 0.129008
11174.21973 0.128949
11175.13965 0.128884
11176.07031 0.128788
11176.99023 0.128693
11177.91016 0.128597
11178.83984 0.128501
11179.75977 0.128406
11180.69043 0.128306
11181.61035 0.128204
11182.54004 0.128103
11183.45996 0.128001
11184.38965 0.1279
11185.30957 0.127793
11186.23047 0.127675
11187.16016 0.127557
11188.08008 0.127439
11189.00977 0.127321
11189.92969 0.127202
11190.86035 0.127073
11191.79004 0.126943
11192.70996 0.126813
11193.63965 0.126683
11194.55957 0.126553
11195.49023 0.126421
11196.41016 0.126286
11197.33984 0.126151
11198.25977 0.126016
11199.19043 0.125881
11200.12012 0.125746
11201.04004 0.12561
11201.96973 0.125475
11202.88965 0.125339
11203.82031 0.125203
11204.75000 0.125068
11205.66992 0.124953
11206.59961 0.124846
11207.53027 0.124739
11208.45020 0.124632
11209.37988 0.124525
11210.30957 0.124424
11211.23047 0.124334
11212.16016 0.124245
11213.08984 0.124155
11214.00977 0.124065
11214.94043 0.123975
11215.87012 0.123908
11216.79980 0.123843
11217.71973 0.123777
11218.65039 0.123712
11219.58008 0.123647
11220.50977 0.123589
11221.42969 0.123537
11222.36035 0.123485
11223.29004 0.123434
11224.21973 0.123382
11225.15039 0.123335
11226.07031 0.123312
11227.00000 0.123289
11227.92969 0.123265
11228.86035 0.123242
11229.79004 0.123219
11230.70996 0.123213
11231.63965 0.123211
11232.57031 0.12321
11233.50000 0.123209
11234.42969 0.123207
11235.36035 0.123214
11236.29004 0.123233
11237.21973 0.123252
11238.15039 0.123272
11239.08008 0.123291
11240.00000 0.12331
11240.92969 0.123341
11241.86035 0.123371
11242.79004 0.123402
11243.71973 0.123432
11244.65039 0.123463
11245.58008 0.123504
11246.50977 0.123552
11247.44043 0.123601
11248.37012 0.123648
11249.29980 0.123697
11250.23047 0.123745
11251.16016 0.123796
11252.08984 0.123846
11253.01953 0.123897
11253.95020 0.123947
11254.87988 0.123998
11255.80957 0.124058
11256.74023 0.124119
11257.66992 0.124181
11258.61035 0.124242
11259.54004 0.124304
11260.46973 0.124356
11261.40039 0.1244
11262.33008 0.124445
11263.25977 0.124489
11264.19043 0.124533
11265.12012 0.124578
11266.04980 0.124635
11266.99023 0.124692
11267.91992 0.124749
11268.84961 0.124806
11269.78027 0.124863
11270.70996 0.124901
11271.63965 0.124933
11272.58008 0.124965
11273.50977 0.124997
11274.44043 0.125029
11275.37012 0.125058
11276.29980 0.12508
11277.24023 0.125103
11278.16992 0.125125
11279.09961 0.125148
11280.03027 0.125169
11280.96973 0.125171
11281.90039 0.125172
11282.83008 0.125173
11283.76953 0.125174
11284.70020 0.125175
11285.62988 0.125173
11286.55957 0.125168
11287.50000 0.125164
11288.42969 0.12516
11289.36035 0.125155
11290.29980 0.125141
11291.23047 0.125106
11292.16016 0.125072
11293.09961 0.125037
11294.03027 0.125002
11294.96973 0.124967
11295.90039 0.124922
11296.83008 0.124877
11297.76953 0.124831
11298.70020 0.124786
11299.63965 0.12474
11300.57031 0.124689
11301.50000 0.124633
11302.44043 0.124577
11303.37012 0.124521
11304.30957 0.124465
11305.24023 0.124406
11306.17969 0.124337
11307.11035 0.124268
11308.04980 0.124199
11308.98047 0.12413
11309.91992 0.124061
11310.84961 0.123991
11311.79004 0.123921
11312.71973 0.123852
11313.66016 0.123782
11314.58984 0.123712
11315.53027 0.123638
11316.45996 0.123563
11317.40039 0.123487
11318.33008 0.123412
11319.26953 0.123336
11320.20996 0.123261
11321.13965 0.123186
11322.08008 0.123111
11323.00977 0.123036
11323.95020 0.122962
11324.88965 0.122887
11325.82031 0.122812
11326.75977 0.122737
11327.70020 0.122662
11328.62988 0.122587
11329.57031 0.122512
11330.50977 0.122449
11331.44043 0.122396
11332.37988 0.122343
11333.32031 0.12229
11334.25000 0.122237
11335.19043 0.122185
11336.12988 0.122138
11337.07031 0.12209
11338.00000 0.122043
11338.94043 0.121995
11339.87988 0.121948
11340.82031 0.121924
11341.75000 0.121904
11342.69043 0.121884
11343.62988 0.121863
11344.57031 0.121843
11345.50000 0.121828
11346.44043 0.121816
11347.37988 0.121805
11348.32031 0.121793
11349.25977 0.121782
11350.20020 0.121775
11351.12988 0.121787
11352.07031 0.121799
11353.00977 0.12181
11353.95020 0.121822
11354.88965 0.121833
11355.83008 0.121864
11356.76953 0.121898
11357.70996 0.121931
11358.63965 0.121965
11359.58008 0.121998
11360.51953 0.122042
11361.45996 0.122094
11362.40039 0.122146
11363.33984 0.122198
11364.28027 0.12225
11365.21973 0.122305
11366.16016 0.122368
11367.09961 0.122432
11368.04004 0.122495
11368.98047 0.122558
11369.91992 0.122622
11370.86035 0.122691
11371.79980 0.12276
11372.74023 0.12283
11373.67969 0.1229
11374.62012 0.122969
11375.55957 0.123049
11376.50000 0.123136
11377.44043 0.123222
11378.37988 0.123309
11379.32031 0.123396
11380.25977 0.123483
11381.20996 0.123574
11382.15039 0.123665
11383.08984 0.123756
11384.03027 0.123846
11384.96973 0.123937
11385.91016 0.124036
11386.84961 0.124135
11387.79004 0.124235
11388.74023 0.124334
11389.67969 0.124433
11390.62012 0.124525
11391.55957 0.124612
11392.50000 0.1247
11393.44043 0.124787
11394.38965 0.124874
11395.33008 0.124956
11396.26953 0.125028
11397.20996 0.1251
11398.15039 0.125171
11399.09961 0.125243
11400.04004 0.125314
11400.98047 0.125377
11401.91992 0.12544
11402.87012 0.125502
11403.80957 0.125565
11404.75000 0.125628
11405.70020 0.125672
11406.63965 0.12571
11407.58008 0.125748
11408.53027 0.125786
11409.46973 0.125824
11410.41016 0.125854
11411.36035 0.125872
11412.29980 0.125891
11413.24023 0.12591
11414.19043 0.125929
11415.12988 0.125944
11416.07031 0.125933
11417.01953 0.125922
11417.95996 0.125912
11418.91016 0.125901
11419.84961 0.12589
11420.79004 0.125851
11421.74023 0.125806
11422.67969 0.125762
11423.62988 0.125717
11424.57031 0.125672
11425.51953 0.125621
11426.45996 0.125564
11427.41016 0.125507
11428.34961 0.12545
11429.29004 0.125393
11430.24023 0.125328
11431.17969 0.125237
11432.12988 0.125146
11433.08008 0.125055
11434.01953 0.124965
11434.96973 0.124874
11435.91016 0.124768
11436.86035 0.124661
11437.79980 0.124554
11438.75000 0.124447
11439.69043 0.124341
11440.63965 0.124218
11441.58984 0.124088
11442.53027 0.123958
11443.48047 0.123828
11444.41992 0.123698
11445.37012 0.123561
11446.32031 0.123414
11447.25977 0.123268
11448.20996 0.123121
11449.16016 0.122974
11450.09961 0.122826
11451.04980 0.122669
11452.00000 0.122511
11452.94043 0.122354
11453.88965 0.122197
11454.83984 0.122039
11455.78027 0.121879
11456.73047 0.121717
11457.67969 0.121556
11458.62988 0.121395
11459.57031 0.121234
11460.51953 0.12108
11461.46973 0.120932
11462.41992 0.120784
11463.36035 0.120636
11464.30957 0.120488
11465.25977 0.120343
11466.20996 0.120206
11467.15039 0.120068
11468.09961 0.11993
11469.04980 0.119792
11470.00000 0.119655
11470.95020 0.119533
11471.90039 0.119411
11472.83984 0.11929
11473.79004 0.119168
11474.74023 0.119046
11475.69043 0.118938
11476.63965 0.118836
11477.58984 0.118733
11478.54004 0.11863
11479.49023 0.118528
11480.44043 0.118434
11481.37988 0.118353
11482.33008 0.118271
11483.28027 0.11819
11484.23047 0.118108
11485.17969 0.118031
11486.12988 0.117974
11487.08008 0.117918
