threeML/data/optical_filters/HST/NICMOS2-F180M.ecsv
# %ECSV 0.9
# ---
# datatype:
# - {name: wavelength, unit: Angstrom, datatype: float32}
# - {name: response, datatype: float32}
# meta: !!omap
# - {band_name: F180M}
# - {group_name: NICMOS2}
wavelength response
[from data line 767]
17160.59961 0.001094
17160.78906 0.001101
17160.99023 0.001108
17161.17969 0.001115
17161.36914 0.001122
17161.56055 0.001129
17161.75000 0.001136
17161.93945 0.001143
17162.13086 0.001156
17162.32031 0.001172
17162.50977 0.001187
17162.71094 0.001203
17162.90039 0.001219
17163.08984 0.001235
17163.27930 0.001251
17163.47070 0.001267
17163.66016 0.001282
17163.84961 0.001298
17164.03906 0.001321
17164.23047 0.001368
17164.42969 0.001416
17164.61914 0.001463
17164.81055 0.00151
17165.00000 0.001558
17165.18945 0.001604
17165.38086 0.001652
17165.57031 0.001699
17165.75977 0.001746
17165.96094 0.001794
17166.15039 0.001759
17166.33984 0.001698
17166.52930 0.001637
17166.72070 0.001577
17166.91016 0.001516
17167.09961 0.001456
17167.28906 0.001395
17167.48047 0.001334
17167.67969 0.001274
17167.86914 0.001213
17168.06055 0.001175
17168.25000 0.001188
17168.43945 0.001202
17168.63086 0.001215
17168.82031 0.001229
17169.00977 0.001242
17169.21094 0.001256
17169.40039 0.00127
17169.58984 0.001283
17169.77930 0.001297
17169.97070 0.00131
17170.16016 0.001318
17170.34961 0.001325
17170.53906 0.001332
17170.73047 0.001339
17170.92969 0.001346
17171.11914 0.001354
17171.31055 0.001361
17171.50000 0.001368
17171.68945 0.001375
17171.88086 0.001382
17172.07031 0.001385
17172.25977 0.001383
17172.46094 0.00138
17172.65039 0.001378
17172.83984 0.001376
17173.02930 0.001373
17173.22070 0.001371
17173.41016 0.001368
17173.59961 0.001366
17173.78906 0.001363
17173.98047 0.001361
17174.17969 0.001371
17174.36914 0.001383
17174.56055 0.001395
17174.75000 0.001407
17174.93945 0.001419
17175.13086 0.001431
17175.32031 0.001442
17175.51953 0.001454
17175.71094 0.001466
17175.90039 0.001478
17176.08984 0.001476
17176.27930 0.001458
17176.47070 0.00144
17176.66016 0.001422
17176.84961 0.001404
17177.03906 0.001386
17177.24023 0.001368
17177.42969 0.00135
17177.61914 0.001332
17177.81055 0.001314
17178.00000 0.001296
17178.18945 0.001278
17178.38086 0.001259
17178.58008 0.001241
17178.76953 0.001223
17178.96094 0.001205
17179.15039 0.001187
17179.33984 0.001169
17179.52930 0.001151
17179.72070 0.001133
17179.91016 0.001114
17180.10938 0.001144
17180.30078 0.001212
17180.49023 0.00128
17180.67969 0.001348
17180.86914 0.001416
17181.06055 0.001484
17181.25000 0.001552
17181.44922 0.00162
17181.64062 0.001688
17181.83008 0.001756
17182.01953 0.001814
17182.21094 0.001775
17182.40039 0.001737
17182.58984 0.001698
17182.78906 0.00166
17182.98047 0.001621
17183.16992 0.001583
17183.35938 0.001544
17183.55078 0.001506
17183.74023 0.001467
17183.92969 0.001429
17184.11914 0.001414
17184.31055 0.001412
17184.50977 0.00141
17184.69922 0.001408
17184.89062 0.001406
17185.08008 0.001404
17185.26953 0.001402
17185.46094 0.0014
17185.65039 0.001399
17185.84961 0.001397
17186.03906 0.001406
17186.23047 0.001461
17186.41992 0.001515
17186.60938 0.00157
17186.80078 0.001625
17186.99023 0.00168
17187.18945 0.001735
17187.38086 0.00179
17187.57031 0.001844
17187.75977 0.001899
17187.94922 0.001954
17188.14062 0.001936
17188.33008 0.001893
17188.52930 0.001849
17188.72070 0.001806
17188.91016 0.001762
17189.09961 0.001719
17189.28906 0.001676
17189.48047 0.001632
17189.66992 0.001589
17189.86914 0.001545
17190.06055 0.001522
17190.25000 0.001548
17190.43945 0.001573
17190.63086 0.001598
17190.82031 0.001623
17191.00977 0.001649
17191.21094 0.001674
17191.40039 0.001699
17191.58984 0.001724
17191.77930 0.00175
17191.97070 0.001775
17192.16016 0.001756
17192.34961 0.001729
17192.53906 0.001702
17192.74023 0.001674
17192.92969 0.001647
17193.11914 0.00162
17193.31055 0.001593
17193.50000 0.001566
17193.68945 0.001539
17193.89062 0.001511
17194.08008 0.0015
17194.26953 0.001511
17194.46094 0.001523
17194.65039 0.001534
17194.83984 0.001545
17195.03906 0.001557
17195.23047 0.001568
17195.41992 0.00158
17195.60938 0.001591
17195.80078 0.001603
17195.99023 0.001614
17196.17969 0.001612
17196.36914 0.00161
17196.57031 0.001608
17196.75977 0.001606
17196.94922 0.001604
17197.14062 0.001601
17197.33008 0.001599
17197.51953 0.001597
17197.71094 0.001595
17197.91016 0.001593
17198.09961 0.001607
17198.28906 0.001637
17198.48047 0.001667
17198.66992 0.001698
17198.86914 0.001728
17199.06055 0.001758
17199.25000 0.001788
17199.43945 0.001818
17199.63086 0.001848
17199.82031 0.001878
17200.00977 0.001906
17200.21094 0.001909
17200.40039 0.001911
17200.58984 0.001913
17200.77930 0.001916
17200.97070 0.001918
17201.16016 0.001921
17201.34961 0.001923
17201.55078 0.001925
17201.74023 0.001928
17201.92969 0.00193
17202.11914 0.001922
17202.31055 0.001909
17202.50000 0.001895
17202.69922 0.001881
17202.89062 0.001867
17203.08008 0.001854
17203.26953 0.00184
17203.46094 0.001826
17203.65039 0.001812
17203.83984 0.001799
17204.03906 0.001783
17204.23047 0.001758
17204.41992 0.001733
17204.60938 0.001709
17204.80078 0.001684
17204.99023 0.001659
17205.18945 0.001634
17205.38086 0.00161
17205.57031 0.001585
17205.75977 0.00156
17205.94922 0.001535
17206.14062 0.001548
17206.33984 0.001573
17206.52930 0.001599
17206.72070 0.001624
17206.91016 0.001649
17207.09961 0.001675
17207.28906 0.0017
17207.48047 0.001725
17207.67969 0.00175
17207.86914 0.001776
17208.06055 0.001789
17208.25000 0.001775
17208.43945 0.001761
17208.63086 0.001747
17208.83008 0.001733
17209.01953 0.001719
17209.21094 0.001705
17209.40039 0.001691
17209.58984 0.001677
17209.78906 0.001663
17209.98047 0.001649
17210.16992 0.001686
17210.35938 0.00173
17210.55078 0.001775
17210.74023 0.001819
17210.92969 0.001863
17211.13086 0.001908
17211.32031 0.001952
17211.50977 0.001997
17211.69922 0.002041
17211.89062 0.002085
17212.08008 0.002107
17212.27930 0.0021
17212.47070 0.002093
17212.66016 0.002086
17212.84961 0.002079
17213.03906 0.002072
17213.23047 0.002065
17213.42969 0.002058
17213.61914 0.002051
17213.81055 0.002044
17214.00000 0.002037
17214.18945 0.002017
17214.38086 0.001996
17214.58008 0.001976
17214.76953 0.001956
17214.96094 0.001935
17215.15039 0.001915
17215.33984 0.001894
17215.53906 0.001874
17215.73047 0.001853
17215.91992 0.001833
17216.10938 0.001815
17216.30078 0.001799
17216.49023 0.001783
17216.68945 0.001766
17216.88086 0.00175
17217.07031 0.001734
17217.25977 0.001718
17217.44922 0.001702
17217.64062 0.001686
17217.83984 0.00167
17218.02930 0.001658
17218.22070 0.001669
17218.41016 0.001681
17218.59961 0.001693
17218.78906 0.001705
17218.99023 0.001717
17219.17969 0.001729
17219.36914 0.001741
17219.56055 0.001753
17219.75000 0.001765
17219.94922 0.001777
17220.14062 0.001799
17220.33008 0.001824
17220.51953 0.001849
17220.71094 0.001875
17220.90039 0.0019
17221.09961 0.001926
17221.28906 0.001951
17221.48047 0.001976
17221.66992 0.002002
17221.85938 0.002027
17222.05078 0.002039
17222.25000 0.002017
17222.43945 0.001994
17222.63086 0.001971
17222.82031 0.001949
17223.00977 0.001926
17223.21094 0.001903
17223.40039 0.00188
17223.58984 0.001858
17223.77930 0.001835
17223.97070 0.001812
17224.16016 0.001823
17224.35938 0.001839
17224.55078 0.001855
17224.74023 0.001871
17224.92969 0.001888
17225.11914 0.001904
17225.31055 0.00192
17225.50977 0.001936
17225.69922 0.001952
17225.89062 0.001968
17226.08008 0.001997
17226.26953 0.002044
17226.46094 0.002091
17226.66016 0.002138
17226.84961 0.002185
17227.03906 0.002231
17227.23047 0.002278
17227.41992 0.002325
17227.61914 0.002372
17227.81055 0.002419
17228.00000 0.002465
17228.18945 0.002428
17228.38086 0.002391
17228.58008 0.002354
17228.76953 0.002317
17228.96094 0.00228
17229.15039 0.002243
17229.33984 0.002205
17229.53906 0.002168
17229.73047 0.002131
17229.91992 0.002094
17230.10938 0.002077
17230.30078 0.002074
17230.49023 0.002072
17230.68945 0.002069
17230.88086 0.002067
17231.07031 0.002065
17231.25977 0.002062
17231.44922 0.00206
17231.64062 0.002057
17231.83984 0.002055
17232.02930 0.002059
17232.22070 0.002098
17232.41016 0.002138
17232.60938 0.002178
17232.80078 0.002217
17232.99023 0.002257
17233.17969 0.002296
17233.36914 0.002336
17233.56055 0.002375
17233.75977 0.002415
17233.94922 0.002454
17234.14062 0.002455
17234.33008 0.002442
17234.51953 0.002429
17234.71094 0.002415
17234.91016 0.002402
17235.09961 0.002388
17235.28906 0.002375
17235.48047 0.002361
17235.67969 0.002348
17235.86914 0.002335
17236.06055 0.002317
17236.25000 0.002289
17236.43945 0.002262
17236.63086 0.002234
17236.83008 0.002206
17237.01953 0.002179
17237.21094 0.002151
17237.40039 0.002124
17237.58984 0.002096
17237.78906 0.002068
17237.98047 0.002041
17238.16992 0.002062
17238.35938 0.002091
17238.55078 0.002119
17238.75000 0.002147
17238.93945 0.002175
17239.13086 0.002203
17239.32031 0.002231
17239.50977 0.002259
17239.71094 0.002287
17239.90039 0.002316
17240.08984 0.002332
17240.27930 0.002334
17240.47070 0.002337
17240.66992 0.002339
17240.85938 0.002342
17241.05078 0.002345
17241.24023 0.002347
17241.42969 0.00235
17241.63086 0.002352
17241.82031 0.002355
17242.00977 0.002358
17242.19922 0.002377
17242.39062 0.002396
17242.58984 0.002415
17242.77930 0.002434
17242.97070 0.002452
17243.16016 0.002471
17243.34961 0.00249
17243.55078 0.002509
17243.74023 0.002528
17243.92969 0.002546
17244.11914 0.002565
17244.31055 0.002583
17244.50977 0.002602
17244.69922 0.002621
17244.89062 0.002639
17245.08008 0.002658
17245.26953 0.002676
17245.47070 0.002695
17245.66016 0.002713
17245.84961 0.002732
17246.03906 0.00274
17246.23047 0.002713
17246.42969 0.002686
17246.61914 0.002658
17246.81055 0.002631
17247.00000 0.002603
17247.19922 0.002576
17247.39062 0.002548
17247.58008 0.002521
17247.76953 0.002493
17247.96094 0.002466
17248.15039 0.002437
17248.34961 0.002407
17248.53906 0.002377
17248.73047 0.002348
17248.91992 0.002318
17249.11914 0.002289
17249.31055 0.002259
17249.50000 0.002229
17249.68945 0.0022
17249.88086 0.00217
17250.08008 0.00217
17250.26953 0.002214
17250.46094 0.002259
17250.65039 0.002303
17250.83984 0.002348
17251.03906 0.002392
17251.23047 0.002437
17251.41992 0.002481
17251.60938 0.002526
17251.80078 0.00257
17252.00000 0.002614
17252.18945 0.00261
17252.38086 0.002606
17252.57031 0.002601
17252.76953 0.002596
17252.96094 0.002592
17253.15039 0.002587
17253.33984 0.002583
17253.52930 0.002578
17253.73047 0.002573
17253.91992 0.002569
17254.10938 0.002556
17254.30078 0.002538
17254.49023 0.002519
17254.68945 0.002501
17254.88086 0.002483
17255.07031 0.002464
17255.25977 0.002446
17255.46094 0.002428
17255.65039 0.002409
17255.83984 0.002391
17256.02930 0.00238
17256.22070 0.002408
17256.41992 0.002436
17256.60938 0.002464
17256.80078 0.002492
17256.99023 0.002519
17257.18945 0.002548
17257.38086 0.002575
17257.57031 0.002603
17257.75977 0.002631
17257.94922 0.002659
17258.15039 0.002663
17258.33984 0.002659
17258.52930 0.002655
17258.72070 0.00265
17258.91016 0.002646
17259.10938 0.002642
17259.30078 0.002638
17259.49023 0.002634
17259.67969 0.00263
17259.86914 0.002626
17260.07031 0.00263
17260.25977 0.002649
17260.44922 0.002668
17260.64062 0.002687
17260.83984 0.002705
17261.02930 0.002724
17261.22070 0.002743
17261.41016 0.002762
17261.60938 0.002781
17261.80078 0.0028
17261.99023 0.002819
17262.17969 0.002827
17262.36914 0.002834
17262.57031 0.002842
17262.75977 0.002849
17262.94922 0.002857
17263.14062 0.002864
17263.33984 0.002872
17263.52930 0.002879
17263.72070 0.002886
17263.91016 0.002894
17264.09961 0.002874
17264.30078 0.002829
17264.49023 0.002785
17264.67969 0.00274
17264.86914 0.002696
17265.06055 0.002651
17265.25977 0.002607
17265.44922 0.002562
17265.64062 0.002518
17265.83008 0.002473
17266.02930 0.002441
17266.22070 0.002483
17266.41016 0.002526
17266.59961 0.002568
17266.78906 0.00261
17266.99023 0.002653
17267.17969 0.002695
17267.36914 0.002737
17267.56055 0.002779
17267.75977 0.002822
17267.94922 0.002864
17268.14062 0.002858
17268.33008 0.002835
17268.52930 0.002813
17268.72070 0.00279
17268.91016 0.002767
17269.09961 0.002744
17269.28906 0.002721
17269.49023 0.002698
17269.67969 0.002675
17269.86914 0.002652
17270.06055 0.002656
17270.25977 0.002713
17270.44922 0.002769
17270.64062 0.002826
17270.83008 0.002882
17271.02930 0.002938
17271.22070 0.002995
17271.41016 0.003051
17271.59961 0.003108
17271.78906 0.003164
17271.99023 0.003221
17272.17969 0.003199
17272.36914 0.003171
17272.56055 0.003144
17272.75977 0.003116
17272.94922 0.003089
17273.14062 0.003061
17273.33008 0.003034
17273.52930 0.003006
17273.72070 0.002979
17273.91016 0.002951
17274.09961 0.002973
17274.30078 0.003037
17274.49023 0.0031
17274.67969 0.003164
17274.86914 0.003227
17275.07031 0.003291
17275.25977 0.003354
17275.44922 0.003418
17275.64062 0.003481
17275.83984 0.003545
17276.02930 0.003593
17276.22070 0.003546
17276.41016 0.003499
17276.60938 0.003453
17276.80078 0.003406
17276.99023 0.003359
17277.17969 0.003313
17277.38086 0.003266
17277.57031 0.00322
17277.75977 0.003173
17277.94922 0.003127
17278.14062 0.003103
17278.33984 0.003087
17278.52930 0.00307
17278.72070 0.003054
17278.91016 0.003038
17279.10938 0.003022
17279.30078 0.003006
17279.49023 0.00299
17279.67969 0.002974
17279.86914 0.002957
17280.07031 0.00296
17280.25977 0.002995
17280.44922 0.003031
17280.64062 0.003067
17280.83984 0.003103
17281.02930 0.003139
17281.22070 0.003175
17281.41016 0.00321
17281.60938 0.003246
17281.80078 0.003282
17281.99023 0.003318
17282.17969 0.003319
17282.38086 0.003319
17282.57031 0.003319
17282.75977 0.003319
17282.96094 0.003319
17283.15039 0.003319
17283.33984 0.003319
17283.52930 0.003319
17283.72070 0.003318
17283.91992 0.003318
17284.10938 0.003333
17284.30078 0.003359
17284.49023 0.003386
17284.68945 0.003412
17284.88086 0.003438
17285.07031 0.003464
17285.25977 0.00349
17285.46094 0.003516
17285.65039 0.003542
17285.83984 0.003569
17286.02930 0.003586
17286.23047 0.003563
17286.41992 0.00354
17286.60938 0.003517
17286.80078 0.003494
17287.00000 0.003471
17287.18945 0.003448
17287.38086 0.003425
17287.57031 0.003402
17287.76953 0.003379
17287.96094 0.003356
17288.15039 0.003338
17288.33984 0.003322
17288.53906 0.003305
17288.73047 0.003289
17288.91992 0.003273
17289.10938 0.003256
17289.31055 0.00324
17289.50000 0.003223
17289.68945 0.003207
17289.88086 0.00319
17290.08008 0.00319
17290.26953 0.003215
17290.46094 0.003239
17290.65039 0.003264
17290.84961 0.003288
17291.03906 0.003313
17291.23047 0.003337
17291.41992 0.003362
17291.61914 0.003387
17291.81055 0.003411
17292.00000 0.003436
17292.19922 0.003464
17292.39062 0.003492
17292.58008 0.003521
17292.76953 0.003549
17292.96094 0.003578
17293.16016 0.003606
17293.34961 0.003634
17293.53906 0.003663
17293.73047 0.003691
17293.92969 0.00372
17294.11914 0.003741
17294.31055 0.003758
17294.50977 0.003775
17294.69922 0.003793
17294.89062 0.00381
17295.08008 0.003827
17295.27930 0.003844
17295.47070 0.003861
17295.66016 0.003878
17295.84961 0.003896
17296.05078 0.003899
17296.24023 0.00386
17296.42969 0.00382
17296.61914 0.003781
17296.82031 0.003741
17297.00977 0.003702
17297.19922 0.003663
17297.39062 0.003623
17297.58984 0.003583
17297.77930 0.003544
17297.97070 0.003504
17298.16016 0.003557
17298.35938 0.003626
17298.55078 0.003695
17298.74023 0.003763
17298.93945 0.003832
17299.13086 0.003901
17299.32031 0.003969
17299.50977 0.004038
17299.71094 0.004106
17299.90039 0.004175
17300.08984 0.004185
17300.27930 0.004131
17300.48047 0.004077
17300.66992 0.004022
17300.85938 0.003968
17301.05078 0.003914
17301.25000 0.003859
17301.43945 0.003806
17301.63086 0.003751
17301.82031 0.003697
17302.01953 0.003648
17302.21094 0.003646
17302.40039 0.003644
17302.59961 0.003641
17302.78906 0.003639
17302.98047 0.003637
17303.16992 0.003635
17303.36914 0.003633
17303.56055 0.003631
17303.75000 0.003629
17303.94922 0.003627
17304.14062 0.003659
17304.33008 0.003705
17304.51953 0.003751
17304.71094 0.003796
17304.91016 0.003842
17305.09961 0.003888
17305.28906 0.003933
17305.49023 0.003979
17305.67969 0.004025
17305.86914 0.00407
17306.06055 0.004099
17306.25977 0.004092
17306.44922 0.004086
17306.64062 0.00408
17306.83984 0.004073
17307.02930 0.004067
17307.22070 0.00406
