threeML/data/optical_filters/HST/NICMOS1-F145M.ecsv
# %ECSV 0.9
# ---
# datatype:
# - {name: wavelength, unit: Angstrom, datatype: float32}
# - {name: response, datatype: float32}
# meta: !!omap
# - {band_name: F145M}
# - {group_name: NICMOS1}
wavelength response
[from data line 5364]
15864.58984 0.001701
15865.15039 0.001695
15865.70020 0.00169
15866.25000 0.001686
15866.80957 0.001682
15867.36035 0.001677
15867.91016 0.001673
15868.46973 0.001668
15869.01953 0.001664
15869.57031 0.00166
15870.12988 0.001654
15870.67969 0.001644
15871.24023 0.001634
15871.79004 0.001624
15872.33984 0.001614
15872.90039 0.001604
15873.45020 0.001593
15874.00000 0.001583
15874.55957 0.001573
15875.11035 0.001563
15875.66016 0.001555
15876.21973 0.001546
15876.76953 0.001538
15877.33008 0.001529
15877.87988 0.00152
15878.42969 0.001512
15878.99023 0.001503
15879.54004 0.001494
15880.08984 0.001487
15880.65039 0.001485
15881.20020 0.001483
15881.75977 0.001481
15882.30957 0.001479
15882.86035 0.001476
15883.41992 0.001474
15883.96973 0.001472
15884.53027 0.00147
15885.08008 0.001467
15885.62988 0.001461
15886.19043 0.001455
15886.74023 0.001448
15887.29004 0.001442
15887.84961 0.001435
15888.40039 0.001429
15888.95996 0.001423
15889.50977 0.001416
15890.07031 0.00141
15890.62012 0.001402
15891.16992 0.001395
15891.73047 0.001387
15892.28027 0.001379
15892.83984 0.001372
15893.38965 0.001364
15893.95020 0.001357
15894.50000 0.001349
15895.04980 0.001342
15895.61035 0.001342
15896.16016 0.001342
15896.71973 0.001342
15897.26953 0.001342
15897.83008 0.001342
15898.37988 0.001342
15898.94043 0.001341
15899.49023 0.001341
15900.04004 0.001341
15900.59961 0.001333
15901.15039 0.001325
15901.70996 0.001317
15902.25977 0.001309
15902.82031 0.001302
15903.37012 0.001294
15903.92969 0.001286
15904.48047 0.001278
15905.04004 0.001271
15905.58984 0.001264
15906.15039 0.001258
15906.70020 0.001252
15907.25000 0.001245
15907.80957 0.001239
15908.36035 0.001232
15908.91992 0.001226
15909.46973 0.00122
15910.03027 0.001213
15910.58008 0.001209
15911.13965 0.001204
15911.69043 0.001199
15912.25000 0.001195
15912.79980 0.00119
15913.36035 0.001185
15913.91016 0.00118
15914.46973 0.001176
15915.01953 0.001171
15915.58008 0.001167
15916.12988 0.001162
15916.69043 0.001158
15917.24023 0.001154
15917.79980 0.001149
15918.34961 0.001145
15918.91016 0.001141
15919.45996 0.001137
15920.01953 0.001132
15920.58008 0.001131
15921.12988 0.00113
15921.69043 0.001128
15922.24023 0.001127
15922.79980 0.001126
15923.34961 0.001125
15923.91016 0.001123
15924.45996 0.001122
15925.01953 0.00112
15925.57031 0.001112
15926.12988 0.001104
15926.67969 0.001095
15927.24023 0.001087
15927.79004 0.001079
15928.34961 0.00107
15928.91016 0.001062
15929.45996 0.001053
15930.01953 0.001045
15930.57031 0.001043
15931.12988 0.00104
15931.67969 0.001038
15932.24023 0.001036
15932.79004 0.001033
15933.34961 0.001031
15933.91016 0.001028
15934.45996 0.001026
15935.01953 0.001023
15935.57031 0.00102
15936.12988 0.001016
15936.69043 0.001012
15937.24023 0.001008
15937.79980 0.001004
15938.34961 0.001
15938.91016 0.000996
15939.45996 0.000992
15940.01953 0.000988
15940.58008 0.000987
15941.12988 0.000985
15941.69043 0.000984
15942.24023 0.000982
15942.79980 0.00098
15943.36035 0.000979
15943.91016 0.000977
15944.46973 0.000976
15945.01953 0.000974
15945.58008 0.000966
15946.13965 0.000959
15946.69043 0.000952
15947.25000 0.000944
15947.80957 0.000937
15948.36035 0.00093
15948.91992 0.000922
15949.46973 0.000915
15950.03027 0.000908
15950.58984 0.000908
15951.13965 0.000909
15951.70020 0.000909
15952.25977 0.000909
15952.80957 0.00091
15953.37012 0.00091
15953.91992 0.000911
15954.48047 0.000911
15955.04004 0.000911
15955.58984 0.000907
15956.15039 0.000903
15956.70996 0.000899
15957.25977 0.000895
15957.82031 0.000891
15958.37988 0.000887
15958.92969 0.000883
15959.49023 0.000879
15960.04980 0.000875
15960.59961 0.000868
15961.16016 0.000861
15961.71973 0.000854
15962.26953 0.000847
15962.83008 0.00084
15963.38965 0.000833
15963.94043 0.000826
15964.50000 0.000819
15965.05957 0.000812
15965.61035 0.000808
15966.16992 0.000804
15966.73047 0.000801
15967.28027 0.000797
15967.83984 0.000793
15968.40039 0.000789
15968.95996 0.000785
15969.50977 0.000782
15970.07031 0.000778
15970.62988 0.000777
15971.17969 0.000776
15971.74023 0.000775
15972.29980 0.000774
15972.84961 0.000773
15973.41016 0.000773
15973.96973 0.000772
15974.53027 0.000771
15975.08008 0.00077
15975.63965 0.000771
15976.20020 0.000772
15976.75000 0.000773
15977.30957 0.000774
15977.87012 0.000775
15978.42969 0.000776
15978.98047 0.000777
15979.54004 0.000778
15980.09961 0.000778
15980.66016 0.000775
15981.20996 0.000772
15981.76953 0.000769
15982.33008 0.000766
15982.87988 0.000763
15983.44043 0.000759
15984.00000 0.000756
15984.55957 0.000753
15985.11035 0.00075
15985.66992 0.000749
15986.23047 0.000748
15986.79004 0.000748
15987.33984 0.000747
15987.90039 0.000746
15988.45996 0.000745
15989.01953 0.000744
15989.58008 0.000743
15990.12988 0.00074
15990.69043 0.000732
15991.25000 0.000724
15991.80957 0.000716
15992.36035 0.000708
15992.91992 0.0007
15993.48047 0.000692
15994.04004 0.000684
15994.58984 0.000676
15995.15039 0.00067
15995.70996 0.000672
15996.26953 0.000673
15996.83008 0.000674
15997.37988 0.000675
15997.94043 0.000677
15998.50000 0.000678
15999.05957 0.000679
15999.62012 0.00068
16000.16992 0.000683
16000.73047 0.000688
16001.29004 0.000694
16001.84961 0.000699
16002.41016 0.000705
16002.95996 0.00071
16003.51953 0.000716
16004.08008 0.000721
16004.63965 0.000727
16005.20020 0.000727
16005.75000 0.000717
16006.30957 0.000706
16006.87012 0.000696
16007.42969 0.000686
16007.99023 0.000676
16008.54980 0.000666
16009.09961 0.000656
16009.66016 0.000646
16010.21973 0.000639
16010.78027 0.000636
16011.33984 0.000634
16011.90039 0.000631
16012.45996 0.000629
16013.00977 0.000626
16013.57031 0.000624
16014.12988 0.000621
16014.69043 0.000618
16015.25000 0.000616
16015.80957 0.000614
16016.36035 0.000611
16016.91992 0.000609
16017.48047 0.000607
16018.04004 0.000605
16018.59961 0.000602
16019.16016 0.0006
16019.71973 0.000598
16020.28027 0.000595
16020.83008 0.000591
16021.38965 0.000587
16021.95020 0.000583
16022.50977 0.000579
16023.07031 0.000576
16023.62988 0.000572
16024.19043 0.000568
16024.75000 0.000564
16025.29980 0.000563
16025.86035 0.000563
16026.41992 0.000564
16026.98047 0.000565
16027.54004 0.000566
16028.09961 0.000567
16028.66016 0.000567
16029.21973 0.000568
16029.78027 0.000569
16030.33008 0.000567
16030.88965 0.000564
16031.45020 0.000561
16032.00977 0.000557
16032.57031 0.000554
16033.12988 0.000551
16033.69043 0.000547
16034.25000 0.000544
16034.80957 0.000541
16035.37012 0.000539
16035.92969 0.000539
16036.49023 0.000538
16037.04980 0.000537
16037.59961 0.000536
16038.16016 0.000536
16038.71973 0.000535
16039.28027 0.000534
16039.83984 0.000534
16040.40039 0.000532
16040.95996 0.00053
16041.51953 0.000529
16042.08008 0.000527
16042.63965 0.000525
16043.20020 0.000524
16043.75977 0.000522
16044.32031 0.00052
16044.87988 0.000519
16045.44043 0.000519
16046.00000 0.00052
16046.55957 0.000521
16047.12012 0.000522
16047.67969 0.000523
16048.24023 0.000524
16048.79004 0.000525
16049.34961 0.000526
16049.91992 0.000527
16050.46973 0.000527
16051.03027 0.000526
16051.58984 0.000525
16052.15039 0.000524
16052.70996 0.000523
16053.26953 0.000522
16053.83008 0.00052
16054.38965 0.000519
16054.95020 0.000518
16055.50977 0.000514
16056.07031 0.00051
16056.62988 0.000505
16057.19043 0.000501
16057.75000 0.000497
16058.30957 0.000492
16058.87012 0.000488
16059.42969 0.000483
16059.99023 0.000479
16060.54980 0.000477
16061.11035 0.000476
16061.66992 0.000474
16062.23047 0.000473
16062.79004 0.000471
16063.34961 0.00047
16063.91992 0.000468
16064.46973 0.000467
16065.04004 0.000466
16065.59961 0.000469
16066.16016 0.000472
16066.71973 0.000475
16067.28027 0.000479
16067.83984 0.000482
16068.40039 0.000485
16068.95996 0.000488
16069.51953 0.000492
16070.08008 0.000494
16070.63965 0.000492
16071.20020 0.00049
16071.75977 0.000488
16072.32031 0.000486
16072.87988 0.000484
16073.44043 0.000481
16074.00000 0.000479
16074.55957 0.000477
16075.12012 0.000474
16075.67969 0.000469
16076.25000 0.000464
16076.80957 0.000458
16077.37012 0.000453
16077.92969 0.000447
16078.49023 0.000442
16079.04980 0.000436
16079.61035 0.000431
16080.16992 0.000426
16080.73047 0.000424
16081.29004 0.000421
16081.84961 0.000418
16082.41016 0.000415
16082.96973 0.000412
16083.54004 0.000409
16084.09961 0.000406
16084.66016 0.000403
16085.21973 0.000402
16085.78027 0.000405
16086.33984 0.000408
16086.90039 0.000411
16087.45996 0.000414
16088.01953 0.000417
16088.58008 0.000419
16089.15039 0.000422
16089.70996 0.000425
16090.26953 0.000425
16090.83008 0.000421
16091.38965 0.000417
16091.95020 0.000413
16092.50977 0.00041
16093.07031 0.000406
16093.62988 0.000402
17702.99219 0.0
