threeML/data/optical_filters/HST/NICMOS1-F110M.ecsv
# %ECSV 0.9
# ---
# datatype:
# - {name: wavelength, unit: Angstrom, datatype: float32}
# - {name: response, datatype: float32}
# meta: !!omap
# - {band_name: F110M}
# - {group_name: NICMOS1}
wavelength response
[from data line 6182]
12028.86035 0.046357
12029.29980 0.046123
12029.74023 0.045889
12030.19043 0.04566
12030.62988 0.045439
12031.07031 0.045218
12031.51953 0.044997
12031.95996 0.044776
12032.40039 0.044555
12032.83984 0.044334
12033.29004 0.044113
12033.73047 0.043891
12034.16992 0.04367
12034.62012 0.04345
12035.05957 0.043229
12035.50000 0.043015
12035.95020 0.042801
12036.38965 0.042587
12036.83008 0.042372
12037.28027 0.042158
12037.71973 0.041944
12038.16016 0.04173
12038.61035 0.041515
12039.04980 0.041301
12039.49023 0.041087
12039.94043 0.040872
12040.37988 0.040651
12040.83008 0.040428
12041.26953 0.040205
12041.70996 0.039983
12042.16016 0.03976
12042.59961 0.039538
12043.04004 0.039315
12043.49023 0.039092
12043.92969 0.03887
12044.37012 0.038647
12044.82031 0.038425
12045.25977 0.038214
12045.70020 0.038012
12046.15039 0.037811
12046.58984 0.037609
12047.04004 0.037407
12047.48047 0.037205
12047.91992 0.037003
12048.37012 0.036802
12048.80957 0.0366
12049.25000 0.036398
12049.70020 0.036196
12050.13965 0.035999
12050.58008 0.035811
12051.03027 0.035622
12051.46973 0.035434
12051.91992 0.035245
12052.36035 0.035057
12052.79980 0.034869
12053.25000 0.03468
12053.69043 0.034492
12054.13965 0.034303
12054.58008 0.034115
12055.01953 0.033927
12055.46973 0.033753
12055.91016 0.033578
12056.36035 0.033403
12056.79980 0.033228
12057.25000 0.033053
12057.69043 0.032878
12058.12988 0.032704
12058.58008 0.032529
12059.01953 0.032354
12059.46973 0.032179
12059.91016 0.032004
12060.34961 0.031839
12060.79980 0.031675
12061.24023 0.031512
12061.69043 0.031348
12062.12988 0.031184
12062.58008 0.031021
12063.01953 0.030857
12063.45996 0.030694
12063.91016 0.03053
12064.34961 0.030367
12064.79980 0.030203
12065.24023 0.030041
12065.69043 0.02988
12066.12988 0.02972
12066.57031 0.029559
12067.01953 0.029398
12067.45996 0.029238
12067.91016 0.029076
12068.34961 0.028916
12068.79980 0.028755
12069.24023 0.028594
12069.69043 0.028434
12070.12988 0.028274
12070.58008 0.028118
12071.01953 0.027962
12071.45996 0.027806
12071.91016 0.027649
12072.34961 0.027493
12072.79980 0.027337
12073.24023 0.027181
12073.69043 0.027025
12074.12988 0.026869
12074.58008 0.026712
12075.01953 0.026557
12075.46973 0.026407
12075.91016 0.026258
12076.36035 0.026109
12076.79980 0.02596
12077.25000 0.02581
12077.69043 0.025661
12078.12988 0.025512
12078.58008 0.025362
12079.03027 0.025213
12079.46973 0.025064
12079.91992 0.024914
12080.36035 0.024783
12080.79980 0.024655
12081.25000 0.024528
12081.69043 0.0244
12082.13965 0.024273
12082.58008 0.024145
12083.03027 0.024018
12083.46973 0.023891
12083.91992 0.023763
12084.37012 0.023635
12084.80957 0.023508
12085.25000 0.023381
12085.70020 0.023255
12086.15039 0.02313
12086.58984 0.023004
12087.04004 0.022878
12087.48047 0.022752
12087.92969 0.022626
12088.37012 0.0225
12088.82031 0.022374
12089.25977 0.022248
12089.70996 0.022122
12090.15039 0.022001
12090.59961 0.021891
12091.04004 0.021782
12091.49023 0.021672
12091.92969 0.021562
12092.37988 0.021452
12092.82031 0.021342
12093.26953 0.021232
12093.71973 0.021122
12094.16016 0.021012
12094.61035 0.020902
12095.04980 0.020792
12095.50000 0.020679
12095.94043 0.020566
12096.38965 0.020453
12096.83008 0.02034
12097.28027 0.020228
12097.71973 0.020115
12098.16992 0.020002
12098.62012 0.019889
12099.05957 0.019776
12099.50977 0.019663
12099.95020 0.01955
12100.40039 0.019443
12100.83984 0.019337
12101.29004 0.019232
12101.74023 0.019126
12102.17969 0.01902
12102.62988 0.018914
12103.07031 0.018808
12103.51953 0.018702
12103.95996 0.018596
12104.41016 0.01849
12104.86035 0.018384
12105.29980 0.018279
12105.75000 0.018175
12106.19043 0.01807
12106.63965 0.017966
12107.08984 0.017861
12107.53027 0.017757
12107.98047 0.017652
12108.41992 0.017547
12108.87012 0.017443
12109.32031 0.017338
12109.75977 0.017234
12110.20996 0.017135
12110.65039 0.017042
12111.09961 0.01695
12111.54980 0.016857
12111.99023 0.016765
12112.44043 0.016672
12112.87988 0.01658
12113.33008 0.016488
12113.78027 0.016395
12114.21973 0.016303
12114.66992 0.01621
12115.12012 0.01612
12115.55957 0.016036
12116.00977 0.015952
12116.45020 0.015868
12116.90039 0.015784
12117.34961 0.0157
12117.79004 0.015616
12118.24023 0.015532
12118.69043 0.015448
12119.12988 0.015364
12119.58008 0.01528
12120.01953 0.015196
12120.46973 0.015117
12120.91992 0.015039
12121.36035 0.01496
12121.80957 0.014881
12122.25977 0.014802
12122.70020 0.014724
12123.15039 0.014645
12123.59961 0.014566
12124.04004 0.014488
12124.49023 0.014409
12124.94043 0.01433
12125.37988 0.014256
12125.83008 0.014183
12126.28027 0.01411
12126.71973 0.014037
12127.16992 0.013964
12127.62012 0.013892
12128.05957 0.013818
12128.50977 0.013746
12128.95996 0.013672
12129.40039 0.0136
12129.84961 0.013526
12130.29980 0.013455
12130.74023 0.013385
12131.19043 0.013314
12131.63965 0.013244
12132.08008 0.013173
12132.53027 0.013103
12132.98047 0.013032
12133.41992 0.012962
12133.87012 0.012891
12134.32031 0.012821
12134.75977 0.01275
12135.20996 0.012678
12135.66016 0.012605
12136.11035 0.012532
12136.54980 0.012458
12137.00000 0.012385
12137.45020 0.012312
12137.88965 0.012239
12138.33984 0.012165
12138.79004 0.012092
12139.24023 0.012019
12139.67969 0.011946
12140.12988 0.011875
12140.58008 0.011812
12141.01953 0.011748
12141.46973 0.011685
12141.91992 0.011621
12142.37012 0.011558
12142.80957 0.011495
12143.25977 0.011431
12143.70996 0.011368
12144.15039 0.011304
12144.59961 0.011241
12145.04980 0.011178
12145.50000 0.011119
12145.94043 0.011061
12146.38965 0.011003
12146.83984 0.010944
12147.29004 0.010886
12147.73047 0.010827
12148.17969 0.010769
12148.62988 0.01071
12149.08008 0.010652
12149.51953 0.010593
12149.96973 0.010535
12150.41992 0.010481
12150.87012 0.010428
12151.30957 0.010375
12151.75977 0.010322
12152.20996 0.010269
12152.66016 0.010216
12153.09961 0.010163
12153.54980 0.01011
12154.00000 0.010057
12154.45020 0.010003
12154.88965 0.00995
12155.33984 0.009899
12155.79004 0.009849
12156.24023 0.009799
12156.67969 0.009749
12157.12988 0.009699
12157.58008 0.009649
12158.03027 0.009598
12158.48047 0.009548
12158.91992 0.009498
12159.37012 0.009448
12159.82031 0.009398
12160.26953 0.009348
12160.70996 0.009299
12161.16016 0.009251
12161.61035 0.009202
12162.05957 0.009153
12162.50977 0.009104
12162.95996 0.009055
12163.40039 0.009006
12163.84961 0.008958
12164.29980 0.008909
12164.75000 0.00886
12165.20020 0.008811
12165.63965 0.008761
12166.08984 0.008711
12166.54004 0.008661
12166.99023 0.008611
12167.44043 0.008561
12167.87988 0.008511
12168.33008 0.008461
12168.78027 0.008411
12169.23047 0.008361
12169.67969 0.008311
12170.12988 0.008263
12170.57031 0.00822
12171.01953 0.008176
12171.46973 0.008133
12171.91992 0.008089
12172.37012 0.008046
12172.80957 0.008002
12173.25977 0.007958
12173.70996 0.007915
12174.16016 0.007871
12174.61035 0.007828
12175.05957 0.007785
12175.50000 0.007746
12175.95020 0.007707
12176.40039 0.007668
12176.84961 0.007628
12177.29980 0.007589
12177.75000 0.00755
12178.20020 0.007511
12178.63965 0.007472
12179.08984 0.007433
12179.54004 0.007394
12179.99023 0.007355
12180.44043 0.007314
12180.88965 0.007272
12181.33984 0.007231
12181.79004 0.00719
12182.23047 0.007148
12182.67969 0.007107
12183.12988 0.007066
12183.58008 0.007024
12184.03027 0.006983
12184.48047 0.006942
12184.92969 0.0069
12185.37012 0.006866
12185.82031 0.006833
12186.26953 0.006801
12186.71973 0.006768
12187.16992 0.006735
12187.62012 0.006703
12188.07031 0.00667
12188.51953 0.006637
12188.96973 0.006605
12189.41992 0.006572
12189.86035 0.006539
12190.30957 0.006507
12190.75977 0.006476
12191.20996 0.006444
12191.66016 0.006413
12192.11035 0.006381
12192.55957 0.00635
12193.00977 0.006318
12193.45996 0.006287
12193.91016 0.006255
12194.34961 0.006224
12194.79980 0.006192
12195.25000 0.006159
12195.70020 0.006126
12196.15039 0.006092
12196.59961 0.006059
12197.04980 0.006025
12197.50000 0.005992
12197.95020 0.005958
12198.40039 0.005925
12198.84961 0.005891
12199.29980 0.005858
12199.75000 0.005824
12200.19043 0.005792
12200.63965 0.00576
12201.08984 0.005729
12201.54004 0.005698
12201.99023 0.005666
12202.44043 0.005635
12202.88965 0.005604
12203.33984 0.005573
12203.79004 0.005541
12204.24023 0.00551
12204.69043 0.005479
12205.13965 0.005448
12205.58984 0.005418
12206.04004 0.005388
12206.49023 0.005358
12206.94043 0.005328
12207.38965 0.005298
12207.83984 0.005268
12208.29004 0.005238
12208.74023 0.005208
12209.17969 0.005178
12209.62988 0.005148
12210.08008 0.005119
12210.53027 0.005095
12210.98047 0.00507
12211.42969 0.005046
12211.87988 0.005021
12212.33008 0.004997
12212.78027 0.004972
12213.23047 0.004947
12213.67969 0.004923
12214.12988 0.004898
12214.58008 0.004874
12215.03027 0.004849
12215.48047 0.004826
12215.92969 0.004802
12216.37988 0.004778
12216.83008 0.004754
12217.28027 0.00473
12217.73047 0.004706
12218.17969 0.004683
12218.62988 0.004659
12219.08008 0.004635
12219.53027 0.004611
12219.98047 0.004587
12220.42969 0.004565
12220.87988 0.004543
12221.33008 0.004522
12221.78027 0.0045
12222.23047 0.004478
12222.67969 0.004456
12223.12988 0.004434
12223.58008 0.004412
12224.03027 0.00439
12224.48047 0.004369
12224.92969 0.004347
12225.37988 0.004324
12225.83008 0.0043
12226.29004 0.004277
12226.74023 0.004253
12227.19043 0.00423
12227.63965 0.004206
12228.08984 0.004183
12228.54004 0.004159
12228.99023 0.004136
12229.44043 0.004112
12229.88965 0.004089
12230.33984 0.004066
12230.79004 0.004042
12231.24023 0.004018
12231.69043 0.003995
12232.13965 0.003971
12232.58984 0.003948
12233.04004 0.003924
12233.49023 0.003901
12233.94043 0.003877
12234.38965 0.003854
12234.83984 0.00383
12235.29004 0.00381
12235.75000 0.003793
12236.20020 0.003775
12236.65039 0.003757
12237.09961 0.003739
12237.54980 0.003722
12238.00000 0.003704
12238.45020 0.003686
12238.90039 0.003668
12239.34961 0.003651
12239.79980 0.003633
12240.25000 0.003614
12240.70020 0.003595
12241.15039 0.003576
12241.61035 0.003557
12242.05957 0.003537
12242.50977 0.003518
12242.95996 0.003499
12243.41016 0.00348
12243.86035 0.00346
12244.30957 0.003441
12244.75977 0.003422
12245.20996 0.003404
12245.66016 0.003388
12246.12012 0.003372
12246.57031 0.003356
12247.01953 0.00334
12247.46973 0.003324
12247.91992 0.003308
12248.37012 0.003292
12248.82031 0.003275
12249.26953 0.003259
12249.71973 0.003243
12250.16992 0.003227
12250.62988 0.00321
12251.08008 0.003193
12251.53027 0.003177
12251.98047 0.00316
12252.42969 0.003143
12252.87988 0.003126
12253.33008 0.003109
12253.79004 0.003093
12254.24023 0.003076
12254.69043 0.003059
12255.13965 0.003043
12255.58984 0.003028
12256.04004 0.003014
12256.49023 0.002999
12256.94043 0.002985
12257.40039 0.00297
12257.84961 0.002956
12258.29980 0.002941
12258.75000 0.002927
12259.20020 0.002912
12259.65039 0.002898
12260.11035 0.002883
12260.55957 0.002867
12261.00977 0.002852
12261.45996 0.002837
12261.91016 0.002821
12262.36035 0.002806
12262.80957 0.00279
12263.26953 0.002775
12263.71973 0.002759
12264.16992 0.002744
12264.62012 0.002728
12265.07031 0.002713
12265.53027 0.0027
12265.98047 0.002687
12266.42969 0.002674
12266.87988 0.00266
12267.33008 0.002647
12267.78027 0.002634
12268.24023 0.002621
12268.69043 0.002608
12269.13965 0.002595
12269.58984 0.002581
12270.04004 0.002568
12270.50000 0.002556
12270.95020 0.002543
12271.40039 0.00253
12271.84961 0.002518
12272.29980 0.002505
12272.75977 0.002492
12273.20996 0.00248
12273.66016 0.002467
12274.11035 0.002454
12274.55957 0.002441
12275.01953 0.002429
12275.46973 0.002415
12275.91992 0.002402
12276.37012 0.002388
12276.82031 0.002374
12277.28027 0.002361
12277.73047 0.002347
12278.17969 0.002334
12278.62988 0.00232
12279.08984 0.002307
12279.54004 0.002293
12279.99023 0.002279
12280.44043 0.00227
12280.88965 0.002261
12281.34961 0.002252
12281.79980 0.002242
12282.25000 0.002233
12282.70020 0.002224
12283.16016 0.002215
12283.61035 0.002205
12284.05957 0.002196
12284.50977 0.002187
12284.96973 0.002178
12285.41992 0.002166
12285.87012 0.002154
12286.32031 0.002142
12286.78027 0.002131
12287.23047 0.002119
12287.67969 0.002107
12288.12988 0.002096
12288.58984 0.002084
12289.04004 0.002072
12289.49023 0.00206
12289.94043 0.002049
12290.40039 0.002038
12290.84961 0.002028
12291.29980 0.002018
12291.75000 0.002008
12292.20996 0.001998
12292.66016 0.001988
12293.11035 0.001978
12293.57031 0.001968
12294.01953 0.001958
12294.46973 0.001948
12294.91992 0.001938
12295.37988 0.001927
12295.83008 0.001916
12296.28027 0.001905
12296.74023 0.001894
12297.19043 0.001882
12297.63965 0.001871
12298.08984 0.00186
12298.54980 0.001849
12299.00000 0.001838
12299.45020 0.001827
12299.91016 0.001815
12300.36035 0.001806
12300.80957 0.001798
12301.26953 0.001789
12301.71973 0.001781
12302.16992 0.001773
12302.62988 0.001764
12303.08008 0.001756
12303.53027 0.001747
12303.99023 0.001739
12304.44043 0.00173
12304.88965 0.001722
12305.33984 0.001714
12305.79980 0.001707
12306.25000 0.0017
12306.70020 0.001693
12307.16016 0.001686
12307.61035 0.001679
12308.05957 0.001672
12308.51953 0.001665
12308.96973 0.001658
12309.41992 0.001651
12309.87988 0.001645
12310.33008 0.001637
12310.78027 0.001629
12311.24023 0.00162
12311.69043 0.001612
12312.13965 0.001604
12312.59961 0.001596
12313.04980 0.001588
12313.50977 0.00158
12313.95996 0.001572
12314.41016 0.001564
12314.87012 0.001555
12315.32031 0.001547
12315.76953 0.001539
12316.23047 0.001531
12316.67969 0.001523
12317.12988 0.001515
12317.58984 0.001507
12318.04004 0.001499
12318.50000 0.001491
12318.95020 0.001483
12319.40039 0.001476
12319.86035 0.001468
12320.30957 0.00146
12320.75977 0.001452
12321.21973 0.001445
12321.66992 0.001437
12322.12988 0.00143
12322.58008 0.001422
12323.03027 0.001415
12323.49023 0.001407
12323.94043 0.0014
12324.38965 0.001392
12324.84961 0.001385
12325.29980 0.001378
12325.75977 0.001371
12326.20996 0.001365
12326.66992 0.001358
12327.12012 0.001352
12327.57031 0.001345
12328.03027 0.001339
12328.48047 0.001332
12328.94043 0.001326
12329.38965 0.001319
12329.83984 0.001313
12330.29980 0.001307
12330.75000 0.001301
12331.20996 0.001295
12331.66016 0.001289
12332.11035 0.001283
12332.57031 0.001277
12333.01953 0.001271
12333.48047 0.001265
12333.92969 0.001259
12334.38965 0.001253
12334.83984 0.001247
12335.29004 0.001241
12335.75000 0.001235
12336.20020 0.001229
12336.66016 0.001223
12337.11035 0.001217
12337.57031 0.001212
12338.01953 0.001206
12338.46973 0.0012
12338.92969 0.001194
12339.37988 0.001188
12339.83984 0.001182
12340.29004 0.001176
12340.75000 0.001171
12341.20020 0.001166
12341.66016 0.001161
12342.11035 0.001156
12342.57031 0.001151
12343.01953 0.001146
12343.46973 0.001141
12343.92969 0.001136
12344.37988 0.001131
12344.83984 0.001126
12345.29004 0.001121
12345.75000 0.001115
12346.20020 0.001109
12346.66016 0.001104
12347.11035 0.001098
12347.57031 0.001092
12348.01953 0.001086
12348.48047 0.00108
12348.92969 0.001075
12349.38965 0.001069
12349.83984 0.001063
12350.29980 0.001058
12350.75000 0.001054
12351.20996 0.00105
12351.66016 0.001045
12352.12012 0.001041
12352.57031 0.001036
12353.03027 0.001032
12353.48047 0.001028
12353.94043 0.001023
12354.38965 0.001019
12354.84961 0.001015
12355.29980 0.00101
12355.75977 0.001005
12356.20996 0.000999
12356.66992 0.000994
12357.12012 0.000989
12357.58008 0.000984
12358.03027 0.000979
12358.49023 0.000974
12358.94043 0.000968
12359.40039 0.000963
12359.84961 0.000958
12360.30957 0.000953
12360.75977 0.000947
12361.21973 0.000942
12361.66992 0.000937
12362.12988 0.000931
12362.58008 0.000926
12363.04004 0.000921
12363.50000 0.000916
12363.95020 0.00091
12364.41016 0.000905
12364.86035 0.0009
12365.32031 0.000895
12365.76953 0.000891
12366.23047 0.000887
12366.67969 0.000883
12367.13965 0.000879
12367.58984 0.000874
12368.04980 0.00087
12368.50000 0.000866
12368.95996 0.000862
12369.41992 0.000858
12369.87012 0.000854
12370.33008 0.00085
12370.78027 0.000846
12371.24023 0.000842
12371.69043 0.000839
12372.15039 0.000835
12372.61035 0.000831
