threeML/data/optical_filters/HST/NICMOS1-F170M.ecsv
# %ECSV 0.9
# ---
# datatype:
# - {name: wavelength, unit: Angstrom, datatype: float32}
# - {name: response, datatype: float32}
# meta: !!omap
# - {band_name: F170M}
# - {group_name: NICMOS1}
wavelength response
[from data line 3831]
17142.75977 0.211166
17143.16992 0.211166
17143.57031 0.211165
17143.98047 0.211165
17144.38086 0.211165
17144.78906 0.211164
17145.19922 0.211162
17145.59961 0.211158
17146.00977 0.211153
17146.41016 0.211149
17146.82031 0.211145
17147.22070 0.211141
17147.63086 0.211137
17148.02930 0.211133
17148.43945 0.211128
17148.83984 0.211124
17149.25000 0.21112
17149.65039 0.211116
17150.06055 0.211112
17150.46094 0.211113
17150.86914 0.211113
17151.27930 0.211114
17151.67969 0.211114
17152.08984 0.211115
17152.49023 0.211115
17152.90039 0.211116
17153.30078 0.211117
17153.71094 0.211117
17154.10938 0.211118
17154.51953 0.211118
17154.92969 0.211119
17155.33008 0.211123
17155.74023 0.211128
17156.14062 0.211133
17156.55078 0.211138
17156.94922 0.211143
17157.35938 0.211148
17157.75977 0.211153
17158.16992 0.211158
17158.58008 0.211163
17158.98047 0.211168
17159.39062 0.211173
17159.78906 0.211178
17160.19922 0.211177
17160.59961 0.211168
17161.00977 0.21116
17161.41992 0.211151
17161.82031 0.211143
17162.23047 0.211134
17162.63086 0.211125
17163.03906 0.211117
17163.43945 0.211108
17163.84961 0.2111
17164.25977 0.211091
17164.66016 0.211083
17165.07031 0.211074
17165.47070 0.211069
17165.88086 0.211064
17166.28906 0.211059
17166.68945 0.211054
17167.09961 0.211049
17167.50000 0.211043
17167.91016 0.211038
17168.31055 0.211033
17168.72070 0.211028
17169.13086 0.211023
17169.52930 0.211018
17169.93945 0.211012
17170.33984 0.211006
17170.75000 0.210999
17171.16016 0.210991
17171.56055 0.210984
17171.97070 0.210977
17172.36914 0.21097
17172.77930 0.210963
17173.18945 0.210956
17173.58984 0.210949
17174.00000 0.210942
17174.40039 0.210935
17174.81055 0.210928
17175.21094 0.210922
17175.61914 0.210916
17176.02930 0.21091
17176.42969 0.210904
17176.83984 0.210899
17177.25000 0.210893
17177.65039 0.210887
17178.06055 0.210881
17178.46094 0.210875
17178.86914 0.21087
17179.27930 0.210864
17179.67969 0.210858
17180.08984 0.210852
17180.49023 0.210844
17180.90039 0.210837
17181.31055 0.210829
17181.71094 0.210822
17182.11914 0.210814
17182.52930 0.210806
17182.92969 0.210799
17183.33984 0.210791
17183.74023 0.210784
17184.15039 0.210776
17184.56055 0.210768
17184.96094 0.210761
17185.36914 0.210752
17185.77930 0.210744
17186.17969 0.210735
17186.58984 0.210726
17186.99023 0.210718
17187.40039 0.210709
17187.81055 0.210701
17188.21094 0.210692
17188.61914 0.210684
17189.02930 0.210675
17189.42969 0.210666
17189.83984 0.210658
17190.25000 0.210645
17190.65039 0.210629
17191.06055 0.210613
17191.46094 0.210597
17191.86914 0.210581
17192.27930 0.210565
17192.67969 0.210549
17193.08984 0.210533
17193.50000 0.210517
17193.90039 0.210501
17194.31055 0.210485
17194.72070 0.210469
17195.11914 0.210455
17195.52930 0.210444
17195.93945 0.210434
17196.33984 0.210423
17196.75000 0.210413
17197.16016 0.210403
17197.56055 0.210392
17197.97070 0.210382
17198.38086 0.210371
17198.77930 0.210361
17199.18945 0.210351
17199.59961 0.21034
17200.00000 0.21033
17200.41016 0.210333
17200.81055 0.210336
17201.22070 0.210339
17201.63086 0.210342
17202.03906 0.210345
17202.43945 0.210349
17202.84961 0.210352
17203.25977 0.210355
17203.66016 0.210358
17204.07031 0.210361
17204.47070 0.210364
17204.88086 0.210367
17205.28906 0.210355
17205.69922 0.210336
17206.09961 0.210316
17206.50977 0.210297
17206.91992 0.210278
17207.32031 0.210259
17207.73047 0.21024
17208.14062 0.210221
17208.53906 0.210201
17208.94922 0.210182
17209.35938 0.210163
17209.75977 0.210144
17210.16992 0.210128
17210.58008 0.210116
17210.98047 0.210104
17211.39062 0.210092
17211.80078 0.21008
17212.21094 0.210068
17212.60938 0.210056
17213.01953 0.210044
17213.42969 0.210032
17213.83008 0.21002
17214.24023 0.210008
17214.65039 0.209996
17215.05078 0.209984
17215.46094 0.209974
17215.86914 0.209965
17216.27930 0.209955
17216.67969 0.209946
17217.08984 0.209937
17217.50000 0.209927
17217.90039 0.209918
17218.31055 0.209908
17218.72070 0.209899
17219.11914 0.209889
17219.52930 0.20988
17219.93945 0.20987
17220.34961 0.209856
17220.75000 0.209841
17221.16016 0.209827
17221.57031 0.209812
17221.97070 0.209797
17222.38086 0.209782
17222.78906 0.209767
17223.19922 0.209753
17223.59961 0.209738
17224.00977 0.209723
17224.41992 0.209708
17224.82031 0.209693
17225.23047 0.209679
17225.64062 0.209666
17226.05078 0.209652
17226.44922 0.209639
17226.85938 0.209626
17227.26953 0.209612
17227.67969 0.209599
17228.08008 0.209586
17228.49023 0.209572
17228.90039 0.209559
17229.30078 0.209545
17229.71094 0.209532
17230.11914 0.209518
17230.52930 0.209505
17230.92969 0.209491
17231.33984 0.209477
17231.75000 0.209462
17232.16016 0.209449
17232.56055 0.209435
17232.97070 0.209421
17233.38086 0.209407
17233.78906 0.209393
17234.18945 0.209379
17234.59961 0.209365
17235.00977 0.209351
17235.41992 0.209337
17235.82031 0.209324
17236.23047 0.20931
17236.64062 0.209297
17237.03906 0.209283
17237.44922 0.209269
17237.85938 0.209256
17238.26953 0.209243
17238.67969 0.209229
17239.08008 0.209215
17239.49023 0.209202
17239.90039 0.209188
17240.30078 0.209176
17240.71094 0.209165
17241.11914 0.209154
17241.52930 0.209142
17241.93945 0.209131
17242.33984 0.209119
17242.75000 0.209108
17243.16016 0.209097
17243.57031 0.209085
17243.97070 0.209074
17244.38086 0.209063
17244.78906 0.209051
17245.19922 0.209037
17245.60938 0.209021
17246.00977 0.209005
17246.41992 0.208988
17246.83008 0.208972
17247.24023 0.208956
17247.64062 0.20894
17248.05078 0.208923
17248.46094 0.208907
17248.86914 0.208891
17249.27930 0.208874
17249.67969 0.208858
17250.08984 0.208842
17250.50000 0.208828
17250.91016 0.208814
17251.31055 0.208799
17251.72070 0.208785
17252.13086 0.208771
17252.53906 0.208757
17252.94922 0.208742
17253.34961 0.208728
17253.75977 0.208714
17254.16992 0.2087
17254.58008 0.208686
17254.98047 0.208671
17255.39062 0.208652
17255.80078 0.208633
17256.21094 0.208614
17256.61914 0.208595
17257.02930 0.208576
17257.42969 0.208557
17257.83984 0.208537
17258.25000 0.208518
17258.66016 0.208499
17259.06055 0.20848
17259.47070 0.20846
17259.88086 0.208441
17260.28906 0.208426
17260.69922 0.208413
17261.10938 0.2084
17261.50977 0.208387
17261.91992 0.208374
17262.33008 0.208361
17262.74023 0.208348
17263.14062 0.208335
17263.55078 0.208322
17263.96094 0.208309
17264.36914 0.208296
17264.77930 0.208283
17265.18945 0.20827
17265.58984 0.208257
17266.00000 0.208243
17266.41016 0.20823
17266.82031 0.208217
17267.23047 0.208204
17267.63086 0.208191
17268.03906 0.208177
17268.44922 0.208164
17268.85938 0.208151
17269.26953 0.208138
17269.67969 0.208125
17270.08008 0.208112
17270.49023 0.208099
17270.90039 0.208086
17271.31055 0.208073
17271.72070 0.20806
17272.13086 0.208047
17272.53906 0.208034
17272.93945 0.208021
17273.34961 0.208008
17273.75977 0.207996
17274.16992 0.207983
17274.58008 0.20797
17274.98047 0.207957
17275.39062 0.207936
17275.80078 0.207915
17276.21094 0.207893
17276.61914 0.207872
17277.02930 0.20785
17277.43945 0.207829
17277.83984 0.207808
17278.25000 0.207786
17278.66016 0.207765
17279.07031 0.207744
17279.48047 0.207722
17279.89062 0.207701
17280.28906 0.207685
17280.69922 0.20767
17281.10938 0.207656
17281.51953 0.207642
17281.92969 0.207627
17282.33984 0.207613
17282.75000 0.207599
17283.15039 0.207585
17283.56055 0.20757
17283.97070 0.207556
17284.38086 0.207541
17284.78906 0.207527
17285.19922 0.207513
17285.60938 0.2075
17286.01953 0.207487
17286.41992 0.207474
17286.83008 0.20746
17287.24023 0.207447
17287.65039 0.207434
17288.06055 0.207421
17288.47070 0.207407
17288.88086 0.207394
17289.28906 0.207381
17289.68945 0.207368
17290.09961 0.207356
17290.50977 0.207348
17290.91992 0.207339
17291.33008 0.207331
17291.74023 0.207323
17292.15039 0.207315
17292.55078 0.207307
17292.96094 0.207298
17293.36914 0.20729
17293.77930 0.207282
17294.18945 0.207274
17294.59961 0.207266
17295.00977 0.207257
17295.41992 0.207236
17295.83008 0.207215
17296.23047 0.207194
17296.64062 0.207172
17297.05078 0.207151
17297.46094 0.20713
17297.86914 0.207109
17298.27930 0.207088
17298.68945 0.207066
17299.09961 0.207045
17299.50977 0.207024
17299.91992 0.207002
17300.32031 0.206992
17300.73047 0.206984
17301.14062 0.206977
17301.55078 0.20697
17301.96094 0.206962
17302.36914 0.206954
17302.77930 0.206947
17303.18945 0.206939
17303.59961 0.206932
17304.00977 0.206924
17304.41016 0.206917
17304.82031 0.206909
17305.23047 0.206895
17305.64062 0.206875
17306.05078 0.206855
17306.46094 0.206836
17306.86914 0.206816
17307.27930 0.206796
17307.68945 0.206776
17308.09961 0.206756
17308.50977 0.206737
17308.91992 0.206717
17309.32031 0.206697
17309.73047 0.206677
17310.14062 0.206661
17310.55078 0.206653
17310.96094 0.206644
17311.36914 0.206635
17311.77930 0.206626
17312.18945 0.206618
17312.59961 0.206609
17313.00977 0.2066
17313.41992 0.206591
17313.83008 0.206583
17314.24023 0.206574
17314.64062 0.206565
17315.05078 0.206556
17315.46094 0.206543
17315.86914 0.206531
17316.27930 0.206518
17316.68945 0.206506
17317.09961 0.206493
17317.50977 0.206481
17317.91992 0.206468
17318.33008 0.206456
17318.74023 0.206443
17319.15039 0.206431
17319.56055 0.206418
17319.97070 0.206405
17320.38086 0.206386
17320.78906 0.206367
17321.19922 0.206347
17321.60938 0.206328
17322.01953 0.206308
17322.41992 0.206288
17322.83008 0.206269
17323.24023 0.206249
17323.65039 0.20623
17324.06055 0.20621
17324.47070 0.20619
17324.88086 0.206171
17325.28906 0.20616
17325.69922 0.206152
17326.10938 0.206145
17326.51953 0.206137
17326.92969 0.20613
17327.33984 0.206122
17327.75000 0.206115
17328.16016 0.206108
17328.57031 0.2061
17328.98047 0.206093
17329.39062 0.206085
17329.80078 0.206078
17330.21094 0.206071
17330.61914 0.206065
17331.02930 0.20606
17331.43945 0.206054
17331.84961 0.206048
17332.25977 0.206042
17332.66992 0.206037
17333.08008 0.206031
17333.48047 0.206025
17333.89062 0.20602
17334.30078 0.206014
17334.71094 0.206008
17335.11914 0.206003
17335.53906 0.205997
17335.93945 0.205991
17336.34961 0.205986
17336.75977 0.205981
17337.16992 0.205975
17337.58008 0.205969
17337.99023 0.205964
17338.40039 0.205958
17338.81055 0.205953
17339.22070 0.205948
17339.63086 0.205942
17340.03906 0.205936
17340.44922 0.205924
17340.85938 0.205912
17341.26953 0.2059
17341.67969 0.205888
17342.08984 0.205876
17342.50000 0.205865
17342.91016 0.205853
17343.32031 0.205841
17343.73047 0.205829
17344.14062 0.205817
17344.55078 0.205805
17344.96094 0.205794
17345.36914 0.205785
17345.77930 0.205777
17346.18945 0.205769
17346.59961 0.205762
17347.00977 0.205754
17347.41992 0.205746
17347.83008 0.205738
17348.24023 0.20573
17348.65039 0.205722
17349.06055 0.205714
17349.47070 0.205706
17349.88086 0.205698
17350.28906 0.205693
17350.71094 0.205688
17351.11914 0.205683
17351.52930 0.205679
17351.93945 0.205674
17352.34961 0.20567
17352.75977 0.205665
17353.16992 0.20566
17353.58008 0.205656
17353.99023 0.205651
17354.40039 0.205647
17354.81055 0.205642
17355.22070 0.205638
17355.63086 0.205633
17356.03906 0.205629
17356.44922 0.205625
17356.85938 0.205621
17357.26953 0.205617
17357.67969 0.205613
17358.08984 0.205609
17358.50000 0.205605
17358.91016 0.205601
17359.32031 0.205597
17359.73047 0.205593
17360.14062 0.20559
17360.55078 0.20559
17360.96094 0.20559
17361.36914 0.20559
17361.77930 0.20559
17362.18945 0.20559
17362.60938 0.20559
17363.01953 0.20559
17363.42969 0.20559
17363.83984 0.205591
17364.25000 0.205591
17364.66016 0.205591
17365.07031 0.205592
17365.48047 0.205599
17365.89062 0.205607
17366.30078 0.205614
17366.71094 0.205622
17367.11914 0.205629
17367.52930 0.205637
17367.93945 0.205644
17368.34961 0.205652
17368.75977 0.205659
17369.16992 0.205667
17369.58008 0.205674
17369.99023 0.205682
17370.41016 0.205683
17370.82031 0.205683
17371.23047 0.205684
17371.64062 0.205685
17372.05078 0.205685
17372.46094 0.205686
17372.86914 0.205687
17373.27930 0.205687
17373.68945 0.205688
17374.09961 0.205689
17374.50977 0.205689
17374.91992 0.20569
17375.33008 0.20569
17375.74023 0.205691
17376.16016 0.205691
17376.57031 0.205692
17376.98047 0.205692
17377.39062 0.205693
17377.80078 0.205693
17378.21094 0.205694
17378.61914 0.205694
17379.02930 0.205695
17379.43945 0.205695
17379.84961 0.205695
17380.25977 0.205698
17380.67969 0.205702
17381.08984 0.205706
17381.50000 0.20571
17381.91016 0.205713
17382.32031 0.205717
17382.73047 0.205721
17383.14062 0.205725
17383.55078 0.205729
17383.96094 0.205733
17384.36914 0.205737
17384.78906 0.205741
17385.19922 0.205746
17385.60938 0.205754
17386.01953 0.205761
17386.42969 0.205769
17386.83984 0.205776
17387.25000 0.205784
17387.66016 0.205791
17388.07031 0.205798
17388.48047 0.205806
17388.89062 0.205813
17389.31055 0.205821
17389.72070 0.205828
17390.13086 0.205836
17390.53906 0.205845
17390.94922 0.205854
17391.35938 0.205862
17391.76953 0.205871
17392.17969 0.205879
17392.59961 0.205888
17393.00977 0.205897
17393.41992 0.205906
17393.83008 0.205914
17394.24023 0.205923
17394.65039 0.205932
17395.06055 0.20594
17395.47070 0.205946
17395.88086 0.205953
17396.30078 0.205959
17396.71094 0.205965
17397.11914 0.205972
17397.52930 0.205978
17397.93945 0.205984
17398.34961 0.205991
17398.75977 0.205997
17399.17969 0.206004
17399.58984 0.20601
17400.00000 0.206016
17400.41016 0.20603
17400.82031 0.206043
17401.23047 0.206057
17401.64062 0.206071
17402.05078 0.206084
17402.47070 0.206098
17402.88086 0.206112
17403.28906 0.206125
17403.69922 0.206139
17404.10938 0.206152
17404.51953 0.206166
17404.93945 0.20618
17405.34961 0.206197
17405.75977 0.206214
17406.16992 0.206231
17406.58008 0.206249
17406.99023 0.206266
17407.40039 0.206284
17407.82031 0.206301
17408.23047 0.206318
17408.64062 0.206336
17409.05078 0.206353
17409.46094 0.206371
17409.86914 0.206388
17410.28906 0.206409
17410.69922 0.206431
17411.10938 0.206453
17411.51953 0.206475
17411.92969 0.206498
17412.33984 0.20652
17412.75000 0.206542
17413.16992 0.206564
17413.58008 0.206587
17413.99023 0.206609
17414.40039 0.206631
17414.81055 0.206653
17415.22070 0.206673
17415.64062 0.206689
17416.05078 0.206706
17416.46094 0.206722
17416.86914 0.206739
17417.27930 0.206755
17417.69922 0.206772
17418.10938 0.206788
17418.51953 0.206805
17418.92969 0.206821
17419.33984 0.206838
17419.75000 0.206854
17420.16992 0.206873
17420.58008 0.206893
17420.99023 0.206913
17421.40039 0.206933
17421.81055 0.206953
17422.22070 0.206973
17422.64062 0.206993
17423.05078 0.207013
17423.46094 0.207033
17423.86914 0.207054
17424.28906 0.207074
17424.69922 0.207094
17425.10938 0.207114
17425.51953 0.207134
17425.92969 0.207155
17426.34961 0.207175
17426.75977 0.207195
17427.16992 0.207215
17427.58008 0.207236
17427.99023 0.207256
17428.40039 0.207276
17428.82031 0.207297
17429.23047 0.207317
17429.64062 0.207337
17430.05078 0.207358
17430.46094 0.20738
17430.88086 0.207402
17431.28906 0.207425
17431.69922 0.207447
17432.10938 0.20747
17432.52930 0.207492
17432.93945 0.207514
17433.34961 0.207537
17433.75977 0.207559
17434.16992 0.207581
17434.58984 0.207604
17435.00000 0.207626
17435.41016 0.207651
17435.82031 0.207677
17436.23047 0.207702
17436.65039 0.207727
17437.06055 0.207752
17437.47070 0.207777
17437.88086 0.207803
17438.30078 0.207828
17438.71094 0.207853
17439.11914 0.207878
17439.52930 0.207903
17439.94922 0.207928
17440.35938 0.207957
17440.76953 0.207985
17441.17969 0.208014
17441.59961 0.208042
17442.00977 0.208071
17442.41992 0.2081
17442.83008 0.208128
17443.24023 0.208157
17443.66016 0.208185
17444.07031 0.208214
17444.48047 0.208243
17444.89062 0.208271
17445.31055 0.208302
17445.72070 0.208332
17446.13086 0.208363
17446.53906 0.208394
17446.96094 0.208425
17447.36914 0.208456
17447.77930 0.208487
17448.18945 0.208517
17448.60938 0.208548
17449.01953 0.208579
17449.42969 0.20861
17449.83984 0.208641
17450.25977 0.208673
17450.66992 0.208705
17451.08008 0.208738
17451.49023 0.208771
17451.91016 0.208803
17452.32031 0.208836
17452.73047 0.208869
17453.14062 0.208901
17453.56055 0.208934
17453.97070 0.208966
17454.38086 0.208999
17454.78906 0.209032
