threeML/data/optical_filters/HST/NICMOS2-F204M.ecsv
# %ECSV 0.9
# ---
# datatype:
# - {name: wavelength, unit: Angstrom, datatype: float32}
# - {name: response, datatype: float32}
# meta: !!omap
# - {band_name: F204M}
# - {group_name: NICMOS2}
wavelength response
[from data line 5360]
20911.63086 0.078613
20911.92969 0.078492
20912.24023 0.078166
20912.55078 0.077782
20912.84961 0.077398
20913.16016 0.077014
20913.47070 0.07663
20913.76953 0.076246
20914.08008 0.075922
20914.39062 0.075767
20914.69922 0.075613
20915.00000 0.075459
20915.31055 0.075305
20915.61914 0.075152
20915.91992 0.074998
20916.23047 0.074793
20916.53906 0.074571
20916.83984 0.07435
20917.15039 0.074127
20917.46094 0.073905
20917.75977 0.073683
20918.07031 0.073484
20918.38086 0.073365
20918.67969 0.073245
20918.99023 0.073125
20919.30078 0.073005
20919.60938 0.072885
20919.91016 0.072765
20920.22070 0.072454
20920.52930 0.072067
20920.83008 0.07168
20921.14062 0.07129
20921.44922 0.070903
20921.75000 0.070515
20922.06055 0.070176
20922.36914 0.070034
20922.66992 0.069891
20922.98047 0.069748
20923.28906 0.069606
20923.59961 0.069463
20923.90039 0.069321
20924.21094 0.069182
20924.51953 0.069043
20924.82031 0.068906
20925.13086 0.068769
20925.43945 0.068631
20925.74023 0.068494
20926.05078 0.068314
20926.35938 0.067917
20926.66992 0.067522
20926.97070 0.067127
20927.27930 0.066732
20927.58984 0.066335
20927.89062 0.06594
20928.19922 0.065892
20928.50977 0.066026
20928.81055 0.066161
20929.11914 0.066296
20929.42969 0.06643
20929.74023 0.066565
20930.03906 0.066629
20930.34961 0.066259
20930.66016 0.065892
20930.96094 0.065525
20931.26953 0.065158
20931.58008 0.06479
20931.89062 0.064421
20932.18945 0.064158
20932.50000 0.063955
20932.81055 0.063753
20933.11914 0.063549
20933.41992 0.063347
20933.73047 0.063145
20934.03906 0.062949
20934.33984 0.0628
20934.65039 0.062652
20934.96094 0.062504
20935.26953 0.062355
20935.57031 0.062207
20935.88086 0.062059
20936.18945 0.061798
20936.49023 0.061461
20936.80078 0.061125
20937.10938 0.06079
20937.41016 0.060455
20937.72070 0.060118
20938.02930 0.059796
20938.33984 0.059597
20938.64062 0.059397
20938.94922 0.059199
20939.25977 0.059
20939.57031 0.0588
20939.86914 0.058602
20940.17969 0.058564
20940.49023 0.058641
20940.78906 0.058717
20941.09961 0.058793
20941.41016 0.05887
20941.72070 0.058946
20942.01953 0.058993
20942.33008 0.058675
20942.64062 0.058356
20942.94922 0.058039
20943.25000 0.057721
20943.56055 0.057402
20943.86914 0.057084
20944.16992 0.056897
20944.48047 0.056809
20944.78906 0.056721
20945.09961 0.056633
20945.40039 0.056545
20945.71094 0.056457
20946.01953 0.056363
20946.33008 0.056173
20946.63086 0.055984
20946.93945 0.055795
20947.25000 0.055604
20947.55078 0.055415
20947.85938 0.055225
20948.16992 0.055092
20948.48047 0.055006
20948.78906 0.054919
20949.08984 0.054832
20949.40039 0.054745
20949.71094 0.054658
20950.00977 0.054561
20950.32031 0.054239
20950.63086 0.05392
20950.93945 0.053601
20951.24023 0.053279
20951.55078 0.05296
20951.85938 0.05264
20952.16992 0.052517
20952.47070 0.052564
20952.77930 0.052611
20953.08984 0.052658
20953.39062 0.052705
20953.69922 0.052752
20954.00977 0.052781
20954.32031 0.052254
20954.61914 0.051731
20954.92969 0.051204
20955.24023 0.05068
20955.55078 0.050157
20955.85938 0.04963
20956.16016 0.049456
20956.47070 0.049595
20956.77930 0.049733
20957.08984 0.049873
20957.39062 0.050011
20957.69922 0.05015
20958.00977 0.050284
20958.31055 0.050211
20958.61914 0.050139
20958.92969 0.050066
20959.24023 0.049994
20959.53906 0.049922
20959.84961 0.049849
20960.16016 0.049691
20960.47070 0.049456
20960.77930 0.049219
20961.08008 0.048983
20961.39062 0.048746
20961.69922 0.048511
20962.00977 0.048275
20962.31055 0.048111
20962.61914 0.047946
20962.92969 0.047781
20963.24023 0.047616
20963.53906 0.047452
20963.84961 0.047286
20964.16016 0.047092
20964.47070 0.046869
20964.76953 0.046648
20965.08008 0.046425
20965.39062 0.046203
20965.69922 0.04598
20966.00000 0.045761
20966.31055 0.045728
20966.61914 0.045696
20966.92969 0.045663
20967.23047 0.04563
20967.53906 0.045598
20967.84961 0.045565
20968.16016 0.04547
20968.46094 0.045317
20968.76953 0.045164
20969.08008 0.045011
20969.39062 0.044857
20969.69922 0.044704
20970.00000 0.044549
20970.31055 0.044243
20970.61914 0.043936
20970.92969 0.04363
20971.23047 0.043323
20971.53906 0.043017
20971.84961 0.042709
20972.16016 0.042564
20972.46094 0.042574
20972.76953 0.042584
20973.08008 0.042594
20973.39062 0.042604
20973.69922 0.042613
20974.00000 0.042625
20974.31055 0.042759
20974.61914 0.042893
20974.92969 0.043028
20975.23047 0.043162
20975.53906 0.043297
20975.84961 0.043431
20976.16016 0.043382
20976.46094 0.043162
20976.76953 0.04294
20977.08008 0.042718
20977.39062 0.042497
20977.69922 0.042275
20978.00000 0.042054
20978.31055 0.041822
20978.61914 0.04159
20978.92969 0.04136
20979.24023 0.041128
20979.53906 0.040898
20979.84961 0.040666
20980.16016 0.040511
20980.47070 0.040429
20980.77930 0.040347
20981.08008 0.040264
20981.39062 0.040182
20981.69922 0.040099
20982.00977 0.040015
20982.31055 0.039824
20982.61914 0.039634
20982.92969 0.039444
20983.24023 0.039254
20983.53906 0.039064
20983.84961 0.038873
20984.16016 0.038706
20984.47070 0.038561
20984.77930 0.038415
20985.08984 0.038269
20985.39062 0.038123
20985.69922 0.037977
20986.00977 0.037831
20986.32031 0.037705
20986.61914 0.037577
20986.92969 0.03745
20987.24023 0.037322
20987.55078 0.037195
20987.85938 0.037068
20988.16016 0.036929
20988.47070 0.03678
20988.77930 0.036631
20989.08984 0.036482
20989.40039 0.036333
20989.71094 0.036184
20990.00977 0.036026
20990.32031 0.035607
20990.63086 0.035188
20990.93945 0.034771
20991.24023 0.034352
20991.55078 0.033933
20991.85938 0.033517
20992.16992 0.033543
20992.48047 0.033942
20992.77930 0.034339
20993.08984 0.034739
20993.40039 0.035138
20993.71094 0.035538
20994.01953 0.035922
20994.32031 0.036063
20994.63086 0.036205
20994.93945 0.036345
20995.25000 0.036487
20995.56055 0.036629
20995.86914 0.03677
20996.16992 0.036597
20996.48047 0.036174
20996.78906 0.035752
20997.09961 0.035332
20997.40039 0.034909
20997.71094 0.034486
20998.01953 0.034085
20998.33008 0.033963
20998.64062 0.03384
20998.94922 0.033717
20999.25000 0.033594
20999.56055 0.033472
20999.86914 0.033349
21000.17969 0.033245
21000.49023 0.033155
21000.78906 0.033065
21001.09961 0.032975
21001.41016 0.032885
21001.72070 0.032794
21002.02930 0.032706
21002.33008 0.032642
21002.64062 0.032577
21002.94922 0.032512
21003.25977 0.032448
21003.57031 0.032383
21003.86914 0.032319
21004.17969 0.032261
21004.49023 0.032207
21004.80078 0.032154
21005.10938 0.032101
21005.41992 0.032047
21005.72070 0.031994
21006.02930 0.031929
21006.33984 0.031766
21006.65039 0.031604
21006.96094 0.031441
21007.26953 0.031278
21007.57031 0.031115
21007.88086 0.030952
21008.18945 0.03078
21008.50000 0.030602
21008.81055 0.030423
21009.11914 0.030245
21009.41992 0.030066
21009.73047 0.029887
21010.03906 0.029745
21010.34961 0.029845
21010.66016 0.029946
21010.96094 0.030047
21011.26953 0.030147
21011.58008 0.030248
21011.89062 0.030347
21012.19922 0.030308
21012.50977 0.03019
21012.81055 0.030071
21013.11914 0.029953
21013.42969 0.029835
21013.74023 0.029716
21014.05078 0.029605
21014.35938 0.029529
21014.66016 0.029454
21014.97070 0.029378
21015.27930 0.029302
21015.58984 0.029226
21015.90039 0.02915
21016.21094 0.029003
21016.50977 0.02882
21016.82031 0.028636
21017.13086 0.028453
21017.43945 0.028269
21017.75000 0.028086
21018.06055 0.02793
21018.36914 0.027896
21018.66992 0.027862
21018.98047 0.027828
21019.28906 0.027794
21019.59961 0.02776
21019.91016 0.027726
21020.21094 0.027717
21020.51953 0.027719
21020.83008 0.027721
21021.14062 0.027723
21021.44922 0.027724
21021.75977 0.027726
21022.07031 0.027658
21022.36914 0.027337
21022.67969 0.027014
21022.99023 0.026691
21023.30078 0.026368
21023.60938 0.026045
21023.91992 0.025722
21024.22070 0.025641
21024.52930 0.025652
21024.83984 0.025662
21025.15039 0.025672
21025.46094 0.025682
21025.76953 0.025693
21026.08008 0.025694
21026.38086 0.025669
21026.68945 0.025644
21027.00000 0.02562
21027.31055 0.025595
21027.61914 0.02557
21027.92969 0.025545
21028.23047 0.02559
21028.53906 0.025657
21028.84961 0.025724
21029.16016 0.025791
21029.47070 0.025858
21029.77930 0.025925
21030.08984 0.025855
21030.39062 0.02543
21030.69922 0.025005
21031.00977 0.024579
21031.32031 0.024154
21031.63086 0.023729
21031.93945 0.023304
21032.25000 0.02332
21032.55078 0.023449
21032.85938 0.023578
21033.16992 0.023706
21033.48047 0.023835
21033.78906 0.023964
21034.09961 0.024037
21034.41016 0.023989
21034.71094 0.023942
21035.01953 0.023895
21035.33008 0.023848
21035.64062 0.0238
21035.94922 0.023753
21036.25977 0.023714
21036.57031 0.023676
21036.88086 0.023637
21037.18945 0.023599
21037.49023 0.023561
21037.80078 0.023523
21038.10938 0.023395
21038.41992 0.023106
21038.73047 0.022817
21039.03906 0.022529
21039.34961 0.02224
21039.65039 0.021951
21039.96094 0.021663
21040.26953 0.021879
21040.58008 0.022164
21040.89062 0.022449
21041.19922 0.022734
21041.50977 0.023019
21041.81055 0.023304
21042.11914 0.023436
21042.42969 0.023336
21042.74023 0.023235
21043.05078 0.023135
21043.35938 0.023035
21043.66992 0.022934
21043.98047 0.022834
21044.28906 0.022826
21044.58984 0.022826
21044.90039 0.022826
21045.21094 0.022825
21045.51953 0.022825
21045.83008 0.022824
21046.14062 0.022784
21046.44922 0.022693
21046.75977 0.022603
21047.06055 0.022513
21047.36914 0.022422
21047.67969 0.022332
21047.99023 0.022242
21048.30078 0.022103
21048.60938 0.021962
21048.91992 0.021821
21049.23047 0.02168
21049.53906 0.02154
21049.83984 0.021399
21050.15039 0.021235
21050.46094 0.021046
21050.76953 0.020857
21051.08008 0.020668
21051.39062 0.020478
21051.69922 0.020289
21052.00977 0.020102
21052.31055 0.020009
21052.61914 0.019916
21052.92969 0.019823
21053.24023 0.019729
21053.55078 0.019636
21053.85938 0.019543
21054.16992 0.019599
21054.48047 0.019781
21054.78906 0.019962
21055.08984 0.020144
21055.40039 0.020326
21055.71094 0.020508
21056.01953 0.020655
21056.33008 0.020351
21056.64062 0.020047
21056.94922 0.019741
21057.25977 0.019438
21057.57031 0.019134
21057.86914 0.01883
21058.17969 0.018605
21058.49023 0.018433
21058.80078 0.018262
21059.10938 0.018091
21059.41992 0.01792
21059.73047 0.01775
21060.03906 0.017623
21060.34961 0.017812
21060.66016 0.018001
21060.96094 0.018189
21061.26953 0.018378
21061.58008 0.018568
21061.89062 0.018757
21062.19922 0.018801
21062.50977 0.018767
21062.82031 0.018733
21063.13086 0.018699
21063.43945 0.018665
21063.75000 0.018632
21064.05078 0.018589
21064.36914 0.018505
21064.66992 0.018422
21064.98047 0.018338
21065.28906 0.018255
21065.59961 0.018171
21065.91016 0.018087
21066.22070 0.018111
21066.52930 0.018178
21066.83984 0.018245
21067.15039 0.018312
21067.46094 0.018379
21067.75977 0.018447
21068.07031 0.018437
21068.38086 0.018184
21068.68945 0.017932
21069.00000 0.017679
21069.31055 0.017425
21069.61914 0.017172
21069.92969 0.016919
21070.24023 0.01711
21070.55078 0.017434
21070.85938 0.017759
21071.16016 0.018083
21071.47070 0.018409
21071.77930 0.018733
21072.08984 0.01882
21072.40039 0.018344
21072.71094 0.01787
21073.01953 0.017397
21073.33008 0.01692
21073.64062 0.016447
21073.94922 0.015973
21074.25977 0.015849
21074.57031 0.015798
21074.88086 0.015746
21075.17969 0.015695
21075.49023 0.015643
21075.80078 0.015592
21076.10938 0.015688
21076.41992 0.016047
21076.73047 0.016404
21077.03906 0.016761
21077.34961 0.01712
21077.66016 0.017477
21077.97070 0.017834
21078.27930 0.017557
21078.58984 0.017205
21078.89062 0.016853
21079.21094 0.016499
21079.50977 0.016148
21079.82031 0.015794
21080.13086 0.015662
21080.43945 0.015823
21080.75000 0.015984
21081.06055 0.016144
21081.36914 0.016304
21081.67969 0.016465
21081.99023 0.016626
21082.30078 0.016282
21082.60938 0.015916
21082.91992 0.015552
21083.23047 0.015187
21083.53906 0.014823
21083.83984 0.014459
21084.15039 0.01431
21084.46094 0.01438
21084.76953 0.01445
21085.08008 0.01452
21085.39062 0.014589
21085.69922 0.014659
21086.00977 0.014728
21086.32031 0.014776
21086.63086 0.014824
21086.93945 0.014871
21087.25000 0.014919
21087.56055 0.014966
21087.86914 0.015014
21088.17969 0.01516
21088.48047 0.01538
21088.78906 0.015602
21089.09961 0.015822
21089.41016 0.016043
21089.72070 0.016263
21090.02930 0.016438
21090.33984 0.016221
21090.65039 0.016004
21090.96094 0.015786
21091.26953 0.015569
21091.58008 0.01535
21091.89062 0.015134
21092.19922 0.014927
21092.50977 0.014728
21092.82031 0.014528
21093.13086 0.014328
21093.43945 0.014129
21093.75000 0.013929
21094.05078 0.013753
21094.36914 0.013685
21094.66992 0.013618
21094.98047 0.01355
21095.28906 0.013482
21095.59961 0.013414
21095.91016 0.013347
21096.22070 0.013463
21096.52930 0.013652
21096.83984 0.013842
21097.15039 0.01403
21097.46094 0.01422
21097.76953 0.014408
21098.08008 0.014466
21098.39062 0.014147
21098.69922 0.013826
21099.00977 0.013507
21099.32031 0.013186
21099.63086 0.012867
21099.93945 0.012545
21100.25000 0.012496
21100.56055 0.012514
21100.86914 0.012533
21101.17969 0.012552
21101.48047 0.01257
21101.78906 0.012589
21102.09961 0.012573
21102.41016 0.01249
21102.72070 0.012407
21103.02930 0.012323
21103.33984 0.01224
21103.65039 0.012156
21103.96094 0.012073
21104.26953 0.012215
21104.58008 0.012389
21104.89062 0.012563
21105.19922 0.012738
21105.50977 0.012911
21105.82031 0.013086
21106.13086 0.01317
21106.43945 0.013131
21106.75000 0.013092
21107.06055 0.013052
21107.36914 0.013013
21107.67969 0.012974
21107.99023 0.012934
21108.30078 0.012827
21108.60938 0.012717
21108.91992 0.012608
21109.23047 0.012497
21109.53906 0.012388
21109.84961 0.012278
21110.16016 0.012223
21110.46094 0.012222
21110.77930 0.012221
21111.08008 0.012221
21111.39062 0.01222
21111.71094 0.012219
21112.00977 0.012219
21112.32031 0.012217
21112.63086 0.012214
21112.93945 0.012212
21113.25000 0.01221
21113.56055 0.012208
21113.86914 0.012206
21114.17969 0.012206
21114.49023 0.012208
21114.80078 0.012209
21115.10938 0.012211
21115.41992 0.012212
21115.73047 0.012214
21116.03906 0.01219
21116.34961 0.012
21116.66016 0.011812
21116.97070 0.011622
21117.27930 0.011432
21117.58984 0.011243
21117.90039 0.011053
21118.21094 0.01106
21118.51953 0.01116
21118.83008 0.01126
21119.14062 0.01136
21119.44922 0.011461
21119.75977 0.011561
21120.07031 0.011615
21120.38086 0.011507
21120.68945 0.011399
21121.00000 0.011291
21121.31055 0.011183
21121.61914 0.011075
21121.92969 0.010967
21122.24023 0.010901
21122.55078 0.010847
21122.85938 0.010794
21123.16992 0.010741
21123.48047 0.010687
21123.78906 0.010634
21124.09961 0.010647
21124.41016 0.010806
21124.72070 0.010965
21125.02930 0.011122
21125.33984 0.011281
21125.65039 0.01144
21125.96094 0.011598
21126.26953 0.011206
21126.58008 0.010725
21126.89062 0.010248
21127.19922 0.009768
21127.50977 0.009287
21127.82031 0.008807
21128.13086 0.008646
21128.43945 0.008939
21128.75000 0.009232
21129.06055 0.009525
21129.36914 0.009816
21129.67969 0.01011
21129.99023 0.010403
21130.30078 0.010337
21130.60938 0.010257
21130.91992 0.010177
21131.23047 0.010097
21131.53906 0.010017
21131.84961 0.009937
21132.16016 0.009984
21132.47070 0.010151
21132.77930 0.010318
21133.08984 0.010486
21133.40039 0.010654
21133.71094 0.010821
21134.01953 0.010969
21134.33008 0.01081
21134.64062 0.01065
21134.94922 0.01049
21135.25977 0.010331
21135.57031 0.010171
21135.88086 0.010011
21136.18945 0.01
21136.50000 0.010083
21136.81055 0.010166
21137.11914 0.010249
21137.42969 0.010333
21137.74023 0.010416
21138.05078 0.010461
21138.35938 0.01031
21138.66992 0.010158
21138.98047 0.010006
21139.28906 0.009854
21139.59961 0.009703
21139.91016 0.009552
21140.22070 0.00929
21140.52930 0.008985
21140.83984 0.008679
21141.15039 0.008374
21141.46094 0.00807
21141.76953 0.007765
21142.08008 0.007642
21142.39062 0.008027
21142.69922 0.008412
21143.00977 0.008798
21143.32031 0.009181
21143.63086 0.009566
21143.93945 0.009952
21144.25000 0.009984
21144.56055 0.009938
21144.88086 0.009892
21145.17969 0.009846
21145.49023 0.009799
21145.80078 0.009753
21146.11914 0.009625
21146.42969 0.009358
21146.74023 0.009091
21147.05078 0.008825
21147.35938 0.00856
21147.66992 0.008293
