threeML/data/optical_filters/HST/NICMOS2-F160W.ecsv
# %ECSV 0.9
# ---
# datatype:
# - {name: wavelength, unit: Angstrom, datatype: float32}
# - {name: response, datatype: float32}
# meta: !!omap
# - {band_name: F160W}
# - {group_name: NICMOS2}
wavelength response
[from data line 3064]
15766.87988 0.207341
15767.69043 0.207365
15768.50000 0.207389
15769.30957 0.207413
15770.12012 0.207439
15770.91992 0.207472
15771.73047 0.207506
15772.54004 0.20754
15773.34961 0.207573
15774.16016 0.207607
15774.96973 0.207641
15775.78027 0.207672
15776.58008 0.207703
15777.38965 0.207734
15778.20020 0.207765
15779.00977 0.207796
15779.82031 0.207826
15780.62988 0.20785
15781.44043 0.207871
15782.25000 0.207892
15783.05957 0.207913
15783.87012 0.207934
15784.66992 0.207955
15785.48047 0.207978
15786.29004 0.208004
15787.09961 0.208029
15787.91016 0.208054
15788.71973 0.208079
15789.53027 0.208104
15790.33984 0.208131
15791.15039 0.208161
15791.95996 0.208191
15792.76953 0.208221
15793.58008 0.208251
15794.38965 0.20828
15795.20020 0.208308
15796.00977 0.208329
15796.82031 0.20835
15797.62988 0.208371
15798.44043 0.208393
15799.25000 0.208414
15800.05957 0.208434
15800.87012 0.208444
15801.67969 0.208453
15802.49023 0.208463
15803.29980 0.208472
15804.11035 0.208482
15804.91992 0.208491
15805.73047 0.208505
15806.54004 0.20852
15807.34961 0.208534
15808.16016 0.208549
15808.96973 0.208563
15809.78027 0.208578
15810.58984 0.208586
15811.40039 0.208591
15812.20996 0.208596
15813.01953 0.208601
15813.83008 0.208606
15814.63965 0.208611
15815.45020 0.208617
15816.25977 0.208623
15817.07031 0.208629
15817.87988 0.208634
15818.70020 0.20864
15819.50977 0.208646
15820.32031 0.208651
15821.12988 0.208656
15821.94043 0.20866
15822.75000 0.208664
15823.55957 0.208669
15824.37012 0.208673
15825.17969 0.208677
15826.00000 0.208679
15826.80957 0.20868
15827.62012 0.208682
15828.42969 0.208684
15829.24023 0.208686
15830.04980 0.208688
15830.86035 0.208689
15831.67969 0.20869
15832.49023 0.208691
15833.29980 0.208692
15834.11035 0.208693
15834.91992 0.208694
15835.73047 0.208694
15836.54980 0.208695
15837.36035 0.208696
15838.16992 0.208697
15838.98047 0.208698
15839.79004 0.208698
15840.61035 0.208689
15841.41992 0.208676
15842.23047 0.208663
15843.04004 0.20865
15843.84961 0.208637
15844.66992 0.208624
15845.48047 0.20862
15846.29004 0.208623
15847.09961 0.208626
15847.91992 0.208629
15848.73047 0.208632
15849.54004 0.208635
15850.34961 0.208625
15851.16992 0.2086
15851.98047 0.208574
15852.79004 0.208548
15853.59961 0.208523
15854.41992 0.208497
15855.23047 0.20848
15856.04004 0.208482
15856.84961 0.208485
15857.66992 0.208487
15858.48047 0.208489
15859.29004 0.208492
15860.11035 0.208492
15860.91992 0.208472
15861.73047 0.208453
15862.54004 0.208434
15863.36035 0.208415
15864.16992 0.208396
15864.99023 0.208376
15865.79980 0.208357
15866.61035 0.208337
15867.41992 0.208317
15868.24023 0.208297
15869.04980 0.208277
15869.87012 0.208258
15870.67969 0.208238
15871.49023 0.208219
15872.30957 0.2082
15873.12012 0.208181
15873.92969 0.208162
15874.75000 0.208143
15875.55957 0.208127
15876.37988 0.208112
15877.19043 0.208097
15878.00000 0.208083
15878.82031 0.208068
15879.62988 0.208053
15880.45020 0.20803
15881.25977 0.208001
15882.07031 0.207971
15882.88965 0.207941
15883.70020 0.207912
15884.51953 0.207882
15885.33008 0.207856
15886.13965 0.207834
15886.95996 0.207813
15887.76953 0.207792
15888.58984 0.207771
15889.40039 0.207749
15890.21973 0.207728
15891.03027 0.207705
15891.84961 0.207682
15892.66016 0.207659
15893.48047 0.207636
15894.29004 0.207613
15895.09961 0.20759
15895.91992 0.207566
15896.73047 0.207541
15897.54980 0.207517
15898.36035 0.207492
15899.17969 0.207468
15900.00000 0.207444
15900.80957 0.207424
15901.62012 0.207404
15902.44043 0.207384
15903.25000 0.207364
15904.07031 0.207344
15904.88965 0.207325
15905.70020 0.207299
15906.51953 0.207273
15907.33008 0.207246
15908.15039 0.20722
15908.95996 0.207193
15909.78027 0.207167
15910.58984 0.207147
15911.41016 0.20713
15912.23047 0.207114
15913.04004 0.207097
15913.86035 0.20708
15914.66992 0.207063
15915.49023 0.20704
15916.29980 0.207011
15917.12012 0.206983
15917.94043 0.206955
15918.75000 0.206927
15919.57031 0.206899
15920.37988 0.206877
15921.20020 0.20686
15922.01953 0.206844
15922.83008 0.206828
15923.65039 0.206811
15924.46973 0.206795
15925.28027 0.206769
15926.09961 0.206725
15926.91992 0.206681
15927.73047 0.206638
15928.54980 0.206594
15929.36035 0.20655
15930.17969 0.20651
15931.00000 0.206484
15931.80957 0.206458
15932.62988 0.206432
15933.45020 0.206406
15934.25977 0.20638
15935.08008 0.206353
15935.90039 0.206321
15936.71973 0.206288
15937.53027 0.206255
15938.34961 0.206222
15939.16992 0.206189
15939.98047 0.206156
15940.79980 0.206145
15941.62012 0.206135
15942.44043 0.206124
15943.25000 0.206114
15944.07031 0.206103
15944.88965 0.206093
15945.70996 0.206036
15946.51953 0.205973
15947.33984 0.205909
15948.16016 0.205845
15948.96973 0.205781
15949.79004 0.205718
15950.61035 0.205702
15951.42969 0.205703
15952.25000 0.205705
15953.05957 0.205706
15953.87988 0.205707
15954.70020 0.205708
15955.51953 0.205671
15956.33008 0.205612
15957.15039 0.205553
15957.96973 0.205494
15958.79004 0.205435
15959.61035 0.205376
15960.41992 0.205343
15961.24023 0.205333
15962.05957 0.205323
15962.87988 0.205314
15963.70020 0.205304
15964.51953 0.205295
15965.33008 0.205271
15966.15039 0.205227
15966.96973 0.205184
15967.79004 0.20514
15968.61035 0.205096
15969.42969 0.205052
15970.25000 0.205009
15971.05957 0.204966
15971.87988 0.204922
15972.70020 0.204879
15973.51953 0.204836
15974.33984 0.204792
15975.16016 0.204754
15975.98047 0.20474
15976.79980 0.204725
15977.62012 0.20471
15978.42969 0.204696
15979.25000 0.204681
15980.07031 0.204664
15980.88965 0.204621
15981.70996 0.204577
15982.53027 0.204534
15983.34961 0.204491
15984.16992 0.204448
15984.99023 0.204404
15985.80957 0.204357
15986.62988 0.20431
15987.45020 0.204262
15988.26953 0.204214
15989.08984 0.204167
15989.91016 0.204119
15990.73047 0.204095
15991.54980 0.204073
15992.37012 0.204052
15993.19043 0.20403
15994.00977 0.204009
15994.83008 0.203987
15995.65039 0.203942
15996.45996 0.203891
15997.29004 0.20384
15998.11035 0.203788
15998.92969 0.203737
15999.75000 0.203686
16000.57031 0.203661
16001.38965 0.203648
16002.20996 0.203635
16003.03027 0.203622
16003.84961 0.203609
16004.66992 0.203596
16005.49023 0.203575
16006.30957 0.203549
16007.12988 0.203523
16007.95020 0.203497
16008.76953 0.203471
16009.58984 0.203445
16010.41016 0.203419
16011.23047 0.203394
16012.04980 0.203369
16012.87012 0.203344
16013.70020 0.203319
16014.51953 0.203294
16015.33984 0.203277
16016.16016 0.203272
16016.98047 0.203267
16017.79980 0.203262
16018.62012 0.203257
16019.44043 0.203252
16020.25977 0.203242
16021.08008 0.203222
16021.91016 0.203201
16022.73047 0.203181
16023.54980 0.20316
16024.37012 0.20314
16025.19043 0.203117
16026.00977 0.203086
16026.83008 0.203056
16027.66016 0.203026
16028.48047 0.202996
16029.29980 0.202965
16030.12012 0.202941
16030.94043 0.20295
16031.76953 0.202959
16032.58984 0.202968
16033.41016 0.202978
16034.23047 0.202987
16035.04980 0.202994
16035.87988 0.202973
16036.70020 0.202952
16037.51953 0.202931
16038.33984 0.20291
16039.16016 0.20289
16039.99023 0.202869
16040.80957 0.202855
16041.62988 0.202841
16042.45020 0.202827
16043.28027 0.202813
16044.09961 0.2028
16044.91992 0.202786
16045.74023 0.202787
16046.57031 0.20279
16047.38965 0.202792
16048.20996 0.202795
16049.03027 0.202798
16049.86035 0.2028
16050.67969 0.202786
16051.50000 0.202767
16052.32031 0.202748
16053.15039 0.20273
16053.96973 0.202711
16054.79004 0.202692
16055.62012 0.202682
16056.44043 0.202674
16057.25977 0.202667
16058.08008 0.202659
16058.91016 0.202652
16059.73047 0.202644
16060.54980 0.202631
16061.37988 0.202615
16062.20020 0.202599
16063.03027 0.202582
16063.84961 0.202566
16064.66992 0.20255
16065.50000 0.202542
16066.32031 0.202541
16067.13965 0.202539
16067.96973 0.202537
16068.79004 0.202536
16069.61035 0.202534
16070.44043 0.202531
16071.25977 0.202528
16072.08984 0.202525
16072.91016 0.202521
16073.73047 0.202518
16074.55957 0.202515
16075.37988 0.202511
16076.20996 0.202507
16077.03027 0.202502
16077.84961 0.202498
16078.67969 0.202493
16079.50000 0.202489
16080.33008 0.202481
16081.15039 0.202469
16081.98047 0.202458
16082.79980 0.202445
16083.62012 0.202433
16084.45020 0.202421
16085.26953 0.202416
16086.09961 0.202423
16086.91992 0.202431
16087.75000 0.202438
16088.57031 0.202445
16089.40039 0.202453
16090.21973 0.202455
16091.04980 0.202445
16091.87012 0.202435
16092.70020 0.202425
16093.51953 0.202415
16094.34961 0.202405
16095.16992 0.202398
16096.00000 0.202402
16096.82031 0.202407
16097.65039 0.202411
16098.46973 0.202415
16099.29980 0.202419
16100.12012 0.202426
16100.95020 0.202447
16101.76953 0.202468
16102.59961 0.202489
16103.41992 0.20251
16104.25000 0.20253
16105.08008 0.20255
16105.90039 0.202558
16106.73047 0.202566
16107.54980 0.202574
16108.37988 0.202583
16109.20020 0.202591
16110.03027 0.2026
16110.86035 0.20263
16111.67969 0.20266
16112.50977 0.20269
16113.33008 0.20272
16114.16016 0.20275
16114.99023 0.20278
16115.80957 0.202794
16116.63965 0.202808
16117.45996 0.202822
16118.29004 0.202836
16119.12012 0.20285
16119.94043 0.202864
16120.76953 0.202888
16121.59961 0.202912
16122.41992 0.202936
16123.25000 0.202961
16124.08008 0.202985
16124.90039 0.203009
16125.73047 0.203037
16126.54980 0.203066
16127.37988 0.203094
16128.20996 0.203123
16129.04004 0.203152
16129.86035 0.20318
16130.69043 0.203207
16131.51953 0.203234
16132.33984 0.20326
16133.16992 0.203287
16134.00000 0.203313
16134.82031 0.20334
16135.65039 0.203365
16136.48047 0.203389
16137.30957 0.203413
16138.12988 0.203437
16138.95996 0.203461
16139.79004 0.203485
16140.62012 0.203529
16141.44043 0.203578
16142.26953 0.203628
16143.09961 0.203678
16143.91992 0.203727
16144.75000 0.203777
16145.58008 0.203806
16146.41016 0.203825
16147.24023 0.203845
16148.05957 0.203864
16148.88965 0.203884
16149.71973 0.203903
16150.54980 0.203932
16151.37988 0.203966
16152.20020 0.204
16153.03027 0.204033
16153.86035 0.204067
16154.69043 0.204101
16155.51953 0.204139
16156.33984 0.204179
16157.16992 0.20422
16158.00000 0.20426
16158.83008 0.204301
16159.66016 0.204341
16160.49023 0.204376
16161.30957 0.204408
16162.13965 0.204439
16162.96973 0.20447
16163.79980 0.204502
16164.62988 0.204533
16165.45996 0.204566
16166.29004 0.2046
16167.11035 0.204633
16167.94043 0.204667
16168.76953 0.204701
16169.59961 0.204734
16170.42969 0.204777
16171.25977 0.204829
16172.08984 0.204881
16172.91992 0.204933
16173.75000 0.204985
16174.57031 0.205037
16175.40039 0.205084
16176.23047 0.205127
16177.05957 0.205169
16177.88965 0.205212
16178.71973 0.205255
16179.54980 0.205297
16180.37988 0.205342
16181.20996 0.20539
16182.04004 0.205439
16182.87012 0.205487
16183.70020 0.205535
16184.53027 0.205583
16185.36035 0.205633
16186.19043 0.205686
16187.01953 0.205739
16187.84961 0.205791
16188.67969 0.205844
16189.50977 0.205897
16190.33984 0.205947
16191.16992 0.205994
16192.00000 0.206042
16192.83008 0.206089
16193.66016 0.206136
16194.49023 0.206183
16195.32031 0.206233
16196.15039 0.206286
16196.98047 0.20634
16197.80957 0.206394
16198.63965 0.206448
16199.46973 0.206501
16200.29980 0.206554
16201.12988 0.206604
16201.95996 0.206655
16202.79004 0.206705
16203.62012 0.206756
16204.45020 0.206806
16205.28027 0.206859
16206.11035 0.206917
16206.94043 0.206974
16207.76953 0.207032
16208.61035 0.207089
16209.44043 0.207147
16210.26953 0.207205
16211.09961 0.207264
16211.92969 0.207324
16212.75977 0.207384
16213.58984 0.207444
16214.41992 0.207503
16215.25000 0.207563
16216.08008 0.207624
16216.91992 0.207685
16217.75000 0.207747
16218.58008 0.207808
16219.41016 0.207869
16220.24023 0.207931
16221.07031 0.207994
16221.91016 0.208058
16222.74023 0.208122
16223.57031 0.208185
16224.40039 0.208249
16225.23047 0.208313
16226.05957 0.208379
16226.90039 0.208445
16227.73047 0.208511
16228.55957 0.208577
16229.38965 0.208642
16230.21973 0.208706
16231.05957 0.208762
16231.88965 0.208818
16232.71973 0.208875
16233.54980 0.208931
16234.37988 0.208988
16235.21973 0.209047
16236.04980 0.209117
16236.87988 0.209186
16237.70996 0.209255
16238.54980 0.209324
16239.37988 0.209393
16240.20996 0.209461
16241.04004 0.209526
16241.87988 0.20959
16242.70996 0.209654
16243.54004 0.209719
16244.37012 0.209783
16245.20996 0.209848
16246.04004 0.209916
16246.87012 0.209984
16247.70996 0.210052
16248.54004 0.21012
16249.37012 0.210188
16250.20020 0.210255
16251.04004 0.21032
16251.87012 0.210385
16252.70020 0.21045
16253.54004 0.210515
16254.37012 0.21058
16255.20020 0.210642
16256.04004 0.210697
16256.87012 0.210753
16257.70020 0.210808
16258.54004 0.210863
16259.37012 0.210918
16260.20020 0.210981
16261.04004 0.211069
16261.87012 0.211156
16262.70020 0.211244
16263.54004 0.211331
16264.37012 0.211419
16265.20996 0.211496
16266.04004 0.211542
16266.87012 0.211587
16267.70996 0.211633
16268.54004 0.211678
16269.37012 0.211723
16270.20996 0.211775
16271.04004 0.211843
16271.87988 0.211912
16272.70996 0.211981
16273.54004 0.212049
16274.37988 0.212118
16275.20996 0.212192
16276.04980 0.212282
16276.87988 0.212372
16277.71973 0.212461
16278.54980 0.212551
16279.38965 0.212641
16280.21973 0.212724
16281.04980 0.212787
16281.88965 0.21285
16282.71973 0.212913
16283.55957 0.212976
16284.38965 0.213039
16285.23047 0.213106
16286.05957 0.213181
16286.90039 0.213256
16287.73047 0.213332
16288.57031 0.213407
16289.40039 0.213482
16290.24023 0.213562
16291.07031 0.213651
16291.91016 0.213741
16292.74023 0.21383
16293.58008 0.21392
16294.41016 0.214009
16295.25000 0.214094
16296.08008 0.214166
16296.91992 0.214238
16297.75977 0.21431
16298.58984 0.214383
16299.42969 0.214455
16300.25977 0.214528
16301.09961 0.214602
16301.92969 0.214676
16302.76953 0.214751
16303.61035 0.214825
16304.44043 0.2149
16305.28027 0.214977
16306.11035 0.215061
16306.95020 0.215145
16307.78027 0.215228
16308.62012 0.215312
16309.45996 0.215396
16310.29004 0.215481
16311.12988 0.21557
16311.95996 0.215658
16312.79980 0.215746
16313.63965 0.215835
16314.46973 0.215923
16315.30957 0.216005
16316.15039 0.216077
16316.98047 0.216149
16317.82031 0.21622
16318.66016 0.216292
16319.49023 0.216364
16320.33008 0.216437
16321.16992 0.216511
16322.00000 0.216585
16322.83984 0.216659
16323.67969 0.216733
16324.50977 0.216807
16325.34961 0.216883
16326.19043 0.216959
16327.01953 0.217036
16327.86035 0.217113
16328.70020 0.217189
16329.53027 0.217266
16330.37012 0.217336
16331.20996 0.217398
16332.04980 0.21746
16332.87988 0.217522
16333.71973 0.217584
16334.55957 0.217646
16335.40039 0.217718
16336.23047 0.217802
16337.07031 0.217886
16337.91016 0.217971
16338.75000 0.218055
16339.58008 0.218139
16340.41992 0.218212
16341.25977 0.218275
16342.09961 0.218338
16342.92969 0.218401
16343.76953 0.218464
16344.61035 0.218527
16345.45020 0.218598
16346.29004 0.218676
16347.12012 0.218754
16347.95996 0.218832
16348.79980 0.21891
16349.63965 0.218988
16350.48047 0.219066
16351.30957 0.219142
16352.15039 0.219219
16352.99023 0.219295
16353.83008 0.219372
16354.66992 0.219449
16355.50000 0.219522
16356.33984 0.219593
16357.17969 0.219665
16358.01953 0.219736
16358.86035 0.219807
16359.70020 0.219878
16360.54004 0.219949
16361.37988 0.220019
16362.20996 0.220088
16363.04980 0.220158
16363.88965 0.220228
16364.73047 0.220298
16365.57031 0.220366
16366.41016 0.220433
16367.25000 0.2205
16368.08984 0.220567
16368.92969 0.220634
16369.75977 0.220701
16370.59961 0.220782
16371.44043 0.220868
16372.28027 0.220954
16373.12012 0.22104
16373.95996 0.221126
16374.79980 0.221212
16375.63965 0.221279
16376.48047 0.221339
16377.32031 0.2214
16378.16016 0.221461
16379.00000 0.221522
16379.83984 0.221582
16380.67969 0.221652
16381.51953 0.221723
16382.36035 0.221795
16383.20020 0.221866
16384.03906 0.221938
16384.88086 0.222009
16385.72070 0.222096
16386.56055 0.222185
16387.40039 0.222275
16388.24023 0.222364
16389.08008 0.222453
16389.91992 0.222543
16390.75977 0.222607
16391.59961 0.222668
16392.43945 0.222729
16393.27930 0.222791
16394.11914 0.222852
16394.96094 0.222914
16395.80078 0.22298
16396.64062 0.223048
