threeML/data/optical_filters/HST/NICMOS3-F240M.ecsv
# %ECSV 0.9
# ---
# datatype:
# - {name: wavelength, unit: Angstrom, datatype: float32}
# - {name: response, datatype: float32}
# meta: !!omap
# - {band_name: F240M}
# - {group_name: NICMOS3}
wavelength response
[from data line 767]
22410.33008 0.00125
22410.69922 0.001269
22411.08008 0.001287
22411.44922 0.001305
22411.82031 0.001323
22412.19922 0.001341
22412.57031 0.001359
22412.94922 0.001378
22413.32031 0.001396
22413.69922 0.001414
22414.07031 0.001432
22414.43945 0.00145
22414.82031 0.001468
22415.18945 0.001467
22415.56055 0.001448
22415.93945 0.001428
22416.31055 0.001408
22416.68945 0.001389
22417.06055 0.001369
22417.43945 0.001349
22417.81055 0.00133
22418.17969 0.00131
22418.56055 0.00129
22418.92969 0.00127
22419.30078 0.001251
22419.67969 0.001231
22420.05078 0.001216
22420.42969 0.001231
22420.80078 0.001246
22421.17969 0.001262
22421.55078 0.001277
22421.91992 0.001292
22422.30078 0.001307
22422.66992 0.001322
22423.03906 0.001337
22423.41992 0.001352
22423.78906 0.001367
22424.16992 0.001382
22424.53906 0.001397
22424.91992 0.001412
22425.28906 0.001404
22425.66016 0.001389
22426.03906 0.001374
22426.41016 0.001359
22426.78906 0.001344
22427.16016 0.001329
22427.53906 0.001314
22427.91016 0.001299
22428.27930 0.001284
22428.66016 0.001269
22429.02930 0.001254
22429.41016 0.001239
22429.77930 0.001224
22430.15039 0.001217
22430.52930 0.001222
22430.90039 0.001228
22431.27930 0.001233
22431.65039 0.001238
22432.02930 0.001244
22432.40039 0.001249
22432.77930 0.001254
22433.15039 0.00126
22433.51953 0.001265
22433.90039 0.00127
22434.26953 0.001276
22434.65039 0.001281
22435.01953 0.001286
22435.39062 0.001291
22435.76953 0.001295
22436.14062 0.001299
22436.51953 0.001304
22436.89062 0.001308
22437.26953 0.001313
22437.64062 0.001317
22438.01953 0.001321
22438.39062 0.001326
22438.75977 0.00133
22439.14062 0.001335
22439.50977 0.001339
22439.89062 0.001344
22440.25977 0.001364
22440.64062 0.00139
22441.00977 0.001417
22441.38086 0.001444
22441.75977 0.00147
22442.13086 0.001497
22442.50977 0.001524
22442.88086 0.00155
22443.25977 0.001577
22443.63086 0.001604
22444.00977 0.001631
22444.38086 0.001657
22444.75000 0.001684
22445.13086 0.0017
22445.50000 0.001694
22445.88086 0.001689
22446.25000 0.001684
22446.63086 0.001678
22447.00000 0.001673
22447.38086 0.001668
22447.75000 0.001662
22448.11914 0.001657
22448.50000 0.001652
22448.86914 0.001646
22449.25000 0.001641
22449.61914 0.001635
22450.00000 0.00163
22450.36914 0.001628
22450.75000 0.001626
22451.11914 0.001625
22451.50000 0.001623
22451.86914 0.001621
22452.25000 0.001619
22452.61914 0.001618
22452.99023 0.001616
22453.36914 0.001614
22453.74023 0.001612
22454.11914 0.00161
22454.49023 0.001609
22454.86914 0.001607
22455.24023 0.001605
22455.61914 0.001603
22455.99023 0.001601
22456.36914 0.001599
22456.74023 0.001598
22457.11914 0.001596
22457.49023 0.001594
22457.86914 0.001592
22458.24023 0.00159
22458.61914 0.001588
22458.99023 0.001587
22459.35938 0.001585
22459.74023 0.001583
22460.10938 0.001584
22460.49023 0.001593
22460.85938 0.001602
22461.24023 0.00161
22461.60938 0.001619
22461.99023 0.001627
22462.35938 0.001636
22462.74023 0.001645
22463.10938 0.001653
22463.49023 0.001662
22463.85938 0.001671
22464.24023 0.001679
22464.60938 0.001688
22464.99023 0.001696
22465.35938 0.001718
22465.73047 0.001741
22466.10938 0.001763
22466.48047 0.001786
22466.85938 0.001809
22467.23047 0.001831
22467.60938 0.001854
22467.98047 0.001876
22468.35938 0.001899
22468.73047 0.001921
22469.10938 0.001944
22469.48047 0.001966
22469.85938 0.001989
22470.23047 0.001997
22470.60938 0.001995
22470.98047 0.001994
22471.35938 0.001992
22471.73047 0.001991
22472.10938 0.001989
22472.48047 0.001988
22472.85938 0.001986
22473.23047 0.001985
22473.60938 0.001983
22473.98047 0.001982
22474.35938 0.00198
22474.73047 0.001979
22475.10938 0.001977
22475.48047 0.001976
22475.85938 0.001974
22476.23047 0.001973
22476.60938 0.001971
22476.98047 0.001969
22477.35938 0.001968
22477.73047 0.001966
22478.10938 0.001964
22478.48047 0.001963
22478.85938 0.001961
22479.23047 0.001959
22479.60938 0.001958
22479.98047 0.001956
22480.35938 0.001944
22480.73047 0.001932
22481.10938 0.00192
22481.48047 0.001908
22481.85938 0.001896
22482.23047 0.001884
22482.60938 0.001872
22482.98047 0.00186
22483.35938 0.001848
22483.73047 0.001836
22484.10938 0.001824
22484.48047 0.001812
22484.85938 0.0018
22485.23047 0.001801
22485.60938 0.00181
22485.98047 0.001819
22486.35938 0.001828
22486.74023 0.001837
22487.10938 0.001846
22487.49023 0.001855
22487.85938 0.001864
22488.24023 0.001873
22488.60938 0.001881
22488.99023 0.00189
22489.35938 0.001899
22489.74023 0.001908
22490.10938 0.001922
22490.49023 0.001945
22490.85938 0.001969
22491.24023 0.001992
22491.60938 0.002016
22491.99023 0.002039
22492.35938 0.002062
22492.74023 0.002086
22493.11914 0.00211
22493.49023 0.002133
22493.86914 0.002157
22494.24023 0.00218
22494.61914 0.002204
22494.99023 0.002227
22495.36914 0.002242
22495.74023 0.002258
22496.11914 0.002273
22496.49023 0.002288
22496.86914 0.002303
22497.24023 0.002318
22497.61914 0.002333
22497.99023 0.002348
22498.36914 0.002363
22498.74023 0.002379
22499.11914 0.002394
22499.49023 0.002409
22499.86914 0.002424
22500.25000 0.00242
22500.61914 0.002407
22501.00000 0.002393
22501.36914 0.002379
22501.75000 0.002365
22502.11914 0.002352
22502.50000 0.002338
22502.86914 0.002324
22503.25000 0.00231
22503.63086 0.002297
22504.00000 0.002283
22504.36914 0.002269
22504.75000 0.002256
22505.13086 0.00225
22505.50000 0.002261
22505.88086 0.002272
22506.25000 0.002283
22506.63086 0.002294
22507.00000 0.002305
22507.38086 0.002316
22507.75977 0.002327
22508.13086 0.002338
22508.50977 0.002349
22508.88086 0.00236
22509.25977 0.002371
22509.63086 0.002382
22510.00977 0.002393
22510.38086 0.002397
22510.75977 0.002401
22511.13086 0.002405
22511.50977 0.002409
22511.89062 0.002413
22512.25977 0.002417
22512.64062 0.002421
22513.00977 0.002425
22513.39062 0.002429
22513.75977 0.002433
22514.14062 0.002437
22514.51953 0.002441
22514.89062 0.002445
22515.26953 0.002439
22515.64062 0.00243
22516.01953 0.00242
22516.39062 0.00241
22516.76953 0.002401
22517.14062 0.002391
22517.51953 0.002381
22517.90039 0.002371
22518.26953 0.002362
22518.65039 0.002352
22519.01953 0.002342
22519.40039 0.002333
22519.77930 0.002323
22520.15039 0.002329
22520.52930 0.00236
22520.90039 0.00239
22521.27930 0.002421
22521.65039 0.002452
22522.02930 0.002482
22522.41016 0.002513
22522.77930 0.002543
22523.16016 0.002574
22523.52930 0.002604
22523.91016 0.002635
22524.28906 0.002665
22524.66016 0.002696
22525.03906 0.002723
22525.41016 0.002715
22525.78906 0.002707
22526.16016 0.0027
22526.53906 0.002692
22526.91992 0.002684
22527.28906 0.002677
22527.66992 0.002669
22528.03906 0.002661
22528.41992 0.002654
22528.78906 0.002646
22529.16992 0.002638
22529.55078 0.002631
22529.91992 0.002623
22530.30078 0.002616
22530.66992 0.002608
22531.05078 0.002601
22531.42969 0.002594
22531.80078 0.002587
22532.17969 0.00258
22532.55078 0.002573
22532.92969 0.002566
22533.30078 0.002559
22533.67969 0.002551
22534.06055 0.002544
22534.42969 0.002537
22534.81055 0.00253
22535.18945 0.002544
22535.56055 0.002581
22535.93945 0.002617
22536.31055 0.002654
22536.68945 0.00269
22537.06055 0.002727
22537.43945 0.002763
22537.82031 0.0028
22538.18945 0.002836
22538.57031 0.002873
22538.94922 0.002909
22539.32031 0.002946
22539.69922 0.002982
22540.07031 0.003011
22540.44922 0.003009
22540.83008 0.003007
22541.19922 0.003005
22541.58008 0.003003
22541.96094 0.003001
22542.33008 0.002999
22542.71094 0.002996
22543.08008 0.002994
22543.46094 0.002992
22543.83008 0.00299
22544.21094 0.002988
22544.58984 0.002986
22544.96094 0.002984
22545.33984 0.002977
22545.71094 0.002971
22546.08984 0.002964
22546.47070 0.002958
22546.83984 0.002951
22547.22070 0.002944
22547.59961 0.002938
22547.97070 0.002931
22548.34961 0.002924
22548.72070 0.002918
22549.09961 0.002911
22549.48047 0.002905
22549.84961 0.002898
22550.23047 0.002911
22550.60938 0.002936
22550.98047 0.002962
22551.35938 0.002987
22551.73047 0.003012
22552.10938 0.003038
22552.49023 0.003063
22552.85938 0.003089
22553.24023 0.003114
22553.61914 0.00314
22553.99023 0.003165
22554.36914 0.00319
22554.74023 0.003216
22555.11914 0.003231
22555.50000 0.003223
22555.86914 0.003216
22556.25000 0.003208
22556.63086 0.003201
22557.00000 0.003193
22557.38086 0.003186
22557.75977 0.003179
22558.13086 0.003171
22558.50977 0.003164
22558.88086 0.003156
22559.25977 0.003149
22559.64062 0.003141
22560.00977 0.003135
22560.39062 0.003159
22560.76953 0.003182
22561.14062 0.003206
22561.51953 0.00323
22561.90039 0.003253
22562.26953 0.003277
22562.65039 0.003301
22563.02930 0.003324
22563.40039 0.003348
22563.77930 0.003372
22564.15039 0.003395
22564.52930 0.003419
22564.91016 0.003443
22565.28906 0.00346
22565.66016 0.003476
22566.03906 0.003491
22566.41016 0.003507
22566.78906 0.003522
22567.16992 0.003537
22567.53906 0.003553
22567.91992 0.003568
22568.30078 0.003584
22568.66992 0.003599
22569.05078 0.003615
22569.42969 0.00363
22569.80078 0.003646
22570.17969 0.003649
22570.56055 0.003639
22570.92969 0.003628
22571.31055 0.003618
22571.68945 0.003607
22572.06055 0.003597
22572.43945 0.003586
22572.81055 0.003576
22573.18945 0.003565
22573.57031 0.003555
22573.94922 0.003544
22574.32031 0.003534
22574.69922 0.003524
22575.07031 0.003522
22575.44922 0.003558
22575.83008 0.003593
22576.21094 0.003628
22576.58008 0.003664
22576.96094 0.003699
22577.33984 0.003735
22577.71094 0.00377
22578.08984 0.003805
22578.46094 0.003841
22578.83984 0.003876
22579.22070 0.003911
22579.59961 0.003947
22579.97070 0.003982
22580.34961 0.003973
22580.72070 0.00396
22581.09961 0.003947
22581.48047 0.003935
22581.85938 0.003922
22582.23047 0.003909
22582.60938 0.003896
22582.99023 0.003883
22583.35938 0.003871
22583.74023 0.003858
22584.11914 0.003845
22584.49023 0.003832
22584.86914 0.003819
22585.25000 0.003822
22585.61914 0.003832
22586.00000 0.003842
22586.38086 0.003852
22586.75000 0.003862
22587.13086 0.003872
22587.50977 0.003882
22587.88086 0.003893
22588.25977 0.003903
22588.64062 0.003913
22589.01953 0.003923
22589.39062 0.003933
22589.76953 0.003943
22590.15039 0.003955
22590.51953 0.003969
22590.90039 0.003983
22591.27930 0.003997
22591.65039 0.004011
22592.02930 0.004025
22592.41016 0.004039
22592.78906 0.004052
22593.16016 0.004066
22593.53906 0.00408
22593.91992 0.004094
22594.28906 0.004108
22594.66992 0.004122
22595.05078 0.004135
22595.41992 0.004142
22595.80078 0.004148
22596.17969 0.004154
22596.55078 0.004161
22596.92969 0.004167
22597.31055 0.004174
22597.68945 0.00418
22598.06055 0.004186
22598.43945 0.004193
22598.82031 0.004199
22599.18945 0.004206
22599.57031 0.004212
22599.94922 0.004218
22600.32031 0.00422
22600.69922 0.004221
22601.08008 0.004222
22601.46094 0.004223
22601.83008 0.004224
22602.21094 0.004224
22602.58984 0.004225
22602.96094 0.004226
22603.33984 0.004227
22603.72070 0.004228
22604.09961 0.004229
22604.47070 0.00423
22604.84961 0.00423
22605.23047 0.004255
22605.59961 0.004296
22605.98047 0.004337
22606.35938 0.004378
22606.74023 0.004419
22607.10938 0.00446
22607.49023 0.004501
22607.86914 0.004542
22608.24023 0.004582
22608.61914 0.004623
22609.00000 0.004664
22609.38086 0.004705
22609.75000 0.004746
22610.13086 0.004785
22610.50977 0.004822
22610.88086 0.004858
22611.25977 0.004895
22611.64062 0.004932
22612.01953 0.004968
22612.39062 0.005005
22612.76953 0.005041
22613.15039 0.005078
22613.52930 0.005114
22613.90039 0.005151
22614.27930 0.005187
22614.66016 0.005224
22615.03906 0.005254
22615.41016 0.005216
22615.78906 0.005178
22616.16992 0.00514
22616.53906 0.005102
22616.91992 0.005064
22617.30078 0.005027
22617.67969 0.004989
22618.05078 0.004951
22618.42969 0.004913
22618.81055 0.004875
22619.18945 0.004837
22619.56055 0.004799
22619.93945 0.004762
22620.32031 0.004778
22620.69922 0.004804
22621.07031 0.00483
22621.44922 0.004856
22621.83008 0.004882
22622.21094 0.004908
22622.58008 0.004934
22622.96094 0.00496
22623.33984 0.004986
22623.71094 0.005012
22624.08984 0.005039
22624.47070 0.005065
22624.84961 0.005091
22625.22070 0.005145
22625.59961 0.005219
22625.98047 0.005293
22626.35938 0.005367
22626.73047 0.005441
22627.10938 0.005515
22627.49023 0.005589
22627.86914 0.005662
22628.25000 0.005737
22628.61914 0.00581
22629.00000 0.005884
22629.38086 0.005958
22629.75977 0.006032
22630.13086 0.006073
22630.50977 0.006053
22630.89062 0.006033
22631.26953 0.006013
22631.64062 0.005993
22632.01953 0.005973
22632.40039 0.005953
22632.77930 0.005933
22633.15039 0.005913
22633.52930 0.005893
22633.91016 0.005873
22634.28906 0.005853
22634.66016 0.005833
22635.03906 0.005817
22635.41992 0.005832
22635.80078 0.005848
22636.17969 0.005864
22636.55078 0.00588
22636.92969 0.005896
22637.31055 0.005912
22637.68945 0.005928
22638.06055 0.005944
22638.43945 0.00596
22638.82031 0.005975
22639.19922 0.005991
22639.57031 0.006007
22639.94922 0.006023
22640.33008 0.006023
22640.71094 0.00602
22641.08984 0.006017
22641.46094 0.006015
22641.83984 0.006012
22642.22070 0.006009
22642.59961 0.006007
22642.97070 0.006004
22643.34961 0.006001
22643.73047 0.005999
22644.10938 0.005996
22644.49023 0.005993
22644.85938 0.005991
22645.24023 0.006022
22645.61914 0.006073
22646.00000 0.006123
22646.38086 0.006174
22646.75000 0.006224
22647.13086 0.006275
22647.50977 0.006326
22647.89062 0.006376
22648.25977 0.006427
22648.64062 0.006478
22649.01953 0.006528
22649.40039 0.006579
22649.77930 0.006629
22650.15039 0.006668
22650.52930 0.006689
22650.91016 0.00671
22651.28906 0.006731
22651.66016 0.006753
22652.03906 0.006774
22652.41992 0.006795
22652.80078 0.006816
22653.17969 0.006837
22653.55078 0.006858
22653.92969 0.006879
22654.31055 0.0069
22654.68945 0.006922
22655.07031 0.006938
22655.44922 0.006932
22655.82031 0.006926
22656.19922 0.006919
22656.58008 0.006913
22656.96094 0.006907
22657.33008 0.006901
22657.71094 0.006895
22658.08984 0.006889
22658.47070 0.006882
22658.84961 0.006876
22659.22070 0.00687
22659.59961 0.006864
22659.98047 0.006858
22660.35938 0.006877
22660.74023 0.006898
22661.11914 0.006919
22661.49023 0.006939
22661.86914 0.00696
22662.25000 0.006981
22662.63086 0.007001
22663.00977 0.007022
22663.38086 0.007043
22663.75977 0.007064
22664.14062 0.007085
22664.51953 0.007105
22664.90039 0.007126
22665.26953 0.007166
22665.65039 0.007213
22666.02930 0.00726
22666.41016 0.007307
22666.78906 0.007355
22667.16992 0.007402
22667.53906 0.007449
22667.91992 0.007496
22668.30078 0.007543
22668.67969 0.00759
22669.06055 0.007638
22669.42969 0.007685
22669.81055 0.007732
22670.18945 0.007774
22670.57031 0.007812
22670.94922 0.007849
22671.33008 0.007887
22671.69922 0.007924
22672.08008 0.007962
22672.46094 0.008
22672.83984 0.008037
22673.22070 0.008075
22673.59961 0.008112
22673.97070 0.00815
22674.34961 0.008187
22674.73047 0.008225
22675.10938 0.008256
22675.49023 0.008269
22675.86914 0.008283
22676.24023 0.008297
22676.61914 0.00831
22677.00000 0.008324
22677.38086 0.008338
22677.75977 0.008352
22678.13086 0.008366
22678.50977 0.008379
22678.89062 0.008393
22679.26953 0.008407
22679.65039 0.008421
22680.02930 0.008436
22680.41016 0.008467
22680.77930 0.008498
22681.16016 0.008529
22681.53906 0.008561
22681.91992 0.008592
22682.30078 0.008623
22682.67969 0.008655
22683.05078 0.008686
22683.42969 0.008717
22683.81055 0.008748
22684.18945 0.00878
22684.57031 0.008811
22684.94922 0.008842
22685.33008 0.00884
22685.69922 0.008833
22686.08008 0.008825
22686.46094 0.008818
22686.83984 0.00881
22687.22070 0.008802
22687.59961 0.008795
22687.97070 0.008787
22688.34961 0.00878
22688.73047 0.008772
22689.10938 0.008765
22689.49023 0.008757
22689.86914 0.00875
22690.25000 0.008782
22690.63086 0.008836
22691.00000 0.008889
22691.38086 0.008943
22691.75977 0.008997
22692.14062 0.00905
22692.51953 0.009104
22692.90039 0.009158
22693.27930 0.009212
22693.65039 0.009265
22694.02930 0.009319
22694.41016 0.009373
22694.78906 0.009426
22695.16992 0.009472
22695.55078 0.009507
22695.92969 0.009542
22696.30078 0.009577
22696.67969 0.009612
22697.06055 0.009647
22697.43945 0.009682
