threeML/data/optical_filters/HST/NICMOS1-F113N.ecsv
# %ECSV 0.9
# ---
# datatype:
# - {name: wavelength, unit: Angstrom, datatype: float32}
# - {name: response, datatype: float32}
# meta: !!omap
# - {band_name: F113N}
# - {group_name: NICMOS1}
wavelength response
[from data line 767]
11326.40039 0.103803
11326.59961 0.103802
11326.79980 0.103801
11327.00000 0.1038
11327.19043 0.103799
11327.38965 0.103798
11327.58984 0.103796
11327.79004 0.103795
11327.99023 0.103794
11328.17969 0.103779
11328.37988 0.103762
11328.58008 0.103745
11328.78027 0.103728
11328.96973 0.103712
11329.16992 0.103695
11329.37012 0.103678
11329.57031 0.103661
11329.75977 0.103645
11329.95996 0.103628
11330.16016 0.103578
11330.36035 0.10352
11330.55957 0.103462
11330.75000 0.103405
11330.95020 0.103347
11331.15039 0.10329
11331.34961 0.103232
11331.54004 0.103174
11331.74023 0.103116
11331.94043 0.103059
11332.13965 0.102977
11332.33984 0.102885
11332.53027 0.102793
11332.73047 0.102701
11332.92969 0.102609
11333.12988 0.102517
11333.33008 0.102425
11333.51953 0.102333
11333.71973 0.102241
11333.91992 0.102149
11334.12012 0.102015
11334.30957 0.101853
11334.50977 0.10169
11334.70996 0.101527
11334.91016 0.101365
11335.11035 0.101202
11335.29980 0.10104
11335.50000 0.100876
11335.70020 0.100713
11335.90039 0.100551
11336.09961 0.100331
11336.29004 0.10005
11336.49023 0.09977
11336.69043 0.099489
11336.88965 0.099209
11337.08008 0.098928
11337.28027 0.098647
11337.48047 0.098367
11337.67969 0.098086
11337.87988 0.097805
11338.07031 0.097503
11338.26953 0.097161
11338.46973 0.096819
11338.66992 0.096479
11338.87012 0.096137
11339.05957 0.095795
11339.25977 0.095455
11339.45996 0.095113
11339.66016 0.094771
11339.86035 0.094429
11340.04980 0.094054
11340.25000 0.093585
11340.45020 0.093115
11340.65039 0.092648
11340.84961 0.092178
11341.04004 0.091709
11341.24023 0.091239
11341.44043 0.090772
11341.63965 0.090302
11341.83984 0.089833
11342.03027 0.08935
11342.23047 0.088788
11342.42969 0.088227
11342.62988 0.087665
11342.83008 0.087106
11343.01953 0.086544
11343.21973 0.085982
11343.41992 0.08542
11343.62012 0.084861
11343.82031 0.0843
11344.00977 0.083732
11344.20996 0.083087
11344.41016 0.082442
11344.61035 0.0818
11344.80957 0.081155
11345.00000 0.08051
11345.20020 0.079866
11345.40039 0.079221
11345.59961 0.078579
11345.79980 0.077934
11345.99023 0.077289
11346.19043 0.076521
11346.38965 0.07575
11346.58984 0.074982
11346.79004 0.074211
11346.98047 0.073439
11347.17969 0.072668
11347.37988 0.071896
11347.58008 0.071125
11347.78027 0.070357
11347.96973 0.069586
11348.16992 0.068969
11348.37012 0.068375
11348.57031 0.067781
11348.76953 0.067187
11348.96973 0.066593
11349.16016 0.066003
11349.36035 0.065409
11349.55957 0.064815
11349.75977 0.064221
11349.95996 0.063627
11350.15039 0.062852
11350.34961 0.062025
11350.54980 0.061198
11350.75000 0.060376
11350.95020 0.059549
11351.13965 0.058722
11351.33984 0.057895
11351.54004 0.057068
11351.74023 0.056241
11351.94043 0.055415
11352.13965 0.054688
11352.33008 0.054008
11352.53027 0.053327
11352.73047 0.052647
11352.92969 0.051969
11353.12988 0.051289
11353.32031 0.050609
11353.51953 0.049928
11353.71973 0.049248
11353.91992 0.048567
11354.12012 0.047886
11354.32031 0.047204
11354.50977 0.046523
11354.70996 0.045841
11354.91016 0.04516
11355.11035 0.044478
11355.30957 0.043796
11355.50000 0.043115
11355.70020 0.042433
11355.90039 0.041752
11356.09961 0.0411
11356.29980 0.040478
11356.50000 0.039856
11356.69043 0.039234
11356.88965 0.038612
11357.08984 0.03799
11357.29004 0.037368
11357.49023 0.036746
11357.69043 0.036124
11357.87988 0.035502
11358.08008 0.034901
11358.28027 0.034332
11358.48047 0.033762
11358.67969 0.033192
11358.87988 0.032623
11359.07031 0.032053
11359.26953 0.031483
11359.46973 0.030914
11359.66992 0.030344
11359.87012 0.029774
11360.05957 0.029241
11360.25977 0.028782
11360.45996 0.028321
11360.66016 0.027862
11360.86035 0.027403
11361.05957 0.026944
11361.25000 0.026485
11361.45020 0.026026
11361.65039 0.025568
11361.84961 0.025109
11362.04980 0.024652
11362.25000 0.024199
11362.44043 0.023747
11362.63965 0.023294
11362.83984 0.02284
11363.04004 0.022387
11363.24023 0.021935
11363.44043 0.021482
11363.62988 0.02103
11363.83008 0.020578
11364.03027 0.020148
11364.23047 0.019843
11364.42969 0.019537
11364.62988 0.019232
11364.83008 0.018927
11365.01953 0.018622
11365.21973 0.018317
11365.41992 0.018012
11365.62012 0.017705
11365.82031 0.0174
11366.01953 0.017096
11366.20996 0.016797
11366.41016 0.016498
11366.61035 0.0162
11366.80957 0.015899
11367.00977 0.015601
11367.20996 0.015302
11367.40039 0.015003
11367.59961 0.014705
11367.79980 0.014406
11368.00000 0.014106
11368.20020 0.01389
11368.40039 0.013674
11368.58984 0.013458
11368.79004 0.013241
11368.99023 0.013024
11369.19043 0.012808
11369.38965 0.012592
11369.58984 0.012376
11369.79004 0.012159
11369.98047 0.011943
11370.17969 0.011735
11370.37988 0.011528
11370.58008 0.01132
11370.78027 0.011113
11370.98047 0.010906
11371.16992 0.010699
11371.37012 0.010491
11371.57031 0.010284
11371.76953 0.010077
11371.96973 0.00987
11372.16992 0.009717
11372.37012 0.009574
11372.55957 0.009432
11372.75977 0.009289
11372.95996 0.009147
11373.16016 0.009005
11373.36035 0.008863
11373.55957 0.00872
11373.75977 0.008577
11373.95020 0.008435
11374.15039 0.008299
11374.34961 0.008165
11374.54980 0.008031
11374.75000 0.007896
11374.95020 0.007762
11375.15039 0.007628
11375.33984 0.007494
11375.54004 0.00736
11375.74023 0.007226
11375.94043 0.007091
11376.13965 0.006975
11376.33984 0.006867
11376.54004 0.006758
11376.73047 0.006649
11376.92969 0.006541
11377.12988 0.006432
11377.33008 0.006324
11377.53027 0.006215
11377.73047 0.006107
11377.92969 0.005998
11378.12988 0.005904
11378.32031 0.00582
11378.51953 0.005736
11378.71973 0.005651
11378.91992 0.005566
11379.12012 0.005482
11379.32031 0.005397
11379.50977 0.005313
11379.70996 0.005228
11379.91016 0.005144
11380.11035 0.005059
11380.30957 0.004975
11380.50977 0.00489
11380.70996 0.004806
11380.91016 0.004722
11381.09961 0.004637
11381.29980 0.004553
11381.50000 0.004468
11381.70020 0.004384
11381.90039 0.004299
11382.09961 0.004227
11382.29980 0.004166
11382.50000 0.004105
11382.69043 0.004045
11382.88965 0.003984
11383.08984 0.003924
11383.29004 0.003863
11383.49023 0.003803
11383.69043 0.003742
11383.88965 0.003682
11384.08008 0.003622
11384.28027 0.003562
11384.48047 0.003502
11384.67969 0.003442
11384.87988 0.003382
11385.08008 0.003322
11385.28027 0.003262
11385.48047 0.003203
11385.66992 0.003143
11385.87012 0.003083
11386.07031 0.003034
11386.26953 0.003006
11386.46973 0.002977
11386.66992 0.002948
11386.87012 0.002919
11387.07031 0.00289
11387.25977 0.002861
11387.45996 0.002832
11387.66016 0.002803
11387.86035 0.002775
11388.05957 0.00274
11388.25977 0.002691
11388.45996 0.002643
11388.66016 0.002594
11388.86035 0.002545
11389.04980 0.002496
11389.25000 0.002448
11389.45020 0.002399
11389.65039 0.00235
11389.84961 0.002302
11390.04980 0.002259
11390.25000 0.002233
11390.45020 0.002208
11390.63965 0.002182
11390.83984 0.002156
11391.04004 0.002131
11391.24023 0.002105
11391.44043 0.00208
11391.63965 0.002054
11391.83984 0.002029
11392.04004 0.002004
11392.24023 0.001981
11392.42969 0.001957
11392.62988 0.001934
11392.83008 0.001911
11393.03027 0.001888
11393.23047 0.001865
11393.42969 0.001842
11393.62988 0.001819
11393.83008 0.001795
11394.03027 0.001773
11394.21973 0.001757
11394.41992 0.00174
11394.62012 0.001724
11394.82031 0.001708
11395.01953 0.001691
11395.21973 0.001675
11395.41992 0.001658
11395.62012 0.001642
11395.82031 0.001626
11396.00977 0.001608
11396.20996 0.00158
11396.41016 0.001551
11396.61035 0.001522
11396.80957 0.001493
11397.00977 0.001464
11397.20996 0.001435
11397.41016 0.001407
11397.61035 0.001378
11397.79980 0.001349
11398.00000 0.00132
11398.20020 0.001308
11398.40039 0.001295
11398.59961 0.001283
11398.79980 0.00127
11399.00000 0.001258
11399.20020 0.001245
11399.40039 0.001233
11399.59961 0.00122
11399.79004 0.001208
11399.99023 0.001195
11400.19043 0.001183
11400.38965 0.001171
11400.58984 0.00116
11400.79004 0.001148
11400.99023 0.001136
11401.19043 0.001124
11401.38965 0.001112
11401.58984 0.001101
11401.79004 0.001089
11401.98047 0.001077
11402.17969 0.00106
11402.37988 0.001042
11402.58008 0.001024
11402.78027 0.001006
11402.98047 0.000989
11403.17969 0.000971
11403.37988 0.000953
11403.58008 0.000935
11403.78027 0.000917
11403.96973 0.0009
11404.16992 0.000891
11404.37012 0.000883
11404.57031 0.000875
11404.76953 0.000867
11404.96973 0.00086
11405.16992 0.000852
11405.37012 0.000844
11405.57031 0.000836
11405.76953 0.000829
11405.95996 0.000821
11406.16016 0.000806
11406.36035 0.00079
11406.55957 0.000774
11406.75977 0.000757
11406.95996 0.000741
11407.16016 0.000725
11407.36035 0.000709
11407.55957 0.000692
11407.75977 0.000676
11407.95996 0.00066
11408.16016 0.000649
11408.34961 0.00064
11408.54980 0.000631
11408.75000 0.000622
11408.95020 0.000613
11409.15039 0.000605
11409.34961 0.000596
11409.54980 0.000587
11409.75000 0.000578
11409.95020 0.000569
11410.15039 0.00057
11410.34961 0.000575
11410.54980 0.000581
11410.75000 0.000586
11410.94043 0.000591
11411.13965 0.000596
11411.33984 0.000602
11411.54004 0.000607
11411.74023 0.000612
11411.94043 0.000617
11412.13965 0.000614
11412.33984 0.000608
11412.54004 0.000601
11412.74023 0.000595
11412.94043 0.000588
11413.12988 0.000581
11413.33008 0.000575
11413.53027 0.000568
11413.73047 0.000562
11413.92969 0.000555
11414.12988 0.000547
11414.33008 0.000538
11414.53027 0.000529
11414.73047 0.00052
11414.92969 0.000512
11415.12988 0.000503
11415.33008 0.000494
11415.53027 0.000485
11415.73047 0.000476
11415.91992 0.000467
11416.12012 0.000462
11416.32031 0.000459
11416.51953 0.000457
11416.71973 0.000454
11416.91992 0.000451
11417.12012 0.000449
11417.32031 0.000446
11417.51953 0.000443
11417.71973 0.000441
11417.91992 0.000438
11418.12012 0.000436
11418.32031 0.000434
11418.51953 0.000432
11418.70996 0.00043
11418.91016 0.000429
11419.11035 0.000427
11419.30957 0.000425
11419.50977 0.000423
11419.70996 0.000421
11419.91016 0.000419
11420.11035 0.000416
11420.30957 0.000411
11420.50977 0.000406
11420.70996 0.000401
12562.78125 0.0
