threeML/data/optical_filters/HST/NICMOS1-F164N.ecsv
# %ECSV 0.9
# ---
# datatype:
# - {name: wavelength, unit: Angstrom, datatype: float32}
# - {name: response, datatype: float32}
# meta: !!omap
# - {band_name: F164N}
# - {group_name: NICMOS1}
wavelength response
[from data line 768]
16388.26953 0.164273
16388.46094 0.164901
16388.66016 0.16553
16388.85938 0.166158
16389.06055 0.166787
16389.25977 0.167415
16389.46094 0.168044
16389.66016 0.168673
16389.85938 0.169301
16390.06055 0.169918
16390.25977 0.170507
16390.46094 0.171095
16390.66016 0.171684
16390.85938 0.172272
16391.05078 0.172861
16391.25000 0.173449
16391.44922 0.174038
16391.65039 0.174626
16391.84961 0.175215
16392.05078 0.175764
16392.25000 0.176195
16392.44922 0.176627
16392.65039 0.177059
16392.84961 0.17749
16393.05078 0.177922
16393.25000 0.178354
16393.44922 0.178785
16393.64062 0.179217
16393.83984 0.179649
16394.03906 0.180067
16394.24023 0.180438
16394.43945 0.180808
16394.64062 0.181179
16394.83984 0.181549
16395.03906 0.18192
16395.24023 0.18229
16395.43945 0.182657
16395.63086 0.183028
16395.83008 0.183398
16396.02930 0.183749
16396.23047 0.184003
16396.42969 0.184256
16396.63086 0.184509
16396.83008 0.184763
16397.02930 0.185016
16397.23047 0.18527
16397.42969 0.185526
16397.63086 0.185779
16397.83008 0.186033
16398.02930 0.186277
16398.23047 0.186461
16398.42969 0.186644
16398.63086 0.186828
16398.82031 0.187012
16399.01953 0.187196
16399.22070 0.18738
16399.41992 0.187564
16399.61914 0.187748
16399.82031 0.187932
16400.01953 0.18811
16400.22070 0.188235
16400.41992 0.18836
16400.61914 0.188485
16400.82031 0.18861
16401.01953 0.188735
16401.21094 0.18886
16401.41016 0.188985
16401.60938 0.18911
16401.81055 0.189236
16402.00977 0.189356
16402.21094 0.189403
16402.41016 0.18945
16402.60938 0.189498
16402.81055 0.189545
16403.00977 0.189592
16403.21094 0.189639
16403.41016 0.189686
16403.60938 0.189734
16403.80078 0.189781
16404.00000 0.189828
16404.19922 0.18986
16404.40039 0.189893
16404.59961 0.189925
16404.80078 0.189957
16405.00000 0.189989
16405.19922 0.190022
16405.40039 0.190054
16405.59961 0.190086
16405.80078 0.190119
16406.00000 0.190151
16406.19922 0.190106
16406.40039 0.19006
16406.59961 0.190015
16406.78906 0.189969
16406.99023 0.189924
16407.18945 0.189878
16407.39062 0.189832
16407.58984 0.189787
16407.78906 0.189741
16407.99023 0.189695
16408.18945 0.189646
16408.39062 0.189597
16408.58984 0.189547
16408.78906 0.189498
16408.99023 0.189449
16409.18945 0.189399
16409.39062 0.18935
16409.58984 0.189301
16409.78906 0.189251
16409.98047 0.189202
16410.17969 0.189126
16410.38086 0.189047
16410.58008 0.188969
16410.77930 0.188891
16410.98047 0.188813
16411.17969 0.188734
16411.38086 0.188656
16411.58008 0.188578
16411.77930 0.1885
16411.98047 0.188421
16412.17969 0.188358
16412.38086 0.188295
16412.58008 0.188233
16412.77930 0.188172
16412.98047 0.18811
16413.17969 0.188048
16413.38086 0.187986
16413.57031 0.187924
16413.76953 0.187862
16413.97070 0.1878
16414.16992 0.187716
16414.36914 0.187626
16414.57031 0.187537
16414.76953 0.187448
16414.97070 0.18736
16415.16992 0.187271
16415.36914 0.187182
16415.57031 0.187094
16415.76953 0.187005
16415.97070 0.186915
16416.16992 0.186823
16416.36914 0.186729
16416.57031 0.186636
16416.76953 0.186542
16416.96094 0.186448
16417.16016 0.186355
16417.35938 0.186261
16417.56055 0.186167
16417.75977 0.186073
16417.96094 0.18598
16418.16016 0.185934
16418.35938 0.185899
16418.56055 0.185865
16418.75977 0.18583
16418.96094 0.185795
16419.16016 0.185761
16419.35938 0.185726
16419.56055 0.185692
16419.75977 0.185657
16419.96094 0.185622
16420.16016 0.185535
16420.35938 0.185432
16420.56055 0.18533
16420.75977 0.185227
16420.96094 0.185125
16421.15039 0.185023
16421.34961 0.184921
16421.55078 0.184819
16421.75000 0.184716
16421.94922 0.184613
16422.15039 0.184568
16422.34961 0.184541
16422.55078 0.184514
16422.75000 0.184487
16422.94922 0.184459
16423.15039 0.184432
16423.34961 0.184405
16423.55078 0.184378
16423.75000 0.184351
16423.94922 0.184323
16424.15039 0.184284
16424.34961 0.184241
16424.55078 0.184198
16424.75000 0.184155
16424.94922 0.184112
16425.14062 0.184069
16425.34961 0.184026
16425.53906 0.183983
16425.74023 0.18394
16425.93945 0.183897
16426.14062 0.183865
16426.33984 0.183838
16426.53906 0.183811
16426.74023 0.183783
16426.93945 0.183756
16427.14062 0.183729
16427.33984 0.183701
16427.53906 0.183674
16427.74023 0.183647
16427.93945 0.183619
16428.14062 0.183624
16428.33984 0.183642
16428.53906 0.18366
16428.74023 0.183678
16428.93945 0.183696
16429.14062 0.183714
16429.33984 0.183732
16429.53906 0.18375
16429.74023 0.183768
16429.93945 0.183786
16430.13086 0.183782
16430.33984 0.183766
16430.53906 0.183751
16430.73047 0.183735
16430.92969 0.18372
16431.13086 0.183704
16431.33008 0.183689
16431.52930 0.183673
16431.73047 0.183658
16431.92969 0.183642
16432.13086 0.183661
16432.33008 0.183696
16432.52930 0.183732
16432.73047 0.183768
16432.92969 0.183803
16433.13086 0.183839
16433.33008 0.183874
16433.52930 0.18391
16433.73047 0.183946
16433.92969 0.183981
16434.13086 0.184016
16434.33008 0.184051
16434.52930 0.184086
16434.73047 0.184122
16434.92969 0.184157
16435.13086 0.184192
16435.33008 0.184226
16435.52930 0.184261
16435.73047 0.184297
16435.92969 0.184332
16436.11914 0.184361
16436.32031 0.184386
16436.52930 0.184412
16436.72070 0.184438
16436.91992 0.184463
16437.11914 0.184489
16437.32031 0.184515
16437.51953 0.18454
16437.72070 0.184566
16437.91992 0.184591
16438.11914 0.184638
16438.32031 0.184697
16438.51953 0.184755
16438.72070 0.184815
16438.91992 0.184874
16439.11914 0.184933
16439.32031 0.184991
16439.51953 0.185051
16439.72070 0.18511
16439.91992 0.185169
16440.11914 0.185228
16440.32031 0.185287
16440.51953 0.185347
16440.72070 0.185406
16440.91992 0.185466
16441.11914 0.185525
16441.32031 0.185584
16441.51953 0.185643
16441.72070 0.185703
16441.91992 0.185762
16442.11914 0.185822
16442.32031 0.185882
16442.51953 0.185942
16442.72070 0.186002
16442.91992 0.186062
16443.11914 0.186123
16443.32031 0.186183
16443.51953 0.186243
16443.72070 0.186303
16443.91992 0.186363
16444.11914 0.186415
16444.31055 0.18646
16444.51953 0.186506
16444.71094 0.186551
16444.91016 0.186597
16445.11914 0.186642
16445.31055 0.186688
16445.50977 0.186733
16445.71094 0.186779
16445.91016 0.186825
16446.10938 0.186892
16446.31055 0.186976
16446.50977 0.187061
16446.71094 0.187145
16446.91016 0.18723
16447.10938 0.187315
16447.31055 0.187399
16447.50977 0.187483
16447.71094 0.187568
16447.91016 0.187653
16448.10938 0.187728
16448.31055 0.187798
16448.50977 0.187867
16448.71094 0.187936
16448.91016 0.188005
16449.10938 0.188074
16449.31055 0.188143
16449.50977 0.188212
16449.71094 0.188281
16449.91016 0.18835
16450.10938 0.188416
16450.31055 0.188479
16450.50977 0.188542
16450.71094 0.188606
16450.91016 0.188669
16451.10938 0.188732
16451.31055 0.188795
16451.50977 0.188859
16451.71094 0.188921
16451.91016 0.188985
16452.10938 0.189037
16452.31055 0.18908
16452.50977 0.189124
16452.71094 0.189167
16452.91016 0.189211
16453.10938 0.189254
16453.31055 0.189297
16453.50977 0.189341
16453.71094 0.189384
16453.91016 0.189427
16454.10938 0.189494
16454.31055 0.189578
16454.50977 0.189663
16454.71094 0.189748
16454.91016 0.189833
16455.10938 0.189917
16455.31055 0.190003
16455.50977 0.190087
16455.71094 0.190172
16455.91016 0.190257
16456.10938 0.190331
16456.31055 0.190396
16456.50977 0.19046
16456.71094 0.190524
16456.91016 0.190589
16457.10938 0.190653
16457.31055 0.190717
16457.50977 0.190782
16457.71094 0.190846
16457.91016 0.190911
16458.10938 0.190965
16458.31055 0.191011
16458.50977 0.191057
16458.71094 0.191103
16458.91016 0.191149
16459.10938 0.191195
16459.31055 0.191241
16459.50977 0.191287
16459.71094 0.191333
16459.91016 0.191379
16460.10938 0.191422
16460.31055 0.191462
16460.50977 0.191503
16460.71094 0.191543
16460.91016 0.191584
16461.10938 0.191624
16461.31055 0.191664
16461.50977 0.191705
16461.71094 0.191745
16461.91016 0.191786
16462.10938 0.191818
16462.31055 0.191842
16462.50977 0.191867
16462.71094 0.191891
16462.91016 0.191916
16463.10938 0.19194
16463.31055 0.191965
16463.50977 0.19199
16463.71094 0.192014
16463.91016 0.192039
16464.10938 0.192063
16464.31055 0.192086
16464.50977 0.19211
16464.71094 0.192133
16464.91016 0.192157
16465.10938 0.19218
16465.31055 0.192204
16465.50977 0.192227
16465.71094 0.192251
16465.91016 0.192275
16466.10938 0.192301
16466.31055 0.192331
16466.50977 0.192361
16466.71094 0.19239
16466.91016 0.19242
16467.10938 0.19245
16467.31055 0.192479
16467.50977 0.192509
16467.71094 0.192539
16467.91016 0.192568
16468.10938 0.192593
16468.31055 0.192613
16468.50977 0.192634
16468.71094 0.192654
16468.91016 0.192675
16469.10938 0.192695
16469.31055 0.192716
16469.50977 0.192737
16469.71094 0.192757
16469.91016 0.192778
16470.10938 0.192774
16470.31055 0.192751
16470.50977 0.192728
16470.71094 0.192704
16470.91016 0.192681
16471.10938 0.192658
16471.31055 0.192635
16471.50977 0.192611
16471.71094 0.192588
16471.91016 0.192565
16472.10938 0.192578
16472.31055 0.192619
16472.50977 0.192662
16472.71094 0.192703
16472.91016 0.192745
16473.10938 0.192787
16473.31055 0.192829
16473.50977 0.19287
16473.71094 0.192912
16473.91016 0.192954
16474.10938 0.192983
16474.31055 0.193001
16474.50977 0.193019
16474.71094 0.193038
16474.91016 0.193056
16475.10938 0.193074
16475.31055 0.193093
16475.50977 0.193111
16475.71094 0.19313
16475.91016 0.193148
16476.11914 0.193139
16476.31055 0.193111
16476.51953 0.193083
16476.71094 0.193054
16476.91992 0.193026
16477.11914 0.192997
16477.32031 0.192969
16477.51953 0.192941
16477.72070 0.192912
16477.91992 0.192884
16478.11914 0.192863
16478.32031 0.192847
16478.51953 0.192831
16478.72070 0.192815
16478.91992 0.192799
16479.11914 0.192783
16479.32031 0.192767
16479.51953 0.192752
16479.72070 0.192736
16479.91992 0.19272
16480.11914 0.192708
16480.32031 0.192698
16480.51953 0.192689
16480.72070 0.19268
16480.91992 0.19267
16481.11914 0.192661
16481.32031 0.192651
16481.51953 0.192642
16481.72070 0.192632
16481.91992 0.192623
16482.11914 0.192614
16482.32031 0.192605
16482.51953 0.192597
16482.72070 0.192589
16482.91992 0.19258
16483.11914 0.192572
16483.32031 0.192563
16483.51953 0.192555
16483.72070 0.192547
16483.91992 0.192538
16484.11914 0.192508
16484.32031 0.192465
16484.52930 0.192422
16484.72070 0.19238
16484.92969 0.192336
16485.13086 0.192294
16485.33008 0.19225
16485.52930 0.192208
16485.73047 0.192165
16485.92969 0.192122
16486.13086 0.192097
16486.33008 0.192082
16486.52930 0.192068
16486.73047 0.192054
16486.92969 0.192039
16487.13086 0.192025
16487.33008 0.19201
16487.52930 0.191996
16487.73047 0.191981
16487.92969 0.191967
16488.13086 0.191947
16488.33008 0.191925
16488.52930 0.191903
16488.73047 0.191881
16488.92969 0.191859
16489.13086 0.191836
16489.33008 0.191814
16489.52930 0.191792
16489.73047 0.19177
16489.92969 0.191748
16490.13086 0.19173
16490.33008 0.191714
16490.53906 0.191698
16490.73047 0.191682
16490.93945 0.191666
16491.13086 0.19165
16491.33984 0.191634
16491.53906 0.191618
16491.74023 0.191602
16491.93945 0.191586
16492.14062 0.19158
16492.33984 0.191578
16492.53906 0.191576
16492.74023 0.191574
16492.93945 0.191572
16493.14062 0.19157
16493.33984 0.191568
16493.53906 0.191566
16493.74023 0.191563
16493.93945 0.191562
16494.14062 0.191543
16494.33984 0.191517
16494.53906 0.191491
16494.74023 0.191465
16494.93945 0.191439
16495.14062 0.191413
16495.33984 0.191387
16495.53906 0.191361
16495.74023 0.191335
16495.94922 0.191309
16496.15039 0.191285
16496.34961 0.191261
16496.55078 0.191238
16496.75000 0.191214
16496.94922 0.19119
16497.15039 0.191167
16497.34961 0.191143
16497.55078 0.191119
16497.75000 0.191096
16497.94922 0.191072
16498.15039 0.191031
16498.34961 0.190986
16498.55078 0.19094
16498.75000 0.190893
16498.94922 0.190847
16499.15039 0.190801
16499.34961 0.190755
16499.55078 0.190709
16499.75000 0.190663
16499.96094 0.190616
16500.15039 0.190593
16500.35938 0.190576
16500.55078 0.190559
16500.75977 0.190543
16500.96094 0.190526
16501.16016 0.190509
16501.35938 0.190492
16501.56055 0.190475
16501.75977 0.190458
16501.96094 0.190442
16502.16016 0.190397
16502.35938 0.190346
16502.56055 0.190295
16502.75977 0.190243
16502.96094 0.190192
16503.16016 0.19014
16503.35938 0.190089
16503.56055 0.190038
16503.75977 0.189986
16503.96094 0.189935
16504.16016 0.189884
16504.36914 0.189833
16504.57031 0.189782
16504.76953 0.189731
16504.97070 0.18968
16505.16992 0.189629
16505.36914 0.189578
16505.57031 0.189527
16505.76953 0.189476
16505.97070 0.189425
16506.16992 0.189387
16506.36914 0.189351
16506.57031 0.189314
16506.76953 0.189278
16506.97070 0.189242
16507.16992 0.189205
16507.36914 0.189169
16507.57031 0.189133
16507.77930 0.189097
16507.97070 0.189061
16508.17969 0.188986
16508.38086 0.188906
16508.58008 0.188827
16508.77930 0.188747
16508.98047 0.188667
16509.17969 0.188587
16509.38086 0.188508
16509.58008 0.188428
16509.77930 0.188348
16509.98047 0.188269
16510.17969 0.188176
16510.38086 0.188082
16510.58008 0.187988
16510.77930 0.187894
16510.98047 0.1878
16511.18945 0.187706
16511.38086 0.187613
16511.58984 0.187518
16511.78906 0.187424
16511.99023 0.187331
16512.18945 0.187175
16512.39062 0.187014
16512.58984 0.186853
16512.78906 0.186694
16512.99023 0.186533
16513.18945 0.186372
16513.39062 0.186211
16513.58984 0.186051
16513.78906 0.18589
16513.99023 0.185729
16514.18945 0.185595
16514.39062 0.185461
16514.59961 0.185326
16514.80078 0.185191
16515.00000 0.185058
16515.19922 0.184923
16515.40039 0.184788
16515.59961 0.184653
16515.80078 0.18452
16516.00000 0.184385
16516.19922 0.184143
16516.40039 0.183902
16516.59961 0.183663
16516.80078 0.183422
16517.00000 0.18318
16517.21094 0.182939
16517.40039 0.1827
16517.60938 0.182458
16517.81055 0.182217
16518.00977 0.181977
16518.21094 0.181764
16518.41016 0.181549
16518.60938 0.181334
16518.81055 0.181119
16519.00977 0.180906
16519.21094 0.180691
16519.41016 0.180476
16519.60938 0.18026
16519.81055 0.180045
16520.00977 0.179824
16520.21094 0.179494
16520.41992 0.179163
16520.61914 0.178832
16520.82031 0.178505
16521.01953 0.178174
16521.22070 0.177843
16521.41992 0.177513
16521.61914 0.177185
16521.82031 0.176854
16522.01953 0.176519
16522.22070 0.176148
16522.41992 0.175777
16522.61914 0.17541
16522.82031 0.175039
16523.02930 0.174667
16523.23047 0.174296
16523.42969 0.173925
16523.63086 0.173558
16523.83008 0.173186
16524.02930 0.172803
16524.23047 0.17235
16524.42969 0.171897
16524.63086 0.171449
16524.83008 0.170996
16525.02930 0.170543
16525.23047 0.17009
16525.43945 0.169637
16525.63086 0.169189
16525.83984 0.168736
16526.03906 0.168266
16526.24023 0.167722
16526.43945 0.167178
16526.64062 0.166639
16526.83984 0.166095
16527.03906 0.16555
16527.24023 0.165006
16527.43945 0.164462
16527.64062 0.163923
16527.83984 0.163379
16528.03906 0.162848
16528.25000 0.162365
16528.44922 0.161883
16528.65039 0.1614
16528.84961 0.160921
16529.05078 0.160439
16529.25000 0.159956
16529.44922 0.159473
16529.65039 0.15899
16529.84961 0.158511
16530.05078 0.157978
16530.25000 0.157304
16530.46094 0.156629
16530.66016 0.155955
16530.85938 0.15528
16531.06055 0.154605
16531.25977 0.153937
16531.46094 0.153263
16531.66016 0.152588
16531.85938 0.151913
16532.06055 0.151243
16532.25977 0.150583
16532.46094 0.14993
16532.66016 0.14927
16532.86914 0.14861
16533.07031 0.14795
16533.26953 0.14729
16533.47070 0.14663
16533.66992 0.14597
16533.86914 0.145316
16534.07031 0.144637
16534.26953 0.143923
16534.47070 0.14321
16534.66992 0.142496
16534.86914 0.141783
16535.08008 0.141069
16535.27930 0.140362
16535.48047 0.139649
16535.67969 0.138935
16535.88086 0.138221
16536.08008 0.137486
16536.27930 0.136719
16536.48047 0.135952
16536.67969 0.135193
16536.88086 0.134426
16537.08008 0.133659
16537.28906 0.132892
16537.49023 0.132125
16537.68945 0.131358
16537.89062 0.130591
16538.08984 0.129837
16538.28906 0.129106
16538.49023 0.128368
16538.68945 0.127631
16538.89062 0.126892
16539.08984 0.126155
16539.28906 0.125416
16539.50000 0.124678
16539.69922 0.12394
16539.90039 0.123202
16540.09961 0.12244
16540.30078 0.121637
16540.50000 0.120835
16540.69922 0.120032
16540.90039 0.11923
16541.09961 0.118427
