threeML/data/optical_filters/HST/NICMOS3-F240M.ecsv
# %ECSV 0.9
# ---
# datatype:
# - {name: wavelength, unit: Angstrom, datatype: float32}
# - {name: response, datatype: float32}
# meta: !!omap
# - {band_name: F240M}
# - {group_name: NICMOS3}
wavelength response
[from data line 7661]
25142.10938 0.022589
25142.52930 0.022459
25142.94922 0.022329
25143.36914 0.022199
25143.78906 0.02207
25144.21094 0.021941
25144.61914 0.021812
25145.03906 0.021688
25145.46094 0.021602
25145.88086 0.021516
25146.30078 0.021431
25146.72070 0.021346
25147.14062 0.021261
25147.56055 0.021176
25147.98047 0.021091
25148.40039 0.021006
25148.82031 0.020921
25149.24023 0.020837
25149.66016 0.020752
25150.08008 0.020668
25150.50000 0.020582
25150.91992 0.020497
25151.33984 0.020412
25151.75977 0.020327
25152.17969 0.020242
25152.59961 0.020157
25153.01953 0.020072
25153.43945 0.019987
25153.85938 0.019903
25154.27930 0.019819
25154.69922 0.019734
25155.11914 0.019653
25155.53906 0.019579
25155.96094 0.019506
25156.36914 0.019432
25156.78906 0.019359
25157.21094 0.019286
25157.63086 0.019213
25158.05078 0.01914
25158.47070 0.019067
25158.89062 0.018994
25159.31055 0.018921
25159.73047 0.018849
25160.15039 0.018769
25160.57031 0.018676
25160.99023 0.018583
25161.41016 0.018491
25161.83008 0.018398
25162.25000 0.018306
25162.66992 0.018214
25163.08984 0.018122
25163.50977 0.01803
25163.92969 0.017939
25164.34961 0.017847
25164.76953 0.017756
25165.18945 0.017671
25165.60938 0.017593
25166.02930 0.017516
25166.44922 0.017439
25166.86914 0.017362
25167.28906 0.017285
25167.71094 0.017209
25168.13086 0.017132
25168.55078 0.017055
25168.97070 0.016979
25169.39062 0.016903
25169.81055 0.016827
25170.23047 0.016753
25170.65039 0.016681
25171.07031 0.016609
25171.49023 0.016537
25171.91016 0.016466
25172.33008 0.016394
25172.75000 0.016323
25173.16992 0.016252
25173.58984 0.01618
25174.00977 0.016109
25174.42969 0.016038
25174.84961 0.015968
25175.26953 0.015901
25175.68945 0.015836
25176.10938 0.015772
25176.52930 0.015708
25176.94922 0.015643
25177.36914 0.015579
25177.78906 0.015515
25178.21094 0.015451
25178.63086 0.015387
25179.05078 0.015324
25179.47070 0.01526
25179.89062 0.015196
25180.31055 0.015136
25180.73047 0.015077
25181.15039 0.015018
25181.57031 0.014959
25181.99023 0.0149
25182.41016 0.014841
25182.83008 0.014782
25183.25000 0.014724
25183.66992 0.014665
25184.08984 0.014607
25184.50977 0.014548
25184.92969 0.01449
25185.34961 0.014405
25185.76953 0.014314
25186.18945 0.014224
25186.60938 0.014134
25187.02930 0.014044
25187.44922 0.013954
25187.86914 0.013864
25188.28906 0.013775
25188.71094 0.013685
25189.13086 0.013596
25189.55078 0.013507
25189.97070 0.013418
25190.39062 0.013343
25190.81055 0.01327
25191.23047 0.013196
25191.66016 0.013123
25192.08008 0.01305
25192.50000 0.012977
25192.91992 0.012904
25193.33984 0.012831
25193.75977 0.012758
25194.17969 0.012686
25194.59961 0.012613
25195.01953 0.012543
25195.43945 0.012519
25195.85938 0.012495
25196.27930 0.012472
25196.69922 0.012448
25197.11914 0.012424
25197.53906 0.012401
25197.96094 0.012377
25198.38086 0.012353
25198.80078 0.01233
25199.22070 0.012306
25199.64062 0.012283
25200.06055 0.012254
25200.48047 0.012192
25200.90039 0.012132
25201.32031 0.012071
25201.74023 0.01201
25202.16992 0.011949
25202.58984 0.011889
25203.00977 0.011829
25203.42969 0.011768
25203.84961 0.011708
25204.26953 0.011648
25204.68945 0.011588
25205.10938 0.011536
25205.52930 0.01151
25205.94922 0.011483
25206.36914 0.011457
25206.78906 0.01143
25207.21094 0.011403
25207.63086 0.011377
25208.05078 0.01135
25208.47070 0.011324
25208.89062 0.011297
25209.31055 0.011271
25209.73047 0.011245
25210.16016 0.011201
25210.58008 0.011127
25211.00000 0.011054
25211.41992 0.01098
25211.83984 0.010907
25212.25977 0.010834
25212.67969 0.010761
25213.09961 0.010688
25213.51953 0.010616
25213.93945 0.010543
25214.35938 0.010471
25214.77930 0.010398
25215.19922 0.010351
25215.61914 0.010331
25216.03906 0.01031
25216.47070 0.01029
25216.89062 0.01027
25217.31055 0.010249
25217.73047 0.010229
25218.15039 0.010208
25218.57031 0.010188
25218.99023 0.010168
25219.41016 0.010147
25219.83008 0.010127
25220.25000 0.010096
25220.66992 0.010058
25221.08984 0.01002
25221.51953 0.009981
25221.93945 0.009943
25222.35938 0.009905
25222.77930 0.009867
25223.19922 0.009829
25223.61914 0.009791
25224.03906 0.009754
25224.46094 0.009716
25224.88086 0.009678
25225.30078 0.009617
25225.72070 0.009548
25226.14062 0.009478
25226.56055 0.009408
25226.99023 0.009339
25227.41016 0.00927
25227.83008 0.0092
25228.25000 0.009132
25228.66992 0.009063
25229.08984 0.008994
25229.50977 0.008925
25229.92969 0.008857
25230.34961 0.008825
25230.77930 0.008799
25231.19922 0.008774
25231.61914 0.008749
25232.03906 0.008724
25232.46094 0.008699
25232.88086 0.008674
25233.30078 0.008648
25233.72070 0.008624
25234.14062 0.008598
25234.56055 0.008574
25234.98047 0.008549
25235.41016 0.008493
25235.83008 0.008438
25236.25000 0.008381
25236.66992 0.008326
25237.08984 0.00827
25237.50977 0.008214
25237.92969 0.008159
25238.34961 0.008103
25238.76953 0.008048
25239.19922 0.007993
25239.61914 0.007938
25240.03906 0.007886
25240.46094 0.007859
25240.88086 0.007832
25241.30078 0.007806
25241.72070 0.007779
25242.14062 0.007752
25242.56055 0.007726
25242.98047 0.007699
25243.41016 0.007673
25243.83008 0.007646
25244.25000 0.00762
25244.66992 0.007594
25245.08984 0.007567
25245.50977 0.00754
25245.92969 0.007513
25246.35938 0.007485
25246.77930 0.007458
25247.19922 0.007431
25247.61914 0.007404
25248.03906 0.007377
25248.46094 0.00735
25248.88086 0.007323
25249.30078 0.007296
25249.72070 0.007269
25250.15039 0.007241
25250.57031 0.007209
25250.99023 0.007177
25251.41016 0.007146
25251.83008 0.007114
25252.25000 0.007083
25252.66992 0.007052
25253.09961 0.00702
25253.51953 0.006989
25253.93945 0.006958
25254.35938 0.006927
25254.77930 0.006896
25255.19922 0.006876
25255.61914 0.006869
25256.03906 0.006862
25256.47070 0.006854
25256.89062 0.006847
25257.31055 0.00684
25257.73047 0.006833
25258.15039 0.006826
25258.57031 0.006818
25258.99023 0.006811
25259.41992 0.006804
25259.83984 0.006797
25260.25977 0.006782
25260.67969 0.006764
25261.09961 0.006745
25261.51953 0.006726
25261.94922 0.006707
25262.36914 0.006689
25262.78906 0.00667
25263.21094 0.006652
25263.63086 0.006633
25264.05078 0.006615
25264.47070 0.006596
25264.89062 0.006578
25265.32031 0.006524
25265.74023 0.006459
25266.16016 0.006395
25266.58008 0.00633
25267.00000 0.006266
25267.41992 0.006202
25267.84961 0.006138
25268.26953 0.006074
25268.68945 0.006011
25269.10938 0.005947
25269.52930 0.005884
25269.96094 0.005821
25270.36914 0.005789
25270.80078 0.005761
25271.22070 0.005734
25271.64062 0.005706
25272.06055 0.005678
25272.48047 0.005651
25272.91016 0.005623
25273.33008 0.005596
25273.75000 0.005569
25274.16992 0.005541
25274.58984 0.005514
25275.00977 0.005487
25275.43945 0.005458
25275.85938 0.005429
25276.27930 0.0054
25276.69922 0.005371
25277.11914 0.005342
25277.53906 0.005313
25277.97070 0.005285
25278.39062 0.005256
25278.81055 0.005227
25279.23047 0.005199
25279.65039 0.00517
25280.07031 0.00514
25280.50000 0.0051
25280.91992 0.00506
25281.33984 0.00502
25281.75977 0.00498
25282.17969 0.004941
25282.60938 0.004901
25283.02930 0.004861
25283.44922 0.004822
25283.86914 0.004783
25284.28906 0.004744
25284.71094 0.004704
25285.14062 0.00468
25285.56055 0.004684
25285.98047 0.004689
25286.40039 0.004694
25286.82031 0.004699
25287.25000 0.004703
25287.66992 0.004708
25288.08984 0.004713
25288.50977 0.004717
25288.92969 0.004722
25289.35938 0.004726
25289.77930 0.004731
25290.19922 0.004723
25290.61914 0.0047
25291.03906 0.004678
25291.46094 0.004656
25291.89062 0.004633
25292.31055 0.004611
25292.73047 0.004589
25293.15039 0.004567
25293.58008 0.004545
25294.00000 0.004523
25294.41992 0.004501
25294.83984 0.004479
25295.25977 0.004476
25295.68945 0.004485
25296.10938 0.004494
25296.52930 0.004502
25296.94922 0.004511
25297.36914 0.004519
25297.80078 0.004528
25298.22070 0.004536
25298.64062 0.004545
25299.06055 0.004553
25299.48047 0.004561
25299.91016 0.00457
25300.33008 0.00455
25300.75000 0.004523
25301.16992 0.004496
25301.59961 0.004468
25302.01953 0.004441
25302.43945 0.004414
25302.85938 0.004387
25303.27930 0.00436
25303.71094 0.004334
25304.13086 0.004307
25304.55078 0.00428
25304.97070 0.004253
25305.39062 0.004218
25305.82031 0.004181
25306.24023 0.004145
25306.66016 0.004109
25307.08008 0.004073
25307.50977 0.004037
25307.92969 0.004001
25308.34961 0.003965
25308.76953 0.003929
25309.19922 0.003894
25309.61914 0.003858
25310.03906 0.003823
25310.46094 0.00379
25310.88086 0.003757
25311.31055 0.003724
25311.73047 0.003691
25312.15039 0.003659
25312.57031 0.003626
25313.00000 0.003594
25313.41992 0.003561
25313.83984 0.003529
25314.25977 0.003497
25314.68945 0.003464
25315.10938 0.003441
25315.52930 0.003441
25315.94922 0.003441
25316.36914 0.003442
25316.80078 0.003442
25317.22070 0.003442
25317.64062 0.003442
25318.06055 0.003442
25318.49023 0.003443
25318.91016 0.003443
25319.33008 0.003443
25319.75000 0.003443
25320.17969 0.003451
25320.59961 0.003471
25321.01953 0.00349
25321.43945 0.003509
25321.86914 0.003528
25322.28906 0.003547
25322.71094 0.003566
25323.13086 0.003585
25323.56055 0.003604
25323.98047 0.003623
25324.40039 0.003641
25324.82031 0.00366
25325.25000 0.00364
25325.66992 0.003593
25326.08984 0.003545
25326.50977 0.003498
25326.93945 0.003451
25327.35938 0.003404
25327.77930 0.003358
25328.19922 0.003311
25328.63086 0.003265
25329.05078 0.003219
25329.47070 0.003173
25329.89062 0.003127
25330.32031 0.003113
25330.74023 0.003111
25331.16016 0.003108
25331.58008 0.003105
25332.00977 0.003103
25332.42969 0.0031
25332.84961 0.003097
25333.27930 0.003095
25333.69922 0.003092
25334.11914 0.003089
25334.53906 0.003086
25334.97070 0.003084
25335.39062 0.003077
25335.81055 0.00307
25336.23047 0.003063
25336.66016 0.003056
25337.08008 0.003049
25337.50000 0.003042
25337.92969 0.003035
25338.34961 0.003028
25338.76953 0.003021
25339.18945 0.003014
25339.61914 0.003007
25340.03906 0.003
25340.46094 0.002986
25340.88086 0.002973
25341.31055 0.002959
25341.73047 0.002946
25342.15039 0.002932
25342.58008 0.002919
25343.00000 0.002905
25343.41992 0.002892
25343.83984 0.002879
25344.26953 0.002865
25344.68945 0.002852
25345.10938 0.002835
25345.53906 0.002807
25345.96094 0.00278
25346.38086 0.002752
25346.80078 0.002725
25347.23047 0.002698
25347.65039 0.002671
25348.07031 0.002643
25348.50000 0.002616
25348.91992 0.002589
25349.33984 0.002563
25349.76953 0.002536
25350.18945 0.002523
25350.60938 0.002529
25351.02930 0.002534
25351.46094 0.002539
25351.88086 0.002545
25352.30078 0.00255
25352.73047 0.002555
25353.15039 0.002561
25353.57031 0.002566
25353.99023 0.002571
25354.41992 0.002576
25354.83984 0.002581
25355.25977 0.002572
25355.68945 0.002554
25356.10938 0.002536
25356.52930 0.002518
25356.96094 0.002501
25357.38086 0.002483
25357.80078 0.002466
25358.22070 0.002448
25358.65039 0.002431
25359.07031 0.002413
25359.49023 0.002396
25359.91992 0.002379
25360.33984 0.002359
25360.75977 0.002339
25361.18945 0.002319
25361.60938 0.0023
25362.02930 0.00228
25362.46094 0.00226
25362.88086 0.002241
25363.30078 0.002221
25363.73047 0.002202
25364.15039 0.002183
25364.57031 0.002163
25365.00000 0.002144
25365.41992 0.002133
25365.83984 0.002123
25366.26953 0.002112
25366.68945 0.002102
25367.10938 0.002091
25367.53906 0.002081
25367.96094 0.00207
25368.38086 0.00206
25368.80078 0.00205
25369.23047 0.002039
25369.65039 0.002029
25370.07031 0.002018
25370.50000 0.002005
25370.91992 0.001993
25371.33984 0.00198
25371.76953 0.001968
25372.18945 0.001955
25372.60938 0.001942
25373.03906 0.00193
25373.46094 0.001917
25373.88086 0.001905
25374.31055 0.001893
25374.73047 0.00188
25375.15039 0.001874
25375.58008 0.001877
25376.00000 0.00188
25376.41992 0.001884
25376.84961 0.001887
25377.26953 0.00189
25377.69922 0.001894
25378.11914 0.001897
25378.53906 0.0019
25378.96094 0.001903
25379.39062 0.001906
25379.81055 0.00191
25380.23047 0.001905
25380.66016 0.001894
25381.08008 0.001883
25381.50977 0.001872
25381.92969 0.001861
25382.34961 0.001851
25382.77930 0.00184
25383.19922 0.001829
25383.61914 0.001819
25384.05078 0.001808
25384.47070 0.001797
25384.89062 0.001787
25385.32031 0.001776
25385.74023 0.001765
25386.16016 0.001754
25386.58984 0.001744
25387.00977 0.001733
25387.43945 0.001722
25387.85938 0.001712
25388.27930 0.001701
25388.71094 0.001691
25389.13086 0.00168
25389.55078 0.00167
25389.98047 0.001659
25390.40039 0.001652
25390.82031 0.001646
25391.25000 0.00164
25391.66992 0.001633
25392.08984 0.001627
25392.51953 0.00162
25392.93945 0.001614
25393.36914 0.001608
25393.78906 0.001601
25394.21094 0.001595
25394.64062 0.001588
25395.06055 0.001582
25395.48047 0.001577
25395.91016 0.001572
25396.33008 0.001567
25396.75977 0.001562
25397.17969 0.001557
25397.59961 0.001552
25398.02930 0.001547
25398.44922 0.001542
25398.86914 0.001537
25399.30078 0.001532
25399.72070 0.001527
25400.14062 0.001521
25400.57031 0.001515
25400.99023 0.00151
25401.41992 0.001504
25401.83984 0.001498
25402.25977 0.001492
25402.68945 0.001486
25403.10938 0.00148
25403.53906 0.001475
25403.96094 0.001469
25404.38086 0.001463
25404.81055 0.001457
25405.23047 0.001448
25405.65039 0.001436
25406.08008 0.001424
25406.50000 0.001413
25406.92969 0.001401
25407.34961 0.001389
25407.77930 0.001377
25408.19922 0.001365
25408.61914 0.001354
25409.05078 0.001342
25409.47070 0.00133
25409.89062 0.001319
25410.32031 0.00132
25410.74023 0.001325
25411.16992 0.00133
25411.58984 0.001336
25412.00977 0.001341
25412.43945 0.001346
25412.85938 0.001351
25413.28906 0.001356
25413.71094 0.001362
25414.13086 0.001367
25414.56055 0.001372
25414.98047 0.001377
25415.41016 0.001363
25415.83008 0.001349
25416.25000 0.001335
25416.67969 0.001321
25417.09961 0.001307
25417.52930 0.001293
25417.94922 0.001279
25418.38086 0.001265
25418.80078 0.001251
25419.22070 0.001237
25419.65039 0.001223
25420.07031 0.001213
25420.50000 0.00122
25420.91992 0.001227
25421.33984 0.001234
25421.76953 0.001241
25422.18945 0.001248
25422.61914 0.001255
25423.03906 0.001262
25423.46094 0.001269
25423.89062 0.001276
25424.31055 0.001283
25424.74023 0.00129
25425.16016 0.001288
25425.58984 0.001272
25426.00977 0.001256
25426.42969 0.00124
25426.85938 0.001224
25427.27930 0.001208
25427.71094 0.001193
25428.13086 0.001177
25428.55078 0.001161
25428.98047 0.001146
25429.40039 0.00113
25429.83008 0.001115
25430.25000 0.001109
25430.67969 0.00111
25431.09961 0.001112
25431.52930 0.001113
25431.94922 0.001114
25432.36914 0.001115
25432.80078 0.001117
25433.22070 0.001118
25433.65039 0.001119
25434.07031 0.00112
25434.50000 0.001121
25434.91992 0.001122
25435.33984 0.001106
25435.76953 0.001086
25436.18945 0.001066
25436.61914 0.001046
25437.03906 0.001026
25437.46094 0.001006
25437.89062 0.000986
25438.31055 0.000966
25438.74023 0.000946
25439.16016 0.000926
25439.58984 0.000907
25440.00977 0.000888
25440.43945 0.000885
25440.85938 0.000883
25441.28906 0.00088
25441.71094 0.000878
25442.13086 0.000876
25442.56055 0.000873
25442.98047 0.000871
25443.41016 0.000868
25443.83008 0.000866
25444.25977 0.000864
25444.67969 0.000861
25445.10938 0.000859
25445.52930 0.000858
25445.96094 0.000856
25446.38086 0.000855
25446.80078 0.000853
25447.23047 0.000852
25447.65039 0.000851
25448.08008 0.000849
25448.50000 0.000848
25448.92969 0.000846
25449.34961 0.000845
25449.77930 0.000843
25450.19922 0.000842
25450.61914 0.000841
25451.05078 0.00084
25451.47070 0.00084
25451.90039 0.000839
25452.32031 0.000838
25452.75000 0.000837
25453.16992 0.000836
25453.59961 0.000835
25454.01953 0.000834
25454.44922 0.000833
25454.86914 0.000832
25455.30078 0.000827
25455.72070 0.000819
25456.15039 0.000811
25456.57031 0.000803
25457.00000 0.000796
25457.41992 0.000788
25457.84961 0.000781
25458.26953 0.000773
25458.69922 0.000765
25459.11914 0.000758
25459.53906 0.00075
25459.97070 0.000743
25460.39062 0.000742
25460.82031 0.000741
25461.24023 0.000741
25461.66992 0.000741
25462.08984 0.00074
25462.51953 0.00074
25462.93945 0.000739
25463.36914 0.000739
25463.78906 0.000738
25464.22070 0.000738
25464.64062 0.000737
