threeML/data/optical_filters/HST/NICMOS3-F166N.ecsv
# %ECSV 0.9
# ---
# datatype:
# - {name: wavelength, unit: Angstrom, datatype: float32}
# - {name: response, datatype: float32}
# meta: !!omap
# - {band_name: F166N}
# - {group_name: NICMOS3}
wavelength response
[from data line 1532]
16618.99023 0.199392
16619.15039 0.19919
16619.31055 0.198986
16619.48047 0.198781
16619.64062 0.198579
16619.80078 0.198375
16619.97070 0.198171
16620.13086 0.198017
16620.28906 0.197875
16620.46094 0.197732
16620.61914 0.197591
16620.77930 0.197448
16620.94922 0.197306
16621.10938 0.197165
16621.26953 0.197022
16621.43945 0.196879
16621.59961 0.196738
16621.75977 0.196595
16621.92969 0.196453
16622.08984 0.196276
16622.25000 0.19607
16622.41992 0.195865
16622.58008 0.195658
16622.74023 0.195451
16622.91016 0.195247
16623.07031 0.19504
16623.23047 0.194833
16623.40039 0.194628
16623.56055 0.194421
16623.72070 0.194214
16623.89062 0.19401
16624.05078 0.193811
16624.21094 0.193632
16624.38086 0.193455
16624.53906 0.193276
16624.71094 0.193097
16624.86914 0.192919
16625.02930 0.19274
16625.19922 0.192561
16625.35938 0.192381
16625.51953 0.192204
16625.68945 0.192025
16625.84961 0.191845
16626.00977 0.191665
16626.17969 0.191446
16626.33984 0.191228
16626.50000 0.191012
16626.66992 0.190793
16626.83008 0.190574
16626.99023 0.190358
16627.16016 0.190138
16627.32031 0.18992
16627.48047 0.189703
16627.65039 0.189484
16627.81055 0.189265
16627.97070 0.189049
16628.14062 0.188808
16628.30078 0.188563
16628.46094 0.188317
16628.63086 0.188075
16628.78906 0.187829
16628.96094 0.187584
16629.11914 0.187341
16629.27930 0.187096
16629.44922 0.186851
16629.60938 0.186608
16629.76953 0.186362
16629.93945 0.186117
16630.09961 0.185884
16630.25977 0.185655
16630.42969 0.185426
16630.58984 0.185197
16630.75000 0.18497
16630.91992 0.184741
16631.08008 0.184512
16631.24023 0.184285
16631.41016 0.184056
16631.57031 0.183827
16631.73047 0.1836
16631.90039 0.183371
16632.06055 0.183134
16632.22070 0.182882
16632.39062 0.182633
16632.55078 0.182381
16632.71094 0.18213
16632.88086 0.181881
16633.03906 0.181629
16633.21094 0.181377
16633.36914 0.181125
16633.52930 0.180877
16633.69922 0.180625
16633.85938 0.180373
16634.01953 0.180122
16634.18945 0.179853
16634.34961 0.179584
16634.50977 0.179315
16634.67969 0.17905
16634.83984 0.178781
16635.00000 0.178512
16635.16992 0.178243
16635.33008 0.177977
16635.49023 0.177708
16635.66016 0.177439
16635.82031 0.177174
16635.98047 0.176905
16636.15039 0.176588
16636.31055 0.176267
16636.47070 0.175949
16636.64062 0.175627
16636.80078 0.175306
16636.97070 0.174984
16637.13086 0.174666
16637.28906 0.174344
16637.46094 0.174023
16637.61914 0.173701
16637.77930 0.173383
16637.94922 0.173061
16638.10938 0.172755
16638.26953 0.17246
16638.43945 0.172162
16638.59961 0.171863
16638.76953 0.171564
16638.92969 0.171269
16639.08984 0.170971
16639.25977 0.170672
16639.41992 0.170373
16639.58008 0.170078
16639.75000 0.169779
16639.91016 0.169481
16640.07031 0.169185
16640.24023 0.168897
16640.40039 0.168605
16640.56055 0.168313
16640.73047 0.168021
16640.89062 0.167733
16641.05078 0.167441
16641.22070 0.167149
16641.38086 0.166857
16641.53906 0.166569
16641.71094 0.166277
16641.86914 0.165985
16642.03906 0.165687
16642.19922 0.165369
16642.35938 0.165048
16642.52930 0.164726
16642.68945 0.164405
16642.85938 0.164083
16643.01953 0.163766
16643.17969 0.163444
16643.34961 0.163123
16643.50977 0.162801
16643.66992 0.162483
16643.83984 0.162162
16644.00000 0.16184
16644.16016 0.161432
16644.33008 0.161028
16644.49023 0.160619
16644.65039 0.160211
16644.82031 0.159802
16644.98047 0.159394
16645.14062 0.15899
16645.31055 0.158582
16645.47070 0.158173
16645.64062 0.157765
16645.80078 0.157361
16645.96094 0.156952
16646.13086 0.156625
16646.28906 0.156321
16646.46094 0.156017
16646.61914 0.155717
16646.77930 0.155414
16646.94922 0.15511
16647.10938 0.154806
16647.26953 0.154506
16647.43945 0.154202
16647.59961 0.153898
16647.75977 0.153595
16647.92969 0.153291
16648.08984 0.152928
16648.25000 0.152509
16648.41992 0.152091
16648.58008 0.151672
16648.75000 0.151254
16648.91016 0.15084
16649.07031 0.150421
16649.24023 0.150003
16649.40039 0.149584
16649.56055 0.149165
16649.73047 0.148751
16649.89062 0.148333
16650.05078 0.147923
16650.22070 0.147531
16650.38086 0.147139
16650.53906 0.146751
16650.71094 0.146359
16650.86914 0.145967
16651.03906 0.145575
16651.19922 0.145182
16651.35938 0.144795
16651.52930 0.144403
16651.68945 0.14401
16651.85938 0.143618
16652.01953 0.143226
16652.17969 0.142835
16652.34961 0.14244
16652.50977 0.142046
16652.66992 0.141651
16652.83984 0.141256
16653.00000 0.140866
16653.16016 0.140471
16653.33008 0.140076
16653.49023 0.139681
16653.66016 0.139286
16653.82031 0.138891
16653.98047 0.1385
16654.15039 0.138053
16654.31055 0.137599
16654.47070 0.137145
16654.64062 0.136692
16654.80078 0.136243
16654.96094 0.135789
16655.13086 0.135336
16655.28906 0.134882
16655.46094 0.134428
16655.61914 0.133974
16655.77930 0.133525
16655.94922 0.133071
16656.10938 0.132637
16656.27930 0.132212
16656.43945 0.131788
16656.59961 0.131363
16656.76953 0.130943
16656.92969 0.130518
16657.08984 0.130093
16657.25977 0.129668
16657.41992 0.129243
16657.58984 0.128818
16657.75000 0.128398
16657.91016 0.127973
16658.08008 0.127535
16658.24023 0.127081
16658.40039 0.126626
16658.57031 0.126172
16658.73047 0.125723
16658.89062 0.125269
16659.06055 0.124815
16659.22070 0.124361
16659.39062 0.123906
16659.55078 0.123452
16659.71094 0.122998
16659.88086 0.122549
16660.03906 0.122097
16660.21094 0.121656
16660.36914 0.121215
16660.52930 0.120774
16660.69922 0.120332
16660.85938 0.119891
16661.01953 0.119455
16661.18945 0.119013
16661.34961 0.118572
16661.51953 0.11813
16661.67969 0.117689
16661.83984 0.117247
16662.00977 0.116803
16662.16992 0.116318
16662.33008 0.115828
16662.50000 0.115337
16662.66016 0.114846
16662.83008 0.114356
16662.99023 0.113865
16663.15039 0.113374
16663.32031 0.112889
16663.48047 0.112398
16663.64062 0.111907
16663.81055 0.111417
16663.97070 0.110926
16664.14062 0.110458
16664.30078 0.109996
16664.46094 0.109533
16664.63086 0.109076
16664.78906 0.108613
16664.96094 0.10815
16665.11914 0.107687
16665.27930 0.107224
16665.44922 0.106761
16665.60938 0.106299
16665.77930 0.105836
16665.93945 0.105378
16666.09961 0.104873
16666.26953 0.104343
16666.42969 0.103812
16666.58984 0.103281
16666.75977 0.102751
16666.91992 0.10222
16667.08984 0.101689
16667.25000 0.101165
16667.41016 0.100634
16667.58008 0.100103
16667.74023 0.099572
16667.90039 0.099041
16668.07031 0.098552
16668.23047 0.098122
16668.40039 0.097692
16668.56055 0.097262
16668.72070 0.096836
16668.89062 0.096406
16669.05078 0.095976
16669.21094 0.095546
16669.38086 0.095115
16669.53906 0.094685
16669.71094 0.094254
16669.86914 0.093824
16670.03906 0.093366
16670.19922 0.092805
16670.35938 0.092252
16670.52930 0.091692
16670.68945 0.091131
16670.84961 0.090571
16671.01953 0.090011
16671.17969 0.08945
16671.34961 0.08889
16671.50977 0.08833
16671.66992 0.087769
16671.83984 0.087209
16672.00000 0.08665
16672.16016 0.086242
16672.33008 0.085829
16672.49023 0.085415
16672.66016 0.085002
16672.82031 0.084589
16672.98047 0.084176
16673.15039 0.083763
16673.31055 0.083349
16673.48047 0.082936
16673.64062 0.082523
16673.80078 0.08211
16673.97070 0.081701
16674.13086 0.081221
16674.28906 0.080724
16674.46094 0.080228
16674.61914 0.079731
16674.78906 0.079234
16674.94922 0.078737
16675.11914 0.07824
16675.27930 0.077743
16675.43945 0.077246
16675.60938 0.076749
16675.76953 0.076252
16675.93945 0.075755
16676.09961 0.07532
16676.25977 0.074929
16676.42969 0.074534
16676.58984 0.074139
16676.75000 0.073744
16676.91992 0.073348
16677.08008 0.072953
16677.25000 0.072558
16677.41016 0.072162
16677.57031 0.071767
16677.74023 0.071371
16677.90039 0.070976
16678.07031 0.070567
16678.23047 0.070138
16678.39062 0.069709
16678.56055 0.06928
16678.72070 0.06885
16678.88086 0.068426
16679.05078 0.067997
16679.21094 0.067568
16679.38086 0.067139
16679.53906 0.066709
16679.71094 0.06628
16679.86914 0.065851
16680.02930 0.065433
16680.19922 0.065064
16680.35938 0.064695
16680.52930 0.064325
16680.68945 0.063956
16680.84961 0.063586
16681.01953 0.063217
16681.17969 0.062847
16681.34961 0.062478
16681.50977 0.062108
16681.66992 0.061739
16681.83984 0.061369
16682.00000 0.060999
16682.16992 0.060611
16682.33008 0.060228
16682.49023 0.05984
16682.66016 0.059452
16682.82031 0.059065
16682.98047 0.058677
16683.15039 0.058289
16683.31055 0.057901
16683.48047 0.057513
16683.64062 0.057125
16683.80078 0.056737
16683.97070 0.056349
16684.13086 0.055972
16684.30078 0.055599
16684.46094 0.055225
16684.63086 0.054851
16684.78906 0.054477
16684.94922 0.054104
16685.11914 0.05373
16685.27930 0.053356
16685.44922 0.052982
16685.60938 0.052608
16685.76953 0.052234
16685.93945 0.05186
16686.09961 0.051521
16686.26953 0.051204
16686.42969 0.050887
16686.58984 0.05057
16686.75977 0.050252
16686.91992 0.049935
16687.08984 0.049618
16687.25000 0.0493
16687.41016 0.048983
16687.58008 0.048665
16687.74023 0.048348
16687.91016 0.048031
16688.07031 0.047695
16688.23047 0.047336
16688.40039 0.046977
16688.56055 0.046618
16688.73047 0.046259
16688.89062 0.0459
16689.05078 0.045541
16689.22070 0.045182
16689.38086 0.044823
16689.55078 0.044464
16689.71094 0.044105
16689.88086 0.043746
16690.03906 0.043406
16690.19922 0.043129
16690.36914 0.042851
16690.52930 0.042573
16690.69922 0.042296
16690.85938 0.042018
16691.01953 0.041741
16691.18945 0.041463
16691.34961 0.041186
16691.51953 0.040908
16691.67969 0.04063
16691.83984 0.040353
16692.00977 0.040074
16692.16992 0.039773
16692.33984 0.039472
16692.50000 0.039171
16692.66016 0.03887
16692.83008 0.038569
16692.99023 0.038268
16693.16016 0.037967
16693.32031 0.037666
16693.48047 0.037365
16693.65039 0.037064
16693.81055 0.036763
16693.98047 0.036462
16694.14062 0.036214
16694.30078 0.035974
16694.47070 0.035735
16694.63086 0.035496
16694.80078 0.035256
16694.96094 0.035017
16695.13086 0.034777
16695.28906 0.034538
16695.44922 0.034298
16695.61914 0.034059
16695.77930 0.033819
16695.94922 0.03358
16696.10938 0.033314
16696.26953 0.033034
16696.43945 0.032755
16696.59961 0.032476
16696.76953 0.032197
16696.92969 0.031918
16697.08984 0.031638
16697.25977 0.031359
16697.41992 0.031077
16697.58984 0.030797
16697.75000 0.030518
16697.91992 0.030239
16698.08008 0.030008
16698.24023 0.029828
16698.41016 0.029648
16698.57031 0.029468
16698.74023 0.029288
16698.90039 0.029107
16699.06055 0.028927
16699.23047 0.028747
16699.39062 0.028567
16699.56055 0.028387
16699.72070 0.028207
16699.88086 0.028027
16700.05078 0.027834
16700.21094 0.02761
16700.38086 0.027386
16700.53906 0.027162
16700.71094 0.026938
16700.86914 0.026712
16701.03906 0.026488
16701.19922 0.026264
16701.35938 0.02604
16701.52930 0.025816
16701.68945 0.025593
16701.85938 0.025369
16702.01953 0.025153
16702.17969 0.025003
16702.34961 0.024852
16702.50977 0.024702
16702.67969 0.024551
16702.83984 0.024401
16703.00000 0.02425
16703.16992 0.0241
16703.33008 0.023949
16703.50000 0.023797
16703.66016 0.023647
16703.83008 0.023496
16703.99023 0.023345
16704.15039 0.023178
16704.32031 0.023009
16704.48047 0.022841
16704.65039 0.022672
16704.81055 0.022503
16704.97070 0.022335
16705.14062 0.022166
16705.30078 0.021998
16705.47070 0.021829
16705.63086 0.02166
16705.80078 0.02149
16705.96094 0.021321
16706.11914 0.021188
16706.28906 0.021066
16706.44922 0.020944
16706.61914 0.020823
16706.77930 0.020701
16706.94922 0.020579
16707.10938 0.020457
16707.26953 0.020336
16707.43945 0.020214
16707.59961 0.020092
16707.76953 0.019969
16707.92969 0.019847
16708.09961 0.019701
16708.25977 0.019537
16708.41992 0.019374
16708.58984 0.01921
16708.75000 0.019047
16708.91992 0.018884
16709.08008 0.01872
16709.24023 0.018556
16709.41016 0.018391
16709.57031 0.018227
16709.74023 0.018064
16709.90039 0.0179
16710.07031 0.017754
16710.23047 0.017631
16710.39062 0.017509
16710.56055 0.017387
16710.72070 0.017265
16710.89062 0.017142
16711.05078 0.017019
16711.22070 0.016897
16711.38086 0.016774
16711.53906 0.016652
16711.71094 0.01653
16711.86914 0.016408
16712.03906 0.016282
16712.19922 0.016145
16712.36914 0.016007
16712.52930 0.015868
16712.69922 0.015731
16712.85938 0.015594
16713.01953 0.015456
16713.18945 0.015319
16713.34961 0.015182
16713.51953 0.015044
16713.67969 0.014907
16713.83984 0.014769
16714.00977 0.014633
16714.16992 0.014544
16714.33984 0.014455
16714.50000 0.014366
16714.66992 0.014277
16714.83008 0.014188
16714.99023 0.014098
16715.16016 0.014009
16715.32031 0.013919
16715.49023 0.01383
16715.65039 0.013741
16715.82031 0.013651
16715.98047 0.013562
16716.14062 0.013465
16716.31055 0.013367
16716.47070 0.013268
16716.64062 0.01317
16716.80078 0.013073
16716.97070 0.012975
16717.13086 0.012877
16717.28906 0.012779
16717.46094 0.012681
16717.61914 0.012583
16717.78906 0.012484
16717.94922 0.012386
16718.11914 0.012297
16718.27930 0.012212
16718.44922 0.012127
16718.60938 0.012041
16718.76953 0.011956
16718.93945 0.01187
16719.09961 0.011785
16719.26953 0.0117
16719.42969 0.011614
16719.59961 0.011529
16719.75977 0.011444
16719.92969 0.011358
16720.08984 0.011267
16720.25000 0.011171
16720.41992 0.011076
16720.58008 0.01098
16720.75000 0.010884
16720.91016 0.010789
16721.08008 0.010692
16721.24023 0.010596
16721.40039 0.0105
16721.57031 0.010405
16721.73047 0.010309
16721.90039 0.010213
16722.06055 0.010127
16722.23047 0.010059
16722.39062 0.00999
16722.55078 0.009922
16722.72070 0.009853
16722.88086 0.009785
16723.05078 0.009715
16723.21094 0.009647
16723.38086 0.009579
16723.53906 0.00951
16723.71094 0.009442
16723.86914 0.009373
16724.03906 0.009312
16724.19922 0.009281
16724.35938 0.009249
16724.52930 0.009218
16724.68945 0.009187
16724.85938 0.009156
16725.01953 0.009124
16725.18945 0.009093
16725.34961 0.009061
16725.50977 0.00903
16725.67969 0.008999
16725.83984 0.008967
16726.00977 0.008933
16726.16992 0.008849
16726.33984 0.008766
16726.50000 0.008682
16726.66016 0.008598
16726.83008 0.008513
16726.99023 0.008429
16727.16016 0.008345
16727.32031 0.008261
16727.49023 0.008177
16727.65039 0.008092
16727.82031 0.008008
16727.98047 0.007924
16728.14062 0.007873
16728.31055 0.007826
16728.47070 0.007779
16728.64062 0.007732
16728.80078 0.007686
16728.97070 0.007639
16729.13086 0.007593
16729.30078 0.007545
16729.46094 0.007499
16729.63086 0.007452
16729.78906 0.007406
16729.94922 0.007359
16730.11914 0.00731
16730.27930 0.00726
16730.44922 0.00721
16730.60938 0.00716
16730.77930 0.007111
16730.93945 0.00706
16731.10938 0.00701
16731.26953 0.006961
16731.42969 0.006911
16731.59961 0.006861
16731.75977 0.006811
16731.92969 0.006761
16732.08984 0.006705
16732.25977 0.006645
16732.41992 0.006585
16732.58984 0.006524
16732.75000 0.006464
16732.91016 0.006404
16733.08008 0.006344
16733.24023 0.006283
16733.41016 0.006223
16733.57031 0.006163
16733.74023 0.006103
16733.90039 0.006043
16734.07031 0.006014
16734.23047 0.006035
16734.39062 0.006055
16734.56055 0.006075
16734.72070 0.006096
16734.89062 0.006116
16735.05078 0.006136
16735.22070 0.006156
16735.38086 0.006176
16735.55078 0.006197
16735.71094 0.006217
16735.88086 0.006237
16736.03906 0.006236
16736.21094 0.006167
16736.36914 0.006097
16736.52930 0.006028
16736.69922 0.005959
16736.85938 0.00589
16737.02930 0.00582
16737.18945 0.005751
16737.35938 0.005682
16737.51953 0.005613
16737.68945 0.005543
16737.84961 0.005474
16738.00977 0.005408
16738.17969 0.005376
16738.33984 0.005342
16738.50977 0.00531
16738.66992 0.005277
16738.83984 0.005244
16739.00000 0.005211
16739.16992 0.005178
16739.33008 0.005146
16739.49023 0.005113
16739.66016 0.00508
16739.82031 0.005047
16739.99023 0.005014
16740.15039 0.004952
16740.32031 0.004886
16740.48047 0.004822
16740.65039 0.004757
16740.81055 0.004692
16740.98047 0.004627
16741.14062 0.004562
16741.30078 0.004498
16741.47070 0.004433
16741.63086 0.004368
16741.80078 0.004303
16741.96094 0.004238
16742.13086 0.004223
16742.28906 0.004221
16742.46094 0.00422
16742.61914 0.004219
16742.78906 0.004217
16742.94922 0.004216
16743.11914 0.004214
16743.27930 0.004213
16743.44922 0.004212
16743.60938 0.00421
16743.76953 0.004209
16743.93945 0.004208
16744.09961 0.004193
16744.26953 0.004171
