threeML/data/optical_filters/HST/NICMOS3-G206.ecsv
# %ECSV 0.9
# ---
# datatype:
# - {name: wavelength, unit: Angstrom, datatype: float32}
# - {name: response, datatype: float32}
# meta: !!omap
# - {band_name: G206}
# - {group_name: NICMOS3}
wavelength response
[from data line 1532]
15080.48047 0.03689
15081.40039 0.036931
15082.33008 0.036971
15083.25000 0.037012
15084.16992 0.037052
15085.08984 0.037093
15086.01953 0.037134
15086.94043 0.037174
15087.86035 0.037215
15088.79004 0.037255
15089.70996 0.037296
15090.62988 0.037337
15091.55957 0.037377
15092.48047 0.037418
15093.40039 0.037458
15094.33008 0.037499
15095.25000 0.03754
15096.16992 0.03758
15097.09961 0.037621
15098.01953 0.037662
15098.95020 0.037702
15099.87012 0.037743
15100.79004 0.037801
15101.71973 0.037862
15102.63965 0.037924
15103.57031 0.037985
15104.49023 0.038046
15105.41992 0.038107
15106.33984 0.038168
15107.25977 0.038229
15108.19043 0.038291
15109.11035 0.038352
15110.04004 0.038413
15110.95996 0.038474
15111.88965 0.038536
15112.80957 0.038597
15113.74023 0.038658
15114.66016 0.038719
15115.58008 0.038781
15116.50977 0.038842
15117.44043 0.038903
15118.36035 0.038965
15119.29004 0.039026
15120.20996 0.039087
15121.13965 0.039149
15122.05957 0.03921
15122.99023 0.039271
15123.91016 0.039333
15124.83984 0.039394
15125.75977 0.039456
15126.69043 0.039517
15127.61035 0.039578
15128.54004 0.03964
15129.45996 0.039701
15130.38965 0.039763
15131.32031 0.039824
15132.24023 0.039886
15133.16992 0.039947
15134.08984 0.040009
15135.01953 0.04007
15135.95020 0.040132
15136.87012 0.040193
15137.79980 0.040255
15138.73047 0.040316
15139.65039 0.040378
15140.58008 0.040439
15141.50000 0.040501
15142.42969 0.040562
15143.36035 0.040624
15144.28027 0.040686
15145.20996 0.040747
15146.13965 0.040809
15147.05957 0.04087
15147.99023 0.040932
15148.91992 0.040994
15149.84961 0.041055
15150.76953 0.041117
15151.70020 0.041179
15152.62988 0.04124
15153.54980 0.041302
15154.48047 0.041364
15155.41016 0.041426
15156.33984 0.041487
15157.25977 0.041549
15158.19043 0.041611
15159.12012 0.041673
15160.04980 0.041734
15160.96973 0.041796
15161.90039 0.041858
15162.83008 0.04192
15163.75977 0.041982
15164.67969 0.042043
15165.61035 0.042105
15166.54004 0.042167
15167.46973 0.042229
15168.40039 0.042291
15169.33008 0.042353
15170.25000 0.042415
15171.17969 0.042476
15172.11035 0.042538
15173.04004 0.0426
15173.96973 0.042662
15174.90039 0.042724
15175.82031 0.042786
15176.75000 0.042848
15177.67969 0.04291
15178.61035 0.042972
15179.54004 0.043034
15180.46973 0.043101
15181.40039 0.043173
15182.33008 0.043245
15183.25000 0.043317
15184.17969 0.043389
15185.11035 0.043461
15186.04004 0.043533
15186.96973 0.043605
15187.90039 0.043677
15188.83008 0.043749
15189.75977 0.043821
15190.69043 0.043893
15191.62012 0.043965
15192.54980 0.044037
15193.48047 0.044109
15194.41016 0.044182
15195.33984 0.044254
15196.26953 0.044326
15197.20020 0.044398
15198.12988 0.04447
15199.05957 0.044542
15199.99023 0.044615
15200.91992 0.044668
15201.84961 0.044721
15202.78027 0.044775
15203.70996 0.044828
15204.63965 0.044882
15205.57031 0.044935
15206.50000 0.044988
15207.42969 0.045042
15208.36035 0.045095
15209.29004 0.045149
15210.21973 0.045202
15211.15039 0.045255
15212.08008 0.045309
15213.00977 0.045362
15213.94043 0.045416
15214.87988 0.045469
15215.80957 0.045523
15216.74023 0.045576
15217.66992 0.04563
15218.59961 0.045683
15219.53027 0.045737
15220.45996 0.04579
15221.38965 0.045844
15222.32031 0.045898
15223.25977 0.045951
15224.19043 0.046005
15225.12012 0.046058
15226.04980 0.046112
15226.98047 0.046166
15227.91016 0.046219
15228.84961 0.046273
15229.78027 0.046327
15230.70996 0.04638
15231.63965 0.046434
15232.57031 0.046488
15233.50977 0.046541
15234.44043 0.046595
15235.37012 0.046649
15236.29980 0.046702
15237.23047 0.046756
15238.16992 0.04681
15239.09961 0.046864
15240.03027 0.046917
15240.95996 0.046961
15241.90039 0.047005
15242.83008 0.047049
15243.75977 0.047092
15244.70020 0.047136
15245.62988 0.04718
15246.55957 0.047224
15247.49023 0.047268
15248.42969 0.047311
15249.36035 0.047355
15250.29004 0.047399
15251.23047 0.047443
15252.16016 0.047487
15253.08984 0.047531
15254.03027 0.047575
15254.95996 0.047619
15255.88965 0.047662
15256.83008 0.047706
15257.75977 0.04775
15258.69043 0.047794
15259.62988 0.047838
15260.55957 0.047876
15261.50000 0.04791
15262.42969 0.047944
15263.36035 0.047978
15264.29980 0.048012
15265.23047 0.048046
15266.16992 0.04808
15267.09961 0.048113
15268.03027 0.048147
15268.96973 0.048181
15269.90039 0.048215
15270.83984 0.048249
15271.76953 0.048283
15272.70996 0.048317
15273.63965 0.048351
15274.57031 0.048385
15275.50977 0.048419
15276.44043 0.048453
15277.37988 0.048487
15278.30957 0.048521
15279.25000 0.048555
15280.17969 0.048589
15281.12012 0.048623
15282.04980 0.048657
15282.99023 0.048691
15283.91992 0.048726
15284.86035 0.04876
15285.79004 0.048794
15286.73047 0.048828
15287.66016 0.048862
15288.59961 0.048896
15289.54004 0.04893
15290.46973 0.048964
15291.41016 0.048998
15292.33984 0.049032
15293.28027 0.049067
15294.20996 0.049101
15295.15039 0.049135
15296.08984 0.049169
15297.01953 0.049203
15297.95996 0.049237
15298.88965 0.049271
15299.83008 0.049306
15300.76953 0.049338
15301.70020 0.049369
15302.63965 0.049401
15303.58008 0.049432
15304.50977 0.049464
15305.45020 0.049496
15306.37988 0.049527
15307.32031 0.049559
15308.25977 0.04959
15309.19043 0.049622
15310.12988 0.049654
15311.07031 0.049685
15312.00000 0.049717
15312.94043 0.049748
15313.87988 0.04978
15314.82031 0.049812
15315.75000 0.049843
15316.69043 0.049875
15317.62988 0.049906
15318.55957 0.049938
15319.50000 0.04997
15320.44043 0.049997
15321.37988 0.050018
15322.30957 0.05004
15323.25000 0.050061
15324.19043 0.050083
15325.12988 0.050104
15326.07031 0.050126
15327.00000 0.050147
15327.94043 0.050169
15328.87988 0.05019
15329.82031 0.050212
15330.75000 0.050233
15331.69043 0.050255
15332.62988 0.050276
15333.57031 0.050298
15334.50977 0.050319
15335.45020 0.050341
15336.37988 0.050362
15337.32031 0.050384
15338.25977 0.050405
15339.20020 0.050427
15340.13965 0.050448
15341.08008 0.05047
15342.01953 0.050492
15342.95996 0.050513
15343.88965 0.050535
15344.83008 0.050556
15345.76953 0.050578
15346.70996 0.050599
15347.65039 0.050621
15348.58984 0.050642
15349.53027 0.050664
15350.46973 0.050686
15351.41016 0.050707
15352.34961 0.050729
15353.29004 0.05075
15354.21973 0.050772
15355.16016 0.050793
15356.09961 0.050815
15357.04004 0.050837
15357.98047 0.050858
15358.91992 0.05088
15359.86035 0.050901
15360.79980 0.050923
15361.74023 0.050944
15362.67969 0.050966
15363.62012 0.050988
15364.55957 0.051009
15365.50000 0.051031
15366.44043 0.051052
15367.37988 0.051074
15368.32031 0.051096
15369.25977 0.051117
15370.20020 0.051139
15371.15039 0.051161
15372.08984 0.051182
15373.03027 0.051204
15373.96973 0.051225
15374.91016 0.051247
15375.84961 0.051269
15376.79004 0.05129
15377.73047 0.051312
15378.66992 0.051333
15379.61035 0.051355
15380.54980 0.051383
15381.49023 0.051415
15382.44043 0.051446
15383.37988 0.051478
15384.32031 0.05151
15385.25977 0.051542
15386.20020 0.051574
15387.13965 0.051606
15388.08008 0.051638
15389.03027 0.051669
15389.96973 0.051701
15390.91016 0.051733
15391.84961 0.051765
15392.79004 0.051797
15393.73047 0.051829
15394.67969 0.051861
15395.62012 0.051893
15396.55957 0.051924
15397.50000 0.051956
15398.45020 0.051988
15399.38965 0.05202
15400.33008 0.05205
15401.26953 0.052075
15402.20996 0.0521
15403.16016 0.052126
15404.09961 0.052151
15405.04004 0.052176
15405.98047 0.052202
15406.92969 0.052227
15407.87012 0.052253
15408.80957 0.052278
15409.75977 0.052303
15410.70020 0.052329
15411.63965 0.052354
15412.58008 0.05238
15413.53027 0.052405
15414.46973 0.05243
15415.41016 0.052456
15416.36035 0.052481
15417.29980 0.052507
15418.24023 0.052532
15419.19043 0.052558
15420.12988 0.052585
15421.07031 0.05262
15422.01953 0.052656
15422.95996 0.052692
15423.91016 0.052727
15424.84961 0.052763
15425.79004 0.052799
15426.74023 0.052835
15427.67969 0.05287
15428.62988 0.052906
15429.57031 0.052942
15430.50977 0.052978
15431.45996 0.053014
15432.40039 0.053049
15433.34961 0.053085
15434.29004 0.053121
15435.24023 0.053157
15436.17969 0.053193
15437.12012 0.053229
15438.07031 0.053264
15439.00977 0.0533
15439.95996 0.053336
15440.90039 0.053372
15441.84961 0.053408
15442.79004 0.053444
15443.74023 0.05348
15444.67969 0.053516
15445.62988 0.053552
15446.57031 0.053588
15447.51953 0.053624
15448.45996 0.05366
15449.41016 0.053696
15450.34961 0.053731
15451.29980 0.053767
15452.25000 0.053803
15453.19043 0.053839
15454.13965 0.053875
15455.08008 0.053912
15456.03027 0.053948
15456.96973 0.053984
15457.91992 0.05402
15458.87012 0.054056
15459.80957 0.054092
15460.75977 0.054136
15461.70020 0.054182
15462.65039 0.054229
15463.58984 0.054275
15464.54004 0.054322
15465.49023 0.054368
15466.42969 0.054415
15467.37988 0.054461
15468.33008 0.054507
15469.26953 0.054554
15470.21973 0.0546
15471.16992 0.054647
15472.11035 0.054693
15473.05957 0.05474
15474.00977 0.054787
15474.95020 0.054833
15475.90039 0.05488
15476.84961 0.054926
15477.79004 0.054973
15478.74023 0.055019
15479.69043 0.055066
15480.63965 0.055106
15481.58008 0.055142
15482.53027 0.055178
15483.48047 0.055214
15484.42969 0.055251
15485.37012 0.055287
15486.32031 0.055323
15487.26953 0.05536
15488.21973 0.055396
15489.16016 0.055432
15490.11035 0.055469
15491.05957 0.055505
15492.00977 0.055541
15492.95996 0.055578
15493.90039 0.055614
15494.84961 0.055651
15495.79980 0.055687
15496.75000 0.055723
15497.70020 0.05576
15498.63965 0.055796
15499.58984 0.055833
15500.54004 0.055867
15501.49023 0.0559
15502.44043 0.055932
15503.38965 0.055965
15504.33008 0.055998
15505.28027 0.056031
15506.23047 0.056063
15507.17969 0.056096
15508.12988 0.056129
15509.08008 0.056162
15510.03027 0.056194
15510.98047 0.056227
15511.92969 0.05626
15512.87988 0.056293
15513.83008 0.056325
15514.76953 0.056358
15515.71973 0.056391
15516.66992 0.056424
15517.62012 0.056456
15518.57031 0.056489
15519.51953 0.056522
15520.46973 0.05655
15521.41992 0.056572
15522.37012 0.056594
15523.32031 0.056617
15524.26953 0.056639
15525.21973 0.056662
15526.16992 0.056684
15527.12012 0.056706
15528.07031 0.056729
15529.01953 0.056751
15529.96973 0.056774
15530.91992 0.056796
15531.87012 0.056818
15532.82031 0.056841
15533.76953 0.056863
15534.71973 0.056886
15535.66992 0.056908
15536.62012 0.05693
15537.58008 0.056953
15538.53027 0.056975
15539.48047 0.056998
15540.42969 0.057025
15541.37988 0.057058
15542.33008 0.057091
15543.28027 0.057124
15544.23047 0.057156
15545.17969 0.057189
15546.12988 0.057222
15547.08008 0.057255
15548.04004 0.057288
15548.99023 0.057321
15549.94043 0.057354
15550.88965 0.057387
15551.83984 0.057419
15552.79004 0.057452
15553.75000 0.057485
15554.70020 0.057518
15555.65039 0.057551
15556.59961 0.057584
15557.54980 0.057617
15558.50000 0.05765
15559.45996 0.057683
15560.41016 0.057711
15561.36035 0.057734
15562.30957 0.057756
15563.26953 0.057779
15564.21973 0.057801
15565.16992 0.057824
15566.12012 0.057846
15567.08008 0.057869
15568.03027 0.057891
15568.98047 0.057914
15569.92969 0.057936
15570.88965 0.057959
15571.83984 0.057981
15572.79004 0.058004
15573.74023 0.058026
15574.70020 0.058049
15575.65039 0.058071
15576.59961 0.058094
15577.55957 0.058117
15578.50977 0.058139
15579.45996 0.058162
15580.41992 0.058189
15581.37012 0.058222
15582.32031 0.058255
15583.28027 0.058288
15584.23047 0.058321
15585.17969 0.058354
15586.13965 0.058387
15587.08984 0.05842
15588.04004 0.058453
15589.00000 0.058486
15589.95020 0.058519
15590.91016 0.058552
15591.86035 0.058585
15592.80957 0.058618
15593.76953 0.058651
15594.71973 0.058684
15595.67969 0.058717
15596.62988 0.05875
15597.58984 0.058784
15598.54004 0.058817
15599.50000 0.05885
15600.45020 0.058879
15601.40039 0.058904
15602.36035 0.058929
15603.30957 0.058955
15604.26953 0.05898
15605.21973 0.059005
15606.17969 0.05903
15607.12988 0.059056
15608.08984 0.059081
15609.04004 0.059106
15610.00000 0.059131
15610.95020 0.059157
15611.91016 0.059182
15612.86035 0.059207
15613.82031 0.059232
15614.76953 0.059258
15615.73047 0.059283
15616.69043 0.059308
15617.63965 0.059334
15618.59961 0.059359
15619.54980 0.059384
15620.50977 0.059415
15621.45996 0.059451
15622.41992 0.059487
15623.37988 0.059523
15624.33008 0.059558
15625.29004 0.059594
15626.24023 0.05963
15627.20020 0.059666
15628.16016 0.059702
15629.11035 0.059738
15630.07031 0.059774
15631.03027 0.059809
15631.98047 0.059845
15632.94043 0.059881
15633.90039 0.059917
15634.84961 0.059953
15635.80957 0.059989
15636.76953 0.060025
15637.71973 0.060061
15638.67969 0.060097
15639.63965 0.060133
15640.58984 0.060169
15641.54980 0.060205
15642.50977 0.060241
15643.45996 0.060277
15644.41992 0.060313
15645.37988 0.060349
15646.33984 0.060385
15647.29004 0.060421
15648.25000 0.060457
15649.20996 0.060493
15650.16992 0.060529
15651.12012 0.060565
15652.08008 0.060601
15653.04004 0.060637
15654.00000 0.060673
15654.95996 0.060709
15655.91016 0.060745
15656.87012 0.060781
15657.83008 0.060817
15658.79004 0.060853
15659.75000 0.060889
15660.70020 0.060941
15661.66016 0.060998
15662.62012 0.061056
15663.58008 0.061113
15664.54004 0.06117
15665.50000 0.061228
15666.45020 0.061285
15667.41016 0.061342
15668.37012 0.061399
15669.33008 0.061457
15670.29004 0.061514
15671.25000 0.061572
15672.20996 0.061629
15673.16992 0.061686
15674.12988 0.061744
15675.08008 0.061801
15676.04004 0.061859
15677.00000 0.061916
15677.95996 0.061974
15678.91992 0.062031
15679.87988 0.062089
15680.83984 0.062155
15681.79980 0.062223
15682.75977 0.062291
15683.71973 0.06236
15684.67969 0.062428
15685.63965 0.062496
15686.59961 0.062564
15687.55957 0.062632
15688.51953 0.0627
15689.48047 0.062769
15690.44043 0.062837
15691.40039 0.062905
15692.36035 0.062973
15693.32031 0.063042
15694.28027 0.06311
15695.24023 0.063178
15696.20020 0.063247
15697.16016 0.063315
15698.12012 0.063383
15699.08008 0.063452
15700.04004 0.06352
15701.00000 0.063599
15701.95996 0.063678
15702.91992 0.063756
15703.87988 0.063835
15704.84961 0.063914
15705.80957 0.063992
15706.76953 0.064071
15707.73047 0.06415
15708.69043 0.064229
15709.65039 0.064307
15710.61035 0.064386
15711.57031 0.064465
15712.54004 0.064544
15713.50000 0.064623
15714.45996 0.064701
15715.41992 0.06478
15716.37988 0.064859
15717.33984 0.064938
15718.29980 0.065017
15719.26953 0.065096
15720.23047 0.065175
15721.19043 0.065254
15722.15039 0.065333
15723.11035 0.065412
15724.08008 0.065491
15725.04004 0.06557
15726.00000 0.065649
15726.95996 0.065728
15727.92969 0.065807
15728.88965 0.065886
15729.84961 0.065965
15730.80957 0.066044
15731.78027 0.066123
15732.74023 0.066202
15733.70020 0.066281
15734.66016 0.066361
15735.62988 0.06644
15736.58984 0.066519
15737.54980 0.066598
15738.51953 0.066677
15739.48047 0.066757
15740.44043 0.066846
15741.40039 0.066946
15742.37012 0.067047
15743.33008 0.067147
15744.29004 0.067248
15745.25977 0.067349
15746.21973 0.06745
15747.17969 0.06755
15748.15039 0.067651
15749.11035 0.067752
15750.08008 0.067853
15751.04004 0.067954
15752.00000 0.068055
15752.96973 0.068156
15753.92969 0.068257
15754.90039 0.068358
15755.86035 0.06846
15756.82031 0.068561
15757.79004 0.068662
15758.75000 0.068763
15759.71973 0.068865
15760.67969 0.068958
15761.63965 0.069049
15762.61035 0.06914
15763.57031 0.06923
15764.54004 0.069321
15765.50000 0.069411
15766.46973 0.069502
15767.42969 0.069593
15768.40039 0.069684
15769.36035 0.069774
15770.33008 0.069865
15771.29004 0.069956
15772.25977 0.070047
15773.21973 0.070137
15774.19043 0.070228
15775.15039 0.070319
15776.12012 0.07041
15777.08008 0.070501
15778.04980 0.070592
15779.00977 0.070683
15779.98047 0.070774
15780.95020 0.070854
15781.91016 0.070934
15782.87988 0.071014
15783.83984 0.071095
15784.80957 0.071175
15785.76953 0.071255
15786.74023 0.071336
15787.70996 0.071416
15788.66992 0.071496
15789.63965 0.071577
15790.59961 0.071657
15791.57031 0.071737
15792.54004 0.071818
15793.50000 0.071898
15794.46973 0.071979
15795.44043 0.072059
15796.40039 0.072139
15797.37012 0.07222
15798.33984 0.0723
15799.29980 0.072381
15800.26953 0.072458
15801.24023 0.072524
15802.20020 0.072591
