threeML/data/optical_filters/HST/NICMOS2-F204M.ecsv
# %ECSV 0.9
# ---
# datatype:
# - {name: wavelength, unit: Angstrom, datatype: float32}
# - {name: response, datatype: float32}
# meta: !!omap
# - {band_name: F204M}
# - {group_name: NICMOS2}
wavelength response
[from data line 2298]
19992.92969 0.203595
19993.22070 0.203474
19993.51953 0.203353
19993.81055 0.203232
19994.10938 0.203183
19994.40039 0.203265
19994.68945 0.203347
19994.98047 0.203429
19995.27930 0.20351
19995.57031 0.203593
19995.86914 0.203675
19996.16016 0.203688
19996.44922 0.203644
19996.75000 0.203598
19997.03906 0.203554
19997.33008 0.203509
19997.61914 0.203464
19997.91992 0.203419
19998.21094 0.203471
19998.50977 0.203559
19998.80078 0.203647
19999.08984 0.203735
19999.39062 0.203824
19999.67969 0.203912
19999.97070 0.204
20000.26953 0.203928
20000.56055 0.203839
20000.84961 0.20375
20001.15039 0.203661
20001.43945 0.203572
20001.73047 0.203483
20002.02930 0.203395
20002.32031 0.203326
20002.60938 0.203256
20002.91016 0.203185
20003.19922 0.203116
20003.49023 0.203045
20003.78906 0.202976
20004.08008 0.202943
20004.36914 0.203007
20004.66992 0.203071
20004.96094 0.203135
20005.25977 0.203199
20005.55078 0.203264
20005.83984 0.203328
20006.14062 0.203378
20006.42969 0.203413
20006.72070 0.203448
20007.01953 0.203483
20007.31055 0.203518
20007.59961 0.203553
20007.90039 0.203588
20008.18945 0.203664
20008.48047 0.203761
20008.77930 0.203857
20009.07031 0.203955
20009.36914 0.204052
20009.66016 0.204149
20009.94922 0.204246
20010.25000 0.204222
20010.53906 0.204174
20010.83008 0.204126
20011.13086 0.204078
20011.41992 0.20403
20011.71094 0.203982
20012.00977 0.203935
20012.30078 0.203943
20012.59961 0.203951
20012.89062 0.203958
20013.17969 0.203966
20013.48047 0.203974
20013.76953 0.203981
20014.06055 0.204002
20014.35938 0.204071
20014.65039 0.20414
20014.93945 0.204209
20015.24023 0.204278
20015.52930 0.204347
20015.82031 0.204416
20016.11914 0.20448
20016.41016 0.204538
20016.71094 0.204596
20017.00000 0.204654
20017.28906 0.204711
20017.58984 0.204769
20017.88086 0.204827
20018.16992 0.20485
20018.47070 0.204849
20018.75977 0.204848
20019.06055 0.204847
20019.34961 0.204846
20019.64062 0.204846
20019.93945 0.204845
20020.23047 0.204798
20020.52930 0.204737
20020.82031 0.204677
20021.10938 0.204617
20021.41016 0.204557
20021.69922 0.204497
20021.99023 0.204436
20022.28906 0.204466
20022.58008 0.204498
20022.88086 0.20453
20023.16992 0.204561
20023.46094 0.204593
20023.75977 0.204625
20024.05078 0.204651
20024.33984 0.204648
20024.64062 0.204645
20024.92969 0.204642
20025.22070 0.204639
20025.51953 0.204636
20025.81055 0.204633
20026.10938 0.204644
20026.40039 0.204679
20026.68945 0.204713
20026.99023 0.204748
20027.27930 0.204783
20027.58008 0.204818
20027.86914 0.204852
20028.16016 0.204843
20028.46094 0.204798
20028.75000 0.204754
20029.03906 0.204709
20029.33984 0.204664
20029.63086 0.20462
20029.92969 0.204575
20030.22070 0.204621
20030.50977 0.204696
20030.81055 0.204772
20031.09961 0.204847
20031.40039 0.204923
20031.68945 0.204998
20031.98047 0.205074
20032.27930 0.205041
20032.57031 0.205002
20032.86914 0.204963
20033.16016 0.204924
20033.44922 0.204884
20033.75000 0.204845
20034.03906 0.20482
20034.33984 0.204879
20034.63086 0.204938
20034.91992 0.204997
20035.22070 0.205056
20035.50977 0.205116
20035.80078 0.205175
20036.09961 0.205218
20036.39062 0.205231
20036.68945 0.205244
20036.98047 0.205257
20037.27930 0.20527
20037.57031 0.205283
20037.85938 0.205296
20038.16016 0.205328
20038.44922 0.205375
20038.74023 0.205423
20039.03906 0.205471
20039.33008 0.205518
20039.63086 0.205566
20039.91992 0.205614
20040.21094 0.205697
20040.50977 0.205793
20040.80078 0.20589
20041.09961 0.205986
20041.39062 0.206082
20041.68945 0.206179
20041.98047 0.206275
20042.26953 0.206196
20042.57031 0.206102
20042.85938 0.20601
20043.16016 0.205916
20043.44922 0.205823
20043.74023 0.20573
20044.03906 0.205666
20044.33008 0.205798
20044.63086 0.20593
20044.91992 0.206062
20045.21094 0.206195
20045.50977 0.206326
20045.80078 0.206459
20046.09961 0.206525
20046.39062 0.206457
20046.68945 0.206389
20046.98047 0.206321
20047.26953 0.206253
20047.57031 0.206184
20047.85938 0.206117
20048.16016 0.206105
20048.44922 0.206144
20048.74023 0.206182
20049.03906 0.206221
20049.33008 0.20626
20049.63086 0.206299
20049.91992 0.206338
20050.21094 0.206368
20050.50977 0.206396
20050.80078 0.206423
20051.09961 0.20645
20051.39062 0.206478
20051.68945 0.206505
20051.98047 0.206532
20052.26953 0.206575
20052.57031 0.20662
20052.85938 0.206664
20053.16016 0.206708
20053.44922 0.206753
20053.75000 0.206798
20054.03906 0.206852
20054.33008 0.206971
20054.63086 0.207091
20054.91992 0.20721
20055.22070 0.207329
20055.50977 0.207449
20055.80078 0.207568
20056.09961 0.20766
20056.39062 0.207699
20056.68945 0.207738
20056.98047 0.207777
20057.27930 0.207815
20057.57031 0.207854
20057.86914 0.207893
20058.16016 0.207925
20058.44922 0.20795
20058.75000 0.207975
20059.03906 0.208001
20059.33984 0.208026
20059.63086 0.208051
20059.92969 0.208076
20060.22070 0.208093
20060.50977 0.208108
20060.81055 0.208122
20061.09961 0.208137
20061.40039 0.208151
20061.68945 0.208166
20061.99023 0.208181
20062.27930 0.208216
20062.57031 0.208252
20062.86914 0.208289
20063.16016 0.208325
20063.46094 0.208361
20063.75000 0.208397
20064.05078 0.20844
20064.33984 0.208518
20064.63086 0.208596
20064.92969 0.208674
20065.22070 0.208752
20065.51953 0.20883
20065.81055 0.208908
20066.10938 0.208944
20066.40039 0.208906
20066.69922 0.208868
20066.99023 0.20883
20067.28906 0.208791
20067.58008 0.208753
20067.86914 0.208715
20068.16992 0.208722
20068.46094 0.208762
20068.75977 0.208802
20069.05078 0.208841
20069.34961 0.208881
20069.64062 0.208921
20069.93945 0.208961
20070.23047 0.209015
20070.51953 0.209074
20070.82031 0.209132
20071.10938 0.209191
20071.41016 0.209249
20071.69922 0.209308
20072.00000 0.209367
20072.28906 0.209402
20072.58984 0.209438
20072.88086 0.209473
20073.16992 0.209509
20073.47070 0.209544
20073.75977 0.20958
20074.06055 0.209605
20074.34961 0.209588
20074.65039 0.209572
20074.93945 0.209555
20075.24023 0.209538
20075.52930 0.209521
20075.82031 0.209504
20076.11914 0.209533
20076.41016 0.209628
20076.71094 0.209724
20077.00000 0.209819
20077.30078 0.209915
20077.58984 0.21001
20077.89062 0.210106
20078.17969 0.210239
20078.48047 0.210395
20078.76953 0.210551
20079.07031 0.210708
20079.35938 0.210863
20079.65039 0.21102
20079.94922 0.211176
20080.24023 0.211183
20080.53906 0.211158
20080.83008 0.211133
20081.13086 0.211109
20081.41992 0.211084
20081.72070 0.211059
20082.00977 0.211033
20082.31055 0.210963
20082.59961 0.210894
20082.90039 0.210825
20083.18945 0.210757
20083.48047 0.210687
20083.77930 0.210618
20084.07031 0.210581
20084.36914 0.210639
20084.66016 0.210698
20084.96094 0.210756
20085.25000 0.210814
20085.55078 0.210872
20085.83984 0.21093
20086.14062 0.211019
20086.42969 0.211143
20086.73047 0.211268
20087.01953 0.211393
20087.32031 0.211517
20087.60938 0.211642
20087.91016 0.211767
20088.19922 0.211841
20088.49023 0.211891
20088.78906 0.211942
20089.08008 0.211993
20089.38086 0.212043
20089.66992 0.212094
20089.97070 0.212145
20090.25977 0.21213
20090.56055 0.212108
20090.84961 0.212085
20091.15039 0.212063
20091.43945 0.21204
20091.74023 0.212018
20092.02930 0.21201
20092.33008 0.212123
20092.61914 0.212235
20092.91992 0.212348
20093.21094 0.212461
20093.50977 0.212574
20093.80078 0.212686
20094.09961 0.21274
20094.39062 0.212671
20094.68945 0.212602
20094.98047 0.212532
20095.27930 0.212463
20095.57031 0.212394
20095.86914 0.212324
20096.16016 0.212303
20096.46094 0.212321
20096.75000 0.21234
20097.03906 0.212359
20097.33984 0.212377
20097.63086 0.212396
20097.92969 0.212415
20098.22070 0.2125
20098.51953 0.212606
20098.81055 0.212713
20099.10938 0.212819
20099.40039 0.212926
20099.69922 0.213032
20099.99023 0.213139
20100.28906 0.213333
20100.58008 0.213529
20100.88086 0.213725
20101.16992 0.213921
20101.47070 0.214118
20101.75977 0.214314
20102.06055 0.214471
20102.34961 0.214468
20102.65039 0.214465
20102.93945 0.214463
20103.24023 0.21446
20103.52930 0.214457
20103.83008 0.214455
20104.11914 0.214519
20104.41992 0.214675
20104.71094 0.214832
20105.00977 0.214988
20105.30078 0.215145
20105.59961 0.215301
20105.89062 0.215458
20106.18945 0.215514
20106.48047 0.215513
20106.77930 0.215512
20107.07031 0.215511
20107.36914 0.21551
20107.66016 0.215508
20107.96094 0.215507
20108.25000 0.215499
20108.55078 0.21549
20108.83984 0.21548
20109.14062 0.21547
20109.42969 0.215461
20109.73047 0.215451
20110.01953 0.215449
20110.32031 0.215534
20110.60938 0.215619
20110.91016 0.215704
20111.19922 0.215788
20111.50000 0.215873
20111.78906 0.215958
20112.08984 0.216013
20112.38086 0.215998
20112.67969 0.215982
20112.97070 0.215967
20113.26953 0.215951
20113.56055 0.215936
20113.85938 0.215921
20114.15039 0.215979
20114.44922 0.216104
20114.74023 0.216229
20115.03906 0.216354
20115.33008 0.216479
20115.63086 0.216605
20115.92969 0.216731
20116.22070 0.216838
20116.51953 0.216939
20116.81055 0.21704
20117.10938 0.217141
20117.40039 0.217242
20117.69922 0.217343
20117.99023 0.217444
20118.28906 0.217448
20118.58008 0.217449
20118.88086 0.21745
20119.16992 0.217451
20119.47070 0.217452
20119.75977 0.217453
20120.06055 0.217457
20120.34961 0.217475
20120.65039 0.217493
20120.93945 0.21751
20121.24023 0.217528
20121.52930 0.217546
20121.83008 0.217563
20122.11914 0.217589
20122.41992 0.217624
20122.71094 0.21766
20123.00977 0.217695
20123.30078 0.21773
20123.59961 0.217766
20123.89062 0.217801
20124.18945 0.217959
20124.49023 0.218183
20124.77930 0.218407
20125.08008 0.218631
20125.36914 0.218855
20125.66992 0.219081
20125.96094 0.219305
20126.25977 0.219338
20126.55078 0.219345
20126.84961 0.219351
20127.14062 0.219357
20127.43945 0.219363
20127.73047 0.219369
20128.02930 0.219364
20128.32031 0.219265
20128.61914 0.219164
20128.91992 0.219064
20129.21094 0.218965
20129.50977 0.218865
20129.80078 0.218765
20130.09961 0.218744
20130.39062 0.218885
20130.68945 0.219025
20130.98047 0.219166
20131.27930 0.219307
20131.57031 0.219448
20131.86914 0.219588
20132.16016 0.219658
20132.46094 0.21967
20132.75977 0.219683
20133.05078 0.219695
20133.34961 0.219708
20133.64062 0.21972
20133.93945 0.219733
20134.23047 0.219866
20134.52930 0.220033
20134.82031 0.220199
20135.11914 0.220366
20135.41016 0.220532
20135.71094 0.220699
20136.00977 0.220864
20136.30078 0.220944
20136.59961 0.221024
20136.89062 0.221104
20137.18945 0.221184
20137.48047 0.221264
20137.77930 0.221344
20138.07031 0.22142
20138.36914 0.221483
20138.66016 0.221546
20138.96094 0.221608
20139.25977 0.221671
20139.55078 0.221734
20139.84961 0.221796
20140.14062 0.221857
20140.43945 0.221916
20140.73047 0.221975
20141.02930 0.222034
20141.32031 0.222093
20141.61914 0.222152
20141.91016 0.222211
20142.21094 0.222218
20142.50977 0.222203
20142.80078 0.222189
20143.09961 0.222175
20143.39062 0.22216
20143.68945 0.222146
20143.98047 0.222131
20144.27930 0.222222
20144.57031 0.222318
20144.86914 0.222414
20145.16992 0.222512
20145.46094 0.222608
20145.75977 0.222704
20146.05078 0.222787
20146.34961 0.222802
20146.64062 0.222818
20146.93945 0.222833
20147.23047 0.222848
20147.52930 0.222864
20147.83008 0.222879
20148.11914 0.222966
20148.41992 0.223156
20148.71094 0.223345
20149.00977 0.223534
20149.30078 0.223724
20149.59961 0.223913
20149.89062 0.224102
20150.18945 0.224166
20150.49023 0.22416
20150.77930 0.224154
20151.08008 0.224149
20151.36914 0.224143
20151.66992 0.224137
20151.96094 0.224132
20152.25977 0.224236
20152.56055 0.224355
20152.84961 0.224474
20153.15039 0.224594
20153.43945 0.224712
20153.74023 0.224831
20154.03906 0.224937
20154.33008 0.224943
20154.63086 0.224949
20154.91992 0.224954
20155.22070 0.22496
20155.50977 0.224966
20155.81055 0.224971
20156.10938 0.225039
20156.40039 0.225217
20156.69922 0.225396
20156.99023 0.225574
20157.28906 0.225752
20157.58008 0.225931
20157.88086 0.226109
20158.17969 0.226116
20158.47070 0.226004
20158.76953 0.225892
20159.06055 0.22578
20159.35938 0.225668
20159.65039 0.225555
20159.94922 0.225444
20160.25000 0.225533
20160.53906 0.225663
20160.83984 0.225795
20161.13086 0.225925
20161.42969 0.226056
20161.72070 0.226187
20162.01953 0.226319
20162.32031 0.226466
20162.60938 0.226613
20162.91016 0.22676
20163.19922 0.226907
20163.50000 0.227055
20163.78906 0.227202
20164.08984 0.227324
20164.39062 0.227389
20164.67969 0.227453
20164.98047 0.227518
20165.27930 0.227582
20165.57031 0.227647
20165.86914 0.227712
20166.16016 0.227745
20166.46094 0.227753
20166.75000 0.22776
20167.05078 0.227768
20167.34961 0.227776
20167.64062 0.227784
20167.93945 0.227792
20168.23047 0.227876
20168.52930 0.227979
20168.83008 0.228084
20169.11914 0.228187
20169.41992 0.228292
20169.71094 0.228395
20170.00977 0.228498
20170.30078 0.228549
20170.59961 0.228601
20170.90039 0.228651
20171.18945 0.228703
20171.49023 0.228754
20171.78906 0.228805
20172.08008 0.22887
20172.38086 0.22897
20172.66992 0.22907
20172.97070 0.229169
20173.26953 0.229269
20173.56055 0.229369
20173.85938 0.229469
20174.15039 0.229546
20174.44922 0.229601
20174.74023 0.229657
20175.03906 0.229712
20175.33984 0.229768
20175.63086 0.229823
20175.92969 0.229879
20176.22070 0.229858
20176.51953 0.229814
20176.82031 0.22977
20177.10938 0.229725
20177.41016 0.229681
20177.71094 0.229637
20178.00000 0.229593
20178.30078 0.229708
20178.58984 0.229823
20178.89062 0.229938
20179.18945 0.230053
20179.48047 0.230169
20179.77930 0.230283
20180.07031 0.230384
20180.36914 0.230441
20180.66992 0.230499
20180.96094 0.230557
20181.25977 0.230614
20181.55078 0.230672
20181.84961 0.230729
20182.15039 0.230824
20182.43945 0.230958
20182.74023 0.231092
20183.03906 0.231226
20183.33008 0.231359
20183.63086 0.231494
20183.91992 0.231628
20184.22070 0.23176
20184.51953 0.231892
20184.81055 0.232024
20185.10938 0.232156
20185.40039 0.232288
20185.69922 0.23242
20186.00000 0.232552
20186.28906 0.232496
20186.58984 0.232437
20186.88086 0.232379
20187.17969 0.23232
20187.48047 0.232261
20187.76953 0.232203
20188.07031 0.232174
20188.36914 0.232243
20188.66016 0.232312
20188.96094 0.232382
20189.25000 0.232451
20189.55078 0.23252
20189.84961 0.232589
20190.14062 0.232712
20190.43945 0.232894
20190.74023 0.233077
20191.02930 0.233258
20191.33008 0.23344
20191.61914 0.233622
20191.91992 0.233803
20192.22070 0.233806
20192.50977 0.233744
20192.81055 0.233681
20193.10938 0.233619
20193.40039 0.233556
20193.69922 0.233493
20193.99023 0.233431
20194.28906 0.233534
20194.58984 0.233641
20194.88086 0.233747
20195.17969 0.233854
20195.48047 0.233961
20195.76953 0.234068
20196.07031 0.234192
20196.36914 0.234378
20196.66016 0.234564
20196.96094 0.234748
20197.25000 0.234934
20197.55078 0.235119
20197.84961 0.235305
20198.14062 0.235354
20198.43945 0.235259
20198.74023 0.235163
20199.02930 0.235068
20199.33008 0.234973
20199.63086 0.234877
20199.91992 0.234782
20200.22070 0.23474
20200.50977 0.234717
20200.81055 0.234695
20201.10938 0.234673
20201.40039 0.23465
20201.69922 0.234628
20202.00000 0.234605
20202.28906 0.234651
20202.58984 0.234698
20202.88086 0.234745
20203.17969 0.234792
20203.48047 0.234839
20203.77930 0.234887
20204.07031 0.234969
20204.36914 0.235167
20204.66016 0.235365
20204.96094 0.235563
20205.25977 0.235761
20205.55078 0.235958
20205.84961 0.236156
20206.15039 0.236229
20206.43945 0.236174
20206.74023 0.236118
20207.03906 0.236063
20207.33008 0.236008
20207.63086 0.235952
20207.92969 0.235897
20208.22070 0.235933
20208.51953 0.236
20208.81055 0.236067
20209.10938 0.236133
20209.41016 0.2362
20209.71094 0.236267
20210.00000 0.236334
20210.30078 0.236441
20210.58984 0.236549
20210.89062 0.236657
20211.18945 0.236765
20211.48047 0.236873
20211.77930 0.23698
20212.08008 0.23708
20212.36914 0.237156
20212.66992 0.237232
20212.97070 0.237308
20213.25977 0.237383
20213.56055 0.237459
20213.85938 0.237535
20214.15039 0.237637
20214.44922 0.237763
20214.75000 0.23789
20215.03906 0.238016
20215.33984 0.238143
20215.63086 0.238268
20215.92969 0.238395
20216.23047 0.238595
20216.52930 0.238816
20216.82031 0.239037
20217.11914 0.239259
20217.41992 0.23948
20217.71094 0.239702
20218.00977 0.239915
