threeML/data/optical_filters/HST/NICMOS1-F113N.ecsv
# %ECSV 0.9
# ---
# datatype:
# - {name: wavelength, unit: Angstrom, datatype: float32}
# - {name: response, datatype: float32}
# meta: !!omap
# - {band_name: F113N}
# - {group_name: NICMOS1}
wavelength response
10058.36426 0.0
11175.95996 0.000401
11176.16016 0.000399
11176.34961 0.000397
11176.54980 0.000394
11176.74023 0.000391
11176.94043 0.000388
11177.12988 0.000385
11177.33008 0.000382
11177.51953 0.00038
11177.71973 0.000377
11177.91016 0.000374
11178.11035 0.000377
11178.29980 0.000384
11178.50000 0.000391
11178.69043 0.000399
11178.88965 0.000406
11179.08008 0.000413
11179.28027 0.00042
11179.46973 0.000428
11179.66992 0.000435
11179.86035 0.000442
11180.05957 0.00045
11180.25000 0.00046
11180.45020 0.00047
11180.65039 0.00048
11180.83984 0.00049
11181.04004 0.0005
11181.23047 0.000509
11181.42969 0.000519
11181.62012 0.000529
11181.82031 0.000539
11182.00977 0.000549
11182.20996 0.000554
11182.40039 0.000559
11182.59961 0.000564
11182.79004 0.000569
11182.99023 0.000574
11183.17969 0.000579
11183.37988 0.000584
11183.57031 0.000589
11183.76953 0.000594
11183.95996 0.000599
11184.16016 0.000599
11184.34961 0.000599
11184.54980 0.000599
11184.74023 0.000598
11184.94043 0.000598
11185.12988 0.000597
11185.33008 0.000597
11185.53027 0.000597
11185.71973 0.000596
11185.91992 0.000596
11186.11035 0.000607
11186.30957 0.000626
11186.50000 0.000645
11186.70020 0.000664
11186.88965 0.000684
11187.08984 0.000703
11187.28027 0.000722
11187.48047 0.000741
11187.66992 0.00076
11187.87012 0.00078
11188.05957 0.000794
11188.25977 0.000798
11188.45020 0.000802
11188.65039 0.000806
11188.83984 0.00081
11189.04004 0.000814
11189.24023 0.000818
11189.42969 0.000822
11189.62988 0.000826
11189.82031 0.00083
11190.01953 0.000835
11190.20996 0.000848
11190.41016 0.000861
11190.59961 0.000874
11190.79980 0.000887
11190.99023 0.0009
11191.19043 0.000913
11191.37988 0.000926
11191.58008 0.000939
11191.78027 0.000952
11191.96973 0.000965
11192.16992 0.000975
11192.36035 0.000984
11192.55957 0.000993
11192.75000 0.001002
11192.95020 0.001011
11193.13965 0.00102
11193.33984 0.001029
11193.53027 0.001038
11193.73047 0.001047
11193.91992 0.001056
11194.12012 0.00107
11194.32031 0.001088
11194.50977 0.001106
11194.70996 0.001124
11194.90039 0.001141
11195.09961 0.001159
11195.29004 0.001177
11195.49023 0.001195
11195.67969 0.001212
11195.87988 0.00123
11196.07031 0.001246
11196.26953 0.00126
11196.45996 0.001274
11196.66016 0.001288
11196.86035 0.001302
11197.04980 0.001316
11197.25000 0.00133
11197.44043 0.001344
11197.63965 0.001357
11197.83008 0.001371
11198.03027 0.001386
11198.21973 0.001404
11198.41992 0.001422
11198.62012 0.001441
11198.80957 0.001459
11199.00977 0.001477
11199.20020 0.001495
11199.40039 0.001514
11199.58984 0.001532
11199.79004 0.00155
11199.98047 0.001568
11200.17969 0.00161
11200.37988 0.001654
11200.57031 0.001697
11200.76953 0.001741
11200.95996 0.001784
11201.16016 0.001828
11201.34961 0.001872
11201.54980 0.001916
11201.74023 0.001959
11201.94043 0.002003
11202.12988 0.002033
11202.33008 0.002056
11202.53027 0.00208
11202.71973 0.002103
11202.91992 0.002127
11203.11035 0.002151
11203.30957 0.002174
11203.50000 0.002198
11203.70020 0.002221
11203.88965 0.002245
11204.08984 0.002274
11204.29004 0.002309
11204.48047 0.002345
11204.67969 0.00238
11204.87012 0.002415
11205.07031 0.002451
11205.25977 0.002486
11205.45996 0.002522
11205.65039 0.002557
11205.84961 0.002593
11206.04980 0.002631
11206.24023 0.002681
11206.44043 0.002732
11206.62988 0.002782
11206.83008 0.002832
11207.01953 0.002882
11207.21973 0.002932
11207.41992 0.002982
11207.61035 0.003032
11207.80957 0.003082
11208.00000 0.003132
11208.20020 0.003179
11208.38965 0.003224
11208.58984 0.00327
11208.79004 0.003316
11208.98047 0.003362
11209.17969 0.003408
11209.37012 0.003454
11209.57031 0.0035
11209.75977 0.003546
11209.95996 0.003592
11210.15039 0.003656
11210.34961 0.003725
11210.54980 0.003793
11210.74023 0.003862
11210.94043 0.003931
11211.12988 0.004
11211.33008 0.004069
11211.51953 0.004137
11211.71973 0.004206
11211.91992 0.004275
11212.11035 0.004349
11212.30957 0.004427
11212.50000 0.004505
11212.70020 0.004583
11212.88965 0.004661
11213.08984 0.004738
11213.29004 0.004817
11213.48047 0.004894
11213.67969 0.004972
11213.87012 0.00505
11214.07031 0.005135
11214.25977 0.00523
11214.45996 0.005326
11214.66016 0.005421
11214.84961 0.005517
11215.04980 0.005613
11215.24023 0.005708
11215.44043 0.005804
11215.62988 0.0059
11215.83008 0.005996
11216.03027 0.006095
11216.21973 0.006219
11216.41992 0.006343
11216.61035 0.006468
11216.80957 0.006592
11217.00977 0.006717
11217.20020 0.006841
11217.40039 0.006965
11217.58984 0.007089
11217.79004 0.007214
11217.98047 0.007338
11218.17969 0.00748
11218.37988 0.007624
11218.57031 0.007768
11218.76953 0.007913
11218.95996 0.008056
11219.16016 0.008201
11219.36035 0.008344
11219.54980 0.008488
11219.75000 0.008632
11219.94043 0.008776
11220.13965 0.008965
11220.33008 0.009173
11220.53027 0.009382
11220.73047 0.009589
11220.91992 0.009797
11221.12012 0.010005
11221.30957 0.010213
11221.50977 0.01042
11221.70996 0.010629
11221.90039 0.010837
11222.09961 0.011048
11222.29004 0.011265
11222.49023 0.011481
11222.69043 0.011697
11222.87988 0.011914
11223.08008 0.01213
11223.26953 0.012346
11223.46973 0.012562
11223.66992 0.012779
11223.86035 0.012995
11224.05957 0.013236
11224.25000 0.01354
11224.45020 0.013844
11224.63965 0.014147
11224.83984 0.014451
11225.04004 0.014754
11225.23047 0.015058
11225.42969 0.015362
11225.62012 0.015664
11225.82031 0.015969
11226.01953 0.016274
11226.20996 0.016595
11226.41016 0.016917
11226.59961 0.017239
11226.79980 0.017559
11227.00000 0.017881
11227.19043 0.018203
11227.38965 0.018525
11227.58008 0.018846
11227.78027 0.019168
11227.98047 0.01949
11228.16992 0.019913
11228.37012 0.020352
11228.55957 0.020791
11228.75977 0.021227
11228.95996 0.021666
11229.15039 0.022105
11229.34961 0.022544
11229.54004 0.022981
11229.74023 0.02342
11229.94043 0.023859
11230.12988 0.024307
11230.33008 0.024756
11230.51953 0.025208
11230.71973 0.02566
11230.91992 0.026112
11231.11035 0.026561
11231.30957 0.027013
11231.50000 0.027465
11231.70020 0.027917
11231.90039 0.028367
11232.08984 0.028882
11232.29004 0.029469
11232.49023 0.030055
11232.67969 0.030639
11232.87988 0.031225
11233.07031 0.031812
11233.26953 0.032398
11233.46973 0.032984
11233.66016 0.033568
11233.86035 0.034154
11234.04980 0.034732
11234.25000 0.035284
11234.45020 0.035837
11234.63965 0.036387
11234.83984 0.03694
11235.03027 0.037493
11235.23047 0.038046
11235.42969 0.038598
11235.62012 0.039151
11235.82031 0.039701
11236.00977 0.040264
11236.20996 0.040953
11236.41016 0.041642
11236.59961 0.042331
11236.79980 0.04302
11237.00000 0.043709
11237.19043 0.044394
11237.38965 0.045083
11237.58008 0.045772
11237.78027 0.046461
11237.98047 0.047149
11238.16992 0.047868
11238.37012 0.04859
11238.57031 0.049312
11238.75977 0.050031
11238.95996 0.050753
11239.15039 0.051476
11239.34961 0.052198
11239.54980 0.05292
11239.74023 0.053643
11239.94043 0.054365
11240.12988 0.055052
11240.33008 0.055723
11240.53027 0.056393
11240.71973 0.057064
11240.91992 0.057731
11241.12012 0.058402
11241.30957 0.059073
11241.50977 0.059743
11241.70020 0.060414
11241.90039 0.061085
11242.09961 0.061765
11242.29004 0.062455
11242.49023 0.063145
11242.69043 0.063835
11242.87988 0.064526
11243.08008 0.065216
11243.26953 0.065906
11243.46973 0.066596
11243.66992 0.067286
11243.86035 0.067976
11244.05957 0.06863
11244.25977 0.069198
11244.45020 0.069766
11244.65039 0.070334
11244.83984 0.070902
11245.04004 0.071471
11245.24023 0.072039
11245.42969 0.072607
11245.62988 0.073175
11245.83008 0.073743
11246.01953 0.074306
11246.21973 0.074828
11246.41992 0.075349
11246.61035 0.07587
11246.80957 0.076392
11247.00000 0.076913
11247.20020 0.077435
11247.40039 0.077956
11247.58984 0.078478
11247.79004 0.078999
11247.99023 0.079521
11248.17969 0.079914
11248.37988 0.080297
11248.57031 0.080679
11248.76953 0.081064
11248.96973 0.081447
11249.16016 0.08183
11249.36035 0.082212
11249.55957 0.082595
11249.75000 0.082978
11249.95020 0.083361
11250.15039 0.083676
11250.33984 0.083968
11250.54004 0.084259
11250.73047 0.084551
11250.92969 0.084844
11251.12988 0.085136
11251.32031 0.085428
11251.51953 0.08572
11251.71973 0.086011
11251.91016 0.086303
11252.11035 0.08651
11252.30957 0.086649
11252.50000 0.086789
11252.70020 0.086928
11252.90039 0.087067
11253.08984 0.087207
11253.29004 0.087346
11253.48047 0.087485
11253.67969 0.087624
11253.87988 0.087764
11254.07031 0.087871
11254.26953 0.087926
11254.46973 0.087981
11254.66016 0.088035
11254.86035 0.08809
11255.05957 0.088145
11255.25000 0.088199
11255.45020 0.088254
11255.65039 0.088309
11255.83984 0.088363
11256.04004 0.088404
11256.24023 0.088386
11256.42969 0.088368
11256.62988 0.08835
11256.82031 0.088332
11257.01953 0.088314
11257.21973 0.088296
11257.41016 0.088278
11257.61035 0.088261
11257.80957 0.088243
11258.00000 0.088224
11258.20020 0.088153
11258.40039 0.088083
11258.58984 0.088013
11258.79004 0.087943
11258.99023 0.087873
11259.17969 0.087802
11259.37988 0.087732
11259.58008 0.087662
11259.76953 0.087592
11259.96973 0.087522
11260.16992 0.087445
11260.36035 0.087369
11260.55957 0.087292
11260.75000 0.087215
11260.95020 0.087138
11261.15039 0.087062
11261.33984 0.086985
11261.54004 0.086908
11261.74023 0.086831
11261.92969 0.086754
11262.12988 0.086665
11262.33008 0.086571
11262.51953 0.086476
11262.71973 0.086381
11262.91992 0.086286
11263.11035 0.086192
11263.30957 0.086097
11263.50977 0.086002
11263.70020 0.085907
11263.90039 0.085812
11264.09961 0.085726
11264.29004 0.085647
11264.49023 0.085568
11264.69043 0.085489
11264.87988 0.085411
11265.08008 0.085332
11265.28027 0.085253
11265.46973 0.085174
11265.66992 0.085095
11265.87012 0.085017
11266.05957 0.084944
11266.25977 0.084885
11266.45996 0.084826
11266.65039 0.084767
11266.84961 0.084708
11267.04980 0.084649
11267.24023 0.08459
11267.44043 0.084531
11267.63965 0.084472
11267.83008 0.084413
11268.03027 0.084359
11268.23047 0.084334
11268.41992 0.084309
11268.62012 0.084284
11268.82031 0.084258
11269.00977 0.084233
11269.20996 0.084208
11269.41016 0.084183
11269.59961 0.084158
11269.79980 0.084132
11270.00000 0.084107
11270.19043 0.084107
11270.38965 0.084108
11270.58984 0.084109
11270.79004 0.084109
11270.98047 0.08411
11271.17969 0.08411
11271.37988 0.084111
11271.57031 0.084112
11271.76953 0.084112
11271.96973 0.084113
11272.16016 0.084131
11272.36035 0.084153
11272.55957 0.084176
11272.75000 0.084198
11272.95020 0.08422
11273.15039 0.084242
11273.33984 0.084264
11273.54004 0.084286
11273.74023 0.084308
11273.92969 0.084331
11274.12988 0.084382
11274.33008 0.084449
11274.51953 0.084515
11274.71973 0.084582
11274.91992 0.084648
11275.11035 0.084714
11275.30957 0.084781
11275.50977 0.084847
11275.70020 0.084914
11275.90039 0.08498
11276.09961 0.085059
11276.29004 0.085151
11276.49023 0.085242
11276.69043 0.085334
11276.88965 0.085425
11277.08008 0.085517
11277.28027 0.085608
11277.48047 0.0857
11277.66992 0.085791
11277.87012 0.085883
11278.07031 0.085981
11278.25977 0.086094
11278.45996 0.086206
11278.66016 0.086318
11278.84961 0.08643
11279.04980 0.086542
11279.25000 0.086654
11279.45020 0.086766
11279.63965 0.086878
11279.83984 0.08699
11280.04004 0.087108
11280.23047 0.087256
11280.42969 0.087404
11280.62988 0.087551
11280.82031 0.087699
11281.01953 0.087847
11281.21973 0.087994
11281.41016 0.088142
11281.61035 0.08829
11281.80957 0.088437
11282.00000 0.088585
11282.20020 0.088732
11282.40039 0.088877
11282.59961 0.089024
11282.79004 0.08917
11282.99023 0.089316
11283.19043 0.089463
11283.37988 0.089609
11283.58008 0.089755
11283.78027 0.089901
11283.96973 0.090048
11284.16992 0.090216
11284.37012 0.090388
11284.57031 0.09056
11284.75977 0.090732
11284.95996 0.090903
11285.16016 0.091075
11285.34961 0.091247
11285.54980 0.091419
11285.75000 0.09159
11285.94043 0.091762
11286.13965 0.091929
11286.33984 0.092093
11286.54004 0.092257
11286.73047 0.092422
11286.92969 0.092587
11287.12988 0.092751
11287.32031 0.092915
11287.51953 0.09308
11287.71973 0.093245
11287.91992 0.09341
11288.11035 0.093571
11288.30957 0.09373
11288.50977 0.093889
11288.70020 0.094049
11288.90039 0.094207
11289.09961 0.094367
11289.29004 0.094526
11289.49023 0.094686
11289.69043 0.094845
11289.87988 0.095003
11290.08008 0.095166
11290.28027 0.095333
11290.48047 0.0955
11290.66992 0.095667
11290.87012 0.095833
11291.07031 0.095999
11291.25977 0.096166
11291.45996 0.096333
11291.66016 0.0965
11291.86035 0.096667
11292.04980 0.096828
11292.25000 0.096973
11292.45020 0.097119
11292.63965 0.097265
11292.83984 0.09741
11293.04004 0.097556
11293.24023 0.097702
11293.42969 0.097848
11293.62988 0.097993
11293.83008 0.098139
11294.01953 0.098285
11294.21973 0.098437
11294.41992 0.098589
11294.62012 0.098742
11294.80957 0.098894
11295.00977 0.099046
11295.20996 0.099197
11295.40039 0.09935
11295.59961 0.099502
11295.79980 0.099654
11296.00000 0.099806
11296.19043 0.09992
11296.38965 0.100033
11296.58984 0.100146
11296.79004 0.100259
11296.98047 0.100372
11297.17969 0.100486
11297.37988 0.100599
11297.57031 0.100712
11297.76953 0.100825
11297.96973 0.100937
11298.16992 0.101048
11298.36035 0.101158
11298.55957 0.101267
11298.75977 0.101377
11298.95020 0.101487
11299.15039 0.101597
11299.34961 0.101706
11299.54980 0.101816
11299.74023 0.101926
11299.94043 0.102036
11300.13965 0.102123
11300.33008 0.1022
11300.53027 0.102277
11300.73047 0.102354
11300.92969 0.102431
11301.12012 0.102508
11301.32031 0.102585
11301.51953 0.102662
11301.71973 0.102739
11301.91016 0.102816
11302.11035 0.102885
11302.30957 0.102947
11302.50000 0.103009
11302.70020 0.103071
11302.90039 0.103133
11303.09961 0.103195
11303.29004 0.103257
11303.49023 0.103319
11303.69043 0.103381
11303.88965 0.103443
11304.08008 0.103493
11304.28027 0.103529
11304.48047 0.103564
11304.67969 0.103599
11304.87012 0.103635
11305.07031 0.10367
11305.26953 0.103705
11305.45996 0.10374
11305.66016 0.103776
11305.86035 0.103811
11306.05957 0.103842
11306.25000 0.10386
11306.45020 0.103879
11306.65039 0.103898
11306.84961 0.103916
11307.04004 0.103935
11307.24023 0.103954
11307.44043 0.103972
11307.63965 0.103991
11307.83008 0.10401
11308.03027 0.104026
11308.23047 0.104028
11308.42969 0.104029
11308.62012 0.104031
11308.82031 0.104032
11309.01953 0.104034
11309.20996 0.104036
11309.41016 0.104037
11309.61035 0.104039
11309.80957 0.104041
11310.00000 0.104042
11310.20020 0.104044
11310.40039 0.104047
11310.59961 0.104049
11310.79004 0.104051
11310.99023 0.104053
11311.19043 0.104055
11311.38965 0.104057
11311.58008 0.104059
11311.78027 0.104062
11311.98047 0.104064
11312.17969 0.104053
11312.37012 0.104042
11312.57031 0.10403
11312.76953 0.104019
11312.96973 0.104008
11313.16016 0.103996
11313.36035 0.103984
11313.55957 0.103973
11313.75977 0.103961
11313.95020 0.10395
11314.15039 0.10394
11314.34961 0.10393
11314.54980 0.10392
11314.74023 0.103911
11314.94043 0.103901
11315.13965 0.103891
11315.33984 0.103882
11315.53027 0.103872
11315.73047 0.103862
11315.92969 0.103852
11316.12988 0.103842
11316.32031 0.10383
11316.51953 0.103819
11316.71973 0.103807
11316.91992 0.103796
11317.11035 0.103785
11317.30957 0.103773
11317.50977 0.103762
11317.70996 0.10375
11317.91016 0.103739
11318.09961 0.103731
11318.29980 0.103726
11318.50000 0.103721
11318.70020 0.103716
11318.88965 0.103711
11319.08984 0.103706
11319.29004 0.103701
11319.49023 0.103696
11319.67969 0.103691
11319.87988 0.103686
11320.08008 0.103685
11320.28027 0.103689
11320.46973 0.103694
11320.66992 0.103698
11320.87012 0.103703
11321.07031 0.103707
11321.25977 0.103711
11321.45996 0.103716
11321.66016 0.10372
11321.86035 0.103724
11322.04980 0.103728
11322.25000 0.10373
11322.45020 0.103731
11322.65039 0.103733
11322.83984 0.103734
11323.04004 0.103736
11323.24023 0.103737
11323.44043 0.103739
11323.63965 0.10374
11323.83008 0.103742
11324.03027 0.103744
11324.23047 0.10375
11324.42969 0.103757
11324.62012 0.103763
11324.82031 0.103769
11325.01953 0.103775
11325.21973 0.103781
11325.41992 0.103787
11325.61035 0.103794
11325.80957 0.1038
11326.00977 0.103806
