threeML/data/optical_filters/HST/NICMOS3-F190N.ecsv
# %ECSV 0.9
# ---
# datatype:
# - {name: wavelength, unit: Angstrom, datatype: float32}
# - {name: response, datatype: float32}
# meta: !!omap
# - {band_name: F190N}
# - {group_name: NICMOS3}
wavelength response
[from data line 767]
18939.83984 0.228397
18940.02930 0.228773
18940.21094 0.229093
18940.40039 0.229412
18940.58008 0.229728
18940.76953 0.230047
18940.96094 0.230366
18941.14062 0.230685
18941.33008 0.231004
18941.50977 0.231324
18941.69922 0.231643
18941.88086 0.231962
18942.07031 0.232278
18942.25000 0.232588
18942.43945 0.232898
18942.61914 0.233208
18942.81055 0.233518
18943.00000 0.233828
18943.17969 0.234138
18943.36914 0.234448
18943.55078 0.234758
18943.74023 0.235068
18943.91992 0.235378
18944.10938 0.235649
18944.28906 0.235893
18944.48047 0.236138
18944.66992 0.236382
18944.84961 0.236624
18945.03906 0.236868
18945.22070 0.237112
18945.41016 0.237357
18945.58984 0.237601
18945.77930 0.237845
18945.96094 0.23809
18946.15039 0.238231
18946.33008 0.238347
18946.51953 0.238462
18946.71094 0.238578
18946.89062 0.238693
18947.08008 0.238809
18947.25977 0.238924
18947.44922 0.23904
18947.63086 0.239155
18947.82031 0.239271
18948.00000 0.239388
18948.18945 0.239583
18948.38086 0.239777
18948.56055 0.239972
18948.75000 0.240166
18948.92969 0.240361
18949.11914 0.240555
18949.30078 0.24075
18949.49023 0.240945
18949.66992 0.241139
18949.85938 0.241334
18950.03906 0.241486
18950.23047 0.241508
18950.41992 0.241529
18950.59961 0.241551
18950.78906 0.241572
18950.97070 0.241593
18951.16016 0.241615
18951.33984 0.241636
18951.52930 0.241658
18951.71094 0.241679
18951.90039 0.241701
18952.08984 0.241759
18952.26953 0.241859
18952.46094 0.241959
18952.64062 0.24206
18952.83008 0.24216
18953.00977 0.24226
18953.19922 0.24236
18953.38086 0.24246
18953.57031 0.242561
18953.75977 0.242661
18953.93945 0.242761
18954.13086 0.242789
18954.31055 0.242783
18954.50000 0.242777
18954.67969 0.24277
18954.86914 0.242764
18955.05078 0.242758
18955.24023 0.242752
18955.42969 0.242746
18955.60938 0.24274
18955.80078 0.242734
18955.98047 0.242728
18956.16992 0.242755
18956.34961 0.242785
18956.53906 0.242815
18956.72070 0.242845
18956.91016 0.242875
18957.09961 0.242906
18957.27930 0.242936
18957.47070 0.242966
18957.65039 0.242996
18957.83984 0.243027
18958.02930 0.243052
18958.21094 0.24304
18958.40039 0.243029
18958.58008 0.243018
18958.76953 0.243007
18958.94922 0.242996
18959.14062 0.242985
18959.32031 0.242974
18959.50977 0.242962
18959.69922 0.242951
18959.88086 0.24294
18960.07031 0.242932
18960.25000 0.242929
18960.43945 0.242926
18960.61914 0.242923
18960.81055 0.24292
18960.99023 0.242916
18961.17969 0.242913
18961.36914 0.24291
18961.55078 0.242907
18961.74023 0.242904
18961.91992 0.242901
18962.10938 0.242885
18962.28906 0.24286
18962.48047 0.242834
18962.66992 0.242809
18962.84961 0.242783
18963.03906 0.242757
18963.22070 0.242732
18963.41016 0.242706
18963.58984 0.242681
18963.77930 0.242655
18963.96094 0.24263
18964.15039 0.242603
18964.33984 0.242577
18964.51953 0.24255
18964.71094 0.242523
18964.89062 0.242496
18965.08008 0.242469
18965.26953 0.242442
18965.44922 0.242416
18965.64062 0.242389
18965.82031 0.242362
18966.00977 0.242337
18966.18945 0.242369
18966.38086 0.2424
18966.56055 0.242432
18966.75000 0.242464
18966.93945 0.242495
18967.11914 0.242527
18967.31055 0.242558
18967.49023 0.24259
18967.67969 0.242622
18967.86914 0.242653
18968.05078 0.242654
18968.24023 0.242571
18968.41992 0.242489
18968.60938 0.242406
18968.78906 0.242324
18968.98047 0.242241
18969.16016 0.242159
18969.34961 0.242076
18969.53906 0.241994
18969.72070 0.241911
18969.91016 0.241828
18970.08984 0.24177
18970.27930 0.241737
18970.46094 0.241704
18970.65039 0.241671
18970.83984 0.241637
18971.01953 0.241604
18971.21094 0.241571
18971.39062 0.241538
18971.58008 0.241504
18971.76953 0.241471
18971.94922 0.241437
18972.14062 0.241446
18972.32031 0.241469
18972.50977 0.241492
18972.68945 0.241515
18972.88086 0.241539
18973.06055 0.241562
18973.25000 0.241585
18973.43945 0.241609
18973.61914 0.241632
18973.81055 0.241655
18973.99023 0.241678
18974.17969 0.241651
18974.36914 0.241621
18974.55078 0.241592
18974.74023 0.241563
18974.91992 0.241533
18975.10938 0.241504
18975.28906 0.241474
18975.48047 0.241445
18975.66992 0.241416
18975.84961 0.241386
18976.03906 0.241367
18976.22070 0.241387
18976.41016 0.241407
18976.59961 0.241427
18976.77930 0.241447
18976.97070 0.241467
18977.15039 0.241487
18977.33984 0.241507
18977.51953 0.241527
18977.71094 0.241546
18977.89062 0.241566
18978.08008 0.24152
18978.26953 0.241389
18978.44922 0.241258
18978.64062 0.241127
18978.82031 0.240996
18979.00977 0.240865
18979.19922 0.240734
18979.38086 0.240602
18979.57031 0.240471
18979.75000 0.24034
18979.93945 0.240209
18980.13086 0.240254
18980.31055 0.240383
18980.50000 0.240513
18980.67969 0.240645
18980.86914 0.240775
18981.05078 0.240904
18981.24023 0.241034
18981.42969 0.241164
18981.60938 0.241294
18981.80078 0.241425
18981.98047 0.241555
18982.16992 0.241525
18982.35938 0.241479
18982.53906 0.241434
18982.73047 0.241389
18982.91016 0.241343
18983.09961 0.241298
18983.28906 0.241252
18983.47070 0.241207
18983.66016 0.241162
18983.83984 0.241116
18984.02930 0.241084
18984.21094 0.241128
18984.40039 0.241172
18984.58984 0.241215
18984.76953 0.241259
18984.96094 0.241302
18985.14062 0.241346
18985.33008 0.24139
18985.51953 0.241433
18985.69922 0.241477
18985.89062 0.24152
18986.07031 0.241536
18986.25977 0.241509
18986.44922 0.241482
18986.63086 0.241455
18986.82031 0.241428
18987.00000 0.241401
18987.18945 0.241374
18987.38086 0.241347
18987.56055 0.24132
18987.75000 0.241293
18987.92969 0.241266
18988.11914 0.241258
18988.30078 0.241261
18988.49023 0.241264
18988.67969 0.241267
18988.85938 0.241269
18989.05078 0.241272
18989.23047 0.241275
18989.41992 0.241278
18989.60938 0.241281
18989.78906 0.241284
18989.98047 0.241286
18990.16016 0.241306
18990.34961 0.241329
18990.53906 0.241352
18990.72070 0.241374
18990.91016 0.241397
18991.08984 0.241419
18991.27930 0.241442
18991.46094 0.241464
18991.65039 0.241487
18991.83984 0.241509
18992.01953 0.241526
18992.21094 0.241499
18992.39062 0.241472
18992.58008 0.241445
18992.76953 0.241418
18992.94922 0.241391
18993.14062 0.241364
18993.32031 0.241337
18993.50977 0.24131
18993.69922 0.241283
18993.88086 0.241256
18994.07031 0.241326
18994.25000 0.241565
18994.43945 0.241804
18994.63086 0.242043
18994.81055 0.242284
18995.00000 0.242523
18995.17969 0.242762
18995.36914 0.243
18995.55078 0.243239
18995.74023 0.24348
18995.92969 0.243719
18996.10938 0.243766
18996.30078 0.243691
18996.49023 0.243616
18996.66992 0.243541
18996.85938 0.243466
18997.03906 0.243391
18997.23047 0.243316
18997.41992 0.24324
18997.59961 0.243165
18997.78906 0.24309
18997.97070 0.243015
18998.16016 0.243028
18998.34961 0.243056
18998.52930 0.243084
18998.72070 0.243112
18998.90039 0.24314
18999.08984 0.243168
18999.27930 0.243196
18999.46094 0.243224
18999.65039 0.243252
18999.83008 0.24328
19000.01953 0.243309
19000.21094 0.243342
19000.39062 0.243376
19000.58008 0.24341
19000.75977 0.243444
19000.94922 0.243477
19001.13086 0.243511
19001.32031 0.243545
19001.50977 0.243578
19001.68945 0.243612
19001.88086 0.243645
19002.07031 0.243702
19002.25000 0.2438
19002.43945 0.243897
19002.61914 0.243995
19002.81055 0.244093
19003.00000 0.244191
19003.17969 0.244288
19003.36914 0.244387
19003.55078 0.244484
19003.74023 0.244582
19003.92969 0.244679
19004.10938 0.244683
19004.30078 0.244625
19004.48047 0.244567
19004.66992 0.244509
19004.85938 0.24445
19005.03906 0.244392
19005.23047 0.244334
19005.41016 0.244275
19005.59961 0.244217
19005.78906 0.244159
19005.97070 0.2441
19006.16016 0.244107
19006.34961 0.244124
19006.52930 0.244142
19006.72070 0.244159
19006.90039 0.244176
19007.08984 0.244194
19007.27930 0.244211
19007.46094 0.244228
19007.65039 0.244246
19007.83008 0.244263
19008.01953 0.244275
19008.21094 0.244246
19008.39062 0.244217
19008.58008 0.244188
19008.75977 0.244158
19008.94922 0.244129
19009.14062 0.2441
19009.32031 0.24407
19009.50977 0.244041
19009.69922 0.244012
19009.88086 0.243983
19010.07031 0.24395
19010.25000 0.243911
19010.43945 0.243872
19010.61914 0.243833
19010.81055 0.243794
19011.00000 0.243755
19011.17969 0.243716
19011.36914 0.243677
19011.56055 0.243638
19011.74023 0.243599
19011.92969 0.24356
19012.11914 0.243543
19012.30078 0.243541
19012.49023 0.243539
19012.66992 0.243536
19012.85938 0.243534
19013.03906 0.243532
19013.23047 0.24353
19013.41992 0.243527
19013.59961 0.243525
19013.78906 0.243523
19013.98047 0.24352
19014.16016 0.243458
19014.34961 0.243387
19014.53906 0.243316
19014.72070 0.243245
19014.91016 0.243174
19015.08984 0.243103
19015.27930 0.243033
19015.46094 0.242962
19015.65039 0.24289
19015.83984 0.24282
19016.01953 0.242759
19016.21094 0.24277
19016.40039 0.242781
19016.58008 0.242792
19016.76953 0.242803
19016.96094 0.242814
19017.14062 0.242825
19017.33008 0.242836
19017.50977 0.242847
19017.69922 0.242858
19017.89062 0.242869
19018.07031 0.242829
19018.25977 0.242707
19018.44922 0.242585
19018.63086 0.242464
19018.82031 0.242343
19019.00000 0.242221
19019.18945 0.2421
19019.36914 0.241979
19019.56055 0.241856
19019.75000 0.241735
19019.92969 0.241614
19020.11914 0.241608
19020.31055 0.241664
19020.49023 0.241721
19020.67969 0.241777
19020.86914 0.241834
19021.05078 0.241891
19021.24023 0.241947
19021.41992 0.242003
19021.60938 0.24206
19021.80078 0.242117
19021.98047 0.242173
19022.16992 0.242152
19022.35938 0.242123
19022.53906 0.242094
19022.73047 0.242065
19022.91016 0.242036
19023.09961 0.242007
19023.28906 0.241978
19023.47070 0.241949
19023.66016 0.241919
19023.84961 0.24189
19024.02930 0.241867
19024.22070 0.241868
19024.40039 0.24187
19024.58984 0.241872
19024.77930 0.241874
19024.96094 0.241876
19025.15039 0.241878
19025.33984 0.24188
19025.51953 0.241882
19025.71094 0.241884
19025.89062 0.241886
19026.08008 0.241874
19026.26953 0.241842
19026.44922 0.241811
19026.64062 0.241779
19026.83008 0.241748
19027.00977 0.241716
19027.19922 0.241685
19027.38086 0.241653
19027.57031 0.241622
19027.75977 0.24159
19027.93945 0.241559
19028.13086 0.241506
19028.32031 0.241445
19028.50000 0.241383
19028.68945 0.241321
19028.86914 0.24126
19029.06055 0.241199
19029.25000 0.241137
19029.42969 0.241076
19029.61914 0.241014
19029.81055 0.240952
19029.99023 0.240891
19030.17969 0.240896
19030.36914 0.240904
19030.55078 0.240912
19030.74023 0.24092
19030.91992 0.240928
19031.10938 0.240936
19031.30078 0.240944
19031.48047 0.240952
19031.66992 0.24096
19031.85938 0.240968
19032.03906 0.24096
19032.23047 0.240901
19032.41992 0.240841
19032.59961 0.240782
19032.78906 0.240722
19032.97070 0.240662
19033.16016 0.240602
19033.34961 0.240542
19033.52930 0.240483
19033.72070 0.240423
19033.91016 0.240363
19034.08984 0.240343
19034.27930 0.240364
19034.46094 0.240384
19034.65039 0.240404
19034.83984 0.240425
19035.01953 0.240445
19035.21094 0.240465
19035.40039 0.240486
19035.58008 0.240506
19035.76953 0.240527
19035.96094 0.240547
19036.14062 0.24046
19036.33008 0.24034
19036.51953 0.240219
19036.69922 0.2401
19036.89062 0.239979
19037.07031 0.239859
19037.25977 0.239738
19037.44922 0.239619
19037.63086 0.239499
19037.82031 0.239378
19038.00977 0.239258
19038.18945 0.239135
19038.38086 0.239014
19038.57031 0.238891
19038.75000 0.238769
19038.93945 0.238648
19039.11914 0.238525
19039.31055 0.238403
19039.50000 0.23828
19039.67969 0.238159
19039.86914 0.238036
19040.06055 0.23796
19040.24023 0.237989
19040.42969 0.238018
19040.61914 0.238046
19040.80078 0.238075
19040.99023 0.238104
19041.17969 0.238133
19041.35938 0.238162
19041.55078 0.238191
19041.73047 0.23822
19041.91992 0.238249
19042.10938 0.238154
19042.28906 0.237967
19042.48047 0.237782
19042.66992 0.237597
19042.84961 0.237411
19043.03906 0.237226
19043.23047 0.237039
19043.41016 0.236854
19043.59961 0.236667
19043.78906 0.236482
19043.97070 0.236295
19044.16016 0.236274
19044.34961 0.236281
19044.52930 0.236288
19044.72070 0.236295
19044.90039 0.236302
19045.08984 0.23631
19045.27930 0.236317
19045.46094 0.236324
19045.65039 0.236331
19045.83984 0.236338
19046.01953 0.236334
19046.21094 0.23625
19046.40039 0.236166
19046.58008 0.236083
19046.76953 0.235999
19046.96094 0.235915
19047.14062 0.235831
19047.33008 0.235748
19047.51953 0.235664
19047.69922 0.23558
19047.89062 0.235496
19048.07031 0.235388
19048.25977 0.23524
19048.44922 0.235093
19048.63086 0.234945
19048.82031 0.234798
19049.00977 0.23465
19049.18945 0.234504
19049.38086 0.234355
19049.57031 0.234209
19049.75000 0.234061
19049.93945 0.233914
19050.13086 0.233749
19050.31055 0.233573
19050.50000 0.2334
19050.68945 0.233224
19050.86914 0.23305
19051.06055 0.232874
19051.24023 0.2327
19051.42969 0.232525
19051.61914 0.232351
19051.80078 0.232175
19051.99023 0.232001
19052.17969 0.231879
19052.36914 0.231761
19052.55078 0.231643
19052.74023 0.231525
19052.91992 0.231407
19053.10938 0.231289
19053.30078 0.231171
19053.48047 0.231052
19053.66992 0.230935
19053.85938 0.230816
19054.03906 0.230684
19054.23047 0.230503
19054.41992 0.230323
19054.59961 0.230142
19054.78906 0.229962
19054.98047 0.229781
19055.16016 0.229601
19055.34961 0.229419
19055.53906 0.22924
19055.72070 0.229058
19055.91016 0.228879
19056.09961 0.228744
19056.27930 0.228655
19056.47070 0.228565
19056.65039 0.228476
19056.83984 0.228386
19057.02930 0.228297
19057.21094 0.228207
19057.40039 0.228117
19057.58984 0.228028
19057.77930 0.227938
19057.96094 0.227849
19058.15039 0.227568
19058.33008 0.227241
19058.51953 0.22691
19058.71094 0.226583
19058.89062 0.226252
19059.08008 0.225925
19059.26953 0.225595
19059.44922 0.225267
19059.64062 0.224937
19059.83008 0.224606
19060.00977 0.224284
19060.19922 0.224024
19060.39062 0.223766
19060.57031 0.223506
19060.75977 0.223248
19060.94922 0.222988
19061.13086 0.222731
19061.32031 0.22247
19061.50977 0.222213
19061.68945 0.221952
19061.88086 0.221692
19062.07031 0.221367
19062.25000 0.220916
19062.43945 0.220469
19062.63086 0.220018
19062.81055 0.219572
19063.00000 0.219121
19063.18945 0.218674
19063.36914 0.218223
19063.56055 0.217772
19063.75000 0.217325
19063.92969 0.216874
19064.11914 0.216492
19064.31055 0.216144
19064.49023 0.215799
19064.67969 0.21545
19064.86914 0.215102
19065.05078 0.214757
19065.24023 0.214408
19065.42969 0.214063
19065.60938 0.213714
19065.80078 0.213369
19065.99023 0.213021
19066.16992 0.212656
19066.35938 0.212295
19066.55078 0.211929
19066.73047 0.211568
19066.91992 0.211202
19067.10938 0.21084
19067.28906 0.210475
19067.48047 0.21011
19067.66992 0.209748
19067.84961 0.209382
19068.03906 0.209003
19068.23047 0.208553
19068.41016 0.208103
19068.59961 0.207658
19068.78906 0.207208
19068.97070 0.206763
19069.16016 0.206313
19069.34961 0.205868
19069.52930 0.205418
19069.72070 0.204968
19069.91016 0.204523
19070.08984 0.204054
19070.27930 0.203571
19070.47070 0.203084
19070.65039 0.202596
19070.83984 0.202113
19071.02930 0.201625
19071.21094 0.201142
19071.40039 0.200655
19071.58984 0.200167
19071.76953 0.199684
19071.96094 0.199196
19072.15039 0.19873
19072.33008 0.198264
19072.51953 0.197798
19072.71094 0.197337
19072.89062 0.196871
19073.08008 0.196405
19073.26953 0.195944
19073.46094 0.195478
19073.64062 0.195017
19073.83008 0.194551
19074.01953 0.194076
19074.19922 0.193506
19074.39062 0.192931
19074.57031 0.192361
19074.75977 0.191786
19074.94922 0.19121
19075.13086 0.190641
19075.32031 0.190065
19075.50977 0.18949
19075.69922 0.18892
19075.88086 0.188345
19076.07031 0.187749
19076.25977 0.187102
19076.43945 0.186455
19076.63086 0.185815
19076.82031 0.185168
19077.00000 0.184521
19077.18945 0.18388
19077.38086 0.183233
19077.56055 0.182593
19077.75000 0.181946
19077.93945 0.181299
19078.11914 0.180635
19078.31055 0.179951
19078.50000 0.179268
19078.67969 0.178593
19078.86914 0.177909
19079.06055 0.177227
19079.24023 0.17655
19079.42969 0.175867
19079.61914 0.175191
19079.80078 0.174508
19079.99023 0.173825
19080.17969 0.173091
19080.36914 0.172346
19080.55078 0.171601
19080.74023 0.170864
19080.92969 0.170119
19081.10938 0.169374
19081.30078 0.168637
19081.49023 0.167892
19081.66992 0.167147
19081.85938 0.16641
19082.05078 0.16566
