threeML/data/optical_filters/HST/NICMOS2-F207M.ecsv
# %ECSV 0.9
# ---
# datatype:
# - {name: wavelength, unit: Angstrom, datatype: float32}
# - {name: response, datatype: float32}
# meta: !!omap
# - {band_name: F207M}
# - {group_name: NICMOS2}
wavelength response
[from data line 766]
19954.75000 0.02323
19955.13086 0.02335
19955.50977 0.02347
19955.89062 0.023591
19956.26953 0.023774
19956.65039 0.023983
19957.03906 0.024192
19957.41992 0.0244
19957.80078 0.024609
19958.17969 0.024801
19958.56055 0.024975
19958.93945 0.025148
19959.32031 0.025322
19959.71094 0.025496
19960.08984 0.025625
19960.47070 0.025602
19960.84961 0.025579
19961.23047 0.025557
19961.60938 0.025534
19961.99023 0.025511
19962.38086 0.025669
19962.75977 0.025829
19963.14062 0.02599
19963.51953 0.026149
19963.90039 0.026309
19964.28906 0.026545
19964.66992 0.026806
19965.05078 0.027068
19965.42969 0.027328
19965.81055 0.02759
19966.18945 0.027789
19966.57031 0.027928
19966.96094 0.028068
19967.33984 0.028207
19967.72070 0.028346
19968.09961 0.028483
19968.48047 0.028615
19968.86914 0.028746
19969.25000 0.028878
19969.63086 0.02901
19970.00977 0.029149
19970.39062 0.029527
19970.76953 0.029904
19971.16016 0.030284
19971.53906 0.030661
19971.91992 0.031041
19972.30078 0.031162
19972.67969 0.031214
19973.06055 0.031267
19973.44922 0.03132
19973.83008 0.031372
19974.21094 0.031542
19974.58984 0.031807
19974.97070 0.032072
19975.35938 0.032338
19975.74023 0.032602
19976.11914 0.032808
19976.50000 0.032886
19976.88086 0.032964
19977.26953 0.033042
19977.65039 0.033119
19978.02930 0.033211
19978.41016 0.033477
19978.78906 0.033742
19979.17969 0.034008
19979.56055 0.034274
19979.93945 0.034539
19980.32031 0.034639
19980.69922 0.034707
19981.08984 0.034775
19981.47070 0.034843
19981.84961 0.034912
19982.23047 0.035182
19982.60938 0.03558
19983.00000 0.035981
19983.38086 0.036379
19983.75977 0.036779
19984.14062 0.037031
19984.51953 0.037032
19984.91016 0.037033
19985.28906 0.037034
19985.66992 0.037034
19986.05078 0.037095
19986.42969 0.037528
19986.82031 0.037963
19987.19922 0.038399
19987.58008 0.038832
19987.96094 0.039267
19988.34961 0.039315
19988.73047 0.039321
19989.10938 0.039327
19989.49023 0.039333
19989.86914 0.039339
19990.25977 0.039623
19990.64062 0.040045
19991.01953 0.040465
19991.40039 0.040887
19991.78906 0.041309
19992.16992 0.041656
19992.55078 0.041911
19992.92969 0.042165
19993.31055 0.042418
19993.69922 0.042673
19994.08008 0.042907
19994.46094 0.043062
19994.83984 0.043219
19995.22070 0.043375
19995.60938 0.043531
19995.99023 0.043687
19996.36914 0.043935
19996.75000 0.044186
19997.14062 0.044437
19997.51953 0.044687
19997.90039 0.044939
19998.27930 0.045254
19998.66992 0.045592
19999.05078 0.045928
19999.42969 0.046266
19999.81055 0.046604
20000.19922 0.046875
20000.58008 0.047083
20000.96094 0.047291
20001.33984 0.047499
20001.72070 0.047708
20002.10938 0.047958
20002.49023 0.048319
20002.86914 0.048681
20003.25000 0.049043
20003.64062 0.049405
20004.01953 0.049764
20004.40039 0.050088
20004.77930 0.050412
20005.16992 0.050736
20005.55078 0.05106
20005.92969 0.051384
20006.31055 0.051721
20006.69922 0.052063
20007.08008 0.052405
20007.46094 0.052747
20007.83984 0.053089
20008.23047 0.053408
20008.60938 0.05371
20008.99023 0.054014
20009.36914 0.054317
20009.75977 0.05462
20010.14062 0.054874
20010.51953 0.055041
20010.90039 0.055208
20011.28906 0.055374
20011.66992 0.05554
20012.05078 0.05574
20012.42969 0.056149
20012.82031 0.056559
20013.19922 0.056969
20013.58008 0.057379
20013.96094 0.057789
20014.34961 0.058233
20014.73047 0.058681
20015.10938 0.059126
20015.49023 0.059574
20015.88086 0.060022
20016.25977 0.060375
20016.64062 0.060683
20017.02930 0.060992
20017.41016 0.0613
20017.78906 0.061609
20018.16992 0.061896
20018.56055 0.062156
20018.93945 0.062416
20019.32031 0.062677
20019.71094 0.062937
20020.08984 0.063239
20020.47070 0.063681
20020.84961 0.064123
20021.24023 0.064564
20021.61914 0.065006
20022.00000 0.065448
20022.38086 0.065811
20022.76953 0.066174
20023.15039 0.066537
20023.52930 0.066898
20023.91016 0.067261
20024.30078 0.0676
20024.67969 0.06793
20025.06055 0.06826
20025.44922 0.068591
20025.83008 0.068921
20026.21094 0.069313
20026.59961 0.069756
20026.98047 0.070198
20027.35938 0.07064
20027.74023 0.071083
20028.13086 0.07149
20028.50977 0.071825
20028.89062 0.07216
20029.27930 0.072495
20029.66016 0.07283
20030.03906 0.073177
20030.41992 0.073622
20030.81055 0.074067
20031.18945 0.074513
20031.57031 0.074958
20031.96094 0.075404
20032.33984 0.075851
20032.72070 0.0763
20033.10938 0.076747
20033.49023 0.077194
20033.86914 0.077642
20034.25000 0.07802
20034.64062 0.078363
20035.01953 0.078707
20035.40039 0.07905
20035.78906 0.079393
20036.16992 0.079806
20036.55078 0.080309
20036.93945 0.080809
20037.32031 0.08131
20037.69922 0.08181
20038.08008 0.08232
20038.47070 0.082862
20038.84961 0.083405
20039.23047 0.08395
20039.61914 0.084492
20040.00000 0.085035
20040.38086 0.085371
20040.76953 0.085708
20041.15039 0.086044
20041.52930 0.086383
20041.91992 0.08672
20042.30078 0.087183
20042.67969 0.087683
20043.06055 0.088183
20043.44922 0.088682
20043.83008 0.089185
20044.21094 0.089657
20044.59961 0.090106
20044.98047 0.090556
20045.35938 0.091006
20045.75000 0.091459
20046.13086 0.091925
20046.50977 0.09242
20046.90039 0.092916
20047.27930 0.093415
20047.66016 0.093911
20048.05078 0.094402
20048.42969 0.094858
20048.81055 0.095316
20049.19922 0.095771
20049.58008 0.096227
20049.96094 0.096683
20050.34961 0.09709
20050.73047 0.097489
20051.10938 0.097888
20051.50000 0.098287
20051.88086 0.098689
20052.25977 0.099156
20052.65039 0.099655
20053.02930 0.100154
20053.41016 0.100655
20053.80078 0.101154
20054.17969 0.101722
20054.56055 0.102371
20054.94922 0.103017
20055.33008 0.103663
20055.71094 0.104312
20056.09961 0.104911
20056.48047 0.105371
20056.85938 0.105831
20057.25000 0.106294
20057.63086 0.106754
20058.00977 0.107211
20058.40039 0.10756
20058.77930 0.107907
20059.16992 0.108256
20059.55078 0.108604
20059.92969 0.108952
20060.32031 0.109531
20060.69922 0.110157
20061.08008 0.110783
20061.47070 0.111412
20061.84961 0.112038
20062.23047 0.11269
20062.61914 0.113362
20063.00000 0.114031
20063.38086 0.114703
20063.76953 0.115372
20064.15039 0.115973
20064.53906 0.116471
20064.91992 0.116966
20065.30078 0.117465
20065.68945 0.11796
20066.07031 0.118456
20066.44922 0.11895
20066.83984 0.119442
20067.22070 0.119936
20067.59961 0.120428
20067.99023 0.12092
20068.36914 0.12142
20068.75000 0.121918
20069.14062 0.122418
20069.51953 0.122916
20069.91016 0.123417
20070.28906 0.12396
20070.66992 0.124521
20071.06055 0.125079
20071.43945 0.12564
20071.82031 0.126199
20072.21094 0.126808
20072.58984 0.127464
20072.97070 0.128117
20073.35938 0.128773
20073.74023 0.129426
20074.13086 0.129996
20074.50977 0.130388
20074.89062 0.130783
20075.27930 0.131176
20075.66016 0.131571
20076.03906 0.131993
20076.42969 0.132636
20076.81055 0.133275
20077.19922 0.133918
20077.58008 0.134558
20077.96094 0.135201
20078.34961 0.135739
20078.73047 0.136264
20079.11914 0.136791
20079.50000 0.137316
20079.88086 0.137843
20080.26953 0.138337
20080.65039 0.138821
20081.03906 0.139301
20081.41992 0.139785
20081.80078 0.140266
20082.18945 0.14078
20082.57031 0.141326
20082.96094 0.141869
20083.33984 0.142415
20083.72070 0.142959
20084.10938 0.143497
20084.49023 0.144012
20084.88086 0.144525
20085.25977 0.145041
20085.64062 0.145554
20086.02930 0.146071
20086.41016 0.146597
20086.78906 0.14712
20087.17969 0.147646
20087.56055 0.14817
20087.94922 0.148696
20088.33008 0.149413
20088.71094 0.150156
20089.09961 0.150903
20089.48047 0.15165
20089.86914 0.152394
20090.25000 0.152954
20090.64062 0.153416
20091.01953 0.153876
20091.40039 0.154338
20091.78906 0.1548
20092.16992 0.155256
20092.56055 0.155707
20092.93945 0.156159
20093.32031 0.156609
20093.71094 0.157061
20094.08984 0.157535
20094.48047 0.158075
20094.85938 0.158618
20095.25000 0.159161
20095.63086 0.159702
20096.00977 0.160247
20096.40039 0.160853
20096.77930 0.161459
20097.16992 0.162062
20097.55078 0.162669
20097.93945 0.163275
20098.32031 0.16388
20098.69922 0.164488
20099.08984 0.165097
20099.47070 0.165705
20099.85938 0.166311
20100.24023 0.166741
20100.61914 0.167063
20101.00977 0.167385
20101.39062 0.167706
20101.77930 0.168029
20102.16016 0.168488
20102.55078 0.169134
20102.92969 0.169778
20103.31055 0.170425
20103.69922 0.171071
20104.08008 0.171644
20104.47070 0.171951
20104.84961 0.172256
20105.24023 0.172562
20105.61914 0.172869
20106.00977 0.173179
20106.39062 0.173682
20106.76953 0.174183
20107.16016 0.174686
20107.53906 0.17519
20107.92969 0.175693
20108.31055 0.176181
20108.69922 0.176664
20109.08008 0.177149
20109.46094 0.177634
20109.84961 0.178119
20110.23047 0.178614
20110.61914 0.179116
20111.00000 0.179617
20111.39062 0.180117
20111.76953 0.180619
20112.16016 0.181083
20112.53906 0.181494
20112.92969 0.181904
20113.31055 0.182315
20113.69922 0.182726
20114.08008 0.183162
20114.46094 0.183706
20114.84961 0.184251
20115.23047 0.184795
20115.61914 0.18534
20116.00000 0.185884
20116.39062 0.186337
20116.76953 0.186789
20117.16016 0.187242
20117.53906 0.187694
20117.92969 0.188147
20118.31055 0.188558
20118.68945 0.188963
20119.08008 0.189367
20119.46094 0.189772
20119.84961 0.190176
20120.23047 0.190648
20120.61914 0.191165
20121.00000 0.191681
20121.39062 0.192197
20121.76953 0.192714
20122.16016 0.193102
20122.53906 0.193302
20122.92969 0.193502
20123.31055 0.193702
20123.69922 0.193902
20124.08008 0.194185
20124.46094 0.194785
20124.84961 0.195386
20125.23047 0.195987
20125.61914 0.196588
20126.00000 0.197186
20126.39062 0.197551
20126.76953 0.197916
20127.16016 0.198281
20127.53906 0.198647
20127.92969 0.199012
20128.31055 0.199309
20128.69922 0.19959
20129.08008 0.199872
20129.47070 0.200153
20129.84961 0.200434
20130.24023 0.200709
20130.61914 0.20098
20131.00977 0.201251
20131.39062 0.201522
20131.77930 0.201793
20132.16016 0.202154
20132.53906 0.202642
20132.92969 0.20313
20133.31055 0.203618
20133.69922 0.204106
20134.08984 0.204556
20134.47070 0.204861
20134.85938 0.205167
20135.24023 0.205473
20135.61914 0.205779
20136.00977 0.206085
20136.39062 0.206404
20136.77930 0.206724
20137.16016 0.207044
20137.55078 0.207363
20137.93945 0.207685
20138.32031 0.208026
20138.71094 0.208372
20139.08984 0.208718
20139.47070 0.209064
20139.85938 0.20941
20140.24023 0.209751
20140.63086 0.210089
20141.01953 0.210428
20141.40039 0.210765
20141.78906 0.211103
20142.16992 0.211407
20142.55078 0.211669
20142.93945 0.211931
20143.33008 0.212194
20143.71094 0.212455
20144.09961 0.212732
20144.48047 0.213054
20144.86914 0.213375
20145.25000 0.213697
20145.64062 0.214021
20146.01953 0.214332
20146.41016 0.214451
20146.78906 0.21457
20147.17969 0.21469
20147.56055 0.21481
20147.94922 0.21493
20148.33008 0.215356
20148.72070 0.215831
20149.09961 0.216309
20149.49023 0.216784
20149.86914 0.217259
20150.25977 0.217497
20150.64062 0.217616
20151.02930 0.217737
20151.41016 0.217857
20151.80078 0.217976
20152.17969 0.218137
20152.57031 0.218342
20152.96094 0.218546
20153.33984 0.21875
20153.73047 0.218956
20154.10938 0.219243
20154.50000 0.219734
20154.88086 0.220225
20155.26953 0.220718
20155.65039 0.221209
20156.03906 0.221657
20156.41992 0.221705
20156.81055 0.221753
20157.18945 0.221801
20157.58008 0.221848
20157.96094 0.221896
20158.34961 0.222122
20158.73047 0.222365
20159.11914 0.22261
20159.50977 0.222854
20159.89062 0.223098
20160.27930 0.223301
20160.66016 0.223487
20161.05078 0.223673
20161.42969 0.22386
20161.82031 0.224047
20162.19922 0.22428
20162.58984 0.224557
20162.97070 0.224832
20163.35938 0.225108
20163.75000 0.225385
20164.13086 0.225627
20164.51953 0.225802
20164.90039 0.225977
20165.28906 0.226152
20165.66992 0.226328
20166.06055 0.226494
20166.44922 0.226612
20166.83008 0.22673
20167.21094 0.226848
20167.59961 0.226966
20167.99023 0.227084
20168.36914 0.227319
20168.75977 0.227558
20169.14062 0.227797
20169.52930 0.228038
20169.91016 0.228277
20170.30078 0.228401
20170.68945 0.228491
20171.07031 0.228581
20171.46094 0.228672
20171.83984 0.228762
20172.23047 0.228846
20172.60938 0.228925
20173.00000 0.229004
20173.38086 0.229083
20173.76953 0.229162
20174.16016 0.229267
20174.53906 0.229411
20174.92969 0.229554
20175.31055 0.229697
20175.69922 0.22984
20176.08984 0.230006
20176.47070 0.230244
20176.85938 0.230484
20177.24023 0.230722
20177.63086 0.230962
20178.00977 0.231194
20178.40039 0.231232
20178.78906 0.231269
20179.16992 0.231308
20179.56055 0.231346
20179.93945 0.231384
20180.33008 0.231544
20180.71094 0.231728
20181.09961 0.23191
20181.49023 0.232093
20181.86914 0.232275
20182.25977 0.23248
20182.64062 0.232697
20183.02930 0.232912
20183.41992 0.233128
20183.80078 0.233344
20184.18945 0.233385
20184.57031 0.233242
20184.96094 0.233097
20185.34961 0.232953
20185.73047 0.23281
20186.11914 0.232827
20186.50000 0.233213
20186.89062 0.233602
20187.26953 0.233988
20187.66016 0.234377
20188.05078 0.234716
20188.42969 0.23469
20188.82031 0.234663
20189.21094 0.234637
20189.58984 0.234611
20189.98047 0.234585
20190.35938 0.234648
20190.75000 0.234717
20191.13086 0.234786
20191.51953 0.234855
20191.91016 0.234924
20192.28906 0.235033
20192.67969 0.235153
20193.06055 0.235274
20193.44922 0.235395
20193.83984 0.235515
20194.22070 0.235603
20194.60938 0.235666
20194.99023 0.235729
20195.38086 0.235793
20195.76953 0.235856
20196.15039 0.235969
20196.53906 0.236159
20196.92969 0.23635
20197.31055 0.236539
20197.69922 0.23673
20198.08008 0.236868
20198.47070 0.236821
20198.85938 0.236774
20199.24023 0.236726
20199.63086 0.236679
20200.00977 0.236637
20200.40039 0.236742
20200.78906 0.236846
20201.16992 0.236951
20201.56055 0.237055
20201.94922 0.23716
20202.33008 0.237199
20202.72070 0.237227
20203.09961 0.237255
20203.49023 0.237283
20203.88086 0.237312
20204.25977 0.237458
20204.65039 0.237659
20205.03906 0.237862
20205.41992 0.238064
20205.81055 0.238266
20206.18945 0.238295
20206.58008 0.238154
20206.97070 0.238013
20207.34961 0.237872
20207.74023 0.237731
20208.13086 0.237683
20208.50977 0.237828
20208.90039 0.237974
20209.28906 0.23812
20209.66992 0.238266
20210.06055 0.238392
20210.43945 0.238406
20210.83008 0.238421
20211.22070 0.238435
20211.59961 0.23845
20211.99023 0.238465
20212.38086 0.238818
20212.75977 0.239183
20213.15039 0.239547
20213.53906 0.239911
20213.91992 0.240276
20214.31055 0.240225
20214.69922 0.240068
20215.08008 0.239912
20215.47070 0.239756
20215.84961 0.239599
20216.24023 0.239549
20216.63086 0.239565
20217.00977 0.23958
20217.40039 0.239595
20217.78906 0.23961
20218.16992 0.239618
20218.56055 0.239615
20218.94922 0.239613
20219.33008 0.23961
20219.72070 0.239608
20220.10938 0.239614
20220.49023 0.239642
20220.88086 0.23967
20221.26953 0.239698
20221.65039 0.239727
20222.03906 0.239763
20222.42969 0.239869
20222.81055 0.239975
20223.19922 0.240081
20223.58984 0.240187
20223.97070 0.240293
20224.35938 0.240389
20224.75000 0.240483
20225.13086 0.240577
20225.51953 0.240672
20225.90039 0.240766
20226.28906 0.240748
20226.67969 0.240692
20227.06055 0.240637
20227.44922 0.240581
20227.83984 0.240525
20228.22070 0.240494
20228.60938 0.240482
20229.00000 0.240469
20229.38086 0.240456
20229.76953 0.240444
20230.16016 0.240526
20230.53906 0.240748
20230.92969 0.240969
20231.32031 0.241191
20231.71094 0.241413
20232.08984 0.241548
20232.48047 0.241411
20232.86914 0.241273
20233.25000 0.241136
20233.64062 0.240999
20234.02930 0.240871
20234.41016 0.240876
20234.80078 0.240881
20235.18945 0.240885
20235.57031 0.24089
20235.96094 0.240895
20236.34961 0.241064
20236.73047 0.241252
20237.11914 0.24144
20237.50977 0.241629
20237.90039 0.241818
20238.27930 0.241862
20238.66992 0.241853
20239.06055 0.241844
20239.43945 0.241836
20239.83008 0.241827
20240.22070 0.241844
20240.59961 0.241882
20240.99023 0.241919
20241.38086 0.241957
20241.76953 0.241994
20242.15039 0.241975
20242.53906 0.241867
20242.92969 0.24176
20243.31055 0.241652
20243.69922 0.241545
20244.08984 0.241505
20244.47070 0.241697
20244.85938 0.241888
20245.25000 0.24208
20245.63086 0.242272
20246.01953 0.242447
20246.41016 0.242348
20246.80078 0.242249
20247.17969 0.24215
20247.57031 0.242051
20247.96094 0.241952
20248.34961 0.241987
