threeML/data/optical_filters/HST/NICMOS2-F165M.ecsv
# %ECSV 0.9
# ---
# datatype:
# - {name: wavelength, unit: Angstrom, datatype: float32}
# - {name: response, datatype: float32}
# meta: !!omap
# - {band_name: F165M}
# - {group_name: NICMOS2}
wavelength response
[from data line 2298]
16007.29980 0.176242
16007.69043 0.176278
16008.08008 0.176315
16008.46973 0.176351
16008.86035 0.176388
16009.25000 0.176425
16009.63965 0.176461
16010.03027 0.176498
16010.41992 0.176537
16010.80957 0.176576
16011.20020 0.176615
16011.58984 0.176653
16011.98047 0.176692
16012.37012 0.176731
16012.75977 0.17677
16013.15039 0.176809
16013.54004 0.176848
16013.92969 0.176887
16014.32031 0.176926
16014.70996 0.176965
16015.09961 0.177006
16015.49023 0.177055
16015.87988 0.177103
16016.26953 0.177152
16016.66016 0.177201
16017.04980 0.17725
16017.44043 0.177298
16017.83008 0.177347
16018.21973 0.177396
16018.61035 0.177445
16019.00000 0.177493
16019.38965 0.177542
16019.78027 0.177591
16020.16992 0.177637
16020.55957 0.17768
16020.95020 0.177722
16021.33984 0.177765
16021.73047 0.177807
16022.12012 0.17785
16022.51953 0.177893
16022.91016 0.177935
16023.29980 0.177978
16023.69043 0.17802
16024.08008 0.178063
16024.46973 0.178106
16024.86035 0.178148
16025.25000 0.178201
16025.63965 0.178259
16026.03027 0.178318
16026.41992 0.178376
16026.80957 0.178434
16027.20020 0.178493
16027.58984 0.178551
16027.98047 0.178609
16028.37012 0.178668
16028.75977 0.178726
16029.15039 0.178785
16029.54004 0.178843
16029.92969 0.178901
16030.33008 0.178961
16030.71973 0.179021
16031.11035 0.179081
16031.50000 0.179141
16031.88965 0.1792
16032.28027 0.17926
16032.66992 0.17932
16033.05957 0.17938
16033.45020 0.17944
16033.83984 0.1795
16034.23047 0.17956
16034.62012 0.17962
16035.00977 0.179679
16035.40039 0.179729
16035.79004 0.179778
16036.17969 0.179827
16036.58008 0.179876
16036.96973 0.179926
16037.36035 0.179975
16037.75000 0.180024
16038.13965 0.180074
16038.53027 0.180123
16038.91992 0.180172
16039.30957 0.180222
16039.70020 0.180271
16040.08984 0.180324
16040.48047 0.180386
16040.87012 0.180449
16041.25977 0.180511
16041.66016 0.180574
16042.04980 0.180637
16042.44043 0.1807
16042.83008 0.180762
16043.21973 0.180825
16043.61035 0.180888
16044.00000 0.18095
16044.38965 0.181013
16044.78027 0.181076
16045.16992 0.18114
16045.55957 0.181206
16045.95996 0.181272
16046.34961 0.181338
16046.74023 0.181403
16047.12988 0.181469
16047.51953 0.181535
16047.91016 0.181601
16048.29980 0.181667
16048.69043 0.181733
16049.08008 0.181799
16049.46973 0.181865
16049.87012 0.181931
16050.25977 0.181994
16050.65039 0.182056
16051.04004 0.182118
16051.42969 0.182179
16051.82031 0.182241
16052.20996 0.182303
16052.59961 0.182364
16052.99023 0.182426
16053.38965 0.182488
16053.78027 0.182549
16054.16992 0.182611
16054.55957 0.182673
16054.95020 0.182734
16055.33984 0.182803
16055.73047 0.182873
16056.12012 0.182943
16056.50977 0.183012
16056.91016 0.183082
16057.29980 0.183152
16057.69043 0.183222
16058.08008 0.183291
16058.46973 0.183361
16058.86035 0.183431
16059.25000 0.183501
16059.63965 0.18357
16060.04004 0.18364
16060.42969 0.183708
16060.82031 0.183776
16061.20996 0.183844
16061.59961 0.183912
16061.99023 0.183979
16062.37988 0.184047
16062.78027 0.184115
16063.16992 0.184183
16063.55957 0.184251
16063.95020 0.184319
16064.33984 0.184387
16064.73047 0.184455
16065.12012 0.184522
16065.50977 0.184588
16065.91016 0.184654
16066.29980 0.18472
16066.69043 0.184785
16067.08008 0.184851
16067.46973 0.184917
16067.86035 0.184983
16068.25000 0.185048
16068.65039 0.185114
16069.04004 0.18518
16069.42969 0.185246
16069.82031 0.185312
16070.20996 0.185382
16070.59961 0.185457
16071.00000 0.185531
16071.38965 0.185605
16071.78027 0.18568
16072.16992 0.185754
16072.55957 0.185828
16072.95020 0.185903
16073.34961 0.185977
16073.74023 0.186052
16074.12988 0.186126
16074.51953 0.1862
16074.91016 0.186275
16075.29980 0.186349
16075.70020 0.186424
16076.08984 0.186499
16076.48047 0.186573
16076.87012 0.186648
16077.25977 0.186723
16077.65039 0.186797
16078.04980 0.186872
16078.44043 0.186946
16078.83008 0.187021
16079.21973 0.187096
16079.61035 0.187171
16080.00000 0.187245
16080.40039 0.187319
16080.79004 0.187392
16081.17969 0.187465
16081.57031 0.187538
16081.95996 0.187612
16082.36035 0.187685
16082.75000 0.187758
16083.13965 0.187832
16083.53027 0.187905
16083.91992 0.187978
16084.30957 0.188052
16084.70996 0.188125
16085.09961 0.1882
16085.49023 0.18828
16085.87988 0.18836
16086.26953 0.188439
16086.66992 0.188519
16087.05957 0.188599
16087.45020 0.188678
16087.83984 0.188758
16088.23047 0.188838
16088.62988 0.188918
16089.01953 0.188998
16089.41016 0.189077
16089.79980 0.189157
16090.19043 0.189235
16090.58984 0.189312
16090.98047 0.189389
16091.37012 0.189466
16091.75977 0.189543
16092.15039 0.18962
16092.54980 0.189697
16092.94043 0.189774
16093.33008 0.189852
16093.71973 0.189928
16094.12012 0.190005
16094.50977 0.190082
16094.90039 0.19016
16095.29004 0.190233
16095.67969 0.190305
16096.08008 0.190377
16096.46973 0.190448
16096.86035 0.19052
16097.25000 0.190592
16097.63965 0.190664
16098.04004 0.190736
16098.42969 0.190808
16098.82031 0.19088
16099.20996 0.190952
16099.61035 0.191024
16100.00000 0.191096
16100.38965 0.19118
16100.78027 0.191264
16101.16992 0.191348
16101.57031 0.191432
16101.95996 0.191517
16102.34961 0.191601
16102.74023 0.191685
16103.13965 0.191769
16103.53027 0.191854
16103.91992 0.191938
16104.30957 0.192022
16104.70996 0.192106
16105.09961 0.192188
16105.49023 0.192263
16105.87988 0.192338
16106.28027 0.192413
16106.66992 0.192488
16107.05957 0.192563
16107.45020 0.192638
16107.84961 0.192714
16108.24023 0.192789
16108.62988 0.192864
16109.01953 0.192939
16109.41992 0.193014
16109.80957 0.193089
16110.20020 0.193169
16110.58984 0.193254
16110.99023 0.193338
16111.37988 0.193423
16111.76953 0.193508
16112.16016 0.193592
16112.55957 0.193677
16112.95020 0.193762
16113.33984 0.193846
16113.73047 0.193931
16114.12988 0.194016
16114.51953 0.1941
16114.91016 0.194185
16115.29980 0.194267
16115.70020 0.194349
16116.08984 0.194431
16116.48047 0.194513
16116.87988 0.194595
16117.26953 0.194677
16117.66016 0.194759
16118.04980 0.194841
16118.45020 0.194923
16118.83984 0.195005
16119.23047 0.195087
16119.62012 0.195169
16120.01953 0.195251
16120.41016 0.195326
16120.79980 0.195401
16121.19043 0.195475
16121.58984 0.19555
16121.98047 0.195625
16122.37012 0.1957
16122.76953 0.195775
16123.16016 0.19585
16123.54980 0.195925
16123.94043 0.196
16124.33984 0.196075
16124.73047 0.19615
16125.12012 0.196226
16125.51953 0.196306
16125.91016 0.196386
16126.29980 0.196465
16126.69043 0.196545
16127.08984 0.196625
16127.48047 0.196705
16127.87012 0.196785
16128.26953 0.196864
16128.66016 0.196944
16129.04980 0.197024
16129.45020 0.197104
16129.83984 0.197184
16130.23047 0.197259
16130.62012 0.197331
16131.01953 0.197403
16131.41016 0.197475
16131.79980 0.197547
16132.20020 0.197619
16132.58984 0.197691
16132.98047 0.197763
16133.37988 0.197835
16133.76953 0.197907
16134.16016 0.19798
16134.54980 0.198051
16134.95020 0.198124
16135.33984 0.198196
16135.73047 0.198269
16136.12988 0.198343
16136.51953 0.198415
16136.91016 0.198488
16137.30957 0.198561
16137.70020 0.198634
16138.08984 0.198707
16138.49023 0.19878
16138.87988 0.198853
16139.26953 0.198927
16139.66992 0.198999
16140.05957 0.199072
16140.45020 0.199139
16140.84961 0.199207
16141.24023 0.199274
16141.62988 0.199342
16142.03027 0.199409
16142.41992 0.199477
16142.80957 0.199545
16143.20996 0.199612
16143.59961 0.19968
16143.99023 0.199747
16144.38965 0.199815
16144.78027 0.199883
16145.16992 0.199954
16145.57031 0.20003
16145.95996 0.200106
16146.34961 0.200181
16146.75000 0.200257
16147.13965 0.200333
16147.53027 0.200409
16147.92969 0.200485
16148.32031 0.200561
16148.70996 0.200637
16149.11035 0.200713
16149.50000 0.200788
16149.88965 0.200864
16150.29004 0.200935
16150.67969 0.201004
16151.07031 0.201072
16151.46973 0.201141
16151.86035 0.201209
16152.25000 0.201278
16152.65039 0.201346
16153.04004 0.201415
16153.44043 0.201483
16153.83008 0.201552
16154.21973 0.201621
16154.62012 0.201689
16155.00977 0.201758
16155.40039 0.201824
16155.79980 0.201891
16156.19043 0.201958
16156.58008 0.202024
16156.98047 0.202091
16157.37012 0.202158
16157.76953 0.202225
16158.16016 0.202291
16158.54980 0.202358
16158.95020 0.202425
16159.33984 0.202491
16159.73047 0.202558
16160.12988 0.202623
16160.51953 0.202684
16160.91992 0.202744
16161.30957 0.202805
16161.70020 0.202866
16162.09961 0.202927
16162.49023 0.202988
16162.87988 0.203049
16163.28027 0.203109
16163.66992 0.20317
16164.07031 0.203231
16164.45996 0.203292
16164.84961 0.203353
16165.25000 0.203413
16165.63965 0.203474
16166.04004 0.203535
16166.42969 0.203595
16166.82031 0.203656
16167.21973 0.203717
16167.61035 0.203777
16168.00000 0.203838
16168.40039 0.203899
16168.79004 0.203959
16169.19043 0.20402
16169.58008 0.20408
16169.96973 0.204141
16170.37012 0.204199
16170.75977 0.204256
16171.16016 0.204314
16171.54980 0.204372
16171.94043 0.204429
16172.33984 0.204487
16172.73047 0.204544
16173.12988 0.204602
16173.51953 0.20466
16173.91016 0.204717
16174.30957 0.204775
16174.70020 0.204833
16175.09961 0.204891
16175.49023 0.204949
16175.87988 0.205008
16176.28027 0.205067
16176.66992 0.205126
16177.07031 0.205185
16177.45996 0.205243
16177.86035 0.205302
16178.25000 0.205361
16178.63965 0.20542
16179.04004 0.205479
16179.42969 0.205538
16179.83008 0.205596
16180.21973 0.205653
16180.62012 0.205708
16181.00977 0.205763
16181.40039 0.205817
16181.79980 0.205872
16182.19043 0.205927
16182.58984 0.205982
16182.98047 0.206037
16183.37988 0.206092
16183.76953 0.206147
16184.16016 0.206201
16184.55957 0.206256
16184.95020 0.206311
16185.34961 0.206361
16185.74023 0.20641
16186.12988 0.206458
16186.53027 0.206507
16186.91992 0.206556
16187.32031 0.206605
16187.70996 0.206654
16188.11035 0.206703
16188.50000 0.206752
16188.90039 0.206801
16189.29004 0.20685
16189.67969 0.206899
16190.08008 0.206948
16190.46973 0.206995
16190.87012 0.207043
16191.25977 0.207091
16191.66016 0.207139
16192.04980 0.207186
16192.45020 0.207234
16192.83984 0.207282
16193.24023 0.20733
16193.62988 0.207377
16194.01953 0.207425
16194.41992 0.207473
16194.80957 0.207521
16195.20996 0.207567
16195.59961 0.207611
16196.00000 0.207656
16196.38965 0.2077
16196.79004 0.207745
16197.17969 0.207789
16197.58008 0.207834
16197.96973 0.207878
16198.37012 0.207923
16198.75977 0.207967
16199.15039 0.208012
16199.54980 0.208056
16199.94043 0.208101
16200.33984 0.20814
16200.73047 0.208178
16201.12988 0.208215
16201.51953 0.208253
16201.91992 0.208291
16202.30957 0.208329
16202.70996 0.208367
16203.09961 0.208405
16203.50000 0.208443
16203.88965 0.208481
16204.29004 0.208519
16204.67969 0.208557
16205.08008 0.208595
16205.46973 0.208632
16205.87012 0.20867
16206.25977 0.208708
16206.66016 0.208746
16207.04980 0.208784
16207.45020 0.208822
16207.83984 0.20886
16208.24023 0.208898
16208.62988 0.208936
16209.01953 0.208974
16209.41992 0.209012
16209.80957 0.20905
16210.20996 0.209088
16210.59961 0.209125
16211.00000 0.209163
16211.38965 0.209201
16211.79004 0.209239
16212.17969 0.209277
16212.58008 0.209314
16212.96973 0.209352
16213.37012 0.20939
16213.75977 0.209427
16214.16016 0.209465
16214.54980 0.209503
16214.95020 0.209541
16215.33984 0.20957
16215.74023 0.209598
16216.12988 0.209626
16216.53027 0.209655
16216.91992 0.209683
16217.32031 0.209711
16217.71973 0.209739
16218.11035 0.209767
16218.50977 0.209796
16218.90039 0.209824
16219.29980 0.209852
16219.69043 0.20988
16220.08984 0.209908
16220.48047 0.209935
16220.87988 0.209963
16221.26953 0.20999
16221.66992 0.210017
16222.05957 0.210044
16222.45996 0.210071
16222.84961 0.210099
16223.25000 0.210126
16223.63965 0.210153
16224.04004 0.21018
16224.42969 0.210207
16224.83008 0.210235
16225.21973 0.210261
16225.62012 0.210288
16226.01953 0.210314
16226.41016 0.21034
16226.80957 0.210367
16227.20020 0.210393
16227.59961 0.21042
16227.99023 0.210446
16228.38965 0.210472
16228.78027 0.210499
16229.17969 0.210525
16229.57031 0.210551
16229.96973 0.210578
16230.37012 0.210596
16230.75977 0.210613
16231.16016 0.21063
16231.54980 0.210647
16231.95020 0.210665
16232.33984 0.210682
16232.74023 0.210699
16233.12988 0.210716
16233.53027 0.210733
16233.91992 0.210751
16234.32031 0.210768
16234.71973 0.210785
16235.11035 0.210802
16235.50977 0.21082
16235.90039 0.210838
16236.29980 0.210855
16236.69043 0.210873
16237.08984 0.210891
16237.48047 0.210908
16237.87988 0.210926
16238.28027 0.210944
16238.66992 0.210961
16239.07031 0.210979
16239.45996 0.210997
16239.86035 0.211014
16240.25000 0.211031
16240.65039 0.211047
16241.04980 0.211063
16241.44043 0.211079
16241.83984 0.211095
16242.23047 0.211111
16242.62988 0.211127
16243.01953 0.211143
16243.41992 0.21116
16243.82031 0.211176
16244.20996 0.211192
16244.61035 0.211208
16245.00000 0.211224
16245.40039 0.211234
16245.79004 0.211245
16246.19043 0.211255
16246.58984 0.211265
16246.98047 0.211276
16247.37988 0.211286
16247.76953 0.211297
16248.16992 0.211307
16248.57031 0.211317
16248.95996 0.211328
16249.36035 0.211338
16249.75000 0.211349
16250.15039 0.211358
16250.54004 0.211366
16250.94043 0.211374
16251.33984 0.211382
16251.73047 0.21139
16252.12988 0.211398
16252.53027 0.211406
16252.91992 0.211414
16253.32031 0.211422
16253.70996 0.21143
16254.11035 0.211438
16254.50000 0.211446
16254.90039 0.211454
16255.29980 0.211462
16255.69043 0.21147
16256.08984 0.211478
16256.49023 0.211486
16256.87988 0.211495
16257.28027 0.211503
16257.66992 0.211511
16258.07031 0.211519
16258.46973 0.211527
16258.86035 0.211535
16259.25977 0.211544
16259.65039 0.211552
16260.04980 0.21156
16260.45020 0.211566
16260.83984 0.211572
16261.24023 0.211579
16261.63965 0.211585
16262.03027 0.211591
16262.42969 0.211597
16262.82031 0.211604
16263.21973 0.21161
16263.62012 0.211616
16264.00977 0.211623
16264.41016 0.211629
16264.80957 0.211635
16265.20020 0.211638
16265.59961 0.211638
16265.99023 0.211637
16266.38965 0.211637
16266.79004 0.211636
16267.17969 0.211636
16267.58008 0.211635
16267.98047 0.211635
16268.37012 0.211635
16268.76953 0.211634
16269.16992 0.211634
16269.55957 0.211633
16269.95996 0.211633
16270.34961 0.211639
16270.75000 0.211645
16271.15039 0.211651
16271.54004 0.211658
16271.94043 0.211664
16272.33984 0.211671
16272.73047 0.211677
16273.12988 0.211684
16273.53027 0.21169
16273.91992 0.211697
16274.32031 0.211703
16274.71973 0.21171
16275.11035 0.211713
16275.50977 0.211709
16275.91016 0.211706
16276.29980 0.211702
16276.70020 0.211698
16277.08984 0.211694
16277.49023 0.211691
16277.88965 0.211687
16278.29004 0.211683
16278.67969 0.211679
16279.08008 0.211675
16279.46973 0.211672
16279.87012 0.211668
16280.26953 0.211669
16280.66992 0.211672
16281.05957 0.211675
16281.45996 0.211678
16281.84961 0.211681
16282.25000 0.211684
16282.65039 0.211688
16283.04004 0.211691
16283.44043 0.211694
16283.83984 0.211697
16284.24023 0.2117
16284.62988 0.211703
16285.03027 0.211706
16285.42969 0.211701
16285.82031 0.211695
16286.21973 0.21169
16286.62012 0.211684
16287.00977 0.211679
16287.41016 0.211673
16287.80957 0.211668
16288.20020 0.211662
16288.59961 0.211657
16289.00000 0.211651
16289.38965 0.211646
16289.79004 0.211641
16290.19043 0.211636
16290.58008 0.211633
16290.98047 0.21163
16291.37988 0.211627
16291.78027 0.211624
16292.16992 0.211621
16292.57031 0.211618
16292.96973 0.211615
16293.36035 0.211612
16293.75977 0.211609
16294.16016 0.211606
16294.54980 0.211603
16294.95020 0.2116
16295.34961 0.211599
16295.75000 0.211597
16296.13965 0.211596
16296.54004 0.211594
16296.94043 0.211593
16297.33008 0.211592
16297.73047 0.21159
16298.12988 0.211589
16298.51953 0.211588
16298.91992 0.211586
16299.32031 0.211585
16299.71973 0.211583
16300.11035 0.211581
16300.50977 0.211577
16300.91016 0.211573
16301.29980 0.211568
16301.70020 0.211564
16302.09961 0.21156
16302.50000 0.211556
16302.88965 0.211551
16303.29004 0.211547
16303.69043 0.211543
16304.08008 0.211539
16304.48047 0.211534
16304.87988 0.21153
16305.28027 0.211525
16305.66992 0.211518
16306.07031 0.211512
16306.46973 0.211506
16306.87012 0.2115
16307.25977 0.211494
16307.66016 0.211488
16308.05957 0.211481
16308.45996 0.211475
