threeML/data/optical_filters/HST/NICMOS3-F110W.ecsv
# %ECSV 0.9
# ---
# datatype:
# - {name: wavelength, unit: Angstrom, datatype: float32}
# - {name: response, datatype: float32}
# meta: !!omap
# - {band_name: F110W}
# - {group_name: NICMOS3}
wavelength response
[from data line 1609]
8849.66602 0.036315
8850.39746 0.036201
8851.12988 0.036103
8851.86133 0.036006
8852.59277 0.035909
8853.32520 0.035812
8854.05664 0.035715
8854.78906 0.035618
8855.52148 0.03554
8856.25293 0.035468
8856.98535 0.035397
8857.71777 0.035326
8858.45020 0.035254
8859.18262 0.035183
8859.91504 0.035112
8860.64746 0.035087
8861.37988 0.035068
8862.11328 0.035049
8862.84570 0.03503
8863.57812 0.035011
8864.31152 0.034992
8865.04395 0.034976
8865.77734 0.035006
8866.50977 0.035037
8867.24316 0.035068
8867.97656 0.035098
8868.70996 0.035129
8869.44238 0.035159
8870.17578 0.035204
8870.90918 0.035293
8871.64258 0.035382
8872.37598 0.035471
8873.11035 0.035561
8873.84375 0.03565
8874.57715 0.035739
8875.31152 0.035846
8876.04492 0.035979
8876.77832 0.036111
8877.51270 0.036244
8878.24707 0.036376
8878.98047 0.036509
8879.71484 0.036641
8880.44922 0.036797
8881.18359 0.036968
8881.91797 0.037138
8882.65234 0.037308
8883.38672 0.037479
8884.12109 0.037649
8884.85547 0.037819
8885.58984 0.038029
8886.32422 0.038247
8887.05957 0.038466
8887.79395 0.038685
8888.52930 0.038904
8889.26367 0.039122
8889.99902 0.039341
8890.73340 0.039602
8891.46875 0.039863
8892.20410 0.040124
8892.93945 0.040385
8893.67480 0.040646
8894.41016 0.040907
8895.14648 0.041167
8895.88086 0.041425
8896.61621 0.041683
8897.35156 0.041941
8898.08691 0.042199
8898.82324 0.042457
8899.55859 0.042715
8900.29492 0.042965
8901.03027 0.043204
8901.76660 0.043443
8902.50195 0.043681
8903.23828 0.04392
8903.97461 0.044159
8904.71094 0.044398
8905.44727 0.044626
8906.18359 0.044848
8906.91992 0.04507
8907.65625 0.045292
8908.39258 0.045514
8909.12891 0.045736
8909.86523 0.045957
8910.60254 0.046142
8911.33887 0.046318
8912.07617 0.046494
8912.81152 0.04667
8913.54980 0.046846
8914.28613 0.047021
8915.02344 0.047196
8915.76074 0.047309
8916.49805 0.047423
8917.23535 0.047537
8917.97266 0.047651
8918.70996 0.047764
8919.44727 0.047878
8920.18457 0.04797
8920.92188 0.047999
8921.65918 0.048028
8922.39746 0.048056
8923.13477 0.048085
8923.87305 0.048113
8924.61035 0.048142
8925.34863 0.048133
8926.08594 0.048083
8926.82422 0.048033
8927.56348 0.047983
8928.30078 0.047933
8929.03906 0.047882
8929.77734 0.047832
8930.51562 0.047735
8931.25391 0.047618
8931.99219 0.0475
8932.73047 0.047383
8933.46875 0.047265
8934.20801 0.047148
8934.94629 0.04703
8935.68555 0.046857
8936.42383 0.04668
8937.16309 0.046503
8937.90137 0.046326
8938.64062 0.046148
8939.37988 0.045971
8940.11914 0.045788
8940.85840 0.045577
8941.59766 0.045365
8942.33691 0.045153
8943.07617 0.044942
8943.81543 0.04473
8944.55469 0.044519
8945.29395 0.044298
8946.03418 0.044064
8946.77344 0.04383
8947.51367 0.043596
8948.25293 0.043362
8948.99316 0.043128
8949.73242 0.042894
8950.47266 0.042658
8951.21289 0.042421
8951.95312 0.042185
8952.69336 0.041948
8953.43359 0.041711
8954.17383 0.041475
8954.91406 0.041238
8955.65430 0.041027
8956.39453 0.040819
8957.13477 0.04061
8957.87598 0.040402
8958.61621 0.040194
8959.35742 0.039985
8960.09766 0.039783
8960.83887 0.039623
8961.57910 0.039462
8962.32031 0.039302
8963.06152 0.039141
8963.80273 0.03898
8964.54395 0.03882
8965.28516 0.038672
8966.02637 0.038546
8966.76758 0.038419
8967.50879 0.038293
8968.25000 0.038166
8968.99121 0.03804
8969.73340 0.037913
8970.47461 0.037822
8971.21680 0.037751
8971.95801 0.03768
8972.70020 0.037609
8973.44238 0.037538
8974.18359 0.037467
8974.92578 0.037396
8975.66797 0.03738
8976.41016 0.037371
8977.15234 0.037361
8977.89453 0.037351
8978.63672 0.037342
8979.37891 0.037332
8980.12109 0.037332
8980.86426 0.037383
8981.60645 0.037433
8982.34863 0.037484
8983.09180 0.037534
8983.83398 0.037585
8984.57715 0.037636
8985.32031 0.037715
8986.06152 0.037831
8986.80566 0.037947
8987.54883 0.038064
8988.29199 0.03818
8989.03516 0.038296
8989.77832 0.038413
8990.52148 0.038584
8991.26465 0.038778
8992.00879 0.038972
8992.75195 0.039166
8993.49512 0.039361
8994.23926 0.039555
8994.98242 0.039749
8995.72656 0.039978
8996.46973 0.040208
8997.21387 0.040437
8997.95801 0.040667
8998.70117 0.040897
8999.44531 0.041126
9000.18945 0.041382
9000.93359 0.041713
9001.67773 0.042045
9002.42188 0.042376
9003.16699 0.042709
9003.91113 0.043041
9004.65527 0.043373
9005.40039 0.04374
9006.14453 0.044138
9006.88867 0.044535
9007.63379 0.044933
9008.37891 0.045332
9009.12305 0.04573
9009.86816 0.046129
9010.61328 0.046583
9011.35840 0.047048
9012.10352 0.047514
9012.84863 0.04798
9013.59375 0.048446
9014.33887 0.048912
9015.08398 0.049385
9015.82910 0.049911
9016.57520 0.050437
9017.32031 0.050963
9018.06543 0.051489
9018.81152 0.052016
9019.55762 0.052544
9020.30273 0.053074
9021.04883 0.053611
9021.79492 0.054147
9022.54004 0.054684
9023.28613 0.055221
9024.03223 0.055759
9024.77832 0.056296
9025.52441 0.056848
9026.27148 0.057405
9027.01758 0.057964
9027.76367 0.058522
9028.50977 0.05908
9029.25684 0.05964
9030.00293 0.060199
9030.75000 0.060762
9031.49609 0.061324
9032.24316 0.061887
9032.99023 0.062451
9033.73633 0.063014
9034.48340 0.063578
9035.23047 0.064125
9035.97754 0.064635
9036.72461 0.065144
9037.47168 0.065654
9038.21875 0.066165
9038.96582 0.066675
9039.71387 0.067187
9040.46094 0.067698
9041.20801 0.06821
9041.95605 0.068723
9042.70312 0.069235
9043.45117 0.069748
9044.19922 0.070262
9044.94629 0.070775
9045.69434 0.071221
9046.44238 0.071662
9047.19043 0.072104
9047.93848 0.072545
9048.68652 0.072987
9049.43457 0.073429
9050.18262 0.073845
9050.93066 0.074181
9051.67969 0.074518
9052.42773 0.074855
9053.17676 0.075192
9053.92480 0.07553
9054.67383 0.075867
9055.42188 0.07616
9056.17090 0.07642
9056.91992 0.076679
9057.66797 0.076938
9058.41699 0.077198
9059.16602 0.077458
9059.91504 0.077718
9060.66406 0.077918
9061.41309 0.07811
9062.16211 0.078303
9062.91211 0.078496
9063.66113 0.078689
9064.41016 0.078882
9065.16016 0.079058
9065.90918 0.079169
9066.65918 0.079281
9067.40820 0.079393
9068.15820 0.079505
9068.90820 0.079616
9069.65820 0.079728
9070.40820 0.079824
9071.15723 0.079905
9071.90723 0.079986
9072.65820 0.080067
9073.40820 0.080148
9074.15820 0.08023
9074.90820 0.080311
9075.65820 0.080358
9076.40918 0.080401
9077.15918 0.080443
9077.91016 0.080485
9078.66016 0.080528
9079.41113 0.08057
9080.16211 0.080609
9080.91211 0.080633
9081.66309 0.080657
9082.41406 0.08068
9083.16504 0.080704
9083.91602 0.080728
9084.66699 0.080752
9085.41797 0.080779
9086.16992 0.080808
9086.92090 0.080837
9087.67188 0.080867
9088.42383 0.080896
9089.17480 0.080925
9089.92676 0.080954
9090.67773 0.080987
9091.42969 0.081019
9092.18066 0.081052
9092.93262 0.081084
9093.68457 0.081117
9094.43652 0.08115
9095.18848 0.081188
9095.94043 0.081241
9096.69238 0.081295
9097.44434 0.081349
9098.19629 0.081403
9098.94922 0.081456
9099.70117 0.08151
9100.45410 0.081577
9101.20605 0.081653
9101.95898 0.081729
9102.71094 0.081805
9103.46387 0.081881
9104.21680 0.081957
9104.96875 0.082033
9105.72168 0.082117
9106.47461 0.082202
9107.22754 0.082286
9107.98047 0.082371
9108.73340 0.082456
9109.48730 0.082541
9110.24023 0.082633
9110.99316 0.08274
9111.74609 0.082847
9112.50000 0.082955
9113.25293 0.083062
9114.00684 0.08317
9114.76074 0.083277
9115.51367 0.083386
9116.26758 0.083496
9117.02148 0.083606
9117.77539 0.083715
9118.52930 0.083825
9119.28320 0.083935
9120.03711 0.084046
9120.79102 0.084163
9121.54492 0.08428
9122.29883 0.084397
9123.05371 0.084514
9123.80762 0.084632
9124.56152 0.084749
9125.31641 0.084859
9126.07129 0.084957
9126.82520 0.085055
9127.58008 0.085154
9128.33496 0.085252
9129.08984 0.085351
9129.84473 0.08545
9130.59863 0.085549
9131.35352 0.085649
9132.10938 0.085748
9132.86426 0.085848
9133.61914 0.085948
9134.37402 0.086048
9135.12988 0.086146
9135.88477 0.086235
9136.64062 0.086325
9137.39648 0.086414
9138.15137 0.086503
9138.90625 0.086593
9139.66211 0.086682
9140.41797 0.086766
9141.17383 0.086844
9141.92969 0.086922
9142.68555 0.087
9143.44141 0.087078
9144.19727 0.087157
9144.95312 0.087235
9145.70898 0.087289
9146.46582 0.087341
9147.22168 0.087394
9147.97754 0.087446
9148.73438 0.087499
9149.49023 0.087551
9150.24707 0.087601
9151.00391 0.087644
9151.76074 0.087688
9152.51660 0.087731
9153.27344 0.087775
9154.03027 0.087819
9154.78711 0.087862
9155.54395 0.087892
9156.30078 0.087917
9157.05859 0.087942
9157.81543 0.087967
9158.57227 0.087991
9159.33008 0.088016
9160.08691 0.088041
9160.84473 0.088063
9161.60156 0.088085
9162.35938 0.088107
9163.11719 0.088129
9163.87402 0.088151
9164.63184 0.088173
9165.38965 0.088192
9166.14746 0.088208
9166.90527 0.088225
9167.66309 0.088241
9168.42090 0.088257
9169.17969 0.088274
9169.93652 0.08829
9170.69531 0.088308
9171.45410 0.088325
9172.21191 0.088343
9172.97070 0.088361
9173.72852 0.088379
9174.48730 0.088397
9175.24609 0.088414
9176.00488 0.088431
9176.76367 0.088447
9177.52246 0.088463
9178.28125 0.088479
9179.04004 0.088495
9179.79883 0.088511
9180.55762 0.088526
9181.31641 0.088541
9182.07617 0.088555
9182.83496 0.088569
9183.59375 0.088584
9184.35352 0.088598
9185.11230 0.088614
9185.87207 0.08864
9186.63184 0.088666
9187.39160 0.088692
9188.15039 0.088718
9188.91016 0.088744
9189.66992 0.08877
9190.42969 0.088785
9191.18945 0.088793
9191.95020 0.088801
9192.70996 0.088809
9193.46973 0.088817
9194.22852 0.088825
9194.99023 0.088833
9195.75000 0.088847
9196.51074 0.08886
9197.27148 0.088874
9198.03125 0.088888
9198.79199 0.088902
9199.55273 0.088916
9200.31348 0.088924
9201.07422 0.088926
9201.83496 0.088928
9202.59570 0.088929
9203.35645 0.088931
9204.11719 0.088932
9204.87793 0.088934
9205.63965 0.088915
9206.40039 0.088893
9207.16113 0.08887
9207.92285 0.088848
9208.68359 0.088825
9209.44531 0.088803
9210.20703 0.088776
9210.96875 0.08874
9211.72852 0.088704
9212.49121 0.088668
9213.25293 0.088631
9214.01465 0.088595
9214.77637 0.088558
9215.53906 0.088507
9216.30078 0.08845
9217.06348 0.088392
9217.82422 0.088335
9218.58691 0.088277
9219.34863 0.088219
9220.11133 0.088159
9220.87305 0.08808
9221.63574 0.088002
9222.39844 0.087923
9223.16113 0.087844
9223.92383 0.087766
9224.68652 0.087687
9225.44922 0.087593
9226.21191 0.08749
9226.97461 0.087386
9227.73730 0.087282
9228.50000 0.087177
9229.26270 0.087073
9230.02637 0.086968
9230.78906 0.086835
9231.55273 0.086703
9232.31543 0.08657
9233.07910 0.086437
9233.84277 0.086304
9234.60645 0.086171
9235.36914 0.086029
9236.13281 0.085878
9236.89648 0.085726
9237.66016 0.085575
9238.42383 0.085423
9239.18848 0.085271
9239.95215 0.085119
9240.71582 0.084953
9241.47852 0.084785
9242.24414 0.084617
9243.00781 0.084449
9243.77246 0.084281
9244.53613 0.084113
9245.30078 0.083953
9246.06543 0.083805
9246.83008 0.083658
9247.59473 0.08351
9248.35938 0.083363
9249.12402 0.083215
9249.88867 0.083067
9250.65332 0.082914
9251.41797 0.082761
9252.18262 0.082607
9252.94727 0.082453
9253.71289 0.082299
9254.47754 0.082145
9255.24316 0.081993
9256.00781 0.081844
9256.77344 0.081695
9257.53906 0.081547
9258.30469 0.081398
9259.06934 0.081249
9259.83496 0.081099
9260.60059 0.080973
9261.36621 0.080854
9262.13184 0.080734
9262.89844 0.080614
9263.66406 0.080494
9264.42969 0.080373
9265.19629 0.080254
9265.96191 0.080137
9266.72754 0.080021
9267.49414 0.079904
9268.26074 0.079787
9269.02637 0.07967
9269.79297 0.079552
9270.55957 0.079463
9271.32617 0.079383
9272.09277 0.079304
9272.85938 0.079224
9273.62598 0.079144
9274.39258 0.079064
9275.15918 0.078991
9275.92578 0.078944
9276.69336 0.078896
9277.45996 0.078849
9278.22754 0.078801
9278.99414 0.078754
9279.76172 0.078706
9280.52832 0.078683
9281.29590 0.078671
9282.06348 0.078658
9282.83105 0.078646
9283.59863 0.078634
9284.36621 0.078621
9285.13379 0.078615
9285.90137 0.078636
9286.66895 0.078658
9287.43652 0.078679
9288.20508 0.0787
9288.97266 0.078722
9289.74023 0.078743
9290.50879 0.078783
9291.27637 0.078831
9292.04492 0.07888
9292.81348 0.078929
9293.58203 0.078978
9294.34961 0.079027
9295.11816 0.079079
9295.88672 0.079151
9296.65527 0.079224
9297.42383 0.079296
9298.19336 0.079369
9298.96191 0.079441
9299.73047 0.079514
9300.49902 0.079608
9301.26855 0.079714
9302.03711 0.07982
9302.80664 0.079926
9303.57520 0.080032
9304.34473 0.080138
9305.11426 0.080247
9305.88379 0.080372
9306.65332 0.080496
9307.42188 0.080621
9308.19141 0.080745
9308.96191 0.08087
9309.73145 0.080995
9310.50098 0.081128
9311.27148 0.081265
9312.04004 0.081403
9312.81055 0.081541
9313.58008 0.081679
9314.35059 0.081817
9315.12012 0.081956
9315.89062 0.082104
9316.66113 0.082252
9317.43164 0.0824
9318.20117 0.082548
9318.97168 0.082696
9319.74219 0.082845
9320.51270 0.082991
9321.28418 0.083137
9322.05469 0.083282
9322.82520 0.083428
9323.59570 0.083573
9324.36719 0.083719
9325.13770 0.083865
9325.90918 0.084014
9326.67969 0.084163
9327.45117 0.084312
9328.22168 0.084461
9328.99316 0.084611
9329.76465 0.08476
9330.53613 0.084914
9331.30762 0.085071
9332.07910 0.085227
9332.85059 0.085384
9333.62207 0.085541
9334.39355 0.085697
9335.16602 0.085849
9335.93848 0.085982
9336.70898 0.086115
9337.48145 0.086249
9338.25293 0.086382
9339.02539 0.086515
9339.79785 0.086649
9340.56934 0.086783
9341.34180 0.086918
9342.11426 0.087054
9342.88672 0.087189
9343.65918 0.087325
9344.43164 0.08746
9345.20410 0.087587
9345.97754 0.08769
9346.75000 0.087793
9347.52246 0.087895
9348.29590 0.087998
9349.06836 0.088101
9349.84180 0.088204
9350.61426 0.088304
9351.38770 0.088405
9352.16016 0.088505
9352.93359 0.088605
9353.70703 0.088706
9354.48047 0.088806
9355.25391 0.088901
9356.02734 0.088987
9356.80078 0.089073
9357.57422 0.089158
9358.34863 0.089244
9359.12207 0.08933
9359.89648 0.089415
9360.66992 0.089498
9361.44336 0.089579
9362.21777 0.089661
9362.99219 0.089743
9363.76562 0.089825
9364.54004 0.089907
9365.31445 0.089984
9366.08887 0.090053
9366.86328 0.090123
9367.63770 0.090193
9368.41211 0.090262
9369.18652 0.090332
9369.96094 0.090401
9370.73633 0.090461
9371.51074 0.09052
9372.28516 0.090578
9373.06055 0.090637
9373.83496 0.090696
9374.61035 0.090755
9375.38574 0.090812
9376.16016 0.090867
9376.93555 0.090922
9377.71094 0.090978
9378.48633 0.091033
9379.26172 0.091088
9380.03711 0.091143
9380.81348 0.09119
9381.58887 0.091237
9382.36426 0.091283
9383.13965 0.09133
9383.91602 0.091377
9384.69141 0.091424
9385.46777 0.091478
9386.24316 0.091536
9387.01953 0.091594
9387.79590 0.091652
9388.57227 0.091711
9389.34766 0.091769
9390.12402 0.091825
9390.90039 0.091869
9391.67676 0.091914
9392.45410 0.091958
9393.23047 0.092002
9394.00684 0.092047
9394.78320 0.092091
9395.56055 0.092134
9396.33691 0.092176
9397.11426 0.092219
9397.89062 0.092261
9398.66797 0.092304
9399.44531 0.092346
9400.22168 0.092388
9400.99902 0.092428
9401.77637 0.092468
9402.55371 0.092508
9403.33105 0.092548
9404.10840 0.092588
9404.88672 0.092628
9405.66406 0.092666
9406.44141 0.092703
9407.21973 0.092741
9407.99707 0.092778
9408.77539 0.092815
9409.55273 0.092853
9410.33105 0.092889
9411.10938 0.092924
9411.88672 0.09296
9412.66504 0.092995
9413.44336 0.09303
9414.22168 0.093066
9415.00000 0.093101
9415.77832 0.093127
9416.55664 0.093152
9417.33594 0.093178
9418.11426 0.093203
9418.89258 0.093229
9419.67188 0.093255
9420.45020 0.093273
9421.22852 0.093286
9422.00781 0.093299
9422.78711 0.093312
9423.56641 0.093325
9424.34570 0.093338
9425.12500 0.093353
9425.90430 0.093379
9426.68359 0.093405
9427.46289 0.09343
9428.24219 0.093456
9429.02148 0.093482
9429.80078 0.093508
9430.58105 0.093519
9431.36035 0.093525
9432.14062 0.093531
9432.91992 0.093538
9433.70020 0.093544
9434.48047 0.09355
9435.25977 0.093559
9436.04004 0.093572
9436.82031 0.093585
9437.60059 0.093598
9438.38086 0.093611
9439.16113 0.093624
9439.94141 0.093637
9440.72266 0.093654
9441.50293 0.09367
9442.28320 0.093687
9443.06445 0.093704
9443.84473 0.09372
9444.62598 0.093737
9445.40625 0.093754
9446.18652 0.093771
9446.96875 0.093789
9447.75000 0.093806
9448.53027 0.093824
9449.31152 0.093841
9450.09277 0.093859
9450.87402 0.093886
9451.65625 0.093913
9452.43652 0.09394
9453.21875 0.093966
9454.00000 0.093993
9454.78223 0.09402
9455.56348 0.094054
9456.34570 0.094091
