threeML/data/optical_filters/HST/NICMOS3-F222M.ecsv
# %ECSV 0.9
# ---
# datatype:
# - {name: wavelength, unit: Angstrom, datatype: float32}
# - {name: response, datatype: float32}
# meta: !!omap
# - {band_name: F222M}
# - {group_name: NICMOS3}
wavelength response
[from data line 1533]
20999.72070 0.012119
21000.05078 0.012259
21000.38086 0.012373
21000.71094 0.012486
21001.03906 0.0126
21001.36914 0.012714
21001.69922 0.012828
21002.03906 0.01292
21002.36914 0.012826
21002.69922 0.012733
21003.02930 0.012639
21003.35938 0.012546
21003.68945 0.012452
21004.01953 0.012365
21004.34961 0.012358
21004.68945 0.012351
21005.01953 0.012344
21005.34961 0.012337
21005.67969 0.01233
21006.00977 0.012322
21006.33984 0.012283
21006.66992 0.012244
21007.00000 0.012206
21007.33984 0.012167
21007.66992 0.012129
21008.00000 0.01209
21008.33008 0.012173
21008.66016 0.012256
21008.99023 0.012339
21009.32031 0.012422
21009.66016 0.012505
21009.99023 0.012588
21010.32031 0.012699
21010.65039 0.012811
21010.98047 0.012923
21011.31055 0.013034
21011.64062 0.013146
21011.98047 0.013258
21012.31055 0.012886
21012.64062 0.012474
21012.97070 0.012062
21013.30078 0.011652
21013.63086 0.01124
21013.96094 0.010828
21014.30078 0.011099
21014.63086 0.011449
21014.96094 0.011801
21015.28906 0.012152
21015.61914 0.012504
21015.94922 0.012854
21016.28906 0.012832
21016.61914 0.012748
21016.94922 0.012665
21017.27930 0.012582
21017.60938 0.012498
21017.93945 0.012415
21018.26953 0.012451
21018.60938 0.012512
21018.93945 0.012573
21019.26953 0.012634
21019.59961 0.012696
21019.92969 0.012756
21020.25977 0.012961
21020.59961 0.013202
21020.92969 0.013443
21021.25977 0.013683
21021.58984 0.013925
21021.91992 0.014166
21022.25000 0.014216
21022.58008 0.014207
21022.91992 0.014199
21023.25000 0.01419
21023.58008 0.014181
21023.91016 0.014172
21024.24023 0.014
21024.57031 0.013767
21024.91016 0.013534
21025.24023 0.013301
21025.57031 0.013068
21025.90039 0.012837
21026.23047 0.012926
21026.56055 0.013153
21026.90039 0.01338
21027.23047 0.013607
21027.56055 0.013835
21027.89062 0.014061
21028.22070 0.01405
21028.55078 0.013923
21028.89062 0.013797
21029.22070 0.01367
21029.55078 0.013543
21029.88086 0.013417
21030.21094 0.013467
21030.53906 0.013616
21030.88086 0.013764
21031.21094 0.013913
21031.53906 0.014062
21031.86914 0.014211
21032.19922 0.01423
21032.53906 0.014168
21032.86914 0.014106
21033.19922 0.014044
21033.52930 0.013982
21033.85938 0.01392
21034.19922 0.013908
21034.52930 0.01393
21034.85938 0.013952
21035.18945 0.013975
21035.51953 0.013997
21035.84961 0.014019
21036.18945 0.014084
21036.51953 0.014183
21036.84961 0.014281
21037.17969 0.01438
21037.50977 0.014478
21037.84961 0.014577
21038.17969 0.01459
21038.50977 0.014529
21038.83984 0.014468
21039.16992 0.014407
21039.50000 0.014346
21039.83984 0.014285
21040.16992 0.014313
21040.50000 0.01443
21040.83008 0.014547
21041.16016 0.014664
21041.50000 0.01478
21041.83008 0.014897
21042.16016 0.01496
21042.49023 0.014964
21042.82031 0.014968
21043.15039 0.014973
21043.49023 0.014977
21043.82031 0.014982
21044.15039 0.014918
21044.48047 0.014771
21044.81055 0.014624
21045.15039 0.014477
21045.48047 0.014331
21045.81055 0.014184
21046.14062 0.014184
21046.47070 0.014379
21046.81055 0.014574
21047.14062 0.01477
21047.47070 0.014965
21047.80078 0.01516
21048.13086 0.015354
21048.47070 0.015546
21048.80078 0.015737
21049.13086 0.015929
21049.46094 0.016121
21049.78906 0.016312
21050.13086 0.016389
21050.46094 0.016281
21050.78906 0.016172
21051.11914 0.016064
21051.46094 0.015956
21051.78906 0.015847
21052.11914 0.015803
21052.44922 0.015876
21052.77930 0.015948
21053.11914 0.01602
21053.44922 0.016092
21053.77930 0.016164
21054.10938 0.016234
21054.43945 0.016297
21054.77930 0.016361
21055.10938 0.016425
21055.43945 0.016489
21055.76953 0.016553
21056.10938 0.016509
21056.43945 0.016232
21056.76953 0.015955
21057.09961 0.015678
21057.42969 0.015401
21057.76953 0.015124
21058.09961 0.014964
21058.42969 0.015084
21058.75977 0.015204
21059.08984 0.015324
21059.42969 0.015444
21059.75977 0.015565
21060.08984 0.0157
21060.41992 0.015872
21060.75977 0.016044
21061.08984 0.016217
21061.41992 0.016389
21061.75000 0.016562
21062.08008 0.016701
21062.41992 0.016745
21062.75000 0.016789
21063.08008 0.016833
21063.41016 0.016877
21063.75000 0.016921
21064.08008 0.016916
21064.41016 0.016753
21064.74023 0.01659
21065.07031 0.016427
21065.41016 0.016264
21065.74023 0.0161
21066.07031 0.016055
21066.40039 0.016433
21066.74023 0.016811
21067.07031 0.017189
21067.40039 0.017568
21067.73047 0.017946
21068.07031 0.01826
21068.40039 0.018308
21068.73047 0.018356
21069.06055 0.018404
21069.39062 0.018451
21069.73047 0.018499
21070.06055 0.0185
21070.39062 0.018291
21070.72070 0.018082
21071.06055 0.017873
21071.39062 0.017664
21071.72070 0.017454
21072.05078 0.017232
21072.39062 0.016951
21072.72070 0.01667
21073.05078 0.016389
21073.38086 0.016109
21073.72070 0.015826
21074.05078 0.015622
21074.38086 0.015863
21074.71094 0.016105
21075.03906 0.016347
21075.38086 0.01659
21075.71094 0.016831
21076.03906 0.017051
21076.38086 0.017123
21076.71094 0.017196
21077.03906 0.017269
21077.36914 0.017342
21077.71094 0.017414
21078.03906 0.017479
21078.36914 0.017477
21078.69922 0.017475
21079.03906 0.017473
21079.36914 0.017471
21079.69922 0.017469
21080.02930 0.017482
21080.36914 0.017634
21080.69922 0.017786
21081.02930 0.017939
21081.35938 0.01809
21081.69922 0.018242
21082.02930 0.018384
21082.35938 0.01841
21082.68945 0.018437
21083.02930 0.018464
21083.35938 0.018491
21083.68945 0.018517
21084.01953 0.018523
21084.35938 0.018255
21084.68945 0.017986
21085.01953 0.017718
21085.34961 0.017451
21085.68945 0.017181
21086.01953 0.016942
21086.34961 0.017165
21086.67969 0.017388
21087.01953 0.017612
21087.34961 0.017835
21087.67969 0.018058
21088.01953 0.018266
21088.34961 0.018165
21088.67969 0.018063
21089.00977 0.017961
21089.34961 0.017859
21089.67969 0.017758
21090.00977 0.017671
21090.33984 0.018014
21090.67969 0.018357
21091.00977 0.018702
21091.33984 0.019044
21091.66992 0.019387
21092.00977 0.019725
21092.33984 0.019756
21092.66992 0.019787
21093.00977 0.019819
21093.33984 0.01985
21093.66992 0.019882
21094.00000 0.019915
21094.33984 0.02006
21094.66992 0.020206
21095.00000 0.020351
21095.33008 0.020496
21095.66992 0.020642
21096.00000 0.020787
21096.33008 0.020692
21096.66992 0.020595
21097.00000 0.020499
21097.33008 0.020403
21097.66016 0.020307
21098.00000 0.020211
21098.33008 0.020258
21098.66016 0.020307
21099.00000 0.020356
21099.33008 0.020405
21099.66016 0.020454
21099.99023 0.020503
21100.33008 0.020529
21100.66016 0.020555
21100.99023 0.020581
21101.32031 0.020606
21101.66016 0.020632
21101.99023 0.020658
21102.32031 0.02083
21102.66016 0.021005
21102.99023 0.021181
21103.32031 0.021357
21103.65039 0.021532
21103.99023 0.021709
21104.32031 0.021496
21104.65039 0.021267
21104.99023 0.02104
21105.32031 0.020811
21105.65039 0.020584
21105.99023 0.020355
21106.32031 0.020409
21106.65039 0.020475
21106.98047 0.02054
21107.32031 0.020606
21107.65039 0.020671
21107.98047 0.020737
21108.32031 0.02076
21108.65039 0.020781
21108.98047 0.020801
21109.31055 0.020822
21109.65039 0.020842
21109.98047 0.020863
21110.31055 0.020887
21110.65039 0.020911
21110.98047 0.020934
21111.31055 0.020958
21111.65039 0.020982
21111.98047 0.021006
21112.31055 0.021167
21112.64062 0.021336
21112.98047 0.021506
21113.31055 0.021676
21113.64062 0.021846
21113.98047 0.022015
21114.31055 0.022249
21114.64062 0.022486
21114.98047 0.022723
21115.31055 0.022961
21115.64062 0.023197
21115.98047 0.023435
21116.31055 0.023111
21116.64062 0.022743
21116.97070 0.022377
21117.31055 0.022009
21117.64062 0.021643
21117.97070 0.021275
21118.31055 0.021376
21118.64062 0.021514
21118.97070 0.021654
21119.31055 0.021793
21119.64062 0.021933
21119.97070 0.022072
21120.31055 0.022083
21120.64062 0.022082
21120.97070 0.022082
21121.31055 0.022082
21121.64062 0.022081
21121.97070 0.022081
21122.30078 0.022145
21122.64062 0.022216
21122.97070 0.022286
21123.30078 0.022356
21123.64062 0.022427
21123.97070 0.022497
21124.30078 0.022669
21124.64062 0.022852
21124.97070 0.023033
21125.30078 0.023215
21125.64062 0.023398
21125.97070 0.023579
21126.30078 0.023667
21126.64062 0.023744
21126.97070 0.023823
21127.30078 0.023901
21127.64062 0.023979
21127.97070 0.024057
21128.30078 0.024275
21128.64062 0.024504
21128.97070 0.024735
21129.30078 0.024965
21129.64062 0.025195
21129.97070 0.025425
21130.30078 0.025405
21130.64062 0.02536
21130.97070 0.025314
21131.30078 0.02527
21131.64062 0.025224
21131.97070 0.025179
21132.30078 0.025149
21132.64062 0.025119
21132.97070 0.025089
21133.30078 0.02506
21133.64062 0.02503
21133.97070 0.025001
21134.30078 0.024926
21134.64062 0.024848
21134.97070 0.024769
21135.30078 0.02469
21135.64062 0.024612
21135.97070 0.024533
21136.30078 0.024467
21136.64062 0.024403
21136.97070 0.024338
21137.30078 0.024273
21137.64062 0.024208
21137.97070 0.024143
21138.30078 0.024059
21138.64062 0.023973
21138.97070 0.023888
21139.30078 0.023802
21139.64062 0.023716
21139.97070 0.02363
21140.30078 0.023905
21140.64062 0.024214
21140.97070 0.024523
21141.31055 0.024833
21141.64062 0.02514
21141.97070 0.02545
21142.31055 0.025535
21142.64062 0.0256
21142.97070 0.025665
21143.31055 0.025731
21143.64062 0.025796
21143.97070 0.025862
21144.31055 0.025872
21144.64062 0.025879
21144.97070 0.025885
21145.31055 0.025891
21145.64062 0.025897
21145.97070 0.025903
21146.31055 0.02595
21146.64062 0.026001
21146.98047 0.026051
21147.31055 0.026101
21147.64062 0.026151
21147.98047 0.026201
21148.31055 0.026355
21148.64062 0.026517
21148.98047 0.026679
21149.31055 0.02684
21149.64062 0.027002
21149.98047 0.027164
21150.31055 0.027097
21150.65039 0.027015
21150.98047 0.026934
21151.31055 0.026852
21151.65039 0.02677
21151.98047 0.026688
21152.31055 0.026774
21152.65039 0.02687
21152.98047 0.026966
21153.31055 0.027063
21153.65039 0.02716
21153.98047 0.027256
21154.32031 0.027071
21154.65039 0.026871
21154.98047 0.02667
21155.32031 0.026471
21155.65039 0.02627
21155.98047 0.02607
21156.32031 0.026301
21156.65039 0.026553
21156.99023 0.026805
21157.32031 0.027057
21157.65039 0.027308
21157.99023 0.02756
21158.32031 0.027739
21158.65039 0.027914
21158.99023 0.028089
21159.32031 0.028264
21159.66016 0.028439
21159.99023 0.028614
21160.32031 0.028682
21160.66016 0.028746
21160.99023 0.028811
21161.32031 0.028875
21161.66016 0.02894
21161.99023 0.029005
21162.33008 0.02896
21162.66016 0.028914
21162.99023 0.028867
21163.33008 0.02882
21163.66016 0.028774
21164.00000 0.028727
21164.33008 0.028729
21164.66016 0.028731
21165.00000 0.028733
21165.33008 0.028735
21165.66016 0.028737
21166.00000 0.02874
21166.33008 0.028897
21166.66992 0.029055
21167.00000 0.029213
21167.33008 0.029371
21167.66992 0.029529
21168.00000 0.029686
21168.33984 0.029683
21168.66992 0.02968
21169.00000 0.029678
21169.33984 0.029675
21169.66992 0.029672
21170.00977 0.029669
21170.33984 0.029669
21170.66992 0.029668
21171.00977 0.029668
21171.33984 0.029667
21171.67969 0.029666
21172.00977 0.029671
21172.33984 0.029843
21172.67969 0.030015
21173.00977 0.030187
21173.34961 0.030359
21173.67969 0.030531
21174.00977 0.03069
21174.34961 0.030549
21174.67969 0.030407
21175.01953 0.030265
21175.34961 0.030123
21175.67969 0.029982
21176.01953 0.029852
21176.34961 0.029938
21176.68945 0.030024
21177.01953 0.03011
21177.34961 0.030196
21177.68945 0.030282
21178.01953 0.030368
21178.35938 0.03047
21178.68945 0.030571
21179.01953 0.030673
21179.35938 0.030774
21179.68945 0.030875
21180.02930 0.030965
21180.35938 0.030912
21180.69922 0.030858
21181.02930 0.030805
21181.35938 0.030752
21181.69922 0.030699
21182.02930 0.030664
21182.36914 0.030811
21182.69922 0.030958
21183.02930 0.031104
21183.36914 0.031251
21183.69922 0.031398
21184.03906 0.031554
21184.36914 0.031796
21184.69922 0.032038
21185.03906 0.032281
21185.36914 0.032523
21185.71094 0.032765
21186.03906 0.032956
21186.36914 0.032785
21186.71094 0.032614
21187.03906 0.032443
21187.38086 0.032273
21187.71094 0.032102
21188.05078 0.031998
21188.38086 0.03231
21188.71094 0.032621
21189.05078 0.032933
21189.38086 0.033245
21189.72070 0.033557
21190.05078 0.033778
21190.39062 0.033493
21190.72070 0.033209
21191.05078 0.032925
21191.39062 0.032641
21191.72070 0.032357
21192.06055 0.032186
21192.39062 0.03257
21192.73047 0.032956
21193.06055 0.03334
21193.39062 0.033724
21193.73047 0.034108
21194.06055 0.0344
21194.40039 0.034296
21194.73047 0.034191
21195.07031 0.034087
21195.40039 0.033982
21195.73047 0.033878
21196.07031 0.033836
21196.40039 0.034041
21196.74023 0.034244
21197.07031 0.034447
21197.41016 0.03465
21197.74023 0.034853
21198.08008 0.035027
21198.41016 0.035099
21198.74023 0.03517
21199.08008 0.035241
21199.41016 0.035313
21199.75000 0.035384
21200.08008 0.035429
21200.41992 0.035393
21200.75000 0.035357
21201.08008 0.03532
21201.41992 0.035284
21201.75000 0.035248
21202.08984 0.03525
21202.41992 0.035361
21202.75977 0.035473
21203.08984 0.035584
21203.42969 0.035695
21203.75977 0.035806
21204.09961 0.035955
21204.42969 0.036198
21204.75977 0.036441
21205.09961 0.036683
21205.42969 0.036927
21205.76953 0.03717
21206.09961 0.037303
21206.43945 0.037185
21206.76953 0.037066
21207.10938 0.036947
21207.43945 0.036829
21207.77930 0.036709
21208.10938 0.036636
21208.43945 0.036657
21208.77930 0.036677
21209.10938 0.036698
21209.44922 0.036718
21209.77930 0.036738
21210.11914 0.036815
21210.44922 0.036997
21210.78906 0.037178
21211.11914 0.03736
21211.46094 0.037542
21211.78906 0.037723
21212.11914 0.037853
21212.46094 0.037894
21212.78906 0.037935
21213.13086 0.037977
21213.46094 0.038018
21213.80078 0.038059
21214.13086 0.038117
21214.47070 0.038199
21214.80078 0.038282
21215.13086 0.038364
21215.47070 0.038447
21215.80078 0.038529
21216.14062 0.038621
21216.47070 0.038725
21216.81055 0.03883
21217.14062 0.038935
21217.48047 0.03904
21217.81055 0.039144
21218.15039 0.039144
21218.48047 0.03901
21218.82031 0.038877
21219.15039 0.038743
21219.49023 0.038609
21219.82031 0.038475
21220.16016 0.038526
21220.49023 0.038786
21220.83008 0.039047
21221.16016 0.039307
21221.49023 0.039566
21221.83008 0.039828
21222.16016 0.040029
21222.50000 0.040169
21222.83008 0.040309
21223.16992 0.040449
21223.50000 0.04059
21223.83984 0.04073
21224.16992 0.040851
21224.50977 0.040954
21224.83984 0.041057
21225.17969 0.04116
21225.50977 0.041262
21225.84961 0.041365
21226.17969 0.0414
21226.51953 0.041378
21226.84961 0.041356
21227.18945 0.041334
21227.51953 0.041312
21227.85938 0.04129
21228.18945 0.041409
21228.52930 0.041633
21228.85938 0.041858
21229.19922 0.042082
21229.52930 0.042307
21229.86914 0.042532
21230.19922 0.042519
21230.53906 0.042348
21230.86914 0.042176
21231.21094 0.042005
21231.53906 0.041833
21231.86914 0.041662
21232.21094 0.041732
21232.53906 0.041948
21232.88086 0.042163
21233.21094 0.042379
21233.55078 0.042594
21233.88086 0.04281
21234.22070 0.042826
21234.55078 0.042737
21234.89062 0.042648
21235.22070 0.042559
21235.56055 0.04247
21235.89062 0.042381
21236.23047 0.042545
21236.56055 0.042827
21236.90039 0.043107
21237.23047 0.043388
21237.57031 0.04367
21237.90039 0.04395
21238.24023 0.044118
21238.57031 0.04424
21238.91016 0.044362
21239.24023 0.044484
21239.58008 0.044606
21239.91016 0.044728
21240.25000 0.04467
21240.58008 0.044549
21240.91992 0.044428
21241.25000 0.044308
21241.58984 0.044187
21241.92969 0.044067
21242.25977 0.044232
21242.59961 0.044479
21242.92969 0.044726
21243.26953 0.044974
21243.59961 0.04522
21243.93945 0.045468
21244.26953 0.045624
21244.60938 0.045758
21244.93945 0.045892
21245.27930 0.046026
21245.60938 0.04616
21245.94922 0.046293
21246.27930 0.046362
21246.61914 0.046419
21246.94922 0.046475
21247.28906 0.046532
21247.61914 0.046588
21247.96094 0.046645
21248.28906 0.046808
21248.63086 0.046985
21248.96094 0.047163
21249.30078 0.047342
21249.63086 0.047519
21249.97070 0.047697
21250.30078 0.047712
21250.64062 0.04771
21250.97070 0.047709
21251.31055 0.047707
21251.64062 0.047705
21251.98047 0.047703
21252.31055 0.047708
21252.65039 0.047713
21252.98047 0.047718
21253.32031 0.047722
21253.66016 0.047727
21253.99023 0.047732
21254.33008 0.047771
