threeML/data/optical_filters/HST/NICMOS2-POL240L.ecsv
# %ECSV 0.9
# ---
# datatype:
# - {name: wavelength, unit: Angstrom, datatype: float32}
# - {name: response, datatype: float32}
# meta: !!omap
# - {band_name: POL240L}
# - {group_name: NICMOS2}
wavelength response
[from data line 6127]
20728.28906 0.152448
20728.69922 0.152474
20729.11914 0.1525
20729.53906 0.152526
20729.94922 0.152552
20730.36914 0.152565
20730.77930 0.152578
20731.19922 0.15259
20731.60938 0.152602
20732.02930 0.152614
20732.43945 0.152627
20732.85938 0.152639
20733.26953 0.152651
20733.68945 0.152663
20734.10938 0.152676
20734.51953 0.152688
20734.93945 0.1527
20735.34961 0.152714
20735.76953 0.152728
20736.17969 0.152743
20736.59961 0.152757
20737.00977 0.152771
20737.42969 0.152786
20737.84961 0.1528
20738.25977 0.152814
20738.67969 0.152829
20739.08984 0.152843
20739.50977 0.152857
20739.91992 0.152872
20740.33984 0.15288
20740.75977 0.152887
20741.16992 0.152894
20741.58984 0.152901
20742.00000 0.152908
20742.41992 0.152915
20742.83008 0.152922
20743.25000 0.152929
20743.66016 0.152937
20744.08008 0.152944
20744.50000 0.152951
20744.91016 0.152958
20745.33008 0.152972
20745.74023 0.152988
20746.16016 0.153004
20746.58008 0.15302
20746.99023 0.153036
20747.41016 0.153052
20747.82031 0.153068
20748.24023 0.153084
20748.65039 0.1531
20749.07031 0.153116
20749.49023 0.153132
20749.90039 0.153148
20750.32031 0.153148
20750.73047 0.153142
20751.15039 0.153137
20751.56055 0.153131
20751.98047 0.153126
20752.40039 0.15312
20752.81055 0.153115
20753.23047 0.153109
20753.64062 0.153104
20754.06055 0.153098
20754.48047 0.153093
20754.89062 0.153087
20755.31055 0.153079
20755.72070 0.15307
20756.14062 0.15306
20756.56055 0.153051
20756.97070 0.153042
20757.39062 0.153032
20757.80078 0.153023
20758.22070 0.153014
20758.64062 0.153004
20759.05078 0.152995
20759.47070 0.152986
20759.88086 0.152976
20760.30078 0.152967
20760.72070 0.152957
20761.13086 0.152948
20761.55078 0.152938
20761.96094 0.152929
20762.38086 0.152919
20762.80078 0.15291
20763.21094 0.1529
20763.63086 0.152891
20764.03906 0.152881
20764.46094 0.152872
20764.88086 0.152862
20765.28906 0.152848
20765.71094 0.152833
20766.13086 0.152817
20766.53906 0.152801
20766.96094 0.152785
20767.38086 0.15277
20767.78906 0.152754
20768.21094 0.152738
20768.61914 0.152723
20769.03906 0.152707
20769.46094 0.152691
20769.86914 0.152675
20770.28906 0.152662
20770.71094 0.152649
20771.11914 0.152637
20771.53906 0.152624
20771.94922 0.152612
20772.36914 0.152599
20772.78906 0.152586
20773.19922 0.152574
20773.61914 0.152561
20774.03906 0.152549
20774.44922 0.152536
20774.86914 0.152524
20775.28906 0.1525
20775.69922 0.152471
20776.11914 0.152442
20776.52930 0.152413
20776.94922 0.152384
20777.36914 0.152355
20777.77930 0.152326
20778.19922 0.152298
20778.61914 0.152269
20779.02930 0.15224
20779.44922 0.152211
20779.86914 0.152182
20780.27930 0.152143
20780.69922 0.152098
20781.11914 0.152054
20781.52930 0.15201
20781.94922 0.151966
20782.35938 0.151922
20782.77930 0.151878
20783.19922 0.151834
20783.60938 0.151789
20784.02930 0.151745
20784.44922 0.151701
20784.85938 0.151657
20785.27930 0.151614
20785.69922 0.151572
20786.10938 0.15153
20786.52930 0.151488
20786.94922 0.151447
20787.35938 0.151404
20787.77930 0.151363
20788.19922 0.151321
20788.60938 0.151279
20789.02930 0.151237
20789.44922 0.151195
20789.85938 0.151153
20790.27930 0.151109
20790.69922 0.151064
20791.10938 0.151019
20791.52930 0.150974
20791.94922 0.150928
20792.35938 0.150883
20792.77930 0.150838
20793.19922 0.150793
20793.60938 0.150748
20794.02930 0.150703
20794.44922 0.150658
20794.85938 0.150612
20795.27930 0.15056
20795.69922 0.150504
20796.10938 0.150447
20796.52930 0.150391
20796.94922 0.150335
20797.35938 0.150279
20797.77930 0.150222
20798.19922 0.150166
20798.60938 0.15011
20799.02930 0.150053
20799.44922 0.149997
20799.86914 0.14994
20800.27930 0.149881
20800.69922 0.149821
20801.11914 0.14976
20801.52930 0.1497
20801.94922 0.14964
20802.36914 0.149579
20802.77930 0.149519
20803.19922 0.149458
20803.61914 0.149398
20804.02930 0.149337
20804.44922 0.149277
20804.86914 0.149216
20805.28906 0.149152
20805.69922 0.149087
20806.11914 0.149022
20806.53906 0.148957
20806.94922 0.148892
20807.36914 0.148827
20807.78906 0.148761
20808.19922 0.148696
20808.61914 0.148631
20809.03906 0.148565
20809.46094 0.1485
20809.86914 0.148435
20810.28906 0.148363
20810.71094 0.148289
20811.11914 0.148215
20811.53906 0.148141
20811.96094 0.148067
20812.36914 0.147993
20812.78906 0.147919
20813.21094 0.147844
20813.61914 0.14777
20814.03906 0.147696
20814.46094 0.147622
20814.88086 0.147548
20815.28906 0.147457
20815.71094 0.14736
20816.13086 0.147262
20816.53906 0.147165
20816.96094 0.147067
20817.38086 0.14697
20817.80078 0.146872
20818.21094 0.146774
20818.63086 0.146677
20819.05078 0.146579
20819.47070 0.146481
20819.88086 0.146384
20820.30078 0.146286
20820.72070 0.146188
20821.13086 0.14609
20821.55078 0.145992
20821.97070 0.145894
20822.39062 0.145796
20822.80078 0.145698
20823.22070 0.1456
20823.64062 0.145502
20824.06055 0.145403
20824.47070 0.145305
20824.89062 0.145207
20825.31055 0.145097
20825.72070 0.144984
20826.14062 0.144871
20826.56055 0.144757
20826.98047 0.144643
20827.39062 0.14453
20827.81055 0.144417
20828.23047 0.144303
20828.65039 0.144189
20829.06055 0.144076
20829.48047 0.143962
20829.90039 0.143848
20830.32031 0.143736
20830.73047 0.143624
20831.15039 0.143512
20831.57031 0.1434
20831.99023 0.143288
20832.40039 0.143176
20832.82031 0.143064
20833.24023 0.142952
20833.66016 0.14284
20834.07031 0.142728
20834.49023 0.142616
20834.91016 0.142503
20835.33008 0.142371
20835.74023 0.142235
20836.16016 0.142097
20836.58008 0.14196
20837.00000 0.141822
20837.41992 0.141684
20837.83008 0.141548
20838.25000 0.14141
20838.66992 0.141272
20839.08984 0.141135
20839.50000 0.140997
20839.91992 0.140859
20840.33984 0.140731
20840.75977 0.140604
20841.16992 0.140477
20841.58984 0.14035
20842.00977 0.140223
20842.42969 0.140096
20842.84961 0.139969
20843.25977 0.139843
20843.67969 0.139716
20844.09961 0.139589
20844.51953 0.139461
20844.92969 0.139334
20845.34961 0.139191
20845.76953 0.139044
20846.18945 0.138897
20846.60938 0.13875
20847.01953 0.138603
20847.43945 0.138457
20847.85938 0.13831
20848.27930 0.138163
20848.68945 0.138016
20849.10938 0.137869
20849.52930 0.137721
20849.94922 0.137574
20850.36914 0.137413
20850.77930 0.13725
20851.19922 0.137087
20851.61914 0.136923
20852.03906 0.13676
20852.46094 0.136597
20852.86914 0.136433
20853.28906 0.13627
20853.71094 0.136106
20854.13086 0.135943
20854.53906 0.135779
20854.96094 0.135616
20855.38086 0.135444
20855.80078 0.135272
20856.22070 0.135099
20856.63086 0.134927
20857.05078 0.134754
20857.47070 0.134581
20857.89062 0.134409
20858.31055 0.134236
20858.72070 0.134063
20859.14062 0.13389
20859.56055 0.133717
20859.98047 0.133545
20860.40039 0.133382
20860.81055 0.133221
20861.23047 0.133059
20861.65039 0.132898
20862.07031 0.132736
20862.49023 0.132575
20862.90039 0.132413
20863.32031 0.132251
20863.74023 0.132089
20864.16016 0.131927
20864.58008 0.131765
20865.00000 0.131604
20865.41016 0.131417
20865.83008 0.13123
20866.25000 0.131044
20866.66992 0.130857
20867.08984 0.13067
20867.50000 0.130484
20867.91992 0.130296
20868.33984 0.130109
20868.75977 0.129922
20869.17969 0.129735
20869.59961 0.129548
20870.00977 0.129361
20870.42969 0.129182
20870.84961 0.129001
20871.26953 0.128821
20871.68945 0.128641
20872.10938 0.128461
20872.51953 0.12828
20872.93945 0.1281
20873.35938 0.127919
20873.77930 0.127739
20874.19922 0.127559
20874.61914 0.127378
20875.02930 0.127196
20875.44922 0.126988
20875.86914 0.126782
20876.28906 0.126575
20876.71094 0.126368
20877.11914 0.126161
20877.53906 0.125953
20877.96094 0.125746
20878.38086 0.125539
20878.80078 0.125332
20879.22070 0.125124
20879.64062 0.124917
20880.05078 0.12471
20880.47070 0.1245
20880.89062 0.124289
20881.31055 0.124079
20881.73047 0.123869
20882.15039 0.123659
20882.57031 0.123448
20882.98047 0.123237
20883.40039 0.123027
20883.82031 0.122816
20884.24023 0.122606
20884.66016 0.122395
20885.08008 0.122182
20885.50000 0.121958
20885.91016 0.121734
20886.33008 0.121511
20886.75000 0.121286
20887.16992 0.121062
20887.58984 0.120839
20888.00977 0.120614
20888.42969 0.12039
20888.83984 0.120166
20889.25977 0.119941
20889.67969 0.119717
20890.09961 0.119496
20890.51953 0.119281
20890.93945 0.119068
20891.35938 0.118853
20891.77930 0.118639
20892.18945 0.118426
20892.60938 0.118211
20893.02930 0.117998
20893.44922 0.117784
20893.86914 0.117569
20894.28906 0.117355
20894.71094 0.11714
20895.13086 0.116925
20895.53906 0.116708
20895.96094 0.116489
20896.38086 0.116271
20896.80078 0.116053
20897.22070 0.115835
20897.64062 0.115616
20898.06055 0.115398
20898.47070 0.11518
20898.89062 0.114961
20899.31055 0.114743
20899.73047 0.114524
20900.15039 0.114302
20900.57031 0.114071
20900.99023 0.113841
20901.41016 0.11361
20901.83008 0.11338
20902.25000 0.113149
20902.66016 0.112919
20903.08008 0.112688
20903.50000 0.112458
20903.91992 0.112227
20904.33984 0.111997
20904.75977 0.111765
20905.17969 0.111537
20905.59961 0.11131
20906.01953 0.111085
20906.43945 0.110858
20906.84961 0.110632
20907.26953 0.110405
20907.68945 0.110179
20908.10938 0.109952
20908.52930 0.109726
20908.94922 0.109499
20909.36914 0.109273
20909.78906 0.109046
20910.21094 0.108812
20910.61914 0.10857
20911.03906 0.108328
20911.46094 0.108087
20911.88086 0.107845
20912.30078 0.107604
20912.72070 0.107362
20913.14062 0.107119
20913.56055 0.106878
20913.98047 0.106636
20914.40039 0.106395
20914.82031 0.106152
20915.24023 0.105909
20915.65039 0.105666
20916.07031 0.105422
20916.49023 0.10518
20916.91016 0.104936
20917.33008 0.104692
20917.75000 0.104449
20918.16992 0.104205
20918.58984 0.103961
20919.00977 0.103718
20919.42969 0.103473
20919.84961 0.103229
20920.26953 0.102986
20920.68945 0.102743
20921.10938 0.102499
20921.51953 0.102257
20921.93945 0.102013
20922.35938 0.101769
20922.77930 0.101526
20923.19922 0.101282
20923.61914 0.101038
20924.03906 0.100795
20924.46094 0.100551
20924.88086 0.100307
20925.30078 0.100066
20925.72070 0.099828
20926.14062 0.099589
20926.56055 0.099349
20926.97070 0.099111
20927.39062 0.098871
20927.81055 0.098632
20928.23047 0.098392
20928.65039 0.098154
20929.07031 0.097914
20929.49023 0.097675
20929.91016 0.097435
20930.33008 0.097198
20930.75000 0.09696
20931.16992 0.096723
20931.58984 0.096485
20932.00977 0.096247
20932.42969 0.096011
20932.84961 0.095773
20933.26953 0.095535
20933.68945 0.095297
20934.10938 0.095059
20934.52930 0.094822
20934.94922 0.094584
20935.36914 0.094349
20935.78906 0.094114
20936.21094 0.093879
20936.61914 0.093645
20937.03906 0.09341
20937.46094 0.093175
20937.88086 0.09294
20938.30078 0.092705
20938.72070 0.09247
20939.14062 0.092235
20939.56055 0.092001
20939.98047 0.091765
20940.40039 0.091524
20940.82031 0.091282
20941.24023 0.09104
20941.66016 0.090799
20942.08008 0.090557
20942.50000 0.090315
20942.91992 0.090074
20943.33984 0.089832
20943.75977 0.08959
20944.17969 0.089348
20944.59961 0.089106
20945.01953 0.088864
20945.43945 0.088623
20945.85938 0.088383
20946.27930 0.088142
20946.69922 0.087902
20947.11914 0.087661
20947.53906 0.08742
20947.96094 0.087179
20948.38086 0.08694
20948.78906 0.086699
20949.21094 0.086458
20949.63086 0.086217
20950.05078 0.085975
20950.47070 0.085732
20950.89062 0.085488
20951.31055 0.085245
20951.73047 0.085001
20952.15039 0.084758
20952.57031 0.084514
20952.99023 0.08427
20953.41016 0.084026
20953.83008 0.083783
20954.25000 0.083539
20954.66992 0.083295
20955.08984 0.083054
20955.50977 0.082823
20955.92969 0.082592
20956.34961 0.082361
20956.76953 0.082131
20957.18945 0.0819
20957.61914 0.081668
20958.03906 0.081437
20958.46094 0.081206
20958.86914 0.080974
20959.28906 0.080743
20959.71094 0.080512
20960.13086 0.080284
20960.55078 0.080063
20960.97070 0.079842
20961.39062 0.079621
20961.81055 0.0794
20962.23047 0.079179
20962.65039 0.078958
20963.08008 0.078736
20963.50000 0.078515
20963.91992 0.078294
20964.33984 0.078072
20964.75977 0.077851
20965.17969 0.077627
20965.59961 0.0774
20966.01953 0.077172
20966.43945 0.076945
20966.85938 0.076716
20967.27930 0.076489
20967.69922 0.076261
20968.11914 0.076033
20968.53906 0.075806
20968.96094 0.075578
20969.38086 0.075349
20969.80078 0.075121
20970.22070 0.074902
20970.64062 0.074691
20971.06055 0.07448
20971.48047 0.074269
20971.90039 0.074056
20972.32031 0.073845
20972.74023 0.073634
20973.16016 0.073422
20973.58008 0.073211
20974.00000 0.072998
20974.41992 0.072787
20974.83984 0.072575
20975.25977 0.072358
20975.67969 0.072135
20976.09961 0.071913
20976.51953 0.071691
20976.93945 0.07147
20977.36914 0.071247
20977.78906 0.071025
20978.21094 0.070803
20978.63086 0.070581
20979.05078 0.070358
20979.47070 0.070136
20979.89062 0.069914
20980.31055 0.069688
20980.73047 0.06946
20981.15039 0.069233
20981.57031 0.069006
20981.99023 0.068777
20982.41016 0.06855
20982.83008 0.068323
20983.25000 0.068094
20983.66992 0.067867
20984.08984 0.067639
20984.50977 0.067412
20984.92969 0.067183
20985.34961 0.066969
20985.76953 0.066757
20986.19922 0.066544
20986.61914 0.066332
20987.03906 0.066119
20987.46094 0.065906
20987.88086 0.065694
20988.30078 0.06548
20988.72070 0.065268
20989.14062 0.065056
20989.56055 0.064842
20989.98047 0.06463
20990.40039 0.064441
20990.82031 0.064253
20991.24023 0.064065
20991.66016 0.063877
20992.08008 0.063689
20992.50000 0.063501
20992.92969 0.063313
20993.34961 0.063125
20993.76953 0.062936
20994.18945 0.062749
20994.60938 0.06256
20995.02930 0.062372
20995.44922 0.062179
20995.86914 0.061985
20996.28906 0.061792
20996.71094 0.061598
20997.13086 0.061404
20997.55078 0.06121
20997.97070 0.061017
20998.40039 0.060823
20998.82031 0.06063
20999.24023 0.060436
20999.66016 0.060242
21000.08008 0.060048
21000.50000 0.059851
21000.91992 0.059656
21001.33984 0.059459
21001.75977 0.059263
21002.17969 0.059067
21002.59961 0.058871
21003.02930 0.058674
21003.44922 0.058478
21003.86914 0.058282
21004.28906 0.058085
21004.71094 0.057889
21005.13086 0.057695
21005.55078 0.057508
21005.97070 0.057319
21006.39062 0.057132
21006.81055 0.056943
21007.23047 0.056756
21007.66016 0.056567
21008.08008 0.05638
21008.50000 0.056191
21008.91992 0.056003
21009.33984 0.055815
21009.75977 0.055627
21010.17969 0.055439
21010.59961 0.055251
21011.02930 0.055062
21011.44922 0.054874
21011.86914 0.054686
21012.28906 0.054498
21012.71094 0.054309
21013.13086 0.054121
21013.55078 0.053933
21013.97070 0.053744
21014.39062 0.053557
21014.81055 0.053368
21015.24023 0.053181
21015.66016 0.052995
21016.08008 0.052808
21016.50000 0.052622
21016.91992 0.052436
21017.33984 0.05225
21017.75977 0.052063
21018.17969 0.051878
21018.60938 0.051691
21019.02930 0.051505
21019.44922 0.051319
21019.86914 0.051133
21020.28906 0.050958
21020.71094 0.050791
21021.13086 0.050622
21021.55078 0.050454
21021.97070 0.050286
21022.40039 0.050117
21022.82031 0.049949
21023.24023 0.04978
21023.66016 0.049612
21024.08008 0.049444
21024.50000 0.049275
21024.92969 0.049106
21025.34961 0.048947
21025.76953 0.048789
21026.18945 0.04863
21026.60938 0.048472
21027.02930 0.048314
21027.44922 0.048156
21027.88086 0.047997
21028.30078 0.047839
21028.72070 0.047681
21029.14062 0.047523
21029.56055 0.047364
21029.98047 0.047206
21030.40039 0.047047
21030.82031 0.046889
21031.25000 0.04673
21031.66992 0.046571
21032.08984 0.046412
21032.50977 0.046253
21032.92969 0.046095
21033.34961 0.045936
21033.77930 0.045777
21034.19922 0.045618
21034.61914 0.045459
21035.03906 0.045301
21035.46094 0.045154
21035.88086 0.045006
21036.30078 0.044858
21036.73047 0.04471
21037.15039 0.044562
21037.57031 0.044414
21037.99023 0.044265
21038.41016 0.044118
21038.83008 0.04397
21039.25977 0.043822
21039.67969 0.043674
21040.09961 0.043523
21040.51953 0.043363
21040.93945 0.043203
21041.36914 0.043043
21041.78906 0.042883
21042.21094 0.042723
21042.63086 0.042564
21043.05078 0.042404
21043.47070 0.042244
21043.89062 0.042085
21044.32031 0.041925
21044.74023 0.041765
21045.16016 0.04161
21045.58008 0.041462
21046.00000 0.041315
21046.42969 0.041168
21046.84961 0.041021
21047.26953 0.040874
21047.68945 0.040727
21048.10938 0.04058
21048.53906 0.040432
