threeML/data/optical_filters/HST/NICMOS1-F170M.ecsv
# %ECSV 0.9
# ---
# datatype:
# - {name: wavelength, unit: Angstrom, datatype: float32}
# - {name: response, datatype: float32}
# meta: !!omap
# - {band_name: F170M}
# - {group_name: NICMOS1}
wavelength response
[from data line 3064]
16834.72070 0.205055
16835.11914 0.205046
16835.50977 0.205038
16835.91016 0.205029
16836.31055 0.20502
16836.71094 0.205011
16837.09961 0.205002
16837.50000 0.204993
16837.90039 0.204984
16838.30078 0.204975
16838.69922 0.204966
16839.09961 0.204957
16839.49023 0.204949
16839.89062 0.204939
16840.28906 0.204934
16840.68945 0.204931
16841.08984 0.204927
16841.48047 0.204923
16841.88086 0.20492
16842.27930 0.204916
16842.67969 0.204912
16843.08008 0.204909
16843.47070 0.204905
16843.86914 0.204901
16844.26953 0.204897
16844.66992 0.204894
16845.07031 0.20489
16845.46094 0.204888
16845.85938 0.204886
16846.25977 0.204884
16846.66016 0.204882
16847.06055 0.20488
16847.46094 0.204878
16847.85938 0.204876
16848.25000 0.204874
16848.65039 0.204873
16849.05078 0.204871
16849.44922 0.204869
16849.84961 0.204867
16850.25000 0.204859
16850.64062 0.204847
16851.03906 0.204836
16851.43945 0.204825
16851.83984 0.204814
16852.24023 0.204802
16852.63086 0.204791
16853.02930 0.20478
16853.42969 0.204768
16853.83008 0.204757
16854.23047 0.204746
16854.63086 0.204735
16855.02930 0.204724
16855.41992 0.20473
16855.82031 0.204735
16856.22070 0.20474
16856.61914 0.204745
16857.01953 0.204751
16857.41992 0.204756
16857.82031 0.204761
16858.21094 0.204766
16858.60938 0.204772
16859.00977 0.204777
16859.41016 0.204782
16859.81055 0.204787
16860.21094 0.204784
16860.60938 0.204772
16861.00000 0.20476
16861.40039 0.204749
16861.80078 0.204737
16862.19922 0.204725
16862.59961 0.204714
16863.00000 0.204702
16863.40039 0.20469
16863.78906 0.204678
16864.18945 0.204667
16864.58984 0.204655
16864.99023 0.204643
16865.39062 0.204644
16865.78906 0.204644
16866.18945 0.204645
16866.58984 0.204645
16866.98047 0.204646
16867.38086 0.204647
16867.77930 0.204647
16868.17969 0.204648
16868.58008 0.204648
16868.98047 0.204649
16869.38086 0.204649
16869.77930 0.20465
16870.17969 0.20465
16870.57031 0.204649
16870.97070 0.204648
16871.36914 0.204647
16871.76953 0.204646
16872.16992 0.204645
16872.57031 0.204644
16872.97070 0.204643
16873.36914 0.204642
16873.76953 0.204641
16874.16016 0.20464
16874.56055 0.204639
16874.96094 0.204638
16875.35938 0.204634
16875.75977 0.20463
16876.16016 0.204625
16876.56055 0.204621
16876.96094 0.204616
16877.35938 0.204612
16877.75000 0.204607
16878.15039 0.204603
16878.55078 0.204598
16878.94922 0.204594
16879.34961 0.204589
16879.75000 0.204585
16880.15039 0.204583
16880.55078 0.204583
16880.94922 0.204584
16881.34961 0.204585
16881.75000 0.204586
16882.14062 0.204586
16882.53906 0.204587
16882.93945 0.204588
16883.33984 0.204589
16883.74023 0.20459
16884.14062 0.20459
16884.53906 0.204591
16884.93945 0.204592
16885.33984 0.204593
16885.74023 0.204594
16886.14062 0.204595
16886.53906 0.204596
16886.92969 0.204597
16887.33008 0.204599
16887.73047 0.2046
16888.13086 0.204601
16888.52930 0.204602
16888.92969 0.204603
16889.33008 0.204604
16889.73047 0.204605
16890.13086 0.204609
16890.52930 0.204618
16890.92969 0.204627
16891.33008 0.204636
16891.73047 0.204645
16892.11914 0.204654
16892.52930 0.204663
16892.91992 0.204672
16893.32031 0.204681
16893.72070 0.20469
16894.11914 0.2047
16894.51953 0.204708
16894.91992 0.204717
16895.32031 0.204721
16895.72070 0.204724
16896.11914 0.204726
16896.51953 0.204728
16896.91992 0.204731
16897.32031 0.204733
16897.72070 0.204735
16898.11914 0.204737
16898.51953 0.20474
16898.91992 0.204742
16899.31055 0.204744
16899.71094 0.204747
16900.10938 0.204749
16900.50977 0.20475
16900.91016 0.204751
16901.31055 0.204753
16901.71094 0.204754
16902.10938 0.204755
16902.50977 0.204757
16902.91016 0.204758
16903.31055 0.204759
16903.71094 0.204761
16904.10938 0.204762
16904.50977 0.204763
16904.91016 0.204764
16905.31055 0.204766
16905.71094 0.204768
16906.10938 0.20477
16906.50977 0.204772
16906.91016 0.204774
16907.31055 0.204776
16907.71094 0.204778
16908.10938 0.20478
16908.50977 0.204782
16908.91016 0.204784
16909.31055 0.204786
16909.71094 0.204788
16910.10938 0.204791
16910.50977 0.204798
16910.90039 0.204806
16911.30078 0.204813
16911.71094 0.20482
16912.10938 0.204828
16912.50000 0.204835
16912.90039 0.204843
16913.30078 0.20485
16913.69922 0.204857
16914.09961 0.204865
16914.50000 0.204872
16914.90039 0.204879
16915.30078 0.204889
16915.69922 0.204899
16916.09961 0.204909
16916.50000 0.20492
16916.90039 0.20493
16917.30078 0.20494
16917.69922 0.20495
16918.09961 0.20496
16918.50000 0.204971
16918.90039 0.204981
16919.30078 0.204991
16919.69922 0.205001
16920.09961 0.205012
16920.50000 0.205022
16920.90039 0.205033
16921.30078 0.205043
16921.69922 0.205054
16922.09961 0.205065
16922.50000 0.205075
16922.90039 0.205086
16923.30078 0.205096
16923.69922 0.205107
16924.09961 0.205118
16924.50000 0.205128
16924.90039 0.205139
16925.30078 0.20514
16925.69922 0.205138
16926.09961 0.205136
16926.50000 0.205134
16926.90039 0.205132
16927.30078 0.20513
16927.71094 0.205128
16928.10938 0.205125
16928.50977 0.205123
16928.91016 0.205121
16929.31055 0.205119
16929.71094 0.205117
16930.10938 0.205119
16930.50977 0.205129
16930.91016 0.20514
16931.31055 0.205151
16931.71094 0.205162
16932.10938 0.205173
16932.50977 0.205184
16932.91016 0.205195
16933.31055 0.205206
16933.71094 0.205216
16934.10938 0.205227
16934.50977 0.205238
16934.91016 0.205249
16935.31055 0.205261
16935.71094 0.205274
16936.10938 0.205286
16936.50977 0.205299
16936.91016 0.205312
16937.31055 0.205324
16937.71094 0.205337
16938.10938 0.205349
16938.50977 0.205362
16938.91016 0.205375
16939.31055 0.205387
16939.71094 0.2054
16940.11914 0.205414
16940.51953 0.205432
16940.91992 0.20545
16941.32031 0.205469
16941.72070 0.205487
16942.11914 0.205505
16942.51953 0.205523
16942.91992 0.205541
16943.32031 0.20556
16943.72070 0.205578
16944.11914 0.205596
16944.51953 0.205614
16944.91992 0.205632
16945.32031 0.205643
16945.72070 0.205651
16946.11914 0.205659
16946.52930 0.205667
16946.92969 0.205675
16947.33008 0.205683
16947.73047 0.205691
16948.13086 0.205699
16948.52930 0.205707
16948.92969 0.205715
16949.33008 0.205723
16949.73047 0.205731
16950.13086 0.205743
16950.52930 0.205762
16950.92969 0.205781
16951.33008 0.205799
16951.73047 0.205818
16952.13086 0.205838
16952.53906 0.205856
16952.93945 0.205875
16953.33984 0.205894
16953.74023 0.205913
16954.14062 0.205932
16954.53906 0.205951
16954.93945 0.20597
16955.33984 0.205985
16955.74023 0.206001
16956.14062 0.206016
16956.53906 0.206031
16956.93945 0.206046
16957.34961 0.206061
16957.75000 0.206076
16958.15039 0.206091
16958.55078 0.206106
16958.94922 0.206122
16959.34961 0.206137
16959.75000 0.206152
16960.15039 0.206168
16960.55078 0.206185
16960.94922 0.206203
16961.35938 0.20622
16961.75977 0.206238
16962.16016 0.206255
16962.56055 0.206273
16962.96094 0.20629
16963.35938 0.206308
16963.75977 0.206325
16964.16016 0.206343
16964.56055 0.20636
16964.96094 0.206377
16965.36914 0.206398
16965.76953 0.206419
16966.16992 0.20644
16966.57031 0.206461
16966.97070 0.206483
16967.36914 0.206504
16967.76953 0.206525
16968.16992 0.206546
16968.57031 0.206567
16968.97070 0.206588
16969.38086 0.206609
16969.77930 0.20663
16970.17969 0.206649
16970.58008 0.206665
16970.98047 0.206681
16971.38086 0.206698
16971.77930 0.206714
16972.18945 0.20673
16972.58984 0.206747
16972.99023 0.206763
16973.39062 0.206779
16973.78906 0.206795
16974.18945 0.206812
16974.58984 0.206828
16974.99023 0.206844
16975.39062 0.20686
16975.80078 0.206876
16976.19922 0.206892
16976.59961 0.206908
16977.00000 0.206924
16977.40039 0.20694
16977.80078 0.206956
16978.21094 0.206972
16978.60938 0.206987
16979.00977 0.207004
16979.41016 0.207019
16979.81055 0.207035
16980.21094 0.207055
16980.60938 0.207079
16981.00977 0.207102
16981.41992 0.207126
16981.82031 0.207149
16982.22070 0.207173
16982.61914 0.207197
16983.01953 0.20722
16983.41992 0.207244
16983.82031 0.207267
16984.23047 0.207291
16984.63086 0.207314
16985.02930 0.207337
16985.42969 0.20735
16985.83008 0.207364
16986.23047 0.207377
16986.63086 0.20739
16987.03906 0.207404
16987.43945 0.207417
16987.83984 0.20743
16988.24023 0.207444
16988.64062 0.207457
16989.03906 0.20747
16989.44922 0.207484
16989.84961 0.207497
16990.25000 0.20752
16990.65039 0.207548
16991.05078 0.207577
16991.46094 0.207605
16991.85938 0.207634
16992.25977 0.207662
16992.66016 0.207691
16993.06055 0.207719
16993.46094 0.207748
16993.86914 0.207777
16994.26953 0.207805
16994.66992 0.207834
16995.07031 0.207861
16995.47070 0.207884
16995.88086 0.207908
16996.27930 0.207931
16996.67969 0.207954
16997.08008 0.207977
16997.48047 0.208
16997.88086 0.208024
16998.28906 0.208047
16998.68945 0.20807
16999.08984 0.208093
16999.49023 0.208117
16999.89062 0.20814
17000.28906 0.208152
17000.69922 0.208159
17001.09961 0.208167
17001.50000 0.208175
17001.90039 0.208182
17002.30078 0.20819
17002.71094 0.208198
17003.10938 0.208205
17003.50977 0.208213
17003.91016 0.208221
17004.31055 0.208228
17004.72070 0.208236
17005.11914 0.208244
17005.51953 0.208254
17005.91992 0.208263
17006.32031 0.208273
17006.73047 0.208282
17007.13086 0.208292
17007.52930 0.208302
17007.92969 0.208311
17008.33984 0.208321
17008.74023 0.20833
17009.14062 0.20834
17009.53906 0.208349
17009.93945 0.208359
17010.34961 0.208369
17010.75000 0.20838
17011.15039 0.20839
17011.55078 0.2084
17011.96094 0.208411
17012.35938 0.208421
17012.75977 0.208431
17013.16016 0.208442
17013.56055 0.208452
17013.96094 0.208463
17014.36914 0.208473
17014.76953 0.208483
17015.16992 0.208496
17015.57031 0.20851
17015.98047 0.208525
17016.38086 0.208539
17016.77930 0.208554
17017.17969 0.208569
17017.58984 0.208584
17017.99023 0.208598
17018.39062 0.208613
17018.78906 0.208628
17019.19922 0.208642
17019.59961 0.208657
17020.00000 0.208672
17020.40039 0.208681
17020.80078 0.20869
17021.21094 0.208699
17021.60938 0.208708
17022.00977 0.208717
17022.41016 0.208726
17022.82031 0.208735
17023.22070 0.208744
17023.61914 0.208753
17024.01953 0.208762
17024.42969 0.208771
17024.83008 0.20878
17025.23047 0.208789
17025.63086 0.208797
17026.03906 0.208805
17026.43945 0.208813
17026.83984 0.208821
17027.24023 0.208829
17027.65039 0.208837
17028.05078 0.208844
17028.44922 0.208852
17028.85938 0.208861
17029.25977 0.208869
17029.66016 0.208876
17030.06055 0.208885
17030.46094 0.208894
17030.86914 0.208904
17031.26953 0.208914
17031.66992 0.208924
17032.08008 0.208933
17032.48047 0.208943
17032.88086 0.208953
17033.27930 0.208963
17033.68945 0.208973
17034.08984 0.208982
17034.49023 0.208992
17034.89062 0.209002
17035.30078 0.209015
17035.69922 0.209029
17036.09961 0.209044
17036.50977 0.209058
17036.91016 0.209072
17037.31055 0.209086
17037.71094 0.209101
17038.11914 0.209115
17038.51953 0.209129
17038.91992 0.209144
17039.32031 0.209158
17039.73047 0.209172
17040.13086 0.209184
17040.52930 0.20919
17040.93945 0.209196
17041.33984 0.209203
17041.74023 0.209209
17042.14062 0.209215
17042.55078 0.209221
17042.94922 0.209227
17043.34961 0.209233
17043.75977 0.209239
17044.16016 0.209246
17044.56055 0.209252
17044.96094 0.209258
17045.36914 0.209277
17045.76953 0.209297
17046.16992 0.209317
17046.58008 0.209337
17046.98047 0.209358
17047.38086 0.209378
17047.78906 0.209398
17048.18945 0.209418
17048.58984 0.209438
17049.00000 0.209458
17049.40039 0.209478
17049.80078 0.209499
17050.21094 0.20951
17050.60938 0.209514
17051.00977 0.209518
17051.41016 0.209522
17051.82031 0.209526
17052.22070 0.20953
17052.61914 0.209534
17053.02930 0.209538
17053.42969 0.209542
17053.83008 0.209546
17054.24023 0.20955
17054.64062 0.209554
17055.03906 0.209559
17055.44922 0.209574
17055.84961 0.20959
17056.25000 0.209605
17056.66016 0.20962
17057.06055 0.209635
17057.46094 0.20965
17057.86914 0.209665
17058.26953 0.20968
17058.66992 0.209696
17059.07031 0.209711
17059.48047 0.209726
17059.88086 0.209741
17060.28906 0.209751
17060.68945 0.209759
17061.08984 0.209767
17061.49023 0.209776
17061.90039 0.209784
17062.30078 0.209792
17062.71094 0.2098
17063.10938 0.209808
17063.50977 0.209816
17063.91992 0.209824
17064.32031 0.209832
17064.72070 0.209841
17065.13086 0.209848
17065.52930 0.209853
17065.92969 0.209858
17066.33984 0.209863
17066.74023 0.209868
17067.14062 0.209873
17067.55078 0.209878
17067.94922 0.209883
17068.34961 0.209888
17068.75977 0.209893
17069.16016 0.209898
17069.56055 0.209903
17069.97070 0.209908
17070.36914 0.209919
17070.77930 0.209931
17071.17969 0.209944
17071.58008 0.209956
17071.99023 0.209968
17072.39062 0.20998
17072.78906 0.209993
17073.19922 0.210005
17073.59961 0.210017
17074.00000 0.210029
17074.41016 0.210041
17074.81055 0.210054
17075.21094 0.210067
17075.61914 0.210082
17076.01953 0.210096
17076.42969 0.21011
17076.83008 0.210125
17077.23047 0.210139
17077.64062 0.210153
17078.03906 0.210168
17078.44922 0.210182
17078.84961 0.210196
17079.25000 0.210211
17079.66016 0.210225
17080.06055 0.210238
17080.46094 0.210241
17080.86914 0.210244
17081.26953 0.210247
17081.66992 0.21025
17082.08008 0.210253
17082.48047 0.210256
17082.89062 0.210259
17083.28906 0.210262
17083.68945 0.210265
17084.09961 0.210268
17084.50000 0.210271
17084.91016 0.210274
17085.31055 0.21028
17085.71094 0.210286
17086.11914 0.210292
17086.51953 0.210299
17086.92969 0.210306
17087.33008 0.210312
17087.73047 0.210319
17088.14062 0.210325
17088.53906 0.210332
17088.94922 0.210338
17089.34961 0.210345
17089.75000 0.210351
17090.16016 0.210359
17090.56055 0.210367
17090.96094 0.210376
17091.36914 0.210385
17091.76953 0.210393
17092.17969 0.210402
17092.58008 0.210411
17092.99023 0.210419
17093.39062 0.210428
17093.78906 0.210436
17094.19922 0.210445
17094.59961 0.210454
17095.00977 0.210463
17095.41016 0.210467
17095.81055 0.210472
17096.22070 0.210477
17096.61914 0.210482
17097.02930 0.210487
17097.42969 0.210492
17097.83984 0.210497
17098.24023 0.210502
17098.64062 0.210506
17099.05078 0.210511
17099.44922 0.210516
17099.85938 0.210521
17100.25977 0.210524
17100.66992 0.210525
17101.07031 0.210527
17101.47070 0.210529
17101.88086 0.21053
17102.27930 0.210532
17102.68945 0.210534
17103.08984 0.210535
17103.50000 0.210537
17103.90039 0.210538
17104.30078 0.21054
17104.71094 0.210542
17105.10938 0.210546
17105.51953 0.210558
17105.91992 0.210569
17106.33008 0.210581
17106.73047 0.210593
17107.13086 0.210604
17107.53906 0.210616
17107.93945 0.210627
17108.34961 0.210639
17108.75000 0.210651
17109.16016 0.210663
17109.56055 0.210674
17109.97070 0.210686
17110.36914 0.210699
17110.77930 0.210713
17111.17969 0.210726
17111.58008 0.21074
17111.99023 0.210753
17112.39062 0.210767
17112.80078 0.21078
17113.19922 0.210794
17113.60938 0.210807
17114.00977 0.210821
17114.41992 0.210834
17114.82031 0.210848
17115.23047 0.210852
17115.63086 0.210849
17116.03906 0.210846
17116.43945 0.210842
17116.83984 0.210839
17117.25000 0.210836
17117.65039 0.210833
17118.06055 0.21083
17118.46094 0.210826
17118.86914 0.210823
17119.26953 0.21082
17119.67969 0.210817
17120.08008 0.210817
17120.49023 0.210834
17120.89062 0.210851
17121.30078 0.210867
17121.69922 0.210884
17122.10938 0.2109
17122.50977 0.210917
17122.91992 0.210934
17123.32031 0.21095
17123.72070 0.210967
17124.13086 0.210984
17124.53906 0.211
17124.93945 0.211017
17125.33984 0.21102
17125.75000 0.211022
17126.15039 0.211024
17126.56055 0.211025
17126.96094 0.211027
17127.36914 0.211028
17127.76953 0.21103
17128.17969 0.211032
17128.58008 0.211033
17128.99023 0.211035
17129.39062 0.211036
17129.80078 0.211038
17130.19922 0.211041
17130.60938 0.211047
17131.00977 0.211052
17131.41992 0.211057
17131.82031 0.211062
17132.23047 0.211068
17132.63086 0.211073
17133.03906 0.211078
17133.43945 0.211084
17133.84961 0.211089
17134.25000 0.211094
17134.66016 0.211099
17135.06055 0.211104
17135.47070 0.21111
17135.88086 0.211115
17136.27930 0.21112
17136.67969 0.211126
17137.08984 0.211131
17137.49023 0.211136
17137.90039 0.211142
17138.30078 0.211147
17138.71094 0.211152
17139.11914 0.211157
17139.51953 0.211163
17139.92969 0.211168
17140.33008 0.211169
17140.74023 0.211168
17141.14062 0.211168
17141.55078 0.211168
17141.94922 0.211167
