threeML/data/optical_filters/HST/NICMOS2-F190N.ecsv
# %ECSV 0.9
# ---
# datatype:
# - {name: wavelength, unit: Angstrom, datatype: float32}
# - {name: response, datatype: float32}
# meta: !!omap
# - {band_name: F190N}
# - {group_name: NICMOS2}
wavelength response
18798.15039 0.0
18798.33008 6e-05
18798.51953 0.000237
18798.69922 0.000414
18798.88086 0.000591
18799.07031 0.00077
18799.25000 0.000948
18799.43945 0.001125
18799.61914 0.001302
18799.80078 0.001479
18799.99023 0.001658
18800.16992 0.001667
18800.35938 0.001665
18800.53906 0.001662
18800.72070 0.00166
18800.91016 0.001657
18801.08984 0.001655
18801.27930 0.001653
18801.46094 0.00165
18801.64062 0.001648
18801.83008 0.001645
18802.00977 0.001644
18802.19922 0.001665
18802.38086 0.001685
18802.56055 0.001705
18802.75000 0.001725
18802.92969 0.001746
18803.11914 0.001766
18803.30078 0.001786
18803.48047 0.001807
18803.66992 0.001827
18803.84961 0.001847
18804.03906 0.001849
18804.22070 0.001776
18804.41016 0.001704
18804.58984 0.001632
18804.76953 0.001561
18804.96094 0.001488
18805.14062 0.001416
18805.33008 0.001344
18805.50977 0.001273
18805.69922 0.0012
18805.88086 0.001128
18806.06055 0.001079
18806.25000 0.001073
18806.42969 0.001068
18806.61914 0.001062
18806.80078 0.001056
18806.98047 0.001051
18807.16992 0.001045
18807.34961 0.00104
18807.53906 0.001034
18807.72070 0.001028
18807.90039 0.001023
18808.08984 0.001048
18808.26953 0.001108
18808.46094 0.001167
18808.64062 0.001226
18808.82031 0.001286
18809.00977 0.001345
18809.18945 0.001405
18809.38086 0.001464
18809.56055 0.001524
18809.75000 0.001583
18809.92969 0.001642
18810.10938 0.001658
18810.30078 0.001647
18810.48047 0.001637
18810.66992 0.001626
18810.84961 0.001616
18811.03906 0.001605
18811.22070 0.001595
18811.40039 0.001584
18811.58984 0.001574
18811.76953 0.001563
18811.96094 0.001553
18812.14062 0.001569
18812.32031 0.001593
18812.50977 0.001617
18812.68945 0.001641
18812.88086 0.001666
18813.06055 0.00169
18813.25000 0.001714
18813.42969 0.001739
18813.60938 0.001763
18813.80078 0.001787
18813.98047 0.001811
18814.16992 0.001751
18814.34961 0.001683
18814.53906 0.001613
18814.72070 0.001544
18814.90039 0.001475
18815.08984 0.001405
18815.26953 0.001336
18815.46094 0.001268
18815.64062 0.001198
18815.82031 0.001129
18816.00977 0.001065
18816.18945 0.001107
18816.38086 0.001148
18816.56055 0.00119
18816.75000 0.001231
18816.92969 0.001273
18817.10938 0.001314
18817.30078 0.001356
18817.48047 0.001398
18817.66992 0.001439
18817.84961 0.001481
18818.03906 0.00152
18818.22070 0.001548
18818.40039 0.001576
18818.58984 0.001604
18818.76953 0.001632
18818.96094 0.001661
18819.14062 0.001689
18819.32031 0.001717
18819.50977 0.001745
18819.68945 0.001773
18819.88086 0.001801
18820.06055 0.001851
18820.25000 0.001944
18820.42969 0.002036
18820.61914 0.00213
18820.80078 0.002222
18820.98047 0.002315
18821.16992 0.002408
18821.34961 0.002501
18821.53906 0.002593
18821.72070 0.002687
18821.90039 0.002779
18822.08984 0.00277
18822.26953 0.002647
18822.46094 0.002526
18822.64062 0.002405
18822.83008 0.002282
18823.00977 0.002161
18823.18945 0.00204
18823.38086 0.001917
18823.56055 0.001796
18823.75000 0.001674
18823.92969 0.001553
18824.11914 0.001539
18824.30078 0.00159
18824.48047 0.001641
18824.66992 0.001691
18824.84961 0.001742
18825.03906 0.001793
18825.22070 0.001843
18825.41016 0.001894
18825.58984 0.001944
18825.77930 0.001995
18825.96094 0.002046
18826.14062 0.002156
18826.33008 0.002285
18826.50977 0.002412
18826.69922 0.002539
18826.88086 0.002668
18827.06055 0.002795
18827.25000 0.002924
18827.42969 0.003051
18827.61914 0.003178
18827.80078 0.003307
18827.99023 0.003434
18828.16992 0.003449
18828.35938 0.003456
18828.53906 0.003462
18828.72070 0.003468
18828.91016 0.003474
18829.08984 0.00348
18829.27930 0.003486
18829.46094 0.003492
18829.65039 0.003498
18829.83008 0.003504
18830.00977 0.00351
18830.19922 0.003512
18830.38086 0.003515
18830.57031 0.003517
18830.75000 0.003519
18830.93945 0.003522
18831.11914 0.003524
18831.30078 0.003527
18831.49023 0.003529
18831.66992 0.003531
18831.85938 0.003534
18832.03906 0.00351
18832.23047 0.003398
18832.41016 0.003286
18832.59961 0.003175
18832.77930 0.003063
18832.96094 0.002951
18833.15039 0.00284
18833.33008 0.002727
18833.51953 0.002616
18833.69922 0.002505
18833.89062 0.002392
18834.07031 0.002362
18834.25977 0.002465
18834.43945 0.002566
18834.61914 0.002668
18834.81055 0.00277
18834.99023 0.002872
18835.17969 0.002974
18835.35938 0.003075
18835.55078 0.003178
18835.73047 0.003279
18835.91016 0.003381
18836.09961 0.003467
18836.27930 0.003539
18836.47070 0.003611
18836.65039 0.003682
18836.83984 0.003755
18837.01953 0.003826
18837.21094 0.003898
18837.39062 0.00397
18837.57031 0.004042
18837.75977 0.004114
18837.93945 0.004186
18838.13086 0.004231
18838.31055 0.004263
18838.50000 0.004296
18838.67969 0.004329
18838.86914 0.004362
18839.05078 0.004395
18839.23047 0.004428
18839.41992 0.004461
18839.59961 0.004493
18839.78906 0.004526
18839.97070 0.004559
18840.16016 0.004554
18840.33984 0.004543
18840.52930 0.004532
18840.71094 0.004521
18840.89062 0.004509
18841.08008 0.004498
18841.25977 0.004487
18841.44922 0.004476
18841.63086 0.004464
18841.82031 0.004453
18842.00000 0.004443
18842.18945 0.004516
18842.36914 0.004589
18842.55078 0.004662
18842.74023 0.004736
18842.91992 0.004809
18843.10938 0.004883
18843.28906 0.004956
18843.48047 0.005029
18843.66016 0.005103
18843.84961 0.005176
18844.02930 0.005239
18844.21094 0.005248
18844.40039 0.005258
18844.58008 0.005268
18844.76953 0.005278
18844.94922 0.005287
18845.14062 0.005297
18845.32031 0.005307
18845.50977 0.005317
18845.68945 0.005326
18845.88086 0.005336
18846.06055 0.005363
18846.24023 0.005425
18846.42969 0.005487
18846.60938 0.005549
18846.80078 0.005611
18846.98047 0.005673
18847.16992 0.005735
18847.34961 0.005797
18847.53906 0.005859
18847.72070 0.005921
18847.91016 0.005983
18848.08984 0.006041
18848.27930 0.006096
18848.46094 0.00615
18848.64062 0.006205
18848.83008 0.006259
18849.00977 0.006314
18849.19922 0.006368
18849.38086 0.006423
18849.57031 0.006477
18849.75000 0.006532
18849.93945 0.006586
18850.11914 0.006658
18850.30078 0.006737
18850.49023 0.006818
18850.66992 0.006898
18850.85938 0.006978
18851.03906 0.007058
18851.23047 0.007138
18851.41016 0.007218
18851.59961 0.007299
18851.77930 0.007378
18851.97070 0.007459
18852.15039 0.007439
18852.33984 0.007397
18852.51953 0.007355
18852.71094 0.007313
18852.89062 0.007271
18853.07031 0.007229
18853.25977 0.007187
18853.43945 0.007145
18853.63086 0.007104
18853.81055 0.007061
18854.00000 0.00702
18854.17969 0.007065
18854.36914 0.007112
18854.55078 0.007159
18854.73047 0.007205
18854.91992 0.007253
18855.09961 0.007299
18855.28906 0.007346
18855.47070 0.007393
18855.66016 0.00744
18855.83984 0.007487
18856.02930 0.007544
18856.21094 0.007658
18856.40039 0.007773
18856.58008 0.007887
18856.76953 0.008003
18856.94922 0.008117
18857.13086 0.008232
18857.32031 0.008348
18857.50000 0.008462
18857.68945 0.008577
18857.86914 0.008691
18858.06055 0.008799
18858.24023 0.008888
18858.42969 0.008979
18858.60938 0.009069
18858.80078 0.00916
18858.98047 0.00925
18859.16992 0.009341
18859.34961 0.009431
18859.53906 0.009521
18859.72070 0.009612
18859.90039 0.009702
18860.08984 0.009749
18860.26953 0.009749
18860.46094 0.009749
18860.64062 0.009749
18860.83008 0.009749
18861.00977 0.009749
18861.19922 0.009749
18861.38086 0.009749
18861.57031 0.009749
18861.75000 0.009749
18861.93945 0.009749
18862.11914 0.009822
18862.30078 0.009933
18862.49023 0.010045
18862.66992 0.010156
18862.85938 0.010268
18863.03906 0.010379
18863.23047 0.010491
18863.41016 0.010603
18863.59961 0.010714
18863.77930 0.010826
18863.97070 0.010937
18864.15039 0.01101
18864.33984 0.011074
18864.51953 0.011138
18864.71094 0.011202
18864.89062 0.011267
18865.08008 0.011331
18865.25977 0.011395
18865.44922 0.01146
18865.63086 0.011523
18865.81055 0.011588
18866.00000 0.011652
18866.17969 0.011844
18866.36914 0.012038
18866.55078 0.01223
18866.74023 0.012424
18866.91992 0.012616
18867.10938 0.01281
18867.28906 0.013002
18867.48047 0.013196
18867.66016 0.013389
18867.84961 0.013581
18868.02930 0.013766
18868.21094 0.013907
18868.40039 0.014049
18868.58984 0.014191
18868.76953 0.014332
18868.96094 0.014474
18869.14062 0.014614
18869.32031 0.014756
18869.50977 0.014897
18869.68945 0.015039
18869.88086 0.015181
18870.06055 0.015315
18870.25000 0.015438
18870.42969 0.01556
18870.61914 0.015683
18870.80078 0.015806
18870.99023 0.015928
18871.16992 0.016051
18871.35938 0.016173
18871.53906 0.016296
18871.73047 0.016419
18871.91016 0.016541
18872.09961 0.016682
18872.27930 0.01684
18872.46094 0.016999
18872.65039 0.017158
18872.83008 0.017315
18873.01953 0.017474
18873.19922 0.017632
18873.39062 0.017791
18873.57031 0.01795
18873.75977 0.018107
18873.93945 0.018266
18874.13086 0.018453
18874.31055 0.018649
18874.50000 0.018847
18874.67969 0.019044
18874.86914 0.019242
18875.05078 0.01944
18875.24023 0.019637
18875.41992 0.019835
18875.60938 0.020031
18875.78906 0.02023
18875.98047 0.020428
18876.16016 0.020592
18876.34961 0.020752
18876.52930 0.020913
18876.71094 0.021071
18876.90039 0.021232
18877.08008 0.021391
18877.26953 0.021551
18877.46094 0.021712
18877.64062 0.021871
18877.82031 0.022031
18878.00977 0.022192
18878.18945 0.022358
18878.38086 0.022527
18878.56055 0.022695
18878.75000 0.022861
18878.92969 0.023029
18879.11914 0.023196
18879.30078 0.023364
18879.49023 0.023532
18879.66992 0.023699
18879.85938 0.023867
18880.03906 0.024051
18880.23047 0.024288
18880.41016 0.024527
18880.59961 0.024766
18880.77930 0.025002
18880.97070 0.025241
18881.15039 0.025478
18881.33984 0.025717
18881.51953 0.025956
18881.71094 0.026192
18881.89062 0.026431
18882.08008 0.026675
18882.25977 0.026925
18882.44922 0.027177
18882.63086 0.027429
18882.81055 0.027679
18883.00000 0.027931
18883.18945 0.028183
18883.36914 0.028433
18883.55078 0.028685
18883.74023 0.028937
18883.91992 0.029186
18884.10938 0.029468
18884.28906 0.029769
18884.48047 0.030068
18884.66016 0.030369
18884.84961 0.030671
18885.02930 0.030969
18885.22070 0.031271
18885.40039 0.031572
18885.58984 0.031871
18885.76953 0.032172
18885.96094 0.032474
18886.14062 0.032718
18886.33008 0.032949
18886.50977 0.033179
18886.69922 0.033407
18886.88086 0.033638
18887.07031 0.033868
18887.25000 0.034097
18887.43945 0.034327
18887.61914 0.034558
18887.81055 0.034786
18887.99023 0.035016
18888.17969 0.035335
18888.35938 0.035654
18888.55078 0.035977
18888.73047 0.036299
18888.91992 0.036622
18889.09961 0.036941
18889.28906 0.037263
18889.47070 0.037586
18889.66016 0.037905
18889.83984 0.038228
18890.02930 0.038569
18890.21094 0.039014
18890.40039 0.039464
18890.58008 0.039914
18890.76953 0.040359
18890.94922 0.040809
18891.14062 0.041258
18891.32031 0.041708
18891.50977 0.042153
18891.68945 0.042603
18891.88086 0.043053
18892.06055 0.043485
18892.25000 0.043894
18892.42969 0.044303
18892.61914 0.044707
18892.80078 0.045116
18892.99023 0.045525
18893.16992 0.045934
18893.35938 0.046339
18893.53906 0.046748
18893.73047 0.047157
18893.91016 0.047561
18894.09961 0.048022
18894.27930 0.048532
18894.47070 0.049042
18894.65039 0.049547
18894.83984 0.050056
18895.01953 0.050566
18895.21094 0.051071
18895.39062 0.051581
18895.58008 0.05209
18895.75977 0.0526
18895.94922 0.053105
18896.13086 0.053713
18896.32031 0.054363
18896.50000 0.055013
18896.68945 0.055657
18896.86914 0.056307
18897.06055 0.056956
18897.24023 0.0576
18897.42969 0.05825
18897.60938 0.0589
18897.80078 0.059549
18897.98047 0.060193
18898.16992 0.060829
18898.34961 0.061464
18898.53906 0.062099
18898.72070 0.062727
18898.91016 0.063362
18899.08984 0.063997
18899.27930 0.064632
18899.46094 0.065261
18899.65039 0.065895
18899.83008 0.06653
18900.01953 0.067157
18900.19922 0.067776
18900.39062 0.068395
18900.57031 0.069014
18900.75977 0.069626
18900.93945 0.070245
18901.13086 0.070863
18901.31055 0.071482
18901.50000 0.072094
18901.67969 0.072713
18901.86914 0.073332
18902.05078 0.073952
18902.24023 0.074567
18902.41992 0.075189
18902.60938 0.075811
18902.78906 0.076434
18902.98047 0.077049
18903.16016 0.077671
18903.34961 0.078293
18903.52930 0.078915
18903.72070 0.079537
18903.90039 0.080153
18904.08984 0.080754
18904.26953 0.081331
18904.46094 0.081909
18904.64062 0.08248
18904.83008 0.083058
18905.00977 0.083635
18905.19922 0.084213
18905.38086 0.084784
18905.57031 0.085361
18905.75000 0.085939
18905.93945 0.086516
18906.11914 0.087195
18906.31055 0.087934
18906.49023 0.088674
18906.67969 0.089413
18906.86914 0.090152
18907.05078 0.090884
18907.23047 0.091623
18907.41992 0.092362
18907.60938 0.093101
18907.78906 0.093833
18907.97070 0.094572
18908.16016 0.095289
18908.34961 0.096002
18908.52930 0.096716
18908.71094 0.097421
18908.90039 0.098135
18909.08984 0.098848
18909.26953 0.099561
18909.46094 0.100274
18909.64062 0.10098
18909.83008 0.101693
18910.00977 0.102421
18910.19922 0.103367
18910.38086 0.104312
18910.57031 0.105248
18910.75000 0.106193
18910.93945 0.107139
18911.11914 0.108084
18911.31055 0.10903
18911.49023 0.109965
18911.67969 0.110911
18911.85938 0.111856
18912.05078 0.112791
18912.23047 0.113698
18912.41992 0.114594
18912.59961 0.1155
18912.78906 0.116406
18912.97070 0.117313
18913.16016 0.118219
18913.33984 0.119115
18913.52930 0.120022
18913.71094 0.120928
18913.90039 0.121834
18914.08984 0.122797
18914.26953 0.123816
18914.46094 0.124846
18914.64062 0.125875
18914.83008 0.126905
18915.00977 0.127934
18915.19922 0.128964
18915.38086 0.129983
18915.57031 0.131012
18915.75000 0.132042
18915.93945 0.133071
18916.11914 0.134116
18916.31055 0.135156
18916.49023 0.136208
18916.67969 0.13726
18916.85938 0.138312
18917.05078 0.139364
18917.23047 0.140416
18917.41992 0.141457
18917.59961 0.142508
18917.78906 0.14356
18917.97070 0.144612
18918.16016 0.145619
18918.34961 0.14662
18918.52930 0.14761
18918.71094 0.14861
18918.90039 0.14961
18919.08984 0.150611
18919.26953 0.151611
18919.46094 0.152611
18919.64062 0.153601
18919.83008 0.154602
18920.00977 0.155599
18920.19922 0.156554
18920.38086 0.157509
18920.57031 0.158464
18920.75000 0.159419
18920.93945 0.160364
18921.11914 0.161319
18921.31055 0.162273
18921.49023 0.163228
18921.67969 0.164183
18921.86914 0.165138
18922.05078 0.166019
18922.23047 0.16673
18922.41992 0.167442
18922.60938 0.168153
18922.78906 0.168865
18922.98047 0.169576
18923.16016 0.170287
18923.34961 0.170991
18923.52930 0.171703
18923.72070 0.172414
18923.90039 0.173125
18924.08984 0.17395
18924.26953 0.1749
18924.46094 0.17585
18924.64062 0.1768
18924.83008 0.17774
18925.00977 0.178691
18925.19922 0.179641
18925.38086 0.180591
18925.57031 0.181541
18925.75977 0.182491
18925.93945 0.183441
18926.11914 0.18427
18926.31055 0.185056
18926.50000 0.185841
18926.67969 0.186626
18926.86914 0.187412
18927.05078 0.188197
18927.24023 0.188982
18927.41992 0.189768
18927.60938 0.190545
18927.78906 0.19133
18927.98047 0.192116
18928.16016 0.192957
18928.34961 0.193805
18928.53906 0.194653
18928.72070 0.195501
18928.91016 0.196349
18929.08984 0.197197
18929.27930 0.198036
18929.46094 0.198884
18929.65039 0.199733
18929.83008 0.200581
18930.01953 0.20142
18930.19922 0.202178
18930.39062 0.202935
18930.57031 0.203693
18930.75977 0.204451
18930.94922 0.205208
18931.13086 0.205958
18931.31055 0.206716
18931.50000 0.207474
18931.68945 0.208231
18931.86914 0.208989
18932.06055 0.209755
18932.24023 0.21054
18932.42969 0.211325
18932.60938 0.21211
18932.80078 0.212895
18932.98047 0.213671
18933.16992 0.214457
18933.34961 0.215242
18933.53906 0.216027
18933.72070 0.216811
18933.91016 0.217596
18934.09961 0.218292
18934.27930 0.218903
18934.47070 0.219514
18934.65039 0.220125
18934.83984 0.220736
18935.01953 0.221341
18935.21094 0.221952
18935.39062 0.222563
18935.58008 0.223174
18935.75977 0.223785
18935.94922 0.224396
18936.13086 0.224931
18936.32031 0.225438
18936.50977 0.225944
18936.68945 0.226451
18936.88086 0.226958
18937.06055 0.227464
18937.25000 0.227971
18937.42969 0.228477
18937.61914 0.228979
18937.80078 0.229485
18937.99023 0.229992
18938.16992 0.230396
18938.35938 0.230793
18938.53906 0.23119
18938.73047 0.231587
18938.91992 0.231984
18939.09961 0.23238
18939.28906 0.232777
