threeML/data/optical_filters/HST/NICMOS2-F204M.ecsv
# %ECSV 0.9
# ---
# datatype:
# - {name: wavelength, unit: Angstrom, datatype: float32}
# - {name: response, datatype: float32}
# meta: !!omap
# - {band_name: F204M}
# - {group_name: NICMOS2}
wavelength response
[from data line 767]
19548.83008 0.006387
19549.11914 0.006446
19549.41016 0.006506
19549.68945 0.006565
19549.98047 0.006624
19550.26953 0.006657
19550.55078 0.006687
19550.83984 0.006718
19551.13086 0.006748
19551.41016 0.006779
19551.69922 0.006809
19551.99023 0.006839
19552.26953 0.006811
19552.56055 0.006779
19552.84961 0.006748
19553.13086 0.006716
19553.41992 0.006685
19553.71094 0.006653
19554.00000 0.006622
19554.27930 0.006636
19554.57031 0.006651
19554.85938 0.006665
19555.14062 0.00668
19555.42969 0.006695
19555.72070 0.00671
19556.00000 0.006726
19556.28906 0.006825
19556.58008 0.006925
19556.86914 0.007025
19557.15039 0.007124
19557.43945 0.007223
19557.72070 0.007323
19558.00977 0.007417
19558.30078 0.007375
19558.58984 0.007333
19558.86914 0.007291
19559.16016 0.007249
19559.44922 0.007207
19559.73047 0.007165
19560.01953 0.007135
19560.31055 0.007253
19560.59961 0.00737
19560.88086 0.007487
19561.16992 0.007605
19561.46094 0.007722
19561.74023 0.007838
19562.02930 0.007941
19562.32031 0.007917
19562.59961 0.007893
19562.89062 0.007868
19563.17969 0.007844
19563.46094 0.00782
19563.75000 0.007795
19564.03906 0.00778
19564.33008 0.007822
19564.60938 0.007864
19564.90039 0.007906
19565.18945 0.007948
19565.47070 0.00799
19565.75977 0.008031
19566.05078 0.008058
19566.33984 0.008013
19566.61914 0.007967
19566.91016 0.007922
19567.19922 0.007876
19567.48047 0.007831
19567.76953 0.007785
19568.06055 0.007746
19568.34961 0.007733
19568.63086 0.007719
19568.91992 0.007705
19569.21094 0.007692
19569.49023 0.007678
19569.77930 0.007665
19570.07031 0.007679
19570.35938 0.007784
19570.64062 0.007888
19570.92969 0.007993
19571.22070 0.008097
19571.50000 0.008201
19571.78906 0.008306
19572.08008 0.008395
19572.36914 0.008445
19572.65039 0.008494
19572.93945 0.008544
19573.23047 0.008593
19573.50977 0.008642
19573.80078 0.008692
19574.08984 0.008697
19574.36914 0.008601
19574.66016 0.008505
19574.94922 0.008408
19575.24023 0.008312
19575.52930 0.008216
19575.81055 0.008121
19576.09961 0.008118
19576.39062 0.008292
19576.66992 0.008466
19576.96094 0.00864
19577.25000 0.008814
19577.53906 0.008987
19577.82031 0.009161
19578.10938 0.009254
19578.40039 0.009213
19578.67969 0.009172
19578.97070 0.009132
19579.25977 0.009091
19579.55078 0.00905
19579.83008 0.00901
19580.11914 0.009019
19580.41016 0.009095
19580.69922 0.009171
19580.98047 0.009247
19581.26953 0.009323
19581.56055 0.009399
19581.83984 0.009475
19582.13086 0.00953
19582.41992 0.009562
19582.71094 0.009593
19582.99023 0.009625
19583.27930 0.009656
19583.57031 0.009688
19583.85938 0.009719
19584.14062 0.00977
19584.42969 0.00984
19584.72070 0.009911
19585.00977 0.009981
19585.28906 0.010051
19585.58008 0.010122
19585.86914 0.010192
19586.15039 0.010254
19586.43945 0.010309
19586.73047 0.010364
19587.01953 0.01042
19587.30078 0.010475
19587.58984 0.01053
19587.88086 0.010585
19588.16992 0.01057
19588.44922 0.010504
19588.74023 0.010438
19589.02930 0.010371
19589.32031 0.010305
19589.59961 0.010239
19589.89062 0.010173
19590.17969 0.010167
19590.46094 0.010198
19590.75000 0.01023
19591.03906 0.010261
19591.33008 0.010292
19591.61914 0.010324
19591.90039 0.010355
19592.18945 0.010355
19592.48047 0.010338
19592.76953 0.010322
19593.05078 0.010306
19593.33984 0.01029
19593.63086 0.010274
19593.91992 0.010257
19594.19922 0.010316
19594.49023 0.010407
19594.77930 0.010497
19595.06055 0.010587
19595.34961 0.010678
19595.64062 0.010768
19595.92969 0.010858
19596.21094 0.010856
19596.50000 0.010822
19596.78906 0.010788
19597.08008 0.010755
19597.36914 0.010721
19597.65039 0.010688
19597.93945 0.010654
19598.23047 0.010699
19598.51953 0.010764
19598.80078 0.010829
19599.08984 0.010894
19599.38086 0.01096
19599.66992 0.011025
19599.94922 0.01109
19600.24023 0.01119
19600.52930 0.011297
19600.82031 0.011403
19601.09961 0.01151
19601.39062 0.011616
19601.67969 0.011723
19601.97070 0.011829
19602.25000 0.01184
19602.53906 0.011839
19602.83008 0.011838
19603.11914 0.011837
19603.40039 0.011836
19603.68945 0.011834
19603.98047 0.011833
19604.26953 0.011912
19604.55078 0.011996
19604.83984 0.012081
19605.13086 0.012166
19605.41992 0.012251
19605.71094 0.012335
19605.99023 0.01242
19606.27930 0.012413
19606.57031 0.012404
19606.85938 0.012395
19607.14062 0.012386
19607.42969 0.012376
19607.72070 0.012367
19608.00977 0.012356
19608.28906 0.012281
19608.58008 0.012205
19608.86914 0.012129
19609.16016 0.012053
19609.44922 0.011978
19609.73047 0.011902
19610.01953 0.011847
19610.31055 0.012057
19610.59961 0.012267
19610.88086 0.012479
19611.16992 0.012689
19611.46094 0.012899
19611.75000 0.01311
19612.03906 0.013311
19612.32031 0.013442
19612.60938 0.013575
19612.90039 0.013707
19613.18945 0.013839
19613.47070 0.013972
19613.75977 0.014103
19614.05078 0.014204
19614.33984 0.014149
19614.63086 0.014094
19614.91016 0.014039
19615.19922 0.013984
19615.49023 0.013929
19615.77930 0.013874
19616.06055 0.013867
19616.34961 0.014025
19616.64062 0.014184
19616.92969 0.014342
19617.21094 0.0145
19617.50000 0.014659
19617.78906 0.014816
19618.08008 0.014947
19618.36914 0.015004
19618.65039 0.01506
19618.93945 0.015118
19619.23047 0.015174
19619.51953 0.015231
19619.81055 0.015288
19620.08984 0.015327
19620.38086 0.015329
19620.66992 0.015331
19620.96094 0.015333
19621.25000 0.015335
19621.52930 0.015338
19621.82031 0.01534
19622.10938 0.015363
19622.40039 0.015421
19622.68945 0.015479
19622.97070 0.015537
19623.25977 0.015595
19623.55078 0.015653
19623.83984 0.015711
19624.11914 0.015713
19624.41016 0.015642
19624.69922 0.015571
19624.99023 0.0155
19625.27930 0.015429
19625.56055 0.015359
19625.84961 0.015288
19626.14062 0.015318
19626.42969 0.015455
19626.72070 0.015593
19627.00000 0.015729
19627.28906 0.015867
19627.58008 0.016004
19627.86914 0.016141
19628.16016 0.01625
19628.43945 0.016335
19628.73047 0.01642
19629.01953 0.016505
19629.31055 0.016591
19629.59961 0.016675
19629.88086 0.016761
19630.16992 0.016839
19630.46094 0.016914
19630.75000 0.016988
19631.03906 0.017063
19631.32031 0.017137
19631.60938 0.017212
19631.90039 0.017286
19632.18945 0.01727
19632.48047 0.017204
19632.75977 0.017139
19633.05078 0.017073
19633.33984 0.017008
19633.63086 0.016942
19633.91992 0.016877
19634.21094 0.017036
19634.49023 0.017285
19634.77930 0.017536
19635.07031 0.017786
19635.35938 0.018037
19635.64062 0.018286
19635.92969 0.018537
19636.22070 0.018607
19636.50977 0.018623
19636.80078 0.018639
19637.08984 0.018655
19637.36914 0.018672
19637.66016 0.018688
19637.94922 0.018704
19638.24023 0.018687
19638.52930 0.018664
19638.81055 0.018641
19639.09961 0.018618
19639.39062 0.018595
19639.67969 0.018572
19639.97070 0.018549
19640.25977 0.018598
19640.53906 0.018656
19640.83008 0.018714
19641.11914 0.018772
19641.41016 0.018831
19641.69922 0.018889
19641.98047 0.018947
19642.26953 0.019037
19642.56055 0.019129
19642.84961 0.019221
19643.14062 0.019312
19643.42969 0.019404
19643.71094 0.019495
19644.00000 0.019588
19644.28906 0.019733
19644.58008 0.019877
19644.86914 0.020022
19645.15039 0.020166
19645.43945 0.020311
19645.73047 0.020455
19646.01953 0.020595
19646.31055 0.020669
19646.59961 0.020742
19646.88086 0.020816
19647.16992 0.020889
19647.46094 0.020963
19647.75000 0.021036
19648.03906 0.021109
19648.33008 0.021181
19648.60938 0.021252
19648.90039 0.021323
19649.18945 0.021395
19649.48047 0.021466
19649.76953 0.021537
19650.05078 0.021603
19650.33984 0.021649
19650.63086 0.021694
19650.91992 0.021739
19651.21094 0.021785
19651.50000 0.02183
19651.78906 0.021875
19652.07031 0.021926
19652.35938 0.021992
19652.65039 0.022059
19652.93945 0.022125
19653.23047 0.022191
19653.51953 0.022258
19653.80078 0.022325
19654.08984 0.022424
19654.38086 0.022594
19654.66992 0.022764
19654.96094 0.022933
19655.25000 0.023103
19655.53906 0.023273
19655.82031 0.023442
19656.10938 0.023606
19656.40039 0.023763
19656.68945 0.023919
19656.98047 0.024076
19657.26953 0.024232
19657.55078 0.024388
19657.83984 0.024545
19658.13086 0.024647
19658.41992 0.024684
19658.71094 0.024721
19659.00000 0.024758
19659.27930 0.024795
19659.57031 0.024832
19659.85938 0.024869
19660.15039 0.024866
19660.43945 0.024826
19660.73047 0.024787
19661.00977 0.024747
19661.30078 0.024708
19661.58984 0.024668
19661.88086 0.024629
19662.16992 0.024691
19662.46094 0.024828
19662.75000 0.024964
19663.02930 0.025099
19663.32031 0.025235
19663.60938 0.025371
19663.90039 0.025506
19664.18945 0.025702
19664.48047 0.025929
19664.76953 0.026156
19665.05078 0.026382
19665.33984 0.02661
19665.63086 0.026837
19665.91992 0.027065
19666.21094 0.027114
19666.50000 0.027095
19666.78906 0.027076
19667.07031 0.027057
19667.35938 0.027038
19667.65039 0.027019
19667.93945 0.027001
19668.23047 0.027154
19668.51953 0.027351
19668.80078 0.02755
19669.08984 0.027748
19669.38086 0.027947
19669.66992 0.028144
19669.96094 0.028343
19670.25000 0.028166
19670.53906 0.027926
19670.82031 0.027688
19671.10938 0.027449
19671.40039 0.027209
19671.68945 0.02697
19671.98047 0.026732
19672.26953 0.027041
19672.56055 0.027395
19672.84961 0.027749
19673.13086 0.028102
19673.41992 0.028453
19673.71094 0.028807
19674.00000 0.02916
19674.28906 0.02941
19674.58008 0.029659
19674.86914 0.029906
19675.15039 0.030155
19675.43945 0.030404
19675.73047 0.030654
19676.01953 0.030891
19676.31055 0.030978
19676.59961 0.031066
19676.89062 0.031154
19677.17969 0.031241
19677.46094 0.031329
19677.75000 0.031416
19678.03906 0.031497
19678.33008 0.031535
19678.61914 0.031573
19678.91016 0.03161
19679.19922 0.031648
19679.48047 0.031685
19679.76953 0.031723
19680.06055 0.031763
19680.34961 0.031809
19680.64062 0.031855
19680.92969 0.031901
19681.22070 0.031948
19681.50977 0.031993
19681.78906 0.03204
19682.08008 0.03211
19682.36914 0.032238
19682.66016 0.032366
19682.94922 0.032494
19683.24023 0.032623
19683.52930 0.03275
19683.82031 0.032878
19684.10938 0.033019
19684.39062 0.03318
19684.67969 0.033342
19684.97070 0.033504
19685.25977 0.033665
19685.55078 0.033827
19685.83984 0.033988
19686.13086 0.034142
19686.41992 0.034287
19686.71094 0.034431
19686.99023 0.034576
19687.27930 0.034721
19687.57031 0.034866
19687.85938 0.035011
19688.15039 0.035185
19688.43945 0.035385
19688.73047 0.035586
19689.01953 0.035788
19689.30078 0.035989
19689.58984 0.036191
19689.88086 0.036392
19690.16992 0.03655
19690.46094 0.036678
19690.75000 0.036806
19691.03906 0.036934
19691.33008 0.037062
19691.61914 0.03719
19691.90039 0.037317
19692.18945 0.037427
19692.48047 0.037529
19692.76953 0.037631
19693.06055 0.037733
19693.34961 0.037834
19693.64062 0.037936
19693.92969 0.038038
19694.22070 0.03817
19694.50977 0.038311
19694.78906 0.038453
19695.08008 0.038594
19695.36914 0.038736
19695.66016 0.038877
19695.94922 0.039019
19696.24023 0.039135
19696.52930 0.039246
19696.82031 0.039357
19697.10938 0.039468
19697.39062 0.039578
19697.67969 0.039689
19697.97070 0.0398
19698.25977 0.039936
19698.55078 0.040075
19698.83984 0.040214
19699.13086 0.040353
19699.41992 0.040492
19699.71094 0.040631
19700.00000 0.04077
19700.28906 0.041036
19700.57031 0.041303
19700.85938 0.041571
19701.15039 0.041838
19701.43945 0.042106
19701.73047 0.042373
19702.01953 0.042626
19702.31055 0.042679
19702.59961 0.042733
19702.89062 0.042786
19703.17969 0.04284
19703.46094 0.042893
19703.75000 0.042947
19704.03906 0.043021
19704.33008 0.043213
19704.61914 0.043405
19704.91016 0.043597
19705.19922 0.043788
19705.49023 0.043981
19705.77930 0.044173
19706.07031 0.044366
19706.35938 0.04456
19706.65039 0.044754
19706.93945 0.044948
19707.22070 0.045143
19707.50977 0.045337
19707.80078 0.045531
19708.08984 0.045727
19708.38086 0.045928
19708.66992 0.046128
19708.96094 0.046329
19709.25000 0.046529
19709.53906 0.04673
19709.83008 0.04693
19710.11914 0.047116
19710.40039 0.047279
19710.68945 0.047442
19710.98047 0.047606
19711.26953 0.047769
19711.56055 0.047932
19711.84961 0.048095
19712.14062 0.048284
19712.42969 0.048498
19712.72070 0.048713
19713.00977 0.048928
19713.30078 0.049143
19713.58984 0.049357
19713.88086 0.049572
19714.16016 0.049775
19714.46094 0.049971
19714.74023 0.050165
19715.02930 0.050359
19715.32031 0.050553
19715.60938 0.050748
19715.90039 0.050942
19716.18945 0.051091
19716.48047 0.051216
19716.76953 0.051342
19717.06055 0.051468
19717.34961 0.051594
19717.64062 0.051719
19717.92969 0.051845
19718.21094 0.052013
19718.50000 0.052196
19718.78906 0.052379
19719.08008 0.052561
19719.36914 0.052746
19719.66016 0.052928
19719.94922 0.053111
19720.24023 0.053286
19720.52930 0.05346
19720.82031 0.053633
19721.10938 0.053807
19721.40039 0.053982
19721.68945 0.054155
19721.98047 0.054329
19722.26953 0.054598
19722.55078 0.054876
19722.83984 0.055154
19723.13086 0.055433
19723.41992 0.055711
19723.71094 0.055989
19724.00000 0.056267
19724.28906 0.056534
19724.58008 0.056801
19724.86914 0.057071
19725.16016 0.057338
19725.44922 0.057605
19725.74023 0.057873
19726.02930 0.058134
19726.32031 0.058338
19726.60938 0.058544
19726.90039 0.058749
19727.18945 0.058953
19727.47070 0.059158
19727.75977 0.059363
19728.05078 0.05957
19728.33984 0.059784
19728.63086 0.059997
19728.91992 0.060211
19729.21094 0.060425
19729.50000 0.06064
19729.78906 0.060853
19730.08008 0.06106
19730.36914 0.061247
19730.66016 0.061435
19730.94922 0.061622
19731.24023 0.061809
19731.52930 0.061996
19731.82031 0.062183
19732.10938 0.062417
19732.40039 0.062726
19732.68945 0.063035
19732.97070 0.063344
19733.26953 0.063656
19733.55078 0.063965
19733.83984 0.064274
19734.13086 0.064514
19734.41992 0.064672
19734.71094 0.06483
19735.00000 0.064987
19735.28906 0.065145
19735.58008 0.065303
19735.86914 0.065461
19736.16016 0.065719
19736.44922 0.066058
19736.74023 0.066399
19737.02930 0.066737
19737.32031 0.067076
19737.60938 0.067415
19737.90039 0.067756
19738.18945 0.067956
19738.48047 0.068081
19738.76953 0.068206
19739.06055 0.068331
19739.34961 0.068456
19739.63086 0.068581
19739.92969 0.068706
19740.21094 0.06899
19740.50000 0.069328
19740.78906 0.069669
19741.08008 0.070007
19741.36914 0.070345
19741.66016 0.070684
19741.94922 0.071024
19742.24023 0.071139
19742.52930 0.07121
19742.82031 0.071282
19743.10938 0.071353
19743.40039 0.071424
19743.68945 0.071496
19743.98047 0.071567
19744.26953 0.071967
19744.56055 0.072394
19744.84961 0.072818
19745.14062 0.073242
19745.42969 0.073669
19745.72070 0.074093
19746.00977 0.074512
19746.30078 0.074735
19746.58984 0.074956
19746.88086 0.075177
19747.16992 0.0754
19747.46094 0.075621
19747.75000 0.075842
19748.03906 0.076065
19748.33008 0.076284
19748.61914 0.076504
19748.91016 0.076725
19749.19922 0.076944
19749.48047 0.077163
19749.77930 0.077384
19750.06055 0.077635
19750.35938 0.077998
19750.64062 0.078359
19750.92969 0.078719
19751.22070 0.079082
19751.50977 0.079442
19751.80078 0.079803
19752.08984 0.080125
19752.38086 0.080358
19752.66992 0.080593
19752.96094 0.080827
19753.25000 0.081061
19753.53906 0.081296
19753.83008 0.081529
19754.11914 0.081813
19754.41016 0.08216
19754.69922 0.082507
19754.99023 0.082857
19755.27930 0.083204
19755.57031 0.083554
19755.85938 0.083901
19756.15039 0.084202
19756.43945 0.084462
19756.73047 0.084721
19757.01953 0.084981
19757.31055 0.08524
19757.59961 0.085498
19757.89062 0.085759
19758.17969 0.086015
19758.47070 0.086272
19758.75977 0.086527
19759.05078 0.086783
19759.33984 0.087038
19759.63086 0.087293
19759.91992 0.087549
19760.21094 0.087894
19760.50000 0.088276
19760.78906 0.088656
19761.08008 0.089038
19761.36914 0.089417
19761.66016 0.089799
19761.94922 0.090178
19762.24023 0.09054
19762.52930 0.090901
19762.82031 0.09126
19763.10938 0.091621
19763.40039 0.09198
19763.68945 0.092341
19763.98047 0.092699
19764.26953 0.092953
19764.56055 0.093196
19764.84961 0.09344
19765.14062 0.093684
19765.42969 0.093928
19765.72070 0.094172
19766.00977 0.094417
19766.30078 0.094664
19766.58984 0.094914
19766.88086 0.095161
19767.16992 0.095411
19767.46094 0.095658
19767.75000 0.095908
19768.03906 0.096169
19768.33008 0.096517
19768.61914 0.096863
19768.91016 0.097211
