threeML/data/optical_filters/HST/NICMOS1-F095N.ecsv
# %ECSV 0.9
# ---
# datatype:
# - {name: wavelength, unit: Angstrom, datatype: float32}
# - {name: response, datatype: float32}
# meta: !!omap
# - {band_name: F095N}
# - {group_name: NICMOS1}
wavelength response
[from data line 1610]
9599.48926 0.007018
9599.58984 0.006941
9599.69141 0.006862
9599.79297 0.006784
9599.89453 0.006706
9599.99609 0.006628
9600.09668 0.006563
9600.19824 0.006498
9600.29980 0.006432
9600.40137 0.006367
9600.50293 0.006302
9600.60352 0.006238
9600.70508 0.006172
9600.80664 0.006107
9600.90820 0.006042
9601.00977 0.005977
9601.11035 0.005912
9601.21191 0.005847
9601.31348 0.005782
9601.41504 0.005717
9601.51660 0.005652
9601.61816 0.005587
9601.71875 0.005522
9601.82031 0.005457
9601.92188 0.005392
9602.02344 0.005331
9602.12500 0.005286
9602.22559 0.005242
9602.32715 0.005197
9602.42871 0.005152
9602.53027 0.005107
9602.63184 0.005063
9602.73340 0.005018
9602.83398 0.004973
9602.93555 0.004928
9603.03711 0.004884
9603.13867 0.004839
9603.24023 0.004794
9603.34180 0.004749
9603.44238 0.004705
9603.54395 0.00466
9603.64648 0.004615
9603.74707 0.00457
9603.84863 0.004525
9603.95020 0.00448
9604.05176 0.004444
9604.15234 0.004417
9604.25391 0.004389
9604.35547 0.004361
9604.45703 0.004334
9604.55859 0.004306
9604.66016 0.004278
9604.76074 0.00425
9604.86230 0.004223
9604.96387 0.004195
9605.06543 0.004167
9605.16699 0.004139
9605.26855 0.004112
9605.37012 0.004084
9605.47070 0.004056
9605.57227 0.004028
9605.67383 0.004001
9605.77539 0.003973
9605.87695 0.003945
9605.97852 0.003917
9606.08008 0.003881
9606.18164 0.003842
9606.28223 0.003804
9606.38379 0.003766
9606.48535 0.003727
9606.58691 0.003689
9606.68848 0.00365
9606.79004 0.003612
9606.89160 0.003573
9606.99316 0.003535
9607.09375 0.003496
9607.19531 0.003458
9607.29688 0.003419
9607.39844 0.003381
9607.50000 0.003342
9607.60156 0.003304
9607.70312 0.003265
9607.80469 0.003227
9607.90527 0.003188
9608.00684 0.003151
9608.10840 0.003125
9608.20996 0.003099
9608.31152 0.003074
9608.41309 0.003048
9608.51465 0.003022
9608.61621 0.002997
9608.71777 0.002971
9608.81836 0.002945
9608.91992 0.00292
9609.02148 0.002894
9609.12305 0.002868
9609.22461 0.002843
9609.32617 0.002817
9609.42773 0.002791
9609.52930 0.002766
9609.63086 0.00274
9609.73242 0.002714
9609.83398 0.002688
9609.93457 0.002663
9610.03613 0.002638
9610.13770 0.002616
9610.23926 0.002593
9610.34082 0.00257
9610.44238 0.002547
9610.54395 0.002524
9610.64648 0.002502
9610.74707 0.002479
9610.84863 0.002456
9610.95020 0.002433
9611.05176 0.002411
9611.15234 0.002388
9611.25391 0.002365
9611.35547 0.002343
9611.45703 0.00232
9611.55859 0.002297
9611.66016 0.002274
9611.76172 0.002252
9611.86328 0.002229
9611.96484 0.002206
9612.06641 0.00219
9612.16797 0.002176
9612.26953 0.002163
9612.37109 0.00215
9612.47266 0.002137
9612.57324 0.002124
9612.67480 0.002111
9612.77637 0.002098
9612.87793 0.002085
9612.97852 0.002072
9613.08105 0.002059
9613.18262 0.002046
9613.28418 0.002033
9613.38574 0.00202
9613.48730 0.002007
9613.58887 0.001994
9613.69043 0.001981
9613.79199 0.001968
9613.89355 0.001954
9613.99512 0.001941
9614.09668 0.001925
9614.19824 0.001908
9614.29980 0.001892
9614.40137 0.001875
9614.50293 0.001859
9614.60352 0.001842
9614.70508 0.001826
9614.80664 0.001809
9614.90820 0.001793
9615.00977 0.001776
9615.11133 0.00176
9615.21289 0.001743
9615.31445 0.001727
9615.41602 0.00171
9615.51758 0.001693
9615.61914 0.001677
9615.72070 0.00166
9615.82227 0.001644
9615.92383 0.001627
9616.02539 0.001613
9616.12695 0.001603
9616.22852 0.001594
9616.33008 0.001585
9616.43164 0.001576
9616.53320 0.001567
9616.63477 0.001558
9616.73633 0.001548
9616.83789 0.001539
9616.93945 0.00153
9617.04102 0.001521
9617.14258 0.001512
9617.24414 0.001503
9617.34570 0.001493
9617.44727 0.001484
9617.54883 0.001475
9617.65039 0.001466
9617.75195 0.001457
9617.85352 0.001448
9617.95508 0.001439
9618.05664 0.001429
9618.15820 0.001419
9618.25977 0.001409
9618.36133 0.001399
9618.46289 0.001389
9618.56445 0.001379
9618.66602 0.001369
9618.76758 0.00136
9618.86914 0.00135
9618.97070 0.00134
9619.07227 0.00133
9619.17383 0.00132
9619.27539 0.00131
9619.37695 0.0013
9619.47852 0.00129
9619.58008 0.00128
9619.68164 0.00127
9619.78320 0.00126
9619.88477 0.001251
9619.98633 0.001241
9620.08789 0.001232
9620.18945 0.001224
9620.29102 0.001216
9620.39258 0.001208
9620.49414 0.0012
9620.59570 0.001192
9620.69727 0.001184
9620.79883 0.001175
9620.90039 0.001167
9621.00195 0.001159
9621.10352 0.001151
9621.20508 0.001143
9621.30664 0.001135
9621.40820 0.001127
9621.50977 0.001118
9621.61133 0.00111
9621.71289 0.001102
9621.81445 0.001094
9621.91602 0.001086
9622.01855 0.001078
9622.12012 0.00107
9622.22168 0.001062
9622.32324 0.001055
9622.42480 0.001047
9622.52637 0.001039
9622.62793 0.001032
9622.72852 0.001024
9622.83105 0.001016
9622.93262 0.001008
9623.03418 0.001001
9623.13574 0.000993
9623.23730 0.000985
9623.33887 0.000977
9623.44043 0.00097
9623.54199 0.000962
9623.64355 0.000954
9623.74512 0.000947
9623.84668 0.000939
9623.94824 0.000931
9624.05078 0.000927
9624.15234 0.000925
9624.25391 0.000924
9624.35547 0.000922
9624.45703 0.000921
9624.55859 0.000919
9624.66016 0.000918
9624.76172 0.000917
9624.86328 0.000915
9624.96484 0.000914
9625.06641 0.000912
9625.16797 0.000911
9625.26953 0.000909
9625.37109 0.000908
9625.47363 0.000907
9625.57520 0.000905
9625.67676 0.000904
9625.77832 0.000902
9625.87988 0.000901
9625.98145 0.0009
9626.08301 0.000893
9626.18457 0.000886
9626.28613 0.000878
9626.38770 0.000871
9626.48926 0.000863
9626.59082 0.000856
9626.69336 0.000849
9626.79492 0.000841
9626.89648 0.000834
9626.99805 0.000826
9627.09961 0.000819
9627.20117 0.000811
9627.30273 0.000804
9627.40430 0.000797
9627.50586 0.000789
9627.60742 0.000782
9627.70996 0.000774
9627.81152 0.000767
9627.91309 0.000759
9628.01465 0.000752
9628.11621 0.000745
9628.21777 0.000738
9628.31934 0.000731
9628.42090 0.000724
9628.52246 0.000717
9628.62402 0.00071
9628.72656 0.000703
9628.82812 0.000696
9628.92969 0.000689
9629.03125 0.000682
9629.13281 0.000675
9629.23438 0.000668
9629.33594 0.000661
9629.43848 0.000655
9629.54004 0.000648
9629.64160 0.000641
9629.74316 0.000634
9629.84473 0.000627
9629.94629 0.00062
9630.04785 0.000615
9630.14941 0.000614
9630.25098 0.000613
9630.35352 0.000612
9630.45508 0.000611
9630.55664 0.00061
9630.65820 0.000608
9630.75977 0.000607
9630.86133 0.000606
9630.96289 0.000605
9631.06445 0.000604
9631.16699 0.000603
9631.26855 0.000601
9631.37012 0.0006
9631.47168 0.000599
9631.57324 0.000598
9631.67480 0.000597
9631.77637 0.000596
9631.87891 0.000594
9631.98047 0.000593
9632.08203 0.00059
9632.18359 0.000587
9632.28516 0.000584
9632.38672 0.00058
9632.48926 0.000577
9632.59082 0.000574
9632.69238 0.000571
9632.79395 0.000567
9632.89648 0.000564
9632.99707 0.000561
9633.09863 0.000557
9633.20117 0.000554
9633.30273 0.000551
9633.40430 0.000548
9633.50586 0.000544
9633.60742 0.000541
9633.70898 0.000538
9633.81152 0.000534
9633.91309 0.000531
9634.01465 0.000527
9634.11621 0.000517
9634.21777 0.000508
9634.31934 0.000499
9634.42188 0.000489
9634.52344 0.00048
9634.62500 0.00047
9634.72656 0.000461
9634.82812 0.000451
9634.93066 0.000442
9635.03223 0.000433
9635.13379 0.000423
9635.23535 0.000414
9635.33691 0.000404
10598.87109 0.0
