threeML/data/optical_filters/HST/NICMOS1-F164N.ecsv
# %ECSV 0.9
# ---
# datatype:
# - {name: wavelength, unit: Angstrom, datatype: float32}
# - {name: response, datatype: float32}
# meta: !!omap
# - {band_name: F164N}
# - {group_name: NICMOS1}
wavelength response
[from data line 1534]
16541.50977 0.116821
16541.71094 0.116019
16541.91016 0.115216
16542.10938 0.11442
16542.31055 0.113637
16542.50977 0.112847
16542.71094 0.112056
16542.91016 0.111266
16543.10938 0.110475
16543.31055 0.109685
16543.51953 0.108894
16543.72070 0.108103
16543.91992 0.107312
16544.11914 0.10651
16544.32031 0.105701
16544.51953 0.104899
16544.72070 0.104089
16544.91992 0.103278
16545.11914 0.102469
16545.32031 0.101658
16545.52930 0.100848
16545.73047 0.100038
16545.92969 0.099228
16546.13086 0.098412
16546.33008 0.097593
16546.52930 0.096774
16546.73047 0.095955
16546.92969 0.095136
16547.13086 0.094317
16547.33984 0.093498
16547.53906 0.092686
16547.74023 0.091867
16547.93945 0.091048
16548.14062 0.090284
16548.33984 0.089545
16548.53906 0.088806
16548.74023 0.088068
16548.93945 0.087329
16549.14062 0.08659
16549.34961 0.085851
16549.55078 0.085112
16549.75000 0.084373
16549.94922 0.083634
16550.15039 0.082864
16550.34961 0.082083
16550.55078 0.081303
16550.75000 0.080522
16550.96094 0.079742
16551.16016 0.078961
16551.35938 0.07818
16551.56055 0.0774
16551.75977 0.076626
16551.96094 0.075846
16552.16016 0.075155
16552.35938 0.074488
16552.56055 0.07382
16552.75977 0.073152
16552.96094 0.072485
16553.16992 0.071817
16553.36914 0.07115
16553.57031 0.070482
16553.76953 0.069814
16553.97070 0.069146
16554.16992 0.06848
16554.36914 0.067814
16554.57031 0.067148
16554.77930 0.066482
16554.98047 0.065816
16555.17969 0.06515
16555.38086 0.064484
16555.58008 0.063818
16555.77930 0.063152
16555.98047 0.062485
16556.17969 0.061918
16556.38086 0.061361
16556.58984 0.060803
16556.78906 0.060245
16556.99023 0.059688
16557.18945 0.05913
16557.39062 0.058572
16557.58984 0.058014
16557.78906 0.057456
16557.99023 0.056899
16558.19922 0.056282
16558.40039 0.055663
16558.59961 0.055045
16558.80078 0.054426
16559.00000 0.053807
16559.19922 0.053189
16559.40039 0.05257
16559.59961 0.051951
16559.80078 0.051332
16560.00977 0.050718
16560.21094 0.050275
16560.41016 0.049832
16560.60938 0.049388
16560.81055 0.048945
16561.00977 0.048502
16561.21094 0.048058
16561.41016 0.047615
16561.61914 0.047171
16561.82031 0.046728
16562.01953 0.04628
16562.22070 0.045782
16562.41992 0.04528
16562.61914 0.044783
16562.82031 0.044285
16563.02930 0.043788
16563.23047 0.04329
16563.42969 0.042793
16563.63086 0.042295
16563.83008 0.041797
16564.02930 0.041318
16564.23047 0.040937
16564.42969 0.040556
16564.63086 0.040176
16564.83984 0.039795
16565.03906 0.039414
16565.24023 0.039033
16565.43945 0.038652
16565.64062 0.038271
16565.83984 0.03789
16566.03906 0.037505
16566.24023 0.037106
16566.44922 0.036707
16566.65039 0.036308
16566.84961 0.035905
16567.05078 0.035506
16567.25000 0.035107
16567.44922 0.034708
16567.65039 0.034309
16567.85938 0.03391
16568.06055 0.033535
16568.25977 0.033223
16568.46094 0.032911
16568.66016 0.032599
16568.85938 0.032286
16569.06055 0.031974
16569.25977 0.031662
16569.46094 0.03135
16569.66992 0.031034
16569.86914 0.030722
16570.07031 0.030407
16570.26953 0.030089
16570.47070 0.02977
16570.66992 0.029451
16570.88086 0.029132
16571.08008 0.028813
16571.27930 0.028494
16571.48047 0.028175
16571.67969 0.027856
16571.88086 0.027537
16572.08008 0.027232
16572.28906 0.026952
16572.49023 0.026672
16572.68945 0.026393
16572.89062 0.026113
16573.08984 0.025833
16573.28906 0.025554
16573.49023 0.025274
16573.68945 0.024994
16573.89062 0.024714
16574.09961 0.024456
16574.30078 0.024226
16574.50000 0.023996
16574.69922 0.023766
16574.90039 0.023536
16575.09961 0.023306
16575.30078 0.023076
16575.50977 0.022846
16575.71094 0.022616
16575.91016 0.022383
16576.10938 0.022148
16576.31055 0.021908
16576.50977 0.021669
16576.71094 0.021429
16576.91992 0.02119
16577.11914 0.02095
16577.32031 0.020711
16577.51953 0.020469
16577.72070 0.020229
16577.91992 0.019989
16578.11914 0.019801
16578.33008 0.019645
16578.52930 0.019488
16578.73047 0.019332
16578.92969 0.019175
16579.13086 0.019017
16579.33008 0.01886
16579.53906 0.018703
16579.74023 0.018547
16579.93945 0.01839
16580.14062 0.018199
16580.33984 0.017991
16580.53906 0.017782
16580.74023 0.017575
16580.94922 0.017368
16581.15039 0.017161
16581.34961 0.016953
16581.55078 0.016746
16581.75000 0.016539
16581.94922 0.016329
16582.15039 0.016163
16582.35938 0.016009
16582.56055 0.015854
16582.75977 0.0157
16582.96094 0.015546
16583.16016 0.01539
16583.35938 0.015236
16583.56055 0.015082
16583.76953 0.014927
16583.97070 0.014773
16584.16992 0.014637
16584.36914 0.014503
16584.57031 0.014371
16584.76953 0.014238
16584.97070 0.014106
16585.17969 0.013973
16585.38086 0.013841
16585.58008 0.013707
16585.77930 0.013574
16585.98047 0.013442
16586.17969 0.013308
16586.38086 0.013175
16586.58984 0.01304
16586.78906 0.012907
16586.99023 0.012773
16587.18945 0.01264
16587.39062 0.012506
16587.58984 0.012373
16587.80078 0.012238
16588.00000 0.012105
16588.19922 0.011978
16588.40039 0.011851
16588.59961 0.011725
16588.80078 0.011597
16589.00977 0.011471
16589.21094 0.011344
16589.41016 0.011217
16589.60938 0.011091
16589.81055 0.010963
16590.00977 0.01084
16590.21094 0.010757
16590.41992 0.010675
16590.61914 0.010593
16590.82031 0.010509
16591.01953 0.010427
16591.22070 0.010345
16591.41992 0.010262
16591.63086 0.010179
16591.83008 0.010097
16592.02930 0.01001
16592.23047 0.009896
16592.42969 0.009783
16592.63086 0.009668
16592.83984 0.009554
16593.03906 0.00944
16593.24023 0.009327
16593.43945 0.009212
16593.64062 0.009098
16593.83984 0.008984
16594.03906 0.008883
16594.25000 0.008827
16594.44922 0.00877
16594.65039 0.008714
16594.84961 0.008658
16595.05078 0.008602
16595.25977 0.008545
16595.46094 0.008489
16595.66016 0.008433
16595.85938 0.008376
16596.06055 0.008309
16596.25977 0.008219
16596.46094 0.008129
16596.66992 0.008039
16596.86914 0.007948
16597.07031 0.007858
16597.26953 0.007768
16597.47070 0.007678
16597.67969 0.007587
16597.88086 0.007497
16598.08008 0.007422
16598.27930 0.007369
16598.48047 0.007315
16598.67969 0.007262
16598.88086 0.007208
16599.08984 0.007155
16599.28906 0.007101
16599.49023 0.007048
16599.68945 0.006995
16599.89062 0.006942
16600.09961 0.00688
16600.30078 0.006811
16600.50000 0.006742
16600.69922 0.006672
16600.90039 0.006602
16601.09961 0.006533
16601.30078 0.006464
16601.50977 0.006394
16601.71094 0.006325
16601.91016 0.006255
16602.10938 0.006198
16602.31055 0.00615
16602.51953 0.006103
16602.72070 0.006056
16602.91992 0.006008
16603.11914 0.00596
16603.32031 0.005913
16603.51953 0.005866
16603.73047 0.005818
16603.92969 0.005771
16604.13086 0.005719
16604.33008 0.005663
16604.52930 0.005608
16604.73047 0.005554
16604.93945 0.005499
16605.14062 0.005444
16605.33984 0.005389
16605.53906 0.005334
16605.74023 0.005279
16605.94922 0.005224
16606.15039 0.005182
16606.34961 0.005144
16606.55078 0.005106
16606.75000 0.005068
16606.94922 0.00503
16607.16016 0.004992
16607.35938 0.004955
16607.56055 0.004917
16607.75977 0.004879
16607.96094 0.004841
16608.16016 0.00481
16608.36914 0.004779
16608.57031 0.004749
16608.76953 0.004719
16608.97070 0.004689
16609.16992 0.004659
16609.36914 0.004629
16609.58008 0.004599
16609.77930 0.004569
16609.98047 0.004539
16610.17969 0.004493
16610.38086 0.004446
16610.58984 0.004399
16610.78906 0.004352
16610.99023 0.004305
16611.18945 0.004258
16611.39062 0.00421
16611.59961 0.004163
16611.80078 0.004117
16612.00000 0.004069
16612.19922 0.004057
16612.40039 0.004044
16612.60938 0.004032
16612.81055 0.004019
16613.00977 0.004007
16613.21094 0.003994
16613.41016 0.003982
16613.60938 0.00397
16613.82031 0.003957
16614.01953 0.00394
16614.22070 0.003876
16614.41992 0.003811
16614.61914 0.003747
16614.83008 0.003682
16615.02930 0.003618
16615.23047 0.003554
16615.42969 0.003489
16615.63086 0.003425
16615.83008 0.003361
16616.03906 0.003302
16616.24023 0.003269
16616.43945 0.003236
16616.64062 0.003203
16616.83984 0.00317
16617.05078 0.003137
16617.25000 0.003104
16617.44922 0.003071
16617.65039 0.003038
16617.84961 0.003005
16618.05078 0.002967
16618.25977 0.002916
16618.46094 0.002865
16618.66016 0.002813
16618.85938 0.002763
16619.06055 0.002712
16619.26953 0.00266
16619.47070 0.00261
16619.66992 0.002558
16619.86914 0.002507
16620.07031 0.002483
16620.27930 0.002505
16620.48047 0.002526
16620.67969 0.002548
16620.88086 0.002569
16621.08008 0.002591
16621.28906 0.002613
16621.49023 0.002634
16621.68945 0.002656
16621.89062 0.002677
16622.08984 0.002687
16622.30078 0.002685
16622.50000 0.002682
16622.69922 0.00268
16622.90039 0.002677
16623.09961 0.002674
16623.31055 0.002672
16623.50977 0.002669
16623.71094 0.002666
16623.91016 0.002664
16624.10938 0.002642
16624.32031 0.002606
16624.51953 0.002569
16624.72070 0.002532
16624.91992 0.002496
16625.13086 0.002459
16625.33008 0.002423
16625.52930 0.002387
16625.73047 0.00235
16625.92969 0.002313
16626.13086 0.002283
16626.33984 0.002257
16626.53906 0.002231
16626.74023 0.002204
16626.93945 0.002178
16627.14062 0.002152
16627.34961 0.002125
16627.55078 0.002099
16627.75000 0.002073
16627.94922 0.002046
16628.15039 0.002035
16628.35938 0.002028
16628.56055 0.002021
16628.75977 0.002014
16628.96094 0.002006
16629.16016 0.001999
16629.36914 0.001992
16629.57031 0.001985
16629.76953 0.001978
16629.97070 0.001971
16630.17969 0.001958
16630.38086 0.001944
16630.58008 0.00193
16630.77930 0.001916
16630.98047 0.001902
16631.18945 0.001888
16631.39062 0.001874
16631.58984 0.001859
16631.78906 0.001845
16631.99023 0.001831
16632.19922 0.001834
16632.40039 0.001838
16632.59961 0.001842
16632.80078 0.001846
16633.00000 0.001849
16633.21094 0.001853
16633.41016 0.001857
16633.60938 0.001861
16633.81055 0.001865
16634.00977 0.001865
16634.22070 0.001822
16634.41992 0.00178
16634.61914 0.001737
16634.82031 0.001694
16635.02930 0.001651
16635.23047 0.001608
16635.42969 0.001565
16635.63086 0.001523
16635.83008 0.00148
16636.03906 0.001447
16636.24023 0.001462
16636.43945 0.001476
16636.64062 0.001491
16636.83984 0.001505
16637.05078 0.00152
16637.25000 0.001534
16637.44922 0.001549
16637.65039 0.001563
16637.85938 0.001578
16638.06055 0.001584
16638.25977 0.001568
16638.46094 0.001552
16638.66016 0.001535
16638.86914 0.001519
16639.07031 0.001503
16639.26953 0.001487
16639.47070 0.001471
16639.66992 0.001455
16639.88086 0.001438
16640.08008 0.001415
16640.27930 0.001379
16640.48047 0.001343
16640.68945 0.001306
16640.89062 0.001271
16641.08984 0.001234
16641.28906 0.001199
16641.49023 0.001162
16641.69922 0.001126
16641.90039 0.00109
16642.09961 0.001077
16642.30078 0.001086
16642.50977 0.001095
16642.71094 0.001104
16642.91016 0.001113
16643.10938 0.001123
16643.31055 0.001132
16643.51953 0.001141
16643.72070 0.00115
16643.91992 0.001159
16644.11914 0.001161
16644.32031 0.001157
16644.52930 0.001154
16644.73047 0.00115
16644.92969 0.001147
16645.13086 0.001143
16645.33984 0.00114
16645.53906 0.001136
16645.74023 0.001133
16645.93945 0.001129
16646.14062 0.001119
16646.34961 0.001107
16646.55078 0.001094
16646.75000 0.001081
16646.96094 0.001068
16647.16016 0.001056
16647.35938 0.001043
16647.56055 0.00103
16647.75977 0.001017
16647.96094 0.001005
16648.16992 0.000994
16648.36914 0.000984
16648.57031 0.000973
16648.77930 0.000963
16648.98047 0.000953
16649.17969 0.000942
16649.38086 0.000932
16649.58008 0.000921
16649.78906 0.000911
16649.99023 0.000901
16650.18945 0.00091
16650.39062 0.000921
16650.59961 0.000932
16650.80078 0.000943
16651.00000 0.000954
16651.19922 0.000965
16651.40039 0.000975
16651.60938 0.000986
16651.81055 0.000997
16652.00977 0.001006
16652.21094 0.00098
16652.41992 0.000955
16652.61914 0.00093
16652.82031 0.000905
16653.01953 0.000879
16653.23047 0.000854
16653.42969 0.000829
16653.63086 0.000804
16653.83008 0.000778
16654.03906 0.000755
16654.24023 0.000743
16654.43945 0.00073
16654.64062 0.000717
16654.83984 0.000705
16655.05078 0.000692
16655.25000 0.000679
16655.44922 0.000666
16655.65039 0.000654
16655.85938 0.000641
16656.06055 0.000638
16656.25977 0.00066
16656.46094 0.000682
16656.66992 0.000704
16656.86914 0.000726
16657.07031 0.000748
16657.26953 0.00077
16657.47070 0.000792
16657.67969 0.000814
16657.88086 0.000836
16658.08008 0.000839
16658.28906 0.000813
16658.49023 0.000788
16658.68945 0.000762
16658.89062 0.000737
16659.08984 0.000712
16659.30078 0.000686
16659.50000 0.000661
16659.69922 0.000636
16659.90039 0.00061
16660.10938 0.000602
16660.31055 0.000609
16660.50977 0.000616
16660.71094 0.000623
16660.91992 0.000631
16661.11914 0.000638
16661.32031 0.000645
16661.51953 0.000652
16661.73047 0.000659
16661.92969 0.000666
16662.13086 0.00066
16662.33008 0.000645
16662.53906 0.00063
16662.74023 0.000616
16662.93945 0.000601
16663.14062 0.000587
16663.34961 0.000572
16663.55078 0.000557
16663.75000 0.000543
16663.94922 0.000528
16664.16016 0.000535
16664.35938 0.000548
16664.56055 0.000561
16664.75977 0.000574
16664.96094 0.000586
16665.16992 0.000599
16665.36914 0.000612
16665.57031 0.000625
16665.77930 0.000638
16665.98047 0.000651
16666.17969 0.000644
16666.38086 0.000635
16666.58984 0.000626
16666.78906 0.000618
16666.99023 0.000609
16667.18945 0.0006
16667.40039 0.000591
16667.59961 0.000582
16667.80078 0.000573
16668.00000 0.000564
16668.21094 0.000544
16668.41016 0.000523
16668.60938 0.000503
16668.81055 0.000483
16669.01953 0.000462
16669.22070 0.000442
16669.41992 0.000422
16669.61914 0.000401
18336.58203 0.0
