threeML/data/optical_filters/HST/NICMOS2-F212N.ecsv
# %ECSV 0.9
# ---
# datatype:
# - {name: wavelength, unit: Angstrom, datatype: float32}
# - {name: response, datatype: float32}
# meta: !!omap
# - {band_name: F212N}
# - {group_name: NICMOS2}
wavelength response
20980.41016 0.0
20980.61914 0.000153
20980.83008 0.000559
20981.03906 0.000961
20981.24023 0.001363
20981.46094 0.001769
20981.66016 0.002171
20981.86914 0.002573
20982.08008 0.002796
20982.28906 0.002743
20982.50000 0.00269
20982.71094 0.002638
20982.91992 0.002585
20983.13086 0.002532
20983.33984 0.002479
20983.55078 0.002426
20983.75977 0.002374
20983.97070 0.002321
20984.17969 0.002187
20984.39062 0.00204
20984.59961 0.001893
20984.81055 0.001746
20985.01953 0.001598
20985.23047 0.001451
20985.43945 0.001304
20985.65039 0.001155
20985.85938 0.001008
20986.06055 0.000916
20986.27930 0.000946
20986.48047 0.000976
20986.68945 0.001006
20986.90039 0.001036
20987.10938 0.001066
20987.32031 0.001096
20987.52930 0.001126
20987.74023 0.001156
20987.94922 0.001186
20988.16016 0.001187
20988.36914 0.00118
20988.58008 0.001173
20988.78906 0.001166
20989.00000 0.001159
20989.21094 0.001152
20989.41992 0.001144
20989.63086 0.001137
20989.83984 0.00113
20990.05078 0.001131
20990.25977 0.001157
20990.47070 0.001183
20990.67969 0.00121
20990.89062 0.001236
20991.09961 0.001263
20991.31055 0.001289
20991.51953 0.001316
20991.72070 0.001342
20991.93945 0.001368
20992.14062 0.001412
20992.34961 0.001463
20992.56055 0.001514
20992.76953 0.001565
20992.98047 0.001617
20993.18945 0.001668
20993.40039 0.001719
20993.60938 0.00177
20993.82031 0.001821
20994.02930 0.001857
20994.24023 0.001806
20994.44922 0.001756
20994.66016 0.001706
20994.86914 0.001655
20995.08008 0.001605
20995.28906 0.001555
20995.50000 0.001504
20995.71094 0.001454
20995.91992 0.001403
20996.13086 0.001335
20996.33984 0.001254
20996.55078 0.001173
20996.75977 0.001093
20996.97070 0.001012
20997.17969 0.000931
20997.39062 0.000851
20997.59961 0.00077
20997.81055 0.000689
20998.01953 0.000632
20998.23047 0.000868
20998.43945 0.001102
20998.64062 0.001336
20998.85938 0.001572
20999.06055 0.001806
20999.27930 0.002042
20999.48047 0.002276
20999.68945 0.00251
20999.90039 0.002747
21000.10938 0.002836
21000.32031 0.002803
21000.52930 0.00277
21000.74023 0.002737
21000.94922 0.002703
21001.16016 0.00267
21001.36914 0.002637
21001.58008 0.002604
21001.78906 0.002571
21002.00000 0.002537
21002.21094 0.002484
21002.41992 0.002431
21002.63086 0.002379
21002.83984 0.002326
21003.05078 0.002273
21003.25977 0.00222
21003.47070 0.002167
21003.67969 0.002114
21003.89062 0.002062
21004.09961 0.002052
21004.31055 0.002091
21004.51953 0.002131
21004.73047 0.00217
21004.93945 0.002209
21005.15039 0.002248
21005.35938 0.002287
21005.57031 0.002326
21005.77930 0.002365
21005.99023 0.002404
21006.19922 0.002429
21006.41016 0.002453
21006.61914 0.002477
21006.83008 0.002501
21007.03906 0.002526
21007.25000 0.002549
21007.46094 0.002574
21007.66992 0.002598
21007.88086 0.002622
21008.08984 0.002632
21008.28906 0.002623
21008.50977 0.002614
21008.71094 0.002605
21008.92969 0.002596
21009.13086 0.002587
21009.33984 0.002578
21009.55078 0.002569
21009.75977 0.00256
21009.97070 0.002551
21010.17969 0.002614
21010.39062 0.002687
21010.59961 0.00276
21010.81055 0.002833
21011.01953 0.002906
21011.23047 0.002979
21011.43945 0.003052
21011.65039 0.003125
21011.85938 0.003199
21012.07031 0.003219
21012.27930 0.003138
21012.49023 0.003059
21012.69922 0.002979
21012.91016 0.002899
21013.11914 0.002819
21013.33008 0.002739
21013.53906 0.00266
21013.75000 0.00258
21013.96094 0.0025
21014.16992 0.002576
21014.38086 0.002687
21014.58984 0.002799
21014.80078 0.00291
21015.00977 0.003022
21015.22070 0.003132
21015.42969 0.003244
21015.64062 0.003355
21015.84961 0.003467
21016.06055 0.003523
21016.26953 0.003443
21016.48047 0.003364
21016.68945 0.003284
21016.90039 0.003204
21017.10938 0.003125
21017.32031 0.003045
21017.52930 0.002966
21017.74023 0.002886
21017.94922 0.002807
21018.16016 0.002935
21018.36914 0.003127
21018.58008 0.003321
21018.78906 0.003513
21019.00000 0.003706
21019.21094 0.003899
21019.41992 0.004092
21019.63086 0.004284
21019.83984 0.004478
21020.05078 0.00461
21020.25977 0.004545
21020.47070 0.00448
21020.67969 0.004415
21020.89062 0.004351
21021.09961 0.004286
21021.31055 0.004221
21021.51953 0.004156
21021.73047 0.004091
21021.93945 0.004026
21022.15039 0.004049
21022.35938 0.004107
21022.57031 0.004166
21022.77930 0.004224
21022.99023 0.004282
21023.19922 0.004341
21023.41016 0.004399
21023.61914 0.004458
21023.83008 0.004516
21024.03906 0.004562
21024.25000 0.00455
21024.46094 0.004539
21024.66992 0.004527
21024.88086 0.004516
21025.08984 0.004504
21025.30078 0.004492
21025.50977 0.004481
21025.72070 0.004469
21025.92969 0.004458
21026.14062 0.004528
21026.34961 0.004641
21026.56055 0.004752
21026.76953 0.004865
21026.98047 0.004977
21027.18945 0.00509
21027.40039 0.005202
21027.60938 0.005314
21027.82031 0.005426
21028.02930 0.005518
21028.24023 0.005477
21028.44922 0.005436
21028.66016 0.005396
21028.86914 0.005355
21029.08008 0.005315
21029.28906 0.005274
21029.50000 0.005233
21029.71094 0.005193
21029.91992 0.005152
21030.13086 0.005191
21030.33984 0.005279
21030.55078 0.005366
21030.75977 0.005455
21030.97070 0.005542
21031.17969 0.00563
21031.39062 0.005718
21031.59961 0.005806
21031.81055 0.005894
21032.01953 0.005972
21032.23047 0.005959
21032.43945 0.005945
21032.65039 0.005931
21032.85938 0.005918
21033.07031 0.005904
21033.27930 0.00589
21033.49023 0.005877
21033.69922 0.005863
21033.91016 0.005849
21034.11914 0.005915
21034.33008 0.006039
21034.53906 0.006164
21034.75000 0.006288
21034.96094 0.006413
21035.16992 0.006539
21035.38086 0.006662
21035.58984 0.006788
21035.80078 0.006912
21036.00977 0.007025
21036.22070 0.006933
21036.42969 0.006841
21036.64062 0.006748
21036.84961 0.006657
21037.06055 0.006565
21037.26953 0.006473
21037.48047 0.006381
21037.68945 0.006289
21037.90039 0.006197
21038.10938 0.006315
21038.32031 0.006611
21038.52930 0.006911
21038.74023 0.007207
21038.94922 0.007506
21039.16016 0.007805
21039.36914 0.008102
21039.58008 0.008401
21039.78906 0.008697
21040.00000 0.008988
21040.21094 0.008825
21040.41992 0.008663
21040.63086 0.0085
21040.83984 0.008338
21041.05078 0.008175
21041.26953 0.008012
21041.47070 0.00785
21041.68945 0.007687
21041.89062 0.007525
21042.10938 0.007481
21042.32031 0.007555
21042.52930 0.007628
21042.74023 0.007701
21042.94922 0.007775
21043.16016 0.007848
21043.36914 0.007922
21043.58008 0.007995
21043.78906 0.008069
21044.00000 0.008142
21044.21094 0.008322
21044.41992 0.008504
21044.63086 0.008684
21044.83984 0.008866
21045.05078 0.009047
21045.25977 0.009228
21045.47070 0.009409
21045.67969 0.009589
21045.89062 0.009771
21046.09961 0.009868
21046.31055 0.00987
21046.51953 0.009872
21046.73047 0.009875
21046.93945 0.009877
21047.15039 0.009879
21047.35938 0.009881
21047.57031 0.009883
21047.77930 0.009885
21047.99023 0.009887
21048.19922 0.010124
21048.41016 0.010373
21048.61914 0.010619
21048.83008 0.010867
21049.03906 0.011115
21049.25000 0.011361
21049.46094 0.01161
21049.66992 0.011858
21049.88086 0.012104
21050.08984 0.012255
21050.30078 0.012283
21050.50977 0.012312
21050.72070 0.012341
21050.92969 0.012369
21051.14062 0.012398
21051.35938 0.012426
21051.56055 0.012455
21051.77930 0.012484
21051.99023 0.012512
21052.19922 0.012563
21052.41016 0.012616
21052.61914 0.012669
21052.83008 0.012721
21053.03906 0.012774
21053.25000 0.012827
21053.46094 0.012879
21053.66992 0.012932
21053.88086 0.012985
21054.08984 0.012998
21054.30078 0.012954
21054.50977 0.012911
21054.72070 0.012868
21054.92969 0.012825
21055.14062 0.012781
21055.34961 0.012739
21055.56055 0.012695
21055.76953 0.012652
21055.98047 0.012609
21056.18945 0.012911
21056.40039 0.013248
21056.60938 0.013582
21056.82031 0.013919
21057.02930 0.014256
21057.24023 0.01459
21057.44922 0.014927
21057.66016 0.015264
21057.86914 0.015598
21058.08008 0.015934
21058.28906 0.016269
21058.50977 0.016604
21058.71094 0.016935
21058.92969 0.01727
21059.14062 0.017605
21059.34961 0.017937
21059.56055 0.018272
21059.76953 0.018607
21059.98047 0.018938
21060.18945 0.018853
21060.40039 0.018715
21060.60938 0.018577
21060.82031 0.01844
21061.02930 0.018302
21061.24023 0.018163
21061.44922 0.018027
21061.66016 0.017888
21061.86914 0.01775
21062.08008 0.017773
21062.28906 0.018057
21062.50000 0.01834
21062.71094 0.018624
21062.91992 0.018905
21063.13086 0.019188
21063.33984 0.019472
21063.55078 0.019752
21063.75977 0.020036
21063.97070 0.020319
21064.18945 0.020534
21064.39062 0.020737
21064.60938 0.020941
21064.82031 0.021146
21065.02930 0.021349
21065.24023 0.021554
21065.44922 0.021759
21065.66016 0.021963
21065.86914 0.022166
21066.08008 0.022387
21066.28906 0.022636
21066.50000 0.022884
21066.71094 0.02313
21066.91992 0.023378
21067.13086 0.023627
21067.33984 0.023875
21067.55078 0.024121
21067.75977 0.024369
21067.97070 0.024618
21068.17969 0.02485
21068.39062 0.025082
21068.59961 0.025315
21068.81055 0.025547
21069.01953 0.025777
21069.23047 0.02601
21069.44922 0.026242
21069.66016 0.026475
21069.86914 0.026705
21070.08008 0.027003
21070.28906 0.027415
21070.50000 0.027828
21070.71094 0.028237
21070.91992 0.02865
21071.13086 0.029063
21071.33984 0.029475
21071.55078 0.029884
21071.75977 0.030297
21071.97070 0.03071
21072.17969 0.031033
21072.39062 0.03134
21072.59961 0.031649
21072.81055 0.031958
21073.01953 0.032267
21073.23047 0.032577
21073.43945 0.032883
21073.65039 0.033192
21073.86914 0.033501
21074.08008 0.033813
21074.28906 0.034127
21074.50000 0.034444
21074.71094 0.034761
21074.91992 0.035078
21075.13086 0.035392
21075.33984 0.035709
21075.55078 0.036026
21075.75977 0.036343
21075.97070 0.03666
21076.17969 0.036939
21076.39062 0.037215
21076.59961 0.037491
21076.81055 0.037767
21077.01953 0.03804
21077.23047 0.038316
21077.43945 0.038592
21077.65039 0.038868
21077.86914 0.039144
21078.07031 0.03948
21078.28906 0.039934
21078.50000 0.040389
21078.71094 0.040843
21078.91992 0.041297
21079.13086 0.041747
21079.33984 0.042201
21079.55078 0.042655
21079.75977 0.043109
21079.97070 0.043564
21080.17969 0.043933
21080.39062 0.044292
21080.59961 0.044651
21080.81055 0.045011
21081.01953 0.04537
21081.23047 0.045726
21081.43945 0.046086
21081.65039 0.046445
21081.86914 0.046804
21082.08008 0.047277
21082.28906 0.047945
21082.50000 0.048619
21082.71094 0.049293
21082.91992 0.049968
21083.13086 0.050642
21083.33984 0.051316
21083.55078 0.051984
21083.75977 0.052658
21083.97070 0.053332
21084.17969 0.053924
21084.39062 0.054503
21084.59961 0.055077
21084.81055 0.055655
21085.01953 0.056234
21085.23047 0.056813
21085.44922 0.057392
21085.66016 0.057971
21085.86914 0.058545
21086.08008 0.059095
21086.28906 0.059594
21086.50000 0.060094
21086.71094 0.060593
21086.91992 0.061092
21087.13086 0.061587
21087.33984 0.062086
21087.55078 0.062586
21087.75977 0.063085
21087.97070 0.063584
21088.17969 0.064229
21088.39062 0.064889
21088.59961 0.065555
21088.81055 0.066222
21089.02930 0.066888
21089.24023 0.067554
21089.44922 0.068221
21089.66016 0.068887
21089.86914 0.069547
21090.08008 0.07023
21090.28906 0.070941
21090.50000 0.071653
21090.71094 0.072364
21090.91992 0.073075
21091.13086 0.07378
21091.33984 0.074491
21091.55078 0.075202
21091.75977 0.075914
21091.97070 0.076625
21092.18945 0.077382
21092.40039 0.078145
21092.60938 0.078907
21092.82031 0.079663
21093.02930 0.080426
21093.24023 0.081189
21093.44922 0.081952
21093.66016 0.082715
21093.86914 0.083478
21094.08008 0.084272
21094.28906 0.085107
21094.50000 0.08595
21094.71094 0.086794
21094.91992 0.087637
21095.13086 0.08848
21095.34961 0.089324
21095.56055 0.090167
21095.76953 0.09101
21095.98047 0.091846
21096.18945 0.092697
21096.40039 0.093549
21096.60938 0.094402
21096.82031 0.095254
21097.02930 0.096106
21097.24023 0.096959
21097.44922 0.097811
21097.66016 0.098663
21097.86914 0.099508
21098.08008 0.100435
21098.28906 0.101474
21098.50977 0.102513
21098.72070 0.103552
21098.92969 0.104592
21099.14062 0.105631
21099.34961 0.10667
21099.56055 0.10771
21099.76953 0.108749
21099.98047 0.109779
21100.18945 0.110717
21100.40039 0.111644
21100.60938 0.112572
21100.82031 0.1135
21101.03906 0.114427
21101.25000 0.115355
21101.46094 0.116283
21101.66992 0.11721
21101.88086 0.118138
21102.08984 0.11916
21102.30078 0.1203
21102.50977 0.12145
21102.72070 0.1226
21102.92969 0.12375
21103.14062 0.1249
21103.34961 0.12605
21103.56055 0.1272
21103.77930 0.12835
21103.99023 0.1295
21104.19922 0.130619
21104.41016 0.131735
21104.61914 0.132852
21104.83008 0.133958
21105.03906 0.135075
21105.25000 0.136192
21105.46094 0.137308
21105.66992 0.138425
21105.88086 0.139542
21106.08984 0.140638
21106.30078 0.14171
21106.51953 0.142782
21106.73047 0.143854
21106.93945 0.144925
21107.15039 0.145997
21107.35938 0.147069
21107.57031 0.148141
21107.77930 0.149212
21107.99023 0.150275
21108.19922 0.151407
21108.41016 0.152543
21108.61914 0.153679
21108.83008 0.154815
21109.03906 0.15595
21109.25977 0.157086
21109.47070 0.158222
21109.67969 0.159358
21109.89062 0.160494
21110.09961 0.161568
21110.31055 0.162572
21110.51953 0.163577
21110.73047 0.164581
21110.93945 0.165586
21111.15039 0.166591
21111.36914 0.167595
21111.58008 0.1686
21111.78906 0.169605
21112.00000 0.170609
21112.21094 0.171823
21112.41992 0.173039
21112.63086 0.174255
21112.83984 0.17546
21113.05078 0.176676
21113.25977 0.177892
21113.47070 0.179108
21113.67969 0.180324
21113.89062 0.18154
21114.10938 0.182655
21114.32031 0.183669
21114.52930 0.184683
21114.74023 0.185697
21114.94922 0.186711
21115.16016 0.187725
21115.36914 0.188739
21115.58008 0.189753
21115.78906 0.190768
21116.00000 0.19178
21116.21094 0.192695
21116.42969 0.19361
21116.64062 0.194525
21116.84961 0.195439
21117.06055 0.196354
21117.26953 0.197269
21117.48047 0.198184
21117.68945 0.199099
21117.90039 0.200014
21118.10938 0.201032
21118.32031 0.202138
21118.53906 0.203244
21118.75000 0.20435
21118.96094 0.205456
21119.16992 0.206562
21119.38086 0.207668
21119.58984 0.208774
21119.80078 0.20988
21120.00977 0.210971
21120.22070 0.211807
21120.42969 0.212643
21120.64062 0.213479
21120.85938 0.214316
21121.07031 0.215152
21121.27930 0.215988
21121.49023 0.216825
21121.69922 0.217661
21121.91016 0.218497
21122.11914 0.219321
21122.33008 0.220136
21122.53906 0.22095
21122.75000 0.221765
21122.96094 0.222579
21123.17969 0.223394
21123.39062 0.224209
21123.59961 0.225023
21123.81055 0.225838
21124.01953 0.226651
21124.23047 0.227446
21124.43945 0.228241
21124.65039 0.229036
21124.85938 0.229831
21125.07031 0.230626
21125.28906 0.231421
21125.50000 0.232216
21125.71094 0.233019
21125.91992 0.233814
21126.13086 0.234473
21126.33984 0.235049
21126.55078 0.235625
21126.75977 0.236202
21126.97070 0.236778
21127.18945 0.237354
21127.40039 0.23793
21127.60938 0.238507
21127.82031 0.239083
21128.02930 0.239665
21128.24023 0.240283
21128.44922 0.240902
21128.66016 0.24152
21128.86914 0.242139
21129.08008 0.242757
21129.28906 0.243376
21129.50977 0.243994
21129.72070 0.244613
21129.92969 0.245231
21130.14062 0.245851
21130.34961 0.246478
21130.56055 0.247099
21130.76953 0.24772
21130.98047 0.248341
21131.19922 0.248962
21131.41016 0.249583
21131.61914 0.250204
21131.83008 0.250825
21132.03906 0.251373
21132.25000 0.251603
21132.46094 0.251833
21132.66992 0.252063
21132.88086 0.252293
21133.08984 0.252523
21133.30078 0.252753
21133.51953 0.252985
21133.73047 0.253215
21133.93945 0.253445
21134.15039 0.253795
21134.35938 0.254193
21134.57031 0.254591
21134.77930 0.254989
21134.99023 0.255387
21135.21094 0.255785
21135.41992 0.256183
21135.63086 0.256582
21135.83984 0.25698
21136.05078 0.257286
21136.25977 0.25729
21136.47070 0.257293
21136.67969 0.257296
21136.89062 0.2573
21137.10938 0.257303
21137.32031 0.257306
21137.52930 0.25731
21137.74023 0.257313
21137.94922 0.257316
21138.16016 0.257437
21138.36914 0.257597
21138.58008 0.257756
21138.78906 0.257914
21139.00977 0.258073
21139.22070 0.258231
21139.42969 0.25839
21139.64062 0.258548
21139.84961 0.258707
21140.06055 0.258875
21140.26953 0.259066
21140.48047 0.259259
21140.69922 0.25945
21140.91016 0.259641
21141.11914 0.259832
21141.33008 0.260023
