threeML/data/optical_filters/HST/NICMOS1-F165M.ecsv
# %ECSV 0.9
# ---
# datatype:
# - {name: wavelength, unit: Angstrom, datatype: float32}
# - {name: response, datatype: float32}
# meta: !!omap
# - {band_name: F165M}
# - {group_name: NICMOS1}
wavelength response
[from data line 766]
15401.66016 0.045017
15402.04004 0.045387
15402.41016 0.045756
15402.79004 0.046126
15403.16016 0.046496
15403.54004 0.046866
15403.91016 0.047235
15404.29004 0.047605
15404.66016 0.047975
15405.04004 0.048348
15405.41992 0.048749
15405.79004 0.049149
15406.16992 0.049549
15406.54004 0.04995
15406.91992 0.050349
15407.29004 0.05075
15407.66992 0.051151
15408.04004 0.051551
15408.41992 0.051952
15408.79004 0.052352
15409.16992 0.052753
15409.54004 0.053153
15409.91992 0.053553
15410.29004 0.054003
15410.66992 0.054464
15411.04980 0.054927
15411.41992 0.055389
15411.79980 0.055852
15412.16992 0.056313
15412.54980 0.056776
15412.91992 0.057239
15413.29980 0.057701
15413.66992 0.058164
15414.04980 0.058626
15414.42969 0.059089
15414.79980 0.059551
15415.17969 0.060031
15415.54980 0.060531
15415.92969 0.06103
15416.29980 0.06153
15416.67969 0.062029
15417.04980 0.06253
15417.42969 0.06303
15417.80957 0.063529
15418.17969 0.064029
15418.55957 0.06453
15418.92969 0.065029
15419.30957 0.065529
15419.67969 0.06603
15420.05957 0.06654
15420.44043 0.067097
15420.80957 0.067655
15421.19043 0.068214
15421.55957 0.068772
15421.94043 0.06933
15422.30957 0.069888
15422.69043 0.070447
15423.07031 0.071006
15423.44043 0.071563
15423.82031 0.072122
15424.19043 0.072681
15424.57031 0.07324
15424.95020 0.073799
15425.32031 0.074365
15425.70020 0.074932
15426.07031 0.0755
15426.45020 0.076068
15426.82031 0.076636
15427.20020 0.077204
15427.58008 0.077772
15427.95020 0.07834
15428.33008 0.078908
15428.70020 0.079476
15429.08008 0.080044
15429.45996 0.080613
15429.83008 0.08118
15430.20996 0.08175
15430.58008 0.082323
15430.95996 0.082896
15431.33008 0.083469
15431.70996 0.084042
15432.08984 0.084614
15432.45996 0.085187
15432.83984 0.085762
15433.21973 0.086335
15433.58984 0.086908
15433.96973 0.087481
15434.33984 0.088054
15434.71973 0.088627
15435.09961 0.089213
15435.46973 0.089834
15435.84961 0.090455
15436.21973 0.091077
15436.59961 0.091698
15436.98047 0.092321
15437.34961 0.092943
15437.73047 0.093564
15438.09961 0.094186
15438.48047 0.094808
15438.86035 0.095429
15439.23047 0.096053
15439.61035 0.096674
15439.99023 0.097296
15440.36035 0.097934
15440.74023 0.098573
15441.11035 0.099213
15441.49023 0.099852
15441.87012 0.100491
15442.24023 0.10113
15442.62012 0.10177
15443.00000 0.102409
15443.37012 0.103048
15443.75000 0.103689
15444.12012 0.104328
15444.50000 0.104967
15444.87988 0.105608
15445.25000 0.106255
15445.62988 0.106905
15446.00977 0.107557
15446.37988 0.108208
15446.75977 0.108858
15447.12988 0.109511
15447.50977 0.110162
15447.88965 0.110814
15448.25977 0.111465
15448.63965 0.112117
15449.01953 0.112768
15449.38965 0.113419
15449.76953 0.114072
15450.15039 0.114729
15450.51953 0.115399
15450.90039 0.116067
15451.28027 0.116737
15451.65039 0.117406
15452.03027 0.118076
15452.40039 0.118744
15452.78027 0.119415
15453.16016 0.120083
15453.53027 0.120753
15453.91016 0.121424
15454.29004 0.122092
15454.66016 0.122763
15455.04004 0.123427
15455.41992 0.12406
15455.79004 0.12469
15456.16992 0.125323
15456.54980 0.125955
15456.91992 0.126586
15457.29980 0.127218
15457.67969 0.127851
15458.04980 0.128482
15458.42969 0.129114
15458.80957 0.129747
15459.17969 0.130378
15459.55957 0.131011
15459.94043 0.131644
15460.30957 0.132232
15460.69043 0.132809
15461.07031 0.133388
15461.44043 0.133966
15461.82031 0.134544
15462.20020 0.135123
15462.57031 0.135702
15462.95020 0.136281
15463.33008 0.13686
15463.70020 0.137437
15464.08008 0.138016
15464.45996 0.138595
15464.83008 0.139175
15465.20996 0.13974
15465.58984 0.140295
15465.95996 0.140848
15466.33984 0.141403
15466.71973 0.141958
15467.08984 0.142513
15467.46973 0.143068
15467.84961 0.143622
15468.23047 0.144177
15468.59961 0.144732
15468.98047 0.145288
15469.36035 0.145843
15469.73047 0.146398
15470.11035 0.146943
15470.49023 0.147464
15470.86035 0.147984
15471.24023 0.148505
15471.62012 0.149026
15472.00000 0.149547
15472.37012 0.150068
15472.75000 0.150589
15473.12988 0.15111
15473.50000 0.151631
15473.87988 0.152152
15474.25977 0.152673
15474.62988 0.153194
15475.00977 0.153714
15475.38965 0.154161
15475.75977 0.154609
15476.13965 0.155056
15476.51953 0.155504
15476.90039 0.155953
15477.26953 0.1564
15477.65039 0.156848
15478.03027 0.157296
15478.40039 0.157744
15478.78027 0.158191
15479.16016 0.15864
15479.54004 0.159088
15479.91016 0.159536
15480.29004 0.159948
15480.66992 0.160349
15481.04004 0.160751
15481.41992 0.161152
15481.79980 0.161553
15482.17969 0.161955
15482.54980 0.162357
15482.92969 0.162758
15483.30957 0.16316
15483.69043 0.163562
15484.05957 0.163963
15484.44043 0.164364
15484.82031 0.164767
15485.19043 0.165143
15485.57031 0.165496
15485.95020 0.165849
15486.33008 0.166202
15486.70020 0.166555
15487.08008 0.166909
15487.45996 0.167261
15487.83984 0.167615
15488.20996 0.167968
15488.58984 0.168321
15488.96973 0.168675
15489.33984 0.169027
15489.71973 0.169381
15490.09961 0.169707
15490.48047 0.169958
15490.84961 0.170209
15491.23047 0.17046
15491.61035 0.170711
15491.99023 0.170962
15492.36035 0.171213
15492.74023 0.171464
15493.12012 0.171715
15493.50000 0.171966
15493.87012 0.172217
15494.25000 0.172468
15494.62988 0.172719
15495.00977 0.172969
15495.37988 0.173169
15495.75977 0.173367
15496.13965 0.173567
15496.51953 0.173766
15496.88965 0.173965
15497.26953 0.174164
15497.65039 0.174364
15498.03027 0.174563
15498.41016 0.174762
15498.78027 0.174961
15499.16016 0.17516
15499.54004 0.17536
15499.91992 0.175559
15500.29004 0.175709
15500.66992 0.175844
15501.04980 0.17598
15501.42969 0.176116
15501.79980 0.176251
15502.17969 0.176387
15502.55957 0.176522
15502.94043 0.176658
15503.30957 0.176794
15503.69043 0.176929
15504.07031 0.177065
15504.45020 0.177201
15504.83008 0.177336
15505.20020 0.177445
15505.58008 0.177531
15505.95996 0.177617
15506.33984 0.177703
15506.70996 0.177789
15507.08984 0.177875
15507.46973 0.177961
15507.84961 0.178047
15508.23047 0.178133
15508.59961 0.178219
15508.98047 0.178305
15509.36035 0.178391
15509.74023 0.178477
15510.12012 0.178548
15510.49023 0.178587
15510.87012 0.178626
15511.25000 0.178665
15511.62988 0.178703
15512.00000 0.178742
15512.37988 0.178781
15512.75977 0.17882
15513.13965 0.178859
15513.51953 0.178898
15513.90039 0.178937
15514.26953 0.178976
15514.65039 0.179015
15515.03027 0.179051
15515.41016 0.179051
15515.79004 0.179052
15516.16016 0.179053
15516.54004 0.179054
15516.91992 0.179054
15517.29980 0.179055
15517.67969 0.179056
15518.04980 0.179057
15518.42969 0.179057
15518.80957 0.179058
15519.19043 0.179059
15519.57031 0.17906
15519.94043 0.17906
15520.32031 0.179032
15520.70020 0.178999
15521.08008 0.178965
15521.45996 0.178932
15521.83008 0.178899
15522.20996 0.178866
15522.58984 0.178832
15522.96973 0.178799
15523.34961 0.178766
15523.73047 0.178732
15524.09961 0.178699
15524.48047 0.178666
15524.86035 0.178633
15525.24023 0.178584
15525.62012 0.178528
15526.00000 0.178471
15526.37012 0.178414
15526.75000 0.178357
15527.12988 0.1783
15527.50977 0.178243
15527.88965 0.178186
15528.26953 0.178129
15528.63965 0.178072
15529.01953 0.178015
15529.40039 0.177958
15529.78027 0.177901
15530.16016 0.177839
15530.54004 0.177769
15530.91016 0.1777
15531.29004 0.17763
15531.66992 0.177561
15532.04980 0.177491
15532.42969 0.177421
15532.80957 0.177352
15533.17969 0.177282
15533.55957 0.177213
15533.94043 0.177143
15534.32031 0.177073
15534.70020 0.177004
15535.08008 0.176931
15535.45996 0.176845
15535.83008 0.17676
15536.20996 0.176674
15536.58984 0.176588
15536.96973 0.176502
15537.34961 0.176416
15537.73047 0.176331
15538.11035 0.176245
15538.48047 0.176159
15538.86035 0.176074
15539.24023 0.175988
15539.62012 0.175902
15540.00000 0.175816
15540.37988 0.175725
15540.75977 0.175634
15541.12988 0.175542
15541.50977 0.175451
15541.88965 0.17536
15542.26953 0.175269
15542.65039 0.175177
15543.03027 0.175086
15543.41016 0.174995
15543.79004 0.174904
15544.16016 0.174812
15544.54004 0.174721
15544.91992 0.17463
15545.29980 0.174532
15545.67969 0.174433
15546.05957 0.174333
15546.44043 0.174234
15546.82031 0.174135
15547.19043 0.174035
15547.57031 0.173936
15547.95020 0.173837
15548.33008 0.173737
15548.70996 0.173638
15549.08984 0.173538
15549.46973 0.173439
15549.84961 0.17334
15550.21973 0.173243
15550.59961 0.173148
15550.98047 0.173052
15551.36035 0.172957
15551.74023 0.172862
15552.12012 0.172767
15552.50000 0.172672
15552.87988 0.172577
15553.25977 0.172482
15553.62988 0.172386
15554.00977 0.172291
15554.38965 0.172196
15554.76953 0.172101
15555.15039 0.172008
15555.53027 0.171919
15555.91016 0.171829
15556.29004 0.17174
15556.66992 0.17165
15557.04980 0.171561
15557.41992 0.171471
15557.79980 0.171382
15558.17969 0.171292
15558.55957 0.171203
15558.94043 0.171114
15559.32031 0.171024
15559.70020 0.170935
15560.08008 0.170848
15560.45996 0.170771
15560.83984 0.170695
15561.21973 0.170618
15561.58984 0.170541
15561.96973 0.170465
15562.34961 0.170388
15562.73047 0.170311
15563.11035 0.170235
15563.49023 0.170158
15563.87012 0.170081
15564.25000 0.170005
15564.62988 0.169928
15565.00977 0.169851
15565.38965 0.169781
15565.76953 0.169711
15566.15039 0.169641
15566.53027 0.16957
15566.90039 0.1695
15567.28027 0.16943
15567.66016 0.169359
15568.04004 0.169289
15568.41992 0.169218
15568.79980 0.169148
15569.17969 0.169078
15569.55957 0.169007
15569.94043 0.168937
15570.32031 0.168875
15570.70020 0.168815
15571.08008 0.168754
15571.45996 0.168694
15571.83984 0.168634
15572.20996 0.168573
15572.58984 0.168513
15572.96973 0.168453
15573.34961 0.168392
15573.73047 0.168332
15574.11035 0.168272
15574.49023 0.168212
15574.87012 0.168151
15575.25000 0.168097
15575.62988 0.168046
15576.00977 0.167996
15576.38965 0.167945
15576.76953 0.167894
15577.15039 0.167843
15577.53027 0.167793
15577.91016 0.167742
15578.29004 0.167691
15578.66992 0.16764
15579.04980 0.16759
15579.42969 0.167539
15579.79980 0.167488
15580.17969 0.167438
15580.55957 0.167388
15580.94043 0.167339
15581.32031 0.16729
15581.70020 0.16724
15582.08008 0.167191
15582.45996 0.167141
15582.83984 0.167092
15583.21973 0.167043
15583.59961 0.166993
15583.98047 0.166944
15584.36035 0.166895
15584.74023 0.166845
15585.12012 0.166803
15585.50000 0.166778
15585.87988 0.166753
15586.25977 0.166728
15586.63965 0.166702
15587.01953 0.166677
15587.40039 0.166652
15587.78027 0.166627
15588.16016 0.166601
15588.54004 0.166576
15588.91992 0.166551
15589.29980 0.166525
15589.67969 0.1665
15590.05957 0.166476
15590.44043 0.166456
15590.82031 0.166436
15591.20020 0.166416
15591.58008 0.166397
15591.95996 0.166377
15592.33984 0.166357
15592.71973 0.166337
15593.09961 0.166318
15593.48047 0.166298
15593.86035 0.166278
15594.24023 0.166258
15594.62012 0.166238
15595.00000 0.166219
15595.37988 0.166213
15595.75977 0.166208
15596.13965 0.166202
15596.51953 0.166196
15596.90039 0.166191
15597.28027 0.166186
15597.66016 0.16618
15598.04004 0.166175
15598.41992 0.166169
15598.79980 0.166163
15599.17969 0.166158
15599.55957 0.166153
15599.94043 0.166147
15600.32031 0.16615
15600.70020 0.166155
15601.08008 0.16616
15601.45996 0.166165
15601.83984 0.166171
15602.21973 0.166176
15602.59961 0.166181
15602.98047 0.166186
15603.36035 0.166191
15603.74023 0.166196
15604.12012 0.166201
15604.50000 0.166206
15604.87988 0.166212
15605.25977 0.166222
15605.63965 0.166235
15606.01953 0.166247
15606.40039 0.16626
15606.78027 0.166273
15607.16016 0.166286
15607.54004 0.166298
15607.91992 0.166311
15608.29980 0.166324
15608.67969 0.166336
15609.05957 0.166349
15609.44043 0.166362
15609.82031 0.166375
15610.20020 0.166392
15610.58008 0.166414
15610.95996 0.166436
15611.33984 0.166458
15611.71973 0.16648
15612.09961 0.166501
15612.48047 0.166523
15612.87012 0.166545
15613.25000 0.166567
15613.62988 0.166588
15614.00977 0.16661
15614.38965 0.166632
15614.76953 0.166654
15615.15039 0.166682
15615.53027 0.166718
15615.91016 0.166755
15616.29004 0.166792
15616.66992 0.166829
15617.04980 0.166866
15617.42969 0.166903
15617.80957 0.16694
15618.19043 0.166977
15618.57031 0.167014
15618.95020 0.167051
15619.33008 0.167088
15619.70996 0.167125
15620.08984 0.167162
15620.46973 0.167198
15620.86035 0.167235
15621.24023 0.167271
15621.62012 0.167308
15622.00000 0.167344
15622.37988 0.167381
15622.75977 0.167417
15623.13965 0.167454
15623.51953 0.16749
15623.90039 0.167527
15624.28027 0.167564
15624.66016 0.1676
15625.04004 0.167638
15625.41992 0.167689
15625.79980 0.167739
15626.17969 0.167789
15626.57031 0.16784
15626.95020 0.16789
15627.33008 0.16794
15627.70996 0.167991
15628.08984 0.168041
15628.46973 0.168092
15628.84961 0.168142
15629.23047 0.168192
15629.61035 0.168243
15629.99023 0.168293
15630.37012 0.168347
15630.75000 0.168401
15631.12988 0.168455
15631.51953 0.168509
15631.90039 0.168563
15632.28027 0.168616
15632.66016 0.16867
15633.04004 0.168724
15633.41992 0.168778
15633.79980 0.168832
15634.17969 0.168886
15634.55957 0.16894
15634.94043 0.168994
15635.33008 0.16905
15635.70996 0.169107
15636.08984 0.169164
15636.46973 0.169221
15636.84961 0.169277
15637.23047 0.169334
15637.61035 0.169391
15637.99023 0.169448
15638.37012 0.169504
15638.75000 0.169561
15639.12988 0.169618
15639.51953 0.169675
15639.90039 0.169732
15640.28027 0.169799
15640.66016 0.16987
15641.04004 0.169941
15641.41992 0.170012
15641.79980 0.170083
15642.17969 0.170154
15642.55957 0.170225
15642.95020 0.170296
15643.33008 0.170367
15643.70996 0.170438
15644.08984 0.170509
15644.46973 0.17058
15644.84961 0.170651
15645.23047 0.17072
15645.61035 0.170787
15646.00000 0.170854
15646.37988 0.170922
15646.75977 0.170989
15647.13965 0.171056
15647.51953 0.171123
15647.90039 0.17119
15648.28027 0.171257
15648.66016 0.171324
15649.04004 0.171391
15649.42969 0.171459
15649.80957 0.171526
15650.19043 0.171595
15650.57031 0.171665
15650.95020 0.171736
15651.33008 0.171807
15651.70996 0.171878
15652.09961 0.171949
15652.48047 0.17202
15652.86035 0.17209
15653.24023 0.172161
15653.62012 0.172232
15654.00000 0.172303
15654.37988 0.172374
15654.76953 0.172445
15655.15039 0.172515
15655.53027 0.172586
15655.91016 0.172657
15656.29004 0.172727
15656.66992 0.172798
15657.04980 0.172868
15657.44043 0.172939
15657.82031 0.17301
15658.20020 0.17308
15658.58008 0.173151
15658.95996 0.173222
15659.33984 0.173292
15659.71973 0.173363
15660.11035 0.173434
15660.49023 0.173509
15660.87012 0.173583
15661.25000 0.173657
15661.62988 0.173732
15662.00977 0.173806
15662.40039 0.17388
15662.78027 0.173955
15663.16016 0.174029
15663.54004 0.174104
15663.91992 0.174178
15664.29980 0.174252
15664.69043 0.174327
15665.07031 0.174401
15665.45020 0.174474
15665.83008 0.174546
15666.20996 0.174619
15666.58984 0.174692
15666.98047 0.174764
15667.36035 0.174837
15667.74023 0.17491
15668.12012 0.174983
15668.50000 0.175056
15668.87988 0.175128
15669.26953 0.175201
15669.65039 0.175274
15670.03027 0.175346
15670.41016 0.17542
15670.79004 0.175493
15671.17969 0.175566
15671.55957 0.175639
15671.94043 0.175712
15672.32031 0.175786
15672.70020 0.175859
15673.08008 0.175932
15673.46973 0.176005
15673.84961 0.176078
15674.23047 0.176151
15674.61035 0.176225
15674.99023 0.176298
15675.37988 0.176375
15675.75977 0.176452
15676.13965 0.176529
15676.51953 0.176606
15676.90039 0.176683
15677.29004 0.17676
15677.66992 0.176837
15678.04980 0.176915
15678.42969 0.176992
15678.80957 0.177069
15679.20020 0.177146
15679.58008 0.177223
15679.95996 0.1773
15680.33984 0.177367
15680.71973 0.177433
15681.11035 0.1775
15681.49023 0.177566
15681.87012 0.177632
15682.25000 0.177698
15682.62988 0.177764
15683.01953 0.17783
15683.40039 0.177896
15683.78027 0.177962
15684.16016 0.178029
15684.54004 0.178095
15684.92969 0.178161
15685.30957 0.178227
15685.69043 0.178293
15686.07031 0.178359
15686.45996 0.178425
15686.83984 0.178492
15687.21973 0.178558
15687.59961 0.178624
15687.98047 0.17869
15688.37012 0.178756
15688.75000 0.178822
15689.12988 0.178889
15689.50977 0.178955
15689.90039 0.179021
15690.28027 0.17908
15690.66016 0.179136
15691.04004 0.179193
