threeML/data/optical_filters/HST/NICMOS3-G096.ecsv
# %ECSV 0.9
# ---
# datatype:
# - {name: wavelength, unit: Angstrom, datatype: float32}
# - {name: response, datatype: float32}
# meta: !!omap
# - {band_name: G096}
# - {group_name: NICMOS3}
wavelength response
[from data line 1610]
8496.61426 0.028821
8497.05176 0.028816
8497.48926 0.028811
8497.92676 0.028806
8498.36426 0.028801
8498.80176 0.028796
8499.23926 0.028791
8499.67676 0.028786
8500.11426 0.02878
8500.55176 0.028771
8500.99023 0.028761
8501.42773 0.028752
8501.86523 0.028743
8502.30273 0.028733
8502.74121 0.028724
8503.17871 0.028715
8503.61621 0.028706
8504.05469 0.028696
8504.49219 0.028687
8504.92969 0.028678
8505.36816 0.028668
8505.80566 0.028659
8506.24414 0.02865
8506.68164 0.02864
8507.12012 0.028631
8507.55762 0.028622
8507.99609 0.028613
8508.43359 0.028603
8508.87207 0.028594
8509.31055 0.028585
8509.74805 0.028575
8510.18652 0.028562
8510.62500 0.028544
8511.06348 0.028526
8511.50098 0.028507
8511.93945 0.028489
8512.37793 0.028471
8512.81641 0.028453
8513.25391 0.028434
8513.69238 0.028416
8514.13086 0.028398
8514.56934 0.02838
8515.00781 0.028361
8515.44629 0.028343
8515.88477 0.028325
8516.32324 0.028307
8516.76172 0.028288
8517.20020 0.02827
8517.63867 0.028252
8518.07715 0.028234
8518.51562 0.028215
8518.95508 0.028197
8519.39355 0.028179
8519.83203 0.028161
8520.27148 0.028142
8520.70898 0.028124
8521.14844 0.028106
8521.58691 0.028088
8522.02539 0.028069
8522.46484 0.028051
8522.90332 0.028033
8523.34180 0.028014
8523.78125 0.027996
8524.21973 0.027978
8524.65918 0.02796
8525.09766 0.027941
8525.53613 0.027923
8525.97559 0.027905
8526.41504 0.027887
8526.85352 0.027868
8527.29297 0.02785
8527.73145 0.027832
8528.17090 0.027814
8528.61035 0.027795
8529.04883 0.027777
8529.48828 0.027759
8529.92773 0.02774
8530.36621 0.027722
8530.80566 0.027704
8531.24512 0.027686
8531.68457 0.027667
8532.12402 0.027649
8532.56348 0.027631
8533.00195 0.027613
8533.44141 0.027594
8533.88086 0.027576
8534.32031 0.027558
8534.75977 0.02754
8535.19922 0.027521
8535.63867 0.027503
8536.07812 0.027485
8536.51758 0.027466
8536.95703 0.027448
8537.39648 0.02743
8537.83691 0.027412
8538.27637 0.027393
8538.71582 0.027375
8539.15527 0.027357
8539.59473 0.027338
8540.03516 0.027321
8540.47461 0.027307
8540.91406 0.027293
8541.35352 0.027279
8541.79395 0.027265
8542.23340 0.027252
8542.67383 0.027238
8543.11328 0.027224
8543.55371 0.02721
8543.99316 0.027196
8544.43359 0.027183
8544.87305 0.027169
8545.31348 0.027155
8545.75293 0.027141
8546.19336 0.027128
8546.63281 0.027114
8547.07324 0.0271
8547.51367 0.027086
8547.95312 0.027072
8548.39355 0.027059
8548.83398 0.027045
8549.27344 0.027031
8549.71387 0.027017
8550.15430 0.027003
8550.59473 0.02699
8551.03516 0.026976
8551.47461 0.026962
8551.91504 0.026948
8552.35547 0.026934
8552.79590 0.026921
8553.23633 0.026907
8553.67676 0.026893
8554.11719 0.026879
8554.55762 0.026865
8554.99805 0.026852
8555.43848 0.026838
8555.87891 0.026824
8556.31934 0.02681
8556.76074 0.026796
8557.20117 0.026783
8557.64160 0.026769
8558.08203 0.026755
8558.52246 0.026741
8558.96387 0.026727
8559.40430 0.026714
8559.84473 0.0267
8560.28613 0.026689
8560.72656 0.02668
8561.16699 0.02667
8561.60840 0.026661
8562.04883 0.026652
8562.48926 0.026642
8562.93066 0.026633
8563.37109 0.026624
8563.81348 0.026615
8564.25293 0.026605
8564.69434 0.026596
8565.13574 0.026587
8565.57617 0.026577
8566.01758 0.026568
8566.45801 0.026559
8566.89941 0.026549
8567.34082 0.02654
8567.78223 0.026531
8568.22266 0.026521
8568.66406 0.026512
8569.10547 0.026503
8569.54688 0.026494
8569.98730 0.026484
8570.42871 0.026475
8570.87012 0.026466
8571.31152 0.026456
8571.75293 0.026447
8572.19434 0.026438
8572.63574 0.026428
8573.07715 0.026419
8573.51855 0.02641
8573.95996 0.0264
8574.40137 0.026391
8574.84277 0.026382
8575.28418 0.026373
8575.72559 0.026363
8576.16797 0.026354
8576.60938 0.026345
8577.05078 0.026335
8577.49219 0.026326
8577.93359 0.026317
8578.37598 0.026307
8578.81738 0.026298
8579.25879 0.026289
8579.70117 0.026279
8580.14258 0.026272
8580.58398 0.026267
8581.02637 0.026262
8581.46777 0.026257
8581.91016 0.026252
8582.35156 0.026248
8582.79395 0.026243
8583.23535 0.026238
8583.67773 0.026233
8584.11914 0.026228
8584.56152 0.026224
8585.00391 0.026219
8585.44531 0.026214
8585.88770 0.026209
8586.33008 0.026204
8586.77148 0.026199
8587.21387 0.026195
8587.65625 0.02619
8588.09863 0.026185
8588.54102 0.02618
8588.98242 0.026175
8589.42480 0.026171
8589.86719 0.026166
8590.30957 0.026161
8590.75195 0.026156
8591.19434 0.026151
8591.63672 0.026147
8592.07910 0.026142
8592.52148 0.026137
8592.96387 0.026132
8593.40625 0.026127
8593.84863 0.026123
8594.29102 0.026118
8594.73340 0.026113
8595.17676 0.026108
8595.61914 0.026103
8596.06152 0.026098
8596.50391 0.026094
8596.94629 0.026089
8597.38965 0.026084
8597.83203 0.026079
8598.27441 0.026074
8598.71777 0.02607
8599.16016 0.026065
8599.60254 0.02606
8600.04590 0.026055
8600.48828 0.02605
8600.93164 0.026045
8601.37402 0.02604
8601.81738 0.026036
8602.25977 0.026031
8602.70312 0.026026
8603.14648 0.026021
8603.58887 0.026016
8604.03223 0.026011
8604.47461 0.026006
8604.91797 0.026001
8605.36133 0.025996
8605.80371 0.025991
8606.24707 0.025987
8606.69043 0.025982
8607.13379 0.025977
8607.57715 0.025972
8608.01953 0.025967
8608.46289 0.025962
8608.90625 0.025957
8609.34961 0.025952
8609.79297 0.025947
8610.23633 0.02594
8610.67969 0.025931
8611.12305 0.025921
8611.56641 0.025912
8612.00977 0.025902
8612.45312 0.025893
8612.89648 0.025884
8613.33984 0.025874
8613.78320 0.025865
8614.22754 0.025855
8614.67090 0.025846
8615.11426 0.025836
8615.55762 0.025827
8616.00195 0.025817
8616.44531 0.025808
8616.88867 0.025799
8617.33203 0.025789
8617.77637 0.02578
8618.21973 0.02577
8618.66406 0.025761
8619.10742 0.025751
8619.55078 0.025742
8619.99512 0.025733
8620.43848 0.025723
8620.88281 0.025714
8621.32617 0.025704
8621.77148 0.025695
8622.21484 0.025685
8622.65820 0.025676
8623.10254 0.025667
8623.54688 0.025657
8623.99023 0.025648
8624.43457 0.025638
8624.87891 0.025629
8625.32227 0.025619
8625.76660 0.02561
8626.21094 0.0256
8626.65527 0.025591
8627.09961 0.025582
8627.54395 0.025572
8627.98730 0.025563
8628.43164 0.025553
8628.87598 0.025544
8629.32031 0.025534
8629.76465 0.025525
8630.20898 0.025515
8630.65332 0.025506
8631.09766 0.025497
8631.54199 0.025487
8631.98633 0.025478
8632.43164 0.025468
8632.87598 0.025459
8633.32031 0.025449
8633.76465 0.02544
8634.20898 0.02543
8634.65430 0.025421
8635.09863 0.025412
8635.54297 0.025402
8635.98730 0.025393
8636.43262 0.025383
8636.87695 0.025374
8637.32227 0.025364
8637.76660 0.025355
8638.21094 0.025345
8638.65625 0.025336
8639.10059 0.025326
8639.54590 0.025317
8639.99023 0.025308
8640.43555 0.025289
8640.87988 0.025271
8641.32520 0.025252
8641.77148 0.025234
8642.21484 0.025215
8642.66016 0.025197
8643.10547 0.025178
8643.54980 0.025159
8643.99512 0.025141
8644.44043 0.025122
8644.88574 0.025104
8645.33008 0.025085
8645.77539 0.025067
8646.22070 0.025048
8646.66602 0.02503
8647.11133 0.025011
8647.55664 0.024993
8648.00195 0.024974
8648.44727 0.024956
8648.89258 0.024937
8649.33789 0.024918
8649.78320 0.0249
8650.22852 0.024884
8650.67383 0.02487
8651.11914 0.024856
8651.56445 0.024842
8652.00977 0.024828
8652.45605 0.024814
8652.90137 0.0248
8653.34668 0.024786
8653.79199 0.024772
8654.23828 0.024758
8654.68359 0.024744
8655.12891 0.02473
8655.57520 0.024716
8656.02148 0.024702
8656.46582 0.024688
8656.91211 0.024674
8657.35742 0.02466
8657.80371 0.024646
8658.24902 0.024632
8658.69531 0.024618
8659.14062 0.024604
8659.58691 0.024589
8660.03223 0.024575
8660.47852 0.024557
8660.92480 0.024538
8661.37012 0.024519
8661.81641 0.024501
8662.26270 0.024482
8662.70801 0.024464
8663.15430 0.024445
8663.60059 0.024427
8664.04688 0.024408
8664.49219 0.02439
8664.93848 0.024371
8665.38477 0.024352
8665.83105 0.024334
8666.27734 0.024315
8666.72363 0.024297
8667.16992 0.024278
8667.61621 0.02426
8668.06348 0.024241
8668.50879 0.024222
8668.95508 0.024204
8669.40137 0.024185
8669.84766 0.024167
8670.29395 0.024148
8670.74023 0.02413
8671.18652 0.024111
8671.63379 0.024092
8672.08008 0.024074
8672.52637 0.024055
8672.97266 0.024037
8673.41992 0.024018
8673.86621 0.024
8674.31152 0.023981
8674.75977 0.023962
8675.20605 0.023944
8675.65234 0.023925
8676.09961 0.023907
8676.54590 0.023888
8676.99316 0.023869
8677.43945 0.023851
8677.88672 0.023832
8678.33301 0.023814
8678.78027 0.023795
8679.22754 0.023777
8679.67383 0.023758
8680.12109 0.023742
8680.56738 0.023732
8681.01465 0.023723
8681.46191 0.023713
8681.90918 0.023704
8682.35547 0.023694
8682.80273 0.023685
8683.25000 0.023676
8683.69727 0.023666
8684.14453 0.023657
8684.59180 0.023647
8685.03809 0.023638
8685.48535 0.023628
8685.93262 0.023619
8686.37988 0.023609
8686.82715 0.0236
8687.27441 0.02359
8687.72168 0.023581
8688.16895 0.023571
8688.61621 0.023562
8689.06445 0.023552
8689.51172 0.023543
8689.95898 0.023533
8690.40625 0.023524
8690.85352 0.023514
8691.30176 0.023505
8691.74902 0.023495
8692.19629 0.023486
8692.64355 0.023476
8693.09180 0.023467
8693.53906 0.023457
8693.98633 0.023448
8694.43457 0.023438
8694.88184 0.023429
8695.33008 0.023419
8695.77734 0.02341
8696.22559 0.023401
8696.67285 0.023391
8697.12109 0.023382
8697.56836 0.023372
8698.01660 0.023363
8698.46387 0.023353
8698.91211 0.023344
8699.36035 0.023334
8699.80762 0.023325
8700.25586 0.023323
8700.70410 0.023327
8701.15234 0.02333
8701.59961 0.023334
8702.04785 0.023338
8702.49609 0.023342
8702.94434 0.023346
8703.39258 0.02335
8703.84082 0.023354
8704.28809 0.023358
8704.73633 0.023361
8705.18457 0.023365
8705.63281 0.023369
8706.08105 0.023373
8706.52930 0.023377
8706.97754 0.023381
8707.42676 0.023385
8707.87500 0.023388
8708.32324 0.023392
8708.77148 0.023396
8709.21973 0.0234
8709.66797 0.023404
8710.11719 0.02341
8710.56543 0.023423
8711.01367 0.023436
8711.46191 0.023449
8711.91113 0.023462
8712.35938 0.023475
8712.80762 0.023488
8713.25684 0.023501
8713.70508 0.023514
8714.15430 0.023527
8714.60254 0.02354
8715.05176 0.023553
8715.50000 0.023566
8715.94922 0.023579
8716.39746 0.023592
8716.84668 0.023605
8717.29492 0.023618
8717.74414 0.023631
8718.19336 0.023644
8718.64160 0.023657
8719.09082 0.02367
8719.54004 0.023683
8719.98828 0.023696
8720.43652 0.023709
8720.88672 0.023722
8721.33594 0.023735
8721.78516 0.023748
8722.23340 0.023761
8722.68262 0.023774
8723.13184 0.023787
8723.58105 0.0238
8724.03027 0.023813
8724.47852 0.023826
8724.92871 0.023839
8725.37793 0.023851
8725.82715 0.023864
8726.27637 0.023877
8726.72559 0.02389
8727.17480 0.023903
8727.62500 0.023916
8728.07422 0.023929
8728.52344 0.023942
8728.97266 0.023955
8729.42188 0.023968
8729.87207 0.023981
8730.32129 0.023998
8730.77148 0.024015
8731.22070 0.024033
8731.66992 0.02405
8732.11914 0.024068
8732.56934 0.024085
8733.01855 0.024103
8733.46875 0.02412
8733.91797 0.024138
8734.36816 0.024155
8734.81738 0.024173
8735.26758 0.02419
8735.71680 0.024208
8736.16699 0.024226
8736.61719 0.024243
8737.06641 0.024261
8737.51660 0.024278
8737.96680 0.024296
8738.41602 0.024313
8738.86621 0.024331
8739.31641 0.024348
8739.76660 0.024366
8740.21582 0.024386
8740.66602 0.024408
8741.11621 0.02443
8741.56641 0.024452
8742.01660 0.024474
8742.46680 0.024496
8742.91699 0.024518
8743.36719 0.02454
8743.81738 0.024562
8744.26758 0.024585
8744.71777 0.024607
8745.16797 0.024629
8745.61816 0.024651
8746.06836 0.024673
8746.51855 0.024695
8746.96875 0.024717
8747.41992 0.024739
8747.87012 0.024761
8748.32031 0.024783
8748.77148 0.024806
8749.22168 0.024828
8749.67188 0.02485
8750.12207 0.024871
8750.57324 0.024888
8751.02344 0.024906
8751.47363 0.024923
8751.92480 0.024941
8752.37500 0.024959
8752.82617 0.024976
8753.27637 0.024994
8753.72754 0.025012
8754.17773 0.025029
8754.62891 0.025047
8755.07910 0.025064
8755.53027 0.025082
8755.98145 0.0251
8756.43164 0.025117
8756.88281 0.025135
8757.33398 0.025153
8757.78418 0.02517
8758.23535 0.025188
8758.68652 0.025205
8759.13770 0.025223
8759.58887 0.025241
8760.03906 0.025258
8760.49023 0.025276
8760.94141 0.025293
8761.39258 0.025311
8761.84375 0.025329
8762.29492 0.025346
8762.74609 0.025364
8763.19727 0.025382
8763.64844 0.025399
8764.09961 0.025417
8764.55078 0.025434
8765.00195 0.025452
8765.45410 0.02547
8765.90527 0.025487
8766.35645 0.025505
8766.80762 0.025522
8767.25879 0.02554
8767.71094 0.025558
8768.16211 0.025575
8768.61328 0.025593
8769.06543 0.02561
8769.51660 0.025628
8769.96777 0.025646
8770.41992 0.025659
8770.87109 0.025672
8771.32324 0.025685
8771.77441 0.025698
8772.22656 0.025711
8772.67773 0.025724
8773.12988 0.025737
8773.58105 0.02575
8774.03320 0.025763
8774.48438 0.025776
8774.93652 0.025789
8775.38867 0.025802
8775.83984 0.025815
8776.29199 0.025828
8776.74414 0.025841
8777.19629 0.025855
8777.64746 0.025868
8778.09961 0.025881
8778.55176 0.025894
8779.00391 0.025907
8779.45605 0.02592
8779.90820 0.025933
8780.36035 0.025946
8780.81152 0.025959
8781.26367 0.025972
8781.71582 0.025985
8782.16797 0.025998
8782.62109 0.026011
8783.07324 0.026024
8783.52539 0.026037
8783.97754 0.02605
8784.42969 0.026063
8784.88184 0.026076
8785.33398 0.026089
8785.78711 0.026102
8786.23926 0.026115
8786.69141 0.026128
8787.14355 0.026141
8787.59668 0.026154
8788.04883 0.026167
8788.50098 0.02618
8788.95410 0.026193
8789.40625 0.026206
8789.85840 0.026219
8790.31152 0.026232
8790.76367 0.026245
8791.21680 0.026258
8791.66895 0.026271
8792.12207 0.026284
8792.57520 0.026297
8793.02734 0.02631
8793.48047 0.026323
8793.93262 0.026336
8794.38574 0.026349
8794.83887 0.026363
8795.29102 0.026376
8795.74414 0.026389
8796.19727 0.026402
8796.65039 0.026415
8797.10352 0.026428
8797.55566 0.026441
8798.00879 0.026454
8798.46191 0.026467
8798.91504 0.02648
8799.36816 0.026493
8799.82129 0.026506
8800.27441 0.026516
8800.72754 0.026525
8801.18066 0.026533
8801.63379 0.026542
8802.08691 0.02655
8802.54004 0.026559
8802.99316 0.026567
8803.44629 0.026576
8803.90039 0.026584
8804.35352 0.026593
8804.80664 0.026601
8805.25977 0.02661
8805.71289 0.026618
8806.16699 0.026627
8806.62012 0.026636
8807.07324 0.026644
8807.52734 0.026653
8807.98047 0.026661
8808.43457 0.02667
8808.88770 0.026678
8809.34082 0.026687
8809.79492 0.026695
8810.24805 0.026704
8810.70215 0.026712
8811.15527 0.026721
8811.60938 0.026729
8812.06348 0.026738
8812.51660 0.026746
8812.97070 0.026755
8813.42480 0.026764
8813.87793 0.026772
8814.33203 0.026781
8814.78613 0.026789
8815.24023 0.026798
8815.69336 0.026806
8816.14746 0.026815
8816.60156 0.026823
8817.05566 0.026832
8817.50977 0.02684
8817.96387 0.026849
8818.41797 0.026857
8818.87109 0.026866
8819.32520 0.026874
8819.77930 0.026883
8820.23340 0.026889
8820.68848 0.026893
8821.14258 0.026897
8821.59668 0.026901
8822.05078 0.026905
8822.50488 0.026909
8822.95898 0.026913
8823.41309 0.026917
8823.86816 0.026921
8824.32227 0.026925
8824.77637 0.026928
8825.23047 0.026932
8825.68555 0.026936
8826.13965 0.02694
8826.59375 0.026944
8827.04883 0.026948
8827.50293 0.026952
8827.95801 0.026956
8828.41211 0.02696
8828.86719 0.026964
8829.32129 0.026968
8829.77637 0.026972
8830.23047 0.026976
8830.68555 0.02698
8831.13965 0.026984
8831.59473 0.026987
8832.04980 0.026991
8832.50391 0.026995
8832.95898 0.026999
8833.41406 0.027003
8833.86816 0.027007
8834.32324 0.027011
8834.77832 0.027015
8835.23340 0.027019
8835.68848 0.027023
8836.14355 0.027027
8836.59766 0.027031
8837.05273 0.027035
8837.50781 0.027039
8837.96289 0.027043
8838.41797 0.027046
8838.87305 0.02705
8839.32812 0.027054
8839.78320 0.027058
8840.23828 0.02706
8840.69434 0.027059
8841.14941 0.027058
8841.60352 0.027058
8842.05957 0.027057
8842.51465 0.027056
8842.96973 0.027056
8843.42578 0.027055
8843.88086 0.027054
8844.33594 0.027054
8844.79199 0.027053
8845.24707 0.027052
8845.70215 0.027052
8846.15820 0.027051
8846.61328 0.02705
8847.06934 0.02705
8847.52441 0.027049
8847.98047 0.027048
8848.43555 0.027048
8848.89160 0.027047
8849.34668 0.027046
8849.80273 0.027046
8850.25781 0.027045
8850.71387 0.027044
8851.16992 0.027044
8851.62500 0.027043
8852.08105 0.027042
8852.53711 0.027042
8852.99316 0.027041
8853.44824 0.02704
8853.90430 0.02704
8854.36035 0.027039
8854.81641 0.027038
8855.27246 0.027038
