threeML/data/optical_filters/HST/NICMOS3-F200N.ecsv
# %ECSV 0.9
# ---
# datatype:
# - {name: wavelength, unit: Angstrom, datatype: float32}
# - {name: response, datatype: float32}
# meta: !!omap
# - {band_name: F200N}
# - {group_name: NICMOS3}
wavelength response
19747.00977 0.0
19747.21094 6.6e-05
19747.41016 0.000201
19747.60938 0.000335
19747.80078 0.000472
19748.00000 0.000605
19748.19922 0.000627
19748.40039 0.000649
19748.59961 0.000671
19748.78906 0.000693
19748.99023 0.000715
19749.18945 0.000737
19749.39062 0.000759
19749.58984 0.000781
19749.77930 0.000803
19749.98047 0.000825
19750.17969 0.000946
19750.38086 0.001076
19750.57031 0.001206
19750.76953 0.001337
19750.97070 0.001468
19751.16992 0.001598
19751.36914 0.001729
19751.56055 0.001859
19751.75977 0.001991
19751.96094 0.002121
19752.16016 0.002119
19752.35938 0.002084
19752.55078 0.002049
19752.75000 0.002015
19752.94922 0.00198
19753.15039 0.001946
19753.34961 0.001911
19753.53906 0.001876
19753.74023 0.001842
19753.93945 0.001807
19754.14062 0.001767
19754.33984 0.001726
19754.53906 0.001684
19754.73047 0.001642
19754.92969 0.001601
19755.13086 0.001559
19755.33008 0.001518
19755.52930 0.001476
19755.72070 0.001434
19755.91992 0.001393
19756.11914 0.001363
19756.32031 0.001341
19756.51953 0.001319
19756.71094 0.001298
19756.91016 0.001276
19757.10938 0.001255
19757.31055 0.001233
19757.50000 0.001211
19757.69922 0.00119
19757.90039 0.001168
19758.09961 0.001165
19758.30078 0.001182
19758.49023 0.001198
19758.68945 0.001214
19758.89062 0.001231
19759.08984 0.001247
19759.28906 0.001263
19759.48047 0.00128
19759.67969 0.001296
19759.88086 0.001312
19760.08008 0.001318
19760.27930 0.001307
19760.47070 0.001297
19760.66992 0.001287
19760.86914 0.001276
19761.07031 0.001266
19761.26953 0.001255
19761.46094 0.001245
19761.66016 0.001234
19761.85938 0.001224
19762.06055 0.001233
19762.25977 0.001287
19762.46094 0.001341
19762.65039 0.001395
19762.84961 0.001449
19763.05078 0.001503
19763.25000 0.001557
19763.44922 0.001611
19763.64062 0.001665
19763.83984 0.001719
19764.03906 0.001756
19764.24023 0.001729
19764.43945 0.001702
19764.63086 0.001675
19764.83008 0.001648
19765.02930 0.001621
19765.23047 0.001594
19765.42969 0.001567
19765.63086 0.00154
19765.82031 0.001513
19766.01953 0.001485
19766.22070 0.001453
19766.41992 0.00142
19766.61914 0.001388
19766.81055 0.001356
19767.00977 0.001323
19767.21094 0.001291
19767.41016 0.001258
19767.60938 0.001226
19767.80078 0.001193
19768.00000 0.001162
19768.19922 0.001212
19768.40039 0.001261
19768.59961 0.001311
19768.78906 0.001361
19768.99023 0.001411
19769.18945 0.00146
19769.39062 0.00151
19769.58984 0.00156
19769.78906 0.00161
19769.98047 0.001659
19770.17969 0.001661
19770.38086 0.001658
19770.58008 0.001654
19770.77930 0.001651
19770.97070 0.001648
19771.16992 0.001645
19771.36914 0.001642
19771.57031 0.001639
19771.76953 0.001636
19771.97070 0.001633
19772.16016 0.001712
19772.35938 0.001809
19772.56055 0.001905
19772.75977 0.002001
19772.96094 0.002097
19773.15039 0.002193
19773.34961 0.00229
19773.55078 0.002386
19773.75000 0.002482
19773.94922 0.002578
19774.15039 0.002539
19774.33984 0.002453
19774.53906 0.002365
19774.74023 0.002279
19774.93945 0.002191
19775.14062 0.002105
19775.33984 0.002017
19775.52930 0.001931
19775.73047 0.001843
19775.92969 0.001757
19776.13086 0.001681
19776.33008 0.001612
19776.52930 0.001542
19776.72070 0.001473
19776.91992 0.001403
19777.11914 0.001334
19777.32031 0.001264
19777.51953 0.001195
19777.71094 0.001126
19777.91016 0.001056
19778.10938 0.001203
19778.31055 0.001526
19778.50977 0.001847
19778.71094 0.002171
19778.90039 0.002492
19779.09961 0.002815
19779.30078 0.003136
19779.50000 0.00346
19779.69922 0.003781
19779.89062 0.004104
19780.08984 0.004295
19780.28906 0.004338
19780.49023 0.00438
19780.68945 0.004422
19780.89062 0.004464
19781.08008 0.004506
19781.27930 0.004548
19781.48047 0.00459
19781.67969 0.004633
19781.88086 0.004675
19782.08008 0.004624
19782.26953 0.004424
19782.47070 0.004222
19782.66992 0.004022
19782.86914 0.00382
19783.07031 0.00362
19783.26953 0.003418
19783.46094 0.003219
19783.66016 0.003017
19783.85938 0.002817
19784.06055 0.002681
19784.25977 0.002705
19784.46094 0.002729
19784.65039 0.002753
19784.84961 0.002777
19785.05078 0.002801
19785.25000 0.002825
19785.44922 0.00285
19785.64062 0.002873
19785.83984 0.002898
19786.03906 0.002911
19786.24023 0.002884
19786.43945 0.002858
19786.64062 0.002831
19786.83008 0.002805
19787.02930 0.002778
19787.23047 0.002752
19787.42969 0.002725
19787.63086 0.002699
19787.83008 0.002672
19788.02930 0.002667
19788.22070 0.002804
19788.41992 0.002944
19788.61914 0.003082
19788.82031 0.003221
19789.01953 0.003359
19789.21094 0.003498
19789.41016 0.003636
19789.60938 0.003776
19789.81055 0.003914
19790.00977 0.004049
19790.21094 0.004087
19790.40039 0.004124
19790.59961 0.004162
19790.80078 0.004199
19791.00000 0.004236
19791.19922 0.004274
19791.40039 0.004311
19791.59961 0.004349
19791.78906 0.004386
19791.99023 0.004424
19792.18945 0.004417
19792.39062 0.004407
19792.58984 0.004398
19792.78906 0.004389
19792.98047 0.00438
19793.17969 0.004371
19793.38086 0.004362
19793.58008 0.004353
19793.77930 0.004343
19793.97070 0.004334
19794.16992 0.004357
19794.36914 0.004384
19794.57031 0.004412
19794.76953 0.004439
19794.97070 0.004466
19795.16992 0.004494
19795.35938 0.004521
19795.56055 0.004548
19795.75977 0.004576
19795.96094 0.004603
19796.16016 0.004587
19796.35938 0.00456
19796.55078 0.004533
19796.75000 0.004505
19796.94922 0.004478
19797.15039 0.004451
19797.34961 0.004424
19797.55078 0.004397
19797.75000 0.004369
19797.93945 0.004342
19798.14062 0.004305
19798.33984 0.004265
19798.53906 0.004225
19798.74023 0.004184
19798.93945 0.004144
19799.13086 0.004103
19799.33008 0.004063
19799.52930 0.004023
19799.73047 0.003982
19799.92969 0.003942
19800.13086 0.004157
19800.32031 0.004515
19800.51953 0.004876
19800.72070 0.005237
19800.91992 0.005594
19801.11914 0.005955
19801.32031 0.006313
19801.51953 0.006674
19801.71094 0.007035
19801.91016 0.007392
19802.10938 0.007528
19802.31055 0.007487
19802.50977 0.007446
19802.71094 0.007404
19802.90039 0.007363
19803.09961 0.007322
19803.30078 0.00728
19803.50000 0.007239
19803.69922 0.007198
19803.90039 0.007156
19804.09961 0.007152
19804.28906 0.007188
19804.49023 0.007224
19804.68945 0.00726
19804.89062 0.007296
19805.08984 0.007331
19805.28906 0.007367
19805.49023 0.007403
19805.67969 0.007438
19805.88086 0.007474
19806.08008 0.007472
19806.27930 0.007413
19806.48047 0.007354
19806.67969 0.007296
19806.86914 0.007237
19807.07031 0.007178
19807.26953 0.00712
19807.47070 0.007061
19807.66992 0.007002
19807.86914 0.006944
19808.07031 0.006939
19808.26953 0.007044
19808.46094 0.007148
19808.66016 0.007253
19808.85938 0.007358
19809.06055 0.007461
19809.25977 0.007566
19809.46094 0.00767
19809.65039 0.007775
19809.84961 0.00788
19810.05078 0.007978
19810.25000 0.008062
19810.44922 0.008145
19810.65039 0.008228
19810.84961 0.008312
19811.03906 0.008396
19811.24023 0.008479
19811.43945 0.008562
19811.64062 0.008646
19811.83984 0.008729
19812.03906 0.008815
19812.24023 0.008915
19812.42969 0.009013
19812.63086 0.009112
19812.83008 0.009212
19813.02930 0.00931
19813.23047 0.009409
19813.42969 0.009509
19813.63086 0.009608
19813.82031 0.009706
19814.01953 0.009799
19814.22070 0.009836
19814.41992 0.009873
19814.61914 0.009911
19814.82031 0.009949
19815.01953 0.009986
19815.21094 0.010024
19815.41016 0.010061
19815.60938 0.010098
19815.81055 0.010136
19816.00977 0.010179
19816.21094 0.010322
19816.41016 0.010467
19816.60938 0.010612
19816.80078 0.010755
19817.00000 0.0109
19817.19922 0.011045
19817.40039 0.011189
19817.59961 0.011333
19817.80078 0.011477
19818.00000 0.011622
19818.18945 0.011772
19818.39062 0.011924
19818.58984 0.012075
19818.78906 0.012225
19818.99023 0.012377
19819.18945 0.012528
19819.39062 0.01268
19819.58008 0.01283
19819.77930 0.012982
19819.98047 0.013133
19820.17969 0.013222
19820.38086 0.013305
19820.58008 0.013389
19820.77930 0.013472
19820.97070 0.013555
19821.16992 0.013638
19821.36914 0.013722
19821.57031 0.013805
19821.76953 0.013888
19821.97070 0.013972
19822.16992 0.014061
19822.36914 0.01415
19822.56055 0.014241
19822.75977 0.014331
19822.96094 0.01442
19823.16016 0.014511
19823.35938 0.014601
19823.56055 0.014691
19823.75977 0.014781
19823.96094 0.014871
19824.15039 0.015044
19824.34961 0.015242
19824.55078 0.015438
19824.75000 0.015635
19824.94922 0.015833
19825.15039 0.016031
19825.34961 0.016227
19825.53906 0.016424
19825.74023 0.016622
19825.93945 0.016818
19826.14062 0.01696
19826.33984 0.01708
19826.53906 0.017199
19826.74023 0.017317
19826.93945 0.017437
19827.13086 0.017556
19827.33008 0.017676
19827.52930 0.017794
19827.73047 0.017914
19827.92969 0.018033
19828.13086 0.018152
19828.33008 0.018271
19828.52930 0.01839
19828.72070 0.018509
19828.91992 0.018628
19829.11914 0.018746
19829.32031 0.018866
19829.51953 0.018985
19829.72070 0.019104
19829.91992 0.019223
19830.11914 0.019422
19830.31055 0.019681
19830.50977 0.01994
19830.71094 0.020199
19830.91016 0.020455
19831.10938 0.020714
19831.31055 0.020973
19831.50977 0.021232
19831.71094 0.021488
19831.90039 0.021747
19832.09961 0.021981
19832.30078 0.022191
19832.50000 0.022401
19832.69922 0.02261
19832.90039 0.02282
19833.09961 0.02303
19833.30078 0.02324
19833.49023 0.023449
19833.68945 0.023659
19833.89062 0.023869
19834.08984 0.024081
19834.28906 0.024293
19834.49023 0.024504
19834.68945 0.024717
19834.89062 0.02493
19835.08984 0.025142
19835.27930 0.025353
19835.48047 0.025566
19835.67969 0.025779
19835.88086 0.025991
19836.08008 0.026245
19836.27930 0.026555
19836.48047 0.026869
19836.67969 0.027182
19836.86914 0.027496
19837.07031 0.02781
19837.26953 0.02812
19837.47070 0.028434
19837.66992 0.028747
19837.86914 0.029061
19838.07031 0.029355
19838.26953 0.02961
19838.46094 0.029867
19838.66016 0.030125
19838.85938 0.030382
19839.06055 0.030639
19839.25977 0.030894
19839.46094 0.031151
19839.66016 0.031409
19839.85938 0.031666
19840.06055 0.031968
19840.25000 0.03238
19840.44922 0.032795
19840.65039 0.03321
19840.84961 0.033626
19841.05078 0.034041
19841.25000 0.034457
19841.44922 0.034868
19841.65039 0.035284
19841.84961 0.035699
19842.03906 0.036103
19842.24023 0.036468
19842.43945 0.036832
19842.64062 0.037194
19842.83984 0.037558
19843.03906 0.037923
19843.24023 0.038288
19843.43945 0.038652
19843.63086 0.039014
19843.83008 0.039378
19844.02930 0.03975
19844.23047 0.04016
19844.42969 0.040569
19844.63086 0.040978
19844.83008 0.041383
19845.02930 0.041792
19845.23047 0.042202
19845.42969 0.042611
19845.63086 0.04302
19845.82031 0.043429
19846.01953 0.043845
19846.22070 0.044307
19846.41992 0.044774
19846.61914 0.04524
19846.82031 0.045707
19847.01953 0.046173
19847.22070 0.04664
19847.41016 0.047102
19847.60938 0.047568
19847.81055 0.048035
19848.00977 0.0485
19848.21094 0.048938
19848.41016 0.049377
19848.60938 0.049815
19848.81055 0.05025
19849.00977 0.050688
19849.21094 0.051127
19849.40039 0.051565
19849.59961 0.052004
19849.80078 0.052443
19850.00000 0.052883
19850.19922 0.053464
19850.40039 0.054051
19850.59961 0.054638
19850.80078 0.055225
19851.00000 0.055812
19851.19922 0.056399
19851.39062 0.056986
19851.58984 0.057573
19851.78906 0.058154
19851.99023 0.058741
19852.18945 0.059324
19852.39062 0.059907
19852.58984 0.06049
19852.78906 0.061073
19852.99023 0.061656
19853.18945 0.062238
19853.38086 0.062816
19853.58008 0.063398
19853.77930 0.063981
19853.98047 0.064564
19854.17969 0.06523
19854.38086 0.065904
19854.58008 0.066579
19854.77930 0.067253
19854.98047 0.067928
19855.16992 0.068596
19855.36914 0.069271
19855.57031 0.069945
19855.76953 0.07062
19855.97070 0.071295
19856.16992 0.071966
19856.36914 0.072636
19856.57031 0.073307
19856.76953 0.073977
19856.97070 0.074648
19857.16016 0.075312
19857.35938 0.075982
19857.56055 0.076653
19857.75977 0.077323
19857.96094 0.077994
19858.16016 0.078887
19858.35938 0.079835
19858.56055 0.080783
19858.75977 0.08173
19858.96094 0.082678
19859.15039 0.083617
19859.34961 0.084564
19859.55078 0.085512
19859.75000 0.08646
19859.94922 0.087408
19860.15039 0.088153
19860.34961 0.088832
19860.55078 0.089512
19860.75000 0.090191
19860.94922 0.09087
19861.15039 0.091549
19861.34961 0.092229
19861.53906 0.092901
19861.74023 0.093581
19861.93945 0.09426
19862.14062 0.095278
19862.33984 0.096438
19862.53906 0.097597
19862.74023 0.098757
19862.93945 0.099916
19863.14062 0.101076
19863.33984 0.102236
19863.53906 0.103395
19863.73047 0.104555
19863.92969 0.105715
19864.13086 0.106678
19864.33008 0.107543
19864.52930 0.1084
19864.73047 0.109265
19864.92969 0.110131
19865.13086 0.110996
19865.33008 0.111862
19865.52930 0.112727
19865.72070 0.113592
19865.91992 0.114458
19866.11914 0.115414
19866.32031 0.116428
19866.51953 0.117441
19866.72070 0.118454
19866.91992 0.119467
19867.11914 0.12048
19867.32031 0.121493
19867.51953 0.122506
19867.72070 0.123519
19867.91992 0.124533
19868.11914 0.125529
19868.31055 0.126502
19868.50977 0.127486
19868.71094 0.12847
19868.91016 0.129453
19869.10938 0.130437
19869.31055 0.131421
19869.50977 0.132404
19869.71094 0.133388
19869.91016 0.134372
19870.10938 0.135376
19870.30078 0.136396
19870.50000 0.137417
19870.69922 0.138438
19870.90039 0.139459
19871.09961 0.140481
19871.30078 0.141502
19871.50000 0.142523
19871.69922 0.143544
19871.90039 0.144565
19872.09961 0.145586
19872.30078 0.146606
19872.50000 0.147626
19872.69922 0.148646
19872.89062 0.149667
19873.08984 0.150687
19873.28906 0.151707
19873.49023 0.152728
19873.68945 0.153748
19873.89062 0.154768
19874.08984 0.155796
19874.28906 0.156833
19874.49023 0.15787
19874.68945 0.158907
19874.89062 0.159944
19875.08984 0.160981
19875.28906 0.162018
19875.48047 0.163055
19875.67969 0.164092
19875.88086 0.165129
19876.08008 0.166143
19876.27930 0.167124
19876.48047 0.168104
19876.67969 0.169085
19876.88086 0.170066
19877.08008 0.171047
19877.27930 0.172028
19877.48047 0.173009
19877.67969 0.17399
19877.88086 0.174971
19878.07031 0.175916
19878.26953 0.176802
19878.47070 0.177687
19878.66992 0.178572
19878.86914 0.179458
19879.07031 0.180343
19879.26953 0.181229
19879.47070 0.182114
19879.66992 0.183
19879.86914 0.183886
19880.07031 0.184747
19880.26953 0.185561
19880.46094 0.186375
19880.66016 0.187189
19880.85938 0.188003
19881.06055 0.188817
19881.25977 0.189631
19881.46094 0.190445
19881.66016 0.191259
19881.85938 0.192073
19882.06055 0.192902
19882.25977 0.193765
19882.46094 0.194629
19882.66016 0.195492
19882.85938 0.196356
19883.05078 0.197219
19883.25000 0.198083
19883.44922 0.198947
19883.65039 0.19981
19883.84961 0.200674
19884.05078 0.201491
19884.25000 0.202172
19884.44922 0.202854
19884.65039 0.203542
19884.84961 0.204223
19885.05078 0.204904
19885.25000 0.205585
19885.44922 0.206267
19885.65039 0.206948
19885.84961 0.207629
19886.03906 0.208295
19886.24023 0.208907
19886.43945 0.20952
19886.64062 0.210132
19886.83984 0.210744
19887.03906 0.211357
19887.24023 0.211969
19887.43945 0.212581
19887.64062 0.213193
19887.83984 0.213806
19888.03906 0.214414
19888.24023 0.215001
19888.43945 0.215594
19888.64062 0.216181
19888.83984 0.216769
19889.03906 0.217356
19889.23047 0.217944
19889.42969 0.218531
19889.63086 0.219119
19889.83008 0.219706
19890.02930 0.220262
19890.23047 0.220646
19890.42969 0.221031
19890.63086 0.221416
19890.83008 0.2218
19891.02930 0.222185
19891.23047 0.22257
19891.42969 0.222958
19891.63086 0.223343
19891.83008 0.223728
19892.02930 0.224095
19892.22070 0.224339
19892.41992 0.224584
19892.61914 0.224829
19892.82031 0.225074
19893.01953 0.225319
19893.22070 0.225564
19893.41992 0.225809
19893.61914 0.226054
19893.82031 0.226301
19894.01953 0.226536
19894.22070 0.226681
19894.41992 0.226826
19894.61914 0.226971
19894.82031 0.227116
19895.01953 0.227261
19895.21094 0.227406
19895.41016 0.227551
19895.60938 0.227696
19895.81055 0.227841
19896.00977 0.227988
19896.21094 0.22814
19896.41016 0.228292
19896.60938 0.228444
19896.81055 0.228596
19897.00977 0.228748
19897.21094 0.2289
19897.41016 0.229052
19897.60938 0.229204
19897.81055 0.229357
19898.00977 0.229506
19898.21094 0.229573
19898.41016 0.229641
19898.60938 0.229708
19898.80078 0.229776
