threeML/data/optical_filters/HST/NICMOS1-F097N.ecsv
# %ECSV 0.9
# ---
# datatype:
# - {name: wavelength, unit: Angstrom, datatype: float32}
# - {name: response, datatype: float32}
# meta: !!omap
# - {band_name: F097N}
# - {group_name: NICMOS1}
wavelength response
9590.06641 0.0
9590.16797 1e-06
9590.26953 1e-06
9590.37012 2e-06
9590.47168 2e-06
9590.57324 2e-06
9590.67383 3e-06
9590.77539 3e-06
9590.87695 4e-06
9590.97754 4e-06
9591.07910 5e-06
9591.18066 5e-06
9591.28223 5e-06
9591.38281 6e-06
9591.48438 6e-06
9591.58594 7e-06
9591.68652 7e-06
9591.78809 8e-06
9591.88965 8e-06
9591.99121 9e-06
9592.09180 1.4e-05
9592.19336 1.9e-05
9592.29492 2.5e-05
9592.39648 3.1e-05
9592.49707 3.6e-05
9592.59863 4.2e-05
9592.70020 4.8e-05
9592.80078 5.4e-05
9592.90234 5.9e-05
9593.00391 6.5e-05
9593.10352 7.1e-05
9593.20605 7.6e-05
9593.30762 8.2e-05
9593.40918 8.8e-05
9593.50977 9.3e-05
9593.61133 9.9e-05
9593.71289 0.000105
9593.81445 0.000111
9593.91504 0.000116
9594.01660 0.000121
9594.11816 0.000124
9594.21973 0.000127
9594.32031 0.00013
9594.42188 0.000133
9594.52344 0.000136
9594.62500 0.000138
9594.72559 0.000141
9594.82715 0.000144
9594.92871 0.000147
9595.03027 0.00015
9595.13086 0.000152
9595.23242 0.000155
9595.33398 0.000158
9595.43555 0.000161
9595.53613 0.000164
9595.63770 0.000167
9595.73926 0.000169
9595.84082 0.000172
9595.94141 0.000175
9596.04297 0.000176
9596.14453 0.000174
9596.24609 0.000171
9596.34668 0.000169
9596.44824 0.000167
9596.54980 0.000165
9596.65137 0.000163
9596.75195 0.000161
9596.85352 0.000159
9596.95508 0.000157
9597.05664 0.000155
9597.15723 0.000152
9597.25879 0.00015
9597.36035 0.000148
9597.46191 0.000146
9597.56348 0.000144
9597.66406 0.000142
9597.76562 0.00014
9597.86719 0.000138
9597.96875 0.000135
9598.06934 0.000135
9598.17090 0.000135
9598.27246 0.000136
9598.37402 0.000136
9598.47559 0.000137
9598.57617 0.000137
9598.67773 0.000137
9598.77930 0.000138
9598.88086 0.000138
9598.98242 0.000139
9599.08301 0.000139
9599.18457 0.00014
9599.28613 0.00014
9599.38770 0.00014
9599.48926 0.000141
9599.58984 0.000141
9599.69141 0.000142
9599.79297 0.000142
9599.89453 0.000142
9599.99609 0.000143
9600.09668 0.00014
9600.19824 0.000137
9600.29980 0.000134
9600.40137 0.000131
9600.50293 0.000128
9600.60352 0.000125
9600.70508 0.000122
9600.80664 0.000119
9600.90820 0.000116
9601.00977 0.000113
9601.11035 0.00011
9601.21191 0.000107
9601.31348 0.000104
9601.41504 0.000101
9601.51660 9.8e-05
9601.61816 9.5e-05
9601.71875 9.2e-05
9601.82031 8.9e-05
9601.92188 8.6e-05
9602.02344 8.4e-05
9602.12500 8.6e-05
9602.22559 8.7e-05
9602.32715 8.8e-05
9602.42871 9e-05
9602.53027 9.1e-05
9602.63184 9.3e-05
9602.73340 9.4e-05
9602.83398 9.5e-05
9602.93555 9.7e-05
9603.03711 9.8e-05
9603.13867 9.9e-05
9603.24023 0.000101
9603.34180 0.000102
9603.44238 0.000104
9603.54395 0.000105
9603.64648 0.000106
9603.74707 0.000108
9603.84863 0.000109
9603.95020 0.000111
9604.05176 0.000114
9604.15234 0.000119
9604.25391 0.000124
9604.35547 0.000129
9604.45703 0.000134
9604.55859 0.000139
9604.66016 0.000144
9604.76074 0.000149
9604.86230 0.000154
9604.96387 0.000158
9605.06543 0.000163
9605.16699 0.000168
9605.26855 0.000173
9605.37012 0.000178
9605.47070 0.000183
9605.57227 0.000188
9605.67383 0.000193
9605.77539 0.000198
9605.87695 0.000203
9605.97852 0.000208
9606.08008 0.000209
9606.18164 0.000209
9606.28223 0.000208
9606.38379 0.000208
9606.48535 0.000208
9606.58691 0.000207
9606.68848 0.000207
9606.79004 0.000207
9606.89160 0.000206
9606.99316 0.000206
9607.09375 0.000206
9607.19531 0.000205
9607.29688 0.000205
9607.39844 0.000205
9607.50000 0.000204
9607.60156 0.000204
9607.70312 0.000204
9607.80469 0.000203
9607.90527 0.000203
9608.00684 0.000203
9608.10840 0.000204
9608.20996 0.000205
9608.31152 0.000206
9608.41309 0.000208
9608.51465 0.000209
9608.61621 0.00021
9608.71777 0.000211
9608.81836 0.000212
9608.91992 0.000213
9609.02148 0.000214
9609.12305 0.000216
9609.22461 0.000217
9609.32617 0.000218
9609.42773 0.000219
9609.52930 0.00022
9609.63086 0.000221
9609.73242 0.000222
9609.83398 0.000224
9609.93457 0.000225
9610.03613 0.000226
9610.13770 0.000227
9610.23926 0.000228
9610.34082 0.00023
9610.44238 0.000231
9610.54395 0.000232
9610.64648 0.000233
9610.74707 0.000234
9610.84863 0.000236
9610.95020 0.000237
9611.05176 0.000238
9611.15234 0.000239
9611.25391 0.000241
9611.35547 0.000242
9611.45703 0.000243
9611.55859 0.000244
9611.66016 0.000246
9611.76172 0.000247
9611.86328 0.000248
9611.96484 0.000249
9612.06641 0.000253
9612.16797 0.000259
9612.26953 0.000265
9612.37109 0.000271
9612.47266 0.000277
9612.57324 0.000283
9612.67480 0.000289
9612.77637 0.000295
9612.87793 0.0003
9612.97852 0.000306
9613.08105 0.000312
9613.18262 0.000318
9613.28418 0.000324
9613.38574 0.00033
9613.48730 0.000336
9613.58887 0.000342
9613.69043 0.000347
9613.79199 0.000353
9613.89355 0.000359
9613.99512 0.000365
9614.09668 0.000362
9614.19824 0.000358
9614.29980 0.000354
9614.40137 0.00035
9614.50293 0.000346
9614.60352 0.000343
9614.70508 0.000339
9614.80664 0.000335
9614.90820 0.000331
9615.00977 0.000328
9615.11133 0.000324
9615.21289 0.00032
9615.31445 0.000316
9615.41602 0.000312
9615.51758 0.000308
9615.61914 0.000305
9615.72070 0.000301
9615.82227 0.000297
9615.92383 0.000293
9616.02539 0.000291
9616.12695 0.000294
9616.22852 0.000296
9616.33008 0.000299
9616.43164 0.000301
9616.53320 0.000304
9616.63477 0.000306
9616.73633 0.000309
9616.83789 0.000311
9616.93945 0.000314
9617.04102 0.000316
9617.14258 0.000319
9617.24414 0.000321
9617.34570 0.000324
9617.44727 0.000326
9617.54883 0.000329
9617.65039 0.000331
9617.75195 0.000334
9617.85352 0.000336
9617.95508 0.000339
9618.05664 0.000343
9618.15820 0.000348
9618.25977 0.000353
9618.36133 0.000358
9618.46289 0.000363
9618.56445 0.000368
9618.66602 0.000373
9618.76758 0.000378
9618.86914 0.000383
9618.97070 0.000388
9619.07227 0.000393
9619.17383 0.000398
9619.27539 0.000403
9619.37695 0.000408
9619.47852 0.000413
9619.58008 0.000418
9619.68164 0.000423
9619.78320 0.000428
9619.88477 0.000433
9619.98633 0.000438
9620.08789 0.000449
9620.18945 0.000461
9620.29102 0.000473
9620.39258 0.000485
9620.49414 0.000497
9620.59570 0.00051
9620.69727 0.000522
9620.79883 0.000534
9620.90039 0.000546
9621.00195 0.000558
9621.10352 0.000571
9621.20508 0.000583
9621.30664 0.000595
9621.40820 0.000607
9621.50977 0.000619
9621.61133 0.000631
9621.71289 0.000644
9621.81445 0.000656
9621.91602 0.000668
9622.01855 0.000677
9622.12012 0.000673
9622.22168 0.000669
9622.32324 0.000666
9622.42480 0.000662
9622.52637 0.000658
9622.62793 0.000654
9622.72852 0.00065
9622.83105 0.000646
9622.93262 0.000642
9623.03418 0.000638
9623.13574 0.000634
9623.23730 0.00063
9623.33887 0.000626
9623.44043 0.000622
9623.54199 0.000618
9623.64355 0.000615
9623.74512 0.000611
9623.84668 0.000607
9623.94824 0.000603
9624.05078 0.000603
9624.15234 0.000608
9624.25391 0.000613
9624.35547 0.000618
9624.45703 0.000623
9624.55859 0.000628
9624.66016 0.000633
9624.76172 0.000638
9624.86328 0.000643
9624.96484 0.000648
9625.06641 0.000653
9625.16797 0.000658
9625.26953 0.000663
9625.37109 0.000668
9625.47363 0.000673
9625.57520 0.000678
9625.67676 0.000683
9625.77832 0.000688
9625.87988 0.000693
9625.98145 0.000698
9626.08301 0.000713
9626.18457 0.00073
9626.28613 0.000747
9626.38770 0.000763
9626.48926 0.00078
9626.59082 0.000797
9626.69336 0.000814
9626.79492 0.000831
9626.89648 0.000848
9626.99805 0.000865
9627.09961 0.000882
9627.20117 0.000898
9627.30273 0.000915
9627.40430 0.000932
9627.50586 0.000949
9627.60742 0.000966
9627.70996 0.000983
9627.81152 0.001
9627.91309 0.001017
9628.01465 0.001032
9628.11621 0.001036
9628.21777 0.00104
9628.31934 0.001044
9628.42090 0.001048
9628.52246 0.001053
9628.62402 0.001057
9628.72656 0.001061
9628.82812 0.001065
9628.92969 0.00107
9629.03125 0.001074
9629.13281 0.001078
9629.23438 0.001082
9629.33594 0.001086
9629.43848 0.001091
9629.54004 0.001095
9629.64160 0.001099
9629.74316 0.001103
9629.84473 0.001108
9629.94629 0.001112
9630.04785 0.001116
9630.14941 0.001121
9630.25098 0.001125
9630.35352 0.00113
9630.45508 0.001135
9630.55664 0.001139
9630.65820 0.001144
9630.75977 0.001148
9630.86133 0.001153
9630.96289 0.001158
9631.06445 0.001162
9631.16699 0.001167
9631.26855 0.001172
9631.37012 0.001176
9631.47168 0.001181
9631.57324 0.001185
9631.67480 0.00119
9631.77637 0.001195
9631.87891 0.001199
9631.98047 0.001204
9632.08203 0.001218
9632.18359 0.001235
9632.28516 0.001252
9632.38672 0.001268
9632.48926 0.001285
9632.59082 0.001302
9632.69238 0.001319
9632.79395 0.001335
9632.89648 0.001352
9632.99707 0.001369
9633.09863 0.001386
9633.20117 0.001402
9633.30273 0.001419
9633.40430 0.001436
9633.50586 0.001453
9633.60742 0.001469
9633.70898 0.001486
9633.81152 0.001503
9633.91309 0.00152
9634.01465 0.001536
9634.11621 0.001551
9634.21777 0.001565
9634.31934 0.00158
9634.42188 0.001595
9634.52344 0.00161
9634.62500 0.001624
9634.72656 0.001639
9634.82812 0.001654
9634.93066 0.001669
9635.03223 0.001683
9635.13379 0.001698
9635.23535 0.001713
9635.33691 0.001727
9635.43848 0.001742
9635.54102 0.001757
9635.64258 0.001772
9635.74414 0.001786
9635.84570 0.001801
9635.94727 0.001816
9636.04980 0.001835
9636.15137 0.001859
9636.25293 0.001883
9636.35352 0.001908
9636.45605 0.001932
9636.55859 0.001956
9636.66016 0.00198
9636.76172 0.002004
9636.86328 0.002029
9636.96484 0.002053
9637.06738 0.002077
9637.16895 0.002101
9637.27148 0.002125
9637.37207 0.00215
9637.47363 0.002174
9637.57617 0.002198
9637.67773 0.002222
9637.77930 0.002247
9637.88086 0.002271
9637.98242 0.002295
9638.08496 0.002315
9638.18652 0.002333
9638.28809 0.002352
9638.38965 0.00237
9638.49219 0.002389
9638.59375 0.002408
9638.69531 0.002426
9638.79688 0.002445
9638.89844 0.002463
9639.00098 0.002482
9639.10254 0.002501
9639.20410 0.002519
9639.30566 0.002538
9639.40820 0.002556
9639.50977 0.002575
9639.61133 0.002594
9639.71289 0.002612
9639.81445 0.002631
9639.91699 0.002649
9640.01855 0.002671
9640.12012 0.002703
9640.22168 0.002735
9640.32422 0.002768
9640.42578 0.0028
9640.52734 0.002832
9640.62891 0.002864
9640.73145 0.002897
9640.83301 0.002929
9640.93457 0.002962
9641.03613 0.002994
9641.13867 0.003027
9641.24023 0.003059
9641.34180 0.003091
9641.44336 0.003123
9641.54590 0.003156
9641.64746 0.003188
9641.74902 0.003221
9641.85059 0.003253
9641.95312 0.003286
9642.05469 0.003317
9642.15625 0.003347
9642.25781 0.003377
9642.36035 0.003408
9642.46191 0.003438
9642.56348 0.003469
9642.66504 0.003499
9642.76758 0.00353
9642.86914 0.00356
9642.97070 0.00359
9643.07227 0.003621
9643.17480 0.003651
9643.27637 0.003682
9643.37793 0.003712
9643.48047 0.003743
9643.58203 0.003773
9643.68359 0.003803
9643.78516 0.003834
9643.88770 0.003864
9643.98926 0.003895
9644.09082 0.00394
9644.19336 0.003987
9644.29492 0.004034
9644.39648 0.00408
9644.49805 0.004127
9644.60059 0.004175
9644.70215 0.004221
9644.80371 0.004268
9644.90625 0.004315
9645.00781 0.004362
9645.10938 0.004409
9645.21094 0.004456
9645.31348 0.004503
9645.41504 0.00455
9645.51660 0.004597
9645.61914 0.004644
9645.72070 0.004691
9645.82227 0.004738
9645.92383 0.004784
9646.02637 0.004834
9646.12793 0.004891
9646.22852 0.004948
9646.33203 0.005005
9646.43359 0.005062
9646.53516 0.005118
9646.63770 0.005176
9646.73926 0.005232
9646.84082 0.005289
9646.94238 0.005346
9647.04492 0.005403
9647.14648 0.00546
9647.24805 0.005517
9647.35059 0.005574
9647.45215 0.005631
9647.55371 0.005687
9647.65625 0.005745
9647.75781 0.005802
9647.85938 0.005858
9647.96191 0.005916
9648.06348 0.005975
9648.16504 0.006035
9648.26758 0.006096
9648.36914 0.006156
9648.47070 0.006216
9648.57324 0.006277
9648.67480 0.006338
9648.77637 0.006398
9648.87891 0.006459
9648.98047 0.006519
9649.08203 0.006579
9649.18457 0.00664
9649.28613 0.006701
9649.38770 0.006761
9649.49023 0.006822
9649.59180 0.006882
9649.69336 0.006943
9649.79590 0.007003
9649.89746 0.007064
9649.99902 0.007124
9650.10156 0.007213
9650.20312 0.007302
9650.30469 0.007391
9650.40723 0.00748
9650.50879 0.007569
9650.61035 0.007658
9650.71289 0.007747
9650.81445 0.007836
9650.91602 0.007925
9651.01855 0.008014
9651.12012 0.008103
9651.22168 0.008192
9651.32422 0.008281
9651.42578 0.00837
9651.52832 0.008459
9651.62988 0.008548
9651.73145 0.008637
9651.83398 0.008727
9651.93555 0.008815
9652.03711 0.00891
9652.13965 0.009016
9652.24121 0.009121
9652.34277 0.009226
9652.44531 0.009332
9652.54688 0.009436
9652.64941 0.009542
9652.75098 0.009647
9652.85254 0.009752
9652.95508 0.009858
9653.05664 0.009963
9653.15820 0.010068
9653.26074 0.010174
9653.36230 0.010279
9653.46484 0.010385
9653.56641 0.01049
9653.66797 0.010595
9653.77148 0.010701
9653.87207 0.010806
9653.97461 0.010912
9654.07617 0.011042
9654.17773 0.011181
9654.28027 0.011321
9654.38184 0.01146
9654.48340 0.011599
9654.58594 0.011739
9654.68848 0.011878
9654.79004 0.012018
9654.89160 0.012157
9654.99316 0.012296
9655.09570 0.012437
9655.19727 0.012575
9655.29980 0.012716
9655.40137 0.012855
9655.50293 0.012994
9655.60547 0.013134
9655.70703 0.013273
9655.80957 0.013413
9655.91113 0.013552
9656.01270 0.013692
9656.11523 0.013837
9656.21680 0.01398
9656.31934 0.014125
9656.42090 0.014269
9656.52344 0.014413
9656.62500 0.014557
9656.72656 0.014701
9656.82910 0.014846
9656.93066 0.014989
9657.03320 0.015134
9657.13477 0.015278
9657.23633 0.015421
9657.33887 0.015566
9657.44043 0.01571
9657.54297 0.015855
9657.64453 0.015999
9657.74707 0.016144
9657.84863 0.016287
9657.95020 0.016431
9658.05273 0.016612
9658.15430 0.016826
9658.25684 0.017041
9658.35840 0.017255
9658.46094 0.01747
9658.56348 0.017684
9658.66406 0.017897
9658.76660 0.018113
9658.86816 0.018327
9658.97070 0.018542
9659.07227 0.018756
9659.17480 0.018972
9659.27637 0.019185
9659.37891 0.019401
9659.48047 0.019615
9659.58203 0.019828
9659.68457 0.020044
9659.78613 0.020258
9659.88867 0.020473
9659.99023 0.020687
9660.09277 0.020895
9660.19434 0.021099
9660.29688 0.021306
9660.39844 0.02151
9660.50000 0.021715
9660.60254 0.021922
9660.70410 0.022126
9660.80664 0.022333
9660.90820 0.022537
9661.01074 0.022744
9661.11230 0.022949
9661.21484 0.023155
9661.31641 0.02336
9661.41895 0.023567
9661.52148 0.023772
9661.62305 0.023978
9661.72461 0.024183
9661.82715 0.02439
9661.92871 0.024595
9662.03027 0.024817
9662.13281 0.025083
9662.23438 0.025347
9662.33691 0.025613
9662.43848 0.025876
9662.54102 0.026143
9662.64258 0.026406
9662.74512 0.026672
9662.84668 0.026936
9662.94922 0.027202
9663.05078 0.027466
9663.15332 0.027732
9663.25488 0.027996
9663.35742 0.028262
9663.45898 0.028526
9663.56152 0.028792
9663.66309 0.029056
9663.76562 0.029323
9663.86719 0.029586
9663.96973 0.029853
9664.07129 0.030094
9664.17383 0.030327
9664.27539 0.030559
9664.37793 0.030792
9664.47852 0.031024
9664.58203 0.031257
9664.68359 0.031489
9664.78613 0.031722
9664.88770 0.031954
9664.99023 0.032187
9665.09180 0.032419
9665.19434 0.032652
9665.29590 0.032884
9665.39844 0.033117
9665.50000 0.033349
9665.60254 0.033583
9665.70410 0.033814
9665.80664 0.034048
9665.90820 0.034279
9666.01074 0.03452
9666.11230 0.034813
9666.21484 0.03511
9666.31641 0.035404
9666.41895 0.035701
9666.52148 0.035995
9666.62305 0.036292
9666.72461 0.036586
9666.82715 0.036882
9666.92871 0.037177
9667.03125 0.037473
9667.13379 0.03777
9667.23535 0.038064
9667.33789 0.038361
9667.43945 0.038655
9667.54199 0.038952
9667.64355 0.039246
9667.74609 0.039543
9667.84766 0.039838
9667.95020 0.040135
9668.05176 0.0404
9668.15430 0.04064
9668.25586 0.040878
9668.35840 0.041118
9668.45996 0.041356
9668.56348 0.041596
9668.66504 0.041836
9668.76660 0.042074
9668.86914 0.042315
9668.97070 0.042552
9669.07324 0.042793
9669.17480 0.043031
9669.27734 0.043271
9669.37891 0.043509
9669.48145 0.043749
9669.58398 0.04399
9669.68555 0.044228
9669.78809 0.044468
9669.88965 0.044706
9669.99219 0.044946
9670.09375 0.045208
9670.19629 0.045475
9670.29785 0.045738
9670.40039 0.046005
9670.50293 0.046271
9670.60352 0.046535
9670.70703 0.046802
9670.80859 0.047066
9670.91113 0.047332
9671.01270 0.047596
9671.11523 0.047863
9671.21777 0.048129
9671.31934 0.048393
9671.42188 0.04866
9671.52344 0.048924
9671.62598 0.049191
9671.72754 0.049455
9671.83008 0.049721
9671.93262 0.049988
9672.03418 0.050243
9672.13672 0.050484
