threeML/data/optical_filters/HST/NICMOS2-POL120L.ecsv
# %ECSV 0.9
# ---
# datatype:
# - {name: wavelength, unit: Angstrom, datatype: float32}
# - {name: response, datatype: float32}
# meta: !!omap
# - {band_name: POL120L}
# - {group_name: NICMOS2}
wavelength response
16500.09570 0.0
18333.43945 0.0004
18333.80078 0.000403
18334.16992 0.000405
18334.53906 0.000408
18334.91016 0.00041
18335.26953 0.000413
18335.64062 0.000414
18336.00977 0.000416
18336.36914 0.000418
18336.74023 0.00042
18337.10938 0.000422
18337.48047 0.000424
18337.84961 0.000426
18338.21094 0.000428
18338.58008 0.00043
18338.94922 0.000432
18339.32031 0.000434
18339.67969 0.000436
18340.05078 0.000438
18340.41992 0.000436
18340.78906 0.000434
18341.15039 0.000433
18341.51953 0.000431
18341.89062 0.000429
18342.25977 0.000428
18342.63086 0.000426
18342.99023 0.000424
18343.35938 0.000422
18343.73047 0.000421
18344.08984 0.000419
18344.46094 0.000417
18344.83008 0.000416
18345.19922 0.000415
18345.56055 0.000416
18345.92969 0.000416
18346.30078 0.000417
18346.66992 0.000418
18347.03906 0.000418
18347.40039 0.000419
18347.76953 0.000419
18348.14062 0.00042
18348.50977 0.00042
18348.88086 0.000421
18349.24023 0.000422
18349.60938 0.000422
18349.98047 0.000423
18350.34961 0.000421
18350.71094 0.000419
18351.08008 0.000417
18351.44922 0.000415
18351.82031 0.000413
18352.17969 0.000411
18352.55078 0.000409
18352.91992 0.000408
18353.28906 0.000406
18353.66016 0.000404
18354.01953 0.000402
18354.39062 0.0004
18354.75977 0.000398
18355.13086 0.000398
18355.49023 0.000404
18355.85938 0.000409
18356.23047 0.000414
18356.59961 0.000419
18356.97070 0.000424
18357.33008 0.00043
18357.69922 0.000435
18358.07031 0.00044
18358.43945 0.000445
18358.81055 0.00045
18359.16992 0.000455
18359.53906 0.000461
18359.91016 0.000466
18360.27930 0.000466
18360.65039 0.000464
18361.00977 0.000462
18361.38086 0.00046
18361.75000 0.000458
18362.11914 0.000457
18362.49023 0.000455
18362.84961 0.000453
18363.22070 0.000451
18363.58984 0.000449
18363.96094 0.000448
18364.33008 0.000446
18364.68945 0.000444
18365.06055 0.000442
18365.42969 0.000443
18365.80078 0.000444
18366.16992 0.000444
18366.53906 0.000445
18366.90039 0.000445
18367.26953 0.000446
18367.64062 0.000446
18368.00977 0.000447
18368.38086 0.000447
18368.74023 0.000448
18369.10938 0.000448
18369.48047 0.000449
18369.84961 0.000449
18370.21094 0.000452
18370.58008 0.000455
18370.94922 0.000459
18371.32031 0.000462
18371.68945 0.000466
18372.06055 0.000469
18372.41992 0.000473
18372.78906 0.000476
18373.16016 0.00048
18373.52930 0.000483
18373.90039 0.000487
18374.26953 0.00049
18374.63086 0.000494
18375.00000 0.000497
18375.36914 0.000497
18375.74023 0.000496
18376.10938 0.000495
18376.47070 0.000494
18376.83984 0.000493
18377.21094 0.000492
18377.58008 0.000491
18377.94922 0.000491
18378.32031 0.00049
18378.68945 0.000489
18379.05078 0.000488
18379.41992 0.000487
18379.78906 0.000486
18380.16016 0.000487
18380.52930 0.000491
18380.89062 0.000494
18381.25977 0.000497
18381.63086 0.000501
18382.00000 0.000504
18382.36914 0.000507
18382.74023 0.00051
18383.10938 0.000514
18383.47070 0.000517
18383.83984 0.00052
18384.21094 0.000524
18384.58008 0.000527
18384.94922 0.00053
18385.32031 0.000533
18385.68945 0.000536
18386.05078 0.000538
18386.41992 0.000541
18386.78906 0.000543
18387.16016 0.000546
18387.52930 0.000549
18387.90039 0.000551
18388.25977 0.000554
18388.63086 0.000556
18389.00000 0.000559
18389.36914 0.000562
18389.74023 0.000564
18390.10938 0.000566
18390.48047 0.000568
18390.83984 0.000569
18391.21094 0.00057
18391.58008 0.000572
18391.94922 0.000573
18392.32031 0.000574
18392.68945 0.000575
18393.06055 0.000577
18393.41992 0.000578
18393.78906 0.000579
18394.16016 0.00058
18394.52930 0.000582
18394.90039 0.000583
18395.26953 0.000584
18395.64062 0.000585
18396.00977 0.000586
18396.36914 0.000587
18396.74023 0.000588
18397.10938 0.000589
18397.48047 0.00059
18397.84961 0.000591
18398.22070 0.000592
18398.58984 0.000593
18398.96094 0.000594
18399.32031 0.000595
18399.68945 0.000596
18400.06055 0.000597
18400.42969 0.000595
18400.80078 0.000593
18401.16992 0.000591
18401.53906 0.000589
18401.90039 0.000587
18402.26953 0.000585
18402.64062 0.000583
18403.00977 0.000581
18403.38086 0.000579
18403.75000 0.000577
18404.11914 0.000575
18404.49023 0.000573
18404.85938 0.000571
18405.22070 0.000571
18405.58984 0.000571
18405.96094 0.000572
18406.33008 0.000573
18406.69922 0.000573
18407.07031 0.000574
18407.43945 0.000575
18407.81055 0.000576
18408.17969 0.000576
18408.53906 0.000577
18408.91016 0.000578
18409.27930 0.000578
18409.65039 0.000579
18410.01953 0.00058
18410.39062 0.000586
18410.75977 0.000592
18411.13086 0.000598
18411.50000 0.000604
18411.86914 0.00061
18412.23047 0.000616
18412.59961 0.000621
18412.97070 0.000627
18413.33984 0.000633
18413.71094 0.000639
18414.08008 0.000645
18414.44922 0.000651
18414.82031 0.000657
18415.18945 0.00066
18415.55078 0.000661
18415.91992 0.000661
18416.28906 0.000662
18416.66016 0.000662
18417.02930 0.000663
18417.40039 0.000663
18417.76953 0.000664
18418.14062 0.000664
18418.50977 0.000665
18418.88086 0.000665
18419.25000 0.000666
18419.61914 0.000666
18419.98047 0.000667
18420.34961 0.00067
18420.72070 0.000675
18421.08984 0.000679
18421.46094 0.000683
18421.83008 0.000687
18422.19922 0.000691
18422.57031 0.000695
18422.93945 0.000699
18423.31055 0.000703
18423.67969 0.000707
18424.05078 0.000711
18424.41992 0.000715
18424.78906 0.000719
18425.15039 0.000721
18425.51953 0.000722
18425.89062 0.000723
18426.25977 0.000724
18426.63086 0.000724
18427.00000 0.000725
18427.36914 0.000726
18427.74023 0.000727
18428.10938 0.000727
18428.48047 0.000728
18428.84961 0.000729
18429.22070 0.00073
18429.58984 0.00073
18429.96094 0.000731
18430.32031 0.000731
18430.68945 0.000731
18431.06055 0.000731
18431.42969 0.000731
18431.80078 0.000731
18432.16992 0.000731
18432.53906 0.000731
18432.91016 0.000731
18433.27930 0.000731
18433.65039 0.000731
18434.01953 0.000731
18434.39062 0.000731
18434.75977 0.000731
18435.13086 0.000731
18435.50000 0.000734
18435.86914 0.000736
18436.23047 0.000739
18436.59961 0.000741
18436.97070 0.000744
18437.33984 0.000746
18437.71094 0.000749
18438.08008 0.000751
18438.44922 0.000754
18438.82031 0.000756
18439.18945 0.000759
18439.56055 0.000761
18439.92969 0.000764
18440.30078 0.000769
18440.66992 0.000775
18441.03906 0.00078
18441.41016 0.000786
18441.77930 0.000792
18442.15039 0.000798
18442.51953 0.000804
18442.89062 0.000809
18443.25977 0.000815
18443.63086 0.000821
18444.00000 0.000827
18444.36914 0.000832
18444.73047 0.000838
18445.10938 0.000842
18445.47070 0.000841
18445.83984 0.00084
18446.21094 0.00084
18446.58008 0.000839
18446.94922 0.000838
18447.32031 0.000837
18447.68945 0.000836
18448.06055 0.000836
18448.42969 0.000835
18448.80078 0.000834
18449.16992 0.000833
18449.53906 0.000832
18449.91016 0.000831
18450.27930 0.000833
18450.65039 0.000835
18451.01953 0.000837
18451.39062 0.000839
18451.75977 0.000841
18452.13086 0.000843
18452.50000 0.000845
18452.86914 0.000847
18453.24023 0.000849
18453.60938 0.000852
18453.98047 0.000854
18454.34961 0.000856
18454.72070 0.000858
18455.08984 0.00086
18455.46094 0.000862
18455.83008 0.000864
18456.19922 0.000866
18456.57031 0.000868
18456.93945 0.00087
18457.31055 0.000872
18457.67969 0.000874
18458.05078 0.000876
18458.41992 0.000877
18458.78906 0.000879
18459.16016 0.000881
18459.52930 0.000883
18459.90039 0.000885
18460.26953 0.000888
18460.64062 0.00089
18461.00977 0.000892
18461.38086 0.000894
18461.75000 0.000897
18462.11914 0.000899
18462.49023 0.000901
18462.85938 0.000904
18463.23047 0.000906
18463.59961 0.000908
18463.97070 0.00091
18464.33984 0.000913
18464.71094 0.000915
18465.08008 0.000917
18465.44922 0.000918
18465.82031 0.00092
18466.18945 0.000921
18466.56055 0.000922
18466.92969 0.000923
18467.30078 0.000925
18467.66992 0.000926
18468.03906 0.000927
18468.41016 0.000929
18468.77930 0.00093
18469.15039 0.000931
18469.51953 0.000933
18469.89062 0.000934
18470.25977 0.000938
18470.63086 0.000943
18471.00000 0.000948
18471.36914 0.000953
18471.74023 0.000959
18472.10938 0.000964
18472.48047 0.000969
18472.84961 0.000974
18473.22070 0.000979
18473.58984 0.000985
18473.96094 0.00099
18474.33008 0.000995
18474.69922 0.001
18475.07031 0.001004
18475.43945 0.001005
18475.81055 0.001006
18476.17969 0.001007
18476.55078 0.001008
18476.91992 0.001009
18477.28906 0.00101
18477.66016 0.001011
18478.03906 0.001012
18478.40039 0.001012
18478.77930 0.001013
18479.14062 0.001014
18479.51953 0.001015
18479.89062 0.001016
18480.25977 0.001018
18480.63086 0.00102
18481.00000 0.001022
18481.36914 0.001025
18481.74023 0.001027
18482.10938 0.001029
18482.48047 0.001032
18482.84961 0.001034
18483.22070 0.001036
18483.58984 0.001039
18483.96094 0.001041
18484.33008 0.001043
18484.69922 0.001046
18485.07031 0.001049
18485.43945 0.001055
18485.81055 0.001062
18486.17969 0.001068
18486.55078 0.001074
18486.91992 0.001081
18487.28906 0.001087
18487.66992 0.001094
18488.03906 0.0011
18488.41016 0.001107
18488.77930 0.001113
18489.15039 0.001119
18489.51953 0.001126
18489.89062 0.001132
18490.25977 0.001136
18490.63086 0.001137
18491.00000 0.001139
18491.36914 0.001141
18491.74023 0.001143
18492.10938 0.001145
18492.48047 0.001146
18492.84961 0.001148
18493.22070 0.00115
18493.58984 0.001152
18493.96094 0.001154
18494.33984 0.001156
18494.71094 0.001157
18495.08008 0.001159
18495.44922 0.001159
18495.82031 0.001159
18496.18945 0.001159
18496.56055 0.001159
18496.92969 0.001159
18497.30078 0.001159
18497.66992 0.001159
18498.03906 0.00116
18498.41016 0.00116
18498.77930 0.00116
18499.15039 0.00116
18499.52930 0.00116
18499.90039 0.00116
18500.26953 0.001161
18500.64062 0.001162
18501.00977 0.001164
18501.38086 0.001165
18501.75000 0.001167
18502.11914 0.001168
18502.49023 0.001169
18502.85938 0.001171
18503.23047 0.001172
18503.59961 0.001173
18503.97070 0.001175
18504.34961 0.001176
18504.72070 0.001177
18505.08984 0.00118
18505.46094 0.001187
18505.83008 0.001193
18506.19922 0.0012
18506.57031 0.001206
18506.93945 0.001213
18507.31055 0.001219
18507.67969 0.001226
18508.05078 0.001232
18508.42969 0.001239
18508.80078 0.001245
18509.16992 0.001252
18509.53906 0.001258
18509.91016 0.001265
18510.27930 0.001269
18510.65039 0.001273
18511.01953 0.001277
18511.39062 0.001281
18511.75977 0.001285
18512.13086 0.001288
18512.50977 0.001292
18512.88086 0.001296
18513.25000 0.0013
18513.61914 0.001304
18513.99023 0.001307
18514.35938 0.001311
18514.73047 0.001315
18515.09961 0.001318
18515.47070 0.001321
18515.84961 0.001323
18516.22070 0.001325
18516.58984 0.001327
18516.96094 0.001329
18517.33008 0.001332
18517.69922 0.001334
18518.07031 0.001336
18518.43945 0.001338
18518.81055 0.001341
18519.18945 0.001343
18519.56055 0.001345
18519.92969 0.001347
18520.30078 0.001354
18520.66992 0.001361
18521.03906 0.001369
18521.41016 0.001377
18521.77930 0.001384
18522.15039 0.001392
18522.52930 0.0014
18522.90039 0.001407
18523.26953 0.001415
18523.64062 0.001423
18524.00977 0.00143
18524.38086 0.001438
18524.75000 0.001446
18525.13086 0.001451
18525.50000 0.001452
18525.86914 0.001454
18526.24023 0.001455
18526.60938 0.001457
18526.98047 0.001458
18527.34961 0.001459
18527.72070 0.001461
18528.09961 0.001462
18528.47070 0.001463
18528.83984 0.001465
18529.21094 0.001466
18529.58008 0.001467
18529.94922 0.001469
18530.32031 0.001471
18530.69922 0.001473
18531.07031 0.001476
18531.43945 0.001478
18531.81055 0.00148
18532.17969 0.001483
18532.55078 0.001485
18532.91992 0.001487
18533.28906 0.001489
18533.66992 0.001492
18534.03906 0.001494
18534.41016 0.001496
18534.77930 0.001499
18535.15039 0.001503
18535.51953 0.001511
18535.89062 0.001519
18536.26953 0.001527
18536.64062 0.001534
18537.00977 0.001542
18537.38086 0.00155
18537.75000 0.001558
18538.11914 0.001565
18538.50000 0.001573
18538.86914 0.001581
18539.24023 0.001589
18539.60938 0.001597
18539.98047 0.001604
18540.34961 0.00161
18540.72070 0.001616
18541.09961 0.001622
18541.47070 0.001628
18541.83984 0.001634
18542.21094 0.00164
18542.58008 0.001646
18542.96094 0.001652
18543.33008 0.001658
18543.69922 0.001663
18544.07031 0.001669
18544.43945 0.001675
18544.81055 0.001681
18545.17969 0.001686
18545.56055 0.00169
18545.92969 0.001694
18546.30078 0.001698
18546.66992 0.001702
18547.03906 0.001706
18547.41016 0.00171
18547.78906 0.001714
18548.16016 0.001718
18548.52930 0.001722
18548.90039 0.001726
18549.26953 0.00173
18549.64062 0.001734
18550.01953 0.001738
18550.39062 0.001745
18550.75977 0.001753
18551.13086 0.001761
18551.50000 0.001768
18551.88086 0.001776
18552.25000 0.001783
18552.61914 0.001791
18552.99023 0.001799
18553.35938 0.001806
18553.73047 0.001814
18554.10938 0.001821
18554.48047 0.001829
18554.84961 0.001837
18555.22070 0.00184
18555.58984 0.00184
18555.97070 0.00184
18556.33984 0.001841
18556.71094 0.001841
18557.08008 0.001841
18557.44922 0.001842
18557.83008 0.001842
18558.19922 0.001842
18558.57031 0.001842
18558.93945 0.001843
18559.31055 0.001843
18559.68945 0.001843
18560.06055 0.001844
18560.42969 0.001848
18560.80078 0.001853
18561.16992 0.001857
18561.53906 0.001861
18561.91992 0.001865
18562.28906 0.001869
18562.66016 0.001873
18563.02930 0.001878
18563.40039 0.001882
18563.77930 0.001886
18564.15039 0.00189
18564.51953 0.001894
18564.89062 0.001899
18565.26953 0.001906
18565.64062 0.001914
18566.00977 0.001923
18566.38086 0.001932
18566.75000 0.00194
18567.13086 0.001949
18567.50000 0.001957
18567.86914 0.001966
18568.24023 0.001975
18568.61914 0.001983
18568.99023 0.001992
18569.35938 0.002
18569.73047 0.002009
18570.09961 0.002017
18570.47070 0.002024
18570.84961 0.002032
18571.22070 0.002039
18571.58984 0.002046
18571.96094 0.002054
18572.33984 0.002061
18572.71094 0.002068
18573.08008 0.002076
18573.44922 0.002083
18573.82031 0.00209
18574.19922 0.002098
18574.57031 0.002105
18574.93945 0.002112
18575.31055 0.002117
18575.68945 0.002121
18576.06055 0.002126
18576.42969 0.00213
18576.80078 0.002134
18577.17969 0.002139
18577.55078 0.002143
18577.91992 0.002148
18578.28906 0.002152
18578.66016 0.002156
18579.03906 0.002161
18579.41016 0.002165
18579.77930 0.002169
18580.15039 0.002174
18580.52930 0.002181
18580.90039 0.002187
18581.26953 0.002194
18581.64062 0.0022
18582.01953 0.002207
18582.39062 0.002213
18582.75977 0.00222
18583.13086 0.002226
18583.50977 0.002232
18583.88086 0.002239
18584.25000 0.002245
18584.61914 0.002252
18585.00000 0.002258
18585.36914 0.002267
18585.74023 0.002275
18586.10938 0.002284
18586.49023 0.002292
18586.85938 0.0023
18587.23047 0.002309
18587.59961 0.002317
18587.98047 0.002326
18588.34961 0.002334
18588.72070 0.002343
18589.08984 0.002351
18589.47070 0.00236
18589.83984 0.002368
18590.21094 0.002377
18590.58008 0.002386
18590.96094 0.002395
18591.33008 0.002404
18591.69922 0.002413
18592.07031 0.002422
18592.44922 0.002431
18592.82031 0.00244
18593.18945 0.00245
18593.56055 0.002459
18593.93945 0.002468
18594.31055 0.002477
18594.67969 0.002486
18595.05078 0.002495
18595.42969 0.002502
18595.80078 0.00251
18596.16992 0.002518
18596.53906 0.002525
18596.91992 0.002533
18597.28906 0.002541
18597.66016 0.002548
18598.03906 0.002556
18598.41016 0.002564
18598.77930 0.002571
18599.15039 0.002579
18599.52930 0.002586
18599.90039 0.002594
18600.26953 0.002601
18600.65039 0.002607
18601.01953 0.002613
18601.39062 0.002619
18601.75977 0.002625
18602.14062 0.002631
18602.50977 0.002637
18602.88086 0.002643
18603.25977 0.002649
18603.63086 0.002655
18604.00000 0.002661
18604.36914 0.002667
18604.75000 0.002673
18605.11914 0.002682
18605.49023 0.002696
18605.86914 0.00271
18606.24023 0.002724
18606.60938 0.002738
18606.98047 0.002752
18607.35938 0.002766
18607.73047 0.00278
18608.09961 0.002794
18608.48047 0.002808
18608.84961 0.002822
18609.22070 0.002836
18609.59961 0.00285
18609.97070 0.002864
18610.33984 0.002872
18610.71094 0.002879
18611.08984 0.002886
18611.46094 0.002893
18611.83008 0.0029
18612.21094 0.002908
18612.58008 0.002915
18612.94922 0.002922
18613.32031 0.002929
18613.69922 0.002937
18614.07031 0.002944
18614.43945 0.002951
18614.82031 0.002958
18615.18945 0.002969
18615.56055 0.002983
18615.93945 0.002996
18616.31055 0.00301
