threeML/data/optical_filters/HST/NICMOS2-F222M.ecsv
# %ECSV 0.9
# ---
# datatype:
# - {name: wavelength, unit: Angstrom, datatype: float32}
# - {name: response, datatype: float32}
# meta: !!omap
# - {band_name: F222M}
# - {group_name: NICMOS2}
wavelength response
[from data line 3064]
21513.03906 0.183604
21513.38086 0.183714
21513.72070 0.183824
21514.06055 0.183969
21514.40039 0.184276
21514.74023 0.184585
21515.08008 0.184894
21515.41992 0.185203
21515.75977 0.185512
21516.09961 0.18582
21516.43945 0.186132
21516.77930 0.186443
21517.11914 0.186755
21517.44922 0.187065
21517.78906 0.187377
21518.13086 0.187625
21518.47070 0.187775
21518.81055 0.187924
21519.15039 0.188073
21519.49023 0.188223
21519.83008 0.188373
21520.16992 0.188494
21520.50977 0.188586
21520.84961 0.188678
21521.18945 0.18877
21521.52930 0.188862
21521.86914 0.188955
21522.21094 0.189059
21522.53906 0.18917
21522.88086 0.189282
21523.22070 0.189394
21523.56055 0.189506
21523.90039 0.189618
21524.24023 0.189889
21524.58008 0.190221
21524.91992 0.190554
21525.25977 0.190888
21525.59961 0.191222
21525.93945 0.191555
21526.27930 0.191751
21526.61914 0.191919
21526.96094 0.192085
21527.30078 0.192252
21527.64062 0.19242
21527.98047 0.192587
21528.32031 0.192767
21528.66016 0.192948
21529.00000 0.193129
21529.33984 0.19331
21529.67969 0.19349
21530.01953 0.193677
21530.35938 0.193997
21530.69922 0.194317
21531.03906 0.194637
21531.36914 0.194956
21531.71094 0.195276
21532.05078 0.195541
21532.39062 0.195519
21532.73047 0.195496
21533.07031 0.195474
21533.41016 0.195452
21533.75000 0.19543
21534.08984 0.195533
21534.42969 0.195977
21534.76953 0.196421
21535.10938 0.196865
21535.44922 0.197308
21535.78906 0.197752
21536.13086 0.198095
21536.47070 0.198278
21536.81055 0.19846
21537.15039 0.198642
21537.49023 0.198823
21537.83008 0.199006
21538.16992 0.199199
21538.50977 0.199403
21538.84961 0.199608
21539.18945 0.199813
21539.52930 0.200017
21539.86914 0.200221
21540.21094 0.20047
21540.55078 0.200746
21540.89062 0.201023
21541.23047 0.201299
21541.57031 0.201576
21541.91016 0.201852
21542.25000 0.201964
21542.58984 0.202013
21542.92969 0.202062
21543.26953 0.202111
21543.60938 0.20216
21543.94922 0.202209
21544.28906 0.202506
21544.63086 0.20285
21544.96094 0.203195
21545.30078 0.203539
21545.64062 0.203884
21545.98047 0.204228
21546.32031 0.204338
21546.66016 0.204436
21547.00000 0.204534
21547.33984 0.204632
21547.67969 0.20473
21548.01953 0.204844
21548.35938 0.205175
21548.69922 0.205505
21549.03906 0.205836
21549.38086 0.206166
21549.72070 0.206497
21550.06055 0.20679
21550.40039 0.206917
21550.74023 0.207044
21551.08008 0.207172
21551.41992 0.207299
21551.75977 0.207426
21552.09961 0.207564
21552.43945 0.207725
21552.77930 0.207886
21553.11914 0.208046
21553.46094 0.208207
21553.80078 0.208368
21554.14062 0.208574
21554.48047 0.208841
21554.82031 0.209108
21555.16016 0.209376
21555.50000 0.209643
21555.83984 0.209912
21556.17969 0.210076
21556.51953 0.210153
21556.85938 0.21023
21557.19922 0.210308
21557.53906 0.210385
21557.88086 0.210462
21558.22070 0.210664
21558.56055 0.21093
21558.90039 0.211199
21559.24023 0.211466
21559.58008 0.211733
21559.91992 0.212
21560.25977 0.212396
21560.59961 0.212829
21560.93945 0.213262
21561.27930 0.213695
21561.61914 0.21413
21561.96094 0.214563
21562.30078 0.214504
21562.64062 0.214387
21562.98047 0.214271
21563.32031 0.214154
21563.66016 0.214037
21564.00977 0.213925
21564.34961 0.214093
21564.68945 0.214261
21565.02930 0.21443
21565.36914 0.214598
21565.71094 0.214766
21566.05078 0.214925
21566.39062 0.215021
21566.73047 0.215117
21567.07031 0.215213
21567.41016 0.215309
21567.75000 0.215405
21568.08984 0.215549
21568.42969 0.215829
21568.76953 0.216109
21569.10938 0.21639
21569.44922 0.216671
21569.78906 0.216952
21570.13086 0.217179
21570.47070 0.217319
21570.81055 0.21746
21571.15039 0.217601
21571.49023 0.217741
21571.83008 0.217881
21572.16992 0.218051
21572.50977 0.218251
21572.84961 0.218452
21573.18945 0.218652
21573.52930 0.218852
21573.86914 0.219052
21574.21094 0.219231
21574.55078 0.219396
21574.89062 0.219561
21575.23047 0.219725
21575.57031 0.219891
21575.91016 0.220055
21576.25000 0.220262
21576.58984 0.220482
21576.93945 0.220704
21577.27930 0.220925
21577.61914 0.221146
21577.96094 0.221368
21578.30078 0.221597
21578.64062 0.221827
21578.98047 0.222057
21579.32031 0.222288
21579.66016 0.222519
21580.00000 0.222749
21580.33984 0.222945
21580.67969 0.223142
21581.01953 0.223338
21581.35938 0.223534
21581.69922 0.223731
21582.03906 0.223892
21582.38086 0.2238
21582.72070 0.223708
21583.06055 0.223617
21583.40039 0.223525
21583.74023 0.223433
21584.08008 0.223483
21584.41992 0.223965
21584.76953 0.22445
21585.10938 0.224932
21585.44922 0.225414
21585.78906 0.225899
21586.13086 0.226279
21586.47070 0.226488
21586.81055 0.226699
21587.15039 0.226908
21587.49023 0.227118
21587.83008 0.227328
21588.16992 0.227345
21588.50977 0.227169
21588.84961 0.226993
21589.18945 0.226817
21589.52930 0.226641
21589.86914 0.226464
21590.21094 0.226696
21590.55078 0.227174
21590.89062 0.227649
21591.23047 0.228124
21591.58008 0.228601
21591.91992 0.229076
21592.25977 0.229205
21592.59961 0.22922
21592.93945 0.229236
21593.27930 0.229251
21593.61914 0.229266
21593.96094 0.229281
21594.30078 0.229558
21594.64062 0.229869
21594.98047 0.230181
21595.32031 0.230491
21595.66016 0.230802
21596.00000 0.231111
21596.33984 0.231145
21596.68945 0.231179
21597.02930 0.231213
21597.36914 0.231248
21597.71094 0.231282
21598.05078 0.231338
21598.39062 0.23153
21598.73047 0.23172
21599.07031 0.231912
21599.41016 0.232103
21599.75000 0.232295
21600.08984 0.232451
21600.42969 0.232514
21600.76953 0.232577
21601.10938 0.232641
21601.46094 0.232704
21601.78906 0.232767
21602.14062 0.232936
21602.48047 0.233261
21602.82031 0.233588
21603.16016 0.233913
21603.50000 0.23424
21603.83984 0.234564
21604.17969 0.234746
21604.51953 0.234798
21604.85938 0.234851
21605.19922 0.234903
21605.53906 0.234956
21605.88086 0.235008
21606.23047 0.235124
21606.57031 0.23527
21606.91016 0.235418
21607.25000 0.235564
21607.58984 0.235711
21607.92969 0.235858
21608.26953 0.235996
21608.60938 0.236132
21608.94922 0.236268
21609.28906 0.236404
21609.63086 0.23654
21609.97070 0.236675
21610.32031 0.236751
21610.66016 0.236822
21611.00000 0.236893
21611.33984 0.236964
21611.67969 0.237035
21612.01953 0.237117
21612.35938 0.23736
21612.69922 0.237605
21613.03906 0.237849
21613.38086 0.238094
21613.72070 0.238338
21614.07031 0.238583
21614.41016 0.238828
21614.75000 0.239074
21615.08984 0.23932
21615.42969 0.239565
21615.76953 0.239811
21616.10938 0.24002
21616.44922 0.240156
21616.78906 0.240292
21617.13086 0.240427
21617.48047 0.240563
21617.82031 0.240698
21618.16016 0.240791
21618.50000 0.240835
21618.83984 0.240878
21619.17969 0.240921
21619.51953 0.240964
21619.85938 0.241008
21620.21094 0.240993
21620.53906 0.240939
21620.89062 0.240885
21621.23047 0.240831
21621.57031 0.240777
21621.91016 0.240722
21622.25000 0.241024
21622.58984 0.241455
21622.92969 0.241887
21623.26953 0.242315
21623.61914 0.242747
21623.96094 0.243175
21624.30078 0.243287
21624.64062 0.243351
21624.98047 0.243414
21625.32031 0.243478
21625.66016 0.243541
21626.00000 0.243605
21626.33984 0.243761
21626.68945 0.243917
21627.02930 0.244072
21627.36914 0.244228
21627.71094 0.244384
21628.05078 0.24451
21628.39062 0.244466
21628.73047 0.244422
21629.07031 0.244379
21629.41016 0.244335
21629.75977 0.244291
21630.09961 0.244303
21630.43945 0.244458
21630.77930 0.244614
21631.11914 0.244769
21631.46094 0.244924
21631.80078 0.245079
21632.14062 0.245303
21632.48047 0.24562
21632.83008 0.245938
21633.16992 0.246257
21633.50977 0.246575
21633.84961 0.246891
21634.18945 0.246989
21634.52930 0.246913
21634.86914 0.246837
21635.21094 0.24676
21635.56055 0.246684
21635.90039 0.246608
21636.24023 0.246566
21636.58008 0.246539
21636.91992 0.246511
21637.25977 0.246484
21637.59961 0.246457
21637.94922 0.24643
21638.28906 0.246708
21638.63086 0.247045
21638.97070 0.247379
21639.31055 0.247716
21639.65039 0.248052
21639.99023 0.248389
21640.33984 0.248308
21640.67969 0.248219
21641.01953 0.248131
21641.35938 0.248042
21641.69922 0.247953
21642.03906 0.24792
21642.38086 0.248293
21642.72070 0.248666
21643.07031 0.249038
21643.41016 0.249411
21643.75000 0.249782
21644.08984 0.250028
21644.42969 0.24992
21644.76953 0.249811
21645.11914 0.249703
21645.46094 0.249595
21645.80078 0.249488
21646.14062 0.249469
21646.48047 0.249583
21646.82031 0.249696
21647.16016 0.249809
21647.50000 0.249922
21647.84961 0.250035
21648.18945 0.250121
21648.52930 0.250186
21648.86914 0.25025
21649.21094 0.250314
21649.55078 0.250378
21649.89062 0.250442
21650.24023 0.250577
21650.58008 0.250743
21650.91992 0.25091
21651.25977 0.251076
21651.59961 0.251242
21651.94922 0.251409
21652.28906 0.251879
21652.63086 0.252412
21652.97070 0.252944
21653.31055 0.253477
21653.65039 0.254009
21653.99023 0.254542
21654.33984 0.254407
21654.67969 0.254261
21655.01953 0.254115
21655.35938 0.253969
21655.69922 0.253823
21656.03906 0.253689
21656.38086 0.253638
21656.73047 0.253587
21657.07031 0.253536
21657.41016 0.253484
21657.75000 0.253433
21658.08984 0.253438
21658.43945 0.253593
21658.77930 0.253747
21659.11914 0.2539
21659.46094 0.254054
21659.80078 0.254208
21660.14062 0.254351
21660.48047 0.254477
21660.83008 0.254603
21661.16992 0.254729
21661.50977 0.254856
21661.84961 0.254982
21662.18945 0.255055
21662.53906 0.255088
21662.88086 0.255121
21663.22070 0.255154
21663.56055 0.255186
21663.90039 0.255219
21664.24023 0.255285
21664.58984 0.255364
21664.92969 0.255442
21665.26953 0.255521
21665.60938 0.2556
21665.94922 0.255678
21666.28906 0.25586
21666.64062 0.256059
21666.98047 0.256257
21667.32031 0.256456
21667.66016 0.256654
21668.00000 0.256849
21668.34961 0.25673
21668.68945 0.256611
21669.02930 0.256491
21669.36914 0.256372
21669.71094 0.256253
21670.05078 0.256176
21670.40039 0.256323
21670.74023 0.256469
21671.08008 0.256615
21671.41992 0.256761
21671.75977 0.256908
21672.10938 0.257092
21672.44922 0.25736
21672.78906 0.257629
21673.13086 0.257897
21673.47070 0.258165
21673.81055 0.258434
21674.16016 0.258551
21674.50000 0.258487
21674.83984 0.258424
21675.17969 0.258361
21675.51953 0.258297
21675.86914 0.258234
21676.21094 0.258303
21676.55078 0.258457
21676.89062 0.258612
21677.23047 0.258767
21677.58008 0.258922
21677.91992 0.259076
21678.25977 0.259329
21678.59961 0.259613
21678.93945 0.259898
21679.28906 0.260182
21679.63086 0.260466
21679.97070 0.26075
21680.31055 0.260664
21680.65039 0.260541
21681.00000 0.260417
21681.33984 0.260293
21681.67969 0.26017
21682.01953 0.260056
21682.35938 0.260084
21682.71094 0.260111
21683.05078 0.260138
21683.39062 0.260165
21683.73047 0.260193
21684.07031 0.260283
21684.41992 0.260596
21684.75977 0.26091
21685.09961 0.261224
21685.43945 0.261538
21685.77930 0.261852
21686.13086 0.262039
21686.47070 0.262008
21686.81055 0.261977
21687.15039 0.261946
21687.49023 0.261915
21687.83984 0.261884
21688.17969 0.261765
21688.51953 0.261562
21688.85938 0.26136
21689.21094 0.261159
21689.55078 0.260957
21689.89062 0.260755
21690.23047 0.26087
21690.57031 0.261139
21690.91992 0.261407
21691.25977 0.261675
21691.59961 0.261943
21691.93945 0.262211
21692.28906 0.262532
21692.63086 0.262862
21692.97070 0.263192
21693.31055 0.263523
21693.65039 0.263853
21694.00000 0.264185
21694.33984 0.263921
21694.67969 0.263651
21695.01953 0.26338
21695.35938 0.263109
21695.71094 0.262837
21696.05078 0.262615
21696.39062 0.262684
21696.73047 0.262754
21697.08008 0.262824
21697.41992 0.262893
21697.75977 0.262963
21698.09961 0.263021
21698.43945 0.263053
21698.78906 0.263084
21699.13086 0.263116
21699.47070 0.263147
21699.81055 0.263179
21700.16016 0.263183
21700.50000 0.263154
21700.83984 0.263125
21701.17969 0.263096
21701.52930 0.263067
21701.86914 0.263038
21702.21094 0.263229
21702.55078 0.263563
21702.89062 0.263896
21703.24023 0.264227
21703.58008 0.264562
21703.91992 0.264894
21704.25977 0.264911
21704.60938 0.264835
21704.94922 0.264758
21705.28906 0.264682
21705.63086 0.264606
21705.98047 0.26453
21706.32031 0.264695
21706.66016 0.264879
21707.00000 0.265063
21707.34961 0.265246
21707.68945 0.265429
21708.02930 0.265604
21708.36914 0.265688
21708.71094 0.265772
21709.06055 0.265855
21709.40039 0.265939
21709.74023 0.266022
21710.08008 0.266046
21710.42969 0.265884
21710.76953 0.265724
21711.10938 0.265563
21711.46094 0.265401
21711.80078 0.265241
21712.14062 0.265172
21712.48047 0.265238
21712.82031 0.265304
21713.16992 0.26537
21713.50977 0.265436
21713.84961 0.265502
21714.19922 0.265702
21714.53906 0.266002
21714.88086 0.266302
21715.22070 0.266603
21715.56055 0.266904
21715.91016 0.267205
21716.25000 0.267268
21716.58984 0.267244
21716.93945 0.267221
21717.27930 0.267197
21717.61914 0.267173
21717.96094 0.267149
21718.30078 0.267012
21718.65039 0.266861
21718.99023 0.26671
21719.33008 0.266558
21719.67969 0.266408
21720.01953 0.266278
21720.35938 0.26653
21720.69922 0.266782
21721.05078 0.267034
21721.39062 0.267285
21721.73047 0.267538
21722.07031 0.267756
21722.41992 0.267856
21722.75977 0.267954
21723.09961 0.268053
21723.44922 0.268153
21723.78906 0.268251
21724.13086 0.268292
21724.47070 0.268236
21724.82031 0.26818
21725.16016 0.268125
21725.50000 0.268069
21725.83984 0.268013
21726.18945 0.268075
21726.52930 0.268233
21726.86914 0.268392
21727.21094 0.268551
21727.56055 0.26871
21727.90039 0.268869
21728.24023 0.26898
21728.58984 0.269071
21728.92969 0.269162
21729.26953 0.269253
21729.60938 0.269344
21729.96094 0.269436
21730.30078 0.269439
21730.64062 0.269431
21730.98047 0.269422
21731.33008 0.269413
21731.66992 0.269405
21732.00977 0.269396
21732.35938 0.269398
21732.69922 0.269399
21733.03906 0.2694
21733.38086 0.269401
21733.73047 0.269402
21734.07031 0.269439
21734.41016 0.269616
21734.75977 0.269792
21735.09961 0.269969
21735.43945 0.270145
21735.78906 0.270322
21736.13086 0.270437
21736.47070 0.270451
21736.81055 0.270464
21737.16016 0.270478
21737.50000 0.270491
21737.83984 0.270504
21738.18945 0.270457
21738.52930 0.270359
21738.86914 0.270259
21739.21094 0.270161
21739.56055 0.270061
21739.90039 0.269962
21740.24023 0.270027
21740.58984 0.270159
21740.92969 0.270291
21741.26953 0.270423
21741.60938 0.270555
21741.96094 0.270688
21742.30078 0.270719
21742.64062 0.270735
21742.99023 0.270752
21743.33008 0.270768
21743.66992 0.270785
21744.01953 0.270803
21744.35938 0.270863
21744.69922 0.270923
21745.03906 0.270983
21745.39062 0.271043
21745.73047 0.271103
21746.07031 0.271168
21746.41992 0.271256
21746.75977 0.271343
21747.09961 0.27143
21747.44922 0.271518
21747.78906 0.271605
21748.13086 0.271591
21748.47070 0.271412
21748.82031 0.271233
21749.16016 0.271055
21749.50000 0.270876
21749.84961 0.270697
21750.18945 0.270696
21750.52930 0.270839
21750.88086 0.270981
21751.22070 0.271123
21751.56055 0.271266
21751.91016 0.271409
21752.25000 0.271613
21752.58984 0.271843
21752.93945 0.272072
21753.27930 0.2723
21753.61914 0.27253
21753.96094 0.272759
21754.31055 0.272704
21754.65039 0.272617
21754.99023 0.272529
21755.33984 0.272442
21755.67969 0.272354
21756.01953 0.27227
21756.36914 0.272227
21756.71094 0.272185
21757.05078 0.272142
21757.40039 0.272099
21757.74023 0.272056
21758.08008 0.272009
21758.42969 0.271948
21758.76953 0.271886
21759.10938 0.271825
21759.46094 0.271763
21759.80078 0.271702
21760.14062 0.271726
21760.48047 0.27187
21760.83008 0.272015
21761.16992 0.27216
21761.51953 0.272305
21761.85938 0.27245
21762.19922 0.272453
21762.53906 0.272356
21762.89062 0.272259
21763.23047 0.272163
21763.57031 0.272066
21763.91992 0.271969
21764.25977 0.271944
21764.60938 0.271942
21764.94922 0.27194
21765.28906 0.271938
21765.63086 0.271935
21765.98047 0.271933
21766.32031 0.272043
21766.66016 0.272162
21767.00977 0.27228
21767.34961 0.272399
21767.69922 0.272517
21768.03906 0.272623
21768.38086 0.272635
21768.72070 0.272648
21769.07031 0.27266
21769.41016 0.272672
21769.75977 0.272684
21770.09961 0.272701
21770.43945 0.272732
21770.78906 0.272762
21771.13086 0.272793
21771.47070 0.272824
21771.82031 0.272854
21772.16016 0.272859
21772.50000 0.272834
21772.84961 0.272808
21773.18945 0.272783
21773.52930 0.272757
21773.88086 0.272732
