threeML/data/optical_filters/HST/NICMOS2-F187W.ecsv
# %ECSV 0.9
# ---
# datatype:
# - {name: wavelength, unit: Angstrom, datatype: float32}
# - {name: response, datatype: float32}
# meta: !!omap
# - {band_name: F187W}
# - {group_name: NICMOS2}
wavelength response
[from data line 1533]
18106.33984 0.218858
18107.10938 0.218733
18107.88086 0.218609
18108.66016 0.218553
18109.42969 0.21851
18110.21094 0.21846
18110.98047 0.218387
18111.75000 0.218314
18112.52930 0.218136
18113.30078 0.217909
18114.07031 0.217695
18114.84961 0.217604
18115.61914 0.217512
18116.40039 0.21751
18117.16992 0.217593
18117.94922 0.217675
18118.72070 0.217745
18119.49023 0.217814
18120.26953 0.217803
18121.03906 0.217641
18121.82031 0.217479
18122.58984 0.217265
18123.36914 0.217034
18124.14062 0.216836
18124.91992 0.216784
18125.68945 0.216733
18126.46094 0.216637
18127.24023 0.216511
18128.00977 0.216384
18128.78906 0.216153
18129.56055 0.215923
18130.33984 0.215708
18131.10938 0.215509
18131.89062 0.21531
18132.66016 0.215431
18133.43945 0.215605
18134.21094 0.215777
18134.99023 0.215939
18135.75977 0.216102
18136.53906 0.215996
18137.31055 0.215773
18138.08984 0.215528
18138.85938 0.215117
18139.64062 0.214707
18140.41016 0.214626
18141.18945 0.214832
18141.96094 0.215039
18142.74023 0.214921
18143.51953 0.214789
18144.28906 0.214739
18145.07031 0.214829
18145.83984 0.214918
18146.61914 0.214953
18147.39062 0.214973
18148.16992 0.214901
18148.93945 0.214495
18149.72070 0.214088
18150.49023 0.2137
18151.26953 0.213322
18152.05078 0.21298
18152.82031 0.213207
18153.59961 0.213432
18154.36914 0.21339
18155.15039 0.213057
18155.92969 0.212724
18156.69922 0.212658
18157.48047 0.212621
18158.25000 0.212588
18159.02930 0.212563
18159.80078 0.212538
18160.58008 0.212641
18161.35938 0.212788
18162.13086 0.212859
18162.91016 0.212565
18163.68945 0.212272
18164.46094 0.211994
18165.24023 0.211729
18166.01953 0.211473
18166.78906 0.211691
18167.57031 0.211909
18168.33984 0.211997
18169.11914 0.211923
18169.90039 0.21185
18170.66992 0.21184
18171.44922 0.21184
18172.23047 0.211804
18173.00000 0.211676
18173.77930 0.211549
18174.56055 0.211516
18175.33008 0.211521
18176.10938 0.211496
18176.89062 0.211282
18177.66016 0.211069
18178.43945 0.211006
18179.22070 0.211058
18179.99023 0.21111
18180.76953 0.210824
18181.55078 0.210535
18182.32031 0.210302
18183.09961 0.210144
18183.88086 0.209986
18184.66016 0.210098
18185.42969 0.21026
18186.21094 0.21036
18186.99023 0.210294
18187.76953 0.210228
18188.53906 0.210157
18189.32031 0.210085
18190.09961 0.209988
18190.86914 0.209716
18191.65039 0.209444
18192.42969 0.209446
18193.21094 0.209672
18193.98047 0.209897
18194.75977 0.209895
18195.53906 0.209888
18196.32031 0.209794
18197.08984 0.209575
18197.86914 0.209355
18198.65039 0.209118
18199.42969 0.208876
18200.21094 0.208643
18200.98047 0.208433
18201.75977 0.208223
18202.53906 0.20806
18203.32031 0.207918
18204.09961 0.207794
18204.86914 0.207808
18205.65039 0.207822
18206.42969 0.207693
18207.21094 0.20745
18207.98047 0.207207
18208.75977 0.207122
18209.53906 0.207041
18210.32031 0.206969
18211.09961 0.206911
18211.88086 0.206852
18212.65039 0.20677
18213.42969 0.206683
18214.21094 0.20673
18214.99023 0.207137
18215.76953 0.207542
18216.55078 0.207443
18217.32031 0.20713
18218.09961 0.206837
18218.88086 0.206681
18219.66016 0.206526
18220.43945 0.206573
18221.22070 0.206776
18222.00000 0.206978
18222.77930 0.206754
18223.55078 0.206527
18224.33008 0.206346
18225.10938 0.206226
18225.89062 0.206105
18226.66992 0.206198
18227.44922 0.206325
18228.23047 0.2064
18229.00977 0.206347
18229.78906 0.206294
18230.56055 0.206083
18231.33984 0.205813
18232.11914 0.205569
18232.90039 0.205462
18233.67969 0.205355
18234.46094 0.205338
18235.24023 0.205381
18236.01953 0.205422
18236.80078 0.205377
18237.58008 0.205333
18238.35938 0.20536
18239.14062 0.205472
18239.91992 0.205585
18240.69922 0.205687
18241.47070 0.205788
18242.25000 0.205773
18243.03906 0.205519
18243.81055 0.205266
18244.58984 0.20507
18245.36914 0.204892
18246.15039 0.204744
18246.92969 0.204719
18247.71094 0.204695
18248.49023 0.204713
18249.26953 0.204757
18250.05078 0.204808
18250.83008 0.204957
18251.60938 0.205107
18252.39062 0.20515
18253.16992 0.205087
18253.94922 0.205024
18254.73047 0.20486
18255.50977 0.20469
18256.28906 0.204583
18257.07031 0.204582
18257.84961 0.20458
18258.63086 0.204372
18259.41016 0.204115
18260.18945 0.203852
18260.97070 0.203567
18261.75000 0.203283
18262.53906 0.203233
18263.32031 0.203291
18264.09961 0.203319
18264.88086 0.203137
18265.66016 0.202956
18266.43945 0.203035
18267.22070 0.203317
18268.00000 0.2036
18268.77930 0.20337
18269.56055 0.203139
18270.33984 0.203143
18271.11914 0.203447
18271.90039 0.20375
18272.67969 0.203753
18273.46094 0.203712
18274.25000 0.203688
18275.02930 0.203701
18275.81055 0.203712
18276.58984 0.203762
18277.36914 0.203824
18278.15039 0.203853
18278.92969 0.203741
18279.71094 0.20363
18280.49023 0.203396
18281.27930 0.203091
18282.06055 0.202826
18282.83984 0.203077
18283.61914 0.203329
18284.40039 0.203382
18285.17969 0.203245
18285.96094 0.203109
18286.75000 0.203428
18287.52930 0.203768
18288.31055 0.203858
18289.08984 0.203563
18289.86914 0.203268
18290.65039 0.203141
18291.43945 0.203047
18292.22070 0.202938
18293.00000 0.202791
18293.77930 0.202643
18294.56055 0.202773
18295.33984 0.203011
18296.13086 0.203177
18296.91016 0.202961
18297.68945 0.202745
18298.47070 0.202694
18299.25000 0.202751
18300.03906 0.202817
18300.82031 0.203069
18301.59961 0.203322
18302.38086 0.203253
18303.16016 0.202847
18303.94922 0.202441
18304.73047 0.202747
18305.50977 0.203106
18306.28906 0.203208
18307.08008 0.202879
18307.85938 0.20255
18308.64062 0.202487
18309.41992 0.202483
18310.21094 0.202453
18310.99023 0.202348
18311.76953 0.202243
18312.55078 0.202179
18313.33984 0.202132
18314.11914 0.20216
18314.90039 0.202617
18315.67969 0.203073
18316.47070 0.20328
18317.25000 0.203317
18318.02930 0.203356
18318.81055 0.203443
18319.59961 0.203531
18320.38086 0.203604
18321.16016 0.203664
18321.94922 0.203723
18322.73047 0.20363
18323.50977 0.203526
18324.28906 0.203376
18325.08008 0.203151
18325.85938 0.202925
18326.64062 0.202853
18327.42969 0.202814
18328.21094 0.202764
18328.99023 0.202685
18329.77930 0.202605
18330.56055 0.202849
18331.33984 0.203221
18332.13086 0.20348
18332.91016 0.203152
18333.69922 0.202825
18334.48047 0.202991
18335.25977 0.203471
18336.03906 0.20393
18336.83008 0.204027
18337.60938 0.204125
18338.40039 0.2041
18339.17969 0.203957
18339.96094 0.203813
18340.75000 0.203948
18341.52930 0.204097
18342.31055 0.204127
18343.09961 0.203982
18343.88086 0.203837
18344.66992 0.203887
18345.44922 0.203972
18346.23047 0.204001
18347.01953 0.2039
18347.80078 0.203799
18348.58984 0.203961
18349.36914 0.204211
18350.16016 0.20441
18350.93945 0.204401
18351.72070 0.204392
18352.50977 0.204423
18353.28906 0.204477
18354.08008 0.204525
18354.85938 0.204529
18355.65039 0.204532
18356.42969 0.204387
18357.21094 0.204119
18358.00000 0.203851
18358.77930 0.203998
18359.57031 0.204144
18360.34961 0.204238
18361.14062 0.204267
18361.91992 0.204296
18362.71094 0.204544
18363.49023 0.204816
18364.27930 0.204995
18365.06055 0.205007
18365.84961 0.205019
18366.63086 0.204929
18367.41992 0.204814
18368.19922 0.204791
18368.99023 0.205035
18369.76953 0.205278
18370.56055 0.205231
18371.33984 0.205064
18372.13086 0.204924
18372.91016 0.204928
18373.69922 0.204932
18374.48047 0.204839
18375.26953 0.204686
18376.05078 0.204536
18376.83984 0.204435
18377.61914 0.204335
18378.41016 0.204484
18379.18945 0.204862
18379.98047 0.205241
18380.76953 0.205565
18381.55078 0.205887
18382.33984 0.206084
18383.11914 0.206112
18383.91016 0.20614
18384.68945 0.206303
18385.48047 0.206483
18386.25977 0.20662
18387.05078 0.206669
18387.83984 0.206719
18388.61914 0.206701
18389.41016 0.206665
18390.18945 0.206635
18390.98047 0.206622
18391.76953 0.206609
18392.55078 0.206704
18393.33984 0.206845
18394.11914 0.206918
18394.91016 0.206622
18395.69922 0.206326
18396.48047 0.20638
18397.26953 0.206654
18398.05078 0.206929
18398.83984 0.207194
18399.63086 0.20746
18400.41016 0.207461
18401.19922 0.207221
18401.99023 0.206982
18402.76953 0.207107
18403.56055 0.207239
18404.34961 0.207449
18405.13086 0.207758
18405.91992 0.208068
18406.71094 0.208192
18407.49023 0.208293
18408.27930 0.208336
18409.06055 0.208273
18409.84961 0.20821
18410.64062 0.207991
18411.42969 0.207737
18412.21094 0.207625
18413.00000 0.207902
18413.78906 0.208178
18414.57031 0.208178
18415.35938 0.208073
18416.15039 0.207944
18416.92969 0.207713
18417.72070 0.207482
18418.50977 0.207508
18419.28906 0.207676
18420.08008 0.207844
18420.86914 0.208019
18421.66016 0.208194
18422.43945 0.208265
18423.23047 0.208257
18424.01953 0.20826
18424.81055 0.208778
18425.58984 0.209294
18426.38086 0.209521
18427.16992 0.209438
18427.96094 0.209355
18428.74023 0.209456
18429.52930 0.209567
18430.32031 0.209709
18431.10938 0.209895
18431.89062 0.210081
18432.67969 0.210304
18433.47070 0.210532
18434.25977 0.210644
18435.03906 0.210513
18435.83008 0.210383
18436.61914 0.210293
18437.41016 0.210216
18438.19922 0.210178
18438.98047 0.210261
18439.76953 0.210345
18440.56055 0.210577
18441.34961 0.210869
18442.14062 0.21112
18442.91992 0.211172
18443.71094 0.211224
18444.50000 0.211214
18445.28906 0.211168
18446.08008 0.211138
18446.86914 0.211253
18447.65039 0.211369
18448.43945 0.211458
18449.23047 0.211525
18450.01953 0.211587
18450.81055 0.211443
18451.59961 0.211299
18452.38086 0.211466
18453.16992 0.211962
18453.96094 0.212458
18454.75000 0.2125
18455.53906 0.21252
18456.33008 0.212476
18457.11914 0.212342
18457.91016 0.212209
18458.69922 0.212475
18459.48047 0.212796
18460.26953 0.213058
18461.06055 0.213213
18461.84961 0.213367
18462.64062 0.2133
18463.42969 0.213179
18464.22070 0.213058
18465.00977 0.212933
18465.78906 0.212808
18466.58008 0.212716
18467.36914 0.212636
18468.16016 0.212637
18468.94922 0.212952
18469.74023 0.213266
18470.52930 0.213163
18471.32031 0.212857
18472.10938 0.212621
18472.90039 0.212821
18473.68945 0.213021
18474.48047 0.21316
18475.26953 0.213258
18476.06055 0.213363
18476.84961 0.213567
18477.64062 0.21377
18478.42969 0.213771
18479.22070 0.213598
18480.00977 0.213426
18480.78906 0.213178
18481.58984 0.21293
18482.36914 0.212905
18483.16016 0.213125
18483.96094 0.213345
18484.74023 0.213795
18485.53906 0.214259
18486.32031 0.214504
18487.11914 0.214438
18487.90039 0.214371
18488.69922 0.214629
18489.48047 0.21493
18490.27930 0.215212
18491.06055 0.215456
18491.85938 0.2157
18492.65039 0.215776
18493.43945 0.215814
18494.23047 0.215842
18495.01953 0.215845
18495.81055 0.215848
18496.59961 0.215801
18497.39062 0.215738
18498.17969 0.215663
18498.97070 0.215548
18499.75977 0.215433
18500.55078 0.215471
18501.33984 0.215575
18502.13086 0.2157
18502.91992 0.215932
18503.71094 0.216165
18504.50000 0.216309
18505.28906 0.216404
18506.08984 0.216506
18506.88086 0.216656
18507.66992 0.216807
18508.46094 0.216898
18509.25000 0.216947
18510.03906 0.217001
18510.83008 0.217158
18511.61914 0.217314
18512.41016 0.21739
18513.21094 0.217393
18514.00000 0.217396
18514.78906 0.217476
18515.58008 0.217557
18516.36914 0.217639
18517.16016 0.217723
18517.94922 0.217806
18518.74023 0.217641
18519.53906 0.21746
18520.33008 0.21747
18521.11914 0.217753
18521.91016 0.218036
18522.69922 0.218317
18523.49023 0.218597
18524.28906 0.218653
18525.08008 0.218307
18525.86914 0.217961
18526.66016 0.217997
18527.44922 0.218109
18528.24023 0.218224
18529.03906 0.218348
18529.83008 0.218471
18530.61914 0.218564
18531.41016 0.218648
18532.19922 0.218741
18532.99023 0.218858
18533.78906 0.218975
18534.58008 0.218898
18535.36914 0.21875
18536.16016 0.218615
18536.96094 0.218533
18537.75000 0.21845
18538.53906 0.218576
18539.33008 0.2188
18540.13086 0.219036
18540.91992 0.219333
18541.71094 0.219632
18542.50000 0.219789
18543.28906 0.219864
18544.08984 0.219941
18544.88086 0.220024
18545.66992 0.220108
18546.46094 0.220084
18547.25977 0.219984
18548.05078 0.219885
18548.83984 0.219803
18549.63086 0.219721
18550.42969 0.219874
18551.22070 0.220228
18552.00977 0.220582
18552.80078 0.220992
18553.59961 0.221403
18554.39062 0.221576
18555.17969 0.221505
18555.98047 0.221433
18556.76953 0.221407
18557.56055 0.221382
18558.35938 0.221378
18559.15039 0.221402
18559.93945 0.221425
18560.74023 0.221443
18561.52930 0.221461
18562.32031 0.221459
18563.11914 0.221426
18563.91016 0.221393
18564.69922 0.221457
18565.50000 0.221534
18566.28906 0.22158
18567.08008 0.221575
18567.86914 0.221569
18568.66992 0.221419
18569.46094 0.221242
18570.25977 0.221163
18571.05078 0.221291
18571.83984 0.221417
18572.64062 0.221696
18573.42969 0.222013
18574.22070 0.222312
18575.01953 0.22257
18575.81055 0.222827
18576.60938 0.222797
18577.40039 0.222677
18578.18945 0.222631
18578.99023 0.222812
18579.77930 0.222994
18580.58008 0.222934
18581.36914 0.222783
18582.16016 0.222721
18582.96094 0.223005
18583.75000 0.223289
18584.55078 0.223457
18585.33984 0.223573
18586.13086 0.223663
18586.92969 0.223624
18587.72070 0.223586
18588.51953 0.223503
18589.31055 0.223394
18590.10938 0.223347
18590.90039 0.223687
18591.69922 0.224027
18592.49023 0.223901
18593.28906 0.223484
18594.08008 0.223187
18594.86914 0.223953
18595.66992 0.224718
18596.46094 0.225023
18597.25977 0.225
18598.05078 0.224947
18598.84961 0.224463
18599.64062 0.22398
18600.43945 0.223838
18601.23047 0.223974
18602.02930 0.224107
18602.82031 0.224151
18603.61914 0.224195
18604.41016 0.22433
18605.21094 0.224551
18606.00000 0.22477
18606.80078 0.224537
18607.58984 0.224304
18608.39062 0.224332
18609.17969 0.224632
18609.98047 0.224933
18610.77930 0.224998
18611.57031 0.225058
18612.36914 0.225162
18613.16016 0.22532
18613.96094 0.225477
18614.75000 0.225743
18615.55078 0.226014
18616.33984 0.226073
18617.14062 0.225849
18617.92969 0.225627
18618.73047 0.225391
18619.52930 0.225155
18620.32031 0.22512
18621.11914 0.225385
18621.91016 0.225649
18622.71094 0.225937
18623.50000 0.226226
18624.30078 0.226217
18625.09961 0.225716
18625.89062 0.225214
18626.68945 0.225335
18627.48047 0.225553
18628.27930 0.225734
18629.08008 0.225849
18629.86914 0.225964
18630.66992 0.226203
18631.46094 0.226467
18632.25977 0.226637
18633.06055 0.226614
18633.84961 0.22659
18634.65039 0.22692
18635.44922 0.22733
18636.24023 0.227481
18637.03906 0.227044
18637.83984 0.226607
18638.63086 0.226943
18639.42969 0.227478
18640.22070 0.227657
18641.01953 0.226925
18641.82031 0.226193
18642.61914 0.226324
18643.41016 0.22671
18644.21094 0.227005
18645.00977 0.227046
18645.80078 0.227087
18646.59961 0.227227
18647.40039 0.227399
18648.18945 0.227478
18648.99023 0.227269
18649.78906 0.22706
18650.58008 0.22717
18651.38086 0.227395
18652.17969 0.227588
18652.97070 0.227664
18653.76953 0.227741
18654.57031 0.227646
18655.36914 0.227484
18656.16016 0.227374
18656.96094 0.227468
18657.75977 0.227562
18658.56055 0.227683
18659.34961 0.227816
18660.15039 0.227938
18660.94922 0.228014
18661.75000 0.228091
18662.53906 0.228133
18663.33984 0.22816
18664.14062 0.228191
18664.93945 0.22824
18665.73047 0.22829
18666.52930 0.228388
18667.33008 0.228512
18668.13086 0.228619
18668.91992 0.228647
18669.72070 0.228674
18670.51953 0.22847
18671.32031 0.228141
18672.11914 0.227849
18672.91016 0.227771
18673.71094 0.227693
18674.50977 0.227635
18675.31055 0.227589
18676.10938 0.227534
18676.90039 0.227426
18677.69922 0.227318
18678.50000 0.227445
18679.30078 0.227709
18680.09961 0.227943
18680.90039 0.227957
18681.68945 0.22797
18682.49023 0.228022
18683.28906 0.228097
18684.08984 0.228171
18684.89062 0.228234
18685.68945 0.228297
18686.48047 0.228365
18687.27930 0.228435
18688.08008 0.228513
18688.88086 0.228662
18689.67969 0.22881
18690.48047 0.228943
18691.27930 0.229065
18692.08008 0.229173
18692.86914 0.229139
18693.66992 0.229106
18694.47070 0.229009
18695.26953 0.228869
18696.07031 0.228739
18696.86914 0.228711
18697.66992 0.228683
18698.47070 0.228854
18699.26953 0.229167
18700.07031 0.229448
18700.86914 0.229377
18701.66016 0.229307
18702.46094 0.229507
18703.25977 0.229903
18704.06055 0.230202
18704.85938 0.229351
18705.66016 0.2285
18706.46094 0.228257
18707.25977 0.228464
