threeML/data/optical_filters/HST/NICMOS3-F175W.ecsv
# %ECSV 0.9
# ---
# datatype:
# - {name: wavelength, unit: Angstrom, datatype: float32}
# - {name: response, datatype: float32}
# meta: !!omap
# - {band_name: F175W}
# - {group_name: NICMOS3}
wavelength response
[from data line 3062]
15332.79980 0.18071
15334.20020 0.180713
15335.61035 0.18071
15337.01953 0.1807
15338.41992 0.18069
15339.83008 0.180679
15341.24023 0.180672
15342.63965 0.180666
15344.04980 0.18066
15345.45996 0.180654
15346.86035 0.180648
15348.26953 0.180644
15349.67969 0.180639
15351.08008 0.180624
15352.49023 0.180606
15353.90039 0.180588
15355.30957 0.180573
15356.71973 0.180566
15358.12012 0.180559
15359.53027 0.180552
15360.94043 0.180538
15362.34961 0.180521
15363.75977 0.180503
15365.16992 0.180487
15366.58008 0.180481
15367.98047 0.180476
15369.38965 0.18047
15370.79980 0.18046
15372.20996 0.180446
15373.62012 0.180432
15375.03027 0.180418
15376.44043 0.18039
15377.84961 0.180361
15379.25977 0.180333
15380.66992 0.180306
15382.08008 0.180281
15383.49023 0.180256
15384.90039 0.180232
15386.30957 0.180231
15387.71973 0.180233
15389.12988 0.180234
15390.54980 0.180217
15391.95996 0.180171
15393.37012 0.180124
15394.78027 0.180077
15396.19043 0.180056
15397.59961 0.18004
15399.01953 0.180024
15400.42969 0.180006
15401.83984 0.179986
15403.25000 0.179967
15404.66016 0.179947
15406.08008 0.179926
15407.49023 0.179905
15408.90039 0.179884
15410.30957 0.179864
15411.73047 0.179848
15413.13965 0.179833
15414.54980 0.179817
15415.96973 0.179799
15417.37988 0.17978
15418.79004 0.179761
15420.20996 0.17974
15421.62012 0.17971
15423.04004 0.17968
15424.45020 0.17965
15425.87012 0.179627
15427.28027 0.179609
15428.69043 0.179592
15430.11035 0.179573
15431.51953 0.179537
15432.94043 0.179502
15434.34961 0.179466
15435.76953 0.179432
15437.17969 0.1794
15438.59961 0.179367
15440.01953 0.179335
15441.42969 0.179313
15442.84961 0.179292
15444.25977 0.17927
15445.67969 0.179237
15447.08984 0.17919
15448.50977 0.179144
15449.92969 0.179097
15451.33984 0.179054
15452.75977 0.179011
15454.17969 0.178968
15455.59961 0.178924
15457.00977 0.17888
15458.42969 0.178836
15459.84961 0.178792
15461.25977 0.178743
15462.67969 0.178692
15464.09961 0.178642
15465.51953 0.178595
15466.94043 0.178552
15468.34961 0.17851
15469.76953 0.178467
15471.19043 0.178428
15472.61035 0.178391
15474.03027 0.178353
15475.45020 0.178306
15476.87012 0.17824
15478.29004 0.178175
15479.70996 0.178109
15481.12012 0.178046
15482.54004 0.177983
15483.95996 0.17792
15485.37988 0.177856
15486.79980 0.177792
15488.21973 0.177729
15489.63965 0.177665
15491.05957 0.177602
15492.48047 0.17754
15493.90039 0.177477
15495.33008 0.177419
15496.75000 0.177372
15498.16992 0.177325
15499.58984 0.177278
15501.00977 0.17721
15502.42969 0.177135
15503.84961 0.177059
15505.26953 0.17698
15506.70020 0.176888
15508.12012 0.176796
15509.54004 0.176705
15510.95996 0.176624
15512.37988 0.176548
15513.80957 0.176472
15515.23047 0.176396
15516.65039 0.176313
15518.07031 0.176231
15519.50000 0.176148
15520.91992 0.176057
15522.33984 0.175961
15523.76953 0.175865
15525.19043 0.17577
15526.61035 0.175676
15528.04004 0.175582
15529.45996 0.175488
15530.87988 0.175404
15532.30957 0.175326
15533.73047 0.175249
15535.16016 0.17517
15536.58008 0.175087
15538.00977 0.175004
15539.42969 0.174921
15540.86035 0.174831
15542.28027 0.174737
15543.70996 0.174642
15545.12988 0.17455
15546.55957 0.174473
15547.98047 0.174396
15549.41016 0.174319
15550.83008 0.174227
15552.25977 0.174124
15553.67969 0.174021
15555.11035 0.173919
15556.54004 0.173837
15557.95996 0.173754
15559.38965 0.173672
15560.82031 0.173592
15562.24023 0.173514
15563.66992 0.173437
15565.09961 0.173358
15566.53027 0.173274
15567.95020 0.17319
15569.37988 0.173106
15570.80957 0.173025
15572.24023 0.172946
15573.66016 0.172867
15575.08984 0.172788
15576.51953 0.172703
15577.95020 0.172617
15579.37988 0.172532
15580.79980 0.172446
15582.23047 0.17236
15583.66016 0.172274
15585.08984 0.172188
15586.51953 0.172106
15587.95020 0.172024
15589.37988 0.171942
15590.80957 0.171861
15592.24023 0.171782
15593.66992 0.171703
15595.09961 0.171624
15596.53027 0.171543
15597.95996 0.171462
15599.38965 0.17138
15600.82031 0.171319
15602.25000 0.171273
15603.67969 0.171228
15605.11035 0.171181
15606.54004 0.171123
15607.96973 0.171065
15609.40039 0.171007
15610.83008 0.170946
15612.25977 0.170882
15613.70020 0.170818
15615.12988 0.170756
15616.55957 0.170702
15617.99023 0.170649
15619.41992 0.170596
15620.86035 0.170541
15622.29004 0.170485
15623.71973 0.17043
15625.15039 0.170375
15626.58984 0.170325
15628.01953 0.170275
15629.45020 0.170225
15630.87988 0.170173
15632.32031 0.170118
15633.75000 0.170063
15635.17969 0.170013
15636.62012 0.169996
15638.04980 0.169978
15639.49023 0.169961
15640.91992 0.169922
15642.34961 0.169871
15643.79004 0.16982
15645.21973 0.169772
15646.66016 0.169735
15648.08984 0.169697
15649.53027 0.16966
15650.95996 0.169625
15652.40039 0.16959
15653.83008 0.169555
15655.26953 0.169522
15656.70020 0.169497
15658.13965 0.169472
15659.57031 0.169448
15661.00977 0.169429
15662.45020 0.169413
15663.87988 0.169398
15665.32031 0.169378
15666.75000 0.169346
15668.19043 0.169313
15669.62988 0.169281
15671.07031 0.169268
15672.50000 0.169261
15673.94043 0.169254
15675.37988 0.169244
15676.80957 0.169226
15678.25000 0.169207
15679.69043 0.169188
15681.12988 0.169171
15682.55957 0.169153
15684.00000 0.169136
15685.44043 0.169122
15686.87988 0.169115
15688.32031 0.169108
15689.75977 0.169101
15691.19043 0.169107
15692.62988 0.169117
15694.07031 0.169126
15695.50977 0.169129
15696.95020 0.169121
15698.38965 0.169114
15699.83008 0.169106
15701.26953 0.16911
15702.70996 0.169116
15704.15039 0.169121
15705.58984 0.169127
15707.03027 0.169131
15708.46973 0.169136
15709.91016 0.169141
15711.34961 0.169154
15712.79004 0.169168
15714.23047 0.169182
15715.66992 0.169198
15717.11035 0.169216
15718.54980 0.169235
15719.99023 0.169254
15721.44043 0.169273
15722.87988 0.169292
15724.32031 0.169312
15725.75977 0.169332
15727.20020 0.169355
15728.63965 0.169377
15730.08984 0.169401
15731.53027 0.169439
15732.96973 0.169477
15734.41016 0.169516
15735.86035 0.169544
15737.29980 0.169567
15738.74023 0.169589
15740.19043 0.169613
15741.62988 0.169645
15743.07031 0.169678
15744.51953 0.16971
15745.95996 0.169749
15747.40039 0.16979
15748.84961 0.169832
15750.29004 0.169872
15751.74023 0.169908
15753.17969 0.169944
15754.62988 0.169981
15756.07031 0.170025
15757.50977 0.170072
15758.95996 0.170119
15760.40039 0.170169
15761.84961 0.170225
15763.29004 0.170282
15764.74023 0.170339
15766.17969 0.170389
15767.62988 0.170438
15769.08008 0.170488
15770.51953 0.170544
15771.96973 0.170615
15773.41016 0.170686
15774.86035 0.170756
15776.30957 0.170808
15777.75000 0.170859
15779.20020 0.170909
15780.65039 0.170962
15782.08984 0.171019
15783.54004 0.171077
15784.99023 0.171134
15786.44043 0.171201
15787.87988 0.171267
15789.33008 0.171334
15790.78027 0.171398
15792.23047 0.171461
15793.66992 0.171523
15795.12012 0.171586
15796.57031 0.171648
15798.01953 0.171711
15799.46973 0.171773
15800.91992 0.171845
15802.37012 0.171922
15803.80957 0.171999
15805.25977 0.172071
15806.70996 0.172121
15808.16016 0.17217
15809.61035 0.17222
15811.05957 0.17229
15812.50977 0.172368
15813.95996 0.172445
15815.41016 0.172518
15816.86035 0.172579
15818.30957 0.172639
15819.75977 0.1727
15821.20996 0.172742
15822.66016 0.17278
15824.11035 0.172819
15825.57031 0.172875
15827.01953 0.172958
15828.46973 0.173041
15829.91992 0.173124
15831.37012 0.173181
15832.82031 0.173236
15834.26953 0.173291
15835.73047 0.173352
15837.17969 0.173419
15838.62988 0.173485
15840.08008 0.173552
15841.53027 0.173618
15842.99023 0.173685
15844.44043 0.173752
15845.88965 0.17382
15847.34961 0.173889
15848.79980 0.173958
15850.25000 0.174026
15851.70996 0.174089
15853.16016 0.174153
15854.61035 0.174216
15856.07031 0.174278
15857.51953 0.174338
15858.96973 0.174399
15860.42969 0.174459
15861.87988 0.174516
15863.33984 0.174574
15864.79004 0.174631
15866.25000 0.174694
15867.70020 0.174758
15869.16016 0.174821
15870.61035 0.174889
15872.07031 0.174965
15873.51953 0.17504
15874.98047 0.175115
15876.42969 0.175162
15877.88965 0.175208
15879.33984 0.175254
15880.79980 0.175306
15882.25977 0.175361
15883.70996 0.175416
15885.16992 0.175472
15886.62012 0.175531
15888.08008 0.175591
15889.54004 0.17565
15891.00000 0.175705
15892.45020 0.175758
15893.91016 0.175811
15895.37012 0.175865
15896.83008 0.175922
15898.28027 0.175979
15899.74023 0.176036
15901.20020 0.176094
15902.66016 0.176152
15904.11035 0.17621
15905.57031 0.17627
15907.03027 0.176332
15908.49023 0.176395
15909.95020 0.176458
15911.41016 0.176518
15912.87012 0.176579
15914.33008 0.176639
15915.78027 0.176701
15917.24023 0.176765
15918.70020 0.176829
15920.16016 0.176891
15921.62012 0.176932
15923.08008 0.176974
15924.54004 0.177016
15926.00000 0.17707
15927.45996 0.177131
15928.91992 0.177191
15930.37988 0.177243
15931.83984 0.177272
15933.30957 0.1773
15934.76953 0.177329
15936.23047 0.177379
15937.69043 0.177434
15939.15039 0.177489
15940.61035 0.177541
15942.07031 0.177586
15943.54004 0.177632
15945.00000 0.177677
15946.45996 0.177705
15947.91992 0.177733
15949.37988 0.17776
15950.84961 0.177785
15952.30957 0.177808
15953.76953 0.177831
15955.23047 0.177856
15956.70020 0.177894
15958.16016 0.177933
15959.62012 0.177971
15961.08984 0.177985
15962.54980 0.177992
15964.00977 0.177998
15965.48047 0.178011
15966.94043 0.178038
15968.41016 0.178066
15969.87012 0.178093
15971.33008 0.178103
15972.79980 0.178112
15974.25977 0.17812
15975.73047 0.178138
15977.19043 0.178164
15978.66016 0.178191
15980.12012 0.178215
15981.58984 0.178219
15983.04980 0.178222
15984.51953 0.178226
15985.98047 0.178234
15987.45020 0.178244
15988.91992 0.178254
15990.37988 0.17826
15991.84961 0.178252
15993.32031 0.178245
15994.78027 0.178237
15996.25000 0.178226
15997.70996 0.178215
15999.17969 0.178203
16000.65039 0.1782
16002.12012 0.178209
16003.58008 0.178217
16005.04980 0.178226
16006.51953 0.178251
16007.99023 0.178276
16009.45020 0.178302
16010.91992 0.178323
16012.38965 0.178343
16013.86035 0.178362
16015.33008 0.178378
16016.79004 0.178379
16018.25977 0.17838
16019.73047 0.178381
16021.20020 0.178382
16022.66992 0.178383
16024.13965 0.178383
16025.61035 0.178383
16027.08008 0.17838
16028.54980 0.178378
16030.01953 0.178376
16031.49023 0.17838
16032.95996 0.178385
16034.42969 0.17839
16035.90039 0.178395
16037.37012 0.1784
16038.83984 0.178405
16040.30957 0.178406
16041.78027 0.178393
16043.25000 0.178379
16044.71973 0.178365
16046.19043 0.178354
16047.66016 0.178344
16049.13965 0.178333
16050.61035 0.178326
16052.08008 0.178325
16053.54980 0.178323
16055.01953 0.178321
16056.50000 0.178307
16057.96973 0.178293
16059.44043 0.178279
16060.91016 0.178262
16062.37988 0.178244
16063.86035 0.178226
16065.33008 0.178212
16066.79980 0.178211
16068.28027 0.17821
16069.75000 0.178209
16071.21973 0.178199
16072.70020 0.178186
16074.16992 0.178174
16075.63965 0.17816
16077.12012 0.178146
16078.58984 0.178131
16080.07031 0.178117
16081.54004 0.178106
16083.01953 0.178094
16084.49023 0.178083
16085.96973 0.178064
16087.44043 0.17804
16088.91992 0.178017
16090.38965 0.177996
16091.87012 0.177982
16093.33984 0.177968
16094.82031 0.177954
16096.29004 0.177937
16097.76953 0.177919
16099.25000 0.177901
16100.71973 0.177896
16102.20020 0.177905
16103.66992 0.177915
16105.15039 0.177922
16106.62988 0.177908
16108.09961 0.177894
16109.58008 0.177881
16111.05957 0.177878
16112.54004 0.177881
16114.00977 0.177883
16115.49023 0.177879
16116.96973 0.177864
16118.45020 0.177848
16119.91992 0.177833
16121.40039 0.177831
16122.87988 0.177831
16124.36035 0.17783
16125.83984 0.177834
16127.32031 0.177842
16128.79004 0.177849
16130.26953 0.177856
16131.75000 0.177859
16133.23047 0.177862
16134.70996 0.177865
16136.19043 0.177874
16137.66992 0.177885
16139.15039 0.177896
16140.62988 0.177901
16142.11035 0.177897
16143.58984 0.177893
16145.07031 0.17789
16146.54980 0.177887
16148.03027 0.177883
16149.50977 0.17788
16150.99023 0.177889
16152.46973 0.177905
16153.95020 0.17792
16155.44043 0.177933
16156.91992 0.177941
16158.40039 0.177949
16159.87988 0.177957
16161.36035 0.177978
16162.83984 0.177999
16164.33008 0.178021
16165.80957 0.178048
16167.29004 0.178078
16168.76953 0.178108
16170.25000 0.178136
16171.74023 0.178153
16173.21973 0.178171
16174.70020 0.178188
16176.19043 0.17821
16177.66992 0.178232
16179.15039 0.178254
16180.63965 0.178278
16182.12012 0.178305
16183.59961 0.178331
16185.08984 0.178359
16186.57031 0.178402
16188.05957 0.178446
16189.54004 0.178489
16191.01953 0.178514
16192.50977 0.178531
16193.99023 0.178548
16195.48047 0.178574
16196.95996 0.178619
16198.45020 0.178663
16199.92969 0.178708
16201.41992 0.178729
16202.91016 0.17875
16204.38965 0.17877
16205.87988 0.178806
16207.36035 0.178852
16208.84961 0.178898
16210.33008 0.178943
16211.82031 0.178983
16213.30957 0.179024
16214.79004 0.179065
16216.28027 0.179107
16217.76953 0.17915
16219.25000 0.179193
16220.74023 0.179236
16222.23047 0.17928
16223.71973 0.179325
16225.20996 0.179371
16226.69043 0.179433
16228.17969 0.179494
16229.66992 0.179556
16231.16016 0.179599
16232.63965 0.179639
16234.12988 0.179678
16235.62012 0.179728
16237.11035 0.179794
16238.59961 0.17986
16240.08984 0.179925
16241.58008 0.179986
16243.07031 0.180046
16244.55957 0.180106
16246.04980 0.180173
16247.54004 0.180243
16249.03027 0.180312
16250.50977 0.180383
16252.00000 0.180454
16253.50000 0.180525
16254.99023 0.180596
16256.48047 0.180671
16257.96973 0.180747
16259.45996 0.180823
16260.95020 0.180899
16262.44043 0.180974
16263.92969 0.18105
16265.41992 0.18113
16266.91016 0.181224
16268.40039 0.181318
16269.90039 0.181412
16271.38965 0.181499
16272.87988 0.181585
16274.37012 0.181671
16275.86035 0.18176
16277.36035 0.181852
16278.84961 0.181944
16280.33984 0.182036
16281.83008 0.182129
16283.33008 0.182221
16284.82031 0.182313
16286.30957 0.182407
16287.80957 0.1825
16289.29980 0.182593
16290.79004 0.182687
16292.29004 0.182781
16293.78027 0.182876
16295.28027 0.182971
16296.76953 0.18307
16298.25977 0.18317
16299.75977 0.183269
16301.25000 0.183381
16302.75000 0.183495
16304.24023 0.18361
16305.74023 0.183724
16307.23047 0.18384
16308.73047 0.183956
16310.21973 0.18407
16311.71973 0.184176
16313.20996 0.184283
16314.70996 0.18439
16316.20996 0.184499
16317.70020 0.184609
16319.20020 0.184718
16320.70020 0.184839
16322.19043 0.184972
16323.69043 0.185106
16325.17969 0.185238
16326.67969 0.185361
16328.17969 0.185485
16329.67969 0.185608
16331.16992 0.18573
16332.66992 0.185851
16334.16992 0.185972
16335.66992 0.186102
16337.16016 0.186241
16338.66016 0.186381
16340.16016 0.186518
16341.66016 0.186632
16343.16016 0.186747
16344.66016 0.186862
16346.15039 0.186977
16347.65039 0.187093
16349.15039 0.187209
16350.65039 0.187341
16352.15039 0.187493
16353.65039 0.187645
16355.15039 0.187797
16356.65039 0.187942
16358.15039 0.188087
16359.65039 0.188232
16361.15039 0.188348
16362.65039 0.188456
16364.15039 0.188564
16365.65039 0.18869
16367.15039 0.188838
16368.65039 0.188986
16370.15039 0.189133
16371.65039 0.189269
16373.15039 0.189404
16374.66016 0.18954
16376.16016 0.189686
16377.66016 0.189836
16379.16016 0.189987
16380.66016 0.190128
16382.16016 0.19026
16383.66992 0.190391
16385.16992 0.190522
16386.66992 0.190653
16388.16992 0.190784
16389.67969 0.190914
16391.17969 0.191054
16392.67969 0.191197
16394.17969 0.19134
16395.68945 0.191487
16397.18945 0.19164
16398.69922 0.191794
16400.19922 0.191947
16401.69922 0.1921
16403.21094 0.192254
16404.71094 0.192407
16406.21094 0.192559
16407.72070 0.192711
16409.22070 0.192863
16410.73047 0.193004
16412.23047 0.193134
16413.74023 0.193263
16415.24023 0.193395
16416.75000 0.193542
16418.25000 0.193689
16419.75977 0.193836
16421.25977 0.193992
16422.76953 0.19415
16424.27930 0.194307
16425.77930 0.194445
16427.28906 0.194565
16428.78906 0.194685
16430.30078 0.19481
16431.81055 0.194954
16433.31055 0.195097
16434.82031 0.195241
16436.33008 0.195388
16437.83008 0.195536
16439.33984 0.195683
16440.84961 0.195825
16442.35938 0.195961
16443.85938 0.196098
16445.36914 0.196238
16446.88086 0.196388
