threeML/data/optical_filters/HST/NICMOS2-F187W.ecsv
# %ECSV 0.9
# ---
# datatype:
# - {name: wavelength, unit: Angstrom, datatype: float32}
# - {name: response, datatype: float32}
# meta: !!omap
# - {band_name: F187W}
# - {group_name: NICMOS2}
wavelength response
[from data line 768]
17523.97070 0.146725
17524.71094 0.147689
17525.46094 0.148649
17526.21094 0.149627
17526.96094 0.150657
17527.71094 0.15169
17528.46094 0.152646
17529.21094 0.153551
17529.96094 0.154458
17530.71094 0.155292
17531.46094 0.156124
17532.21094 0.157069
17532.96094 0.158323
17533.71094 0.159577
17534.44922 0.160544
17535.19922 0.161328
17535.94922 0.162112
17536.69922 0.163215
17537.44922 0.164343
17538.19922 0.165386
17538.94922 0.166201
17539.69922 0.167013
17540.44922 0.167879
17541.19922 0.16878
17541.94922 0.169681
17542.69922 0.170354
17543.44922 0.171009
17544.19922 0.171758
17544.94922 0.172766
17545.69922 0.173773
17546.44922 0.174496
17547.19922 0.175025
17547.94922 0.175555
17548.69922 0.176568
17549.44922 0.177617
17550.19922 0.178568
17550.94922 0.179246
17551.69922 0.179924
17552.44922 0.180588
17553.19922 0.181241
17553.94922 0.181894
17554.69922 0.182666
17555.44922 0.183446
17556.19922 0.184204
17556.94922 0.184903
17557.69922 0.185599
17558.44922 0.186256
17559.19922 0.186885
17559.94922 0.187514
17560.69922 0.188035
17561.44922 0.188551
17562.19922 0.189133
17562.94922 0.189904
17563.69922 0.190677
17564.44922 0.191264
17565.19922 0.191728
17565.96094 0.192194
17566.71094 0.192766
17567.46094 0.193345
17568.21094 0.193862
17568.96094 0.194215
17569.71094 0.194568
17570.46094 0.195104
17571.21094 0.195754
17571.96094 0.196407
17572.71094 0.196749
17573.46094 0.197076
17574.21094 0.19744
17574.96094 0.197906
17575.72070 0.198372
17576.47070 0.198735
17577.22070 0.199038
17577.97070 0.19934
17578.72070 0.199648
17579.47070 0.199955
17580.22070 0.200284
17580.97070 0.200668
17581.73047 0.201052
17582.48047 0.201427
17583.23047 0.201798
17583.98047 0.20217
17584.73047 0.202364
17585.48047 0.202554
17586.23047 0.202821
17586.99023 0.20326
17587.74023 0.203698
17588.49023 0.203792
17589.24023 0.203701
17589.99023 0.20361
17590.74023 0.203762
17591.50000 0.203915
17592.25000 0.204115
17593.00000 0.204409
17593.75000 0.204703
17594.50000 0.204794
17595.25977 0.204786
17596.00977 0.20478
17596.75977 0.204908
17597.50977 0.205036
17598.25977 0.205121
17599.01953 0.205124
17599.76953 0.205128
17600.51953 0.20521
17601.26953 0.205328
17602.01953 0.20544
17602.77930 0.205356
17603.52930 0.205271
17604.27930 0.205327
17605.02930 0.205617
17605.78906 0.205906
17606.53906 0.205959
17607.28906 0.205916
17608.03906 0.205863
17608.78906 0.205629
17609.55078 0.205395
17610.30078 0.205264
17611.05078 0.205286
17611.81055 0.205308
17612.56055 0.205441
17613.31055 0.205612
17614.06055 0.205754
17614.82031 0.205571
17615.57031 0.205388
17616.32031 0.205225
17617.07031 0.20509
17617.83008 0.204954
17618.58008 0.204946
17619.33008 0.204977
17620.08984 0.204984
17620.83984 0.204802
17621.58984 0.204622
17622.34961 0.204462
17623.09961 0.204328
17623.84961 0.204194
17624.60938 0.204284
17625.35938 0.204429
17626.10938 0.204505
17626.86914 0.204188
17627.61914 0.203872
17628.36914 0.203642
17629.11914 0.203502
17629.88086 0.203361
17630.63086 0.203019
17631.38086 0.202639
17632.14062 0.20234
17632.89062 0.202406
17633.65039 0.202473
17634.40039 0.202341
17635.15039 0.202036
17635.91016 0.201729
17636.66016 0.201515
17637.41016 0.201314
17638.16992 0.201101
17638.91992 0.200847
17639.67969 0.200594
17640.42969 0.200318
17641.17969 0.200025
17641.93945 0.199732
17642.68945 0.199788
17643.44922 0.199875
17644.19922 0.19987
17644.94922 0.19961
17645.71094 0.19935
17646.46094 0.199107
17647.21094 0.198875
17647.97070 0.198643
17648.72070 0.198369
17649.48047 0.198093
17650.23047 0.197894
17650.99023 0.197868
17651.74023 0.197842
17652.50000 0.19768
17653.25000 0.197447
17654.00000 0.197214
17654.75977 0.196925
17655.50977 0.196636
17656.26953 0.196413
17657.01953 0.196308
17657.77930 0.196203
17658.52930 0.195985
17659.28906 0.195718
17660.03906 0.195458
17660.78906 0.195281
17661.55078 0.195104
17662.30078 0.194887
17663.06055 0.19461
17663.81055 0.194334
17664.57031 0.194144
17665.32031 0.193984
17666.08008 0.193826
17666.83008 0.193693
17667.58984 0.193561
17668.33984 0.193415
17669.09961 0.193253
17669.85938 0.193092
17670.60938 0.19281
17671.36914 0.192498
17672.11914 0.19223
17672.86914 0.19219
17673.63086 0.19215
17674.39062 0.191917
17675.14062 0.191501
17675.90039 0.191084
17676.65039 0.190993
17677.41016 0.190954
17678.16016 0.190884
17678.91992 0.190708
17679.66992 0.190531
17680.42969 0.190331
17681.18945 0.190113
17681.93945 0.189894
17682.69922 0.189731
17683.44922 0.189573
17684.21094 0.189435
17684.96094 0.189351
17685.72070 0.189267
17686.47070 0.189163
17687.23047 0.189049
17687.99023 0.188934
17688.74023 0.188632
17689.50000 0.188327
17690.25977 0.188109
17691.00977 0.188062
17691.76953 0.188015
17692.51953 0.187828
17693.27930 0.187579
17694.03906 0.187339
17694.78906 0.187277
17695.55078 0.187215
17696.30078 0.187052
17697.06055 0.186742
17697.82031 0.186432
17698.57031 0.186254
17699.33008 0.186118
17700.08984 0.185983
17700.83984 0.185845
17701.59961 0.185706
17702.35938 0.185603
17703.10938 0.18554
17703.86914 0.185477
17704.63086 0.185326
17705.38086 0.185157
17706.14062 0.185025
17706.89062 0.185063
17707.65039 0.185102
17708.41016 0.184974
17709.16992 0.184704
17709.91992 0.184434
17710.67969 0.184271
17711.43945 0.18412
17712.18945 0.183997
17712.94922 0.183956
17713.71094 0.183915
17714.46094 0.183791
17715.22070 0.183614
17715.98047 0.183437
17716.73047 0.18334
17717.49023 0.183246
17718.25000 0.183159
17719.00977 0.183086
17719.75977 0.183014
17720.51953 0.182927
17721.27930 0.182833
17722.03906 0.182738
17722.78906 0.182605
17723.55078 0.182472
17724.31055 0.182384
17725.06055 0.182362
17725.82031 0.18234
17726.58008 0.182245
17727.33984 0.182126
17728.09961 0.182016
17728.84961 0.181968
17729.60938 0.18192
17730.36914 0.181816
17731.13086 0.181654
17731.88086 0.181493
17732.64062 0.181667
17733.40039 0.1819
17734.16016 0.182045
17734.91992 0.181849
17735.66992 0.181654
17736.42969 0.181518
17737.18945 0.181427
17737.94922 0.181335
17738.71094 0.181368
17739.46094 0.18141
17740.22070 0.181397
17740.98047 0.181253
17741.74023 0.181109
17742.50000 0.181057
17743.25000 0.181053
17744.00977 0.181048
17744.76953 0.181021
17745.52930 0.180994
17746.28906 0.180955
17747.03906 0.180898
17747.80078 0.180841
17748.56055 0.180829
17749.32031 0.180834
17750.08008 0.180844
17750.83984 0.180906
17751.59961 0.180968
17752.35938 0.180966
17753.11914 0.180892
17753.86914 0.180819
17754.63086 0.180884
17755.39062 0.180977
17756.15039 0.181004
17756.91016 0.180761
17757.66992 0.180519
17758.42969 0.180499
17759.18945 0.180654
17759.93945 0.180809
17760.69922 0.180836
17761.46094 0.180854
17762.22070 0.180879
17762.98047 0.180923
17763.74023 0.180966
17764.50000 0.181077
17765.25977 0.181223
17766.01953 0.181364
17766.77930 0.181288
17767.53906 0.181213
17768.28906 0.181211
17769.05078 0.181325
17769.81055 0.181439
17770.57031 0.181384
17771.33008 0.181272
17772.08984 0.181197
17772.84961 0.181384
17773.60938 0.181572
17774.36914 0.181609
17775.13086 0.181489
17775.89062 0.181369
17776.65039 0.181483
17777.41016 0.181637
17778.16992 0.181763
17778.92969 0.181791
17779.68945 0.181819
17780.44922 0.181968
17781.21094 0.1822
17781.97070 0.182433
17782.73047 0.182359
17783.49023 0.182272
17784.25000 0.182202
17785.00977 0.182167
17785.76953 0.182132
17786.52930 0.182198
17787.28906 0.182308
17788.05078 0.182416
17788.81055 0.182484
17789.57031 0.182551
17790.33008 0.182573
17791.08984 0.182535
17791.84961 0.182497
17792.60938 0.182676
17793.36914 0.182909
17794.13086 0.183103
17794.89062 0.183114
17795.65039 0.183124
17796.41016 0.183336
17797.16992 0.183717
17797.92969 0.184098
17798.68945 0.18415
17799.46094 0.18417
17800.21094 0.184201
17800.98047 0.184259
17801.74023 0.184317
17802.50000 0.18444
17803.25977 0.184596
17804.01953 0.184747
17804.77930 0.184714
17805.53906 0.18468
17806.30078 0.184701
17807.06055 0.184804
17807.82031 0.184908
17808.58008 0.185186
17809.34961 0.185519
17810.10938 0.185805
17810.86914 0.185808
17811.63086 0.185811
17812.39062 0.185835
17813.15039 0.185878
17813.91016 0.185921
17814.66992 0.18587
17815.43945 0.185806
17816.19922 0.185884
17816.96094 0.186366
17817.72070 0.186847
17818.48047 0.187056
17819.24023 0.187103
17820.00000 0.187151
17820.76953 0.187135
17821.52930 0.18712
17822.28906 0.187266
17823.05078 0.187674
17823.81055 0.188082
17824.57031 0.188109
17825.33984 0.188012
17826.09961 0.187968
17826.85938 0.188285
17827.61914 0.188602
17828.38086 0.188781
17829.14062 0.188825
17829.91016 0.18887
17830.66992 0.188956
17831.42969 0.189047
17832.18945 0.189122
17832.96094 0.189148
17833.72070 0.189174
17834.48047 0.189386
17835.24023 0.189709
17836.00000 0.190028
17836.76953 0.189921
17837.52930 0.189815
17838.28906 0.189855
17839.05078 0.190132
17839.81055 0.19041
17840.58008 0.190614
17841.33984 0.190794
17842.09961 0.190989
17842.86914 0.191275
17843.63086 0.191561
17844.39062 0.191733
17845.15039 0.191794
17845.91992 0.191854
17846.67969 0.192067
17847.43945 0.192299
17848.19922 0.192515
17848.97070 0.192691
17849.73047 0.192867
17850.49023 0.193066
17851.25000 0.193277
17852.01953 0.193483
17852.77930 0.193487
17853.53906 0.19349
17854.31055 0.19358
17855.07031 0.193798
17855.83008 0.194016
17856.59961 0.194277
17857.35938 0.19455
17858.11914 0.194815
17858.88086 0.195039
17859.65039 0.195263
17860.41016 0.195447
17861.17969 0.195599
17861.93945 0.19575
17862.69922 0.195914
17863.46094 0.196079
17864.23047 0.19618
17864.99023 0.196131
17865.75977 0.196081
17866.51953 0.196256
17867.27930 0.196536
17868.05078 0.196818
17868.81055 0.197116
17869.57031 0.197414
17870.33984 0.197637
17871.09961 0.197766
17871.86914 0.197895
17872.63086 0.19816
17873.39062 0.198454
17874.16016 0.198692
17874.91992 0.198711
17875.67969 0.19873
17876.44922 0.198882
17877.21094 0.199129
17877.97070 0.199375
17878.74023 0.199582
17879.50000 0.199786
17880.26953 0.200025
17881.02930 0.200327
17881.80078 0.200629
17882.56055 0.200704
17883.32031 0.200697
17884.08984 0.200719
17884.84961 0.200968
17885.61914 0.201217
17886.38086 0.201385
17887.15039 0.20147
17887.91016 0.201556
17888.67969 0.201813
17889.43945 0.202092
17890.19922 0.202357
17890.97070 0.202584
17891.73047 0.202812
17892.50000 0.202951
17893.25977 0.203042
17894.02930 0.203141
17894.78906 0.203454
17895.56055 0.203768
17896.32031 0.204083
17897.08984 0.204399
17897.84961 0.204716
17898.61914 0.204723
17899.38086 0.204655
17900.15039 0.20466
17900.91016 0.204977
17901.67969 0.205295
17902.43945 0.205516
17903.21094 0.205666
17903.97070 0.205816
17904.74023 0.206054
17905.50000 0.206296
17906.26953 0.206477
17907.02930 0.206544
17907.80078 0.206611
17908.56055 0.206728
17909.33008 0.206863
17910.08984 0.207014
17910.85938 0.207288
17911.61914 0.207562
17912.39062 0.20775
17913.15039 0.207857
17913.91992 0.207964
17914.68945 0.208138
17915.44922 0.208319
17916.22070 0.20852
17916.98047 0.208771
17917.75000 0.209021
17918.50977 0.209257
17919.27930 0.209485
17920.05078 0.209707
17920.81055 0.209837
17921.58008 0.209965
17922.33984 0.210115
17923.10938 0.21029
17923.88086 0.210464
17924.64062 0.210688
17925.41016 0.210923
17926.16992 0.211141
17926.93945 0.211309
17927.71094 0.211477
17928.47070 0.211608
17929.24023 0.211714
17930.00000 0.21182
17930.76953 0.211858
17931.53906 0.211895
17932.30078 0.211905
17933.07031 0.211872
17933.83984 0.211839
17934.59961 0.212286
17935.36914 0.212865
17936.13086 0.213381
17936.90039 0.213611
17937.66992 0.21384
17938.43945 0.213902
17939.19922 0.213835
17939.97070 0.213767
17940.73047 0.213929
17941.50000 0.214102
17942.26953 0.214299
17943.03906 0.214543
17943.80078 0.214787
17944.57031 0.214848
17945.33984 0.214847
17946.09961 0.214872
17946.86914 0.215067
17947.64062 0.215262
17948.40039 0.21546
17949.16992 0.215658
17949.93945 0.215857
17950.71094 0.215777
17951.47070 0.215672
17952.24023 0.215711
17953.00977 0.216067
17953.76953 0.216424
17954.53906 0.216537
17955.31055 0.216547
17956.08008 0.216575
17956.83984 0.216762
17957.60938 0.21695
17958.38086 0.217097
17959.14062 0.217202
17959.91016 0.217306
17960.67969 0.217635
17961.44922 0.217994
17962.21094 0.218248
17962.98047 0.218234
17963.75000 0.218221
17964.51953 0.218359
17965.28906 0.218569
17966.05078 0.218753
17966.82031 0.21861
17967.58984 0.218467
17968.35938 0.218494
17969.11914 0.218716
17969.89062 0.218939
17970.66016 0.219218
17971.42969 0.219505
17972.19922 0.219726
17972.96094 0.219758
17973.73047 0.219789
17974.50000 0.219779
17975.26953 0.219748
17976.03906 0.219726
17976.81055 0.219911
17977.57031 0.220094
17978.33984 0.220313
17979.10938 0.220575
17979.88086 0.220836
17980.65039 0.220611
17981.41992 0.220295
17982.18945 0.220161
17982.94922 0.220599
17983.72070 0.221038
17984.49023 0.221279
17985.25977 0.22141
17986.02930 0.221532
17986.80078 0.221457
17987.56055 0.221382
17988.33008 0.221408
17989.09961 0.221568
17989.86914 0.221728
17990.64062 0.221854
17991.41016 0.221974
17992.17969 0.222033
17992.94922 0.221893
17993.71094 0.221754
17994.48047 0.221818
17995.25000 0.222001
17996.01953 0.222181
17996.78906 0.222276
17997.56055 0.222372
17998.33008 0.222458
17999.09961 0.222533
17999.86914 0.222607
18000.64062 0.222664
18001.41016 0.222717
18002.17969 0.222771
18002.94922 0.222825
18003.71094 0.222879
18004.48047 0.222939
18005.25000 0.223003
18006.01953 0.223066
18006.78906 0.223116
18007.56055 0.223165
18008.33008 0.223165
18009.09961 0.223099
18009.86914 0.223032
18010.64062 0.223138
18011.41016 0.223278
18012.17969 0.223391
18012.94922 0.223416
18013.72070 0.223442
18014.49023 0.223432
18015.25977 0.223403
18016.02930 0.223376
18016.80078 0.223422
18017.57031 0.223467
18018.33984 0.223486
18019.10938 0.223471
18019.88086 0.223456
18020.65039 0.223396
18021.41992 0.223328
18022.18945 0.223273
18022.96094 0.223258
18023.73047 0.223243
18024.50000 0.223228
18025.26953 0.223213
18026.03906 0.223203
18026.81055 0.223269
18027.58008 0.223335
18028.34961 0.223557
18029.11914 0.223965
18029.89062 0.224371
18030.66016 0.224035
18031.42969 0.22358
18032.21094 0.223246
18032.98047 0.223249
18033.75000 0.223252
18034.51953 0.223302
18035.28906 0.223376
18036.06055 0.223441
18036.83008 0.223407
18037.59961 0.223373
18038.36914 0.223487
18039.14062 0.22376
18039.91016 0.224032
18040.67969 0.223671
18041.46094 0.223229
18042.23047 0.22295
18043.00000 0.223066
18043.76953 0.223182
18044.53906 0.223357
18045.31055 0.223556
18046.08008 0.223731
18046.84961 0.2237
18047.61914 0.22367
18048.39062 0.223603
18049.16992 0.2235
18049.93945 0.223398
18050.71094 0.223328
18051.48047 0.223261
18052.25000 0.223251
18053.01953 0.223363
18053.78906 0.223474
18054.57031 0.223174
18055.33984 0.222725
18056.10938 0.222391
18056.88086 0.222752
18057.65039 0.223113
18058.42969 0.223115
18059.19922 0.222825
18059.97070 0.222534
18060.74023 0.222494
18061.50977 0.222464
18062.27930 0.222422
18063.06055 0.222359
18063.83008 0.222296
18064.59961 0.222267
18065.36914 0.222248
18066.14062 0.222199
18066.91992 0.222026
18067.68945 0.221854
18068.46094 0.221822
18069.23047 0.221888
18070.00000 0.221952
18070.77930 0.221835
18071.55078 0.221719
18072.32031 0.221572
18073.08984 0.221383
18073.86914 0.221193
18074.64062 0.22136
18075.41016 0.221603
18076.17969 0.221796
18076.96094 0.221833
18077.73047 0.22187
18078.50000 0.221656
18079.26953 0.221308
18080.05078 0.220971
18080.82031 0.220817
18081.58984 0.220663
18082.36914 0.22068
18083.14062 0.220887
18083.91016 0.221095
18084.67969 0.22097
18085.46094 0.220803
18086.23047 0.220669
18087.00000 0.220619
18087.77930 0.220568
18088.55078 0.220696
18089.32031 0.220898
18090.08984 0.221056
18090.86914 0.220901
18091.64062 0.220745
18092.41016 0.22048
18093.18945 0.220119
18093.96094 0.219758
18094.73047 0.219662
18095.50977 0.219582
18096.27930 0.219476
18097.05078 0.219324
18097.83008 0.219172
18098.59961 0.219266
18099.36914 0.219431
18100.15039 0.219512
18100.91992 0.219234
18101.68945 0.218955
18102.47070 0.218779
18103.24023 0.218669
18104.00977 0.218563
18104.78906 0.218699
