threeML/data/optical_filters/HST/NICMOS3-G206.ecsv
# %ECSV 0.9
# ---
# datatype:
# - {name: wavelength, unit: Angstrom, datatype: float32}
# - {name: response, datatype: float32}
# meta: !!omap
# - {band_name: G206}
# - {group_name: NICMOS3}
wavelength response
[from data line 4595]
18189.09961 0.150525
18190.21094 0.15057
18191.32031 0.150616
18192.43945 0.150662
18193.55078 0.150708
18194.66016 0.150753
18195.77930 0.150799
18196.89062 0.150845
18198.00000 0.150891
18199.11914 0.150936
18200.23047 0.150983
18201.33984 0.151035
18202.46094 0.151087
18203.57031 0.151139
18204.67969 0.151191
18205.80078 0.151243
18206.91016 0.151295
18208.02930 0.151347
18209.14062 0.151399
18210.25000 0.151451
18211.36914 0.151503
18212.48047 0.151555
18213.59961 0.151607
18214.71094 0.151659
18215.83008 0.151711
18216.93945 0.151763
18218.06055 0.151815
18219.16992 0.151867
18220.28906 0.151923
18221.40039 0.15199
18222.51953 0.152058
18223.63086 0.152125
18224.75000 0.152193
18225.85938 0.15226
18226.98047 0.152328
18228.08984 0.152395
18229.21094 0.152463
18230.32031 0.15253
18231.43945 0.152598
18232.55078 0.152665
18233.66992 0.152733
18234.78906 0.1528
18235.90039 0.152868
18237.01953 0.152935
18238.13086 0.153003
18239.25000 0.15307
18240.36914 0.153137
18241.48047 0.153205
18242.59961 0.153272
18243.71094 0.153339
18244.83008 0.153407
18245.94922 0.153474
18247.06055 0.153542
18248.17969 0.153609
18249.28906 0.153676
18250.41016 0.153744
18251.52930 0.153812
18252.65039 0.15388
18253.75977 0.153948
18254.88086 0.154016
18256.00000 0.154084
18257.10938 0.154152
18258.23047 0.15422
18259.34961 0.154288
18260.46094 0.154356
18261.58008 0.154424
18262.69922 0.154492
18263.82031 0.15456
18264.93945 0.154629
18266.05078 0.154696
18267.16992 0.154764
18268.28906 0.154833
18269.41016 0.1549
18270.51953 0.154968
18271.64062 0.155036
18272.75977 0.155104
18273.88086 0.155172
18275.00000 0.15524
18276.11914 0.155308
18277.23047 0.155376
18278.34961 0.155444
18279.47070 0.155512
18280.58984 0.155588
18281.71094 0.155671
18282.83008 0.155755
18283.94922 0.155839
18285.06055 0.155922
18286.17969 0.156005
18287.30078 0.156089
18288.41992 0.156172
18289.53906 0.156256
18290.66016 0.156339
18291.77930 0.156423
18292.90039 0.156506
18294.01953 0.15659
18295.13086 0.156673
18296.25977 0.156756
18297.36914 0.15684
18298.49023 0.156923
18299.60938 0.157007
18300.73047 0.157098
18301.84961 0.157192
18302.97070 0.157287
18304.08984 0.157382
18305.21094 0.157476
18306.33008 0.157571
18307.44922 0.157665
18308.57031 0.15776
18309.68945 0.157855
18310.81055 0.15795
18311.93945 0.158044
18313.05078 0.158139
18314.17969 0.158234
18315.30078 0.158329
18316.41992 0.158423
18317.53906 0.158518
18318.66016 0.158613
18319.77930 0.158708
18320.90039 0.158802
18322.01953 0.158897
18323.14062 0.158992
18324.25977 0.159087
18325.39062 0.159182
18326.50977 0.159276
18327.63086 0.159371
18328.75000 0.159466
18329.86914 0.159561
18330.99023 0.159656
18332.11914 0.159751
18333.24023 0.159845
18334.35938 0.15994
18335.48047 0.160035
18336.59961 0.16013
18337.72070 0.160225
18338.84961 0.16032
18339.97070 0.160415
18341.08984 0.160509
18342.21094 0.160604
18343.33984 0.160699
18344.46094 0.160794
18345.58008 0.160889
18346.69922 0.160984
18347.83008 0.161079
18348.94922 0.161174
18350.07031 0.161269
18351.18945 0.161364
18352.32031 0.161459
18353.43945 0.161554
18354.56055 0.161649
18355.68945 0.161744
18356.81055 0.161839
18357.92969 0.161934
18359.06055 0.162029
18360.17969 0.162122
18361.30078 0.162201
18362.42969 0.16228
18363.55078 0.16236
18364.66992 0.162439
18365.80078 0.162518
18366.91992 0.162598
18368.03906 0.162677
18369.16992 0.162757
18370.28906 0.162836
18371.41992 0.162916
18372.53906 0.162995
18373.66992 0.163074
18374.78906 0.163154
18375.91016 0.163233
18377.03906 0.163313
18378.16016 0.163392
18379.28906 0.163472
18380.41016 0.163551
18381.53906 0.163631
18382.66016 0.16371
18383.78906 0.16379
18384.91016 0.163869
18386.03906 0.163949
18387.16016 0.164028
18388.28906 0.164108
18389.41016 0.164187
18390.53906 0.164267
18391.66016 0.164346
18392.78906 0.164426
18393.91016 0.164505
18395.03906 0.164585
18396.16016 0.164664
18397.28906 0.164744
18398.41992 0.164824
18399.53906 0.164903
18400.66992 0.16498
18401.78906 0.165056
18402.91992 0.165131
18404.03906 0.165207
18405.16992 0.165282
18406.30078 0.165357
18407.41992 0.165433
18408.55078 0.165508
18409.67969 0.165584
18410.80078 0.165659
18411.92969 0.165734
18413.06055 0.16581
18414.17969 0.165885
18415.31055 0.165961
18416.43945 0.166036
18417.56055 0.166112
18418.68945 0.166187
18419.82031 0.166262
18420.94922 0.166325
18422.07031 0.166384
18423.19922 0.166444
18424.33008 0.166504
18425.46094 0.166564
18426.58008 0.166623
18427.71094 0.166683
18428.83984 0.166743
18429.96094 0.166803
18431.08984 0.166862
18432.22070 0.166922
18433.34961 0.166982
18434.48047 0.167042
18435.59961 0.167101
18436.73047 0.167161
18437.85938 0.167221
18438.99023 0.16728
18440.11914 0.167339
18441.25000 0.167383
18442.36914 0.167427
18443.50000 0.167471
18444.63086 0.167515
18445.75977 0.167559
18446.89062 0.167603
18448.01953 0.167647
18449.15039 0.167691
18450.27930 0.167735
18451.40039 0.167779
18452.52930 0.167823
18453.66016 0.167867
18454.78906 0.167911
18455.91992 0.167955
18457.05078 0.167999
18458.17969 0.168044
18459.31055 0.168088
18460.43945 0.168126
18461.57031 0.168154
18462.69922 0.168182
18463.83008 0.168211
18464.96094 0.168239
18466.08984 0.168267
18467.22070 0.168296
18468.34961 0.168324
18469.48047 0.168352
18470.60938 0.168381
18471.74023 0.168409
18472.86914 0.168437
18474.00000 0.168466
18475.13086 0.168494
18476.25977 0.168522
18477.39062 0.168551
18478.51953 0.168579
18479.65039 0.168608
18480.77930 0.168636
18481.91016 0.168664
18483.03906 0.168693
18484.16992 0.168721
18485.30078 0.168749
18486.43945 0.168778
18487.57031 0.168806
18488.69922 0.168834
18489.83008 0.168863
18490.96094 0.168891
18492.08984 0.16892
18493.22070 0.168948
18494.35938 0.168976
18495.49023 0.169005
18496.61914 0.169033
18497.75000 0.169061
18498.88086 0.16909
18500.01953 0.169118
18501.15039 0.169148
18502.27930 0.169178
18503.41016 0.169209
18504.53906 0.169239
18505.67969 0.169269
18506.81055 0.169299
18507.93945 0.169329
18509.07031 0.16936
18510.21094 0.16939
18511.33984 0.16942
18512.47070 0.16945
18513.59961 0.16948
18514.74023 0.169511
18515.86914 0.169541
18517.00000 0.169571
18518.14062 0.169601
18519.26953 0.169631
18520.40039 0.169651
18521.53906 0.169649
18522.66992 0.169648
18523.80078 0.169647
18524.93945 0.169645
18526.07031 0.169644
18527.19922 0.169643
18528.33984 0.169641
18529.47070 0.16964
18530.59961 0.169639
18531.74023 0.169637
18532.86914 0.169636
18534.00977 0.169635
18535.14062 0.169634
18536.27930 0.169632
18537.41016 0.169631
18538.53906 0.16963
18539.67969 0.169628
18540.81055 0.169638
18541.94922 0.169653
18543.08008 0.169667
18544.21094 0.169682
18545.34961 0.169696
18546.48047 0.169711
18547.61914 0.169725
18548.75977 0.16974
18549.89062 0.169754
18551.02930 0.169768
18552.16016 0.169783
18553.28906 0.169797
18554.42969 0.169812
18555.57031 0.169826
18556.69922 0.169841
18557.83984 0.169855
18558.97070 0.16987
18560.10938 0.169884
18561.24023 0.169899
18562.38086 0.169913
18563.51953 0.169928
18564.65039 0.169942
18565.78906 0.169957
18566.91992 0.169971
18568.06055 0.169986
18569.19922 0.17
18570.33008 0.170015
18571.47070 0.170029
18572.60938 0.170044
18573.74023 0.170058
18574.88086 0.170073
18576.00977 0.170087
18577.15039 0.170102
18578.28906 0.170116
18579.41992 0.17013
18580.56055 0.170137
18581.69922 0.170136
18582.83984 0.170135
18583.97070 0.170133
18585.10938 0.170132
18586.25000 0.170131
18587.38086 0.170129
18588.51953 0.170128
18589.66016 0.170127
18590.80078 0.170125
18591.92969 0.170124
18593.07031 0.170123
18594.21094 0.170121
18595.34961 0.17012
18596.48047 0.170119
18597.61914 0.170117
18598.75977 0.170116
18599.90039 0.170115
18601.03906 0.170125
18602.17969 0.170136
18603.31055 0.170147
18604.44922 0.170158
18605.58984 0.170169
18606.73047 0.17018
18607.86914 0.17019
18609.00977 0.170201
18610.14062 0.170212
18611.27930 0.170223
18612.41992 0.170234
18613.56055 0.170245
18614.69922 0.170256
18615.83984 0.170267
18616.98047 0.170278
18618.11914 0.170289
18619.25977 0.1703
18620.40039 0.170305
18621.53906 0.170301
18622.67969 0.170296
18623.81055 0.170291
18624.96094 0.170286
18626.08984 0.170281
18627.23047 0.170276
18628.36914 0.170271
18629.50977 0.170266
18630.65039 0.170262
18631.78906 0.170257
18632.92969 0.170252
18634.07031 0.170247
18635.21094 0.170242
18636.34961 0.170237
18637.49023 0.170232
18638.63086 0.170228
18639.77930 0.170223
18640.91992 0.170218
18642.06055 0.170213
18643.19922 0.170208
18644.33984 0.170203
18645.48047 0.170198
18646.61914 0.170193
18647.75977 0.170188
18648.90039 0.170183
18650.03906 0.170179
18651.17969 0.170174
18652.33008 0.170169
18653.47070 0.170164
18654.60938 0.170159
18655.75000 0.170154
18656.89062 0.170149
18658.02930 0.170145
18659.17969 0.17014
18660.32031 0.170135
18661.46094 0.17013
18662.59961 0.170125
18663.74023 0.17012
18664.88086 0.170115
18666.02930 0.17011
18667.16992 0.170105
18668.31055 0.170101
18669.44922 0.170096
18670.59961 0.170091
18671.74023 0.170086
18672.88086 0.170081
18674.01953 0.170076
18675.16992 0.170071
18676.31055 0.170066
18677.44922 0.170062
18678.58984 0.170057
18679.74023 0.170052
18680.88086 0.170035
18682.01953 0.170014
18683.16992 0.169993
18684.31055 0.169972
18685.44922 0.169952
18686.59961 0.169931
18687.74023 0.16991
18688.88086 0.169889
18690.02930 0.169869
18691.16992 0.169848
18692.31055 0.169827
18693.46094 0.169806
18694.59961 0.169786
18695.75000 0.169765
18696.89062 0.169744
18698.03906 0.169723
18699.17969 0.169703
18700.32031 0.169678
18701.47070 0.169644
18702.60938 0.169609
18703.75977 0.169574
18704.90039 0.16954
18706.03906 0.169505
18707.18945 0.16947
18708.33008 0.169436
18709.48047 0.169401
18710.61914 0.169367
18711.76953 0.169332
18712.91016 0.169297
18714.06055 0.169263
18715.19922 0.169228
18716.34961 0.169194
18717.49023 0.169159
18718.64062 0.169124
18719.78906 0.16909
18720.92969 0.169068
18722.08008 0.169049
18723.22070 0.169031
18724.36914 0.169012
18725.50977 0.168993
18726.66016 0.168974
18727.80078 0.168956
18728.94922 0.168937
18730.09961 0.168918
18731.24023 0.168899
18732.39062 0.168881
18733.53906 0.168862
18734.67969 0.168843
18735.83008 0.168824
18736.97070 0.168806
18738.11914 0.168787
18739.26953 0.168768
18740.41016 0.168744
18741.56055 0.168709
18742.71094 0.168674
18743.85938 0.16864
18745.00000 0.168605
18746.15039 0.16857
18747.28906 0.168536
18748.43945 0.168501
18749.58984 0.168466
18750.74023 0.168431
18751.88086 0.168396
18753.02930 0.168361
18754.17969 0.168326
18755.33008 0.168291
18756.47070 0.168256
18757.61914 0.168221
18758.76953 0.168186
18759.91992 0.168151
18761.07031 0.168131
18762.21094 0.168112
18763.35938 0.168093
18764.50977 0.168073
18765.66016 0.168054
18766.81055 0.168035
18767.96094 0.168016
18769.09961 0.167997
18770.25000 0.167978
18771.40039 0.167958
18772.55078 0.167939
18773.69922 0.16792
18774.84961 0.167901
18776.00000 0.167882
18777.14062 0.167863
18778.28906 0.167843
18779.43945 0.167824
18780.58984 0.167813
18781.74023 0.16781
18782.89062 0.167807
18784.03906 0.167803
18785.18945 0.1678
18786.33984 0.167797
18787.49023 0.167794
18788.64062 0.167791
18789.78906 0.167787
18790.93945 0.167784
18792.08984 0.167781
18793.24023 0.167777
18794.39062 0.167774
18795.53906 0.167771
18796.68945 0.167768
18797.83984 0.167764
18798.99023 0.167761
18800.14062 0.167758
18801.28906 0.167756
18802.43945 0.167754
18803.58984 0.167752
18804.74023 0.167751
18805.89062 0.167749
18807.03906 0.167747
18808.18945 0.167745
18809.33984 0.167743
18810.49023 0.167741
18811.64062 0.16774
18812.78906 0.167738
18813.94922 0.167736
18815.09961 0.167734
18816.25000 0.167732
18817.40039 0.16773
18818.55078 0.167728
18819.69922 0.167727
18820.85938 0.167737
18822.00977 0.167751
18823.16016 0.167765
18824.31055 0.167779
18825.46094 0.167793
18826.61914 0.167807
18827.76953 0.167821
18828.91992 0.167835
18830.07031 0.167849
18831.22070 0.167863
18832.36914 0.167878
18833.52930 0.167891
18834.67969 0.167906
18835.83008 0.16792
18836.98047 0.167934
18838.14062 0.167948
18839.28906 0.167962
18840.43945 0.167982
18841.59961 0.168012
18842.75000 0.168042
18843.90039 0.168072
18845.05078 0.168102
18846.21094 0.168132
18847.35938 0.168162
18848.51953 0.168193
18849.66992 0.168223
18850.82031 0.168253
18851.97070 0.168283
18853.13086 0.168313
18854.27930 0.168343
18855.43945 0.168373
18856.58984 0.168403
18857.74023 0.168433
18858.90039 0.168463
18860.05078 0.168494
18861.21094 0.168556
18862.35938 0.168619
18863.50977 0.16868
18864.66992 0.168742
18865.82031 0.168804
18866.98047 0.168866
18868.13086 0.168928
18869.28906 0.16899
18870.43945 0.169052
18871.59961 0.169115
18872.75000 0.169177
18873.90039 0.169238
18875.06055 0.169301
18876.21094 0.169362
18877.36914 0.169425
18878.52930 0.169487
18879.67969 0.169549
18880.83984 0.169611
18881.99023 0.169673
18883.15039 0.169735
18884.30078 0.169797
18885.46094 0.169859
18886.60938 0.169921
18887.76953 0.169983
18888.91992 0.170045
18890.08008 0.170107
18891.24023 0.170169
18892.39062 0.170231
18893.55078 0.170293
18894.69922 0.170355
18895.85938 0.170417
18897.01953 0.170479
18898.16992 0.170541
18899.33008 0.170603
18900.49023 0.170678
18901.64062 0.170769
18902.80078 0.17086
18903.96094 0.170951
18905.10938 0.171042
18906.26953 0.171134
18907.42969 0.171225
18908.58008 0.171316
18909.74023 0.171407
18910.90039 0.171498
18912.05078 0.171589
18913.21094 0.171681
18914.36914 0.171772
18915.52930 0.171863
18916.67969 0.171954
18917.83984 0.172045
18919.00000 0.172136
18920.16016 0.172228
18921.31055 0.172319
18922.47070 0.17241
18923.63086 0.172501
18924.78906 0.172592
18925.94922 0.172683
18927.09961 0.172774
18928.25977 0.172866
18929.41992 0.172957
18930.58008 0.173048
18931.74023 0.173139
18932.89062 0.17323
18934.05078 0.173322
18935.21094 0.173413
18936.36914 0.173504
18937.52930 0.173595
18938.68945 0.173686
18939.84961 0.173777
18941.00977 0.173882
18942.16992 0.17399
18943.32031 0.174097
18944.48047 0.174204
18945.64062 0.174311
18946.80078 0.174419
18947.96094 0.174526
18949.11914 0.174633
18950.27930 0.17474
18951.43945 0.174847
18952.59961 0.174954
18953.75977 0.175062
18954.91992 0.175169
18956.08008 0.175276
18957.24023 0.175383
18958.40039 0.17549
18959.56055 0.175597
18960.72070 0.175705
18961.88086 0.175812
18963.03906 0.175919
18964.19922 0.176026
18965.35938 0.176133
18966.51953 0.176241
18967.67969 0.176348
18968.83984 0.176455
18970.00000 0.176562
18971.16016 0.176669
18972.32031 0.176776
18973.49023 0.176884
18974.65039 0.176991
18975.81055 0.177098
18976.97070 0.177205
18978.13086 0.177313
18979.28906 0.17742
18980.44922 0.177527
18981.60938 0.177634
18982.77930 0.177741
18983.93945 0.177848
18985.09961 0.177956
18986.25977 0.178063
18987.41992 0.17817
18988.58008 0.178277
18989.75000 0.178384
18990.91016 0.178491
18992.07031 0.178599
18993.23047 0.178706
18994.39062 0.178813
18995.56055 0.17892
18996.72070 0.179028
18997.88086 0.179135
18999.03906 0.179242
19000.21094 0.179347
19001.36914 0.17944
19002.52930 0.179533
19003.69922 0.179626
19004.85938 0.179719
19006.01953 0.179812
19007.17969 0.179905
19008.34961 0.179998
19009.50977 0.180092
19010.66992 0.180185
19011.83984 0.180278
19013.00000 0.180371
19014.16016 0.180464
19015.33008 0.180558
19016.49023 0.180651
19017.65039 0.180744
19018.82031 0.180838
19019.98047 0.180931
19021.14062 0.181008
19022.31055 0.181086
19023.47070 0.181163
19024.64062 0.18124
19025.80078 0.181318
19026.96094 0.181395
19028.13086 0.181472
19029.28906 0.18155
19030.46094 0.181627
19031.61914 0.181705
19032.78906 0.181782
19033.94922 0.181859
19035.11914 0.181937
19036.27930 0.182014
19037.44922 0.182092
19038.60938 0.182169
19039.77930 0.182247
19040.93945 0.182324
19042.10938 0.182402
19043.26953 0.182479
19044.43945 0.182557
19045.59961 0.182634
19046.76953 0.182712
19047.92969 0.182789
19049.09961 0.182867
19050.25977 0.182945
19051.42969 0.183022
19052.59961 0.1831
19053.75977 0.183177
19054.92969 0.183255
19056.08984 0.183333
19057.25977 0.183411
19058.42969 0.183488
19059.58984 0.183566
