threeML/data/optical_filters/HST/NICMOS2-POL120L.ecsv
# %ECSV 0.9
# ---
# datatype:
# - {name: wavelength, unit: Angstrom, datatype: float32}
# - {name: response, datatype: float32}
# meta: !!omap
# - {band_name: POL120L}
# - {group_name: NICMOS2}
wavelength response
[from data line 7660]
21375.00977 0.003548
21375.43945 0.003536
21375.86914 0.003524
21376.30078 0.003513
21376.73047 0.003501
21377.16016 0.003489
21377.58008 0.003478
21378.00977 0.003466
21378.43945 0.003455
21378.86914 0.003443
21379.30078 0.003431
21379.73047 0.00342
21380.15039 0.003408
21380.58008 0.003396
21381.00977 0.003385
21381.43945 0.003373
21381.86914 0.003361
21382.30078 0.003349
21382.73047 0.003338
21383.15039 0.003326
21383.58008 0.003314
21384.00977 0.003302
21384.43945 0.003291
21384.86914 0.003279
21385.30078 0.003269
21385.73047 0.00326
21386.15039 0.003251
21386.58008 0.003242
21387.00977 0.003233
21387.43945 0.003224
21387.86914 0.003215
21388.30078 0.003206
21388.73047 0.003197
21389.15039 0.003188
21389.58008 0.003179
21390.00977 0.00317
21390.43945 0.003167
21390.86914 0.003164
21391.30078 0.00316
21391.73047 0.003157
21392.16016 0.003153
21392.58008 0.00315
21393.00977 0.003147
21393.43945 0.003143
21393.86914 0.00314
21394.30078 0.003136
21394.73047 0.003133
21395.16016 0.003132
21395.58984 0.003135
21396.00977 0.003138
21396.43945 0.003141
21396.86914 0.003144
21397.30078 0.003146
21397.73047 0.003149
21398.16016 0.003152
21398.58984 0.003155
21399.01953 0.003158
21399.44922 0.003161
21399.88086 0.003164
21400.30078 0.003153
21400.73047 0.003137
21401.16016 0.003121
21401.58984 0.003105
21402.01953 0.003089
21402.44922 0.003073
21402.88086 0.003057
21403.30078 0.00304
21403.73047 0.003024
21404.16016 0.003008
21404.58984 0.002992
21405.01953 0.002976
21405.44922 0.002966
21405.88086 0.002957
21406.31055 0.002947
21406.74023 0.002937
21407.16992 0.002927
21407.59961 0.002918
21408.02930 0.002908
21408.44922 0.002898
21408.88086 0.002888
21409.31055 0.002879
21409.74023 0.002869
21410.16992 0.002857
21410.59961 0.002843
21411.02930 0.002829
21411.46094 0.002814
21411.89062 0.0028
21412.31055 0.002785
21412.74023 0.002771
21413.16992 0.002757
21413.59961 0.002742
21414.02930 0.002728
21414.46094 0.002713
21414.89062 0.002699
21415.32031 0.002699
21415.75000 0.002704
21416.17969 0.002709
21416.60938 0.002714
21417.03906 0.00272
21417.46094 0.002725
21417.89062 0.00273
21418.32031 0.002735
21418.75000 0.00274
21419.17969 0.002745
21419.60938 0.00275
21420.03906 0.002754
21420.47070 0.002744
21420.90039 0.002735
21421.33008 0.002726
21421.75977 0.002717
21422.18945 0.002707
21422.61914 0.002698
21423.05078 0.002689
21423.48047 0.002679
21423.90039 0.00267
21424.33008 0.002661
21424.75977 0.002652
21425.18945 0.002644
21425.61914 0.002637
21426.05078 0.002631
21426.48047 0.002624
21426.91016 0.002618
21427.33984 0.002612
21427.76953 0.002605
21428.19922 0.002599
21428.63086 0.002593
21429.06055 0.002586
21429.49023 0.00258
21429.91992 0.002574
21430.34961 0.002563
21430.77930 0.002552
21431.21094 0.002541
21431.63086 0.002529
21432.06055 0.002518
21432.49023 0.002507
21432.91992 0.002496
21433.34961 0.002485
21433.77930 0.002473
21434.21094 0.002462
21434.64062 0.002451
21435.07031 0.00244
21435.50000 0.002434
21435.92969 0.002427
21436.35938 0.002421
21436.78906 0.002414
21437.22070 0.002408
21437.65039 0.002401
21438.08008 0.002395
21438.50977 0.002388
21438.93945 0.002382
21439.36914 0.002375
21439.80078 0.002369
21440.23047 0.002365
21440.66016 0.002362
21441.08984 0.00236
21441.51953 0.002357
21441.94922 0.002355
21442.36914 0.002352
21442.80078 0.00235
21443.23047 0.002347
21443.66016 0.002345
21444.08984 0.002342
21444.51953 0.00234
21444.94922 0.002337
21445.38086 0.002337
21445.81055 0.002338
21446.24023 0.002338
21446.66992 0.002338
21447.09961 0.002338
21447.52930 0.002338
21447.96094 0.002339
21448.39062 0.002339
21448.82031 0.002339
21449.25000 0.002339
21449.67969 0.002339
21450.10938 0.002335
21450.53906 0.002319
21450.97070 0.002303
21451.40039 0.002287
21451.83008 0.00227
21452.25977 0.002254
21452.68945 0.002238
21453.11914 0.002222
21453.55078 0.002205
21453.98047 0.002189
21454.41016 0.002173
21454.83984 0.002156
21455.26953 0.002142
21455.69922 0.002127
21456.13086 0.002113
21456.56055 0.002099
21456.99023 0.002085
21457.41992 0.002071
21457.84961 0.002056
21458.27930 0.002042
21458.71094 0.002028
21459.14062 0.002014
21459.57031 0.002
21460.00000 0.001986
21460.42969 0.00199
21460.85938 0.001994
21461.28906 0.001998
21461.72070 0.002002
21462.15039 0.002005
21462.58008 0.002009
21463.00977 0.002013
21463.43945 0.002017
21463.86914 0.002021
21464.30078 0.002025
21464.73047 0.002029
21465.16016 0.002031
21465.58984 0.00203
21466.01953 0.002029
21466.44922 0.002027
21466.88086 0.002026
21467.31055 0.002025
21467.74023 0.002024
21468.17969 0.002022
21468.60938 0.002021
21469.03906 0.00202
21469.46094 0.002018
21469.90039 0.002017
21470.33008 0.002013
21470.75977 0.002008
21471.18945 0.002003
21471.61914 0.001998
21472.05078 0.001994
21472.48047 0.001989
21472.91016 0.001984
21473.33984 0.001979
21473.76953 0.001974
21474.19922 0.001969
21474.63086 0.001964
21475.06055 0.001958
21475.49023 0.001944
21475.91992 0.00193
21476.34961 0.001917
21476.77930 0.001903
21477.21094 0.001889
21477.64062 0.001875
21478.07031 0.001861
21478.50000 0.001847
21478.92969 0.001834
21479.36914 0.00182
21479.78906 0.001806
21480.22070 0.001803
21480.66016 0.001811
21481.08984 0.001819
21481.51953 0.001827
21481.94922 0.001834
21482.38086 0.001842
21482.81055 0.00185
21483.24023 0.001858
21483.66992 0.001865
21484.09961 0.001873
21484.52930 0.001881
21484.96094 0.001889
21485.39062 0.001879
21485.82031 0.001868
21486.25000 0.001856
21486.67969 0.001845
21487.11914 0.001833
21487.53906 0.001822
21487.97070 0.00181
21488.41016 0.001799
21488.83984 0.001788
21489.26953 0.001776
21489.69922 0.001765
21490.13086 0.001754
21490.56055 0.001745
21490.99023 0.001735
21491.41992 0.001726
21491.84961 0.001717
21492.27930 0.001707
21492.71094 0.001698
21493.14062 0.001689
21493.57031 0.001679
21494.00977 0.00167
21494.43945 0.001661
21494.86914 0.001651
21495.30078 0.00165
21495.73047 0.001651
21496.16016 0.001653
21496.58984 0.001654
21497.01953 0.001656
21497.44922 0.001657
21497.88086 0.001659
21498.31055 0.00166
21498.74023 0.001662
21499.17969 0.001663
21499.60938 0.001665
21500.03906 0.001665
21500.47070 0.001655
21500.90039 0.001645
21501.33008 0.001635
21501.75977 0.001626
21502.18945 0.001616
21502.61914 0.001606
21503.05078 0.001596
21503.48047 0.001586
21503.91992 0.001576
21504.34961 0.001566
21504.77930 0.001556
21505.21094 0.001551
21505.64062 0.001552
21506.07031 0.001554
21506.50000 0.001555
21506.92969 0.001556
21507.35938 0.001557
21507.78906 0.001558
21508.22070 0.001559
21508.66016 0.00156
21509.08984 0.001561
21509.51953 0.001562
21509.94922 0.001563
21510.38086 0.00157
21510.81055 0.001578
21511.24023 0.001586
21511.66992 0.001594
21512.10938 0.001601
21512.53906 0.001609
21512.97070 0.001617
21513.40039 0.001625
21513.83008 0.001632
21514.25977 0.00164
21514.68945 0.001648
21515.11914 0.00165
21515.55078 0.001639
21515.99023 0.001628
21516.41992 0.001617
21516.84961 0.001606
21517.27930 0.001595
21517.71094 0.001584
21518.14062 0.001573
21518.57031 0.001562
21519.00000 0.001551
21519.43945 0.00154
21519.86914 0.00153
21520.30078 0.001521
21520.73047 0.001514
21521.16016 0.001506
21521.58984 0.001499
21522.01953 0.001491
21522.46094 0.001484
21522.89062 0.001477
21523.32031 0.001469
21523.75000 0.001462
21524.17969 0.001455
21524.60938 0.001447
21525.03906 0.00144
21525.47070 0.001433
21525.91016 0.001426
21526.33984 0.001419
21526.76953 0.001412
21527.19922 0.001406
21527.63086 0.001399
21528.06055 0.001392
21528.49023 0.001385
21528.92969 0.001378
21529.35938 0.001371
21529.78906 0.001365
21530.22070 0.001366
21530.65039 0.001375
21531.08008 0.001384
21531.51953 0.001392
21531.94922 0.001401
21532.38086 0.00141
21532.81055 0.001419
21533.24023 0.001428
21533.66992 0.001437
21534.09961 0.001446
21534.53906 0.001455
21534.97070 0.001464
21535.40039 0.001455
21535.83008 0.001445
21536.25977 0.001435
21536.68945 0.001425
21537.13086 0.001415
21537.56055 0.001405
21537.99023 0.001395
21538.41992 0.001385
21538.84961 0.001375
21539.27930 0.001365
21539.71094 0.001355
21540.15039 0.001348
21540.58008 0.001347
21541.00977 0.001346
21541.43945 0.001345
21541.86914 0.001344
21542.30078 0.001343
21542.74023 0.001342
21543.16992 0.001341
21543.59961 0.00134
21544.02930 0.001338
21544.46094 0.001337
21544.90039 0.001336
21545.33008 0.001331
21545.75977 0.001325
21546.18945 0.001319
21546.61914 0.001313
21547.05078 0.001307
21547.49023 0.0013
21547.91992 0.001294
21548.34961 0.001288
21548.77930 0.001282
21549.21094 0.001276
21549.65039 0.001269
21550.08008 0.001265
21550.50977 0.001267
21550.93945 0.001269
21551.36914 0.001272
21551.81055 0.001274
21552.24023 0.001276
21552.66992 0.001279
21553.09961 0.001281
21553.52930 0.001283
21553.96094 0.001286
21554.40039 0.001288
21554.83008 0.00129
21555.25977 0.001281
21555.68945 0.001265
21556.13086 0.001248
21556.56055 0.001232
21556.99023 0.001216
21557.41992 0.001199
21557.84961 0.001183
21558.28906 0.001166
21558.72070 0.00115
21559.15039 0.001133
21559.58008 0.001117
21560.00977 0.001101
21560.44922 0.001114
21560.88086 0.001126
21561.31055 0.001138
21561.74023 0.001151
21562.16992 0.001163
21562.60938 0.001175
21563.03906 0.001188
21563.47070 0.0012
21563.90039 0.001212
21564.33984 0.001225
21564.76953 0.001237
21565.19922 0.001241
21565.63086 0.001236
21566.06055 0.001231
21566.50000 0.001226
21566.92969 0.00122
21567.35938 0.001215
21567.78906 0.00121
21568.22070 0.001204
21568.66016 0.001199
21569.08984 0.001194
21569.51953 0.001189
21569.96094 0.001183
21570.39062 0.001188
21570.82031 0.001194
21571.25000 0.0012
21571.67969 0.001206
21572.11914 0.001211
21572.55078 0.001217
21572.98047 0.001223
21573.41016 0.001229
21573.84961 0.001235
21574.27930 0.001241
21574.71094 0.001247
21575.14062 0.001246
21575.57031 0.00123
21576.00977 0.001215
21576.43945 0.0012
21576.86914 0.001184
21577.30078 0.001169
21577.74023 0.001154
21578.16992 0.001138
21578.59961 0.001123
21579.03906 0.001107
21579.47070 0.001092
21579.90039 0.001077
21580.33008 0.001077
21580.75977 0.001083
21581.19922 0.001088
21581.63086 0.001093
21582.06055 0.001099
21582.49023 0.001104
21582.92969 0.001109
21583.35938 0.001115
21583.78906 0.00112
21584.22070 0.001126
21584.66016 0.001131
21585.08984 0.001133
21585.51953 0.001124
21585.96094 0.001114
21586.39062 0.001105
21586.82031 0.001096
21587.25000 0.001086
21587.68945 0.001077
21588.11914 0.001067
21588.55078 0.001058
21588.98047 0.001049
21589.41992 0.001039
21589.84961 0.00103
21590.27930 0.001023
21590.71094 0.001018
21591.15039 0.001013
21591.58008 0.001008
21592.00977 0.001003
21592.44922 0.000998
21592.88086 0.000993
21593.31055 0.000988
21593.74023 0.000983
21594.17969 0.000978
21594.60938 0.000973
21595.03906 0.000969
21595.47070 0.000976
21595.91016 0.000983
21596.33984 0.00099
21596.76953 0.000997
21597.21094 0.001004
21597.64062 0.001011
21598.07031 0.001018
21598.50000 0.001024
21598.93945 0.001031
21599.36914 0.001038
21599.80078 0.001045
21600.24023 0.001042
21600.66992 0.001031
21601.09961 0.001019
21601.53906 0.001007
21601.97070 0.000996
21602.40039 0.000984
21602.83008 0.000972
21603.26953 0.000961
21603.69922 0.000949
21604.13086 0.000937
21604.56055 0.000926
21605.00000 0.000914
21605.42969 0.000919
21605.85938 0.000924
21606.30078 0.000928
21606.73047 0.000933
21607.16016 0.000938
21607.59961 0.000943
21608.02930 0.000948
21608.46094 0.000953
21608.90039 0.000958
21609.33008 0.000962
21609.75977 0.000967
21610.19922 0.000965
21610.63086 0.000954
21611.06055 0.000943
21611.49023 0.000932
21611.92969 0.000921
21612.35938 0.00091
21612.78906 0.000899
21613.23047 0.000888
21613.66016 0.000877
21614.08984 0.000866
21614.52930 0.000855
21614.96094 0.000844
21615.39062 0.000853
21615.83008 0.000865
21616.25977 0.000876
21616.68945 0.000887
21617.13086 0.000898
21617.56055 0.000909
21617.99023 0.00092
21618.42969 0.000932
21618.85938 0.000943
21619.28906 0.000954
21619.72070 0.000965
21620.16016 0.000969
21620.58984 0.00096
21621.02930 0.000951
21621.46094 0.000942
21621.89062 0.000934
21622.32031 0.000925
21622.75977 0.000916
21623.18945 0.000907
21623.61914 0.000898
21624.06055 0.000889
21624.49023 0.00088
21624.92969 0.000871
21625.35938 0.000864
21625.78906 0.000857
21626.22070 0.00085
21626.66016 0.000843
21627.08984 0.000835
21627.52930 0.000828
21627.96094 0.000821
21628.39062 0.000814
21628.83008 0.000807
21629.25977 0.0008
21629.68945 0.000792
21630.13086 0.00079
21630.56055 0.000797
21630.99023 0.000804
21631.42969 0.000811
21631.85938 0.000818
21632.28906 0.000826
21632.73047 0.000833
21633.16016 0.00084
21633.58984 0.000847
21634.02930 0.000855
21634.46094 0.000862
21634.89062 0.000869
21635.33008 0.000866
21635.75977 0.00086
21636.19922 0.000854
21636.63086 0.000848
21637.06055 0.000842
21637.50000 0.000837
21637.92969 0.000831
21638.36914 0.000825
21638.80078 0.000819
21639.23047 0.000813
21639.66992 0.000807
21640.09961 0.000802
21640.52930 0.000803
21640.97070 0.000804
21641.40039 0.000804
21641.83008 0.000805
21642.26953 0.000805
21642.69922 0.000806
21643.13086 0.000806
21643.57031 0.000807
21644.00000 0.000808
21644.43945 0.000808
21644.86914 0.000809
21645.30078 0.000806
21645.74023 0.000801
21646.16992 0.000797
21646.60938 0.000792
21647.03906 0.000788
21647.47070 0.000783
21647.91016 0.000779
21648.33984 0.000774
21648.77930 0.00077
21649.21094 0.000765
21649.64062 0.000761
21650.08008 0.000759
21650.50977 0.000768
21650.93945 0.000778
21651.38086 0.000788
21651.81055 0.000797
21652.25000 0.000807
21652.67969 0.000817
21653.10938 0.000827
21653.55078 0.000836
21653.98047 0.000846
21654.41992 0.000856
21654.84961 0.000866
21655.27930 0.000869
21655.72070 0.00087
21656.15039 0.00087
21656.58984 0.000871
21657.01953 0.000871
21657.44922 0.000872
21657.89062 0.000873
21658.32031 0.000873
21658.75977 0.000874
21659.18945 0.000874
21659.61914 0.000875
21660.06055 0.000873
21660.49023 0.000855
21660.92969 0.000837
21661.35938 0.00082
21661.78906 0.000802
21662.23047 0.000784
21662.66016 0.000767
21663.09961 0.000749
21663.52930 0.000731
21663.96094 0.000714
21664.40039 0.000696
21664.83008 0.000678
21665.26953 0.000674
21665.69922 0.000677
21666.14062 0.000681
21666.57031 0.000684
21667.00977 0.000688
21667.43945 0.000691
21667.86914 0.000695
21668.31055 0.000698
21668.74023 0.000702
21669.17969 0.000705
21669.60938 0.000709
21670.03906 0.00071
21670.48047 0.000694
21670.91016 0.000678
21671.34961 0.000661
21671.77930 0.000645
21672.22070 0.000628
21672.65039 0.000612
21673.08984 0.000596
21673.51953 0.000579
21673.94922 0.000563
21674.39062 0.000546
21674.82031 0.00053
21675.25977 0.000529
21675.68945 0.000538
21676.13086 0.000548
21676.56055 0.000557
21676.99023 0.000567
21677.42969 0.000576
21677.85938 0.000586
21678.30078 0.000595
21678.73047 0.000605
21679.16992 0.000614
21679.59961 0.000624
21680.03906 0.000633
21680.47070 0.000634
21680.90039 0.000635
21681.33984 0.000636
21681.76953 0.000637
21682.21094 0.000639
21682.64062 0.00064
21683.08008 0.000641
21683.50977 0.000642
21683.94922 0.000644
21684.38086 0.000645
21684.82031 0.000646
21685.25000 0.000649
21685.68945 0.000654
21686.11914 0.000659
21686.55078 0.000664
21686.99023 0.000669
21687.41992 0.000674
21687.85938 0.000678
21688.28906 0.000683
21688.73047 0.000688
21689.16016 0.000693
21689.59961 0.000698
21690.02930 0.000702
21690.47070 0.000695
21690.90039 0.000688
21691.33984 0.000681
21691.76953 0.000674
21692.21094 0.000667
21692.64062 0.00066
21693.07031 0.000653
21693.50977 0.000647
21693.93945 0.00064
21694.38086 0.000633
21694.81055 0.000626
21695.25000 0.000618
21695.67969 0.000609
21696.11914 0.0006
21696.55078 0.000591
21696.99023 0.000582
21697.41992 0.000573
21697.85938 0.000564
21698.28906 0.000556
21698.73047 0.000547
21699.16016 0.000538
21699.59961 0.000529
21700.02930 0.000521
21700.47070 0.000519
21700.90039 0.000517
21701.33984 0.000516
21701.76953 0.000514
21702.21094 0.000512
21702.64062 0.000511
21703.08008 0.000509
21703.50977 0.000508
21703.94922 0.000506
21704.38086 0.000504
