threeML/data/optical_filters/HST/NICMOS3-G141.ecsv
# %ECSV 0.9
# ---
# datatype:
# - {name: wavelength, unit: Angstrom, datatype: float32}
# - {name: response, datatype: float32}
# meta: !!omap
# - {band_name: G141}
# - {group_name: NICMOS3}
wavelength response
[from data line 1533]
11556.29004 0.062547
11557.04004 0.062587
11557.79980 0.062626
11558.55957 0.062666
11559.30957 0.062706
11560.07031 0.062746
11560.83008 0.062792
11561.58008 0.062838
11562.33984 0.062884
11563.08984 0.06293
11563.84961 0.062975
11564.61035 0.063021
11565.36035 0.063067
11566.12012 0.063113
11566.87012 0.063159
11567.62988 0.063205
11568.38965 0.063251
11569.13965 0.063297
11569.90039 0.063343
11570.66016 0.063388
11571.41992 0.063434
11572.16992 0.06348
11572.92969 0.063526
11573.69043 0.063572
11574.44043 0.063618
11575.20020 0.063664
11575.95996 0.06371
11576.70996 0.063756
11577.46973 0.063802
11578.23047 0.063848
11578.98047 0.063894
11579.74023 0.06394
11580.50000 0.063986
11581.25977 0.064032
11582.00977 0.064078
11582.76953 0.064124
11583.53027 0.06417
11584.29004 0.064216
11585.04004 0.064262
11585.79980 0.064308
11586.55957 0.064354
11587.32031 0.064401
11588.08008 0.064447
11588.83008 0.064493
11589.58984 0.064539
11590.34961 0.064585
11591.11035 0.064631
11591.87012 0.064677
11592.62012 0.064723
11593.37988 0.06477
11594.13965 0.064816
11594.90039 0.064862
11595.66016 0.064908
11596.41992 0.064954
11597.16992 0.065
11597.92969 0.065047
11598.69043 0.065093
11599.45020 0.065139
11600.20996 0.065182
11600.96973 0.065219
11601.71973 0.065255
11602.48047 0.065291
11603.24023 0.065327
11604.00000 0.065363
11604.75977 0.0654
11605.51953 0.065436
11606.28027 0.065472
11607.04004 0.065508
11607.79980 0.065544
11608.55957 0.065581
11609.30957 0.065617
11610.07031 0.065653
11610.83008 0.065689
11611.58984 0.065726
11612.34961 0.065762
11613.11035 0.065798
11613.87012 0.065835
11614.62988 0.065871
11615.38965 0.065907
11616.15039 0.065944
11616.91016 0.06598
11617.66992 0.066016
11618.42969 0.066053
11619.19043 0.066089
11619.95020 0.066125
11620.70996 0.066167
11621.46973 0.06621
11622.23047 0.066252
11622.99023 0.066295
11623.75000 0.066337
11624.50977 0.06638
11625.26953 0.066423
11626.03027 0.066465
11626.79004 0.066508
11627.54980 0.06655
11628.30957 0.066593
11629.07031 0.066635
11629.83008 0.066678
11630.58984 0.066721
11631.34961 0.066763
11632.11035 0.066806
11632.87012 0.066848
11633.63965 0.066891
11634.40039 0.066934
11635.16016 0.066976
11635.91992 0.067019
11636.67969 0.067062
11637.44043 0.067104
11638.20020 0.067147
11638.95996 0.06719
11639.71973 0.067233
11640.49023 0.067268
11641.25000 0.067298
11642.00977 0.067329
11642.76953 0.067359
11643.53027 0.067389
11644.29004 0.06742
11645.04980 0.06745
11645.82031 0.067481
11646.58008 0.067511
11647.33984 0.067542
11648.09961 0.067572
11648.86035 0.067603
11649.62012 0.067634
11650.38965 0.067664
11651.15039 0.067695
11651.91016 0.067725
11652.66992 0.067756
11653.42969 0.067786
11654.20020 0.067817
11654.95996 0.067847
11655.71973 0.067878
11656.48047 0.067909
11657.25000 0.067939
11658.00977 0.06797
11658.76953 0.068001
11659.53027 0.068031
11660.29004 0.068059
11661.05957 0.068084
11661.82031 0.068108
11662.58008 0.068133
11663.34961 0.068157
11664.11035 0.068182
11664.87012 0.068206
11665.62988 0.068231
11666.40039 0.068255
11667.16016 0.06828
11667.91992 0.068304
11668.69043 0.068329
11669.45020 0.068353
11670.20996 0.068378
11670.98047 0.068402
11671.74023 0.068427
11672.50000 0.068451
11673.26953 0.068476
11674.03027 0.068501
11674.79004 0.068525
11675.55957 0.06855
11676.32031 0.068574
11677.08008 0.068599
11677.84961 0.068623
11678.61035 0.068648
11679.37988 0.068673
11680.13965 0.068697
11680.90039 0.068722
11681.66992 0.068746
11682.42969 0.068771
11683.20020 0.068796
11683.95996 0.06882
11684.71973 0.068845
11685.49023 0.068869
11686.25000 0.068894
11687.01953 0.068919
11687.78027 0.068943
11688.54004 0.068968
11689.30957 0.068993
11690.07031 0.069017
11690.83984 0.069042
11691.59961 0.069067
11692.37012 0.069091
11693.12988 0.069116
11693.90039 0.069141
11694.66016 0.069165
11695.42969 0.06919
11696.19043 0.069215
11696.95996 0.06924
11697.71973 0.069264
11698.49023 0.069289
11699.25000 0.069314
11700.01953 0.069338
11700.78027 0.069356
11701.54980 0.069374
11702.30957 0.069391
11703.08008 0.069409
11703.83984 0.069427
11704.61035 0.069444
11705.37012 0.069462
11706.13965 0.06948
11706.91016 0.069497
11707.66992 0.069515
11708.44043 0.069533
11709.20020 0.06955
11709.96973 0.069568
11710.73047 0.069586
11711.50000 0.069603
11712.26953 0.069621
11713.03027 0.069639
11713.79980 0.069656
11714.55957 0.069674
11715.33008 0.069692
11716.09961 0.06971
11716.86035 0.069727
11717.62988 0.069745
11718.40039 0.069763
11719.16016 0.06978
11719.92969 0.069798
11720.69043 0.06981
11721.45996 0.069822
11722.23047 0.069833
11722.99023 0.069845
11723.75977 0.069856
11724.53027 0.069868
11725.29004 0.069879
11726.05957 0.069891
11726.83008 0.069902
11727.58984 0.069914
11728.36035 0.069925
11729.12988 0.069937
11729.90039 0.069948
11730.66016 0.06996
11731.42969 0.069971
11732.20020 0.069983
11732.95996 0.069994
11733.73047 0.070006
11734.50000 0.070017
11735.26953 0.070029
11736.04004 0.07004
11736.79980 0.070052
11737.57031 0.070063
11738.33984 0.070075
11739.11035 0.070086
11739.87012 0.070098
11740.63965 0.070109
11741.41016 0.070121
11742.17969 0.070133
11742.94043 0.070144
11743.70996 0.070156
11744.48047 0.070167
11745.25000 0.070179
11746.01953 0.07019
11746.79004 0.070202
11747.54980 0.070213
11748.32031 0.070225
11749.08984 0.070236
11749.86035 0.070248
11750.62988 0.07026
11751.40039 0.070271
11752.16016 0.070283
11752.92969 0.070294
11753.70020 0.070306
11754.46973 0.070317
11755.24023 0.070329
11756.00977 0.070341
11756.78027 0.070352
11757.54004 0.070364
11758.30957 0.070375
11759.08008 0.070387
11759.84961 0.070398
11760.62012 0.07041
11761.38965 0.070422
11762.16016 0.070433
11762.92969 0.070445
11763.70020 0.070456
11764.46973 0.070468
11765.24023 0.07048
11766.00977 0.070491
11766.78027 0.070503
11767.54980 0.070514
11768.32031 0.070526
11769.08008 0.070538
11769.84961 0.070549
11770.62012 0.070561
11771.38965 0.070572
11772.16016 0.070584
11772.92969 0.070596
11773.70020 0.070607
11774.46973 0.070619
11775.24023 0.07063
11776.00977 0.070642
11776.78027 0.070654
11777.54980 0.070665
11778.33008 0.070677
11779.09961 0.070689
11779.87012 0.0707
11780.63965 0.070717
11781.41016 0.070735
11782.17969 0.070753
11782.95020 0.070771
11783.71973 0.070789
11784.49023 0.070807
11785.25977 0.070825
11786.03027 0.070843
11786.79980 0.070861
11787.57031 0.070879
11788.33984 0.070896
11789.11035 0.070914
11789.87988 0.070932
11790.66016 0.07095
11791.42969 0.070968
11792.20020 0.070986
11792.96973 0.071004
11793.74023 0.071022
11794.50977 0.07104
11795.28027 0.071058
11796.04980 0.071076
11796.83008 0.071094
11797.59961 0.071112
11798.37012 0.07113
11799.13965 0.071148
11799.91016 0.071166
11800.67969 0.07119
11801.45996 0.071214
11802.23047 0.071238
11803.00000 0.071262
11803.76953 0.071286
11804.54004 0.07131
11805.32031 0.071334
11806.08984 0.071358
11806.86035 0.071383
11807.62988 0.071407
11808.40039 0.071431
11809.17969 0.071455
11809.95020 0.071479
11810.71973 0.071503
11811.49023 0.071527
11812.26953 0.071551
11813.04004 0.071576
11813.80957 0.0716
11814.58008 0.071624
11815.36035 0.071648
11816.12988 0.071672
11816.90039 0.071696
11817.67969 0.071721
11818.45020 0.071745
11819.21973 0.071769
11819.99023 0.071793
11820.76953 0.071824
11821.54004 0.071854
11822.30957 0.071885
11823.08984 0.071915
11823.86035 0.071946
11824.62988 0.071976
11825.41016 0.072007
11826.17969 0.072037
11826.95020 0.072068
11827.73047 0.072099
11828.50000 0.072129
11829.26953 0.07216
11830.04980 0.07219
11830.82031 0.072221
11831.59961 0.072252
11832.37012 0.072282
11833.13965 0.072313
11833.91992 0.072344
11834.69043 0.072374
11835.45996 0.072405
11836.24023 0.072436
11837.00977 0.072466
11837.79004 0.072497
11838.55957 0.072528
11839.33984 0.072558
11840.11035 0.072589
11840.87988 0.07262
11841.66016 0.07265
11842.42969 0.072681
11843.20996 0.072712
11843.98047 0.072742
11844.75977 0.072773
11845.53027 0.072804
11846.30957 0.072835
11847.08008 0.072865
11847.86035 0.072896
11848.62988 0.072927
11849.41016 0.072957
11850.17969 0.072988
11850.95996 0.073019
11851.73047 0.07305
11852.50977 0.073081
11853.28027 0.073111
11854.05957 0.073142
11854.83008 0.073173
11855.61035 0.073204
11856.37988 0.073234
11857.16016 0.073265
11857.92969 0.073296
11858.70996 0.073327
11859.48047 0.073358
11860.25977 0.073384
11861.04004 0.073402
11861.80957 0.07342
11862.58984 0.073438
11863.36035 0.073457
11864.13965 0.073475
11864.91016 0.073493
11865.69043 0.073511
11866.46973 0.073529
11867.24023 0.073547
11868.01953 0.073565
11868.79004 0.073583
11869.57031 0.073601
11870.34961 0.073619
11871.12012 0.073637
11871.90039 0.073655
11872.67969 0.073673
11873.45020 0.073691
11874.23047 0.07371
11875.00977 0.073728
11875.78027 0.073746
11876.55957 0.073764
11877.33984 0.073782
11878.11035 0.0738
11878.88965 0.073818
11879.66992 0.073836
11880.44043 0.073851
11881.21973 0.073862
11882.00000 0.073874
11882.76953 0.073886
11883.54980 0.073898
11884.33008 0.073909
11885.11035 0.073921
11885.87988 0.073933
11886.66016 0.073944
11887.44043 0.073956
11888.21973 0.073968
11888.99023 0.07398
11889.76953 0.073991
11890.54980 0.074003
11891.33008 0.074015
11892.09961 0.074027
11892.87988 0.074038
11893.66016 0.07405
11894.44043 0.074062
11895.21973 0.074074
11895.99023 0.074085
11896.76953 0.074097
11897.54980 0.074109
11898.33008 0.07412
11899.11035 0.074132
11899.87988 0.074144
11900.66016 0.074149
11901.44043 0.074154
11902.21973 0.074158
11903.00000 0.074162
11903.78027 0.074166
11904.54980 0.07417
11905.33008 0.074175
11906.11035 0.074179
11906.88965 0.074183
11907.66992 0.074187
11908.45020 0.074191
11909.23047 0.074196
11910.00000 0.0742
11910.78027 0.074204
11911.55957 0.074208
11912.33984 0.074213
11913.12012 0.074217
11913.90039 0.074221
11914.67969 0.074225
11915.45996 0.074229
11916.24023 0.074234
11917.01953 0.074238
11917.79980 0.074242
11918.58008 0.074246
11919.36035 0.07425
11920.13965 0.074252
11920.91992 0.074244
11921.69043 0.074235
11922.46973 0.074226
11923.25000 0.074218
11924.03027 0.074209
11924.80957 0.0742
11925.58984 0.074191
11926.37012 0.074183
11927.15039 0.074174
11927.92969 0.074165
11928.70996 0.074157
11929.49023 0.074148
11930.26953 0.074139
11931.04980 0.07413
11931.83008 0.074122
11932.62012 0.074113
11933.40039 0.074104
11934.17969 0.074095
11934.95996 0.074087
11935.74023 0.074078
11936.51953 0.074069
11937.29980 0.07406
11938.08008 0.074052
11938.86035 0.074043
11939.63965 0.074034
11940.41992 0.074025
11941.20020 0.074017
11941.98047 0.074008
11942.75977 0.073999
11943.54004 0.07399
11944.33008 0.073982
11945.11035 0.073973
11945.88965 0.073964
11946.66992 0.073955
11947.45020 0.073947
11948.23047 0.073938
11949.00977 0.073929
11949.79980 0.07392
11950.58008 0.073911
11951.36035 0.073903
11952.13965 0.073894
11952.91992 0.073885
11953.70020 0.073876
11954.49023 0.073867
11955.26953 0.073859
11956.04980 0.07385
11956.83008 0.073841
11957.61035 0.073832
11958.40039 0.073823
11959.17969 0.073815
11959.95996 0.073806
11960.74023 0.073803
11961.51953 0.073801
11962.30957 0.073799
11963.08984 0.073796
11963.87012 0.073794
11964.65039 0.073792
11965.44043 0.073789
11966.21973 0.073787
11967.00000 0.073785
11967.78027 0.073782
11968.57031 0.07378
11969.34961 0.073778
11970.12988 0.073775
11970.91992 0.073773
11971.70020 0.073771
11972.48047 0.073768
11973.25977 0.073766
11974.04980 0.073764
11974.83008 0.073761
11975.61035 0.073759
11976.40039 0.073757
11977.17969 0.073754
11977.95996 0.073752
11978.75000 0.07375
11979.53027 0.073747
11980.30957 0.073748
11981.09961 0.073752
11981.87988 0.073756
11982.66016 0.07376
11983.45020 0.073764
11984.23047 0.073769
11985.01953 0.073773
11985.79980 0.073777
11986.58008 0.073781
11987.37012 0.073785
11988.15039 0.07379
11988.94043 0.073794
11989.71973 0.073798
11990.50000 0.073802
11991.29004 0.073806
11992.07031 0.073811
11992.86035 0.073815
11993.63965 0.073819
11994.41992 0.073823
11995.20996 0.073827
11995.99023 0.073831
11996.78027 0.073836
11997.55957 0.07384
11998.34961 0.073844
11999.12988 0.073848
11999.91992 0.073852
12000.70020 0.073882
12001.49023 0.073915
12002.26953 0.073948
12003.05957 0.073982
12003.83984 0.074015
12004.62988 0.074048
12005.41016 0.074081
12006.20020 0.074114
12006.98047 0.074147
12007.76953 0.07418
12008.54980 0.074213
12009.33984 0.074246
12010.12012 0.074279
12010.91016 0.074312
12011.69043 0.074345
12012.48047 0.074378
12013.26953 0.074411
12014.04980 0.074444
12014.83984 0.074477
12015.62012 0.07451
12016.41016 0.074543
12017.19043 0.074577
12017.98047 0.07461
12018.76953 0.074643
12019.54980 0.074676
12020.33984 0.074709
12021.12012 0.074742
12021.91016 0.074775
12022.70020 0.074808
12023.48047 0.074841
12024.26953 0.074874
12025.05957 0.074907
12025.83984 0.074941
12026.62988 0.074974
12027.41992 0.075007
12028.20020 0.07504
12028.99023 0.075073
12029.78027 0.075106
12030.55957 0.075139
12031.34961 0.075172
12032.13965 0.075205
12032.91992 0.075239
12033.70996 0.075272
12034.50000 0.075305
12035.28027 0.075338
12036.07031 0.075371
12036.86035 0.075404
12037.65039 0.075437
12038.42969 0.075471
12039.21973 0.075504
12040.00977 0.075537
12040.79004 0.075583
12041.58008 0.07563
12042.37012 0.075676
12043.16016 0.075722
12043.95020 0.075768
12044.73047 0.075815
12045.51953 0.075861
12046.30957 0.075907
12047.09961 0.075954
12047.87988 0.076
12048.66992 0.076046
12049.45996 0.076093
12050.25000 0.076139
12051.04004 0.076185
12051.83008 0.076231
12052.61035 0.076278
12053.40039 0.076324
12054.19043 0.07637
12054.98047 0.076417
12055.76953 0.076463
12056.54980 0.07651
12057.33984 0.076556
12058.12988 0.076602
12058.91992 0.076649
12059.70996 0.076695
12060.50000 0.076737
12061.29004 0.076777
12062.08008 0.076817
12062.86035 0.076857
12063.65039 0.076896
12064.44043 0.076936
12065.23047 0.076976
12066.01953 0.077016
12066.80957 0.077056
12067.59961 0.077095
12068.38965 0.077135
12069.17969 0.077175
12069.96973 0.077215
12070.75977 0.077255
12071.54004 0.077294
12072.33008 0.077334
12073.12012 0.077374
12073.91016 0.077414
12074.70020 0.077454
12075.49023 0.077494
12076.28027 0.077534
12077.07031 0.077573
12077.86035 0.077613
12078.65039 0.077653
12079.44043 0.077693
12080.23047 0.077729
12081.01953 0.077756
12081.80957 0.077782
12082.59961 0.077809
12083.38965 0.077836
12084.17969 0.077862
12084.96973 0.077889
12085.75977 0.077916
12086.54980 0.077942
12087.33984 0.077969
12088.13965 0.077996
12088.92969 0.078022
12089.71973 0.078049
12090.50977 0.078076
12091.29980 0.078103
12092.08984 0.078129
12092.87988 0.078156
12093.66992 0.078183
12094.45996 0.07821
12095.25000 0.078236
12096.04004 0.078263
12096.83008 0.07829
12097.62988 0.078316
12098.41992 0.078343
12099.20996 0.07837
12100.00000 0.078397
12100.79004 0.078404
12101.58008 0.078411
12102.37012 0.078419
12103.16992 0.078426
12103.95996 0.078434
12104.75000 0.078441
12105.54004 0.078448
12106.33008 0.078456
12107.12012 0.078463
12107.91992 0.078471
12108.70996 0.078478
12109.50000 0.078485
12110.29004 0.078493
12111.08008 0.0785
12111.87988 0.078508
12112.66992 0.078515
12113.45996 0.078522
12114.25000 0.07853
12115.04004 0.078537
12115.83984 0.078545
12116.62988 0.078552
12117.41992 0.078559
12118.20996 0.078567
12119.00977 0.078574
12119.79980 0.078582
12120.58984 0.078584
12121.37988 0.078585
12122.17969 0.078586
12122.96973 0.078586
12123.75977 0.078587
12124.55957 0.078588
12125.34961 0.078589
12126.13965 0.07859
12126.92969 0.07859
12127.73047 0.078591
12128.51953 0.078592
12129.30957 0.078593
12130.11035 0.078594
12130.90039 0.078594
12131.69043 0.078595
12132.49023 0.078596
12133.28027 0.078597
12134.08008 0.078598
12134.87012 0.078598
12135.66016 0.078599
12136.45996 0.0786
12137.25000 0.078601
12138.04004 0.078601
12138.83984 0.078602
12139.62988 0.078603
12140.41992 0.0786
12141.21973 0.078594
12142.00977 0.078589
12142.80957 0.078583
12143.59961 0.078577
12144.40039 0.078571
12145.19043 0.078565
12145.98047 0.078559
12146.78027 0.078554
12147.57031 0.078548
12148.37012 0.078542
