threeML/data/optical_filters/HST/NICMOS3-F160W.ecsv
# %ECSV 0.9
# ---
# datatype:
# - {name: wavelength, unit: Angstrom, datatype: float32}
# - {name: response, datatype: float32}
# meta: !!omap
# - {band_name: F160W}
# - {group_name: NICMOS3}
wavelength response
[from data line 5362]
17787.25000 0.226406
17788.16016 0.226192
17789.07031 0.225978
17789.98047 0.225765
17790.89062 0.225495
17791.80078 0.225225
17792.72070 0.224955
17793.63086 0.224684
17794.53906 0.224413
17795.46094 0.224146
17796.36914 0.223882
17797.27930 0.223619
17798.18945 0.223355
17799.09961 0.223092
17800.01953 0.222828
17800.92969 0.222548
17801.83984 0.222267
17802.75000 0.221986
17803.66992 0.221705
17804.58008 0.221425
17805.49023 0.221125
17806.40039 0.220811
17807.32031 0.220496
17808.23047 0.220181
17809.14062 0.219866
17810.06055 0.219551
17810.97070 0.219232
17811.88086 0.218914
17812.78906 0.218595
17813.71094 0.218276
17814.61914 0.217957
17815.53906 0.217616
17816.44922 0.217261
17817.35938 0.216905
17818.27930 0.216548
17819.18945 0.216192
17820.09961 0.215832
17821.01953 0.215436
17821.92969 0.215039
17822.83984 0.214644
17823.75977 0.214248
17824.66992 0.213852
17825.58008 0.213449
17826.50000 0.213042
17827.41016 0.212636
17828.33008 0.212229
17829.24023 0.211823
17830.15039 0.211417
17831.07031 0.211008
17831.98047 0.2106
17832.90039 0.210191
17833.81055 0.209783
17834.72070 0.209374
17835.64062 0.208958
17836.55078 0.208539
17837.47070 0.208119
17838.38086 0.2077
17839.28906 0.207281
17840.21094 0.206852
17841.11914 0.206396
17842.03906 0.20594
17842.96094 0.205483
17843.86914 0.205027
17844.77930 0.204571
17845.69922 0.204085
17846.60938 0.203591
17847.52930 0.203097
17848.43945 0.202602
17849.35938 0.202108
17850.26953 0.201603
17851.18945 0.201074
17852.09961 0.200545
17853.01953 0.200017
17853.92969 0.199487
17854.84961 0.198958
17855.75977 0.198438
17856.67969 0.197918
17857.59961 0.197399
17858.50977 0.19688
17859.42969 0.196361
17860.33984 0.195835
17861.25977 0.195298
17862.16992 0.194762
17863.08984 0.194225
17864.00000 0.193688
17864.91992 0.19315
17865.83984 0.192605
17866.75000 0.192058
17867.66992 0.191511
17868.58008 0.190964
17869.50000 0.190417
17870.41992 0.189855
17871.33008 0.189274
17872.25000 0.188693
17873.16016 0.188112
17874.08008 0.18753
17875.00000 0.186949
17875.91016 0.18638
17876.83008 0.18581
17877.75000 0.18524
17878.66016 0.184671
17879.58008 0.184102
17880.50000 0.18349
17881.41016 0.182844
17882.33008 0.182198
17883.25000 0.18155
17884.16016 0.180904
17885.08008 0.180259
17886.00000 0.17963
17886.91016 0.179002
17887.83008 0.178372
17888.75000 0.177744
17889.66016 0.177115
17890.58008 0.176476
17891.50000 0.175831
17892.41992 0.175184
17893.33008 0.17454
17894.25000 0.173894
17895.16992 0.173251
17896.08008 0.17262
17897.00000 0.171988
17897.91992 0.171356
17898.83984 0.170726
17899.75000 0.170094
17900.66992 0.169455
17901.58984 0.168812
17902.50977 0.16817
17903.42969 0.167528
17904.33984 0.166885
17905.25977 0.166225
17906.17969 0.165522
17907.09961 0.164818
17908.01953 0.164114
17908.92969 0.16341
17909.84961 0.162706
17910.76953 0.162015
17911.68945 0.161327
17912.60938 0.160638
17913.51953 0.15995
17914.43945 0.159262
17915.35938 0.158556
17916.27930 0.157823
17917.19922 0.157092
17918.11914 0.156361
17919.03906 0.155628
17919.94922 0.154896
17920.86914 0.15418
17921.78906 0.153463
17922.71094 0.152748
17923.63086 0.152032
17924.55078 0.151315
17925.46094 0.15061
17926.38086 0.149913
17927.30078 0.149218
17928.22070 0.148521
17929.14062 0.147825
17930.06055 0.147128
17930.98047 0.146426
17931.90039 0.145725
17932.82031 0.145023
17933.74023 0.14432
17934.66016 0.14362
17935.58008 0.142901
17936.50000 0.142172
17937.41992 0.141443
17938.33008 0.140716
17939.25000 0.139987
17940.16992 0.139258
17941.08984 0.13853
17942.00977 0.137801
17942.92969 0.137073
17943.84961 0.136344
17944.76953 0.135615
17945.68945 0.134879
17946.60938 0.13414
17947.52930 0.1334
17948.44922 0.132661
17949.36914 0.131922
17950.28906 0.131176
17951.21094 0.130415
17952.13086 0.129654
17953.05078 0.128892
17953.97070 0.128131
17954.89062 0.12737
17955.81055 0.12665
17956.74023 0.125934
17957.66016 0.125219
17958.58008 0.124504
17959.50000 0.123788
17960.41992 0.123073
17961.33984 0.122358
17962.25977 0.121642
17963.17969 0.120927
17964.09961 0.12021
17965.01953 0.119495
17965.93945 0.118788
17966.85938 0.118081
17967.78906 0.117374
17968.71094 0.116666
17969.63086 0.11596
17970.55078 0.11525
17971.47070 0.114539
17972.39062 0.11383
17973.31055 0.113119
17974.23047 0.112407
17975.16016 0.111699
17976.08008 0.111005
17977.00000 0.11031
17977.91992 0.109615
17978.83984 0.10892
17979.75977 0.108224
17980.68945 0.107505
17981.60938 0.106777
17982.52930 0.106049
17983.44922 0.105321
17984.36914 0.104593
17985.28906 0.103875
17986.22070 0.103178
17987.14062 0.10248
17988.06055 0.101783
17988.98047 0.101085
17989.90039 0.100388
17990.83008 0.099707
17991.75000 0.099026
17992.66992 0.098347
17993.58984 0.097667
17994.51953 0.096988
17995.43945 0.096319
17996.35938 0.095665
17997.27930 0.095011
17998.21094 0.094355
17999.13086 0.093701
18000.05078 0.093046
18000.97070 0.092399
18001.90039 0.091752
18002.82031 0.091104
18003.74023 0.090457
18004.66992 0.089809
18005.58984 0.089155
18006.50977 0.088499
18007.43945 0.087841
18008.35938 0.087185
18009.27930 0.086528
18010.21094 0.085868
18011.13086 0.0852
18012.05078 0.084534
18012.97070 0.083866
18013.90039 0.083199
18014.82031 0.082531
18015.74023 0.081885
18016.66992 0.081242
18017.58984 0.080599
18018.51953 0.079956
18019.43945 0.079313
18020.35938 0.078695
18021.28906 0.078116
18022.21094 0.077536
18023.13086 0.076957
18024.06055 0.076378
18024.98047 0.075798
18025.91016 0.075215
18026.83008 0.074631
18027.75977 0.074047
18028.67969 0.073463
18029.59961 0.07288
18030.52930 0.072324
18031.44922 0.07179
18032.38086 0.071255
18033.30078 0.07072
18034.22070 0.070186
18035.15039 0.06965
18036.07031 0.069111
18037.00000 0.068572
18037.91992 0.068032
18038.84961 0.067493
18039.76953 0.066953
18040.69922 0.066408
18041.61914 0.06586
18042.55078 0.065313
18043.47070 0.064766
18044.40039 0.064218
18045.32031 0.063676
18046.25000 0.063141
18047.16992 0.062608
18048.09961 0.062073
18049.01953 0.061538
18049.94922 0.061004
18050.86914 0.060514
18051.80078 0.060027
18052.72070 0.059539
18053.65039 0.059051
18054.58008 0.058564
18055.50000 0.05808
18056.42969 0.057597
18057.34961 0.057114
18058.27930 0.056632
18059.19922 0.056149
18060.13086 0.055669
18061.05078 0.055204
18061.98047 0.05474
18062.91016 0.054275
18063.83008 0.05381
18064.75977 0.053345
18065.68945 0.052884
18066.60938 0.052424
18067.53906 0.051965
18068.46094 0.051505
18069.39062 0.051044
18070.32031 0.050596
18071.24023 0.050171
18072.16992 0.049744
18073.09961 0.049319
18074.01953 0.048894
18074.94922 0.048467
18075.88086 0.048031
18076.80078 0.047593
18077.73047 0.047155
18078.65039 0.046718
18079.58008 0.046279
18080.50977 0.045879
18081.43945 0.04551
18082.35938 0.04514
18083.28906 0.044771
18084.22070 0.044401
18085.14062 0.044031
18086.07031 0.043657
18087.00000 0.043283
18087.92969 0.042909
18088.84961 0.042536
18089.77930 0.042161
18090.71094 0.041804
18091.63086 0.041452
18092.56055 0.0411
18093.49023 0.040748
18094.41992 0.040397
18095.33984 0.040044
18096.26953 0.039689
18097.19922 0.039334
18098.13086 0.038979
18099.05078 0.038624
18099.98047 0.038269
18100.91016 0.037946
18101.83984 0.037625
18102.76953 0.037304
18103.69922 0.036984
18104.61914 0.036663
18105.55078 0.036324
18106.48047 0.035974
18107.41016 0.035623
18108.33984 0.035273
18109.25977 0.034923
18110.18945 0.03458
18111.11914 0.034268
18112.05078 0.033955
18112.98047 0.033643
18113.91016 0.03333
18114.83984 0.033018
18115.75977 0.03272
18116.68945 0.032425
18117.61914 0.03213
18118.55078 0.031834
18119.48047 0.03154
18120.41016 0.031262
18121.33984 0.031007
18122.26953 0.030752
18123.19922 0.030497
18124.11914 0.030242
18125.05078 0.029988
18125.98047 0.029741
18126.91016 0.029496
18127.83984 0.02925
18128.76953 0.029004
18129.69922 0.028758
18130.63086 0.02849
18131.56055 0.028211
18132.49023 0.027932
18133.41992 0.027654
18134.34961 0.027376
18135.27930 0.027112
18136.21094 0.026882
18137.13086 0.026652
18138.06055 0.026423
18139.00000 0.026193
18139.92969 0.025963
18140.85938 0.025748
18141.78906 0.025534
18142.71094 0.02532
18143.64062 0.025107
18144.57031 0.024893
18145.50977 0.024674
18146.43945 0.02445
18147.36914 0.024227
18148.30078 0.024003
18149.23047 0.02378
18150.16016 0.023557
18151.08984 0.023338
18152.01953 0.023119
18152.94922 0.0229
18153.88086 0.022681
18154.81055 0.022462
18155.74023 0.022242
18156.66992 0.022021
18157.59961 0.021801
18158.52930 0.02158
18159.46094 0.02136
18160.39062 0.021162
18161.33008 0.020997
18162.25977 0.020832
18163.18945 0.020667
18164.11914 0.020501
18165.05078 0.020336
18165.98047 0.020168
18166.91016 0.02
18167.83984 0.019832
18168.77930 0.019663
18169.71094 0.019495
18170.64062 0.019322
18171.57031 0.019147
18172.50000 0.018971
18173.42969 0.018795
18174.35938 0.01862
18175.28906 0.018448
18176.23047 0.018285
18177.16016 0.018121
18178.08984 0.017958
18179.01953 0.017794
18179.96094 0.017631
18180.89062 0.017499
18181.82031 0.01737
18182.75000 0.01724
18183.67969 0.01711
18184.61914 0.01698
18185.55078 0.016838
18186.48047 0.016688
18187.41016 0.016538
18188.33984 0.016388
18189.27930 0.016237
18190.21094 0.01609
18191.14062 0.015952
18192.07031 0.015815
18193.00977 0.015677
18193.93945 0.015539
18194.86914 0.015402
18195.80078 0.015268
18196.74023 0.015135
18197.66992 0.015002
18198.59961 0.014868
18199.53906 0.014735
18200.47070 0.014608
18201.40039 0.014487
18202.33984 0.014365
18203.26953 0.014244
18204.19922 0.014123
18205.13086 0.013996
18206.07031 0.013837
18207.00000 0.013679
18207.93945 0.01352
18208.86914 0.013362
18209.80078 0.013204
18210.74023 0.013082
18211.66992 0.012971
18212.59961 0.01286
18213.53906 0.012749
18214.47070 0.012637
18215.40039 0.012535
18216.33984 0.012445
18217.26953 0.012355
18218.21094 0.012265
18219.14062 0.012175
18220.07031 0.012082
18221.00977 0.011962
18221.93945 0.011843
18222.86914 0.011723
18223.81055 0.011603
18224.74023 0.011483
18225.67969 0.011402
18226.60938 0.011336
18227.55078 0.01127
18228.48047 0.011204
18229.41992 0.011137
18230.34961 0.011051
18231.28906 0.010929
18232.22070 0.010807
18233.15039 0.010685
18234.08984 0.010564
18235.01953 0.010443
18235.96094 0.010373
18236.89062 0.010303
18237.83008 0.010233
18238.75977 0.010163
18239.69922 0.010093
18240.63086 0.01002
18241.57031 0.009945
18242.50000 0.00987
18243.43945 0.009796
18244.36914 0.009721
18245.31055 0.00964
18246.24023 0.009545
18247.17969 0.009451
18248.11914 0.009356
18249.05078 0.009262
18249.99023 0.009168
18250.91992 0.009102
18251.85938 0.009037
18252.78906 0.008972
18253.73047 0.008907
18254.66016 0.008842
18255.59961 0.00874
18256.53906 0.008618
18257.47070 0.008496
18258.41016 0.008374
18259.33984 0.008252
18260.27930 0.008155
18261.22070 0.008118
18262.15039 0.008081
18263.08984 0.008044
18264.02930 0.008006
18264.96094 0.007969
18265.90039 0.007914
18266.83008 0.007858
18267.76953 0.007803
18268.71094 0.007747
18269.64062 0.007691
18270.58008 0.007631
18271.51953 0.007569
18272.44922 0.007506
18273.39062 0.007444
18274.33008 0.007381
18275.25977 0.007323
18276.19922 0.007274
18277.14062 0.007225
18278.07031 0.007177
18279.00977 0.007128
18279.94922 0.007079
18280.88086 0.007034
18281.82031 0.006989
18282.75977 0.006943
18283.69922 0.006898
18284.63086 0.006853
18285.57031 0.006802
18286.50977 0.006748
18287.44922 0.006695
18288.38086 0.006641
18289.32031 0.006587
18290.25977 0.006532
18291.19922 0.006473
18292.13086 0.006415
18293.07031 0.006357
18294.00977 0.006299
18294.94922 0.00624
18295.88086 0.006194
18296.82031 0.006148
18297.75977 0.006103
18298.69922 0.006057
18299.64062 0.006011
18300.58008 0.005952
18301.50977 0.005885
18302.44922 0.005817
18303.39062 0.005749
18304.33008 0.005682
18305.26953 0.005618
18306.21094 0.005565
18307.14062 0.005513
18308.08008 0.00546
18309.01953 0.005407
18309.96094 0.005354
18310.90039 0.005346
18311.83984 0.005339
18312.77930 0.005333
18313.71094 0.005327
18314.65039 0.00532
18315.58984 0.005278
18316.52930 0.005214
18317.47070 0.00515
18318.41016 0.005087
18319.34961 0.005023
18320.28906 0.004971
18321.23047 0.004945
18322.16992 0.004919
18323.10938 0.004893
18324.03906 0.004867
18324.98047 0.004841
18325.91992 0.0048
18326.85938 0.004759
18327.80078 0.004718
18328.74023 0.004677
18329.67969 0.004636
18330.61914 0.004604
18331.56055 0.004575
18332.50000 0.004547
18333.43945 0.004519
18334.38086 0.004491
18335.32031 0.004454
18336.25977 0.004402
18337.19922 0.00435
18338.14062 0.004298
18339.08008 0.004246
18340.01953 0.004195
18340.96094 0.004179
18341.90039 0.004163
18342.83984 0.004147
18343.77930 0.00413
18344.72070 0.004114
18345.66016 0.004094
18346.59961 0.004072
18347.53906 0.004051
18348.48047 0.004029
18349.41992 0.004007
18350.36914 0.003985
18351.30078 0.003962
18352.25000 0.003939
18353.18945 0.003916
18354.13086 0.003894
18355.07031 0.00387
18356.00977 0.003844
18356.94922 0.003817
18357.89062 0.00379
18358.83008 0.003763
18359.76953 0.003736
18360.71094 0.003701
18361.66016 0.003664
18362.59961 0.003626
18363.53906 0.003589
18364.48047 0.003551
18365.41992 0.003517
18366.35938 0.003487
18367.30078 0.003457
18368.25000 0.003427
18369.18945 0.003398
18370.13086 0.003368
18371.07031 0.003338
18372.00977 0.003308
18372.96094 0.003279
18373.90039 0.003249
18374.83984 0.003219
18375.77930 0.003193
18376.72070 0.003168
18377.66016 0.003143
18378.60938 0.003118
18379.55078 0.003093
18380.49023 0.003077
18381.42969 0.003069
18382.38086 0.003062
18383.32031 0.003054
18384.25977 0.003046
18385.19922 0.003032
18386.14062 0.002999
18387.08984 0.002965
18388.02930 0.002931
18388.97070 0.002898
18389.91992 0.002864
18390.85938 0.002871
18391.80078 0.002881
18392.74023 0.002892
18393.68945 0.002903
18394.63086 0.002914
18395.57031 0.002887
18396.51953 0.002837
18397.46094 0.002786
18398.40039 0.002735
18399.34961 0.002685
18400.28906 0.002649
18401.23047 0.002645
18402.17969 0.002642
18403.11914 0.002638
18404.06055 0.002634
18405.00977 0.002631
18405.94922 0.002596
18406.89062 0.002562
18407.83984 0.002528
18408.77930 0.002494
18409.72070 0.002459
18410.66992 0.002438
18411.60938 0.002423
18412.55078 0.002407
18413.50000 0.002392
18414.43945 0.002376
18415.39062 0.002357
18416.33008 0.002334
18417.27930 0.002311
18418.22070 0.002288
18419.16016 0.002265
18420.10938 0.002245
18421.05078 0.002249
18422.00000 0.002252
18422.93945 0.002256
18423.88086 0.002259
18424.83008 0.002263
18425.76953 0.002254
18426.72070 0.002243
18427.66016 0.002232
18428.60938 0.00222
18429.55078 0.002209
18430.50000 0.00219
18431.43945 0.002164
18432.39062 0.002139
18433.33008 0.002113
18434.27930 0.002087
18435.22070 0.002072
18436.16992 0.002088
18437.10938 0.002105
18438.06055 0.002122
18439.00000 0.002139
18439.94922 0.002155
18440.89062 0.002174
18441.83984 0.002193
18442.77930 0.002212
18443.73047 0.00223
18444.67969 0.002249
18445.61914 0.002204
18446.57031 0.002126
18447.50977 0.002047
18448.46094 0.001969
18449.40039 0.001891
18450.34961 0.001838
18451.28906 0.00183
18452.24023 0.001821
18453.18945 0.001813
18454.13086 0.001804
18455.08008 0.001797
18456.02930 0.001796
18456.97070 0.001795
18457.91992 0.001794
18458.85938 0.001794
18459.81055 0.001793
18460.75977 0.001769
18461.69922 0.00174
18462.65039 0.00171
18463.59961 0.001681
18464.53906 0.001652
18465.49023 0.001643
18466.43945 0.001655
18467.38086 0.001666
18468.33008 0.001678
18469.27930 0.00169
18470.22070 0.001697
18471.16992 0.001689
18472.11914 0.001682
18473.06055 0.001674
18474.00977 0.001667
18474.96094 0.001659
18475.90039 0.001637
18476.84961 0.001614
18477.80078 0.001591
18478.75000 0.001568
18479.68945 0.001545
18480.64062 0.001522
18481.58984 0.0015
18482.53906 0.001477
18483.48047 0.001454
18484.42969 0.001432
18485.38086 0.001422
18486.32031 0.001432
18487.26953 0.001443
18488.22070 0.001453
18489.16992 0.001463
18490.11914 0.001468
18491.06055 0.001438
18492.00977 0.001408
18492.96094 0.001377
18493.91016 0.001347
18494.85938 0.001316
18495.80078 0.00133
18496.75000 0.001351
18497.69922 0.001372
18498.65039 0.001393
