threeML/data/optical_filters/HST/NICMOS1-F145M.ecsv
# %ECSV 0.9
# ---
# datatype:
# - {name: wavelength, unit: Angstrom, datatype: float32}
# - {name: response, datatype: float32}
# meta: !!omap
# - {band_name: F145M}
# - {group_name: NICMOS1}
wavelength response
[from data line 767]
13514.53027 0.065962
13515.00000 0.066395
13515.46973 0.066828
13515.94043 0.067262
13516.41016 0.067695
13516.87988 0.068129
13517.34961 0.068563
13517.83008 0.068997
13518.29980 0.069431
13518.76953 0.069865
13519.24023 0.070298
13519.70996 0.070733
13520.17969 0.071176
13520.65039 0.071633
13521.12988 0.07209
13521.59961 0.072547
13522.07031 0.073005
13522.54004 0.073462
13523.00977 0.073918
13523.48047 0.074376
13523.95996 0.074834
13524.42969 0.075291
13524.90039 0.075749
13525.37012 0.076224
13525.83984 0.076703
13526.30957 0.077184
13526.79004 0.077663
13527.25977 0.078143
13527.73047 0.078623
13528.20020 0.079102
13528.66992 0.079582
13529.13965 0.080062
13529.62012 0.080542
13530.08984 0.081017
13530.55957 0.081465
13531.03027 0.081913
13531.50000 0.082361
13531.98047 0.082811
13532.45020 0.083259
13532.91992 0.083707
13533.38965 0.084156
13533.86035 0.084605
13534.33984 0.085054
13534.80957 0.085502
13535.28027 0.085955
13535.75000 0.086409
13536.21973 0.086864
13536.70020 0.087318
13537.16992 0.087772
13537.63965 0.088227
13538.11035 0.088681
13538.58008 0.089137
13539.05957 0.089591
13539.53027 0.090047
13540.00000 0.090502
13540.46973 0.090945
13540.95020 0.091389
13541.41992 0.091831
13541.88965 0.092275
13542.36035 0.092718
13542.83008 0.093162
13543.30957 0.093607
13543.78027 0.09405
13544.25000 0.094494
13544.71973 0.094938
13545.20020 0.095381
13545.66992 0.09582
13546.13965 0.09626
13546.61035 0.096701
13547.08984 0.097141
13547.55957 0.097581
13548.03027 0.098021
13548.50000 0.098462
13548.98047 0.098902
13549.45020 0.099343
13549.91992 0.099783
13550.38965 0.100217
13550.87012 0.10065
13551.33984 0.101083
13551.80957 0.101515
13552.29004 0.101948
13552.75977 0.102381
13553.23047 0.102814
13553.70020 0.103247
13554.17969 0.103679
13554.65039 0.104112
13555.12012 0.104542
13555.58984 0.10496
13556.07031 0.105378
13556.54004 0.105796
13557.00977 0.106215
13557.49023 0.106634
13557.95996 0.107052
13558.42969 0.107471
13558.90039 0.107889
13559.37988 0.108308
13559.84961 0.108728
13560.32031 0.109125
13560.79004 0.109512
13561.26953 0.1099
13561.74023 0.110287
13562.20996 0.110674
13562.69043 0.111062
13563.16016 0.11145
13563.62988 0.111837
13564.11035 0.112226
13564.58008 0.112613
13565.04980 0.112994
13565.53027 0.113315
13566.00000 0.113635
13566.46973 0.113957
13566.94043 0.114277
13567.41992 0.114599
13567.88965 0.11492
13568.36035 0.115241
13568.83984 0.115562
13569.30957 0.115883
13569.78027 0.116205
13570.25977 0.116516
13570.73047 0.116819
13571.20020 0.117123
13571.67969 0.117426
13572.15039 0.11773
13572.62012 0.118033
13573.09961 0.118337
13573.57031 0.11864
13574.04004 0.118944
13574.51953 0.119248
13574.99023 0.119552
13575.45996 0.119827
13575.94043 0.1201
13576.41016 0.120375
13576.87988 0.120649
13577.36035 0.120924
13577.83008 0.121198
13578.30957 0.121473
13578.78027 0.121747
13579.25000 0.122022
13579.73047 0.122297
13580.20020 0.122567
13580.66992 0.122833
13581.15039 0.123098
13581.62012 0.123364
13582.08984 0.123629
13582.57031 0.123895
13583.04004 0.12416
13583.51953 0.124426
13583.99023 0.124691
13584.45996 0.124957
13584.94043 0.125223
13585.41016 0.12546
13585.87988 0.125693
13586.36035 0.125926
13586.83008 0.126159
13587.30957 0.126391
13587.78027 0.126625
13588.25000 0.126858
13588.73047 0.12709
13589.20020 0.127324
13589.67969 0.127557
13590.15039 0.12778
13590.62012 0.127981
13591.09961 0.128183
13591.57031 0.128384
13592.04980 0.128585
13592.51953 0.128787
13592.99023 0.128988
13593.46973 0.12919
13593.94043 0.129391
13594.41992 0.129593
13594.88965 0.129794
13595.36035 0.129967
13595.83984 0.130131
13596.30957 0.130296
13596.79004 0.13046
13597.25977 0.130624
13597.74023 0.130789
13598.20996 0.130953
13598.67969 0.131118
13599.16016 0.131282
13599.62988 0.131447
13600.11035 0.131605
13600.58008 0.131744
13601.04980 0.131883
13601.53027 0.132022
13602.00000 0.132161
13602.48047 0.1323
13602.95020 0.132439
13603.42969 0.132578
13603.90039 0.132717
13604.37988 0.132857
13604.84961 0.132996
13605.33008 0.133121
13605.79980 0.133241
13606.26953 0.13336
13606.75000 0.133479
13607.21973 0.133599
13607.70020 0.133718
13608.16992 0.133838
13608.65039 0.133957
13609.12012 0.134077
13609.59961 0.134196
13610.07031 0.134313
13610.54980 0.134412
13611.01953 0.134511
13611.50000 0.134609
13611.96973 0.134708
13612.44043 0.134807
13612.91992 0.134906
13613.38965 0.135005
13613.87012 0.135104
13614.33984 0.135203
13614.82031 0.135302
13615.29004 0.135387
13615.76953 0.135462
13616.24023 0.135538
13616.71973 0.135613
13617.19043 0.135688
13617.66992 0.135764
13618.13965 0.135839
13618.62012 0.135915
13619.08984 0.13599
13619.57031 0.136066
13620.04004 0.136141
13620.51953 0.136207
13620.99023 0.136273
13621.46973 0.136339
13621.94043 0.136405
13622.41992 0.136471
13622.88965 0.136538
13623.37012 0.136604
13623.83984 0.13667
13624.32031 0.136736
13624.79004 0.136802
13625.26953 0.136853
13625.74023 0.136892
13626.21973 0.136931
13626.69043 0.13697
13627.16992 0.137009
13627.63965 0.137048
13628.12012 0.137087
13628.59961 0.137126
13629.07031 0.137164
13629.54980 0.137204
13630.01953 0.137242
13630.50000 0.137273
13630.96973 0.137305
13631.45020 0.137336
13631.91992 0.137367
13632.40039 0.137398
13632.87012 0.13743
13633.34961 0.137461
13633.82031 0.137492
13634.29980 0.137523
13634.78027 0.137555
13635.25000 0.137579
13635.73047 0.137597
13636.20020 0.137616
13636.67969 0.137634
13637.15039 0.137652
13637.62988 0.137671
13638.09961 0.137689
13638.58008 0.137707
13639.05957 0.137725
13639.53027 0.137744
13640.00977 0.137762
13640.48047 0.137773
13640.95996 0.137783
13641.42969 0.137794
13641.91016 0.137804
13642.38965 0.137815
13642.86035 0.137825
13643.33984 0.137836
13643.80957 0.137847
13644.29004 0.137857
13644.76953 0.137868
13645.24023 0.137875
13645.71973 0.137878
13646.19043 0.137881
13646.66992 0.137885
13647.13965 0.137888
13647.62012 0.137891
13648.09961 0.137895
13648.57031 0.137898
13649.04980 0.137901
13649.53027 0.137904
13650.00000 0.137908
13650.48047 0.137914
13650.95020 0.137921
13651.42969 0.137927
13651.91016 0.137933
13652.37988 0.13794
13652.86035 0.137946
13653.33008 0.137953
13653.80957 0.137959
13654.29004 0.137966
13654.75977 0.137972
13655.24023 0.137974
13655.70996 0.13797
13656.19043 0.137966
13656.66992 0.137963
13657.13965 0.137959
13657.62012 0.137955
13658.09961 0.137952
13658.57031 0.137948
13659.04980 0.137944
13659.53027 0.13794
13660.00000 0.137937
13660.48047 0.137932
13660.95996 0.137928
13661.42969 0.137924
13661.91016 0.13792
13662.37988 0.137915
13662.86035 0.137911
13663.33984 0.137907
13663.80957 0.137903
13664.29004 0.137898
13664.76953 0.137894
13665.24023 0.13789
13665.71973 0.137886
13666.20020 0.137882
13666.66992 0.137878
13667.15039 0.137874
13667.62988 0.13787
13668.09961 0.137866
13668.58008 0.137862
13669.05957 0.137858
13669.53027 0.137854
13670.00977 0.13785
13670.49023 0.137845
13670.95996 0.137839
13671.44043 0.137834
13671.91992 0.137829
13672.38965 0.137823
13672.87012 0.137818
13673.34961 0.137813
13673.82031 0.137807
13674.29980 0.137802
13674.78027 0.137797
13675.25977 0.137789
13675.73047 0.137779
13676.20996 0.13777
13676.69043 0.13776
13677.16016 0.13775
13677.63965 0.13774
13678.12012 0.13773
13678.58984 0.13772
13679.07031 0.137711
13679.54980 0.137701
13680.03027 0.137691
13680.50000 0.137686
13680.98047 0.13768
13681.45996 0.137675
13681.92969 0.13767
13682.41016 0.137664
13682.88965 0.137659
13683.37012 0.137654
13683.83984 0.137648
13684.32031 0.137643
13684.79980 0.137637
13685.26953 0.13763
13685.75000 0.137621
13686.23047 0.137612
13686.70996 0.137603
13687.17969 0.137594
13687.66016 0.137585
13688.13965 0.137577
13688.62012 0.137568
13689.08984 0.137559
13689.57031 0.13755
13690.04980 0.137541
13690.53027 0.137533
13691.00000 0.137525
13691.48047 0.137518
13691.95996 0.13751
13692.44043 0.137502
13692.91016 0.137494
13693.38965 0.137486
13693.87012 0.137479
13694.34961 0.137471
13694.82031 0.137463
13695.29980 0.13746
13695.78027 0.137459
13696.25977 0.137457
13696.73047 0.137456
13697.20996 0.137455
13697.69043 0.137454
13698.16992 0.137453
13698.65039 0.137452
13699.12012 0.137451
13699.59961 0.13745
13700.08008 0.137449
13700.55957 0.137445
13701.03027 0.137441
13701.50977 0.137437
13701.99023 0.137434
13702.46973 0.13743
13702.95020 0.137426
13703.41992 0.137423
13703.90039 0.137419
13704.37988 0.137415
13704.86035 0.137411
13705.33984 0.137409
13705.80957 0.137407
13706.29004 0.137405
13706.76953 0.137403
13707.25000 0.137401
13707.73047 0.1374
13708.20020 0.137398
13708.67969 0.137396
13709.16016 0.137394
13709.63965 0.137392
13710.12012 0.137391
13710.58984 0.137396
13711.07031 0.1374
13711.54980 0.137404
13712.03027 0.137408
13712.50977 0.137412
13712.99023 0.137416
13713.45996 0.13742
13713.94043 0.137424
13714.41992 0.137429
13714.90039 0.137433
13715.37988 0.137434
13715.86035 0.137435
13716.33008 0.137437
13716.80957 0.137438
13717.29004 0.137439
13717.76953 0.13744
13718.25000 0.137441
13718.73047 0.137442
13719.20020 0.137443
13719.67969 0.137444
13720.16016 0.137446
13720.63965 0.137452
13721.12012 0.137457
13721.59961 0.137462
13722.08008 0.137467
13722.54980 0.137472
13723.03027 0.137478
13723.50977 0.137483
13723.99023 0.137488
13724.46973 0.137493
13724.95020 0.137499
13725.42969 0.137501
13725.90039 0.137504
13726.37988 0.137506
13726.86035 0.137508
13727.33984 0.137511
13727.82031 0.137513
13728.29980 0.137515
13728.78027 0.137517
13729.25977 0.13752
13729.73047 0.137522
13730.20996 0.137526
13730.69043 0.137533
13731.16992 0.13754
13731.65039 0.137547
13732.12988 0.137554
13732.61035 0.137561
13733.08984 0.137568
13733.57031 0.137575
13734.04004 0.137581
13734.51953 0.137588
13735.00000 0.137595
13735.48047 0.137603
13735.95996 0.137611
13736.44043 0.137618
13736.91992 0.137626
13737.40039 0.137634
13737.87988 0.137641
13738.36035 0.137649
13738.83008 0.137657
13739.30957 0.137664
13739.79004 0.137672
13740.26953 0.137681
13740.75000 0.137692
13741.23047 0.137702
13741.70996 0.137713
13742.19043 0.137723
13742.66992 0.137734
13743.15039 0.137744
13743.62988 0.137755
13744.11035 0.137765
13744.58984 0.137776
13745.07031 0.137786
13745.54004 0.137793
13746.01953 0.1378
13746.50000 0.137806
13746.98047 0.137813
13747.45996 0.13782
13747.94043 0.137827
13748.41992 0.137834
13748.90039 0.137841
13749.37988 0.137848
13749.86035 0.137855
13750.33984 0.137865
13750.82031 0.137877
13751.29980 0.137888
13751.78027 0.1379
13752.25977 0.137912
13752.74023 0.137924
13753.21973 0.137935
13753.70020 0.137947
13754.17969 0.137958
13754.66016 0.13797
13755.13965 0.137982
13755.62012 0.137995
13756.09961 0.138008
13756.58008 0.138021
13757.05957 0.138034
13757.54004 0.138047
13758.00977 0.138061
13758.50000 0.138074
13758.96973 0.138087
13759.45020 0.1381
13759.92969 0.138113
13760.41016 0.138128
13760.88965 0.138143
13761.37012 0.138158
13761.84961 0.138173
13762.33008 0.138188
13762.80957 0.138203
13763.29004 0.138218
13763.76953 0.138234
13764.25000 0.138249
13764.73047 0.138264
13765.20996 0.138278
13765.69043 0.138292
13766.16992 0.138305
13766.65039 0.138318
13767.12988 0.138332
13767.62012 0.138345
13768.08984 0.138359
13768.58008 0.138372
13769.05957 0.138386
13769.54004 0.138399
13770.01953 0.138412
13770.50000 0.138428
13770.98047 0.138444
13771.45996 0.13846
13771.94043 0.138476
13772.41992 0.138491
13772.90039 0.138507
13773.37988 0.138523
13773.86035 0.138539
13774.33984 0.138555
13774.82031 0.138571
13775.29980 0.138589
13775.78027 0.13861
13776.25977 0.13863
13776.74023 0.13865
13777.21973 0.138671
13777.70020 0.138691
13778.17969 0.138711
13778.66016 0.138732
13779.13965 0.138752
13779.62012 0.138772
13780.09961 0.138791
13780.58008 0.138804
13781.07031 0.138818
13781.54980 0.13883
13782.03027 0.138844
13782.50977 0.138857
13782.99023 0.13887
13783.46973 0.138883
13783.95020 0.138896
13784.42969 0.138909
13784.91016 0.138922
13785.38965 0.138938
13785.87012 0.138955
13786.34961 0.138972
13786.83008 0.138989
13787.32031 0.139005
13787.79980 0.139022
13788.28027 0.139039
13788.75977 0.139056
13789.24023 0.139072
13789.71973 0.139089
13790.20020 0.139107
13790.67969 0.139127
13791.16016 0.139147
13791.63965 0.139167
13792.12988 0.139186
13792.61035 0.139206
13793.08984 0.139226
13793.57031 0.139246
13794.04980 0.139266
13794.53027 0.139286
13795.00977 0.139305
13795.49023 0.139327
13795.96973 0.139349
13796.45020 0.13937
13796.94043 0.139392
13797.41992 0.139413
13797.90039 0.139435
13798.37988 0.139457
13798.86035 0.139478
13799.33984 0.1395
13799.82031 0.139522
13800.29980 0.139538
13800.79004 0.139552
13801.26953 0.139566
13801.75000 0.139579
13802.23047 0.139593
13802.70996 0.139607
13803.19043 0.13962
13803.66992 0.139634
13804.16016 0.139648
13804.63965 0.139661
13805.12012 0.139676
13805.59961 0.139696
13806.08008 0.139715
13806.55957 0.139734
13807.04004 0.139754
13807.53027 0.139773
13808.00977 0.139792
13808.49023 0.139812
13808.96973 0.139831
13809.45020 0.13985
13809.92969 0.13987
13810.41992 0.139889
13810.90039 0.139908
13811.37988 0.139927
13811.86035 0.139946
13812.33984 0.139965
13812.82031 0.139985
13813.30957 0.140004
13813.79004 0.140023
13814.26953 0.140042
13814.75000 0.140061
13815.23047 0.14008
13815.70996 0.1401
13816.20020 0.14012
13816.67969 0.14014
13817.16016 0.14016
13817.63965 0.14018
13818.12012 0.1402
13818.61035 0.14022
13819.08984 0.14024
13819.57031 0.14026
13820.04980 0.140279
13820.53027 0.14029
13821.01953 0.1403
13821.50000 0.140311
13821.98047 0.140322
13822.45996 0.140333
13822.94043 0.140344
13823.42969 0.140355
13823.91016 0.140366
13824.38965 0.140376
13824.87012 0.140387
13825.34961 0.140406
13825.83984 0.140427
13826.32031 0.140449
13826.79980 0.14047
13827.28027 0.140491
13827.76953 0.140513
13828.25000 0.140534
13828.73047 0.140556
13829.20996 0.140577
13829.70020 0.140599
13830.17969 0.140615
13830.66016 0.140623
13831.13965 0.14063
13831.62012 0.140638
13832.11035 0.140646
13832.58984 0.140654
13833.07031 0.140661
13833.54980 0.140669
13834.04004 0.140677
13834.51953 0.140684
13835.00000 0.140692
13835.48047 0.140702
13835.96973 0.140712
13836.45020 0.140722
13836.92969 0.140732
13837.41016 0.140742
13837.90039 0.140753
13838.37988 0.140763
13838.86035 0.140772
13839.33984 0.140783
13839.83008 0.140792
13840.30957 0.140806
13840.79004 0.140821
13841.28027 0.140836
13841.75977 0.140851
13842.24023 0.140866
13842.71973 0.14088
13843.20996 0.140895
13843.69043 0.14091
13844.16992 0.140925
13844.66016 0.14094
13845.13965 0.140955
13845.62012 0.140969
13846.09961 0.140983
13846.58984 0.140997
13847.07031 0.141011
13847.54980 0.141025
13848.04004 0.14104
13848.51953 0.141054
13849.00000 0.141068
13849.48047 0.141082
13849.96973 0.141096
13850.45020 0.141107
13850.92969 0.141117
13851.41992 0.141128
13851.90039 0.141139
13852.37988 0.141149
13852.87012 0.14116
13853.34961 0.141171
13853.83008 0.141181
13854.32031 0.141192
13854.79980 0.141202
13855.28027 0.141211
13855.75977 0.141218
13856.25000 0.141226
13856.73047 0.141233
13857.20996 0.14124
13857.70020 0.141248
13858.17969 0.141255
13858.66992 0.141262
13859.15039 0.14127
13859.62988 0.141277
13860.11035 0.141285
13860.59961 0.141295
13861.08008 0.141305
13861.55957 0.141315
13862.04980 0.141325
13862.53027 0.141336
13863.01953 0.141346
13863.50000 0.141356
13863.98047 0.141366
13864.46973 0.141376
13864.95020 0.141386
13865.42969 0.141395
13865.91992 0.141404
13866.40039 0.141412
13866.87988 0.141421
13867.37012 0.14143
13867.84961 0.141438
13868.33008 0.141447
13868.82031 0.141456
13869.29980 0.141464
13869.79004 0.141473
13870.26953 0.141478
13870.75000 0.141481
13871.24023 0.141484
13871.71973 0.141487
13872.20020 0.14149
13872.69043 0.141493
13873.16992 0.141496
13873.66016 0.1415
13874.13965 0.141503
13874.62012 0.141506
13875.11035 0.141509
13875.58984 0.141513
13876.08008 0.141517
13876.55957 0.141521
13877.04004 0.141525
13877.53027 0.14153
13878.00977 0.141534
13878.50000 0.141538
13878.98047 0.141542
13879.45996 0.141546
13879.95020 0.14155
