threeML/data/optical_filters/HST/NICMOS1-POL0S.ecsv
# %ECSV 0.9
# ---
# datatype:
# - {name: wavelength, unit: Angstrom, datatype: float32}
# - {name: response, datatype: float32}
# meta: !!omap
# - {band_name: POL0S}
# - {group_name: NICMOS1}
wavelength response
[from data line 3218]
9908.07812 0.042971
9908.76465 0.042982
9909.45215 0.042993
9910.13867 0.043004
9910.82617 0.043013
9911.51270 0.043022
9912.20020 0.04303
9912.88770 0.043039
9913.57422 0.043048
9914.26172 0.043057
9914.94922 0.043066
9915.63672 0.043067
9916.32324 0.043069
9917.01074 0.04307
9917.69824 0.043071
9918.38574 0.043073
9919.07422 0.043074
9919.76172 0.043075
9920.44922 0.043076
9921.13672 0.043076
9921.82422 0.043077
9922.51270 0.043077
9923.20020 0.043078
9923.88770 0.043078
9924.57617 0.043079
9925.26367 0.043078
9925.95215 0.043076
9926.64062 0.043074
9927.32812 0.043072
9928.01660 0.04307
9928.70508 0.043068
9929.39355 0.043066
9930.08203 0.043063
9930.76953 0.043059
9931.45801 0.043055
9932.14648 0.04305
9932.83496 0.043046
9933.52441 0.043041
9934.21289 0.043037
9934.90137 0.043032
9935.58984 0.04303
9936.27930 0.043028
9936.96777 0.043026
9937.65625 0.043024
9938.34570 0.043022
9939.03418 0.04302
9939.72363 0.043018
9940.41211 0.043014
9941.10156 0.043009
9941.79102 0.043004
9942.47852 0.042999
9943.16895 0.042994
9943.85840 0.042989
9944.54785 0.042984
9945.23730 0.042981
9945.92676 0.042981
9946.61621 0.042981
9947.30566 0.042981
9947.99512 0.042981
9948.68457 0.042981
9949.37500 0.042981
9950.06445 0.042981
9950.75391 0.042985
9951.44434 0.042989
9952.13379 0.042994
9952.82422 0.042998
9953.51367 0.043002
9954.20410 0.043006
9954.89355 0.04301
9955.58398 0.043015
9956.27441 0.04302
9956.96387 0.043025
9957.65430 0.04303
9958.34473 0.043035
9959.03516 0.043041
9959.72559 0.043046
9960.41602 0.043052
9961.10645 0.043058
9961.79688 0.043065
9962.48730 0.043072
9963.17871 0.043078
9963.86914 0.043085
9964.55957 0.043092
9965.25098 0.0431
9965.94141 0.04311
9966.63184 0.04312
9967.32324 0.04313
9968.01465 0.04314
9968.70508 0.04315
9969.39648 0.04316
9970.08789 0.04317
9970.77832 0.043185
9971.46973 0.043199
9972.16113 0.043214
9972.85254 0.043228
9973.54395 0.043243
9974.23535 0.043257
9974.92676 0.043272
9975.61816 0.043288
9976.30957 0.043304
9977.00098 0.04332
9977.69336 0.043336
9978.38477 0.043352
9979.07617 0.043368
9979.76855 0.043384
9980.45996 0.0434
9981.15137 0.043416
9981.84375 0.043431
9982.53613 0.043447
9983.22754 0.043463
9983.91992 0.043479
9984.61230 0.043495
9985.30371 0.043511
9985.99609 0.043528
9986.68848 0.043545
9987.38086 0.043562
9988.07324 0.043579
9988.76562 0.043596
9989.45801 0.043613
9990.15039 0.043629
9990.84375 0.043643
9991.53613 0.043657
9992.22852 0.043671
9992.92090 0.043684
9993.61426 0.043698
9994.30664 0.043712
9995.00000 0.043726
9995.69238 0.043742
9996.38574 0.043759
9997.07812 0.043776
9997.77148 0.043793
9998.46484 0.04381
9999.15820 0.043827
9999.85059 0.043843
10000.54004 0.043857
10001.24023 0.043869
10001.92969 0.043881
10002.62012 0.043893
10003.32031 0.043906
10004.00977 0.043918
10004.70020 0.04393
10005.40039 0.043943
10006.08984 0.043956
10006.79004 0.043968
10007.48047 0.043981
10008.16992 0.043994
10008.87012 0.044006
10009.55957 0.044019
10010.25000 0.04403
10010.95020 0.044037
10011.63965 0.044044
10012.33984 0.044051
10013.03027 0.044058
10013.71973 0.044065
10014.41992 0.044073
10015.11035 0.04408
10015.80957 0.044087
10016.50000 0.044094
10017.20020 0.044101
10017.88965 0.044108
10018.58008 0.044115
10019.28027 0.044122
10019.96973 0.04413
10020.66992 0.044134
10021.36035 0.044138
10022.05957 0.044143
10022.75000 0.044147
10023.45020 0.044151
10024.13965 0.044155
10024.83984 0.04416
10025.53027 0.044164
10026.23047 0.044169
10026.91992 0.044174
10027.62012 0.044179
10028.30957 0.044184
10029.00977 0.044188
10029.70020 0.044193
10030.40039 0.044197
10031.08984 0.044199
10031.79004 0.044202
10032.48047 0.044204
10033.17969 0.044207
10033.87988 0.044209
10034.57031 0.044212
10035.26953 0.044214
10035.95996 0.044216
10036.66016 0.044218
10037.34961 0.04422
10038.04980 0.044221
10038.75000 0.044223
10039.44043 0.044225
10040.13965 0.044229
10040.83008 0.044238
10041.53027 0.044248
10042.23047 0.044258
10042.91992 0.044267
10043.62012 0.044277
10044.30957 0.044286
10045.00977 0.044296
10045.70996 0.044305
10046.40039 0.044314
10047.09961 0.044322
10047.79980 0.044331
10048.49023 0.04434
10049.19043 0.044349
10049.88965 0.044357
10050.58008 0.04437
10051.28027 0.044384
10051.98047 0.044398
10052.66992 0.044412
10053.37012 0.044426
10054.07031 0.04444
10054.75977 0.044453
10055.45996 0.044472
10056.16016 0.044492
10056.86035 0.044512
10057.54980 0.044532
10058.25000 0.044552
10058.95020 0.044573
10059.63965 0.044593
10060.33984 0.044616
10061.04004 0.044642
10061.74023 0.044667
10062.42969 0.044693
10063.12988 0.044719
10063.83008 0.044745
10064.53027 0.044771
10065.21973 0.044798
10065.91992 0.044828
10066.62012 0.044858
10067.32031 0.044888
10068.01953 0.044918
10068.70996 0.044949
10069.41016 0.044979
10070.11035 0.04501
10070.80957 0.045047
10071.50977 0.045084
10072.20996 0.045121
10072.90039 0.045157
10073.59961 0.045194
10074.29980 0.045231
10075.00000 0.045268
10075.70020 0.045305
10076.40039 0.045342
10077.08984 0.04538
10077.79004 0.045417
10078.49023 0.045454
10079.19043 0.045491
10079.88965 0.045528
10080.58984 0.045574
10081.29004 0.045621
10081.98047 0.045668
10082.67969 0.045715
10083.37988 0.045762
10084.08008 0.045809
10084.78027 0.045856
10085.48047 0.045903
10086.17969 0.045949
10086.87988 0.045996
10087.58008 0.046042
10088.28027 0.046089
10088.98047 0.046135
10089.67969 0.046182
10090.37988 0.046229
10091.07031 0.046277
10091.76953 0.046325
10092.46973 0.046373
10093.16992 0.046422
10093.87012 0.04647
10094.57031 0.046518
10095.26953 0.046566
10095.96973 0.046614
10096.66992 0.046662
10097.37012 0.04671
10098.07031 0.046758
10098.76953 0.046806
10099.46973 0.046854
10100.16992 0.046902
10100.87012 0.046948
10101.57031 0.046994
10102.26953 0.04704
10102.96973 0.047087
10103.66992 0.047133
10104.37012 0.047179
10105.08008 0.047225
10105.78027 0.047264
10106.48047 0.047303
10107.17969 0.047341
10107.87988 0.04738
10108.58008 0.047419
10109.28027 0.047458
10109.98047 0.047497
10110.67969 0.047536
10111.37988 0.047575
10112.08008 0.047614
10112.78027 0.047653
10113.48047 0.047692
10114.19043 0.047731
10114.88965 0.04777
10115.58984 0.047803
10116.29004 0.047836
10116.99023 0.047868
10117.69043 0.0479
10118.38965 0.047933
10119.08984 0.047965
10119.79980 0.047997
10120.50000 0.048024
10121.20020 0.048048
10121.90039 0.048073
10122.59961 0.048097
10123.29980 0.048121
10124.00977 0.048146
10124.70996 0.04817
10125.41016 0.048193
10126.11035 0.048215
10126.80957 0.048237
10127.51953 0.048259
10128.21973 0.048281
10128.91992 0.048302
10129.62012 0.048324
10130.32031 0.048343
10131.03027 0.048357
10131.73047 0.048372
10132.42969 0.048387
10133.12988 0.048401
10133.83984 0.048416
10134.54004 0.04843
10135.24023 0.048442
10135.94043 0.048448
10136.65039 0.048454
10137.34961 0.04846
10138.04980 0.048466
10138.75000 0.048472
10139.45996 0.048478
10140.16016 0.048484
10140.86035 0.048494
10141.57031 0.048503
10142.26953 0.048512
10142.96973 0.048522
10143.67969 0.048531
10144.37988 0.04854
10145.08008 0.048549
10145.79004 0.048551
10146.49023 0.048553
10147.19043 0.048555
10147.90039 0.048557
10148.59961 0.048559
10149.29980 0.048561
10150.00977 0.048563
10150.70996 0.048566
10151.41016 0.048569
10152.12012 0.048572
10152.82031 0.048575
10153.53027 0.048578
10154.23047 0.048581
10154.92969 0.048583
10155.63965 0.048589
10156.33984 0.048595
10157.04004 0.048601
10157.75000 0.048606
10158.45020 0.048612
10159.16016 0.048618
10159.86035 0.048624
10160.57031 0.04863
10161.26953 0.048636
10161.96973 0.048641
10162.67969 0.048647
10163.37988 0.048653
10164.08984 0.048659
10164.79004 0.048664
10165.50000 0.04867
10166.20020 0.048676
10166.91016 0.048682
10167.61035 0.048688
10168.32031 0.048693
10169.01953 0.048699
10169.73047 0.048705
10170.42969 0.048715
10171.13965 0.048727
10171.83984 0.04874
10172.54980 0.048752
10173.25000 0.048765
10173.95996 0.048777
10174.66016 0.04879
10175.37012 0.048805
10176.07031 0.048823
10176.78027 0.04884
10177.48047 0.048858
10178.19043 0.048875
10178.90039 0.048893
10179.59961 0.04891
10180.30957 0.048932
10181.00977 0.048959
10181.71973 0.048986
10182.41992 0.049013
10183.12988 0.049039
10183.83984 0.049066
10184.54004 0.049093
10185.25000 0.049123
10185.95020 0.049156
10186.66016 0.04919
10187.37012 0.049224
10188.07031 0.049257
10188.78027 0.049291
10189.49023 0.049325
10190.19043 0.049358
10190.90039 0.049392
10191.59961 0.049426
10192.30957 0.049459
10193.01953 0.049493
10193.71973 0.049527
10194.42969 0.04956
10195.13965 0.049595
10195.83984 0.049635
10196.54980 0.049675
10197.25977 0.049714
10197.95996 0.049754
10198.66992 0.049794
10199.37988 0.049834
10200.08984 0.049874
10200.79004 0.049919
10201.50000 0.049964
10202.20996 0.050009
10202.91992 0.050054
10203.62012 0.050099
10204.33008 0.050145
10205.04004 0.05019
10205.74023 0.050234
10206.45020 0.050279
10207.16016 0.050323
10207.87012 0.050368
10208.58008 0.050412
10209.28027 0.050457
10209.99023 0.050501
10210.70020 0.050546
10211.41016 0.050591
10212.11035 0.050636
10212.82031 0.05068
10213.53027 0.050725
10214.24023 0.05077
10214.95020 0.050815
10215.65039 0.050861
10216.36035 0.050906
10217.07031 0.050952
10217.78027 0.050998
10218.49023 0.051043
10219.20020 0.051089
10219.90039 0.051135
10220.61035 0.051175
10221.32031 0.051215
10222.03027 0.051254
10222.74023 0.051294
10223.45020 0.051333
10224.16016 0.051373
10224.86035 0.051413
10225.57031 0.051449
10226.28027 0.051485
10226.99023 0.051521
10227.70020 0.051557
10228.41016 0.051592
10229.12012 0.051628
10229.83008 0.051664
10230.54004 0.051692
10231.25000 0.051717
10231.95996 0.051742
10232.66016 0.051767
10233.37012 0.051792
10234.08008 0.051817
10234.79004 0.051842
10235.50000 0.051866
10236.20996 0.051888
10236.91992 0.05191
10237.62988 0.051932
10238.33984 0.051955
10239.04980 0.051977
10239.75977 0.051999
10240.46973 0.052018
10241.17969 0.052036
10241.88965 0.052053
10242.59961 0.05207
10243.30957 0.052088
10244.01953 0.052105
10244.73047 0.052122
10245.44043 0.052134
10246.15039 0.052141
10246.86035 0.052149
10247.57031 0.052157
10248.28027 0.052164
10248.99023 0.052172
10249.70020 0.052179
10250.41016 0.052183
10251.12012 0.052185
10251.83008 0.052186
10252.54004 0.052188
10253.25977 0.052189
10253.96973 0.05219
10254.67969 0.052192
10255.38965 0.052192
10256.09961 0.052192
10256.80957 0.052192
10257.51953 0.052191
10258.23047 0.052191
10258.94043 0.05219
10259.66016 0.05219
10260.37012 0.052185
10261.08008 0.052175
10261.79004 0.052166
10262.50000 0.052156
10263.20996 0.052146
10263.91992 0.052137
10264.62988 0.052127
10265.34961 0.052118
10266.05957 0.052109
10266.76953 0.052101
10267.48047 0.052092
10268.19043 0.052083
10268.91016 0.052075
10269.62012 0.052066
10270.33008 0.052056
10271.04004 0.052046
10271.75000 0.052036
10272.45996 0.052026
10273.17969 0.052016
10273.88965 0.052006
10274.59961 0.051996
10275.30957 0.051985
10276.03027 0.051972
10276.74023 0.05196
10277.45020 0.051947
10278.16016 0.051935
10278.87988 0.051923
10279.58984 0.05191
10280.29980 0.051897
10281.00977 0.051883
10281.73047 0.051869
10282.44043 0.051855
10283.15039 0.051841
10283.87012 0.051827
10284.58008 0.051813
10285.29004 0.051802
10286.00000 0.051793
10286.71973 0.051784
10287.42969 0.051776
10288.13965 0.051767
10288.86035 0.051759
10289.57031 0.05175
10290.28027 0.051742
10291.00000 0.051734
10291.70996 0.051726
10292.41992 0.051718
10293.13965 0.051711
10293.84961 0.051703
10294.55957 0.051695
10295.28027 0.051687
10295.99023 0.051676
10296.70996 0.051666
10297.41992 0.051656
10298.12988 0.051646
10298.84961 0.051636
10299.55957 0.051626
10300.26953 0.051617
10300.99023 0.051611
10301.70020 0.051605
10302.41992 0.051599
10303.12988 0.051592
10303.84961 0.051586
10304.55957 0.05158
10305.26953 0.051573
10305.99023 0.051567
10306.70020 0.05156
10307.41992 0.051553
10308.12988 0.051547
10308.84961 0.05154
10309.55957 0.051533
10310.28027 0.051524
10310.99023 0.05151
10311.70996 0.051495
10312.41992 0.051481
10313.12988 0.051467
10313.84961 0.051453
10314.57031 0.051438
10315.28027 0.051426
10316.00000 0.051416
10316.70996 0.051407
10317.42969 0.051397
10318.13965 0.051387
10318.86035 0.051378
10319.57031 0.051368
10320.29004 0.051354
10321.00000 0.051333
10321.71973 0.051312
10322.42969 0.051291
10323.15039 0.05127
10323.86035 0.051249
10324.58008 0.051227
10325.29980 0.051208
10326.00977 0.05119
10326.73047 0.051172
10327.44043 0.051155
10328.16016 0.051137
10328.87988 0.051119
10329.58984 0.051101
10330.30957 0.05108
10331.01953 0.051056
10331.74023 0.051031
10332.45996 0.051006
10333.16992 0.050981
10333.88965 0.050956
10334.61035 0.050932
10335.32031 0.050905
10336.04004 0.050875
10336.75000 0.050846
10337.46973 0.050816
10338.19043 0.050786
10338.90039 0.050757
10339.62012 0.050727
10340.33984 0.050694
10341.04980 0.050656
10341.76953 0.050618
10342.49023 0.05058
10343.20996 0.050542
10343.91992 0.050504
10344.63965 0.050466
10345.36035 0.050423
10346.07031 0.050377
10346.79004 0.05033
10347.50977 0.050283
10348.23047 0.050236
10348.94043 0.05019
10349.66016 0.050143
10350.37988 0.050095
10351.09961 0.050046
10351.80957 0.049997
10352.53027 0.049948
10353.25000 0.049899
10353.96973 0.04985
10354.67969 0.049801
10355.40039 0.04975
10356.12012 0.049697
10356.83984 0.049644
10357.55957 0.049591
10358.26953 0.049538
10358.99023 0.049485
10359.70996 0.049432
10360.42969 0.049381
10361.15039 0.049332
10361.86035 0.049283
10362.58008 0.049233
10363.29980 0.049184
10364.01953 0.049135
10364.74023 0.049085
10365.45996 0.049032
10366.17969 0.048976
10366.88965 0.04892
10367.61035 0.048864
10368.33008 0.048808
10369.04980 0.048752
10369.76953 0.048696
10370.49023 0.048639
10371.20996 0.048582
10371.92969 0.048525
10372.63965 0.048468
10373.36035 0.048411
10374.08008 0.048354
10374.79980 0.048297
10375.51953 0.048242
10376.24023 0.048188
10376.95996 0.048133
10377.67969 0.048079
10378.40039 0.048025
10379.12012 0.047971
10379.83984 0.047916
10380.55957 0.047863
10381.28027 0.047809
10382.00000 0.047756
10382.71973 0.047702
10383.44043 0.047648
10384.16016 0.047595
10384.87988 0.047541
10385.59961 0.047497
10386.32031 0.047455
10387.04004 0.047412
10387.75977 0.04737
10388.48047 0.047328
10389.20020 0.047285
10389.91992 0.047243
10390.63965 0.047204
10391.36035 0.047166
10392.08008 0.047128
10392.79980 0.047089
10393.51953 0.047051
10394.24023 0.047012
10394.95996 0.046974
10395.67969 0.046944
10396.40039 0.046915
10397.12012 0.046885
10397.83984 0.046856
10398.55957 0.046827
10399.28027 0.046797
10400.00000 0.046768
10400.73047 0.046743
10401.45020 0.046717
10402.16992 0.046692
10402.88965 0.046666
10403.61035 0.046641
10404.33008 0.046616
10405.04980 0.04659
10405.76953 0.046569
10406.50000 0.046547
10407.21973 0.046525
10407.94043 0.046504
10408.66016 0.046482
10409.37988 0.046461
10410.09961 0.04644
10410.82031 0.046425
10411.54980 0.046411
10412.26953 0.046396
10412.99023 0.046381
10413.70996 0.046367
10414.42969 0.046352
10415.16016 0.04634
10415.87988 0.046335
10416.59961 0.046329
10417.32031 0.046324
10418.04004 0.046319
10418.76953 0.046314
10419.49023 0.046308
10420.20996 0.046304
10420.92969 0.0463
10421.66016 0.046297
10422.37988 0.046293
10423.09961 0.04629
10423.82031 0.046286
10424.54980 0.046283
10425.26953 0.04628
10425.99023 0.046279
10426.70996 0.046278
10427.44043 0.046277
10428.16016 0.046276
10428.87988 0.046275
10429.61035 0.046274
10430.33008 0.046274
10431.04980 0.046274
10431.76953 0.046275
10432.50000 0.046275
10433.21973 0.046276
10433.94043 0.046276
10434.66992 0.046277
10435.38965 0.046279
10436.11035 0.046281
10436.83984 0.046284
10437.55957 0.046287
10438.29004 0.04629
10439.00977 0.046292
10439.73047 0.046295
10440.45996 0.046296
10441.17969 0.046296
10441.90039 0.046296
10442.62988 0.046296
10443.34961 0.046296
10444.08008 0.046296
10444.79980 0.046296
10445.51953 0.046291
10446.25000 0.046285
10446.96973 0.046278
10447.70020 0.046271
10448.41992 0.046265
10449.13965 0.046258
10449.87012 0.046252
10450.58984 0.046243
10451.32031 0.046235
