threeML/data/optical_filters/HST/NICMOS1-F110W.ecsv
# %ECSV 0.9
# ---
# datatype:
# - {name: wavelength, unit: Angstrom, datatype: float32}
# - {name: response, datatype: float32}
# meta: !!omap
# - {band_name: F110W}
# - {group_name: NICMOS1}
wavelength response
[from data line 3211]
10122.16992 0.107373
10123.00977 0.107387
10123.84961 0.107401
10124.69043 0.107416
10125.51953 0.107426
10126.36035 0.107434
10127.20020 0.107443
10128.03027 0.107451
10128.87012 0.107459
10129.70996 0.107467
10130.54980 0.107473
10131.37988 0.107478
10132.21973 0.107483
10133.05957 0.107488
10133.90039 0.107493
10134.74023 0.107498
10135.57031 0.107504
10136.41016 0.10751
10137.25000 0.107516
10138.08984 0.107523
10138.92969 0.107529
10139.75977 0.107535
10140.59961 0.107533
10141.44043 0.107527
10142.28027 0.107521
10143.12012 0.107516
10143.95996 0.10751
10144.79004 0.107505
10145.62988 0.107481
10146.46973 0.107452
10147.30957 0.107423
10148.15039 0.107393
10148.99023 0.107364
10149.83008 0.107335
10150.66992 0.107297
10151.50977 0.107258
10152.34961 0.107218
10153.19043 0.107179
10154.03027 0.10714
10154.86035 0.1071
10155.70020 0.107034
10156.54004 0.106962
10157.37988 0.10689
10158.21973 0.106819
10159.05957 0.106747
10159.90039 0.106676
10160.74023 0.106591
10161.58008 0.106505
10162.41992 0.106418
10163.25977 0.106332
10164.09961 0.106245
10164.94043 0.106159
10165.79004 0.106062
10166.62988 0.105965
10167.46973 0.105867
10168.30957 0.10577
10169.15039 0.105672
10169.99023 0.105574
10170.83008 0.105466
10171.66992 0.105358
10172.50977 0.10525
10173.34961 0.105141
10174.19043 0.105033
10175.03027 0.104924
10175.87988 0.104796
10176.71973 0.104668
10177.55957 0.104541
10178.40039 0.104413
10179.24023 0.104285
10180.08008 0.104157
10180.91992 0.104028
10181.76953 0.103898
10182.61035 0.103769
10183.45020 0.103639
10184.29004 0.103509
10185.12988 0.103377
10185.98047 0.103227
10186.82031 0.103078
10187.66016 0.102929
10188.50000 0.102779
10189.34961 0.10263
10190.19043 0.102484
10191.03027 0.102348
10191.87012 0.102212
10192.71973 0.102077
10193.55957 0.101941
10194.40039 0.101805
10195.24023 0.101674
10196.08984 0.101554
10196.92969 0.101434
10197.76953 0.101314
10198.62012 0.101193
10199.45996 0.101073
10200.29980 0.100957
10201.15039 0.100849
10201.99023 0.100741
10202.83008 0.100633
10203.67969 0.100525
10204.51953 0.100416
10205.36035 0.100316
10206.20996 0.100226
10207.04980 0.100135
10207.90039 0.100045
10208.74023 0.099955
10209.58008 0.099865
10210.42969 0.099787
10211.26953 0.099721
10212.12012 0.099655
10212.95996 0.09959
10213.79980 0.099524
10214.65039 0.099458
10215.49023 0.099398
10216.33984 0.099343
10217.17969 0.099287
10218.03027 0.099231
10218.87012 0.099175
10219.71973 0.099119
10220.55957 0.099082
10221.41016 0.099054
10222.25000 0.099026
10223.09961 0.098997
10223.94043 0.098969
10224.79004 0.098941
10225.62988 0.098931
10226.48047 0.098926
10227.32031 0.098922
10228.16992 0.098917
10229.01953 0.098912
10229.86035 0.098908
10230.70996 0.098921
10231.54980 0.098938
10232.40039 0.098955
10233.25000 0.098971
10234.08984 0.098988
10234.94043 0.099005
10235.78027 0.099047
10236.62988 0.099091
10237.48047 0.099135
10238.32031 0.099179
10239.16992 0.099223
10240.01953 0.099267
10240.86035 0.099308
10241.70996 0.09935
10242.55957 0.099391
10243.40039 0.099433
10244.25000 0.099474
10245.09961 0.099519
10245.94043 0.09959
10246.79004 0.09966
10247.63965 0.099731
10248.49023 0.099802
10249.33008 0.099872
10250.17969 0.099943
10251.03027 0.100016
10251.87012 0.100088
10252.71973 0.10016
10253.57031 0.100232
10254.41992 0.100305
10255.26953 0.100379
10256.11035 0.100457
10256.95996 0.100535
10257.80957 0.100614
10258.66016 0.100692
10259.50977 0.100771
10260.34961 0.100846
10261.20020 0.100916
10262.04980 0.100985
10262.90039 0.101055
10263.75000 0.101125
10264.59961 0.101195
10265.45020 0.101272
10266.29004 0.101356
10267.13965 0.101439
10267.99023 0.101523
10268.83984 0.101607
10269.69043 0.10169
10270.54004 0.101752
10271.38965 0.101801
10272.24023 0.101849
10273.08984 0.101898
10273.94043 0.101947
10274.79004 0.101996
10275.62988 0.102047
10276.48047 0.102099
10277.33008 0.102151
10278.17969 0.102203
10279.03027 0.102255
10279.87988 0.102307
10280.73047 0.102352
10281.58008 0.102396
10282.42969 0.10244
10283.28027 0.102484
10284.12988 0.102528
10284.98047 0.102572
10285.83008 0.102601
10286.69043 0.10263
10287.54004 0.102658
10288.38965 0.102687
10289.24023 0.102715
10290.08984 0.102743
10290.94043 0.102766
10291.79004 0.102788
10292.63965 0.10281
10293.49023 0.102833
10294.33984 0.102856
10295.19043 0.102875
10296.04004 0.102885
10296.90039 0.102894
10297.75000 0.102904
10298.59961 0.102914
10299.45020 0.102923
10300.29980 0.102931
10301.15039 0.102938
10302.00000 0.102944
10302.86035 0.10295
10303.70996 0.102956
10304.55957 0.102962
10305.41016 0.102967
10306.25977 0.102971
10307.12012 0.102974
10307.96973 0.102978
10308.82031 0.102982
10309.66992 0.102985
10310.53027 0.102984
10311.37988 0.102981
10312.23047 0.102977
10313.08008 0.102973
10313.94043 0.102969
10314.79004 0.102965
10315.63965 0.102971
10316.49023 0.102982
10317.34961 0.102992
10318.20020 0.103002
10319.04980 0.103012
10319.91016 0.103022
10320.75977 0.103037
10321.61035 0.103053
10322.46973 0.10307
10323.32031 0.103086
10324.16992 0.103102
10325.03027 0.103118
10325.87988 0.103139
10326.73047 0.103159
10327.58984 0.10318
10328.44043 0.1032
10329.29980 0.103221
10330.15039 0.103245
10331.00000 0.103285
10331.86035 0.103325
10332.70996 0.103365
10333.57031 0.103405
10334.41992 0.103445
10335.28027 0.103488
10336.12988 0.103538
10336.99023 0.103587
10337.83984 0.103637
10338.69043 0.103687
10339.54980 0.103736
10340.40039 0.10379
10341.25977 0.103848
10342.11035 0.103906
10342.96973 0.103964
10343.82031 0.104023
10344.67969 0.104081
10345.54004 0.104156
10346.38965 0.104241
10347.25000 0.104326
10348.09961 0.104412
10348.95996 0.104497
10349.80957 0.104582
10350.66992 0.104666
10351.51953 0.104749
10352.37988 0.104832
10353.24023 0.104915
10354.08984 0.104998
10354.95020 0.105082
10355.79980 0.105168
10356.66016 0.105254
10357.51953 0.105341
10358.37012 0.105427
10359.23047 0.105514
10360.08984 0.105603
10360.94043 0.105714
10361.79980 0.105825
10362.66016 0.105936
10363.50977 0.106047
10364.37012 0.106158
10365.23047 0.106265
10366.08008 0.106361
10366.94043 0.106457
10367.79980 0.106553
10368.65039 0.106649
10369.50977 0.106745
10370.37012 0.106845
10371.23047 0.106951
10372.08008 0.107057
10372.94043 0.107162
10373.79980 0.107268
10374.66016 0.107374
10375.50977 0.107481
10376.37012 0.107589
10377.23047 0.107696
10378.08984 0.107804
10378.95020 0.107912
10379.79980 0.10802
10380.66016 0.108124
10381.51953 0.108228
10382.37988 0.108331
10383.24023 0.108435
10384.09961 0.108538
10384.95996 0.108642
10385.80957 0.108737
10386.66992 0.108832
10387.53027 0.108927
10388.38965 0.109022
10389.25000 0.109117
10390.11035 0.10921
10390.96973 0.109292
10391.83008 0.109373
10392.67969 0.109455
10393.54004 0.109537
10394.40039 0.109619
10395.25977 0.109696
10396.12012 0.109765
10396.98047 0.109833
10397.83984 0.109902
10398.70020 0.10997
10399.55957 0.110039
10400.41992 0.110115
10401.28027 0.1102
10402.13965 0.110284
10403.00000 0.110369
10403.86035 0.110454
10404.71973 0.110538
10405.58008 0.110606
10406.44043 0.110664
10407.29980 0.110723
10408.16016 0.110782
10409.01953 0.110841
10409.87988 0.1109
10410.74023 0.110965
10411.61035 0.111032
10412.46973 0.111099
10413.33008 0.111166
10414.19043 0.111233
10415.04980 0.1113
10415.91016 0.111381
10416.76953 0.111461
10417.62988 0.111542
10418.49023 0.111622
10419.36035 0.111702
10420.21973 0.11178
10421.08008 0.111849
10421.94043 0.111918
10422.79980 0.111988
10423.66016 0.112057
10424.53027 0.112126
10425.38965 0.112201
10426.25000 0.112282
10427.11035 0.112364
10427.96973 0.112446
10428.83008 0.112528
10429.70020 0.11261
10430.55957 0.112694
10431.41992 0.11278
10432.29004 0.112867
10433.15039 0.112953
10434.00977 0.113039
10434.87012 0.113126
10435.74023 0.113222
10436.59961 0.11332
10437.45996 0.113418
10438.32031 0.113517
10439.19043 0.113615
10440.04980 0.113714
10440.91016 0.113828
10441.78027 0.113941
10442.63965 0.114055
10443.50000 0.114169
10444.37012 0.114283
10445.23047 0.114396
10446.08984 0.114508
10446.95996 0.11462
10447.82031 0.114732
10448.69043 0.114844
10449.54980 0.114956
10450.41016 0.115064
10451.28027 0.115168
10452.13965 0.115271
10453.00000 0.115375
10453.87012 0.115478
10454.73047 0.115582
10455.59961 0.115687
10456.45996 0.115792
10457.33008 0.115897
10458.19043 0.116003
10459.05957 0.116108
10459.91992 0.116214
10460.79004 0.116312
10461.65039 0.116409
10462.51953 0.116507
10463.37988 0.116604
10464.25000 0.116702
10465.11035 0.116796
10465.98047 0.116864
10466.83984 0.116932
10467.70996 0.117
10468.57031 0.117068
10469.44043 0.117136
10470.29980 0.117198
10471.16992 0.11725
10472.04004 0.117301
10472.90039 0.117353
10473.76953 0.117404
10474.62988 0.117456
10475.50000 0.117486
10476.37012 0.117499
10477.23047 0.117512
10478.09961 0.117524
10478.95996 0.117537
10479.83008 0.11755
10480.70020 0.117524
10481.55957 0.117487
10482.42969 0.11745
10483.29980 0.117413
10484.16016 0.117377
10485.03027 0.117338
10485.90039 0.117261
10486.75977 0.117182
10487.62988 0.117105
10488.50000 0.117027
10489.37012 0.116948
10490.23047 0.116857
10491.09961 0.11673
10491.96973 0.116603
10492.83008 0.116476
10493.70020 0.116349
10494.57031 0.116222
10495.44043 0.116073
10496.30957 0.115902
10497.16992 0.115732
10498.04004 0.115562
10498.91016 0.115391
10499.78027 0.11522
10500.65039 0.115006
10501.50977 0.114777
10502.37988 0.114548
10503.25000 0.114319
10504.12012 0.114089
10504.99023 0.113859
10505.86035 0.113574
10506.71973 0.113287
10507.58984 0.113
10508.45996 0.112713
10509.33008 0.112426
10510.20020 0.112133
10511.07031 0.111825
10511.94043 0.111516
10512.80957 0.111207
10513.67969 0.110898
10514.54004 0.110589
10515.41016 0.110278
10516.28027 0.109964
10517.15039 0.109651
10518.01953 0.109337
10518.88965 0.109023
10519.75977 0.108709
10520.62988 0.108378
10521.50000 0.108041
10522.37012 0.107705
10523.24023 0.107368
10524.11035 0.107031
10524.98047 0.106694
10525.84961 0.106361
10526.71973 0.106028
10527.58984 0.105695
10528.45996 0.105362
10529.33008 0.105028
10530.20020 0.104695
10531.07031 0.104366
10531.95020 0.104035
10532.82031 0.103705
10533.69043 0.103374
10534.55957 0.103044
10535.42969 0.10271
10536.29980 0.102372
10537.16992 0.102035
10538.04004 0.101697
10538.91016 0.101359
10539.79004 0.101021
10540.66016 0.100702
10541.53027 0.100389
10542.40039 0.100076
10543.26953 0.099762
10544.13965 0.099449
10545.00977 0.099136
10545.88965 0.098895
10546.75977 0.098655
10547.62988 0.098414
10548.50000 0.098172
10549.37988 0.097931
10550.25000 0.097695
10551.12012 0.097472
10551.99023 0.097249
10552.86035 0.097025
10553.74023 0.096802
10554.61035 0.096578
10555.48047 0.09638
10556.34961 0.096203
10557.23047 0.096025
10558.09961 0.095847
10558.96973 0.09567
10559.84961 0.095492
10560.71973 0.095348
10561.58984 0.095212
10562.46973 0.095075
10563.33984 0.094938
10564.20996 0.094802
10565.08984 0.094669
10565.95996 0.094579
10566.83008 0.094488
10567.70996 0.094397
10568.58008 0.094306
10569.45020 0.094215
10570.33008 0.094144
10571.20020 0.094107
10572.08008 0.09407
10572.95020 0.094033
10573.82031 0.093995
10574.70020 0.093958
10575.57031 0.093954
10576.45020 0.093968
10577.32031 0.093982
10578.20020 0.093995
10579.07031 0.094009
10579.95020 0.094023
10580.82031 0.09407
10581.69043 0.094119
10582.57031 0.094168
10583.44043 0.094217
10584.32031 0.094267
10585.19043 0.094327
10586.07031 0.094428
10586.95020 0.094529
10587.82031 0.09463
10588.70020 0.094731
10589.57031 0.094832
10590.45020 0.094953
10591.32031 0.095093
10592.20020 0.095232
10593.07031 0.095372
10593.95020 0.095512
10594.83008 0.095652
10595.70020 0.095827
10596.58008 0.096011
10597.45020 0.096195
10598.33008 0.096379
10599.20996 0.096563
10600.08008 0.096749
10600.95996 0.096959
10601.83984 0.097169
10602.70996 0.097379
10603.58984 0.097589
10604.46973 0.097799
10605.33984 0.098019
10606.21973 0.098255
10607.09961 0.098491
10607.96973 0.098727
10608.84961 0.098963
10609.73047 0.099199
10610.59961 0.099448
10611.48047 0.099703
10612.36035 0.099959
10613.24023 0.100214
10614.11035 0.100469
10614.99023 0.100724
10615.87012 0.100976
10616.75000 0.101227
10617.62988 0.101479
10618.50000 0.10173
10619.37988 0.101982
10620.25977 0.102246
10621.13965 0.10254
10622.00977 0.102834
10622.88965 0.103128
10623.76953 0.103423
10624.65039 0.103717
10625.53027 0.103995
10626.41016 0.104262
10627.29004 0.104529
10628.16016 0.104796
10629.04004 0.105064
10629.91992 0.105331
10630.79980 0.105632
10631.67969 0.105936
10632.55957 0.10624
10633.44043 0.106545
10634.32031 0.106849
10635.20020 0.107141
10636.08008 0.107387
10636.95020 0.107633
10637.83008 0.10788
10638.70996 0.108127
10639.58984 0.108373
10640.46973 0.108622
10641.34961 0.108872
10642.23047 0.109123
10643.11035 0.109373
10643.99023 0.109624
10644.87012 0.109875
10645.75000 0.110101
10646.62988 0.110324
10647.50977 0.110546
10648.38965 0.110769
10649.26953 0.110992
10650.15039 0.11121
10651.03027 0.111407
10651.91992 0.111603
10652.79980 0.1118
10653.67969 0.111998
10654.55957 0.112195
10655.44043 0.112385
10656.32031 0.112568
10657.20020 0.112751
10658.08008 0.112934
10658.95996 0.113117
10659.83984 0.1133
10660.73047 0.113456
10661.61035 0.113604
10662.49023 0.113754
10663.37012 0.113903
10664.25000 0.114052
10665.12988 0.114197
10666.00977 0.114321
10666.90039 0.114444
10667.78027 0.114567
10668.66016 0.114691
10669.54004 0.114814
10670.41992 0.114923
10671.30957 0.115017
10672.19043 0.115111
10673.07031 0.115204
10673.95020 0.115298
10674.83984 0.115391
10675.71973 0.115453
10676.59961 0.115508
10677.48047 0.115562
10678.37012 0.115617
10679.25000 0.115672
10680.12988 0.115724
10681.01953 0.115768
10681.90039 0.115812
10682.78027 0.115856
10683.66992 0.1159
10684.54980 0.115944
10685.42969 0.115961
10686.32031 0.115952
10687.20020 0.115943
10688.08008 0.115933
10688.96973 0.115924
10689.84961 0.115915
10690.73047 0.115895
10691.62012 0.115872
10692.50000 0.11585
10693.38965 0.115828
10694.26953 0.115806
10695.16016 0.115775
10696.04004 0.115703
10696.91992 0.115631
10697.80957 0.11556
10698.69043 0.115488
10699.58008 0.115416
10700.45996 0.115347
10701.34961 0.11528
10702.23047 0.115214
10703.12012 0.115147
10704.00000 0.11508
10704.88965 0.115013
10705.76953 0.114907
10706.66016 0.114795
10707.54004 0.114683
10708.42969 0.114571
10709.30957 0.114458
10710.20020 0.114337
10711.08008 0.114183
10711.96973 0.114029
10712.84961 0.113874
10713.74023 0.11372
10714.62988 0.113565
10715.50977 0.113393
10716.40039 0.113209
10717.28027 0.113024
10718.16992 0.112839
10719.05957 0.112654
10719.94043 0.112468
10720.83008 0.112252
10721.70996 0.112033
10722.59961 0.111814
10723.49023 0.111596
10724.37012 0.111377
10725.25977 0.111144
10726.15039 0.11088
10727.04004 0.110614
10727.91992 0.110349
10728.80957 0.110084
10729.70020 0.109819
10730.58008 0.10954
10731.46973 0.109254
10732.36035 0.108968
10733.25000 0.108682
10734.12988 0.108396
10735.01953 0.108109
10735.91016 0.107813
10736.79004 0.107517
10737.67969 0.107221
10738.57031 0.106925
10739.45996 0.106628
10740.34961 0.106319
10741.23047 0.10599
10742.12012 0.105661
10743.00977 0.105332
10743.90039 0.105002
10744.79004 0.104673
10745.66992 0.104339
10746.55957 0.104003
10747.45020 0.103667
10748.33984 0.103331
10749.23047 0.102995
10750.12012 0.102657
10751.00977 0.102305
10751.90039 0.101952
10752.79004 0.101599
10753.66992 0.101247
10754.55957 0.100894
10755.45020 0.100533
10756.33984 0.100163
10757.23047 0.099793
10758.12012 0.099423
10759.00977 0.099052
10759.90039 0.098682
10760.79004 0.098327
10761.67969 0.097974
10762.57031 0.097621
10763.45996 0.097268
10764.34961 0.096914
10765.24023 0.096569
10766.12988 0.096246
10767.01953 0.095923
10767.91016 0.0956
10768.79980 0.095277
10769.69043 0.094953
10770.58008 0.094643
10771.46973 0.094339
10772.36035 0.094036
10773.25000 0.093732
10774.13965 0.093428
10775.03027 0.093125
10775.91992 0.092835
10776.80957 0.092546
10777.70996 0.092256
10778.59961 0.091967
10779.49023 0.091677
10780.37988 0.091401
10781.26953 0.091144
10782.16016 0.090888
