threeML/data/optical_filters/HST/NICMOS1-F187N.ecsv
# %ECSV 0.9
# ---
# datatype:
# - {name: wavelength, unit: Angstrom, datatype: float32}
# - {name: response, datatype: float32}
# meta: !!omap
# - {band_name: F187N}
# - {group_name: NICMOS1}
wavelength response
[from data line 767]
18677.33008 0.211302
18677.51953 0.211413
18677.69922 0.211523
18677.89062 0.211634
18678.07031 0.211684
18678.25977 0.211643
18678.43945 0.211603
18678.63086 0.211562
18678.81055 0.211522
18679.00000 0.211481
18679.18945 0.211441
18679.36914 0.2114
18679.56055 0.211359
18679.74023 0.211319
18679.92969 0.211278
18680.10938 0.211254
18680.30078 0.211242
18680.48047 0.211229
18680.66992 0.211216
18680.84961 0.211203
18681.03906 0.211191
18681.22070 0.211178
18681.41016 0.211165
18681.59961 0.211152
18681.77930 0.21114
18681.97070 0.211127
18682.15039 0.211021
18682.33984 0.210896
18682.51953 0.21077
18682.71094 0.210644
18682.89062 0.210519
18683.08008 0.210393
18683.26953 0.210267
18683.44922 0.210142
18683.63086 0.210017
18683.82031 0.209892
18684.00977 0.209763
18684.18945 0.209548
18684.38086 0.209333
18684.56055 0.209119
18684.75000 0.208904
18684.92969 0.208689
18685.11914 0.208474
18685.30078 0.208259
18685.49023 0.208044
18685.67969 0.20783
18685.85938 0.207615
18686.05078 0.207391
18686.23047 0.20714
18686.41992 0.206889
18686.59961 0.206638
18686.78906 0.206387
18686.97070 0.206136
18687.16016 0.205885
18687.33984 0.205637
18687.52930 0.205386
18687.71094 0.205135
18687.90039 0.204884
18688.08984 0.204665
18688.26953 0.204481
18688.46094 0.204298
18688.64062 0.204115
18688.83008 0.203931
18689.00977 0.203748
18689.19922 0.203564
18689.38086 0.203381
18689.57031 0.203198
18689.75977 0.203014
18689.93945 0.202831
18690.13086 0.202562
18690.31055 0.202255
18690.50000 0.201947
18690.67969 0.201639
18690.86914 0.201332
18691.05078 0.201024
18691.24023 0.200717
18691.42969 0.200409
18691.60938 0.200102
18691.80078 0.199794
18691.98047 0.199486
18692.16992 0.199165
18692.34961 0.198841
18692.53906 0.198518
18692.72070 0.198195
18692.91016 0.197872
18693.09961 0.197548
18693.27930 0.197225
18693.47070 0.196902
18693.65039 0.196579
18693.83984 0.196255
18694.01953 0.195954
18694.21094 0.195806
18694.39062 0.195658
18694.58008 0.19551
18694.76953 0.195362
18694.94922 0.195213
18695.14062 0.195065
18695.32031 0.194917
18695.50977 0.194769
18695.68945 0.194621
18695.88086 0.194473
18696.06055 0.194309
18696.25000 0.194116
18696.43945 0.193923
18696.61914 0.19373
18696.81055 0.193537
18696.99023 0.193344
18697.17969 0.193151
18697.35938 0.192957
18697.55078 0.192764
18697.73047 0.192571
18697.91992 0.192378
18698.10938 0.1922
18698.28906 0.192032
18698.48047 0.191864
18698.66016 0.191696
18698.84961 0.191528
18699.02930 0.19136
18699.22070 0.191192
18699.40039 0.191024
18699.58984 0.190856
18699.77930 0.190689
18699.96094 0.190521
18700.15039 0.190349
18700.33008 0.190176
18700.51953 0.190002
18700.69922 0.18983
18700.89062 0.189656
18701.07031 0.189483
18701.25977 0.18931
18701.44922 0.189137
18701.63086 0.188964
18701.82031 0.188791
18702.00000 0.188618
18702.18945 0.18846
18702.36914 0.188302
18702.56055 0.188141
18702.75000 0.187983
18702.92969 0.187825
18703.11914 0.187666
18703.30078 0.187508
18703.49023 0.187349
18703.66992 0.187191
18703.85938 0.187032
18704.03906 0.186898
18704.23047 0.186841
18704.41992 0.186783
18704.59961 0.186726
18704.78906 0.186668
18704.97070 0.186611
18705.16016 0.186553
18705.33984 0.186496
18705.52930 0.186438
18705.71094 0.186381
18705.90039 0.186324
18706.08984 0.186251
18706.26953 0.186163
18706.46094 0.186073
18706.64062 0.185984
18706.83008 0.185895
18707.01953 0.185806
18707.19922 0.185717
18707.39062 0.185628
18707.57031 0.185539
18707.75977 0.18545
18707.93945 0.185361
18708.13086 0.185335
18708.31055 0.185337
18708.50000 0.185339
18708.68945 0.18534
18708.86914 0.185342
18709.06055 0.185344
18709.24023 0.185345
18709.42969 0.185347
18709.61914 0.185349
18709.80078 0.185351
18709.99023 0.185352
18710.16992 0.185388
18710.35938 0.185426
18710.53906 0.185464
18710.73047 0.185502
18710.91016 0.18554
18711.09961 0.185578
18711.28906 0.185617
18711.47070 0.185655
18711.66016 0.185693
18711.83984 0.185731
18712.02930 0.185788
18712.21094 0.185946
18712.40039 0.186104
18712.58984 0.186262
18712.76953 0.18642
18712.96094 0.186578
18713.14062 0.186736
18713.33008 0.186894
18713.50977 0.187052
18713.69922 0.187211
18713.89062 0.187369
18714.07031 0.187456
18714.25977 0.187431
18714.43945 0.187406
18714.63086 0.187381
18714.81055 0.187356
18715.00000 0.187331
18715.18945 0.187306
18715.36914 0.18728
18715.56055 0.187255
18715.74023 0.18723
18715.92969 0.187205
18716.11914 0.187224
18716.30078 0.18727
18716.49023 0.187316
18716.66992 0.187362
18716.85938 0.187408
18717.03906 0.187454
18717.23047 0.187501
18717.41992 0.187547
18717.59961 0.187593
18717.78906 0.187639
18717.97070 0.187685
18718.16016 0.187774
18718.33984 0.187871
18718.52930 0.187968
18718.71094 0.188064
18718.90039 0.188162
18719.08984 0.188259
18719.26953 0.188355
18719.46094 0.188452
18719.64062 0.188549
18719.83008 0.188645
18720.01953 0.18875
18720.19922 0.188944
18720.39062 0.189139
18720.57031 0.189333
18720.75977 0.189527
18720.94922 0.18972
18721.13086 0.189914
18721.32031 0.190107
18721.50000 0.190301
18721.68945 0.190497
18721.88086 0.19069
18722.06055 0.190839
18722.25000 0.190894
18722.42969 0.19095
18722.61914 0.191006
18722.80078 0.191061
18722.99023 0.191117
18723.17969 0.191173
18723.35938 0.191229
18723.55078 0.191284
18723.73047 0.19134
18723.91992 0.191395
18724.09961 0.191527
18724.28906 0.191719
18724.48047 0.19191
18724.66016 0.192101
18724.84961 0.192292
18725.02930 0.192483
18725.22070 0.192674
18725.40039 0.192864
18725.58984 0.193057
18725.77930 0.193248
18725.96094 0.193439
18726.15039 0.193814
18726.33008 0.194235
18726.51953 0.194656
18726.71094 0.195081
18726.89062 0.195502
18727.08008 0.195923
18727.25977 0.196344
18727.44922 0.196765
18727.63086 0.197186
18727.82031 0.197611
18728.00977 0.19802
18728.18945 0.198163
18728.38086 0.198305
18728.56055 0.198448
18728.75000 0.19859
18728.93945 0.198734
18729.11914 0.198877
18729.31055 0.199019
18729.49023 0.199162
18729.67969 0.199304
18729.86914 0.199446
18730.05078 0.199606
18730.24023 0.199802
18730.41992 0.199999
18730.60938 0.200196
18730.78906 0.200393
18730.98047 0.200589
18731.16992 0.200788
18731.34961 0.200984
18731.53906 0.201181
18731.72070 0.201378
18731.91016 0.201574
18732.09961 0.201772
18732.27930 0.201967
18732.47070 0.202161
18732.65039 0.202356
18732.83984 0.202551
18733.02930 0.202747
18733.21094 0.202942
18733.40039 0.203137
18733.58008 0.203332
18733.76953 0.203526
18733.96094 0.203723
18734.14062 0.203949
18734.33008 0.204184
18734.50977 0.204419
18734.69922 0.204654
18734.89062 0.204892
18735.07031 0.205127
18735.25977 0.205363
18735.43945 0.205598
18735.63086 0.205833
18735.82031 0.206071
18736.00000 0.206305
18736.18945 0.206455
18736.36914 0.206605
18736.56055 0.206755
18736.75000 0.206906
18736.92969 0.207056
18737.11914 0.207206
18737.30078 0.207356
18737.49023 0.207506
18737.67969 0.207658
18737.85938 0.207808
18738.05078 0.207978
18738.23047 0.208209
18738.41992 0.208442
18738.60938 0.208672
18738.78906 0.208903
18738.98047 0.209133
18739.16016 0.209364
18739.34961 0.209597
18739.53906 0.209828
18739.72070 0.210058
18739.91016 0.210289
18740.08984 0.210485
18740.27930 0.210643
18740.46094 0.2108
18740.65039 0.210958
18740.83984 0.211117
18741.01953 0.211275
18741.21094 0.211432
18741.39062 0.21159
18741.58008 0.211748
18741.76953 0.211907
18741.94922 0.212065
18742.14062 0.212191
18742.32031 0.212308
18742.50977 0.212425
18742.69922 0.212541
18742.88086 0.212658
18743.07031 0.212774
18743.25977 0.212892
18743.43945 0.213008
18743.63086 0.213124
18743.81055 0.213241
18744.00000 0.213358
18744.18945 0.213485
18744.36914 0.213613
18744.56055 0.21374
18744.74023 0.213869
18744.92969 0.213996
18745.11914 0.214123
18745.30078 0.21425
18745.49023 0.214379
18745.66992 0.214506
18745.85938 0.214633
18746.03906 0.214749
18746.23047 0.214827
18746.41992 0.214905
18746.59961 0.214982
18746.78906 0.21506
18746.98047 0.215138
18747.16016 0.215216
18747.34961 0.215294
18747.53906 0.215372
18747.72070 0.21545
18747.91016 0.215527
18748.08984 0.215675
18748.27930 0.215898
18748.46094 0.216118
18748.65039 0.216338
18748.83984 0.216558
18749.01953 0.216781
18749.21094 0.217001
18749.39062 0.217221
18749.58008 0.217444
18749.76953 0.217664
18749.94922 0.217884
18750.14062 0.217967
18750.33008 0.218005
18750.50977 0.218042
18750.69922 0.218079
18750.88086 0.218117
18751.07031 0.218154
18751.25977 0.218191
18751.43945 0.218228
18751.63086 0.218266
18751.81055 0.218303
18752.00000 0.21834
18752.18945 0.218422
18752.36914 0.218503
18752.56055 0.218585
18752.74023 0.218666
18752.92969 0.218748
18753.11914 0.218829
18753.30078 0.21891
18753.49023 0.218992
18753.67969 0.219073
18753.85938 0.219154
18754.05078 0.219223
18754.23047 0.219256
18754.41992 0.219289
18754.60938 0.219322
18754.78906 0.219355
18754.98047 0.219388
18755.16016 0.219421
18755.34961 0.219454
18755.53906 0.219487
18755.72070 0.21952
18755.91016 0.219553
18756.09961 0.219558
18756.27930 0.219537
18756.47070 0.219516
18756.65039 0.219495
18756.83984 0.219474
18757.02930 0.219453
18757.21094 0.219432
18757.40039 0.219411
18757.58008 0.219389
18757.76953 0.219368
18757.96094 0.219347
18758.14062 0.219347
18758.33008 0.219354
18758.51953 0.21936
18758.69922 0.219367
18758.89062 0.219373
18759.07031 0.21938
18759.25977 0.219386
18759.44922 0.219393
18759.63086 0.219399
18759.82031 0.219406
18760.00977 0.219412
18760.18945 0.219398
18760.38086 0.219384
18760.56055 0.219369
18760.75000 0.219355
18760.93945 0.219341
18761.11914 0.219327
18761.31055 0.219313
18761.49023 0.219299
18761.67969 0.219285
18761.86914 0.219271
18762.05078 0.219245
18762.24023 0.219189
18762.42969 0.219134
18762.60938 0.219079
18762.80078 0.219023
18762.98047 0.218968
18763.16992 0.218913
18763.35938 0.218857
18763.53906 0.218802
18763.73047 0.218747
18763.91992 0.218691
18764.09961 0.218629
18764.28906 0.218561
18764.47070 0.218492
18764.66016 0.218423
18764.84961 0.218354
18765.02930 0.218286
18765.22070 0.218217
18765.41016 0.218148
18765.58984 0.21808
18765.77930 0.218012
18765.96094 0.217943
18766.15039 0.217873
18766.33984 0.217804
18766.51953 0.217734
18766.71094 0.217665
18766.89062 0.217595
18767.08008 0.217525
18767.26953 0.217456
18767.46094 0.217386
18767.64062 0.217316
18767.83008 0.217247
18768.00977 0.217173
18768.19922 0.217051
18768.38086 0.216928
18768.57031 0.216805
18768.75977 0.216683
18768.94922 0.216559
18769.13086 0.216437
18769.32031 0.216314
18769.50000 0.216191
18769.68945 0.216069
18769.86914 0.215946
18770.06055 0.215828
18770.25000 0.215723
18770.43945 0.215616
18770.61914 0.21551
18770.81055 0.215405
18770.99023 0.215298
18771.17969 0.215192
18771.36914 0.215086
18771.55078 0.21498
18771.74023 0.214874
18771.92969 0.214768
18772.10938 0.214683
18772.30078 0.214613
18772.48047 0.214542
18772.66992 0.214472
18772.85938 0.214401
18773.03906 0.214331
18773.23047 0.21426
18773.41992 0.214189
18773.59961 0.214119
18773.78906 0.214048
18773.97070 0.213978
18774.16016 0.213884
18774.34961 0.213784
18774.52930 0.213686
18774.72070 0.213587
18774.91016 0.213489
18775.08984 0.213391
18775.27930 0.213291
18775.46094 0.213193
18775.65039 0.213094
18775.83984 0.212996
18776.02930 0.212906
18776.21094 0.212873
18776.40039 0.212841
18776.58008 0.212808
18776.76953 0.212775
18776.96094 0.212743
18777.14062 0.21271
18777.33008 0.212678
18777.51953 0.212645
18777.69922 0.212612
18777.89062 0.212579
18778.07031 0.212489
18778.25977 0.212309
18778.44922 0.212131
18778.63086 0.211953
18778.82031 0.211773
18779.00977 0.211595
18779.18945 0.211415
18779.38086 0.211237
18779.57031 0.211057
18779.75000 0.210879
18779.93945 0.210701
18780.13086 0.210553
18780.31055 0.210422
18780.50000 0.21029
18780.67969 0.210159
18780.86914 0.210027
18781.06055 0.209896
18781.24023 0.209765
18781.42969 0.209632
18781.61914 0.209502
18781.80078 0.209369
18781.99023 0.209238
18782.17969 0.209108
18782.35938 0.20898
18782.55078 0.208849
18782.73047 0.208721
18782.91992 0.208592
18783.10938 0.208462
18783.28906 0.208333
18783.48047 0.208203
18783.66992 0.208074
18783.84961 0.207945
18784.03906 0.207826
18784.23047 0.207743
18784.41016 0.207661
18784.59961 0.207579
18784.78906 0.207497
18784.97070 0.207415
18785.16016 0.207332
18785.33984 0.20725
18785.52930 0.207168
18785.72070 0.207086
18785.90039 0.207003
18786.08984 0.206908
18786.27930 0.206798
18786.46094 0.206689
18786.65039 0.206578
18786.83984 0.206469
18787.01953 0.206359
18787.21094 0.20625
18787.39062 0.206141
18787.58008 0.206031
18787.76953 0.205921
18787.96094 0.205811
18788.14062 0.205743
18788.33008 0.205687
18788.50977 0.205632
18788.69922 0.205576
18788.89062 0.205521
18789.07031 0.205466
18789.25977 0.205411
18789.44922 0.205355
18789.63086 0.2053
18789.82031 0.205244
18790.00977 0.205189
18790.18945 0.205117
18790.38086 0.205046
18790.57031 0.204975
18790.75000 0.204904
18790.93945 0.204833
18791.13086 0.204762
18791.31055 0.20469
18791.50000 0.20462
18791.68945 0.204548
18791.86914 0.204477
18792.06055 0.204401
18792.24023 0.204309
18792.42969 0.204218
18792.61914 0.204126
18792.80078 0.204035
18792.99023 0.203943
18793.17969 0.203852
18793.35938 0.203761
18793.55078 0.20367
18793.74023 0.203578
18793.91992 0.203487
18794.10938 0.203392
18794.28906 0.203296
18794.48047 0.203199
18794.66992 0.203102
18794.85938 0.203005
18795.03906 0.202908
18795.23047 0.202811
18795.41992 0.202714
18795.59961 0.202618
18795.78906 0.202521
18795.97070 0.202424
18796.16016 0.202442
18796.34961 0.202478
18796.53906 0.202513
18796.72070 0.202549
18796.91016 0.202585
18797.08984 0.20262
18797.27930 0.202656
18797.47070 0.202691
18797.65039 0.202727
18797.83984 0.202763
18798.02930 0.202792
18798.21094 0.202784
18798.40039 0.202776
18798.58984 0.202768
18798.76953 0.202761
18798.96094 0.202753
18799.15039 0.202745
18799.33008 0.202737
18799.51953 0.202729
18799.71094 0.202721
18799.89062 0.202713
18800.08008 0.202673
18800.26953 0.20259
18800.44922 0.202507
18800.64062 0.202424
18800.83008 0.202341
18801.00977 0.202258
18801.19922 0.202175
18801.38086 0.202092
18801.57031 0.202008
18801.75977 0.201926
18801.94922 0.201842
18802.13086 0.201802
18802.32031 0.201779
18802.50977 0.201756
18802.68945 0.201734
18802.88086 0.201711
18803.06055 0.201688
18803.25000 0.201665
18803.43945 0.201642
18803.61914 0.20162
18803.81055 0.201597
18804.00000 0.201574
18804.18945 0.201445
18804.36914 0.201317
18804.56055 0.201187
18804.74023 0.201058
18804.92969 0.200928
18805.11914 0.2008
18805.30078 0.20067
18805.49023 0.200542
18805.67969 0.200412
18805.86914 0.200282
18806.05078 0.200182
18806.24023 0.200156
18806.41992 0.200131
18806.60938 0.200106
18806.80078 0.200081
18806.98047 0.200056
18807.16992 0.200031
18807.35938 0.200006
18807.53906 0.199981
18807.73047 0.199956
18807.91992 0.199931
18808.09961 0.199891
18808.28906 0.199839
18808.48047 0.199787
18808.66016 0.199735
18808.84961 0.199683
18809.03906 0.199631
18809.22070 0.199579
18809.41016 0.199527
18809.59961 0.199475
18809.78906 0.199423
18809.97070 0.199371
18810.16016 0.199254
18810.33984 0.199127
18810.52930 0.198998
18810.72070 0.19887
18810.90039 0.198742
18811.08984 0.198614
18811.27930 0.198486
18811.46094 0.198358
18811.65039 0.198229
18811.83984 0.198102
18812.02930 0.197969
18812.21094 0.197816
18812.40039 0.197661
18812.58984 0.197507
18812.76953 0.197353
18812.96094 0.197198
18813.14062 0.197045
18813.33008 0.19689
18813.51953 0.196736
18813.71094 0.196582
18813.89062 0.196428
18814.08008 0.196284
18814.26953 0.196153
18814.44922 0.196021
18814.64062 0.195891
18814.83008 0.19576
18815.00977 0.19563
18815.19922 0.195499
18815.39062 0.195367
18815.57031 0.195238
18815.75977 0.195106
18815.94922 0.194976
18816.13086 0.194781
18816.32031 0.194559
18816.50977 0.19434
18816.68945 0.194118
18816.88086 0.193897
18817.07031 0.193678
18817.25000 0.193456
18817.43945 0.193237
18817.63086 0.193015
18817.81055 0.192793
18818.00000 0.192574
18818.18945 0.192282
18818.38086 0.19199
18818.56055 0.191701
18818.75000 0.191409
18818.92969 0.19112
18819.11914 0.190828
18819.31055 0.190536
