threeML/data/optical_filters/HST/NICMOS1-POL0S.ecsv
# %ECSV 0.9
# ---
# datatype:
# - {name: wavelength, unit: Angstrom, datatype: float32}
# - {name: response, datatype: float32}
# meta: !!omap
# - {band_name: POL0S}
# - {group_name: NICMOS1}
wavelength response
[from data line 3990]
10452.76953 0.046218
10453.49023 0.04621
10454.21973 0.046201
10454.94043 0.046193
10455.66992 0.04618
10456.38965 0.046167
10457.12012 0.046153
10457.83984 0.04614
10458.57031 0.046127
10459.29004 0.046113
10460.01953 0.0461
10460.74023 0.046077
10461.46973 0.046055
10462.19043 0.046033
10462.91992 0.046011
10463.63965 0.045989
10464.37012 0.045967
10465.08984 0.045944
10465.82031 0.045918
10466.54004 0.045892
10467.26953 0.045865
10468.00000 0.045839
10468.71973 0.045812
10469.45020 0.045786
10470.16992 0.045757
10470.90039 0.045719
10471.62012 0.045681
10472.34961 0.045642
10473.08008 0.045604
10473.79980 0.045566
10474.53027 0.045528
10475.25000 0.045487
10475.98047 0.045443
10476.70996 0.045399
10477.42969 0.045355
10478.16016 0.045311
10478.88965 0.045266
10479.61035 0.045222
10480.33984 0.045177
10481.05957 0.04513
10481.79004 0.045083
10482.51953 0.045036
10483.25000 0.044989
10483.96973 0.044942
10484.70020 0.044895
10485.41992 0.044848
10486.15039 0.044801
10486.87988 0.044755
10487.61035 0.044708
10488.33008 0.044661
10489.05957 0.044615
10489.79004 0.044568
10490.50977 0.044514
10491.24023 0.044458
10491.96973 0.044401
10492.70020 0.044345
10493.41992 0.044288
10494.15039 0.044232
10494.87988 0.044175
10495.61035 0.04412
10496.33008 0.044066
10497.05957 0.044011
10497.79004 0.043957
10498.51953 0.043903
10499.25000 0.043848
10499.96973 0.043794
10500.70020 0.043739
10501.42969 0.043683
10502.16016 0.043628
10502.87988 0.043573
10503.61035 0.043517
10504.33984 0.043462
10505.07031 0.043406
10505.79980 0.043347
10506.53027 0.043288
10507.25000 0.043229
10507.98047 0.043169
10508.70996 0.04311
10509.44043 0.043051
10510.16992 0.042993
10510.90039 0.042943
10511.62012 0.042892
10512.34961 0.042842
10513.08008 0.042791
10513.80957 0.04274
10514.54004 0.04269
10515.26953 0.042639
10516.00000 0.042589
10516.73047 0.042539
10517.45996 0.042489
10518.19043 0.042438
10518.91016 0.042388
10519.63965 0.042338
10520.37012 0.042292
10521.09961 0.04225
10521.83008 0.042209
10522.55957 0.042167
10523.29004 0.042125
10524.01953 0.042084
10524.75000 0.042042
10525.48047 0.042
10526.20996 0.041959
10526.94043 0.041918
10527.66992 0.041877
10528.40039 0.041835
10529.12988 0.041794
10529.86035 0.041753
10530.58984 0.041715
10531.32031 0.041678
10532.04980 0.04164
10532.78027 0.041603
10533.50977 0.041566
10534.24023 0.041529
10534.96973 0.041491
10535.70020 0.041459
10536.42969 0.041428
10537.16016 0.041396
10537.88965 0.041364
10538.62012 0.041332
10539.34961 0.041301
10540.08008 0.041269
10540.80957 0.041238
10541.54004 0.041207
10542.26953 0.041176
10543.00000 0.041145
10543.74023 0.041114
10544.46973 0.041082
10545.20020 0.041053
10545.92969 0.04103
10546.66016 0.041007
10547.38965 0.040983
10548.12012 0.04096
10548.84961 0.040936
10549.58008 0.040913
10550.32031 0.040889
10551.04980 0.040865
10551.78027 0.040841
10552.50977 0.040817
10553.24023 0.040793
10553.96973 0.040769
10554.70996 0.040745
10555.44043 0.040723
10556.16992 0.040701
10556.90039 0.040679
10557.62988 0.040657
10558.36035 0.040636
10559.09961 0.040614
10559.83008 0.040592
10560.55957 0.040571
10561.29004 0.040549
10562.01953 0.040528
10562.75977 0.040507
10563.49023 0.040485
10564.21973 0.040464
10564.95020 0.040442
10565.69043 0.04042
10566.41992 0.040396
10567.15039 0.040373
10567.87988 0.04035
10568.62012 0.040327
10569.34961 0.040304
10570.08008 0.040281
10570.80957 0.040257
10571.54980 0.040233
10572.28027 0.040209
10573.00977 0.040186
10573.75000 0.040162
10574.48047 0.040138
10575.20996 0.040114
10575.95020 0.04009
10576.67969 0.040065
10577.41016 0.040041
10578.13965 0.040017
10578.87988 0.039992
10579.61035 0.039968
10580.33984 0.039943
10581.08008 0.039917
10581.80957 0.03989
10582.54980 0.039864
10583.28027 0.039838
10584.00977 0.039812
10584.75000 0.039785
10585.48047 0.039755
10586.20996 0.039723
10586.95020 0.039691
10587.67969 0.03966
10588.41992 0.039628
10589.15039 0.039596
10589.87988 0.039564
10590.62012 0.039535
10591.34961 0.039508
10592.08984 0.03948
10592.82031 0.039452
10593.55957 0.039424
10594.29004 0.039397
10595.01953 0.039369
10595.75977 0.039333
10596.49023 0.039298
10597.23047 0.039263
10597.95996 0.039227
10598.70020 0.039192
10599.42969 0.039157
10600.16992 0.039121
10600.90039 0.039084
10601.63965 0.039047
10602.37012 0.039009
10603.11035 0.038972
10603.83984 0.038935
10604.58008 0.038898
10605.30957 0.038862
10606.04980 0.038826
10606.78027 0.038791
10607.51953 0.038756
10608.25000 0.03872
10608.99023 0.038685
10609.71973 0.03865
10610.45996 0.038615
10611.19043 0.038581
10611.92969 0.038546
10612.66992 0.038512
10613.40039 0.038478
10614.13965 0.038443
10614.87012 0.038409
10615.61035 0.038377
10616.33984 0.038345
10617.08008 0.038313
10617.82031 0.038281
10618.54980 0.03825
10619.29004 0.038218
10620.03027 0.038186
10620.75977 0.038158
10621.50000 0.038131
10622.23047 0.038103
10622.96973 0.038075
10623.70996 0.038047
10624.44043 0.038019
10625.17969 0.037993
10625.91992 0.03797
10626.65039 0.037947
10627.38965 0.037924
10628.12988 0.037901
10628.86035 0.037878
10629.59961 0.037855
10630.33984 0.037835
10631.07031 0.037816
10631.80957 0.037798
10632.54980 0.037779
10633.29004 0.03776
10634.01953 0.037742
10634.75977 0.037723
10635.50000 0.037712
10636.23047 0.037705
10636.96973 0.037698
10637.70996 0.03769
10638.45020 0.037683
10639.17969 0.037676
10639.91992 0.037668
10640.66016 0.037666
10641.40039 0.037664
10642.12988 0.037663
10642.87012 0.037661
10643.61035 0.03766
10644.34961 0.037658
10645.08984 0.037657
10645.82031 0.037665
10646.55957 0.037673
10647.29980 0.037681
10648.04004 0.037689
10648.78027 0.037697
10649.50977 0.037705
10650.25000 0.037715
10650.99023 0.037732
10651.73047 0.037748
10652.46973 0.037764
10653.20996 0.037781
10653.94043 0.037797
10654.67969 0.037813
10655.41992 0.037834
10656.16016 0.037858
10656.90039 0.037883
10657.63965 0.037907
10658.37988 0.037931
10659.12012 0.037955
10659.84961 0.037979
10660.58984 0.038016
10661.33008 0.038055
10662.07031 0.038094
10662.80957 0.038133
10663.54980 0.038172
10664.29004 0.038211
10665.03027 0.03825
10665.76953 0.038297
10666.50977 0.038344
10667.25000 0.038391
10667.99023 0.038438
10668.73047 0.038485
10669.46973 0.038532
10670.20996 0.03858
10670.94043 0.038631
10671.67969 0.038682
10672.41992 0.038732
10673.16016 0.038783
10673.90039 0.038834
10674.63965 0.038884
10675.37988 0.038939
10676.12012 0.038999
10676.86035 0.039059
10677.59961 0.039118
10678.33984 0.039178
10679.08008 0.039238
10679.83008 0.039297
10680.57031 0.039364
10681.30957 0.039432
10682.04980 0.0395
10682.79004 0.039568
10683.53027 0.039636
10684.26953 0.039704
10685.00977 0.039772
10685.75000 0.039846
10686.49023 0.039919
10687.23047 0.039992
10687.96973 0.040065
10688.70996 0.040138
10689.45020 0.040212
10690.20020 0.040287
10690.94043 0.040368
10691.67969 0.040449
10692.41992 0.04053
10693.16016 0.040611
10693.90039 0.040692
10694.63965 0.040774
10695.37988 0.040856
10696.12012 0.04094
10696.87012 0.041024
10697.61035 0.041108
10698.34961 0.041192
10699.08984 0.041276
10699.83008 0.04136
10700.58008 0.041443
10701.32031 0.041525
10702.05957 0.041608
10702.79980 0.04169
10703.54004 0.041773
10704.28027 0.041855
10705.03027 0.041938
10705.76953 0.042022
10706.50977 0.042107
10707.25000 0.042191
10708.00000 0.042276
10708.74023 0.04236
10709.48047 0.042445
10710.21973 0.042528
10710.95996 0.042606
10711.70996 0.042685
10712.45020 0.042764
10713.19043 0.042842
10713.94043 0.042921
10714.67969 0.043
10715.41992 0.043081
10716.16016 0.043163
10716.91016 0.043246
10717.65039 0.043328
10718.38965 0.043411
10719.13965 0.043493
10719.87988 0.043576
10720.62012 0.043655
10721.37012 0.043734
10722.11035 0.043813
10722.84961 0.043892
10723.58984 0.043971
10724.33984 0.04405
10725.08008 0.044129
10725.83008 0.044202
10726.57031 0.044276
10727.30957 0.044349
10728.05957 0.044423
10728.79980 0.044496
10729.54004 0.04457
10730.29004 0.04464
10731.03027 0.044706
10731.78027 0.044772
10732.51953 0.044837
10733.25977 0.044903
10734.00977 0.044968
10734.75000 0.045034
10735.50000 0.045097
10736.24023 0.045158
10736.98047 0.045219
10737.73047 0.04528
10738.46973 0.045341
10739.21973 0.045402
10739.95996 0.045463
10740.70996 0.045521
10741.45020 0.045578
10742.20020 0.045635
10742.94043 0.045693
10743.67969 0.04575
10744.42969 0.045807
10745.16992 0.045862
10745.91992 0.04591
10746.66016 0.045957
10747.41016 0.046004
10748.15039 0.046052
10748.90039 0.046099
10749.63965 0.046146
10750.38965 0.046195
10751.12988 0.046244
10751.87988 0.046294
10752.62988 0.046343
10753.37012 0.046392
10754.12012 0.046442
10754.86035 0.046491
10755.61035 0.046533
10756.34961 0.046573
10757.09961 0.046612
10757.83984 0.046652
10758.58984 0.046692
10759.33984 0.046732
10760.08008 0.046772
10760.83008 0.04681
10761.57031 0.046848
10762.32031 0.046886
10763.07031 0.046924
10763.80957 0.046963
10764.55957 0.047001
10765.29980 0.047036
10766.04980 0.047068
10766.79980 0.0471
10767.54004 0.047132
10768.29004 0.047163
10769.04004 0.047195
10769.78027 0.047227
10770.53027 0.047259
10771.28027 0.047291
10772.01953 0.047324
10772.76953 0.047356
10773.51953 0.047388
10774.25977 0.04742
10775.00977 0.047453
10775.75977 0.047481
10776.50000 0.047509
10777.25000 0.047538
10778.00000 0.047566
10778.75000 0.047595
10779.49023 0.047623
10780.24023 0.04765
10780.99023 0.047674
10781.74023 0.047699
10782.48047 0.047723
10783.23047 0.047747
10783.98047 0.047772
10784.73047 0.047796
10785.46973 0.047823
10786.21973 0.047851
10786.96973 0.047879
10787.71973 0.047907
10788.45996 0.047934
10789.20996 0.047962
10789.95996 0.04799
10790.70996 0.048013
10791.45996 0.048035
10792.20020 0.048058
10792.95020 0.04808
10793.70020 0.048102
10794.45020 0.048125
10795.20020 0.048147
10795.95020 0.048169
10796.69043 0.048191
10797.44043 0.048213
10798.19043 0.048234
10798.94043 0.048256
10799.69043 0.048278
10800.44043 0.048296
10801.19043 0.04831
10801.92969 0.048324
10802.67969 0.048338
10803.42969 0.048352
10804.17969 0.048367
10804.92969 0.048381
10805.67969 0.048395
10806.42969 0.048409
10807.17969 0.048423
10807.92969 0.048437
10808.67969 0.048451
10809.41992 0.048465
10810.16992 0.048479
10810.91992 0.048493
10811.66992 0.048507
10812.41992 0.048521
10813.16992 0.048534
10813.91992 0.048548
10814.66992 0.048562
10815.41992 0.048572
10816.16992 0.048578
10816.91992 0.048585
10817.66992 0.048591
10818.41992 0.048597
10819.16992 0.048604
10819.91992 0.04861
10820.66992 0.048613
10821.41992 0.048615
10822.16992 0.048618
10822.91992 0.04862
10823.66992 0.048623
10824.41992 0.048625
10825.16992 0.048628
10825.91992 0.048629
10826.66992 0.04863
10827.41992 0.048631
10828.16992 0.048633
10828.91992 0.048634
10829.67969 0.048635
10830.42969 0.04863
10831.17969 0.048621
10831.92969 0.048611
10832.67969 0.048602
10833.42969 0.048592
10834.17969 0.048582
10834.92969 0.048573
10835.67969 0.048564
10836.42969 0.048555
10837.19043 0.048545
10837.94043 0.048536
10838.69043 0.048527
10839.44043 0.048518
10840.19043 0.048508
10840.94043 0.048495
10841.69043 0.048482
10842.45020 0.048469
10843.20020 0.048456
10843.95020 0.048444
10844.70020 0.048431
10845.45020 0.048411
10846.20020 0.048388
10846.95996 0.048364
10847.70996 0.048341
10848.45996 0.048317
10849.20996 0.048294
10849.95996 0.04827
10850.71973 0.04825
10851.46973 0.04823
10852.21973 0.04821
10852.96973 0.048189
10853.73047 0.048169
10854.48047 0.048149
10855.23047 0.048127
10855.98047 0.048104
10856.74023 0.048081
10857.49023 0.048057
10858.24023 0.048034
10858.99023 0.04801
10859.75000 0.047987
10860.50000 0.047962
10861.25000 0.047936
10862.00977 0.04791
10862.75977 0.047884
10863.50977 0.047858
10864.25977 0.047832
10865.01953 0.047806
10865.76953 0.047782
10866.51953 0.047758
10867.28027 0.047734
10868.03027 0.04771
10868.78027 0.047686
10869.54004 0.047662
10870.29004 0.047639
10871.04004 0.047617
10871.79980 0.047595
10872.54980 0.047573
10873.30957 0.047551
10874.05957 0.047529
10874.80957 0.047507
10875.57031 0.047486
10876.32031 0.047465
10877.08008 0.047444
10877.83008 0.047423
10878.58008 0.047402
10879.33984 0.047381
10880.08984 0.047361
10880.84961 0.047349
10881.59961 0.047337
10882.34961 0.047325
10883.11035 0.047312
10883.86035 0.0473
10884.62012 0.047288
10885.37012 0.047277
10886.12988 0.047267
10886.87988 0.047257
10887.63965 0.047247
10888.38965 0.047236
10889.15039 0.047226
10889.90039 0.047216
10890.66016 0.047212
10891.41016 0.047209
10892.16992 0.047206
10892.91992 0.047203
10893.67969 0.0472
10894.42969 0.047196
10895.19043 0.047197
10895.94043 0.047208
10896.70020 0.04722
10897.45020 0.047231
10898.20996 0.047242
10898.95996 0.047254
10899.71973 0.047265
10900.46973 0.047278
10901.23047 0.047292
10901.99023 0.047305
10902.74023 0.047319
10903.50000 0.047332
10904.25000 0.047346
10905.00977 0.04736
10905.76953 0.047384
10906.51953 0.047408
10907.28027 0.047433
10908.03027 0.047457
10908.79004 0.047481
10909.54980 0.047505
10910.29980 0.047534
10911.05957 0.04757
10911.82031 0.047606
10912.57031 0.047642
10913.33008 0.047678
10914.08008 0.047714
10914.83984 0.047749
10915.59961 0.047788
10916.34961 0.047827
10917.11035 0.047866
10917.87012 0.047904
10918.62988 0.047943
10919.37988 0.047982
10920.13965 0.048024
10920.90039 0.048078
10921.65039 0.048132
10922.41016 0.048186
10923.16992 0.04824
10923.91992 0.048294
10924.67969 0.048348
10925.44043 0.048403
10926.20020 0.048459
10926.95020 0.048514
10927.70996 0.04857
10928.46973 0.048625
10929.23047 0.048681
10929.98047 0.048736
10930.74023 0.048798
10931.50000 0.048859
10932.25977 0.048921
10933.01953 0.048983
10933.76953 0.049044
10934.53027 0.049106
10935.29004 0.04917
10936.04980 0.049236
10936.80957 0.049303
10937.55957 0.04937
10938.32031 0.049437
10939.08008 0.049503
10939.83984 0.04957
10940.59961 0.049644
10941.36035 0.049719
10942.11035 0.049794
10942.87012 0.04987
10943.62988 0.049945
10944.38965 0.050021
10945.15039 0.050095
10945.91016 0.050165
10946.66992 0.050234
10947.42969 0.050303
10948.17969 0.050373
10948.94043 0.050442
10949.70020 0.050511
10950.45996 0.050581
10951.21973 0.05065
10951.98047 0.05072
10952.74023 0.050789
10953.50000 0.050859
10954.25977 0.050928
10955.01953 0.050998
10955.78027 0.051066
10956.54004 0.051134
10957.29980 0.051202
10958.04980 0.05127
10958.80957 0.051338
10959.57031 0.051406
10960.33008 0.051471
10961.08984 0.051532
10961.84961 0.051593
10962.61035 0.051654
10963.37012 0.051715
10964.12988 0.051776
10964.88965 0.051837
10965.65039 0.051898
10966.41016 0.051959
10967.16992 0.05202
10967.92969 0.052081
10968.70020 0.052141
10969.45996 0.052202
10970.21973 0.052261
10970.98047 0.052313
10971.74023 0.052366
10972.50000 0.052419
10973.25977 0.052471
10974.01953 0.052524
10974.78027 0.052577
10975.54004 0.052623
10976.29980 0.052668
10977.05957 0.052712
10977.82031 0.052756
10978.58008 0.052801
10979.34961 0.052845
10980.11035 0.052888
10980.87012 0.052924
10981.62988 0.05296
10982.38965 0.052997
10983.15039 0.053033
10983.91016 0.053069
10984.66992 0.053105
10985.44043 0.053135
10986.20020 0.05316
10986.95996 0.053185
10987.71973 0.05321
10988.48047 0.053235
10989.24023 0.05326
10990.00977 0.053285
10990.76953 0.053304
10991.53027 0.053322
10992.29004 0.05334
10993.04980 0.053359
10993.82031 0.053377
10994.58008 0.053396
10995.33984 0.05341
10996.09961 0.05342
10996.87012 0.05343
10997.62988 0.05344
10998.38965 0.05345
10999.15039 0.053461
10999.91016 0.053471
11000.67969 0.053471
11001.44043 0.05347
11002.20020 0.053469
11002.95996 0.053468
11003.73047 0.053468
11004.49023 0.053467
11005.25000 0.053461
11006.01953 0.053446
11006.78027 0.05343
11007.54004 0.053415
11008.30957 0.0534
11009.07031 0.053384
11009.83008 0.053369
11010.58984 0.053355
11011.36035 0.053341
11012.12012 0.053327
11012.87988 0.053314
11013.65039 0.0533
11014.41016 0.053286
11015.17969 0.053271
11015.94043 0.05325
11016.70020 0.053229
11017.46973 0.053208
11018.23047 0.053187
11018.99023 0.053166
11019.75977 0.053145
11020.51953 0.053126
11021.29004 0.053108
11022.04980 0.053089
