threeML/data/optical_filters/HST/NICMOS3-G141.ecsv
# %ECSV 0.9
# ---
# datatype:
# - {name: wavelength, unit: Angstrom, datatype: float32}
# - {name: response, datatype: float32}
# meta: !!omap
# - {band_name: G141}
# - {group_name: NICMOS3}
wavelength response
9409.10352 0.0
10454.55957 0.000403
10455.24023 0.000408
10455.92969 0.000413
10456.61035 0.000418
10457.29980 0.000423
10457.98047 0.000428
10458.66016 0.000433
10459.34961 0.000439
10460.03027 0.000444
10460.71973 0.000449
10461.40039 0.000454
10462.08008 0.000459
10462.76953 0.000464
10463.45020 0.000469
10464.13965 0.000474
10464.82031 0.000479
10465.50977 0.000484
10466.19043 0.000489
10466.87988 0.000494
10467.55957 0.000499
10468.24023 0.000504
10468.92969 0.000509
10469.61035 0.000514
10470.29980 0.00052
10470.98047 0.000525
10471.66992 0.00053
10472.34961 0.000535
10473.04004 0.00054
10473.71973 0.000545
10474.41016 0.00055
10475.08984 0.000555
10475.78027 0.00056
10476.45996 0.000565
10477.15039 0.00057
10477.83008 0.000575
10478.51953 0.00058
10479.20020 0.000585
10479.88965 0.000591
10480.57031 0.000596
10481.25977 0.000601
10481.95020 0.000606
10482.62988 0.000611
10483.32031 0.000616
10484.00000 0.000621
10484.69043 0.000626
10485.37012 0.000631
10486.05957 0.000636
10486.75000 0.000641
10487.42969 0.000646
10488.12012 0.000651
10488.79980 0.000657
10489.49023 0.000662
10490.16992 0.000667
10490.86035 0.000672
10491.54980 0.000677
10492.23047 0.000682
10492.91992 0.000687
10493.61035 0.000692
10494.29004 0.000697
10494.98047 0.000702
10495.66016 0.000707
10496.34961 0.000712
10497.04004 0.000717
10497.71973 0.000723
10498.41016 0.000728
10499.09961 0.000733
10499.78027 0.000738
10500.46973 0.000743
10501.16016 0.000748
10501.83984 0.000753
10502.53027 0.000758
10503.21973 0.000763
10503.90039 0.000769
10504.58984 0.000774
10505.28027 0.000779
10505.96973 0.000784
10506.65039 0.000789
10507.33984 0.000794
10508.03027 0.000799
10508.70996 0.000804
10509.40039 0.00081
10510.08984 0.000815
10510.78027 0.00082
10511.45996 0.000825
10512.15039 0.00083
10512.83984 0.000835
10513.53027 0.00084
10514.20996 0.000845
10514.90039 0.000851
10515.58984 0.000856
10516.28027 0.000861
10516.95996 0.000866
10517.65039 0.000871
10518.33984 0.000876
10519.03027 0.000881
10519.71973 0.000886
10520.40039 0.000892
10521.08984 0.000897
10521.78027 0.000902
10522.46973 0.000907
10523.16016 0.000912
10523.83984 0.000917
10524.53027 0.000922
10525.21973 0.000928
10525.91016 0.000933
10526.59961 0.000938
10527.29004 0.000943
10527.96973 0.000948
10528.66016 0.000953
10529.34961 0.000959
10530.04004 0.000964
10530.73047 0.000969
10531.41992 0.000974
10532.11035 0.000979
10532.79980 0.000984
10533.48047 0.000989
10534.16992 0.000995
10534.86035 0.001
10535.54980 0.001005
10536.24023 0.00101
10536.92969 0.001015
10537.62012 0.00102
10538.30957 0.001026
10539.00000 0.001031
10539.69043 0.001036
10540.37988 0.001041
10541.07031 0.001046
10541.75000 0.001051
10542.44043 0.001057
10543.12988 0.001062
10543.82031 0.001067
10544.50977 0.001072
10545.20020 0.001077
10545.88965 0.001082
10546.58008 0.001088
10547.26953 0.001093
10547.95996 0.001098
10548.65039 0.001103
10549.33984 0.001108
10550.03027 0.001113
10550.71973 0.001119
10551.41016 0.001124
10552.09961 0.001129
10552.79004 0.001134
10553.48047 0.001139
10554.16992 0.001144
10554.86035 0.00115
10555.54980 0.001155
10556.24023 0.00116
10556.92969 0.001165
10557.62012 0.00117
10558.30957 0.001176
10559.00000 0.001181
10559.69043 0.001186
10560.37988 0.001191
10561.08008 0.001196
10561.76953 0.001201
10562.45996 0.001207
10563.15039 0.001212
10563.83984 0.001217
10564.53027 0.001222
10565.21973 0.001227
10565.91016 0.001233
10566.59961 0.001238
10567.29004 0.001243
10567.99023 0.001248
10568.67969 0.001253
10569.37012 0.001259
10570.05957 0.001264
10570.75000 0.001269
10571.44043 0.001274
10572.12988 0.001279
10572.82031 0.001285
10573.51953 0.00129
10574.20996 0.001295
10574.90039 0.0013
10575.58984 0.001305
10576.28027 0.001311
10576.96973 0.001316
10577.66992 0.001321
10578.36035 0.001326
10579.04980 0.001331
10579.74023 0.001337
10580.42969 0.001345
10581.12012 0.001355
10581.82031 0.001366
10582.50977 0.001376
10583.20020 0.001387
10583.88965 0.001397
10584.58008 0.001407
10585.28027 0.001418
10585.96973 0.001428
10586.66016 0.001438
10587.34961 0.001449
10588.04980 0.001459
10588.74023 0.00147
10589.42969 0.00148
10590.12988 0.00149
10590.82031 0.001501
10591.50977 0.001511
10592.20020 0.001521
10592.90039 0.001532
10593.58984 0.001542
10594.28027 0.001553
10594.96973 0.001563
10595.66992 0.001573
10596.36035 0.001584
10597.04980 0.001594
10597.75000 0.001605
10598.44043 0.001615
10599.12988 0.001625
10599.83008 0.001636
10600.51953 0.001642
10601.20996 0.001647
10601.91016 0.001653
10602.59961 0.001658
10603.29004 0.001663
10603.99023 0.001668
10604.67969 0.001673
10605.37012 0.001678
10606.07031 0.001684
10606.75977 0.001689
10607.45020 0.001694
10608.15039 0.001699
10608.83984 0.001704
10609.54004 0.001709
10610.23047 0.001715
10610.91992 0.00172
10611.62012 0.001725
10612.30957 0.00173
10613.00000 0.001735
10613.70020 0.00174
10614.38965 0.001746
10615.08984 0.001751
10615.78027 0.001756
10616.48047 0.001761
10617.16992 0.001766
10617.86035 0.001771
10618.55957 0.001777
10619.25000 0.001782
10619.95020 0.001787
10620.63965 0.001792
10621.33984 0.001797
10622.03027 0.001802
10622.73047 0.001808
10623.41992 0.001813
10624.12012 0.001818
10624.80957 0.001823
10625.50977 0.001828
10626.20020 0.001833
10626.90039 0.001839
10627.58984 0.001844
10628.29004 0.001849
10628.98047 0.001854
10629.67969 0.001859
10630.37012 0.001864
10631.07031 0.00187
10631.75977 0.001875
10632.45996 0.00188
10633.15039 0.001885
10633.84961 0.00189
10634.54004 0.001895
10635.24023 0.001901
10635.92969 0.001906
10636.62988 0.001911
10637.33008 0.001916
10638.01953 0.001921
10638.71973 0.001927
10639.41016 0.001932
10640.11035 0.001938
10640.79980 0.001948
10641.50000 0.001958
10642.20020 0.001969
10642.88965 0.001979
10643.58984 0.00199
10644.28027 0.002
10644.98047 0.00201
10645.67969 0.002021
10646.37012 0.002031
10647.07031 0.002041
10647.76953 0.002052
10648.45996 0.002062
10649.16016 0.002072
10649.84961 0.002083
10650.54980 0.002093
10651.25000 0.002104
10651.94043 0.002114
10652.63965 0.002124
10653.33984 0.002135
10654.03027 0.002145
10654.73047 0.002155
10655.42969 0.002166
10656.12012 0.002176
10656.82031 0.002187
10657.51953 0.002197
10658.21973 0.002207
10658.91016 0.002218
10659.61035 0.002228
10660.30957 0.002238
10661.00000 0.002249
10661.70020 0.002259
10662.40039 0.00227
10663.09961 0.00228
10663.79004 0.00229
10664.49023 0.002301
10665.19043 0.002311
10665.88965 0.002321
10666.58008 0.002332
10667.28027 0.002342
10667.98047 0.002353
10668.67969 0.002363
10669.37012 0.002373
10670.07031 0.002384
10670.76953 0.002394
10671.46973 0.002405
10672.16992 0.002415
10672.86035 0.002425
10673.55957 0.002436
10674.25977 0.002446
10674.95996 0.002456
10675.66016 0.002467
10676.34961 0.002477
10677.04980 0.002488
10677.75000 0.002498
10678.45020 0.002508
10679.15039 0.002519
10679.84961 0.002529
10680.54004 0.00254
10681.24023 0.00255
10681.94043 0.00256
10682.63965 0.002571
10683.33984 0.002581
10684.04004 0.002592
10684.74023 0.002602
10685.44043 0.002612
10686.12988 0.002623
10686.83008 0.002633
10687.53027 0.002644
10688.23047 0.002654
10688.92969 0.002664
10689.62988 0.002675
10690.33008 0.002685
10691.03027 0.002696
10691.73047 0.002706
10692.42969 0.002716
10693.12988 0.002727
10693.82031 0.002737
10694.51953 0.002748
10695.21973 0.002758
10695.91992 0.002769
10696.62012 0.002779
10697.32031 0.002789
10698.01953 0.0028
10698.71973 0.00281
10699.41992 0.002821
10700.12012 0.002831
10700.82031 0.002842
10701.51953 0.002852
10702.21973 0.002863
10702.91992 0.002873
10703.62012 0.002884
10704.32031 0.002894
10705.01953 0.002905
10705.71973 0.002915
10706.41992 0.002926
10707.12012 0.002936
10707.82031 0.002947
10708.51953 0.002957
10709.21973 0.002968
10709.91992 0.002978
10710.62012 0.002989
10711.32031 0.002999
10712.01953 0.00301
10712.71973 0.003021
10713.41992 0.003031
10714.12012 0.003042
10714.83008 0.003052
10715.53027 0.003063
10716.23047 0.003073
10716.92969 0.003084
10717.62988 0.003094
10718.33008 0.003105
10719.03027 0.003115
10719.73047 0.003126
10720.42969 0.003137
10721.12988 0.003147
10721.83984 0.003158
10722.54004 0.003168
10723.24023 0.003179
10723.94043 0.003189
10724.63965 0.0032
10725.33984 0.00321
10726.04004 0.003221
10726.75000 0.003232
10727.45020 0.003242
10728.15039 0.003253
10728.84961 0.003263
10729.54980 0.003274
10730.25000 0.003284
10730.95996 0.003295
10731.66016 0.003306
10732.36035 0.003316
10733.05957 0.003327
10733.75977 0.003337
10734.45996 0.003348
10735.16992 0.003359
10735.87012 0.003369
10736.57031 0.00338
10737.26953 0.00339
10737.98047 0.003401
10738.67969 0.003411
10739.37988 0.003422
10740.08008 0.003434
10740.78027 0.003455
10741.49023 0.003476
10742.19043 0.003497
10742.88965 0.003518
10743.58984 0.003539
10744.29980 0.00356
10745.00000 0.003582
10745.70020 0.003603
10746.41016 0.003624
10747.11035 0.003645
10747.80957 0.003666
10748.50977 0.003687
10749.21973 0.003708
10749.91992 0.003729
10750.62012 0.00375
10751.33008 0.003771
10752.03027 0.003793
10752.73047 0.003814
10753.44043 0.003835
10754.13965 0.003856
10754.83984 0.003877
10755.54980 0.003898
10756.25000 0.003919
10756.95020 0.003941
10757.66016 0.003962
10758.36035 0.003983
10759.05957 0.004004
10759.76953 0.004025
10760.46973 0.004046
10761.16992 0.004067
10761.87988 0.004089
10762.58008 0.00411
10763.29004 0.004131
10763.99023 0.004152
10764.69043 0.004173
10765.40039 0.004195
10766.09961 0.004216
10766.80957 0.004237
10767.50977 0.004258
10768.20996 0.004279
10768.91992 0.0043
10769.62012 0.004322
10770.33008 0.004343
10771.03027 0.004364
10771.74023 0.004385
10772.44043 0.004406
10773.15039 0.004428
10773.84961 0.004449
10774.54980 0.00447
10775.25977 0.004491
10775.95996 0.004513
10776.66992 0.004534
10777.37012 0.004555
10778.08008 0.004576
10778.78027 0.004597
10779.49023 0.004619
10780.19043 0.004644
10780.90039 0.004681
10781.59961 0.004718
10782.30957 0.004755
10783.00977 0.004792
10783.71973 0.00483
10784.41992 0.004867
10785.12988 0.004904
10785.83008 0.004941
10786.54004 0.004978
10787.25000 0.005015
10787.95020 0.005052
10788.66016 0.005089
10789.36035 0.005126
10790.07031 0.005163
10790.76953 0.005201
10791.48047 0.005238
10792.19043 0.005275
10792.88965 0.005312
10793.59961 0.005349
10794.29980 0.005386
10795.00977 0.005423
10795.70996 0.005461
10796.41992 0.005498
10797.12988 0.005535
10797.83008 0.005572
10798.54004 0.005609
10799.25000 0.005646
10799.95020 0.005684
10800.66016 0.005726
10801.36035 0.005768
10802.07031 0.00581
10802.78027 0.005853
10803.48047 0.005895
10804.19043 0.005938
10804.90039 0.00598
10805.59961 0.006022
10806.30957 0.006065
10807.01953 0.006107
10807.71973 0.00615
10808.42969 0.006192
10809.13965 0.006235
10809.83984 0.006277
10810.54980 0.006319
10811.25977 0.006362
10811.96973 0.006404
10812.66992 0.006447
10813.37988 0.006489
10814.08984 0.006532
10814.79004 0.006574
10815.50000 0.006617
10816.20996 0.006659
10816.91992 0.006702
10817.62012 0.006744
10818.33008 0.006787
10819.04004 0.006829
10819.75000 0.006872
10820.45020 0.006917
10821.16016 0.006965
10821.87012 0.007013
10822.58008 0.007061
10823.29004 0.007109
10823.99023 0.007157
10824.70020 0.007204
10825.41016 0.007252
10826.12012 0.0073
10826.83008 0.007348
10827.53027 0.007396
10828.24023 0.007444
10828.95020 0.007491
10829.66016 0.007539
10830.37012 0.007587
10831.07031 0.007635
10831.78027 0.007683
10832.49023 0.007731
10833.20020 0.007779
10833.91016 0.007827
10834.62012 0.007874
10835.33008 0.007922
10836.03027 0.00797
10836.74023 0.008018
10837.45020 0.008066
10838.16016 0.008114
10838.87012 0.008162
10839.58008 0.00821
10840.29004 0.008262
10841.00000 0.008321
10841.70020 0.008379
10842.41016 0.008438
10843.12012 0.008496
10843.83008 0.008555
10844.54004 0.008614
10845.25000 0.008672
10845.95996 0.008731
10846.66992 0.008789
10847.37988 0.008848
10848.08984 0.008907
10848.79980 0.008965
10849.50977 0.009024
10850.21973 0.009083
10850.92969 0.009141
10851.63965 0.0092
10852.34961 0.009259
10853.04980 0.009317
10853.75977 0.009376
10854.46973 0.009435
10855.17969 0.009493
10855.88965 0.009552
10856.59961 0.009611
10857.30957 0.009669
10858.01953 0.009728
10858.73047 0.009787
10859.45020 0.009846
10860.16016 0.009906
10860.87012 0.00997
10861.58008 0.010034
10862.29004 0.010098
10863.00000 0.010162
10863.70996 0.010226
10864.41992 0.01029
10865.12988 0.010354
10865.83984 0.010418
10866.54980 0.010482
10867.25977 0.010546
10867.96973 0.010611
10868.67969 0.010675
10869.38965 0.010739
10870.09961 0.010803
10870.80957 0.010867
10871.53027 0.010931
10872.24023 0.010996
10872.95020 0.01106
10873.66016 0.011124
10874.37012 0.011188
10875.08008 0.011252
10875.79004 0.011317
10876.50000 0.011381
10877.20996 0.011445
10877.92969 0.011509
10878.63965 0.011574
10879.34961 0.011638
10880.05957 0.011702
10880.76953 0.011772
10881.48047 0.011842
10882.20020 0.011911
10882.91016 0.011981
10883.62012 0.01205
10884.33008 0.01212
10885.04004 0.01219
10885.75000 0.012259
10886.46973 0.012329
10887.17969 0.012399
10887.88965 0.012468
10888.59961 0.012538
10889.30957 0.012608
10890.03027 0.012677
10890.74023 0.012747
10891.45020 0.012817
10892.16016 0.012887
10892.87988 0.012956
10893.58984 0.013026
10894.29980 0.013096
10895.00977 0.013166
10895.73047 0.013235
10896.44043 0.013305
10897.15039 0.013375
10897.86035 0.013445
10898.58008 0.013514
10899.29004 0.013584
10900.00000 0.013654
10900.70996 0.013724
10901.42969 0.013794
10902.13965 0.013864
10902.84961 0.013934
10903.57031 0.014004
10904.28027 0.014074
10904.99023 0.014144
10905.70996 0.014214
10906.41992 0.014284
10907.12988 0.014354
10907.84961 0.014424
10908.55957 0.014494
10909.26953 0.014564
10909.99023 0.014634
10910.70020 0.014704
10911.41016 0.014774
10912.12988 0.014844
10912.83984 0.014914
10913.54980 0.014984
10914.26953 0.015054
10914.98047 0.015124
10915.70020 0.015194
10916.41016 0.015264
10917.12012 0.015334
10917.83984 0.015405
10918.54980 0.015475
10919.26953 0.015545
10919.98047 0.015615
10920.69043 0.01569
10921.41016 0.015766
10922.12012 0.015842
10922.83984 0.015917
10923.54980 0.015993
10924.26953 0.016068
10924.98047 0.016144
10925.69043 0.016219
10926.41016 0.016295
10927.12012 0.016371
10927.83984 0.016446
10928.54980 0.016522
10929.26953 0.016597
10929.98047 0.016673
10930.70020 0.016749
10931.41016 0.016824
10932.12988 0.0169
10932.83984 0.016976
10933.55957 0.017052
10934.26953 0.017127
10934.99023 0.017203
10935.70020 0.017279
10936.41992 0.017354
10937.12988 0.01743
10937.84961 0.017506
10938.55957 0.017582
10939.28027 0.017658
10940.00000 0.017733
10940.70996 0.017814
10941.42969 0.017896
10942.13965 0.017977
10942.86035 0.018058
10943.57031 0.018139
10944.29004 0.018221
10945.00000 0.018302
10945.71973 0.018383
10946.44043 0.018464
10947.15039 0.018546
10947.87012 0.018627
10948.58008 0.018708
10949.29980 0.01879
10950.01953 0.018871
10950.73047 0.018952
10951.45020 0.019034
10952.16016 0.019115
10952.87988 0.019196
10953.59961 0.019278
10954.30957 0.019359
10955.03027 0.01944
10955.75000 0.019522
10956.45996 0.019603
10957.17969 0.019685
10957.90039 0.019766
10958.61035 0.019848
10959.33008 0.019929
10960.04980 0.020011
10960.75977 0.020103
10961.48047 0.020196
10962.20020 0.020288
10962.91016 0.02038
10963.62988 0.020473
10964.34961 0.020565
10965.05957 0.020657
10965.78027 0.02075
10966.50000 0.020842
10967.21973 0.020934
10967.92969 0.021027
10968.65039 0.021119
10969.37012 0.021212
10970.08984 0.021304
10970.79980 0.021397
10971.51953 0.021489
10972.24023 0.021582
10972.95996 0.021674
10973.66992 0.021767
10974.38965 0.021859
10975.11035 0.021952
10975.83008 0.022044
10976.54004 0.022137
10977.25977 0.022229
10977.98047 0.022322
10978.70020 0.022414
10979.41992 0.022507
10980.12988 0.022603
10980.84961 0.022712
10981.57031 0.02282
10982.29004 0.022929
10983.00977 0.023038
10983.73047 0.023147
10984.44043 0.023256
10985.16016 0.023365
10985.87988 0.023474
10986.59961 0.023583
10987.32031 0.023692
10988.04004 0.023801
10988.75000 0.02391
10989.46973 0.024019
10990.19043 0.024128
