threeML/data/optical_filters/HST/NICMOS1-F160W.ecsv
# %ECSV 0.9
# ---
# datatype:
# - {name: wavelength, unit: Angstrom, datatype: float32}
# - {name: response, datatype: float32}
# meta: !!omap
# - {band_name: F160W}
# - {group_name: NICMOS1}
wavelength response
[from data line 1531]
14624.66016 0.166073
14625.41016 0.166101
14626.16016 0.166127
14626.91016 0.166153
14627.66016 0.16618
14628.41016 0.166206
14629.16016 0.166233
14629.91016 0.166259
14630.66016 0.166279
14631.41016 0.166298
14632.16016 0.166317
14632.91016 0.166336
14633.66016 0.166355
14634.41016 0.166374
14635.16016 0.166396
14635.91016 0.166427
14636.66016 0.166459
14637.41016 0.166491
14638.16016 0.166522
14638.91016 0.166554
14639.66016 0.166586
14640.41016 0.166611
14641.16016 0.166633
14641.91016 0.166654
14642.66992 0.166676
14643.41992 0.166697
14644.16992 0.166718
14644.91992 0.16674
14645.66992 0.166767
14646.41992 0.166794
14647.16992 0.166822
14647.91992 0.166849
14648.66992 0.166877
14649.41992 0.166904
14650.16992 0.166933
14650.91992 0.166964
14651.67969 0.166995
14652.42969 0.167027
14653.17969 0.167058
14653.92969 0.16709
14654.67969 0.167121
14655.42969 0.167153
14656.17969 0.167185
14656.92969 0.167218
14657.69043 0.16725
14658.44043 0.167283
14659.19043 0.167315
14659.94043 0.167348
14660.69043 0.167374
14661.44043 0.167399
14662.19043 0.167425
14662.95020 0.16745
14663.70020 0.167476
14664.45020 0.167501
14665.20020 0.167528
14665.95020 0.167559
14666.70996 0.167589
14667.45996 0.16762
14668.20996 0.16765
14668.95996 0.167681
14669.70996 0.167711
14670.45996 0.167742
14671.21973 0.167774
14671.96973 0.167806
14672.71973 0.167837
14673.46973 0.167869
14674.23047 0.1679
14674.98047 0.167932
14675.73047 0.167966
14676.48047 0.168
14677.23047 0.168034
14677.99023 0.168069
14678.74023 0.168103
14679.49023 0.168137
14680.24023 0.16817
14681.00000 0.168199
14681.75000 0.168229
14682.50000 0.168258
14683.25000 0.168288
14684.00977 0.168317
14684.75977 0.168347
14685.50977 0.168379
14686.26953 0.168413
14687.01953 0.168448
14687.76953 0.168482
14688.51953 0.168516
14689.28027 0.16855
14690.03027 0.168584
14690.78027 0.16862
14691.54004 0.168657
14692.29004 0.168693
14693.04004 0.16873
14693.79980 0.168766
14694.54980 0.168803
14695.29980 0.168839
14696.05957 0.168873
14696.80957 0.168907
14697.55957 0.168942
14698.32031 0.168976
14699.07031 0.169011
14699.82031 0.169045
14700.58008 0.169082
14701.33008 0.16912
14702.08008 0.169158
14702.83984 0.169197
14703.58984 0.169235
14704.34961 0.169273
14705.09961 0.169311
14705.84961 0.169346
14706.61035 0.169381
14707.36035 0.169416
14708.12012 0.169451
14708.87012 0.169486
14709.62012 0.169522
14710.37988 0.169562
14711.12988 0.169607
14711.88965 0.169652
14712.63965 0.169697
14713.38965 0.169742
14714.15039 0.169788
14714.90039 0.169833
14715.66016 0.169877
14716.41016 0.169922
14717.16992 0.169967
14717.91992 0.170011
14718.66992 0.170056
14719.42969 0.1701
14720.17969 0.170144
14720.94043 0.170182
14721.69043 0.170221
14722.45020 0.17026
14723.20020 0.170298
14723.95996 0.170337
14724.70996 0.170376
14725.46973 0.170417
14726.21973 0.170459
14726.98047 0.170501
14727.73047 0.170543
14728.49023 0.170585
14729.24023 0.170627
14730.00000 0.170669
14730.75000 0.170717
14731.50977 0.170765
14732.25977 0.170814
14733.01953 0.170862
14733.76953 0.17091
14734.53027 0.170959
14735.28027 0.171004
14736.04004 0.171043
14736.79004 0.171083
14737.54980 0.171123
14738.30957 0.171162
14739.05957 0.171202
14739.82031 0.171242
14740.57031 0.17128
14741.33008 0.171317
14742.08008 0.171354
14742.83984 0.171392
14743.58984 0.171429
14744.34961 0.171467
14745.11035 0.171505
14745.86035 0.17155
14746.62012 0.171594
14747.37012 0.171639
14748.12988 0.171683
14748.88965 0.171728
14749.63965 0.171773
14750.40039 0.171816
14751.15039 0.171857
14751.91016 0.171899
14752.66992 0.17194
14753.41992 0.171982
14754.17969 0.172023
14754.94043 0.172065
14755.69043 0.172116
14756.45020 0.172168
14757.20996 0.17222
14757.95996 0.172272
14758.71973 0.172324
14759.48047 0.172376
14760.23047 0.172425
14760.99023 0.172467
14761.75000 0.172509
14762.50000 0.172551
14763.25977 0.172594
14764.01953 0.172636
14764.76953 0.172678
14765.53027 0.172721
14766.29004 0.172765
14767.04004 0.172808
14767.79980 0.172851
14768.55957 0.172895
14769.30957 0.172938
14770.07031 0.172981
14770.83008 0.173024
14771.58984 0.173067
14772.33984 0.17311
14773.09961 0.173153
14773.86035 0.173196
14774.62012 0.173239
14775.37012 0.173283
14776.12988 0.173327
14776.88965 0.173372
14777.63965 0.173417
14778.40039 0.173461
14779.16016 0.173506
14779.91992 0.173551
14780.67969 0.173597
14781.42969 0.173644
14782.19043 0.173691
14782.95020 0.173738
14783.70996 0.173785
14784.45996 0.173832
14785.21973 0.173877
14785.98047 0.173918
14786.74023 0.173959
14787.50000 0.174001
14788.25000 0.174042
14789.00977 0.174083
14789.76953 0.174125
14790.53027 0.174161
14791.29004 0.174196
14792.04004 0.174231
14792.79980 0.174266
14793.55957 0.174301
14794.32031 0.174335
14795.08008 0.174372
14795.83984 0.174421
14796.59961 0.174469
14797.34961 0.174518
14798.11035 0.174567
14798.87012 0.174616
14799.62988 0.174665
14800.38965 0.174706
14801.15039 0.17474
14801.91016 0.174774
14802.66992 0.174808
14803.41992 0.174842
14804.17969 0.174876
14804.94043 0.17491
14805.70020 0.174949
14806.45996 0.174989
14807.21973 0.175028
14807.98047 0.175067
14808.74023 0.175106
14809.50000 0.175146
14810.25000 0.175184
14811.00977 0.17522
14811.76953 0.175256
14812.53027 0.175292
14813.29004 0.175328
14814.04980 0.175364
14814.80957 0.1754
14815.57031 0.175433
14816.33008 0.175466
14817.08984 0.175498
14817.84961 0.17553
14818.61035 0.175563
14819.37012 0.175595
14820.12988 0.175627
14820.88965 0.175659
14821.65039 0.17569
14822.41016 0.175722
14823.16992 0.175753
14823.92969 0.175784
14824.69043 0.175816
14825.45020 0.175848
14826.20996 0.175881
14826.96973 0.175915
14827.73047 0.175948
14828.49023 0.175981
14829.25000 0.176015
14830.00977 0.176048
14830.76953 0.176084
14831.53027 0.17612
14832.29004 0.176156
14833.04980 0.176192
14833.80957 0.176228
14834.57031 0.176264
14835.33008 0.176297
14836.08984 0.176325
14836.84961 0.176352
14837.61035 0.17638
14838.37012 0.176408
14839.12988 0.176436
14839.88965 0.176464
14840.66016 0.1765
14841.41992 0.176536
14842.17969 0.176573
14842.94043 0.176609
14843.70020 0.176646
14844.45996 0.176683
14845.21973 0.176716
14845.98047 0.176742
14846.74023 0.176768
14847.50000 0.176794
14848.25977 0.17682
14849.03027 0.176845
14849.79004 0.176871
14850.54980 0.176899
14851.30957 0.176927
14852.07031 0.176956
14852.83008 0.176984
14853.58984 0.177012
14854.36035 0.177041
14855.12012 0.177069
14855.87988 0.177096
14856.63965 0.177124
14857.40039 0.177151
14858.16016 0.177178
14858.91992 0.177206
14859.69043 0.177233
14860.45020 0.177256
14861.20996 0.177275
14861.96973 0.177294
14862.73047 0.177313
14863.50000 0.177332
14864.25977 0.177351
14865.01953 0.177371
14865.78027 0.177401
14866.54004 0.177431
14867.30957 0.177462
14868.07031 0.177492
14868.83008 0.177523
14869.58984 0.177553
14870.34961 0.177578
14871.12012 0.177597
14871.87988 0.177616
14872.63965 0.177635
14873.40039 0.177653
14874.16992 0.177672
14874.92969 0.177691
14875.69043 0.177708
14876.45020 0.177724
14877.21973 0.17774
14877.98047 0.177757
14878.74023 0.177773
14879.50000 0.17779
14880.26953 0.177807
14881.03027 0.177825
14881.79004 0.177844
14882.55957 0.177863
14883.32031 0.177881
14884.08008 0.1779
14884.84961 0.177918
14885.61035 0.177942
14886.37012 0.177966
14887.12988 0.177991
14887.90039 0.178015
14888.66016 0.17804
14889.41992 0.178065
14890.19043 0.178086
14890.95020 0.178099
14891.70996 0.178112
14892.48047 0.178124
14893.24023 0.178137
14894.00000 0.17815
14894.76953 0.178162
14895.53027 0.178177
14896.29980 0.178192
14897.05957 0.178207
14897.82031 0.178222
14898.58984 0.178238
14899.34961 0.178253
14900.11035 0.178268
14900.87988 0.17828
14901.63965 0.178293
14902.41016 0.178305
14903.16992 0.178318
14903.92969 0.17833
14904.70020 0.178343
14905.45996 0.178357
14906.23047 0.178372
14906.99023 0.178387
14907.75000 0.178402
14908.51953 0.178417
14909.28027 0.178433
14910.04980 0.178447
14910.80957 0.178455
14911.58008 0.178463
14912.33984 0.178472
14913.09961 0.17848
14913.87012 0.178488
14914.62988 0.178496
14915.40039 0.178506
14916.16016 0.178516
14916.92969 0.178526
14917.69043 0.178537
14918.45996 0.178547
14919.21973 0.178558
14919.99023 0.178568
14920.75000 0.178577
14921.51953 0.178585
14922.28027 0.178594
14923.04980 0.178602
14923.80957 0.178611
14924.58008 0.178619
14925.33984 0.17863
14926.11035 0.178643
14926.87012 0.178656
14927.63965 0.17867
14928.40039 0.178683
14929.16992 0.178696
14929.92969 0.178709
14930.70020 0.178713
14931.45996 0.178716
14932.23047 0.178718
14932.99023 0.178721
14933.75977 0.178724
14934.53027 0.178727
14935.29004 0.178733
14936.05957 0.178745
14936.82031 0.178757
14937.58984 0.178769
14938.34961 0.178781
14939.12012 0.178793
14939.88965 0.178806
14940.65039 0.178802
14941.41992 0.178796
14942.17969 0.178791
14942.95020 0.178785
14943.71973 0.178779
14944.48047 0.178773
14945.25000 0.178769
14946.00977 0.17877
14946.78027 0.178771
14947.54980 0.178772
14948.30957 0.178773
14949.08008 0.178774
14949.83984 0.178775
14950.61035 0.178781
14951.37988 0.178788
14952.13965 0.178795
14952.91016 0.178802
14953.67969 0.178808
14954.44043 0.178815
14955.20996 0.178821
14955.98047 0.178823
14956.74023 0.178825
14957.50977 0.178827
14958.28027 0.178829
14959.04004 0.178831
14959.80957 0.178833
14960.58008 0.178835
14961.33984 0.178837
14962.11035 0.17884
14962.87988 0.178842
14963.65039 0.178844
14964.41016 0.178846
14965.17969 0.178846
14965.95020 0.178839
14966.70996 0.178833
14967.48047 0.178826
14968.25000 0.178819
14969.01953 0.178813
14969.78027 0.178806
14970.54980 0.178806
14971.32031 0.178808
14972.08984 0.17881
14972.84961 0.178812
14973.62012 0.178814
14974.38965 0.178816
14975.16016 0.178818
14975.91992 0.178816
14976.69043 0.178814
14977.45996 0.178813
14978.23047 0.178811
14979.00000 0.178809
14979.75977 0.178807
14980.53027 0.178807
14981.29980 0.178807
14982.07031 0.178807
14982.83984 0.178807
14983.59961 0.178807
14984.37012 0.178807
14985.13965 0.178807
14985.91016 0.178803
14986.67969 0.1788
14987.44043 0.178796
14988.20996 0.178793
14988.98047 0.178789
14989.75000 0.178786
14990.51953 0.178787
14991.29004 0.17879
14992.04980 0.178794
14992.82031 0.178797
14993.58984 0.1788
14994.36035 0.178804
14995.12988 0.178806
14995.90039 0.178802
14996.66992 0.178799
14997.44043 0.178795
14998.20020 0.178792
14998.96973 0.178788
14999.74023 0.178785
15000.50977 0.17877
15001.28027 0.17875
15002.04980 0.178729
15002.82031 0.178708
15003.58984 0.178688
15004.36035 0.178667
15005.12988 0.178649
15005.90039 0.17864
15006.66016 0.17863
15007.42969 0.178621
15008.20020 0.178612
15008.96973 0.178603
15009.74023 0.178594
15010.50977 0.178585
15011.28027 0.178574
15012.04980 0.178564
15012.82031 0.178554
15013.58984 0.178544
15014.36035 0.178534
15015.12988 0.17852
15015.90039 0.178491
15016.66992 0.178461
15017.44043 0.178431
15018.20996 0.178402
15018.98047 0.178372
15019.75000 0.178342
15020.51953 0.178323
15021.29004 0.178309
15022.05957 0.178295
15022.83008 0.178281
15023.59961 0.178267
15024.37012 0.178253
15025.13965 0.178239
15025.91016 0.178227
15026.67969 0.178215
15027.45020 0.178203
15028.21973 0.178192
15028.99023 0.178179
15029.75977 0.178168
15030.53027 0.178153
15031.29980 0.178139
15032.07031 0.178123
15032.83984 0.178109
15033.61035 0.178093
15034.37988 0.178079
15035.16016 0.178063
15035.92969 0.178047
15036.70020 0.178031
15037.46973 0.178014
15038.24023 0.177998
15039.00977 0.177982
15039.78027 0.177966
15040.54980 0.177952
15041.32031 0.177939
15042.08984 0.177926
15042.86035 0.177913
15043.63965 0.1779
15044.41016 0.177888
15045.17969 0.177874
15045.95020 0.177856
15046.71973 0.177838
15047.49023 0.17782
15048.25977 0.177802
15049.03027 0.177784
15049.80957 0.177767
15050.58008 0.177759
15051.34961 0.177755
15052.12012 0.177752
15052.88965 0.177748
15053.66016 0.177744
15054.44043 0.17774
15055.20996 0.177734
15055.98047 0.177722
15056.75000 0.17771
15057.51953 0.177698
15058.29004 0.177686
15059.07031 0.177674
15059.83984 0.177662
15060.61035 0.177645
15061.37988 0.177627
15062.16016 0.177609
15062.92969 0.177591
15063.70020 0.177573
15064.46973 0.177556
15065.24023 0.177542
15066.01953 0.177537
15066.79004 0.177532
15067.55957 0.177527
15068.33008 0.177521
15069.11035 0.177516
15069.87988 0.177511
15070.65039 0.1775
15071.41992 0.177486
15072.20020 0.177473
15072.96973 0.17746
15073.74023 0.177447
15074.50977 0.177434
15075.29004 0.177419
15076.05957 0.1774
15076.83008 0.177382
15077.61035 0.177363
15078.37988 0.177344
15079.15039 0.177326
15079.91992 0.177307
15080.70020 0.17731
15081.46973 0.177316
15082.24023 0.177322
15083.01953 0.177327
15083.79004 0.177333
15084.55957 0.177339
15085.33984 0.177338
15086.11035 0.177328
15086.87988 0.177319
15087.66016 0.177309
15088.42969 0.1773
15089.20020 0.177291
15089.98047 0.177281
15090.75000 0.177272
15091.51953 0.177263
15092.29980 0.177254
15093.07031 0.177245
15093.84961 0.177236
15094.62012 0.177227
15095.38965 0.177222
15096.16992 0.177221
15096.94043 0.177219
15097.70996 0.177218
15098.49023 0.177216
15099.25977 0.177215
15100.04004 0.177213
15100.80957 0.177206
15101.58008 0.177198
15102.36035 0.177191
15103.12988 0.177183
15103.91016 0.177176
15104.67969 0.177168
15105.45996 0.177165
15106.23047 0.177166
15107.00000 0.177166
15107.78027 0.177166
15108.54980 0.177166
15109.33008 0.177166
15110.09961 0.177168
15110.87988 0.177175
15111.65039 0.177182
15112.42969 0.17719
15113.20020 0.177197
15113.98047 0.177204
15114.75000 0.177212
15115.53027 0.177209
15116.29980 0.177201
15117.08008 0.177194
15117.84961 0.177186
15118.62988 0.177178
15119.40039 0.177171
15120.17969 0.177167
15120.95020 0.177175
15121.73047 0.177183
15122.50000 0.177192
15123.28027 0.1772
15124.04980 0.177208
15124.83008 0.177216
15125.59961 0.177217
15126.37988 0.177215
15127.15039 0.177214
15127.92969 0.177212
15128.70020 0.177211
15129.48047 0.177209
15130.25977 0.177207
15131.03027 0.177203
15131.80957 0.177198
15132.58008 0.177194
15133.36035 0.17719
15134.12988 0.177185
15134.91016 0.177181
15135.69043 0.17719
15136.45996 0.177201
15137.24023 0.177212
15138.00977 0.177224
15138.79004 0.177235
15139.57031 0.177246
15140.33984 0.177248
15141.12012 0.17724
15141.88965 0.177231
15142.66992 0.177223
15143.45020 0.177214
15144.21973 0.177206
15145.00000 0.177197
15145.78027 0.17721
15146.54980 0.177222
15147.33008 0.177235
15148.11035 0.177247
15148.87988 0.17726
15149.66016 0.177272
15150.44043 0.17728
15151.20996 0.177284
15151.99023 0.177288
15152.76953 0.177292
15153.54004 0.177296
15154.32031 0.1773
15155.09961 0.177305
15155.87012 0.177312
15156.65039 0.17732
15157.42969 0.177328
15158.20020 0.177336
15158.98047 0.177343
15159.75977 0.177351
15160.54004 0.177357
15161.30957 0.177363
15162.08984 0.177369
15162.87012 0.177374
15163.63965 0.17738
15164.41992 0.177386
15165.20020 0.177391
15165.98047 0.177396
15166.75000 0.177401
15167.53027 0.177406
15168.30957 0.177411
15169.08984 0.177417
15169.86035 0.177422
15170.63965 0.177426
15171.41992 0.177431
15172.20020 0.177436
15172.96973 0.177441
15173.75000 0.177446
15174.53027 0.177451
15175.30957 0.177459
15176.08984 0.177472
15176.86035 0.177484
15177.63965 0.177497
15178.41992 0.17751
15179.20020 0.177523
15179.98047 0.177536
15180.75000 0.177549
15181.53027 0.177562
15182.30957 0.177575
15183.08984 0.177588
15183.87012 0.177601
15184.65039 0.177614
15185.41992 0.17762
15186.20020 0.177621
15186.98047 0.177622
15187.75977 0.177622
15188.54004 0.177623
15189.32031 0.177624
15190.09961 0.177626
15190.87012 0.177636
15191.65039 0.177645
15192.42969 0.177655
15193.20996 0.177665
15193.99023 0.177674
15194.76953 0.177684
15195.54980 0.177694
15196.33008 0.177704
15197.11035 0.177715
15197.87988 0.177725
15198.66016 0.177736
15199.44043 0.177746
15200.21973 0.177757
15201.00000 0.177767
15201.78027 0.177778
15202.55957 0.177789
15203.33984 0.1778
15204.12012 0.177811
15204.90039 0.177821
15205.67969 0.177837
15206.45996 0.177854
15207.24023 0.177871
15208.01953 0.177888
15208.79980 0.177905
