threeML/data/optical_filters/HST/NICMOS1-F166N.ecsv
# %ECSV 0.9
# ---
# datatype:
# - {name: wavelength, unit: Angstrom, datatype: float32}
# - {name: response, datatype: float32}
# meta: !!omap
# - {band_name: F166N}
# - {group_name: NICMOS1}
wavelength response
[from data line 2298]
16777.68945 0.001996
16777.85938 0.001925
16778.01953 0.001871
16778.18945 0.00192
16778.35938 0.001969
16778.52930 0.002018
16778.68945 0.002066
16778.85938 0.002115
16779.02930 0.002164
16779.18945 0.002213
16779.35938 0.002262
16779.52930 0.002311
16779.69922 0.002359
16779.85938 0.002408
16780.02930 0.002441
16780.19922 0.002406
16780.36914 0.00237
16780.52930 0.002333
16780.69922 0.002298
16780.86914 0.002261
16781.03906 0.002225
16781.19922 0.00219
16781.36914 0.002153
16781.53906 0.002117
16781.69922 0.002081
16781.86914 0.002045
16782.03906 0.002018
16782.21094 0.002022
16782.36914 0.002025
16782.53906 0.002028
16782.71094 0.002032
16782.86914 0.002035
16783.03906 0.002039
16783.21094 0.002042
16783.38086 0.002045
16783.53906 0.002049
16783.71094 0.002052
16783.88086 0.002056
16784.05078 0.00205
16784.21094 0.002019
16784.38086 0.00199
16784.55078 0.001959
16784.72070 0.001929
16784.88086 0.001899
16785.05078 0.001869
16785.22070 0.001839
16785.39062 0.001809
16785.55078 0.001779
16785.72070 0.001749
16785.89062 0.001719
16786.05078 0.001699
16786.22070 0.001699
16786.39062 0.001699
16786.56055 0.001699
16786.72070 0.001699
16786.89062 0.001699
16787.06055 0.001698
16787.23047 0.001698
16787.39062 0.001698
16787.56055 0.001698
16787.73047 0.001698
16787.90039 0.001698
16788.06055 0.0017
16788.23047 0.001703
16788.40039 0.001706
16788.57031 0.001709
16788.73047 0.001713
16788.90039 0.001716
16789.07031 0.001719
16789.24023 0.001723
16789.40039 0.001726
16789.57031 0.001729
16789.74023 0.001732
16789.91016 0.001736
16790.07031 0.001743
16790.24023 0.001755
16790.41016 0.001768
16790.58008 0.00178
16790.74023 0.001792
16790.91016 0.001804
16791.08008 0.001817
16791.25000 0.001829
16791.41016 0.001841
16791.58008 0.001854
16791.75000 0.001866
16791.91992 0.001878
16792.08008 0.001867
16792.25000 0.001833
16792.41992 0.001798
16792.58008 0.001764
16792.75000 0.00173
16792.91992 0.001695
16793.08984 0.001661
16793.25000 0.001626
16793.41992 0.001592
16793.58984 0.001557
16793.75977 0.001523
16793.91992 0.001489
16794.08984 0.001462
16794.25977 0.001443
16794.42969 0.001424
16794.58984 0.001405
16794.75977 0.001386
16794.92969 0.001366
16795.09961 0.001347
16795.25977 0.001328
16795.42969 0.001309
16795.59961 0.00129
16795.76953 0.00127
16795.92969 0.001251
16796.09961 0.001253
16796.26953 0.001269
16796.43945 0.001286
16796.59961 0.001302
16796.76953 0.001318
16796.93945 0.001334
16797.10938 0.00135
16797.26953 0.001366
16797.43945 0.001382
16797.60938 0.001398
16797.77930 0.001414
16797.93945 0.00143
16798.10938 0.00141
16798.27930 0.001372
16798.44922 0.001334
16798.61914 0.001295
16798.77930 0.001258
16798.94922 0.001219
16799.11914 0.001181
16799.28906 0.001143
16799.44922 0.001105
16799.61914 0.001066
16799.78906 0.001028
16799.96094 0.00099
16800.11914 0.000986
16800.28906 0.000996
16800.46094 0.001006
16800.61914 0.001015
16800.78906 0.001025
16800.96094 0.001035
16801.13086 0.001044
16801.28906 0.001054
16801.46094 0.001064
16801.63086 0.001073
16801.80078 0.001083
16801.96094 0.001093
16802.13086 0.001067
16802.30078 0.001032
16802.47070 0.000997
16802.63086 0.000961
16802.80078 0.000926
16802.97070 0.000891
16803.14062 0.000856
16803.30078 0.000821
16803.47070 0.000785
16803.64062 0.00075
16803.81055 0.000715
16803.98047 0.00068
16804.14062 0.000709
16804.31055 0.000749
16804.48047 0.000789
16804.65039 0.000829
16804.81055 0.000869
16804.98047 0.000908
16805.15039 0.000948
16805.32031 0.000988
16805.48047 0.001029
16805.65039 0.001069
16805.82031 0.001108
16805.99023 0.001148
16806.15039 0.001113
16806.32031 0.001071
16806.49023 0.00103
16806.66016 0.000989
16806.82031 0.000947
16806.99023 0.000905
16807.16016 0.000863
16807.33008 0.000822
16807.49023 0.00078
16807.66016 0.000739
16807.83008 0.000697
16808.00000 0.000655
16808.16992 0.00065
16808.33008 0.000645
16808.50000 0.000641
16808.66992 0.000636
16808.83984 0.000631
16809.00000 0.000627
16809.16992 0.000622
16809.33984 0.000617
16809.50977 0.000612
16809.66992 0.000608
16809.83984 0.000603
16810.00977 0.000599
16810.17969 0.000611
16810.33984 0.000622
16810.50977 0.000633
16810.67969 0.000644
16810.84961 0.000656
16811.01953 0.000667
16811.17969 0.000678
16811.34961 0.00069
16811.51953 0.000701
16811.68945 0.000712
16811.84961 0.000724
16812.01953 0.000734
16812.18945 0.000737
16812.35938 0.000741
16812.51953 0.000744
16812.68945 0.000748
16812.85938 0.000751
16813.02930 0.000755
16813.19922 0.000758
16813.35938 0.000762
16813.52930 0.000765
16813.69922 0.000769
16813.86914 0.000772
16814.02930 0.000769
16814.19922 0.000742
16814.36914 0.000715
16814.53906 0.000687
16814.69922 0.00066
16814.86914 0.000633
16815.03906 0.000605
16815.21094 0.000578
16815.36914 0.00055
16815.53906 0.000523
16815.71094 0.000496
16815.88086 0.000468
16816.03906 0.00046
16816.21094 0.000501
16816.38086 0.000543
16816.55078 0.000585
16816.71094 0.000626
16816.88086 0.000668
16817.05078 0.00071
16817.22070 0.000752
16817.39062 0.000794
16817.55078 0.000835
16817.72070 0.000877
16817.89062 0.000919
16818.06055 0.000937
16818.22070 0.00091
16818.39062 0.000882
16818.56055 0.000855
16818.73047 0.000827
16818.90039 0.0008
16819.06055 0.000772
16819.23047 0.000745
16819.40039 0.000718
16819.57031 0.00069
16819.73047 0.000663
16819.90039 0.000636
16820.07031 0.000615
16820.24023 0.000604
16820.41016 0.000592
16820.57031 0.000581
16820.74023 0.00057
16820.91016 0.000559
16821.08008 0.000547
16821.24023 0.000536
16821.41016 0.000525
16821.58008 0.000514
16821.75000 0.000502
16821.91016 0.000491
16822.08008 0.000492
16822.25000 0.000505
16822.41992 0.000518
16822.58984 0.000531
16822.75000 0.000544
16822.91992 0.000557
16823.08984 0.00057
16823.25977 0.000583
16823.41992 0.000596
16823.58984 0.000609
16823.75977 0.000622
16823.92969 0.000635
16824.09961 0.000635
16824.25977 0.000625
16824.42969 0.000616
16824.59961 0.000606
16824.76953 0.000596
16824.93945 0.000587
16825.09961 0.000577
16825.26953 0.000568
16825.43945 0.000558
16825.60938 0.000549
16825.76953 0.000539
16825.93945 0.00053
16826.10938 0.000535
16826.27930 0.000548
16826.44922 0.000561
16826.60938 0.000574
16826.77930 0.000587
16826.94922 0.000599
16827.11914 0.000612
16827.27930 0.000625
16827.44922 0.000638
16827.61914 0.000651
16827.78906 0.000664
16827.96094 0.000677
16828.11914 0.000678
16828.28906 0.000675
16828.46094 0.000672
16828.63086 0.000669
16828.78906 0.000665
16828.96094 0.000662
16829.13086 0.000659
16829.30078 0.000656
16829.46094 0.000652
16829.63086 0.000649
16829.80078 0.000646
16829.97070 0.000643
16830.14062 0.000631
16830.30078 0.000618
16830.47070 0.000605
16830.64062 0.000592
16830.81055 0.00058
16830.98047 0.000567
16831.14062 0.000554
16831.31055 0.000541
16831.48047 0.000528
16831.65039 0.000515
16831.81055 0.000502
16831.98047 0.000489
16832.15039 0.000487
16832.32031 0.000488
16832.49023 0.000488
16832.65039 0.000488
16832.82031 0.000488
16832.99023 0.000488
16833.16016 0.000488
16833.33008 0.000488
16833.49023 0.000488
16833.66016 0.000488
16833.83008 0.000488
16834.00000 0.000488
16834.16016 0.000483
16834.33008 0.000478
16834.50000 0.000474
16834.66992 0.000469
16834.83984 0.000464
16835.00000 0.000459
16835.16992 0.000454
16835.33984 0.000449
16835.50977 0.000444
16835.67969 0.000439
16835.83984 0.000434
16836.00977 0.00043
16836.17969 0.00043
16836.34961 0.00043
16836.51953 0.00043
16836.67969 0.00043
16836.84961 0.00043
16837.01953 0.00043
16837.18945 0.00043
16837.35938 0.00043
16837.51953 0.00043
16837.68945 0.000431
16837.85938 0.000431
16838.02930 0.000428
16838.18945 0.000412
18522.00781 0.0
