threeML/data/optical_filters/HST/NICMOS3-F190N.ecsv
# %ECSV 0.9
# ---
# datatype:
# - {name: wavelength, unit: Angstrom, datatype: float32}
# - {name: response, datatype: float32}
# meta: !!omap
# - {band_name: F190N}
# - {group_name: NICMOS3}
wavelength response
[from data line 1533]
19082.41992 0.164138
19082.60938 0.163373
19082.78906 0.162608
19082.98047 0.161851
19083.16992 0.161086
19083.35938 0.160321
19083.53906 0.159564
19083.73047 0.158798
19083.91992 0.158033
19084.09961 0.157212
19084.28906 0.15633
19084.48047 0.155447
19084.66016 0.154573
19084.84961 0.15369
19085.03906 0.152807
19085.22070 0.151933
19085.41016 0.15105
19085.59961 0.150167
19085.77930 0.149293
19085.97070 0.14841
19086.16016 0.14765
19086.33984 0.146921
19086.52930 0.146183
19086.72070 0.145446
19086.90039 0.144716
19087.08984 0.143979
19087.27930 0.143242
19087.46094 0.142512
19087.65039 0.141775
19087.83984 0.141037
19088.02930 0.140297
19088.21094 0.13948
19088.40039 0.138662
19088.58984 0.137853
19088.76953 0.137036
19088.96094 0.136219
19089.15039 0.135401
19089.33008 0.134592
19089.51953 0.133775
19089.71094 0.132958
19089.89062 0.132149
19090.08008 0.131404
19090.26953 0.130753
19090.46094 0.130108
19090.64062 0.129457
19090.83008 0.128806
19091.01953 0.128161
19091.19922 0.12751
19091.39062 0.126859
19091.58008 0.126207
19091.75977 0.125563
19091.94922 0.124911
19092.14062 0.124108
19092.32031 0.123261
19092.50977 0.122405
19092.69922 0.121548
19092.89062 0.120692
19093.07031 0.119844
19093.25977 0.118988
19093.44922 0.118132
19093.63086 0.117284
19093.82031 0.116428
19094.00977 0.115576
19094.19922 0.114849
19094.38086 0.11413
19094.57031 0.113403
19094.75977 0.112675
19094.93945 0.111956
19095.13086 0.111228
19095.32031 0.110501
19095.50000 0.109774
19095.68945 0.109054
19095.88086 0.108327
19096.06055 0.107577
19096.25000 0.106793
19096.43945 0.106
19096.63086 0.105207
19096.81055 0.104414
19097.00000 0.103629
19097.18945 0.102836
19097.36914 0.102043
19097.56055 0.101251
19097.75000 0.100466
19097.92969 0.099673
19098.11914 0.098984
19098.31055 0.09836
19098.49023 0.097729
19098.67969 0.097098
19098.86914 0.096467
19099.05078 0.095842
19099.24023 0.095211
19099.42969 0.09458
19099.61914 0.093949
19099.80078 0.093324
19099.99023 0.092693
19100.17969 0.092034
19100.36914 0.091373
19100.55078 0.090719
19100.74023 0.090058
19100.92969 0.089397
19101.10938 0.088737
19101.30078 0.088083
19101.49023 0.087422
19101.66992 0.086761
19101.85938 0.0861
19102.05078 0.085453
19102.23047 0.084823
19102.41992 0.084192
19102.60938 0.083561
19102.78906 0.082936
19102.98047 0.082306
19103.16992 0.081675
19103.35938 0.081044
19103.53906 0.080419
19103.73047 0.079788
19103.91992 0.079157
19104.10938 0.078577
19104.28906 0.078037
19104.48047 0.077503
19104.66992 0.076962
19104.84961 0.076422
19105.03906 0.075882
19105.23047 0.075347
19105.41016 0.074807
19105.59961 0.074267
19105.78906 0.073727
19105.98047 0.073186
19106.16016 0.072581
19106.34961 0.071958
19106.53906 0.071336
19106.72070 0.070713
19106.91016 0.070097
19107.09961 0.069474
19107.28906 0.068852
19107.47070 0.068229
19107.66016 0.067606
19107.84961 0.06699
19108.02930 0.066389
19108.22070 0.065887
19108.41016 0.065385
19108.58984 0.064889
19108.77930 0.064387
19108.97070 0.063886
19109.16016 0.063384
19109.33984 0.062882
19109.52930 0.062386
19109.72070 0.061884
19109.90039 0.061382
19110.08984 0.060805
19110.27930 0.060149
19110.46094 0.0595
19110.65039 0.058844
19110.83984 0.058188
19111.02930 0.057531
19111.21094 0.056875
19111.40039 0.056226
19111.58984 0.055569
19111.77930 0.054913
19111.96094 0.054257
19112.15039 0.05375
19112.33984 0.053284
19112.51953 0.052814
19112.71094 0.052343
19112.90039 0.051872
19113.08984 0.051402
19113.26953 0.050936
19113.46094 0.050466
19113.65039 0.049995
19113.83008 0.049524
19114.01953 0.049063
19114.21094 0.048671
19114.39062 0.048284
19114.58008 0.047892
19114.76953 0.047501
19114.96094 0.047109
19115.14062 0.046717
19115.33008 0.04633
19115.51953 0.045938
19115.71094 0.045547
19115.89062 0.045155
19116.08008 0.044789
19116.26953 0.044458
19116.44922 0.044129
19116.64062 0.043798
19116.83008 0.043466
19117.01953 0.043135
19117.19922 0.042803
19117.39062 0.042472
19117.58008 0.042144
19117.75977 0.041812
19117.94922 0.04148
19118.14062 0.041178
19118.33008 0.040886
19118.50977 0.040594
19118.69922 0.040305
19118.89062 0.040013
19119.07031 0.039721
19119.25977 0.03943
19119.44922 0.039138
19119.64062 0.038846
19119.82031 0.038557
19120.00977 0.038269
19120.19922 0.038057
19120.38086 0.037844
19120.57031 0.037632
19120.75977 0.03742
19120.94922 0.037208
19121.13086 0.036998
19121.32031 0.036786
19121.50977 0.036573
19121.69922 0.036361
19121.88086 0.036149
19122.07031 0.035887
19122.25977 0.035541
19122.43945 0.035199
19122.63086 0.034853
19122.82031 0.034508
19123.00977 0.034162
19123.18945 0.033816
19123.38086 0.033471
19123.57031 0.033125
19123.75000 0.032783
19123.93945 0.032437
19124.13086 0.032135
19124.32031 0.031854
19124.50000 0.031572
19124.68945 0.03129
19124.88086 0.031008
19125.06055 0.030729
19125.25000 0.030447
19125.43945 0.030165
19125.63086 0.029883
19125.81055 0.029601
19126.00000 0.029319
19126.18945 0.029033
19126.38086 0.028746
19126.56055 0.028463
19126.75000 0.028177
19126.93945 0.027891
19127.13086 0.027604
19127.31055 0.027318
19127.50000 0.027032
19127.68945 0.026745
19127.86914 0.026459
19128.06055 0.026213
19128.25000 0.02605
19128.43945 0.025885
19128.61914 0.025719
19128.81055 0.025554
19129.00000 0.025389
19129.18945 0.025224
19129.36914 0.025059
19129.56055 0.024894
19129.75000 0.024728
19129.92969 0.024565
19130.11914 0.024321
19130.31055 0.024033
19130.50000 0.023745
19130.67969 0.023458
19130.86914 0.02317
19131.06055 0.022882
19131.25000 0.022595
19131.42969 0.022307
19131.61914 0.022019
19131.81055 0.021735
19131.99023 0.021447
19132.17969 0.021299
19132.36914 0.021156
19132.56055 0.021013
19132.74023 0.02087
19132.92969 0.020726
19133.11914 0.020583
19133.31055 0.02044
19133.49023 0.020297
19133.67969 0.020154
19133.86914 0.020012
19134.05078 0.019857
19134.24023 0.019674
19134.42969 0.019491
19134.61914 0.019308
19134.80078 0.019125
19134.99023 0.018942
19135.17969 0.018759
19135.36914 0.018576
19135.55078 0.018393
19135.74023 0.01821
19135.92969 0.018027
19136.11914 0.017911
19136.30078 0.017835
19136.49023 0.017759
19136.67969 0.017682
19136.86914 0.017606
19137.05078 0.01753
19137.24023 0.017453
19137.42969 0.017377
19137.61914 0.017301
19137.80078 0.017224
19137.99023 0.017148
19138.17969 0.017036
19138.36914 0.016922
19138.55078 0.016807
19138.74023 0.016693
19138.92969 0.016579
19139.10938 0.016466
19139.30078 0.016351
19139.49023 0.016237
19139.67969 0.016123
19139.85938 0.016009
19140.05078 0.01587
19140.24023 0.015667
19140.42969 0.015464
19140.60938 0.015261
19140.80078 0.015058
19140.99023 0.014855
19141.17969 0.014652
19141.35938 0.014449
19141.55078 0.014246
19141.74023 0.014043
19141.92969 0.01384
19142.10938 0.01371
19142.30078 0.013627
19142.49023 0.013544
19142.67969 0.013461
19142.85938 0.013379
19143.05078 0.013296
19143.24023 0.013214
19143.41992 0.013131
19143.60938 0.013048
19143.80078 0.012965
19143.99023 0.012882
19144.16992 0.012844
19144.35938 0.01281
19144.55078 0.012776
19144.74023 0.012741
19144.91992 0.012707
19145.10938 0.012673
19145.30078 0.012638
19145.49023 0.012604
19145.66992 0.01257
19145.85938 0.012535
19146.05078 0.012485
19146.24023 0.012389
19146.41992 0.012294
19146.60938 0.012198
19146.80078 0.012102
19146.99023 0.012006
19147.16992 0.011911
19147.35938 0.011815
19147.55078 0.011719
19147.74023 0.011624
19147.91992 0.011528
19148.10938 0.011406
19148.30078 0.011265
19148.49023 0.011125
19148.66992 0.010984
19148.85938 0.010844
19149.05078 0.010704
19149.24023 0.010563
19149.41992 0.010423
19149.60938 0.010282
19149.80078 0.010142
19149.99023 0.010002
19150.16992 0.009926
19150.35938 0.009856
19150.55078 0.009786
19150.74023 0.009716
19150.91992 0.009646
19151.10938 0.009575
19151.30078 0.009505
19151.49023 0.009435
19151.66992 0.009365
19151.85938 0.009295
19152.05078 0.009229
19152.24023 0.009177
19152.41992 0.009125
19152.60938 0.009073
19152.80078 0.009021
19152.99023 0.008969
19153.16992 0.008917
19153.35938 0.008865
19153.55078 0.008813
19153.74023 0.008761
19153.91992 0.008709
19154.10938 0.008667
19154.30078 0.008631
19154.49023 0.008595
19154.66992 0.008559
19154.85938 0.008523
19155.05078 0.008487
19155.24023 0.00845
19155.41992 0.008414
19155.60938 0.008378
19155.80078 0.008342
19155.99023 0.008306
19156.16992 0.008174
19156.35938 0.008034
19156.55078 0.007894
19156.74023 0.007754
19156.91992 0.007614
19157.10938 0.007474
19157.30078 0.007334
19157.49023 0.007194
19157.66992 0.007054
19157.85938 0.006914
19158.05078 0.006795
19158.24023 0.006735
19158.41992 0.006675
19158.60938 0.006615
19158.80078 0.006555
19158.99023 0.006495
19159.17969 0.006435
19159.35938 0.006375
19159.55078 0.006315
19159.74023 0.006255
19159.92969 0.006195
19160.10938 0.006162
19160.30078 0.006145
19160.49023 0.006129
19160.67969 0.006113
19160.85938 0.006096
19161.05078 0.00608
19161.24023 0.006064
19161.42969 0.006047
19161.60938 0.006031
19161.80078 0.006015
19161.99023 0.005998
19162.17969 0.006002
19162.35938 0.006007
19162.55078 0.006012
19162.74023 0.006017
19162.92969 0.006022
19163.11914 0.006027
19163.30078 0.006032
19163.49023 0.006037
19163.67969 0.006042
19163.86914 0.006046
19164.05078 0.006038
19164.24023 0.005996
19164.42969 0.005955
19164.61914 0.005913
19164.80078 0.005871
19164.99023 0.005829
19165.17969 0.005787
19165.36914 0.005745
19165.55078 0.005703
19165.74023 0.005662
19165.92969 0.00562
19166.11914 0.005569
19166.30078 0.005512
19166.49023 0.005456
19166.67969 0.0054
19166.86914 0.005343
19167.05078 0.005287
19167.24023 0.00523
19167.42969 0.005174
19167.61914 0.005117
19167.81055 0.00506
19167.99023 0.005004
19168.17969 0.004984
19168.36914 0.004966
19168.56055 0.004948
19168.74023 0.00493
19168.92969 0.004911
19169.11914 0.004893
19169.31055 0.004875
19169.49023 0.004857
19169.67969 0.004838
19169.86914 0.00482
19170.06055 0.00481
19170.25000 0.004819
19170.42969 0.004827
19170.61914 0.004836
19170.81055 0.004844
19171.00000 0.004852
19171.17969 0.004861
19171.36914 0.004869
19171.56055 0.004878
19171.75000 0.004886
19171.93945 0.004895
19172.11914 0.004881
19172.31055 0.004855
19172.50000 0.00483
19172.68945 0.004804
19172.86914 0.004778
19173.06055 0.004753
19173.25000 0.004727
19173.43945 0.004701
19173.61914 0.004675
19173.81055 0.00465
19174.00000 0.004624
19174.18945 0.004567
19174.38086 0.00451
19174.56055 0.004453
19174.75000 0.004396
19174.93945 0.004339
19175.13086 0.004282
19175.31055 0.004225
19175.50000 0.004168
19175.68945 0.004111
19175.88086 0.004054
19176.06055 0.003995
19176.25000 0.003932
19176.43945 0.00387
19176.63086 0.003806
19176.82031 0.003744
19177.00000 0.003681
19177.18945 0.003618
19177.38086 0.003556
19177.57031 0.003493
19177.75000 0.003431
19177.93945 0.003367
19178.13086 0.003344
19178.32031 0.003338
19178.50977 0.003331
19178.68945 0.003325
19178.88086 0.003318
19179.07031 0.003312
19179.25977 0.003306
19179.44922 0.003299
19179.63086 0.003293
19179.82031 0.003287
19180.00977 0.003281
19180.19922 0.003297
19180.38086 0.003313
19180.57031 0.003329
19180.75977 0.003345
19180.94922 0.00336
19181.13086 0.003376
19181.32031 0.003392
19181.50977 0.003408
19181.69922 0.003424
19181.89062 0.00344
19182.07031 0.003431
19182.25977 0.003384
19182.44922 0.003337
19182.64062 0.00329
19182.82031 0.003243
19183.00977 0.003195
19183.19922 0.003148
19183.39062 0.003102
19183.58008 0.003055
19183.75977 0.003008
19183.94922 0.002961
19184.14062 0.002931
19184.33008 0.002908
19184.51953 0.002885
19184.69922 0.002862
19184.89062 0.002839
19185.08008 0.002816
19185.26953 0.002793
19185.46094 0.00277
19185.64062 0.002747
19185.83008 0.002724
19186.01953 0.002701
19186.21094 0.002677
19186.39062 0.002653
19186.58008 0.00263
19186.76953 0.002606
19186.96094 0.002582
19187.14062 0.002558
19187.33008 0.002534
19187.51953 0.00251
19187.71094 0.002487
19187.90039 0.002463
19188.08008 0.002446
19188.26953 0.002439
19188.46094 0.002431
19188.65039 0.002423
19188.83984 0.002415
19189.01953 0.002408
19189.21094 0.0024
19189.40039 0.002392
19189.58984 0.002385
19189.77930 0.002377
19189.96094 0.002369
19190.15039 0.0023
19190.33984 0.002214
19190.52930 0.002129
19190.71094 0.002044
19190.90039 0.001959
19191.08984 0.001875
19191.27930 0.001789
19191.47070 0.001704
19191.65039 0.001619
19191.83984 0.001534
19192.02930 0.001467
19192.22070 0.001492
19192.41016 0.001517
19192.58984 0.001542
19192.77930 0.001567
19192.97070 0.001592
19193.16016 0.001617
19193.34961 0.001642
19193.52930 0.001667
19193.72070 0.001692
19193.91016 0.001717
19194.09961 0.001685
19194.28906 0.001601
19194.47070 0.001517
19194.66016 0.001433
19194.84961 0.001348
19195.03906 0.001264
19195.22070 0.00118
19195.41016 0.001096
19195.59961 0.001012
19195.78906 0.000928
19195.98047 0.000844
19196.16016 0.000848
19196.34961 0.000864
19196.53906 0.000881
19196.73047 0.000897
19196.91992 0.000914
19197.09961 0.000931
19197.28906 0.000947
19197.48047 0.000964
19197.66992 0.000981
19197.85938 0.000997
19198.03906 0.001046
19198.23047 0.001199
19198.41992 0.001351
19198.60938 0.001504
19198.78906 0.001656
19198.98047 0.00181
19199.16992 0.001963
19199.35938 0.002115
19199.55078 0.002268
19199.74023 0.002422
19199.91992 0.002574
19200.10938 0.00265
19200.30078 0.002673
19200.49023 0.002697
19200.67969 0.00272
19200.85938 0.002743
19201.05078 0.002766
19201.24023 0.002789
19201.42969 0.002813
19201.61914 0.002836
19201.80078 0.002859
19201.99023 0.002882
19202.17969 0.002775
19202.36914 0.002662
19202.55078 0.002548
19202.74023 0.002434
19202.92969 0.002321
19203.11914 0.002208
19203.31055 0.002093
19203.50000 0.00198
19203.67969 0.001867
19203.86914 0.001754
19204.06055 0.001684
19204.25000 0.001708
19204.43945 0.001731
19204.61914 0.001755
19204.81055 0.001779
19205.00000 0.001803
19205.18945 0.001827
19205.36914 0.001851
19205.56055 0.001875
19205.75000 0.001899
19205.93945 0.001923
19206.13086 0.001882
19206.32031 0.001812
19206.50000 0.001741
19206.68945 0.001671
19206.88086 0.001599
19207.07031 0.001529
19207.25977 0.001459
19207.44922 0.001387
19207.63086 0.001317
19207.82031 0.001246
19208.00977 0.001179
19208.19922 0.001191
19208.38086 0.001203
19208.57031 0.001214
19208.75977 0.001226
19208.94922 0.001238
19209.14062 0.001249
19209.32031 0.001261
19209.50977 0.001273
19209.69922 0.001284
19209.89062 0.001296
19210.08008 0.001299
19210.26953 0.00129
19210.44922 0.00128
19210.64062 0.001271
19210.83008 0.001262
19211.01953 0.001252
19211.21094 0.001243
19211.39062 0.001234
19211.58008 0.001225
19211.76953 0.001215
19211.96094 0.001206
19212.15039 0.001209
19212.33008 0.001216
19212.51953 0.001223
19212.71094 0.001229
19212.90039 0.001236
19213.08984 0.001243
19213.27930 0.001249
19213.46094 0.001256
19213.65039 0.001263
19213.83984 0.00127
19214.02930 0.001253
19214.21094 0.001097
19214.40039 0.00094
19214.58984 0.000784
19214.77930 0.000628
19214.97070 0.000471
21136.46875 0.0
