threeML/data/optical_filters/HST/NICMOS1-F110W.ecsv
# %ECSV 0.9
# ---
# datatype:
# - {name: wavelength, unit: Angstrom, datatype: float32}
# - {name: response, datatype: float32}
# meta: !!omap
# - {band_name: F110W}
# - {group_name: NICMOS1}
wavelength response
[from data line 7041]
13892.90039 0.116048
13894.04980 0.115482
13895.20020 0.114924
13896.34961 0.114408
13897.50000 0.113892
13898.65039 0.113376
13899.79980 0.11286
13900.95020 0.11225
13902.09961 0.111619
13903.25000 0.110989
13904.40039 0.110358
13905.54004 0.109707
13906.69043 0.109036
13907.83984 0.108364
13908.99023 0.107692
13910.13965 0.107004
13911.29004 0.106207
13912.44043 0.10541
13913.58984 0.104613
13914.75000 0.103816
13915.90039 0.102995
13917.04980 0.102168
13918.20020 0.101339
13919.34961 0.100511
13920.50000 0.099677
13921.65039 0.098833
13922.79980 0.097988
13923.95020 0.097145
13925.09961 0.096303
13926.25000 0.095497
13927.41016 0.094691
13928.55957 0.093884
13929.70996 0.093077
13930.86035 0.092262
13932.00977 0.091443
13933.16016 0.090624
13934.32031 0.089805
13935.46973 0.088995
13936.62012 0.088196
13937.76953 0.087397
13938.91992 0.086598
13940.08008 0.085796
13941.23047 0.084956
13942.37988 0.084115
13943.54004 0.083275
13944.69043 0.082433
13945.83984 0.081516
13946.99023 0.080569
13948.15039 0.079622
13949.29980 0.078674
13950.45020 0.077705
13951.61035 0.076704
13952.75977 0.075703
13953.91016 0.074701
13955.07031 0.073703
13956.21973 0.072784
13957.37988 0.071865
13958.53027 0.070945
13959.67969 0.070025
13960.83984 0.069103
13961.99023 0.06818
13963.15039 0.067257
13964.29980 0.066334
13965.45996 0.065462
13966.61035 0.064671
13967.75977 0.063879
13968.91992 0.063087
13970.08008 0.062296
13971.23047 0.061527
13972.37988 0.060758
13973.54004 0.059988
13974.70020 0.059218
13975.84961 0.058431
13977.00977 0.057637
13978.16016 0.056843
13979.32031 0.056049
13980.46973 0.055266
13981.62988 0.054498
13982.79004 0.053731
13983.94043 0.052963
13985.09961 0.052198
13986.25000 0.051472
13987.41016 0.050747
13988.57031 0.050021
13989.71973 0.049295
13990.87988 0.048591
13992.04004 0.047894
13993.19043 0.047197
13994.34961 0.046499
13995.50977 0.045785
13996.66992 0.04505
13997.82031 0.044315
13998.98047 0.043579
14000.13965 0.042848
14001.29004 0.042154
14002.45020 0.041459
14003.61035 0.040765
14004.76953 0.04007
14005.92969 0.039412
14007.08008 0.038765
14008.24023 0.038117
14009.40039 0.037469
14010.55957 0.03682
14011.71973 0.036172
14012.87012 0.035524
14014.03027 0.034875
14015.19043 0.034247
14016.34961 0.033725
14017.50977 0.033203
14018.66992 0.032681
14019.83008 0.032159
14020.99023 0.031697
14022.15039 0.031245
14023.30957 0.030793
14024.45996 0.03034
14025.62988 0.029904
14026.78027 0.029481
14027.94043 0.029058
14029.09961 0.028635
14030.25977 0.028205
14031.41992 0.027755
14032.58008 0.027305
14033.74023 0.026855
14034.90039 0.026405
14036.05957 0.025985
14037.23047 0.025568
14038.38965 0.025151
14039.54980 0.024734
14040.70996 0.024325
14041.87012 0.023921
14043.03027 0.023517
14044.19043 0.023113
14045.34961 0.022715
14046.50977 0.022334
14047.66992 0.021953
14048.83984 0.021571
14050.00000 0.02119
14051.16016 0.020865
14052.32031 0.02054
14053.48047 0.020215
14054.63965 0.01989
14055.80957 0.019583
14056.96973 0.019284
14058.12988 0.018985
14059.29004 0.018686
14060.45996 0.018398
14061.62012 0.018128
14062.78027 0.017858
14063.94043 0.017587
14065.11035 0.017319
14066.26953 0.017067
14067.42969 0.016816
14068.58984 0.016564
14069.75977 0.016312
14070.91992 0.016067
14072.08008 0.015823
14073.25000 0.01558
14074.41016 0.015336
14075.58008 0.015099
14076.74023 0.014868
14077.90039 0.014637
14079.07031 0.014407
14080.23047 0.014181
14081.40039 0.013975
14082.55957 0.01377
14083.71973 0.013564
14084.88965 0.013358
14086.04980 0.013175
14087.21973 0.012994
14088.37988 0.012813
14089.54980 0.012632
14090.70996 0.012451
14091.87988 0.01227
14093.04004 0.012089
14094.20996 0.011908
14095.37012 0.011732
14096.54004 0.01157
14097.70020 0.011407
14098.87012 0.011245
14100.04004 0.011082
14101.20020 0.01092
14102.37012 0.010758
14103.53027 0.010595
14104.70020 0.010433
14105.86035 0.01029
14107.03027 0.010154
14108.20020 0.010017
14109.36035 0.009881
14110.53027 0.009753
14111.70020 0.009636
14112.86035 0.00952
14114.03027 0.009403
14115.20020 0.009286
14116.36035 0.009169
14117.53027 0.009052
14118.70020 0.008935
14119.87012 0.008818
14121.03027 0.008707
14122.20020 0.008597
14123.37012 0.008487
14124.54004 0.008376
14125.70020 0.008275
14126.87012 0.008179
14128.04004 0.008084
14129.20996 0.007988
14130.37988 0.007891
14131.54004 0.007789
14132.70996 0.007688
14133.87988 0.007586
14135.04980 0.007484
14136.21973 0.007385
14137.38965 0.007286
14138.55957 0.007187
14139.73047 0.007088
14140.88965 0.006998
14142.05957 0.006913
14143.23047 0.006827
14144.40039 0.006741
14145.57031 0.006662
14146.74023 0.006591
14147.91016 0.00652
14149.08008 0.00645
14150.25000 0.006378
14151.41992 0.006302
14152.58984 0.006227
14153.75977 0.006152
14154.92969 0.006077
14156.09961 0.006008
14157.26953 0.005939
14158.44043 0.005871
14159.61035 0.005802
14160.78027 0.005742
14161.95020 0.005687
14163.12012 0.005632
14164.29980 0.005577
14165.46973 0.005517
14166.63965 0.00545
14167.80957 0.005383
14168.98047 0.005316
14170.15039 0.00525
14171.32031 0.005193
14172.50000 0.005136
14173.66992 0.005079
14174.83984 0.005022
14176.00977 0.004969
14177.17969 0.004918
14178.36035 0.004866
14179.53027 0.004814
14180.70020 0.004763
14181.87012 0.004711
14183.04980 0.00466
14184.21973 0.004608
14185.38965 0.004558
14186.55957 0.004512
14187.74023 0.004465
14188.91016 0.004419
14190.08008 0.004372
14191.25977 0.004326
14192.42969 0.00428
14193.59961 0.004234
14194.78027 0.004188
14195.95020 0.004144
14197.12012 0.0041
14198.29980 0.004056
14199.46973 0.004012
14200.65039 0.00397
14201.82031 0.003928
14202.99023 0.003887
14204.16992 0.003845
14205.33984 0.003804
14206.51953 0.003764
14207.69043 0.003724
14208.87012 0.003684
14210.04004 0.003644
14211.21973 0.003607
14212.38965 0.00357
14213.57031 0.003534
14214.74023 0.003497
14215.91992 0.003467
14217.08984 0.003438
14218.26953 0.00341
14219.44043 0.003382
14220.62012 0.00335
14221.79004 0.003314
14222.96973 0.003278
14224.15039 0.003242
14225.32031 0.003209
14226.50000 0.003182
14227.66992 0.003155
14228.84961 0.003128
14230.03027 0.0031
14231.20020 0.003065
14232.37988 0.003029
14233.55957 0.002993
14234.73047 0.002957
14235.91016 0.002927
14237.08984 0.002899
14238.25977 0.002871
14239.44043 0.002843
14240.62012 0.002816
14241.79980 0.002789
14242.96973 0.002763
14244.15039 0.002737
14245.33008 0.002711
14246.50977 0.002688
14247.69043 0.002664
14248.86035 0.002641
14250.04004 0.002617
14251.21973 0.002592
14252.40039 0.002567
14253.58008 0.002542
14254.75000 0.002516
14255.92969 0.002495
14257.11035 0.002474
14258.29004 0.002454
14259.46973 0.002433
14260.65039 0.00241
14261.83008 0.002386
14263.00977 0.002361
14264.19043 0.002337
14265.37012 0.002313
14266.54004 0.002289
14267.71973 0.002266
14268.90039 0.002243
14270.08008 0.00222
14271.25977 0.002204
14272.44043 0.002187
14273.62012 0.002171
14274.79980 0.002155
14275.98047 0.002133
14277.16016 0.002111
14278.33984 0.002088
14279.53027 0.002065
14280.70996 0.002047
14281.88965 0.002032
14283.07031 0.002016
14284.25000 0.002001
14285.42969 0.001982
14286.61035 0.001956
14287.79004 0.001929
14288.96973 0.001903
14290.15039 0.001879
14291.33984 0.001867
14292.51953 0.001855
14293.70020 0.001843
14294.87988 0.001832
14296.05957 0.001819
14297.25000 0.001805
14298.42969 0.001792
14299.61035 0.001779
14300.79004 0.001764
14301.96973 0.001748
14303.16016 0.001731
14304.33984 0.001715
14305.51953 0.001698
14306.70020 0.001682
14307.88965 0.001665
14309.07031 0.001648
14310.25000 0.001632
14311.44043 0.001616
14312.62012 0.001601
14313.79980 0.001585
14314.99023 0.00157
14316.16992 0.001562
14317.34961 0.001554
14318.54004 0.001547
14319.71973 0.001539
14320.91016 0.001527
14322.08984 0.001513
14323.26953 0.0015
14324.45996 0.001486
14325.63965 0.001471
14326.83008 0.001455
14328.00977 0.001438
14329.20020 0.001422
14330.37988 0.001407
14331.57031 0.001393
14332.75000 0.001379
14333.94043 0.001365
14335.12012 0.001351
14336.30957 0.001339
14337.49023 0.001327
14338.67969 0.001315
14339.86035 0.001304
14341.04980 0.001296
14342.23047 0.001289
14343.41992 0.001281
14344.59961 0.001274
14345.79004 0.001264
14346.98047 0.001252
14348.16016 0.001241
14349.34961 0.001229
14350.54004 0.001219
14351.71973 0.001209
14352.91016 0.0012
14354.09961 0.00119
14355.28027 0.001179
14356.46973 0.001163
14357.66016 0.001148
14358.83984 0.001132
14360.03027 0.001116
14361.21973 0.001105
14362.41016 0.001095
14363.58984 0.001085
14364.78027 0.001074
14365.96973 0.001069
14367.16016 0.001066
14368.33984 0.001062
14369.53027 0.001058
14370.71973 0.001048
14371.91016 0.001034
14373.09961 0.00102
14374.28027 0.001006
14375.46973 0.000997
14376.66016 0.000996
14377.84961 0.000994
14379.04004 0.000993
14380.23047 0.000989
14381.41992 0.000977
14382.61035 0.000965
14383.79004 0.000952
14384.98047 0.00094
14386.16992 0.000933
14387.36035 0.000926
14388.54980 0.00092
14389.74023 0.000913
14390.92969 0.000906
14392.12012 0.000899
14393.30957 0.000891
14394.50000 0.000884
14395.69043 0.000875
14396.87988 0.000866
14398.07031 0.000856
14399.25977 0.000847
14400.45020 0.000839
14401.63965 0.000832
14402.83008 0.000825
14404.03027 0.000818
14405.21973 0.000811
14406.41016 0.000802
14407.59961 0.000794
14408.79004 0.000785
14409.98047 0.000776
14411.16992 0.000771
14412.36035 0.000765
14413.55957 0.000759
14414.75000 0.000754
14415.94043 0.000749
14417.12988 0.000745
14418.32031 0.00074
14419.50977 0.000736
14420.70996 0.000731
14421.90039 0.000727
14423.08984 0.000723
14424.28027 0.000718
14425.48047 0.000711
14426.66992 0.000698
14427.86035 0.000686
14429.05957 0.000673
14430.25000 0.000663
14431.44043 0.000661
14432.62988 0.00066
14433.83008 0.000659
14435.01953 0.000657
14436.20996 0.00065
14437.41016 0.000642
14438.59961 0.000635
14439.79980 0.000627
14440.99023 0.000622
14442.17969 0.000618
14443.37988 0.000613
14444.57031 0.000609
14445.76953 0.000603
14446.95996 0.000595
14448.16016 0.000588
14449.34961 0.000581
14450.54004 0.000574
14451.74023 0.000567
14452.92969 0.00056
14454.12988 0.000553
14455.32031 0.000547
14456.51953 0.000544
14457.70996 0.000542
14458.91016 0.000539
14460.11035 0.000537
14461.29980 0.000533
14462.50000 0.000529
14463.69043 0.000525
14464.88965 0.000521
14466.08008 0.000517
14467.28027 0.000513
14468.48047 0.000509
14469.66992 0.000505
14470.87012 0.000499
14472.07031 0.000491
14473.25977 0.000484
14474.45996 0.000476
14475.66016 0.000471
14476.84961 0.000467
14478.04980 0.000464
14479.25000 0.00046
14480.44043 0.000457
14481.63965 0.000453
14482.83984 0.00045
14484.04004 0.000446
14485.23047 0.000441
14486.42969 0.00043
14487.62988 0.000419
14488.83008 0.000408
15937.71289 0.0
