threeML/data/optical_filters/HST/NICMOS3-F212N.ecsv
# %ECSV 0.9
# ---
# datatype:
# - {name: wavelength, unit: Angstrom, datatype: float32}
# - {name: response, datatype: float32}
# meta: !!omap
# - {band_name: F212N}
# - {group_name: NICMOS3}
wavelength response
20980.41016 0.0
20980.61914 0.000145
20980.83008 0.000528
20981.03906 0.000907
20981.24023 0.001287
20981.46094 0.00167
20981.66016 0.00205
20981.86914 0.002429
20982.08008 0.00264
20982.28906 0.00259
20982.50000 0.002541
20982.71094 0.002491
20982.91992 0.002441
20983.13086 0.002391
20983.33984 0.002341
20983.55078 0.002291
20983.75977 0.002241
20983.97070 0.002192
20984.17969 0.002065
20984.39062 0.001926
20984.59961 0.001787
20984.81055 0.001649
20985.01953 0.001509
20985.23047 0.00137
20985.43945 0.001231
20985.65039 0.001091
20985.85938 0.000952
20986.06055 0.000865
20986.27930 0.000893
20986.48047 0.000921
20986.68945 0.00095
20986.90039 0.000978
20987.10938 0.001006
20987.32031 0.001034
20987.52930 0.001063
20987.74023 0.001091
20987.94922 0.001119
20988.16016 0.001121
20988.36914 0.001114
20988.58008 0.001107
20988.78906 0.001101
20989.00000 0.001094
20989.21094 0.001087
20989.41992 0.001081
20989.63086 0.001074
20989.83984 0.001067
20990.05078 0.001068
20990.25977 0.001093
20990.47070 0.001117
20990.67969 0.001142
20990.89062 0.001167
20991.09961 0.001192
20991.31055 0.001217
20991.51953 0.001242
20991.72070 0.001267
20991.93945 0.001292
20992.14062 0.001333
20992.34961 0.001381
20992.56055 0.00143
20992.76953 0.001478
20992.98047 0.001526
20993.18945 0.001574
20993.40039 0.001623
20993.60938 0.001671
20993.82031 0.001719
20994.02930 0.001753
20994.24023 0.001705
20994.44922 0.001658
20994.66016 0.001611
20994.86914 0.001563
20995.08008 0.001515
20995.28906 0.001468
20995.50000 0.00142
20995.71094 0.001373
20995.91992 0.001325
20996.13086 0.00126
20996.33984 0.001184
20996.55078 0.001107
20996.75977 0.001032
20996.97070 0.000956
20997.17969 0.000879
20997.39062 0.000803
20997.59961 0.000727
20997.81055 0.000651
20998.01953 0.000597
20998.23047 0.00082
20998.43945 0.001041
20998.64062 0.001261
20998.85938 0.001484
20999.06055 0.001705
20999.27930 0.001928
20999.48047 0.002149
20999.68945 0.00237
20999.90039 0.002593
21000.10938 0.002677
21000.32031 0.002646
21000.52930 0.002614
21000.74023 0.002583
21000.94922 0.002552
21001.16016 0.002521
21001.36914 0.002489
21001.58008 0.002458
21001.78906 0.002427
21002.00000 0.002395
21002.21094 0.002345
21002.41992 0.002295
21002.63086 0.002245
21002.83984 0.002196
21003.05078 0.002146
21003.25977 0.002096
21003.47070 0.002046
21003.67969 0.001996
21003.89062 0.001946
21004.09961 0.001937
21004.31055 0.001974
21004.51953 0.002011
21004.73047 0.002048
21004.93945 0.002085
21005.15039 0.002122
21005.35938 0.002159
21005.57031 0.002196
21005.77930 0.002233
21005.99023 0.00227
21006.19922 0.002293
21006.41016 0.002316
21006.61914 0.002339
21006.83008 0.002361
21007.03906 0.002384
21007.25000 0.002407
21007.46094 0.00243
21007.66992 0.002452
21007.88086 0.002475
21008.08984 0.002485
21008.28906 0.002476
21008.50977 0.002468
21008.71094 0.002459
21008.92969 0.002451
21009.13086 0.002442
21009.33984 0.002434
21009.55078 0.002425
21009.75977 0.002417
21009.97070 0.002408
21010.17969 0.002467
21010.39062 0.002537
21010.59961 0.002605
21010.81055 0.002675
21011.01953 0.002744
21011.23047 0.002812
21011.43945 0.002882
21011.65039 0.00295
21011.85938 0.00302
21012.07031 0.003039
21012.27930 0.002963
21012.49023 0.002888
21012.69922 0.002812
21012.91016 0.002737
21013.11914 0.002661
21013.33008 0.002586
21013.53906 0.002511
21013.75000 0.002435
21013.96094 0.00236
21014.16992 0.002432
21014.38086 0.002537
21014.58984 0.002643
21014.80078 0.002747
21015.00977 0.002853
21015.22070 0.002957
21015.42969 0.003063
21015.64062 0.003168
21015.84961 0.003273
21016.06055 0.003326
21016.26953 0.00325
21016.48047 0.003176
21016.68945 0.003101
21016.90039 0.003025
21017.10938 0.002951
21017.32031 0.002875
21017.52930 0.0028
21017.74023 0.002725
21017.94922 0.00265
21018.16016 0.002771
21018.36914 0.002952
21018.58008 0.003135
21018.78906 0.003317
21019.00000 0.0035
21019.21094 0.003681
21019.41992 0.003864
21019.63086 0.004045
21019.83984 0.004228
21020.05078 0.004353
21020.25977 0.004291
21020.47070 0.00423
21020.67969 0.004169
21020.89062 0.004108
21021.09961 0.004046
21021.31055 0.003985
21021.51953 0.003924
21021.73047 0.003863
21021.93945 0.003801
21022.15039 0.003823
21022.35938 0.003878
21022.57031 0.003933
21022.77930 0.003989
21022.99023 0.004044
21023.19922 0.004099
21023.41016 0.004154
21023.61914 0.004209
21023.83008 0.004264
21024.03906 0.004307
21024.25000 0.004297
21024.46094 0.004286
21024.66992 0.004275
21024.88086 0.004264
21025.08984 0.004253
21025.30078 0.004242
21025.50977 0.004231
21025.72070 0.00422
21025.92969 0.004209
21026.14062 0.004276
21026.34961 0.004382
21026.56055 0.004488
21026.76953 0.004594
21026.98047 0.0047
21027.18945 0.004806
21027.40039 0.004912
21027.60938 0.005018
21027.82031 0.005124
21028.02930 0.00521
21028.24023 0.005172
21028.44922 0.005133
21028.66016 0.005095
21028.86914 0.005057
21029.08008 0.005019
21029.28906 0.00498
21029.50000 0.004942
21029.71094 0.004904
21029.91992 0.004865
21030.13086 0.004901
21030.33984 0.004985
21030.55078 0.005067
21030.75977 0.005151
21030.97070 0.005233
21031.17969 0.005317
21031.39062 0.005399
21031.59961 0.005483
21031.81055 0.005566
21032.01953 0.00564
21032.23047 0.005627
21032.43945 0.005614
21032.65039 0.005601
21032.85938 0.005588
21033.07031 0.005575
21033.27930 0.005563
21033.49023 0.00555
21033.69922 0.005537
21033.91016 0.005524
21034.11914 0.005586
21034.33008 0.005703
21034.53906 0.005821
21034.75000 0.005938
21034.96094 0.006057
21035.16992 0.006175
21035.38086 0.006292
21035.58984 0.00641
21035.80078 0.006527
21036.00977 0.006634
21036.22070 0.006547
21036.42969 0.00646
21036.64062 0.006373
21036.84961 0.006287
21037.06055 0.006199
21037.26953 0.006113
21037.48047 0.006026
21037.68945 0.00594
21037.90039 0.005852
21038.10938 0.005964
21038.32031 0.006244
21038.52930 0.006526
21038.74023 0.006806
21038.94922 0.007089
21039.16016 0.007371
21039.36914 0.007651
21039.58008 0.007934
21039.78906 0.008214
21040.00000 0.008488
21040.21094 0.008334
21040.41992 0.008182
21040.63086 0.008027
21040.83984 0.007875
21041.05078 0.007721
21041.26953 0.007567
21041.47070 0.007414
21041.68945 0.00726
21041.89062 0.007107
21042.10938 0.007065
21042.32031 0.007135
21042.52930 0.007204
21042.74023 0.007274
21042.94922 0.007343
21043.16016 0.007412
21043.36914 0.007482
21043.58008 0.007551
21043.78906 0.007621
21044.00000 0.00769
21044.21094 0.00786
21044.41992 0.008031
21044.63086 0.008202
21044.83984 0.008373
21045.05078 0.008545
21045.25977 0.008715
21045.47070 0.008887
21045.67969 0.009057
21045.89062 0.009229
21046.09961 0.00932
21046.31055 0.009322
21046.51953 0.009324
21046.73047 0.009326
21046.93945 0.009328
21047.15039 0.00933
21047.35938 0.009332
21047.57031 0.009334
21047.77930 0.009336
21047.99023 0.009339
21048.19922 0.009562
21048.41016 0.009797
21048.61914 0.010029
21048.83008 0.010264
21049.03906 0.010498
21049.25000 0.010731
21049.46094 0.010966
21049.66992 0.0112
21049.88086 0.011433
21050.08984 0.011575
21050.30078 0.011602
21050.50977 0.011629
21050.72070 0.011656
21050.92969 0.011683
21051.14062 0.01171
21051.35938 0.011737
21051.56055 0.011764
21051.77930 0.011791
21051.99023 0.011818
21052.19922 0.011866
21052.41016 0.011916
21052.61914 0.011966
21052.83008 0.012016
21053.03906 0.012066
21053.25000 0.012116
21053.46094 0.012165
21053.66992 0.012215
21053.88086 0.012265
21054.08984 0.012277
21054.30078 0.012236
21054.50977 0.012195
21054.72070 0.012155
21054.92969 0.012114
21055.14062 0.012073
21055.34961 0.012033
21055.56055 0.011992
21055.76953 0.011951
21055.98047 0.01191
21056.18945 0.012195
21056.40039 0.012514
21056.60938 0.012829
21056.82031 0.013148
21057.02930 0.013466
21057.24023 0.013781
21057.44922 0.0141
21057.66016 0.014418
21057.86914 0.014734
21058.08008 0.015051
21058.28906 0.015368
21058.50977 0.015684
21058.71094 0.015997
21058.92969 0.016314
21059.14062 0.01663
21059.34961 0.016944
21059.56055 0.01726
21059.76953 0.017576
21059.98047 0.01789
21060.18945 0.017809
21060.40039 0.017679
21060.60938 0.017548
21060.82031 0.017419
21061.02930 0.017288
21061.24023 0.017158
21061.44922 0.017029
21061.66016 0.016898
21061.86914 0.016768
21062.08008 0.01679
21062.28906 0.017057
21062.50000 0.017325
21062.71094 0.017593
21062.91992 0.017858
21063.13086 0.018126
21063.33984 0.018394
21063.55078 0.018659
21063.75977 0.018927
21063.97070 0.019195
21064.18945 0.019398
21064.39062 0.019589
21064.60938 0.019783
21064.82031 0.019976
21065.02930 0.020168
21065.24023 0.020362
21065.44922 0.020555
21065.66016 0.020749
21065.86914 0.02094
21066.08008 0.021149
21066.28906 0.021384
21066.50000 0.021618
21066.71094 0.021851
21066.91992 0.022086
21067.13086 0.02232
21067.33984 0.022555
21067.55078 0.022787
21067.75977 0.023022
21067.97070 0.023257
21068.17969 0.023476
21068.39062 0.023696
21068.59961 0.023916
21068.81055 0.024135
21069.01953 0.024353
21069.23047 0.024572
21069.44922 0.024792
21069.66016 0.025012
21069.86914 0.025229
21070.08008 0.02551
21070.28906 0.0259
21070.50000 0.026291
21070.71094 0.026677
21070.91992 0.027067
21071.13086 0.027457
21071.33984 0.027847
21071.55078 0.028233
21071.75977 0.028624
21071.97070 0.029014
21072.17969 0.029319
21072.39062 0.029609
21072.59961 0.029901
21072.81055 0.030193
21073.01953 0.030485
21073.23047 0.030778
21073.43945 0.031067
21073.65039 0.031359
21073.86914 0.031652
21074.08008 0.031946
21074.28906 0.032243
21074.50000 0.032543
21074.71094 0.032842
21074.91992 0.033142
21075.13086 0.033439
21075.33984 0.033738
21075.55078 0.034038
21075.75977 0.034337
21075.97070 0.034637
21076.17969 0.034901
21076.39062 0.035161
21076.59961 0.035422
21076.81055 0.035683
21077.01953 0.035941
21077.23047 0.036202
21077.43945 0.036463
21077.65039 0.036724
21077.86914 0.036985
21078.07031 0.037302
21078.28906 0.037731
21078.50000 0.038161
21078.71094 0.03859
21078.91992 0.039019
21079.13086 0.039444
21079.33984 0.039873
21079.55078 0.040303
21079.75977 0.040732
21079.97070 0.041161
21080.17969 0.04151
21080.39062 0.04185
21080.59961 0.042189
21080.81055 0.042529
21081.01953 0.042869
21081.23047 0.043205
21081.43945 0.043545
21081.65039 0.043885
21081.86914 0.044224
21082.08008 0.044671
21082.28906 0.045303
21082.50000 0.04594
21082.71094 0.046577
21082.91992 0.047214
21083.13086 0.047851
21083.33984 0.048488
21083.55078 0.049119
21083.75977 0.049756
21083.97070 0.050393
21084.17969 0.050953
21084.39062 0.0515
21084.59961 0.052042
21084.81055 0.052589
21085.01953 0.053136
21085.23047 0.053684
21085.44922 0.054231
21085.66016 0.054778
21085.86914 0.05532
21086.08008 0.05584
21086.28906 0.056312
21086.50000 0.056784
21086.71094 0.057256
21086.91992 0.057728
21087.13086 0.058196
21087.33984 0.058667
21087.55078 0.059139
21087.75977 0.059611
21087.97070 0.060084
21088.17969 0.060693
21088.39062 0.061317
21088.59961 0.061947
21088.81055 0.062576
21089.02930 0.063206
21089.24023 0.063836
21089.44922 0.064466
21089.66016 0.065096
21089.86914 0.06572
21090.08008 0.066365
21090.28906 0.067038
21090.50000 0.06771
21090.71094 0.068382
21090.91992 0.069054
21091.13086 0.06972
21091.33984 0.070393
21091.55078 0.071065
21091.75977 0.071737
21091.97070 0.07241
21092.18945 0.073125
21092.40039 0.073846
21092.60938 0.074567
21092.82031 0.075282
21093.02930 0.076003
21093.24023 0.076724
21093.44922 0.077445
21093.66016 0.078166
21093.86914 0.078887
21094.08008 0.079638
21094.28906 0.080428
21094.50000 0.081225
21094.71094 0.082022
21094.91992 0.082819
21095.13086 0.083616
21095.34961 0.084413
21095.56055 0.08521
21095.76953 0.086007
21095.98047 0.086797
21096.18945 0.087602
21096.40039 0.088408
21096.60938 0.089213
21096.82031 0.090019
21097.02930 0.090825
21097.24023 0.091631
21097.44922 0.092436
21097.66016 0.093242
21097.86914 0.09404
21098.08008 0.094916
21098.28906 0.095899
21098.50977 0.096881
21098.72070 0.097864
21098.92969 0.098846
21099.14062 0.099829
21099.34961 0.100811
21099.56055 0.101793
21099.76953 0.102776
21099.98047 0.103749
21100.18945 0.104636
21100.40039 0.105513
21100.60938 0.10639
21100.82031 0.107267
21101.03906 0.108144
21101.25000 0.109021
21101.46094 0.109898
21101.66992 0.110775
21101.88086 0.111652
21102.08984 0.112619
21102.30078 0.113696
21102.50977 0.114783
21102.72070 0.11587
21102.92969 0.116957
21103.14062 0.118044
21103.34961 0.119132
21103.56055 0.120219
21103.77930 0.121306
21103.99023 0.122393
21104.19922 0.123451
21104.41016 0.124507
21104.61914 0.125562
21104.83008 0.126608
21105.03906 0.127664
21105.25000 0.12872
21105.46094 0.129775
21105.66992 0.130831
21105.88086 0.131887
21106.08984 0.132924
21106.30078 0.133937
21106.51953 0.134951
21106.73047 0.135964
21106.93945 0.136977
21107.15039 0.13799
21107.35938 0.139004
21107.57031 0.140017
21107.77930 0.141031
21107.99023 0.142035
21108.19922 0.143106
21108.41016 0.14418
21108.61914 0.145254
21108.83008 0.146327
21109.03906 0.147401
21109.25977 0.148475
21109.47070 0.149549
21109.67969 0.150623
21109.89062 0.151697
21110.09961 0.152713
21110.31055 0.153662
21110.51953 0.154612
21110.73047 0.155562
21110.93945 0.156512
21111.15039 0.157462
21111.36914 0.158412
21111.58008 0.159362
21111.78906 0.160312
21112.00000 0.161262
21112.21094 0.16241
21112.41992 0.16356
21112.63086 0.16471
21112.83984 0.165849
21113.05078 0.166999
21113.25977 0.168148
21113.47070 0.169298
21113.67969 0.170448
21113.89062 0.171598
21114.10938 0.172652
21114.32031 0.173611
21114.52930 0.17457
21114.74023 0.175529
21114.94922 0.176488
21115.16016 0.177447
21115.36914 0.178406
21115.58008 0.179365
21115.78906 0.180324
21116.00000 0.181282
21116.21094 0.182147
21116.42969 0.183012
21116.64062 0.183877
21116.84961 0.184743
21117.06055 0.185608
21117.26953 0.186473
21117.48047 0.187339
21117.68945 0.188204
21117.90039 0.189069
21118.10938 0.190032
21118.32031 0.191078
21118.53906 0.192124
21118.75000 0.19317
21118.96094 0.194216
21119.16992 0.195262
21119.38086 0.196307
21119.58984 0.197354
21119.80078 0.1984
21120.00977 0.199432
21120.22070 0.200222
21120.42969 0.201013
21120.64062 0.201804
21120.85938 0.202595
21121.07031 0.203386
21121.27930 0.204177
21121.49023 0.204968
21121.69922 0.20576
21121.91016 0.206551
21122.11914 0.20733
21122.33008 0.208101
21122.53906 0.208871
21122.75000 0.209642
21122.96094 0.210412
21123.17969 0.211183
21123.39062 0.211954
21123.59961 0.212724
21123.81055 0.213495
21124.01953 0.214264
21124.23047 0.215016
21124.43945 0.215768
21124.65039 0.21652
21124.85938 0.217273
21125.07031 0.218025
21125.28906 0.218777
21125.50000 0.219529
21125.71094 0.220288
21125.91992 0.22104
21126.13086 0.221664
21126.33984 0.222209
21126.55078 0.222755
21126.75977 0.2233
21126.97070 0.223845
21127.18945 0.224391
21127.40039 0.224936
21127.60938 0.225481
21127.82031 0.226027
21128.02930 0.226577
21128.24023 0.227163
21128.44922 0.227748
21128.66016 0.228333
21128.86914 0.228919
21129.08008 0.229504
21129.28906 0.230089
21129.50977 0.230675
21129.72070 0.23126
21129.92969 0.231845
21130.14062 0.232432
21130.34961 0.233025
21130.56055 0.233613
21130.76953 0.2342
21130.98047 0.234788
21131.19922 0.235376
21131.41016 0.235963
21131.61914 0.236551
21131.83008 0.237139
21132.03906 0.237658
21132.25000 0.237876
21132.46094 0.238094
21132.66992 0.238312
21132.88086 0.23853
21133.08984 0.238748
21133.30078 0.238966
21133.51953 0.239186
21133.73047 0.239404
21133.93945 0.239622
21134.15039 0.239953
21134.35938 0.24033
21134.57031 0.240707
21134.77930 0.241084
21134.99023 0.241461
21135.21094 0.241838
21135.41992 0.242215
21135.63086 0.242592
21135.83984 0.242969
21136.05078 0.24326
21136.25977 0.243264
21136.47070 0.243268
21136.67969 0.243271
21136.89062 0.243275
21137.10938 0.243279
21137.32031 0.243283
21137.52930 0.243286
21137.74023 0.24329
21137.94922 0.243294
21138.16016 0.243409
21138.36914 0.243561
21138.58008 0.243711
21138.78906 0.243862
21139.00977 0.244012
21139.22070 0.244163
21139.42969 0.244313
21139.64062 0.244464
21139.84961 0.244614
21140.06055 0.244773
21140.26953 0.244954
21140.48047 0.245138
21140.69922 0.245319
21140.91016 0.2455
21141.11914 0.245681
21141.33008 0.245863
