threeML/data/optical_filters/HST/NICMOS3-F164N.ecsv
# %ECSV 0.9
# ---
# datatype:
# - {name: wavelength, unit: Angstrom, datatype: float32}
# - {name: response, datatype: float32}
# meta: !!omap
# - {band_name: F164N}
# - {group_name: NICMOS3}
wavelength response
[from data line 767]
16388.07031 0.177791
16388.26953 0.178468
16388.46094 0.179151
16388.66016 0.179834
16388.85938 0.180517
16389.06055 0.1812
16389.25977 0.181883
16389.46094 0.182567
16389.66016 0.18325
16389.85938 0.183933
16390.06055 0.184604
16390.25977 0.185243
16390.46094 0.185883
16390.66016 0.186523
16390.85938 0.187162
16391.05078 0.187802
16391.25000 0.188442
16391.44922 0.189082
16391.65039 0.189721
16391.84961 0.190361
16392.05078 0.190958
16392.25000 0.191427
16392.44922 0.191896
16392.65039 0.192365
16392.84961 0.192835
16393.05078 0.193304
16393.25000 0.193774
16393.44922 0.194243
16393.64062 0.194712
16393.83984 0.195182
16394.03906 0.195637
16394.24023 0.19604
16394.43945 0.196443
16394.64062 0.196845
16394.83984 0.197248
16395.03906 0.197651
16395.24023 0.198054
16395.43945 0.198453
16395.63086 0.198856
16395.83008 0.199259
16396.02930 0.199641
16396.23047 0.199916
16396.42969 0.200192
16396.63086 0.200468
16396.83008 0.200743
16397.02930 0.201019
16397.23047 0.201295
16397.42969 0.201573
16397.63086 0.201849
16397.83008 0.202125
16398.02930 0.20239
16398.23047 0.202591
16398.42969 0.202791
16398.63086 0.202991
16398.82031 0.203191
16399.01953 0.203391
16399.22070 0.203592
16399.41992 0.203792
16399.61914 0.203992
16399.82031 0.204192
16400.01953 0.204386
16400.22070 0.204522
16400.41992 0.204659
16400.61914 0.204795
16400.82031 0.204931
16401.01953 0.205067
16401.21094 0.205204
16401.41016 0.20534
16401.60938 0.205476
16401.81055 0.205613
16402.00977 0.205744
16402.21094 0.205795
16402.41016 0.205847
16402.60938 0.205899
16402.81055 0.20595
16403.00977 0.206002
16403.21094 0.206054
16403.41016 0.206105
16403.60938 0.206157
16403.80078 0.206209
16404.00000 0.20626
16404.19922 0.206295
16404.40039 0.206331
16404.59961 0.206367
16404.80078 0.206402
16405.00000 0.206437
16405.19922 0.206473
16405.40039 0.206509
16405.59961 0.206544
16405.80078 0.206579
16406.00000 0.206615
16406.19922 0.206566
16406.40039 0.206517
16406.59961 0.206468
16406.78906 0.206419
16406.99023 0.20637
16407.18945 0.20632
16407.39062 0.206271
16407.58984 0.206222
16407.78906 0.206172
16407.99023 0.206123
16408.18945 0.20607
16408.39062 0.206017
16408.58984 0.205964
16408.78906 0.205911
16408.99023 0.205857
16409.18945 0.205804
16409.39062 0.205751
16409.58984 0.205698
16409.78906 0.205645
16409.98047 0.205592
16410.17969 0.205509
16410.38086 0.205424
16410.58008 0.205339
16410.77930 0.205255
16410.98047 0.20517
16411.17969 0.205085
16411.38086 0.205001
16411.58008 0.204916
16411.77930 0.204831
16411.98047 0.204747
16412.17969 0.204678
16412.38086 0.204611
16412.58008 0.204544
16412.77930 0.204477
16412.98047 0.20441
16413.17969 0.204343
16413.38086 0.204276
16413.57031 0.204209
16413.76953 0.204143
16413.97070 0.204076
16414.16992 0.203984
16414.36914 0.203887
16414.57031 0.203791
16414.76953 0.203695
16414.97070 0.203599
16415.16992 0.203503
16415.36914 0.203407
16415.57031 0.203311
16415.76953 0.203214
16415.97070 0.203118
16416.16992 0.203017
16416.36914 0.202916
16416.57031 0.202815
16416.76953 0.202713
16416.96094 0.202612
16417.16016 0.202511
16417.35938 0.202409
16417.56055 0.202307
16417.75977 0.202206
16417.96094 0.202104
16418.16016 0.202055
16418.35938 0.202018
16418.56055 0.201981
16418.75977 0.201944
16418.96094 0.201906
16419.16016 0.201869
16419.35938 0.201832
16419.56055 0.201794
16419.75977 0.201757
16419.96094 0.20172
16420.16016 0.201625
16420.35938 0.201513
16420.56055 0.201403
16420.75977 0.201292
16420.96094 0.201181
16421.15039 0.201071
16421.34961 0.20096
16421.55078 0.200849
16421.75000 0.200738
16421.94922 0.200627
16422.15039 0.200578
16422.34961 0.200549
16422.55078 0.20052
16422.75000 0.200491
16422.94922 0.200461
16423.15039 0.200432
16423.34961 0.200403
16423.55078 0.200374
16423.75000 0.200345
16423.94922 0.200315
16424.15039 0.200273
16424.34961 0.200227
16424.55078 0.200181
16424.75000 0.200134
16424.94922 0.200088
16425.14062 0.200042
16425.34961 0.199995
16425.53906 0.199949
16425.74023 0.199902
16425.93945 0.199856
16426.14062 0.199822
16426.33984 0.199792
16426.53906 0.199763
16426.74023 0.199734
16426.93945 0.199704
16427.14062 0.199675
16427.33984 0.199645
16427.53906 0.199616
16427.74023 0.199587
16427.93945 0.199557
16428.14062 0.199562
16428.33984 0.199582
16428.53906 0.199602
16428.74023 0.199623
16428.93945 0.199642
16429.14062 0.199662
16429.33984 0.199683
16429.53906 0.199703
16429.74023 0.199722
16429.93945 0.199742
16430.13086 0.199738
16430.33984 0.199721
16430.53906 0.199705
16430.73047 0.199688
16430.92969 0.199672
16431.13086 0.199656
16431.33008 0.199639
16431.52930 0.199623
16431.73047 0.199606
16431.92969 0.19959
16432.13086 0.19961
16432.33008 0.199649
16432.52930 0.199688
16432.73047 0.199727
16432.92969 0.199766
16433.13086 0.199805
16433.33008 0.199844
16433.52930 0.199883
16433.73047 0.199922
16433.92969 0.199962
16434.13086 0.2
16434.33008 0.200039
16434.52930 0.200077
16434.73047 0.200116
16434.92969 0.200154
16435.13086 0.200192
16435.33008 0.20023
16435.52930 0.200269
16435.73047 0.200307
16435.92969 0.200346
16436.11914 0.200378
16436.32031 0.200406
16436.52930 0.200434
16436.72070 0.200462
16436.91992 0.200491
16437.11914 0.200519
16437.32031 0.200547
16437.51953 0.200575
16437.72070 0.200604
16437.91992 0.200632
16438.11914 0.200683
16438.32031 0.200747
16438.51953 0.200811
16438.72070 0.200876
16438.91992 0.20094
16439.11914 0.201005
16439.32031 0.201069
16439.51953 0.201134
16439.72070 0.201199
16439.91992 0.201263
16440.11914 0.201327
16440.32031 0.201393
16440.51953 0.201457
16440.72070 0.201522
16440.91992 0.201587
16441.11914 0.201652
16441.32031 0.201717
16441.51953 0.201782
16441.72070 0.201847
16441.91992 0.201911
16442.11914 0.201977
16442.32031 0.202042
16442.51953 0.202108
16442.72070 0.202174
16442.91992 0.202239
16443.11914 0.202305
16443.32031 0.202371
16443.51953 0.202437
16443.72070 0.202503
16443.91992 0.202568
16444.11914 0.202625
16444.31055 0.202674
16444.51953 0.202725
16444.71094 0.202774
16444.91016 0.202824
16445.11914 0.202874
16445.31055 0.202924
16445.50977 0.202974
16445.71094 0.203024
16445.91016 0.203074
16446.10938 0.203147
16446.31055 0.203239
16446.50977 0.203332
16446.71094 0.203424
16446.91016 0.203516
16447.10938 0.203609
16447.31055 0.203701
16447.50977 0.203793
16447.71094 0.203885
16447.91016 0.203977
16448.10938 0.20406
16448.31055 0.204136
16448.50977 0.204211
16448.71094 0.204286
16448.91016 0.204362
16449.10938 0.204437
16449.31055 0.204513
16449.50977 0.204589
16449.71094 0.204664
16449.91016 0.204739
16450.10938 0.204812
16450.31055 0.20488
16450.50977 0.204949
16450.71094 0.205019
16450.91016 0.205088
16451.10938 0.205156
16451.31055 0.205226
16451.50977 0.205295
16451.71094 0.205364
16451.91016 0.205433
16452.10938 0.20549
16452.31055 0.205537
16452.50977 0.205585
16452.71094 0.205633
16452.91016 0.20568
16453.10938 0.205728
16453.31055 0.205775
16453.50977 0.205822
16453.71094 0.20587
16453.91016 0.205918
16454.10938 0.20599
16454.31055 0.206082
16454.50977 0.206175
16454.71094 0.206268
16454.91016 0.20636
16455.10938 0.206452
16455.31055 0.206545
16455.50977 0.206638
16455.71094 0.20673
16455.91016 0.206823
16456.10938 0.206904
16456.31055 0.206975
16456.50977 0.207045
16456.71094 0.207115
16456.91016 0.207186
16457.10938 0.207256
16457.31055 0.207326
16457.50977 0.207397
16457.71094 0.207467
16457.91016 0.207538
16458.10938 0.207597
16458.31055 0.207647
16458.50977 0.207698
16458.71094 0.207748
16458.91016 0.207799
16459.10938 0.207849
16459.31055 0.207899
16459.50977 0.20795
16459.71094 0.208
16459.91016 0.20805
16460.10938 0.208097
16460.31055 0.208141
16460.50977 0.208186
16460.71094 0.20823
16460.91016 0.208275
16461.10938 0.208319
16461.31055 0.208363
16461.50977 0.208407
16461.71094 0.208452
16461.91016 0.208496
16462.10938 0.208531
16462.31055 0.208558
16462.50977 0.208585
16462.71094 0.208612
16462.91016 0.20864
16463.10938 0.208667
16463.31055 0.208693
16463.50977 0.208721
16463.71094 0.208748
16463.91016 0.208775
16464.10938 0.208801
16464.31055 0.208827
16464.50977 0.208853
16464.71094 0.208879
16464.91016 0.208905
16465.10938 0.208931
16465.31055 0.208957
16465.50977 0.208983
16465.71094 0.209009
16465.91016 0.209035
16466.10938 0.209064
16466.31055 0.209097
16466.50977 0.209129
16466.71094 0.209162
16466.91016 0.209195
16467.10938 0.209228
16467.31055 0.20926
16467.50977 0.209292
16467.71094 0.209325
16467.91016 0.209358
16468.10938 0.209385
16468.31055 0.209408
16468.50977 0.20943
16468.71094 0.209453
16468.91016 0.209476
16469.10938 0.209498
16469.31055 0.209521
16469.50977 0.209544
16469.71094 0.209566
16469.91016 0.209589
16470.10938 0.209586
16470.31055 0.209561
16470.50977 0.209536
16470.71094 0.209511
16470.91016 0.209486
16471.10938 0.209461
16471.31055 0.209437
16471.50977 0.209412
16471.71094 0.209387
16471.91016 0.209362
16472.10938 0.209376
16472.31055 0.209422
16472.50977 0.209468
16472.71094 0.209513
16472.91016 0.20956
16473.10938 0.209605
16473.31055 0.209651
16473.50977 0.209697
16473.71094 0.209743
16473.91016 0.209788
16474.10938 0.20982
16474.31055 0.20984
16474.50977 0.209861
16474.71094 0.209881
16474.91016 0.209901
16475.10938 0.209922
16475.31055 0.209942
16475.50977 0.209962
16475.71094 0.209983
16475.91016 0.210003
16476.11914 0.209994
16476.31055 0.209964
16476.51953 0.209933
16476.71094 0.209903
16476.91992 0.209872
16477.11914 0.209842
16477.32031 0.209811
16477.51953 0.209781
16477.72070 0.20975
16477.91992 0.20972
16478.11914 0.209697
16478.32031 0.20968
16478.51953 0.209663
16478.72070 0.209646
16478.91992 0.209629
16479.11914 0.209613
16479.32031 0.209596
16479.51953 0.209579
16479.72070 0.209562
16479.91992 0.209545
16480.11914 0.209532
16480.32031 0.209523
16480.51953 0.209512
16480.72070 0.209503
16480.91992 0.209493
16481.11914 0.209483
16481.32031 0.209473
16481.51953 0.209463
16481.72070 0.209453
16481.91992 0.209443
16482.11914 0.209434
16482.32031 0.209425
16482.51953 0.209416
16482.72070 0.209408
16482.91992 0.209399
16483.11914 0.20939
16483.32031 0.209381
16483.51953 0.209372
16483.72070 0.209364
16483.91992 0.209355
16484.11914 0.209323
16484.32031 0.209277
16484.52930 0.20923
16484.72070 0.209184
16484.92969 0.209137
16485.13086 0.209091
16485.33008 0.209045
16485.52930 0.208999
16485.73047 0.208952
16485.92969 0.208906
16486.13086 0.208879
16486.33008 0.208864
16486.52930 0.208849
16486.73047 0.208833
16486.92969 0.208818
16487.13086 0.208803
16487.33008 0.208787
16487.52930 0.208772
16487.73047 0.208757
16487.92969 0.208741
16488.13086 0.208721
16488.33008 0.208697
16488.52930 0.208673
16488.73047 0.208649
16488.92969 0.208625
16489.13086 0.208602
16489.33008 0.208578
16489.52930 0.208554
16489.73047 0.208531
16489.92969 0.208507
16490.13086 0.208487
16490.33008 0.20847
16490.53906 0.208453
16490.73047 0.208436
16490.93945 0.20842
16491.13086 0.208403
16491.33984 0.208386
16491.53906 0.208369
16491.74023 0.208352
16491.93945 0.208335
16492.14062 0.208328
16492.33984 0.208326
16492.53906 0.208324
16492.74023 0.208322
16492.93945 0.208321
16493.14062 0.208319
16493.33984 0.208317
16493.53906 0.208315
16493.74023 0.208313
16493.93945 0.208312
16494.14062 0.208291
16494.33984 0.208263
16494.53906 0.208236
16494.74023 0.208208
16494.93945 0.20818
16495.14062 0.208152
16495.33984 0.208124
16495.53906 0.208096
16495.74023 0.208069
16495.94922 0.208041
16496.15039 0.208015
16496.34961 0.207989
16496.55078 0.207964
16496.75000 0.207939
16496.94922 0.207913
16497.15039 0.207888
16497.34961 0.207863
16497.55078 0.207837
16497.75000 0.207812
16497.94922 0.207787
16498.15039 0.207743
16498.34961 0.207693
16498.55078 0.207643
16498.75000 0.207593
16498.94922 0.207544
16499.15039 0.207494
16499.34961 0.207444
16499.55078 0.207395
16499.75000 0.207345
16499.96094 0.207295
16500.15039 0.20727
16500.35938 0.207252
16500.55078 0.207234
16500.75977 0.207216
16500.96094 0.207198
16501.16016 0.20718
16501.35938 0.207162
16501.56055 0.207144
16501.75977 0.207126
16501.96094 0.207108
16502.16016 0.20706
16502.35938 0.207005
16502.56055 0.206949
16502.75977 0.206894
16502.96094 0.206839
16503.16016 0.206783
16503.35938 0.206727
16503.56055 0.206672
16503.75977 0.206616
16503.96094 0.20656
16504.16016 0.206506
16504.36914 0.20645
16504.57031 0.206395
16504.76953 0.206341
16504.97070 0.206285
16505.16992 0.20623
16505.36914 0.206176
16505.57031 0.20612
16505.76953 0.206065
16505.97070 0.20601
16506.16992 0.205969
16506.36914 0.20593
16506.57031 0.20589
16506.76953 0.205852
16506.97070 0.205812
16507.16992 0.205773
16507.36914 0.205734
16507.57031 0.205695
16507.77930 0.205656
16507.97070 0.205617
16508.17969 0.205537
16508.38086 0.20545
16508.58008 0.205364
16508.77930 0.205278
16508.98047 0.205191
16509.17969 0.205104
16509.38086 0.205018
16509.58008 0.204932
16509.77930 0.204845
16509.98047 0.204759
16510.17969 0.204659
16510.38086 0.204557
16510.58008 0.204456
16510.77930 0.204354
16510.98047 0.204252
16511.18945 0.20415
16511.38086 0.204048
16511.58984 0.203946
16511.78906 0.203844
16511.99023 0.203743
16512.18945 0.203573
16512.39062 0.203399
16512.58984 0.203224
16512.78906 0.203051
16512.99023 0.202877
16513.18945 0.202702
16513.39062 0.202527
16513.58984 0.202354
16513.78906 0.20218
16513.99023 0.202005
16514.18945 0.201859
16514.39062 0.201713
16514.59961 0.201567
16514.80078 0.201421
16515.00000 0.201276
16515.19922 0.20113
16515.40039 0.200983
16515.59961 0.200837
16515.80078 0.200692
16516.00000 0.200546
16516.19922 0.200284
16516.40039 0.200022
16516.59961 0.199762
16516.80078 0.1995
16517.00000 0.199238
16517.21094 0.198975
16517.40039 0.198716
16517.60938 0.198454
16517.81055 0.198191
16518.00977 0.19793
16518.21094 0.197699
16518.41016 0.197465
16518.60938 0.197232
16518.81055 0.196998
16519.00977 0.196767
16519.21094 0.196533
16519.41016 0.1963
16519.60938 0.196066
16519.81055 0.195833
16520.00977 0.195593
16520.21094 0.195233
16520.41992 0.194874
16520.61914 0.194515
16520.82031 0.194159
16521.01953 0.1938
16521.22070 0.19344
16521.41992 0.193081
16521.61914 0.192725
16521.82031 0.192365
16522.01953 0.192001
16522.22070 0.191598
16522.41992 0.191195
16522.61914 0.190795
16522.82031 0.190392
16523.02930 0.189989
16523.23047 0.189585
16523.42969 0.189182
16523.63086 0.188782
16523.83008 0.188379
16524.02930 0.187962
16524.23047 0.18747
16524.42969 0.186978
16524.63086 0.18649
16524.83008 0.185998
16525.02930 0.185506
16525.23047 0.185013
16525.43945 0.184521
16525.63086 0.184033
16525.83984 0.183541
16526.03906 0.18303
16526.24023 0.182439
16526.43945 0.181847
16526.64062 0.181261
16526.83984 0.18067
16527.03906 0.180078
16527.24023 0.179486
16527.43945 0.178895
16527.64062 0.178309
16527.83984 0.177717
16528.03906 0.17714
16528.25000 0.176615
16528.44922 0.176091
16528.65039 0.175566
16528.84961 0.175046
16529.05078 0.174521
16529.25000 0.173996
16529.44922 0.173471
16529.65039 0.172946
16529.84961 0.172426
16530.05078 0.171846
16530.25000 0.171112
16530.46094 0.170379
16530.66016 0.169646
16530.85938 0.168912
16531.06055 0.168179
16531.25977 0.167452
16531.46094 0.166718
16531.66016 0.165985
16531.85938 0.165251
16532.06055 0.164522
16532.25977 0.163805
16532.46094 0.163094
16532.66016 0.162377
16532.86914 0.161659
16533.07031 0.160941
16533.26953 0.160224
16533.47070 0.159506
16533.66992 0.158788
16533.86914 0.158077
16534.07031 0.157339
16534.26953 0.156563
16534.47070 0.155787
16534.66992 0.155011
16534.86914 0.154235
16535.08008 0.153459
16535.27930 0.152691
16535.48047 0.151914
16535.67969 0.151138
16535.88086 0.150362
16536.08008 0.149563
16536.27930 0.148729
16536.48047 0.147895
16536.67969 0.147069
16536.88086 0.146235
16537.08008 0.145401
16537.28906 0.144567
16537.49023 0.143733
16537.68945 0.142899
16537.89062 0.142064
16538.08984 0.141244
16538.28906 0.14045
16538.49023 0.139647
16538.68945 0.138845
16538.89062 0.138042
16539.08984 0.137239
16539.28906 0.136437
16539.50000 0.135634
16539.69922 0.134831
16539.90039 0.134028
16540.09961 0.133199
16540.30078 0.132327
16540.50000 0.131454
16540.69922 0.130581
16540.90039 0.129708
