threeML/data/optical_filters/HST/NICMOS3-F190N.ecsv
# %ECSV 0.9
# ---
# datatype:
# - {name: wavelength, unit: Angstrom, datatype: float32}
# - {name: response, datatype: float32}
# meta: !!omap
# - {band_name: F190N}
# - {group_name: NICMOS3}
wavelength response
18798.15039 0.0
18798.33008 5.9e-05
18798.51953 0.000232
18798.69922 0.000405
18798.88086 0.000579
18799.07031 0.000754
18799.25000 0.000927
18799.43945 0.0011
18799.61914 0.001274
18799.80078 0.001447
18799.99023 0.001622
18800.16992 0.001631
18800.35938 0.001629
18800.53906 0.001626
18800.72070 0.001624
18800.91016 0.001621
18801.08984 0.001619
18801.27930 0.001617
18801.46094 0.001614
18801.64062 0.001612
18801.83008 0.00161
18802.00977 0.001609
18802.19922 0.001629
18802.38086 0.001648
18802.56055 0.001668
18802.75000 0.001688
18802.92969 0.001708
18803.11914 0.001728
18803.30078 0.001747
18803.48047 0.001767
18803.66992 0.001787
18803.84961 0.001807
18804.03906 0.001808
18804.22070 0.001737
18804.41016 0.001667
18804.58984 0.001597
18804.76953 0.001527
18804.96094 0.001456
18805.14062 0.001385
18805.33008 0.001315
18805.50977 0.001245
18805.69922 0.001174
18805.88086 0.001103
18806.06055 0.001055
18806.25000 0.00105
18806.42969 0.001044
18806.61914 0.001039
18806.80078 0.001033
18806.98047 0.001028
18807.16992 0.001022
18807.34961 0.001017
18807.53906 0.001011
18807.72070 0.001006
18807.90039 0.001
18808.08984 0.001025
18808.26953 0.001084
18808.46094 0.001142
18808.64062 0.0012
18808.82031 0.001257
18809.00977 0.001316
18809.18945 0.001374
18809.38086 0.001432
18809.56055 0.00149
18809.75000 0.001548
18809.92969 0.001606
18810.10938 0.001622
18810.30078 0.001611
18810.48047 0.001601
18810.66992 0.001591
18810.84961 0.00158
18811.03906 0.00157
18811.22070 0.00156
18811.40039 0.00155
18811.58984 0.001539
18811.76953 0.001529
18811.96094 0.001519
18812.14062 0.001534
18812.32031 0.001558
18812.50977 0.001582
18812.68945 0.001605
18812.88086 0.001629
18813.06055 0.001653
18813.25000 0.001677
18813.42969 0.0017
18813.60938 0.001724
18813.80078 0.001748
18813.98047 0.001772
18814.16992 0.001713
18814.34961 0.001646
18814.53906 0.001578
18814.72070 0.00151
18814.90039 0.001443
18815.08984 0.001375
18815.26953 0.001307
18815.46094 0.00124
18815.64062 0.001172
18815.82031 0.001104
18816.00977 0.001041
18816.18945 0.001082
18816.38086 0.001123
18816.56055 0.001163
18816.75000 0.001204
18816.92969 0.001245
18817.10938 0.001285
18817.30078 0.001326
18817.48047 0.001367
18817.66992 0.001408
18817.84961 0.001448
18818.03906 0.001487
18818.22070 0.001514
18818.40039 0.001542
18818.58984 0.001569
18818.76953 0.001596
18818.96094 0.001624
18819.14062 0.001652
18819.32031 0.001679
18819.50977 0.001707
18819.68945 0.001734
18819.88086 0.001761
18820.06055 0.001811
18820.25000 0.001901
18820.42969 0.001992
18820.61914 0.002083
18820.80078 0.002173
18820.98047 0.002264
18821.16992 0.002355
18821.34961 0.002446
18821.53906 0.002536
18821.72070 0.002628
18821.90039 0.002718
18822.08984 0.002708
18822.26953 0.002589
18822.46094 0.00247
18822.64062 0.002352
18822.83008 0.002232
18823.00977 0.002113
18823.18945 0.001995
18823.38086 0.001875
18823.56055 0.001757
18823.75000 0.001637
18823.92969 0.001518
18824.11914 0.001505
18824.30078 0.001555
18824.48047 0.001604
18824.66992 0.001654
18824.84961 0.001704
18825.03906 0.001753
18825.22070 0.001802
18825.41016 0.001852
18825.58984 0.001901
18825.77930 0.001951
18825.96094 0.002001
18826.14062 0.002108
18826.33008 0.002234
18826.50977 0.002359
18826.69922 0.002483
18826.88086 0.002609
18827.06055 0.002733
18827.25000 0.002859
18827.42969 0.002984
18827.61914 0.003108
18827.80078 0.003234
18827.99023 0.003358
18828.16992 0.003373
18828.35938 0.003379
18828.53906 0.003385
18828.72070 0.003391
18828.91016 0.003397
18829.08984 0.003403
18829.27930 0.003409
18829.46094 0.003414
18829.65039 0.00342
18829.83008 0.003426
18830.00977 0.003432
18830.19922 0.003434
18830.38086 0.003437
18830.57031 0.003439
18830.75000 0.003441
18830.93945 0.003444
18831.11914 0.003446
18831.30078 0.003448
18831.49023 0.003451
18831.66992 0.003453
18831.85938 0.003455
18832.03906 0.003432
18832.23047 0.003323
18832.41016 0.003213
18832.59961 0.003104
18832.77930 0.002995
18832.96094 0.002885
18833.15039 0.002777
18833.33008 0.002667
18833.51953 0.002558
18833.69922 0.002449
18833.89062 0.002339
18834.07031 0.00231
18834.25977 0.00241
18834.43945 0.002509
18834.61914 0.002608
18834.81055 0.002709
18834.99023 0.002808
18835.17969 0.002908
18835.35938 0.003007
18835.55078 0.003107
18835.73047 0.003206
18835.91016 0.003305
18836.09961 0.00339
18836.27930 0.00346
18836.47070 0.00353
18836.65039 0.0036
18836.83984 0.003671
18837.01953 0.003741
18837.21094 0.003811
18837.39062 0.003882
18837.57031 0.003952
18837.75977 0.004022
18837.93945 0.004092
18838.13086 0.004136
18838.31055 0.004168
18838.50000 0.0042
18838.67969 0.004233
18838.86914 0.004264
18839.05078 0.004297
18839.23047 0.004329
18839.41992 0.004361
18839.59961 0.004393
18839.78906 0.004425
18839.97070 0.004457
18840.16016 0.004453
18840.33984 0.004442
18840.52930 0.004431
18840.71094 0.00442
18840.89062 0.004409
18841.08008 0.004398
18841.25977 0.004387
18841.44922 0.004376
18841.63086 0.004364
18841.82031 0.004354
18842.00000 0.004343
18842.18945 0.004415
18842.36914 0.004487
18842.55078 0.004558
18842.74023 0.00463
18842.91992 0.004702
18843.10938 0.004774
18843.28906 0.004845
18843.48047 0.004916
18843.66016 0.004989
18843.84961 0.00506
18844.02930 0.005122
18844.21094 0.005131
18844.40039 0.005141
18844.58008 0.00515
18844.76953 0.00516
18844.94922 0.005169
18845.14062 0.005178
18845.32031 0.005188
18845.50977 0.005197
18845.68945 0.005207
18845.88086 0.005216
18846.06055 0.005243
18846.24023 0.005303
18846.42969 0.005364
18846.60938 0.005424
18846.80078 0.005485
18846.98047 0.005545
18847.16992 0.005606
18847.34961 0.005667
18847.53906 0.005728
18847.72070 0.005788
18847.91016 0.005849
18848.08984 0.005906
18848.27930 0.005959
18848.46094 0.006012
18848.64062 0.006066
18848.83008 0.006119
18849.00977 0.006172
18849.19922 0.006225
18849.38086 0.006279
18849.57031 0.006331
18849.75000 0.006385
18849.93945 0.006438
18850.11914 0.006508
18850.30078 0.006586
18850.49023 0.006665
18850.66992 0.006742
18850.85938 0.006821
18851.03906 0.006899
18851.23047 0.006978
18851.41016 0.007056
18851.59961 0.007135
18851.77930 0.007212
18851.97070 0.007291
18852.15039 0.007272
18852.33984 0.007231
18852.51953 0.00719
18852.71094 0.007148
18852.89062 0.007108
18853.07031 0.007066
18853.25977 0.007026
18853.43945 0.006984
18853.63086 0.006944
18853.81055 0.006902
18854.00000 0.006861
18854.17969 0.006906
18854.36914 0.006951
18854.55078 0.006997
18854.73047 0.007043
18854.91992 0.007089
18855.09961 0.007135
18855.28906 0.007181
18855.47070 0.007226
18855.66016 0.007272
18855.83984 0.007318
18856.02930 0.007374
18856.21094 0.007485
18856.40039 0.007598
18856.58008 0.007709
18856.76953 0.007822
18856.94922 0.007934
18857.13086 0.008046
18857.32031 0.008159
18857.50000 0.008271
18857.68945 0.008383
18857.86914 0.008495
18858.06055 0.0086
18858.24023 0.008688
18858.42969 0.008776
18858.60938 0.008864
18858.80078 0.008953
18858.98047 0.009041
18859.16992 0.00913
18859.34961 0.009217
18859.53906 0.009306
18859.72070 0.009395
18859.90039 0.009483
18860.08984 0.009528
18860.26953 0.009528
18860.46094 0.009528
18860.64062 0.009528
18860.83008 0.009528
18861.00977 0.009528
18861.19922 0.009528
18861.38086 0.009528
18861.57031 0.009528
18861.75000 0.009528
18861.93945 0.009528
18862.11914 0.0096
18862.30078 0.009708
18862.49023 0.009817
18862.66992 0.009926
18862.85938 0.010035
18863.03906 0.010144
18863.23047 0.010253
18863.41016 0.010363
18863.59961 0.010471
18863.77930 0.01058
18863.97070 0.010689
18864.15039 0.01076
18864.33984 0.010822
18864.51953 0.010885
18864.71094 0.010948
18864.89062 0.011011
18865.08008 0.011074
18865.25977 0.011136
18865.44922 0.011199
18865.63086 0.011262
18865.81055 0.011325
18866.00000 0.011387
18866.17969 0.011575
18866.36914 0.011765
18866.55078 0.011952
18866.74023 0.012142
18866.91992 0.012329
18867.10938 0.012519
18867.28906 0.012706
18867.48047 0.012896
18867.66016 0.013085
18867.84961 0.013272
18868.02930 0.013453
18868.21094 0.013591
18868.40039 0.013729
18868.58984 0.013868
18868.76953 0.014006
18868.96094 0.014144
18869.14062 0.014282
18869.32031 0.01442
18869.50977 0.014558
18869.68945 0.014696
18869.88086 0.014835
18870.06055 0.014966
18870.25000 0.015086
18870.42969 0.015205
18870.61914 0.015326
18870.80078 0.015446
18870.99023 0.015565
18871.16992 0.015685
18871.35938 0.015804
18871.53906 0.015924
18871.73047 0.016045
18871.91016 0.016164
18872.09961 0.016302
18872.27930 0.016456
18872.46094 0.016611
18872.65039 0.016767
18872.83008 0.01692
18873.01953 0.017076
18873.19922 0.017229
18873.39062 0.017385
18873.57031 0.01754
18873.75977 0.017694
18873.93945 0.017849
18874.13086 0.018031
18874.31055 0.018223
18874.50000 0.018417
18874.67969 0.018609
18874.86914 0.018802
18875.05078 0.018996
18875.24023 0.019188
18875.41992 0.019382
18875.60938 0.019573
18875.78906 0.019767
18875.98047 0.019961
18876.16016 0.020121
18876.34961 0.020278
18876.52930 0.020434
18876.71094 0.02059
18876.90039 0.020746
18877.08008 0.020901
18877.26953 0.021058
18877.46094 0.021215
18877.64062 0.02137
18877.82031 0.021527
18878.00977 0.021684
18878.18945 0.021847
18878.38086 0.022011
18878.56055 0.022175
18878.75000 0.022338
18878.92969 0.022502
18879.11914 0.022664
18879.30078 0.022829
18879.49023 0.022993
18879.66992 0.023155
18879.85938 0.02332
18880.03906 0.0235
18880.23047 0.023731
18880.41016 0.023964
18880.59961 0.024198
18880.77930 0.024429
18880.97070 0.024662
18881.15039 0.024893
18881.33984 0.025127
18881.51953 0.02536
18881.71094 0.025591
18881.89062 0.025824
18882.08008 0.026063
18882.25977 0.026307
18882.44922 0.026553
18882.63086 0.026799
18882.81055 0.027043
18883.00000 0.027289
18883.18945 0.027536
18883.36914 0.027779
18883.55078 0.028026
18883.74023 0.028272
18883.91992 0.028516
18884.10938 0.02879
18884.28906 0.029085
18884.48047 0.029377
18884.66016 0.029671
18884.84961 0.029966
18885.02930 0.030257
18885.22070 0.030552
18885.40039 0.030846
18885.58984 0.031138
18885.76953 0.031432
18885.96094 0.031727
18886.14062 0.031965
18886.33008 0.03219
18886.50977 0.032415
18886.69922 0.032638
18886.88086 0.032863
18887.07031 0.033089
18887.25000 0.033311
18887.43945 0.033537
18887.61914 0.033762
18887.81055 0.033985
18887.99023 0.03421
18888.17969 0.034521
18888.35938 0.034833
18888.55078 0.035148
18888.73047 0.035463
18888.91992 0.035778
18889.09961 0.036089
18889.28906 0.036404
18889.47070 0.036719
18889.66016 0.037031
18889.83984 0.037346
18890.02930 0.037679
18890.21094 0.038114
18890.40039 0.038553
18890.58008 0.038993
18890.76953 0.039427
18890.94922 0.039867
18891.14062 0.040306
18891.32031 0.040745
18891.50977 0.04118
18891.68945 0.041619
18891.88086 0.042059
18892.06055 0.04248
18892.25000 0.04288
18892.42969 0.043279
18892.61914 0.043674
18892.80078 0.044074
18892.99023 0.044473
18893.16992 0.044872
18893.35938 0.045268
18893.53906 0.045667
18893.73047 0.046066
18893.91016 0.046461
18894.09961 0.046912
18894.27930 0.04741
18894.47070 0.047908
18894.65039 0.0484
18894.83984 0.048898
18895.01953 0.049396
18895.21094 0.049889
18895.39062 0.050387
18895.58008 0.050885
18895.75977 0.051382
18895.94922 0.051875
18896.13086 0.05247
18896.32031 0.053104
18896.50000 0.053739
18896.68945 0.054367
18896.86914 0.055002
18897.06055 0.055637
18897.24023 0.056265
18897.42969 0.056899
18897.60938 0.057534
18897.80078 0.058169
18897.98047 0.058797
18898.16992 0.059419
18898.34961 0.060039
18898.53906 0.060659
18898.72070 0.061272
18898.91016 0.061892
18899.08984 0.062512
18899.27930 0.063132
18899.46094 0.063746
18899.65039 0.064366
18899.83008 0.064986
18900.01953 0.065598
18900.19922 0.066202
18900.39062 0.066807
18900.57031 0.067411
18900.75977 0.068009
18900.93945 0.068613
18901.13086 0.069217
18901.31055 0.069821
18901.50000 0.070419
18901.67969 0.071023
18901.86914 0.071627
18902.05078 0.072232
18902.24023 0.072833
18902.41992 0.073441
18902.60938 0.074048
18902.78906 0.074656
18902.98047 0.075257
18903.16016 0.075864
18903.34961 0.076472
18903.52930 0.077079
18903.72070 0.077686
18903.90039 0.078287
18904.08984 0.078874
18904.26953 0.079438
18904.46094 0.080002
18904.64062 0.08056
18904.83008 0.081123
18905.00977 0.081687
18905.19922 0.082251
18905.38086 0.082809
18905.57031 0.083372
18905.75000 0.083936
18905.93945 0.0845
18906.11914 0.085163
18906.31055 0.085884
18906.49023 0.086606
18906.67969 0.087328
18906.86914 0.08805
18907.05078 0.088764
18907.23047 0.089486
18907.41992 0.090208
18907.60938 0.090929
18907.78906 0.091644
18907.97070 0.092365
18908.16016 0.093065
18908.34961 0.093761
18908.52930 0.094458
18908.71094 0.095147
18908.90039 0.095843
18909.08984 0.09654
18909.26953 0.097236
18909.46094 0.097932
18909.64062 0.098621
18909.83008 0.099317
18910.00977 0.100028
18910.19922 0.100951
18910.38086 0.101874
18910.57031 0.102788
18910.75000 0.103711
18910.93945 0.104634
18911.11914 0.105557
18911.31055 0.10648
18911.49023 0.107393
18911.67969 0.108316
18911.85938 0.109239
18912.05078 0.110152
18912.23047 0.111037
18912.41992 0.111912
18912.59961 0.112797
18912.78906 0.113682
18912.97070 0.114566
18913.16016 0.115451
18913.33984 0.116326
18913.52930 0.117211
18913.71094 0.118096
18913.90039 0.11898
18914.08984 0.11992
18914.26953 0.120915
18914.46094 0.12192
18914.64062 0.122925
18914.83008 0.12393
18915.00977 0.124935
18915.19922 0.125941
18915.38086 0.126935
18915.57031 0.12794
18915.75000 0.128945
18915.93945 0.12995
18916.11914 0.13097
18916.31055 0.131986
18916.49023 0.133012
18916.67969 0.134039
18916.85938 0.135066
18917.05078 0.136093
18917.23047 0.13712
18917.41992 0.138135
18917.59961 0.139162
18917.78906 0.140189
18917.97070 0.141216
18918.16016 0.142199
18918.34961 0.143176
18918.52930 0.144142
18918.71094 0.145118
18918.90039 0.146095
18919.08984 0.147071
18919.26953 0.148047
18919.46094 0.149024
18919.64062 0.14999
18919.83008 0.150967
18920.00977 0.15194
18920.19922 0.152872
18920.38086 0.153804
18920.57031 0.154736
18920.75000 0.155668
18920.93945 0.15659
18921.11914 0.157522
18921.31055 0.158454
18921.49023 0.159386
18921.67969 0.160318
18921.86914 0.16125
18922.05078 0.16211
18922.23047 0.162804
18922.41992 0.163498
18922.60938 0.164192
18922.78906 0.164887
18922.98047 0.165581
18923.16016 0.166275
18923.34961 0.166962
18923.52930 0.167656
18923.72070 0.16835
18923.90039 0.169044
18924.08984 0.169849
18924.26953 0.170776
18924.46094 0.171703
18924.64062 0.17263
18924.83008 0.173548
18925.00977 0.174475
18925.19922 0.175402
18925.38086 0.17633
18925.57031 0.177257
18925.75977 0.178184
18925.93945 0.179111
18926.11914 0.17992
18926.31055 0.180686
18926.50000 0.181453
18926.67969 0.182219
18926.86914 0.182985
18927.05078 0.183752
18927.24023 0.184518
18927.41992 0.185284
18927.60938 0.186043
18927.78906 0.186809
18927.98047 0.187575
18928.16016 0.188396
18928.34961 0.189223
18928.53906 0.190051
18928.72070 0.190878
18928.91016 0.191706
18929.08984 0.192533
18929.27930 0.193352
18929.46094 0.194179
18929.65039 0.195007
18929.83008 0.195834
18930.01953 0.196654
18930.19922 0.197393
18930.39062 0.198132
18930.57031 0.198871
18930.75977 0.19961
18930.94922 0.200349
18931.13086 0.201081
18931.31055 0.20182
18931.50000 0.202559
18931.68945 0.203298
18931.86914 0.204037
18932.06055 0.204785
18932.24023 0.20555
18932.42969 0.206316
18932.60938 0.207082
18932.80078 0.207848
18932.98047 0.208605
18933.16992 0.209371
18933.34961 0.210137
18933.53906 0.210903
18933.72070 0.211669
18933.91016 0.212434
18934.09961 0.213113
18934.27930 0.213709
18934.47070 0.214305
18934.65039 0.2149
18934.83984 0.215496
18935.01953 0.216086
18935.21094 0.216682
18935.39062 0.217278
18935.58008 0.217874
18935.75977 0.21847
18935.94922 0.219066
18936.13086 0.219587
18936.32031 0.220082
18936.50977 0.220576
18936.68945 0.221069
18936.88086 0.221563
18937.06055 0.222057
18937.25000 0.222551
18937.42969 0.223045
18937.61914 0.223534
18937.80078 0.224028
18937.99023 0.224522
18938.16992 0.224915
18938.35938 0.225302
18938.53906 0.225689
18938.73047 0.226076
18938.91992 0.226463
18939.09961 0.22685
18939.28906 0.227237
18939.47070 0.227623
