threeML/data/optical_filters/HST/NICMOS1-F165M.ecsv
# %ECSV 0.9
# ---
# datatype:
# - {name: wavelength, unit: Angstrom, datatype: float32}
# - {name: response, datatype: float32}
# meta: !!omap
# - {band_name: F165M}
# - {group_name: NICMOS1}
wavelength response
[from data line 4596]
16908.08984 0.208189
16908.50000 0.208224
16908.91016 0.20826
16909.33008 0.208296
16909.74023 0.208332
16910.15039 0.208369
16910.56055 0.208408
16910.97070 0.208447
16911.39062 0.208486
16911.80078 0.208525
16912.21094 0.208564
16912.61914 0.208603
16913.02930 0.208642
16913.44922 0.208681
16913.85938 0.20872
16914.26953 0.208759
16914.67969 0.208797
16915.08984 0.208836
16915.50977 0.208875
16915.91992 0.208913
16916.33008 0.208952
16916.74023 0.20899
16917.16016 0.209029
16917.57031 0.209067
16917.98047 0.209106
16918.39062 0.209144
16918.80078 0.209183
16919.22070 0.209221
16919.63086 0.20926
16920.03906 0.209298
16920.44922 0.209338
16920.86914 0.209377
16921.27930 0.209416
16921.68945 0.209455
16922.09961 0.209494
16922.50977 0.209533
16922.92969 0.209572
16923.33984 0.209612
16923.75000 0.209651
16924.16016 0.20969
16924.58008 0.209729
16924.99023 0.209768
16925.40039 0.209805
16925.81055 0.209842
16926.23047 0.20988
16926.64062 0.209917
16927.05078 0.209954
16927.46094 0.209991
16927.88086 0.210028
16928.28906 0.210065
16928.69922 0.210102
16929.10938 0.21014
16929.52930 0.210177
16929.93945 0.210214
16930.34961 0.210253
16930.75977 0.210293
16931.17969 0.210333
16931.58984 0.210373
16932.00000 0.210413
16932.41016 0.210453
16932.83008 0.210493
16933.24023 0.210533
16933.65039 0.210573
16934.06055 0.210613
16934.48047 0.210653
16934.89062 0.210693
16935.30078 0.210731
16935.71094 0.21077
16936.13086 0.210809
16936.53906 0.210847
16936.94922 0.210886
16937.36914 0.210924
16937.77930 0.210963
16938.18945 0.211002
16938.59961 0.21104
16939.01953 0.211079
16939.42969 0.211118
16939.83984 0.211156
16940.25000 0.211199
16940.66992 0.211243
16941.08008 0.211287
16941.49023 0.211332
16941.90039 0.211376
16942.32031 0.211421
16942.73047 0.211466
16943.14062 0.21151
16943.55078 0.211554
16943.97070 0.211599
16944.38086 0.211643
16944.78906 0.211688
16945.21094 0.211729
16945.61914 0.211766
16946.02930 0.211803
16946.44922 0.21184
16946.85938 0.211877
16947.26953 0.211914
16947.67969 0.211951
16948.09961 0.211988
16948.50977 0.212025
16948.91992 0.212062
16949.33984 0.212099
16949.75000 0.212136
16950.16016 0.212174
16950.57031 0.212213
16950.99023 0.212252
16951.40039 0.212291
16951.81055 0.212331
16952.23047 0.21237
16952.64062 0.212409
16953.05078 0.212448
16953.47070 0.212487
16953.88086 0.212526
16954.28906 0.212565
16954.71094 0.212604
16955.11914 0.212646
16955.52930 0.212695
16955.94922 0.212743
16956.35938 0.212791
16956.76953 0.212839
16957.17969 0.212888
16957.59961 0.212936
16958.00977 0.212984
16958.41992 0.213033
16958.83984 0.213081
16959.25000 0.213129
16959.66016 0.213178
16960.08008 0.213223
16960.49023 0.213258
16960.90039 0.213292
16961.32031 0.213327
16961.73047 0.213361
16962.14062 0.213395
16962.56055 0.21343
16962.97070 0.213464
16963.38086 0.213499
16963.80078 0.213533
16964.21094 0.213567
16964.61914 0.213602
16965.03906 0.213637
16965.44922 0.213683
16965.85938 0.213729
16966.27930 0.213775
16966.68945 0.213821
16967.09961 0.213867
16967.51953 0.213913
16967.92969 0.213958
16968.33984 0.214005
16968.75977 0.21405
16969.16992 0.214096
16969.58008 0.214142
16970.00000 0.214188
16970.41016 0.214227
16970.82031 0.214266
16971.24023 0.214305
16971.65039 0.214343
16972.06055 0.214382
16972.48047 0.214421
16972.89062 0.21446
16973.30078 0.214499
16973.72070 0.214538
16974.13086 0.214577
16974.53906 0.214615
16974.96094 0.214654
16975.36914 0.2147
16975.78906 0.214746
16976.19922 0.214792
16976.60938 0.214838
16977.02930 0.214885
16977.43945 0.214931
16977.85938 0.214977
16978.26953 0.215023
16978.67969 0.215069
16979.09961 0.215115
16979.50977 0.215162
16979.91992 0.215208
16980.33984 0.215247
16980.75000 0.215286
16981.16016 0.215324
16981.58008 0.215362
16981.99023 0.2154
16982.41016 0.215438
16982.82031 0.215477
16983.23047 0.215515
16983.65039 0.215553
16984.06055 0.215591
16984.47070 0.215629
16984.89062 0.215667
16985.30078 0.215701
16985.72070 0.215732
16986.13086 0.215763
16986.53906 0.215795
16986.96094 0.215826
16987.36914 0.215857
16987.78906 0.215889
16988.19922 0.21592
16988.60938 0.215952
16989.02930 0.215983
16989.43945 0.216014
16989.85938 0.216046
16990.26953 0.216085
16990.67969 0.216127
16991.09961 0.21617
16991.50977 0.216213
16991.92969 0.216255
16992.33984 0.216298
16992.75000 0.216341
16993.16992 0.216383
16993.58008 0.216426
16994.00000 0.216469
16994.41016 0.216511
16994.82031 0.216554
16995.24023 0.2166
16995.65039 0.216648
16996.07031 0.216695
16996.48047 0.216743
16996.89062 0.216791
16997.31055 0.216839
16997.72070 0.216887
16998.14062 0.216935
16998.55078 0.216982
16998.96094 0.21703
16999.38086 0.217078
16999.78906 0.217126
17000.21094 0.217158
17000.61914 0.217173
17001.03906 0.217189
17001.44922 0.217204
17001.85938 0.21722
17002.27930 0.217235
17002.68945 0.217251
17003.10938 0.217267
17003.51953 0.217282
17003.93945 0.217298
17004.34961 0.217313
17004.75977 0.217329
17005.17969 0.217351
17005.58984 0.217382
17006.00977 0.217412
17006.41992 0.217443
17006.83984 0.217474
17007.25000 0.217504
17007.66016 0.217535
17008.08008 0.217566
17008.49023 0.217597
17008.91016 0.217627
17009.32031 0.217658
17009.74023 0.217689
17010.15039 0.217713
17010.56055 0.217726
17010.98047 0.21774
17011.39062 0.217753
17011.81055 0.217766
17012.22070 0.217779
17012.64062 0.217792
17013.05078 0.217805
17013.47070 0.217818
17013.88086 0.217831
17014.28906 0.217844
17014.71094 0.217858
17015.13086 0.217873
17015.53906 0.217895
17015.96094 0.217918
17016.36914 0.21794
17016.77930 0.217962
17017.19922 0.217984
17017.60938 0.218006
17018.02930 0.218028
17018.43945 0.218051
17018.85938 0.218073
17019.26953 0.218095
17019.68945 0.218117
17020.09961 0.218138
17020.51953 0.218154
17020.92969 0.218171
17021.33984 0.218187
17021.75977 0.218204
17022.16992 0.218221
17022.58984 0.218237
17023.00000 0.218254
17023.41992 0.21827
17023.83008 0.218287
17024.25000 0.218304
17024.66016 0.21832
17025.08008 0.218337
17025.49023 0.218357
17025.91016 0.218376
17026.32031 0.218395
17026.74023 0.218415
17027.15039 0.218435
17027.57031 0.218454
17027.98047 0.218473
17028.40039 0.218493
17028.81055 0.218512
17029.23047 0.218532
17029.64062 0.218551
17030.06055 0.21857
17030.47070 0.218584
17030.89062 0.218597
17031.30078 0.218611
17031.72070 0.218625
17032.13086 0.218639
17032.53906 0.218652
17032.96094 0.218666
17033.38086 0.21868
17033.78906 0.218693
17034.21094 0.218707
17034.61914 0.218721
17035.03906 0.218735
17035.44922 0.218756
17035.86914 0.218777
17036.27930 0.218798
17036.69922 0.218819
17037.10938 0.21884
17037.52930 0.218861
17037.93945 0.218882
17038.35938 0.218904
17038.76953 0.218924
17039.18945 0.218945
17039.59961 0.218967
17040.01953 0.218987
17040.42969 0.219
17040.84961 0.219013
17041.25977 0.219025
17041.67969 0.219038
17042.08984 0.219051
17042.50977 0.219064
17042.91992 0.219076
17043.33984 0.219089
17043.75000 0.219102
17044.16992 0.219115
17044.58008 0.219127
17045.00000 0.21914
17045.41992 0.219149
17045.83008 0.219158
17046.25000 0.219166
17046.66016 0.219175
17047.08008 0.219184
17047.49023 0.219193
17047.91016 0.219201
17048.32031 0.21921
17048.74023 0.219219
17049.15039 0.219227
17049.57031 0.219236
17049.98047 0.219245
17050.40039 0.219253
17050.81055 0.219261
17051.23047 0.219268
17051.65039 0.219276
17052.06055 0.219284
17052.48047 0.219292
17052.89062 0.2193
17053.31055 0.219307
17053.72070 0.219315
17054.14062 0.219323
17054.55078 0.219331
17054.97070 0.219338
17055.38086 0.219345
17055.80078 0.219352
17056.22070 0.219358
17056.63086 0.219365
17057.05078 0.219371
17057.46094 0.219378
17057.88086 0.219385
17058.28906 0.219391
17058.71094 0.219398
17059.13086 0.219405
17059.53906 0.219411
17059.96094 0.219418
17060.36914 0.219426
17060.78906 0.219435
17061.21094 0.219444
17061.61914 0.219453
17062.03906 0.219462
17062.44922 0.21947
17062.86914 0.219479
17063.27930 0.219488
17063.69922 0.219497
17064.11914 0.219506
17064.52930 0.219515
17064.94922 0.219523
17065.35938 0.219528
17065.77930 0.219533
17066.18945 0.219537
17066.60938 0.219542
17067.02930 0.219546
17067.43945 0.21955
17067.85938 0.219555
17068.26953 0.219559
17068.68945 0.219564
17069.09961 0.219568
17069.51953 0.219573
17069.93945 0.219577
17070.34961 0.219581
17070.76953 0.219586
17071.17969 0.21959
17071.59961 0.219594
17072.01953 0.219599
17072.42969 0.219603
17072.84961 0.219607
17073.25977 0.219612
17073.67969 0.219616
17074.09961 0.21962
17074.50977 0.219625
17074.92969 0.219629
17075.33984 0.219632
17075.75977 0.219634
17076.17969 0.219636
17076.58984 0.219638
17077.00977 0.21964
17077.41992 0.219642
17077.83984 0.219644
17078.25977 0.219646
17078.66992 0.219648
17079.08984 0.21965
17079.50000 0.219652
17079.91992 0.219654
17080.33984 0.219656
17080.75000 0.219658
17081.16992 0.219659
17081.58984 0.219661
17082.00000 0.219663
17082.41992 0.219665
17082.83008 0.219666
17083.25000 0.219668
17083.66992 0.21967
17084.08008 0.219672
17084.50000 0.219673
17084.91992 0.219675
17085.33008 0.219673
17085.75000 0.21967
17086.16016 0.219667
17086.58008 0.219664
17087.00000 0.219661
17087.41016 0.219659
17087.83008 0.219656
17088.25000 0.219653
17088.66016 0.21965
17089.08008 0.219647
17089.49023 0.219644
17089.91016 0.219641
17090.33008 0.219639
17090.74023 0.219639
17091.16016 0.219638
17091.58008 0.219637
17091.99023 0.219636
17092.41016 0.219635
17092.83008 0.219635
17093.24023 0.219634
17093.66016 0.219633
17094.08008 0.219632
17094.49023 0.219631
17094.91016 0.21963
17095.32031 0.219623
17095.74023 0.219614
17096.16016 0.219605
17096.57031 0.219595
17096.99023 0.219586
17097.41016 0.219577
17097.82031 0.219567
17098.24023 0.219558
17098.66016 0.219549
17099.07031 0.21954
17099.49023 0.21953
17099.91016 0.219521
17100.32031 0.219526
17100.74023 0.219534
17101.16016 0.219542
17101.57031 0.21955
17101.99023 0.219558
17102.41016 0.219566
17102.82031 0.219575
17103.24023 0.219583
17103.66016 0.219591
17104.07031 0.219599
17104.49023 0.219607
17104.91016 0.219615
17105.32031 0.219619
17105.74023 0.219622
17106.16016 0.219624
17106.57031 0.219627
17106.99023 0.219629
17107.41016 0.219632
17107.83008 0.219635
17108.24023 0.219637
17108.66016 0.21964
17109.08008 0.219642
17109.49023 0.219645
17109.91016 0.219647
17110.33008 0.219639
17110.74023 0.219628
17111.16016 0.219617
17111.58008 0.219606
17111.99023 0.219594
17112.41016 0.219583
17112.83008 0.219572
17113.24023 0.219561
17113.66016 0.21955
17114.08008 0.219538
17114.50000 0.219527
17114.91016 0.219516
17115.33008 0.21952
17115.75000 0.219528
17116.16016 0.219536
17116.58008 0.219544
17117.00000 0.219552
17117.41992 0.219559
17117.83008 0.219567
17118.25000 0.219575
17118.66992 0.219583
17119.08008 0.219591
17119.50000 0.219599
17119.91992 0.219607
17120.33008 0.219606
17120.75000 0.219602
17121.16992 0.219598
17121.58984 0.219595
17122.00000 0.219591
17122.41992 0.219588
17122.83984 0.219584
17123.25977 0.21958
17123.66992 0.219577
17124.08984 0.219573
17124.50977 0.21957
17124.91992 0.219566
17125.33984 0.219554
17125.75977 0.21954
17126.17969 0.219527
17126.58984 0.219513
17127.00977 0.219499
17127.42969 0.219485
17127.84961 0.219472
17128.25977 0.219458
17128.67969 0.219444
17129.09961 0.21943
17129.50977 0.219417
17129.92969 0.219403
17130.34961 0.219391
17130.76953 0.219379
17131.17969 0.219367
17131.59961 0.219355
17132.01953 0.219343
17132.43945 0.219331
17132.84961 0.219319
17133.26953 0.219307
17133.68945 0.219295
17134.10938 0.219283
17134.51953 0.219272
17134.93945 0.21926
17135.35938 0.21926
17135.77930 0.219262
17136.18945 0.219265
17136.60938 0.219267
17137.02930 0.21927
17137.44922 0.219272
17137.85938 0.219274
17138.27930 0.219277
17138.69922 0.219279
17139.11914 0.219281
17139.52930 0.219284
17139.94922 0.219286
17140.36914 0.219279
17140.78906 0.21927
17141.19922 0.219262
17141.61914 0.219253
17142.03906 0.219244
17142.46094 0.219236
17142.86914 0.219227
17143.28906 0.219219
17143.71094 0.21921
17144.13086 0.219201
17144.53906 0.219193
17144.96094 0.219184
17145.38086 0.219176
17145.80078 0.219168
17146.22070 0.219161
17146.63086 0.219153
17147.05078 0.219145
17147.47070 0.219137
17147.89062 0.219129
17148.30078 0.219121
17148.72070 0.219114
17149.14062 0.219106
17149.56055 0.219098
17149.98047 0.21909
17150.39062 0.219087
17150.81055 0.219084
17151.23047 0.219081
17151.65039 0.219078
17152.07031 0.219075
17152.48047 0.219072
17152.90039 0.219068
17153.32031 0.219065
17153.74023 0.219062
17154.16016 0.219059
17154.57031 0.219056
17154.99023 0.219053
17155.41016 0.219046
17155.83008 0.219039
17156.25000 0.219032
17156.66016 0.219024
17157.08008 0.219017
17157.50000 0.21901
17157.91992 0.219003
17158.33984 0.218996
17158.75000 0.218988
17159.16992 0.218981
17159.58984 0.218974
17160.00977 0.218967
17160.42969 0.218957
17160.83984 0.218947
17161.25977 0.218937
17161.67969 0.218927
17162.09961 0.218917
17162.51953 0.218907
17162.93945 0.218897
17163.34961 0.218887
17163.76953 0.218877
17164.18945 0.218867
17164.60938 0.218857
17165.02930 0.218847
17165.43945 0.218842
17165.85938 0.218837
17166.27930 0.218831
17166.69922 0.218826
17167.11914 0.218821
17167.53906 0.218815
17167.94922 0.21881
17168.36914 0.218805
17168.78906 0.218799
17169.21094 0.218794
17169.63086 0.218788
17170.03906 0.218783
17170.46094 0.218775
17170.88086 0.218768
17171.30078 0.21876
17171.72070 0.218752
17172.14062 0.218745
17172.56055 0.218737
17172.97070 0.21873
17173.39062 0.218722
17173.81055 0.218714
17174.23047 0.218707
17174.65039 0.218699
17175.07031 0.218692
17175.48047 0.218688
17175.90039 0.218684
17176.32031 0.21868
17176.74023 0.218676
17177.16016 0.218672
17177.58008 0.218668
17178.00000 0.218665
17178.41016 0.218661
17178.83008 0.218657
17179.25000 0.218653
17179.66992 0.218649
17180.08984 0.218643
17180.50977 0.218632
17180.92969 0.218621
17181.33984 0.218609
17181.75977 0.218598
17182.17969 0.218586
17182.59961 0.218575
17183.01953 0.218564
17183.43945 0.218553
17183.85938 0.218541
17184.27930 0.21853
17184.68945 0.218518
17185.10938 0.218509
17185.52930 0.218506
17185.94922 0.218503
17186.36914 0.218499
17186.78906 0.218496
17187.21094 0.218493
17187.63086 0.21849
17188.03906 0.218486
17188.46094 0.218483
17188.88086 0.21848
17189.30078 0.218476
17189.72070 0.218473
17190.14062 0.218469
17190.56055 0.218465
17190.97070 0.21846
17191.39062 0.218455
17191.81055 0.218451
17192.23047 0.218446
17192.65039 0.218441
17193.07031 0.218437
17193.49023 0.218432
17193.91016 0.218427
17194.33008 0.218422
17194.75000 0.218418
17195.16016 0.218413
17195.58008 0.218408
17196.00000 0.218403
17196.41992 0.218397
17196.83984 0.218392
17197.25977 0.218387
17197.67969 0.218382
17198.09961 0.218377
17198.51953 0.218371
17198.93945 0.218366
17199.34961 0.218361
17199.76953 0.218356
17200.18945 0.218352
17200.60938 0.218349
17201.02930 0.218345
17201.44922 0.218342
17201.86914 0.218339
17202.28906 0.218336
17202.71094 0.218333
17203.13086 0.21833
17203.53906 0.218327
17203.96094 0.218323
17204.38086 0.21832
17204.80078 0.218317
17205.22070 0.218314
17205.64062 0.21831
17206.06055 0.218307
17206.48047 0.218303
17206.90039 0.2183
17207.32031 0.218296
17207.74023 0.218292
17208.16016 0.218289
17208.58008 0.218285
17209.00000 0.218282
17209.41016 0.218278
17209.83008 0.218275
17210.25000 0.218267
17210.66992 0.218257
17211.08984 0.218247
17211.50977 0.218237
17211.92969 0.218227
17212.34961 0.218218
17212.76953 0.218208
17213.18945 0.218198
17213.60938 0.218188
17214.02930 0.218178
17214.44922 0.218168
17214.86914 0.218158
17215.28906 0.218154
17215.71094 0.218154
17216.11914 0.218153
17216.53906 0.218153
17216.96094 0.218152
17217.38086 0.218151
17217.80078 0.218151
17218.22070 0.21815
17218.64062 0.21815
17219.06055 0.218149
17219.48047 0.218148
17219.90039 0.218148
17220.32031 0.218145
17220.74023 0.218141
17221.16016 0.218137
17221.58008 0.218133
17222.00000 0.218129
17222.41992 0.218125
17222.83984 0.218122
17223.25977 0.218118
17223.67969 0.218114
17224.09961 0.21811
17224.51953 0.218106
17224.93945 0.218102
17225.35938 0.218097
17225.77930 0.218091
