threeML/data/optical_filters/HST/NICMOS3-F160W.ecsv
# %ECSV 0.9
# ---
# datatype:
# - {name: wavelength, unit: Angstrom, datatype: float32}
# - {name: response, datatype: float32}
# meta: !!omap
# - {band_name: F160W}
# - {group_name: NICMOS3}
wavelength response
[from data line 2299]
15202.55957 0.183631
15203.33984 0.183645
15204.12012 0.183659
15204.90039 0.183673
15205.67969 0.183692
15206.45996 0.183712
15207.24023 0.183732
15208.01953 0.183752
15208.79980 0.183772
15209.58008 0.183792
15210.36035 0.183811
15211.13965 0.183829
15211.91992 0.183846
15212.70020 0.183864
15213.46973 0.183882
15214.25000 0.183899
15215.04004 0.183916
15215.80957 0.183924
15216.58984 0.183932
15217.37012 0.18394
15218.16016 0.183948
15218.94043 0.183956
15219.70996 0.183964
15220.50000 0.183976
15221.28027 0.183991
15222.05957 0.184006
15222.83984 0.184021
15223.62012 0.184035
15224.40039 0.18405
15225.17969 0.184065
15225.95996 0.18408
15226.74023 0.184094
15227.51953 0.184109
15228.29980 0.184123
15229.08008 0.184138
15229.86035 0.184152
15230.63965 0.18417
15231.41992 0.184188
15232.20020 0.184206
15232.98047 0.184224
15233.76953 0.184242
15234.54980 0.18426
15235.33008 0.184276
15236.11035 0.184288
15236.88965 0.184301
15237.66992 0.184313
15238.45020 0.184326
15239.23047 0.184338
15240.00977 0.18435
15240.79004 0.184356
15241.58008 0.184363
15242.36035 0.184369
15243.13965 0.184375
15243.91992 0.184381
15244.70020 0.184388
15245.48047 0.184401
15246.26953 0.184419
15247.04980 0.184436
15247.83008 0.184454
15248.61035 0.184472
15249.38965 0.18449
15250.16992 0.184506
15250.95996 0.18452
15251.74023 0.184533
15252.51953 0.184547
15253.29980 0.18456
15254.08008 0.184573
15254.87012 0.184586
15255.65039 0.184605
15256.42969 0.184624
15257.20996 0.184643
15257.99023 0.184662
15258.78027 0.184681
15259.55957 0.1847
15260.33984 0.184712
15261.12012 0.184715
15261.90039 0.184717
15262.69043 0.18472
15263.46973 0.184722
15264.25000 0.184725
15265.03027 0.184728
15265.82031 0.184745
15266.59961 0.184762
15267.37988 0.184779
15268.16992 0.184797
15268.95020 0.184814
15269.73047 0.184831
15270.50977 0.184838
15271.29980 0.184841
15272.08008 0.184843
15272.86035 0.184845
15273.63965 0.184848
15274.42969 0.18485
15275.20996 0.184856
15275.99023 0.184871
15276.78027 0.184887
15277.55957 0.184902
15278.33984 0.184917
15279.12988 0.184932
15279.91016 0.184948
15280.69043 0.18496
15281.48047 0.184972
15282.25977 0.184984
15283.04004 0.184996
15283.83008 0.185008
15284.61035 0.18502
15285.38965 0.18503
15286.17969 0.185039
15286.95996 0.185048
15287.75000 0.185056
15288.53027 0.185065
15289.30957 0.185074
15290.09961 0.185082
15290.87988 0.185087
15291.66016 0.185093
15292.45020 0.185099
15293.23047 0.185104
15294.01953 0.18511
15294.79980 0.185115
15295.58008 0.185127
15296.37012 0.185141
15297.15039 0.185155
15297.94043 0.185169
15298.71973 0.185183
15299.50000 0.185197
15300.29004 0.185202
15301.07031 0.185192
15301.86035 0.185182
15302.63965 0.185171
15303.42969 0.185161
15304.20996 0.185151
15305.00000 0.185141
15305.78027 0.185141
15306.55957 0.185142
15307.34961 0.185143
15308.12988 0.185144
15308.91992 0.185145
15309.70020 0.185145
15310.49023 0.185142
15311.26953 0.185137
15312.05957 0.185132
15312.83984 0.185126
15313.62988 0.185121
15314.41016 0.185116
15315.20020 0.185111
15315.98047 0.185109
15316.76953 0.185106
15317.54980 0.185104
15318.33984 0.185101
15319.12988 0.185099
15319.91016 0.185096
15320.70020 0.185083
15321.48047 0.185068
15322.26953 0.185054
15323.04980 0.185039
15323.83984 0.185024
15324.62012 0.18501
15325.41016 0.185004
15326.19043 0.185005
15326.98047 0.185007
15327.76953 0.185009
15328.54980 0.185011
15329.33984 0.185013
15330.12012 0.185014
15330.91016 0.185011
15331.69043 0.185008
15332.48047 0.185005
15333.26953 0.185002
15334.04980 0.184999
15334.83984 0.184996
15335.62988 0.184989
15336.41016 0.184981
15337.20020 0.184974
15337.98047 0.184966
15338.76953 0.184959
15339.55957 0.184951
15340.33984 0.184944
15341.12988 0.184936
15341.91992 0.184928
15342.70020 0.18492
15343.49023 0.184913
15344.26953 0.184905
15345.05957 0.184897
15345.84961 0.184887
15346.62988 0.184876
15347.41992 0.184866
15348.20996 0.184855
15349.00000 0.184845
15349.78027 0.184834
15350.57031 0.184826
15351.36035 0.184819
15352.13965 0.184813
15352.92969 0.184806
15353.71973 0.184799
15354.50000 0.184792
15355.29004 0.184785
15356.08008 0.184778
15356.87012 0.184771
15357.65039 0.184764
15358.44043 0.184756
15359.23047 0.184749
15360.00977 0.184742
15360.79980 0.184731
15361.58984 0.18472
15362.37988 0.184709
15363.16016 0.184699
15363.95020 0.184688
15364.74023 0.184677
15365.53027 0.184665
15366.32031 0.184652
15367.09961 0.18464
15367.88965 0.184628
15368.67969 0.184615
15369.46973 0.184603
15370.25000 0.184588
15371.04004 0.18457
15371.83008 0.184552
15372.62012 0.184533
15373.41016 0.184515
15374.19043 0.184497
15374.98047 0.184478
15375.76953 0.184474
15376.55957 0.18447
15377.34961 0.184467
15378.13965 0.184463
15378.91992 0.184459
15379.70996 0.184455
15380.50000 0.184446
15381.29004 0.184433
15382.08008 0.184421
15382.87012 0.184409
15383.65039 0.184396
15384.44043 0.184384
15385.23047 0.184372
15386.01953 0.18436
15386.80957 0.184348
15387.59961 0.184336
15388.38965 0.184325
15389.17969 0.184313
15389.95996 0.184301
15390.75000 0.184284
15391.54004 0.184266
15392.33008 0.184248
15393.12012 0.18423
15393.91016 0.184212
15394.70020 0.184194
15395.49023 0.184183
15396.28027 0.184175
15397.07031 0.184167
15397.86035 0.18416
15398.65039 0.184152
15399.42969 0.184144
15400.21973 0.184138
15401.00977 0.184137
15401.79980 0.184137
15402.58984 0.184136
15403.37988 0.184135
15404.16992 0.184134
15404.95996 0.184133
15405.75000 0.184132
15406.54004 0.184131
15407.33008 0.18413
15408.12012 0.184129
15408.91016 0.184128
15409.70020 0.184127
15410.49023 0.184122
15411.28027 0.184114
15412.07031 0.184106
15412.86035 0.184098
15413.65039 0.184091
15414.44043 0.184083
15415.23047 0.184079
15416.01953 0.184082
15416.80957 0.184086
15417.59961 0.18409
15418.38965 0.184094
15419.17969 0.184098
15419.96973 0.184102
15420.75977 0.184107
15421.54980 0.184113
15422.33984 0.184119
15423.13965 0.184125
15423.92969 0.184131
15424.71973 0.184136
15425.50977 0.184133
15426.29980 0.184124
15427.08984 0.184116
15427.87988 0.184107
15428.66992 0.184099
15429.45996 0.18409
15430.25000 0.184084
15431.04004 0.184081
15431.83008 0.184078
15432.62988 0.184075
15433.41992 0.184071
15434.20996 0.184068
15435.00000 0.184065
15435.79004 0.184075
15436.58008 0.184085
15437.37012 0.184095
15438.16992 0.184104
15438.95996 0.184114
15439.75000 0.184124
15440.54004 0.184127
15441.33008 0.184126
15442.12012 0.184126
15442.91016 0.184125
15443.70996 0.184125
15444.50000 0.184125
15445.29004 0.184125
15446.08008 0.184125
15446.87012 0.184126
15447.66992 0.184127
15448.45996 0.184127
15449.25000 0.184128
15450.04004 0.184128
15450.83008 0.184128
15451.62012 0.184128
15452.41992 0.184128
15453.20996 0.184128
15454.00000 0.184128
15454.79004 0.184127
15455.58984 0.18413
15456.37988 0.184134
15457.16992 0.184138
15457.95996 0.184142
15458.75000 0.184145
15459.54980 0.184149
15460.33984 0.18415
15461.12988 0.184146
15461.92969 0.184142
15462.71973 0.184138
15463.50977 0.184134
15464.29980 0.18413
15465.09961 0.184127
15465.88965 0.184131
15466.67969 0.184135
15467.46973 0.184139
15468.26953 0.184143
15469.05957 0.184147
15469.84961 0.184151
15470.65039 0.184155
15471.44043 0.184159
15472.23047 0.184163
15473.03027 0.184166
15473.82031 0.18417
15474.61035 0.184174
15475.41016 0.184178
15476.20020 0.184181
15476.99023 0.184185
15477.79004 0.184188
15478.58008 0.184192
15479.37012 0.184195
15480.16992 0.1842
15480.95996 0.184212
15481.75000 0.184223
15482.54980 0.184234
15483.33984 0.184246
15484.12988 0.184257
15484.92969 0.184269
15485.71973 0.184273
15486.51953 0.184276
15487.30957 0.184279
15488.09961 0.184282
15488.90039 0.184286
15489.69043 0.184289
15490.49023 0.184297
15491.28027 0.184308
15492.07031 0.184319
15492.87012 0.18433
15493.66016 0.184341
15494.45996 0.184352
15495.25000 0.184361
15496.04980 0.184366
15496.83984 0.18437
15497.62988 0.184375
15498.42969 0.184379
15499.21973 0.184384
15500.01953 0.184388
15500.80957 0.184388
15501.61035 0.184388
15502.40039 0.184387
15503.20020 0.184387
15503.99023 0.184387
15504.79004 0.184387
15505.58008 0.184393
15506.37988 0.184401
15507.16992 0.184409
15507.96973 0.184417
15508.75977 0.184426
15509.55957 0.184434
15510.34961 0.184439
15511.15039 0.184439
15511.94043 0.184439
15512.74023 0.184439
15513.53027 0.18444
15514.33008 0.18444
15515.12012 0.18444
15515.91992 0.184443
15516.70996 0.184446
15517.50977 0.184448
15518.29980 0.184451
15519.09961 0.184453
15519.90039 0.184456
15520.69043 0.184456
15521.49023 0.184455
15522.28027 0.184455
15523.08008 0.184454
15523.87012 0.184454
15524.66992 0.184453
15525.45996 0.184457
15526.25977 0.184463
15527.05957 0.18447
15527.84961 0.184476
15528.65039 0.184482
15529.45020 0.184489
15530.24023 0.184497
15531.04004 0.18451
15531.83008 0.184523
15532.62988 0.184536
15533.42969 0.184549
15534.21973 0.184561
15535.01953 0.184574
15535.82031 0.184572
15536.61035 0.18457
15537.41016 0.184567
15538.20020 0.184565
15539.00000 0.184563
15539.79980 0.184561
15540.58984 0.184567
15541.38965 0.184576
15542.19043 0.184585
15542.98047 0.184594
15543.78027 0.184604
15544.58008 0.184613
15545.37988 0.184624
15546.16992 0.184636
15546.96973 0.184649
15547.76953 0.184662
15548.55957 0.184674
15549.36035 0.184687
15550.16016 0.184701
15550.95020 0.184718
15551.75000 0.184734
15552.54980 0.184751
15553.34961 0.184768
15554.13965 0.184784
15554.94043 0.184801
15555.74023 0.184819
15556.54004 0.184837
15557.33008 0.184856
15558.12988 0.184874
15558.92969 0.184892
15559.73047 0.18491
15560.51953 0.184922
15561.32031 0.184929
15562.12012 0.184937
15562.91992 0.184944
15563.70996 0.184951
15564.50977 0.184959
15565.30957 0.184968
15566.11035 0.184979
15566.91016 0.18499
15567.70020 0.185001
15568.50000 0.185012
15569.29980 0.185023
15570.09961 0.185035
15570.90039 0.185058
15571.70020 0.18508
15572.49023 0.185103
15573.29004 0.185125
15574.08984 0.185148
15574.88965 0.18517
15575.69043 0.185192
15576.49023 0.185213
15577.28027 0.185234
15578.08008 0.185255
15578.87988 0.185276
15579.67969 0.185297
15580.48047 0.185315
15581.28027 0.185332
15582.08008 0.185348
15582.87012 0.185364
15583.66992 0.18538
15584.46973 0.185397
15585.26953 0.185416
15586.07031 0.185443
15586.87012 0.185469
15587.66992 0.185496
15588.46973 0.185522
15589.26953 0.185548
15590.07031 0.185574
15590.86035 0.185588
15591.66016 0.185602
15592.45996 0.185616
15593.25977 0.18563
15594.05957 0.185645
15594.86035 0.185659
15595.66016 0.185685
15596.45996 0.185715
15597.25977 0.185744
15598.05957 0.185773
15598.86035 0.185802
15599.66016 0.185831
15600.45996 0.185859
15601.25977 0.185887
15602.05957 0.185914
15602.86035 0.185941
15603.66016 0.185969
15604.45996 0.185996
15605.25977 0.186027
15606.05957 0.186064
15606.86035 0.186102
15607.66016 0.186139
15608.45996 0.186177
15609.25977 0.186215
15610.05957 0.186252
15610.86035 0.186291
15611.66016 0.18633
15612.45996 0.186368
15613.25977 0.186407
15614.05957 0.186446
15614.86035 0.186485
15615.66016 0.18652
15616.45996 0.186554
15617.25977 0.186588
15618.05957 0.186622
15618.86035 0.186656
15619.66016 0.18669
15620.45996 0.186723
15621.25977 0.186757
15622.07031 0.18679
15622.87012 0.186823
15623.66992 0.186856
15624.46973 0.186889
15625.26953 0.186924
15626.07031 0.186964
15626.87012 0.187003
15627.66992 0.187043
15628.46973 0.187082
15629.28027 0.187121
15630.08008 0.18716
15630.87988 0.187196
15631.67969 0.187232
15632.48047 0.187268
15633.28027 0.187303
15634.08008 0.187339
15634.87988 0.187375
15635.69043 0.187417
15636.49023 0.18746
15637.29004 0.187503
15638.08984 0.187546
15638.88965 0.187589
15639.69043 0.187632
15640.50000 0.187671
15641.29980 0.187706
15642.09961 0.187741
15642.90039 0.187777
15643.70020 0.187812
15644.50000 0.187847
15645.30957 0.187886
15646.11035 0.187928
15646.91016 0.187971
15647.70996 0.188013
15648.51953 0.188056
15649.32031 0.188098
15650.12012 0.188141
15650.91992 0.188187
15651.71973 0.188233
15652.53027 0.188279
15653.33008 0.188325
15654.12988 0.188371
15654.92969 0.188417
15655.74023 0.188454
15656.54004 0.188491
15657.33984 0.188528
15658.13965 0.188564
15658.95020 0.188601
15659.75000 0.188638
15660.54980 0.188677
15661.36035 0.188718
15662.16016 0.188759
15662.95996 0.1888
15663.75977 0.18884
15664.57031 0.188881
15665.37012 0.188921
15666.16992 0.188959
15666.98047 0.188997
15667.78027 0.189036
15668.58008 0.189074
15669.38965 0.189112
15670.19043 0.189154
15670.99023 0.189209
15671.79980 0.189263
15672.59961 0.189318
15673.40039 0.189372
15674.20996 0.189427
15675.00977 0.189481
15675.80957 0.18952
15676.62012 0.189558
15677.41992 0.189597
15678.21973 0.189636
15679.03027 0.189674
15679.83008 0.189713
15680.63965 0.189758
15681.44043 0.189805
15682.24023 0.189852
15683.04980 0.189899
15683.84961 0.189946
15684.66016 0.189994
15685.45996 0.190041
15686.25977 0.190088
15687.07031 0.190135
15687.87012 0.190182
15688.67969 0.190229
15689.48047 0.190276
15690.29004 0.190318
15691.08984 0.19035
15691.88965 0.190382
15692.70020 0.190414
15693.50000 0.190447
15694.30957 0.190479
15695.11035 0.190513
15695.91992 0.190559
15696.71973 0.190606
15697.53027 0.190652
15698.33008 0.190698
15699.12988 0.190744
15699.94043 0.19079
15700.74023 0.190831
15701.54980 0.19087
15702.34961 0.19091
15703.16016 0.19095
15703.95996 0.19099
15704.76953 0.19103
15705.57031 0.191068
15706.37988 0.191105
15707.17969 0.191142
15707.99023 0.191179
15708.79004 0.191216
15709.59961 0.191253
15710.41016 0.191293
15711.20996 0.191334
15712.01953 0.191375
15712.82031 0.191416
15713.62988 0.191457
15714.42969 0.191498
15715.24023 0.191539
15716.04004 0.191579
15716.84961 0.191619
15717.66016 0.191659
15718.45996 0.191699
15719.26953 0.19174
15720.07031 0.19178
15720.87988 0.191819
15721.67969 0.191859
15722.49023 0.191898
15723.29980 0.191938
15724.09961 0.191978
15724.91016 0.192017
15725.70996 0.192056
15726.51953 0.192094
15727.33008 0.192132
15728.12988 0.19217
15728.94043 0.192208
15729.75000 0.192246
15730.54980 0.192284
15731.36035 0.192322
15732.16992 0.192359
15732.96973 0.192397
15733.78027 0.192434
15734.58008 0.192472
15735.38965 0.192513
15736.20020 0.192556
15737.00000 0.1926
15737.80957 0.192644
15738.62012 0.192688
15739.42969 0.192732
15740.23047 0.192771
15741.04004 0.192798
15741.84961 0.192826
15742.65039 0.192853
15743.45996 0.19288
15744.26953 0.192908
15745.07031 0.192936
15745.87988 0.192978
15746.69043 0.193019
15747.50000 0.19306
15748.29980 0.193101
15749.11035 0.193142
15749.91992 0.193184
15750.73047 0.19322
15751.53027 0.193256
15752.33984 0.193293
15753.15039 0.193329
15753.95996 0.193365
15754.75977 0.193401
15755.57031 0.19343
15756.37988 0.193455
15757.19043 0.19348
15757.99023 0.193506
15758.79980 0.193531
15759.61035 0.193556
15760.41992 0.193584
15761.23047 0.193615
15762.03027 0.193645
15762.83984 0.193676
15763.65039 0.193707
15764.45996 0.193737
15765.26953 0.193769
15766.07031 0.193802
15766.87988 0.193836
15767.69043 0.19387
15768.50000 0.193904
15769.30957 0.193938
15770.12012 0.193971
15770.91992 0.194004
15771.73047 0.194036
15772.54004 0.194068
15773.34961 0.194101
15774.16016 0.194133
15774.96973 0.194165
15775.78027 0.194197
15776.58008 0.194229
15777.38965 0.194261
15778.20020 0.194293
15779.00977 0.194325
15779.82031 0.194357
15780.62988 0.19438
15781.44043 0.194401
15782.25000 0.194421
15783.05957 0.194442
15783.87012 0.194463
15784.66992 0.194483
15785.48047 0.194508
15786.29004 0.194537
15787.09961 0.194565
15787.91016 0.194593
15788.71973 0.194622
15789.53027 0.19465
15790.33984 0.194677
15791.15039 0.194702
15791.95996 0.194727
15792.76953 0.194752
15793.58008 0.194777
15794.38965 0.194802
15795.20020 0.194825
15796.00977 0.194841
15796.82031 0.194858
15797.62988 0.194875
15798.44043 0.194891
15799.25000 0.194908
15800.05957 0.194924
15800.87012 0.194932
15801.67969 0.19494
15802.49023 0.194949
15803.29980 0.194957
15804.11035 0.194965
15804.91992 0.194973
15805.73047 0.194984
15806.54004 0.194994
15807.34961 0.195004
15808.16016 0.195015
15808.96973 0.195025
15809.78027 0.195036
