threeML/data/optical_filters/HST/NICMOS2-F205W.ecsv
# %ECSV 0.9
# ---
# datatype:
# - {name: wavelength, unit: Angstrom, datatype: float32}
# - {name: response, datatype: float32}
# meta: !!omap
# - {band_name: F205W}
# - {group_name: NICMOS2}
wavelength response
[from data line 4597]
20016.98047 0.228912
20017.88086 0.228955
20018.76953 0.228997
20019.66992 0.229039
20020.56055 0.229069
20021.46094 0.229091
20022.34961 0.229113
20023.24023 0.229136
20024.14062 0.229158
20025.02930 0.229181
20025.92969 0.229229
20026.82031 0.229276
20027.72070 0.229324
20028.60938 0.229372
20029.50977 0.229419
20030.40039 0.229461
20031.28906 0.229495
20032.18945 0.229529
20033.08008 0.229564
20033.98047 0.229598
20034.86914 0.229632
20035.76953 0.229688
20036.66016 0.229747
20037.56055 0.229805
20038.44922 0.229864
20039.34961 0.229923
20040.24023 0.229973
20041.14062 0.229998
20042.02930 0.230023
20042.92969 0.230049
20043.82031 0.230074
20044.72070 0.230099
20045.61914 0.230156
20046.50977 0.230227
20047.41016 0.230297
20048.30078 0.230368
20049.19922 0.230439
20050.08984 0.230504
20050.99023 0.230517
20051.88086 0.23053
20052.77930 0.230544
20053.66992 0.230557
20054.57031 0.23057
20055.46094 0.230617
20056.35938 0.230695
20057.25977 0.230772
20058.15039 0.23085
20059.05078 0.230928
20059.94922 0.231006
20060.83984 0.231044
20061.74023 0.231079
20062.63086 0.231114
20063.52930 0.23115
20064.42969 0.231185
20065.32031 0.231229
20066.22070 0.231287
20067.10938 0.231345
20068.00977 0.231404
20068.91016 0.231462
20069.80078 0.231521
20070.69922 0.231584
20071.59961 0.231648
20072.49023 0.231713
20073.39062 0.231777
20074.28906 0.231841
20075.17969 0.231897
20076.08008 0.23192
20076.97070 0.231944
20077.86914 0.231967
20078.76953 0.23199
20079.66992 0.232013
20080.56055 0.232071
20081.46094 0.23215
20082.35938 0.232228
20083.25000 0.232307
20084.15039 0.232385
20085.05078 0.23246
20085.94922 0.232475
20086.83984 0.232489
20087.74023 0.232504
20088.64062 0.232518
20089.52930 0.232532
20090.42969 0.232577
20091.33008 0.232656
20092.23047 0.232735
20093.11914 0.232814
20094.01953 0.232893
20094.91992 0.232972
20095.82031 0.233042
20096.71094 0.233111
20097.60938 0.23318
20098.50977 0.233249
20099.41016 0.233318
20100.30078 0.233385
20101.19922 0.233446
20102.09961 0.233508
20103.00000 0.23357
20103.89062 0.233631
20104.78906 0.233693
20105.68945 0.23375
20106.58984 0.233807
20107.49023 0.233864
20108.38086 0.233921
20109.27930 0.233978
20110.17969 0.234038
20111.08008 0.234112
20111.98047 0.234185
20112.88086 0.234259
20113.77930 0.234332
20114.66992 0.234406
20115.57031 0.234454
20116.47070 0.234488
20117.36914 0.234522
20118.26953 0.234556
20119.16992 0.234589
20120.06055 0.234627
20120.96094 0.234708
20121.85938 0.234789
20122.75977 0.234871
20123.66016 0.234952
20124.56055 0.235034
20125.46094 0.235109
20126.35938 0.23518
20127.25977 0.23525
20128.15039 0.23532
20129.05078 0.235391
20129.94922 0.235461
20130.84961 0.235532
20131.75000 0.235603
20132.65039 0.235674
20133.55078 0.235744
20134.44922 0.235815
20135.34961 0.235885
20136.25000 0.235952
20137.15039 0.236019
20138.03906 0.236087
20138.94922 0.236154
20139.83984 0.236221
20140.74023 0.23631
20141.64062 0.236404
20142.53906 0.236497
20143.43945 0.236591
20144.33984 0.236685
20145.24023 0.236778
20146.14062 0.236869
20147.03906 0.236961
20147.93945 0.237052
20148.83984 0.237144
20149.74023 0.237235
20150.64062 0.237286
20151.53906 0.23732
20152.43945 0.237354
20153.33984 0.237388
20154.24023 0.237422
20155.14062 0.237461
20156.03906 0.237528
20156.93945 0.237594
20157.83984 0.237661
20158.74023 0.237728
20159.64062 0.237795
20160.53906 0.237876
20161.44922 0.237966
20162.34961 0.238057
20163.25000 0.238147
20164.15039 0.238238
20165.05078 0.238328
20165.94922 0.238409
20166.84961 0.23849
20167.75000 0.238571
20168.65039 0.238652
20169.55078 0.238734
20170.44922 0.238829
20171.34961 0.238939
20172.25000 0.239049
20173.15039 0.239158
20174.06055 0.239269
20174.96094 0.239378
20175.85938 0.239425
20176.75977 0.239469
20177.66016 0.239512
20178.56055 0.239556
20179.46094 0.2396
20180.36914 0.239664
20181.26953 0.239759
20182.16992 0.239853
20183.07031 0.239948
20183.97070 0.240043
20184.86914 0.240138
20185.76953 0.240236
20186.67969 0.240334
20187.58008 0.240433
20188.48047 0.240531
20189.38086 0.24063
20190.27930 0.240709
20191.17969 0.240747
20192.08984 0.240785
20192.99023 0.240822
20193.89062 0.24086
20194.78906 0.240897
20195.68945 0.240998
20196.59961 0.241117
20197.50000 0.241237
20198.40039 0.241356
20199.30078 0.241475
20200.19922 0.241585
20201.10938 0.241661
20202.00977 0.241736
20202.91016 0.241812
20203.81055 0.241888
20204.71094 0.241963
20205.61914 0.242055
20206.51953 0.242154
20207.41992 0.242252
20208.33008 0.242351
20209.23047 0.24245
20210.13086 0.242547
20211.02930 0.242632
20211.93945 0.242718
20212.83984 0.242803
20213.74023 0.242889
20214.64062 0.242974
20215.55078 0.243046
20216.44922 0.243109
20217.34961 0.243173
20218.25977 0.243236
20219.16016 0.243299
20220.06055 0.243364
20220.96094 0.243456
20221.86914 0.243548
20222.76953 0.24364
20223.67969 0.243732
20224.58008 0.243824
20225.48047 0.24392
20226.38086 0.24402
20227.28906 0.244119
20228.18945 0.244219
20229.09961 0.244318
20230.00000 0.244418
20230.90039 0.244475
20231.81055 0.244533
20232.71094 0.24459
20233.60938 0.244647
20234.51953 0.244705
20235.41992 0.244793
20236.33008 0.244917
20237.23047 0.24504
20238.13086 0.245164
20239.03906 0.245287
20239.93945 0.245411
20240.84961 0.24549
20241.75000 0.245566
20242.65039 0.245641
20243.56055 0.245717
20244.46094 0.245793
20245.36914 0.245874
20246.26953 0.245964
20247.16992 0.246054
20248.08008 0.246144
20248.98047 0.246234
20249.89062 0.246324
20250.78906 0.246432
20251.69922 0.246544
20252.59961 0.246656
20253.50977 0.246768
20254.41016 0.24688
20255.31055 0.246985
20256.22070 0.24708
20257.13086 0.247174
20258.02930 0.247269
20258.92969 0.247363
20259.83984 0.247458
20260.74023 0.247538
20261.65039 0.247614
20262.55078 0.247691
20263.46094 0.247768
20264.35938 0.247845
20265.26953 0.247936
20266.16992 0.248057
20267.08008 0.248179
20267.98047 0.248301
20268.89062 0.248423
20269.78906 0.248545
20270.69922 0.24865
20271.60938 0.248751
20272.50977 0.248852
20273.41992 0.248953
20274.32031 0.249054
20275.23047 0.249147
20276.13086 0.249218
20277.03906 0.249289
20277.94922 0.24936
20278.84961 0.249431
20279.75977 0.249502
20280.66016 0.249595
20281.57031 0.249695
20282.47070 0.249796
20283.38086 0.249896
20284.28906 0.249997
20285.18945 0.2501
20286.09961 0.250212
20287.00000 0.250325
20287.91016 0.250438
20288.82031 0.250551
20289.72070 0.250664
20290.63086 0.250766
20291.53906 0.250865
20292.43945 0.250963
20293.34961 0.251061
20294.25000 0.25116
20295.16016 0.251259
20296.07031 0.251358
20296.97070 0.251458
20297.88086 0.251558
20298.78906 0.251658
20299.68945 0.251758
20300.59961 0.251855
20301.50977 0.251951
20302.41016 0.252047
20303.32031 0.252143
20304.23047 0.252239
20305.13086 0.252337
20306.03906 0.25245
20306.94922 0.252563
20307.85938 0.252677
20308.75977 0.25279
20309.66992 0.252903
20310.58008 0.253
20311.48047 0.253088
20312.39062 0.253175
20313.30078 0.253263
20314.21094 0.25335
20315.10938 0.253439
20316.01953 0.253537
20316.92969 0.253635
20317.83984 0.253733
20318.74023 0.253831
20319.65039 0.253929
20320.56055 0.254043
20321.46094 0.254168
20322.36914 0.254293
20323.27930 0.254418
20324.18945 0.254542
20325.09961 0.254662
20326.00000 0.254743
20326.91016 0.254825
20327.82031 0.254906
20328.73047 0.254987
20329.63086 0.255067
20330.53906 0.255122
20331.44922 0.255159
20332.35938 0.255195
20333.26953 0.255232
20334.17969 0.255268
20335.08008 0.255317
20335.99023 0.255478
20336.90039 0.255641
20337.81055 0.255803
20338.72070 0.255965
20339.63086 0.256127
20340.53906 0.256236
20341.43945 0.256306
20342.34961 0.256377
20343.25977 0.256447
20344.16992 0.256518
20345.08008 0.256593
20345.99023 0.256715
20346.89062 0.256836
20347.80078 0.256958
20348.71094 0.25708
20349.61914 0.257202
20350.52930 0.257293
20351.43945 0.257363
20352.34961 0.257433
20353.25977 0.257503
20354.16992 0.257574
20355.08008 0.257645
20355.98047 0.257732
20356.89062 0.25782
20357.80078 0.257907
20358.71094 0.257995
20359.61914 0.258082
20360.52930 0.258179
20361.43945 0.258281
20362.34961 0.258384
20363.25977 0.258487
20364.16992 0.25859
20365.08008 0.258694
20365.99023 0.258822
20366.90039 0.258949
20367.81055 0.259076
20368.72070 0.259203
20369.63086 0.259331
20370.53906 0.259431
20371.44922 0.259512
20372.35938 0.259594
20373.26953 0.259675
20374.17969 0.259756
20375.08984 0.259841
20376.00000 0.259957
20376.91016 0.260073
20377.82031 0.260189
20378.73047 0.260305
20379.64062 0.260421
20380.55078 0.260533
20381.46094 0.260642
20382.36914 0.260751
20383.27930 0.26086
20384.18945 0.260969
20385.09961 0.261079
20386.00977 0.261198
20386.91992 0.261317
20387.83008 0.261437
20388.74023 0.261556
20389.65039 0.261675
20390.56055 0.261755
20391.47070 0.261811
20392.38086 0.261867
20393.30078 0.261923
20394.21094 0.261979
20395.11914 0.262044
20396.02930 0.26217
20396.93945 0.262297
20397.84961 0.262423
20398.75977 0.262549
20399.66992 0.262676
20400.58008 0.262807
20401.50000 0.262941
20402.41016 0.263074
20403.32031 0.263209
20404.23047 0.263342
20405.14062 0.263474
20406.05078 0.263596
20406.96094 0.263717
20407.86914 0.263839
20408.78906 0.263961
20409.69922 0.264082
20410.60938 0.264189
20411.51953 0.264289
20412.42969 0.264388
20413.33984 0.264488
20414.25977 0.264588
20415.16992 0.264685
20416.08008 0.264771
20416.99023 0.264857
20417.90039 0.264943
20418.82031 0.265029
20419.73047 0.265114
20420.64062 0.265229
20421.55078 0.265357
20422.46094 0.265484
20423.38086 0.265611
20424.28906 0.265738
20425.19922 0.265859
20426.10938 0.265958
20427.02930 0.266057
20427.93945 0.266156
20428.84961 0.266254
20429.75977 0.266354
20430.67969 0.266465
20431.58984 0.26658
20432.50000 0.266696
20433.41016 0.266812
20434.33008 0.266927
20435.24023 0.267042
20436.15039 0.267154
20437.06055 0.267266
20437.98047 0.267378
20438.89062 0.267491
20439.80078 0.267603
20440.71094 0.267717
20441.63086 0.267833
20442.53906 0.267948
20443.46094 0.268064
20444.36914 0.26818
20445.27930 0.268294
20446.18945 0.268407
20447.10938 0.26852
20448.01953 0.268633
20448.92969 0.268746
20449.84961 0.268859
20450.75977 0.268973
20451.66992 0.269086
20452.58984 0.2692
20453.50000 0.269313
20454.41016 0.269427
20455.33008 0.269529
20456.24023 0.269611
20457.16016 0.269693
20458.07031 0.269774
20458.98047 0.269856
20459.90039 0.269938
20460.81055 0.270026
20461.72070 0.270114
20462.64062 0.270203
20463.55078 0.270291
20464.47070 0.27038
20465.38086 0.27049
20466.28906 0.270631
20467.21094 0.270772
20468.11914 0.270913
20469.03906 0.271054
20469.94922 0.271195
20470.86914 0.2713
20471.77930 0.271403
20472.69922 0.271507
20473.60938 0.27161
20474.51953 0.271714
20475.43945 0.271826
20476.34961 0.271949
20477.26953 0.272071
20478.17969 0.272194
20479.09961 0.272316
20480.00977 0.272438
20480.92969 0.272518
20481.83984 0.272598
20482.75977 0.272678
20483.66992 0.272758
20484.58984 0.272838
20485.50000 0.272944
20486.41992 0.273074
20487.33008 0.273203
20488.25000 0.273332
20489.16016 0.273461
20490.08008 0.273586
20490.99023 0.273663
20491.91016 0.273741
20492.82031 0.273819
20493.74023 0.273896
20494.65039 0.273974
20495.57031 0.274057
20496.48047 0.274144
20497.40039 0.274231
20498.31055 0.274318
20499.23047 0.274405
20500.14062 0.274496
20501.06055 0.274608
20501.98047 0.27472
20502.89062 0.274831
20503.81055 0.274943
20504.72070 0.275055
20505.64062 0.275137
20506.55078 0.275207
20507.47070 0.275278
20508.39062 0.275348
20509.30078 0.275418
20510.22070 0.275496
20511.13086 0.275599
20512.05078 0.275702
20512.97070 0.275805
20513.88086 0.275908
20514.80078 0.276011
20515.72070 0.276122
20516.63086 0.276235
20517.55078 0.276348
20518.47070 0.276461
20519.38086 0.276574
20520.30078 0.276695
20521.21094 0.27683
20522.13086 0.276966
20523.05078 0.277102
20523.96094 0.277238
20524.88086 0.277374
20525.80078 0.277461
20526.71094 0.277541
20527.63086 0.277621
20528.55078 0.277702
20529.47070 0.277782
20530.38086 0.277867
20531.30078 0.27796
20532.22070 0.278054
20533.13086 0.278147
20534.05078 0.27824
20534.97070 0.278333
20535.88086 0.278411
20536.80078 0.278488
20537.72070 0.278565
20538.64062 0.278642
20539.55078 0.27872
20540.47070 0.278815
20541.39062 0.278928
20542.31055 0.27904
20543.22070 0.279153
20544.14062 0.279265
20545.06055 0.279376
20545.98047 0.279461
20546.89062 0.279546
20547.81055 0.27963
20548.73047 0.279715
20549.65039 0.2798
20550.57031 0.279874
20551.48047 0.279941
20552.40039 0.280008
20553.32031 0.280076
20554.24023 0.280143
20555.16016 0.280213
20556.07031 0.280298
20556.99023 0.280382
20557.91016 0.280467
20558.83008 0.280552
20559.75000 0.280637
20560.66992 0.280751
20561.58008 0.280876
20562.50000 0.281001
20563.41992 0.281126
20564.33984 0.281251
20565.25977 0.281367
20566.17969 0.281459
20567.09961 0.281552
20568.00977 0.281644
20568.92969 0.281736
20569.84961 0.281828
20570.76953 0.281889
20571.68945 0.281943
20572.60938 0.281997
20573.52930 0.282051
20574.44922 0.282105
20575.35938 0.282175
20576.27930 0.28227
20577.19922 0.282365
20578.11914 0.282461
20579.03906 0.282556
20579.96094 0.282651
20580.88086 0.282713
20581.80078 0.282774
20582.72070 0.282834
20583.64062 0.282895
20584.56055 0.282955
20585.48047 0.283057
20586.39062 0.283196
20587.31055 0.283335
20588.23047 0.283474
20589.15039 0.283614
20590.07031 0.283747
20590.99023 0.283817
20591.91016 0.283887
20592.83008 0.283957
20593.75000 0.284027
20594.66992 0.284097
20595.58984 0.284158
20596.50977 0.284215
20597.42969 0.284271
20598.34961 0.284328
20599.26953 0.284384
20600.18945 0.284448
20601.10938 0.28454
20602.02930 0.284631
20602.94922 0.284723
20603.86914 0.284814
20604.78906 0.284906
20605.71094 0.285021
20606.63086 0.285143
20607.55078 0.285265
20608.47070 0.285387
20609.39062 0.285509
20610.31055 0.285592
20611.24023 0.2856
20612.16016 0.285607
20613.08008 0.285615
20614.00000 0.285622
20614.91992 0.28563
20615.83984 0.285725
20616.75977 0.285828
20617.67969 0.285932
20618.59961 0.286035
20619.51953 0.286138
20620.43945 0.286221
20621.36914 0.286282
20622.28906 0.286342
20623.21094 0.286403
20624.13086 0.286463
20625.05078 0.286527
20625.97070 0.286655
20626.89062 0.286782
20627.81055 0.286909
20628.73047 0.287037
20629.66016 0.287165
20630.58008 0.287272
20631.50000 0.287367
20632.41992 0.287463
20633.33984 0.287558
20634.25977 0.287653
20635.18945 0.287741
20636.10938 0.2878
20637.02930 0.287858
20637.94922 0.287916
20638.86914 0.287974
20639.78906 0.288033
20640.72070 0.288114
20641.64062 0.288203
20642.56055 0.288292
20643.48047 0.28838
20644.40039 0.288469
20645.33008 0.288547
20646.25000 0.288605
20647.16992 0.288663
20648.08984 0.28872
20649.01953 0.288778
20649.93945 0.288836
20650.85938 0.288901
20651.77930 0.288965
20652.71094 0.289031
20653.63086 0.289095
20654.55078 0.28916
20655.47070 0.289221
20656.39062 0.289279
20657.32031 0.289337
20658.24023 0.289394
20659.16016 0.289452
20660.08984 0.289513
20661.00977 0.289605
20661.92969 0.289697
20662.84961 0.289789
20663.77930 0.289881
20664.69922 0.289973
20665.61914 0.290037
20666.53906 0.290089
20667.47070 0.29014
20668.39062 0.290191
20669.31055 0.290243
20670.24023 0.290296
20671.16016 0.290357
20672.08008 0.290417
20673.00977 0.290478
20673.92969 0.290538
20674.85938 0.290599
20675.77930 0.290661
20676.69922 0.290723
20677.61914 0.290785
20678.55078 0.290848
20679.47070 0.29091
20680.40039 0.290982
20681.32031 0.291066
20682.24023 0.291151
20683.16992 0.291235
20684.08984 0.29132
20685.01953 0.291404
20685.93945 0.291467
20686.85938 0.291529
20687.78906 0.291591
20688.71094 0.291654
20689.63086 0.291716
20690.56055 0.291795
20691.48047 0.291885
20692.41016 0.291975
20693.33008 0.292065
20694.25977 0.292155
20695.17969 0.292246
20696.10938 0.292341
20697.02930 0.292436
20697.94922 0.29253
20698.88086 0.292625
20699.80078 0.29272
20700.73047 0.292794
20701.65039 0.292862
20702.58008 0.29293
20703.50000 0.292999
20704.42969 0.293067
20705.34961 0.293109
20706.27930 0.293109
20707.19922 0.293108
20708.13086 0.293107
20709.05078 0.293107
20709.97070 0.293106
20710.90039 0.293205
20711.82031 0.293307
