threeML/data/optical_filters/HST/NICMOS2-POL240L.ecsv
# %ECSV 0.9
# ---
# datatype:
# - {name: wavelength, unit: Angstrom, datatype: float32}
# - {name: response, datatype: float32}
# meta: !!omap
# - {band_name: POL240L}
# - {group_name: NICMOS2}
wavelength response
[from data line 3830]
19795.69922 0.114799
19796.08984 0.114797
19796.49023 0.114795
19796.89062 0.114793
19797.27930 0.114791
19797.67969 0.114789
19798.08008 0.114787
19798.47070 0.114785
19798.86914 0.114783
19799.26953 0.114781
19799.66016 0.114779
19800.06055 0.114777
19800.46094 0.114774
19800.84961 0.114771
19801.25000 0.114768
19801.65039 0.114766
19802.03906 0.114763
19802.43945 0.11476
19802.83984 0.114758
19803.24023 0.114755
19803.63086 0.114752
19804.02930 0.11475
19804.42969 0.114747
19804.82031 0.114744
19805.22070 0.114741
19805.61914 0.114738
19806.00977 0.114735
19806.41016 0.114732
19806.81055 0.114728
19807.21094 0.114725
19807.59961 0.114722
19808.00000 0.114718
19808.40039 0.114715
19808.78906 0.114712
19809.18945 0.114709
19809.58984 0.114705
19809.98047 0.114702
19810.38086 0.114701
19810.77930 0.114701
19811.17969 0.114701
19811.57031 0.1147
19811.97070 0.1147
19812.36914 0.1147
19812.75977 0.114699
19813.16016 0.114699
19813.56055 0.114699
19813.96094 0.114698
19814.34961 0.114698
19814.75000 0.114698
19815.15039 0.114697
19815.53906 0.114694
19815.93945 0.114692
19816.33984 0.114689
19816.73047 0.114687
19817.13086 0.114684
19817.52930 0.114682
19817.92969 0.11468
19818.32031 0.114677
19818.72070 0.114675
19819.11914 0.114672
19819.50977 0.11467
19819.91016 0.114667
19820.31055 0.114666
19820.71094 0.114666
19821.09961 0.114665
19821.50000 0.114664
19821.90039 0.114664
19822.28906 0.114663
19822.68945 0.114662
19823.08984 0.114662
19823.49023 0.114661
19823.88086 0.11466
19824.27930 0.11466
19824.67969 0.114659
19825.08008 0.114659
19825.47070 0.114662
19825.86914 0.114664
19826.26953 0.114667
19826.66992 0.114669
19827.06055 0.114672
19827.46094 0.114675
19827.85938 0.114677
19828.25977 0.11468
19828.65039 0.114683
19829.05078 0.114685
19829.44922 0.114688
19829.83984 0.11469
19830.24023 0.114688
19830.64062 0.114683
19831.03906 0.114679
19831.42969 0.114674
19831.83008 0.114669
19832.23047 0.114664
19832.63086 0.114659
19833.01953 0.114654
19833.41992 0.114649
19833.82031 0.114644
19834.22070 0.114639
19834.60938 0.114634
19835.00977 0.114629
19835.41016 0.114626
19835.81055 0.114623
19836.21094 0.114619
19836.59961 0.114616
19837.00000 0.114613
19837.40039 0.114609
19837.78906 0.114606
19838.18945 0.114603
19838.58984 0.1146
19838.99023 0.114596
19839.38086 0.114593
19839.77930 0.11459
19840.17969 0.114591
19840.58008 0.114598
19840.97070 0.114605
19841.36914 0.114612
19841.76953 0.114619
19842.16992 0.114627
19842.57031 0.114634
19842.96094 0.114641
19843.35938 0.114648
19843.75977 0.114655
19844.16016 0.114662
19844.55078 0.114669
19844.94922 0.114676
19845.34961 0.114675
19845.75000 0.114673
19846.14062 0.114671
19846.53906 0.114669
19846.93945 0.114668
19847.33984 0.114666
19847.74023 0.114664
19848.13086 0.114662
19848.52930 0.11466
19848.92969 0.114658
19849.33008 0.114656
19849.72070 0.114654
19850.11914 0.114653
19850.51953 0.114654
19850.91992 0.114656
19851.32031 0.114657
19851.71094 0.114658
19852.10938 0.11466
19852.50977 0.114661
19852.91016 0.114663
19853.31055 0.114664
19853.69922 0.114666
19854.09961 0.114667
19854.50000 0.114668
19854.90039 0.11467
19855.28906 0.114671
19855.68945 0.114673
19856.08984 0.114674
19856.49023 0.114676
19856.89062 0.114677
19857.28906 0.114679
19857.67969 0.11468
19858.08008 0.114681
19858.48047 0.114683
19858.88086 0.114684
19859.27930 0.114686
19859.66992 0.114687
19860.07031 0.11469
19860.47070 0.114697
19860.86914 0.114704
19861.26953 0.114711
19861.66016 0.114718
19862.06055 0.114725
19862.46094 0.114733
19862.85938 0.11474
19863.25977 0.114747
19863.65039 0.114754
19864.05078 0.114761
19864.44922 0.114768
19864.84961 0.114775
19865.25000 0.114777
19865.64062 0.114775
19866.03906 0.114772
19866.43945 0.11477
19866.83984 0.114768
19867.24023 0.114766
19867.63086 0.114763
19868.02930 0.114761
19868.42969 0.114759
19868.83008 0.114757
19869.23047 0.114754
19869.63086 0.114752
19870.01953 0.11475
19870.41992 0.114751
19870.82031 0.114751
19871.22070 0.114752
19871.61914 0.114752
19872.01953 0.114753
19872.41016 0.114754
19872.81055 0.114754
19873.21094 0.114755
19873.60938 0.114755
19874.00977 0.114756
19874.40039 0.114757
19874.80078 0.114757
19875.19922 0.11476
19875.59961 0.114766
19876.00000 0.114772
19876.40039 0.114778
19876.78906 0.114783
19877.18945 0.114789
19877.58984 0.114795
19877.99023 0.114801
19878.39062 0.114807
19878.78906 0.114812
19879.18945 0.114818
19879.58008 0.114824
19879.98047 0.11483
19880.38086 0.114829
19880.77930 0.114827
19881.17969 0.114826
19881.58008 0.114824
19881.97070 0.114823
19882.36914 0.114822
19882.76953 0.11482
19883.16992 0.114819
19883.57031 0.114817
19883.97070 0.114816
19884.36914 0.114814
19884.75977 0.114813
19885.16016 0.114816
19885.56055 0.114824
19885.96094 0.114833
19886.35938 0.114842
19886.75977 0.114851
19887.15039 0.11486
19887.55078 0.114869
19887.94922 0.114877
19888.34961 0.114886
19888.75000 0.114895
19889.15039 0.114904
19889.55078 0.114913
19889.94922 0.114922
19890.33984 0.114926
19890.74023 0.11493
19891.14062 0.114934
19891.53906 0.114939
19891.93945 0.114943
19892.33984 0.114947
19892.74023 0.114951
19893.13086 0.114955
19893.52930 0.114959
19893.92969 0.114963
19894.33008 0.114967
19894.73047 0.114971
19895.13086 0.114975
19895.52930 0.114977
19895.92969 0.11498
19896.32031 0.114983
19896.72070 0.114985
19897.11914 0.114988
19897.51953 0.11499
19897.91992 0.114993
19898.32031 0.114996
19898.72070 0.114998
19899.11914 0.115001
19899.50977 0.115004
19899.91016 0.115006
19900.31055 0.115015
19900.71094 0.115024
19901.10938 0.115034
19901.50977 0.115044
19901.91016 0.115054
19902.31055 0.115064
19902.71094 0.115073
19903.09961 0.115083
19903.50000 0.115093
19903.90039 0.115103
19904.30078 0.115113
19904.69922 0.115123
19905.09961 0.11513
19905.50000 0.115131
19905.90039 0.115133
19906.28906 0.115134
19906.68945 0.115135
19907.08984 0.115136
19907.49023 0.115137
19907.89062 0.115138
19908.28906 0.115139
19908.68945 0.11514
19909.08984 0.115141
19909.49023 0.115142
19909.89062 0.115144
19910.28906 0.115145
19910.67969 0.115146
19911.08008 0.115147
19911.48047 0.115148
19911.88086 0.115149
19912.27930 0.11515
19912.67969 0.115151
19913.08008 0.115152
19913.48047 0.115153
19913.88086 0.115154
19914.27930 0.115155
19914.67969 0.115156
19915.07031 0.115158
19915.47070 0.115169
19915.86914 0.11518
19916.26953 0.115191
19916.66992 0.115201
19917.07031 0.115212
19917.47070 0.115223
19917.86914 0.115234
19918.26953 0.115244
19918.66992 0.115255
19919.07031 0.115266
19919.46094 0.115277
19919.85938 0.115287
19920.25977 0.115291
19920.66016 0.115292
19921.06055 0.115292
19921.46094 0.115293
19921.85938 0.115293
19922.25977 0.115294
19922.66016 0.115294
19923.06055 0.115295
19923.46094 0.115295
19923.85938 0.115296
19924.25977 0.115296
19924.66016 0.115297
19925.05078 0.115298
19925.44922 0.115304
19925.84961 0.11531
19926.25000 0.115316
19926.65039 0.115322
19927.05078 0.115327
19927.44922 0.115333
19927.84961 0.115339
19928.25000 0.115345
19928.65039 0.115351
19929.05078 0.115357
19929.44922 0.115363
19929.84961 0.115369
19930.25000 0.115371
19930.65039 0.115372
19931.03906 0.115372
19931.44922 0.115373
19931.83984 0.115373
19932.24023 0.115374
19932.64062 0.115374
19933.03906 0.115375
19933.43945 0.115375
19933.83984 0.115376
19934.24023 0.115376
19934.64062 0.115377
19935.03906 0.115379
19935.43945 0.115393
19935.83984 0.115408
19936.24023 0.115423
19936.64062 0.115438
19937.03906 0.115453
19937.43945 0.115468
19937.83984 0.115482
19938.24023 0.115497
19938.64062 0.115512
19939.03906 0.115527
19939.43945 0.115542
19939.83984 0.115557
19940.23047 0.115567
19940.63086 0.115575
19941.02930 0.115582
19941.42969 0.11559
19941.83008 0.115598
19942.23047 0.115605
19942.63086 0.115613
19943.02930 0.11562
19943.42969 0.115628
19943.83008 0.115636
19944.23047 0.115643
19944.63086 0.115651
19945.02930 0.115659
19945.42969 0.115667
19945.83008 0.115676
19946.23047 0.115684
19946.63086 0.115693
19947.02930 0.115702
19947.42969 0.11571
19947.83008 0.115719
19948.23047 0.115728
19948.63086 0.115736
19949.02930 0.115745
19949.42969 0.115754
19949.83008 0.115762
19950.23047 0.115771
19950.63086 0.11578
19951.02930 0.115789
19951.42969 0.115798
19951.83008 0.115807
19952.23047 0.115816
19952.63086 0.115825
19953.02930 0.115835
19953.42969 0.115844
19953.83008 0.115853
19954.23047 0.115862
19954.63086 0.115871
19955.02930 0.11588
19955.42969 0.115885
19955.83008 0.11589
19956.23047 0.115896
19956.63086 0.115901
19957.02930 0.115906
19957.42969 0.115912
19957.83008 0.115917
19958.23047 0.115922
19958.63086 0.115928
19959.02930 0.115933
19959.42969 0.115939
19959.83008 0.115944
19960.23047 0.115953
19960.63086 0.115966
19961.02930 0.115978
19961.42969 0.11599
19961.83008 0.116002
19962.23047 0.116015
19962.63086 0.116027
19963.02930 0.116039
19963.42969 0.116052
19963.83008 0.116064
19964.23047 0.116076
19964.63086 0.116088
19965.02930 0.1161
19965.42969 0.116104
19965.83008 0.116108
19966.23047 0.116113
19966.63086 0.116117
19967.02930 0.116121
19967.42969 0.116125
19967.83008 0.116129
19968.23047 0.116133
19968.63086 0.116137
19969.02930 0.116142
19969.42969 0.116146
19969.83008 0.11615
19970.23047 0.116155
19970.63086 0.116161
19971.02930 0.116167
19971.42969 0.116174
19971.83008 0.11618
19972.23047 0.116186
19972.63086 0.116192
19973.02930 0.116198
19973.42969 0.116204
19973.83008 0.116211
19974.23047 0.116217
19974.63086 0.116223
19975.02930 0.116229
19975.42969 0.11624
19975.83008 0.116251
19976.23047 0.116262
19976.63086 0.116273
19977.03906 0.116284
19977.43945 0.116295
19977.83984 0.116306
19978.24023 0.116317
19978.64062 0.116328
19979.03906 0.116339
19979.43945 0.11635
19979.83984 0.116361
19980.24023 0.116375
19980.64062 0.11639
19981.03906 0.116406
19981.43945 0.116422
19981.83984 0.116437
19982.24023 0.116453
19982.64062 0.116469
19983.03906 0.116484
19983.43945 0.1165
19983.83984 0.116515
19984.24023 0.116531
19984.64062 0.116547
19985.03906 0.116561
19985.43945 0.11657
19985.83984 0.116578
19986.24023 0.116586
19986.65039 0.116594
19987.05078 0.116603
19987.44922 0.116611
19987.84961 0.116619
19988.25000 0.116627
19988.65039 0.116636
19989.05078 0.116644
19989.44922 0.116652
19989.84961 0.11666
19990.25000 0.116665
19990.65039 0.116668
19991.05078 0.116671
19991.44922 0.116674
19991.84961 0.116678
19992.25000 0.116681
19992.65039 0.116684
19993.05078 0.116687
19993.46094 0.11669
19993.85938 0.116693
19994.25977 0.116696
19994.66016 0.116699
19995.06055 0.116704
19995.46094 0.116723
19995.85938 0.116742
19996.25977 0.116761
19996.66016 0.11678
19997.06055 0.116799
19997.46094 0.116818
19997.86914 0.116837
19998.26953 0.116856
19998.66992 0.116874
19999.07031 0.116893
19999.47070 0.116912
19999.86914 0.116931
20000.26953 0.116951
20000.66992 0.116971
20001.07031 0.116991
20001.47070 0.117012
20001.86914 0.117032
20002.26953 0.117052
20002.66992 0.117072
20003.07031 0.117093
20003.48047 0.117113
20003.88086 0.117133
20004.27930 0.117153
20004.67969 0.117174
20005.08008 0.117196
20005.48047 0.117226
20005.88086 0.117256
20006.27930 0.117286
20006.67969 0.117316
20007.08008 0.117346
20007.49023 0.117376
20007.89062 0.117407
20008.28906 0.117437
20008.68945 0.117467
20009.08984 0.117497
20009.49023 0.117527
20009.89062 0.117557
20010.28906 0.11758
20010.68945 0.117599
20011.08984 0.117618
20011.50000 0.117637
20011.90039 0.117656
20012.30078 0.117676
20012.69922 0.117695
20013.09961 0.117714
20013.50000 0.117733
20013.90039 0.117752
20014.30078 0.117772
20014.71094 0.117791
20015.10938 0.11781
20015.50977 0.117829
20015.91016 0.117847
20016.31055 0.117866
20016.71094 0.117885
20017.10938 0.117903
20017.50977 0.117922
20017.91016 0.117941
20018.31055 0.117959
20018.72070 0.117978
20019.11914 0.117997
20019.51953 0.118015
20019.91992 0.118034
20020.32031 0.118058
20020.72070 0.118084
20021.11914 0.11811
20021.52930 0.118136
20021.92969 0.118162
20022.33008 0.118188
20022.73047 0.118214
20023.13086 0.11824
20023.52930 0.118266
20023.92969 0.118292
20024.33008 0.118318
20024.73047 0.118344
20025.14062 0.11837
20025.53906 0.118395
20025.93945 0.118421
20026.33984 0.118447
20026.74023 0.118472
20027.14062 0.118498
20027.53906 0.118524
20027.94922 0.118549
20028.34961 0.118575
20028.75000 0.118601
20029.15039 0.118626
20029.55078 0.118652
20029.94922 0.118678
20030.34961 0.118704
20030.75977 0.118729
20031.16016 0.118755
20031.56055 0.118781
20031.96094 0.118807
20032.35938 0.118833
20032.75977 0.118859
20033.16016 0.118885
20033.57031 0.118911
20033.97070 0.118937
20034.36914 0.118962
20034.76953 0.118988
20035.16992 0.119012
20035.57031 0.119033
20035.97070 0.119054
20036.38086 0.119075
20036.77930 0.119096
20037.17969 0.119118
20037.58008 0.119139
20037.98047 0.11916
20038.38086 0.119181
20038.78906 0.119202
20039.18945 0.119223
20039.58984 0.119244
20039.99023 0.119265
20040.39062 0.119291
20040.78906 0.119317
20041.19922 0.119343
20041.59961 0.119369
20042.00000 0.119395
20042.40039 0.119421
20042.80078 0.119447
20043.19922 0.119472
20043.60938 0.119498
20044.00977 0.119525
20044.41016 0.11955
20044.81055 0.119576
20045.21094 0.119601
20045.61914 0.119626
20046.01953 0.11965
20046.41992 0.119674
20046.82031 0.119698
20047.22070 0.119722
20047.61914 0.119747
20048.02930 0.119771
20048.42969 0.119795
20048.83008 0.11982
20049.23047 0.119844
20049.63086 0.119868
20050.02930 0.119893
20050.43945 0.11992
20050.83984 0.119948
20051.24023 0.119976
20051.64062 0.120004
20052.03906 0.120031
20052.44922 0.120059
20052.84961 0.120087
20053.25000 0.120115
20053.65039 0.120143
20054.05078 0.12017
20054.46094 0.120198
20054.85938 0.120226
20055.25977 0.120254
20055.66016 0.120282
20056.06055 0.120309
20056.46094 0.120337
20056.86914 0.120365
20057.26953 0.120392
20057.66992 0.12042
20058.07031 0.120448
20058.47070 0.120476
20058.88086 0.120503
20059.27930 0.120531
20059.67969 0.120559
20060.08008 0.120585
20060.48047 0.120608
20060.89062 0.12063
20061.28906 0.120652
20061.68945 0.120674
20062.08984 0.120696
20062.49023 0.120719
20062.90039 0.120741
20063.30078 0.120763
20063.69922 0.120785
20064.09961 0.120808
20064.50977 0.12083
20064.91016 0.120852
20065.31055 0.120875
20065.71094 0.120899
20066.10938 0.120923
20066.51953 0.120947
20066.91992 0.12097
20067.32031 0.120994
20067.72070 0.121018
20068.13086 0.121042
20068.52930 0.121065
20068.92969 0.121089
20069.33008 0.121113
20069.73047 0.121136
20070.13086 0.121163
20070.53906 0.121194
20070.93945 0.121225
20071.33984 0.121256
20071.74023 0.121287
20072.15039 0.121318
20072.55078 0.121349
20072.94922 0.12138
20073.34961 0.121411
20073.75977 0.121442
20074.16016 0.121473
20074.56055 0.121504
20074.96094 0.121535
20075.36914 0.121562
20075.76953 0.121589
20076.16992 0.121616
20076.57031 0.121643
20076.97070 0.12167
20077.38086 0.121697
20077.77930 0.121724
20078.17969 0.121751
20078.58008 0.121778
20078.99023 0.121805
20079.39062 0.121833
20079.78906 0.12186
20080.18945 0.121884
20080.59961 0.121905
20081.00000 0.121926
20081.40039 0.121947
20081.80078 0.121968
20082.21094 0.12199
20082.60938 0.122011
20083.00977 0.122032
20083.41016 0.122053
20083.82031 0.122074
20084.22070 0.122095
20084.61914 0.122116
20085.01953 0.122138
20085.42969 0.122166
20085.83008 0.122194
20086.23047 0.122222
20086.63086 0.12225
20087.03906 0.122278
20087.43945 0.122306
20087.83984 0.122334
20088.24023 0.122362
20088.65039 0.12239
20089.05078 0.122418
20089.44922 0.122446
20089.84961 0.122474
20090.25977 0.122501
20090.66016 0.122528
20091.06055 0.122556
20091.46094 0.122583
20091.86914 0.12261
20092.26953 0.122637
20092.66992 0.122665
20093.08008 0.122692
20093.48047 0.122719
20093.88086 0.122746
20094.27930 0.122774
20094.68945 0.122801
20095.08984 0.122828
20095.49023 0.122853
20095.89062 0.122878
20096.30078 0.122903
20096.69922 0.122928
20097.09961 0.122953
20097.50977 0.122979
20097.91016 0.123004
20098.31055 0.123029
20098.71094 0.123054
20099.11914 0.123079
20099.51953 0.123104
20099.91992 0.12313
20100.33008 0.123156
20100.73047 0.123182
20101.13086 0.123209
