threeML/data/optical_filters/HST/NICMOS1-POL0S.ecsv
# %ECSV 0.9
# ---
# datatype:
# - {name: wavelength, unit: Angstrom, datatype: float32}
# - {name: response, datatype: float32}
# meta: !!omap
# - {band_name: POL0S}
# - {group_name: NICMOS1}
wavelength response
[from data line 7055]
12927.25000 0.006088
12928.15039 0.006003
12929.04004 0.005918
12929.94043 0.005833
12930.83984 0.005753
12931.73047 0.005672
12932.62988 0.005592
12933.53027 0.005512
12934.41992 0.005431
12935.32031 0.005352
12936.21973 0.005275
12937.11035 0.005197
12938.00977 0.00512
12938.91016 0.005043
12939.79980 0.004965
12940.70020 0.004895
12941.59961 0.004826
12942.50000 0.004758
12943.38965 0.004689
12944.29004 0.00462
12945.19043 0.004554
12946.08984 0.004497
12946.98047 0.00444
12947.87988 0.004384
12948.78027 0.004327
12949.67969 0.00427
12950.57031 0.004216
12951.46973 0.004163
12952.37012 0.004111
12953.26953 0.004058
12954.16992 0.004005
12955.05957 0.003953
12955.95996 0.003904
12956.86035 0.003855
12957.75977 0.003807
12958.66016 0.003758
12959.54980 0.003709
12960.45020 0.00366
12961.34961 0.00361
12962.25000 0.00356
12963.15039 0.00351
12964.04980 0.00346
12964.95020 0.00341
12965.83984 0.003365
12966.74023 0.003321
12967.63965 0.003277
12968.54004 0.003233
12969.44043 0.003188
12970.33984 0.003146
12971.24023 0.003108
12972.13965 0.00307
12973.04004 0.003031
12973.94043 0.002993
12974.83984 0.002954
12975.74023 0.002917
12976.62988 0.002879
12977.53027 0.002842
12978.42969 0.002804
12979.33008 0.002767
12980.23047 0.002731
12981.12988 0.002699
12982.03027 0.002668
12982.92969 0.002636
12983.83008 0.002605
12984.73047 0.002573
12985.62988 0.002543
12986.53027 0.002513
12987.42969 0.002482
12988.33008 0.002452
12989.23047 0.002422
12990.12988 0.002392
12991.04004 0.002363
12991.94043 0.002333
12992.83984 0.002304
12993.74023 0.002274
12994.63965 0.002245
12995.54004 0.002217
12996.44043 0.002191
12997.33984 0.002165
12998.24023 0.002139
12999.13965 0.002113
13000.04004 0.002086
13000.95020 0.002061
13001.84961 0.002036
13002.75000 0.002011
13003.65039 0.001986
13004.54980 0.001961
13005.45020 0.001937
13006.34961 0.001914
13007.25977 0.001892
13008.16016 0.001869
13009.05957 0.001847
13009.95996 0.001824
13010.86035 0.001803
13011.75977 0.001783
13012.66992 0.001762
13013.57031 0.001741
13014.46973 0.00172
13015.37012 0.001701
13016.28027 0.001683
13017.17969 0.001665
13018.08008 0.001647
13018.98047 0.001629
13019.88965 0.001611
13020.79004 0.001594
13021.69043 0.001577
13022.58984 0.00156
13023.50000 0.001543
13024.40039 0.001526
13025.29980 0.001509
13026.20996 0.001491
13027.11035 0.001474
13028.00977 0.001456
13028.91016 0.001439
13029.82031 0.001421
13030.71973 0.001406
13031.62012 0.001392
13032.53027 0.001378
13033.42969 0.001363
13034.33008 0.001349
13035.24023 0.001334
13036.13965 0.001318
13037.04980 0.001303
13037.95020 0.001287
13038.84961 0.001271
13039.75977 0.001256
13040.66016 0.001241
13041.57031 0.001228
13042.46973 0.001215
13043.37012 0.001201
13044.28027 0.001188
13045.17969 0.001175
13046.08984 0.001163
13046.99023 0.001151
13047.90039 0.001139
13048.79980 0.001127
13049.70020 0.001115
13050.61035 0.001104
13051.50977 0.001094
13052.41992 0.001084
13053.32031 0.001073
13054.23047 0.001063
13055.12988 0.001053
13056.04004 0.001042
13056.94043 0.001032
13057.84961 0.001021
13058.75000 0.00101
13059.66016 0.001
13060.55957 0.000989
13061.46973 0.000978
13062.37012 0.000967
13063.28027 0.000957
13064.19043 0.000946
13065.08984 0.000935
13066.00000 0.000926
13066.90039 0.000916
13067.80957 0.000907
13068.70996 0.000897
13069.62012 0.000888
13070.53027 0.000879
13071.42969 0.00087
13072.33984 0.000862
13073.25000 0.000853
13074.15039 0.000845
13075.05957 0.000837
13075.95996 0.000829
13076.87012 0.000821
13077.78027 0.000814
13078.67969 0.000806
13079.58984 0.000799
13080.50000 0.000791
13081.40039 0.000783
13082.30957 0.000775
13083.21973 0.000767
13084.12012 0.000758
13085.03027 0.00075
13085.94043 0.000743
13086.84961 0.000736
13087.75000 0.000729
13088.66016 0.000721
13089.57031 0.000714
13090.48047 0.000706
13091.37988 0.000699
13092.29004 0.000691
13093.20020 0.000684
13094.11035 0.000676
13095.00977 0.000669
13095.91992 0.000662
13096.83008 0.000656
13097.74023 0.00065
13098.65039 0.000643
13099.54980 0.000637
13100.45996 0.000631
13101.37012 0.000626
13102.28027 0.00062
13103.19043 0.000615
13104.08984 0.000609
13105.00000 0.000604
13105.91016 0.000595
13106.82031 0.000586
13107.73047 0.000577
13108.63965 0.000569
13109.54980 0.00056
13110.45996 0.000553
13111.36035 0.000549
13112.26953 0.000544
13113.17969 0.00054
13114.08984 0.000535
13115.00000 0.00053
13115.91016 0.000529
13116.82031 0.000528
13117.73047 0.000526
13118.63965 0.000525
13119.54980 0.000524
13120.45996 0.00052
13121.37012 0.000514
13122.28027 0.000508
13123.19043 0.000503
13124.08984 0.000497
13125.00000 0.000491
13125.91992 0.000487
13126.82031 0.000482
13127.73047 0.000478
13128.63965 0.000473
13129.54980 0.000469
13130.45996 0.000464
13131.37988 0.000459
13132.29004 0.000454
13133.20020 0.000449
13134.11035 0.000444
13135.01953 0.00044
13135.92969 0.000435
13136.83984 0.00043
13137.75000 0.000426
13138.66016 0.000421
13139.57031 0.000417
13140.48047 0.000414
13141.38965 0.000412
13142.29980 0.000411
13143.20996 0.00041
13144.12988 0.000409
13145.04004 0.000407
13145.95020 0.000403
14460.54492 0.0
