threeML/data/optical_filters/HST/NICMOS3-F215N.ecsv
# %ECSV 0.9
# ---
# datatype:
# - {name: wavelength, unit: Angstrom, datatype: float32}
# - {name: response, datatype: float32}
# meta: !!omap
# - {band_name: F215N}
# - {group_name: NICMOS3}
wavelength response
[from data line 1532]
21609.08008 0.04001
21609.28906 0.039507
21609.50977 0.039009
21609.73047 0.038506
21609.93945 0.038008
21610.16016 0.037563
21610.36914 0.037143
21610.58984 0.03672
21610.80078 0.036301
21611.01953 0.035877
21611.24023 0.035458
21611.44922 0.035034
21611.66992 0.034615
21611.88086 0.034192
21612.09961 0.033779
21612.32031 0.03337
21612.52930 0.032965
21612.75000 0.032556
21612.96094 0.032151
21613.17969 0.031743
21613.40039 0.031334
21613.60938 0.030929
21613.83008 0.03052
21614.03906 0.03011
21614.25977 0.029676
21614.47070 0.029245
21614.68945 0.02881
21614.91016 0.028379
21615.11914 0.027945
21615.33984 0.027514
21615.55078 0.027079
21615.76953 0.026648
21615.99023 0.026213
21616.19922 0.026025
21616.41992 0.025851
21616.63086 0.025677
21616.84961 0.025505
21617.07031 0.025331
21617.27930 0.025159
21617.50000 0.024985
21617.71094 0.024813
21617.92969 0.024639
21618.14062 0.024394
21618.35938 0.02411
21618.58008 0.023829
21618.78906 0.023545
21619.00977 0.023262
21619.22070 0.022981
21619.43945 0.022697
21619.66016 0.022416
21619.86914 0.022132
21620.08984 0.021869
21620.30078 0.02163
21620.51953 0.021391
21620.74023 0.021154
21620.94922 0.020915
21621.16992 0.020678
21621.38086 0.020439
21621.59961 0.020202
21621.82031 0.019963
21622.02930 0.019736
21622.25000 0.019577
21622.46094 0.019417
21622.67969 0.019259
21622.90039 0.019099
21623.10938 0.018941
21623.33008 0.018781
21623.53906 0.018621
21623.75977 0.018463
21623.98047 0.018303
21624.18945 0.018078
21624.41016 0.017843
21624.61914 0.01761
21624.83984 0.017375
21625.06055 0.01714
21625.26953 0.016907
21625.49023 0.016671
21625.69922 0.016438
21625.91992 0.016203
21626.14062 0.016013
21626.34961 0.015852
21626.57031 0.015689
21626.77930 0.015528
21627.00000 0.015365
21627.22070 0.015202
21627.42969 0.015041
21627.65039 0.014878
21627.85938 0.014716
21628.08008 0.014532
21628.30078 0.014311
21628.50977 0.014093
21628.73047 0.013872
21628.93945 0.013653
21629.16016 0.013433
21629.38086 0.013212
21629.58984 0.012993
21629.81055 0.012773
21630.01953 0.012563
21630.24023 0.012422
21630.46094 0.012282
21630.66992 0.012143
21630.89062 0.012003
21631.09961 0.011864
21631.32031 0.011724
21631.53906 0.011584
21631.75000 0.011445
21631.97070 0.011304
21632.18945 0.011109
21632.40039 0.010907
21632.61914 0.010702
21632.83008 0.0105
21633.05078 0.010295
21633.26953 0.010091
21633.48047 0.009888
21633.69922 0.009684
21633.91016 0.009479
21634.13086 0.009417
21634.34961 0.00945
21634.56055 0.009482
21634.77930 0.009514
21634.99023 0.009546
21635.21094 0.009578
21635.42969 0.00961
21635.64062 0.009642
21635.85938 0.009674
21636.07031 0.009595
21636.28906 0.009302
21636.50977 0.009013
21636.72070 0.00872
21636.93945 0.008428
21637.15039 0.008139
21637.36914 0.007846
21637.58984 0.007554
21637.80078 0.007264
21638.01953 0.006997
21638.24023 0.006987
21638.44922 0.006977
21638.66992 0.006967
21638.88086 0.006956
21639.09961 0.006946
21639.32031 0.006936
21639.52930 0.006926
21639.75000 0.006915
21639.96094 0.006905
21640.17969 0.006951
21640.40039 0.007007
21640.60938 0.007064
21640.83008 0.007121
21641.03906 0.007178
21641.25977 0.007234
21641.48047 0.007291
21641.68945 0.007348
21641.91016 0.007405
21642.13086 0.007476
21642.33984 0.007559
21642.56055 0.007642
21642.77930 0.007725
21642.99023 0.007807
21643.21094 0.00789
21643.41992 0.007973
21643.64062 0.008055
21643.85938 0.008138
21644.07031 0.008093
21644.28906 0.007794
21644.50000 0.007493
21644.72070 0.007191
21644.93945 0.006893
21645.15039 0.006591
21645.36914 0.00629
21645.58008 0.005991
21645.80078 0.00569
21646.01953 0.005414
21646.23047 0.005431
21646.44922 0.005447
21646.66992 0.005464
21646.88086 0.00548
21647.09961 0.005496
21647.31055 0.005513
21647.52930 0.005529
21647.75000 0.005546
21647.96094 0.005562
21648.17969 0.005513
21648.40039 0.00545
21648.60938 0.005387
21648.83008 0.005324
21649.03906 0.005261
21649.25977 0.005199
21649.48047 0.005136
21649.68945 0.005072
21649.91016 0.00501
21650.11914 0.004968
21650.33984 0.00494
21650.56055 0.004913
21650.76953 0.004886
21650.99023 0.004859
21651.21094 0.004832
21651.41992 0.004805
21651.64062 0.004778
21651.85938 0.00475
21652.07031 0.004705
21652.28906 0.004624
21652.50000 0.004542
21652.72070 0.004459
21652.93945 0.004377
21653.15039 0.004296
21653.36914 0.004214
21653.58984 0.004132
21653.80078 0.00405
21654.01953 0.003966
21654.23047 0.003849
21654.44922 0.003733
21654.66992 0.003617
21654.88086 0.003501
21655.09961 0.003384
21655.32031 0.003268
21655.52930 0.003152
21655.75000 0.003036
21655.96094 0.002919
21656.17969 0.002767
21656.40039 0.002609
21656.60938 0.00245
21656.83008 0.00229
21657.05078 0.002131
21657.25977 0.001973
21657.48047 0.001814
21657.69922 0.001654
21657.91016 0.001495
21658.13086 0.001606
21658.33984 0.001906
21658.56055 0.002206
21658.77930 0.002505
21658.99023 0.002803
21659.21094 0.003102
21659.42969 0.003402
21659.64062 0.003702
21659.85938 0.004002
21660.07031 0.004139
21660.28906 0.003971
21660.50977 0.003803
21660.72070 0.003635
21660.93945 0.003469
21661.16016 0.003301
21661.36914 0.003133
21661.58984 0.002965
21661.80078 0.002799
21662.01953 0.002656
21662.24023 0.002745
21662.46094 0.002834
21662.66992 0.002922
21662.89062 0.00301
21663.09961 0.003099
21663.32031 0.003188
21663.53906 0.003276
21663.75000 0.003364
21663.97070 0.003453
21664.18945 0.003377
21664.40039 0.003273
21664.61914 0.00317
21664.83008 0.003067
21665.05078 0.002964
21665.26953 0.00286
21665.48047 0.002756
21665.69922 0.002653
21665.91992 0.00255
21666.13086 0.002583
21666.34961 0.002703
21666.57031 0.002823
21666.77930 0.002944
21667.00000 0.003062
21667.21094 0.003182
21667.42969 0.003302
21667.65039 0.003423
21667.86914 0.003543
21668.08008 0.003552
21668.30078 0.003374
21668.50977 0.003197
21668.73047 0.003019
21668.94922 0.002842
21669.16016 0.002666
21669.38086 0.002489
21669.59961 0.002311
21669.81055 0.002134
21670.02930 0.00199
21670.25000 0.002062
21670.46094 0.002134
21670.67969 0.002206
21670.89062 0.002278
21671.10938 0.002351
21671.33008 0.002423
21671.53906 0.002494
21671.75977 0.002567
21671.98047 0.002639
21672.18945 0.002661
21672.41016 0.002677
21672.63086 0.002693
21672.83984 0.002709
21673.06055 0.002725
21673.27930 0.002741
21673.49023 0.002757
21673.71094 0.002773
21673.92969 0.002789
21674.14062 0.002714
21674.35938 0.002591
21674.57031 0.002468
21674.78906 0.002345
21675.00977 0.002221
21675.22070 0.002098
21675.43945 0.001975
21675.66016 0.001853
21675.86914 0.00173
21676.08984 0.001684
21676.31055 0.001748
21676.51953 0.001812
21676.74023 0.001877
21676.96094 0.00194
21677.16992 0.002004
21677.39062 0.002068
21677.60938 0.002133
21677.82031 0.002197
21678.03906 0.002264
21678.25977 0.002344
21678.47070 0.002424
21678.68945 0.002504
21678.90039 0.002584
21679.11914 0.002664
21679.33984 0.002745
21679.55078 0.002825
21679.76953 0.002905
21679.99023 0.002985
21680.19922 0.00287
21680.41992 0.002743
21680.64062 0.002616
21680.84961 0.002488
21681.07031 0.002361
21681.28906 0.002233
21681.50000 0.002106
21681.72070 0.00198
21681.93945 0.001852
21682.15039 0.001758
21682.36914 0.001678
21682.58984 0.001597
21682.80078 0.001517
21683.01953 0.001436
21683.24023 0.001356
21683.44922 0.001276
21683.66992 0.001196
21683.88086 0.001116
21684.09961 0.001106
21684.32031 0.001178
21684.53906 0.001249
21684.75000 0.001321
21684.97070 0.001392
21685.18945 0.001464
21685.40039 0.001535
21685.61914 0.001606
21685.83008 0.001678
21686.05078 0.001739
21686.26953 0.001768
21686.48047 0.001797
21686.69922 0.001826
21686.91992 0.001855
21687.13086 0.001884
21687.34961 0.001913
21687.57031 0.001942
21687.77930 0.001971
21688.00000 0.002
21688.22070 0.00184
21688.42969 0.001679
21688.65039 0.001519
21688.86914 0.001358
21689.08008 0.001198
21689.30078 0.001038
21689.51953 0.000877
21689.73047 0.000717
21689.94922 0.000556
21690.16992 0.000534
21690.38086 0.000551
21690.59961 0.000568
21690.82031 0.000585
21691.02930 0.000603
21691.25000 0.00062
21691.47070 0.000637
21691.67969 0.000655
21691.90039 0.000672
21692.11914 0.000655
21692.33008 0.000608
21692.55078 0.000561
21692.76953 0.000514
21692.98047 0.000467
21693.19922 0.00042
23862.51953 0.0
