threeML/data/optical_filters/HST/NICMOS3-F150W.ecsv
# %ECSV 0.9
# ---
# datatype:
# - {name: wavelength, unit: Angstrom, datatype: float32}
# - {name: response, datatype: float32}
# meta: !!omap
# - {band_name: F150W}
# - {group_name: NICMOS3}
wavelength response
[from data line 5363]
16121.20020 0.210148
16122.57031 0.210274
16123.94043 0.210399
16125.29980 0.210515
16126.66992 0.210598
16128.04004 0.21068
16129.41016 0.210762
16130.78027 0.210851
16132.13965 0.210944
16133.50977 0.211037
16134.87988 0.21113
16136.25000 0.211221
16137.62012 0.211312
16138.98047 0.211403
16140.34961 0.211499
16141.71973 0.211608
16143.08984 0.211717
16144.45996 0.211825
16145.83008 0.211924
16147.20020 0.212016
16148.57031 0.212108
16149.94043 0.2122
16151.29980 0.212306
16152.66992 0.212413
16154.04004 0.21252
16155.41016 0.212624
16156.78027 0.212722
16158.15039 0.21282
16159.51953 0.212919
16160.88965 0.213027
16162.25977 0.213142
16163.63965 0.213256
16165.00977 0.21337
16166.37988 0.213451
16167.75000 0.213533
16169.12012 0.213614
16170.49023 0.213702
16171.86035 0.213803
16173.23047 0.213904
16174.59961 0.214005
16175.98047 0.214099
16177.34961 0.21419
16178.71973 0.21428
16180.08984 0.214372
16181.45996 0.214483
16182.83008 0.214594
16184.20996 0.214705
16185.58008 0.214812
16186.95020 0.214914
16188.33008 0.215015
16189.70020 0.215117
16191.07031 0.215218
16192.44043 0.215317
16193.82031 0.215418
16195.19043 0.215515
16196.55957 0.2156
16197.94043 0.215685
16199.30957 0.215769
16200.67969 0.215852
16202.05957 0.215933
16203.42969 0.216013
16204.80957 0.216094
16206.17969 0.216208
16207.54980 0.216326
16208.92969 0.216445
16210.29980 0.216551
16211.67969 0.216614
16213.04980 0.216677
16214.42969 0.21674
16215.79980 0.216823
16217.17969 0.21692
16218.54980 0.217018
16219.92969 0.217116
16221.29980 0.217189
16222.67969 0.217261
16224.04980 0.217333
16225.42969 0.217403
16226.80957 0.217469
16228.17969 0.217534
16229.55957 0.217599
16230.92969 0.217686
16232.30957 0.217783
16233.69043 0.217881
16235.05957 0.217977
16236.44043 0.218054
16237.82031 0.218132
16239.19043 0.218209
16240.57031 0.218288
16241.95020 0.21837
16243.33008 0.218452
16244.70020 0.218534
16246.08008 0.218627
16247.45996 0.218722
16248.83008 0.218818
16250.20996 0.218908
16251.58984 0.218968
16252.96973 0.219028
16254.34961 0.219087
16255.73047 0.219156
16257.09961 0.219233
16258.48047 0.21931
16259.86035 0.219388
16261.24023 0.219437
16262.62012 0.219484
16264.00000 0.219531
16265.37988 0.21959
16266.75977 0.219681
16268.13965 0.219772
16269.51953 0.219863
16270.88965 0.219947
16272.26953 0.220027
16273.65039 0.220107
16275.03027 0.220186
16276.41016 0.220259
16277.79004 0.220332
16279.16992 0.220405
16280.55957 0.220473
16281.94043 0.220536
16283.32031 0.220599
16284.70020 0.220661
16286.08008 0.220741
16287.45996 0.220825
16288.83984 0.220909
16290.21973 0.220991
16291.59961 0.221058
16292.98047 0.221126
16294.37012 0.221193
16295.75000 0.221259
16297.12988 0.221323
16298.50977 0.221387
16299.88965 0.221452
16301.28027 0.221509
16302.66016 0.221566
16304.04004 0.221623
16305.41992 0.221684
16306.80957 0.221757
16308.19043 0.22183
16309.57031 0.221902
16310.95996 0.221971
16312.33984 0.222037
16313.71973 0.222103
16315.09961 0.222169
16316.49023 0.222236
16317.87012 0.222302
16319.25000 0.222368
16320.63965 0.222436
16322.01953 0.222503
16323.41016 0.222571
16324.79004 0.222639
16326.17969 0.222689
16327.55957 0.222735
16328.94043 0.222781
16330.33008 0.222829
16331.70996 0.222882
16333.09961 0.222936
16334.48047 0.22299
16335.87012 0.223055
16337.25000 0.223126
16338.63965 0.223198
16340.03027 0.223269
16341.41016 0.223321
16342.79980 0.223373
16344.17969 0.223425
16345.57031 0.223479
16346.95020 0.223534
16348.33984 0.223589
16349.73047 0.223645
16351.11035 0.223702
16352.50000 0.22376
16353.88965 0.223817
16355.26953 0.223869
16356.66016 0.223899
16358.04980 0.223929
16359.42969 0.223959
16360.82031 0.223993
16362.20996 0.22403
16363.59961 0.224067
16364.98047 0.224104
16366.37012 0.224187
16367.75977 0.22427
16369.15039 0.224353
16370.54004 0.224416
16371.91992 0.224448
16373.30957 0.224479
16374.70020 0.22451
16376.08984 0.224553
16377.48047 0.2246
16378.87012 0.224646
16380.25000 0.224693
16381.63965 0.224739
16383.03027 0.224786
16384.41992 0.224832
16385.81055 0.224877
16387.19922 0.22492
16388.58984 0.224963
16389.98047 0.225007
16391.36914 0.225053
16392.75977 0.225099
16394.15039 0.225145
16395.53906 0.225181
16396.92969 0.225202
16398.32031 0.225222
16399.71094 0.225243
16401.09961 0.225283
16402.49023 0.225328
16403.88086 0.225373
16405.27930 0.225417
16406.66992 0.225458
16408.06055 0.225499
16409.44922 0.22554
16410.83984 0.225595
16412.23047 0.225659
16413.61914 0.225723
16415.01953 0.225786
16416.41016 0.225779
16417.80078 0.225772
16419.18945 0.225765
16420.58008 0.225791
16421.98047 0.225861
16423.36914 0.225932
16424.75977 0.226002
16426.15039 0.226037
16427.55078 0.226065
16428.93945 0.226093
16430.33008 0.226122
16431.73047 0.226154
16433.11914 0.226186
16434.50977 0.226218
16435.91016 0.226256
16437.30078 0.226297
16438.69922 0.226338
16440.08984 0.226378
16441.48047 0.226417
16442.88086 0.226456
16444.26953 0.226494
16445.66992 0.226531
16447.06055 0.226566
16448.46094 0.2266
16449.84961 0.226635
16451.24023 0.22666
16452.64062 0.226685
16454.03906 0.226709
16455.42969 0.226741
16456.83008 0.226791
16458.22070 0.226842
16459.61914 0.226892
16461.00977 0.226922
16462.41016 0.226944
16463.80078 0.226967
16465.19922 0.226993
16466.59961 0.22704
16467.99023 0.227086
16469.39062 0.227133
16470.78906 0.227161
16472.17969 0.227174
16473.58008 0.227188
16474.98047 0.227201
16476.36914 0.227239
16477.76953 0.227278
16479.16992 0.227317
16480.56055 0.227352
16481.96094 0.227381
16483.35938 0.22741
16484.75977 0.227439
16486.16016 0.227462
16487.55078 0.227485
16488.94922 0.227507
16490.34961 0.227535
16491.75000 0.227579
16493.15039 0.227623
16494.53906 0.227666
16495.93945 0.22769
16497.33984 0.227704
16498.74023 0.227718
16500.14062 0.227734
16501.53906 0.22777
16502.93945 0.227806
16504.33984 0.227842
16505.74023 0.227863
16507.14062 0.227872
16508.53906 0.227881
16509.93945 0.22789
16511.33984 0.227927
16512.74023 0.227965
16514.14062 0.228003
16515.53906 0.22804
16516.93945 0.228076
16518.33984 0.228111
16519.74023 0.228147
16521.14062 0.228148
16522.53906 0.228142
16523.93945 0.228135
16525.33984 0.228141
16526.75000 0.228182
16528.15039 0.228223
16529.55078 0.228264
16530.94922 0.228294
16532.34961 0.22832
16533.75000 0.228346
16535.16016 0.228373
16536.56055 0.228415
16537.96094 0.228457
16539.35938 0.228499
16540.76953 0.22852
16542.16992 0.228522
16543.57031 0.228525
16544.97070 0.228528
16546.38086 0.228535
16547.77930 0.228542
16549.17969 0.228549
16550.58984 0.228564
16551.99023 0.228592
16553.39062 0.228619
16554.80078 0.228646
16556.19922 0.228672
16557.59961 0.228698
16559.00977 0.228724
16560.41016 0.228744
16561.82031 0.228747
16563.22070 0.228751
16564.61914 0.228754
16566.02930 0.228793
16567.43945 0.228845
16568.83984 0.228897
16570.24023 0.228941
16571.65039 0.228952
16573.05078 0.228962
16574.46094 0.228972
16575.86914 0.228986
16577.26953 0.229001
16578.67969 0.229016
16580.08008 0.229032
16581.49023 0.229056
16582.89062 0.22908
16584.30078 0.229104
16585.71094 0.229124
16587.10938 0.229139
16588.51953 0.229155
16589.92969 0.22917
16591.33008 0.229194
16592.74023 0.229219
16594.15039 0.229243
16595.55078 0.229261
16596.96094 0.229268
16598.36914 0.229275
16599.77930 0.229283
16601.18945 0.229327
16602.58984 0.229378
16604.00000 0.22943
16605.41016 0.229468
16606.82031 0.229475
16608.22070 0.229483
16609.63086 0.22949
16611.03906 0.229538
16612.44922 0.229601
16613.85938 0.229664
16615.26953 0.229721
16616.67969 0.229749
16618.08984 0.229777
16619.49023 0.229805
16620.90039 0.229835
16622.31055 0.229868
16623.72070 0.2299
16625.13086 0.229932
16626.53906 0.229962
16627.94922 0.229993
16629.35938 0.230023
16630.76953 0.23006
16632.17969 0.230102
16633.58984 0.230145
16635.00000 0.230187
16636.41016 0.23023
16637.82031 0.230273
16639.24023 0.230316
16640.65039 0.230349
16642.06055 0.23037
16643.47070 0.23039
16644.88086 0.230411
16646.28906 0.230455
16647.69922 0.230502
16649.11914 0.230548
16650.52930 0.230597
16651.93945 0.230649
16653.34961 0.230701
16654.75977 0.230753
16656.17969 0.230795
16657.58984 0.230835
16659.00000 0.230876
16660.41016 0.230914
16661.83008 0.230947
16663.24023 0.23098
16664.65039 0.231013
16666.06055 0.231043
16667.48047 0.231071
16668.89062 0.2311
16670.30078 0.231131
16671.72070 0.231173
16673.13086 0.231215
16674.53906 0.231257
16675.96094 0.231316
16677.36914 0.231384
16678.78906 0.231451
16680.19922 0.231511
16681.61914 0.23152
16683.02930 0.231529
16684.44922 0.231538
16685.85938 0.231572
16687.27930 0.231622
16688.68945 0.231673
16690.10938 0.231723
16691.51953 0.231769
16692.93945 0.231816
16694.34961 0.231863
16695.76953 0.231901
16697.17969 0.231932
16698.59961 0.231963
16700.01953 0.231993
16701.42969 0.232038
16702.84961 0.232083
16704.25977 0.232127
16705.67969 0.232171
16707.09961 0.232212
16708.50977 0.232254
16709.92969 0.232296
16711.34961 0.23232
16712.76953 0.232343
16714.17969 0.232366
16715.59961 0.232408
16717.01953 0.232477
16718.42969 0.232545
16719.84961 0.232614
16721.26953 0.232648
16722.68945 0.232678
16724.10938 0.232707
16725.51953 0.232745
16726.93945 0.232798
16728.35938 0.23285
16729.77930 0.232903
16731.19922 0.232947
16732.61914 0.232989
16734.03906 0.233031
16735.46094 0.233074
16736.86914 0.233118
16738.28906 0.233162
16739.71094 0.233206
16741.13086 0.23324
16742.55078 0.233273
16743.97070 0.233305
16745.39062 0.233337
16746.81055 0.233367
16748.23047 0.233397
16749.65039 0.233427
16751.07031 0.233468
16752.49023 0.233513
16753.91016 0.233558
16755.33008 0.233605
16756.75000 0.23366
16758.16992 0.233714
16759.59961 0.233769
16761.01953 0.233813
16762.43945 0.233854
16763.85938 0.233895
16765.27930 0.233942
16766.69922 0.234014
16768.13086 0.234086
16769.55078 0.234158
16770.97070 0.234187
16772.39062 0.234196
16773.81055 0.234205
16775.23047 0.234224
16776.66016 0.234291
16778.08008 0.234358
16779.50000 0.234426
16780.92969 0.234487
16782.34961 0.234545
16783.76953 0.234603
16785.19922 0.23466
16786.61914 0.234707
16788.03906 0.234753
16789.46094 0.234799
16790.89062 0.234834
16792.31055 0.234862
16793.74023 0.234891
16795.16016 0.234924
16796.58984 0.234988
16798.00977 0.235052
16799.42969 0.235117
16800.85938 0.235187
16802.27930 0.235262
16803.71094 0.235337
16805.13086 0.23541
16806.56055 0.235465
16807.98047 0.235519
16809.41016 0.235574
16810.83008 0.235624
16812.25977 0.235671
16813.68945 0.235718
16815.10938 0.235765
16816.53906 0.235822
16817.96094 0.23588
16819.39062 0.235937
16820.81055 0.236003
16822.24023 0.236074
16823.66992 0.236146
16825.08984 0.236216
16826.51953 0.236261
16827.94922 0.236306
16829.36914 0.236351
16830.80078 0.236404
16832.23047 0.236463
16833.66016 0.236522
16835.08008 0.236582
16836.50977 0.236651
16837.93945 0.236719
16839.36914 0.236788
16840.78906 0.236847
16842.22070 0.236898
16843.65039 0.236949
16845.08008 0.237001
16846.50977 0.23707
16847.93945 0.237139
16849.36914 0.237208
16850.78906 0.237291
16852.22070 0.237384
16853.65039 0.237478
16855.08008 0.237567
16856.50977 0.237586
16857.93945 0.237604
16859.36914 0.237623
16860.80078 0.237661
16862.23047 0.237713
16863.66016 0.237766
16865.08984 0.237822
16866.51953 0.237918
16867.94922 0.238013
16869.38086 0.238109
16870.81055 0.238179
16872.24023 0.238229
16873.66992 0.238279
16875.09961 0.238331
16876.52930 0.238416
16877.96094 0.2385
16879.39062 0.238584
16880.83008 0.238644
16882.25977 0.238686
16883.68945 0.238728
16885.11914 0.23877
16886.55078 0.238815
16887.98047 0.238859
16889.41992 0.238904
16890.84961 0.238967
16892.27930 0.239043
16893.71094 0.239119
16895.15039 0.239191
16896.58008 0.239226
16898.00977 0.239262
16899.44922 0.239298
16900.88086 0.239343
16902.31055 0.239393
16903.74023 0.239444
16905.17969 0.239496
16906.60938 0.239551
16908.03906 0.239607
16909.48047 0.239663
16910.91016 0.239711
16912.34961 0.239755
16913.77930 0.239799
16915.21094 0.239846
16916.65039 0.239902
16918.08008 0.239959
16919.51953 0.240016
16920.94922 0.240063
16922.39062 0.240104
16923.82031 0.240145
16925.25977 0.240191
16926.68945 0.240257
16928.13086 0.240323
16929.56055 0.240389
16931.00000 0.240447
16932.43945 0.240502
16933.86914 0.240556
16935.31055 0.240608
16936.74023 0.240653
16938.17969 0.240697
16939.61914 0.240742
16941.05078 0.240791
16942.49023 0.240843
16943.92969 0.240895
16945.35938 0.240945
16946.80078 0.240992
16948.24023 0.241039
16949.66992 0.241086
16951.10938 0.241136
16952.55078 0.241187
16953.99023 0.241237
16955.41992 0.241291
16956.85938 0.241353
16958.30078 0.241415
16959.74023 0.241476
16961.17969 0.241519
16962.60938 0.241557
16964.05078 0.241595
16965.49023 0.241643
16966.92969 0.241711
16968.36914 0.241779
16969.81055 0.241847
16971.25000 0.241907
16972.67969 0.241964
16974.11914 0.242022
16975.56055 0.242061
16977.00000 0.242072
16978.43945 0.242083
16979.88086 0.242094
16981.32031 0.242163
16982.75977 0.242236
16984.19922 0.24231
16985.64062 0.242373
16987.08008 0.242422
16988.51953 0.24247
16989.96094 0.242519
16991.40039 0.242575
16992.84961 0.242631
16994.28906 0.242687
16995.73047 0.242743
16997.16992 0.242799
16998.60938 0.242855
17000.05078 0.242909
17001.49023 0.242933
17002.92969 0.242956
17004.38086 0.24298
17005.82031 0.242971
17007.25977 0.242937
17008.69922 0.242903
17010.14062 0.242874
17011.58984 0.242898
17013.02930 0.242921
17014.47070 0.242945
17015.91016 0.242957
17017.35938 0.242963
17018.80078 0.24297
17020.24023 0.24297
17021.68945 0.242939
17023.13086 0.242908
17024.57031 0.242877
17026.01953 0.24287
17027.46094 0.242875
17028.91016 0.242879
17030.34961 0.24288
17031.78906 0.242871
17033.24023 0.242862
17034.67969 0.242853
17036.13086 0.24285
17037.57031 0.242848
17039.01953 0.242847
17040.46094 0.242842
17041.91016 0.242831
17043.34961 0.24282
17044.80078 0.242809
17046.24023 0.242823
17047.68945 0.242841
17049.13086 0.242859
17050.58008 0.242854
17052.01953 0.242815
17053.47070 0.242777
17054.91992 0.242738
17056.35938 0.242733
17057.81055 0.242731
17059.25977 0.242728
17060.69922 0.242727
17062.15039 0.242728
17063.59961 0.242729
17065.03906 0.24273
17066.49023 0.242731
17067.93945 0.242732
17069.38086 0.242733
17070.83008 0.242719
17072.27930 0.242695
17073.73047 0.242671
17075.16992 0.242652
17076.61914 0.242663
17078.07031 0.242675
17079.51953 0.242687
17080.97070 0.242684
17082.41992 0.242673
17083.85938 0.242663
17085.31055 0.24265
17086.75977 0.242633
17088.21094 0.242615
17089.66016 0.242597
17091.10938 0.242595
17092.56055 0.242599
17094.00977 0.242603
17095.46094 0.2426
17096.91016 0.242585
17098.35938 0.242569
17099.81055 0.242554
17101.25977 0.242558
17102.71094 0.242564
17104.16016 0.242571
17105.60938 0.242586
17107.06055 0.242611
17108.50977 0.242637
17109.96094 0.242663
17111.41016 0.242669
17112.85938 0.242675
17114.31055 0.24268
17115.75977 0.242688
17117.21094 0.242697
17118.66992 0.242706
17120.11914 0.242717
17121.57031 0.242744
17123.01953 0.242771
17124.47070 0.242798
17125.92969 0.242806
17127.38086 0.242803
17128.83008 0.2428
17130.27930 0.2428
17131.73047 0.242815
17133.18945 0.242831
17134.64062 0.242846
17136.08984 0.242861
17137.55078 0.242877
17139.00000 0.242892
17140.44922 0.242914
17141.91016 0.242947
17143.35938 0.242981
17144.81055 0.243014
17146.26953 0.243012
17147.72070 0.243004
17149.17969 0.242996
17150.63086 0.243009
17152.08008 0.243047
17153.53906 0.243086
17154.99023 0.243125
17156.44922 0.243125
17157.90039 0.243125
17159.35938 0.243125
17160.81055 0.243131
17162.26953 0.243142
17163.72070 0.243152
17165.17969 0.243165
17166.63086 0.243196
17168.08984 0.243226
17169.53906 0.243257
17171.00000 0.243279
17172.46094 0.243297
17173.91016 0.243316
17175.36914 0.243334
17176.83008 0.243349
17178.27930 0.243365
17179.74023 0.24338
17181.19922 0.243405
17182.65039 0.243433
17184.10938 0.24346
17185.57031 0.243484
17187.02930 0.243504
17188.48047 0.243524
17189.93945 0.243544
17191.40039 0.24355
17192.85938 0.243555
17194.31055 0.243561
17195.76953 0.243577
17197.23047 0.243602
17198.68945 0.243627
17200.15039 0.243654
