threeML/data/optical_filters/HST/NICMOS2-F187N.ecsv
# %ECSV 0.9
# ---
# datatype:
# - {name: wavelength, unit: Angstrom, datatype: float32}
# - {name: response, datatype: float32}
# meta: !!omap
# - {band_name: F187N}
# - {group_name: NICMOS2}
wavelength response
[from data line 1533]
18815.48047 0.215177
18815.66992 0.214709
18815.85938 0.214236
18816.03906 0.213746
18816.23047 0.213178
18816.41992 0.21261
18816.59961 0.212047
18816.78906 0.211479
18816.98047 0.210916
18817.16016 0.210348
18817.34961 0.20978
18817.53906 0.209217
18817.72070 0.208649
18817.91016 0.20808
18818.09961 0.207446
18818.28906 0.20674
18818.47070 0.206042
18818.66016 0.205336
18818.84961 0.20463
18819.02930 0.203932
18819.22070 0.203226
18819.40039 0.202527
18819.58984 0.201821
18819.77930 0.201116
18819.96094 0.200417
18820.15039 0.199684
18820.33984 0.198945
18820.52930 0.198213
18820.71094 0.197474
18820.90039 0.196742
18821.08984 0.196002
18821.26953 0.195263
18821.46094 0.194531
18821.65039 0.193792
18821.83008 0.193053
18822.01953 0.192315
18822.21094 0.191516
18822.39062 0.190726
18822.58008 0.189928
18822.76953 0.18913
18822.94922 0.18834
18823.14062 0.187542
18823.33008 0.186743
18823.50977 0.185953
18823.69922 0.185155
18823.89062 0.184357
18824.07031 0.183559
18824.25977 0.182741
18824.44922 0.181923
18824.63086 0.181114
18824.82031 0.180296
18825.00977 0.179487
18825.19922 0.17867
18825.38086 0.177852
18825.57031 0.177043
18825.75977 0.176225
18825.93945 0.175407
18826.13086 0.174564
18826.32031 0.173696
18826.50000 0.172829
18826.68945 0.17197
18826.88086 0.171103
18827.06055 0.170235
18827.25000 0.169377
18827.43945 0.16851
18827.63086 0.167642
18827.81055 0.166784
18828.00000 0.165916
18828.18945 0.164912
18828.36914 0.163917
18828.56055 0.162911
18828.75000 0.161906
18828.92969 0.160911
18829.11914 0.159905
18829.31055 0.158899
18829.49023 0.157904
18829.67969 0.156898
18829.86914 0.155893
18830.05078 0.154893
18830.24023 0.153871
18830.42969 0.152849
18830.60938 0.151837
18830.80078 0.150815
18830.99023 0.149793
18831.16992 0.148782
18831.35938 0.14776
18831.55078 0.146738
18831.73047 0.145726
18831.91992 0.144704
18832.10938 0.14361
18832.28906 0.142476
18832.48047 0.14133
18832.66992 0.140184
18832.85938 0.13905
18833.03906 0.137904
18833.23047 0.136758
18833.41992 0.135611
18833.59961 0.134477
18833.78906 0.133331
18833.98047 0.132185
18834.16016 0.130948
18834.34961 0.129684
18834.53906 0.12842
18834.72070 0.12717
18834.91016 0.125906
18835.09961 0.124642
18835.28906 0.123392
18835.47070 0.122128
18835.66016 0.120864
18835.84961 0.1196
18836.02930 0.118367
18836.22070 0.117203
18836.41016 0.11604
18836.58984 0.114888
18836.77930 0.113724
18836.97070 0.11256
18837.16016 0.111397
18837.33984 0.110245
18837.52930 0.109081
18837.72070 0.107918
18837.90039 0.106766
18838.08984 0.105706
18838.27930 0.104758
18838.46094 0.10381
18838.65039 0.102873
18838.83984 0.101925
18839.02930 0.100977
18839.21094 0.10004
18839.40039 0.099092
18839.58984 0.098144
18839.76953 0.097197
18839.96094 0.096259
18840.15039 0.095424
18840.33008 0.09462
18840.51953 0.093825
18840.71094 0.093021
18840.89062 0.092217
18841.08008 0.091414
18841.26953 0.090619
18841.46094 0.089815
18841.64062 0.089011
18841.83008 0.088208
18842.01953 0.087418
18842.19922 0.086687
18842.39062 0.085955
18842.58008 0.085231
18842.75977 0.084499
18842.94922 0.083767
18843.14062 0.083035
18843.32031 0.082311
18843.50977 0.081579
18843.69922 0.080848
18843.89062 0.080116
18844.07031 0.079396
18844.25977 0.078677
18844.44922 0.077958
18844.63086 0.077239
18844.82031 0.076527
18845.00977 0.075808
18845.19922 0.075089
18845.38086 0.07437
18845.57031 0.073658
18845.75977 0.072939
18845.93945 0.07222
18846.13086 0.07145
18846.32031 0.070666
18846.50000 0.069874
18846.68945 0.069081
18846.88086 0.068289
18847.06055 0.067505
18847.25000 0.066713
18847.43945 0.06592
18847.63086 0.065128
18847.81055 0.064344
18848.00000 0.063552
18848.18945 0.062969
18848.38086 0.062387
18848.56055 0.061805
18848.75000 0.061228
18848.93945 0.060646
18849.11914 0.060064
18849.31055 0.059481
18849.50000 0.058905
18849.67969 0.058323
18849.86914 0.05774
18850.06055 0.057111
18850.24023 0.056384
18850.42969 0.05565
18850.61914 0.054915
18850.81055 0.054181
18850.99023 0.053447
18851.17969 0.05272
18851.36914 0.051986
18851.55078 0.051251
18851.74023 0.050517
18851.92969 0.049791
18852.11914 0.049222
18852.30078 0.048757
18852.49023 0.048293
18852.67969 0.047828
18852.85938 0.047368
18853.05078 0.046904
18853.24023 0.046439
18853.42969 0.045975
18853.60938 0.04551
18853.80078 0.04505
18853.99023 0.044586
18854.16992 0.044021
18854.35938 0.04345
18854.55078 0.042878
18854.73047 0.042312
18854.91992 0.04174
18855.10938 0.041168
18855.30078 0.040596
18855.48047 0.040024
18855.66992 0.039459
18855.85938 0.038887
18856.03906 0.038376
18856.23047 0.038057
18856.41992 0.037739
18856.60938 0.037424
18856.78906 0.037106
18856.98047 0.036788
18857.16992 0.03647
18857.35938 0.036151
18857.53906 0.035837
18857.73047 0.035518
18857.91992 0.0352
18858.09961 0.034852
18858.28906 0.034479
18858.48047 0.034107
18858.66016 0.033738
18858.84961 0.033366
18859.03906 0.032993
18859.23047 0.03262
18859.41016 0.032248
18859.59961 0.031879
18859.78906 0.031507
18859.97070 0.031134
18860.16016 0.030783
18860.34961 0.030435
18860.53906 0.030087
18860.72070 0.029742
18860.91016 0.029394
18861.09961 0.029046
18861.28906 0.028698
18861.47070 0.02835
18861.66016 0.028002
18861.84961 0.027658
18862.02930 0.027317
18862.22070 0.027008
18862.41016 0.0267
18862.59961 0.026391
18862.77930 0.026082
18862.97070 0.025777
18863.16016 0.025468
18863.33984 0.02516
18863.52930 0.024851
18863.72070 0.024542
18863.91016 0.024234
18864.08984 0.023926
18864.27930 0.023614
18864.47070 0.023303
18864.65039 0.022991
18864.83984 0.022679
18865.02930 0.022367
18865.22070 0.022055
18865.40039 0.021746
18865.58984 0.021434
18865.77930 0.021122
18865.96094 0.02081
18866.15039 0.020624
18866.33984 0.020467
18866.52930 0.020309
18866.71094 0.020154
18866.90039 0.019997
18867.08984 0.019839
18867.27930 0.019682
18867.46094 0.019525
18867.65039 0.019368
18867.83984 0.019211
18868.01953 0.019047
18868.21094 0.018827
18868.40039 0.018607
18868.58984 0.018386
18868.76953 0.018166
18868.96094 0.017946
18869.15039 0.017725
18869.33984 0.017505
18869.51953 0.017287
18869.71094 0.017067
18869.90039 0.016847
18870.08008 0.016672
18870.26953 0.016553
18870.46094 0.016434
18870.65039 0.016315
18870.83008 0.016196
18871.01953 0.016078
18871.21094 0.015959
18871.39062 0.01584
18871.58008 0.015721
18871.76953 0.015602
18871.96094 0.015483
18872.14062 0.015338
18872.33008 0.015186
18872.51953 0.015035
18872.71094 0.014883
18872.89062 0.014731
18873.08008 0.014578
18873.26953 0.014426
18873.46094 0.014273
18873.64062 0.014121
18873.83008 0.013969
18874.01953 0.013819
18874.21094 0.013697
18874.39062 0.013576
18874.58008 0.013454
18874.76953 0.013332
18874.94922 0.01321
18875.14062 0.013088
18875.33008 0.012966
18875.51953 0.012843
18875.69922 0.012721
18875.89062 0.012599
18876.08008 0.012436
18876.25977 0.012217
18876.44922 0.011996
18876.64062 0.011775
18876.83008 0.011554
18877.00977 0.011333
18877.19922 0.011112
18877.39062 0.010891
18877.58008 0.01067
18877.75977 0.010449
18877.94922 0.010228
18878.14062 0.010207
18878.32031 0.010256
18878.50977 0.010306
18878.69922 0.010355
18878.89062 0.010404
18879.07031 0.010454
18879.25977 0.010503
18879.44922 0.010553
18879.64062 0.010602
18879.82031 0.010652
18880.00977 0.010689
18880.19922 0.010541
18880.39062 0.010393
18880.57031 0.010245
18880.75977 0.010098
18880.94922 0.00995
18881.13086 0.009802
18881.32031 0.009654
18881.50977 0.009506
18881.69922 0.009358
18881.88086 0.00921
18882.07031 0.009118
18882.25977 0.009115
18882.44922 0.009112
18882.63086 0.009109
18882.82031 0.009106
18883.00977 0.009103
18883.19922 0.009101
18883.38086 0.009098
18883.57031 0.009095
18883.75977 0.009092
18883.94922 0.009089
18884.13086 0.008946
18884.32031 0.008746
18884.50977 0.008546
18884.69922 0.008346
18884.88086 0.008146
18885.07031 0.007946
18885.25977 0.007746
18885.44922 0.007546
18885.63086 0.007346
18885.82031 0.007145
18886.00977 0.006953
18886.19922 0.006946
18886.38086 0.006939
18886.57031 0.006931
18886.75977 0.006924
18886.94922 0.006916
18887.13086 0.006909
18887.32031 0.006901
18887.50977 0.006894
18887.69922 0.006887
18887.88086 0.006879
18888.07031 0.00686
18888.25977 0.006823
18888.43945 0.006785
18888.63086 0.006748
18888.82031 0.00671
18889.00977 0.006672
18889.18945 0.006634
18889.38086 0.006597
18889.57031 0.006559
18889.75977 0.006521
18889.93945 0.006484
18890.13086 0.006432
18890.32031 0.006374
18890.50977 0.006317
18890.68945 0.006259
18890.88086 0.006201
18891.07031 0.006144
18891.25977 0.006086
18891.43945 0.006028
18891.63086 0.005971
18891.82031 0.005913
18892.00977 0.005855
18892.18945 0.005799
18892.38086 0.005743
18892.57031 0.005687
18892.75977 0.005631
18892.93945 0.005574
18893.13086 0.005518
18893.32031 0.005462
18893.50977 0.005406
18893.68945 0.005349
18893.88086 0.005293
18894.07031 0.005239
18894.25977 0.005189
18894.43945 0.00514
18894.63086 0.00509
18894.82031 0.00504
18895.00977 0.00499
18895.18945 0.004941
18895.38086 0.004891
18895.57031 0.004841
18895.75977 0.004791
18895.93945 0.004741
18896.13086 0.004715
18896.32031 0.004698
18896.50977 0.004681
18896.68945 0.004664
18896.88086 0.004647
18897.07031 0.00463
18897.25977 0.004613
18897.43945 0.004596
18897.63086 0.004579
18897.82031 0.004563
18898.00977 0.004543
18898.18945 0.004426
18898.38086 0.004309
18898.57031 0.004193
18898.75977 0.004076
18898.93945 0.003959
18899.13086 0.003843
18899.32031 0.003726
18899.50977 0.003609
18899.68945 0.003492
18899.88086 0.003376
18900.07031 0.003282
18900.25977 0.003227
18900.43945 0.003172
18900.63086 0.003117
18900.82031 0.003061
18901.00977 0.003006
18901.19922 0.002951
18901.38086 0.002897
18901.57031 0.002842
18901.75977 0.002787
18901.94922 0.002732
18902.13086 0.002771
18902.32031 0.00285
18902.50977 0.002929
18902.69922 0.003007
18902.88086 0.003086
18903.07031 0.003165
18903.25977 0.003244
18903.44922 0.003322
18903.63086 0.003401
18903.82031 0.00348
18904.00977 0.003553
18904.19922 0.003506
18904.38086 0.003458
18904.57031 0.003411
18904.75977 0.003364
18904.94922 0.003316
18905.13086 0.003269
18905.32031 0.003221
18905.50977 0.003174
18905.69922 0.003126
18905.88086 0.003079
18906.07031 0.003038
18906.25977 0.003009
18906.44922 0.00298
18906.63086 0.00295
18906.82031 0.002921
18907.00977 0.002892
18907.19922 0.002862
18907.38086 0.002833
18907.57031 0.002804
18907.75977 0.002774
18907.94922 0.002745
18908.13086 0.002624
18908.32031 0.002466
18908.50977 0.00231
18908.69922 0.002154
18908.89062 0.001998
18909.07031 0.001841
18909.25977 0.001685
18909.44922 0.001529
18909.64062 0.001373
18909.82031 0.001216
18910.00977 0.001079
18910.19922 0.001222
18910.39062 0.001365
18910.57031 0.001508
18910.75977 0.001653
18910.94922 0.001797
18911.14062 0.00194
18911.33008 0.002083
18911.50977 0.002226
18911.69922 0.00237
18911.89062 0.002513
18912.08008 0.002569
18912.25977 0.002498
18912.44922 0.002427
18912.64062 0.002356
18912.83008 0.002284
18913.01953 0.002213
18913.19922 0.002142
18913.39062 0.002071
18913.58008 0.002
18913.76953 0.001929
18913.94922 0.001858
18914.14062 0.001838
18914.33008 0.001836
18914.51953 0.001834
18914.71094 0.001832
18914.89062 0.001829
18915.08008 0.001827
18915.26953 0.001825
18915.46094 0.001823
18915.64062 0.001821
18915.83008 0.001819
18916.01953 0.001818
18916.21094 0.001829
18916.39062 0.001841
18916.58008 0.001853
18916.76953 0.001865
18916.96094 0.001877
18917.14062 0.001888
18917.33008 0.0019
18917.51953 0.001912
18917.71094 0.001924
18917.89062 0.001936
18918.08008 0.001923
18918.26953 0.001879
18918.46094 0.001836
18918.65039 0.001793
18918.83008 0.001749
18919.01953 0.001706
18919.21094 0.001663
18919.40039 0.001619
18919.58984 0.001576
18919.76953 0.001532
18919.96094 0.001489
18920.15039 0.001467
18920.33984 0.00145
18920.51953 0.001433
18920.71094 0.001417
18920.90039 0.0014
18921.08984 0.001383
18921.27930 0.001366
18921.46094 0.00135
18921.65039 0.001333
18921.83984 0.001316
18922.02930 0.001313
18922.21094 0.001393
18922.40039 0.001475
18922.58984 0.001555
18922.77930 0.001636
18922.96094 0.001716
18923.15039 0.001797
18923.33984 0.001877
18923.52930 0.001958
18923.72070 0.002039
18923.90039 0.002119
18924.08984 0.002129
18924.27930 0.002065
18924.47070 0.002001
18924.65039 0.001937
18924.83984 0.001873
18925.02930 0.001809
18925.22070 0.001745
18925.41016 0.001681
18925.58984 0.001617
18925.77930 0.001553
18925.97070 0.001489
18926.16016 0.001465
18926.34961 0.001448
18926.52930 0.001432
18926.72070 0.001416
18926.91016 0.0014
18927.09961 0.001384
18927.28906 0.001367
18927.47070 0.001351
18927.66016 0.001335
18927.84961 0.001319
18928.03906 0.001307
18928.22070 0.001314
18928.41016 0.001321
18928.59961 0.001329
18928.78906 0.001336
18928.97070 0.001343
18929.16016 0.00135
18929.34961 0.001357
18929.53906 0.001365
18929.73047 0.001372
18929.91016 0.001379
18930.09961 0.001365
18930.28906 0.001334
18930.48047 0.001303
18930.66992 0.001272
18930.84961 0.00124
18931.03906 0.001209
18931.23047 0.001178
18931.41992 0.001147
18931.60938 0.001115
18931.78906 0.001084
18931.98047 0.001053
18932.16992 0.001048
18932.35938 0.001046
18932.53906 0.001044
18932.73047 0.001043
18932.91992 0.001041
18933.10938 0.001039
18933.28906 0.001037
18933.48047 0.001035
18933.66992 0.001033
18933.85938 0.001031
18934.05078 0.001028
18934.23047 0.001022
18934.41992 0.001015
18934.60938 0.001009
18934.80078 0.001002
18934.99023 0.000995
18935.16992 0.000989
18935.35938 0.000982
18935.55078 0.000976
18935.74023 0.000969
18935.92969 0.000963
18936.10938 0.00094
18936.30078 0.000907
18936.49023 0.000874
18936.67969 0.000842
18936.86914 0.000809
18937.05078 0.000776
18937.24023 0.000743
18937.42969 0.000711
18937.61914 0.000678
18937.80078 0.000645
18937.99023 0.000612
18938.17969 0.000664
18938.36914 0.000719
18938.56055 0.000774
18938.74023 0.000829
18938.92969 0.000885
18939.11914 0.00094
18939.31055 0.000995
18939.50000 0.00105
18939.68945 0.001105
18939.86914 0.00116
18940.06055 0.001157
18940.25000 0.001033
18940.43945 0.000907
18940.61914 0.000783
18940.81055 0.000658
18941.00000 0.000534
18941.18945 0.000408
20835.30859 0.0
