threeML/data/optical_filters/HST/NICMOS3-F166N.ecsv
# %ECSV 0.9
# ---
# datatype:
# - {name: wavelength, unit: Angstrom, datatype: float32}
# - {name: response, datatype: float32}
# meta: !!omap
# - {band_name: F166N}
# - {group_name: NICMOS3}
wavelength response
[from data line 767]
16494.48047 0.092013
16494.64062 0.092896
16494.80078 0.09379
16494.97070 0.094673
16495.13086 0.095556
16495.28906 0.096439
16495.44922 0.097322
16495.61914 0.098206
16495.77930 0.099089
16495.93945 0.099972
16496.09961 0.1008
16496.25977 0.101594
16496.42969 0.102388
16496.58984 0.103182
16496.75000 0.103976
16496.91016 0.10477
16497.07031 0.105565
16497.24023 0.106359
16497.40039 0.107153
16497.56055 0.107947
16497.72070 0.108742
16497.88086 0.109536
16498.05078 0.110403
16498.21094 0.111448
16498.36914 0.112493
16498.52930 0.113538
16498.69922 0.114583
16498.85938 0.115628
16499.01953 0.116674
16499.17969 0.117719
16499.33984 0.118764
16499.50977 0.11981
16499.66992 0.120855
16499.83008 0.121901
16499.99023 0.122959
16500.16016 0.123772
16500.32031 0.124576
16500.48047 0.125381
16500.64062 0.126185
16500.80078 0.126989
16500.97070 0.127794
16501.13086 0.128598
16501.28906 0.129403
16501.44922 0.130207
16501.61914 0.131012
16501.77930 0.131817
16501.93945 0.132621
16502.09961 0.133501
16502.25977 0.134427
16502.42969 0.135352
16502.58984 0.136277
16502.75000 0.137202
16502.91016 0.138127
16503.08008 0.139064
16503.24023 0.139989
16503.40039 0.140914
16503.56055 0.14184
16503.72070 0.142765
16503.89062 0.143691
16504.05078 0.144562
16504.21094 0.145307
16504.36914 0.146052
16504.53906 0.146797
16504.69922 0.147542
16504.85938 0.148287
16505.01953 0.149033
16505.17969 0.149778
16505.34961 0.150523
16505.50977 0.151277
16505.66992 0.152023
16505.83008 0.152768
16506.00000 0.153513
16506.16016 0.154383
16506.32031 0.155255
16506.48047 0.156127
16506.64062 0.156999
16506.81055 0.157872
16506.97070 0.158744
16507.13086 0.159616
16507.28906 0.160489
16507.46094 0.161361
16507.61914 0.162245
16507.77930 0.163117
16507.93945 0.16399
16508.10938 0.164714
16508.26953 0.165357
16508.42969 0.166001
16508.58984 0.166645
16508.75000 0.167289
16508.91992 0.167932
16509.08008 0.168576
16509.24023 0.16922
16509.40039 0.169864
16509.57031 0.170516
16509.73047 0.171159
16509.89062 0.171803
16510.05078 0.172484
16510.21094 0.173239
16510.38086 0.173994
16510.53906 0.174749
16510.69922 0.175505
16510.85938 0.17626
16511.02930 0.177015
16511.18945 0.17778
16511.34961 0.178536
16511.50977 0.179291
16511.67969 0.180047
16511.83984 0.180802
16512.00000 0.181558
16512.16016 0.182045
16512.32031 0.182532
16512.49023 0.183018
16512.65039 0.183505
16512.81055 0.183998
16512.97070 0.184485
16513.14062 0.184972
16513.30078 0.185459
16513.46094 0.185946
16513.61914 0.186433
16513.78906 0.18692
16513.94922 0.187408
16514.10938 0.187891
16514.26953 0.188379
16514.43945 0.188861
16514.59961 0.189343
16514.75977 0.189826
16514.91992 0.190308
16515.08008 0.19079
16515.25000 0.191272
16515.41016 0.191754
16515.57031 0.192243
16515.73047 0.192725
16515.90039 0.193207
16516.06055 0.193642
16516.22070 0.193994
16516.38086 0.194346
16516.53906 0.194698
16516.71094 0.19505
16516.86914 0.195406
16517.02930 0.195758
16517.19922 0.19611
16517.35938 0.196462
16517.51953 0.196815
16517.67969 0.197166
16517.83984 0.197519
16518.00977 0.197869
16518.16992 0.198088
16518.33008 0.198307
16518.49023 0.198527
16518.66016 0.198746
16518.82031 0.198965
16518.98047 0.199185
16519.14062 0.199404
16519.31055 0.199626
16519.47070 0.199846
16519.63086 0.200065
16519.78906 0.200285
16519.96094 0.200504
16520.11914 0.200681
16520.27930 0.200842
16520.43945 0.201004
16520.60938 0.201165
16520.76953 0.201325
16520.92969 0.201486
16521.08984 0.201647
16521.25000 0.201807
16521.41992 0.20197
16521.58008 0.20213
16521.74023 0.202291
16521.90039 0.202452
16522.07031 0.202562
16522.23047 0.202598
16522.39062 0.202635
16522.55078 0.202672
16522.72070 0.202709
16522.88086 0.202746
16523.03906 0.202783
16523.19922 0.20282
16523.36914 0.202856
16523.52930 0.202894
16523.68945 0.20293
16523.84961 0.202967
16524.01953 0.203001
16524.17969 0.203008
16524.33984 0.203015
16524.50000 0.203022
16524.66992 0.203029
16524.83008 0.203036
16524.99023 0.203043
16525.15039 0.203049
16525.31055 0.203057
16525.48047 0.203063
16525.64062 0.20307
16525.80078 0.203077
16525.96094 0.203084
16526.13086 0.203044
16526.28906 0.202991
16526.44922 0.202938
16526.61914 0.202885
16526.77930 0.202832
16526.93945 0.20278
16527.09961 0.202727
16527.26953 0.202673
16527.42969 0.20262
16527.58984 0.202567
16527.75000 0.202514
16527.91016 0.202462
16528.08008 0.202378
16528.24023 0.20226
16528.40039 0.202143
16528.56055 0.202025
16528.73047 0.201908
16528.89062 0.201791
16529.05078 0.201672
16529.21094 0.201555
16529.38086 0.201437
16529.53906 0.20132
16529.69922 0.201203
16529.86914 0.201084
16530.02930 0.200965
16530.18945 0.200839
16530.34961 0.200713
16530.50977 0.200588
16530.67969 0.20046
16530.83984 0.200334
16531.00000 0.200208
16531.16016 0.200082
16531.33008 0.199957
16531.49023 0.199829
16531.65039 0.199703
16531.81055 0.199577
16531.98047 0.199451
16532.14062 0.199292
16532.30078 0.199125
16532.46094 0.19896
16532.63086 0.198796
16532.78906 0.198631
16532.94922 0.198466
16533.11914 0.198299
16533.27930 0.198134
16533.43945 0.197969
16533.59961 0.197804
16533.75977 0.197639
16533.92969 0.197472
16534.08984 0.197326
16534.25000 0.197193
16534.41016 0.197061
16534.58008 0.196927
16534.74023 0.196794
16534.90039 0.196662
16535.06055 0.19653
16535.23047 0.196397
16535.39062 0.196263
16535.55078 0.196131
16535.71094 0.195998
16535.88086 0.195866
16536.03906 0.195718
16536.19922 0.195531
16536.36914 0.195344
16536.52930 0.195157
16536.68945 0.194971
16536.84961 0.194781
16537.01953 0.194595
16537.17969 0.194408
16537.33984 0.194221
16537.50000 0.194032
16537.66992 0.193845
16537.83008 0.193658
16537.99023 0.193471
16538.15039 0.193348
16538.32031 0.19323
16538.48047 0.193112
16538.64062 0.192995
16538.80078 0.192876
16538.97070 0.192758
16539.13086 0.192641
16539.28906 0.192523
16539.44922 0.192406
16539.61914 0.192286
16539.77930 0.192169
16539.93945 0.192051
16540.09961 0.191926
16540.26953 0.191796
16540.42969 0.191667
16540.58984 0.191539
16540.75000 0.19141
16540.91992 0.191279
16541.08008 0.191151
16541.24023 0.191022
16541.40039 0.190893
16541.57031 0.190762
16541.73047 0.190634
16541.89062 0.190505
16542.05078 0.190372
16542.22070 0.190229
16542.38086 0.190087
16542.53906 0.189946
16542.71094 0.189804
16542.86914 0.189662
16543.02930 0.189521
16543.18945 0.18938
16543.35938 0.189237
16543.51953 0.189096
16543.67969 0.188954
16543.83984 0.188813
16544.00977 0.188672
16544.16992 0.188575
16544.33008 0.188477
16544.49023 0.18838
16544.66016 0.188281
16544.82031 0.188184
16544.98047 0.188086
16545.15039 0.187987
16545.31055 0.18789
16545.47070 0.187792
16545.63086 0.187694
16545.80078 0.187596
16545.96094 0.187498
16546.11914 0.187406
16546.27930 0.187316
16546.44922 0.187225
16546.60938 0.187135
16546.76953 0.187045
16546.93945 0.186953
16547.09961 0.186863
16547.25977 0.186773
16547.41992 0.186683
16547.58984 0.186592
16547.75000 0.186502
16547.91016 0.186412
16548.07031 0.186343
16548.24023 0.186302
16548.40039 0.186261
16548.56055 0.18622
16548.72070 0.186179
16548.89062 0.186138
16549.05078 0.186097
16549.21094 0.186055
16549.38086 0.186014
16549.53906 0.185974
16549.69922 0.185933
16549.85938 0.185891
16550.02930 0.185848
16550.18945 0.185793
16550.34961 0.185738
16550.50977 0.185683
16550.67969 0.185628
16550.83984 0.185572
16551.00000 0.185517
16551.16016 0.185462
16551.33008 0.185407
16551.49023 0.185352
16551.65039 0.185297
16551.81055 0.185242
16551.98047 0.185186
16552.14062 0.185173
16552.30078 0.185167
16552.47070 0.18516
16552.63086 0.185154
16552.78906 0.185147
16552.94922 0.18514
16553.11914 0.185134
16553.27930 0.185127
16553.43945 0.185121
16553.60938 0.185114
16553.76953 0.185107
16553.92969 0.185101
16554.08984 0.185102
16554.25977 0.18511
16554.41992 0.185117
16554.58008 0.185124
16554.74023 0.185131
16554.91016 0.185139
16555.07031 0.185146
16555.23047 0.185153
16555.39062 0.185161
16555.56055 0.185168
16555.72070 0.185175
16555.88086 0.185183
16556.05078 0.185193
16556.21094 0.185212
16556.36914 0.18523
16556.53906 0.185249
16556.69922 0.185267
16556.85938 0.185285
16557.01953 0.185304
16557.18945 0.185323
16557.34961 0.185341
16557.50977 0.18536
16557.66992 0.185378
16557.83984 0.185397
16558.00000 0.185415
16558.16016 0.185451
16558.32031 0.185487
16558.49023 0.185523
16558.65039 0.185559
16558.81055 0.185595
16558.98047 0.185632
16559.14062 0.185667
16559.30078 0.185703
16559.46094 0.18574
16559.63086 0.185776
16559.78906 0.185811
16559.94922 0.185848
16560.11914 0.185894
16560.27930 0.185944
16560.43945 0.185994
16560.59961 0.186044
16560.76953 0.186094
16560.92969 0.186144
16561.08984 0.186195
16561.25000 0.186244
16561.41992 0.186295
16561.58008 0.186345
16561.74023 0.186395
16561.91016 0.186445
16562.07031 0.186511
16562.23047 0.186598
16562.39062 0.186685
16562.56055 0.186772
16562.72070 0.186859
16562.88086 0.186946
16563.03906 0.187032
16563.21094 0.18712
16563.36914 0.187207
16563.52930 0.187293
16563.69922 0.187381
16563.85938 0.187468
16564.01953 0.187553
16564.18945 0.187621
16564.34961 0.18769
16564.50977 0.18776
16564.66992 0.187829
16564.83984 0.187897
16565.00000 0.187967
16565.16016 0.188036
16565.33008 0.188105
16565.49023 0.188174
16565.65039 0.188243
16565.81055 0.188312
16565.98047 0.188381
16566.14062 0.188474
16566.30078 0.188572
16566.46094 0.188668
16566.63086 0.188766
16566.78906 0.188863
16566.94922 0.188959
16567.11914 0.189057
16567.27930 0.189154
16567.43945 0.18925
16567.60938 0.189348
16567.76953 0.189445
16567.92969 0.189543
16568.08984 0.189656
16568.25977 0.189781
16568.41992 0.189908
16568.58008 0.190034
16568.75000 0.190161
16568.91016 0.190286
16569.07031 0.190411
16569.23047 0.190538
16569.40039 0.190664
16569.56055 0.190791
16569.72070 0.190916
16569.88086 0.191042
16570.05078 0.191164
16570.21094 0.191275
16570.36914 0.191386
16570.53906 0.191498
16570.69922 0.191609
16570.85938 0.191722
16571.02930 0.191833
16571.18945 0.191944
16571.34961 0.192056
16571.50977 0.192167
16571.67969 0.192279
16571.83984 0.19239
16572.00000 0.192503
16572.16992 0.192613
16572.33008 0.192723
16572.49023 0.192834
16572.65039 0.192944
16572.82031 0.193056
16572.98047 0.193166
16573.14062 0.193276
16573.31055 0.193388
16573.47070 0.193498
16573.63086 0.193609
16573.78906 0.19372
16573.96094 0.19383
16574.11914 0.193953
16574.27930 0.194079
16574.44922 0.194207
16574.60938 0.194333
16574.76953 0.194461
16574.93945 0.194587
16575.09961 0.194713
16575.25977 0.194841
16575.41992 0.194967
16575.58984 0.195095
16575.75000 0.195221
16575.91016 0.195349
16576.08008 0.195484
16576.24023 0.19563
16576.40039 0.195777
16576.56055 0.195922
16576.73047 0.19607
16576.89062 0.196215
16577.05078 0.196363
16577.22070 0.196508
16577.38086 0.196654
16577.53906 0.196801
16577.71094 0.196947
16577.86914 0.197094
16578.02930 0.19723
16578.19922 0.197328
16578.35938 0.197424
16578.51953 0.197521
16578.67969 0.197619
16578.84961 0.197715
16579.00977 0.197813
16579.16992 0.197909
16579.33984 0.198007
16579.50000 0.198103
16579.66016 0.198201
16579.82031 0.198297
16579.99023 0.198394
16580.15039 0.198524
16580.31055 0.198656
16580.48047 0.19879
16580.64062 0.198921
16580.80078 0.199055
16580.96094 0.199187
16581.13086 0.19932
16581.28906 0.199452
16581.46094 0.199585
16581.61914 0.199717
16581.77930 0.199849
16581.93945 0.199983
16582.10938 0.200128
16582.26953 0.200282
16582.42969 0.200434
16582.59961 0.200589
16582.75977 0.200741
16582.91992 0.200895
16583.08008 0.201048
16583.25000 0.201202
16583.41016 0.201354
16583.57031 0.201507
16583.74023 0.201661
16583.90039 0.201814
16584.06055 0.201946
16584.22070 0.20204
16584.39062 0.202135
16584.55078 0.20223
16584.71094 0.202325
16584.88086 0.20242
16585.03906 0.202515
16585.19922 0.20261
16585.36914 0.202705
16585.52930 0.2028
16585.68945 0.202895
16585.85938 0.20299
16586.01953 0.203087
16586.17969 0.203191
16586.34961 0.203296
16586.50977 0.2034
16586.66992 0.203505
16586.83008 0.20361
16587.00000 0.203714
16587.16016 0.20382
16587.32031 0.203924
16587.49023 0.20403
16587.65039 0.204134
16587.81055 0.204239
16587.97070 0.204344
16588.14062 0.204459
16588.30078 0.204574
16588.46094 0.204691
16588.63086 0.204806
16588.78906 0.204923
16588.94922 0.205039
16589.11914 0.205156
16589.27930 0.205271
16589.43945 0.205388
16589.60938 0.205504
16589.76953 0.20562
16589.92969 0.205736
16590.09961 0.205824
16590.25977 0.205891
16590.41992 0.205959
16590.58008 0.206026
16590.75000 0.206094
16590.91016 0.206161
16591.07031 0.206229
16591.24023 0.206296
16591.40039 0.206364
16591.56055 0.20643
16591.73047 0.206498
16591.89062 0.206565
16592.05078 0.206645
16592.21094 0.206746
16592.38086 0.206849
16592.53906 0.206951
16592.71094 0.207055
16592.86914 0.207156
16593.02930 0.207259
16593.18945 0.207361
16593.35938 0.207464
16593.51953 0.207566
16593.67969 0.207669
16593.84961 0.207771
16594.00977 0.207871
16594.16992 0.207909
16594.33984 0.207948
16594.50000 0.207987
16594.66016 0.208025
16594.83008 0.208064
16594.99023 0.208103
16595.15039 0.208142
16595.31055 0.20818
16595.48047 0.208219
16595.64062 0.208258
16595.80078 0.208296
16595.97070 0.208335
16596.13086 0.208366
16596.28906 0.208395
16596.46094 0.208424
16596.61914 0.208453
16596.77930 0.208482
16596.94922 0.208511
16597.10938 0.20854
16597.26953 0.208569
16597.43945 0.208598
16597.59961 0.208627
16597.75977 0.208656
16597.92969 0.208685
16598.08984 0.208697
16598.25000 0.208694
16598.41016 0.208691
16598.58008 0.208688
16598.74023 0.208685
16598.90039 0.208682
16599.07031 0.20868
16599.23047 0.208677
16599.39062 0.208674
16599.56055 0.208671
16599.72070 0.208668
16599.88086 0.208665
16600.05078 0.208668
16600.21094 0.208684
16600.36914 0.208701
16600.53906 0.208718
16600.69922 0.208734
16600.85938 0.208751
16601.02930 0.208767
16601.18945 0.208784
16601.34961 0.208801
16601.51953 0.208817
16601.67969 0.208834
16601.83984 0.20885
16602.00000 0.208866
16602.16992 0.208834
16602.33008 0.208803
16602.49023 0.208772
16602.66016 0.20874
16602.82031 0.208709
16602.98047 0.208678
16603.15039 0.208647
16603.31055 0.208615
16603.47070 0.208584
16603.64062 0.208552
16603.80078 0.208521
16603.96094 0.20849
16604.13086 0.208467
16604.28906 0.208448
16604.44922 0.208428
16604.61914 0.208408
16604.77930 0.208388
16604.93945 0.208369
16605.10938 0.208349
16605.26953 0.208329
16605.42969 0.208309
16605.59961 0.208289
16605.75977 0.20827
16605.91992 0.20825
16606.08984 0.208208
16606.25000 0.208148
16606.41016 0.208086
16606.57031 0.208025
16606.74023 0.207964
16606.90039 0.207903
16607.06055 0.207842
16607.23047 0.20778
16607.39062 0.207719
16607.55078 0.207658
16607.72070 0.207597
16607.88086 0.207536
16608.03906 0.207469
16608.21094 0.207389
16608.36914 0.207307
16608.52930 0.207227
16608.69922 0.207146
16608.85938 0.207065
16609.01953 0.206984
16609.18945 0.206903
16609.34961 0.206822
16609.50977 0.206741
16609.67969 0.20666
16609.83984 0.206579
16610.00000 0.206498
16610.16992 0.206414
16610.33008 0.206329
16610.49023 0.206244
16610.66016 0.206159
16610.82031 0.206074
16610.98047 0.20599
16611.15039 0.205905
16611.31055 0.205821
16611.47070 0.205736
16611.64062 0.205651
16611.80078 0.205567
16611.96094 0.205482
16612.11914 0.205384
16612.28906 0.205281
16612.44922 0.205177
16612.61914 0.205075
16612.77930 0.204972
16612.93945 0.204869
16613.10938 0.204767
16613.26953 0.204664
16613.42969 0.204562
16613.59961 0.204458
16613.75977 0.204355
16613.91992 0.204253
16614.08984 0.20413
16614.25000 0.203991
16614.41016 0.20385
16614.58008 0.203709
16614.74023 0.203569
16614.90039 0.203428
16615.07031 0.203287
16615.23047 0.203148
16615.39062 0.203007
16615.55078 0.202867
16615.72070 0.202726
16615.88086 0.202585
16616.03906 0.202443
16616.21094 0.20229
16616.36914 0.202137
16616.53906 0.201986
16616.69922 0.201832
16616.85938 0.201681
16617.02930 0.201528
16617.18945 0.201376
16617.34961 0.201224
16617.51953 0.201071
16617.67969 0.200918
16617.83984 0.200767
16618.00977 0.200612
16618.16992 0.200408
16618.33008 0.200206
16618.50000 0.200002
16618.66016 0.199798
