threeML/data/optical_filters/HST/NICMOS2-F187W.ecsv
# %ECSV 0.9
# ---
# datatype:
# - {name: wavelength, unit: Angstrom, datatype: float32}
# - {name: response, datatype: float32}
# meta: !!omap
# - {band_name: F187W}
# - {group_name: NICMOS2}
wavelength response
[from data line 3065]
19331.42969 0.1945
19332.25977 0.194369
19333.08008 0.194191
19333.91016 0.194013
19334.74023 0.193781
19335.56055 0.193542
19336.39062 0.193376
19337.21094 0.193293
19338.03906 0.193218
19338.86914 0.193304
19339.69922 0.193391
19340.51953 0.193135
19341.34961 0.19268
19342.16992 0.192377
19343.00000 0.192644
19343.83008 0.192911
19344.65039 0.192943
19345.48047 0.192912
19346.31055 0.19283
19347.13086 0.192659
19347.96094 0.192488
19348.78906 0.19239
19349.61914 0.192295
19350.43945 0.19212
19351.26953 0.191873
19352.09961 0.191653
19352.91992 0.191629
19353.75000 0.191605
19354.58008 0.191739
19355.40039 0.191942
19356.23047 0.191968
19357.06055 0.191537
19357.89062 0.191106
19358.71094 0.190866
19359.53906 0.190656
19360.36914 0.190538
19361.19922 0.190536
19362.01953 0.190521
19362.84961 0.190067
19363.67969 0.189611
19364.50977 0.189617
19365.33008 0.189916
19366.16016 0.190144
19366.99023 0.19007
19367.82031 0.189996
19368.64062 0.189755
19369.47070 0.189466
19370.30078 0.189419
19371.13086 0.189799
19371.96094 0.190179
19372.77930 0.190119
19373.60938 0.190035
19374.43945 0.189743
19375.26953 0.189266
19376.08984 0.188815
19376.91992 0.188564
19377.75000 0.188314
19378.58008 0.188497
19379.41016 0.188868
19380.23047 0.188987
19381.06055 0.188468
19381.89062 0.187948
19382.72070 0.187691
19383.55078 0.187475
19384.38086 0.187343
19385.21094 0.187311
19386.02930 0.187286
19386.85938 0.187413
19387.68945 0.187541
19388.51953 0.187593
19389.34961 0.187599
19390.17969 0.187535
19391.00000 0.187211
19391.83008 0.186887
19392.66016 0.186927
19393.49023 0.18706
19394.32031 0.187086
19395.15039 0.186944
19395.98047 0.186802
19396.81055 0.186719
19397.63086 0.186638
19398.46094 0.186483
19399.28906 0.186271
19400.11914 0.186088
19400.94922 0.18608
19401.77930 0.186072
19402.60938 0.185931
19403.43945 0.185742
19404.26953 0.18558
19405.09961 0.185471
19405.92969 0.185362
19406.75977 0.184994
19407.58984 0.184601
19408.41016 0.184573
19409.24023 0.18491
19410.07031 0.185222
19410.90039 0.185276
19411.73047 0.185331
19412.56055 0.184888
19413.39062 0.184208
19414.22070 0.183816
19415.05078 0.184213
19415.88086 0.18461
19416.71094 0.18459
19417.53906 0.1845
19418.36914 0.184209
19419.19922 0.18367
19420.02930 0.183151
19420.85938 0.183159
19421.68945 0.183166
19422.51953 0.183376
19423.34961 0.183706
19424.17969 0.183932
19425.00977 0.183779
19425.83984 0.183625
19426.66992 0.183827
19427.50000 0.184113
19428.33008 0.184053
19429.16016 0.183472
19429.99023 0.182892
19430.82031 0.182882
19431.65039 0.182879
19432.48047 0.182989
19433.31055 0.183181
19434.14062 0.183344
19434.97070 0.183365
19435.80078 0.183386
19436.63086 0.183128
19437.47070 0.182783
19438.30078 0.18246
19439.13086 0.182172
19439.96094 0.181884
19440.78906 0.181993
19441.61914 0.182122
19442.44922 0.182078
19443.27930 0.181886
19444.10938 0.181721
19444.93945 0.181725
19445.77930 0.181729
19446.60938 0.181432
19447.43945 0.181023
19448.26953 0.180825
19449.09961 0.181071
19449.92969 0.181316
19450.75977 0.181381
19451.58984 0.181429
19452.41992 0.181476
19453.25977 0.181522
19454.08984 0.181543
19454.91992 0.181349
19455.75000 0.181154
19456.58008 0.180863
19457.41016 0.180528
19458.24023 0.180295
19459.08008 0.180309
19459.91016 0.180322
19460.74023 0.180208
19461.57031 0.180077
19462.40039 0.180045
19463.23047 0.18012
19464.07031 0.180186
19464.90039 0.180155
19465.73047 0.180124
19466.56055 0.179925
19467.39062 0.179644
19468.22070 0.179458
19469.06055 0.179528
19469.89062 0.179598
19470.72070 0.179595
19471.55078 0.17958
19472.38086 0.179531
19473.22070 0.17944
19474.05078 0.179359
19474.88086 0.179415
19475.71094 0.179471
19476.55078 0.179038
19477.38086 0.178351
19478.21094 0.177948
19479.03906 0.178381
19479.88086 0.178813
19480.71094 0.178818
19481.53906 0.17875
19482.36914 0.178583
19483.21094 0.178296
19484.03906 0.178043
19484.86914 0.178454
19485.71094 0.178867
19486.53906 0.178732
19487.36914 0.178295
19488.19922 0.178053
19489.03906 0.178406
19489.86914 0.178761
19490.69922 0.178474
19491.53906 0.178066
19492.36914 0.177867
19493.19922 0.17793
19494.02930 0.177967
19494.86914 0.177401
19495.69922 0.176837
19496.52930 0.176756
19497.36914 0.176948
19498.19922 0.177162
19499.02930 0.177445
19499.86914 0.177728
19500.69922 0.17764
19501.52930 0.17748
19502.36914 0.177264
19503.19922 0.176976
19504.02930 0.176703
19504.86914 0.176814
19505.69922 0.176924
19506.52930 0.177068
19507.36914 0.17723
19508.19922 0.177222
19509.03906 0.176675
19509.86914 0.176129
19510.69922 0.176472
19511.53906 0.176979
19512.36914 0.177102
19513.19922 0.176744
19514.03906 0.176386
19514.86914 0.176043
19515.71094 0.1757
19516.53906 0.175481
19517.36914 0.175332
19518.21094 0.175327
19519.03906 0.17576
19519.88086 0.176193
19520.71094 0.176238
19521.53906 0.176215
19522.38086 0.176194
19523.21094 0.176174
19524.05078 0.176158
19524.88086 0.176199
19525.72070 0.17624
19526.55078 0.176062
19527.38086 0.175772
19528.22070 0.175492
19529.05078 0.175242
19529.89062 0.174992
19530.72070 0.175024
19531.56055 0.1751
19532.39062 0.175098
19533.23047 0.17501
19534.06055 0.174928
19534.90039 0.174923
19535.73047 0.174918
19536.57031 0.174854
19537.40039 0.174763
19538.24023 0.174682
19539.07031 0.174625
19539.91016 0.174569
19540.74023 0.174558
19541.58008 0.174553
19542.41016 0.17454
19543.25000 0.174519
19544.08008 0.174472
19544.91992 0.174188
19545.75000 0.173904
19546.58984 0.17374
19547.41992 0.173624
19548.25977 0.173616
19549.09961 0.173847
19549.92969 0.174077
19550.76953 0.174112
19551.59961 0.174128
19552.43945 0.174165
19553.26953 0.174221
19554.10938 0.174232
19554.93945 0.173933
19555.77930 0.173634
19556.61914 0.173284
19557.44922 0.172914
19558.28906 0.172762
19559.11914 0.173026
19559.96094 0.17329
19560.78906 0.173274
19561.63086 0.173244
19562.47070 0.17328
19563.30078 0.173369
19564.14062 0.173431
19564.97070 0.173361
19565.81055 0.17329
19566.65039 0.173179
19567.48047 0.173056
19568.32031 0.172876
19569.16016 0.172602
19569.99023 0.172329
19570.83008 0.172599
19571.66016 0.172873
19572.50000 0.172896
19573.33984 0.172747
19574.16992 0.172673
19575.00977 0.172876
19575.84961 0.173079
19576.67969 0.172892
19577.51953 0.172617
19578.35938 0.172448
19579.18945 0.17242
19580.02930 0.17239
19580.86914 0.172311
19581.69922 0.172233
19582.53906 0.172167
19583.38086 0.172108
19584.21094 0.172016
19585.05078 0.171828
19585.89062 0.171639
19586.72070 0.171599
19587.56055 0.171582
19588.40039 0.171634
19589.24023 0.171761
19590.07031 0.171914
19590.91016 0.172321
19591.75000 0.172727
19592.58984 0.172571
19593.41992 0.172173
19594.25977 0.171915
19595.09961 0.171967
19595.93945 0.17202
19596.76953 0.171688
19597.60938 0.171324
19598.44922 0.171262
19599.28906 0.171464
19600.11914 0.171606
19600.96094 0.171401
19601.80078 0.171195
19602.64062 0.171215
19603.47070 0.171307
19604.31055 0.171268
19605.15039 0.171007
19605.99023 0.170747
19606.82031 0.170927
19607.66016 0.171114
19608.50000 0.171254
19609.33984 0.171363
19610.17969 0.171406
19611.01953 0.171203
19611.84961 0.171
19612.68945 0.170555
19613.52930 0.170059
19614.36914 0.169775
19615.21094 0.169765
19616.03906 0.169764
19616.88086 0.169941
19617.72070 0.170118
19618.56055 0.170328
19619.40039 0.170554
19620.24023 0.170773
19621.07031 0.170975
19621.91016 0.171177
19622.75000 0.170688
19623.58984 0.170119
19624.42969 0.169997
19625.26953 0.1703
19626.10938 0.170517
19626.94922 0.170135
19627.77930 0.169753
19628.61914 0.16955
19629.46094 0.169409
19630.30078 0.169301
19631.14062 0.169253
19631.98047 0.169205
19632.82031 0.169536
19633.66016 0.169877
19634.50000 0.170042
19635.33008 0.170085
19636.16992 0.17007
19637.00977 0.169828
19637.84961 0.169585
19638.68945 0.169516
19639.52930 0.169484
19640.36914 0.169432
19641.21094 0.169355
19642.05078 0.169296
19642.89062 0.169531
19643.73047 0.169766
19644.57031 0.169773
19645.41016 0.169669
19646.25000 0.169606
19647.08984 0.169641
19647.92969 0.169677
19648.76953 0.169482
19649.60938 0.169265
19650.43945 0.169189
19651.27930 0.16924
19652.11914 0.169235
19652.96094 0.168905
19653.80078 0.168574
19654.64062 0.168672
19655.48047 0.1689
19656.32031 0.169044
19657.16016 0.169055
19658.00000 0.169065
19658.83984 0.168772
19659.67969 0.168479
19660.51953 0.168411
19661.36914 0.168478
19662.21094 0.168568
19663.03906 0.168728
19663.88086 0.168889
19664.72070 0.168814
19665.57031 0.168702
19666.41016 0.168566
19667.25000 0.168406
19668.08984 0.168246
19668.92969 0.168099
19669.76953 0.167951
19670.60938 0.168121
19671.44922 0.16841
19672.28906 0.168513
19673.13086 0.16826
19673.97070 0.168007
19674.81055 0.167759
19675.65039 0.167511
19676.49023 0.167555
19677.33984 0.167804
19678.17969 0.167959
19679.01953 0.16776
19679.85938 0.167562
19680.69922 0.167454
19681.53906 0.167365
19682.38086 0.16735
19683.22070 0.167425
19684.06055 0.167513
19684.90039 0.167769
19685.75000 0.168025
19686.58984 0.16799
19687.42969 0.167829
19688.26953 0.167787
19689.10938 0.167999
19689.94922 0.16821
19690.78906 0.168033
19691.64062 0.167832
19692.48047 0.167876
19693.32031 0.168106
19694.16016 0.168172
19695.00000 0.167537
19695.83984 0.166902
19696.68945 0.166855
19697.52930 0.166941
19698.36914 0.167056
19699.21094 0.167206
19700.05078 0.167326
19700.89062 0.166997
19701.74023 0.166667
19702.58008 0.166721
19703.41992 0.16695
19704.25977 0.167151
19705.10938 0.167292
19705.94922 0.167433
19706.78906 0.167444
19707.63086 0.167448
19708.47070 0.167203
19709.32031 0.166766
19710.16016 0.166391
19711.00000 0.166285
19711.83984 0.166179
19712.68945 0.16614
19713.52930 0.166117
19714.36914 0.166136
19715.21094 0.166208
19716.05078 0.166277
19716.90039 0.166317
19717.74023 0.166355
19718.58008 0.166563
19719.42969 0.166844
19720.26953 0.166983
19721.10938 0.166818
19721.96094 0.166653
19722.80078 0.166436
19723.64062 0.166216
19724.48047 0.166229
19725.33008 0.166416
19726.16992 0.16656
19727.00977 0.166533
19727.85938 0.166507
19728.69922 0.166138
19729.53906 0.165697
19730.38086 0.165775
19731.23047 0.166467
19732.07031 0.167071
19732.91016 0.166669
19733.75977 0.166268
19734.59961 0.166086
19735.43945 0.165993
19736.28906 0.165929
19737.13086 0.165919
19737.97070 0.16591
19738.82031 0.166064
19739.66016 0.166223
19740.50977 0.166209
19741.34961 0.166081
19742.18945 0.16596
19743.03906 0.165865
19743.88086 0.16577
19744.72070 0.165687
19745.57031 0.165605
19746.41016 0.16557
19747.25977 0.165584
19748.09961 0.165554
19748.93945 0.165207
19749.78906 0.16486
19750.63086 0.165059
19751.47070 0.165443
19752.32031 0.16558
19753.16016 0.165312
19754.00977 0.165049
19754.84961 0.165191
19755.69922 0.165332
19756.53906 0.165316
19757.38086 0.165211
19758.23047 0.165104
19759.07031 0.164993
19759.91992 0.164883
19760.75977 0.164831
19761.60938 0.164784
19762.44922 0.164544
19763.28906 0.164134
19764.14062 0.163868
19764.98047 0.164322
19765.83008 0.164777
19766.66992 0.164716
19767.51953 0.164524
19768.35938 0.164376
19769.21094 0.164287
19770.05078 0.164212
19770.90039 0.16435
19771.74023 0.164488
19772.58984 0.164161
19773.42969 0.163631
19774.27930 0.163409
19775.11914 0.16381
19775.97070 0.164213
19776.81055 0.164058
19777.66016 0.163882
19778.50000 0.163773
19779.34961 0.16371
19780.19922 0.163605
19781.03906 0.163364
19781.88086 0.163124
19782.73047 0.163307
19783.58008 0.163556
19784.41992 0.163556
19785.26953 0.163306
19786.10938 0.163061
19786.96094 0.162852
19787.80078 0.162644
19788.65039 0.162823
19789.50000 0.163119
19790.33984 0.163133
19791.18945 0.162734
19792.02930 0.162362
19792.88086 0.162689
19793.72070 0.163016
19794.57031 0.162759
19795.41992 0.16222
19796.25977 0.161869
19797.10938 0.161938
19797.96094 0.162007
19798.80078 0.162053
19799.65039 0.162098
19800.49023 0.161945
19801.33984 0.161651
19802.18945 0.161444
19803.02930 0.161546
19803.88086 0.161649
19804.72070 0.161482
19805.57031 0.16127
19806.41992 0.161273
19807.25977 0.1615
19808.10938 0.161611
19808.96094 0.160942
19809.80078 0.160275
19810.65039 0.160089
19811.50000 0.16005
19812.33984 0.160029
19813.18945 0.160036
19814.03906 0.160039
19814.88086 0.159986
19815.73047 0.159933
19816.58008 0.160041
19817.41992 0.160226
19818.26953 0.160261
19819.11914 0.159976
19819.96094 0.15969
19820.81055 0.159463
19821.66016 0.159238
19822.50977 0.15917
19823.34961 0.159208
19824.19922 0.159211
19825.05078 0.159099
19825.89062 0.158988
19826.74023 0.158839
19827.58984 0.158686
19828.43945 0.158504
19829.27930 0.158294
19830.13086 0.158125
19830.98047 0.158175
19831.83008 0.158225
19832.66992 0.15807
19833.51953 0.157861
19834.36914 0.157706
19835.22070 0.15762
19836.06055 0.157523
19836.91016 0.157279
19837.75977 0.157036
19838.60938 0.15686
19839.46094 0.15671
19840.30078 0.156531
19841.15039 0.156301
19842.00000 0.156071
19842.84961 0.155846
19843.69922 0.155622
19844.53906 0.155602
19845.39062 0.155698
19846.24023 0.15574
19847.08984 0.155646
19847.93945 0.155552
19848.77930 0.155273
19849.63086 0.154979
19850.48047 0.154797
19851.33008 0.154699
19852.17969 0.154562
19853.02930 0.154278
19853.86914 0.153994
19854.72070 0.153665
19855.57031 0.153328
19856.41992 0.15311
19857.26953 0.153014
19858.11914 0.152883
19858.96094 0.152538
19859.81055 0.152193
19860.66016 0.152361
19861.50977 0.152673
19862.35938 0.152685
19863.21094 0.15229
19864.06055 0.151894
19864.91016 0.15149
19865.75977 0.151084
19866.60938 0.1509
19867.44922 0.150807
19868.30078 0.150619
19869.15039 0.150263
19870.00000 0.149907
19870.84961 0.149737
19871.69922 0.149566
19872.55078 0.149251
19873.40039 0.148856
19874.25000 0.148555
19875.09961 0.148483
19875.94922 0.148411
19876.78906 0.148026
19877.64062 0.14762
19878.49023 0.147332
19879.33984 0.147129
19880.18945 0.146902
19881.03906 0.146593
19881.89062 0.146284
19882.74023 0.146386
19883.58984 0.146548
19884.43945 0.146464
19885.28906 0.146152
19886.14062 0.145848
19886.99023 0.145588
19887.83984 0.145326
19888.68945 0.144851
19889.53906 0.144326
19890.39062 0.143878
19891.24023 0.14352
19892.08984 0.143159
19892.93945 0.142778
19893.78906 0.142397
19894.64062 0.142098
19895.49023 0.141828
19896.33984 0.141657
19897.18945 0.141637
19898.03906 0.141594
19898.89062 0.141122
19899.74023 0.140649
19900.58984 0.140238
19901.44922 0.139854
19902.28906 0.139501
19903.15039 0.139207
19904.00000 0.138912
19904.84961 0.138588
19905.69922 0.138264
19906.55078 0.138036
19907.40039 0.137862
19908.25000 0.137587
19909.09961 0.137072
19909.94922 0.136555
19910.80078 0.136601
19911.65039 0.13668
19912.50000 0.136234
19913.35938 0.135426
19914.21094 0.134766
19915.06055 0.134572
19915.91016 0.134378
19916.75977 0.133966
19917.60938 0.133528
19918.46094 0.133126
19919.31055 0.132751
19920.16016 0.13239
19921.01953 0.132088
19921.86914 0.131785
19922.72070 0.131423
19923.57031 0.13105
19924.41992 0.130619
19925.26953 0.130131
19926.13086 0.129627
19926.98047 0.129034
19927.83008 0.128441
19928.67969 0.128113
19929.52930 0.127851
19930.38086 0.127619
19931.23047 0.127422
19932.08984 0.127186
19932.93945 0.126604
19933.78906 0.126021
19934.64062 0.125514
19935.49023 0.12503
19936.34961 0.124557
19937.19922 0.124097
19938.05078 0.123645
19938.90039 0.123307
19939.75000 0.12297
19940.60938 0.122705
19941.46094 0.122468
19942.31055 0.122067
19943.16016 0.121381
19944.01953 0.120697
19944.86914 0.120191
19945.72070 0.119684
19946.57031 0.119329
19947.41992 0.119049
19948.27930 0.118621
19949.13086 0.117888
19949.98047 0.117153
19950.83008 0.117001
19951.68945 0.116861
19952.53906 0.116504
19953.39062 0.116019
19954.25000 0.115528
19955.09961 0.115022
19955.94922 0.114515
19956.80078 0.114137
19957.66016 0.113767
19958.50977 0.113276
19959.35938 0.112706
19960.21094 0.112149
19961.07031 0.111636
19961.91992 0.111122
19962.77930 0.110715
19963.63086 0.110319
19964.48047 0.109901
19965.33008 0.109468
19966.18945 0.109044
19967.03906 0.108653
19967.89062 0.108261
19968.75000 0.107486
19969.59961 0.106659
19970.44922 0.106135
19971.31055 0.105881
19972.16016 0.105596
19973.00977 0.105176
