threeML/data/optical_filters/HST/NICMOS3-F240M.ecsv
# %ECSV 0.9
# ---
# datatype:
# - {name: wavelength, unit: Angstrom, datatype: float32}
# - {name: response, datatype: float32}
# meta: !!omap
# - {band_name: F240M}
# - {group_name: NICMOS3}
wavelength response
[from data line 5363]
24196.39062 0.321412
24196.78906 0.321415
24197.19922 0.321418
24197.59961 0.321422
24198.00000 0.321425
24198.41016 0.321428
24198.81055 0.321431
24199.21094 0.321435
24199.61914 0.321438
24200.01953 0.321441
24200.42969 0.321432
24200.83008 0.321423
24201.23047 0.321414
24201.64062 0.321406
24202.03906 0.321397
24202.43945 0.321388
24202.84961 0.32138
24203.25000 0.321371
24203.66016 0.321362
24204.06055 0.321353
24204.46094 0.321344
24204.86914 0.321336
24205.26953 0.321325
24205.67969 0.321313
24206.08008 0.321301
24206.48047 0.321289
24206.89062 0.321277
24207.28906 0.321265
24207.68945 0.321253
24208.09961 0.321241
24208.50000 0.321229
24208.91016 0.321217
24209.31055 0.321205
24209.71094 0.321193
24210.11914 0.32117
24210.51953 0.321118
24210.92969 0.321067
24211.33008 0.321015
24211.73047 0.320964
24212.14062 0.320913
24212.53906 0.320861
24212.94922 0.32081
24213.34961 0.320758
24213.75000 0.320707
24214.16016 0.320655
24214.56055 0.320604
24214.96094 0.320553
24215.36914 0.32052
24215.76953 0.32049
24216.17969 0.320459
24216.58008 0.320429
24216.99023 0.320398
24217.39062 0.320368
24217.78906 0.320337
24218.19922 0.320306
24218.59961 0.320276
24219.00977 0.320245
24219.41016 0.320215
24219.81055 0.320184
24220.22070 0.320158
24220.61914 0.320135
24221.02930 0.320112
24221.42969 0.320089
24221.83008 0.320066
24222.24023 0.320043
24222.64062 0.32002
24223.05078 0.319997
24223.44922 0.319974
24223.85938 0.319951
24224.25977 0.319928
24224.66016 0.319905
24225.07031 0.31989
24225.47070 0.319912
24225.88086 0.319935
24226.27930 0.319957
24226.68945 0.319979
24227.08984 0.320001
24227.49023 0.320024
24227.90039 0.320046
24228.30078 0.320068
24228.71094 0.320091
24229.10938 0.320113
24229.50977 0.320135
24229.91992 0.320158
24230.32031 0.320126
24230.73047 0.32008
24231.13086 0.320034
24231.53906 0.319988
24231.93945 0.319942
24232.33984 0.319896
24232.75000 0.31985
24233.15039 0.319804
24233.56055 0.319758
24233.96094 0.319712
24234.36914 0.319667
24234.76953 0.31962
24235.16992 0.319594
24235.58008 0.319594
24235.98047 0.319593
24236.39062 0.319593
24236.78906 0.319593
24237.19922 0.319592
24237.59961 0.319592
24238.00977 0.319591
24238.41016 0.319591
24238.81055 0.31959
24239.22070 0.31959
24239.61914 0.31959
24240.02930 0.319586
24240.42969 0.319544
24240.83984 0.319501
24241.24023 0.319459
24241.64062 0.319417
24242.05078 0.319374
24242.44922 0.319332
24242.85938 0.319289
24243.25977 0.319247
24243.66992 0.319204
24244.07031 0.319162
24244.48047 0.319119
24244.88086 0.319077
24245.28906 0.319044
24245.68945 0.319015
24246.08984 0.318986
24246.50000 0.318957
24246.90039 0.318928
24247.31055 0.318899
24247.71094 0.31887
24248.11914 0.318841
24248.51953 0.318812
24248.92969 0.318782
24249.33008 0.318753
24249.74023 0.318724
24250.14062 0.318692
24250.53906 0.318655
24250.94922 0.318618
24251.34961 0.318581
24251.75977 0.318544
24252.16016 0.318507
24252.57031 0.31847
24252.97070 0.318433
24253.38086 0.318395
24253.77930 0.318358
24254.18945 0.318321
24254.58984 0.318284
24255.00000 0.318247
24255.40039 0.318224
24255.80078 0.318201
24256.21094 0.318178
24256.61914 0.318155
24257.01953 0.318131
24257.41992 0.318108
24257.83008 0.318085
24258.23047 0.318062
24258.64062 0.318039
24259.03906 0.318016
24259.44922 0.317993
24259.84961 0.31797
24260.25977 0.317949
24260.66016 0.317929
24261.07031 0.31791
24261.47070 0.317891
24261.88086 0.317871
24262.27930 0.317851
24262.68945 0.317832
24263.08984 0.317812
24263.50000 0.317793
24263.90039 0.317773
24264.30078 0.317753
24264.71094 0.317734
24265.11914 0.317715
24265.51953 0.317698
24265.91992 0.317681
24266.33008 0.317664
24266.73047 0.317646
24267.14062 0.317629
24267.53906 0.317612
24267.94922 0.317595
24268.34961 0.317578
24268.75977 0.317561
24269.16016 0.317544
24269.57031 0.317527
24269.97070 0.31751
24270.38086 0.317466
24270.77930 0.31742
24271.18945 0.317374
24271.58984 0.317328
24272.00000 0.317282
24272.40039 0.317236
24272.81055 0.31719
24273.21094 0.317145
24273.61914 0.317099
24274.01953 0.317053
24274.42969 0.317007
24274.83008 0.316961
24275.24023 0.316931
24275.64062 0.316911
24276.05078 0.316892
24276.44922 0.316872
24276.85938 0.316853
24277.25977 0.316833
24277.66992 0.316814
24278.07031 0.316794
24278.48047 0.316775
24278.88086 0.316756
24279.28906 0.316736
24279.68945 0.316717
24280.09961 0.316687
24280.50000 0.316626
24280.91016 0.316565
24281.31055 0.316504
24281.72070 0.316443
24282.11914 0.316382
24282.52930 0.316321
24282.93945 0.31626
24283.33984 0.316199
24283.74023 0.316138
24284.15039 0.316076
24284.55078 0.316015
24284.96094 0.315954
24285.36914 0.31593
24285.76953 0.31591
24286.17969 0.315889
24286.58008 0.315869
24286.99023 0.315849
24287.39062 0.315829
24287.80078 0.315808
24288.19922 0.315788
24288.60938 0.315768
24289.00977 0.315748
24289.41992 0.315728
24289.82031 0.315707
24290.23047 0.315672
24290.63086 0.315625
24291.03906 0.315578
24291.43945 0.315531
24291.84961 0.315484
24292.25000 0.315437
24292.66016 0.31539
24293.06055 0.315343
24293.47070 0.315296
24293.86914 0.315248
24294.27930 0.315201
24294.68945 0.315154
24295.08984 0.31511
24295.50000 0.315073
24295.90039 0.315037
24296.31055 0.315001
24296.71094 0.314964
24297.11914 0.314928
24297.51953 0.314892
24297.92969 0.314855
24298.33984 0.314819
24298.74023 0.314783
24299.15039 0.314746
24299.55078 0.31471
24299.96094 0.314673
24300.35938 0.31464
24300.76953 0.314608
24301.16992 0.314575
24301.58008 0.314542
24301.98047 0.314509
24302.39062 0.314476
24302.78906 0.314444
24303.19922 0.314411
24303.60938 0.314378
24304.00977 0.314345
24304.41992 0.314313
24304.82031 0.31428
24305.23047 0.314234
24305.63086 0.314178
24306.03906 0.314121
24306.44922 0.314065
24306.84961 0.314009
24307.25977 0.313952
24307.66016 0.313896
24308.07031 0.31384
24308.47070 0.313783
24308.88086 0.313727
24309.27930 0.313671
24309.68945 0.313614
24310.08984 0.313565
24310.50000 0.313541
24310.91016 0.313516
24311.31055 0.313492
24311.72070 0.313467
24312.11914 0.313443
24312.52930 0.313418
24312.92969 0.313393
24313.33984 0.313369
24313.75000 0.313344
24314.15039 0.31332
24314.56055 0.313295
24314.96094 0.31327
24315.36914 0.313221
24315.76953 0.313169
24316.17969 0.313116
24316.58008 0.313064
24316.99023 0.313012
24317.40039 0.31296
24317.80078 0.312907
24318.21094 0.312855
24318.60938 0.312803
24319.01953 0.312751
24319.42969 0.312698
24319.83008 0.312646
24320.24023 0.312589
24320.64062 0.312528
24321.05078 0.312467
24321.44922 0.312406
24321.85938 0.312345
24322.26953 0.312283
24322.66992 0.312222
24323.08008 0.312161
24323.48047 0.3121
24323.89062 0.312039
24324.28906 0.311978
24324.69922 0.311917
24325.10938 0.311868
24325.50977 0.311851
24325.91992 0.311835
24326.32031 0.311818
24326.73047 0.311802
24327.13086 0.311786
24327.53906 0.311769
24327.94922 0.311753
24328.34961 0.311736
24328.75977 0.31172
24329.16992 0.311704
24329.57031 0.311687
24329.98047 0.311671
24330.38086 0.311633
24330.78906 0.311595
24331.19922 0.311556
24331.59961 0.311517
24332.00977 0.311479
24332.41016 0.31144
24332.82031 0.311401
24333.22070 0.311363
24333.63086 0.311324
24334.03906 0.311285
24334.43945 0.311246
24334.84961 0.311208
24335.25000 0.311163
24335.66016 0.311114
24336.07031 0.311065
24336.47070 0.311017
24336.88086 0.310968
24337.28906 0.310919
24337.68945 0.31087
24338.09961 0.310821
24338.50000 0.310773
24338.91016 0.310724
24339.31055 0.310675
24339.72070 0.310626
24340.13086 0.310574
24340.52930 0.310515
24340.93945 0.310455
24341.34961 0.310396
24341.75000 0.310337
24342.16016 0.310278
24342.56055 0.310218
24342.97070 0.310159
24343.38086 0.310099
24343.77930 0.31004
24344.18945 0.309981
24344.59961 0.309922
24345.00000 0.309862
24345.41016 0.309844
24345.81055 0.309826
24346.22070 0.309807
24346.61914 0.309789
24347.02930 0.309771
24347.43945 0.309752
24347.83984 0.309734
24348.25000 0.309715
24348.66016 0.309697
24349.06055 0.309679
24349.47070 0.30966
24349.88086 0.309642
24350.27930 0.309587
24350.68945 0.309517
24351.08984 0.309446
24351.50000 0.309375
24351.91016 0.309304
24352.31055 0.309234
24352.72070 0.309163
24353.13086 0.309092
24353.52930 0.309022
24353.93945 0.308951
24354.34961 0.30888
24354.75000 0.30881
24355.16016 0.308742
24355.56055 0.308682
24355.97070 0.308621
24356.38086 0.30856
24356.77930 0.308499
24357.18945 0.308438
24357.59961 0.308377
24358.00000 0.308316
24358.41016 0.308255
24358.81055 0.308194
24359.22070 0.308133
24359.63086 0.308072
24360.03906 0.308015
24360.43945 0.307998
24360.84961 0.307981
24361.25000 0.307964
24361.66016 0.307948
24362.07031 0.307931
24362.47070 0.307914
24362.88086 0.307897
24363.28906 0.307881
24363.68945 0.307864
24364.09961 0.307847
24364.50977 0.30783
24364.91016 0.307813
24365.32031 0.307748
24365.72070 0.30767
24366.13086 0.307592
24366.53906 0.307513
24366.94922 0.307435
24367.34961 0.307357
24367.75977 0.307279
24368.16016 0.307201
24368.57031 0.307123
24368.98047 0.307045
24369.38086 0.306966
24369.78906 0.306888
24370.19922 0.306829
24370.59961 0.30679
24371.00977 0.306752
24371.41992 0.306713
24371.82031 0.306674
24372.23047 0.306635
24372.64062 0.306596
24373.03906 0.306558
24373.44922 0.306519
24373.85938 0.30648
24374.25977 0.306442
24374.66992 0.306403
24375.08008 0.306364
24375.48047 0.306327
24375.89062 0.30629
24376.30078 0.306252
24376.69922 0.306215
24377.10938 0.306178
24377.51953 0.30614
24377.91992 0.306103
24378.33008 0.306066
24378.74023 0.306028
24379.14062 0.305991
24379.55078 0.305954
24379.96094 0.305917
24380.36914 0.305862
24380.76953 0.305805
24381.17969 0.305749
24381.58008 0.305692
24381.99023 0.305636
24382.40039 0.305579
24382.80078 0.305523
24383.21094 0.305466
24383.61914 0.305409
24384.02930 0.305353
24384.42969 0.305296
24384.83984 0.305239
24385.25000 0.305194
24385.65039 0.305156
24386.06055 0.305118
24386.47070 0.305081
24386.86914 0.305043
24387.27930 0.305005
24387.68945 0.304967
24388.08984 0.304929
24388.50000 0.304891
24388.91016 0.304853
24389.31055 0.304815
24389.72070 0.304777
24390.13086 0.304736
24390.53906 0.304687
24390.93945 0.304638
24391.34961 0.304589
24391.75977 0.30454
24392.16016 0.304491
24392.57031 0.304443
24392.98047 0.304393
24393.38086 0.304345
24393.78906 0.304296
24394.19922 0.304247
24394.60938 0.304198
24395.00977 0.30415
24395.41992 0.304113
24395.83008 0.304076
24396.23047 0.304039
24396.64062 0.304003
24397.05078 0.303966
24397.46094 0.303929
24397.85938 0.303893
24398.26953 0.303856
24398.67969 0.303819
24399.08008 0.303782
24399.49023 0.303745
24399.90039 0.303709
24400.30078 0.303671
24400.71094 0.303632
24401.11914 0.303594
24401.52930 0.303555
24401.92969 0.303517
24402.33984 0.303478
24402.75000 0.30344
24403.15039 0.303401
24403.56055 0.303363
24403.97070 0.303325
24404.36914 0.303286
24404.77930 0.303248
24405.18945 0.303198
24405.59961 0.303135
24406.00000 0.303073
24406.41016 0.30301
24406.82031 0.302948
24407.23047 0.302885
24407.63086 0.302823
24408.03906 0.30276
24408.44922 0.302698
24408.85938 0.302635
24409.25977 0.302572
24409.66992 0.30251
24410.08008 0.302449
24410.48047 0.302393
24410.89062 0.302337
24411.30078 0.302281
24411.71094 0.302226
24412.10938 0.30217
24412.51953 0.302114
24412.92969 0.302059
24413.33984 0.302003
24413.74023 0.301947
24414.15039 0.301892
24414.56055 0.301836
24414.96094 0.30178
24415.36914 0.301717
24415.77930 0.301653
24416.18945 0.301589
24416.58984 0.301526
24417.00000 0.301462
24417.41016 0.301398
24417.82031 0.301334
24418.22070 0.30127
24418.63086 0.301206
24419.03906 0.301142
24419.44922 0.301079
24419.84961 0.301015
24420.25977 0.300959
24420.66992 0.300909
24421.08008 0.300858
24421.48047 0.300808
24421.89062 0.300758
24422.30078 0.300707
24422.71094 0.300657
24423.10938 0.300606
24423.51953 0.300556
24423.92969 0.300505
24424.33984 0.300455
24424.74023 0.300405
24425.15039 0.300349
24425.56055 0.300286
24425.96094 0.300223
24426.36914 0.30016
24426.77930 0.300096
24427.18945 0.300033
24427.59961 0.29997
24428.00000 0.299907
24428.41016 0.299844
24428.82031 0.299781
24429.23047 0.299717
24429.63086 0.299654
24430.03906 0.299592
24430.44922 0.299546
24430.85938 0.299499
24431.25977 0.299452
24431.66992 0.299405
24432.08008 0.299359
24432.49023 0.299312
24432.89062 0.299265
24433.30078 0.299218
24433.71094 0.299172
24434.11914 0.299125
24434.52930 0.299078
24434.92969 0.299031
24435.33984 0.298974
24435.75000 0.298914
24436.16016 0.298855
24436.56055 0.298795
24436.97070 0.298735
24437.38086 0.298676
24437.78906 0.298616
24438.19922 0.298557
24438.59961 0.298497
24439.00977 0.298438
24439.41992 0.298378
24439.83008 0.298319
24440.23047 0.298273
24440.64062 0.298239
24441.05078 0.298204
24441.46094 0.298169
24441.86914 0.298134
24442.26953 0.298099
24442.67969 0.298065
24443.08984 0.29803
24443.50000 0.297995
24443.90039 0.29796
24444.31055 0.297926
24444.72070 0.297891
24445.13086 0.297846
24445.53906 0.29778
24445.93945 0.297714
24446.34961 0.297648
24446.75977 0.297582
24447.16992 0.297516
24447.57031 0.297451
24447.98047 0.297384
24448.39062 0.297318
24448.80078 0.297252
24449.21094 0.297187
24449.60938 0.297121
24450.01953 0.297057
24450.42969 0.297032
24450.83984 0.297008
24451.25000 0.296983
24451.65039 0.296959
24452.06055 0.296934
24452.47070 0.296909
24452.88086 0.296885
24453.28906 0.29686
24453.68945 0.296836
24454.09961 0.296811
24454.50977 0.296786
24454.91992 0.296762
24455.33008 0.296709
24455.73047 0.29665
24456.14062 0.29659
24456.55078 0.29653
24456.96094 0.29647
24457.36914 0.29641
24457.76953 0.29635
24458.17969 0.296291
24458.58984 0.296231
24459.00000 0.296171
24459.41016 0.296111
24459.81055 0.296051
24460.22070 0.296006
24460.63086 0.295973
24461.03906 0.295939
24461.44922 0.295905
24461.85938 0.295872
24462.25977 0.295839
24462.66992 0.295805
24463.08008 0.295772
24463.49023 0.295738
24463.89062 0.295705
24464.30078 0.295671
24464.71094 0.295638
24465.11914 0.295605
24465.52930 0.295573
24465.93945 0.295542
24466.33984 0.29551
24466.75000 0.295478
24467.16016 0.295447
24467.57031 0.295415
24467.98047 0.295383
24468.38086 0.295352
24468.78906 0.29532
24469.19922 0.295288
24469.60938 0.295257
24470.01953 0.295225
24470.42969 0.295185
24470.83984 0.295146
24471.24023 0.295107
24471.65039 0.295068
24472.06055 0.295029
24472.47070 0.29499
24472.88086 0.29495
24473.28906 0.294911
24473.68945 0.294872
24474.09961 0.294833
24474.50977 0.294794
24474.91992 0.294754
24475.33008 0.294698
24475.73047 0.294637
24476.14062 0.294576
24476.55078 0.294515
24476.96094 0.294454
24477.36914 0.294393
24477.77930 0.294332
24478.18945 0.294271
24478.58984 0.29421
24479.00000 0.294149
24479.41016 0.294088
24479.82031 0.294027
24480.23047 0.293972
24480.64062 0.293921
24481.03906 0.29387
24481.44922 0.29382
24481.85938 0.293769
24482.26953 0.293718
24482.67969 0.293667
24483.08984 0.293616
24483.49023 0.293565
24483.90039 0.293514
24484.31055 0.293464
24484.72070 0.293413
24485.13086 0.293376
24485.53906 0.293369
24485.94922 0.293363
24486.35938 0.293356
24486.75977 0.29335
24487.16992 0.293343
24487.58008 0.293336
24487.99023 0.29333
24488.40039 0.293323
24488.81055 0.293316
24489.21094 0.29331
24489.61914 0.293303
24490.02930 0.293291
24490.43945 0.293213
24490.84961 0.293134
24491.25977 0.293056
24491.66992 0.292978
24492.07031 0.2929
24492.48047 0.292821
24492.89062 0.292743
24493.30078 0.292665
24493.71094 0.292587
24494.11914 0.292509
24494.52930 0.29243
24494.93945 0.292352
24495.33984 0.292362
24495.75000 0.292389
24496.16016 0.292416
24496.57031 0.292443
24496.98047 0.292469
24497.39062 0.292496
24497.80078 0.292523
24498.21094 0.29255
24498.60938 0.292576
24499.01953 0.292603
24499.42969 0.29263
24499.83984 0.292657
24500.25000 0.292649
24500.66016 0.29262
24501.07031 0.292591
24501.47070 0.292562
24501.88086 0.292532
24502.28906 0.292503
24502.69922 0.292474
24503.10938 0.292444
24503.51953 0.292415
24503.92969 0.292386
24504.33984 0.292357
24504.75000 0.292328
24505.15039 0.292286
24505.56055 0.292224
24505.97070 0.292162
24506.38086 0.292101
24506.78906 0.292039
