threeML/data/optical_filters/HST/NICMOS3-F200N.ecsv
# %ECSV 0.9
# ---
# datatype:
# - {name: wavelength, unit: Angstrom, datatype: float32}
# - {name: response, datatype: float32}
# meta: !!omap
# - {band_name: F200N}
# - {group_name: NICMOS3}
wavelength response
[from data line 766]
19899.19922 0.229911
19899.40039 0.229979
19899.59961 0.230047
19899.80078 0.230115
19900.00000 0.230183
19900.19922 0.230344
19900.40039 0.230504
19900.59961 0.230665
19900.80078 0.230825
19901.00000 0.230986
19901.19922 0.231148
19901.40039 0.231308
19901.59961 0.231469
19901.80078 0.231629
19902.00000 0.23179
19902.19922 0.231637
19902.39062 0.231478
19902.58984 0.231318
19902.78906 0.231157
19902.99023 0.230998
19903.18945 0.230838
19903.39062 0.230679
19903.58984 0.23052
19903.78906 0.23036
19903.99023 0.230201
19904.18945 0.230149
19904.39062 0.230102
19904.58984 0.230056
19904.78906 0.23001
19904.99023 0.229964
19905.18945 0.229918
19905.39062 0.229872
19905.58984 0.229825
19905.78906 0.229779
19905.99023 0.229733
19906.18945 0.229547
19906.38086 0.229351
19906.58008 0.229155
19906.78906 0.228957
19906.98047 0.22876
19907.17969 0.228564
19907.38086 0.228368
19907.58008 0.228172
19907.77930 0.227975
19907.98047 0.227779
19908.17969 0.22762
19908.38086 0.227466
19908.58008 0.227313
19908.77930 0.227159
19908.98047 0.227005
19909.17969 0.226852
19909.38086 0.226697
19909.58008 0.226543
19909.77930 0.226389
19909.98047 0.226236
19910.17969 0.226114
19910.36914 0.225996
19910.58008 0.225877
19910.77930 0.22576
19910.97070 0.225642
19911.16992 0.225524
19911.36914 0.225406
19911.57031 0.225288
19911.76953 0.22517
19911.97070 0.225052
19912.16992 0.224943
19912.36914 0.224836
19912.57031 0.224728
19912.76953 0.22462
19912.97070 0.224512
19913.16992 0.224405
19913.36914 0.224297
19913.57031 0.22419
19913.76953 0.224081
19913.97070 0.223974
19914.16992 0.223768
19914.36914 0.223543
19914.57031 0.223319
19914.76953 0.223092
19914.97070 0.222868
19915.16992 0.222644
19915.36914 0.222419
19915.56055 0.222195
19915.76953 0.221968
19915.96094 0.221744
19916.16016 0.221609
19916.35938 0.221493
19916.56055 0.221378
19916.75977 0.221261
19916.96094 0.221145
19917.16016 0.221029
19917.35938 0.220914
19917.56055 0.220798
19917.75977 0.220681
19917.96094 0.220566
19918.16016 0.220425
19918.35938 0.220277
19918.56055 0.22013
19918.75977 0.219981
19918.96094 0.219834
19919.16016 0.219687
19919.35938 0.21954
19919.56055 0.219391
19919.75977 0.219244
19919.96094 0.219096
19920.16016 0.219056
19920.35938 0.219045
19920.56055 0.219033
19920.75977 0.219022
19920.96094 0.21901
19921.15039 0.218999
19921.35938 0.218988
19921.55078 0.218976
19921.75000 0.218965
19921.94922 0.218954
19922.15039 0.218835
19922.34961 0.218685
19922.55078 0.218535
19922.75000 0.218385
19922.94922 0.218234
19923.15039 0.218084
19923.34961 0.217934
19923.55078 0.217784
19923.75000 0.217634
19923.94922 0.217482
19924.15039 0.217413
19924.34961 0.217369
19924.55078 0.217326
19924.75000 0.217281
19924.94922 0.217238
19925.15039 0.217194
19925.34961 0.217151
19925.55078 0.217107
19925.75000 0.217063
19925.94922 0.21702
19926.15039 0.21696
19926.34961 0.216894
19926.55078 0.216828
19926.75000 0.216762
19926.94922 0.216696
19927.15039 0.21663
19927.34961 0.216564
19927.53906 0.216498
19927.75000 0.216432
19927.94922 0.216366
19928.14062 0.216369
19928.33984 0.216399
19928.53906 0.216429
19928.74023 0.216459
19928.93945 0.216489
19929.14062 0.216518
19929.33984 0.216549
19929.53906 0.216578
19929.74023 0.216608
19929.93945 0.216638
19930.14062 0.216501
19930.33984 0.216297
19930.53906 0.216094
19930.74023 0.215889
19930.93945 0.215685
19931.14062 0.215482
19931.33984 0.215278
19931.53906 0.215073
19931.74023 0.214869
19931.93945 0.214666
19932.14062 0.214641
19932.33984 0.214693
19932.53906 0.214745
19932.74023 0.214797
19932.93945 0.214849
19933.14062 0.214901
19933.33984 0.214953
19933.53906 0.215005
19933.74023 0.215057
19933.93945 0.215109
19934.14062 0.215147
19934.33984 0.21518
19934.53906 0.215212
19934.74023 0.215245
19934.93945 0.215277
19935.14062 0.21531
19935.33984 0.215342
19935.53906 0.215375
19935.74023 0.215407
19935.93945 0.21544
19936.14062 0.215445
19936.33984 0.215438
19936.53906 0.215431
19936.73047 0.215424
19936.93945 0.215417
19937.13086 0.21541
19937.33008 0.215403
19937.53906 0.215395
19937.73047 0.215389
19937.92969 0.215381
19938.13086 0.215424
19938.33008 0.21549
19938.52930 0.215556
19938.73047 0.215623
19938.92969 0.215689
19939.13086 0.215755
19939.33008 0.215822
19939.52930 0.215888
19939.73047 0.215954
19939.92969 0.216021
19940.13086 0.216051
19940.33008 0.216063
19940.52930 0.216076
19940.73047 0.216088
19940.92969 0.216101
19941.13086 0.216113
19941.33008 0.216125
19941.52930 0.216138
19941.73047 0.21615
19941.92969 0.216163
19942.13086 0.216249
19942.33008 0.216373
19942.52930 0.216499
19942.73047 0.216623
19942.92969 0.216749
19943.13086 0.216873
19943.33008 0.216998
19943.52930 0.217124
19943.73047 0.217248
19943.92969 0.217372
19944.13086 0.217486
19944.33008 0.217592
19944.52930 0.217697
19944.73047 0.217804
19944.92969 0.21791
19945.13086 0.218016
19945.33008 0.218123
19945.52930 0.218228
19945.73047 0.218334
19945.92969 0.218441
19946.13086 0.218569
19946.33008 0.218708
19946.52930 0.218849
19946.73047 0.218989
19946.92969 0.21913
19947.13086 0.219269
19947.33008 0.219409
19947.52930 0.21955
19947.73047 0.219689
19947.92969 0.219829
19948.13086 0.219928
19948.33008 0.220003
19948.52930 0.220078
19948.73047 0.220153
19948.92969 0.220228
19949.13086 0.220304
19949.33008 0.220378
19949.52930 0.220453
19949.73047 0.220529
19949.92969 0.220604
19950.13086 0.220665
19950.33008 0.22072
19950.52930 0.220774
19950.73047 0.220829
19950.92969 0.220883
19951.13086 0.220937
19951.33008 0.220992
19951.52930 0.221046
19951.73047 0.221101
19951.92969 0.221155
19952.13086 0.221335
19952.33008 0.221589
19952.52930 0.221841
19952.73047 0.222093
19952.92969 0.222347
19953.13086 0.222599
19953.33008 0.222853
19953.52930 0.223105
19953.73047 0.223357
19953.92969 0.223611
19954.13086 0.223758
19954.33008 0.223845
19954.52930 0.22393
19954.73047 0.224016
19954.92969 0.224103
19955.13086 0.224189
19955.33008 0.224276
19955.52930 0.224362
19955.73047 0.224448
19955.92969 0.224534
19956.13086 0.224654
19956.33008 0.224794
19956.52930 0.224932
19956.73047 0.225072
19956.92969 0.225211
19957.13086 0.225349
19957.33008 0.225489
19957.52930 0.225628
19957.73047 0.225768
19957.92969 0.225906
19958.13086 0.226018
19958.33008 0.226116
19958.52930 0.226213
19958.73047 0.22631
19958.92969 0.226407
19959.13086 0.226505
19959.33008 0.226602
19959.52930 0.226699
19959.73047 0.226797
19959.92969 0.226894
19960.13086 0.227008
19960.33008 0.22713
19960.52930 0.227254
19960.73047 0.227377
19960.92969 0.227499
19961.13086 0.227623
19961.33008 0.227745
19961.52930 0.227869
19961.73047 0.227991
19961.92969 0.228115
19962.13086 0.228349
19962.33008 0.228643
19962.52930 0.228941
19962.73047 0.229236
19962.92969 0.229533
19963.13086 0.229828
19963.33008 0.230126
19963.52930 0.23042
19963.73047 0.230718
19963.92969 0.231012
19964.13086 0.2311
19964.33008 0.231074
19964.52930 0.231049
19964.73047 0.231023
19964.92969 0.230998
19965.13086 0.230972
19965.33008 0.230947
19965.52930 0.230921
19965.73047 0.230896
19965.92969 0.23087
19966.13086 0.23099
19966.33008 0.231185
19966.52930 0.231383
19966.73047 0.231578
19966.92969 0.231776
19967.13086 0.231972
19967.33008 0.232169
19967.52930 0.232365
19967.73047 0.232563
19967.92969 0.232758
19968.13086 0.232924
19968.33008 0.233072
19968.52930 0.233222
19968.73047 0.23337
19968.92969 0.233519
19969.13086 0.233667
19969.33008 0.233817
19969.52930 0.233965
19969.73047 0.234113
19969.92969 0.234262
19970.13086 0.234424
19970.33008 0.234595
19970.52930 0.234764
19970.73047 0.234935
19970.92969 0.235104
19971.13086 0.235275
19971.33008 0.235444
19971.53906 0.235615
19971.73047 0.235784
19971.93945 0.235955
19972.13086 0.236118
19972.33984 0.236282
19972.53906 0.236443
19972.74023 0.236606
19972.93945 0.236767
19973.14062 0.236931
19973.33984 0.237092
19973.53906 0.237255
19973.74023 0.237417
19973.93945 0.23758
19974.14062 0.237713
19974.33984 0.237834
19974.53906 0.237954
19974.74023 0.238075
19974.93945 0.238195
19975.14062 0.238316
19975.33984 0.238436
19975.53906 0.238558
19975.74023 0.238678
19975.93945 0.238799
19976.14062 0.238905
19976.33984 0.239006
19976.53906 0.239106
19976.74023 0.239208
19976.93945 0.239308
19977.14062 0.239409
19977.33984 0.239509
19977.53906 0.23961
19977.74023 0.23971
19977.93945 0.239812
19978.14062 0.239964
19978.33984 0.240141
19978.53906 0.240318
19978.74023 0.240493
19978.93945 0.240669
19979.14062 0.240844
19979.33984 0.241021
19979.53906 0.241196
19979.74023 0.241372
19979.93945 0.241547
19980.14062 0.241597
19980.33984 0.241597
19980.53906 0.241597
19980.74023 0.241597
19980.94922 0.241598
19981.14062 0.241598
19981.34961 0.241598
19981.55078 0.241598
19981.75000 0.241598
19981.94922 0.241599
19982.15039 0.241613
19982.34961 0.241633
19982.55078 0.241653
19982.75000 0.241672
19982.94922 0.241692
19983.15039 0.241712
19983.34961 0.241732
19983.55078 0.241752
19983.75000 0.241771
19983.94922 0.241791
19984.15039 0.241887
19984.34961 0.242007
19984.55078 0.242129
19984.75000 0.242249
19984.94922 0.242371
19985.15039 0.242491
19985.34961 0.242613
19985.55078 0.242735
19985.75000 0.242855
19985.94922 0.242977
19986.15039 0.243127
19986.34961 0.243289
19986.55078 0.243449
19986.75000 0.243611
19986.94922 0.243771
19987.15039 0.243932
19987.35938 0.244094
19987.55078 0.244254
19987.75977 0.244416
19987.96094 0.244576
19988.16016 0.244627
19988.35938 0.244647
19988.56055 0.244668
19988.75977 0.244688
19988.96094 0.244708
19989.16016 0.244728
19989.35938 0.244748
19989.56055 0.244769
19989.75977 0.244789
19989.96094 0.244809
19990.16016 0.244853
19990.35938 0.244904
19990.56055 0.244954
19990.75977 0.245004
19990.96094 0.245055
19991.16016 0.245106
19991.35938 0.245156
19991.56055 0.245207
19991.75977 0.245257
19991.96094 0.245308
19992.16016 0.245378
19992.35938 0.245451
19992.56055 0.245525
19992.75977 0.245598
19992.96094 0.245672
19993.16992 0.245746
19993.36914 0.245819
19993.57031 0.245893
19993.76953 0.245966
19993.97070 0.24604
19994.16992 0.246177
19994.36914 0.246325
19994.57031 0.246474
19994.76953 0.246622
19994.97070 0.246772
19995.16992 0.246921
19995.36914 0.247069
19995.57031 0.247219
19995.76953 0.247367
19995.97070 0.247516
19996.16992 0.247528
19996.36914 0.247515
19996.57031 0.247503
19996.76953 0.247491
19996.97070 0.247479
19997.16992 0.247467
19997.36914 0.247455
19997.57031 0.247443
19997.77930 0.247431
19997.97070 0.247419
19998.17969 0.247411
19998.38086 0.247404
19998.58008 0.247397
19998.77930 0.24739
19998.98047 0.247384
19999.17969 0.247376
19999.38086 0.247369
19999.58008 0.247363
19999.77930 0.247356
19999.98047 0.247349
20000.17969 0.247379
20000.38086 0.247413
20000.58008 0.247447
20000.77930 0.247482
20000.98047 0.247517
20001.17969 0.247551
20001.38086 0.247585
20001.58008 0.24762
20001.77930 0.247654
20001.98047 0.247689
20002.18945 0.247654
20002.38086 0.247614
20002.58984 0.247573
20002.78906 0.247533
20002.99023 0.247492
20003.18945 0.247451
20003.39062 0.247411
20003.58984 0.247371
20003.78906 0.24733
20003.99023 0.24729
20004.18945 0.247256
20004.39062 0.247222
20004.58984 0.247189
20004.78906 0.247155
20004.99023 0.247121
20005.18945 0.247088
20005.39062 0.247054
20005.58984 0.247021
20005.78906 0.246987
20005.99023 0.246953
20006.19922 0.247005
20006.39062 0.247058
20006.59961 0.247112
20006.80078 0.247166
20007.00000 0.247219
20007.19922 0.247273
20007.40039 0.247327
20007.59961 0.247381
20007.80078 0.247435
20008.00000 0.247488
20008.19922 0.247499
20008.40039 0.247509
20008.59961 0.24752
20008.80078 0.247531
20009.00000 0.247541
20009.19922 0.247552
20009.40039 0.247562
20009.59961 0.247573
20009.80078 0.247584
20010.00977 0.247596
20010.21094 0.247664
20010.41016 0.247732
20010.60938 0.247801
20010.81055 0.247869
20011.00977 0.247938
20011.21094 0.248006
20011.41016 0.248074
20011.60938 0.248143
20011.81055 0.248211
20012.00977 0.248276
20012.21094 0.24828
20012.41016 0.248285
20012.60938 0.248289
20012.81055 0.248294
20013.00977 0.248298
20013.21094 0.248303
20013.41016 0.248307
20013.61914 0.248311
20013.82031 0.248316
20014.01953 0.24831
20014.22070 0.24818
20014.41992 0.24805
20014.61914 0.247921
20014.82031 0.247792
20015.01953 0.247663
20015.22070 0.247533
20015.41992 0.247404
20015.61914 0.247275
20015.82031 0.247145
20016.01953 0.247045
20016.22070 0.247167
20016.41992 0.247291
20016.61914 0.247415
20016.82031 0.247537
20017.02930 0.247661
20017.23047 0.247785
20017.42969 0.247908
20017.63086 0.248031
20017.83008 0.248155
20018.02930 0.248259
20018.23047 0.248247
20018.42969 0.248234
20018.63086 0.248222
20018.83008 0.24821
20019.02930 0.248198
20019.23047 0.248186
20019.42969 0.248173
20019.63086 0.248161
20019.83008 0.248149
20020.03906 0.248151
20020.24023 0.248221
20020.43945 0.24829
20020.64062 0.24836
20020.83984 0.248429
20021.03906 0.248499
20021.24023 0.248569
20021.43945 0.248638
20021.64062 0.248707
20021.83984 0.248777
20022.03906 0.248815
20022.24023 0.248732
20022.43945 0.24865
20022.64062 0.248567
20022.83984 0.248485
20023.03906 0.248402
20023.25000 0.248319
20023.44922 0.248236
20023.65039 0.248153
20023.84961 0.248071
20024.05078 0.247986
20024.25000 0.247893
20024.44922 0.2478
20024.65039 0.247708
20024.84961 0.247615
20025.05078 0.247522
20025.25000 0.247429
20025.44922 0.247337
20025.65039 0.247244
20025.85938 0.247151
20026.06055 0.247097
20026.25977 0.247144
20026.46094 0.247191
20026.66016 0.247237
20026.85938 0.247284
20027.06055 0.247331
20027.25977 0.247378
20027.46094 0.247424
20027.66016 0.247471
20027.85938 0.247518
20028.06055 0.247526
20028.25977 0.247449
20028.46094 0.247372
20028.66992 0.247295
20028.86914 0.247218
20029.07031 0.247141
20029.26953 0.247064
20029.47070 0.246987
20029.66992 0.24691
20029.86914 0.246834
20030.07031 0.246759
20030.26953 0.246687
20030.47070 0.246616
20030.66992 0.246544
20030.86914 0.246473
20031.07031 0.246402
20031.27930 0.24633
20031.48047 0.246259
20031.67969 0.246187
20031.88086 0.246117
20032.08008 0.246094
20032.27930 0.246148
20032.48047 0.246202
20032.67969 0.246256
20032.88086 0.246309
20033.08008 0.246363
20033.27930 0.246417
20033.48047 0.246471
20033.68945 0.246525
20033.88086 0.246578
20034.08984 0.246526
20034.28906 0.24633
20034.49023 0.246135
20034.68945 0.245939
20034.89062 0.245746
20035.08984 0.24555
20035.28906 0.245354
20035.49023 0.245159
20035.68945 0.244963
20035.89062 0.244768
20036.08984 0.244625
20036.28906 0.244538
20036.50000 0.244452
20036.69922 0.244365
20036.90039 0.244279
20037.09961 0.244193
20037.30078 0.244107
20037.50000 0.24402
20037.69922 0.243934
20037.90039 0.243847
20038.09961 0.243728
20038.30078 0.24358
20038.50000 0.243431
20038.71094 0.243281
20038.91016 0.243132
20039.10938 0.242982
20039.31055 0.242833
20039.50977 0.242685
20039.71094 0.242535
20039.91016 0.242386
20040.10938 0.24225
20040.31055 0.242126
20040.50977 0.242002
20040.71094 0.241879
20040.91016 0.241755
20041.11914 0.241631
20041.32031 0.241507
20041.51953 0.241382
20041.72070 0.241258
20041.91992 0.241134
20042.11914 0.240901
20042.32031 0.24059
20042.51953 0.24028
20042.72070 0.239969
20042.91992 0.239659
20043.13086 0.239348
20043.33008 0.239038
20043.52930 0.23873
20043.73047 0.238419
20043.92969 0.238109
20044.13086 0.237808
20044.33008 0.237514
20044.52930 0.23722
20044.73047 0.236925
20044.92969 0.236633
20045.13086 0.236339
20045.33008 0.236044
20045.53906 0.23575
20045.74023 0.235455
20045.93945 0.235161
20046.14062 0.234903
20046.33984 0.234664
20046.53906 0.234423
20046.74023 0.234181
20046.93945 0.23394
20047.14062 0.233698
20047.33984 0.233457
20047.53906 0.233215
20047.75000 0.232974
20047.94922 0.232735
20048.15039 0.232354
20048.34961 0.231922
20048.55078 0.231489
20048.75000 0.231057
20048.94922 0.230624
20049.15039 0.230192
20049.34961 0.229759
20049.55078 0.229326
20049.75000 0.228898
20049.96094 0.228465
20050.16016 0.228003
20050.35938 0.227533
20050.56055 0.227062
20050.75977 0.226592
20050.96094 0.226121
20051.16016 0.225651
20051.35938 0.22518
20051.56055 0.224714
20051.75977 0.224243
20051.96094 0.223772
