threeML/data/optical_filters/HST/NICMOS2-POL120L.ecsv
# %ECSV 0.9
# ---
# datatype:
# - {name: wavelength, unit: Angstrom, datatype: float32}
# - {name: response, datatype: float32}
# meta: !!omap
# - {band_name: POL120L}
# - {group_name: NICMOS2}
wavelength response
[from data line 767]
18617.05078 0.003038
18617.42969 0.003051
18617.80078 0.003065
18618.17969 0.003079
18618.55078 0.003093
18618.91992 0.003106
18619.28906 0.00312
18619.66992 0.003134
18620.03906 0.003147
18620.41016 0.003152
18620.78906 0.003158
18621.16016 0.003163
18621.52930 0.003169
18621.91016 0.003174
18622.27930 0.003179
18622.65039 0.003185
18623.02930 0.00319
18623.40039 0.003196
18623.76953 0.003201
18624.15039 0.003207
18624.51953 0.003212
18624.89062 0.003217
18625.26953 0.003225
18625.64062 0.003234
18626.00977 0.003243
18626.38086 0.003252
18626.75977 0.003261
18627.13086 0.00327
18627.50977 0.003279
18627.88086 0.003288
18628.25000 0.003296
18628.61914 0.003305
18629.00000 0.003314
18629.36914 0.003323
18629.75000 0.003332
18630.11914 0.003341
18630.49023 0.003349
18630.86914 0.003357
18631.24023 0.003365
18631.60938 0.003373
18631.99023 0.003381
18632.35938 0.003389
18632.73047 0.003397
18633.10938 0.003405
18633.48047 0.003413
18633.84961 0.003421
18634.23047 0.003429
18634.59961 0.003437
18634.97070 0.003445
18635.34961 0.003462
18635.72070 0.00348
18636.08984 0.003498
18636.47070 0.003515
18636.83984 0.003533
18637.21094 0.003551
18637.58984 0.003568
18637.96094 0.003586
18638.33008 0.003603
18638.71094 0.003621
18639.08008 0.003639
18639.46094 0.003656
18639.83008 0.003674
18640.19922 0.003689
18640.58008 0.003701
18640.94922 0.003713
18641.32031 0.003725
18641.69922 0.003738
18642.07031 0.00375
18642.43945 0.003762
18642.82031 0.003774
18643.18945 0.003787
18643.56055 0.003799
18643.93945 0.003811
18644.31055 0.003823
18644.68945 0.003836
18645.06055 0.003847
18645.42969 0.003857
18645.81055 0.003867
18646.17969 0.003877
18646.55078 0.003887
18646.92969 0.003897
18647.30078 0.003907
18647.67969 0.003917
18648.05078 0.003927
18648.41992 0.003937
18648.80078 0.003947
18649.16992 0.003957
18649.53906 0.003967
18649.91992 0.003977
18650.28906 0.003991
18650.66992 0.004007
18651.03906 0.004023
18651.41016 0.004039
18651.78906 0.004055
18652.16016 0.004071
18652.53906 0.004087
18652.91016 0.004103
18653.27930 0.004119
18653.66016 0.004135
18654.02930 0.004151
18654.40039 0.004167
18654.77930 0.004182
18655.15039 0.004196
18655.52930 0.004207
18655.90039 0.004218
18656.26953 0.00423
18656.65039 0.004241
18657.01953 0.004252
18657.39062 0.004263
18657.76953 0.004274
18658.14062 0.004285
18658.51953 0.004296
18658.89062 0.004307
18659.26953 0.004318
18659.64062 0.004329
18660.00977 0.00434
18660.39062 0.004357
18660.75977 0.004374
18661.13086 0.004392
18661.50977 0.004409
18661.88086 0.004426
18662.25977 0.004443
18662.63086 0.004461
18663.00000 0.004478
18663.38086 0.004495
18663.75000 0.004512
18664.13086 0.004529
18664.50000 0.004546
18664.88086 0.004564
18665.25000 0.004578
18665.61914 0.004592
18666.00000 0.004605
18666.36914 0.004618
18666.75000 0.004632
18667.11914 0.004645
18667.49023 0.004658
18667.86914 0.004672
18668.24023 0.004685
18668.61914 0.004698
18668.99023 0.004712
18669.35938 0.004725
18669.74023 0.004738
18670.10938 0.004752
18670.49023 0.004768
18670.85938 0.004783
18671.23047 0.004798
18671.60938 0.004813
18671.98047 0.004829
18672.35938 0.004844
18672.73047 0.004859
18673.10938 0.004875
18673.48047 0.00489
18673.85938 0.004905
18674.23047 0.00492
18674.59961 0.004936
18674.98047 0.004951
18675.34961 0.004976
18675.73047 0.005001
18676.09961 0.005026
18676.47070 0.005051
18676.84961 0.005077
18677.22070 0.005102
18677.59961 0.005127
18677.97070 0.005152
18678.34961 0.005177
18678.72070 0.005203
18679.09961 0.005228
18679.47070 0.005253
18679.83984 0.005278
18680.22070 0.005298
18680.58984 0.005315
18680.97070 0.005332
18681.33984 0.005349
18681.71094 0.005365
18682.08984 0.005382
18682.46094 0.005399
18682.83984 0.005415
18683.21094 0.005432
18683.58984 0.005449
18683.96094 0.005465
18684.33984 0.005482
18684.71094 0.005499
18685.08984 0.005516
18685.46094 0.005535
18685.83008 0.005554
18686.21094 0.005574
18686.58008 0.005593
18686.96094 0.005612
18687.33008 0.005631
18687.71094 0.005651
18688.08008 0.00567
18688.46094 0.005689
18688.83008 0.005708
18689.21094 0.005728
18689.58008 0.005747
18689.96094 0.005766
18690.33008 0.005786
18690.69922 0.005806
18691.08008 0.005827
18691.44922 0.005847
18691.83008 0.005867
18692.19922 0.005887
18692.58008 0.005907
18692.94922 0.005927
18693.33008 0.005948
18693.69922 0.005968
18694.07031 0.005988
18694.44922 0.006008
18694.82031 0.006028
18695.19922 0.006049
18695.57031 0.006069
18695.94922 0.006089
18696.32031 0.00611
18696.69922 0.00613
18697.07031 0.006151
18697.44922 0.006171
18697.82031 0.006192
18698.19922 0.006212
18698.57031 0.006232
18698.94922 0.006253
18699.32031 0.006273
18699.69922 0.006294
18700.07031 0.006315
18700.44922 0.006341
18700.82031 0.006367
18701.19922 0.006393
18701.57031 0.006419
18701.93945 0.006445
18702.32031 0.006471
18702.68945 0.006497
18703.07031 0.006522
18703.43945 0.006548
18703.82031 0.006574
18704.18945 0.0066
18704.57031 0.006626
18704.93945 0.006652
18705.32031 0.006679
18705.68945 0.006706
18706.07031 0.006732
18706.43945 0.006759
18706.82031 0.006786
18707.18945 0.006813
18707.57031 0.006839
18707.93945 0.006866
18708.32031 0.006893
18708.68945 0.006919
18709.07031 0.006946
18709.43945 0.006973
18709.82031 0.007
18710.18945 0.007026
18710.57031 0.007051
18710.93945 0.007076
18711.32031 0.007101
18711.68945 0.007126
18712.07031 0.007151
18712.43945 0.007176
18712.82031 0.007201
18713.18945 0.007226
18713.57031 0.007251
18713.93945 0.007276
18714.32031 0.007301
18714.68945 0.007326
18715.07031 0.007351
18715.43945 0.007376
18715.82031 0.007402
18716.18945 0.007427
18716.57031 0.007453
18716.93945 0.007478
18717.32031 0.007503
18717.68945 0.007529
18718.07031 0.007554
18718.43945 0.00758
18718.82031 0.007605
18719.18945 0.00763
18719.57031 0.007656
18719.93945 0.007681
18720.32031 0.00771
18720.68945 0.007739
18721.07031 0.007769
18721.44922 0.007798
18721.82031 0.007827
18722.19922 0.007857
18722.57031 0.007886
18722.94922 0.007915
18723.32031 0.007945
18723.69922 0.007974
18724.07031 0.008003
18724.44922 0.008033
18724.82031 0.008062
18725.19922 0.008093
18725.57031 0.008126
18725.94922 0.008158
18726.32031 0.008191
18726.69922 0.008223
18727.07031 0.008256
18727.44922 0.008288
18727.82031 0.008321
18728.19922 0.008353
18728.57031 0.008386
18728.94922 0.008418
18729.33008 0.008451
18729.69922 0.008483
18730.08008 0.008517
18730.44922 0.008556
18730.83008 0.008596
18731.19922 0.008635
18731.58008 0.008674
18731.94922 0.008713
18732.33008 0.008752
18732.69922 0.008791
18733.08008 0.008831
18733.46094 0.00887
18733.83008 0.008909
18734.21094 0.008948
18734.58008 0.008988
18734.96094 0.009027
18735.33008 0.009063
18735.71094 0.009099
18736.08008 0.009136
18736.46094 0.009172
18736.83008 0.009208
18737.21094 0.009244
18737.58984 0.00928
18737.96094 0.009316
18738.33984 0.009353
18738.71094 0.009389
18739.08984 0.009425
18739.46094 0.009461
18739.83984 0.009497
18740.21094 0.009531
18740.58984 0.009563
18740.96094 0.009594
18741.33984 0.009626
18741.72070 0.009658
18742.08984 0.00969
18742.47070 0.009721
18742.83984 0.009753
18743.22070 0.009785
18743.58984 0.009817
18743.97070 0.009848
18744.34961 0.00988
18744.72070 0.009912
18745.09961 0.009944
18745.47070 0.009976
18745.84961 0.010008
18746.22070 0.01004
18746.59961 0.010072
18746.98047 0.010104
18747.34961 0.010136
18747.73047 0.010168
18748.09961 0.0102
18748.48047 0.010232
18748.84961 0.010263
18749.23047 0.010296
18749.60938 0.010327
18749.98047 0.01036
18750.35938 0.010398
18750.73047 0.010438
18751.10938 0.010477
18751.48047 0.010516
18751.85938 0.010556
18752.24023 0.010595
18752.60938 0.010634
18752.99023 0.010673
18753.35938 0.010713
18753.74023 0.010752
18754.11914 0.010791
18754.49023 0.01083
18754.86914 0.01087
18755.24023 0.010912
18755.61914 0.010956
18755.99023 0.011
18756.36914 0.011044
18756.75000 0.011087
18757.11914 0.011132
18757.50000 0.011175
18757.86914 0.011219
18758.25000 0.011263
18758.63086 0.011307
18759.00000 0.011351
18759.38086 0.011395
18759.75000 0.011439
18760.13086 0.011485
18760.50977 0.011535
18760.88086 0.011586
18761.25977 0.011636
18761.63086 0.011687
18762.00977 0.011738
18762.39062 0.011788
18762.75977 0.011839
18763.14062 0.011889
18763.50977 0.01194
18763.89062 0.01199
18764.26953 0.012041
18764.64062 0.012091
18765.01953 0.012142
18765.39062 0.012195
18765.76953 0.012249
18766.15039 0.012302
18766.51953 0.012355
18766.90039 0.012408
18767.27930 0.012462
18767.65039 0.012515
18768.02930 0.012569
18768.40039 0.012622
18768.77930 0.012675
18769.16016 0.012729
18769.52930 0.012782
18769.91016 0.012835
18770.28906 0.012886
18770.66016 0.012935
18771.03906 0.012985
18771.41016 0.013035
18771.78906 0.013084
18772.16992 0.013134
18772.53906 0.013184
18772.91992 0.013233
18773.28906 0.013283
18773.66992 0.013333
18774.05078 0.013382
18774.41992 0.013432
18774.80078 0.013482
18775.17969 0.013532
18775.55078 0.013583
18775.92969 0.013634
18776.30078 0.013685
18776.67969 0.013736
18777.06055 0.013787
18777.42969 0.013838
18777.81055 0.01389
18778.18945 0.01394
18778.56055 0.013992
18778.93945 0.014043
18779.31055 0.014094
18779.68945 0.014145
18780.07031 0.014197
18780.43945 0.014253
18780.82031 0.014309
18781.19922 0.014365
18781.57031 0.014422
18781.94922 0.014477
18782.33008 0.014534
18782.69922 0.01459
18783.08008 0.014646
18783.46094 0.014702
18783.83008 0.014758
18784.21094 0.014815
18784.58008 0.01487
18784.96094 0.014927
18785.33984 0.014979
18785.71094 0.015031
18786.08984 0.015083
18786.47070 0.015134
18786.83984 0.015186
18787.22070 0.015238
18787.59961 0.01529
18787.97070 0.015342
18788.34961 0.015394
18788.73047 0.015445
18789.09961 0.015497
18789.48047 0.015549
18789.85938 0.015601
18790.23047 0.015659
18790.60938 0.015722
18790.99023 0.015785
18791.35938 0.015847
18791.74023 0.015909
18792.11914 0.015972
18792.49023 0.016035
18792.86914 0.016097
18793.25000 0.01616
18793.61914 0.016222
18794.00000 0.016285
18794.36914 0.016347
18794.75000 0.01641
18795.13086 0.016475
18795.50977 0.016546
18795.88086 0.016617
18796.25977 0.016688
18796.63086 0.016758
18797.00977 0.016829
18797.39062 0.0169
18797.76953 0.016971
18798.14062 0.017042
18798.51953 0.017113
18798.90039 0.017184
18799.26953 0.017255
18799.65039 0.017326
18800.02930 0.017396
18800.40039 0.017468
18800.77930 0.01754
18801.16016 0.017613
18801.52930 0.017685
18801.91016 0.017757
18802.28906 0.017829
18802.66016 0.017901
18803.03906 0.017973
18803.41992 0.018045
18803.78906 0.018118
18804.16992 0.01819
18804.55078 0.018262
18804.92969 0.018334
18805.30078 0.018409
18805.67969 0.018485
18806.05078 0.018561
18806.42969 0.018637
18806.81055 0.018713
18807.18945 0.018789
18807.56055 0.018865
18807.93945 0.018941
18808.32031 0.019017
18808.68945 0.019093
18809.07031 0.019169
18809.44922 0.019245
18809.82031 0.019321
18810.19922 0.019395
18810.58008 0.019467
18810.96094 0.01954
18811.33008 0.019612
18811.71094 0.019685
18812.08984 0.019757
18812.46094 0.01983
18812.83984 0.019902
18813.22070 0.019975
18813.59961 0.020047
18813.97070 0.02012
18814.34961 0.020192
18814.73047 0.020265
18815.09961 0.020338
18815.48047 0.020416
18815.85938 0.020494
18816.23047 0.020572
18816.60938 0.02065
18816.99023 0.020727
18817.36914 0.020805
18817.74023 0.020883
18818.11914 0.020961
18818.50000 0.021039
18818.86914 0.021117
18819.25000 0.021195
18819.63086 0.021272
18820.00977 0.02135
18820.38086 0.021437
18820.75977 0.021524
18821.14062 0.021611
18821.51953 0.021699
18821.89062 0.021786
18822.26953 0.021873
18822.65039 0.02196
18823.01953 0.022046
18823.40039 0.022133
18823.77930 0.02222
18824.16016 0.022308
18824.52930 0.022395
18824.91016 0.022482
18825.28906 0.022575
18825.66016 0.022669
18826.03906 0.022764
18826.41992 0.022859
18826.80078 0.022954
18827.16992 0.023049
18827.55078 0.023144
18827.92969 0.023238
18828.31055 0.023334
18828.67969 0.023428
18829.06055 0.023523
18829.43945 0.023618
18829.81055 0.023713
18830.18945 0.023816
18830.57031 0.023925
18830.94922 0.024035
18831.32031 0.024145
18831.69922 0.024254
18832.08008 0.024365
18832.46094 0.024474
18832.83008 0.024584
18833.21094 0.024694
18833.58984 0.024804
18833.97070 0.024914
18834.33984 0.025024
18834.72070 0.025133
18835.09961 0.025244
18835.48047 0.025357
18835.84961 0.025469
18836.23047 0.025582
18836.60938 0.025694
18836.99023 0.025806
18837.35938 0.025918
18837.74023 0.026031
18838.11914 0.026143
18838.50000 0.026255
18838.88086 0.026368
18839.25000 0.026481
18839.63086 0.026593
18840.00977 0.026705
18840.38086 0.026811
18840.75977 0.026916
18841.14062 0.027022
18841.51953 0.027127
18841.89062 0.027232
18842.26953 0.027338
18842.65039 0.027443
18843.02930 0.027549
18843.41016 0.027654
18843.77930 0.02776
18844.16016 0.027865
18844.53906 0.027971
18844.91992 0.028076
18845.28906 0.028187
18845.66992 0.0283
18846.05078 0.028413
18846.42969 0.028526
18846.80078 0.028639
18847.17969 0.028752
18847.56055 0.028865
18847.93945 0.028978
18848.32031 0.029091
18848.68945 0.029204
18849.07031 0.029316
18849.44922 0.029429
18849.83008 0.029542
18850.21094 0.029657
18850.58008 0.029771
18850.96094 0.029886
18851.33984 0.030002
18851.71094 0.030117
18852.08984 0.030232
18852.47070 0.030347
18852.84961 0.030463
18853.23047 0.030577
18853.60938 0.030693
18853.98047 0.030808
18854.35938 0.030923
18854.74023 0.031038
18855.11914 0.031158
18855.49023 0.031291
18855.86914 0.031422
18856.25000 0.031555
18856.63086 0.031686
18857.00977 0.031819
18857.38086 0.03195
18857.75977 0.032083
18858.14062 0.032214
18858.51953 0.032346
18858.89062 0.032478
18859.26953 0.03261
18859.65039 0.032742
18860.02930 0.032875
18860.41016 0.033013
18860.78906 0.03315
18861.16016 0.033287
18861.53906 0.033424
18861.91992 0.033562
18862.30078 0.033699
18862.67969 0.033837
18863.05078 0.033974
18863.42969 0.034112
18863.81055 0.034249
18864.18945 0.034386
18864.57031 0.034524
18864.93945 0.034661
18865.32031 0.034805
18865.69922 0.03495
18866.08008 0.035096
18866.46094 0.03524
18866.83008 0.035386
18867.21094 0.035531
18867.58984 0.035676
18867.97070 0.035821
18868.34961 0.035966
18868.72070 0.036111
18869.09961 0.036256
18869.48047 0.036401
18869.85938 0.036547
18870.24023 0.036684
18870.61914 0.036817
18870.99023 0.036951
18871.36914 0.037084
18871.75000 0.037217
18872.13086 0.037351
18872.50977 0.037484
18872.88086 0.037617
18873.25977 0.037751
18873.64062 0.037884
18874.01953 0.038017
18874.40039 0.038151
18874.77930 0.038283
18875.15039 0.038419
18875.52930 0.038557
18875.91016 0.038694
18876.28906 0.038832
18876.66992 0.03897
18877.05078 0.039108
18877.41992 0.039245
18877.80078 0.039383
18878.17969 0.039521
18878.56055 0.039658
18878.93945 0.039796
18879.32031 0.039934
18879.69922 0.040072
18880.07031 0.040211
18880.44922 0.040359
18880.83008 0.040507
18881.21094 0.040655
18881.58984 0.040803
18881.96094 0.040951
18882.33984 0.041099
18882.72070 0.041246
18883.09961 0.041394
18883.48047 0.041542
18883.85938 0.04169
18884.24023 0.041838
18884.60938 0.041986
18884.99023 0.042134
18885.36914 0.042294
18885.75000 0.042454
18886.13086 0.042614
18886.50977 0.042775
18886.88086 0.042935
18887.25977 0.043095
18887.64062 0.043256
18888.01953 0.043415
18888.40039 0.043576
18888.77930 0.043736
18889.16016 0.043897
18889.53906 0.044057
18889.91016 0.044218
18890.28906 0.044395
18890.66992 0.044579
18891.05078 0.044763
18891.42969 0.044947
18891.81055 0.04513
18892.18945 0.045314
18892.56055 0.045498
18892.93945 0.045681
18893.32031 0.045865
18893.69922 0.046048
18894.08008 0.046232
18894.46094 0.046416
18894.83984 0.0466
18895.21094 0.046791
18895.58984 0.046987
18895.97070 0.047183
18896.34961 0.047379
18896.73047 0.047576
18897.10938 0.047772
18897.49023 0.047969
18897.86914 0.048166
18898.24023 0.048362
18898.61914 0.048559
18899.00000 0.048755
18899.38086 0.048952
18899.75977 0.049148
18900.14062 0.049339
18900.51953 0.049523
18900.89062 0.049706
18901.26953 0.04989
18901.65039 0.050074
18902.02930 0.050257
18902.41016 0.050441
18902.78906 0.050625
18903.16992 0.050808
18903.55078 0.050992
18903.92969 0.051175
