threeML/data/optical_filters/HST/NICMOS2-POL0L.ecsv
# %ECSV 0.9
# ---
# datatype:
# - {name: wavelength, unit: Angstrom, datatype: float32}
# - {name: response, datatype: float32}
# meta: !!omap
# - {band_name: POL0L}
# - {group_name: NICMOS2}
wavelength response
[from data line 6891]
21048.96094 0.039709
21049.38086 0.039564
21049.80078 0.039419
21050.22070 0.03928
21050.64062 0.039147
21051.07031 0.039013
21051.49023 0.03888
21051.91016 0.038747
21052.33008 0.038614
21052.75000 0.03848
21053.17969 0.038347
21053.59961 0.038214
21054.01953 0.038081
21054.43945 0.037947
21054.85938 0.037814
21055.28906 0.037688
21055.71094 0.037564
21056.13086 0.037441
21056.55078 0.037318
21056.97070 0.037194
21057.39062 0.037071
21057.82031 0.036948
21058.24023 0.036825
21058.66016 0.036701
21059.08008 0.036577
21059.50977 0.036454
21059.92969 0.036331
21060.34961 0.036204
21060.76953 0.036077
21061.18945 0.035949
21061.61914 0.035822
21062.03906 0.035694
21062.46094 0.035567
21062.88086 0.035439
21063.30078 0.035312
21063.73047 0.035184
21064.15039 0.035057
21064.57031 0.03493
21064.99023 0.034802
21065.41016 0.034688
21065.83984 0.034574
21066.25977 0.03446
21066.67969 0.034346
21067.09961 0.034232
21067.52930 0.034118
21067.94922 0.034004
21068.36914 0.03389
21068.78906 0.033776
21069.21094 0.033662
21069.64062 0.033548
21070.06055 0.033434
21070.48047 0.033318
21070.90039 0.033203
21071.33008 0.033088
21071.75000 0.032973
21072.16992 0.032857
21072.58984 0.032742
21073.01953 0.032626
21073.43945 0.032511
21073.85938 0.032396
21074.27930 0.03228
21074.71094 0.032165
21075.13086 0.032049
21075.55078 0.03193
21075.97070 0.03181
21076.39062 0.031691
21076.82031 0.031573
21077.24023 0.031453
21077.66016 0.031334
21078.08008 0.031215
21078.50977 0.031097
21078.92969 0.030977
21079.34961 0.030858
21079.76953 0.030739
21080.19922 0.030627
21080.61914 0.030522
21081.03906 0.030418
21081.46094 0.030313
21081.89062 0.030208
21082.31055 0.030104
21082.73047 0.029999
21083.15039 0.029894
21083.58008 0.02979
21084.00000 0.029685
21084.41992 0.02958
21084.83984 0.029476
21085.26953 0.029376
21085.68945 0.029281
21086.10938 0.029185
21086.53906 0.029089
21086.96094 0.028993
21087.38086 0.028897
21087.80078 0.028801
21088.22070 0.028705
21088.65039 0.028609
21089.07031 0.028513
21089.49023 0.028417
21089.91992 0.028321
21090.33984 0.028231
21090.75977 0.028142
21091.17969 0.028053
21091.60938 0.027965
21092.02930 0.027875
21092.44922 0.027787
21092.86914 0.027697
21093.30078 0.027609
21093.72070 0.02752
21094.14062 0.027431
21094.57031 0.027342
21094.99023 0.027253
21095.41016 0.027161
21095.83008 0.027068
21096.25977 0.026975
21096.67969 0.026882
21097.09961 0.02679
21097.52930 0.026697
21097.94922 0.026605
21098.36914 0.026512
21098.78906 0.026419
21099.22070 0.026326
21099.64062 0.026234
21100.06055 0.02614
21100.48047 0.026038
21100.91016 0.025936
21101.33008 0.025834
21101.75000 0.025732
21102.17969 0.025631
21102.59961 0.025528
21103.01953 0.025427
21103.44922 0.025325
21103.86914 0.025222
21104.28906 0.025121
21104.71094 0.025019
21105.14062 0.02492
21105.56055 0.024829
21105.98047 0.024738
21106.41016 0.024647
21106.83008 0.024556
21107.25000 0.024464
21107.67969 0.024373
21108.09961 0.024282
21108.51953 0.02419
21108.93945 0.024099
21109.36914 0.024008
21109.78906 0.023916
21110.21094 0.023837
21110.64062 0.023769
21111.06055 0.0237
21111.48047 0.023633
21111.91016 0.023564
21112.33008 0.023496
21112.75000 0.023428
21113.17969 0.02336
21113.59961 0.023292
21114.01953 0.023224
21114.44922 0.023156
21114.86914 0.023088
21115.28906 0.023011
21115.71094 0.02293
21116.14062 0.02285
21116.56055 0.022769
21116.98047 0.022688
21117.41016 0.022608
21117.83008 0.022527
21118.25000 0.022446
21118.67969 0.022366
21119.09961 0.022285
21119.51953 0.022204
21119.94922 0.022123
21120.36914 0.022046
21120.78906 0.021969
21121.22070 0.021891
21121.64062 0.021815
21122.06055 0.021737
21122.49023 0.02166
21122.91016 0.021583
21123.33008 0.021506
21123.75977 0.021429
21124.17969 0.021352
21124.59961 0.021274
21125.02930 0.021198
21125.44922 0.021133
21125.86914 0.021067
21126.30078 0.021002
21126.72070 0.020937
21127.14062 0.020872
21127.57031 0.020806
21127.99023 0.020741
21128.41016 0.020676
21128.83984 0.02061
21129.25977 0.020545
21129.67969 0.02048
21130.10938 0.020413
21130.52930 0.020341
21130.96094 0.020269
21131.38086 0.020198
21131.80078 0.020126
21132.22070 0.020055
21132.65039 0.019983
21133.07031 0.019911
21133.50000 0.019839
21133.91992 0.019768
21134.33984 0.019696
21134.76953 0.019624
21135.18945 0.019552
21135.60938 0.019478
21136.03906 0.019404
21136.46094 0.019331
21136.88086 0.019257
21137.31055 0.019183
21137.73047 0.01911
21138.15039 0.019036
21138.58008 0.018962
21139.00000 0.018889
21139.42969 0.018815
21139.84961 0.018741
21140.26953 0.018672
21140.69922 0.018605
21141.11914 0.018538
21141.53906 0.018471
21141.97070 0.018404
21142.39062 0.018337
21142.81055 0.01827
21143.24023 0.018203
21143.66016 0.018136
21144.08984 0.018068
21144.50977 0.018001
21144.92969 0.017934
21145.35938 0.017883
21145.77930 0.017834
21146.21094 0.017786
21146.63086 0.017737
21147.05078 0.017688
21147.48047 0.01764
21147.90039 0.017591
21148.32031 0.017543
21148.75000 0.017494
21149.16992 0.017445
21149.59961 0.017397
21150.01953 0.017348
21150.43945 0.017286
21150.86914 0.017224
21151.28906 0.017162
21151.71094 0.017101
21152.14062 0.017039
21152.56055 0.016977
21152.99023 0.016915
21153.41016 0.016853
21153.83984 0.016791
21154.25977 0.01673
21154.67969 0.016668
21155.10938 0.016608
21155.52930 0.016555
21155.96094 0.016502
21156.38086 0.016449
21156.80078 0.016396
21157.23047 0.016343
21157.65039 0.01629
21158.07031 0.016237
21158.50000 0.016183
21158.91992 0.01613
21159.34961 0.016077
21159.76953 0.016024
21160.19922 0.015974
21160.61914 0.015928
21161.03906 0.015881
21161.47070 0.015835
21161.89062 0.015788
21162.32031 0.015741
21162.74023 0.015695
21163.16016 0.015648
21163.58984 0.015602
21164.00977 0.015555
21164.43945 0.015508
21164.85938 0.015462
21165.28906 0.015412
21165.71094 0.01536
21166.13086 0.015307
21166.56055 0.015255
21166.98047 0.015203
21167.41016 0.015151
21167.83008 0.015099
21168.25000 0.015047
21168.67969 0.014995
21169.09961 0.014943
21169.52930 0.01489
21169.94922 0.014838
21170.36914 0.014788
21170.80078 0.014738
21171.22070 0.014687
21171.65039 0.014637
21172.07031 0.014587
21172.50000 0.014536
21172.91992 0.014486
21173.34961 0.014436
21173.76953 0.014386
21174.19922 0.014335
21174.61914 0.014285
21175.03906 0.014236
21175.47070 0.014191
21175.89062 0.014145
21176.32031 0.0141
21176.74023 0.014055
21177.16992 0.01401
21177.58984 0.013965
21178.00977 0.01392
21178.43945 0.013875
21178.85938 0.01383
21179.28906 0.013785
21179.71094 0.013739
21180.14062 0.013694
21180.56055 0.013648
21180.99023 0.013601
21181.41016 0.013555
21181.83008 0.013509
21182.25977 0.013462
21182.67969 0.013416
21183.10938 0.01337
21183.52930 0.013323
21183.96094 0.013277
21184.38086 0.013231
21184.81055 0.013184
21185.23047 0.01314
21185.66016 0.013097
21186.08008 0.013054
21186.50000 0.013012
21186.92969 0.012969
21187.34961 0.012926
21187.77930 0.012883
21188.19922 0.01284
21188.63086 0.012798
21189.05078 0.012755
21189.48047 0.012712
21189.90039 0.012669
21190.33008 0.012627
21190.75000 0.012584
21191.17969 0.012541
21191.59961 0.012498
21192.02930 0.012455
21192.44922 0.012412
21192.86914 0.012369
21193.30078 0.012326
21193.72070 0.012283
21194.15039 0.012241
21194.57031 0.012198
21195.00000 0.012155
21195.41992 0.012106
21195.84961 0.012058
21196.26953 0.01201
21196.69922 0.011962
21197.11914 0.011914
21197.55078 0.011865
21197.97070 0.011817
21198.40039 0.011769
21198.82031 0.011721
21199.25000 0.011672
21199.66992 0.011624
21200.09961 0.011582
21200.51953 0.011559
21200.94922 0.011537
21201.36914 0.011515
21201.78906 0.011492
21202.22070 0.01147
21202.65039 0.011448
21203.07031 0.011425
21203.50000 0.011403
21203.91992 0.011381
21204.34961 0.011358
21204.76953 0.011336
21205.19922 0.011306
21205.61914 0.011268
21206.03906 0.011231
21206.47070 0.011193
21206.89062 0.011155
21207.32031 0.011117
21207.75000 0.011079
21208.16992 0.011041
21208.59961 0.011003
21209.01953 0.010966
21209.44922 0.010928
21209.86914 0.01089
21210.28906 0.010847
21210.72070 0.010802
21211.15039 0.010757
21211.57031 0.010712
21212.00000 0.010666
21212.41992 0.010621
21212.84961 0.010576
21213.26953 0.010531
21213.69922 0.010486
21214.11914 0.010441
21214.55078 0.010396
21214.97070 0.01035
21215.40039 0.01032
21215.82031 0.01029
21216.25000 0.010261
21216.66992 0.010231
21217.09961 0.010202
21217.51953 0.010172
21217.94922 0.010142
21218.36914 0.010113
21218.80078 0.010083
21219.22070 0.010053
21219.65039 0.010024
21220.07031 0.009996
21220.50000 0.009974
21220.92969 0.009953
21221.34961 0.009931
21221.77930 0.00991
21222.19922 0.009889
21222.63086 0.009867
21223.05078 0.009846
21223.48047 0.009824
21223.90039 0.009803
21224.33008 0.009781
21224.75000 0.00976
21225.17969 0.009734
21225.59961 0.009703
21226.02930 0.009672
21226.46094 0.009641
21226.88086 0.00961
21227.31055 0.009579
21227.73047 0.009547
21228.16016 0.009516
21228.58008 0.009485
21229.00977 0.009454
21229.42969 0.009423
21229.85938 0.009391
21230.27930 0.009364
21230.71094 0.009338
21231.13086 0.009312
21231.56055 0.009286
21231.99023 0.00926
21232.41016 0.009234
21232.83984 0.009208
21233.25977 0.009182
21233.68945 0.009156
21234.10938 0.00913
21234.53906 0.009104
21234.96094 0.009078
21235.39062 0.009052
21235.82031 0.009027
21236.24023 0.009001
21236.66992 0.008976
21237.08984 0.00895
21237.51953 0.008925
21237.93945 0.008899
21238.36914 0.008873
21238.78906 0.008848
21239.22070 0.008822
21239.65039 0.008797
21240.07031 0.008769
21240.50000 0.008731
21240.91992 0.008694
21241.34961 0.008656
21241.77930 0.008619
21242.19922 0.008581
21242.63086 0.008543
21243.05078 0.008506
21243.48047 0.008468
21243.90039 0.008431
21244.33008 0.008393
21244.75977 0.008355
21245.17969 0.008321
21245.60938 0.008289
21246.02930 0.008258
21246.46094 0.008227
21246.88086 0.008196
21247.31055 0.008165
21247.74023 0.008134
21248.16016 0.008103
21248.58984 0.008071
21249.00977 0.00804
21249.43945 0.008009
21249.86914 0.007978
21250.28906 0.007958
21250.72070 0.007944
21251.14062 0.00793
21251.57031 0.007916
21251.99023 0.007902
21252.41992 0.007888
21252.84961 0.007874
21253.26953 0.00786
21253.69922 0.007846
21254.11914 0.007832
21254.55078 0.007818
21254.98047 0.007804
21255.40039 0.007787
21255.83008 0.007769
21256.25000 0.007752
21256.67969 0.007734
21257.10938 0.007716
21257.52930 0.007699
21257.96094 0.007681
21258.38086 0.007664
21258.81055 0.007646
21259.24023 0.007629
21259.66016 0.007611
21260.08984 0.007593
21260.51953 0.007572
21260.93945 0.007551
21261.36914 0.00753
21261.78906 0.007509
21262.22070 0.007488
21262.64062 0.007467
21263.07031 0.007446
21263.50000 0.007426
21263.91992 0.007405
21264.34961 0.007384
21264.77930 0.007363
21265.19922 0.00734
21265.63086 0.007314
21266.05078 0.007288
21266.48047 0.007262
21266.91016 0.007237
21267.33008 0.007211
21267.75977 0.007185
21268.18945 0.007159
21268.60938 0.007134
21269.03906 0.007108
21269.46094 0.007082
21269.89062 0.007056
21270.32031 0.007033
21270.74023 0.00701
21271.16992 0.006987
21271.59961 0.006963
21272.01953 0.00694
21272.44922 0.006917
21272.86914 0.006894
21273.30078 0.006871
21273.73047 0.006848
21274.15039 0.006825
21274.58008 0.006802
21275.00977 0.006779
21275.42969 0.006751
21275.85938 0.006723
21276.28906 0.006696
21276.71094 0.006668
21277.14062 0.00664
21277.56055 0.006613
21277.99023 0.006585
21278.41992 0.006557
21278.83984 0.006529
21279.26953 0.006502
21279.69922 0.006474
21280.11914 0.006451
21280.55078 0.006438
21280.98047 0.006425
21281.40039 0.006412
21281.83008 0.006399
21282.25977 0.006387
21282.67969 0.006374
21283.10938 0.006361
21283.53906 0.006348
21283.96094 0.006335
21284.39062 0.006322
21284.82031 0.00631
21285.24023 0.006293
21285.66992 0.006274
21286.09961 0.006254
21286.51953 0.006235
21286.94922 0.006216
21287.38086 0.006197
21287.80078 0.006177
21288.23047 0.006158
21288.65039 0.006139
21289.08008 0.006119
21289.50977 0.0061
21289.93945 0.006081
21290.35938 0.00607
21290.78906 0.006062
21291.21094 0.006053
21291.64062 0.006044
21292.07031 0.006036
21292.50000 0.006027
21292.91992 0.006018
21293.34961 0.006009
21293.77930 0.006001
21294.19922 0.005992
21294.63086 0.005983
21295.06055 0.005973
21295.48047 0.005952
21295.91016 0.00593
21296.33984 0.005909
21296.75977 0.005888
21297.18945 0.005866
21297.61914 0.005845
21298.03906 0.005824
21298.47070 0.005802
21298.90039 0.005781
21299.32031 0.00576
21299.75000 0.005738
21300.17969 0.005715
21300.60938 0.005689
21301.02930 0.005664
21301.46094 0.005638
21301.88086 0.005613
21302.31055 0.005587
21302.74023 0.005561
21303.16992 0.005536
21303.58984 0.00551
21304.01953 0.005485
21304.44922 0.005459
21304.88086 0.005433
21305.30078 0.005423
21305.73047 0.005419
21306.15039 0.005414
21306.58008 0.00541
21307.00977 0.005406
21307.43945 0.005401
21307.85938 0.005397
21308.28906 0.005392
21308.72070 0.005388
21309.14062 0.005384
21309.57031 0.005379
21310.00000 0.005375
21310.42969 0.005359
21310.84961 0.005342
21311.27930 0.005326
21311.71094 0.00531
21312.13086 0.005293
21312.56055 0.005277
21312.99023 0.005261
21313.41992 0.005244
21313.83984 0.005228
21314.26953 0.005212
21314.69922 0.005195
21315.11914 0.005176
21315.55078 0.005151
21315.98047 0.005126
21316.41016 0.0051
21316.83008 0.005075
21317.25977 0.00505
21317.68945 0.005024
21318.11914 0.004999
21318.53906 0.004974
21318.97070 0.004948
21319.40039 0.004923
21319.82031 0.004898
21320.25000 0.004881
21320.67969 0.004871
21321.10938 0.00486
21321.52930 0.00485
21321.96094 0.00484
21322.39062 0.00483
21322.81055 0.004819
21323.24023 0.004809
21323.66992 0.004799
21324.09961 0.004788
21324.51953 0.004778
21324.94922 0.004768
21325.38086 0.004764
21325.81055 0.004761
21326.23047 0.004758
21326.66016 0.004755
21327.08984 0.004752
21327.51953 0.004749
21327.93945 0.004746
21328.36914 0.004743
21328.80078 0.00474
21329.23047 0.004737
21329.65039 0.004734
21330.08008 0.004727
21330.50977 0.004704
21330.93945 0.004681
21331.35938 0.004658
21331.78906 0.004636
21332.22070 0.004613
21332.65039 0.00459
21333.07031 0.004567
21333.50000 0.004544
21333.92969 0.004521
21334.35938 0.004499
21334.77930 0.004476
21335.21094 0.004459
21335.64062 0.004448
21336.07031 0.004437
21336.49023 0.004426
21336.91992 0.004415
21337.34961 0.004404
21337.77930 0.004393
21338.21094 0.004382
21338.63086 0.004371
21339.06055 0.00436
21339.49023 0.004349
21339.91016 0.004338
21340.33984 0.004329
21340.76953 0.004319
21341.19922 0.00431
21341.63086 0.004301
21342.05078 0.004291
21342.48047 0.004282
21342.91016 0.004272
21343.33984 0.004263
21343.75977 0.004254
21344.18945 0.004244
21344.61914 0.004235
21345.05078 0.004226
21345.47070 0.004219
21345.90039 0.004211
21346.33008 0.004204
21346.75977 0.004197
21347.18945 0.00419
21347.61914 0.004183
21348.03906 0.004176
21348.47070 0.004168
21348.90039 0.004161
21349.33008 0.004154
21349.75000 0.004147
21350.17969 0.004138
21350.60938 0.004128
21351.03906 0.004117
21351.46094 0.004106
21351.89062 0.004096
21352.32031 0.004085
21352.75000 0.004074
21353.17969 0.004063
21353.60938 0.004053
21354.02930 0.004042
21354.46094 0.004031
21354.89062 0.004021
21355.32031 0.004012
21355.74023 0.004004
21356.16992 0.003995
21356.59961 0.003987
21357.02930 0.003979
21357.46094 0.003971
21357.88086 0.003962
21358.31055 0.003954
21358.74023 0.003946
21359.16992 0.003938
21359.59961 0.003929
21360.02930 0.003921
21360.44922 0.00391
21360.88086 0.003899
21361.31055 0.003888
21361.74023 0.003878
21362.16992 0.003867
21362.58984 0.003856
21363.01953 0.003845
21363.44922 0.003834
21363.88086 0.003823
21364.31055 0.003813
21364.73047 0.003802
21365.16016 0.003785
21365.58984 0.003758
21366.01953 0.003732
21366.44922 0.003705
21366.86914 0.003678
21367.30078 0.003652
21367.73047 0.003625
21368.16016 0.003599
21368.58984 0.003572
21369.01953 0.003545
21369.44922 0.003519
21369.86914 0.003492
21370.30078 0.003485
21370.73047 0.003487
21371.16016 0.003489
21371.58984 0.00349
21372.01953 0.003492
21372.43945 0.003493
21372.86914 0.003495
21373.30078 0.003497
21373.73047 0.003498
