threeML/data/optical_filters/HST/NICMOS1-F190N.ecsv
# %ECSV 0.9
# ---
# datatype:
# - {name: wavelength, unit: Angstrom, datatype: float32}
# - {name: response, datatype: float32}
# meta: !!omap
# - {band_name: F190N}
# - {group_name: NICMOS1}
wavelength response
[from data line 767]
18906.39062 0.162046
18906.58984 0.162839
18906.78906 0.163633
18906.99023 0.164426
18907.18945 0.16522
18907.38086 0.166013
18907.58984 0.166814
18907.78906 0.167608
18907.98047 0.168401
18908.17969 0.169174
18908.38086 0.169946
18908.58008 0.170717
18908.77930 0.171489
18908.98047 0.172261
18909.17969 0.173032
18909.38086 0.173811
18909.58008 0.174583
18909.77930 0.175354
18909.98047 0.176126
18910.17969 0.176967
18910.38086 0.177816
18910.58008 0.178666
18910.77930 0.179515
18910.98047 0.180373
18911.17969 0.181222
18911.36914 0.182071
18911.57031 0.182921
18911.76953 0.18377
18911.97070 0.184619
18912.16992 0.185382
18912.36914 0.186138
18912.57031 0.186887
18912.76953 0.187635
18912.97070 0.188384
18913.16992 0.189133
18913.36914 0.189881
18913.57031 0.19063
18913.76953 0.191386
18913.97070 0.192135
18914.16992 0.192861
18914.36914 0.193583
18914.57031 0.194305
18914.76953 0.195028
18914.96094 0.19575
18915.16992 0.196479
18915.36914 0.197201
18915.56055 0.197924
18915.75977 0.198646
18915.96094 0.199368
18916.16016 0.200065
18916.35938 0.200763
18916.56055 0.201455
18916.75977 0.202146
18916.96094 0.202838
18917.16016 0.203529
18917.35938 0.20422
18917.56055 0.204919
18917.75977 0.20561
18917.96094 0.206301
18918.16016 0.206881
18918.35938 0.207432
18918.56055 0.207982
18918.75977 0.208538
18918.96094 0.209089
18919.16016 0.20964
18919.35938 0.21019
18919.55078 0.210741
18919.75000 0.211291
18919.96094 0.211847
18920.15039 0.212235
18920.34961 0.212576
18920.55078 0.212916
18920.75000 0.213256
18920.94922 0.2136
18921.15039 0.21394
18921.34961 0.214281
18921.55078 0.214621
18921.75000 0.214961
18921.94922 0.215305
18922.15039 0.215687
18922.34961 0.216083
18922.55078 0.216478
18922.75000 0.216874
18922.94922 0.217273
18923.15039 0.217669
18923.34961 0.218065
18923.55078 0.21846
18923.75000 0.218856
18923.94922 0.219255
18924.15039 0.219519
18924.34961 0.219736
18924.53906 0.219952
18924.74023 0.220169
18924.94922 0.220387
18925.14062 0.220604
18925.33984 0.22082
18925.53906 0.221036
18925.74023 0.221253
18925.93945 0.221471
18926.14062 0.221759
18926.33984 0.222074
18926.53906 0.222389
18926.74023 0.222705
18926.93945 0.223023
18927.14062 0.223338
18927.33984 0.223654
18927.53906 0.223969
18927.74023 0.224288
18927.93945 0.224603
18928.14062 0.224743
18928.33984 0.224806
18928.53906 0.22487
18928.74023 0.224934
18928.93945 0.224997
18929.14062 0.225061
18929.33984 0.225124
18929.53906 0.225188
18929.74023 0.225252
18929.93945 0.225315
18930.13086 0.225492
18930.33984 0.225726
18930.53906 0.225958
18930.73047 0.22619
18930.92969 0.226421
18931.13086 0.226655
18931.33008 0.226887
18931.52930 0.227119
18931.73047 0.22735
18931.92969 0.227582
18932.13086 0.227749
18932.33008 0.227882
18932.52930 0.228014
18932.73047 0.228146
18932.92969 0.228279
18933.13086 0.228411
18933.33008 0.228543
18933.52930 0.228675
18933.73047 0.228808
18933.92969 0.22894
18934.13086 0.228997
18934.33008 0.229014
18934.52930 0.22903
18934.73047 0.229046
18934.92969 0.229062
18935.13086 0.229078
18935.33008 0.229095
18935.52930 0.229111
18935.73047 0.229127
18935.92969 0.229143
18936.13086 0.229161
18936.33008 0.229181
18936.52930 0.2292
18936.73047 0.22922
18936.92969 0.229239
18937.13086 0.229258
18937.33008 0.229278
18937.52930 0.229297
18937.72070 0.229317
18937.91992 0.229336
18938.13086 0.229391
18938.32031 0.229466
18938.51953 0.229542
18938.72070 0.229618
18938.91992 0.229694
18939.11914 0.229769
18939.32031 0.229845
18939.51953 0.229921
18939.72070 0.229996
18939.91992 0.230072
18940.11914 0.230127
18940.32031 0.230169
18940.51953 0.23021
18940.72070 0.230251
18940.91992 0.230293
18941.11914 0.230334
18941.32031 0.230376
18941.51953 0.230418
18941.72070 0.230459
18941.91992 0.2305
18942.11914 0.230492
18942.32031 0.23045
18942.51953 0.230408
18942.72070 0.230366
18942.91992 0.230324
18943.11914 0.230282
18943.32031 0.23024
18943.51953 0.230198
18943.72070 0.230157
18943.91992 0.230115
18944.11914 0.23007
18944.32031 0.230023
18944.51953 0.229977
18944.72070 0.229931
18944.91992 0.229884
18945.11914 0.229837
18945.32031 0.229791
18945.51953 0.229744
18945.72070 0.229698
18945.91992 0.229651
18946.11914 0.229603
18946.32031 0.229553
18946.51953 0.229504
18946.72070 0.229454
18946.91992 0.229405
18947.11914 0.229356
18947.32031 0.229306
18947.51953 0.229257
18947.71094 0.229208
18947.91992 0.229158
18948.11914 0.229156
18948.31055 0.229188
18948.51953 0.22922
18948.71094 0.229253
18948.91016 0.229285
18949.11914 0.229318
18949.31055 0.22935
18949.50977 0.229382
18949.71094 0.229415
18949.91016 0.229447
18950.10938 0.229478
18950.31055 0.229509
18950.50977 0.22954
18950.71094 0.22957
18950.91016 0.229601
18951.10938 0.229631
18951.31055 0.229661
18951.50977 0.229692
18951.71094 0.229722
18951.91016 0.229753
18952.10938 0.229735
18952.31055 0.229681
18952.50977 0.229626
18952.71094 0.229572
18952.91016 0.229518
18953.10938 0.229463
18953.31055 0.229409
18953.50977 0.229355
18953.71094 0.2293
18953.91016 0.229246
18954.10938 0.22921
18954.31055 0.229189
18954.50977 0.229168
18954.71094 0.229147
18954.91016 0.229127
18955.10938 0.229106
18955.31055 0.229085
18955.50977 0.229064
18955.71094 0.229043
18955.91016 0.229022
18956.10938 0.229012
18956.31055 0.22901
18956.50977 0.229007
18956.71094 0.229005
18956.91016 0.229003
18957.10938 0.229001
18957.31055 0.228999
18957.50977 0.228996
18957.71094 0.228994
18957.91016 0.228992
18958.10938 0.229005
18958.31055 0.22903
18958.50977 0.229055
18958.71094 0.22908
18958.91016 0.229105
18959.10938 0.22913
18959.31055 0.229155
18959.50977 0.229181
18959.71094 0.229205
18959.91016 0.22923
18960.10938 0.229245
18960.31055 0.229252
18960.50977 0.229258
18960.71094 0.229265
18960.91016 0.229271
18961.10938 0.229278
18961.31055 0.229284
18961.50977 0.229291
18961.71094 0.229297
18961.91016 0.229304
18962.10938 0.229294
18962.31055 0.229272
18962.50977 0.22925
18962.71094 0.229228
18962.91016 0.229206
18963.10938 0.229184
18963.31055 0.229162
18963.50977 0.22914
18963.71094 0.229118
18963.91016 0.229096
18964.10938 0.229085
18964.31055 0.229084
18964.50977 0.229082
18964.71094 0.22908
18964.91016 0.229078
18965.10938 0.229076
18965.31055 0.229075
18965.50977 0.229073
18965.71094 0.229071
18965.91016 0.229069
18966.10938 0.229065
18966.31055 0.229058
18966.50977 0.229051
18966.71094 0.229045
18966.91016 0.229038
18967.10938 0.229031
18967.31055 0.229025
18967.50977 0.229018
18967.71094 0.229011
18967.91016 0.229005
18968.10938 0.228973
18968.31055 0.228923
18968.50977 0.228873
18968.71094 0.228823
18968.91016 0.228773
18969.10938 0.228722
18969.31055 0.228672
18969.50977 0.228622
18969.71094 0.228572
18969.91016 0.228521
18970.10938 0.228553
18970.31055 0.228649
18970.50977 0.228743
18970.71094 0.228838
18970.91016 0.228933
18971.10938 0.229027
18971.31055 0.229123
18971.50977 0.229217
18971.71094 0.229313
18971.91016 0.229407
18972.11914 0.229481
18972.31055 0.229539
18972.51953 0.229598
18972.71094 0.229656
18972.91992 0.229714
18973.11914 0.229772
18973.32031 0.229831
18973.51953 0.229889
18973.71094 0.229947
18973.91992 0.230006
18974.11914 0.229986
18974.32031 0.22991
18974.51953 0.229834
18974.72070 0.229757
18974.91992 0.229681
18975.11914 0.229604
18975.32031 0.229528
18975.51953 0.229452
18975.72070 0.229376
18975.91992 0.229299
18976.11914 0.229295
18976.32031 0.22934
18976.51953 0.229386
18976.72070 0.229432
18976.91992 0.229477
18977.11914 0.229523
18977.32031 0.229568
18977.51953 0.229614
18977.72070 0.229659
18977.91992 0.229705
18978.11914 0.229691
18978.32031 0.229638
18978.51953 0.229584
18978.72070 0.229531
18978.91992 0.229478
18979.11914 0.229424
18979.32031 0.229371
18979.51953 0.229317
18979.72070 0.229264
18979.91992 0.22921
18980.11914 0.229203
18980.32031 0.229224
18980.51953 0.229246
18980.72070 0.229268
18980.91992 0.22929
18981.11914 0.229312
18981.32031 0.229333
18981.51953 0.229355
18981.72070 0.229377
18981.91992 0.229399
18982.11914 0.22937
18982.32031 0.229309
18982.51953 0.229248
18982.72070 0.229187
18982.91992 0.229127
18983.13086 0.229066
18983.32031 0.229006
18983.52930 0.228945
18983.72070 0.228884
18983.92969 0.228823
18984.11914 0.228779
18984.33008 0.228744
18984.52930 0.228709
18984.73047 0.228674
18984.92969 0.228639
18985.13086 0.228605
18985.33008 0.22857
18985.52930 0.228535
18985.73047 0.2285
18985.92969 0.228465
18986.13086 0.228463
18986.33008 0.228479
18986.52930 0.228495
18986.73047 0.228511
18986.92969 0.228528
18987.13086 0.228544
18987.33008 0.22856
18987.52930 0.228576
18987.73047 0.228592
18987.92969 0.228608
18988.13086 0.228656
18988.33008 0.22872
18988.52930 0.228784
18988.73047 0.228849
18988.92969 0.228913
18989.13086 0.228977
18989.33008 0.229042
18989.52930 0.229106
18989.73047 0.22917
18989.92969 0.229234
18990.13086 0.229225
18990.33008 0.229179
18990.53906 0.229133
18990.73047 0.229087
18990.93945 0.229041
18991.14062 0.228995
18991.33984 0.228949
18991.53906 0.228903
18991.74023 0.228857
18991.93945 0.228811
18992.14062 0.228811
18992.33984 0.228832
18992.53906 0.228853
18992.74023 0.228873
18992.93945 0.228894
18993.14062 0.228915
18993.33984 0.228936
18993.53906 0.228957
18993.74023 0.228978
18993.93945 0.228998
18994.14062 0.228947
18994.33984 0.228866
18994.53906 0.228785
18994.74023 0.228703
18994.93945 0.228622
18995.14062 0.228541
18995.33984 0.228459
18995.53906 0.228378
18995.74023 0.228296
18995.93945 0.228215
18996.14062 0.228219
18996.34961 0.228255
18996.53906 0.228292
18996.75000 0.228328
18996.94922 0.228364
18997.15039 0.228401
18997.34961 0.228437
18997.55078 0.228474
18997.75000 0.22851
18997.94922 0.228546
18998.15039 0.228502
18998.34961 0.22843
18998.55078 0.228358
18998.75000 0.228285
18998.94922 0.228214
18999.15039 0.228141
18999.34961 0.228068
18999.55078 0.227996
18999.75000 0.227924
18999.94922 0.227852
19000.15039 0.227806
19000.34961 0.227769
19000.55078 0.227733
19000.75000 0.227695
19000.96094 0.227659
19001.15039 0.227622
19001.35938 0.227585
19001.55078 0.227548
19001.75977 0.227511
19001.96094 0.227474
19002.16016 0.227398
19002.35938 0.22731
19002.56055 0.227222
19002.75977 0.227135
19002.96094 0.227047
19003.16016 0.22696
19003.35938 0.226872
19003.56055 0.226784
19003.75977 0.226697
19003.96094 0.22661
19004.16016 0.226618
19004.35938 0.226649
19004.56055 0.22668
19004.75977 0.226711
19004.96094 0.226742
19005.16016 0.226773
19005.35938 0.226803
19005.56055 0.226835
19005.76953 0.226866
19005.96094 0.226897
19006.16992 0.226926
19006.36914 0.226955
19006.57031 0.226983
19006.76953 0.227012
19006.97070 0.227041
19007.16992 0.227069
19007.36914 0.227098
19007.57031 0.227127
19007.76953 0.227155
19007.97070 0.227184
19008.16992 0.227119
19008.36914 0.227039
19008.57031 0.226958
19008.76953 0.226877
19008.97070 0.226796
19009.16992 0.226715
19009.38086 0.226634
19009.57031 0.226554
19009.77930 0.226473
19009.98047 0.226392
19010.17969 0.226282
19010.38086 0.226168
19010.58008 0.226053
19010.77930 0.22594
19010.98047 0.225826
19011.17969 0.225711
19011.38086 0.225598
19011.58008 0.225483
19011.77930 0.225369
19011.98047 0.225255
19012.17969 0.225316
19012.38086 0.225396
19012.58008 0.225475
19012.77930 0.225555
19012.98047 0.225635
19013.17969 0.225714
19013.38086 0.225794
19013.58984 0.225874
19013.78906 0.225953
19013.99023 0.226033
19014.18945 0.225856
19014.39062 0.225663
19014.58984 0.225468
19014.78906 0.225273
19014.99023 0.225078
19015.18945 0.224885
19015.39062 0.22469
19015.58984 0.224495
19015.78906 0.224301
19015.99023 0.224106
19016.18945 0.224078
19016.39062 0.224056
19016.58984 0.224034
19016.78906 0.224012
19017.00000 0.22399
19017.19922 0.223968
19017.40039 0.223946
19017.59961 0.223924
19017.80078 0.223902
19018.00000 0.22388
19018.19922 0.223911
19018.40039 0.223942
19018.59961 0.223974
19018.80078 0.224005
19019.00000 0.224036
19019.19922 0.224067
19019.40039 0.224099
19019.59961 0.22413
19019.80078 0.224161
19020.00000 0.224191
19020.21094 0.224165
19020.41016 0.224139
19020.60938 0.224114
19020.81055 0.224088
19021.00977 0.224062
19021.21094 0.224036
19021.41016 0.22401
19021.60938 0.223984
19021.81055 0.223959
19022.00977 0.223927
19022.21094 0.223792
19022.41016 0.223656
19022.60938 0.223521
19022.81055 0.223387
19023.00977 0.223251
19023.21094 0.223115
19023.41992 0.22298
19023.61914 0.222846
19023.82031 0.22271
19024.01953 0.222582
19024.22070 0.222529
19024.41992 0.222476
19024.61914 0.222423
19024.82031 0.22237
19025.01953 0.222318
19025.22070 0.222265
19025.41992 0.222212
19025.61914 0.222159
19025.82031 0.222106
19026.01953 0.222063
19026.22070 0.222088
19026.42969 0.222114
19026.63086 0.22214
19026.83008 0.222165
19027.02930 0.222191
19027.23047 0.222217
19027.42969 0.222243
19027.63086 0.222268
19027.83008 0.222294
19028.02930 0.222302
19028.23047 0.222214
19028.42969 0.222128
19028.63086 0.22204
19028.83008 0.221952
19029.03906 0.221864
19029.24023 0.221776
19029.43945 0.22169
19029.64062 0.221602
19029.83984 0.221514
19030.03906 0.221421
19030.24023 0.221305
19030.43945 0.221189
19030.64062 0.221072
19030.83984 0.220955
19031.03906 0.220839
19031.24023 0.220723
19031.43945 0.220607
19031.64062 0.22049
19031.84961 0.220373
19032.03906 0.220276
19032.25000 0.220239
19032.44922 0.220202
19032.65039 0.220165
19032.84961 0.220128
19033.05078 0.220091
19033.25000 0.220055
19033.44922 0.220018
19033.65039 0.219981
19033.84961 0.219944
19034.05078 0.219891
19034.25000 0.219793
19034.46094 0.219695
19034.66016 0.219597
19034.85938 0.219499
19035.06055 0.219402
19035.25977 0.219304
19035.46094 0.219206
19035.66016 0.219108
19035.85938 0.21901
19036.06055 0.218885
19036.25977 0.218692
19036.46094 0.2185
19036.66016 0.218307
19036.86914 0.218115
19037.06055 0.217925
19037.26953 0.217732
19037.47070 0.21754
19037.66992 0.217347
19037.86914 0.217155
19038.07031 0.216984
19038.26953 0.216854
19038.47070 0.216723
19038.66992 0.216592
19038.86914 0.216461
19039.07031 0.21633
19039.26953 0.2162
19039.47070 0.216069
19039.67969 0.215938
19039.88086 0.215807
19040.08008 0.215643
19040.27930 0.215428
19040.48047 0.215216
19040.67969 0.215001
19040.88086 0.214787
19041.08008 0.214572
19041.27930 0.214358
19041.48047 0.214143
19041.67969 0.21393
19041.88086 0.213716
19042.08984 0.21351
19042.28906 0.213316
19042.49023 0.213123
19042.68945 0.212929
19042.89062 0.212735
19043.08984 0.212543
19043.28906 0.21235
19043.49023 0.212156
19043.68945 0.211962
19043.89062 0.211769
19044.09961 0.211498
19044.28906 0.211147
19044.50000 0.210793
19044.69922 0.210438
19044.90039 0.210084
19045.09961 0.209729
19045.30078 0.209374
19045.50000 0.20902
19045.69922 0.208669
19045.90039 0.208314
19046.09961 0.207923
19046.30078 0.207497
19046.50977 0.20707
19046.71094 0.206644
19046.91016 0.206218
19047.10938 0.205792
19047.31055 0.20537
19047.50977 0.204944
19047.71094 0.204518
19047.91016 0.204092
19048.10938 0.203597
19048.31055 0.20305
19048.51953 0.202503
19048.71094 0.201961
19048.91992 0.201413
19049.11914 0.200866
19049.32031 0.200319
19049.51953 0.199771
19049.72070 0.199224
19049.91992 0.198676
19050.11914 0.198223
19050.32031 0.19783
19050.51953 0.19744
19050.72070 0.197047
19050.92969 0.196653
19051.13086 0.19626
19051.33008 0.195866
19051.52930 0.195473
19051.73047 0.195079
19051.92969 0.194686
19052.13086 0.194276
19052.33008 0.193862
19052.52930 0.193443
19052.73047 0.193025
19052.93945 0.192607
19053.14062 0.192189
19053.33984 0.19177
19053.53906 0.191352
19053.74023 0.190934
19053.93945 0.190515
19054.14062 0.19017
19054.33984 0.189859
19054.53906 0.189544
19054.74023 0.189229
19054.94922 0.188914
19055.15039 0.1886
19055.34961 0.188285
19055.55078 0.18797
19055.75000 0.187655
19055.94922 0.18734
19056.15039 0.186843
19056.34961 0.186288
19056.55078 0.185733
19056.75000 0.185184
19056.96094 0.184629
19057.16016 0.184074
19057.35938 0.183518
19057.56055 0.182963
19057.75977 0.182408
19057.96094 0.181853
19058.16016 0.181131
19058.35938 0.180369
19058.56055 0.179607
19058.76953 0.178845
19058.97070 0.178083
19059.16992 0.177321
19059.36914 0.176566
