threeML/data/optical_filters/HST/NICMOS3-F150W.ecsv
# %ECSV 0.9
# ---
# datatype:
# - {name: wavelength, unit: Angstrom, datatype: float32}
# - {name: response, datatype: float32}
# meta: !!omap
# - {band_name: F150W}
# - {group_name: NICMOS3}
wavelength response
[from data line 1533]
11650.79980 0.140217
11651.79004 0.14028
11652.78027 0.140343
11653.76953 0.140406
11654.75000 0.140468
11655.74023 0.140521
11656.73047 0.14057
11657.71973 0.140619
11658.70996 0.140668
11659.70020 0.140717
11660.67969 0.140764
11661.66992 0.140809
11662.66016 0.140855
11663.65039 0.140901
11664.63965 0.140946
11665.62988 0.140995
11666.62012 0.141046
11667.61035 0.141097
11668.59961 0.141149
11669.58984 0.1412
11670.58008 0.141241
11671.57031 0.141275
11672.55957 0.14131
11673.54980 0.141344
11674.54004 0.141379
11675.53027 0.14141
11676.51953 0.141438
11677.50977 0.141465
11678.50000 0.141493
11679.49023 0.141521
11680.48047 0.141556
11681.46973 0.141598
11682.45996 0.141641
11683.45020 0.141683
11684.44043 0.141725
11685.42969 0.141757
11686.41992 0.141776
11687.41016 0.141794
11688.40039 0.141813
11689.38965 0.141831
11690.37988 0.14185
11691.37988 0.141871
11692.37012 0.141892
11693.36035 0.141912
11694.34961 0.141933
11695.33984 0.141951
11696.33008 0.141964
11697.33008 0.141977
11698.32031 0.141991
11699.30957 0.142004
11700.29980 0.142018
11701.29004 0.142034
11702.29004 0.14205
11703.28027 0.142065
11704.26953 0.142081
11705.25977 0.142091
11706.25977 0.142086
11707.25000 0.14208
11708.24023 0.142074
11709.23047 0.142068
11710.23047 0.142064
11711.21973 0.142067
11712.20996 0.142069
11713.20996 0.142071
11714.20020 0.142074
11715.19043 0.142074
11716.19043 0.142069
11717.17969 0.142064
11718.16992 0.142058
11719.16992 0.142053
11720.16016 0.142045
11721.16016 0.142025
11722.15039 0.142005
11723.13965 0.141985
11724.13965 0.141965
11725.12988 0.141947
11726.12988 0.141943
11727.12012 0.141938
11728.11035 0.141933
11729.11035 0.141928
11730.09961 0.141922
11731.09961 0.141901
11732.08984 0.141881
11733.08984 0.14186
11734.08008 0.141839
11735.08008 0.141818
11736.07031 0.141793
11737.07031 0.141769
11738.05957 0.141744
11739.05957 0.141719
11740.04980 0.141695
11741.04980 0.141674
11742.04004 0.141654
11743.04004 0.141633
11744.04004 0.141613
11745.03027 0.141592
11746.03027 0.141549
11747.01953 0.141507
11748.01953 0.141465
11749.01953 0.141422
11750.00977 0.14138
11751.00977 0.141357
11752.00977 0.141333
11753.00000 0.141309
11754.00000 0.141285
11755.00000 0.141262
11755.99023 0.141225
11756.99023 0.141187
11757.99023 0.14115
11758.98047 0.141113
11759.98047 0.141076
11760.98047 0.141039
11761.96973 0.141002
11762.96973 0.140965
11763.96973 0.140927
11764.96973 0.14089
11765.95996 0.140848
11766.95996 0.140806
11767.95996 0.140763
11768.95996 0.14072
11769.95996 0.140678
11770.95020 0.140638
11771.95020 0.140598
11772.95020 0.140557
11773.95020 0.140517
11774.95020 0.140477
11775.95020 0.14044
11776.94043 0.140403
11777.94043 0.140366
11778.94043 0.140329
11779.94043 0.140292
11780.94043 0.140239
11781.94043 0.140185
11782.94043 0.14013
11783.94043 0.140076
11784.94043 0.140022
11785.94043 0.139979
11786.92969 0.139936
11787.92969 0.139894
11788.92969 0.139851
11789.92969 0.139809
11790.92969 0.139757
11791.92969 0.139704
11792.92969 0.139651
11793.92969 0.139598
11794.92969 0.139545
11795.92969 0.1395
11796.92969 0.139456
11797.92969 0.139412
11798.92969 0.139368
11799.92969 0.139324
11800.94043 0.13928
11801.94043 0.139236
11802.94043 0.139192
11803.94043 0.139148
11804.94043 0.139104
11805.94043 0.139047
11806.94043 0.13899
11807.94043 0.138932
11808.94043 0.138875
11809.95020 0.138818
11810.95020 0.13876
11811.95020 0.138703
11812.95020 0.138646
11813.95020 0.138588
11814.95020 0.138531
11815.95996 0.138475
11816.95996 0.138419
11817.95996 0.138363
11818.95996 0.138307
11819.95996 0.138251
11820.96973 0.138199
11821.96973 0.138148
11822.96973 0.138096
11823.96973 0.138045
11824.98047 0.137993
11825.98047 0.137933
11826.98047 0.137873
11827.98047 0.137813
11828.99023 0.137753
11829.99023 0.137693
11830.99023 0.137655
11832.00000 0.137617
11833.00000 0.137579
11834.00000 0.137541
11835.00977 0.137502
11836.00977 0.137449
11837.00977 0.137396
11838.01953 0.137343
11839.01953 0.13729
11840.03027 0.137236
11841.03027 0.137175
11842.03027 0.137114
11843.04004 0.137053
11844.04004 0.136992
11845.04980 0.136931
11846.04980 0.136885
11847.05957 0.136839
11848.05957 0.136794
11849.05957 0.136748
11850.07031 0.136702
11851.07031 0.136655
11852.08008 0.136608
11853.08008 0.136562
11854.08984 0.136515
11855.08984 0.136467
11856.09961 0.136412
11857.11035 0.136357
11858.11035 0.136302
11859.12012 0.136247
11860.12012 0.136193
11861.12988 0.136153
11862.12988 0.136112
11863.13965 0.136071
11864.15039 0.13603
11865.15039 0.13599
11866.16016 0.135949
11867.16016 0.135908
11868.16992 0.135868
11869.17969 0.135827
11870.17969 0.135784
11871.19043 0.135727
11872.20020 0.135671
11873.20020 0.135615
11874.20996 0.135559
11875.21973 0.135507
11876.21973 0.135468
11877.23047 0.135428
11878.24023 0.135389
11879.25000 0.13535
11880.25000 0.135309
11881.25977 0.135264
11882.26953 0.135218
11883.26953 0.135173
11884.28027 0.135127
11885.29004 0.135084
11886.29980 0.135047
11887.30957 0.135011
11888.30957 0.134974
11889.32031 0.134938
11890.33008 0.134901
11891.33984 0.134863
11892.34961 0.134825
11893.36035 0.134787
11894.36035 0.134749
11895.37012 0.134714
11896.37988 0.134684
11897.38965 0.134655
11898.40039 0.134626
11899.41016 0.134596
11900.41992 0.134562
11901.42969 0.134523
11902.42969 0.134484
11903.44043 0.134444
11904.45020 0.134405
11905.45996 0.134371
11906.46973 0.134343
11907.48047 0.134314
11908.49023 0.134286
11909.50000 0.134258
11910.50977 0.134228
11911.51953 0.134197
11912.53027 0.134166
11913.54004 0.134134
11914.54980 0.134103
11915.55957 0.134075
11916.57031 0.13405
11917.58008 0.134025
11918.58984 0.134
11919.59961 0.133975
11920.62012 0.133954
11921.62988 0.133934
11922.63965 0.133915
11923.65039 0.133895
11924.66016 0.133876
11925.66992 0.133859
11926.67969 0.133845
11927.69043 0.133831
11928.70020 0.133816
11929.71973 0.133802
11930.73047 0.133786
11931.74023 0.13377
11932.75000 0.133755
11933.75977 0.133739
11934.78027 0.133723
11935.79004 0.133709
11936.79980 0.133695
11937.80957 0.133681
11938.82031 0.133668
11939.83984 0.133654
11940.84961 0.133649
11941.86035 0.133645
11942.87012 0.133641
11943.88965 0.133637
11944.90039 0.133633
11945.91016 0.133623
11946.91992 0.133612
11947.94043 0.133601
11948.95020 0.13359
11949.95996 0.133579
11950.98047 0.133582
11951.99023 0.133585
11953.00000 0.133588
11954.01953 0.133592
11955.03027 0.133595
11956.04980 0.133596
11957.05957 0.133596
11958.07031 0.133596
11959.08984 0.133597
11960.09961 0.133598
11961.12012 0.133603
11962.12988 0.133608
11963.13965 0.133613
11964.16016 0.133619
11965.16992 0.133624
11966.19043 0.133633
11967.20020 0.133641
11968.21973 0.13365
11969.23047 0.133659
11970.25000 0.133669
11971.25977 0.133687
11972.28027 0.133704
11973.29004 0.133721
11974.30957 0.133739
11975.32031 0.133753
11976.33984 0.13376
11977.34961 0.133767
11978.37012 0.133774
11979.38965 0.133781
11980.40039 0.133795
11981.41992 0.133821
11982.42969 0.133847
11983.45020 0.133873
11984.46973 0.133899
11985.48047 0.133926
11986.50000 0.133953
11987.50977 0.13398
11988.53027 0.134007
11989.54980 0.134034
11990.55957 0.134059
11991.58008 0.134082
11992.59961 0.134105
11993.62012 0.134128
11994.62988 0.134151
11995.65039 0.134189
11996.66992 0.134237
11997.67969 0.134285
11998.70020 0.134332
11999.71973 0.13438
12000.74023 0.13441
12001.75000 0.134434
12002.76953 0.134458
12003.79004 0.134482
12004.80957 0.134506
12005.83008 0.134524
12006.83984 0.134541
12007.86035 0.134559
12008.87988 0.134576
12009.90039 0.134593
12010.91992 0.134614
12011.92969 0.134635
12012.95020 0.134657
12013.96973 0.134678
12014.99023 0.1347
12016.00977 0.13473
12017.03027 0.13476
12018.04980 0.13479
12019.07031 0.13482
12020.08984 0.134849
12021.11035 0.134873
12022.12988 0.134897
12023.13965 0.134921
12024.16016 0.134945
12025.17969 0.134972
12026.20020 0.135009
12027.21973 0.135046
12028.24023 0.135083
12029.25977 0.13512
12030.28027 0.135157
12031.29980 0.135194
12032.32031 0.135232
12033.33984 0.135269
12034.36035 0.135306
12035.37988 0.135343
12036.40039 0.135379
12037.42969 0.135415
12038.45020 0.135452
12039.46973 0.135488
12040.49023 0.135529
12041.50977 0.135574
12042.53027 0.135619
12043.54980 0.135665
12044.57031 0.13571
12045.58984 0.135754
12046.62012 0.135796
12047.63965 0.135839
12048.66016 0.135881
12049.67969 0.135924
12050.70020 0.13597
12051.71973 0.136017
12052.75000 0.136065
12053.76953 0.136112
12054.79004 0.13616
12055.80957 0.136207
12056.83008 0.136253
12057.86035 0.1363
12058.87988 0.136346
12059.90039 0.136393
12060.91992 0.136453
12061.95020 0.136515
12062.96973 0.136577
12063.99023 0.136639
12065.01953 0.136701
12066.04004 0.136752
12067.05957 0.136804
12068.08008 0.136855
12069.11035 0.136907
12070.12988 0.136959
12071.16016 0.137012
12072.17969 0.137066
12073.20020 0.13712
12074.23047 0.137173
12075.25000 0.13723
12076.26953 0.137296
12077.29980 0.137362
12078.32031 0.137428
12079.34961 0.137494
12080.37012 0.137556
12081.40039 0.137609
12082.41992 0.137661
12083.44043 0.137714
12084.46973 0.137767
12085.49023 0.137821
12086.51953 0.137876
12087.54004 0.137932
12088.57031 0.137987
12089.58984 0.138042
12090.62012 0.138104
12091.63965 0.13817
12092.66992 0.138237
12093.70020 0.138303
12094.71973 0.13837
12095.75000 0.138433
12096.76953 0.138494
12097.79980 0.138555
12098.82031 0.138616
12099.84961 0.138677
12100.87012 0.138741
12101.90039 0.138806
12102.92969 0.138871
12103.95020 0.138936
12104.98047 0.139001
12106.00977 0.139075
12107.03027 0.13915
12108.05957 0.139225
12109.08984 0.1393
12110.11035 0.139373
12111.13965 0.139432
12112.16992 0.139491
12113.19043 0.13955
12114.21973 0.13961
12115.25000 0.139672
12116.28027 0.139744
12117.29980 0.139817
12118.33008 0.139889
12119.36035 0.139962
12120.38965 0.14003
12121.41016 0.140092
12122.44043 0.140154
12123.46973 0.140217
12124.50000 0.140279
12125.53027 0.140347
12126.54980 0.140421
12127.58008 0.140496
12128.61035 0.14057
12129.63965 0.140645
12130.66992 0.140712
12131.70020 0.140776
12132.73047 0.14084
12133.75000 0.140904
12134.78027 0.140968
12135.80957 0.14104
12136.83984 0.141113
12137.87012 0.141185
12138.90039 0.141258
12139.92969 0.141331
12140.95996 0.1414
12141.99023 0.141469
12143.01953 0.141538
12144.04980 0.141606
12145.08008 0.141674
12146.11035 0.141732
12147.13965 0.14179
12148.16992 0.141848
12149.20020 0.141905
12150.23047 0.141968
12151.25977 0.142048
12152.29004 0.142127
12153.32031 0.142206
12154.34961 0.142286
12155.37988 0.142357
12156.41016 0.142412
12157.44043 0.142468
12158.46973 0.142523
12159.50000 0.142579
12160.53027 0.142636
12161.57031 0.142695
12162.59961 0.142754
12163.62988 0.142812
12164.66016 0.142871
12165.69043 0.142934
12166.71973 0.143
12167.75000 0.143066
12168.79004 0.143131
12169.82031 0.143197
12170.84961 0.143256
12171.87988 0.143314
12172.91992 0.143372
12173.95020 0.143429
12174.98047 0.143487
12176.00977 0.143544
12177.04004 0.143602
12178.08008 0.14366
12179.11035 0.143718
12180.13965 0.143776
12181.16992 0.143832
12182.20996 0.143887
12183.24023 0.143943
12184.26953 0.143999
12185.30957 0.144053
12186.33984 0.144104
12187.37012 0.144154
12188.41016 0.144204
12189.44043 0.144255
12190.46973 0.144306
12191.50977 0.144358
12192.54004 0.14441
12193.58008 0.144462
12194.61035 0.144514
12195.63965 0.144566
12196.67969 0.144619
12197.70996 0.144671
12198.75000 0.144723
12199.78027 0.144776
12200.82031 0.144813
12201.84961 0.144846
12202.87988 0.14488
12203.91992 0.144913
12204.95020 0.144947
12205.99023 0.144981
12207.01953 0.145016
12208.05957 0.14505
12209.08984 0.145085
12210.12988 0.145121
12211.16992 0.14516
12212.20020 0.145201
12213.24023 0.14524
12214.26953 0.145281
12215.30957 0.145315
12216.33984 0.145338
12217.37988 0.145361
12218.41992 0.145383
12219.45020 0.145406
12220.49023 0.145433
12221.51953 0.145465
12222.55957 0.145498
12223.59961 0.14553
12224.62988 0.145562
12225.66992 0.14559
12226.70996 0.145615
12227.74023 0.145639
12228.78027 0.145664
12229.82031 0.145688
12230.84961 0.14571
12231.88965 0.145732
12232.92969 0.145753
12233.96973 0.145774
12235.00000 0.145795
12236.04004 0.145805
12237.08008 0.145816
12238.12012 0.145826
12239.15039 0.145836
12240.19043 0.145846
12241.23047 0.14586
12242.26953 0.145873
12243.30957 0.145886
12244.33984 0.145899
12245.37988 0.145913
12246.41992 0.145929
12247.45996 0.145945
12248.50000 0.14596
12249.54004 0.145976
12250.58008 0.145982
12251.61035 0.145982
12252.65039 0.145982
12253.69043 0.145982
12254.73047 0.145981
12255.76953 0.145985
12256.80957 0.14599
12257.84961 0.145994
12258.88965 0.145999
12259.92969 0.146004
12260.96973 0.146004
12262.00977 0.146003
12263.04980 0.146002
12264.08984 0.146001
12265.12988 0.146
12266.16992 0.145989
12267.20996 0.145979
12268.25000 0.145969
12269.29004 0.145959
12270.33008 0.145952
12271.37012 0.145952
12272.41016 0.145951
12273.45020 0.14595
12274.49023 0.14595
12275.53027 0.145943
12276.57031 0.14593
12277.61035 0.145917
12278.65039 0.145904
12279.70020 0.145891
12280.74023 0.145867
12281.78027 0.145838
12282.82031 0.145808
12283.86035 0.145779
12284.90039 0.14575
12285.94043 0.145736
12286.99023 0.145724
12288.03027 0.145712
12289.07031 0.1457
12290.11035 0.145686
12291.15039 0.145656
12292.20020 0.145626
12293.24023 0.145597
12294.28027 0.145567
12295.32031 0.145537
12296.37012 0.145506
12297.41016 0.145475
12298.45020 0.145444
12299.50000 0.145413
12300.54004 0.145386
12301.58008 0.145362
12302.62012 0.145339
12303.66992 0.145315
12304.70996 0.145292
12305.75000 0.145265
12306.79980 0.145236
12307.83984 0.145207
12308.87988 0.145179
12309.92969 0.14515
12310.96973 0.145101
12312.01953 0.145051
12313.05957 0.145001
12314.09961 0.144951
12315.15039 0.144902
12316.19043 0.144863
12317.24023 0.144824
12318.28027 0.144785
12319.33008 0.144746
12320.37012 0.144701
12321.41992 0.144648
12322.45996 0.144595
12323.50977 0.144541
12324.54980 0.144488
12325.59961 0.14443
12326.63965 0.14437
12327.69043 0.144309
12328.73047 0.144249
12329.78027 0.144188
12330.82031 0.144132
12331.87012 0.144076
12332.91016 0.144021
12333.95996 0.143965
12335.00977 0.14391
12336.04980 0.143838
12337.09961 0.143766
12338.13965 0.143695
12339.19043 0.143623
12340.24023 0.143551
12341.28027 0.143478
12342.33008 0.143406
12343.37988 0.143333
12344.41992 0.143261
12345.46973 0.143189
12346.51953 0.143119
12347.55957 0.143049
12348.61035 0.14298
12349.66016 0.14291
12350.70996 0.142827
12351.75000 0.142739
12352.79980 0.142651
12353.84961 0.142562
12354.88965 0.142474
12355.94043 0.142386
12356.99023 0.142298
12358.04004 0.14221
12359.08984 0.142122
12360.12988 0.142033
12361.17969 0.141941
12362.23047 0.141849
12363.28027 0.141757
12364.33008 0.141665
12365.37012 0.141573
12366.41992 0.141479
12367.46973 0.141385
12368.51953 0.141291
12369.57031 0.141197
12370.62012 0.141096
12371.66992 0.14099
12372.71973 0.140885
12373.76953 0.140779
12374.82031 0.140673
12375.86035 0.140569
12376.91016 0.140464
12377.95996 0.14036
12379.00977 0.140256
12380.05957 0.140151
12381.11035 0.140042
12382.16016 0.139932
12383.20996 0.139822
12384.25977 0.139713
12385.30957 0.1396
12386.36035 0.139479
12387.41016 0.139359
12388.45996 0.139238
12389.50977 0.139117
12390.55957 0.139
12391.62012 0.138886
12392.66992 0.138772
12393.71973 0.138659
12394.76953 0.138545
12395.82031 0.138426
12396.87012 0.138305
12397.91992 0.138185
12398.96973 0.138065
12400.01953 0.137944
12401.08008 0.13781
12402.12988 0.137677
12403.17969 0.137544
12404.23047 0.13741
12405.28027 0.137276
12406.33008 0.137141
12407.38965 0.137007
12408.44043 0.136872
12409.49023 0.136737
12410.54004 0.136603
12411.59961 0.136469
12412.65039 0.136335
12413.70020 0.136202
12414.75000 0.136068
12415.80957 0.135927
12416.86035 0.135783
12417.91016 0.13564
12418.95996 0.135496
12420.01953 0.135353
12421.07031 0.135232
12422.12012 0.13511
12423.17969 0.134989
12424.23047 0.134868
12425.28027 0.134739
12426.33984 0.134589
12427.38965 0.134439
12428.45020 0.13429
12429.50000 0.13414
12430.54980 0.133996
12431.61035 0.133858
