threeML/data/optical_filters/HST/NICMOS3-G096.ecsv
# %ECSV 0.9
# ---
# datatype:
# - {name: wavelength, unit: Angstrom, datatype: float32}
# - {name: response, datatype: float32}
# meta: !!omap
# - {band_name: G096}
# - {group_name: NICMOS3}
wavelength response
[from data line 5594]
10431.16992 0.060873
10431.70020 0.060881
10432.24023 0.06089
10432.78027 0.060898
10433.30957 0.060907
10433.84961 0.060915
10434.38965 0.060924
10434.92969 0.060933
10435.45996 0.060941
10436.00000 0.06095
10436.54004 0.060958
10437.08008 0.060967
10437.61035 0.060975
10438.15039 0.060984
10438.69043 0.060993
10439.21973 0.061001
10439.75977 0.06101
10440.29980 0.061018
10440.83984 0.061027
10441.37988 0.061035
10441.91016 0.061044
10442.45020 0.061053
10442.99023 0.061061
10443.53027 0.06107
10444.05957 0.061078
10444.59961 0.061087
10445.13965 0.061095
10445.67969 0.061104
10446.20996 0.061112
10446.75000 0.061121
10447.29004 0.06113
10447.83008 0.061138
10448.37012 0.061147
10448.90039 0.061155
10449.44043 0.061164
10449.98047 0.061172
10450.51953 0.061173
10451.05957 0.061174
10451.58984 0.061174
10452.12988 0.061175
10452.66992 0.061176
10453.20996 0.061176
10453.75000 0.061177
10454.29004 0.061177
10454.82031 0.061178
10455.36035 0.061179
10455.90039 0.061179
10456.44043 0.06118
10456.98047 0.06118
10457.51953 0.061181
10458.04980 0.061182
10458.58984 0.061182
10459.12988 0.061183
10459.66992 0.061183
10460.20996 0.061184
10460.75000 0.061184
10461.29004 0.061185
10461.82031 0.061186
10462.36035 0.061186
10462.90039 0.061187
10463.44043 0.061187
10463.98047 0.061188
10464.51953 0.061189
10465.05957 0.061189
10465.59961 0.06119
10466.12988 0.06119
10466.66992 0.061191
10467.20996 0.061191
10467.75000 0.061192
10468.29004 0.061193
10468.83008 0.061193
10469.37012 0.061194
10469.91016 0.061194
10470.45020 0.061195
10470.99023 0.061195
10471.51953 0.061196
10472.05957 0.061197
10472.59961 0.061197
10473.13965 0.061198
10473.67969 0.061198
10474.21973 0.061199
10474.75977 0.061199
10475.29980 0.0612
10475.83984 0.061201
10476.37988 0.061201
10476.91992 0.061202
10477.45996 0.061202
10478.00000 0.061203
10478.54004 0.061203
10479.08008 0.061204
10479.62012 0.061205
10480.15039 0.061203
10480.69043 0.061195
10481.23047 0.061188
10481.76953 0.061181
10482.30957 0.061173
10482.84961 0.061166
10483.38965 0.061158
10483.92969 0.061151
10484.46973 0.061143
10485.00977 0.061136
10485.54980 0.061128
10486.08984 0.061121
10486.62988 0.061114
10487.16992 0.061106
10487.70996 0.061099
10488.25000 0.061091
10488.79004 0.061084
10489.33008 0.061076
10489.87012 0.061069
10490.41016 0.061068
10490.95020 0.061068
10491.49023 0.061069
10492.03027 0.061069
10492.57031 0.06107
10493.11035 0.06107
10493.65039 0.061071
10494.19043 0.061071
10494.73047 0.061072
10495.26953 0.061072
10495.80957 0.061073
10496.36035 0.061074
10496.90039 0.061074
10497.44043 0.061075
10497.98047 0.061075
10498.51953 0.061076
10499.05957 0.061076
10499.59961 0.061077
10500.13965 0.061076
10500.67969 0.06107
10501.21973 0.061064
10501.75977 0.061059
10502.29980 0.061053
10502.83984 0.061048
10503.37988 0.061042
10503.91992 0.061037
10504.45996 0.061031
10505.00977 0.061025
10505.54980 0.06102
10506.08984 0.061014
10506.62988 0.061009
10507.16992 0.061003
10507.70996 0.060997
10508.25000 0.060992
10508.79004 0.060986
10509.33008 0.060981
10509.87012 0.060975
10510.41992 0.060975
10510.95996 0.060978
10511.50000 0.06098
10512.04004 0.060983
10512.58008 0.060985
10513.12012 0.060987
10513.66016 0.06099
10514.20996 0.060992
10514.75000 0.060995
10515.29004 0.060997
10515.83008 0.060999
10516.37012 0.061002
10516.91016 0.061004
10517.45020 0.061007
10518.00000 0.061009
10518.54004 0.061011
10519.08008 0.061014
10519.62012 0.061016
10520.16016 0.061016
10520.70020 0.061011
10521.25000 0.061005
10521.79004 0.060999
10522.33008 0.060994
10522.87012 0.060988
10523.41016 0.060982
10523.95020 0.060977
10524.50000 0.060971
10525.04004 0.060965
10525.58008 0.06096
10526.12012 0.060954
10526.66016 0.060948
10527.20996 0.060943
10527.75000 0.060937
10528.29004 0.060931
10528.83008 0.060926
10529.37012 0.06092
10529.91992 0.060915
10530.45996 0.060902
10531.00000 0.060888
10531.54004 0.060875
10532.08008 0.060861
10532.62988 0.060847
10533.16992 0.060834
10533.70996 0.06082
10534.25000 0.060806
10534.79980 0.060792
10535.33984 0.060779
10535.87988 0.060765
10536.41992 0.060751
10536.96973 0.060738
10537.50977 0.060724
10538.04980 0.06071
10538.58984 0.060696
10539.13965 0.060683
10539.67969 0.060669
10540.21973 0.060655
10540.76953 0.060641
10541.30957 0.060628
10541.84961 0.060614
10542.38965 0.0606
10542.94043 0.060586
10543.48047 0.060573
10544.01953 0.060559
10544.57031 0.060545
10545.11035 0.060531
10545.65039 0.060518
10546.19043 0.060504
10546.74023 0.06049
10547.28027 0.060476
10547.82031 0.060462
10548.37012 0.060449
10548.91016 0.060435
10549.45020 0.060421
10550.00000 0.060407
10550.54004 0.060386
10551.08008 0.060364
10551.62012 0.060342
10552.16992 0.06032
10552.70996 0.060298
10553.25000 0.060276
10553.79980 0.060254
10554.33984 0.060233
10554.88965 0.060211
10555.42969 0.060189
10555.96973 0.060167
10556.51953 0.060145
10557.05957 0.060123
10557.59961 0.060101
10558.15039 0.060079
10558.69043 0.060057
10559.23047 0.060036
10559.78027 0.060014
10560.32031 0.059987
10560.87012 0.059957
10561.41016 0.059927
10561.95020 0.059897
10562.50000 0.059867
10563.04004 0.059837
10563.58008 0.059807
10564.12988 0.059777
10564.66992 0.059747
10565.21973 0.059717
10565.75977 0.059687
10566.29980 0.059657
10566.84961 0.059627
10567.38965 0.059597
10567.94043 0.059567
10568.48047 0.059537
10569.01953 0.059507
10569.57031 0.059477
10570.11035 0.059445
10570.66016 0.059407
10571.20020 0.059368
10571.75000 0.05933
10572.29004 0.059292
10572.83008 0.059254
10573.37988 0.059216
10573.91992 0.059178
10574.46973 0.059139
10575.00977 0.059101
10575.55957 0.059063
10576.09961 0.059025
10576.65039 0.058986
10577.19043 0.058948
10577.74023 0.05891
10578.28027 0.058872
10578.83008 0.058833
10579.37012 0.058795
10579.91016 0.058757
10580.45996 0.058719
10581.00000 0.05868
10581.54980 0.058642
10582.08984 0.058604
10582.63965 0.058566
10583.17969 0.058527
10583.73047 0.058489
10584.26953 0.058451
10584.82031 0.058412
10585.36035 0.058374
10585.91016 0.058336
10586.45020 0.058298
10587.00000 0.058259
10587.54004 0.058221
10588.08984 0.058183
10588.62988 0.058144
10589.17969 0.058106
10589.71973 0.058068
10590.26953 0.058029
10590.80957 0.057991
10591.36035 0.057952
10591.91016 0.057914
10592.45020 0.057876
10593.00000 0.057837
10593.54004 0.057799
10594.08984 0.057761
10594.62988 0.057722
10595.17969 0.057684
10595.71973 0.057645
10596.26953 0.057607
10596.80957 0.057569
10597.36035 0.05753
10597.91016 0.057492
10598.45020 0.057453
10599.00000 0.057415
10599.54004 0.057376
10600.08984 0.057336
10600.62988 0.057287
10601.17969 0.057239
10601.73047 0.05719
10602.26953 0.057141
10602.82031 0.057092
10603.36035 0.057043
10603.91016 0.056994
10604.45996 0.056945
10605.00000 0.056897
10605.54980 0.056848
10606.08984 0.056799
10606.63965 0.05675
10607.19043 0.056701
10607.73047 0.056652
10608.28027 0.056603
10608.83008 0.056554
10609.37012 0.056505
10609.91992 0.056457
10610.45996 0.056415
10611.00977 0.056374
10611.55957 0.056333
10612.09961 0.056292
10612.65039 0.056251
10613.20020 0.056211
10613.74023 0.05617
10614.29004 0.056129
10614.83008 0.056088
10615.37988 0.056048
10615.92969 0.056007
10616.46973 0.055966
10617.01953 0.055925
10617.57031 0.055884
10618.12012 0.055844
10618.66016 0.055803
10619.20996 0.055762
10619.75000 0.055721
10620.29980 0.055676
10620.84961 0.055627
10621.40039 0.055578
10621.94043 0.055529
10622.49023 0.05548
10623.04004 0.055431
10623.58008 0.055382
10624.12988 0.055333
10624.67969 0.055284
10625.21973 0.055235
10625.76953 0.055186
10626.32031 0.055137
10626.87012 0.055088
10627.41016 0.055039
10627.95996 0.05499
10628.50977 0.054941
10629.04980 0.054892
10629.59961 0.054843
10630.15039 0.054794
10630.70020 0.054745
10631.24023 0.054697
10631.79004 0.054647
10632.33984 0.054599
10632.88965 0.054549
10633.42969 0.054501
10633.98047 0.054451
10634.53027 0.054402
10635.08008 0.054353
10635.62012 0.054304
10636.16992 0.054255
10636.71973 0.054206
10637.26953 0.054157
10637.80957 0.054108
10638.36035 0.054059
10638.91016 0.05401
10639.45996 0.053961
10640.00977 0.053912
10640.54980 0.053863
10641.09961 0.053814
10641.65039 0.053765
10642.20020 0.053716
10642.75000 0.053667
10643.29004 0.053618
10643.83984 0.053569
10644.38965 0.05352
10644.94043 0.053471
10645.49023 0.053422
10646.03027 0.053373
10646.58008 0.053324
10647.12988 0.053275
10647.67969 0.053225
10648.23047 0.053176
10648.78027 0.053127
10649.32031 0.053078
10649.87012 0.053029
10650.41992 0.05298
10650.96973 0.052931
10651.51953 0.052882
10652.07031 0.052833
10652.61035 0.052784
10653.16016 0.052735
10653.70996 0.052686
10654.25977 0.052636
10654.80957 0.052587
10655.36035 0.052538
10655.91016 0.052489
10656.45020 0.05244
10657.00000 0.052391
10657.54980 0.052342
10658.09961 0.052293
10658.65039 0.052244
10659.20020 0.052194
10659.75000 0.052145
10660.29004 0.052096
10660.83984 0.052047
10661.38965 0.051998
10661.94043 0.051949
10662.49023 0.0519
10663.04004 0.05185
10663.58984 0.051801
10664.13965 0.051752
10664.69043 0.051703
10665.24023 0.051654
10665.79004 0.051605
10666.33008 0.051556
10666.87988 0.051506
10667.42969 0.051457
10667.98047 0.051408
10668.53027 0.051359
10669.08008 0.05131
10669.62988 0.051261
10670.17969 0.051214
10670.73047 0.051173
10671.28027 0.051132
10671.83008 0.051091
10672.37988 0.05105
10672.92969 0.051009
10673.48047 0.050968
10674.03027 0.050927
10674.58008 0.050886
10675.12012 0.050845
10675.66992 0.050804
10676.21973 0.050763
10676.76953 0.050722
10677.32031 0.050681
10677.87012 0.05064
10678.41992 0.050599
10678.96973 0.050558
10679.51953 0.050517
10680.07031 0.050475
10680.62012 0.050426
10681.16992 0.050377
10681.71973 0.050327
10682.26953 0.050278
10682.82031 0.050229
10683.37012 0.05018
10683.91992 0.05013
10684.46973 0.050081
10685.01953 0.050032
10685.57031 0.049983
10686.12012 0.049933
10686.66992 0.049884
10687.21973 0.049835
10687.76953 0.049786
10688.33008 0.049736
10688.87988 0.049687
10689.42969 0.049638
10689.98047 0.049589
10690.53027 0.049547
10691.08008 0.049506
10691.62988 0.049465
10692.17969 0.049424
10692.73047 0.049383
10693.28027 0.049342
10693.83008 0.049301
10694.37988 0.04926
10694.92969 0.049219
10695.48047 0.049178
10696.03027 0.049137
10696.58008 0.049096
10697.12988 0.049055
10697.67969 0.049013
10698.24023 0.048972
10698.79004 0.048931
10699.33984 0.04889
10699.88965 0.048849
10700.44043 0.048816
10700.99023 0.048784
10701.54004 0.048753
10702.08984 0.048721
10702.63965 0.048689
10703.19043 0.048658
10703.75000 0.048626
10704.29980 0.048595
10704.84961 0.048563
10705.40039 0.048532
10705.95020 0.0485
10706.50000 0.048469
10707.04980 0.048437
10707.59961 0.048406
10708.16016 0.048374
10708.70996 0.048342
10709.25977 0.048311
10709.80957 0.048279
10710.36035 0.048248
10710.91016 0.048216
10711.45996 0.048185
10712.01953 0.048153
10712.57031 0.048121
10713.12012 0.04809
10713.66992 0.048058
10714.21973 0.048027
10714.76953 0.047995
10715.33008 0.047963
10715.87988 0.047932
10716.42969 0.0479
10716.98047 0.047869
10717.53027 0.047837
10718.08008 0.047805
10718.63965 0.047774
10719.19043 0.047742
10719.74023 0.04771
10720.29004 0.047679
10720.83984 0.047647
10721.40039 0.047616
10721.95020 0.047584
10722.50000 0.047552
10723.04980 0.047521
10723.59961 0.047489
10724.16016 0.047457
10724.70996 0.047426
10725.25977 0.047394
10725.80957 0.047362
10726.37012 0.047331
10726.91992 0.047299
10727.46973 0.047267
10728.01953 0.047236
10728.57031 0.047204
10729.12988 0.047172
10729.67969 0.047141
10730.23047 0.047112
10730.78027 0.047089
10731.33984 0.047065
10731.88965 0.047042
10732.44043 0.047018
10733.00000 0.046995
10733.54980 0.046972
10734.09961 0.046948
10734.65039 0.046925
10735.20996 0.046901
10735.75977 0.046878
10736.30957 0.046854
10736.86035 0.046831
10737.41992 0.046807
10737.96973 0.046784
10738.51953 0.04676
10739.08008 0.046737
10739.62988 0.046713
10740.17969 0.04669
10740.73047 0.046666
10741.29004 0.046643
10741.83984 0.046619
10742.38965 0.046596
10742.95020 0.046572
10743.50000 0.046549
10744.04980 0.046525
10744.61035 0.046502
10745.16016 0.046478
10745.70996 0.046455
10746.26953 0.046431
10746.82031 0.046408
10747.37012 0.046384
10747.92969 0.046361
10748.48047 0.046337
10749.03027 0.046314
10749.58984 0.04629
10750.13965 0.046269
10750.69043 0.046253
10751.25000 0.046238
10751.79980 0.046223
10752.34961 0.046208
10752.91016 0.046192
10753.45996 0.046177
10754.00977 0.046162
10754.57031 0.046146
10755.12012 0.046131
10755.67969 0.046116
10756.23047 0.046101
10756.78027 0.046085
10757.33984 0.04607
10757.88965 0.046055
10758.45020 0.046039
10759.00000 0.046024
10759.54980 0.046009
10760.11035 0.045992
10760.66016 0.045968
10761.21973 0.045945
10761.76953 0.045921
10762.32031 0.045898
10762.87988 0.045874
10763.42969 0.04585
10763.99023 0.045827
10764.54004 0.045803
10765.08984 0.04578
10765.65039 0.045756
10766.20020 0.045733
10766.75977 0.045709
10767.30957 0.045685
10767.87012 0.045662
10768.41992 0.045638
10768.98047 0.045615
10769.53027 0.045591
10770.08008 0.045569
10770.63965 0.045553
10771.19043 0.045538
10771.75000 0.045523
10772.29980 0.045507
10772.86035 0.045492
10773.41016 0.045477
10773.96973 0.045461
10774.51953 0.045446
10775.08008 0.045431
10775.62988 0.045415
10776.19043 0.0454
10776.74023 0.045385
10777.29980 0.045369
10777.84961 0.045354
10778.41016 0.045339
10778.95996 0.045323
10779.51953 0.045308
10780.07031 0.045293
10780.62988 0.045277
10781.17969 0.045262
10781.74023 0.045246
10782.29004 0.045231
10782.84961 0.045216
10783.40039 0.0452
10783.95996 0.045185
10784.50977 0.04517
10785.07031 0.045154
10785.62012 0.045139
10786.17969 0.045124
10786.73047 0.045108
10787.29004 0.045093
10787.83984 0.045078
10788.40039 0.045062
10788.95996 0.045047
10789.50977 0.045031
10790.07031 0.045016
10790.62012 0.045001
10791.17969 0.044985
10791.73047 0.04497
10792.29004 0.044955
10792.83984 0.044939
10793.40039 0.044924
10793.95996 0.044908
10794.50977 0.044893
10795.07031 0.044878
10795.62012 0.044862
10796.17969 0.044847
10796.74023 0.044832
10797.29004 0.044816
10797.84961 0.044801
10798.40039 0.044785
10798.95996 0.04477
10799.50977 0.044755
10800.07031 0.04474
10800.62988 0.044733
10801.17969 0.044725
10801.74023 0.044717
10802.29980 0.044709
10802.84961 0.044702
10803.41016 0.044694
10803.95996 0.044686
10804.51953 0.044679
10805.08008 0.044671
10805.62988 0.044663
10806.19043 0.044656
10806.75000 0.044648
10807.29980 0.04464
10807.86035 0.044632
10808.41992 0.044625
10808.96973 0.044617
10809.53027 0.044609
10810.08008 0.0446
10810.63965 0.044584
10811.20020 0.044568
10811.75000 0.044552
10812.30957 0.044536
10812.87012 0.04452
10813.41992 0.044504
10813.98047 0.044488
10814.54004 0.044472
10815.09961 0.044456
10815.65039 0.04444
10816.20996 0.044424
10816.76953 0.044408
10817.32031 0.044392
10817.87988 0.044376
10818.44043 0.04436
10818.99023 0.044344
10819.54980 0.044328
10820.11035 0.044312
10820.66992 0.044296
10821.21973 0.04428
10821.78027 0.044264
10822.33984 0.044248
10822.88965 0.044231
10823.45020 0.044215
10824.00977 0.044199
10824.57031 0.044183
10825.12012 0.044167
10825.67969 0.044151
10826.24023 0.044135
10826.79980 0.044119
10827.34961 0.044103
10827.91016 0.044087
10828.46973 0.044071
10829.03027 0.044055
10829.58008 0.044039
10830.13965 0.044023
10830.70020 0.044007
10831.25977 0.043991
10831.80957 0.043975
10832.37012 0.043959
10832.92969 0.043942
10833.49023 0.043926
10834.04004 0.04391
10834.59961 0.043894
10835.16016 0.043878
10835.71973 0.043862
10836.28027 0.043846
10836.83008 0.04383
10837.38965 0.043814
10837.95020 0.043798
10838.50977 0.043782
10839.07031 0.043766
10839.62988 0.04375
10840.17969 0.043734
10840.74023 0.043717
10841.29980 0.043701
10841.86035 0.043685
10842.41992 0.043669
10842.96973 0.043653
10843.53027 0.043637
10844.08984 0.043621
10844.65039 0.043605
10845.20996 0.043589
10845.76953 0.043573
10846.32031 0.043557
10846.87988 0.043541
10847.44043 0.043525
10848.00000 0.043509
10848.55957 0.043492
10849.12012 0.043476
