threeML/data/optical_filters/HST/NICMOS2-F237M.ecsv
# %ECSV 0.9
# ---
# datatype:
# - {name: wavelength, unit: Angstrom, datatype: float32}
# - {name: response, datatype: float32}
# meta: !!omap
# - {band_name: F237M}
# - {group_name: NICMOS2}
wavelength response
[from data line 3066]
23550.25977 0.308671
23550.66016 0.308962
23551.05078 0.309254
23551.43945 0.309544
23551.83984 0.309835
23552.23047 0.310001
23552.61914 0.310079
23553.01953 0.310157
23553.41016 0.310235
23553.81055 0.310314
23554.19922 0.310273
23554.58984 0.310118
23554.99023 0.309962
23555.38086 0.309807
23555.77930 0.309651
23556.16992 0.309584
23556.56055 0.309635
23556.96094 0.309685
23557.34961 0.309736
23557.74023 0.309786
23558.14062 0.309799
23558.52930 0.309741
23558.92969 0.309683
23559.32031 0.309625
23559.71094 0.309567
23560.10938 0.309562
23560.50000 0.309699
23560.89062 0.309837
23561.28906 0.309974
23561.67969 0.310111
23562.08008 0.3102
23562.47070 0.310082
23562.85938 0.309964
23563.25977 0.309846
23563.65039 0.309729
23564.03906 0.309627
23564.43945 0.309649
23564.83008 0.309671
23565.23047 0.309693
23565.61914 0.309715
23566.01953 0.309737
23566.41016 0.30978
23566.80078 0.309823
23567.19922 0.309867
23567.58984 0.30991
23567.98047 0.309953
23568.38086 0.309921
23568.76953 0.309887
23569.16992 0.309852
23569.56055 0.309817
23569.96094 0.309783
23570.34961 0.309937
23570.74023 0.310118
23571.14062 0.310298
23571.52930 0.310478
23571.91992 0.310657
23572.32031 0.310507
23572.71094 0.310277
23573.10938 0.310047
23573.50000 0.309819
23573.89062 0.309589
23574.28906 0.309632
23574.67969 0.309774
23575.08008 0.309916
23575.47070 0.310058
23575.86914 0.3102
23576.25977 0.310216
23576.65039 0.310165
23577.05078 0.310115
23577.43945 0.310064
23577.83984 0.310014
23578.23047 0.309953
23578.61914 0.309887
23579.01953 0.30982
23579.41016 0.309753
23579.81055 0.309686
23580.19922 0.30971
23580.58984 0.309822
23580.99023 0.309933
23581.38086 0.310045
23581.77930 0.310157
23582.16992 0.310091
23582.57031 0.309794
23582.96094 0.309499
23583.34961 0.309202
23583.75000 0.308906
23584.14062 0.308829
23584.53906 0.309143
23584.92969 0.309456
23585.33008 0.309769
23585.72070 0.310081
23586.10938 0.310289
23586.50977 0.310237
23586.90039 0.310184
23587.30078 0.310131
23587.68945 0.310079
23588.08984 0.309967
23588.48047 0.309646
23588.86914 0.309326
23589.26953 0.309005
23589.66016 0.308683
23590.06055 0.308448
23590.44922 0.308723
23590.84961 0.308999
23591.24023 0.309275
23591.63086 0.30955
23592.02930 0.309801
23592.41992 0.309741
23592.82031 0.309681
23593.21094 0.30962
23593.60938 0.30956
23594.00000 0.309499
23594.39062 0.30958
23594.78906 0.309661
23595.17969 0.309742
23595.58008 0.309823
23595.97070 0.309904
23596.36914 0.309723
23596.75977 0.309522
23597.16016 0.309321
23597.55078 0.30912
23597.94922 0.308919
23598.33984 0.308908
23598.73047 0.308927
23599.13086 0.308946
23599.51953 0.308965
23599.91992 0.308984
23600.31055 0.309098
23600.71094 0.309238
23601.09961 0.309378
23601.50000 0.309518
23601.89062 0.309657
23602.28906 0.309646
23602.67969 0.309577
23603.07031 0.309508
23603.47070 0.309439
23603.85938 0.309369
23604.25977 0.309403
23604.65039 0.309491
23605.05078 0.309579
23605.43945 0.309667
23605.83984 0.309755
23606.23047 0.309739
23606.63086 0.30965
23607.01953 0.309561
23607.41016 0.309472
23607.81055 0.309383
23608.19922 0.309433
23608.59961 0.309616
23608.99023 0.309798
23609.39062 0.30998
23609.77930 0.310163
23610.17969 0.310145
23610.57031 0.309879
23610.96094 0.309612
23611.35938 0.309344
23611.75977 0.309078
23612.15039 0.308927
23612.53906 0.308964
23612.93945 0.309002
23613.33008 0.309039
23613.73047 0.309076
23614.11914 0.309095
23614.51953 0.309072
23614.91016 0.30905
23615.31055 0.309027
23615.69922 0.309005
23616.09961 0.309042
23616.49023 0.309264
23616.89062 0.309486
23617.27930 0.309708
23617.67969 0.30993
23618.07031 0.310107
23618.47070 0.310078
23618.85938 0.310049
23619.25977 0.31002
23619.65039 0.309991
23620.03906 0.30999
23620.43945 0.310211
23620.83008 0.310432
23621.23047 0.310654
23621.63086 0.310874
23622.01953 0.311081
23622.41016 0.311013
23622.81055 0.310944
23623.21094 0.310875
23623.59961 0.310807
23623.99023 0.310738
23624.39062 0.310487
23624.77930 0.310233
23625.17969 0.309979
23625.57031 0.309723
23625.97070 0.309469
23626.35938 0.309436
23626.75977 0.309422
23627.15039 0.309407
23627.55078 0.309393
23627.93945 0.309379
23628.33984 0.30949
23628.73047 0.309622
23629.13086 0.309756
23629.51953 0.309888
23629.91992 0.31002
23630.31055 0.310047
23630.71094 0.310046
23631.09961 0.310045
23631.50000 0.310044
23631.89062 0.310043
23632.28906 0.310118
23632.67969 0.31022
23633.08008 0.310322
23633.47070 0.310424
23633.86914 0.310527
23634.25977 0.31074
23634.66016 0.311009
23635.05078 0.311279
23635.44922 0.311547
23635.83984 0.311816
23636.24023 0.311742
23636.63086 0.311442
23637.02930 0.311144
23637.41992 0.310845
23637.82031 0.310545
23638.21094 0.31045
23638.60938 0.310525
23639.00977 0.310601
23639.40039 0.310677
23639.78906 0.310752
23640.18945 0.310815
23640.58984 0.310864
23640.98047 0.310914
23641.38086 0.310963
23641.76953 0.311013
23642.16992 0.311065
23642.56055 0.311124
23642.96094 0.311182
23643.34961 0.31124
23643.75000 0.311298
23644.14062 0.311331
23644.53906 0.311322
23644.92969 0.311313
23645.33008 0.311304
23645.72070 0.311295
23646.11914 0.311303
23646.50977 0.311352
23646.91016 0.311401
23647.30078 0.31145
23647.69922 0.311499
23648.09961 0.31157
23648.49023 0.311708
23648.89062 0.311847
23649.27930 0.311986
23649.67969 0.312124
23650.07031 0.312201
23650.47070 0.312002
23650.85938 0.311802
23651.25977 0.311603
23651.65039 0.311403
23652.05078 0.311238
23652.43945 0.311323
23652.83984 0.311408
23653.23047 0.311493
23653.63086 0.311578
23654.02930 0.311663
23654.41992 0.311737
23654.82031 0.311813
23655.21094 0.311888
23655.60938 0.311963
23656.00000 0.312036
23656.40039 0.3118
23656.78906 0.311564
23657.18945 0.311327
23657.58008 0.311092
23657.98047 0.310855
23658.38086 0.310949
23658.76953 0.311061
23659.16992 0.311173
23659.56055 0.311285
23659.96094 0.311396
23660.34961 0.311457
23660.75000 0.311511
23661.14062 0.311565
23661.53906 0.311619
23661.93945 0.311673
23662.33008 0.311705
23662.73047 0.311733
23663.11914 0.311761
23663.51953 0.311789
23663.91016 0.311817
23664.31055 0.311801
23664.69922 0.311772
23665.09961 0.311743
23665.49023 0.311715
23665.89062 0.311686
23666.28906 0.311701
23666.67969 0.311732
23667.08008 0.311763
23667.47070 0.311794
23667.86914 0.311825
23668.25977 0.311883
23668.66016 0.311953
23669.05078 0.312023
23669.44922 0.312093
23669.84961 0.312163
23670.24023 0.312246
23670.64062 0.312339
23671.02930 0.31243
23671.42969 0.312523
23671.83008 0.312615
23672.22070 0.312502
23672.61914 0.312226
23673.00977 0.311951
23673.41016 0.311676
23673.80078 0.3114
23674.19922 0.31135
23674.59961 0.311523
23674.99023 0.311694
23675.39062 0.311866
23675.77930 0.312039
23676.17969 0.312079
23676.57031 0.311958
23676.97070 0.311837
23677.36914 0.311716
23677.75977 0.311596
23678.16016 0.311515
23678.55078 0.311495
23678.94922 0.311476
23679.34961 0.311456
23679.74023 0.311436
23680.14062 0.311516
23680.52930 0.311785
23680.92969 0.312053
23681.32031 0.312322
23681.72070 0.312591
23682.11914 0.312717
23682.50977 0.312501
23682.91016 0.312285
23683.30078 0.312069
23683.69922 0.311852
23684.09961 0.311731
23684.49023 0.311908
23684.89062 0.312086
23685.27930 0.312264
23685.67969 0.312441
23686.07031 0.312614
23686.47070 0.312769
23686.86914 0.312925
23687.25977 0.31308
23687.66016 0.313235
23688.05078 0.313341
23688.44922 0.313137
23688.84961 0.312934
23689.24023 0.31273
23689.64062 0.312526
23690.03906 0.312348
23690.42969 0.312442
23690.83008 0.312537
23691.22070 0.312631
23691.61914 0.312726
23692.01953 0.312814
23692.41016 0.312731
23692.81055 0.312648
23693.19922 0.312565
23693.59961 0.312482
23693.99023 0.312399
23694.39062 0.312587
23694.78906 0.312779
23695.17969 0.312971
23695.58008 0.313163
23695.97070 0.313354
23696.36914 0.313301
23696.76953 0.313231
23697.16016 0.313162
23697.56055 0.313092
23697.96094 0.313022
23698.34961 0.313096
23698.75000 0.313188
23699.14062 0.313281
23699.53906 0.313373
23699.93945 0.313465
23700.33008 0.313359
23700.73047 0.313215
23701.13086 0.313071
23701.51953 0.312927
23701.91992 0.312783
23702.31055 0.312987
23702.71094 0.313283
23703.10938 0.313577
23703.50000 0.313873
23703.90039 0.314169
23704.28906 0.314213
23704.68945 0.31417
23705.08984 0.314126
23705.48047 0.314083
23705.88086 0.31404
23706.27930 0.313864
23706.66992 0.313629
23707.07031 0.313395
23707.46094 0.31316
23707.85938 0.312925
23708.25977 0.313007
23708.65039 0.313261
23709.05078 0.313514
23709.44922 0.313768
23709.83984 0.314021
23710.24023 0.314127
23710.64062 0.314137
23711.02930 0.314146
23711.42969 0.314156
23711.82031 0.314166
23712.22070 0.31415
23712.61914 0.314113
23713.00977 0.314076
23713.41016 0.314039
23713.81055 0.314003
23714.19922 0.313983
23714.59961 0.313981
23715.00000 0.313978
23715.39062 0.313975
23715.78906 0.313973
23716.18945 0.314038
23716.58008 0.314181
23716.98047 0.314324
23717.38086 0.314467
23717.76953 0.31461
23718.16992 0.314873
23718.56055 0.315298
23718.96094 0.315723
23719.35938 0.316148
23719.75000 0.316574
23720.15039 0.316753
23720.55078 0.316529
23720.93945 0.316306
23721.33984 0.316082
23721.74023 0.315859
23722.13086 0.315692
23722.52930 0.315638
23722.92969 0.315584
23723.32031 0.31553
23723.72070 0.315477
23724.11914 0.315465
23724.50977 0.315555
23724.91016 0.315645
23725.30078 0.315735
23725.69922 0.315826
23726.09961 0.315916
23726.49023 0.316006
23726.89062 0.316097
23727.28906 0.316187
23727.68945 0.316278
23728.08008 0.316326
23728.48047 0.316212
23728.86914 0.316098
23729.26953 0.315984
23729.66992 0.31587
23730.06055 0.315744
23730.46094 0.315557
23730.85938 0.31537
23731.25977 0.315182
23731.65039 0.314995
23732.05078 0.314885
23732.44922 0.315325
23732.83984 0.315765
23733.24023 0.316205
23733.63086 0.316645
23734.02930 0.317024
23734.42969 0.316692
23734.83008 0.316358
23735.22070 0.316026
23735.61914 0.315694
23736.01953 0.315379
23736.41016 0.315494
23736.81055 0.315609
23737.21094 0.315725
23737.59961 0.31584
23738.00000 0.315955
23738.40039 0.316072
23738.78906 0.31619
23739.18945 0.316307
23739.58984 0.316424
23739.98047 0.316541
23740.38086 0.316442
23740.77930 0.316334
23741.16992 0.316227
23741.57031 0.316119
23741.97070 0.31601
23742.36914 0.316077
23742.75977 0.316158
23743.16016 0.31624
23743.55078 0.316321
23743.94922 0.316404
23744.34961 0.316412
23744.75000 0.316412
23745.14062 0.316411
23745.53906 0.31641
23745.93945 0.316409
23746.33008 0.316593
23746.73047 0.316812
23747.13086 0.317033
23747.52930 0.317252
23747.91992 0.317471
23748.32031 0.317383
23748.72070 0.317218
23749.10938 0.317055
23749.50977 0.316891
23749.91016 0.316728
23750.30078 0.3168
23750.69922 0.316943
23751.09961 0.317087
23751.49023 0.317231
23751.89062 0.317376
23752.28906 0.317291
23752.68945 0.317121
23753.08008 0.31695
23753.48047 0.31678
23753.88086 0.31661
23754.26953 0.316658
23754.66992 0.316804
23755.07031 0.31695
23755.46094 0.317095
23755.85938 0.317242
23756.25977 0.317462
23756.66016 0.317721
23757.05078 0.317981
23757.44922 0.31824
23757.84961 0.318499
23758.25000 0.318354
23758.64062 0.317961
23759.03906 0.317568
23759.43945 0.317173
23759.83008 0.316779
23760.23047 0.31674
23760.63086 0.316957
23761.02930 0.317173
23761.41992 0.317389
23761.82031 0.317606
23762.22070 0.317586
23762.61914 0.317369
23763.00977 0.317154
23763.41016 0.316938
23763.81055 0.316722
23764.19922 0.316809
23764.59961 0.317187
23765.00000 0.317563
23765.39062 0.317938
23765.78906 0.318316
23766.18945 0.318537
23766.58984 0.318588
23766.98047 0.318639
23767.38086 0.31869
23767.77930 0.318742
23768.17969 0.318561
23768.57031 0.318087
23768.97070 0.317615
23769.36914 0.317144
23769.76953 0.31667
23770.16016 0.316553
23770.56055 0.31695
23770.96094 0.317346
23771.35938 0.317744
23771.75000 0.31814
23772.15039 0.318432
23772.55078 0.318548
23772.94922 0.318665
23773.33984 0.318781
23773.74023 0.318897
23774.14062 0.319057
23774.52930 0.319299
23774.92969 0.319543
23775.33008 0.319785
23775.73047 0.320028
23776.11914 0.32014
23776.51953 0.319964
23776.91992 0.319789
23777.32031 0.319613
23777.71094 0.319437
23778.10938 0.31932
23778.50977 0.319355
23778.91016 0.319391
23779.30078 0.319426
23779.69922 0.319462
23780.09961 0.319524
23780.50000 0.319667
23780.89062 0.319809
23781.28906 0.319952
23781.68945 0.320095
23782.08984 0.320157
23782.48047 0.319929
23782.88086 0.319701
23783.27930 0.319473
23783.67969 0.319245
23784.07031 0.319107
23784.47070 0.319367
23784.86914 0.319627
23785.26953 0.319887
23785.66016 0.320146
23786.06055 0.320352
23786.46094 0.320264
23786.85938 0.320175
23787.25000 0.320086
23787.65039 0.319998
23788.05078 0.31995
23788.44922 0.32018
23788.84961 0.320411
23789.24023 0.32064
23789.64062 0.320871
23790.03906 0.321049
23790.43945 0.320734
23790.83008 0.320417
23791.23047 0.320102
23791.63086 0.319785
23792.02930 0.319479
23792.41992 0.319321
23792.82031 0.319162
23793.22070 0.319003
23793.61914 0.318845
23794.01953 0.318706
23794.41016 0.319046
23794.81055 0.319385
23795.21094 0.319725
23795.60938 0.320066
23796.00000 0.320402
23796.40039 0.320438
23796.80078 0.320474
23797.19922 0.320511
23797.59961 0.320547
23797.99023 0.320584
23798.39062 0.320606
23798.78906 0.320628
23799.18945 0.320651
23799.58008 0.320673
23799.98047 0.320695
23800.38086 0.320873
23800.77930 0.321056
23801.17969 0.321241
23801.57031 0.321425
23801.97070 0.321609
23802.36914 0.321648
23802.76953 0.321675
23803.16992 0.321703
23803.56055 0.32173
23803.96094 0.321757
23804.35938 0.321563
23804.75977 0.321344
23805.15039 0.321127
23805.55078 0.320908
23805.94922 0.32069
23806.34961 0.320855
23806.75000 0.321074
23807.14062 0.321293
23807.53906 0.321512
23807.93945 0.321731
23808.33984 0.321719
23808.74023 0.321668
23809.13086 0.321616
23809.52930 0.321565
23809.92969 0.321513
23810.33008 0.321408
23810.73047 0.321292
23811.11914 0.321176
23811.51953 0.321059
23811.91992 0.320943
23812.32031 0.321108
23812.72070 0.321344
23813.11914 0.32158
23813.50977 0.321816
23813.91016 0.322051
23814.31055 0.321839
23814.71094 0.321495
23815.10938 0.321151
23815.50000 0.320808
23815.90039 0.320464
23816.30078 0.320413
23816.69922 0.320457
23817.09961 0.320501
23817.49023 0.320545
23817.89062 0.320589
23818.28906 0.320662
23818.68945 0.320747
23819.08984 0.320831
23819.48047 0.320916
23819.88086 0.321001
23820.27930 0.321053
23820.67969 0.321093
23821.08008 0.321132
23821.47070 0.321172
23821.86914 0.321211
23822.26953 0.321203
23822.66992 0.321174
23823.07031 0.321144
23823.47070 0.321114
23823.86914 0.321085
23824.25977 0.321134
23824.66016 0.321223
23825.06055 0.321312
23825.46094 0.3214
23825.85938 0.321489
23826.25000 0.321499
23826.65039 0.321463
23827.05078 0.321427
23827.44922 0.321391
23827.84961 0.321355
23828.25000 0.321294
23828.64062 0.321217
23829.03906 0.32114
23829.43945 0.321064
23829.83984 0.320987
23830.24023 0.321159
23830.64062 0.321497
23831.03906 0.321835
23831.42969 0.322173
23831.83008 0.322511
23832.23047 0.322564
23832.63086 0.322408
23833.02930 0.322253
23833.41992 0.322097
23833.82031 0.321941
23834.22070 0.321682
23834.61914 0.321339
23835.01953 0.320995
23835.41992 0.320652
23835.81055 0.320309
23836.21094 0.320356
23836.60938 0.320745
23837.00977 0.321134
23837.41016 0.321522
23837.81055 0.321911
23838.21094 0.322047
23838.59961 0.321945
23839.00000 0.321843
23839.40039 0.32174
23839.80078 0.321638
23840.19922 0.321704
23840.59961 0.321937
23841.00000 0.32217
23841.39062 0.322404
23841.78906 0.322637
23842.18945 0.322646
23842.58984 0.322412
23842.99023 0.322178
23843.39062 0.321944
23843.78906 0.32171
23844.17969 0.321583
23844.58008 0.321581
23844.98047 0.32158
23845.38086 0.321578
23845.77930 0.321576
23846.17969 0.32153
23846.58008 0.321429
23846.97070 0.321327
23847.36914 0.321226
23847.76953 0.321124
23848.16992 0.321154
23848.57031 0.321361
23848.97070 0.321567
23849.36914 0.321774
23849.76953 0.321981
23850.16016 0.322237
23850.56055 0.322561
23850.96094 0.322885
23851.35938 0.32321
23851.75977 0.323534
23852.16016 0.323535
23852.55078 0.323034
23852.96094 0.32253
