threeML/data/optical_filters/HST/NICMOS2-F180M.ecsv
# %ECSV 0.9
# ---
# datatype:
# - {name: wavelength, unit: Angstrom, datatype: float32}
# - {name: response, datatype: float32}
# meta: !!omap
# - {band_name: F180M}
# - {group_name: NICMOS2}
wavelength response
[from data line 4599]
17908.72070 0.238797
17908.91992 0.23879
17909.11914 0.238784
17909.31055 0.238777
17909.50977 0.238771
17909.71094 0.238764
17909.91016 0.238758
17910.10938 0.238758
17910.31055 0.238763
17910.50977 0.238769
17910.71094 0.238774
17910.91016 0.238779
17911.10938 0.238785
17911.31055 0.23879
17911.50977 0.238796
17911.71094 0.238801
17911.91016 0.238807
17912.10938 0.238768
17912.31055 0.238691
17912.50977 0.238614
17912.71094 0.238537
17912.90039 0.23846
17913.09961 0.238383
17913.30078 0.238307
17913.50000 0.23823
17913.69922 0.238152
17913.90039 0.238075
17914.09961 0.238062
17914.30078 0.23811
17914.50000 0.238159
17914.69922 0.238207
17914.90039 0.238256
17915.09961 0.238305
17915.30078 0.238353
17915.50000 0.238401
17915.69922 0.23845
17915.90039 0.238498
17916.09961 0.238526
17916.28906 0.238532
17916.50000 0.238538
17916.69922 0.238544
17916.89062 0.23855
17917.08984 0.238556
17917.28906 0.238562
17917.49023 0.238567
17917.68945 0.238573
17917.89062 0.238579
17918.08984 0.238559
17918.28906 0.238508
17918.49023 0.238457
17918.68945 0.238406
17918.89062 0.238355
17919.08984 0.238303
17919.28906 0.238252
17919.49023 0.238201
17919.68945 0.23815
17919.89062 0.238099
17920.08984 0.238088
17920.28906 0.23813
17920.49023 0.238172
17920.68945 0.238213
17920.88086 0.238255
17921.08008 0.238296
17921.27930 0.238338
17921.48047 0.23838
17921.67969 0.238422
17921.88086 0.238463
17922.08008 0.238489
17922.27930 0.238494
17922.48047 0.238498
17922.67969 0.238503
17922.88086 0.238507
17923.08008 0.238511
17923.27930 0.238516
17923.48047 0.23852
17923.67969 0.238525
17923.88086 0.238529
17924.08008 0.238512
17924.27930 0.238464
17924.48047 0.238415
17924.67969 0.238365
17924.88086 0.238316
17925.08008 0.238268
17925.27930 0.238219
17925.47070 0.23817
17925.67969 0.238121
17925.88086 0.238072
17926.07031 0.238064
17926.26953 0.238126
17926.47070 0.238188
17926.66992 0.238251
17926.86914 0.238313
17927.07031 0.238376
17927.26953 0.238438
17927.47070 0.2385
17927.66992 0.238563
17927.86914 0.238625
17928.07031 0.238659
17928.26953 0.238643
17928.47070 0.238627
17928.66992 0.23861
17928.86914 0.238594
17929.07031 0.238578
17929.26953 0.238562
17929.47070 0.238545
17929.66992 0.238529
17929.86914 0.238513
17930.07031 0.238499
17930.26953 0.238489
17930.47070 0.23848
17930.66992 0.23847
17930.86914 0.23846
17931.06055 0.238451
17931.26953 0.238441
17931.46094 0.238431
17931.66016 0.238422
17931.85938 0.238412
17932.06055 0.2384
17932.25977 0.238381
17932.46094 0.238363
17932.66016 0.238344
17932.85938 0.238325
17933.06055 0.238307
17933.25977 0.238288
17933.46094 0.23827
17933.66016 0.238251
17933.85938 0.238233
17934.06055 0.238222
17934.25977 0.238231
17934.46094 0.238239
17934.66016 0.238247
17934.85938 0.238255
17935.06055 0.238263
17935.25977 0.238272
17935.46094 0.23828
17935.66016 0.238288
17935.85938 0.238296
17936.06055 0.238304
17936.25977 0.238311
17936.46094 0.238317
17936.66016 0.238324
17936.85938 0.23833
17937.06055 0.238337
17937.25977 0.238343
17937.46094 0.23835
17937.66016 0.238356
17937.85938 0.238363
17938.05078 0.238369
17938.25977 0.238375
17938.46094 0.238381
17938.65039 0.238387
17938.84961 0.238393
17939.05078 0.238399
17939.25000 0.238405
17939.44922 0.238411
17939.65039 0.238417
17939.84961 0.238423
17940.05078 0.23842
17940.25000 0.238395
17940.44922 0.23837
17940.65039 0.238345
17940.84961 0.23832
17941.05078 0.238295
17941.25000 0.23827
17941.44922 0.238245
17941.65039 0.23822
17941.84961 0.238195
17942.05078 0.238176
17942.25000 0.238175
17942.44922 0.238174
17942.65039 0.238173
17942.84961 0.238172
17943.05078 0.238171
17943.25000 0.23817
17943.44922 0.238169
17943.65039 0.238168
17943.84961 0.238167
17944.05078 0.238173
17944.25000 0.2382
17944.44922 0.238228
17944.65039 0.238256
17944.84961 0.238283
17945.05078 0.238311
17945.25000 0.238338
17945.44922 0.238366
17945.65039 0.238393
17945.84961 0.238421
17946.05078 0.238446
17946.25000 0.238464
17946.44922 0.238483
17946.65039 0.238501
17946.84961 0.238519
17947.05078 0.238537
17947.25000 0.238555
17947.44922 0.238573
17947.65039 0.238591
17947.84961 0.23861
17948.03906 0.238619
17948.25000 0.2386
17948.44922 0.238581
17948.64062 0.238562
17948.84961 0.238542
17949.03906 0.238523
17949.24023 0.238504
17949.44922 0.238485
17949.64062 0.238466
17949.83984 0.238447
17950.03906 0.238437
17950.24023 0.238461
17950.43945 0.238484
17950.64062 0.238508
17950.83984 0.238532
17951.03906 0.238555
17951.24023 0.238579
17951.43945 0.238603
17951.64062 0.238626
17951.83984 0.23865
17952.03906 0.23867
17952.24023 0.238677
17952.43945 0.238684
17952.64062 0.238691
17952.83984 0.238698
17953.03906 0.238705
17953.24023 0.238712
17953.43945 0.238719
17953.64062 0.238726
17953.83984 0.238733
17954.03906 0.238726
17954.24023 0.238664
17954.43945 0.238602
17954.64062 0.23854
17954.83984 0.238478
17955.03906 0.238416
17955.24023 0.238354
17955.43945 0.238292
17955.64062 0.23823
17955.83984 0.238168
17956.03906 0.238121
17956.24023 0.23813
17956.43945 0.238139
17956.64062 0.238147
17956.83984 0.238156
17957.03906 0.238165
17957.24023 0.238173
17957.43945 0.238182
17957.64062 0.23819
17957.83984 0.238199
17958.03906 0.238211
17958.24023 0.238238
17958.43945 0.238264
17958.64062 0.238291
17958.83984 0.238317
17959.03906 0.238344
17959.24023 0.23837
17959.43945 0.238397
17959.64062 0.238423
17959.83984 0.23845
17960.03906 0.238459
17960.24023 0.238401
17960.43945 0.238343
17960.64062 0.238286
17960.83984 0.238228
17961.03906 0.23817
17961.24023 0.238112
17961.43945 0.238054
17961.64062 0.237997
17961.83984 0.237939
17962.03906 0.237904
17962.24023 0.237958
17962.43945 0.238012
17962.64062 0.238066
17962.83984 0.23812
17963.03906 0.238174
17963.24023 0.238229
17963.43945 0.238282
17963.64062 0.238336
17963.83984 0.23839
17964.03906 0.238424
17964.24023 0.238378
17964.43945 0.238333
17964.64062 0.238288
17964.83984 0.238243
17965.03906 0.238198
17965.24023 0.238152
17965.43945 0.238107
17965.64062 0.238062
17965.83984 0.238017
17966.03906 0.237983
17966.24023 0.23799
17966.43945 0.237998
17966.64062 0.238005
17966.83984 0.238013
17967.03906 0.23802
17967.24023 0.238028
17967.43945 0.238036
17967.64062 0.238043
17967.83984 0.238051
17968.03906 0.238064
17968.24023 0.238101
17968.43945 0.238138
17968.64062 0.238174
17968.83984 0.238211
17969.03906 0.238247
17969.24023 0.238284
17969.43945 0.23832
17969.64062 0.238357
17969.83984 0.238393
17970.03906 0.238421
17970.24023 0.238417
17970.43945 0.238412
17970.64062 0.238408
17970.83984 0.238403
17971.03906 0.238399
17971.24023 0.238394
17971.44922 0.23839
17971.64062 0.238386
17971.83984 0.238381
17972.03906 0.23837
17972.24023 0.238337
17972.44922 0.238303
17972.64062 0.23827
17972.84961 0.238236
17973.03906 0.238203
17973.25000 0.23817
17973.44922 0.238136
17973.65039 0.238103
17973.84961 0.23807
17974.05078 0.238061
17974.25000 0.238134
17974.44922 0.238208
17974.65039 0.238282
17974.84961 0.238355
17975.05078 0.238429
17975.25000 0.238503
17975.44922 0.238576
17975.65039 0.238649
17975.84961 0.238723
17976.05078 0.238772
17976.25000 0.238741
17976.44922 0.238711
17976.65039 0.23868
17976.84961 0.23865
17977.05078 0.23862
17977.25000 0.238589
17977.44922 0.238559
17977.65039 0.238529
17977.84961 0.238498
17978.05078 0.238468
17978.25000 0.238437
17978.44922 0.238407
17978.65039 0.238376
17978.84961 0.238346
17979.05078 0.238316
17979.25000 0.238285
17979.44922 0.238255
17979.65039 0.238225
17979.84961 0.238194
17980.05078 0.238174
17980.25000 0.238185
17980.44922 0.238196
17980.65039 0.238207
17980.84961 0.238219
17981.05078 0.23823
17981.25000 0.238241
17981.44922 0.238252
17981.65039 0.238263
17981.84961 0.238274
17982.05078 0.238288
17982.25000 0.23831
17982.46094 0.238332
17982.65039 0.238353
17982.85938 0.238375
17983.05078 0.238397
17983.25977 0.238418
17983.46094 0.23844
17983.66016 0.238462
17983.85938 0.238483
17984.06055 0.238506
17984.25977 0.238529
17984.46094 0.238553
17984.66016 0.238577
17984.85938 0.238601
17985.06055 0.238624
17985.25977 0.238648
17985.46094 0.238672
17985.66016 0.238696
17985.85938 0.23872
17986.06055 0.238722
17986.25977 0.238673
17986.46094 0.238625
17986.66016 0.238576
17986.85938 0.238527
17987.06055 0.238479
17987.25977 0.238429
17987.46094 0.238381
17987.66016 0.238332
17987.85938 0.238284
17988.06055 0.238261
17988.25977 0.238297
17988.46094 0.238333
17988.66016 0.238368
17988.85938 0.238404
17989.06055 0.23844
17989.25977 0.238476
17989.46094 0.238511
17989.66016 0.238547
17989.86914 0.238583
17990.06055 0.23861
17990.26953 0.238618
17990.47070 0.238626
17990.66992 0.238634
17990.86914 0.238642
17991.07031 0.238651
17991.26953 0.238659
17991.47070 0.238667
17991.66992 0.238675
17991.86914 0.238683
17992.07031 0.238686
17992.26953 0.238677
17992.47070 0.238668
17992.66992 0.238659
17992.86914 0.23865
17993.07031 0.238641
17993.26953 0.238632
17993.47070 0.238623
17993.66992 0.238614
17993.86914 0.238605
17994.07031 0.238581
17994.26953 0.238529
17994.47070 0.238478
17994.66992 0.238426
17994.86914 0.238375
17995.07031 0.238323
17995.27930 0.238271
17995.47070 0.23822
17995.67969 0.238168
17995.88086 0.238117
17996.08008 0.238124
17996.27930 0.238228
17996.48047 0.238331
17996.67969 0.238434
17996.88086 0.238537
17997.08008 0.238641
17997.27930 0.238745
17997.48047 0.238847
17997.67969 0.238951
17997.88086 0.239054
17998.08008 0.239095
17998.27930 0.239042
17998.48047 0.23899
17998.67969 0.238937
17998.88086 0.238884
17999.08008 0.238832
17999.27930 0.238779
17999.48047 0.238726
17999.67969 0.238673
17999.88086 0.23862
18000.08008 0.238588
18000.28906 0.238584
18000.49023 0.238579
18000.68945 0.238575
18000.89062 0.23857
18001.08984 0.238566
18001.28906 0.238561
18001.49023 0.238557
18001.68945 0.238552
18001.89062 0.238548
18002.08984 0.238545
18002.28906 0.238544
18002.49023 0.238542
18002.68945 0.238541
18002.89062 0.23854
18003.08984 0.238539
18003.28906 0.238538
18003.49023 0.238536
18003.68945 0.238535
18003.89062 0.238534
18004.08984 0.238537
18004.28906 0.238545
18004.49023 0.238553
18004.69922 0.238561
18004.90039 0.238569
18005.09961 0.238577
18005.30078 0.238585
18005.50000 0.238593
18005.69922 0.2386
18005.90039 0.238609
18006.09961 0.238612
18006.30078 0.23861
18006.50000 0.238608
18006.69922 0.238606
18006.90039 0.238604
18007.09961 0.238602
18007.30078 0.2386
18007.50000 0.238598
18007.69922 0.238596
18007.90039 0.238594
18008.09961 0.238589
18008.30078 0.238579
18008.50977 0.238569
18008.71094 0.238559
18008.91016 0.238549
18009.10938 0.238539
18009.31055 0.23853
18009.50977 0.23852
18009.71094 0.23851
18009.91016 0.2385
18010.10938 0.238505
18010.31055 0.238521
18010.50977 0.238537
18010.71094 0.238554
18010.91016 0.23857
18011.10938 0.238586
18011.31055 0.238603
18011.50977 0.238619
18011.71094 0.238635
18011.91016 0.238652
18012.11914 0.238653
18012.32031 0.238642
18012.51953 0.238631
18012.72070 0.238621
18012.91992 0.23861
18013.11914 0.2386
18013.32031 0.238589
18013.51953 0.238579
18013.72070 0.238568
18013.91992 0.238558
18014.11914 0.238545
18014.32031 0.238531
18014.51953 0.238517
18014.72070 0.238503
18014.91992 0.238488
18015.11914 0.238474
18015.32031 0.23846
18015.52930 0.238446
18015.73047 0.238432
18015.92969 0.238418
18016.13086 0.238434
18016.33008 0.238469
18016.52930 0.238503
18016.73047 0.238538
18016.92969 0.238572
18017.13086 0.238607
18017.33008 0.238641
18017.52930 0.238676
18017.73047 0.23871
18017.92969 0.238745
18018.13086 0.238764
18018.33008 0.238776
18018.53906 0.238788
18018.73047 0.238799
18018.93945 0.238811
18019.14062 0.238822
18019.33984 0.238834
18019.53906 0.238846
18019.74023 0.238857
18019.93945 0.238869
18020.14062 0.238866
18020.33984 0.238858
18020.53906 0.238849
18020.74023 0.238841
18020.93945 0.238832
18021.14062 0.238823
18021.33984 0.238815
18021.53906 0.238806
18021.74023 0.238797
18021.94922 0.238789
18022.15039 0.238747
18022.34961 0.238694
18022.55078 0.23864
18022.75000 0.238587
18022.94922 0.238533
18023.15039 0.238479
18023.34961 0.238425
18023.55078 0.238372
18023.75000 0.238318
18023.94922 0.238265
18024.15039 0.238266
18024.34961 0.238284
18024.55078 0.238302
18024.75977 0.23832
18024.96094 0.238339
18025.16016 0.238356
18025.35938 0.238375
18025.56055 0.238393
18025.75977 0.238411
18025.96094 0.238429
18026.16016 0.238491
18026.35938 0.238564
18026.56055 0.238637
18026.75977 0.23871
18026.96094 0.238782
18027.16016 0.238855
18027.36914 0.238928
18027.57031 0.239001
18027.76953 0.239073
18027.97070 0.239146
18028.16992 0.239152
18028.36914 0.239146
18028.57031 0.23914
18028.76953 0.239133
18028.97070 0.239127
18029.16992 0.23912
18029.36914 0.239114
18029.57031 0.239108
18029.76953 0.239101
18029.97070 0.239095
18030.17969 0.239055
18030.38086 0.239011
18030.58008 0.238966
18030.77930 0.238922
18030.98047 0.238877
18031.17969 0.238833
18031.38086 0.238788
18031.58008 0.238743
18031.77930 0.238699
18031.98047 0.238654
18032.17969 0.238708
18032.38086 0.238771
18032.58984 0.238834
18032.78906 0.238896
18032.99023 0.238959
18033.18945 0.239022
18033.39062 0.239085
18033.58984 0.239148
18033.78906 0.23921
18033.99023 0.239273
18034.18945 0.239271
18034.39062 0.239265
18034.58984 0.239259
18034.78906 0.239253
18034.99023 0.239248
18035.19922 0.239242
18035.40039 0.239236
18035.59961 0.23923
18035.80078 0.239225
18036.00000 0.239219
18036.19922 0.239169
18036.40039 0.239119
18036.59961 0.239069
18036.80078 0.239018
18037.00000 0.238968
18037.21094 0.238918
18037.40039 0.238868
18037.60938 0.238818
18037.81055 0.238768
18038.00977 0.238722
18038.21094 0.238791
18038.41016 0.23886
18038.60938 0.238928
18038.81055 0.238997
18039.00977 0.239066
18039.21094 0.239135
18039.41016 0.239204
18039.61914 0.239273
18039.82031 0.239342
18040.01953 0.239405
18040.22070 0.239419
18040.41992 0.239433
18040.61914 0.239447
18040.82031 0.239461
18041.01953 0.239475
18041.22070 0.239489
18041.41992 0.239503
18041.61914 0.239517
18041.82031 0.239531
18042.02930 0.239536
18042.23047 0.23948
18042.42969 0.239424
18042.63086 0.239368
18042.83008 0.239312
18043.02930 0.239256
18043.23047 0.2392
18043.42969 0.239144
18043.63086 0.239088
18043.83008 0.239032
18044.03906 0.238994
18044.24023 0.239045
18044.43945 0.239094
18044.64062 0.239145
18044.83984 0.239195
18045.03906 0.239245
18045.24023 0.239296
18045.43945 0.239346
18045.64062 0.239396
18045.83984 0.239447
18046.03906 0.239485
18046.24023 0.239484
18046.44922 0.239483
18046.65039 0.239482
18046.84961 0.23948
18047.05078 0.239479
18047.25000 0.239478
18047.44922 0.239477
18047.65039 0.239476
18047.84961 0.239474
18048.05078 0.239461
18048.25000 0.239412
18048.46094 0.239363
18048.66016 0.239315
18048.85938 0.239266
18049.06055 0.239217
18049.25977 0.239169
18049.46094 0.23912
18049.66016 0.239071
18049.85938 0.239023
18050.06055 0.239012
18050.25977 0.239084
18050.46094 0.239156
18050.66992 0.239228
18050.86914 0.2393
18051.07031 0.239372
18051.26953 0.239444
18051.47070 0.239516
18051.66992 0.239588
18051.86914 0.23966
18052.07031 0.239703
18052.27930 0.239696
18052.47070 0.239689
18052.67969 0.239682
18052.88086 0.239676
18053.08008 0.239669
18053.27930 0.239662
18053.48047 0.239655
18053.67969 0.239648
18053.88086 0.239642
18054.08008 0.239648
18054.28906 0.239673
18054.49023 0.239698
18054.68945 0.239723
18054.89062 0.239748
18055.08984 0.239773
18055.28906 0.239798
18055.49023 0.239823
18055.68945 0.239848
18055.89062 0.239873
18056.08984 0.23986
18056.28906 0.239803
18056.50000 0.239745
18056.69922 0.239688
18056.90039 0.239631
18057.09961 0.239574
18057.30078 0.239517
18057.50000 0.23946
18057.69922 0.239403
18057.90039 0.239345
18058.10938 0.239339
18058.31055 0.239377
18058.50977 0.239416
18058.71094 0.239455
18058.91016 0.239493
18059.10938 0.239532
18059.31055 0.239571
18059.50977 0.239609
18059.71094 0.239648
18059.91016 0.239686
18060.11914 0.2397
18060.32031 0.239696
18060.51953 0.239692
18060.72070 0.239688
18060.91992 0.239684
18061.11914 0.23968
18061.32031 0.239676
18061.51953 0.239671
18061.72070 0.239667
18061.92969 0.239663
