threeML/data/optical_filters/HST/NICMOS3-F160W.ecsv
# %ECSV 0.9
# ---
# datatype:
# - {name: wavelength, unit: Angstrom, datatype: float32}
# - {name: response, datatype: float32}
# meta: !!omap
# - {band_name: F160W}
# - {group_name: NICMOS3}
wavelength response
[from data line 1533]
14617.16992 0.17283
14617.91992 0.172845
14618.66992 0.172861
14619.41016 0.172876
14620.16016 0.172895
14620.91016 0.172921
14621.66016 0.172948
14622.41016 0.172975
14623.16016 0.173002
14623.91016 0.173029
14624.66016 0.173055
14625.41016 0.17308
14626.16016 0.173103
14626.91016 0.173126
14627.66016 0.173149
14628.41016 0.173172
14629.16016 0.173195
14629.91016 0.173218
14630.66016 0.173234
14631.41016 0.17325
14632.16016 0.173265
14632.91016 0.17328
14633.66016 0.173295
14634.41016 0.173311
14635.16016 0.173329
14635.91016 0.173357
14636.66016 0.173386
14637.41016 0.173414
14638.16016 0.173443
14638.91016 0.173471
14639.66016 0.1735
14640.41016 0.173522
14641.16016 0.17354
14641.91016 0.173558
14642.66992 0.173575
14643.41992 0.173593
14644.16992 0.173611
14644.91992 0.173628
14645.66992 0.173652
14646.41992 0.173676
14647.16992 0.1737
14647.91992 0.173724
14648.66992 0.173749
14649.41992 0.173773
14650.16992 0.173798
14650.91992 0.173826
14651.67969 0.173854
14652.42969 0.173882
14653.17969 0.17391
14653.92969 0.173938
14654.67969 0.173967
14655.42969 0.173995
14656.17969 0.174025
14656.92969 0.174054
14657.69043 0.174083
14658.44043 0.174113
14659.19043 0.174142
14659.94043 0.174171
14660.69043 0.174194
14661.44043 0.174216
14662.19043 0.174238
14662.95020 0.17426
14663.70020 0.174282
14664.45020 0.174304
14665.20020 0.174327
14665.95020 0.174354
14666.70996 0.174382
14667.45996 0.174409
14668.20996 0.174436
14668.95996 0.174463
14669.70996 0.174491
14670.45996 0.174518
14671.21973 0.174547
14671.96973 0.174575
14672.71973 0.174603
14673.46973 0.174632
14674.23047 0.17466
14674.98047 0.174688
14675.73047 0.174719
14676.48047 0.17475
14677.23047 0.174782
14677.99023 0.174813
14678.74023 0.174844
14679.49023 0.174875
14680.24023 0.174904
14681.00000 0.17493
14681.75000 0.174956
14682.50000 0.174983
14683.25000 0.175009
14684.00977 0.175035
14684.75977 0.175061
14685.50977 0.175091
14686.26953 0.175121
14687.01953 0.175152
14687.76953 0.175183
14688.51953 0.175214
14689.28027 0.175245
14690.03027 0.175276
14690.78027 0.175309
14691.54004 0.175343
14692.29004 0.175376
14693.04004 0.175409
14693.79980 0.175443
14694.54980 0.175476
14695.29980 0.175509
14696.05957 0.17554
14696.80957 0.175571
14697.55957 0.175602
14698.32031 0.175634
14699.07031 0.175665
14699.82031 0.175696
14700.58008 0.17573
14701.33008 0.175765
14702.08008 0.1758
14702.83984 0.175836
14703.58984 0.175871
14704.34961 0.175906
14705.09961 0.17594
14705.84961 0.175972
14706.61035 0.176004
14707.36035 0.176036
14708.12012 0.176068
14708.87012 0.1761
14709.62012 0.176132
14710.37988 0.176169
14711.12988 0.176212
14711.88965 0.176254
14712.63965 0.176297
14713.38965 0.176339
14714.15039 0.176381
14714.90039 0.176424
14715.66016 0.176466
14716.41016 0.176507
14717.16992 0.176549
14717.91992 0.176591
14718.66992 0.176633
14719.42969 0.176674
14720.17969 0.176715
14720.94043 0.17675
14721.69043 0.176786
14722.45020 0.176821
14723.20020 0.176857
14723.95996 0.176893
14724.70996 0.176928
14725.46973 0.176966
14726.21973 0.177005
14726.98047 0.177044
14727.73047 0.177084
14728.49023 0.177122
14729.24023 0.177162
14730.00000 0.177201
14730.75000 0.177246
14731.50977 0.177292
14732.25977 0.177337
14733.01953 0.177383
14733.76953 0.177428
14734.53027 0.177474
14735.28027 0.177516
14736.04004 0.177553
14736.79004 0.17759
14737.54980 0.177626
14738.30957 0.177663
14739.05957 0.177699
14739.82031 0.177736
14740.57031 0.177771
14741.33008 0.177805
14742.08008 0.177839
14742.83984 0.177874
14743.58984 0.177908
14744.34961 0.177942
14745.11035 0.177977
14745.86035 0.178019
14746.62012 0.178061
14747.37012 0.178102
14748.12988 0.178144
14748.88965 0.178186
14749.63965 0.178227
14750.40039 0.178267
14751.15039 0.178306
14751.91016 0.178344
14752.66992 0.178383
14753.41992 0.178421
14754.17969 0.17846
14754.94043 0.178498
14755.69043 0.178547
14756.45020 0.178596
14757.20996 0.178645
14757.95996 0.178695
14758.71973 0.178744
14759.48047 0.178793
14760.23047 0.17884
14760.99023 0.178879
14761.75000 0.178918
14762.50000 0.178957
14763.25977 0.178997
14764.01953 0.179036
14764.76953 0.179075
14765.53027 0.179115
14766.29004 0.179155
14767.04004 0.179196
14767.79980 0.179236
14768.55957 0.179277
14769.30957 0.179317
14770.07031 0.179357
14770.83008 0.179397
14771.58984 0.179437
14772.33984 0.179477
14773.09961 0.179517
14773.86035 0.179556
14774.62012 0.179596
14775.37012 0.179637
14776.12988 0.179679
14776.88965 0.179721
14777.63965 0.179762
14778.40039 0.179804
14779.16016 0.179846
14779.91992 0.179887
14780.67969 0.179931
14781.42969 0.179975
14782.19043 0.180019
14782.95020 0.180063
14783.70996 0.180107
14784.45996 0.180151
14785.21973 0.180193
14785.98047 0.180231
14786.74023 0.18027
14787.50000 0.180308
14788.25000 0.180346
14789.00977 0.180384
14789.76953 0.180422
14790.53027 0.180456
14791.29004 0.180487
14792.04004 0.180519
14792.79980 0.18055
14793.55957 0.180582
14794.32031 0.180613
14795.08008 0.180646
14795.83984 0.180692
14796.59961 0.180738
14797.34961 0.180784
14798.11035 0.18083
14798.87012 0.180876
14799.62988 0.180922
14800.38965 0.18096
14801.15039 0.18099
14801.91016 0.181021
14802.66992 0.181052
14803.41992 0.181083
14804.17969 0.181113
14804.94043 0.181144
14805.70020 0.181179
14806.45996 0.181216
14807.21973 0.181251
14807.98047 0.181287
14808.74023 0.181323
14809.50000 0.18136
14810.25000 0.181394
14811.00977 0.181427
14811.76953 0.18146
14812.53027 0.181492
14813.29004 0.181525
14814.04980 0.181558
14814.80957 0.18159
14815.57031 0.18162
14816.33008 0.181649
14817.08984 0.181678
14817.84961 0.181707
14818.61035 0.181736
14819.37012 0.181765
14820.12988 0.181793
14820.88965 0.181821
14821.65039 0.181849
14822.41016 0.181877
14823.16992 0.181905
14823.92969 0.181932
14824.69043 0.18196
14825.45020 0.181989
14826.20996 0.182019
14826.96973 0.182049
14827.73047 0.182079
14828.49023 0.182109
14829.25000 0.182138
14830.00977 0.182168
14830.76953 0.182201
14831.53027 0.182234
14832.29004 0.182266
14833.04980 0.182299
14833.80957 0.182332
14834.57031 0.182364
14835.33008 0.182393
14836.08984 0.182417
14836.84961 0.182442
14837.61035 0.182466
14838.37012 0.18249
14839.12988 0.182514
14839.88965 0.182538
14840.66016 0.18257
14841.41992 0.182604
14842.17969 0.182637
14842.94043 0.18267
14843.70020 0.182703
14844.45996 0.182737
14845.21973 0.182767
14845.98047 0.182789
14846.74023 0.182811
14847.50000 0.182833
14848.25977 0.182855
14849.03027 0.182877
14849.79004 0.182899
14850.54980 0.182923
14851.30957 0.182948
14852.07031 0.182972
14852.83008 0.182997
14853.58984 0.183022
14854.36035 0.183046
14855.12012 0.183071
14855.87988 0.183094
14856.63965 0.183118
14857.40039 0.183142
14858.16016 0.183165
14858.91992 0.183189
14859.69043 0.183212
14860.45020 0.183231
14861.20996 0.183246
14861.96973 0.183261
14862.73047 0.183277
14863.50000 0.183292
14864.25977 0.183307
14865.01953 0.183322
14865.78027 0.183349
14866.54004 0.183376
14867.30957 0.183402
14868.07031 0.183429
14868.83008 0.183456
14869.58984 0.183483
14870.34961 0.183504
14871.12012 0.183519
14871.87988 0.183534
14872.63965 0.183548
14873.40039 0.183563
14874.16992 0.183578
14874.92969 0.183593
14875.69043 0.183605
14876.45020 0.183617
14877.21973 0.18363
14877.98047 0.183642
14878.74023 0.183654
14879.50000 0.183667
14880.26953 0.18368
14881.03027 0.183694
14881.79004 0.183709
14882.55957 0.183723
14883.32031 0.183738
14884.08008 0.183752
14884.84961 0.183767
14885.61035 0.183786
14886.37012 0.183807
14887.12988 0.183828
14887.90039 0.183848
14888.66016 0.183869
14889.41992 0.18389
14890.19043 0.183908
14890.95020 0.183916
14891.70996 0.183925
14892.48047 0.183933
14893.24023 0.183942
14894.00000 0.18395
14894.76953 0.183958
14895.53027 0.183969
14896.29980 0.18398
14897.05957 0.183991
14897.82031 0.184002
14898.58984 0.184013
14899.34961 0.184024
14900.11035 0.184035
14900.87988 0.184043
14901.63965 0.184051
14902.41016 0.184059
14903.16992 0.184068
14903.92969 0.184076
14904.70020 0.184084
14905.45996 0.184094
14906.23047 0.184105
14906.99023 0.184116
14907.75000 0.184127
14908.51953 0.184138
14909.28027 0.184149
14910.04980 0.184159
14910.80957 0.184163
14911.58008 0.184167
14912.33984 0.184171
14913.09961 0.184174
14913.87012 0.184178
14914.62988 0.184182
14915.40039 0.184187
14916.16016 0.184193
14916.92969 0.184199
14917.69043 0.184205
14918.45996 0.184211
14919.21973 0.184218
14919.99023 0.184224
14920.75000 0.184228
14921.51953 0.184232
14922.28027 0.184236
14923.04980 0.18424
14923.80957 0.184244
14924.58008 0.184248
14925.33984 0.184255
14926.11035 0.184264
14926.87012 0.184273
14927.63965 0.184282
14928.40039 0.184291
14929.16992 0.1843
14929.92969 0.184309
14930.70020 0.184308
14931.45996 0.184306
14932.23047 0.184304
14932.99023 0.184302
14933.75977 0.184301
14934.53027 0.184299
14935.29004 0.184301
14936.05957 0.184308
14936.82031 0.184316
14937.58984 0.184324
14938.34961 0.184332
14939.12012 0.18434
14939.88965 0.184347
14940.65039 0.18434
14941.41992 0.184329
14942.17969 0.184318
14942.95020 0.184308
14943.71973 0.184297
14944.48047 0.184286
14945.25000 0.184278
14946.00977 0.184274
14946.78027 0.184271
14947.54980 0.184267
14948.30957 0.184263
14949.08008 0.184259
14949.83984 0.184256
14950.61035 0.184257
14951.37988 0.184259
14952.13965 0.184262
14952.91016 0.184264
14953.67969 0.184267
14954.44043 0.184269
14955.20996 0.18427
14955.98047 0.184268
14956.74023 0.184265
14957.50977 0.184263
14958.28027 0.18426
14959.04004 0.184258
14959.80957 0.184255
14960.58008 0.184253
14961.33984 0.184251
14962.11035 0.184248
14962.87988 0.184246
14963.65039 0.184243
14964.41016 0.184241
14965.17969 0.184236
14965.95020 0.184225
14966.70996 0.184213
14967.48047 0.184202
14968.25000 0.18419
14969.01953 0.184178
14969.78027 0.184167
14970.54980 0.184162
14971.32031 0.18416
14972.08984 0.184157
14972.84961 0.184155
14973.62012 0.184153
14974.38965 0.18415
14975.16016 0.184147
14975.91992 0.184141
14976.69043 0.184134
14977.45996 0.184128
14978.23047 0.184121
14979.00000 0.184115
14979.75977 0.184108
14980.53027 0.184103
14981.29980 0.184099
14982.07031 0.184094
14982.83984 0.18409
14983.59961 0.184085
14984.37012 0.184081
14985.13965 0.184076
14985.91016 0.184067
14986.67969 0.184059
14987.44043 0.184051
14988.20996 0.184043
14988.98047 0.184035
14989.75000 0.184026
14990.51953 0.184023
14991.29004 0.184022
14992.04980 0.184021
14992.82031 0.18402
14993.58984 0.184018
14994.36035 0.184017
14995.12988 0.184015
14995.90039 0.184007
14996.66992 0.183998
14997.44043 0.18399
14998.20020 0.183982
14998.96973 0.183974
14999.74023 0.183966
15000.50977 0.183951
15001.28027 0.183932
15002.04980 0.183914
15002.82031 0.183895
15003.58984 0.183876
15004.36035 0.183858
15005.12988 0.183841
15005.90039 0.183835
15006.66016 0.183828
15007.42969 0.183821
15008.20020 0.183815
15008.96973 0.183808
15009.74023 0.183801
15010.50977 0.183794
15011.28027 0.183786
15012.04980 0.183779
15012.82031 0.183771
15013.58984 0.183763
15014.36035 0.183755
15015.12988 0.183744
15015.90039 0.183716
15016.66992 0.183688
15017.44043 0.18366
15018.20996 0.183632
15018.98047 0.183604
15019.75000 0.183577
15020.51953 0.183559
15021.29004 0.183548
15022.05957 0.183536
15022.83008 0.183524
15023.59961 0.183512
15024.37012 0.183501
15025.13965 0.183489
15025.91016 0.183479
15026.67969 0.18347
15027.45020 0.18346
15028.21973 0.18345
15028.99023 0.183441
15029.75977 0.183431
15030.53027 0.183419
15031.29980 0.183407
15032.07031 0.183394
15032.83984 0.183381
15033.61035 0.183368
15034.37988 0.183355
15035.16016 0.183342
15035.92969 0.183328
15036.70020 0.183314
15037.46973 0.1833
15038.24023 0.183286
15039.00977 0.183272
15039.78027 0.183258
15040.54980 0.183246
15041.32031 0.183236
15042.08984 0.183225
15042.86035 0.183215
15043.63965 0.183204
15044.41016 0.183193
15045.17969 0.183181
15045.95020 0.183166
15046.71973 0.18315
15047.49023 0.183134
15048.25977 0.183119
15049.03027 0.183103
15049.80957 0.183087
15050.58008 0.183082
15051.34961 0.183081
15052.12012 0.18308
15052.88965 0.183078
15053.66016 0.183077
15054.44043 0.183076
15055.20996 0.183072
15055.98047 0.183062
15056.75000 0.183053
15057.51953 0.183043
15058.29004 0.183033
15059.07031 0.183023
15059.83984 0.183013
15060.61035 0.182999
15061.37988 0.182983
15062.16016 0.182967
15062.92969 0.182952
15063.70020 0.182936
15064.46973 0.18292
15065.24023 0.182908
15066.01953 0.182906
15066.79004 0.182903
15067.55957 0.182901
15068.33008 0.182898
15069.11035 0.182895
15069.87988 0.182893
15070.65039 0.182883
15071.41992 0.182873
15072.20020 0.182862
15072.96973 0.182851
15073.74023 0.18284
15074.50977 0.182829
15075.29004 0.182816
15076.05957 0.1828
15076.83008 0.182783
15077.61035 0.182767
15078.37988 0.18275
15079.15039 0.182733
15079.91992 0.182717
15080.70020 0.182723
15081.46973 0.182731
15082.24023 0.18274
15083.01953 0.182748
15083.79004 0.182757
15084.55957 0.182765
15085.33984 0.182767
15086.11035 0.18276
15086.87988 0.182753
15087.66016 0.182746
15088.42969 0.182738
15089.20020 0.182731
15089.98047 0.182724
15090.75000 0.182718
15091.51953 0.182711
15092.29980 0.182705
15093.07031 0.182698
15093.84961 0.182691
15094.62012 0.182685
15095.38965 0.182682
15096.16992 0.182683
15096.94043 0.182684
15097.70996 0.182686
15098.49023 0.182687
15099.25977 0.182688
15100.04004 0.182689
15100.80957 0.182683
15101.58008 0.182678
15102.36035 0.182673
15103.12988 0.182668
15103.91016 0.182663
15104.67969 0.182658
15105.45996 0.182658
15106.23047 0.182661
15107.00000 0.182664
15107.78027 0.182666
15108.54980 0.182669
15109.33008 0.182672
15110.09961 0.182676
15110.87988 0.182686
15111.65039 0.182696
15112.42969 0.182706
15113.20020 0.182717
15113.98047 0.182727
15114.75000 0.182737
15115.53027 0.182737
15116.29980 0.182732
15117.08008 0.182726
15117.84961 0.182721
15118.62988 0.182716
15119.40039 0.182711
15120.17969 0.182709
15120.95020 0.18272
15121.73047 0.182731
15122.50000 0.182743
15123.28027 0.182754
15124.04980 0.182765
15124.83008 0.182776
15125.59961 0.18278
15126.37988 0.182781
15127.15039 0.182782
15127.92969 0.182783
15128.70020 0.182784
15129.48047 0.182785
15130.25977 0.182785
15131.03027 0.182783
15131.80957 0.182781
15132.58008 0.182779
15133.36035 0.182778
15134.12988 0.182776
15134.91016 0.182774
15135.69043 0.182786
15136.45996 0.1828
15137.24023 0.182814
15138.00977 0.182829
15138.79004 0.182843
15139.57031 0.182857
15140.33984 0.182862
15141.12012 0.182856
15141.88965 0.18285
15142.66992 0.182843
15143.45020 0.182837
15144.21973 0.182831
15145.00000 0.182825
15145.78027 0.182841
15146.54980 0.182856
15147.33008 0.182872
15148.11035 0.182887
15148.87988 0.182903
15149.66016 0.182919
15150.44043 0.182929
15151.20996 0.182936
15151.99023 0.182943
15152.76953 0.182949
15153.54004 0.182956
15154.32031 0.182963
15155.09961 0.18297
15155.87012 0.182981
15156.65039 0.182991
15157.42969 0.183002
15158.20020 0.183013
15158.98047 0.183023
15159.75977 0.183034
15160.54004 0.183043
15161.30957 0.183052
15162.08984 0.18306
15162.87012 0.183068
15163.63965 0.183077
15164.41992 0.183086
15165.20020 0.183094
15165.98047 0.183102
15166.75000 0.18311
15167.53027 0.183117
15168.30957 0.183125
15169.08984 0.183133
15169.86035 0.183141
15170.63965 0.183149
15171.41992 0.183156
15172.20020 0.183164
15172.96973 0.183172
15173.75000 0.183179
15174.53027 0.183187
15175.30957 0.183198
15176.08984 0.183214
15176.86035 0.18323
15177.63965 0.183246
15178.41992 0.183261
15179.20020 0.183277
15179.98047 0.183293
15180.75000 0.183309
15181.53027 0.183325
15182.30957 0.183341
15183.08984 0.183357
15183.87012 0.183373
15184.65039 0.18339
15185.41992 0.183399
15186.20020 0.183402
15186.98047 0.183406
15187.75977 0.183409
15188.54004 0.183413
15189.32031 0.183416
15190.09961 0.183421
15190.87012 0.183433
15191.65039 0.183446
15192.42969 0.183458
15193.20996 0.183471
15193.99023 0.183483
15194.76953 0.183496
15195.54980 0.183509
15196.33008 0.183523
15197.11035 0.183536
15197.87988 0.183549
15198.66016 0.183563
15199.44043 0.183576
15200.21973 0.18359
15201.00000 0.183604
