threeML/data/optical_filters/HST/NICMOS2-F216N.ecsv
# %ECSV 0.9
# ---
# datatype:
# - {name: wavelength, unit: Angstrom, datatype: float32}
# - {name: response, datatype: float32}
# meta: !!omap
# - {band_name: F216N}
# - {group_name: NICMOS2}
wavelength response
[from data line 1534]
21736.78906 0.1774
21737.00977 0.176339
21737.23047 0.175279
21737.44922 0.174209
21737.66016 0.173149
21737.88086 0.172088
21738.09961 0.171095
21738.31055 0.170183
21738.52930 0.169271
21738.75000 0.16835
21738.97070 0.167438
21739.17969 0.166526
21739.40039 0.165614
21739.61914 0.164702
21739.83008 0.16379
21740.05078 0.162849
21740.26953 0.161854
21740.49023 0.160858
21740.69922 0.159862
21740.91992 0.158866
21741.14062 0.15787
21741.35938 0.156865
21741.57031 0.155869
21741.78906 0.154873
21742.00977 0.153884
21742.22070 0.15312
21742.43945 0.152349
21742.66016 0.151586
21742.86914 0.150822
21743.08984 0.150058
21743.31055 0.149295
21743.52930 0.148524
21743.74023 0.14776
21743.96094 0.146997
21744.17969 0.145865
21744.39062 0.144653
21744.60938 0.143429
21744.83008 0.142217
21745.05078 0.141005
21745.25977 0.139792
21745.48047 0.13858
21745.69922 0.137356
21745.91992 0.136144
21746.13086 0.135173
21746.34961 0.134353
21746.57031 0.133534
21746.78906 0.132707
21747.00000 0.131888
21747.22070 0.131069
21747.43945 0.13025
21747.65039 0.12943
21747.86914 0.128604
21748.08984 0.12769
21748.30078 0.126639
21748.51953 0.125588
21748.74023 0.124537
21748.96094 0.123476
21749.16992 0.122425
21749.39062 0.121373
21749.60938 0.120322
21749.83008 0.119261
21750.03906 0.118255
21750.25977 0.11743
21750.48047 0.116605
21750.69922 0.115773
21750.91016 0.114949
21751.13086 0.114124
21751.34961 0.113299
21751.56055 0.112474
21751.77930 0.111642
21752.00000 0.110817
21752.21094 0.109764
21752.42969 0.108709
21752.65039 0.107644
21752.86914 0.106589
21753.08008 0.105533
21753.30078 0.104478
21753.51953 0.103413
21753.74023 0.102357
21753.94922 0.101302
21754.16992 0.1005
21754.39062 0.099762
21754.60938 0.09903
21754.82031 0.098298
21755.03906 0.097566
21755.25977 0.096828
21755.47070 0.096096
21755.68945 0.095364
21755.91016 0.094632
21756.13086 0.093891
21756.33984 0.093155
21756.56055 0.092419
21756.77930 0.091683
21757.00000 0.09094
21757.21094 0.090204
21757.42969 0.089468
21757.65039 0.088732
21757.86914 0.087989
21758.08008 0.087263
21758.30078 0.086552
21758.51953 0.085835
21758.73047 0.085125
21758.94922 0.084414
21759.16992 0.083704
21759.39062 0.082987
21759.59961 0.082276
21759.82031 0.081565
21760.03906 0.080837
21760.25977 0.080016
21760.47070 0.079202
21760.68945 0.078388
21760.91016 0.077567
21761.11914 0.076753
21761.33984 0.07594
21761.56055 0.075126
21761.77930 0.074305
21761.99023 0.073491
21762.21094 0.072965
21762.42969 0.072443
21762.65039 0.071925
21762.85938 0.071408
21763.08008 0.07089
21763.30078 0.070368
21763.51953 0.06985
21763.73047 0.069332
21763.94922 0.06881
21764.16992 0.068094
21764.38086 0.06732
21764.59961 0.066539
21764.82031 0.065765
21765.03906 0.064991
21765.25000 0.064217
21765.47070 0.063436
21765.68945 0.062661
21765.91016 0.061887
21766.13086 0.061282
21766.33984 0.060812
21766.56055 0.060342
21766.77930 0.059867
21766.99023 0.059398
21767.21094 0.058928
21767.42969 0.058453
21767.65039 0.057983
21767.85938 0.057513
21768.08008 0.057029
21768.30078 0.056514
21768.51953 0.056004
21768.73047 0.055493
21768.94922 0.054979
21769.16992 0.054469
21769.38086 0.053958
21769.59961 0.053444
21769.82031 0.052933
21770.03906 0.052419
21770.25977 0.051879
21770.47070 0.051344
21770.68945 0.050808
21770.91016 0.050268
21771.13086 0.049733
21771.33984 0.049198
21771.56055 0.048658
21771.77930 0.048122
21771.99023 0.047587
21772.21094 0.04717
21772.42969 0.04676
21772.65039 0.04635
21772.86914 0.045937
21773.08008 0.045527
21773.30078 0.045117
21773.51953 0.044704
21773.73047 0.044294
21773.94922 0.043884
21774.16992 0.043556
21774.39062 0.043255
21774.60938 0.042952
21774.82031 0.042651
21775.03906 0.042351
21775.25977 0.042047
21775.47070 0.041747
21775.68945 0.041446
21775.91016 0.041143
21776.13086 0.0408
21776.33984 0.040426
21776.56055 0.04005
21776.77930 0.039676
21777.00000 0.039303
21777.21094 0.038926
21777.42969 0.038553
21777.65039 0.038176
21777.86914 0.037803
21778.08008 0.037422
21778.30078 0.037027
21778.51953 0.036636
21778.74023 0.036245
21778.96094 0.03585
21779.16992 0.035459
21779.39062 0.035064
21779.60938 0.034673
21779.82031 0.034281
21780.03906 0.033915
21780.25977 0.033668
21780.48047 0.033421
21780.69922 0.033171
21780.91016 0.032924
21781.13086 0.032674
21781.34961 0.032427
21781.56055 0.032179
21781.77930 0.03193
21782.00000 0.031683
21782.22070 0.031312
21782.43945 0.030944
21782.65039 0.030577
21782.86914 0.030206
21783.08984 0.029839
21783.31055 0.029468
21783.51953 0.0291
21783.74023 0.028733
21783.96094 0.028362
21784.17969 0.028098
21784.39062 0.027857
21784.60938 0.027618
21784.83008 0.027379
21785.05078 0.027138
21785.25977 0.026898
21785.48047 0.026657
21785.69922 0.026418
21785.91992 0.026179
21786.13086 0.025864
21786.34961 0.025506
21786.57031 0.025145
21786.78906 0.024787
21787.00000 0.024429
21787.22070 0.024068
21787.43945 0.02371
21787.66016 0.023349
21787.86914 0.022991
21788.08984 0.022793
21788.31055 0.022811
21788.52930 0.022829
21788.75000 0.022847
21788.96094 0.022865
21789.17969 0.022883
21789.40039 0.022901
21789.61914 0.022919
21789.83008 0.022937
21790.05078 0.02285
21790.26953 0.022416
21790.49023 0.021986
21790.71094 0.021552
21790.91992 0.021122
21791.14062 0.020688
21791.35938 0.020258
21791.57031 0.019828
21791.78906 0.019394
21792.00977 0.018984
21792.23047 0.019013
21792.44922 0.019042
21792.66016 0.019071
21792.88086 0.0191
21793.09961 0.019128
21793.32031 0.019157
21793.52930 0.019186
21793.75000 0.019215
21793.97070 0.019243
21794.18945 0.019056
21794.40039 0.018835
21794.61914 0.018612
21794.83984 0.01839
21795.06055 0.018167
21795.27930 0.017946
21795.49023 0.017724
21795.71094 0.017501
21795.92969 0.01728
21796.15039 0.017062
21796.35938 0.01685
21796.58008 0.016636
21796.80078 0.016423
21797.01953 0.016209
21797.23047 0.015996
21797.44922 0.015782
21797.66992 0.01557
21797.89062 0.015355
21798.10938 0.015279
21798.32031 0.015348
21798.53906 0.015416
21798.75977 0.015484
21798.98047 0.015552
21799.18945 0.01562
21799.41016 0.015689
21799.63086 0.015756
21799.84961 0.015825
21800.06055 0.015812
21800.27930 0.015606
21800.50000 0.015402
21800.72070 0.015196
21800.93945 0.014992
21801.15039 0.014786
21801.36914 0.014582
21801.58984 0.014376
21801.81055 0.014172
21802.02930 0.013969
21802.24023 0.013786
21802.46094 0.013602
21802.67969 0.013419
21802.90039 0.013235
21803.10938 0.013052
21803.33008 0.012868
21803.55078 0.012685
21803.76953 0.012501
21803.98047 0.012318
21804.19922 0.012244
21804.41992 0.012179
21804.64062 0.012113
21804.85938 0.012048
21805.07031 0.011982
21805.28906 0.011917
21805.50977 0.011852
21805.73047 0.011786
21805.94922 0.011721
21806.16016 0.011646
21806.38086 0.011568
21806.59961 0.011491
21806.82031 0.011412
21807.02930 0.011335
21807.25000 0.011257
21807.47070 0.011179
21807.68945 0.011101
21807.90039 0.011023
21808.11914 0.010881
21808.33984 0.010689
21808.56055 0.010496
21808.77930 0.010303
21808.99023 0.010111
21809.21094 0.009918
21809.42969 0.009727
21809.65039 0.009534
21809.86914 0.009342
21810.08008 0.00923
21810.30078 0.009248
21810.51953 0.009266
21810.74023 0.009283
21810.96094 0.009301
21811.16992 0.009319
21811.39062 0.009337
21811.60938 0.009354
21811.83008 0.009372
21812.03906 0.00937
21812.25977 0.009291
21812.48047 0.009211
21812.69922 0.009131
21812.91992 0.009051
21813.13086 0.008972
21813.34961 0.008892
21813.57031 0.008813
21813.78906 0.008733
21814.00977 0.008653
21814.22070 0.008577
21814.43945 0.0085
21814.66016 0.008424
21814.88086 0.008347
21815.08984 0.008271
21815.31055 0.008194
21815.52930 0.008118
21815.75000 0.008042
21815.97070 0.007965
21816.17969 0.007801
21816.40039 0.00762
21816.61914 0.007441
21816.83984 0.00726
21817.05078 0.00708
21817.26953 0.006899
21817.49023 0.006718
21817.71094 0.006538
21817.92969 0.006357
21818.14062 0.006336
21818.35938 0.006395
21818.58008 0.006454
21818.80078 0.006513
21819.01953 0.006572
21819.23047 0.00663
21819.44922 0.006689
21819.66992 0.006747
21819.89062 0.006806
21820.10938 0.006754
21820.32031 0.006583
21820.53906 0.006413
21820.75977 0.006244
21820.98047 0.006073
21821.19922 0.005904
21821.41016 0.005733
21821.63086 0.005562
21821.84961 0.005393
21822.07031 0.005275
21822.28906 0.005274
21822.50000 0.005273
21822.72070 0.005272
21822.93945 0.005271
21823.16016 0.00527
21823.38086 0.005269
21823.58984 0.005267
21823.81055 0.005266
21824.02930 0.005258
21824.25000 0.0052
21824.46094 0.005144
21824.67969 0.005086
21824.90039 0.005029
21825.11914 0.004972
21825.33984 0.004915
21825.55078 0.004858
21825.76953 0.004801
21825.99023 0.004744
21826.21094 0.004761
21826.42969 0.004781
21826.65039 0.004801
21826.85938 0.00482
21827.08008 0.00484
21827.30078 0.00486
21827.51953 0.00488
21827.74023 0.0049
21827.94922 0.00492
21828.16992 0.00484
21828.39062 0.004733
21828.60938 0.004625
21828.83008 0.004517
21829.03906 0.00441
21829.25977 0.004303
21829.48047 0.004195
21829.69922 0.004088
21829.91992 0.00398
21830.13086 0.003925
21830.34961 0.003903
21830.57031 0.003881
21830.78906 0.003859
21831.00977 0.003836
21831.22070 0.003814
21831.43945 0.003792
21831.66016 0.00377
21831.88086 0.003748
21832.09961 0.003718
21832.31055 0.003679
21832.52930 0.00364
21832.75000 0.003602
21832.97070 0.003563
21833.18945 0.003524
21833.40039 0.003485
21833.61914 0.003446
21833.83984 0.003407
21834.06055 0.003393
21834.27930 0.003447
21834.49023 0.003499
21834.71094 0.003553
21834.92969 0.003606
21835.15039 0.003659
21835.36914 0.003712
21835.58984 0.003765
21835.80078 0.003818
21836.01953 0.003862
21836.24023 0.003823
21836.46094 0.003783
21836.67969 0.003743
21836.89062 0.003704
21837.10938 0.003664
21837.33008 0.003624
21837.55078 0.003585
21837.76953 0.003545
21837.98047 0.003505
21838.19922 0.003435
21838.41992 0.003363
21838.64062 0.003291
21838.85938 0.003219
21839.08008 0.003147
21839.28906 0.003075
21839.50977 0.003003
21839.73047 0.002931
21839.94922 0.002859
21840.16992 0.002826
21840.38086 0.002805
21840.59961 0.002785
21840.82031 0.002765
21841.03906 0.002744
21841.25977 0.002724
21841.47070 0.002703
21841.68945 0.002683
21841.91016 0.002662
21842.13086 0.0027
21842.34961 0.002779
21842.57031 0.002857
21842.77930 0.002935
21843.00000 0.003014
21843.22070 0.003092
21843.43945 0.00317
21843.66016 0.003249
21843.86914 0.003327
21844.08984 0.003345
21844.31055 0.003281
21844.52930 0.003217
21844.75000 0.003152
21844.96094 0.003088
21845.17969 0.003024
21845.40039 0.00296
21845.61914 0.002895
21845.83984 0.002832
21846.06055 0.002765
21846.27930 0.002691
21846.49023 0.002617
21846.71094 0.002543
21846.92969 0.002469
21847.15039 0.002395
21847.36914 0.002322
21847.58008 0.002248
21847.80078 0.002174
21848.01953 0.002111
21848.24023 0.00216
21848.46094 0.002209
21848.67969 0.002258
21848.89062 0.002307
21849.10938 0.002355
21849.33008 0.002404
21849.55078 0.002453
21849.76953 0.002502
21849.98047 0.002551
21850.19922 0.002572
21850.41992 0.002592
21850.64062 0.002611
21850.85938 0.002631
21851.08008 0.00265
21851.28906 0.00267
21851.50977 0.002689
21851.73047 0.002709
21851.94922 0.002728
21852.16992 0.002681
21852.38086 0.002612
21852.59961 0.002544
21852.82031 0.002475
21853.03906 0.002408
21853.25977 0.002339
21853.48047 0.002271
21853.69922 0.002202
21853.91016 0.002134
21854.13086 0.002062
21854.34961 0.001987
21854.57031 0.001912
21854.78906 0.001837
21855.00000 0.001763
21855.22070 0.001688
21855.43945 0.001613
21855.66016 0.001538
21855.88086 0.001463
21856.09961 0.001469
21856.31055 0.001577
21856.52930 0.001686
21856.75000 0.001794
21856.97070 0.001902
21857.18945 0.002011
21857.41016 0.00212
21857.63086 0.002228
21857.83984 0.002336
21858.06055 0.002395
21858.27930 0.002324
21858.50000 0.002253
21858.71094 0.002183
21858.92969 0.002112
21859.15039 0.002041
21859.36914 0.00197
21859.58984 0.001899
21859.81055 0.001829
21860.02930 0.001749
21860.24023 0.001604
21860.46094 0.001459
21860.67969 0.001313
21860.90039 0.001169
21861.11914 0.001024
21861.33984 0.000879
21861.55078 0.000733
21861.76953 0.000588
21861.99023 0.000444
21862.21094 0.000721
21862.42969 0.001018
21862.65039 0.001314
21862.86914 0.001611
21863.08008 0.001905
21863.30078 0.002202
21863.51953 0.002498
21863.74023 0.002795
21863.96094 0.003092
21864.16992 0.003033
21864.39062 0.002887
21864.60938 0.00274
21864.83008 0.002593
21865.05078 0.002446
21865.26953 0.0023
21865.48047 0.002154
21865.69922 0.002007
21865.91992 0.00186
21866.14062 0.001794
21866.35938 0.001774
21866.58008 0.001755
21866.78906 0.001735
21867.00977 0.001715
21867.23047 0.001694
21867.44922 0.001674
21867.66992 0.001655
21867.89062 0.001635
21868.10938 0.001556
21868.32031 0.001415
21868.53906 0.001273
21868.75977 0.001132
21868.98047 0.000992
21869.19922 0.000851
21869.41992 0.000709
21869.63086 0.000568
21869.84961 0.000427
24056.83398 0.0
