threeML/data/optical_filters/HST/NICMOS3-F108N.ecsv
# %ECSV 0.9
# ---
# datatype:
# - {name: wavelength, unit: Angstrom, datatype: float32}
# - {name: response, datatype: float32}
# meta: !!omap
# - {band_name: F108N}
# - {group_name: NICMOS3}
wavelength response
9611.29785 0.0
10679.21973 0.000403
10679.41992 0.00042
10679.61035 0.000438
10679.80957 0.000455
10680.00000 0.000472
10680.20020 0.000477
10680.38965 0.000482
10680.58984 0.000487
10680.78027 0.000492
10680.98047 0.000496
10681.16992 0.000501
10681.37012 0.000506
10681.55957 0.000511
10681.75977 0.000516
10681.95020 0.00052
10682.15039 0.000527
10682.33984 0.000535
10682.54004 0.000543
10682.73047 0.000551
10682.92969 0.000559
10683.12012 0.000567
10683.32031 0.000574
10683.50977 0.000582
10683.70996 0.00059
10683.90039 0.000598
10684.09961 0.000601
10684.29004 0.0006
10684.49023 0.000599
10684.67969 0.000598
10684.87988 0.000597
10685.07031 0.000596
10685.26953 0.000595
10685.45996 0.000594
10685.66016 0.000592
10685.84961 0.000591
10686.04980 0.000593
10686.24023 0.000605
10686.44043 0.000617
10686.62988 0.00063
10686.83008 0.000642
10687.01953 0.000654
10687.21973 0.000666
10687.41016 0.000678
10687.61035 0.00069
10687.79980 0.000702
10688.00000 0.000714
10688.19043 0.000723
10688.38965 0.000731
10688.58008 0.000739
10688.78027 0.000748
10688.96973 0.000756
10689.16992 0.000764
10689.36035 0.000773
10689.55957 0.000781
10689.75000 0.00079
10689.95020 0.000798
10690.13965 0.000802
10690.33984 0.000804
10690.53027 0.000806
10690.73047 0.000808
10690.91992 0.00081
10691.12012 0.000812
10691.30957 0.000815
10691.50977 0.000817
10691.70996 0.000819
10691.90039 0.000821
10692.08984 0.00083
10692.29004 0.000847
10692.49023 0.000864
10692.67969 0.000881
10692.87988 0.000897
10693.07031 0.000914
10693.26953 0.000931
10693.45996 0.000948
10693.66016 0.000964
10693.84961 0.000981
10694.04980 0.000997
10694.24023 0.001011
10694.44043 0.001025
10694.62988 0.001038
10694.83008 0.001052
10695.01953 0.001065
10695.21973 0.001079
10695.41016 0.001093
10695.61035 0.001106
10695.79980 0.00112
10696.00000 0.001133
10696.19043 0.001138
10696.38965 0.001143
10696.58008 0.001148
10696.78027 0.001152
10696.98047 0.001157
10697.16992 0.001162
10697.37012 0.001167
10697.55957 0.001171
10697.75977 0.001176
10697.95020 0.001181
10698.15039 0.001194
10698.33984 0.00121
10698.54004 0.001227
10698.73047 0.001243
10698.92969 0.001259
10699.12012 0.001275
10699.32031 0.001291
10699.50977 0.001308
10699.70996 0.001324
10699.91016 0.00134
10700.09961 0.001353
10700.29980 0.001364
10700.49023 0.001375
10700.69043 0.001385
10700.87988 0.001396
10701.08008 0.001407
10701.26953 0.001417
10701.46973 0.001428
10701.66016 0.001438
10701.86035 0.001449
10702.04980 0.001465
10702.25000 0.001493
10702.44043 0.001522
10702.63965 0.00155
10702.83008 0.001579
10703.03027 0.001607
10703.23047 0.001636
10703.41992 0.001664
10703.62012 0.001693
10703.80957 0.001721
10704.00977 0.00175
10704.20020 0.001789
10704.40039 0.001829
10704.58984 0.001868
10704.79004 0.001907
10704.98047 0.001946
10705.17969 0.001985
10705.37012 0.002024
10705.57031 0.002063
10705.76953 0.002102
10705.95996 0.002141
10706.16016 0.002165
10706.34961 0.002184
10706.54980 0.002204
10706.74023 0.002224
10706.94043 0.002243
10707.12988 0.002263
10707.33008 0.002283
10707.53027 0.002302
10707.71973 0.002322
10707.91992 0.002342
10708.11035 0.002367
10708.30957 0.002396
10708.50000 0.002425
10708.70020 0.002455
10708.88965 0.002484
10709.08984 0.002514
10709.28027 0.002543
10709.48047 0.002572
10709.66992 0.002601
10709.87012 0.002631
10710.07031 0.002665
10710.25977 0.00271
10710.45996 0.002754
10710.65039 0.002798
10710.84961 0.002843
10711.04004 0.002887
10711.24023 0.002932
10711.42969 0.002976
10711.62988 0.00302
10711.83008 0.003065
10712.01953 0.003109
10712.21973 0.003158
10712.41016 0.003206
10712.61035 0.003254
10712.79980 0.003303
10713.00000 0.003351
10713.19043 0.003399
10713.38965 0.003448
10713.58984 0.003496
10713.78027 0.003544
10713.98047 0.003592
10714.16992 0.003636
10714.37012 0.00368
10714.55957 0.003723
10714.75977 0.003767
10714.95996 0.00381
10715.15039 0.003853
10715.34961 0.003896
10715.54004 0.00394
10715.74023 0.003983
10715.92969 0.004027
10716.12988 0.004093
10716.32031 0.004172
10716.51953 0.00425
10716.71973 0.004329
10716.91016 0.004408
10717.11035 0.004487
10717.29980 0.004565
10717.50000 0.004644
10717.69043 0.004723
10717.88965 0.004801
10718.08008 0.004878
10718.28027 0.004951
10718.48047 0.005025
10718.66992 0.005098
10718.87012 0.005172
10719.05957 0.005245
10719.25977 0.005319
10719.45020 0.005392
10719.65039 0.005466
10719.84961 0.005539
10720.04004 0.005615
10720.24023 0.0057
10720.42969 0.005784
10720.62988 0.005869
10720.82031 0.005953
10721.01953 0.006038
10721.21973 0.006123
10721.41016 0.006207
10721.61035 0.006292
10721.79980 0.006376
10722.00000 0.006461
10722.19043 0.006571
10722.38965 0.006681
10722.58984 0.006791
10722.78027 0.006901
10722.98047 0.007012
10723.16992 0.007122
10723.37012 0.007232
10723.55957 0.007342
10723.75977 0.007452
10723.95996 0.007562
10724.15039 0.007686
10724.34961 0.007815
10724.54004 0.007943
10724.74023 0.008071
10724.92969 0.008199
10725.12988 0.008328
10725.33008 0.008455
10725.51953 0.008584
10725.71973 0.008712
10725.91016 0.00884
10726.11035 0.008974
10726.29980 0.009111
10726.50000 0.009249
10726.70020 0.009386
10726.88965 0.009524
10727.08984 0.009661
10727.28027 0.009799
10727.48047 0.009937
10727.67969 0.010075
10727.87012 0.010213
10728.07031 0.010366
10728.25977 0.01055
10728.45996 0.010733
10728.66016 0.010916
10728.84961 0.011099
10729.04980 0.011283
10729.24023 0.011466
10729.44043 0.01165
10729.62988 0.011833
10729.83008 0.012017
10730.03027 0.012206
10730.21973 0.012424
10730.41992 0.012643
10730.61035 0.012861
10730.80957 0.013081
10731.00000 0.013299
10731.20020 0.013518
10731.40039 0.013737
10731.58984 0.013956
10731.79004 0.014175
10731.98047 0.014393
10732.17969 0.014634
10732.37988 0.014876
10732.57031 0.015118
10732.76953 0.01536
10732.95996 0.015602
10733.16016 0.015844
10733.36035 0.016087
10733.54980 0.016328
10733.75000 0.016571
10733.94043 0.016814
10734.13965 0.017095
10734.33984 0.017395
10734.53027 0.017694
10734.73047 0.017993
10734.91992 0.018292
10735.12012 0.018592
10735.32031 0.01889
10735.50977 0.019189
10735.70996 0.019489
10735.90039 0.019787
10736.09961 0.020094
10736.29980 0.020408
10736.49023 0.020721
10736.69043 0.021035
10736.87988 0.02135
10737.08008 0.021663
10737.28027 0.021977
10737.46973 0.022291
10737.66992 0.022604
10737.86035 0.022919
10738.05957 0.023264
10738.25977 0.02368
10738.45020 0.024093
10738.65039 0.024509
10738.83984 0.024925
10739.04004 0.025341
10739.24023 0.025754
10739.42969 0.02617
10739.62988 0.026586
10739.82031 0.027002
10740.01953 0.027409
10740.21973 0.027756
10740.41016 0.028103
10740.61035 0.02845
10740.79980 0.028796
10741.00000 0.029143
10741.20020 0.02949
10741.38965 0.029837
10741.58984 0.030183
10741.78027 0.03053
10741.98047 0.030877
10742.17969 0.031393
10742.37012 0.031926
10742.57031 0.032457
10742.75977 0.032991
10742.95996 0.033525
10743.16016 0.034058
10743.34961 0.034592
10743.54980 0.035123
10743.75000 0.035657
10743.94043 0.03619
10744.13965 0.036645
10744.33008 0.037066
10744.53027 0.037488
10744.73047 0.037907
10744.91992 0.038328
10745.12012 0.038749
10745.30957 0.039171
10745.50977 0.039592
10745.70996 0.040013
10745.90039 0.040435
10746.09961 0.040927
10746.29004 0.041494
10746.49023 0.042061
10746.69043 0.042628
10746.87988 0.043195
10747.08008 0.043762
10747.28027 0.044329
10747.46973 0.044896
10747.66992 0.04546
10747.86035 0.046027
10748.05957 0.046593
10748.25977 0.047153
10748.45020 0.047714
10748.65039 0.048275
10748.84961 0.048836
10749.04004 0.049396
10749.24023 0.049957
10749.42969 0.050518
10749.62988 0.051079
10749.83008 0.05164
10750.01953 0.052202
10750.21973 0.052799
10750.41992 0.053396
10750.61035 0.053994
10750.80957 0.054591
10751.00000 0.055188
10751.20020 0.055785
10751.40039 0.056383
10751.58984 0.05698
10751.79004 0.057577
10751.99023 0.058174
10752.17969 0.058757
10752.37988 0.059338
10752.57031 0.05992
10752.76953 0.060501
10752.96973 0.061082
10753.16016 0.061664
10753.36035 0.062245
10753.55957 0.062826
10753.75000 0.063408
10753.95020 0.063989
10754.13965 0.064549
10754.33984 0.065101
10754.54004 0.065652
10754.73047 0.066204
10754.92969 0.066756
10755.12988 0.067308
10755.32031 0.067859
10755.51953 0.068411
10755.70996 0.068963
10755.91016 0.069515
10756.11035 0.070077
10756.29980 0.070647
10756.50000 0.071217
10756.70020 0.07179
10756.88965 0.07236
10757.08984 0.07293
10757.29004 0.0735
10757.48047 0.07407
10757.67969 0.074641
10757.87012 0.075211
10758.07031 0.075746
10758.26953 0.07622
10758.45996 0.076694
10758.66016 0.077168
10758.86035 0.077642
10759.04980 0.078119
10759.25000 0.078593
10759.45020 0.079067
10759.63965 0.079541
10759.83984 0.080015
10760.04004 0.080485
10760.23047 0.080934
10760.42969 0.081383
10760.62988 0.081834
10760.82031 0.082283
10761.01953 0.082732
10761.20996 0.083181
10761.41016 0.08363
10761.61035 0.084079
10761.79980 0.084528
10762.00000 0.084979
10762.20020 0.085332
10762.38965 0.085685
10762.58984 0.086037
10762.79004 0.08639
10762.98047 0.086744
10763.17969 0.087097
10763.37988 0.087449
10763.57031 0.087802
10763.76953 0.088154
10763.95996 0.088507
10764.16016 0.088848
10764.36035 0.089184
10764.54980 0.08952
10764.75000 0.089856
10764.95020 0.090194
10765.13965 0.09053
10765.33984 0.090866
10765.54004 0.091202
10765.73047 0.091538
10765.92969 0.091876
10766.12988 0.09212
10766.32031 0.092312
10766.51953 0.092504
10766.71973 0.092698
10766.91016 0.09289
10767.11035 0.093082
10767.29980 0.093275
10767.50000 0.093468
10767.70020 0.09366
10767.88965 0.093853
10768.08984 0.094049
10768.29004 0.094247
10768.48047 0.094445
10768.67969 0.094643
10768.87988 0.094842
10769.07031 0.09504
10769.26953 0.095238
10769.46973 0.095438
10769.66016 0.095636
10769.86035 0.095834
10770.05957 0.096004
10770.25000 0.096104
10770.45020 0.096203
10770.65039 0.096303
10770.83984 0.096403
10771.04004 0.096502
10771.24023 0.096602
10771.42969 0.096702
10771.62988 0.096801
10771.83008 0.096901
10772.01953 0.096997
10772.21973 0.09707
10772.41992 0.097143
10772.61035 0.097215
10772.80957 0.097288
10773.00977 0.097361
10773.20020 0.097433
10773.40039 0.097506
10773.59961 0.097579
10773.79004 0.097651
10773.99023 0.097724
10774.19043 0.097747
10774.37988 0.097768
10774.58008 0.097788
10774.78027 0.097808
10774.96973 0.097829
10775.16992 0.097849
10775.37012 0.09787
10775.55957 0.09789
10775.75977 0.09791
10775.95996 0.097931
10776.15039 0.097933
10776.34961 0.097929
10776.54980 0.097926
10776.74023 0.097923
10776.94043 0.09792
10777.13965 0.097916
10777.33008 0.097913
10777.53027 0.09791
10777.73047 0.097907
10777.91992 0.097904
10778.12012 0.097892
10778.32031 0.097876
10778.50977 0.097859
10778.70996 0.097843
10778.91016 0.097826
10779.09961 0.09781
10779.29980 0.097794
10779.50000 0.097777
10779.69043 0.097761
10779.88965 0.097744
10780.08984 0.097723
10780.29004 0.097697
10780.48047 0.097671
10780.67969 0.097644
10780.87988 0.097618
10781.07031 0.097592
10781.26953 0.097565
10781.46973 0.097539
10781.66016 0.097512
10781.86035 0.097486
10782.05957 0.097453
10782.25000 0.097404
10782.45020 0.097355
10782.65039 0.097306
10782.83984 0.097256
10783.04004 0.097207
10783.24023 0.097158
10783.42969 0.097109
10783.62988 0.09706
10783.83008 0.097011
10784.01953 0.096962
10784.21973 0.096918
10784.41992 0.096874
10784.62012 0.09683
10784.80957 0.096787
10785.00977 0.096743
10785.20996 0.096699
10785.40039 0.096655
10785.59961 0.096611
10785.79980 0.096567
10785.99023 0.096523
10786.19043 0.096481
10786.38965 0.09644
10786.58008 0.096398
10786.78027 0.096357
10786.98047 0.096315
10787.16992 0.096273
10787.37012 0.096232
10787.57031 0.09619
10787.76953 0.096149
10787.95996 0.096107
10788.16016 0.096064
10788.36035 0.09602
10788.54980 0.095976
10788.75000 0.095932
10788.95020 0.095888
10789.13965 0.095844
10789.33984 0.0958
10789.54004 0.095756
10789.73047 0.095712
10789.92969 0.095668
10790.12988 0.095638
10790.33008 0.095615
10790.51953 0.095592
10790.71973 0.095568
10790.91992 0.095545
10791.11035 0.095522
10791.30957 0.095499
10791.50977 0.095476
10791.70020 0.095453
10791.90039 0.095429
10792.09961 0.095409
10792.29980 0.095391
10792.49023 0.095373
10792.69043 0.095356
10792.88965 0.095338
10793.08008 0.09532
10793.28027 0.095302
10793.48047 0.095284
10793.66992 0.095267
10793.87012 0.095249
10794.07031 0.09523
10794.26953 0.095208
10794.45996 0.095186
10794.66016 0.095164
10794.86035 0.095142
10795.04980 0.09512
10795.25000 0.095098
10795.45020 0.095076
10795.65039 0.095054
10795.83984 0.095032
10796.04004 0.095013
10796.24023 0.095007
10796.42969 0.095001
10796.62988 0.094995
10796.83008 0.094989
10797.01953 0.094983
10797.21973 0.094977
10797.41992 0.094972
10797.62012 0.094966
10797.80957 0.09496
10798.00977 0.094954
10798.20996 0.09495
10798.40039 0.094947
10798.59961 0.094943
10798.79980 0.09494
10799.00000 0.094936
10799.19043 0.094933
10799.38965 0.094929
10799.58984 0.094926
10799.78027 0.094922
10799.98047 0.094919
10800.17969 0.094922
10800.37988 0.094926
10800.57031 0.094929
10800.76953 0.094933
10800.96973 0.094937
10801.16016 0.094941
10801.36035 0.094945
10801.55957 0.094949
10801.75977 0.094953
10801.95020 0.094956
10802.15039 0.094961
10802.34961 0.094967
10802.54004 0.094972
10802.74023 0.094977
10802.94043 0.094982
10803.13965 0.094988
10803.33008 0.094993
10803.53027 0.094998
10803.73047 0.095003
10803.91992 0.095009
10804.12012 0.095017
10804.32031 0.095027
10804.51953 0.095037
10804.70996 0.095047
10804.91016 0.095058
10805.11035 0.095068
10805.30957 0.095078
10805.50000 0.095088
10805.70020 0.095098
10805.90039 0.095108
10806.08984 0.095125
10806.29004 0.095149
10806.49023 0.095172
10806.69043 0.095196
10806.87988 0.09522
10807.08008 0.095243
10807.28027 0.095267
10807.48047 0.095291
10807.66992 0.095314
10807.87012 0.095338
10808.07031 0.095361
10808.25977 0.095383
10808.45996 0.095404
10808.66016 0.095426
10808.86035 0.095448
10809.04980 0.09547
10809.25000 0.095491
10809.45020 0.095513
10809.65039 0.095535
10809.83984 0.095557
10810.04004 0.095578
10810.24023 0.0956
10810.42969 0.095622
10810.62988 0.095644
10810.83008 0.095665
10811.03027 0.095687
10811.21973 0.095709
10811.41992 0.09573
10811.62012 0.095752
10811.82031 0.095774
10812.00977 0.095795
10812.20996 0.0958
10812.41016 0.095806
10812.61035 0.095812
10812.79980 0.095818
10813.00000 0.095824
10813.20020 0.09583
10813.40039 0.095836
10813.58984 0.095842
10813.79004 0.095848
10813.99023 0.095854
10814.17969 0.095865
10814.37988 0.095878
10814.58008 0.09589
10814.78027 0.095902
10814.96973 0.095915
10815.16992 0.095927
10815.37012 0.095939
10815.57031 0.095951
10815.75977 0.095964
10815.95996 0.095976
10816.16016 0.095978
10816.36035 0.095977
10816.54980 0.095976
10816.75000 0.095975
10816.95020 0.095974
10817.15039 0.095973
10817.33984 0.095972
10817.54004 0.095971
10817.74023 0.09597
10817.94043 0.09597
10818.12988 0.095959
10818.33008 0.095943
10818.53027 0.095927
10818.73047 0.095911
10818.91992 0.095895
10819.12012 0.09588
10819.32031 0.095864
10819.51953 0.095848
10819.70996 0.095832
10819.91016 0.095816
10820.11035 0.095789
10820.30957 0.095753
10820.50000 0.095717
10820.70020 0.095681
10820.90039 0.095644
10821.09961 0.095608
10821.29004 0.095572
10821.49023 0.095536
10821.69043 0.0955
10821.88965 0.095463
10822.08008 0.09542
10822.28027 0.095368
10822.48047 0.095316
10822.67969 0.095264
10822.87012 0.095212
10823.07031 0.09516
10823.26953 0.095107
10823.46973 0.095055
10823.66016 0.095003
10823.86035 0.094951
10824.05957 0.094879
10824.25977 0.09476
10824.45996 0.094641
10824.65039 0.094522
10824.84961 0.094403
10825.04980 0.094283
10825.25000 0.094165
10825.44043 0.094046
10825.63965 0.093926
10825.83984 0.093808
10826.04004 0.093691
10826.23047 0.093581
10826.42969 0.093473
10826.62988 0.093364
10826.83008 0.093255
10827.01953 0.093146
10827.21973 0.093037
10827.41992 0.092928
10827.62012 0.092819
10827.80957 0.09271
10828.00977 0.092596
10828.20996 0.092402
10828.41016 0.092208
10828.59961 0.092014
10828.79980 0.091819
10829.00000 0.091625
10829.20020 0.09143
