threeML/data/optical_filters/HST/NICMOS2-F171M.ecsv
# %ECSV 0.9
# ---
# datatype:
# - {name: wavelength, unit: Angstrom, datatype: float32}
# - {name: response, datatype: float32}
# meta: !!omap
# - {band_name: F171M}
# - {group_name: NICMOS2}
wavelength response
[from data line 6895]
17800.58984 0.010782
17800.84961 0.010848
17801.10938 0.010913
17801.36914 0.010979
17801.63086 0.011045
17801.89062 0.011111
17802.14062 0.011118
17802.40039 0.011079
17802.66016 0.011041
17802.91992 0.011003
17803.17969 0.010965
17803.43945 0.010927
17803.69922 0.010888
17803.96094 0.01085
17804.21094 0.010805
17804.47070 0.01076
17804.73047 0.010714
17804.99023 0.010668
17805.25000 0.010622
17805.50977 0.010576
17805.76953 0.01053
17806.02930 0.010485
17806.28906 0.010444
17806.53906 0.010402
17806.80078 0.010361
17807.06055 0.01032
17807.32031 0.010278
17807.58008 0.010237
17807.83984 0.010195
17808.09961 0.010193
17808.35938 0.010258
17808.60938 0.010323
17808.86914 0.010387
17809.13086 0.010452
17809.39062 0.010517
17809.65039 0.010581
17809.91016 0.010646
17810.16992 0.010625
17810.42969 0.010556
17810.67969 0.010487
17810.93945 0.010418
17811.19922 0.010349
17811.46094 0.01028
17811.72070 0.010211
17811.98047 0.010141
17812.24023 0.010126
17812.50000 0.010114
17812.75000 0.010103
17813.00977 0.010092
17813.26953 0.010081
17813.52930 0.01007
17813.78906 0.010058
17814.05078 0.010044
17814.31055 0.010015
17814.57031 0.009986
17814.83008 0.009958
17815.08008 0.009929
17815.33984 0.0099
17815.59961 0.009871
17815.85938 0.009842
17816.11914 0.009811
17816.38086 0.009776
17816.64062 0.009741
17816.90039 0.009707
17817.16016 0.009672
17817.41016 0.009638
17817.66992 0.009603
17817.92969 0.009568
17818.18945 0.009535
17818.44922 0.009502
17818.71094 0.009469
17818.97070 0.009436
17819.23047 0.009403
17819.49023 0.00937
17819.75000 0.009337
17820.00000 0.009305
17820.25977 0.009304
17820.51953 0.009304
17820.77930 0.009304
17821.03906 0.009303
17821.30078 0.009303
17821.56055 0.009302
17821.82031 0.009302
17822.08008 0.009299
17822.33984 0.009291
17822.58984 0.009282
17822.84961 0.009274
17823.10938 0.009265
17823.36914 0.009256
17823.63086 0.009248
17823.89062 0.009239
17824.15039 0.00922
17824.41016 0.009192
17824.66992 0.009164
17824.92969 0.009137
17825.17969 0.009109
17825.43945 0.009081
17825.69922 0.009053
17825.96094 0.009026
17826.22070 0.008993
17826.48047 0.00896
17826.74023 0.008926
17827.00000 0.008893
17827.25977 0.00886
17827.51953 0.008826
17827.77930 0.008793
17828.02930 0.008761
17828.28906 0.008742
17828.55078 0.008724
17828.81055 0.008705
17829.07031 0.008686
17829.33008 0.008667
17829.58984 0.008649
17829.84961 0.00863
17830.10938 0.008612
17830.36914 0.008595
17830.63086 0.008579
17830.88086 0.008562
17831.14062 0.008545
17831.40039 0.008528
17831.66016 0.008512
17831.91992 0.008495
17832.17969 0.008502
17832.43945 0.00852
17832.69922 0.008538
17832.96094 0.008557
17833.22070 0.008575
17833.47070 0.008593
17833.73047 0.008611
17833.99023 0.008629
17834.25000 0.008588
17834.50977 0.008545
17834.76953 0.008503
17835.02930 0.00846
17835.28906 0.008418
17835.55078 0.008375
17835.81055 0.008333
17836.07031 0.008289
17836.33008 0.008241
17836.58984 0.008193
17836.84961 0.008144
17837.09961 0.008096
17837.35938 0.008048
17837.61914 0.008
17837.88086 0.007952
17838.14062 0.00793
17838.40039 0.007929
17838.66016 0.007928
17838.91992 0.007928
17839.17969 0.007927
17839.43945 0.007926
17839.69922 0.007925
17839.96094 0.007925
17840.21094 0.007876
17840.47070 0.007818
17840.73047 0.00776
17840.99023 0.007701
17841.25000 0.007642
17841.50977 0.007584
17841.76953 0.007526
17842.02930 0.007474
17842.28906 0.007479
17842.55078 0.007484
17842.81055 0.007489
17843.07031 0.007494
17843.33008 0.0075
17843.58984 0.007505
17843.84961 0.00751
17844.09961 0.007502
17844.35938 0.007474
17844.61914 0.007446
17844.88086 0.007418
17845.14062 0.007391
17845.40039 0.007363
17845.66016 0.007336
17845.91992 0.007308
17846.17969 0.007246
17846.43945 0.007169
17846.69922 0.007092
17846.96094 0.007014
17847.22070 0.006937
17847.47070 0.00686
17847.73047 0.006782
17847.99023 0.006705
17848.25000 0.006758
17848.50977 0.006814
17848.76953 0.006869
17849.02930 0.006925
17849.28906 0.006981
17849.55078 0.007037
17849.81055 0.007093
17850.07031 0.007139
17850.33008 0.007162
17850.58984 0.007184
17850.84961 0.007206
17851.10938 0.007228
17851.36914 0.00725
17851.61914 0.007272
17851.88086 0.007294
17852.14062 0.007297
17852.40039 0.007287
17852.66016 0.007276
17852.91992 0.007265
17853.17969 0.007254
17853.43945 0.007244
17853.69922 0.007233
17853.96094 0.007222
17854.22070 0.007151
17854.48047 0.00707
17854.74023 0.006989
17855.00000 0.006907
17855.25977 0.006826
17855.51953 0.006745
17855.77930 0.006663
17856.03906 0.006603
17856.30078 0.00667
17856.55078 0.006736
17856.81055 0.006803
17857.07031 0.00687
17857.33008 0.006937
17857.58984 0.007004
17857.84961 0.007071
17858.10938 0.007086
17858.36914 0.007036
17858.63086 0.006985
17858.89062 0.006934
17859.15039 0.006883
17859.41016 0.006832
17859.66992 0.006781
17859.92969 0.00673
17860.18945 0.00671
17860.44922 0.006702
17860.71094 0.006694
17860.97070 0.006685
17861.23047 0.006677
17861.49023 0.006669
17861.75000 0.006661
17862.00977 0.006653
17862.26953 0.006664
17862.52930 0.006675
17862.78906 0.006686
17863.03906 0.006696
17863.30078 0.006707
17863.56055 0.006718
17863.82031 0.006729
17864.08008 0.006734
17864.33984 0.006726
17864.59961 0.006717
17864.85938 0.006709
17865.11914 0.006701
17865.38086 0.006693
17865.64062 0.006685
17865.90039 0.006677
17866.16016 0.006609
17866.41992 0.006505
17866.67969 0.006401
17866.93945 0.006296
17867.19922 0.006192
17867.46094 0.006087
17867.72070 0.005982
17867.98047 0.005878
17868.24023 0.005927
17868.50000 0.005992
17868.75977 0.006057
17869.01953 0.006122
17869.27930 0.006186
17869.53906 0.006251
17869.78906 0.006316
17870.05078 0.006352
17870.31055 0.006279
17870.57031 0.006206
17870.83008 0.006132
17871.08984 0.006059
17871.34961 0.005986
17871.60938 0.005913
17871.86914 0.00584
17872.13086 0.005827
17872.39062 0.005871
17872.65039 0.005916
17872.91016 0.005961
17873.16992 0.006005
17873.42969 0.00605
17873.68945 0.006095
17873.94922 0.00614
17874.21094 0.006092
17874.47070 0.006022
17874.73047 0.005952
17874.99023 0.005882
17875.25000 0.005811
17875.50977 0.005741
17875.76953 0.005671
17876.02930 0.005621
17876.28906 0.005737
17876.55078 0.005853
17876.81055 0.005969
17877.07031 0.006085
17877.33008 0.006201
17877.58984 0.006317
17877.84961 0.006433
17878.10938 0.006451
17878.36914 0.006328
17878.63086 0.006205
17878.89062 0.006082
17879.15039 0.005959
17879.41016 0.005836
17879.66992 0.005714
17879.92969 0.005591
17880.18945 0.005572
17880.44922 0.005596
17880.71094 0.005619
17880.96094 0.005643
17881.22070 0.005666
17881.48047 0.00569
17881.74023 0.005713
17882.00000 0.005736
17882.25977 0.005693
17882.51953 0.00565
17882.77930 0.005608
17883.03906 0.005565
17883.30078 0.005522
17883.56055 0.005479
17883.82031 0.005436
17884.08008 0.005415
17884.33984 0.005439
17884.59961 0.005462
17884.85938 0.005486
17885.11914 0.00551
17885.38086 0.005534
17885.64062 0.005558
17885.90039 0.005581
17886.16016 0.005629
17886.41992 0.005692
17886.67969 0.005755
17886.93945 0.005817
17887.19922 0.00588
17887.46094 0.005943
17887.72070 0.006005
17887.98047 0.006068
17888.24023 0.005955
17888.50000 0.00583
17888.75977 0.005705
17889.01953 0.00558
17889.27930 0.005455
17889.53906 0.00533
17889.80078 0.005205
17890.06055 0.005107
17890.32031 0.005099
17890.58008 0.005091
17890.83984 0.005082
17891.09961 0.005074
17891.35938 0.005066
17891.61914 0.005058
17891.88086 0.005049
17892.14062 0.005063
17892.40039 0.005095
17892.66016 0.005128
17892.91992 0.00516
17893.17969 0.005192
17893.43945 0.005224
17893.69922 0.005256
17893.96094 0.005289
17894.22070 0.005331
17894.48047 0.005375
17894.74023 0.005419
17895.00000 0.005463
17895.25977 0.005507
17895.51953 0.005551
17895.77930 0.005595
17896.03906 0.005616
17896.30078 0.005522
17896.56055 0.005429
17896.82031 0.005335
17897.08008 0.005241
17897.33984 0.005147
17897.59961 0.005053
17897.85938 0.004959
17898.11914 0.004924
17898.38086 0.004954
17898.64062 0.004984
17898.90039 0.005013
17899.16016 0.005043
17899.41992 0.005073
17899.67969 0.005103
17899.93945 0.005133
17900.19922 0.005091
17900.46094 0.005029
17900.72070 0.004967
17900.98047 0.004905
17901.24023 0.004843
17901.50000 0.004782
17901.75977 0.00472
17902.02930 0.004671
17902.28906 0.004741
17902.53906 0.004812
17902.80078 0.004883
17903.06055 0.004954
17903.33008 0.005026
17903.58984 0.005097
17903.84961 0.005168
17904.10938 0.005158
17904.36914 0.00503
17904.63086 0.004903
17904.89062 0.004776
17905.15039 0.004649
17905.41016 0.004521
17905.66992 0.004393
17905.92969 0.004266
17906.18945 0.004267
17906.44922 0.004318
17906.71094 0.004368
17906.97070 0.004419
17907.23047 0.004469
17907.49023 0.00452
17907.75000 0.004571
17908.00977 0.004618
17908.26953 0.004594
17908.52930 0.004569
17908.78906 0.004545
17909.05078 0.00452
17909.31055 0.004495
17909.57031 0.004471
17909.83008 0.004446
17910.08984 0.004442
17910.34961 0.004475
17910.60938 0.004508
17910.86914 0.004542
17911.13086 0.004575
17911.39062 0.004609
17911.65039 0.004642
17911.91016 0.004676
17912.16992 0.004678
17912.42969 0.004664
17912.68945 0.00465
17912.96094 0.004636
17913.21094 0.004623
17913.47070 0.004609
17913.74023 0.004595
17914.00000 0.004582
17914.25977 0.004566
17914.51953 0.004551
17914.77930 0.004535
17915.03906 0.004519
17915.30078 0.004504
17915.56055 0.004488
17915.82031 0.004473
17916.08008 0.004463
17916.33984 0.004466
17916.59961 0.004468
17916.85938 0.004471
17917.11914 0.004474
17917.38086 0.004477
17917.64062 0.004479
17917.90039 0.004482
17918.16016 0.004484
17918.41992 0.004486
17918.67969 0.004488
17918.93945 0.00449
17919.19922 0.004492
17919.46094 0.004494
17919.72070 0.004496
17919.98047 0.004497
17920.24023 0.004506
17920.50977 0.004516
17920.76953 0.004525
17921.02930 0.004535
17921.28906 0.004544
17921.55078 0.004554
17921.81055 0.004563
17922.07031 0.004547
17922.33008 0.00446
17922.58984 0.004373
17922.84961 0.004286
17923.10938 0.004199
17923.36914 0.004111
17923.63086 0.004025
17923.89062 0.003938
17924.15039 0.003878
17924.41016 0.003838
17924.66992 0.003798
17924.92969 0.003758
17925.18945 0.003718
17925.44922 0.003678
17925.71094 0.003638
17925.97070 0.003598
17926.24023 0.003664
17926.50000 0.003742
17926.75977 0.003819
17927.01953 0.003897
17927.27930 0.003975
17927.53906 0.004053
17927.80078 0.004131
17928.06055 0.00418
17928.32031 0.004133
17928.58008 0.004086
17928.83984 0.004039
17929.09961 0.003991
17929.35938 0.003944
17929.61914 0.003897
17929.88086 0.00385
17930.14062 0.003839
17930.40039 0.003858
17930.66016 0.003876
17930.92969 0.003895
17931.18945 0.003913
17931.44922 0.003932
17931.71094 0.00395
17931.97070 0.003969
17932.23047 0.003949
17932.49023 0.003925
17932.75000 0.0039
17933.00977 0.003875
17933.26953 0.00385
17933.52930 0.003825
17933.78906 0.0038
17934.05078 0.003784
17934.31055 0.0038
17934.57031 0.003816
17934.83008 0.003832
17935.09961 0.003849
17935.35938 0.003865
17935.61914 0.003881
17935.88086 0.003897
17936.14062 0.003919
17936.40039 0.003947
17936.66016 0.003974
17936.91992 0.004002
17937.17969 0.004029
17937.43945 0.004056
17937.69922 0.004084
17937.96094 0.004111
17938.22070 0.004054
17938.48047 0.003981
17938.74023 0.00391
17939.00977 0.003838
17939.26953 0.003766
17939.52930 0.003694
17939.78906 0.003622
17940.05078 0.003565
17940.31055 0.003574
17940.57031 0.003582
17940.83008 0.003591
17941.08984 0.0036
17941.34961 0.003608
17941.60938 0.003617
17941.86914 0.003625
17942.13086 0.003637
17942.39062 0.00365
17942.65039 0.003663
17942.91992 0.003677
17943.17969 0.00369
17943.43945 0.003704
17943.69922 0.003717
17943.96094 0.003731
17944.22070 0.003699
17944.48047 0.003659
17944.74023 0.00362
17945.00000 0.00358
17945.25977 0.00354
17945.51953 0.0035
17945.77930 0.00346
17946.03906 0.003438
17946.31055 0.003503
17946.57031 0.003567
17946.83008 0.003632
17947.08984 0.003696
17947.34961 0.00376
17947.60938 0.003825
17947.86914 0.003889
17948.13086 0.003923
17948.39062 0.003928
17948.65039 0.003933
17948.91016 0.003937
17949.16992 0.003942
17949.43945 0.003946
17949.69922 0.003951
17949.96094 0.003956
17950.22070 0.003963
17950.48047 0.00397
17950.74023 0.003977
17951.00000 0.003985
17951.25977 0.003992
17951.51953 0.003999
17951.77930 0.004007
17952.03906 0.003981
17952.30078 0.003796
17952.57031 0.003609
17952.83008 0.003424
17953.08984 0.003238
17953.34961 0.003052
17953.60938 0.002867
17953.86914 0.00268
17954.13086 0.002613
17954.39062 0.002662
17954.65039 0.002711
17954.91016 0.002761
17955.17969 0.00281
17955.43945 0.002859
17955.69922 0.002908
17955.96094 0.002957
17956.22070 0.002922
17956.48047 0.00287
17956.74023 0.002818
17957.00000 0.002766
17957.25977 0.002715
17957.51953 0.002663
17957.78906 0.002611
17958.03906 0.002581
17958.31055 0.002656
17958.57031 0.002731
17958.83008 0.002805
17959.08984 0.00288
17959.34961 0.002954
17959.60938 0.003029
17959.86914 0.003103
17960.13086 0.003159
17960.39062 0.003196
17960.66016 0.003233
17960.91992 0.00327
17961.17969 0.003307
17961.43945 0.003344
17961.69922 0.003382
17961.96094 0.003419
17962.22070 0.003379
17962.48047 0.003325
17962.74023 0.003271
17963.00000 0.003218
17963.26953 0.003164
17963.52930 0.00311
17963.78906 0.003056
17964.05078 0.003002
17964.31055 0.002948
17964.57031 0.002894
17964.83008 0.002839
17965.08984 0.002785
17965.34961 0.002731
17965.61914 0.002677
17965.88086 0.002622
17966.14062 0.002636
17966.40039 0.002711
17966.66016 0.002786
17966.91992 0.002861
17967.17969 0.002936
17967.43945 0.003011
17967.69922 0.003086
17967.96094 0.003161
17968.23047 0.00319
17968.49023 0.003212
17968.75000 0.003234
17969.00977 0.003256
17969.26953 0.003278
17969.52930 0.0033
17969.78906 0.003322
17970.05078 0.003339
17970.31055 0.003337
17970.58008 0.003335
17970.83984 0.003334
17971.09961 0.003332
17971.35938 0.00333
17971.61914 0.003328
17971.88086 0.003327
17972.14062 0.003276
17972.40039 0.003185
17972.66992 0.003094
17972.92969 0.003003
17973.18945 0.002913
17973.44922 0.002822
17973.71094 0.002731
17973.97070 0.00264
17974.23047 0.002665
17974.49023 0.002703
17974.75977 0.002742
17975.01953 0.00278
17975.27930 0.002819
17975.53906 0.002857
17975.80078 0.002896
17976.06055 0.002937
17976.32031 0.002986
17976.58008 0.003035
17976.84961 0.003084
17977.10938 0.003133
17977.36914 0.003182
17977.63086 0.003231
17977.89062 0.00328
17978.15039 0.003257
17978.41016 0.003183
17978.66992 0.003108
17978.93945 0.003034
17979.19922 0.002959
17979.46094 0.002885
17979.72070 0.002811
17979.98047 0.002736
17980.24023 0.002769
17980.50000 0.00281
17980.75977 0.002852
17981.02930 0.002893
17981.28906 0.002935
17981.55078 0.002976
17981.81055 0.003018
17982.07031 0.003039
17982.33008 0.003003
17982.58984 0.002968
17982.85938 0.002933
17983.11914 0.002898
17983.38086 0.002862
17983.64062 0.002827
17983.90039 0.002792
17984.16016 0.002843
17984.41992 0.002946
17984.67969 0.00305
17984.94922 0.003154
17985.21094 0.003258
17985.47070 0.003362
17985.73047 0.003465
17985.99023 0.003569
17986.25000 0.00349
17986.50977 0.003405
17986.77930 0.003319
17987.03906 0.003234
17987.30078 0.003149
17987.56055 0.003064
17987.82031 0.002978
17988.08008 0.002925
17988.33984 0.002942
17988.60938 0.002959
17988.86914 0.002975
17989.13086 0.002992
17989.39062 0.003009
17989.65039 0.003026
17989.91016 0.003042
17990.16992 0.003024
17990.43945 0.002989
17990.69922 0.002953
17990.96094 0.002918
17991.22070 0.002882
17991.48047 0.002846
17991.74023 0.002811
17992.00000 0.002776
17992.26953 0.002767
17992.52930 0.002758
17992.78906 0.00275
17993.05078 0.002741
17993.31055 0.002732
17993.57031 0.002724
17993.83008 0.002715
17994.09961 0.0027
17994.35938 0.002675
17994.61914 0.002649
17994.88086 0.002624
17995.14062 0.002598
17995.40039 0.002573
17995.66016 0.002547
17995.92969 0.002522
17996.18945 0.002538
17996.44922 0.002571
17996.71094 0.002604
17996.97070 0.002638
17997.23047 0.002671
17997.50000 0.002704
17997.75977 0.002737
17998.01953 0.002762
17998.27930 0.002687
17998.53906 0.002611
17998.80078 0.002535
17999.06055 0.002459
17999.33008 0.002383
