threeML/data/optical_filters/HST/NICMOS3-F160W.ecsv
# %ECSV 0.9
# ---
# datatype:
# - {name: wavelength, unit: Angstrom, datatype: float32}
# - {name: response, datatype: float32}
# meta: !!omap
# - {band_name: F160W}
# - {group_name: NICMOS3}
wavelength response
12161.81641 0.0
13513.12988 0.000402
13513.83008 0.000406
13514.51953 0.000409
13515.20996 0.000411
13515.90039 0.000411
13516.59961 0.000412
13517.29004 0.000412
13517.98047 0.000412
13518.67969 0.000412
13519.37012 0.000413
13520.05957 0.000414
13520.75977 0.000421
13521.45020 0.000428
13522.13965 0.000435
13522.83008 0.000443
13523.53027 0.00045
13524.21973 0.000457
13524.91992 0.000464
13525.61035 0.000471
13526.29980 0.000479
13527.00000 0.000486
13527.69043 0.000493
13528.37988 0.0005
13529.08008 0.000507
13529.76953 0.000514
13530.45996 0.000521
13531.16016 0.000527
13531.84961 0.000534
13532.54004 0.00054
13533.24023 0.000547
13533.92969 0.000553
13534.62988 0.000559
13535.32031 0.000566
13536.00977 0.000572
13536.70996 0.000579
13537.40039 0.000585
13538.08984 0.000592
13538.79004 0.000598
13539.48047 0.000605
13540.17969 0.000611
13540.87012 0.000614
13541.55957 0.000617
13542.25977 0.00062
13542.95020 0.000623
13543.65039 0.000626
13544.33984 0.000629
13545.04004 0.000632
13545.73047 0.000642
13546.41992 0.000651
13547.12012 0.000661
13547.80957 0.000671
13548.50977 0.00068
13549.20020 0.00069
13549.90039 0.0007
13550.58984 0.000706
13551.29004 0.000712
13551.98047 0.000718
13552.67969 0.000723
13553.37012 0.000729
13554.07031 0.000735
13554.75977 0.000741
13555.45996 0.000749
13556.15039 0.000758
13556.84961 0.000768
13557.54004 0.000777
13558.24023 0.000787
13558.92969 0.000796
13559.62988 0.000806
13560.32031 0.000816
13561.01953 0.000828
13561.70996 0.000839
13562.41016 0.000851
13563.09961 0.000862
13563.79980 0.000874
13564.49023 0.000885
13565.19043 0.000896
13565.87988 0.000904
13566.58008 0.000912
13567.26953 0.000921
13567.96973 0.000929
13568.66992 0.000937
13569.36035 0.000945
13570.05957 0.000954
13570.75000 0.000963
13571.45020 0.000972
13572.13965 0.000981
13572.83984 0.000991
13573.54004 0.001
13574.23047 0.001009
13574.92969 0.001018
13575.62012 0.001029
13576.32031 0.00104
13577.00977 0.001051
13577.70996 0.001063
13578.41016 0.001074
13579.09961 0.001085
13579.79980 0.001096
13580.50000 0.001109
13581.19043 0.001122
13581.88965 0.001136
13582.58008 0.001149
13583.28027 0.001162
13583.98047 0.001176
13584.66992 0.001189
13585.37012 0.001203
13586.07031 0.001218
13586.75977 0.001233
13587.45996 0.001248
13588.15039 0.001262
13588.84961 0.001277
13589.54980 0.001292
13590.24023 0.001305
13590.94043 0.001314
13591.63965 0.001324
13592.33008 0.001333
13593.03027 0.001343
13593.73047 0.001352
13594.41992 0.001362
13595.12012 0.001372
13595.82031 0.00139
13596.51953 0.001407
13597.20996 0.001425
13597.91016 0.001442
13598.61035 0.00146
13599.29980 0.001477
13600.00000 0.001495
13600.70020 0.001512
13601.40039 0.001529
13602.08984 0.001546
13602.79004 0.001563
13603.49023 0.00158
13604.19043 0.001597
13604.87988 0.001614
13605.58008 0.001634
13606.28027 0.001654
13606.96973 0.001674
13607.66992 0.001693
13608.37012 0.001713
13609.07031 0.001733
13609.76953 0.001753
13610.45996 0.001772
13611.16016 0.001791
13611.86035 0.00181
13612.55957 0.001829
13613.25000 0.001848
13613.95020 0.001867
13614.65039 0.001885
13615.34961 0.001907
13616.04980 0.001932
13616.74023 0.001957
13617.44043 0.001982
13618.13965 0.002007
13618.83984 0.002033
13619.54004 0.002058
13620.23047 0.002081
13620.92969 0.0021
13621.62988 0.00212
13622.33008 0.00214
13623.03027 0.002159
13623.73047 0.002179
13624.41992 0.002198
13625.12012 0.002219
13625.82031 0.002244
13626.51953 0.002269
13627.21973 0.002294
13627.91992 0.002319
13628.62012 0.002344
13629.30957 0.002369
13630.00977 0.002394
13630.70996 0.002415
13631.41016 0.002437
13632.11035 0.002458
13632.80957 0.00248
13633.50977 0.002502
13634.20996 0.002523
13634.91016 0.002545
13635.59961 0.002572
13636.29980 0.0026
13637.00000 0.002628
13637.70020 0.002656
13638.40039 0.002684
13639.09961 0.002712
13639.79980 0.00274
13640.50000 0.00277
13641.20020 0.0028
13641.90039 0.00283
13642.59961 0.00286
13643.29004 0.00289
13643.99023 0.00292
13644.69043 0.00295
13645.38965 0.002982
13646.08984 0.003017
13646.79004 0.003051
13647.49023 0.003085
13648.19043 0.00312
13648.88965 0.003154
13649.58984 0.003188
13650.29004 0.003221
13650.99023 0.003251
13651.69043 0.003281
13652.38965 0.003311
13653.08984 0.003341
13653.79004 0.00337
13654.49023 0.0034
13655.19043 0.003431
13655.88965 0.003465
13656.58984 0.003499
13657.29004 0.003532
13657.99023 0.003566
13658.69043 0.0036
13659.38965 0.003633
13660.08984 0.003666
13660.79004 0.003696
13661.49023 0.003726
13662.19043 0.003757
13662.88965 0.003787
13663.58984 0.003817
13664.29004 0.003847
13664.99023 0.003877
13665.69043 0.003914
13666.38965 0.00395
13667.08984 0.003987
13667.79980 0.004024
13668.50000 0.00406
13669.20020 0.004097
13669.90039 0.004134
13670.59961 0.004171
13671.29980 0.004208
13672.00000 0.004245
13672.70020 0.004281
13673.40039 0.004318
13674.09961 0.004355
13674.79980 0.004392
13675.50000 0.004427
13676.20996 0.004461
13676.91016 0.004495
13677.61035 0.004529
13678.30957 0.004563
13679.00977 0.004597
13679.70996 0.004632
13680.41016 0.004673
13681.11035 0.004719
13681.82031 0.004765
13682.51953 0.004811
13683.21973 0.004857
13683.91992 0.004904
13684.62012 0.00495
13685.32031 0.004994
13686.01953 0.005035
13686.73047 0.005076
13687.42969 0.005118
13688.12988 0.005159
13688.83008 0.005201
13689.53027 0.005242
13690.24023 0.005283
13690.94043 0.005323
13691.63965 0.005364
13692.33984 0.005404
13693.04004 0.005445
13693.74023 0.005485
13694.45020 0.005526
13695.15039 0.005566
13695.84961 0.005607
13696.54980 0.005648
13697.25000 0.005689
13697.95996 0.005729
13698.66016 0.00577
13699.36035 0.005811
13700.05957 0.005852
13700.76953 0.005896
13701.46973 0.005939
13702.16992 0.005983
13702.87012 0.006026
13703.58008 0.00607
13704.28027 0.006114
13704.98047 0.006157
13705.67969 0.006201
13706.38965 0.006244
13707.08984 0.006288
13707.79004 0.006332
13708.49023 0.006375
13709.20020 0.006419
13709.90039 0.006462
13710.59961 0.006508
13711.29980 0.006554
13712.00977 0.0066
13712.70996 0.006646
13713.41016 0.006692
13714.12012 0.006738
13714.82031 0.006785
13715.51953 0.00683
13716.23047 0.006875
13716.92969 0.00692
13717.62988 0.006965
13718.33984 0.00701
13719.04004 0.007055
13719.74023 0.0071
13720.45020 0.007147
13721.15039 0.007197
13721.84961 0.007246
13722.55957 0.007295
13723.25977 0.007344
13723.95996 0.007393
13724.66992 0.007442
13725.37012 0.007486
13726.07031 0.007527
13726.78027 0.007568
13727.48047 0.007608
13728.17969 0.007649
13728.88965 0.00769
13729.58984 0.00773
13730.29980 0.007775
13731.00000 0.007824
13731.70020 0.007874
13732.41016 0.007923
13733.11035 0.007973
13733.82031 0.008022
13734.51953 0.008072
13735.21973 0.00812
13735.92969 0.008165
13736.62988 0.008211
13737.33984 0.008256
13738.04004 0.008302
13738.75000 0.008347
13739.45020 0.008393
13740.15039 0.008439
13740.86035 0.008488
13741.55957 0.008538
13742.26953 0.008587
13742.96973 0.008636
13743.67969 0.008686
13744.37988 0.008735
13745.08008 0.008786
13745.79004 0.008846
13746.49023 0.008907
13747.20020 0.008967
13747.90039 0.009027
13748.61035 0.009088
13749.30957 0.009148
13750.01953 0.009209
13750.71973 0.00926
13751.42969 0.009311
13752.12988 0.009362
13752.83984 0.009413
13753.54004 0.009464
13754.25000 0.009516
13754.95020 0.009567
13755.66016 0.009618
13756.36035 0.009669
13757.07031 0.00972
13757.76953 0.009771
13758.48047 0.009823
13759.17969 0.009874
13759.88965 0.009925
13760.58984 0.009984
13761.29980 0.010045
13762.00977 0.010106
13762.70996 0.010167
13763.41992 0.010227
13764.12012 0.010288
13764.83008 0.010349
13765.53027 0.010407
13766.24023 0.010463
13766.95020 0.010519
13767.65039 0.010576
13768.36035 0.010632
13769.05957 0.010689
13769.76953 0.010745
13770.46973 0.010809
13771.17969 0.010875
13771.88965 0.010942
13772.58984 0.011008
13773.29980 0.011075
13774.00000 0.011142
13774.70996 0.011208
13775.41992 0.011274
13776.12012 0.01134
13776.83008 0.011405
13777.54004 0.01147
13778.24023 0.011535
13778.95020 0.011601
13779.65039 0.011666
13780.36035 0.011734
13781.07031 0.011806
13781.76953 0.011877
13782.48047 0.011948
13783.19043 0.01202
13783.88965 0.012091
13784.59961 0.012163
13785.30957 0.012235
13786.00977 0.01231
13786.71973 0.012385
13787.42969 0.012459
13788.12988 0.012534
13788.83984 0.012608
13789.54980 0.012683
13790.25000 0.012758
13790.95996 0.012834
13791.66992 0.012909
13792.37012 0.012985
13793.08008 0.013061
13793.79004 0.013136
13794.50000 0.013212
13795.20020 0.013291
13795.91016 0.013376
13796.62012 0.013462
13797.33008 0.013548
13798.03027 0.013633
13798.74023 0.013719
13799.45020 0.013805
13800.15039 0.013891
13800.86035 0.01398
13801.57031 0.014069
13802.28027 0.014159
13802.98047 0.014248
13803.69043 0.014337
13804.40039 0.014426
13805.11035 0.014517
13805.82031 0.014616
13806.51953 0.014715
13807.23047 0.014814
13807.94043 0.014913
13808.65039 0.015012
13809.34961 0.015111
13810.05957 0.015212
13810.76953 0.015326
13811.48047 0.01544
13812.19043 0.015555
13812.88965 0.015669
13813.59961 0.015784
13814.30957 0.015898
13815.01953 0.016013
13815.73047 0.016135
13816.44043 0.016259
13817.13965 0.016382
13817.84961 0.016505
13818.55957 0.016628
13819.26953 0.016751
13819.98047 0.016874
13820.69043 0.016995
13821.38965 0.017116
13822.09961 0.017238
13822.80957 0.017359
13823.51953 0.01748
13824.23047 0.017601
13824.94043 0.017723
13825.65039 0.017848
13826.34961 0.017974
13827.05957 0.0181
13827.76953 0.018225
13828.48047 0.018351
13829.19043 0.018477
13829.90039 0.018603
13830.61035 0.018743
13831.32031 0.018885
13832.03027 0.019027
13832.74023 0.01917
13833.44043 0.019312
13834.15039 0.019455
13834.86035 0.019597
13835.57031 0.019753
13836.28027 0.019913
13836.99023 0.020073
13837.70020 0.020232
13838.41016 0.020392
13839.12012 0.020552
13839.83008 0.020712
13840.54004 0.020874
13841.25000 0.021038
13841.95996 0.021201
13842.66992 0.021365
13843.37988 0.021529
13844.08008 0.021693
13844.79004 0.021856
13845.50000 0.022034
13846.20996 0.022216
13846.91992 0.022398
13847.62988 0.022581
13848.33984 0.022763
13849.04980 0.022946
13849.75977 0.023128
13850.46973 0.023313
13851.17969 0.023499
13851.88965 0.023684
13852.59961 0.02387
13853.30957 0.024056
13854.01953 0.024242
13854.73047 0.024427
13855.45020 0.024619
13856.16016 0.024812
13856.87012 0.025006
13857.58008 0.0252
13858.29004 0.025394
13859.00000 0.025589
13859.70996 0.025783
13860.41992 0.025989
13861.12988 0.026204
13861.83984 0.026419
13862.54980 0.026634
13863.25977 0.026849
13863.96973 0.027064
13864.67969 0.02728
13865.38965 0.027513
13866.09961 0.02776
13866.80957 0.028007
13867.51953 0.028255
13868.24023 0.028502
13868.95020 0.02875
13869.66016 0.028998
13870.37012 0.029264
13871.08008 0.029547
13871.79004 0.029831
13872.50000 0.030115
13873.20996 0.030398
13873.91992 0.030682
13874.63965 0.030966
13875.34961 0.031263
13876.05957 0.031575
13876.76953 0.031887
13877.48047 0.032198
13878.19043 0.03251
13878.90039 0.032822
13879.62012 0.033134
13880.33008 0.033449
13881.04004 0.033767
13881.75000 0.034085
13882.45996 0.034403
13883.16992 0.034721
13883.87988 0.03504
13884.59961 0.035358
13885.30957 0.035686
13886.01953 0.036026
13886.73047 0.036366
13887.44043 0.036707
13888.16016 0.037047
13888.87012 0.037388
13889.58008 0.037729
13890.29004 0.038071
13891.00000 0.038416
13891.71973 0.038761
13892.42969 0.039106
13893.13965 0.039451
13893.84961 0.039796
13894.55957 0.040141
13895.28027 0.040491
13895.99023 0.040847
13896.70020 0.041204
13897.41016 0.04156
13898.12988 0.041917
13898.83984 0.042273
13899.54980 0.04263
13900.25977 0.043007
13900.98047 0.04342
13901.69043 0.043833
13902.40039 0.044246
13903.11035 0.044658
13903.83008 0.045072
13904.54004 0.045485
13905.25000 0.045929
13905.96973 0.046429
13906.67969 0.046929
13907.38965 0.047429
13908.09961 0.047929
13908.82031 0.048429
13909.53027 0.048929
13910.24023 0.049431
13910.95996 0.049933
13911.66992 0.050436
13912.37988 0.050938
13913.09961 0.051441
13913.80957 0.051944
13914.51953 0.052447
13915.24023 0.052963
13915.95020 0.053503
13916.66016 0.054044
13917.37988 0.054585
13918.08984 0.055127
13918.79980 0.055668
13919.51953 0.056209
13920.23047 0.056756
13920.94043 0.05731
13921.66016 0.057865
13922.37012 0.058421
13923.08008 0.058976
13923.79980 0.059532
13924.50977 0.060088
13925.23047 0.060653
13925.94043 0.06124
13926.65039 0.061827
13927.37012 0.062413
13928.08008 0.063
13928.79980 0.063587
13929.50977 0.064175
13930.21973 0.064771
13930.94043 0.065388
13931.65039 0.066004
13932.37012 0.066621
13933.08008 0.067238
13933.79004 0.067855
13934.50977 0.068472
13935.21973 0.069104
13935.94043 0.069768
13936.65039 0.070431
13937.37012 0.071096
13938.08008 0.071759
13938.79980 0.072424
13939.50977 0.073089
13940.21973 0.073768
13940.94043 0.074481
13941.65039 0.075193
13942.37012 0.075906
13943.08008 0.07662
13943.79980 0.077333
13944.50977 0.078046
13945.23047 0.078767
13945.94043 0.079503
13946.66016 0.080239
13947.37012 0.080975
13948.08984 0.081712
13948.79980 0.082448
13949.51953 0.083186
13950.23047 0.083939
13950.95020 0.084726
13951.66016 0.085514
13952.37988 0.086302
13953.08984 0.087089
13953.80957 0.087878
13954.51953 0.088666
13955.24023 0.089454
13955.95996 0.090236
13956.66992 0.09102
13957.38965 0.091804
13958.09961 0.092587
13958.82031 0.093372
13959.53027 0.094156
13960.25000 0.094952
13960.95996 0.095766
13961.67969 0.096582
13962.40039 0.097398
13963.11035 0.098214
13963.83008 0.09903
13964.54004 0.099846
13965.25977 0.100639
13965.96973 0.101388
13966.69043 0.102137
13967.41016 0.102888
13968.12012 0.103638
13968.83984 0.104388
13969.54980 0.105138
13970.26953 0.10589
13970.99023 0.106645
13971.70020 0.107399
13972.41992 0.108155
13973.13965 0.10891
13973.84961 0.109666
13974.57031 0.110421
13975.29004 0.111145
13976.00000 0.11182
13976.71973 0.112494
13977.42969 0.11317
13978.15039 0.113846
13978.87012 0.114521
13979.58008 0.115196
13980.29980 0.115854
13981.01953 0.116486
13981.73047 0.117119
13982.45020 0.117751
13983.16992 0.118384
13983.87988 0.119017
13984.59961 0.11965
13985.32031 0.120289
13986.04004 0.120937
13986.75000 0.121586
13987.46973 0.122234
13988.19043 0.122882
13988.90039 0.12353
13989.62012 0.124179
13990.33984 0.124835
13991.04980 0.125497
13991.76953 0.126161
13992.49023 0.126824
13993.20996 0.127488
13993.91992 0.128151
13994.63965 0.128816
13995.36035 0.129465
13996.08008 0.130099
13996.79004 0.130734
13997.50977 0.131368
13998.23047 0.132003
13998.95020 0.132639
13999.66016 0.133273
14000.37988 0.133873
14001.09961 0.134442
14001.82031 0.135012
14002.54004 0.135581
14003.25000 0.136151
14003.96973 0.13672
14004.69043 0.13729
14005.41016 0.137793
14006.12012 0.138244
14006.83984 0.138696
14007.55957 0.139147
14008.28027 0.139599
14009.00000 0.140051
14009.70996 0.140503
14010.42969 0.140903
14011.15039 0.141268
14011.87012 0.141633
14012.58984 0.141998
14013.30957 0.142364
14014.03027 0.14273
14014.74023 0.143095
14015.45996 0.143412
14016.17969 0.143703
14016.90039 0.143993
14017.62012 0.144283
14018.33984 0.144574
14019.04980 0.144864
14019.76953 0.145155
14020.49023 0.145411
14021.20996 0.145652
14021.92969 0.145892
14022.65039 0.146133
14023.37012 0.146374
14024.08984 0.146614
14024.79980 0.146855
14025.51953 0.147046
14026.24023 0.147217
14026.95996 0.147389
14027.67969 0.14756
14028.40039 0.147732
14029.12012 0.147904
14029.83984 0.148075
14030.55957 0.148217
14031.28027 0.148349
14032.00000 0.148481
14032.71973 0.148614
14033.44043 0.148746
14034.15039 0.148878
14034.87012 0.149011
14035.58984 0.1491
14036.30957 0.149181
14037.03027 0.149262
14037.75000 0.149343
14038.46973 0.149423
14039.19043 0.149504
14039.91016 0.149585
14040.62988 0.149624
14041.34961 0.149658
14042.07031 0.149691
14042.79004 0.149725
14043.50977 0.149758
14044.23047 0.149791
14044.95020 0.149825
14045.66992 0.14982
14046.38965 0.149813
14047.11035 0.149806
14047.83008 0.149799
14048.54980 0.149791
14049.26953 0.149784
14049.99023 0.149777
14050.70996 0.149742
14051.42969 0.149707
14052.15039 0.149672
14052.87012 0.149637
