threeML/data/optical_filters/HST/NICMOS3-F108N.ecsv
# %ECSV 0.9
# ---
# datatype:
# - {name: wavelength, unit: Angstrom, datatype: float32}
# - {name: response, datatype: float32}
# meta: !!omap
# - {band_name: F108N}
# - {group_name: NICMOS3}
wavelength response
[from data line 767]
10829.58984 0.091041
10829.79004 0.090847
10829.99023 0.090653
10830.19043 0.090436
10830.37988 0.09022
10830.58008 0.090002
10830.78027 0.089785
10830.98047 0.089568
10831.16992 0.089351
10831.37012 0.089133
10831.57031 0.088917
10831.76953 0.0887
10831.96973 0.088482
10832.16016 0.088218
10832.36035 0.087943
10832.55957 0.08767
10832.75977 0.087394
10832.95020 0.087121
10833.15039 0.086846
10833.34961 0.086572
10833.54980 0.086297
10833.75000 0.086023
10833.94043 0.085748
10834.13965 0.085431
10834.33984 0.085095
10834.54004 0.084761
10834.73047 0.084424
10834.92969 0.08409
10835.12988 0.083754
10835.33008 0.083419
10835.53027 0.083083
10835.71973 0.082747
10835.91992 0.082413
10836.12012 0.082052
10836.32031 0.081677
10836.50977 0.081301
10836.70996 0.080926
10836.91016 0.080549
10837.11035 0.080175
10837.30957 0.079798
10837.50000 0.079421
10837.70020 0.079046
10837.90039 0.07867
10838.09961 0.078261
10838.29004 0.077814
10838.49023 0.07737
10838.69043 0.076924
10838.88965 0.076477
10839.08984 0.076033
10839.28027 0.075586
10839.48047 0.07514
10839.67969 0.074695
10839.87988 0.074249
10840.08008 0.073796
10840.26953 0.073327
10840.46973 0.072859
10840.66992 0.072392
10840.87012 0.071924
10841.07031 0.071455
10841.25977 0.070989
10841.45996 0.07052
10841.66016 0.070054
10841.86035 0.069585
10842.04980 0.069096
10842.25000 0.068557
10842.45020 0.068015
10842.65039 0.067473
10842.84961 0.066933
10843.04004 0.066391
10843.24023 0.065849
10843.44043 0.065307
10843.63965 0.064768
10843.83984 0.064226
10844.03027 0.063691
10844.23047 0.063195
10844.42969 0.062697
10844.62988 0.062198
10844.83008 0.061703
10845.01953 0.061204
10845.21973 0.060706
10845.41992 0.060208
10845.62012 0.059712
10845.82031 0.059213
10846.00977 0.058711
10846.20996 0.058153
10846.41016 0.057593
10846.61035 0.057033
10846.80957 0.056473
10847.00000 0.055916
10847.20020 0.055356
10847.40039 0.054795
10847.59961 0.054235
10847.79980 0.053675
10847.99023 0.053118
10848.19043 0.052624
10848.38965 0.052132
10848.58984 0.051641
10848.79004 0.051152
10848.98047 0.05066
10849.17969 0.050169
10849.37988 0.049677
10849.58008 0.049186
10849.78027 0.048697
10849.96973 0.048205
10850.16992 0.047692
10850.37012 0.047177
10850.57031 0.046661
10850.76953 0.046148
10850.95996 0.045632
10851.16016 0.045116
10851.36035 0.0446
10851.55957 0.044084
10851.75977 0.043568
10851.95020 0.043055
10852.15039 0.042607
10852.34961 0.04218
10852.54980 0.041753
10852.75000 0.041325
10852.95020 0.040898
10853.13965 0.040471
10853.33984 0.040045
10853.54004 0.039618
10853.74023 0.039191
10853.94043 0.038763
10854.12988 0.038285
10854.33008 0.037782
10854.53027 0.037278
10854.73047 0.036775
10854.92969 0.036272
10855.12012 0.035771
10855.32031 0.035267
10855.51953 0.034764
10855.71973 0.034261
10855.91992 0.033757
10856.12012 0.033318
10856.30957 0.032925
10856.50977 0.032531
10856.70996 0.032138
10856.91016 0.031745
10857.11035 0.031352
10857.29980 0.030958
10857.50000 0.030565
10857.70020 0.030172
10857.90039 0.029778
10858.09961 0.029395
10858.29004 0.029019
10858.49023 0.028642
10858.69043 0.028266
10858.88965 0.027889
10859.08984 0.027513
10859.29004 0.027136
10859.48047 0.02676
10859.67969 0.026383
10859.87988 0.026007
10860.08008 0.025644
10860.28027 0.025302
10860.48047 0.02496
10860.66992 0.024618
10860.87012 0.024277
10861.07031 0.023935
10861.26953 0.023593
10861.46973 0.023251
10861.66992 0.022909
10861.86035 0.022567
10862.05957 0.022232
10862.25977 0.021911
10862.45996 0.02159
10862.66016 0.021267
10862.86035 0.020946
10863.04980 0.020625
10863.25000 0.020304
10863.45020 0.019983
10863.65039 0.019662
10863.84961 0.019341
10864.04004 0.019035
10864.24023 0.018779
10864.44043 0.018522
10864.63965 0.018266
10864.83984 0.01801
10865.04004 0.017754
10865.23047 0.017497
10865.42969 0.01724
10865.62988 0.016984
10865.83008 0.016728
10866.03027 0.016476
10866.23047 0.016254
10866.41992 0.016031
10866.62012 0.015809
10866.82031 0.015587
10867.01953 0.015364
10867.21973 0.015141
10867.41992 0.014918
10867.62012 0.014696
10867.80957 0.014473
10868.00977 0.014252
10868.20996 0.014045
10868.41016 0.013838
10868.61035 0.01363
10868.80957 0.013423
10869.00000 0.013217
10869.20020 0.01301
10869.40039 0.012803
10869.59961 0.012596
10869.79980 0.012388
10870.00000 0.012181
10870.19043 0.011999
10870.38965 0.011817
10870.58984 0.011636
10870.79004 0.011453
10870.99023 0.011272
10871.19043 0.01109
10871.37988 0.010909
10871.58008 0.010727
10871.78027 0.010545
10871.98047 0.010363
10872.17969 0.010223
10872.37988 0.010087
10872.58008 0.009951
10872.76953 0.009815
10872.96973 0.009679
10873.16992 0.009543
10873.37012 0.009408
10873.57031 0.009271
10873.76953 0.009135
10873.95996 0.009
10874.16016 0.008887
10874.36035 0.00878
10874.55957 0.008673
10874.75977 0.008566
10874.95996 0.008458
10875.16016 0.008351
10875.34961 0.008244
10875.54980 0.008137
10875.75000 0.00803
10875.95020 0.007923
10876.15039 0.007814
10876.34961 0.007704
10876.54980 0.007595
10876.74023 0.007485
10876.94043 0.007376
10877.13965 0.007266
10877.33984 0.007156
10877.54004 0.007047
10877.74023 0.006937
10877.94043 0.006828
10878.12988 0.006736
10878.33008 0.006653
10878.53027 0.006571
10878.73047 0.006488
10878.92969 0.006405
10879.12988 0.006323
10879.33008 0.00624
10879.51953 0.006157
10879.71973 0.006075
10879.91992 0.005992
10880.12012 0.005907
10880.32031 0.005822
10880.51953 0.005736
10880.71973 0.005651
10880.91016 0.005565
10881.11035 0.005479
10881.30957 0.005394
10881.50977 0.005308
10881.70996 0.005222
10881.91016 0.005137
10882.11035 0.005066
10882.29980 0.005007
10882.50000 0.004948
10882.70020 0.00489
10882.90039 0.004831
10883.09961 0.004773
10883.29980 0.004714
10883.50000 0.004655
10883.70020 0.004597
10883.88965 0.004538
10884.08984 0.004481
10884.29004 0.004425
10884.49023 0.00437
10884.69043 0.004314
10884.88965 0.004258
10885.08984 0.004203
10885.29004 0.004147
10885.48047 0.004091
10885.67969 0.004036
10885.87988 0.00398
10886.08008 0.003933
10886.28027 0.003899
10886.48047 0.003865
10886.67969 0.003831
10886.87988 0.003796
10887.07031 0.003762
10887.26953 0.003728
10887.46973 0.003694
10887.66992 0.00366
10887.87012 0.003626
10888.07031 0.00358
10888.26953 0.003513
10888.45996 0.003445
10888.66016 0.003377
10888.86035 0.003309
10889.05957 0.003241
10889.25977 0.003173
10889.45996 0.003105
10889.66016 0.003037
10889.86035 0.002969
10890.04980 0.002911
10890.25000 0.002878
10890.45020 0.002844
10890.65039 0.002811
10890.84961 0.002778
10891.04980 0.002745
10891.25000 0.002711
10891.45020 0.002678
10891.65039 0.002645
10891.83984 0.002612
10892.04004 0.002579
10892.24023 0.002549
10892.44043 0.002519
10892.63965 0.002489
10892.83984 0.002459
10893.04004 0.002429
10893.24023 0.002399
10893.42969 0.002369
10893.62988 0.002339
10893.83008 0.002309
10894.03027 0.00228
10894.23047 0.002253
10894.42969 0.002226
10894.62988 0.002199
10894.83008 0.002171
10895.03027 0.002144
10895.21973 0.002117
10895.41992 0.00209
10895.62012 0.002063
10895.82031 0.002036
10896.01953 0.002009
10896.21973 0.001988
10896.41992 0.001966
10896.62012 0.001945
10896.82031 0.001923
10897.00977 0.001902
10897.20996 0.00188
10897.41016 0.001859
10897.61035 0.001837
10897.80957 0.001816
10898.00977 0.001794
10898.20996 0.001775
10898.41016 0.001756
10898.61035 0.001737
10898.79980 0.001718
10899.00000 0.001699
10899.20020 0.00168
10899.40039 0.001661
10899.59961 0.001642
10899.79980 0.001623
10900.00000 0.001604
10900.20020 0.001581
10900.40039 0.001558
10900.59961 0.001534
10900.79004 0.001511
10900.99023 0.001487
10901.19043 0.001464
10901.38965 0.001441
10901.58984 0.001417
10901.79004 0.001394
10901.99023 0.00137
10902.19043 0.001352
10902.38965 0.001334
10902.58984 0.001317
10902.79004 0.001299
10902.98047 0.001281
10903.17969 0.001263
10903.37988 0.001246
10903.58008 0.001228
10903.78027 0.00121
10903.98047 0.001193
10904.17969 0.001189
10904.37988 0.001187
10904.58008 0.001186
10904.78027 0.001184
10904.96973 0.001182
10905.16992 0.00118
10905.37012 0.001178
10905.57031 0.001177
10905.76953 0.001175
10905.96973 0.001173
10906.16992 0.001159
10906.37012 0.001143
10906.57031 0.001127
10906.76953 0.00111
10906.95996 0.001094
10907.16016 0.001078
10907.36035 0.001062
10907.55957 0.001045
10907.75977 0.001029
10907.95996 0.001013
10908.16016 0.000999
10908.36035 0.000985
10908.55957 0.000971
10908.75977 0.000958
10908.95996 0.000944
10909.16016 0.00093
10909.34961 0.000917
10909.54980 0.000903
10909.75000 0.000889
10909.95020 0.000875
10910.15039 0.000874
10910.34961 0.000876
10910.54980 0.000879
10910.75000 0.000881
10910.95020 0.000884
10911.15039 0.000886
10911.34961 0.000889
10911.54004 0.000891
10911.74023 0.000894
10911.94043 0.000896
10912.13965 0.000891
10912.33984 0.000883
10912.54004 0.000876
10912.74023 0.000868
10912.94043 0.00086
10913.13965 0.000853
10913.33984 0.000845
10913.54004 0.000837
10913.74023 0.000829
10913.94043 0.000822
10914.12988 0.000815
10914.33008 0.00081
10914.53027 0.000804
10914.73047 0.000799
10914.92969 0.000793
10915.12988 0.000788
10915.33008 0.000782
10915.53027 0.000777
10915.73047 0.000771
10915.92969 0.000766
10916.12988 0.000749
10916.33008 0.000727
10916.53027 0.000705
10916.71973 0.000683
10916.91992 0.00066
10917.12012 0.000638
10917.32031 0.000615
10917.51953 0.000593
10917.71973 0.000571
10917.91992 0.000549
10918.12012 0.000547
10918.32031 0.000559
10918.51953 0.000571
10918.71973 0.000583
10918.91992 0.000595
10919.12012 0.000607
10919.32031 0.000619
10919.51953 0.000631
10919.70996 0.000643
10919.91016 0.000655
10920.11035 0.000649
10920.30957 0.000629
10920.50977 0.000609
10920.70996 0.00059
10920.91016 0.00057
10921.11035 0.00055
10921.30957 0.000531
10921.50977 0.000511
10921.70996 0.000492
10921.91016 0.000472
10922.11035 0.000461
10922.30957 0.000457
10922.50977 0.000454
10922.70996 0.00045
10922.90039 0.000447
10923.09961 0.000443
10923.29980 0.00044
10923.50000 0.000436
10923.70020 0.000432
10923.90039 0.000429
10924.09961 0.000424
10924.29980 0.000419
10924.50000 0.000413
10924.70020 0.000407
10924.90039 0.000402
12017.39062 0.0
