threeML/data/optical_filters/HST/NICMOS2-F165M.ecsv
# %ECSV 0.9
# ---
# datatype:
# - {name: wavelength, unit: Angstrom, datatype: float32}
# - {name: response, datatype: float32}
# meta: !!omap
# - {band_name: F165M}
# - {group_name: NICMOS2}
wavelength response
[from data line 5363]
17248.44922 0.24227
17248.88086 0.242258
17249.28906 0.242246
17249.71094 0.242234
17250.13086 0.242219
17250.55078 0.242199
17250.98047 0.242178
17251.40039 0.242157
17251.82031 0.242137
17252.24023 0.242116
17252.66016 0.242095
17253.08008 0.242074
17253.50000 0.242054
17253.91992 0.242033
17254.33984 0.242012
17254.75977 0.241991
17255.17969 0.241974
17255.59961 0.241962
17256.01953 0.241949
17256.43945 0.241936
17256.85938 0.241924
17257.27930 0.241911
17257.69922 0.241899
17258.11914 0.241886
17258.53906 0.241873
17258.96094 0.241861
17259.38086 0.241848
17259.80078 0.241836
17260.22070 0.241824
17260.65039 0.241813
17261.07031 0.241803
17261.49023 0.241792
17261.91016 0.241782
17262.33008 0.241771
17262.75000 0.241761
17263.16992 0.24175
17263.58984 0.24174
17264.00977 0.241729
17264.42969 0.241718
17264.84961 0.241708
17265.26953 0.241697
17265.68945 0.241685
17266.10938 0.241673
17266.53906 0.241662
17266.96094 0.24165
17267.36914 0.241638
17267.80078 0.241627
17268.22070 0.241615
17268.64062 0.241603
17269.06055 0.241592
17269.48047 0.24158
17269.90039 0.241568
17270.32031 0.241548
17270.74023 0.241526
17271.16016 0.241504
17271.58008 0.241481
17272.00000 0.241459
17272.42969 0.241436
17272.84961 0.241414
17273.26953 0.241392
17273.68945 0.241369
17274.10938 0.241347
17274.52930 0.241325
17274.94922 0.241302
17275.36914 0.241285
17275.78906 0.241268
17276.21094 0.241252
17276.63086 0.241235
17277.05078 0.241218
17277.48047 0.241202
17277.90039 0.241185
17278.32031 0.241168
17278.74023 0.241152
17279.16016 0.241135
17279.58008 0.241118
17280.00000 0.241102
17280.41992 0.241084
17280.83984 0.241066
17281.26953 0.241049
17281.68945 0.241031
17282.10938 0.241013
17282.52930 0.240996
17282.94922 0.240978
17283.36914 0.24096
17283.78906 0.240943
17284.21094 0.240925
17284.63086 0.240907
17285.05078 0.240887
17285.48047 0.240849
17285.90039 0.240811
17286.32031 0.240773
17286.74023 0.240734
17287.16016 0.240696
17287.58008 0.240658
17288.00000 0.24062
17288.41992 0.240582
17288.84961 0.240543
17289.26953 0.240505
17289.68945 0.240467
17290.10938 0.240433
17290.52930 0.240409
17290.94922 0.240385
17291.36914 0.240361
17291.78906 0.240337
17292.22070 0.240313
17292.64062 0.240289
17293.06055 0.240265
17293.48047 0.240241
17293.90039 0.240217
17294.32031 0.240193
17294.74023 0.240169
17295.16992 0.240141
17295.58984 0.240107
17296.00977 0.240073
17296.42969 0.240039
17296.84961 0.240005
17297.26953 0.23997
17297.68945 0.239936
17298.11914 0.239902
17298.53906 0.239868
17298.96094 0.239834
17299.38086 0.239799
17299.80078 0.239765
17300.22070 0.239721
17300.64062 0.239669
17301.07031 0.239617
17301.49023 0.239565
17301.91016 0.239512
17302.33008 0.23946
17302.75000 0.239408
17303.16992 0.239356
17303.59961 0.239303
17304.01953 0.239251
17304.43945 0.239199
17304.85938 0.239147
17305.27930 0.23909
17305.69922 0.239032
17306.13086 0.238973
17306.55078 0.238915
17306.97070 0.238856
17307.39062 0.238798
17307.81055 0.238739
17308.23047 0.238681
17308.65039 0.238622
17309.08008 0.238564
17309.50000 0.238506
17309.91992 0.238447
17310.33984 0.238389
17310.75977 0.238332
17311.18945 0.238274
17311.60938 0.238216
17312.02930 0.238159
17312.44922 0.238101
17312.86914 0.238043
17313.28906 0.237986
17313.72070 0.237928
17314.14062 0.237871
17314.56055 0.237813
17314.98047 0.237755
17315.40039 0.237678
17315.83008 0.237599
17316.25000 0.237521
17316.66992 0.237442
17317.08984 0.237364
17317.50977 0.237285
17317.93945 0.237207
17318.35938 0.237128
17318.77930 0.23705
17319.19922 0.236971
17319.61914 0.236893
17320.03906 0.236812
17320.47070 0.236714
17320.89062 0.236617
17321.31055 0.236519
17321.73047 0.236421
17322.16016 0.236323
17322.58008 0.236225
17323.00000 0.236127
17323.41992 0.236029
17323.83984 0.235931
17324.26953 0.235833
17324.68945 0.235736
17325.10938 0.235637
17325.52930 0.235538
17325.96094 0.235438
17326.38086 0.235338
17326.80078 0.235239
17327.22070 0.235139
17327.64062 0.23504
17328.06055 0.23494
17328.49023 0.23484
17328.91016 0.234741
17329.33008 0.234641
17329.75000 0.234542
17330.17969 0.234438
17330.59961 0.234326
17331.01953 0.234215
17331.43945 0.234104
17331.86914 0.233993
17332.28906 0.233881
17332.71094 0.23377
17333.13086 0.233659
17333.55078 0.233548
17333.98047 0.233436
17334.40039 0.233325
17334.82031 0.233214
17335.24023 0.233095
17335.66992 0.23297
17336.08984 0.232846
17336.50977 0.232721
17336.92969 0.232597
17337.35938 0.232472
17337.77930 0.232348
17338.19922 0.232222
17338.61914 0.232098
17339.03906 0.231973
17339.47070 0.231849
17339.89062 0.231724
17340.31055 0.231586
17340.74023 0.231443
17341.16016 0.231301
17341.58008 0.231158
17342.00000 0.231015
17342.42969 0.230873
17342.84961 0.230731
17343.26953 0.230588
17343.68945 0.230445
17344.11914 0.230303
17344.53906 0.230159
17344.96094 0.230017
17345.38086 0.229838
17345.81055 0.229655
17346.23047 0.229472
17346.65039 0.229289
17347.07031 0.229107
17347.50000 0.228924
17347.91992 0.228741
17348.33984 0.228558
17348.76953 0.228375
17349.18945 0.228193
17349.60938 0.228009
17350.02930 0.227827
17350.46094 0.227639
17350.88086 0.227451
17351.30078 0.227264
17351.72070 0.227076
17352.15039 0.226889
17352.57031 0.226701
17352.99023 0.226513
17353.41992 0.226325
17353.83984 0.226138
17354.25977 0.22595
17354.67969 0.225763
17355.10938 0.225569
17355.52930 0.225358
17355.94922 0.225146
17356.36914 0.224936
17356.80078 0.224724
17357.22070 0.224514
17357.64062 0.224302
17358.07031 0.224092
17358.49023 0.22388
17358.91016 0.22367
17359.33984 0.223458
17359.75977 0.223248
17360.17969 0.223029
17360.60938 0.222802
17361.02930 0.222576
17361.44922 0.222349
17361.86914 0.222123
17362.30078 0.221896
17362.72070 0.22167
17363.14062 0.221442
17363.57031 0.221215
17363.99023 0.220989
17364.41016 0.220762
17364.83008 0.220536
17365.25977 0.220295
17365.67969 0.220046
17366.09961 0.219798
17366.52930 0.219548
17366.94922 0.219299
17367.36914 0.21905
17367.80078 0.218801
17368.22070 0.218552
17368.64062 0.218303
17369.07031 0.218054
17369.49023 0.217805
17369.91016 0.217556
17370.33984 0.217293
17370.75977 0.217026
17371.17969 0.216761
17371.60938 0.216494
17372.02930 0.216227
17372.44922 0.21596
17372.88086 0.215694
17373.30078 0.215427
17373.72070 0.215161
17374.14062 0.214895
17374.57031 0.214628
17374.99023 0.214361
17375.41992 0.214038
17375.83984 0.213716
17376.25977 0.213392
17376.68945 0.213068
17377.10938 0.212744
17377.52930 0.212422
17377.96094 0.212098
17378.38086 0.211774
17378.80078 0.21145
17379.23047 0.211126
17379.65039 0.210803
17380.07031 0.210476
17380.50000 0.210135
17380.91992 0.209793
17381.33984 0.209451
17381.76953 0.20911
17382.18945 0.208769
17382.60938 0.208428
17383.03906 0.208086
17383.46094 0.207744
17383.88086 0.207402
17384.31055 0.207061
17384.73047 0.206719
17385.15039 0.206369
17385.58008 0.206
17386.00000 0.20563
17386.42969 0.205261
17386.84961 0.204892
17387.26953 0.204523
17387.69922 0.204153
17388.11914 0.203784
17388.53906 0.203415
17388.97070 0.203047
17389.39062 0.202678
17389.81055 0.202309
17390.24023 0.201941
17390.66016 0.201576
17391.08984 0.20121
17391.50977 0.200844
17391.92969 0.200478
17392.35938 0.200112
17392.77930 0.199746
17393.21094 0.19938
17393.63086 0.199014
17394.05078 0.198648
17394.48047 0.198282
17394.90039 0.197916
17395.32031 0.197521
17395.75000 0.197116
17396.16992 0.196712
17396.59961 0.196308
17397.01953 0.195904
17397.43945 0.195499
17397.86914 0.195095
17398.28906 0.19469
17398.71094 0.194286
17399.14062 0.193882
17399.56055 0.193477
17399.99023 0.193073
17400.41016 0.192651
17400.83008 0.192229
17401.25977 0.191806
17401.67969 0.191382
17402.10938 0.190959
17402.52930 0.190537
17402.96094 0.190114
17403.38086 0.189691
17403.80078 0.189269
17404.23047 0.188846
17404.65039 0.188423
17405.07031 0.187994
17405.50000 0.187534
17405.91992 0.187072
17406.34961 0.186611
17406.76953 0.186151
17407.19922 0.185691
17407.61914 0.18523
17408.03906 0.18477
17408.47070 0.184307
17408.89062 0.183847
17409.32031 0.183386
17409.74023 0.182926
17410.16016 0.182453
17410.58984 0.181961
17411.00977 0.181467
17411.43945 0.180975
17411.85938 0.180482
17412.28906 0.17999
17412.71094 0.179498
17413.13086 0.179004
17413.56055 0.178511
17413.98047 0.178019
17414.41016 0.177527
17414.83008 0.177032
17415.25977 0.176537
17415.67969 0.17604
17416.09961 0.175544
17416.52930 0.175045
17416.94922 0.174548
17417.38086 0.174051
17417.80078 0.173555
17418.23047 0.173055
17418.65039 0.172559
17419.07031 0.172062
17419.50000 0.171563
17419.91992 0.171066
17420.34961 0.170569
17420.76953 0.170071
17421.19922 0.169575
17421.61914 0.169079
17422.05078 0.16858
17422.47070 0.168084
17422.89062 0.167588
17423.32031 0.16709
17423.74023 0.166594
17424.16992 0.166097
17424.58984 0.165599
17425.01953 0.165102
17425.43945 0.164589
17425.86914 0.164073
17426.28906 0.16356
17426.72070 0.163045
17427.14062 0.162532
17427.56055 0.162019
17427.99023 0.161503
17428.41016 0.16099
17428.83984 0.160474
17429.25977 0.159961
17429.68945 0.159448
17430.10938 0.158933
17430.53906 0.15842
17430.96094 0.157906
17431.39062 0.157393
17431.81055 0.156879
17432.24023 0.156366
17432.66016 0.155851
17433.08984 0.155339
17433.50977 0.154824
17433.93945 0.154311
17434.35938 0.153799
17434.78906 0.153284
17435.21094 0.152773
17435.63086 0.15226
17436.06055 0.151751
17436.48047 0.151238
17436.91016 0.150726
17437.33008 0.150216
17437.75977 0.149703
17438.17969 0.149193
17438.60938 0.148681
17439.02930 0.148171
17439.46094 0.147658
17439.88086 0.147148
17440.31055 0.146593
17440.73047 0.146024
17441.16016 0.145453
17441.58008 0.144881
17442.00977 0.144312
17442.42969 0.143741
17442.85938 0.143172
17443.27930 0.1426
17443.71094 0.142029
17444.13086 0.14146
17444.56055 0.140888
17444.98047 0.140319
17445.41016 0.139754
17445.83008 0.139189
17446.25977 0.138627
17446.67969 0.138062
17447.10938 0.137497
17447.52930 0.136934
17447.96094 0.136369
17448.38086 0.135804
17448.81055 0.135241
17449.23047 0.134676
17449.66016 0.134111
17450.08008 0.133558
17450.50977 0.133041
17450.93945 0.132524
17451.35938 0.132009
17451.78906 0.131492
17452.21094 0.130975
17452.63086 0.13046
17453.06055 0.129943
17453.49023 0.129425
17453.91016 0.128908
17454.33984 0.128393
17454.75977 0.127876
17455.18945 0.127362
17455.60938 0.126854
17456.03906 0.126347
17456.46094 0.125838
17456.89062 0.125329
17457.31055 0.12482
17457.74023 0.124314
17458.16016 0.123805
17458.58984 0.123296
17459.01953 0.122787
17459.43945 0.122278
17459.86914 0.121771
17460.28906 0.121257
17460.72070 0.120741
17461.14062 0.120225
17461.57031 0.11971
17461.99023 0.119196
17462.41992 0.11868
17462.83984 0.118164
17463.26953 0.117648
17463.69922 0.117132
17464.11914 0.116616
17464.55078 0.1161
17464.97070 0.115587
17465.40039 0.115075
17465.82031 0.114564
17466.25000 0.114053
17466.66992 0.113542
17467.09961 0.113031
17467.52930 0.112519
17467.94922 0.112008
17468.38086 0.111497
17468.80078 0.110988
17469.23047 0.110476
17469.65039 0.109965
17470.08008 0.109453
17470.50000 0.108939
17470.92969 0.108425
17471.35938 0.107911
17471.77930 0.107397
17472.21094 0.106882
17472.63086 0.106368
17473.06055 0.105854
17473.48047 0.10534
17473.91016 0.104825
17474.33984 0.104311
17474.75977 0.103796
17475.18945 0.103295
17475.60938 0.102809
17476.03906 0.102324
17476.46094 0.101838
17476.89062 0.101353
17477.32031 0.100867
17477.74023 0.100382
17478.16992 0.099896
17478.58984 0.099411
17479.01953 0.098925
17479.44922 0.098439
17479.86914 0.097954
17480.30078 0.097475
17480.72070 0.097
17481.15039 0.096524
17481.57031 0.096049
17482.00000 0.095571
17482.42969 0.095096
17482.84961 0.09462
17483.27930 0.094144
17483.71094 0.093669
17484.13086 0.093193
17484.56055 0.092718
17484.98047 0.092242
17485.41016 0.091815
17485.83008 0.09139
17486.25977 0.090963
17486.68945 0.090538
17487.10938 0.090113
17487.53906 0.089688
17487.96094 0.089263
17488.39062 0.088838
17488.82031 0.088411
17489.24023 0.087985
17489.66992 0.08756
17490.09961 0.087136
17490.51953 0.086712
17490.94922 0.086288
17491.36914 0.085863
17491.80078 0.085439
17492.23047 0.085016
17492.65039 0.084592
17493.08008 0.084168
17493.50977 0.083743
17493.92969 0.083319
17494.35938 0.082895
17494.77930 0.082472
17495.21094 0.082052
17495.64062 0.081642
17496.06055 0.081231
17496.49023 0.08082
17496.91992 0.080407
17497.33984 0.079996
17497.76953 0.079586
17498.19922 0.079173
17498.61914 0.078762
17499.05078 0.078351
17499.47070 0.07794
17499.90039 0.077527
17500.33008 0.077126
17500.75000 0.076728
17501.17969 0.076328
17501.60938 0.07593
17502.02930 0.075531
17502.46094 0.075131
17502.88086 0.074733
17503.31055 0.074335
17503.74023 0.073935
17504.16016 0.073537
17504.58984 0.073138
17505.01953 0.072738
17505.43945 0.072339
17505.86914 0.07194
17506.30078 0.071539
17506.72070 0.07114
17507.15039 0.070739
17507.58008 0.07034
17508.00000 0.069941
17508.42969 0.06954
17508.85938 0.069141
17509.27930 0.06874
17509.71094 0.06834
17510.14062 0.067953
17510.56055 0.067597
17510.99023 0.067241
17511.41992 0.066883
17511.83984 0.066527
17512.26953 0.066169
17512.69922 0.065813
17513.11914 0.065455
17513.55078 0.065099
17513.98047 0.064741
17514.40039 0.064385
17514.83008 0.064027
17515.25977 0.063689
17515.67969 0.063362
17516.10938 0.063036
17516.53906 0.062709
17516.96094 0.062384
17517.39062 0.062057
17517.82031 0.061731
17518.24023 0.061404
17518.66992 0.061078
17519.09961 0.060751
17519.51953 0.060426
17519.94922 0.060099
17520.38086 0.059777
17520.80078 0.059457
17521.23047 0.059135
17521.66016 0.058815
17522.08984 0.058494
17522.50977 0.058173
17522.93945 0.057852
17523.36914 0.05753
17523.78906 0.05721
17524.22070 0.056889
17524.65039 0.056569
17525.07031 0.056253
17525.50000 0.055961
17525.92969 0.055672
17526.35938 0.055381
17526.77930 0.055089
17527.21094 0.0548
17527.64062 0.054509
17528.06055 0.054217
17528.49023 0.053928
17528.91992 0.053637
17529.33984 0.053347
17529.76953 0.053056
17530.19922 0.052767
17530.63086 0.052482
17531.05078 0.052197
17531.48047 0.051912
17531.91016 0.051626
17532.33008 0.051342
17532.75977 0.051057
17533.18945 0.050771
17533.61914 0.050486
17534.03906 0.050201
17534.47070 0.049916
17534.90039 0.04963
17535.32031 0.049347
17535.75000 0.049062
17536.17969 0.048777
17536.60938 0.048492
17537.02930 0.048208
17537.46094 0.047923
17537.89062 0.047638
17538.32031 0.047354
17538.74023 0.047069
17539.16992 0.046785
17539.59961 0.0465
17540.02930 0.046217
17540.44922 0.045963
17540.88086 0.045709
17541.31055 0.045457
17541.73047 0.045203
17542.16016 0.044949
17542.58984 0.044695
17543.01953 0.044441
17543.44922 0.044187
17543.86914 0.043935
17544.30078 0.043681
17544.73047 0.043427
17545.15039 0.043184
17545.58008 0.042959
17546.00977 0.042734
17546.43945 0.04251
17546.86914 0.042285
17547.28906 0.042061
17547.72070 0.041837
17548.15039 0.041612
17548.57031 0.041388
17549.00000 0.041163
17549.42969 0.040938
17549.85938 0.040714
17550.28906 0.040495
17550.71094 0.040279
17551.14062 0.040063
17551.57031 0.039848
17552.00000 0.039632
17552.41992 0.039416
17552.84961 0.0392
17553.27930 0.038985
17553.71094 0.038769
17554.13086 0.038553
17554.56055 0.038337
17554.99023 0.038122
17555.41992 0.037914
17555.84961 0.037707
17556.26953 0.037499
17556.69922 0.037292
17557.13086 0.037085
17557.56055 0.036877
17557.98047 0.03667
17558.41016 0.036463
17558.83984 0.036255
17559.26953 0.036048
17559.69922 0.035841
17560.11914 0.035638
17560.55078 0.035448
17560.98047 0.035258
17561.41016 0.035068
17561.83008 0.034878
17562.25977 0.034688
17562.68945 0.034498
17563.11914 0.034308
17563.53906 0.034118
17563.97070 0.033927
17564.40039 0.033737
17564.83008 0.033547
17565.25977 0.033363
17565.68945 0.033182
17566.10938 0.033001
17566.53906 0.03282
17566.97070 0.032639
17567.40039 0.032457
17567.83008 0.032277
17568.25000 0.032096
17568.67969 0.031915
17569.10938 0.031734
17569.53906 0.031553
17569.97070 0.031371
17570.39062 0.031183
17570.82031 0.030994
17571.25000 0.030805
17571.67969 0.030616
17572.10938 0.030426
