threeML/data/optical_filters/HST/NICMOS1-F145M.ecsv
# %ECSV 0.9
# ---
# datatype:
# - {name: wavelength, unit: Angstrom, datatype: float32}
# - {name: response, datatype: float32}
# meta: !!omap
# - {band_name: F145M}
# - {group_name: NICMOS1}
wavelength response
[from data line 2300]
14256.74023 0.145048
14257.24023 0.14508
14257.74023 0.145112
14258.23047 0.145143
14258.73047 0.145175
14259.23047 0.145207
14259.73047 0.145238
14260.21973 0.145263
14260.71973 0.145278
14261.21973 0.145293
14261.70996 0.145308
14262.20996 0.145323
14262.70996 0.145338
14263.20996 0.145353
14263.70996 0.145368
14264.20020 0.145383
14264.70020 0.145398
14265.20020 0.145423
14265.69043 0.14546
14266.19043 0.145498
14266.69043 0.145536
14267.19043 0.145574
14267.67969 0.145611
14268.17969 0.145649
14268.67969 0.145687
14269.17969 0.145725
14269.67969 0.145763
14270.16992 0.145799
14270.66992 0.145832
14271.16992 0.145866
14271.66992 0.145899
14272.16016 0.145932
14272.66016 0.145965
14273.16016 0.145999
14273.66016 0.146032
14274.16016 0.146065
14274.65039 0.146098
14275.15039 0.146126
14275.65039 0.146139
14276.15039 0.146153
14276.63965 0.146167
14277.13965 0.14618
14277.63965 0.146194
14278.13965 0.146207
14278.63965 0.146221
14279.12988 0.146235
14279.62988 0.146248
14280.12988 0.146264
14280.62988 0.146288
14281.12988 0.146311
14281.62012 0.146335
14282.12012 0.146358
14282.62012 0.146381
14283.12012 0.146405
14283.62012 0.146428
14284.12012 0.146451
14284.61035 0.146475
14285.11035 0.1465
14285.61035 0.146529
14286.11035 0.146558
14286.61035 0.146588
14287.09961 0.146617
14287.59961 0.146647
14288.09961 0.146676
14288.59961 0.146705
14289.09961 0.146735
14289.59961 0.146764
14290.08984 0.146793
14290.58984 0.146819
14291.08984 0.146846
14291.58984 0.146872
14292.08984 0.146898
14292.58984 0.146925
14293.08008 0.146951
14293.58008 0.146977
14294.08008 0.147003
14294.58008 0.14703
14295.08008 0.147056
14295.58008 0.147083
14296.08008 0.14711
14296.58008 0.147137
14297.07031 0.147163
14297.57031 0.14719
14298.07031 0.147217
14298.57031 0.147244
14299.07031 0.147271
14299.57031 0.147298
14300.07031 0.147325
14300.55957 0.147352
14301.05957 0.147379
14301.55957 0.147407
14302.05957 0.147434
14302.55957 0.147462
14303.05957 0.147489
14303.55957 0.147516
14304.05957 0.147544
14304.54980 0.147571
14305.04980 0.147599
14305.54980 0.147628
14306.04980 0.147658
14306.54980 0.147688
14307.04980 0.147718
14307.54980 0.147748
14308.04980 0.147777
14308.54980 0.147807
14309.04980 0.147837
14309.54004 0.147867
14310.04004 0.147896
14310.54004 0.147923
14311.04004 0.14795
14311.54004 0.147977
14312.04004 0.148004
14312.54004 0.148031
14313.04004 0.148057
14313.54004 0.148084
14314.04004 0.148111
14314.54004 0.148138
14315.04004 0.148165
14315.53027 0.148196
14316.03027 0.148226
14316.53027 0.148256
14317.03027 0.148287
14317.53027 0.148317
14318.03027 0.148347
14318.53027 0.148378
14319.03027 0.148408
14319.53027 0.148439
14320.03027 0.148469
14320.53027 0.148501
14321.03027 0.148532
14321.53027 0.148563
14322.03027 0.148595
14322.53027 0.148626
14323.03027 0.148658
14323.53027 0.148689
14324.01953 0.148721
14324.51953 0.148752
14325.01953 0.148783
14325.51953 0.14881
14326.01953 0.148838
14326.51953 0.148865
14327.01953 0.148892
14327.51953 0.148919
14328.01953 0.148946
14328.51953 0.148974
14329.01953 0.149001
14329.51953 0.149028
14330.01953 0.149056
14330.51953 0.14909
14331.01953 0.149124
14331.51953 0.149159
14332.01953 0.149193
14332.51953 0.149228
14333.01953 0.149262
14333.51953 0.149297
14334.01953 0.149331
14334.51953 0.149366
14335.01953 0.1494
14335.51953 0.149431
14336.01953 0.149461
14336.51953 0.149492
14337.01953 0.149522
14337.51953 0.149553
14338.01953 0.149583
14338.51953 0.149614
14339.01953 0.149645
14339.51953 0.149675
14340.01953 0.149706
14340.51953 0.149737
14341.01953 0.149768
14341.51953 0.1498
14342.01953 0.149831
14342.51953 0.149862
14343.01953 0.149893
14343.51953 0.149925
14344.01953 0.149956
14344.51953 0.149987
14345.01953 0.150019
14345.51953 0.15006
14346.01953 0.1501
14346.51953 0.150141
14347.01953 0.150181
14347.51953 0.150222
14348.01953 0.150263
14348.51953 0.150303
14349.01953 0.150344
14349.53027 0.150385
14350.03027 0.150424
14350.53027 0.150452
14351.03027 0.15048
14351.53027 0.150508
14352.03027 0.150536
14352.53027 0.150564
14353.03027 0.150591
14353.53027 0.150619
14354.03027 0.150647
14354.53027 0.150675
14355.03027 0.150703
14355.53027 0.150738
14356.03027 0.150773
14356.53027 0.150808
14357.03027 0.150843
14357.53027 0.150878
14358.04004 0.150913
14358.54004 0.150948
14359.04004 0.150983
14359.54004 0.151018
14360.04004 0.151053
14360.54004 0.151087
14361.04004 0.15112
14361.54004 0.151153
14362.04004 0.151186
14362.54004 0.151219
14363.04004 0.151253
14363.54004 0.151286
14364.04980 0.151319
14364.54980 0.151352
14365.04980 0.151385
14365.54980 0.151418
14366.04980 0.15145
14366.54980 0.151483
14367.04980 0.151515
14367.54980 0.151548
14368.04980 0.15158
14368.54980 0.151613
14369.05957 0.151645
14369.55957 0.151678
14370.05957 0.151711
14370.55957 0.151748
14371.05957 0.151784
14371.55957 0.151821
14372.05957 0.151859
14372.55957 0.151895
14373.07031 0.151932
14373.57031 0.15197
14374.07031 0.152007
14374.57031 0.152044
14375.07031 0.152081
14375.57031 0.15212
14376.07031 0.152159
14376.58008 0.152198
14377.08008 0.152237
14377.58008 0.152276
14378.08008 0.152315
14378.58008 0.152354
14379.08008 0.152393
14379.58008 0.152432
14380.08008 0.15247
14380.58984 0.152503
14381.08984 0.152536
14381.58984 0.152569
14382.08984 0.152602
14382.58984 0.152635
14383.08984 0.152667
14383.59961 0.1527
14384.09961 0.152733
14384.59961 0.152766
14385.09961 0.152801
14385.59961 0.15284
14386.09961 0.15288
14386.61035 0.152919
14387.11035 0.152959
14387.61035 0.152998
14388.11035 0.153038
14388.61035 0.153078
14389.12012 0.153117
14389.62012 0.153157
14390.12012 0.153194
14390.62012 0.153225
14391.12012 0.153256
14391.62012 0.153287
14392.12988 0.153318
14392.62988 0.153349
14393.12988 0.153381
14393.62988 0.153412
14394.12988 0.153443
14394.63965 0.153474
14395.13965 0.153506
14395.63965 0.153541
14396.13965 0.153576
14396.63965 0.15361
14397.15039 0.153645
14397.65039 0.15368
14398.15039 0.153715
14398.65039 0.15375
14399.16016 0.153785
14399.66016 0.15382
14400.16016 0.153857
14400.66016 0.153897
14401.16016 0.153938
14401.66992 0.153979
14402.16992 0.15402
14402.66992 0.154061
14403.16992 0.154102
14403.67969 0.154143
14404.17969 0.154184
14404.67969 0.154225
14405.17969 0.154265
14405.69043 0.154303
14406.19043 0.154342
14406.69043 0.15438
14407.19043 0.154419
14407.70020 0.154457
14408.20020 0.154496
14408.70020 0.154534
14409.20020 0.154573
14409.70996 0.154612
14410.20996 0.15465
14410.70996 0.154687
14411.20996 0.154724
14411.71973 0.154762
14412.21973 0.154799
14412.71973 0.154836
14413.21973 0.154873
14413.73047 0.154911
14414.23047 0.154948
14414.73047 0.154985
14415.23047 0.155024
14415.74023 0.155064
14416.24023 0.155105
14416.74023 0.155145
14417.25000 0.155185
14417.75000 0.155225
14418.25000 0.155266
14418.75000 0.155306
14419.25977 0.155346
14419.75977 0.155386
14420.25977 0.155425
14420.76953 0.155463
14421.26953 0.1555
14421.76953 0.155538
14422.26953 0.155575
14422.78027 0.155613
14423.28027 0.15565
14423.78027 0.155688
14424.29004 0.155725
14424.79004 0.155763
14425.29004 0.155798
14425.79980 0.155832
14426.29980 0.155866
14426.79980 0.155899
14427.30957 0.155933
14427.80957 0.155967
14428.30957 0.156001
14428.80957 0.156035
14429.32031 0.156068
14429.82031 0.156102
14430.32031 0.15614
14430.83008 0.156179
14431.33008 0.156219
14431.83008 0.156258
14432.33984 0.156298
14432.83984 0.156337
14433.33984 0.156377
14433.84961 0.156417
14434.34961 0.156456
14434.84961 0.156496
14435.36035 0.156536
14435.86035 0.156577
14436.37012 0.156617
14436.87012 0.156658
14437.37012 0.156699
14437.87988 0.15674
14438.37988 0.15678
14438.87988 0.156821
14439.38965 0.156862
14439.88965 0.156903
14440.38965 0.156943
14440.90039 0.156982
14441.40039 0.157022
14441.90039 0.157062
14442.41016 0.157102
14442.91016 0.157141
14443.41992 0.157181
14443.91992 0.157221
14444.41992 0.15726
14444.92969 0.1573
14445.42969 0.15734
14445.92969 0.15738
14446.44043 0.157419
14446.94043 0.157459
14447.45020 0.157499
14447.95020 0.157538
14448.45020 0.157578
14448.95996 0.157618
14449.45996 0.157657
14449.96973 0.157697
14450.46973 0.157733
14450.96973 0.157768
14451.48047 0.157804
14451.98047 0.157839
14452.49023 0.157875
14452.99023 0.15791
14453.49023 0.157946
14454.00000 0.157981
14454.50000 0.158017
14455.00977 0.158052
14455.50977 0.158088
14456.00977 0.158123
14456.51953 0.158159
14457.01953 0.158194
14457.53027 0.158229
14458.03027 0.158265
14458.54004 0.1583
14459.04004 0.158335
14459.54004 0.158371
14460.04980 0.158406
14460.54980 0.158444
14461.05957 0.158481
14461.55957 0.158519
14462.07031 0.158556
14462.57031 0.158594
14463.07031 0.158632
14463.58008 0.158669
14464.08008 0.158707
14464.58984 0.158744
14465.08984 0.158781
14465.59961 0.158815
14466.09961 0.15885
14466.61035 0.158884
14467.11035 0.158918
14467.62012 0.158952
14468.12012 0.158987
14468.62012 0.159021
14469.12988 0.159055
14469.62988 0.159089
14470.13965 0.159126
14470.63965 0.159169
14471.15039 0.159212
14471.65039 0.159255
14472.16016 0.159297
14472.66016 0.15934
14473.16992 0.159383
14473.66992 0.159426
14474.17969 0.159469
14474.67969 0.159512
14475.19043 0.15955
14475.69043 0.159579
14476.20020 0.159608
14476.70020 0.159638
14477.20996 0.159667
14477.70996 0.159696
14478.20996 0.159726
14478.71973 0.159755
14479.21973 0.159784
14479.73047 0.159814
14480.23047 0.159843
14480.74023 0.159873
14481.25000 0.159903
14481.75000 0.159933
14482.25000 0.159962
14482.75977 0.159992
14483.25977 0.160022
14483.76953 0.160052
14484.28027 0.160081
14484.78027 0.160111
14485.29004 0.160146
14485.79004 0.160186
14486.29980 0.160225
14486.79980 0.160265
14487.30957 0.160304
14487.80957 0.160344
14488.32031 0.160383
14488.82031 0.160422
14489.33008 0.160462
14489.83008 0.160501
14490.33984 0.160535
14490.83984 0.160565
14491.34961 0.160595
14491.84961 0.160625
14492.36035 0.160656
14492.87012 0.160686
14493.37012 0.160716
14493.87988 0.160746
14494.37988 0.160776
14494.88965 0.160806
14495.38965 0.160833
14495.90039 0.160858
14496.40039 0.160884
14496.91016 0.160909
14497.41992 0.160935
14497.91992 0.16096
14498.42969 0.160985
14498.92969 0.161011
14499.44043 0.161036
14499.94043 0.161062
14500.45020 0.161097
14500.95996 0.161134
14501.45996 0.161171
14501.96973 0.161208
14502.46973 0.161245
14502.98047 0.161282
14503.48047 0.161319
14503.99023 0.161355
14504.50000 0.161392
14505.00000 0.161429
14505.50977 0.161456
14506.00977 0.161482
14506.51953 0.161509
14507.03027 0.161535
14507.53027 0.161562
14508.04004 0.161588
14508.54004 0.161615
14509.04980 0.161642
14509.54980 0.161668
14510.05957 0.161695
14510.57031 0.161725
14511.07031 0.161754
14511.58008 0.161784
14512.08008 0.161813
14512.58984 0.161843
14513.09961 0.161873
14513.59961 0.161902
14514.11035 0.161932
14514.62012 0.161961
14515.12012 0.16199
14515.62988 0.162017
14516.12988 0.162044
14516.63965 0.162071
14517.15039 0.162098
14517.65039 0.162125
14518.16016 0.162152
14518.66992 0.162179
14519.16992 0.162206
14519.67969 0.162233
14520.19043 0.162258
14520.69043 0.162279
14521.20020 0.1623
14521.70996 0.162321
14522.20996 0.162342
14522.71973 0.162363
14523.21973 0.162385
14523.73047 0.162406
14524.24023 0.162427
14524.74023 0.162448
14525.25000 0.16247
14525.75977 0.162494
14526.25977 0.162517
14526.76953 0.16254
14527.28027 0.162564
14527.78027 0.162587
14528.29004 0.16261
14528.79980 0.162634
14529.29980 0.162657
14529.80957 0.16268
14530.32031 0.162705
14530.82031 0.162731
14531.33008 0.162757
14531.83984 0.162782
14532.33984 0.162808
14532.84961 0.162834
14533.36035 0.16286
14533.87012 0.162886
14534.37012 0.162911
14534.87988 0.162937
14535.38965 0.162956
14535.88965 0.162973
14536.40039 0.16299
14536.91016 0.163007
14537.41016 0.163024
14537.91992 0.163042
14538.42969 0.163058
14538.92969 0.163076
14539.44043 0.163093
14539.95020 0.16311
14540.45996 0.163129
14540.95996 0.163149
14541.46973 0.163168
14541.98047 0.163188
14542.48047 0.163207
14542.99023 0.163227
14543.50000 0.163247
14544.00977 0.163266
14544.50977 0.163286
14545.01953 0.163306
14545.53027 0.163326
14546.04004 0.163347
14546.54004 0.163368
14547.04980 0.163388
14547.55957 0.163409
14548.05957 0.16343
14548.57031 0.163451
14549.08008 0.163471
14549.58984 0.163492
14550.08984 0.163511
14550.59961 0.163523
14551.11035 0.163534
14551.62012 0.163546
14552.12012 0.163557
14552.62988 0.163569
14553.13965 0.16358
14553.65039 0.163592
14554.15039 0.163603
14554.66016 0.163615
14555.16992 0.163627
14555.67969 0.163642
14556.17969 0.163658
14556.69043 0.163673
14557.20020 0.163688
14557.70996 0.163703
14558.21973 0.163718
14558.71973 0.163733
14559.23047 0.163748
14559.74023 0.163763
14560.25000 0.163775
14560.75000 0.163782
14561.25977 0.16379
14561.76953 0.163798
14562.28027 0.163806
14562.79004 0.163814
14563.29004 0.163822
14563.79980 0.163829
14564.30957 0.163837
14564.82031 0.163845
14565.33008 0.163855
14565.83008 0.163866
14566.33984 0.163877
14566.84961 0.163888
14567.36035 0.163899
14567.87012 0.16391
14568.37012 0.163921
14568.87988 0.163932
14569.38965 0.163943
14569.90039 0.163954
14570.41016 0.163962
14570.91016 0.163968
14571.41992 0.163975
14571.92969 0.163982
14572.44043 0.163989
14572.95020 0.163996
14573.45996 0.164002
14573.95996 0.164009
14574.46973 0.164016
14574.98047 0.164023
14575.49023 0.164028
14576.00000 0.164034
14576.50977 0.16404
14577.00977 0.164045
14577.51953 0.164051
14578.03027 0.164056
14578.54004 0.164061
14579.04980 0.164067
14579.55957 0.164073
14580.05957 0.164078
14580.57031 0.164082
14581.08008 0.164086
14581.58984 0.164091
14582.09961 0.164095
14582.61035 0.164099
14583.12012 0.164103
14583.62012 0.164107
14584.12988 0.164111
14584.63965 0.164116
14585.15039 0.164121
14585.66016 0.164128
14586.16992 0.164135
14586.67969 0.164143
14587.19043 0.16415
14587.69043 0.164158
14588.20020 0.164165
14588.70996 0.164172
14589.21973 0.16418
14589.73047 0.164187
14590.24023 0.164187
14590.75000 0.16418
14591.25977 0.164173
14591.75977 0.164165
14592.26953 0.164158
14592.78027 0.16415
14593.29004 0.164143
14593.79980 0.164135
14594.30957 0.164128
14594.82031 0.164121
14595.33008 0.164114
14595.83984 0.164109
14596.34961 0.164103
14596.84961 0.164098
14597.36035 0.164092
14597.87012 0.164087
14598.37988 0.164081
14598.88965 0.164076
14599.40039 0.16407
14599.91016 0.164064
14600.41992 0.164063
14600.92969 0.164063
14601.44043 0.164063
14601.95020 0.164063
14602.45996 0.164063
14602.95996 0.164062
14603.46973 0.164062
14603.98047 0.164062
14604.49023 0.164062
14605.00000 0.164062
14605.50977 0.164048
14606.01953 0.164035
14606.53027 0.164021
14607.04004 0.164008
14607.54980 0.163994
14608.05957 0.163981
14608.57031 0.163967
14609.08008 0.163954
14609.58984 0.16394
14610.09961 0.163928
14610.61035 0.163921
14611.12012 0.163915
14611.62988 0.163908
14612.12988 0.163901
14612.63965 0.163895
14613.15039 0.163888
14613.66016 0.163882
14614.16992 0.163875
14614.67969 0.163868
14615.19043 0.16386
14615.70020 0.163848
14616.20996 0.163836
14616.71973 0.163825
14617.23047 0.163813
14617.74023 0.163801
14618.25000 0.163789
14618.75977 0.163777
14619.26953 0.163766
14619.78027 0.163754
14620.29004 0.163738
14620.79980 0.163719
14621.30957 0.163699
14621.82031 0.16368
14622.33008 0.163661
14622.83984 0.163642
14623.34961 0.163623
14623.86035 0.163603
14624.37012 0.163584
14624.87988 0.163565
14625.38965 0.163549
14625.90039 0.163533
14626.41016 0.163518
14626.91992 0.163502
14627.42969 0.163487
14627.94043 0.163471
14628.45020 0.163456
14628.95996 0.163441
14629.46973 0.163425
14629.98047 0.16341
14630.49023 0.163396
14631.00000 0.163383
14631.50977 0.163369
14632.01953 0.163355
14632.53027 0.163342
14633.04004 0.163328
14633.54980 0.163315
14634.05957 0.163301
14634.58008 0.163288
14635.08008 0.163273
14635.59961 0.163249
14636.11035 0.163226
14636.62012 0.163203
14637.12988 0.16318
14637.63965 0.163156
14638.15039 0.163133
14638.66016 0.16311
14639.16992 0.163086
14639.67969 0.163063
14640.19043 0.163042
14640.70020 0.163022
14641.20996 0.163003
14641.71973 0.162984
