threeML/data/optical_filters/HST/NICMOS3-F150W.ecsv
# %ECSV 0.9
# ---
# datatype:
# - {name: wavelength, unit: Angstrom, datatype: float32}
# - {name: response, datatype: float32}
# meta: !!omap
# - {band_name: F150W}
# - {group_name: NICMOS3}
wavelength response
[from data line 2300]
12433.71973 0.133581
12434.76953 0.133443
12435.83008 0.133304
12436.87988 0.133165
12437.92969 0.133027
12438.99023 0.132888
12440.04004 0.13275
12441.09961 0.132612
12442.15039 0.132475
12443.20996 0.132337
12444.25977 0.132199
12445.32031 0.132057
12446.37012 0.131904
12447.42969 0.131751
12448.49023 0.131598
12449.54004 0.131445
12450.59961 0.131299
12451.65039 0.131158
12452.70996 0.131016
12453.75977 0.130875
12454.82031 0.130734
12455.87988 0.130588
12456.92969 0.130441
12457.99023 0.130294
12459.04004 0.130147
12460.09961 0.13
12461.16016 0.129848
12462.20996 0.129696
12463.26953 0.129544
12464.33008 0.129392
12465.38965 0.12925
12466.44043 0.129125
12467.50000 0.129
12468.55957 0.128875
12469.61035 0.12875
12470.66992 0.128606
12471.73047 0.128452
12472.79004 0.128298
12473.83984 0.128143
12474.90039 0.127989
12475.95996 0.127835
12477.01953 0.127681
12478.08008 0.127526
12479.12988 0.127372
12480.19043 0.127221
12481.25000 0.127085
12482.30957 0.12695
12483.37012 0.126814
12484.42969 0.126679
12485.48047 0.126543
12486.54004 0.126408
12487.59961 0.126273
12488.66016 0.126138
12489.71973 0.126003
12490.78027 0.125864
12491.83984 0.125724
12492.90039 0.125584
12493.95996 0.125444
12495.01953 0.125303
12496.08008 0.125166
12497.13965 0.125029
12498.20020 0.124892
12499.25000 0.124755
12500.32031 0.124618
12501.37012 0.124484
12502.44043 0.12435
12503.50000 0.124217
12504.55957 0.124083
12505.62012 0.123946
12506.67969 0.123808
12507.74023 0.123669
12508.79980 0.123531
12509.86035 0.123392
12510.91992 0.123255
12511.98047 0.123119
12513.04004 0.122982
12514.09961 0.122845
12515.16016 0.12271
12516.21973 0.122585
12517.29004 0.122459
12518.34961 0.122334
12519.41016 0.122209
12520.46973 0.122078
12521.53027 0.121942
12522.58984 0.121805
12523.66016 0.121669
12524.71973 0.121532
12525.78027 0.121408
12526.83984 0.121288
12527.90039 0.121168
12528.96973 0.121048
12530.03027 0.120929
12531.08984 0.120812
12532.15039 0.120696
12533.21973 0.120579
12534.28027 0.120463
12535.33984 0.120342
12536.41016 0.120213
12537.46973 0.120084
12538.53027 0.119954
12539.58984 0.119825
12540.66016 0.119702
12541.71973 0.119583
12542.79004 0.119465
12543.84961 0.119346
12544.91016 0.119227
12545.98047 0.119112
12547.04004 0.118998
12548.09961 0.118884
12549.16992 0.11877
12550.23047 0.118656
12551.29980 0.118542
12552.36035 0.118429
12553.41992 0.118316
12554.49023 0.118203
12555.54980 0.118094
12556.62012 0.117989
12557.67969 0.117884
12558.75000 0.117779
12559.80957 0.117674
12560.87988 0.117568
12561.94043 0.117463
12563.00977 0.117357
12564.07031 0.117252
12565.13965 0.117145
12566.20996 0.117027
12567.26953 0.116909
12568.33984 0.116791
12569.40039 0.116673
12570.46973 0.116562
12571.53027 0.116462
12572.59961 0.116361
12573.66992 0.116261
12574.73047 0.11616
12575.79980 0.116066
12576.87012 0.115973
12577.92969 0.115881
12579.00000 0.115789
12580.05957 0.115696
12581.12988 0.115597
12582.20020 0.115497
12583.25977 0.115398
12584.33008 0.115298
12585.40039 0.115203
12586.46973 0.115116
12587.53027 0.115029
12588.59961 0.114942
12589.66992 0.114855
12590.74023 0.114775
12591.79980 0.114697
12592.87012 0.114619
12593.94043 0.114541
12595.00977 0.114463
12596.08008 0.114371
12597.13965 0.114279
12598.20996 0.114187
12599.28027 0.114095
12600.34961 0.114009
12601.41992 0.113935
12602.49023 0.113862
12603.54980 0.113788
12604.62012 0.113714
12605.69043 0.113641
12606.75977 0.113568
12607.83008 0.113495
12608.90039 0.113422
12609.96973 0.113349
12611.04004 0.113277
12612.11035 0.113205
12613.17969 0.113133
12614.25000 0.113061
12615.32031 0.112992
12616.37988 0.112932
12617.45996 0.112871
12618.51953 0.11281
12619.58984 0.112749
12620.66992 0.112693
12621.74023 0.112638
12622.80957 0.112584
12623.87988 0.11253
12624.95020 0.112475
12626.01953 0.112414
12627.08984 0.112352
12628.16016 0.112291
12629.23047 0.112229
12630.29980 0.112171
12631.37012 0.112122
12632.44043 0.112073
12633.50977 0.112024
12634.58008 0.111975
12635.66016 0.111931
12636.73047 0.111891
12637.79980 0.111851
12638.87012 0.111811
12639.94043 0.11177
12641.00977 0.111724
12642.08984 0.111678
12643.16016 0.111631
12644.23047 0.111584
12645.29980 0.111541
12646.37988 0.111505
12647.45020 0.111469
12648.51953 0.111433
12649.58984 0.111397
12650.66992 0.111369
12651.74023 0.111345
12652.80957 0.11132
12653.87988 0.111296
12654.95996 0.111272
12656.03027 0.111244
12657.09961 0.111217
12658.17969 0.111189
12659.25000 0.111161
12660.32031 0.111135
12661.40039 0.111113
12662.46973 0.11109
12663.54004 0.111068
12664.62012 0.111046
12665.69043 0.11103
12666.76953 0.111017
12667.83984 0.111004
12668.91016 0.110991
12669.99023 0.110978
12671.05957 0.110963
12672.13965 0.110948
12673.20996 0.110933
12674.29004 0.110917
12675.36035 0.110906
12676.44043 0.110902
12677.50977 0.110898
12678.58984 0.110894
12679.66016 0.11089
12680.74023 0.110887
12681.80957 0.110885
12682.88965 0.110882
12683.95996 0.11088
12685.04004 0.110878
12686.11035 0.110877
12687.19043 0.110877
12688.26953 0.110876
12689.33984 0.110875
12690.41992 0.110876
12691.49023 0.110881
12692.57031 0.110885
12693.65039 0.110889
12694.71973 0.110893
12695.79980 0.110908
12696.87988 0.110927
12697.95020 0.110946
12699.03027 0.110964
12700.11035 0.110982
12701.17969 0.110986
12702.25977 0.11099
12703.33984 0.110993
12704.41016 0.110997
12705.49023 0.111005
12706.57031 0.111018
12707.65039 0.111031
12708.71973 0.111044
12709.79980 0.111057
12710.87988 0.111081
12711.95996 0.111106
12713.04004 0.111132
12714.11035 0.111157
12715.19043 0.111183
12716.26953 0.111206
12717.34961 0.111229
12718.42969 0.111253
12719.50000 0.111276
12720.58008 0.111298
12721.66016 0.11132
12722.74023 0.111342
12723.82031 0.111364
12724.90039 0.111386
12725.98047 0.111425
12727.05957 0.111466
12728.13965 0.111507
12729.20996 0.111549
12730.29004 0.111587
12731.37012 0.111616
12732.45020 0.111645
12733.53027 0.111675
12734.61035 0.111704
12735.69043 0.111739
12736.76953 0.111776
12737.84961 0.111814
12738.92969 0.111851
12740.00977 0.111889
12741.08984 0.111931
12742.16992 0.111973
12743.25000 0.112015
12744.33008 0.112057
12745.41992 0.112096
12746.50000 0.112131
12747.58008 0.112166
12748.66016 0.1122
12749.74023 0.112235
12750.82031 0.112279
12751.90039 0.112326
12752.98047 0.112373
12754.05957 0.112421
12755.15039 0.112469
12756.23047 0.112523
12757.30957 0.112578
12758.38965 0.112633
12759.46973 0.112688
12760.54980 0.112739
12761.63965 0.112785
12762.71973 0.112832
12763.79980 0.112879
12764.87988 0.112926
12765.96973 0.11298
12767.04980 0.113035
12768.12988 0.11309
12769.20996 0.113145
12770.29980 0.1132
12771.37988 0.113256
12772.45996 0.113311
12773.54980 0.113366
12774.62988 0.113422
12775.70996 0.113473
12776.79004 0.113523
12777.87988 0.113572
12778.95996 0.113622
12780.04980 0.113671
12781.12988 0.113734
12782.20996 0.113796
12783.29980 0.113858
12784.37988 0.11392
12785.46973 0.113984
12786.54980 0.11405
12787.62988 0.114115
12788.71973 0.114181
12789.79980 0.114246
12790.88965 0.11431
12791.96973 0.114374
12793.05957 0.114438
12794.13965 0.114502
12795.23047 0.114566
12796.30957 0.114631
12797.40039 0.114696
12798.48047 0.114761
12799.57031 0.114826
12800.65039 0.114901
12801.74023 0.114981
12802.82031 0.115061
12803.91016 0.115141
12804.99023 0.115221
12806.08008 0.115295
12807.16992 0.115368
12808.25000 0.115442
12809.33984 0.115515
12810.41992 0.115586
12811.50977 0.115651
12812.59961 0.115717
12813.67969 0.115782
12814.76953 0.115848
12815.86035 0.115927
12816.94043 0.11601
12818.03027 0.116093
12819.12012 0.116176
12820.20996 0.116258
12821.29004 0.116337
12822.37988 0.116416
12823.46973 0.116495
12824.54980 0.116573
12825.63965 0.116654
12826.73047 0.116736
12827.82031 0.116817
12828.90039 0.116899
12829.99023 0.116981
12831.08008 0.117065
12832.16992 0.11715
12833.25977 0.117235
12834.33984 0.117319
12835.42969 0.117401
12836.51953 0.117478
12837.61035 0.117555
12838.70020 0.117632
12839.79004 0.11771
12840.87988 0.117792
12841.95996 0.117876
12843.04980 0.117959
12844.13965 0.118043
12845.23047 0.118128
12846.32031 0.118217
12847.41016 0.118306
12848.50000 0.118394
12849.58984 0.118484
12850.67969 0.118567
12851.76953 0.118646
12852.86035 0.118726
12853.95020 0.118806
12855.04004 0.118886
12856.12988 0.118978
12857.21973 0.11907
12858.30957 0.119162
12859.40039 0.119254
12860.49023 0.119344
12861.58008 0.119431
12862.66992 0.119518
12863.75977 0.119605
12864.84961 0.119691
12865.94043 0.119782
12867.03027 0.119873
12868.12988 0.119964
12869.21973 0.120056
12870.30957 0.120142
12871.40039 0.120217
12872.49023 0.120291
12873.58008 0.120366
12874.66992 0.120441
12875.76953 0.120528
12876.86035 0.120621
12877.95020 0.120714
12879.04004 0.120806
12880.12988 0.120899
12881.23047 0.120984
12882.32031 0.12107
12883.41016 0.121155
12884.50000 0.121241
12885.59961 0.121325
12886.69043 0.121407
12887.78027 0.121489
12888.87012 0.121572
12889.96973 0.121654
12891.05957 0.121751
12892.15039 0.121849
12893.25000 0.121946
12894.33984 0.122044
12895.42969 0.122136
12896.53027 0.122218
12897.62012 0.1223
12898.70996 0.122382
12899.80957 0.122464
12900.90039 0.122544
12902.00000 0.122622
12903.08984 0.122701
12904.17969 0.12278
12905.28027 0.12286
12906.37012 0.122944
12907.46973 0.123027
12908.55957 0.123111
12909.66016 0.123194
12910.75000 0.123271
12911.83984 0.123345
12912.94043 0.123419
12914.04004 0.123493
12915.12988 0.123568
12916.21973 0.123648
12917.32031 0.123728
12918.41992 0.123808
12919.50977 0.123888
12920.61035 0.123967
12921.70020 0.124046
12922.79980 0.124125
12923.88965 0.124204
12924.99023 0.124283
12926.08984 0.124354
12927.17969 0.124424
12928.28027 0.124495
12929.37012 0.124566
12930.46973 0.124635
12931.57031 0.124701
12932.66016 0.124768
12933.75977 0.124834
12934.86035 0.1249
12935.95020 0.124974
12937.04980 0.125049
12938.15039 0.125124
12939.25000 0.125199
12940.33984 0.12527
12941.44043 0.12533
12942.54004 0.125389
12943.62988 0.125449
12944.73047 0.125509
12945.83008 0.125575
12946.92969 0.125644
12948.03027 0.125713
12949.12012 0.125782
12950.21973 0.125851
12951.32031 0.125921
12952.41992 0.125991
12953.51953 0.12606
12954.61035 0.12613
12955.70996 0.126194
12956.80957 0.126254
12957.91016 0.126315
12959.00977 0.126375
12960.11035 0.126435
12961.20996 0.126491
12962.30957 0.126547
12963.41016 0.126603
12964.50000 0.126659
12965.59961 0.126719
12966.70020 0.126784
12967.79980 0.126848
12968.90039 0.126913
12970.00000 0.126977
12971.09961 0.127028
12972.20020 0.127079
12973.29980 0.12713
12974.40039 0.127181
12975.50000 0.12723
12976.59961 0.127278
12977.70020 0.127326
12978.79980 0.127374
12979.90039 0.127422
12981.00000 0.127488
12982.11035 0.127557
12983.20996 0.127625
12984.30957 0.127693
12985.41016 0.127754
12986.50977 0.127801
12987.61035 0.127849
12988.70996 0.127897
12989.80957 0.127944
12990.91992 0.127983
12992.01953 0.12802
12993.12012 0.128056
12994.21973 0.128093
12995.32031 0.128134
12996.41992 0.128184
12997.53027 0.128234
12998.62988 0.128284
12999.73047 0.128334
13000.83008 0.128403
13001.92969 0.128478
13003.04004 0.128554
13004.13965 0.128629
13005.24023 0.128702
13006.34961 0.12877
13007.45020 0.128837
13008.54980 0.128904
13009.65039 0.128971
13010.75977 0.129052
13011.86035 0.129138
13012.95996 0.129224
13014.07031 0.129311
13015.16992 0.129395
13016.28027 0.129468
13017.37988 0.129541
13018.48047 0.129613
13019.58984 0.129686
13020.69043 0.129756
13021.79004 0.129825
13022.90039 0.129894
13024.00000 0.129963
13025.11035 0.130033
13026.20996 0.130113
13027.32031 0.130194
13028.41992 0.130274
13029.53027 0.130355
13030.62988 0.13043
13031.74023 0.130501
13032.83984 0.130573
13033.95020 0.130644
13035.04980 0.130715
13036.16016 0.130779
13037.25977 0.130843
13038.37012 0.130907
13039.46973 0.130971
13040.58008 0.131045
13041.67969 0.131127
13042.79004 0.13121
13043.90039 0.131292
13045.00000 0.131375
13046.11035 0.131446
13047.21973 0.131518
13048.32031 0.131589
13049.42969 0.131661
13050.54004 0.131731
13051.63965 0.131799
13052.75000 0.131868
13053.86035 0.131936
13054.95996 0.132005
13056.07031 0.132086
13057.17969 0.132169
13058.28027 0.132251
13059.38965 0.132333
13060.50000 0.132404
13061.61035 0.132462
13062.70996 0.13252
13063.82031 0.132578
13064.92969 0.132636
13066.04004 0.132712
13067.13965 0.132789
13068.25000 0.132867
13069.36035 0.132944
13070.46973 0.133017
13071.58008 0.133085
13072.69043 0.133152
13073.79004 0.13322
13074.90039 0.133287
13076.00977 0.133366
13077.12012 0.133445
13078.23047 0.133525
13079.33984 0.133605
13080.45020 0.133682
13081.55957 0.133755
13082.66992 0.133828
13083.78027 0.133901
13084.87988 0.133974
13085.99023 0.134043
13087.09961 0.134113
13088.20996 0.134183
13089.32031 0.134252
13090.42969 0.134324
13091.54004 0.134399
13092.65039 0.134475
13093.75977 0.13455
13094.87012 0.134626
13095.98047 0.134698
13097.08984 0.134771
13098.20996 0.134843
13099.32031 0.134915
13100.42969 0.134985
13101.54004 0.135051
13102.65039 0.135116
13103.75977 0.135182
13104.87012 0.135247
13105.98047 0.135323
13107.08984 0.135399
13108.20996 0.135475
13109.32031 0.135552
13110.42969 0.135624
13111.54004 0.135689
13112.65039 0.135754
13113.75977 0.135819
13114.87988 0.135884
13115.99023 0.135956
13117.09961 0.136027
13118.20996 0.136099
13119.33008 0.136171
13120.44043 0.136245
13121.54980 0.136323
13122.66016 0.136402
13123.78027 0.13648
13124.88965 0.136558
13126.00000 0.136614
13127.11035 0.136667
13128.23047 0.13672
13129.33984 0.136772
13130.45020 0.136833
13131.57031 0.136905
13132.67969 0.136976
13133.79004 0.137048
13134.91016 0.13712
13136.01953 0.137194
13137.13965 0.137269
13138.25000 0.137344
13139.36035 0.137419
13140.48047 0.137491
13141.58984 0.137557
13142.70996 0.137623
13143.82031 0.137688
13144.94043 0.137755
13146.04980 0.137821
13147.16992 0.137887
13148.28027 0.137953
13149.40039 0.13802
13150.50977 0.138089
13151.62988 0.138163
13152.74023 0.138236
13153.86035 0.13831
13154.96973 0.138383
13156.08984 0.138452
13157.20020 0.138521
13158.32031 0.13859
13159.42969 0.138659
13160.54980 0.138728
13161.66992 0.138798
13162.78027 0.138868
13163.90039 0.138937
13165.00977 0.139008
13166.12988 0.139084
13167.25000 0.139161
13168.36035 0.139238
13169.48047 0.139315
13170.59961 0.139384
13171.70996 0.139447
13172.83008 0.139511
13173.95020 0.139574
13175.07031 0.139638
13176.17969 0.139721
13177.29980 0.139803
13178.41992 0.139886
13179.53027 0.139969
13180.65039 0.140052
13181.76953 0.140135
13182.88965 0.140218
13184.00977 0.140302
13185.12012 0.140382
13186.24023 0.140443
13187.36035 0.140504
13188.48047 0.140564
13189.59961 0.140625
13190.70996 0.140698
13191.83008 0.140777
13192.95020 0.140857
13194.07031 0.140937
13195.19043 0.141016
13196.30957 0.141094
13197.42969 0.141172
13198.54980 0.141249
13199.66992 0.141327
13200.79004 0.141406
13201.90039 0.141487
13203.01953 0.141568
13204.13965 0.141648
13205.25977 0.141733
13206.37988 0.141829
13207.50000 0.141926
13208.62012 0.142022
13209.74023 0.142119
13210.86035 0.142214
13211.98047 0.142309
13213.09961 0.142403
13214.21973 0.142498
13215.33984 0.142586
13216.45996 0.142661
13217.58984 0.142736
13218.70996 0.142811
13219.83008 0.142886
13220.95020 0.142979
13222.07031 0.143075
13223.19043 0.14317
13224.30957 0.143266
13225.42969 0.143361
13226.54980 0.143455
13227.67969 0.143548
13228.79980 0.143641
13229.91992 0.143734
13231.04004 0.143821
13232.16016 0.143908
13233.29004 0.143994
13234.41016 0.144081
13235.53027 0.144169
13236.65039 0.144259
13237.78027 0.144349
13238.90039 0.144439
13240.01953 0.144529
13241.13965 0.144628
13242.26953 0.144728
13243.38965 0.144827
13244.50977 0.144926
13245.62988 0.145014
13246.75977 0.145095
13247.87988 0.145175
13249.00000 0.145255
13250.12988 0.145337
13251.25000 0.145429
13252.37012 0.145521
13253.50000 0.145613
13254.62012 0.145705
13255.75000 0.145804
13256.87012 0.145907
13258.00000 0.146009
13259.12012 0.146112
13260.24023 0.146213
13261.37012 0.146305
13262.49023 0.146398
13263.62012 0.146491
13264.74023 0.146583
