threeML/data/optical_filters/HST/NICMOS1-F140W.ecsv
# %ECSV 0.9
# ---
# datatype:
# - {name: wavelength, unit: Angstrom, datatype: float32}
# - {name: response, datatype: float32}
# meta: !!omap
# - {band_name: F140W}
# - {group_name: NICMOS1}
wavelength response
[from data line 5389]
15619.75977 0.170113
15621.20020 0.170063
15622.62988 0.170016
15624.07031 0.169969
15625.50000 0.169927
15626.94043 0.169895
15628.37012 0.169863
15629.80957 0.169832
15631.24023 0.169788
15632.67969 0.169743
15634.11035 0.169698
15635.54980 0.169651
15636.99023 0.169601
15638.41992 0.16955
15639.86035 0.1695
15641.29004 0.169459
15642.73047 0.169419
15644.16992 0.169379
15645.59961 0.16933
15647.04004 0.169269
15648.48047 0.169208
15649.91016 0.169148
15651.34961 0.169105
15652.79004 0.169064
15654.23047 0.169023
15655.66016 0.168973
15657.09961 0.168912
15658.54004 0.168851
15659.98047 0.16879
15661.41992 0.16873
15662.84961 0.168669
15664.29004 0.168608
15665.73047 0.168563
15667.16992 0.168533
15668.61035 0.168503
15670.04980 0.168472
15671.49023 0.168403
15672.91992 0.168333
15674.36035 0.168263
15675.79980 0.168203
15677.24023 0.168151
15678.67969 0.168098
15680.12012 0.168045
15681.55957 0.167997
15683.00000 0.167949
15684.44043 0.1679
15685.87988 0.167858
15687.32031 0.167819
15688.75977 0.16778
15690.20020 0.167738
15691.63965 0.167675
15693.08984 0.167612
15694.53027 0.167549
15695.96973 0.167506
15697.41016 0.167471
15698.84961 0.167437
15700.29004 0.167398
15701.73047 0.167345
15703.17969 0.167291
15704.62012 0.167237
15706.05957 0.167191
15707.50000 0.167147
15708.95020 0.167103
15710.38965 0.167059
15711.83008 0.167014
15713.26953 0.166968
15714.71973 0.166923
15716.16016 0.166866
15717.59961 0.166807
15719.04980 0.166748
15720.49023 0.166695
15721.92969 0.166657
15723.37988 0.166619
15724.82031 0.16658
15726.25977 0.16654
15727.70996 0.166499
15729.15039 0.166459
15730.59961 0.166419
15732.04004 0.166383
15733.49023 0.166346
15734.92969 0.166309
15736.37988 0.166251
15737.82031 0.166191
15739.26953 0.166131
15740.70996 0.166083
15742.16016 0.166046
15743.59961 0.166009
15745.04980 0.165971
15746.50000 0.165925
15747.94043 0.165879
15749.38965 0.165833
15750.83008 0.165787
15752.28027 0.16574
15753.73047 0.165694
15755.16992 0.165647
15756.62012 0.165599
15758.07031 0.165551
15759.50977 0.165503
15760.95996 0.165465
15762.41016 0.165431
15763.86035 0.165398
15765.29980 0.165361
15766.75000 0.165316
15768.20020 0.165271
15769.65039 0.165225
15771.08984 0.165187
15772.54004 0.16515
15773.99023 0.165113
15775.44043 0.16508
15776.88965 0.165053
15778.33984 0.165027
15779.79004 0.165
15781.24023 0.164958
15782.67969 0.164914
15784.12988 0.16487
15785.58008 0.16483
15787.03027 0.164798
15788.48047 0.164766
15789.92969 0.164734
15791.37988 0.164684
15792.83008 0.164634
15794.28027 0.164584
15795.73047 0.164549
15797.17969 0.164529
15798.62988 0.164509
15800.08008 0.164487
15801.54004 0.164435
15802.99023 0.164383
15804.44043 0.164331
15805.88965 0.164297
15807.33984 0.164274
15808.79004 0.164252
15810.25000 0.164227
15811.70020 0.164189
15813.15039 0.16415
15814.59961 0.164112
15816.04980 0.164067
15817.50000 0.16402
15818.95996 0.163972
15820.41016 0.163927
15821.86035 0.163888
15823.32031 0.163849
15824.76953 0.16381
15826.21973 0.163777
15827.67969 0.163745
15829.12988 0.163713
15830.58008 0.163682
15832.04004 0.163653
15833.49023 0.163623
15834.94043 0.163594
15836.40039 0.163562
15837.84961 0.163531
15839.30957 0.163499
15840.75977 0.163457
15842.21973 0.163404
15843.66992 0.163352
15845.12988 0.163304
15846.58008 0.16329
15848.04004 0.163277
15849.49023 0.163263
15850.95020 0.163237
15852.40039 0.163204
15853.86035 0.163171
15855.30957 0.16314
15856.76953 0.16312
15858.23047 0.1631
15859.67969 0.163079
15861.13965 0.163055
15862.59961 0.16303
15864.04980 0.163005
15865.50977 0.162979
15866.96973 0.162953
15868.41992 0.162926
15869.87988 0.1629
15871.33984 0.162871
15872.79004 0.162842
15874.25000 0.162813
15875.70996 0.162789
15877.16992 0.162772
15878.62988 0.162754
15880.08008 0.162737
15881.54004 0.162712
15883.00000 0.162688
15884.45996 0.162664
15885.91992 0.162639
15887.37988 0.162613
15888.83984 0.162586
15890.29004 0.162565
15891.75000 0.16256
15893.20996 0.162556
15894.66992 0.162551
15896.12988 0.162533
15897.58984 0.162511
15899.04980 0.162489
15900.50977 0.162478
15901.96973 0.16249
15903.42969 0.162502
15904.88965 0.162514
15906.34961 0.16251
15907.80957 0.162505
15909.28027 0.1625
15910.74023 0.1625
15912.20020 0.162504
15913.66016 0.162509
15915.12012 0.162514
15916.58008 0.16252
15918.04004 0.162526
15919.50000 0.162532
15920.96973 0.16254
15922.42969 0.162548
15923.88965 0.162556
15925.34961 0.162564
15926.82031 0.16257
15928.28027 0.162577
15929.74023 0.162583
15931.20020 0.162612
15932.66992 0.162646
15934.12988 0.16268
15935.58984 0.162697
15937.05957 0.16269
15938.51953 0.162683
15939.98047 0.162676
15941.45020 0.162698
15942.91016 0.162721
15944.37012 0.162744
15945.83984 0.162765
15947.29980 0.162785
15948.76953 0.162805
15950.23047 0.162823
15951.70020 0.162834
15953.16016 0.162845
15954.62988 0.162856
15956.08984 0.16287
15957.55957 0.162883
15959.01953 0.162897
15960.49023 0.162915
15961.95020 0.16294
15963.41992 0.162965
15964.88965 0.162991
15966.34961 0.163028
15967.82031 0.163067
15969.28027 0.163105
15970.75000 0.163124
15972.21973 0.163125
15973.67969 0.163125
15975.15039 0.163128
15976.62012 0.16315
15978.08008 0.163173
15979.54980 0.163195
15981.01953 0.163225
15982.49023 0.163257
15983.95996 0.16329
15985.41992 0.163317
15986.88965 0.163333
15988.36035 0.163349
15989.83008 0.163364
15991.29980 0.163399
15992.75977 0.163436
15994.23047 0.163474
15995.70020 0.163508
15997.16992 0.16354
15998.63965 0.163572
16000.11035 0.163605
16001.58008 0.163655
16003.04980 0.163705
16004.51953 0.163756
16005.99023 0.163815
16007.45996 0.16388
16008.92969 0.163944
16010.40039 0.164006
16011.87012 0.164061
16013.33984 0.164117
16014.80957 0.164172
16016.28027 0.16423
16017.75000 0.164289
16019.21973 0.164348
16020.69043 0.164413
16022.16016 0.164486
16023.62988 0.164559
16025.09961 0.16463
16026.58008 0.164688
16028.04980 0.164746
16029.51953 0.164803
16030.99023 0.16486
16032.45996 0.164917
16033.94043 0.164974
16035.41016 0.165034
16036.87988 0.165104
16038.34961 0.165174
16039.83008 0.165243
16041.29980 0.165319
16042.76953 0.165395
16044.25000 0.165471
16045.71973 0.165541
16047.19043 0.165603
16048.66992 0.165666
16050.13965 0.165732
16051.61035 0.165822
16053.08984 0.165911
16054.55957 0.166001
16056.04004 0.166076
16057.50977 0.166145
16058.99023 0.166214
16060.45996 0.166279
16061.94043 0.166335
16063.41016 0.166392
16064.87988 0.166448
16066.36035 0.166528
16067.83984 0.166609
16069.30957 0.166691
16070.79004 0.166767
16072.25977 0.166838
16073.74023 0.166908
16075.20996 0.166982
16076.69043 0.167067
16078.16992 0.167153
16079.63965 0.167239
16081.12012 0.167308
16082.59961 0.167373
16084.07031 0.167437
16085.54980 0.167516
16087.03027 0.167618
16088.50000 0.167721
16089.98047 0.167823
16091.45996 0.167907
16092.94043 0.16799
16094.41992 0.168073
16095.88965 0.16815
16097.37012 0.168223
16098.84961 0.168297
16100.33008 0.168376
16101.80957 0.168474
16103.29004 0.168573
16104.75977 0.168672
16106.24023 0.168764
16107.71973 0.168855
16109.20020 0.168945
16110.67969 0.169026
16112.16016 0.169096
16113.63965 0.169165
16115.12012 0.169237
16116.59961 0.169334
16118.08008 0.169431
16119.55957 0.169528
16121.04004 0.169646
16122.51953 0.169772
16124.00000 0.169899
16125.48047 0.170014
16126.95996 0.170108
16128.44043 0.170201
16129.91992 0.170294
16131.41016 0.170384
16132.88965 0.170475
16134.37012 0.170565
16135.84961 0.170672
16137.33008 0.170791
16138.80957 0.17091
16140.29980 0.171025
16141.78027 0.171117
16143.25977 0.17121
16144.74023 0.171302
16146.21973 0.171395
16147.70996 0.171487
16149.19043 0.171579
16150.66992 0.171686
16152.16016 0.171809
16153.63965 0.171933
16155.12012 0.172054
16156.61035 0.172158
16158.08984 0.172262
16159.57031 0.172365
16161.05957 0.172459
16162.54004 0.172549
16164.03027 0.172639
16165.50977 0.172736
16167.00000 0.17285
16168.48047 0.172963
16169.95996 0.173076
16171.45020 0.173171
16172.92969 0.173265
16174.41992 0.17336
16175.91016 0.17347
16177.38965 0.173592
16178.87988 0.173713
16180.36035 0.173829
16181.84961 0.173928
16183.33008 0.174028
16184.82031 0.174127
16186.30957 0.174237
16187.79004 0.174348
16189.28027 0.17446
16190.76953 0.174567
16192.25000 0.174669
16193.74023 0.174772
16195.23047 0.174877
16196.70996 0.174998
16198.20020 0.175119
16199.69043 0.17524
16201.17969 0.175341
16202.66016 0.175436
16204.15039 0.175531
16205.63965 0.175625
16207.12988 0.175717
16208.62012 0.17581
16210.09961 0.175904
16211.58984 0.176018
16213.08008 0.176132
16214.57031 0.176247
16216.05957 0.176351
16217.54980 0.176452
16219.04004 0.176553
16220.53027 0.176654
16222.01953 0.176759
16223.50977 0.176863
16225.00000 0.176967
16226.49023 0.177086
16227.98047 0.177205
16229.46973 0.177324
16230.95996 0.177428
16232.45020 0.177522
16233.94043 0.177617
16235.42969 0.177716
16236.91992 0.177823
16238.41016 0.177931
16239.90039 0.178039
16241.38965 0.178139
16242.87988 0.178237
16244.37988 0.178336
16245.87012 0.178438
16247.36035 0.178543
16248.84961 0.178649
16250.33984 0.178752
16251.83984 0.178849
16253.33008 0.178946
16254.82031 0.179043
16256.30957 0.179152
16257.80957 0.179262
16259.29980 0.179372
16260.79004 0.179481
16262.29004 0.179588
16263.78027 0.179695
16265.26953 0.1798
16266.76953 0.179901
16268.25977 0.180002
16269.75000 0.180103
16271.25000 0.180199
16272.74023 0.180295
16274.24023 0.180391
16275.73047 0.180496
16277.23047 0.180613
16278.71973 0.180729
16280.21973 0.180841
16281.70996 0.180923
16283.20996 0.181004
16284.70020 0.181086
16286.20020 0.181185
16287.69043 0.181289
16289.19043 0.181393
16290.67969 0.181498
16292.17969 0.181604
16293.67969 0.18171
16295.16992 0.181817
16296.66992 0.181933
16298.16992 0.182049
16299.66016 0.182165
16301.16016 0.182253
16302.66016 0.182332
16304.15039 0.182412
16305.65039 0.182501
16307.15039 0.182601
16308.63965 0.182702
16310.13965 0.182805
16311.63965 0.182924
16313.13965 0.183044
16314.63965 0.183164
16316.12988 0.183259
16317.62988 0.183347
16319.12988 0.183434
16320.62988 0.183519
16322.12988 0.183599
16323.62988 0.183679
16325.12988 0.183762
16326.62988 0.183873
16328.12012 0.183984
16329.62012 0.184096
16331.12012 0.184191
16332.62012 0.18428
16334.12012 0.184369
16335.62012 0.184461
16337.12012 0.184556
16338.62012 0.184651
16340.12012 0.184746
16341.62012 0.18484
16343.12988 0.184934
16344.62988 0.185028
16346.12988 0.185133
16347.62988 0.18524
16349.12988 0.185347
16350.62988 0.185436
16352.12988 0.1855
16353.62988 0.185564
16355.12988 0.185633
16356.63965 0.18575
16358.13965 0.185866
16359.63965 0.185983
16361.13965 0.186068
16362.65039 0.186143
16364.15039 0.186218
16365.65039 0.1863
16367.15039 0.18639
16368.66016 0.186481
16370.16016 0.18657
16371.66016 0.186647
16373.16992 0.186724
16374.66992 0.186801
16376.16992 0.186902
16377.67969 0.187009
16379.17969 0.187117
16380.69043 0.187209
16382.19043 0.187285
16383.69043 0.18736
16385.19922 0.187438
16386.69922 0.187539
16388.21094 0.187639
16389.71094 0.18774
16391.22070 0.187808
16392.72070 0.18787
16394.23047 0.187931
16395.73047 0.188006
16397.24023 0.188097
16398.75000 0.188188
16400.25000 0.188282
16401.75977 0.188388
16403.25977 0.188494
16404.76953 0.188601
16406.27930 0.188666
16407.77930 0.188724
16409.28906 0.188782
16410.80078 0.188857
16412.30078 0.188946
16413.81055 0.189035
16415.32031 0.18912
16416.83008 0.18919
16418.33008 0.18926
16419.83984 0.189329
16421.34961 0.189404
16422.85938 0.189479
16424.36914 0.189555
16425.86914 0.189629
16427.38086 0.189703
16428.89062 0.189776
16430.40039 0.18985
16431.91016 0.189921
16433.41992 0.189993
16434.92969 0.190065
16436.43945 0.190144
16437.94922 0.190223
16439.44922 0.190302
16440.96094 0.190377
16442.47070 0.19045
16443.98047 0.190523
16445.49023 0.190588
16447.00000 0.190633
16448.50977 0.190679
16450.01953 0.190725
16451.53906 0.19081
16453.03906 0.190895
16454.56055 0.19098
16456.07031 0.19105
16457.58008 0.191113
16459.08984 0.191177
16460.59961 0.191247
16462.10938 0.191328
16463.61914 0.191409
16465.14062 0.191489
16466.65039 0.191555
16468.16016 0.191622
16469.66992 0.191688
16471.18945 0.191747
16472.69922 0.191803
16474.21094 0.191859
16475.72070 0.191918
16477.24023 0.191979
16478.75000 0.192041
16480.25977 0.192104
16481.77930 0.192171
16483.28906 0.192239
16484.80078 0.192307
16486.32031 0.192361
16487.83008 0.192414
16489.34961 0.192466
16490.85938 0.192527
16492.36914 0.192596
16493.89062 0.192665
16495.40039 0.192727
16496.91992 0.192772
16498.42969 0.192816
16499.94922 0.192861
16501.46094 0.192914
16502.98047 0.192968
16504.49023 0.193021
16506.00977 0.193078
16507.52930 0.193136
16509.03906 0.193194
16510.56055 0.193242
16512.07031 0.193269
16513.58984 0.193297
16515.10938 0.193327
16516.61914 0.193391
16518.14062 0.193456
16519.66016 0.193521
16521.16992 0.193581
16522.68945 0.193641
16524.21094 0.1937
16525.72070 0.193742
16527.24023 0.193762
16528.75977 0.193783
16530.27930 0.193809
16531.80078 0.193857
16533.31055 0.193904
16534.83008 0.193951
16536.34961 0.19401
16537.86914 0.194071
16539.39062 0.194131
16540.91016 0.194174
16542.42969 0.194205
16543.94922 0.194237
16545.46094 0.194268
16546.98047 0.1943
16548.50000 0.194332
16550.01953 0.194364
16551.53906 0.19443
16553.06055 0.194496
16554.58008 0.194562
16556.09961 0.194595
16557.61914 0.194614
16559.14062 0.194634
16560.66016 0.194665
16562.18945 0.19471
16563.71094 0.194755
16565.23047 0.194801
16566.75000 0.194852
16568.26953 0.194902
16569.78906 0.194953
16571.31055 0.194975
16572.83008 0.194993
16574.35938 0.19501
16575.88086 0.195047
16577.40039 0.195099
16578.91992 0.19515
16580.44922 0.195197
16581.97070 0.195234
16583.49023 0.19527
16585.00977 0.195307
16586.53906 0.195338
16588.06055 0.195369
16589.58008 0.195399
16591.10938 0.195435
16592.63086 0.195472
16594.15039 0.19551
16595.67969 0.19555
16597.19922 0.195593
16598.72070 0.195637
16600.25000 0.195679
16601.76953 0.195718
16603.30078 0.195757
16604.82031 0.195796
16606.34961 0.195834
16607.86914 0.195872
16609.40039 0.195909
16610.91992 0.195953
16612.44922 0.196001
16613.97070 0.196049
16615.50000 0.196089
16617.02930 0.196111
16618.55078 0.196134
16620.08008 0.196159
16621.59961 0.196225
16623.13086 0.196291
16624.66016 0.196357
16626.17969 0.196387
16627.71094 0.196406
16629.24023 0.196424
16630.75977 0.196462
16632.28906 0.196519
16633.82031 0.196576
16635.34961 0.196629
16636.86914 0.19667
16638.40039 0.196711
16639.92969 0.196752
16641.46094 0.196775
16642.99023 0.196797
16644.50977 0.196819
16646.03906 0.196851
16647.57031 0.196887
16649.09961 0.196923
16650.63086 0.19697
16652.16016 0.197032
16653.68945 0.197095
16655.22070 0.197152
16656.75000 0.197176
16658.27930 0.1972
16659.80078 0.197224
16661.33008 0.197252
16662.86914 0.19728
16664.39062 0.197309
16665.92969 0.197354
16667.46094 0.197412
16668.99023 0.197469
16670.51953 0.197518
16672.05078 0.19755
16673.58008 0.197583
16675.10938 0.197617
16676.64062 0.197673
16678.16992 0.19773
16679.71094 0.197787
16681.24023 0.197813
16682.76953 0.197832
16684.30078 0.19785
16685.83008 0.197886
16687.36914 0.197938
16688.90039 0.197989
16690.42969 0.198038
16691.96094 0.198082
16693.49023 0.198125
16695.02930 0.198169
16696.56055 0.198202
16698.08984 0.198235
16699.63086 0.198268
16701.16016 0.198312
16702.69922 0.198361
16704.23047 0.198409
16705.75977 0.198461
16707.30078 0.198518
16708.83008 0.198575
16710.36914 0.198621
16711.90039 0.198634
16713.42969 0.198647
16714.97070 0.19866
16716.50000 0.198708
16718.03906 0.198756
16719.57031 0.198804
16721.10938 0.198849
16722.64062 0.198893
16724.17969 0.198937
16725.72070 0.198986
16727.25000 0.199041
16728.78906 0.199096
16730.32031 0.199147
16731.85938 0.199186
16733.40039 0.199225
16734.92969 0.199264
16736.47070 0.199302
16738.00977 0.19934
16739.53906 0.199378
16741.08008 0.199414
16742.61914 0.199451
16744.16016 0.199487
16745.69922 0.199527
16747.23047 0.19957
16748.76953 0.199613
16750.31055 0.199659
16751.84961 0.19972
16753.38086 0.199782
16754.91992 0.199843
16756.46094 0.199883
16758.00000 0.199923
