threeML/data/optical_filters/HST/NICMOS2-F171M.ecsv
# %ECSV 0.9
# ---
# datatype:
# - {name: wavelength, unit: Angstrom, datatype: float32}
# - {name: response, datatype: float32}
# meta: !!omap
# - {band_name: F171M}
# - {group_name: NICMOS2}
wavelength response
[from data line 5363]
17408.66992 0.227131
17408.92969 0.227112
17409.17969 0.227093
17409.42969 0.227074
17409.67969 0.227055
17409.93945 0.227036
17410.18945 0.227026
17410.43945 0.227019
17410.69922 0.227012
17410.94922 0.227005
17411.19922 0.226999
17411.46094 0.226992
17411.71094 0.226985
17411.96094 0.226978
17412.21094 0.226929
17412.47070 0.226872
17412.72070 0.226815
17412.97070 0.226758
17413.23047 0.226701
17413.48047 0.226644
17413.73047 0.226587
17413.99023 0.22653
17414.24023 0.22646
17414.49023 0.226389
17414.74023 0.226319
17415.00000 0.226248
17415.25000 0.226178
17415.50000 0.226107
17415.75977 0.226037
17416.00977 0.225969
17416.25977 0.225968
17416.51953 0.225968
17416.76953 0.225967
17417.01953 0.225966
17417.27930 0.225966
17417.52930 0.225965
17417.77930 0.225964
17418.03906 0.225955
17418.28906 0.22589
17418.53906 0.225826
17418.78906 0.225761
17419.05078 0.225697
17419.30078 0.225632
17419.55078 0.225567
17419.81055 0.225503
17420.06055 0.22544
17420.31055 0.225383
17420.57031 0.225325
17420.82031 0.225267
17421.07031 0.22521
17421.33008 0.225152
17421.58008 0.225094
17421.83008 0.225037
17422.08984 0.224986
17422.33984 0.22495
17422.58984 0.224914
17422.84961 0.224878
17423.09961 0.224842
17423.34961 0.224806
17423.60938 0.22477
17423.85938 0.224734
17424.10938 0.224657
17424.35938 0.224529
17424.61914 0.224401
17424.86914 0.224272
17425.11914 0.224145
17425.38086 0.224016
17425.63086 0.223887
17425.88086 0.22376
17426.14062 0.223691
17426.39062 0.223674
17426.64062 0.223657
17426.90039 0.22364
17427.15039 0.223623
17427.40039 0.223606
17427.66016 0.223589
17427.91016 0.223572
17428.16016 0.223539
17428.41992 0.223497
17428.66992 0.223455
17428.91992 0.223413
17429.17969 0.223371
17429.42969 0.223329
17429.67969 0.223287
17429.93945 0.223245
17430.18945 0.223181
17430.43945 0.223109
17430.69922 0.223038
17430.94922 0.222967
17431.19922 0.222895
17431.46094 0.222824
17431.71094 0.222753
17431.96094 0.222681
17432.21094 0.222561
17432.47070 0.222431
17432.72070 0.2223
17432.98047 0.22217
17433.23047 0.222041
17433.48047 0.221911
17433.74023 0.22178
17433.99023 0.221651
17434.24023 0.22157
17434.50000 0.221491
17434.75000 0.221411
17435.00000 0.221332
17435.25977 0.221253
17435.50977 0.221174
17435.75977 0.221095
17436.01953 0.221018
17436.26953 0.220976
17436.51953 0.220934
17436.77930 0.220892
17437.02930 0.22085
17437.27930 0.220808
17437.53906 0.220766
17437.78906 0.220724
17438.03906 0.220673
17438.30078 0.220576
17438.55078 0.220479
17438.80078 0.220383
17439.06055 0.220286
17439.31055 0.220189
17439.56055 0.220092
17439.82031 0.219995
17440.07031 0.219902
17440.32031 0.219818
17440.58008 0.219734
17440.83008 0.21965
17441.08008 0.219566
17441.33984 0.219482
17441.58984 0.219398
17441.83984 0.219314
17442.09961 0.21924
17442.34961 0.219181
17442.60938 0.219123
17442.85938 0.219064
17443.10938 0.219006
17443.36914 0.218948
17443.61914 0.218889
17443.86914 0.218831
17444.13086 0.218755
17444.38086 0.218662
17444.63086 0.218567
17444.89062 0.218473
17445.14062 0.218379
17445.39062 0.218285
17445.65039 0.218192
17445.90039 0.218098
17446.15039 0.218001
17446.41016 0.217903
17446.66016 0.217805
17446.91016 0.217707
17447.16992 0.217609
17447.41992 0.21751
17447.67969 0.217412
17447.92969 0.217313
17448.17969 0.217179
17448.43945 0.217028
17448.68945 0.216878
17448.93945 0.216728
17449.19922 0.216578
17449.44922 0.216427
17449.69922 0.216278
17449.96094 0.216128
17450.21094 0.216067
17450.46094 0.216024
17450.72070 0.215981
17450.97070 0.215939
17451.22070 0.215896
17451.48047 0.215853
17451.73047 0.215811
17451.99023 0.215768
17452.24023 0.215586
17452.49023 0.215395
17452.75000 0.215204
17453.00000 0.215015
17453.25000 0.214825
17453.50977 0.214634
17453.75977 0.214444
17454.01953 0.214257
17454.26953 0.214134
17454.51953 0.21401
17454.77930 0.213887
17455.02930 0.213763
17455.27930 0.213639
17455.53906 0.213515
17455.78906 0.213391
17456.03906 0.213288
17456.30078 0.21328
17456.55078 0.213272
17456.81055 0.213263
17457.06055 0.213255
17457.31055 0.213247
17457.57031 0.213239
17457.82031 0.213231
17458.07031 0.213166
17458.33008 0.212963
17458.58008 0.21276
17458.83984 0.212558
17459.08984 0.212355
17459.33984 0.212154
17459.59961 0.211951
17459.84961 0.211748
17460.09961 0.211587
17460.35938 0.211484
17460.60938 0.211381
17460.86914 0.211279
17461.11914 0.211176
17461.36914 0.211074
17461.63086 0.210971
17461.88086 0.210869
17462.13086 0.210721
17462.39062 0.210534
17462.64062 0.210346
17462.89062 0.210158
17463.15039 0.20997
17463.40039 0.209782
17463.66016 0.209594
17463.91016 0.209406
17464.16016 0.209274
17464.41992 0.209172
17464.66992 0.20907
17464.92969 0.208968
17465.17969 0.208866
17465.42969 0.208764
17465.68945 0.208662
17465.93945 0.20856
17466.19922 0.208482
17466.44922 0.208412
17466.69922 0.208341
17466.96094 0.208271
17467.21094 0.208201
17467.46094 0.208131
17467.72070 0.208061
17467.97070 0.20799
17468.22070 0.207767
17468.48047 0.207525
17468.73047 0.207282
17468.99023 0.20704
17469.24023 0.206797
17469.49023 0.206554
17469.75000 0.206312
17470.00000 0.20607
17470.25977 0.205942
17470.50977 0.205813
17470.75977 0.205685
17471.01953 0.205557
17471.26953 0.205428
17471.52930 0.2053
17471.77930 0.205172
17472.02930 0.205038
17472.28906 0.204867
17472.53906 0.204695
17472.78906 0.204524
17473.05078 0.204353
17473.30078 0.204181
17473.56055 0.20401
17473.81055 0.203839
17474.06055 0.203675
17474.32031 0.203534
17474.57031 0.203393
17474.83008 0.203252
17475.08008 0.20311
17475.33008 0.202969
17475.58984 0.202828
17475.83984 0.202687
17476.09961 0.202548
17476.34961 0.202412
17476.59961 0.202276
17476.85938 0.202141
17477.10938 0.202004
17477.36914 0.201868
17477.61914 0.201732
17477.88086 0.201597
17478.13086 0.20147
17478.38086 0.201353
17478.64062 0.201236
17478.89062 0.201119
17479.14062 0.201001
17479.40039 0.200884
17479.65039 0.200767
17479.91016 0.200649
17480.16016 0.200464
17480.41016 0.200238
17480.66992 0.200013
17480.91992 0.199787
17481.17969 0.199561
17481.42969 0.199336
17481.68945 0.199108
17481.93945 0.198883
17482.18945 0.198686
17482.44922 0.198499
17482.69922 0.198312
17482.96094 0.198125
17483.21094 0.197937
17483.46094 0.19775
17483.72070 0.197563
17483.97070 0.197375
17484.22070 0.197163
17484.48047 0.196948
17484.73047 0.196732
17484.99023 0.196517
17485.24023 0.196302
17485.50000 0.196086
17485.75000 0.195872
17486.00000 0.195657
17486.25977 0.195486
17486.50977 0.195315
17486.76953 0.195143
17487.01953 0.194972
17487.27930 0.1948
17487.52930 0.194629
17487.77930 0.194457
17488.03906 0.194286
17488.28906 0.194114
17488.53906 0.193942
17488.80078 0.19377
17489.05078 0.193598
17489.31055 0.193424
17489.56055 0.193252
17489.82031 0.19308
17490.07031 0.192892
17490.32031 0.192663
17490.58008 0.192434
17490.83008 0.192205
17491.08984 0.191976
17491.33984 0.191745
17491.59961 0.191516
17491.84961 0.191287
17492.09961 0.191086
17492.35938 0.190926
17492.60938 0.190766
17492.86914 0.190607
17493.11914 0.190446
17493.38086 0.190286
17493.63086 0.190126
17493.88086 0.189967
17494.14062 0.189775
17494.39062 0.189555
17494.65039 0.189334
17494.90039 0.189114
17495.15039 0.188894
17495.41016 0.188675
17495.66016 0.188455
17495.91992 0.188235
17496.16992 0.188003
17496.42969 0.187767
17496.67969 0.187531
17496.92969 0.187296
17497.18945 0.18706
17497.43945 0.186822
17497.69922 0.186586
17497.94922 0.18635
17498.21094 0.186125
17498.46094 0.185903
17498.71094 0.18568
17498.97070 0.185458
17499.22070 0.185235
17499.48047 0.185013
17499.73047 0.184791
17499.99023 0.184567
17500.24023 0.184403
17500.49023 0.184242
17500.75000 0.184081
17501.00000 0.18392
17501.25977 0.183758
17501.50977 0.183597
17501.76953 0.183436
17502.01953 0.183267
17502.27930 0.182999
17502.52930 0.182733
17502.77930 0.182468
17503.03906 0.182202
17503.28906 0.181937
17503.55078 0.181669
17503.80078 0.181403
17504.05078 0.181145
17504.31055 0.180915
17504.56055 0.180683
17504.82031 0.180452
17505.07031 0.180222
17505.33008 0.179991
17505.58008 0.179759
17505.83984 0.179528
17506.08984 0.179305
17506.33984 0.179095
17506.59961 0.178883
17506.84961 0.178673
17507.10938 0.178463
17507.35938 0.178253
17507.61914 0.178041
17507.86914 0.177831
17508.11914 0.177613
17508.38086 0.177388
17508.63086 0.17716
17508.89062 0.176934
17509.14062 0.176709
17509.40039 0.176482
17509.65039 0.176256
17509.91016 0.176031
17510.16016 0.175784
17510.41992 0.175524
17510.66992 0.175266
17510.91992 0.175008
17511.17969 0.174748
17511.42969 0.174489
17511.68945 0.174231
17511.93945 0.173973
17512.19922 0.173707
17512.44922 0.173442
17512.71094 0.173177
17512.96094 0.17291
17513.21094 0.172645
17513.47070 0.17238
17513.72070 0.172113
17513.98047 0.171847
17514.23047 0.171642
17514.49023 0.17144
17514.74023 0.17124
17515.00000 0.17104
17515.25000 0.17084
17515.50977 0.170639
17515.75977 0.170439
17516.00977 0.170232
17516.26953 0.169902
17516.51953 0.169575
17516.77930 0.169248
17517.02930 0.168919
17517.28906 0.168591
17517.53906 0.168264
17517.80078 0.167935
17518.05078 0.167623
17518.30078 0.16737
17518.56055 0.167116
17518.81055 0.166864
17519.07031 0.166609
17519.32031 0.166357
17519.58008 0.166105
17519.83008 0.165851
17520.08984 0.165621
17520.33984 0.165436
17520.59961 0.165249
17520.84961 0.165063
17521.10938 0.164877
17521.35938 0.16469
17521.61914 0.164504
17521.86914 0.164319
17522.11914 0.164086
17522.38086 0.163808
17522.63086 0.163528
17522.89062 0.163249
17523.14062 0.162971
17523.40039 0.162691
17523.65039 0.162413
17523.91016 0.162134
17524.16016 0.161856
17524.41992 0.16158
17524.66992 0.161302
17524.92969 0.161027
17525.17969 0.160751
17525.43945 0.160473
17525.68945 0.160197
17525.94922 0.15992
17526.19922 0.15967
17526.44922 0.159427
17526.71094 0.159182
17526.96094 0.158939
17527.22070 0.158695
17527.47070 0.158452
17527.73047 0.158207
17527.98047 0.157964
17528.24023 0.157725
17528.49023 0.157484
17528.75000 0.157245
17529.00000 0.157004
17529.25977 0.156766
17529.50977 0.156527
17529.76953 0.156286
17530.01953 0.156044
17530.27930 0.155763
17530.52930 0.155484
17530.78906 0.155204
17531.03906 0.154925
17531.28906 0.154647
17531.55078 0.154366
17531.80078 0.154087
17532.06055 0.153809
17532.31055 0.153539
17532.57031 0.153266
17532.82031 0.152996
17533.08008 0.152724
17533.33008 0.152454
17533.58984 0.152182
17533.83984 0.151912
17534.09961 0.151641
17534.34961 0.151368
17534.60938 0.151098
17534.85938 0.150825
17535.11914 0.150554
17535.36914 0.150281
17535.61914 0.15001
17535.88086 0.149737
17536.13086 0.149468
17536.39062 0.149199
17536.64062 0.148932
17536.90039 0.148663
17537.15039 0.148396
17537.41016 0.148127
17537.66016 0.147859
17537.91992 0.14759
17538.16992 0.147305
17538.42969 0.14701
17538.67969 0.146716
17538.93945 0.146421
17539.18945 0.146127
17539.44922 0.145832
17539.69922 0.145539
17539.96094 0.145243
17540.21094 0.144983
17540.47070 0.144727
17540.72070 0.144473
17540.98047 0.144218
17541.23047 0.143964
17541.49023 0.143708
17541.74023 0.143454
17542.00000 0.143198
17542.25000 0.142866
17542.50977 0.142531
17542.75977 0.142199
17543.01953 0.141863
17543.26953 0.141531
17543.52930 0.141195
17543.77930 0.140863
17544.03906 0.140542
17544.28906 0.140313
17544.55078 0.140082
17544.80078 0.139851
17545.06055 0.139622
17545.31055 0.139391
17545.57031 0.139162
17545.82031 0.138931
17546.08008 0.138681
17546.33008 0.13838
17546.58984 0.138081
17546.83984 0.137779
17547.09961 0.13748
17547.34961 0.137179
17547.60938 0.136877
17547.85938 0.136578
17548.11914 0.136283
17548.36914 0.135996
17548.63086 0.135707
17548.88086 0.13542
17549.14062 0.135131
17549.39062 0.134842
17549.65039 0.134555
17549.90039 0.134266
17550.16016 0.133991
17550.41016 0.133721
17550.66992 0.133454
17550.91992 0.133184
17551.17969 0.132914
17551.42969 0.132646
17551.68945 0.132376
17551.93945 0.132109
17552.19922 0.131852
17552.44922 0.1316
17552.71094 0.13135
17552.96094 0.131097
17553.22070 0.130847
17553.47070 0.130594
17553.73047 0.130342
17553.98047 0.130091
17554.24023 0.129865
17554.49023 0.129641
17554.75000 0.129416
17555.00000 0.129191
17555.25977 0.128968
17555.50977 0.128743
17555.76953 0.128518
17556.01953 0.128287
17556.27930 0.127975
17556.52930 0.127665
17556.78906 0.127353
17557.03906 0.127041
17557.30078 0.126731
17557.55078 0.126419
17557.81055 0.126107
17558.06055 0.125812
17558.32031 0.125558
17558.58008 0.125305
17558.83008 0.125053
17559.08984 0.1248
17559.33984 0.124548
17559.59961 0.124294
17559.84961 0.124041
17560.10938 0.123806
17560.35938 0.123595
17560.61914 0.123384
17560.86914 0.123174
17561.13086 0.122963
17561.38086 0.122752
17561.64062 0.122542
17561.89062 0.122331
17562.15039 0.122077
17562.40039 0.121794
17562.66016 0.121509
17562.91016 0.121224
17563.16992 0.120941
17563.41992 0.120656
17563.67969 0.120371
17563.92969 0.120089
17564.18945 0.119795
17564.44922 0.119498
17564.69922 0.119202
17564.96094 0.118907
17565.21094 0.118611
17565.47070 0.118314
17565.72070 0.11802
17565.98047 0.117723
17566.23047 0.117479
17566.49023 0.117242
17566.74023 0.117004
17567.00000 0.116765
17567.25000 0.116526
17567.50977 0.11629
17567.75977 0.116051
17568.01953 0.115805
17568.26953 0.11547
17568.52930 0.115132
17568.78906 0.114794
17569.03906 0.114457
17569.28906 0.114122
17569.55078 0.113784
17569.81055 0.113447
17570.06055 0.113124
17570.32031 0.112836
17570.57031 0.112549
17570.83008 0.112262
17571.08008 0.111976
17571.33984 0.111689
17571.58984 0.111402
17571.84961 0.111114
17572.09961 0.110862
17572.35938 0.110658
17572.61914 0.110453
17572.86914 0.110248
17573.11914 0.110044
17573.38086 0.109839
17573.64062 0.109634
17573.89062 0.10943
17574.15039 0.109234
17574.40039 0.109042
17574.66016 0.10885
17574.91016 0.108659
17575.16992 0.108468
17575.41992 0.108277
17575.67969 0.108085
17575.93945 0.107893
17576.18945 0.10762
17576.44922 0.107315
17576.69922 0.107011
17576.96094 0.106706
17577.21094 0.106402
17577.47070 0.106099
17577.72070 0.105795
17577.98047 0.10549
17578.23047 0.105239
17578.49023 0.104993
17578.74023 0.104749
17579.00000 0.104502
17579.25977 0.104256
17579.50977 0.10401
17579.76953 0.103763
17580.01953 0.10352
17580.27930 0.103288
17580.52930 0.103055
17580.78906 0.102823
17581.03906 0.10259
17581.30078 0.102359
17581.55078 0.102127
17581.81055 0.101894
17582.07031 0.101658
17582.32031 0.101414
17582.58008 0.101171
17582.83008 0.100927
17583.08984 0.100682
17583.33984 0.100438
17583.59961 0.100193
17583.85938 0.099949
17584.10938 0.099705
17584.36914 0.099457
17584.61914 0.099209
17584.88086 0.098961
17585.13086 0.098714
17585.39062 0.098466
17585.64062 0.09822
17585.90039 0.097972
17586.15039 0.097714
17586.41016 0.097449
17586.66992 0.097185
17586.91992 0.09692
17587.17969 0.096655
17587.42969 0.096393
17587.68945 0.096128
17587.93945 0.095863
17588.19922 0.095621
17588.46094 0.095386
17588.71094 0.095151
17588.97070 0.094916
17589.22070 0.094683
17589.48047 0.094448
17589.73047 0.094212
17589.99023 0.093977
17590.24023 0.093746
17590.50000 0.093515
17590.75977 0.093285
17591.00977 0.093054
17591.26953 0.092823
17591.51953 0.092594
17591.77930 0.092363
17592.02930 0.092133
17592.28906 0.091912
17592.53906 0.09169
17592.80078 0.091468
17593.06055 0.091247
17593.31055 0.091025
17593.57031 0.090803
17593.82031 0.090583
17594.08008 0.090362
17594.33008 0.090144
17594.58984 0.089926
17594.84961 0.089708
17595.09961 0.08949
17595.35938 0.089272
17595.60938 0.089054
17595.86914 0.088836
17596.13086 0.088611
17596.38086 0.088379
17596.64062 0.088148
17596.89062 0.087916
17597.15039 0.087686
17597.40039 0.087454
17597.66016 0.087223
17597.91016 0.086991
17598.16992 0.086782
17598.42969 0.086584
17598.67969 0.086387
17598.93945 0.08619
17599.18945 0.085992
17599.44922 0.085795
17599.71094 0.085597
17599.96094 0.0854
17600.22070 0.085169
17600.47070 0.084931
17600.73047 0.084693
17600.98047 0.084456
17601.24023 0.084218
17601.50000 0.083981
17601.75000 0.083743
17602.00977 0.083507
17602.25977 0.083257
17602.51953 0.083007
17602.76953 0.082756
