threeML/data/optical_filters/HST/NICMOS3-F187N.ecsv
# %ECSV 0.9
# ---
# datatype:
# - {name: wavelength, unit: Angstrom, datatype: float32}
# - {name: response, datatype: float32}
# meta: !!omap
# - {band_name: F187N}
# - {group_name: NICMOS3}
wavelength response
[from data line 766]
18677.15039 0.213395
18677.33008 0.213508
18677.51953 0.213621
18677.69922 0.213733
18677.89062 0.213846
18678.07031 0.213898
18678.25977 0.213858
18678.43945 0.213818
18678.63086 0.213778
18678.81055 0.213737
18679.00000 0.213697
18679.18945 0.213657
18679.36914 0.213617
18679.56055 0.213577
18679.74023 0.213537
18679.92969 0.213497
18680.10938 0.213474
18680.30078 0.213462
18680.48047 0.21345
18680.66992 0.213438
18680.84961 0.213426
18681.03906 0.213414
18681.22070 0.213402
18681.41016 0.21339
18681.59961 0.213378
18681.77930 0.213366
18681.97070 0.213354
18682.15039 0.213248
18682.33984 0.213122
18682.51953 0.212996
18682.71094 0.21287
18682.89062 0.212744
18683.08008 0.212617
18683.26953 0.212491
18683.44922 0.212365
18683.63086 0.21224
18683.82031 0.212114
18684.00977 0.211985
18684.18945 0.211769
18684.38086 0.211553
18684.56055 0.211337
18684.75000 0.21112
18684.92969 0.210904
18685.11914 0.210688
18685.30078 0.210472
18685.49023 0.210256
18685.67969 0.210039
18685.85938 0.209823
18686.05078 0.209598
18686.23047 0.209345
18686.41992 0.209092
18686.59961 0.20884
18686.78906 0.208587
18686.97070 0.208334
18687.16016 0.208082
18687.33984 0.207832
18687.52930 0.207579
18687.71094 0.207326
18687.90039 0.207073
18688.08984 0.206852
18688.26953 0.206668
18688.46094 0.206483
18688.64062 0.206299
18688.83008 0.206114
18689.00977 0.20593
18689.19922 0.205745
18689.38086 0.205561
18689.57031 0.205376
18689.75977 0.205192
18689.93945 0.205008
18690.13086 0.204737
18690.31055 0.204427
18690.50000 0.204117
18690.67969 0.203807
18690.86914 0.203497
18691.05078 0.203187
18691.24023 0.202877
18691.42969 0.202567
18691.60938 0.202257
18691.80078 0.201947
18691.98047 0.201637
18692.16992 0.201312
18692.34961 0.200986
18692.53906 0.200661
18692.72070 0.200335
18692.91016 0.200009
18693.09961 0.199683
18693.27930 0.199357
18693.47070 0.199031
18693.65039 0.198705
18693.83984 0.198379
18694.01953 0.198076
18694.21094 0.197927
18694.39062 0.197778
18694.58008 0.197629
18694.76953 0.19748
18694.94922 0.197331
18695.14062 0.197182
18695.32031 0.197033
18695.50977 0.196884
18695.68945 0.196735
18695.88086 0.196586
18696.06055 0.196422
18696.25000 0.196227
18696.43945 0.196033
18696.61914 0.195839
18696.81055 0.195644
18696.99023 0.19545
18697.17969 0.195256
18697.35938 0.195061
18697.55078 0.194867
18697.73047 0.194673
18697.91992 0.194478
18698.10938 0.194299
18698.28906 0.19413
18698.48047 0.193961
18698.66016 0.193792
18698.84961 0.193623
18699.02930 0.193454
18699.22070 0.193285
18699.40039 0.193116
18699.58984 0.192947
18699.77930 0.192778
18699.96094 0.192609
18700.15039 0.192436
18700.33008 0.192262
18700.51953 0.192088
18700.69922 0.191914
18700.89062 0.19174
18701.07031 0.191566
18701.25977 0.191391
18701.44922 0.191218
18701.63086 0.191043
18701.82031 0.190869
18702.00000 0.190695
18702.18945 0.190536
18702.36914 0.190377
18702.56055 0.190215
18702.75000 0.190056
18702.92969 0.189897
18703.11914 0.189737
18703.30078 0.189578
18703.49023 0.189418
18703.66992 0.189259
18703.85938 0.1891
18704.03906 0.188965
18704.23047 0.188908
18704.41992 0.18885
18704.59961 0.188793
18704.78906 0.188736
18704.97070 0.188678
18705.16016 0.188621
18705.33984 0.188564
18705.52930 0.188507
18705.71094 0.188449
18705.90039 0.188392
18706.08984 0.18832
18706.26953 0.188231
18706.46094 0.188141
18706.64062 0.188052
18706.83008 0.187963
18707.01953 0.187873
18707.19922 0.187784
18707.39062 0.187695
18707.57031 0.187606
18707.75977 0.187517
18707.93945 0.187428
18708.13086 0.187402
18708.31055 0.187405
18708.50000 0.187407
18708.68945 0.18741
18708.86914 0.187412
18709.06055 0.187415
18709.24023 0.187417
18709.42969 0.18742
18709.61914 0.187423
18709.80078 0.187425
18709.99023 0.187428
18710.16992 0.187464
18710.35938 0.187503
18710.53906 0.187543
18710.73047 0.187582
18710.91016 0.187621
18711.09961 0.187661
18711.28906 0.1877
18711.47070 0.18774
18711.66016 0.187779
18711.83984 0.187819
18712.02930 0.187877
18712.21094 0.188038
18712.40039 0.188198
18712.58984 0.188359
18712.76953 0.188519
18712.96094 0.18868
18713.14062 0.18884
18713.33008 0.189001
18713.50977 0.189161
18713.69922 0.189324
18713.89062 0.189484
18714.07031 0.189572
18714.25977 0.189548
18714.43945 0.189523
18714.63086 0.189499
18714.81055 0.189474
18715.00000 0.18945
18715.18945 0.189425
18715.36914 0.189401
18715.56055 0.189376
18715.74023 0.189351
18715.92969 0.189327
18716.11914 0.189347
18716.30078 0.189394
18716.49023 0.189442
18716.66992 0.189489
18716.85938 0.189536
18717.03906 0.189584
18717.23047 0.189632
18717.41992 0.189679
18717.59961 0.189726
18717.78906 0.189774
18717.97070 0.189821
18718.16016 0.189912
18718.33984 0.190011
18718.52930 0.190109
18718.71094 0.190208
18718.90039 0.190307
18719.08984 0.190406
18719.26953 0.190505
18719.46094 0.190603
18719.64062 0.190702
18719.83008 0.190801
18720.01953 0.190907
18720.19922 0.191104
18720.39062 0.191303
18720.57031 0.191499
18720.75977 0.191696
18720.94922 0.191893
18721.13086 0.192089
18721.32031 0.192286
18721.50000 0.192483
18721.68945 0.192681
18721.88086 0.192878
18722.06055 0.193029
18722.25000 0.193086
18722.42969 0.193143
18722.61914 0.1932
18722.80078 0.193257
18722.99023 0.193314
18723.17969 0.193372
18723.35938 0.193429
18723.55078 0.193486
18723.73047 0.193543
18723.91992 0.1936
18724.09961 0.193734
18724.28906 0.19393
18724.48047 0.194123
18724.66016 0.194317
18724.84961 0.194511
18725.02930 0.194705
18725.22070 0.194899
18725.40039 0.195093
18725.58984 0.195289
18725.77930 0.195483
18725.96094 0.195676
18726.15039 0.196056
18726.33008 0.196483
18726.51953 0.19691
18726.71094 0.197341
18726.89062 0.197768
18727.08008 0.198194
18727.25977 0.198621
18727.44922 0.199048
18727.63086 0.199474
18727.82031 0.199906
18728.00977 0.20032
18728.18945 0.200465
18728.38086 0.20061
18728.56055 0.200755
18728.75000 0.2009
18728.93945 0.201047
18729.11914 0.201192
18729.31055 0.201337
18729.49023 0.201482
18729.67969 0.201626
18729.86914 0.201771
18730.05078 0.201934
18730.24023 0.202133
18730.41992 0.202333
18730.60938 0.202533
18730.78906 0.202733
18730.98047 0.202932
18731.16992 0.203134
18731.34961 0.203334
18731.53906 0.203534
18731.72070 0.203734
18731.91016 0.203934
18732.09961 0.204134
18732.27930 0.204332
18732.47070 0.20453
18732.65039 0.204728
18732.83984 0.204926
18733.02930 0.205126
18733.21094 0.205324
18733.40039 0.205522
18733.58008 0.205719
18733.76953 0.205917
18733.96094 0.206117
18734.14062 0.206347
18734.33008 0.206585
18734.50977 0.206824
18734.69922 0.207063
18734.89062 0.207305
18735.07031 0.207543
18735.25977 0.207782
18735.43945 0.208021
18735.63086 0.20826
18735.82031 0.208501
18736.00000 0.208739
18736.18945 0.208892
18736.36914 0.209044
18736.56055 0.209197
18736.75000 0.209351
18736.92969 0.209504
18737.11914 0.209657
18737.30078 0.209809
18737.49023 0.209962
18737.67969 0.210116
18737.85938 0.210269
18738.05078 0.210442
18738.23047 0.210676
18738.41992 0.210913
18738.60938 0.211147
18738.78906 0.211381
18738.98047 0.211616
18739.16016 0.21185
18739.34961 0.212087
18739.53906 0.212321
18739.72070 0.212555
18739.91016 0.212789
18740.08984 0.212989
18740.27930 0.213149
18740.46094 0.213309
18740.65039 0.21347
18740.83984 0.213632
18741.01953 0.213792
18741.21094 0.213953
18741.39062 0.214113
18741.58008 0.214274
18741.76953 0.214436
18741.94922 0.214596
18742.14062 0.214725
18742.32031 0.214844
18742.50977 0.214964
18742.69922 0.215083
18742.88086 0.215201
18743.07031 0.21532
18743.25977 0.21544
18743.43945 0.215558
18743.63086 0.215677
18743.81055 0.215796
18744.00000 0.215915
18744.18945 0.216045
18744.36914 0.216175
18744.56055 0.216305
18744.74023 0.216436
18744.92969 0.216565
18745.11914 0.216695
18745.30078 0.216825
18745.49023 0.216956
18745.66992 0.217085
18745.85938 0.217215
18746.03906 0.217333
18746.23047 0.217413
18746.41992 0.217492
18746.59961 0.217572
18746.78906 0.217651
18746.98047 0.217732
18747.16016 0.217811
18747.34961 0.217891
18747.53906 0.217971
18747.72070 0.218051
18747.91016 0.21813
18748.08984 0.218281
18748.27930 0.218507
18748.46094 0.218731
18748.65039 0.218954
18748.83984 0.219178
18749.01953 0.219404
18749.21094 0.219628
18749.39062 0.219852
18749.58008 0.220078
18749.76953 0.220302
18749.94922 0.220525
18750.14062 0.220611
18750.33008 0.22065
18750.50977 0.220688
18750.69922 0.220727
18750.88086 0.220766
18751.07031 0.220804
18751.25977 0.220843
18751.43945 0.220882
18751.63086 0.220921
18751.81055 0.220959
18752.00000 0.220998
18752.18945 0.221082
18752.36914 0.221165
18752.56055 0.221248
18752.74023 0.221331
18752.92969 0.221415
18753.11914 0.221498
18753.30078 0.221581
18753.49023 0.221665
18753.67969 0.221748
18753.85938 0.221831
18754.05078 0.221902
18754.23047 0.221937
18754.41992 0.221971
18754.60938 0.222005
18754.78906 0.22204
18754.98047 0.222074
18755.16016 0.222108
18755.34961 0.222142
18755.53906 0.222177
18755.72070 0.222211
18755.91016 0.222246
18756.09961 0.222252
18756.27930 0.222231
18756.47070 0.222211
18756.65039 0.22219
18756.83984 0.22217
18757.02930 0.22215
18757.21094 0.222129
18757.40039 0.222109
18757.58008 0.222088
18757.76953 0.222068
18757.96094 0.222047
18758.14062 0.222048
18758.33008 0.222056
18758.51953 0.222063
18758.69922 0.222071
18758.89062 0.222079
18759.07031 0.222086
18759.25977 0.222094
18759.44922 0.222101
18759.63086 0.222109
18759.82031 0.222116
18760.00977 0.222123
18760.18945 0.22211
18760.38086 0.222097
18760.56055 0.222083
18760.75000 0.22207
18760.93945 0.222057
18761.11914 0.222043
18761.31055 0.22203
18761.49023 0.222017
18761.67969 0.222003
18761.86914 0.22199
18762.05078 0.221965
18762.24023 0.221909
18762.42969 0.221855
18762.60938 0.2218
18762.80078 0.221744
18762.98047 0.221689
18763.16992 0.221635
18763.35938 0.221579
18763.53906 0.221524
18763.73047 0.221469
18763.91992 0.221414
18764.09961 0.221352
18764.28906 0.221283
18764.47070 0.221214
18764.66016 0.221146
18764.84961 0.221077
18765.02930 0.221009
18765.22070 0.220941
18765.41016 0.220872
18765.58984 0.220803
18765.77930 0.220735
18765.96094 0.220666
18766.15039 0.220597
18766.33984 0.220528
18766.51953 0.220458
18766.71094 0.220388
18766.89062 0.220319
18767.08008 0.220249
18767.26953 0.22018
18767.46094 0.22011
18767.64062 0.220041
18767.83008 0.219971
18768.00977 0.219897
18768.19922 0.219775
18768.38086 0.219652
18768.57031 0.219527
18768.75977 0.219405
18768.94922 0.21928
18769.13086 0.219158
18769.32031 0.219034
18769.50000 0.21891
18769.68945 0.218787
18769.86914 0.218665
18770.06055 0.218546
18770.25000 0.21844
18770.43945 0.218333
18770.61914 0.218227
18770.81055 0.218121
18770.99023 0.218014
18771.17969 0.217908
18771.36914 0.217801
18771.55078 0.217695
18771.74023 0.217588
18771.92969 0.217481
18772.10938 0.217397
18772.30078 0.217327
18772.48047 0.217256
18772.66992 0.217186
18772.85938 0.217114
18773.03906 0.217044
18773.23047 0.216974
18773.41992 0.216903
18773.59961 0.216833
18773.78906 0.216762
18773.97070 0.216692
18774.16016 0.216597
18774.34961 0.216498
18774.52930 0.216399
18774.72070 0.2163
18774.91016 0.216201
18775.08984 0.216103
18775.27930 0.216003
18775.46094 0.215905
18775.65039 0.215805
18775.83984 0.215707
18776.02930 0.215616
18776.21094 0.215584
18776.40039 0.215552
18776.58008 0.21552
18776.76953 0.215488
18776.96094 0.215456
18777.14062 0.215424
18777.33008 0.215392
18777.51953 0.215359
18777.69922 0.215327
18777.89062 0.215295
18778.07031 0.215204
18778.25977 0.215023
18778.44922 0.214843
18778.63086 0.214664
18778.82031 0.214483
18779.00977 0.214304
18779.18945 0.214122
18779.38086 0.213943
18779.57031 0.213762
18779.75000 0.213582
18779.93945 0.213403
18780.13086 0.213254
18780.31055 0.213122
18780.50000 0.212989
18780.67969 0.212857
18780.86914 0.212724
18781.06055 0.212593
18781.24023 0.212461
18781.42969 0.212328
18781.61914 0.212196
18781.80078 0.212063
18781.99023 0.211931
18782.17969 0.2118
18782.35938 0.211671
18782.55078 0.21154
18782.73047 0.211411
18782.91992 0.211281
18783.10938 0.21115
18783.28906 0.211021
18783.48047 0.21089
18783.66992 0.21076
18783.84961 0.21063
18784.03906 0.21051
18784.23047 0.210427
18784.41016 0.210345
18784.59961 0.210263
18784.78906 0.210181
18784.97070 0.210099
18785.16016 0.210016
18785.33984 0.209934
18785.52930 0.209851
18785.72070 0.209769
18785.90039 0.209686
18786.08984 0.209591
18786.27930 0.20948
18786.46094 0.20937
18786.65039 0.209259
18786.83984 0.20915
18787.01953 0.209039
18787.21094 0.208929
18787.39062 0.20882
18787.58008 0.208709
18787.76953 0.208599
18787.96094 0.208489
18788.14062 0.20842
18788.33008 0.208365
18788.50977 0.20831
18788.69922 0.208255
18788.89062 0.2082
18789.07031 0.208144
18789.25977 0.208089
18789.44922 0.208034
18789.63086 0.207979
18789.82031 0.207923
18790.00977 0.207868
18790.18945 0.207796
18790.38086 0.207726
18790.57031 0.207654
18790.75000 0.207583
18790.93945 0.207512
18791.13086 0.207441
18791.31055 0.207369
18791.50000 0.207299
18791.68945 0.207227
18791.86914 0.207156
18792.06055 0.207079
18792.24023 0.206987
18792.42969 0.206896
18792.61914 0.206804
18792.80078 0.206713
18792.99023 0.206621
18793.17969 0.206529
18793.35938 0.206437
18793.55078 0.206346
18793.74023 0.206254
18793.91992 0.206163
18794.10938 0.206067
18794.28906 0.205971
18794.48047 0.205873
18794.66992 0.205776
18794.85938 0.205679
18795.03906 0.205581
18795.23047 0.205484
18795.41992 0.205387
18795.59961 0.20529
18795.78906 0.205192
18795.97070 0.205096
18796.16016 0.205115
18796.34961 0.205151
18796.53906 0.205189
18796.72070 0.205225
18796.91016 0.205262
18797.08984 0.205299
18797.27930 0.205337
18797.47070 0.205373
18797.65039 0.20541
18797.83984 0.205447
18798.02930 0.205478
18798.21094 0.205471
18798.40039 0.205464
18798.58984 0.205457
18798.76953 0.20545
18798.96094 0.205443
18799.15039 0.205435
18799.33008 0.205428
18799.51953 0.205421
18799.71094 0.205414
18799.89062 0.205407
18800.08008 0.205367
18800.26953 0.205284
18800.44922 0.2052
18800.64062 0.205118
18800.83008 0.205034
18801.00977 0.204951
18801.19922 0.204867
18801.38086 0.204784
18801.57031 0.204701
18801.75977 0.204618
18801.94922 0.204534
18802.13086 0.204494
18802.32031 0.204472
18802.50977 0.20445
18802.68945 0.204427
18802.88086 0.204405
18803.06055 0.204383
18803.25000 0.204361
18803.43945 0.204339
18803.61914 0.204316
18803.81055 0.204294
18804.00000 0.204272
18804.18945 0.204142
18804.36914 0.204013
18804.56055 0.203882
18804.74023 0.203753
18804.92969 0.203622
18805.11914 0.203493
18805.30078 0.203362
18805.49023 0.203233
18805.67969 0.203102
18805.86914 0.202971
18806.05078 0.202871
18806.24023 0.202846
18806.41992 0.202821
18806.60938 0.202797
18806.80078 0.202772
18806.98047 0.202748
18807.16992 0.202723
18807.35938 0.202699
18807.53906 0.202674
18807.73047 0.20265
18807.91992 0.202625
18808.09961 0.202586
18808.28906 0.202534
18808.48047 0.202482
18808.66016 0.20243
18808.84961 0.202378
18809.03906 0.202327
18809.22070 0.202274
18809.41016 0.202223
18809.59961 0.202171
18809.78906 0.202119
18809.97070 0.202067
18810.16016 0.20195
18810.33984 0.201822
18810.52930 0.201692
18810.72070 0.201563
18810.90039 0.201434
18811.08984 0.201305
18811.27930 0.201177
18811.46094 0.201047
18811.65039 0.200918
18811.83984 0.200789
18812.02930 0.200656
18812.21094 0.200502
18812.40039 0.200346
18812.58984 0.20019
18812.76953 0.200035
18812.96094 0.199879
18813.14062 0.199725
18813.33008 0.199569
18813.51953 0.199412
18813.71094 0.199258
18813.89062 0.199102
18814.08008 0.198958
18814.26953 0.198825
18814.44922 0.198693
18814.64062 0.198562
18814.83008 0.19843
18815.00977 0.198299
18815.19922 0.198167
18815.39062 0.198034
18815.57031 0.197904
18815.75977 0.197771
18815.94922 0.19764
18816.13086 0.197443
18816.32031 0.197219
18816.50977 0.196998
18816.68945 0.196774
18816.88086 0.19655
18817.07031 0.196329
18817.25000 0.196105
18817.43945 0.195884
18817.63086 0.19566
18817.81055 0.195436
18818.00000 0.195215
18818.18945 0.194919
18818.38086 0.194624
18818.56055 0.194332
18818.75000 0.194037
18818.92969 0.193744
18819.11914 0.193449
18819.31055 0.193154
