threeML/data/optical_filters/HST/NICMOS2-F187W.ecsv
# %ECSV 0.9
# ---
# datatype:
# - {name: wavelength, unit: Angstrom, datatype: float32}
# - {name: response, datatype: float32}
# meta: !!omap
# - {band_name: F187W}
# - {group_name: NICMOS2}
wavelength response
[from data line 2299]
18708.85938 0.227871
18709.66016 0.227141
18710.46094 0.227171
18711.25977 0.227771
18712.06055 0.228332
18712.85938 0.228396
18713.66016 0.228459
18714.46094 0.228602
18715.25977 0.228807
18716.05078 0.229022
18716.85938 0.229385
18717.66016 0.229748
18718.46094 0.229977
18719.25977 0.230105
18720.05078 0.230229
18720.85938 0.230302
18721.66016 0.230375
18722.46094 0.230394
18723.25977 0.230371
18724.06055 0.230337
18724.85938 0.230152
18725.66016 0.229966
18726.46094 0.229669
18727.25977 0.229288
18728.06055 0.228944
18728.85938 0.229097
18729.66016 0.229249
18730.46094 0.229131
18731.25977 0.228813
18732.06055 0.228533
18732.85938 0.22875
18733.66016 0.228967
18734.46094 0.22922
18735.25977 0.2295
18736.06055 0.229768
18736.85938 0.229889
18737.66016 0.230011
18738.46094 0.229953
18739.26953 0.229765
18740.07031 0.229639
18740.86914 0.230194
18741.66992 0.230749
18742.47070 0.230835
18743.26953 0.230588
18744.07031 0.230412
18744.86914 0.230967
18745.66992 0.231524
18746.47070 0.23143
18747.27930 0.230889
18748.08008 0.230424
18748.88086 0.230682
18749.67969 0.230941
18750.48047 0.231007
18751.27930 0.230945
18752.08008 0.230904
18752.88086 0.23105
18753.68945 0.231195
18754.49023 0.231237
18755.28906 0.231211
18756.08984 0.231189
18756.89062 0.231198
18757.68945 0.231206
18758.49023 0.231149
18759.30078 0.23105
18760.09961 0.230975
18760.90039 0.231064
18761.69922 0.231153
18762.50000 0.231305
18763.30078 0.231494
18764.10938 0.231661
18764.91016 0.231685
18765.71094 0.231709
18766.50977 0.231675
18767.31055 0.231609
18768.11914 0.231452
18768.91992 0.230765
18769.72070 0.230078
18770.51953 0.230074
18771.33008 0.230434
18772.13086 0.230775
18772.92969 0.231027
18773.73047 0.231279
18774.53906 0.231245
18775.33984 0.231068
18776.14062 0.23096
18776.93945 0.231178
18777.74023 0.231396
18778.55078 0.231325
18779.34961 0.231121
18780.15039 0.230969
18780.96094 0.231043
18781.75977 0.231116
18782.56055 0.231525
18783.35938 0.232079
18784.16992 0.232516
18784.97070 0.232506
18785.76953 0.232495
18786.57031 0.232381
18787.38086 0.232226
18788.17969 0.232064
18788.98047 0.231875
18789.78906 0.231686
18790.58984 0.231694
18791.39062 0.231774
18792.19922 0.231811
18793.00000 0.231714
18793.80078 0.231617
18794.59961 0.231839
18795.41016 0.232165
18796.21094 0.232382
18797.00977 0.232288
18797.82031 0.232194
18798.61914 0.232401
18799.41992 0.232696
18800.23047 0.232825
18801.02930 0.23253
18801.83008 0.232236
18802.64062 0.232053
18803.43945 0.231899
18804.24023 0.231873
18805.05078 0.232142
18805.84961 0.232409
18806.66016 0.232491
18807.46094 0.23253
18808.25977 0.23259
18809.07031 0.232694
18809.86914 0.232798
18810.66992 0.232531
18811.48047 0.232192
18812.27930 0.232053
18813.08984 0.23228
18813.89062 0.232508
18814.69922 0.232377
18815.50000 0.232189
18816.30078 0.232196
18817.10938 0.232527
18817.91016 0.232858
18818.71094 0.232994
18819.51953 0.233106
18820.32031 0.233093
18821.13086 0.232895
18821.92969 0.232697
18822.74023 0.232856
18823.53906 0.233048
18824.34961 0.233149
18825.15039 0.233128
18825.96094 0.233108
18826.75977 0.233105
18827.56055 0.233103
18828.36914 0.233114
18829.16992 0.23314
18829.98047 0.233167
18830.77930 0.233137
18831.58984 0.233106
18832.39062 0.233077
18833.19922 0.233052
18834.00000 0.233027
18834.81055 0.233099
18835.60938 0.233172
18836.41992 0.23296
18837.22070 0.232482
18838.02930 0.232018
18838.83008 0.231974
18839.64062 0.23193
18840.43945 0.23197
18841.25000 0.232078
18842.05078 0.232178
18842.85938 0.232142
18843.66016 0.232107
18844.47070 0.23219
18845.26953 0.232358
18846.08008 0.232542
18846.88086 0.232867
18847.68945 0.233192
18848.49023 0.233361
18849.30078 0.233432
18850.10938 0.23344
18850.91016 0.233027
18851.72070 0.232614
18852.51953 0.232641
18853.33008 0.232905
18854.13086 0.233142
18854.93945 0.233239
18855.75000 0.233337
18856.55078 0.233433
18857.35938 0.233528
18858.16016 0.233596
18858.97070 0.233558
18859.77930 0.23352
18860.58008 0.233288
18861.39062 0.232982
18862.18945 0.232762
18863.00000 0.232819
18863.80078 0.232876
18864.60938 0.233137
18865.41992 0.233462
18866.22070 0.233637
18867.02930 0.233419
18867.83984 0.233201
18868.64062 0.233014
18869.44922 0.232836
18870.25977 0.232704
18871.06055 0.232672
18871.86914 0.232639
18872.67969 0.232839
18873.48047 0.233084
18874.28906 0.233298
18875.09961 0.233456
18875.90039 0.233614
18876.71094 0.2336
18877.51953 0.233562
18878.32031 0.233505
18879.13086 0.23342
18879.93945 0.233335
18880.74023 0.233158
18881.55078 0.232974
18882.35938 0.232995
18883.16016 0.233275
18883.97070 0.233557
18884.77930 0.233484
18885.58008 0.233398
18886.39062 0.233352
18887.19922 0.233347
18888.00977 0.233344
18888.81055 0.233518
18889.61914 0.233692
18890.42969 0.233767
18891.23047 0.233755
18892.03906 0.233727
18892.84961 0.233411
18893.66016 0.233097
18894.46094 0.233087
18895.26953 0.233303
18896.08008 0.233474
18896.89062 0.233223
18897.68945 0.232973
18898.50000 0.232853
18899.31055 0.232815
18900.11914 0.232822
18900.92969 0.2331
18901.73047 0.233377
18902.53906 0.233486
18903.34961 0.233512
18904.16016 0.233542
18904.96094 0.233594
18905.76953 0.233645
18906.58008 0.23345
18907.39062 0.233158
18908.19922 0.232994
18909.00000 0.233232
18909.81055 0.233468
18910.61914 0.233406
18911.42969 0.233253
18912.24023 0.233054
18913.03906 0.232744
18913.84961 0.232434
18914.66016 0.232795
18915.47070 0.233305
18916.27930 0.233533
18917.08984 0.23322
18917.89062 0.232907
18918.69922 0.233115
18919.50977 0.233402
18920.32031 0.233492
18921.13086 0.233285
18921.93945 0.233077
18922.75000 0.233115
18923.55078 0.233173
18924.35938 0.233154
18925.16992 0.23304
18925.98047 0.232926
18926.78906 0.232871
18927.59961 0.232817
18928.41016 0.233
18929.22070 0.233414
18930.02930 0.233802
18930.83008 0.23341
18931.64062 0.233018
18932.44922 0.232706
18933.25977 0.232458
18934.07031 0.232267
18934.88086 0.232675
18935.68945 0.233083
18936.50000 0.233185
18937.31055 0.233097
18938.11914 0.233018
18938.92969 0.23299
18939.74023 0.232963
18940.53906 0.232936
18941.35938 0.232908
18942.16016 0.232896
18942.97070 0.232946
18943.77930 0.232995
18944.58984 0.232959
18945.40039 0.232891
18946.21094 0.232764
18947.01953 0.232471
18947.83008 0.232177
18948.64062 0.232343
18949.44922 0.23263
18950.25977 0.232828
18951.07031 0.23284
18951.88086 0.232852
18952.68945 0.232781
18953.50000 0.232695
18954.31055 0.232724
18955.11914 0.232939
18955.92969 0.233153
18956.74023 0.232962
18957.55078 0.232732
18958.35938 0.232605
18959.16992 0.232606
18959.98047 0.232606
18960.78906 0.232542
18961.59961 0.232477
18962.41016 0.232628
18963.22070 0.23299
18964.02930 0.233328
18964.83984 0.233122
18965.65039 0.232917
18966.46094 0.232691
18967.27930 0.232449
18968.08984 0.232266
18968.90039 0.232572
18969.71094 0.232879
18970.51953 0.232637
18971.33008 0.232085
18972.14062 0.231633
18972.94922 0.231661
18973.75977 0.23169
18974.57031 0.231818
18975.38086 0.231989
18976.18945 0.232155
18977.00000 0.232305
18977.82031 0.232456
18978.63086 0.232254
18979.43945 0.231947
18980.25000 0.231791
18981.06055 0.231978
18981.86914 0.232163
18982.67969 0.232049
18983.49023 0.231877
18984.30078 0.231719
18985.11914 0.231584
18985.92969 0.231448
18986.74023 0.231472
18987.55078 0.231512
18988.35938 0.231357
18989.16992 0.230958
18989.98047 0.23056
18990.80078 0.230908
18991.60938 0.231271
18992.41992 0.2314
18993.23047 0.231312
18994.03906 0.231217
18994.85938 0.231021
18995.66992 0.230826
18996.48047 0.230665
18997.28906 0.230529
18998.09961 0.230386
18998.91016 0.230192
18999.73047 0.229997
19000.53906 0.229847
19001.34961 0.229719
19002.16016 0.229627
19002.97070 0.229678
19003.78906 0.229729
19004.59961 0.23023
19005.41016 0.230894
19006.22070 0.231254
19007.03906 0.23081
19007.84961 0.230365
19008.66016 0.230107
19009.47070 0.229891
19010.28906 0.229718
19011.09961 0.229623
19011.91016 0.229527
19012.72070 0.230013
19013.53906 0.230571
19014.34961 0.230819
19015.16016 0.230652
19015.97070 0.230484
19016.78906 0.230662
19017.59961 0.230852
19018.41016 0.231009
19019.22070 0.231134
19020.03906 0.231237
19020.84961 0.230865
19021.66016 0.230494
19022.47070 0.230228
19023.28906 0.230037
19024.09961 0.229838
19024.91016 0.229585
19025.73047 0.229331
19026.53906 0.22919
19027.34961 0.229105
19028.16992 0.229006
19028.98047 0.22885
19029.78906 0.228694
19030.60938 0.228679
19031.41992 0.228711
19032.23047 0.228835
19033.03906 0.229191
19033.85938 0.229548
19034.66992 0.229439
19035.49023 0.229233
19036.30078 0.229069
19037.10938 0.228976
19037.92969 0.228884
19038.74023 0.229043
19039.55078 0.229228
19040.36914 0.229244
19041.17969 0.229054
19041.99023 0.228865
19042.81055 0.228903
19043.61914 0.228943
19044.43945 0.229005
19045.25000 0.229087
19046.06055 0.229138
19046.88086 0.228826
19047.68945 0.228516
19048.50977 0.228174
19049.32031 0.227813
19050.13086 0.227497
19050.94922 0.227406
19051.75977 0.227315
19052.58008 0.227364
19053.39062 0.227471
19054.21094 0.227565
19055.01953 0.227616
19055.83008 0.227668
19056.65039 0.22769
19057.46094 0.227705
19058.27930 0.227607
19059.08984 0.227287
19059.91016 0.226968
19060.72070 0.227062
19061.53906 0.227209
19062.34961 0.22727
19063.16016 0.227214
19063.98047 0.227159
19064.78906 0.226801
19065.60938 0.226434
19066.41992 0.226182
19067.24023 0.226035
19068.05078 0.225899
19068.86914 0.225918
19069.67969 0.225937
19070.50000 0.226147
19071.31055 0.226478
19072.13086 0.226731
19072.93945 0.226559
19073.75977 0.226387
19074.57031 0.226407
19075.39062 0.226508
19076.19922 0.226536
19077.01953 0.226346
19077.83008 0.226157
19078.65039 0.226253
19079.46094 0.226422
19080.27930 0.226428
19081.09961 0.22612
19081.91016 0.225813
19082.73047 0.225935
19083.53906 0.226109
19084.35938 0.226074
19085.16992 0.225769
19085.99023 0.225465
19086.80078 0.225444
19087.61914 0.225427
19088.43945 0.225407
19089.25000 0.225385
19090.07031 0.225339
19090.88086 0.225034
19091.69922 0.224728
19092.51953 0.224504
19093.33008 0.224329
19094.15039 0.224216
19094.96094 0.224392
19095.77930 0.224569
19096.59961 0.224507
19097.41016 0.224358
19098.23047 0.224272
19099.03906 0.224349
19099.85938 0.224427
19100.67969 0.224255
19101.49023 0.224033
19102.31055 0.223946
19103.11914 0.224083
19103.93945 0.22422
19104.75977 0.224015
19105.57031 0.223783
19106.39062 0.223564
19107.21094 0.223358
19108.01953 0.223158
19108.83984 0.223148
19109.66016 0.223138
19110.47070 0.223043
19111.28906 0.222887
19112.10938 0.222728
19112.91992 0.222551
19113.74023 0.222374
19114.56055 0.22265
19115.38086 0.223136
19116.18945 0.223387
19117.00977 0.222871
19117.83008 0.222354
19118.64062 0.222429
19119.46094 0.222663
19120.27930 0.222737
19121.08984 0.2225
19121.91016 0.222264
19122.73047 0.222512
19123.53906 0.22282
19124.35938 0.222977
19125.17969 0.222945
19126.00000 0.222913
19126.81055 0.221945
19127.63086 0.220972
19128.44922 0.220685
19129.26953 0.220957
19130.08008 0.221169
19130.90039 0.220852
19131.72070 0.220535
19132.53906 0.220402
19133.35938 0.220365
19134.16992 0.220368
19134.99023 0.22052
19135.81055 0.220672
19136.61914 0.220468
19137.43945 0.220154
19138.25977 0.219846
19139.08008 0.219551
19139.90039 0.219257
19140.71094 0.219095
19141.52930 0.218952
19142.34961 0.219103
19143.16992 0.219644
19143.99023 0.220186
19144.81055 0.219862
19145.61914 0.219526
19146.43945 0.219514
19147.25977 0.219779
19148.08008 0.219999
19148.90039 0.219779
19149.71094 0.219559
19150.52930 0.219613
19151.34961 0.219815
19152.16992 0.219828
19152.99023 0.219119
19153.81055 0.218411
19154.63086 0.218168
19155.44922 0.218069
19156.25977 0.218101
19157.08008 0.218405
19157.90039 0.218709
19158.72070 0.218215
19159.53906 0.217609
19160.35938 0.2173
19161.17969 0.217371
19161.99023 0.217443
19162.81055 0.217478
19163.63086 0.217512
19164.44922 0.217338
19165.26953 0.216994
19166.08984 0.216714
19166.91016 0.216955
19167.73047 0.217196
19168.55078 0.217137
19169.36914 0.216929
19170.18945 0.216779
19171.00000 0.216832
19171.82031 0.216884
19172.64062 0.216557
19173.46094 0.216125
19174.27930 0.215822
19175.09961 0.21576
19175.91992 0.215698
19176.74023 0.21566
19177.56055 0.215623
19178.38086 0.215586
19179.19922 0.215549
19180.01953 0.215518
19180.83984 0.215743
19181.66016 0.215969
19182.48047 0.216046
19183.30078 0.216017
19184.11914 0.215941
19184.93945 0.215585
19185.75977 0.215229
19186.58008 0.215059
19187.40039 0.214967
19188.22070 0.214792
19189.03906 0.214385
19189.85938 0.213977
19190.67969 0.21413
19191.50000 0.214399
19192.32031 0.214363
19193.14062 0.213842
19193.96094 0.213321
19194.77930 0.213554
19195.59961 0.213827
19196.41992 0.213649
19197.24023 0.213042
19198.06055 0.212479
19198.88086 0.212472
19199.69922 0.212465
19200.51953 0.212409
19201.33984 0.212324
19202.16016 0.212157
19202.98047 0.211656
19203.80078 0.211153
19204.63086 0.210778
19205.44922 0.210442
19206.26953 0.210299
19207.08984 0.210559
19207.91016 0.21082
19208.73047 0.210567
19209.55078 0.210249
19210.36914 0.21025
19211.18945 0.210638
19212.00977 0.211019
19212.83008 0.210931
19213.65039 0.210844
19214.48047 0.210765
19215.30078 0.210694
19216.11914 0.210613
19216.93945 0.210477
19217.75977 0.210341
19218.58008 0.210253
19219.40039 0.210186
19220.22070 0.210053
19221.03906 0.209747
19221.86914 0.209441
19222.68945 0.209284
19223.50977 0.209157
19224.33008 0.209077
19225.15039 0.209068
19225.97070 0.20906
19226.80078 0.209109
19227.61914 0.20916
19228.43945 0.209242
19229.25977 0.20935
19230.08008 0.209411
19230.91016 0.209054
19231.73047 0.208698
19232.55078 0.20854
19233.36914 0.208481
19234.18945 0.208419
19235.01953 0.208344
19235.83984 0.20827
19236.66016 0.207665
19237.48047 0.206926
19238.30078 0.206501
19239.11914 0.206614
19239.94922 0.206727
19240.76953 0.206771
19241.58984 0.20681
19242.41016 0.206703
19243.24023 0.206453
19244.06055 0.206206
19244.88086 0.206002
19245.71094 0.205797
19246.52930 0.205873
19247.34961 0.206105
19248.16992 0.20627
19248.99023 0.20618
19249.82031 0.206091
19250.64062 0.205994
19251.46094 0.205895
19252.28906 0.205704
19253.10938 0.205341
19253.92969 0.204977
19254.75000 0.205086
19255.58008 0.205238
19256.40039 0.205197
19257.22070 0.204949
19258.03906 0.204706
19258.86914 0.204552
19259.68945 0.204397
19260.50977 0.204175
19261.33984 0.203911
19262.16016 0.203718
19262.98047 0.203816
19263.81055 0.203913
19264.63086 0.203778
19265.44922 0.203571
19266.27930 0.203509
19267.09961 0.20373
19267.91992 0.203951
19268.75000 0.203655
19269.57031 0.203306
19270.39062 0.203053
19271.22070 0.202906
19272.03906 0.202758
19272.86914 0.202577
19273.68945 0.202398
19274.50977 0.202316
19275.33984 0.202296
19276.16016 0.202236
19276.98047 0.202013
19277.81055 0.201789
19278.63086 0.201798
19279.46094 0.201877
19280.27930 0.201895
19281.09961 0.201792
19281.92969 0.20169
19282.75000 0.201539
19283.57031 0.201383
19284.40039 0.201095
19285.22070 0.200667
19286.05078 0.200276
19286.86914 0.200483
19287.69922 0.200691
19288.51953 0.200547
19289.33984 0.200196
19290.16992 0.199889
19290.99023 0.199751
19291.82031 0.199614
19292.64062 0.199707
19293.47070 0.199865
19294.28906 0.19996
19295.11914 0.199939
19295.93945 0.199917
19296.76953 0.199529
19297.58984 0.199112
19298.41016 0.198782
19299.24023 0.19854
19300.06055 0.198315
19300.89062 0.198309
19301.71094 0.198303
19302.53906 0.198215
19303.35938 0.198085
19304.18945 0.19799
19305.00977 0.198012
19305.83984 0.198034
19306.66016 0.198063
19307.49023 0.198094
19308.31055 0.197915
19309.14062 0.197397
19309.96094 0.196878
19310.78906 0.196555
19311.61914 0.19624
19312.43945 0.196219
19313.26953 0.196454
19314.08984 0.196651
19314.91992 0.196544
19315.74023 0.196436
19316.57031 0.196254
19317.39062 0.196037
19318.22070 0.195965
19319.03906 0.196298
19319.86914 0.196631
19320.69922 0.196168
19321.51953 0.195556
19322.34961 0.195208
19323.16992 0.195229
19324.00000 0.19525
19324.82031 0.19508
19325.65039 0.19491
19326.47070 0.194843
19327.30078 0.194854
19328.13086 0.194853
19328.94922 0.194781
19329.77930 0.19471
