threeML/data/optical_filters/HST/NICMOS1-F166N.ecsv
# %ECSV 0.9
# ---
# datatype:
# - {name: wavelength, unit: Angstrom, datatype: float32}
# - {name: response, datatype: float32}
# meta: !!omap
# - {band_name: F166N}
# - {group_name: NICMOS1}
wavelength response
[from data line 766]
16523.32031 0.115027
16523.49023 0.115787
16523.65039 0.116557
16523.82031 0.117317
16523.98047 0.118077
16524.15039 0.11893
16524.31055 0.119782
16524.48047 0.120635
16524.64062 0.121497
16524.81055 0.122349
16524.97070 0.123202
16525.14062 0.124065
16525.30078 0.124917
16525.47070 0.12578
16525.63086 0.126633
16525.78906 0.127485
16525.96094 0.128348
16526.11914 0.129102
16526.28906 0.129825
16526.46094 0.130556
16526.61914 0.131279
16526.78906 0.13201
16526.94922 0.132733
16527.10938 0.133456
16527.27930 0.134187
16527.43945 0.13491
16527.60938 0.135633
16527.76953 0.136365
16527.93945 0.137088
16528.09961 0.137836
16528.26953 0.138584
16528.42969 0.139333
16528.59961 0.14009
16528.75977 0.140839
16528.92969 0.141596
16529.08984 0.142345
16529.25977 0.143094
16529.41992 0.143851
16529.58984 0.1446
16529.75000 0.145358
16529.91992 0.146106
16530.08008 0.146833
16530.25000 0.147545
16530.41016 0.148249
16530.58008 0.148961
16530.74023 0.149664
16530.90039 0.150368
16531.07031 0.15108
16531.23047 0.151784
16531.40039 0.152496
16531.56055 0.1532
16531.73047 0.153903
16531.89062 0.154616
16532.06055 0.155304
16532.22070 0.155972
16532.39062 0.156631
16532.55078 0.157291
16532.72070 0.157959
16532.88086 0.158619
16533.05078 0.159287
16533.21094 0.159947
16533.38086 0.160607
16533.53906 0.161274
16533.71094 0.161935
16533.86914 0.162603
16534.03906 0.163258
16534.19922 0.163906
16534.36914 0.164547
16534.52930 0.165187
16534.69922 0.165835
16534.85938 0.166476
16535.02930 0.167124
16535.18945 0.167765
16535.35938 0.168405
16535.51953 0.169054
16535.68945 0.169694
16535.84961 0.170343
16536.01953 0.170967
16536.17969 0.171442
16536.34961 0.171912
16536.50977 0.172382
16536.67969 0.172857
16536.83984 0.173326
16537.00977 0.173802
16537.16992 0.174271
16537.33984 0.174747
16537.50000 0.175216
16537.66016 0.175686
16537.83008 0.176162
16537.99023 0.176631
16538.16016 0.177097
16538.32031 0.177556
16538.49023 0.178021
16538.65039 0.17848
16538.82031 0.178945
16538.98047 0.179404
16539.15039 0.179864
16539.31055 0.180329
16539.48047 0.180788
16539.64062 0.181253
16539.81055 0.181713
16539.97070 0.182178
16540.14062 0.182514
16540.30078 0.182831
16540.47070 0.183144
16540.63086 0.183458
16540.80078 0.183775
16540.96094 0.184088
16541.13086 0.184405
16541.28906 0.184719
16541.46094 0.185036
16541.61914 0.18535
16541.78906 0.185667
16541.94922 0.18598
16542.11914 0.186262
16542.27930 0.186526
16542.44922 0.18679
16542.60938 0.187057
16542.77930 0.187321
16542.93945 0.187588
16543.10938 0.187852
16543.26953 0.188119
16543.43945 0.188384
16543.59961 0.188651
16543.76953 0.188915
16543.92969 0.189182
16544.09961 0.189384
16544.25977 0.189544
16544.42969 0.189703
16544.58984 0.189862
16544.75977 0.190022
16544.91992 0.190181
16545.08984 0.190342
16545.25000 0.190501
16545.41992 0.190661
16545.58008 0.19082
16545.75000 0.190981
16545.91016 0.19114
16546.08008 0.191272
16546.24023 0.191372
16546.41016 0.191473
16546.57031 0.191573
16546.74023 0.191674
16546.90039 0.191774
16547.07031 0.191875
16547.23047 0.191974
16547.40039 0.192075
16547.56055 0.192175
16547.73047 0.192276
16547.89062 0.192376
16548.06055 0.192451
16548.22070 0.192476
16548.39062 0.192502
16548.55078 0.192528
16548.72070 0.192554
16548.88086 0.192579
16549.05078 0.192605
16549.21094 0.192631
16549.38086 0.192657
16549.53906 0.192683
16549.71094 0.192708
16549.86914 0.192734
16550.03906 0.192751
16550.19922 0.192737
16550.36914 0.192724
16550.52930 0.19271
16550.69922 0.192697
16550.85938 0.192683
16551.02930 0.19267
16551.18945 0.192656
16551.35938 0.192642
16551.51953 0.192629
16551.68945 0.192615
16551.84961 0.192602
16552.01953 0.192587
16552.17969 0.192563
16552.34961 0.192539
16552.50977 0.192516
16552.67969 0.192492
16552.83984 0.192469
16553.00977 0.192445
16553.16992 0.192421
16553.33984 0.192397
16553.50000 0.192374
16553.66992 0.19235
16553.83008 0.192327
16554.00000 0.192303
16554.16016 0.192208
16554.33008 0.192111
16554.49023 0.192016
16554.66016 0.191919
16554.82031 0.191824
16554.99023 0.191728
16555.15039 0.191633
16555.32031 0.191536
16555.48047 0.191441
16555.65039 0.191345
16555.81055 0.191249
16555.98047 0.191153
16556.14062 0.191057
16556.31055 0.19096
16556.48047 0.190863
16556.64062 0.190767
16556.81055 0.19067
16556.97070 0.190575
16557.14062 0.190477
16557.30078 0.190382
16557.47070 0.190285
16557.63086 0.190189
16557.80078 0.190092
16557.96094 0.189996
16558.13086 0.18991
16558.28906 0.189828
16558.46094 0.189746
16558.61914 0.189663
16558.78906 0.189581
16558.94922 0.189499
16559.11914 0.189417
16559.27930 0.189335
16559.44922 0.189253
16559.60938 0.18917
16559.77930 0.189089
16559.93945 0.189006
16560.10938 0.188899
16560.26953 0.188777
16560.43945 0.188655
16560.59961 0.188534
16560.76953 0.188412
16560.92969 0.188291
16561.09961 0.188169
16561.25977 0.188048
16561.42969 0.187926
16561.58984 0.187805
16561.75977 0.187683
16561.92969 0.187561
16562.08984 0.187457
16562.25977 0.187368
16562.41992 0.187279
16562.58984 0.18719
16562.75000 0.187101
16562.91992 0.187012
16563.08008 0.186923
16563.25000 0.186833
16563.41016 0.186744
16563.58008 0.186655
16563.74023 0.186565
16563.91016 0.186477
16564.07031 0.186383
16564.24023 0.186283
16564.40039 0.186182
16564.57031 0.186082
16564.73047 0.185982
16564.90039 0.185881
16565.06055 0.185782
16565.23047 0.185681
16565.39062 0.185582
16565.56055 0.185481
16565.72070 0.18538
16565.89062 0.18528
16566.05078 0.185194
16566.22070 0.185136
16566.38086 0.185077
16566.55078 0.18502
16566.71094 0.184961
16566.88086 0.184903
16567.03906 0.184845
16567.21094 0.184786
16567.36914 0.184729
16567.53906 0.18467
16567.71094 0.184612
16567.86914 0.184554
16568.03906 0.184491
16568.19922 0.184415
16568.36914 0.184337
16568.52930 0.18426
16568.69922 0.184183
16568.85938 0.184106
16569.02930 0.184029
16569.18945 0.183952
16569.35938 0.183874
16569.51953 0.183798
16569.68945 0.18372
16569.84961 0.183644
16570.01953 0.183567
16570.18945 0.183496
16570.34961 0.183426
16570.51953 0.183355
16570.67969 0.183285
16570.84961 0.183215
16571.00977 0.183144
16571.17969 0.183074
16571.33984 0.183003
16571.50977 0.182933
16571.66992 0.182862
16571.83984 0.182791
16572.00000 0.182722
16572.16992 0.182686
16572.33008 0.182651
16572.50000 0.182615
16572.66016 0.18258
16572.83008 0.182545
16572.99023 0.182509
16573.16016 0.182474
16573.32031 0.182438
16573.49023 0.182403
16573.65039 0.182367
16573.82031 0.182332
16573.99023 0.182296
16574.15039 0.182267
16574.32031 0.182237
16574.48047 0.182208
16574.65039 0.182178
16574.81055 0.182148
16574.98047 0.182119
16575.14062 0.18209
16575.31055 0.18206
16575.47070 0.182031
16575.64062 0.182001
16575.80078 0.181972
16575.97070 0.181942
16576.13086 0.181945
16576.30078 0.181954
16576.46094 0.181964
16576.63086 0.181974
16576.78906 0.181984
16576.96094 0.181994
16577.13086 0.182003
16577.28906 0.182013
16577.46094 0.182023
16577.61914 0.182033
16577.78906 0.182042
16577.94922 0.182052
16578.11914 0.182059
16578.27930 0.182065
16578.44922 0.18207
16578.60938 0.182076
16578.77930 0.182082
16578.94922 0.182088
16579.10938 0.182093
16579.27930 0.182099
16579.43945 0.182105
16579.60938 0.182111
16579.76953 0.182116
16579.93945 0.182122
16580.09961 0.182123
16580.26953 0.182122
16580.42969 0.18212
16580.59961 0.182118
16580.75977 0.182117
16580.92969 0.182115
16581.08984 0.182114
16581.25977 0.182112
16581.41992 0.182111
16581.58984 0.182109
16581.75977 0.182107
16581.91992 0.182106
16582.08984 0.182122
16582.25000 0.182155
16582.41992 0.182188
16582.58008 0.182222
16582.75000 0.182255
16582.91016 0.182288
16583.08008 0.182321
16583.24023 0.182355
16583.41016 0.182388
16583.57031 0.182421
16583.74023 0.182455
16583.90039 0.182488
16584.07031 0.182542
16584.24023 0.182625
16584.40039 0.182706
16584.57031 0.182789
16584.73047 0.182872
16584.90039 0.182954
16585.06055 0.183037
16585.23047 0.183119
16585.39062 0.183201
16585.56055 0.183284
16585.72070 0.183367
16585.89062 0.183449
16586.05078 0.183514
16586.22070 0.183545
16586.38086 0.183575
16586.55078 0.183606
16586.72070 0.183637
16586.88086 0.183668
16587.05078 0.183698
16587.21094 0.183729
16587.38086 0.183759
16587.53906 0.18379
16587.71094 0.183821
16587.88086 0.183851
16588.03906 0.183889
16588.21094 0.183948
16588.36914 0.184007
16588.53906 0.184065
16588.69922 0.184124
16588.86914 0.184183
16589.02930 0.184242
16589.19922 0.184301
16589.35938 0.18436
16589.52930 0.184419
16589.68945 0.184477
16589.85938 0.184537
16590.02930 0.1846
16590.18945 0.184683
16590.35938 0.184767
16590.51953 0.184851
16590.68945 0.184935
16590.84961 0.185018
16591.01953 0.185102
16591.17969 0.185186
16591.34961 0.185269
16591.50977 0.185353
16591.67969 0.185438
16591.83984 0.185521
16592.00977 0.185605
16592.17969 0.185693
16592.33984 0.185781
16592.50977 0.185868
16592.66992 0.185956
16592.83984 0.186044
16593.00000 0.186131
16593.16992 0.186219
16593.33008 0.186307
16593.50000 0.186395
16593.66016 0.186482
16593.83008 0.18657
16594.00000 0.186658
16594.16016 0.186745
16594.33008 0.186832
16594.49023 0.186919
16594.66016 0.187007
16594.82031 0.187093
16594.99023 0.18718
16595.15039 0.187268
16595.32031 0.187355
16595.48047 0.187442
16595.65039 0.187529
16595.82031 0.187617
16595.98047 0.187704
16596.15039 0.187798
16596.31055 0.187893
16596.48047 0.187988
16596.64062 0.188082
16596.81055 0.188177
16596.97070 0.188272
16597.14062 0.188367
16597.30078 0.188461
16597.47070 0.188556
16597.64062 0.188652
16597.80078 0.188747
16597.97070 0.188841
16598.13086 0.188923
16598.30078 0.189003
16598.46094 0.189082
16598.63086 0.189161
16598.78906 0.189241
16598.96094 0.18932
16599.13086 0.189399
16599.28906 0.189478
16599.46094 0.189558
16599.61914 0.189637
16599.78906 0.189717
16599.94922 0.189795
16600.11914 0.189902
16600.28906 0.19002
16600.44922 0.190138
16600.61914 0.190255
16600.77930 0.190373
16600.94922 0.190491
16601.10938 0.190609
16601.27930 0.190726
16601.43945 0.190844
16601.60938 0.190962
16601.77930 0.19108
16601.93945 0.191197
16602.10938 0.191287
16602.26953 0.191361
16602.43945 0.191434
16602.59961 0.191508
16602.76953 0.19158
16602.92969 0.191654
16603.09961 0.191728
16603.26953 0.191802
16603.42969 0.191874
16603.59961 0.191948
16603.75977 0.192022
16603.92969 0.192095
16604.08984 0.192175
16604.25977 0.192262
16604.41992 0.192349
16604.58984 0.192436
16604.75977 0.192523
16604.91992 0.192609
16605.08984 0.192695
16605.25000 0.192782
16605.41992 0.192869
16605.58008 0.192955
16605.75000 0.193042
16605.91016 0.193129
16606.08008 0.193222
16606.25000 0.193321
16606.41016 0.19342
16606.58008 0.193519
16606.74023 0.193619
16606.91016 0.193718
16607.07031 0.193818
16607.24023 0.193916
16607.40039 0.194015
16607.57031 0.194115
16607.74023 0.194214
16607.90039 0.194312
16608.07031 0.194394
16608.23047 0.194448
16608.40039 0.194503
16608.56055 0.194558
16608.73047 0.194612
16608.89062 0.194666
16609.06055 0.194721
16609.23047 0.194775
16609.39062 0.19483
16609.56055 0.194884
16609.72070 0.194938
16609.89062 0.194993
16610.05078 0.19505
16610.22070 0.195114
16610.38086 0.195176
16610.55078 0.195239
16610.72070 0.195302
16610.88086 0.195365
16611.05078 0.195429
16611.21094 0.195492
16611.38086 0.195554
16611.53906 0.195617
16611.71094 0.195681
16611.88086 0.195744
16612.03906 0.195808
16612.21094 0.195876
16612.36914 0.195944
16612.53906 0.196012
16612.71094 0.19608
16612.86914 0.196148
16613.03906 0.196215
16613.19922 0.196283
16613.36914 0.196352
16613.52930 0.19642
16613.69922 0.196488
16613.86914 0.196556
16614.02930 0.196623
16614.19922 0.19669
16614.35938 0.196758
16614.52930 0.196825
16614.68945 0.196892
16614.85938 0.19696
16615.01953 0.197026
16615.18945 0.197093
16615.35938 0.197161
16615.51953 0.197228
16615.68945 0.197295
16615.84961 0.197363
16616.01953 0.197424
16616.17969 0.197441
16616.34961 0.197459
16616.51953 0.197476
16616.67969 0.197494
16616.84961 0.197511
16617.00977 0.197528
16617.17969 0.197546
16617.33984 0.197564
16617.50977 0.197581
16617.67969 0.197598
16617.83984 0.197616
16618.00977 0.197633
16618.16992 0.197652
16618.33984 0.19767
16618.50000 0.197689
16618.66992 0.197708
16618.83984 0.197726
16619.00000 0.197745
16619.16992 0.197763
16619.33008 0.197781
16619.50000 0.1978
16619.66016 0.197819
16619.83008 0.197837
16620.00000 0.197856
16620.16016 0.197886
16620.33008 0.197916
16620.49023 0.197946
16620.66016 0.197977
16620.82031 0.198007
16620.99023 0.198037
16621.16016 0.198068
16621.32031 0.198098
16621.49023 0.198128
16621.65039 0.198158
16621.82031 0.198189
16621.98047 0.198219
16622.15039 0.198223
16622.32031 0.198224
16622.48047 0.198225
16622.65039 0.198226
16622.81055 0.198227
16622.98047 0.198228
16623.14062 0.198229
16623.31055 0.19823
16623.48047 0.198231
16623.64062 0.198232
16623.81055 0.198233
16623.97070 0.198234
16624.14062 0.198232
16624.30078 0.19823
16624.47070 0.198227
16624.64062 0.198225
16624.80078 0.198223
16624.97070 0.198221
16625.13086 0.198218
16625.30078 0.198216
16625.46094 0.198214
16625.63086 0.198212
16625.80078 0.198209
16625.96094 0.198207
16626.13086 0.198185
16626.28906 0.198158
16626.46094 0.198131
16626.63086 0.198103
16626.78906 0.198076
16626.96094 0.198049
16627.11914 0.198021
16627.28906 0.197994
16627.46094 0.197967
16627.61914 0.197939
16627.78906 0.197912
16627.94922 0.197885
16628.11914 0.197855
16628.28906 0.197825
16628.44922 0.197795
16628.61914 0.197765
16628.77930 0.197735
16628.94922 0.197704
16629.10938 0.197674
16629.27930 0.197644
16629.44922 0.197614
16629.60938 0.197583
16629.77930 0.197553
16629.93945 0.197523
16630.10938 0.197477
16630.26953 0.197422
16630.43945 0.197368
16630.60938 0.197313
16630.76953 0.197258
16630.93945 0.197204
16631.09961 0.197149
16631.26953 0.197094
16631.43945 0.19704
16631.59961 0.196985
16631.76953 0.19693
16631.92969 0.196876
16632.09961 0.19682
16632.25977 0.196763
16632.42969 0.196706
16632.59961 0.196648
16632.75977 0.196591
16632.92969 0.196534
16633.08984 0.196477
16633.25977 0.19642
16633.42969 0.196362
16633.58984 0.196305
16633.75977 0.196248
16633.91992 0.196191
16634.08984 0.196129
16634.25000 0.196062
16634.41992 0.195994
16634.58984 0.195927
16634.75000 0.19586
16634.91992 0.195792
16635.08008 0.195725
16635.25000 0.195658
16635.41992 0.19559
16635.58008 0.195523
16635.75000 0.195456
16635.91016 0.195388
16636.08008 0.195308
16636.25000 0.195215
16636.41016 0.195122
16636.58008 0.195029
16636.74023 0.194936
16636.91016 0.194842
16637.07031 0.194749
16637.24023 0.194655
16637.41016 0.194562
16637.57031 0.194468
16637.74023 0.194375
16637.90039 0.194281
16638.07031 0.194193
16638.24023 0.194112
16638.40039 0.194031
16638.57031 0.193951
16638.73047 0.19387
16638.90039 0.193789
16639.07031 0.193708
16639.23047 0.193627
16639.40039 0.193546
16639.56055 0.193466
16639.73047 0.193385
16639.89062 0.193304
16640.06055 0.193208
16640.23047 0.193087
16640.39062 0.192966
16640.56055 0.192845
16640.72070 0.192724
16640.89062 0.192603
16641.06055 0.192483
16641.22070 0.192361
16641.39062 0.192241
16641.55078 0.19212
16641.72070 0.191998
16641.89062 0.191878
16642.05078 0.191767
16642.22070 0.191677
16642.38086 0.191587
16642.55078 0.191497
16642.72070 0.191407
16642.88086 0.191317
16643.05078 0.191227
16643.21094 0.191137
16643.38086 0.191047
16643.55078 0.190957
16643.71094 0.190867
16643.88086 0.190777
16644.03906 0.190683
16644.21094 0.190576
16644.38086 0.19047
16644.53906 0.190363
16644.71094 0.190256
16644.86914 0.19015
16645.03906 0.190044
16645.21094 0.189938
16645.36914 0.189831
16645.53906 0.189724
16645.69922 0.189617
16645.86914 0.189511
16646.03906 0.189391
16646.19922 0.189221
16646.36914 0.189052
16646.52930 0.188883
16646.69922 0.188713
16646.86914 0.188544
16647.02930 0.188374
16647.19922 0.188205
16647.35938 0.188035
16647.52930 0.187866
16647.69922 0.187696
16647.85938 0.187527
16648.02930 0.187366
16648.18945 0.187247
16648.35938 0.187128
16648.52930 0.187009
16648.68945 0.18689
16648.85938 0.186772
16649.01953 0.186653
16649.18945 0.186534
16649.35938 0.186415
16649.51953 0.186296
16649.68945 0.186177
