threeML/data/optical_filters/HST/NICMOS1-F097N.ecsv
# %ECSV 0.9
# ---
# datatype:
# - {name: wavelength, unit: Angstrom, datatype: float32}
# - {name: response, datatype: float32}
# meta: !!omap
# - {band_name: F097N}
# - {group_name: NICMOS1}
wavelength response
[from data line 809]
9672.34082 0.050963
9672.44238 0.051201
9672.54492 0.051441
9672.64746 0.051682
9672.74902 0.05192
9672.85156 0.052161
9672.95312 0.052399
9673.05566 0.05264
9673.15820 0.05288
9673.25977 0.053119
9673.36230 0.053359
9673.46387 0.053598
9673.56641 0.053838
9673.66895 0.054079
9673.77148 0.054318
9673.87305 0.054558
9673.97461 0.054797
9674.07715 0.054995
9674.17969 0.055179
9674.28125 0.055362
9674.38379 0.055546
9674.48535 0.055728
9674.58789 0.055912
9674.69043 0.056097
9674.79199 0.056279
9674.89453 0.056463
9674.99609 0.056646
9675.09863 0.05683
9675.20117 0.057015
9675.30273 0.057197
9675.40527 0.057381
9675.50781 0.057566
9675.60938 0.057748
9675.71191 0.057933
9675.81348 0.058115
9675.91602 0.0583
9676.01855 0.058479
9676.12012 0.058637
9676.22266 0.058796
9676.32520 0.058955
9676.42676 0.059113
9676.52930 0.059272
9676.63086 0.05943
9676.73340 0.059589
9676.83594 0.059748
9676.93652 0.059906
9677.04004 0.060065
9677.14258 0.060224
9677.24414 0.060382
9677.34668 0.060541
9677.44922 0.0607
9677.55078 0.060858
9677.65332 0.061017
9677.75488 0.061175
9677.85742 0.061334
9677.95996 0.061493
9678.06152 0.061608
9678.16406 0.061695
9678.26660 0.061782
9678.36816 0.061868
9678.47070 0.061955
9678.57324 0.062042
9678.67480 0.062129
9678.77734 0.062216
9678.87988 0.062303
9678.98145 0.062389
9679.08398 0.062476
9679.18652 0.062563
9679.28809 0.06265
9679.39062 0.062737
9679.49316 0.062824
9679.59473 0.06291
9679.69727 0.062997
9679.79980 0.063085
9679.90137 0.063171
9680.00391 0.063257
9680.10645 0.063328
9680.20801 0.063399
9680.31055 0.063469
9680.41309 0.06354
9680.51465 0.063611
9680.61719 0.063681
9680.71973 0.063752
9680.82129 0.063823
9680.92383 0.063893
9681.02637 0.063964
9681.12793 0.064035
9681.23047 0.064105
9681.33301 0.064176
9681.43457 0.064247
9681.53711 0.064318
9681.63965 0.064389
9681.74121 0.064459
9681.84375 0.06453
9681.94629 0.064601
9682.04785 0.064645
9682.15039 0.064661
9682.25293 0.064677
9682.35547 0.064693
9682.45703 0.064709
9682.55957 0.064724
9682.66211 0.06474
9682.76367 0.064756
9682.86621 0.064772
9682.96875 0.064788
9683.07031 0.064803
9683.17285 0.064819
9683.27539 0.064835
9683.37793 0.064851
9683.47852 0.064867
9683.58203 0.064883
9683.68457 0.064899
9683.78613 0.064914
9683.88867 0.06493
9683.99121 0.064946
9684.09277 0.064938
9684.19531 0.064928
9684.29785 0.064919
9684.40039 0.064909
9684.50195 0.064899
9684.60352 0.064889
9684.70703 0.064879
9684.80859 0.064869
9684.91113 0.064859
9685.01367 0.064849
9685.11621 0.064839
9685.21777 0.064829
9685.32031 0.064819
9685.42285 0.06481
9685.52539 0.0648
9685.62695 0.06479
9685.72852 0.06478
9685.83203 0.06477
9685.93359 0.06476
9686.03613 0.064743
9686.13867 0.064713
9686.24121 0.064683
9686.34277 0.064654
9686.44531 0.064624
9686.54785 0.064594
9686.65039 0.064564
9686.75195 0.064534
9686.85352 0.064504
9686.95703 0.064475
9687.05957 0.064445
9687.16113 0.064415
9687.26367 0.064385
9687.36621 0.064355
9687.46875 0.064325
9687.57031 0.064296
9687.67285 0.064266
9687.77539 0.064236
9687.87793 0.064206
9687.97852 0.064176
9688.08203 0.06413
9688.18457 0.06408
9688.28711 0.064031
9688.38867 0.063981
9688.49121 0.063931
9688.59375 0.063881
9688.69629 0.063831
9688.79785 0.063782
9688.90039 0.063732
9689.00293 0.063682
9689.10547 0.063632
9689.20703 0.063583
9689.30957 0.063533
9689.41211 0.063483
9689.51465 0.063433
9689.61719 0.063383
9689.71875 0.063333
9689.82129 0.063283
9689.92383 0.063233
9690.02637 0.063186
9690.12793 0.063147
9690.23047 0.063107
9690.33301 0.063067
9690.43555 0.063027
9690.53809 0.062987
9690.63965 0.062948
9690.74219 0.062908
9690.84473 0.062868
9690.94727 0.062828
9691.04883 0.062789
9691.15137 0.062749
9691.25391 0.062709
9691.35645 0.062669
9691.45898 0.062629
9691.56055 0.06259
9691.66309 0.06255
9691.76562 0.06251
9691.86816 0.06247
9691.97070 0.06243
9692.07227 0.062384
9692.17480 0.062334
9692.27734 0.062284
9692.37988 0.062235
9692.48242 0.062185
9692.58398 0.062136
9692.68652 0.062086
9692.78906 0.062036
9692.89160 0.061986
9692.99414 0.061937
9693.09570 0.061887
9693.19824 0.061838
9693.30078 0.061788
9693.40332 0.061738
9693.50586 0.061688
9693.60742 0.061639
9693.70996 0.061589
9693.81348 0.061539
9693.91504 0.06149
9694.01758 0.061443
9694.12012 0.061413
9694.22168 0.061384
9694.32422 0.061354
9694.42676 0.061324
9694.52930 0.061294
9694.63184 0.061264
9694.73340 0.061235
9694.83594 0.061205
9694.93848 0.061175
9695.04102 0.061145
9695.14355 0.061115
9695.24609 0.061085
9695.34766 0.061055
9695.45020 0.061026
9695.55273 0.060996
9695.65527 0.060966
9695.75781 0.060936
9695.86035 0.060906
9695.96191 0.060876
9696.06445 0.060845
9696.16699 0.060814
9696.26953 0.060782
9696.37207 0.060751
9696.47461 0.06072
9696.57715 0.060688
9696.67871 0.060657
9696.78125 0.060625
9696.88379 0.060594
9696.98633 0.060563
9697.08887 0.060531
9697.19141 0.0605
9697.29395 0.060468
9697.39648 0.060437
9697.49805 0.060405
9697.60059 0.060374
9697.70312 0.060343
9697.80566 0.060311
9697.90820 0.06028
9698.01074 0.060249
9698.11230 0.060228
9698.21484 0.060207
9698.31738 0.060186
9698.41992 0.060166
9698.52246 0.060145
9698.62500 0.060124
9698.72754 0.060103
9698.82910 0.060082
9698.93164 0.060061
9699.03418 0.06004
9699.13672 0.060019
9699.23926 0.059998
9699.34180 0.059977
9699.44434 0.059956
9699.54688 0.059935
9699.64844 0.059914
9699.75098 0.059893
9699.85352 0.059872
9699.95605 0.059851
9700.05859 0.059837
9700.16113 0.059827
9700.26367 0.059817
9700.36621 0.059807
9700.46875 0.059797
9700.57031 0.059787
9700.67285 0.059777
9700.77539 0.059767
9700.87793 0.059757
9700.98047 0.059748
9701.08301 0.059738
9701.18555 0.059728
9701.28809 0.059718
9701.39062 0.059708
9701.49219 0.059698
9701.59473 0.059688
9701.69727 0.059678
9701.79980 0.059668
9701.90234 0.059658
9702.00488 0.059649
9702.10742 0.059648
9702.20996 0.059647
9702.31348 0.059647
9702.41504 0.059646
9702.51758 0.059646
9702.61914 0.059645
9702.72168 0.059644
9702.82422 0.059644
9702.92676 0.059643
9703.02930 0.059642
9703.13184 0.059642
9703.23438 0.059641
9703.33691 0.05964
9703.43945 0.05964
9703.54199 0.059639
9703.64453 0.059639
9703.74707 0.059638
9703.84863 0.059637
9703.95117 0.059637
9704.05371 0.059638
9704.15625 0.059642
9704.25879 0.059646
9704.36133 0.05965
9704.46387 0.059654
9704.56641 0.059658
9704.66895 0.059662
9704.77148 0.059666
9704.87402 0.05967
9704.97656 0.059674
9705.07910 0.059678
9705.18164 0.059682
9705.28418 0.059686
9705.38574 0.05969
9705.48828 0.059694
9705.59082 0.059698
9705.69336 0.059702
9705.79590 0.059706
9705.89844 0.059709
9706.00098 0.059714
9706.10352 0.05973
9706.20605 0.059747
9706.30859 0.059764
9706.41113 0.05978
9706.51367 0.059797
9706.61621 0.059814
9706.71875 0.059831
9706.82129 0.059847
9706.92383 0.059864
9707.02637 0.059881
9707.12891 0.059897
9707.23145 0.059914
9707.33398 0.059931
9707.43652 0.059948
9707.53906 0.059964
9707.64062 0.059981
9707.74316 0.059998
9707.84570 0.060014
9707.94824 0.060031
9708.05078 0.060051
9708.15332 0.060073
9708.25586 0.060096
9708.35840 0.060119
9708.46094 0.060141
9708.56348 0.060164
9708.66602 0.060186
9708.76855 0.060209
9708.87109 0.060231
9708.97363 0.060254
9709.07617 0.060276
9709.17871 0.060299
9709.28125 0.060322
9709.38379 0.060344
9709.48633 0.060367
9709.58887 0.060389
9709.69141 0.060412
9709.79395 0.060434
9709.89648 0.060457
9709.99902 0.06048
9710.10156 0.060508
9710.20410 0.060537
9710.30664 0.060566
9710.40918 0.060595
9710.51172 0.060624
9710.61426 0.060653
9710.71680 0.060682
9710.81934 0.060711
9710.92188 0.06074
9711.02441 0.060769
9711.12695 0.060798
9711.22852 0.060827
9711.33203 0.060856
9711.43457 0.060885
9711.53711 0.060914
9711.63965 0.060943
9711.74219 0.060972
9711.84473 0.061
9711.94727 0.061029
9712.04980 0.061061
9712.15234 0.061096
9712.25488 0.061131
9712.35742 0.061166
9712.45996 0.061201
9712.56348 0.061237
9712.66504 0.061272
9712.76758 0.061307
9712.87012 0.061342
9712.97266 0.061377
9713.07520 0.061412
9713.17773 0.061447
9713.28027 0.061482
9713.38281 0.061517
9713.48535 0.061552
9713.58789 0.061587
9713.69043 0.061622
9713.79297 0.061657
9713.89648 0.061693
9713.99902 0.061728
9714.10156 0.061769
9714.20410 0.061811
9714.30664 0.061853
9714.40918 0.061894
9714.51172 0.061936
9714.61426 0.061978
9714.71680 0.062019
9714.81934 0.062061
9714.92188 0.062103
9715.02441 0.062144
9715.12695 0.062186
9715.22852 0.062228
9715.33203 0.062269
9715.43457 0.062311
9715.53711 0.062353
9715.63965 0.062394
9715.74219 0.062436
9715.84473 0.062478
9715.94727 0.062519
9716.04980 0.062561
9716.15332 0.062604
9716.25586 0.062646
9716.35840 0.062688
9716.46094 0.06273
9716.56348 0.062772
9716.66602 0.062814
9716.76855 0.062856
9716.87109 0.062898
9716.97363 0.06294
9717.07617 0.062982
9717.17871 0.063024
9717.28125 0.063066
9717.38379 0.063108
9717.48633 0.06315
9717.58887 0.063192
9717.69238 0.063234
9717.79492 0.063276
9717.89746 0.063318
9718.00000 0.06336
9718.10254 0.06341
9718.20508 0.06346
9718.30762 0.06351
9718.41016 0.06356
9718.51270 0.06361
9718.61523 0.06366
9718.71777 0.063709
9718.82031 0.063759
9718.92383 0.06381
9719.02637 0.06386
9719.12891 0.063909
9719.23145 0.063959
9719.33398 0.064009
9719.43652 0.064059
9719.53906 0.064109
9719.64160 0.064159
9719.74414 0.064209
9719.84668 0.064259
9719.94922 0.064309
9720.05273 0.064356
9720.15527 0.064399
9720.25781 0.064443
9720.36035 0.064487
9720.46289 0.06453
9720.56543 0.064574
9720.66797 0.064618
9720.77148 0.064661
9720.87305 0.064705
9720.97656 0.064749
9721.07910 0.064793
9721.18164 0.064837
9721.28418 0.06488
9721.38672 0.064924
9721.48926 0.064968
9721.59180 0.065011
9721.69434 0.065055
9721.79688 0.065099
9721.90039 0.065143
9722.00293 0.065187
9722.10547 0.065248
9722.20801 0.065308
9722.31055 0.065369
9722.41309 0.06543
9722.51562 0.06549
9722.61816 0.065551
9722.72168 0.065612
9722.82422 0.065673
9722.92676 0.065734
9723.02930 0.065794
9723.13184 0.065855
9723.23438 0.065916
9723.33691 0.065976
9723.43945 0.066037
9723.54297 0.066098
9723.64648 0.066159
9723.74805 0.06622
9723.85059 0.066281
9723.95312 0.066341
9724.05566 0.066389
9724.15820 0.066426
9724.26172 0.066463
9724.36426 0.0665
9724.46680 0.066537
9724.56934 0.066574
9724.67188 0.066611
9724.77441 0.066648
9724.87793 0.066685
9724.98047 0.066722
9725.08301 0.066759
9725.18555 0.066796
9725.28809 0.066833
9725.39062 0.06687
9725.49316 0.066907
9725.59668 0.066944
9725.69922 0.066981
9725.80176 0.067018
9725.90430 0.067055
9726.00684 0.067093
9726.10938 0.067148
9726.21289 0.067203
9726.31543 0.067258
9726.41797 0.067312
9726.52148 0.067367
9726.62305 0.067422
9726.72559 0.067476
9726.82910 0.067531
9726.93164 0.067586
9727.03418 0.067641
9727.13672 0.067696
9727.23926 0.06775
9727.34277 0.067805
9727.44531 0.06786
9727.54785 0.067915
9727.65039 0.06797
9727.75293 0.068024
9727.85547 0.068079
9727.95898 0.068134
9728.06152 0.068183
9728.16406 0.068228
9728.26660 0.068274
9728.36914 0.068319
9728.47266 0.068365
9728.57520 0.06841
9728.67773 0.068455
9728.78027 0.068501
9728.88281 0.068546
9728.98633 0.068592
9729.08887 0.068637
9729.19141 0.068682
9729.29395 0.068728
9729.39648 0.068773
9729.50000 0.068819
9729.60254 0.068864
9729.70508 0.068909
9729.80762 0.068954
9729.91016 0.069
9730.01367 0.069045
9730.11621 0.06909
9730.21875 0.069135
9730.32129 0.06918
9730.42383 0.069224
9730.52734 0.06927
9730.62988 0.069314
9730.73242 0.069359
9730.83496 0.069404
9730.93848 0.069449
9731.04102 0.069494
9731.14355 0.069539
9731.24609 0.069583
9731.34863 0.069628
9731.45215 0.069673
9731.55469 0.069718
9731.65723 0.069763
9731.75977 0.069808
9731.86230 0.069852
9731.96582 0.069898
9732.06836 0.069943
9732.17090 0.069988
9732.27344 0.070033
9732.37695 0.070078
9732.47852 0.070124
9732.58203 0.070169
9732.68457 0.070214
9732.78809 0.070259
9732.89062 0.070304
9732.99316 0.07035
9733.09570 0.070395
9733.19922 0.07044
9733.30176 0.070485
9733.40430 0.07053
9733.50684 0.070576
9733.61035 0.070621
9733.71289 0.070666
9733.81543 0.070711
9733.91797 0.070757
9734.02148 0.070798
9734.12402 0.070822
9734.22656 0.070845
9734.32910 0.070869
9734.43262 0.070893
9734.53516 0.070917
9734.63770 0.070941
9734.74023 0.070965
9734.84375 0.070989
9734.94629 0.071013
9735.04883 0.071036
9735.15137 0.07106
9735.25488 0.071084
9735.35742 0.071108
9735.45996 0.071132
9735.56348 0.071156
9735.66602 0.07118
9735.76855 0.071204
9735.87109 0.071228
9735.97461 0.071252
9736.07715 0.071269
9736.17969 0.071285
9736.28223 0.071301
9736.38574 0.071317
9736.48828 0.071333
9736.59082 0.071348
9736.69336 0.071364
9736.79688 0.07138
9736.89941 0.071396
9737.00195 0.071411
9737.10547 0.071427
9737.20801 0.071443
9737.31055 0.071459
9737.41309 0.071475
9737.51660 0.07149
9737.61914 0.071506
9737.72168 0.071522
9737.82520 0.071538
9737.92773 0.071554
9738.03027 0.071565
9738.13281 0.071567
9738.23633 0.071569
9738.33887 0.07157
9738.44141 0.071572
9738.54492 0.071574
9738.64746 0.071576
9738.75000 0.071578
9738.85352 0.071579
9738.95605 0.071581
9739.05859 0.071583
9739.16211 0.071585
9739.26465 0.071586
9739.36719 0.071588
9739.46973 0.07159
9739.57324 0.071591
9739.67578 0.071593
9739.77832 0.071595
9739.88184 0.071597
9739.98438 0.071598
9740.08691 0.071584
9740.19043 0.071566
9740.29297 0.071549
9740.39648 0.071532
9740.49902 0.071514
9740.60156 0.071497
9740.70410 0.071479
9740.80762 0.071462
9740.91016 0.071444
9741.01270 0.071427
9741.11621 0.071409
9741.21875 0.071392
9741.32129 0.071375
9741.42480 0.071357
9741.52734 0.07134
9741.62988 0.071322
9741.73340 0.071305
9741.83594 0.071287
9741.93848 0.07127
9742.04199 0.071243
9742.14453 0.071205
9742.24707 0.071166
9742.35059 0.071127
9742.45312 0.071088
9742.55566 0.071049
9742.65918 0.07101
9742.76172 0.070971
9742.86426 0.070932
9742.96777 0.070893
9743.07031 0.070854
9743.17285 0.070815
9743.27637 0.070776
9743.37891 0.070737
9743.48145 0.070698
9743.58496 0.070659
9743.68848 0.07062
9743.79004 0.070581
9743.89355 0.070542
9743.99609 0.070503
9744.09961 0.07043
9744.20215 0.070357
9744.30469 0.070283
9744.40820 0.070209
9744.51074 0.070135
9744.61328 0.070061
9744.71680 0.069987
9744.81934 0.069913
9744.92188 0.06984
9745.02539 0.069765
9745.12793 0.069692
9745.23145 0.069618
9745.33398 0.069544
9745.43652 0.06947
9745.54004 0.069396
9745.64258 0.069322
9745.74512 0.069249
9745.84863 0.069174
9745.95117 0.069101
9746.05469 0.069021
9746.15723 0.068937
9746.25977 0.068853
9746.36328 0.068768
9746.46582 0.068684
9746.56934 0.068599
9746.67188 0.068515
9746.77441 0.068431
9746.87793 0.068346
9746.98047 0.068262
9747.08301 0.068178
9747.18652 0.068093
9747.28906 0.068009
9747.39258 0.067924
9747.49512 0.06784
9747.59766 0.067756
9747.70117 0.067671
9747.80371 0.067587
9747.90723 0.067503
9748.00977 0.067413
9748.11230 0.067271
9748.21582 0.067127
9748.31836 0.066985
9748.42188 0.066842
9748.52441 0.066699
9748.62695 0.066557
9748.73047 0.066414
9748.83301 0.066271
9748.93652 0.066128
9749.03906 0.065986
9749.14258 0.065842
9749.24512 0.0657
9749.34766 0.065558
9749.45117 0.065414
9749.55371 0.065272
9749.65723 0.065128
9749.75977 0.064986
9749.86230 0.064844
9749.96582 0.0647
9750.06836 0.06456
9750.17188 0.064419
9750.27441 0.064279
9750.37793 0.064139
9750.48047 0.063999
9750.58301 0.06386
9750.68652 0.063719
9750.78906 0.063579
9750.89258 0.063439
9750.99512 0.063299
9751.09863 0.063158
9751.20117 0.063019
9751.30469 0.062878
9751.40723 0.062739
9751.50977 0.062599
9751.61328 0.062458
9751.71582 0.062319
9751.81934 0.062178
9751.92188 0.062038
9752.02539 0.061883
9752.12793 0.061687
9752.23145 0.061488
9752.33398 0.061291
9752.43652 0.061095
9752.54004 0.060896
9752.64258 0.0607
9752.74609 0.060501
9752.84863 0.060304
9752.95215 0.060106
9753.05469 0.059909
9753.15820 0.05971
9753.26074 0.059514
9753.36426 0.059315
9753.46680 0.059118
9753.56934 0.058922
9753.67285 0.058723
9753.77539 0.058526
9753.87891 0.058328
9753.98145 0.058131
9754.08496 0.057939
9754.18848 0.057752
9754.29102 0.057562
9754.39355 0.057374
9754.49707 0.057184
9754.59961 0.056997
9754.70312 0.056807
