threeML/data/optical_filters/HST/NICMOS3-F164N.ecsv
# %ECSV 0.9
# ---
# datatype:
# - {name: wavelength, unit: Angstrom, datatype: float32}
# - {name: response, datatype: float32}
# meta: !!omap
# - {band_name: F164N}
# - {group_name: NICMOS3}
wavelength response
16236.04980 0.0
16236.25000 1.7e-05
16236.45020 5.3e-05
16236.63965 8.8e-05
16236.83984 0.000124
16237.04004 0.000159
16237.24023 0.000195
16237.42969 0.000231
16237.62988 0.000266
16237.83008 0.000302
16238.03027 0.000333
16238.21973 0.000331
16238.41992 0.00033
16238.62012 0.000329
16238.80957 0.000327
16239.00977 0.000326
16239.20996 0.000325
16239.41016 0.000324
16239.59961 0.000322
16239.79980 0.000321
16240.00000 0.00032
16240.20020 0.000289
16240.38965 0.000258
16240.58984 0.000226
16240.79004 0.000195
16240.99023 0.000164
16241.17969 0.000133
16241.37988 0.000102
16241.58008 7.1e-05
16241.76953 4e-05
16241.96973 8e-06
16242.16992 1.4e-05
16242.37012 2.7e-05
16242.55957 3.9e-05
16242.75977 5.1e-05
16242.95996 6.3e-05
16243.16016 7.5e-05
16243.34961 8.7e-05
16243.54980 0.0001
16243.75000 0.000112
16243.95020 0.000124
16244.13965 0.000156
16244.33984 0.000195
16244.54004 0.000235
16244.74023 0.000275
16244.92969 0.000314
16245.12988 0.000354
16245.33008 0.000394
16245.51953 0.000433
16245.71973 0.000473
16245.91992 0.000512
16246.12012 0.000523
16246.30957 0.000513
16246.50977 0.000503
16246.70996 0.000494
16246.91016 0.000484
16247.09961 0.000474
16247.29980 0.000464
16247.50000 0.000455
16247.70020 0.000445
16247.88965 0.000435
16248.08984 0.000419
16248.29004 0.000396
16248.49023 0.000373
16248.67969 0.00035
16248.87988 0.000327
16249.08008 0.000304
16249.28027 0.000281
16249.46973 0.000257
16249.66992 0.000234
16249.87012 0.000211
16250.07031 0.000204
16250.25977 0.000229
16250.45996 0.000253
16250.66016 0.000278
16250.84961 0.000303
16251.04980 0.000328
16251.25000 0.000353
16251.45020 0.000378
16251.63965 0.000402
16251.83984 0.000427
16252.04004 0.000447
16252.24023 0.000443
16252.42969 0.00044
16252.62988 0.000437
16252.83008 0.000434
16253.03027 0.000431
16253.21973 0.000428
16253.41992 0.000425
16253.62012 0.000422
16253.82031 0.000419
16254.00977 0.000414
16254.20996 0.000389
16254.41016 0.000364
16254.61035 0.000339
16254.79980 0.000314
16255.00000 0.00029
16255.20020 0.000265
16255.40039 0.00024
16255.58984 0.000215
16255.79004 0.00019
16255.99023 0.000165
16256.19043 0.000191
16256.37988 0.000219
16256.58008 0.000248
16256.78027 0.000276
16256.98047 0.000305
16257.16992 0.000333
16257.37012 0.000362
16257.57031 0.00039
16257.76953 0.000419
16257.95996 0.000447
16258.16016 0.000449
16258.36035 0.000446
16258.55957 0.000442
16258.75000 0.000439
16258.95020 0.000436
16259.15039 0.000432
16259.34961 0.000429
16259.54004 0.000425
16259.74023 0.000422
16259.94043 0.000418
16260.13965 0.000427
16260.33008 0.000442
16260.53027 0.000456
16260.73047 0.00047
16260.92969 0.000485
16261.12988 0.000499
16261.32031 0.000513
16261.51953 0.000527
16261.71973 0.000542
16261.91992 0.000556
16262.11035 0.000577
16262.30957 0.000603
16262.50977 0.000629
16262.70996 0.000654
16262.90039 0.00068
16263.09961 0.000706
16263.29980 0.000732
16263.50000 0.000758
16263.69043 0.000783
16263.88965 0.000809
16264.08984 0.00082
16264.29004 0.000812
16264.48047 0.000804
16264.67969 0.000796
16264.87988 0.000788
16265.08008 0.00078
16265.28027 0.000772
16265.46973 0.000764
16265.66992 0.000757
16265.87012 0.000749
16266.07031 0.000733
16266.25977 0.000701
16266.45996 0.000669
16266.66016 0.000637
16266.86035 0.000606
16267.04980 0.000574
16267.25000 0.000542
16267.45020 0.00051
16267.65039 0.000479
16267.83984 0.000447
16268.04004 0.000425
16268.24023 0.000439
16268.44043 0.000454
16268.63965 0.000468
16268.83008 0.000483
16269.03027 0.000497
16269.23047 0.000512
16269.42969 0.000526
16269.62012 0.00054
16269.82031 0.000555
16270.01953 0.000571
16270.21973 0.000608
16270.41016 0.000644
16270.61035 0.000681
16270.80957 0.000717
16271.00977 0.000754
16271.20996 0.00079
16271.40039 0.000827
16271.59961 0.000863
16271.79980 0.000899
16272.00000 0.000936
16272.19043 0.000926
16272.38965 0.000915
16272.58984 0.000904
16272.79004 0.000893
16272.98047 0.000882
16273.17969 0.000871
16273.37988 0.00086
16273.58008 0.00085
16273.78027 0.000839
16273.96973 0.000828
16274.16992 0.000839
16274.37012 0.000853
16274.57031 0.000867
16274.75977 0.000882
16274.95996 0.000896
16275.16016 0.00091
16275.36035 0.000924
16275.54980 0.000939
16275.75000 0.000953
16275.95020 0.000967
16276.15039 0.00096
16276.34961 0.000946
16276.54004 0.000931
16276.74023 0.000917
16276.94043 0.000902
16277.13965 0.000888
16277.33008 0.000873
16277.53027 0.000859
16277.73047 0.000844
16277.92969 0.00083
16278.12988 0.000842
16278.32031 0.000869
16278.51953 0.000896
16278.71973 0.000924
16278.91992 0.000951
16279.12012 0.000978
16279.30957 0.001005
16279.50977 0.001033
16279.70996 0.00106
16279.91016 0.001087
16280.09961 0.001103
16280.29980 0.001107
16280.50000 0.001112
16280.70020 0.001117
16280.90039 0.001122
16281.08984 0.001127
16281.29004 0.001132
16281.49023 0.001137
16281.69043 0.001141
16281.87988 0.001146
16282.08008 0.001152
16282.28027 0.001158
16282.48047 0.001165
16282.67969 0.001172
16282.87012 0.001178
16283.07031 0.001185
16283.26953 0.001192
16283.46973 0.001198
16283.66992 0.001205
16283.86035 0.001211
16284.05957 0.001215
16284.25977 0.00121
16284.45996 0.001206
16284.65039 0.001202
16284.84961 0.001198
16285.04980 0.001194
16285.25000 0.001189
16285.45020 0.001185
16285.63965 0.001181
16285.83984 0.001177
16286.04004 0.001176
16286.24023 0.001191
16286.44043 0.001205
16286.62988 0.00122
16286.83008 0.001234
16287.03027 0.001249
16287.23047 0.001264
16287.41992 0.001278
16287.62012 0.001293
16287.82031 0.001307
16288.01953 0.001324
16288.21973 0.001362
16288.41016 0.001401
16288.61035 0.001439
16288.80957 0.001478
16289.00977 0.001516
16289.20996 0.001554
16289.40039 0.001593
16289.59961 0.001631
16289.79980 0.00167
16290.00000 0.001708
16290.20020 0.001717
16290.38965 0.001725
16290.58984 0.001733
16290.79004 0.001741
16290.99023 0.001749
16291.17969 0.001757
16291.37988 0.001765
16291.58008 0.001774
16291.78027 0.001782
16291.98047 0.00179
16292.16992 0.001794
16292.37012 0.001798
16292.57031 0.001802
16292.76953 0.001806
16292.96973 0.00181
16293.16016 0.001814
16293.36035 0.001818
16293.55957 0.001822
16293.75977 0.001826
16293.95996 0.00183
16294.15039 0.001821
16294.34961 0.001808
16294.54980 0.001795
16294.75000 0.001782
16294.95020 0.001769
16295.13965 0.001756
16295.33984 0.001743
16295.54004 0.00173
16295.74023 0.001717
16295.94043 0.001704
16296.12988 0.001748
16296.33008 0.001818
16296.53027 0.001889
16296.73047 0.00196
16296.92969 0.002031
16297.12012 0.002101
16297.32031 0.002172
16297.51953 0.002243
16297.71973 0.002314
16297.91992 0.002384
16298.11035 0.002411
16298.30957 0.002406
16298.50977 0.0024
16298.70996 0.002395
16298.91016 0.002389
16299.09961 0.002384
16299.29980 0.002378
16299.50000 0.002373
16299.70020 0.002368
16299.90039 0.002362
16300.08984 0.002362
16300.29004 0.002369
16300.49023 0.002375
16300.69043 0.002382
16300.88965 0.002388
16301.08008 0.002395
16301.28027 0.002401
16301.48047 0.002408
16301.67969 0.002414
16301.87988 0.002421
16302.08008 0.002445
16302.26953 0.002499
16302.46973 0.002552
16302.66992 0.002606
16302.87012 0.00266
16303.07031 0.002713
16303.25977 0.002767
16303.45996 0.002821
16303.66016 0.002874
16303.86035 0.002928
16304.05957 0.002983
16304.25000 0.003038
16304.45020 0.003094
16304.65039 0.00315
16304.84961 0.003205
16305.04980 0.003261
16305.25000 0.003317
16305.44043 0.003373
16305.63965 0.003429
16305.83984 0.003484
16306.04004 0.003528
16306.24023 0.003518
16306.42969 0.003508
16306.62988 0.003498
16306.83008 0.003488
16307.03027 0.003478
16307.23047 0.003468
16307.41992 0.003458
16307.62012 0.003448
16307.82031 0.003438
16308.01953 0.003435
16308.21973 0.003493
16308.41992 0.003552
16308.61035 0.003611
16308.80957 0.00367
16309.00977 0.003729
16309.20996 0.003788
16309.41016 0.003847
16309.59961 0.003906
16309.79980 0.003965
16310.00000 0.004024
16310.20020 0.004047
16310.40039 0.00407
16310.58984 0.004094
16310.79004 0.004117
16310.99023 0.00414
16311.19043 0.004163
16311.38965 0.004187
16311.58984 0.00421
16311.78027 0.004233
16311.98047 0.004256
16312.17969 0.004258
16312.37988 0.004257
16312.58008 0.004256
16312.78027 0.004255
16312.96973 0.004254
16313.16992 0.004253
16313.37012 0.004252
16313.57031 0.004251
16313.76953 0.00425
16313.95996 0.004249
16314.16016 0.004297
16314.36035 0.004356
16314.55957 0.004415
16314.75977 0.004474
16314.95996 0.004533
16315.15039 0.004592
16315.34961 0.004651
16315.54980 0.00471
16315.75000 0.004769
16315.95020 0.004828
16316.13965 0.004876
16316.33984 0.004919
16316.54004 0.004963
16316.74023 0.005007
16316.94043 0.00505
16317.13965 0.005094
16317.33008 0.005138
16317.53027 0.005181
16317.73047 0.005225
16317.92969 0.005269
16318.12988 0.005342
16318.33008 0.005431
16318.51953 0.005521
16318.71973 0.00561
16318.91992 0.005699
16319.12012 0.005789
16319.32031 0.005878
16319.51953 0.005968
16319.70996 0.006057
16319.91016 0.006147
16320.11035 0.006202
16320.30957 0.006229
16320.50977 0.006257
16320.70996 0.006284
16320.90039 0.006312
16321.09961 0.006339
16321.29980 0.006367
16321.50000 0.006394
16321.70020 0.006422
16321.88965 0.006449
16322.08984 0.006503
16322.29004 0.006588
16322.49023 0.006673
16322.69043 0.006758
16322.88965 0.006843
16323.08008 0.006928
16323.28027 0.007012
16323.48047 0.007097
16323.67969 0.007182
16323.87988 0.007267
16324.08008 0.00734
16324.26953 0.007394
16324.46973 0.007448
16324.66992 0.007502
16324.87012 0.007556
16325.07031 0.00761
16325.26953 0.007664
16325.45996 0.007718
16325.66016 0.007772
16325.86035 0.007826
16326.05957 0.00789
16326.25977 0.007977
16326.45996 0.008064
16326.66016 0.008151
16326.84961 0.008239
16327.04980 0.008326
16327.25000 0.008413
16327.45020 0.0085
16327.65039 0.008588
16327.84961 0.008675
16328.04004 0.008767
16328.24023 0.008877
16328.44043 0.008987
16328.63965 0.009096
16328.83984 0.009206
16329.04004 0.009317
16329.23047 0.009427
16329.42969 0.009536
16329.62988 0.009646
16329.83008 0.009756
16330.03027 0.009863
16330.23047 0.009954
16330.41992 0.010045
16330.62012 0.010135
16330.82031 0.010226
16331.01953 0.010316
16331.21973 0.010407
16331.41992 0.010498
16331.62012 0.010588
16331.80957 0.010679
16332.00977 0.010771
16332.20996 0.01089
16332.41016 0.011009
16332.61035 0.011127
16332.80957 0.011245
16333.00000 0.011364
16333.20020 0.011483
16333.40039 0.011601
16333.59961 0.01172
16333.79980 0.011838
16334.00000 0.011957
16334.20020 0.012104
16334.38965 0.012251
16334.58984 0.012398
16334.79004 0.012546
16334.99023 0.012693
16335.19043 0.01284
16335.38965 0.012988
16335.58008 0.013135
16335.78027 0.013283
16335.98047 0.01343
16336.17969 0.013572
16336.37988 0.013713
16336.58008 0.013855
16336.78027 0.013996
16336.96973 0.014138
16337.16992 0.014279
16337.37012 0.014421
16337.57031 0.014563
16337.76953 0.014704
16337.96973 0.014845
16338.16992 0.015034
16338.36035 0.015231
16338.55957 0.015429
16338.75977 0.015627
16338.95996 0.015824
16339.16016 0.016022
16339.36035 0.016219
16339.54980 0.016417
16339.75000 0.016615
16339.95020 0.016812
16340.15039 0.017004
16340.34961 0.017192
16340.54980 0.017381
16340.75000 0.01757
16340.94043 0.017758
16341.13965 0.017947
16341.33984 0.018135
16341.54004 0.018325
16341.74023 0.018513
16341.94043 0.018702
16342.13965 0.018904
16342.33008 0.019111
16342.53027 0.019319
16342.73047 0.019527
16342.92969 0.019734
16343.12988 0.019942
16343.33008 0.02015
16343.53027 0.020358
16343.71973 0.020565
16343.91992 0.020773
16344.12012 0.02099
16344.32031 0.021212
16344.51953 0.021435
16344.71973 0.021657
16344.91992 0.02188
16345.11035 0.022102
16345.30957 0.022324
16345.50977 0.022548
16345.70996 0.02277
16345.91016 0.022992
16346.11035 0.023249
16346.30957 0.023535
16346.50000 0.023822
16346.70020 0.024108
16346.90039 0.024394
16347.09961 0.024681
16347.29980 0.024967
16347.50000 0.025253
16347.70020 0.025541
16347.88965 0.025827
16348.08984 0.026129
16348.29004 0.026447
16348.49023 0.026765
16348.69043 0.027085
16348.88965 0.027403
16349.08984 0.027723
16349.29004 0.028041
16349.48047 0.028361
16349.67969 0.02868
16349.87988 0.028998
16350.08008 0.02933
16350.28027 0.02968
16350.48047 0.030032
16350.67969 0.030381
16350.87988 0.030733
16351.07031 0.031083
16351.26953 0.031432
16351.46973 0.031784
16351.66992 0.032134
16351.87012 0.032486
16352.07031 0.032854
16352.26953 0.033259
16352.45996 0.033663
16352.66016 0.034069
16352.86035 0.034473
16353.05957 0.034877
16353.25977 0.035283
16353.45996 0.035687
16353.66016 0.036093
16353.84961 0.036497
16354.04980 0.036918
16354.25000 0.037374
16354.45020 0.037834
16354.65039 0.038291
16354.84961 0.03875
16355.04980 0.039207
16355.25000 0.039666
16355.44043 0.040123
16355.63965 0.040583
16355.83984 0.04104
16356.04004 0.041512
16356.24023 0.042033
16356.44043 0.042556
16356.63965 0.043076
16356.83984 0.043599
16357.03027 0.04412
16357.23047 0.044643
16357.42969 0.045164
16357.62988 0.045687
16357.83008 0.046207
16358.03027 0.046735
16358.23047 0.047288
16358.42969 0.047843
16358.62012 0.048395
16358.82031 0.048951
16359.01953 0.049503
16359.21973 0.050059
16359.41992 0.050611
16359.62012 0.051167
16359.82031 0.051722
16360.01953 0.052284
16360.20996 0.052953
16360.41016 0.053619
16360.61035 0.054288
16360.80957 0.054954
16361.00977 0.055623
16361.20996 0.056289
16361.41016 0.056958
16361.61035 0.057628
16361.79980 0.058294
16362.00000 0.058963
16362.20020 0.059617
16362.40039 0.060275
16362.59961 0.060929
16362.79980 0.061586
16363.00000 0.062244
16363.20020 0.062898
16363.40039 0.063556
16363.58984 0.06421
16363.79004 0.064868
16363.99023 0.065525
16364.19043 0.066321
16364.38965 0.067127
16364.58984 0.067929
16364.79004 0.068735
16364.99023 0.069541
16365.17969 0.070343
16365.37988 0.071149
16365.58008 0.071951
16365.78027 0.072757
16365.98047 0.073564
16366.17969 0.074371
16366.37988 0.075183
16366.58008 0.075995
16366.78027 0.076803
16366.96973 0.077615
16367.16992 0.078423
16367.37012 0.079235
16367.57031 0.080048
16367.76953 0.080856
16367.96973 0.081668
16368.16992 0.082607
16368.37012 0.083565
16368.57031 0.084527
16368.75977 0.085489
16368.95996 0.086447
16369.16016 0.08741
16369.36035 0.088372
16369.55957 0.08933
16369.75977 0.090293
16369.95996 0.091256
16370.16016 0.092144
16370.36035 0.093017
16370.54980 0.093891
16370.75000 0.09476
16370.95020 0.095633
16371.15039 0.096507
16371.34961 0.097376
16371.54980 0.09825
16371.75000 0.099124
16371.95020 0.099994
16372.15039 0.100962
16372.33984 0.101966
16372.54004 0.10297
16372.74023 0.103969
16372.94043 0.104973
16373.13965 0.105977
16373.33984 0.106976
16373.54004 0.10798
16373.74023 0.108984
16373.94043 0.109989
16374.12988 0.110956
16374.33008 0.111913
16374.53027 0.112871
16374.73047 0.113823
16374.92969 0.114781
16375.12988 0.115738
16375.33008 0.116695
16375.53027 0.117649
16375.73047 0.118606
16375.92969 0.119564
16376.12012 0.120591
16376.32031 0.121653
16376.51953 0.122721
16376.71973 0.123789
16376.91992 0.124857
16377.12012 0.12592
16377.32031 0.126988
16377.51953 0.128056
16377.71973 0.129124
16377.91992 0.130193
16378.11035 0.131211
16378.30957 0.132202
16378.50977 0.133192
16378.70996 0.134183
16378.91016 0.135169
16379.11035 0.13616
16379.30957 0.137151
16379.50977 0.138142
16379.70996 0.139133
16379.91016 0.140119
16380.09961 0.141118
16380.29980 0.142124
16380.50000 0.143131
16380.70020 0.144138
16380.90039 0.145139
16381.09961 0.146146
16381.29980 0.147152
16381.50000 0.148159
16381.70020 0.149166
16381.90039 0.150168
16382.08984 0.151151
16382.29004 0.152108
16382.49023 0.153065
16382.69043 0.154021
16382.88965 0.154978
16383.08984 0.15593
16383.29004 0.156887
16383.49023 0.157844
16383.69043 0.158801
16383.88965 0.159758
16384.08984 0.160695
16384.28906 0.161605
16384.48047 0.162515
16384.67969 0.163424
16384.88086 0.164334
16385.08008 0.165235
16385.27930 0.166145
16385.48047 0.167055
16385.67969 0.167965
16385.88086 0.168875
16386.08008 0.169747
16386.27930 0.170555
16386.47070 0.171364
16386.66992 0.172172
16386.86914 0.172981
16387.07031 0.17379
16387.26953 0.174599
16387.47070 0.175407
16387.66992 0.176216
