threeML/data/optical_filters/HST/NICMOS2-POL240L.ecsv
# %ECSV 0.9
# ---
# datatype:
# - {name: wavelength, unit: Angstrom, datatype: float32}
# - {name: response, datatype: float32}
# meta: !!omap
# - {band_name: POL240L}
# - {group_name: NICMOS2}
wavelength response
[from data line 766]
18616.67969 0.003029
18617.05078 0.003043
18617.42969 0.003056
18617.80078 0.00307
18618.17969 0.003084
18618.55078 0.003098
18618.91992 0.003112
18619.28906 0.003125
18619.66992 0.003139
18620.03906 0.003152
18620.41016 0.003158
18620.78906 0.003163
18621.16016 0.003168
18621.52930 0.003174
18621.91016 0.003179
18622.27930 0.003185
18622.65039 0.00319
18623.02930 0.003196
18623.40039 0.003201
18623.76953 0.003207
18624.15039 0.003212
18624.51953 0.003217
18624.89062 0.003223
18625.26953 0.003231
18625.64062 0.00324
18626.00977 0.003249
18626.38086 0.003257
18626.75977 0.003266
18627.13086 0.003275
18627.50977 0.003284
18627.88086 0.003293
18628.25000 0.003302
18628.61914 0.003311
18629.00000 0.00332
18629.36914 0.003329
18629.75000 0.003338
18630.11914 0.003346
18630.49023 0.003354
18630.86914 0.003362
18631.24023 0.00337
18631.60938 0.003379
18631.99023 0.003387
18632.35938 0.003395
18632.73047 0.003403
18633.10938 0.003411
18633.48047 0.003419
18633.84961 0.003427
18634.23047 0.003435
18634.59961 0.003443
18634.97070 0.003451
18635.34961 0.003468
18635.72070 0.003486
18636.08984 0.003503
18636.47070 0.003521
18636.83984 0.003539
18637.21094 0.003557
18637.58984 0.003574
18637.96094 0.003592
18638.33008 0.00361
18638.71094 0.003627
18639.08008 0.003645
18639.46094 0.003663
18639.83008 0.00368
18640.19922 0.003695
18640.58008 0.003707
18640.94922 0.00372
18641.32031 0.003732
18641.69922 0.003744
18642.07031 0.003756
18642.43945 0.003768
18642.82031 0.003781
18643.18945 0.003793
18643.56055 0.003805
18643.93945 0.003818
18644.31055 0.00383
18644.68945 0.003842
18645.06055 0.003854
18645.42969 0.003864
18645.81055 0.003874
18646.17969 0.003884
18646.55078 0.003894
18646.92969 0.003904
18647.30078 0.003914
18647.67969 0.003924
18648.05078 0.003934
18648.41992 0.003944
18648.80078 0.003954
18649.16992 0.003964
18649.53906 0.003974
18649.91992 0.003983
18650.28906 0.003998
18650.66992 0.004014
18651.03906 0.00403
18651.41016 0.004046
18651.78906 0.004062
18652.16016 0.004078
18652.53906 0.004094
18652.91016 0.00411
18653.27930 0.004126
18653.66016 0.004142
18654.02930 0.004158
18654.40039 0.004174
18654.77930 0.00419
18655.15039 0.004204
18655.52930 0.004215
18655.90039 0.004226
18656.26953 0.004237
18656.65039 0.004248
18657.01953 0.004259
18657.39062 0.00427
18657.76953 0.004281
18658.14062 0.004292
18658.51953 0.004303
18658.89062 0.004314
18659.26953 0.004325
18659.64062 0.004336
18660.00977 0.004347
18660.39062 0.004365
18660.75977 0.004382
18661.13086 0.004399
18661.50977 0.004416
18661.88086 0.004434
18662.25977 0.004451
18662.63086 0.004468
18663.00000 0.004485
18663.38086 0.004503
18663.75000 0.00452
18664.13086 0.004537
18664.50000 0.004554
18664.88086 0.004571
18665.25000 0.004586
18665.61914 0.004599
18666.00000 0.004613
18666.36914 0.004626
18666.75000 0.00464
18667.11914 0.004653
18667.49023 0.004666
18667.86914 0.00468
18668.24023 0.004693
18668.61914 0.004706
18668.99023 0.00472
18669.35938 0.004733
18669.74023 0.004746
18670.10938 0.00476
18670.49023 0.004776
18670.85938 0.004791
18671.23047 0.004806
18671.60938 0.004822
18671.98047 0.004837
18672.35938 0.004852
18672.73047 0.004868
18673.10938 0.004883
18673.48047 0.004898
18673.85938 0.004914
18674.23047 0.004929
18674.59961 0.004944
18674.98047 0.004959
18675.34961 0.004984
18675.73047 0.005009
18676.09961 0.005035
18676.47070 0.00506
18676.84961 0.005085
18677.22070 0.00511
18677.59961 0.005136
18677.97070 0.005161
18678.34961 0.005186
18678.72070 0.005211
18679.09961 0.005237
18679.47070 0.005262
18679.83984 0.005287
18680.22070 0.005307
18680.58984 0.005324
18680.97070 0.005341
18681.33984 0.005358
18681.71094 0.005374
18682.08984 0.005391
18682.46094 0.005408
18682.83984 0.005424
18683.21094 0.005441
18683.58984 0.005458
18683.96094 0.005475
18684.33984 0.005491
18684.71094 0.005508
18685.08984 0.005525
18685.46094 0.005544
18685.83008 0.005564
18686.21094 0.005583
18686.58008 0.005602
18686.96094 0.005622
18687.33008 0.005641
18687.71094 0.00566
18688.08008 0.005679
18688.46094 0.005699
18688.83008 0.005718
18689.21094 0.005737
18689.58008 0.005757
18689.96094 0.005776
18690.33008 0.005796
18690.69922 0.005816
18691.08008 0.005836
18691.44922 0.005857
18691.83008 0.005877
18692.19922 0.005897
18692.58008 0.005917
18692.94922 0.005937
18693.33008 0.005958
18693.69922 0.005978
18694.07031 0.005998
18694.44922 0.006018
18694.82031 0.006038
18695.19922 0.006059
18695.57031 0.006079
18695.94922 0.0061
18696.32031 0.00612
18696.69922 0.006141
18697.07031 0.006161
18697.44922 0.006182
18697.82031 0.006202
18698.19922 0.006223
18698.57031 0.006243
18698.94922 0.006263
18699.32031 0.006284
18699.69922 0.006304
18700.07031 0.006326
18700.44922 0.006352
18700.82031 0.006378
18701.19922 0.006404
18701.57031 0.00643
18701.93945 0.006456
18702.32031 0.006482
18702.68945 0.006508
18703.07031 0.006534
18703.43945 0.00656
18703.82031 0.006585
18704.18945 0.006611
18704.57031 0.006637
18704.93945 0.006663
18705.32031 0.00669
18705.68945 0.006717
18706.07031 0.006744
18706.43945 0.006771
18706.82031 0.006797
18707.18945 0.006824
18707.57031 0.006851
18707.93945 0.006878
18708.32031 0.006904
18708.68945 0.006931
18709.07031 0.006958
18709.43945 0.006985
18709.82031 0.007012
18710.18945 0.007037
18710.57031 0.007063
18710.93945 0.007088
18711.32031 0.007113
18711.68945 0.007138
18712.07031 0.007163
18712.43945 0.007188
18712.82031 0.007213
18713.18945 0.007238
18713.57031 0.007263
18713.93945 0.007288
18714.32031 0.007313
18714.68945 0.007338
18715.07031 0.007363
18715.43945 0.007389
18715.82031 0.007414
18716.18945 0.00744
18716.57031 0.007465
18716.93945 0.007491
18717.32031 0.007516
18717.68945 0.007541
18718.07031 0.007567
18718.43945 0.007592
18718.82031 0.007618
18719.18945 0.007643
18719.57031 0.007669
18719.93945 0.007694
18720.32031 0.007723
18720.68945 0.007752
18721.07031 0.007782
18721.44922 0.007811
18721.82031 0.007841
18722.19922 0.00787
18722.57031 0.007899
18722.94922 0.007929
18723.32031 0.007958
18723.69922 0.007987
18724.07031 0.008017
18724.44922 0.008046
18724.82031 0.008076
18725.19922 0.008107
18725.57031 0.008139
18725.94922 0.008172
18726.32031 0.008204
18726.69922 0.008237
18727.07031 0.00827
18727.44922 0.008302
18727.82031 0.008335
18728.19922 0.008367
18728.57031 0.0084
18728.94922 0.008433
18729.33008 0.008465
18729.69922 0.008498
18730.08008 0.008532
18730.44922 0.008571
18730.83008 0.00861
18731.19922 0.00865
18731.58008 0.008689
18731.94922 0.008728
18732.33008 0.008767
18732.69922 0.008806
18733.08008 0.008846
18733.46094 0.008885
18733.83008 0.008924
18734.21094 0.008963
18734.58008 0.009003
18734.96094 0.009042
18735.33008 0.009079
18735.71094 0.009115
18736.08008 0.009151
18736.46094 0.009187
18736.83008 0.009223
18737.21094 0.00926
18737.58984 0.009296
18737.96094 0.009332
18738.33984 0.009368
18738.71094 0.009405
18739.08984 0.009441
18739.46094 0.009477
18739.83984 0.009513
18740.21094 0.009547
18740.58984 0.009579
18740.96094 0.009611
18741.33984 0.009643
18741.72070 0.009674
18742.08984 0.009706
18742.47070 0.009738
18742.83984 0.00977
18743.22070 0.009801
18743.58984 0.009833
18743.97070 0.009865
18744.34961 0.009897
18744.72070 0.009929
18745.09961 0.009961
18745.47070 0.009993
18745.84961 0.010025
18746.22070 0.010057
18746.59961 0.010089
18746.98047 0.010121
18747.34961 0.010153
18747.73047 0.010185
18748.09961 0.010217
18748.48047 0.010249
18748.84961 0.010281
18749.23047 0.010313
18749.60938 0.010345
18749.98047 0.010377
18750.35938 0.010416
18750.73047 0.010455
18751.10938 0.010495
18751.48047 0.010534
18751.85938 0.010573
18752.24023 0.010613
18752.60938 0.010652
18752.99023 0.010691
18753.35938 0.010731
18753.74023 0.01077
18754.11914 0.010809
18754.49023 0.010849
18754.86914 0.010888
18755.24023 0.010931
18755.61914 0.010974
18755.99023 0.011018
18756.36914 0.011062
18756.75000 0.011106
18757.11914 0.01115
18757.50000 0.011194
18757.86914 0.011238
18758.25000 0.011282
18758.63086 0.011326
18759.00000 0.01137
18759.38086 0.011414
18759.75000 0.011458
18760.13086 0.011505
18760.50977 0.011555
18760.88086 0.011606
18761.25977 0.011656
18761.63086 0.011707
18762.00977 0.011757
18762.39062 0.011808
18762.75977 0.011859
18763.14062 0.011909
18763.50977 0.01196
18763.89062 0.012011
18764.26953 0.012061
18764.64062 0.012112
18765.01953 0.012163
18765.39062 0.012216
18765.76953 0.012269
18766.15039 0.012323
18766.51953 0.012376
18766.90039 0.012429
18767.27930 0.012483
18767.65039 0.012537
18768.02930 0.01259
18768.40039 0.012643
18768.77930 0.012697
18769.16016 0.01275
18769.52930 0.012803
18769.91016 0.012857
18770.28906 0.012908
18770.66016 0.012957
18771.03906 0.013007
18771.41016 0.013057
18771.78906 0.013107
18772.16992 0.013156
18772.53906 0.013206
18772.91992 0.013256
18773.28906 0.013306
18773.66992 0.013355
18774.05078 0.013405
18774.41992 0.013455
18774.80078 0.013505
18775.17969 0.013555
18775.55078 0.013606
18775.92969 0.013657
18776.30078 0.013708
18776.67969 0.013759
18777.06055 0.013811
18777.42969 0.013862
18777.81055 0.013913
18778.18945 0.013964
18778.56055 0.014015
18778.93945 0.014067
18779.31055 0.014118
18779.68945 0.014169
18780.07031 0.014221
18780.43945 0.014277
18780.82031 0.014333
18781.19922 0.01439
18781.57031 0.014446
18781.94922 0.014502
18782.33008 0.014558
18782.69922 0.014615
18783.08008 0.014671
18783.46094 0.014727
18783.83008 0.014783
18784.21094 0.01484
18784.58008 0.014896
18784.96094 0.014952
18785.33984 0.015004
18785.71094 0.015056
18786.08984 0.015108
18786.47070 0.01516
18786.83984 0.015212
18787.22070 0.015264
18787.59961 0.015316
18787.97070 0.015368
18788.34961 0.01542
18788.73047 0.015472
18789.09961 0.015524
18789.48047 0.015575
18789.85938 0.015627
18790.23047 0.015686
18790.60938 0.015749
18790.99023 0.015811
18791.35938 0.015874
18791.74023 0.015936
18792.11914 0.015999
18792.49023 0.016062
18792.86914 0.016124
18793.25000 0.016187
18793.61914 0.01625
18794.00000 0.016312
18794.36914 0.016375
18794.75000 0.016438
18795.13086 0.016503
18795.50977 0.016574
18795.88086 0.016645
18796.25977 0.016716
18796.63086 0.016787
18797.00977 0.016858
18797.39062 0.016929
18797.76953 0.017
18798.14062 0.017071
18798.51953 0.017142
18798.90039 0.017213
18799.26953 0.017284
18799.65039 0.017355
18800.02930 0.017426
18800.40039 0.017498
18800.77930 0.01757
18801.16016 0.017642
18801.52930 0.017715
18801.91016 0.017787
18802.28906 0.017859
18802.66016 0.017931
18803.03906 0.018004
18803.41992 0.018076
18803.78906 0.018148
18804.16992 0.01822
18804.55078 0.018293
18804.92969 0.018365
18805.30078 0.01844
18805.67969 0.018517
18806.05078 0.018592
18806.42969 0.018668
18806.81055 0.018745
18807.18945 0.018821
18807.56055 0.018897
18807.93945 0.018973
18808.32031 0.019049
18808.68945 0.019125
18809.07031 0.019201
18809.44922 0.019277
18809.82031 0.019354
18810.19922 0.019428
18810.58008 0.0195
18810.96094 0.019573
18811.33008 0.019645
18811.71094 0.019718
18812.08984 0.019791
18812.46094 0.019864
18812.83984 0.019936
18813.22070 0.020009
18813.59961 0.020081
18813.97070 0.020154
18814.34961 0.020226
18814.73047 0.020299
18815.09961 0.020373
18815.48047 0.020451
18815.85938 0.020529
18816.23047 0.020607
18816.60938 0.020685
18816.99023 0.020763
18817.36914 0.020841
18817.74023 0.020918
18818.11914 0.020997
18818.50000 0.021075
18818.86914 0.021153
18819.25000 0.021231
18819.63086 0.021309
18820.00977 0.021387
18820.38086 0.021474
18820.75977 0.021561
18821.14062 0.021648
18821.51953 0.021735
18821.89062 0.021823
18822.26953 0.02191
18822.65039 0.021997
18823.01953 0.022084
18823.40039 0.022171
18823.77930 0.022258
18824.16016 0.022346
18824.52930 0.022433
18824.91016 0.02252
18825.28906 0.022613
18825.66016 0.022708
18826.03906 0.022803
18826.41992 0.022898
18826.80078 0.022993
18827.16992 0.023088
18827.55078 0.023183
18827.92969 0.023278
18828.31055 0.023373
18828.67969 0.023468
18829.06055 0.023563
18829.43945 0.023658
18829.81055 0.023753
18830.18945 0.023856
18830.57031 0.023966
18830.94922 0.024076
18831.32031 0.024186
18831.69922 0.024296
18832.08008 0.024406
18832.46094 0.024516
18832.83008 0.024626
18833.21094 0.024736
18833.58984 0.024846
18833.97070 0.024956
18834.33984 0.025066
18834.72070 0.025176
18835.09961 0.025287
18835.48047 0.0254
18835.84961 0.025512
18836.23047 0.025625
18836.60938 0.025737
18836.99023 0.02585
18837.35938 0.025962
18837.74023 0.026075
18838.11914 0.026188
18838.50000 0.0263
18838.88086 0.026413
18839.25000 0.026525
18839.63086 0.026638
18840.00977 0.026751
18840.38086 0.026856
18840.75977 0.026962
18841.14062 0.027068
18841.51953 0.027173
18841.89062 0.027278
18842.26953 0.027384
18842.65039 0.02749
18843.02930 0.027595
18843.41016 0.027701
18843.77930 0.027807
18844.16016 0.027912
18844.53906 0.028018
18844.91992 0.028124
18845.28906 0.028235
18845.66992 0.028348
18846.05078 0.028461
18846.42969 0.028575
18846.80078 0.028688
18847.17969 0.0288
18847.56055 0.028914
18847.93945 0.029027
18848.32031 0.02914
18848.68945 0.029253
18849.07031 0.029366
18849.44922 0.029479
18849.83008 0.029592
18850.21094 0.029707
18850.58008 0.029822
18850.96094 0.029937
18851.33984 0.030053
18851.71094 0.030168
18852.08984 0.030283
18852.47070 0.030399
18852.84961 0.030514
18853.23047 0.030629
18853.60938 0.030745
18853.98047 0.03086
18854.35938 0.030976
18854.74023 0.031091
18855.11914 0.031211
18855.49023 0.031344
18855.86914 0.031475
18856.25000 0.031608
18856.63086 0.03174
18857.00977 0.031872
18857.38086 0.032004
18857.75977 0.032137
18858.14062 0.032269
18858.51953 0.032401
18858.89062 0.032533
18859.26953 0.032666
18859.65039 0.032798
18860.02930 0.032931
18860.41016 0.033069
18860.78906 0.033206
18861.16016 0.033344
18861.53906 0.033481
18861.91992 0.033619
18862.30078 0.033756
18862.67969 0.033894
18863.05078 0.034031
18863.42969 0.034169
18863.81055 0.034307
18864.18945 0.034445
18864.57031 0.034583
18864.93945 0.03472
18865.32031 0.034864
18865.69922 0.035009
18866.08008 0.035155
18866.46094 0.0353
18866.83008 0.035446
18867.21094 0.035591
18867.58984 0.035736
18867.97070 0.035882
18868.34961 0.036027
18868.72070 0.036172
18869.09961 0.036318
18869.48047 0.036463
18869.85938 0.036609
18870.24023 0.036747
18870.61914 0.03688
18870.99023 0.037013
18871.36914 0.037147
18871.75000 0.03728
18872.13086 0.037414
18872.50977 0.037547
18872.88086 0.037681
18873.25977 0.037815
18873.64062 0.037948
18874.01953 0.038082
18874.40039 0.038215
18874.77930 0.038348
18875.15039 0.038484
18875.52930 0.038622
18875.91016 0.03876
18876.28906 0.038898
18876.66992 0.039036
18877.05078 0.039174
18877.41992 0.039312
18877.80078 0.03945
18878.17969 0.039588
18878.56055 0.039725
18878.93945 0.039864
18879.32031 0.040002
18879.69922 0.04014
18880.07031 0.040279
18880.44922 0.040428
18880.83008 0.040576
18881.21094 0.040724
18881.58984 0.040872
18881.96094 0.04102
18882.33984 0.041168
18882.72070 0.041316
18883.09961 0.041464
18883.48047 0.041613
18883.85938 0.041761
18884.24023 0.041909
18884.60938 0.042057
18884.99023 0.042205
18885.36914 0.042366
18885.75000 0.042526
18886.13086 0.042686
18886.50977 0.042847
18886.88086 0.043008
18887.25977 0.043168
18887.64062 0.043329
18888.01953 0.043489
18888.40039 0.04365
18888.77930 0.043811
18889.16016 0.043971
18889.53906 0.044132
18889.91016 0.044293
18890.28906 0.044471
18890.66992 0.044655
18891.05078 0.044839
18891.42969 0.045023
18891.81055 0.045207
18892.18945 0.045391
18892.56055 0.045575
18892.93945 0.045758
18893.32031 0.045942
18893.69922 0.046126
18894.08008 0.04631
18894.46094 0.046495
18894.83984 0.046679
18895.21094 0.04687
18895.58984 0.047067
18895.97070 0.047263
18896.34961 0.04746
18896.73047 0.047656
18897.10938 0.047853
18897.49023 0.04805
18897.86914 0.048247
18898.24023 0.048444
18898.61914 0.048641
18899.00000 0.048838
18899.38086 0.049035
18899.75977 0.049232
18900.14062 0.049423
18900.51953 0.049607
18900.89062 0.049791
18901.26953 0.049975
18901.65039 0.050159
18902.02930 0.050342
18902.41016 0.050526
18902.78906 0.05071
18903.16992 0.050894
18903.55078 0.051078
18903.92969 0.051262
