threeML/data/optical_filters/HST/NICMOS1-F095N.ecsv
# %ECSV 0.9
# ---
# datatype:
# - {name: wavelength, unit: Angstrom, datatype: float32}
# - {name: response, datatype: float32}
# meta: !!omap
# - {band_name: F095N}
# - {group_name: NICMOS1}
wavelength response
8493.99414 0.0
9437.77148 0.000401
9437.87109 0.000407
9437.97070 0.000414
9438.07031 0.000417
9438.16992 0.000418
9438.26953 0.00042
9438.36914 0.000421
9438.46875 0.000423
9438.56836 0.000424
9438.66797 0.000426
9438.76758 0.000427
9438.86719 0.000429
9438.96680 0.00043
9439.06641 0.000432
9439.16602 0.000433
9439.26660 0.000435
9439.36621 0.000436
9439.46582 0.000438
9439.56543 0.000439
9439.66504 0.000441
9439.76465 0.000442
9439.86426 0.000443
9439.96387 0.000445
9440.06348 0.000444
9440.16309 0.000442
9440.26270 0.000439
9440.36230 0.000437
9440.46191 0.000434
9440.56152 0.000432
9440.66211 0.00043
9440.76172 0.000427
9440.86133 0.000425
9440.96094 0.000422
9441.06055 0.00042
9441.16016 0.000418
9441.25977 0.000415
9441.35938 0.000413
9441.45898 0.00041
9441.55859 0.000408
9441.65820 0.000406
9441.75879 0.000403
9441.85840 0.000401
9441.95801 0.000398
9442.05762 0.000396
9442.15723 0.000393
9442.25684 0.00039
9442.35645 0.000387
9442.45605 0.000384
9442.55566 0.00038
9442.65527 0.000377
9442.75488 0.000374
9442.85547 0.000371
9442.95508 0.000368
9443.05469 0.000365
9443.15430 0.000362
9443.25391 0.000359
9443.35352 0.000356
9443.45312 0.000353
9443.55273 0.00035
9443.65234 0.000347
9443.75293 0.000344
9443.85254 0.000341
9443.95215 0.000338
9444.05176 0.000339
9444.15137 0.000344
9444.25098 0.000348
9444.35059 0.000353
9444.45020 0.000358
9444.55078 0.000363
9444.65039 0.000368
9444.75000 0.000373
9444.84961 0.000378
9444.94922 0.000382
9445.04883 0.000387
9445.14844 0.000392
9445.24805 0.000397
9445.34863 0.000402
9445.44824 0.000407
9445.54785 0.000412
9445.64746 0.000416
9445.74707 0.000421
9445.84668 0.000426
9445.94629 0.000431
9446.04590 0.000437
9446.14648 0.000445
9446.24609 0.000452
9446.34570 0.00046
9446.44531 0.000467
9446.54492 0.000475
9446.64453 0.000482
9446.74414 0.00049
9446.84473 0.000497
9446.94434 0.000505
9447.04395 0.000512
9447.14355 0.00052
9447.24316 0.000527
9447.34277 0.000535
9447.44238 0.000542
9447.54297 0.00055
9447.64258 0.000557
9447.74219 0.000565
9447.84180 0.000572
9447.94141 0.00058
9448.04102 0.000587
9448.14160 0.000594
9448.24121 0.000601
9448.34082 0.000608
9448.44043 0.000615
9448.54004 0.000622
9448.63965 0.000629
9448.74023 0.000636
9448.83984 0.000643
9448.93945 0.000649
9449.03906 0.000656
9449.13867 0.000663
9449.23828 0.00067
9449.33887 0.000677
9449.43848 0.000684
9449.53809 0.000691
9449.63770 0.000698
9449.73730 0.000705
9449.83691 0.000712
9449.93848 0.000719
9450.03711 0.000721
9450.13672 0.000717
9450.23633 0.000713
9450.33594 0.000709
9450.43652 0.000705
9450.53613 0.0007
9450.63574 0.000696
9450.73535 0.000692
9450.83496 0.000688
9450.93555 0.000684
9451.03516 0.000679
9451.13477 0.000675
9451.23438 0.000671
9451.33398 0.000667
9451.43359 0.000663
9451.53418 0.000658
9451.63379 0.000654
9451.73340 0.00065
9451.83301 0.000646
9451.93262 0.000642
9452.03320 0.000646
9452.13281 0.000669
9452.23242 0.000691
9452.33203 0.000714
9452.43164 0.000736
9452.53223 0.000759
9452.63184 0.000782
9452.73145 0.000804
9452.83105 0.000827
9452.93164 0.000849
9453.03125 0.000872
9453.13086 0.000894
9453.23047 0.000917
9453.33008 0.000939
9453.43066 0.000962
9453.53027 0.000985
9453.62988 0.001007
9453.72852 0.00103
9453.82910 0.001052
9453.92969 0.001075
9454.02930 0.001093
9454.12891 0.0011
9454.22852 0.001108
9454.32910 0.001115
9454.42871 0.001123
9454.52832 0.00113
9454.62793 0.001138
9454.72852 0.001145
9454.82812 0.001153
9454.92773 0.00116
9455.02734 0.001168
9455.12695 0.001175
9455.22754 0.001183
9455.32715 0.001191
9455.42676 0.001198
9455.52637 0.001206
9455.62695 0.001213
9455.72656 0.001221
9455.82617 0.001228
9455.92578 0.001236
9456.02637 0.001241
9456.12598 0.00124
9456.22559 0.001239
9456.32520 0.001238
9456.42578 0.001237
9456.52539 0.001236
9456.62500 0.001235
9456.72461 0.001234
9456.82520 0.001233
9456.92480 0.001232
9457.02441 0.001231
9457.12402 0.00123
9457.22461 0.001229
9457.32422 0.001228
9457.42383 0.001228
9457.52344 0.001227
9457.62402 0.001226
9457.72363 0.001225
9457.82324 0.001224
9457.92383 0.001223
9458.02344 0.001224
9458.12305 0.001235
9458.22266 0.001245
9458.32324 0.001256
9458.42285 0.001266
9458.52246 0.001277
9458.62207 0.001287
9458.72266 0.001297
9458.82227 0.001308
9458.92188 0.001318
9459.02246 0.001329
9459.12207 0.001339
9459.22168 0.00135
9459.32129 0.00136
9459.42188 0.001371
9459.52148 0.001381
9459.62109 0.001391
9459.72070 0.001402
9459.82129 0.001412
9459.92090 0.001423
9460.02148 0.001435
9460.12109 0.001453
9460.22070 0.001471
9460.32031 0.00149
9460.42090 0.001508
9460.52148 0.001526
9460.62012 0.001545
9460.71973 0.001563
9460.82031 0.001581
9460.91992 0.001599
9461.01953 0.001618
9461.12012 0.001636
9461.21973 0.001654
9461.31934 0.001673
9461.41895 0.001691
9461.51953 0.001709
9461.61914 0.001728
9461.71875 0.001746
9461.81934 0.001764
9461.91895 0.001783
9462.01855 0.001801
9462.11914 0.00182
9462.21875 0.001838
9462.31836 0.001857
9462.41895 0.001876
9462.51855 0.001895
9462.61816 0.001913
9462.71875 0.001932
9462.81836 0.001951
9462.91797 0.00197
9463.01855 0.001988
9463.11816 0.002007
9463.21777 0.002026
9463.31738 0.002044
9463.41797 0.002063
9463.51758 0.002082
9463.61719 0.002101
9463.71777 0.002119
9463.81738 0.002138
9463.91699 0.002157
9464.01758 0.002176
9464.11719 0.002196
9464.21680 0.002216
9464.31738 0.002236
9464.41699 0.002256
9464.51660 0.002276
9464.61719 0.002296
9464.71680 0.002315
9464.81641 0.002335
9464.91699 0.002355
9465.01660 0.002375
9465.11621 0.002395
9465.21680 0.002415
9465.31641 0.002435
9465.41699 0.002455
9465.51660 0.002475
9465.61621 0.002495
9465.71680 0.002515
9465.81641 0.002535
9465.91602 0.002555
9466.01660 0.002575
9466.11621 0.002595
9466.21582 0.002615
9466.31641 0.002635
9466.41602 0.002655
9466.51562 0.002675
9466.61621 0.002695
9466.71582 0.002715
9466.81543 0.002735
9466.91602 0.002755
9467.01562 0.002775
9467.11621 0.002795
9467.21582 0.002815
9467.31543 0.002835
9467.41602 0.002855
9467.51562 0.002875
9467.61523 0.002895
9467.71582 0.002915
9467.81543 0.002935
9467.91602 0.002955
9468.01562 0.002979
9468.11523 0.003021
9468.21582 0.003063
9468.31543 0.003106
9468.41504 0.003148
9468.51562 0.003191
9468.61523 0.003233
9468.71582 0.003275
9468.81543 0.003318
9468.91504 0.00336
9469.01562 0.003403
9469.11523 0.003445
9469.21582 0.003487
9469.31543 0.00353
9469.41504 0.003572
9469.51562 0.003615
9469.61523 0.003657
9469.71484 0.003699
9469.81543 0.003742
9469.91504 0.003784
9470.01562 0.003825
9470.11523 0.003859
9470.21484 0.003893
9470.31543 0.003927
9470.41504 0.003961
9470.51562 0.003995
9470.61523 0.004029
9470.71484 0.004062
9470.81543 0.004096
9470.91504 0.00413
9471.01562 0.004164
9471.11523 0.004198
9471.21484 0.004232
9471.31543 0.004266
9471.41504 0.0043
9471.51562 0.004334
9471.61523 0.004368
9471.71582 0.004402
9471.81543 0.004436
9471.91504 0.00447
9472.01562 0.004508
9472.11523 0.004566
9472.21582 0.004626
9472.31543 0.004684
9472.41504 0.004743
9472.51562 0.004802
9472.61523 0.004861
9472.71582 0.004921
9472.81543 0.004979
9472.91602 0.005039
9473.01562 0.005097
9473.11523 0.005156
9473.21582 0.005216
9473.31543 0.005274
9473.41602 0.005334
9473.51562 0.005392
9473.61621 0.005452
9473.71582 0.005511
9473.81641 0.00557
9473.91602 0.005629
9474.01562 0.005688
9474.11621 0.005747
9474.21582 0.005806
9474.31641 0.005866
9474.41602 0.005925
9474.51660 0.005984
9474.61621 0.006043
9474.71680 0.006103
9474.81641 0.006162
9474.91602 0.006221
9475.01660 0.00628
9475.11621 0.006339
9475.21680 0.006399
9475.31641 0.006458
9475.41699 0.006517
9475.51660 0.006576
9475.61719 0.006636
9475.71680 0.006695
9475.81738 0.006754
9475.91699 0.006813
9476.01660 0.006877
9476.11719 0.006966
9476.21680 0.007054
9476.31738 0.007142
9476.41699 0.00723
9476.51758 0.007319
9476.61719 0.007407
9476.71777 0.007496
9476.81738 0.007584
9476.91797 0.007673
9477.01758 0.00776
9477.11816 0.007849
9477.21777 0.007937
9477.31836 0.008026
9477.41797 0.008114
9477.51758 0.008202
9477.61816 0.008291
9477.71777 0.008379
9477.81836 0.008467
9477.91797 0.008555
9478.01855 0.008645
9478.11816 0.008737
9478.21875 0.008831
9478.31836 0.008923
9478.41895 0.009016
9478.51855 0.009109
9478.61914 0.009202
9478.71875 0.009294
9478.81934 0.009388
9478.91895 0.00948
9479.01953 0.009573
9479.11914 0.009666
9479.21973 0.009759
9479.31934 0.009851
9479.41992 0.009945
9479.51953 0.010037
9479.62012 0.01013
9479.71973 0.010223
9479.82031 0.010316
9479.91992 0.010409
9480.02148 0.01051
9480.12012 0.010639
9480.22070 0.01077
9480.32031 0.010899
9480.42090 0.01103
9480.52148 0.01116
9480.62109 0.011291
9480.72070 0.01142
9480.82129 0.011551
9480.92090 0.011681
9481.02148 0.011812
9481.12109 0.011941
9481.22168 0.012072
9481.32129 0.012202
9481.42188 0.012333
9481.52148 0.012462
9481.62207 0.012593
9481.72266 0.012724
9481.82227 0.012854
9481.92285 0.012985
9482.02246 0.013121
9482.12305 0.013278
9482.22266 0.013435
9482.32324 0.013593
9482.42285 0.013749
9482.52344 0.013907
9482.62305 0.014063
9482.72363 0.014221
9482.82324 0.014377
9482.92383 0.014535
9483.02344 0.014692
9483.12402 0.01485
9483.22461 0.015008
9483.32422 0.015164
9483.42480 0.015322
9483.52441 0.015478
9483.62500 0.015636
9483.72461 0.015793
9483.82520 0.015951
9483.92480 0.016107
9484.02539 0.016271
9484.12500 0.016448
9484.22559 0.016627
9484.32617 0.016806
9484.42578 0.016984
9484.52637 0.017163
9484.62598 0.017341
9484.72656 0.01752
9484.82617 0.017697
9484.92676 0.017877
9485.02637 0.018054
9485.12695 0.018234
9485.22754 0.018413
9485.32715 0.01859
9485.42773 0.01877
9485.52734 0.018947
9485.62793 0.019127
9485.72754 0.019304
9485.82812 0.019484
9485.92773 0.019661
9486.02832 0.019855
9486.12891 0.020087
9486.22852 0.020317
9486.32910 0.020549
9486.42871 0.020779
9486.52930 0.021011
9486.62891 0.021241
9486.72852 0.021473
9486.83008 0.021705
9486.92969 0.021935
9487.03027 0.022168
9487.12988 0.022397
9487.23047 0.02263
9487.33105 0.022862
9487.43066 0.023092
9487.53125 0.023324
9487.63086 0.023554
9487.73145 0.023786
9487.83105 0.024016
9487.93164 0.024249
9488.03223 0.024479
9488.13184 0.024704
9488.23242 0.024931
9488.33203 0.025156
9488.43262 0.025383
9488.53320 0.02561
9488.63281 0.025835
9488.73340 0.026062
9488.83301 0.026286
9488.93359 0.026514
9489.03418 0.026741
9489.13379 0.026965
9489.23438 0.027193
9489.33398 0.027417
9489.43457 0.027645
9489.53516 0.027872
9489.63477 0.028097
9489.73535 0.028324
9489.83496 0.028549
9489.93555 0.028776
9490.03613 0.029032
9490.13574 0.029337
9490.23633 0.029645
9490.33691 0.029953
9490.43652 0.030258
9490.53711 0.030567
9490.63672 0.030872
9490.73730 0.03118
9490.83789 0.031488
9490.93652 0.031793
9491.03809 0.032101
9491.13867 0.032409
9491.23828 0.032715
9491.33887 0.033023
9491.43848 0.033328
9491.53906 0.033636
9491.63965 0.033945
9491.73926 0.03425
9491.83984 0.034558
9491.94043 0.034867
9492.04004 0.035145
9492.14062 0.035385
9492.24023 0.035623
9492.34082 0.035864
9492.44141 0.036104
9492.54102 0.036342
9492.64160 0.036583
9492.74219 0.036823
9492.84180 0.037062
9492.94238 0.037302
9493.04297 0.037543
9493.14258 0.037781
9493.24316 0.038022
9493.34375 0.038262
9493.44336 0.0385
9493.54395 0.038741
9493.64453 0.038982
9493.74414 0.03922
9493.84473 0.039461
9493.94434 0.039699
9494.04492 0.039967
9494.14648 0.040269
9494.24512 0.040568
9494.34570 0.04087
9494.44629 0.041172
9494.54590 0.041471
9494.64648 0.041773
9494.74707 0.042075
9494.84668 0.042374
9494.94727 0.042676
9495.04785 0.042978
9495.14746 0.043278
9495.24805 0.04358
9495.34863 0.043882
9495.44824 0.044181
9495.54883 0.044483
9495.64941 0.044785
9495.74902 0.045085
9495.84961 0.045387
9495.95020 0.045689
9496.04980 0.045945
9496.15039 0.046158
9496.25098 0.046372
9496.35156 0.046586
9496.45117 0.046798
9496.55176 0.047012
9496.65234 0.047225
9496.75195 0.047437
9496.85254 0.047651
9496.95312 0.047865
9497.05273 0.048077
9497.15332 0.048291
9497.25391 0.048505
9497.35352 0.048716
9497.45410 0.04893
9497.55469 0.049144
9497.65430 0.049356
9497.75488 0.04957
9497.85547 0.049784
9497.95605 0.049998
9498.05566 0.050211
9498.15625 0.050427
9498.25684 0.050643
9498.35645 0.050857
9498.45703 0.051073
9498.55762 0.05129
9498.65820 0.051506
9498.75781 0.05172
9498.85840 0.051936
9498.95898 0.052152
9499.05859 0.052366
9499.15918 0.052582
9499.25977 0.052799
9499.35938 0.053013
9499.45996 0.053229
9499.56055 0.053445
9499.66113 0.053661
9499.76074 0.053876
9499.86133 0.054092
9499.96191 0.054308
9500.06348 0.054473
9500.16211 0.054605
9500.26270 0.054738
9500.36328 0.054872
9500.46289 0.055004
9500.56348 0.055137
9500.66406 0.05527
9500.76465 0.055404
9500.86426 0.055536
9500.96484 0.055669
9501.06543 0.055803
9501.16602 0.055936
9501.26562 0.056068
9501.36621 0.056202
9501.46680 0.056335
9501.56641 0.056467
9501.66699 0.056601
9501.76758 0.056734
9501.86816 0.056868
9501.96777 0.057
9502.06836 0.057109
9502.16895 0.057207
9502.26953 0.057305
9502.36914 0.057402
9502.46973 0.057501
9502.57031 0.057599
9502.67090 0.057697
9502.77148 0.057794
9502.87109 0.057892
9502.97168 0.05799
9503.07227 0.058088
9503.17188 0.058186
9503.27246 0.058284
9503.37305 0.058382
9503.47363 0.05848
9503.57324 0.058577
9503.67383 0.058675
9503.77441 0.058774
9503.87500 0.058872
9503.97461 0.058969
9504.07520 0.059024
9504.17578 0.059065
9504.27637 0.059106
9504.37695 0.059146
9504.47656 0.059187
9504.57715 0.059228
9504.67773 0.059268
9504.77832 0.059309
9504.87793 0.059349
9504.97852 0.05939
9505.07910 0.059431
9505.17969 0.059472
9505.28027 0.059513
9505.37988 0.059553
9505.48047 0.059594
9505.58105 0.059634
9505.68164 0.059675
9505.78125 0.059716
9505.88184 0.059756
9505.98242 0.059797
9506.08301 0.059807
9506.18359 0.05981
9506.28320 0.059812
9506.38379 0.059815
9506.48438 0.059818
9506.58496 0.059821
9506.68555 0.059824
9506.78516 0.059827
9506.88574 0.05983
9506.98633 0.059833
9507.08691 0.059836
9507.18848 0.059839
9507.28711 0.059841
9507.38770 0.059844
9507.48828 0.059847
9507.58887 0.05985
9507.68945 0.059853
9507.78906 0.059856
9507.88965 0.059859
9507.99023 0.059862
9508.09082 0.059833
9508.19141 0.0598
9508.29102 0.059768
9508.39160 0.059736
9508.49219 0.059703
9508.59277 0.059671
9508.69336 0.059638
9508.79297 0.059606
9508.89355 0.059574
9508.99414 0.059542
9509.09473 0.059509
9509.19531 0.059477
9509.29590 0.059444
9509.39648 0.059412
9509.49609 0.05938
9509.59668 0.059347
9509.69727 0.059315
9509.79785 0.059282
9509.89746 0.05925
9509.99805 0.059218
9510.09863 0.059171
9510.19922 0.059123
9510.29980 0.059075
9510.40039 0.059028
9510.50000 0.058981
9510.60059 0.058933
9510.70117 0.058886
9510.80176 0.058838
9510.90234 0.05879
9511.00293 0.058743
9511.10254 0.058696
9511.20312 0.058648
9511.30371 0.0586
9511.40430 0.058553
9511.50488 0.058505
9511.60547 0.058458
9511.70605 0.05841
9511.80566 0.058363
9511.90625 0.058315
9512.00684 0.058266
9512.10742 0.0582
9512.20801 0.058135
9512.30859 0.058069
9512.40918 0.058003
9512.50879 0.057938
9512.60938 0.057872
9512.70996 0.057806
9512.81055 0.05774
9512.91113 0.057674
9513.01172 0.057608
9513.11230 0.057542
9513.21191 0.057477
9513.31152 0.057411
9513.41309 0.057345
9513.51367 0.057279
9513.61426 0.057213
9513.71484 0.057147
9513.81543 0.057082
9513.91504 0.057016
9514.01562 0.056952
9514.11621 0.056899
9514.21680 0.056846
9514.31738 0.056793
9514.41797 0.05674
9514.51855 0.056687
9514.61914 0.056634
9514.71875 0.056582
9514.81934 0.056529
9514.91992 0.056476
9515.02148 0.056423
9515.12109 0.05637
9515.22168 0.056317
9515.32227 0.056264
9515.42285 0.056211
9515.52344 0.056158
9515.62305 0.056106
9515.72363 0.056052
9515.82422 0.055999
9515.92480 0.055946
9516.02539 0.055892
9516.12598 0.055832
9516.22656 0.055772
9516.32715 0.055713
9516.42773 0.055653
9516.52832 0.055593
9516.62793 0.055534
9516.72852 0.055474
9516.82910 0.055415
9516.92969 0.055355
9517.03027 0.055295
9517.13086 0.055236
9517.23145 0.055176
9517.33203 0.055116
9517.43262 0.055056
9517.53320 0.054997
9517.63281 0.054938
9517.73340 0.054878
9517.83398 0.054818
9517.93457 0.054758
9518.03516 0.054702
