threeML/data/optical_filters/HST/NICMOS3-F196N.ecsv
# %ECSV 0.9
# ---
# datatype:
# - {name: wavelength, unit: Angstrom, datatype: float32}
# - {name: response, datatype: float32}
# meta: !!omap
# - {band_name: F196N}
# - {group_name: NICMOS3}
wavelength response
[from data line 1533]
19703.89062 0.253279
19704.08984 0.253078
19704.28906 0.252862
19704.50000 0.252647
19704.69922 0.252433
19704.90039 0.252218
19705.10938 0.252002
19705.31055 0.251786
19705.50977 0.251573
19705.71094 0.251357
19705.91992 0.251142
19706.11914 0.25081
19706.32031 0.250389
19706.51953 0.249968
19706.72070 0.249551
19706.92969 0.24913
19707.13086 0.248709
19707.33008 0.248292
19707.53906 0.247871
19707.74023 0.24745
19707.93945 0.247029
19708.14062 0.246708
19708.34961 0.246424
19708.55078 0.24614
19708.75000 0.245859
19708.94922 0.245575
19709.16016 0.245291
19709.35938 0.24501
19709.56055 0.244726
19709.75977 0.244442
19709.97070 0.244159
19710.16992 0.243547
19710.36914 0.242864
19710.57031 0.24218
19710.77930 0.241504
19710.98047 0.24082
19711.17969 0.240137
19711.38086 0.239453
19711.58984 0.238777
19711.78906 0.238093
19711.99023 0.23741
19712.19922 0.236866
19712.40039 0.236333
19712.59961 0.235795
19712.80078 0.235257
19713.00000 0.234724
19713.21094 0.234186
19713.41016 0.233648
19713.60938 0.23311
19713.81055 0.232577
19714.01953 0.232018
19714.22070 0.23124
19714.41992 0.230462
19714.63086 0.229692
19714.83008 0.228914
19715.02930 0.228137
19715.23047 0.227359
19715.43945 0.226589
19715.64062 0.225811
19715.83984 0.225033
19716.03906 0.224255
19716.25000 0.223439
19716.44922 0.222624
19716.65039 0.221809
19716.84961 0.221001
19717.06055 0.220186
19717.25977 0.21937
19717.46094 0.218555
19717.66016 0.217747
19717.86914 0.216931
19718.07031 0.216096
19718.26953 0.215224
19718.48047 0.214351
19718.67969 0.213487
19718.88086 0.212614
19719.08008 0.211741
19719.28906 0.210868
19719.49023 0.210004
19719.68945 0.209131
19719.89062 0.208258
19720.09961 0.207304
19720.30078 0.20627
19720.50000 0.205227
19720.71094 0.204183
19720.91016 0.203139
19721.10938 0.202106
19721.31055 0.201062
19721.51953 0.200019
19721.72070 0.198975
19721.91992 0.197931
19722.11914 0.196918
19722.33008 0.195907
19722.52930 0.194897
19722.73047 0.193886
19722.92969 0.192885
19723.14062 0.191875
19723.33984 0.190864
19723.53906 0.189853
19723.75000 0.188843
19723.94922 0.187842
19724.15039 0.186808
19724.34961 0.185768
19724.56055 0.184727
19724.75977 0.183686
19724.96094 0.182655
19725.16016 0.181614
19725.36914 0.180572
19725.57031 0.179531
19725.76953 0.1785
19725.97070 0.177459
19726.17969 0.176271
19726.38086 0.175063
19726.58008 0.173854
19726.78906 0.172657
19726.99023 0.171448
19727.18945 0.17024
19727.39062 0.169031
19727.59961 0.167822
19727.80078 0.166625
19728.00000 0.165416
19728.21094 0.164275
19728.41016 0.163134
19728.60938 0.161993
19728.81055 0.160852
19729.01953 0.159722
19729.22070 0.158581
19729.41992 0.15744
19729.63086 0.156298
19729.83008 0.155157
19730.02930 0.154051
19730.23047 0.153074
19730.43945 0.152098
19730.64062 0.151122
19730.83984 0.150145
19731.03906 0.149169
19731.25000 0.148202
19731.44922 0.147226
19731.65039 0.14625
19731.85938 0.145273
19732.06055 0.144206
19732.25977 0.142929
19732.46094 0.14164
19732.66992 0.14035
19732.86914 0.13906
19733.07031 0.137771
19733.27930 0.136481
19733.48047 0.135204
19733.67969 0.133914
19733.88086 0.132624
19734.08984 0.131477
19734.28906 0.130524
19734.49023 0.129572
19734.69922 0.128619
19734.90039 0.127675
19735.09961 0.126723
19735.30078 0.12577
19735.50977 0.124817
19735.71094 0.123865
19735.91016 0.122912
19736.10938 0.121877
19736.32031 0.12076
19736.51953 0.119642
19736.72070 0.118526
19736.92969 0.117408
19737.13086 0.116291
19737.33008 0.115174
19737.52930 0.114068
19737.74023 0.11295
19737.93945 0.111833
19738.14062 0.110886
19738.34961 0.110012
19738.55078 0.109137
19738.75000 0.108262
19738.94922 0.107396
19739.16016 0.106521
19739.35938 0.105646
19739.56055 0.104772
19739.76953 0.103897
19739.97070 0.103022
19740.16992 0.102072
19740.38086 0.101109
19740.58008 0.100154
19740.77930 0.099191
19740.98047 0.098227
19741.18945 0.097263
19741.39062 0.0963
19741.58984 0.095336
19741.78906 0.094372
19742.00000 0.093408
19742.19922 0.092692
19742.40039 0.091971
19742.60938 0.091249
19742.81055 0.090528
19743.00977 0.089807
19743.21094 0.089085
19743.41992 0.088364
19743.61914 0.087643
19743.82031 0.086922
19744.02930 0.086199
19744.23047 0.08541
19744.42969 0.084622
19744.63086 0.083833
19744.83984 0.083045
19745.03906 0.082256
19745.24023 0.081467
19745.44922 0.080679
19745.65039 0.07989
19745.84961 0.079102
19746.05078 0.07835
19746.25977 0.07767
19746.46094 0.076991
19746.66016 0.076311
19746.86914 0.075632
19747.07031 0.074952
19747.26953 0.074273
19747.48047 0.073593
19747.67969 0.072914
19747.88086 0.072234
19748.08984 0.071551
19748.28906 0.070869
19748.49023 0.07018
19748.68945 0.069492
19748.90039 0.068804
19749.09961 0.068115
19749.30078 0.067426
19749.50977 0.066738
19749.71094 0.066049
19749.91016 0.065361
19750.11914 0.064734
19750.32031 0.064154
19750.51953 0.063574
19750.72070 0.062999
19750.92969 0.062419
19751.13086 0.061839
19751.33008 0.061259
19751.53906 0.060679
19751.74023 0.060099
19751.93945 0.059519
19752.14062 0.058917
19752.34961 0.058307
19752.55078 0.057697
19752.75000 0.057087
19752.96094 0.056477
19753.16016 0.055866
19753.35938 0.055256
19753.57031 0.054646
19753.76953 0.054036
19753.97070 0.053431
19754.16992 0.052946
19754.38086 0.052482
19754.58008 0.052018
19754.77930 0.051554
19754.99023 0.051089
19755.18945 0.050625
19755.39062 0.050161
19755.59961 0.049697
19755.80078 0.049232
19756.00000 0.048768
19756.21094 0.048349
19756.41016 0.04793
19756.60938 0.04751
19756.81055 0.047091
19757.01953 0.046671
19757.22070 0.046252
19757.41992 0.045832
19757.63086 0.045413
19757.83008 0.044993
19758.02930 0.044563
19758.24023 0.044075
19758.43945 0.043592
19758.64062 0.043104
19758.83984 0.042616
19759.05078 0.042128
19759.25000 0.04164
19759.44922 0.041153
19759.66016 0.040665
19759.85938 0.040177
19760.06055 0.03972
19760.26953 0.039334
19760.47070 0.038948
19760.66992 0.038562
19760.88086 0.038176
19761.08008 0.03779
19761.27930 0.037404
19761.48047 0.037018
19761.68945 0.036632
19761.89062 0.036246
19762.08984 0.035901
19762.30078 0.035605
19762.50000 0.035309
19762.69922 0.035012
19762.91016 0.034716
19763.10938 0.03442
19763.31055 0.034123
19763.51953 0.033827
19763.72070 0.033531
19763.91992 0.033235
19764.11914 0.03294
19764.33008 0.032647
19764.52930 0.032353
19764.73047 0.03206
19764.93945 0.031767
19765.14062 0.031473
19765.33984 0.03118
19765.55078 0.030886
19765.75000 0.030593
19765.94922 0.0303
19766.16016 0.029995
19766.35938 0.029687
19766.56055 0.029379
19766.76953 0.029071
19766.97070 0.028763
19767.16992 0.028455
19767.36914 0.028147
19767.58008 0.027839
19767.77930 0.027531
19767.98047 0.027223
19768.18945 0.027033
19768.39062 0.026854
19768.58984 0.026675
19768.80078 0.026496
19769.00000 0.026317
19769.19922 0.026138
19769.41016 0.025959
19769.60938 0.025779
19769.81055 0.0256
19770.01953 0.025412
19770.22070 0.025121
19770.41992 0.02483
19770.63086 0.024538
19770.83008 0.024244
19771.02930 0.023953
19771.24023 0.023661
19771.43945 0.02337
19771.64062 0.023079
19771.84961 0.022787
19772.05078 0.022531
19772.25000 0.022387
19772.46094 0.022243
19772.66016 0.022099
19772.85938 0.021955
19773.06055 0.021811
19773.26953 0.021667
19773.47070 0.021522
19773.66992 0.021378
19773.88086 0.021234
19774.08008 0.021061
19774.27930 0.020844
19774.49023 0.020626
19774.68945 0.020409
19774.89062 0.020191
19775.09961 0.019974
19775.30078 0.019754
19775.50000 0.019537
19775.71094 0.019319
19775.91016 0.019102
19776.10938 0.01893
19776.32031 0.018795
19776.51953 0.018661
19776.72070 0.018526
19776.92969 0.018391
19777.13086 0.018256
19777.33008 0.018121
19777.53906 0.017986
19777.74023 0.017851
19777.93945 0.017716
19778.14062 0.017604
19778.34961 0.017502
19778.55078 0.017398
19778.75977 0.017296
19778.96094 0.017194
19779.16016 0.017092
19779.36914 0.016989
19779.57031 0.016887
19779.76953 0.016785
19779.97070 0.016682
19780.17969 0.01648
19780.38086 0.016263
19780.58008 0.016046
19780.78906 0.015829
19780.99023 0.015611
19781.19922 0.015394
19781.40039 0.015177
19781.59961 0.01496
19781.80078 0.014743
19782.00977 0.014528
19782.21094 0.014359
19782.41016 0.014189
19782.61914 0.01402
19782.82031 0.01385
19783.01953 0.013681
19783.23047 0.01351
19783.42969 0.01334
19783.63086 0.013171
19783.83984 0.013001
19784.03906 0.012856
19784.24023 0.012806
19784.44922 0.012755
19784.65039 0.012705
19784.84961 0.012655
19785.06055 0.012605
19785.25977 0.012555
19785.46094 0.012504
19785.66992 0.012454
19785.86914 0.012404
19786.07031 0.012337
19786.27930 0.01224
19786.48047 0.012143
19786.67969 0.012046
19786.89062 0.011949
19787.08984 0.011851
19787.28906 0.011754
19787.50000 0.011657
19787.69922 0.01156
19787.90039 0.011464
19788.10938 0.011386
19788.31055 0.011326
19788.50977 0.011265
19788.72070 0.011204
19788.91992 0.011144
19789.11914 0.011084
19789.33008 0.011024
19789.52930 0.010963
19789.73047 0.010903
19789.93945 0.010843
19790.14062 0.010796
19790.34961 0.010755
19790.55078 0.010714
19790.75000 0.010674
19790.96094 0.010633
19791.16016 0.010593
19791.35938 0.010552
19791.56055 0.010512
19791.76953 0.010471
19791.97070 0.01043
19792.17969 0.010319
19792.38086 0.010197
19792.58008 0.010074
19792.78906 0.009952
19792.99023 0.009829
19793.18945 0.009707
19793.40039 0.009584
19793.59961 0.009462
19793.80078 0.00934
19794.00977 0.00922
19794.21094 0.009167
19794.41016 0.009114
19794.61914 0.009062
19794.82031 0.009009
19795.01953 0.008957
19795.23047 0.008904
19795.42969 0.008851
19795.63086 0.008798
19795.83984 0.008746
19796.03906 0.008697
19796.24023 0.008665
19796.44922 0.008632
19796.65039 0.0086
19796.85938 0.008567
19797.06055 0.008535
19797.25977 0.008502
19797.46094 0.00847
19797.66992 0.008437
19797.86914 0.008405
19798.08008 0.008319
19798.27930 0.008145
19798.48047 0.00797
19798.68945 0.007796
19798.89062 0.007622
19799.08984 0.007448
19799.30078 0.007272
19799.50000 0.007097
19799.69922 0.006923
19799.91016 0.006749
19800.10938 0.006645
19800.31055 0.006603
19800.51953 0.00656
19800.72070 0.006517
19800.91992 0.006475
19801.13086 0.006432
19801.33008 0.006389
19801.53906 0.006347
19801.74023 0.006304
19801.93945 0.006262
19802.14062 0.006212
19802.34961 0.006158
19802.55078 0.006105
19802.75977 0.006052
19802.96094 0.005999
19803.16016 0.005946
19803.36914 0.005892
19803.57031 0.005839
19803.76953 0.005786
19803.98047 0.005733
19804.17969 0.005738
19804.38086 0.005751
19804.58984 0.005764
19804.78906 0.005776
19804.99023 0.005789
19805.19922 0.005802
19805.40039 0.005814
19805.60938 0.005827
19805.81055 0.005839
19806.00977 0.005848
19806.22070 0.005795
19806.41992 0.005742
19806.61914 0.005689
19806.83008 0.005636
19807.02930 0.005583
19807.23047 0.00553
19807.43945 0.005477
19807.64062 0.005424
19807.83984 0.005371
19808.05078 0.005334
19808.25000 0.005349
19808.46094 0.005364
19808.66016 0.00538
19808.85938 0.005395
19809.07031 0.00541
19809.26953 0.005425
19809.47070 0.00544
19809.67969 0.005455
19809.88086 0.00547
19810.08008 0.005432
19810.28906 0.005317
19810.49023 0.005202
19810.69922 0.005086
19810.90039 0.004971
19811.09961 0.004857
19811.30078 0.004742
19811.50977 0.004626
19811.71094 0.004511
19811.91992 0.004396
19812.11914 0.004307
19812.32031 0.004235
19812.52930 0.004164
19812.73047 0.004093
19812.92969 0.004022
19813.14062 0.00395
19813.33984 0.003879
19813.53906 0.003807
19813.75000 0.003736
19813.94922 0.003664
19814.16016 0.003698
19814.35938 0.003763
19814.56055 0.003828
19814.76953 0.003894
19814.97070 0.003959
19815.16992 0.004025
19815.38086 0.00409
19815.58008 0.004156
19815.78906 0.004221
19815.99023 0.004286
19816.18945 0.004246
19816.40039 0.004201
19816.59961 0.004155
19816.80078 0.00411
19817.00977 0.004064
19817.21094 0.004018
19817.41016 0.003973
19817.61914 0.003927
19817.82031 0.003881
19818.02930 0.003824
19818.23047 0.003688
19818.42969 0.00355
19818.64062 0.003414
19818.83984 0.003278
19819.03906 0.003141
19819.25000 0.003004
19819.44922 0.002867
19819.65039 0.002731
19819.85938 0.002593
19820.06055 0.002517
19820.26953 0.002576
19820.47070 0.002635
19820.66992 0.002695
19820.88086 0.002754
19821.08008 0.002814
19821.28906 0.002873
19821.49023 0.002933
19821.68945 0.002992
19821.90039 0.003052
19822.09961 0.003049
19822.30078 0.002981
19822.50977 0.002913
19822.71094 0.002844
19822.91016 0.002776
19823.11914 0.002708
19823.32031 0.002639
19823.52930 0.002572
19823.73047 0.002504
19823.92969 0.002435
19824.14062 0.002419
19824.33984 0.00243
19824.53906 0.00244
19824.75000 0.00245
19824.94922 0.00246
19825.16016 0.00247
19825.35938 0.00248
19825.56055 0.00249
19825.76953 0.0025
19825.97070 0.00251
19826.16992 0.002456
19826.38086 0.002392
19826.58008 0.002327
19826.78906 0.002262
19826.99023 0.002197
19827.18945 0.002132
19827.40039 0.002068
19827.59961 0.002003
19827.80078 0.001938
19828.00977 0.001877
19828.21094 0.001906
19828.41992 0.001935
19828.61914 0.001964
19828.82031 0.001993
19829.02930 0.002022
19829.23047 0.002051
19829.42969 0.00208
19829.64062 0.002109
19829.83984 0.002138
19830.05078 0.002178
19830.25000 0.002252
19830.44922 0.002325
19830.66016 0.0024
19830.85938 0.002473
19831.06055 0.002547
19831.26953 0.002622
19831.47070 0.002695
19831.67969 0.002769
19831.88086 0.002844
19832.08008 0.00291
19832.28906 0.002965
19832.49023 0.003021
19832.69922 0.003076
19832.90039 0.003131
19833.09961 0.003187
19833.31055 0.003243
19833.50977 0.003299
19833.71094 0.003354
19833.91992 0.003409
19834.11914 0.003383
19834.33008 0.003304
19834.52930 0.003224
19834.73047 0.003144
19834.93945 0.003064
19835.14062 0.002984
19835.34961 0.002904
19835.55078 0.002824
19835.75000 0.002744
19835.96094 0.002664
19836.16016 0.002572
19836.36914 0.002474
19836.57031 0.002378
19836.76953 0.002281
19836.98047 0.002184
19837.17969 0.002088
19837.38086 0.00199
19837.58984 0.001894
19837.78906 0.001798
19838.00000 0.0017
19838.19922 0.001728
19838.40039 0.001757
19838.60938 0.001787
19838.81055 0.001817
19839.01953 0.001846
19839.22070 0.001876
19839.41992 0.001906
19839.63086 0.001936
19839.83008 0.001965
19840.03906 0.001995
19840.24023 0.002023
19840.43945 0.002052
19840.65039 0.002081
19840.84961 0.00211
19841.05078 0.002139
19841.25977 0.002167
19841.46094 0.002196
19841.66992 0.002225
19841.86914 0.002253
19842.07031 0.002259
19842.27930 0.002223
19842.48047 0.002187
19842.68945 0.002151
19842.89062 0.002115
19843.08984 0.002079
19843.30078 0.002043
19843.50000 0.002007
19843.71094 0.001972
19843.91016 0.001936
19844.10938 0.001781
19844.32031 0.001533
19844.51953 0.001283
19844.72070 0.001034
19844.92969 0.000784
19845.13086 0.000536
21829.64453 0.0
