threeML/data/optical_filters/HST/NICMOS1-F165M.ecsv
# %ECSV 0.9
# ---
# datatype:
# - {name: wavelength, unit: Angstrom, datatype: float32}
# - {name: response, datatype: float32}
# meta: !!omap
# - {band_name: F165M}
# - {group_name: NICMOS1}
wavelength response
[from data line 3830]
16595.46094 0.198644
16595.85938 0.198663
16596.25977 0.198683
16596.66992 0.198702
16597.07031 0.198721
16597.48047 0.19874
16597.88086 0.198759
16598.28906 0.198779
16598.68945 0.198798
16599.08984 0.198817
16599.50000 0.198836
16599.90039 0.198855
16600.31055 0.19887
16600.71094 0.198884
16601.11914 0.198898
16601.51953 0.198912
16601.92969 0.198926
16602.33008 0.198939
16602.73047 0.198953
16603.14062 0.198967
16603.53906 0.198981
16603.94922 0.198995
16604.34961 0.199008
16604.75977 0.199022
16605.16016 0.199037
16605.57031 0.199055
16605.97070 0.199072
16606.38086 0.199089
16606.77930 0.199106
16607.18945 0.199124
16607.58984 0.199141
16607.99023 0.199158
16608.40039 0.199176
16608.80078 0.199193
16609.21094 0.19921
16609.60938 0.199227
16610.01953 0.199244
16610.41992 0.199259
16610.83008 0.199274
16611.23047 0.199288
16611.64062 0.199303
16612.03906 0.199318
16612.44922 0.199332
16612.84961 0.199347
16613.25977 0.199361
16613.66016 0.199376
16614.06055 0.19939
16614.47070 0.199405
16614.88086 0.19942
16615.27930 0.199428
16615.67969 0.199433
16616.08984 0.199438
16616.49023 0.199443
16616.90039 0.199448
16617.30078 0.199454
16617.71094 0.199459
16618.10938 0.199464
16618.51953 0.199469
16618.91992 0.199474
16619.33008 0.199479
16619.73047 0.199484
16620.14062 0.199492
16620.53906 0.199506
16620.94922 0.199519
16621.34961 0.199533
16621.75977 0.199546
16622.16016 0.19956
16622.57031 0.199573
16622.97070 0.199587
16623.38086 0.1996
16623.77930 0.199614
16624.18945 0.199628
16624.58984 0.199641
16625.00000 0.199655
16625.40039 0.199665
16625.81055 0.199675
16626.21094 0.199685
16626.61914 0.199695
16627.01953 0.199705
16627.42969 0.199715
16627.83008 0.199725
16628.24023 0.199735
16628.64062 0.199745
16629.05078 0.199755
16629.46094 0.199765
16629.85938 0.199775
16630.25977 0.199783
16630.66992 0.19979
16631.07031 0.199796
16631.48047 0.199803
16631.88086 0.19981
16632.28906 0.199816
16632.69922 0.199823
16633.09961 0.199829
16633.50977 0.199836
16633.91016 0.199843
16634.32031 0.19985
16634.72070 0.199856
16635.13086 0.199865
16635.52930 0.199877
16635.93945 0.199888
16636.33984 0.199901
16636.75000 0.199912
16637.15039 0.199924
16637.56055 0.199936
16637.96094 0.199948
16638.36914 0.19996
16638.77930 0.199972
16639.17969 0.199984
16639.58984 0.199996
16639.99023 0.200008
16640.40039 0.200019
16640.80078 0.200031
16641.21094 0.200043
16641.60938 0.200054
16642.01953 0.200065
16642.41992 0.200077
16642.83008 0.200088
16643.24023 0.2001
16643.64062 0.200111
16644.05078 0.200123
16644.44922 0.200134
16644.85938 0.200146
16645.25977 0.200151
16645.66992 0.200154
16646.07031 0.200157
16646.48047 0.200159
16646.88086 0.200162
16647.28906 0.200164
16647.69922 0.200167
16648.09961 0.200169
16648.50977 0.200172
16648.91016 0.200175
16649.32031 0.200177
16649.72070 0.20018
16650.13086 0.200184
16650.53906 0.200193
16650.93945 0.200201
16651.34961 0.20021
16651.75000 0.200218
16652.16016 0.200227
16652.56055 0.200235
16652.97070 0.200244
16653.38086 0.200252
16653.77930 0.200261
16654.18945 0.200269
16654.58984 0.200278
16655.00000 0.200287
16655.41016 0.200298
16655.81055 0.200309
16656.22070 0.20032
16656.61914 0.200332
16657.02930 0.200343
16657.42969 0.200354
16657.83984 0.200366
16658.25000 0.200377
16658.65039 0.200388
16659.06055 0.200399
16659.46094 0.200411
16659.86914 0.200422
16660.27930 0.200424
16660.67969 0.200422
16661.08984 0.20042
16661.49023 0.200417
16661.90039 0.200415
16662.30078 0.200413
16662.71094 0.200411
16663.11914 0.200409
16663.51953 0.200406
16663.92969 0.200404
16664.33984 0.200402
16664.74023 0.2004
16665.15039 0.200401
16665.55078 0.200408
16665.96094 0.200414
16666.36914 0.200421
16666.76953 0.200427
16667.17969 0.200434
16667.58008 0.200441
16667.99023 0.200447
16668.40039 0.200454
16668.80078 0.200461
16669.21094 0.200467
16669.61914 0.200474
16670.01953 0.20048
16670.42969 0.20048
16670.83008 0.20048
16671.24023 0.20048
16671.64062 0.20048
16672.05078 0.200481
16672.46094 0.200481
16672.85938 0.200481
16673.26953 0.200481
16673.67969 0.200481
16674.08008 0.200481
16674.49023 0.200481
16674.89062 0.200481
16675.30078 0.200481
16675.71094 0.200481
16676.11914 0.200481
16676.51953 0.200481
16676.92969 0.20048
16677.33008 0.20048
16677.74023 0.20048
16678.15039 0.20048
16678.55078 0.20048
16678.96094 0.20048
16679.36914 0.20048
16679.76953 0.20048
16680.17969 0.200483
16680.58008 0.200491
16680.99023 0.200498
16681.40039 0.200506
16681.80078 0.200514
16682.21094 0.200522
16682.61914 0.20053
16683.01953 0.200537
16683.42969 0.200545
16683.83984 0.200553
16684.24023 0.200561
16684.65039 0.200569
16685.05078 0.200575
16685.46094 0.200577
16685.86914 0.200578
16686.27930 0.20058
16686.67969 0.200581
16687.08984 0.200583
16687.49023 0.200584
16687.90039 0.200585
16688.31055 0.200587
16688.71094 0.200588
16689.11914 0.20059
16689.52930 0.200591
16689.92969 0.200593
16690.33984 0.200595
16690.75000 0.200597
16691.15039 0.2006
16691.56055 0.200602
16691.97070 0.200605
16692.36914 0.200607
16692.77930 0.200609
16693.18945 0.200612
16693.58984 0.200614
16694.00000 0.200617
16694.41016 0.200619
16694.81055 0.200622
16695.22070 0.200622
16695.63086 0.200622
16696.03906 0.200621
16696.43945 0.20062
16696.84961 0.200619
16697.25977 0.200618
16697.66016 0.200617
16698.07031 0.200617
16698.48047 0.200616
16698.88086 0.200615
16699.28906 0.200614
16699.69922 0.200613
16700.09961 0.200612
16700.50977 0.20061
16700.91992 0.200609
16701.32031 0.200607
16701.73047 0.200605
16702.14062 0.200603
16702.53906 0.200601
16702.94922 0.2006
16703.35938 0.200598
16703.76953 0.200596
16704.16992 0.200594
16704.58008 0.200593
16704.99023 0.200591
16705.39062 0.200591
16705.80078 0.200591
16706.21094 0.200591
16706.61914 0.200591
16707.01953 0.200591
16707.42969 0.20059
16707.83984 0.20059
16708.24023 0.20059
16708.65039 0.20059
16709.06055 0.20059
16709.46094 0.20059
16709.86914 0.20059
16710.27930 0.200592
16710.68945 0.200594
16711.08984 0.200597
16711.50000 0.2006
16711.91016 0.200602
16712.31055 0.200605
16712.72070 0.200607
16713.13086 0.20061
16713.53906 0.200613
16713.93945 0.200615
16714.34961 0.200618
16714.75977 0.200621
16715.16992 0.200622
16715.57031 0.200623
16715.98047 0.200624
16716.39062 0.200625
16716.78906 0.200626
16717.19922 0.200626
16717.60938 0.200627
16718.01953 0.200628
16718.41992 0.200629
16718.83008 0.200629
16719.24023 0.20063
16719.65039 0.200631
16720.05078 0.200632
16720.46094 0.200635
16720.86914 0.200638
16721.27930 0.200642
16721.67969 0.200645
16722.08984 0.200648
16722.50000 0.200651
16722.90039 0.200654
16723.31055 0.200657
16723.72070 0.200661
16724.13086 0.200664
16724.53906 0.200667
16724.93945 0.20067
16725.34961 0.200674
16725.75977 0.200678
16726.16992 0.200681
16726.57031 0.200685
16726.98047 0.200688
16727.39062 0.200692
16727.78906 0.200696
16728.19922 0.200699
16728.60938 0.200703
16729.01953 0.200707
16729.42969 0.20071
16729.83008 0.200714
16730.24023 0.200713
16730.65039 0.20071
16731.06055 0.200707
16731.46094 0.200703
16731.86914 0.2007
16732.27930 0.200696
16732.68945 0.200693
16733.08984 0.200689
16733.50000 0.200686
16733.91016 0.200682
16734.32031 0.200679
16734.72070 0.200675
16735.13086 0.200673
16735.53906 0.200673
16735.94922 0.200674
16736.35938 0.200674
16736.75977 0.200674
16737.16992 0.200674
16737.58008 0.200675
16737.99023 0.200675
16738.39062 0.200675
16738.80078 0.200676
16739.21094 0.200676
16739.61914 0.200676
16740.02930 0.200676
16740.43945 0.200678
16740.83984 0.200679
16741.25000 0.20068
16741.66016 0.200682
16742.07031 0.200683
16742.47070 0.200684
16742.88086 0.200686
16743.28906 0.200687
16743.69922 0.200688
16744.10938 0.20069
16744.50977 0.200691
16744.91992 0.200692
16745.33008 0.200697
16745.74023 0.200702
16746.15039 0.200707
16746.55078 0.200712
16746.96094 0.200717
16747.36914 0.200722
16747.77930 0.200727
16748.18945 0.200732
16748.58984 0.200737
16749.00000 0.200742
16749.41016 0.200747
16749.82031 0.200752
16750.23047 0.200754
16750.63086 0.200754
16751.03906 0.200753
16751.44922 0.200753
16751.85938 0.200752
16752.26953 0.200751
16752.67969 0.200751
16753.08008 0.20075
16753.49023 0.20075
16753.90039 0.200749
16754.31055 0.200749
16754.72070 0.200748
16755.11914 0.200749
16755.52930 0.200752
16755.93945 0.200755
16756.34961 0.200758
16756.75977 0.200762
16757.16992 0.200765
16757.57031 0.200768
16757.98047 0.200771
16758.39062 0.200774
16758.80078 0.200777
16759.21094 0.200781
16759.61914 0.200784
16760.01953 0.200788
16760.42969 0.200796
16760.83984 0.200804
16761.25000 0.200813
16761.66016 0.200821
16762.07031 0.20083
16762.47070 0.200838
16762.88086 0.200846
16763.28906 0.200855
16763.69922 0.200863
16764.10938 0.200872
16764.51953 0.20088
16764.92969 0.200888
16765.33008 0.200895
16765.74023 0.200901
16766.15039 0.200908
16766.56055 0.200914
16766.97070 0.20092
16767.38086 0.200926
16767.78906 0.200933
16768.18945 0.200939
16768.59961 0.200945
16769.00977 0.200952
16769.41992 0.200958
16769.83008 0.200964
16770.24023 0.20097
16770.64062 0.200977
16771.05078 0.200983
16771.46094 0.20099
16771.86914 0.200996
16772.27930 0.201003
16772.68945 0.201009
16773.09961 0.201016
16773.50977 0.201022
16773.91016 0.201029
16774.32031 0.201035
16774.73047 0.201042
16775.14062 0.201048
16775.55078 0.201053
16775.96094 0.201058
16776.36914 0.201063
16776.77930 0.201068
16777.17969 0.201073
16777.58984 0.201078
16778.00000 0.201083
16778.41016 0.201089
16778.82031 0.201094
16779.23047 0.201099
16779.64062 0.201104
16780.03906 0.201109
16780.46094 0.201113
16780.85938 0.201118
16781.26953 0.201122
16781.67969 0.201126
16782.08984 0.201131
16782.50000 0.201135
16782.91016 0.201139
16783.32031 0.201144
16783.72070 0.201148
16784.13086 0.201153
16784.53906 0.201157
16784.94922 0.201161
16785.35938 0.20117
16785.76953 0.20118
16786.17969 0.20119
16786.58984 0.201199
16787.00000 0.201209
16787.41016 0.201219
16787.81055 0.201228
16788.22070 0.201238
16788.63086 0.201247
16789.03906 0.201257
16789.44922 0.201267
16789.85938 0.201276
16790.26953 0.201286
16790.67969 0.201295
16791.08984 0.201304
16791.50000 0.201312
16791.91016 0.201321
16792.31055 0.20133
16792.72070 0.201339
16793.13086 0.201348
16793.53906 0.201357
16793.94922 0.201366
16794.35938 0.201375
16794.76953 0.201384
16795.17969 0.201394
16795.58984 0.201405
16796.00000 0.201417
16796.41016 0.201429
16796.82031 0.20144
16797.22070 0.201452
16797.63086 0.201464
16798.03906 0.201475
16798.44922 0.201487
16798.85938 0.201499
16799.26953 0.20151
16799.67969 0.201522
16800.08984 0.201533
16800.50000 0.201544
16800.91016 0.201554
16801.32031 0.201565
16801.73047 0.201575
16802.14062 0.201586
16802.55078 0.201596
16802.96094 0.201606
16803.36914 0.201617
16803.77930 0.201627
16804.17969 0.201638
16804.58984 0.201648
16805.00000 0.201659
16805.41016 0.201675
16805.82031 0.201691
16806.23047 0.201707
16806.64062 0.201724
16807.05078 0.20174
16807.46094 0.201756
16807.86914 0.201772
16808.27930 0.201788
16808.68945 0.201804
16809.09961 0.20182
16809.50977 0.201837
16809.91992 0.201853
16810.33008 0.201867
16810.74023 0.201882
16811.15039 0.201896
16811.56055 0.20191
16811.96094 0.201925
16812.36914 0.201939
16812.78906 0.201953
16813.18945 0.201967
16813.59961 0.201982
16814.00977 0.201996
16814.41992 0.20201
16814.83008 0.202024
16815.24023 0.202037
16815.65039 0.202048
16816.06055 0.20206
16816.47070 0.202071
16816.88086 0.202082
16817.28906 0.202093
16817.69922 0.202105
16818.10938 0.202116
16818.51953 0.202127
16818.92969 0.202138
16819.33984 0.20215
16819.75000 0.202161
16820.16016 0.202176
16820.57031 0.202195
16820.98047 0.202215
16821.39062 0.202234
16821.80078 0.202254
16822.21094 0.202274
16822.61914 0.202293
16823.02930 0.202313
16823.43945 0.202333
16823.84961 0.202352
16824.25977 0.202372
16824.66992 0.202391
16825.08008 0.20241
16825.49023 0.202427
16825.90039 0.202443
16826.31055 0.20246
16826.72070 0.202476
16827.13086 0.202493
16827.53906 0.202509
16827.94922 0.202525
16828.35938 0.202542
16828.76953 0.202558
16829.17969 0.202575
16829.58984 0.202591
16830.00000 0.202607
16830.41016 0.202628
16830.82031 0.202649
16831.23047 0.20267
16831.64062 0.202691
16832.05078 0.202712
16832.46094 0.202732
16832.86914 0.202753
16833.27930 0.202774
16833.68945 0.202795
16834.09961 0.202816
16834.50977 0.202837
16834.91992 0.202857
16835.33008 0.202881
16835.74023 0.202904
16836.15039 0.202928
16836.56055 0.202952
16836.97070 0.202975
16837.38086 0.202999
16837.78906 0.203023
16838.19922 0.203046
16838.60938 0.20307
16839.01953 0.203094
16839.42969 0.203117
16839.83984 0.203141
16840.25000 0.203167
16840.66016 0.203194
16841.07031 0.203221
16841.48047 0.203248
16841.89062 0.203275
16842.30078 0.203302
16842.71094 0.203329
16843.13086 0.203356
16843.53906 0.203383
16843.94922 0.20341
16844.35938 0.203437
16844.76953 0.203464
16845.17969 0.203489
16845.58984 0.203513
16846.00000 0.203536
16846.41016 0.20356
16846.82031 0.203583
16847.23047 0.203607
16847.64062 0.20363
16848.05078 0.203654
16848.46094 0.203677
16848.86914 0.203701
16849.27930 0.203724
16849.68945 0.203748
16850.09961 0.203772
16850.50977 0.203799
16850.91992 0.203826
16851.33008 0.203853
16851.75000 0.20388
16852.16016 0.203907
16852.57031 0.203933
16852.98047 0.20396
16853.39062 0.203987
16853.80078 0.204014
16854.21094 0.204041
16854.61914 0.204068
16855.02930 0.204095
16855.43945 0.204115
16855.84961 0.204136
16856.25977 0.204157
16856.66992 0.204178
16857.08008 0.204198
16857.49023 0.204219
16857.91016 0.20424
16858.32031 0.20426
16858.73047 0.204281
16859.14062 0.204302
16859.55078 0.204323
16859.96094 0.204343
16860.36914 0.204371
16860.77930 0.204399
16861.18945 0.204427
16861.59961 0.204456
16862.00977 0.204484
16862.41992 0.204512
16862.83008 0.20454
16863.25000 0.204569
16863.66016 0.204597
16864.07031 0.204625
16864.48047 0.204653
16864.89062 0.204682
16865.30078 0.204713
16865.71094 0.204744
16866.11914 0.204776
16866.52930 0.204808
16866.93945 0.204839
16867.35938 0.204871
16867.76953 0.204902
16868.17969 0.204934
16868.58984 0.204966
16869.00000 0.204997
16869.41016 0.205029
16869.82031 0.205061
16870.23047 0.205089
16870.64062 0.205115
16871.05078 0.205141
16871.46094 0.205167
16871.88086 0.205193
16872.28906 0.205219
16872.69922 0.205244
16873.10938 0.20527
16873.51953 0.205296
16873.92969 0.205322
16874.33984 0.205348
16874.75000 0.205374
16875.16992 0.205404
16875.58008 0.205439
16875.99023 0.205474
16876.40039 0.205509
16876.81055 0.205545
16877.22070 0.20558
16877.63086 0.205616
16878.03906 0.205651
16878.46094 0.205686
16878.86914 0.205722
16879.27930 0.205757
16879.68945 0.205792
16880.09961 0.205827
16880.50977 0.205861
16880.91992 0.205894
16881.33008 0.205927
16881.74023 0.20596
16882.16016 0.205994
16882.57031 0.206027
16882.98047 0.206061
16883.39062 0.206094
16883.80078 0.206127
16884.21094 0.206161
16884.63086 0.206194
16885.03906 0.206227
16885.44922 0.206258
16885.85938 0.206289
16886.26953 0.206319
16886.67969 0.20635
16887.08984 0.20638
16887.50000 0.206411
16887.91992 0.206442
16888.33008 0.206472
16888.74023 0.206503
16889.15039 0.206534
16889.56055 0.206564
16889.97070 0.206595
16890.38086 0.206634
16890.80078 0.206673
16891.21094 0.206712
16891.61914 0.206752
16892.02930 0.206791
16892.43945 0.20683
16892.84961 0.20687
16893.26953 0.206909
16893.67969 0.206948
16894.08984 0.206988
16894.50000 0.207027
16894.91016 0.207066
16895.32031 0.207103
16895.74023 0.207139
16896.15039 0.207174
16896.56055 0.20721
16896.97070 0.207246
16897.38086 0.207281
16897.78906 0.207317
16898.21094 0.207353
16898.61914 0.207388
16899.02930 0.207424
16899.43945 0.20746
16899.84961 0.207496
16900.25977 0.20753
16900.67969 0.207564
16901.08984 0.207598
16901.50000 0.207632
16901.91016 0.207666
16902.32031 0.2077
16902.73047 0.207733
16903.15039 0.207767
16903.56055 0.207801
16903.97070 0.207835
16904.38086 0.207869
16904.78906 0.207903
16905.21094 0.207938
16905.61914 0.207974
16906.02930 0.208009
16906.43945 0.208045
16906.84961 0.208081
16907.26953 0.208117
