threeML/data/optical_filters/HST/NICMOS3-F187N.ecsv
# %ECSV 0.9
# ---
# datatype:
# - {name: wavelength, unit: Angstrom, datatype: float32}
# - {name: response, datatype: float32}
# meta: !!omap
# - {band_name: F187N}
# - {group_name: NICMOS3}
wavelength response
18535.68945 0.0
18535.88086 1.3e-05
18536.06055 5.9e-05
18536.24023 9.6e-05
18536.42969 0.000134
18536.60938 0.000171
18536.78906 0.000208
18536.98047 0.000246
18537.16016 0.000283
18537.34961 0.000321
18537.52930 0.000358
18537.71094 0.000395
18537.90039 0.000433
18538.08008 0.000458
18538.26953 0.00047
18538.44922 0.000481
18538.63086 0.000492
18538.82031 0.000503
18539.00000 0.000514
18539.18945 0.000526
18539.36914 0.000537
18539.55078 0.000548
18539.74023 0.000559
18539.91992 0.000571
18540.10938 0.000584
18540.28906 0.000598
18540.47070 0.000612
18540.66016 0.000626
18540.83984 0.00064
18541.02930 0.000655
18541.21094 0.000669
18541.39062 0.000683
18541.58008 0.000697
18541.75977 0.000711
18541.94922 0.000726
18542.13086 0.000722
18542.31055 0.000712
18542.50000 0.000702
18542.67969 0.000692
18542.86914 0.000682
18543.05078 0.000672
18543.23047 0.000662
18543.41992 0.000652
18543.59961 0.000641
18543.78906 0.000631
18543.97070 0.000621
18544.16016 0.000627
18544.33984 0.000635
18544.51953 0.000643
18544.71094 0.000651
18544.89062 0.000659
18545.08008 0.000667
18545.25977 0.000675
18545.43945 0.000683
18545.63086 0.000691
18545.81055 0.000699
18546.00000 0.000707
18546.17969 0.000719
18546.35938 0.000731
18546.55078 0.000743
18546.73047 0.000755
18546.91992 0.000767
18547.09961 0.000779
18547.28906 0.000791
18547.47070 0.000803
18547.65039 0.000815
18547.83984 0.000827
18548.01953 0.000833
18548.21094 0.000791
18548.39062 0.00075
18548.57031 0.000708
18548.75977 0.000667
18548.93945 0.000625
18549.11914 0.000584
18549.31055 0.000542
18549.49023 0.0005
18549.67969 0.000459
18549.85938 0.000418
18550.05078 0.000405
18550.23047 0.00048
18550.41016 0.000554
18550.59961 0.000629
18550.77930 0.000704
18550.97070 0.000779
18551.15039 0.000853
18551.33008 0.000928
18551.51953 0.001003
18551.69922 0.001077
18551.89062 0.001152
18552.07031 0.001179
18552.25977 0.001133
18552.43945 0.001086
18552.61914 0.001039
18552.81055 0.000991
18552.99023 0.000945
18553.17969 0.000898
18553.35938 0.000851
18553.53906 0.000803
18553.73047 0.000757
18553.91016 0.00071
18554.09961 0.000704
18554.27930 0.000735
18554.46094 0.000766
18554.65039 0.000797
18554.83008 0.000829
18555.01953 0.00086
18555.19922 0.000891
18555.39062 0.000922
18555.57031 0.000953
18555.75000 0.000984
18555.93945 0.001016
18556.11914 0.001053
18556.31055 0.001092
18556.49023 0.001132
18556.67969 0.001172
18556.85938 0.001212
18557.03906 0.001252
18557.23047 0.001292
18557.41016 0.001332
18557.59961 0.001371
18557.77930 0.001411
18557.96094 0.001451
18558.15039 0.001443
18558.33008 0.001423
18558.51953 0.001402
18558.69922 0.001382
18558.88086 0.001362
18559.07031 0.001342
18559.25000 0.001322
18559.43945 0.001302
18559.61914 0.001282
18559.81055 0.001262
18559.99023 0.001242
18560.17969 0.001201
18560.35938 0.001159
18560.53906 0.001118
18560.73047 0.001076
18560.91016 0.001034
18561.09961 0.000992
18561.27930 0.00095
18561.46094 0.000908
18561.65039 0.000867
18561.83008 0.000825
18562.01953 0.000789
18562.19922 0.000808
18562.38086 0.000827
18562.57031 0.000846
18562.75000 0.000865
18562.93945 0.000884
18563.11914 0.000903
18563.31055 0.000922
18563.49023 0.000941
18563.67969 0.00096
18563.85938 0.000979
18564.03906 0.001005
18564.23047 0.001053
18564.41016 0.001101
18564.59961 0.001148
18564.77930 0.001196
18564.96094 0.001244
18565.15039 0.001291
18565.33008 0.00134
18565.51953 0.001387
18565.69922 0.001435
18565.89062 0.001483
18566.07031 0.001498
18566.25000 0.00146
18566.43945 0.001421
18566.61914 0.001383
18566.81055 0.001346
18566.99023 0.001307
18567.17969 0.001269
18567.35938 0.001231
18567.53906 0.001193
18567.73047 0.001155
18567.91016 0.001117
18568.09961 0.001117
18568.27930 0.001152
18568.47070 0.001186
18568.65039 0.00122
18568.83008 0.001254
18569.01953 0.001289
18569.19922 0.001323
18569.39062 0.001357
18569.57031 0.001392
18569.75977 0.001426
18569.93945 0.00146
18570.13086 0.001482
18570.31055 0.001498
18570.49023 0.001514
18570.67969 0.001531
18570.85938 0.001547
18571.05078 0.001563
18571.23047 0.001579
18571.41016 0.001595
18571.59961 0.001612
18571.77930 0.001628
18571.97070 0.001644
18572.15039 0.001669
18572.33984 0.001695
18572.51953 0.001721
18572.71094 0.001747
18572.89062 0.001774
18573.07031 0.0018
18573.25977 0.001826
18573.43945 0.001853
18573.63086 0.001879
18573.81055 0.001905
18574.00000 0.001932
18574.17969 0.001909
18574.36914 0.001886
18574.55078 0.001863
18574.73047 0.001839
18574.91992 0.001816
18575.09961 0.001793
18575.28906 0.001769
18575.47070 0.001746
18575.65039 0.001723
18575.83984 0.001699
18576.01953 0.001682
18576.21094 0.001708
18576.39062 0.001734
18576.58008 0.00176
18576.75977 0.001786
18576.94922 0.001812
18577.13086 0.001837
18577.31055 0.001863
18577.50000 0.001889
18577.67969 0.001915
18577.86914 0.001941
18578.05078 0.001963
18578.24023 0.001973
18578.41992 0.001984
18578.60938 0.001995
18578.78906 0.002005
18578.97070 0.002016
18579.16016 0.002027
18579.33984 0.002037
18579.52930 0.002048
18579.71094 0.002059
18579.90039 0.002069
18580.08008 0.002096
18580.25977 0.002144
18580.44922 0.002191
18580.63086 0.002239
18580.82031 0.002287
18581.00000 0.002334
18581.18945 0.002382
18581.36914 0.002429
18581.55078 0.002477
18581.74023 0.002524
18581.91992 0.002572
18582.10938 0.002595
18582.28906 0.002601
18582.48047 0.002608
18582.66016 0.002614
18582.84961 0.00262
18583.02930 0.002626
18583.21094 0.002632
18583.40039 0.002639
18583.58008 0.002645
18583.76953 0.002651
18583.94922 0.002657
18584.14062 0.002716
18584.32031 0.002793
18584.50977 0.00287
18584.68945 0.002947
18584.88086 0.003024
18585.06055 0.003101
18585.24023 0.003178
18585.42969 0.003255
18585.60938 0.003332
18585.80078 0.003409
18585.98047 0.003486
18586.16992 0.003525
18586.34961 0.003561
18586.53906 0.003596
18586.72070 0.003632
18586.90039 0.003668
18587.08984 0.003703
18587.26953 0.003739
18587.46094 0.003774
18587.64062 0.00381
18587.83008 0.003845
18588.00977 0.003871
18588.19922 0.003754
18588.38086 0.003636
18588.56055 0.003519
18588.75000 0.003401
18588.92969 0.003285
18589.11914 0.003167
18589.30078 0.00305
18589.49023 0.002933
18589.66992 0.002815
18589.85938 0.002698
18590.03906 0.002636
18590.22070 0.002771
18590.41016 0.002907
18590.58984 0.003041
18590.77930 0.003177
18590.96094 0.003311
18591.15039 0.003447
18591.33008 0.003581
18591.51953 0.003717
18591.69922 0.003851
18591.89062 0.003987
18592.07031 0.004067
18592.25977 0.004059
18592.43945 0.00405
18592.63086 0.004042
18592.81055 0.004034
18592.99023 0.004026
18593.17969 0.004017
18593.35938 0.004009
18593.55078 0.004001
18593.73047 0.003993
18593.91992 0.003984
18594.09961 0.004037
18594.28906 0.004141
18594.47070 0.004245
18594.65039 0.004349
18594.83984 0.004453
18595.01953 0.004557
18595.21094 0.004661
18595.39062 0.004765
18595.58008 0.004869
18595.75977 0.004973
18595.94922 0.005077
18596.13086 0.005125
18596.31055 0.00515
18596.50000 0.005174
18596.67969 0.005199
18596.86914 0.005224
18597.05078 0.005248
18597.24023 0.005273
18597.41992 0.005298
18597.60938 0.005322
18597.78906 0.005347
18597.98047 0.005372
18598.16016 0.005388
18598.34961 0.005403
18598.52930 0.005418
18598.71094 0.005433
18598.90039 0.005448
18599.08008 0.005463
18599.26953 0.005478
18599.44922 0.005493
18599.64062 0.005508
18599.82031 0.005523
18600.00977 0.005541
18600.18945 0.005672
18600.38086 0.005804
18600.56055 0.005933
18600.75000 0.006064
18600.92969 0.006194
18601.11914 0.006325
18601.30078 0.006455
18601.48047 0.006586
18601.66992 0.006716
18601.84961 0.006847
18602.03906 0.006958
18602.22070 0.006995
18602.41016 0.007032
18602.58984 0.007069
18602.77930 0.007106
18602.96094 0.007143
18603.14062 0.00718
18603.33008 0.007217
18603.50977 0.007254
18603.69922 0.007291
18603.88086 0.007328
18604.07031 0.007368
18604.25000 0.007416
18604.43945 0.007463
18604.61914 0.00751
18604.81055 0.007557
18604.99023 0.007605
18605.17969 0.007652
18605.35938 0.007699
18605.53906 0.007746
18605.73047 0.007793
18605.91992 0.007841
18606.09961 0.00789
18606.28906 0.00794
18606.47070 0.00799
18606.65039 0.00804
18606.83984 0.00809
18607.01953 0.008141
18607.21094 0.008191
18607.39062 0.008241
18607.58008 0.008291
18607.75977 0.008342
18607.94922 0.008392
18608.13086 0.008416
18608.32031 0.00843
18608.50000 0.008444
18608.68945 0.008458
18608.86914 0.008471
18609.05078 0.008485
18609.24023 0.008499
18609.41992 0.008513
18609.60938 0.008527
18609.78906 0.00854
18609.98047 0.008554
18610.16016 0.008789
18610.34961 0.009057
18610.52930 0.009324
18610.72070 0.009589
18610.90039 0.009856
18611.08984 0.010121
18611.26953 0.010388
18611.46094 0.010653
18611.64062 0.01092
18611.83008 0.011188
18612.00977 0.01144
18612.19922 0.011471
18612.38086 0.011501
18612.56055 0.011532
18612.75000 0.011563
18612.92969 0.011593
18613.11914 0.011624
18613.30078 0.011655
18613.49023 0.011686
18613.66992 0.011716
18613.85938 0.011747
18614.03906 0.011811
18614.23047 0.011982
18614.41016 0.012155
18614.59961 0.012327
18614.77930 0.0125
18614.96094 0.012671
18615.15039 0.012845
18615.33984 0.013018
18615.51953 0.013189
18615.71094 0.013362
18615.89062 0.013534
18616.07031 0.013725
18616.25977 0.013943
18616.43945 0.014159
18616.63086 0.014377
18616.81055 0.014593
18617.00000 0.014811
18617.17969 0.015029
18617.36914 0.015244
18617.55078 0.015463
18617.74023 0.015678
18617.91992 0.015896
18618.10938 0.016102
18618.28906 0.016296
18618.48047 0.016492
18618.66016 0.016688
18618.84961 0.016882
18619.02930 0.017079
18619.21094 0.017273
18619.40039 0.017469
18619.58984 0.017665
18619.76953 0.017859
18619.96094 0.018055
18620.14062 0.018198
18620.32031 0.018325
18620.50977 0.018452
18620.68945 0.018578
18620.88086 0.018705
18621.06055 0.018832
18621.25000 0.018958
18621.42969 0.019085
18621.61914 0.019211
18621.80078 0.019338
18621.99023 0.019465
18622.16992 0.019728
18622.35938 0.020002
18622.53906 0.020277
18622.73047 0.020548
18622.91016 0.020823
18623.09961 0.021098
18623.27930 0.021369
18623.47070 0.021644
18623.65039 0.021915
18623.83984 0.02219
18624.01953 0.022462
18624.21094 0.022715
18624.39062 0.02297
18624.58008 0.023225
18624.75977 0.023477
18624.94922 0.023733
18625.13086 0.023988
18625.31055 0.02424
18625.50000 0.024495
18625.67969 0.024748
18625.86914 0.025003
18626.05078 0.025251
18626.24023 0.025479
18626.41992 0.025709
18626.60938 0.02594
18626.78906 0.026168
18626.98047 0.026399
18627.16016 0.026629
18627.34961 0.026857
18627.52930 0.027088
18627.72070 0.027318
18627.90039 0.027546
18628.08984 0.027841
18628.26953 0.028207
18628.46094 0.028569
18628.64062 0.028936
18628.83008 0.029302
18629.00977 0.029664
18629.19922 0.03003
18629.38086 0.030396
18629.57031 0.030759
18629.75000 0.031125
18629.93945 0.031491
18630.11914 0.031857
18630.31055 0.032228
18630.49023 0.032599
18630.67969 0.032967
18630.85938 0.033338
18631.05078 0.03371
18631.23047 0.034077
18631.41992 0.034449
18631.59961 0.03482
18631.78906 0.035187
18631.97070 0.035559
18632.16016 0.036022
18632.33984 0.036498
18632.52930 0.036978
18632.71094 0.037459
18632.89062 0.037934
18633.08008 0.038415
18633.26953 0.038896
18633.44922 0.039376
18633.63086 0.039852
18633.82031 0.040332
18634.00977 0.040813
18634.18945 0.041294
18634.36914 0.04178
18634.56055 0.042266
18634.74023 0.042748
18634.92969 0.043234
18635.11914 0.04372
18635.30078 0.044201
18635.48047 0.044687
18635.66992 0.045173
18635.85938 0.04566
18636.03906 0.046166
18636.22070 0.046776
18636.41016 0.047385
18636.58984 0.047988
18636.77930 0.048597
18636.96094 0.049206
18637.15039 0.049809
18637.33008 0.050418
18637.51953 0.051027
18637.71094 0.051636
18637.89062 0.052239
18638.07031 0.052896
18638.25977 0.053626
18638.43945 0.054347
18638.63086 0.055077
18638.81055 0.055806
18639.00000 0.056535
18639.17969 0.057257
18639.36914 0.057987
18639.55078 0.058716
18639.74023 0.059438
18639.91992 0.060167
18640.10938 0.060882
18640.28906 0.061588
18640.48047 0.062286
18640.66016 0.062992
18640.84961 0.063697
18641.03906 0.064403
18641.22070 0.065101
18641.40039 0.065806
18641.58984 0.066512
18641.76953 0.06721
18641.96094 0.067916
18642.14062 0.068677
18642.33008 0.069453
18642.50977 0.070221
18642.69922 0.070998
18642.88086 0.071774
18643.07031 0.072551
18643.25000 0.073319
18643.43945 0.074096
18643.61914 0.074872
18643.81055 0.075649
18643.99023 0.076417
18644.17969 0.077233
18644.36914 0.07805
18644.55078 0.078867
18644.73047 0.079675
18644.91992 0.080493
18645.10938 0.08131
18645.28906 0.082118
18645.47070 0.082935
18645.66016 0.083752
18645.84961 0.084569
18646.02930 0.085388
18646.21094 0.08627
18646.40039 0.087153
18646.58984 0.088035
18646.76953 0.088908
18646.96094 0.089791
18647.14062 0.090673
18647.33008 0.091556
18647.50977 0.092438
18647.69922 0.093311
18647.88086 0.094194
18648.07031 0.095071
18648.25000 0.095941
18648.43945 0.096801
18648.61914 0.09767
18648.81055 0.098539
18648.99023 0.099408
18649.17969 0.100268
18649.35938 0.101138
18649.55078 0.102007
18649.73047 0.102876
18649.91992 0.103736
18650.09961 0.104705
18650.28906 0.105756
18650.47070 0.106807
18650.66016 0.107858
18650.83984 0.108898
18651.02930 0.109949
18651.21094 0.111
18651.40039 0.112051
18651.58008 0.113091
18651.76953 0.114142
18651.94922 0.115193
18652.14062 0.116161
18652.32031 0.117101
18652.50977 0.118032
18652.68945 0.118972
18652.88086 0.119913
18653.06055 0.120853
18653.25000 0.121794
18653.42969 0.122724
18653.61914 0.123665
18653.80078 0.124605
18653.99023 0.125545
18654.16992 0.126487
18654.35938 0.12744
18654.53906 0.128392
18654.73047 0.129345
18654.91992 0.130298
18655.09961 0.13124
18655.28906 0.132193
18655.47070 0.133145
18655.66016 0.134098
18655.83984 0.13505
18656.02930 0.136008
18656.21094 0.137075
18656.40039 0.138141
18656.58008 0.139208
18656.76953 0.140274
18656.94922 0.141329
18657.14062 0.142396
18657.32031 0.143462
18657.50977 0.144529
18657.68945 0.145595
18657.88086 0.146662
18658.06055 0.147667
18658.25000 0.148584
18658.42969 0.149501
18658.61914 0.150419
18658.80078 0.151336
18658.99023 0.152244
18659.16992 0.153161
18659.35938 0.154078
18659.53906 0.154996
18659.73047 0.155913
18659.91992 0.15683
18660.09961 0.157695
18660.28906 0.158534
18660.47070 0.159372
18660.66016 0.16021
18660.83984 0.161049
18661.02930 0.161878
18661.21094 0.162716
18661.40039 0.163554
18661.58008 0.164393
18661.76953 0.165231
18661.94922 0.166069
18662.14062 0.166929
18662.32031 0.167808
18662.50977 0.168687
18662.68945 0.169566
18662.88086 0.170445
18663.06055 0.171324
18663.25000 0.172193
18663.42969 0.173072
18663.61914 0.173951
18663.80078 0.17483
18663.99023 0.175709
18664.17969 0.176478
18664.35938 0.17724
18664.53906 0.177995
18664.73047 0.178758
18664.91992 0.17952
18665.09961 0.180283
18665.28906 0.181045
18665.47070 0.181808
18665.66016 0.182562
18665.83984 0.183325
18666.02930 0.184068
18666.21094 0.184702
18666.40039 0.185335
18666.58008 0.185968
18666.76953 0.186601
18666.94922 0.187227
18667.14062 0.187861
18667.32031 0.188494
18667.50977 0.189127
18667.69922 0.18976
18667.88086 0.190393
18668.07031 0.191029
18668.25000 0.191665
18668.43945 0.192307
18668.61914 0.19295
18668.81055 0.193592
18668.99023 0.194234
18669.17969 0.194877
18669.35938 0.195519
18669.55078 0.196161
18669.73047 0.196797
18669.91992 0.197439
18670.09961 0.197993
18670.28906 0.198478
18670.47070 0.198963
18670.66016 0.199448
18670.84961 0.199933
18671.02930 0.200417
18671.21094 0.200897
18671.40039 0.201382
18671.58984 0.201866
18671.76953 0.202351
18671.96094 0.202836
18672.14062 0.203386
18672.33008 0.203955
18672.50977 0.204524
18672.69922 0.205088
18672.88086 0.205657
18673.07031 0.206226
18673.25000 0.206796
18673.43945 0.207365
18673.61914 0.207934
18673.81055 0.208504
18674.00000 0.209073
18674.17969 0.209413
18674.36914 0.209745
18674.55078 0.21008
18674.74023 0.210416
18674.91992 0.210751
18675.10938 0.211086
18675.28906 0.211422
18675.48047 0.211757
18675.66016 0.212092
18675.84961 0.212427
18676.03906 0.21272
18676.22070 0.212832
18676.40039 0.212945
18676.58984 0.213057
18676.77930 0.21317
