threeML/data/optical_filters/HST/NICMOS1-F190N.ecsv
# %ECSV 0.9
# ---
# datatype:
# - {name: wavelength, unit: Angstrom, datatype: float32}
# - {name: response, datatype: float32}
# meta: !!omap
# - {band_name: F190N}
# - {group_name: NICMOS1}
wavelength response
18754.03906 0.0
18754.24023 3.5e-05
18754.43945 0.000102
18754.64062 0.000167
18754.83008 0.000233
18755.02930 0.000299
18755.23047 0.000365
18755.42969 0.000431
18755.63086 0.000497
18755.82031 0.000563
18756.01953 0.000621
18756.22070 0.000609
18756.41992 0.000598
18756.61914 0.000587
18756.81055 0.000575
18757.00977 0.000564
18757.21094 0.000553
18757.41016 0.000541
18757.59961 0.00053
18757.80078 0.000519
18758.00000 0.000507
18758.19922 0.000453
18758.40039 0.000399
18758.58984 0.000345
18758.78906 0.000291
18758.99023 0.000236
18759.18945 0.000182
18759.38086 0.000128
18759.58008 7.4e-05
18759.77930 2e-05
18759.98047 0.0
18760.17969 3.7e-05
18760.38086 0.000125
18760.57031 0.000212
18760.76953 0.000299
18760.97070 0.000387
18761.16992 0.000474
18761.35938 0.000561
18761.56055 0.000649
18761.75977 0.000736
18761.96094 0.000823
18762.16016 0.000823
18762.34961 0.000799
18762.55078 0.000776
18762.75000 0.000752
18762.94922 0.000728
18763.14062 0.000704
18763.33984 0.00068
18763.53906 0.000656
18763.74023 0.000632
18763.93945 0.000608
18764.13086 0.000617
18764.33008 0.000642
18764.52930 0.000666
18764.73047 0.00069
18764.92969 0.000714
18765.11914 0.000739
18765.32031 0.000763
18765.51953 0.000787
18765.72070 0.000812
18765.91992 0.000836
18766.10938 0.000832
18766.31055 0.000807
18766.50977 0.000783
18766.71094 0.000759
18766.91016 0.000734
18767.09961 0.000709
18767.30078 0.000685
18767.50000 0.00066
18767.69922 0.000636
18767.90039 0.000611
18768.08984 0.000594
18768.28906 0.000585
18768.49023 0.000576
18768.68945 0.000567
18768.88086 0.000557
18769.08008 0.000548
18769.27930 0.000539
18769.48047 0.00053
18769.67969 0.000521
18769.86914 0.000512
18770.07031 0.000494
18770.26953 0.000461
18770.47070 0.000428
18770.66992 0.000395
18770.86914 0.000363
18771.06055 0.00033
18771.25977 0.000297
18771.46094 0.000265
18771.66016 0.000232
18771.85938 0.000199
18772.05078 0.000197
18772.25000 0.00028
18772.44922 0.000362
18772.65039 0.000445
18772.84961 0.000527
18773.03906 0.000609
18773.24023 0.000692
18773.43945 0.000774
18773.64062 0.000857
18773.83984 0.000939
18774.02930 0.000999
18774.23047 0.000948
18774.42969 0.000898
18774.63086 0.000847
18774.83008 0.000797
18775.01953 0.000746
18775.22070 0.000696
18775.41992 0.000645
18775.61914 0.000595
18775.82031 0.000544
18776.00977 0.000501
18776.21094 0.000542
18776.41016 0.000584
18776.60938 0.000625
18776.81055 0.000667
18777.00000 0.000708
18777.19922 0.00075
18777.40039 0.000791
18777.59961 0.000833
18777.80078 0.000874
18777.99023 0.000916
18778.18945 0.000944
18778.39062 0.000972
18778.58984 0.001
18778.78906 0.001027
18778.98047 0.001055
18779.17969 0.001083
18779.38086 0.00111
18779.58008 0.001138
18779.77930 0.001166
18779.98047 0.001194
18780.16992 0.001174
18780.36914 0.001147
18780.57031 0.001121
18780.76953 0.001094
18780.97070 0.001068
18781.16016 0.001041
18781.35938 0.001015
18781.56055 0.000988
18781.75977 0.000962
18781.96094 0.000935
18782.15039 0.000914
18782.34961 0.000894
18782.55078 0.000874
18782.75000 0.000854
18782.94922 0.000834
18783.15039 0.000813
18783.33984 0.000793
18783.53906 0.000773
18783.74023 0.000753
18783.93945 0.000733
18784.14062 0.000734
18784.33008 0.000743
18784.52930 0.000753
18784.73047 0.000763
18784.92969 0.000773
18785.13086 0.000783
18785.32031 0.000793
18785.51953 0.000803
18785.72070 0.000813
18785.91992 0.000823
18786.11914 0.000814
18786.32031 0.000792
18786.50977 0.000771
18786.71094 0.000749
18786.91016 0.000727
18787.10938 0.000705
18787.31055 0.000684
18787.50000 0.000662
18787.69922 0.00064
18787.90039 0.000619
18788.09961 0.000602
18788.30078 0.00059
18788.50000 0.000579
18788.68945 0.000567
18788.89062 0.000556
18789.08984 0.000544
18789.28906 0.000533
18789.49023 0.000521
18789.68945 0.00051
18789.88086 0.000498
18790.08008 0.000525
18790.27930 0.000606
18790.48047 0.000688
18790.67969 0.000769
18790.88086 0.000851
18791.07031 0.000932
18791.26953 0.001013
18791.47070 0.001094
18791.66992 0.001176
18791.86914 0.001257
18792.06055 0.00133
18792.25977 0.001384
18792.46094 0.001439
18792.66016 0.001493
18792.85938 0.001548
18793.05078 0.001602
18793.25000 0.001656
18793.44922 0.001711
18793.65039 0.001765
18793.84961 0.00182
18794.03906 0.001856
18794.24023 0.001831
18794.43945 0.001807
18794.64062 0.001782
18794.83984 0.001757
18795.03906 0.001732
18795.23047 0.001708
18795.42969 0.001683
18795.63086 0.001658
18795.83008 0.001633
18796.02930 0.001607
18796.23047 0.001577
18796.42969 0.001547
18796.61914 0.001517
18796.82031 0.001487
18797.01953 0.001457
18797.22070 0.001426
18797.41992 0.001396
18797.61914 0.001366
18797.81055 0.001336
18798.00977 0.001311
18798.21094 0.001363
18798.41016 0.001416
18798.60938 0.001469
18798.80078 0.001522
18799.00000 0.001575
18799.19922 0.001628
18799.40039 0.001681
18799.59961 0.001734
18799.78906 0.001787
18799.99023 0.00184
18800.18945 0.00184
18800.39062 0.001839
18800.58984 0.001837
18800.78906 0.001836
18800.99023 0.001834
18801.17969 0.001833
18801.38086 0.001832
18801.58008 0.00183
18801.77930 0.001829
18801.98047 0.001828
18802.17969 0.001806
18802.36914 0.001782
18802.57031 0.001757
18802.76953 0.001733
18802.97070 0.001709
18803.16992 0.001685
18803.36914 0.00166
18803.56055 0.001636
18803.75977 0.001612
18803.96094 0.001588
18804.16016 0.001625
18804.35938 0.001677
18804.56055 0.001729
18804.75000 0.001781
18804.94922 0.001834
18805.15039 0.001886
18805.34961 0.001938
18805.55078 0.00199
18805.75000 0.002043
18805.93945 0.002095
18806.14062 0.002106
18806.33984 0.002101
18806.53906 0.002096
18806.74023 0.002091
18806.93945 0.002086
18807.13086 0.002081
18807.33008 0.002076
18807.52930 0.002071
18807.73047 0.002066
18807.92969 0.002061
18808.13086 0.002129
18808.32031 0.002236
18808.51953 0.002344
18808.72070 0.002451
18808.91992 0.002559
18809.11914 0.002667
18809.32031 0.002775
18809.51953 0.002883
18809.71094 0.00299
18809.91016 0.003098
18810.10938 0.003091
18810.31055 0.002994
18810.50977 0.002895
18810.71094 0.002798
18810.90039 0.0027
18811.09961 0.002601
18811.30078 0.002504
18811.50000 0.002406
18811.69922 0.002308
18811.90039 0.00221
18812.08984 0.002218
18812.28906 0.002344
18812.49023 0.00247
18812.68945 0.002594
18812.89062 0.00272
18813.08984 0.002846
18813.28906 0.00297
18813.48047 0.003096
18813.67969 0.00322
18813.88086 0.003346
18814.08008 0.003401
18814.27930 0.003352
18814.48047 0.003302
18814.66992 0.003252
18814.86914 0.003202
18815.07031 0.003152
18815.26953 0.003103
18815.47070 0.003053
18815.66992 0.003003
18815.86914 0.002953
18816.06055 0.002917
18816.25977 0.002908
18816.46094 0.002898
18816.66016 0.002889
18816.85938 0.00288
18817.06055 0.002871
18817.25000 0.002862
18817.44922 0.002853
18817.65039 0.002843
18817.84961 0.002834
18818.05078 0.002849
18818.25000 0.002937
18818.44922 0.003024
18818.64062 0.003112
18818.83984 0.0032
18819.03906 0.003288
18819.24023 0.003376
18819.43945 0.003463
18819.64062 0.003551
18819.83984 0.003639
18820.02930 0.003715
18820.23047 0.003734
18820.42969 0.003752
18820.63086 0.003771
18820.83008 0.00379
18821.02930 0.003808
18821.22070 0.003827
18821.41992 0.003845
18821.61914 0.003864
18821.82031 0.003883
18822.01953 0.003904
18822.22070 0.003954
18822.41992 0.004005
18822.61914 0.004056
18822.81055 0.004106
18823.00977 0.004156
18823.21094 0.004207
18823.41016 0.004257
18823.60938 0.004307
18823.81055 0.004358
18824.00000 0.004408
18824.19922 0.004441
18824.40039 0.004474
18824.59961 0.004507
18824.80078 0.00454
18825.00000 0.004573
18825.19922 0.004605
18825.39062 0.004638
18825.58984 0.004671
18825.78906 0.004704
18825.99023 0.004737
18826.18945 0.004683
18826.39062 0.004624
18826.58984 0.004565
18826.78906 0.004506
18826.98047 0.004448
18827.17969 0.004389
18827.38086 0.00433
18827.58008 0.004272
18827.77930 0.004213
18827.98047 0.004154
18828.17969 0.004229
18828.36914 0.004322
18828.57031 0.004415
18828.76953 0.004508
18828.97070 0.004601
18829.16992 0.004694
18829.36914 0.004787
18829.56055 0.004879
18829.75977 0.004973
18829.96094 0.005066
18830.16016 0.005145
18830.35938 0.005221
18830.56055 0.005297
18830.75977 0.005374
18830.96094 0.005449
18831.15039 0.005525
18831.34961 0.005602
18831.55078 0.005677
18831.75000 0.005753
18831.94922 0.00583
18832.15039 0.00585
18832.34961 0.005852
18832.53906 0.005854
18832.74023 0.005855
18832.93945 0.005857
18833.14062 0.005858
18833.33984 0.00586
18833.53906 0.005861
18833.74023 0.005863
18833.93945 0.005865
18834.13086 0.00597
18834.33008 0.006123
18834.52930 0.006277
18834.73047 0.006432
18834.92969 0.006585
18835.13086 0.006739
18835.33008 0.006894
18835.52930 0.007048
18835.72070 0.007201
18835.91992 0.007355
18836.11914 0.007406
18836.32031 0.007388
18836.51953 0.007371
18836.72070 0.007354
18836.91992 0.007337
18837.10938 0.00732
18837.31055 0.007303
18837.50977 0.007285
18837.71094 0.007268
18837.91016 0.007251
18838.10938 0.007312
18838.31055 0.00744
18838.50977 0.007568
18838.69922 0.007695
18838.90039 0.007823
18839.09961 0.007951
18839.30078 0.008079
18839.50000 0.008206
18839.69922 0.008334
18839.90039 0.008462
18840.09961 0.008545
18840.28906 0.008579
18840.49023 0.008614
18840.68945 0.008649
18840.89062 0.008684
18841.08984 0.008718
18841.28906 0.008753
18841.49023 0.008788
18841.68945 0.008823
18841.88086 0.008858
18842.08008 0.008905
18842.27930 0.00897
18842.48047 0.009036
18842.67969 0.009101
18842.88086 0.009166
18843.08008 0.009232
18843.27930 0.009297
18843.47070 0.009362
18843.66992 0.009427
18843.86914 0.009493
18844.07031 0.009572
18844.26953 0.009675
18844.47070 0.009777
18844.66992 0.00988
18844.86914 0.009984
18845.06055 0.010087
18845.25977 0.010189
18845.46094 0.010293
18845.66016 0.010396
18845.85938 0.010499
18846.06055 0.010595
18846.25977 0.010672
18846.46094 0.01075
18846.65039 0.010828
18846.84961 0.010906
18847.05078 0.010983
18847.25000 0.01106
18847.44922 0.011138
18847.65039 0.011216
18847.84961 0.011294
18848.03906 0.011388
18848.24023 0.011539
18848.43945 0.011691
18848.64062 0.011843
18848.83984 0.011994
18849.03906 0.012144
18849.24023 0.012296
18849.43945 0.012448
18849.64062 0.012599
18849.83984 0.012751
18850.02930 0.0129
18850.23047 0.013044
18850.42969 0.013189
18850.63086 0.013333
18850.83008 0.013477
18851.02930 0.01362
18851.23047 0.013765
18851.42969 0.013909
18851.61914 0.014053
18851.82031 0.014198
18852.01953 0.014333
18852.22070 0.014408
18852.41992 0.014482
18852.61914 0.014557
18852.82031 0.014631
18853.01953 0.014706
18853.21094 0.014779
18853.41016 0.014854
18853.60938 0.014928
18853.81055 0.015003
18854.00977 0.01508
18854.21094 0.015197
18854.41016 0.015312
18854.60938 0.015429
18854.81055 0.015546
18855.00977 0.015663
18855.21094 0.01578
18855.40039 0.015896
18855.59961 0.016013
18855.80078 0.01613
18856.00000 0.016247
18856.19922 0.016443
18856.40039 0.01664
18856.59961 0.016837
18856.78906 0.017031
18856.99023 0.017228
18857.18945 0.017424
18857.39062 0.017621
18857.58984 0.017818
18857.78906 0.018014
18857.99023 0.018209
18858.18945 0.018442
18858.39062 0.018678
18858.58984 0.018913
18858.78906 0.019149
18858.98047 0.019384
18859.17969 0.019617
18859.38086 0.019853
18859.58008 0.020088
18859.77930 0.020324
18859.98047 0.020559
18860.17969 0.020707
18860.38086 0.020845
18860.57031 0.020981
18860.76953 0.021118
18860.97070 0.021256
18861.16992 0.021393
18861.36914 0.021531
18861.57031 0.021668
18861.76953 0.021805
18861.97070 0.021943
18862.16992 0.022177
18862.36914 0.022433
18862.56055 0.022688
18862.75977 0.022943
18862.96094 0.023199
18863.16016 0.023454
18863.35938 0.023709
18863.56055 0.023965
18863.75977 0.024218
18863.96094 0.024473
18864.16016 0.024719
18864.35938 0.024963
18864.55078 0.025207
18864.75000 0.025451
18864.94922 0.025695
18865.15039 0.025939
18865.34961 0.026181
18865.55078 0.026425
18865.75000 0.026669
18865.94922 0.026913
18866.15039 0.027234
18866.34961 0.027583
18866.53906 0.027932
18866.74023 0.028281
18866.93945 0.028629
18867.14062 0.028975
18867.33984 0.029324
18867.53906 0.029673
18867.74023 0.030022
18867.93945 0.030371
18868.14062 0.030692
18868.33984 0.031002
18868.53906 0.031311
18868.73047 0.03162
18868.92969 0.031929
18869.13086 0.032236
18869.33008 0.032545
18869.52930 0.032854
18869.73047 0.033163
18869.92969 0.033473
18870.13086 0.033797
18870.33008 0.03413
18870.52930 0.034462
18870.72070 0.034795
18870.91992 0.035128
18871.11914 0.035461
18871.32031 0.035793
18871.51953 0.036123
18871.72070 0.036456
18871.91992 0.036788
18872.11914 0.037167
18872.32031 0.037579
18872.51953 0.03799
18872.71094 0.038401
18872.91016 0.038812
18873.10938 0.039224
18873.31055 0.039635
18873.50977 0.040046
18873.71094 0.040458
18873.91016 0.040869
18874.10938 0.041251
18874.31055 0.041617
18874.50977 0.041982
18874.71094 0.042348
18874.90039 0.042713
18875.09961 0.043079
18875.30078 0.043444
18875.50000 0.04381
18875.69922 0.044175
18875.90039 0.044541
18876.09961 0.045003
18876.30078 0.045562
18876.50000 0.046121
18876.69922 0.04668
18876.90039 0.047239
18877.09961 0.047799
18877.28906 0.048358
18877.49023 0.048917
18877.68945 0.04947
18877.89062 0.05003
18878.08984 0.050522
18878.28906 0.050934
18878.49023 0.051347
18878.68945 0.051759
18878.89062 0.052171
18879.08984 0.052583
18879.28906 0.052995
18879.48047 0.053407
18879.67969 0.053819
18879.88086 0.054231
18880.08008 0.05472
18880.27930 0.055319
18880.48047 0.055918
18880.67969 0.056516
18880.88086 0.057115
18881.08008 0.057714
18881.27930 0.058312
18881.48047 0.058911
18881.67969 0.059509
18881.88086 0.060108
18882.07031 0.060685
18882.26953 0.061225
18882.47070 0.061766
18882.66992 0.062306
18882.86914 0.062846
18883.07031 0.063386
18883.26953 0.063927
18883.47070 0.064467
18883.66992 0.065007
18883.86914 0.065548
18884.07031 0.066132
18884.26953 0.066805
18884.46094 0.067471
18884.66016 0.068144
18884.85938 0.068817
18885.06055 0.06949
18885.25977 0.070163
18885.46094 0.070836
18885.66016 0.071509
18885.85938 0.072182
18886.06055 0.07284
18886.25977 0.073462
18886.46094 0.074084
18886.65039 0.074705
18886.84961 0.075327
18887.05078 0.075949
18887.25000 0.07657
18887.44922 0.077192
18887.65039 0.077813
18887.84961 0.078435
18888.05078 0.079085
18888.25000 0.079822
18888.44922 0.080558
18888.65039 0.081302
18888.84961 0.082038
18889.05078 0.082775
18889.25000 0.083512
18889.44922 0.084248
18889.64062 0.084985
18889.83984 0.085721
18890.03906 0.086452
18890.24023 0.087161
18890.43945 0.087871
18890.64062 0.088581
18890.83984 0.08929
18891.03906 0.09
18891.24023 0.090709
18891.43945 0.091419
18891.64062 0.092128
18891.83984 0.092838
18892.03906 0.093577
18892.23047 0.094457
18892.42969 0.095336
18892.63086 0.096215
18892.83008 0.097095
18893.02930 0.097974
18893.23047 0.098854
18893.42969 0.099733
18893.63086 0.100612
18893.83008 0.101491
18894.02930 0.102418
18894.23047 0.103638
18894.42969 0.104858
18894.63086 0.106079
18894.82031 0.107299
18895.01953 0.108519
18895.22070 0.10974
18895.41992 0.110972
18895.61914 0.112192
18895.82031 0.113412
18896.01953 0.114612
18896.22070 0.115637
18896.41992 0.116662
18896.61914 0.117687
18896.82031 0.118713
18897.01953 0.119738
18897.22070 0.120763
18897.41992 0.121788
18897.61914 0.122813
18897.81055 0.123839
18898.00977 0.12487
18898.21094 0.125995
18898.41016 0.12712
18898.60938 0.128244
18898.81055 0.12938
18899.00977 0.130504
18899.21094 0.131629
18899.41016 0.132753
18899.60938 0.133878
18899.81055 0.135002
18900.00977 0.136114
18900.21094 0.136916
18900.41016 0.137718
18900.60938 0.138519
18900.80078 0.139321
18901.00000 0.140123
18901.19922 0.140925
18901.40039 0.141727
18901.59961 0.142536
18901.80078 0.143338
18902.00000 0.144141
18902.19922 0.145026
18902.40039 0.14591
18902.59961 0.146795
18902.80078 0.14768
18903.00000 0.148565
18903.19922 0.14945
18903.40039 0.150335
18903.59961 0.15122
18903.80078 0.152114
18904.00000 0.152999
18904.19922 0.153747
18904.39062 0.154492
18904.58984 0.155237
18904.78906 0.155983
18904.99023 0.156728
18905.18945 0.157473
18905.39062 0.158218
18905.58984 0.158964
18905.78906 0.159716
18905.99023 0.160461
