threeML/data/optical_filters/HST/NICMOS3-F166N.ecsv
# %ECSV 0.9
# ---
# datatype:
# - {name: wavelength, unit: Angstrom, datatype: float32}
# - {name: response, datatype: float32}
# meta: !!omap
# - {band_name: F166N}
# - {group_name: NICMOS3}
wavelength response
16370.58008 0.0
16370.75000 2.1e-05
16370.91016 6.1e-05
16371.07031 0.000101
16371.23047 0.000142
16371.38965 0.000183
16371.54980 0.000223
16371.70996 0.000264
16371.87012 0.000304
16372.03027 0.000336
16372.19043 0.00033
16372.34961 0.000325
16372.50977 0.00032
16372.67969 0.000315
16372.83984 0.00031
16373.00000 0.000304
16373.16016 0.000299
16373.32031 0.000294
16373.48047 0.000289
16373.63965 0.000284
16373.79980 0.000278
16373.95996 0.000273
16374.12988 0.00028
16374.29004 0.000291
16374.45020 0.000302
16374.61035 0.000312
16374.76953 0.000323
16374.92969 0.000334
16375.08984 0.000344
16375.25000 0.000355
16375.41016 0.000366
16375.57031 0.000377
16375.73047 0.000387
16375.90039 0.000398
16376.05957 0.000409
16376.21973 0.000421
16376.37988 0.000433
16376.54004 0.000446
16376.70020 0.000458
16376.86035 0.00047
16377.01953 0.000482
16377.17969 0.000494
16377.33984 0.000506
16377.50000 0.000519
16377.66992 0.000531
16377.83008 0.000543
16377.99023 0.000555
16378.15039 0.000558
16378.30957 0.000559
16378.46973 0.000561
16378.62988 0.000562
16378.79004 0.000564
16378.95020 0.000565
16379.12012 0.000567
16379.28027 0.000569
16379.44043 0.00057
16379.59961 0.000572
16379.75977 0.000573
16379.91992 0.000575
16380.08008 0.000567
16380.24023 0.000551
16380.40039 0.000535
16380.55957 0.000518
16380.73047 0.000502
16380.88965 0.000486
16381.04980 0.000469
16381.20996 0.000453
16381.37012 0.000437
16381.53027 0.00042
16381.69043 0.000404
16381.84961 0.000388
16382.00977 0.000373
16382.16992 0.000374
16382.33984 0.000375
16382.50000 0.000377
16382.66016 0.000378
16382.82031 0.000379
16382.98047 0.000381
16383.13965 0.000382
16383.29980 0.000383
16383.45996 0.000385
16383.62012 0.000386
16383.79004 0.000387
16383.95020 0.000389
16384.10938 0.000399
16384.26953 0.000414
16384.42969 0.000429
16384.58984 0.000444
16384.75000 0.000459
16384.91016 0.000474
16385.07031 0.000489
16385.23047 0.000504
16385.40039 0.00052
16385.56055 0.000535
16385.72070 0.00055
16385.88086 0.000565
16386.03906 0.000578
16386.19922 0.000588
16386.35938 0.000597
16386.51953 0.000607
16386.67969 0.000617
16386.84961 0.000626
16387.00977 0.000636
16387.16992 0.000645
16387.33008 0.000655
16387.49023 0.000665
16387.65039 0.000674
16387.81055 0.000684
16387.97070 0.000693
16388.13086 0.000691
16388.28906 0.000685
16388.46094 0.00068
16388.61914 0.000675
16388.77930 0.00067
16388.93945 0.000665
16389.09961 0.00066
16389.25977 0.000655
16389.41992 0.000649
16389.58008 0.000644
16389.74023 0.000639
16389.91016 0.000634
16390.07031 0.000634
16390.23047 0.000641
16390.39062 0.000648
16390.55078 0.000655
16390.71094 0.000662
16390.86914 0.000668
16391.02930 0.000675
16391.19922 0.000682
16391.35938 0.000689
16391.51953 0.000696
16391.67969 0.000703
16391.83984 0.00071
16392.00000 0.000717
16392.16016 0.000726
16392.32031 0.000735
16392.48047 0.000744
16392.64062 0.000754
16392.81055 0.000763
16392.97070 0.000772
16393.13086 0.000781
16393.28906 0.000791
16393.44922 0.0008
16393.60938 0.000809
16393.76953 0.000818
16393.92969 0.000827
16394.09961 0.000826
16394.25977 0.000816
16394.41992 0.000807
16394.58008 0.000798
16394.74023 0.000788
16394.90039 0.000779
16395.06055 0.00077
16395.22070 0.00076
16395.38086 0.000751
16395.55078 0.000742
16395.71094 0.000732
16395.86914 0.000723
16396.02930 0.000721
16396.18945 0.000756
16396.34961 0.000789
16396.50977 0.000824
16396.66992 0.000857
16396.83984 0.000892
16397.00000 0.000926
16397.16016 0.00096
16397.32031 0.000994
16397.48047 0.001028
16397.64062 0.001062
16397.80078 0.001096
16397.96094 0.00113
16398.13086 0.001136
16398.28906 0.001134
16398.44922 0.001131
16398.60938 0.001129
16398.76953 0.001127
16398.92969 0.001125
16399.08984 0.001123
16399.25000 0.001121
16399.41016 0.001118
16399.58008 0.001116
16399.74023 0.001114
16399.90039 0.001112
16400.06055 0.001106
16400.22070 0.001092
16400.38086 0.001078
16400.53906 0.001064
16400.71094 0.00105
16400.86914 0.001037
16401.02930 0.001023
16401.18945 0.001009
16401.34961 0.000995
16401.50977 0.000981
16401.66992 0.000968
16401.83008 0.000954
16401.99023 0.00094
16402.16016 0.000953
16402.32031 0.000967
16402.48047 0.00098
16402.64062 0.000994
16402.80078 0.001008
16402.96094 0.001022
16403.11914 0.001036
16403.27930 0.001049
16403.44922 0.001063
16403.60938 0.001077
16403.76953 0.001091
16403.92969 0.001105
16404.08984 0.001115
16404.25000 0.001122
16404.41016 0.001129
16404.57031 0.001136
16404.74023 0.001143
16404.90039 0.00115
16405.06055 0.001158
16405.22070 0.001165
16405.38086 0.001172
16405.53906 0.001179
16405.69922 0.001186
16405.86914 0.001193
16406.02930 0.001199
16406.18945 0.001198
16406.34961 0.001196
16406.50977 0.001195
16406.66992 0.001193
16406.83008 0.001192
16406.99023 0.00119
16407.15039 0.001189
16407.32031 0.001188
16407.48047 0.001186
16407.64062 0.001185
16407.80078 0.001183
16407.96094 0.001182
16408.11914 0.001192
16408.27930 0.001206
16408.44922 0.00122
16408.60938 0.001234
16408.76953 0.001248
16408.92969 0.001262
16409.08984 0.001276
16409.25000 0.00129
16409.41016 0.001304
16409.57031 0.001318
16409.73047 0.001332
16409.90039 0.001346
16410.06055 0.001362
16410.22070 0.001379
16410.38086 0.001397
16410.53906 0.001415
16410.69922 0.001433
16410.86914 0.001451
16411.02930 0.001469
16411.18945 0.001487
16411.34961 0.001505
16411.50977 0.001523
16411.66992 0.001541
16411.83008 0.001559
16411.99023 0.001577
16412.15039 0.001595
16412.32031 0.001614
16412.48047 0.001632
16412.64062 0.00165
16412.80078 0.001669
16412.96094 0.001687
16413.11914 0.001706
16413.28906 0.001724
16413.44922 0.001742
16413.60938 0.001761
16413.76953 0.001779
16413.92969 0.001798
16414.08984 0.00179
16414.25000 0.001762
16414.41016 0.001735
16414.58008 0.001707
16414.74023 0.001679
16414.90039 0.001651
16415.06055 0.001624
16415.22070 0.001596
16415.38086 0.001568
16415.53906 0.001541
16415.71094 0.001513
16415.86914 0.001485
16416.02930 0.001467
16416.18945 0.001495
16416.34961 0.001522
16416.50977 0.00155
16416.66992 0.001578
16416.83008 0.001606
16417.00000 0.001634
16417.16016 0.001662
16417.32031 0.001689
16417.48047 0.001717
16417.64062 0.001745
16417.80078 0.001773
16417.96094 0.001801
16418.13086 0.001818
16418.28906 0.001832
16418.44922 0.001846
16418.60938 0.00186
16418.76953 0.001874
16418.92969 0.001888
16419.08984 0.001902
16419.25977 0.001916
16419.41992 0.001929
16419.58008 0.001943
16419.74023 0.001957
16419.90039 0.001971
16420.06055 0.001986
16420.22070 0.002002
16420.38086 0.002017
16420.55078 0.002033
16420.71094 0.002048
16420.86914 0.002064
16421.02930 0.00208
16421.18945 0.002095
16421.34961 0.002111
16421.51953 0.002127
16421.67969 0.002142
16421.83984 0.002158
16422.00000 0.002174
16422.16016 0.002193
16422.32031 0.002212
16422.48047 0.002232
16422.64062 0.002251
16422.81055 0.002271
16422.97070 0.00229
16423.13086 0.002309
16423.28906 0.002329
16423.44922 0.002348
16423.60938 0.002368
16423.77930 0.002387
16423.93945 0.002407
16424.09961 0.002414
16424.25977 0.002415
16424.41992 0.002415
16424.58008 0.002415
16424.74023 0.002415
16424.91016 0.002416
16425.07031 0.002416
16425.23047 0.002416
16425.39062 0.002416
16425.55078 0.002417
16425.71094 0.002417
16425.88086 0.002417
16426.03906 0.002422
16426.19922 0.002443
16426.35938 0.002465
16426.51953 0.002486
16426.67969 0.002507
16426.83984 0.002529
16427.00000 0.00255
16427.16992 0.002571
16427.33008 0.002593
16427.49023 0.002614
16427.65039 0.002635
16427.81055 0.002657
16427.97070 0.002678
16428.13086 0.002691
16428.30078 0.002703
16428.46094 0.002714
16428.61914 0.002726
16428.77930 0.002738
16428.93945 0.00275
16429.09961 0.002761
16429.26953 0.002773
16429.42969 0.002785
16429.58984 0.002796
16429.75000 0.002808
16429.91016 0.00282
16430.07031 0.00285
16430.23047 0.002904
16430.40039 0.002958
16430.56055 0.003011
16430.72070 0.003065
16430.88086 0.003118
16431.03906 0.003172
16431.19922 0.003225
16431.36914 0.003279
16431.52930 0.003333
16431.68945 0.003386
16431.84961 0.00344
16432.00977 0.003491
16432.16992 0.0035
16432.33008 0.00351
16432.50000 0.003519
16432.66016 0.003529
16432.82031 0.003539
16432.98047 0.003548
16433.14062 0.003558
16433.30078 0.003567
16433.46094 0.003577
16433.63086 0.003587
16433.78906 0.003596
16433.94922 0.003606
16434.10938 0.003622
16434.26953 0.003641
16434.42969 0.003659
16434.59961 0.003678
16434.75977 0.003697
16434.91992 0.003715
16435.08008 0.003734
16435.24023 0.003752
16435.40039 0.003771
16435.56055 0.00379
16435.73047 0.003808
16435.89062 0.003827
16436.05078 0.003848
16436.21094 0.003873
16436.36914 0.003898
16436.53906 0.003924
16436.69922 0.003949
16436.85938 0.003974
16437.01953 0.004
16437.17969 0.004025
16437.33984 0.00405
16437.50000 0.004076
16437.66992 0.004101
16437.83008 0.004126
16437.99023 0.004152
16438.15039 0.004206
16438.31055 0.004263
16438.47070 0.004319
16438.63086 0.004376
16438.80078 0.004432
16438.96094 0.004489
16439.11914 0.004545
16439.27930 0.004602
16439.43945 0.004659
16439.60938 0.004716
16439.76953 0.004772
16439.92969 0.004829
16440.08984 0.004854
16440.25000 0.004854
16440.41016 0.004855
16440.57031 0.004855
16440.74023 0.004855
16440.90039 0.004856
16441.06055 0.004856
16441.22070 0.004856
16441.38086 0.004856
16441.53906 0.004857
16441.71094 0.004857
16441.86914 0.004857
16442.02930 0.004869
16442.18945 0.004934
16442.34961 0.004997
16442.50977 0.005062
16442.67969 0.005126
16442.83984 0.005191
16443.00000 0.005255
16443.16016 0.005319
16443.32031 0.005384
16443.48047 0.005448
16443.64062 0.005512
16443.81055 0.005576
16443.97070 0.005641
16444.13086 0.005677
16444.28906 0.005705
16444.44922 0.005734
16444.61914 0.005763
16444.77930 0.005793
16444.93945 0.005821
16445.09961 0.00585
16445.25977 0.005879
16445.41992 0.005908
16445.58984 0.005937
16445.75000 0.005966
16445.91016 0.005995
16446.07031 0.006038
16446.23047 0.006101
16446.39062 0.006162
16446.55078 0.006224
16446.72070 0.006287
16446.88086 0.006349
16447.03906 0.006411
16447.19922 0.006472
16447.35938 0.006535
16447.52930 0.006597
16447.68945 0.006659
16447.84961 0.006721
16448.00977 0.006782
16448.16992 0.006827
16448.33008 0.006872
16448.50000 0.006917
16448.66016 0.006962
16448.82031 0.007007
16448.98047 0.007052
16449.14062 0.007097
16449.30078 0.007142
16449.46094 0.007187
16449.63086 0.007232
16449.78906 0.007277
16449.94922 0.007322
16450.10938 0.0074
16450.26953 0.007493
16450.43945 0.007587
16450.59961 0.00768
16450.75977 0.007774
16450.91992 0.007866
16451.08008 0.00796
16451.24023 0.008053
16451.41016 0.008147
16451.57031 0.00824
16451.73047 0.008333
16451.89062 0.008426
16452.05078 0.008507
16452.21094 0.00856
16452.38086 0.008613
16452.53906 0.008666
16452.69922 0.00872
16452.85938 0.008773
16453.01953 0.008827
16453.18945 0.00888
16453.34961 0.008933
16453.50977 0.008986
16453.66992 0.00904
16453.83008 0.009093
16453.99023 0.009147
16454.16016 0.009237
16454.32031 0.009327
16454.48047 0.009418
16454.64062 0.009509
16454.80078 0.009601
16454.96094 0.009692
16455.13086 0.009782
16455.28906 0.009874
16455.44922 0.009965
16455.60938 0.010056
16455.76953 0.010147
16455.93945 0.010239
16456.09961 0.010324
16456.25977 0.010408
16456.41992 0.010491
16456.58008 0.010574
16456.74023 0.010658
16456.90039 0.01074
16457.07031 0.010823
16457.23047 0.010907
16457.39062 0.01099
16457.55078 0.011074
16457.71094 0.011157
16457.86914 0.011239
16458.03906 0.011329
16458.19922 0.011442
16458.35938 0.011554
16458.51953 0.011667
16458.68945 0.011779
16458.84961 0.01189
16459.00977 0.012003
16459.16992 0.012115
16459.33008 0.012228
16459.49023 0.01234
16459.66016 0.012453
16459.82031 0.012565
16459.98047 0.012676
16460.14062 0.012806
16460.30078 0.012937
16460.46094 0.013069
16460.63086 0.013201
16460.78906 0.013333
16460.94922 0.013463
16461.10938 0.013595
16461.26953 0.013727
16461.43945 0.013859
16461.59961 0.013991
16461.75977 0.014122
16461.91992 0.014254
16462.08008 0.014365
16462.24023 0.014457
16462.41016 0.014549
16462.57031 0.014642
16462.73047 0.014734
16462.89062 0.014827
16463.05078 0.014919
16463.21094 0.01501
16463.38086 0.015103
16463.53906 0.015195
16463.69922 0.015288
16463.85938 0.01538
16464.02930 0.015489
16464.18945 0.015684
16464.34961 0.015876
16464.50977 0.016071
16464.66992 0.016266
16464.83008 0.016461
16465.00000 0.016656
16465.16016 0.016851
16465.32031 0.017047
16465.48047 0.017242
16465.64062 0.017434
16465.80078 0.017629
16465.97070 0.017825
16466.13086 0.017983
16466.28906 0.018131
16466.44922 0.01828
16466.61914 0.018429
16466.77930 0.018577
16466.93945 0.018724
16467.09961 0.018873
16467.25977 0.019022
16467.41992 0.01917
16467.58984 0.019319
16467.75000 0.019468
16467.91016 0.019616
16468.07031 0.01976
16468.23047 0.019896
16468.39062 0.020033
16468.56055 0.02017
16468.72070 0.020307
16468.88086 0.020444
16469.03906 0.020581
16469.21094 0.020719
16469.36914 0.020856
16469.52930 0.020993
16469.68945 0.021128
16469.84961 0.021266
16470.00977 0.02141
16470.17969 0.021631
16470.33984 0.021853
16470.50000 0.022074
16470.66016 0.022296
16470.82031 0.022517
16470.99023 0.022738
16471.15039 0.022957
16471.31055 0.023179
16471.47070 0.0234
16471.63086 0.023622
16471.78906 0.023843
16471.96094 0.024065
16472.11914 0.024359
16472.27930 0.02468
16472.43945 0.025001
16472.60938 0.025322
16472.76953 0.025643
16472.92969 0.02596
16473.08984 0.026281
16473.25000 0.026602
16473.41016 0.026922
16473.58008 0.027243
16473.74023 0.027564
16473.90039 0.027885
16474.06055 0.028184
16474.22070 0.028447
16474.39062 0.02871
16474.55078 0.028973
16474.71094 0.029233
16474.86914 0.029496
16475.02930 0.029759
16475.19922 0.030022
16475.35938 0.030285
16475.51953 0.030548
16475.67969 0.030811
16475.83984 0.031074
16476.00977 0.031341
16476.16992 0.031704
16476.33008 0.032068
16476.49023 0.032432
16476.65039 0.032795
16476.81055 0.033155
16476.98047 0.033518
16477.14062 0.033882
16477.30078 0.034246
16477.46094 0.03461
16477.63086 0.034974
16477.78906 0.035338
16477.94922 0.035701
16478.10938 0.03604
16478.26953 0.036368
16478.43945 0.036696
16478.59961 0.037024
16478.75977 0.037351
16478.91992 0.037679
16479.08008 0.038007
16479.24023 0.038331
16479.41016 0.038659
16479.57031 0.038987
16479.73047 0.039314
16479.89062 0.039642
16480.05078 0.040022
16480.22070 0.040502
16480.38086 0.040982
16480.53906 0.041463
16480.69922 0.041943
16480.86914 0.042424
16481.02930 0.042904
16481.18945 0.043385
16481.34961 0.043866
16481.50977 0.044346
16481.67969 0.044827
16481.83984 0.045307
16482.00000 0.045788
16482.16016 0.046196
16482.32031 0.046599
16482.48047 0.047007
16482.65039 0.047415
16482.81055 0.047823
16482.97070 0.048231
16483.13086 0.048639
16483.28906 0.049047
16483.46094 0.049456
16483.61914 0.049864
16483.77930 0.050272
16483.93945 0.05068
16484.10938 0.051176
16484.26953 0.05172
16484.42969 0.052264
16484.58984 0.052807
16484.75000 0.053351
16484.91992 0.053895
16485.08008 0.054439
16485.24023 0.054983
16485.40039 0.055526
16485.56055 0.05607
16485.73047 0.056614
16485.89062 0.057158
16486.05078 0.0577
16486.21094 0.058239
16486.38086 0.058777
16486.53906 0.059315
16486.69922 0.059853
16486.85938 0.060391
16487.01953 0.06093
16487.18945 0.061468
16487.34961 0.062006
16487.50977 0.062538
16487.66992 0.063077
16487.83008 0.063615
16487.99023 0.064154
16488.16016 0.064749
16488.32031 0.065347
16488.48047 0.065945
16488.64062 0.066543
16488.80078 0.067141
16488.97070 0.067739
16489.13086 0.068337
16489.28906 0.068935
16489.44922 0.069533
16489.61914 0.070131
16489.77930 0.070729
16489.93945 0.071327
16490.09961 0.072024
16490.25977 0.07278
16490.42969 0.073536
16490.58984 0.074292
16490.75000 0.075048
16490.91016 0.075804
16491.07031 0.07656
16491.24023 0.077316
16491.40039 0.078072
16491.56055 0.078828
16491.72070 0.079585
16491.88086 0.080341
16492.05078 0.081079
16492.21094 0.08177
16492.36914 0.082461
16492.52930 0.083152
16492.69922 0.083843
16492.85938 0.084534
16493.01953 0.085225
16493.17969 0.085917
16493.33984 0.086608
16493.50977 0.087299
16493.66992 0.087991
16493.83008 0.088682
16493.99023 0.089374
16494.15039 0.090247
