threeML/data/optical_filters/HST/NICMOS2-F160W.ecsv
# %ECSV 0.9
# ---
# datatype:
# - {name: wavelength, unit: Angstrom, datatype: float32}
# - {name: response, datatype: float32}
# meta: !!omap
# - {band_name: F160W}
# - {group_name: NICMOS2}
wavelength response
[from data line 6129]
18449.40039 0.002115
18450.34961 0.002105
18451.28906 0.002098
18452.24023 0.00209
18453.18945 0.002083
18454.13086 0.002075
18455.08008 0.002068
18456.02930 0.002059
18456.97070 0.002049
18457.91992 0.00204
18458.85938 0.002031
18459.81055 0.002022
18460.75977 0.001997
18461.69922 0.001968
18462.65039 0.001939
18463.59961 0.00191
18464.53906 0.001881
18465.49023 0.001864
18466.43945 0.001858
18467.38086 0.001852
18468.33008 0.001845
18469.27930 0.001839
18470.22070 0.00183
18471.16992 0.001813
18472.11914 0.001797
18473.06055 0.00178
18474.00977 0.001763
18474.96094 0.001746
18475.90039 0.001721
18476.84961 0.001696
18477.80078 0.001671
18478.75000 0.001645
18479.68945 0.00162
18480.64062 0.001619
18481.58984 0.00163
18482.53906 0.001641
18483.48047 0.001652
18484.42969 0.001663
18485.38086 0.001667
18486.32031 0.00166
18487.26953 0.001653
18488.22070 0.001646
18489.16992 0.001638
18490.11914 0.00163
18491.06055 0.001612
18492.00977 0.001593
18492.96094 0.001575
18493.91016 0.001556
18494.85938 0.001538
18495.80078 0.001528
18496.75000 0.001521
18497.69922 0.001513
18498.65039 0.001506
18499.59961 0.001498
18500.53906 0.001494
18501.49023 0.001491
18502.43945 0.001489
18503.39062 0.001486
18504.33984 0.001484
18505.28906 0.001476
18506.24023 0.001458
18507.18945 0.001439
18508.13086 0.00142
18509.08008 0.001402
18510.02930 0.001383
18510.98047 0.001376
18511.92969 0.001369
18512.88086 0.001361
18513.83008 0.001354
18514.77930 0.001347
18515.73047 0.001338
18516.67969 0.00133
18517.63086 0.001321
18518.57031 0.001313
18519.51953 0.001304
18520.47070 0.001301
18521.41992 0.001301
18522.36914 0.001302
18523.32031 0.001302
18524.26953 0.001303
18525.22070 0.001306
18526.16992 0.001318
18527.11914 0.00133
18528.07031 0.001342
18529.01953 0.001354
18529.97070 0.001366
18530.91992 0.001326
18531.86914 0.001284
18532.82031 0.001242
18533.76953 0.0012
18534.72070 0.001158
18535.66992 0.001151
18536.61914 0.001159
18537.57031 0.001167
18538.51953 0.001175
18539.47070 0.001183
18540.41992 0.001187
18541.36914 0.001184
18542.32031 0.001181
18543.26953 0.001178
18544.22070 0.001175
18545.16992 0.001172
18546.11914 0.001172
18547.07031 0.001172
18548.02930 0.001171
18548.98047 0.001171
18549.92969 0.00117
18550.88086 0.001154
18551.83008 0.001137
18552.77930 0.00112
18553.73047 0.001103
18554.67969 0.001086
18555.63086 0.00109
18556.58984 0.001103
18557.53906 0.001116
18558.49023 0.001129
18559.43945 0.001143
18560.39062 0.001149
18561.33984 0.001146
18562.28906 0.001143
18563.24023 0.00114
18564.19922 0.001137
18565.15039 0.001132
18566.09961 0.001117
18567.05078 0.001101
18568.00000 0.001086
18568.96094 0.00107
18569.91016 0.001055
18570.85938 0.001048
18571.81055 0.001043
18572.75977 0.001037
18573.71094 0.001032
18574.66992 0.001026
18575.61914 0.001024
18576.57031 0.001025
18577.52930 0.001025
18578.48047 0.001025
18579.42969 0.001026
18580.38086 0.001024
18581.33008 0.001018
18582.28906 0.001013
18583.24023 0.001007
18584.18945 0.001002
18585.14062 0.000995
18586.09961 0.000978
18587.05078 0.000962
18588.00000 0.000946
18588.96094 0.000929
18589.91016 0.000913
18590.85938 0.000911
18591.81055 0.000912
18592.76953 0.000912
18593.72070 0.000912
18594.66992 0.000912
18595.63086 0.000911
18596.58008 0.000909
18597.53906 0.000908
18598.49023 0.000906
18599.43945 0.000904
18600.39062 0.000894
18601.34961 0.000869
18602.30078 0.000845
18603.25977 0.000821
18604.21094 0.000797
18605.16016 0.00078
18606.11914 0.0008
18607.07031 0.000819
18608.01953 0.000839
18608.98047 0.000858
18609.92969 0.000877
18610.89062 0.000873
18611.83984 0.000866
18612.78906 0.00086
18613.75000 0.000853
18614.69922 0.000847
18615.66016 0.000843
18616.60938 0.000841
18617.57031 0.000838
18618.51953 0.000836
18619.47070 0.000833
18620.42969 0.00082
18621.38086 0.000793
18622.33984 0.000766
18623.28906 0.000739
18624.25000 0.000713
18625.19922 0.000691
18626.16016 0.000689
18627.10938 0.000688
18628.07031 0.000686
18629.01953 0.000684
18629.98047 0.000682
18630.92969 0.000665
18631.89062 0.000647
18632.83984 0.000629
18633.80078 0.000611
18634.75000 0.000593
18635.71094 0.000599
18636.66016 0.000613
18637.61914 0.000627
18638.57031 0.000641
18639.52930 0.000655
18640.48047 0.000668
18641.43945 0.00068
18642.40039 0.000692
18643.34961 0.000704
18644.31055 0.000717
18645.25977 0.000725
18646.22070 0.000722
18647.17969 0.000719
18648.13086 0.000716
18649.08984 0.000713
18650.03906 0.000711
18651.00000 0.000712
18651.96094 0.000713
18652.91016 0.000714
18653.86914 0.000715
18654.82031 0.000716
18655.77930 0.000722
18656.74023 0.000727
18657.68945 0.000733
18658.65039 0.000739
18659.60938 0.000745
18660.56055 0.000736
18661.51953 0.000715
18662.48047 0.000694
18663.42969 0.000674
18664.39062 0.000653
18665.34961 0.000643
18666.30078 0.00065
18667.25977 0.000658
18668.22070 0.000665
18669.16992 0.000672
18670.13086 0.000678
18671.08984 0.000672
18672.03906 0.000666
18673.00000 0.00066
18673.96094 0.000654
18674.91992 0.000648
18675.88086 0.000625
18676.83008 0.000601
18677.78906 0.000577
18678.75000 0.000552
18679.71094 0.000528
18680.66016 0.00051
18681.61914 0.000496
18682.58008 0.000481
18683.53906 0.000467
18684.49023 0.000452
18685.44922 0.000448
18686.41016 0.000456
18687.36914 0.000464
18688.32031 0.000471
18689.27930 0.000479
18690.24023 0.000483
18691.19922 0.000477
18692.16016 0.000471
18693.11914 0.000465
18694.07031 0.000459
18695.02930 0.000454
18695.99023 0.000482
18696.94922 0.00051
18697.91016 0.000537
18698.86914 0.000565
18699.82031 0.000593
18700.77930 0.000589
18701.74023 0.000578
18702.69922 0.000567
18703.66016 0.000556
18704.61914 0.000545
18705.58008 0.000526
18706.53906 0.000502
18707.49023 0.000478
18708.44922 0.000455
18709.41016 0.000431
18710.36914 0.000431
18711.33008 0.000467
18712.28906 0.000504
18713.25000 0.000541
18714.21094 0.000578
18715.16992 0.000604
18716.13086 0.000578
18717.08984 0.000553
18718.05078 0.000527
18719.00977 0.000502
18719.96094 0.000476
18720.92969 0.000541
18721.88086 0.000609
18722.84961 0.000677
18723.80078 0.000744
18724.75977 0.000812
18725.72070 0.000757
18726.67969 0.000662
18727.64062 0.000566
18728.59961 0.00047
20601.45898 0.0
