threeML/data/optical_filters/HST/NICMOS3-G141.ecsv
# %ECSV 0.9
# ---
# datatype:
# - {name: wavelength, unit: Angstrom, datatype: float32}
# - {name: response, datatype: float32}
# meta: !!omap
# - {band_name: G141}
# - {group_name: NICMOS3}
wavelength response
[from data line 4597]
14120.29004 0.122456
14121.20996 0.122483
14122.13965 0.122509
14123.05957 0.122536
14123.99023 0.122563
14124.91016 0.122589
14125.83008 0.122616
14126.75977 0.122643
14127.67969 0.122669
14128.59961 0.122696
14129.53027 0.122723
14130.45020 0.122749
14131.37988 0.122776
14132.29980 0.122803
14133.23047 0.122829
14134.15039 0.122856
14135.07031 0.122883
14136.00000 0.12291
14136.91992 0.122936
14137.84961 0.122963
14138.76953 0.12299
14139.70020 0.123017
14140.62012 0.123049
14141.54980 0.123085
14142.46973 0.123121
14143.40039 0.123157
14144.32031 0.123193
14145.25000 0.123229
14146.16992 0.123265
14147.09961 0.123301
14148.01953 0.123337
14148.95020 0.123373
14149.87012 0.123409
14150.79980 0.123445
14151.71973 0.123481
14152.65039 0.123517
14153.58008 0.123553
14154.50000 0.123589
14155.42969 0.123625
14156.34961 0.123661
14157.28027 0.123697
14158.20020 0.123733
14159.12988 0.123769
14160.05957 0.123804
14160.98047 0.123831
14161.91016 0.123858
14162.83008 0.123885
14163.75977 0.123912
14164.69043 0.123939
14165.61035 0.123966
14166.54004 0.123992
14167.46973 0.124019
14168.38965 0.124046
14169.32031 0.124073
14170.25000 0.1241
14171.16992 0.124127
14172.09961 0.124154
14173.03027 0.124181
14173.95020 0.124207
14174.87988 0.124234
14175.80957 0.124261
14176.73047 0.124288
14177.66016 0.124315
14178.58984 0.124342
14179.51953 0.124369
14180.44043 0.124396
14181.37012 0.124423
14182.29980 0.12445
14183.23047 0.124477
14184.15039 0.124504
14185.08008 0.124531
14186.00977 0.124558
14186.94043 0.124585
14187.87012 0.124612
14188.79004 0.124638
14189.71973 0.124665
14190.65039 0.124692
14191.58008 0.124719
14192.50000 0.124746
14193.42969 0.124773
14194.36035 0.1248
14195.29004 0.124827
14196.21973 0.124854
14197.15039 0.124881
14198.08008 0.124908
14199.00000 0.124936
14199.92969 0.124963
14200.86035 0.124965
14201.79004 0.124965
14202.71973 0.124966
14203.65039 0.124966
14204.58008 0.124967
14205.50977 0.124967
14206.42969 0.124968
14207.36035 0.124968
14208.29004 0.124968
14209.21973 0.124969
14210.15039 0.124969
14211.08008 0.12497
14212.00977 0.12497
14212.94043 0.124971
14213.87012 0.124971
14214.79980 0.124972
14215.73047 0.124972
14216.66016 0.124973
14217.58984 0.124973
14218.51953 0.124974
14219.45020 0.124974
14220.37988 0.124967
14221.30957 0.124949
14222.24023 0.124931
14223.16992 0.124912
14224.09961 0.124894
14225.03027 0.124876
14225.95996 0.124858
14226.88965 0.12484
14227.82031 0.124822
14228.75000 0.124803
14229.67969 0.124785
14230.61035 0.124767
14231.54004 0.124749
14232.46973 0.124731
14233.40039 0.124713
14234.33008 0.124694
14235.26953 0.124676
14236.20020 0.124658
14237.12988 0.12464
14238.05957 0.124621
14238.99023 0.124603
14239.91992 0.124585
14240.84961 0.124558
14241.78027 0.124531
14242.70996 0.124503
14243.65039 0.124475
14244.58008 0.124448
14245.50977 0.12442
14246.44043 0.124393
14247.37012 0.124365
14248.29980 0.124338
14249.24023 0.12431
14250.16992 0.124282
14251.09961 0.124255
14252.03027 0.124227
14252.95996 0.124199
14253.90039 0.124172
14254.83008 0.124144
14255.75977 0.124116
14256.69043 0.124089
14257.62988 0.124061
14258.55957 0.124033
14259.49023 0.124006
14260.41992 0.123969
14261.36035 0.123923
14262.29004 0.123877
14263.21973 0.12383
14264.16016 0.123784
14265.08984 0.123737
14266.01953 0.123691
14266.95020 0.123644
14267.88965 0.123598
14268.82031 0.123551
14269.75000 0.123505
14270.69043 0.123458
14271.62012 0.123412
14272.54980 0.123365
14273.49023 0.123319
14274.41992 0.123272
14275.34961 0.123225
14276.29004 0.123179
14277.21973 0.123132
14278.15039 0.123086
14279.08984 0.123039
14280.01953 0.122992
14280.95996 0.122936
14281.88965 0.12288
14282.82031 0.122824
14283.75977 0.122768
14284.69043 0.122712
14285.62988 0.122656
14286.55957 0.1226
14287.50000 0.122544
14288.42969 0.122487
14289.36035 0.122431
14290.29980 0.122375
14291.23047 0.122319
14292.16992 0.122263
14293.09961 0.122207
14294.04004 0.12215
14294.96973 0.122094
14295.91016 0.122038
14296.83984 0.121982
14297.78027 0.121925
14298.70996 0.121869
14299.65039 0.121813
14300.58008 0.12175
14301.51953 0.121683
14302.45020 0.121615
14303.38965 0.121548
14304.32031 0.121481
14305.25977 0.121414
14306.20020 0.121346
14307.12988 0.121279
14308.07031 0.121212
14309.00000 0.121145
14309.94043 0.121077
14310.87012 0.12101
14311.80957 0.120943
14312.75000 0.120875
14313.67969 0.120808
14314.62012 0.120741
14315.54980 0.120673
14316.49023 0.120606
14317.42969 0.120538
14318.36035 0.120471
14319.29980 0.120403
14320.24023 0.120336
14321.16992 0.120269
14322.11035 0.120201
14323.04980 0.120133
14323.98047 0.120066
14324.91992 0.119998
14325.86035 0.119931
14326.79004 0.119863
14327.73047 0.119796
14328.66992 0.119728
14329.61035 0.11966
14330.54004 0.119593
14331.48047 0.119525
14332.41992 0.119458
14333.34961 0.11939
14334.29004 0.119322
14335.23047 0.119254
14336.16992 0.119187
14337.09961 0.119119
14338.04004 0.119051
14338.98047 0.118984
14339.91992 0.118916
14340.86035 0.118857
14341.79004 0.118798
14342.73047 0.11874
14343.66992 0.118682
14344.61035 0.118623
14345.54004 0.118565
14346.48047 0.118506
14347.41992 0.118448
14348.36035 0.118389
14349.29980 0.118331
14350.24023 0.118273
14351.17969 0.118214
14352.11035 0.118156
14353.04980 0.118097
14353.99023 0.118039
14354.92969 0.11798
14355.87012 0.117922
14356.80957 0.117863
14357.75000 0.117805
14358.69043 0.117746
14359.62988 0.117687
14360.55957 0.117634
14361.50000 0.117585
14362.44043 0.117536
14363.37988 0.117487
14364.32031 0.117438
14365.25977 0.117389
14366.20020 0.117339
14367.13965 0.11729
14368.08008 0.117241
14369.01953 0.117192
14369.95996 0.117143
14370.90039 0.117093
14371.83984 0.117044
14372.78027 0.116995
14373.71973 0.116946
14374.66016 0.116896
14375.59961 0.116847
14376.54004 0.116798
14377.48047 0.116748
14378.41992 0.116699
14379.36035 0.11665
14380.29980 0.116612
14381.24023 0.116601
14382.17969 0.11659
14383.12012 0.116579
14384.05957 0.116567
14385.00000 0.116556
14385.94043 0.116544
14386.87988 0.116533
14387.83008 0.116522
14388.76953 0.11651
14389.70996 0.116499
14390.65039 0.116488
14391.58984 0.116476
14392.53027 0.116465
14393.46973 0.116454
14394.41016 0.116442
14395.36035 0.116431
14396.29980 0.116419
14397.24023 0.116408
14398.17969 0.116397
14399.12012 0.116385
14400.05957 0.116376
14401.00000 0.116394
14401.95020 0.116412
14402.88965 0.11643
14403.83008 0.116448
14404.76953 0.116466
14405.70996 0.116485
14406.66016 0.116503
14407.59961 0.116521
14408.54004 0.116539
14409.48047 0.116557
14410.42969 0.116575
14411.37012 0.116594
14412.30957 0.116612
14413.25000 0.11663
14414.20020 0.116648
14415.13965 0.116666
14416.08008 0.116684
14417.03027 0.116703
14417.96973 0.116721
14418.91016 0.116739
14419.84961 0.116757
14420.79980 0.116799
14421.74023 0.116846
14422.67969 0.116893
14423.62988 0.11694
14424.57031 0.116987
14425.50977 0.117034
14426.45996 0.117081
14427.40039 0.117128
14428.33984 0.117175
14429.29004 0.117222
14430.23047 0.117268
14431.16992 0.117315
14432.12012 0.117362
14433.05957 0.117409
14434.00977 0.117456
14434.95020 0.117503
14435.88965 0.11755
14436.83984 0.117597
14437.78027 0.117644
14438.73047 0.117691
14439.66992 0.117738
14440.62012 0.117792
14441.55957 0.117848
14442.50000 0.117905
14443.45020 0.117962
14444.38965 0.118018
14445.33984 0.118075
14446.28027 0.118132
14447.23047 0.118189
14448.16992 0.118245
14449.12012 0.118302
14450.05957 0.118359
14451.00977 0.118415
14451.95020 0.118472
14452.90039 0.118529
14453.83984 0.118586
14454.79004 0.118642
14455.73047 0.118699
14456.67969 0.118756
14457.62988 0.118813
14458.57031 0.11887
14459.51953 0.118927
14460.45996 0.118988
14461.41016 0.119055
14462.34961 0.119121
14463.29980 0.119188
14464.25000 0.119254
14465.19043 0.119321
14466.13965 0.119387
14467.08008 0.119454
14468.03027 0.11952
14468.98047 0.119587
14469.91992 0.119654
14470.87012 0.11972
14471.80957 0.119787
14472.75977 0.119854
14473.70996 0.11992
14474.65039 0.119987
14475.59961 0.120053
14476.54980 0.12012
14477.50000 0.120187
14478.44043 0.120254
14479.38965 0.12032
14480.33008 0.120384
14481.28027 0.120441
14482.23047 0.120498
14483.17969 0.120555
14484.12012 0.120612
14485.07031 0.120669
14486.01953 0.120727
14486.96973 0.120784
14487.91016 0.120841
14488.86035 0.120898
14489.80957 0.120955
14490.75977 0.121012
14491.70020 0.12107
14492.65039 0.121127
14493.59961 0.121184
14494.54980 0.121242
14495.50000 0.121299
14496.44043 0.121356
14497.38965 0.121413
14498.33984 0.121471
14499.29004 0.121528
14500.24023 0.121586
14501.17969 0.121644
14502.12988 0.121703
14503.08008 0.121761
14504.03027 0.12182
14504.98047 0.121879
14505.92969 0.121937
14506.87988 0.121996
14507.82031 0.122054
14508.76953 0.122113
14509.71973 0.122172
14510.66992 0.12223
14511.62012 0.122289
14512.57031 0.122348
14513.51953 0.122406
14514.46973 0.122465
14515.41992 0.122524
14516.37012 0.122583
14517.32031 0.122641
14518.25977 0.1227
14519.20996 0.122759
14520.16016 0.122814
14521.11035 0.122854
14522.05957 0.122893
14523.00977 0.122933
14523.95996 0.122972
14524.91016 0.123011
14525.86035 0.123051
14526.80957 0.12309
14527.75977 0.12313
14528.70996 0.123169
14529.66016 0.123208
14530.61035 0.123248
14531.55957 0.123287
14532.50977 0.123327
14533.45996 0.123367
14534.41992 0.123406
14535.37012 0.123445
14536.32031 0.123485
14537.26953 0.123524
14538.21973 0.123564
14539.16992 0.123604
14540.12012 0.123643
14541.07031 0.123683
14542.01953 0.123722
14542.96973 0.123762
14543.91992 0.123801
14544.87012 0.123841
14545.83008 0.123881
14546.78027 0.12392
14547.73047 0.12396
14548.67969 0.123999
14549.62988 0.124039
14550.58008 0.124079
14551.54004 0.124118
14552.49023 0.124158
14553.44043 0.124198
14554.38965 0.124237
14555.33984 0.124277
14556.29004 0.124317
14557.25000 0.124356
14558.20020 0.124396
14559.15039 0.124436
14560.09961 0.124474
14561.04980 0.124504
14562.00977 0.124534
14562.95996 0.124564
14563.91016 0.124594
14564.86035 0.124624
14565.82031 0.124654
14566.76953 0.124684
14567.71973 0.124714
14568.66992 0.124744
14569.62988 0.124774
14570.58008 0.124804
14571.53027 0.124834
14572.49023 0.124864
14573.44043 0.124894
14574.38965 0.124924
14575.34961 0.124954
14576.29980 0.124984
14577.25000 0.125014
14578.20996 0.125044
14579.16016 0.125074
14580.11035 0.125107
14581.07031 0.125157
14582.01953 0.125206
14582.96973 0.125256
14583.92969 0.125305
14584.87988 0.125355
14585.83008 0.125405
14586.79004 0.125455
14587.74023 0.125504
14588.70020 0.125554
14589.65039 0.125604
14590.61035 0.125654
14591.55957 0.125703
14592.50977 0.125753
14593.46973 0.125803
14594.41992 0.125853
14595.37988 0.125903
14596.33008 0.125952
14597.29004 0.126002
14598.24023 0.126052
14599.20020 0.126102
14600.15039 0.126151
14601.11035 0.126198
14602.05957 0.126244
14603.01953 0.126291
14603.96973 0.126337
14604.92969 0.126384
14605.87988 0.126431
14606.83984 0.126477
14607.79004 0.126524
14608.75000 0.126571
14609.70020 0.126617
14610.66016 0.126664
14611.61035 0.126711
14612.57031 0.126757
14613.51953 0.126804
14614.48047 0.12685
14615.44043 0.126897
14616.38965 0.126944
14617.34961 0.126991
14618.29980 0.127037
14619.25977 0.127084
14620.21973 0.127135
14621.16992 0.127201
14622.12988 0.127268
14623.08008 0.127334
14624.04004 0.127401
14625.00000 0.127467
14625.95020 0.127534
14626.91016 0.1276
14627.87012 0.127667
14628.82031 0.127733
14629.78027 0.1278
14630.74023 0.127866
14631.69043 0.127933
14632.65039 0.127999
14633.61035 0.128066
14634.57031 0.128132
14635.51953 0.128199
14636.48047 0.128266
14637.44043 0.128332
14638.38965 0.128399
14639.34961 0.128466
14640.30957 0.128529
14641.26953 0.128586
14642.21973 0.128642
14643.17969 0.128699
14644.13965 0.128756
14645.09961 0.128813
14646.04980 0.12887
14647.00977 0.128926
14647.96973 0.128983
14648.92969 0.12904
14649.88965 0.129097
14650.83984 0.129154
14651.79980 0.129211
14652.75977 0.129268
14653.71973 0.129325
14654.67969 0.129382
14655.63965 0.129438
14656.58984 0.129495
14657.54980 0.129552
14658.50977 0.129609
14659.46973 0.129666
14660.42969 0.129728
14661.38965 0.129794
14662.34961 0.129861
14663.30957 0.129928
14664.25977 0.129995
14665.21973 0.130062
14666.17969 0.130129
14667.13965 0.130196
14668.09961 0.130263
14669.05957 0.13033
14670.01953 0.130397
14670.98047 0.130464
14671.94043 0.130531
14672.90039 0.130598
14673.86035 0.130665
14674.82031 0.130732
14675.78027 0.130799
14676.74023 0.130866
14677.70020 0.130933
14678.66016 0.131
14679.62012 0.131067
14680.58008 0.131134
14681.54004 0.131201
14682.50000 0.131268
14683.45996 0.131335
14684.41992 0.131403
14685.37988 0.13147
14686.33984 0.131537
14687.29980 0.131604
14688.25977 0.131671
14689.21973 0.131738
14690.17969 0.131806
14691.13965 0.131873
14692.09961 0.13194
14693.05957 0.132007
14694.03027 0.132074
14694.99023 0.132142
14695.95020 0.132209
14696.91016 0.132276
14697.87012 0.132344
14698.83008 0.132411
14699.79004 0.132478
14700.75000 0.132534
14701.70996 0.132587
14702.67969 0.132639
14703.63965 0.132692
14704.59961 0.132745
14705.55957 0.132798
14706.51953 0.132851
14707.49023 0.132903
14708.45020 0.132956
14709.41016 0.133009
14710.37012 0.133062
14711.33008 0.133115
14712.29004 0.133167
14713.25977 0.13322
14714.21973 0.133273
14715.17969 0.133326
14716.13965 0.133379
14717.11035 0.133432
14718.07031 0.133485
14719.03027 0.133538
14719.99023 0.133591
14720.95996 0.133644
14721.91992 0.133697
14722.87988 0.133749
14723.84961 0.133802
14724.80957 0.133856
14725.76953 0.133909
14726.73047 0.133962
14727.70020 0.134015
14728.66016 0.134068
14729.62012 0.134121
14730.58984 0.134174
14731.54980 0.134227
14732.50977 0.13428
14733.48047 0.134333
14734.44043 0.134386
14735.41016 0.134439
14736.37012 0.134492
14737.33008 0.134546
14738.29980 0.134599
14739.25977 0.134652
14740.21973 0.134701
14741.19043 0.134734
14742.15039 0.134767
14743.12012 0.1348
14744.08008 0.134833
14745.04004 0.134866
14746.00977 0.1349
14746.96973 0.134933
14747.94043 0.134966
14748.90039 0.134999
14749.87012 0.135032
14750.83008 0.135066
14751.79980 0.1351
14752.75977 0.135134
14753.73047 0.135167
14754.69043 0.135201
14755.66016 0.135235
14756.62012 0.135269
14757.58984 0.135303
14758.54980 0.135336
14759.51953 0.13537
14760.48047 0.135394
14761.45020 0.135408
14762.41016 0.135422
14763.37988 0.135435
14764.33984 0.135449
14765.30957 0.135463
14766.28027 0.135476
14767.24023 0.13549
14768.20996 0.135504
14769.16992 0.135518
14770.13965 0.135531
14771.09961 0.135545
14772.07031 0.135559
14773.04004 0.135573
14774.00000 0.135586
14774.96973 0.1356
14775.94043 0.135614
14776.90039 0.135628
14777.87012 0.135641
14778.83008 0.135655
14779.79980 0.135669
14780.76953 0.135667
14781.74023 0.13566
14782.70020 0.135654
14783.66992 0.135648
14784.63965 0.135641
14785.59961 0.135635
14786.57031 0.135628
14787.54004 0.135622
14788.50000 0.135615
14789.46973 0.135609
14790.44043 0.135602
14791.41016 0.135596
14792.37012 0.13559
14793.33984 0.135583
14794.30957 0.135576
14795.28027 0.13557
14796.24023 0.135564
14797.20996 0.135557
14798.17969 0.135551
14799.15039 0.135544
14800.11035 0.135535
14801.08008 0.135505
14802.04980 0.135474
14803.01953 0.135444
14803.99023 0.135414
14804.95020 0.135383
14805.91992 0.135353
14806.88965 0.135323
14807.86035 0.135293
14808.83008 0.135262
14809.79980 0.135232
14810.75977 0.135202
14811.73047 0.135171
14812.70020 0.135141
14813.66992 0.13511
14814.63965 0.13508
14815.61035 0.13505
14816.58008 0.135019
14817.54980 0.134989
14818.51953 0.134959
14819.48047 0.134928
14820.45020 0.134888
14821.41992 0.134837
14822.38965 0.134787
14823.36035 0.134736
14824.33008 0.134685
14825.29980 0.134634
14826.26953 0.134583
14827.24023 0.134533
14828.20996 0.134482
14829.17969 0.134431
14830.15039 0.13438
14831.12012 0.134329
14832.08984 0.134278
14833.05957 0.134227
14834.03027 0.134177
14835.00000 0.134126
14835.96973 0.134075
14836.94043 0.134024
14837.91016 0.133973
14838.87988 0.133922
14839.84961 0.133871
14840.82031 0.133803
14841.79004 0.133731
14842.75977 0.13366
14843.73047 0.133589
