threeML/data/optical_filters/HST/NICMOS3-G096.ecsv
# %ECSV 0.9
# ---
# datatype:
# - {name: wavelength, unit: Angstrom, datatype: float32}
# - {name: response, datatype: float32}
# meta: !!omap
# - {band_name: G096}
# - {group_name: NICMOS3}
wavelength response
[from data line 3221]
9231.44629 0.034787
9231.92188 0.034841
9232.39648 0.034895
9232.87207 0.034948
9233.34766 0.035002
9233.82324 0.035056
9234.29883 0.03511
9234.77441 0.035163
9235.25000 0.035217
9235.72461 0.035271
9236.20020 0.035325
9236.67578 0.035379
9237.15137 0.035433
9237.62695 0.035487
9238.10254 0.035541
9238.57910 0.035595
9239.05469 0.035649
9239.53027 0.035703
9240.00586 0.035757
9240.48145 0.035811
9240.95703 0.035865
9241.43359 0.035919
9241.90918 0.035973
9242.38477 0.036027
9242.86035 0.036081
9243.33691 0.036136
9243.81348 0.03619
9244.28906 0.036244
9244.76465 0.036298
9245.24023 0.036353
9245.71680 0.036407
9246.19238 0.036461
9246.66895 0.036516
9247.14453 0.03657
9247.62109 0.036624
9248.09766 0.036679
9248.57324 0.036733
9249.04980 0.036788
9249.52539 0.036842
9250.00195 0.036897
9250.47852 0.036941
9250.95508 0.036985
9251.43066 0.037028
9251.90723 0.037072
9252.38379 0.037116
9252.86035 0.03716
9253.33691 0.037204
9253.81348 0.037248
9254.28906 0.037292
9254.76562 0.037336
9255.24219 0.03738
9255.71875 0.037424
9256.19531 0.037469
9256.67188 0.037513
9257.14844 0.037557
9257.62598 0.037601
9258.10254 0.037645
9258.57910 0.037689
9259.05566 0.037733
9259.53223 0.037778
9260.00879 0.037822
9260.48633 0.037861
9260.96289 0.0379
9261.43945 0.037939
9261.91602 0.037978
9262.39355 0.038017
9262.87012 0.038056
9263.34766 0.038095
9263.82422 0.038134
9264.30078 0.038173
9264.77832 0.038212
9265.25488 0.038251
9265.73242 0.03829
9266.20898 0.038329
9266.68652 0.038369
9267.16406 0.038408
9267.64062 0.038447
9268.11816 0.038486
9268.59570 0.038525
9269.07227 0.038565
9269.54980 0.038604
9270.02734 0.038643
9270.50391 0.038671
9270.98145 0.0387
9271.45898 0.038728
9271.93652 0.038757
9272.41406 0.038786
9272.89160 0.038815
9273.36914 0.038843
9273.84668 0.038872
9274.32324 0.038901
9274.80078 0.038929
9275.27832 0.038958
9275.75684 0.038987
9276.23438 0.039016
9276.71191 0.039045
9277.18945 0.039073
9277.66699 0.039102
9278.14453 0.039131
9278.62207 0.03916
9279.10059 0.039189
9279.57812 0.039218
9280.05566 0.039246
9280.53320 0.039275
9281.01172 0.039304
9281.48926 0.039333
9281.96680 0.039362
9282.44531 0.039391
9282.92285 0.03942
9283.40137 0.039449
9283.87891 0.039478
9284.35742 0.039507
9284.83496 0.039536
9285.31348 0.039565
9285.79102 0.039594
9286.26953 0.039623
9286.74805 0.039652
9287.22559 0.039681
9287.70410 0.03971
9288.18262 0.039739
9288.66016 0.039768
9289.13867 0.039797
9289.61719 0.039826
9290.09570 0.039853
9290.57324 0.039872
9291.05176 0.03989
9291.53027 0.039908
9292.00879 0.039927
9292.48730 0.039945
9292.96582 0.039964
9293.44434 0.039982
9293.92285 0.04
9294.40137 0.040019
9294.87988 0.040037
9295.35840 0.040056
9295.83691 0.040074
9296.31543 0.040093
9296.79395 0.040111
9297.27344 0.04013
9297.75195 0.040148
9298.23047 0.040166
9298.70898 0.040185
9299.18848 0.040203
9299.66699 0.040222
9300.14648 0.04024
9300.62500 0.040258
9301.10352 0.040276
9301.58203 0.040295
9302.06152 0.040313
9302.54004 0.040331
9303.01953 0.040349
9303.49805 0.040367
9303.97754 0.040385
9304.45605 0.040403
9304.93555 0.040421
9305.41504 0.040439
9305.89355 0.040458
9306.37305 0.040476
9306.85254 0.040494
9307.33105 0.040512
9307.81055 0.04053
9308.29004 0.040548
9308.76855 0.040566
9309.24805 0.040585
9309.72754 0.040603
9310.20703 0.040616
9310.68652 0.040624
9311.16602 0.040631
9311.64648 0.040638
9312.12500 0.040646
9312.60352 0.040653
9313.08398 0.04066
9313.56348 0.040668
9314.04297 0.040675
9314.52246 0.040683
9315.00195 0.04069
9315.48145 0.040697
9315.96094 0.040705
9316.44043 0.040712
9316.92090 0.040719
9317.40039 0.040727
9317.87988 0.040734
9318.36035 0.040742
9318.83984 0.040749
9319.31934 0.040756
9319.79980 0.040764
9320.27930 0.040774
9320.75879 0.040787
9321.23926 0.0408
9321.71875 0.040813
9322.19922 0.040826
9322.67871 0.040838
9323.15918 0.040851
9323.63867 0.040864
9324.11914 0.040877
9324.59961 0.04089
9325.07910 0.040903
9325.55957 0.040916
9326.04004 0.040928
9326.51953 0.040941
9327.00000 0.040954
9327.48047 0.040967
9327.96094 0.04098
9328.44043 0.040993
9328.92090 0.041006
9329.40137 0.041019
9329.88184 0.041032
9330.36230 0.041036
9330.84277 0.041038
9331.32324 0.04104
9331.80371 0.041042
9332.28418 0.041044
9332.76465 0.041046
9333.24512 0.041048
9333.72559 0.04105
9334.20605 0.041052
9334.68652 0.041054
9335.16797 0.041056
9335.64844 0.041058
9336.12891 0.04106
9336.60938 0.041062
9337.09082 0.041063
9337.57129 0.041065
9338.05176 0.041067
9338.53320 0.041069
9339.01367 0.041071
9339.49414 0.041073
9339.97559 0.041075
9340.45605 0.041082
9340.93652 0.04109
9341.41797 0.041097
9341.89941 0.041105
9342.37988 0.041112
9342.86133 0.04112
9343.34277 0.041127
9343.82324 0.041134
9344.30469 0.041142
9344.78516 0.041149
9345.26660 0.041157
9345.74805 0.041164
9346.22852 0.041172
9346.70996 0.041179
9347.19141 0.041187
9347.67285 0.041194
9348.15430 0.041202
9348.63574 0.041209
9349.11719 0.041217
9349.59863 0.041224
9350.08008 0.041232
9350.56152 0.041245
9351.04297 0.041258
9351.52441 0.041271
9352.00586 0.041284
9352.48730 0.041297
9352.96875 0.04131
9353.45020 0.041323
9353.93164 0.041336
9354.41309 0.04135
9354.89648 0.041363
9355.37695 0.041376
9355.85840 0.041389
9356.34082 0.041402
9356.82227 0.041415
9357.30371 0.041428
9357.78613 0.041441
9358.26758 0.041454
9358.74902 0.041467
9359.23145 0.04148
9359.71289 0.041493
9360.19531 0.041504
9360.67676 0.041511
9361.15918 0.041519
9361.64062 0.041527
9362.12305 0.041534
9362.60547 0.041542
9363.08691 0.041549
9363.56934 0.041557
9364.05176 0.041564
9364.53320 0.041572
9365.01562 0.041579
9365.49805 0.041587
9365.98047 0.041594
9366.46289 0.041602
9366.94434 0.04161
9367.42676 0.041617
9367.90918 0.041625
9368.39160 0.041632
9368.87402 0.04164
9369.35645 0.041647
9369.83887 0.041655
9370.32129 0.041666
9370.80371 0.041679
9371.28613 0.041692
9371.76855 0.041705
9372.25098 0.041719
9372.73438 0.041732
9373.21680 0.041745
9373.69922 0.041758
9374.18164 0.041771
9374.66406 0.041784
9375.14746 0.041798
9375.62988 0.041811
9376.11230 0.041824
9376.59570 0.041837
9377.07812 0.04185
9377.56152 0.041864
9378.04395 0.041877
9378.52637 0.04189
9379.00977 0.041903
9379.49219 0.041916
9379.97559 0.04193
9380.45898 0.041948
9380.94141 0.041967
9381.42480 0.041986
9381.90723 0.042005
9382.39062 0.042023
9382.87402 0.042042
9383.35742 0.042061
9383.83984 0.04208
9384.32324 0.042099
9384.80664 0.042118
9385.29004 0.042137
9385.77246 0.042156
9386.25586 0.042174
9386.73926 0.042193
9387.22266 0.042212
9387.70605 0.042231
9388.18945 0.04225
9388.67285 0.042269
9389.15625 0.042288
9389.63965 0.042307
9390.12305 0.042327
9390.60645 0.042352
9391.08984 0.042376
9391.57422 0.042401
9392.05762 0.042426
9392.54102 0.04245
9393.02441 0.042475
9393.50781 0.0425
9393.99219 0.042524
9394.47559 0.042549
9394.95898 0.042574
9395.44336 0.042598
9395.92676 0.042623
9396.41113 0.042648
9396.89453 0.042672
9397.37793 0.042697
9397.86230 0.042722
9398.34570 0.042746
9398.83008 0.042771
9399.31348 0.042796
9399.79785 0.042821
9400.28223 0.042846
9400.76562 0.04287
9401.25000 0.042895
9401.73438 0.04292
9402.21777 0.042945
9402.70215 0.04297
9403.18652 0.042995
9403.67090 0.04302
9404.15430 0.043045
9404.63867 0.043069
9405.12305 0.043094
9405.60742 0.043119
9406.09180 0.043144
9406.57617 0.043169
9407.06055 0.043194
9407.54492 0.043219
9408.02930 0.043244
9408.51367 0.043269
9408.99805 0.043294
9409.48242 0.043319
9409.96680 0.043344
9410.45117 0.043374
9410.93652 0.043405
9411.42090 0.043436
9411.90527 0.043467
9412.38965 0.043497
9412.87500 0.043528
9413.35938 0.043559
9413.84375 0.04359
9414.32812 0.04362
9414.81348 0.043651
9415.29785 0.043682
9415.78320 0.043713
9416.26758 0.043744
9416.75293 0.043775
9417.23730 0.043805
9417.72266 0.043836
9418.20703 0.043867
9418.69238 0.043898
9419.17676 0.043929
9419.66211 0.04396
9420.14746 0.043991
9420.63184 0.044022
9421.11719 0.044053
9421.60254 0.044084
9422.08789 0.044115
9422.57227 0.044145
9423.05762 0.044176
9423.54297 0.044207
9424.02832 0.044238
9424.51367 0.04427
9424.99902 0.044301
9425.48438 0.044332
9425.96973 0.044363
9426.45508 0.044394
9426.94043 0.044425
9427.42578 0.044456
9427.91113 0.044487
9428.39648 0.044518
9428.88184 0.044549
9429.36719 0.04458
9429.85254 0.044611
9430.33789 0.044639
9430.82422 0.044664
9431.30957 0.044689
9431.79492 0.044715
9432.28027 0.04474
9432.76660 0.044766
9433.25195 0.044791
9433.73730 0.044817
9434.22363 0.044842
9434.70898 0.044868
9435.19531 0.044893
9435.68066 0.044919
9436.16699 0.044944
9436.65234 0.04497
9437.13867 0.044995
9437.62402 0.045021
9438.11035 0.045046
9438.59668 0.045072
9439.08203 0.045097
9439.56836 0.045123
9440.05469 0.045149
9440.54004 0.04518
9441.02637 0.045212
9441.51270 0.045243
9441.99902 0.045275
9442.48535 0.045306
9442.97070 0.045337
9443.45703 0.045369
9443.94336 0.0454
9444.42969 0.045432
9444.91602 0.045463
9445.40234 0.045495
9445.88867 0.045526
9446.37500 0.045558
9446.86133 0.045589
9447.34766 0.045621
9447.83398 0.045652
9448.32129 0.045684
9448.80762 0.045715
9449.29395 0.045747
9449.78027 0.045778
9450.26660 0.045804
9450.75391 0.045824
9451.24023 0.045844
9451.72656 0.045864
9452.21387 0.045884
9452.70020 0.045904
9453.18652 0.045924
9453.67383 0.045944
9454.16016 0.045964
9454.64746 0.045984
9455.13379 0.046004
9455.62109 0.046024
9456.10742 0.046044
9456.59473 0.046064
9457.08203 0.046084
9457.56836 0.046104
9458.05566 0.046124
9458.54297 0.046144
9459.02930 0.046164
9459.51660 0.046184
9460.00391 0.046204
9460.49121 0.046219
9460.97754 0.046233
9461.46484 0.046247
9461.95215 0.046261
9462.43945 0.046276
9462.92676 0.04629
9463.41406 0.046304
9463.90137 0.046318
9464.38867 0.046333
9464.87598 0.046347
9465.36328 0.046361
9465.85059 0.046376
9466.33789 0.04639
9466.82520 0.046404
9467.31348 0.046419
9467.79980 0.046433
9468.28809 0.046447
9468.77539 0.046462
9469.26270 0.046476
9469.75000 0.04649
9470.23828 0.046507
9470.72559 0.046528
9471.21289 0.046548
9471.70117 0.046568
9472.18848 0.046588
9472.67578 0.046609
9473.16406 0.046629
9473.65137 0.046649
9474.13965 0.046669
9474.62695 0.04669
9475.11523 0.04671
9475.60352 0.04673
9476.09082 0.04675
9476.57910 0.046771
9477.06641 0.046791
9477.55469 0.046811
9478.04297 0.046831
9478.53125 0.046852
9479.01855 0.046872
9479.50684 0.046892
9479.99512 0.046913
9480.48340 0.046927
9480.97168 0.046942
9481.45996 0.046956
9481.94727 0.046971
9482.43555 0.046985
9482.92383 0.046999
9483.41211 0.047014
9483.90039 0.047028
9484.38867 0.047043
9484.87793 0.047057
9485.36621 0.047072
9485.85352 0.047086
9486.34277 0.047101
9486.83105 0.047115
9487.31934 0.04713
9487.80762 0.047144
9488.29688 0.047159
9488.78516 0.047173
9489.27344 0.047188
9489.76270 0.047202
9490.25098 0.047217
9490.73926 0.047231
9491.22852 0.047246
9491.71680 0.04726
9492.20605 0.047275
9492.69434 0.047289
9493.18359 0.047304
9493.67188 0.047318
9494.16113 0.047333
9494.64941 0.047348
9495.13867 0.047362
9495.62793 0.047377
9496.11621 0.047391
9496.60547 0.047406
9497.09473 0.04742
9497.58301 0.047435
9498.07227 0.047449
9498.56152 0.047464
9499.05078 0.047479
9499.54004 0.047493
9500.02832 0.047508
9500.51758 0.047528
9501.00684 0.047548
9501.49609 0.047568
9501.98535 0.047588
9502.47461 0.047608
9502.96387 0.047628
9503.45312 0.047648
9503.94238 0.047669
9504.43164 0.047689
9504.92188 0.047709
9505.41113 0.047729
9505.90039 0.047749
9506.38965 0.047769
9506.87891 0.047789
9507.36914 0.047809
9507.85840 0.047829
9508.34766 0.04785
9508.83789 0.04787
9509.32715 0.04789
9509.81641 0.04791
9510.30664 0.04793
9510.79590 0.04795
9511.28613 0.047971
9511.77539 0.047991
9512.26562 0.048011
9512.75488 0.048031
9513.24512 0.048051
9513.73438 0.048071
9514.22461 0.048092
9514.71484 0.048112
9515.20410 0.048132
9515.69434 0.048152
9516.18457 0.048172
9516.67383 0.048193
9517.16406 0.048213
9517.65430 0.048233
9518.14453 0.048253
9518.63477 0.048274
9519.12402 0.048294
9519.61426 0.048314
9520.10352 0.048334
9520.59473 0.048355
9521.08496 0.048375
9521.57520 0.048395
9522.06543 0.048416
9522.55566 0.048436
9523.04590 0.048456
9523.53711 0.048476
9524.02734 0.048497
9524.51758 0.048517
9525.00781 0.048537
9525.49805 0.048558
9525.98828 0.048578
9526.47852 0.048598
9526.96973 0.048619
9527.45996 0.048639
9527.95117 0.048659
9528.44141 0.04868
9528.93164 0.0487
9529.42285 0.048721
9529.91309 0.048741
9530.40430 0.048761
9530.89453 0.048782
9531.38574 0.048802
9531.87598 0.048822
9532.36719 0.048843
9532.85742 0.048863
9533.34863 0.048884
9533.83984 0.048904
9534.33008 0.048925
9534.82129 0.048945
9535.31152 0.048965
9535.80371 0.048986
9536.29395 0.049006
9536.78516 0.049027
9537.27637 0.049047
9537.76758 0.049068
9538.25879 0.049088
9538.75000 0.049109
9539.24121 0.049129
9539.73242 0.04915
9540.22363 0.049173
9540.71484 0.049199
9541.20605 0.049226
9541.69727 0.049253
9542.18848 0.049279
9542.67969 0.049306
9543.17090 0.049332
9543.66211 0.049359
9544.15332 0.049385
9544.64648 0.049412
9545.13672 0.049439
9545.62793 0.049465
9546.11914 0.049492
9546.61133 0.049519
9547.10254 0.049545
9547.59473 0.049572
9548.08594 0.049599
9548.57715 0.049625
9549.06934 0.049652
9549.56055 0.049679
9550.05273 0.049705
9550.54395 0.049725
9551.03613 0.049746
9551.52734 0.049767
9552.01953 0.049787
9552.51172 0.049808
9553.00293 0.049829
9553.49512 0.049849
9553.98730 0.04987
9554.47852 0.049891
9554.97070 0.049911
9555.46289 0.049932
9555.95508 0.049953
9556.44727 0.049973
9556.93945 0.049994
9557.43066 0.050015
9557.92285 0.050035
9558.41504 0.050056
9558.90723 0.050077
9559.39941 0.050098
9559.89160 0.050118
9560.38379 0.050139
9560.87598 0.05016
9561.36914 0.050181
9561.86133 0.050201
9562.35352 0.050222
9562.84570 0.050243
9563.33789 0.050264
9563.83008 0.050284
9564.32324 0.050305
9564.81543 0.050326
9565.30762 0.050347
9565.80078 0.050368
9566.29297 0.050388
9566.78516 0.050409
9567.27832 0.05043
9567.77148 0.050451
9568.26367 0.050472
9568.75586 0.050492
9569.24902 0.050513
9569.74121 0.050534
9570.23438 0.050555
9570.72656 0.050576
9571.21973 0.050597
9571.71289 0.050618
9572.20508 0.050638
9572.69824 0.050659
9573.19141 0.05068
9573.68457 0.050701
9574.17676 0.050722
9574.66992 0.050743
9575.16309 0.050764
9575.65625 0.050785
9576.14941 0.050806
9576.64258 0.050826
9577.13574 0.050847
9577.62891 0.050868
9578.12207 0.050889
9578.61523 0.05091
9579.10840 0.050931
9579.60156 0.050952
9580.09473 0.050972
9580.58789 0.050987
9581.08105 0.051001
9581.57422 0.051016
9582.06738 0.051031
9582.56152 0.051046
9583.05469 0.051061
9583.54785 0.051075
9584.04102 0.05109
9584.53516 0.051105
9585.02832 0.05112
9585.52148 0.051135
9586.01562 0.05115
9586.50879 0.051164
9587.00293 0.051179
9587.49609 0.051194
9587.99023 0.051209
9588.48340 0.051224
9588.97754 0.051239
9589.47070 0.051253
9589.96484 0.051268
9590.45898 0.051277
9590.95215 0.051286
9591.44629 0.051295
9591.94043 0.051303
9592.43359 0.051312
9592.92773 0.051321
9593.42188 0.051329
9593.91602 0.051338
9594.41016 0.051347
9594.90430 0.051355
9595.39746 0.051364
9595.89160 0.051373
9596.38574 0.051381
9596.87988 0.05139
9597.37402 0.051399
9597.86816 0.051407
9598.36230 0.051416
9598.85645 0.051425
9599.35156 0.051433
9599.84570 0.051442
9600.33984 0.051447
9600.83398 0.051451
9601.32812 0.051455
9601.82227 0.051458
9602.31738 0.051462
9602.81152 0.051465
9603.30566 0.051469
9603.80078 0.051473
9604.29492 0.051476
9604.78906 0.05148
9605.28418 0.051483
9605.77832 0.051487
9606.27344 0.051491
9606.76758 0.051494
9607.26270 0.051498
9607.75684 0.051502
9608.25195 0.051505
9608.74707 0.051509
9609.24121 0.051512
9609.73633 0.051516
9610.23047 0.051517
9610.72559 0.051514
9611.22070 0.051511
9611.71582 0.051509
9612.20996 0.051506
9612.70508 0.051503
9613.20020 0.051501
9613.69531 0.051498
9614.19043 0.051495
9614.68555 0.051492
9615.18066 0.05149
9615.67578 0.051487
9616.17090 0.051484
9616.66602 0.051482
9617.16113 0.051479
9617.65625 0.051476
9618.15137 0.051474
9618.64648 0.051471
9619.14160 0.051468
9619.63672 0.051465
9620.13281 0.051463
9620.62793 0.05146
9621.12305 0.051457
