threeML/data/optical_filters/HST/NICMOS3-F200N.ecsv
# %ECSV 0.9
# ---
# datatype:
# - {name: wavelength, unit: Angstrom, datatype: float32}
# - {name: response, datatype: float32}
# meta: !!omap
# - {band_name: F200N}
# - {group_name: NICMOS3}
wavelength response
[from data line 1531]
20052.36914 0.222745
20052.57031 0.222228
20052.76953 0.22171
20052.97070 0.221193
20053.16992 0.220675
20053.36914 0.220158
20053.57031 0.21964
20053.76953 0.219127
20053.97070 0.218609
20054.17969 0.218044
20054.38086 0.217472
20054.58008 0.216899
20054.77930 0.216327
20054.98047 0.215754
20055.17969 0.215181
20055.38086 0.214609
20055.58008 0.214036
20055.78906 0.213463
20055.99023 0.21289
20056.18945 0.212265
20056.39062 0.211629
20056.58984 0.210993
20056.78906 0.210357
20056.99023 0.209721
20057.18945 0.209085
20057.39062 0.208448
20057.58984 0.207812
20057.78906 0.207176
20058.00000 0.206539
20058.19922 0.205861
20058.40039 0.205182
20058.59961 0.204504
20058.80078 0.203824
20059.00000 0.203152
20059.19922 0.202473
20059.40039 0.201794
20059.59961 0.201115
20059.80078 0.200435
20060.00977 0.199752
20060.21094 0.198938
20060.41016 0.198125
20060.60938 0.197312
20060.81055 0.196498
20061.00977 0.195684
20061.21094 0.194871
20061.41016 0.194057
20061.61914 0.193243
20061.82031 0.192429
20062.01953 0.191615
20062.22070 0.190809
20062.41992 0.190003
20062.61914 0.189205
20062.82031 0.188399
20063.01953 0.187593
20063.22070 0.186786
20063.41992 0.18598
20063.61914 0.185173
20063.83008 0.184367
20064.02930 0.183551
20064.23047 0.182674
20064.42969 0.181797
20064.63086 0.18092
20064.83008 0.180043
20065.02930 0.179166
20065.23047 0.178289
20065.43945 0.177412
20065.64062 0.176535
20065.83984 0.175657
20066.03906 0.17479
20066.24023 0.173964
20066.43945 0.173138
20066.64062 0.172312
20066.83984 0.171486
20067.03906 0.170659
20067.25000 0.169833
20067.44922 0.169007
20067.65039 0.16818
20067.84961 0.167354
20068.05078 0.166505
20068.25000 0.165592
20068.44922 0.164679
20068.65039 0.163766
20068.85938 0.162853
20069.06055 0.161939
20069.25977 0.161026
20069.46094 0.160112
20069.66016 0.159198
20069.85938 0.158284
20070.06055 0.157378
20070.25977 0.156487
20070.46094 0.155595
20070.66992 0.154704
20070.86914 0.153812
20071.07031 0.15292
20071.26953 0.152029
20071.47070 0.151137
20071.66992 0.150245
20071.86914 0.149353
20072.07031 0.14843
20072.27930 0.147454
20072.48047 0.146478
20072.67969 0.145502
20072.88086 0.144525
20073.08008 0.143549
20073.27930 0.142572
20073.48047 0.141596
20073.67969 0.140619
20073.88086 0.139642
20074.08984 0.138676
20074.28906 0.137723
20074.49023 0.13677
20074.68945 0.135817
20074.89062 0.134864
20075.08984 0.133911
20075.28906 0.132958
20075.49023 0.132004
20075.69922 0.131051
20075.90039 0.130097
20076.09961 0.129184
20076.30078 0.128313
20076.50000 0.127442
20076.69922 0.126571
20076.90039 0.1257
20077.09961 0.124829
20077.30078 0.123957
20077.50977 0.123086
20077.71094 0.122215
20077.91016 0.121343
20078.10938 0.120474
20078.31055 0.119607
20078.50977 0.118739
20078.71094 0.117872
20078.91016 0.117004
20079.11914 0.116137
20079.32031 0.115269
20079.51953 0.114402
20079.72070 0.113534
20079.91992 0.112666
20080.11914 0.111803
20080.32031 0.110956
20080.52930 0.11011
20080.73047 0.109264
20080.92969 0.108417
20081.13086 0.107571
20081.33008 0.106724
20081.52930 0.105877
20081.73047 0.10503
20081.92969 0.104183
20082.13086 0.103351
20082.33984 0.102525
20082.53906 0.101699
20082.74023 0.100873
20082.93945 0.100047
20083.14062 0.099221
20083.33984 0.098395
20083.53906 0.097568
20083.75000 0.096734
20083.94922 0.095907
20084.15039 0.095166
20084.34961 0.094456
20084.55078 0.093745
20084.75000 0.093034
20084.94922 0.092323
20085.15039 0.091612
20085.35938 0.090901
20085.56055 0.09019
20085.75977 0.089479
20085.96094 0.088768
20086.16016 0.08797
20086.35938 0.087151
20086.56055 0.086323
20086.76953 0.085503
20086.97070 0.084683
20087.16992 0.083863
20087.36914 0.083043
20087.57031 0.082222
20087.76953 0.081402
20087.97070 0.080581
20088.16992 0.079925
20088.38086 0.079295
20088.58008 0.078665
20088.77930 0.078034
20088.98047 0.077398
20089.17969 0.076767
20089.38086 0.076137
20089.58008 0.075506
20089.78906 0.074875
20089.99023 0.074244
20090.18945 0.073562
20090.39062 0.072876
20090.58984 0.07219
20090.78906 0.071503
20090.99023 0.070817
20091.19922 0.070124
20091.40039 0.069437
20091.59961 0.068751
20091.80078 0.068064
20092.00000 0.067377
20092.19922 0.06682
20092.40039 0.066262
20092.59961 0.065704
20092.80078 0.065147
20093.00977 0.064584
20093.21094 0.064026
20093.41016 0.063468
20093.60938 0.06291
20093.81055 0.062352
20094.00977 0.061797
20094.21094 0.061294
20094.41992 0.060791
20094.61914 0.060288
20094.82031 0.05978
20095.01953 0.059277
20095.22070 0.058773
20095.41992 0.05827
20095.63086 0.057767
20095.83008 0.057263
20096.02930 0.056757
20096.23047 0.056233
20096.42969 0.055704
20096.63086 0.05518
20096.83008 0.054657
20097.03906 0.054133
20097.24023 0.053609
20097.43945 0.053085
20097.64062 0.05256
20097.83984 0.052031
20098.03906 0.051535
20098.24023 0.051142
20098.44922 0.050748
20098.65039 0.050355
20098.84961 0.049961
20099.05078 0.049568
20099.25000 0.049171
20099.44922 0.048777
20099.65039 0.048383
20099.85938 0.04799
20100.06055 0.0476
20100.25977 0.047222
20100.46094 0.046843
20100.66016 0.04646
20100.85938 0.046081
20101.06055 0.045702
20101.26953 0.045323
20101.47070 0.044944
20101.66992 0.044565
20101.86914 0.044186
20102.07031 0.043776
20102.26953 0.043322
20102.47070 0.042867
20102.67969 0.042413
20102.88086 0.041958
20103.08008 0.041503
20103.27930 0.041044
20103.48047 0.040589
20103.67969 0.040134
20103.88086 0.039679
20104.08984 0.039281
20104.28906 0.038959
20104.49023 0.038634
20104.68945 0.038312
20104.89062 0.03799
20105.08984 0.037668
20105.28906 0.037346
20105.50000 0.037024
20105.69922 0.036698
20105.90039 0.036376
20106.09961 0.036056
20106.30078 0.035739
20106.50000 0.035422
20106.71094 0.035102
20106.91016 0.034784
20107.10938 0.034467
20107.31055 0.03415
20107.50977 0.033832
20107.71094 0.033515
20107.91992 0.033194
20108.11914 0.032887
20108.32031 0.032588
20108.51953 0.032289
20108.72070 0.031989
20108.91992 0.031687
20109.13086 0.031387
20109.33008 0.031088
20109.52930 0.030788
20109.73047 0.030489
20109.92969 0.030186
20110.13086 0.029912
20110.33008 0.029651
20110.53906 0.02939
20110.74023 0.02913
20110.93945 0.028866
20111.14062 0.028605
20111.33984 0.028344
20111.53906 0.028083
20111.74023 0.027822
20111.94922 0.027559
20112.15039 0.027311
20112.34961 0.027068
20112.55078 0.026825
20112.75000 0.026581
20112.96094 0.026336
20113.16016 0.026092
20113.35938 0.025849
20113.56055 0.025605
20113.75977 0.02536
20113.96094 0.025116
20114.16016 0.024853
20114.36914 0.024586
20114.57031 0.024318
20114.76953 0.024048
20114.97070 0.02378
20115.16992 0.023513
20115.36914 0.023245
20115.58008 0.022975
20115.77930 0.022707
20115.98047 0.02244
20116.17969 0.022238
20116.38086 0.022045
20116.58008 0.02185
20116.78906 0.021656
20116.99023 0.021463
20117.18945 0.021269
20117.39062 0.021074
20117.58984 0.02088
20117.78906 0.020686
20117.99023 0.020493
20118.19922 0.020515
20118.40039 0.020544
20118.59961 0.020572
20118.80078 0.020601
20119.00000 0.02063
20119.21094 0.020658
20119.41016 0.020687
20119.60938 0.020716
20119.81055 0.020744
20120.00977 0.020754
20120.21094 0.020457
20120.41016 0.020159
20120.61914 0.019859
20120.82031 0.019562
20121.01953 0.019264
20121.22070 0.018967
20121.41992 0.018667
20121.63086 0.018369
20121.83008 0.018072
20122.02930 0.01778
20122.23047 0.017522
20122.42969 0.017266
20122.63086 0.01701
20122.83008 0.016754
20123.03906 0.016496
20123.24023 0.01624
20123.43945 0.015984
20123.64062 0.015728
20123.83984 0.01547
20124.03906 0.015251
20124.25000 0.015162
20124.44922 0.015073
20124.65039 0.014984
20124.84961 0.014895
20125.05078 0.014807
20125.25977 0.014717
20125.46094 0.014628
20125.66016 0.014539
20125.85938 0.014451
20126.06055 0.014358
20126.25977 0.014259
20126.46094 0.01416
20126.66992 0.014061
20126.86914 0.013962
20127.07031 0.013863
20127.26953 0.013764
20127.47070 0.013665
20127.67969 0.013566
20127.88086 0.013467
20128.08008 0.013377
20128.27930 0.013303
20128.48047 0.013228
20128.67969 0.013154
20128.89062 0.013079
20129.08984 0.013005
20129.28906 0.01293
20129.49023 0.012855
20129.68945 0.012781
20129.89062 0.012707
20130.09961 0.012592
20130.30078 0.012435
20130.50000 0.012279
20130.69922 0.012122
20130.90039 0.011964
20131.10938 0.011808
20131.31055 0.011651
20131.50977 0.011493
20131.71094 0.011337
20131.91016 0.01118
20132.11914 0.011063
20132.32031 0.010978
20132.51953 0.010894
20132.72070 0.010808
20132.91992 0.010723
20133.11914 0.010638
20133.33008 0.010553
20133.52930 0.010468
20133.73047 0.010383
20133.92969 0.010297
20134.13086 0.010235
20134.33008 0.010185
20134.53906 0.010135
20134.74023 0.010084
20134.93945 0.010034
20135.14062 0.009983
20135.33984 0.009933
20135.53906 0.009882
20135.75000 0.009832
20135.94922 0.009781
20136.15039 0.009713
20136.34961 0.00964
20136.55078 0.009565
20136.75977 0.009491
20136.96094 0.009418
20137.16016 0.009343
20137.35938 0.009269
20137.56055 0.009196
20137.76953 0.009121
20137.97070 0.009047
20138.16992 0.008908
20138.36914 0.008755
20138.57031 0.008603
20138.77930 0.008449
20138.98047 0.008297
20139.17969 0.008145
20139.38086 0.007991
20139.58008 0.007839
20139.77930 0.007687
20139.99023 0.007534
20140.18945 0.007577
20140.39062 0.007634
20140.58984 0.007691
20140.78906 0.007749
20140.99023 0.007806
20141.19922 0.007864
20141.40039 0.007921
20141.59961 0.007978
20141.80078 0.008036
20142.00000 0.008092
20142.21094 0.008063
20142.41016 0.008034
20142.60938 0.008005
20142.81055 0.007976
20143.00977 0.007948
20143.21094 0.007919
20143.41992 0.00789
20143.61914 0.007861
20143.82031 0.007832
20144.01953 0.0078
20144.22070 0.007743
20144.42969 0.007685
20144.63086 0.007628
20144.83008 0.00757
20145.02930 0.007512
20145.23047 0.007455
20145.43945 0.007397
20145.64062 0.00734
20145.83984 0.007282
20146.03906 0.00721
20146.24023 0.007086
20146.44922 0.006962
20146.65039 0.006837
20146.84961 0.006714
20147.05078 0.006589
20147.25000 0.006465
20147.46094 0.006341
20147.66016 0.006216
20147.85938 0.006092
20148.06055 0.005993
20148.25977 0.005955
20148.46094 0.005916
20148.66992 0.005877
20148.86914 0.005839
20149.07031 0.0058
20149.26953 0.005761
20149.47070 0.005722
20149.67969 0.005683
20149.88086 0.005645
20150.08008 0.005612
20150.27930 0.005587
20150.48047 0.005563
20150.68945 0.005538
20150.89062 0.005514
20151.08984 0.00549
20151.28906 0.005465
20151.49023 0.005441
20151.69922 0.005417
20151.90039 0.005392
20152.09961 0.005333
20152.30078 0.005239
20152.50000 0.005145
20152.71094 0.00505
20152.91016 0.004956
20153.10938 0.004861
20153.31055 0.004767
20153.51953 0.004673
20153.72070 0.004579
20153.91992 0.004485
20154.11914 0.004461
20154.32031 0.004485
20154.52930 0.004509
20154.73047 0.004533
20154.92969 0.004557
20155.13086 0.004581
20155.33008 0.004605
20155.53906 0.004629
20155.74023 0.004653
20155.93945 0.004678
20156.14062 0.004672
20156.33984 0.004654
20156.53906 0.004635
20156.75000 0.004617
20156.94922 0.004599
20157.15039 0.004581
20157.34961 0.004562
20157.55078 0.004544
20157.75977 0.004526
20157.96094 0.004507
20158.16016 0.004419
20158.35938 0.004313
20158.56055 0.004208
20158.76953 0.004102
20158.97070 0.003996
20159.16992 0.00389
20159.36914 0.003784
20159.58008 0.003678
20159.77930 0.003572
20159.98047 0.003466
20160.17969 0.003463
20160.38086 0.00347
20160.58984 0.003478
20160.78906 0.003485
20160.99023 0.003493
20161.18945 0.0035
20161.39062 0.003508
20161.59961 0.003516
20161.80078 0.003523
20162.00000 0.003531
20162.19922 0.003512
20162.40039 0.003492
20162.60938 0.003473
20162.81055 0.003454
20163.00977 0.003434
20163.21094 0.003415
20163.41016 0.003396
20163.61914 0.003376
20163.82031 0.003357
20164.01953 0.003353
20164.22070 0.003481
20164.42969 0.00361
20164.63086 0.003737
20164.83008 0.003866
20165.02930 0.003994
20165.23047 0.004123
20165.43945 0.00425
20165.64062 0.004379
20165.83984 0.004507
20166.03906 0.004576
20166.24023 0.004423
20166.44922 0.004269
20166.65039 0.004116
20166.84961 0.003961
20167.05078 0.003808
20167.25977 0.003654
20167.46094 0.003501
20167.66016 0.003347
20167.85938 0.003194
20168.06055 0.003073
20168.26953 0.003027
20168.47070 0.002981
20168.66992 0.002934
20168.86914 0.002888
20169.07031 0.002842
20169.27930 0.002795
20169.48047 0.002749
20169.67969 0.002702
20169.88086 0.002656
20170.08984 0.002619
20170.28906 0.002595
20170.49023 0.002571
20170.68945 0.002547
20170.89062 0.002523
20171.09961 0.002499
20171.30078 0.002474
20171.50000 0.00245
20171.69922 0.002426
20171.90039 0.002402
20172.10938 0.002413
20172.31055 0.002455
20172.50977 0.002497
20172.71094 0.002538
20172.91992 0.002581
20173.11914 0.002622
20173.32031 0.002664
20173.51953 0.002706
20173.72070 0.002748
20173.92969 0.00279
20174.13086 0.002794
20174.33008 0.002777
20174.52930 0.002759
20174.74023 0.002741
20174.93945 0.002724
20175.14062 0.002706
20175.33984 0.002688
20175.53906 0.002671
20175.75000 0.002653
20175.94922 0.002635
20176.15039 0.002604
20176.34961 0.002567
20176.55078 0.002531
20176.75977 0.002494
20176.96094 0.002457
20177.16016 0.002421
20177.36914 0.002384
20177.57031 0.002348
20177.76953 0.002311
20177.97070 0.002275
20178.16992 0.002216
20178.36914 0.002154
20178.58008 0.002091
20178.77930 0.002028
20178.98047 0.001965
20179.18945 0.001902
20179.39062 0.00184
20179.58984 0.001777
20179.78906 0.001715
20179.99023 0.001652
20180.19922 0.001869
20180.40039 0.002096
20180.59961 0.002321
20180.80078 0.002549
20181.00977 0.002777
20181.21094 0.003002
20181.41016 0.00323
20181.60938 0.003455
20181.81055 0.003683
20182.01953 0.003884
20182.22070 0.003798
20182.41992 0.003711
20182.61914 0.003626
20182.83008 0.003539
20183.02930 0.003453
20183.23047 0.003367
20183.42969 0.003281
20183.63086 0.003195
20183.83984 0.003108
20184.03906 0.003019
20184.24023 0.002918
20184.43945 0.002817
20184.65039 0.002715
20184.84961 0.002614
20185.05078 0.002512
20185.25000 0.00241
20185.46094 0.002309
20185.66016 0.002207
20185.85938 0.002107
20186.06055 0.002013
20186.26953 0.001936
20186.47070 0.001861
20186.66992 0.001784
20186.86914 0.001709
20187.07031 0.001632
20187.27930 0.001556
20187.48047 0.00148
20187.67969 0.001404
20187.88086 0.001328
20188.08984 0.001278
20188.28906 0.001264
20188.49023 0.001251
20188.68945 0.001237
20188.89062 0.001223
20189.09961 0.001209
20189.30078 0.001195
20189.50000 0.001181
20189.71094 0.001167
20189.91016 0.001153
20190.10938 0.001134
20190.31055 0.001109
20190.50977 0.001084
20190.72070 0.001059
20190.91992 0.001035
20191.11914 0.00101
20191.32031 0.000985
20191.52930 0.000961
20191.73047 0.000936
20191.92969 0.000911
20192.13086 0.000942
20192.33984 0.001002
20192.53906 0.001062
20192.74023 0.001122
20192.93945 0.001182
20193.14062 0.001242
20193.34961 0.001302
20193.55078 0.001362
20193.75000 0.001422
20193.96094 0.001483
20194.16016 0.001483
20194.35938 0.001465
20194.56055 0.001448
20194.75977 0.001431
20194.97070 0.001413
20195.16992 0.001396
20195.36914 0.001379
20195.57031 0.001361
20195.77930 0.001344
20195.98047 0.001326
20196.17969 0.001347
20196.38086 0.001371
20196.58984 0.001396
20196.78906 0.001421
20196.99023 0.001446
20197.18945 0.001471
20197.40039 0.001496
20197.59961 0.00152
20197.80078 0.001545
20198.00000 0.001568
20198.21094 0.00147
20198.41016 0.001372
20198.60938 0.001275
20198.81055 0.001177
20199.01953 0.001079
20199.22070 0.000982
20199.41992 0.000884
20199.61914 0.000786
20199.82031 0.000688
20200.02930 0.000603
20200.23047 0.000604
20200.42969 0.000604
20200.63086 0.000604
20200.83984 0.000604
20201.03906 0.000604
20201.24023 0.000604
20201.44922 0.000604
20201.65039 0.000604
20201.84961 0.000605
20202.05078 0.000605
20202.25000 0.000605
20202.46094 0.000606
20202.66016 0.000607
20202.85938 0.000607
20203.06055 0.000608
20203.26953 0.000608
20203.47070 0.000609
20203.66992 0.000609
20203.86914 0.00061
20204.08008 0.000592
20204.27930 0.000544
20204.48047 0.000495
20204.68945 0.000447
22225.15820 0.0
