threeML/data/optical_filters/HST/NICMOS1-F090M.ecsv
# %ECSV 0.9
# ---
# datatype:
# - {name: wavelength, unit: Angstrom, datatype: float32}
# - {name: response, datatype: float32}
# meta: !!omap
# - {band_name: F090M}
# - {group_name: NICMOS1}
wavelength response
7040.35645 0.0
7822.61816 0.000402
7822.97119 0.000406
7823.32520 0.000409
7823.67920 0.000413
7824.03223 0.000417
7824.38623 0.000421
7824.74023 0.000425
7825.09277 0.000428
7825.44678 0.000433
7825.80078 0.000437
7826.15381 0.000441
7826.50781 0.000446
7826.86182 0.00045
7827.21582 0.000454
7827.56982 0.000459
7827.92285 0.000463
7828.27686 0.000467
7828.63086 0.000472
7828.98486 0.000476
7829.33887 0.00048
7829.69287 0.000485
7830.04688 0.000489
7830.40088 0.000494
7830.75488 0.000499
7831.10889 0.000504
7831.46289 0.00051
7831.81689 0.000515
7832.17090 0.00052
7832.52490 0.000525
7832.87891 0.00053
7833.23291 0.000535
7833.58691 0.00054
7833.94092 0.000545
7834.29492 0.00055
7834.64893 0.000555
7835.00293 0.00056
7835.35791 0.000567
7835.71191 0.000573
7836.06592 0.00058
7836.41992 0.000587
7836.77490 0.000593
7837.12891 0.0006
7837.48291 0.000606
7837.83691 0.000613
7838.19189 0.000619
7838.54590 0.000626
7838.89990 0.000632
7839.25488 0.000639
7839.60889 0.000645
7839.96289 0.000652
7840.31787 0.000659
7840.67188 0.000667
7841.02686 0.000674
7841.38086 0.000682
7841.73584 0.000689
7842.08984 0.000697
7842.44482 0.000705
7842.79883 0.000712
7843.15381 0.00072
7843.50781 0.000727
7843.86279 0.000735
7844.21680 0.000742
7844.57178 0.00075
7844.92676 0.000757
7845.28076 0.000766
7845.63623 0.000776
7845.99121 0.000785
7846.34521 0.000795
7846.70020 0.000804
7847.05518 0.000813
7847.40918 0.000823
7847.76416 0.000832
7848.11914 0.000841
7848.47412 0.000851
7848.82812 0.00086
7849.18311 0.00087
7849.53809 0.000879
7849.89307 0.000888
7850.24805 0.000899
7850.60303 0.00091
7850.95801 0.000922
7851.31201 0.000933
7851.66699 0.000945
7852.02197 0.000956
7852.37695 0.000967
7852.73193 0.000979
7853.08691 0.00099
7853.44189 0.001001
7853.79688 0.001013
7854.15186 0.001024
7854.50684 0.001036
7854.86182 0.001047
7855.21680 0.001059
7855.57178 0.001072
7855.92676 0.001086
7856.28223 0.001099
7856.63818 0.001112
7856.99316 0.001125
7857.34814 0.001138
7857.70312 0.001151
7858.05811 0.001164
7858.41406 0.001177
7858.76904 0.00119
7859.12402 0.001203
7859.47900 0.001216
7859.83398 0.001229
7860.18994 0.001244
7860.54492 0.001259
7860.89990 0.001275
7861.25586 0.001291
7861.61084 0.001307
7861.96680 0.001323
7862.32178 0.001339
7862.67676 0.001355
7863.03320 0.001371
7863.38818 0.001387
7863.74414 0.001402
7864.09912 0.001418
7864.45508 0.001434
7864.81006 0.00145
7865.16602 0.001468
7865.52100 0.001487
7865.87695 0.001506
7866.23193 0.001525
7866.58789 0.001544
7866.94287 0.001563
7867.29883 0.001582
7867.65479 0.001601
7868.00977 0.00162
7868.36621 0.00164
7868.72217 0.001659
7869.07812 0.001678
7869.43311 0.001697
7869.78906 0.001716
7870.14502 0.001736
7870.50000 0.001757
7870.85596 0.001778
7871.21191 0.0018
7871.56787 0.001821
7871.92383 0.001842
7872.27881 0.001863
7872.63477 0.001884
7872.99121 0.001906
7873.34717 0.001927
7873.70312 0.001948
7874.05908 0.001969
7874.41504 0.00199
7874.77100 0.002012
7875.12695 0.002034
7875.48291 0.00206
7875.83887 0.002085
7876.19482 0.00211
7876.55078 0.002136
7876.90723 0.002161
7877.26318 0.002186
7877.61914 0.002212
7877.97510 0.002237
7878.33105 0.002262
7878.68799 0.002288
7879.04297 0.002313
7879.39990 0.002338
7879.75586 0.002364
7880.11182 0.00239
7880.46777 0.002417
7880.82520 0.002444
7881.18115 0.002471
7881.53711 0.002498
7881.89404 0.002525
7882.25000 0.002552
7882.60596 0.002579
7882.96191 0.002607
7883.31787 0.002634
7883.67480 0.002661
7884.03076 0.002688
7884.38818 0.002715
7884.74414 0.002742
7885.10107 0.00277
7885.45703 0.002801
7885.81299 0.002832
7886.16992 0.002862
7886.52588 0.002893
7886.88281 0.002923
7887.23877 0.002954
7887.59619 0.002984
7887.95312 0.003015
7888.30908 0.003045
7888.66602 0.003076
7889.02197 0.003107
7889.37891 0.003137
7889.73486 0.003168
7890.09180 0.003199
7890.44922 0.003232
7890.80615 0.003264
7891.16211 0.003297
7891.51904 0.00333
7891.87500 0.003362
7892.23193 0.003395
7892.58887 0.003428
7892.94580 0.003461
7893.30322 0.003493
7893.66016 0.003526
7894.01611 0.003559
7894.37305 0.003592
7894.72998 0.003624
7895.08691 0.003657
7895.44385 0.00369
7895.80078 0.003723
7896.15820 0.003755
7896.51514 0.003788
7896.87207 0.003821
7897.22900 0.003854
7897.58496 0.003886
7897.94189 0.003919
7898.29883 0.003952
7898.65723 0.003985
7899.01416 0.004018
7899.37109 0.00405
7899.72803 0.004083
7900.08496 0.004116
7900.44189 0.00415
7900.79883 0.004184
7901.15576 0.004218
7901.51318 0.004252
7901.87109 0.004286
7902.22803 0.00432
7902.58496 0.004354
7902.94189 0.004389
7903.29883 0.004423
7903.65723 0.004457
7904.01416 0.004491
7904.37109 0.004525
7904.72900 0.004559
7905.08594 0.004593
7905.44287 0.004626
7905.80078 0.004659
7906.15820 0.004692
7906.51611 0.004726
7906.87305 0.004759
7907.22998 0.004792
7907.58789 0.004825
7907.94482 0.004858
7908.30322 0.004892
7908.66016 0.004925
7909.01807 0.004958
7909.37500 0.004991
7909.73193 0.005025
7910.08984 0.005058
7910.44824 0.00509
7910.80518 0.005122
7911.16309 0.005153
7911.52100 0.005185
7911.87793 0.005217
7912.23584 0.005249
7912.59424 0.005281
7912.95117 0.005313
7913.30908 0.005345
7913.66699 0.005377
7914.02393 0.005409
7914.38184 0.005441
7914.74023 0.005473
7915.09814 0.005505
7915.45605 0.005537
7915.81299 0.005568
7916.17090 0.0056
7916.52881 0.005631
7916.88721 0.005663
7917.24512 0.005694
7917.60303 0.005726
7917.95996 0.005757
7918.31787 0.005789
7918.67578 0.00582
7919.03418 0.005852
7919.39209 0.005883
7919.75000 0.005915
7920.10791 0.005946
7920.46582 0.005976
7920.82422 0.006006
7921.18213 0.006036
7921.54102 0.006066
7921.89795 0.006096
7922.25684 0.006126
7922.61523 0.006155
7922.97314 0.006185
7923.33105 0.006215
7923.68896 0.006245
7924.04688 0.006275
7924.40576 0.006305
7924.76416 0.006335
7925.12207 0.006365
7925.47998 0.006393
7925.83789 0.006421
7926.19678 0.006449
7926.55518 0.006477
7926.91406 0.006506
7927.27197 0.006534
7927.62988 0.006562
7927.98779 0.00659
7928.34717 0.006619
7928.70508 0.006647
7929.06299 0.006675
7929.42188 0.006703
7929.77979 0.006732
7930.13916 0.00676
7930.49805 0.006789
7930.85596 0.006818
7931.21387 0.006847
7931.57324 0.006876
7931.93213 0.006905
7932.29004 0.006934
7932.64795 0.006963
7933.00684 0.006992
7933.36621 0.007021
7933.72510 0.007051
7934.08301 0.00708
7934.44189 0.007109
7934.79980 0.007138
7935.15918 0.007166
7935.51807 0.007194
7935.87598 0.007223
7936.23486 0.007251
7936.59424 0.007279
7936.95312 0.007307
7937.31201 0.007335
7937.66992 0.007363
7938.02881 0.007391
7938.38818 0.007419
7938.74707 0.007447
7939.10498 0.007475
7939.46387 0.007504
7939.82324 0.007532
7940.18311 0.00756
7940.54199 0.00759
7940.89990 0.007619
7941.25879 0.007648
7941.61816 0.007677
7941.97705 0.007706
7942.33594 0.007735
7942.69482 0.007764
7943.05420 0.007794
7943.41309 0.007823
7943.77197 0.007852
7944.13086 0.007881
7944.49121 0.00791
7944.85010 0.007939
7945.20898 0.007969
7945.56787 0.008
7945.92676 0.008031
7946.28613 0.008061
7946.64600 0.008092
7947.00488 0.008122
7947.36377 0.008153
7947.72314 0.008183
7948.08301 0.008214
7948.44189 0.008245
7948.80078 0.008275
7949.16113 0.008306
7949.52002 0.008336
7949.87891 0.008367
7950.23779 0.008399
7950.59814 0.008432
7950.95801 0.008465
7951.31689 0.008498
7951.67578 0.008531
7952.03613 0.008564
7952.39502 0.008597
7952.75391 0.008629
7953.11377 0.008662
7953.47412 0.008695
7953.83301 0.008728
7954.19189 0.008761
7954.55176 0.008794
7954.91211 0.008827
7955.27100 0.008861
7955.63086 0.008895
7955.99121 0.008929
7956.35010 0.008963
7956.70996 0.008998
7957.06885 0.009032
7957.42920 0.009066
7957.78906 0.0091
7958.14893 0.009134
7958.50781 0.009169
7958.86816 0.009203
7959.22803 0.009237
7959.58789 0.009271
7959.94824 0.009306
7960.30811 0.009342
7960.66699 0.009379
7961.02686 0.009417
7961.38721 0.009454
7961.74707 0.009491
7962.10693 0.009528
7962.46680 0.009566
7962.82715 0.009603
7963.18701 0.00964
7963.54590 0.009677
7963.90723 0.009715
7964.26709 0.009752
7964.62598 0.009789
7964.98584 0.009826
7965.34717 0.009867
7965.70703 0.009909
7966.06689 0.00995
7966.42676 0.009991
7966.78711 0.010033
7967.14697 0.010074
7967.50684 0.010115
7967.86719 0.010156
7968.22803 0.010198
7968.58789 0.010239
7968.94824 0.01028
7969.30811 0.010322
7969.66797 0.010363
7970.02881 0.010405
7970.38916 0.010449
7970.75000 0.010493
7971.10986 0.010537
7971.47021 0.010581
7971.83008 0.010626
7972.18994 0.01067
7972.55078 0.010714
7972.91211 0.010758
7973.27197 0.010803
7973.63184 0.010847
7973.99316 0.010891
7974.35303 0.010936
7974.71289 0.01098
7975.07422 0.011025
7975.43506 0.011073
7975.79492 0.011122
7976.15576 0.01117
7976.51611 0.011218
7976.87695 0.011267
7977.23682 0.011315
7977.59814 0.011363
7977.95801 0.011412
7978.31885 0.01146
7978.68018 0.011508
7979.04102 0.011557
7979.40088 0.011605
7979.76221 0.011653
7980.12305 0.011703
7980.48291 0.011755
7980.84424 0.011807
7981.20508 0.011859
7981.56592 0.011912
7981.92578 0.011964
7982.28711 0.012016
7982.64795 0.012068
7983.00879 0.01212
7983.37012 0.012172
7983.73096 0.012225
7984.09180 0.012277
7984.45312 0.012329
7984.81299 0.012381
7985.17383 0.012435
7985.53613 0.01249
7985.89600 0.012546
7986.25684 0.012601
7986.61816 0.012657
7986.97900 0.012712
7987.33984 0.012768
7987.70215 0.012823
7988.06201 0.012879
7988.42383 0.012934
7988.78516 0.01299
7989.14600 0.013045
7989.50684 0.013101
7989.86816 0.013156
7990.22900 0.013215
7990.59082 0.013277
7990.95215 0.013338
7991.31299 0.013399
7991.67383 0.01346
7992.03613 0.013521
7992.39697 0.013582
7992.75781 0.013644
7993.12012 0.013705
7993.47998 0.013766
7993.84180 0.013827
7994.20410 0.013889
7994.56494 0.01395
7994.92578 0.014011
7995.28809 0.014077
7995.64893 0.014144
7996.00977 0.014212
7996.37207 0.014279
7996.73291 0.014346
7997.09521 0.014413
7997.45703 0.01448
7997.81787 0.014548
7998.17920 0.014615
7998.54102 0.014682
7998.90186 0.014749
7999.26416 0.014817
7999.62500 0.014884
7999.98682 0.014951
8000.34912 0.015018
8000.70996 0.015085
8001.07178 0.015153
8001.43408 0.01522
8001.79492 0.015287
8002.15723 0.015354
8002.51904 0.015421
8002.88086 0.015488
8003.24316 0.015556
8003.60400 0.015623
8003.96582 0.01569
8004.32812 0.015757
8004.68994 0.015825
8005.05176 0.015893
8005.41406 0.015966
8005.77490 0.01604
8006.13721 0.016114
8006.49902 0.016187
8006.86084 0.016261
8007.22314 0.016335
8007.58496 0.016409
8007.94678 0.016482
8008.30908 0.016556
8008.67090 0.01663
8009.03320 0.016704
8009.39502 0.016778
8009.75684 0.016851
8010.11914 0.016927
8010.48096 0.017005
8010.84277 0.017083
8011.20605 0.017161
8011.56787 0.01724
8011.93018 0.017318
8012.29199 0.017396
8012.65381 0.017474
8013.01611 0.017553
8013.37793 0.017631
8013.74121 0.017709
8014.10303 0.017788
8014.46484 0.017866
8014.82812 0.017944
8015.18994 0.018023
8015.55176 0.018101
8015.91504 0.01818
8016.27686 0.018258
8016.63916 0.018336
8017.00098 0.018415
8017.36377 0.018493
8017.72705 0.018572
8018.08887 0.01865
8018.45117 0.018729
8018.81396 0.018807
8019.17578 0.018886
8019.53906 0.018964
8019.90088 0.019043
8020.26416 0.019125
8020.62598 0.019209
8020.98877 0.019292
8021.35205 0.019376
8021.71387 0.019459
8022.07715 0.019543
8022.43896 0.019626
8022.80176 0.01971
8023.16504 0.019793
8023.52686 0.019877
8023.89014 0.019961
8024.25293 0.020044
8024.61621 0.020128
8024.97900 0.020212
8025.34082 0.020296
8025.70410 0.02038
8026.06592 0.020464
8026.43018 0.020549
8026.79199 0.020633
8027.15479 0.020717
8027.51807 0.020801
8027.88086 0.020886
8028.24414 0.02097
8028.60596 0.021054
8028.97021 0.021139
8029.33301 0.021223
8029.69482 0.021307
8030.05908 0.021392
8030.42090 0.021477
8030.78516 0.021562
8031.14697 0.021647
8031.51123 0.021732
8031.87402 0.021817
8032.23682 0.021902
8032.60010 0.021988
8032.96289 0.022073
8033.32617 0.022158
8033.68896 0.022243
8034.05176 0.022329
8034.41602 0.022414
8034.77881 0.022499
8035.14209 0.022585
8035.50488 0.022672
8035.86816 0.022759
8036.23096 0.022847
8036.59521 0.022934
8036.95801 0.023021
8037.32080 0.023108
8037.68506 0.023196
8038.04785 0.023283
8038.41211 0.02337
8038.77490 0.023458
8039.13818 0.023545
8039.50098 0.023632
8039.86523 0.02372
8040.22900 0.023805
8040.59180 0.023887
8040.95605 0.023971
8041.31885 0.024054
8041.68213 0.024137
8042.04590 0.02422
8042.40918 0.024303
8042.77295 0.024386
8043.13721 0.024469
8043.50000 0.024552
8043.86377 0.024635
8044.22705 0.024719
8044.59082 0.024802
8044.95508 0.024885
8045.31787 0.024966
8045.68213 0.025046
8046.04492 0.025126
8046.40918 0.025206
8046.77295 0.025286
8047.13721 0.025366
8047.50000 0.025446
8047.86377 0.025527
8048.22803 0.025607
8048.59180 0.025687
8048.95605 0.025767
8049.31982 0.025848
8049.68408 0.025928
8050.04688 0.026008
8050.41113 0.026086
8050.77490 0.026164
8051.13916 0.026242
8051.50293 0.02632
8051.86719 0.026399
8052.23096 0.026477
8052.59521 0.026555
8052.95898 0.026633
8053.32324 0.026711
8053.68701 0.02679
8054.05078 0.026868
8054.41504 0.026946
8054.77881 0.027025
8055.14404 0.027098
8055.50684 0.027165
8055.87207 0.027231
8056.23584 0.027298
8056.60010 0.027364
8056.96387 0.027431
8057.32910 0.027497
8057.69189 0.027564
8058.05713 0.02763
8058.42090 0.027697
8058.78516 0.027764
8059.14990 0.02783
8059.51416 0.027897
8059.87793 0.027964
8060.24316 0.028026
8060.60693 0.028085
8060.97119 0.028145
8061.33594 0.028205
8061.70020 0.028264
8062.06396 0.028324
8062.42920 0.028384
8062.79297 0.028443
8063.15820 0.028503
8063.52197 0.028563
8063.88721 0.028623
8064.25098 0.028682
8064.61621 0.028742
8064.97998 0.028802
8065.34521 0.028852
8065.70996 0.028902
8066.07422 0.028951
8066.43896 0.029001
8066.80420 0.02905
8067.16797 0.0291
8067.53320 0.029149
8067.89697 0.029199
8068.26221 0.029248
8068.62695 0.029298
8068.99219 0.029347
8069.35596 0.029397
8069.72119 0.029446
8070.08594 0.029493
8070.45117 0.029529
8070.81494 0.029565
8071.18115 0.029601
8071.54492 0.029637
8071.91016 0.029673
8072.27490 0.029709
8072.64014 0.029745
8073.00488 0.029781
8073.37012 0.029817
8073.73486 0.029853
8074.10010 0.029889
8074.46484 0.029925
8074.83008 0.029961
8075.19482 0.029991
8075.56006 0.030015
8075.92480 0.030039
8076.29004 0.030063
8076.65479 0.030087
8077.02002 0.030112
8077.38477 0.030136
8077.75000 0.03016
8078.11523 0.030184
8078.47998 0.030208
8078.84619 0.030232
8079.21094 0.030257
8079.57617 0.030281
8079.94092 0.030305
8080.30713 0.030319
8080.67188 0.030332
8081.03711 0.030345
8081.40186 0.030357
8081.76807 0.03037
8082.13281 0.030382
8082.49902 0.030395
8082.86377 0.030408
8083.22900 0.03042
8083.59521 0.030433
8083.95996 0.030445
8084.32617 0.030458
8084.69092 0.030471
8085.05713 0.030481
8085.42188 0.030481
8085.78809 0.03048
8086.15283 0.03048
8086.51904 0.030479
8086.88379 0.030479
8087.25000 0.030478
8087.61523 0.030478
8087.97998 0.030477
8088.34619 0.030476
8088.71191 0.030476
8089.07812 0.030475
8089.44287 0.030475
8089.80908 0.030474
8090.17480 0.030469
8090.54102 0.030458
8090.90576 0.030447
8091.27197 0.030437
8091.63818 0.030426
8092.00293 0.030415
8092.36914 0.030404
8092.73486 0.030394
8093.10107 0.030383
8093.46680 0.030372
8093.83301 0.030361
8094.19824 0.030351
8094.56396 0.03034
8094.93018 0.030329
8095.29590 0.03031
8095.66211 0.03029
8096.02783 0.030269
8096.39404 0.030249
8096.75977 0.030228
8097.12598 0.030208
8097.49219 0.030187
8097.85791 0.030167
8098.22412 0.030146
8098.58984 0.030125
8098.95605 0.030105
8099.32178 0.030084
8099.68799 0.030064
8100.05518 0.030042
8100.42090 0.030016
8100.78711 0.02999
8101.15283 0.029964
8101.51904 0.029938
8101.88477 0.029912
8102.25195 0.029886
8102.61816 0.02986
8102.98389 0.029834
8103.35107 0.029808
8103.71680 0.029782
8104.08301 0.029756
8104.45020 0.02973
8104.81592 0.029704
8105.18213 0.029673
8105.54883 0.029638
8105.91504 0.029603
8106.28076 0.029568
8106.64795 0.029533
8107.01416 0.029498
8107.38086 0.029463
8107.74707 0.029428
8108.11377 0.029393
8108.47998 0.029358
8108.84717 0.029322
8109.21289 0.029287
8109.58008 0.029252
8109.94678 0.029217
8110.31299 0.029181
8110.68018 0.029144
8111.04590 0.029107
8111.41309 0.02907
