threeML/data/optical_filters/HST/NICMOS2-F215N.ecsv
# %ECSV 0.9
# ---
# datatype:
# - {name: wavelength, unit: Angstrom, datatype: float32}
# - {name: response, datatype: float32}
# meta: !!omap
# - {band_name: F215N}
# - {group_name: NICMOS2}
wavelength response
21280.93945 0.0
21281.15039 6.8e-05
21281.36914 0.000138
21281.58008 0.000207
21281.78906 0.000278
21282.00000 0.000347
21282.22070 0.00037
21282.42969 0.000393
21282.64062 0.000415
21282.84961 0.000438
21283.07031 0.000461
21283.27930 0.000484
21283.49023 0.000507
21283.71094 0.00053
21283.91992 0.000553
21284.13086 0.000713
21284.33984 0.000956
21284.55078 0.001202
21284.76953 0.001448
21284.98047 0.001694
21285.18945 0.00194
21285.41016 0.002185
21285.61914 0.002429
21285.83008 0.002675
21286.03906 0.002839
21286.25977 0.002678
21286.47070 0.002517
21286.67969 0.002357
21286.89062 0.002196
21287.10938 0.002037
21287.32031 0.001876
21287.52930 0.001716
21287.74023 0.001555
21287.96094 0.001394
21288.16992 0.001289
21288.38086 0.001199
21288.58984 0.001109
21288.81055 0.001018
21289.01953 0.000927
21289.23047 0.000836
21289.44922 0.000745
21289.66016 0.000655
21289.86914 0.000564
21290.08008 0.000555
21290.28906 0.000671
21290.50977 0.000788
21290.72070 0.000905
21290.92969 0.001022
21291.15039 0.00114
21291.35938 0.001257
21291.57031 0.001374
21291.78906 0.001491
21292.00000 0.001607
21292.21094 0.001459
21292.41992 0.001305
21292.63086 0.001152
21292.84961 0.000999
21293.06055 0.000845
21293.26953 0.000692
21293.49023 0.000539
21293.69922 0.000385
21293.91016 0.000233
21294.11914 0.000243
21294.33984 0.000371
21294.55078 0.000498
21294.75977 0.000626
21294.97070 0.000754
21295.18945 0.000882
21295.40039 0.00101
21295.60938 0.001138
21295.83008 0.001266
21296.03906 0.001404
21296.25000 0.001601
21296.46094 0.001798
21296.67969 0.001995
21296.89062 0.002192
21297.09961 0.002388
21297.31055 0.002585
21297.52930 0.002782
21297.74023 0.002979
21297.94922 0.003176
21298.16992 0.003194
21298.38086 0.003162
21298.58984 0.003129
21298.80078 0.003097
21299.01953 0.003065
21299.23047 0.003032
21299.43945 0.003
21299.65039 0.002968
21299.86914 0.002935
21300.08008 0.00285
21300.28906 0.002678
21300.50977 0.002506
21300.72070 0.002334
21300.92969 0.002161
21301.14062 0.001989
21301.35938 0.001819
21301.57031 0.001646
21301.77930 0.001474
21301.99023 0.001302
21302.21094 0.001449
21302.41992 0.001605
21302.63086 0.001761
21302.84961 0.001917
21303.06055 0.002073
21303.26953 0.002229
21303.48047 0.002386
21303.69922 0.002542
21303.91016 0.002698
21304.11914 0.002788
21304.33984 0.00283
21304.55078 0.002872
21304.75977 0.002913
21304.97070 0.002955
21305.18945 0.002997
21305.40039 0.003039
21305.60938 0.003081
21305.82031 0.003123
21306.03906 0.003166
21306.25000 0.003215
21306.46094 0.003265
21306.67969 0.003314
21306.89062 0.003364
21307.09961 0.003413
21307.31055 0.003462
21307.52930 0.003512
21307.74023 0.003561
21307.94922 0.003611
21308.16992 0.003536
21308.38086 0.003426
21308.58984 0.003316
21308.80078 0.003207
21309.01953 0.003097
21309.23047 0.002987
21309.43945 0.002877
21309.66016 0.002767
21309.86914 0.002658
21310.08008 0.002623
21310.28906 0.00271
21310.50977 0.002796
21310.72070 0.002883
21310.92969 0.002968
21311.14062 0.003055
21311.35938 0.003141
21311.57031 0.003228
21311.77930 0.003314
21312.00000 0.003401
21312.21094 0.003528
21312.41992 0.003655
21312.63086 0.003783
21312.84961 0.00391
21313.06055 0.004038
21313.26953 0.004165
21313.49023 0.004293
21313.69922 0.00442
21313.91016 0.004548
21314.11914 0.00445
21314.33984 0.004195
21314.55078 0.00394
21314.75977 0.003685
21314.98047 0.003429
21315.18945 0.003174
21315.40039 0.002919
21315.61914 0.002664
21315.83008 0.002408
21316.03906 0.002234
21316.25000 0.002396
21316.47070 0.002558
21316.67969 0.002721
21316.89062 0.002883
21317.10938 0.003046
21317.32031 0.003208
21317.52930 0.003371
21317.74023 0.003533
21317.96094 0.003696
21318.16992 0.003773
21318.38086 0.003829
21318.59961 0.003886
21318.81055 0.003942
21319.01953 0.003998
21319.24023 0.004054
21319.44922 0.00411
21319.66016 0.004166
21319.88086 0.004222
21320.08984 0.004301
21320.30078 0.004412
21320.50977 0.004523
21320.73047 0.004634
21320.93945 0.004745
21321.15039 0.004856
21321.36914 0.004967
21321.58008 0.005079
21321.78906 0.00519
21322.00000 0.005301
21322.22070 0.005428
21322.42969 0.005554
21322.64062 0.005681
21322.85938 0.005807
21323.07031 0.005934
21323.27930 0.00606
21323.49023 0.006187
21323.71094 0.006313
21323.91992 0.00644
21324.13086 0.006356
21324.34961 0.006146
21324.56055 0.005933
21324.76953 0.005723
21324.99023 0.005513
21325.19922 0.005302
21325.41016 0.005092
21325.61914 0.004881
21325.83984 0.004671
21326.05078 0.004543
21326.25977 0.00468
21326.48047 0.004817
21326.68945 0.004953
21326.90039 0.00509
21327.11914 0.005226
21327.33008 0.005363
21327.53906 0.0055
21327.75000 0.005636
21327.97070 0.005773
21328.17969 0.005998
21328.39062 0.006238
21328.60938 0.006477
21328.82031 0.006716
21329.02930 0.006956
21329.25000 0.007195
21329.46094 0.007434
21329.66992 0.007674
21329.88086 0.007913
21330.09961 0.008034
21330.31055 0.008015
21330.51953 0.007996
21330.74023 0.007977
21330.94922 0.007958
21331.16016 0.007939
21331.38086 0.00792
21331.58984 0.007902
21331.80078 0.007883
21332.01953 0.007879
21332.23047 0.008073
21332.43945 0.008267
21332.65039 0.00846
21332.86914 0.008654
21333.08008 0.008848
21333.28906 0.009043
21333.50977 0.009237
21333.72070 0.00943
21333.92969 0.009624
21334.15039 0.009641
21334.35938 0.009577
21334.57031 0.009514
21334.78906 0.00945
21335.00000 0.009387
21335.21094 0.009323
21335.42969 0.009259
21335.64062 0.009196
21335.84961 0.009132
21336.06055 0.009101
21336.27930 0.009145
21336.49023 0.009189
21336.69922 0.009233
21336.91992 0.009276
21337.13086 0.00932
21337.33984 0.009364
21337.56055 0.009408
21337.76953 0.009452
21337.98047 0.009496
21338.19922 0.009707
21338.41016 0.009933
21338.61914 0.010159
21338.83008 0.010385
21339.05078 0.010611
21339.25977 0.010839
21339.47070 0.011065
21339.68945 0.011291
21339.90039 0.011517
21340.10938 0.011628
21340.33008 0.011639
21340.53906 0.011649
21340.75000 0.011659
21340.97070 0.011669
21341.17969 0.01168
21341.39062 0.01169
21341.60938 0.0117
21341.82031 0.01171
21342.02930 0.011751
21342.24023 0.011966
21342.46094 0.012183
21342.66992 0.012399
21342.88086 0.012614
21343.09961 0.01283
21343.31055 0.013045
21343.51953 0.01326
21343.74023 0.013476
21343.94922 0.013693
21344.16016 0.013897
21344.38086 0.014099
21344.58984 0.0143
21344.80078 0.014501
21345.01953 0.014702
21345.23047 0.014905
21345.43945 0.015107
21345.66016 0.015308
21345.86914 0.015509
21346.08008 0.015685
21346.28906 0.015822
21346.50977 0.015959
21346.72070 0.016095
21346.93945 0.016232
21347.15039 0.016368
21347.35938 0.016504
21347.57031 0.016641
21347.78906 0.016778
21348.00000 0.016916
21348.21094 0.01714
21348.42969 0.017364
21348.64062 0.017588
21348.84961 0.017812
21349.07031 0.018039
21349.27930 0.018263
21349.49023 0.018487
21349.71094 0.018711
21349.91992 0.018936
21350.13086 0.019146
21350.34961 0.019349
21350.56055 0.019551
21350.76953 0.019752
21350.99023 0.019954
21351.19922 0.020156
21351.41016 0.020359
21351.63086 0.020561
21351.83984 0.020762
21352.05078 0.02102
21352.26953 0.021449
21352.48047 0.021882
21352.68945 0.022311
21352.91016 0.02274
21353.11914 0.023169
21353.33008 0.023598
21353.53906 0.024027
21353.75977 0.02446
21353.97070 0.024889
21354.18945 0.025153
21354.40039 0.025393
21354.60938 0.025635
21354.83008 0.025875
21355.03906 0.026115
21355.25000 0.026355
21355.46094 0.026595
21355.67969 0.026837
21355.89062 0.027077
21356.10938 0.027347
21356.32031 0.027647
21356.52930 0.027948
21356.75000 0.028251
21356.96094 0.028551
21357.16992 0.028852
21357.38086 0.029152
21357.59961 0.029453
21357.81055 0.029756
21358.02930 0.030047
21358.24023 0.030265
21358.44922 0.030484
21358.66992 0.030704
21358.88086 0.030923
21359.08984 0.031141
21359.30078 0.03136
21359.51953 0.031578
21359.73047 0.031799
21359.94922 0.032017
21360.16016 0.032462
21360.36914 0.032985
21360.58984 0.033512
21360.80078 0.034035
21361.00977 0.034558
21361.22070 0.035081
21361.43945 0.035608
21361.65039 0.036131
21361.86914 0.036654
21362.08008 0.037166
21362.28906 0.037664
21362.50977 0.038158
21362.72070 0.038651
21362.92969 0.039145
21363.15039 0.039643
21363.35938 0.040137
21363.57031 0.04063
21363.78906 0.041124
21364.00000 0.041622
21364.21094 0.042062
21364.42969 0.042503
21364.64062 0.042944
21364.84961 0.043388
21365.07031 0.043829
21365.27930 0.04427
21365.49023 0.04471
21365.71094 0.045155
21365.91992 0.045596
21366.13086 0.046111
21366.34961 0.046672
21366.56055 0.047237
21366.76953 0.047798
21366.99023 0.048359
21367.19922 0.048919
21367.41016 0.049485
21367.63086 0.050045
21367.83984 0.050606
21368.05078 0.051232
21368.26953 0.052026
21368.48047 0.05282
21368.68945 0.053614
21368.91016 0.054415
21369.11914 0.05521
21369.33008 0.056004
21369.55078 0.056798
21369.75977 0.0576
21369.97070 0.058394
21370.18945 0.059039
21370.40039 0.059669
21370.61914 0.060294
21370.83008 0.060919
21371.03906 0.061543
21371.25977 0.062174
21371.47070 0.062798
21371.67969 0.063423
21371.90039 0.064054
21372.10938 0.064696
21372.32031 0.065355
21372.53906 0.066021
21372.75000 0.06668
21372.96094 0.067339
21373.17969 0.067998
21373.39062 0.068663
21373.59961 0.069322
21373.82031 0.069982
21374.02930 0.070721
21374.24023 0.071881
21374.46094 0.073042
21374.66992 0.074213
21374.88086 0.075374
21375.09961 0.076534
21375.31055 0.077695
21375.52930 0.078867
21375.74023 0.080027
21375.94922 0.081188
21376.16992 0.081986
21376.38086 0.082668
21376.58984 0.08335
21376.81055 0.084038
21377.01953 0.08472
21377.23047 0.085402
21377.44922 0.086091
21377.66016 0.086773
21377.86914 0.087455
21378.08984 0.088368
21378.30078 0.089596
21378.50977 0.090823
21378.73047 0.092062
21378.93945 0.09329
21379.15039 0.094518
21379.36914 0.095757
21379.58008 0.096984
21379.78906 0.098212
21380.00977 0.099439
21380.22070 0.1004
21380.43945 0.101361
21380.65039 0.10233
21380.85938 0.103291
21381.08008 0.104252
21381.28906 0.105222
21381.50000 0.106183
21381.72070 0.107144
21381.92969 0.108114
21382.14062 0.109381
21382.35938 0.110793
21382.57031 0.112218
21382.78906 0.11363
21383.00000 0.115042
21383.21094 0.116467
21383.42969 0.117879
21383.64062 0.119291
21383.84961 0.120717
21384.07031 0.122039
21384.27930 0.123166
21384.49023 0.124302
21384.71094 0.125428
21384.91992 0.126565
21385.13086 0.127691
21385.34961 0.128818
21385.56055 0.129954
21385.77930 0.131081
21385.99023 0.132207
21386.19922 0.133577
21386.41992 0.134949
21386.63086 0.13632
21386.83984 0.137704
21387.06055 0.139075
21387.26953 0.140459
21387.48047 0.141831
21387.69922 0.143202
21387.91016 0.144586
21388.11914 0.145909
21388.33984 0.147196
21388.55078 0.148496
21388.76953 0.149784
21388.98047 0.151083
21389.18945 0.152371
21389.41016 0.153659
21389.61914 0.154959
21389.83008 0.156247
21390.05078 0.157568
21390.25977 0.159019
21390.47070 0.160457
21390.68945 0.161908
21390.90039 0.163346
21391.11914 0.164784
21391.33008 0.166235
21391.53906 0.167673
21391.75977 0.169124
21391.97070 0.170562
21392.17969 0.171843
21392.40039 0.173111
21392.60938 0.174367
21392.83008 0.175634
21393.03906 0.17689
21393.25000 0.178146
21393.47070 0.179414
21393.67969 0.18067
21393.89062 0.181937
21394.10938 0.183254
21394.32031 0.18463
21394.53906 0.186019
21394.75000 0.187395
21394.96094 0.188784
21395.17969 0.19016
21395.39062 0.191537
21395.59961 0.192926
21395.82031 0.194302
21396.02930 0.195659
21396.24023 0.19682
21396.46094 0.197991
21396.66992 0.199152
21396.88086 0.200312
21397.09961 0.201483
21397.31055 0.202644
21397.52930 0.203815
21397.74023 0.204976
21397.96094 0.206147
21398.16992 0.20726
21398.38086 0.208361
21398.59961 0.209471
21398.81055 0.210572
21399.01953 0.211682
21399.24023 0.212783
21399.44922 0.213893
21399.66016 0.214994
21399.88086 0.216094
21400.08984 0.217166
21400.30078 0.218176
21400.51953 0.219195
21400.73047 0.220205
21400.94922 0.221224
21401.16016 0.222235
21401.36914 0.223245
21401.58984 0.224264
21401.80078 0.225274
21402.01953 0.226288
21402.23047 0.227224
21402.43945 0.228168
21402.66016 0.229104
21402.86914 0.230049
21403.08008 0.230985
21403.30078 0.231921
21403.50977 0.232866
21403.72070 0.233801
21403.93945 0.234746
21404.15039 0.235667
21404.36914 0.23659
21404.58008 0.237505
21404.78906 0.238427
21405.00977 0.239342
21405.22070 0.240265
21405.43945 0.24118
21405.65039 0.242103
21405.85938 0.243018
21406.08008 0.243791
21406.28906 0.244314
21406.50000 0.244832
21406.72070 0.245356
21406.92969 0.245874
21407.15039 0.246397
21407.35938 0.246916
21407.57031 0.247439
21407.78906 0.247958
21408.00000 0.248482
21408.21094 0.249101
21408.42969 0.249726
21408.64062 0.250345
21408.85938 0.25097
21409.07031 0.251589
21409.28906 0.252214
21409.50000 0.252834
21409.71094 0.253459
21409.92969 0.254078
21410.14062 0.25447
21410.34961 0.254736
21410.57031 0.255005
21410.77930 0.255271
21411.00000 0.25554
21411.21094 0.255806
21411.41992 0.256075
21411.64062 0.256341
21411.84961 0.25661
21412.06055 0.25688
21412.27930 0.257161
21412.49023 0.25744
21412.71094 0.257722
21412.91992 0.258
21413.13086 0.258282
21413.34961 0.258561
21413.56055 0.258842
21413.77930 0.259121
21413.99023 0.259402
21414.19922 0.259622
21414.41992 0.25984
21414.63086 0.260057
21414.84961 0.260276
21415.06055 0.260493
21415.26953 0.260711
21415.49023 0.260928
21415.69922 0.261147
21415.91016 0.261363
21416.13086 0.261473
21416.33984 0.261508
21416.56055 0.261544
21416.76953 0.26158
21416.98047 0.261616
21417.19922 0.261652
21417.41016 0.261688
21417.61914 0.261724
21417.83984 0.26176
21418.05078 0.26178
21418.26953 0.261751
21418.48047 0.261722
21418.69922 0.261693
21418.91016 0.261664
21419.11914 0.261636
21419.33984 0.261607
21419.55078 0.261578
21419.76953 0.261549
21419.98047 0.26152
21420.18945 0.261516
21420.41016 0.261515
21420.61914 0.261514
21420.83008 0.261512
21421.05078 0.261511
21421.25977 0.26151
21421.48047 0.261508
21421.68945 0.261507
21421.90039 0.261506
21422.11914 0.261485
21422.33008 0.261448
21422.55078 0.261411
21422.75977 0.261374
21422.97070 0.261337
21423.18945 0.2613
21423.40039 0.261263
21423.61914 0.261226
21423.83008 0.261189
21424.03906 0.261122
21424.25977 0.260941
21424.47070 0.260759
21424.68945 0.260579
21424.90039 0.260397
21425.10938 0.260216
21425.33008 0.260034
21425.53906 0.259852
21425.75977 0.259671
21425.97070 0.259489
21426.17969 0.259379
21426.40039 0.259279
21426.60938 0.25918
21426.83008 0.25908
21427.03906 0.258979
21427.25000 0.25888
21427.47070 0.25878
21427.67969 0.258681
21427.90039 0.258581
21428.10938 0.258443
21428.32031 0.258267
21428.53906 0.258091
21428.75000 0.257916
21428.97070 0.25774
21429.17969 0.257565
21429.39062 0.257389
21429.60938 0.257213
21429.82031 0.257038
21430.03906 0.256871
21430.25000 0.25675
21430.46094 0.256628
21430.67969 0.256507
21430.89062 0.256385
21431.10938 0.256263
21431.32031 0.256142
21431.53906 0.25602
21431.75000 0.255899
21431.96094 0.255777
21432.17969 0.255811
21432.39062 0.255877
21432.60938 0.255944
21432.82031 0.25601
21433.02930 0.256077
21433.25000 0.256143
21433.46094 0.256209
21433.67969 0.256276
21433.89062 0.256342
21434.09961 0.256234
21434.32031 0.25594
21434.52930 0.255648
21434.75000 0.255353
21434.96094 0.255058
21435.16992 0.254766
21435.39062 0.254471
21435.59961 0.254179
21435.82031 0.253884
21436.02930 0.253622
21436.24023 0.253554
21436.46094 0.253486
21436.66992 0.253418
21436.89062 0.25335
21437.09961 0.253281
21437.31055 0.253214
21437.52930 0.253145
21437.74023 0.253077
21437.96094 0.253009
21438.16992 0.252949
21438.39062 0.252892
21438.59961 0.252835
21438.81055 0.252777
21439.02930 0.25272
21439.24023 0.252662
21439.46094 0.252604
21439.66992 0.252547
21439.88086 0.252489
21440.09961 0.25243
21440.31055 0.252369
21440.52930 0.252308
21440.74023 0.252247
21440.96094 0.252186
21441.16992 0.252125
21441.38086 0.252064
21441.59961 0.252003
21441.81055 0.251942
21442.02930 0.251883
21442.24023 0.251837
21442.46094 0.251791
21442.66992 0.251745
21442.88086 0.251699
21443.09961 0.251653
21443.31055 0.251608
21443.52930 0.251562
21443.74023 0.251516
21443.94922 0.25147
21444.16992 0.251404
