threeML/data/optical_filters/HST/NICMOS2-F207M.ecsv
# %ECSV 0.9
# ---
# datatype:
# - {name: wavelength, unit: Angstrom, datatype: float32}
# - {name: response, datatype: float32}
# meta: !!omap
# - {band_name: F207M}
# - {group_name: NICMOS2}
wavelength response
[from data line 3828]
21157.74023 0.230437
21158.15039 0.230544
21158.55078 0.230568
21158.96094 0.230592
21159.35938 0.230616
21159.76953 0.23064
21160.16992 0.230498
21160.58008 0.230131
21160.98047 0.229765
21161.38086 0.229398
21161.78906 0.229031
21162.19922 0.228826
21162.59961 0.228796
21163.00000 0.228767
21163.41016 0.228737
21163.81055 0.228708
21164.22070 0.228655
21164.61914 0.228581
21165.02930 0.228508
21165.42969 0.228434
21165.83984 0.228361
21166.24023 0.228269
21166.64062 0.228165
21167.05078 0.228061
21167.46094 0.227957
21167.85938 0.227853
21168.25977 0.227848
21168.66992 0.227895
21169.07031 0.227943
21169.48047 0.22799
21169.88086 0.228038
21170.28906 0.228023
21170.68945 0.227983
21171.09961 0.227943
21171.50000 0.227903
21171.91016 0.227863
21172.31055 0.227789
21172.72070 0.227704
21173.11914 0.227619
21173.52930 0.227535
21173.92969 0.22745
21174.33984 0.227316
21174.74023 0.227172
21175.14062 0.227028
21175.55078 0.226884
21175.96094 0.22674
21176.35938 0.226571
21176.75977 0.2264
21177.16992 0.226228
21177.57031 0.226057
21177.98047 0.225886
21178.38086 0.225807
21178.78906 0.225734
21179.18945 0.225661
21179.59961 0.225588
21180.00000 0.225514
21180.41016 0.225427
21180.81055 0.22534
21181.22070 0.225253
21181.61914 0.225167
21182.02930 0.225075
21182.42969 0.224908
21182.83984 0.224742
21183.24023 0.224577
21183.65039 0.22441
21184.05078 0.224268
21184.46094 0.224279
21184.85938 0.22429
21185.26953 0.224301
21185.66992 0.224312
21186.08008 0.22428
21186.48047 0.22407
21186.89062 0.223858
21187.28906 0.223647
21187.69922 0.223437
21188.09961 0.223305
21188.50977 0.223405
21188.91016 0.223506
21189.32031 0.223606
21189.72070 0.223707
21190.13086 0.223737
21190.52930 0.223617
21190.93945 0.223496
21191.33984 0.223376
21191.75000 0.223255
21192.15039 0.223102
21192.56055 0.222896
21192.96094 0.222689
21193.36914 0.222484
21193.77930 0.222277
21194.17969 0.222183
21194.58984 0.222228
21194.99023 0.222274
21195.40039 0.222319
21195.80078 0.222365
21196.21094 0.222334
21196.60938 0.222231
21197.01953 0.222128
21197.41992 0.222024
21197.83008 0.221921
21198.23047 0.221854
21198.64062 0.221815
21199.03906 0.221775
21199.44922 0.221736
21199.84961 0.221696
21200.25977 0.221493
21200.66016 0.2212
21201.07031 0.220906
21201.47070 0.220612
21201.88086 0.220318
21202.28906 0.220216
21202.68945 0.220193
21203.09961 0.22017
21203.50000 0.220148
21203.91016 0.220125
21204.31055 0.22
21204.72070 0.219845
21205.11914 0.219689
21205.52930 0.219533
21205.92969 0.219378
21206.33984 0.21944
21206.74023 0.219545
21207.15039 0.21965
21207.56055 0.219755
21207.96094 0.219859
21208.36914 0.219767
21208.76953 0.219655
21209.17969 0.219541
21209.58008 0.219429
21209.99023 0.219316
21210.39062 0.219234
21210.80078 0.219153
21211.21094 0.219072
21211.60938 0.218991
21212.01953 0.21891
21212.41992 0.218813
21212.83008 0.218717
21213.23047 0.21862
21213.64062 0.218523
21214.03906 0.218417
21214.44922 0.218224
21214.85938 0.21803
21215.25977 0.217838
21215.66992 0.217644
21216.07031 0.217487
21216.48047 0.217493
21216.88086 0.217499
21217.28906 0.217504
21217.68945 0.21751
21218.09961 0.217477
21218.50977 0.217324
21218.91016 0.217171
21219.32031 0.217019
21219.72070 0.216865
21220.13086 0.216768
21220.52930 0.216792
21220.93945 0.216816
21221.34961 0.216839
21221.75000 0.216863
21222.16016 0.216855
21222.56055 0.216795
21222.97070 0.216735
21223.36914 0.216676
21223.77930 0.216616
21224.18945 0.216668
21224.58984 0.216851
21225.00000 0.217033
21225.40039 0.217217
21225.81055 0.2174
21226.21094 0.217327
21226.61914 0.217025
21227.02930 0.216724
21227.42969 0.216422
21227.83984 0.21612
21228.24023 0.215792
21228.65039 0.215448
21229.05078 0.215102
21229.46094 0.214757
21229.86914 0.214411
21230.26953 0.214256
21230.67969 0.214193
21231.08008 0.214131
21231.49023 0.214068
21231.90039 0.214005
21232.30078 0.214036
21232.71094 0.214099
21233.10938 0.214162
21233.51953 0.214225
21233.92969 0.214289
21234.33008 0.214121
21234.74023 0.213902
21235.14062 0.213682
21235.55078 0.213464
21235.96094 0.213245
21236.35938 0.213311
21236.76953 0.213412
21237.16992 0.213513
21237.58008 0.213614
21237.99023 0.213716
21238.39062 0.213502
21238.80078 0.213277
21239.19922 0.213053
21239.60938 0.212828
21240.01953 0.212609
21240.41992 0.212539
21240.83008 0.212469
21241.23047 0.212399
21241.64062 0.212329
21242.05078 0.21226
21242.44922 0.2122
21242.85938 0.212138
21243.26953 0.212077
21243.66992 0.212016
21244.08008 0.211954
21244.48047 0.211889
21244.89062 0.211824
21245.28906 0.211759
21245.69922 0.211694
21246.10938 0.211585
21246.50977 0.211354
21246.91992 0.211123
21247.33008 0.210892
21247.73047 0.210661
21248.14062 0.210505
21248.53906 0.210492
21248.94922 0.21048
21249.35938 0.210468
21249.75977 0.210456
21250.16992 0.210405
21250.58008 0.210297
21250.98047 0.21019
21251.39062 0.210083
21251.78906 0.209976
21252.19922 0.209815
21252.60938 0.209601
21253.00977 0.209387
21253.41992 0.209173
21253.83008 0.208958
21254.23047 0.208872
21254.64062 0.208882
21255.03906 0.208892
21255.44922 0.208902
21255.85938 0.208912
21256.26953 0.208817
21256.66992 0.208667
21257.08008 0.208516
21257.48047 0.208366
21257.89062 0.208216
21258.30078 0.208281
21258.69922 0.208424
21259.10938 0.208568
21259.51953 0.208712
21259.91992 0.208856
21260.33008 0.208777
21260.74023 0.208645
21261.14062 0.208514
21261.55078 0.208383
21261.96094 0.208251
21262.35938 0.208086
21262.76953 0.207916
21263.16992 0.207746
21263.58008 0.207576
21263.99023 0.207405
21264.39062 0.207514
21264.80078 0.207631
21265.21094 0.207748
21265.60938 0.207866
21266.01953 0.207964
21266.42969 0.207687
21266.83008 0.207408
21267.24023 0.207131
21267.65039 0.206854
21268.05078 0.206651
21268.46094 0.206947
21268.86914 0.207244
21269.26953 0.207541
21269.67969 0.207838
21270.08984 0.208021
21270.49023 0.207783
21270.90039 0.207546
21271.31055 0.207307
21271.71094 0.207069
21272.11914 0.206794
21272.52930 0.20643
21272.92969 0.206064
21273.33984 0.2057
21273.75000 0.205336
21274.15039 0.205112
21274.56055 0.205123
21274.97070 0.205134
21275.36914 0.205145
21275.77930 0.205156
21276.18945 0.205111
21276.58984 0.204999
21277.00000 0.204888
21277.41016 0.204776
21277.81055 0.204664
21278.22070 0.204643
21278.63086 0.204697
21279.02930 0.204752
21279.43945 0.204807
21279.84961 0.204861
21280.25000 0.204959
21280.66016 0.205083
21281.07031 0.205207
21281.47070 0.20533
21281.88086 0.205455
21282.28906 0.205439
21282.69922 0.205368
21283.09961 0.205296
21283.50977 0.205224
21283.91992 0.205152
21284.32031 0.20489
21284.73047 0.204577
21285.14062 0.204266
21285.53906 0.203952
21285.94922 0.203641
21286.35938 0.203701
21286.76953 0.203813
21287.16992 0.203925
21287.58008 0.204036
21287.99023 0.204148
21288.39062 0.204124
21288.80078 0.204096
21289.21094 0.204068
21289.60938 0.20404
21290.01953 0.204008
21290.42969 0.203912
21290.83008 0.203816
21291.24023 0.203719
21291.65039 0.203623
21292.06055 0.203527
21292.46094 0.203431
21292.86914 0.203336
21293.27930 0.203241
21293.67969 0.203146
21294.08984 0.203115
21294.50000 0.20331
21294.91016 0.203505
21295.31055 0.2037
21295.72070 0.203895
21296.13086 0.203941
21296.52930 0.203661
21296.93945 0.20338
21297.34961 0.2031
21297.75977 0.202819
21298.16016 0.202616
21298.57031 0.202528
21298.98047 0.202441
21299.38086 0.202353
21299.78906 0.202265
21300.19922 0.202216
21300.60938 0.202207
21301.00977 0.202198
21301.41992 0.202189
21301.83008 0.20218
21302.23047 0.20204
21302.64062 0.201802
21303.05078 0.201565
21303.46094 0.201327
21303.85938 0.201091
21304.26953 0.201213
21304.67969 0.201515
21305.08984 0.201818
21305.49023 0.202121
21305.90039 0.202423
21306.31055 0.202303
21306.71094 0.202048
21307.11914 0.201792
21307.52930 0.201537
21307.93945 0.201281
21308.33984 0.201333
21308.75000 0.201442
21309.16016 0.201551
21309.57031 0.20166
21309.97070 0.201769
21310.38086 0.201572
21310.78906 0.201354
21311.19922 0.201136
21311.59961 0.200919
21312.00977 0.200708
21312.41992 0.200762
21312.83008 0.200815
21313.23047 0.200869
21313.64062 0.200922
21314.05078 0.200973
21314.46094 0.201005
21314.85938 0.201038
21315.26953 0.20107
21315.67969 0.201103
21316.08984 0.201107
21316.49023 0.201003
21316.90039 0.200899
21317.31055 0.200795
21317.72070 0.200691
21318.11914 0.200686
21318.52930 0.200907
21318.93945 0.201128
21319.34961 0.201349
21319.75000 0.20157
21320.16016 0.201706
21320.57031 0.20171
21320.98047 0.201715
21321.38086 0.201719
21321.78906 0.201724
21322.19922 0.201517
21322.60938 0.20109
21323.01953 0.200662
21323.41992 0.200237
21323.83008 0.19981
21324.24023 0.199723
21324.65039 0.19988
21325.05078 0.200037
21325.46094 0.200194
21325.86914 0.200351
21326.27930 0.200451
21326.67969 0.200522
21327.08984 0.200594
21327.50000 0.200665
21327.91016 0.200737
21328.31055 0.200784
21328.72070 0.200824
21329.13086 0.200864
21329.53906 0.200904
21329.94922 0.200943
21330.34961 0.200685
21330.75977 0.20038
21331.16992 0.200075
21331.58008 0.19977
21331.98047 0.199467
21332.39062 0.199664
21332.80078 0.199882
21333.21094 0.2001
21333.61914 0.200317
21334.02930 0.200509
21334.42969 0.200314
21334.83984 0.200117
21335.25000 0.199921
21335.66016 0.199724
21336.06055 0.19961
21336.47070 0.19994
21336.88086 0.200267
21337.28906 0.200597
21337.69922 0.200926
21338.09961 0.201131
21338.50977 0.200971
21338.91992 0.200811
21339.33008 0.200651
21339.73047 0.200491
21340.14062 0.200404
21340.55078 0.200454
21340.96094 0.200503
21341.36914 0.200552
21341.77930 0.200602
21342.17969 0.200613
21342.58984 0.200578
21343.00000 0.200542
21343.41016 0.200506
21343.81055 0.200471
21344.22070 0.200555
21344.63086 0.20074
21345.03906 0.200924
21345.44922 0.201108
21345.85938 0.201292
21346.25977 0.201245
21346.66992 0.201071
21347.08008 0.200897
21347.49023 0.200723
21347.90039 0.200548
21348.30078 0.200525
21348.71094 0.200552
21349.11914 0.20058
21349.52930 0.200607
21349.93945 0.200635
21350.34961 0.2008
21350.75000 0.200989
21351.16016 0.201179
21351.57031 0.201369
21351.98047 0.201559
21352.39062 0.201399
21352.78906 0.201219
21353.19922 0.20104
21353.60938 0.200861
21354.01953 0.200693
21354.42969 0.200752
21354.83984 0.200811
21355.24023 0.20087
21355.65039 0.200929
21356.06055 0.200969
21356.47070 0.200902
21356.88086 0.200835
21357.28906 0.200767
21357.68945 0.2007
21358.09961 0.200701
21358.50977 0.200908
21358.91992 0.201115
21359.33008 0.201322
21359.73047 0.201528
21360.14062 0.201728
21360.55078 0.201913
21360.96094 0.202098
21361.36914 0.202283
21361.77930 0.202467
21362.18945 0.202522
21362.58984 0.202422
21363.00000 0.202322
21363.41016 0.202221
21363.82031 0.202121
21364.23047 0.202008
21364.64062 0.201886
21365.03906 0.201765
21365.44922 0.201643
21365.85938 0.201521
21366.26953 0.201515
21366.67969 0.201568
21367.08984 0.20162
21367.50000 0.201674
21367.90039 0.201727
21368.31055 0.201938
21368.72070 0.202198
21369.13086 0.202458
21369.53906 0.202719
21369.94922 0.20298
21370.35938 0.202986
21370.75977 0.202953
21371.16992 0.202921
21371.58008 0.202888
21371.99023 0.202855
21372.40039 0.202781
21372.81055 0.202706
21373.21094 0.20263
21373.61914 0.202555
21374.02930 0.202502
21374.43945 0.202704
21374.84961 0.202907
21375.25977 0.203109
21375.66992 0.203312
21376.08008 0.203496
21376.48047 0.203598
21376.89062 0.2037
21377.30078 0.203802
21377.71094 0.203905
21378.11914 0.204005
21378.52930 0.2041
21378.93945 0.204196
21379.34961 0.204291
21379.75000 0.204387
21380.16016 0.204461
21380.57031 0.204503
21380.98047 0.204544
21381.39062 0.204586
21381.80078 0.204627
21382.21094 0.204766
21382.61914 0.204997
21383.01953 0.205229
21383.42969 0.205461
21383.83984 0.205693
21384.25000 0.205746
21384.66016 0.205686
21385.07031 0.205627
21385.48047 0.205567
21385.89062 0.205507
21386.28906 0.205583
21386.69922 0.205711
21387.10938 0.20584
21387.51953 0.205968
21387.92969 0.206096
21388.33984 0.206217
21388.75000 0.206336
21389.16016 0.206454
21389.57031 0.206573
21389.97070 0.206692
21390.38086 0.20676
21390.78906 0.206824
21391.19922 0.206889
21391.60938 0.206954
21392.01953 0.207018
21392.42969 0.207094
21392.83984 0.20717
21393.25000 0.207246
21393.66016 0.207322
21394.06055 0.207415
21394.47070 0.2076
21394.88086 0.207787
21395.28906 0.207972
21395.69922 0.208158
21396.10938 0.208301
21396.51953 0.208331
21396.92969 0.208361
21397.33984 0.208391
21397.75000 0.208421
21398.15039 0.208497
21398.56055 0.208649
21398.97070 0.208802
21399.38086 0.208954
21399.78906 0.209107
21400.19922 0.209246
21400.60938 0.209372
21401.01953 0.209499
21401.42969 0.209624
21401.83984 0.209751
21402.25000 0.209909
21402.66016 0.21009
21403.06055 0.21027
21403.47070 0.210451
21403.88086 0.210631
21404.28906 0.210688
21404.69922 0.210696
21405.10938 0.210704
21405.51953 0.210712
21405.92969 0.21072
21406.33984 0.211086
21406.75000 0.21153
21407.16016 0.211971
21407.57031 0.212415
21407.97070 0.212856
21408.38086 0.21287
21408.78906 0.212855
21409.19922 0.21284
21409.60938 0.212825
21410.01953 0.212806
21410.42969 0.2127
21410.83984 0.212596
21411.25000 0.21249
21411.66016 0.212386
21412.07031 0.212357
21412.48047 0.21271
21412.89062 0.213062
21413.30078 0.213415
21413.71094 0.213767
21414.11914 0.214023
21414.52930 0.21403
21414.92969 0.214037
21415.33984 0.214045
21415.75000 0.214052
21416.16016 0.214112
21416.57031 0.214253
21416.98047 0.214393
21417.39062 0.214533
21417.80078 0.214674
21418.21094 0.2149
21418.61914 0.21521
21419.02930 0.21552
21419.43945 0.215828
21419.84961 0.216138
21420.25977 0.216488
21420.66992 0.21686
21421.08008 0.217234
21421.49023 0.217608
21421.89062 0.21798
21422.30078 0.217957
21422.71094 0.217796
21423.11914 0.217637
21423.52930 0.217476
21423.93945 0.217316
21424.34961 0.217522
21424.75977 0.217786
21425.16992 0.218052
21425.58008 0.218317
21425.99023 0.218582
21426.40039 0.218863
21426.81055 0.219145
21427.22070 0.219427
21427.63086 0.219708
21428.03906 0.219949
21428.44922 0.219809
21428.85938 0.219669
21429.26953 0.219529
21429.67969 0.219389
21430.08984 0.219303
21430.50000 0.219417
21430.91016 0.21953
21431.32031 0.219643
21431.73047 0.219756
21432.14062 0.219947
21432.55078 0.220292
21432.96094 0.220635
21433.36914 0.22098
21433.77930 0.221324
21434.18945 0.221574
21434.59961 0.221708
21435.00000 0.221841
21435.41016 0.221975
21435.82031 0.222109
21436.23047 0.2223
21436.64062 0.222534
21437.05078 0.222767
21437.46094 0.223001
21437.86914 0.223236
21438.27930 0.223588
21438.68945 0.223994
21439.09961 0.224399
21439.50977 0.224804
21439.91992 0.225208
21440.33008 0.225184
21440.74023 0.225058
21441.15039 0.224932
21441.56055 0.224807
21441.97070 0.224681
21442.38086 0.224828
21442.78906 0.224994
21443.19922 0.22516
21443.60938 0.225326
21444.01953 0.225512
21444.42969 0.226048
21444.83984 0.226583
21445.25000 0.227119
21445.66016 0.227655
21446.07031 0.228082
21446.48047 0.227997
21446.89062 0.227912
21447.30078 0.227827
21447.71094 0.227742
21448.11914 0.227719
21448.52930 0.227843
21448.93945 0.227966
21449.34961 0.22809
21449.75977 0.228214
21450.16992 0.228342
21450.58008 0.228477
21450.99023 0.228611
21451.40039 0.228746
21451.81055 0.22888
21452.22070 0.229027
21452.63086 0.229185
21453.03906 0.229342
21453.44922 0.2295
21453.85938 0.229657
21454.26953 0.230025
21454.67969 0.230498
21455.08984 0.230971
21455.50000 0.231443
21455.91016 0.231916
21456.32031 0.232001
21456.73047 0.231983
21457.14062 0.231965
21457.55078 0.231947
21457.96094 0.231929
21458.36914 0.232263
21458.78906 0.232629
21459.19922 0.232996
21459.60938 0.233363
21460.01953 0.233728
21460.42969 0.23405
21460.83984 0.234371
21461.25000 0.234691
21461.66016 0.235012
21462.07031 0.235274
21462.48047 0.235243
21462.89062 0.235212
21463.30078 0.235181
21463.71094 0.23515
21464.11914 0.235323
21464.52930 0.235994
21464.93945 0.236665
21465.34961 0.237339
21465.75977 0.23801
21466.16992 0.238312
21466.58008 0.2381
21466.99023 0.237888
21467.40039 0.237676
21467.81055 0.237464
21468.22070 0.237348
21468.63086 0.237313
21469.03906 0.237278
21469.46094 0.237243
