threeML/data/optical_filters/HST/NICMOS3-F175W.ecsv
# %ECSV 0.9
# ---
# datatype:
# - {name: wavelength, unit: Angstrom, datatype: float32}
# - {name: response, datatype: float32}
# meta: !!omap
# - {band_name: F175W}
# - {group_name: NICMOS3}
wavelength response
[from data line 766]
12422.11035 0.12168
12423.25000 0.121857
12424.38965 0.122034
12425.53027 0.122214
12426.66992 0.122398
12427.80957 0.122582
12428.95020 0.122767
12430.08008 0.122951
12431.21973 0.123141
12432.36035 0.123331
12433.50000 0.12352
12434.63965 0.12371
12435.78027 0.123902
12436.91992 0.124095
12438.07031 0.124287
12439.20996 0.12448
12440.34961 0.124678
12441.49023 0.124885
12442.62988 0.125092
12443.76953 0.125299
12444.91016 0.125507
12446.04980 0.12572
12447.19043 0.125935
12448.33008 0.126149
12449.46973 0.126363
12450.62012 0.126583
12451.75977 0.126809
12452.90039 0.127036
12454.04004 0.127262
12455.17969 0.127487
12456.33008 0.127707
12457.46973 0.127926
12458.61035 0.128146
12459.75000 0.128366
12460.88965 0.128583
12462.04004 0.1288
12463.17969 0.129017
12464.32031 0.129233
12465.46973 0.129448
12466.61035 0.129659
12467.75000 0.129871
12468.88965 0.130083
12470.04004 0.130295
12471.17969 0.130518
12472.33008 0.130741
12473.46973 0.130964
12474.61035 0.131187
12475.75977 0.131395
12476.90039 0.131595
12478.04004 0.131795
12479.19043 0.131995
12480.33008 0.1322
12481.48047 0.132416
12482.62012 0.132632
12483.76953 0.132848
12484.91016 0.133065
12486.05957 0.133259
12487.20020 0.133451
12488.33984 0.133644
12489.49023 0.133836
12490.63965 0.134025
12491.78027 0.13421
12492.92969 0.134395
12494.07031 0.13458
12495.21973 0.134764
12496.36035 0.134943
12497.50977 0.135122
12498.65039 0.135302
12499.79980 0.135481
12500.95020 0.135643
12502.08984 0.135802
12503.24023 0.13596
12504.38965 0.136118
12505.53027 0.136272
12506.67969 0.13642
12507.83008 0.136568
12508.96973 0.136716
12510.12012 0.136863
12511.26953 0.136999
12512.41016 0.137136
12513.55957 0.137272
12514.70996 0.137408
12515.86035 0.137544
12517.00000 0.137681
12518.15039 0.137818
12519.29980 0.137954
12520.45020 0.138078
12521.59961 0.138183
12522.74023 0.138288
12523.88965 0.138393
12525.04004 0.138497
12526.19043 0.138596
12527.33984 0.138694
12528.49023 0.138792
12529.62988 0.13889
12530.78027 0.138975
12531.92969 0.139053
12533.08008 0.139132
12534.23047 0.139211
12535.37988 0.139285
12536.53027 0.139351
12537.67969 0.139416
12538.83008 0.139482
12539.98047 0.139548
12541.12988 0.139605
12542.28027 0.139662
12543.42969 0.13972
12544.58008 0.139777
12545.73047 0.139826
12546.87988 0.139871
12548.03027 0.139915
12549.17969 0.13996
12550.33008 0.14
12551.48047 0.140029
12552.62988 0.140058
12553.78027 0.140087
12554.92969 0.140116
12556.08008 0.140131
12557.24023 0.140144
12558.38965 0.140157
12559.54004 0.140171
12560.69043 0.140184
12561.83984 0.140197
12563.00000 0.140209
12564.15039 0.140222
12565.29980 0.140232
12566.45020 0.140232
12567.59961 0.140232
12568.75977 0.140232
12569.91016 0.140232
12571.05957 0.140224
12572.20996 0.140216
12573.37012 0.140209
12574.51953 0.140201
12575.66992 0.140191
12576.83008 0.14018
12577.98047 0.14017
12579.12988 0.140159
12580.29004 0.140144
12581.44043 0.140116
12582.58984 0.140088
12583.75000 0.140059
12584.90039 0.140031
12586.04980 0.140006
12587.20996 0.139982
12588.36035 0.139957
12589.51953 0.139933
12590.66992 0.139908
12591.83008 0.139882
12592.98047 0.139856
12594.12988 0.139831
12595.29004 0.139804
12596.44043 0.139773
12597.59961 0.139742
12598.75000 0.139711
12599.91016 0.139681
12601.05957 0.139642
12602.21973 0.139603
12603.37988 0.139564
12604.53027 0.139524
12605.69043 0.139493
12606.83984 0.139466
12608.00000 0.139439
12609.15039 0.139412
12610.30957 0.139382
12611.46973 0.139344
12612.62012 0.139306
12613.78027 0.139267
12614.94043 0.139229
12616.08984 0.139194
12617.25000 0.139158
12618.41016 0.139123
12619.55957 0.139088
12620.71973 0.139048
12621.87988 0.139005
12623.04004 0.138963
12624.19043 0.13892
12625.34961 0.138882
12626.50977 0.138853
12627.66992 0.138824
12628.82031 0.138795
12629.98047 0.138766
12631.13965 0.13874
12632.29980 0.138714
12633.45996 0.138688
12634.61035 0.138662
12635.76953 0.138629
12636.92969 0.138594
12638.08984 0.138558
12639.25000 0.138523
12640.41016 0.13849
12641.57031 0.138463
12642.73047 0.138435
12643.88965 0.138408
12645.04004 0.138381
12646.20020 0.13836
12647.36035 0.138339
12648.51953 0.138318
12649.67969 0.138297
12650.83984 0.138275
12652.00000 0.138254
12653.16016 0.138233
12654.32031 0.138212
12655.48047 0.138194
12656.63965 0.138179
12657.79980 0.138165
12658.96973 0.138151
12660.12988 0.138136
12661.29004 0.138117
12662.45020 0.138098
12663.61035 0.138078
12664.76953 0.138059
12665.92969 0.138042
12667.08984 0.138027
12668.25000 0.138012
12669.41992 0.137997
12670.58008 0.137982
12671.74023 0.137967
12672.90039 0.137953
12674.05957 0.137938
12675.23047 0.137924
12676.38965 0.137909
12677.54980 0.137895
12678.70996 0.13788
12679.87012 0.137866
12681.04004 0.137859
12682.20020 0.137852
12683.36035 0.137846
12684.53027 0.137839
12685.69043 0.137838
12686.84961 0.137841
12688.01953 0.137843
12689.17969 0.137846
12690.33984 0.137846
12691.50977 0.137838
12692.66992 0.13783
12693.83008 0.137822
12695.00000 0.137814
12696.16016 0.137803
12697.33008 0.137792
12698.49023 0.13778
12699.65039 0.137769
12700.82031 0.137762
12701.98047 0.137757
12703.15039 0.137752
12704.30957 0.137747
12705.48047 0.137737
12706.63965 0.13772
12707.80957 0.137703
12708.96973 0.137686
12710.13965 0.13767
12711.29980 0.137663
12712.46973 0.137657
12713.62988 0.137651
12714.79980 0.137645
12715.96973 0.137635
12717.12988 0.137624
12718.29980 0.137614
12719.45996 0.137603
12720.62988 0.137596
12721.79980 0.13759
12722.95996 0.137585
12724.12988 0.13758
12725.29980 0.137575
12726.45996 0.137571
12727.62988 0.137567
12728.79980 0.137563
12729.95996 0.137559
12731.12988 0.137545
12732.29980 0.137531
12733.46973 0.137517
12734.62988 0.137503
12735.79980 0.137488
12736.96973 0.137472
12738.13965 0.137457
12739.30957 0.137442
12740.46973 0.137429
12741.63965 0.137419
12742.80957 0.137409
12743.98047 0.1374
12745.15039 0.137389
12746.32031 0.137374
12747.49023 0.137359
12748.65039 0.137344
12749.82031 0.137329
12750.99023 0.137313
12752.16016 0.137298
12753.33008 0.137282
12754.50000 0.137267
12755.66992 0.137252
12756.83984 0.137238
12758.00977 0.137224
12759.17969 0.13721
12760.34961 0.137193
12761.51953 0.13717
12762.69043 0.137148
12763.86035 0.137125
12765.03027 0.137102
12766.20020 0.137074
12767.37012 0.137047
12768.54004 0.13702
12769.70996 0.136993
12770.87988 0.136968
12772.04980 0.136944
12773.21973 0.13692
12774.40039 0.136896
12775.57031 0.136872
12776.74023 0.136849
12777.91016 0.136826
12779.08008 0.136803
12780.25000 0.136778
12781.41992 0.136746
12782.59961 0.136714
12783.76953 0.136682
12784.94043 0.136651
12786.11035 0.136631
12787.29004 0.136613
12788.45996 0.136594
12789.62988 0.136575
12790.79980 0.136545
12791.98047 0.13651
12793.15039 0.136474
12794.32031 0.136439
12795.50000 0.136412
12796.66992 0.136397
12797.83984 0.136382
12799.01953 0.136366
12800.19043 0.136349
12801.36035 0.136323
12802.54004 0.136297
12803.70996 0.136271
12804.87988 0.136245
12806.05957 0.136224
12807.23047 0.136204
12808.41016 0.136183
12809.58008 0.136163
12810.75977 0.136145
12811.92969 0.136129
12813.11035 0.136113
12814.28027 0.136097
12815.45996 0.136077
12816.62988 0.136052
12817.80957 0.136026
12818.98047 0.136001
12820.16016 0.135978
12821.33008 0.135964
12822.50977 0.135951
12823.67969 0.135937
12824.86035 0.135923
12826.04004 0.135914
12827.20996 0.135905
12828.38965 0.135896
12829.55957 0.135887
12830.74023 0.135869
12831.91992 0.135846
12833.08984 0.135822
12834.26953 0.135799
12835.45020 0.135783
12836.62012 0.135779
12837.79980 0.135775
12838.98047 0.135771
12840.16016 0.135767
12841.33008 0.135756
12842.50977 0.135746
12843.69043 0.135736
12844.87012 0.135725
12846.04004 0.135723
12847.21973 0.135721
12848.40039 0.135719
12849.58008 0.135717
12850.75000 0.135713
12851.92969 0.135707
12853.11035 0.1357
12854.29004 0.135694
12855.46973 0.135689
12856.65039 0.135687
12857.83008 0.135685
12859.00977 0.135683
12860.17969 0.135682
12861.36035 0.135685
12862.54004 0.135689
12863.71973 0.135693
12864.90039 0.135697
12866.08008 0.135711
12867.25977 0.135725
12868.44043 0.135739
12869.62012 0.135754
12870.79980 0.135766
12871.98047 0.135776
12873.16016 0.135786
12874.33984 0.135797
12875.51953 0.135809
12876.70020 0.135823
12877.87988 0.135837
12879.05957 0.135851
12880.25000 0.135868
12881.42969 0.135898
12882.61035 0.135928
12883.79004 0.135958
12884.96973 0.135988
12886.15039 0.136008
12887.33008 0.136029
12888.50977 0.136049
12889.70020 0.13607
12890.87988 0.136097
12892.05957 0.136126
12893.24023 0.136156
12894.41992 0.136185
12895.61035 0.136218
12896.79004 0.136253
12897.96973 0.13629
12899.16016 0.136325
12900.33984 0.136358
12901.51953 0.136385
12902.70020 0.136412
12903.88965 0.136438
12905.07031 0.136465
12906.25000 0.136499
12907.44043 0.136533
12908.62012 0.136567
12909.79980 0.136601
12910.99023 0.136636
12912.16992 0.136672
12913.36035 0.136707
12914.54004 0.136742
12915.71973 0.136779
12916.91016 0.136818
12918.08984 0.136857
12919.28027 0.136896
12920.45996 0.136941
12921.65039 0.136997
12922.83008 0.137053
12924.01953 0.137109
12925.20020 0.137161
12926.38965 0.137197
12927.57031 0.137233
12928.75977 0.137268
12929.94043 0.137304
12931.12988 0.137357
12932.30957 0.137411
12933.50000 0.137465
12934.67969 0.137518
12935.87012 0.137565
12937.05957 0.137608
12938.24023 0.137651
12939.42969 0.137695
12940.62012 0.137743
12941.79980 0.137797
12942.99023 0.137851
12944.17969 0.137905
12945.36035 0.137957
12946.54980 0.138006
12947.74023 0.138054
12948.91992 0.138103
12950.11035 0.138153
12951.29980 0.138206
12952.49023 0.138259
12953.66992 0.138312
12954.86035 0.138365
12956.04980 0.138417
12957.24023 0.138469
12958.42969 0.138521
12959.61035 0.138573
12960.79980 0.13863
12961.99023 0.138688
12963.17969 0.138746
12964.37012 0.138805
12965.55957 0.138856
12966.75000 0.1389
12967.92969 0.138944
12969.12012 0.138988
12970.30957 0.139031
12971.50000 0.139072
12972.69043 0.139114
12973.87988 0.139155
12975.07031 0.139197
12976.25977 0.139252
12977.45020 0.139307
12978.63965 0.139363
12979.83008 0.139418
12981.01953 0.139451
12982.20996 0.139481
12983.40039 0.13951
12984.58984 0.13954
12985.78027 0.139575
12986.96973 0.139614
12988.16016 0.139653
12989.34961 0.139692
12990.54004 0.139731
12991.74023 0.13977
12992.92969 0.13981
12994.12012 0.139849
12995.30957 0.139884
12996.50000 0.139905
12997.69043 0.139927
12998.88965 0.139949
13000.08008 0.139973
13001.26953 0.140029
13002.45996 0.140084
13003.65039 0.14014
13004.84961 0.140195
13006.04004 0.140266
13007.23047 0.14034
13008.41992 0.140413
13009.62012 0.140487
13010.80957 0.140535
13012.00000 0.140572
13013.20020 0.140608
13014.38965 0.140645
13015.58008 0.140691
13016.78027 0.140746
13017.96973 0.140802
13019.16016 0.140857
13020.36035 0.140906
13021.54980 0.140936
13022.74023 0.140967
13023.94043 0.140997
13025.12988 0.14103
13026.33008 0.141075
13027.51953 0.14112
13028.71973 0.141165
13029.91016 0.14121
13031.11035 0.141237
13032.29980 0.141262
13033.50000 0.141287
13034.69043 0.141312
13035.87988 0.141324
13037.08008 0.141331
13038.28027 0.141338
13039.46973 0.141345
13040.66992 0.141355
13041.86035 0.141368
13043.05957 0.141381
13044.25000 0.141394
13045.45020 0.141406
13046.65039 0.141414
13047.83984 0.141422
13049.04004 0.14143
13050.24023 0.141436
13051.42969 0.141434
13052.62988 0.141431
13053.83008 0.141429
13055.01953 0.141426
13056.21973 0.141415
13057.41992 0.141404
13058.61035 0.141393
13059.80957 0.141381
13061.00977 0.141368
13062.20996 0.141354
13063.40039 0.141341
13064.59961 0.141327
13065.79980 0.141305
13067.00000 0.14128
13068.20020 0.141255
13069.38965 0.14123
13070.58984 0.141206
13071.79004 0.141184
13072.99023 0.141161
13074.19043 0.141139
13075.38965 0.141114
13076.58984 0.141081
13077.79004 0.141047
13078.98047 0.141014
13080.17969 0.14098
13081.37988 0.140936
13082.58008 0.140893
13083.78027 0.140849
13084.98047 0.140806
13086.17969 0.140767
13087.37988 0.140729
13088.58008 0.14069
13089.78027 0.140651
13090.98047 0.140596
13092.17969 0.140536
13093.37988 0.140476
13094.58008 0.140416
13095.78027 0.140363
13096.99023 0.140314
13098.19043 0.140266
13099.38965 0.140217
13100.58984 0.140162
13101.79004 0.1401
13102.99023 0.140038
13104.19043 0.139976
13105.38965 0.139912
13106.58984 0.139843
13107.79980 0.139774
13109.00000 0.139705
13110.20020 0.139636
13111.40039 0.139564
13112.61035 0.139492
13113.80957 0.139421
13115.00977 0.139349
13116.20996 0.139261
13117.41992 0.139173
13118.62012 0.139084
13119.82031 0.138996
13121.01953 0.138916
13122.23047 0.138838
13123.42969 0.138759
13124.62988 0.13868
13125.83984 0.13861
13127.04004 0.138543
13128.24023 0.138476
13129.45020 0.138408
13130.65039 0.138332
13131.86035 0.138249
13133.05957 0.138165
13134.25977 0.138081
13135.46973 0.137998
13136.66992 0.137917
13137.87988 0.137836
13139.08008 0.137755
13140.29004 0.137674
13141.49023 0.137596
13142.70020 0.137517
13143.90039 0.137439
13145.11035 0.137359
13146.30957 0.13726
13147.51953 0.137161
13148.71973 0.137062
13149.92969 0.136963
13151.12988 0.136877
13152.33984 0.136791
13153.54980 0.136706
13154.75000 0.13662
13155.95996 0.136542
13157.16992 0.136467
13158.37012 0.136392
13159.58008 0.136317
13160.78027 0.136235
13161.99023 0.136151
13163.20020 0.136066
13164.41016 0.135981
13165.61035 0.135899
13166.82031 0.135819
13168.03027 0.13574
13169.23047 0.13566
13170.44043 0.135579
13171.65039 0.135496
13172.86035 0.135414
13174.05957 0.135331
13175.26953 0.135249
13176.48047 0.135169
13177.69043 0.135089
13178.90039 0.135008
13180.11035 0.134928
13181.30957 0.134849
13182.51953 0.13477
13183.73047 0.134691
13184.94043 0.134612
13186.15039 0.134525
13187.36035 0.134437
13188.57031 0.134349
13189.78027 0.134261
13190.99023 0.134191
13192.20020 0.134125
13193.41016 0.134058
13194.62012 0.133992
13195.83008 0.133924
13197.04004 0.133854
13198.25000 0.133785
13199.45996 0.133716
13200.66992 0.13365
13201.87988 0.133586
13203.08984 0.133522
13204.29980 0.133459
13205.50977 0.1334
13206.71973 0.13335
13207.92969 0.133299
13209.13965 0.133248
13210.34961 0.133195
13211.55957 0.13314
13212.76953 0.133084
13213.99023 0.133029
13215.20020 0.132973
13216.41016 0.132914
13217.62012 0.132855
13218.83008 0.132797
13220.04004 0.132738
13221.25977 0.132686
13222.46973 0.132634
13223.67969 0.132581
13224.88965 0.132529
13226.11035 0.132482
13227.32031 0.132435
13228.53027 0.132388
13229.75000 0.132341
13230.95996 0.132297
13232.16992 0.132254
13233.38965 0.132211
13234.59961 0.132168
13235.80957 0.132126
13237.03027 0.132084
13238.24023 0.132041
13239.45020 0.131999
13240.66992 0.131959
13241.87988 0.131921
13243.09961 0.131882
13244.30957 0.131844
13245.51953 0.131804
13246.74023 0.131763
13247.95020 0.131722
13249.16992 0.13168
13250.37988 0.131646
13251.59961 0.131627
13252.80957 0.131608
13254.03027 0.131589
13255.24023 0.131566
13256.45996 0.131525
13257.66992 0.131484
13258.88965 0.131443
13260.11035 0.131404
13261.32031 0.131379
13262.54004 0.131355
13263.75000 0.13133
13264.96973 0.131306
13266.19043 0.13129
13267.40039 0.131274
13268.62012 0.131259
13269.83984 0.131243
13271.04980 0.131216
13272.26953 0.131187
13273.49023 0.131158
13274.70020 0.131129
13275.91992 0.13111
13277.13965 0.131095
13278.36035 0.13108
13279.57031 0.131065
13280.79004 0.131048
13282.00977 0.13103
13283.23047 0.131013
13284.44043 0.130995
13285.66016 0.130978
13286.87988 0.130961
13288.09961 0.130943
13289.32031 0.130926
13290.54004 0.130916
13291.75000 0.130914
13292.96973 0.130912
13294.19043 0.130911
13295.41016 0.130912
13296.62988 0.13092
13297.84961 0.130929
13299.07031 0.130937
13300.29004 0.130942
13301.50977 0.130935
13302.73047 0.130929
13303.95020 0.130922
13305.16992 0.130915
13306.38965 0.130909
13307.61035 0.130903
13308.83008 0.130896
13310.04980 0.13089
13311.26953 0.130888
13312.49023 0.130887
13313.70996 0.130886
13314.92969 0.130884
13316.15039 0.13089
13317.37012 0.130897
13318.58984 0.130903
13319.80957 0.130909
13321.04004 0.130919
13322.25977 0.13093
13323.48047 0.130941
