threeML/data/optical_filters/HST/NICMOS1-F090M.ecsv
# %ECSV 0.9
# ---
# datatype:
# - {name: wavelength, unit: Angstrom, datatype: float32}
# - {name: response, datatype: float32}
# meta: !!omap
# - {band_name: F090M}
# - {group_name: NICMOS1}
wavelength response
[from data line 3220]
9047.85645 0.038657
9048.26562 0.038883
9048.67480 0.039108
9049.08398 0.039334
9049.49316 0.03956
9049.90234 0.039786
9050.31055 0.040017
9050.71973 0.040249
9051.12891 0.040481
9051.53809 0.040714
9051.94727 0.040946
9052.35645 0.041179
9052.76562 0.041411
9053.17480 0.041644
9053.58398 0.041877
9053.99316 0.04211
9054.40332 0.042343
9054.81348 0.042576
9055.22168 0.042814
9055.63086 0.043058
9056.04004 0.043301
9056.44922 0.043545
9056.85938 0.043789
9057.26855 0.044033
9057.67773 0.044277
9058.08691 0.04452
9058.49707 0.044765
9058.90625 0.045009
9059.31543 0.045253
9059.72559 0.045497
9060.13477 0.045743
9060.54395 0.045991
9060.95410 0.046241
9061.36328 0.046489
9061.77344 0.046739
9062.18262 0.046988
9062.59277 0.047237
9063.00195 0.047486
9063.41211 0.047736
9063.82129 0.047985
9064.23145 0.048235
9064.64062 0.048484
9065.05078 0.048734
9065.45996 0.048981
9065.87012 0.049228
9066.28027 0.049476
9066.68945 0.049723
9067.09961 0.049971
9067.50977 0.050219
9067.91992 0.050467
9068.32910 0.050714
9068.73926 0.050962
9069.14941 0.05121
9069.55957 0.051458
9069.96875 0.051706
9070.37891 0.051945
9070.78906 0.052183
9071.19922 0.052422
9071.60938 0.05266
9072.01953 0.052899
9072.42969 0.053138
9072.83984 0.053376
9073.25000 0.053615
9073.66016 0.053854
9074.07031 0.054093
9074.48047 0.054332
9074.89062 0.054571
9075.30078 0.054799
9075.71094 0.055023
9076.12109 0.055247
9076.53125 0.055471
9076.94141 0.055695
9077.35156 0.05592
9077.76270 0.056144
9078.17285 0.056369
9078.58301 0.056593
9078.99316 0.056818
9079.40430 0.057043
9079.81445 0.057267
9080.22461 0.057482
9080.63477 0.057688
9081.04590 0.057895
9081.45605 0.058101
9081.86621 0.058308
9082.27734 0.058515
9082.68848 0.058721
9083.09863 0.058928
9083.50879 0.059135
9083.91992 0.059342
9084.33008 0.059549
9084.74121 0.059756
9085.15137 0.059943
9085.56152 0.060095
9085.97266 0.060247
9086.38379 0.060399
9086.79395 0.060551
9087.20508 0.060703
9087.61621 0.060855
9088.02637 0.061007
9088.43848 0.061159
9088.84863 0.061312
9089.25879 0.061464
9089.66992 0.061616
9090.08105 0.061765
9090.49219 0.061897
9090.90234 0.062029
9091.31348 0.062161
9091.72461 0.062293
9092.13574 0.062425
9092.54688 0.062558
9092.95801 0.06269
9093.36914 0.062822
9093.78027 0.062955
9094.19043 0.063087
9094.60156 0.063219
9095.01270 0.063351
9095.42383 0.063457
9095.83496 0.063563
9096.24609 0.063669
9096.65820 0.063775
9097.06934 0.06388
9097.48047 0.063986
9097.89160 0.064092
9098.30273 0.064198
9098.71387 0.064304
9099.12500 0.06441
9099.53613 0.064516
9099.94824 0.064622
9100.35938 0.064707
9100.77148 0.064789
9101.18164 0.064871
9101.59375 0.064953
9102.00488 0.065035
9102.41602 0.065117
9102.82812 0.065199
9103.23926 0.065281
9103.65039 0.065362
9104.06348 0.065445
9104.47363 0.065527
9104.88574 0.065609
9105.29688 0.06568
9105.70898 0.065747
9106.12012 0.065814
9106.53223 0.065881
9106.94336 0.065949
9107.35547 0.066016
9107.76660 0.066083
9108.17871 0.06615
9108.58984 0.066217
9109.00195 0.066285
9109.41406 0.066352
9109.82520 0.066419
9110.23730 0.066481
9110.64941 0.066538
9111.06055 0.066595
9111.47266 0.066652
9111.88477 0.066709
9112.29688 0.066766
9112.70898 0.066823
9113.12012 0.06688
9113.53223 0.066937
9113.94434 0.066995
9114.35645 0.067052
9114.76855 0.067109
9115.18066 0.067157
9115.59277 0.067194
9116.00488 0.067231
9116.41699 0.067268
9116.82910 0.067305
9117.24121 0.067342
9117.65332 0.067379
9118.06543 0.067416
9118.47754 0.067453
9118.88965 0.06749
9119.30176 0.067527
9119.71387 0.067564
9120.12598 0.067603
9120.53809 0.067645
9120.95117 0.067687
9121.36328 0.06773
9121.77539 0.067772
9122.18652 0.067815
9122.59961 0.067857
9123.01270 0.0679
9123.42480 0.067942
9123.83691 0.067985
9124.25000 0.068027
9124.66211 0.06807
9125.07422 0.068112
9125.48730 0.068154
9125.89941 0.068195
9126.31348 0.068237
9126.72461 0.068279
9127.13770 0.06832
9127.54980 0.068362
9127.96289 0.068404
9128.37500 0.068445
9128.78809 0.068487
9129.20020 0.068529
9129.61328 0.068571
9130.02539 0.068612
9130.43848 0.068649
9130.85156 0.068687
9131.26367 0.068724
9131.67676 0.068762
9132.08984 0.068799
9132.50195 0.068836
9132.91504 0.068874
9133.32812 0.068911
9133.74121 0.068949
9134.15332 0.068986
9134.56641 0.069024
9134.97852 0.069061
9135.39258 0.069105
9135.80566 0.069149
9136.21875 0.069193
9136.63184 0.069238
9137.04395 0.069282
9137.45703 0.069326
9137.87012 0.06937
9138.28320 0.069414
9138.69629 0.069459
9139.10938 0.069503
9139.52246 0.069547
9139.93555 0.069591
9140.34961 0.069637
9140.76270 0.069683
9141.17578 0.069728
9141.58887 0.069774
9142.00195 0.06982
9142.41504 0.069865
9142.82812 0.069911
9143.24219 0.069957
9143.65527 0.070003
9144.06836 0.070048
9144.48145 0.070094
9144.89648 0.07014
9145.30859 0.070182
9145.72168 0.070222
9146.13574 0.070262
9146.54883 0.070302
9146.96191 0.070343
9147.37598 0.070383
9147.78906 0.070423
9148.20312 0.070464
9148.61621 0.070504
9149.03027 0.070544
9149.44336 0.070585
9149.85742 0.070625
9150.27148 0.070663
9150.68457 0.0707
9151.09766 0.070736
9151.51172 0.070773
9151.92578 0.070809
9152.33887 0.070846
9152.75293 0.070883
9153.16602 0.070919
9153.58008 0.070956
9153.99414 0.070993
9154.40820 0.071029
9154.82129 0.071066
9155.23535 0.071096
9155.64941 0.07112
9156.06348 0.071144
9156.47754 0.071168
9156.89062 0.071192
9157.30469 0.071216
9157.71875 0.07124
9158.13281 0.071264
9158.54688 0.071288
9158.96094 0.071312
9159.37500 0.071336
9159.78906 0.07136
9160.20312 0.071386
9160.61719 0.071415
9161.03125 0.071443
9161.44531 0.071471
9161.85938 0.0715
9162.27344 0.071528
9162.68848 0.071556
9163.10156 0.071585
9163.51562 0.071613
9163.93066 0.071641
9164.34473 0.07167
9164.75879 0.071698
9165.17285 0.071722
9165.58789 0.07174
9166.00195 0.071757
9166.41602 0.071775
9166.83008 0.071793
9167.24512 0.07181
9167.65918 0.071828
9168.07324 0.071846
9168.48828 0.071863
9168.90234 0.071881
9169.31738 0.071899
9169.73145 0.071916
9170.14648 0.071931
9170.56055 0.071939
9170.97461 0.071947
9171.38965 0.071955
9171.80469 0.071964
9172.21875 0.071972
9172.63379 0.07198
9173.04785 0.071989
9173.46289 0.071997
9173.87695 0.072005
9174.29199 0.072013
9174.70703 0.072022
9175.12207 0.072027
9175.53613 0.072027
9175.95117 0.072026
9176.36621 0.072025
9176.78027 0.072024
9177.19531 0.072023
9177.61035 0.072022
9178.02539 0.072021
9178.44043 0.07202
9178.85547 0.072019
9179.26953 0.072019
9179.68457 0.072018
9180.09961 0.072016
9180.51465 0.07201
9180.92969 0.072005
9181.34473 0.072
9181.75977 0.071995
9182.17480 0.07199
9182.58984 0.071984
9183.00488 0.071979
9183.41992 0.071974
9183.83496 0.071969
9184.25000 0.071963
9184.66602 0.071958
9185.08105 0.071953
9185.49609 0.071946
9185.91113 0.071939
9186.32617 0.071932
9186.74219 0.071926
9187.15723 0.071919
9187.57227 0.071912
9187.98730 0.071905
9188.40332 0.071899
9188.81836 0.071892
9189.23340 0.071885
9189.64941 0.071879
9190.06445 0.071871
9190.47852 0.071859
9190.89648 0.071847
9191.31055 0.071835
9191.72656 0.071824
9192.14160 0.071812
9192.55762 0.0718
9192.97266 0.071788
9193.38867 0.071776
9193.80371 0.071764
9194.21973 0.071752
9194.63574 0.07174
9195.05078 0.071729
9195.46680 0.071719
9195.88184 0.07171
9196.29785 0.071701
9196.71387 0.071691
9197.12891 0.071682
9197.54492 0.071673
9197.96094 0.071663
9198.37695 0.071654
9198.79199 0.071645
9199.20801 0.071635
9199.62402 0.071626
9200.04004 0.071616
9200.45605 0.071603
9200.87207 0.07159
9201.28809 0.071577
9201.70312 0.071565
9202.11914 0.071552
9202.53516 0.071539
9202.95117 0.071526
9203.36719 0.071513
9203.78320 0.0715
9204.19922 0.071487
9204.61523 0.071474
9205.03223 0.071461
9205.44824 0.071449
9205.86426 0.071437
9206.28027 0.071425
9206.69629 0.071414
9207.11230 0.071402
9207.52832 0.07139
9207.94531 0.071379
9208.36133 0.071367
9208.77734 0.071355
9209.19336 0.071343
9209.61035 0.071332
9210.02637 0.07132
9210.44238 0.071311
9210.85938 0.071302
9211.27539 0.071293
9211.69141 0.071283
9212.10840 0.071274
9212.52441 0.071265
9212.94141 0.071256
9213.35742 0.071247
9213.77441 0.071238
9214.19043 0.071228
9214.60742 0.071219
9215.02344 0.07121
9215.44043 0.071197
9215.85645 0.071183
9216.27344 0.07117
9216.68945 0.071157
9217.10645 0.071144
9217.52344 0.071131
9217.93945 0.071117
9218.35645 0.071104
9218.77344 0.071091
9219.18945 0.071078
9219.60645 0.071064
9220.02344 0.071051
9220.44043 0.071037
9220.85742 0.071023
9221.27344 0.071009
9221.69043 0.070995
9222.10742 0.07098
9222.52441 0.070966
9222.94141 0.070952
9223.35840 0.070938
9223.77539 0.070924
9224.19238 0.07091
9224.60938 0.070896
9225.02637 0.070881
9225.44336 0.070859
9225.86035 0.070836
9226.27734 0.070814
9226.69434 0.070792
9227.11133 0.07077
9227.52832 0.070748
9227.94531 0.070725
9228.36230 0.070703
9228.78027 0.070681
9229.19727 0.070659
9229.61426 0.070636
9230.03125 0.070614
9230.44824 0.070585
9230.86621 0.070556
9231.28320 0.070528
9231.70020 0.070499
9232.11816 0.07047
9232.53516 0.070442
9232.95215 0.070413
9233.37012 0.070384
9233.78711 0.070356
9234.20508 0.070327
9234.62207 0.070298
9235.03906 0.070268
9235.45703 0.070229
9235.87402 0.070189
9236.29199 0.070149
9236.70898 0.070109
9237.12695 0.070069
9237.54492 0.070029
9237.96191 0.06999
9238.37988 0.06995
9238.79688 0.06991
9239.21484 0.06987
9239.63281 0.06983
9240.04980 0.069788
9240.46777 0.069734
9240.88574 0.06968
9241.30371 0.069626
9241.72070 0.069572
9242.13867 0.069518
9242.55664 0.069463
9242.97461 0.069409
9243.39258 0.069355
9243.81055 0.0693
9244.22754 0.069246
9244.64648 0.069192
9245.06348 0.069137
9245.48145 0.069075
9245.89941 0.069014
9246.31738 0.068953
9246.73535 0.068892
9247.15332 0.06883
9247.57129 0.068769
9247.98926 0.068708
9248.40723 0.068647
9248.82520 0.068585
9249.24414 0.068524
9249.66211 0.068462
9250.08008 0.068399
9250.49805 0.068327
9250.91602 0.068254
9251.33398 0.068182
9251.75293 0.068109
9252.17090 0.068037
9252.58887 0.067965
9253.00781 0.067892
9253.42578 0.06782
9253.84375 0.067747
9254.26270 0.067674
9254.68066 0.067602
9255.09863 0.067526
9255.51758 0.067439
9255.93555 0.067352
9256.35352 0.067264
9256.77246 0.067177
9257.19141 0.06709
9257.60938 0.067002
9258.02832 0.066915
9258.44629 0.066828
9258.86523 0.06674
9259.28320 0.066653
9259.70215 0.066566
9260.12012 0.066477
9260.53906 0.066384
9260.95801 0.066292
9261.37598 0.0662
9261.79492 0.066107
9262.21387 0.066014
9262.63281 0.065922
9263.05078 0.065829
9263.46973 0.065737
9263.88867 0.065644
9264.30762 0.065552
9264.72656 0.065459
9265.14453 0.065359
9265.56348 0.065245
9265.98242 0.065131
9266.40137 0.065017
9266.82031 0.064904
9267.23926 0.06479
9267.65820 0.064676
9268.07715 0.064562
9268.49609 0.064448
9268.91504 0.064334
9269.33398 0.064219
9269.75293 0.064105
9270.17188 0.063992
9270.59082 0.063878
9271.00977 0.063765
9271.42969 0.063651
9271.84863 0.063538
9272.26758 0.063424
9272.68652 0.063311
9273.10547 0.063197
9273.52539 0.063083
9273.94434 0.06297
9274.36328 0.062856
9274.78223 0.062742
9275.20215 0.062631
9275.62109 0.062524
9276.04004 0.062416
9276.45996 0.062308
9276.87891 0.0622
9277.29883 0.062092
9277.71777 0.061984
9278.13770 0.061876
9278.55664 0.061769
9278.97656 0.06166
9279.39648 0.061553
9279.81543 0.061444
9280.23438 0.061335
9280.65430 0.061225
9281.07324 0.061115
9281.49316 0.061005
9281.91309 0.060895
9282.33203 0.060784
9282.75195 0.060674
9283.17188 0.060564
9283.59082 0.060454
9284.01074 0.060343
9284.43066 0.060233
9284.85059 0.060122
9285.26953 0.060016
9285.68945 0.059913
9286.10938 0.059809
9286.52930 0.059706
9286.94922 0.059602
9287.36914 0.059498
9287.78809 0.059395
9288.20801 0.059291
9288.62793 0.059187
9289.04785 0.059084
9289.46777 0.05898
9289.88770 0.058876
9290.30762 0.058774
9290.72754 0.058672
9291.14746 0.058571
9291.56738 0.058469
9291.98828 0.058367
9292.40820 0.058266
9292.82812 0.058164
9293.24805 0.058062
9293.66797 0.057961
9294.08789 0.057859
9294.50879 0.057757
9294.92871 0.057655
9295.34863 0.057561
9295.76855 0.057469
9296.18945 0.057376
9296.60938 0.057284
9297.02930 0.057192
9297.45020 0.057099
9297.87012 0.057007
9298.29004 0.056914
9298.71094 0.056822
9299.13086 0.056729
9299.55176 0.056637
9299.97168 0.056544
9300.39258 0.056454
9300.81152 0.056364
9301.23340 0.056273
9301.65332 0.056183
9302.07422 0.056093
9302.49414 0.056002
9302.91504 0.055912
9303.33594 0.055822
9303.75586 0.055731
9304.17676 0.055641
9304.59668 0.055551
9305.01758 0.055461
9305.43848 0.055387
9305.85938 0.055313
9306.27930 0.055239
9306.70020 0.055164
9307.12109 0.05509
9307.54199 0.055016
9307.96289 0.054942
9308.38281 0.054868
9308.80371 0.054793
9309.22461 0.054719
9309.64648 0.054645
9310.06641 0.054572
9310.48730 0.054505
9310.90820 0.054438
9311.32910 0.054371
9311.75000 0.054304
9312.17090 0.054237
9312.59180 0.05417
9313.01270 0.054103
9313.43359 0.054036
9313.85352 0.053969
9314.27637 0.053901
9314.69727 0.053834
9315.11816 0.053769
9315.53906 0.05371
9315.95996 0.053651
9316.38086 0.053591
9316.80273 0.053532
9317.22363 0.053473
9317.64453 0.053413
9318.06641 0.053354
9318.48730 0.053294
9318.90820 0.053235
9319.33008 0.053175
9319.75098 0.053116
9320.17188 0.053059
9320.59375 0.053005
9321.01465 0.052952
9321.43652 0.052898
9321.85742 0.052844
9322.27930 0.052791
9322.70020 0.052737
9323.12207 0.052683
9323.54297 0.05263
9323.96484 0.052576
9324.38574 0.052522
9324.80762 0.052468
9325.22852 0.052418
9325.65039 0.052372
9326.07227 0.052325
9326.49414 0.052278
9326.91504 0.052231
9327.33691 0.052184
9327.75879 0.052138
9328.18066 0.052091
9328.60254 0.052044
9329.02344 0.051997
9329.44531 0.05195
9329.86719 0.051903
9330.28906 0.051856
9330.71094 0.051808
9331.13281 0.05176
9331.55469 0.051712
9331.97656 0.051665
9332.39844 0.051617
9332.81934 0.051569
9333.24219 0.051521
9333.66406 0.051473
9334.08594 0.051425
9334.50781 0.051377
9334.92969 0.05133
9335.35156 0.051285
9335.77344 0.051242
9336.19531 0.051199
9336.61719 0.051156
9337.03906 0.051113
9337.46191 0.051069
9337.88379 0.051026
9338.30566 0.050983
9338.72754 0.050939
9339.15039 0.050896
9339.57227 0.050853
9339.99414 0.050809
9340.41699 0.050771
9340.83887 0.050734
9341.26074 0.050696
9341.68359 0.050658
9342.10547 0.05062
9342.52832 0.050582
9342.95020 0.050544
9343.37305 0.050506
9343.79492 0.050468
9344.21777 0.05043
9344.63965 0.050393
9345.06348 0.050355
9345.48438 0.050316
9345.90723 0.050277
9346.32910 0.050239
9346.75195 0.0502
9347.17480 0.050162
9347.59668 0.050123
9348.01953 0.050085
9348.44238 0.050046
9348.86426 0.050007
9349.28711 0.049969
9349.70996 0.04993
9350.13281 0.049892
9350.55566 0.049855
9350.97754 0.049818
9351.40039 0.049781
9351.82324 0.049744
9352.24609 0.049706
9352.66895 0.049669
9353.09180 0.049632
9353.51465 0.049595
9353.93652 0.049558
9354.36035 0.049521
9354.78320 0.049484
9355.20605 0.049446
9355.62891 0.049409
9356.05176 0.049372
9356.47461 0.049335
9356.89746 0.049298
9357.32031 0.049261
9357.74316 0.049224
9358.16602 0.049187
9358.58984 0.049149
9359.01270 0.049112
9359.43555 0.049075
9359.85840 0.049038
9360.28223 0.049001
9360.70508 0.048965
9361.12793 0.048929
9361.55078 0.048893
9361.97461 0.048857
9362.39746 0.048821
9362.82129 0.048785
9363.24414 0.048748
9363.66699 0.048712
9364.09082 0.048676
9364.51367 0.04864
9364.93848 0.048604
9365.36035 0.048568
9365.78418 0.048531
9366.20703 0.048495
9366.63086 0.048459
9367.05371 0.048423
9367.47754 0.048387
9367.90137 0.04835
9368.32422 0.048314
9368.74805 0.048278
9369.17188 0.048242
9369.59473 0.048205
9370.01855 0.048169
9370.44238 0.048135
9370.86523 0.048101
9371.28906 0.048066
9371.71289 0.048032
9372.13672 0.047998
9372.56055 0.047963
9372.98340 0.047929
9373.40723 0.047895
9373.83105 0.04786
9374.25488 0.047826
9374.67871 0.047792
9375.10254 0.047759
9375.52637 0.04773
9375.95020 0.047701
9376.37402 0.047673
9376.79785 0.047644
9377.22168 0.047616
9377.64648 0.047587
9378.06934 0.047558
9378.49316 0.04753
9378.91699 0.047501
9379.34180 0.047473
9379.76562 0.047444
9380.18945 0.047416
9380.61328 0.047388
9381.03711 0.047361
9381.46191 0.047333
9381.88574 0.047306
