threeML/data/optical_filters/HST/NICMOS2-F187N.ecsv
# %ECSV 0.9
# ---
# datatype:
# - {name: wavelength, unit: Angstrom, datatype: float32}
# - {name: response, datatype: float32}
# meta: !!omap
# - {band_name: F187N}
# - {group_name: NICMOS2}
wavelength response
[from data line 767]
18673.00000 0.219074
18673.18945 0.219081
18673.36914 0.219087
18673.56055 0.219094
18673.74023 0.219101
18673.92969 0.219108
18674.10938 0.219063
18674.30078 0.218986
18674.48047 0.218909
18674.66992 0.218831
18674.84961 0.218755
18675.03906 0.218678
18675.22070 0.218601
18675.41016 0.218524
18675.59961 0.218446
18675.77930 0.218369
18675.97070 0.218292
18676.15039 0.218284
18676.33984 0.218292
18676.51953 0.218299
18676.71094 0.218307
18676.89062 0.218314
18677.08008 0.218322
18677.25977 0.218329
18677.44922 0.218336
18677.63086 0.218344
18677.82031 0.218351
18678.00977 0.218357
18678.18945 0.218324
18678.36914 0.218291
18678.56055 0.218258
18678.75000 0.218225
18678.92969 0.218192
18679.11914 0.218158
18679.30078 0.218125
18679.49023 0.218092
18679.66992 0.218058
18679.85938 0.218025
18680.03906 0.217973
18680.23047 0.217862
18680.41016 0.21775
18680.59961 0.217637
18680.78906 0.217525
18680.97070 0.217413
18681.16016 0.217301
18681.33984 0.217188
18681.52930 0.217076
18681.71094 0.216964
18681.90039 0.216852
18682.08008 0.216732
18682.26953 0.216604
18682.44922 0.216477
18682.64062 0.216349
18682.82031 0.21622
18683.00977 0.216092
18683.19922 0.215964
18683.38086 0.215836
18683.57031 0.215707
18683.75000 0.215579
18683.93945 0.215451
18684.11914 0.215378
18684.31055 0.215333
18684.49023 0.215289
18684.67969 0.215244
18684.86914 0.2152
18685.05078 0.215155
18685.23047 0.215111
18685.41992 0.215066
18685.60938 0.215022
18685.78906 0.214977
18685.98047 0.214933
18686.16016 0.214823
18686.34961 0.214704
18686.52930 0.214584
18686.72070 0.214465
18686.90039 0.214346
18687.08984 0.214226
18687.27930 0.214107
18687.46094 0.213988
18687.65039 0.213868
18687.83008 0.213749
18688.01953 0.213623
18688.19922 0.213429
18688.39062 0.213237
18688.57031 0.213043
18688.75977 0.212849
18688.93945 0.212655
18689.13086 0.212461
18689.31055 0.212267
18689.50000 0.212073
18689.68945 0.211879
18689.86914 0.211685
18690.06055 0.211533
18690.24023 0.211476
18690.42969 0.211419
18690.60938 0.211362
18690.80078 0.211305
18690.98047 0.211248
18691.16992 0.211192
18691.35938 0.211135
18691.53906 0.211078
18691.73047 0.211021
18691.91016 0.210964
18692.09961 0.210864
18692.27930 0.210724
18692.47070 0.210585
18692.65039 0.210446
18692.83984 0.210307
18693.02930 0.210167
18693.21094 0.210028
18693.40039 0.209889
18693.58008 0.209749
18693.76953 0.20961
18693.94922 0.209472
18694.14062 0.209434
18694.32031 0.209432
18694.50977 0.20943
18694.68945 0.209428
18694.88086 0.209426
18695.06055 0.209424
18695.25000 0.209422
18695.43945 0.20942
18695.61914 0.209418
18695.81055 0.209416
18695.99023 0.209414
18696.17969 0.209389
18696.35938 0.209363
18696.55078 0.209336
18696.73047 0.20931
18696.91992 0.209284
18697.10938 0.209257
18697.28906 0.209231
18697.48047 0.209205
18697.66016 0.209178
18697.84961 0.209152
18698.02930 0.209118
18698.22070 0.209044
18698.40039 0.208971
18698.58984 0.208897
18698.77930 0.208824
18698.96094 0.20875
18699.15039 0.208677
18699.33008 0.208603
18699.51953 0.20853
18699.69922 0.208457
18699.89062 0.208383
18700.07031 0.208393
18700.25977 0.208527
18700.44922 0.208661
18700.63086 0.208794
18700.82031 0.208928
18701.00000 0.209062
18701.18945 0.209196
18701.38086 0.209332
18701.56055 0.209465
18701.75000 0.209599
18701.92969 0.209733
18702.11914 0.209766
18702.30078 0.209739
18702.49023 0.209712
18702.66992 0.209685
18702.85938 0.209658
18703.03906 0.209631
18703.23047 0.209604
18703.41992 0.209577
18703.59961 0.20955
18703.78906 0.209523
18703.97070 0.209496
18704.16016 0.209551
18704.33984 0.209619
18704.52930 0.209688
18704.71094 0.209756
18704.90039 0.209825
18705.08984 0.209893
18705.26953 0.209962
18705.46094 0.21003
18705.64062 0.210099
18705.83008 0.210167
18706.00977 0.210247
18706.19922 0.210467
18706.38086 0.210687
18706.57031 0.210908
18706.75977 0.211128
18706.93945 0.211348
18707.13086 0.21157
18707.31055 0.211791
18707.50000 0.212011
18707.68945 0.212231
18707.86914 0.212451
18708.06055 0.212654
18708.24023 0.212815
18708.42969 0.212977
18708.60938 0.213138
18708.80078 0.2133
18708.98047 0.213461
18709.16992 0.213623
18709.35938 0.213785
18709.53906 0.213946
18709.73047 0.214108
18709.91016 0.214269
18710.09961 0.214403
18710.28906 0.214514
18710.47070 0.214623
18710.66016 0.214732
18710.83984 0.214841
18711.02930 0.21495
18711.21094 0.21506
18711.40039 0.215169
18711.58008 0.215278
18711.76953 0.215387
18711.96094 0.215496
18712.14062 0.215644
18712.33008 0.215805
18712.50977 0.215965
18712.69922 0.216125
18712.88086 0.216286
18713.07031 0.216448
18713.25977 0.216608
18713.43945 0.216769
18713.63086 0.216929
18713.81055 0.217089
18714.00000 0.21725
18714.17969 0.217334
18714.36914 0.217418
18714.55078 0.217501
18714.74023 0.217585
18714.92969 0.217669
18715.10938 0.217752
18715.30078 0.217837
18715.48047 0.217921
18715.66992 0.218004
18715.85938 0.218088
18716.03906 0.218176
18716.23047 0.218278
18716.41016 0.21838
18716.59961 0.218482
18716.77930 0.218583
18716.97070 0.218685
18717.16016 0.218788
18717.33984 0.21889
18717.52930 0.218992
18717.71094 0.219094
18717.90039 0.219196
18718.08008 0.219353
18718.26953 0.219577
18718.46094 0.2198
18718.64062 0.220024
18718.83008 0.220248
18719.00977 0.220474
18719.19922 0.220697
18719.38086 0.220921
18719.57031 0.221145
18719.75977 0.221368
18719.93945 0.221592
18720.13086 0.221666
18720.31055 0.221671
18720.50000 0.221676
18720.68945 0.221682
18720.86914 0.221687
18721.06055 0.221692
18721.24023 0.221697
18721.42969 0.221702
18721.60938 0.221707
18721.80078 0.221712
18721.98047 0.221717
18722.16992 0.221947
18722.35938 0.222195
18722.53906 0.222443
18722.73047 0.222691
18722.91016 0.222939
18723.09961 0.223187
18723.28906 0.223434
18723.47070 0.223682
18723.66016 0.223933
18723.83984 0.22418
18724.02930 0.2244
18724.21094 0.224472
18724.40039 0.224544
18724.58984 0.224616
18724.76953 0.224688
18724.96094 0.224761
18725.14062 0.224832
18725.33008 0.224904
18725.51953 0.224976
18725.69922 0.225048
18725.89062 0.22512
18726.07031 0.225254
18726.25977 0.225487
18726.44922 0.225718
18726.63086 0.22595
18726.82031 0.226181
18727.00000 0.226412
18727.18945 0.226643
18727.36914 0.226874
18727.56055 0.227108
18727.75000 0.227339
18727.92969 0.22757
18728.11914 0.227845
18728.30078 0.228146
18728.49023 0.228447
18728.66992 0.228748
18728.85938 0.229053
18729.05078 0.229353
18729.23047 0.229655
18729.41992 0.229956
18729.59961 0.230257
18729.78906 0.230558
18729.98047 0.230862
18730.16016 0.231004
18730.34961 0.231124
18730.52930 0.231244
18730.72070 0.231364
18730.90039 0.231483
18731.08984 0.231604
18731.27930 0.231724
18731.46094 0.231844
18731.65039 0.231964
18731.83008 0.232083
18732.01953 0.232208
18732.21094 0.232379
18732.39062 0.232547
18732.58008 0.232716
18732.75977 0.232884
18732.94922 0.233053
18733.14062 0.233223
18733.32031 0.233392
18733.50977 0.23356
18733.68945 0.233729
18733.88086 0.233898
18734.06055 0.234031
18734.25000 0.234097
18734.43945 0.234163
18734.61914 0.234229
18734.81055 0.234295
18734.99023 0.234361
18735.17969 0.234428
18735.36914 0.234494
18735.55078 0.23456
18735.74023 0.234626
18735.91992 0.234692
18736.10938 0.234686
18736.30078 0.234631
18736.48047 0.234575
18736.66992 0.23452
18736.84961 0.234465
18737.03906 0.234409
18737.23047 0.234354
18737.41016 0.234299
18737.59961 0.234243
18737.77930 0.234188
18737.97070 0.234132
18738.16016 0.234228
18738.33984 0.234352
18738.52930 0.234477
18738.71094 0.234601
18738.90039 0.234726
18739.08984 0.23485
18739.26953 0.234975
18739.46094 0.235099
18739.64062 0.235223
18739.83008 0.235348
18740.01953 0.235465
18740.19922 0.235492
18740.39062 0.235519
18740.57031 0.235546
18740.75977 0.235573
18740.94922 0.2356
18741.13086 0.235627
18741.32031 0.235654
18741.50000 0.235682
18741.68945 0.235709
18741.88086 0.235736
18742.06055 0.235752
18742.25000 0.235743
18742.42969 0.235735
18742.61914 0.235726
18742.80078 0.235718
18742.99023 0.235709
18743.17969 0.235701
18743.35938 0.235692
18743.55078 0.235684
18743.73047 0.235675
18743.91992 0.235667
18744.10938 0.235671
18744.28906 0.235684
18744.48047 0.235697
18744.66992 0.23571
18744.84961 0.235723
18745.03906 0.235735
18745.22070 0.235748
18745.41016 0.235761
18745.59961 0.235774
18745.77930 0.235787
18745.97070 0.2358
18746.15039 0.235783
18746.33984 0.235759
18746.52930 0.235736
18746.71094 0.235712
18746.90039 0.235689
18747.08008 0.235665
18747.26953 0.235641
18747.46094 0.235618
18747.64062 0.235594
18747.83008 0.23557
18748.00977 0.235546
18748.19922 0.23552
18748.39062 0.235493
18748.57031 0.235466
18748.75977 0.23544
18748.93945 0.235413
18749.13086 0.235387
18749.32031 0.23536
18749.50000 0.235333
18749.68945 0.235307
18749.86914 0.23528
18750.06055 0.235231
18750.25000 0.235133
18750.42969 0.235036
18750.61914 0.234938
18750.80078 0.234841
18750.99023 0.234744
18751.17969 0.234647
18751.35938 0.234549
18751.55078 0.234452
18751.73047 0.234355
18751.91992 0.234257
18752.10938 0.234247
18752.28906 0.2343
18752.48047 0.234354
18752.66992 0.234408
18752.84961 0.234461
18753.03906 0.234515
18753.22070 0.234569
18753.41016 0.234622
18753.59961 0.234675
18753.77930 0.234729
18753.97070 0.234783
18754.15039 0.234683
18754.33984 0.234553
18754.52930 0.234422
18754.71094 0.234292
18754.90039 0.234162
18755.08008 0.234032
18755.26953 0.2339
18755.46094 0.23377
18755.64062 0.23364
18755.83008 0.233509
18756.01953 0.233378
18756.19922 0.233242
18756.39062 0.233105
18756.57031 0.232968
18756.75977 0.232831
18756.94922 0.232695
18757.13086 0.232557
18757.32031 0.232421
18757.50000 0.232284
18757.68945 0.232146
18757.88086 0.23201
18758.06055 0.231959
18758.25000 0.232077
18758.43945 0.232193
18758.61914 0.23231
18758.81055 0.232427
18758.99023 0.232545
18759.17969 0.232661
18759.36914 0.232778
18759.55078 0.232896
18759.74023 0.233013
18759.91992 0.233129
18760.10938 0.233054
18760.30078 0.232848
18760.48047 0.232642
18760.66992 0.232434
18760.85938 0.232228
18761.03906 0.232022
18761.23047 0.231814
18761.41016 0.231608
18761.59961 0.231402
18761.78906 0.231194
18761.97070 0.230988
18762.16016 0.230819
18762.34961 0.230656
18762.52930 0.230494
18762.72070 0.230332
18762.90039 0.230169
18763.08984 0.230007
18763.27930 0.229845
18763.46094 0.229682
18763.65039 0.22952
18763.83008 0.229358
18764.01953 0.229205
18764.21094 0.229129
18764.39062 0.229053
18764.58008 0.228977
18764.76953 0.228901
18764.94922 0.228825
18765.14062 0.228749
18765.32031 0.228673
18765.50977 0.228598
18765.69922 0.228521
18765.88086 0.228445
18766.07031 0.228374
18766.25977 0.22831
18766.43945 0.228246
18766.63086 0.228183
18766.81055 0.228119
18767.00000 0.228055
18767.18945 0.227991
18767.36914 0.227927
18767.56055 0.227864
18767.74023 0.2278
18767.92969 0.227736
18768.11914 0.227677
18768.30078 0.22762
18768.49023 0.227564
18768.67969 0.227507
18768.85938 0.22745
18769.05078 0.227394
18769.23047 0.227338
18769.41992 0.227281
18769.60938 0.227225
18769.78906 0.227168
18769.98047 0.227112
18770.16992 0.227082
18770.34961 0.227056
18770.53906 0.22703
18770.72070 0.227004
18770.91016 0.226978
18771.09961 0.226952
18771.27930 0.226926
18771.47070 0.2269
18771.66016 0.226874
18771.83984 0.226848
18772.02930 0.226814
18772.21094 0.226739
18772.40039 0.226663
18772.58984 0.226588
18772.76953 0.226513
18772.96094 0.226437
18773.15039 0.226362
18773.33008 0.226286
18773.51953 0.22621
18773.71094 0.226135
18773.89062 0.226059
18774.08008 0.226037
18774.25977 0.226086
18774.44922 0.226136
18774.64062 0.226186
18774.82031 0.226236
18775.00977 0.226286
18775.19922 0.226335
18775.38086 0.226385
18775.57031 0.226435
18775.75977 0.226485
18775.93945 0.226534
18776.13086 0.22657
18776.31055 0.226599
18776.50000 0.226627
18776.68945 0.226657
18776.86914 0.226685
18777.06055 0.226714
18777.25000 0.226743
18777.42969 0.226772
18777.61914 0.226801
18777.80078 0.22683
18777.99023 0.226858
18778.17969 0.226837
18778.35938 0.226813
18778.55078 0.226789
18778.74023 0.226765
18778.91992 0.226741
18779.10938 0.226717
18779.28906 0.226693
18779.48047 0.226668
18779.66992 0.226644
18779.85938 0.22662
18780.03906 0.226615
18780.23047 0.226675
18780.41016 0.226735
18780.59961 0.226795
18780.78906 0.226856
18780.97070 0.226916
18781.16016 0.226976
18781.34961 0.227036
18781.52930 0.227096
18781.72070 0.227157
18781.90039 0.227217
18782.08984 0.227273
18782.27930 0.227323
18782.46094 0.227374
18782.65039 0.227424
18782.83984 0.227474
18783.01953 0.227525
18783.21094 0.227575
18783.40039 0.227626
18783.58008 0.227676
18783.76953 0.227726
18783.96094 0.227776
18784.14062 0.227793
18784.33008 0.227798
18784.50977 0.227803
18784.69922 0.227808
18784.89062 0.227813
18785.07031 0.227819
18785.25977 0.227824
18785.44922 0.227829
18785.63086 0.227834
18785.82031 0.227839
18786.00977 0.227849
18786.18945 0.228012
18786.38086 0.228176
18786.56055 0.228338
18786.75000 0.228502
18786.93945 0.228665
18787.11914 0.228829
18787.31055 0.228991
18787.50000 0.229155
18787.67969 0.229318
18787.86914 0.22948
18788.06055 0.229605
18788.24023 0.229641
18788.42969 0.229677
18788.61914 0.229713
18788.80078 0.229749
18788.99023 0.229785
18789.17969 0.229821
18789.35938 0.229856
18789.55078 0.229892
18789.73047 0.229928
18789.91992 0.229964
18790.10938 0.230018
18790.28906 0.230087
18790.48047 0.230156
18790.66992 0.230224
18790.84961 0.230293
18791.03906 0.230361
18791.23047 0.230431
18791.41016 0.230499
18791.59961 0.230568
18791.78906 0.230636
18791.97070 0.230705
18792.16016 0.230785
18792.34961 0.230868
18792.52930 0.23095
18792.72070 0.231033
18792.90039 0.231115
18793.08984 0.231198
18793.27930 0.23128
18793.46094 0.231363
18793.65039 0.231445
18793.83984 0.231528
18794.01953 0.231615
18794.21094 0.231741
18794.40039 0.231867
18794.58008 0.231993
18794.76953 0.232119
18794.96094 0.232245
18795.14062 0.23237
18795.33008 0.232497
18795.51953 0.232622
18795.69922 0.232748
18795.89062 0.232874
18796.08008 0.232941
18796.25977 0.232921
18796.44922 0.2329
18796.63086 0.23288
18796.82031 0.23286
18797.00977 0.23284
18797.19922 0.232819
18797.38086 0.232799
18797.57031 0.232779
18797.75000 0.232759
18797.93945 0.232739
18798.13086 0.232816
18798.31055 0.23294
18798.50000 0.233063
18798.68945 0.233186
18798.86914 0.233309
18799.06055 0.233433
18799.25000 0.233555
18799.42969 0.233679
18799.61914 0.233802
18799.81055 0.233926
18799.99023 0.234048
18800.17969 0.234003
18800.36914 0.233951
18800.55078 0.233898
18800.74023 0.233846
18800.92969 0.233794
18801.10938 0.233742
18801.30078 0.233689
18801.48047 0.233637
18801.66992 0.233585
18801.85938 0.233533
18802.03906 0.233466
18802.23047 0.233357
18802.41992 0.233249
18802.60938 0.233139
18802.78906 0.233031
18802.98047 0.232921
18803.16016 0.232813
18803.34961 0.232704
18803.53906 0.232595
18803.72070 0.232486
18803.91016 0.232378
18804.09961 0.23229
18804.27930 0.232222
18804.47070 0.232153
18804.66016 0.232085
18804.83984 0.232017
18805.02930 0.231949
18805.22070 0.231881
18805.40039 0.231813
18805.58984 0.231745
18805.77930 0.231677
18805.96094 0.231609
18806.15039 0.231442
18806.33984 0.231253
18806.51953 0.231062
18806.71094 0.230871
18806.90039 0.230682
18807.08008 0.230491
18807.26953 0.230302
18807.46094 0.230111
18807.64062 0.229922
18807.83008 0.229731
18808.01953 0.229537
18808.19922 0.229296
18808.39062 0.229055
18808.58008 0.228816
18808.75977 0.228574
18808.94922 0.228335
18809.14062 0.228094
18809.32031 0.227855
18809.50977 0.227614
18809.69922 0.227373
18809.88086 0.227134
18810.07031 0.226859
18810.25977 0.226531
18810.43945 0.2262
18810.63086 0.225873
18810.82031 0.225542
18811.00000 0.225211
18811.18945 0.224884
18811.38086 0.224553
18811.56055 0.224226
18811.75000 0.223895
18811.93945 0.223568
18812.11914 0.223175
18812.31055 0.22275
18812.50000 0.22233
18812.67969 0.221905
18812.86914 0.221484
18813.06055 0.22106
18813.24023 0.220635
18813.42969 0.220214
18813.61914 0.219789
18813.80078 0.219369
18813.99023 0.218944
18814.17969 0.218473
18814.35938 0.218005
18814.55078 0.217532
18814.74023 0.217064
18814.91992 0.216591
18815.10938 0.216123
