threeML/data/optical_filters/HST/NICMOS3-F150W.ecsv
# %ECSV 0.9
# ---
# datatype:
# - {name: wavelength, unit: Angstrom, datatype: float32}
# - {name: response, datatype: float32}
# meta: !!omap
# - {band_name: F150W}
# - {group_name: NICMOS3}
wavelength response
[from data line 7661]
19589.46094 0.004792
19591.11914 0.004733
19592.77930 0.004672
19594.43945 0.004612
19596.10938 0.004593
19597.76953 0.004595
19599.42969 0.004597
19601.08984 0.004568
19602.75000 0.004524
19604.41992 0.00448
19606.08008 0.00444
19607.74023 0.0044
19609.40039 0.004361
19611.07031 0.004327
19612.73047 0.004297
19614.39062 0.004266
19616.05078 0.004262
19617.72070 0.004273
19619.38086 0.004284
19621.03906 0.004246
19622.71094 0.004177
19624.36914 0.004109
19626.03906 0.004073
19627.69922 0.004056
19629.36914 0.004039
19631.02930 0.004
19632.69922 0.003946
19634.35938 0.003892
19636.02930 0.003839
19637.68945 0.003788
19639.35938 0.003736
19641.01953 0.003707
19642.68945 0.003691
19644.34961 0.003675
19646.01953 0.003674
19647.67969 0.003683
19649.34961 0.003692
19651.01953 0.003654
19652.67969 0.003588
19654.34961 0.003521
19656.01953 0.003492
19657.67969 0.003488
19659.34961 0.003483
19661.01953 0.003469
19662.67969 0.003448
19664.34961 0.003427
19666.01953 0.003407
19667.68945 0.003387
19669.34961 0.003368
19671.01953 0.003371
19672.68945 0.00339
19674.35938 0.003409
19676.02930 0.003368
19677.69922 0.00329
19679.35938 0.003211
19681.02930 0.003161
19682.69922 0.003128
19684.36914 0.003095
19686.03906 0.003089
19687.71094 0.0031
19689.38086 0.003112
19691.05078 0.003079
19692.72070 0.00302
19694.39062 0.002962
19696.06055 0.002906
19697.73047 0.002853
19699.40039 0.002799
19701.07031 0.002807
19702.74023 0.002849
19704.41016 0.002891
19706.08008 0.002892
19707.75000 0.002871
19709.41992 0.00285
19711.08984 0.002811
19712.76953 0.002762
19714.43945 0.002713
19716.10938 0.002681
19717.77930 0.002658
19719.44922 0.002634
19721.13086 0.002635
19722.80078 0.002647
19724.47070 0.002659
19726.14062 0.002642
19727.81055 0.002612
19729.49023 0.002581
19731.16016 0.002566
19732.83008 0.002559
19734.50977 0.002552
19736.17969 0.002518
19737.84961 0.002474
19739.52930 0.002429
19741.19922 0.002405
19742.86914 0.002388
19744.55078 0.002372
19746.22070 0.002377
19747.90039 0.002391
19749.57031 0.002404
19751.25000 0.002391
19752.91992 0.002368
19754.59961 0.002345
19756.26953 0.002298
19757.94922 0.002242
19759.61914 0.002187
19761.30078 0.002221
19762.97070 0.002281
19764.65039 0.00234
19766.33008 0.002287
19768.00000 0.002205
19769.67969 0.002122
19771.35938 0.002132
19773.02930 0.002164
19774.71094 0.002196
19776.38086 0.002185
19778.06055 0.002165
19779.74023 0.002145
19781.41992 0.002116
19783.08984 0.002085
19784.76953 0.002054
19786.44922 0.002041
19788.13086 0.002031
19789.80078 0.00202
19791.48047 0.001986
19793.16016 0.001949
19794.83984 0.001911
19796.51953 0.001962
19798.19922 0.002023
19799.88086 0.002084
19801.55078 0.002036
19803.23047 0.001979
19804.91016 0.001922
19806.58984 0.001865
19808.26953 0.001809
19809.94922 0.001753
19811.63086 0.001748
19813.31055 0.001745
19814.99023 0.001741
19816.66992 0.001751
19818.34961 0.001761
19820.02930 0.001771
19821.71094 0.001754
19823.39062 0.001736
19825.08008 0.001721
19826.75977 0.00173
19828.43945 0.00174
19830.11914 0.001752
19831.80078 0.001802
19833.48047 0.001853
19835.16016 0.00189
19836.84961 0.001812
19838.52930 0.001734
19840.21094 0.001667
19841.89062 0.001687
19843.58008 0.001707
19845.25977 0.001715
19846.93945 0.00166
19848.61914 0.001606
19850.31055 0.001562
19851.99023 0.001567
19853.66992 0.001571
19855.35938 0.00158
19857.03906 0.001609
19858.72070 0.001638
19860.41016 0.001647
19862.08984 0.001596
19863.77930 0.001544
19865.46094 0.001512
19867.15039 0.001531
19868.83008 0.00155
19870.51953 0.001552
19872.19922 0.001515
19873.89062 0.001478
19875.57031 0.001432
19877.25977 0.001367
19878.93945 0.001302
19880.63086 0.001288
19882.31055 0.001361
19884.00000 0.001433
19885.68945 0.001447
19887.36914 0.001376
19889.06055 0.001304
19890.74023 0.001252
19892.42969 0.001225
19894.11914 0.001197
19895.80078 0.001203
19897.49023 0.001245
19899.17969 0.001287
19900.86914 0.001306
19902.55078 0.001303
19904.24023 0.0013
19905.92969 0.001294
19907.61914 0.001286
19909.31055 0.001277
19910.99023 0.001293
19912.67969 0.001325
19914.36914 0.001357
19916.06055 0.001331
19917.75000 0.001271
19919.43945 0.001211
19921.13086 0.001198
19922.82031 0.001208
19924.50977 0.001219
19926.19922 0.001186
19927.88086 0.001136
19929.57031 0.001086
19931.26953 0.001092
19932.96094 0.001118
19934.64062 0.001144
19936.33984 0.00114
19938.02930 0.001128
19939.72070 0.001116
19941.41016 0.001088
19943.09961 0.001056
19944.78906 0.001025
19946.48047 0.00101
19948.16992 0.000998
19949.85938 0.000986
19951.56055 0.000976
19953.25000 0.000967
19954.93945 0.000958
19956.63086 0.001023
19958.32031 0.001092
19960.01953 0.001159
19961.71094 0.001088
19963.40039 0.001018
19965.08984 0.000951
19966.78906 0.000948
19968.48047 0.000945
19970.16992 0.000941
19971.86914 0.000926
19973.56055 0.00091
19975.25000 0.000901
19976.94922 0.000927
19978.64062 0.000954
19980.33984 0.000977
19982.02930 0.000991
19983.72070 0.001004
19985.41992 0.000999
19987.11914 0.000938
19988.81055 0.000877
19990.50000 0.000836
19992.19922 0.000843
19993.89062 0.00085
19995.58984 0.000854
19997.28906 0.000852
19998.98047 0.00085
20000.67969 0.000851
20002.36914 0.000857
20004.07031 0.000862
20005.76953 0.000866
20007.46094 0.000868
20009.16016 0.00087
20010.85938 0.00087
20012.55078 0.00087
20014.25000 0.00087
20015.94922 0.000851
20017.64062 0.000816
20019.33984 0.000781
20021.03906 0.000759
20022.74023 0.000744
20024.43945 0.000729
20026.13086 0.000739
20027.83008 0.00076
20029.52930 0.000781
20031.23047 0.000754
20032.92969 0.00071
20034.63086 0.000665
20036.32031 0.00066
20038.01953 0.000665
20039.72070 0.000671
20041.41992 0.000653
20043.11914 0.000629
20044.82031 0.000606
20046.51953 0.000615
20048.22070 0.000628
20049.91992 0.00064
20051.61914 0.00065
20053.32031 0.00066
20055.01953 0.000669
20056.72070 0.000662
20058.41992 0.000656
20060.11914 0.000648
20061.82031 0.000634
20063.52930 0.00062
20065.23047 0.000609
20066.92969 0.000622
20068.63086 0.000635
20070.33008 0.000638
20072.02930 0.000601
20073.74023 0.000564
20075.43945 0.000539
20077.14062 0.000549
20078.83984 0.000559
20080.53906 0.000575
20082.25000 0.000607
20083.94922 0.000638
20085.65039 0.000639
20087.35938 0.000589
20089.06055 0.000539
20090.75977 0.000509
20092.47070 0.000502
20094.16992 0.000496
20095.86914 0.000483
20097.58008 0.000465
20099.27930 0.000448
20100.99023 0.00044
20102.68945 0.000441
20104.40039 0.000441
20106.09961 0.00047
20107.81055 0.000515
20109.50977 0.00056
20111.22070 0.000555
20112.91992 0.00053
20114.63086 0.000505
20116.33008 0.000507
20118.03906 0.000517
20119.75000 0.000527
20121.44922 0.000499
20123.16016 0.000464
20124.86914 0.00043
20126.57031 0.000439
20128.27930 0.000452
20129.98047 0.000465
20131.68945 0.000434
20133.40039 0.000402
22146.74023 0.0
