threeML/data/optical_filters/HST/NICMOS1-F164N.ecsv
# %ECSV 0.9
# ---
# datatype:
# - {name: wavelength, unit: Angstrom, datatype: float32}
# - {name: response, datatype: float32}
# meta: !!omap
# - {band_name: F164N}
# - {group_name: NICMOS1}
wavelength response
16236.04980 0.0
16236.25000 1.6e-05
16236.45020 4.9e-05
16236.63965 8.1e-05
16236.83984 0.000114
16237.04004 0.000147
16237.24023 0.00018
16237.42969 0.000213
16237.62988 0.000245
16237.83008 0.000278
16238.03027 0.000307
16238.21973 0.000305
16238.41992 0.000304
16238.62012 0.000303
16238.80957 0.000302
16239.00977 0.000301
16239.20996 0.000299
16239.41016 0.000298
16239.59961 0.000297
16239.79980 0.000296
16240.00000 0.000295
16240.20020 0.000266
16240.38965 0.000237
16240.58984 0.000209
16240.79004 0.00018
16240.99023 0.000151
16241.17969 0.000123
16241.37988 9.4e-05
16241.58008 6.5e-05
16241.76953 3.6e-05
16241.96973 8e-06
16242.16992 1.3e-05
16242.37012 2.4e-05
16242.55957 3.6e-05
16242.75977 4.7e-05
16242.95996 5.8e-05
16243.16016 6.9e-05
16243.34961 8.1e-05
16243.54980 9.2e-05
16243.75000 0.000103
16243.95020 0.000114
16244.13965 0.000144
16244.33984 0.00018
16244.54004 0.000217
16244.74023 0.000253
16244.92969 0.00029
16245.12988 0.000326
16245.33008 0.000363
16245.51953 0.000399
16245.71973 0.000436
16245.91992 0.000472
16246.12012 0.000482
16246.30957 0.000473
16246.50977 0.000464
16246.70996 0.000455
16246.91016 0.000446
16247.09961 0.000437
16247.29980 0.000428
16247.50000 0.000419
16247.70020 0.00041
16247.88965 0.000401
16248.08984 0.000386
16248.29004 0.000365
16248.49023 0.000344
16248.67969 0.000323
16248.87988 0.000301
16249.08008 0.00028
16249.28027 0.000259
16249.46973 0.000237
16249.66992 0.000216
16249.87012 0.000195
16250.07031 0.000188
16250.25977 0.000211
16250.45996 0.000234
16250.66016 0.000256
16250.84961 0.000279
16251.04980 0.000302
16251.25000 0.000325
16251.45020 0.000348
16251.63965 0.000371
16251.83984 0.000394
16252.04004 0.000412
16252.24023 0.000409
16252.42969 0.000406
16252.62988 0.000403
16252.83008 0.0004
16253.03027 0.000397
16253.21973 0.000394
16253.41992 0.000392
16253.62012 0.000389
16253.82031 0.000386
16254.00977 0.000382
16254.20996 0.000359
16254.41016 0.000336
16254.61035 0.000313
16254.79980 0.00029
16255.00000 0.000267
16255.20020 0.000244
16255.40039 0.000221
16255.58984 0.000198
16255.79004 0.000175
16255.99023 0.000152
16256.19043 0.000176
16256.37988 0.000202
16256.58008 0.000228
16256.78027 0.000254
16256.98047 0.000281
16257.16992 0.000307
16257.37012 0.000333
16257.57031 0.000359
16257.76953 0.000386
16257.95996 0.000412
16258.16016 0.000414
16258.36035 0.000411
16258.55957 0.000408
16258.75000 0.000405
16258.95020 0.000401
16259.15039 0.000398
16259.34961 0.000395
16259.54004 0.000392
16259.74023 0.000389
16259.94043 0.000386
16260.13965 0.000394
16260.33008 0.000407
16260.53027 0.00042
16260.73047 0.000433
16260.92969 0.000447
16261.12988 0.00046
16261.32031 0.000473
16261.51953 0.000486
16261.71973 0.000499
16261.91992 0.000512
16262.11035 0.000532
16262.30957 0.000556
16262.50977 0.000579
16262.70996 0.000603
16262.90039 0.000627
16263.09961 0.000651
16263.29980 0.000674
16263.50000 0.000698
16263.69043 0.000722
16263.88965 0.000746
16264.08984 0.000755
16264.29004 0.000748
16264.48047 0.000741
16264.67969 0.000734
16264.87988 0.000726
16265.08008 0.000719
16265.28027 0.000712
16265.46973 0.000704
16265.66992 0.000697
16265.87012 0.00069
16266.07031 0.000675
16266.25977 0.000646
16266.45996 0.000617
16266.66016 0.000587
16266.86035 0.000558
16267.04980 0.000529
16267.25000 0.0005
16267.45020 0.00047
16267.65039 0.000441
16267.83984 0.000412
16268.04004 0.000391
16268.24023 0.000405
16268.44043 0.000418
16268.63965 0.000431
16268.83008 0.000445
16269.03027 0.000458
16269.23047 0.000471
16269.42969 0.000485
16269.62012 0.000498
16269.82031 0.000511
16270.01953 0.000527
16270.21973 0.00056
16270.41016 0.000594
16270.61035 0.000627
16270.80957 0.000661
16271.00977 0.000695
16271.20996 0.000728
16271.40039 0.000762
16271.59961 0.000795
16271.79980 0.000829
16272.00000 0.000862
16272.19043 0.000853
16272.38965 0.000843
16272.58984 0.000833
16272.79004 0.000823
16272.98047 0.000813
16273.17969 0.000803
16273.37988 0.000793
16273.58008 0.000783
16273.78027 0.000773
16273.96973 0.000763
16274.16992 0.000773
16274.37012 0.000786
16274.57031 0.000799
16274.75977 0.000812
16274.95996 0.000825
16275.16016 0.000839
16275.36035 0.000852
16275.54980 0.000865
16275.75000 0.000878
16275.95020 0.000891
16276.15039 0.000885
16276.34961 0.000871
16276.54004 0.000858
16276.74023 0.000845
16276.94043 0.000831
16277.13965 0.000818
16277.33008 0.000805
16277.53027 0.000791
16277.73047 0.000778
16277.92969 0.000765
16278.12988 0.000776
16278.32031 0.000801
16278.51953 0.000826
16278.71973 0.000851
16278.91992 0.000876
16279.12012 0.000901
16279.30957 0.000926
16279.50977 0.000951
16279.70996 0.000976
16279.91016 0.001002
16280.09961 0.001016
16280.29980 0.00102
16280.50000 0.001025
16280.70020 0.001029
16280.90039 0.001034
16281.08984 0.001038
16281.29004 0.001043
16281.49023 0.001047
16281.69043 0.001052
16281.87988 0.001056
16282.08008 0.001061
16282.28027 0.001067
16282.48047 0.001073
16282.67969 0.00108
16282.87012 0.001086
16283.07031 0.001092
16283.26953 0.001098
16283.46973 0.001104
16283.66992 0.00111
16283.86035 0.001116
16284.05957 0.001119
16284.25977 0.001115
16284.45996 0.001111
16284.65039 0.001107
16284.84961 0.001104
16285.04980 0.0011
16285.25000 0.001096
16285.45020 0.001092
16285.63965 0.001088
16285.83984 0.001084
16286.04004 0.001084
16286.24023 0.001097
16286.44043 0.00111
16286.62988 0.001124
16286.83008 0.001137
16287.03027 0.001151
16287.23047 0.001164
16287.41992 0.001178
16287.62012 0.001191
16287.82031 0.001204
16288.01953 0.00122
16288.21973 0.001255
16288.41016 0.001291
16288.61035 0.001326
16288.80957 0.001361
16289.00977 0.001397
16289.20996 0.001432
16289.40039 0.001467
16289.59961 0.001503
16289.79980 0.001538
16290.00000 0.001574
16290.20020 0.001581
16290.38965 0.001589
16290.58984 0.001596
16290.79004 0.001604
16290.99023 0.001611
16291.17969 0.001619
16291.37988 0.001626
16291.58008 0.001634
16291.78027 0.001641
16291.98047 0.001649
16292.16992 0.001653
16292.37012 0.001657
16292.57031 0.00166
16292.76953 0.001664
16292.96973 0.001668
16293.16016 0.001671
16293.36035 0.001675
16293.55957 0.001679
16293.75977 0.001682
16293.95996 0.001686
16294.15039 0.001677
16294.34961 0.001665
16294.54980 0.001653
16294.75000 0.001642
16294.95020 0.00163
16295.13965 0.001618
16295.33984 0.001606
16295.54004 0.001594
16295.74023 0.001582
16295.94043 0.00157
16296.12988 0.00161
16296.33008 0.001675
16296.53027 0.00174
16296.73047 0.001805
16296.92969 0.001871
16297.12012 0.001936
16297.32031 0.002001
16297.51953 0.002066
16297.71973 0.002131
16297.91992 0.002196
16298.11035 0.002221
16298.30957 0.002216
16298.50977 0.002211
16298.70996 0.002206
16298.91016 0.002201
16299.09961 0.002196
16299.29980 0.002191
16299.50000 0.002186
16299.70020 0.002181
16299.90039 0.002176
16300.08984 0.002176
16300.29004 0.002182
16300.49023 0.002188
16300.69043 0.002194
16300.88965 0.0022
16301.08008 0.002206
16301.28027 0.002212
16301.48047 0.002218
16301.67969 0.002224
16301.87988 0.00223
16302.08008 0.002252
16302.26953 0.002302
16302.46973 0.002351
16302.66992 0.002401
16302.87012 0.00245
16303.07031 0.002499
16303.25977 0.002549
16303.45996 0.002598
16303.66016 0.002648
16303.86035 0.002697
16304.05957 0.002747
16304.25000 0.002799
16304.45020 0.00285
16304.65039 0.002901
16304.84961 0.002953
16305.04980 0.003004
16305.25000 0.003056
16305.44043 0.003107
16305.63965 0.003158
16305.83984 0.00321
16306.04004 0.00325
16306.24023 0.00324
16306.42969 0.003231
16306.62988 0.003222
16306.83008 0.003213
16307.03027 0.003204
16307.23047 0.003194
16307.41992 0.003185
16307.62012 0.003176
16307.82031 0.003167
16308.01953 0.003164
16308.21973 0.003218
16308.41992 0.003272
16308.61035 0.003327
16308.80957 0.003381
16309.00977 0.003435
16309.20996 0.003489
16309.41016 0.003544
16309.59961 0.003598
16309.79980 0.003652
16310.00000 0.003706
16310.20020 0.003728
16310.40039 0.003749
16310.58984 0.003771
16310.79004 0.003792
16310.99023 0.003814
16311.19043 0.003835
16311.38965 0.003856
16311.58984 0.003878
16311.78027 0.003899
16311.98047 0.003921
16312.17969 0.003922
16312.37988 0.003921
16312.58008 0.00392
16312.78027 0.003919
16312.96973 0.003918
16313.16992 0.003917
16313.37012 0.003917
16313.57031 0.003916
16313.76953 0.003915
16313.95996 0.003914
16314.16016 0.003958
16314.36035 0.004012
16314.55957 0.004067
16314.75977 0.004121
16314.95996 0.004175
16315.15039 0.00423
16315.34961 0.004284
16315.54980 0.004338
16315.75000 0.004392
16315.95020 0.004447
16316.13965 0.004491
16316.33984 0.004531
16316.54004 0.004571
16316.74023 0.004611
16316.94043 0.004652
16317.13965 0.004692
16317.33008 0.004732
16317.53027 0.004772
16317.73047 0.004813
16317.92969 0.004853
16318.12988 0.00492
16318.33008 0.005002
16318.51953 0.005085
16318.71973 0.005167
16318.91992 0.005249
16319.12012 0.005332
16319.32031 0.005414
16319.51953 0.005497
16319.70996 0.005579
16319.91016 0.005661
16320.11035 0.005712
16320.30957 0.005737
16320.50977 0.005763
16320.70996 0.005788
16320.90039 0.005813
16321.09961 0.005838
16321.29980 0.005864
16321.50000 0.005889
16321.70020 0.005914
16321.88965 0.00594
16322.08984 0.00599
16322.29004 0.006068
16322.49023 0.006146
16322.69043 0.006224
16322.88965 0.006302
16323.08008 0.00638
16323.28027 0.006459
16323.48047 0.006537
16323.67969 0.006615
16323.87988 0.006693
16324.08008 0.00676
16324.26953 0.00681
16324.46973 0.00686
16324.66992 0.006909
16324.87012 0.006959
16325.07031 0.007009
16325.26953 0.007058
16325.45996 0.007108
16325.66016 0.007158
16325.86035 0.007207
16326.05957 0.007266
16326.25977 0.007347
16326.45996 0.007427
16326.66016 0.007507
16326.84961 0.007588
16327.04980 0.007668
16327.25000 0.007748
16327.45020 0.007828
16327.65039 0.007909
16327.84961 0.007989
16328.04004 0.008074
16328.24023 0.008175
16328.44043 0.008276
16328.63965 0.008378
16328.83984 0.008479
16329.04004 0.00858
16329.23047 0.008681
16329.42969 0.008783
16329.62988 0.008884
16329.83008 0.008985
16330.03027 0.009084
16330.23047 0.009167
16330.41992 0.009251
16330.62012 0.009334
16330.82031 0.009417
16331.01953 0.009501
16331.21973 0.009585
16331.41992 0.009668
16331.62012 0.009751
16331.80957 0.009835
16332.00977 0.00992
16332.20996 0.010029
16332.41016 0.010138
16332.61035 0.010247
16332.80957 0.010356
16333.00000 0.010465
16333.20020 0.010575
16333.40039 0.010684
16333.59961 0.010793
16333.79980 0.010902
16334.00000 0.011011
16334.20020 0.011147
16334.38965 0.011282
16334.58984 0.011418
16334.79004 0.011553
16334.99023 0.01169
16335.19043 0.011825
16335.38965 0.01196
16335.58008 0.012096
16335.78027 0.012232
16335.98047 0.012368
16336.17969 0.012498
16336.37988 0.012628
16336.58008 0.012759
16336.78027 0.012889
16336.96973 0.013019
16337.16992 0.01315
16337.37012 0.01328
16337.57031 0.013411
16337.76953 0.013541
16337.96973 0.013671
16338.16992 0.013845
16338.36035 0.014026
16338.55957 0.014208
16338.75977 0.014391
16338.95996 0.014572
16339.16016 0.014754
16339.36035 0.014936
16339.54980 0.015118
16339.75000 0.0153
16339.95020 0.015482
16340.15039 0.015658
16340.34961 0.015832
16340.54980 0.016005
16340.75000 0.01618
16340.94043 0.016353
16341.13965 0.016527
16341.33984 0.0167
16341.54004 0.016875
16341.74023 0.017048
16341.94043 0.017222
16342.13965 0.017408
16342.33008 0.017599
16342.53027 0.01779
16342.73047 0.017982
16342.92969 0.018172
16343.12988 0.018363
16343.33008 0.018555
16343.53027 0.018746
16343.71973 0.018937
16343.91992 0.019129
16344.12012 0.019328
16344.32031 0.019533
16344.51953 0.019738
16344.71973 0.019942
16344.91992 0.020148
16345.11035 0.020352
16345.30957 0.020557
16345.50977 0.020762
16345.70996 0.020967
16345.91016 0.021171
16346.11035 0.021409
16346.30957 0.021672
16346.50000 0.021936
16346.70020 0.022199
16346.90039 0.022463
16347.09961 0.022727
16347.29980 0.02299
16347.50000 0.023253
16347.70020 0.023518
16347.88965 0.023781
16348.08984 0.02406
16348.29004 0.024353
16348.49023 0.024646
16348.69043 0.02494
16348.88965 0.025233
16349.08984 0.025527
16349.29004 0.02582
16349.48047 0.026115
16349.67969 0.026408
16349.87988 0.026701
16350.08008 0.027007
16350.28027 0.027329
16350.48047 0.027653
16350.67969 0.027975
16350.87988 0.028298
16351.07031 0.02862
16351.26953 0.028942
16351.46973 0.029266
16351.66992 0.029588
16351.87012 0.029912
16352.07031 0.030251
16352.26953 0.030624
16352.45996 0.030996
16352.66016 0.03137
16352.86035 0.031742
16353.05957 0.032113
16353.25977 0.032487
16353.45996 0.032859
16353.66016 0.033233
16353.84961 0.033605
16354.04980 0.033992
16354.25000 0.034413
16354.45020 0.034835
16354.65039 0.035256
16354.84961 0.035679
16355.04980 0.0361
16355.25000 0.036522
16355.44043 0.036943
16355.63965 0.037366
16355.83984 0.037787
16356.04004 0.038222
16356.24023 0.038701
16356.44043 0.039182
16356.63965 0.039662
16356.83984 0.040143
16357.03027 0.040622
16357.23047 0.041104
16357.42969 0.041583
16357.62988 0.042065
16357.83008 0.042544
16358.03027 0.04303
16358.23047 0.043539
16358.42969 0.04405
16358.62012 0.044558
16358.82031 0.04507
16359.01953 0.045578
16359.21973 0.04609
16359.41992 0.046598
16359.62012 0.04711
16359.82031 0.047621
16360.01953 0.048138
16360.20996 0.048754
16360.41016 0.049367
16360.61035 0.049983
16360.80957 0.050596
16361.00977 0.051212
16361.20996 0.051825
16361.41016 0.052441
16361.61035 0.053057
16361.79980 0.05367
16362.00000 0.054287
16362.20020 0.054889
16362.40039 0.055494
16362.59961 0.056096
16362.79980 0.056701
16363.00000 0.057306
16363.20020 0.057909
16363.40039 0.058514
16363.58984 0.059116
16363.79004 0.059722
16363.99023 0.060327
16364.19043 0.06106
16364.38965 0.061802
16364.58984 0.06254
16364.79004 0.063282
16364.99023 0.064024
16365.17969 0.064762
16365.37988 0.065504
16365.58008 0.066242
16365.78027 0.066984
16365.98047 0.067726
16366.17969 0.06847
16366.37988 0.069217
16366.58008 0.069964
16366.78027 0.070708
16366.96973 0.071456
16367.16992 0.0722
16367.37012 0.072947
16367.57031 0.073695
16367.76953 0.074439
16367.96973 0.075187
16368.16992 0.076051
16368.37012 0.076932
16368.57031 0.077818
16368.75977 0.078704
16368.95996 0.079586
16369.16016 0.080472
16369.36035 0.081358
16369.55957 0.082239
16369.75977 0.083126
16369.95996 0.084012
16370.16016 0.084829
16370.36035 0.085633
16370.54980 0.086437
16370.75000 0.087237
16370.95020 0.088041
16371.15039 0.088845
16371.34961 0.089645
16371.54980 0.09045
16371.75000 0.091254
16371.95020 0.092054
16372.15039 0.092946
16372.33984 0.09387
16372.54004 0.094794
16372.74023 0.095713
16372.94043 0.096637
16373.13965 0.097561
16373.33984 0.098481
16373.54004 0.099405
16373.74023 0.10033
16373.94043 0.101254
16374.12988 0.102144
16374.33008 0.103025
16374.53027 0.103906
16374.73047 0.104783
16374.92969 0.105664
16375.12988 0.106546
16375.33008 0.107427
16375.53027 0.108304
16375.73047 0.109185
16375.92969 0.110067
16376.12012 0.111012
16376.32031 0.11199
16376.51953 0.112972
16376.71973 0.113955
16376.91992 0.114938
16377.12012 0.115916
16377.32031 0.1169
16377.51953 0.117883
16377.71973 0.118866
16377.91992 0.119849
16378.11035 0.120787
16378.30957 0.121698
16378.50977 0.12261
16378.70996 0.123522
16378.91016 0.124429
16379.11035 0.125341
16379.30957 0.126253
16379.50977 0.127165
16379.70996 0.128077
16379.91016 0.128984
16380.09961 0.129904
16380.29980 0.13083
16380.50000 0.131756
16380.70020 0.132683
16380.90039 0.133604
16381.09961 0.134531
16381.29980 0.135457
16381.50000 0.136384
16381.70020 0.13731
16381.90039 0.138233
16382.08984 0.139137
16382.29004 0.140017
16382.49023 0.140898
16382.69043 0.141778
16382.88965 0.142659
16383.08984 0.143535
16383.29004 0.144416
16383.49023 0.145296
16383.69043 0.146177
16383.88965 0.147058
16384.08984 0.14792
16384.28906 0.148757
16384.48047 0.149594
16384.67969 0.150431
16384.88086 0.151268
16385.08008 0.152097
16385.27930 0.152935
16385.48047 0.153772
16385.67969 0.15461
16385.88086 0.155447
16386.08008 0.156249
16386.27930 0.156993
16386.47070 0.157737
16386.66992 0.158481
16386.86914 0.159225
16387.07031 0.159969
16387.26953 0.160713
16387.47070 0.161458
16387.66992 0.162202
16387.86914 0.162946
