threeML/data/optical_filters/HST/NICMOS2-F205W.ecsv
# %ECSV 0.9
# ---
# datatype:
# - {name: wavelength, unit: Angstrom, datatype: float32}
# - {name: response, datatype: float32}
# meta: !!omap
# - {band_name: F205W}
# - {group_name: NICMOS2}
wavelength response
[from data line 3831]
19343.73047 0.229267
19344.58984 0.229326
19345.46094 0.229369
19346.32031 0.229399
19347.17969 0.229429
19348.05078 0.229459
19348.91016 0.229489
19349.77930 0.229518
19350.64062 0.229555
19351.50000 0.229593
19352.36914 0.229632
19353.23047 0.229671
19354.09961 0.22971
19354.96094 0.229748
19355.83008 0.229792
19356.68945 0.229835
19357.55078 0.229879
19358.41992 0.229922
19359.28906 0.229965
19360.15039 0.230011
19361.00977 0.230065
19361.88086 0.23012
19362.74023 0.230174
19363.60938 0.230228
19364.47070 0.230283
19365.33984 0.230324
19366.19922 0.230344
19367.07031 0.230363
19367.92969 0.230383
19368.80078 0.230404
19369.66016 0.230424
19370.52930 0.230453
19371.39062 0.230488
19372.25977 0.230523
19373.11914 0.230558
19373.99023 0.230593
19374.85938 0.230629
19375.72070 0.230662
19376.58984 0.230695
19377.44922 0.230728
19378.32031 0.230761
19379.17969 0.230794
19380.05078 0.230829
19380.91016 0.23089
19381.77930 0.230951
19382.64062 0.231013
19383.50977 0.231074
19384.38086 0.231135
19385.24023 0.231187
19386.10938 0.231215
19386.97070 0.231244
19387.83984 0.231272
19388.71094 0.2313
19389.57031 0.231328
19390.43945 0.231358
19391.30078 0.231391
19392.16992 0.231423
19393.03906 0.231455
19393.90039 0.231487
19394.76953 0.231519
19395.63086 0.231558
19396.50000 0.231599
19397.36914 0.231639
19398.23047 0.23168
19399.09961 0.231721
19399.97070 0.231762
19400.83008 0.231794
19401.69922 0.231826
19402.57031 0.231858
19403.42969 0.23189
19404.30078 0.231922
19405.16992 0.23196
19406.02930 0.232022
19406.90039 0.232085
19407.76953 0.232148
19408.63086 0.232211
19409.50000 0.232274
19410.36914 0.232331
19411.23047 0.232379
19412.09961 0.232427
19412.97070 0.232475
19413.83984 0.232524
19414.69922 0.232572
19415.57031 0.232608
19416.43945 0.232637
19417.30078 0.232666
19418.16992 0.232696
19419.03906 0.232725
19419.91016 0.232755
19420.76953 0.232782
19421.64062 0.23281
19422.50977 0.232837
19423.38086 0.232865
19424.24023 0.232892
19425.10938 0.232923
19425.98047 0.232974
19426.84961 0.233026
19427.71094 0.233078
19428.58008 0.233129
19429.44922 0.233181
19430.32031 0.233224
19431.18945 0.23325
19432.05078 0.233276
19432.91992 0.233302
19433.78906 0.233329
19434.66016 0.233355
19435.52930 0.23339
19436.39062 0.23343
19437.25977 0.23347
19438.13086 0.233511
19439.00000 0.233551
19439.86914 0.233591
19440.73047 0.233633
19441.59961 0.233675
19442.47070 0.233717
19443.33984 0.23376
19444.21094 0.233802
19445.08008 0.233843
19445.94922 0.233881
19446.81055 0.233918
19447.67969 0.233955
19448.55078 0.233992
19449.41992 0.23403
19450.28906 0.234063
19451.16016 0.23409
19452.02930 0.234116
19452.89062 0.234142
19453.75977 0.234169
19454.63086 0.234195
19455.50000 0.234225
19456.36914 0.234256
19457.24023 0.234288
19458.10938 0.234319
19458.98047 0.234351
19459.84961 0.234383
19460.72070 0.234454
19461.58984 0.234534
19462.46094 0.234614
19463.32031 0.234693
19464.18945 0.234773
19465.06055 0.234848
19465.92969 0.234871
19466.80078 0.234893
19467.66992 0.234916
19468.53906 0.234938
19469.41016 0.23496
19470.27930 0.234975
19471.15039 0.234974
19472.01953 0.234974
19472.89062 0.234973
19473.75977 0.234972
19474.63086 0.234971
19475.50000 0.234996
19476.36914 0.235041
19477.24023 0.235085
19478.10938 0.235129
19478.98047 0.235174
19479.84961 0.235218
19480.72070 0.235242
19481.58984 0.235261
19482.46094 0.23528
19483.33008 0.2353
19484.19922 0.235319
19485.07031 0.23534
19485.93945 0.235381
19486.81055 0.235422
19487.67969 0.235463
19488.55078 0.235504
19489.41992 0.235545
19490.28906 0.235579
19491.16016 0.235599
19492.02930 0.235619
19492.90039 0.235639
19493.76953 0.235659
19494.64062 0.235679
19495.51953 0.235704
19496.39062 0.235734
19497.25977 0.235763
19498.13086 0.235793
19499.00000 0.235823
19499.86914 0.235852
19500.74023 0.235888
19501.60938 0.235924
19502.48047 0.23596
19503.34961 0.235997
19504.22070 0.236033
19505.09961 0.236069
19505.97070 0.236103
19506.83984 0.236137
19507.71094 0.236172
19508.58008 0.236206
19509.44922 0.23624
19510.32031 0.236258
19511.19922 0.236247
19512.07031 0.236237
19512.93945 0.236227
19513.81055 0.236216
19514.67969 0.236206
19515.55078 0.236233
19516.41992 0.23628
19517.30078 0.236328
19518.16992 0.236376
19519.03906 0.236424
19519.91016 0.236472
19520.77930 0.236496
19521.66016 0.236519
19522.52930 0.236541
19523.40039 0.236563
19524.26953 0.236585
19525.14062 0.236606
19526.01953 0.236619
19526.89062 0.236632
19527.75977 0.236646
19528.63086 0.236659
19529.50000 0.236672
19530.38086 0.2367
19531.25000 0.236748
19532.11914 0.236797
19532.99023 0.236845
19533.86914 0.236893
19534.74023 0.236941
19535.60938 0.236956
19536.48047 0.236956
19537.35938 0.236956
19538.23047 0.236956
19539.09961 0.236956
19539.97070 0.236955
19540.84961 0.236987
19541.72070 0.23702
19542.58984 0.237052
19543.46094 0.237085
19544.33984 0.237118
19545.21094 0.237152
19546.08008 0.237189
19546.96094 0.237226
19547.83008 0.237263
19548.69922 0.237301
19549.58008 0.237338
19550.44922 0.237354
19551.32031 0.237349
19552.19922 0.237345
19553.07031 0.23734
19553.93945 0.237335
19554.82031 0.237331
19555.68945 0.237365
19556.56055 0.23741
19557.43945 0.237455
19558.31055 0.2375
19559.17969 0.237545
19560.06055 0.237584
19560.92969 0.237536
19561.80078 0.237488
19562.67969 0.23744
19563.55078 0.237392
19564.42969 0.237344
19565.30078 0.237328
19566.16992 0.237374
19567.05078 0.23742
19567.91992 0.237466
19568.80078 0.237512
19569.66992 0.237557
19570.53906 0.23759
19571.41992 0.237616
19572.28906 0.237641
19573.16992 0.237667
19574.03906 0.237692
19574.91992 0.237717
19575.78906 0.237698
19576.66016 0.237673
19577.53906 0.237648
19578.41016 0.237623
19579.28906 0.237598
19580.16016 0.237586
19581.03906 0.237627
19581.91016 0.237668
19582.78906 0.237709
19583.66016 0.237751
19584.53906 0.237792
19585.41016 0.237813
19586.28906 0.237812
19587.16016 0.23781
19588.02930 0.237808
19588.91016 0.237807
19589.77930 0.237805
19590.66016 0.237796
19591.52930 0.237784
19592.41016 0.237772
19593.27930 0.237761
19594.16016 0.237749
19595.03906 0.23774
19595.91016 0.237803
19596.78906 0.237867
19597.66016 0.23793
19598.53906 0.237993
19599.41016 0.238057
19600.28906 0.238083
19601.16016 0.238033
19602.03906 0.237982
19602.91016 0.237932
19603.78906 0.237882
19604.66016 0.237832
19605.53906 0.237835
19606.41992 0.237872
19607.28906 0.237909
19608.16992 0.237946
19609.03906 0.237983
19609.91992 0.23802
19610.78906 0.23803
19611.66992 0.238038
19612.55078 0.238045
19613.41992 0.238052
19614.30078 0.238059
19615.16992 0.238062
19616.05078 0.238045
19616.92969 0.238028
19617.80078 0.238011
19618.67969 0.237994
19619.55078 0.237977
19620.42969 0.237963
19621.31055 0.237951
19622.17969 0.23794
19623.06055 0.237929
19623.93945 0.237917
19624.81055 0.237906
19625.68945 0.237912
19626.57031 0.237924
19627.43945 0.237935
19628.32031 0.237947
19629.19922 0.237958
19630.07031 0.237966
19630.94922 0.237941
19631.83008 0.237917
19632.71094 0.237892
19633.58008 0.237867
19634.46094 0.237842
19635.33984 0.237825
19636.21094 0.237821
19637.08984 0.237817
19637.97070 0.237813
19638.83984 0.237809
19639.72070 0.237805
19640.59961 0.237806
19641.47070 0.23781
19642.34961 0.237814
19643.23047 0.237819
19644.10938 0.237823
19644.98047 0.237827
19645.85938 0.23782
19646.74023 0.237813
19647.61914 0.237805
19648.49023 0.237798
19649.36914 0.237791
19650.25000 0.237786
19651.13086 0.237788
19652.00977 0.237791
19652.88086 0.237793
19653.75977 0.237795
19654.64062 0.237797
19655.51953 0.237799
19656.39062 0.2378
19657.26953 0.237801
19658.15039 0.237802
19659.02930 0.237804
19659.91016 0.237805
19660.78906 0.237778
19661.66016 0.237747
19662.53906 0.237717
19663.41992 0.237687
19664.30078 0.237656
19665.17969 0.237633
19666.05078 0.237641
19666.92969 0.237648
19667.81055 0.237655
19668.68945 0.237662
19669.57031 0.237669
19670.44922 0.237664
19671.32031 0.237647
19672.19922 0.237629
19673.08008 0.237612
19673.96094 0.237595
19674.83984 0.237578
19675.72070 0.237561
19676.59961 0.237544
19677.48047 0.237527
19678.35938 0.23751
19679.23047 0.237493
19680.10938 0.237475
19680.99023 0.237449
19681.86914 0.237423
19682.75000 0.237397
19683.63086 0.237372
19684.50977 0.237346
19685.39062 0.237325
19686.26953 0.237311
19687.15039 0.237296
19688.02930 0.237282
19688.90039 0.237268
19689.78906 0.237254
19690.66016 0.237242
19691.53906 0.237231
19692.41992 0.237221
19693.30078 0.23721
19694.17969 0.237199
19695.06055 0.23719
19695.93945 0.237208
19696.82031 0.237225
19697.69922 0.237242
19698.58008 0.237259
19699.46094 0.237277
19700.33984 0.237269
19701.22070 0.237224
19702.09961 0.237178
19702.98047 0.237132
19703.85938 0.237087
19704.74023 0.237041
19705.61914 0.237015
19706.50000 0.236996
19707.38086 0.236977
19708.25977 0.236958
19709.14062 0.236939
19710.01953 0.23692
19710.90039 0.236866
19711.77930 0.236812
19712.66016 0.236758
19713.53906 0.236704
19714.41992 0.23665
19715.30078 0.236616
19716.18945 0.236622
19717.07031 0.236628
19717.94922 0.236634
19718.83008 0.23664
19719.71094 0.236646
19720.58984 0.236611
19721.47070 0.236555
19722.34961 0.236499
19723.23047 0.236442
19724.10938 0.236386
19724.99023 0.23633
19725.88086 0.236361
19726.75977 0.236392
19727.64062 0.236423
19728.51953 0.236454
19729.40039 0.236485
19730.27930 0.236483
19731.16016 0.236407
19732.03906 0.236332
19732.91992 0.236256
19733.80078 0.236181
19734.68945 0.236105
19735.57031 0.236077
19736.44922 0.236074
19737.33008 0.236071
19738.21094 0.236069
19739.08984 0.236066
19739.98047 0.236063
19740.85938 0.23602
19741.74023 0.235976
19742.61914 0.235932
19743.50000 0.235887
19744.38086 0.235843
19745.26953 0.235796
19746.15039 0.235742
19747.02930 0.235687
19747.91016 0.235633
19748.78906 0.235579
19749.67969 0.235525
19750.56055 0.235501
19751.43945 0.235495
19752.32031 0.235489
19753.21094 0.235483
19754.08984 0.235477
19754.97070 0.23547
19755.84961 0.235447
19756.73047 0.235422
19757.61914 0.235398
19758.50000 0.235374
19759.38086 0.235349
19760.26953 0.235334
19761.15039 0.23534
19762.02930 0.235346
19762.91016 0.235352
19763.78906 0.235358
19764.67969 0.235365
19765.56055 0.235338
19766.43945 0.235292
19767.33008 0.235246
19768.21094 0.2352
19769.08984 0.235155
19769.98047 0.235109
19770.85938 0.235063
19771.74023 0.235017
19772.61914 0.234971
19773.50977 0.234926
19774.39062 0.23488
19775.27930 0.234838
19776.16016 0.234806
19777.03906 0.234773
19777.91992 0.234741
19778.81055 0.234708
19779.68945 0.234676
19780.57031 0.234638
19781.46094 0.234597
19782.33984 0.234556
19783.23047 0.234515
19784.10938 0.234474
19784.99023 0.234433
19785.88086 0.23443
19786.75977 0.234426
19787.64062 0.234423
19788.52930 0.23442
19789.41016 0.234416
19790.28906 0.234399
19791.17969 0.234356
19792.06055 0.234312
19792.94922 0.234268
19793.83008 0.234224
19794.72070 0.234181
19795.59961 0.234147
19796.48047 0.234119
19797.36914 0.23409
19798.25000 0.234062
19799.14062 0.234033
19800.01953 0.234005
19800.91016 0.233978
19801.78906 0.233951
19802.66992 0.233924
19803.56055 0.233897
19804.43945 0.23387
19805.33008 0.233846
19806.21094 0.233825
19807.09961 0.233805
19807.98047 0.233785
19808.86914 0.233764
19809.75000 0.233744
19810.64062 0.233706
19811.51953 0.233661
19812.41016 0.233617
19813.28906 0.233572
19814.17969 0.233528
19815.06055 0.233483
19815.94922 0.23344
19816.83008 0.233397
19817.72070 0.233354
19818.59961 0.23331
19819.49023 0.233267
19820.36914 0.233232
19821.25977 0.233209
19822.14062 0.233185
19823.02930 0.233161
19823.91016 0.233137
19824.80078 0.233114
19825.67969 0.233112
19826.57031 0.233118
19827.46094 0.233124
19828.33984 0.233129
19829.23047 0.233135
19830.10938 0.23313
19831.00000 0.233053
19831.88086 0.232976
19832.76953 0.232899
19833.66016 0.232822
19834.53906 0.232745
19835.42969 0.232685
19836.31055 0.232642
19837.19922 0.232599
19838.08984 0.232555
19838.97070 0.232513
19839.85938 0.232469
19840.74023 0.232482
19841.63086 0.232504
19842.51953 0.232527
19843.40039 0.232549
19844.28906 0.232572
19845.17969 0.232579
19846.06055 0.232524
19846.94922 0.232469
19847.83008 0.232413
19848.72070 0.232358
19849.60938 0.232302
19850.49023 0.232259
19851.38086 0.232224
19852.26953 0.23219
19853.15039 0.232156
19854.03906 0.232122
19854.92969 0.232087
19855.81055 0.232072
19856.69922 0.232058
19857.58984 0.232045
19858.47070 0.232031
19859.35938 0.232017
19860.25000 0.232
19861.14062 0.231971
19862.01953 0.231943
19862.91016 0.231914
19863.80078 0.231886
19864.68945 0.231857
19865.57031 0.231817
19866.46094 0.231769
19867.34961 0.231722
19868.23047 0.231674
19869.11914 0.231627
19870.00977 0.231579
19870.90039 0.23155
19871.77930 0.23152
19872.66992 0.23149
19873.56055 0.231461
19874.44922 0.231431
19875.33008 0.231405
19876.22070 0.231386
19877.10938 0.231367
19878.00000 0.231348
19878.88086 0.231329
19879.76953 0.23131
19880.66016 0.231276
19881.55078 0.231238
19882.43945 0.2312
19883.33008 0.231162
19884.21094 0.231124
19885.09961 0.231089
19885.99023 0.231069
19886.88086 0.23105
19887.76953 0.23103
19888.65039 0.231011
19889.53906 0.230992
19890.42969 0.230968
19891.32031 0.230942
19892.21094 0.230915
19893.09961 0.230888
19893.99023 0.230861
19894.86914 0.230834
19895.75977 0.230802
19896.65039 0.230769
19897.53906 0.230736
19898.42969 0.230703
19899.32031 0.23067
19900.21094 0.230643
19901.09961 0.230635
19901.98047 0.230628
19902.86914 0.23062
19903.75977 0.230613
19904.65039 0.230605
19905.53906 0.23057
19906.42969 0.230516
19907.32031 0.230463
19908.21094 0.230409
19909.09961 0.230355
19909.99023 0.230302
19910.88086 0.230267
19911.75977 0.230232
19912.65039 0.230197
19913.53906 0.230163
19914.42969 0.230128
19915.32031 0.230101
19916.21094 0.230087
19917.09961 0.230074
19917.99023 0.23006
19918.88086 0.230046
19919.76953 0.230033
19920.66016 0.23
19921.55078 0.229959
19922.43945 0.229919
19923.33008 0.229879
19924.22070 0.229838
19925.10938 0.229802
19926.00000 0.229791
19926.89062 0.229781
19927.77930 0.229771
19928.66992 0.229761
19929.56055 0.229751
19930.44922 0.22973
19931.33984 0.2297
19932.23047 0.229669
19933.11914 0.229638
19934.00977 0.229608
19934.90039 0.229577
19935.78906 0.229558
19936.67969 0.229541
19937.57031 0.229524
19938.46094 0.229507
19939.34961 0.22949
19940.24023 0.229473
19941.13086 0.229456
19942.02930 0.229439
19942.91992 0.229423
19943.81055 0.229406
19944.69922 0.229389
19945.58984 0.22937
19946.48047 0.229349
19947.36914 0.229329
19948.25977 0.229308
19949.15039 0.229288
19950.03906 0.229267
19950.92969 0.229241
19951.83008 0.229214
19952.72070 0.229187
19953.60938 0.22916
19954.50000 0.229133
19955.39062 0.229097
19956.27930 0.229049
19957.16992 0.229001
19958.06055 0.228953
19958.96094 0.228905
19959.84961 0.228857
19960.74023 0.228825
19961.63086 0.228796
19962.51953 0.228768
19963.41016 0.228739
19964.30078 0.22871
19965.19922 0.228686
19966.08984 0.228678
19966.98047 0.228669
19967.86914 0.22866
19968.75977 0.228652
19969.66016 0.228643
19970.55078 0.228624
19971.43945 0.228598
19972.33008 0.228572
19973.22070 0.228546
19974.11914 0.228519
19975.00977 0.228493
19975.90039 0.228484
19976.78906 0.228474
19977.68945 0.228464
19978.58008 0.228454
19979.47070 0.228444
19980.35938 0.228427
19981.25000 0.228401
19982.15039 0.228375
19983.03906 0.228349
19983.92969 0.228323
19984.82031 0.228297
19985.72070 0.228295
19986.60938 0.2283
19987.50000 0.228304
19988.39062 0.228308
19989.28906 0.228313
19990.17969 0.228311
19991.07031 0.228282
19991.97070 0.228253
19992.85938 0.228224
19993.75000 0.228195
19994.65039 0.228166
19995.53906 0.228147
19996.42969 0.228135
19997.32031 0.228122
19998.22070 0.228109
19999.10938 0.228097
20000.00000 0.228085
20000.90039 0.228135
20001.78906 0.228185
20002.68945 0.228234
20003.58008 0.228284
20004.47070 0.228334
20005.36914 0.228376
20006.25977 0.228405
20007.15039 0.228434
20008.05078 0.228464
20008.93945 0.228493
20009.83008 0.228522
20010.73047 0.22857
20011.61914 0.228622
20012.51953 0.228674
20013.41016 0.228726
20014.30078 0.228778
20015.19922 0.228828
