threeML/data/optical_filters/HST/NICMOS1-F095N.ecsv
# %ECSV 0.9
# ---
# datatype:
# - {name: wavelength, unit: Angstrom, datatype: float32}
# - {name: response, datatype: float32}
# meta: !!omap
# - {band_name: F095N}
# - {group_name: NICMOS1}
wavelength response
[from data line 805]
9518.23633 0.054604
9518.33691 0.054555
9518.43848 0.054506
9518.53809 0.054457
9518.63867 0.054408
9518.73926 0.054358
9518.83984 0.054309
9518.93945 0.054261
9519.04004 0.054212
9519.14062 0.054162
9519.24121 0.054113
9519.34180 0.054064
9519.44238 0.054015
9519.54297 0.053966
9519.64355 0.053917
9519.74414 0.053868
9519.84473 0.053818
9519.94531 0.053769
9520.04590 0.05372
9520.14648 0.05367
9520.24707 0.05362
9520.34766 0.053571
9520.44727 0.053521
9520.54785 0.053471
9520.64844 0.053422
9520.74902 0.053372
9520.84961 0.053322
9520.95020 0.053272
9521.05078 0.053223
9521.15137 0.053173
9521.25195 0.053123
9521.35254 0.053073
9521.45312 0.053023
9521.55371 0.052974
9521.65430 0.052924
9521.75488 0.052874
9521.85547 0.052824
9521.95605 0.052775
9522.05664 0.052735
9522.15723 0.052704
9522.25781 0.052672
9522.35840 0.052641
9522.45898 0.05261
9522.55859 0.052579
9522.65918 0.052547
9522.75977 0.052516
9522.86035 0.052485
9522.96094 0.052453
9523.06152 0.052422
9523.16211 0.052391
9523.26270 0.052359
9523.36328 0.052328
9523.46387 0.052297
9523.56445 0.052265
9523.66504 0.052234
9523.76562 0.052202
9523.86621 0.052171
9523.96680 0.05214
9524.06738 0.052117
9524.16797 0.052099
9524.26855 0.052081
9524.36914 0.052064
9524.46973 0.052046
9524.57031 0.052028
9524.67090 0.05201
9524.77148 0.051992
9524.87207 0.051974
9524.97266 0.051956
9525.07324 0.051938
9525.17383 0.05192
9525.27441 0.051902
9525.37500 0.051884
9525.47559 0.051866
9525.57617 0.051848
9525.67676 0.05183
9525.77734 0.051813
9525.87793 0.051795
9525.97852 0.051777
9526.07910 0.051759
9526.17969 0.051742
9526.28027 0.051725
9526.38086 0.051708
9526.48145 0.051691
9526.58203 0.051674
9526.68262 0.051657
9526.78320 0.05164
9526.88379 0.051623
9526.98438 0.051605
9527.08496 0.051588
9527.18555 0.051571
9527.28613 0.051554
9527.38672 0.051537
9527.48730 0.05152
9527.58789 0.051503
9527.68848 0.051486
9527.78906 0.051469
9527.88965 0.051452
9527.99023 0.051434
9528.09082 0.051427
9528.19141 0.051422
9528.29199 0.051416
9528.39258 0.05141
9528.49316 0.051404
9528.59375 0.051398
9528.69434 0.051392
9528.79492 0.051386
9528.89648 0.05138
9528.99609 0.051374
9529.09766 0.051368
9529.19824 0.051362
9529.29883 0.051356
9529.39941 0.05135
9529.50000 0.051344
9529.60059 0.051338
9529.70117 0.051333
9529.80176 0.051327
9529.90234 0.051321
9530.00293 0.051315
9530.10352 0.051302
9530.20410 0.05129
9530.30469 0.051278
9530.40527 0.051266
9530.50586 0.051254
9530.60645 0.051242
9530.70703 0.05123
9530.80762 0.051217
9530.90820 0.051205
9531.00879 0.051193
9531.10938 0.051181
9531.21094 0.051169
9531.31152 0.051157
9531.41211 0.051145
9531.51270 0.051132
9531.61328 0.05112
9531.71387 0.051108
9531.81445 0.051096
9531.91504 0.051084
9532.01562 0.051075
9532.11621 0.051084
9532.21680 0.051092
9532.31738 0.051101
9532.41797 0.05111
9532.51855 0.051119
9532.61914 0.051127
9532.72070 0.051136
9532.82129 0.051145
9532.92188 0.051154
9533.02246 0.051162
9533.12305 0.051171
9533.22363 0.05118
9533.32422 0.051189
9533.42480 0.051197
9533.52539 0.051206
9533.62598 0.051215
9533.72656 0.051224
9533.82715 0.051232
9533.92773 0.051241
9534.02930 0.05125
9534.12988 0.05126
9534.23047 0.05127
9534.33105 0.051281
9534.43164 0.051291
9534.53223 0.051301
9534.63281 0.051311
9534.73340 0.051321
9534.83398 0.051331
9534.93457 0.051341
9535.03613 0.051351
9535.13672 0.051361
9535.23730 0.051371
9535.33789 0.051381
9535.43848 0.051391
9535.53906 0.051402
9535.63965 0.051412
9535.74023 0.051422
9535.84082 0.051432
9535.94141 0.051442
9536.04297 0.051456
9536.14355 0.051476
9536.24414 0.051496
9536.34473 0.051516
9536.44531 0.051535
9536.54590 0.051555
9536.64648 0.051575
9536.74707 0.051595
9536.84863 0.051615
9536.94922 0.051635
9537.04980 0.051654
9537.15039 0.051674
9537.25098 0.051694
9537.35156 0.051714
9537.45215 0.051734
9537.55273 0.051754
9537.65430 0.051774
9537.75488 0.051793
9537.85547 0.051813
9537.95605 0.051833
9538.05664 0.051853
9538.15723 0.051873
9538.25781 0.051892
9538.35840 0.051912
9538.45996 0.051932
9538.56055 0.051952
9538.66113 0.051972
9538.76172 0.051992
9538.86230 0.052012
9538.96289 0.052031
9539.06348 0.052051
9539.16504 0.052071
9539.26562 0.052091
9539.36621 0.052111
9539.46680 0.052131
9539.56738 0.052151
9539.66797 0.05217
9539.76855 0.05219
9539.87012 0.05221
9539.97070 0.05223
9540.07129 0.052248
9540.17188 0.052264
9540.27246 0.052281
9540.37305 0.052297
9540.47461 0.052314
9540.57520 0.05233
9540.67578 0.052347
9540.77637 0.052363
9540.87695 0.05238
9540.97754 0.052396
9541.07910 0.052413
9541.17969 0.052429
9541.28027 0.052446
9541.38086 0.052462
9541.48145 0.052479
9541.58203 0.052495
9541.68359 0.052512
9541.78418 0.052528
9541.88477 0.052545
9541.98535 0.052561
9542.08594 0.052585
9542.18652 0.05261
9542.28809 0.052635
9542.38867 0.052661
9542.48926 0.052686
9542.58984 0.052711
9542.69043 0.052736
9542.79102 0.052761
9542.89258 0.052786
9542.99316 0.052811
9543.09375 0.052836
9543.19434 0.052861
9543.29492 0.052886
9543.39648 0.052912
9543.49707 0.052937
9543.59766 0.052962
9543.69824 0.052987
9543.79883 0.053012
9543.90039 0.053037
9544.00098 0.053062
9544.10156 0.05309
9544.20215 0.053117
9544.30273 0.053144
9544.40430 0.053172
9544.50488 0.053199
9544.60547 0.053226
9544.70605 0.053254
9544.80664 0.053281
9544.90820 0.053308
9545.00879 0.053336
9545.10938 0.053363
9545.20996 0.05339
9545.31055 0.053418
9545.41211 0.053445
9545.51270 0.053472
9545.61328 0.0535
9545.71387 0.053527
9545.81445 0.053554
9545.91602 0.053582
9546.01660 0.053611
9546.11719 0.05365
9546.21777 0.053689
9546.31934 0.053729
9546.41992 0.053768
9546.52148 0.053807
9546.62109 0.053846
9546.72168 0.053885
9546.82324 0.053924
9546.92383 0.053963
9547.02441 0.054003
9547.12500 0.054042
9547.22656 0.054081
9547.32715 0.05412
9547.42773 0.054159
9547.52832 0.054198
9547.62988 0.054238
9547.73047 0.054277
9547.83105 0.054316
9547.93164 0.054355
9548.03320 0.054393
9548.13379 0.054426
9548.23438 0.054459
9548.33496 0.054492
9548.43555 0.054525
9548.53711 0.054558
9548.63770 0.054591
9548.73828 0.054625
9548.83887 0.054658
9548.94043 0.054691
9549.04102 0.054724
9549.14160 0.054757
9549.24219 0.05479
9549.34375 0.054824
9549.44434 0.054857
9549.54492 0.05489
9549.64648 0.054923
9549.74707 0.054956
9549.84766 0.05499
9549.94824 0.055023
9550.04980 0.055065
9550.15039 0.055115
9550.25098 0.055166
9550.35156 0.055216
9550.45312 0.055267
9550.55371 0.055318
9550.65430 0.055368
9550.75488 0.055419
9550.85645 0.05547
9550.95703 0.05552
9551.05762 0.055571
9551.15918 0.055622
9551.25977 0.055672
9551.36035 0.055723
9551.46094 0.055773
9551.56152 0.055824
9551.66309 0.055875
9551.76367 0.055926
9551.86426 0.055976
9551.96582 0.056027
9552.06641 0.05607
9552.16699 0.056109
9552.26855 0.056149
9552.36914 0.056188
9552.46973 0.056227
9552.57031 0.056266
9552.67188 0.056305
9552.77246 0.056344
9552.87305 0.056383
9552.97461 0.056423
9553.07520 0.056462
9553.17578 0.056501
9553.27734 0.05654
9553.37793 0.056579
9553.47852 0.056618
9553.57910 0.056657
9553.68066 0.056697
9553.78125 0.056736
9553.88184 0.056775
9553.98340 0.056815
9554.08398 0.056859
9554.18457 0.056904
9554.28613 0.05695
9554.38672 0.056996
9554.48730 0.057041
9554.58789 0.057087
9554.68945 0.057133
9554.79004 0.057178
9554.89062 0.057224
9554.99219 0.05727
9555.09277 0.057315
9555.19336 0.057361
9555.29492 0.057407
9555.39648 0.057452
9555.49609 0.057498
9555.59766 0.057544
9555.69824 0.057589
9555.79883 0.057635
9555.90039 0.057681
9556.00098 0.057726
9556.10156 0.057772
9556.20312 0.057819
9556.30371 0.057865
9556.40430 0.057911
9556.50586 0.057958
9556.60645 0.058004
9556.70703 0.05805
9556.80859 0.058097
9556.90918 0.058143
9557.00977 0.058189
9557.11133 0.058236
9557.21191 0.058282
9557.31348 0.058328
9557.41406 0.058375
9557.51465 0.058421
9557.61523 0.058467
9557.71680 0.058514
9557.81738 0.05856
9557.91797 0.058606
9558.01953 0.05865
9558.12012 0.05868
9558.22070 0.058711
9558.32227 0.058742
9558.42285 0.058772
9558.52344 0.058803
9558.62500 0.058834
9558.72559 0.058864
9558.82715 0.058895
9558.92773 0.058925
9559.02832 0.058956
9559.12988 0.058987
9559.23047 0.059017
9559.33105 0.059048
9559.43262 0.059079
9559.53320 0.059109
9559.63379 0.05914
9559.73535 0.05917
9559.83594 0.059201
9559.93848 0.059232
9560.03809 0.05926
9560.13867 0.059285
9560.24023 0.059309
9560.34082 0.059334
9560.44141 0.059358
9560.54297 0.059383
9560.64355 0.059408
9560.74512 0.059432
9560.84570 0.059457
9560.94629 0.059481
9561.04785 0.059506
9561.14844 0.059531
9561.24902 0.059555
9561.35059 0.05958
9561.45117 0.059605
9561.55273 0.059629
9561.65332 0.059654
9561.75391 0.059678
9561.85547 0.059703
9561.95605 0.059728
9562.05762 0.059746
9562.15820 0.059759
9562.25879 0.059772
9562.36035 0.059786
9562.46094 0.059799
9562.56152 0.059812
9562.66309 0.059825
9562.76367 0.059838
9562.86523 0.059851
9562.96582 0.059865
9563.06641 0.059878
9563.16797 0.059891
9563.26855 0.059904
9563.37012 0.059917
9563.47070 0.059931
9563.57227 0.059944
9563.67285 0.059957
9563.77344 0.05997
9563.87500 0.059983
9563.97559 0.059996
9564.07715 0.059988
9564.17773 0.059973
9564.27832 0.059958
9564.37988 0.059942
9564.48047 0.059927
9564.58203 0.059912
9564.68262 0.059897
9564.78418 0.059881
9564.88477 0.059866
9564.98535 0.059851
9565.08691 0.059836
9565.18652 0.05982
9565.28906 0.059805
9565.38965 0.05979
9565.49023 0.059775
9565.59180 0.059759
9565.69238 0.059744
9565.79395 0.059729
9565.89453 0.059714
9565.99609 0.059698
9566.09668 0.059661
9566.19824 0.059623
9566.29883 0.059586
9566.39941 0.059548
9566.50098 0.05951
9566.60156 0.059472
9566.70312 0.059434
9566.80371 0.059396
9566.90527 0.059358
9567.00586 0.05932
9567.10742 0.059282
9567.20801 0.059244
9567.30859 0.059206
9567.41016 0.059168
9567.51074 0.05913
9567.61230 0.059092
9567.71289 0.059054
9567.81445 0.059016
9567.91504 0.058978
9568.01660 0.058932
9568.11719 0.058848
9568.21777 0.058765
9568.31934 0.05868
9568.41992 0.058596
9568.52148 0.058512
9568.62207 0.058428
9568.72363 0.058343
9568.82422 0.05826
9568.92578 0.058175
9569.02637 0.058091
9569.12793 0.058007
9569.22852 0.057923
9569.33008 0.057838
9569.43066 0.057754
9569.53223 0.05767
9569.63281 0.057586
9569.73340 0.057502
9569.83496 0.057417
9569.93555 0.057334
9570.03711 0.05724
9570.13770 0.05713
9570.23926 0.05702
9570.33984 0.056911
9570.44141 0.0568
9570.54199 0.056691
9570.64355 0.05658
9570.74414 0.056471
9570.84570 0.056361
9570.94629 0.056251
9571.04785 0.056141
9571.14844 0.056032
9571.25000 0.055921
9571.35059 0.055812
9571.45215 0.055701
9571.55273 0.055592
9571.65430 0.055482
9571.75488 0.055372
9571.85645 0.055262
9571.95703 0.055152
9572.05859 0.055006
9572.15918 0.054834
9572.26074 0.054661
9572.36133 0.054489
9572.46289 0.054315
9572.56348 0.054144
9572.66504 0.05397
9572.76562 0.053798
9572.86719 0.053625
9572.96777 0.053453
9573.06934 0.05328
9573.16992 0.053108
9573.27148 0.052934
9573.37207 0.052762
9573.47363 0.052589
9573.57422 0.052417
9573.67578 0.052244
9573.77637 0.052072
9573.87793 0.051898
9573.97852 0.051726
9574.08008 0.051534
9574.18066 0.051339
9574.28223 0.051143
9574.38379 0.050946
9574.48438 0.050751
9574.58594 0.050554
9574.68652 0.050359
9574.78809 0.050162
9574.88867 0.049967
9574.99023 0.04977
9575.09082 0.049575
9575.19238 0.049378
9575.29297 0.049183
9575.39453 0.048986
9575.49512 0.048791
9575.59668 0.048594
9575.69727 0.048399
9575.79883 0.048202
9575.90039 0.048005
9576.00098 0.047809
9576.10254 0.047571
9576.20312 0.047336
9576.30469 0.047099
9576.40527 0.046863
9576.50684 0.046626
9576.60742 0.04639
9576.70898 0.046153
9576.80957 0.045918
9576.91113 0.04568
9577.01270 0.045442
9577.11328 0.045207
9577.21484 0.044969
9577.31543 0.044734
9577.41699 0.044496
9577.51758 0.044261
9577.61914 0.044023
9577.71973 0.043788
9577.82129 0.04355
9577.92285 0.043312
9578.02344 0.043075
9578.12500 0.042832
9578.22559 0.042591
9578.32715 0.042348
9578.42773 0.042107
9578.52930 0.041864
9578.63086 0.04162
9578.73145 0.041379
9578.83301 0.041136
9578.93359 0.040895
9579.03516 0.040652
9579.13574 0.04041
9579.23730 0.040167
9579.33887 0.039924
9579.43945 0.039683
9579.54102 0.039439
9579.64160 0.039198
9579.74316 0.038955
9579.84375 0.038713
9579.94531 0.03847
9580.04688 0.038225
9580.14746 0.037981
9580.24902 0.037734
9580.34961 0.03749
9580.45117 0.037243
9580.55273 0.036997
9580.65332 0.036752
9580.75488 0.036506
9580.85547 0.036261
9580.95703 0.036015
9581.05859 0.035768
9581.15918 0.035524
9581.26074 0.035277
9581.36133 0.035033
9581.46289 0.034786
9581.56445 0.034539
9581.66504 0.034295
9581.76660 0.034048
9581.86719 0.033804
9581.96875 0.033557
9582.07031 0.033315
9582.17090 0.033077
9582.27246 0.032837
9582.37305 0.032599
9582.47461 0.032359
9582.57617 0.032119
9582.67676 0.031882
9582.77832 0.031641
9582.87988 0.031401
9582.98047 0.031164
9583.08203 0.030923
9583.18262 0.030686
9583.28418 0.030446
9583.38574 0.030205
9583.48633 0.029968
9583.58789 0.029727
9583.68945 0.029487
9583.79004 0.029249
9583.89160 0.029009
9583.99219 0.028771
9584.09375 0.028551
9584.19531 0.028333
9584.29590 0.028117
9584.39746 0.027899
9584.49902 0.027681
9584.59961 0.027465
9584.70117 0.027247
9584.80176 0.02703
9584.90332 0.026812
9585.00488 0.026594
9585.10547 0.026378
9585.20703 0.02616
9585.30859 0.025941
9585.40918 0.025725
9585.51074 0.025507
9585.61230 0.025289
9585.71289 0.025072
9585.81445 0.024854
9585.91602 0.024636
9586.01660 0.02442
9586.11816 0.024207
9586.21973 0.023994
9586.32031 0.023784
9586.42188 0.023571
9586.52246 0.02336
9586.62402 0.023146
9586.72559 0.022933
9586.82617 0.022722
9586.92773 0.022509
9587.02930 0.022296
9587.12988 0.022085
9587.23145 0.021872
9587.33301 0.021659
9587.43359 0.021448
9587.53516 0.021235
9587.63672 0.021022
9587.73730 0.020811
9587.83887 0.020597
9587.94043 0.020384
9588.04102 0.020195
9588.14258 0.020037
9588.24414 0.019879
9588.34473 0.019722
9588.44629 0.019563
9588.54785 0.019405
9588.64941 0.019247
9588.75000 0.01909
9588.85156 0.018932
9588.95312 0.018773
9589.05371 0.018616
9589.15527 0.018458
9589.25684 0.0183
9589.35742 0.018143
9589.45898 0.017984
9589.56055 0.017826
9589.66113 0.017669
9589.76270 0.017511
9589.86426 0.017352
9589.96484 0.017195
9590.06641 0.017038
9590.16797 0.016881
9590.26953 0.016723
9590.37012 0.016568
9590.47168 0.016411
9590.57324 0.016253
9590.67383 0.016098
9590.77539 0.015941
9590.87695 0.015783
9590.97754 0.015628
9591.07910 0.01547
9591.18066 0.015313
9591.28223 0.015156
9591.38281 0.015
9591.48438 0.014843
9591.58594 0.014686
9591.68652 0.01453
9591.78809 0.014373
9591.88965 0.014216
9591.99121 0.014058
9592.09180 0.013937
9592.19336 0.013818
9592.29492 0.013698
9592.39648 0.01358
9592.49707 0.013461
9592.59863 0.013341
9592.70020 0.013222
9592.80078 0.013104
9592.90234 0.012985
9593.00391 0.012865
9593.10352 0.012747
9593.20605 0.012628
9593.30762 0.012508
9593.40918 0.012389
9593.50977 0.012271
9593.61133 0.012152
9593.71289 0.012032
9593.81445 0.011913
9593.91504 0.011795
9594.01660 0.011678
9594.11816 0.011573
9594.21973 0.011469
9594.32031 0.011365
9594.42188 0.011261
9594.52344 0.011156
9594.62500 0.011052
9594.72559 0.010948
9594.82715 0.010844
9594.92871 0.010739
9595.03027 0.010635
9595.13086 0.010531
9595.23242 0.010427
9595.33398 0.010323
9595.43555 0.010218
9595.53613 0.010114
9595.63770 0.01001
9595.73926 0.009905
9595.84082 0.009801
9595.94141 0.009697
9596.04297 0.009605
9596.14453 0.009531
9596.24609 0.009456
9596.34668 0.009382
9596.44824 0.009307
9596.54980 0.009232
9596.65137 0.009158
9596.75195 0.009083
9596.85352 0.009009
9596.95508 0.008934
9597.05664 0.008859
9597.15723 0.008785
9597.25879 0.00871
9597.36035 0.008635
9597.46191 0.008561
9597.56348 0.008486
9597.66406 0.008412
9597.76562 0.008337
9597.86719 0.008262
9597.96875 0.008187
9598.06934 0.008111
9598.17090 0.008033
9598.27246 0.007955
9598.37402 0.007876
9598.47559 0.007798
9598.57617 0.007721
9598.67773 0.007643
9598.77930 0.007565
9598.88086 0.007486
9598.98242 0.007408
9599.08301 0.007331
9599.18457 0.007253
9599.28613 0.007174
