threeML/data/optical_filters/HST/NICMOS3-F212N.ecsv
# %ECSV 0.9
# ---
# datatype:
# - {name: wavelength, unit: Angstrom, datatype: float32}
# - {name: response, datatype: float32}
# meta: !!omap
# - {band_name: F212N}
# - {group_name: NICMOS3}
wavelength response
[from data line 1533]
21304.11914 0.176875
21304.33984 0.175848
21304.55078 0.174821
21304.75977 0.173803
21304.97070 0.172776
21305.18945 0.171749
21305.40039 0.170722
21305.60938 0.169694
21305.82031 0.168667
21306.03906 0.167633
21306.25000 0.166569
21306.46094 0.165505
21306.67969 0.164441
21306.89062 0.163377
21307.09961 0.162313
21307.31055 0.161249
21307.52930 0.160185
21307.74023 0.15912
21307.94922 0.158056
21308.16992 0.157126
21308.38086 0.156234
21308.58984 0.155342
21308.80078 0.15445
21309.01953 0.153558
21309.23047 0.152665
21309.43945 0.151773
21309.66016 0.150881
21309.86914 0.149989
21310.08008 0.149115
21310.28906 0.148272
21310.50977 0.147429
21310.72070 0.146586
21310.92969 0.145751
21311.14062 0.144908
21311.35938 0.144065
21311.57031 0.143221
21311.77930 0.142378
21312.00000 0.141535
21312.21094 0.140461
21312.41992 0.139383
21312.63086 0.138304
21312.84961 0.137226
21313.06055 0.136148
21313.26953 0.13507
21313.49023 0.133991
21313.69922 0.132913
21313.91016 0.131834
21314.11914 0.130806
21314.33984 0.129812
21314.55078 0.128818
21314.75977 0.127824
21314.98047 0.126831
21315.18945 0.125837
21315.40039 0.124843
21315.61914 0.123849
21315.83008 0.122855
21316.03906 0.121866
21316.25000 0.120898
21316.47070 0.11993
21316.67969 0.118961
21316.89062 0.117993
21317.10938 0.117025
21317.32031 0.116057
21317.52930 0.115088
21317.74023 0.11412
21317.96094 0.113152
21318.16992 0.112252
21318.38086 0.11137
21318.59961 0.11048
21318.81055 0.109598
21319.01953 0.108715
21319.24023 0.107833
21319.44922 0.106951
21319.66016 0.106069
21319.88086 0.105186
21320.08984 0.10434
21320.30078 0.103546
21320.50977 0.102752
21320.73047 0.101957
21320.93945 0.101163
21321.15039 0.100368
21321.36914 0.099574
21321.58008 0.098779
21321.78906 0.097985
21322.00000 0.097191
21322.22070 0.096417
21322.42969 0.095644
21322.64062 0.09487
21322.85938 0.094097
21323.07031 0.093323
21323.27930 0.09255
21323.49023 0.091776
21323.71094 0.091002
21323.91992 0.090229
21324.13086 0.089413
21324.34961 0.088572
21324.56055 0.087724
21324.76953 0.086883
21324.99023 0.086042
21325.19922 0.085201
21325.41016 0.08436
21325.61914 0.083519
21325.83984 0.082678
21326.05078 0.08186
21326.25977 0.081116
21326.48047 0.080371
21326.68945 0.079627
21326.90039 0.078882
21327.11914 0.078137
21327.33008 0.077393
21327.53906 0.076648
21327.75000 0.075904
21327.97070 0.075159
21328.17969 0.074392
21328.39062 0.07363
21328.60938 0.072868
21328.82031 0.072105
21329.02930 0.071343
21329.25000 0.07058
21329.46094 0.069818
21329.66992 0.069055
21329.88086 0.068293
21330.09961 0.067666
21330.31055 0.0672
21330.51953 0.066734
21330.74023 0.066268
21330.94922 0.065797
21331.16016 0.065331
21331.38086 0.064865
21331.58984 0.064399
21331.80078 0.063933
21332.01953 0.063456
21332.23047 0.062846
21332.43945 0.062236
21332.65039 0.061626
21332.86914 0.061015
21333.08008 0.060405
21333.28906 0.059789
21333.50977 0.059179
21333.72070 0.058569
21333.92969 0.057958
21334.15039 0.057425
21334.35938 0.056927
21334.57031 0.056429
21334.78906 0.055931
21335.00000 0.055433
21335.21094 0.054935
21335.42969 0.054432
21335.64062 0.053934
21335.84961 0.053436
21336.06055 0.052924
21336.27930 0.05238
21336.49023 0.051837
21336.69922 0.051293
21336.91992 0.05075
21337.13086 0.050206
21337.33984 0.049658
21337.56055 0.049114
21337.76953 0.048571
21337.98047 0.048027
21338.19922 0.047629
21338.41016 0.047243
21338.61914 0.046857
21338.83008 0.046472
21339.05078 0.046086
21339.25977 0.045697
21339.47070 0.045311
21339.68945 0.044926
21339.90039 0.04454
21340.10938 0.044135
21340.33008 0.043714
21340.53906 0.043292
21340.75000 0.042866
21340.97070 0.042444
21341.17969 0.042023
21341.39062 0.041601
21341.60938 0.041179
21341.82031 0.040757
21342.02930 0.040342
21342.24023 0.039964
21342.46094 0.039582
21342.66992 0.039204
21342.88086 0.038826
21343.09961 0.038448
21343.31055 0.03807
21343.51953 0.037692
21343.74023 0.037314
21343.94922 0.036932
21344.16016 0.036538
21344.38086 0.03614
21344.58984 0.035741
21344.80078 0.035343
21345.01953 0.034945
21345.23047 0.034542
21345.43945 0.034144
21345.66016 0.033746
21345.86914 0.033347
21346.08008 0.033012
21346.28906 0.032778
21346.50977 0.032542
21346.72070 0.032308
21346.93945 0.032074
21347.15039 0.03184
21347.35938 0.031606
21347.57031 0.031372
21347.78906 0.031136
21348.00000 0.030903
21348.21094 0.030684
21348.42969 0.030466
21348.64062 0.030247
21348.84961 0.030029
21349.07031 0.029808
21349.27930 0.02959
21349.49023 0.029371
21349.71094 0.029153
21349.91992 0.028934
21350.13086 0.028526
21350.34961 0.027999
21350.56055 0.027477
21350.76953 0.026954
21350.99023 0.026432
21351.19922 0.025909
21351.41016 0.025382
21351.63086 0.024859
21351.83984 0.024337
21352.05078 0.023923
21352.26953 0.023839
21352.48047 0.023754
21352.68945 0.02367
21352.91016 0.023586
21353.11914 0.023502
21353.33008 0.023417
21353.53906 0.023333
21353.75977 0.023248
21353.97070 0.023164
21354.18945 0.023011
21354.40039 0.022848
21354.60938 0.022683
21354.83008 0.02252
21355.03906 0.022357
21355.25000 0.022194
21355.46094 0.022031
21355.67969 0.021866
21355.89062 0.021703
21356.10938 0.021519
21356.32031 0.021314
21356.52930 0.021109
21356.75000 0.020902
21356.96094 0.020697
21357.16992 0.020492
21357.38086 0.020287
21357.59961 0.020083
21357.81055 0.019876
21358.02930 0.019668
21358.24023 0.01944
21358.44922 0.019212
21358.66992 0.018982
21358.88086 0.018755
21359.08984 0.018527
21359.30078 0.018299
21359.51953 0.018071
21359.73047 0.017841
21359.94922 0.017613
21360.16016 0.017432
21360.36914 0.017266
21360.58984 0.0171
21360.80078 0.016934
21361.00977 0.016769
21361.22070 0.016604
21361.43945 0.016437
21361.65039 0.016272
21361.86914 0.016106
21362.08008 0.015961
21362.28906 0.01585
21362.50977 0.015739
21362.72070 0.015629
21362.92969 0.015518
21363.15039 0.015407
21363.35938 0.015296
21363.57031 0.015186
21363.78906 0.015076
21364.00000 0.014964
21364.21094 0.014812
21364.42969 0.014659
21364.64062 0.014507
21364.84961 0.014353
21365.07031 0.0142
21365.27930 0.014048
21365.49023 0.013895
21365.71094 0.013741
21365.91992 0.013589
21366.13086 0.013421
21366.34961 0.013243
21366.56055 0.013064
21366.76953 0.012887
21366.99023 0.012709
21367.19922 0.012532
21367.41016 0.012353
21367.63086 0.012176
21367.83984 0.011998
21368.05078 0.011854
21368.26953 0.011811
21368.48047 0.011769
21368.68945 0.011727
21368.91016 0.011684
21369.11914 0.011641
21369.33008 0.011599
21369.55078 0.011557
21369.75977 0.011514
21369.97070 0.011471
21370.18945 0.011323
21370.40039 0.01116
21370.61914 0.010997
21370.83008 0.010835
21371.03906 0.010672
21371.25977 0.010509
21371.47070 0.010346
21371.67969 0.010184
21371.90039 0.01002
21372.10938 0.009929
21372.32031 0.009905
21372.53906 0.009881
21372.75000 0.009858
21372.96094 0.009834
21373.17969 0.00981
21373.39062 0.009786
21373.59961 0.009763
21373.82031 0.009739
21374.02930 0.009723
21374.24023 0.009752
21374.46094 0.009781
21374.66992 0.009811
21374.88086 0.00984
21375.09961 0.009869
21375.31055 0.009898
21375.52930 0.009928
21375.74023 0.009957
21375.94922 0.009986
21376.16992 0.009941
21376.38086 0.009874
21376.58984 0.009807
21376.81055 0.00974
21377.01953 0.009674
21377.23047 0.009607
21377.44922 0.00954
21377.66016 0.009473
21377.86914 0.009407
21378.08984 0.009286
21378.30078 0.009088
21378.50977 0.008891
21378.73047 0.008691
21378.93945 0.008494
21379.15039 0.008297
21379.36914 0.008097
21379.58008 0.0079
21379.78906 0.007702
21380.00977 0.00751
21380.22070 0.007475
21380.43945 0.007439
21380.65039 0.007403
21380.85938 0.007368
21381.08008 0.007332
21381.28906 0.007296
21381.50000 0.007261
21381.72070 0.007225
21381.92969 0.007189
21382.14062 0.007132
21382.35938 0.007065
21382.57031 0.006997
21382.78906 0.006929
21383.00000 0.006862
21383.21094 0.006794
21383.42969 0.006726
21383.64062 0.006659
21383.84961 0.006591
21384.07031 0.006528
21384.27930 0.006474
21384.49023 0.00642
21384.71094 0.006366
21384.91992 0.006312
21385.13086 0.006258
21385.34961 0.006204
21385.56055 0.00615
21385.77930 0.006096
21385.99023 0.006042
21386.19922 0.00616
21386.41992 0.006286
21386.63086 0.006412
21386.83984 0.00654
21387.06055 0.006666
21387.26953 0.006794
21387.48047 0.00692
21387.69922 0.007046
21387.91016 0.007174
21388.11914 0.007154
21388.33984 0.007031
21388.55078 0.006908
21388.76953 0.006785
21388.98047 0.006661
21389.18945 0.006538
21389.41016 0.006416
21389.61914 0.006292
21389.83008 0.006169
21390.05078 0.00606
21390.25977 0.005996
21390.47070 0.005933
21390.68945 0.00587
21390.90039 0.005807
21391.11914 0.005744
21391.33008 0.005681
21391.53906 0.005618
21391.75977 0.005554
21391.97070 0.005491
21392.17969 0.005377
21392.40039 0.005254
21392.60938 0.005132
21392.83008 0.005009
21393.03906 0.004887
21393.25000 0.004765
21393.47070 0.004642
21393.67969 0.00452
21393.89062 0.004397
21394.10938 0.004361
21394.32031 0.004411
21394.53906 0.004462
21394.75000 0.004512
21394.96094 0.004562
21395.17969 0.004612
21395.39062 0.004662
21395.59961 0.004712
21395.82031 0.004762
21396.02930 0.004798
21396.24023 0.004747
21396.46094 0.004695
21396.66992 0.004644
21396.88086 0.004593
21397.09961 0.004542
21397.31055 0.004491
21397.52930 0.004439
21397.74023 0.004388
21397.96094 0.004337
21398.16992 0.004292
21398.38086 0.004249
21398.59961 0.004206
21398.81055 0.004163
21399.01953 0.00412
21399.24023 0.004077
21399.44922 0.004034
21399.66016 0.003991
21399.88086 0.003948
21400.08984 0.003892
21400.30078 0.003817
21400.51953 0.003742
21400.73047 0.003667
21400.94922 0.003592
21401.16016 0.003517
21401.36914 0.003442
21401.58984 0.003367
21401.80078 0.003292
21402.01953 0.00322
21402.23047 0.003187
21402.43945 0.003153
21402.66016 0.00312
21402.86914 0.003086
21403.08008 0.003053
21403.30078 0.00302
21403.50977 0.002986
21403.72070 0.002953
21403.93945 0.00292
21404.15039 0.002953
21404.36914 0.003014
21404.58008 0.003075
21404.78906 0.003136
21405.00977 0.003196
21405.22070 0.003257
21405.43945 0.003318
21405.65039 0.003379
21405.85938 0.003439
21406.08008 0.003471
21406.28906 0.003452
21406.50000 0.003434
21406.72070 0.003415
21406.92969 0.003396
21407.15039 0.003377
21407.35938 0.003359
21407.57031 0.00334
21407.78906 0.003321
21408.00000 0.003302
21408.21094 0.003186
21408.42969 0.00307
21408.64062 0.002955
21408.85938 0.002839
21409.07031 0.002724
21409.28906 0.002608
21409.50000 0.002493
21409.71094 0.002377
21409.92969 0.002262
21410.14062 0.002176
21410.34961 0.002108
21410.57031 0.002039
21410.77930 0.001971
21411.00000 0.001902
21411.21094 0.001834
21411.41992 0.001765
21411.64062 0.001697
21411.84961 0.001628
21412.06055 0.001588
21412.27930 0.001613
21412.49023 0.001638
21412.71094 0.001664
21412.91992 0.001689
21413.13086 0.001714
21413.34961 0.001739
21413.56055 0.001764
21413.77930 0.001789
21413.99023 0.001815
21414.19922 0.001824
21414.41992 0.001832
21414.63086 0.001841
21414.84961 0.001849
21415.06055 0.001857
21415.26953 0.001866
21415.49023 0.001874
21415.69922 0.001882
21415.91016 0.001891
21416.13086 0.001898
21416.33984 0.001905
21416.56055 0.001912
21416.76953 0.001919
21416.98047 0.001926
21417.19922 0.001933
21417.41016 0.00194
21417.61914 0.001947
21417.83984 0.001954
21418.05078 0.001939
21418.26953 0.001856
21418.48047 0.001775
21418.69922 0.001693
21418.91016 0.00161
21419.11914 0.001529
21419.33984 0.001447
21419.55078 0.001365
21419.76953 0.001283
21419.98047 0.001201
21420.18945 0.001283
21420.41016 0.001381
21420.61914 0.001481
21420.83008 0.00158
21421.05078 0.001679
21421.25977 0.001778
21421.48047 0.001877
21421.68945 0.001977
21421.90039 0.002076
21422.11914 0.002055
21422.33008 0.001939
21422.55078 0.001822
21422.75977 0.001706
21422.97070 0.001588
21423.18945 0.001472
21423.40039 0.001355
21423.61914 0.001238
21423.83008 0.001122
21424.03906 0.00105
21424.25977 0.001149
21424.47070 0.001249
21424.68945 0.001348
21424.90039 0.001448
21425.10938 0.001546
21425.33008 0.001646
21425.53906 0.001746
21425.75977 0.001845
21425.97070 0.001945
21426.17969 0.001953
21426.40039 0.001947
21426.60938 0.001941
21426.83008 0.001935
21427.03906 0.001928
21427.25000 0.001922
21427.47070 0.001916
21427.67969 0.00191
21427.90039 0.001903
21428.10938 0.001899
21428.32031 0.001897
21428.53906 0.001895
21428.75000 0.001893
21428.97070 0.00189
21429.17969 0.001888
21429.39062 0.001886
21429.60938 0.001884
21429.82031 0.001882
21430.03906 0.001868
21430.25000 0.001802
21430.46094 0.001735
21430.67969 0.001669
21430.89062 0.001602
21431.10938 0.001535
21431.32031 0.001469
21431.53906 0.001402
21431.75000 0.001335
21431.96094 0.001268
21432.17969 0.001208
21432.39062 0.00115
21432.60938 0.001091
21432.82031 0.001033
21433.02930 0.000975
21433.25000 0.000916
21433.46094 0.000858
21433.67969 0.000799
21433.89062 0.00074
21434.09961 0.000715
21434.32031 0.000724
21434.52930 0.000733
21434.75000 0.000743
21434.96094 0.000752
21435.16992 0.000761
21435.39062 0.00077
21435.59961 0.000779
21435.82031 0.000788
21436.02930 0.000806
21436.24023 0.000871
21436.46094 0.000936
21436.66992 0.001002
21436.89062 0.001067
21437.09961 0.001132
21437.31055 0.001197
21437.52930 0.001263
21437.74023 0.001328
21437.96094 0.001393
21438.16992 0.001333
21438.39062 0.001242
21438.59961 0.001151
21438.81055 0.00106
21439.02930 0.00097
21439.24023 0.000878
21439.46094 0.000787
21439.66992 0.000697
21439.88086 0.000605
21440.09961 0.00058
21440.31055 0.000629
21440.52930 0.000679
21440.74023 0.000729
21440.96094 0.000779
21441.16992 0.000829
21441.38086 0.000878
21441.59961 0.000928
21441.81055 0.000978
21442.02930 0.001018
21442.24023 0.000985
21442.46094 0.000952
21442.66992 0.00092
21442.88086 0.000887
21443.09961 0.000854
21443.31055 0.000822
21443.52930 0.000789
21443.74023 0.000756
21443.94922 0.000724
21444.16992 0.000744
21444.38086 0.000779
21444.59961 0.000813
21444.81055 0.000848
21445.02930 0.000883
21445.24023 0.000918
21445.44922 0.000953
21445.66992 0.000988
21445.88086 0.001023
21446.09961 0.00106
21446.31055 0.0011
21446.51953 0.00114
21446.74023 0.001179
21446.94922 0.001219
21447.16992 0.001259
21447.38086 0.001299
21447.59961 0.001339
21447.81055 0.001378
21448.01953 0.001412
21448.24023 0.001395
21448.44922 0.001378
21448.66992 0.001362
21448.88086 0.001345
21449.09961 0.001328
21449.31055 0.001311
21449.51953 0.001294
21449.74023 0.001277
21449.94922 0.00126
21450.16992 0.001198
21450.38086 0.001123
21450.58984 0.001048
21450.81055 0.000973
21451.01953 0.000897
21451.24023 0.000822
21451.44922 0.000747
21451.66992 0.000672
21451.88086 0.000596
21452.08984 0.000617
21452.31055 0.00076
21452.51953 0.000904
21452.74023 0.001046
21452.94922 0.001189
21453.16992 0.001332
21453.38086 0.001476
21453.58984 0.001618
21453.81055 0.001761
21454.01953 0.001876
21454.24023 0.001758
21454.44922 0.00164
21454.66992 0.001521
21454.88086 0.001403
21455.08984 0.001285
21455.31055 0.001167
21455.51953 0.001048
21455.74023 0.000931
21455.94922 0.000812
21456.16992 0.000786
21456.38086 0.000786
21456.58984 0.000786
21456.81055 0.000787
21457.01953 0.000787
21457.24023 0.000788
21457.44922 0.000788
21457.66992 0.000789
21457.88086 0.000789
21458.08984 0.00079
21458.31055 0.000793
21458.51953 0.000795
21458.74023 0.000797
21458.94922 0.000799
21459.16992 0.000801
21459.38086 0.000803
21459.59961 0.000805
21459.81055 0.000808
21460.01953 0.000805
21460.24023 0.000763
21460.44922 0.000721
21460.66992 0.000679
21460.88086 0.000637
21461.09961 0.000595
21461.31055 0.000553
21461.51953 0.000511
21461.74023 0.000469
21461.94922 0.000427
21462.16992 0.000451
21462.38086 0.000493
21462.59961 0.000536
21462.81055 0.000578
21463.02930 0.000621
21463.24023 0.000663
21463.44922 0.000705
21463.66992 0.000748
21463.88086 0.00079
21464.09961 0.000771
21464.31055 0.000675
21464.52930 0.000579
21464.74023 0.000483
23611.21484 0.0
