threeML/data/optical_filters/HST/NICMOS2-POL0L.ecsv
# %ECSV 0.9
# ---
# datatype:
# - {name: wavelength, unit: Angstrom, datatype: float32}
# - {name: response, datatype: float32}
# meta: !!omap
# - {band_name: POL0L}
# - {group_name: NICMOS2}
wavelength response
[from data line 7657]
21374.58984 0.003501
21375.00977 0.003503
21375.43945 0.003491
21375.86914 0.00348
21376.30078 0.003468
21376.73047 0.003457
21377.16016 0.003445
21377.58008 0.003434
21378.00977 0.003422
21378.43945 0.003411
21378.86914 0.003399
21379.30078 0.003388
21379.73047 0.003377
21380.15039 0.003365
21380.58008 0.003353
21381.00977 0.003342
21381.43945 0.00333
21381.86914 0.003319
21382.30078 0.003307
21382.73047 0.003295
21383.15039 0.003284
21383.58008 0.003272
21384.00977 0.003261
21384.43945 0.003249
21384.86914 0.003237
21385.30078 0.003228
21385.73047 0.003219
21386.15039 0.00321
21386.58008 0.003201
21387.00977 0.003192
21387.43945 0.003183
21387.86914 0.003174
21388.30078 0.003166
21388.73047 0.003157
21389.15039 0.003148
21389.58008 0.003139
21390.00977 0.00313
21390.43945 0.003127
21390.86914 0.003124
21391.30078 0.00312
21391.73047 0.003117
21392.16016 0.003114
21392.58008 0.00311
21393.00977 0.003107
21393.43945 0.003103
21393.86914 0.0031
21394.30078 0.003097
21394.73047 0.003093
21395.16016 0.003092
21395.58984 0.003095
21396.00977 0.003098
21396.43945 0.003101
21396.86914 0.003104
21397.30078 0.003107
21397.73047 0.00311
21398.16016 0.003112
21398.58984 0.003115
21399.01953 0.003118
21399.44922 0.003121
21399.88086 0.003124
21400.30078 0.003113
21400.73047 0.003097
21401.16016 0.003082
21401.58984 0.003066
21402.01953 0.00305
21402.44922 0.003034
21402.88086 0.003018
21403.30078 0.003002
21403.73047 0.002986
21404.16016 0.00297
21404.58984 0.002954
21405.01953 0.002939
21405.44922 0.002929
21405.88086 0.002919
21406.31055 0.00291
21406.74023 0.0029
21407.16992 0.00289
21407.59961 0.002881
21408.02930 0.002871
21408.44922 0.002862
21408.88086 0.002852
21409.31055 0.002842
21409.74023 0.002833
21410.16992 0.002821
21410.59961 0.002807
21411.02930 0.002793
21411.46094 0.002779
21411.89062 0.002764
21412.31055 0.00275
21412.74023 0.002736
21413.16992 0.002722
21413.59961 0.002708
21414.02930 0.002693
21414.46094 0.002679
21414.89062 0.002665
21415.32031 0.002665
21415.75000 0.00267
21416.17969 0.002675
21416.60938 0.00268
21417.03906 0.002685
21417.46094 0.00269
21417.89062 0.002695
21418.32031 0.0027
21418.75000 0.002705
21419.17969 0.00271
21419.60938 0.002715
21420.03906 0.002719
21420.47070 0.00271
21420.90039 0.002701
21421.33008 0.002691
21421.75977 0.002682
21422.18945 0.002673
21422.61914 0.002664
21423.05078 0.002655
21423.48047 0.002646
21423.90039 0.002636
21424.33008 0.002627
21424.75977 0.002618
21425.18945 0.00261
21425.61914 0.002604
21426.05078 0.002598
21426.48047 0.002591
21426.91016 0.002585
21427.33984 0.002579
21427.76953 0.002572
21428.19922 0.002566
21428.63086 0.00256
21429.06055 0.002554
21429.49023 0.002547
21429.91992 0.002541
21430.34961 0.002531
21430.77930 0.00252
21431.21094 0.002509
21431.63086 0.002498
21432.06055 0.002486
21432.49023 0.002475
21432.91992 0.002464
21433.34961 0.002453
21433.77930 0.002442
21434.21094 0.002431
21434.64062 0.00242
21435.07031 0.00241
21435.50000 0.002403
21435.92969 0.002397
21436.35938 0.00239
21436.78906 0.002384
21437.22070 0.002377
21437.65039 0.002371
21438.08008 0.002365
21438.50977 0.002358
21438.93945 0.002352
21439.36914 0.002345
21439.80078 0.002339
21440.23047 0.002335
21440.66016 0.002332
21441.08984 0.00233
21441.51953 0.002327
21441.94922 0.002325
21442.36914 0.002323
21442.80078 0.00232
21443.23047 0.002318
21443.66016 0.002315
21444.08984 0.002313
21444.51953 0.00231
21444.94922 0.002308
21445.38086 0.002308
21445.81055 0.002308
21446.24023 0.002308
21446.66992 0.002308
21447.09961 0.002309
21447.52930 0.002309
21447.96094 0.002309
21448.39062 0.002309
21448.82031 0.002309
21449.25000 0.00231
21449.67969 0.00231
21450.10938 0.002306
21450.53906 0.00229
21450.97070 0.002274
21451.40039 0.002258
21451.83008 0.002242
21452.25977 0.002226
21452.68945 0.00221
21453.11914 0.002193
21453.55078 0.002177
21453.98047 0.002161
21454.41016 0.002145
21454.83984 0.002129
21455.26953 0.002114
21455.69922 0.0021
21456.13086 0.002086
21456.56055 0.002072
21456.99023 0.002058
21457.41992 0.002044
21457.84961 0.00203
21458.27930 0.002016
21458.71094 0.002002
21459.14062 0.001988
21459.57031 0.001974
21460.00000 0.001961
21460.42969 0.001964
21460.85938 0.001968
21461.28906 0.001972
21461.72070 0.001976
21462.15039 0.00198
21462.58008 0.001984
21463.00977 0.001988
21463.43945 0.001992
21463.86914 0.001996
21464.30078 0.002
21464.73047 0.002004
21465.16016 0.002006
21465.58984 0.002004
21466.01953 0.002003
21466.44922 0.002002
21466.88086 0.002001
21467.31055 0.001999
21467.74023 0.001998
21468.17969 0.001997
21468.60938 0.001995
21469.03906 0.001994
21469.46094 0.001993
21469.90039 0.001992
21470.33008 0.001988
21470.75977 0.001983
21471.18945 0.001978
21471.61914 0.001973
21472.05078 0.001968
21472.48047 0.001964
21472.91016 0.001959
21473.33984 0.001954
21473.76953 0.001949
21474.19922 0.001944
21474.63086 0.001939
21475.06055 0.001933
21475.49023 0.00192
21475.91992 0.001906
21476.34961 0.001892
21476.77930 0.001879
21477.21094 0.001865
21477.64062 0.001851
21478.07031 0.001838
21478.50000 0.001824
21478.92969 0.00181
21479.36914 0.001797
21479.78906 0.001783
21480.22070 0.00178
21480.66016 0.001788
21481.08984 0.001796
21481.51953 0.001803
21481.94922 0.001811
21482.38086 0.001819
21482.81055 0.001826
21483.24023 0.001834
21483.66992 0.001842
21484.09961 0.001849
21484.52930 0.001857
21484.96094 0.001865
21485.39062 0.001855
21485.82031 0.001844
21486.25000 0.001833
21486.67969 0.001821
21487.11914 0.00181
21487.53906 0.001799
21487.97070 0.001788
21488.41016 0.001776
21488.83984 0.001765
21489.26953 0.001754
21489.69922 0.001743
21490.13086 0.001732
21490.56055 0.001723
21490.99023 0.001713
21491.41992 0.001704
21491.84961 0.001695
21492.27930 0.001686
21492.71094 0.001677
21493.14062 0.001667
21493.57031 0.001658
21494.00977 0.001649
21494.43945 0.00164
21494.86914 0.00163
21495.30078 0.001629
21495.73047 0.00163
21496.16016 0.001632
21496.58984 0.001633
21497.01953 0.001635
21497.44922 0.001636
21497.88086 0.001638
21498.31055 0.001639
21498.74023 0.001641
21499.17969 0.001642
21499.60938 0.001644
21500.03906 0.001644
21500.47070 0.001634
21500.90039 0.001625
21501.33008 0.001615
21501.75977 0.001605
21502.18945 0.001595
21502.61914 0.001585
21503.05078 0.001576
21503.48047 0.001566
21503.91992 0.001556
21504.34961 0.001546
21504.77930 0.001536
21505.21094 0.001532
21505.64062 0.001533
21506.07031 0.001534
21506.50000 0.001535
21506.92969 0.001536
21507.35938 0.001537
21507.78906 0.001538
21508.22070 0.001539
21508.66016 0.00154
21509.08984 0.001541
21509.51953 0.001542
21509.94922 0.001544
21510.38086 0.00155
21510.81055 0.001558
21511.24023 0.001566
21511.66992 0.001573
21512.10938 0.001581
21512.53906 0.001589
21512.97070 0.001596
21513.40039 0.001604
21513.83008 0.001612
21514.25977 0.001619
21514.68945 0.001627
21515.11914 0.001629
21515.55078 0.001619
21515.99023 0.001608
21516.41992 0.001597
21516.84961 0.001586
21517.27930 0.001575
21517.71094 0.001564
21518.14062 0.001554
21518.57031 0.001543
21519.00000 0.001532
21519.43945 0.001521
21519.86914 0.00151
21520.30078 0.001502
21520.73047 0.001494
21521.16016 0.001487
21521.58984 0.00148
21522.01953 0.001473
21522.46094 0.001465
21522.89062 0.001458
21523.32031 0.001451
21523.75000 0.001443
21524.17969 0.001436
21524.60938 0.001429
21525.03906 0.001422
21525.47070 0.001415
21525.91016 0.001408
21526.33984 0.001401
21526.76953 0.001395
21527.19922 0.001388
21527.63086 0.001381
21528.06055 0.001374
21528.49023 0.001368
21528.92969 0.001361
21529.35938 0.001354
21529.78906 0.001347
21530.22070 0.001348
21530.65039 0.001357
21531.08008 0.001366
21531.51953 0.001375
21531.94922 0.001384
21532.38086 0.001392
21532.81055 0.001401
21533.24023 0.00141
21533.66992 0.001419
21534.09961 0.001428
21534.53906 0.001436
21534.97070 0.001445
21535.40039 0.001437
21535.83008 0.001427
21536.25977 0.001417
21536.68945 0.001407
21537.13086 0.001397
21537.56055 0.001388
21537.99023 0.001378
21538.41992 0.001368
21538.84961 0.001358
21539.27930 0.001348
21539.71094 0.001338
21540.15039 0.001331
21540.58008 0.00133
21541.00977 0.001329
21541.43945 0.001328
21541.86914 0.001327
21542.30078 0.001326
21542.74023 0.001325
21543.16992 0.001324
21543.59961 0.001323
21544.02930 0.001322
21544.46094 0.00132
21544.90039 0.001319
21545.33008 0.001314
21545.75977 0.001308
21546.18945 0.001302
21546.61914 0.001296
21547.05078 0.00129
21547.49023 0.001284
21547.91992 0.001278
21548.34961 0.001272
21548.77930 0.001266
21549.21094 0.001259
21549.65039 0.001253
21550.08008 0.001249
21550.50977 0.001251
21550.93945 0.001253
21551.36914 0.001256
21551.81055 0.001258
21552.24023 0.00126
21552.66992 0.001263
21553.09961 0.001265
21553.52930 0.001267
21553.96094 0.001269
21554.40039 0.001272
21554.83008 0.001274
21555.25977 0.001265
21555.68945 0.001249
21556.13086 0.001233
21556.56055 0.001216
21556.99023 0.0012
21557.41992 0.001184
21557.84961 0.001168
21558.28906 0.001151
21558.72070 0.001135
21559.15039 0.001119
21559.58008 0.001103
21560.00977 0.001087
21560.44922 0.0011
21560.88086 0.001112
21561.31055 0.001124
21561.74023 0.001136
21562.16992 0.001148
21562.60938 0.001161
21563.03906 0.001173
21563.47070 0.001185
21563.90039 0.001197
21564.33984 0.001209
21564.76953 0.001222
21565.19922 0.001226
21565.63086 0.00122
21566.06055 0.001215
21566.50000 0.00121
21566.92969 0.001205
21567.35938 0.0012
21567.78906 0.001194
21568.22070 0.001189
21568.66016 0.001184
21569.08984 0.001179
21569.51953 0.001174
21569.96094 0.001168
21570.39062 0.001173
21570.82031 0.001179
21571.25000 0.001185
21571.67969 0.00119
21572.11914 0.001196
21572.55078 0.001202
21572.98047 0.001208
21573.41016 0.001214
21573.84961 0.001219
21574.27930 0.001225
21574.71094 0.001231
21575.14062 0.00123
21575.57031 0.001215
21576.00977 0.0012
21576.43945 0.001184
21576.86914 0.001169
21577.30078 0.001154
21577.74023 0.001139
21578.16992 0.001124
21578.59961 0.001109
21579.03906 0.001093
21579.47070 0.001078
21579.90039 0.001063
21580.33008 0.001064
21580.75977 0.001069
21581.19922 0.001074
21581.63086 0.001079
21582.06055 0.001085
21582.49023 0.00109
21582.92969 0.001095
21583.35938 0.001101
21583.78906 0.001106
21584.22070 0.001111
21584.66016 0.001117
21585.08984 0.001119
21585.51953 0.00111
21585.96094 0.0011
21586.39062 0.001091
21586.82031 0.001082
21587.25000 0.001073
21587.68945 0.001063
21588.11914 0.001054
21588.55078 0.001045
21588.98047 0.001035
21589.41992 0.001026
21589.84961 0.001017
21590.27930 0.00101
21590.71094 0.001005
21591.15039 0.001
21591.58008 0.000995
21592.00977 0.00099
21592.44922 0.000985
21592.88086 0.00098
21593.31055 0.000975
21593.74023 0.00097
21594.17969 0.000965
21594.60938 0.00096
21595.03906 0.000957
21595.47070 0.000963
21595.91016 0.00097
21596.33984 0.000977
21596.76953 0.000984
21597.21094 0.000991
21597.64062 0.000998
21598.07031 0.001005
21598.50000 0.001011
21598.93945 0.001018
21599.36914 0.001025
21599.80078 0.001032
21600.24023 0.001029
21600.66992 0.001017
21601.09961 0.001006
21601.53906 0.000994
21601.97070 0.000983
21602.40039 0.000971
21602.83008 0.00096
21603.26953 0.000948
21603.69922 0.000937
21604.13086 0.000925
21604.56055 0.000914
21605.00000 0.000902
21605.42969 0.000907
21605.85938 0.000912
21606.30078 0.000917
21606.73047 0.000921
21607.16016 0.000926
21607.59961 0.000931
21608.02930 0.000936
21608.46094 0.000941
21608.90039 0.000945
21609.33008 0.00095
21609.75977 0.000955
21610.19922 0.000953
21610.63086 0.000942
21611.06055 0.000931
21611.49023 0.00092
21611.92969 0.000909
21612.35938 0.000899
21612.78906 0.000888
21613.23047 0.000877
21613.66016 0.000866
21614.08984 0.000855
21614.52930 0.000844
21614.96094 0.000834
21615.39062 0.000843
21615.83008 0.000854
21616.25977 0.000865
21616.68945 0.000876
21617.13086 0.000887
21617.56055 0.000898
21617.99023 0.000909
21618.42969 0.00092
21618.85938 0.000931
21619.28906 0.000942
21619.72070 0.000953
21620.16016 0.000957
21620.58984 0.000948
21621.02930 0.000939
21621.46094 0.00093
21621.89062 0.000922
21622.32031 0.000913
21622.75977 0.000904
21623.18945 0.000895
21623.61914 0.000887
21624.06055 0.000878
21624.49023 0.000869
21624.92969 0.00086
21625.35938 0.000853
21625.78906 0.000846
21626.22070 0.000839
21626.66016 0.000832
21627.08984 0.000825
21627.52930 0.000818
21627.96094 0.000811
21628.39062 0.000804
21628.83008 0.000797
21629.25977 0.00079
21629.68945 0.000782
21630.13086 0.00078
21630.56055 0.000787
21630.99023 0.000794
21631.42969 0.000801
21631.85938 0.000808
21632.28906 0.000815
21632.73047 0.000822
21633.16016 0.000829
21633.58984 0.000837
21634.02930 0.000844
21634.46094 0.000851
21634.89062 0.000858
21635.33008 0.000855
21635.75977 0.000849
21636.19922 0.000844
21636.63086 0.000838
21637.06055 0.000832
21637.50000 0.000826
21637.92969 0.00082
21638.36914 0.000814
21638.80078 0.000808
21639.23047 0.000802
21639.66992 0.000797
21640.09961 0.000792
21640.52930 0.000793
21640.97070 0.000793
21641.40039 0.000794
21641.83008 0.000795
21642.26953 0.000795
21642.69922 0.000796
21643.13086 0.000796
21643.57031 0.000797
21644.00000 0.000797
21644.43945 0.000798
21644.86914 0.000799
21645.30078 0.000796
21645.74023 0.000791
21646.16992 0.000787
21646.60938 0.000782
21647.03906 0.000778
21647.47070 0.000773
21647.91016 0.000769
21648.33984 0.000764
21648.77930 0.00076
21649.21094 0.000755
21649.64062 0.000751
21650.08008 0.000749
21650.50977 0.000759
21650.93945 0.000768
21651.38086 0.000778
21651.81055 0.000787
21652.25000 0.000797
21652.67969 0.000807
21653.10938 0.000816
21653.55078 0.000826
21653.98047 0.000835
21654.41992 0.000845
21654.84961 0.000855
21655.27930 0.000858
21655.72070 0.000859
21656.15039 0.000859
21656.58984 0.00086
21657.01953 0.00086
21657.44922 0.000861
21657.89062 0.000862
21658.32031 0.000862
21658.75977 0.000863
21659.18945 0.000863
21659.61914 0.000864
21660.06055 0.000862
21660.49023 0.000844
21660.92969 0.000827
21661.35938 0.000809
21661.78906 0.000792
21662.23047 0.000774
21662.66016 0.000757
21663.09961 0.000739
21663.52930 0.000722
21663.96094 0.000705
21664.40039 0.000687
21664.83008 0.00067
21665.26953 0.000665
21665.69922 0.000669
21666.14062 0.000672
21666.57031 0.000675
21667.00977 0.000679
21667.43945 0.000682
21667.86914 0.000686
21668.31055 0.000689
21668.74023 0.000693
21669.17969 0.000696
21669.60938 0.0007
21670.03906 0.000701
21670.48047 0.000685
21670.91016 0.000669
21671.34961 0.000653
21671.77930 0.000637
21672.22070 0.00062
21672.65039 0.000604
21673.08984 0.000588
21673.51953 0.000572
21673.94922 0.000556
21674.39062 0.000539
21674.82031 0.000523
21675.25977 0.000522
21675.68945 0.000532
21676.13086 0.000541
21676.56055 0.00055
21676.99023 0.00056
21677.42969 0.000569
21677.85938 0.000578
21678.30078 0.000588
21678.73047 0.000597
21679.16992 0.000607
21679.59961 0.000616
21680.03906 0.000625
21680.47070 0.000626
21680.90039 0.000627
21681.33984 0.000628
21681.76953 0.000629
21682.21094 0.000631
21682.64062 0.000632
21683.08008 0.000633
21683.50977 0.000634
21683.94922 0.000635
21684.38086 0.000637
21684.82031 0.000638
21685.25000 0.000641
21685.68945 0.000646
21686.11914 0.000651
21686.55078 0.000655
21686.99023 0.00066
21687.41992 0.000665
21687.85938 0.00067
21688.28906 0.000675
21688.73047 0.000679
21689.16016 0.000684
21689.59961 0.000689
21690.02930 0.000693
21690.47070 0.000686
21690.90039 0.000679
21691.33984 0.000673
21691.76953 0.000666
21692.21094 0.000659
21692.64062 0.000652
21693.07031 0.000645
21693.50977 0.000638
21693.93945 0.000632
21694.38086 0.000625
21694.81055 0.000618
21695.25000 0.00061
21695.67969 0.000601
21696.11914 0.000592
21696.55078 0.000584
21696.99023 0.000575
21697.41992 0.000566
21697.85938 0.000557
21698.28906 0.000549
21698.73047 0.00054
21699.16016 0.000531
21699.59961 0.000522
21700.02930 0.000514
21700.47070 0.000512
21700.90039 0.000511
21701.33984 0.000509
21701.76953 0.000508
21702.21094 0.000506
21702.64062 0.000504
21703.08008 0.000503
21703.50977 0.000501
21703.94922 0.000499
21704.38086 0.000498
21704.82031 0.000496
