threeML/data/optical_filters/HST/NICMOS2-F160W.ecsv
# %ECSV 0.9
# ---
# datatype:
# - {name: wavelength, unit: Angstrom, datatype: float32}
# - {name: response, datatype: float32}
# meta: !!omap
# - {band_name: F160W}
# - {group_name: NICMOS2}
wavelength response
[from data line 5362]
17738.08008 0.247411
17738.98047 0.247334
17739.89062 0.247256
17740.80078 0.24718
17741.71094 0.247103
17742.61914 0.247027
17743.52930 0.24695
17744.43945 0.246873
17745.34961 0.246799
17746.25977 0.246726
17747.16992 0.246654
17748.08008 0.246582
17748.99023 0.24651
17749.90039 0.246438
17750.81055 0.246324
17751.72070 0.246206
17752.63086 0.246088
17753.53906 0.24597
17754.44922 0.245851
17755.35938 0.245731
17756.26953 0.245608
17757.17969 0.245485
17758.08984 0.245362
17759.00000 0.24524
17759.91016 0.245117
17760.82031 0.244961
17761.73047 0.244803
17762.64062 0.244644
17763.55078 0.244486
17764.46094 0.244327
17765.38086 0.244159
17766.28906 0.243977
17767.19922 0.243795
17768.10938 0.243613
17769.01953 0.24343
17769.92969 0.243248
17770.83984 0.243113
17771.75000 0.242982
17772.66016 0.24285
17773.57031 0.242719
17774.48047 0.242588
17775.40039 0.242411
17776.31055 0.242175
17777.22070 0.241939
17778.13086 0.241703
17779.03906 0.241468
17779.94922 0.241232
17780.86914 0.241033
17781.77930 0.240836
17782.68945 0.24064
17783.59961 0.240443
17784.50977 0.240246
17785.41992 0.240041
17786.33008 0.239828
17787.25000 0.239614
17788.16016 0.2394
17789.07031 0.239186
17789.98047 0.238972
17790.89062 0.238698
17791.80078 0.238422
17792.72070 0.238146
17793.63086 0.23787
17794.53906 0.237594
17795.46094 0.237314
17796.36914 0.237031
17797.27930 0.236748
17798.18945 0.236465
17799.09961 0.236182
17800.01953 0.235898
17800.92969 0.235569
17801.83984 0.235239
17802.75000 0.23491
17803.66992 0.234581
17804.58008 0.234252
17805.49023 0.233935
17806.40039 0.233629
17807.32031 0.233324
17808.23047 0.233018
17809.14062 0.232713
17810.06055 0.232404
17810.97070 0.23206
17811.88086 0.231715
17812.78906 0.231371
17813.71094 0.231026
17814.61914 0.230681
17815.53906 0.230312
17816.44922 0.229927
17817.35938 0.22954
17818.27930 0.229154
17819.18945 0.228768
17820.09961 0.228382
17821.01953 0.227998
17821.92969 0.227613
17822.83984 0.22723
17823.75977 0.226845
17824.66992 0.22646
17825.58008 0.22604
17826.50000 0.225599
17827.41016 0.225158
17828.33008 0.224717
17829.24023 0.224277
17830.15039 0.223834
17831.07031 0.22338
17831.98047 0.222926
17832.90039 0.222471
17833.81055 0.222017
17834.72070 0.221563
17835.64062 0.221091
17836.55078 0.220611
17837.47070 0.220131
17838.38086 0.21965
17839.28906 0.21917
17840.21094 0.218695
17841.11914 0.218239
17842.03906 0.217783
17842.96094 0.217326
17843.86914 0.21687
17844.77930 0.216415
17845.69922 0.215903
17846.60938 0.215376
17847.52930 0.214849
17848.43945 0.21432
17849.35938 0.213793
17850.26953 0.213268
17851.18945 0.21275
17852.09961 0.212232
17853.01953 0.211714
17853.92969 0.211196
17854.84961 0.210677
17855.75977 0.210141
17856.67969 0.2096
17857.59961 0.209059
17858.50977 0.20852
17859.42969 0.207979
17860.33984 0.207404
17861.25977 0.206775
17862.16992 0.206147
17863.08984 0.205517
17864.00000 0.204887
17864.91992 0.204258
17865.83984 0.20368
17866.75000 0.203107
17867.66992 0.202535
17868.58008 0.201962
17869.50000 0.201389
17870.41992 0.20079
17871.33008 0.20016
17872.25000 0.19953
17873.16016 0.198899
17874.08008 0.198269
17875.00000 0.197638
17875.91016 0.197042
17876.83008 0.196444
17877.75000 0.195847
17878.66016 0.19525
17879.58008 0.194654
17880.50000 0.194032
17881.41016 0.193393
17882.33008 0.192753
17883.25000 0.192112
17884.16016 0.191473
17885.08008 0.190829
17886.00000 0.190141
17886.91016 0.189455
17887.83008 0.188767
17888.75000 0.188081
17889.66016 0.187393
17890.58008 0.186687
17891.50000 0.185969
17892.41992 0.185251
17893.33008 0.184534
17894.25000 0.183815
17895.16992 0.183097
17896.08008 0.182383
17897.00000 0.181668
17897.91992 0.180952
17898.83984 0.180237
17899.75000 0.179521
17900.66992 0.178791
17901.58984 0.178056
17902.50977 0.177321
17903.42969 0.176585
17904.33984 0.17585
17905.25977 0.175124
17906.17969 0.174421
17907.09961 0.173718
17908.01953 0.173015
17908.92969 0.172312
17909.84961 0.171609
17910.76953 0.170896
17911.68945 0.170181
17912.60938 0.169466
17913.51953 0.168751
17914.43945 0.168036
17915.35938 0.167291
17916.27930 0.166495
17917.19922 0.165702
17918.11914 0.164908
17919.03906 0.164113
17919.94922 0.16332
17920.86914 0.162508
17921.78906 0.161694
17922.71094 0.160882
17923.63086 0.160069
17924.55078 0.159255
17925.46094 0.15846
17926.38086 0.157681
17927.30078 0.156904
17928.22070 0.156124
17929.14062 0.155347
17930.06055 0.154567
17930.98047 0.153773
17931.90039 0.152981
17932.82031 0.152187
17933.74023 0.151394
17934.66016 0.150602
17935.58008 0.149818
17936.50000 0.14904
17937.41992 0.148261
17938.33008 0.147485
17939.25000 0.146707
17940.16992 0.145925
17941.08984 0.145127
17942.00977 0.14433
17942.92969 0.143532
17943.84961 0.142734
17944.76953 0.141936
17945.68945 0.14119
17946.60938 0.140461
17947.52930 0.139731
17948.44922 0.139001
17949.36914 0.138272
17950.28906 0.137514
17951.21094 0.136695
17952.13086 0.135876
17953.05078 0.135055
17953.97070 0.134237
17954.89062 0.133417
17955.81055 0.132594
17956.74023 0.131769
17957.66016 0.130945
17958.58008 0.130121
17959.50000 0.129295
17960.41992 0.128484
17961.33984 0.127689
17962.25977 0.126892
17963.17969 0.126097
17964.09961 0.1253
17965.01953 0.124506
17965.93945 0.12375
17966.85938 0.122995
17967.78906 0.122239
17968.71094 0.121483
17969.63086 0.120729
17970.55078 0.119976
17971.47070 0.119226
17972.39062 0.118478
17973.31055 0.117728
17974.23047 0.116978
17975.16016 0.116231
17976.08008 0.115502
17977.00000 0.114772
17977.91992 0.114042
17978.83984 0.113311
17979.75977 0.112581
17980.68945 0.111812
17981.60938 0.11103
17982.52930 0.110248
17983.44922 0.109465
17984.36914 0.108683
17985.28906 0.10791
17986.22070 0.107157
17987.14062 0.106403
17988.06055 0.10565
17988.98047 0.104896
17989.90039 0.104142
17990.83008 0.103385
17991.75000 0.102625
17992.66992 0.101866
17993.58984 0.101108
17994.51953 0.10035
17995.43945 0.099613
17996.35938 0.098903
17997.27930 0.098193
17998.21094 0.097481
17999.13086 0.096771
18000.05078 0.096061
18000.97070 0.09538
18001.90039 0.094699
18002.82031 0.094017
18003.74023 0.093336
18004.66992 0.092654
18005.58984 0.091959
18006.50977 0.091258
18007.43945 0.090555
18008.35938 0.089854
18009.27930 0.089152
18010.21094 0.088454
18011.13086 0.087774
18012.05078 0.087095
18012.97070 0.086415
18013.90039 0.085734
18014.82031 0.085054
18015.74023 0.08439
18016.66992 0.083728
18017.58984 0.083066
18018.51953 0.082404
18019.43945 0.081742
18020.35938 0.081079
18021.28906 0.080415
18022.21094 0.079751
18023.13086 0.079087
18024.06055 0.078423
18024.98047 0.077759
18025.91016 0.077129
18026.83008 0.076499
18027.75977 0.075869
18028.67969 0.075239
18029.59961 0.07461
18030.52930 0.074023
18031.44922 0.073469
18032.38086 0.072914
18033.30078 0.07236
18034.22070 0.071806
18035.15039 0.07125
18036.07031 0.07069
18037.00000 0.07013
18037.91992 0.069569
18038.84961 0.069009
18039.76953 0.068448
18040.69922 0.06789
18041.61914 0.067333
18042.55078 0.066776
18043.47070 0.066218
18044.40039 0.06566
18045.32031 0.065112
18046.25000 0.064579
18047.16992 0.064047
18048.09961 0.063514
18049.01953 0.062981
18049.94922 0.062448
18050.86914 0.06191
18051.80078 0.061371
18052.72070 0.060831
18053.65039 0.060292
18054.58008 0.059753
18055.50000 0.059222
18056.42969 0.058696
18057.34961 0.05817
18058.27930 0.057644
18059.19922 0.057118
18060.13086 0.056597
18061.05078 0.056108
18061.98047 0.055619
18062.91016 0.055131
18063.83008 0.054641
18064.75977 0.054152
18065.68945 0.053694
18066.60938 0.053248
18067.53906 0.052801
18068.46094 0.052354
18069.39062 0.051907
18070.32031 0.051468
18071.24023 0.051045
18072.16992 0.050621
18073.09961 0.050197
18074.01953 0.049774
18074.94922 0.04935
18075.88086 0.048911
18076.80078 0.048471
18077.73047 0.04803
18078.65039 0.047591
18079.58008 0.04715
18080.50977 0.046736
18081.43945 0.046346
18082.35938 0.045955
18083.28906 0.045565
18084.22070 0.045174
18085.14062 0.044781
18086.07031 0.044379
18087.00000 0.043975
18087.92969 0.043572
18088.84961 0.043169
18089.77930 0.042766
18090.71094 0.042389
18091.63086 0.042021
18092.56055 0.041653
18093.49023 0.041286
18094.41992 0.040919
18095.33984 0.040558
18096.26953 0.040208
18097.19922 0.039859
18098.13086 0.039509
18099.05078 0.03916
18099.98047 0.03881
18100.91016 0.038485
18101.83984 0.038162
18102.76953 0.037838
18103.69922 0.037514
18104.61914 0.037191
18105.55078 0.036847
18106.48047 0.03649
18107.41016 0.036133
18108.33984 0.035776
18109.25977 0.035419
18110.18945 0.035074
18111.11914 0.034776
18112.05078 0.034478
18112.98047 0.03418
18113.91016 0.033882
18114.83984 0.033584
18115.75977 0.033258
18116.68945 0.032927
18117.61914 0.032596
18118.55078 0.032264
18119.48047 0.031933
18120.41016 0.031623
18121.33984 0.031342
18122.26953 0.03106
18123.19922 0.030779
18124.11914 0.030498
18125.05078 0.030219
18125.98047 0.029978
18126.91016 0.029738
18127.83984 0.029497
18128.76953 0.029257
18129.69922 0.029016
18130.63086 0.028786
18131.56055 0.02856
18132.49023 0.028334
18133.41992 0.028108
18134.34961 0.027882
18135.27930 0.027647
18136.21094 0.027391
18137.13086 0.027135
18138.06055 0.026879
18139.00000 0.026623
18139.92969 0.026367
18140.85938 0.026142
18141.78906 0.025918
18142.71094 0.025695
18143.64062 0.025472
18144.57031 0.025249
18145.50977 0.025016
18146.43945 0.024776
18147.36914 0.024536
18148.30078 0.024296
18149.23047 0.024056
18150.16016 0.023819
18151.08984 0.023599
18152.01953 0.023378
18152.94922 0.023158
18153.88086 0.022937
18154.81055 0.022717
18155.74023 0.022514
18156.66992 0.022317
18157.59961 0.022119
18158.52930 0.021921
18159.46094 0.021724
18160.39062 0.02154
18161.33008 0.021375
18162.25977 0.021211
18163.18945 0.021046
18164.11914 0.020881
18165.05078 0.020716
18165.98047 0.020531
18166.91016 0.020346
18167.83984 0.020161
18168.77930 0.019976
18169.71094 0.019791
18170.64062 0.019623
18171.57031 0.019465
18172.50000 0.019306
18173.42969 0.019147
18174.35938 0.018988
18175.28906 0.018824
18176.23047 0.018652
18177.16016 0.018478
18178.08984 0.018306
18179.01953 0.018133
18179.96094 0.01796
18180.89062 0.017805
18181.82031 0.017651
18182.75000 0.017496
18183.67969 0.017342
18184.61914 0.017188
18185.55078 0.017046
18186.48047 0.016913
18187.41016 0.01678
18188.33984 0.016646
18189.27930 0.016513
18190.21094 0.016376
18191.14062 0.016226
18192.07031 0.016077
18193.00977 0.015927
18193.93945 0.015778
18194.86914 0.015628
18195.80078 0.015503
18196.74023 0.015382
18197.66992 0.015261
18198.59961 0.01514
18199.53906 0.015019
18200.47070 0.014887
18201.40039 0.014745
18202.33984 0.014602
18203.26953 0.01446
18204.19922 0.014317
18205.13086 0.014178
18206.07031 0.014054
18207.00000 0.01393
18207.93945 0.013807
18208.86914 0.013683
18209.80078 0.01356
18210.74023 0.013419
18211.66992 0.013273
18212.59961 0.013128
18213.53906 0.012982
18214.47070 0.012837
18215.40039 0.012708
18216.33984 0.012601
18217.26953 0.012494
18218.21094 0.012387
18219.14062 0.01228
18220.07031 0.012174
18221.00977 0.012077
18221.93945 0.01198
18222.86914 0.011883
18223.81055 0.011786
18224.74023 0.011689
18225.67969 0.011592
18226.60938 0.011495
18227.55078 0.011398
18228.48047 0.011301
18229.41992 0.011204
18230.34961 0.011113
18231.28906 0.011034
18232.22070 0.010955
18233.15039 0.010876
18234.08984 0.010797
18235.01953 0.010718
18235.96094 0.010636
18236.89062 0.010555
18237.83008 0.010473
18238.75977 0.010391
18239.69922 0.01031
18240.63086 0.010225
18241.57031 0.01014
18242.50000 0.010054
18243.43945 0.009969
18244.36914 0.009884
18245.31055 0.009799
18246.24023 0.009716
18247.17969 0.009633
18248.11914 0.00955
18249.05078 0.009467
18249.99023 0.009384
18250.91992 0.009333
18251.85938 0.009282
18252.78906 0.009231
18253.73047 0.00918
18254.66016 0.009129
18255.59961 0.009056
18256.53906 0.008971
18257.47070 0.008886
18258.41016 0.008801
18259.33984 0.008716
18260.27930 0.008635
18261.22070 0.00856
18262.15039 0.008486
18263.08984 0.008412
18264.02930 0.008337
18264.96094 0.008263
18265.90039 0.008175
18266.83008 0.008086
18267.76953 0.007998
18268.71094 0.007909
18269.64062 0.007821
18270.58008 0.007767
18271.51953 0.007733
18272.44922 0.0077
18273.39062 0.007666
18274.33008 0.007633
18275.25977 0.007588
18276.19922 0.007513
18277.14062 0.007439
18278.07031 0.007364
18279.00977 0.007289
18279.94922 0.007215
18280.88086 0.007182
18281.82031 0.007152
18282.75977 0.007122
18283.69922 0.007092
18284.63086 0.007062
18285.57031 0.007005
18286.50977 0.006931
18287.44922 0.006857
18288.38086 0.006783
18289.32031 0.006709
18290.25977 0.006644
18291.19922 0.006604
18292.13086 0.006564
18293.07031 0.006524
18294.00977 0.006484
18294.94922 0.006444
18295.88086 0.006395
18296.82031 0.006346
18297.75977 0.006297
18298.69922 0.006248
18299.64062 0.006199
18300.58008 0.006149
18301.50977 0.0061
18302.44922 0.006051
18303.39062 0.006001
18304.33008 0.005952
18305.26953 0.0059
18306.21094 0.00584
18307.14062 0.00578
18308.08008 0.00572
18309.01953 0.00566
18309.96094 0.0056
18310.90039 0.005551
18311.83984 0.005501
18312.77930 0.005452
18313.71094 0.005403
18314.65039 0.005354
18315.58984 0.005313
18316.52930 0.005278
18317.47070 0.005243
18318.41016 0.005207
18319.34961 0.005172
18320.28906 0.005139
18321.23047 0.005111
18322.16992 0.005082
18323.10938 0.005054
18324.03906 0.005026
18324.98047 0.004998
18325.91992 0.004992
18326.85938 0.004987
18327.80078 0.004982
18328.74023 0.004977
18329.67969 0.004972
18330.61914 0.004928
18331.56055 0.004863
18332.50000 0.004799
18333.43945 0.004735
18334.38086 0.00467
18335.32031 0.00462
18336.25977 0.004599
18337.19922 0.004578
18338.14062 0.004556
18339.08008 0.004535
18340.01953 0.004514
18340.96094 0.004506
18341.90039 0.004498
18342.83984 0.00449
18343.77930 0.004482
18344.72070 0.004475
18345.66016 0.00443
18346.59961 0.004369
18347.53906 0.004309
18348.48047 0.004249
18349.41992 0.004188
18350.36914 0.004141
18351.30078 0.004116
18352.25000 0.00409
18353.18945 0.004064
18354.13086 0.004039
18355.07031 0.004012
18356.00977 0.003969
18356.94922 0.003925
18357.89062 0.003882
18358.83008 0.003838
18359.76953 0.003794
18360.71094 0.003771
18361.66016 0.003755
18362.59961 0.003738
18363.53906 0.003722
18364.48047 0.003705
18365.41992 0.003684
18366.35938 0.003657
18367.30078 0.00363
18368.25000 0.003602
18369.18945 0.003575
18370.13086 0.003549
18371.07031 0.00353
18372.00977 0.003511
18372.96094 0.003493
18373.90039 0.003474
18374.83984 0.003455
18375.77930 0.003439
18376.72070 0.003425
18377.66016 0.00341
18378.60938 0.003396
18379.55078 0.003381
18380.49023 0.003359
18381.42969 0.003331
18382.38086 0.003302
18383.32031 0.003274
18384.25977 0.003245
18385.19922 0.003219
18386.14062 0.003197
18387.08984 0.003176
18388.02930 0.003155
18388.97070 0.003134
18389.91992 0.003113
18390.85938 0.0031
18391.80078 0.003089
18392.74023 0.003077
18393.68945 0.003066
18394.63086 0.003054
18395.57031 0.003028
18396.51953 0.002993
18397.46094 0.002957
18398.40039 0.002922
18399.34961 0.002886
18400.28906 0.002853
18401.23047 0.002826
18402.17969 0.002799
18403.11914 0.002772
18404.06055 0.002744
18405.00977 0.002717
18405.94922 0.002717
18406.89062 0.002716
18407.83984 0.002716
18408.77930 0.002715
18409.72070 0.002714
18410.66992 0.002704
18411.60938 0.00269
18412.55078 0.002676
18413.50000 0.002661
18414.43945 0.002647
18415.39062 0.002628
18416.33008 0.002601
18417.27930 0.002574
18418.22070 0.002547
18419.16016 0.00252
18420.10938 0.002494
18421.05078 0.002469
18422.00000 0.002444
18422.93945 0.002419
18423.88086 0.002394
18424.83008 0.002369
18425.76953 0.002355
18426.72070 0.002343
18427.66016 0.002331
18428.60938 0.002319
18429.55078 0.002306
18430.50000 0.002302
18431.43945 0.002306
18432.39062 0.002309
18433.33008 0.002312
18434.27930 0.002315
18435.22070 0.002311
18436.16992 0.002285
18437.10938 0.002259
18438.06055 0.002233
18439.00000 0.002207
18439.94922 0.00218
18440.89062 0.002177
18441.83984 0.002176
18442.77930 0.002174
18443.73047 0.002172
18444.67969 0.00217
18445.61914 0.002162
18446.57031 0.00215
18447.50977 0.002139
