threeML/data/optical_filters/HST/NICMOS1-F140W.ecsv
# %ECSV 0.9
# ---
# datatype:
# - {name: wavelength, unit: Angstrom, datatype: float32}
# - {name: response, datatype: float32}
# meta: !!omap
# - {band_name: F140W}
# - {group_name: NICMOS1}
wavelength response
[from data line 6922]
17980.83008 0.093624
17982.48047 0.092357
17984.13086 0.091091
17985.78906 0.089848
17987.43945 0.088632
17989.08984 0.087414
17990.74023 0.08621
17992.39062 0.085024
17994.05078 0.083837
17995.69922 0.082678
17997.34961 0.081555
17999.00000 0.080433
18000.66016 0.079315
18002.31055 0.078203
18003.96094 0.077093
18005.61914 0.075993
18007.26953 0.074912
18008.91992 0.073831
18010.58008 0.072746
18012.23047 0.071651
18013.88086 0.070556
18015.53906 0.069494
18017.18945 0.068499
18018.84961 0.067504
18020.50000 0.066524
18022.16016 0.065576
18023.81055 0.064629
18025.47070 0.063685
18027.11914 0.062748
18028.77930 0.06181
18030.42969 0.060897
18032.08984 0.060051
18033.75000 0.059205
18035.40039 0.05836
18037.06055 0.05752
18038.71094 0.056679
18040.36914 0.055845
18042.02930 0.055029
18043.67969 0.054213
18045.33984 0.053404
18047.00000 0.052626
18048.66016 0.051847
18050.31055 0.051066
18051.97070 0.050272
18053.63086 0.049478
18055.28906 0.048704
18056.93945 0.048016
18058.59961 0.047328
18060.25977 0.046636
18061.91992 0.045914
18063.58008 0.045193
18065.24023 0.044487
18066.89062 0.043875
18068.55078 0.043261
18070.21094 0.042647
18071.86914 0.042021
18073.52930 0.041395
18075.18945 0.040765
18076.84961 0.040106
18078.50977 0.039446
18080.16992 0.038798
18081.83008 0.038259
18083.49023 0.037719
18085.15039 0.037179
18086.81055 0.036644
18088.47070 0.036108
18090.14062 0.035577
18091.80078 0.035096
18093.46094 0.034615
18095.11914 0.034135
18096.77930 0.03366
18098.43945 0.033186
18100.10938 0.032713
18101.76953 0.03225
18103.42969 0.031788
18105.08984 0.031323
18106.75977 0.030825
18108.41992 0.030328
18110.08008 0.029831
18111.74023 0.029363
18113.41016 0.028895
18115.07031 0.028429
18116.73047 0.028008
18118.40039 0.027587
18120.06055 0.027167
18121.73047 0.026808
18123.39062 0.026448
18125.05078 0.02609
18126.72070 0.025754
18128.38086 0.025419
18130.05078 0.025083
18131.71094 0.024726
18133.38086 0.02437
18135.03906 0.024013
18136.71094 0.023664
18138.36914 0.023315
18140.03906 0.022967
18141.71094 0.022649
18143.36914 0.02233
18145.03906 0.022012
18146.69922 0.0217
18148.36914 0.021388
18150.03906 0.021076
18151.69922 0.020738
18153.36914 0.0204
18155.03906 0.020064
18156.71094 0.019784
18158.36914 0.019504
18160.03906 0.019226
18161.71094 0.018983
18163.38086 0.01874
18165.03906 0.018497
18166.71094 0.018225
18168.38086 0.017953
18170.05078 0.017682
18171.72070 0.017427
18173.38086 0.017172
18175.05078 0.01692
18176.72070 0.01672
18178.39062 0.016521
18180.06055 0.016323
18181.73047 0.016127
18183.40039 0.015931
18185.07031 0.015735
18186.74023 0.015532
18188.41016 0.01533
18190.08008 0.015128
18191.75000 0.014928
18193.41992 0.014729
18195.08984 0.014529
18196.75977 0.014321
18198.42969 0.014114
18200.10938 0.013903
18201.77930 0.013653
18203.44922 0.013402
18205.11914 0.013157
18206.78906 0.012985
18208.46094 0.012813
18210.13086 0.012638
18211.81055 0.012429
18213.48047 0.01222
18215.15039 0.012023
18216.82031 0.011949
18218.50000 0.011875
18220.16992 0.01179
18221.83984 0.011606
18223.51953 0.011423
18225.18945 0.011243
18226.86914 0.011095
18228.53906 0.010947
18230.21094 0.010801
18231.89062 0.010669
18233.56055 0.010536
18235.23047 0.010406
18236.91016 0.010294
18238.58008 0.010182
18240.25977 0.010063
18241.92969 0.009905
18243.60938 0.009746
18245.28906 0.009599
18246.96094 0.009511
18248.63086 0.009423
18250.31055 0.009332
18251.99023 0.009223
18253.66016 0.009114
18255.33984 0.009006
18257.01953 0.008903
18258.68945 0.008799
18260.36914 0.008679
18262.05078 0.008499
18263.72070 0.008319
18265.40039 0.008169
18267.08008 0.008112
18268.75977 0.008055
18270.42969 0.007986
18272.10938 0.007879
18273.78906 0.007772
18275.47070 0.007671
18277.14062 0.007582
18278.82031 0.007493
18280.50000 0.007401
18282.17969 0.0073
18283.85938 0.0072
18285.53906 0.007109
18287.22070 0.007039
18288.90039 0.00697
18290.58008 0.00689
18292.25977 0.006789
18293.93945 0.006689
18295.61914 0.006585
18297.28906 0.006475
18298.98047 0.006365
18300.66016 0.006275
18302.33984 0.006216
18304.01953 0.006156
18305.69922 0.006087
18307.38086 0.006007
18309.06055 0.005926
18310.74023 0.005862
18312.41992 0.00582
18314.10938 0.005778
18315.78906 0.005718
18317.47070 0.005637
18319.15039 0.005557
18320.83008 0.005488
18322.51953 0.00543
18324.19922 0.005373
18325.88086 0.00532
18327.56055 0.00527
18329.25000 0.005221
18330.92969 0.005175
18332.60938 0.005134
18334.30078 0.005092
18335.98047 0.005009
18337.66016 0.004896
18339.34961 0.004783
18341.02930 0.004729
18342.72070 0.004713
18344.40039 0.004697
18346.08984 0.004673
18347.76953 0.004646
18349.46094 0.00462
18351.14062 0.004555
18352.83008 0.004473
18354.50977 0.004391
18356.19922 0.004322
18357.88086 0.004258
18359.57031 0.004194
18361.25000 0.00416
18362.93945 0.004136
18364.63086 0.004112
18366.31055 0.004019
18368.00000 0.003905
18369.68945 0.003791
18371.36914 0.003781
18373.06055 0.003794
18374.75000 0.003806
18376.42969 0.003754
18378.11914 0.00369
18379.81055 0.003626
18381.50000 0.003575
18383.18945 0.003526
18384.86914 0.003478
18386.56055 0.003468
18388.25000 0.003461
18389.93945 0.003454
18391.63086 0.003407
18393.32031 0.003359
18395.00977 0.00331
18396.69922 0.003282
18398.38086 0.003254
18400.07031 0.003224
18401.75977 0.003169
18403.44922 0.003113
18405.14062 0.003064
18406.83008 0.003077
18408.51953 0.003091
18410.21094 0.003095
18411.90039 0.003028
18413.59961 0.002962
18415.28906 0.002898
18416.98047 0.002851
18418.66992 0.002803
18420.35938 0.002758
18422.05078 0.002722
18423.74023 0.002686
18425.43945 0.002647
18427.13086 0.002604
18428.82031 0.00256
18430.50977 0.00253
18432.19922 0.002535
18433.90039 0.002539
18435.58984 0.002545
18437.27930 0.002555
18438.97070 0.002566
18440.66992 0.002554
18442.35938 0.00251
18444.05078 0.002466
18445.75000 0.00243
18447.43945 0.002403
18449.14062 0.002377
18450.83008 0.002357
18452.52930 0.002343
18454.22070 0.002328
18455.91016 0.002314
18457.60938 0.002301
18459.30078 0.002287
18461.00000 0.002266
18462.69922 0.002241
18464.39062 0.002216
18466.08984 0.002154
18467.77930 0.002072
18469.48047 0.00199
18471.16992 0.001976
18472.86914 0.001993
18474.57031 0.002009
18476.25977 0.001994
18477.96094 0.001968
18479.66016 0.001942
18481.34961 0.001913
18483.05078 0.001884
18484.75000 0.001854
18486.44922 0.001834
18488.14062 0.001815
18489.83984 0.001797
18491.53906 0.001756
18493.24023 0.001713
18494.93945 0.00167
18496.63086 0.00172
18498.33008 0.001773
18500.02930 0.001825
18501.73047 0.001785
18503.42969 0.001744
18505.13086 0.0017
18506.83008 0.001608
18508.52930 0.001517
18510.23047 0.001442
18511.92969 0.001478
18513.61914 0.001515
18515.33008 0.001546
18517.02930 0.001555
18518.73047 0.001564
18520.42969 0.001557
18522.13086 0.001501
18523.83008 0.001445
18525.52930 0.001412
18527.23047 0.001429
18528.92969 0.001447
18530.63086 0.00144
18532.33984 0.001392
18534.03906 0.001343
18535.74023 0.001336
18537.43945 0.001383
18539.14062 0.001429
18540.84961 0.001428
18542.55078 0.001377
18544.25000 0.001326
18545.96094 0.001284
18547.66016 0.001249
18549.35938 0.001214
18551.06055 0.001219
18552.76953 0.001248
18554.47070 0.001277
18556.17969 0.001282
18557.88086 0.001276
18559.58008 0.00127
18561.28906 0.00124
18562.99023 0.001202
18564.69922 0.001164
18566.40039 0.001135
18568.10938 0.001107
18569.81055 0.001079
18571.51953 0.001048
18573.22070 0.001016
18574.92969 0.000984
18576.63086 0.001005
18578.33984 0.001029
18580.05078 0.001052
18581.75000 0.001048
18583.46094 0.001044
18585.16992 0.00104
18586.86914 0.001033
18588.58008 0.001025
18590.28906 0.001018
18591.99023 0.001012
18593.69922 0.001006
18595.41016 0.000999
18597.11914 0.000992
18598.82031 0.000984
18600.52930 0.000979
18602.24023 0.000978
18603.94922 0.000977
18605.66016 0.000969
18607.35938 0.000948
18609.07031 0.000927
18610.77930 0.000922
18612.49023 0.000934
18614.19922 0.000946
18615.91016 0.000924
18617.61914 0.000871
18619.33008 0.000818
18621.03906 0.000799
18622.75000 0.000802
18624.46094 0.000804
18626.16992 0.000807
18627.88086 0.00081
18629.58984 0.000812
18631.30078 0.000817
18633.00977 0.000823
18634.72070 0.000829
18636.42969 0.000806
18638.14062 0.000778
18639.85938 0.00075
18641.57031 0.000762
18643.27930 0.000779
18644.99023 0.000795
18646.71094 0.000775
18648.41992 0.000755
18650.13086 0.000737
18651.83984 0.000734
18653.55078 0.000732
18655.26953 0.00073
18656.98047 0.000735
18658.68945 0.00074
18660.41016 0.000741
18662.11914 0.000728
18663.83008 0.000715
18665.55078 0.000712
18667.25977 0.000729
18668.98047 0.000747
18670.68945 0.00075
18672.41016 0.000729
18674.11914 0.000709
18675.83984 0.000665
18677.55078 0.000595
18679.26953 0.000526
18680.98047 0.000533
18682.69922 0.000597
18684.41016 0.000662
18686.13086 0.000708
18687.83984 0.000746
18689.56055 0.000783
18691.27930 0.000749
18692.99023 0.000691
18694.71094 0.000632
18696.42969 0.000603
18698.14062 0.000579
18699.85938 0.000555
18701.58008 0.000572
18703.28906 0.000594
18705.00977 0.000614
18706.73047 0.000541
18708.44922 0.000467
18710.16992 0.000405
18711.88086 0.000452
18713.59961 0.000498
18715.32031 0.000538
18717.03906 0.000543
18718.75977 0.000549
18720.48047 0.000547
18722.19922 0.000523
18723.91992 0.0005
18725.63086 0.000478
18727.34961 0.000458
18729.07031 0.000437
18730.78906 0.000434
18732.50977 0.000452
18734.23047 0.00047
18735.96094 0.000458
18737.67969 0.00042
20611.44727 0.0
