threeML/data/optical_filters/HST/NICMOS2-F212N.ecsv
# %ECSV 0.9
# ---
# datatype:
# - {name: wavelength, unit: Angstrom, datatype: float32}
# - {name: response, datatype: float32}
# meta: !!omap
# - {band_name: F212N}
# - {group_name: NICMOS2}
wavelength response
[from data line 767]
21141.75000 0.260405
21141.96094 0.260596
21142.16992 0.260722
21142.38086 0.260835
21142.59961 0.260946
21142.81055 0.261057
21143.01953 0.261169
21143.23047 0.26128
21143.43945 0.261392
21143.65039 0.261503
21143.85938 0.261615
21144.07031 0.261689
21144.28906 0.261693
21144.50000 0.261697
21144.71094 0.261701
21144.91992 0.261704
21145.13086 0.261708
21145.33984 0.261712
21145.55078 0.261716
21145.75977 0.261719
21145.97070 0.261723
21146.18945 0.261595
21146.40039 0.26145
21146.60938 0.261304
21146.82031 0.261158
21147.02930 0.261012
21147.24023 0.260865
21147.44922 0.260719
21147.66016 0.260574
21147.86914 0.260428
21148.08984 0.260388
21148.30078 0.260503
21148.50977 0.260617
21148.72070 0.260733
21148.92969 0.260847
21149.14062 0.260962
21149.34961 0.261076
21149.56055 0.261191
21149.77930 0.261306
21149.99023 0.261421
21150.19922 0.261315
21150.41016 0.261195
21150.61914 0.261076
21150.83008 0.260956
21151.03906 0.260837
21151.25977 0.260716
21151.47070 0.260597
21151.67969 0.260477
21151.89062 0.260358
21152.09961 0.260219
21152.31055 0.26006
21152.51953 0.259899
21152.73047 0.259739
21152.94922 0.25958
21153.16016 0.25942
21153.36914 0.259261
21153.58008 0.259101
21153.78906 0.25894
21154.00000 0.258783
21154.21094 0.25885
21154.41992 0.258918
21154.63086 0.258985
21154.84961 0.259053
21155.06055 0.259121
21155.26953 0.259189
21155.48047 0.259257
21155.68945 0.259324
21155.90039 0.259392
21156.11914 0.259362
21156.33008 0.259251
21156.53906 0.259139
21156.75000 0.259028
21156.96094 0.258917
21157.16992 0.258804
21157.38086 0.258693
21157.58984 0.258582
21157.80078 0.25847
21158.01953 0.258356
21158.23047 0.258203
21158.43945 0.258052
21158.65039 0.2579
21158.85938 0.257749
21159.07031 0.257597
21159.28906 0.257444
21159.50000 0.257293
21159.71094 0.257142
21159.91992 0.25699
21160.13086 0.256983
21160.33984 0.25707
21160.55078 0.257155
21160.75977 0.257241
21160.97070 0.257326
21161.18945 0.257411
21161.40039 0.257498
21161.60938 0.257583
21161.82031 0.257669
21162.02930 0.257735
21162.24023 0.25769
21162.46094 0.257647
21162.66992 0.257603
21162.88086 0.257559
21163.08984 0.257515
21163.30078 0.257471
21163.50977 0.257427
21163.72070 0.257383
21163.92969 0.257339
21164.15039 0.257296
21164.35938 0.257252
21164.57031 0.257209
21164.77930 0.257166
21164.99023 0.257123
21165.19922 0.25708
21165.41016 0.257037
21165.61914 0.256993
21165.83984 0.25695
21166.05078 0.256907
21166.25977 0.256863
21166.47070 0.25682
21166.67969 0.256776
21166.89062 0.256732
21167.10938 0.256689
21167.32031 0.256645
21167.52930 0.256602
21167.74023 0.256558
21167.94922 0.256514
21168.16016 0.256431
21168.36914 0.256335
21168.58984 0.256238
21168.80078 0.256143
21169.00977 0.256047
21169.22070 0.255952
21169.42969 0.255855
21169.64062 0.255759
21169.84961 0.255664
21170.06055 0.255611
21170.27930 0.255655
21170.49023 0.255698
21170.69922 0.255742
21170.91016 0.255786
21171.11914 0.255829
21171.33008 0.255873
21171.53906 0.255916
21171.75977 0.25596
21171.97070 0.256004
21172.17969 0.256024
21172.39062 0.256039
21172.59961 0.256055
21172.81055 0.256071
21173.02930 0.256087
21173.24023 0.256102
21173.44922 0.256118
21173.66016 0.256134
21173.86914 0.25615
21174.08008 0.256229
21174.28906 0.256403
21174.50977 0.256578
21174.72070 0.256752
21174.92969 0.256929
21175.14062 0.257103
21175.34961 0.257277
21175.56055 0.257454
21175.77930 0.257628
21175.99023 0.257803
21176.19922 0.257848
21176.41016 0.257885
21176.61914 0.257922
21176.83008 0.257958
21177.03906 0.257995
21177.25977 0.258031
21177.47070 0.258068
21177.67969 0.258105
21177.89062 0.258141
21178.09961 0.258196
21178.31055 0.258269
21178.52930 0.258344
21178.74023 0.258418
21178.94922 0.258491
21179.16016 0.258566
21179.36914 0.25864
21179.58008 0.258713
21179.78906 0.258788
21180.00977 0.258857
21180.22070 0.258747
21180.42969 0.258636
21180.64062 0.258526
21180.84961 0.258415
21181.06055 0.258305
21181.27930 0.258194
21181.49023 0.258084
21181.69922 0.257974
21181.91016 0.257863
21182.11914 0.257878
21182.33008 0.257985
21182.53906 0.258093
21182.75977 0.258201
21182.97070 0.258308
21183.17969 0.258416
21183.39062 0.258524
21183.59961 0.258631
21183.81055 0.258739
21184.02930 0.258847
21184.24023 0.258952
21184.44922 0.259059
21184.66016 0.259165
21184.86914 0.259271
21185.08008 0.259378
21185.28906 0.259484
21185.50977 0.25959
21185.72070 0.259697
21185.92969 0.259803
21186.14062 0.259961
21186.34961 0.260145
21186.56055 0.260329
21186.77930 0.260512
21186.99023 0.260696
21187.19922 0.260879
21187.41016 0.261062
21187.61914 0.261247
21187.83008 0.26143
21188.05078 0.261592
21188.25977 0.261672
21188.47070 0.261753
21188.67969 0.261834
21188.89062 0.261914
21189.09961 0.261995
21189.32031 0.262076
21189.52930 0.262156
21189.74023 0.262236
21189.94922 0.262317
21190.16016 0.262362
21190.36914 0.262396
21190.58984 0.262431
21190.80078 0.262465
21191.00977 0.2625
21191.22070 0.262534
21191.42969 0.262568
21191.64062 0.262602
21191.85938 0.262636
21192.07031 0.262721
21192.27930 0.262918
21192.49023 0.263112
21192.69922 0.263309
21192.91016 0.263504
21193.13086 0.263699
21193.33984 0.263895
21193.55078 0.26409
21193.75977 0.264284
21193.97070 0.264481
21194.17969 0.264447
21194.40039 0.264379
21194.60938 0.264311
21194.82031 0.264244
21195.02930 0.264175
21195.24023 0.264108
21195.46094 0.264039
21195.66992 0.263972
21195.88086 0.263904
21196.08984 0.263935
21196.30078 0.2641
21196.50977 0.264267
21196.72070 0.264433
21196.93945 0.264598
21197.15039 0.264765
21197.35938 0.26493
21197.57031 0.265096
21197.77930 0.265263
21197.99023 0.265428
21198.21094 0.265689
21198.41992 0.26595
21198.63086 0.266214
21198.83984 0.266475
21199.05078 0.266736
21199.26953 0.267
21199.48047 0.267261
21199.68945 0.267525
21199.90039 0.267786
21200.10938 0.267854
21200.32031 0.267746
21200.53906 0.267641
21200.75000 0.267533
21200.96094 0.267427
21201.16992 0.267321
21201.38086 0.267214
21201.58984 0.267108
21201.81055 0.267001
21202.01953 0.266931
21202.23047 0.267256
21202.43945 0.267578
21202.65039 0.2679
21202.86914 0.268225
21203.08008 0.268547
21203.28906 0.268872
21203.50000 0.269194
21203.71094 0.269519
21203.91992 0.26984
21204.13086 0.269873
21204.34961 0.269741
21204.56055 0.26961
21204.76953 0.269478
21204.98047 0.269347
21205.19922 0.269215
21205.41016 0.269083
21205.61914 0.268951
21205.83008 0.26882
21206.03906 0.268747
21206.25000 0.268913
21206.46094 0.269078
21206.67969 0.269245
21206.89062 0.26941
21207.09961 0.269576
21207.31055 0.269742
21207.52930 0.269908
21207.74023 0.270073
21207.94922 0.270238
21208.16016 0.27036
21208.36914 0.270467
21208.58008 0.270574
21208.78906 0.270681
21209.00977 0.270788
21209.22070 0.270895
21209.42969 0.271002
21209.64062 0.271109
21209.85938 0.271216
21210.07031 0.271283
21210.27930 0.271261
21210.49023 0.27124
21210.69922 0.271218
21210.91016 0.271196
21211.13086 0.271175
21211.33984 0.271153
21211.55078 0.271132
21211.75977 0.27111
21211.97070 0.271089
21212.18945 0.271139
21212.40039 0.271199
21212.60938 0.27126
21212.82031 0.271321
21213.02930 0.271382
21213.24023 0.271442
21213.46094 0.271503
21213.66992 0.271563
21213.88086 0.271624
21214.08984 0.271713
21214.30078 0.27184
21214.51953 0.271965
21214.73047 0.272092
21214.93945 0.272217
21215.15039 0.272344
21215.35938 0.272469
21215.58008 0.272595
21215.78906 0.272721
21216.00000 0.272848
21216.21094 0.272852
21216.41992 0.272856
21216.63086 0.27286
21216.84961 0.272864
21217.06055 0.272868
21217.26953 0.272872
21217.48047 0.272876
21217.69922 0.27288
21217.91016 0.272884
21218.11914 0.272879
21218.33008 0.272867
21218.53906 0.272855
21218.75000 0.272843
21218.97070 0.272831
21219.17969 0.272819
21219.39062 0.272807
21219.59961 0.272795
21219.81055 0.272783
21220.02930 0.272779
21220.24023 0.272833
21220.44922 0.272886
21220.66016 0.27294
21220.86914 0.272993
21221.08984 0.273047
21221.30078 0.2731
21221.50977 0.273153
21221.72070 0.273207
21221.92969 0.27326
21222.14062 0.273301
21222.35938 0.273338
21222.57031 0.273373
21222.77930 0.273409
21222.99023 0.273445
21223.21094 0.273481
21223.41992 0.273517
21223.63086 0.273553
21223.83984 0.273589
21224.05078 0.273614
21224.26953 0.273607
21224.48047 0.273599
21224.68945 0.273592
21224.90039 0.273584
21225.10938 0.273577
21225.32031 0.27357
21225.53906 0.273562
21225.75000 0.273555
21225.96094 0.273547
21226.16992 0.273578
21226.38086 0.273617
21226.59961 0.273657
21226.81055 0.273696
21227.01953 0.273736
21227.23047 0.273775
21227.44922 0.273815
21227.66016 0.273854
21227.86914 0.273893
21228.08008 0.273854
21228.28906 0.273692
21228.50977 0.273527
21228.72070 0.273365
21228.92969 0.273201
21229.14062 0.273038
21229.34961 0.272874
21229.56055 0.272711
21229.77930 0.272547
21229.99023 0.272383
21230.19922 0.272358
21230.41016 0.27234
21230.63086 0.272321
21230.83984 0.272303
21231.05078 0.272285
21231.25977 0.272267
21231.47070 0.272249
21231.68945 0.27223
21231.90039 0.272212
21232.10938 0.272164
21232.32031 0.272085
21232.52930 0.272008
21232.75000 0.271929
21232.96094 0.271851
21233.16992 0.271774
21233.38086 0.271695
21233.58984 0.271618
21233.81055 0.271539
21234.01953 0.271464
21234.23047 0.271413
21234.43945 0.271361
21234.65039 0.271311
21234.86914 0.27126
21235.08008 0.271209
21235.28906 0.271158
21235.50000 0.271107
21235.71094 0.271056
21235.92969 0.271005
21236.14062 0.271011
21236.34961 0.271047
21236.56055 0.271084
21236.77930 0.27112
21236.99023 0.271156
21237.19922 0.271193
21237.41016 0.271229
21237.61914 0.271265
21237.83984 0.271301
21238.05078 0.271343
21238.25977 0.271402
21238.47070 0.27146
21238.68945 0.271518
21238.90039 0.271577
21239.10938 0.271635
21239.32031 0.271694
21239.52930 0.271752
21239.75000 0.271811
21239.96094 0.271869
21240.16992 0.27173
21240.38086 0.271541
21240.58984 0.271354
21240.81055 0.271165
21241.01953 0.270976
21241.23047 0.270789
21241.43945 0.2706
21241.65039 0.270413
21241.86914 0.270224
21242.08008 0.270085
21242.28906 0.270029
21242.50000 0.269972
21242.72070 0.269915
21242.92969 0.269859
21243.14062 0.269802
21243.34961 0.269746
21243.56055 0.269689
21243.77930 0.269633
21243.99023 0.269576
21244.19922 0.269654
21244.41016 0.269739
21244.63086 0.269823
21244.83984 0.269908
21245.05078 0.269993
21245.25977 0.270078
21245.47070 0.270163
21245.68945 0.270248
21245.90039 0.270333
21246.10938 0.270256
21246.32031 0.270034
21246.53906 0.26981
21246.75000 0.269585
21246.96094 0.269363
21247.16992 0.269139
21247.38086 0.268915
21247.59961 0.268693
21247.81055 0.268469
21248.01953 0.268269
21248.23047 0.268291
21248.44922 0.268312
21248.66016 0.268334
21248.86914 0.268355
21249.08008 0.268377
21249.28906 0.268398
21249.50977 0.26842
21249.72070 0.268442
21249.92969 0.268463
21250.14062 0.268383
21250.35938 0.268254
21250.57031 0.268124
21250.77930 0.267996
21250.99023 0.267866
21251.21094 0.267736
21251.41992 0.267608
21251.63086 0.267478
21251.83984 0.267348
21252.05078 0.267305
21252.26953 0.26752
21252.48047 0.267734
21252.68945 0.267947
21252.90039 0.268161
21253.11914 0.268376
21253.33008 0.26859
21253.53906 0.268803
21253.75000 0.269017
21253.96094 0.269232
21254.17969 0.269193
21254.39062 0.269103
21254.59961 0.269014
21254.81055 0.268925
21255.02930 0.268836
21255.24023 0.268746
21255.44922 0.268657
21255.66016 0.268568
21255.86914 0.268478
21256.08984 0.268437
21256.30078 0.268467
21256.50977 0.268496
21256.72070 0.268525
21256.93945 0.268555
21257.15039 0.268584
21257.35938 0.268613
21257.57031 0.268643
21257.78906 0.268672
21258.00000 0.268701
21258.21094 0.268479
21258.41992 0.268256
21258.63086 0.268031
21258.84961 0.267807
21259.06055 0.267584
21259.26953 0.267359
21259.48047 0.267134
21259.69922 0.266909
21259.91016 0.266687
21260.11914 0.266601
21260.33008 0.266622
21260.55078 0.266642
21260.75977 0.266663
21260.97070 0.266683
21261.17969 0.266704
21261.39062 0.266724
21261.60938 0.266744
21261.82031 0.266765
21262.02930 0.266769
21262.24023 0.266686
21262.46094 0.266603
21262.66992 0.266519
21262.88086 0.266436
21263.08984 0.266353
21263.31055 0.266269
21263.51953 0.266186
21263.73047 0.266103
21263.93945 0.26602
21264.16016 0.266016
21264.36914 0.266041
21264.58008 0.266066
21264.78906 0.266091
21265.00977 0.266116
21265.22070 0.266142
21265.42969 0.266167
21265.64062 0.266192
21265.85938 0.266217
21266.07031 0.266204
21266.27930 0.266113
21266.49023 0.266021
21266.71094 0.265928
21266.91992 0.265836
21267.13086 0.265745
21267.33984 0.265653
21267.55078 0.26556
21267.76953 0.265468
21267.98047 0.265377
21268.18945 0.265209
21268.40039 0.265032
21268.61914 0.264856
21268.83008 0.264679
21269.03906 0.264505
21269.25000 0.264328
21269.47070 0.264152
21269.67969 0.263975
21269.89062 0.263801
21270.09961 0.263698
21270.32031 0.263674
21270.52930 0.26365
21270.74023 0.263626
21270.94922 0.263603
21271.16992 0.263578
21271.38086 0.263555
21271.58984 0.263531
21271.80078 0.263507
21272.01953 0.263489
21272.23047 0.263557
21272.43945 0.263624
21272.65039 0.263691
21272.86914 0.263757
21273.08008 0.263825
21273.28906 0.263892
21273.50000 0.263959
21273.71094 0.264026
21273.92969 0.264093
21274.14062 0.264008
21274.34961 0.263847
21274.57031 0.263685
21274.77930 0.263525
21274.99023 0.263363
21275.19922 0.263201
21275.41992 0.263039
21275.63086 0.262878
21275.83984 0.262717
21276.05078 0.262486
21276.26953 0.262043
21276.48047 0.261599
21276.68945 0.261156
21276.90039 0.260717
21277.11914 0.260274
21277.33008 0.259831
21277.53906 0.259388
21277.75000 0.258945
21277.96094 0.258505
21278.17969 0.258315
21278.39062 0.258175
21278.59961 0.258035
21278.82031 0.257895
21279.02930 0.257755
21279.24023 0.257616
21279.44922 0.257476
21279.66992 0.257336
21279.88086 0.257196
21280.08984 0.257044
21280.30078 0.256877
21280.51953 0.256709
21280.73047 0.256541
21280.93945 0.256373
21281.15039 0.256205
21281.36914 0.256037
21281.58008 0.255871
21281.78906 0.255703
21282.00000 0.255529
21282.22070 0.255057
21282.42969 0.254586
21282.64062 0.254114
21282.84961 0.253647
21283.07031 0.253175
21283.27930 0.252703
21283.49023 0.252231
21283.71094 0.25176
21283.91992 0.251288
21284.13086 0.250928
21284.33984 0.25064
21284.55078 0.25035
21284.76953 0.250059
21284.98047 0.249769
21285.18945 0.249478
21285.41016 0.249188
21285.61914 0.2489
21285.83008 0.24861
21286.03906 0.248254
21286.25977 0.247639
21286.47070 0.247023
21286.67969 0.246408
21286.89062 0.245793
21287.10938 0.245183
21287.32031 0.244568
21287.52930 0.243953
21287.74023 0.243337
21287.96094 0.242722
21288.16992 0.242243
21288.38086 0.241798
21288.58984 0.241357
21288.81055 0.240912
21289.01953 0.240467
21289.23047 0.240022
21289.44922 0.239577
21289.66016 0.239132
21289.86914 0.238687
21290.08008 0.238203
21290.28906 0.237663
21290.50977 0.237118
21290.72070 0.236573
21290.92969 0.236029
21291.15039 0.235484
21291.35938 0.234939
21291.57031 0.234394
21291.78906 0.233849
21292.00000 0.23331
21292.21094 0.232468
21292.41992 0.231622
21292.63086 0.230775
21292.84961 0.229928
21293.06055 0.229081
21293.26953 0.228234
21293.49023 0.227387
21293.69922 0.22654
21293.91016 0.225701
21294.11914 0.225033
21294.33984 0.224497
21294.55078 0.223961
21294.75977 0.223424
21294.97070 0.222888
21295.18945 0.222352
21295.40039 0.221815
21295.60938 0.221279
21295.83008 0.220742
21296.03906 0.220166
21296.25000 0.219375
21296.46094 0.218583
21296.67969 0.217791
21296.89062 0.217
21297.09961 0.216208
21297.31055 0.215416
21297.52930 0.214624
21297.74023 0.213833
21297.94922 0.213041
21298.16992 0.212228
21298.38086 0.211417
21298.58984 0.210598
21298.80078 0.20978
21299.01953 0.208961
21299.23047 0.208142
21299.43945 0.207323
21299.65039 0.206505
21299.86914 0.205686
21300.08008 0.204766
21300.28906 0.203679
21300.50977 0.202591
21300.72070 0.201504
21300.92969 0.200416
21301.14062 0.199329
21301.35938 0.198251
21301.57031 0.197164
21301.77930 0.196076
21301.99023 0.194989
21302.21094 0.194169
21302.41992 0.193357
21302.63086 0.192545
21302.84961 0.191733
21303.06055 0.190921
21303.26953 0.190109
21303.48047 0.189297
21303.69922 0.188485
