threeML/data/optical_filters/HST/NICMOS1-F140W.ecsv
# %ECSV 0.9
# ---
# datatype:
# - {name: wavelength, unit: Angstrom, datatype: float32}
# - {name: response, datatype: float32}
# meta: !!omap
# - {band_name: F140W}
# - {group_name: NICMOS1}
wavelength response
[from data line 1557]
10986.41992 0.126111
10987.42969 0.126147
10988.44043 0.126184
10989.45020 0.12622
10990.45996 0.126258
10991.45996 0.126298
10992.46973 0.126339
10993.48047 0.126379
10994.49023 0.12642
10995.50000 0.126457
10996.50977 0.126491
10997.51953 0.126525
10998.53027 0.126559
10999.54004 0.126592
11000.54980 0.126612
11001.55957 0.12662
11002.57031 0.126628
11003.58008 0.126635
11004.58984 0.126643
11005.59961 0.12665
11006.62012 0.126657
11007.62988 0.126663
11008.63965 0.12667
11009.65039 0.126676
11010.66016 0.126689
11011.66992 0.126704
11012.67969 0.126719
11013.69043 0.126734
11014.70020 0.12675
11015.70996 0.126753
11016.73047 0.126752
11017.74023 0.126752
11018.75000 0.126751
11019.75977 0.12675
11020.76953 0.126754
11021.79004 0.12676
11022.79980 0.126767
11023.80957 0.126773
11024.82031 0.126779
11025.83008 0.126795
11026.84961 0.126812
11027.86035 0.12683
11028.87012 0.126847
11029.88965 0.126864
11030.90039 0.126869
11031.91016 0.126871
11032.91992 0.126874
11033.94043 0.126877
11034.95020 0.126879
11035.95996 0.12688
11036.98047 0.126881
11037.99023 0.126881
11039.00000 0.126882
11040.01953 0.126883
11041.03027 0.126897
11042.04980 0.126912
11043.05957 0.126926
11044.07031 0.126941
11045.08984 0.126954
11046.09961 0.126957
11047.12012 0.12696
11048.12988 0.126962
11049.15039 0.126965
11050.16016 0.126968
11051.16992 0.12697
11052.19043 0.126973
11053.20996 0.126975
11054.21973 0.126978
11055.24023 0.126982
11056.25000 0.126992
11057.26953 0.127001
11058.28027 0.127011
11059.29980 0.127021
11060.30957 0.12703
11061.33008 0.127035
11062.33984 0.127041
11063.36035 0.127047
11064.37988 0.127052
11065.38965 0.127057
11066.41016 0.127059
11067.41992 0.127061
11068.44043 0.127063
11069.45996 0.127066
11070.46973 0.127069
11071.49023 0.127074
11072.50977 0.127079
11073.51953 0.127084
11074.54004 0.127089
11075.55957 0.127094
11076.57031 0.1271
11077.58984 0.127105
11078.61035 0.127111
11079.62988 0.127116
11080.63965 0.127118
11081.66016 0.127117
11082.67969 0.127117
11083.70020 0.127116
11084.70996 0.127116
11085.73047 0.127119
11086.75000 0.127123
11087.76953 0.127127
11088.79004 0.127131
11089.79980 0.127135
11090.82031 0.127135
11091.83984 0.127134
11092.86035 0.127132
11093.87988 0.127131
11094.90039 0.12713
11095.91992 0.127136
11096.92969 0.127143
11097.95020 0.12715
11098.96973 0.127157
11099.99023 0.127164
11101.00977 0.127167
11102.03027 0.12717
11103.04980 0.127172
11104.07031 0.127175
11105.08984 0.127178
11106.11035 0.127181
11107.12988 0.127185
11108.15039 0.127188
11109.16992 0.127192
11110.19043 0.127197
11111.20996 0.127211
11112.23047 0.127225
11113.25000 0.127239
11114.26953 0.127253
11115.29004 0.127264
11116.30957 0.127267
11117.33008 0.12727
11118.34961 0.127272
11119.37988 0.127275
11120.40039 0.127278
11121.41992 0.127282
11122.44043 0.127286
11123.45996 0.12729
11124.48047 0.127294
11125.50000 0.127302
11126.53027 0.127313
11127.54980 0.127324
11128.57031 0.127335
11129.58984 0.127347
11130.61035 0.127356
11131.62988 0.127363
11132.66016 0.12737
11133.67969 0.127377
11134.70020 0.127384
11135.71973 0.127382
11136.75000 0.127377
11137.76953 0.127371
11138.79004 0.127365
11139.82031 0.127359
11140.83984 0.127367
11141.86035 0.127377
11142.87988 0.127388
11143.91016 0.127398
11144.92969 0.127409
11145.95020 0.127417
11146.98047 0.127425
11148.00000 0.127433
11149.03027 0.12744
11150.04980 0.127448
11151.07031 0.127454
11152.09961 0.127459
11153.12012 0.127465
11154.15039 0.12747
11155.16992 0.127475
11156.19043 0.127473
11157.21973 0.12747
11158.24023 0.127468
11159.26953 0.127466
11160.29004 0.127468
11161.32031 0.12748
11162.33984 0.127493
11163.37012 0.127505
11164.38965 0.127517
11165.41992 0.127528
11166.44043 0.127539
11167.46973 0.12755
11168.49023 0.127561
11169.51953 0.127572
11170.54004 0.127573
11171.57031 0.127564
11172.59961 0.127555
11173.62012 0.127546
11174.65039 0.127537
11175.66992 0.127537
11176.70020 0.127544
11177.73047 0.127549
11178.75000 0.127555
11179.78027 0.127561
11180.80957 0.12757
11181.83008 0.12758
11182.86035 0.12759
11183.88965 0.1276
11184.91992 0.127609
11185.94043 0.127618
11186.96973 0.127626
11188.00000 0.127634
11189.01953 0.127643
11190.04980 0.12765
11191.08008 0.127639
11192.11035 0.127629
11193.12988 0.127619
11194.16016 0.127608
11195.19043 0.127602
11196.21973 0.127616
11197.25000 0.12763
11198.26953 0.127644
11199.29980 0.127659
11200.33008 0.127668
11201.36035 0.127668
11202.38965 0.127668
11203.41992 0.127667
11204.45020 0.127667
11205.46973 0.127665
11206.50000 0.127661
11207.53027 0.127657
11208.55957 0.127653
11209.58984 0.127649
11210.62012 0.127651
11211.65039 0.127658
11212.67969 0.127664
11213.70996 0.127671
11214.74023 0.127678
11215.76953 0.127673
11216.79980 0.127665
11217.83008 0.127657
11218.86035 0.127648
11219.88965 0.12764
11220.91992 0.127645
11221.95020 0.127652
11222.98047 0.127658
11224.00977 0.127665
11225.04004 0.127671
11226.07031 0.127671
11227.09961 0.127671
11228.12988 0.127671
11229.16992 0.12767
11230.20020 0.127671
11231.23047 0.127672
11232.25977 0.127674
11233.29004 0.127675
11234.32031 0.127677
11235.34961 0.127677
11236.38965 0.127675
11237.41992 0.127673
11238.45020 0.127671
11239.48047 0.127668
11240.50977 0.127665
11241.54980 0.127659
11242.58008 0.127653
11243.61035 0.127648
11244.63965 0.127642
11245.67969 0.127646
11246.70996 0.127655
11247.74023 0.127664
11248.76953 0.127673
11249.80957 0.127683
11250.83984 0.127681
11251.87012 0.127677
11252.91016 0.127674
11253.94043 0.12767
11254.96973 0.127666
11256.00977 0.127665
11257.04004 0.127665
11258.08008 0.127664
11259.11035 0.127664
11260.13965 0.127663
11261.17969 0.12766
11262.20996 0.127656
11263.25000 0.127653
11264.28027 0.12765
11265.30957 0.127648
11266.34961 0.127651
11267.37988 0.127653
11268.41992 0.127656
11269.45020 0.127658
11270.49023 0.127658
11271.51953 0.127656
11272.55957 0.127653
11273.58984 0.127651
11274.62988 0.127649
11275.66016 0.127644
11276.70020 0.127637
11277.73047 0.12763
11278.76953 0.127624
11279.79980 0.127617
11280.83984 0.127618
11281.87988 0.127621
11282.91016 0.127623
11283.95020 0.127626
11284.99023 0.127628
11286.01953 0.127625
11287.05957 0.127622
11288.08984 0.127618
11289.12988 0.127615
11290.16992 0.127612
11291.20020 0.12761
11292.24023 0.127609
11293.28027 0.127608
11294.32031 0.127606
11295.34961 0.127602
11296.38965 0.127592
11297.42969 0.127581
11298.45996 0.127571
11299.50000 0.127561
11300.54004 0.127557
11301.58008 0.127559
11302.62012 0.127561
11303.65039 0.127562
11304.69043 0.127564
11305.73047 0.127559
11306.76953 0.127551
11307.80957 0.127544
11308.83984 0.127536
11309.87988 0.127528
11310.91992 0.127521
11311.95996 0.127514
11313.00000 0.127507
11314.04004 0.127501
11315.08008 0.127495
11316.12012 0.127495
11317.16016 0.127495
11318.19043 0.127495
11319.23047 0.127496
11320.26953 0.127495
11321.30957 0.12749
11322.34961 0.127486
11323.38965 0.127481
11324.42969 0.127477
11325.46973 0.127474
11326.50977 0.127471
11327.54980 0.127469
11328.58984 0.127467
11329.62988 0.127464
11330.66992 0.127456
11331.70996 0.127445
11332.75000 0.127434
11333.79004 0.127423
11334.83008 0.127412
11335.87988 0.127415
11336.91992 0.12742
11337.95996 0.127426
11339.00000 0.127431
11340.04004 0.127436
11341.08008 0.127423
11342.12012 0.12741
11343.16992 0.127397
11344.20996 0.127385
11345.25000 0.127373
11346.29004 0.127364
11347.33008 0.127356
11348.37012 0.127347
11349.41992 0.127338
11350.45996 0.127327
11351.50000 0.127313
11352.54004 0.127299
11353.58984 0.127285
11354.62988 0.127271
11355.66992 0.127268
11356.70996 0.127272
11357.75977 0.127276
11358.79980 0.12728
11359.83984 0.127284
11360.88965 0.127279
11361.92969 0.127272
11362.96973 0.127265
11364.01953 0.127258
11365.05957 0.127252
11366.09961 0.127256
11367.15039 0.127261
11368.19043 0.127265
11369.23047 0.12727
11370.28027 0.127269
11371.32031 0.127256
11372.37012 0.127242
11373.41016 0.127229
11374.45996 0.127215
11375.50000 0.127208
11376.54004 0.127208
11377.58984 0.127208
11378.62988 0.127208
11379.67969 0.127208
11380.71973 0.127195
11381.76953 0.127176
11382.80957 0.127157
11383.86035 0.127138
11384.91016 0.127119
11385.95020 0.12712
11387.00000 0.127124
11388.04004 0.127128
11389.08984 0.127131
11390.12988 0.127133
11391.17969 0.127123
11392.23047 0.127114
11393.26953 0.127104
11394.32031 0.127094
11395.36035 0.127084
11396.41016 0.127074
11397.45996 0.127064
11398.50000 0.127054
11399.54980 0.127044
11400.59961 0.127038
11401.63965 0.127037
11402.69043 0.127035
11403.74023 0.127033
11404.79004 0.127032
11405.83008 0.127032
11406.87988 0.127033
11407.92969 0.127035
11408.98047 0.127036
11410.01953 0.127037
11411.07031 0.127038
11412.12012 0.127038
11413.16992 0.127039
11414.20996 0.12704
11415.25977 0.12704
11416.30957 0.127039
11417.36035 0.127038
11418.41016 0.127036
11419.45996 0.127035
11420.50977 0.127035
11421.54980 0.127035
11422.59961 0.127034
11423.65039 0.127034
11424.70020 0.127034
11425.75000 0.127035
11426.79980 0.127035
11427.84961 0.127036
11428.90039 0.127036
11429.95020 0.127037
11431.00000 0.127036
11432.04980 0.127036
11433.09961 0.127035
11434.15039 0.127035
11435.20020 0.127035
11436.25000 0.127037
11437.29980 0.127038
11438.34961 0.12704
11439.40039 0.127042
11440.45020 0.127041
11441.50000 0.127036
11442.54980 0.127032
11443.59961 0.127027
11444.65039 0.127022
11445.70020 0.127021
11446.75000 0.127021
11447.79980 0.127021
11448.86035 0.127022
11449.91016 0.127022
11450.95996 0.127025
11452.00977 0.127028
11453.05957 0.127031
11454.11035 0.127034
11455.16992 0.127037
11456.21973 0.127034
11457.26953 0.127031
11458.32031 0.127027
11459.37012 0.127024
11460.42969 0.127021
11461.48047 0.127018
11462.53027 0.127015
11463.58008 0.127012
11464.63965 0.127009
11465.69043 0.127007
11466.74023 0.127005
11467.79004 0.127003
11468.84961 0.127001
11469.90039 0.126999
11470.95020 0.127003
11472.00977 0.127009
11473.05957 0.127014
11474.11035 0.127019
11475.16992 0.127023
11476.21973 0.127023
11477.28027 0.127022
11478.33008 0.127021
11479.37988 0.127021
11480.44043 0.127022
11481.49023 0.127025
11482.54980 0.127028
11483.59961 0.127032
11484.66016 0.127035
11485.70996 0.12703
11486.76953 0.12702
11487.82031 0.12701
11488.87988 0.127
11489.92969 0.126991
11490.99023 0.127001
11492.04004 0.127012
11493.09961 0.127024
11494.15039 0.127035
11495.20996 0.127043
11496.25977 0.127036
11497.32031 0.127028
11498.37012 0.127021
11499.42969 0.127014
11500.49023 0.127006
11501.54004 0.126999
11502.59961 0.126991
11503.65039 0.126984
11504.70996 0.126976
11505.76953 0.126974
11506.82031 0.126973
11507.87988 0.126972
11508.94043 0.126971
11509.99023 0.126971
11511.04980 0.126956
11512.11035 0.126941
11513.16992 0.126926
11514.21973 0.126911
11515.28027 0.126897
11516.33984 0.126885
11517.38965 0.126872
11518.45020 0.12686
11519.50977 0.126847
11520.57031 0.126837
11521.62988 0.126828
11522.67969 0.12682
11523.74023 0.126811
11524.79980 0.126803
11525.86035 0.126794
11526.91992 0.126785
11527.98047 0.126776
11529.03027 0.126767
11530.08984 0.126757
11531.15039 0.126743
11532.20996 0.126728
11533.26953 0.126714
11534.33008 0.126699
11535.38965 0.12669
11536.45020 0.12669
11537.50977 0.126689
11538.57031 0.126688
11539.62988 0.126688
11540.69043 0.126678
11541.75000 0.126664
11542.79980 0.126649
11543.87012 0.126635
11544.91992 0.12662
11545.99023 0.126608
11547.04980 0.126596
11548.11035 0.126585
11549.16992 0.126573
11550.23047 0.126563
11551.29004 0.126557
11552.34961 0.126552
11553.41016 0.126546
11554.46973 0.126541
11555.53027 0.126537
11556.58984 0.126536
11557.65039 0.126535
11558.70996 0.126534
11559.78027 0.126533
11560.83984 0.126524
11561.90039 0.126513
11562.95996 0.126501
11564.01953 0.12649
11565.08008 0.126479
11566.15039 0.126473
11567.20996 0.126467
11568.26953 0.126461
11569.33008 0.126454
11570.40039 0.126444
11571.45996 0.126427
11572.51953 0.12641
11573.58008 0.126393
11574.65039 0.126376
11575.70996 0.126374
11576.76953 0.12638
11577.83984 0.126386
11578.90039 0.126391
11579.95996 0.126397
11581.03027 0.126383
11582.08984 0.126368
11583.15039 0.126354
11584.21973 0.126339
11585.28027 0.126327
11586.33984 0.126324
11587.41016 0.126321
11588.46973 0.126317
11589.54004 0.126314
11590.59961 0.126308
11591.66992 0.1263
11592.73047 0.126292
11593.79004 0.126284
11594.86035 0.126276
11595.91992 0.126267
11596.99023 0.126259
11598.04980 0.126251
11599.12012 0.126242
11600.17969 0.126233
11601.25000 0.126222
11602.30957 0.12621
11603.37988 0.126199
11604.45020 0.126187
11605.50977 0.126182
11606.58008 0.126184
11607.63965 0.126185
11608.70996 0.126187
11609.76953 0.126189
11610.83984 0.126182
11611.91016 0.126173
11612.96973 0.126164
11614.04004 0.126155
11615.11035 0.126148
11616.16992 0.126153
11617.24023 0.126158
11618.30957 0.126164
11619.37012 0.126169
11620.44043 0.126171
11621.50977 0.12617
11622.57031 0.126169
11623.63965 0.126168
11624.70996 0.126167
11625.78027 0.126162
11626.83984 0.126155
11627.91016 0.126148
11628.98047 0.126142
11630.04980 0.126135
11631.12012 0.126135
11632.17969 0.126135
11633.25000 0.126135
11634.32031 0.126135
11635.38965 0.126134
11636.45996 0.12613
11637.53027 0.126126
11638.58984 0.126123
11639.66016 0.126119
11640.73047 0.12611
11641.79980 0.1261
11642.87012 0.12609
11643.94043 0.12608
11645.00977 0.12607
11646.08008 0.126077
11647.15039 0.126084
11648.21973 0.126091
11649.29004 0.126098
11650.36035 0.126102
11651.42969 0.126097
11652.50000 0.126093
11653.57031 0.126089
11654.63965 0.126084
11655.70996 0.126079
11656.78027 0.126074
11657.84961 0.126068
11658.91992 0.126063
11659.99023 0.126057
11661.05957 0.126058
11662.12988 0.126059
11663.20020 0.126059
11664.26953 0.12606
11665.33984 0.126058
11666.41016 0.12605
11667.49023 0.126041
11668.55957 0.126033
11669.62988 0.126024
11670.70020 0.126016
11671.76953 0.126009
11672.83984 0.126002
11673.91992 0.125994
11674.99023 0.125987
11676.05957 0.125989
11677.12988 0.125992
11678.20020 0.125995
11679.28027 0.125998
11680.34961 0.125998
11681.41992 0.125992
11682.49023 0.125987
11683.57031 0.125981
11684.63965 0.125975
11685.70996 0.125972
11686.79004 0.125971
11687.86035 0.125969
11688.92969 0.125968
11690.00977 0.125966
11691.08008 0.125963
11692.15039 0.12596
11693.23047 0.125956
11694.29980 0.125953
11695.37012 0.125949
11696.45020 0.125944
11697.51953 0.125939
11698.59961 0.125934
11699.66992 0.125929
11700.75000 0.125918
11701.82031 0.125905
11702.88965 0.125891
11703.96973 0.125878
11705.04004 0.125865
11706.12012 0.125866
11707.19043 0.125868
11708.26953 0.125869
11709.33984 0.12587
11710.41992 0.12587
11711.49023 0.125867
11712.57031 0.125864
11713.65039 0.125861
11714.71973 0.125858
11715.79980 0.12585
11716.87012 0.12584
11717.95020 0.12583
11719.03027 0.12582
11720.09961 0.125811
11721.17969 0.125802
11722.25000 0.125793
11723.33008 0.125784
11724.41016 0.125775
11725.48047 0.125764
11726.55957 0.125749
11727.63965 0.125735
11728.70996 0.125721
11729.79004 0.125706
11730.87012 0.125702
11731.95020 0.125701
11733.01953 0.1257
11734.09961 0.125699
11735.17969 0.125696
11736.25000 0.125685
11737.33008 0.125673
11738.41016 0.125662
11739.49023 0.12565
11740.57031 0.125638
11741.65039 0.125627
11742.71973 0.125615
11743.79980 0.125603
11744.87988 0.125591
11745.95996 0.125596
11747.04004 0.125603
11748.12012 0.125609
11749.19043 0.125616
11750.26953 0.125618
11751.34961 0.125604
11752.42969 0.12559
11753.50977 0.125577
11754.58984 0.125563
11755.66992 0.125556
11756.75000 0.125553
11757.83008 0.12555
11758.91016 0.125546
11759.99023 0.125543
11761.07031 0.125537
11762.15039 0.12553
11763.23047 0.125523
11764.30957 0.125517
11765.38965 0.125508
11766.46973 0.125496
11767.54980 0.125484
11768.62988 0.125472
11769.70996 0.12546
11770.79004 0.125445
11771.87012 0.12543
11772.95020 0.125415
11774.04004 0.1254
11775.12012 0.125387
11776.20020 0.125391
11777.28027 0.125395
11778.36035 0.125399
11779.44043 0.125403
11780.51953 0.125398
11781.61035 0.125384
11782.69043 0.12537
11783.76953 0.125357
11784.84961 0.125343
11785.92969 0.125339
