threeML/data/optical_filters/HST/NICMOS2-F171M.ecsv
# %ECSV 0.9
# ---
# datatype:
# - {name: wavelength, unit: Angstrom, datatype: float32}
# - {name: response, datatype: float32}
# meta: !!omap
# - {band_name: F171M}
# - {group_name: NICMOS2}
wavelength response
[from data line 3830]
17025.13086 0.230481
17025.38086 0.230434
17025.63086 0.230388
17025.88086 0.230342
17026.11914 0.230337
17026.36914 0.230374
17026.61914 0.23041
17026.86914 0.230447
17027.10938 0.230484
17027.35938 0.23052
17027.60938 0.230557
17027.85938 0.230594
17028.09961 0.230597
17028.34961 0.230551
17028.59961 0.230507
17028.84961 0.230462
17029.08984 0.230417
17029.33984 0.230372
17029.58984 0.230327
17029.83008 0.230282
17030.08008 0.23025
17030.33008 0.230244
17030.58008 0.230238
17030.82031 0.230231
17031.07031 0.230225
17031.32031 0.230219
17031.57031 0.230213
17031.81055 0.230207
17032.06055 0.230196
17032.31055 0.230173
17032.56055 0.23015
17032.80078 0.230127
17033.05078 0.230104
17033.30078 0.230081
17033.55078 0.230058
17033.78906 0.230035
17034.03906 0.230013
17034.28906 0.229999
17034.53906 0.229986
17034.78906 0.229971
17035.02930 0.229958
17035.27930 0.229944
17035.52930 0.22993
17035.77930 0.229916
17036.01953 0.22991
17036.26953 0.229982
17036.51953 0.230054
17036.76953 0.230126
17037.00977 0.230197
17037.25977 0.230269
17037.50977 0.230341
17037.75977 0.230413
17038.00000 0.230483
17038.25000 0.230437
17038.50000 0.230393
17038.75000 0.230347
17038.99023 0.230302
17039.24023 0.230257
17039.49023 0.230212
17039.74023 0.230167
17039.98047 0.230122
17040.23047 0.230087
17040.48047 0.230053
17040.73047 0.23002
17040.97070 0.229986
17041.22070 0.229952
17041.47070 0.229918
17041.72070 0.229884
17041.96094 0.229851
17042.21094 0.229828
17042.46094 0.229807
17042.71094 0.229787
17042.96094 0.229766
17043.19922 0.229745
17043.44922 0.229724
17043.69922 0.229704
17043.94922 0.229683
17044.19922 0.229688
17044.43945 0.2297
17044.68945 0.229712
17044.93945 0.229724
17045.18945 0.229737
17045.42969 0.229749
17045.67969 0.229761
17045.92969 0.229773
17046.17969 0.229796
17046.41992 0.229823
17046.66992 0.22985
17046.91992 0.229877
17047.16992 0.229904
17047.41016 0.229931
17047.66016 0.229958
17047.91016 0.229985
17048.16016 0.229968
17048.41016 0.229925
17048.65039 0.229883
17048.90039 0.229841
17049.15039 0.229798
17049.40039 0.229756
17049.64062 0.229713
17049.89062 0.229671
17050.14062 0.229649
17050.39062 0.229642
17050.63086 0.229635
17050.88086 0.229628
17051.13086 0.229621
17051.38086 0.229614
17051.63086 0.229608
17051.88086 0.229601
17052.11914 0.229579
17052.36914 0.229542
17052.61914 0.229505
17052.86914 0.229468
17053.10938 0.22943
17053.35938 0.229393
17053.60938 0.229356
17053.85938 0.229319
17054.10938 0.229284
17054.34961 0.229251
17054.59961 0.229219
17054.84961 0.229187
17055.09961 0.229154
17055.33984 0.229122
17055.58984 0.22909
17055.83984 0.229057
17056.08984 0.229058
17056.33984 0.22912
17056.58008 0.229182
17056.83008 0.229244
17057.08008 0.229306
17057.33008 0.229368
17057.57031 0.22943
17057.82031 0.229492
17058.07031 0.229517
17058.32031 0.22945
17058.57031 0.229383
17058.81055 0.229315
17059.06055 0.229248
17059.31055 0.229181
17059.56055 0.229114
17059.81055 0.229046
17060.05078 0.229005
17060.30078 0.229056
17060.55078 0.229107
17060.80078 0.229157
17061.03906 0.229208
17061.28906 0.229259
17061.53906 0.229309
17061.78906 0.22936
17062.03906 0.229392
17062.28906 0.229316
17062.52930 0.229241
17062.77930 0.229165
17063.02930 0.22909
17063.27930 0.229014
17063.52930 0.228938
17063.76953 0.228863
17064.01953 0.228799
17064.26953 0.228866
17064.51953 0.228933
17064.76953 0.228999
17065.00977 0.229066
17065.25977 0.229132
17065.50977 0.229199
17065.75977 0.229266
17066.00977 0.22933
17066.25000 0.229283
17066.50000 0.229236
17066.75000 0.229189
17067.00000 0.229143
17067.25000 0.229096
17067.49023 0.229049
17067.74023 0.229002
17067.99023 0.228956
17068.24023 0.228981
17068.48047 0.22901
17068.73047 0.229038
17068.98047 0.229067
17069.23047 0.229096
17069.48047 0.229125
17069.73047 0.229153
17069.97070 0.229182
17070.22070 0.229198
17070.47070 0.229214
17070.72070 0.229229
17070.97070 0.229245
17071.21094 0.22926
17071.46094 0.229276
17071.71094 0.229291
17071.96094 0.229306
17072.21094 0.229258
17072.46094 0.229196
17072.69922 0.229134
17072.94922 0.229072
17073.19922 0.22901
17073.44922 0.228949
17073.69922 0.228887
17073.93945 0.228825
17074.18945 0.228863
17074.43945 0.22893
17074.68945 0.228998
17074.93945 0.229065
17075.17969 0.229132
17075.42969 0.2292
17075.67969 0.229267
17075.92969 0.229334
17076.17969 0.229358
17076.41992 0.229365
17076.66992 0.229371
17076.91992 0.229377
17077.16992 0.229383
17077.41992 0.22939
17077.66992 0.229396
17077.91016 0.229402
17078.16016 0.229399
17078.41016 0.22939
17078.66016 0.229382
17078.91016 0.229373
17079.15039 0.229365
17079.40039 0.229356
17079.65039 0.229348
17079.90039 0.22934
17080.15039 0.229285
17080.40039 0.229197
17080.64062 0.22911
17080.89062 0.229023
17081.14062 0.228936
17081.39062 0.228849
17081.64062 0.228762
17081.88086 0.228675
17082.13086 0.228668
17082.38086 0.228729
17082.63086 0.22879
17082.88086 0.228851
17083.13086 0.228912
17083.38086 0.228973
17083.61914 0.229035
17083.86914 0.229096
17084.11914 0.229124
17084.36914 0.229116
17084.61914 0.229108
17084.85938 0.2291
17085.10938 0.229092
17085.35938 0.229084
17085.60938 0.229076
17085.85938 0.229069
17086.10938 0.229068
17086.34961 0.229078
17086.59961 0.229087
17086.84961 0.229097
17087.09961 0.229106
17087.34961 0.229116
17087.59961 0.229125
17087.83984 0.229135
17088.08984 0.229146
17088.33984 0.229159
17088.58984 0.229173
17088.83984 0.229186
17089.08984 0.2292
17089.33008 0.229213
17089.58008 0.229227
17089.83008 0.22924
17090.08008 0.229249
17090.33008 0.229249
17090.58008 0.229249
17090.82031 0.229249
17091.07031 0.229249
17091.32031 0.229249
17091.57031 0.229249
17091.82031 0.229249
17092.07031 0.229243
17092.31055 0.22922
17092.56055 0.229198
17092.81055 0.229176
17093.06055 0.229154
17093.31055 0.229131
17093.56055 0.229109
17093.80078 0.229087
17094.05078 0.22906
17094.30078 0.229016
17094.55078 0.228972
17094.80078 0.228928
17095.05078 0.228884
17095.28906 0.22884
17095.53906 0.228797
17095.78906 0.228753
17096.03906 0.22873
17096.28906 0.228814
17096.53906 0.228899
17096.78906 0.228983
17097.02930 0.229068
17097.27930 0.229153
17097.52930 0.229237
17097.77930 0.229322
17098.02930 0.2294
17098.27930 0.229434
17098.52930 0.229467
17098.76953 0.229501
17099.01953 0.229534
17099.26953 0.229568
17099.51953 0.229601
17099.76953 0.229635
17100.01953 0.229663
17100.25977 0.229605
17100.50977 0.229548
17100.75977 0.229491
17101.00977 0.229434
17101.25977 0.229377
17101.50977 0.22932
17101.75977 0.229262
17102.00000 0.229207
17102.25000 0.229283
17102.50000 0.229359
17102.75000 0.229436
17103.00000 0.229512
17103.25000 0.229588
17103.50000 0.229665
17103.74023 0.229741
17103.99023 0.229817
17104.24023 0.229804
17104.49023 0.229788
17104.74023 0.229773
17104.99023 0.229757
17105.23047 0.229741
17105.48047 0.229725
17105.73047 0.229709
17105.98047 0.229694
17106.23047 0.229746
17106.48047 0.229804
17106.73047 0.229862
17106.97070 0.22992
17107.22070 0.229978
17107.47070 0.230036
17107.72070 0.230094
17107.97070 0.230152
17108.22070 0.230159
17108.47070 0.230159
17108.71094 0.230159
17108.96094 0.230159
17109.21094 0.230159
17109.46094 0.230159
17109.71094 0.230159
17109.96094 0.230159
17110.21094 0.230174
17110.46094 0.230191
17110.71094 0.230208
17110.94922 0.230226
17111.19922 0.230243
17111.44922 0.230261
17111.69922 0.230278
17111.94922 0.230295
17112.19922 0.230304
17112.44922 0.23031
17112.68945 0.230315
17112.93945 0.230321
17113.18945 0.230327
17113.43945 0.230333
17113.68945 0.230339
17113.93945 0.230345
17114.18945 0.230361
17114.43945 0.230381
17114.67969 0.230401
17114.92969 0.230421
17115.17969 0.230441
17115.42969 0.230461
17115.67969 0.230481
17115.92969 0.230501
17116.17969 0.230494
17116.41992 0.230476
17116.66992 0.230457
17116.91992 0.230439
17117.16992 0.23042
17117.41992 0.230401
17117.66992 0.230383
17117.91992 0.230364
17118.16992 0.230385
17118.41016 0.230424
17118.66016 0.230464
17118.91016 0.230503
17119.16016 0.230542
17119.41016 0.230582
17119.66016 0.230621
17119.91016 0.230661
17120.16016 0.230676
17120.40039 0.230677
17120.65039 0.230677
17120.90039 0.230678
17121.15039 0.230679
17121.40039 0.230679
17121.65039 0.23068
17121.90039 0.23068
17122.15039 0.2307
17122.39062 0.230733
17122.64062 0.230767
17122.89062 0.2308
17123.14062 0.230833
17123.39062 0.230867
17123.64062 0.2309
17123.89062 0.230933
17124.14062 0.230962
17124.39062 0.230988
17124.63086 0.231014
17124.88086 0.23104
17125.13086 0.231066
17125.38086 0.231092
17125.63086 0.231118
17125.88086 0.231143
17126.13086 0.231171
17126.38086 0.2312
17126.61914 0.231228
17126.88086 0.231257
17127.11914 0.231286
17127.36914 0.231315
17127.61914 0.231344
17127.86914 0.231373
17128.11914 0.231391
17128.36914 0.231398
17128.61914 0.231404
17128.86914 0.231411
17129.11914 0.231417
17129.35938 0.231424
17129.60938 0.23143
17129.85938 0.231437
17130.10938 0.231479
17130.35938 0.231563
17130.60938 0.231649
17130.85938 0.231734
17131.10938 0.231819
17131.35938 0.231904
17131.59961 0.231989
17131.84961 0.232074
17132.09961 0.232101
17132.34961 0.232042
17132.59961 0.231984
17132.84961 0.231926
17133.09961 0.231867
17133.34961 0.231809
17133.59961 0.231751
17133.84961 0.231692
17134.08984 0.231659
17134.33984 0.231667
17134.58984 0.231674
17134.83984 0.231682
17135.08984 0.23169
17135.33984 0.231697
17135.58984 0.231705
17135.83984 0.231713
17136.08984 0.231746
17136.33984 0.231827
17136.58008 0.231908
17136.83008 0.23199
17137.08008 0.232071
17137.33008 0.232153
17137.58008 0.232234
17137.83008 0.232316
17138.08008 0.232346
17138.33008 0.232267
17138.58008 0.232188
17138.83008 0.232108
17139.07031 0.232029
17139.32031 0.23195
17139.57031 0.231871
17139.82031 0.231792
17140.07031 0.231761
17140.32031 0.231856
17140.57031 0.231949
17140.82031 0.232044
17141.07031 0.232138
17141.32031 0.232232
17141.57031 0.232326
17141.81055 0.23242
17142.06055 0.232495
17142.31055 0.232514
17142.56055 0.232534
17142.81055 0.232553
17143.06055 0.232573
17143.31055 0.232592
17143.56055 0.232612
17143.81055 0.232632
17144.06055 0.232645
17144.31055 0.232637
17144.55078 0.232629
17144.80078 0.232622
17145.05078 0.232614
17145.30078 0.232606
17145.55078 0.232599
17145.80078 0.232591
17146.05078 0.232591
17146.30078 0.232624
17146.55078 0.232657
17146.80078 0.23269
17147.05078 0.232723
17147.30078 0.232757
17147.53906 0.232789
17147.78906 0.232822
17148.03906 0.232855
17148.28906 0.232884
17148.53906 0.232914
17148.78906 0.232943
17149.03906 0.232973
17149.28906 0.233002
17149.53906 0.233032
17149.78906 0.233062
17150.03906 0.233089
17150.28906 0.233102
17150.53906 0.233116
17150.78906 0.23313
17151.03906 0.233144
17151.27930 0.233157
17151.52930 0.233171
17151.77930 0.233184
17152.02930 0.233194
17152.27930 0.233175
17152.52930 0.233155
17152.77930 0.233136
17153.02930 0.233117
17153.27930 0.233097
17153.52930 0.233078
17153.77930 0.233059
17154.02930 0.233046
17154.27930 0.233095
17154.51953 0.233143
17154.76953 0.233192
17155.01953 0.23324
17155.26953 0.233289
17155.51953 0.233337
17155.76953 0.233385
17156.01953 0.233429
17156.26953 0.233405
17156.51953 0.233381
17156.76953 0.233357
17157.01953 0.233333
17157.26953 0.233309
17157.51953 0.233285
17157.76953 0.233261
17158.00977 0.233241
17158.25977 0.233296
17158.50977 0.233351
17158.75977 0.233406
17159.00977 0.233461
17159.25977 0.233516
17159.50977 0.233571
17159.75977 0.233626
17160.00977 0.233678
17160.25977 0.233654
17160.50977 0.23363
17160.75977 0.233606
17161.00977 0.233582
17161.25977 0.233559
17161.50977 0.233535
17161.75977 0.233511
17162.00000 0.233489
17162.25000 0.233569
17162.50000 0.23365
17162.75000 0.23373
17163.00000 0.23381
17163.25000 0.233891
17163.50000 0.233971
17163.75000 0.234051
17164.00000 0.234132
17164.25000 0.23415
17164.50000 0.234167
17164.75000 0.234184
17165.00000 0.234202
17165.25000 0.234219
17165.50000 0.234236
17165.75000 0.234254
17166.00000 0.234271
17166.24023 0.234224
17166.49023 0.234175
17166.74023 0.234126
17166.99023 0.234078
17167.24023 0.23403
17167.49023 0.233981
17167.74023 0.233932
17167.99023 0.233884
17168.24023 0.233961
17168.49023 0.234043
17168.74023 0.234125
17168.99023 0.234207
17169.24023 0.234289
17169.49023 0.234371
17169.74023 0.234453
17169.99023 0.234535
17170.24023 0.234564
17170.49023 0.234589
17170.74023 0.234615
17170.98047 0.234641
17171.23047 0.234667
17171.48047 0.234693
17171.73047 0.234719
17171.98047 0.234744
17172.23047 0.23476
17172.48047 0.234775
17172.73047 0.234791
17172.98047 0.234806
17173.23047 0.234821
17173.48047 0.234836
17173.73047 0.234851
17173.98047 0.234866
17174.23047 0.23486
17174.48047 0.234851
17174.73047 0.234843
17174.98047 0.234835
17175.23047 0.234826
17175.48047 0.234818
17175.73047 0.23481
17175.98047 0.234801
17176.23047 0.234829
17176.48047 0.234861
17176.72070 0.234892
17176.97070 0.234924
17177.22070 0.234955
17177.47070 0.234987
17177.72070 0.235019
17177.97070 0.23505
17178.22070 0.23507
17178.47070 0.23509
17178.72070 0.235109
17178.97070 0.235128
17179.22070 0.235147
17179.47070 0.235166
17179.72070 0.235185
17179.97070 0.235205
17180.22070 0.235213
17180.47070 0.235221
17180.72070 0.235228
17180.97070 0.235236
17181.22070 0.235243
17181.47070 0.23525
17181.72070 0.235258
17181.97070 0.235265
17182.22070 0.235258
17182.47070 0.23525
17182.72070 0.235241
17182.97070 0.235232
17183.22070 0.235223
17183.47070 0.235214
17183.72070 0.235205
17183.96094 0.235196
17184.21094 0.235256
17184.46094 0.235328
17184.71094 0.235399
17184.96094 0.23547
17185.21094 0.235541
17185.46094 0.235613
17185.71094 0.235684
17185.96094 0.235755
17186.21094 0.235763
17186.46094 0.235761
17186.71094 0.235758
17186.96094 0.235755
17187.21094 0.235752
17187.46094 0.23575
17187.71094 0.235747
17187.96094 0.235744
17188.21094 0.235725
17188.46094 0.235703
17188.71094 0.235681
17188.96094 0.235658
17189.21094 0.235636
17189.46094 0.235614
17189.71094 0.235592
17189.96094 0.235569
17190.21094 0.235624
17190.46094 0.235692
17190.71094 0.235761
17190.96094 0.23583
17191.21094 0.235899
17191.46094 0.235967
17191.71094 0.236036
17191.96094 0.236105
17192.21094 0.236107
17192.46094 0.236095
17192.71094 0.236084
17192.96094 0.236072
17193.21094 0.236061
17193.46094 0.236049
17193.71094 0.236038
17193.96094 0.236027
17194.21094 0.236028
17194.46094 0.236032
17194.71094 0.236035
17194.96094 0.236039
17195.21094 0.236043
17195.46094 0.236047
17195.71094 0.236051
17195.96094 0.236055
17196.21094 0.236096
17196.46094 0.236145
17196.71094 0.236194
17196.96094 0.236243
17197.21094 0.236292
17197.46094 0.236341
17197.71094 0.23639
17197.96094 0.236439
17198.21094 0.236437
17198.46094 0.236424
17198.71094 0.236411
17198.96094 0.236398
17199.21094 0.236385
17199.46094 0.236372
17199.71094 0.236359
17199.96094 0.236345
17200.21094 0.236356
17200.46094 0.236371
17200.71094 0.236387
17200.96094 0.236402
17201.21094 0.236418
17201.46094 0.236433
17201.71094 0.236449
17201.96094 0.236464
17202.21094 0.236425
17202.46094 0.236374
17202.71094 0.236323
17202.96094 0.236272
17203.21094 0.236221
17203.46094 0.23617
17203.71094 0.236119
17203.96094 0.236068
17204.21094 0.236188
17204.46094 0.236345
17204.71094 0.236501
17204.96094 0.236658
17205.21094 0.236815
17205.46094 0.236972
17205.71094 0.237129
17205.96094 0.237286
17206.21094 0.237231
17206.46094 0.23713
17206.71094 0.237029
17206.96094 0.236928
17207.21094 0.236827
17207.46094 0.236726
17207.71094 0.236624
17207.96094 0.236523
17208.21094 0.236532
17208.46094 0.236564
17208.71094 0.236597
17208.96094 0.236629
17209.21094 0.236662
17209.46094 0.236695
17209.71094 0.236727
17209.96094 0.23676
17210.21094 0.236752
17210.46094 0.236736
17210.71094 0.236721
17210.96094 0.236705
17211.21094 0.236689
17211.46094 0.236674
17211.71094 0.236658
17211.96094 0.236642
17212.21094 0.236664
17212.46094 0.236693
17212.71094 0.236722
17212.96094 0.236752
17213.21094 0.236781
17213.46094 0.23681
17213.71094 0.23684
17213.96094 0.236869
17214.21094 0.236882
17214.46094 0.236893
17214.71094 0.236904
17214.96094 0.236914
17215.21094 0.236925
