threeML/data/optical_filters/HST/NICMOS2-F222M.ecsv
# %ECSV 0.9
# ---
# datatype:
# - {name: wavelength, unit: Angstrom, datatype: float32}
# - {name: response, datatype: float32}
# meta: !!omap
# - {band_name: F222M}
# - {group_name: NICMOS2}
wavelength response
[from data line 5360]
22306.48047 0.253396
22306.83008 0.253767
22307.17969 0.254139
22307.52930 0.25451
22307.88086 0.254882
22308.24023 0.254852
22308.58984 0.254628
22308.93945 0.254405
22309.28906 0.254182
22309.64062 0.253958
22310.00000 0.253734
22310.34961 0.254003
22310.69922 0.254275
22311.05078 0.254547
22311.40039 0.254819
22311.75977 0.255091
22312.10938 0.25519
22312.46094 0.2549
22312.81055 0.254609
22313.16016 0.254319
22313.51953 0.254029
22313.86914 0.253737
22314.22070 0.253986
22314.57031 0.254556
22314.91992 0.255125
22315.27930 0.255698
22315.63086 0.256267
22315.98047 0.256836
22316.33008 0.256335
22316.68945 0.255767
22317.03906 0.255202
22317.39062 0.254637
22317.74023 0.254072
22318.08984 0.253688
22318.44922 0.253816
22318.80078 0.253943
22319.15039 0.25407
22319.50000 0.254198
22319.84961 0.254325
22320.21094 0.254317
22320.56055 0.254212
22320.91016 0.254105
22321.25977 0.254
22321.60938 0.253895
22321.96094 0.253789
22322.32031 0.253979
22322.66992 0.254201
22323.01953 0.254422
22323.38086 0.254645
22323.73047 0.254866
22324.08008 0.25503
22324.42969 0.254989
22324.77930 0.254947
22325.13086 0.254906
22325.49023 0.254866
22325.83984 0.254824
22326.18945 0.254769
22326.53906 0.254702
22326.90039 0.254635
22327.25000 0.254568
22327.59961 0.254501
22327.94922 0.254433
22328.30078 0.254345
22328.66016 0.254254
22329.00977 0.254162
22329.35938 0.25407
22329.71094 0.253979
22330.07031 0.254024
22330.41992 0.254659
22330.76953 0.255294
22331.11914 0.255933
22331.47070 0.256568
22331.83008 0.257203
22332.17969 0.257327
22332.52930 0.256954
22332.88086 0.256579
22333.24023 0.256206
22333.58984 0.255833
22333.93945 0.255458
22334.28906 0.255381
22334.64062 0.255362
22335.00000 0.255343
22335.34961 0.255324
22335.69922 0.255306
22336.05078 0.255299
22336.41016 0.255359
22336.75977 0.255419
22337.10938 0.255479
22337.46094 0.255539
22337.82031 0.255599
22338.16992 0.255625
22338.51953 0.255615
22338.86914 0.255605
22339.23047 0.255595
22339.58008 0.255585
22339.92969 0.255575
22340.27930 0.2554
22340.63086 0.255185
22340.99023 0.254968
22341.33984 0.254753
22341.68945 0.254537
22342.03906 0.254374
22342.40039 0.25457
22342.75000 0.254764
22343.09961 0.254959
22343.46094 0.255154
22343.81055 0.255349
22344.16016 0.255598
22344.50977 0.255912
22344.86914 0.256227
22345.22070 0.25654
22345.57031 0.256855
22345.91992 0.257168
22346.27930 0.257076
22346.63086 0.25687
22346.98047 0.256663
22347.33008 0.256457
22347.68945 0.25625
22348.03906 0.256074
22348.39062 0.256159
22348.74023 0.256242
22349.09961 0.256327
22349.44922 0.25641
22349.80078 0.256495
22350.15039 0.256502
22350.50977 0.25641
22350.85938 0.256317
22351.21094 0.256225
22351.56055 0.256132
22351.91992 0.256039
22352.26953 0.256051
22352.61914 0.256096
22352.97070 0.25614
22353.33008 0.256185
22353.67969 0.256229
22354.02930 0.256273
22354.38086 0.256301
22354.74023 0.256329
22355.08984 0.256358
22355.43945 0.256386
22355.78906 0.256414
22356.15039 0.256361
22356.50000 0.256193
22356.84961 0.256025
22357.21094 0.255857
22357.56055 0.255689
22357.91016 0.255521
22358.25977 0.255433
22358.61914 0.255373
22358.97070 0.255313
22359.32031 0.255253
22359.66992 0.255193
22360.02930 0.255134
22360.38086 0.255085
22360.73047 0.255036
22361.08008 0.254987
22361.43945 0.254938
22361.78906 0.254889
22362.14062 0.254957
22362.50000 0.255198
22362.84961 0.255437
22363.19922 0.255678
22363.55078 0.255919
22363.91016 0.256158
22364.25977 0.256224
22364.60938 0.256228
22364.96094 0.256231
22365.32031 0.256234
22365.66992 0.256237
22366.01953 0.256245
22366.38086 0.256323
22366.73047 0.2564
22367.08008 0.256478
22367.42969 0.256555
22367.78906 0.256632
22368.14062 0.256698
22368.49023 0.256746
22368.84961 0.256794
22369.19922 0.256842
22369.55078 0.25689
22369.90039 0.256938
22370.25977 0.256978
22370.60938 0.257015
22370.96094 0.257052
22371.32031 0.257089
22371.66992 0.257125
22372.01953 0.257165
22372.38086 0.25724
22372.73047 0.257315
22373.08008 0.257389
22373.42969 0.257464
22373.78906 0.257539
22374.14062 0.257582
22374.49023 0.257577
22374.84961 0.257572
22375.19922 0.257566
22375.55078 0.257561
22375.90039 0.257556
22376.25977 0.257548
22376.60938 0.25754
22376.96094 0.257532
22377.32031 0.257523
22377.66992 0.257515
22378.01953 0.257512
22378.38086 0.25759
22378.73047 0.257669
22379.08008 0.257746
22379.42969 0.257825
22379.78906 0.257903
22380.14062 0.257865
22380.49023 0.257651
22380.84961 0.257435
22381.19922 0.257219
22381.55078 0.257004
22381.90039 0.256789
22382.25977 0.256891
22382.60938 0.257111
22382.96094 0.257331
22383.32031 0.257551
22383.66992 0.257769
22384.01953 0.257953
22384.38086 0.257624
22384.73047 0.257294
22385.08008 0.256964
22385.43945 0.256637
22385.78906 0.256307
22386.14062 0.256123
22386.50000 0.256152
22386.84961 0.256182
22387.19922 0.256212
22387.55078 0.256242
22387.91016 0.256271
22388.25977 0.256391
22388.61914 0.256542
22388.97070 0.256692
22389.32031 0.256843
22389.66992 0.256994
22390.02930 0.257139
22390.38086 0.257207
22390.73047 0.257275
22391.08984 0.257343
22391.43945 0.257411
22391.78906 0.257479
22392.15039 0.257466
22392.50000 0.257339
22392.84961 0.257211
22393.21094 0.257085
22393.56055 0.256957
22393.91016 0.25683
22394.26953 0.256758
22394.61914 0.256705
22394.97070 0.256651
22395.33008 0.256598
22395.67969 0.256544
22396.02930 0.256503
22396.38086 0.256586
22396.74023 0.256669
22397.08984 0.256752
22397.44922 0.256835
22397.80078 0.256918
22398.15039 0.256972
22398.50977 0.256988
22398.85938 0.257004
22399.21094 0.25702
22399.56055 0.257035
22399.91992 0.257051
22400.26953 0.257115
22400.61914 0.257195
22400.98047 0.257274
22401.33008 0.257353
22401.68945 0.257433
22402.03906 0.257502
22402.39062 0.257489
22402.75000 0.257476
22403.09961 0.257463
22403.44922 0.25745
22403.80078 0.257437
22404.16016 0.257539
22404.50977 0.257785
22404.86914 0.25803
22405.22070 0.258275
22405.57031 0.258521
22405.92969 0.258766
22406.27930 0.258602
22406.63086 0.258328
22406.99023 0.258055
22407.33984 0.257781
22407.68945 0.257508
22408.05078 0.257264
22408.40039 0.257214
22408.75000 0.257164
22409.10938 0.257115
22409.46094 0.257065
22409.81055 0.257015
22410.16992 0.257072
22410.51953 0.257248
22410.86914 0.257424
22411.23047 0.257601
22411.58008 0.257776
22411.93945 0.257952
22412.28906 0.258065
22412.64062 0.258164
22413.00000 0.258262
22413.34961 0.258361
22413.69922 0.258459
22414.06055 0.258551
22414.41016 0.258605
22414.75977 0.258659
22415.11914 0.258713
22415.47070 0.258767
22415.82031 0.258821
22416.17969 0.258982
22416.52930 0.259247
22416.88086 0.259513
22417.24023 0.259779
22417.58984 0.260044
22417.94922 0.26031
22418.30078 0.260257
22418.65039 0.260145
22419.00977 0.260034
22419.35938 0.259923
22419.71094 0.259812
22420.07031 0.259699
22420.41992 0.259582
22420.77930 0.259465
22421.13086 0.259347
22421.48047 0.25923
22421.83984 0.259113
22422.18945 0.259108
22422.53906 0.259201
22422.90039 0.259294
22423.25000 0.259387
22423.60938 0.25948
22423.96094 0.259572
22424.31055 0.259698
22424.66992 0.259828
22425.01953 0.259958
22425.36914 0.260089
22425.73047 0.260219
22426.08008 0.260263
22426.43945 0.260022
22426.78906 0.25978
22427.14062 0.259539
22427.50000 0.259298
22427.84961 0.259056
22428.19922 0.258989
22428.56055 0.259053
22428.91016 0.259116
22429.26953 0.25918
22429.61914 0.259243
22429.97070 0.259306
22430.33008 0.259229
22430.67969 0.259141
22431.03906 0.259053
22431.39062 0.258964
22431.74023 0.258876
22432.09961 0.258859
22432.44922 0.259033
22432.80078 0.259208
22433.16016 0.259383
22433.50977 0.259558
22433.86914 0.259733
22434.22070 0.259469
22434.57031 0.258936
22434.92969 0.2584
22435.27930 0.257866
22435.63086 0.257333
22435.99023 0.256799
22436.33984 0.257506
22436.69922 0.258259
22437.05078 0.259008
22437.40039 0.259757
22437.75977 0.260506
22438.10938 0.260937
22438.47070 0.260678
22438.82031 0.260421
22439.16992 0.260163
22439.52930 0.259906
22439.88086 0.259646
22440.24023 0.259434
22440.58984 0.259243
22440.93945 0.259053
22441.30078 0.258863
22441.65039 0.258671
22442.00977 0.258485
22442.35938 0.25859
22442.71094 0.258694
22443.07031 0.258798
22443.41992 0.258902
22443.77930 0.259006
22444.13086 0.259119
22444.48047 0.259246
22444.83984 0.259373
22445.18945 0.2595
22445.55078 0.259628
22445.90039 0.259755
22446.25000 0.259739
22446.60938 0.259667
22446.96094 0.259594
22447.32031 0.259522
22447.66992 0.25945
22448.02930 0.259381
22448.38086 0.259358
22448.73047 0.259335
22449.08984 0.259312
22449.43945 0.259289
22449.78906 0.259266
22450.15039 0.259244
22450.50000 0.259225
22450.85938 0.259206
22451.21094 0.259187
22451.57031 0.259168
22451.91992 0.259149
22452.26953 0.259414
22452.63086 0.259765
22452.98047 0.260114
22453.33984 0.260463
22453.68945 0.260814
22454.03906 0.261057
22454.40039 0.260567
22454.75000 0.26008
22455.10938 0.259592
22455.46094 0.259102
22455.82031 0.258614
22456.16992 0.258445
22456.52930 0.258622
22456.88086 0.258797
22457.23047 0.258973
22457.58984 0.259149
22457.93945 0.259325
22458.30078 0.259329
22458.65039 0.259299
22459.00000 0.25927
22459.35938 0.25924
22459.71094 0.25921
22460.07031 0.259238
22460.41992 0.259506
22460.77930 0.259774
22461.13086 0.260043
22461.48047 0.260312
22461.83984 0.260581
22462.18945 0.260664
22462.55078 0.260593
22462.90039 0.260522
22463.25977 0.260451
22463.60938 0.26038
22463.96094 0.260309
22464.32031 0.260446
22464.66992 0.260608
22465.02930 0.260768
22465.38086 0.260929
22465.74023 0.26109
22466.08984 0.261188
22466.44922 0.261104
22466.80078 0.26102
22467.15039 0.260936
22467.50977 0.260853
22467.85938 0.260769
22468.22070 0.260808
22468.57031 0.260925
22468.92969 0.261042
22469.27930 0.26116
22469.63086 0.261277
22469.99023 0.261394
22470.33984 0.261466
22470.69922 0.261536
22471.05078 0.261607
22471.41016 0.261678
22471.75977 0.261748
22472.11914 0.261776
22472.47070 0.261718
22472.83008 0.26166
22473.17969 0.261602
22473.53906 0.261544
22473.89062 0.261486
22474.24023 0.261588
22474.59961 0.261761
22474.94922 0.261935
22475.31055 0.262108
22475.66016 0.262282
22476.01953 0.262445
22476.36914 0.262387
22476.72070 0.26233
22477.08008 0.262272
22477.42969 0.262215
22477.78906 0.262157
22478.14062 0.262122
22478.50000 0.262119
22478.84961 0.262116
22479.21094 0.262113
22479.56055 0.26211
22479.91992 0.262107
22480.26953 0.262096
22480.63086 0.262081
22480.98047 0.262067
22481.33984 0.262052
22481.68945 0.262038
22482.03906 0.262035
22482.40039 0.262117
22482.75000 0.262199
22483.10938 0.26228
22483.46094 0.262362
22483.82031 0.262444
22484.16992 0.262338
22484.52930 0.262031
22484.88086 0.261726
22485.24023 0.26142
22485.58984 0.261113
22485.94922 0.260808
22486.30078 0.260946
22486.65039 0.261163
22487.00977 0.261382
22487.36914 0.261601
22487.72070 0.261818
22488.07031 0.262031
22488.42969 0.262223
22488.77930 0.262415
22489.14062 0.262608
22489.49023 0.262799
22489.84961 0.262992
22490.19922 0.262858
22490.56055 0.262482
22490.91016 0.262103
22491.26953 0.261725
22491.61914 0.261348
22491.98047 0.26097
22492.33008 0.261207
22492.68945 0.261485
22493.03906 0.261765
22493.40039 0.262045
22493.75000 0.262323
22494.10938 0.262544
22494.46094 0.262624
22494.81055 0.262704
22495.16992 0.262784
22495.52930 0.262865
22495.88086 0.262945
22496.23047 0.262906
22496.58984 0.262805
22496.93945 0.262704
22497.30078 0.262603
22497.65039 0.262503
22498.00977 0.262403
22498.35938 0.262365
22498.72070 0.262327
22499.07031 0.262289
22499.42969 0.262252
22499.77930 0.262214
22500.14062 0.262311
22500.49023 0.262618
22500.84961 0.262927
22501.19922 0.263237
22501.56055 0.263546
22501.91016 0.263853
22502.26953 0.263773
22502.61914 0.263566
22502.98047 0.263359
22503.33008 0.263153
22503.68945 0.262945
22504.03906 0.262763
22504.40039 0.262764
22504.75000 0.262765
22505.10938 0.262766
22505.46094 0.262767
22505.82031 0.262768
22506.16992 0.262756
22506.52930 0.262729
22506.88086 0.262702
22507.24023 0.262676
22507.58984 0.262649
22507.94922 0.262622
22508.30078 0.262614
22508.66016 0.26261
22509.00977 0.262605
22509.36914 0.262601
22509.72070 0.262597
22510.08008 0.262598
22510.42969 0.262623
22510.78906 0.262648
22511.14062 0.262672
22511.50000 0.262697
22511.84961 0.262721
22512.21094 0.262767
22512.56055 0.262828
22512.91992 0.262889
22513.26953 0.26295
22513.63086 0.26301
22513.98047 0.263071
22514.33984 0.262957
22514.69922 0.262835
22515.05078 0.262713
22515.40039 0.262592
22515.75977 0.26247
22516.11914 0.262368
22516.47070 0.262307
22516.83008 0.262246
22517.17969 0.262185
22517.53906 0.262124
22517.89062 0.262063
22518.25000 0.262273
22518.59961 0.262602
22518.96094 0.262932
22519.31055 0.263261
22519.66992 0.263591
22520.01953 0.263887
22520.38086 0.263704
22520.73047 0.263521
22521.08984 0.263337
22521.43945 0.263153
22521.80078 0.26297
22522.15039 0.262843
22522.50977 0.262791
22522.86914 0.262738
22523.22070 0.262686
22523.58008 0.262633
22523.92969 0.262581
22524.28906 0.262494
22524.64062 0.262399
22525.00000 0.262304
22525.34961 0.262209
22525.71094 0.262114
22526.06055 0.262037
22526.41992 0.262046
22526.76953 0.262055
22527.13086 0.262063
22527.48047 0.262072
22527.83984 0.262081
22528.19922 0.262174
22528.55078 0.262338
22528.91016 0.262502
22529.25977 0.262665
22529.61914 0.262829
22529.97070 0.262993
22530.33008 0.2631
22530.67969 0.263203
22531.03906 0.263305
22531.39062 0.263408
22531.75000 0.263511
22532.09961 0.263523
22532.46094 0.263316
22532.81055 0.263108
22533.16992 0.262901
22533.52930 0.262694
22533.88086 0.262487
22534.24023 0.26245
22534.58984 0.262499
22534.94922 0.262549
22535.30078 0.262599
22535.66016 0.262648
22536.00977 0.262686
22536.36914 0.262445
22536.72070 0.262204
22537.08008 0.261963
22537.43945 0.261722
22537.78906 0.261481
22538.15039 0.261451
22538.50000 0.261723
22538.85938 0.261996
22539.21094 0.262268
22539.57031 0.26254
22539.91992 0.262813
22540.27930 0.263045
22540.64062 0.263268
22540.99023 0.26349
22541.34961 0.263711
22541.69922 0.263933
22542.06055 0.264081
22542.41016 0.263852
22542.76953 0.263623
22543.13086 0.263395
22543.48047 0.263166
22543.83984 0.262937
22544.18945 0.262965
22544.55078 0.263212
22544.90039 0.263459
22545.25977 0.263706
22545.60938 0.263953
22545.97070 0.264202
22546.33008 0.264134
22546.67969 0.264037
22547.03906 0.26394
22547.39062 0.263844
22547.75000 0.263747
22548.09961 0.263656
22548.46094 0.263578
22548.81055 0.263501
22549.16992 0.263423
22549.52930 0.263345
22549.88086 0.263268
22550.24023 0.263226
22550.58984 0.263203
22550.94922 0.263179
22551.30078 0.263155
22551.66016 0.263132
22552.01953 0.263122
22552.36914 0.263382
22552.73047 0.263641
22553.08008 0.263901
22553.43945 0.264161
22553.78906 0.264421
22554.15039 0.264502
22554.50977 0.264338
22554.85938 0.264175
22555.22070 0.264012
22555.57031 0.263849
22555.92969 0.263686
22556.28906 0.263642
22556.64062 0.263628
22557.00000 0.263615
22557.34961 0.263601
22557.71094 0.263587
22558.06055 0.263644
22558.41992 0.264023
22558.77930 0.2644
22559.13086 0.264777
22559.49023 0.265155
22559.83984 0.265532
22560.19922 0.265292
22560.56055 0.264575
22560.91016 0.263859
22561.26953 0.263142
22561.61914 0.262426
22561.98047 0.261705
22562.33984 0.262192
22562.68945 0.262749
22563.05078 0.263306
22563.40039 0.263862
22563.75977 0.264422
22564.11914 0.264738
22564.47070 0.26455
22564.83008 0.264363
22565.17969 0.264174
22565.53906 0.263987
22565.89062 0.263799
22566.25000 0.263622
22566.60938 0.263449
22566.96094 0.263277
22567.32031 0.263105
22567.66992 0.262933
22568.02930 0.262773
22568.39062 0.262741
22568.74023 0.262709
22569.09961 0.262676
22569.46094 0.262645
22569.81055 0.262613
22570.16992 0.262671
22570.51953 0.262833
22570.88086 0.262995
22571.23047 0.263157
22571.58984 0.263319
22571.94922 0.263481
22572.30078 0.263203
22572.66016 0.262848
22573.01953 0.262492
22573.36914 0.262137
22573.73047 0.261783
22574.08008 0.261531
22574.43945 0.261621
22574.78906 0.26171
22575.15039 0.2618
22575.50977 0.26189
22575.85938 0.261979
22576.22070 0.262082
22576.58008 0.262192
22576.92969 0.262303
