threeML/data/optical_filters/HST/NICMOS2-POL0L.ecsv
# %ECSV 0.9
# ---
# datatype:
# - {name: wavelength, unit: Angstrom, datatype: float32}
# - {name: response, datatype: float32}
# meta: !!omap
# - {band_name: POL0L}
# - {group_name: NICMOS2}
wavelength response
16500.75391 0.0
18334.16992 0.0004
18334.53906 0.000403
18334.91016 0.000405
18335.26953 0.000407
18335.64062 0.000409
18336.00977 0.000411
18336.36914 0.000413
18336.74023 0.000415
18337.10938 0.000417
18337.48047 0.000419
18337.84961 0.000421
18338.21094 0.000423
18338.58008 0.000425
18338.94922 0.000427
18339.32031 0.000429
18339.67969 0.000431
18340.05078 0.000432
18340.41992 0.00043
18340.78906 0.000429
18341.15039 0.000427
18341.51953 0.000425
18341.89062 0.000424
18342.25977 0.000422
18342.63086 0.00042
18342.99023 0.000419
18343.35938 0.000417
18343.73047 0.000415
18344.08984 0.000414
18344.46094 0.000412
18344.83008 0.00041
18345.19922 0.00041
18345.56055 0.000411
18345.92969 0.000411
18346.30078 0.000412
18346.66992 0.000412
18347.03906 0.000413
18347.40039 0.000413
18347.76953 0.000414
18348.14062 0.000415
18348.50977 0.000415
18348.88086 0.000416
18349.24023 0.000416
18349.60938 0.000417
18349.98047 0.000417
18350.34961 0.000416
18350.71094 0.000414
18351.08008 0.000412
18351.44922 0.00041
18351.82031 0.000408
18352.17969 0.000406
18352.55078 0.000404
18352.91992 0.000402
18353.28906 0.000401
18353.66016 0.000399
18354.01953 0.000397
18354.39062 0.000395
18354.75977 0.000393
18355.13086 0.000393
18355.49023 0.000399
18355.85938 0.000404
18356.23047 0.000409
18356.59961 0.000414
18356.97070 0.000419
18357.33008 0.000424
18357.69922 0.000429
18358.07031 0.000434
18358.43945 0.000439
18358.81055 0.000445
18359.16992 0.00045
18359.53906 0.000455
18359.91016 0.00046
18360.27930 0.00046
18360.65039 0.000458
18361.00977 0.000456
18361.38086 0.000454
18361.75000 0.000453
18362.11914 0.000451
18362.49023 0.000449
18362.84961 0.000447
18363.22070 0.000445
18363.58984 0.000444
18363.96094 0.000442
18364.33008 0.00044
18364.68945 0.000438
18365.06055 0.000437
18365.42969 0.000437
18365.80078 0.000438
18366.16992 0.000438
18366.53906 0.000439
18366.90039 0.00044
18367.26953 0.00044
18367.64062 0.000441
18368.00977 0.000441
18368.38086 0.000442
18368.74023 0.000442
18369.10938 0.000443
18369.48047 0.000443
18369.84961 0.000444
18370.21094 0.000446
18370.58008 0.000449
18370.94922 0.000453
18371.32031 0.000456
18371.68945 0.00046
18372.06055 0.000463
18372.41992 0.000467
18372.78906 0.00047
18373.16016 0.000474
18373.52930 0.000477
18373.90039 0.000481
18374.26953 0.000484
18374.63086 0.000488
18375.00000 0.000491
18375.36914 0.00049
18375.74023 0.000489
18376.10938 0.000489
18376.47070 0.000488
18376.83984 0.000487
18377.21094 0.000486
18377.58008 0.000485
18377.94922 0.000484
18378.32031 0.000484
18378.68945 0.000483
18379.05078 0.000482
18379.41992 0.000481
18379.78906 0.00048
18380.16016 0.000481
18380.52930 0.000484
18380.89062 0.000488
18381.25977 0.000491
18381.63086 0.000494
18382.00000 0.000497
18382.36914 0.000501
18382.74023 0.000504
18383.10938 0.000507
18383.47070 0.000511
18383.83984 0.000514
18384.21094 0.000517
18384.58008 0.00052
18384.94922 0.000524
18385.32031 0.000526
18385.68945 0.000529
18386.05078 0.000531
18386.41992 0.000534
18386.78906 0.000537
18387.16016 0.000539
18387.52930 0.000542
18387.90039 0.000544
18388.25977 0.000547
18388.63086 0.000549
18389.00000 0.000552
18389.36914 0.000555
18389.74023 0.000557
18390.10938 0.000559
18390.48047 0.000561
18390.83984 0.000562
18391.21094 0.000563
18391.58008 0.000564
18391.94922 0.000566
18392.32031 0.000567
18392.68945 0.000568
18393.06055 0.000569
18393.41992 0.000571
18393.78906 0.000572
18394.16016 0.000573
18394.52930 0.000574
18394.90039 0.000575
18395.26953 0.000577
18395.64062 0.000578
18396.00977 0.000579
18396.36914 0.00058
18396.74023 0.000581
18397.10938 0.000582
18397.48047 0.000583
18397.84961 0.000584
18398.22070 0.000585
18398.58984 0.000586
18398.96094 0.000587
18399.32031 0.000588
18399.68945 0.000589
18400.06055 0.000589
18400.42969 0.000587
18400.80078 0.000586
18401.16992 0.000584
18401.53906 0.000582
18401.90039 0.00058
18402.26953 0.000578
18402.64062 0.000576
18403.00977 0.000574
18403.38086 0.000572
18403.75000 0.00057
18404.11914 0.000568
18404.49023 0.000566
18404.85938 0.000564
18405.22070 0.000563
18405.58984 0.000564
18405.96094 0.000565
18406.33008 0.000566
18406.69922 0.000566
18407.07031 0.000567
18407.43945 0.000568
18407.81055 0.000568
18408.17969 0.000569
18408.53906 0.00057
18408.91016 0.00057
18409.27930 0.000571
18409.65039 0.000572
18410.01953 0.000573
18410.39062 0.000579
18410.75977 0.000584
18411.13086 0.00059
18411.50000 0.000596
18411.86914 0.000602
18412.23047 0.000608
18412.59961 0.000614
18412.97070 0.000619
18413.33984 0.000625
18413.71094 0.000631
18414.08008 0.000637
18414.44922 0.000643
18414.82031 0.000649
18415.18945 0.000652
18415.55078 0.000652
18415.91992 0.000653
18416.28906 0.000653
18416.66016 0.000654
18417.02930 0.000654
18417.40039 0.000655
18417.76953 0.000655
18418.14062 0.000656
18418.50977 0.000656
18418.88086 0.000657
18419.25000 0.000657
18419.61914 0.000658
18419.98047 0.000658
18420.34961 0.000662
18420.72070 0.000666
18421.08984 0.00067
18421.46094 0.000674
18421.83008 0.000678
18422.19922 0.000682
18422.57031 0.000686
18422.93945 0.00069
18423.31055 0.000694
18423.67969 0.000698
18424.05078 0.000702
18424.41992 0.000706
18424.78906 0.00071
18425.15039 0.000712
18425.51953 0.000713
18425.89062 0.000714
18426.25977 0.000715
18426.63086 0.000715
18427.00000 0.000716
18427.36914 0.000717
18427.74023 0.000717
18428.10938 0.000718
18428.48047 0.000719
18428.84961 0.00072
18429.22070 0.00072
18429.58984 0.000721
18429.96094 0.000722
18430.32031 0.000722
18430.68945 0.000722
18431.06055 0.000722
18431.42969 0.000722
18431.80078 0.000722
18432.16992 0.000722
18432.53906 0.000722
18432.91016 0.000722
18433.27930 0.000722
18433.65039 0.000721
18434.01953 0.000721
18434.39062 0.000721
18434.75977 0.000721
18435.13086 0.000722
18435.50000 0.000725
18435.86914 0.000727
18436.23047 0.00073
18436.59961 0.000732
18436.97070 0.000734
18437.33984 0.000737
18437.71094 0.000739
18438.08008 0.000742
18438.44922 0.000744
18438.82031 0.000747
18439.18945 0.000749
18439.56055 0.000752
18439.92969 0.000754
18440.30078 0.000759
18440.66992 0.000765
18441.03906 0.000771
18441.41016 0.000776
18441.77930 0.000782
18442.15039 0.000788
18442.51953 0.000793
18442.89062 0.000799
18443.25977 0.000805
18443.63086 0.000811
18444.00000 0.000816
18444.36914 0.000822
18444.73047 0.000828
18445.10938 0.000831
18445.47070 0.000831
18445.83984 0.00083
18446.21094 0.000829
18446.58008 0.000828
18446.94922 0.000827
18447.32031 0.000827
18447.68945 0.000826
18448.06055 0.000825
18448.42969 0.000824
18448.80078 0.000823
18449.16992 0.000823
18449.53906 0.000822
18449.91016 0.000821
18450.27930 0.000822
18450.65039 0.000824
18451.01953 0.000826
18451.39062 0.000828
18451.75977 0.00083
18452.13086 0.000833
18452.50000 0.000835
18452.86914 0.000837
18453.24023 0.000839
18453.60938 0.000841
18453.98047 0.000843
18454.34961 0.000845
18454.72070 0.000847
18455.08984 0.000849
18455.46094 0.000851
18455.83008 0.000853
18456.19922 0.000855
18456.57031 0.000857
18456.93945 0.000859
18457.31055 0.000861
18457.67969 0.000863
18458.05078 0.000864
18458.41992 0.000866
18458.78906 0.000868
18459.16016 0.00087
18459.52930 0.000872
18459.90039 0.000874
18460.26953 0.000876
18460.64062 0.000879
18461.00977 0.000881
18461.38086 0.000883
18461.75000 0.000885
18462.11914 0.000888
18462.49023 0.00089
18462.85938 0.000892
18463.23047 0.000894
18463.59961 0.000897
18463.97070 0.000899
18464.33984 0.000901
18464.71094 0.000903
18465.08008 0.000905
18465.44922 0.000907
18465.82031 0.000908
18466.18945 0.000909
18466.56055 0.000911
18466.92969 0.000912
18467.30078 0.000913
18467.66992 0.000914
18468.03906 0.000916
18468.41016 0.000917
18468.77930 0.000918
18469.15039 0.000919
18469.51953 0.000921
18469.89062 0.000922
18470.25977 0.000926
18470.63086 0.000931
18471.00000 0.000936
18471.36914 0.000941
18471.74023 0.000946
18472.10938 0.000952
18472.48047 0.000957
18472.84961 0.000962
18473.22070 0.000967
18473.58984 0.000972
18473.96094 0.000977
18474.33008 0.000982
18474.69922 0.000987
18475.07031 0.000992
18475.43945 0.000993
18475.81055 0.000994
18476.17969 0.000994
18476.55078 0.000995
18476.91992 0.000996
18477.28906 0.000997
18477.66016 0.000998
18478.03906 0.000999
18478.40039 0.001
18478.77930 0.001001
18479.14062 0.001001
18479.51953 0.001002
18479.89062 0.001003
18480.25977 0.001005
18480.63086 0.001007
18481.00000 0.00101
18481.36914 0.001012
18481.74023 0.001014
18482.10938 0.001016
18482.48047 0.001019
18482.84961 0.001021
18483.22070 0.001023
18483.58984 0.001026
18483.96094 0.001028
18484.33008 0.00103
18484.69922 0.001032
18485.07031 0.001036
18485.43945 0.001042
18485.81055 0.001048
18486.17969 0.001055
18486.55078 0.001061
18486.91992 0.001067
18487.28906 0.001074
18487.66992 0.00108
18488.03906 0.001086
18488.41016 0.001093
18488.77930 0.001099
18489.15039 0.001105
18489.51953 0.001112
18489.89062 0.001118
18490.25977 0.001121
18490.63086 0.001123
18491.00000 0.001125
18491.36914 0.001127
18491.74023 0.001128
18492.10938 0.00113
18492.48047 0.001132
18492.84961 0.001134
18493.22070 0.001136
18493.58984 0.001137
18493.96094 0.001139
18494.33984 0.001141
18494.71094 0.001143
18495.08008 0.001144
18495.44922 0.001144
18495.82031 0.001144
18496.18945 0.001144
18496.56055 0.001145
18496.92969 0.001145
18497.30078 0.001145
18497.66992 0.001145
18498.03906 0.001145
18498.41016 0.001145
18498.77930 0.001145
18499.15039 0.001145
18499.52930 0.001145
18499.90039 0.001145
18500.26953 0.001146
18500.64062 0.001148
18501.00977 0.001149
18501.38086 0.00115
18501.75000 0.001152
18502.11914 0.001153
18502.49023 0.001154
18502.85938 0.001156
18503.23047 0.001157
18503.59961 0.001159
18503.97070 0.00116
18504.34961 0.001161
18504.72070 0.001163
18505.08984 0.001165
18505.46094 0.001172
18505.83008 0.001178
18506.19922 0.001184
18506.57031 0.001191
18506.93945 0.001197
18507.31055 0.001204
18507.67969 0.00121
18508.05078 0.001217
18508.42969 0.001223
18508.80078 0.00123
18509.16992 0.001236
18509.53906 0.001243
18509.91016 0.001249
18510.27930 0.001253
18510.65039 0.001257
18511.01953 0.001261
18511.39062 0.001265
18511.75977 0.001268
18512.13086 0.001272
18512.50977 0.001276
18512.88086 0.00128
18513.25000 0.001283
18513.61914 0.001287
18513.99023 0.001291
18514.35938 0.001295
18514.73047 0.001298
18515.09961 0.001302
18515.47070 0.001304
18515.84961 0.001306
18516.22070 0.001308
18516.58984 0.00131
18516.96094 0.001313
18517.33008 0.001315
18517.69922 0.001317
18518.07031 0.001319
18518.43945 0.001321
18518.81055 0.001324
18519.18945 0.001326
18519.56055 0.001328
18519.92969 0.00133
18520.30078 0.001337
18520.66992 0.001344
18521.03906 0.001352
18521.41016 0.001359
18521.77930 0.001367
18522.15039 0.001374
18522.52930 0.001382
18522.90039 0.00139
18523.26953 0.001397
18523.64062 0.001405
18524.00977 0.001412
18524.38086 0.00142
18524.75000 0.001427
18525.13086 0.001433
18525.50000 0.001434
18525.86914 0.001435
18526.24023 0.001437
18526.60938 0.001438
18526.98047 0.001439
18527.34961 0.001441
18527.72070 0.001442
18528.09961 0.001443
18528.47070 0.001445
18528.83984 0.001446
18529.21094 0.001448
18529.58008 0.001449
18529.94922 0.00145
18530.32031 0.001452
18530.69922 0.001455
18531.07031 0.001457
18531.43945 0.001459
18531.81055 0.001462
18532.17969 0.001464
18532.55078 0.001466
18532.91992 0.001468
18533.28906 0.001471
18533.66992 0.001473
18534.03906 0.001475
18534.41016 0.001477
18534.77930 0.00148
18535.15039 0.001484
18535.51953 0.001492
18535.89062 0.0015
18536.26953 0.001507
18536.64062 0.001515
18537.00977 0.001523
18537.38086 0.00153
18537.75000 0.001538
18538.11914 0.001546
18538.50000 0.001553
18538.86914 0.001561
18539.24023 0.001569
18539.60938 0.001576
18539.98047 0.001584
18540.34961 0.00159
18540.72070 0.001596
18541.09961 0.001602
18541.47070 0.001607
18541.83984 0.001613
18542.21094 0.001619
18542.58008 0.001625
18542.96094 0.001631
18543.33008 0.001637
18543.69922 0.001642
18544.07031 0.001648
18544.43945 0.001654
18544.81055 0.00166
18545.17969 0.001665
18545.56055 0.001669
18545.92969 0.001673
18546.30078 0.001677
18546.66992 0.00168
18547.03906 0.001684
18547.41016 0.001688
18547.78906 0.001692
18548.16016 0.001696
18548.52930 0.0017
18548.90039 0.001704
18549.26953 0.001708
18549.64062 0.001712
18550.01953 0.001716
18550.39062 0.001723
18550.75977 0.001731
18551.13086 0.001738
18551.50000 0.001746
18551.88086 0.001753
18552.25000 0.001761
18552.61914 0.001768
18552.99023 0.001776
18553.35938 0.001783
18553.73047 0.001791
18554.10938 0.001798
18554.48047 0.001806
18554.84961 0.001813
18555.22070 0.001817
18555.58984 0.001817
18555.97070 0.001817
18556.33984 0.001817
18556.71094 0.001818
18557.08008 0.001818
18557.44922 0.001818
18557.83008 0.001819
18558.19922 0.001819
18558.57031 0.001819
18558.93945 0.001819
18559.31055 0.00182
18559.68945 0.00182
18560.06055 0.001821
18560.42969 0.001825
18560.80078 0.001829
18561.16992 0.001833
18561.53906 0.001837
18561.91992 0.001842
18562.28906 0.001846
18562.66016 0.00185
18563.02930 0.001854
18563.40039 0.001858
18563.77930 0.001862
18564.15039 0.001866
18564.51953 0.00187
18564.89062 0.001875
18565.26953 0.001882
18565.64062 0.00189
18566.00977 0.001899
18566.38086 0.001907
18566.75000 0.001916
18567.13086 0.001924
18567.50000 0.001933
18567.86914 0.001941
18568.24023 0.00195
18568.61914 0.001958
18568.99023 0.001967
18569.35938 0.001975
18569.73047 0.001984
18570.09961 0.001992
18570.47070 0.001999
18570.84961 0.002006
18571.22070 0.002013
18571.58984 0.002021
18571.96094 0.002028
18572.33984 0.002035
18572.71094 0.002042
18573.08008 0.002049
18573.44922 0.002057
18573.82031 0.002064
18574.19922 0.002071
18574.57031 0.002078
18574.93945 0.002086
18575.31055 0.00209
18575.68945 0.002095
18576.06055 0.002099
18576.42969 0.002103
18576.80078 0.002108
18577.17969 0.002112
18577.55078 0.002116
18577.91992 0.00212
18578.28906 0.002125
18578.66016 0.002129
18579.03906 0.002133
18579.41016 0.002138
18579.77930 0.002142
18580.15039 0.002147
18580.52930 0.002153
18580.90039 0.00216
18581.26953 0.002166
18581.64062 0.002172
18582.01953 0.002179
18582.39062 0.002185
18582.75977 0.002191
18583.13086 0.002198
18583.50977 0.002204
18583.88086 0.002211
18584.25000 0.002217
18584.61914 0.002223
18585.00000 0.00223
18585.36914 0.002238
18585.74023 0.002246
18586.10938 0.002255
18586.49023 0.002263
18586.85938 0.002271
18587.23047 0.00228
18587.59961 0.002288
18587.98047 0.002296
18588.34961 0.002305
18588.72070 0.002313
18589.08984 0.002322
18589.47070 0.00233
18589.83984 0.002338
18590.21094 0.002347
18590.58008 0.002356
18590.96094 0.002365
18591.33008 0.002374
18591.69922 0.002383
18592.07031 0.002392
18592.44922 0.002401
18592.82031 0.00241
18593.18945 0.002419
18593.56055 0.002428
18593.93945 0.002437
18594.31055 0.002446
18594.67969 0.002454
18595.05078 0.002463
18595.42969 0.002471
18595.80078 0.002478
18596.16992 0.002486
18596.53906 0.002493
18596.91992 0.002501
18597.28906 0.002508
18597.66016 0.002516
18598.03906 0.002524
18598.41016 0.002531
18598.77930 0.002539
18599.15039 0.002546
18599.52930 0.002554
18599.90039 0.002561
18600.26953 0.002568
18600.65039 0.002574
18601.01953 0.00258
18601.39062 0.002586
18601.75977 0.002592
18602.14062 0.002598
18602.50977 0.002604
18602.88086 0.00261
18603.25977 0.002616
18603.63086 0.002622
18604.00000 0.002628
18604.36914 0.002634
18604.75000 0.00264
18605.11914 0.002648
18605.49023 0.002662
18605.86914 0.002676
18606.24023 0.002689
18606.60938 0.002703
18606.98047 0.002717
18607.35938 0.002731
18607.73047 0.002745
18608.09961 0.002759
18608.48047 0.002772
18608.84961 0.002786
18609.22070 0.0028
18609.59961 0.002814
18609.97070 0.002828
18610.33984 0.002835
18610.71094 0.002842
18611.08984 0.00285
18611.46094 0.002857
18611.83008 0.002864
18612.21094 0.002871
18612.58008 0.002878
18612.94922 0.002885
18613.32031 0.002892
18613.69922 0.002899
18614.07031 0.002907
18614.43945 0.002914
18614.82031 0.002921
18615.18945 0.002931
18615.56055 0.002945
18615.93945 0.002958
18616.31055 0.002972
18616.67969 0.002986
