threeML/data/optical_filters/HST/NICMOS1-F110M.ecsv
# %ECSV 0.9
# ---
# datatype:
# - {name: wavelength, unit: Angstrom, datatype: float32}
# - {name: response, datatype: float32}
# meta: !!omap
# - {band_name: F110M}
# - {group_name: NICMOS1}
wavelength response
[from data line 1588]
10156.38965 0.086464
10156.76953 0.086461
10157.13965 0.086458
10157.50977 0.086455
10157.88965 0.086452
10158.25977 0.08645
10158.63965 0.086447
10159.00977 0.086444
10159.38965 0.086441
10159.75977 0.086438
10160.12988 0.086433
10160.50977 0.086425
10160.87988 0.086417
10161.25977 0.086408
10161.62988 0.0864
10162.00000 0.086392
10162.37988 0.086383
10162.75000 0.086375
10163.12988 0.086367
10163.50000 0.086358
10163.87988 0.08635
10164.25000 0.086341
10164.62012 0.086333
10165.00000 0.086325
10165.37012 0.086318
10165.75000 0.086311
10166.12012 0.086304
10166.50000 0.086297
10166.87012 0.086291
10167.25000 0.086284
10167.62012 0.086277
10168.00000 0.08627
10168.37012 0.086263
10168.74023 0.086256
10169.12012 0.08625
10169.49023 0.086243
10169.87012 0.086236
10170.24023 0.086227
10170.62012 0.086218
10170.99023 0.086208
10171.37012 0.086198
10171.74023 0.086188
10172.12012 0.086179
10172.49023 0.086169
10172.87012 0.086159
10173.24023 0.086149
10173.61035 0.086139
10173.99023 0.08613
10174.36035 0.08612
10174.74023 0.08611
10175.11035 0.0861
10175.49023 0.086091
10175.86035 0.086082
10176.24023 0.086073
10176.61035 0.086063
10176.99023 0.086054
10177.36035 0.086045
10177.74023 0.086036
10178.11035 0.086026
10178.49023 0.086017
10178.86035 0.086008
10179.24023 0.085999
10179.61035 0.085989
10179.99023 0.08598
10180.36035 0.085971
10180.74023 0.085963
10181.11035 0.085954
10181.49023 0.085946
10181.86035 0.085937
10182.24023 0.085929
10182.61035 0.08592
10182.99023 0.085912
10183.36035 0.085903
10183.74023 0.085894
10184.11035 0.085886
10184.49023 0.085877
10184.86035 0.085869
10185.24023 0.085861
10185.61035 0.085854
10185.99023 0.085847
10186.36035 0.08584
10186.74023 0.085833
10187.11035 0.085826
10187.49023 0.085819
10187.86035 0.085812
10188.24023 0.085806
10188.61035 0.085799
10188.99023 0.085792
10189.36035 0.085785
10189.74023 0.085778
10190.12012 0.085772
10190.49023 0.085768
10190.87012 0.085765
10191.24023 0.085762
10191.62012 0.085758
10191.99023 0.085755
10192.37012 0.085752
10192.74023 0.085748
10193.12012 0.085745
10193.49023 0.085742
10193.87012 0.085738
10194.24023 0.085735
10194.62012 0.085732
10195.00000 0.085728
10195.37012 0.085725
10195.75000 0.085722
10196.12012 0.085719
10196.50000 0.085716
10196.87012 0.085713
10197.25000 0.08571
10197.62012 0.085707
10198.00000 0.085704
10198.37988 0.085701
10198.75000 0.085698
10199.12988 0.085695
10199.50000 0.085692
10199.87988 0.085689
10200.25000 0.085688
10200.62988 0.085688
10201.00000 0.085688
10201.37988 0.085688
10201.75977 0.085688
10202.12988 0.085689
10202.50977 0.085689
10202.87988 0.085689
10203.25977 0.085689
10203.63965 0.085689
10204.00977 0.085689
10204.38965 0.085689
10204.75977 0.085689
10205.13965 0.085691
10205.50977 0.085696
10205.88965 0.085701
10206.26953 0.085706
10206.63965 0.085711
10207.01953 0.085716
10207.38965 0.085721
10207.76953 0.085726
10208.15039 0.085731
10208.51953 0.085736
10208.90039 0.085741
10209.26953 0.085746
10209.65039 0.085751
10210.03027 0.085756
10210.40039 0.085762
10210.78027 0.085768
10211.16016 0.085774
10211.53027 0.08578
10211.91016 0.085786
10212.28027 0.085792
10212.66016 0.085798
10213.04004 0.085804
10213.41016 0.08581
10213.79004 0.085816
10214.16016 0.085822
10214.54004 0.085828
10214.91992 0.085834
10215.29004 0.085843
10215.66992 0.085853
10216.04004 0.085863
10216.41992 0.085873
10216.79980 0.085883
10217.16992 0.085893
10217.54980 0.085903
10217.92969 0.085913
10218.29980 0.085923
10218.67969 0.085933
10219.05957 0.085943
10219.42969 0.085953
10219.80957 0.085963
10220.19043 0.085975
10220.55957 0.085991
10220.94043 0.086006
10221.30957 0.086021
10221.69043 0.086037
10222.07031 0.086052
10222.44043 0.086068
10222.82031 0.086083
10223.20020 0.086098
10223.57031 0.086114
10223.95020 0.086129
10224.33008 0.086144
10224.70020 0.08616
10225.08008 0.086175
10225.45996 0.08619
10225.83008 0.086205
10226.20996 0.08622
10226.58984 0.086234
10226.95996 0.086249
10227.33984 0.086264
10227.71973 0.086279
10228.08984 0.086294
10228.46973 0.086308
10228.84961 0.086323
10229.21973 0.086338
10229.59961 0.086353
10229.98047 0.086368
10230.34961 0.086388
10230.73047 0.086408
10231.11035 0.086428
10231.48047 0.086448
10231.86035 0.086468
10232.24023 0.086489
10232.61035 0.086509
10232.99023 0.086529
10233.37012 0.086549
10233.75000 0.08657
10234.12012 0.08659
10234.50000 0.08661
10234.87988 0.08663
10235.25000 0.086651
10235.62988 0.086673
10236.00977 0.086694
10236.37988 0.086716
10236.75977 0.086737
10237.13965 0.086759
10237.51953 0.08678
10237.88965 0.086802
10238.26953 0.086823
10238.65039 0.086845
10239.01953 0.086866
10239.40039 0.086888
10239.78027 0.08691
10240.16016 0.086933
10240.53027 0.086958
10240.91016 0.086983
10241.29004 0.087009
10241.66016 0.087034
10242.04004 0.087059
10242.41992 0.087084
10242.79980 0.08711
10243.16992 0.087135
10243.54980 0.08716
10243.92969 0.087186
10244.29980 0.087211
10244.67969 0.087236
10245.05957 0.087262
10245.44043 0.087291
10245.80957 0.087321
10246.19043 0.08735
10246.57031 0.087379
10246.95020 0.087408
10247.32031 0.087437
10247.70020 0.087466
10248.08008 0.087495
10248.45996 0.087524
10248.83008 0.087553
10249.20996 0.087583
10249.58984 0.087612
10249.96973 0.087641
10250.33984 0.08767
10250.71973 0.087698
10251.09961 0.087727
10251.48047 0.087756
10251.84961 0.087785
10252.23047 0.087813
10252.61035 0.087842
10252.99023 0.087871
10253.36035 0.0879
10253.74023 0.087929
10254.12012 0.087957
10254.50000 0.087986
10254.87988 0.088015
10255.25000 0.088045
10255.62988 0.088075
10256.00977 0.088105
10256.38965 0.088135
10256.75977 0.088165
10257.13965 0.088195
10257.51953 0.088226
10257.90039 0.088256
10258.28027 0.088286
10258.65039 0.088316
10259.03027 0.088346
10259.41016 0.088377
10259.79004 0.088407
10260.16016 0.088438
10260.54004 0.088469
10260.91992 0.088501
10261.29980 0.088533
10261.67969 0.088564
10262.04980 0.088596
10262.42969 0.088627
10262.80957 0.088659
10263.19043 0.088691
10263.57031 0.088722
10263.94043 0.088754
10264.32031 0.088786
10264.70020 0.088817
10265.08008 0.08885
10265.45996 0.088885
10265.83008 0.08892
10266.20996 0.088956
10266.58984 0.088991
10266.96973 0.089027
10267.34961 0.089062
10267.73047 0.089098
10268.09961 0.089133
10268.48047 0.089169
10268.86035 0.089204
10269.24023 0.08924
10269.62012 0.089276
10269.99023 0.089311
10270.37012 0.089347
10270.75000 0.089384
10271.12988 0.08942
10271.50977 0.089456
10271.88965 0.089493
10272.25977 0.089529
10272.63965 0.089566
10273.01953 0.089602
10273.40039 0.089638
10273.78027 0.089675
10274.16016 0.089711
10274.53027 0.089748
10274.91016 0.089784
10275.29004 0.089821
10275.66992 0.089858
10276.04980 0.089895
10276.42969 0.089932
10276.80957 0.089969
10277.17969 0.090006
10277.55957 0.090043
10277.94043 0.09008
10278.32031 0.090117
10278.70020 0.090154
10279.08008 0.090191
10279.45996 0.090228
10279.83008 0.090265
10280.20996 0.0903
10280.58984 0.090334
10280.96973 0.090369
10281.34961 0.090403
10281.73047 0.090437
10282.11035 0.090472
10282.48047 0.090506
10282.86035 0.09054
10283.24023 0.090574
10283.62012 0.090609
10284.00000 0.090643
10284.37988 0.090677
10284.75977 0.090711
10285.13965 0.090746
10285.50977 0.090782
10285.88965 0.090818
10286.26953 0.090854
10286.65039 0.09089
10287.03027 0.090927
10287.41016 0.090963
10287.79004 0.090999
10288.16992 0.091035
10288.54980 0.091071
10288.91992 0.091107
10289.29980 0.091143
10289.67969 0.091179
10290.05957 0.091215
10290.44043 0.091246
10290.82031 0.091278
10291.20020 0.09131
10291.58008 0.091342
10291.95996 0.091374
10292.33984 0.091405
10292.70996 0.091437
10293.08984 0.091469
10293.46973 0.091501
10293.84961 0.091533
10294.23047 0.091565
10294.61035 0.091596
10294.99023 0.091628
10295.37012 0.091663
10295.75000 0.091698
10296.12988 0.091733
10296.50977 0.091768
10296.88965 0.091803
10297.26953 0.091838
10297.63965 0.091873
10298.01953 0.091908
10298.40039 0.091943
10298.78027 0.091978
10299.16016 0.092013
10299.54004 0.092048
10299.91992 0.092083
10300.29980 0.092116
10300.67969 0.092148
10301.05957 0.092181
10301.44043 0.092213
10301.82031 0.092246
10302.20020 0.092278
10302.58008 0.092311
10302.95996 0.092343
10303.33984 0.092376
10303.70996 0.092408
10304.08984 0.092441
10304.46973 0.092473
10304.84961 0.092506
10305.23047 0.092539
10305.61035 0.092571
10305.99023 0.092604
10306.37012 0.092637
10306.75000 0.09267
10307.12988 0.092703
10307.50977 0.092736
10307.88965 0.092769
10308.26953 0.092802
10308.65039 0.092835
10309.03027 0.092868
10309.41016 0.092901
10309.79004 0.092934
10310.16992 0.092966
10310.54980 0.092996
10310.92969 0.093026
10311.30957 0.093056
10311.69043 0.093086
10312.07031 0.093116
10312.45020 0.093146
10312.83008 0.093176
10313.20996 0.093206
10313.58984 0.093236
10313.96973 0.093267
10314.34961 0.093297
10314.73047 0.093327
10315.11035 0.093356
10315.49023 0.093382
10315.87012 0.093408
10316.25000 0.093434
10316.62988 0.09346
10317.00977 0.093487
10317.38965 0.093513
10317.76953 0.093539
10318.15039 0.093565
10318.53027 0.093591
10318.91016 0.093617
10319.29004 0.093644
10319.66992 0.09367
10320.04980 0.093696
10320.42969 0.093719
10320.80957 0.093742
10321.19043 0.093765
10321.57031 0.093788
10321.95020 0.093812
10322.33008 0.093835
10322.70996 0.093858
10323.08984 0.093881
10323.46973 0.093904
10323.84961 0.093928
10324.23047 0.093951
10324.61035 0.093974
10324.99023 0.093997
10325.37012 0.094019
10325.75000 0.094042
10326.12988 0.094064
10326.50977 0.094086
10326.88965 0.094108
10327.26953 0.094131
10327.65039 0.094153
10328.03027 0.094175
10328.41016 0.094197
10328.79004 0.09422
10329.16992 0.094242
10329.54980 0.094264
10329.92969 0.094286
10330.30957 0.094306
10330.70020 0.094326
10331.08008 0.094345
10331.45996 0.094364
10331.83984 0.094384
10332.21973 0.094403
10332.59961 0.094422
10332.98047 0.094442
10333.36035 0.094461
10333.74023 0.09448
10334.12012 0.0945
10334.50000 0.094519
10334.87988 0.094538
10335.25977 0.094555
10335.63965 0.094571
10336.01953 0.094587
10336.40039 0.094603
10336.79004 0.094619
10337.16992 0.094635
10337.54980 0.094651
10337.92969 0.094667
10338.30957 0.094683
10338.69043 0.094699
10339.07031 0.094715
10339.45020 0.094731
10339.83008 0.094747
10340.20996 0.094762
10340.58984 0.094775
10340.96973 0.094789
10341.34961 0.094802
10341.74023 0.094815
10342.12012 0.094829
10342.50000 0.094842
10342.87988 0.094855
10343.25977 0.094869
10343.63965 0.094882
10344.01953 0.094895
10344.40039 0.094909
10344.78027 0.094922
10345.16016 0.094934
10345.54004 0.094943
10345.92969 0.094952
10346.30957 0.094962
10346.69043 0.094971
10347.07031 0.09498
10347.45020 0.094989
10347.83008 0.094999
10348.20996 0.095008
10348.58984 0.095017
10348.98047 0.095027
10349.36035 0.095036
10349.74023 0.095045
10350.12012 0.095054
10350.50000 0.095063
10350.87988 0.095072
10351.25977 0.095081
10351.63965 0.09509
10352.03027 0.095098
10352.41016 0.095107
10352.79004 0.095116
10353.16992 0.095125
10353.54980 0.095133
10353.92969 0.095142
10354.30957 0.095151
10354.69043 0.09516
10355.08008 0.095168
10355.45996 0.09517
10355.83984 0.095173
10356.21973 0.095176
10356.59961 0.095179
10356.98047 0.095182
10357.36035 0.095185
10357.75000 0.095188
10358.12988 0.09519
10358.50977 0.095193
10358.88965 0.095196
10359.26953 0.095199
10359.65039 0.095202
10360.04004 0.095205
10360.41992 0.095207
10360.79980 0.09521
10361.17969 0.095213
10361.55957 0.095215
10361.94043 0.095218
10362.33008 0.095221
10362.70996 0.095223
10363.08984 0.095226
10363.46973 0.095229
10363.84961 0.095232
10364.23047 0.095234
10364.62012 0.095237
10365.00000 0.09524
10365.37988 0.095235
10365.75977 0.095231
10366.13965 0.095226
10366.51953 0.095222
10366.91016 0.095217
10367.29004 0.095213
10367.66992 0.095208
10368.04980 0.095203
10368.42969 0.095199
10368.82031 0.095194
10369.20020 0.09519
10369.58008 0.095185
10369.95996 0.095181
10370.33984 0.095176
10370.71973 0.095171
10371.11035 0.095167
10371.49023 0.095162
10371.87012 0.095157
10372.25000 0.095153
10372.62988 0.095148
10373.01953 0.095143
10373.40039 0.095138
10373.78027 0.095134
10374.16016 0.095129
10374.54004 0.095124
10374.92969 0.09512
10375.30957 0.095114
10375.69043 0.095109
10376.07031 0.095104
10376.45996 0.095099
10376.83984 0.095093
10377.21973 0.095088
10377.59961 0.095083
10377.98047 0.095078
10378.37012 0.095072
10378.75000 0.095067
10379.12988 0.095062
10379.50977 0.095056
10379.90039 0.095051
10380.28027 0.095042
10380.66016 0.095031
10381.04004 0.095021
10381.42969 0.09501
10381.80957 0.094999
10382.19043 0.094989
10382.57031 0.094978
10382.95996 0.094968
10383.33984 0.094957
10383.71973 0.094946
10384.09961 0.094936
10384.49023 0.094925
10384.87012 0.094914
10385.25000 0.094904
10385.62988 0.094894
10386.00977 0.094884
10386.40039 0.094874
10386.78027 0.094864
10387.16016 0.094853
10387.54004 0.094843
10387.92969 0.094833
10388.30957 0.094823
10388.69043 0.094813
10389.08008 0.094803
10389.45996 0.094793
10389.83984 0.094782
10390.21973 0.094772
10390.61035 0.094761
10390.99023 0.09475
10391.37012 0.094739
10391.75000 0.094728
10392.13965 0.094717
10392.51953 0.094706
10392.90039 0.094695
10393.29004 0.094683
10393.66992 0.094672
10394.04980 0.094661
10394.42969 0.09465
10394.82031 0.094639
10395.20020 0.094626
10395.58008 0.094609
10395.96973 0.094593
10396.34961 0.094577
10396.73047 0.094561
10397.11035 0.094545
10397.50000 0.094529
10397.87988 0.094512
10398.25977 0.094496
10398.65039 0.09448
10399.03027 0.094464
10399.41016 0.094448
10399.79004 0.094431
10400.17969 0.094414
10400.55957 0.094396
10400.94043 0.094378
10401.33008 0.09436
10401.70996 0.094342
10402.08984 0.094324
10402.48047 0.094306
10402.86035 0.094288
10403.24023 0.09427
10403.62988 0.094252
10404.00977 0.094233
10404.38965 0.094215
10404.78027 0.094197
10405.16016 0.09418
10405.54004 0.094164
10405.92969 0.094149
10406.30957 0.094133
10406.69043 0.094117
10407.08008 0.094101
10407.45996 0.094085
10407.83984 0.09407
10408.23047 0.094054
10408.61035 0.094038
10408.99023 0.094022
10409.37988 0.094006
10409.75977 0.093991
10410.13965 0.093973
10410.53027 0.093953
10410.91016 0.093933
10411.29004 0.093913
10411.67969 0.093892
10412.05957 0.093872
10412.44043 0.093852
10412.83008 0.093832
10413.20996 0.093812
10413.58984 0.093791
10413.98047 0.093771
10414.36035 0.093751
10414.75000 0.093731
10415.12988 0.093711
10415.50977 0.093694
10415.90039 0.093676
10416.28027 0.093658
10416.66016 0.09364
10417.04980 0.093623
10417.42969 0.093605
10417.80957 0.093587
10418.20020 0.093569
10418.58008 0.093552
10418.95996 0.093534
10419.34961 0.093516
10419.73047 0.093499
10420.12012 0.093481
10420.50000 0.093463
10420.87988 0.093446
10421.26953 0.093428
10421.65039 0.093411
10422.04004 0.093393
10422.41992 0.093376
10422.79980 0.093358
10423.19043 0.093341
10423.57031 0.093323
10423.95996 0.093305
10424.33984 0.093288
10424.71973 0.09327
10425.11035 0.093252
10425.49023 0.093233
10425.87988 0.093213
10426.25977 0.093194
10426.63965 0.093174
10427.03027 0.093154
10427.41016 0.093135
10427.79004 0.093115
10428.17969 0.093096
10428.55957 0.093076
10428.95020 0.093056
10429.33008 0.093037
10429.71973 0.093017
10430.09961 0.092997
10430.48047 0.092977
10430.87012 0.092957
10431.25000 0.092937
10431.63965 0.092917
10432.01953 0.092897
10432.41016 0.092877
10432.79004 0.092857
10433.16992 0.092837
10433.55957 0.092817
10433.94043 0.092797
10434.33008 0.092777
10434.70996 0.092757
10435.08984 0.092738
10435.48047 0.092721
10435.86035 0.092704
10436.25000 0.092687
10436.62988 0.092671
10437.01953 0.092654
10437.40039 0.092637
10437.79004 0.09262
10438.16992 0.092603
10438.54980 0.092586
10438.94043 0.09257
10439.32031 0.092553
10439.70996 0.092536
10440.08984 0.092519
10440.48047 0.092502
10440.86035 0.092485
10441.25000 0.092468
10441.62988 0.092451
10442.01953 0.092434
10442.40039 0.092418
10442.79004 0.092401
10443.16992 0.092384
10443.54980 0.092367
10443.94043 0.09235
10444.32031 0.092333
10444.70996 0.092316
10445.08984 0.092299
10445.48047 0.092284
10445.86035 0.092269
