threeML/data/optical_filters/HST/NICMOS2-F237M.ecsv
# %ECSV 0.9
# ---
# datatype:
# - {name: wavelength, unit: Angstrom, datatype: float32}
# - {name: response, datatype: float32}
# meta: !!omap
# - {band_name: F237M}
# - {group_name: NICMOS2}
wavelength response
[from data line 5364]
24472.50977 0.127487
24472.91992 0.126649
24473.33008 0.125808
24473.74023 0.12497
24474.15039 0.124331
24474.56055 0.124042
24474.97070 0.123752
24475.38086 0.123463
24475.78906 0.123173
24476.19922 0.122466
24476.60938 0.121298
24477.00977 0.120136
24477.41992 0.118968
24477.83008 0.117806
24478.24023 0.116961
24478.65039 0.116343
24479.06055 0.115722
24479.47070 0.115104
24479.88086 0.114483
24480.28906 0.113997
24480.69922 0.113565
24481.10938 0.113135
24481.51953 0.112702
24481.91992 0.112272
24482.33008 0.11209
24482.74023 0.111966
24483.15039 0.111841
24483.56055 0.111717
24483.97070 0.111592
24484.38086 0.110889
24484.78906 0.110137
24485.19922 0.109386
24485.60938 0.108638
24486.01953 0.107889
24486.42969 0.107196
24486.83984 0.106499
24487.24023 0.105806
24487.65039 0.105109
24488.06055 0.104393
24488.47070 0.103578
24488.88086 0.102758
24489.28906 0.101943
24489.69922 0.101124
24490.10938 0.100485
24490.51953 0.10033
24490.92969 0.100173
24491.33984 0.100018
24491.75000 0.099862
24492.16016 0.099555
24492.57031 0.099009
24492.98047 0.09846
24493.39062 0.097912
24493.78906 0.097366
24494.21094 0.096877
24494.60938 0.09645
24495.01953 0.096021
24495.42969 0.095592
24495.83984 0.095165
24496.25000 0.094787
24496.66016 0.094441
24497.07031 0.094097
24497.48047 0.093752
24497.89062 0.093406
24498.30078 0.092731
24498.71094 0.091932
24499.11914 0.091133
24499.52930 0.090338
24499.93945 0.089538
24500.34961 0.089216
24500.75977 0.08898
24501.16992 0.088743
24501.58008 0.088506
24501.99023 0.08827
24502.39062 0.087666
24502.80078 0.087047
24503.21094 0.086429
24503.61914 0.085813
24504.02930 0.085194
24504.43945 0.084574
24504.84961 0.083955
24505.25977 0.083338
24505.66992 0.082718
24506.08008 0.082188
24506.49023 0.082017
24506.90039 0.081846
24507.31055 0.081675
24507.72070 0.081503
24508.13086 0.081294
24508.53906 0.081001
24508.94922 0.080708
24509.35938 0.080415
24509.76953 0.080122
24510.17969 0.079656
24510.58984 0.078962
24511.00000 0.078267
24511.41016 0.077573
24511.82031 0.076882
24512.23047 0.07644
24512.64062 0.076203
24513.05078 0.075965
24513.46094 0.075728
24513.86914 0.075492
24514.27930 0.074915
24514.68945 0.074172
24515.09961 0.073428
24515.50977 0.072685
24515.91016 0.071946
24516.32031 0.071535
24516.73047 0.071212
24517.14062 0.07089
24517.55078 0.070567
24517.96094 0.070245
24518.36914 0.070029
24518.77930 0.069823
24519.18945 0.069617
24519.59961 0.069411
24520.00977 0.0692
24520.41992 0.06886
24520.83008 0.068519
24521.24023 0.068181
24521.65039 0.067841
24522.06055 0.0675
24522.47070 0.067153
24522.88086 0.066807
24523.28906 0.06646
24523.69922 0.066114
24524.10938 0.065576
24524.51953 0.064537
24524.92969 0.063504
24525.33984 0.062465
24525.75000 0.061427
24526.16016 0.060846
24526.57031 0.060964
24526.98047 0.061082
24527.39062 0.0612
24527.80078 0.061319
24528.21094 0.061019
24528.61914 0.060332
24529.02930 0.059645
24529.43945 0.058958
24529.84961 0.058274
24530.25977 0.058325
24530.66992 0.058794
24531.08008 0.059263
24531.49023 0.059732
24531.90039 0.0602
24532.31055 0.060191
24532.72070 0.060033
24533.13086 0.059875
24533.53906 0.059716
24533.94922 0.059558
24534.35938 0.059182
24534.76953 0.058777
24535.17969 0.058373
24535.58984 0.057968
24536.00000 0.057563
24536.41016 0.057029
24536.82031 0.056495
24537.23047 0.055961
24537.64062 0.055428
24538.05078 0.055002
24538.46094 0.055278
24538.86914 0.055553
24539.28906 0.055828
24539.69922 0.056104
24540.10938 0.056185
24540.51953 0.055708
24540.92969 0.055231
24541.33984 0.054753
24541.75000 0.054276
24542.16016 0.053855
24542.57031 0.053523
24542.98047 0.053191
24543.39062 0.052859
24543.80078 0.052526
24544.21094 0.051651
24544.61914 0.050252
24545.02930 0.048854
24545.43945 0.047457
24545.84961 0.046059
24546.25977 0.045908
24546.66992 0.046479
24547.08008 0.04705
24547.49023 0.047621
24547.90039 0.048192
24548.31055 0.048222
24548.72070 0.048078
24549.13086 0.047934
24549.53906 0.047791
24549.94922 0.047648
24550.35938 0.047707
24550.76953 0.047793
24551.17969 0.047878
24551.58984 0.047964
24552.00000 0.048045
24552.41992 0.047676
24552.83008 0.047308
24553.24023 0.04694
24553.65039 0.046573
24554.06055 0.046223
24554.47070 0.045985
24554.88086 0.045748
24555.28906 0.045509
24555.69922 0.045271
24556.10938 0.045073
24556.51953 0.044982
24556.92969 0.044891
24557.33984 0.0448
24557.75000 0.044709
24558.16016 0.044535
24558.57031 0.044233
24558.98047 0.043931
24559.39062 0.043629
24559.80078 0.043325
24560.21094 0.042786
24560.61914 0.042031
24561.03906 0.041275
24561.44922 0.04052
24561.85938 0.039761
24562.26953 0.039685
24562.67969 0.039971
24563.08984 0.040257
24563.50000 0.040545
24563.91016 0.040831
24564.32031 0.040282
24564.73047 0.039499
24565.14062 0.038713
24565.55078 0.037931
24565.96094 0.037148
24566.36914 0.036906
24566.78906 0.036716
24567.19922 0.036527
24567.60938 0.036338
24568.01953 0.036171
24568.42969 0.036565
24568.83984 0.036958
24569.25000 0.03735
24569.66016 0.037742
24570.07031 0.037948
24570.48047 0.03724
24570.89062 0.036533
24571.30078 0.035822
24571.71094 0.035115
24572.11914 0.034716
24572.52930 0.035038
24572.94922 0.035362
24573.35938 0.035683
24573.76953 0.036005
24574.17969 0.035913
24574.58984 0.035277
24575.00000 0.034641
24575.41016 0.034002
24575.82031 0.033366
24576.23047 0.032866
24576.64062 0.032471
24577.05078 0.032078
24577.46094 0.031685
24577.86914 0.03129
24578.28906 0.031961
24578.69922 0.033097
24579.10938 0.034239
24579.51953 0.035375
24579.92969 0.036517
24580.33984 0.035611
24580.75000 0.034282
24581.16016 0.032947
24581.57031 0.031618
24581.98047 0.03029
24582.39062 0.030138
24582.80078 0.030039
24583.22070 0.029939
24583.63086 0.02984
24584.03906 0.029771
24584.44922 0.030005
24584.85938 0.030237
24585.26953 0.03047
24585.67969 0.030703
24586.08984 0.030835
24586.50000 0.030626
24586.91016 0.030417
24587.33008 0.030206
24587.74023 0.029997
24588.15039 0.029845
24588.56055 0.029796
24588.97070 0.029746
24589.38086 0.029697
24589.78906 0.029648
24590.19922 0.029081
24590.60938 0.027986
24591.02930 0.026887
24591.43945 0.025793
24591.84961 0.024693
24592.25977 0.024524
24592.66992 0.024902
24593.08008 0.025279
24593.49023 0.025658
24593.90039 0.026034
24594.31055 0.025908
24594.72070 0.025627
24595.14062 0.025344
24595.55078 0.025063
24595.96094 0.02478
24596.36914 0.02524
24596.77930 0.025785
24597.18945 0.026327
24597.59961 0.026872
24598.00977 0.027378
24598.42969 0.026835
24598.83984 0.026294
24599.25000 0.02575
24599.66016 0.025209
24600.07031 0.024718
24600.48047 0.024479
24600.89062 0.024242
24601.30078 0.024003
24601.71094 0.023766
24602.13086 0.023671
24602.53906 0.0239
24602.94922 0.024129
24603.35938 0.024358
24603.76953 0.024587
24604.17969 0.024387
24604.58984 0.023657
24605.00977 0.022924
24605.41992 0.022194
24605.83008 0.021462
24606.24023 0.021584
24606.65039 0.022314
24607.06055 0.023048
24607.47070 0.023778
24607.88086 0.024511
24608.30078 0.025089
24608.71094 0.025604
24609.11914 0.026121
24609.52930 0.026636
24609.93945 0.027153
24610.34961 0.025834
24610.75977 0.02422
24611.17969 0.022598
24611.58984 0.020977
24612.00000 0.019363
24612.41016 0.01994
24612.82031 0.020527
24613.23047 0.021111
24613.64062 0.021698
24614.05078 0.022174
24614.47070 0.021955
24614.88086 0.021736
24615.28906 0.021519
24615.69922 0.0213
24616.10938 0.021028
24616.52930 0.020616
24616.93945 0.020206
24617.34961 0.019795
24617.75977 0.019383
24618.16992 0.019304
24618.58008 0.019692
24618.99023 0.02008
24619.40039 0.020466
24619.82031 0.020854
24620.23047 0.020875
24620.64062 0.020602
24621.05078 0.020331
24621.46094 0.020058
24621.86914 0.019786
24622.28906 0.019939
24622.69922 0.020281
24623.10938 0.020622
24623.51953 0.020963
24623.92969 0.021302
24624.33984 0.02095
24624.75977 0.02046
24625.16992 0.01997
24625.58008 0.019483
24625.99023 0.018993
24626.40039 0.018949
24626.81055 0.018916
24627.23047 0.018883
24627.64062 0.01885
24628.05078 0.018727
24628.46094 0.017928
24628.86914 0.017131
24629.27930 0.016337
24629.69922 0.015539
24630.10938 0.015044
24630.51953 0.015407
24630.92969 0.01577
24631.33984 0.016131
24631.75000 0.016493
24632.16992 0.01689
24632.58008 0.017337
24632.99023 0.017785
24633.40039 0.018232
24633.81055 0.018677
24634.22070 0.01903
24634.64062 0.019306
24635.05078 0.019581
24635.46094 0.019857
24635.86914 0.020132
24636.27930 0.019741
24636.69922 0.01905
24637.10938 0.018358
24637.51953 0.017666
24637.92969 0.016975
24638.33984 0.016955
24638.75977 0.017068
24639.16992 0.017181
24639.58008 0.017294
24639.99023 0.017407
24640.40039 0.017123
24640.81055 0.016829
24641.23047 0.016535
24641.64062 0.016241
24642.05078 0.01595
24642.46094 0.01568
24642.86914 0.015411
24643.28906 0.015142
24643.69922 0.014873
24644.10938 0.014744
24644.51953 0.015004
24644.92969 0.015263
24645.34961 0.015523
24645.75977 0.015782
24646.16992 0.015842
24646.58008 0.015617
24646.99023 0.015392
24647.41016 0.015168
24647.82031 0.014943
24648.23047 0.014768
24648.64062 0.014631
24649.05078 0.014494
24649.47070 0.014358
24649.88086 0.014221
24650.28906 0.014084
24650.69922 0.013946
24651.10938 0.013808
24651.52930 0.01367
24651.93945 0.013532
24652.34961 0.013759
24652.75977 0.014051
24653.16992 0.014343
24653.58984 0.014635
24654.00000 0.014927
24654.41016 0.014918
24654.82031 0.014907
24655.23047 0.014897
24655.65039 0.014886
24656.06055 0.014834
24656.47070 0.014535
24656.88086 0.014235
24657.30078 0.013936
24657.71094 0.013637
24658.11914 0.013461
24658.52930 0.013581
24658.94922 0.013701
24659.35938 0.013821
24659.76953 0.013941
24660.17969 0.013893
24660.58984 0.013631
24661.00977 0.013369
24661.41992 0.013108
24661.83008 0.012846
24662.24023 0.013174
24662.65039 0.013915
24663.07031 0.014656
24663.48047 0.015396
24663.89062 0.01614
24664.30078 0.015857
24664.72070 0.015214
24665.13086 0.014572
24665.53906 0.013929
24665.94922 0.013287
24666.36914 0.013019
24666.77930 0.012799
24667.18945 0.012579
24667.59961 0.012359
24668.01953 0.012136
24668.42969 0.011875
24668.83984 0.011614
24669.25000 0.011353
24669.66016 0.011092
24670.08008 0.010946
24670.49023 0.011303
24670.90039 0.011661
24671.31055 0.012018
24671.73047 0.012375
24672.14062 0.012635
24672.55078 0.012704
24672.96094 0.012773
24673.38086 0.012843
24673.78906 0.012912
24674.19922 0.012838
24674.60938 0.012614
24675.02930 0.01239
24675.43945 0.012166
24675.84961 0.011941
24676.25977 0.011866
24676.67969 0.011874
24677.08984 0.011882
24677.50000 0.01189
24677.91016 0.011899
24678.33008 0.011904
24678.74023 0.01191
24679.15039 0.011915
24679.56055 0.01192
24679.98047 0.011925
24680.39062 0.011396
24680.80078 0.010834
24681.21094 0.010272
24681.63086 0.009707
24682.03906 0.009185
24682.44922 0.009034
24682.85938 0.008883
24683.27930 0.008732
24683.68945 0.008581
24684.09961 0.008613
24684.50977 0.009203
24684.92969 0.009796
24685.33984 0.010386
24685.75000 0.010975
24686.16016 0.011498
24686.58008 0.011922
24686.99023 0.012344
24687.40039 0.012765
24687.82031 0.013189
24688.23047 0.013119
24688.64062 0.012655
24689.05078 0.012189
24689.47070 0.011726
24689.88086 0.011262
24690.28906 0.010816
24690.71094 0.010374
24691.11914 0.009935
24691.52930 0.009496
24691.93945 0.009055
24692.35938 0.008845
24692.76953 0.008671
24693.17969 0.008497
24693.58984 0.008323
24694.00977 0.008155
24694.41992 0.008398
24694.83008 0.008641
24695.25000 0.008884
24695.66016 0.009126
24696.07031 0.009404
24696.48047 0.009862
24696.90039 0.010317
24697.31055 0.010773
24697.72070 0.01123
24698.13086 0.011376
24698.55078 0.010884
24698.96094 0.01039
24699.36914 0.009898
24699.78906 0.009404
24700.19922 0.008997
24700.60938 0.008678
24701.02930 0.008358
24701.43945 0.00804
24701.84961 0.00772
24702.25977 0.007671
24702.67969 0.007774
24703.08984 0.007877
24703.50000 0.007979
24703.91992 0.008082
24704.33008 0.00829
24704.74023 0.008526
24705.15039 0.00876
24705.57031 0.008996
24705.98047 0.00923
24706.39062 0.008904
24706.81055 0.008548
24707.22070 0.008194
24707.63086 0.007839
24708.03906 0.007469
24708.46094 0.006966
24708.86914 0.006465
24709.28906 0.005962
24709.69922 0.005462
24710.10938 0.005337
24710.51953 0.006234
24710.93945 0.007135
24711.34961 0.008031
24711.75977 0.008932
24712.17969 0.009228
24712.58984 0.008715
24713.00000 0.008204
24713.41992 0.007691
24713.83008 0.007181
24714.24023 0.00751
24714.65039 0.008433
24715.07031 0.00936
24715.48047 0.010282
24715.89062 0.011208
24716.31055 0.011403
24716.72070 0.011349
24717.13086 0.011294
24717.55078 0.01124
24717.96094 0.011185
24718.36914 0.010927
24718.78906 0.010646
24719.19922 0.010367
24719.60938 0.010086
24720.02930 0.009801
24720.43945 0.009431
24720.84961 0.009063
24721.26953 0.008693
24721.67969 0.008323
24722.08984 0.008033
24722.50977 0.008015
24722.91992 0.007997
24723.33008 0.007979
24723.75000 0.007961
24724.16016 0.007829
24724.57031 0.007512
24724.98047 0.007197
24725.40039 0.00688
24725.81055 0.006564
24726.22070 0.006588
24726.64062 0.006898
24727.05078 0.007207
24727.46094 0.007515
24727.88086 0.007825
24728.28906 0.007924
24728.71094 0.007936
24729.11914 0.007948
24729.52930 0.007961
24729.94922 0.007973
24730.35938 0.007841
24730.76953 0.007688
24731.18945 0.007535
24731.59961 0.007381
24732.00977 0.007237
24732.42969 0.007384
24732.83984 0.007531
24733.25000 0.007677
24733.66992 0.007824
24734.08008 0.007921
24734.49023 0.007808
24734.91016 0.007694
24735.32031 0.007581
24735.73047 0.007467
24736.15039 0.007312
24736.56055 0.007078
24736.97070 0.006844
24737.39062 0.006611
24737.80078 0.006377
24738.21094 0.006387
24738.63086 0.006621
24739.03906 0.006855
24739.46094 0.00709
24739.86914 0.007324
24740.27930 0.007288
24740.69922 0.007127
24741.10938 0.006966
24741.51953 0.006805
24741.93945 0.006644
24742.34961 0.006931
24742.75977 0.0073
24743.17969 0.007668
24743.58984 0.008037
24744.00000 0.008396
24744.41992 0.007957
24744.83008 0.007517
24745.25000 0.007078
24745.66016 0.006642
24746.07031 0.006279
24746.49023 0.006273
24746.90039 0.006268
24747.31055 0.006263
24747.73047 0.006258
24748.14062 0.006252
24748.55078 0.006244
24748.97070 0.006235
24749.38086 0.006227
24749.80078 0.006219
24750.21094 0.005771
24750.61914 0.004891
24751.03906 0.004011
24751.44922 0.003132
24751.86914 0.002253
24752.27930 0.002721
24752.68945 0.003833
24753.10938 0.004951
24753.51953 0.006068
24753.92969 0.007185
24754.34961 0.006826
24754.75977 0.006185
24755.17969 0.005545
24755.58984 0.004908
24756.00000 0.004272
24756.41992 0.004478
24756.83008 0.004684
24757.24023 0.00489
24757.66016 0.005096
24758.07031 0.005275
24758.49023 0.005333
24758.90039 0.00539
24759.31055 0.005447
24759.73047 0.005504
24760.14062 0.005464
24760.55078 0.005235
24760.97070 0.005006
24761.38086 0.004777
24761.80078 0.004548
24762.21094 0.004346
24762.61914 0.004169
24763.03906 0.003992
24763.44922 0.003815
24763.86914 0.003638
24764.27930 0.004363
24764.69922 0.005513
24765.10938 0.006663
24765.51953 0.007808
24765.93945 0.008957
24766.34961 0.008485
24766.75977 0.007715
24767.17969 0.006945
24767.58984 0.006175
24768.00977 0.005416
24768.41992 0.005421
24768.83008 0.005426
24769.25000 0.005431
24769.66016 0.005436
24770.08008 0.005396
24770.49023 0.005157
24770.90039 0.004919
24771.32031 0.004681
24771.73047 0.004442
24772.15039 0.004285
24772.56055 0.004274
24772.97070 0.004264
24773.39062 0.004253
24773.80078 0.004243
24774.22070 0.00404
24774.63086 0.003663
24775.03906 0.003286
24775.46094 0.002907
24775.88086 0.00253
24776.28906 0.00266
24776.69922 0.003008
24777.11914 0.003357
24777.52930 0.003705
24777.94922 0.004053
24778.35938 0.004569
24778.76953 0.005109
24779.18945 0.00565
24779.59961 0.00619
24780.01953 0.006692
24780.42969 0.00622
24780.83984 0.005748
24781.25977 0.005276
24781.66992 0.004802
24782.08984 0.004529
24782.50000 0.004994
24782.91992 0.005458
24783.33008 0.005922
24783.74023 0.006386
24784.16016 0.006615
24784.57031 0.006465
24784.99023 0.006315
24785.40039 0.006164
24785.82031 0.006014
24786.23047 0.00581
24786.64062 0.005564
