threeML/data/optical_filters/HST/NICMOS1-F145M.ecsv
# %ECSV 0.9
# ---
# datatype:
# - {name: wavelength, unit: Angstrom, datatype: float32}
# - {name: response, datatype: float32}
# meta: !!omap
# - {band_name: F145M}
# - {group_name: NICMOS1}
wavelength response
[from data line 1534]
13880.91992 0.141555
13881.40039 0.141558
13881.87988 0.14156
13882.37012 0.141563
13882.84961 0.141565
13883.33984 0.141568
13883.82031 0.14157
13884.29980 0.141573
13884.79004 0.141575
13885.26953 0.141576
13885.75977 0.141577
13886.24023 0.141577
13886.73047 0.141578
13887.20996 0.141578
13887.70020 0.141579
13888.17969 0.141579
13888.66016 0.141579
13889.15039 0.14158
13889.62988 0.14158
13890.12012 0.141581
13890.59961 0.141584
13891.08984 0.141587
13891.57031 0.141589
13892.04980 0.141592
13892.54004 0.141595
13893.01953 0.141597
13893.50977 0.1416
13893.99023 0.141602
13894.48047 0.141605
13894.95996 0.141608
13895.45020 0.141607
13895.92969 0.141607
13896.41992 0.141606
13896.90039 0.141605
13897.38965 0.141605
13897.87012 0.141604
13898.34961 0.141603
13898.83984 0.141603
13899.32031 0.141602
13899.80957 0.141601
13900.29004 0.1416
13900.78027 0.141598
13901.25977 0.141597
13901.75000 0.141595
13902.23047 0.141593
13902.71973 0.141591
13903.20020 0.141589
13903.69043 0.141588
13904.16992 0.141586
13904.66016 0.141584
13905.13965 0.141583
13905.62988 0.141586
13906.11035 0.141588
13906.59961 0.14159
13907.08008 0.141592
13907.57031 0.141595
13908.04980 0.141597
13908.54004 0.141599
13909.01953 0.141601
13909.50977 0.141603
13909.99023 0.141606
13910.48047 0.141601
13910.95996 0.141597
13911.45020 0.141592
13911.92969 0.141588
13912.41992 0.141583
13912.90039 0.141578
13913.38965 0.141574
13913.87012 0.141569
13914.36035 0.141565
13914.83984 0.14156
13915.33008 0.141556
13915.82031 0.141551
13916.29980 0.141546
13916.79004 0.141541
13917.26953 0.141536
13917.75977 0.141531
13918.24023 0.141526
13918.73047 0.141521
13919.20996 0.141516
13919.70020 0.141511
13920.17969 0.141509
13920.66992 0.14151
13921.16016 0.141511
13921.63965 0.141512
13922.12988 0.141513
13922.61035 0.141514
13923.09961 0.141515
13923.58008 0.141516
13924.07031 0.141517
13924.54980 0.141518
13925.04004 0.141518
13925.53027 0.141514
13926.00977 0.14151
13926.50000 0.141506
13926.98047 0.141503
13927.46973 0.141498
13927.95020 0.141495
13928.44043 0.141491
13928.92969 0.141487
13929.41016 0.141483
13929.90039 0.141479
13930.37988 0.141471
13930.87012 0.141462
13931.34961 0.141453
13931.83984 0.141444
13932.33008 0.141436
13932.80957 0.141427
13933.29980 0.141418
13933.78027 0.141409
13934.26953 0.1414
13934.75977 0.141391
13935.24023 0.141387
13935.73047 0.141389
13936.20996 0.14139
13936.70020 0.141391
13937.19043 0.141392
13937.66992 0.141393
13938.16016 0.141394
13938.63965 0.141395
13939.12988 0.141396
13939.62012 0.141397
13940.09961 0.141395
13940.58984 0.141383
13941.08008 0.141371
13941.55957 0.141359
13942.04980 0.141347
13942.53027 0.141336
13943.01953 0.141324
13943.50977 0.141312
13943.99023 0.1413
13944.48047 0.141288
13944.96973 0.141276
13945.45020 0.141269
13945.94043 0.141263
13946.41992 0.141257
13946.91016 0.14125
13947.40039 0.141244
13947.87988 0.141237
13948.37012 0.141231
13948.86035 0.141224
13949.33984 0.141218
13949.83008 0.141211
13950.32031 0.141203
13950.79980 0.141194
13951.29004 0.141184
13951.78027 0.141175
13952.25977 0.141166
13952.75000 0.141156
13953.24023 0.141147
13953.71973 0.141138
13954.20996 0.141128
13954.70020 0.141119
13955.17969 0.141109
13955.66992 0.141099
13956.16016 0.14109
13956.63965 0.14108
13957.12988 0.14107
13957.62012 0.14106
13958.09961 0.14105
13958.58984 0.14104
13959.08008 0.14103
13959.55957 0.14102
13960.04980 0.141011
13960.54004 0.141004
13961.01953 0.140996
13961.50977 0.140989
13962.00000 0.140982
13962.49023 0.140975
13962.96973 0.140967
13963.45996 0.14096
13963.95020 0.140953
13964.42969 0.140946
13964.91992 0.140939
13965.41016 0.140929
13965.88965 0.140918
13966.37988 0.140907
13966.87012 0.140896
13967.36035 0.140885
13967.83984 0.140875
13968.33008 0.140864
13968.82031 0.140853
13969.29980 0.140842
13969.79004 0.140832
13970.28027 0.140822
13970.76953 0.140814
13971.25000 0.140806
13971.74023 0.140797
13972.23047 0.140789
13972.70996 0.14078
13973.20020 0.140772
13973.69043 0.140764
13974.17969 0.140755
13974.66016 0.140747
13975.15039 0.140741
13975.63965 0.14074
13976.12988 0.140739
13976.61035 0.140738
13977.09961 0.140737
13977.58984 0.140736
13978.08008 0.140735
13978.55957 0.140734
13979.04980 0.140734
13979.54004 0.140733
13980.03027 0.140731
13980.50977 0.140723
13981.00000 0.140715
13981.49023 0.140706
13981.98047 0.140698
13982.45996 0.14069
13982.95020 0.140681
13983.44043 0.140673
13983.92969 0.140665
13984.41992 0.140656
13984.90039 0.140648
13985.38965 0.140642
13985.87988 0.140636
13986.37012 0.14063
13986.84961 0.140625
13987.33984 0.140619
13987.83008 0.140614
13988.32031 0.140608
13988.80957 0.140602
13989.29004 0.140597
13989.78027 0.140591
13990.26953 0.140585
13990.75977 0.140578
13991.25000 0.140572
13991.73047 0.140565
13992.21973 0.140559
13992.70996 0.140552
13993.20020 0.140545
13993.67969 0.140539
13994.16992 0.140532
13994.66016 0.140525
13995.15039 0.140518
13995.63965 0.140509
13996.12988 0.1405
13996.61035 0.140491
13997.09961 0.140482
13997.58984 0.140473
13998.08008 0.140464
13998.57031 0.140455
13999.04980 0.140446
13999.54004 0.140436
14000.03027 0.140427
14000.51953 0.140417
14001.00977 0.140407
14001.50000 0.140397
14001.98047 0.140386
14002.46973 0.140376
14002.95996 0.140366
14003.45020 0.140355
14003.94043 0.140345
14004.42969 0.140335
14004.91016 0.140324
14005.40039 0.140319
14005.88965 0.140315
14006.37988 0.140311
14006.87012 0.140307
14007.36035 0.140303
14007.84961 0.140299
14008.33008 0.140294
14008.82031 0.14029
14009.30957 0.140286
14009.79980 0.140282
14010.29004 0.140276
14010.78027 0.140269
14011.26953 0.140262
14011.75000 0.140255
14012.24023 0.140248
14012.73047 0.14024
14013.21973 0.140233
14013.70996 0.140226
14014.20020 0.140219
14014.69043 0.140212
14015.17969 0.140204
14015.66016 0.140196
14016.15039 0.140187
14016.63965 0.140179
14017.12988 0.140171
14017.62012 0.140162
14018.11035 0.140154
14018.59961 0.140145
14019.08984 0.140137
14019.58008 0.140128
14020.05957 0.140121
14020.54980 0.140119
14021.04004 0.140117
14021.53027 0.140116
14022.01953 0.140114
14022.50977 0.140113
14023.00000 0.140111
14023.49023 0.140109
14023.98047 0.140108
14024.46973 0.140106
14024.95996 0.140104
14025.44043 0.1401
14025.92969 0.140096
14026.41992 0.140091
14026.91016 0.140087
14027.40039 0.140082
14027.88965 0.140077
14028.37988 0.140073
14028.87012 0.140069
14029.36035 0.140064
14029.84961 0.14006
14030.33984 0.140055
14030.83008 0.140051
14031.30957 0.140047
14031.79980 0.140042
14032.29004 0.140038
14032.78027 0.140034
14033.26953 0.14003
14033.75977 0.140026
14034.25000 0.140021
14034.74023 0.140017
14035.23047 0.140014
14035.71973 0.140011
14036.20996 0.140009
14036.70020 0.140006
14037.19043 0.140004
14037.67969 0.140001
14038.16992 0.139999
14038.66016 0.139996
14039.15039 0.139994
14039.63965 0.139991
14040.12988 0.139988
14040.62012 0.13998
14041.11035 0.139973
14041.58984 0.139966
14042.08008 0.139959
14042.57031 0.139951
14043.05957 0.139944
14043.54980 0.139937
14044.04004 0.139929
14044.53027 0.139922
14045.01953 0.139915
14045.50977 0.139918
14046.00000 0.13992
14046.49023 0.139923
14046.98047 0.139925
14047.46973 0.139928
14047.95996 0.13993
14048.45020 0.139933
14048.94043 0.139935
14049.42969 0.139938
14049.91992 0.13994
14050.41016 0.13994
14050.90039 0.139939
14051.38965 0.139938
14051.87988 0.139937
14052.37012 0.139936
14052.86035 0.139935
14053.34961 0.139934
14053.83984 0.139933
14054.33008 0.139932
14054.82031 0.139931
14055.30957 0.139929
14055.79980 0.139926
14056.29004 0.139922
14056.78027 0.139919
14057.26953 0.139916
14057.75977 0.139912
14058.25000 0.139909
14058.75000 0.139906
14059.24023 0.139902
14059.73047 0.139899
14060.21973 0.139898
14060.70996 0.139899
14061.20020 0.1399
14061.69043 0.139901
14062.17969 0.139902
14062.66992 0.139903
14063.16016 0.139904
14063.65039 0.139905
14064.13965 0.139907
14064.62988 0.139908
14065.12012 0.139909
14065.61035 0.139911
14066.09961 0.139914
14066.58984 0.139916
14067.08008 0.139918
14067.57031 0.13992
14068.05957 0.139923
14068.54980 0.139925
14069.04980 0.139927
14069.54004 0.139929
14070.03027 0.139932
14070.51953 0.139936
14071.00977 0.139941
14071.50000 0.139946
14071.99023 0.13995
14072.48047 0.139955
14072.96973 0.13996
14073.45996 0.139964
14073.95020 0.139969
14074.44043 0.139974
14074.94043 0.139979
14075.42969 0.139981
14075.91992 0.139983
14076.41016 0.139985
14076.90039 0.139987
14077.38965 0.13999
14077.87988 0.139992
14078.37012 0.139994
14078.86035 0.139996
14079.34961 0.139998
14079.83984 0.140001
14080.33984 0.140001
14080.83008 0.140002
14081.32031 0.140002
14081.80957 0.140002
14082.29980 0.140002
14082.79004 0.140002
14083.28027 0.140002
14083.76953 0.140002
14084.25977 0.140003
14084.75977 0.140003
14085.25000 0.140006
14085.74023 0.140013
14086.23047 0.140019
14086.71973 0.140026
14087.20996 0.140033
14087.70020 0.14004
14088.20020 0.140047
14088.69043 0.140053
14089.17969 0.14006
14089.66992 0.140067
14090.16016 0.140073
14090.65039 0.14008
14091.13965 0.140087
14091.62988 0.140093
14092.12988 0.1401
14092.62012 0.140107
14093.11035 0.140113
14093.59961 0.14012
14094.08984 0.140126
14094.58008 0.140133
14095.08008 0.140139
14095.57031 0.140145
14096.05957 0.14015
14096.54980 0.140155
14097.04004 0.14016
14097.53027 0.140165
14098.03027 0.14017
14098.51953 0.140175
14099.00977 0.14018
14099.50000 0.140185
14099.99023 0.14019
14100.48047 0.140193
14100.98047 0.140196
14101.46973 0.140199
14101.95996 0.140202
14102.45020 0.140205
14102.94043 0.140208
14103.42969 0.140211
14103.92969 0.140213
14104.41992 0.140216
14104.91016 0.140219
14105.40039 0.140225
14105.88965 0.140231
14106.38965 0.140238
14106.87988 0.140244
14107.37012 0.140251
14107.86035 0.140257
14108.34961 0.140263
14108.84961 0.14027
14109.33984 0.140276
14109.83008 0.140282
14110.32031 0.140288
14110.80957 0.140293
14111.30957 0.140299
14111.79980 0.140304
14112.29004 0.14031
14112.78027 0.140315
14113.28027 0.140321
14113.76953 0.140326
14114.25977 0.140331
14114.75000 0.140337
14115.24023 0.140344
14115.74023 0.140352
14116.23047 0.14036
14116.71973 0.140369
14117.20996 0.140377
14117.70996 0.140385
14118.20020 0.140394
14118.69043 0.140402
14119.17969 0.140411
14119.67969 0.140419
14120.16992 0.14043
14120.66016 0.140448
14121.15039 0.140466
14121.65039 0.140484
14122.13965 0.140502
14122.62988 0.140519
14123.12012 0.140537
14123.62012 0.140555
14124.11035 0.140573
14124.59961 0.14059
14125.08984 0.140606
14125.58984 0.140611
14126.08008 0.140616
14126.57031 0.14062
14127.05957 0.140625
14127.55957 0.14063
14128.04980 0.140635
14128.54004 0.14064
14129.04004 0.140645
14129.53027 0.140649
14130.01953 0.140654
14130.50977 0.140665
14131.00977 0.140677
14131.50000 0.140687
14131.99023 0.140699
14132.49023 0.140709
14132.98047 0.14072
14133.46973 0.140732
14133.95996 0.140743
14134.45996 0.140754
14134.95020 0.140764
14135.44043 0.140776
14135.94043 0.140788
14136.42969 0.1408
14136.91992 0.140812
14137.41992 0.140824
14137.91016 0.140836
14138.40039 0.140848
14138.88965 0.14086
14139.38965 0.140872
14139.87988 0.140883
14140.37012 0.140895
14140.87012 0.140905
14141.36035 0.140916
14141.84961 0.140927
14142.34961 0.140937
14142.83984 0.140948
14143.33008 0.140958
14143.83008 0.140969
14144.32031 0.14098
14144.80957 0.14099
14145.30957 0.141002
14145.79980 0.141014
14146.29004 0.141026
14146.79004 0.141038
14147.28027 0.141049
14147.76953 0.141061
14148.26953 0.141073
14148.75977 0.141085
14149.25000 0.141097
14149.75000 0.141109
14150.24023 0.141121
14150.73047 0.141132
14151.23047 0.141144
14151.71973 0.141155
14152.20996 0.141167
14152.70996 0.141179
14153.20020 0.14119
14153.70020 0.141202
14154.19043 0.141214
14154.67969 0.141225
14155.17969 0.141237
14155.66992 0.141251
14156.16016 0.141263
14156.66016 0.141277
14157.15039 0.14129
14157.63965 0.141303
14158.13965 0.141316
14158.62988 0.141329
14159.12988 0.141342
14159.62012 0.141355
14160.11035 0.141368
14160.61035 0.141382
14161.09961 0.141397
14161.58984 0.141411
14162.08984 0.141425
14162.58008 0.141439
14163.08008 0.141454
14163.57031 0.141468
14164.05957 0.141482
14164.55957 0.141497
14165.04980 0.141511
14165.54980 0.141522
14166.04004 0.141534
14166.54004 0.141546
14167.03027 0.141558
14167.51953 0.14157
14168.01953 0.141582
14168.50977 0.141594
14169.00977 0.141605
14169.50000 0.141617
14169.99023 0.141629
14170.49023 0.141645
14170.98047 0.141662
14171.48047 0.141678
14171.96973 0.141694
14172.45996 0.141711
14172.95996 0.141727
14173.45020 0.141743
14173.95020 0.141759
14174.44043 0.141776
14174.94043 0.141792
14175.42969 0.14181
14175.92969 0.141828
14176.41992 0.141846
14176.91016 0.141864
14177.41016 0.141882
14177.90039 0.1419
14178.40039 0.141918
14178.88965 0.141936
14179.38965 0.141954
14179.87988 0.141972
14180.37988 0.141986
14180.87012 0.141999
14181.37012 0.142013
14181.86035 0.142026
14182.34961 0.142039
14182.84961 0.142052
14183.33984 0.142065
14183.83984 0.142079
14184.33008 0.142092
14184.83008 0.142105
14185.32031 0.142121
14185.82031 0.142137
14186.30957 0.142154
14186.80957 0.142171
14187.29980 0.142188
14187.79980 0.142205
14188.29004 0.142222
14188.79004 0.142239
14189.28027 0.142256
14189.78027 0.142273
14190.26953 0.14229
14190.76953 0.142308
14191.25977 0.142325
14191.75000 0.142343
14192.25000 0.14236
14192.75000 0.142378
14193.24023 0.142395
14193.74023 0.142413
14194.23047 0.14243
14194.71973 0.142448
14195.21973 0.142465
14195.70996 0.142481
14196.20996 0.142497
14196.70996 0.142513
14197.20020 0.142529
14197.70020 0.142545
14198.19043 0.142561
14198.69043 0.142577
14199.17969 0.142593
14199.67969 0.142609
14200.16992 0.142626
14200.66992 0.142646
14201.16016 0.142666
14201.66016 0.142686
14202.15039 0.142706
14202.65039 0.142727
14203.13965 0.142747
14203.63965 0.142767
14204.12988 0.142787
14204.62988 0.142807
14205.12988 0.142827
14205.62012 0.142846
14206.12012 0.142865
14206.61035 0.142884
14207.11035 0.142903
14207.59961 0.142922
14208.09961 0.142941
14208.58984 0.14296
14209.08984 0.14298
14209.58008 0.142999
14210.08008 0.143018
14210.58008 0.143036
14211.07031 0.143053
14211.57031 0.143071
14212.05957 0.143089
14212.55957 0.143107
14213.04980 0.143125
14213.54980 0.143143
14214.04004 0.14316
14214.54004 0.143178
14215.04004 0.143196
14215.53027 0.143218
14216.03027 0.143239
14216.51953 0.14326
14217.01953 0.143282
14217.51953 0.143303
14218.00977 0.143324
14218.50977 0.143346
14219.00000 0.143367
14219.50000 0.143388
14220.00000 0.14341
14220.49023 0.143432
14220.99023 0.143454
14221.48047 0.143477
14221.98047 0.143499
14222.48047 0.143521
14222.96973 0.143544
14223.46973 0.143566
14223.95996 0.143589
14224.45996 0.143611
14224.95996 0.143633
14225.45020 0.143653
14225.95020 0.143674
14226.44043 0.143694
14226.94043 0.143713
14227.44043 0.143733
14227.92969 0.143753
14228.42969 0.143773
14228.91992 0.143793
14229.41992 0.143813
14229.91992 0.143833
14230.41016 0.143856
14230.91016 0.14388
14231.41016 0.143903
14231.90039 0.143927
14232.40039 0.143951
14232.90039 0.143974
14233.38965 0.143998
14233.88965 0.144021
14234.37988 0.144045
14234.87988 0.144068
14235.37988 0.144092
14235.87012 0.144116
14236.37012 0.144139
14236.87012 0.144163
14237.36035 0.144187
14237.86035 0.144211
14238.36035 0.144234
14238.84961 0.144258
14239.34961 0.144282
14239.84961 0.144305
14240.33984 0.144324
14240.83984 0.144339
14241.33984 0.144355
14241.83008 0.144371
14242.33008 0.144387
14242.83008 0.144402
14243.32031 0.144418
14243.82031 0.144434
14244.32031 0.144449
14244.80957 0.144465
14245.30957 0.14449
14245.80957 0.144521
14246.29980 0.144552
14246.79980 0.144582
14247.29980 0.144613
14247.79004 0.144644
14248.29004 0.144675
14248.79004 0.144705
14249.29004 0.144736
14249.78027 0.144767
14250.28027 0.144789
14250.78027 0.144805
14251.26953 0.14482
14251.76953 0.144836
14252.26953 0.144851
14252.75977 0.144867
14253.25977 0.144883
14253.75977 0.144898
14254.25977 0.144914
14254.75000 0.144929
14255.25000 0.144953
14255.75000 0.144985
