threeML/data/optical_filters/HST/NICMOS1-F090M.ecsv
# %ECSV 0.9
# ---
# datatype:
# - {name: wavelength, unit: Angstrom, datatype: float32}
# - {name: response, datatype: float32}
# meta: !!omap
# - {band_name: F090M}
# - {group_name: NICMOS1}
wavelength response
[from data line 4024]
9382.73340 0.047251
9383.15820 0.047223
9383.58203 0.047196
9384.00586 0.047168
9384.43066 0.047141
9384.85352 0.047113
9385.27930 0.047088
9385.70312 0.047065
9386.12695 0.047042
9386.55176 0.047019
9386.97559 0.046995
9387.40039 0.046972
9387.82422 0.046949
9388.24902 0.046926
9388.67383 0.046902
9389.09766 0.046879
9389.52246 0.046856
9389.94629 0.046832
9390.37109 0.046814
9390.79590 0.046796
9391.21973 0.046778
9391.64453 0.046761
9392.06934 0.046743
9392.49414 0.046725
9392.91797 0.046707
9393.34277 0.046689
9393.76758 0.046672
9394.19238 0.046654
9394.61719 0.046636
9395.04199 0.046619
9395.46582 0.046607
9395.89062 0.046595
9396.31543 0.046584
9396.74023 0.046572
9397.16504 0.04656
9397.58984 0.046549
9398.01465 0.046537
9398.43945 0.046525
9398.86426 0.046513
9399.28906 0.046502
9399.71387 0.04649
9400.13867 0.046479
9400.56445 0.04647
9400.98926 0.046462
9401.41406 0.046453
9401.83887 0.046444
9402.26367 0.046435
9402.68848 0.046427
9403.11426 0.046418
9403.53906 0.046409
9403.96387 0.0464
9404.38965 0.046392
9404.81445 0.046383
9405.23926 0.046379
9405.66504 0.04638
9406.08984 0.04638
9406.51465 0.04638
9406.94043 0.046381
9407.36523 0.046381
9407.79102 0.046381
9408.21582 0.046382
9408.64160 0.046382
9409.06641 0.046382
9409.49219 0.046383
9409.91699 0.046383
9410.34277 0.046388
9410.76758 0.046394
9411.19336 0.0464
9411.61914 0.046406
9412.04395 0.046411
9412.46973 0.046417
9412.89648 0.046423
9413.32031 0.046429
9413.74609 0.046435
9414.17188 0.046441
9414.59766 0.046447
9415.02246 0.046453
9415.44824 0.046466
9415.87402 0.04648
9416.29980 0.046494
9416.72559 0.046507
9417.15137 0.046521
9417.57715 0.046534
9418.00293 0.046548
9418.42871 0.046562
9418.85352 0.046575
9419.27930 0.046589
9419.70508 0.046602
9420.13184 0.046618
9420.55762 0.046636
9420.98340 0.046655
9421.40918 0.046674
9421.83496 0.046693
9422.26074 0.046711
9422.68652 0.04673
9423.11230 0.046749
9423.53809 0.046768
9423.96484 0.046786
9424.39062 0.046805
9424.81641 0.046824
9425.24219 0.046847
9425.66895 0.046873
9426.09473 0.0469
9426.52148 0.046926
9426.94727 0.046953
9427.37305 0.046979
9427.79883 0.047006
9428.22559 0.047032
9428.65137 0.047059
9429.07812 0.047085
9429.50391 0.047111
9429.93066 0.047138
9430.35645 0.047169
9430.78320 0.047201
9431.20898 0.047232
9431.63574 0.047264
9432.06152 0.047296
9432.48828 0.047328
9432.91504 0.04736
9433.34082 0.047392
9433.76758 0.047423
9434.19434 0.047455
9434.62012 0.047487
9435.04688 0.04752
9435.47363 0.047557
9435.89941 0.047594
9436.32617 0.047631
9436.75293 0.047668
9437.17969 0.047706
9437.60645 0.047743
9438.03320 0.04778
9438.45898 0.047817
9438.88574 0.047854
9439.31348 0.047892
9439.73926 0.047929
9440.16602 0.047969
9440.59277 0.048012
9441.01953 0.048056
9441.44629 0.0481
9441.87305 0.048144
9442.29980 0.048188
9442.72656 0.048232
9443.15332 0.048275
9443.58008 0.048319
9444.00781 0.048363
9444.43457 0.048407
9444.86133 0.048451
9445.28809 0.048498
9445.71484 0.048546
9446.14258 0.048594
9446.56934 0.048642
9446.99609 0.048689
9447.42285 0.048737
9447.85059 0.048785
9448.27734 0.048833
9448.70410 0.048881
9449.13184 0.048929
9449.55859 0.048977
9449.98633 0.049026
9450.41309 0.049082
9450.83984 0.049139
9451.26758 0.049196
9451.69434 0.049253
9452.12207 0.04931
9452.54883 0.049366
9452.97656 0.049423
9453.40430 0.04948
9453.83105 0.049537
9454.25879 0.049594
9454.68555 0.049651
9455.11328 0.049709
9455.54102 0.049771
9455.96777 0.049833
9456.39648 0.049894
9456.82324 0.049956
9457.25098 0.050018
9457.67773 0.05008
9458.10547 0.050141
9458.53320 0.050203
9458.96094 0.050265
9459.38867 0.050327
9459.81543 0.050388
9460.24316 0.050457
9460.67090 0.050531
9461.09863 0.050604
9461.52637 0.050678
9461.95410 0.050751
9462.38184 0.050825
9462.80957 0.050899
9463.23730 0.050973
9463.66504 0.051046
9464.09277 0.05112
9464.52148 0.051194
9464.94824 0.051267
9465.37598 0.051345
9465.80469 0.051423
9466.23242 0.051501
9466.66016 0.051579
9467.08789 0.051657
9467.51562 0.051735
9467.94434 0.051813
9468.37207 0.051891
9468.79980 0.051969
9469.22754 0.052047
9469.65625 0.052125
9470.08398 0.052204
9470.51270 0.052287
9470.94043 0.05237
9471.36816 0.052453
9471.79688 0.052536
9472.22461 0.052619
9472.65332 0.052702
9473.08105 0.052785
9473.50977 0.052868
9473.93848 0.052951
9474.36621 0.053034
9474.79395 0.053117
9475.22266 0.053204
9475.65039 0.053295
9476.07910 0.053385
9476.50781 0.053476
9476.93555 0.053567
9477.36426 0.053657
9477.79297 0.053748
9478.22070 0.053839
9478.64941 0.05393
9479.07812 0.054021
9479.50684 0.054112
9479.93457 0.054202
9480.36328 0.054301
9480.79199 0.0544
9481.22070 0.0545
9481.64941 0.054599
9482.07812 0.054699
9482.50684 0.054799
9482.93555 0.054898
9483.36426 0.054998
9483.79297 0.055098
9484.22168 0.055198
9484.65039 0.055297
9485.07910 0.055399
9485.50781 0.055509
9485.93652 0.05562
9486.36523 0.05573
9486.79395 0.05584
9487.22266 0.055951
9487.65137 0.056061
9488.08008 0.056171
9488.50977 0.056282
9488.93848 0.056392
9489.36719 0.056503
9489.79590 0.056613
9490.22559 0.056727
9490.65430 0.056844
9491.08301 0.05696
9491.51172 0.057077
9491.94141 0.057194
9492.37012 0.057311
9492.79980 0.057428
9493.22852 0.057544
9493.65723 0.057661
9494.08691 0.057778
9494.51562 0.057895
9494.94531 0.058012
9495.37402 0.058134
9495.80371 0.058256
9496.23242 0.058378
9496.66211 0.058501
9497.09180 0.058623
9497.52148 0.058746
9497.95020 0.058868
9498.37891 0.058991
9498.80859 0.059113
9499.23828 0.059236
9499.66797 0.059359
9500.09668 0.05948
9500.52637 0.059598
9500.95605 0.059716
9501.38574 0.059834
9501.81445 0.059952
9502.24414 0.06007
9502.67383 0.060188
9503.10352 0.060306
9503.53320 0.060424
9503.96289 0.060542
9504.39258 0.06066
9504.82227 0.060779
9505.25195 0.0609
9505.68164 0.061023
9506.11133 0.061146
9506.54102 0.061269
9506.97070 0.061392
9507.40039 0.061515
9507.83008 0.061638
9508.25977 0.061761
9508.68945 0.061884
9509.11914 0.062007
9509.54883 0.06213
9509.97852 0.062254
9510.40918 0.062377
9510.83887 0.0625
9511.26855 0.062623
9511.69922 0.062746
9512.12891 0.062869
9512.55859 0.062993
9512.98828 0.063116
9513.41895 0.063239
9513.84863 0.063363
9514.27930 0.063486
9514.70898 0.063609
9515.13867 0.063731
9515.56934 0.063849
9515.99902 0.063967
9516.42969 0.064085
9516.85938 0.064203
9517.29004 0.064322
9517.71973 0.06444
9518.15039 0.064558
9518.58008 0.064676
9519.01074 0.064795
9519.44141 0.064913
9519.87109 0.065031
9520.30176 0.06515
9520.73242 0.06527
9521.16211 0.065389
9521.59277 0.065509
9522.02344 0.065629
9522.45410 0.065748
9522.88379 0.065868
9523.31445 0.065987
9523.74512 0.066107
9524.17578 0.066227
9524.60645 0.066347
9525.03711 0.066465
9525.46777 0.066566
9525.89746 0.066666
9526.32812 0.066767
9526.75879 0.066868
9527.18945 0.066969
9527.62012 0.06707
9528.05078 0.067171
9528.48145 0.067272
9528.91309 0.067373
9529.34375 0.067474
9529.77441 0.067575
9530.20508 0.067668
9530.63574 0.067753
9531.06641 0.067837
9531.49707 0.067922
9531.92871 0.068006
9532.35938 0.068091
9532.79004 0.068175
9533.22070 0.06826
9533.65234 0.068344
9534.08301 0.068429
9534.51367 0.068514
9534.94531 0.068598
9535.37598 0.06867
9535.80664 0.06874
9536.23828 0.068809
9536.66895 0.068879
9537.10059 0.068949
9537.53125 0.069019
9537.96191 0.069088
9538.39355 0.069158
9538.82422 0.069228
9539.25586 0.069298
9539.68652 0.069368
9540.11816 0.069433
9540.54980 0.069488
9540.98047 0.069542
9541.41211 0.069597
9541.84375 0.069651
9542.27441 0.069706
9542.70605 0.06976
9543.13770 0.069814
9543.56934 0.069869
9544.00000 0.069923
9544.43164 0.069978
9544.86328 0.070033
9545.29492 0.070072
9545.72656 0.070105
9546.15723 0.070138
9546.58887 0.07017
9547.02148 0.070203
9547.45215 0.070236
9547.88379 0.070269
9548.31543 0.070301
9548.74707 0.070334
9549.17871 0.070367
9549.61035 0.0704
9550.04199 0.070431
9550.47363 0.070448
9550.90527 0.070466
9551.33691 0.070483
9551.76855 0.0705
9552.20117 0.070517
9552.63281 0.070534
9553.06445 0.070551
9553.49609 0.070569
9553.92773 0.070586
9554.36035 0.070603
9554.79199 0.07062
9555.22363 0.070627
9555.65527 0.070624
9556.08789 0.070622
9556.51953 0.070619
9556.95117 0.070616
9557.38379 0.070614
9557.81543 0.070611
9558.24805 0.070608
9558.67969 0.070605
9559.11230 0.070603
9559.54395 0.0706
9559.97656 0.070597
9560.40820 0.070582
9560.84082 0.070566
9561.27246 0.07055
9561.70508 0.070533
9562.13672 0.070517
9562.56934 0.070501
9563.00195 0.070485
9563.43359 0.070469
9563.86621 0.070453
9564.29883 0.070436
9564.73047 0.07042
9565.16309 0.0704
9565.59570 0.070372
9566.02832 0.070345
9566.45996 0.070318
9566.89258 0.07029
9567.32520 0.070263
9567.75781 0.070235
9568.19043 0.070208
9568.62305 0.07018
9569.05566 0.070153
9569.48828 0.070125
9569.92090 0.070098
9570.35352 0.070063
9570.78613 0.070025
9571.21875 0.069988
9571.65137 0.069951
9572.08398 0.069914
9572.51660 0.069877
9572.94922 0.06984
9573.38184 0.069803
9573.81445 0.069766
9574.24707 0.069729
9574.68066 0.069691
9575.11328 0.069652
9575.54590 0.069608
9575.97852 0.069564
9576.41113 0.06952
9576.84473 0.069476
9577.27734 0.069432
9577.70996 0.069388
9578.14355 0.069344
9578.57617 0.0693
9579.00879 0.069256
9579.44238 0.069212
9579.87500 0.069168
9580.30859 0.069119
9580.74121 0.069068
9581.17480 0.069017
9581.60742 0.068966
9582.04102 0.068915
9582.47363 0.068864
9582.90723 0.068813
9583.33984 0.068762
9583.77344 0.068711
9584.20703 0.068659
9584.63965 0.068608
9585.07324 0.068557
9585.50684 0.068502
9585.93945 0.068448
9586.37305 0.068393
9586.80664 0.068338
9587.24023 0.068284
9587.67285 0.068229
9588.10645 0.068174
9588.54004 0.06812
9588.97363 0.068065
9589.40723 0.06801
9589.84082 0.067956
9590.27344 0.067899
9590.70703 0.067842
9591.14062 0.067784
9591.57422 0.067726
9592.00781 0.067669
9592.44141 0.067611
9592.87500 0.067554
9593.30859 0.067496
9593.74219 0.067438
9594.17578 0.067381
9594.61035 0.067323
9595.04395 0.067265
9595.47754 0.067211
9595.91113 0.067156
9596.34473 0.067102
9596.77832 0.067047
9597.21289 0.066993
9597.64648 0.066938
9598.08008 0.066884
9598.51367 0.066829
9598.94824 0.066774
9599.38184 0.06672
9599.81543 0.066665
9600.25000 0.066609
9600.68359 0.066552
9601.11816 0.066495
9601.55176 0.066438
9601.98535 0.066381
9602.41992 0.066324
9602.85352 0.066267
9603.28809 0.06621
9603.72168 0.066153
9604.15625 0.066096
9604.59082 0.066038
9605.02441 0.065982
9605.45898 0.065927
9605.89258 0.065873
9606.32715 0.065819
9606.76172 0.065764
9607.19531 0.06571
9607.62988 0.065655
9608.06445 0.065601
9608.49902 0.065546
9608.93262 0.065492
9609.36719 0.065438
9609.80176 0.065383
9610.23633 0.065325
9610.67090 0.065264
9611.10352 0.065202
9611.53906 0.065141
9611.97363 0.065079
9612.40820 0.065018
9612.84277 0.064957
9613.27734 0.064895
9613.71191 0.064834
9614.14648 0.064772
9614.58105 0.064711
9615.01562 0.064649
9615.45020 0.064578
9615.88477 0.064507
9616.31934 0.064436
9616.75488 0.064364
9617.18945 0.064293
9617.62402 0.064222
9618.05859 0.064151
9618.49316 0.06408
9618.92871 0.064009
9619.36328 0.063937
9619.79785 0.063866
9620.23242 0.063793
9620.66797 0.063719
9621.10254 0.063644
9621.53711 0.06357
9621.97266 0.063495
9622.40723 0.063421
9622.84180 0.063346
9623.27734 0.063271
9623.71191 0.063197
9624.14746 0.063122
9624.58203 0.063048
9625.01758 0.062973
9625.45215 0.062892
9625.88770 0.062811
9626.32324 0.062731
9626.75781 0.06265
9627.19336 0.06257
9627.62793 0.062489
9628.06348 0.062408
9628.49902 0.062328
9628.93359 0.062247
9629.36914 0.062166
9629.80469 0.062085
9630.24023 0.062005
9630.67480 0.061926
9631.11035 0.061847
9631.54590 0.061768
9631.98145 0.061688
9632.41699 0.061609
9632.85254 0.06153
9633.28711 0.06145
9633.72266 0.061371
9634.15820 0.061292
9634.59375 0.061212
9635.02930 0.061132
9635.46484 0.061041
9635.90039 0.060949
9636.33594 0.060858
9636.77148 0.060766
9637.20703 0.060675
9637.64258 0.060583
9638.07910 0.060491
9638.51465 0.0604
9638.95020 0.060308
9639.38574 0.060216
9639.82129 0.060125
9640.25684 0.060028
9640.69336 0.059929
9641.12891 0.059829
9641.56445 0.05973
9642.00098 0.05963
9642.43652 0.05953
9642.87207 0.05943
9643.30859 0.059331
9643.74414 0.059231
9644.17969 0.059131
9644.61621 0.059031
9645.05176 0.05893
9645.48828 0.05882
9645.92383 0.05871
9646.36035 0.0586
9646.79590 0.05849
9647.23242 0.058379
9647.66797 0.058269
9648.10352 0.058159
9648.54004 0.058049
9648.97656 0.057938
9649.41309 0.057828
9649.84863 0.057717
9650.28516 0.057603
9650.72168 0.057486
9651.15723 0.05737
9651.59375 0.057253
9652.03027 0.057136
9652.46680 0.057019
9652.90332 0.056902
9653.33887 0.056786
9653.77539 0.056669
9654.21191 0.056552
9654.64844 0.056435
9655.08496 0.056318
9655.52148 0.056203
9655.95801 0.056087
9656.39453 0.055972
9656.83105 0.055857
9657.26758 0.055741
9657.70410 0.055625
9658.14062 0.05551
9658.57715 0.055394
9659.01367 0.055279
9659.45020 0.055163
9659.88672 0.055047
9660.32324 0.054931
9660.75977 0.054815
9661.19727 0.054698
9661.63379 0.054582
9662.07031 0.054466
9662.50684 0.054349
9662.94434 0.054233
9663.38086 0.054116
9663.81738 0.054
9664.25488 0.053883
9664.69141 0.053766
9665.12793 0.05365
9665.56543 0.053536
9666.00195 0.053421
9666.43848 0.053306
9666.87598 0.053192
9667.31152 0.053077
9667.75000 0.052962
9668.18652 0.052848
9668.62402 0.052733
9669.06055 0.052618
9669.49805 0.052503
9669.93555 0.052388
9670.37207 0.052269
9670.80957 0.05215
9671.24707 0.052031
9671.68359 0.051912
9672.12109 0.051792
9672.55859 0.051673
9672.99512 0.051554
9673.43262 0.051434
9673.87012 0.051315
9674.30762 0.051195
9674.74414 0.051076
9675.18164 0.050956
9675.61914 0.050837
9676.05664 0.050717
9676.49414 0.050598
9676.93164 0.050478
9677.36914 0.050359
9677.80664 0.050239
9678.24414 0.050119
9678.68164 0.05
9679.11914 0.04988
9679.55664 0.04976
9679.99414 0.04964
9680.43164 0.049523
9680.86914 0.049405
9681.30664 0.049287
9681.74414 0.049169
9682.18164 0.049051
9682.62012 0.048933
9683.05762 0.048815
9683.49512 0.048697
9683.93262 0.048579
9684.37012 0.048461
9684.80859 0.048342
9685.24609 0.048229
9685.68359 0.04812
9686.12207 0.04801
9686.55957 0.047901
9686.99707 0.047791
9687.43555 0.047682
9687.87305 0.047572
9688.31152 0.047462
9688.74902 0.047353
9689.18652 0.047243
9689.62500 0.047134
9690.06348 0.047025
9690.50098 0.046924
9690.93945 0.046822
9691.37695 0.046721
9691.81543 0.046619
9692.25391 0.046518
9692.69141 0.046416
9693.12988 0.046315
9693.56836 0.046213
9694.00586 0.046112
9694.44434 0.04601
9694.88281 0.045908
9695.32129 0.045805
9695.75879 0.045702
9696.19727 0.045599
9696.63574 0.045495
9697.07422 0.045392
9697.51270 0.045288
9697.95117 0.045185
9698.38965 0.045081
9698.82715 0.044978
9699.26562 0.044874
9699.70410 0.044771
9700.14258 0.044669
9700.58105 0.044571
9701.01953 0.044473
9701.45801 0.044374
9701.89746 0.044276
9702.33594 0.044178
9702.77441 0.04408
9703.21289 0.043981
9703.65137 0.043883
9704.08984 0.043785
9704.52832 0.043686
9704.96777 0.043588
9705.40625 0.043493
9705.84473 0.043399
9706.28320 0.043305
9706.72266 0.04321
9707.16113 0.043116
9707.59961 0.043022
9708.03906 0.042927
9708.47754 0.042833
9708.91602 0.042738
9709.35547 0.042644
9709.79395 0.042549
9710.23340 0.042453
9710.67188 0.042354
9711.11133 0.042256
9711.54980 0.042157
9711.98926 0.042059
9712.42773 0.041961
9712.86719 0.041862
9713.30566 0.041764
9713.74512 0.041665
9714.18457 0.041566
9714.62305 0.041468
9715.06348 0.04137
9715.50195 0.041282
9715.94043 0.041193
9716.37988 0.041104
9716.81934 0.041015
9717.25879 0.040927
9717.69824 0.040838
9718.13672 0.040749
9718.57617 0.04066
9719.01562 0.040571
9719.45508 0.040482
9719.89453 0.040393
9720.33398 0.040308
9720.77344 0.040224
9721.21289 0.040139
9721.65234 0.040055
9722.09180 0.039971
9722.53125 0.039886
9722.97070 0.039802
9723.41016 0.039717
9723.84961 0.039633
9724.28906 0.039549
9724.72852 0.039464
9725.16797 0.039382
9725.60742 0.039302
9726.04785 0.039223
9726.48730 0.039143
9726.92676 0.039064
9727.36621 0.038985
9727.80664 0.038905
9728.24609 0.038826
9728.68555 0.038746
9729.12598 0.038667
9729.56543 0.038587
9730.00488 0.038508
