threeML/data/optical_filters/HST/NICMOS3-F215N.ecsv
# %ECSV 0.9
# ---
# datatype:
# - {name: wavelength, unit: Angstrom, datatype: float32}
# - {name: response, datatype: float32}
# meta: !!omap
# - {band_name: F215N}
# - {group_name: NICMOS3}
wavelength response
[from data line 767]
21444.59961 0.241303
21444.81055 0.241235
21445.02930 0.241166
21445.24023 0.241098
21445.44922 0.24103
21445.66992 0.240961
21445.88086 0.240893
21446.09961 0.24091
21446.31055 0.241036
21446.51953 0.24116
21446.74023 0.241285
21446.94922 0.24141
21447.16992 0.241534
21447.38086 0.241659
21447.59961 0.241784
21447.81055 0.241908
21448.01953 0.242005
21448.24023 0.241871
21448.44922 0.241736
21448.66992 0.241602
21448.88086 0.241468
21449.09961 0.241333
21449.31055 0.2412
21449.51953 0.241065
21449.74023 0.240931
21449.94922 0.240797
21450.16992 0.240969
21450.38086 0.241232
21450.58984 0.241492
21450.81055 0.241755
21451.01953 0.242017
21451.24023 0.24228
21451.44922 0.24254
21451.66992 0.242803
21451.88086 0.243065
21452.08984 0.24316
21452.31055 0.243043
21452.51953 0.242926
21452.74023 0.242811
21452.94922 0.242694
21453.16992 0.242577
21453.38086 0.24246
21453.58984 0.242345
21453.81055 0.242228
21454.01953 0.242134
21454.24023 0.242228
21454.44922 0.242323
21454.66992 0.242418
21454.88086 0.242513
21455.08984 0.242607
21455.31055 0.242702
21455.51953 0.242797
21455.74023 0.242891
21455.94922 0.242986
21456.16992 0.243227
21456.38086 0.243509
21456.58984 0.24379
21456.81055 0.244073
21457.01953 0.244356
21457.24023 0.244639
21457.44922 0.24492
21457.66992 0.245203
21457.88086 0.245486
21458.08984 0.245616
21458.31055 0.245553
21458.51953 0.245491
21458.74023 0.245429
21458.94922 0.245367
21459.16992 0.245305
21459.38086 0.245242
21459.59961 0.24518
21459.81055 0.245118
21460.01953 0.245058
21460.24023 0.245011
21460.44922 0.244965
21460.66992 0.244918
21460.88086 0.244872
21461.09961 0.244826
21461.31055 0.244779
21461.51953 0.244733
21461.74023 0.244686
21461.94922 0.24464
21462.16992 0.244643
21462.38086 0.244659
21462.59961 0.244675
21462.81055 0.244692
21463.02930 0.244709
21463.24023 0.244725
21463.44922 0.244742
21463.66992 0.244758
21463.88086 0.244775
21464.09961 0.24485
21464.31055 0.244999
21464.52930 0.245147
21464.74023 0.245296
21464.94922 0.245443
21465.16992 0.245591
21465.38086 0.24574
21465.59961 0.245888
21465.81055 0.246037
21466.02930 0.246166
21466.24023 0.246157
21466.46094 0.246149
21466.66992 0.24614
21466.88086 0.246132
21467.09961 0.246123
21467.31055 0.246115
21467.52930 0.246106
21467.74023 0.246097
21467.96094 0.246089
21468.16992 0.246076
21468.38086 0.246063
21468.59961 0.246049
21468.81055 0.246035
21469.02930 0.246022
21469.24023 0.246008
21469.46094 0.245995
21469.66992 0.245981
21469.88086 0.245967
21470.09961 0.246022
21470.31055 0.246156
21470.52930 0.24629
21470.74023 0.246424
21470.96094 0.246556
21471.16992 0.24669
21471.39062 0.246824
21471.59961 0.246958
21471.82031 0.247091
21472.02930 0.247187
21472.24023 0.247051
21472.46094 0.246916
21472.66992 0.24678
21472.89062 0.246644
21473.09961 0.246509
21473.32031 0.246373
21473.52930 0.246238
21473.75000 0.246102
21473.96094 0.245966
21474.17969 0.246151
21474.39062 0.246406
21474.59961 0.246663
21474.82031 0.24692
21475.02930 0.247177
21475.25000 0.247434
21475.46094 0.247689
21475.67969 0.247946
21475.89062 0.248203
21476.10938 0.248272
21476.32031 0.248144
21476.53906 0.248017
21476.75000 0.247891
21476.96094 0.247764
21477.17969 0.247636
21477.39062 0.247509
21477.60938 0.247382
21477.82031 0.247254
21478.03906 0.24714
21478.25000 0.247084
21478.46094 0.247027
21478.67969 0.246971
21478.89062 0.246914
21479.10938 0.246858
21479.32031 0.246802
21479.53906 0.246745
21479.75000 0.246689
21479.97070 0.246632
21480.17969 0.246587
21480.40039 0.246543
21480.60938 0.246499
21480.82031 0.246456
21481.03906 0.246412
21481.25000 0.246368
21481.47070 0.246324
21481.67969 0.246281
21481.90039 0.246237
21482.10938 0.246184
21482.33008 0.246122
21482.53906 0.246061
21482.75977 0.245999
21482.97070 0.245937
21483.18945 0.245875
21483.40039 0.245814
21483.61914 0.245752
21483.83008 0.245691
21484.03906 0.245616
21484.25977 0.245487
21484.47070 0.245359
21484.68945 0.24523
21484.90039 0.245102
21485.11914 0.244973
21485.33008 0.244846
21485.53906 0.244717
21485.75977 0.244589
21485.97070 0.24446
21486.18945 0.244391
21486.40039 0.244329
21486.61914 0.244267
21486.83008 0.244205
21487.05078 0.244144
21487.25977 0.244082
21487.48047 0.244021
21487.68945 0.243959
21487.91016 0.243897
21488.11914 0.243754
21488.33984 0.243548
21488.55078 0.243342
21488.76953 0.243136
21488.98047 0.242932
21489.18945 0.242726
21489.41016 0.24252
21489.61914 0.242314
21489.83984 0.242108
21490.05078 0.241908
21490.26953 0.241729
21490.48047 0.24155
21490.69922 0.241371
21490.91016 0.241192
21491.13086 0.241015
21491.33984 0.240836
21491.55078 0.240657
21491.76953 0.240478
21491.98047 0.240299
21492.19922 0.240175
21492.41016 0.240055
21492.63086 0.239934
21492.83984 0.239814
21493.06055 0.239694
21493.26953 0.239574
21493.49023 0.239455
21493.69922 0.239335
21493.91992 0.239215
21494.13086 0.239009
21494.34961 0.238747
21494.56055 0.238486
21494.77930 0.238224
21494.99023 0.237963
21495.21094 0.237701
21495.41992 0.23744
21495.63086 0.237178
21495.84961 0.236917
21496.06055 0.2367
21496.27930 0.236586
21496.49023 0.236471
21496.71094 0.236357
21496.91992 0.236242
21497.14062 0.236128
21497.34961 0.236014
21497.57031 0.235899
21497.77930 0.235785
21498.00000 0.23567
21498.21094 0.235402
21498.42969 0.23513
21498.64062 0.234859
21498.85938 0.234588
21499.07031 0.234316
21499.28906 0.234045
21499.50000 0.233776
21499.71094 0.233505
21499.92969 0.233233
21500.14062 0.233083
21500.35938 0.232995
21500.57031 0.232907
21500.78906 0.232818
21501.00000 0.23273
21501.22070 0.232642
21501.42969 0.232553
21501.65039 0.232465
21501.85938 0.232377
21502.08008 0.232212
21502.28906 0.231911
21502.50977 0.231609
21502.72070 0.231307
21502.93945 0.231005
21503.15039 0.230703
21503.36914 0.230401
21503.58008 0.230099
21503.78906 0.229797
21504.00977 0.229502
21504.22070 0.22936
21504.43945 0.229219
21504.65039 0.229077
21504.86914 0.228935
21505.08008 0.228794
21505.30078 0.228652
21505.50977 0.22851
21505.73047 0.228368
21505.93945 0.228226
21506.16016 0.228022
21506.36914 0.227796
21506.58984 0.22757
21506.80078 0.227344
21507.01953 0.227117
21507.23047 0.226891
21507.44922 0.226665
21507.66016 0.226439
21507.86914 0.226212
21508.08984 0.226029
21508.30078 0.225906
21508.51953 0.225783
21508.73047 0.22566
21508.94922 0.225536
21509.16016 0.225413
21509.38086 0.22529
21509.58984 0.225167
21509.81055 0.225044
21510.01953 0.224911
21510.24023 0.224703
21510.44922 0.224495
21510.66992 0.224286
21510.88086 0.224078
21511.09961 0.22387
21511.31055 0.223662
21511.52930 0.223453
21511.74023 0.223245
21511.96094 0.223037
21512.16992 0.222832
21512.39062 0.222628
21512.59961 0.222424
21512.82031 0.22222
21513.02930 0.222016
21513.25000 0.221811
21513.46094 0.221607
21513.67969 0.221403
21513.89062 0.221199
21514.10938 0.221052
21514.32031 0.220965
21514.53906 0.220877
21514.75000 0.220789
21514.96094 0.220702
21515.17969 0.220614
21515.39062 0.220526
21515.60938 0.220439
21515.82031 0.220351
21516.03906 0.220254
21516.25977 0.220123
21516.47070 0.219991
21516.68945 0.21986
21516.90039 0.219728
21517.11914 0.219597
21517.33008 0.219465
21517.53906 0.219333
21517.75977 0.219202
21517.97070 0.21907
21518.18945 0.21886
21518.40039 0.218638
21518.61914 0.218417
21518.83008 0.218196
21519.05078 0.217974
21519.25977 0.217753
21519.48047 0.217532
21519.68945 0.21731
21519.91016 0.217089
21520.11914 0.216948
21520.33984 0.216867
21520.55078 0.216786
21520.76953 0.216705
21520.98047 0.216624
21521.19922 0.216542
21521.41016 0.216461
21521.63086 0.21638
21521.83984 0.216299
21522.06055 0.216276
21522.26953 0.216407
21522.49023 0.216538
21522.69922 0.216669
21522.91992 0.2168
21523.13086 0.216931
21523.34961 0.217063
21523.56055 0.217194
21523.77930 0.217325
21523.99023 0.217456
21524.21094 0.217403
21524.41992 0.217343
21524.64062 0.217283
21524.84961 0.217224
21525.07031 0.217164
21525.27930 0.217104
21525.50000 0.217044
21525.71094 0.216984
21525.92969 0.216925
21526.14062 0.216916
21526.35938 0.216933
21526.57031 0.21695
21526.78906 0.216967
21527.00000 0.216984
21527.22070 0.217001
21527.42969 0.217018
21527.65039 0.217034
21527.85938 0.217051
21528.08008 0.217105
21528.28906 0.217224
21528.50977 0.217342
21528.72070 0.21746
21528.93945 0.217579
21529.15039 0.217697
21529.36914 0.217815
21529.58008 0.217935
21529.80078 0.218053
21530.00977 0.218179
21530.23047 0.218427
21530.43945 0.218675
21530.66016 0.218922
21530.86914 0.21917
21531.08984 0.219418
21531.30078 0.219666
21531.51953 0.219916
21531.73047 0.220164
21531.94922 0.220411
21532.16016 0.220487
21532.38086 0.220509
21532.58984 0.220531
21532.81055 0.220554
21533.01953 0.220576
21533.24023 0.220598
21533.46094 0.220621
21533.66992 0.220643
21533.88086 0.220665
21534.09961 0.220771
21534.31055 0.220974
21534.52930 0.221176
21534.74023 0.221379
21534.96094 0.221581
21535.17969 0.221785
21535.39062 0.221988
21535.60938 0.22219
21535.82031 0.222393
21536.03906 0.222581
21536.25000 0.222698
21536.46094 0.222816
21536.67969 0.222933
21536.90039 0.223051
21537.10938 0.223168
21537.33008 0.223285
21537.53906 0.223403
21537.75977 0.22352
21537.97070 0.223637
21538.18945 0.223909
21538.40039 0.224209
21538.61914 0.224506
21538.83008 0.224803
21539.05078 0.225101
21539.25977 0.225398
21539.48047 0.225695
21539.68945 0.225992
21539.91016 0.226292
21540.11914 0.226593
21540.33984 0.226897
21540.55078 0.227201
21540.76953 0.227505
21540.98047 0.227809
21541.19922 0.228116
21541.41016 0.22842
21541.63086 0.228724
21541.83984 0.229028
21542.06055 0.229342
21542.26953 0.229683
21542.49023 0.230027
21542.71094 0.230369
21542.91992 0.23071
21543.13086 0.231051
21543.34961 0.231392
21543.56055 0.231734
21543.77930 0.232078
21544.00000 0.232419
21544.21094 0.232658
21544.42969 0.232895
21544.64062 0.233131
21544.85938 0.233368
21545.07031 0.233607
21545.28906 0.233844
21545.50000 0.234081
21545.72070 0.234318
21545.92969 0.234554
21546.15039 0.234819
21546.35938 0.2351
21546.58008 0.235379
21546.78906 0.235657
21547.00977 0.235935
21547.22070 0.236214
21547.43945 0.236495
21547.65039 0.236773
21547.86914 0.237051
21548.08008 0.237411
21548.30078 0.237897
21548.51953 0.238388
21548.73047 0.238874
21548.94922 0.239361
21549.16016 0.239847
21549.36914 0.240333
21549.58984 0.240824
21549.81055 0.24131
21550.01953 0.241779
21550.24023 0.242095
21550.44922 0.242411
21550.66992 0.24273
21550.88086 0.243046
21551.09961 0.243362
21551.31055 0.243678
21551.52930 0.243994
21551.74023 0.244312
21551.96094 0.244628
21552.16992 0.244859
21552.39062 0.245069
21552.59961 0.245279
21552.82031 0.245491
21553.03906 0.245701
21553.25000 0.245912
21553.46094 0.246122
21553.67969 0.246334
21553.90039 0.246544
21554.10938 0.246834
21554.33008 0.247196
21554.53906 0.247559
21554.75977 0.247924
21554.97070 0.248287
21555.18945 0.248649
21555.40039 0.249012
21555.61914 0.249378
21555.83008 0.24974
21556.05078 0.250067
21556.25977 0.250274
21556.48047 0.250482
21556.69922 0.250688
21556.91016 0.250894
21557.13086 0.2511
21557.33984 0.251308
21557.56055 0.251515
21557.76953 0.251721
21557.99023 0.251927
21558.19922 0.251943
21558.41992 0.251947
21558.63086 0.251951
21558.84961 0.251954
21559.06055 0.251958
21559.27930 0.251961
21559.49023 0.251965
21559.71094 0.251968
21559.92969 0.251972
21560.14062 0.252053
21560.35938 0.252174
21560.57031 0.252295
21560.78906 0.252418
21561.00000 0.252539
21561.22070 0.25266
21561.42969 0.252781
21561.65039 0.252904
21561.85938 0.253025
21562.08008 0.253021
21562.28906 0.252798
21562.50977 0.252573
21562.72070 0.25235
21562.93945 0.252128
21563.15039 0.251905
21563.36914 0.25168
21563.58984 0.251457
21563.80078 0.251234
21564.01953 0.250999
21564.23047 0.250655
21564.44922 0.250312
21564.66016 0.249968
21564.88086 0.249621
21565.08984 0.249277
21565.31055 0.248933
21565.52930 0.248586
21565.74023 0.248243
21565.96094 0.247899
21566.16992 0.247589
21566.39062 0.247285
21566.59961 0.246984
21566.82031 0.246683
21567.02930 0.246379
21567.25000 0.246078
21567.46094 0.245777
21567.67969 0.245476
21567.89062 0.245172
21568.10938 0.244633
21568.32031 0.243864
21568.53906 0.243088
21568.75977 0.242319
21568.97070 0.24155
21569.18945 0.240782
21569.40039 0.240006
21569.61914 0.239237
21569.83008 0.238468
21570.05078 0.237709
21570.25977 0.237017
21570.48047 0.236325
21570.69922 0.235627
21570.91016 0.234935
21571.13086 0.234243
21571.33984 0.233545
21571.56055 0.232853
21571.76953 0.232161
21571.99023 0.231469
21572.19922 0.230481
21572.41992 0.229482
21572.63086 0.228483
21572.84961 0.227475
21573.06055 0.226476
21573.27930 0.225477
21573.50000 0.224469
21573.71094 0.22347
21573.92969 0.222471
21574.14062 0.221398
21574.35938 0.2203
21574.57031 0.219202
21574.78906 0.218095
21575.00000 0.216997
21575.22070 0.215899
21575.43945 0.214792
21575.65039 0.213694
21575.86914 0.212596
21576.08008 0.211343
21576.30078 0.209864
21576.50977 0.208385
21576.73047 0.206892
21576.93945 0.205413
21577.16016 0.203934
21577.38086 0.202441
21577.58984 0.200962
21577.80078 0.199483
21578.01953 0.198022
21578.24023 0.196861
21578.44922 0.195699
21578.66992 0.194527
21578.88086 0.193365
21579.09961 0.192193
21579.31055 0.191032
21579.52930 0.18987
21579.75000 0.188698
21579.96094 0.187536
21580.17969 0.186001
21580.39062 0.184368
21580.60938 0.18275
21580.82031 0.181132
21581.03906 0.179499
21581.25000 0.177881
21581.47070 0.176263
21581.68945 0.17463
21581.90039 0.173011
21582.11914 0.171554
21582.33008 0.170257
21582.55078 0.168961
21582.75977 0.167653
21582.98047 0.166356
21583.18945 0.16506
21583.41016 0.163751
21583.63086 0.162455
21583.83984 0.161146
21584.06055 0.159761
21584.26953 0.158129
21584.49023 0.156481
21584.69922 0.154849
21584.91992 0.153216
21585.13086 0.151568
21585.34961 0.149936
21585.57031 0.148288
21585.77930 0.146655
21586.00000 0.145022
21586.21094 0.143711
21586.42969 0.142417
21586.64062 0.141111
21586.85938 0.139817
21587.07031 0.138523
21587.28906 0.137217
21587.50977 0.135923
21587.72070 0.134618
21587.93945 0.133323
21588.15039 0.131911
21588.36914 0.130436
21588.58008 0.128974
21588.80078 0.127513
21589.01953 0.126038
21589.23047 0.124576
21589.44922 0.123101
21589.66016 0.121639
21589.88086 0.120164
21590.08984 0.118814
21590.31055 0.117607
21590.52930 0.116389
21590.74023 0.115183
21590.96094 0.113965
21591.16992 0.112758
21591.39062 0.111551
21591.59961 0.110334
21591.82031 0.109127
21592.03906 0.107922
21592.25000 0.106797
21592.46094 0.105672
21592.67969 0.104536
21592.90039 0.10341
21593.10938 0.102275
21593.33008 0.101149
21593.53906 0.100013
21593.75977 0.098888
21593.97070 0.097762
21594.18945 0.096544
21594.41016 0.095327
21594.61914 0.094099
21594.83984 0.092881
21595.05078 0.091653
21595.26953 0.090436
21595.48047 0.089218
21595.69922 0.08799
21595.91992 0.086772
21596.13086 0.085761
21596.34961 0.084895
21596.56055 0.084021
21596.77930 0.083154
21597.00000 0.08228
21597.21094 0.081414
21597.42969 0.080548
21597.64062 0.079674
21597.85938 0.078807
21598.07031 0.077844
21598.28906 0.076721
21598.50977 0.075588
21598.72070 0.074465
21598.93945 0.073332
21599.15039 0.072208
21599.36914 0.071075
21599.58008 0.069952
21599.80078 0.068828
21600.01953 0.06773
21600.23047 0.067095
21600.44922 0.066454
21600.66016 0.065818
21600.88086 0.065177
21601.08984 0.064541
21601.31055 0.0639
21601.52930 0.063265
21601.74023 0.062623
21601.96094 0.061988
21602.16992 0.061188
21602.39062 0.060357
21602.59961 0.059525
21602.82031 0.058686
21603.03906 0.057855
21603.25000 0.057016
21603.47070 0.056185
21603.67969 0.055346
21603.90039 0.054514
21604.11914 0.053825
21604.33008 0.053273
21604.55078 0.052716
21604.75977 0.052164
21604.98047 0.051607
21605.18945 0.051055
21605.41016 0.050498
21605.63086 0.049946
21605.83984 0.049389
21606.06055 0.048799
21606.26953 0.048098
21606.49023 0.047402
21606.71094 0.046701
21606.91992 0.046005
21607.14062 0.045304
21607.34961 0.044608
21607.57031 0.043907
21607.77930 0.043211
21608.00000 0.04251
21608.21094 0.042012
21608.42969 0.041509
21608.65039 0.041011
