threeML/data/optical_filters/HST/NICMOS2-F216N.ecsv
# %ECSV 0.9
# ---
# datatype:
# - {name: wavelength, unit: Angstrom, datatype: float32}
# - {name: response, datatype: float32}
# meta: !!omap
# - {band_name: F216N}
# - {group_name: NICMOS2}
wavelength response
[from data line 767]
21570.91016 0.258742
21571.13086 0.258707
21571.33984 0.258672
21571.56055 0.258638
21571.76953 0.258603
21571.99023 0.258569
21572.19922 0.258578
21572.41992 0.258589
21572.63086 0.258601
21572.84961 0.258613
21573.06055 0.258625
21573.27930 0.258637
21573.50000 0.258649
21573.71094 0.258661
21573.92969 0.258672
21574.14062 0.258478
21574.35938 0.258178
21574.57031 0.257878
21574.78906 0.257576
21575.00000 0.257277
21575.22070 0.256977
21575.43945 0.256675
21575.65039 0.256375
21575.86914 0.256076
21576.08008 0.255847
21576.30078 0.255742
21576.50977 0.255636
21576.73047 0.25553
21576.93945 0.255425
21577.16016 0.255319
21577.38086 0.255213
21577.58984 0.255107
21577.80078 0.255002
21578.01953 0.254891
21578.24023 0.254743
21578.44922 0.254595
21578.66992 0.254446
21578.88086 0.254297
21579.09961 0.254148
21579.31055 0.254
21579.52930 0.253852
21579.75000 0.253702
21579.96094 0.253554
21580.17969 0.253367
21580.39062 0.25317
21580.60938 0.252975
21580.82031 0.25278
21581.03906 0.252583
21581.25000 0.252388
21581.47070 0.252193
21581.68945 0.251996
21581.90039 0.251801
21582.11914 0.251609
21582.33008 0.251423
21582.55078 0.251238
21582.75977 0.25105
21582.98047 0.250864
21583.18945 0.250678
21583.41016 0.250491
21583.63086 0.250305
21583.83984 0.250117
21584.06055 0.249921
21584.26953 0.249695
21584.49023 0.249466
21584.69922 0.24924
21584.91992 0.249013
21585.13086 0.248785
21585.34961 0.248559
21585.57031 0.24833
21585.77930 0.248104
21586.00000 0.247878
21586.21094 0.247695
21586.42969 0.247515
21586.64062 0.247334
21586.85938 0.247154
21587.07031 0.246974
21587.28906 0.246793
21587.50977 0.246613
21587.72070 0.246431
21587.93945 0.246252
21588.15039 0.24611
21588.36914 0.245983
21588.58008 0.245858
21588.80078 0.245732
21589.01953 0.245605
21589.23047 0.24548
21589.44922 0.245353
21589.66016 0.245227
21589.88086 0.245101
21590.08984 0.245002
21590.31055 0.244938
21590.52930 0.244874
21590.74023 0.24481
21590.96094 0.244746
21591.16992 0.244682
21591.39062 0.244619
21591.59961 0.244555
21591.82031 0.244491
21592.03906 0.2444
21592.25000 0.244175
21592.46094 0.24395
21592.67969 0.243723
21592.90039 0.243499
21593.10938 0.243272
21593.33008 0.243047
21593.53906 0.24282
21593.75977 0.242595
21593.97070 0.24237
21594.18945 0.242311
21594.41016 0.242274
21594.61914 0.242237
21594.83984 0.2422
21595.05078 0.242163
21595.26953 0.242126
21595.48047 0.242089
21595.69922 0.242052
21595.91992 0.242015
21596.13086 0.241895
21596.34961 0.241724
21596.56055 0.241552
21596.77930 0.24138
21597.00000 0.241208
21597.21094 0.241036
21597.42969 0.240865
21597.64062 0.240693
21597.85938 0.240521
21598.07031 0.240445
21598.28906 0.240553
21598.50977 0.240662
21598.72070 0.240769
21598.93945 0.240878
21599.15039 0.240986
21599.36914 0.241095
21599.58008 0.241202
21599.80078 0.24131
21600.01953 0.241401
21600.23047 0.24126
21600.44922 0.241119
21600.66016 0.240978
21600.88086 0.240837
21601.08984 0.240696
21601.31055 0.240555
21601.52930 0.240414
21601.74023 0.240272
21601.96094 0.240132
21602.16992 0.240101
21602.39062 0.240097
21602.59961 0.240093
21602.82031 0.240089
21603.03906 0.240085
21603.25000 0.240081
21603.47070 0.240078
21603.67969 0.240074
21603.90039 0.24007
21604.11914 0.240058
21604.33008 0.24004
21604.55078 0.240022
21604.75977 0.240004
21604.98047 0.239985
21605.18945 0.239967
21605.41016 0.239949
21605.63086 0.23993
21605.83984 0.239912
21606.06055 0.239899
21606.26953 0.239899
21606.49023 0.239899
21606.71094 0.239899
21606.91992 0.2399
21607.14062 0.2399
21607.34961 0.2399
21607.57031 0.2399
21607.77930 0.239901
21608.00000 0.239901
21608.21094 0.239895
21608.42969 0.239889
21608.65039 0.239883
21608.85938 0.239877
21609.08008 0.239871
21609.28906 0.239865
21609.50977 0.239859
21609.73047 0.239853
21609.93945 0.239847
21610.16016 0.239901
21610.36914 0.239976
21610.58984 0.240052
21610.80078 0.240127
21611.01953 0.240202
21611.24023 0.240277
21611.44922 0.240353
21611.66992 0.240428
21611.88086 0.240504
21612.09961 0.240584
21612.32031 0.240671
21612.52930 0.240756
21612.75000 0.240843
21612.96094 0.240929
21613.17969 0.241015
21613.40039 0.241102
21613.60938 0.241188
21613.83008 0.241275
21614.03906 0.241376
21614.25977 0.24154
21614.47070 0.241702
21614.68945 0.241866
21614.91016 0.242029
21615.11914 0.242193
21615.33984 0.242355
21615.55078 0.242519
21615.76953 0.242681
21615.99023 0.242845
21616.19922 0.242903
21616.41992 0.242953
21616.63086 0.243004
21616.84961 0.243054
21617.07031 0.243104
21617.27930 0.243154
21617.50000 0.243205
21617.71094 0.243255
21617.92969 0.243306
21618.14062 0.243428
21618.35938 0.243588
21618.58008 0.243746
21618.78906 0.243905
21619.00977 0.244064
21619.22070 0.244222
21619.43945 0.244381
21619.66016 0.244539
21619.86914 0.244699
21620.08984 0.244825
21620.30078 0.244907
21620.51953 0.244989
21620.74023 0.24507
21620.94922 0.245152
21621.16992 0.245233
21621.38086 0.245315
21621.59961 0.245396
21621.82031 0.245478
21622.02930 0.245574
21622.25000 0.245742
21622.46094 0.245912
21622.67969 0.246081
21622.90039 0.246251
21623.10938 0.24642
21623.33008 0.24659
21623.53906 0.24676
21623.75977 0.246928
21623.98047 0.247098
21624.18945 0.247225
21624.41016 0.247349
21624.61914 0.247471
21624.83984 0.247594
21625.06055 0.247717
21625.26953 0.247839
21625.49023 0.247962
21625.69922 0.248084
21625.91992 0.248207
21626.14062 0.248418
21626.34961 0.248678
21626.57031 0.24894
21626.77930 0.2492
21627.00000 0.249463
21627.22070 0.249725
21627.42969 0.249985
21627.65039 0.250248
21627.85938 0.250508
21628.08008 0.250679
21628.30078 0.250692
21628.50977 0.250706
21628.73047 0.250719
21628.93945 0.250733
21629.16016 0.250746
21629.38086 0.25076
21629.58984 0.250774
21629.81055 0.250787
21630.01953 0.250819
21630.24023 0.250999
21630.46094 0.251179
21630.66992 0.251358
21630.89062 0.251538
21631.09961 0.251716
21631.32031 0.251896
21631.53906 0.252076
21631.75000 0.252255
21631.97070 0.252435
21632.18945 0.252563
21632.40039 0.252681
21632.61914 0.2528
21632.83008 0.252918
21633.05078 0.253037
21633.26953 0.253156
21633.48047 0.253274
21633.69922 0.253393
21633.91016 0.253512
21634.13086 0.253657
21634.34961 0.253821
21634.56055 0.253986
21634.77930 0.254148
21634.99023 0.254313
21635.21094 0.254476
21635.42969 0.25464
21635.64062 0.254804
21635.85938 0.254967
21636.07031 0.255096
21636.28906 0.255155
21636.50977 0.255214
21636.72070 0.255274
21636.93945 0.255333
21637.15039 0.255392
21637.36914 0.255452
21637.58984 0.255511
21637.80078 0.25557
21638.01953 0.255638
21638.24023 0.255796
21638.44922 0.255951
21638.66992 0.256108
21638.88086 0.256264
21639.09961 0.256421
21639.32031 0.256578
21639.52930 0.256734
21639.75000 0.256891
21639.96094 0.257047
21640.17969 0.257326
21640.40039 0.257631
21640.60938 0.257936
21640.83008 0.258238
21641.03906 0.258543
21641.25977 0.258848
21641.48047 0.25915
21641.68945 0.259455
21641.91016 0.25976
21642.13086 0.259963
21642.33984 0.260097
21642.56055 0.26023
21642.77930 0.260363
21642.99023 0.260495
21643.21094 0.260628
21643.41992 0.260761
21643.64062 0.260894
21643.85938 0.261027
21644.07031 0.261152
21644.28906 0.261262
21644.50000 0.261372
21644.72070 0.261483
21644.93945 0.261592
21645.15039 0.261703
21645.36914 0.261813
21645.58008 0.261923
21645.80078 0.262033
21646.01953 0.262142
21646.23047 0.262233
21646.44922 0.262325
21646.66992 0.262417
21646.88086 0.262509
21647.09961 0.2626
21647.31055 0.262692
21647.52930 0.262784
21647.75000 0.262876
21647.96094 0.262968
21648.17969 0.263055
21648.40039 0.263141
21648.60938 0.263226
21648.83008 0.263312
21649.03906 0.263398
21649.25977 0.263483
21649.48047 0.263569
21649.68945 0.263655
21649.91016 0.263741
21650.11914 0.26389
21650.33984 0.264087
21650.56055 0.264283
21650.76953 0.264477
21650.99023 0.264674
21651.21094 0.26487
21651.41992 0.265066
21651.64062 0.265261
21651.85938 0.265457
21652.07031 0.265577
21652.28906 0.265544
21652.50000 0.26551
21652.72070 0.265477
21652.93945 0.265444
21653.15039 0.26541
21653.36914 0.265377
21653.58984 0.265344
21653.80078 0.26531
21654.01953 0.265282
21654.23047 0.265305
21654.44922 0.265328
21654.66992 0.26535
21654.88086 0.265373
21655.09961 0.265396
21655.32031 0.265419
21655.52930 0.265442
21655.75000 0.265465
21655.96094 0.265488
21656.17969 0.265626
21656.40039 0.265786
21656.60938 0.265947
21656.83008 0.266107
21657.05078 0.266269
21657.25977 0.266428
21657.48047 0.266589
21657.69922 0.26675
21657.91016 0.266911
21658.13086 0.266993
21658.33984 0.267021
21658.56055 0.267049
21658.77930 0.267078
21658.99023 0.267106
21659.21094 0.267134
21659.42969 0.267163
21659.64062 0.267191
21659.85938 0.26722
21660.07031 0.267307
21660.28906 0.267509
21660.50977 0.267711
21660.72070 0.267912
21660.93945 0.268112
21661.16016 0.268314
21661.36914 0.268516
21661.58984 0.268718
21661.80078 0.268918
21662.01953 0.269097
21662.24023 0.269075
21662.46094 0.269053
21662.66992 0.269031
21662.89062 0.269009
21663.09961 0.268987
21663.32031 0.268965
21663.53906 0.268943
21663.75000 0.268921
21663.97070 0.268899
21664.18945 0.268877
21664.40039 0.268854
21664.61914 0.268832
21664.83008 0.268809
21665.05078 0.268787
21665.26953 0.268764
21665.48047 0.268742
21665.69922 0.26872
21665.91992 0.268697
21666.13086 0.268773
21666.34961 0.26891
21666.57031 0.269047
21666.77930 0.269185
21667.00000 0.269321
21667.21094 0.269458
21667.42969 0.269595
21667.65039 0.269733
21667.86914 0.26987
21668.08008 0.269915
21668.30078 0.269804
21668.50977 0.269694
21668.73047 0.269583
21668.94922 0.269473
21669.16016 0.269364
21669.38086 0.269253
21669.59961 0.269143
21669.81055 0.269033
21670.02930 0.268934
21670.25000 0.268908
21670.46094 0.268882
21670.67969 0.268855
21670.89062 0.268829
21671.10938 0.268803
21671.33008 0.268776
21671.53906 0.268751
21671.75977 0.268724
21671.98047 0.268698
21672.18945 0.268776
21672.41016 0.268867
21672.63086 0.268958
21672.83984 0.269048
21673.06055 0.269139
21673.27930 0.26923
21673.49023 0.269321
21673.71094 0.269412
21673.92969 0.269503
21674.14062 0.269501
21674.35938 0.269451
21674.57031 0.269401
21674.78906 0.269351
21675.00977 0.2693
21675.22070 0.26925
21675.43945 0.2692
21675.66016 0.26915
21675.86914 0.2691
21676.08984 0.269063
21676.31055 0.269045
21676.51953 0.269028
21676.74023 0.26901
21676.96094 0.268992
21677.16992 0.268974
21677.39062 0.268956
21677.60938 0.268939
21677.82031 0.268921
21678.03906 0.268915
21678.25977 0.268963
21678.47070 0.269011
21678.68945 0.269059
21678.90039 0.269107
21679.11914 0.269155
21679.33984 0.269204
21679.55078 0.269252
21679.76953 0.2693
21679.99023 0.269348
21680.19922 0.269205
21680.41992 0.269048
21680.64062 0.268892
21680.84961 0.268736
21681.07031 0.26858
21681.28906 0.268423
21681.50000 0.268267
21681.72070 0.268112
21681.93945 0.267956
21682.15039 0.267952
21682.36914 0.268012
21682.58984 0.268072
21682.80078 0.268131
21683.01953 0.268191
21683.24023 0.268251
21683.44922 0.268311
21683.66992 0.26837
21683.88086 0.26843
21684.09961 0.268358
21684.32031 0.268137
21684.53906 0.267915
21684.75000 0.267694
21684.97070 0.267472
21685.18945 0.267251
21685.40039 0.267029
21685.61914 0.266809
21685.83008 0.266588
21686.05078 0.266445
21686.26953 0.266559
21686.48047 0.266674
21686.69922 0.266788
21686.91992 0.266902
21687.13086 0.267016
21687.34961 0.26713
21687.57031 0.267245
21687.77930 0.267358
21688.00000 0.267472
21688.22070 0.267373
21688.42969 0.267273
21688.65039 0.267174
21688.86914 0.267075
21689.08008 0.266975
21689.30078 0.266876
21689.51953 0.266777
21689.73047 0.266678
21689.94922 0.266578
21690.16992 0.266485
21690.38086 0.266394
21690.59961 0.266302
21690.82031 0.266211
21691.02930 0.266119
21691.25000 0.266028
21691.47070 0.265936
21691.67969 0.265844
21691.90039 0.265753
21692.11914 0.265685
21692.33008 0.265636
21692.55078 0.265588
21692.76953 0.265539
21692.98047 0.265491
21693.19922 0.265442
21693.41992 0.265394
21693.63086 0.265346
21693.84961 0.265297
21694.07031 0.265234
21694.27930 0.265139
21694.50000 0.265044
21694.72070 0.264948
21694.92969 0.264853
21695.15039 0.264758
21695.36914 0.264663
21695.58008 0.264568
21695.80078 0.264472
21696.01953 0.264363
21696.23047 0.264102
21696.44922 0.26384
21696.66992 0.263578
21696.88086 0.263316
21697.09961 0.263054
21697.32031 0.262792
21697.52930 0.262532
21697.75000 0.26227
21697.97070 0.262008
21698.17969 0.262001
21698.40039 0.26204
21698.61914 0.262079
21698.83008 0.262118
21699.05078 0.262156
21699.26953 0.262195
21699.48047 0.262234
21699.69922 0.262273
21699.91992 0.262312
21700.13086 0.262159
21700.34961 0.261888
21700.57031 0.261618
21700.78906 0.261347
21701.00000 0.261077
21701.22070 0.260806
21701.43945 0.260536
21701.65039 0.260266
21701.86914 0.259995
21702.08984 0.259839
21702.30078 0.259858
21702.51953 0.259877
21702.74023 0.259896
21702.94922 0.259915
21703.16992 0.259934
21703.39062 0.259953
21703.59961 0.259972
21703.82031 0.259991
21704.03906 0.259962
21704.25000 0.259699
21704.47070 0.259435
21704.68945 0.259172
21704.90039 0.258908
21705.11914 0.258645
21705.33984 0.258381
21705.55078 0.258118
21705.76953 0.257855
21705.99023 0.257591
21706.21094 0.257286
21706.41992 0.256979
21706.64062 0.256671
21706.85938 0.256364
21707.07031 0.256057
21707.28906 0.255749
21707.50977 0.255442
21707.72070 0.255135
21707.93945 0.254827
21708.16016 0.254602
21708.36914 0.254409
21708.58984 0.254216
21708.81055 0.254023
21709.01953 0.25383
21709.24023 0.253637
21709.46094 0.253444
21709.66992 0.253251
21709.89062 0.253057
21710.10938 0.252788
21710.32031 0.252441
21710.53906 0.252094
21710.75977 0.251747
21710.97070 0.2514
21711.18945 0.251053
21711.41016 0.250705
21711.61914 0.250358
21711.83984 0.250011
21712.06055 0.249685
21712.27930 0.249416
21712.49023 0.249147
21712.71094 0.248878
21712.92969 0.248609
21713.14062 0.248341
21713.35938 0.248072
21713.58008 0.247803
21713.78906 0.247534
21714.00977 0.247259
21714.23047 0.246847
21714.44922 0.246439
21714.66016 0.246031
21714.88086 0.245623
21715.09961 0.245215
21715.31055 0.244807
21715.52930 0.244398
21715.75000 0.24399
21715.96094 0.243582
21716.17969 0.24307
21716.40039 0.242535
21716.60938 0.242001
21716.83008 0.241467
21717.05078 0.240933
21717.25977 0.240398
21717.48047 0.239864
21717.69922 0.23933
21717.91016 0.238795
21718.13086 0.23834
21718.34961 0.237933
21718.57031 0.23753
21718.77930 0.237127
21719.00000 0.236724
21719.22070 0.236321
21719.42969 0.235918
21719.65039 0.235514
21719.86914 0.235111
21720.08008 0.234702
21720.30078 0.234284
21720.51953 0.233865
21720.73047 0.233447
21720.94922 0.233029
21721.16992 0.23261
21721.39062 0.232188
21721.59961 0.23177
21721.82031 0.231352
21722.03906 0.230888
21722.25000 0.230208
21722.47070 0.229527
21722.68945 0.228847
21722.90039 0.228166
21723.11914 0.227485
21723.33984 0.226805
21723.55078 0.226124
21723.76953 0.225437
21723.99023 0.224757
21724.21094 0.224147
21724.41992 0.22354
21724.64062 0.222933
21724.85938 0.222327
21725.07031 0.22172
21725.28906 0.221113
21725.50977 0.220506
21725.72070 0.2199
21725.93945 0.219287
21726.16016 0.218549
21726.38086 0.217764
21726.58984 0.216979
21726.81055 0.216194
21727.02930 0.215409
21727.24023 0.214624
21727.46094 0.213839
21727.67969 0.213054
21727.89062 0.212269
21728.10938 0.211528
21728.33008 0.21084
21728.55078 0.210153
21728.75977 0.209465
21728.98047 0.208777
21729.19922 0.20809
21729.41016 0.207402
21729.63086 0.206714
21729.84961 0.206021
21730.07031 0.205232
21730.27930 0.204216
21730.50000 0.203201
21730.72070 0.202184
21730.92969 0.201169
21731.15039 0.200153
21731.36914 0.199136
21731.58984 0.198111
21731.80078 0.197095
21732.01953 0.196104
21732.24023 0.195362
21732.44922 0.19462
21732.66992 0.193878
21732.89062 0.193136
21733.10938 0.192387
21733.32031 0.191645
21733.53906 0.190903
21733.75977 0.190161
21733.97070 0.189418
21734.18945 0.188564
21734.41016 0.187692
21734.63086 0.186813
21734.83984 0.185942
21735.06055 0.185071
21735.27930 0.184199
21735.49023 0.183328
21735.71094 0.182457
21735.92969 0.181586
21736.14062 0.18058
21736.35938 0.17952
