threeML/data/optical_filters/HST/NICMOS2-F215N.ecsv
# %ECSV 0.9
# ---
# datatype:
# - {name: wavelength, unit: Angstrom, datatype: float32}
# - {name: response, datatype: float32}
# meta: !!omap
# - {band_name: F215N}
# - {group_name: NICMOS2}
wavelength response
[from data line 767]
21444.59961 0.251261
21444.81055 0.251189
21445.02930 0.251117
21445.24023 0.251045
21445.44922 0.250973
21445.66992 0.250901
21445.88086 0.25083
21446.09961 0.250847
21446.31055 0.250977
21446.51953 0.251106
21446.74023 0.251235
21446.94922 0.251365
21447.16992 0.251493
21447.38086 0.251623
21447.59961 0.251753
21447.81055 0.251881
21448.01953 0.251982
21448.24023 0.251841
21448.44922 0.2517
21448.66992 0.25156
21448.88086 0.25142
21449.09961 0.251279
21449.31055 0.251139
21449.51953 0.250998
21449.74023 0.250858
21449.94922 0.250718
21450.16992 0.250897
21450.38086 0.251169
21450.58984 0.25144
21450.81055 0.251713
21451.01953 0.251985
21451.24023 0.252258
21451.44922 0.252528
21451.66992 0.252801
21451.88086 0.253074
21452.08984 0.253172
21452.31055 0.25305
21452.51953 0.252928
21452.74023 0.252806
21452.94922 0.252684
21453.16992 0.252562
21453.38086 0.25244
21453.58984 0.252319
21453.81055 0.252197
21454.01953 0.252098
21454.24023 0.252196
21454.44922 0.252294
21454.66992 0.252392
21454.88086 0.25249
21455.08984 0.252588
21455.31055 0.252686
21455.51953 0.252784
21455.74023 0.252881
21455.94922 0.25298
21456.16992 0.253229
21456.38086 0.253523
21456.58984 0.253815
21456.81055 0.254109
21457.01953 0.254403
21457.24023 0.254697
21457.44922 0.254988
21457.66992 0.255283
21457.88086 0.255577
21458.08984 0.255711
21458.31055 0.255646
21458.51953 0.25558
21458.74023 0.255514
21458.94922 0.255449
21459.16992 0.255384
21459.38086 0.255319
21459.59961 0.255253
21459.81055 0.255188
21460.01953 0.255124
21460.24023 0.255075
21460.44922 0.255026
21460.66992 0.254978
21460.88086 0.254928
21461.09961 0.254879
21461.31055 0.25483
21461.51953 0.254782
21461.74023 0.254733
21461.94922 0.254684
21462.16992 0.254686
21462.38086 0.254702
21462.59961 0.254719
21462.81055 0.254736
21463.02930 0.254752
21463.24023 0.254769
21463.44922 0.254785
21463.66992 0.254802
21463.88086 0.254819
21464.09961 0.254896
21464.31055 0.25505
21464.52930 0.255204
21464.74023 0.255358
21464.94922 0.255511
21465.16992 0.255665
21465.38086 0.255819
21465.59961 0.255973
21465.81055 0.256127
21466.02930 0.25626
21466.24023 0.25625
21466.46094 0.256241
21466.66992 0.256231
21466.88086 0.256222
21467.09961 0.256212
21467.31055 0.256203
21467.52930 0.256194
21467.74023 0.256184
21467.96094 0.256175
21468.16992 0.256161
21468.38086 0.256146
21468.59961 0.256131
21468.81055 0.256116
21469.02930 0.256101
21469.24023 0.256087
21469.46094 0.256072
21469.66992 0.256057
21469.88086 0.256042
21470.09961 0.256099
21470.31055 0.256237
21470.52930 0.256376
21470.74023 0.256514
21470.96094 0.256652
21471.16992 0.25679
21471.39062 0.256929
21471.59961 0.257068
21471.82031 0.257207
21472.02930 0.257306
21472.24023 0.257164
21472.46094 0.257022
21472.66992 0.25688
21472.89062 0.256738
21473.09961 0.256597
21473.32031 0.256455
21473.52930 0.256313
21473.75000 0.256171
21473.96094 0.256029
21474.17969 0.256221
21474.39062 0.256486
21474.59961 0.256752
21474.82031 0.257019
21475.02930 0.257286
21475.25000 0.257553
21475.46094 0.257818
21475.67969 0.258085
21475.89062 0.258352
21476.10938 0.258422
21476.32031 0.258289
21476.53906 0.258156
21476.75000 0.258024
21476.96094 0.257891
21477.17969 0.257758
21477.39062 0.257625
21477.60938 0.257491
21477.82031 0.257358
21478.03906 0.257238
21478.25000 0.257179
21478.46094 0.25712
21478.67969 0.25706
21478.89062 0.257001
21479.10938 0.256942
21479.32031 0.256883
21479.53906 0.256823
21479.75000 0.256764
21479.97070 0.256705
21480.17969 0.256656
21480.40039 0.25661
21480.60938 0.256564
21480.82031 0.256518
21481.03906 0.256472
21481.25000 0.256426
21481.47070 0.256379
21481.67969 0.256333
21481.90039 0.256287
21482.10938 0.256232
21482.33008 0.256167
21482.53906 0.256102
21482.75977 0.256037
21482.97070 0.255972
21483.18945 0.255907
21483.40039 0.255842
21483.61914 0.255777
21483.83008 0.255713
21484.03906 0.255634
21484.25977 0.2555
21484.47070 0.255366
21484.68945 0.255231
21484.90039 0.255097
21485.11914 0.254962
21485.33008 0.254829
21485.53906 0.254695
21485.75977 0.25456
21485.97070 0.254426
21486.18945 0.254353
21486.40039 0.254288
21486.61914 0.254223
21486.83008 0.254158
21487.05078 0.254094
21487.25977 0.254029
21487.48047 0.253964
21487.68945 0.253899
21487.91016 0.253834
21488.11914 0.253685
21488.33984 0.25347
21488.55078 0.253255
21488.76953 0.25304
21488.98047 0.252827
21489.18945 0.252611
21489.41016 0.252396
21489.61914 0.252181
21489.83984 0.251966
21490.05078 0.251758
21490.26953 0.251571
21490.48047 0.251384
21490.69922 0.251197
21490.91016 0.25101
21491.13086 0.250825
21491.33984 0.250638
21491.55078 0.250451
21491.76953 0.250265
21491.98047 0.250078
21492.19922 0.249948
21492.41016 0.249822
21492.63086 0.249696
21492.83984 0.249571
21493.06055 0.249445
21493.26953 0.24932
21493.49023 0.249195
21493.69922 0.24907
21493.91992 0.248944
21494.13086 0.248729
21494.34961 0.248456
21494.56055 0.248183
21494.77930 0.247911
21494.99023 0.247638
21495.21094 0.247365
21495.41992 0.247092
21495.63086 0.246819
21495.84961 0.246547
21496.06055 0.246321
21496.27930 0.246201
21496.49023 0.246082
21496.71094 0.245962
21496.91992 0.245842
21497.14062 0.245723
21497.34961 0.245603
21497.57031 0.245483
21497.77930 0.245363
21498.00000 0.245244
21498.21094 0.244964
21498.42969 0.244681
21498.64062 0.244398
21498.85938 0.244115
21499.07031 0.243832
21499.28906 0.243549
21499.50000 0.243268
21499.71094 0.242985
21499.92969 0.242702
21500.14062 0.242546
21500.35938 0.242453
21500.57031 0.242361
21500.78906 0.242268
21501.00000 0.242175
21501.22070 0.242083
21501.42969 0.24199
21501.65039 0.241898
21501.85938 0.241805
21502.08008 0.241634
21502.28906 0.241319
21502.50977 0.241005
21502.72070 0.24069
21502.93945 0.240375
21503.15039 0.24006
21503.36914 0.239745
21503.58008 0.23943
21503.78906 0.239116
21504.00977 0.238808
21504.22070 0.23866
21504.43945 0.238513
21504.65039 0.238365
21504.86914 0.238216
21505.08008 0.238068
21505.30078 0.23792
21505.50977 0.237771
21505.73047 0.237623
21505.93945 0.237475
21506.16016 0.237263
21506.36914 0.237027
21506.58984 0.236791
21506.80078 0.236555
21507.01953 0.236319
21507.23047 0.236083
21507.44922 0.235847
21507.66016 0.235611
21507.86914 0.235375
21508.08984 0.235183
21508.30078 0.235055
21508.51953 0.234926
21508.73047 0.234797
21508.94922 0.234669
21509.16016 0.23454
21509.38086 0.234411
21509.58984 0.234282
21509.81055 0.234154
21510.01953 0.234015
21510.24023 0.233798
21510.44922 0.233581
21510.66992 0.233363
21510.88086 0.233146
21511.09961 0.232929
21511.31055 0.232711
21511.52930 0.232494
21511.74023 0.232277
21511.96094 0.232059
21512.16992 0.231846
21512.39062 0.231633
21512.59961 0.23142
21512.82031 0.231207
21513.02930 0.230994
21513.25000 0.230781
21513.46094 0.230568
21513.67969 0.230355
21513.89062 0.230142
21514.10938 0.229989
21514.32031 0.229897
21514.53906 0.229805
21514.75000 0.229714
21514.96094 0.229622
21515.17969 0.22953
21515.39062 0.229438
21515.60938 0.229347
21515.82031 0.229255
21516.03906 0.229154
21516.25977 0.229016
21516.47070 0.228879
21516.68945 0.228741
21516.90039 0.228604
21517.11914 0.228467
21517.33008 0.228329
21517.53906 0.228192
21517.75977 0.228054
21517.97070 0.227917
21518.18945 0.227697
21518.40039 0.227466
21518.61914 0.227236
21518.83008 0.227005
21519.05078 0.226774
21519.25977 0.226543
21519.48047 0.226312
21519.68945 0.226081
21519.91016 0.22585
21520.11914 0.225703
21520.33984 0.225618
21520.55078 0.225533
21520.76953 0.225449
21520.98047 0.225364
21521.19922 0.225278
21521.41016 0.225193
21521.63086 0.225108
21521.83984 0.225023
21522.06055 0.224999
21522.26953 0.225135
21522.49023 0.22527
21522.69922 0.225406
21522.91992 0.225542
21523.13086 0.225678
21523.34961 0.225814
21523.56055 0.22595
21523.77930 0.226086
21523.99023 0.226222
21524.21094 0.226166
21524.41992 0.226103
21524.64062 0.22604
21524.84961 0.225977
21525.07031 0.225915
21525.27930 0.225852
21525.50000 0.225789
21525.71094 0.225727
21525.92969 0.225664
21526.14062 0.225654
21526.35938 0.225671
21526.57031 0.225688
21526.78906 0.225705
21527.00000 0.225722
21527.22070 0.225739
21527.42969 0.225757
21527.65039 0.225773
21527.85938 0.225791
21528.08008 0.225846
21528.28906 0.225968
21528.50977 0.226091
21528.72070 0.226214
21528.93945 0.226336
21529.15039 0.226459
21529.36914 0.226581
21529.58008 0.226705
21529.80078 0.226827
21530.00977 0.226958
21530.23047 0.227215
21530.43945 0.227473
21530.66016 0.22773
21530.86914 0.227987
21531.08984 0.228244
21531.30078 0.228501
21531.51953 0.228761
21531.73047 0.229018
21531.94922 0.229275
21532.16016 0.229353
21532.38086 0.229376
21532.58984 0.229398
21532.81055 0.229421
21533.01953 0.229443
21533.24023 0.229466
21533.46094 0.229489
21533.66992 0.229512
21533.88086 0.229534
21534.09961 0.229644
21534.31055 0.229854
21534.52930 0.230064
21534.74023 0.230274
21534.96094 0.230484
21535.17969 0.230696
21535.39062 0.230906
21535.60938 0.231116
21535.82031 0.231326
21536.03906 0.231521
21536.25000 0.231643
21536.46094 0.231764
21536.67969 0.231885
21536.90039 0.232008
21537.10938 0.232129
21537.33008 0.23225
21537.53906 0.232372
21537.75977 0.232493
21537.97070 0.232614
21538.18945 0.232897
21538.40039 0.233208
21538.61914 0.233517
21538.83008 0.233825
21539.05078 0.234134
21539.25977 0.234442
21539.48047 0.234751
21539.68945 0.235059
21539.91016 0.235371
21540.11914 0.235683
21540.33984 0.235999
21540.55078 0.236314
21540.76953 0.23663
21540.98047 0.236945
21541.19922 0.237264
21541.41016 0.23758
21541.63086 0.237895
21541.83984 0.238211
21542.06055 0.238537
21542.26953 0.238891
21542.49023 0.239249
21542.71094 0.239603
21542.91992 0.239957
21543.13086 0.240312
21543.34961 0.240666
21543.56055 0.24102
21543.77930 0.241378
21544.00000 0.241732
21544.21094 0.24198
21544.42969 0.242225
21544.64062 0.242471
21544.85938 0.242717
21545.07031 0.242965
21545.28906 0.24321
21545.50000 0.243456
21545.72070 0.243702
21545.92969 0.243947
21546.15039 0.244223
21546.35938 0.244514
21546.58008 0.244803
21546.78906 0.245092
21547.00977 0.245381
21547.22070 0.24567
21547.43945 0.245961
21547.65039 0.24625
21547.86914 0.246539
21548.08008 0.246913
21548.30078 0.247418
21548.51953 0.247927
21548.73047 0.248432
21548.94922 0.248938
21549.16016 0.249443
21549.36914 0.249948
21549.58984 0.250457
21549.81055 0.250963
21550.01953 0.25145
21550.24023 0.251778
21550.44922 0.252106
21550.66992 0.252437
21550.88086 0.252765
21551.09961 0.253092
21551.31055 0.25342
21551.52930 0.253748
21551.74023 0.254079
21551.96094 0.254407
21552.16992 0.254646
21552.39062 0.254864
21552.59961 0.255082
21552.82031 0.255302
21553.03906 0.25552
21553.25000 0.255738
21553.46094 0.255956
21553.67969 0.256176
21553.90039 0.256394
21554.10938 0.256694
21554.33008 0.257071
21554.53906 0.257447
21554.75977 0.257827
21554.97070 0.258203
21555.18945 0.25858
21555.40039 0.258956
21555.61914 0.259336
21555.83008 0.259712
21556.05078 0.260051
21556.25977 0.260265
21556.48047 0.260481
21556.69922 0.260695
21556.91016 0.260909
21557.13086 0.261122
21557.33984 0.261338
21557.56055 0.261552
21557.76953 0.261766
21557.99023 0.26198
21558.19922 0.261996
21558.41992 0.261999
21558.63086 0.262002
21558.84961 0.262005
21559.06055 0.262008
21559.27930 0.262011
21559.49023 0.262014
21559.71094 0.262018
21559.92969 0.26202
21560.14062 0.262104
21560.35938 0.262229
21560.57031 0.262355
21560.78906 0.262481
21561.00000 0.262607
21561.22070 0.262732
21561.42969 0.262858
21561.65039 0.262984
21561.85938 0.26311
21562.08008 0.263105
21562.28906 0.262873
21562.50977 0.262638
21562.72070 0.262406
21562.93945 0.262173
21563.15039 0.261941
21563.36914 0.261706
21563.58984 0.261474
21563.80078 0.261241
21564.01953 0.260997
21564.23047 0.260639
21564.44922 0.260281
21564.66016 0.259922
21564.88086 0.259561
21565.08984 0.259203
21565.31055 0.258845
21565.52930 0.258483
21565.74023 0.258125
21565.96094 0.257767
21566.16992 0.257444
21566.39062 0.257128
21566.59961 0.256814
21566.82031 0.2565
21567.02930 0.256184
21567.25000 0.25587
21567.46094 0.255556
21567.67969 0.255243
21567.89062 0.254926
21568.10938 0.254365
21568.32031 0.253565
21568.53906 0.252757
21568.75977 0.251957
21568.97070 0.251157
21569.18945 0.250357
21569.40039 0.24955
21569.61914 0.24875
21569.83008 0.247949
21570.05078 0.24716
21570.25977 0.24644
21570.48047 0.24572
21570.69922 0.244994
21570.91016 0.244274
21571.13086 0.243554
21571.33984 0.242827
21571.56055 0.242107
21571.76953 0.241387
21571.99023 0.240667
21572.19922 0.239639
21572.41992 0.238599
21572.63086 0.23756
21572.84961 0.236512
21573.06055 0.235472
21573.27930 0.234433
21573.50000 0.233384
21573.71094 0.232345
21573.92969 0.231306
21574.14062 0.230189
21574.35938 0.229048
21574.57031 0.227906
21574.78906 0.226753
21575.00000 0.225612
21575.22070 0.22447
21575.43945 0.223318
21575.65039 0.222176
21575.86914 0.221034
21576.08008 0.21973
21576.30078 0.218192
21576.50977 0.216654
21576.73047 0.215102
21576.93945 0.213563
21577.16016 0.212025
21577.38086 0.210473
21577.58984 0.208934
21577.80078 0.207396
21578.01953 0.205876
21578.24023 0.204668
21578.44922 0.20346
21578.66992 0.202241
21578.88086 0.201033
21579.09961 0.199814
21579.31055 0.198606
21579.52930 0.197397
21579.75000 0.196178
21579.96094 0.19497
21580.17969 0.193374
21580.39062 0.191675
21580.60938 0.189993
21580.82031 0.18831
21581.03906 0.186612
21581.25000 0.184929
21581.47070 0.183247
21581.68945 0.181548
21581.90039 0.179865
21582.11914 0.17835
21582.33008 0.177002
21582.55078 0.175653
21582.75977 0.174293
21582.98047 0.172945
21583.18945 0.171596
21583.41016 0.170236
21583.63086 0.168887
21583.83984 0.167527
21584.06055 0.166086
21584.26953 0.164389
21584.49023 0.162676
21584.69922 0.160978
21584.91992 0.15928
21585.13086 0.157567
21585.34961 0.155869
21585.57031 0.154156
21585.77930 0.152458
21586.00000 0.15076
21586.21094 0.149397
21586.42969 0.148051
21586.64062 0.146694
21586.85938 0.145348
21587.07031 0.144003
21587.28906 0.142645
21587.50977 0.141299
21587.72070 0.139941
21587.93945 0.138596
21588.15039 0.137127
21588.36914 0.135593
21588.58008 0.134074
21588.80078 0.132554
21589.01953 0.13102
21589.23047 0.1295
21589.44922 0.127967
21589.66016 0.126447
21589.88086 0.124913
21590.08984 0.123509
21590.31055 0.122254
21590.52930 0.120988
21590.74023 0.119734
21590.96094 0.118468
21591.16992 0.117213
21591.39062 0.115958
21591.59961 0.114692
21591.82031 0.113437
21592.03906 0.112185
21592.25000 0.111015
21592.46094 0.109844
21592.67969 0.108664
21592.90039 0.107494
21593.10938 0.106313
21593.33008 0.105142
21593.53906 0.103961
21593.75977 0.102791
21593.97070 0.101621
21594.18945 0.100355
21594.41016 0.09909
21594.61914 0.097812
21594.83984 0.096547
21595.05078 0.09527
21595.26953 0.094004
21595.48047 0.092738
21595.69922 0.091461
21595.91992 0.090195
21596.13086 0.089144
21596.34961 0.088243
21596.56055 0.087335
21596.77930 0.086434
21597.00000 0.085525
21597.21094 0.084625
21597.42969 0.083724
21597.64062 0.082815
21597.85938 0.081914
21598.07031 0.080913
21598.28906 0.079746
21598.50977 0.078568
21598.72070 0.0774
21598.93945 0.076222
21599.15039 0.075054
21599.36914 0.073876
21599.58008 0.072708
21599.80078 0.07154
21600.01953 0.070399
21600.23047 0.069738
21600.44922 0.069072
21600.66016 0.068411
21600.88086 0.067744
21601.08984 0.067084
21601.31055 0.066417
21601.52930 0.065756
21601.74023 0.065089
21601.96094 0.064429
21602.16992 0.063597
21602.39062 0.062733
21602.59961 0.061869
21602.82031 0.060997
21603.03906 0.060132
21603.25000 0.05926
21603.47070 0.058396
21603.67969 0.057524
21603.90039 0.05666
21604.11914 0.055943
21604.33008 0.055369
21604.55078 0.05479
21604.75977 0.054217
21604.98047 0.053637
21605.18945 0.053064
21605.41016 0.052485
21605.63086 0.051911
21605.83984 0.051332
21606.06055 0.050718
21606.26953 0.049989
21606.49023 0.049266
21606.71094 0.048537
21606.91992 0.047814
21607.14062 0.047085
21607.34961 0.046362
21607.57031 0.045633
21607.77930 0.04491
21608.00000 0.044181
21608.21094 0.043663
21608.42969 0.04314
21608.65039 0.042622
21608.85938 0.0421
