threeML/data/optical_filters/HST/NICMOS2-F237M.ecsv
# %ECSV 0.9
# ---
# datatype:
# - {name: wavelength, unit: Angstrom, datatype: float32}
# - {name: response, datatype: float32}
# meta: !!omap
# - {band_name: F237M}
# - {group_name: NICMOS2}
wavelength response
[from data line 4598]
24161.15039 0.288196
24161.56055 0.287972
24161.96094 0.287749
24162.35938 0.287977
24162.76953 0.288256
24163.16992 0.288534
24163.58008 0.288813
24163.98047 0.28909
24164.38086 0.288893
24164.78906 0.28867
24165.18945 0.288446
24165.59961 0.288222
24166.00000 0.288
24166.40039 0.287921
24166.81055 0.287844
24167.21094 0.287766
24167.61914 0.287689
24168.01953 0.287624
24168.41992 0.28782
24168.83008 0.288016
24169.23047 0.288212
24169.63086 0.288408
24170.03906 0.2886
24170.43945 0.288754
24170.84961 0.288907
24171.25000 0.28906
24171.65039 0.289212
24172.06055 0.289318
24172.46094 0.289143
24172.86914 0.288967
24173.26953 0.288792
24173.67969 0.288617
24174.08008 0.288594
24174.48047 0.289188
24174.89062 0.289783
24175.28906 0.290375
24175.69922 0.29097
24176.09961 0.291336
24176.50000 0.291005
24176.91016 0.290674
24177.31055 0.290343
24177.72070 0.290012
24178.11914 0.28979
24178.52930 0.289823
24178.92969 0.289857
24179.33008 0.289891
24179.74023 0.289924
24180.14062 0.290019
24180.55078 0.290224
24180.94922 0.290428
24181.34961 0.290633
24181.75977 0.290839
24182.16016 0.290995
24182.57031 0.291079
24182.97070 0.291162
24183.38086 0.291246
24183.77930 0.291329
24184.17969 0.291507
24184.58984 0.291798
24184.99023 0.29209
24185.40039 0.292381
24185.80078 0.292672
24186.21094 0.292651
24186.60938 0.292326
24187.00977 0.292001
24187.41992 0.291676
24187.82031 0.291351
24188.23047 0.291175
24188.63086 0.291117
24189.03906 0.291058
24189.43945 0.291
24189.83984 0.290942
24190.25000 0.29098
24190.65039 0.291081
24191.06055 0.291181
24191.46094 0.291281
24191.86914 0.291382
24192.26953 0.291398
24192.67969 0.291373
24193.08008 0.291348
24193.48047 0.291323
24193.89062 0.291298
24194.28906 0.291418
24194.69922 0.291593
24195.09961 0.291767
24195.50977 0.291942
24195.91016 0.292117
24196.31055 0.29242
24196.72070 0.292759
24197.13086 0.2931
24197.52930 0.29344
24197.92969 0.293779
24198.33984 0.293942
24198.74023 0.294069
24199.15039 0.294198
24199.55078 0.294326
24199.96094 0.294453
24200.35938 0.294119
24200.76953 0.293725
24201.16992 0.293333
24201.57031 0.292941
24201.98047 0.292549
24202.38086 0.292774
24202.78906 0.293033
24203.18945 0.293292
24203.59961 0.293551
24204.00000 0.293812
24204.41016 0.294066
24204.81055 0.29432
24205.21094 0.294574
24205.61914 0.294829
24206.01953 0.295083
24206.42969 0.29534
24206.83008 0.295596
24207.24023 0.295852
24207.64062 0.296108
24208.05078 0.296367
24208.44922 0.296651
24208.85938 0.296933
24209.25977 0.297216
24209.66992 0.297498
24210.07031 0.297645
24210.48047 0.297144
24210.88086 0.296646
24211.28906 0.296148
24211.68945 0.29565
24212.08984 0.295346
24212.50000 0.295688
24212.90039 0.296028
24213.31055 0.296368
24213.71094 0.296709
24214.11914 0.297034
24214.51953 0.297318
24214.92969 0.297603
24215.33008 0.297887
24215.74023 0.298173
24216.14062 0.298223
24216.55078 0.297844
24216.94922 0.297465
24217.35938 0.297083
24217.75977 0.296704
24218.16992 0.296682
24218.57031 0.297175
24218.98047 0.297669
24219.38086 0.298161
24219.78906 0.298653
24220.18945 0.298947
24220.59961 0.299016
24221.00000 0.299086
24221.40039 0.299154
24221.81055 0.299224
24222.21094 0.299159
24222.61914 0.298975
24223.02930 0.29879
24223.42969 0.298606
24223.83008 0.298423
24224.24023 0.298385
24224.64062 0.298449
24225.05078 0.298513
24225.46094 0.298577
24225.85938 0.298641
24226.25977 0.298908
24226.66992 0.299286
24227.07031 0.299663
24227.48047 0.300039
24227.88086 0.300417
24228.28906 0.300322
24228.68945 0.300038
24229.09961 0.299754
24229.50000 0.29947
24229.91016 0.299186
24230.31055 0.299715
24230.72070 0.300476
24231.13086 0.301241
24231.52930 0.302003
24231.92969 0.302764
24232.33984 0.302704
24232.74023 0.302483
24233.15039 0.302261
24233.55078 0.30204
24233.96094 0.301819
24234.36914 0.301842
24234.76953 0.301892
24235.17969 0.301943
24235.58008 0.301993
24235.99023 0.302043
24236.39062 0.30215
24236.78906 0.302258
24237.19922 0.302367
24237.60938 0.302476
24238.00977 0.302586
24238.41992 0.302742
24238.82031 0.302898
24239.23047 0.303054
24239.63086 0.30321
24240.03906 0.303389
24240.43945 0.303804
24240.84961 0.304221
24241.25000 0.304636
24241.66016 0.305053
24242.06055 0.305405
24242.47070 0.305416
24242.86914 0.305427
24243.27930 0.305438
24243.67969 0.305449
24244.08984 0.305533
24244.49023 0.305869
24244.90039 0.306207
24245.30078 0.306544
24245.71094 0.306882
24246.11914 0.307096
24246.51953 0.307004
24246.92969 0.306912
24247.33008 0.306819
24247.74023 0.306727
24248.14062 0.306842
24248.55078 0.307337
24248.94922 0.307835
24249.35938 0.308333
24249.75977 0.308829
24250.16992 0.309006
24250.57031 0.308739
24250.98047 0.308471
24251.38086 0.308204
24251.78906 0.307936
24252.19922 0.307864
24252.59961 0.308002
24253.00977 0.30814
24253.41016 0.308277
24253.82031 0.308415
24254.22070 0.308501
24254.63086 0.308547
24255.02930 0.308592
24255.43945 0.308637
24255.84961 0.308682
24256.25000 0.30886
24256.66016 0.30912
24257.06055 0.309379
24257.47070 0.309639
24257.86914 0.309899
24258.27930 0.30995
24258.67969 0.309906
24259.08984 0.309863
24259.49023 0.309819
24259.90039 0.309775
24260.30078 0.309948
24260.71094 0.310194
24261.11914 0.31044
24261.51953 0.310684
24261.92969 0.31093
24262.33008 0.311111
24262.74023 0.311278
24263.14062 0.311445
24263.55078 0.311613
24263.96094 0.31178
24264.35938 0.312128
24264.76953 0.312498
24265.16992 0.312866
24265.58008 0.313236
24265.98047 0.313606
24266.39062 0.313842
24266.78906 0.314074
24267.19922 0.314306
24267.60938 0.314537
24268.00977 0.314763
24268.41992 0.314806
24268.82031 0.314848
24269.23047 0.31489
24269.63086 0.314932
24270.03906 0.314985
24270.44922 0.315128
24270.84961 0.315272
24271.25977 0.315416
24271.66016 0.315561
24272.07031 0.315682
24272.47070 0.315694
24272.88086 0.315707
24273.28906 0.315719
24273.68945 0.315732
24274.09961 0.315905
24274.50000 0.316589
24274.91016 0.317273
24275.31055 0.317954
24275.72070 0.318638
24276.13086 0.319014
24276.52930 0.318714
24276.93945 0.318415
24277.33984 0.318114
24277.75000 0.317814
24278.16016 0.317709
24278.56055 0.317918
24278.97070 0.318125
24279.36914 0.318333
24279.77930 0.318542
24280.18945 0.318706
24280.58984 0.318817
24281.00000 0.318927
24281.40039 0.319038
24281.81055 0.319149
24282.21094 0.319381
24282.61914 0.319722
24283.02930 0.320062
24283.42969 0.320403
24283.83984 0.320744
24284.24023 0.320964
24284.65039 0.321104
24285.06055 0.321243
24285.46094 0.321383
24285.86914 0.321522
24286.26953 0.321546
24286.67969 0.321515
24287.08984 0.321483
24287.49023 0.321452
24287.90039 0.321421
24288.30078 0.321633
24288.71094 0.321925
24289.11914 0.322218
24289.51953 0.322511
24289.92969 0.322804
24290.33008 0.322478
24290.74023 0.322017
24291.15039 0.321557
24291.55078 0.321096
24291.96094 0.320635
24292.35938 0.320989
24292.76953 0.321437
24293.17969 0.321885
24293.58008 0.322333
24293.99023 0.322781
24294.39062 0.322992
24294.80078 0.323195
24295.21094 0.323398
24295.60938 0.323602
24296.01953 0.323811
24296.42969 0.324143
24296.83008 0.324474
24297.24023 0.324805
24297.64062 0.325136
24298.05078 0.325441
24298.46094 0.325558
24298.85938 0.325674
24299.26953 0.325791
24299.66992 0.325907
24300.08008 0.325989
24300.49023 0.325929
24300.89062 0.325868
24301.30078 0.325808
24301.71094 0.325747
24302.10938 0.325797
24302.51953 0.326138
24302.91992 0.326479
24303.33008 0.32682
24303.74023 0.327161
24304.14062 0.327382
24304.55078 0.32738
24304.96094 0.327378
24305.35938 0.327376
24305.76953 0.327374
24306.16992 0.327713
24306.58008 0.328508
24306.99023 0.329302
24307.39062 0.3301
24307.80078 0.330895
24308.21094 0.330981
24308.60938 0.330387
24309.01953 0.329793
24309.42969 0.329199
24309.83008 0.328605
24310.24023 0.328184
24310.64062 0.327884
24311.05078 0.327585
24311.46094 0.327285
24311.85938 0.326986
24312.26953 0.327001
24312.67969 0.327176
24313.08008 0.327351
24313.49023 0.327526
24313.90039 0.327702
24314.30078 0.328055
24314.71094 0.328467
24315.11914 0.32888
24315.51953 0.329293
24315.92969 0.329706
24316.33008 0.329637
24316.74023 0.329464
24317.15039 0.329292
24317.55078 0.329118
24317.96094 0.328945
24318.36914 0.328765
24318.76953 0.328585
24319.17969 0.328404
24319.58984 0.328224
24319.99023 0.328043
24320.40039 0.3284
24320.81055 0.328765
24321.21094 0.32913
24321.61914 0.329496
24322.02930 0.329819
24322.42969 0.329508
24322.83984 0.329196
24323.25000 0.328883
24323.65039 0.328572
24324.06055 0.328283
24324.46094 0.328126
24324.86914 0.32797
24325.27930 0.327812
24325.68945 0.327656
24326.08984 0.327654
24326.50000 0.32818
24326.90039 0.328705
24327.31055 0.329234
24327.72070 0.32976
24328.11914 0.330072
24328.52930 0.329902
24328.93945 0.329732
24329.34961 0.329562
24329.75000 0.329392
24330.16016 0.329162
24330.56055 0.328838
24330.97070 0.328512
24331.38086 0.328188
24331.78906 0.327863
24332.18945 0.327733
24332.59961 0.327821
24333.00977 0.327908
24333.41016 0.327995
24333.82031 0.328083
24334.23047 0.328233
24334.63086 0.328432
24335.03906 0.328631
24335.44922 0.32883
24335.84961 0.32903
24336.25977 0.32939
24336.66992 0.329842
24337.07031 0.330296
24337.48047 0.330747
24337.89062 0.331199
24338.28906 0.330862
24338.69922 0.330216
24339.10938 0.329574
24339.50977 0.328932
24339.91992 0.328287
24340.33008 0.327792
24340.73047 0.327332
24341.14062 0.32687
24341.55078 0.32641
24341.96094 0.325951
24342.35938 0.325738
24342.76953 0.325556
24343.17969 0.325375
24343.58008 0.325193
24343.99023 0.325011
24344.40039 0.325482
24344.80078 0.325972
24345.21094 0.326458
24345.61914 0.326945
24346.02930 0.32736
24346.42969 0.326658
24346.83984 0.325952
24347.25000 0.32525
24347.65039 0.324547
24348.06055 0.323957
24348.47070 0.324029
24348.86914 0.324101
24349.27930 0.324173
24349.68945 0.324245
24350.09961 0.32429
24350.50000 0.324244
24350.91016 0.324199
24351.32031 0.324154
24351.72070 0.324109
24352.13086 0.323933
24352.53906 0.323484
24352.94922 0.323033
24353.34961 0.322584
24353.75977 0.322132
24354.16992 0.321808
24354.57031 0.321665
24354.98047 0.321521
24355.39062 0.321378
24355.78906 0.321234
24356.19922 0.320709
24356.60938 0.31979
24357.01953 0.318875
24357.41992 0.317956
24357.83008 0.317042
24358.24023 0.316574
24358.64062 0.316428
24359.05078 0.316282
24359.46094 0.316136
24359.86914 0.31599
24360.26953 0.316001
24360.67969 0.316088
24361.08984 0.316176
24361.49023 0.316264
24361.90039 0.316352
24362.31055 0.316029
24362.72070 0.315575
24363.11914 0.315122
24363.52930 0.314668
24363.93945 0.314215
24364.34961 0.313597
24364.75000 0.312949
24365.16016 0.312304
24365.57031 0.311656
24365.97070 0.311011
24366.38086 0.310991
24366.78906 0.311012
24367.19922 0.311033
24367.59961 0.311054
24368.00977 0.311062
24368.41992 0.310626
24368.83008 0.310188
24369.23047 0.30975
24369.64062 0.309314
24370.05078 0.308885
24370.46094 0.308525
24370.85938 0.308163
24371.26953 0.307804
24371.67969 0.307442
24372.08984 0.30698
24372.49023 0.306148
24372.90039 0.305311
24373.31055 0.304478
24373.71094 0.303642
24374.11914 0.302937
24374.52930 0.302539
24374.93945 0.302139
24375.33984 0.301741
24375.75000 0.301341
24376.16016 0.300826
24376.57031 0.300134
24376.97070 0.299439
24377.38086 0.298744
24377.78906 0.298052
24378.19922 0.297529
24378.60938 0.297189
24379.00977 0.296851
24379.41992 0.296511
24379.83008 0.296173
24380.23047 0.295415
24380.64062 0.294349
24381.05078 0.293287
24381.46094 0.29222
24381.86914 0.291153
24382.26953 0.290567
24382.67969 0.290219
24383.08984 0.28987
24383.50000 0.289521
24383.90039 0.289173
24384.31055 0.288745
24384.72070 0.288292
24385.11914 0.287841
24385.52930 0.287389
24385.93945 0.286936
24386.34961 0.286607
24386.75977 0.286297
24387.16016 0.285986
24387.57031 0.285676
24387.98047 0.285368
24388.39062 0.284478
24388.78906 0.283556
24389.19922 0.282634
24389.60938 0.281717
24390.01953 0.280816
24390.42969 0.280391
24390.83008 0.279967
24391.24023 0.279544
24391.65039 0.279119
24392.06055 0.27863
24392.46094 0.27774
24392.86914 0.276856
24393.27930 0.275966
24393.68945 0.275077
24394.09961 0.274286
24394.50000 0.273816
24394.91016 0.273344
24395.32031 0.272872
24395.73047 0.2724
24396.13086 0.271812
24396.53906 0.270992
24396.94922 0.270168
24397.35938 0.269345
24397.76953 0.268521
24398.16992 0.267727
24398.58008 0.266976
24398.99023 0.266221
24399.40039 0.265467
24399.80078 0.264712
24400.21094 0.264068
24400.61914 0.263527
24401.02930 0.262988
24401.43945 0.262447
24401.83984 0.261906
24402.25000 0.260833
24402.66016 0.259431
24403.07031 0.258029
24403.48047 0.256628
24403.88086 0.255233
24404.28906 0.254531
24404.69922 0.254111
24405.10938 0.253691
24405.51953 0.253271
24405.91992 0.252852
24406.33008 0.251934
24406.74023 0.250901
24407.15039 0.249874
24407.55078 0.248843
24407.96094 0.247811
24408.36914 0.247368
24408.77930 0.246985
24409.18945 0.246602
24409.59961 0.246218
24410.00000 0.245828
24410.41016 0.24475
24410.82031 0.243671
24411.23047 0.242593
24411.63086 0.241519
24412.03906 0.240497
24412.44922 0.239949
24412.85938 0.239401
24413.26953 0.238853
24413.67969 0.238306
24414.08008 0.237695
24414.49023 0.23684
24414.90039 0.235985
24415.31055 0.23513
24415.72070 0.234275
24416.13086 0.233459
24416.52930 0.232731
24416.93945 0.232003
24417.34961 0.231276
24417.75977 0.230548
24418.16992 0.229698
24418.57031 0.228669
24418.98047 0.227639
24419.39062 0.22661
24419.80078 0.225581
24420.21094 0.224777
24420.61914 0.224193
24421.01953 0.223608
24421.42969 0.223024
24421.83984 0.22244
24422.25000 0.221851
24422.66016 0.22126
24423.06055 0.220669
24423.47070 0.220078
24423.88086 0.219487
24424.28906 0.218347
24424.69922 0.216981
24425.10938 0.215615
24425.50977 0.214249
24425.91992 0.212883
24426.33008 0.212091
24426.74023 0.211435
24427.15039 0.210779
24427.55078 0.210122
24427.96094 0.209466
24428.36914 0.208561
24428.77930 0.207635
24429.18945 0.206709
24429.59961 0.205784
24430.00977 0.204863
24430.41016 0.204272
24430.82031 0.20368
24431.23047 0.203089
24431.64062 0.202498
24432.05078 0.201889
24432.46094 0.201139
24432.86914 0.200387
24433.26953 0.199638
24433.67969 0.198889
24434.08984 0.198089
24434.50000 0.197105
24434.91016 0.196121
24435.31055 0.195138
24435.72070 0.194155
24436.13086 0.193221
24436.53906 0.192404
24436.94922 0.191587
24437.35938 0.19077
24437.76953 0.189953
24438.16992 0.189159
24438.58008 0.188394
24438.99023 0.187626
24439.40039 0.186861
24439.81055 0.186097
24440.22070 0.185105
24440.63086 0.183914
24441.03906 0.182717
24441.43945 0.181525
24441.84961 0.180334
24442.25977 0.179654
24442.66992 0.179265
24443.08008 0.178876
24443.49023 0.178486
24443.89062 0.178098
24444.30078 0.177482
24444.71094 0.176788
24445.11914 0.17609
24445.52930 0.175396
24445.93945 0.174702
24446.34961 0.173716
24446.75000 0.172678
24447.16016 0.171635
24447.57031 0.170597
24447.98047 0.169559
24448.39062 0.168717
24448.80078 0.167881
24449.21094 0.167049
24449.61914 0.166217
24450.01953 0.165399
24450.42969 0.164803
24450.83984 0.164209
24451.25000 0.163615
24451.66016 0.163021
24452.07031 0.162395
24452.48047 0.161622
24452.88086 0.160849
24453.28906 0.160073
24453.69922 0.1593
24454.10938 0.158437
24454.51953 0.157332
24454.92969 0.156222
24455.33984 0.155117
24455.75000 0.154012
24456.16016 0.153254
24456.56055 0.153068
24456.97070 0.152883
24457.38086 0.152696
24457.78906 0.152511
24458.19922 0.151969
24458.60938 0.15105
24459.01953 0.150136
24459.42969 0.149221
24459.83984 0.148302
24460.24023 0.147565
24460.65039 0.146947
24461.06055 0.146326
24461.47070 0.145708
24461.88086 0.14509
24462.28906 0.144224
24462.69922 0.14326
24463.10938 0.142295
24463.51953 0.141326
24463.91992 0.140362
24464.33008 0.139687
24464.74023 0.139081
24465.15039 0.138476
24465.56055 0.137868
24465.97070 0.137262
24466.38086 0.136757
24466.78906 0.136263
24467.19922 0.13577
24467.60938 0.135273
24468.00977 0.134774
24468.41992 0.134119
24468.83008 0.133466
24469.24023 0.132814
24469.65039 0.132159
24470.06055 0.13151
24470.47070 0.130883
24470.88086 0.130259
24471.28906 0.129632
24471.69922 0.129007
