threeML/data/optical_filters/HST/NICMOS1-F170M.ecsv
# %ECSV 0.9
# ---
# datatype:
# - {name: wavelength, unit: Angstrom, datatype: float32}
# - {name: response, datatype: float32}
# meta: !!omap
# - {band_name: F170M}
# - {group_name: NICMOS1}
wavelength response
[from data line 1532]
16235.90039 0.182654
16236.28027 0.182733
16236.66992 0.182813
16237.04980 0.182893
16237.42969 0.182972
16237.82031 0.183052
16238.20020 0.183131
16238.58984 0.183211
16238.96973 0.18329
16239.34961 0.18337
16239.74023 0.183449
16240.12012 0.18353
16240.50000 0.183611
16240.88965 0.183692
16241.26953 0.183774
16241.66016 0.183855
16242.04004 0.183937
16242.41992 0.184018
16242.80957 0.1841
16243.19043 0.184181
16243.58008 0.184263
16243.95996 0.184344
16244.33984 0.184426
16244.73047 0.184507
16245.11035 0.184589
16245.50000 0.184672
16245.87988 0.184754
16246.26953 0.184837
16246.65039 0.18492
16247.03027 0.185002
16247.41992 0.185085
16247.79980 0.185168
16248.19043 0.18525
16248.57031 0.185333
16248.95020 0.185416
16249.33984 0.185499
16249.71973 0.185581
16250.11035 0.185664
16250.49023 0.185745
16250.87988 0.185826
16251.25977 0.185907
16251.63965 0.185989
16252.03027 0.18607
16252.41016 0.186151
16252.79980 0.186232
16253.17969 0.186314
16253.55957 0.186395
16253.95020 0.186476
16254.33008 0.186558
16254.71973 0.186639
16255.09961 0.186718
16255.49023 0.186788
16255.87012 0.186858
16256.25000 0.186928
16256.63965 0.186999
16257.01953 0.187069
16257.41016 0.187139
16257.79004 0.18721
16258.17969 0.18728
16258.55957 0.18735
16258.95020 0.18742
16259.33008 0.187491
16259.70996 0.187561
16260.09961 0.187633
16260.48047 0.187708
16260.87012 0.187784
16261.25000 0.187859
16261.63965 0.187934
16262.01953 0.18801
16262.41016 0.188085
16262.79004 0.188161
16263.16992 0.188236
16263.55957 0.188312
16263.94043 0.188387
16264.33008 0.188463
16264.70996 0.188538
16265.09961 0.188614
16265.48047 0.188691
16265.87012 0.188769
16266.25000 0.188846
16266.62988 0.188923
16267.01953 0.189
16267.40039 0.189077
16267.79004 0.189155
16268.16992 0.189232
16268.55957 0.189309
16268.94043 0.189387
16269.33008 0.189464
16269.70996 0.189541
16270.09961 0.189615
16270.48047 0.189677
16270.87012 0.189739
16271.25000 0.189801
16271.62988 0.189863
16272.01953 0.189926
16272.40039 0.189988
16272.79004 0.19005
16273.16992 0.190112
16273.55957 0.190174
16273.94043 0.190237
16274.33008 0.190299
16274.70996 0.190361
16275.09961 0.190425
16275.48047 0.190491
16275.87012 0.190558
16276.25000 0.190624
16276.63965 0.190691
16277.01953 0.190757
16277.41016 0.190824
16277.79004 0.19089
16278.17969 0.190957
16278.55957 0.191023
16278.95020 0.19109
16279.33008 0.191156
16279.70996 0.191223
16280.09961 0.191289
16280.48047 0.191351
16280.87012 0.191414
16281.25000 0.191477
16281.63965 0.19154
16282.01953 0.191603
16282.41016 0.191666
16282.79004 0.191729
16283.17969 0.191792
16283.55957 0.191855
16283.95020 0.191917
16284.33008 0.19198
16284.71973 0.192043
16285.09961 0.192104
16285.49023 0.192159
16285.87012 0.192214
16286.25977 0.192269
16286.63965 0.192324
16287.03027 0.192379
16287.41016 0.192434
16287.79980 0.192489
16288.17969 0.192544
16288.57031 0.192599
16288.95020 0.192654
16289.33984 0.192709
16289.71973 0.192764
16290.11035 0.192817
16290.50000 0.192867
16290.87988 0.192918
16291.26953 0.192968
16291.65039 0.193018
16292.04004 0.193068
16292.41992 0.193118
16292.80957 0.193169
16293.19043 0.193219
16293.58008 0.193269
16293.95996 0.193319
16294.34961 0.19337
16294.73047 0.19342
16295.12012 0.193469
16295.50000 0.193515
16295.88965 0.193562
16296.26953 0.193608
16296.66016 0.193655
16297.04004 0.193701
16297.42969 0.193747
16297.80957 0.193794
16298.20020 0.19384
16298.58008 0.193887
16298.96973 0.193933
16299.36035 0.19398
16299.74023 0.194026
16300.12988 0.19407
16300.50977 0.194108
16300.90039 0.194146
16301.28027 0.194184
16301.66992 0.194222
16302.04980 0.19426
16302.44043 0.194298
16302.82031 0.194336
16303.20996 0.194374
16303.58984 0.194412
16303.98047 0.194451
16304.37012 0.194489
16304.75000 0.194527
16305.13965 0.194567
16305.51953 0.194612
16305.91016 0.194657
16306.29004 0.194701
16306.67969 0.194746
16307.05957 0.194791
16307.45020 0.194835
16307.83008 0.19488
16308.21973 0.194925
16308.61035 0.19497
16308.99023 0.195014
16309.37988 0.195059
16309.75977 0.195104
16310.15039 0.195142
16310.53027 0.195171
16310.91992 0.195199
16311.29980 0.195227
16311.69043 0.195255
16312.08008 0.195284
16312.45996 0.195312
16312.84961 0.19534
16313.23047 0.195369
16313.62012 0.195397
16314.00000 0.195425
16314.38965 0.195454
16314.78027 0.195482
16315.16016 0.195509
16315.54980 0.195533
16315.92969 0.195557
16316.32031 0.195582
16316.70996 0.195606
16317.08984 0.195631
16317.48047 0.195655
16317.86035 0.19568
16318.25000 0.195704
16318.62988 0.195728
16319.01953 0.195753
16319.41016 0.195777
16319.79004 0.195802
16320.17969 0.195826
16320.55957 0.19585
16320.95020 0.195875
16321.33008 0.195899
16321.71973 0.195923
16322.11035 0.195948
16322.49023 0.195972
16322.87988 0.195996
16323.25977 0.196021
16323.65039 0.196045
16324.04004 0.196069
16324.41992 0.196094
16324.80957 0.196118
16325.19043 0.196137
16325.58008 0.196152
16325.95996 0.196167
16326.34961 0.196182
16326.74023 0.196196
16327.12012 0.196211
16327.50977 0.196225
16327.90039 0.19624
16328.28027 0.196255
16328.66992 0.19627
16329.04980 0.196284
16329.44043 0.196299
16329.83008 0.196314
16330.20996 0.196325
16330.59961 0.196334
16330.98047 0.196343
16331.37012 0.196352
16331.75977 0.196361
16332.13965 0.196371
16332.53027 0.19638
16332.91016 0.196389
16333.29980 0.196398
16333.69043 0.196407
16334.07031 0.196416
16334.45996 0.196425
16334.83984 0.196434
16335.23047 0.196443
16335.62012 0.19645
16336.00000 0.196458
16336.38965 0.196466
16336.78027 0.196474
16337.16016 0.196482
16337.54980 0.19649
16337.92969 0.196497
16338.32031 0.196505
16338.70996 0.196513
16339.08984 0.196521
16339.48047 0.196529
16339.87012 0.196537
16340.25000 0.196539
16340.63965 0.196539
16341.03027 0.19654
16341.41016 0.19654
16341.79980 0.19654
16342.17969 0.196539
16342.57031 0.19654
16342.95996 0.19654
16343.33984 0.19654
16343.73047 0.19654
16344.12012 0.19654
16344.50000 0.19654
16344.88965 0.19654
16345.28027 0.196538
16345.66016 0.196537
16346.04980 0.196535
16346.42969 0.196533
16346.82031 0.196531
16347.20996 0.196529
16347.58984 0.196527
16347.98047 0.196526
16348.37012 0.196524
16348.75000 0.196522
16349.13965 0.19652
16349.53027 0.196519
16349.91016 0.196517
16350.29980 0.196511
16350.69043 0.196504
16351.07031 0.196498
16351.45996 0.196491
16351.84961 0.196485
16352.23047 0.196478
16352.62012 0.196471
16353.00000 0.196465
16353.38965 0.196458
16353.78027 0.196452
16354.16992 0.196445
16354.54980 0.196438
16354.94043 0.196432
16355.33008 0.196424
16355.70996 0.196417
16356.09961 0.196409
16356.49023 0.196402
16356.87012 0.196394
16357.25977 0.196387
16357.65039 0.196379
16358.03027 0.196372
16358.41992 0.196364
16358.80957 0.196356
16359.19043 0.196349
16359.58008 0.196341
16359.96973 0.196334
16360.34961 0.196324
16360.74023 0.196314
16361.12988 0.196303
16361.50977 0.196293
16361.90039 0.196283
16362.29004 0.196273
16362.66992 0.196263
16363.05957 0.196252
16363.45020 0.196242
16363.83008 0.196232
16364.21973 0.196222
16364.61035 0.196212
16364.99023 0.196201
16365.37988 0.196181
16365.76953 0.196161
16366.16016 0.196141
16366.54004 0.196121
16366.92969 0.196101
16367.32031 0.19608
16367.70020 0.19606
16368.08984 0.19604
16368.48047 0.19602
16368.86035 0.196
16369.25000 0.195979
16369.63965 0.195959
16370.01953 0.195939
16370.41016 0.19592
16370.79980 0.1959
16371.19043 0.195881
16371.57031 0.195861
16371.95996 0.195842
16372.34961 0.195823
16372.73047 0.195803
16373.12012 0.195784
16373.50977 0.195765
16373.90039 0.195745
16374.28027 0.195726
16374.66992 0.195706
16375.05957 0.195687
16375.44043 0.195669
16375.83008 0.195651
16376.21973 0.195632
16376.61035 0.195614
16376.99023 0.195596
16377.37988 0.195577
16377.76953 0.195559
16378.15039 0.195541
16378.54004 0.195522
16378.92969 0.195504
16379.32031 0.195486
16379.70020 0.195467
16380.08984 0.195448
16380.48047 0.195428
16380.86035 0.195407
16381.25000 0.195385
16381.63965 0.195364
16382.03027 0.195343
16382.41016 0.195322
16382.79980 0.195301
16383.19043 0.19528
16383.58008 0.195259
16383.95996 0.195238
16384.34961 0.195217
16384.74023 0.195196
16385.11914 0.195175
16385.50977 0.195151
16385.90039 0.195128
16386.28906 0.195105
16386.66992 0.195082
16387.06055 0.195059
16387.44922 0.195036
16387.83984 0.195012
16388.22070 0.194989
16388.60938 0.194966
16389.00000 0.194942
16389.39062 0.194919
16389.76953 0.194896
16390.16016 0.194871
16390.55078 0.194843
16390.93945 0.194815
16391.32031 0.194788
16391.71094 0.19476
16392.09961 0.194732
16392.49023 0.194704
16392.86914 0.194676
16393.25977 0.194649
16393.65039 0.194621
16394.03906 0.194593
16394.41992 0.194565
16394.81055 0.194537
16395.19922 0.194512
16395.58984 0.19449
16395.97070 0.194468
16396.35938 0.194446
16396.75000 0.194424
16397.14062 0.194402
16397.52930 0.19438
16397.91016 0.194357
16398.30078 0.194335
16398.68945 0.194313
16399.08008 0.194291
16399.46094 0.194269
16399.84961 0.194247
16400.24023 0.19422
16400.63086 0.19419
16401.01953 0.194161
16401.40039 0.194131
16401.78906 0.194102
16402.17969 0.194072
16402.57031 0.194043
16402.94922 0.194013
16403.33984 0.193984
16403.73047 0.193954
16404.11914 0.193924
16404.50977 0.193895
16404.89062 0.193865
16405.27930 0.193835
16405.66992 0.193805
16406.06055 0.193775
16406.43945 0.193745
16406.83008 0.193714
16407.22070 0.193684
16407.60938 0.193654
16408.00000 0.193624
16408.38086 0.193593
16408.76953 0.193563
16409.16016 0.193533
16409.55078 0.193503
16409.93945 0.193472
16410.32031 0.193451
16410.71094 0.193433
16411.09961 0.193414
16411.49023 0.193395
16411.88086 0.193376
16412.25977 0.193357
16412.65039 0.193338
16413.03906 0.193319
16413.42969 0.1933
16413.81055 0.193281
16414.19922 0.193262
16414.58984 0.193243
16414.98047 0.193224
16415.36914 0.193197
16415.75977 0.193169
16416.14062 0.193141
16416.52930 0.193113
16416.91992 0.193085
16417.31055 0.193058
16417.69922 0.19303
16418.08008 0.193002
16418.47070 0.192974
16418.85938 0.192946
16419.25000 0.192918
16419.64062 0.19289
16420.02930 0.192863
16420.41016 0.192839
16420.80078 0.192816
16421.18945 0.192792
16421.58008 0.192768
16421.97070 0.192745
16422.35938 0.192721
16422.74023 0.192698
16423.13086 0.192674
16423.51953 0.192651
16423.91016 0.192627
16424.28906 0.192604
16424.67969 0.19258
16425.07031 0.192556
16425.46094 0.192531
16425.84961 0.192507
16426.24023 0.192482
16426.61914 0.192458
16427.00977 0.192434
16427.40039 0.192409
16427.78906 0.192384
16428.17969 0.19236
16428.57031 0.192335
16428.96094 0.192311
16429.33984 0.192286
16429.73047 0.192262
16430.11914 0.192237
16430.50977 0.192211
16430.90039 0.192184
16431.28906 0.192158
16431.67969 0.192132
16432.06055 0.192106
16432.44922 0.19208
16432.83984 0.192054
16433.23047 0.192027
16433.61914 0.192001
16434.00977 0.191975
16434.39062 0.191949
16434.77930 0.191923
16435.16992 0.191897
16435.56055 0.191873
16435.94922 0.191848
16436.33984 0.191824
16436.73047 0.191799
16437.11914 0.191775
16437.50000 0.19175
16437.89062 0.191726
16438.27930 0.191701
16438.66992 0.191677
16439.06055 0.191652
16439.44922 0.191627
16439.83008 0.191603
16440.22070 0.191584
16440.60938 0.191569
16441.00000 0.191554
16441.39062 0.191539
16441.77930 0.191524
16442.16992 0.191509
16442.56055 0.191494
16442.94922 0.191479
16443.33008 0.191464
16443.72070 0.191449
16444.10938 0.191434
16444.50000 0.191419
16444.89062 0.191404
16445.27930 0.191386
16445.66992 0.191367
16446.05078 0.191348
16446.43945 0.191328
16446.83008 0.191309
16447.22070 0.19129
16447.60938 0.19127
16448.00000 0.191251
16448.39062 0.191232
16448.77930 0.191212
16449.16992 0.191193
16449.55078 0.191173
16449.93945 0.191154
16450.33008 0.191137
16450.72070 0.19112
16451.10938 0.191104
16451.50000 0.191088
16451.89062 0.191071
16452.27930 0.191054
16452.66992 0.191038
16453.05078 0.191021
16453.43945 0.191005
16453.83008 0.190988
16454.22070 0.190972
16454.60938 0.190955
16455.00000 0.190939
16455.39062 0.190925
16455.77930 0.190912
16456.16992 0.190898
16456.56055 0.190884
16456.94922 0.190871
16457.33008 0.190857
16457.72070 0.190844
16458.10938 0.19083
16458.50000 0.190817
16458.89062 0.190803
16459.27930 0.190789
16459.66992 0.190776
16460.06055 0.190762
16460.44922 0.190748
16460.83984 0.190733
16461.22070 0.190719
16461.60938 0.190704
16462.00000 0.19069
16462.39062 0.190675
16462.77930 0.190661
16463.16992 0.190646
16463.56055 0.190632
16463.94922 0.190617
16464.33984 0.190603
16464.73047 0.190588
16465.11914 0.190576
16465.50977 0.190569
16465.90039 0.190562
16466.28906 0.190555
16466.66992 0.190548
16467.06055 0.19054
16467.44922 0.190533
16467.83984 0.190526
16468.23047 0.190519
16468.61914 0.190512
16469.00977 0.190505
16469.40039 0.190498
16469.78906 0.19049
16470.17969 0.190484
16470.57031 0.190478
16470.96094 0.190472
16471.34961 0.190467
16471.74023 0.190461
16472.11914 0.190455
16472.50977 0.190449
16472.90039 0.190443
16473.28906 0.190438
16473.67969 0.190432
16474.07031 0.190426
16474.46094 0.19042
16474.84961 0.190415
16475.24023 0.19041
16475.63086 0.190405
16476.01953 0.190401
16476.41016 0.190397
16476.80078 0.190393
16477.18945 0.190388
16477.58008 0.190384
16477.97070 0.19038
16478.35938 0.190376
16478.75000 0.190371
16479.14062 0.190367
16479.52930 0.190363
16479.91992 0.190358
16480.30078 0.190353
16480.69922 0.190348
16481.08008 0.190343
16481.47070 0.190337
16481.85938 0.190332
16482.25000 0.190327
16482.64062 0.190321
16483.02930 0.190316
16483.41992 0.190311
16483.81055 0.190305
16484.19922 0.1903
16484.58984 0.190295
16484.98047 0.190289
16485.36914 0.190291
16485.75977 0.190293
16486.15039 0.190295
16486.53906 0.190297
16486.92969 0.190299
16487.32031 0.190301
16487.71094 0.190303
16488.09961 0.190305
16488.49023 0.190307
16488.88086 0.190309
16489.26953 0.190311
16489.66016 0.190313
16490.05078 0.190315
16490.43945 0.190316
16490.83008 0.190317
16491.22070 0.190318
16491.60938 0.190319
16492.00000 0.19032
16492.39062 0.19032
16492.77930 0.190321
16493.16992 0.190322
16493.56055 0.190323
16493.94922 0.190324
16494.33984 0.190325
16494.73047 0.190325
16495.11914 0.190327
16495.50977 0.19033
16495.90039 0.190332
16496.28906 0.190335
16496.67969 0.190338
16497.07031 0.190341
16497.46094 0.190343
16497.84961 0.190346
16498.24023 0.190349
16498.63086 0.190352
16499.01953 0.190355
16499.41016 0.190357
16499.80078 0.19036
16500.18945 0.190364
16500.58008 0.19037
16500.97070 0.190376
16501.35938 0.190381
16501.75000 0.190387
16502.14062 0.190393
16502.52930 0.190399
16502.91992 0.190404
16503.31055 0.19041
16503.69922 0.190416
16504.08984 0.190422
16504.48047 0.190427
16504.86914 0.190433
16505.25977 0.190442
16505.65039 0.190452
16506.03906 0.190462
16506.42969 0.190473
16506.82031 0.190483
16507.21094 0.190493
16507.59961 0.190504
16507.99023 0.190514
16508.38086 0.190524
16508.76953 0.190535
16509.16016 0.190545
16509.55078 0.190555
16509.93945 0.190566
16510.33008 0.19058
16510.72070 0.190596
16511.10938 0.190611
16511.50000 0.190626
16511.89062 0.190642
16512.28906 0.190657
16512.67969 0.190673
16513.06055 0.190688
16513.46094 0.190703
16513.84961 0.190719
16514.24023 0.190734
16514.63086 0.190749
16515.01953 0.190765
16515.41016 0.19077
16515.80078 0.190776
16516.18945 0.190782
16516.58008 0.190788
16516.97070 0.190795
16517.35938 0.190801
16517.75000 0.190806
16518.14062 0.190812
16518.52930 0.190819
16518.91992 0.190825
16519.31055 0.19083
16519.69922 0.190837
16520.08984 0.190846
16520.48047 0.190866
16520.86914 0.190886
16521.26953 0.190905
16521.66016 0.190925
16522.05078 0.190945
16522.43945 0.190965
16522.83008 0.190985
16523.22070 0.191004
16523.60938 0.191024
16524.00000 0.191044
16524.39062 0.191064
16524.77930 0.191084
16525.16992 0.191104
16525.56055 0.191124
16525.94922 0.191144
16526.33984 0.191164
16526.73047 0.191184
16527.13086 0.191204
16527.51953 0.191224
16527.91016 0.191244
16528.30078 0.191264
16528.68945 0.191284
16529.08008 0.191304
16529.47070 0.191325
16529.85938 0.191345
16530.25000 0.191364
16530.64062 0.191383
16531.02930 0.191402
16531.41992 0.191421
16531.81055 0.19144
