threeML/data/optical_filters/HST/NICMOS1-F160W.ecsv
# %ECSV 0.9
# ---
# datatype:
# - {name: wavelength, unit: Angstrom, datatype: float32}
# - {name: response, datatype: float32}
# meta: !!omap
# - {band_name: F160W}
# - {group_name: NICMOS1}
wavelength response
[from data line 5361]
17797.27930 0.211825
17798.18945 0.211575
17799.09961 0.211326
17800.01953 0.211077
17800.92969 0.210811
17801.83984 0.210545
17802.75000 0.21028
17803.66992 0.210014
17804.58008 0.209749
17805.49023 0.209465
17806.40039 0.209168
17807.32031 0.20887
17808.23047 0.208572
17809.14062 0.208274
17810.06055 0.207975
17810.97070 0.207674
17811.88086 0.207372
17812.78906 0.207071
17813.71094 0.206769
17814.61914 0.206467
17815.53906 0.206145
17816.44922 0.205808
17817.35938 0.205471
17818.27930 0.205133
17819.18945 0.204797
17820.09961 0.204455
17821.01953 0.20408
17821.92969 0.203705
17822.83984 0.203331
17823.75977 0.202956
17824.66992 0.202581
17825.58008 0.2022
17826.50000 0.201815
17827.41016 0.20143
17828.33008 0.201045
17829.24023 0.200661
17830.15039 0.200276
17831.07031 0.199889
17831.98047 0.199503
17832.90039 0.199115
17833.81055 0.198729
17834.72070 0.198342
17835.64062 0.197948
17836.55078 0.197551
17837.47070 0.197155
17838.38086 0.196758
17839.28906 0.19636
17840.21094 0.195955
17841.11914 0.195523
17842.03906 0.195091
17842.96094 0.194659
17843.86914 0.194227
17844.77930 0.193795
17845.69922 0.193335
17846.60938 0.192867
17847.52930 0.1924
17848.43945 0.191931
17849.35938 0.191463
17850.26953 0.190985
17851.18945 0.190485
17852.09961 0.189983
17853.01953 0.189483
17853.92969 0.188982
17854.84961 0.18848
17855.75977 0.187988
17856.67969 0.187496
17857.59961 0.187004
17858.50977 0.186513
17859.42969 0.186022
17860.33984 0.185523
17861.25977 0.185015
17862.16992 0.184507
17863.08984 0.183999
17864.00000 0.18349
17864.91992 0.182982
17865.83984 0.182465
17866.75000 0.181947
17867.66992 0.181429
17868.58008 0.180912
17869.50000 0.180394
17870.41992 0.179861
17871.33008 0.179311
17872.25000 0.178761
17873.16016 0.17821
17874.08008 0.17766
17875.00000 0.177109
17875.91016 0.17657
17876.83008 0.17603
17877.75000 0.175491
17878.66016 0.174953
17879.58008 0.174413
17880.50000 0.173834
17881.41016 0.173222
17882.33008 0.17261
17883.25000 0.171997
17884.16016 0.171385
17885.08008 0.170774
17886.00000 0.170178
17886.91016 0.169584
17887.83008 0.168988
17888.75000 0.168393
17889.66016 0.167796
17890.58008 0.167192
17891.50000 0.16658
17892.41992 0.165968
17893.33008 0.165358
17894.25000 0.164746
17895.16992 0.164137
17896.08008 0.16354
17897.00000 0.162941
17897.91992 0.162343
17898.83984 0.161746
17899.75000 0.161147
17900.66992 0.160542
17901.58984 0.159934
17902.50977 0.159325
17903.42969 0.158717
17904.33984 0.158109
17905.25977 0.157484
17906.17969 0.156817
17907.09961 0.15615
17908.01953 0.155484
17908.92969 0.154817
17909.84961 0.15415
17910.76953 0.153496
17911.68945 0.152844
17912.60938 0.152192
17913.51953 0.15154
17914.43945 0.150888
17915.35938 0.15022
17916.27930 0.149526
17917.19922 0.148833
17918.11914 0.148141
17919.03906 0.147446
17919.94922 0.146754
17920.86914 0.146075
17921.78906 0.145396
17922.71094 0.144719
17923.63086 0.144041
17924.55078 0.143362
17925.46094 0.142694
17926.38086 0.142034
17927.30078 0.141375
17928.22070 0.140715
17929.14062 0.140056
17930.06055 0.139396
17930.98047 0.138731
17931.90039 0.138067
17932.82031 0.137402
17933.74023 0.136736
17934.66016 0.136073
17935.58008 0.135392
17936.50000 0.134701
17937.41992 0.134011
17938.33008 0.133322
17939.25000 0.132632
17940.16992 0.131941
17941.08984 0.131251
17942.00977 0.130561
17942.92969 0.129871
17943.84961 0.129181
17944.76953 0.128491
17945.68945 0.127793
17946.60938 0.127093
17947.52930 0.126393
17948.44922 0.125692
17949.36914 0.124992
17950.28906 0.124285
17951.21094 0.123565
17952.13086 0.122844
17953.05078 0.122122
17953.97070 0.121401
17954.89062 0.12068
17955.81055 0.119998
17956.74023 0.11932
17957.66016 0.118643
17958.58008 0.117966
17959.50000 0.117287
17960.41992 0.11661
17961.33984 0.115933
17962.25977 0.115254
17963.17969 0.114577
17964.09961 0.113898
17965.01953 0.113221
17965.93945 0.11255
17966.85938 0.111882
17967.78906 0.111211
17968.71094 0.110541
17969.63086 0.109872
17970.55078 0.1092
17971.47070 0.108526
17972.39062 0.107854
17973.31055 0.10718
17974.23047 0.106507
17975.16016 0.105836
17976.08008 0.105178
17977.00000 0.10452
17977.91992 0.103861
17978.83984 0.103203
17979.75977 0.102544
17980.68945 0.101862
17981.60938 0.101173
17982.52930 0.100483
17983.44922 0.099794
17984.36914 0.099104
17985.28906 0.098424
17986.22070 0.097763
17987.14062 0.097103
17988.06055 0.096442
17988.98047 0.095781
17989.90039 0.095121
17990.83008 0.094475
17991.75000 0.09383
17992.66992 0.093187
17993.58984 0.092543
17994.51953 0.091899
17995.43945 0.091266
17996.35938 0.090646
17997.27930 0.090026
17998.21094 0.089405
17999.13086 0.088786
18000.05078 0.088165
18000.97070 0.08755
18001.90039 0.086936
18002.82031 0.08632
18003.74023 0.085705
18004.66992 0.085089
18005.58984 0.084468
18006.50977 0.083844
18007.43945 0.08322
18008.35938 0.082597
18009.27930 0.081972
18010.21094 0.081346
18011.13086 0.080711
18012.05078 0.080079
18012.97070 0.079444
18013.90039 0.07881
18014.82031 0.078176
18015.74023 0.077562
18016.66992 0.076952
18017.58984 0.076341
18018.51953 0.075731
18019.43945 0.07512
18020.35938 0.074534
18021.28906 0.073983
18022.21094 0.073433
18023.13086 0.072883
18024.06055 0.072333
18024.98047 0.071783
18025.91016 0.071229
18026.83008 0.070675
18027.75977 0.07012
18028.67969 0.069566
18029.59961 0.069012
18030.52930 0.068485
18031.44922 0.067977
18032.38086 0.067469
18033.30078 0.066962
18034.22070 0.066455
18035.15039 0.065946
18036.07031 0.065434
18037.00000 0.064922
18037.91992 0.064409
18038.84961 0.063898
18039.76953 0.063385
18040.69922 0.062868
18041.61914 0.062348
18042.55078 0.06183
18043.47070 0.06131
18044.40039 0.06079
18045.32031 0.060276
18046.25000 0.059769
18047.16992 0.059262
18048.09961 0.058755
18049.01953 0.058248
18049.94922 0.05774
18050.86914 0.057276
18051.80078 0.056813
18052.72070 0.056351
18053.65039 0.055888
18054.58008 0.055425
18055.50000 0.054966
18056.42969 0.054508
18057.34961 0.05405
18058.27930 0.053592
18059.19922 0.053135
18060.13086 0.052679
18061.05078 0.052239
18061.98047 0.051798
18062.91016 0.051357
18063.83008 0.050916
18064.75977 0.050475
18065.68945 0.050038
18066.60938 0.049602
18067.53906 0.049166
18068.46094 0.04873
18069.39062 0.048293
18070.32031 0.047868
18071.24023 0.047465
18072.16992 0.04706
18073.09961 0.046657
18074.01953 0.046254
18074.94922 0.04585
18075.88086 0.045436
18076.80078 0.045021
18077.73047 0.044605
18078.65039 0.044191
18079.58008 0.043775
18080.50977 0.043395
18081.43945 0.043046
18082.35938 0.042695
18083.28906 0.042345
18084.22070 0.041995
18085.14062 0.041643
18086.07031 0.041289
18087.00000 0.040935
18087.92969 0.04058
18088.84961 0.040226
18089.77930 0.039871
18090.71094 0.039533
18091.63086 0.039199
18092.56055 0.038865
18093.49023 0.038532
18094.41992 0.038199
18095.33984 0.037864
18096.26953 0.037528
18097.19922 0.037191
18098.13086 0.036855
18099.05078 0.036518
18099.98047 0.036182
18100.91016 0.035876
18101.83984 0.035572
18102.76953 0.035268
18103.69922 0.034964
18104.61914 0.03466
18105.55078 0.034339
18106.48047 0.034008
18107.41016 0.033675
18108.33984 0.033343
18109.25977 0.033012
18110.18945 0.032687
18111.11914 0.032391
18112.05078 0.032095
18112.98047 0.031799
18113.91016 0.031503
18114.83984 0.031207
18115.75977 0.030925
18116.68945 0.030646
18117.61914 0.030366
18118.55078 0.030086
18119.48047 0.029807
18120.41016 0.029544
18121.33984 0.029303
18122.26953 0.029061
18123.19922 0.028819
18124.11914 0.028578
18125.05078 0.028337
18125.98047 0.028104
18126.91016 0.027871
18127.83984 0.027638
18128.76953 0.027405
18129.69922 0.027172
18130.63086 0.026918
18131.56055 0.026654
18132.49023 0.02639
18133.41992 0.026127
18134.34961 0.025864
18135.27930 0.025614
18136.21094 0.025396
18137.13086 0.025178
18138.06055 0.024961
18139.00000 0.024743
18139.92969 0.024525
18140.85938 0.024322
18141.78906 0.02412
18142.71094 0.023917
18143.64062 0.023715
18144.57031 0.023513
18145.50977 0.023305
18146.43945 0.023093
18147.36914 0.022882
18148.30078 0.02267
18149.23047 0.022459
18150.16016 0.022248
18151.08984 0.02204
18152.01953 0.021833
18152.94922 0.021626
18153.88086 0.021419
18154.81055 0.021212
18155.74023 0.021003
18156.66992 0.020794
18157.59961 0.020586
18158.52930 0.020377
18159.46094 0.020168
18160.39062 0.019982
18161.33008 0.019825
18162.25977 0.019669
18163.18945 0.019513
18164.11914 0.019356
18165.05078 0.0192
18165.98047 0.019041
18166.91016 0.018881
18167.83984 0.018722
18168.77930 0.018563
18169.71094 0.018404
18170.64062 0.01824
18171.57031 0.018074
18172.50000 0.017908
18173.42969 0.017742
18174.35938 0.017576
18175.28906 0.017413
18176.23047 0.017259
18177.16016 0.017104
18178.08984 0.016949
18179.01953 0.016795
18179.96094 0.01664
18180.89062 0.016516
18181.82031 0.016393
18182.75000 0.01627
18183.67969 0.016147
18184.61914 0.016024
18185.55078 0.01589
18186.48047 0.015748
18187.41016 0.015606
18188.33984 0.015464
18189.27930 0.015322
18190.21094 0.015182
18191.14062 0.015052
18192.07031 0.014922
18193.00977 0.014792
18193.93945 0.014662
18194.86914 0.014531
18195.80078 0.014405
18196.74023 0.014279
18197.66992 0.014153
18198.59961 0.014027
18199.53906 0.013901
18200.47070 0.013781
18201.40039 0.013666
18202.33984 0.013551
18203.26953 0.013436
18204.19922 0.013322
18205.13086 0.013202
18206.07031 0.013052
18207.00000 0.012902
18207.93945 0.012753
18208.86914 0.012603
18209.80078 0.012453
18210.74023 0.012339
18211.66992 0.012234
18212.59961 0.012128
18213.53906 0.012023
18214.47070 0.011918
18215.40039 0.011822
18216.33984 0.011736
18217.26953 0.011651
18218.21094 0.011566
18219.14062 0.011481
18220.07031 0.011393
18221.00977 0.01128
18221.93945 0.011167
18222.86914 0.011054
18223.81055 0.01094
18224.74023 0.010827
18225.67969 0.010751
18226.60938 0.010688
18227.55078 0.010625
18228.48047 0.010563
18229.41992 0.0105
18230.34961 0.010418
18231.28906 0.010303
18232.22070 0.010188
18233.15039 0.010073
18234.08984 0.009958
18235.01953 0.009844
18235.96094 0.009778
18236.89062 0.009712
18237.83008 0.009646
18238.75977 0.009579
18239.69922 0.009513
18240.63086 0.009444
18241.57031 0.009373
18242.50000 0.009303
18243.43945 0.009232
18244.36914 0.009162
18245.31055 0.009085
18246.24023 0.008996
18247.17969 0.008907
18248.11914 0.008817
18249.05078 0.008728
18249.99023 0.008639
18250.91992 0.008577
18251.85938 0.008515
18252.78906 0.008454
18253.73047 0.008392
18254.66016 0.008331
18255.59961 0.008235
18256.53906 0.00812
18257.47070 0.008005
18258.41016 0.00789
18259.33984 0.007775
18260.27930 0.007683
18261.22070 0.007648
18262.15039 0.007613
18263.08984 0.007578
18264.02930 0.007542
18264.96094 0.007507
18265.90039 0.007455
18266.83008 0.007403
18267.76953 0.00735
18268.71094 0.007297
18269.64062 0.007244
18270.58008 0.007188
18271.51953 0.007129
18272.44922 0.00707
18273.39062 0.007011
18274.33008 0.006952
18275.25977 0.006896
18276.19922 0.006851
18277.14062 0.006805
18278.07031 0.006759
18279.00977 0.006713
18279.94922 0.006667
18280.88086 0.006624
18281.82031 0.006581
18282.75977 0.006538
18283.69922 0.006495
18284.63086 0.006453
18285.57031 0.006405
18286.50977 0.006354
18287.44922 0.006303
18288.38086 0.006253
18289.32031 0.006202
18290.25977 0.00615
18291.19922 0.006095
18292.13086 0.00604
18293.07031 0.005985
18294.00977 0.00593
18294.94922 0.005875
18295.88086 0.005831
18296.82031 0.005788
18297.75977 0.005745
18298.69922 0.005702
18299.64062 0.005659
18300.58008 0.005603
18301.50977 0.005539
18302.44922 0.005475
18303.39062 0.005411
18304.33008 0.005348
18305.26953 0.005288
18306.21094 0.005238
18307.14062 0.005188
18308.08008 0.005138
18309.01953 0.005088
18309.96094 0.005039
18310.90039 0.005031
18311.83984 0.005025
18312.77930 0.005018
18313.71094 0.005012
18314.65039 0.005006
18315.58984 0.004966
18316.52930 0.004906
18317.47070 0.004846
18318.41016 0.004786
18319.34961 0.004726
18320.28906 0.004677
18321.23047 0.004652
18322.16992 0.004628
18323.10938 0.004603
18324.03906 0.004579
18324.98047 0.004554
18325.91992 0.004516
18326.85938 0.004477
18327.80078 0.004438
18328.74023 0.0044
18329.67969 0.004361
18330.61914 0.00433
18331.56055 0.004304
18332.50000 0.004277
18333.43945 0.00425
18334.38086 0.004224
18335.32031 0.004189
18336.25977 0.00414
18337.19922 0.004091
18338.14062 0.004042
18339.08008 0.003993
18340.01953 0.003945
18340.96094 0.00393
18341.90039 0.003915
18342.83984 0.003899
18343.77930 0.003884
18344.72070 0.003869
18345.66016 0.00385
18346.59961 0.003829
18347.53906 0.003809
18348.48047 0.003788
18349.41992 0.003768
18350.36914 0.003747
18351.30078 0.003725
18352.25000 0.003704
18353.18945 0.003682
18354.13086 0.003661
18355.07031 0.003639
18356.00977 0.003613
18356.94922 0.003588
18357.89062 0.003563
18358.83008 0.003538
18359.76953 0.003512
18360.71094 0.003479
18361.66016 0.003444
18362.59961 0.003409
18363.53906 0.003373
18364.48047 0.003338
18365.41992 0.003306
18366.35938 0.003278
18367.30078 0.003249
18368.25000 0.003221
18369.18945 0.003193
18370.13086 0.003165
18371.07031 0.003137
18372.00977 0.003109
18372.96094 0.003081
18373.90039 0.003053
18374.83984 0.003025
18375.77930 0.003001
18376.72070 0.002977
18377.66016 0.002954
18378.60938 0.00293
18379.55078 0.002907
18380.49023 0.002892
18381.42969 0.002884
18382.38086 0.002877
18383.32031 0.002869
18384.25977 0.002862
18385.19922 0.002849
18386.14062 0.002817
18387.08984 0.002786
18388.02930 0.002754
18388.97070 0.002722
18389.91992 0.00269
18390.85938 0.002697
18391.80078 0.002707
18392.74023 0.002717
18393.68945 0.002727
18394.63086 0.002737
18395.57031 0.002712
18396.51953 0.002664
18397.46094 0.002617
18398.40039 0.002569
18399.34961 0.002522
18400.28906 0.002488
18401.23047 0.002484
18402.17969 0.002481
18403.11914 0.002477
18404.06055 0.002474
18405.00977 0.00247
18405.94922 0.002438
18406.89062 0.002406
18407.83984 0.002374
18408.77930 0.002342
18409.72070 0.002309
18410.66992 0.00229
18411.60938 0.002275
18412.55078 0.00226
18413.50000 0.002245
18414.43945 0.002231
18415.39062 0.002213
18416.33008 0.002192
18417.27930 0.00217
18418.22070 0.002148
18419.16016 0.002127
18420.10938 0.002108
18421.05078 0.002111
18422.00000 0.002114
18422.93945 0.002118
18423.88086 0.002121
18424.83008 0.002124
18425.76953 0.002116
18426.72070 0.002105
18427.66016 0.002095
18428.60938 0.002084
18429.55078 0.002073
18430.50000 0.002055
18431.43945 0.002031
18432.39062 0.002007
18433.33008 0.001983
18434.27930 0.001959
18435.22070 0.001944
18436.16992 0.00196
18437.10938 0.001975
18438.06055 0.001991
18439.00000 0.002007
18439.94922 0.002023
18440.89062 0.00204
18441.83984 0.002058
18442.77930 0.002075
18443.73047 0.002093
18444.67969 0.00211
18445.61914 0.002068
18446.57031 0.001994
18447.50977 0.001921
18448.46094 0.001847
18449.40039 0.001774
18450.34961 0.001725
18451.28906 0.001717
18452.24023 0.001709
18453.18945 0.001701
18454.13086 0.001693
18455.08008 0.001685
18456.02930 0.001685
18456.97070 0.001684
18457.91992 0.001683
18458.85938 0.001682
18459.81055 0.001682
18460.75977 0.001659
18461.69922 0.001632
18462.65039 0.001604
18463.59961 0.001576
18464.53906 0.001549
18465.49023 0.001541
18466.43945 0.001552
18467.38086 0.001563
18468.33008 0.001574
18469.27930 0.001584
18470.22070 0.001591
18471.16992 0.001584
18472.11914 0.001577
18473.06055 0.00157
18474.00977 0.001563
18474.96094 0.001556
18475.90039 0.001535
18476.84961 0.001513
18477.80078 0.001492
18478.75000 0.00147
18479.68945 0.001448
18480.64062 0.001427
18481.58984 0.001406
18482.53906 0.001385
18483.48047 0.001363
18484.42969 0.001342
18485.38086 0.001333
18486.32031 0.001343
18487.26953 0.001352
18488.22070 0.001362
18489.16992 0.001371
18490.11914 0.001376
18491.06055 0.001348
18492.00977 0.001319
18492.96094 0.001291
18493.91016 0.001262
18494.85938 0.001234
18495.80078 0.001246
18496.75000 0.001266
18497.69922 0.001286
18498.65039 0.001305
18499.59961 0.001325
18500.53906 0.001312
18501.49023 0.001275
18502.43945 0.001238
18503.39062 0.001201
18504.33984 0.001165
18505.28906 0.001144
18506.24023 0.001161
18507.18945 0.001178
18508.13086 0.001195
