threeML/data/optical_filters/HST/NICMOS3-F196N.ecsv
# %ECSV 0.9
# ---
# datatype:
# - {name: wavelength, unit: Angstrom, datatype: float32}
# - {name: response, datatype: float32}
# meta: !!omap
# - {band_name: F196N}
# - {group_name: NICMOS3}
wavelength response
19395.89062 0.0
19396.08984 2.6e-05
19396.28906 7.7e-05
19396.48047 0.000128
19396.68945 0.000179
19396.88086 0.00023
19397.08008 0.000281
19397.27930 0.000332
19397.48047 0.000383
19397.67969 0.000434
19397.88086 0.000485
19398.08008 0.000497
19398.27930 0.000451
19398.48047 0.000405
19398.67969 0.000358
19398.88086 0.000312
19399.08008 0.000266
19399.27930 0.00022
19399.48047 0.000174
19399.67969 0.000128
19399.88086 8.2e-05
19400.07031 7.8e-05
19400.26953 0.000144
19400.47070 0.00021
19400.66992 0.000276
19400.86914 0.000342
19401.07031 0.000409
19401.26953 0.000475
19401.47070 0.000541
19401.66992 0.000607
19401.86914 0.000674
19402.07031 0.000726
19402.26953 0.000752
19402.47070 0.000778
19402.66992 0.000805
19402.86914 0.000831
19403.06055 0.000857
19403.25977 0.000883
19403.46094 0.000909
19403.66016 0.000935
19403.85938 0.000961
19404.06055 0.000995
19404.25977 0.001049
19404.46094 0.001102
19404.66016 0.001155
19404.85938 0.001208
19405.06055 0.001261
19405.25977 0.001314
19405.46094 0.001367
19405.66016 0.00142
19405.85938 0.001474
19406.06055 0.001495
19406.25977 0.001438
19406.46094 0.00138
19406.65039 0.001322
19406.84961 0.001265
19407.05078 0.001207
19407.25000 0.001149
19407.44922 0.001091
19407.65039 0.001033
19407.84961 0.000976
19408.05078 0.000937
19408.25000 0.000953
19408.44922 0.000968
19408.65039 0.000984
19408.84961 0.001
19409.05078 0.001016
19409.25000 0.001032
19409.44922 0.001048
19409.65039 0.001064
19409.84961 0.00108
19410.03906 0.001096
19410.24023 0.001116
19410.43945 0.001136
19410.64062 0.001156
19410.83984 0.001175
19411.03906 0.001195
19411.24023 0.001215
19411.43945 0.001235
19411.64062 0.001254
19411.83984 0.001274
19412.03906 0.001284
19412.24023 0.001258
19412.43945 0.001232
19412.64062 0.001206
19412.83984 0.00118
19413.03906 0.001153
19413.24023 0.001127
19413.43945 0.001101
19413.64062 0.001074
19413.83984 0.001048
19414.03906 0.001015
19414.23047 0.000951
19414.42969 0.000887
19414.63086 0.000822
19414.83008 0.000757
19415.02930 0.000693
19415.23047 0.000629
19415.42969 0.000564
19415.63086 0.0005
19415.83008 0.000435
19416.02930 0.000391
19416.23047 0.000454
19416.42969 0.000517
19416.63086 0.000581
19416.83008 0.000644
19417.02930 0.000708
19417.23047 0.000771
19417.42969 0.000835
19417.63086 0.000898
19417.83008 0.000961
19418.02930 0.001016
19418.23047 0.001016
19418.42969 0.001016
19418.61914 0.001015
19418.82031 0.001015
19419.01953 0.001014
19419.22070 0.001014
19419.41992 0.001014
19419.61914 0.001013
19419.82031 0.001013
19420.01953 0.001015
19420.22070 0.001034
19420.41992 0.001055
19420.61914 0.001074
19420.82031 0.001094
19421.01953 0.001114
19421.22070 0.001134
19421.41992 0.001154
19421.61914 0.001174
19421.82031 0.001194
19422.01953 0.001216
19422.22070 0.001268
19422.41992 0.001321
19422.61914 0.001373
19422.82031 0.001425
19423.01953 0.001477
19423.21094 0.001529
19423.41992 0.001581
19423.61914 0.001633
19423.81055 0.001685
19424.00977 0.001732
19424.21094 0.001706
19424.41016 0.00168
19424.60938 0.001654
19424.81055 0.001627
19425.00977 0.001601
19425.21094 0.001575
19425.41016 0.001549
19425.60938 0.001523
19425.81055 0.001497
19426.00977 0.001471
19426.21094 0.001457
19426.41016 0.001442
19426.60938 0.001428
19426.81055 0.001413
19427.00977 0.001399
19427.21094 0.001384
19427.41016 0.00137
19427.60938 0.001356
19427.81055 0.001341
19428.00977 0.001327
19428.21094 0.001312
19428.41016 0.001298
19428.60938 0.001283
19428.81055 0.001268
19429.00977 0.001254
19429.21094 0.001239
19429.40039 0.001225
19429.59961 0.00121
19429.80078 0.001196
19430.00000 0.001182
19430.19922 0.001192
19430.40039 0.001203
19430.59961 0.001214
19430.80078 0.001224
19431.00000 0.001235
19431.19922 0.001246
19431.40039 0.001256
19431.59961 0.001267
19431.80078 0.001278
19432.00000 0.001288
19432.19922 0.001419
19432.40039 0.001549
19432.59961 0.001679
19432.80078 0.001808
19433.00000 0.001939
19433.19922 0.002069
19433.40039 0.002199
19433.59961 0.002328
19433.80078 0.002459
19434.00000 0.002589
19434.19922 0.002571
19434.40039 0.002551
19434.59961 0.002531
19434.80078 0.002511
19435.00000 0.002491
19435.19922 0.002471
19435.40039 0.002452
19435.59961 0.002432
19435.78906 0.002412
19436.00000 0.002392
19436.19922 0.002384
19436.39062 0.002376
19436.58984 0.002369
19436.78906 0.002361
19436.99023 0.002353
19437.18945 0.002346
19437.39062 0.002338
19437.58984 0.00233
19437.78906 0.002323
19437.99023 0.002315
19438.18945 0.002316
19438.39062 0.002318
19438.58984 0.00232
19438.78906 0.002322
19438.99023 0.002323
19439.18945 0.002325
19439.39062 0.002327
19439.58984 0.002329
19439.78906 0.002331
19439.99023 0.002332
19440.18945 0.002335
19440.39062 0.002338
19440.58984 0.00234
19440.78906 0.002343
19440.99023 0.002345
19441.18945 0.002348
19441.39062 0.002351
19441.58984 0.002353
19441.78906 0.002356
19441.99023 0.002358
19442.18945 0.002349
19442.39062 0.002338
19442.58984 0.002328
19442.78906 0.002317
19442.99023 0.002307
19443.18945 0.002296
19443.39062 0.002286
19443.58984 0.002275
19443.78906 0.002265
19443.99023 0.002254
19444.18945 0.002228
19444.39062 0.002202
19444.58984 0.002175
19444.78906 0.002148
19444.99023 0.002121
19445.18945 0.002095
19445.39062 0.002068
19445.58984 0.002041
19445.78906 0.002014
19445.98047 0.001987
19446.18945 0.002035
19446.38086 0.002088
19446.58008 0.002142
19446.78906 0.002195
19446.98047 0.002249
19447.17969 0.002302
19447.38086 0.002356
19447.58008 0.002409
19447.77930 0.002463
19447.98047 0.002517
19448.17969 0.00259
19448.38086 0.002665
19448.58008 0.002742
19448.77930 0.002817
19448.98047 0.002892
19449.17969 0.002968
19449.38086 0.003044
19449.58008 0.003119
19449.77930 0.003195
19449.98047 0.003271
19450.17969 0.003257
19450.38086 0.003235
19450.58008 0.003213
19450.77930 0.003191
19450.98047 0.003169
19451.17969 0.003147
19451.38086 0.003125
19451.58008 0.003103
19451.77930 0.003082
19451.98047 0.003059
19452.17969 0.003051
19452.38086 0.003043
19452.58008 0.003035
19452.77930 0.003028
19452.98047 0.00302
19453.17969 0.003013
19453.38086 0.003005
19453.58008 0.002997
19453.77930 0.00299
19453.98047 0.002982
19454.17969 0.003075
19454.38086 0.003178
19454.58008 0.00328
19454.77930 0.003384
19454.98047 0.003486
19455.17969 0.003589
19455.38086 0.003692
19455.58008 0.003795
19455.77930 0.003898
19455.98047 0.004001
19456.17969 0.003907
19456.38086 0.003791
19456.58008 0.003676
19456.77930 0.003559
19456.98047 0.003444
19457.17969 0.003329
19457.38086 0.003213
19457.58008 0.003097
19457.77930 0.002982
19457.98047 0.002866
19458.17969 0.003103
19458.38086 0.003381
19458.58008 0.003656
19458.77930 0.003931
19458.98047 0.004209
19459.17969 0.004484
19459.38086 0.004762
19459.58008 0.005037
19459.77930 0.005312
19459.98047 0.00559
19460.17969 0.00558
19460.38086 0.005539
19460.58008 0.005498
19460.77930 0.005457
19460.98047 0.005416
19461.17969 0.005375
19461.38086 0.005333
19461.58008 0.005292
19461.77930 0.005251
19461.98047 0.00521
19462.17969 0.005139
19462.38086 0.005064
19462.58008 0.00499
19462.77930 0.004916
19462.98047 0.004842
19463.17969 0.004768
19463.38086 0.004693
19463.58008 0.004619
19463.77930 0.004545
19463.98047 0.00447
19464.17969 0.004555
19464.38086 0.004658
19464.58008 0.00476
19464.77930 0.004863
19464.98047 0.004965
19465.17969 0.005067
19465.38086 0.00517
19465.58008 0.005272
19465.77930 0.005375
19465.98047 0.005477
19466.17969 0.005521
19466.38086 0.005559
19466.58008 0.005596
19466.77930 0.005634
19466.98047 0.005671
19467.17969 0.005709
19467.38086 0.005746
19467.58008 0.005784
19467.77930 0.005821
19467.98047 0.005859
19468.17969 0.005923
19468.38086 0.00599
19468.58008 0.006058
19468.77930 0.006125
19468.98047 0.006193
19469.17969 0.00626
19469.38086 0.006327
19469.58008 0.006394
19469.77930 0.006461
19469.98047 0.006529
19470.17969 0.00654
19470.38086 0.006546
19470.58008 0.006552
19470.77930 0.006558
19470.98047 0.006564
19471.17969 0.006571
19471.38086 0.006577
19471.58008 0.006583
19471.77930 0.006589
19471.98047 0.006595
19472.17969 0.006502
19472.38086 0.006401
19472.58008 0.006299
19472.77930 0.006198
19472.98047 0.006096
19473.17969 0.005995
19473.38086 0.005893
19473.58008 0.005793
19473.78906 0.005691
19473.98047 0.00559
19474.18945 0.005826
19474.38086 0.006089
19474.58984 0.006355
19474.78906 0.006617
19474.99023 0.006883
19475.18945 0.007146
19475.38086 0.007409
19475.58984 0.007674
19475.78906 0.007937
19475.99023 0.008202
19476.18945 0.008245
19476.39062 0.008271
19476.58984 0.008297
19476.78906 0.008324
19476.99023 0.00835
19477.18945 0.008376
19477.39062 0.008402
19477.58984 0.008429
19477.78906 0.008455
19477.99023 0.008481
19478.18945 0.00859
19478.39062 0.008704
19478.58984 0.008817
19478.78906 0.008932
19478.99023 0.009045
19479.18945 0.009159
19479.39062 0.009273
19479.58984 0.009387
19479.78906 0.0095
19479.99023 0.009615
19480.18945 0.009603
19480.39062 0.009584
19480.58984 0.009566
19480.78906 0.009547
19480.99023 0.009529
19481.18945 0.009511
19481.39062 0.009492
19481.58984 0.009474
19481.78906 0.009455
19481.99023 0.009437
19482.18945 0.009555
19482.39062 0.00968
19482.58984 0.009804
19482.78906 0.009929
19482.99023 0.010052
19483.18945 0.010178
19483.39062 0.010301
19483.58984 0.010426
19483.78906 0.01055
19483.99023 0.010675
19484.19922 0.010783
19484.39062 0.010888
19484.59961 0.010995
19484.78906 0.011101
19485.00000 0.011208
19485.19922 0.011314
19485.40039 0.011421
19485.59961 0.011527
19485.80078 0.011634
19486.00000 0.01174
19486.19922 0.011785
19486.40039 0.011828
19486.59961 0.011872
19486.80078 0.011916
19487.00000 0.01196
19487.19922 0.012003
19487.40039 0.012047
19487.59961 0.012091
19487.80078 0.012134
19488.00000 0.012178
19488.19922 0.012287
19488.40039 0.012396
19488.59961 0.012504
19488.80078 0.012614
19489.00000 0.012722
19489.19922 0.012831
19489.40039 0.012941
19489.59961 0.013049
19489.80078 0.013158
19490.00000 0.013267
19490.19922 0.013425
19490.40039 0.013582
19490.59961 0.01374
19490.80078 0.013896
19491.00000 0.014054
19491.21094 0.014212
19491.40039 0.014369
19491.60938 0.014527
19491.80078 0.014683
19492.00977 0.01484
19492.21094 0.014946
19492.41016 0.015053
19492.60938 0.01516
19492.81055 0.015265
19493.00977 0.015372
19493.21094 0.015478
19493.41016 0.015585
19493.60938 0.015691
19493.81055 0.015798
19494.00977 0.015908
19494.21094 0.016077
19494.41016 0.016248
19494.60938 0.016417
19494.81055 0.016588
19495.00977 0.016757
19495.21094 0.016928
19495.41016 0.017099
19495.60938 0.017268
19495.81055 0.017439
19496.00977 0.017605
19496.21094 0.017725
19496.41016 0.017845
19496.60938 0.017963
19496.81055 0.018083
19497.00977 0.018202
19497.21094 0.018322
19497.41016 0.01844
19497.61914 0.01856
19497.82031 0.01868
19498.01953 0.018801
19498.22070 0.018956
19498.41992 0.019109
19498.61914 0.019264
19498.82031 0.019419
19499.01953 0.019572
19499.22070 0.019727
19499.41992 0.01988
19499.61914 0.020035
19499.82031 0.02019
19500.01953 0.020351
19500.22070 0.020581
19500.41992 0.020812
19500.61914 0.02104
19500.82031 0.021271
19501.01953 0.0215
19501.22070 0.02173
19501.41992 0.021961
19501.61914 0.022189
19501.82031 0.02242
19502.01953 0.022646
19502.22070 0.022852
19502.42969 0.023058
19502.63086 0.023263
19502.83008 0.023469
19503.02930 0.023675
19503.23047 0.02388
19503.42969 0.024086
19503.63086 0.024291
19503.83008 0.024497
19504.02930 0.024712
19504.23047 0.024972
19504.42969 0.025236
19504.63086 0.025499
19504.83008 0.02576
19505.02930 0.026023
19505.23047 0.026284
19505.42969 0.026548
19505.63086 0.026811
19505.83008 0.027072
19506.02930 0.027332
19506.23047 0.027577
19506.42969 0.027819
19506.63086 0.028063
19506.83984 0.028307
19507.03906 0.028549
19507.24023 0.028794
19507.43945 0.029038
19507.64062 0.02928
19507.83984 0.029525
19508.03906 0.029767
19508.24023 0.03001
19508.43945 0.030253
19508.64062 0.030494
19508.83984 0.030737
19509.03906 0.03098
19509.24023 0.031221
19509.43945 0.031464
19509.64062 0.031707
19509.83984 0.031948
19510.03906 0.032203
19510.24023 0.032503
19510.43945 0.0328
19510.64062 0.0331
19510.84961 0.0334
19511.03906 0.033697
19511.25000 0.033997
19511.44922 0.034297
19511.65039 0.034594
19511.84961 0.034894
19512.05078 0.035179
19512.25000 0.035414
19512.44922 0.035652
19512.65039 0.035889
19512.84961 0.036125
19513.05078 0.036362
19513.25000 0.0366
19513.44922 0.036835
19513.65039 0.037072
19513.84961 0.03731
19514.05078 0.037592
19514.25000 0.038008
19514.46094 0.038425
19514.66016 0.038841
19514.85938 0.039253
19515.06055 0.039669
19515.25977 0.040086
19515.46094 0.040498
19515.66016 0.040914
19515.85938 0.04133
19516.06055 0.041713
19516.25977 0.042028
19516.46094 0.042342
19516.66016 0.042654
19516.85938 0.042968
19517.06055 0.043283
19517.25977 0.043598
19517.46094 0.043909
19517.66016 0.044224
19517.86914 0.044539
19518.06055 0.044914
19518.26953 0.045428
19518.47070 0.045942
19518.66992 0.046452
19518.86914 0.046966
19519.07031 0.04748
19519.26953 0.047994
19519.47070 0.048503
19519.66992 0.049017
19519.86914 0.049531
19520.07031 0.050006
19520.26953 0.05042
19520.47070 0.050834
19520.66992 0.051248
19520.86914 0.051658
19521.07031 0.052072
19521.27930 0.052486
19521.47070 0.052897
19521.67969 0.053311
19521.88086 0.053725
19522.08008 0.054191
19522.27930 0.054733
19522.48047 0.055281
19522.67969 0.055829
19522.88086 0.056371
19523.08008 0.056919
19523.27930 0.057466
19523.48047 0.058014
19523.67969 0.058556
19523.88086 0.059104
19524.08008 0.059618
19524.28906 0.060083
19524.48047 0.060544
19524.68945 0.06101
19524.89062 0.061476
19525.08984 0.061941
19525.28906 0.062403
19525.49023 0.062868
19525.68945 0.063334
19525.89062 0.0638
19526.08984 0.064286
19526.28906 0.064808
19526.49023 0.06533
19526.68945 0.065852
19526.89062 0.066368
19527.08984 0.06689
19527.28906 0.067412
19527.50000 0.067934
19527.69922 0.068451
19527.90039 0.068973
19528.09961 0.069509
19528.30078 0.070059
19528.50000 0.070604
19528.69922 0.071155
19528.90039 0.071705
19529.09961 0.072255
19529.30078 0.072801
19529.50000 0.073351
19529.69922 0.073902
19529.90039 0.074452
19530.09961 0.075009
19530.30078 0.075581
19530.50977 0.076153
19530.71094 0.076725
19530.91016 0.077292
19531.10938 0.077864
19531.31055 0.078436
19531.50977 0.079008
19531.71094 0.079581
19531.91016 0.080148
19532.10938 0.080749
19532.31055 0.081374
19532.50977 0.081998
19532.71094 0.082617
19532.91016 0.083242
19533.11914 0.083866
19533.32031 0.084491
19533.51953 0.085116
19533.72070 0.085735
19533.91992 0.08636
19534.11914 0.087001
19534.32031 0.087654
19534.51953 0.088306
19534.72070 0.088953
19534.91992 0.089606
19535.11914 0.090258
19535.32031 0.090911
19535.51953 0.091558
19535.72070 0.09221
19535.92969 0.092863
19536.13086 0.09355
19536.33008 0.094257
19536.52930 0.094957
19536.73047 0.095663
19536.92969 0.09637
19537.13086 0.097077
19537.33008 0.097784
19537.52930 0.098484
19537.73047 0.099191
19537.92969 0.099897
19538.13086 0.100703
19538.33984 0.101558
19538.53906 0.102412
19538.74023 0.103258
19538.93945 0.104113
19539.14062 0.104968
19539.33984 0.105822
19539.53906 0.106677
19539.74023 0.107523
19539.93945 0.108378
19540.14062 0.10923
19540.33984 0.110082
19540.53906 0.110933
19540.75000 0.111784
19540.94922 0.112628
19541.15039 0.113479
19541.34961 0.114331
19541.55078 0.115182
19541.75000 0.116034
19541.94922 0.116877
19542.15039 0.117713
19542.34961 0.118543
19542.55078 0.119374
19542.75000 0.120204
19542.96094 0.121035
19543.15039 0.121857
19543.35938 0.122688
19543.56055 0.123519
19543.75977 0.124349
19543.96094 0.12518
19544.16016 0.126003
19544.35938 0.126816
19544.56055 0.127637
19544.75977 0.128459
19544.96094 0.12928
19545.16016 0.130101
19545.36914 0.130923
19545.57031 0.131744
19545.76953 0.132557
19545.97070 0.133379
19546.16992 0.134146
19546.36914 0.134902
19546.57031 0.135659
19546.76953 0.136415
19546.97070 0.137172
19547.16992 0.137921
19547.36914 0.138678
19547.57031 0.139434
19547.77930 0.140191
19547.98047 0.140948
19548.17969 0.141805
19548.38086 0.142676
19548.58008 0.143538
19548.77930 0.144409
19548.98047 0.14528
