threeML/data/optical_filters/HST/NICMOS2-F207M.ecsv
# %ECSV 0.9
# ---
# datatype:
# - {name: wavelength, unit: Angstrom, datatype: float32}
# - {name: response, datatype: float32}
# meta: !!omap
# - {band_name: F207M}
# - {group_name: NICMOS2}
wavelength response
[from data line 4595]
21470.27930 0.237471
21470.68945 0.237879
21471.09961 0.238287
21471.50977 0.238698
21471.91992 0.239106
21472.33008 0.239405
21472.74023 0.239675
21473.15039 0.239946
21473.56055 0.240218
21473.97070 0.240489
21474.38086 0.240651
21474.78906 0.240806
21475.19922 0.24096
21475.60938 0.241115
21476.01953 0.241262
21476.42969 0.241304
21476.83984 0.241346
21477.25000 0.241388
21477.66992 0.24143
21478.08008 0.241513
21478.49023 0.241776
21478.90039 0.242039
21479.31055 0.242304
21479.72070 0.242568
21480.13086 0.242765
21480.53906 0.242818
21480.94922 0.242871
21481.35938 0.242924
21481.76953 0.242977
21482.17969 0.243065
21482.58984 0.243197
21483.00000 0.243328
21483.41016 0.24346
21483.83008 0.243592
21484.24023 0.243821
21484.65039 0.244122
21485.06055 0.244423
21485.47070 0.244726
21485.88086 0.245027
21486.28906 0.245008
21486.69922 0.244855
21487.10938 0.244703
21487.51953 0.24455
21487.92969 0.244397
21488.33984 0.24472
21488.75000 0.245135
21489.16992 0.245552
21489.58008 0.245967
21489.99023 0.246382
21490.40039 0.246384
21490.81055 0.246371
21491.22070 0.246359
21491.63086 0.246346
21492.03906 0.246325
21492.44922 0.246231
21492.85938 0.246137
21493.26953 0.246043
21493.68945 0.245948
21494.09961 0.245953
21494.50977 0.246284
21494.91992 0.246614
21495.33008 0.246943
21495.74023 0.247275
21496.15039 0.247486
21496.56055 0.247494
21496.97070 0.247502
21497.38086 0.247509
21497.78906 0.247517
21498.21094 0.247579
21498.61914 0.247695
21499.02930 0.247811
21499.43945 0.247928
21499.84961 0.248044
21500.25977 0.248114
21500.66992 0.248158
21501.08008 0.248201
21501.49023 0.248245
21501.90039 0.248289
21502.32031 0.2483
21502.73047 0.2483
21503.14062 0.248301
21503.55078 0.248301
21503.96094 0.248302
21504.36914 0.248063
21504.77930 0.247799
21505.18945 0.247535
21505.60938 0.24727
21506.01953 0.247021
21506.42969 0.24712
21506.83984 0.24722
21507.25000 0.247319
21507.66016 0.247419
21508.07031 0.247543
21508.48047 0.247784
21508.89062 0.248027
21509.30078 0.248268
21509.72070 0.24851
21510.13086 0.248547
21510.53906 0.248135
21510.94922 0.247721
21511.35938 0.247309
21511.76953 0.246895
21512.17969 0.246673
21512.59961 0.246687
21513.00977 0.246701
21513.41992 0.246715
21513.83008 0.246729
21514.24023 0.246763
21514.65039 0.246813
21515.06055 0.246863
21515.47070 0.246912
21515.89062 0.246962
21516.30078 0.246726
21516.71094 0.246379
21517.11914 0.246034
21517.52930 0.245687
21517.93945 0.24534
21518.34961 0.245073
21518.76953 0.244818
21519.17969 0.244563
21519.58984 0.244309
21520.00000 0.244054
21520.41016 0.244296
21520.82031 0.244539
21521.23047 0.244782
21521.64062 0.245024
21522.06055 0.245181
21522.47070 0.244792
21522.88086 0.244406
21523.28906 0.244017
21523.69922 0.243629
21524.10938 0.243237
21524.52930 0.242832
21524.93945 0.242426
21525.34961 0.242021
21525.75977 0.241617
21526.16992 0.241321
21526.58008 0.241178
21526.99023 0.241035
21527.41016 0.240892
21527.82031 0.240749
21528.23047 0.240601
21528.64062 0.24045
21529.05078 0.240298
21529.46094 0.240146
21529.88086 0.239994
21530.28906 0.239588
21530.69922 0.23907
21531.10938 0.238552
21531.51953 0.238035
21531.92969 0.237519
21532.34961 0.237412
21532.75977 0.237384
21533.16992 0.237355
21533.58008 0.237327
21533.99023 0.237299
21534.40039 0.236881
21534.82031 0.236455
21535.23047 0.236031
21535.64062 0.235605
21536.05078 0.235174
21536.46094 0.234708
21536.88086 0.234241
21537.28906 0.233775
21537.69922 0.23331
21538.10938 0.232845
21538.51953 0.232384
21538.92969 0.231923
21539.34961 0.231462
21539.75977 0.231004
21540.16992 0.2305
21540.58008 0.229936
21540.99023 0.229371
21541.40039 0.228806
21541.82031 0.228242
21542.23047 0.227788
21542.64062 0.227424
21543.05078 0.227058
21543.46094 0.226693
21543.86914 0.226327
21544.28906 0.226069
21544.69922 0.225857
21545.10938 0.225645
21545.51953 0.225434
21545.93945 0.225222
21546.34961 0.224693
21546.75977 0.224103
21547.16992 0.223513
21547.58008 0.222922
21547.99023 0.222332
21548.41016 0.221809
21548.82031 0.221287
21549.23047 0.220765
21549.64062 0.220242
21550.05078 0.219698
21550.47070 0.219008
21550.88086 0.218318
21551.28906 0.217628
21551.69922 0.216938
21552.10938 0.216328
21552.52930 0.215917
21552.93945 0.215505
21553.34961 0.215094
21553.75977 0.214683
21554.16992 0.214112
21554.58984 0.213321
21555.00000 0.212531
21555.41016 0.211741
21555.82031 0.210951
21556.23047 0.210311
21556.65039 0.209786
21557.06055 0.20926
21557.47070 0.208735
21557.88086 0.208209
21558.28906 0.207566
21558.71094 0.206875
21559.11914 0.206184
21559.52930 0.205494
21559.93945 0.204803
21560.35938 0.204098
21560.76953 0.203389
21561.17969 0.202682
21561.58984 0.201975
21562.00977 0.201267
21562.41992 0.20048
21562.83008 0.199691
21563.24023 0.198904
21563.65039 0.198115
21564.07031 0.197358
21564.48047 0.196762
21564.89062 0.196165
21565.30078 0.195569
21565.71094 0.194972
21566.13086 0.194296
21566.53906 0.193436
21566.94922 0.192581
21567.36914 0.191725
21567.77930 0.19087
21568.18945 0.19013
21568.59961 0.189526
21569.00977 0.188921
21569.42969 0.188317
21569.83984 0.187713
21570.25000 0.187116
21570.66016 0.186529
21571.08008 0.185942
21571.49023 0.185354
21571.90039 0.184767
21572.31055 0.184087
21572.73047 0.183374
21573.14062 0.182665
21573.55078 0.181955
21573.96094 0.181246
21574.36914 0.18059
21574.78906 0.179939
21575.19922 0.179285
21575.60938 0.178635
21576.02930 0.177968
21576.43945 0.177061
21576.84961 0.176153
21577.25977 0.175241
21577.67969 0.174333
21578.08984 0.173467
21578.50000 0.172752
21578.91016 0.172038
21579.33008 0.17132
21579.74023 0.170606
21580.15039 0.169776
21580.56055 0.168746
21580.98047 0.167711
21581.39062 0.166681
21581.80078 0.16565
21582.21094 0.164902
21582.63086 0.164414
21583.03906 0.163929
21583.44922 0.163444
21583.85938 0.162958
21584.27930 0.162196
21584.68945 0.161302
21585.09961 0.160408
21585.50977 0.159514
21585.92969 0.158616
21586.33984 0.157793
21586.75000 0.156985
21587.16992 0.156172
21587.58008 0.155364
21587.99023 0.154556
21588.40039 0.153797
21588.82031 0.153044
21589.23047 0.15229
21589.64062 0.151533
21590.05078 0.150801
21590.47070 0.150211
21590.88086 0.149618
21591.28906 0.149028
21591.71094 0.148438
21592.11914 0.147735
21592.52930 0.146764
21592.93945 0.145793
21593.35938 0.144817
21593.76953 0.143846
21594.17969 0.143057
21594.59961 0.142497
21595.00977 0.14194
21595.41992 0.14138
21595.83008 0.140823
21596.25000 0.140109
21596.66016 0.139287
21597.07031 0.138469
21597.48047 0.137651
21597.90039 0.136828
21598.31055 0.136119
21598.72070 0.135443
21599.14062 0.134769
21599.55078 0.134093
21599.96094 0.133419
21600.36914 0.132609
21600.78906 0.131781
21601.19922 0.130958
21601.61914 0.13013
21602.02930 0.129319
21602.43945 0.128684
21602.84961 0.128051
21603.26953 0.127416
21603.67969 0.126783
21604.08984 0.126149
21604.50977 0.125504
21604.91992 0.124862
21605.33008 0.124217
21605.74023 0.123575
21606.16016 0.122923
21606.57031 0.122264
21606.98047 0.121602
21607.40039 0.120943
21607.81055 0.120281
21608.22070 0.119662
21608.64062 0.119074
21609.05078 0.118488
21609.46094 0.1179
21609.88086 0.117315
21610.28906 0.116514
21610.69922 0.115626
21611.11914 0.114733
21611.52930 0.113841
21611.93945 0.112952
21612.35938 0.112463
21612.76953 0.112042
21613.17969 0.111619
21613.58984 0.111198
21614.00977 0.110766
21614.41992 0.109872
21614.83008 0.108975
21615.25000 0.108077
21615.66016 0.107184
21616.07031 0.106374
21616.49023 0.105968
21616.90039 0.10556
21617.31055 0.105151
21617.73047 0.104745
21618.14062 0.104198
21618.55078 0.103384
21618.97070 0.102567
21619.38086 0.101749
21619.78906 0.100936
21620.21094 0.100215
21620.61914 0.099595
21621.02930 0.098972
21621.44922 0.098349
21621.85938 0.097729
21622.26953 0.096991
21622.68945 0.096194
21623.09961 0.095401
21623.50977 0.094603
21623.92969 0.093806
21624.33984 0.093476
21624.75000 0.093244
21625.16992 0.093012
21625.58008 0.092781
21625.99023 0.092549
21626.41016 0.091954
21626.82031 0.091356
21627.23047 0.090756
21627.65039 0.090156
21628.06055 0.089566
21628.47070 0.089019
21628.89062 0.088472
21629.30078 0.087925
21629.71094 0.08738
21630.13086 0.086833
21630.53906 0.086283
21630.96094 0.085736
21631.36914 0.085186
21631.77930 0.084636
21632.19922 0.084064
21632.60938 0.08347
21633.01953 0.082874
21633.43945 0.082277
21633.84961 0.081681
21634.25977 0.08118
21634.67969 0.080729
21635.08984 0.080278
21635.50977 0.079827
21635.91992 0.079376
21636.33008 0.078822
21636.75000 0.078241
21637.16016 0.077659
21637.57031 0.077077
21637.99023 0.076495
21638.40039 0.0759
21638.81055 0.075301
21639.23047 0.074703
21639.64062 0.074104
21640.06055 0.07352
21640.47070 0.073027
21640.88086 0.072533
21641.30078 0.072038
21641.71094 0.071543
21642.13086 0.071179
21642.53906 0.071115
21642.94922 0.071051
21643.36914 0.070987
21643.77930 0.070923
21644.18945 0.070576
21644.60938 0.069905
21645.01953 0.069234
21645.43945 0.068563
21645.84961 0.067896
21646.25977 0.067414
21646.67969 0.067043
21647.08984 0.066671
21647.50000 0.0663
21647.91992 0.065929
21648.33008 0.065549
21648.75000 0.065167
21649.16016 0.064785
21649.57031 0.064402
21649.99023 0.064022
21650.40039 0.063629
21650.81055 0.063236
21651.23047 0.062842
21651.64062 0.062449
21652.06055 0.062034
21652.47070 0.061485
21652.88086 0.060936
21653.30078 0.060386
21653.71094 0.059837
21654.13086 0.059386
21654.53906 0.059156
21654.96094 0.058927
21655.36914 0.058698
21655.77930 0.058468
21656.19922 0.058189
21656.60938 0.057854
21657.02930 0.057518
21657.43945 0.057183
21657.84961 0.056848
21658.26953 0.056319
21658.67969 0.055684
21659.09961 0.055048
21659.50977 0.054413
21659.91992 0.053777
21660.33984 0.053377
21660.75000 0.05303
21661.16992 0.052683
21661.58008 0.052336
21661.99023 0.051989
21662.41016 0.05167
21662.82031 0.051351
21663.24023 0.051032
21663.65039 0.050713
21664.06055 0.050393
21664.48047 0.050066
21664.89062 0.049739
21665.31055 0.049412
21665.72070 0.049085
21666.13086 0.048747
21666.55078 0.048385
21666.96094 0.048023
21667.38086 0.04766
21667.78906 0.047298
21668.21094 0.047002
21668.61914 0.046773
21669.03906 0.046544
21669.44922 0.046315
21669.85938 0.046086
21670.27930 0.045741
21670.68945 0.045337
21671.10938 0.044932
21671.51953 0.044529
21671.93945 0.044126
21672.34961 0.043988
21672.75977 0.043899
21673.17969 0.04381
21673.58984 0.043721
21674.00977 0.043624
21674.41992 0.043131
21674.83984 0.042638
21675.25000 0.042145
21675.66016 0.041652
21676.08008 0.041219
21676.49023 0.041047
21676.91016 0.040875
21677.32031 0.040704
21677.74023 0.040532
21678.15039 0.040364
21678.56055 0.040202
21678.98047 0.04004
21679.39062 0.039878
21679.81055 0.039717
21680.22070 0.039463
21680.64062 0.03913
21681.05078 0.038795
21681.47070 0.038462
21681.88086 0.038129
21682.28906 0.037947
21682.71094 0.037825
21683.11914 0.037704
21683.53906 0.037583
21683.94922 0.037462
21684.36914 0.037369
21684.77930 0.037281
21685.19922 0.037192
21685.60938 0.037104
21686.02930 0.03699
21686.43945 0.03653
21686.85938 0.03607
21687.26953 0.03561
21687.68945 0.035147
21688.09961 0.034765
21688.50977 0.034627
21688.92969 0.034489
21689.33984 0.034351
21689.75977 0.034213
21690.16992 0.034014
21690.58984 0.033732
21691.00000 0.03345
21691.41992 0.033166
21691.83008 0.032884
21692.25000 0.032671
21692.66016 0.032506
21693.08008 0.032341
21693.49023 0.032176
21693.91016 0.03201
21694.32031 0.031609
21694.73047 0.03114
21695.15039 0.030668
21695.56055 0.030199
21695.98047 0.029729
21696.39062 0.029822
21696.81055 0.029945
21697.22070 0.030068
21697.64062 0.030192
21698.05078 0.030266
21698.47070 0.030006
21698.88086 0.029747
21699.30078 0.029487
21699.71094 0.029227
21700.13086 0.02895
21700.53906 0.02863
21700.96094 0.028312
21701.36914 0.027994
21701.78906 0.027675
21702.19922 0.02745
21702.61914 0.027324
21703.02930 0.027198
21703.44922 0.027072
21703.85938 0.026947
21704.27930 0.026858
21704.68945 0.026788
21705.10938 0.026718
21705.51953 0.026647
21705.93945 0.026577
21706.34961 0.02599
21706.76953 0.025311
21707.17969 0.024628
21707.59961 0.023949
21708.00977 0.023293
21708.42969 0.023539
21708.83984 0.023787
21709.25977 0.024034
21709.66992 0.024281
21710.08984 0.024482
21710.50000 0.02451
21710.91992 0.024537
21711.33008 0.024564
21711.75000 0.024591
21712.16016 0.024517
21712.58008 0.024284
21712.99023 0.024051
21713.41016 0.023818
21713.82031 0.023584
21714.24023 0.023383
21714.65039 0.023204
21715.07031 0.023025
21715.48047 0.022847
21715.90039 0.022668
21716.31055 0.022577
21716.73047 0.022513
21717.14062 0.022449
21717.56055 0.022385
21717.97070 0.022321
21718.39062 0.02222
21718.80078 0.022117
21719.22070 0.022013
21719.63086 0.02191
21720.05078 0.021795
21720.46094 0.021599
21720.88086 0.021402
21721.28906 0.021206
21721.71094 0.02101
21722.13086 0.020843
21722.53906 0.020745
21722.96094 0.020647
21723.36914 0.020549
21723.78906 0.02045
21724.19922 0.020234
21724.61914 0.019897
21725.02930 0.019557
21725.44922 0.019218
21725.85938 0.01888
21726.27930 0.018818
21726.69922 0.018892
21727.10938 0.018966
21727.52930 0.01904
21727.93945 0.019114
21728.35938 0.018936
21728.76953 0.018716
21729.18945 0.018496
21729.59961 0.018277
21730.01953 0.018061
21730.42969 0.01794
21730.84961 0.01782
21731.25977 0.017701
21731.67969 0.01758
21732.09961 0.017483
21732.50977 0.017464
21732.92969 0.017445
21733.33984 0.017426
21733.75977 0.017407
21734.16992 0.017404
21734.58984 0.017425
21735.00000 0.017445
21735.41992 0.017465
21735.83008 0.017485
21736.25000 0.017372
21736.66992 0.01717
21737.08008 0.016968
21737.50000 0.016766
21737.91016 0.016564
21738.33008 0.016406
21738.74023 0.016259
21739.16016 0.016112
21739.57031 0.015966
21739.99023 0.015819
21740.41016 0.015648
21740.82031 0.015475
21741.24023 0.015303
21741.65039 0.015132
21742.07031 0.01499
21742.48047 0.015006
21742.90039 0.015022
21743.32031 0.015038
21743.73047 0.015054
21744.15039 0.014986
21744.56055 0.014764
21744.98047 0.014541
21745.39062 0.014319
21745.81055 0.014097
21746.23047 0.014033
21746.64062 0.014103
21747.06055 0.014172
21747.47070 0.014241
21747.89062 0.01431
21748.30078 0.014188
21748.72070 0.013996
21749.14062 0.013805
21749.55078 0.013613
21749.97070 0.013421
21750.38086 0.013507
21750.80078 0.013616
21751.21094 0.013724
21751.63086 0.013833
21752.05078 0.013892
21752.46094 0.013559
21752.88086 0.013226
21753.28906 0.012893
21753.71094 0.01256
21754.13086 0.012338
21754.53906 0.012368
21754.96094 0.012398
21755.36914 0.012428
21755.78906 0.012458
21756.21094 0.012444
21756.61914 0.012386
21757.03906 0.012328
21757.44922 0.012269
21757.86914 0.012211
21758.28906 0.012191
21758.69922 0.012189
21759.11914 0.012187
21759.52930 0.012184
21759.94922 0.012182
21760.36914 0.012001
21760.77930 0.011795
21761.19922 0.011588
21761.60938 0.011382
21762.02930 0.011174
21762.44922 0.01094
21762.85938 0.010705
21763.27930 0.010471
21763.68945 0.010236
21764.10938 0.01006
21764.52930 0.010049
21764.93945 0.010037
21765.35938 0.010025
21765.77930 0.010014
21766.18945 0.010166
21766.60938 0.01051
21767.01953 0.010855
21767.43945 0.011199
21767.85938 0.011543
21768.26953 0.011441
21768.68945 0.0111
21769.09961 0.010759
21769.51953 0.010418
21769.93945 0.010077
21770.34961 0.009997
21770.76953 0.009965
21771.18945 0.009933
21771.59961 0.009902
21772.01953 0.009871
21772.42969 0.009858
21772.84961 0.009846
21773.26953 0.009834
21773.67969 0.009822
21774.09961 0.009815
21774.51953 0.009828
21774.92969 0.00984
21775.34961 0.009853
21775.75977 0.009865
21776.17969 0.009788
21776.59961 0.009593
21777.00977 0.009399
21777.42969 0.009203
21777.84961 0.009009
21778.25977 0.008881
21778.67969 0.008794
21779.08984 0.008706
21779.50977 0.008618
21779.92969 0.00853
21780.33984 0.008543
21780.75977 0.008577
21781.17969 0.008611
21781.58984 0.008645
21782.00977 0.008675
21782.42969 0.008547
21782.83984 0.00842
21783.25977 0.008293
21783.67969 0.008164
21784.08984 0.00801
21784.50977 0.007759
21784.91992 0.007509
21785.33984 0.007259
21785.75977 0.007007
21786.16992 0.007073
