threeML/data/optical_filters/HST/NICMOS2-F190N.ecsv
# %ECSV 0.9
# ---
# datatype:
# - {name: wavelength, unit: Angstrom, datatype: float32}
# - {name: response, datatype: float32}
# meta: !!omap
# - {band_name: F190N}
# - {group_name: NICMOS2}
wavelength response
[from data line 766]
18939.66016 0.233571
18939.83984 0.233968
18940.02930 0.234354
18940.21094 0.234682
18940.40039 0.23501
18940.58008 0.235334
18940.76953 0.235661
18940.96094 0.235989
18941.14062 0.236317
18941.33008 0.236644
18941.50977 0.236972
18941.69922 0.2373
18941.88086 0.237627
18942.07031 0.237952
18942.25000 0.23827
18942.43945 0.238588
18942.61914 0.238906
18942.81055 0.239225
18943.00000 0.239543
18943.17969 0.239861
18943.36914 0.240179
18943.55078 0.240498
18943.74023 0.240816
18943.91992 0.241134
18944.10938 0.241413
18944.28906 0.241664
18944.48047 0.241915
18944.66992 0.242166
18944.84961 0.242414
18945.03906 0.242665
18945.22070 0.242916
18945.41016 0.243167
18945.58984 0.243418
18945.77930 0.243669
18945.96094 0.24392
18946.15039 0.244066
18946.33008 0.244185
18946.51953 0.244304
18946.71094 0.244423
18946.89062 0.244542
18947.08008 0.244661
18947.25977 0.24478
18947.44922 0.244899
18947.63086 0.245018
18947.82031 0.245137
18948.00000 0.245258
18948.18945 0.245458
18948.38086 0.245658
18948.56055 0.245858
18948.75000 0.246058
18948.92969 0.246258
18949.11914 0.246458
18949.30078 0.246658
18949.49023 0.246858
18949.66992 0.247058
18949.85938 0.247258
18950.03906 0.247415
18950.23047 0.247438
18950.41992 0.247461
18950.59961 0.247483
18950.78906 0.247506
18950.97070 0.247529
18951.16016 0.247551
18951.33984 0.247574
18951.52930 0.247597
18951.71094 0.247619
18951.90039 0.247642
18952.08984 0.247702
18952.26953 0.247806
18952.46094 0.247909
18952.64062 0.248012
18952.83008 0.248116
18953.00977 0.248219
18953.19922 0.248323
18953.38086 0.248426
18953.57031 0.248529
18953.75977 0.248633
18953.93945 0.248736
18954.13086 0.248765
18954.31055 0.24876
18954.50000 0.248754
18954.67969 0.248749
18954.86914 0.248743
18955.05078 0.248738
18955.24023 0.248732
18955.42969 0.248726
18955.60938 0.248721
18955.80078 0.248715
18955.98047 0.24871
18956.16992 0.248738
18956.34961 0.24877
18956.53906 0.248801
18956.72070 0.248833
18956.91016 0.248865
18957.09961 0.248896
18957.27930 0.248928
18957.47070 0.24896
18957.65039 0.248992
18957.83984 0.249024
18958.02930 0.249049
18958.21094 0.249039
18958.40039 0.249028
18958.58008 0.249017
18958.76953 0.249006
18958.94922 0.248996
18959.14062 0.248985
18959.32031 0.248974
18959.50977 0.248964
18959.69922 0.248953
18959.88086 0.248942
18960.07031 0.248934
18960.25000 0.248932
18960.43945 0.24893
18960.61914 0.248927
18960.81055 0.248925
18960.99023 0.248922
18961.17969 0.24892
18961.36914 0.248917
18961.55078 0.248915
18961.74023 0.248913
18961.91992 0.24891
18962.10938 0.248894
18962.28906 0.248869
18962.48047 0.248843
18962.66992 0.248818
18962.84961 0.248793
18963.03906 0.248767
18963.22070 0.248742
18963.41016 0.248716
18963.58984 0.248691
18963.77930 0.248666
18963.96094 0.24864
18964.15039 0.248614
18964.33984 0.248587
18964.51953 0.24856
18964.71094 0.248533
18964.89062 0.248506
18965.08008 0.248479
18965.26953 0.248453
18965.44922 0.248426
18965.64062 0.248399
18965.82031 0.248372
18966.00977 0.248348
18966.18945 0.248381
18966.38086 0.248414
18966.56055 0.248447
18966.75000 0.24848
18966.93945 0.248513
18967.11914 0.248546
18967.31055 0.248579
18967.49023 0.248612
18967.67969 0.248646
18967.86914 0.248679
18968.05078 0.24868
18968.24023 0.248596
18968.41992 0.248512
18968.60938 0.248428
18968.78906 0.248345
18968.98047 0.248261
18969.16016 0.248177
18969.34961 0.248093
18969.53906 0.248009
18969.72070 0.247925
18969.91016 0.247841
18970.08984 0.247782
18970.27930 0.247749
18970.46094 0.247716
18970.65039 0.247682
18970.83984 0.247649
18971.01953 0.247615
18971.21094 0.247582
18971.39062 0.247549
18971.58008 0.247515
18971.76953 0.247482
18971.94922 0.247448
18972.14062 0.247457
18972.32031 0.247482
18972.50977 0.247506
18972.68945 0.247531
18972.88086 0.247555
18973.06055 0.24758
18973.25000 0.247604
18973.43945 0.247629
18973.61914 0.247654
18973.81055 0.247678
18973.99023 0.247703
18974.17969 0.247675
18974.36914 0.247646
18974.55078 0.247616
18974.74023 0.247587
18974.91992 0.247558
18975.10938 0.247528
18975.28906 0.247499
18975.48047 0.247469
18975.66992 0.24744
18975.84961 0.24741
18976.03906 0.247391
18976.22070 0.247412
18976.41016 0.247434
18976.59961 0.247455
18976.77930 0.247476
18976.97070 0.247497
18977.15039 0.247518
18977.33984 0.247539
18977.51953 0.247561
18977.71094 0.247582
18977.89062 0.247603
18978.08008 0.247556
18978.26953 0.247422
18978.44922 0.247289
18978.64062 0.247155
18978.82031 0.247022
18979.00977 0.246888
18979.19922 0.246755
18979.38086 0.24662
18979.57031 0.246486
18979.75000 0.246353
18979.93945 0.246219
18980.13086 0.246266
18980.31055 0.246399
18980.50000 0.246533
18980.67969 0.246669
18980.86914 0.246802
18981.05078 0.246936
18981.24023 0.24707
18981.42969 0.247204
18981.60938 0.247338
18981.80078 0.247473
18981.98047 0.247607
18982.16992 0.247576
18982.35938 0.24753
18982.53906 0.247485
18982.73047 0.247439
18982.91016 0.247393
18983.09961 0.247347
18983.28906 0.247301
18983.47070 0.247256
18983.66016 0.24721
18983.83984 0.247164
18984.02930 0.247132
18984.21094 0.247178
18984.40039 0.247223
18984.58984 0.247268
18984.76953 0.247313
18984.96094 0.247359
18985.14062 0.247404
18985.33008 0.24745
18985.51953 0.247495
18985.69922 0.247541
18985.89062 0.247586
18986.07031 0.247603
18986.25977 0.247576
18986.44922 0.247549
18986.63086 0.247522
18986.82031 0.247495
18987.00000 0.247468
18987.18945 0.247441
18987.38086 0.247414
18987.56055 0.247387
18987.75000 0.24736
18987.92969 0.247333
18988.11914 0.247326
18988.30078 0.247329
18988.49023 0.247333
18988.67969 0.247336
18988.85938 0.24734
18989.05078 0.247344
18989.23047 0.247347
18989.41992 0.247351
18989.60938 0.247354
18989.78906 0.247358
18989.98047 0.247362
18990.16016 0.247383
18990.34961 0.247407
18990.53906 0.247431
18990.72070 0.247454
18990.91016 0.247478
18991.08984 0.247502
18991.27930 0.247526
18991.46094 0.24755
18991.65039 0.247573
18991.83984 0.247597
18992.01953 0.247615
18992.21094 0.247588
18992.39062 0.247561
18992.58008 0.247534
18992.76953 0.247507
18992.94922 0.24748
18993.14062 0.247453
18993.32031 0.247426
18993.50977 0.247399
18993.69922 0.247372
18993.88086 0.247345
18994.07031 0.247418
18994.25000 0.247664
18994.43945 0.247909
18994.63086 0.248155
18994.81055 0.248403
18995.00000 0.248648
18995.17969 0.248894
18995.36914 0.249139
18995.55078 0.249385
18995.74023 0.249633
18995.92969 0.249878
18996.10938 0.249927
18996.30078 0.249851
18996.49023 0.249774
18996.66992 0.249698
18996.85938 0.249622
18997.03906 0.249546
18997.23047 0.24947
18997.41992 0.249393
18997.59961 0.249316
18997.78906 0.24924
18997.97070 0.249164
18998.16016 0.249178
18998.34961 0.249208
18998.52930 0.249237
18998.72070 0.249267
18998.90039 0.249296
18999.08984 0.249326
18999.27930 0.249355
18999.46094 0.249384
18999.65039 0.249414
18999.83008 0.249443
19000.01953 0.249473
19000.21094 0.249507
19000.39062 0.24954
19000.58008 0.249574
19000.75977 0.249607
19000.94922 0.24964
19001.13086 0.249673
19001.32031 0.249707
19001.50977 0.24974
19001.68945 0.249774
19001.88086 0.249807
19002.07031 0.249864
19002.25000 0.249963
19002.43945 0.250062
19002.61914 0.250161
19002.81055 0.250261
19003.00000 0.250359
19003.17969 0.250458
19003.36914 0.250558
19003.55078 0.250657
19003.74023 0.250756
19003.92969 0.250855
19004.10938 0.250857
19004.30078 0.250796
19004.48047 0.250736
19004.66992 0.250675
19004.85938 0.250614
19005.03906 0.250553
19005.23047 0.250492
19005.41016 0.250431
19005.59961 0.25037
19005.78906 0.25031
19005.97070 0.250249
19006.16016 0.250254
19006.34961 0.250271
19006.52930 0.250287
19006.72070 0.250304
19006.90039 0.250321
19007.08984 0.250337
19007.27930 0.250354
19007.46094 0.250371
19007.65039 0.250387
19007.83008 0.250404
19008.01953 0.250416
19008.21094 0.250384
19008.39062 0.250353
19008.58008 0.250322
19008.75977 0.250291
19008.94922 0.25026
19009.14062 0.250229
19009.32031 0.250198
19009.50977 0.250167
19009.69922 0.250136
19009.88086 0.250104
19010.07031 0.250069
19010.25000 0.250028
19010.43945 0.249988
19010.61914 0.249946
19010.81055 0.249905
19011.00000 0.249864
19011.17969 0.249823
19011.36914 0.249782
19011.56055 0.249741
19011.74023 0.2497
19011.92969 0.249658
19012.11914 0.249641
19012.30078 0.249637
19012.49023 0.249634
19012.66992 0.24963
19012.85938 0.249627
19013.03906 0.249623
19013.23047 0.24962
19013.41992 0.249616
19013.59961 0.249613
19013.78906 0.249609
19013.98047 0.249606
19014.16016 0.249541
19014.34961 0.249467
19014.53906 0.249393
19014.72070 0.249319
19014.91016 0.249245
19015.08984 0.249172
19015.27930 0.249098
19015.46094 0.249024
19015.65039 0.24895
19015.83984 0.248876
19016.01953 0.248813
19016.21094 0.248824
19016.40039 0.248834
19016.58008 0.248844
19016.76953 0.248854
19016.96094 0.248864
19017.14062 0.248874
19017.33008 0.248884
19017.50977 0.248894
19017.69922 0.248904
19017.89062 0.248915
19018.07031 0.248872
19018.25977 0.248747
19018.44922 0.24862
19018.63086 0.248495
19018.82031 0.24837
19019.00000 0.248244
19019.18945 0.248118
19019.36914 0.247993
19019.56055 0.247867
19019.75000 0.247742
19019.92969 0.247617
19020.11914 0.247609
19020.31055 0.247665
19020.49023 0.247723
19020.67969 0.247779
19020.86914 0.247836
19021.05078 0.247893
19021.24023 0.24795
19021.41992 0.248006
19021.60938 0.248064
19021.80078 0.24812
19021.98047 0.248177
19022.16992 0.248154
19022.35938 0.248123
19022.53906 0.248092
19022.73047 0.248061
19022.91016 0.24803
19023.09961 0.248
19023.28906 0.247969
19023.47070 0.247938
19023.66016 0.247907
19023.84961 0.247876
19024.02930 0.247851
19024.22070 0.247851
19024.40039 0.247852
19024.58984 0.247853
19024.77930 0.247854
19024.96094 0.247855
19025.15039 0.247856
19025.33984 0.247857
19025.51953 0.247858
19025.71094 0.247859
19025.89062 0.24786
19026.08008 0.247846
19026.26953 0.247812
19026.44922 0.247779
19026.64062 0.247746
19026.83008 0.247712
19027.00977 0.247679
19027.19922 0.247645
19027.38086 0.247612
19027.57031 0.247579
19027.75977 0.247545
19027.93945 0.247512
19028.13086 0.247457
19028.32031 0.247393
19028.50000 0.247329
19028.68945 0.247264
19028.86914 0.2472
19029.06055 0.247136
19029.25000 0.247072
19029.42969 0.247008
19029.61914 0.246943
19029.81055 0.246879
19029.99023 0.246815
19030.17969 0.24682
19030.36914 0.246827
19030.55078 0.246834
19030.74023 0.246841
19030.91992 0.246848
19031.10938 0.246855
19031.30078 0.246862
19031.48047 0.246869
19031.66992 0.246876
19031.85938 0.246883
19032.03906 0.246874
19032.23047 0.246812
19032.41992 0.24675
19032.59961 0.246688
19032.78906 0.246626
19032.97070 0.246563
19033.16016 0.246501
19033.34961 0.246438
19033.52930 0.246376
19033.72070 0.246313
19033.91016 0.246251
19034.08984 0.246229
19034.27930 0.246249
19034.46094 0.246269
19034.65039 0.246289
19034.83984 0.246309
19035.01953 0.246328
19035.21094 0.246348
19035.40039 0.246368
19035.58008 0.246388
19035.76953 0.246408
19035.96094 0.246428
19036.14062 0.246337
19036.33008 0.246214
19036.51953 0.246088
19036.69922 0.245965
19036.89062 0.24584
19037.07031 0.245716
19037.25977 0.245591
19037.44922 0.245468
19037.63086 0.245344
19037.82031 0.245219
19038.00977 0.245095
19038.18945 0.244968
19038.38086 0.244842
19038.57031 0.244716
19038.75000 0.24459
19038.93945 0.244464
19039.11914 0.244337
19039.31055 0.244211
19039.50000 0.244085
19039.67969 0.243959
19039.86914 0.243832
19040.06055 0.243753
19040.24023 0.243782
19040.42969 0.24381
19040.61914 0.243838
19040.80078 0.243867
19040.99023 0.243895
19041.17969 0.243924
19041.35938 0.243952
19041.55078 0.243981
19041.73047 0.24401
19041.91992 0.244038
19042.10938 0.24394
19042.28906 0.243748
19042.48047 0.243557
19042.66992 0.243367
19042.84961 0.243174
19043.03906 0.242984
19043.23047 0.242791
19043.41016 0.242601
19043.59961 0.242408
19043.78906 0.242218
19043.97070 0.242025
19044.16016 0.242002
19044.34961 0.242009
19044.52930 0.242015
19044.72070 0.242021
19044.90039 0.242027
19045.08984 0.242033
19045.27930 0.242039
19045.46094 0.242046
19045.65039 0.242052
19045.83984 0.242058
19046.01953 0.242053
19046.21094 0.241966
19046.40039 0.241879
19046.58008 0.241792
19046.76953 0.241705
19046.96094 0.241619
19047.14062 0.241532
19047.33008 0.241445
19047.51953 0.241358
19047.69922 0.241271
19047.89062 0.241184
19048.07031 0.241072
19048.25977 0.240919
19048.44922 0.240768
19048.63086 0.240615
19048.82031 0.240464
19049.00977 0.240311
19049.18945 0.24016
19049.38086 0.240007
19049.57031 0.239856
19049.75000 0.239703
19049.93945 0.239552
19050.13086 0.239382
19050.31055 0.239201
19050.50000 0.239022
19050.68945 0.238841
19050.86914 0.238662
19051.06055 0.238481
19051.24023 0.238301
19051.42969 0.23812
19051.61914 0.237941
19051.80078 0.23776
19051.99023 0.237581
19052.17969 0.237456
19052.36914 0.237333
19052.55078 0.237212
19052.74023 0.237089
19052.91992 0.236968
19053.10938 0.236845
19053.30078 0.236724
19053.48047 0.236601
19053.66992 0.23648
19053.85938 0.236357
19054.03906 0.236221
19054.23047 0.236034
19054.41992 0.235849
19054.59961 0.235662
19054.78906 0.235477
19054.98047 0.23529
19055.16016 0.235105
19055.34961 0.234919
19055.53906 0.234734
19055.72070 0.234547
19055.91016 0.234362
19056.09961 0.234223
19056.27930 0.23413
19056.47070 0.234037
19056.65039 0.233945
19056.83984 0.233852
19057.02930 0.23376
19057.21094 0.233666
19057.40039 0.233573
19057.58984 0.233481
19057.77930 0.233388
19057.96094 0.233295
19058.15039 0.233007
19058.33008 0.232671
19058.51953 0.232331
19058.71094 0.231995
19058.89062 0.231656
19059.08008 0.23132
19059.26953 0.23098
19059.44922 0.230644
19059.64062 0.230304
19059.83008 0.229965
19060.00977 0.229634
19060.19922 0.229367
19060.39062 0.229102
19060.57031 0.228834
19060.75977 0.22857
19060.94922 0.228302
19061.13086 0.228038
19061.32031 0.22777
19061.50977 0.227505
19061.68945 0.227238
19061.88086 0.22697
19062.07031 0.226636
19062.25000 0.226173
19062.43945 0.225715
19062.63086 0.225252
19062.81055 0.224794
19063.00000 0.224331
19063.18945 0.223873
19063.36914 0.22341
19063.56055 0.222947
19063.75000 0.222489
19063.92969 0.222026
19064.11914 0.221635
19064.31055 0.221277
19064.49023 0.220923
19064.67969 0.220565
19064.86914 0.220207
19065.05078 0.219853
19065.24023 0.219495
19065.42969 0.219141
19065.60938 0.218783
19065.80078 0.218429
19065.99023 0.218071
19066.16992 0.217697
19066.35938 0.217326
19066.55078 0.216951
19066.73047 0.21658
19066.91992 0.216204
19067.10938 0.215833
19067.28906 0.215458
19067.48047 0.215083
19067.66992 0.214712
19067.84961 0.214337
19068.03906 0.213947
19068.23047 0.213486
19068.41016 0.213025
19068.59961 0.212568
19068.78906 0.212106
19068.97070 0.21165
19069.16016 0.211188
19069.34961 0.210732
19069.52930 0.21027
19069.72070 0.209809
19069.91016 0.209352
19070.08984 0.208871
19070.27930 0.208376
19070.47070 0.207876
19070.65039 0.207376
19070.83984 0.206881
19071.02930 0.20638
19071.21094 0.205885
19071.40039 0.205385
19071.58984 0.204885
19071.76953 0.20439
19071.96094 0.203889
19072.15039 0.203412
19072.33008 0.202934
19072.51953 0.202456
19072.71094 0.201983
19072.89062 0.201505
19073.08008 0.201027
19073.26953 0.200554
19073.46094 0.200076
19073.64062 0.199604
19073.83008 0.199126
19074.01953 0.198638
19074.19922 0.198055
19074.39062 0.197465
19074.57031 0.196881
19074.75977 0.196291
19074.94922 0.195702
19075.13086 0.195118
19075.32031 0.194528
19075.50977 0.193938
19075.69922 0.193354
19075.88086 0.192764
19076.07031 0.192154
19076.25977 0.191491
19076.43945 0.190828
19076.63086 0.190171
19076.82031 0.189508
19077.00000 0.188845
19077.18945 0.188189
19077.38086 0.187526
19077.56055 0.18687
19077.75000 0.186207
19077.93945 0.185544
19078.11914 0.184863
19078.31055 0.184163
19078.50000 0.183464
19078.67969 0.182771
19078.86914 0.182071
19079.06055 0.181371
19079.24023 0.180679
19079.42969 0.179979
19079.61914 0.179286
19079.80078 0.178586
19079.99023 0.177886
19080.17969 0.177134
19080.36914 0.176371
19080.55078 0.175608
19080.74023 0.174853
19080.92969 0.17409
19081.10938 0.173327
19081.30078 0.172572
19081.49023 0.171809
19081.66992 0.171046
19081.85938 0.170291
