threeML/data/optical_filters/HST/NICMOS2-POL0L.ecsv
# %ECSV 0.9
# ---
# datatype:
# - {name: wavelength, unit: Angstrom, datatype: float32}
# - {name: response, datatype: float32}
# meta: !!omap
# - {band_name: POL0L}
# - {group_name: NICMOS2}
wavelength response
[from data line 5360]
20412.91992 0.135506
20413.32031 0.135509
20413.73047 0.135513
20414.14062 0.135516
20414.55078 0.13552
20414.96094 0.135524
20415.36914 0.13553
20415.77930 0.135536
20416.18945 0.135542
20416.59961 0.135549
20417.00977 0.135555
20417.41992 0.135562
20417.82031 0.135568
20418.23047 0.135574
20418.64062 0.13558
20419.05078 0.135587
20419.46094 0.135593
20419.86914 0.135599
20420.27930 0.135611
20420.68945 0.135625
20421.09961 0.135639
20421.50977 0.135653
20421.91992 0.135666
20422.33008 0.13568
20422.74023 0.135694
20423.14062 0.135708
20423.55078 0.135722
20423.96094 0.135736
20424.36914 0.135749
20424.77930 0.135764
20425.18945 0.135774
20425.59961 0.135781
20426.00977 0.135788
20426.41992 0.135795
20426.83008 0.135802
20427.24023 0.135809
20427.65039 0.135816
20428.06055 0.135823
20428.47070 0.13583
20428.88086 0.135837
20429.28906 0.135844
20429.69922 0.135851
20430.10938 0.135857
20430.50977 0.135862
20430.91992 0.135867
20431.33008 0.135872
20431.74023 0.135877
20432.15039 0.135881
20432.56055 0.135886
20432.97070 0.135891
20433.38086 0.135896
20433.78906 0.135901
20434.19922 0.135905
20434.60938 0.13591
20435.01953 0.135915
20435.42969 0.135925
20435.83984 0.135935
20436.25000 0.135945
20436.66016 0.135956
20437.07031 0.135966
20437.48047 0.135976
20437.88086 0.135986
20438.28906 0.135996
20438.71094 0.136006
20439.11914 0.136016
20439.51953 0.136026
20439.92969 0.136037
20440.33984 0.136042
20440.75000 0.136046
20441.16016 0.13605
20441.57031 0.136054
20441.98047 0.136058
20442.39062 0.136063
20442.80078 0.136067
20443.21094 0.136071
20443.61914 0.136075
20444.02930 0.136079
20444.43945 0.136083
20444.84961 0.136087
20445.25977 0.136094
20445.66992 0.136102
20446.08008 0.13611
20446.49023 0.136118
20446.90039 0.136125
20447.31055 0.136133
20447.72070 0.136141
20448.13086 0.136149
20448.53906 0.136157
20448.94922 0.136165
20449.35938 0.136173
20449.76953 0.136181
20450.17969 0.136188
20450.58984 0.136196
20451.00000 0.136204
20451.41016 0.136212
20451.82031 0.13622
20452.23047 0.136228
20452.64062 0.136236
20453.05078 0.136244
20453.46094 0.136252
20453.86914 0.13626
20454.27930 0.136268
20454.68945 0.136275
20455.09961 0.136283
20455.50977 0.136288
20455.91992 0.136293
20456.33008 0.136298
20456.74023 0.136302
20457.15039 0.136307
20457.56055 0.136313
20457.96094 0.136317
20458.38086 0.136322
20458.78906 0.136327
20459.19922 0.136332
20459.60938 0.136337
20460.01953 0.136342
20460.42969 0.136348
20460.83984 0.136354
20461.25000 0.136359
20461.66016 0.136365
20462.07031 0.136371
20462.48047 0.136377
20462.89062 0.136382
20463.30078 0.136388
20463.71094 0.136394
20464.11914 0.1364
20464.52930 0.136405
20464.93945 0.136411
20465.34961 0.136418
20465.75977 0.136426
20466.16992 0.136434
20466.58008 0.136441
20466.99023 0.136449
20467.40039 0.136457
20467.81055 0.136464
20468.22070 0.136472
20468.63086 0.13648
20469.03906 0.136488
20469.44922 0.136495
20469.85938 0.136503
20470.26953 0.136517
20470.67969 0.136535
20471.08984 0.136553
20471.50000 0.136571
20471.91016 0.136589
20472.32031 0.136607
20472.73047 0.136625
20473.14062 0.136644
20473.55078 0.136662
20473.96094 0.13668
20474.36914 0.136698
20474.77930 0.136716
20475.18945 0.13673
20475.59961 0.136739
20476.00977 0.136749
20476.41992 0.136758
20476.83008 0.136767
20477.24023 0.136777
20477.66016 0.136787
20478.07031 0.136796
20478.48047 0.136805
20478.89062 0.136815
20479.30078 0.136824
20479.71094 0.136834
20480.11914 0.136843
20480.52930 0.136851
20480.93945 0.136859
20481.34961 0.136867
20481.75977 0.136875
20482.16992 0.136883
20482.58008 0.136891
20482.99023 0.136899
20483.40039 0.136907
20483.81055 0.136915
20484.22070 0.136923
20484.63086 0.136931
20485.03906 0.136939
20485.46094 0.136943
20485.86914 0.136947
20486.27930 0.136951
20486.68945 0.136956
20487.09961 0.13696
20487.50977 0.136964
20487.91992 0.136968
20488.33008 0.136972
20488.74023 0.136977
20489.15039 0.136981
20489.56055 0.136985
20489.97070 0.136989
20490.38086 0.136999
20490.78906 0.13701
20491.19922 0.137021
20491.60938 0.137031
20492.02930 0.137042
20492.43945 0.137053
20492.84961 0.137063
20493.25977 0.137074
20493.66992 0.137085
20494.08008 0.137095
20494.49023 0.137106
20494.90039 0.137117
20495.31055 0.137122
20495.72070 0.137126
20496.13086 0.13713
20496.53906 0.137133
20496.94922 0.137137
20497.35938 0.137141
20497.77930 0.137145
20498.18945 0.137149
20498.59961 0.137153
20499.00977 0.137156
20499.41992 0.13716
20499.83008 0.137164
20500.24023 0.137178
20500.65039 0.1372
20501.06055 0.137222
20501.47070 0.137244
20501.88086 0.137266
20502.28906 0.137288
20502.71094 0.13731
20503.11914 0.137332
20503.52930 0.137354
20503.93945 0.137376
20504.34961 0.137398
20504.75977 0.13742
20505.16992 0.137435
20505.58008 0.137439
20505.99023 0.137443
20506.40039 0.137447
20506.81055 0.137452
20507.22070 0.137456
20507.64062 0.13746
20508.05078 0.137464
20508.46094 0.137468
20508.86914 0.137472
20509.27930 0.137476
20509.68945 0.137481
20510.09961 0.137487
20510.50977 0.137498
20510.91992 0.137509
20511.33984 0.137521
20511.75000 0.137532
20512.16016 0.137544
20512.57031 0.137555
20512.98047 0.137567
20513.39062 0.137578
20513.80078 0.13759
20514.21094 0.137601
20514.63086 0.137613
20515.03906 0.137625
20515.44922 0.137641
20515.85938 0.137657
20516.26953 0.137673
20516.67969 0.137689
20517.08984 0.137706
20517.50000 0.137722
20517.91016 0.137738
20518.33008 0.137755
20518.74023 0.137771
20519.15039 0.137787
20519.56055 0.137803
20519.97070 0.13782
20520.38086 0.137824
20520.78906 0.137827
20521.19922 0.137831
20521.61914 0.137834
20522.02930 0.137838
20522.43945 0.137841
20522.84961 0.137844
20523.25977 0.137848
20523.66992 0.137851
20524.08008 0.137854
20524.49023 0.137858
20524.91016 0.137861
20525.32031 0.137875
20525.73047 0.137892
20526.14062 0.137909
20526.55078 0.137926
20526.96094 0.137942
20527.36914 0.137959
20527.78906 0.137976
20528.19922 0.137993
20528.60938 0.13801
20529.01953 0.138027
20529.42969 0.138044
20529.83984 0.138061
20530.25000 0.138073
20530.66992 0.138084
20531.08008 0.138094
20531.49023 0.138105
20531.90039 0.138115
20532.31055 0.138125
20532.72070 0.138136
20533.13086 0.138146
20533.53906 0.138156
20533.96094 0.138167
20534.36914 0.138177
20534.77930 0.138188
20535.18945 0.138197
20535.59961 0.138205
20536.01953 0.138214
20536.42969 0.138222
20536.83984 0.138231
20537.25000 0.138239
20537.66016 0.138247
20538.07031 0.138256
20538.48047 0.138264
20538.90039 0.138272
20539.31055 0.138281
20539.72070 0.138289
20540.13086 0.138301
20540.53906 0.138319
20540.96094 0.138338
20541.36914 0.138356
20541.77930 0.138374
20542.18945 0.138393
20542.59961 0.138411
20543.00977 0.13843
20543.41992 0.138448
20543.83984 0.138466
20544.25000 0.138485
20544.66016 0.138503
20545.07031 0.138522
20545.48047 0.138545
20545.89062 0.138567
20546.31055 0.138589
20546.72070 0.138612
20547.13086 0.138634
20547.53906 0.138657
20547.94922 0.138679
20548.36914 0.138701
20548.77930 0.138724
20549.18945 0.138746
20549.59961 0.138768
20550.00977 0.13879
20550.42969 0.138795
20550.83984 0.138799
20551.25000 0.138803
20551.66016 0.138808
20552.07031 0.138812
20552.48047 0.138816
20552.90039 0.138821
20553.31055 0.138825
20553.72070 0.138829
20554.13086 0.138834
20554.53906 0.138838
20554.96094 0.138842
20555.36914 0.138871
20555.77930 0.138902
20556.18945 0.138934
20556.59961 0.138965
20557.01953 0.138997
20557.42969 0.139028
20557.83984 0.13906
20558.25000 0.139091
20558.66016 0.139122
20559.08008 0.139154
20559.49023 0.139185
20559.90039 0.139217
20560.31055 0.139234
20560.72070 0.139246
20561.14062 0.139259
20561.55078 0.139271
20561.96094 0.139283
20562.36914 0.139295
20562.78906 0.139308
20563.19922 0.13932
20563.60938 0.139332
20564.01953 0.139345
20564.42969 0.139357
20564.84961 0.13937
20565.25977 0.13939
20565.66992 0.139415
20566.08008 0.139441
20566.49023 0.139466
20566.91016 0.139492
20567.32031 0.139517
20567.73047 0.139543
20568.14062 0.139568
20568.55078 0.139593
20568.97070 0.139619
20569.38086 0.139644
20569.78906 0.13967
20570.19922 0.139687
20570.61914 0.139698
20571.02930 0.139708
20571.43945 0.139718
20571.84961 0.139728
20572.26953 0.139738
20572.67969 0.139748
20573.08984 0.139758
20573.50000 0.139768
20573.91016 0.139779
20574.33008 0.139789
20574.74023 0.139799
20575.15039 0.139813
20575.56055 0.139833
20575.98047 0.139853
20576.39062 0.139873
20576.80078 0.139893
20577.21094 0.139913
20577.61914 0.139933
20578.03906 0.139954
20578.44922 0.139974
20578.85938 0.139994
20579.27930 0.140014
20579.68945 0.140034
20580.09961 0.140056
20580.50977 0.140083
20580.92969 0.14011
20581.33984 0.140137
20581.75000 0.140164
20582.16016 0.140191
20582.57031 0.140218
20582.99023 0.140246
20583.40039 0.140273
20583.81055 0.1403
20584.22070 0.140327
20584.64062 0.140354
20585.05078 0.14038
20585.46094 0.1404
20585.88086 0.140421
20586.28906 0.140441
20586.69922 0.140461
20587.10938 0.140481
20587.52930 0.140502
20587.93945 0.140522
20588.34961 0.140542
20588.75977 0.140562
20589.17969 0.140582
20589.58984 0.140603
20590.00000 0.140623
20590.41016 0.140646
20590.83008 0.140669
20591.24023 0.140692
20591.65039 0.140715
20592.06055 0.140737
20592.48047 0.14076
20592.89062 0.140783
20593.30078 0.140806
20593.71094 0.140829
20594.13086 0.140852
20594.53906 0.140875
20594.94922 0.140898
20595.36914 0.140919
20595.77930 0.14094
20596.18945 0.140961
20596.60938 0.140983
20597.01953 0.141004
20597.42969 0.141025
20597.83984 0.141046
20598.25977 0.141068
20598.66992 0.141089
20599.08008 0.14111
20599.49023 0.141131
20599.91016 0.141153
20600.32031 0.141177
20600.73047 0.141203
20601.15039 0.141228
20601.56055 0.141254
20601.97070 0.141279
20602.38086 0.141305
20602.80078 0.14133
20603.21094 0.141356
20603.61914 0.141381
20604.03906 0.141407
20604.44922 0.141432
20604.85938 0.141458
20605.27930 0.14149
20605.68945 0.141526
20606.09961 0.141562
20606.50977 0.141598
20606.92969 0.141634
20607.33984 0.14167
20607.75000 0.141705
20608.16992 0.141741
20608.58008 0.141777
20608.99023 0.141813
20609.40039 0.141849
20609.82031 0.141885
20610.23047 0.14191
20610.64062 0.141927
20611.06055 0.141945
20611.47070 0.141962
20611.88086 0.141979
20612.30078 0.141996
20612.71094 0.142013
20613.11914 0.14203
20613.53906 0.142047
20613.94922 0.142065
20614.35938 0.142082
20614.77930 0.142099
20615.18945 0.142124
20615.59961 0.142159
20616.00977 0.142194
20616.42969 0.142229
20616.83984 0.142264
20617.25000 0.142299
20617.66992 0.142334
20618.08008 0.142369
20618.49023 0.142403
20618.91016 0.142438
20619.32031 0.142473
20619.73047 0.142508
20620.15039 0.142542
20620.56055 0.142572
20620.97070 0.142602
20621.39062 0.142633
20621.80078 0.142663
20622.21094 0.142694
20622.63086 0.142724
20623.03906 0.142754
20623.44922 0.142785
20623.86914 0.142815
20624.27930 0.142846
20624.68945 0.142876
20625.10938 0.142905
20625.51953 0.142928
20625.92969 0.142951
20626.34961 0.142974
20626.75977 0.142997
20627.16992 0.14302
20627.58984 0.143043
20628.00000 0.143066
20628.41016 0.143089
20628.83008 0.143112
20629.24023 0.143135
20629.65039 0.143158
20630.07031 0.143182
20630.48047 0.143216
20630.89062 0.143249
20631.31055 0.143282
20631.72070 0.143314
20632.13086 0.143347
20632.55078 0.14338
20632.96094 0.143413
20633.38086 0.143446
20633.78906 0.143479
20634.19922 0.143512
20634.61914 0.143545
20635.02930 0.143578
20635.43945 0.143603
20635.85938 0.143628
20636.26953 0.143653
20636.67969 0.143679
20637.09961 0.143704
20637.50977 0.143729
20637.91992 0.143755
20638.33984 0.14378
20638.75000 0.143805
20639.16992 0.143831
20639.58008 0.143856
20639.99023 0.143881
20640.41016 0.143921
20640.82031 0.143962
20641.23047 0.144002
20641.65039 0.144043
20642.06055 0.144083
20642.47070 0.144124
20642.89062 0.144164
20643.30078 0.144205
20643.71094 0.144245
20644.13086 0.144286
20644.53906 0.144326
20644.96094 0.144367
20645.36914 0.144398
20645.78906 0.144427
20646.19922 0.144456
20646.60938 0.144486
20647.02930 0.144515
20647.43945 0.144545
20647.84961 0.144574
20648.26953 0.144604
20648.67969 0.144633
20649.09961 0.144663
20649.50977 0.144692
20649.91992 0.144722
20650.33984 0.144752
20650.75000 0.144783
20651.16016 0.144814
20651.58008 0.144844
20651.99023 0.144875
20652.41016 0.144906
20652.82031 0.144937
20653.23047 0.144968
20653.65039 0.144999
20654.06055 0.145029
20654.47070 0.14506
20654.89062 0.145091
20655.30078 0.145119
20655.72070 0.145145
20656.13086 0.145172
20656.53906 0.145199
20656.96094 0.145225
20657.36914 0.145252
20657.78906 0.145279
20658.19922 0.145305
20658.61914 0.145332
20659.02930 0.145359
20659.43945 0.145385
20659.85938 0.145412
20660.26953 0.145449
20660.68945 0.14549
20661.09961 0.145532
20661.50977 0.145574
20661.92969 0.145616
20662.33984 0.145658
20662.75977 0.1457
20663.16992 0.145742
20663.58008 0.145784
20664.00000 0.145826
20664.41016 0.145868
20664.83008 0.14591
20665.24023 0.145948
20665.65039 0.145983
20666.07031 0.146019
20666.48047 0.146054
20666.90039 0.14609
20667.31055 0.146125
20667.73047 0.146161
20668.14062 0.146196
20668.55078 0.146231
20668.97070 0.146267
20669.38086 0.146302
20669.80078 0.146338
20670.21094 0.146368
20670.63086 0.146394
20671.03906 0.14642
20671.44922 0.146446
20671.86914 0.146472
20672.27930 0.146497
20672.69922 0.146523
20673.10938 0.146549
20673.52930 0.146575
20673.93945 0.146601
20674.34961 0.146627
20674.76953 0.146652
20675.17969 0.146682
20675.59961 0.146718
20676.00977 0.146753
20676.42969 0.146788
20676.83984 0.146823
20677.25000 0.146858
20677.66992 0.146893
20678.08008 0.146928
20678.50000 0.146963
20678.91016 0.146998
20679.33008 0.147033
20679.74023 0.147069
20680.16016 0.147102
20680.57031 0.147134
20680.98047 0.147165
20681.40039 0.147196
20681.81055 0.147228
20682.23047 0.147259
20682.64062 0.14729
20683.06055 0.147321
20683.47070 0.147353
20683.89062 0.147384
20684.30078 0.147416
20684.71094 0.147447
20685.13086 0.147481
20685.53906 0.147523
20685.96094 0.147565
20686.36914 0.147606
20686.78906 0.147648
20687.19922 0.14769
20687.61914 0.147731
20688.02930 0.147773
20688.44922 0.147815
20688.85938 0.147857
20689.27930 0.147898
20689.68945 0.14794
20690.10938 0.147977
20690.51953 0.148003
20690.92969 0.148028
20691.34961 0.148053
20691.75977 0.148078
20692.17969 0.148103
20692.58984 0.148128
20693.00977 0.148154
20693.41992 0.148179
20693.83984 0.148204
20694.25000 0.148229
20694.66992 0.148254
20695.08008 0.148282
20695.50000 0.148322
20695.91016 0.148362
20696.33008 0.148401
20696.74023 0.148441
20697.16016 0.148481
20697.57031 0.14852
20697.98047 0.14856
20698.40039 0.1486
20698.81055 0.148639
20699.23047 0.148679
20699.64062 0.148719
20700.06055 0.148755
20700.47070 0.148771
20700.89062 0.148787
20701.30078 0.148803
20701.72070 0.148819
20702.13086 0.148835
20702.55078 0.148851
20702.96094 0.148868
20703.38086 0.148884
20703.78906 0.1489
20704.21094 0.148916
20704.61914 0.148932
20705.03906 0.14895
20705.44922 0.148989
20705.86914 0.149028
20706.27930 0.149067
20706.69922 0.149106
20707.10938 0.149145
20707.52930 0.149184
20707.93945 0.149223
20708.35938 0.149262
20708.76953 0.149301
20709.18945 0.14934
20709.59961 0.149379
20710.01953 0.149417
20710.42969 0.149436
20710.84961 0.149455
20711.25977 0.149474
20711.67969 0.149493
20712.08984 0.149512
20712.50977 0.149531
20712.91992 0.14955
20713.33984 0.149569
20713.75000 0.149588
20714.16992 0.149607
20714.58008 0.149626
20715.00000 0.149645
20715.41016 0.149667
20715.83008 0.149689
20716.24023 0.14971
20716.66016 0.149732
20717.08008 0.149754
20717.49023 0.149775
20717.91016 0.149797
20718.32031 0.149819
20718.74023 0.14984
20719.15039 0.149862
20719.57031 0.149884
20719.98047 0.149905
20720.40039 0.149919
20720.81055 0.149932
20721.23047 0.149945
20721.64062 0.149958
20722.06055 0.149972
20722.47070 0.149985
20722.89062 0.149998
20723.30078 0.150011
20723.72070 0.150024
20724.13086 0.150038
20724.55078 0.150051
20724.96094 0.150064
20725.38086 0.150088
20725.80078 0.150114
20726.21094 0.150139
20726.63086 0.150165
20727.03906 0.15019
20727.46094 0.150216
