threeML/data/optical_filters/HST/NICMOS2-F180M.ecsv
# %ECSV 0.9
# ---
# datatype:
# - {name: wavelength, unit: Angstrom, datatype: float32}
# - {name: response, datatype: float32}
# meta: !!omap
# - {band_name: F180M}
# - {group_name: NICMOS2}
wavelength response
[from data line 1533]
17307.60938 0.004048
17307.80078 0.004041
17307.99023 0.004035
17308.17969 0.00401
17308.38086 0.003984
17308.57031 0.003958
17308.75977 0.003932
17308.96094 0.003906
17309.15039 0.00388
17309.33984 0.003854
17309.52930 0.003828
17309.73047 0.003802
17309.91992 0.003776
17310.10938 0.003779
17310.30078 0.003804
17310.50000 0.003828
17310.68945 0.003851
17310.88086 0.003875
17311.08008 0.0039
17311.26953 0.003923
17311.46094 0.003947
17311.65039 0.003971
17311.84961 0.003995
17312.03906 0.004018
17312.23047 0.004033
17312.42969 0.004048
17312.61914 0.004063
17312.81055 0.004078
17313.00000 0.004093
17313.19922 0.004108
17313.39062 0.004123
17313.58008 0.004138
17313.77930 0.004153
17313.97070 0.004168
17314.16016 0.00418
17314.34961 0.00419
17314.53906 0.0042
17314.74023 0.004211
17314.92969 0.004221
17315.13086 0.004231
17315.32031 0.004242
17315.50977 0.004252
17315.69922 0.004263
17315.89062 0.004273
17316.08984 0.004296
17316.27930 0.004334
17316.47070 0.004373
17316.66992 0.004411
17316.85938 0.004449
17317.05078 0.004487
17317.25000 0.004526
17317.43945 0.004564
17317.63086 0.004602
17317.82031 0.004641
17318.01953 0.004673
17318.21094 0.004646
17318.40039 0.004618
17318.59961 0.00459
17318.78906 0.004563
17318.98047 0.004535
17319.16992 0.004508
17319.36914 0.00448
17319.56055 0.004452
17319.75000 0.004425
17319.94922 0.004397
17320.14062 0.004405
17320.33008 0.004426
17320.51953 0.004448
17320.72070 0.00447
17320.91016 0.004492
17321.09961 0.004513
17321.28906 0.004535
17321.49023 0.004556
17321.67969 0.004578
17321.86914 0.0046
17322.07031 0.004615
17322.25977 0.004616
17322.44922 0.004618
17322.64062 0.00462
17322.83984 0.004622
17323.02930 0.004624
17323.22070 0.004626
17323.41992 0.004628
17323.60938 0.00463
17323.80078 0.004631
17324.00000 0.004633
17324.18945 0.004641
17324.38086 0.004648
17324.57031 0.004655
17324.76953 0.004662
17324.96094 0.004669
17325.15039 0.004677
17325.34961 0.004684
17325.53906 0.004691
17325.73047 0.004698
17325.92969 0.004706
17326.11914 0.004727
17326.31055 0.004757
17326.50000 0.004787
17326.69922 0.004817
17326.89062 0.004847
17327.08008 0.004877
17327.27930 0.004908
17327.47070 0.004938
17327.66016 0.004968
17327.84961 0.004998
17328.05078 0.005019
17328.24023 0.005013
17328.42969 0.005007
17328.63086 0.005001
17328.82031 0.004995
17329.00977 0.004989
17329.21094 0.004983
17329.40039 0.004977
17329.58984 0.004971
17329.77930 0.004966
17329.98047 0.00496
17330.16992 0.004977
17330.35938 0.004997
17330.56055 0.005017
17330.75000 0.005037
17330.93945 0.005058
17331.13086 0.005078
17331.33008 0.005098
17331.51953 0.005118
17331.71094 0.005139
17331.91016 0.005159
17332.09961 0.005151
17332.28906 0.005117
17332.49023 0.005082
17332.67969 0.005048
17332.86914 0.005014
17333.06055 0.004979
17333.25977 0.004945
17333.44922 0.004911
17333.64062 0.004876
17333.83984 0.004842
17334.02930 0.004813
17334.22070 0.004812
17334.41992 0.00481
17334.60938 0.004809
17334.80078 0.004808
17335.00000 0.004807
17335.18945 0.004806
17335.38086 0.004804
17335.57031 0.004803
17335.76953 0.004802
17335.96094 0.004801
17336.15039 0.004839
17336.34961 0.004887
17336.53906 0.004935
17336.73047 0.004984
17336.92969 0.005032
17337.11914 0.005081
17337.31055 0.005129
17337.50000 0.005177
17337.69922 0.005225
17337.89062 0.005274
17338.08008 0.005296
17338.27930 0.005285
17338.47070 0.005274
17338.66016 0.005263
17338.85938 0.005252
17339.05078 0.005241
17339.24023 0.00523
17339.43945 0.005219
17339.63086 0.005208
17339.82031 0.005197
17340.01953 0.005189
17340.21094 0.005208
17340.40039 0.005227
17340.58984 0.005246
17340.78906 0.005265
17340.98047 0.005284
17341.16992 0.005303
17341.36914 0.005322
17341.56055 0.005341
17341.75000 0.00536
17341.94922 0.005379
17342.14062 0.005398
17342.33008 0.005419
17342.52930 0.005439
17342.72070 0.005459
17342.91016 0.005479
17343.10938 0.005499
17343.30078 0.005519
17343.49023 0.005539
17343.67969 0.005559
17343.88086 0.00558
17344.07031 0.005593
17344.25977 0.005593
17344.46094 0.005594
17344.65039 0.005595
17344.83984 0.005596
17345.03906 0.005597
17345.23047 0.005598
17345.41992 0.005598
17345.61914 0.005599
17345.81055 0.0056
17346.00000 0.005601
17346.19922 0.005631
17346.39062 0.00566
17346.58008 0.00569
17346.76953 0.005719
17346.97070 0.005748
17347.16016 0.005778
17347.34961 0.005807
17347.55078 0.005837
17347.74023 0.005866
17347.92969 0.005896
17348.13086 0.005906
17348.32031 0.005906
17348.50977 0.005907
17348.71094 0.005907
17348.90039 0.005908
17349.08984 0.005908
17349.28906 0.005908
17349.48047 0.005909
17349.66992 0.005909
17349.86914 0.00591
17350.06055 0.005897
17350.25000 0.005852
17350.44922 0.005808
17350.64062 0.005764
17350.83008 0.00572
17351.02930 0.005675
17351.22070 0.005632
17351.41016 0.005587
17351.59961 0.005543
17351.80078 0.005499
17351.99023 0.005455
17352.17969 0.005502
17352.38086 0.005555
17352.57031 0.005608
17352.75977 0.00566
17352.96094 0.005713
17353.15039 0.005765
17353.33984 0.005818
17353.53906 0.00587
17353.73047 0.005923
17353.91992 0.005975
17354.11914 0.006031
17354.31055 0.00609
17354.50000 0.006149
17354.69922 0.006208
17354.89062 0.006266
17355.08008 0.006325
17355.27930 0.006384
17355.47070 0.006443
17355.66016 0.006502
17355.85938 0.00656
17356.05078 0.006599
17356.24023 0.006578
17356.43945 0.006558
17356.63086 0.006537
17356.82031 0.006516
17357.01953 0.006495
17357.21094 0.006475
17357.40039 0.006454
17357.59961 0.006433
17357.78906 0.006412
17357.98047 0.006392
17358.16992 0.0064
17358.36914 0.006412
17358.56055 0.006424
17358.75000 0.006436
17358.94922 0.006448
17359.14062 0.00646
17359.33008 0.006472
17359.52930 0.006483
17359.72070 0.006495
17359.91016 0.006507
17360.10938 0.006527
17360.30078 0.006554
17360.49023 0.00658
17360.68945 0.006606
17360.88086 0.006633
17361.07031 0.006659
17361.26953 0.006686
17361.46094 0.006712
17361.65039 0.006739
17361.84961 0.006765
17362.03906 0.006783
17362.23047 0.006769
17362.42969 0.006756
17362.61914 0.006742
17362.81055 0.006728
17363.00977 0.006715
17363.19922 0.006701
17363.39062 0.006687
17363.58984 0.006673
17363.77930 0.00666
17363.97070 0.006646
17364.16992 0.00667
17364.35938 0.0067
17364.55078 0.00673
17364.75000 0.00676
17364.93945 0.00679
17365.13086 0.00682
17365.33008 0.00685
17365.51953 0.00688
17365.71094 0.00691
17365.91016 0.00694
17366.09961 0.00696
17366.28906 0.006972
17366.49023 0.006983
17366.67969 0.006994
17366.86914 0.007006
17367.07031 0.007017
17367.25977 0.007028
17367.46094 0.007039
17367.65039 0.007051
17367.83984 0.007062
17368.03906 0.007066
17368.23047 0.007035
17368.41992 0.007005
17368.61914 0.006974
17368.81055 0.006944
17369.00000 0.006914
17369.19922 0.006883
17369.39062 0.006853
17369.58008 0.006822
17369.77930 0.006792
17369.97070 0.006761
17370.16016 0.006778
17370.35938 0.006805
17370.55078 0.006831
17370.74023 0.006857
17370.93945 0.006883
17371.13086 0.006909
17371.32031 0.006935
17371.51953 0.006962
17371.71094 0.006988
17371.90039 0.007014
17372.09961 0.007053
17372.28906 0.007104
17372.48047 0.007156
17372.67969 0.007207
17372.86914 0.007259
17373.06055 0.00731
17373.25977 0.007361
17373.44922 0.007413
17373.64062 0.007464
17373.83984 0.007516
17374.02930 0.007564
17374.22070 0.007596
17374.41992 0.007628
17374.60938 0.00766
17374.81055 0.007692
17375.00000 0.007723
17375.18945 0.007755
17375.39062 0.007787
17375.58008 0.007819
17375.76953 0.007851
17375.97070 0.007883
17376.16016 0.007861
17376.34961 0.007829
17376.55078 0.007797
17376.74023 0.007765
17376.92969 0.007732
17377.13086 0.0077
17377.32031 0.007668
17377.51953 0.007635
17377.71094 0.007603
17377.90039 0.007571
17378.09961 0.007577
17378.28906 0.007621
17378.48047 0.007666
17378.67969 0.00771
17378.86914 0.007755
17379.06055 0.007799
17379.25977 0.007844
17379.44922 0.007888
17379.64062 0.007932
17379.83984 0.007977
17380.02930 0.008015
17380.22070 0.008017
17380.41992 0.008018
17380.60938 0.00802
17380.80078 0.008022
17381.00000 0.008023
17381.18945 0.008025
17381.38086 0.008026
17381.58008 0.008028
17381.76953 0.00803
17381.97070 0.008031
17382.16016 0.008017
17382.34961 0.007998
17382.55078 0.00798
17382.74023 0.007962
17382.92969 0.007943
17383.13086 0.007925
17383.32031 0.007907
17383.50977 0.007889
17383.71094 0.00787
17383.90039 0.007852
17384.09961 0.007874
17384.28906 0.007936
17384.48047 0.007998
17384.67969 0.008061
17384.86914 0.008123
17385.06055 0.008185
17385.25977 0.008248
17385.44922 0.008311
17385.64062 0.008373
17385.83984 0.008435
17386.02930 0.008488
17386.22070 0.008491
17386.41992 0.008494
17386.60938 0.008497
17386.80078 0.008501
17387.00000 0.008504
17387.18945 0.008507
17387.39062 0.00851
17387.58008 0.008513
17387.76953 0.008516
17387.97070 0.008519
17388.16016 0.008522
17388.35938 0.008524
17388.55078 0.008527
17388.74023 0.008529
17388.93945 0.008532
17389.13086 0.008535
17389.32031 0.008537
17389.51953 0.00854
17389.71094 0.008542
17389.90039 0.008545
17390.09961 0.008575
17390.28906 0.008632
17390.48047 0.008689
17390.67969 0.008746
17390.86914 0.008803
17391.07031 0.008861
17391.25977 0.008918
17391.44922 0.008975
17391.65039 0.009032
17391.83984 0.009089
17392.02930 0.009131
17392.23047 0.009103
17392.41992 0.009075
17392.61914 0.009048
17392.81055 0.00902
17393.00000 0.008992
17393.19922 0.008964
17393.39062 0.008936
17393.58008 0.008908
17393.77930 0.00888
17393.97070 0.008852
17394.16016 0.008883
17394.35938 0.008924
17394.55078 0.008966
17394.75000 0.009007
17394.93945 0.009048
17395.13086 0.009089
17395.33008 0.00913
17395.51953 0.009171
17395.71094 0.009212
17395.91016 0.009253
17396.09961 0.009265
17396.28906 0.00925
17396.49023 0.009235
17396.67969 0.009221
17396.88086 0.009206
17397.07031 0.009191
17397.25977 0.009176
17397.46094 0.009162
17397.65039 0.009147
17397.84961 0.009132
17398.03906 0.00913
17398.23047 0.009179
17398.42969 0.009228
17398.61914 0.009278
17398.81055 0.009327
17399.00977 0.009376
17399.19922 0.009426
17399.39062 0.009475
17399.58984 0.009524
17399.77930 0.009574
17399.98047 0.009623
17400.16992 0.009689
17400.35938 0.009758
17400.56055 0.009827
17400.75000 0.009897
17400.94922 0.009966
17401.14062 0.010035
17401.33008 0.010104
17401.52930 0.010173
17401.72070 0.010243
17401.91016 0.010312
17402.10938 0.010317
17402.30078 0.010271
17402.50000 0.010225
17402.68945 0.01018
17402.88086 0.010134
17403.08008 0.010088
17403.26953 0.010042
17403.46094 0.009996
17403.66016 0.00995
17403.84961 0.009905
17404.03906 0.009877
17404.24023 0.009908
17404.42969 0.009938
17404.63086 0.009969
17404.82031 0.01
17405.00977 0.01003
17405.21094 0.010061
17405.40039 0.010092
17405.59961 0.010123
17405.78906 0.010153
17405.98047 0.010184
17406.17969 0.010224
17406.36914 0.010265
17406.56055 0.010306
17406.75977 0.010347
17406.94922 0.010388
17407.15039 0.010429
17407.33984 0.01047
17407.53906 0.010511
17407.73047 0.010552
17407.91992 0.010592
17408.11914 0.010615
17408.31055 0.010626
17408.50000 0.010636
17408.69922 0.010647
17408.89062 0.010658
17409.08984 0.010668
17409.27930 0.010679
17409.47070 0.01069
17409.66992 0.0107
17409.85938 0.010711
17410.05078 0.010729
17410.25000 0.010768
17410.43945 0.010806
17410.64062 0.010845
17410.83008 0.010884
17411.01953 0.010922
17411.22070 0.010961
17411.41016 0.010999
17411.60938 0.011038
17411.80078 0.011076
17411.99023 0.011115
17412.18945 0.011125
17412.38086 0.011135
17412.57031 0.011144
17412.76953 0.011153
17412.96094 0.011163
17413.16016 0.011172
17413.34961 0.011181
17413.53906 0.011191
17413.74023 0.0112
17413.92969 0.011209
17414.13086 0.011208
17414.32031 0.0112
17414.50977 0.011193
17414.71094 0.011185
17414.90039 0.011177
17415.09961 0.01117
17415.28906 0.011162
17415.48047 0.011155
17415.67969 0.011147
17415.86914 0.01114
17416.07031 0.011146
17416.25977 0.01118
17416.44922 0.011213
17416.65039 0.011246
17416.83984 0.01128
17417.03906 0.011313
17417.23047 0.011346
17417.41992 0.01138
17417.61914 0.011413
17417.81055 0.011447
17418.00977 0.01148
17418.19922 0.011496
17418.39062 0.011512
17418.58984 0.011527
17418.77930 0.011544
17418.97070 0.011559
17419.16992 0.011575
17419.35938 0.011591
17419.56055 0.011607
17419.75000 0.011623
17419.94922 0.011639
17420.14062 0.011685
17420.33008 0.011742
17420.52930 0.0118
17420.72070 0.011857
17420.91016 0.011915
17421.10938 0.011972
17421.30078 0.01203
17421.50000 0.012087
17421.68945 0.012145
17421.88086 0.012202
17422.08008 0.012261
17422.26953 0.012322
17422.47070 0.012383
17422.66016 0.012444
17422.85938 0.012505
17423.05078 0.012566
17423.24023 0.012626
17423.43945 0.012688
17423.63086 0.012749
17423.82031 0.012809
17424.01953 0.012863
17424.21094 0.012853
17424.41016 0.012843
17424.59961 0.012832
17424.78906 0.012822
17424.99023 0.012811
17425.17969 0.012801
17425.38086 0.01279
17425.57031 0.01278
17425.76953 0.012769
17425.96094 0.012759
17426.15039 0.012806
17426.34961 0.012868
17426.53906 0.012931
17426.73047 0.012993
17426.92969 0.013056
17427.11914 0.013118
17427.32031 0.013181
17427.50977 0.013243
17427.71094 0.013306
17427.90039 0.013369
17428.08984 0.013399
17428.28906 0.013397
17428.48047 0.013394
17428.67969 0.013392
17428.86914 0.013389
17429.06055 0.013386
17429.25977 0.013384
17429.44922 0.013381
17429.65039 0.013379
17429.83984 0.013376
17430.03906 0.013375
17430.23047 0.01338
17430.41992 0.013386
17430.61914 0.013391
17430.81055 0.013396
17431.00977 0.013402
17431.19922 0.013407
17431.39062 0.013412
17431.58984 0.013418
17431.77930 0.013423
17431.97070 0.013428
17432.16992 0.013411
17432.35938 0.01339
17432.56055 0.013369
17432.75000 0.013348
17432.94922 0.013327
17433.14062 0.013307
17433.33008 0.013286
17433.52930 0.013265
17433.72070 0.013244
17433.91992 0.013223
17434.10938 0.013268
17434.30078 0.013362
17434.50000 0.013457
17434.68945 0.013551
17434.89062 0.013645
17435.08008 0.01374
17435.27930 0.013834
17435.47070 0.013929
17435.66016 0.014023
17435.85938 0.014117
17436.05078 0.014182
17436.25000 0.014167
17436.43945 0.014152
17436.63086 0.014137
17436.83008 0.014122
17437.01953 0.014107
17437.22070 0.014092
17437.41016 0.014077
17437.60938 0.014062
17437.80078 0.014047
17437.99023 0.014032
17438.18945 0.014128
17438.38086 0.014228
17438.58008 0.014327
17438.76953 0.014428
17438.96094 0.014527
17439.16016 0.014627
17439.34961 0.014726
17439.55078 0.014826
17439.74023 0.014926
17439.93945 0.015025
17440.13086 0.015055
17440.32031 0.015049
17440.51953 0.015043
17440.71094 0.015038
17440.91016 0.015032
17441.09961 0.015026
17441.28906 0.015021
17441.49023 0.015015
17441.67969 0.015009
17441.88086 0.015004
17442.07031 0.015018
17442.26953 0.015064
17442.46094 0.015111
17442.65039 0.015158
17442.84961 0.015205
17443.03906 0.015252
17443.24023 0.015299
17443.42969 0.015345
17443.63086 0.015392
17443.82031 0.015439
17444.01953 0.015485
17444.21094 0.015516
17444.40039 0.015548
17444.59961 0.01558
17444.78906 0.015611
17444.99023 0.015643
17445.17969 0.015675
17445.36914 0.015707
17445.57031 0.015738
17445.75977 0.01577
17445.96094 0.015801
17446.15039 0.015827
17446.34961 0.015851
17446.53906 0.015875
17446.73047 0.015899
17446.92969 0.015923
17447.11914 0.015947
17447.32031 0.015971
17447.50977 0.015995
17447.71094 0.016019
17447.90039 0.016043
17448.08984 0.016057
17448.28906 0.016061
17448.48047 0.016064
17448.67969 0.016068
17448.86914 0.016072
17449.07031 0.016075
17449.25977 0.016079
17449.46094 0.016082
17449.65039 0.016086
17449.83984 0.01609
17450.03906 0.016106
17450.23047 0.016178
17450.42969 0.016249
17450.61914 0.016321
17450.81055 0.016392
17451.00977 0.016464
17451.19922 0.016536
17451.40039 0.016607
17451.58984 0.016679
17451.78906 0.016751
17451.98047 0.016822
17452.17969 0.016863
17452.36914 0.016901
17452.56055 0.016938
17452.75977 0.016976
17452.94922 0.017014
17453.15039 0.017051
17453.33984 0.017089
17453.53906 0.017126
17453.73047 0.017164
17453.91992 0.017202
17454.11914 0.017269
17454.31055 0.017354
17454.50977 0.017439
17454.69922 0.017524
17454.90039 0.01761
17455.08984 0.017695
17455.28906 0.01778
17455.48047 0.017865
