threeML/data/optical_filters/HST/WFC3_UVIS1-F475X.ecsv
# %ECSV 0.9
# ---
# datatype:
# - {name: wavelength, unit: Angstrom, datatype: float32}
# - {name: response, datatype: float32}
# meta: !!omap
# - {band_name: F475X}
# - {group_name: WFC3_UVIS1}
wavelength response
3324.80054 0.0
3694.22290 0.000409
3694.85498 0.000421
3695.48706 0.000432
3696.11890 0.000444
3696.75195 0.000456
3697.38403 0.000468
3698.01709 0.00048
3698.64893 0.000492
3699.28198 0.000504
3699.91504 0.000516
3700.54810 0.000528
3701.18091 0.000541
3701.81494 0.000559
3702.44800 0.000577
3703.08203 0.000595
3703.71509 0.000613
3704.34912 0.000631
3704.98193 0.000649
3705.61597 0.000667
3706.25000 0.000684
3706.88501 0.000702
3707.51904 0.00072
3708.15308 0.000738
3708.78809 0.000756
3709.42212 0.000774
3710.05688 0.000792
3710.69189 0.000811
3711.32593 0.000834
3711.96094 0.000865
3712.59595 0.000896
3713.23193 0.000927
3713.86694 0.000957
3714.50195 0.000988
3715.13794 0.001019
3715.77393 0.00105
3716.40894 0.001081
3717.04492 0.001112
3717.68091 0.001143
3718.31689 0.001174
3718.95288 0.001205
3719.59009 0.001236
3720.22607 0.001267
3720.86304 0.001298
3721.49902 0.001344
3722.13599 0.001397
3722.77295 0.00145
3723.40991 0.001503
3724.04712 0.001556
3724.68408 0.001609
3725.32104 0.001662
3725.95898 0.001715
3726.59595 0.001769
3727.23389 0.001822
3727.87207 0.001875
3728.50903 0.001928
3729.14697 0.001981
3729.78491 0.002035
3730.42310 0.002088
3731.06201 0.002141
3731.69995 0.002231
3732.33911 0.002321
3732.97705 0.002412
3733.61597 0.002502
3734.25488 0.002592
3734.89404 0.002682
3735.53198 0.002773
3736.17212 0.002863
3736.81104 0.002953
3737.44995 0.003044
3738.09009 0.003134
3738.72900 0.003225
3739.36890 0.003315
3740.00903 0.003406
3740.64893 0.003497
3741.28906 0.003611
3741.92896 0.00377
3742.56909 0.003928
3743.20898 0.004087
3743.85010 0.004246
3744.48999 0.004404
3745.13110 0.004563
3745.77197 0.004722
3746.41309 0.004881
3747.05298 0.00504
3747.69507 0.0052
3748.33594 0.005359
3748.97705 0.005518
3749.61890 0.005678
3750.26001 0.005837
3750.90210 0.005996
3751.54395 0.006259
3752.18604 0.006557
3752.82690 0.006856
3753.46899 0.007154
3754.11206 0.007453
3754.75391 0.007752
3755.39600 0.008051
3756.03906 0.00835
3756.68188 0.008649
3757.32397 0.008948
3757.96704 0.009247
3758.61011 0.009547
3759.25293 0.009846
3759.89600 0.010146
3760.54004 0.010447
3761.18311 0.010793
3761.82690 0.01135
3762.46997 0.011908
3763.11401 0.012466
3763.75806 0.013024
3764.40210 0.013583
3765.04590 0.014142
3765.68994 0.014701
3766.33398 0.01526
3766.97900 0.01582
3767.62305 0.01638
3768.26807 0.01694
3768.91309 0.017501
3769.55688 0.018062
3770.20190 0.018623
3770.84692 0.019183
3771.49292 0.020018
3772.13794 0.020998
3772.78296 0.021979
3773.42896 0.02296
3774.07397 0.023941
3774.71997 0.024923
3775.36597 0.025905
3776.01196 0.026888
3776.65796 0.02787
3777.30396 0.028854
3777.94995 0.029838
3778.59692 0.030822
3779.24292 0.031807
3779.88989 0.032792
3780.53711 0.033778
3781.18408 0.034869
3781.83105 0.036478
3782.47803 0.038086
3783.12500 0.039696
3783.77197 0.041306
3784.41895 0.042917
3785.06689 0.044529
3785.71411 0.046141
3786.36206 0.047754
3787.01001 0.049368
3787.65796 0.050983
3788.30591 0.052597
3788.95410 0.054213
3789.60205 0.05583
3790.25098 0.057448
3790.89893 0.059069
3791.54810 0.061165
3792.19702 0.06344
3792.84497 0.065716
3793.49390 0.067993
3794.14307 0.070271
3794.79199 0.072551
3795.44189 0.074832
3796.09106 0.077114
3796.74097 0.079398
3797.38989 0.081682
3798.04004 0.083968
3798.68994 0.086254
3799.34009 0.088543
3799.98999 0.090832
3800.63989 0.093141
3801.29004 0.095526
3801.94092 0.098064
3802.59106 0.100605
3803.24194 0.103148
3803.89209 0.105693
3804.54297 0.108241
3805.19409 0.11079
3805.84497 0.113343
3806.49609 0.115898
3807.14795 0.118455
3807.79907 0.121014
3808.44995 0.123576
3809.10205 0.12614
3809.75391 0.128707
3810.40601 0.131276
3811.05811 0.133847
3811.70996 0.135929
3812.36206 0.137993
3813.01392 0.140061
3813.66699 0.142129
3814.31909 0.144199
3814.97192 0.146273
3815.62402 0.148347
3816.27710 0.150423
3816.92993 0.152502
3817.58301 0.154581
3818.23608 0.156664
3818.88989 0.158748
3819.54297 0.160833
3820.19702 0.162924
3820.85010 0.165023
3821.50391 0.166552
3822.15796 0.167762
3822.81201 0.168974
3823.46606 0.170187
3824.12012 0.171402
3824.77393 0.172618
3825.42798 0.173834
3826.08301 0.175052
3826.73804 0.176272
3827.39209 0.177492
3828.04712 0.178714
3828.70190 0.179937
3829.35693 0.181161
3830.01196 0.182386
3830.66797 0.183602
3831.32300 0.184565
3831.97900 0.185079
3832.63403 0.185593
3833.29004 0.186107
3833.94604 0.186622
3834.60205 0.187138
3835.25806 0.187653
3835.91406 0.188169
3836.57007 0.188686
3837.22705 0.189203
3837.88306 0.18972
3838.54004 0.190238
3839.19702 0.190756
3839.85400 0.191275
3840.51001 0.191802
3841.16797 0.192291
3841.82495 0.192472
3842.48193 0.192652
3843.13989 0.192833
3843.79712 0.193014
3844.45508 0.193195
3845.11304 0.193376
3845.77100 0.193557
3846.42798 0.193738
3847.08691 0.193919
3847.74512 0.194101
3848.40308 0.194283
3849.06201 0.194465
3849.71997 0.194647
3850.37891 0.194822
3851.03809 0.194993
3851.69702 0.195075
3852.35498 0.195148
3853.01489 0.195222
3853.67407 0.195296
3854.33301 0.19537
3854.99292 0.195443
3855.65210 0.195517
3856.31201 0.195591
3856.97192 0.195665
3857.63208 0.195739
3858.29199 0.195813
3858.95190 0.195886
3859.61206 0.19596
3860.27197 0.196034
3860.93311 0.196108
3861.59302 0.196199
3862.25391 0.196295
3862.91504 0.196391
3863.57593 0.196487
3864.23706 0.196583
3864.89795 0.19668
3865.55908 0.196776
3866.22095 0.196872
3866.88208 0.196968
3867.54395 0.197065
3868.20508 0.197161
3868.86694 0.197258
3869.52905 0.197354
3870.19092 0.197454
3870.85400 0.197562
3871.51611 0.197692
3872.17798 0.197835
3872.84106 0.197978
3873.50293 0.198121
3874.16602 0.198264
3874.82910 0.198407
3875.49194 0.198551
3876.15503 0.198694
3876.81812 0.198838
3877.48096 0.198982
3878.14502 0.199125
3878.80811 0.199269
3879.47192 0.199413
3880.13599 0.199554
3880.80005 0.199687
3881.46411 0.19982
3882.12793 0.199952
3882.79199 0.200085
3883.45605 0.200218
3884.12109 0.200351
3884.78491 0.200484
3885.44995 0.200617
3886.11499 0.20075
3886.78003 0.200883
3887.44507 0.201017
3888.11011 0.20115
3888.77490 0.201284
3889.43994 0.201417
3890.10596 0.201551
3890.77100 0.201684
3891.43701 0.201803
3892.10303 0.201907
3892.76904 0.202011
3893.43506 0.202115
3894.10107 0.202219
3894.76709 0.202324
3895.43408 0.202428
3896.10010 0.202532
3896.76709 0.202637
3897.43311 0.202741
3898.10010 0.202846
3898.76709 0.20295
3899.43408 0.203055
3900.10107 0.203161
3900.76904 0.203277
3901.43604 0.203382
3902.10400 0.203475
3902.77100 0.203567
3903.43896 0.20366
3904.10693 0.203753
3904.77490 0.203846
3905.44312 0.203938
3906.11108 0.204031
3906.77905 0.204124
3907.44800 0.204217
3908.11597 0.20431
3908.78491 0.204403
3909.45410 0.204496
3910.12305 0.204587
3910.79199 0.204668
3911.46094 0.204739
3912.12988 0.204801
3912.79907 0.204863
3913.46899 0.204924
3914.13794 0.204986
3914.80811 0.205048
3915.47803 0.20511
3916.14795 0.205171
3916.81812 0.205233
3917.48804 0.205295
3918.15796 0.205357
3918.82910 0.205418
3919.49902 0.20548
3920.16992 0.205542
3920.84009 0.205604
3921.51099 0.205659
3922.18188 0.20571
3922.85303 0.205762
3923.52393 0.205813
3924.19604 0.205864
3924.86694 0.205915
3925.53906 0.205966
3926.20996 0.206018
3926.88208 0.206069
3927.55396 0.20612
3928.22607 0.206171
3928.89795 0.206223
3929.57007 0.206274
3930.24194 0.206329
3930.91504 0.206392
3931.58691 0.206451
3932.26001 0.206508
3932.93311 0.206565
3933.60596 0.206621
3934.27905 0.206678
3934.95190 0.206734
3935.62500 0.206791
3936.29907 0.206848
3936.97192 0.206905
3937.64600 0.206961
3938.31909 0.207018
3938.99292 0.207075
3939.66699 0.207131
3940.34106 0.207182
3941.01489 0.207226
3941.68994 0.2073
3942.36401 0.207378
3943.03906 0.207457
3943.71289 0.207535
3944.38794 0.207614
3945.06299 0.207692
3945.73804 0.207771
3946.41309 0.207849
3947.08789 0.207928
3947.76294 0.208006
3948.43896 0.208085
3949.11499 0.208164
3949.79004 0.208242
3950.46606 0.208321
3951.14209 0.2084
3951.81812 0.208496
3952.49390 0.208592
3953.16992 0.208688
3953.84595 0.208784
3954.52295 0.208879
3955.19995 0.208976
3955.87598 0.209072
3956.55298 0.209168
3957.22998 0.209264
3957.90698 0.20936
3958.58398 0.209456
3959.26196 0.209552
3959.93896 0.209648
3960.61694 0.209756
3961.29395 0.209875
3961.97192 0.210025
3962.64990 0.210175
3963.32788 0.210324
3964.00610 0.210475
3964.68408 0.210625
3965.36304 0.210775
3966.04102 0.210925
3966.71899 0.211076
3967.39795 0.211226
3968.07690 0.211377
3968.75610 0.211527
3969.43506 0.211678
3970.11401 0.211827
3970.79297 0.211965
3971.47290 0.212123
3972.15210 0.212299
3972.83203 0.212475
3973.51099 0.212651
3974.19092 0.212827
3974.87109 0.213003
3975.55200 0.21318
3976.23193 0.213356
3976.91211 0.213533
3977.59204 0.213709
3978.27295 0.213886
3978.95410 0.214063
3979.63403 0.21424
3980.31494 0.214417
3980.99609 0.214594
3981.67700 0.214774
3982.35889 0.214954
3983.04004 0.215135
3983.72095 0.215316
3984.40308 0.215497
3985.08496 0.215678
3985.76709 0.215859
3986.44800 0.21604
3987.13110 0.216221
3987.81299 0.216403
3988.49512 0.216584
3989.17700 0.216766
3989.86011 0.216947
3990.54297 0.217139
3991.22510 0.217336
3991.90796 0.217545
3992.59106 0.217754
3993.27393 0.217963
3993.95801 0.218173
3994.64111 0.218382
3995.32397 0.218592
3996.00806 0.218802
3996.69189 0.219012
3997.37500 0.219222
3998.06006 0.219432
3998.74292 0.219642
3999.42798 0.219853
4000.11206 0.220052
4000.79590 0.220194
4001.48096 0.220333
4002.16602 0.220469
4002.85010 0.220605
4003.53491 0.220741
4004.21997 0.220877
4004.90503 0.221013
4005.59009 0.221149
4006.27588 0.221285
4006.96094 0.221421
4007.64697 0.221557
4008.33301 0.221693
4009.01807 0.22183
4009.70410 0.221966
4010.38989 0.222102
4011.07593 0.222239
4011.76294 0.222356
4012.44897 0.222472
4013.13501 0.222589
4013.82202 0.222705
4014.50903 0.222821
4015.19604 0.222938
4015.88306 0.223054
4016.57007 0.22317
4017.25708 0.223287
4017.94409 0.223404
4018.63208 0.22352
4019.31909 0.223637
4020.00708 0.223753
4020.69507 0.223883
4021.38306 0.224006
4022.07104 0.224118
4022.75903 0.22423
4023.44702 0.224342
4024.13599 0.224454
4024.82397 0.224566
4025.51294 0.224679
4026.20190 0.224791
4026.88989 0.224903
4027.57910 0.225015
4028.26904 0.225128
4028.95801 0.22524
4029.64697 0.225352
4030.33594 0.225463
4031.02588 0.225572
4031.71606 0.225664
4032.40601 0.225753
4033.09497 0.225842
4033.78491 0.225931
4034.47607 0.22602
4035.16602 0.226109
4035.85596 0.226198
4036.54712 0.226288
4037.23804 0.226377
4037.92798 0.226466
4038.61890 0.226556
4039.31006 0.226645
4040.00098 0.226734
4040.69189 0.226824
4041.38403 0.226897
4042.07495 0.22694
4042.76709 0.226984
4043.45801 0.227027
4044.14990 0.22707
4044.84204 0.227114
4045.53394 0.227157
4046.22705 0.227201
4046.91895 0.227244
4047.61108 0.227288
4048.30396 0.227331
4048.99609 0.227375
4049.68896 0.227418
4050.38208 0.227469
4051.07495 0.227526
4051.76807 0.227567
4052.46094 0.227606
4053.15503 0.227645
4053.84790 0.227684
4054.54199 0.227723
4055.23511 0.227762
4055.92896 0.227801
4056.62305 0.227841
4057.31689 0.22788
4058.01099 0.227919
4058.70605 0.227958
4059.39990 0.227997
4060.09497 0.228035
4060.78906 0.22806
4061.48389 0.228078
4062.17896 0.228087
4062.87402 0.228097
4063.56909 0.228107
4064.26392 0.228116
4064.95996 0.228126
4065.65503 0.228136
4066.35107 0.228145
4067.04712 0.228155
4067.74194 0.228164
4068.43799 0.228174
4069.13501 0.228184
4069.83105 0.228193
4070.52710 0.228203
4071.22412 0.22821
4071.91992 0.228202
4072.61694 0.228193
4073.31396 0.228185
4074.01001 0.228176
4074.70801 0.228167
4075.40503 0.228159
4076.10205 0.22815
4076.79907 0.228141
4077.49707 0.228133
4078.19507 0.228124
4078.89209 0.228115
4079.59009 0.228107
4080.28809 0.228104
4080.98608 0.228109
4081.68506 0.228126
4082.38306 0.228148
4083.08105 0.22817
4083.78003 0.228192
4084.47900 0.228213
4085.17700 0.228235
4085.87598 0.228257
4086.57495 0.228279
4087.27490 0.2283
4087.97412 0.228322
4088.67310 0.228344
4089.37305 0.228366
4090.07300 0.228386
4090.77197 0.228394
4091.47192 0.228396
4092.17212 0.228391
4092.87305 0.228387
4093.57300 0.228382
4094.27295 0.228378
4094.97412 0.228373
4095.67407 0.228368
4096.37500 0.228364
4097.07617 0.228359
4097.77686 0.228354
4098.47803 0.22835
4099.17920 0.228345
4099.88086 0.22834
4100.58203 0.228335
4101.28418 0.22833
4101.98486 0.228323
4102.68701 0.228315
4103.38916 0.228308
4104.09082 0.2283
4104.79297 0.228293
4105.49609 0.228285
4106.19824 0.228278
4106.90088 0.22827
4107.60400 0.228263
4108.30615 0.228255
4109.00879 0.228247
4109.71191 0.22824
4110.41504 0.22824
4111.11914 0.228246
4111.82178 0.228296
4112.52490 0.228347
4113.22900 0.228399
4113.93311 0.228451
4114.63721 0.228503
4115.34082 0.228555
4116.04492 0.228606
4116.74902 0.228658
4117.45312 0.22871
4118.15820 0.228762
4118.86182 0.228814
4119.56689 0.228866
4120.27197 0.228913
4120.97705 0.228951
4121.68213 0.228982
4122.38721 0.229012
4123.09180 0.229041
4123.79785 0.229071
4124.50293 0.2291
4125.20898 0.22913
4125.91504 0.229159
4126.62109 0.229189
4127.32715 0.229218
4128.03320 0.229248
4128.73877 0.229277
4129.44580 0.229307
4130.15186 0.229336
4130.85889 0.229366
4131.56592 0.229423
4132.27197 0.2295
4132.97900 0.229578
4133.68701 0.229657
4134.39404 0.229735
4135.10205 0.229813
4135.80908 0.229891
4136.51709 0.229969
4137.22412 0.230047
4137.93213 0.230125
4138.64014 0.230203
4139.34814 0.230281
4140.05713 0.23036
4140.76514 0.230438
4141.47314 0.230517
4142.18213 0.230599
4142.89111 0.23068
4143.59912 0.230762
4144.30811 0.230843
4145.01807 0.230925
4145.72705 0.231007
4146.43604 0.231088
4147.14600 0.23117
4147.85498 0.231252
4148.56396 0.231333
4149.27393 0.231415
4149.98389 0.231497
4150.69385 0.231593
4151.40381 0.231694
4152.11523 0.231807
4152.82520 0.23192
4153.53613 0.232033
4154.24609 0.232145
4154.95703 0.232258
4155.66797 0.232371
4156.37891 0.232484
4157.08984 0.232598
4157.80078 0.232711
4158.51318 0.232824
4159.22412 0.232937
4159.93604 0.233051
4160.64697 0.233151
4161.35889 0.233251
4162.07080 0.233355
4162.78418 0.233459
4163.49609 0.233562
4164.20801 0.233666
4164.91992 0.23377
4165.63281 0.233874
4166.34619 0.233977
4167.05908 0.234081
4167.77100 0.234185
4168.48486 0.234289
4169.19824 0.234393
4169.91113 0.234497
4170.62500 0.234601
4171.33789 0.234709
4172.05176 0.234828
4172.76611 0.234948
4173.47998 0.235068
4174.19385 0.235188
4174.90820 0.235308
4175.62305 0.235427
4176.33691 0.235547
4177.05078 0.235667
4177.76611 0.235787
4178.48096 0.235907
4179.19580 0.236027
4179.91113 0.236147
4180.62598 0.23628
4181.34082 0.236415
4182.05713 0.236549
4182.77197 0.236683
4183.48779 0.236818
4184.20410 0.236952
4184.91895 0.237087
4185.63477 0.237221
4186.35205 0.237356
4187.06787 0.237491
4187.78418 0.237625
4188.50000 0.23776
4189.21680 0.237895
4189.93408 0.23803
4190.65088 0.238152
4191.36816 0.238274
4192.08496 0.2384
4192.80176 0.238527
4193.52002 0.238654
4194.23682 0.23878
4194.95508 0.238907
4195.67188 0.239034
4196.39111 0.239161
4197.10791 0.239288
4197.82715 0.239415
4198.54492 0.239542
4199.26318 0.239669
4199.98096 0.239796
4200.70020 0.239923
4201.41895 0.240033
4202.13818 0.240109
4202.85596 0.240185
4203.57617 0.240261
4204.29492 0.240337
4205.01416 0.240413
4205.73389 0.240489
4206.45312 0.240565
4207.17285 0.240641
4207.89307 0.240718
4208.61279 0.240794
4209.33301 0.24087
4210.05322 0.240946
4210.77295 0.241022
4211.49414 0.241113
4212.21387 0.241222
4212.93506 0.241332
4213.65576 0.241442
4214.37695 0.241552
4215.09814 0.241661
4215.81885 0.241771
4216.54102 0.241881
4217.26221 0.241991
4217.98291 0.242101
4218.70508 0.242211
4219.42676 0.242321
4220.14893 0.242434
4220.87109 0.24256
4221.59277 0.242653
4222.31494 0.242723
4223.03809 0.242792
4223.75977 0.242862
4224.48291 0.242931
4225.20605 0.243001
4225.92920 0.24307
4226.65088 0.24314
4227.37500 0.243209
4228.09814 0.243279
4228.82080 0.243348
4229.54492 0.243418
4230.26904 0.243479
4230.99219 0.243527
4231.71582 0.243583
4232.43994 0.243641
4233.16504 0.243699
4233.88916 0.243757
4234.61279 0.243815
4235.33691 0.243874
4236.06201 0.243932
4236.78711 0.24399
4237.51221 0.244049
