threeML/data/optical_filters/HST/WFC3_IR-G102.ecsv
# %ECSV 0.9
# ---
# datatype:
# - {name: wavelength, unit: Angstrom, datatype: float32}
# - {name: response, datatype: float32}
# meta: !!omap
# - {band_name: G102}
# - {group_name: WFC3_IR}
wavelength response
[from data line 2416]
9012.76953 0.278377
9013.21484 0.278371
9013.65918 0.278367
9014.10352 0.278361
9014.54980 0.278356
9014.99414 0.278351
9015.43945 0.278346
9015.88477 0.278341
9016.33008 0.278336
9016.77539 0.278331
9017.21973 0.278326
9017.66504 0.278321
9018.11035 0.278316
9018.55566 0.278311
9019.00098 0.278306
9019.44629 0.278301
9019.89160 0.278296
9020.33691 0.278299
9020.78223 0.278304
9021.22754 0.27831
9021.67285 0.278315
9022.11816 0.278321
9022.56348 0.278326
9023.00879 0.278332
9023.45508 0.278337
9023.90039 0.278342
9024.34570 0.278348
9024.79102 0.278353
9025.23730 0.278359
9025.68262 0.278364
9026.12793 0.27837
9026.57324 0.278375
9027.01953 0.27838
9027.46484 0.278386
9027.91016 0.278391
9028.35645 0.278397
9028.80176 0.278402
9029.24805 0.278408
9029.69336 0.278413
9030.13965 0.278419
9030.58496 0.278425
9031.03125 0.27843
9031.47656 0.278436
9031.92285 0.278442
9032.36914 0.278448
9032.81445 0.278454
9033.26074 0.278459
9033.70703 0.278465
9034.15234 0.278471
9034.59863 0.278477
9035.04492 0.278483
9035.49121 0.278488
9035.93652 0.278494
9036.38281 0.2785
9036.82910 0.278506
9037.27539 0.278512
9037.72168 0.278517
9038.16797 0.278523
9038.61426 0.278529
9039.06055 0.278535
9039.50684 0.278541
9039.95312 0.278546
9040.39941 0.278552
9040.84570 0.278558
9041.29199 0.278564
9041.73828 0.27857
9042.18457 0.278576
9042.63086 0.278582
9043.07715 0.278588
9043.52344 0.278594
9043.97070 0.2786
9044.41699 0.278606
9044.86328 0.278612
9045.30957 0.278618
9045.75684 0.278624
9046.20312 0.27863
9046.64941 0.278636
9047.09668 0.278642
9047.54297 0.278648
9047.98926 0.278654
9048.43652 0.27866
9048.88281 0.278666
9049.33008 0.278672
9049.77637 0.278678
9050.22363 0.278689
9050.66992 0.278706
9051.11719 0.278722
9051.56348 0.278739
9052.01074 0.278755
9052.45801 0.278772
9052.90430 0.278788
9053.35156 0.278805
9053.79883 0.278821
9054.24512 0.278838
9054.69238 0.278854
9055.13965 0.278871
9055.58691 0.278887
9056.03320 0.278904
9056.48047 0.27892
9056.92773 0.278937
9057.37500 0.278953
9057.82227 0.27897
9058.26953 0.278986
9058.71680 0.279003
9059.16406 0.279019
9059.61133 0.279036
9060.05859 0.279051
9060.50586 0.279057
9060.95312 0.279064
9061.40039 0.27907
9061.84766 0.279076
9062.29492 0.279083
9062.74219 0.279089
9063.18945 0.279095
9063.63770 0.279102
9064.08496 0.279108
9064.53223 0.279114
9064.97852 0.279121
9065.42773 0.279127
9065.87500 0.279133
9066.32227 0.27914
9066.77148 0.279146
9067.21777 0.279152
9067.66504 0.279158
9068.11328 0.279165
9068.56055 0.279171
9069.00879 0.279178
9069.45605 0.279184
9069.90430 0.27919
9070.35156 0.279205
9070.79980 0.279222
9071.24707 0.279239
9071.69531 0.279255
9072.14355 0.279272
9072.59082 0.279289
9073.03906 0.279306
9073.48730 0.279323
9073.93457 0.27934
9074.38281 0.279357
9074.83105 0.279374
9075.27930 0.279391
9075.72754 0.279407
9076.17480 0.279425
9076.62305 0.279441
9077.07129 0.279458
9077.51953 0.279475
9077.96777 0.279492
9078.41602 0.279509
9078.86426 0.279526
9079.31348 0.279543
9079.76074 0.27956
9080.20898 0.279572
9080.65723 0.279579
9081.10547 0.279585
9081.55371 0.279592
9082.00195 0.279598
9082.45020 0.279605
9082.89844 0.279612
9083.34766 0.279618
9083.79590 0.279625
9084.24414 0.279632
9084.69238 0.279638
9085.14160 0.279645
9085.58984 0.279651
9086.03809 0.279658
9086.48730 0.279665
9086.93555 0.279671
9087.38379 0.279678
9087.83301 0.279685
9088.28125 0.279691
9088.73047 0.279698
9089.17871 0.279704
9089.62793 0.279711
9090.07617 0.279718
9090.52539 0.279724
9090.97363 0.279731
9091.42285 0.279738
9091.87207 0.279745
9092.32031 0.279752
9092.76953 0.279759
9093.21875 0.279765
9093.66699 0.279772
9094.11621 0.279779
9094.56543 0.279786
9095.01465 0.279792
9095.46289 0.279799
9095.91211 0.279806
9096.36133 0.279813
9096.81055 0.27982
9097.25977 0.279826
9097.70898 0.279833
9098.15820 0.27984
9098.60742 0.279847
9099.05664 0.279853
9099.50586 0.27986
9099.95508 0.279867
9100.40430 0.279884
9100.85352 0.279901
9101.30273 0.279918
9101.75195 0.279936
9102.20117 0.279953
9102.65039 0.279998
9103.10059 0.280096
9103.54980 0.280194
9103.99902 0.280292
9104.44824 0.28039
9104.89844 0.280488
9105.34766 0.280587
9105.79688 0.280685
9106.24707 0.280783
9106.69629 0.280881
9107.14648 0.280979
9107.59570 0.281078
9108.04492 0.281176
9108.49512 0.281274
9108.94434 0.281373
9109.39453 0.281471
9109.84375 0.281569
9110.29395 0.281661
9110.74316 0.281749
9111.19336 0.281837
9111.64258 0.281925
9112.09277 0.282013
9112.54297 0.282101
9112.99219 0.282189
9113.44238 0.282277
9113.89258 0.282365
9114.34277 0.282454
9114.79199 0.282542
9115.24219 0.28263
9115.69238 0.282718
9116.14258 0.282806
9116.59277 0.282894
9117.04297 0.282983
9117.49316 0.283071
9117.94336 0.283159
9118.39355 0.283247
9118.84375 0.283335
9119.29395 0.283423
9119.74414 0.283512
9120.19434 0.283605
9120.64453 0.283704
9121.09473 0.283803
9121.54492 0.283902
9121.99512 0.284001
9122.44531 0.2841
9122.89648 0.284199
9123.34668 0.284298
9123.79688 0.284398
9124.24707 0.284497
9124.69727 0.284596
9125.14844 0.284695
9125.59863 0.284794
9126.04883 0.284894
9126.50000 0.284993
9126.95020 0.285092
9127.40137 0.285192
9127.85156 0.285291
9128.30176 0.28539
9128.75293 0.28549
9129.20312 0.285589
9129.65430 0.285689
9130.10547 0.285786
9130.55566 0.285874
9131.00684 0.285963
9131.45703 0.286052
9131.90820 0.286141
9132.35938 0.28623
9132.80957 0.286319
9133.26074 0.286408
9133.71191 0.286497
9134.16309 0.286586
9134.61328 0.286675
9135.06445 0.286764
9135.51562 0.286853
9135.96680 0.286942
9136.41797 0.287031
9136.86914 0.28712
9137.32031 0.287209
9137.77148 0.287298
9138.22168 0.287387
9138.67285 0.287476
9139.12402 0.287565
9139.57520 0.287654
9140.02734 0.287744
9140.47852 0.287844
9140.92969 0.287944
9141.38086 0.288044
9141.83203 0.288144
9142.28320 0.288245
9142.73438 0.288345
9143.18652 0.288445
9143.63770 0.288545
9144.08887 0.288646
9144.54004 0.288746
9144.99219 0.288846
9145.44336 0.288946
9145.89453 0.289047
9146.34668 0.289147
9146.79785 0.289247
9147.25000 0.289348
9147.70117 0.289448
9148.15234 0.289549
9148.60352 0.289649
9149.05566 0.28975
9149.50781 0.28985
9149.95996 0.289951
9150.41113 0.290041
9150.86328 0.290131
9151.31445 0.290221
9151.76660 0.290311
9152.21875 0.290401
9152.66992 0.29049
9153.12207 0.29058
9153.57422 0.29067
9154.02637 0.29076
9154.47754 0.290849
9154.92969 0.29094
9155.38184 0.291029
9155.83398 0.291119
9156.28613 0.291209
9156.73828 0.291299
9157.19043 0.291389
9157.64258 0.291479
9158.09473 0.291569
9158.54688 0.291659
9158.99902 0.291749
9159.45117 0.291839
9159.90332 0.291929
9160.35547 0.292027
9160.80762 0.292129
9161.25977 0.29223
9161.71191 0.292331
9162.16406 0.292432
9162.61621 0.292533
9163.06934 0.292635
9163.52148 0.292736
9163.97363 0.292837
9164.42578 0.292938
9164.87891 0.29304
9165.33105 0.293141
9165.78320 0.293243
9166.23633 0.293344
9166.68848 0.293445
9167.14160 0.293547
9167.59375 0.293648
9168.04688 0.29375
9168.49902 0.293851
9168.95215 0.293953
9169.40430 0.294054
9169.85742 0.294156
9170.30957 0.29425
9170.76270 0.294341
9171.21582 0.294431
9171.66797 0.294522
9172.12109 0.294612
9172.57422 0.294703
9173.02637 0.294794
9173.47852 0.294884
9173.93262 0.294975
9174.38574 0.295066
9174.83789 0.295156
9175.29102 0.295247
9175.74414 0.295338
9176.19727 0.295429
9176.65039 0.295519
9177.10352 0.29561
9177.55664 0.295701
9178.00977 0.295792
9178.46289 0.295883
9178.91602 0.295973
9179.36914 0.296064
9179.82227 0.296155
9180.27539 0.296253
9180.72852 0.296355
9181.18164 0.296457
9181.63477 0.296559
9182.08887 0.296662
9182.54199 0.296764
9182.99512 0.296866
9183.44824 0.296969
9183.90234 0.297071
9184.35547 0.297173
9184.80859 0.297276
9185.26270 0.297378
9185.71582 0.29748
9186.16895 0.297583
9186.62305 0.297685
9187.07617 0.297788
9187.53027 0.29789
9187.98340 0.297993
9188.43848 0.298096
9188.89062 0.298198
9189.34473 0.298301
9189.79785 0.298403
9190.25195 0.2985
9190.70508 0.298591
9191.15918 0.298683
9191.61328 0.298774
9192.06641 0.298865
9192.52148 0.298957
9192.97461 0.299048
9193.42871 0.29914
9193.88184 0.299231
9194.33594 0.299323
9194.79004 0.299415
9195.24414 0.299506
9195.69824 0.299598
9196.15234 0.299689
9196.60645 0.299781
9197.06055 0.299873
9197.51465 0.299964
9197.96777 0.300056
9198.42285 0.300148
9198.87695 0.300239
9199.33105 0.300331
9199.78516 0.300422
9200.23926 0.300515
9200.69336 0.300609
9201.14746 0.300703
9201.60156 0.300797
9202.05566 0.300891
9202.51074 0.300986
9202.96484 0.301045
9203.41895 0.301103
9203.87305 0.301162
9204.32812 0.30122
9204.78223 0.301279
9205.23633 0.301337
9205.69141 0.301395
9206.14648 0.301454
9206.60059 0.301512
9207.05469 0.301571
9207.50977 0.301629
9207.96387 0.301688
9208.41895 0.301746
9208.87305 0.301805
9209.32812 0.301863
9209.78223 0.301922
9210.23730 0.301974
9210.69141 0.302021
9211.14648 0.302069
9211.60156 0.302116
9212.05566 0.302163
9212.51074 0.30221
9212.96582 0.302257
9213.42090 0.302304
9213.87500 0.302352
9214.33008 0.302399
9214.78516 0.302446
9215.24023 0.302493
9215.69531 0.30254
9216.15039 0.302588
9216.60547 0.302635
9217.06055 0.302682
9217.51562 0.302729
9217.97070 0.302776
9218.42578 0.302824
9218.88086 0.302871
9219.33594 0.302918
9219.79102 0.302965
9220.24609 0.303019
9220.70117 0.303078
9221.15625 0.303136
9221.61133 0.303195
9222.06738 0.303254
9222.52246 0.303313
9222.97754 0.303372
9223.43262 0.303431
9223.88867 0.30349
9224.34375 0.303549
9224.79883 0.303608
9225.25488 0.303667
9225.70996 0.303726
9226.16504 0.303785
9226.62109 0.303844
9227.07617 0.303903
9227.53223 0.303962
9227.98730 0.304021
9228.44336 0.30408
9228.89844 0.304139
9229.35352 0.304198
9229.81055 0.304257
9230.26562 0.304317
9230.72168 0.304376
9231.17773 0.304436
9231.63281 0.304496
9232.08887 0.304556
9232.54492 0.304615
9233.00000 0.304675
9233.45605 0.304735
9233.91211 0.304795
9234.36816 0.304854
9234.82422 0.304914
9235.28027 0.304974
9235.73535 0.305034
9236.19141 0.305094
9236.64746 0.305153
9237.10352 0.305213
9237.55957 0.305273
9238.01562 0.305333
9238.47168 0.305393
9238.92773 0.305453
9239.38379 0.305512
9239.84082 0.305572
9240.29688 0.30564
9240.75293 0.305712
9241.20898 0.305783
9241.66504 0.305855
9242.12109 0.305927
9242.57812 0.305998
9243.03418 0.30607
9243.49023 0.306142
9243.94629 0.306214
9244.40332 0.306285
9244.85938 0.306357
9245.31641 0.306429
9245.77246 0.306501
9246.22852 0.306573
9246.68555 0.306644
9247.14160 0.306716
9247.59863 0.306788
9248.05469 0.30686
9248.51172 0.306932
9248.96777 0.307004
9249.42480 0.307076
9249.88184 0.307148
9250.33789 0.307211
9250.79492 0.307271
9251.25195 0.307332
9251.70801 0.307392
9252.16504 0.307453
9252.62207 0.307513
9253.07910 0.307573
9253.53516 0.307633
9253.99219 0.307694
9254.44922 0.307754
9254.90625 0.307814
9255.36328 0.307875
9255.82031 0.307935
9256.27734 0.307996
9256.73438 0.308056
9257.19141 0.308117
9257.64844 0.308177
9258.10547 0.308237
9258.56348 0.308298
9259.01953 0.308358
9259.47656 0.308419
9259.93359 0.308479
9260.39062 0.30855
9260.84766 0.308622
9261.30469 0.308694
9261.76270 0.308767
9262.21973 0.308839
9262.67676 0.308912
9263.13379 0.308984
9263.59180 0.309057
9264.04883 0.309129
9264.50586 0.309202
9264.96387 0.309274
9265.42090 0.309347
9265.87891 0.309419
9266.33594 0.309492
9266.79297 0.309564
9267.25098 0.309637
9267.70801 0.30971
9268.16602 0.309782
9268.62402 0.309855
9269.08105 0.309927
9269.53906 0.31
9269.99609 0.310073
9270.45410 0.310134
9270.91211 0.310194
9271.36914 0.310255
9271.82715 0.310316
9272.28516 0.310377
9272.74316 0.310438
9273.20020 0.310499
9273.65820 0.31056
9274.11621 0.310621
9274.57422 0.310681
9275.03223 0.310742
9275.49023 0.310803
9275.94824 0.310864
9276.40625 0.310925
9276.86426 0.310986
9277.32227 0.311047
9277.78027 0.311108
9278.23828 0.311169
9278.69629 0.31123
9279.15430 0.311291
9279.61230 0.311352
9280.07031 0.311415
9280.52832 0.311488
9280.98633 0.311561
9281.44531 0.311634
9281.90332 0.311707
9282.36133 0.31178
9282.81934 0.311853
9283.27832 0.311927
9283.73633 0.312
9284.19434 0.312073
9284.65332 0.312146
9285.11133 0.312219
9285.56934 0.312292
9286.02832 0.312366
9286.48633 0.312439
9286.94531 0.312512
9287.40332 0.312586
9287.86230 0.312659
9288.32031 0.312732
9288.77930 0.312805
9289.23828 0.312879
9289.69629 0.312952
9290.15527 0.313021
9290.61426 0.313083
9291.07227 0.313144
9291.53125 0.313206
9291.99023 0.313267
9292.44824 0.313328
9292.90723 0.31339
9293.36621 0.313451
9293.82520 0.313513
9294.28418 0.313574
9294.74316 0.313636
9295.20117 0.313697
9295.66016 0.313758
9296.11914 0.31382
9296.57812 0.313881
9297.03711 0.313943
9297.49609 0.314005
9297.95508 0.314066
9298.41406 0.314128
9298.87402 0.314189
9299.33301 0.314251
9299.79199 0.314312
9300.25098 0.314381
9300.70996 0.314454
9301.16895 0.314528
9301.62891 0.314602
9302.08789 0.314676
9302.54688 0.314749
9303.00586 0.314754
9303.46582 0.314757
9303.92480 0.31476
9304.38379 0.314764
9304.84375 0.314767
9305.30273 0.314771
9305.76270 0.314774
9306.22168 0.314778
9306.68164 0.314781
9307.14062 0.314785
9307.60059 0.314788
9308.05957 0.314792
9308.51953 0.314795
9308.97852 0.314798
9309.43848 0.314802
9309.89844 0.314805
9310.35742 0.314799
9310.81738 0.314791
9311.27734 0.314782
9311.73633 0.314773
9312.19629 0.314765
9312.65625 0.314756
9313.11621 0.314747
9313.57617 0.314738
9314.03516 0.31473
9314.49512 0.314721
9314.95508 0.314712
9315.41504 0.314704
9315.87500 0.314695
9316.33496 0.314686
9316.79492 0.314677
9317.25488 0.314669
9317.71484 0.31466
9318.17480 0.314651
9318.63477 0.314642
9319.09473 0.314634
9319.55469 0.314625
9320.01562 0.314617
9320.47559 0.31462
9320.93555 0.314624
9321.39648 0.314627
9321.85547 0.31463
9322.31641 0.314634
9322.77637 0.314637
9323.23633 0.314641
9323.69727 0.314644
9324.15723 0.314647
9324.61719 0.314651
9325.07812 0.314654
9325.53809 0.314658
9325.99902 0.314661
9326.45898 0.314664
9326.91992 0.314668
9327.37988 0.314671
9327.84082 0.314675
9328.30078 0.314678
9328.76172 0.314681
9329.22266 0.314685
9329.68262 0.314688
9330.14355 0.314688
9330.60352 0.314679
9331.06445 0.31467
9331.52539 0.314661
9331.98633 0.314652
9332.44727 0.314644
9332.90723 0.314635
9333.36816 0.314626
9333.82910 0.314617
9334.29004 0.314608
9334.75098 0.314599
9335.21191 0.314591
9335.67285 0.314582
9336.13379 0.314573
9336.59473 0.314564
9337.05566 0.314555
9337.51660 0.314546
9337.97754 0.314538
9338.43848 0.314529
9338.89941 0.31452
9339.36035 0.314511
9339.82129 0.314502
9340.28320 0.314501
9340.74414 0.314504
9341.20508 0.314507
9341.66602 0.314511
9342.12695 0.314514
9342.58887 0.314517
9343.04980 0.314521
9343.51074 0.314524
9343.97266 0.314527
9344.43359 0.314531
9344.89648 0.314534
9345.35645 0.314537
9345.81738 0.314541
9346.27930 0.314544
9346.74023 0.314547
9347.20215 0.314551
9347.66406 0.314554
9348.12500 0.314557
9348.58691 0.31456
9349.04785 0.314564
9349.50977 0.314567
9349.97168 0.31457
9350.43262 0.314562
9350.89453 0.314553
9351.35645 0.314544
9351.81836 0.314535
9352.27930 0.314526
9352.74121 0.314517
9353.20312 0.314508
9353.66504 0.314499
9354.12695 0.314491
9354.58887 0.314482
9355.05078 0.314473
9355.51270 0.314464
9355.97461 0.314455
9356.43652 0.314446
9356.89844 0.314437
9357.36035 0.314428
9357.82227 0.314419
9358.28418 0.31441
9358.74609 0.314401
9359.20801 0.314392
9359.66992 0.314383
9360.13184 0.314377
9360.59473 0.31438
9361.05664 0.314384
9361.51855 0.314387
9361.98047 0.31439
9362.44336 0.314393
9362.90527 0.314397
9363.36719 0.3144
9363.83008 0.314403
9364.29199 0.314406
9364.75391 0.31441
9365.21680 0.314413
9365.67871 0.314416
9366.14160 0.314419
9366.60352 0.314422
9367.06641 0.314426
9367.52832 0.314429
9367.99121 0.314432
9368.45410 0.314435
9368.91602 0.314438
9369.37891 0.314442
9369.84180 0.314445
9370.30371 0.31444
9370.76660 0.314431
9371.22852 0.314422
9371.69238 0.314413
9372.15430 0.314404
9372.61719 0.314395
9373.08008 0.314385
9373.54297 0.314376
9374.00586 0.314367
9374.46875 0.314358
9374.93164 0.314349
9375.39355 0.31434
9375.85645 0.314331
9376.31934 0.314321
9376.78223 0.314312
