threeML/data/optical_filters/HST/WFC3_UVIS2-FQ727N.ecsv
# %ECSV 0.9
# ---
# datatype:
# - {name: wavelength, unit: Angstrom, datatype: float32}
# - {name: response, datatype: float32}
# meta: !!omap
# - {band_name: FQ727N}
# - {group_name: WFC3_UVIS2}
wavelength response
6480.11230 0.0
7200.12500 0.000407
7201.35693 0.000451
7202.58887 0.000501
7203.82178 0.000556
7205.05420 0.000616
7206.28711 0.000691
7207.52002 0.000773
7208.75293 0.000869
7209.98584 0.000982
7211.22021 0.001118
7212.45410 0.001255
7213.68799 0.00144
7214.92090 0.001644
7216.15576 0.001862
7217.39111 0.00213
7218.62500 0.002458
7219.85986 0.002875
7221.09619 0.003315
7222.33105 0.003886
7223.56689 0.004554
7224.80322 0.005366
7226.03906 0.006343
7227.27490 0.00751
7228.51123 0.009099
7229.74805 0.010893
7230.98486 0.013173
7232.22217 0.016011
7233.45898 0.019588
7234.69678 0.024081
7235.93506 0.029674
7237.17285 0.037267
7238.41113 0.046258
7239.64893 0.057069
7240.88818 0.069868
7242.12695 0.08559
7243.36621 0.103401
7244.60498 0.121356
7245.84521 0.141066
7247.08398 0.158131
7248.32422 0.17195
7249.56396 0.181796
7250.80518 0.188254
7252.04492 0.191022
7253.28613 0.191025
7254.52686 0.18945
7255.76807 0.186629
7257.00879 0.184227
7258.25098 0.182016
7259.49316 0.179925
7260.73389 0.178797
7261.97705 0.178786
7263.21924 0.179247
7264.46191 0.180415
7265.70508 0.182114
7266.94824 0.184481
7268.19092 0.186988
7269.43506 0.190061
7270.67822 0.193159
7271.92188 0.196071
7273.16699 0.198625
7274.41113 0.200614
7275.65479 0.202518
7276.89990 0.203393
7278.14502 0.203585
7279.39014 0.202856
7280.63623 0.201845
7281.88086 0.200573
7283.12695 0.198758
7284.37305 0.196528
7285.62012 0.194111
7286.86621 0.192089
7288.11279 0.19022
7289.35889 0.188368
7290.60596 0.187548
7291.85400 0.186712
7293.10205 0.186256
7294.34912 0.185975
7295.59717 0.185718
7296.84521 0.185228
7298.09424 0.183891
7299.34180 0.181289
7300.59082 0.176463
7301.83984 0.169446
7303.08887 0.160082
7304.33887 0.147049
7305.58887 0.132724
7306.83789 0.117406
7308.08887 0.101572
7309.33887 0.086277
7310.58887 0.071628
7311.83984 0.059627
7313.09082 0.048761
7314.34180 0.040021
7315.59424 0.032803
7316.84521 0.02694
7318.09717 0.022135
7319.34912 0.017982
7320.60205 0.014953
7321.85400 0.012431
7323.10596 0.010367
7324.35889 0.008703
7325.61279 0.007335
7326.86621 0.006223
7328.12012 0.005233
7329.37305 0.004483
7330.62695 0.00387
7331.88086 0.003307
7333.13623 0.002882
7334.39111 0.002489
7335.64502 0.002173
7336.89990 0.001882
7338.15479 0.001645
7339.41113 0.001462
7340.66699 0.001279
7341.92188 0.001129
7343.17920 0.001001
7344.43506 0.000884
7345.69092 0.0008
7346.94824 0.000709
7348.20508 0.000635
7349.46191 0.00057
7350.72021 0.000511
7351.97803 0.000454
7353.23486 0.000417
8088.55859 0.0
