threeML/data/optical_filters/HST/WFC3_UVIS2-F395N.ecsv
# %ECSV 0.9
# ---
# datatype:
# - {name: wavelength, unit: Angstrom, datatype: float32}
# - {name: response, datatype: float32}
# meta: !!omap
# - {band_name: F395N}
# - {group_name: WFC3_UVIS2}
wavelength response
3496.90503 0.0
3885.44995 0.000417
3886.11499 0.000458
3886.78003 0.000519
3887.44507 0.000582
3888.11011 0.000649
3888.77490 0.000739
3889.43994 0.000828
3890.10596 0.000916
3890.77100 0.001034
3891.43701 0.001162
3892.10303 0.001299
3892.76904 0.001459
3893.43506 0.001644
3894.10107 0.001854
3894.76709 0.002129
3895.43408 0.002424
3896.10010 0.002741
3896.76709 0.003143
3897.43311 0.003592
3898.10010 0.004089
3898.76709 0.004756
3899.43408 0.005492
3900.10107 0.006298
3900.76904 0.007348
3901.43604 0.008548
3902.10400 0.009897
3902.77100 0.011614
3903.43896 0.013599
3904.10693 0.015851
3904.77490 0.018739
3905.44312 0.021919
3906.11108 0.025394
3906.77905 0.029914
3907.44800 0.035178
3908.11597 0.041176
3908.78491 0.048615
3909.45410 0.056782
3910.12305 0.065672
3910.79199 0.076407
3911.46094 0.088066
3912.12988 0.10059
3912.79907 0.114366
3913.46899 0.128121
3914.13794 0.141843
3914.80811 0.155225
3915.47803 0.167685
3916.14795 0.179257
3916.81812 0.188667
3917.48804 0.196334
3918.15796 0.20253
3918.82910 0.207102
3919.49902 0.210347
3920.16992 0.212579
3920.84009 0.214241
3921.51099 0.214795
3922.18188 0.214611
3922.85303 0.214503
3923.52393 0.214386
3924.19604 0.214201
3924.86694 0.213589
3925.53906 0.213435
3926.20996 0.213534
3926.88208 0.213585
3927.55396 0.213617
3928.22607 0.213715
3928.89795 0.214174
3929.57007 0.214543
3930.24194 0.214952
3930.91504 0.215691
3931.58691 0.216219
3932.26001 0.216707
3932.93311 0.217365
3933.60596 0.218033
3934.27905 0.218665
3934.95190 0.21918
3935.62500 0.219774
3936.29907 0.220368
3936.97192 0.220897
3937.64600 0.221212
3938.31909 0.221486
3938.99292 0.221798
3939.66699 0.221932
3940.34106 0.222024
3941.01489 0.222115
3941.68994 0.222081
3942.36401 0.222075
3943.03906 0.222156
3943.71289 0.221825
3944.38794 0.221641
3945.06299 0.221754
3945.73804 0.221613
3946.41309 0.221499
3947.08789 0.221447
3947.76294 0.221404
3948.43896 0.221122
3949.11499 0.220578
3949.79004 0.220864
3950.46606 0.220883
3951.14209 0.220658
3951.81812 0.220739
3952.49390 0.220703
3953.16992 0.22056
3953.84595 0.22026
3954.52295 0.22026
3955.19995 0.220407
3955.87598 0.22016
3956.55298 0.22024
3957.22998 0.220476
3957.90698 0.22057
3958.58398 0.2207
3959.26196 0.22075
3959.93896 0.22043
3960.61694 0.220433
3961.29395 0.22052
3961.97192 0.22052
3962.64990 0.220554
3963.32788 0.220552
3964.00610 0.220446
3964.68408 0.220343
3965.36304 0.220152
3966.04102 0.219799
3966.71899 0.219513
3967.39795 0.219264
3968.07690 0.219056
3968.75610 0.218777
3969.43506 0.21844
3970.11401 0.218038
3970.79297 0.217689
3971.47290 0.217335
3972.15210 0.216956
3972.83203 0.216111
3973.51099 0.215708
3974.19092 0.215605
3974.87109 0.215188
3975.55200 0.214815
3976.23193 0.214437
3976.91211 0.213893
3977.59204 0.213488
3978.27295 0.213154
3978.95410 0.212849
3979.63403 0.212608
3980.31494 0.212514
3980.99609 0.212747
3981.67700 0.212654
3982.35889 0.212682
3983.04004 0.213091
3983.72095 0.213368
3984.40308 0.213556
3985.08496 0.21364
3985.76709 0.213767
3986.44800 0.213771
3987.13110 0.213634
3987.81299 0.213243
3988.49512 0.212211
3989.17700 0.210582
3989.86011 0.208338
3990.54297 0.205078
3991.22510 0.200997
3991.90796 0.195941
3992.59106 0.189623
3993.27393 0.182191
3993.95801 0.172866
3994.64111 0.162413
3995.32397 0.151309
3996.00806 0.139525
3996.69189 0.128049
3997.37500 0.116474
3998.06006 0.104608
3998.74292 0.093602
3999.42798 0.083167
4000.11206 0.073356
4000.79590 0.064693
4001.48096 0.056669
4002.16602 0.049285
4002.85010 0.042945
4003.53491 0.037281
4004.21997 0.032208
4004.90503 0.027954
4005.59009 0.02428
4006.27588 0.021003
4006.96094 0.018144
4007.64697 0.015727
4008.33301 0.013596
4009.01807 0.011806
4009.70410 0.010314
4010.38989 0.009001
4011.07593 0.00789
4011.76294 0.006928
4012.44897 0.006086
4013.13501 0.005367
4013.82202 0.004797
4014.50903 0.004256
4015.19604 0.003747
4015.88306 0.003321
4016.57007 0.002948
4017.25708 0.002618
4017.94409 0.002339
4018.63208 0.002096
4019.31909 0.001874
4020.00708 0.001673
4020.69507 0.001496
4021.38306 0.001333
4022.07104 0.001186
4022.75903 0.001074
4023.44702 0.000969
4024.13599 0.000867
4024.82397 0.000788
4025.51294 0.000714
4026.20190 0.000644
4026.88989 0.000587
4027.57910 0.000534
4028.26904 0.000486
4028.95801 0.000437
4029.64697 0.000401
4432.61182 0.0
