threeML/data/optical_filters/HST/WFC3_UVIS2-F438W.ecsv
# %ECSV 0.9
# ---
# datatype:
# - {name: wavelength, unit: Angstrom, datatype: float32}
# - {name: response, datatype: float32}
# meta: !!omap
# - {band_name: F438W}
# - {group_name: WFC3_UVIS2}
wavelength response
[from data line 805]
4415.87695 0.224846
4416.63281 0.224874
4417.38916 0.224903
4418.14502 0.224932
4418.89990 0.22496
4419.65576 0.224989
4420.41309 0.225025
4421.16895 0.225069
4421.92480 0.225221
4422.68213 0.225385
4423.43799 0.225549
4424.19482 0.225713
4424.95215 0.225877
4425.70898 0.226042
4426.46680 0.226206
4427.22412 0.22637
4427.98096 0.226535
4428.73877 0.226699
4429.49707 0.226864
4430.25391 0.227026
4431.01318 0.227182
4431.77100 0.227391
4432.52881 0.227624
4433.28809 0.227856
4434.04590 0.228088
4434.80518 0.228321
4435.56299 0.228553
4436.32178 0.228786
4437.08105 0.229019
4437.83984 0.229252
4438.60010 0.229485
4439.35889 0.229718
4440.11914 0.229951
4440.87793 0.230184
4441.63818 0.2304
4442.39795 0.230601
4443.15820 0.230802
4443.91797 0.231003
4444.67920 0.231204
4445.43896 0.231405
4446.20020 0.231606
4446.95996 0.231807
4447.72119 0.232008
4448.48193 0.232209
4449.24316 0.232411
4450.00488 0.232612
4450.76611 0.232814
4451.52686 0.233009
4452.28906 0.233195
4453.05078 0.233381
4453.81299 0.233567
4454.57520 0.233753
4455.33691 0.233939
4456.09912 0.234125
4456.86182 0.234311
4457.62402 0.234497
4458.38721 0.234684
4459.14990 0.23487
4459.91309 0.235056
4460.67578 0.235256
4461.43896 0.235436
4462.20215 0.235545
4462.96582 0.235654
4463.72900 0.235764
4464.49316 0.235873
4465.25684 0.235983
4466.02100 0.236092
4466.78516 0.236202
4467.54883 0.236312
4468.31299 0.236421
4469.07812 0.236531
4469.84277 0.236641
4470.60693 0.236738
4471.37305 0.236825
4472.13721 0.236866
4472.90186 0.236907
4473.66797 0.236949
4474.43311 0.23699
4475.19922 0.237031
4475.96387 0.237073
4476.72998 0.237114
4477.49609 0.237156
4478.26221 0.237197
4479.02783 0.237238
4479.79492 0.23728
4480.56201 0.237321
4481.32812 0.237363
4482.09521 0.237404
4482.86084 0.237446
4483.62793 0.237487
4484.39600 0.237528
4485.16309 0.23757
4485.93018 0.237611
4486.69824 0.237652
4487.46484 0.237694
4488.23291 0.237735
4489.00098 0.237777
4489.76904 0.237818
4490.53809 0.237859
4491.30615 0.237901
4492.07422 0.237956
4492.84277 0.238011
4493.61084 0.238066
4494.37988 0.238121
4495.14893 0.238176
4495.91797 0.238232
4496.68701 0.238287
4497.45703 0.238342
4498.22705 0.238397
4498.99609 0.238452
4499.76611 0.238507
4500.53613 0.238554
4501.30615 0.238599
4502.07617 0.238664
4502.84619 0.238729
4503.61719 0.238794
4504.38721 0.238859
4505.15820 0.238924
4505.92920 0.238989
4506.69922 0.239054
4507.47119 0.239119
4508.24219 0.239184
4509.01318 0.239249
4509.78516 0.239314
4510.55615 0.239391
4511.32812 0.239465
4512.10010 0.239466
4512.87207 0.239467
4513.64404 0.239468
4514.41602 0.239469
4515.18799 0.239469
4515.96094 0.23947
4516.73389 0.239471
4517.50586 0.239472
4518.27881 0.239473
4519.05176 0.239474
4519.82617 0.239474
4520.59912 0.239463
4521.37305 0.239433
4522.14600 0.23931
4522.91895 0.239186
4523.69287 0.239063
4524.46680 0.238939
4525.24219 0.238815
4526.01611 0.238692
4526.79004 0.238568
4527.56494 0.238444
4528.33887 0.23832
4529.11377 0.238197
4529.88916 0.238073
4530.66406 0.237949
4531.43896 0.237803
4532.21387 0.237579
4532.99023 0.237355
4533.76611 0.237131
4534.54199 0.236907
4535.31689 0.236683
4536.09277 0.236458
4536.86914 0.236234
4537.64600 0.23601
4538.42188 0.235785
4539.19824 0.235561
4539.97510 0.235336
4540.75098 0.235112
4541.52881 0.23489
4542.30615 0.234675
4543.08301 0.23446
4543.85986 0.234245
4544.63818 0.23403
4545.41504 0.233815
4546.19287 0.2336
4546.97119 0.233385
4547.74902 0.233169
4548.52686 0.232954
4549.30518 0.232738
4550.08301 0.232523
4550.86182 0.232307
4551.64014 0.232126
4552.41895 0.231982
4553.19824 0.231839
4553.97705 0.231695
4554.75586 0.231552
4555.53613 0.231409
4556.31494 0.231265
4557.09521 0.231122
4557.87402 0.230978
4558.65381 0.230834
4559.43408 0.230691
4560.21387 0.230551
4560.99414 0.230423
4561.77490 0.23029
4562.55518 0.230156
4563.33594 0.230021
4564.11719 0.229886
4564.89697 0.229751
4565.67920 0.229616
4566.45898 0.229481
4567.24121 0.229346
4568.02197 0.229211
4568.80420 0.229076
4569.58496 0.228941
4570.36816 0.228798
4571.14893 0.228648
4571.93213 0.228341
4572.71387 0.228001
4573.49609 0.227662
4574.27881 0.227323
4575.06104 0.226984
4575.84424 0.226644
4576.62695 0.226305
4577.41016 0.225965
4578.19287 0.225625
4578.97705 0.225285
4579.75977 0.224946
4580.54297 0.224606
4581.32715 0.22425
4582.11084 0.223635
4582.89502 0.223019
4583.67920 0.222404
4584.46289 0.221788
4585.24805 0.221172
4586.03223 0.220556
4586.81689 0.219939
4587.60205 0.219323
4588.38721 0.218706
4589.17090 0.218089
4589.95703 0.217472
4590.74219 0.216855
4591.52686 0.216224
4592.31299 0.215561
4593.09912 0.214897
4593.88477 0.214234
4594.67090 0.21357
4595.45703 0.212906
4596.24316 0.212243
4597.02881 0.211579
4597.81592 0.210914
4598.60303 0.21025
4599.39014 0.209585
4600.17578 0.20892
4600.96289 0.208255
4601.75000 0.207796
4602.53809 0.207482
4603.32520 0.207169
4604.11279 0.206855
4604.90088 0.206541
4605.68799 0.206227
4606.47705 0.205912
4607.26514 0.205598
4608.05322 0.205284
4608.84082 0.20497
4609.62988 0.204655
4610.41895 0.204348
4611.20801 0.204047
4611.99707 0.204351
4612.78613 0.204729
4613.57520 0.205106
4614.36377 0.205483
4615.15381 0.205861
4615.94287 0.206239
4616.73291 0.206616
4617.52295 0.206994
4618.31299 0.207373
4619.10303 0.207751
4619.89404 0.208129
4620.68408 0.208496
4621.47510 0.208945
4622.26514 0.20968
4623.05615 0.210416
4623.84717 0.211152
4624.63818 0.211888
4625.42920 0.212623
4626.22119 0.21336
4627.01221 0.214096
4627.80420 0.214833
4628.59619 0.21557
4629.38818 0.216307
4630.18018 0.217044
4630.97217 0.217777
4631.76416 0.217779
4632.55713 0.217272
4633.34912 0.216765
4634.14209 0.216257
4634.93506 0.215749
4635.72803 0.215242
4636.52100 0.214734
4637.31396 0.214226
4638.10791 0.213718
4638.90088 0.213209
4639.69482 0.212701
4640.48877 0.212193
4641.28320 0.211684
4642.07715 0.208545
4642.87109 0.205351
4643.66602 0.202156
4644.45996 0.19896
4645.25488 0.195762
4646.04883 0.192565
4646.84424 0.189367
4647.64014 0.186166
4648.43506 0.182967
4649.22998 0.179766
4650.02490 0.176564
4650.82080 0.173363
4651.61719 0.169409
4652.41309 0.164311
4653.20801 0.159213
4654.00488 0.154111
4654.80078 0.149012
4655.59717 0.14391
4656.39404 0.138803
4657.18994 0.1337
4657.98682 0.128593
4658.78418 0.123486
4659.58203 0.118375
4660.37891 0.113264
4661.17578 0.108153
4661.97412 0.103719
4662.77100 0.099415
4663.56885 0.095107
4664.36719 0.0908
4665.16504 0.08649
4665.96289 0.082179
4666.76123 0.07787
4667.56006 0.073556
4668.35791 0.069245
4669.15723 0.06493
4669.95605 0.060615
4670.75488 0.056301
4671.55420 0.052579
4672.35400 0.050173
4673.15283 0.047767
4673.95312 0.045358
4674.75195 0.04295
4675.55176 0.04054
4676.35205 0.03813
4677.15186 0.03572
4677.95215 0.033308
4678.75293 0.030894
4679.55322 0.02848
4680.35400 0.026064
4681.15479 0.023647
4681.95605 0.02233
4682.75684 0.021278
4683.55811 0.020226
4684.35889 0.019173
4685.16113 0.01812
4685.96191 0.017066
4686.76416 0.016013
4687.56592 0.014959
4688.36816 0.013905
4689.16992 0.012851
4689.97217 0.011796
4690.77490 0.010741
4691.57715 0.009888
4692.37988 0.009443
4693.18311 0.008998
4693.98584 0.008553
4694.78906 0.008108
4695.59180 0.007663
4696.39600 0.007218
4697.19922 0.006773
4698.00293 0.006328
4698.80713 0.005882
4699.60986 0.005437
4700.41504 0.004991
4701.21924 0.004545
4702.02295 0.004322
4702.82812 0.004129
4703.63184 0.003935
4704.43701 0.003742
4705.24219 0.003549
4706.04688 0.003356
4706.85205 0.003162
4707.65820 0.002969
4708.46289 0.002776
4709.26904 0.002582
4710.07422 0.002388
4710.87988 0.002195
4711.68604 0.002052
4712.49219 0.001969
4713.29785 0.001886
4714.10498 0.001802
4714.91211 0.001719
4715.71777 0.001636
4716.52490 0.001553
4717.33203 0.00147
4718.13916 0.001386
4718.94580 0.001303
4719.75391 0.00122
4720.56201 0.001136
4721.36914 0.001056
4722.17676 0.001016
4722.98486 0.000977
4723.79297 0.000937
4724.60107 0.000898
4725.40918 0.000858
4726.21777 0.000818
4727.02588 0.000779
4727.83496 0.000739
4728.64404 0.0007
4729.45312 0.00066
4730.26221 0.00062
4731.07178 0.000581
4731.88086 0.000554
4732.69092 0.000534
4733.50000 0.000514
4734.31104 0.000494
4735.12109 0.000474
4735.93115 0.000454
4736.74121 0.000433
4737.55078 0.000413
5211.30566 0.0
