threeML/data/optical_filters/HST/WFC3_UVIS2-F343N.ecsv
# %ECSV 0.9
# ---
# datatype:
# - {name: wavelength, unit: Angstrom, datatype: float32}
# - {name: response, datatype: float32}
# meta: !!omap
# - {band_name: F343N}
# - {group_name: WFC3_UVIS2}
wavelength response
2897.04248 0.0
3218.93604 0.000411
3219.48706 0.000425
3220.03809 0.000439
3220.58789 0.000452
3221.13892 0.000466
3221.69092 0.00048
3222.24194 0.000493
3222.79297 0.000507
3223.34399 0.000521
3223.89600 0.000534
3224.44800 0.000548
3224.99902 0.000562
3225.55103 0.000575
3226.10303 0.000589
3226.65503 0.000603
3227.20703 0.000616
3227.75903 0.00063
3228.31104 0.000644
3228.86401 0.000658
3229.41602 0.000671
3229.96899 0.000685
3230.52100 0.000699
3231.07397 0.000712
3231.62695 0.000726
3232.17993 0.00074
3232.73291 0.000753
3233.28589 0.000767
3233.83911 0.000781
3234.39209 0.000795
3234.94604 0.000808
3235.49902 0.000822
3236.05298 0.000836
3236.60596 0.00085
3237.15991 0.000863
3237.71411 0.000877
3238.26807 0.000891
3238.82202 0.000905
3239.37598 0.000918
3239.92993 0.000932
3240.48511 0.000946
3241.03906 0.000959
3241.59399 0.000973
3242.14795 0.000987
3242.70288 0.001001
3243.25806 0.001014
3243.81299 0.001028
3244.36792 0.001042
3244.92310 0.001055
3245.47803 0.001069
3246.03296 0.001083
3246.58911 0.001096
3247.14404 0.00111
3247.69995 0.001124
3248.25610 0.001138
3248.81104 0.001151
3249.36694 0.001165
3249.92310 0.001179
3250.47900 0.001192
3251.03491 0.001206
3251.59204 0.00122
3252.14795 0.001234
3252.70410 0.001248
3253.26099 0.001261
3253.81689 0.001275
3254.37402 0.001289
3254.93091 0.001303
3255.48804 0.001317
3256.04492 0.00133
3256.60205 0.001344
3257.15894 0.001358
3257.71606 0.001372
3258.27393 0.001385
3258.83105 0.001399
3259.38892 0.001413
3259.94702 0.001427
3260.50391 0.001441
3261.06201 0.001454
3261.62012 0.001468
3262.17798 0.001722
3262.73608 0.0023
3263.29395 0.002468
3263.85303 0.0024
3264.41089 0.001932
3264.96997 0.001445
3265.52808 0.002006
3266.08691 0.002528
3266.64600 0.002935
3267.20508 0.003046
3267.76392 0.002822
3268.32300 0.003187
3268.88208 0.003829
3269.44092 0.004271
3270.00098 0.004591
3270.56006 0.004066
3271.12012 0.004059
3271.67896 0.005169
3272.23901 0.005726
3272.79907 0.005789
3273.35889 0.006178
3273.91895 0.00668
3274.47900 0.007126
3275.04004 0.007497
3275.60010 0.007517
3276.15991 0.007693
3276.72095 0.00812
3277.28101 0.008898
3277.84204 0.009908
3278.40308 0.01057
3278.96411 0.011145
3279.52490 0.011477
3280.08594 0.011884
3280.64697 0.012515
3281.20801 0.013455
3281.77002 0.014744
3282.33105 0.016156
3282.89307 0.017623
3283.45508 0.017831
3284.01611 0.018117
3284.57788 0.01985
3285.13989 0.021568
3285.70190 0.023256
3286.26489 0.025061
3286.82690 0.026956
3287.38892 0.028604
3287.95190 0.030186
3288.51392 0.031769
3289.07690 0.033591
3289.63989 0.036203
3290.20190 0.038662
3290.76489 0.040937
3291.32788 0.043698
3291.89209 0.046692
3292.45508 0.050056
3293.01807 0.053349
3293.58203 0.055852
3294.14502 0.058807
3294.70801 0.062607
3295.27197 0.066128
3295.83594 0.069442
3296.39990 0.075042
3296.96411 0.081157
3297.52808 0.084951
3298.09204 0.089893
3298.65601 0.098217
3299.22095 0.10295
3299.78491 0.103798
3300.35010 0.107718
3300.91504 0.112898
3301.47900 0.119549
3302.04395 0.126368
3302.60889 0.133566
3303.17407 0.139309
3303.73999 0.14284
3304.30493 0.14686
3304.87012 0.151174
3305.43604 0.158377
3306.00098 0.165795
3306.56689 0.170404
3307.13208 0.174188
3307.69800 0.176208
3308.26392 0.178859
3308.83008 0.182024
3309.39600 0.184128
3309.96289 0.185992
3310.52905 0.190489
3311.09497 0.193984
3311.66211 0.194487
3312.22900 0.195531
3312.79492 0.197148
3313.36206 0.199355
3313.92896 0.201792
3314.49609 0.199875
3315.06299 0.19819
3315.62988 0.19832
3316.19702 0.198641
3316.76489 0.199217
3317.33203 0.199377
3317.89990 0.199329
3318.46802 0.202485
3319.03491 0.205269
3319.60303 0.203727
3320.17090 0.201513
3320.73901 0.198203
3321.30688 0.198024
3321.87500 0.199768
3322.44409 0.197296
3323.01196 0.194144
3323.58105 0.19111
3324.14990 0.189247
3324.71802 0.189649
3325.28711 0.190796
3325.85596 0.192479
3326.42505 0.192342
3326.99390 0.191903
3327.56299 0.192719
3328.13306 0.193388
3328.70190 0.193727
3329.27197 0.192786
3329.84106 0.190805
3330.41089 0.190514
3330.98096 0.190682
3331.55103 0.191442
3332.12109 0.191721
3332.69092 0.190796
3333.26099 0.191367
3333.83203 0.19326
3334.40210 0.193185
3334.97192 0.192551
3335.54297 0.192237
3336.11401 0.191455
3336.68506 0.189411
3337.25488 0.190386
3337.82593 0.194168
3338.39697 0.192993
3338.96899 0.190359
3339.54004 0.190981
3340.11108 0.191362
3340.68311 0.19107
3341.25391 0.192165
3341.82593 0.194569
3342.39795 0.194204
3342.96997 0.193022
3343.54199 0.194243
3344.11401 0.195537
3344.68604 0.197036
3345.25806 0.196873
3345.83008 0.195166
3346.40308 0.194784
3346.97510 0.194814
3347.54810 0.195529
3348.12109 0.196143
3348.69409 0.196495
3349.26709 0.197015
3349.84009 0.197683
3350.41309 0.197482
3350.98608 0.1971
3351.55908 0.198014
3352.13306 0.198194
3352.70605 0.196623
3353.28003 0.197754
3353.85400 0.201079
3354.42700 0.199696
3355.00098 0.197364
3355.57495 0.197459
3356.14990 0.197889
3356.72412 0.199022
3357.29810 0.198569
3357.87305 0.196969
3358.44702 0.200255
3359.02197 0.20389
3359.59595 0.202141
3360.17090 0.200733
3360.74609 0.199933
3361.32104 0.198975
3361.89600 0.19792
3362.47095 0.199329
3363.04712 0.200463
3363.62207 0.19782
3364.19800 0.197126
3364.77295 0.199334
3365.34912 0.20058
3365.92505 0.20134
3366.50000 0.200788
3367.07690 0.200547
3367.65308 0.202069
3368.22900 0.201461
3368.80493 0.19829
3369.38208 0.198252
3369.95801 0.199443
3370.53491 0.199475
3371.11108 0.199212
3371.68799 0.198118
3372.26489 0.19771
3372.84204 0.197953
3373.41895 0.197369
3373.99609 0.196618
3374.57300 0.197206
3375.15088 0.197874
3375.72803 0.198716
3376.30591 0.199025
3376.88403 0.198952
3377.46094 0.197829
3378.03906 0.196686
3378.61694 0.196737
3379.19507 0.196671
3379.77295 0.196421
3380.35205 0.196131
3380.92993 0.195818
3381.50806 0.195434
3382.08691 0.195254
3382.66602 0.195907
3383.24390 0.195999
3383.82300 0.195464
3384.40210 0.19498
3384.98096 0.194555
3385.56006 0.196681
3386.13989 0.197993
3386.71899 0.197311
3387.29810 0.196803
3387.87793 0.196432
3388.45801 0.196033
3389.03711 0.195649
3389.61694 0.195428
3390.19702 0.195545
3390.77710 0.196201
3391.35693 0.195841
3391.93701 0.194963
3392.51807 0.196168
3393.09790 0.197279
3393.67896 0.197543
3394.26001 0.197726
3394.84009 0.197825
3395.42090 0.197782
3396.00195 0.197713
3396.58301 0.197949
3397.16406 0.198404
3397.74512 0.19931
3398.32690 0.199227
3398.90796 0.198499
3399.48999 0.198583
3400.07104 0.198661
3400.65308 0.198153
3401.23511 0.198717
3401.81689 0.200618
3402.39893 0.199999
3402.98096 0.198436
3403.56299 0.197028
3404.14600 0.196332
3404.72803 0.197379
3405.31104 0.198875
3405.89307 0.200706
3406.47607 0.199987
3407.05908 0.199045
3407.64209 0.199374
3408.22510 0.199746
3408.80811 0.200175
3409.39111 0.19979
3409.97412 0.19907
3410.55811 0.19809
3411.14111 0.197988
3411.72510 0.200154
3412.30908 0.199403
3412.89307 0.196415
3413.47705 0.198005
3414.06104 0.199889
3414.64502 0.198714
3415.22900 0.197911
3415.81299 0.197607
3416.39795 0.196998
3416.98193 0.196278
3417.56689 0.198146
3418.15210 0.198817
3418.73608 0.196608
3419.32104 0.195947
3419.90601 0.196396
3420.49097 0.195798
3421.07690 0.194869
3421.66211 0.193023
3422.24707 0.19206
3422.83301 0.192159
3423.41797 0.192652
3424.00391 0.193208
3424.59009 0.192028
3425.17603 0.191166
3425.76196 0.190947
3426.34790 0.190183
3426.93408 0.189093
3427.52100 0.189179
3428.10693 0.18897
3428.69409 0.187279
3429.28003 0.185863
3429.86694 0.184715
3430.45410 0.184867
3431.04102 0.185167
3431.62793 0.183867
3432.21509 0.182559
3432.80200 0.181237
3433.38989 0.180616
3433.97705 0.180309
3434.56396 0.178657
3435.15210 0.177208
3435.73999 0.176313
3436.32788 0.176028
3436.91602 0.176178
3437.50391 0.175419
3438.09204 0.174485
3438.67993 0.173317
3439.26807 0.172126
3439.85693 0.170909
3440.44507 0.170215
3441.03394 0.169631
3441.62305 0.168633
3442.21191 0.167948
3442.80103 0.167769
3443.38989 0.166514
3443.97900 0.164763
3444.56812 0.164831
3445.15698 0.16446
3445.74707 0.162948
3446.33594 0.161418
3446.92603 0.159877
3447.51611 0.159505
3448.10596 0.159306
3448.69604 0.159251
3449.28589 0.158684
3449.87598 0.157613
3450.46606 0.156616
3451.05591 0.15567
3451.64697 0.154967
3452.23706 0.154231
3452.82788 0.153449
3453.41895 0.152701
3454.01001 0.15196
3454.60107 0.151052
3455.19189 0.150077
3455.78296 0.148977
3456.37402 0.148507
3456.96606 0.148375
3457.55688 0.147792
3458.14795 0.147246
3458.73999 0.146855
3459.33203 0.146467
3459.92407 0.146081
3460.51611 0.145241
3461.10791 0.144546
3461.69995 0.144678
3462.29199 0.144325
3462.88501 0.143502
3463.47705 0.143391
3464.07007 0.143283
3464.66309 0.142152
3465.25488 0.141798
3465.84790 0.142415
3466.44092 0.142254
3467.03394 0.141855
3467.62695 0.141609
3468.22095 0.141036
3468.81396 0.139938
3469.40796 0.139656
3470.00098 0.139724
3470.59497 0.139623
3471.18896 0.139601
3471.78296 0.13974
3472.37695 0.139727
3472.97095 0.139629
3473.56494 0.139472
3474.15894 0.139332
3474.75391 0.139241
3475.34790 0.139257
3475.94312 0.139346
3476.53711 0.138611
3477.13208 0.138149
3477.72705 0.138862
3478.32202 0.139143
3478.91699 0.139068
3479.51196 0.138828
3480.10791 0.138725
3480.70288 0.139326
3481.29907 0.13962
3481.89502 0.139617
3482.48999 0.139526
3483.08594 0.139543
3483.68188 0.140275
3484.27808 0.14086
3484.87402 0.14128
3485.46997 0.14138
3486.06689 0.14143
3486.66309 0.141738
3487.26001 0.141857
3487.85596 0.141734
3488.45288 0.142271
3489.05005 0.142955
3489.64697 0.143017
3490.24390 0.143386
3490.84106 0.144195
3491.43799 0.144509
3492.03589 0.144681
3492.63306 0.14537
3493.23096 0.145755
3493.82910 0.145661
3494.42603 0.146044
3495.02393 0.146612
3495.62207 0.147056
3496.21997 0.14755
3496.81812 0.148129
3497.41699 0.149034
3498.01489 0.150051
3498.61401 0.14989
3499.21191 0.150036
3499.81104 0.150745
3500.40991 0.151355
3501.00903 0.151918
3501.60791 0.152365
3502.20703 0.152787
3502.80591 0.153161
3503.40503 0.153785
3504.00488 0.154529
3504.60400 0.154589
3505.20410 0.154939
3505.80298 0.155861
3506.40308 0.156441
3507.00293 0.15685
3507.60303 0.157522
3508.20288 0.158243
3508.80396 0.159061
3509.40405 0.159081
3510.00391 0.158703
3510.60498 0.159132
3511.20605 0.159521
3511.80591 0.159836
3512.40698 0.160133
3513.00806 0.160423
3513.60889 0.161093
3514.20996 0.161672
3514.81201 0.162076
3515.41309 0.162143
3516.01392 0.162046
3516.61597 0.161516
3517.21802 0.161301
3517.82007 0.161663
3518.42090 0.162031
3519.02295 0.162405
3519.62500 0.162827
3520.22803 0.162837
3520.83008 0.162142
3521.43188 0.162089
3522.03491 0.162274
3522.63696 0.161857
3523.23999 0.16166
3523.84302 0.16181
3524.44604 0.161708
3525.04907 0.161521
3525.65210 0.161463
3526.25488 0.161102
3526.85791 0.160304
3527.46191 0.160345
3528.06494 0.160595
3528.66895 0.160204
3529.27295 0.159846
3529.87695 0.159531
3530.48096 0.158744
3531.08496 0.157943
3531.68896 0.157962
3532.29297 0.157867
3532.89697 0.157642
3533.50195 0.156934
3534.10596 0.156169
3534.71094 0.155678
3535.31592 0.15563
3535.92090 0.156016
3536.52588 0.155147
3537.13110 0.154248
3537.73608 0.154113
3538.34106 0.153688
3538.94702 0.15302
3539.55200 0.152642
3540.15796 0.15229
3540.76294 0.15191
3541.36890 0.151353
3541.97510 0.150672
3542.58105 0.150586
3543.18701 0.150463
3543.79297 0.150155
3544.39990 0.150095
3545.00610 0.150175
3545.61304 0.149642
3546.21899 0.149142
3546.82593 0.14872
3547.43311 0.148213
3548.04004 0.147692
3548.64697 0.147668
3549.25391 0.147756
3549.86108 0.148011
3550.46899 0.14776
3551.07593 0.147377
3551.68408 0.147318
3552.29199 0.147151
3552.89893 0.146857
3553.50708 0.146475
3554.11499 0.146241
3554.72290 0.146857
3555.33203 0.147364
3555.93994 0.147771
3556.54810 0.147456
3557.15698 0.147316
3557.76489 0.148096
3558.37402 0.148153
3558.98291 0.147704
3559.59204 0.148394
3560.20093 0.148825
3560.81006 0.148509
3561.41895 0.148872
3562.02808 0.149562
3562.63794 0.149182
3563.24707 0.149044
3563.85693 0.149306
3564.46704 0.149664
3565.07690 0.15008
3565.68701 0.150719
3566.29712 0.151172
3566.90698 0.151408
3567.51709 0.151339
3568.12695 0.151232
3568.73804 0.151258
3569.34912 0.151378
3569.95898 0.151579
3570.57007 0.151079
3571.18091 0.1507
3571.79199 0.150871
3572.40308 0.150566
3573.01392 0.149979
3573.62598 0.149473
3574.23706 0.148805
3574.84912 0.147837
3575.45996 0.147118
3576.07202 0.146439
3576.68408 0.145144
3577.29590 0.143741
3577.90796 0.142206
3578.52002 0.140205
3579.13208 0.138181
3579.74512 0.136529
3580.35693 0.134467
3580.96997 0.132068
3581.58301 0.129594
3582.19507 0.127082
3582.80811 0.124489
3583.42090 0.121632
3584.03394 0.118635
3584.64697 0.11563
3585.26099 0.112514
3585.87402 0.10922
3586.48804 0.105958
3587.10107 0.102711
3587.71509 0.099483
3588.32910 0.096136
3588.94312 0.092669
3589.55688 0.0891
3590.17090 0.085612
3590.78491 0.082427
3591.39990 0.079212
3592.01392 0.075979
3592.62891 0.072648
3593.24292 0.069403
3593.85791 0.066318
3594.47290 0.063446
3595.08789 0.060634
3595.70288 0.057623
3596.31812 0.05489
3596.93408 0.052462
3597.54907 0.05003
3598.16504 0.047667
3598.78003 0.045533
3599.39600 0.043365
3600.01196 0.041174
3600.62793 0.039273
3601.24390 0.037428
3601.86011 0.035678
3602.47607 0.033902
3603.09302 0.032137
3603.70898 0.030551
3604.32593 0.029101
3604.94189 0.027796
3605.55908 0.026388
3606.17603 0.02501
3606.79297 0.023787
3607.40991 0.022672
3608.02710 0.021623
3608.64502 0.020542
3609.26196 0.01954
3609.87988 0.018672
3610.49707 0.017839
3611.11499 0.017026
3611.73291 0.016267
3612.35107 0.015523
3612.96899 0.014795
3613.58691 0.014112
3614.20508 0.013455
3614.82300 0.012857
3615.44189 0.012306
3616.06104 0.011779
3616.67896 0.011219
3617.29810 0.010691
3617.91699 0.010204
3618.53589 0.009775
3619.15503 0.009352
3619.77393 0.008903
3620.39404 0.008498
3621.01294 0.008125
3621.63306 0.007827
3622.25195 0.007512
3622.87207 0.007162
3623.49194 0.006866
3624.11206 0.006589
3624.73193 0.006304
3625.35205 0.006056
3625.97192 0.005843
3626.59302 0.005626
3627.21289 0.005405
3627.83398 0.005173
3628.45508 0.00496
3629.07495 0.004757
3629.69604 0.00455
3630.31689 0.004366
3630.93799 0.00421
3631.56006 0.004063
3632.18091 0.003912
3632.80200 0.003745
3633.42407 0.003592
3634.04590 0.003447
3634.66699 0.003329
3635.28906 0.003203
3635.91089 0.003065
3636.53296 0.002963
3637.15601 0.002868
3637.77808 0.002766
3638.39990 0.002667
3639.02295 0.002569
3639.64502 0.002481
3640.26807 0.002397
3640.89111 0.00232
3641.51392 0.002219
3642.13696 0.002119
3642.76001 0.002066
3643.38306 0.002006
3644.00708 0.001941
3644.62988 0.001876
3645.25391 0.00181
3645.87695 0.001741
3646.50098 0.001665
3647.12500 0.001591
3647.74902 0.001544
3648.37305 0.001502
3648.99707 0.001466
3649.62207 0.00141
3650.24609 0.00136
3650.87109 0.001326
3651.49512 0.001287
3652.12012 0.001246
3652.74512 0.00121
3653.37012 0.001165
3653.99512 0.001112
3654.62012 0.001083
3655.24512 0.001057
3655.87109 0.001032
3656.49609 0.000997
3657.12207 0.000957
3657.74805 0.000913
3658.37402 0.000882
3658.99902 0.000863
3659.62500 0.000825
3660.25098 0.000794
3660.87793 0.000783
3661.50391 0.000762
3662.13110 0.000737
3662.75708 0.000712
3663.38403 0.000691
3664.01099 0.000676
3664.63696 0.000663
3665.26489 0.00065
3665.89209 0.000636
3666.51904 0.000612
3667.14600 0.000585
3667.77393 0.000561
3668.40088 0.000547
3669.02905 0.00054
3669.65601 0.000528
3670.28394 0.000512
3670.91211 0.000492
3671.54102 0.000477
3672.16895 0.000464
3672.79712 0.000451
3673.42505 0.00044
3674.05396 0.00043
3674.68188 0.000413
4042.15015 0.0
