threeML/data/optical_filters/HST/WFC3_UVIS2-F275W.ecsv
# %ECSV 0.9
# ---
# datatype:
# - {name: wavelength, unit: Angstrom, datatype: float32}
# - {name: response, datatype: float32}
# meta: !!omap
# - {band_name: F275W}
# - {group_name: WFC3_UVIS2}
wavelength response
[from data line 1610]
2931.97510 0.060835
2932.47607 0.060769
2932.97607 0.060704
2933.47607 0.060639
2933.97607 0.060574
2934.47705 0.060508
2934.97705 0.060443
2935.47803 0.060377
2935.97900 0.060312
2936.47900 0.060246
2936.97998 0.06018
2937.48096 0.060114
2937.98193 0.060048
2938.48291 0.059982
2938.98389 0.059916
2939.48608 0.05985
2939.98706 0.059784
2940.48804 0.05972
2940.98999 0.059657
2941.49097 0.059598
2941.99292 0.059538
2942.49512 0.059478
2942.99707 0.059419
2943.49902 0.059359
2944.00098 0.059299
2944.50293 0.059239
2945.00488 0.059179
2945.50806 0.059118
2946.01001 0.059058
2946.51196 0.058998
2947.01489 0.058937
2947.51807 0.058877
2948.02002 0.058816
2948.52295 0.058756
2949.02588 0.058695
2949.52905 0.058634
2950.03198 0.058573
2950.53491 0.058512
2951.03906 0.05845
2951.54199 0.058388
2952.04492 0.058325
2952.54907 0.058262
2953.05200 0.058199
2953.55591 0.058135
2954.06006 0.058072
2954.56396 0.058009
2955.06812 0.057945
2955.57202 0.057882
2956.07593 0.057818
2956.58008 0.057755
2957.08398 0.057691
2957.58789 0.057627
2958.09302 0.057563
2958.59692 0.057499
2959.10205 0.057435
2959.60693 0.057371
2960.11206 0.057306
2960.61597 0.057239
2961.12109 0.057166
2961.62598 0.057085
2962.13208 0.057004
2962.63696 0.056923
2963.14209 0.056842
2963.64697 0.056761
2964.15308 0.05668
2964.65894 0.056599
2965.16406 0.056518
2965.66992 0.056436
2966.17603 0.056355
2966.68188 0.056273
2967.18799 0.056191
2967.69409 0.05611
2968.19995 0.056028
2968.70605 0.055946
2969.21289 0.055864
2969.71899 0.055782
2970.22607 0.055701
2970.73193 0.055621
2971.23901 0.055529
2971.74609 0.055432
2972.25195 0.055334
2972.76001 0.055237
2973.26611 0.05514
2973.77393 0.055042
2974.28101 0.054944
2974.78809 0.054847
2975.29492 0.054749
2975.80298 0.054651
2976.31104 0.054553
2976.81812 0.054454
2977.32593 0.054356
2977.83398 0.054257
2978.34204 0.054159
2978.85010 0.05406
2979.35791 0.053961
2979.86597 0.053863
2980.37402 0.053762
2980.88208 0.05366
2981.39111 0.053549
2981.89893 0.053438
2982.40796 0.053327
2982.91699 0.053216
2983.42505 0.053105
2983.93408 0.052993
2984.44312 0.052882
2984.95190 0.05277
2985.46094 0.052658
2985.96997 0.052546
2986.47998 0.052434
2986.98901 0.052322
2987.49902 0.05221
2988.00806 0.052098
2988.51807 0.051985
2989.02808 0.051873
2989.53711 0.05176
2990.04712 0.051648
2990.55688 0.051537
2991.06689 0.051425
2991.57690 0.051309
2992.08789 0.051193
2992.59790 0.051078
2993.10791 0.050962
2993.61890 0.050846
2994.12988 0.050729
2994.63989 0.050613
2995.15088 0.050497
2995.66211 0.05038
2996.17310 0.050263
2996.68408 0.050146
2997.19507 0.05003
2997.70605 0.049912
2998.21704 0.049795
2998.72900 0.049678
2999.23999 0.04956
2999.75195 0.049443
3000.26294 0.049314
3000.77490 0.049176
3001.28711 0.049036
3001.79907 0.048896
3002.31104 0.048756
3002.82300 0.048616
3003.33496 0.048477
3003.84692 0.048337
3004.36011 0.048197
3004.87207 0.048057
3005.38501 0.047917
3005.89697 0.047777
3006.40991 0.047637
3006.92310 0.047497
3007.43604 0.047357
3007.94800 0.047217
3008.46094 0.047077
3008.97510 0.046936
3009.48804 0.046796
3010.00098 0.046656
3010.51489 0.046518
3011.02808 0.046376
3011.54199 0.046224
3012.05493 0.046072
3012.56909 0.04592
3013.08301 0.045768
3013.59692 0.045616
3014.11108 0.045464
3014.62500 0.045312
3015.13892 0.04516
3015.65308 0.045007
3016.16797 0.044855
3016.68188 0.044703
3017.19702 0.04455
3017.71094 0.044398
3018.22607 0.044246
3018.74097 0.044093
3019.25610 0.043941
3019.77100 0.043788
3020.28589 0.043636
3020.80103 0.043483
3021.31592 0.043288
3021.83105 0.043084
3022.34692 0.042881
3022.86206 0.042677
3023.37793 0.042474
3023.89307 0.04227
3024.40894 0.042067
3024.92505 0.041863
3025.44092 0.041659
3025.95703 0.041455
3026.47290 0.041251
3026.98901 0.041048
3027.50610 0.040844
3028.02197 0.04064
3028.53809 0.040436
3029.05493 0.040232
3029.57202 0.040028
3030.08789 0.039823
3030.60498 0.039617
3031.12207 0.039368
3031.63892 0.03907
3032.15601 0.038772
3032.67310 0.038473
3033.18994 0.038175
3033.70801 0.037877
3034.22510 0.037578
3034.74292 0.03728
3035.26001 0.036981
3035.77808 0.036683
3036.29590 0.036384
3036.81396 0.036086
3037.33203 0.035787
3037.85010 0.035488
3038.36792 0.03519
3038.88599 0.034891
3039.40503 0.034592
3039.92310 0.034293
3040.44092 0.033996
3040.95996 0.033686
3041.47900 0.033301
3041.99707 0.032916
3042.51611 0.03253
3043.03491 0.032145
3043.55396 0.031759
3044.07300 0.031374
3044.59302 0.030988
3045.11206 0.030603
3045.63110 0.030217
3046.15088 0.029831
3046.66992 0.029445
3047.18994 0.029059
3047.70898 0.028673
3048.22900 0.028287
3048.74902 0.0279
3049.26904 0.027514
3049.78906 0.027127
3050.31006 0.02674
3050.83008 0.026352
3051.35010 0.025949
3051.87109 0.025543
3052.39111 0.025137
3052.91211 0.024732
3053.43188 0.024326
3053.95288 0.02392
3054.47412 0.023514
3054.99512 0.023109
3055.51611 0.022703
3056.03711 0.022297
3056.55908 0.021891
3057.08008 0.021485
3057.60107 0.021078
3058.12305 0.020672
3058.64404 0.020266
3059.16602 0.01986
3059.68799 0.019453
3060.20996 0.019047
3060.73193 0.018642
3061.25391 0.018284
3061.77588 0.017946
3062.29810 0.017609
3062.82007 0.017271
3063.34302 0.016933
3063.86499 0.016596
3064.38794 0.016258
3064.90991 0.01592
3065.43311 0.015582
3065.95605 0.015244
3066.47900 0.014906
3067.00195 0.014568
3067.52490 0.014229
3068.04810 0.013891
3068.57202 0.013552
3069.09497 0.013214
3069.61792 0.012875
3070.14209 0.012537
3070.66602 0.012197
3071.18896 0.011915
3071.71289 0.011677
3072.23706 0.011439
3072.76099 0.011201
3073.28491 0.010962
3073.80908 0.010724
3074.33301 0.010486
3074.85791 0.010247
3075.38208 0.010009
3075.90698 0.00977
3076.43188 0.009532
3076.95605 0.009294
3077.48096 0.009055
3078.00610 0.008816
3078.53101 0.008578
3079.05591 0.008339
3079.58105 0.0081
3080.10596 0.007862
3080.63208 0.007624
3081.15698 0.007429
3081.68311 0.007277
3082.20801 0.007126
3082.73389 0.006974
3083.26001 0.006823
3083.78589 0.006671
3084.31201 0.006519
3084.83789 0.006368
3085.36401 0.006216
3085.88989 0.006064
3086.41699 0.005913
3086.94312 0.005761
3087.46899 0.005609
3087.99609 0.005457
3088.52295 0.005305
3089.05005 0.005153
3089.57593 0.005001
3090.10303 0.004849
3090.62988 0.004697
3091.15698 0.004575
3091.68506 0.004483
3092.21191 0.004391
3092.73999 0.004299
3093.26709 0.004207
3093.79492 0.004115
3094.32202 0.004022
3094.85010 0.00393
3095.37793 0.003838
3095.90601 0.003746
3096.43408 0.003654
3096.96191 0.003562
3097.48999 0.00347
3098.01904 0.003378
3098.54712 0.003286
3099.07495 0.003193
3099.60400 0.003101
3100.13306 0.003009
3100.66089 0.002917
3101.18994 0.002845
3101.71899 0.002789
3102.24805 0.002734
3102.77710 0.002678
3103.30688 0.002623
3103.83594 0.002567
3104.36499 0.002512
3104.89502 0.002456
3105.42407 0.0024
3105.95410 0.002345
3106.48389 0.002289
3107.01392 0.002233
3107.54297 0.002178
3108.07300 0.002122
3108.60400 0.002066
3109.13403 0.002011
3109.66406 0.001955
3110.19507 0.001899
3110.72510 0.001843
3111.25610 0.001802
3111.78589 0.001769
3112.31689 0.001735
3112.84790 0.001702
3113.37891 0.001668
3113.90991 0.001634
3114.44092 0.001601
3114.97192 0.001567
3115.50293 0.001533
3116.03491 0.0015
3116.56592 0.001466
3117.09790 0.001432
3117.62891 0.001398
3118.16089 0.001365
3118.69312 0.001331
3119.22510 0.001297
3119.75708 0.001263
3120.28906 0.00123
3120.82104 0.001196
3121.35400 0.001173
3121.88599 0.001152
3122.41797 0.00113
3122.95093 0.001109
3123.48389 0.001088
3124.01611 0.001067
3124.54907 0.001046
3125.08203 0.001025
3125.61499 0.001003
3126.14795 0.000982
3126.68091 0.000961
3127.21509 0.00094
3127.74805 0.000919
3128.28101 0.000898
3128.81494 0.000876
3129.34912 0.000855
3129.88306 0.000834
3130.41699 0.000813
3130.94995 0.000792
3131.48389 0.000779
3132.01904 0.000766
3132.55298 0.000753
3133.08691 0.00074
3133.62109 0.000727
3134.15601 0.000714
3134.68994 0.000701
3135.22510 0.000688
3135.76001 0.000674
3136.29492 0.000661
3136.83008 0.000648
3137.36499 0.000635
3137.89990 0.000622
3138.43506 0.000609
3138.96997 0.000596
3139.50610 0.000582
3140.04102 0.000569
3140.57690 0.000556
3141.11206 0.000544
3141.64795 0.000536
3142.18408 0.000527
3142.71997 0.000518
3143.25610 0.000509
3143.79199 0.0005
3144.32788 0.000491
3144.86499 0.000482
3145.40088 0.000473
3145.93701 0.000464
3146.47412 0.000455
3147.01001 0.000446
3147.54712 0.000437
3148.08398 0.000428
3148.62109 0.000419
3149.15796 0.00041
3149.69507 0.000401
3464.66455 0.0
