threeML/data/optical_filters/HST/WFC3_UVIS2-F390M.ecsv
# %ECSV 0.9
# ---
# datatype:
# - {name: wavelength, unit: Angstrom, datatype: float32}
# - {name: response, datatype: float32}
# meta: !!omap
# - {band_name: F390M}
# - {group_name: WFC3_UVIS2}
wavelength response
3316.84644 0.0
3685.38501 0.000408
3686.01611 0.000418
3686.64600 0.000428
3687.27710 0.000438
3687.90796 0.000448
3688.53906 0.000458
3689.16992 0.000469
3689.80103 0.000479
3690.43311 0.000489
3691.06396 0.000499
3691.69604 0.000516
3692.32690 0.000534
3692.95898 0.000551
3693.59106 0.000569
3694.22290 0.000586
3694.85498 0.000604
3695.48706 0.000621
3696.11890 0.000639
3696.75195 0.000656
3697.38403 0.000674
3698.01709 0.000691
3698.64893 0.000709
3699.28198 0.000726
3699.91504 0.000744
3700.54810 0.000762
3701.18091 0.000781
3701.81494 0.000807
3702.44800 0.000833
3703.08203 0.000859
3703.71509 0.000885
3704.34912 0.000911
3704.98193 0.000937
3705.61597 0.000963
3706.25000 0.000989
3706.88501 0.001015
3707.51904 0.001041
3708.15308 0.001067
3708.78809 0.001093
3709.42212 0.001119
3710.05688 0.001146
3710.69189 0.001172
3711.32593 0.001206
3711.96094 0.001252
3712.59595 0.001298
3713.23193 0.001344
3713.86694 0.001389
3714.50195 0.001435
3715.13794 0.001481
3715.77393 0.001527
3716.40894 0.001573
3717.04492 0.001619
3717.68091 0.001665
3718.31689 0.001711
3718.95288 0.001757
3719.59009 0.001803
3720.22607 0.001849
3720.86304 0.001895
3721.49902 0.001964
3722.13599 0.002043
3722.77295 0.002122
3723.40991 0.002201
3724.04712 0.00228
3724.68408 0.002359
3725.32104 0.002439
3725.95898 0.002518
3726.59595 0.002597
3727.23389 0.002676
3727.87207 0.002756
3728.50903 0.002835
3729.14697 0.002915
3729.78491 0.002994
3730.42310 0.003074
3731.06201 0.003153
3731.69995 0.003292
3732.33911 0.00343
3732.97705 0.003569
3733.61597 0.003708
3734.25488 0.003846
3734.89404 0.003985
3735.53198 0.004124
3736.17212 0.004263
3736.81104 0.004402
3737.44995 0.004541
3738.09009 0.00468
3738.72900 0.004819
3739.36890 0.004959
3740.00903 0.005098
3740.64893 0.005238
3741.28906 0.005417
3741.92896 0.005668
3742.56909 0.00592
3743.20898 0.006172
3743.85010 0.006424
3744.48999 0.006676
3745.13110 0.006928
3745.77197 0.00718
3746.41309 0.007433
3747.05298 0.007685
3747.69507 0.007938
3748.33594 0.008191
3748.97705 0.008444
3749.61890 0.008697
3750.26001 0.00895
3750.90210 0.009203
3751.54395 0.009622
3752.18604 0.010099
3752.82690 0.010575
3753.46899 0.011052
3754.11206 0.011529
3754.75391 0.012006
3755.39600 0.012484
3756.03906 0.012961
3756.68188 0.013439
3757.32397 0.013917
3757.96704 0.014395
3758.61011 0.014874
3759.25293 0.015352
3759.89600 0.015831
3760.54004 0.016311
3761.18311 0.016867
3761.82690 0.017773
3762.46997 0.018679
3763.11401 0.019587
3763.75806 0.020494
3764.40210 0.021402
3765.04590 0.022311
3765.68994 0.02322
3766.33398 0.02413
3766.97900 0.025039
3767.62305 0.02595
3768.26807 0.026861
3768.91309 0.027772
3769.55688 0.028684
3770.20190 0.029596
3770.84692 0.030507
3771.49292 0.031859
3772.13794 0.033444
3772.78296 0.03503
3773.42896 0.036617
3774.07397 0.038204
3774.71997 0.039792
3775.36597 0.04138
3776.01196 0.042969
3776.65796 0.044559
3777.30396 0.04615
3777.94995 0.047741
3778.59692 0.049333
3779.24292 0.050926
3779.88989 0.052519
3780.53711 0.054113
3781.18408 0.055852
3781.83105 0.058301
3782.47803 0.06075
3783.12500 0.0632
3783.77197 0.065652
3784.41895 0.068103
3785.06689 0.070558
3785.71411 0.073011
3786.36206 0.075467
3787.01001 0.077924
3787.65796 0.080382
3788.30591 0.08284
3788.95410 0.0853
3789.60205 0.08776
3790.25098 0.090224
3790.89893 0.092692
3791.54810 0.095514
3792.19702 0.09847
3792.84497 0.101429
3793.49390 0.104388
3794.14307 0.107349
3794.79199 0.110311
3795.44189 0.113276
3796.09106 0.116241
3796.74097 0.119209
3797.38989 0.122177
3798.04004 0.125149
3798.68994 0.12812
3799.34009 0.131095
3799.98999 0.13407
3800.63989 0.137068
3801.29004 0.139957
3801.94092 0.142615
3802.59106 0.145274
3803.24194 0.147936
3803.89209 0.1506
3804.54297 0.153267
3805.19409 0.155936
3805.84497 0.158607
3806.49609 0.16128
3807.14795 0.163956
3807.79907 0.166633
3808.44995 0.169313
3809.10205 0.171995
3809.75391 0.17468
3810.40601 0.177367
3811.05811 0.180056
3811.70996 0.181598
3812.36206 0.183097
3813.01392 0.184598
3813.66699 0.1861
3814.31909 0.187603
3814.97192 0.189108
3815.62402 0.190614
3816.27710 0.192121
3816.92993 0.193629
3817.58301 0.195138
3818.23608 0.196649
3818.88989 0.198161
3819.54297 0.199674
3820.19702 0.201192
3820.85010 0.202719
3821.50391 0.203586
3822.15796 0.204085
3822.81201 0.204584
3823.46606 0.205083
3824.12012 0.205584
3824.77393 0.206084
3825.42798 0.206585
3826.08301 0.207086
3826.73804 0.207587
3827.39209 0.20809
3828.04712 0.208592
3828.70190 0.209095
3829.35693 0.209598
3830.01196 0.210102
3830.66797 0.210594
3831.32300 0.210911
3831.97900 0.210916
3832.63403 0.210921
3833.29004 0.210925
3833.94604 0.21093
3834.60205 0.210935
3835.25806 0.21094
3835.91406 0.210945
3836.57007 0.210949
3837.22705 0.210954
3837.88306 0.210958
3838.54004 0.210963
3839.19702 0.210968
3839.85400 0.210972
3840.51001 0.210986
3841.16797 0.211002
3841.82495 0.211021
3842.48193 0.21104
3843.13989 0.211059
3843.79712 0.211078
3844.45508 0.211096
3845.11304 0.211115
3845.77100 0.211134
3846.42798 0.211152
3847.08691 0.211171
3847.74512 0.21119
3848.40308 0.211208
3849.06201 0.211227
3849.71997 0.211245
3850.37891 0.211256
3851.03809 0.211262
3851.69702 0.211359
3852.35498 0.211463
3853.01489 0.211568
3853.67407 0.211672
3854.33301 0.211777
3854.99292 0.211882
3855.65210 0.211986
3856.31201 0.212091
3856.97192 0.212196
3857.63208 0.212301
3858.29199 0.212406
3858.95190 0.21251
3859.61206 0.212616
3860.27197 0.21272
3860.93311 0.212825
3861.59302 0.212988
3862.25391 0.21317
3862.91504 0.213351
3863.57593 0.213533
3864.23706 0.213715
3864.89795 0.213897
3865.55908 0.21408
3866.22095 0.214262
3866.88208 0.214444
3867.54395 0.214627
3868.20508 0.214809
3868.86694 0.214992
3869.52905 0.215175
3870.19092 0.215361
3870.85400 0.215556
3871.51611 0.215773
3872.17798 0.216003
3872.84106 0.216232
3873.50293 0.216462
3874.16602 0.216692
3874.82910 0.216923
3875.49194 0.217153
3876.15503 0.217383
3876.81812 0.217614
3877.48096 0.217845
3878.14502 0.218076
3878.80811 0.218307
3879.47192 0.218538
3880.13599 0.218767
3880.80005 0.218986
3881.46411 0.219169
3882.12793 0.219321
3882.79199 0.219473
3883.45605 0.219626
3884.12109 0.219778
3884.78491 0.219931
3885.44995 0.220083
3886.11499 0.220236
3886.78003 0.220389
3887.44507 0.220541
3888.11011 0.220694
3888.77490 0.220847
3889.43994 0.221
3890.10596 0.221154
3890.77100 0.221307
3891.43701 0.221411
3892.10303 0.221466
3892.76904 0.221522
3893.43506 0.221577
3894.10107 0.221633
3894.76709 0.221688
3895.43408 0.221744
3896.10010 0.221799
3896.76709 0.221855
3897.43311 0.22191
3898.10010 0.221966
3898.76709 0.222021
3899.43408 0.222077
3900.10107 0.222134
3900.76904 0.222202
3901.43604 0.222188
3902.10400 0.222088
3902.77100 0.221988
3903.43896 0.221888
3904.10693 0.221788
3904.77490 0.221688
3905.44312 0.221587
3906.11108 0.221487
3906.77905 0.221386
3907.44800 0.221285
3908.11597 0.221184
3908.78491 0.221083
3909.45410 0.220982
3910.12305 0.220878
3910.79199 0.220764
3911.46094 0.22054
3912.12988 0.22022
3912.79907 0.219899
3913.46899 0.219578
3914.13794 0.219256
3914.80811 0.218934
3915.47803 0.218612
3916.14795 0.218289
3916.81812 0.217967
3917.48804 0.217644
3918.15796 0.21732
3918.82910 0.216996
3919.49902 0.216672
3920.16992 0.216348
3920.84009 0.216023
3921.51099 0.215594
3922.18188 0.215095
3922.85303 0.214595
3923.52393 0.214094
3924.19604 0.213594
3924.86694 0.213093
3925.53906 0.212591
3926.20996 0.212089
3926.88208 0.211586
3927.55396 0.211083
3928.22607 0.210579
3928.89795 0.210075
3929.57007 0.209571
3930.24194 0.20907
3930.91504 0.208577
3931.58691 0.208038
3932.26001 0.20748
3932.93311 0.206922
3933.60596 0.206363
3934.27905 0.205803
3934.95190 0.205243
3935.62500 0.204682
3936.29907 0.204121
3936.97192 0.203559
3937.64600 0.202997
3938.31909 0.202433
3938.99292 0.20187
3939.66699 0.201305
3940.34106 0.200735
3941.01489 0.200158
3941.68994 0.199696
3942.36401 0.199255
3943.03906 0.198813
3943.71289 0.198371
3944.38794 0.197929
3945.06299 0.197486
3945.73804 0.197043
3946.41309 0.196599
3947.08789 0.196155
3947.76294 0.19571
3948.43896 0.195265
3949.11499 0.19482
3949.79004 0.194375
3950.46606 0.193928
3951.14209 0.193492
3951.81812 0.193336
3952.49390 0.19318
3953.16992 0.193024
3953.84595 0.192868
3954.52295 0.192712
3955.19995 0.192555
3955.87598 0.192398
3956.55298 0.192241
3957.22998 0.192084
3957.90698 0.191927
3958.58398 0.19177
3959.26196 0.191612
3959.93896 0.191454
3960.61694 0.191306
3961.29395 0.191268
3961.97192 0.191544
3962.64990 0.191821
3963.32788 0.192097
3964.00610 0.192374
3964.68408 0.192651
3965.36304 0.192928
3966.04102 0.193206
3966.71899 0.193484
3967.39795 0.193762
3968.07690 0.19404
3968.75610 0.194318
3969.43506 0.194597
3970.11401 0.194873
3970.79297 0.195141
3971.47290 0.195406
3972.15210 0.195669
3972.83203 0.195932
3973.51099 0.196195
3974.19092 0.196459
3974.87109 0.196723
3975.55200 0.196987
3976.23193 0.197251
3976.91211 0.197515
3977.59204 0.197779
3978.27295 0.198044
3978.95410 0.198309
3979.63403 0.198574
3980.31494 0.198839
3980.99609 0.199104
3981.67700 0.198308
3982.35889 0.197263
3983.04004 0.196217
3983.72095 0.19517
3984.40308 0.194122
3985.08496 0.193074
3985.76709 0.192024
3986.44800 0.190973
3987.13110 0.189922
3987.81299 0.188869
3988.49512 0.187816
3989.17700 0.186762
3989.86011 0.185707
3990.54297 0.18466
3991.22510 0.183302
3991.90796 0.180057
3992.59106 0.176809
3993.27393 0.173559
3993.95801 0.170304
3994.64111 0.167047
3995.32397 0.163788
3996.00806 0.160525
3996.69189 0.15726
3997.37500 0.15399
3998.06006 0.150718
3998.74292 0.147444
3999.42798 0.144165
4000.11206 0.140876
4000.79590 0.137551
4001.48096 0.13378
4002.16602 0.129585
4002.85010 0.125387
4003.53491 0.121189
4004.21997 0.116988
4004.90503 0.112787
4005.59009 0.108586
4006.27588 0.104382
4006.96094 0.100176
4007.64697 0.09597
4008.33301 0.091761
4009.01807 0.087552
4009.70410 0.083342
4010.38989 0.07913
4011.07593 0.074916
4011.76294 0.071949
4012.44897 0.069095
4013.13501 0.066239
4013.82202 0.063382
4014.50903 0.060525
4015.19604 0.057667
4015.88306 0.054808
4016.57007 0.051949
4017.25708 0.049088
4017.94409 0.046226
4018.63208 0.043363
4019.31909 0.0405
4020.00708 0.037635
4020.69507 0.034772
4021.38306 0.032444
4022.07104 0.031076
4022.75903 0.029708
4023.44702 0.028339
4024.13599 0.026969
4024.82397 0.025599
4025.51294 0.024229
4026.20190 0.022857
4026.88989 0.021485
4027.57910 0.020113
4028.26904 0.018739
4028.95801 0.017366
4029.64697 0.015992
4030.33594 0.014617
4031.02588 0.013241
4031.71606 0.012565
4032.40601 0.012026
4033.09497 0.011487
4033.78491 0.010948
4034.47607 0.010409
4035.16602 0.009869
4035.85596 0.009329
4036.54712 0.008789
4037.23804 0.008248
4037.92798 0.007708
4038.61890 0.007167
4039.31006 0.006626
4040.00098 0.006085
4040.69189 0.005543
4041.38403 0.005121
4042.07495 0.004918
4042.76709 0.004715
4043.45801 0.004513
4044.14990 0.00431
4044.84204 0.004107
4045.53394 0.003904
4046.22705 0.003701
4046.91895 0.003498
4047.61108 0.003295
4048.30396 0.003092
4048.99609 0.002889
4049.68896 0.002685
4050.38208 0.002482
4051.07495 0.002278
4051.76807 0.002185
4052.46094 0.002104
4053.15503 0.002023
4053.84790 0.001942
4054.54199 0.001861
4055.23511 0.001779
4055.92896 0.001698
4056.62305 0.001617
4057.31689 0.001536
4058.01099 0.001454
4058.70605 0.001373
4059.39990 0.001291
4060.09497 0.00121
4060.78906 0.001128
4061.48389 0.001068
4062.17896 0.001031
4062.87402 0.000994
4063.56909 0.000956
4064.26392 0.000919
4064.95996 0.000882
4065.65503 0.000845
4066.35107 0.000807
4067.04712 0.00077
4067.74194 0.000733
4068.43799 0.000695
4069.13501 0.000658
4069.83105 0.00062
4070.52710 0.000583
4071.22412 0.000548
4071.91992 0.00053
4072.61694 0.000511
4073.31396 0.000493
4074.01001 0.000475
4074.70801 0.000457
4075.40503 0.000439
4076.10205 0.000421
4076.79907 0.000403
4484.47900 0.0
