threeML/data/optical_filters/HST/WFC3_UVIS2-F625W.ecsv
# %ECSV 0.9
# ---
# datatype:
# - {name: wavelength, unit: Angstrom, datatype: float32}
# - {name: response, datatype: float32}
# meta: !!omap
# - {band_name: F625W}
# - {group_name: WFC3_UVIS2}
wavelength response
[from data line 806]
6174.03223 0.264365
6175.08789 0.264521
6176.14502 0.264677
6177.20215 0.264832
6178.25781 0.264988
6179.31494 0.265144
6180.37305 0.265299
6181.43018 0.265455
6182.48779 0.265528
6183.54492 0.265571
6184.60400 0.265614
6185.66211 0.265656
6186.72021 0.265699
6187.77783 0.265742
6188.83691 0.265785
6189.89600 0.265828
6190.95508 0.265871
6192.01416 0.265891
6193.07422 0.265854
6194.13281 0.265818
6195.19287 0.265782
6196.25293 0.265745
6197.31299 0.265709
6198.37402 0.265672
6199.43408 0.265636
6200.49512 0.265588
6201.55615 0.265527
6202.61719 0.265484
6203.67822 0.265444
6204.73877 0.265404
6205.80078 0.265364
6206.86279 0.265324
6207.92480 0.265284
6208.98682 0.265244
6210.04883 0.265205
6211.11182 0.265189
6212.17383 0.265186
6213.23682 0.265199
6214.29980 0.265213
6215.36377 0.265227
6216.42676 0.26524
6217.49121 0.265254
6218.55420 0.265268
6219.61816 0.265282
6220.68311 0.265295
6221.74707 0.265307
6222.81201 0.265223
6223.87598 0.265139
6224.94092 0.265055
6226.00586 0.264971
6227.07080 0.264887
6228.13721 0.264802
6229.20215 0.264718
6230.26807 0.264635
6231.33398 0.264552
6232.39990 0.264406
6233.46582 0.264221
6234.53320 0.264037
6235.60010 0.263853
6236.66699 0.263669
6237.73291 0.263484
6238.80078 0.2633
6239.86816 0.263116
6240.93604 0.26291
6242.00293 0.262703
6243.07178 0.2625
6244.14014 0.262298
6245.20801 0.262096
6246.27588 0.261893
6247.34521 0.261691
6248.41406 0.261488
6249.48291 0.261286
6250.55176 0.261095
6251.62207 0.260916
6252.69092 0.26084
6253.76123 0.260775
6254.83203 0.26071
6255.90088 0.260645
6256.97217 0.26058
6258.04199 0.260515
6259.11279 0.26045
6260.18408 0.260385
6261.25488 0.26032
6262.32617 0.260295
6263.39795 0.260303
6264.46924 0.260311
6265.54102 0.260319
6266.61279 0.260326
6267.68604 0.260334
6268.75781 0.260342
6269.83105 0.26035
6270.90283 0.260358
6271.97607 0.26035
6273.04883 0.260289
6274.12305 0.260227
6275.19580 0.260166
6276.27002 0.260105
6277.34277 0.260043
6278.41699 0.259982
6279.49219 0.25992
6280.56592 0.259859
6281.64111 0.259797
6282.71484 0.259706
6283.79004 0.259611
6284.86523 0.259516
6285.93994 0.259422
6287.01611 0.259327
6288.09180 0.259233
6289.16699 0.259138
6290.24414 0.259038
6291.31982 0.258919
6292.39600 0.258808
6293.47314 0.258703
6294.54980 0.258597
6295.62598 0.258491
6296.70410 0.258386
6297.78076 0.25828
6298.85889 0.258174
6299.93701 0.258068
6301.01416 0.257985
6302.09180 0.257949
6303.16992 0.25801
6304.24902 0.258072
6305.32812 0.258133
6306.40576 0.258194
6307.48486 0.258255
6308.56396 0.258316
6309.64404 0.258377
6310.72412 0.258438
6311.80322 0.258503
6312.88281 0.25864
6313.96289 0.258777
6315.04297 0.258914
6316.12402 0.259051
6317.20508 0.259188
6318.28613 0.259325
6319.36719 0.259462
6320.44824 0.259599
6321.52881 0.259736
6322.61084 0.259827
6323.69189 0.259908
6324.77393 0.259988
6325.85596 0.260068
6326.93896 0.260148
6328.02100 0.260228
6329.10400 0.260308
6330.18701 0.260385
6331.27002 0.260441
6332.35303 0.260448
6333.43701 0.260417
6334.52100 0.260386
6335.60400 0.260355
6336.68799 0.260324
6337.77197 0.260293
6338.85596 0.260262
6339.94092 0.260231
6341.02588 0.260222
6342.11084 0.260207
6343.19580 0.260175
6344.28076 0.260143
6345.36719 0.260111
6346.45215 0.26008
6347.53809 0.260048
6348.62402 0.260016
6349.70996 0.259984
6350.79688 0.259952
6351.88281 0.259929
6352.97021 0.259979
6354.05713 0.26003
6355.14502 0.26008
6356.23096 0.26013
6357.31885 0.26018
6358.40723 0.260231
6359.49512 0.260281
6360.58301 0.260331
6361.67090 0.260381
6362.75879 0.260455
6363.84814 0.26053
6364.93701 0.260606
6366.02588 0.260681
6367.11523 0.260757
6368.20508 0.260832
6369.29395 0.260908
6370.38379 0.260974
6371.47412 0.261026
6372.56396 0.261068
6373.65381 0.261106
6374.74512 0.261145
6375.83496 0.261184
6376.92578 0.261223
6378.01807 0.261261
6379.10791 0.2613
6380.20020 0.261343
6381.29199 0.261406
6382.38281 0.261391
6383.47607 0.261316
6384.56689 0.261241
6385.66016 0.261166
6386.75195 0.261091
6387.84521 0.261016
6388.93799 0.260941
6390.03076 0.260865
6391.12500 0.26079
6392.21777 0.260684
6393.31201 0.260535
6394.40576 0.260386
6395.50000 0.260237
6396.59424 0.260088
6397.68799 0.259939
6398.78320 0.25979
6399.87793 0.25964
6400.97314 0.259491
6402.06787 0.259365
6403.16309 0.2593
6404.25879 0.259236
6405.35400 0.259171
6406.45117 0.259107
6407.54590 0.259042
6408.64307 0.258978
6409.73877 0.258913
6410.83594 0.25883
6411.93311 0.258751
6413.02979 0.258733
6414.12695 0.258716
6415.22510 0.258698
6416.32178 0.258681
6417.41992 0.258663
6418.51807 0.258646
6419.61621 0.258628
6420.71387 0.258626
6421.81299 0.258634
6422.91211 0.258662
6424.01123 0.25869
6425.10986 0.258718
6426.20898 0.258746
6427.30908 0.258775
6428.40820 0.258803
6429.50781 0.258831
6430.60791 0.258856
6431.70801 0.258879
6432.80908 0.258824
6433.91016 0.258764
6435.00977 0.258704
6436.11084 0.258644
6437.21191 0.258584
6438.31396 0.258524
6439.41602 0.258464
6440.51709 0.258404
6441.61914 0.258343
6442.72119 0.258249
6443.82422 0.25815
6444.92578 0.25805
6446.02881 0.25795
6447.13184 0.25785
6448.23486 0.25775
6449.33789 0.25765
6450.44092 0.257541
6451.54492 0.257416
6452.64893 0.257322
6453.75293 0.257237
6454.85693 0.257152
6455.96094 0.257066
6457.06592 0.256981
6458.17090 0.256895
6459.27588 0.25681
6460.38086 0.256733
6461.48584 0.256671
6462.59180 0.256735
6463.69678 0.256844
6464.80322 0.256954
6465.91016 0.257064
6467.01611 0.257173
6468.12207 0.257283
6469.22900 0.257393
6470.33594 0.257502
6471.44287 0.257612
6472.54980 0.257784
6473.65723 0.257985
6474.76514 0.258187
6475.87305 0.258388
6476.98096 0.25859
6478.08887 0.258791
6479.19678 0.258993
6480.30615 0.259194
6481.41504 0.259396
6482.52295 0.259571
6483.63281 0.259734
6484.74219 0.259896
6485.85205 0.260059
6486.96094 0.260221
6488.07080 0.260384
6489.18115 0.260546
6490.29199 0.260702
6491.40186 0.26084
6492.51318 0.260945
6493.62402 0.261033
6494.73389 0.261121
6495.84619 0.261208
6496.95703 0.261296
6498.06885 0.261384
6499.18018 0.261471
6500.29199 0.261551
6501.40479 0.261608
6502.51709 0.261656
6503.62891 0.261699
6504.74219 0.261742
6505.85498 0.261785
6506.96777 0.261828
6508.08203 0.261871
6509.19482 0.261914
6510.30908 0.261957
6511.42188 0.262
6512.53711 0.262129
6513.65088 0.262301
6514.76514 0.262474
6515.87988 0.262646
6516.99512 0.262819
6518.10986 0.262991
6519.22510 0.263163
6520.33984 0.263328
6521.45605 0.263474
6522.57178 0.263664
6523.68799 0.263873
6524.80420 0.264083
6525.91992 0.264292
6527.03711 0.264501
6528.15381 0.264709
6529.27100 0.264918
6530.38818 0.265135
6531.50488 0.265369
6532.62305 0.265604
6533.74023 0.265839
6534.85791 0.266074
6535.97607 0.266309
6537.09424 0.266543
6538.21289 0.266778
6539.33203 0.267012
6540.45020 0.267247
6541.56885 0.267481
6542.68799 0.267637
6543.80811 0.267773
6544.92822 0.267908
6546.04688 0.268042
6547.16699 0.268177
6548.28809 0.268312
6549.40820 0.268447
6550.52881 0.268582
6551.64893 0.268716
6552.77100 0.268783
6553.89209 0.268838
6555.01318 0.268893
6556.13379 0.268948
6557.25586 0.269002
6558.37793 0.269057
6559.50000 0.269112
6560.62305 0.269153
6561.74512 0.269181
6562.86816 0.269187
6563.99023 0.26919
6565.11279 0.269194
6566.23682 0.269198
6567.35986 0.269202
6568.48389 0.269205
6569.60693 0.269209
6570.73096 0.269229
6571.85596 0.269259
6572.97998 0.269289
6574.10498 0.269319
6575.22900 0.26935
6576.35400 0.26938
6577.47998 0.26941
6578.60498 0.26944
6579.73096 0.269471
6580.85596 0.269501
6581.98193 0.269528
6583.10889 0.269539
6584.23486 0.269551
6585.36084 0.269562
6586.48779 0.269574
6587.61523 0.269585
6588.74219 0.269597
6589.87012 0.269608
6590.99707 0.269597
6592.12500 0.269546
6593.25195 0.269398
6594.38086 0.269251
6595.50879 0.269103
6596.63721 0.268955
6597.76611 0.268808
6598.89502 0.26866
6600.02393 0.268514
6601.15283 0.268392
6602.28320 0.268221
6603.41211 0.267979
6604.54199 0.267737
6605.67188 0.267495
6606.80176 0.267253
6607.93311 0.267012
6609.06299 0.26677
6610.19385 0.266528
6611.32520 0.266286
6612.45605 0.266031
6613.58691 0.265766
6614.71924 0.2655
6615.85107 0.265235
6616.98193 0.26497
6618.11523 0.264705
6619.24707 0.264439
6620.37891 0.264174
6621.51221 0.263909
6622.64502 0.26365
6623.77783 0.263393
6624.91211 0.263136
6626.04492 0.26288
6627.17920 0.262623
6628.31299 0.262367
6629.44678 0.26211
6630.58105 0.261835
6631.71484 0.261541
6632.85010 0.26129
6633.98486 0.261045
6635.12012 0.260799
6636.25488 0.260553
6637.39111 0.260308
6638.52588 0.260062
6639.66211 0.259817
6640.79785 0.25959
6641.93408 0.259362
6643.07080 0.25906
6644.20703 0.258758
6645.34424 0.258456
6646.48096 0.258154
6647.61816 0.257852
6648.75488 0.25755
6649.89307 0.257248
6651.03076 0.256947
6652.16895 0.256627
6653.30713 0.256266
6654.44482 0.255904
6655.58398 0.255542
6656.72314 0.255181
6657.86084 0.25482
6659.00000 0.254459
6660.14014 0.254094
6661.27881 0.253708
6662.41895 0.253315
6663.55908 0.252914
6664.69922 0.252514
6665.83887 0.252113
6666.97998 0.251713
6668.12109 0.251313
6669.26221 0.250913
6670.40283 0.250522
6671.54395 0.250148
6672.68604 0.249835
6673.82715 0.249545
6674.96924 0.249255
6676.11084 0.248965
6677.25293 0.248675
6678.39600 0.248386
6679.53809 0.248096
6680.68115 0.247806
6681.82422 0.247516
6682.96680 0.247393
6684.11084 0.247272
6685.25391 0.247151
6686.39795 0.247031
6687.54199 0.24691
6688.68701 0.24679
6689.83105 0.246669
6690.97607 0.246528
6692.12012 0.246397
6693.26514 0.246313
6694.41016 0.246228
6695.55615 0.246144
6696.70117 0.246059
6697.84717 0.245975
6698.99316 0.245891
6700.13916 0.245809
6701.28613 0.245749
6702.43213 0.245686
6703.57910 0.245621
6704.72607 0.245556
6705.87305 0.24549
6707.02100 0.245425
6708.16797 0.24536
6709.31494 0.245294
6710.46289 0.245229
6711.61182 0.245164
6712.75977 0.245083
6713.90918 0.244997
6715.05713 0.244911
6716.20605 0.244826
6717.35498 0.24474
6718.50391 0.244655
6719.65381 0.244569
6720.80420 0.244467
6721.95410 0.244359
6723.10400 0.244283
6724.25391 0.244206
6725.40381 0.244129
6726.55518 0.244052
6727.70605 0.243976
6728.85693 0.243899
6730.00781 0.243822
6731.16016 0.24377
6732.31201 0.243755
6733.46289 0.243798
6734.61523 0.243842
6735.76807 0.243886
6736.91992 0.243929
6738.07324 0.243972
6739.22607 0.244016
6740.37793 0.244059
6741.53223 0.244102
6742.68604 0.244255
6743.83887 0.244452
6744.99316 0.244648
6746.14697 0.244844
6747.30078 0.24504
6748.45605 0.245236
6749.60986 0.245432
6750.76514 0.245612
6751.91992 0.245783
6753.07520 0.245971
6754.22998 0.246158
6755.38623 0.246345
6756.54199 0.246532
6757.69824 0.24672
6758.85400 0.246906
6760.01123 0.247093
6761.16699 0.247304
6762.32422 0.247497
6763.48096 0.247663
6764.63818 0.247829
6765.79492 0.247995
6766.95312 0.24816
6768.11084 0.248326
6769.26904 0.248491
6770.42676 0.248657
6771.58496 0.248822
6772.74414 0.248923
6773.90283 0.249003
6775.06201 0.249083
6776.22119 0.249162
6777.37988 0.249242
6778.54004 0.249322
6779.70020 0.249402
6780.85986 0.249463
6782.02002 0.249508
6783.18018 0.249492
6784.34082 0.249476
6785.50098 0.249459
6786.66309 0.249443
6787.82422 0.249427
6788.98486 0.249411
6790.14600 0.249397
6791.30908 0.249406
6792.47021 0.249421
6793.63184 0.249441
6794.79492 0.249462
6795.95801 0.249483
6797.12012 0.249503
6798.28320 0.249524
6799.44580 0.249545
6800.60889 0.249565
6801.77295 0.249586
6802.93701 0.24958
6804.10107 0.249571
6805.26514 0.249562
6806.42920 0.249554
6807.59424 0.249545
6808.75879 0.249536
6809.92285 0.249528
6811.08887 0.249495
6812.25391 0.249441
6813.41895 0.249343
6814.58496 0.249246
6815.75098 0.249148
6816.91699 0.249051
6818.08301 0.248953
6819.25000 0.248855
6820.41699 0.248767
6821.58398 0.248694
6822.75098 0.248528
6823.91797 0.24833
6825.08594 0.248131
6826.25391 0.247933
6827.42090 0.247734
6828.58984 0.247536
6829.75781 0.247338
6830.92676 0.247145
6832.09521 0.246931
6833.26416 0.246618
6834.43408 0.246305
6835.60303 0.245992
6836.77197 0.245679
6837.94189 0.245366
6839.11182 0.245053
6840.28223 0.244734
6841.45312 0.244397
6842.62305 0.24405
6843.79395 0.243698
6844.96484 0.243346
6846.13623 0.242994
6847.30713 0.242642
6848.47900 0.24229
6849.64990 0.241938
6850.82178 0.241604
6851.99512 0.241279
6853.16699 0.240979
6854.33887 0.240679
6855.51221 0.24038
6856.68506 0.24008
6857.85791 0.23978
6859.03223 0.239481
6860.20508 0.239177
6861.37891 0.238853
6862.55322 0.238563
6863.72705 0.2383
6864.90088 0.238038
6866.07617 0.237775
6867.25000 0.237512
6868.42480 0.23725
6869.60107 0.236988
6870.77588 0.236741
6871.95215 0.236503
6873.12695 0.236257
6874.30322 0.236012
6875.47900 0.235767
6876.65576 0.235522
6877.83301 0.235277
6879.00879 0.235032
6880.18604 0.234787
6881.36279 0.234542
6882.54102 0.234288
6883.71777 0.234027
6884.89600 0.233766
6886.07422 0.233505
6887.25195 0.233244
6888.43018 0.232984
6889.60889 0.232723
6890.78809 0.232446
6891.96680 0.232163
6893.14600 0.231891
6894.32520 0.231619
6895.50488 0.231348
6896.68506 0.231076
6897.86523 0.230805
6899.04492 0.230534
6900.22510 0.230267
6901.40576 0.230019
6902.58594 0.229797
6903.76807 0.229594
6904.94922 0.229391
6906.12988 0.229188
6907.31201 0.228985
6908.49414 0.228782
6909.67578 0.228579
6910.85791 0.228376
6912.04004 0.228188
6913.22314 0.22812
6914.40576 0.228052
6915.58887 0.227984
6916.77197 0.227915
6917.95508 0.227847
6919.13916 0.227779
6920.32324 0.227705
6921.50684 0.227613
6922.69092 0.22758
6923.87500 0.227577
6925.06006 0.227574
6926.24512 0.227571
6927.43018 0.227568
6928.61523 0.227565
6929.80078 0.227562
6930.98584 0.227578
6932.17188 0.227598
6933.35791 0.227614
6934.54395 0.227631
6935.73096 0.227647
6936.91699 0.227663
6938.10400 0.22768
6939.29199 0.227696
6940.47900 0.227703
6941.66699 0.227695
6942.85400 0.227637
6944.04199 0.227564
6945.22998 0.227492
6946.41797 0.227419
6947.60693 0.227347
6948.79492 0.227274
6949.98389 0.227202
6951.17285 0.227153
6952.36279 0.22708
6953.55176 0.226967
6954.74219 0.226854
6955.93213 0.22674
6957.12207 0.226627
6958.31299 0.226514
6959.50293 0.226401
6960.69385 0.226288
6961.88477 0.226175
6963.07617 0.226057
6964.26709 0.22594
6965.45801 0.225822
6966.64990 0.225704
6967.84180 0.225586
6969.03516 0.225468
6970.22705 0.225346
6971.41895 0.225205
6972.61182 0.225108
6973.80518 0.225042
6974.99902 0.224976
6976.19189 0.22491
6977.38477 0.224844
6978.57910 0.224778
6979.77295 0.224713
6980.96680 0.224666
6982.16211 0.224657
6983.35596 0.224782
6984.55078 0.224908
6985.74609 0.225033
6986.94092 0.225159
6988.13721 0.225284
6989.33301 0.22541
6990.52783 0.225535
6991.72412 0.22566
6992.91992 0.225933
6994.11719 0.226236
6995.31299 0.226539
6996.50977 0.226842
6997.70801 0.227145
6998.90479 0.227447
7000.10303 0.227746
7001.29980 0.22801
7002.49805 0.228331
7003.69580 0.228716
7004.89404 0.2291
7006.09277 0.229485
7007.29199 0.229869
7008.49023 0.230252
7009.68896 0.230636
7010.88916 0.231037
7012.08789 0.231428
7013.28809 0.231718
7014.48779 0.232007
7015.68799 0.232295
7016.88916 0.232584
7018.08887 0.232873
7019.29004 0.233161
7020.49121 0.233439
7021.69189 0.233703
7022.89307 0.233392
7024.09521 0.232934
7025.29688 0.232476
7026.49902 0.232019
7027.70117 0.231562
7028.90283 0.231105
7030.10596 0.23065
7031.30908 0.230208
7032.51221 0.229025
7033.71484 0.227029
7034.91797 0.225033
7036.12207 0.223039
7037.32617 0.221046
7038.52979 0.219054
7039.73389 0.217063
7040.93799 0.215072
7042.14307 0.212721
7043.34814 0.208567
7044.55322 0.204416
7045.75781 0.200268
7046.96387 0.196121
7048.16895 0.191977
7049.37500 0.187835
7050.58203 0.183686
7051.78809 0.179529
7052.99512 0.173954
7054.20117 0.168173
7055.40820 0.162396
7056.61523 0.156623
7057.82324 0.150854
7059.02979 0.145091
7060.23779 0.139335
7061.44580 0.133594
7062.65381 0.12789
7063.86182 0.122219
7065.07080 0.116547
7066.27979 0.110882
7067.48877 0.105219
7068.69824 0.099557
7069.90820 0.093899
7071.11719 0.088237
7072.32715 0.083055
7073.53711 0.078927
7074.74707 0.074803
7075.95801 0.070681
7077.16797 0.066562
7078.37891 0.062446
7079.58984 0.058334
7080.80176 0.054228
7082.01318 0.050205
7083.22510 0.047649
