threeML/data/optical_filters/HST/WFC3_UVIS1-F438W.ecsv
# %ECSV 0.9
# ---
# datatype:
# - {name: wavelength, unit: Angstrom, datatype: float32}
# - {name: response, datatype: float32}
# meta: !!omap
# - {band_name: F438W}
# - {group_name: WFC3_UVIS1}
wavelength response
[from data line 805]
4416.63281 0.225842
4417.38916 0.225876
4418.14502 0.22591
4418.89990 0.225945
4419.65576 0.225979
4420.41309 0.226021
4421.16895 0.22607
4421.92480 0.226229
4422.68213 0.226399
4423.43799 0.226569
4424.19482 0.22674
4424.95215 0.22691
4425.70898 0.227081
4426.46680 0.227252
4427.22412 0.227422
4427.98096 0.227593
4428.73877 0.227764
4429.49707 0.227935
4430.25391 0.228103
4431.01318 0.228266
4431.77100 0.228482
4432.52881 0.228721
4433.28809 0.22896
4434.04590 0.229199
4434.80518 0.229438
4435.56299 0.229678
4436.32178 0.229917
4437.08105 0.230157
4437.83984 0.230397
4438.60010 0.230636
4439.35889 0.230876
4440.11914 0.231116
4440.87793 0.231356
4441.63818 0.231579
4442.39795 0.231787
4443.15820 0.231994
4443.91797 0.232202
4444.67920 0.23241
4445.43896 0.232617
4446.20020 0.232825
4446.95996 0.233033
4447.72119 0.233241
4448.48193 0.233449
4449.24316 0.233657
4450.00488 0.233866
4450.76611 0.234074
4451.52686 0.234277
4452.28906 0.234469
4453.05078 0.234662
4453.81299 0.234855
4454.57520 0.235047
4455.33691 0.23524
4456.09912 0.235433
4456.86182 0.235626
4457.62402 0.235819
4458.38721 0.236012
4459.14990 0.236206
4459.91309 0.236399
4460.67578 0.236606
4461.43896 0.236792
4462.20215 0.236907
4462.96582 0.237023
4463.72900 0.237139
4464.49316 0.237255
4465.25684 0.237371
4466.02100 0.237487
4466.78516 0.237603
4467.54883 0.23772
4468.31299 0.237836
4469.07812 0.237952
4469.84277 0.238068
4470.60693 0.238172
4471.37305 0.238265
4472.13721 0.238312
4472.90186 0.23836
4473.66797 0.238407
4474.43311 0.238455
4475.19922 0.238502
4475.96387 0.23855
4476.72998 0.238597
4477.49609 0.238645
4478.26221 0.238693
4479.02783 0.23874
4479.79492 0.238788
4480.56201 0.238835
4481.32812 0.238883
4482.09521 0.23893
4482.86084 0.238978
4483.62793 0.239025
4484.39600 0.239073
4485.16309 0.23912
4485.93018 0.239168
4486.69824 0.239215
4487.46484 0.239263
4488.23291 0.239311
4489.00098 0.239358
4489.76904 0.239406
4490.53809 0.239453
4491.30615 0.239502
4492.07422 0.239563
4492.84277 0.239624
4493.61084 0.239685
4494.37988 0.239747
4495.14893 0.239808
4495.91797 0.239869
4496.68701 0.23993
4497.45703 0.239992
4498.22705 0.240053
4498.99609 0.240115
4499.76611 0.240176
4500.53613 0.240224
4501.30615 0.240268
4502.07617 0.240332
4502.84619 0.240396
4503.61719 0.24046
4504.38721 0.240524
4505.15820 0.240588
4505.92920 0.240651
4506.69922 0.240715
4507.47119 0.24078
4508.24219 0.240843
4509.01318 0.240907
4509.78516 0.240972
4510.55615 0.241047
4511.32812 0.24112
4512.10010 0.241119
4512.87207 0.241119
4513.64404 0.241118
4514.41602 0.241118
4515.18799 0.241117
4515.96094 0.241116
4516.73389 0.241116
4517.50586 0.241115
4518.27881 0.241114
4519.05176 0.241113
4519.82617 0.241113
4520.59912 0.2411
4521.37305 0.241068
4522.14600 0.240942
4522.91895 0.240816
4523.69287 0.24069
4524.46680 0.240564
4525.24219 0.240438
4526.01611 0.240312
4526.79004 0.240186
4527.56494 0.24006
4528.33887 0.239934
4529.11377 0.239808
4529.88916 0.239681
4530.66406 0.239555
4531.43896 0.239407
4532.21387 0.23918
4532.99023 0.238953
4533.76611 0.238726
4534.54199 0.238499
4535.31689 0.238271
4536.09277 0.238044
4536.86914 0.237817
4537.64600 0.237589
4538.42188 0.237362
4539.19824 0.237134
4539.97510 0.236907
4540.75098 0.236679
4541.52881 0.236455
4542.30615 0.236237
4543.08301 0.236019
4543.85986 0.235801
4544.63818 0.235583
4545.41504 0.235365
4546.19287 0.235147
4546.97119 0.234929
4547.74902 0.23471
4548.52686 0.234492
4549.30518 0.234274
4550.08301 0.234055
4550.86182 0.233837
4551.64014 0.233652
4552.41895 0.233506
4553.19824 0.233361
4553.97705 0.233215
4554.75586 0.233069
4555.53613 0.232923
4556.31494 0.232777
4557.09521 0.232631
4557.87402 0.232485
4558.65381 0.232339
4559.43408 0.232193
4560.21387 0.232051
4560.99414 0.23192
4561.77490 0.231785
4562.55518 0.231648
4563.33594 0.231511
4564.11719 0.231374
4564.89697 0.231237
4565.67920 0.2311
4566.45898 0.230962
4567.24121 0.230825
4568.02197 0.230688
4568.80420 0.23055
4569.58496 0.230412
4570.36816 0.230268
4571.14893 0.230115
4571.93213 0.229804
4572.71387 0.229461
4573.49609 0.229118
4574.27881 0.228775
4575.06104 0.228433
4575.84424 0.228089
4576.62695 0.227746
4577.41016 0.227403
4578.19287 0.227059
4578.97705 0.226716
4579.75977 0.226372
4580.54297 0.226029
4581.32715 0.22567
4582.11084 0.225049
4582.89502 0.224428
4583.67920 0.223807
4584.46289 0.223186
4585.24805 0.222565
4586.03223 0.221943
4586.81689 0.221322
4587.60205 0.2207
4588.38721 0.220078
4589.17090 0.219456
4589.95703 0.218833
4590.74219 0.218211
4591.52686 0.217574
4592.31299 0.216906
4593.09912 0.216237
4593.88477 0.215568
4594.67090 0.214898
4595.45703 0.214229
4596.24316 0.21356
4597.02881 0.21289
4597.81592 0.212221
4598.60303 0.211551
4599.39014 0.21088
4600.17578 0.21021
4600.96289 0.209539
4601.75000 0.209076
4602.53809 0.208759
4603.32520 0.208442
4604.11279 0.208125
4604.90088 0.207808
4605.68799 0.207491
4606.47705 0.207173
4607.26514 0.206856
4608.05322 0.206538
4608.84082 0.20622
4609.62988 0.205903
4610.41895 0.205592
4611.20801 0.205288
4611.99707 0.205593
4612.78613 0.205971
4613.57520 0.206349
4614.36377 0.206728
4615.15381 0.207106
4615.94287 0.207485
4616.73291 0.207864
4617.52295 0.208243
4618.31299 0.208622
4619.10303 0.209001
4619.89404 0.209381
4620.68408 0.209748
4621.47510 0.210199
4622.26514 0.210937
4623.05615 0.211675
4623.84717 0.212414
4624.63818 0.213153
4625.42920 0.213892
4626.22119 0.214631
4627.01221 0.215371
4627.80420 0.21611
4628.59619 0.21685
4629.38818 0.21759
4630.18018 0.21833
4630.97217 0.219066
4631.76416 0.219067
4632.55713 0.218555
4633.34912 0.218044
4634.14209 0.217531
4634.93506 0.217019
4635.72803 0.216507
4636.52100 0.215995
4637.31396 0.215483
4638.10791 0.21497
4638.90088 0.214457
4639.69482 0.213945
4640.48877 0.213432
4641.28320 0.212919
4642.07715 0.20976
4642.87109 0.206547
4643.66602 0.203331
4644.45996 0.200115
4645.25488 0.196897
4646.04883 0.193681
4646.84424 0.190463
4647.64014 0.187242
4648.43506 0.184024
4649.22998 0.180803
4650.02490 0.177582
4650.82080 0.17436
4651.61719 0.170383
4652.41309 0.165255
4653.20801 0.160126
4654.00488 0.154994
4654.80078 0.149865
4655.59717 0.144732
4656.39404 0.139596
4657.18994 0.134463
4657.98682 0.129326
4658.78418 0.124189
4659.58203 0.119048
4660.37891 0.113907
4661.17578 0.108766
4661.97412 0.104306
4662.77100 0.099977
4663.56885 0.095645
4664.36719 0.091312
4665.16504 0.086977
4665.96289 0.082642
4666.76123 0.078308
4667.56006 0.07397
4668.35791 0.069633
4669.15723 0.065294
4669.95605 0.060954
4670.75488 0.056615
4671.55420 0.052872
4672.35400 0.050453
4673.15283 0.048033
4673.95312 0.045611
4674.75195 0.043188
4675.55176 0.040765
4676.35205 0.038342
4677.15186 0.035918
4677.95215 0.033492
4678.75293 0.031064
4679.55322 0.028638
4680.35400 0.026208
4681.15479 0.023777
4681.95605 0.022453
4682.75684 0.021395
4683.55811 0.020337
4684.35889 0.019278
4685.16113 0.018219
4685.96191 0.01716
4686.76416 0.0161
4687.56592 0.015041
4688.36816 0.013981
4689.16992 0.012921
4689.97217 0.01186
4690.77490 0.010799
4691.57715 0.009941
4692.37988 0.009494
4693.18311 0.009047
4693.98584 0.0086
4694.78906 0.008152
4695.59180 0.007705
4696.39600 0.007257
4697.19922 0.006809
4698.00293 0.006362
4698.80713 0.005914
4699.60986 0.005466
4700.41504 0.005018
4701.21924 0.004569
4702.02295 0.004345
4702.82812 0.004151
4703.63184 0.003956
4704.43701 0.003762
4705.24219 0.003568
4706.04688 0.003374
4706.85205 0.003179
4707.65820 0.002985
4708.46289 0.00279
4709.26904 0.002596
4710.07422 0.002401
4710.87988 0.002206
4711.68604 0.002063
4712.49219 0.001979
4713.29785 0.001895
4714.10498 0.001812
4714.91211 0.001728
4715.71777 0.001645
4716.52490 0.001561
4717.33203 0.001477
4718.13916 0.001393
4718.94580 0.00131
4719.75391 0.001226
4720.56201 0.001142
4721.36914 0.001061
4722.17676 0.001021
4722.98486 0.000982
4723.79297 0.000942
4724.60107 0.000902
4725.40918 0.000862
4726.21777 0.000823
4727.02588 0.000783
4727.83496 0.000743
4728.64404 0.000703
4729.45312 0.000663
4730.26221 0.000623
4731.07178 0.000584
4731.88086 0.000557
4732.69092 0.000537
4733.50000 0.000517
4734.31104 0.000496
4735.12109 0.000476
4735.93115 0.000456
4736.74121 0.000436
4737.55078 0.000415
5211.30566 0.0
