threeML/data/optical_filters/HST/WFC3_IR-F167N.ecsv
# %ECSV 0.9
# ---
# datatype:
# - {name: wavelength, unit: Angstrom, datatype: float32}
# - {name: response, datatype: float32}
# meta: !!omap
# - {band_name: F167N}
# - {group_name: WFC3_IR}
wavelength response
14858.82031 0.0
16509.80078 0.000443
16511.14062 0.000521
16512.48047 0.000487
16513.82031 0.000557
16515.16016 0.000699
16516.50000 0.000913
16517.83984 0.000916
16519.17969 0.000989
16520.51953 0.001133
16521.85938 0.001418
16523.19922 0.001631
16524.53906 0.001778
16525.88086 0.002098
16527.22070 0.002457
16528.56055 0.002851
16529.91016 0.003313
16531.25000 0.003834
16532.58984 0.004412
16533.92969 0.005158
16535.26953 0.006085
16536.60938 0.007167
16537.94922 0.008446
16539.28906 0.009992
16540.64062 0.011775
16541.98047 0.014013
16543.32031 0.016632
16544.66016 0.019599
16546.00000 0.023322
16547.34961 0.027856
16548.68945 0.033078
16550.02930 0.0395
16551.36914 0.047164
16552.72070 0.055787
16554.06055 0.065777
16555.40039 0.077489
16556.74023 0.090456
16558.08984 0.105336
16559.42969 0.122235
16560.77930 0.140506
16562.11914 0.160513
16563.46094 0.182021
16564.80078 0.204344
16566.15039 0.227337
16567.49023 0.250642
16568.83984 0.273882
16570.17969 0.296359
16571.52930 0.317822
16572.86914 0.338606
16574.21094 0.358433
16575.56055 0.376928
16576.90039 0.394129
16578.25000 0.409028
16579.58984 0.421226
16580.93945 0.431932
16582.27930 0.440839
16583.63086 0.447418
16584.97070 0.452736
16586.32031 0.456565
16587.66016 0.458986
16589.00977 0.460678
16590.35938 0.461527
16591.69922 0.461942
16593.05078 0.462075
16594.39062 0.46186
16595.74023 0.461674
16597.08984 0.461581
16598.42969 0.461614
16599.77930 0.462236
16601.13086 0.462805
16602.47070 0.463391
16603.82031 0.464174
16605.16992 0.465002
16606.50977 0.465868
16607.85938 0.467323
16609.21094 0.468785
16610.55078 0.470222
16611.90039 0.471552
16613.25000 0.473033
16614.59961 0.474652
16615.94922 0.476367
16617.28906 0.477902
16618.64062 0.479267
16619.99023 0.48027
16621.33984 0.481271
16622.68945 0.482233
16624.03906 0.483224
16625.38086 0.484213
16626.73047 0.485132
16628.08008 0.485626
16629.42969 0.486076
16630.77930 0.486466
16632.13086 0.486678
16633.48047 0.487062
16634.83008 0.487404
16636.17969 0.487299
16637.52930 0.487299
16638.88086 0.48726
16640.22070 0.486984
16641.57031 0.48676
16642.92969 0.486524
16644.27930 0.486212
16645.63086 0.485814
16646.98047 0.485361
16648.33008 0.48484
16649.67969 0.484319
16651.02930 0.483752
16652.38086 0.483171
16653.73047 0.482652
16655.08008 0.482197
16656.42969 0.481827
16657.77930 0.481361
16659.13086 0.480572
16660.48047 0.479388
16661.83984 0.479631
16663.18945 0.479668
16664.53906 0.479394
16665.89062 0.47905
16667.24023 0.478778
16668.59961 0.478584
16669.94922 0.478693
16671.30078 0.478609
16672.65039 0.478378
16674.00977 0.478239
16675.35938 0.478103
16676.71094 0.47796
16678.06055 0.477755
16679.41992 0.477772
16680.76953 0.477881
16682.11914 0.477963
16683.48047 0.477972
16684.83008 0.47792
16686.17969 0.477759
16687.53906 0.477649
16688.89062 0.477354
16690.24023 0.476448
16691.59961 0.476065
16692.94922 0.475897
16694.31055 0.4759
16695.66016 0.475903
16697.01953 0.475929
16698.36914 0.476
16699.72070 0.475716
16701.08008 0.475388
16702.42969 0.47508
16703.78906 0.474803
16705.14062 0.47453
16706.50000 0.474258
16707.84961 0.473919
16709.21094 0.473594
16710.56055 0.473262
16711.91992 0.472415
16713.27930 0.471567
16714.63086 0.470726
16715.99023 0.469984
16717.33984 0.469302
16718.69922 0.468694
16720.06055 0.468367
16721.41016 0.467947
16722.76953 0.467421
16724.13086 0.466808
16725.48047 0.466197
16726.83984 0.465619
16728.19922 0.465178
16729.55078 0.464788
16730.91016 0.464442
16732.26953 0.464173
16733.63086 0.463878
16734.98047 0.463492
16736.33984 0.462916
16737.69922 0.462539
16739.06055 0.462227
16740.41016 0.461945
16741.76953 0.461378
16743.13086 0.460611
16744.49023 0.459605
16745.84961 0.458443
16747.21094 0.457079
16748.56055 0.455497
16749.91992 0.453483
16751.27930 0.451164
16752.64062 0.448479
16754.00000 0.444964
16755.35938 0.440883
16756.72070 0.436298
16758.08008 0.430922
16759.43945 0.42463
16760.78906 0.417616
16762.16016 0.409605
16763.51953 0.400306
16764.86914 0.390172
16766.23047 0.379116
16767.59961 0.366307
16768.96094 0.352727
16770.32031 0.338576
16771.67969 0.322947
16773.03906 0.306469
16774.40039 0.289047
16775.75977 0.271901
16777.11914 0.25451
16778.48047 0.236722
16779.83984 0.219315
16781.19922 0.202148
16782.56055 0.185197
16783.92969 0.169159
16785.28906 0.153885
16786.65039 0.139345
16788.00977 0.125477
16789.36914 0.11256
16790.73047 0.100472
16792.09961 0.089279
16793.46094 0.079179
16794.82031 0.069898
16796.17969 0.061482
16797.53906 0.053999
16798.91016 0.047198
16800.26953 0.041379
16801.63086 0.036291
16803.00000 0.031633
16804.35938 0.027443
16805.72070 0.023948
16807.08984 0.020804
16808.44922 0.018023
16809.81055 0.01572
16811.17969 0.01368
16812.53906 0.011908
16813.90039 0.010424
16815.26953 0.009068
16816.63086 0.007841
16818.00000 0.006938
16819.35938 0.006056
16820.73047 0.005203
16822.08984 0.004502
16823.46094 0.00401
16824.82031 0.003609
16826.18945 0.003043
16827.55078 0.002662
16828.91016 0.002355
16830.27930 0.002022
16831.64062 0.001842
16833.00977 0.001668
16834.38086 0.001402
16835.74023 0.00122
16837.10938 0.001079
16838.47070 0.000979
16839.83984 0.000849
16841.21094 0.000716
16842.57031 0.000584
16843.93945 0.000548
16845.30078 0.000481
18529.83008 0.0
