threeML/data/optical_filters/HST/WFC3_UVIS2-F300X.ecsv
# %ECSV 0.9
# ---
# datatype:
# - {name: wavelength, unit: Angstrom, datatype: float32}
# - {name: response, datatype: float32}
# meta: !!omap
# - {band_name: F300X}
# - {group_name: WFC3_UVIS2}
wavelength response
[from data line 2415]
3058.41797 0.086717
3058.94189 0.086605
3059.46509 0.086492
3059.98901 0.08638
3060.51196 0.086271
3061.03589 0.086163
3061.56006 0.086056
3062.08301 0.085949
3062.60693 0.085842
3063.13110 0.085734
3063.65503 0.085627
3064.17896 0.08552
3064.70410 0.085412
3065.22803 0.085305
3065.75293 0.085198
3066.27710 0.08509
3066.80200 0.084983
3067.32593 0.084875
3067.85107 0.084768
3068.37598 0.08466
3068.90088 0.084553
3069.42603 0.084445
3069.95093 0.084338
3070.47705 0.084227
3071.00195 0.084114
3071.52710 0.084001
3072.05298 0.083887
3072.57910 0.083773
3073.10400 0.08366
3073.62988 0.083546
3074.15601 0.083432
3074.68188 0.083319
3075.20801 0.083205
3075.73389 0.083091
3076.26001 0.082977
3076.78711 0.082863
3077.31299 0.08275
3077.84009 0.082636
3078.36597 0.082522
3078.89307 0.082408
3079.41992 0.082294
3079.94702 0.08218
3080.47290 0.08207
3081.00000 0.081959
3081.52808 0.081846
3082.05493 0.081733
3082.58203 0.081621
3083.11011 0.081508
3083.63696 0.081395
3084.16504 0.081282
3084.69189 0.081169
3085.21997 0.081056
3085.74805 0.080943
3086.27588 0.08083
3086.80396 0.080717
3087.33203 0.080604
3087.86011 0.080491
3088.38892 0.080377
3088.91699 0.080264
3089.44604 0.080151
3089.97412 0.080038
3090.50293 0.079921
3091.03198 0.079804
3091.56104 0.079689
3092.09009 0.079573
3092.61890 0.079458
3093.14795 0.079342
3093.67700 0.079226
3094.20605 0.079111
3094.73608 0.078995
3095.26489 0.078879
3095.79492 0.078764
3096.32397 0.078648
3096.85400 0.078532
3097.38403 0.078417
3097.91406 0.078301
3098.44409 0.078185
3098.97412 0.078069
3099.50391 0.077953
3100.03491 0.077838
3100.56494 0.077726
3101.09497 0.077615
3101.62598 0.077505
3102.15698 0.077396
3102.68701 0.077287
3103.21802 0.077177
3103.74902 0.077068
3104.28003 0.076958
3104.81201 0.076849
3105.34302 0.076739
3105.87402 0.07663
3106.40503 0.07652
3106.93701 0.07641
3107.46899 0.076301
3108.00000 0.076191
3108.53198 0.076081
3109.06396 0.075972
3109.59595 0.075862
3110.12793 0.075752
3110.65991 0.075643
3111.19189 0.07553
3111.72412 0.075415
3112.25708 0.0753
3112.78906 0.075186
3113.32202 0.075071
3113.85400 0.074956
3114.38696 0.074841
3114.91992 0.074726
3115.45288 0.074611
3115.98608 0.074496
3116.51904 0.074381
3117.05200 0.074266
3117.58594 0.074151
3118.11890 0.074036
3118.65308 0.073921
3119.18604 0.073806
3119.71997 0.073691
3120.25391 0.073574
3120.78809 0.073455
3121.32202 0.073338
3121.85498 0.073222
3122.38989 0.073105
3122.92407 0.072989
3123.45801 0.072872
3123.99292 0.072756
3124.52710 0.07264
3125.06201 0.072523
3125.59595 0.072407
3126.13110 0.07229
3126.66602 0.072173
3127.20093 0.072057
3127.73608 0.07194
3128.27100 0.071824
3128.80591 0.071707
3129.34204 0.071591
3129.87695 0.071474
3130.41309 0.07136
3130.94800 0.071247
3131.48389 0.071136
3132.02002 0.071025
3132.55591 0.070914
3133.09204 0.070804
3133.62793 0.070693
3134.16406 0.070582
3134.69995 0.070471
3135.23608 0.07036
3135.77295 0.070249
3136.30908 0.070138
3136.84595 0.070027
3137.38306 0.069916
3137.91895 0.069805
3138.45605 0.069694
3138.99292 0.069583
3139.53003 0.069472
3140.06689 0.06936
3140.60498 0.069245
3141.14209 0.069134
3141.67896 0.069027
3142.21704 0.06892
3142.75488 0.068812
3143.29199 0.068705
3143.83008 0.068598
3144.36792 0.068491
3144.90601 0.068384
3145.44409 0.068276
3145.98193 0.068169
3146.52100 0.068062
3147.05908 0.067954
3147.59692 0.067847
3148.13599 0.06774
3148.67407 0.067632
3149.21289 0.067525
3149.75195 0.067417
3150.29102 0.067312
3150.83008 0.067208
3151.36890 0.067102
3151.90796 0.066995
3152.44800 0.066889
3152.98706 0.066782
3153.52588 0.066676
3154.06592 0.066569
3154.60498 0.066463
3155.14502 0.066356
3155.68506 0.066249
3156.22510 0.066143
3156.76489 0.066036
3157.30493 0.06593
3157.84497 0.065823
3158.38501 0.065716
3158.92603 0.065609
3159.46606 0.065503
3160.00708 0.065396
3160.54810 0.065286
3161.08789 0.065176
3161.62891 0.065068
3162.16992 0.064959
3162.71094 0.064851
3163.25195 0.064742
3163.79297 0.064633
3164.33496 0.064525
3164.87598 0.064416
3165.41797 0.064307
3165.95898 0.064199
3166.50098 0.06409
3167.04297 0.063981
3167.58496 0.063873
3168.12598 0.063764
3168.66895 0.063655
3169.21094 0.063546
3169.75293 0.063438
3170.29492 0.06333
3170.83789 0.063225
3171.37988 0.063126
3171.92310 0.063029
3172.46606 0.062932
3173.00806 0.062835
3173.55103 0.062737
3174.09399 0.06264
3174.63696 0.062543
3175.17993 0.062445
3175.72412 0.062348
3176.26709 0.062251
3176.81104 0.062153
3177.35400 0.062056
3177.89795 0.061958
3178.44092 0.061861
3178.98511 0.061763
3179.52905 0.061666
3180.07300 0.061568
3180.61694 0.061468
3181.16089 0.061367
3181.70605 0.061266
3182.25000 0.061164
3182.79395 0.061063
3183.33911 0.060962
3183.88403 0.060861
3184.42798 0.06076
3184.97290 0.060658
3185.51807 0.060557
3186.06299 0.060456
3186.60791 0.060355
3187.15405 0.060254
3187.69897 0.060152
3188.24390 0.060051
3188.79004 0.05995
3189.33496 0.059848
3189.88110 0.059747
3190.42700 0.059648
3190.97290 0.05955
3191.51904 0.059457
3192.06494 0.059364
3192.61108 0.059271
3193.15698 0.059178
3193.70288 0.059085
3194.25000 0.058992
3194.79590 0.058899
3195.34302 0.058806
3195.88989 0.058712
3196.43701 0.058619
3196.98291 0.058526
3197.53003 0.058433
3198.07690 0.05834
3198.62500 0.058246
3199.17212 0.058153
3199.71899 0.05806
3200.26709 0.057964
3200.81396 0.057865
3201.36206 0.057773
3201.90991 0.057683
3202.45801 0.057592
3203.00488 0.057501
3203.55298 0.057411
3204.10205 0.05732
3204.64990 0.05723
3205.19800 0.057139
3205.74609 0.057048
3206.29492 0.056958
3206.84399 0.056867
3207.39209 0.056776
3207.94092 0.056686
3208.48999 0.056595
3209.03906 0.056504
3209.58789 0.056414
3210.13696 0.056324
3210.68604 0.056236
3211.23511 0.056145
3211.78491 0.056053
3212.33398 0.05596
3212.88403 0.055868
3213.43408 0.055775
3213.98291 0.055682
3214.53296 0.05559
3215.08301 0.055497
3215.63403 0.055404
3216.18408 0.055312
3216.73389 0.055219
3217.28394 0.055126
3217.83496 0.055034
3218.38501 0.054941
3218.93604 0.054848
3219.48706 0.054755
3220.03809 0.054662
3220.58789 0.054567
3221.13892 0.054475
3221.69092 0.05439
3222.24194 0.054304
3222.79297 0.054219
3223.34399 0.054134
3223.89600 0.054048
3224.44800 0.053963
3224.99902 0.053877
3225.55103 0.053792
3226.10303 0.053706
3226.65503 0.053621
3227.20703 0.053536
3227.75903 0.05345
3228.31104 0.053365
3228.86401 0.053279
3229.41602 0.053194
3229.96899 0.053108
3230.52100 0.053025
3231.07397 0.052943
3231.62695 0.052864
3232.17993 0.052784
3232.73291 0.052704
3233.28589 0.052625
3233.83911 0.052545
3234.39209 0.052466
3234.94604 0.052386
3235.49902 0.052306
3236.05298 0.052227
3236.60596 0.052147
3237.15991 0.052067
3237.71411 0.051988
3238.26807 0.051908
3238.82202 0.051828
3239.37598 0.051749
3239.92993 0.051669
3240.48511 0.051587
3241.03906 0.051505
3241.59399 0.051426
3242.14795 0.051347
3242.70288 0.051268
3243.25806 0.051189
3243.81299 0.051111
3244.36792 0.051032
3244.92310 0.050953
3245.47803 0.050874
3246.03296 0.050795
3246.58911 0.050716
3247.14404 0.050637
3247.69995 0.050558
3248.25610 0.050479
3248.81104 0.0504
3249.36694 0.050321
3249.92310 0.050242
3250.47900 0.050165
3251.03491 0.050089
3251.59204 0.050016
3252.14795 0.049942
3252.70410 0.049868
3253.26099 0.049795
3253.81689 0.049721
3254.37402 0.049647
3254.93091 0.049573
3255.48804 0.0495
3256.04492 0.049426
3256.60205 0.049352
3257.15894 0.049278
3257.71606 0.049204
3258.27393 0.049131
3258.83105 0.049057
3259.38892 0.048983
3259.94702 0.048909
3260.50391 0.048833
3261.06201 0.048758
3261.62012 0.048688
3262.17798 0.048618
3262.73608 0.048548
3263.29395 0.048478
3263.85303 0.048408
3264.41089 0.048338
3264.96997 0.048269
3265.52808 0.048199
3266.08691 0.048129
3266.64600 0.048059
3267.20508 0.047989
3267.76392 0.047919
3268.32300 0.047849
3268.88208 0.047779
3269.44092 0.047709
3270.00098 0.047639
3270.56006 0.047571
3271.12012 0.047504
3271.67896 0.047438
3272.23901 0.047372
3272.79907 0.047306
3273.35889 0.047239
3273.91895 0.047173
3274.47900 0.047107
3275.04004 0.047041
3275.60010 0.046974
3276.15991 0.046908
3276.72095 0.046842
3277.28101 0.046775
3277.84204 0.046709
3278.40308 0.046643
3278.96411 0.046577
3279.52490 0.04651
3280.08594 0.046444
3280.64697 0.046375
3281.20801 0.046307
3281.77002 0.046239
3282.33105 0.046172
3282.89307 0.046105
3283.45508 0.046037
3284.01611 0.04597
3284.57788 0.045902
3285.13989 0.045835
3285.70190 0.045768
3286.26489 0.0457
3286.82690 0.045633
3287.38892 0.045565
3287.95190 0.045498
3288.51392 0.04543
3289.07690 0.045363
3289.63989 0.045296
3290.20190 0.045229
3290.76489 0.045164
3291.32788 0.045101
3291.89209 0.04504
3292.45508 0.044978
3293.01807 0.044917
3293.58203 0.044855
3294.14502 0.044793
3294.70801 0.044732
3295.27197 0.04467
3295.83594 0.044609
3296.39990 0.044547
3296.96411 0.044486
3297.52808 0.044424
3298.09204 0.044363
3298.65601 0.044301
3299.22095 0.044239
3299.78491 0.044178
3300.35010 0.044115
3300.91504 0.044051
3301.47900 0.043991
3302.04395 0.043931
3302.60889 0.043872
3303.17407 0.043812
3303.73999 0.043752
3304.30493 0.043693
3304.87012 0.043633
3305.43604 0.043574
3306.00098 0.043514
3306.56689 0.043454
3307.13208 0.043395
3307.69800 0.043335
3308.26392 0.043275
3308.83008 0.043216
3309.39600 0.043156
3309.96289 0.043096
3310.52905 0.043039
3311.09497 0.042982
3311.66211 0.042926
3312.22900 0.04287
3312.79492 0.042814
3313.36206 0.042758
3313.92896 0.042702
3314.49609 0.042646
3315.06299 0.04259
3315.62988 0.042535
3316.19702 0.042479
3316.76489 0.042423
3317.33203 0.042367
3317.89990 0.042311
3318.46802 0.042255
3319.03491 0.042199
3319.60303 0.042143
3320.17090 0.042086
3320.73901 0.042028
3321.30688 0.041972
3321.87500 0.041918
3322.44409 0.041864
3323.01196 0.04181
3323.58105 0.041756
3324.14990 0.041702
3324.71802 0.041647
3325.28711 0.041593
3325.85596 0.041539
3326.42505 0.041485
3326.99390 0.041431
3327.56299 0.041376
3328.13306 0.041322
3328.70190 0.041268
3329.27197 0.041214
3329.84106 0.041159
3330.41089 0.041107
3330.98096 0.041055
3331.55103 0.041004
3332.12109 0.040953
3332.69092 0.040902
3333.26099 0.040851
3333.83203 0.0408
3334.40210 0.040749
3334.97192 0.040698
3335.54297 0.040646
3336.11401 0.040595
3336.68506 0.040544
3337.25488 0.040493
3337.82593 0.040442
3338.39697 0.040391
3338.96899 0.04034
3339.54004 0.040289
3340.11108 0.040237
3340.68311 0.040184
3341.25391 0.040132
3341.82593 0.04008
3342.39795 0.040028
3342.96997 0.039976
3343.54199 0.039924
3344.11401 0.039872
3344.68604 0.03982
3345.25806 0.039768
3345.83008 0.039716
3346.40308 0.039664
3346.97510 0.039612
3347.54810 0.03956
3348.12109 0.039508
3348.69409 0.039456
3349.26709 0.039404
3349.84009 0.039352
3350.41309 0.039301
3350.98608 0.039251
3351.55908 0.039201
3352.13306 0.03915
3352.70605 0.0391
3353.28003 0.039049
3353.85400 0.038999
3354.42700 0.038948
3355.00098 0.038898
3355.57495 0.038847
3356.14990 0.038796
3356.72412 0.038746
3357.29810 0.038695
3357.87305 0.038645
3358.44702 0.038594
3359.02197 0.038544
3359.59595 0.038493
3360.17090 0.038442
3360.74609 0.038389
3361.32104 0.038337
3361.89600 0.038285
3362.47095 0.038233
3363.04712 0.03818
3363.62207 0.038128
3364.19800 0.038076
3364.77295 0.038023
3365.34912 0.037971
3365.92505 0.037919
3366.50000 0.037867
3367.07690 0.037814
3367.65308 0.037762
3368.22900 0.03771
3368.80493 0.037658
3369.38208 0.037605
3369.95801 0.037553
3370.53491 0.037502
3371.11108 0.037452
3371.68799 0.037404
3372.26489 0.037355
3372.84204 0.037306
3373.41895 0.037257
3373.99609 0.037209
3374.57300 0.03716
3375.15088 0.037111
3375.72803 0.037062
3376.30591 0.037013
3376.88403 0.036965
3377.46094 0.036916
3378.03906 0.036867
3378.61694 0.036818
3379.19507 0.036769
3379.77295 0.03672
3380.35205 0.03667
3380.92993 0.03662
3381.50806 0.036572
3382.08691 0.036525
3382.66602 0.036478
3383.24390 0.03643
3383.82300 0.036383
3384.40210 0.036336
3384.98096 0.036289
3385.56006 0.036241
3386.13989 0.036194
3386.71899 0.036147
3387.29810 0.0361
3387.87793 0.036052
3388.45801 0.036005
3389.03711 0.035958
3389.61694 0.035911
3390.19702 0.035864
3390.77710 0.035819
3391.35693 0.03577
3391.93701 0.03572
3392.51807 0.03567
3393.09790 0.03562
3393.67896 0.035571
3394.26001 0.035521
3394.84009 0.035471
3395.42090 0.035421
3396.00195 0.035371
3396.58301 0.035321
3397.16406 0.035271
3397.74512 0.035221
3398.32690 0.035171
3398.90796 0.035121
3399.48999 0.035071
3400.07104 0.03502
3400.65308 0.034958
3401.23511 0.034896
3401.81689 0.034834
3402.39893 0.034772
3402.98096 0.03471
3403.56299 0.034648
3404.14600 0.034586
3404.72803 0.034525
3405.31104 0.034463
3405.89307 0.034401
3406.47607 0.034339
3407.05908 0.034277
3407.64209 0.034216
3408.22510 0.034154
3408.80811 0.034092
3409.39111 0.034031
3409.97412 0.033969
3410.55811 0.033909
3411.14111 0.03385
3411.72510 0.03379
3412.30908 0.033731
3412.89307 0.033672
3413.47705 0.033613
3414.06104 0.033554
3414.64502 0.033495
3415.22900 0.033436
3415.81299 0.033377
3416.39795 0.033318
3416.98193 0.033259
3417.56689 0.0332
3418.15210 0.033141
3418.73608 0.033082
3419.32104 0.033023
3419.90601 0.032964
3420.49097 0.032904
3421.07690 0.032844
3421.66211 0.032783
3422.24707 0.032722
3422.83301 0.032662
3423.41797 0.032601
3424.00391 0.03254
3424.59009 0.03248
3425.17603 0.032419
3425.76196 0.032359
3426.34790 0.032298
3426.93408 0.032238
3427.52100 0.032177
3428.10693 0.032117
3428.69409 0.032056
3429.28003 0.031996
3429.86694 0.031936
3430.45410 0.031876
3431.04102 0.031817
3431.62793 0.031757
3432.21509 0.031696
3432.80200 0.031636
3433.38989 0.031575
3433.97705 0.031514
3434.56396 0.031454
3435.15210 0.031393
3435.73999 0.031333
3436.32788 0.031272
3436.91602 0.031212
3437.50391 0.031151
3438.09204 0.031091
3438.67993 0.03103
3439.26807 0.03097
3439.85693 0.03091
3440.44507 0.030848
3441.03394 0.030786
3441.62305 0.030723
3442.21191 0.03066
3442.80103 0.030598
3443.38989 0.030535
3443.97900 0.030472
3444.56812 0.030409
3445.15698 0.030347
3445.74707 0.030284
3446.33594 0.030221
3446.92603 0.030159
3447.51611 0.030096
3448.10596 0.030033
3448.69604 0.029971
3449.28589 0.029908
3449.87598 0.029846
3450.46606 0.029785
3451.05591 0.029724
3451.64697 0.029662
3452.23706 0.0296
3452.82788 0.029539
3453.41895 0.029477
3454.01001 0.029416
3454.60107 0.029354
3455.19189 0.029293
3455.78296 0.029231
3456.37402 0.02917
3456.96606 0.029108
3457.55688 0.029047
3458.14795 0.028985
3458.73999 0.028924
3459.33203 0.028863
3459.92407 0.028801
3460.51611 0.028739
3461.10791 0.028676
3461.69995 0.028615
3462.29199 0.028554
3462.88501 0.028493
3463.47705 0.028431
3464.07007 0.02837
3464.66309 0.028309
3465.25488 0.028248
3465.84790 0.028187
3466.44092 0.028126
3467.03394 0.028065
3467.62695 0.028004
3468.22095 0.027944
3468.81396 0.027883
3469.40796 0.027822
3470.00098 0.027761
3470.59497 0.0277
3471.18896 0.027638
3471.78296 0.027574
3472.37695 0.02751
3472.97095 0.027446
3473.56494 0.027382
3474.15894 0.027318
3474.75391 0.027254
3475.34790 0.027191
3475.94312 0.027127
3476.53711 0.027063
3477.13208 0.026999
3477.72705 0.026935
3478.32202 0.026872
3478.91699 0.026808
3479.51196 0.026744
3480.10791 0.026681
3480.70288 0.026619
3481.29907 0.026556
3481.89502 0.026494
3482.48999 0.026431
3483.08594 0.026369
3483.68188 0.026307
3484.27808 0.026244
3484.87402 0.026182
3485.46997 0.02612
3486.06689 0.026058
3486.66309 0.025995
3487.26001 0.025933
3487.85596 0.025871
3488.45288 0.025809
3489.05005 0.025747
3489.64697 0.025685
3490.24390 0.025622
3490.84106 0.025559
3491.43799 0.025495
3492.03589 0.025431
3492.63306 0.025367
3493.23096 0.025303
3493.82910 0.025239
3494.42603 0.025175
3495.02393 0.025111
3495.62207 0.025048
3496.21997 0.024984
3496.81812 0.02492
3497.41699 0.024856
3498.01489 0.024793
3498.61401 0.024729
3499.21191 0.024666
3499.81104 0.024602
3500.40991 0.024538
3501.00903 0.024474
3501.60791 0.024409
3502.20703 0.024343
3502.80591 0.024278
3503.40503 0.024213
3504.00488 0.024147
3504.60400 0.024082
3505.20410 0.024017
3505.80298 0.023952
3506.40308 0.023887
3507.00293 0.023822
3507.60303 0.023756
3508.20288 0.023691
3508.80396 0.023626
