threeML/data/optical_filters/HST/WFC3_UVIS1-F350LP.ecsv
# %ECSV 0.9
# ---
# datatype:
# - {name: wavelength, unit: Angstrom, datatype: float32}
# - {name: response, datatype: float32}
# meta: !!omap
# - {band_name: F350LP}
# - {group_name: WFC3_UVIS1}
wavelength response
[from data line 4826]
7228.90723 0.231917
7230.14404 0.231828
7231.37988 0.231706
7232.61816 0.231574
7233.85498 0.231432
7235.09277 0.23129
7236.33105 0.231148
7237.56885 0.231006
7238.80713 0.230864
7240.04492 0.230723
7241.28418 0.230606
7242.52295 0.230494
7243.76221 0.230389
7245.00195 0.230284
7246.24121 0.230179
7247.48096 0.230073
7248.72119 0.229968
7249.96094 0.229863
7251.20215 0.229733
7252.44189 0.229599
7253.68311 0.229456
7254.92383 0.229313
7256.16602 0.22917
7257.40723 0.229027
7258.64893 0.228884
7259.89111 0.228741
7261.13281 0.228621
7262.37500 0.228506
7263.61816 0.228394
7264.85986 0.228283
7266.10400 0.228171
7267.34717 0.22806
7268.58984 0.227948
7269.83398 0.227837
7271.07812 0.227726
7272.32178 0.227613
7273.56592 0.227494
7274.81104 0.227376
7276.05518 0.227258
7277.29980 0.22714
7278.54492 0.227022
7279.79102 0.226904
7281.03613 0.226766
7282.28223 0.226629
7283.52783 0.226515
7284.77393 0.226401
7286.02002 0.226287
7287.26709 0.226173
7288.51416 0.226059
7289.76123 0.225945
7291.00781 0.225851
7292.25488 0.225755
7293.50293 0.225632
7294.75098 0.225509
7295.99902 0.225385
7297.24707 0.225263
7298.49609 0.225139
7299.74512 0.225016
7300.99414 0.224874
7302.24316 0.224728
7303.49219 0.224593
7304.74219 0.224457
7305.99121 0.224321
7307.24121 0.224186
7308.49219 0.22405
7309.74219 0.223915
7310.99316 0.223799
7312.24414 0.223687
7313.49512 0.223571
7314.74609 0.223454
7315.99805 0.223338
7317.24902 0.223222
7318.50098 0.223106
7319.75293 0.222989
7321.00586 0.222853
7322.25781 0.222717
7323.51123 0.222599
7324.76416 0.222481
7326.01709 0.222363
7327.27100 0.222246
7328.52393 0.222128
7329.77783 0.22201
7331.03223 0.221912
7332.28711 0.221813
7333.54102 0.221691
7334.79590 0.221569
7336.05078 0.221447
7337.30615 0.221325
7338.56201 0.221203
7339.81689 0.221081
7341.07324 0.220938
7342.32910 0.220797
7343.58496 0.220671
7344.84082 0.220545
7346.09814 0.220419
7347.35498 0.220294
7348.61182 0.220168
7349.86914 0.220042
7351.12695 0.219939
7352.38477 0.219833
7353.64307 0.219716
7354.90088 0.2196
7356.15918 0.219483
7357.41797 0.219366
7358.67676 0.21925
7359.93604 0.219133
7361.19482 0.218994
7362.45410 0.218855
7363.71387 0.21872
7364.97412 0.218585
7366.23389 0.218451
7367.49414 0.218316
7368.75488 0.218182
7370.01611 0.218047
7371.27588 0.217937
7372.53809 0.21783
7373.79883 0.217728
7375.06104 0.217627
7376.32324 0.217525
7377.58398 0.217423
7378.84717 0.217322
7380.10889 0.217218
7381.37207 0.217092
7382.63477 0.216959
7383.89795 0.216818
7385.16211 0.216678
7386.42480 0.216537
7387.68896 0.216396
7388.95312 0.216256
7390.21680 0.216119
7391.48096 0.216003
7392.74609 0.215896
7394.01123 0.215796
7395.27588 0.215696
7396.54199 0.215596
7397.80713 0.215496
7399.07324 0.215396
7400.33789 0.21529
7401.60400 0.215166
7402.87109 0.215033
7404.13818 0.214895
7405.40381 0.214757
7406.67090 0.214618
7407.93799 0.21448
7409.20605 0.214342
7410.47412 0.214214
7411.74219 0.2141
7413.00977 0.214003
7414.27783 0.213912
7415.54688 0.213821
7416.81494 0.21373
7418.08398 0.21364
7419.35400 0.213549
7420.62305 0.213446
7421.89307 0.213331
7423.16309 0.2132
7424.43311 0.213067
7425.70312 0.212934
7426.97314 0.212801
7428.24414 0.212669
7429.51514 0.212536
7430.78613 0.212426
7432.05811 0.212332
7433.32910 0.212235
7434.60107 0.212138
7435.87305 0.212041
7437.14502 0.211944
7438.41699 0.211847
7439.68994 0.21175
7440.96289 0.211636
7442.23584 0.211515
7443.50977 0.211398
7444.78320 0.21128
7446.05713 0.211163
7447.33105 0.211045
7448.60498 0.210928
7449.87891 0.21081
7451.15381 0.210714
7452.42920 0.210619
7453.70410 0.210519
7454.97900 0.210419
7456.25488 0.21032
7457.53076 0.21022
7458.80713 0.21012
7460.08301 0.210019
7461.35889 0.209895
7462.63623 0.209778
7463.91309 0.209668
7465.18896 0.209558
7466.46680 0.209448
7467.74414 0.209337
7469.02197 0.209227
7470.29980 0.209123
7471.57812 0.209036
7472.85596 0.208942
7474.13477 0.208842
7475.41406 0.208743
7476.69189 0.208643
7477.97217 0.208543
7479.25098 0.208444
7480.53076 0.208335
7481.81104 0.208212
7483.09082 0.2081
7484.37109 0.207991
7485.65186 0.207883
7486.93311 0.207774
7488.21289 0.207665
7489.49512 0.207556
7490.77588 0.207462
7492.05811 0.207377
7493.33887 0.207264
7494.62207 0.207151
7495.90381 0.207038
7497.18701 0.206925
7498.46924 0.206812
7499.75195 0.206699
7501.03516 0.20656
7502.31885 0.206422
7503.60205 0.206312
7504.88623 0.206203
7506.16992 0.206094
7507.45508 0.205984
7508.73877 0.205875
7510.02295 0.205766
7511.30908 0.20568
7512.59424 0.205591
7513.87891 0.205496
7515.16504 0.205401
7516.45020 0.205306
7517.73584 0.205211
7519.02197 0.205117
7520.30908 0.205016
7521.59619 0.204898
7522.88281 0.204777
7524.16992 0.204653
7525.45703 0.204529
7526.74512 0.204405
7528.03320 0.204281
7529.32080 0.204157
7530.60889 0.204044
7531.89697 0.203944
7533.18604 0.203839
7534.47510 0.203733
7535.76416 0.203627
7537.05322 0.203521
7538.34277 0.203416
7539.63184 0.20331
7540.92188 0.203187
7542.21289 0.20306
7543.50293 0.202941
7544.79395 0.202822
7546.08398 0.202703
7547.37598 0.202584
7548.66699 0.202465
7549.95801 0.202346
7551.25000 0.20225
7552.54199 0.202149
7553.83398 0.202038
7555.12695 0.201926
7556.41895 0.201815
7557.71191 0.201704
7559.00488 0.201593
7560.29883 0.201477
7561.59180 0.201342
7562.88623 0.201226
7564.18018 0.201119
7565.47412 0.201013
7566.76904 0.200907
7568.06299 0.2008
7569.35791 0.200694
7570.65283 0.2006
7571.94922 0.200517
7573.24414 0.20042
7574.54004 0.200322
7575.83594 0.200223
7577.13184 0.200125
7578.42822 0.200026
7579.72510 0.199928
7581.02197 0.199811
7582.31885 0.199689
7583.61621 0.199563
7584.91406 0.199436
7586.21094 0.19931
7587.50879 0.199184
7588.80811 0.199058
7590.10596 0.198933
7591.40479 0.19883
7592.70410 0.198722
7594.00195 0.198609
7595.30176 0.198496
7596.60205 0.198383
7597.90088 0.198269
7599.20117 0.198156
7600.50098 0.198034
7601.80176 0.197898
7603.10303 0.197784
7604.40283 0.197677
7605.70410 0.19757
7607.00488 0.197463
7608.30713 0.197355
7609.60889 0.197248
7610.91113 0.197141
7612.21289 0.197033
7613.51514 0.196918
7614.81787 0.196803
7616.12109 0.196687
7617.42383 0.196572
7618.72705 0.196457
7620.03076 0.196343
7621.33398 0.196251
7622.63916 0.196157
7623.94287 0.19606
7625.24707 0.195964
7626.55176 0.195867
7627.85596 0.195771
7629.16211 0.195675
7630.46680 0.19556
7631.77197 0.195412
7633.07812 0.195255
7634.38379 0.195095
7635.68994 0.194935
7636.99707 0.194776
7638.30420 0.194616
7639.60986 0.194456
7640.91699 0.194312
7642.22510 0.194178
7643.53223 0.194068
7644.83984 0.193958
7646.14795 0.193847
7647.45605 0.193737
7648.76514 0.193627
7650.07324 0.193515
7651.38184 0.193382
7652.69092 0.193238
7654.00000 0.193078
7655.31006 0.192919
7656.62012 0.192759
7657.93018 0.1926
7659.24023 0.192441
7660.55078 0.192291
7661.86084 0.192155
7663.17188 0.192041
7664.48291 0.191932
7665.79492 0.191823
7667.10596 0.191714
7668.41797 0.191605
7669.72998 0.191496
7671.04199 0.191369
7672.35498 0.191233
7673.66699 0.191078
7674.97998 0.190922
7676.29297 0.190766
7677.60693 0.190611
7678.92090 0.190455
7680.23389 0.190303
7681.54785 0.19017
7682.86279 0.19004
7684.17676 0.189912
7685.49219 0.189784
7686.80713 0.189656
7688.12207 0.189528
7689.43701 0.1894
7690.75293 0.189259
7692.06885 0.189109
7693.38477 0.188967
7694.70117 0.188826
7696.01807 0.188684
7697.33398 0.188543
7698.65088 0.188402
7699.96924 0.18826
7701.28613 0.188119
7702.60400 0.187977
7703.92188 0.187832
7705.24023 0.187688
7706.55811 0.187544
7707.87695 0.187399
7709.19482 0.187255
7710.51514 0.187119
7711.83301 0.186997
7713.15283 0.186864
7714.47314 0.186727
7715.79297 0.186591
7717.11279 0.186455
7718.43311 0.186319
7719.75391 0.186183
7721.07520 0.186029
7722.39600 0.185874
7723.71680 0.185734
7725.03906 0.185593
7726.35986 0.185453
7727.68213 0.185312
7729.00391 0.185172
7730.32715 0.185037
7731.64893 0.184918
7732.97217 0.184792
7734.29492 0.184662
7735.61914 0.184531
7736.94189 0.184401
7738.26611 0.18427
7739.58984 0.18414
7740.91406 0.183995
7742.23779 0.183844
7743.56299 0.183705
7744.88818 0.183566
7746.21289 0.183428
7747.53809 0.183289
7748.86377 0.183151
7750.18896 0.183015
7751.51611 0.182899
7752.84180 0.182774
7754.16797 0.182642
7755.49512 0.18251
7756.82178 0.182378
7758.14893 0.182246
7759.47705 0.182114
7760.80420 0.181968
7762.13184 0.181815
7763.45996 0.181686
7764.78809 0.181558
7766.11719 0.181429
7767.44482 0.181301
7768.77393 0.181173
7770.10400 0.181045
7771.43311 0.180917
7772.76318 0.180777
7774.09277 0.180625
7775.42285 0.180474
7776.75293 0.180322
7778.08301 0.180171
7779.41504 0.180019
7780.74609 0.17988
7782.07715 0.17975
7783.40820 0.179634
7784.74023 0.179518
7786.07178 0.179402
7787.40381 0.179287
7788.73584 0.179171
7790.06885 0.179055
7791.40186 0.178918
7792.73486 0.178777
7794.06787 0.17863
7795.40186 0.178484
7796.73486 0.178337
7798.06885 0.178191
7799.40381 0.178044
7800.73779 0.17791
7802.07324 0.177785
7803.40820 0.177669
7804.74316 0.177553
7806.07812 0.177437
7807.41406 0.177321
7808.75000 0.177205
7810.08496 0.177087
7811.42188 0.17695
7812.75781 0.176807
7814.09521 0.176656
7815.43213 0.176505
7816.76904 0.176355
7818.10596 0.176204
7819.44385 0.176054
7820.78223 0.175916
7822.12012 0.175787
7823.45801 0.175652
7824.79688 0.175517
7826.13623 0.175382
7827.47510 0.175247
7828.81396 0.175112
7830.15283 0.174977
7831.49316 0.174843
7832.83301 0.174727
7834.17285 0.174627
7835.51416 0.174528
7836.85400 0.174429
7838.19482 0.174329
7839.53613 0.17423
7840.87695 0.174131
7842.21924 0.17403
7843.56104 0.173896
7844.90283 0.173762
7846.24512 0.173629
7847.58691 0.173495
7848.93018 0.173362
7850.27295 0.173232
7851.61621 0.17312
7852.95898 0.173024
7854.30322 0.17294
7855.64697 0.172856
7856.99121 0.172772
7858.33496 0.172688
7859.68018 0.172604
7861.02393 0.172505
7862.37012 0.172398
7863.71484 0.172286
7865.06006 0.172173
7866.40576 0.172061
7867.75195 0.171948
7869.09814 0.171836
7870.44385 0.171731
7871.79102 0.171639
7873.13818 0.171541
7874.48486 0.171441
7875.83203 0.171341
7877.18018 0.17124
7878.52686 0.17114
7879.87500 0.17104
7881.22412 0.170921
7882.57178 0.170796
7883.91992 0.17066
7885.27002 0.170525
7886.61914 0.170389
7887.96777 0.170254
7889.31689 0.170119
7890.66699 0.169984
7892.01807 0.169849
7893.36816 0.169726
7894.71777 0.169606
7896.06885 0.169485
7897.41992 0.169365
7898.77100 0.169244
7900.12305 0.169125
7901.47412 0.169026
7902.82617 0.168938
7904.17822 0.168863
7905.53076 0.168788
7906.88281 0.168713
7908.23584 0.168638
7909.58887 0.168563
7910.94189 0.168473
7912.29590 0.168375
7913.64893 0.168249
7915.00293 0.168123
7916.35791 0.167996
7917.71191 0.167871
7919.06689 0.167745
7920.42188 0.167625
7921.77686 0.16752
7923.13184 0.167424
7924.48779 0.167333
7925.84424 0.167241
7927.20020 0.16715
7928.55615 0.167058
7929.91309 0.166966
7931.27002 0.166856
7932.62598 0.166734
7933.98389 0.166594
7935.34082 0.166454
7936.69922 0.166313
7938.05713 0.166173
7939.41504 0.166033
7940.77295 0.165893
7942.13184 0.165753
7943.49121 0.16565
7944.85010 0.165548
7946.20898 0.165446
7947.56885 0.165344
7948.92920 0.165243
7950.28906 0.165146
7951.64893 0.165064
7953.00879 0.16498
7954.37012 0.164893
7955.73096 0.164806
7957.09180 0.164719
7958.45410 0.164633
7959.81494 0.164546
7961.17676 0.164441
7962.53906 0.16433
7963.90088 0.164207
7965.26416 0.164083
7966.62695 0.163959
7967.99023 0.163836
7969.35303 0.163712
7970.71680 0.163589
7972.08105 0.163466
7973.44385 0.163345
7974.80908 0.163224
7976.17285 0.163104
7977.53809 0.162983
7978.90283 0.162863
7980.26807 0.162747
7981.63281 0.162648
7982.99902 0.162561
7984.36523 0.162482
7985.73096 0.162402
7987.09717 0.162323
7988.46387 0.162244
7989.83105 0.162164
7991.19678 0.16207
7992.56494 0.161967
7993.93213 0.161842
7995.29980 0.161717
7996.66797 0.161591
7998.03613 0.161467
7999.40381 0.161342
8000.77295 0.161217
8002.14209 0.161092
8003.51123 0.160989
8004.87988 0.160887
8006.25000 0.160785
8007.62012 0.160683
8008.99023 0.160581
8010.35986 0.160474
8011.73096 0.160355
8013.10205 0.160221
8014.47314 0.16008
8015.84424 0.159939
8017.21484 0.159798
8018.58691 0.159657
8019.95898 0.159516
8021.33105 0.159377
8022.70410 0.15925
8024.07617 0.159145
8025.44922 0.159039
8026.82178 0.158934
8028.19482 0.158829
8029.56885 0.158723
8030.94287 0.158634
8032.31689 0.158549
8033.69092 0.158437
8035.06592 0.158325
8036.43994 0.158213
8037.81494 0.158101
8039.19092 0.157989
8040.56592 0.157869
8041.94189 0.157737
8043.31787 0.157615
8044.69385 0.157495
8046.06982 0.157376
8047.44678 0.157256
8048.82422 0.157137
8050.20117 0.157017
8051.57812 0.156897
8052.95605 0.156778
8054.33301 0.156659
8055.71191 0.15654
8057.08984 0.156421
8058.46924 0.156302
8059.84717 0.156184
8061.22705 0.156082
8062.60498 0.155978
8063.98486 0.155862
8065.36523 0.155746
8066.74512 0.15563
8068.12500 0.155514
8069.50488 0.155397
8070.88623 0.155269
8072.26709 0.155134
8073.64795 0.155016
8075.02881 0.154898
8076.41113 0.15478
8077.79199 0.154663
8079.17480 0.154545
8080.55713 0.154427
8081.93896 0.154309
8083.32178 0.154205
8084.70605 0.154104
8086.08887 0.154003
8087.47217 0.153902
8088.85596 0.153801
8090.24023 0.153704
8091.62402 0.153622
8093.00781 0.153527
8094.39307 0.153422
8095.77783 0.153318
8097.16309 0.153213
8098.54785 0.153108
8099.93408 0.153003
8101.31982 0.15288
8102.70605 0.152751
8104.09180 0.152611
8105.47900 0.152471
8106.86621 0.152331
8108.25293 0.152191
8109.64014 0.152052
8111.02783 0.151912
8112.41602 0.151775
8113.80322 0.151653
8115.19092 0.151532
8116.58008 0.151411
8117.96924 0.15129
8119.35791 0.151169
8120.74707 0.151058
8122.13623 0.150956
8123.52588 0.150848
8124.91602 0.15074
8126.30615 0.150632
8127.69580 0.150524
8129.08691 0.150416
8130.47803 0.150301
8131.86914 0.150174
8133.25977 0.150067
8134.65186 0.149968
8136.04297 0.149868
8137.43604 0.149769
8138.82812 0.14967
8140.22021 0.14957
8141.61279 0.149471
8143.00586 0.149355
8144.39893 0.149226
8145.79297 0.149097
8147.18701 0.148969
8148.58105 0.14884
8149.97510 0.148711
8151.36914 0.148601
8152.76416 0.148487
8154.15918 0.148364
8155.55420 0.148241
8156.94922 0.148119
8158.34521 0.147996
8159.74121 0.147874
8161.13721 0.147736
8162.53320 0.147603
8163.93018 0.147506
8165.32617 0.147408
8166.72314 0.147311
8168.12109 0.147213
8169.51807 0.147116
8170.91602 0.147018
8172.31396 0.146919
8173.71191 0.146797
8175.11084 0.146675
8176.50879 0.146553
8177.90820 0.146431
8179.30811 0.146309
8180.70703 0.146197
8182.10596 0.146093
8183.50586 0.145982
8184.90723 0.145869
8186.30713 0.145756
8187.70801 0.145644
8189.10791 0.145531
8190.50977 0.145411
8191.91113 0.14528
8193.31152 0.145161
8194.71484 0.145046
8196.11621 0.144931
8197.51855 0.144817
8198.92090 0.144702
8200.32422 0.144588
8201.72754 0.144476
8203.13086 0.144365
8204.53418 0.144254
8205.93848 0.144143
8207.34180 0.144032
8208.74609 0.143921
8210.15039 0.143812
8211.55469 0.14372
8212.95996 0.143625
8214.36523 0.143527
8215.77148 0.143429
8217.17676 0.143331
8218.58203 0.143233
8219.98828 0.143134
8221.39453 0.143018
8222.80176 0.1429
8224.20801 0.142779
8225.61523 0.142658
8227.02246 0.142538
8228.43066 0.142417
8229.83789 0.142297
8231.24609 0.142187
8232.65430 0.142077
8234.06348 0.141967
8235.47168 0.141857
8236.88086 0.141747
8238.29004 0.141636
8239.70020 0.141526
8241.10938 0.14143
8242.51953 0.141339
8243.92969 0.141251
8245.34082 0.141162
8246.75098 0.141074
8248.16211 0.140985
8249.57324 0.140897
8250.98438 0.140795
8252.39648 0.14069
8253.80859 0.140596
8255.22070 0.140502
8256.63281 0.140408
8258.04590 0.140314
8259.45898 0.14022
8260.87207 0.140126
8262.28516 0.140031
8263.69922 0.13991
8265.11230 0.13979
8266.52637 0.139669
8267.94141 0.139548
8269.35547 0.139427
8270.77148 0.139317
8272.18555 0.139214
8273.60059 0.139135
8275.01660 0.139058
8276.43262 0.13898
8277.84863 0.138903
8279.26465 0.138825
8280.68164 0.138739
8282.09766 0.138643
8283.51465 0.138551
8284.93262 0.138459
8286.34961 0.138367
8287.76758 0.138275
8289.18555 0.138183
8290.60352 0.13809
8292.02246 0.137998
8293.44141 0.137874
