threeML/data/optical_filters/HST/WFC3_UVIS2-F280N.ecsv
# %ECSV 0.9
# ---
# datatype:
# - {name: wavelength, unit: Angstrom, datatype: float32}
# - {name: response, datatype: float32}
# meta: !!omap
# - {band_name: F280N}
# - {group_name: WFC3_UVIS2}
wavelength response
2177.06665 0.0
2418.96289 0.000402
2419.37695 0.000406
2419.79102 0.000409
2420.20508 0.000408
2420.61890 0.000405
2421.03296 0.000402
2421.44800 0.000398
2421.86206 0.000395
2422.27588 0.000391
2422.69092 0.000388
2423.10498 0.000385
2423.52002 0.000381
2423.93408 0.000378
2424.34912 0.000374
2424.76392 0.000371
2425.17896 0.000368
2425.59399 0.000364
2426.00903 0.000361
2426.42407 0.000357
2426.83911 0.000354
2427.25391 0.000351
2427.66895 0.000347
2428.08398 0.000344
2428.50000 0.00034
2428.91602 0.000337
2429.33105 0.000334
2429.74707 0.00033
2430.16211 0.000327
2430.57788 0.000323
2430.99390 0.00032
2431.40991 0.000317
2431.82593 0.000313
2432.24194 0.00031
2432.65796 0.000306
2433.07397 0.000303
2433.48999 0.0003
2433.90698 0.000296
2434.32300 0.000293
2434.73999 0.000289
2435.15601 0.000286
2435.57300 0.000283
2435.98999 0.000279
2436.40601 0.000276
2436.82300 0.000273
2437.23999 0.000269
2437.65698 0.000266
2438.07397 0.000262
2438.49097 0.000259
2438.90796 0.000256
2439.32593 0.000252
2439.74292 0.000249
2440.15991 0.000245
2440.57788 0.000242
2440.99609 0.000238
2441.41309 0.000234
2441.83105 0.00023
2442.24902 0.000226
2442.66699 0.000223
2443.08398 0.000219
2443.50195 0.000215
2443.91992 0.000211
2444.33789 0.000207
2444.75708 0.000204
2445.17505 0.0002
2445.59302 0.000196
2446.01196 0.000192
2446.42993 0.000189
2446.84912 0.000185
2447.26709 0.000181
2447.68604 0.000177
2448.10498 0.000174
2448.52393 0.00017
2448.94312 0.000166
2449.36206 0.000162
2449.78101 0.000159
2450.19995 0.000155
2450.61890 0.000151
2451.03809 0.000147
2451.45801 0.000144
2451.87695 0.00014
2452.29590 0.000136
2452.71606 0.000132
2453.13599 0.000129
2453.55493 0.000125
2453.97510 0.000121
2454.39502 0.000117
2454.81494 0.000114
2455.23511 0.00011
2455.65503 0.000106
2456.07495 0.000102
2456.49512 9.9e-05
2456.91602 9.5e-05
2457.33594 9.1e-05
2457.75610 8.8e-05
2458.17700 8.4e-05
2458.59692 8e-05
2459.01807 7.6e-05
2459.43896 7.3e-05
2459.85889 6.9e-05
2460.28003 6.7e-05
2460.70093 6.6e-05
2461.12207 6.5e-05
2461.54297 6.3e-05
2461.96411 6.2e-05
2462.38599 6.1e-05
2462.80688 5.9e-05
2463.22803 5.8e-05
2463.64990 5.7e-05
2464.07104 5.5e-05
2464.49292 5.4e-05
2464.91504 5.3e-05
2465.33594 5.1e-05
2465.75806 5e-05
2466.17993 4.9e-05
2466.60205 4.7e-05
2467.02393 4.6e-05
2467.44604 4.5e-05
2467.86792 4.3e-05
2468.29004 4.2e-05
2468.71191 4.1e-05
2469.13501 4e-05
2469.55688 3.8e-05
2469.97998 3.7e-05
2470.40210 3.6e-05
2470.82495 3.4e-05
2471.24805 3.3e-05
2471.67090 3.2e-05
2472.09399 3e-05
2472.51611 2.9e-05
2472.93896 2.8e-05
2473.36304 2.6e-05
2473.78589 2.5e-05
2474.20898 2.4e-05
2474.63208 2.3e-05
2475.05591 2.1e-05
2475.47900 2e-05
2475.90308 1.9e-05
2476.32593 1.7e-05
2476.75000 1.6e-05
2477.17407 1.5e-05
2477.59692 1.3e-05
2478.02100 1.2e-05
2478.44507 1.1e-05
2478.86890 1e-05
2479.29297 8e-06
2479.71802 7e-06
2480.14209 6e-06
2480.56592 6e-06
2480.98999 6e-06
2481.41504 6e-06
2481.83911 6e-06
2482.26392 6e-06
2482.68896 6e-06
2483.11401 6e-06
2483.53809 5e-06
2483.96289 5e-06
2484.38794 5e-06
2484.81299 5e-06
2485.23804 5e-06
2485.66406 5e-06
2486.08911 5e-06
2486.51392 5e-06
2486.93994 5e-06
2487.36499 5e-06
2487.79102 4e-06
2488.21606 4e-06
2488.64209 4e-06
2489.06812 4e-06
2489.49390 4e-06
2489.91895 4e-06
2490.34497 4e-06
2490.77100 4e-06
2491.19800 4e-06
2491.62402 3e-06
2492.05005 3e-06
2492.47705 3e-06
2492.90308 3e-06
2493.33008 3e-06
2493.75610 3e-06
2494.18311 3e-06
2494.60889 3e-06
2495.03589 3e-06
2495.46289 3e-06
2495.88989 2e-06
2496.31689 2e-06
2496.74390 2e-06
2497.17090 2e-06
2497.59912 2e-06
2498.02588 2e-06
2498.45288 2e-06
2498.88110 2e-06
2499.30811 2e-06
2499.73608 2e-06
2500.16406 2e-06
2500.59106 2e-06
2501.01904 1e-06
2501.44702 1e-06
2501.87500 1e-06
2502.30298 1e-06
2502.73096 1e-06
2503.15894 1e-06
2503.58691 1e-06
2504.01611 1e-06
2504.44409 1e-06
2504.87305 1e-06
2505.30103 1e-06
2505.72998 1e-06
2506.15894 1e-06
2506.58691 1e-06
2507.01611 1e-06
2507.44507 1e-06
2507.87402 1e-06
2508.30298 1e-06
2508.73193 1e-06
2509.16211 1e-06
2509.59106 1e-06
2510.02002 1e-06
2510.44995 1e-06
2510.87891 1e-06
2511.30908 1e-06
2511.73804 1e-06
2512.16797 1e-06
2512.59790 1e-06
2513.02808 1e-06
2513.45801 1e-06
2513.88794 0.0
2514.31812 0.0
2514.74805 0.0
2515.17798 0.0
2515.60889 0.0
2516.03906 0.0
2516.46899 0.0
2516.89990 0.0
2517.33105 0.0
2517.76099 0.0
2518.19189 0.0
2518.62305 0.0
2519.05396 0.0
2519.48511 0.0
2519.91602 0.0
2520.34692 0.0
2520.77808 0.0
2521.20898 0.0
2521.64111 0.0
2522.07202 0.0
2522.50391 0.0
2522.93506 0.0
2523.36694 0.0
2523.79907 0.0
2524.22998 0.0
2524.66211 0.0
2525.09399 0.0
2525.52588 0.0
2525.95801 0.0
2526.38989 0.0
2526.82300 0.0
2527.25488 0.0
2527.68701 0.0
2528.12012 0.0
2528.55200 0.0
2528.98511 0.0
2529.41699 0.0
2529.85010 0.0
2530.28296 0.0
2530.71606 0.0
2531.14893 0.0
2531.58203 0.0
2532.01489 0.0
2532.44800 0.0
2532.88208 0.0
2533.31494 0.0
2533.74902 0.0
2534.18188 0.0
2534.61499 0.0
2535.04907 0.0
2535.48291 0.0
2535.91699 0.0
2536.35107 0.0
2536.78394 0.0
2537.21899 0.0
2537.65308 0.0
2538.08691 0.0
2538.52100 0.0
2538.95508 0.0
2539.38989 0.0
2539.82397 0.0
2540.25903 0.0
2540.69312 0.0
2541.12793 0.0
2541.56299 0.0
2541.99805 0.0
2542.43188 0.0
2542.86694 0.0
2543.30200 0.0
2543.73804 0.0
2544.17310 0.0
2544.60791 0.0
2545.04297 0.0
2545.47900 0.0
2545.91406 0.0
2546.35010 0.0
2546.78491 0.0
2547.22095 0.0
2547.65698 0.0
2548.09302 0.0
2548.52905 0.0
2548.96509 0.0
2549.40088 0.0
2549.83691 0.0
2550.27295 0.0
2550.70996 0.0
2551.14600 0.0
2551.58301 0.0
2552.01904 0.0
2552.45605 0.0
2552.89209 0.0
2553.32910 0.0
2553.76611 0.0
2554.20288 0.0
2554.63989 0.0
2555.07690 0.0
2555.51392 0.0
2555.95093 0.0
2556.38892 0.0
2556.82593 0.0
2557.26294 0.0
2557.70093 0.0
2558.13794 0.0
2558.57593 0.0
2559.01392 0.0
2559.45190 0.0
2559.88989 0.0
2560.32788 0.0
2560.76611 0.0
2561.20410 0.0
2561.64209 0.0
2562.08008 0.0
2562.51904 0.0
2562.95703 0.0
2563.39600 0.0
2563.83398 0.0
2564.27295 0.0
2564.71094 0.0
2565.14990 0.0
2565.58911 0.0
2566.02808 0.0
2566.46704 0.0
2566.90601 0.0
2567.34497 0.0
2567.78394 0.0
2568.22412 0.0
2568.66309 0.0
2569.10303 0.0
2569.54199 0.0
2569.98193 0.0
2570.42212 0.0
2570.86108 0.0
2571.30103 0.0
2571.74097 0.0
2572.18091 0.0
2572.62109 0.0
2573.06104 0.0
2573.50098 0.0
2573.94189 0.0
2574.38208 0.0
2574.82300 0.0
2575.26294 0.0
2575.70410 0.0
2576.14404 0.0
2576.58496 0.0
2577.02588 0.0
2577.46704 0.0
2577.90796 0.0
2578.34912 0.0
2578.79004 0.0
2579.23096 0.0
2579.67212 0.0
2580.11401 0.0
2580.55493 0.0
2580.99707 0.0
2581.43799 0.0
2581.87988 0.0
2582.32202 0.0
2582.76294 0.0
2583.20508 0.0
2583.64697 0.0
2584.08911 0.0
2584.53101 0.0
2584.97412 0.0
2585.41602 0.0
2585.85791 0.0
2586.30103 0.0
2586.74292 0.0
2587.18604 0.0
2587.62793 0.0
2588.07104 0.0
2588.51392 0.0
2588.95703 0.0
2589.39990 0.0
2589.84302 0.0
2590.28589 0.0
2590.72900 0.0
2591.17212 0.0
2591.61499 0.0
2592.05908 0.0
2592.50195 0.0
2592.94604 0.0
2593.38892 0.0
2593.83301 0.0
2594.27710 0.0
2594.72095 0.0
2595.16504 0.0
2595.60889 0.0
2596.05298 0.0
2596.49707 0.0
2596.94092 0.0
2597.38501 0.0
2597.83008 0.0
2598.27393 0.0
2598.71899 0.0
2599.16309 0.0
2599.60791 0.0
2600.05298 0.0
2600.49805 0.0
2600.94312 0.0
2601.38794 0.0
2601.83301 0.0
2602.27808 0.0
2602.72290 0.0
2603.16797 0.0
2603.61401 0.0
2604.05908 0.0
2604.50488 0.0
2604.94995 0.0
2605.39600 0.0
2605.84204 0.0
2606.28711 0.0
2606.73291 0.0
2607.17896 0.0
2607.62500 0.0
2608.07202 0.0
2608.51807 0.0
2608.96411 0.0
2609.40991 0.0
2609.85693 0.0
2610.30298 0.0
2610.75000 0.0
2611.19702 0.0
2611.64307 0.0
2612.09009 0.0
2612.53711 0.0
2612.98389 0.0
2613.43091 0.0
2613.87793 0.0
2614.32495 0.0
2614.77295 0.0
2615.21997 0.0
2615.66699 0.0
2616.11499 0.0
2616.56201 0.0
2617.01001 0.0
2617.45801 0.0
2617.90601 0.0
2618.35400 0.0
2618.80200 0.0
2619.25000 0.0
2619.69800 0.0
2620.14600 0.0
2620.59399 0.0
2621.04297 0.0
2621.49097 0.0
2621.93896 0.0
2622.38794 0.0
2622.83691 0.0
2623.28491 0.0
2623.73389 0.0
2624.18311 0.0
2624.63208 0.0
2625.08105 0.0
2625.53003 0.0
2625.97900 0.0
2626.42896 0.0
2626.87793 0.0
2627.32788 0.0
2627.77710 0.0
2628.22705 0.0
2628.67603 0.0
2629.12598 0.0
2629.57593 0.0
2630.02588 0.0
2630.47607 0.0
2630.92603 0.0
2631.37598 0.0
2631.82593 0.0
2632.27588 0.0
2632.72705 0.0
2633.17700 0.0
2633.62793 0.0
2634.07788 0.0
2634.52905 0.0
2634.97900 0.0
2635.42993 0.0
2635.88110 0.0
2636.33203 0.0
2636.78296 0.0
2637.23389 0.0
2637.68604 0.0
2638.13696 0.0
2638.58789 0.0
2639.04004 0.0
2639.49097 0.0
2639.94312 0.0
2640.39502 0.0
2640.84595 0.0
2641.29810 0.0
2641.75000 0.0
2642.20190 0.0
2642.65405 0.0
2643.10596 0.0
2643.55811 0.0
2644.01001 0.0
2644.46289 0.0
2644.91504 0.0
2645.36792 0.0
2645.82007 0.0
2646.27295 0.0
2646.72607 0.0
2647.17896 0.0
2647.63208 0.0
2648.08398 0.0
2648.53809 0.0
2648.99097 0.0
2649.44409 0.0
2649.89697 0.0
2650.35107 0.0
2650.80396 0.0
2651.25806 0.0
2651.71094 0.0
2652.16504 0.0
2652.61792 0.0
2653.07202 0.0
2653.52588 0.0
2653.97998 0.0
2654.43408 0.0
2654.88794 0.0
2655.34302 0.0
2655.79712 0.0
2656.25098 0.0
2656.70605 0.0
2657.15991 0.0
2657.61499 0.0
2658.07007 0.0
2658.52393 0.0
2658.97900 0.0
2659.43408 0.0
2659.88892 0.0
2660.34399 0.0
2660.79907 0.0
2661.25488 0.0
2661.70996 0.0
2662.16504 0.0
2662.62109 0.0
2663.07593 0.0
2663.53198 0.0
2663.98804 1e-06
2664.44312 1e-06
2664.89893 1e-06
2665.35498 1e-06
2665.81104 1e-06
2666.26709 1e-06
2666.72290 1e-06
2667.17993 1e-06
2667.63599 1e-06
2668.09204 1e-06
2668.54907 1e-06
2669.00488 1e-06
2669.46191 1e-06
2669.91895 1e-06
2670.37500 1e-06
2670.83203 1e-06
2671.28906 1e-06
2671.74609 1e-06
2672.20288 1e-06
2672.66089 1e-06
2673.11792 1e-06
2673.57495 1e-06
2674.03296 1e-06
2674.48999 1e-06
2674.94800 1e-06
2675.40503 1e-06
2675.86304 1e-06
2676.32104 1e-06
2676.77905 2e-06
2677.23706 2e-06
2677.69507 2e-06
2678.15308 2e-06
2678.61108 2e-06
2679.06909 2e-06
2679.52808 2e-06
2679.98608 2e-06
2680.44507 2e-06
2680.90308 2e-06
2681.36206 2e-06
2681.82104 2e-06
2682.28003 2e-06
2682.73901 2e-06
2683.19702 2e-06
2683.65601 2e-06
2684.11499 2e-06
2684.57495 2e-06
2685.03394 2e-06
2685.49292 2e-06
2685.95288 2e-06
2686.41211 2e-06
2686.87207 2e-06
2687.33203 2e-06
2687.79199 3e-06
2688.25098 3e-06
2688.71094 3e-06
2689.17090 3e-06
2689.63110 3e-06
2690.09204 3e-06
2690.55200 3e-06
2691.01196 3e-06
2691.47192 3e-06
2691.93311 3e-06
2692.39404 3e-06
2692.85400 3e-06
2693.31494 3e-06
2693.77588 3e-06
2694.23706 3e-06
2694.69800 3e-06
2695.15796 3e-06
2695.62012 3e-06
2696.08105 3e-06
2696.54199 3e-06
2697.00293 3e-06
2697.46509 3e-06
2697.92603 3e-06
2698.38794 3e-06
2698.85010 4e-06
2699.31104 4e-06
2699.77295 4e-06
2700.23511 4e-06
2700.69702 4e-06
2701.15894 4e-06
2701.62109 4e-06
2702.08301 4e-06
2702.54590 4e-06
2703.00806 4e-06
2703.46997 4e-06
2703.93311 4e-06
2704.39600 4e-06
2704.85791 4e-06
2705.32104 4e-06
2705.78394 4e-06
2706.24707 4e-06
2706.70996 4e-06
2707.17310 5e-06
2707.63599 5e-06
2708.09912 5e-06
2708.56299 5e-06
2709.02588 5e-06
2709.48999 5e-06
2709.95288 5e-06
2710.41699 5e-06
2710.88110 5e-06
2711.34399 5e-06
2711.80811 5e-06
2712.27197 5e-06
2712.73608 5e-06
2713.19995 5e-06
2713.66504 5e-06
2714.12891 5e-06
2714.59302 5e-06
2715.05811 5e-06
2715.52197 6e-06
2715.98706 6e-06
2716.45093 6e-06
2716.91602 6e-06
2717.38110 6e-06
2717.84595 6e-06
2718.31104 6e-06
2718.77588 6e-06
2719.24097 6e-06
2719.70605 6e-06
2720.17212 6e-06
2720.63696 7e-06
2721.10205 7e-06
2721.56812 8e-06
2722.03394 8e-06
2722.49902 9e-06
2722.96509 9e-06
2723.43091 1e-05
2723.89697 1.1e-05
2724.36304 1.1e-05
2724.82910 1.2e-05
2725.29492 1.2e-05
2725.76099 1.3e-05
2726.22803 1.3e-05
2726.69409 1.4e-05
2727.16089 1.4e-05
2727.62695 1.5e-05
2728.09399 1.5e-05
2728.56104 1.6e-05
2729.02808 1.6e-05
2729.49390 1.7e-05
2729.96094 1.7e-05
2730.42798 1.8e-05
2730.89600 1.8e-05
2731.36304 1.9e-05
2731.83008 2e-05
2732.29810 2e-05
2732.76489 2.1e-05
2733.23193 2.1e-05
2733.69995 2.2e-05
2734.16797 2.2e-05
2734.63599 2.3e-05
2735.10400 2.3e-05
2735.57202 2.4e-05
2736.04004 2.4e-05
2736.50806 2.5e-05
2736.97607 2.5e-05
2737.44409 2.6e-05
2737.91211 2.6e-05
2738.38110 2.7e-05
2738.84912 2.7e-05
2739.31812 2.8e-05
2739.78711 2.9e-05
2740.25488 2.9e-05
2740.72412 3e-05
2741.19312 3e-05
2741.66211 3.1e-05
2742.13110 3.1e-05
2742.60010 3.2e-05
2743.06909 3.2e-05
2743.53906 3.3e-05
2744.00806 3.3e-05
2744.47803 3.4e-05
2744.94702 3.4e-05
2745.41699 3.5e-05
2745.88599 3.5e-05
2746.35596 3.6e-05
2746.82593 3.6e-05
2747.29590 3.7e-05
2747.76611 3.8e-05
2748.23608 3.8e-05
2748.70605 3.9e-05
2749.17700 3.9e-05
2749.64697 4e-05
2750.11694 4.6e-05
2750.58789 5.9e-05
2751.05908 1.5e-05
2751.52905 7.2e-05
2752.00000 9.9e-05
2752.47095 7.6e-05
2752.94189 9.3e-05
2753.41309 9.8e-05
2753.88403 8.7e-05
2754.35498 0.000103
2754.82593 0.000115
2755.29712 0.000106
2755.76904 0.000135
2756.23999 0.000184
2756.71191 0.00021
2757.18408 0.000227
2757.65503 0.000246
2758.12695 0.000295
2758.59912 0.000322
2759.07104 0.000362
2759.54297 0.000351
2760.01489 0.000463
2760.48706 0.000491
2760.95898 0.000514
2761.43188 0.00061
2761.90405 0.000667
2762.37695 0.000794
2762.84912 0.000979
2763.32202 0.00107
2763.79492 0.001205
2764.26807 0.001426
2764.74097 0.00166
2765.21411 0.001924
2765.68701 0.002283
2766.15991 0.002715
2766.63306 0.003133
2767.10693 0.003702
2767.58008 0.004442
2768.05298 0.005143
2768.52710 0.006056
2769.00098 0.00731
2769.47412 0.008657
2769.94800 0.010235
2770.42212 0.012276
2770.89600 0.014549
2771.37012 0.016943
2771.84399 0.019476
2772.31909 0.022232
2772.79297 0.025172
2773.26709 0.028157
2773.74194 0.030871
2774.21606 0.033259
2774.69092 0.035474
2775.16602 0.037338
2775.63989 0.038795
2776.11499 0.039915
2776.59009 0.04085
2777.06494 0.041155
2777.54102 0.041736
2778.01611 0.042119
2778.49097 0.042487
2778.96606 0.042634
2779.44189 0.043134
2779.91699 0.04338
2780.39307 0.043809
2780.86890 0.044091
2781.34399 0.044881
2781.82007 0.045551
2782.29590 0.046291
2782.77197 0.047182
2783.24805 0.04815
2783.72412 0.04909
2784.20093 0.049863
2784.67700 0.050846
2785.15405 0.05196
2785.62988 0.052939
2786.10693 0.053774
2786.58301 0.054897
2787.06006 0.055982
2787.53711 0.057292
2788.01392 0.057996
2788.49097 0.058711
2788.96802 0.059242
2789.44507 0.059969
2789.92212 0.060218
2790.39893 0.06086
2790.87695 0.061379
2791.35400 0.06173
2791.83203 0.062197
2792.31006 0.06235
2792.78711 0.06232
2793.26489 0.062397
2793.74292 0.062542
2794.22095 0.062723
2794.69897 0.062858
2795.17700 0.06285
2795.65601 0.062743
2796.13403 0.062745
2796.61206 0.06291
2797.09106 0.062948
2797.56909 0.063006
2798.04810 0.063008
2798.52588 0.063263
2799.00488 0.063362
2799.48389 0.063456
2799.96289 0.063686
2800.44189 0.063939
2800.92090 0.06399
2801.39990 0.064268
2801.87988 0.064609
2802.35889 0.064658
2802.83911 0.064563
2803.31812 0.06472
2803.79810 0.06478
2804.27710 0.064732
2804.75708 0.064667
2805.23706 0.064572
2805.71704 0.064395
2806.19702 0.063801
2806.67700 0.063077
2807.15698 0.062515
2807.63696 0.061656
2808.11792 0.06053
2808.59790 0.05972
2809.07910 0.058772
2809.55908 0.057558
2810.04004 0.056108
2810.52100 0.0546
2811.00195 0.053046
2811.48291 0.051464
2811.96411 0.049623
2812.44507 0.047658
2812.92603 0.045727
2813.40698 0.043759
2813.88794 0.041887
2814.37012 0.039871
2814.85205 0.037747
2815.33301 0.035897
2815.81494 0.034128
2816.29590 0.032176
2816.77808 0.030187
2817.26001 0.028373
2817.74194 0.026673
2818.22412 0.02489
2818.70703 0.02305
2819.18896 0.02135
2819.67090 0.019868
2820.15308 0.018494
2820.63599 0.017074
2821.11792 0.015797
2821.60107 0.014595
2822.08398 0.013427
2822.56689 0.012393
2823.05005 0.011365
2823.53296 0.010517
2824.01611 0.009742
2824.49902 0.008952
2824.98193 0.008203
2825.46509 0.007493
2825.94897 0.006904
2826.43188 0.006386
2826.91602 0.005837
2827.39893 0.005282
2827.88306 0.004866
2828.36694 0.004526
2828.85107 0.004176
2829.33496 0.003828
2829.81909 0.003539
2830.30298 0.003289
2830.78711 0.003043
2831.27197 0.002808
2831.75610 0.002605
2832.23999 0.002412
2832.72510 0.002213
2833.20996 0.002034
2833.69409 0.001861
2834.17896 0.001738
2834.66406 0.001643
2835.14893 0.001531
2835.63403 0.001392
2836.11890 0.00132
2836.60400 0.001271
2837.09009 0.001136
2837.57495 0.001051
2838.06104 0.00098
2838.54590 0.00094
2839.03198 0.00089
2839.51807 0.000788
2840.00293 0.000741
2840.48901 0.000705
2840.97510 0.000634
2841.46094 0.000608
2841.94800 0.000572
2842.43408 0.000516
2842.91992 0.000489
2843.40601 0.000477
2843.89307 0.000436
3128.28247 0.0
