threeML/data/optical_filters/HST/WFC3_UVIS2-F218W.ecsv
# %ECSV 0.9
# ---
# datatype:
# - {name: wavelength, unit: Angstrom, datatype: float32}
# - {name: response, datatype: float32}
# meta: !!omap
# - {band_name: F218W}
# - {group_name: WFC3_UVIS2}
wavelength response
1790.71021 0.0
1989.67798 0.002121
1990.01794 0.014836
1990.35706 0.014922
1990.69702 0.015007
1991.03601 0.015084
1991.37598 0.015162
1991.71497 0.015239
1992.05505 0.015317
1992.39502 0.015395
1992.73401 0.015473
1993.07397 0.015551
1993.41394 0.01563
1993.75403 0.015709
1994.09399 0.015788
1994.43396 0.015867
1994.77502 0.015947
1995.11499 0.016026
1995.45496 0.016106
1995.79504 0.016186
1996.13599 0.016267
1996.47595 0.016348
1996.81702 0.016428
1997.15698 0.01651
1997.49805 0.016591
1997.83899 0.016672
1998.17896 0.016754
1998.52002 0.016836
1998.86096 0.016918
1999.20203 0.017001
1999.54297 0.017084
1999.88403 0.017167
2000.22498 0.017235
2000.56604 0.017296
2000.90698 0.017355
2001.24805 0.017413
2001.58997 0.017471
2001.93103 0.017529
2002.27197 0.017587
2002.61401 0.017645
2002.95496 0.017703
2003.29700 0.017762
2003.63904 0.01782
2003.97998 0.017879
2004.32202 0.017937
2004.66394 0.017996
2005.00598 0.018055
2005.34802 0.018113
2005.68994 0.018172
2006.03198 0.018231
2006.37402 0.01829
2006.71594 0.018349
2007.05798 0.018408
2007.40100 0.018467
2007.74304 0.018527
2008.08606 0.018586
2008.42798 0.018645
2008.77100 0.018705
2009.11304 0.018764
2009.45605 0.018824
2009.79797 0.018884
2010.14099 0.018943
2010.48401 0.019003
2010.82703 0.019063
2011.17004 0.019123
2011.51294 0.019183
2011.85596 0.019244
2012.19897 0.019304
2012.54199 0.019365
2012.88501 0.019425
2013.22900 0.019486
2013.57202 0.019546
2013.91602 0.019607
2014.25903 0.019668
2014.60303 0.019729
2014.94604 0.01979
2015.29004 0.019851
2015.63403 0.019912
2015.97705 0.019973
2016.32104 0.020034
2016.66504 0.020095
2017.00903 0.020157
2017.35303 0.020218
2017.69702 0.02028
2018.04102 0.020341
2018.38501 0.020403
2018.72900 0.020465
2019.07397 0.020526
2019.41797 0.020588
2019.76196 0.02065
2020.10706 0.020712
2020.45203 0.020773
2020.79602 0.020837
2021.14099 0.020904
2021.48499 0.02097
2021.82996 0.021037
2022.17505 0.021104
2022.52002 0.021171
2022.86499 0.021238
2023.20996 0.021305
2023.55505 0.021372
2023.90002 0.021439
2024.24500 0.021506
2024.58997 0.021573
2024.93604 0.021641
2025.28101 0.021708
2025.62598 0.021776
2025.97205 0.021843
2026.31702 0.021911
2026.66296 0.021979
2027.00903 0.022047
2027.35400 0.022115
2027.69995 0.022183
2028.04602 0.022251
2028.39197 0.022319
2028.73804 0.022387
2029.08398 0.022455
2029.43005 0.022524
2029.77600 0.022592
2030.12195 0.022661
2030.46802 0.02273
2030.81494 0.022801
2031.16101 0.022874
2031.50696 0.022947
2031.85400 0.02302
2032.19995 0.023093
2032.54700 0.023166
2032.89404 0.023239
2033.23999 0.023312
2033.58704 0.023385
2033.93396 0.023459
2034.28101 0.023532
2034.62805 0.023606
2034.97498 0.023679
2035.32202 0.023753
2035.66895 0.023827
2036.01599 0.023901
2036.36304 0.023975
2036.71106 0.024049
2037.05798 0.024123
2037.40503 0.024197
2037.75305 0.024272
2038.09998 0.024346
2038.44800 0.024421
2038.79602 0.024495
2039.14294 0.02457
2039.49097 0.024645
2039.83899 0.02472
2040.18701 0.024795
2040.53503 0.024869
2040.88306 0.024947
2041.23096 0.025026
2041.57898 0.025106
2041.92700 0.025185
2042.27502 0.025264
2042.62402 0.025344
2042.97205 0.025424
2043.31995 0.025503
2043.66895 0.025583
2044.01697 0.025663
2044.36597 0.025743
2044.71497 0.025823
2045.06299 0.025903
2045.41199 0.025984
2045.76099 0.026064
2046.10999 0.026145
2046.45898 0.026225
2046.80798 0.026306
2047.15698 0.026387
2047.50598 0.026467
2047.85498 0.026548
2048.20508 0.026629
2048.55396 0.026711
2048.90308 0.026792
2049.25293 0.026873
2049.60205 0.026955
2049.95190 0.027036
2050.30200 0.027119
2050.65088 0.027203
2051.00098 0.027288
2051.35107 0.027373
2051.69995 0.027458
2052.05103 0.027543
2052.39990 0.027628
2052.75000 0.027714
2053.10107 0.027799
2053.45093 0.027885
2053.80103 0.027971
2054.15088 0.028056
2054.50098 0.028142
2054.85205 0.028229
2055.20190 0.028315
2055.55298 0.028401
2055.90308 0.028487
2056.25391 0.028574
2056.60498 0.028661
2056.95605 0.028747
2057.30591 0.028834
2057.65698 0.028921
2058.00806 0.029008
2058.35889 0.029095
2058.70996 0.029183
2059.06104 0.02927
2059.41211 0.029357
2059.76392 0.029445
2060.11499 0.029533
2060.46606 0.029621
2060.81812 0.029707
2061.16895 0.029791
2061.52100 0.029876
2061.87207 0.02996
2062.22412 0.030045
2062.57593 0.03013
2062.92700 0.030215
2063.27905 0.0303
2063.63110 0.030385
2063.98291 0.03047
2064.33496 0.030555
2064.68701 0.030641
2065.03906 0.030726
2065.39111 0.030812
2065.74390 0.030898
2066.09595 0.030984
2066.44800 0.031069
2066.80103 0.031156
2067.15308 0.031242
2067.50610 0.031328
2067.85791 0.031414
2068.21094 0.031501
2068.56396 0.031588
2068.91699 0.031674
2069.27002 0.031761
2069.62207 0.031848
2069.97510 0.031935
2070.32788 0.032021
2070.68091 0.032107
2071.03491 0.032189
2071.38794 0.032271
2071.74097 0.032353
2072.09399 0.032436
2072.44800 0.032518
2072.80103 0.032601
2073.15503 0.032683
2073.50806 0.032766
2073.86206 0.032849
2074.21606 0.032931
2074.56909 0.033014
2074.92310 0.033098
2075.27710 0.033181
2075.63110 0.033264
2075.98511 0.033347
2076.33911 0.033431
2076.69312 0.033514
2077.04712 0.033598
2077.40210 0.033682
2077.75610 0.033766
2078.11011 0.03385
2078.46509 0.033934
2078.81909 0.034018
2079.17407 0.034102
2079.52808 0.034187
2079.88306 0.034271
2080.23804 0.034356
2080.59302 0.034442
2080.94702 0.034519
2081.30200 0.034594
2081.65698 0.034669
2082.01196 0.034744
2082.36694 0.03482
2082.72192 0.034895
2083.07788 0.034971
2083.43311 0.035046
2083.78809 0.035122
2084.14404 0.035198
2084.49902 0.035274
2084.85400 0.03535
2085.20996 0.035426
2085.56592 0.035502
2085.92090 0.035578
2086.27710 0.035654
2086.63306 0.035731
2086.98901 0.035807
2087.34497 0.035884
2087.70093 0.035961
2088.05688 0.036037
2088.41309 0.036114
2088.76904 0.036191
2089.12500 0.036268
2089.48193 0.036345
2089.83789 0.036423
2090.19409 0.0365
2090.55103 0.036577
2090.90698 0.03665
2091.26392 0.03672
2091.62109 0.03679
2091.97705 0.03686
2092.33398 0.036931
2092.69092 0.037001
2093.04810 0.037072
2093.40503 0.037143
2093.76196 0.037214
2094.11890 0.037284
2094.47607 0.037355
2094.83301 0.037427
2095.19092 0.037498
2095.54810 0.037569
2095.90503 0.03764
2096.26294 0.037712
2096.62012 0.037783
2096.97803 0.037855
2097.33496 0.037926
2097.69312 0.037998
2098.05103 0.03807
2098.40894 0.038142
2098.76709 0.038213
2099.12500 0.038286
2099.48291 0.038358
2099.84106 0.03843
2100.19897 0.038515
2100.55688 0.038609
2100.91504 0.038697
2101.27295 0.038782
2101.63208 0.038867
2101.98999 0.038953
2102.34912 0.039038
2102.70703 0.039124
2103.06592 0.039209
2103.42505 0.039295
2103.78296 0.039381
2104.14209 0.039467
2104.50098 0.039553
2104.86011 0.03964
2105.21899 0.039726
2105.57788 0.039813
2105.93701 0.0399
2106.29590 0.039987
2106.65601 0.040074
2107.01489 0.040161
2107.37402 0.040249
2107.73291 0.040336
2108.09302 0.040424
2108.45190 0.040512
2108.81201 0.0406
2109.17212 0.040688
2109.53101 0.040776
2109.89111 0.040865
2110.25098 0.040953
2110.61108 0.041042
2110.97095 0.041123
2111.33105 0.041202
2111.69092 0.041282
2112.05103 0.041361
2112.41089 0.041441
2112.77100 0.041521
2113.13208 0.041601
2113.49194 0.041682
2113.85303 0.041762
2114.21289 0.041843
2114.57397 0.041923
2114.93506 0.042004
2115.29492 0.042085
2115.65601 0.042166
2116.01709 0.042247
2116.37793 0.042328
2116.73901 0.04241
2117.10010 0.042491
2117.46094 0.042573
2117.82202 0.042655
2118.18311 0.042737
2118.54395 0.042819
2118.90601 0.042901
2119.26709 0.042983
2119.62793 0.043066
2119.98999 0.043148
2120.35107 0.043229
2120.71289 0.043309
2121.07495 0.043382
2121.43701 0.043454
2121.79810 0.043527
2122.15991 0.0436
2122.52197 0.043673
2122.88403 0.043746
2123.24609 0.043819
2123.60791 0.043893
2123.96997 0.043966
2124.33301 0.044039
2124.69507 0.044113
2125.05688 0.044187
2125.41992 0.04426
2125.78198 0.044334
2126.14502 0.044408
2126.50708 0.044482
2126.87012 0.044557
2127.23291 0.044631
2127.59497 0.044705
2127.95801 0.04478
2128.32104 0.044854
2128.68408 0.044929
2129.04712 0.045004
2129.40991 0.045079
2129.77393 0.045154
2130.13696 0.04523
2130.50000 0.045306
2130.86401 0.045378
2131.22705 0.045446
2131.59009 0.045514
2131.95410 0.045583
2132.31689 0.045651
2132.68091 0.045719
2133.04492 0.045788
2133.40894 0.045857
2133.77197 0.045925
2134.13599 0.045994
2134.50000 0.046063
2134.86499 0.046132
2135.22900 0.046201
2135.59302 0.04627
2135.95703 0.046339
2136.32104 0.046408
2136.68604 0.046478
2137.05005 0.046547
2137.41406 0.046617
2137.77905 0.046687
2138.14404 0.046756
2138.50806 0.046826
2138.87305 0.046896
2139.23804 0.046966
2139.60303 0.047036
2139.96802 0.047107
2140.33203 0.047177
2140.69800 0.047246
2141.06201 0.047309
2141.42798 0.047373
2141.79297 0.047436
2142.15796 0.0475
2142.52295 0.047564
2142.88892 0.047627
2143.25391 0.047691
2143.62012 0.047755
2143.98608 0.047819
2144.35107 0.047883
2144.71704 0.047947
2145.08301 0.048011
2145.44800 0.048075
2145.81396 0.048139
2146.17993 0.048204
2146.54590 0.048268
2146.91211 0.048333
2147.27905 0.048397
2147.64502 0.048462
2148.01099 0.048527
2148.37695 0.048591
2148.74390 0.048656
2149.11011 0.048721
2149.47705 0.048786
2149.84399 0.048851
2150.20996 0.048916
2150.57690 0.048981
2150.94409 0.049041
2151.31006 0.0491
2151.67700 0.049158
2152.04395 0.049217
2152.41089 0.049275
2152.77808 0.049334
2153.14600 0.049393
2153.51294 0.049451
2153.87988 0.04951
2154.24707 0.049569
2154.61499 0.049628
2154.98193 0.049687
2155.35010 0.049746
2155.71704 0.049805
2156.08496 0.049864
2156.45288 0.049923
2156.82104 0.049983
2157.18799 0.050042
2157.55591 0.050101
2157.92407 0.050161
2158.29199 0.05022
2158.65991 0.05028
2159.02808 0.050339
2159.39697 0.050399
2159.76489 0.050459
2160.13306 0.050518
2160.50195 0.050576
2160.87012 0.050628
2161.23901 0.050675
2161.60693 0.050723
2161.97607 0.05077
2162.34497 0.050818
2162.71289 0.050865
2163.08203 0.050912
2163.45093 0.05096
2163.82007 0.051008
2164.18896 0.051055
2164.55811 0.051103
2164.92700 0.05115
2165.29712 0.051198
2165.66602 0.051246
2166.03491 0.051293
2166.40503 0.051341
2166.77393 0.051389
2167.14404 0.051437
2167.51294 0.051485
2167.88306 0.051533
2168.25293 0.05158
2168.62305 0.051628
2168.99194 0.051676
2169.36206 0.051724
2169.73193 0.051772
2170.10205 0.051821
2170.47192 0.05187
2170.84302 0.051918
2171.21289 0.051962
2171.58301 0.052006
2171.95288 0.052051
2172.32397 0.052095
2172.69409 0.05214
2173.06494 0.052184
2173.43604 0.052229
2173.80591 0.052273
2174.17700 0.052318
2174.54810 0.052362
2174.91895 0.052407
2175.29004 0.052452
2175.65991 0.052496
2176.03101 0.052541
2176.40308 0.052586
2176.77393 0.05263
2177.14502 0.052675
2177.51611 0.05272
2177.88794 0.052765
2178.25903 0.052809
2178.63110 0.052854
2179.00195 0.052899
2179.37402 0.052944
2179.74609 0.052989
2180.11694 0.053034
2180.48901 0.053078
2180.86108 0.053118
2181.23291 0.053153
2181.60498 0.053188
2181.97705 0.053222
2182.34912 0.053257
2182.72095 0.053292
2183.09399 0.053327
2183.46606 0.053362
2183.83789 0.053396
2184.21094 0.053431
2184.58301 0.053466
2184.95605 0.053501
2185.32910 0.053536
2185.70093 0.05357
2186.07397 0.053605
2186.44702 0.05364
2186.82007 0.053675
2187.19312 0.053709
2187.56592 0.053744
2187.93896 0.053779
2188.31201 0.053814
2188.68506 0.053849
2189.05811 0.053883
2189.43188 0.053918
2189.80493 0.053953
2190.17896 0.053987
2190.55200 0.054022
2190.92603 0.05405
2191.29907 0.054075
2191.67310 0.054099
2192.04712 0.054124
2192.42090 0.054149
2192.79492 0.054173
2193.16895 0.054198
2193.54297 0.054223
2193.91699 0.054247
2194.29102 0.054272
2194.66504 0.054296
2195.04004 0.054321
2195.41406 0.054345
2195.78809 0.05437
2196.16309 0.054394
2196.53711 0.054418
2196.91211 0.054443
2197.28711 0.054467
2197.66089 0.054491
2198.03589 0.054516
2198.41089 0.05454
2198.78589 0.054564
2199.16089 0.054588
2199.53589 0.054613
2199.91089 0.054637
2200.28589 0.054655
2200.66211 0.054672
2201.03711 0.054681
2201.41211 0.054689
2201.78809 0.054697
2202.16309 0.054705
2202.53906 0.054714
2202.91406 0.054722
2203.29004 0.05473
2203.66602 0.054738
2204.04199 0.054746
2204.41699 0.054754
2204.79297 0.054762
2205.16992 0.05477
2205.54590 0.054778
2205.92212 0.054786
2206.29810 0.054793
2206.67407 0.054801
2207.05103 0.054809
2207.42700 0.054816
2207.80298 0.054824
2208.17993 0.054832
2208.55688 0.054839
2208.93311 0.054846
2209.31006 0.054854
2209.68701 0.054861
2210.06396 0.054869
2210.44092 0.054877
2210.81812 0.054882
2211.19507 0.05488
2211.57202 0.054878
2211.94897 0.054876
2212.32593 0.054873
2212.70410 0.054871
2213.08105 0.054868
2213.45801 0.054866
2213.83594 0.054863
2214.21289 0.05486
2214.59106 0.054858
2214.96899 0.054855
2215.34595 0.054852
2215.72412 0.054849
2216.10205 0.054846
2216.47998 0.054843
2216.85791 0.05484
2217.23608 0.054836
2217.61401 0.054833
2217.99292 0.05483
2218.37109 0.054826
2218.74902 0.054823
2219.12793 0.054819
2219.50610 0.054815
2219.88501 0.054811
2220.26294 0.054807
2220.64209 0.054803
2221.02100 0.054791
2221.39893 0.054779
2221.77808 0.054767
2222.15698 0.054754
2222.53589 0.054741
2222.91504 0.054729
2223.29395 0.054716
2223.67310 0.054703
2224.05298 0.05469
2224.43188 0.054677
2224.81104 0.054664
2225.19092 0.05465
2225.57007 0.054637
2225.94995 0.054624
2226.33008 0.05461
2226.70898 0.054596
2227.08911 0.054583
2227.46899 0.054569
2227.84912 0.054555
2228.22900 0.054541
2228.60889 0.054527
2228.98901 0.054513
2229.36890 0.054498
2229.74902 0.054484
2230.12891 0.054466
2230.51001 0.05444
2230.88989 0.054409
2231.27100 0.054375
2231.65088 0.05434
2232.03198 0.054305
2232.41211 0.05427
2232.79297 0.054235
2233.17407 0.0542
2233.55493 0.054165
2233.93604 0.05413
2234.31689 0.054094
2234.69800 0.054059
2235.07910 0.054023
2235.45996 0.053988
2235.84106 0.053952
2236.22290 0.053916
2236.60400 0.05388
2236.98511 0.053844
2237.36694 0.053808
2237.74902 0.053772
2238.12988 0.053735
2238.51196 0.053699
2238.89404 0.053662
2239.27490 0.053625
2239.65698 0.053589
2240.03906 0.053552
2240.42090 0.053512
2240.80298 0.053471
2241.18604 0.053427
2241.56812 0.053382
2241.94995 0.053337
2242.33301 0.053293
2242.71509 0.053248
2243.09692 0.053203
2243.47998 0.053158
2243.86304 0.053112
2244.24512 0.053067
2244.62793 0.053022
2245.01099 0.052976
2245.39404 0.05293
2245.77710 0.052885
2246.15991 0.052839
2246.54297 0.052793
2246.92603 0.052747
2247.30908 0.052701
2247.69189 0.052654
2248.07593 0.052608
2248.45898 0.052562
2248.84302 0.052515
2249.22607 0.052468
2249.61011 0.052421
2249.99292 0.052374
2250.37695 0.052329
2250.76099 0.052282
2251.14502 0.052234
2251.52905 0.052186
2251.91309 0.052137
2252.29712 0.052088
2252.68091 0.052039
2253.06494 0.051991
2253.44897 0.051941
2253.83398 0.051892
2254.21802 0.051843
2254.60303 0.051794
2254.98706 0.051744
2255.37207 0.051694
2255.75610 0.051645
2256.14111 0.051595
2256.52588 0.051545
2256.91089 0.051495
2257.29492 0.051445
2257.67993 0.051394
2258.06494 0.051344
2258.45093 0.051293
2258.83594 0.051243
2259.22095 0.051192
2259.60596 0.051141
2259.99194 0.05109
2260.37695 0.051038
2260.76294 0.050986
2261.14795 0.05093
2261.53394 0.050875
2261.91992 0.050819
2262.30493 0.050763
2262.69092 0.050707
2263.07690 0.050651
2263.46289 0.050594
2263.84912 0.050538
2264.23511 0.050481
2264.62109 0.050425
2265.00806 0.050368
2265.39404 0.050311
2265.78003 0.050254
2266.16699 0.050197
2266.55298 0.05014
2266.93994 0.050082
2267.32593 0.050025
2267.71289 0.049967
2268.10010 0.049909
2268.48706 0.049851
2268.87402 0.049793
2269.26001 0.049735
2269.64697 0.049677
2270.03394 0.049619
2270.42212 0.04956
2270.80908 0.0495
2271.19604 0.04944
2271.58301 0.04938
2271.97095 0.049319
2272.35791 0.049259
2272.74609 0.049198
2273.13403 0.049137
2273.52100 0.049076
2273.90894 0.049015
2274.29712 0.048954
2274.68506 0.048893
2275.07300 0.048832
2275.45996 0.04877
2275.84912 0.048708
2276.23706 0.048647
2276.62500 0.048585
2277.01294 0.048523
2277.40210 0.048461
2277.79004 0.048398
2278.17798 0.048336
2278.56689 0.048273
2278.95605 0.048211
2279.34399 0.048148
2279.73291 0.048085
2280.12207 0.048021
2280.51099 0.047956
2280.89990 0.047891
2281.28906 0.047826
