threeML/data/optical_filters/HST/WFC3_UVIS2-F555W.ecsv
# %ECSV 0.9
# ---
# datatype:
# - {name: wavelength, unit: Angstrom, datatype: float32}
# - {name: response, datatype: float32}
# meta: !!omap
# - {band_name: F555W}
# - {group_name: WFC3_UVIS2}
wavelength response
[from data line 2415]
6587.61523 0.028861
6588.74219 0.028725
6589.87012 0.02859
6590.99707 0.028452
6592.12500 0.028314
6593.25195 0.028176
6594.38086 0.028038
6595.50879 0.0279
6596.63721 0.027762
6597.76611 0.027624
6598.89502 0.027486
6600.02393 0.027349
6601.15283 0.027214
6602.28320 0.027084
6603.41211 0.026962
6604.54199 0.02684
6605.67188 0.026719
6606.80176 0.026597
6607.93311 0.026476
6609.06299 0.026354
6610.19385 0.026232
6611.32520 0.026111
6612.45605 0.025988
6613.58691 0.025863
6614.71924 0.025739
6615.85107 0.025614
6616.98193 0.02549
6618.11523 0.025365
6619.24707 0.025241
6620.37891 0.025116
6621.51221 0.024992
6622.64502 0.024872
6623.77783 0.024753
6624.91211 0.024635
6626.04492 0.024516
6627.17920 0.024398
6628.31299 0.02428
6629.44678 0.024161
6630.58105 0.024041
6631.71484 0.023919
6632.85010 0.023798
6633.98486 0.023677
6635.12012 0.023556
6636.25488 0.023435
6637.39111 0.023314
6638.52588 0.023193
6639.66211 0.023072
6640.79785 0.022953
6641.93408 0.022836
6643.07080 0.022725
6644.20703 0.022614
6645.34424 0.022503
6646.48096 0.022393
6647.61816 0.022282
6648.75488 0.022172
6649.89307 0.022061
6651.03076 0.021951
6652.16895 0.02184
6653.30713 0.02173
6654.44482 0.021619
6655.58398 0.021509
6656.72314 0.021399
6657.86084 0.021289
6659.00000 0.021178
6660.14014 0.021068
6661.27881 0.020956
6662.41895 0.020845
6663.55908 0.020736
6664.69922 0.020626
6665.83887 0.020517
6666.97998 0.020407
6668.12109 0.020298
6669.26221 0.020189
6670.40283 0.02008
6671.54395 0.019973
6672.68604 0.019871
6673.82715 0.019771
6674.96924 0.01967
6676.11084 0.01957
6677.25293 0.019469
6678.39600 0.019369
6679.53809 0.019269
6680.68115 0.019169
6681.82422 0.019068
6682.96680 0.018971
6684.11084 0.018873
6685.25391 0.018776
6686.39795 0.018678
6687.54199 0.018581
6688.68701 0.018484
6689.83105 0.018386
6690.97607 0.018287
6692.12012 0.018189
6693.26514 0.018094
6694.41016 0.017998
6695.55615 0.017903
6696.70117 0.017808
6697.84717 0.017713
6698.99316 0.017617
6700.13916 0.017522
6701.28613 0.017429
6702.43213 0.017336
6703.57910 0.017244
6704.72607 0.017152
6705.87305 0.01706
6707.02100 0.016967
6708.16797 0.016875
6709.31494 0.016783
6710.46289 0.016691
6711.61182 0.016599
6712.75977 0.01651
6713.90918 0.016422
6715.05713 0.016333
6716.20605 0.016245
6717.35498 0.016157
6718.50391 0.016068
6719.65381 0.01598
6720.80420 0.015891
6721.95410 0.015801
6723.10400 0.015715
6724.25391 0.015629
6725.40381 0.015543
6726.55518 0.015457
6727.70605 0.015371
6728.85693 0.015285
6730.00781 0.015199
6731.16016 0.015115
6732.31201 0.015032
6733.46289 0.014952
6734.61523 0.014872
6735.76807 0.014792
6736.91992 0.014712
6738.07324 0.014632
6739.22607 0.014552
6740.37793 0.014472
6741.53223 0.014392
6742.68604 0.014311
6743.83887 0.01423
6744.99316 0.014148
6746.14697 0.014067
6747.30078 0.013986
6748.45605 0.013904
6749.60986 0.013823
6750.76514 0.013741
6751.91992 0.013659
6753.07520 0.013583
6754.22998 0.013507
6755.38623 0.013431
6756.54199 0.013355
6757.69824 0.013279
6758.85400 0.013203
6760.01123 0.013128
6761.16699 0.013053
6762.32422 0.01298
6763.48096 0.012908
6764.63818 0.012836
6765.79492 0.012764
6766.95312 0.012692
6768.11084 0.01262
6769.26904 0.012548
6770.42676 0.012476
6771.58496 0.012404
6772.74414 0.012335
6773.90283 0.012267
6775.06201 0.012199
6776.22119 0.012131
6777.37988 0.012063
6778.54004 0.011995
6779.70020 0.011927
6780.85986 0.011859
6782.02002 0.01179
6783.18018 0.011722
6784.34082 0.011654
6785.50098 0.011586
6786.66309 0.011519
6787.82422 0.011451
6788.98486 0.011383
6790.14600 0.011316
6791.30908 0.011249
6792.47021 0.011183
6793.63184 0.011117
6794.79492 0.01105
6795.95801 0.010984
6797.12012 0.010918
6798.28320 0.010852
6799.44580 0.010786
6800.60889 0.010719
6801.77295 0.010653
6802.93701 0.010593
6804.10107 0.010533
6805.26514 0.010473
6806.42920 0.010413
6807.59424 0.010353
6808.75879 0.010293
6809.92285 0.010234
6811.08887 0.010173
6812.25391 0.010112
6813.41895 0.010052
6814.58496 0.009991
6815.75098 0.009931
6816.91699 0.00987
6818.08301 0.00981
6819.25000 0.00975
6820.41699 0.00969
6821.58398 0.00963
6822.75098 0.009573
6823.91797 0.009517
6825.08594 0.00946
6826.25391 0.009404
6827.42090 0.009348
6828.58984 0.009292
6829.75781 0.009235
6830.92676 0.009179
6832.09521 0.009124
6833.26416 0.00907
6834.43408 0.009017
6835.60303 0.008964
6836.77197 0.008911
6837.94189 0.008857
6839.11182 0.008804
6840.28223 0.008751
6841.45312 0.008697
6842.62305 0.008644
6843.79395 0.008592
6844.96484 0.00854
6846.13623 0.008488
6847.30713 0.008436
6848.47900 0.008384
6849.64990 0.008332
6850.82178 0.00828
6851.99512 0.00823
6853.16699 0.008182
6854.33887 0.008134
6855.51221 0.008087
6856.68506 0.008039
6857.85791 0.007992
6859.03223 0.007944
6860.20508 0.007897
6861.37891 0.007848
6862.55322 0.0078
6863.72705 0.007751
6864.90088 0.007702
6866.07617 0.007653
6867.25000 0.007604
6868.42480 0.007555
6869.60107 0.007506
6870.77588 0.007457
6871.95215 0.007409
6873.12695 0.007364
6874.30322 0.007319
6875.47900 0.007275
6876.65576 0.00723
6877.83301 0.007185
6879.00879 0.00714
6880.18604 0.007095
6881.36279 0.00705
6882.54102 0.007007
6883.71777 0.006966
6884.89600 0.006924
6886.07422 0.006883
6887.25195 0.006842
6888.43018 0.0068
6889.60889 0.006759
6890.78809 0.006717
6891.96680 0.006675
6893.14600 0.006633
6894.32520 0.006591
6895.50488 0.006549
6896.68506 0.006507
6897.86523 0.006465
6899.04492 0.006423
6900.22510 0.006381
6901.40576 0.006339
6902.58594 0.006299
6903.76807 0.00626
6904.94922 0.006221
6906.12988 0.006182
6907.31201 0.006143
6908.49414 0.006104
6909.67578 0.006066
6910.85791 0.006027
6912.04004 0.005988
6913.22314 0.00595
6914.40576 0.005912
6915.58887 0.005874
6916.77197 0.005836
6917.95508 0.005798
6919.13916 0.00576
6920.32324 0.005722
6921.50684 0.005683
6922.69092 0.005646
6923.87500 0.005611
6925.06006 0.005575
6926.24512 0.005539
6927.43018 0.005504
6928.61523 0.005468
6929.80078 0.005433
6930.98584 0.005398
6932.17188 0.005363
6933.35791 0.005329
6934.54395 0.005295
6935.73096 0.005261
6936.91699 0.005227
6938.10400 0.005193
6939.29199 0.005159
6940.47900 0.005124
6941.66699 0.00509
6942.85400 0.005056
6944.04199 0.005023
6945.22998 0.00499
6946.41797 0.004957
6947.60693 0.004924
6948.79492 0.004891
6949.98389 0.004858
6951.17285 0.004825
6952.36279 0.004793
6953.55176 0.004762
6954.74219 0.004732
6955.93213 0.004701
6957.12207 0.00467
6958.31299 0.004639
6959.50293 0.004609
6960.69385 0.004578
6961.88477 0.004547
6963.07617 0.004518
6964.26709 0.004489
6965.45801 0.00446
6966.64990 0.004431
6967.84180 0.004402
6969.03516 0.004373
6970.22705 0.004344
6971.41895 0.004315
6972.61182 0.004287
6973.80518 0.004258
6974.99902 0.00423
6976.19189 0.004202
6977.38477 0.004174
6978.57910 0.004146
6979.77295 0.004118
6980.96680 0.00409
6982.16211 0.004063
6983.35596 0.004036
6984.55078 0.004009
6985.74609 0.003983
6986.94092 0.003956
6988.13721 0.003929
6989.33301 0.003902
6990.52783 0.003876
6991.72412 0.003849
6992.91992 0.003823
6994.11719 0.003798
6995.31299 0.003772
6996.50977 0.003747
6997.70801 0.003722
6998.90479 0.003696
7000.10303 0.003671
7001.29980 0.003645
7002.49805 0.00362
7003.69580 0.003595
7004.89404 0.003571
7006.09277 0.003547
7007.29199 0.003523
7008.49023 0.003498
7009.68896 0.003474
7010.88916 0.00345
7012.08789 0.003427
7013.28809 0.003404
7014.48779 0.00338
7015.68799 0.003357
7016.88916 0.003334
7018.08887 0.003311
7019.29004 0.003288
7020.49121 0.003265
7021.69189 0.003242
7022.89307 0.003219
7024.09521 0.003196
7025.29688 0.003174
7026.49902 0.003151
7027.70117 0.003129
7028.90283 0.003106
7030.10596 0.003084
7031.30908 0.003061
7032.51221 0.00304
7033.71484 0.00302
7034.91797 0.002999
7036.12207 0.002979
7037.32617 0.002959
7038.52979 0.002939
7039.73389 0.002919
7040.93799 0.002898
7042.14307 0.002878
7043.34814 0.002859
7044.55322 0.002839
7045.75781 0.00282
7046.96387 0.0028
7048.16895 0.002781
7049.37500 0.002761
7050.58203 0.002742
7051.78809 0.002722
7052.99512 0.002703
7054.20117 0.002683
7055.40820 0.002664
7056.61523 0.002645
7057.82324 0.002625
7059.02979 0.002606
7060.23779 0.002587
7061.44580 0.002568
7062.65381 0.00255
7063.86182 0.002532
7065.07080 0.002514
7066.27979 0.002496
7067.48877 0.002479
7068.69824 0.002461
7069.90820 0.002443
7071.11719 0.002425
7072.32715 0.002407
7073.53711 0.00239
7074.74707 0.002373
7075.95801 0.002356
7077.16797 0.002338
7078.37891 0.002321
7079.58984 0.002304
7080.80176 0.002287
7082.01318 0.00227
7083.22510 0.002255
7084.43701 0.00224
7085.64893 0.002224
7086.86084 0.002209
7088.07422 0.002194
7089.28613 0.002179
7090.50000 0.002163
7091.71191 0.002148
7092.92578 0.002133
7094.13916 0.002117
7095.35303 0.002102
7096.56689 0.002087
7097.78076 0.002072
7098.99609 0.002056
7100.20996 0.002041
7101.42480 0.002026
7102.64014 0.002011
7103.85498 0.001996
7105.07080 0.001982
7106.28613 0.001967
7107.50195 0.001952
7108.71777 0.001937
7109.93506 0.001922
7111.15088 0.001907
7112.36816 0.001893
7113.58398 0.00188
7114.80176 0.001866
7116.01904 0.001853
7117.23584 0.00184
7118.45410 0.001826
7119.67188 0.001813
7120.89014 0.0018
7122.10791 0.001786
7123.32715 0.001773
7124.54590 0.00176
7125.76514 0.001747
7126.98389 0.001734
7128.20410 0.001721
7129.42285 0.001708
7130.64307 0.001695
7131.86279 0.001683
7133.08301 0.001671
7134.30420 0.001658
7135.52393 0.001646
7136.74512 0.001634
7137.96582 0.001622
7139.18799 0.00161
7140.40918 0.001598
7141.62988 0.001586
7142.85303 0.001574
7144.07520 0.001563
7145.29688 0.001551
7146.52002 0.001539
7147.74219 0.001528
7148.96484 0.001516
7150.18799 0.001505
7151.41211 0.001493
7152.63477 0.001482
7153.85889 0.001471
7155.08301 0.00146
7156.30713 0.00145
7157.53076 0.001439
7158.75586 0.001428
7159.98096 0.001417
7161.20605 0.001406
7162.43115 0.001396
7163.65723 0.001386
7164.88184 0.001376
7166.10791 0.001365
7167.33398 0.001355
7168.56104 0.001345
7169.78711 0.001335
7171.01416 0.001325
7172.24121 0.001315
7173.46777 0.001306
7174.69482 0.001296
7175.92285 0.001286
7177.14990 0.001276
7178.37793 0.001267
7179.60596 0.001257
7180.83496 0.001247
7182.06299 0.001238
7183.29199 0.001228
7184.52100 0.001219
7185.75000 0.00121
7186.97998 0.001201
7188.20996 0.001192
7189.43896 0.001182
7190.66992 0.001173
7191.89990 0.001164
7193.12988 0.001155
7194.36084 0.001147
7195.59180 0.001138
7196.82324 0.001129
7198.05518 0.001121
7199.28613 0.001112
7200.51807 0.001104
7201.75000 0.001095
7202.98193 0.001087
7204.21387 0.001079
7205.44678 0.001072
7206.68018 0.001064
7207.91309 0.001056
7209.14600 0.001048
7210.37891 0.00104
7211.61279 0.001032
7212.84717 0.001024
7214.08105 0.001016
7215.31494 0.001008
7216.54980 0.001
7217.78516 0.000993
7219.02002 0.000985
7220.25488 0.000977
7221.49023 0.000969
7222.72607 0.000962
7223.96094 0.000955
7225.19678 0.000947
7226.43408 0.00094
7227.66992 0.000933
7228.90723 0.000926
7230.14404 0.000918
7231.37988 0.000911
7232.61816 0.000904
7233.85498 0.000897
7235.09277 0.00089
7236.33105 0.000883
7237.56885 0.000877
7238.80713 0.00087
7240.04492 0.000863
7241.28418 0.000856
7242.52295 0.00085
7243.76221 0.000843
7245.00195 0.000837
7246.24121 0.00083
7247.48096 0.000824
7248.72119 0.000817
7249.96094 0.000811
7251.20215 0.000804
7252.44189 0.000798
7253.68311 0.000791
7254.92383 0.000785
7256.16602 0.000779
7257.40723 0.000773
7258.64893 0.000767
7259.89111 0.000761
7261.13281 0.000756
7262.37500 0.00075
7263.61816 0.000744
7264.85986 0.000738
7266.10400 0.000732
7267.34717 0.000726
7268.58984 0.00072
7269.83398 0.000715
7271.07812 0.000709
7272.32178 0.000703
7273.56592 0.000698
7274.81104 0.000693
7276.05518 0.000687
7277.29980 0.000682
7278.54492 0.000677
7279.79102 0.000672
7281.03613 0.000667
7282.28223 0.000661
7283.52783 0.000656
7284.77393 0.000651
7286.02002 0.000646
7287.26709 0.000641
7288.51416 0.000636
7289.76123 0.000631
7291.00781 0.000626
7292.25488 0.000621
7293.50293 0.000616
7294.75098 0.000611
7295.99902 0.000607
7297.24707 0.000602
7298.49609 0.000597
7299.74512 0.000592
7300.99414 0.000587
7302.24316 0.000582
7303.49219 0.000578
7304.74219 0.000573
7305.99121 0.000569
7307.24121 0.000564
7308.49219 0.00056
7309.74219 0.000556
7310.99316 0.000551
7312.24414 0.000547
7313.49512 0.000543
7314.74609 0.000538
7315.99805 0.000534
7317.24902 0.00053
7318.50098 0.000526
7319.75293 0.000521
7321.00586 0.000517
7322.25781 0.000513
7323.51123 0.000509
7324.76416 0.000505
7326.01709 0.000501
7327.27100 0.000497
7328.52393 0.000494
7329.77783 0.00049
7331.03223 0.000486
7332.28711 0.000482
7333.54102 0.000479
7334.79590 0.000475
7336.05078 0.000471
7337.30615 0.000468
7338.56201 0.000464
7339.81689 0.00046
7341.07324 0.000457
7342.32910 0.000453
7343.58496 0.000449
7344.84082 0.000445
7346.09814 0.000442
7347.35498 0.000438
7348.61182 0.000434
7349.86914 0.00043
7351.12695 0.000427
7352.38477 0.000423
7353.64307 0.00042
7354.90088 0.000417
7356.15918 0.000414
7357.41797 0.00041
7358.67676 0.000407
7359.93604 0.000404
7361.19482 0.000401
8097.31445 0.0
