threeML/data/optical_filters/HST/WFC3_UVIS1-F467M.ecsv
# %ECSV 0.9
# ---
# datatype:
# - {name: wavelength, unit: Angstrom, datatype: float32}
# - {name: response, datatype: float32}
# meta: !!omap
# - {band_name: F467M}
# - {group_name: WFC3_UVIS1}
wavelength response
4067.84351 0.0
4519.82617 0.000455
4520.59912 0.000519
4521.37305 0.000589
4522.14600 0.000705
4522.91895 0.000821
4523.69287 0.000937
4524.46680 0.001036
4525.24219 0.001135
4526.01611 0.001233
4526.79004 0.001296
4527.56494 0.001343
4528.33887 0.00139
4529.11377 0.001403
4529.88916 0.001371
4530.66406 0.00134
4531.43896 0.001308
4532.21387 0.001276
4532.99023 0.001244
4533.76611 0.001212
4534.54199 0.001192
4535.31689 0.001172
4536.09277 0.001153
4536.86914 0.001171
4537.64600 0.001201
4538.42188 0.001231
4539.19824 0.001287
4539.97510 0.001364
4540.75098 0.001442
4541.52881 0.001537
4542.30615 0.001665
4543.08301 0.001793
4543.85986 0.001933
4544.63818 0.002163
4545.41504 0.002393
4546.19287 0.002623
4546.97119 0.002983
4547.74902 0.003357
4548.52686 0.003732
4549.30518 0.004266
4550.08301 0.004876
4550.86182 0.005486
4551.64014 0.006283
4552.41895 0.007292
4553.19824 0.008302
4553.97705 0.009474
4554.75586 0.01112
4555.53613 0.012765
4556.31494 0.01445
4557.09521 0.016904
4557.87402 0.019357
4558.65381 0.021812
4559.43408 0.024772
4560.21387 0.027826
4560.99414 0.030883
4561.77490 0.034005
4562.55518 0.03716
4563.33594 0.040319
4564.11719 0.043361
4564.89697 0.046251
4565.67920 0.049143
4566.45898 0.052063
4567.24121 0.055083
4568.02197 0.058106
4568.80420 0.061173
4569.58496 0.065727
4570.36816 0.070282
4571.14893 0.074833
4571.93213 0.082347
4572.71387 0.09046
4573.49609 0.098573
4574.27881 0.109933
4575.06104 0.123147
4575.84424 0.136379
4576.62695 0.150814
4577.41016 0.166796
4578.19287 0.18278
4578.97705 0.197677
4579.75977 0.209264
4580.54297 0.220861
4581.32715 0.231899
4582.11084 0.233404
4582.89502 0.234911
4583.67920 0.236418
4584.46289 0.231987
4585.24805 0.226637
4586.03223 0.221284
4586.81689 0.216381
4587.60205 0.211691
4588.38721 0.206997
4589.17090 0.20468
4589.95703 0.204816
4590.74219 0.204953
4591.52686 0.206549
4592.31299 0.21144
4593.09912 0.216331
4593.88477 0.221509
4594.67090 0.228671
4595.45703 0.235834
4596.24316 0.242998
4597.02881 0.248794
4597.81592 0.254511
4598.60303 0.26023
4599.39014 0.262751
4600.17578 0.264285
4600.96289 0.26582
4601.75000 0.265168
4602.53809 0.262977
4603.32520 0.260786
4604.11279 0.258166
4604.90088 0.254938
4605.68799 0.251709
4606.47705 0.248869
4607.26514 0.24729
4608.05322 0.245709
4608.84082 0.244301
4609.62988 0.245393
4610.41895 0.246494
4611.20801 0.247603
4611.99707 0.250435
4612.78613 0.253473
4613.57520 0.256511
4614.36377 0.259846
4615.15381 0.263293
4615.94287 0.266741
4616.73291 0.269581
4617.52295 0.271943
4618.31299 0.274305
4619.10303 0.275981
4619.89404 0.276592
4620.68408 0.277187
4621.47510 0.277498
4622.26514 0.27686
4623.05615 0.276222
4623.84717 0.275571
4624.63818 0.274746
4625.42920 0.273922
4626.22119 0.273097
4627.01221 0.272801
4627.80420 0.27256
4628.59619 0.272319
4629.38818 0.272591
4630.18018 0.273036
4630.97217 0.273478
4631.76416 0.274152
4632.55713 0.274988
4633.34912 0.275824
4634.14209 0.276552
4634.93506 0.277137
4635.72803 0.277722
4636.52100 0.278126
4637.31396 0.278067
4638.10791 0.278008
4638.90088 0.277875
4639.69482 0.277241
4640.48877 0.276607
4641.28320 0.275972
4642.07715 0.275041
4642.87109 0.274104
4643.66602 0.273167
4644.45996 0.272254
4645.25488 0.271346
4646.04883 0.270439
4646.84424 0.269749
4647.64014 0.26916
4648.43506 0.26857
4649.22998 0.268182
4650.02490 0.267966
4650.82080 0.267751
4651.61719 0.267661
4652.41309 0.267764
4653.20801 0.267867
4654.00488 0.268022
4654.80078 0.268331
4655.59717 0.268639
4656.39404 0.268964
4657.18994 0.269414
4657.98682 0.269863
4658.78418 0.270313
4659.58203 0.270775
4660.37891 0.271237
4661.17578 0.271699
4661.97412 0.272098
4662.77100 0.272485
4663.56885 0.272872
4664.36719 0.273136
4665.16504 0.273348
4665.96289 0.27356
4666.76123 0.273566
4667.56006 0.273416
4668.35791 0.273266
4669.15723 0.27295
4669.95605 0.272423
4670.75488 0.271914
4671.55420 0.271309
4672.35400 0.270488
4673.15283 0.269667
4673.95312 0.268782
4674.75195 0.267609
4675.55176 0.266435
4676.35205 0.265248
4677.15186 0.263842
4677.95215 0.262434
4678.75293 0.261025
4679.55322 0.259544
4680.35400 0.258048
4681.15479 0.256543
4681.95605 0.254966
4682.75684 0.253371
4683.55811 0.251776
4684.35889 0.250222
4685.16113 0.248688
4685.96191 0.247153
4686.76416 0.245759
4687.56592 0.244473
4688.36816 0.243187
4689.16992 0.242035
4689.97217 0.24105
4690.77490 0.240065
4691.57715 0.239226
4692.37988 0.238682
4693.18311 0.238139
4693.98584 0.237686
4694.78906 0.237566
4695.59180 0.237445
4696.39600 0.237353
4697.19922 0.237514
4698.00293 0.237676
4698.80713 0.237838
4699.60986 0.237978
4700.41504 0.238119
4701.21924 0.238259
4702.02295 0.237985
4702.82812 0.237656
4703.63184 0.237326
4704.43701 0.23641
4705.24219 0.23532
4706.04688 0.23423
4706.85205 0.232697
4707.65820 0.230941
4708.46289 0.229186
4709.26904 0.227237
4710.07422 0.225137
4710.87988 0.223036
4711.68604 0.221016
4712.49219 0.219093
4713.29785 0.21717
4714.10498 0.215503
4714.91211 0.214303
4715.71777 0.213103
4716.52490 0.212211
4717.33203 0.212218
4718.13916 0.212225
4718.94580 0.212448
4719.75391 0.213833
4720.56201 0.215217
4721.36914 0.216679
4722.17676 0.219339
4722.98486 0.222001
4723.79297 0.224663
4724.60107 0.228327
4725.40918 0.232028
4726.21777 0.235732
4727.02588 0.239785
4727.83496 0.243892
4728.64404 0.247997
4729.45312 0.25162
4730.26221 0.255107
4731.07178 0.258597
4731.88086 0.261013
4732.69092 0.262946
4733.50000 0.26488
4734.31104 0.265681
4735.12109 0.26573
4735.93115 0.265779
4736.74121 0.264892
4737.55078 0.263116
4738.36182 0.26134
4739.17188 0.259142
4739.98291 0.256378
4740.79395 0.253632
4741.60498 0.250973
4742.41699 0.24848
4743.22803 0.245987
4744.04004 0.243819
4744.85205 0.242564
4745.66309 0.241311
4746.47510 0.240396
4747.28711 0.24101
4748.10010 0.241624
4748.91211 0.242428
4749.72510 0.244885
4750.53711 0.24733
4751.35010 0.249797
4752.16309 0.253323
4752.97607 0.256849
4753.78906 0.260378
4754.60303 0.263612
4755.41602 0.266831
4756.22900 0.270051
4757.04297 0.27159
4757.85693 0.272892
4758.67090 0.274196
4759.48486 0.273447
4760.29980 0.272199
4761.11377 0.270951
4761.92920 0.26843
4762.74414 0.265445
4763.55908 0.26246
4764.37402 0.259473
4765.18799 0.256485
4766.00391 0.253494
4766.81885 0.251499
4767.63477 0.250177
4768.45117 0.248853
4769.26709 0.248643
4770.08301 0.249414
4770.89795 0.250185
4771.71484 0.251474
4772.53076 0.253356
4773.34814 0.255238
4774.16504 0.256592
4774.98096 0.257166
4775.79785 0.25774
4776.61523 0.257108
4777.43311 0.254164
4778.25000 0.251219
4779.06689 0.247261
4779.88477 0.24073
4780.70312 0.234198
4781.52100 0.2273
4782.33887 0.219139
4783.15723 0.210983
4783.97607 0.202919
4784.79395 0.195329
4785.61279 0.187744
4786.43213 0.180332
4787.25000 0.174303
4788.06982 0.168269
4788.88916 0.162255
4789.70801 0.156481
4790.52783 0.150711
4791.34717 0.144923
4792.16699 0.137455
4792.98682 0.129982
4793.80713 0.122513
4794.62695 0.113124
4795.44824 0.103654
4796.26807 0.094184
4797.08887 0.084531
4797.91016 0.074862
4798.72998 0.065191
4799.55078 0.057266
4800.37305 0.049608
4801.19385 0.041949
4802.01611 0.036421
4802.83691 0.031363
4803.65918 0.026303
4804.47998 0.022836
4805.30322 0.019826
4806.12500 0.016815
4806.94678 0.014764
4807.77002 0.01306
4808.59180 0.011355
4809.41504 0.010143
4810.23779 0.009148
4811.06104 0.008154
4811.88379 0.00742
4812.70703 0.006824
4813.53076 0.006228
4814.35400 0.005775
4815.17822 0.00541
4816.00098 0.005046
4816.82617 0.004768
4817.64990 0.004554
4818.47412 0.00434
4819.29785 0.004182
4820.12305 0.004071
4820.94824 0.00396
4821.77197 0.003873
4822.59814 0.003808
4823.42285 0.003744
4824.24805 0.003681
4825.07324 0.00362
4825.89893 0.003559
4826.72510 0.003471
4827.54980 0.003349
4828.37598 0.003228
4829.20312 0.003076
4830.02881 0.002884
4830.85498 0.002691
4831.68213 0.002487
4832.50781 0.002263
4833.33496 0.00204
4834.16211 0.001822
4834.98877 0.001613
4835.81592 0.001404
4836.64404 0.00122
4837.47119 0.001081
4838.29883 0.000943
4839.12695 0.000821
4839.95508 0.000734
4840.78320 0.000646
4841.61084 0.00057
4842.43896 0.000517
4843.26807 0.000465
4844.09717 0.000417
5328.50684 0.0
