threeML/data/optical_filters/HST/WFC3_UVIS1-F438W.ecsv
# %ECSV 0.9
# ---
# datatype:
# - {name: wavelength, unit: Angstrom, datatype: float32}
# - {name: response, datatype: float32}
# meta: !!omap
# - {band_name: F438W}
# - {group_name: WFC3_UVIS1}
wavelength response
3464.15576 0.0
3849.06201 0.000408
3849.71997 0.000416
3850.37891 0.000425
3851.03809 0.000433
3851.69702 0.000445
3852.35498 0.000457
3853.01489 0.000469
3853.67407 0.000482
3854.33301 0.000494
3854.99292 0.000506
3855.65210 0.000518
3856.31201 0.00053
3856.97192 0.000543
3857.63208 0.000555
3858.29199 0.000567
3858.95190 0.00058
3859.61206 0.000592
3860.27197 0.000604
3860.93311 0.000617
3861.59302 0.000634
3862.25391 0.000652
3862.91504 0.000671
3863.57593 0.000689
3864.23706 0.000708
3864.89795 0.000726
3865.55908 0.000745
3866.22095 0.000764
3866.88208 0.000782
3867.54395 0.000801
3868.20508 0.000819
3868.86694 0.000838
3869.52905 0.000857
3870.19092 0.000876
3870.85400 0.000894
3871.51611 0.00092
3872.17798 0.000949
3872.84106 0.000978
3873.50293 0.001007
3874.16602 0.001036
3874.82910 0.001065
3875.49194 0.001095
3876.15503 0.001124
3876.81812 0.001153
3877.48096 0.001183
3878.14502 0.001212
3878.80811 0.001241
3879.47192 0.001271
3880.13599 0.0013
3880.80005 0.001329
3881.46411 0.001367
3882.12793 0.001411
3882.79199 0.001455
3883.45605 0.001499
3884.12109 0.001543
3884.78491 0.001587
3885.44995 0.001632
3886.11499 0.001676
3886.78003 0.00172
3887.44507 0.001765
3888.11011 0.001809
3888.77490 0.001854
3889.43994 0.001898
3890.10596 0.001943
3890.77100 0.001987
3891.43701 0.002043
3892.10303 0.002111
3892.76904 0.002179
3893.43506 0.002247
3894.10107 0.002315
3894.76709 0.002383
3895.43408 0.002451
3896.10010 0.002519
3896.76709 0.002587
3897.43311 0.002656
3898.10010 0.002724
3898.76709 0.002793
3899.43408 0.002861
3900.10107 0.00293
3900.76904 0.002998
3901.43604 0.003087
3902.10400 0.003197
3902.77100 0.003306
3903.43896 0.003415
3904.10693 0.003525
3904.77490 0.003635
3905.44312 0.003745
3906.11108 0.003855
3906.77905 0.003965
3907.44800 0.004075
3908.11597 0.004185
3908.78491 0.004296
3909.45410 0.004406
3910.12305 0.004517
3910.79199 0.004627
3911.46094 0.004775
3912.12988 0.004956
3912.79907 0.005137
3913.46899 0.005318
3914.13794 0.005499
3914.80811 0.005681
3915.47803 0.005863
3916.14795 0.006045
3916.81812 0.006227
3917.48804 0.006409
3918.15796 0.006591
3918.82910 0.006774
3919.49902 0.006956
3920.16992 0.007139
3920.84009 0.007322
3921.51099 0.007577
3922.18188 0.007881
3922.85303 0.008185
3923.52393 0.008489
3924.19604 0.008793
3924.86694 0.009097
3925.53906 0.009402
3926.20996 0.009707
3926.88208 0.010013
3927.55396 0.010318
3928.22607 0.010624
3928.89795 0.010931
3929.57007 0.011237
3930.24194 0.011544
3930.91504 0.011852
3931.58691 0.01228
3932.26001 0.012759
3932.93311 0.013238
3933.60596 0.013718
3934.27905 0.014198
3934.95190 0.014679
3935.62500 0.01516
3936.29907 0.015642
3936.97192 0.016124
3937.64600 0.016607
3938.31909 0.01709
3938.99292 0.017573
3939.66699 0.018057
3940.34106 0.018541
3941.01489 0.019025
3941.68994 0.019761
3942.36401 0.020541
3943.03906 0.021322
3943.71289 0.022104
3944.38794 0.022886
3945.06299 0.023669
3945.73804 0.024453
3946.41309 0.025237
3947.08789 0.026023
3947.76294 0.026808
3948.43896 0.027595
3949.11499 0.028382
3949.79004 0.02917
3950.46606 0.029958
3951.14209 0.030763
3951.81812 0.031981
3952.49390 0.0332
3953.16992 0.034421
3953.84595 0.035642
3954.52295 0.036865
3955.19995 0.038089
3955.87598 0.039313
3956.55298 0.040539
3957.22998 0.041766
3957.90698 0.042994
3958.58398 0.044223
3959.26196 0.045453
3959.93896 0.046684
3960.61694 0.047919
3961.29395 0.049282
3961.97192 0.051014
3962.64990 0.052749
3963.32788 0.054485
3964.00610 0.056222
3964.68408 0.057961
3965.36304 0.059703
3966.04102 0.061446
3966.71899 0.06319
3967.39795 0.064936
3968.07690 0.066684
3968.75610 0.068434
3969.43506 0.070186
3970.11401 0.071938
3970.79297 0.073689
3971.47290 0.075625
3972.15210 0.077738
3972.83203 0.079851
3973.51099 0.081967
3974.19092 0.084085
3974.87109 0.086205
3975.55200 0.088327
3976.23193 0.090451
3976.91211 0.092575
3977.59204 0.094703
3978.27295 0.096832
3978.95410 0.098963
3979.63403 0.101095
3980.31494 0.10323
3980.99609 0.105367
3981.67700 0.107467
3982.35889 0.10956
3983.04004 0.111655
3983.72095 0.113752
3984.40308 0.11585
3985.08496 0.11795
3985.76709 0.120053
3986.44800 0.122157
3987.13110 0.124263
3987.81299 0.12637
3988.49512 0.12848
3989.17700 0.130591
3989.86011 0.132704
3990.54297 0.134825
3991.22510 0.136887
3991.90796 0.138567
3992.59106 0.14025
3993.27393 0.141934
3993.95801 0.14362
3994.64111 0.145307
3995.32397 0.146995
3996.00806 0.148686
3996.69189 0.150378
3997.37500 0.152072
3998.06006 0.153768
3998.74292 0.155464
3999.42798 0.157163
4000.11206 0.158855
4000.79590 0.160507
4001.48096 0.161835
4002.16602 0.162854
4002.85010 0.163873
4003.53491 0.164892
4004.21997 0.165912
4004.90503 0.166932
4005.59009 0.167953
4006.27588 0.168973
4006.96094 0.169995
4007.64697 0.171016
4008.33301 0.172039
4009.01807 0.173061
4009.70410 0.174084
4010.38989 0.175107
4011.07593 0.17613
4011.76294 0.176685
4012.44897 0.177197
4013.13501 0.177709
4013.82202 0.178221
4014.50903 0.178734
4015.19604 0.179247
4015.88306 0.17976
4016.57007 0.180273
4017.25708 0.180786
4017.94409 0.1813
4018.63208 0.181814
4019.31909 0.182328
4020.00708 0.182842
4020.69507 0.183367
4021.38306 0.183795
4022.07104 0.184049
4022.75903 0.184303
4023.44702 0.184557
4024.13599 0.184812
4024.82397 0.185066
4025.51294 0.185321
4026.20190 0.185576
4026.88989 0.18583
4027.57910 0.186085
4028.26904 0.18634
4028.95801 0.186596
4029.64697 0.186851
4030.33594 0.187105
4031.02588 0.187357
4031.71606 0.187424
4032.40601 0.187454
4033.09497 0.187484
4033.78491 0.187515
4034.47607 0.187545
4035.16602 0.187575
4035.85596 0.187606
4036.54712 0.187636
4037.23804 0.187666
4037.92798 0.187697
4038.61890 0.187727
4039.31006 0.187757
4040.00098 0.187788
4040.69189 0.187818
4041.38403 0.187824
4042.07495 0.187784
4042.76709 0.187744
4043.45801 0.187705
4044.14990 0.187665
4044.84204 0.187625
4045.53394 0.187585
4046.22705 0.187545
4046.91895 0.187505
4047.61108 0.187465
4048.30396 0.187425
4048.99609 0.187385
4049.68896 0.187345
4050.38208 0.187311
4051.07495 0.187282
4051.76807 0.187261
4052.46094 0.18724
4053.15503 0.187219
4053.84790 0.187198
4054.54199 0.187178
4055.23511 0.187157
4055.92896 0.187136
4056.62305 0.187115
4057.31689 0.187095
4058.01099 0.187074
4058.70605 0.187053
4059.39990 0.187032
4060.09497 0.187009
4060.78906 0.186977
4061.48389 0.187003
4062.17896 0.187091
4062.87402 0.187178
4063.56909 0.187266
4064.26392 0.187354
4064.95996 0.187442
4065.65503 0.18753
4066.35107 0.187617
4067.04712 0.187705
4067.74194 0.187793
4068.43799 0.187881
4069.13501 0.187969
4069.83105 0.188057
4070.52710 0.188145
4071.22412 0.188244
4071.91992 0.188431
4072.61694 0.188618
4073.31396 0.188805
4074.01001 0.188992
4074.70801 0.189179
4075.40503 0.189367
4076.10205 0.189554
4076.79907 0.189742
4077.49707 0.189929
4078.19507 0.190117
4078.89209 0.190304
4079.59009 0.190492
4080.28809 0.190685
4080.98608 0.190884
4081.68506 0.191075
4082.38306 0.191262
4083.08105 0.19145
4083.78003 0.191638
4084.47900 0.191826
4085.17700 0.192014
4085.87598 0.192202
4086.57495 0.192391
4087.27490 0.192579
4087.97412 0.192768
4088.67310 0.192956
4089.37305 0.193145
4090.07300 0.193333
4090.77197 0.19351
4091.47192 0.193672
4092.17212 0.193817
4092.87305 0.193963
4093.57300 0.194108
4094.27295 0.194253
4094.97412 0.194398
4095.67407 0.194544
4096.37500 0.194689
4097.07617 0.194835
4097.77686 0.19498
4098.47803 0.195126
4099.17920 0.195272
4099.88086 0.195418
4100.58203 0.195563
4101.28418 0.195697
4101.98486 0.195774
4102.68701 0.195852
4103.38916 0.19593
4104.09082 0.196008
4104.79297 0.196086
4105.49609 0.196164
4106.19824 0.196242
4106.90088 0.19632
4107.60400 0.196398
4108.30615 0.196476
4109.00879 0.196554
4109.71191 0.196632
4110.41504 0.196717
4111.11914 0.196807
4111.82178 0.196923
4112.52490 0.197041
4113.22900 0.197159
4113.93311 0.197277
4114.63721 0.197395
4115.34082 0.197513
4116.04492 0.197631
4116.74902 0.197749
4117.45312 0.197867
4118.15820 0.197986
4118.86182 0.198104
4119.56689 0.198223
4120.27197 0.198336
4120.97705 0.198443
4121.68213 0.198569
4122.38721 0.198704
4123.09180 0.198838
4123.79785 0.198972
4124.50293 0.199106
4125.20898 0.19924
4125.91504 0.199375
4126.62109 0.199509
4127.32715 0.199643
4128.03320 0.199778
4128.73877 0.199912
4129.44580 0.200047
4130.15186 0.200182
4130.85889 0.200316
4131.56592 0.200454
4132.27197 0.200594
4132.97900 0.200734
4133.68701 0.200874
4134.39404 0.201014
4135.10205 0.201154
4135.80908 0.201294
4136.51709 0.201434
4137.22412 0.201574
4137.93213 0.201714
4138.64014 0.201855
4139.34814 0.201995
4140.05713 0.202136
4140.76514 0.202276
4141.47314 0.202409
4142.18213 0.202531
4142.89111 0.202654
4143.59912 0.202777
4144.30811 0.2029
4145.01807 0.203023
4145.72705 0.203146
4146.43604 0.203269
4147.14600 0.203392
4147.85498 0.203515
4148.56396 0.203638
4149.27393 0.203761
4149.98389 0.203884
4150.69385 0.20402
4151.40381 0.204137
4152.11523 0.204217
4152.82520 0.204298
4153.53613 0.204378
4154.24609 0.204458
4154.95703 0.204539
4155.66797 0.204619
4156.37891 0.2047
4157.08984 0.20478
4157.80078 0.204861
4158.51318 0.204941
4159.22412 0.205022
4159.93604 0.205102
4160.64697 0.205172
4161.35889 0.205251
4162.07080 0.205361
4162.78418 0.205472
4163.49609 0.205582
4164.20801 0.205692
4164.91992 0.205803
4165.63281 0.205913
4166.34619 0.206024
4167.05908 0.206135
4167.77100 0.206245
4168.48486 0.206356
4169.19824 0.206467
4169.91113 0.206578
4170.62500 0.206689
4171.33789 0.206794
4172.05176 0.206884
4172.76611 0.206973
4173.47998 0.207062
4174.19385 0.207151
4174.90820 0.20724
4175.62305 0.20733
4176.33691 0.207419
4177.05078 0.207508
4177.76611 0.207598
4178.48096 0.207687
4179.19580 0.207777
4179.91113 0.207866
4180.62598 0.207967
4181.34082 0.20807
4182.05713 0.208178
4182.77197 0.208286
4183.48779 0.208394
4184.20410 0.208502
4184.91895 0.20861
4185.63477 0.208718
4186.35205 0.208826
4187.06787 0.208934
4187.78418 0.209043
4188.50000 0.209151
4189.21680 0.209259
4189.93408 0.209368
4190.65088 0.209464
4191.36816 0.209539
4192.08496 0.209554
4192.80176 0.20957
4193.52002 0.209585
4194.23682 0.209601
4194.95508 0.209616
4195.67188 0.209632
4196.39111 0.209647
4197.10791 0.209663
4197.82715 0.209678
4198.54492 0.209693
4199.26318 0.209709
4199.98096 0.209724
4200.70020 0.20974
4201.41895 0.209733
4202.13818 0.209683
4202.85596 0.209632
4203.57617 0.209581
4204.29492 0.209531
4205.01416 0.20948
4205.73389 0.209429
4206.45312 0.209378
4207.17285 0.209327
4207.89307 0.209276
4208.61279 0.209225
4209.33301 0.209175
4210.05322 0.209123
4210.77295 0.209072
4211.49414 0.209034
4212.21387 0.209013
4212.93506 0.208992
4213.65576 0.208971
4214.37695 0.20895
4215.09814 0.208929
4215.81885 0.208908
4216.54102 0.208887
4217.26221 0.208865
4217.98291 0.208844
4218.70508 0.208823
4219.42676 0.208802
4220.14893 0.208783
4220.87109 0.208775
4221.59277 0.208806
4222.31494 0.208868
4223.03809 0.20893
4223.75977 0.208992
4224.48291 0.209054
4225.20605 0.209116
4225.92920 0.209178
4226.65088 0.209239
4227.37500 0.209302
4228.09814 0.209364
4228.82080 0.209426
4229.54492 0.209488
4230.26904 0.209543
4230.99219 0.209586
4231.71582 0.209711
4232.43994 0.209867
4233.16504 0.210023
4233.88916 0.210179
4234.61279 0.210335
4235.33691 0.210491
4236.06201 0.210648
4236.78711 0.210804
4237.51221 0.21096
4238.23682 0.211117
4238.96191 0.211273
4239.68799 0.21143
4240.41309 0.211586
4241.13818 0.211743
4241.86377 0.211901
4242.58984 0.212061
4243.31494 0.21222
4244.04199 0.212379
4244.76807 0.212539
4245.49414 0.212698
4246.22021 0.212858
4246.94678 0.213017
4247.67285 0.213177
4248.39990 0.213337
4249.12695 0.213496
4249.85400 0.213656
4250.58105 0.213826
4251.30908 0.213992
4252.03613 0.214113
4252.76318 0.214235
4253.49121 0.214357
4254.21924 0.214479
4254.94678 0.214601
4255.67383 0.214723
4256.40283 0.214845
4257.13086 0.214968
4257.85889 0.21509
4258.58789 0.215212
4259.31592 0.215334
4260.04492 0.215456
4260.77393 0.215565
4261.50293 0.215654
4262.23193 0.215716
4262.96094 0.215779
4263.69092 0.215841
4264.41992 0.215903
4265.14990 0.215966
4265.87891 0.216028
4266.60889 0.21609
4267.33887 0.216152
4268.06982 0.216215
4268.79980 0.216277
4269.52979 0.21634
4270.26123 0.216402
4270.99121 0.216464
4271.72217 0.216522
4272.45312 0.216578
4273.18408 0.216633
4273.91504 0.216689
4274.64600 0.216745
4275.37695 0.216801
4276.10889 0.216856
4276.84082 0.216912
4277.57324 0.216968
4278.30420 0.217024
4279.03613 0.21708
4279.76904 0.217136
4280.50098 0.217191
4281.23291 0.21725
4281.96582 0.217378
4282.69824 0.217506
4283.43115 0.217634
4284.16406 0.217763
4284.89697 0.217891
4285.62988 0.218019
4286.36279 0.218147
4287.09717 0.218276
4287.83008 0.218404
4288.56299 0.218533
4289.29688 0.218661
4290.03076 0.21879
4290.76514 0.218933
4291.50000 0.219088
4292.23389 0.219262
4292.96777 0.219436
4293.70312 0.21961
4294.43701 0.219784
4295.17188 0.219958
4295.90723 0.220133
4296.64209 0.220307
4297.37695 0.220482
4298.11182 0.220656
4298.84814 0.220831
4299.58301 0.221006
4300.31885 0.221175
4301.05518 0.221336
4301.79102 0.221504
4302.52588 0.221675
4303.26318 0.221845
4303.99902 0.222016
4304.73486 0.222187
4305.47217 0.222357
4306.20801 0.222528
4306.94482 0.222699
4307.68213 0.22287
4308.41895 0.223041
4309.15576 0.223212
4309.89404 0.223383
4310.63086 0.223554
4311.36914 0.223707
4312.10596 0.223791
4312.84424 0.223876
4313.58203 0.22396
4314.31982 0.224044
4315.05811 0.224129
4315.79590 0.224213
4316.53516 0.224297
4317.27295 0.224382
4318.01221 0.224466
4318.75000 0.224551
4319.49023 0.224635
4320.22900 0.22472
4320.96777 0.224804
4321.70703 0.224846
4322.44580 0.224866
4323.18604 0.224887
4323.92578 0.224907
4324.66602 0.224927
4325.40479 0.224948
4326.14600 0.224968
4326.88623 0.224988
4327.62598 0.225009
4328.36621 0.225029
4329.10693 0.225049
4329.84814 0.22507
4330.58789 0.225101
4331.33008 0.225133
4332.06982 0.225148
4332.81201 0.225163
4333.55322 0.225179
4334.29395 0.225194
4335.03613 0.225209
4335.77783 0.225224
4336.52002 0.22524
4337.26123 0.225255
4338.00293 0.22527
4338.74609 0.225285
4339.48779 0.2253
4340.22998 0.225311
4340.97314 0.225312
4341.71582 0.225342
4342.45801 0.225386
4343.20215 0.225431
4343.94482 0.225475
4344.68799 0.22552
4345.43115 0.225565
4346.17480 0.225609
4346.91797 0.225654
4347.66211 0.225698
4348.40576 0.225743
4349.14990 0.225787
4349.89404 0.225832
4350.63818 0.225877
4351.38281 0.225932
4352.12695 0.226024
4352.87207 0.226117
4353.61719 0.226211
4354.36084 0.226304
4355.10596 0.226397
4355.85205 0.22649
4356.59717 0.226583
4357.34180 0.226676
4358.08789 0.22677
4358.83301 0.226863
4359.57910 0.226956
4360.32520 0.227049
4361.07080 0.227143
4361.81689 0.227223
4362.56299 0.2273
4363.31006 0.227377
4364.05713 0.227454
4364.80322 0.22753
4365.54980 0.227607
4366.29688 0.227684
4367.04395 0.227761
4367.79102 0.227838
4368.53906 0.227915
4369.28613 0.227992
4370.03418 0.22807
4370.78076 0.228162
4371.52881 0.228226
4372.27686 0.22825
4373.02490 0.228274
4373.77295 0.228298
4374.52100 0.228321
4375.27002 0.228345
4376.01904 0.228369
4376.76709 0.228393
4377.51611 0.228417
4378.26514 0.228441
4379.01416 0.228464
4379.76318 0.228488
4380.51318 0.228502
4381.26221 0.228508
4382.01221 0.228437
4382.76221 0.228365
4383.51123 0.228294
4384.26123 0.228222
4385.01221 0.228151
4385.76221 0.228079
4386.51221 0.228008
4387.26318 0.227936
4388.01318 0.227865
4388.76416 0.227793
4389.51514 0.227721
4390.26611 0.22765
4391.01709 0.227578
4391.76904 0.227476
4392.52002 0.227361
4393.27100 0.227247
4394.02295 0.227132
4394.77490 0.227017
4395.52686 0.226903
4396.27881 0.226788
4397.03076 0.226673
4397.78320 0.226558
4398.53613 0.226443
4399.28906 0.226328
4400.04102 0.226213
4400.79395 0.226098
4401.54688 0.226017
4402.29980 0.225985
4403.05322 0.225952
4403.80713 0.225919
4404.56006 0.225887
4405.31299 0.225854
4406.06689 0.225822
4406.82080 0.225789
4407.57520 0.225756
4408.32910 0.225723
4409.08301 0.225691
4409.83789 0.225658
4410.59180 0.225625
4411.34717 0.225602
4412.10205 0.225636
4412.85596 0.22567
4413.61084 0.225705
4414.36719 0.225739
4415.12207 0.225773
