threeML/data/optical_filters/HST/WFC3_UVIS1-F225W.ecsv
# %ECSV 0.9
# ---
# datatype:
# - {name: wavelength, unit: Angstrom, datatype: float32}
# - {name: response, datatype: float32}
# meta: !!omap
# - {band_name: F225W}
# - {group_name: WFC3_UVIS1}
wavelength response
[from data line 2412]
3006.02588 0.000677
3006.54004 0.000671
3007.05396 0.000665
3007.56909 0.00066
3008.08398 0.000654
3008.59790 0.000648
3009.11304 0.000642
3009.62793 0.000637
3010.14307 0.000631
3010.65796 0.000625
3011.17310 0.000622
3011.68799 0.000621
3012.20288 0.00062
3012.71899 0.000618
3013.23389 0.000617
3013.75000 0.000616
3014.26489 0.000615
3014.78101 0.000614
3015.29712 0.000613
3015.81299 0.000611
3016.32910 0.00061
3016.84497 0.000609
3017.36108 0.000608
3017.87695 0.000607
3018.39404 0.000605
3018.90991 0.000604
3019.42700 0.000603
3019.94312 0.000602
3020.45996 0.000601
3020.97705 0.0006
3021.49390 0.0006
3022.01001 0.0006
3022.52808 0.0006
3023.04492 0.0006
3023.56201 0.0006
3024.07910 0.0006
3024.59692 0.0006
3025.11401 0.0006
3025.63208 0.0006
3026.14893 0.0006
3026.66699 0.0006
3027.18506 0.0006
3027.70288 0.0006
3028.22095 0.0006
3028.73901 0.0006
3029.25708 0.0006
3029.77588 0.0006
3030.29395 0.000601
3030.81201 0.000601
3031.33105 0.000597
3031.85010 0.000592
3032.36792 0.000588
3032.88696 0.000583
3033.40601 0.000579
3033.92505 0.000574
3034.44409 0.00057
3034.96289 0.000566
3035.48291 0.000561
3036.00195 0.000557
3036.52100 0.000552
3037.04102 0.000548
3037.56104 0.000543
3038.08008 0.000539
3038.60010 0.000534
3039.12012 0.00053
3039.63989 0.000525
3040.15991 0.000521
3040.67993 0.000517
3041.19995 0.000511
3041.72095 0.000506
3042.24097 0.0005
3042.76196 0.000495
3043.28198 0.000489
3043.80298 0.000484
3044.32397 0.000478
3044.84497 0.000472
3045.36597 0.000467
3045.88696 0.000461
3046.40796 0.000456
3046.92896 0.00045
3047.44995 0.000445
3047.97192 0.000439
3048.49292 0.000433
3049.01489 0.000428
3049.53589 0.000422
3050.05811 0.000417
3050.58008 0.000411
3051.10205 0.000408
3051.62402 0.000407
3052.14600 0.000407
3052.66797 0.000406
3053.19092 0.000406
3053.71289 0.000406
3054.23608 0.000405
3054.75806 0.000405
3055.28101 0.000404
3055.80298 0.000404
3056.32593 0.000404
3056.84912 0.000403
3057.37207 0.000403
3057.89502 0.000402
3058.41797 0.000402
3058.94189 0.000402
3059.46509 0.000401
3059.98901 0.000401
3060.51196 0.0004
3061.03589 0.0004
3061.56006 0.000401
3062.08301 0.000401
3062.60693 0.000402
3063.13110 0.000402
3063.65503 0.000403
3064.17896 0.000404
3064.70410 0.000404
3065.22803 0.000405
3065.75293 0.000405
3066.27710 0.000406
3066.80200 0.000406
3067.32593 0.000407
3067.85107 0.000407
3068.37598 0.000408
3068.90088 0.000408
3069.42603 0.000409
3069.95093 0.000409
3070.47705 0.00041
3071.00195 0.00041
3071.52710 0.000405
3072.05298 0.000401
3379.25830 0.0
