threeML/data/optical_filters/HST/WFC3_UVIS1-F953N.ecsv
# %ECSV 0.9
# ---
# datatype:
# - {name: wavelength, unit: Angstrom, datatype: float32}
# - {name: response, datatype: float32}
# meta: !!omap
# - {band_name: F953N}
# - {group_name: WFC3_UVIS1}
wavelength response
8370.62012 0.0
9300.68945 0.000415
9302.28027 0.000431
9303.87207 0.000447
9305.46387 0.000463
9307.05566 0.00048
9308.64844 0.000496
9310.24121 0.000512
9311.83398 0.000528
9313.42676 0.000543
9315.02148 0.000559
9316.61426 0.000575
9318.20801 0.00059
9319.80273 0.000606
9321.39746 0.000622
9322.99219 0.000637
9324.58691 0.000652
9326.18262 0.000668
9327.77832 0.000683
9329.37402 0.000698
9330.97070 0.000713
9332.56738 0.000729
9334.16406 0.000744
9335.76074 0.000759
9337.35840 0.000774
9338.95605 0.000788
9340.55371 0.000803
9342.15137 0.000818
9343.75000 0.000833
9345.34863 0.000847
9346.94727 0.000862
9348.54688 0.000877
9350.14648 0.000891
9351.74609 0.000905
9353.34570 0.00092
9354.94629 0.000934
9356.54688 0.000948
9358.14746 0.000962
9359.74902 0.000977
9361.35059 0.000991
9362.95215 0.001005
9364.55371 0.001019
9366.15625 0.001032
9367.75879 0.001046
9369.36133 0.00106
9370.96484 0.001074
9372.56738 0.001087
9374.17188 0.001101
9375.77539 0.001114
9377.37988 0.001128
9378.98340 0.001141
9380.58887 0.001155
9382.19336 0.001168
9383.79883 0.001181
9385.40430 0.001194
9387.00977 0.001207
9388.61621 0.00122
9390.22266 0.001233
9391.82910 0.001246
9393.43555 0.001259
9395.04297 0.001272
9396.65039 0.001284
9398.25781 0.001297
9399.86621 0.001309
9401.47461 0.001322
9403.08301 0.001334
9404.69141 0.001346
9406.30078 0.001358
9407.91016 0.00137
9409.51953 0.001382
9411.12988 0.001394
9412.74023 0.001406
9414.35059 0.001418
9415.96094 0.001429
9417.57227 0.001441
9419.18359 0.001452
9420.79492 0.001464
9422.40723 0.001475
9424.01953 0.001487
9425.63184 0.001498
9427.24414 0.001509
9428.85742 0.00152
9430.47070 0.001531
9432.08398 0.001542
9433.69727 0.001554
9435.31152 0.001565
9436.92578 0.001576
9438.54102 0.001586
9440.15527 0.001597
9441.77148 0.001608
9443.38574 0.001619
9445.00195 0.001629
9446.61816 0.00164
9448.23438 0.00165
9449.85059 0.001661
9451.46777 0.001671
9453.08496 0.001681
9454.70215 0.001692
9456.31934 0.001702
9457.93848 0.001712
9459.55566 0.001722
9461.17383 0.001732
9462.79297 0.001741
9464.41211 0.001751
9466.03125 0.001761
9467.65137 0.001771
9469.27148 0.00178
9470.89062 0.001992
9472.51172 0.001903
9474.13184 0.002554
9475.75293 0.003735
9477.37402 0.004216
9478.99609 0.007184
9480.61719 0.010341
9482.23926 0.016082
9483.86230 0.022934
9485.48438 0.031543
9487.10742 0.040751
9488.73047 0.047944
9490.35352 0.053054
9491.97754 0.05702
9493.60156 0.05848
9495.22656 0.059357
9496.85059 0.058589
9498.47559 0.059017
9500.10059 0.058519
9501.72656 0.058089
9503.35156 0.057625
9504.97754 0.057233
9506.60352 0.056285
9508.23047 0.056071
9509.85742 0.056384
9511.48438 0.056955
9513.11230 0.056037
9514.73926 0.056627
9516.36719 0.05631
9517.99609 0.056906
9519.62402 0.056107
9521.25293 0.057435
9522.88184 0.056568
9524.51172 0.056762
9526.14062 0.056393
9527.77148 0.057331
9529.40137 0.055603
9531.03125 0.056157
9532.66211 0.055773
9534.29297 0.055744
9535.92480 0.055642
9537.55566 0.055715
9539.18848 0.055506
9540.81934 0.05496
9542.45215 0.055261
9544.08496 0.054269
9545.71777 0.055046
9547.35059 0.053834
9548.98438 0.054632
9550.61816 0.054861
9552.25195 0.054656
9553.88672 0.054322
9555.52148 0.054212
9557.15625 0.053926
9558.79102 0.052954
9560.42676 0.053222
9562.06152 0.051778
9563.69824 0.052168
9565.33496 0.051366
9566.97168 0.051148
9568.60840 0.050489
9570.24512 0.050215
9571.88281 0.051156
9573.52148 0.051005
9575.15820 0.049526
9576.79688 0.045034
9578.43555 0.039306
9580.07422 0.031816
9581.71289 0.021828
9583.35254 0.016379
9584.99219 0.010853
9586.63184 0.005434
9588.27246 0.003801
9589.91309 0.002287
9591.55371 0.001603
9593.19434 0.001615
9594.83594 0.00182
9596.47754 0.001802
9598.12012 0.001784
9599.76172 0.001767
9601.40430 0.001749
9603.04688 0.001732
9604.69043 0.001715
9606.33301 0.001697
9607.97656 0.00168
9609.62109 0.001663
9611.26465 0.001646
9612.90918 0.001628
9614.55371 0.00161
9616.19922 0.001593
9617.84473 0.001575
9619.49023 0.001558
9621.13574 0.001541
9622.78223 0.001524
9624.42871 0.001507
9626.07520 0.00149
9627.72168 0.001473
9629.36914 0.001456
9631.01660 0.001439
9632.66504 0.001423
9634.31152 0.001406
9635.96094 0.001389
9637.60938 0.001373
9639.25879 0.001356
9640.90820 0.00134
9642.55762 0.001323
9644.20703 0.001307
9645.85742 0.001291
9647.50781 0.001274
9649.15820 0.001258
9650.80957 0.001242
9652.45996 0.001226
9654.11230 0.00121
9655.76367 0.001194
9657.41602 0.001178
9659.06836 0.001162
9660.72070 0.001146
9662.37402 0.00113
9664.02637 0.001115
9665.68066 0.001099
9667.33398 0.001083
9668.98828 0.001068
9670.64258 0.001052
9672.29688 0.001037
9673.95215 0.001022
9675.60645 0.001006
9677.26270 0.000991
9678.91797 0.000976
9680.57422 0.00096
9682.23047 0.000945
9683.88672 0.00093
9685.54395 0.000915
9687.20117 0.0009
9688.85840 0.000885
9690.51660 0.00087
9692.17383 0.000856
9693.83203 0.000841
9695.49121 0.000826
9697.14941 0.000812
9698.80859 0.000797
9700.46875 0.000782
9702.12793 0.000768
9703.78809 0.000754
9705.44824 0.000739
9707.10840 0.000725
9708.76953 0.000711
9710.43066 0.000696
9712.09180 0.000682
9713.75391 0.000668
9715.41602 0.000654
9717.07812 0.00064
9718.74023 0.000626
9720.40332 0.000612
9722.06641 0.000599
9723.72852 0.000585
9725.39355 0.000571
9727.05762 0.000558
9728.72168 0.000544
9730.38672 0.000531
9732.05078 0.000517
9733.71582 0.000504
9735.38184 0.00049
9737.04688 0.000477
9738.71289 0.000464
9740.37988 0.000451
9742.04590 0.000438
9743.71289 0.000424
9745.37988 0.000411
10719.91797 0.0
