threeML/data/optical_filters/HST/WFC3_UVIS1-F275W.ecsv
# %ECSV 0.9
# ---
# datatype:
# - {name: wavelength, unit: Angstrom, datatype: float32}
# - {name: response, datatype: float32}
# meta: !!omap
# - {band_name: F275W}
# - {group_name: WFC3_UVIS1}
wavelength response
[from data line 805]
2561.96509 0.113836
2562.40210 0.114016
2562.83911 0.114197
2563.27588 0.114377
2563.71289 0.114557
2564.15088 0.114737
2564.58789 0.114917
2565.02490 0.115097
2565.46289 0.115277
2565.89990 0.115457
2566.33789 0.115637
2566.77588 0.115816
2567.21411 0.115996
2567.65210 0.116175
2568.08911 0.116355
2568.52710 0.116534
2568.96606 0.116713
2569.40405 0.116892
2569.84204 0.117071
2570.28003 0.11725
2570.71899 0.117429
2571.15698 0.117538
2571.59595 0.117637
2572.03394 0.117736
2572.47290 0.117836
2572.91211 0.117935
2573.35107 0.118034
2573.79004 0.118133
2574.22900 0.118232
2574.66699 0.118331
2575.10693 0.11843
2575.54590 0.118529
2575.98511 0.118628
2576.42505 0.118726
2576.86401 0.118825
2577.30298 0.118924
2577.74292 0.119022
2578.18311 0.119121
2578.62207 0.119219
2579.06201 0.119317
2579.50195 0.119416
2579.94189 0.119514
2580.38208 0.119608
2580.82202 0.119694
2581.26196 0.119723
2581.70288 0.119752
2582.14307 0.119781
2582.58301 0.119809
2583.02393 0.119838
2583.46411 0.119867
2583.90503 0.119896
2584.34595 0.119924
2584.78711 0.119953
2585.22803 0.119982
2585.66797 0.12001
2586.10889 0.120039
2586.55103 0.120067
2586.99194 0.120095
2587.43311 0.120124
2587.87402 0.120152
2588.31592 0.12018
2588.75708 0.120209
2589.19897 0.120237
2589.63989 0.120265
2590.08203 0.120294
2590.52393 0.120327
2590.96606 0.120342
2591.40698 0.120334
2591.84912 0.120326
2592.29199 0.120318
2592.73389 0.12031
2593.17603 0.120302
2593.61792 0.120294
2594.06104 0.120286
2594.50293 0.120277
2594.94604 0.120269
2595.38794 0.120261
2595.83105 0.120253
2596.27295 0.120245
2596.71606 0.120236
2597.15894 0.120228
2597.60205 0.12022
2598.04492 0.120211
2598.48804 0.120203
2598.93188 0.120194
2599.37500 0.120186
2599.81812 0.120178
2600.26196 0.120154
2600.70508 0.12012
2601.14893 0.120064
2601.59204 0.120004
2602.03589 0.119944
2602.47998 0.119884
2602.92407 0.119823
2603.36792 0.119763
2603.81201 0.119703
2604.25610 0.119643
2604.69995 0.119582
2605.14404 0.119522
2605.58911 0.119462
2606.03296 0.119401
2606.47803 0.119341
2606.92212 0.119281
2607.36694 0.11922
2607.81201 0.11916
2608.25610 0.119099
2608.70093 0.119039
2609.14600 0.118979
2609.59106 0.118918
2610.03589 0.118857
2610.48096 0.118792
2610.92700 0.118717
2611.37207 0.118622
2611.81689 0.118527
2612.26294 0.118431
2612.70801 0.118336
2613.15405 0.118241
2613.60010 0.118147
2614.04492 0.118052
2614.49097 0.117957
2614.93701 0.117862
2615.38306 0.117767
2615.82910 0.117672
2616.27490 0.117577
2616.72192 0.117482
2617.16797 0.117387
2617.61401 0.117292
2618.06104 0.117197
2618.50708 0.117102
2618.95410 0.117008
2619.40088 0.116913
2619.84692 0.116818
2620.29395 0.116726
2620.74097 0.116636
2621.18799 0.116516
2621.63501 0.116392
2622.08301 0.116269
2622.53003 0.116145
2622.97705 0.116022
2623.42407 0.115898
2623.87207 0.115775
2624.31909 0.115652
2624.76709 0.115528
2625.21509 0.115405
2625.66211 0.115282
2626.11011 0.115158
2626.55811 0.115035
2627.00610 0.114912
2627.45410 0.114789
2627.90210 0.114666
2628.35107 0.114543
2628.79907 0.114419
2629.24707 0.114297
2629.69604 0.114174
2630.14404 0.114051
2630.59302 0.113931
2631.04199 0.113793
2631.48999 0.113642
2631.93896 0.113491
2632.38794 0.11334
2632.83691 0.113189
2633.28589 0.113038
2633.73511 0.112887
2634.18408 0.112737
2634.63403 0.112586
2635.08301 0.112435
2635.53198 0.112285
2635.98193 0.112134
2636.43091 0.111984
2636.88110 0.111833
2637.33105 0.111683
2637.78101 0.111533
2638.23096 0.111382
2638.68091 0.111232
2639.13110 0.111082
2639.58105 0.110932
2640.03101 0.110782
2640.48096 0.110627
2640.93188 0.11047
2641.38208 0.110305
2641.83301 0.110141
2642.28296 0.109977
2642.73389 0.109813
2643.18506 0.109649
2643.63501 0.109485
2644.08594 0.109321
2644.53711 0.109157
2644.98804 0.108993
2645.43896 0.108829
2645.89111 0.108666
2646.34204 0.108502
2646.79297 0.108339
2647.24512 0.108175
2647.69604 0.108012
2648.14795 0.107849
2648.60010 0.107686
2649.05103 0.107523
2649.50293 0.10736
2649.95508 0.107197
2650.40698 0.107038
2650.85889 0.106882
2651.31104 0.106733
2651.76294 0.106585
2652.21606 0.106437
2652.66797 0.106289
2653.12012 0.106141
2653.57300 0.105993
2654.02588 0.105845
2654.47803 0.105697
2654.93091 0.10555
2655.38403 0.105402
2655.83691 0.105254
2656.29004 0.105107
2656.74292 0.104959
2657.19604 0.104812
2657.64893 0.104664
2658.10205 0.104517
2658.55591 0.10437
2659.00903 0.104223
2659.46289 0.104076
2659.91602 0.103928
2660.37012 0.103781
2660.82397 0.103636
2661.27808 0.103511
2661.73096 0.103386
2662.18604 0.103262
2662.63989 0.103137
2663.09399 0.103012
2663.54810 0.102888
2664.00195 0.102763
2664.45703 0.102638
2664.91089 0.102514
2665.36499 0.102389
2665.82007 0.102265
2666.27490 0.10214
2666.72998 0.102016
2667.18506 0.101892
2667.63892 0.101767
2668.09399 0.101643
2668.55005 0.101519
2669.00488 0.101395
2669.45996 0.101271
2669.91504 0.101147
2670.37109 0.101019
2670.82593 0.100893
2671.28101 0.100791
2671.73706 0.10069
2672.19312 0.100588
2672.64893 0.100487
2673.10400 0.100385
2673.56006 0.100284
2674.01611 0.100182
2674.47192 0.100081
2674.92896 0.09998
2675.38501 0.099878
2675.84106 0.099777
2676.29810 0.099676
2676.75391 0.099574
2677.20996 0.099473
2677.66699 0.099372
2678.12402 0.099271
2678.58105 0.099169
2679.03809 0.099068
2679.49390 0.098967
2679.95093 0.098866
2680.40894 0.098768
2680.86597 0.098673
2681.32300 0.098589
2681.78003 0.098504
2682.23804 0.098419
2682.69507 0.098335
2683.15308 0.09825
2683.61011 0.098165
2684.06812 0.09808
2684.52588 0.097996
2684.98389 0.097911
2685.44189 0.097826
2685.89990 0.097742
2686.35791 0.097657
2686.81592 0.097572
2687.27393 0.097488
2687.73291 0.097403
2688.19092 0.097318
2688.64990 0.097234
2689.10791 0.097149
2689.56689 0.097064
2690.02588 0.09698
2690.48389 0.096895
2690.94312 0.096808
2691.40210 0.096716
2691.86108 0.096624
2692.32007 0.096531
2692.78003 0.096439
2693.23901 0.096347
2693.69800 0.096255
2694.15796 0.096162
2694.61694 0.09607
2695.07690 0.095978
2695.53589 0.095886
2695.99609 0.095794
2696.45605 0.095702
2696.91602 0.095609
2697.37598 0.095517
2697.83594 0.095425
2698.29590 0.095333
2698.75610 0.095241
2699.21704 0.095149
2699.67700 0.095057
2700.13696 0.09498
2700.59790 0.094938
2701.05908 0.094883
2701.51904 0.094818
2701.97998 0.094754
2702.44092 0.094689
2702.90210 0.094625
2703.36304 0.09456
2703.82397 0.094496
2704.28491 0.094431
2704.74609 0.094367
2705.20801 0.094302
2705.66895 0.094238
2706.13110 0.094173
2706.59204 0.094108
2707.05396 0.094044
2707.51611 0.093979
2707.97705 0.093915
2708.43896 0.09385
2708.90088 0.093785
2709.36304 0.093721
2709.82495 0.093656
2710.28809 0.093594
2710.75000 0.093533
2711.21191 0.093456
2711.67505 0.093376
2712.13696 0.093296
2712.60010 0.093216
2713.06201 0.093136
2713.52490 0.093056
2713.98804 0.092977
2714.45093 0.092897
2714.91406 0.092817
2715.37695 0.092737
2715.84009 0.092657
2716.30298 0.092577
2716.76611 0.092497
2717.22998 0.092417
2717.69312 0.092337
2718.15698 0.092257
2718.62012 0.092177
2719.08398 0.092097
2719.54810 0.092017
2720.01196 0.091937
2720.47607 0.091857
2720.93994 0.091774
2721.40405 0.091685
2721.86792 0.091596
2722.33203 0.091506
2722.79590 0.091417
2723.26099 0.091328
2723.72510 0.091238
2724.18994 0.091149
2724.65503 0.09106
2725.11890 0.09097
2725.58398 0.090881
2726.04907 0.090792
2726.51392 0.090702
2726.97900 0.090613
2727.44409 0.090523
2727.90894 0.090434
2728.37500 0.090344
2728.84009 0.090255
2729.30493 0.090165
2729.77100 0.090076
2730.23608 0.089984
2730.70190 0.089891
2731.16797 0.0898
2731.63403 0.089709
2732.10010 0.089618
2732.56494 0.089527
2733.03101 0.089436
2733.49805 0.089345
2733.96411 0.089254
2734.42993 0.089163
2734.89697 0.089072
2735.36304 0.088982
2735.83008 0.088891
2736.29590 0.0888
2736.76294 0.088709
2737.22998 0.088618
2737.69702 0.088527
2738.16406 0.088436
2738.63110 0.088345
2739.09790 0.088254
2739.56494 0.088163
2740.03198 0.088072
2740.50000 0.087985
2740.96704 0.087903
2741.43408 0.08783
2741.90210 0.087757
2742.37012 0.087684
2742.83691 0.087611
2743.30493 0.087538
2743.77295 0.087465
2744.24097 0.087392
2744.70898 0.087319
2745.17700 0.087246
2745.64600 0.087173
2746.11401 0.0871
2746.58203 0.087027
2747.05103 0.086954
2747.51904 0.086881
2747.98804 0.086808
2748.45703 0.086735
2748.92505 0.086662
2749.39404 0.086589
2749.86304 0.086516
2750.33203 0.08644
2750.80103 0.086363
2751.27100 0.0863
2751.73999 0.086236
2752.20898 0.086173
2752.67798 0.08611
2753.14795 0.086046
2753.61694 0.085983
2754.08691 0.085919
2754.55688 0.085856
2755.02710 0.085793
2755.49707 0.085729
2755.96704 0.085666
2756.43701 0.085602
2756.90698 0.085539
2757.37695 0.085476
2757.84692 0.085412
2758.31812 0.085349
2758.78809 0.085285
2759.25903 0.085222
2759.72900 0.085158
2760.19995 0.085097
2760.67090 0.085037
2761.14209 0.084977
2761.61304 0.084917
2762.08301 0.084858
2762.55493 0.084798
2763.02588 0.084738
2763.49707 0.084678
2763.96899 0.084619
2764.43994 0.084559
2764.91089 0.084499
2765.38306 0.084439
2765.85498 0.08438
2766.32593 0.08432
2766.79810 0.08426
2767.27002 0.0842
2767.74194 0.08414
2768.21411 0.084081
2768.68604 0.084021
2769.15894 0.083961
2769.63110 0.083901
2770.10303 0.083841
2770.57593 0.083781
2771.04810 0.083715
2771.52100 0.083641
2771.99390 0.083568
2772.46606 0.083495
2772.93896 0.083421
2773.41211 0.083348
2773.88501 0.083274
2774.35791 0.083201
2774.83203 0.083127
2775.30493 0.083054
2775.77808 0.08298
2776.25195 0.082907
2776.72510 0.082833
2777.19897 0.08276
2777.67212 0.082686
2778.14600 0.082613
2778.62012 0.082539
2779.09399 0.082465
2779.56812 0.082392
2780.04199 0.082318
2780.51611 0.082241
2780.98999 0.082156
2781.46509 0.08206
2781.93896 0.081963
2782.41406 0.081866
2782.88794 0.08177
2783.36304 0.081673
2783.83789 0.081576
2784.31201 0.08148
2784.78711 0.081383
2785.26196 0.081286
2785.73706 0.081189
2786.21289 0.081093
2786.68799 0.080996
2787.16309 0.080899
2787.63794 0.080802
2788.11401 0.080706
2788.58911 0.080609
2789.06494 0.080512
2789.54102 0.080415
2790.01709 0.080319
2790.49194 0.080225
2790.96802 0.080125
2791.44409 0.080008
2791.91992 0.079892
2792.39697 0.079775
2792.87305 0.079659
2793.34912 0.079542
2793.82593 0.079425
2794.30200 0.079309
2794.77905 0.079192
2795.25610 0.079075
2795.73193 0.078959
2796.20898 0.078842
2796.68604 0.078725
2797.16309 0.078609
2797.63989 0.078492
2798.11694 0.078375
2798.59399 0.078258
2799.07202 0.078141
2799.54907 0.078025
2800.02710 0.077909
2800.50391 0.077811
2800.98193 0.077708
2801.45996 0.077597
2801.93701 0.077485
2802.41602 0.077374
2802.89404 0.077262
2803.37207 0.077151
2803.85010 0.077039
2804.32788 0.076927
2804.80591 0.076815
2805.28491 0.076703
2805.76294 0.076591
2806.24194 0.076479
2806.71997 0.076367
2807.19897 0.076254
2807.67798 0.076142
2808.15698 0.076029
2808.63599 0.075917
2809.11499 0.075804
2809.59399 0.075692
2810.07300 0.075578
2810.55200 0.075462
2811.03198 0.075348
2811.51099 0.075234
2811.99097 0.075121
2812.46997 0.075008
2812.94995 0.074894
2813.42993 0.074781
2813.90991 0.074667
2814.38989 0.074554
2814.87012 0.07444
2815.35010 0.074327
2815.83008 0.074213
2816.31006 0.074099
2816.79102 0.073985
2817.27100 0.073871
2817.75098 0.073757
2818.23193 0.073643
2818.71289 0.073529
2819.19312 0.073415
2819.67407 0.0733
2820.15503 0.073187
2820.63599 0.073076
2821.11694 0.072975
2821.59790 0.07288
2822.08008 0.072785
2822.56104 0.072691
2823.04199 0.072596
2823.52393 0.072501
2824.00610 0.072406
2824.48706 0.072311
2824.96899 0.072216
2825.45093 0.072121
2825.93311 0.072026
2826.41504 0.071931
2826.89697 0.071836
2827.37891 0.07174
2827.86108 0.071645
2828.34399 0.07155
2828.82593 0.071454
2829.30811 0.071359
2829.79102 0.071263
2830.27393 0.071163
2830.75610 0.071061
2831.23901 0.070981
2831.72192 0.070906
2832.20508 0.070831
2832.68799 0.070756
2833.17090 0.07068
2833.65503 0.070605
2834.13794 0.07053
2834.62109 0.070454
2835.10498 0.070379
2835.58789 0.070303
2836.07202 0.070228
2836.55591 0.070152
2837.03906 0.070076
2837.52295 0.070001
2838.00708 0.069925
2838.49097 0.069849
2838.97510 0.069774
2839.45996 0.069698
2839.94409 0.069622
2840.42798 0.069549
2840.91309 0.06948
2841.39697 0.069436
2841.88208 0.069392
2842.36694 0.069347
2842.85205 0.069303
2843.33594 0.069259
2843.82104 0.069214
2844.30591 0.06917
2844.79199 0.069125
2845.27710 0.069081
2845.76196 0.069036
2846.24707 0.068992
2846.73291 0.068947
2847.21802 0.068902
2847.70410 0.068858
2848.18994 0.068813
2848.67603 0.068768
2849.16089 0.068724
2849.64697 0.068679
2850.13306 0.068634
2850.61890 0.068589
2851.10596 0.068554
2851.59204 0.068527
2852.07788 0.068499
2852.56494 0.068472
2853.05103 0.068444
2853.53809 0.068416
2854.02490 0.068389
2854.51099 0.068361
2854.99805 0.068334
2855.48511 0.068306
2855.97192 0.068278
2856.45898 0.06825
2856.94702 0.068223
2857.43408 0.068195
2857.92090 0.068167
2858.40894 0.06814
2858.89600 0.068112
2859.38403 0.068084
2859.87207 0.068056
2860.35889 0.068026
2860.84692 0.067995
2861.33496 0.067969
2861.82300 0.067944
2862.31104 0.067918
2862.79907 0.067892
2863.28809 0.067866
2863.77588 0.06784
2864.26392 0.067814
2864.75293 0.067788
2865.24194 0.067762
2865.72998 0.067736
2866.21899 0.06771
2866.70801 0.067684
2867.19702 0.067658
2867.68604 0.067632
2868.17505 0.067606
2868.66406 0.06758
2869.15405 0.067554
2869.64307 0.067528
2870.13208 0.067503
2870.62207 0.067479
2871.11206 0.067451
2871.60107 0.067419
2872.09106 0.067387
2872.58105 0.067354
2873.07104 0.067322
2873.56104 0.067289
2874.05103 0.067257
2874.54102 0.067224
2875.03101 0.067192
2875.52197 0.067159
2876.01196 0.067127
2876.50293 0.067094
2876.99292 0.067062
2877.48389 0.067029
2877.97510 0.066997
2878.46606 0.066964
2878.95703 0.066931
2879.44800 0.066899
2879.93896 0.066866
2880.42993 0.066831
2880.92090 0.066792
2881.41309 0.066736
2881.90405 0.06668
2882.39600 0.066624
2882.88696 0.066568
2883.37891 0.066512
2883.87109 0.066456
2884.36304 0.0664
2884.85498 0.066344
2885.34692 0.066288
2885.83911 0.066232
2886.33105 0.066176
2886.82300 0.06612
2887.31592 0.066064
2887.80811 0.066008
2888.30103 0.065951
2888.79297 0.065895
2889.28589 0.065839
2889.77905 0.065782
2890.27197 0.065728
2890.76489 0.065674
2891.25806 0.065605
2891.75098 0.065532
2892.24390 0.065459
2892.73804 0.065386
2893.23096 0.065313
2893.72412 0.06524
2894.21802 0.065167
2894.71094 0.065094
2895.20508 0.06502
2895.69897 0.064947
2896.19312 0.064874
2896.68701 0.0648
2897.18091 0.064727
2897.67505 0.064654
2898.16895 0.06458
2898.66406 0.064507
2899.15796 0.064433
2899.65308 0.06436
2900.14697 0.06429
2900.64209 0.064229
2901.13599 0.06416
2901.63110 0.064085
2902.12598 0.06401
2902.62109 0.063935
2903.11597 0.063859
2903.61108 0.063784
2904.10693 0.063708
2904.60205 0.063632
2905.09692 0.063557
2905.59302 0.063481
2906.08789 0.063405
2906.58398 0.063329
2907.08008 0.063253
2907.57593 0.063177
2908.07202 0.063101
2908.56812 0.063024
2909.06396 0.062948
2909.56006 0.062871
2910.05591 0.062794
2910.55200 0.062715
2911.04907 0.062635
2911.54492 0.062556
2912.04199 0.062476
2912.53906 0.062396
2913.03491 0.062317
2913.53198 0.062237
2914.02905 0.062157
2914.52588 0.062077
2915.02295 0.061997
2915.52100 0.061917
2916.01807 0.061836
2916.51489 0.061756
2917.01294 0.061676
2917.51001 0.061595
2918.00806 0.061515
2918.50488 0.061434
2919.00293 0.061353
2919.50098 0.061272
2919.99902 0.061191
2920.49707 0.061113
2920.99512 0.061037
2921.49292 0.060966
2921.99194 0.060896
2922.48999 0.060825
2922.98901 0.060754
2923.48706 0.060683
2923.98608 0.060612
2924.48389 0.060541
2924.98291 0.06047
2925.48193 0.060399
2925.98096 0.060328
2926.47998 0.060256
2926.97900 0.060185
2927.47900 0.060113
2927.97803 0.060042
2928.47705 0.05997
2928.97705 0.059898
2929.47607 0.059826
2929.97607 0.059754
2930.47607 0.05968
2930.97607 0.059607
2931.47510 0.059542
2931.97510 0.059476
2932.47607 0.05941
2932.97607 0.059344
2933.47607 0.059278
2933.97607 0.059212
2934.47705 0.059146
2934.97705 0.05908
2935.47803 0.059014
2935.97900 0.058947
2936.47900 0.058881
2936.97998 0.058815
2937.48096 0.058748
