threeML/data/optical_filters/HST/WFC3_UVIS2-F657N.ecsv
# %ECSV 0.9
# ---
# datatype:
# - {name: wavelength, unit: Angstrom, datatype: float32}
# - {name: response, datatype: float32}
# meta: !!omap
# - {band_name: F657N}
# - {group_name: WFC3_UVIS2}
wavelength response
5813.34814 0.0
6459.27588 0.000412
6460.38086 0.000456
6461.48584 0.000512
6462.59180 0.00057
6463.69678 0.000641
6464.80322 0.00071
6465.91016 0.000796
6467.01611 0.000892
6468.12207 0.001009
6469.22900 0.001144
6470.33594 0.001299
6471.44287 0.001472
6472.54980 0.001674
6473.65723 0.001905
6474.76514 0.002161
6475.87305 0.002484
6476.98096 0.002862
6478.08887 0.003262
6479.19678 0.003737
6480.30615 0.004304
6481.41504 0.00502
6482.52295 0.005884
6483.63281 0.006883
6484.74219 0.008057
6485.85205 0.009526
6486.96094 0.01122
6488.07080 0.013306
6489.18115 0.015784
6490.29199 0.018805
6491.40186 0.022361
6492.51318 0.026402
6493.62402 0.031407
6494.73389 0.038016
6495.84619 0.046152
6496.95703 0.055754
6498.06885 0.067032
6499.18018 0.080435
6500.29199 0.095576
6501.40479 0.111919
6502.51709 0.129688
6503.62891 0.147865
6504.74219 0.165934
6505.85498 0.181919
6506.96777 0.196741
6508.08203 0.209298
6509.19482 0.219182
6510.30908 0.225308
6511.42188 0.228147
6512.53711 0.229001
6513.65088 0.227845
6514.76514 0.225696
6515.87988 0.223188
6516.99512 0.220173
6518.10986 0.217443
6519.22510 0.215189
6520.33984 0.212745
6521.45605 0.210884
6522.57178 0.209181
6523.68799 0.208262
6524.80420 0.207757
6525.91992 0.207783
6527.03711 0.20817
6528.15381 0.209064
6529.27100 0.210092
6530.38818 0.211553
6531.50488 0.213227
6532.62305 0.214687
6533.74023 0.217092
6534.85791 0.219377
6535.97607 0.222113
6537.09424 0.224513
6538.21289 0.226907
6539.33203 0.229567
6540.45020 0.231954
6541.56885 0.234458
6542.68799 0.236453
6543.80811 0.238551
6544.92822 0.240572
6546.04688 0.242254
6547.16699 0.243983
6548.28809 0.245344
6549.40820 0.246576
6550.52881 0.247809
6551.64893 0.248548
6552.77100 0.249292
6553.89209 0.249712
6555.01318 0.2502
6556.13379 0.25031
6557.25586 0.250119
6558.37793 0.249967
6559.50000 0.249752
6560.62305 0.249421
6561.74512 0.248967
6562.86816 0.248167
6563.99023 0.247635
6565.11279 0.246903
6566.23682 0.246137
6567.35986 0.24528
6568.48389 0.244532
6569.60693 0.243386
6570.73096 0.242899
6571.85596 0.24204
6572.97998 0.241064
6574.10498 0.240166
6575.22900 0.239432
6576.35400 0.238591
6577.47998 0.23781
6578.60498 0.237173
6579.73096 0.236649
6580.85596 0.235965
6581.98193 0.235103
6583.10889 0.234748
6584.23486 0.234536
6585.36084 0.233852
6586.48779 0.233336
6587.61523 0.233272
6588.74219 0.232903
6589.87012 0.232832
6590.99707 0.232457
6592.12500 0.232307
6593.25195 0.231994
6594.38086 0.231915
6595.50879 0.231738
6596.63721 0.23135
6597.76611 0.231297
6598.89502 0.230973
6600.02393 0.230428
6601.15283 0.22992
6602.28320 0.229149
6603.41211 0.228427
6604.54199 0.22722
6605.67188 0.22576
6606.80176 0.224045
6607.93311 0.221819
6609.06299 0.219261
6610.19385 0.216624
6611.32520 0.213641
6612.45605 0.210279
6613.58691 0.20606
6614.71924 0.201535
6615.85107 0.196769
6616.98193 0.190798
6618.11523 0.184616
6619.24707 0.17843
6620.37891 0.171771
6621.51221 0.164935
6622.64502 0.157957
6623.77783 0.150599
6624.91211 0.143583
6626.04492 0.135934
6627.17920 0.128925
6628.31299 0.121539
6629.44678 0.113756
6630.58105 0.10612
6631.71484 0.099098
6632.85010 0.092222
6633.98486 0.085622
6635.12012 0.079266
6636.25488 0.073211
6637.39111 0.06753
6638.52588 0.062116
6639.66211 0.057181
6640.79785 0.052443
6641.93408 0.047917
6643.07080 0.043489
6644.20703 0.039439
6645.34424 0.035791
6646.48096 0.032441
6647.61816 0.029317
6648.75488 0.026546
6649.89307 0.023946
6651.03076 0.021618
6652.16895 0.019528
6653.30713 0.017623
6654.44482 0.015863
6655.58398 0.014258
6656.72314 0.012745
6657.86084 0.011418
6659.00000 0.010231
6660.14014 0.009164
6661.27881 0.008209
6662.41895 0.00737
6663.55908 0.006629
6664.69922 0.00595
6665.83887 0.005366
6666.97998 0.004821
6668.12109 0.004337
6669.26221 0.003888
6670.40283 0.003478
6671.54395 0.003116
6672.68604 0.002812
6673.82715 0.002527
6674.96924 0.002274
6676.11084 0.002041
6677.25293 0.001842
6678.39600 0.00168
6679.53809 0.001519
6680.68115 0.001372
6681.82422 0.001238
6682.96680 0.001119
6684.11084 0.001006
6685.25391 0.000916
6686.39795 0.000833
6687.54199 0.00076
6688.68701 0.000688
6689.83105 0.000617
6690.97607 0.000568
6692.12012 0.000519
6693.26514 0.000475
6694.41016 0.000433
7363.85107 0.0
