threeML/data/optical_filters/HST/WFC3_UVIS1-FQ937N.ecsv
# %ECSV 0.9
# ---
# datatype:
# - {name: wavelength, unit: Angstrom, datatype: float32}
# - {name: response, datatype: float32}
# meta: !!omap
# - {band_name: FQ937N}
# - {group_name: WFC3_UVIS1}
wavelength response
8275.22168 0.0
9194.69043 0.000404
9196.26367 0.000409
9197.83691 0.000413
9199.41016 0.000418
9200.98438 0.000422
9202.55859 0.000426
9204.13281 0.000431
9205.70801 0.000435
9207.28320 0.000439
9208.85840 0.000444
9210.43359 0.000448
9212.00977 0.000452
9213.58594 0.000457
9215.16211 0.000461
9216.73926 0.000465
9218.31543 0.000469
9219.89258 0.000473
9221.47070 0.000478
9223.04785 0.000482
9224.62598 0.000486
9226.20410 0.00049
9227.78320 0.000494
9229.36230 0.000498
9230.94141 0.000503
9232.52148 0.000507
9234.09961 0.000511
9235.67969 0.000515
9237.25977 0.000519
9238.84082 0.000523
9240.42090 0.000527
9242.00195 0.000531
9243.58301 0.000535
9245.16504 0.000539
9246.74707 0.000543
9248.32910 0.000547
9249.91113 0.000551
9251.49414 0.000555
9253.07715 0.000559
9254.66016 0.000563
9256.24316 0.000567
9257.82715 0.000493
9259.41113 0.00051
9260.99512 0.000633
9262.58008 0.000793
9264.16406 0.000879
9265.74902 0.000919
9267.33496 0.000853
9268.91992 0.000775
9270.50586 0.000948
9272.09277 0.000821
9273.67871 0.000819
9275.26562 0.000826
9276.85254 0.000764
9278.43945 0.000635
9280.02734 0.000642
9281.61523 0.000885
9283.20312 0.001033
9284.79102 0.000938
9286.37988 0.001088
9287.96875 0.001074
9289.55762 0.001268
9291.14746 0.001384
9292.73633 0.001195
9294.32715 0.001316
9295.91699 0.001605
9297.50781 0.001759
9299.09863 0.001812
9300.68945 0.001928
9302.28027 0.002566
9303.87207 0.002828
9305.46387 0.00333
9307.05566 0.00402
9308.64844 0.004605
9310.24121 0.0052
9311.83398 0.006221
9313.42676 0.007483
9315.02148 0.009041
9316.61426 0.011043
9318.20801 0.013193
9319.80273 0.016162
9321.39746 0.019323
9322.99219 0.02312
9324.58691 0.028685
9326.18262 0.033921
9327.77832 0.040773
9329.37402 0.047749
9330.97070 0.054379
9332.56738 0.061018
9334.16406 0.066315
9335.76074 0.07024
9337.35840 0.072969
9338.95605 0.074527
9340.55371 0.074802
9342.15137 0.074458
9343.75000 0.07337
9345.34863 0.071891
9346.94727 0.070446
9348.54688 0.069539
9350.14648 0.067914
9351.74609 0.067018
9353.34570 0.066374
9354.94629 0.065907
9356.54688 0.066023
9358.14746 0.066181
9359.74902 0.066573
9361.35059 0.067024
9362.95215 0.067623
9364.55371 0.068769
9366.15625 0.069406
9367.75879 0.070284
9369.36133 0.071073
9370.96484 0.071743
9372.56738 0.072585
9374.17188 0.072943
9375.77539 0.073238
9377.37988 0.073512
9378.98340 0.073695
9380.58887 0.073623
9382.19336 0.073341
9383.79883 0.072871
9385.40430 0.07233
9387.00977 0.071787
9388.61621 0.071269
9390.22266 0.070788
9391.82910 0.070701
9393.43555 0.070417
9395.04297 0.069942
9396.65039 0.069659
9398.25781 0.069445
9399.86621 0.069378
9401.47461 0.068963
9403.08301 0.068236
9404.69141 0.067412
9406.30078 0.065719
9407.91016 0.064187
9409.51953 0.061628
9411.12988 0.058206
9412.74023 0.054482
9414.35059 0.049836
9415.96094 0.045056
9417.57227 0.040283
9419.18359 0.035412
9420.79492 0.030425
9422.40723 0.025981
9424.01953 0.021982
9425.63184 0.018924
9427.24414 0.016117
9428.85742 0.013227
9430.47070 0.011542
9432.08398 0.009499
9433.69727 0.008023
9435.31152 0.006804
9436.92578 0.005633
9438.54102 0.004685
9440.15527 0.004023
9441.77148 0.003532
9443.38574 0.003193
9445.00195 0.002896
9446.61816 0.002445
9448.23438 0.002116
9449.85059 0.001876
9451.46777 0.001642
9453.08496 0.001408
9454.70215 0.001226
9456.31934 0.001239
9457.93848 0.001158
9459.55566 0.001064
9461.17383 0.001006
9462.79297 0.000993
9464.41211 0.00093
9466.03125 0.000862
9467.65137 0.000837
9469.27148 0.000831
9470.89062 0.000822
9472.51172 0.000813
9474.13184 0.000804
9475.75293 0.000796
9477.37402 0.000787
9478.99609 0.000778
9480.61719 0.000769
9482.23926 0.000761
9483.86230 0.000752
9485.48438 0.000743
9487.10742 0.000735
9488.73047 0.000726
9490.35352 0.000718
9491.97754 0.000709
9493.60156 0.000701
9495.22656 0.000692
9496.85059 0.000684
9498.47559 0.000675
9500.10059 0.000667
9501.72656 0.000659
9503.35156 0.000652
9504.97754 0.000644
9506.60352 0.000636
9508.23047 0.000629
9509.85742 0.000621
9511.48438 0.000614
9513.11230 0.000606
9514.73926 0.000599
9516.36719 0.000591
9517.99609 0.000584
9519.62402 0.000576
9521.25293 0.000569
9522.88184 0.000561
9524.51172 0.000554
9526.14062 0.000547
9527.77148 0.000539
9529.40137 0.000532
9531.03125 0.000525
9532.66211 0.000517
9534.29297 0.00051
9535.92480 0.000503
9537.55566 0.000496
9539.18848 0.000488
9540.81934 0.000481
9542.45215 0.000474
9544.08496 0.000467
9545.71777 0.00046
9547.35059 0.000453
9548.98438 0.000445
9550.61816 0.000438
9552.25195 0.000431
9553.88672 0.000424
9555.52148 0.000417
9557.15625 0.00041
9558.79102 0.000403
10514.66992 0.0
