threeML/data/optical_filters/HST/WFC3_UVIS1-F336W.ecsv
# %ECSV 0.9
# ---
# datatype:
# - {name: wavelength, unit: Angstrom, datatype: float32}
# - {name: response, datatype: float32}
# meta: !!omap
# - {band_name: F336W}
# - {group_name: WFC3_UVIS1}
wavelength response
[from data line 805]
3426.34790 0.187432
3426.93408 0.187396
3427.52100 0.18736
3428.10693 0.187323
3428.69409 0.187287
3429.28003 0.18725
3429.86694 0.187214
3430.45410 0.187185
3431.04102 0.187159
3431.62793 0.18715
3432.21509 0.18714
3432.80200 0.18713
3433.38989 0.187121
3433.97705 0.187111
3434.56396 0.187101
3435.15210 0.187091
3435.73999 0.187082
3436.32788 0.187072
3436.91602 0.187062
3437.50391 0.187052
3438.09204 0.187042
3438.67993 0.187031
3439.26807 0.187021
3439.85693 0.187011
3440.44507 0.186994
3441.03394 0.186968
3441.62305 0.186883
3442.21191 0.186798
3442.80103 0.186713
3443.38989 0.186627
3443.97900 0.186542
3444.56812 0.186457
3445.15698 0.186372
3445.74707 0.186286
3446.33594 0.186201
3446.92603 0.186116
3447.51611 0.18603
3448.10596 0.185945
3448.69604 0.18586
3449.28589 0.185774
3449.87598 0.185689
3450.46606 0.185611
3451.05591 0.185531
3451.64697 0.185415
3452.23706 0.185299
3452.82788 0.185184
3453.41895 0.185068
3454.01001 0.184952
3454.60107 0.184836
3455.19189 0.18472
3455.78296 0.184604
3456.37402 0.184488
3456.96606 0.184373
3457.55688 0.184257
3458.14795 0.184141
3458.73999 0.184025
3459.33203 0.18391
3459.92407 0.183794
3460.51611 0.18367
3461.10791 0.183538
3461.69995 0.183382
3462.29199 0.183226
3462.88501 0.183069
3463.47705 0.182913
3464.07007 0.182757
3464.66309 0.1826
3465.25488 0.182444
3465.84790 0.182288
3466.44092 0.182132
3467.03394 0.181976
3467.62695 0.18182
3468.22095 0.181664
3468.81396 0.181508
3469.40796 0.181352
3470.00098 0.181196
3470.59497 0.18104
3471.18896 0.180889
3471.78296 0.180748
3472.37695 0.180607
3472.97095 0.180465
3473.56494 0.180324
3474.15894 0.180183
3474.75391 0.180041
3475.34790 0.1799
3475.94312 0.179759
3476.53711 0.179618
3477.13208 0.179477
3477.72705 0.179336
3478.32202 0.179194
3478.91699 0.179053
3479.51196 0.178912
3480.10791 0.178773
3480.70288 0.178642
3481.29907 0.178503
3481.89502 0.178357
3482.48999 0.178211
3483.08594 0.178066
3483.68188 0.17792
3484.27808 0.177774
3484.87402 0.177629
3485.46997 0.177483
3486.06689 0.177338
3486.66309 0.177192
3487.26001 0.177047
3487.85596 0.176901
3488.45288 0.176756
3489.05005 0.17661
3489.64697 0.176465
3490.24390 0.176316
3490.84106 0.176161
3491.43799 0.176
3492.03589 0.175835
3492.63306 0.175671
3493.23096 0.175507
3493.82910 0.175343
3494.42603 0.175179
3495.02393 0.175015
3495.62207 0.174851
3496.21997 0.174687
3496.81812 0.174523
3497.41699 0.174359
3498.01489 0.174196
3498.61401 0.174032
3499.21191 0.173868
3499.81104 0.173705
3500.40991 0.173547
3501.00903 0.173393
3501.60791 0.173219
3502.20703 0.173045
3502.80591 0.172872
3503.40503 0.172698
3504.00488 0.172525
3504.60400 0.172351
3505.20410 0.172178
3505.80298 0.172004
3506.40308 0.171831
3507.00293 0.171658
3507.60303 0.171484
3508.20288 0.171311
3508.80396 0.171138
3509.40405 0.170965
3510.00391 0.170792
3510.60498 0.170609
3511.20605 0.170429
3511.80591 0.170252
3512.40698 0.170075
3513.00806 0.169898
3513.60889 0.169721
3514.20996 0.169544
3514.81201 0.169368
3515.41309 0.169191
3516.01392 0.169014
3516.61597 0.168838
3517.21802 0.168661
3517.82007 0.168485
3518.42090 0.168308
3519.02295 0.168132
3519.62500 0.167955
3520.22803 0.167783
3520.83008 0.167615
3521.43188 0.167442
3522.03491 0.167266
3522.63696 0.16709
3523.23999 0.166914
3523.84302 0.166738
3524.44604 0.166562
3525.04907 0.166386
3525.65210 0.166211
3526.25488 0.166035
3526.85791 0.165859
3527.46191 0.165684
3528.06494 0.165508
3528.66895 0.165333
3529.27295 0.165157
3529.87695 0.164982
3530.48096 0.1648
3531.08496 0.164615
3531.68896 0.164428
3532.29297 0.16424
3532.89697 0.164053
3533.50195 0.163865
3534.10596 0.163678
3534.71094 0.163491
3535.31592 0.163304
3535.92090 0.163117
3536.52588 0.16293
3537.13110 0.162743
3537.73608 0.162556
3538.34106 0.162369
3538.94702 0.162182
3539.55200 0.161995
3540.15796 0.161811
3540.76294 0.161633
3541.36890 0.161457
3541.97510 0.161282
3542.58105 0.161107
3543.18701 0.160933
3543.79297 0.160758
3544.39990 0.160583
3545.00610 0.160409
3545.61304 0.160234
3546.21899 0.160059
3546.82593 0.159885
3547.43311 0.159711
3548.04004 0.159536
3548.64697 0.159362
3549.25391 0.159188
3549.86108 0.159013
3550.46899 0.158833
3551.07593 0.158647
3551.68408 0.158434
3552.29199 0.158221
3552.89893 0.158008
3553.50708 0.157795
3554.11499 0.157582
3554.72290 0.157369
3555.33203 0.157157
3555.93994 0.156944
3556.54810 0.156731
3557.15698 0.156519
3557.76489 0.156307
3558.37402 0.156094
3558.98291 0.155882
3559.59204 0.15567
3560.20093 0.155458
3560.81006 0.155247
3561.41895 0.155004
3562.02808 0.154746
3562.63794 0.154488
3563.24707 0.15423
3563.85693 0.153972
3564.46704 0.153715
3565.07690 0.153457
3565.68701 0.153199
3566.29712 0.152942
3566.90698 0.152685
3567.51709 0.152428
3568.12695 0.152171
3568.73804 0.151914
3569.34912 0.151658
3569.95898 0.151401
3570.57007 0.151152
3571.18091 0.150881
3571.79199 0.150549
3572.40308 0.150216
3573.01392 0.149883
3573.62598 0.149551
3574.23706 0.149219
3574.84912 0.148887
3575.45996 0.148555
3576.07202 0.148223
3576.68408 0.147892
3577.29590 0.14756
3577.90796 0.147229
3578.52002 0.146898
3579.13208 0.146567
3579.74512 0.146236
3580.35693 0.1459
3580.96997 0.145562
3581.58301 0.145172
3582.19507 0.144778
3582.80811 0.144384
3583.42090 0.143989
3584.03394 0.143596
3584.64697 0.143202
3585.26099 0.142809
3585.87402 0.142416
3586.48804 0.142023
3587.10107 0.14163
3587.71509 0.141238
3588.32910 0.140846
3588.94312 0.140454
3589.55688 0.140062
3590.17090 0.139672
3590.78491 0.139289
3591.39990 0.138892
3592.01392 0.138488
3592.62891 0.138083
3593.24292 0.137679
3593.85791 0.137275
3594.47290 0.136872
3595.08789 0.136468
3595.70288 0.136065
3596.31812 0.135662
3596.93408 0.135259
3597.54907 0.134856
3598.16504 0.134454
3598.78003 0.134052
3599.39600 0.13365
3600.01196 0.133249
3600.62793 0.132921
3601.24390 0.132624
3601.86011 0.132387
3602.47607 0.13215
3603.09302 0.131913
3603.70898 0.131676
3604.32593 0.131438
3604.94189 0.131201
3605.55908 0.130963
3606.17603 0.130725
3606.79297 0.130488
3607.40991 0.13025
3608.02710 0.130012
3608.64502 0.129774
3609.26196 0.129535
3609.87988 0.129297
3610.49707 0.129064
3611.11499 0.128841
3611.73291 0.128677
3612.35107 0.128512
3612.96899 0.128348
3613.58691 0.128183
3614.20508 0.128018
3614.82300 0.127853
3615.44189 0.127688
3616.06104 0.127522
3616.67896 0.127357
3617.29810 0.127192
3617.91699 0.127026
3618.53589 0.12686
3619.15503 0.126695
3619.77393 0.126529
3620.39404 0.126359
3621.01294 0.126186
3621.63306 0.125849
3622.25195 0.125508
3622.87207 0.125166
3623.49194 0.124823
3624.11206 0.124481
3624.73193 0.124139
3625.35205 0.123796
3625.97192 0.123453
3626.59302 0.12311
3627.21289 0.122768
3627.83398 0.122424
3628.45508 0.122081
3629.07495 0.121737
3629.69604 0.121394
3630.31689 0.121049
3630.93799 0.120704
3631.56006 0.119828
3632.18091 0.118854
3632.80200 0.117879
3633.42407 0.116905
3634.04590 0.115929
3634.66699 0.114954
3635.28906 0.113977
3635.91089 0.113001
3636.53296 0.112024
3637.15601 0.111046
3637.77808 0.110068
3638.39990 0.10909
3639.02295 0.108112
3639.64502 0.107133
3640.26807 0.106155
3640.89111 0.105181
3641.51392 0.103618
3642.13696 0.101872
3642.76001 0.100126
3643.38306 0.098379
3644.00708 0.096631
3644.62988 0.094881
3645.25391 0.093132
3645.87695 0.09138
3646.50098 0.089628
3647.12500 0.087876
3647.74902 0.086122
3648.37305 0.084367
3648.99707 0.082611
3649.62207 0.080855
3650.24609 0.079095
3650.87109 0.077332
3651.49512 0.075452
3652.12012 0.073527
3652.74512 0.071602
3653.37012 0.069676
3653.99512 0.067749
3654.62012 0.065821
3655.24512 0.063893
3655.87109 0.061963
3656.49609 0.060033
3657.12207 0.058102
3657.74805 0.05617
3658.37402 0.054237
3658.99902 0.052304
3659.62500 0.050369
3660.25098 0.048435
3660.87793 0.046502
3661.50391 0.044952
3662.13110 0.04354
3662.75708 0.042127
3663.38403 0.040714
3664.01099 0.039299
3664.63696 0.037884
3665.26489 0.036467
3665.89209 0.035051
3666.51904 0.033633
3667.14600 0.032215
3667.77393 0.030796
3668.40088 0.029376
3669.02905 0.027955
3669.65601 0.026534
3670.28394 0.025111
3670.91211 0.023687
3671.54102 0.022775
3672.16895 0.022001
3672.79712 0.021226
3673.42505 0.020451
3674.05396 0.019676
3674.68188 0.0189
3675.31104 0.018124
3675.93994 0.017348
3676.56909 0.016571
3677.19800 0.015794
3677.82690 0.015016
3678.45605 0.014239
3679.08594 0.013461
3679.71509 0.012682
3680.34497 0.011904
3680.97412 0.011125
3681.60400 0.010717
3682.23389 0.010359
3682.86401 0.01
3683.49390 0.009642
3684.12500 0.009283
3684.75488 0.008924
3685.38501 0.008565
3686.01611 0.008205
3686.64600 0.007846
3687.27710 0.007486
3687.90796 0.007127
3688.53906 0.006767
3689.16992 0.006407
3689.80103 0.006046
3690.43311 0.005686
3691.06396 0.00533
3691.69604 0.005163
3692.32690 0.004996
3692.95898 0.004828
3693.59106 0.004661
3694.22290 0.004493
3694.85498 0.004326
3695.48706 0.004158
3696.11890 0.00399
3696.75195 0.003822
3697.38403 0.003654
3698.01709 0.003486
3698.64893 0.003318
3699.28198 0.00315
3699.91504 0.002981
3700.54810 0.002813
3701.18091 0.002662
3701.81494 0.002583
3702.44800 0.002504
3703.08203 0.002424
3703.71509 0.002345
3704.34912 0.002265
3704.98193 0.002186
3705.61597 0.002106
3706.25000 0.002027
3706.88501 0.001947
3707.51904 0.001867
3708.15308 0.001788
3708.78809 0.001708
3709.42212 0.001628
3710.05688 0.001549
3710.69189 0.001469
3711.32593 0.001406
3711.96094 0.001366
3712.59595 0.001327
3713.23193 0.001287
3713.86694 0.001247
3714.50195 0.001207
3715.13794 0.001168
3715.77393 0.001128
3716.40894 0.001088
3717.04492 0.001048
3717.68091 0.001008
3718.31689 0.000968
3718.95288 0.000928
3719.59009 0.000888
3720.22607 0.000848
3720.86304 0.000808
3721.49902 0.000781
3722.13599 0.00076
3722.77295 0.000739
3723.40991 0.000718
3724.04712 0.000697
3724.68408 0.000676
3725.32104 0.000655
3725.95898 0.000634
3726.59595 0.000613
3727.23389 0.000591
3727.87207 0.00057
3728.50903 0.000549
3729.14697 0.000528
3729.78491 0.000507
3730.42310 0.000486
3731.06201 0.000465
3731.69995 0.000453
3732.33911 0.000441
3732.97705 0.000429
3733.61597 0.000417
3734.25488 0.000405
4107.68018 0.0
