threeML/data/optical_filters/HST/WFC3_UVIS2-F600LP.ecsv
# %ECSV 0.9
# ---
# datatype:
# - {name: wavelength, unit: Angstrom, datatype: float32}
# - {name: response, datatype: float32}
# meta: !!omap
# - {band_name: F600LP}
# - {group_name: WFC3_UVIS2}
wavelength response
[from data line 3213]
10188.79980 0.013674
10190.54004 0.013581
10192.28027 0.013488
10194.03027 0.013393
10195.76953 0.013299
10197.50977 0.013205
10199.25977 0.01311
10201.00000 0.013034
10202.75000 0.012971
10204.49023 0.012909
10206.24023 0.012848
10207.99023 0.012786
10209.73047 0.012725
10211.48047 0.012665
10213.21973 0.012606
10214.96973 0.012545
10216.71973 0.012484
10218.46973 0.012424
10220.20996 0.012363
10221.95996 0.012302
10223.70996 0.012242
10225.45996 0.012182
10227.20996 0.012122
10228.95996 0.012062
10230.70996 0.012002
10232.45996 0.011942
10234.20996 0.011882
10235.95996 0.011822
10237.70996 0.011763
10239.45996 0.011703
10241.20996 0.011643
10242.96973 0.011584
10244.71973 0.011524
10246.46973 0.011464
10248.21973 0.011404
10249.98047 0.011344
10251.73047 0.011283
10253.48047 0.011223
10255.24023 0.011164
10256.99023 0.011104
10258.75000 0.011044
10260.50000 0.010984
10262.25977 0.010924
10264.00977 0.010864
10265.76953 0.010804
10267.51953 0.010744
10269.28027 0.010684
10271.04004 0.010622
10272.79004 0.01056
10274.54980 0.010498
10276.30957 0.010435
10278.07031 0.010373
10279.82031 0.010311
10281.58008 0.01025
10283.33984 0.01019
10285.09961 0.010131
10286.86035 0.010071
10288.62012 0.010012
10290.37988 0.009952
10292.13965 0.009893
10293.90039 0.009832
10295.66016 0.009771
10297.41992 0.00971
10299.17969 0.009649
10300.95020 0.009588
10302.70996 0.009528
10304.46973 0.009468
10306.23047 0.009409
10308.00000 0.00935
10309.75977 0.009291
10311.51953 0.009232
10313.29004 0.009173
10315.04980 0.009113
10316.82031 0.009054
10318.58008 0.008994
10320.34961 0.008934
10322.11035 0.008874
10323.87988 0.008814
10325.63965 0.008754
10327.41016 0.008693
10329.17969 0.008633
10330.94043 0.008572
10332.70996 0.008512
10334.48047 0.008452
10336.25000 0.008392
10338.00977 0.008332
10339.78027 0.008272
10341.54980 0.00821
10343.32031 0.008149
10345.08984 0.008087
10346.86035 0.008026
10348.62988 0.007965
10350.40039 0.007904
10352.16992 0.007844
10353.94043 0.007784
10355.70996 0.007724
10357.48047 0.007664
10359.25000 0.007604
10361.03027 0.007544
10362.79980 0.007484
10364.57031 0.007425
10366.33984 0.007366
10368.12012 0.007307
10369.88965 0.007247
10371.66992 0.007188
10373.44043 0.007129
10375.20996 0.007068
10376.99023 0.007008
10378.75977 0.006948
10380.54004 0.006887
10382.32031 0.006827
10384.08984 0.006767
10385.87012 0.006707
10387.63965 0.006647
10389.41992 0.006587
10391.20020 0.006527
10392.98047 0.006468
10394.75000 0.006408
10396.53027 0.006349
10398.30957 0.006289
10400.08984 0.006231
10401.87012 0.006199
10403.65039 0.006168
10405.42969 0.006136
10407.20996 0.006104
10408.99023 0.006073
10410.76953 0.006042
10412.54980 0.006011
10414.33008 0.005981
10416.11035 0.00595
10417.88965 0.00592
10419.67969 0.005889
10421.45996 0.005858
10423.24023 0.005828
10425.01953 0.005797
10426.80957 0.005767
10428.58984 0.005736
10430.37988 0.005706
10432.16016 0.005675
10433.94043 0.005645
10435.73047 0.005615
10437.50977 0.005585
10439.29980 0.005556
10441.08008 0.005526
10442.87012 0.005496
10444.66016 0.005465
10446.44043 0.005435
10448.23047 0.005404
10450.01953 0.005373
10451.80957 0.005342
10453.58984 0.00531
10455.37988 0.005279
10457.16992 0.005247
10458.95996 0.005216
10460.75000 0.005185
10462.54004 0.005154
10464.33008 0.005125
10466.12012 0.005095
10467.91016 0.005065
10469.70020 0.005035
10471.49023 0.005005
10473.28027 0.004976
10475.07031 0.004945
10476.86035 0.004915
10478.66016 0.004884
10480.45020 0.004854
10482.24023 0.004824
10484.04004 0.004793
10485.83008 0.004763
10487.62012 0.004733
10489.41992 0.004703
10491.20996 0.004673
10493.00977 0.004642
10494.79980 0.004612
10496.59961 0.004582
10498.38965 0.004552
10500.19043 0.004522
10501.98047 0.00449
10503.78027 0.004459
10505.58008 0.004429
10507.37012 0.004398
10509.16992 0.004367
10510.96973 0.004337
10512.76953 0.004307
10514.57031 0.004276
10516.36035 0.004246
10518.16016 0.004216
10519.95996 0.004186
10521.75977 0.004155
10523.55957 0.004125
10525.36035 0.004095
10527.16016 0.004065
10528.95996 0.004035
10530.75977 0.004006
10532.57031 0.003976
10534.37012 0.003945
10536.16992 0.003915
10537.96973 0.003885
10539.76953 0.003854
10541.58008 0.003824
10543.37988 0.003794
10545.17969 0.003764
10546.99023 0.003734
10548.79004 0.003705
10550.59961 0.003675
10552.40039 0.003644
10554.20996 0.003613
10556.00977 0.003583
10557.82031 0.003552
10559.62012 0.003521
10561.42969 0.003491
10563.24023 0.003461
10565.04004 0.003431
10566.84961 0.003401
10568.66016 0.003371
10570.46973 0.003341
10572.26953 0.003311
10574.08008 0.003281
10575.88965 0.003251
10577.70020 0.003222
10579.50977 0.003192
10581.32031 0.003162
10583.12988 0.003132
10584.94043 0.003102
10586.75000 0.003072
10588.55957 0.003042
10590.37012 0.003012
10592.19043 0.002982
10594.00000 0.002953
10595.80957 0.002923
10597.62012 0.002893
10599.42969 0.002864
10601.25000 0.002846
10603.05957 0.002833
10604.87012 0.00282
10606.69043 0.002808
10608.50000 0.002795
10610.32031 0.002782
10612.12988 0.00277
10613.95020 0.002758
10615.75977 0.002747
10617.58008 0.002735
10619.40039 0.002723
10621.20996 0.002712
10623.03027 0.0027
10624.84961 0.002688
10626.66992 0.002676
10628.48047 0.002664
10630.29980 0.002652
10632.12012 0.002641
10633.94043 0.002629
10635.75977 0.002616
10637.58008 0.002604
10639.40039 0.002592
10641.21973 0.002579
10643.04004 0.002567
10644.86035 0.002554
10646.67969 0.002542
10648.50000 0.00253
10650.32031 0.002517
10652.13965 0.002505
10653.95996 0.002494
10655.79004 0.002482
10657.61035 0.00247
10659.42969 0.002458
10661.25977 0.002446
10663.08008 0.002434
10664.90039 0.002422
10666.73047 0.002411
10668.54980 0.002399
10670.37988 0.002387
10672.20020 0.002376
10674.03027 0.002364
10675.86035 0.002352
10677.67969 0.00234
10679.50977 0.002328
10681.33008 0.002315
10683.16016 0.002303
10684.99023 0.002292
10686.82031 0.00228
10688.65039 0.002268
10690.46973 0.002256
10692.29980 0.002244
10694.12988 0.002232
10695.95996 0.002219
10697.79004 0.002207
10699.62012 0.002195
10701.45020 0.002183
10703.28027 0.002171
10705.11035 0.00216
10706.94043 0.002148
10708.78027 0.002136
10710.61035 0.002124
10712.44043 0.002112
10714.26953 0.0021
10716.09961 0.002089
10717.94043 0.002077
10719.76953 0.002065
10721.59961 0.002053
10723.44043 0.002041
10725.26953 0.002029
10727.11035 0.002018
10728.94043 0.002006
10730.78027 0.001994
10732.61035 0.001982
10734.45020 0.00197
10736.29004 0.001958
10738.12012 0.001945
10739.95996 0.001933
10741.79980 0.001922
10743.62988 0.00191
10745.46973 0.001898
10747.30957 0.001886
10749.15039 0.001875
10750.99023 0.001863
10752.83008 0.001851
10754.66992 0.001839
10756.50977 0.001828
10758.34961 0.001816
10760.19043 0.001805
10762.03027 0.001793
10763.87012 0.001781
10765.70996 0.00177
10767.54980 0.001758
10769.38965 0.001746
10771.23047 0.001734
10773.08008 0.001722
10774.91992 0.00171
10776.75977 0.001698
10778.61035 0.001686
10780.45020 0.001674
10782.29004 0.001662
10784.13965 0.00165
10785.98047 0.001639
10787.83008 0.001627
10789.66992 0.001616
10791.51953 0.001604
10793.37012 0.001593
10795.20996 0.001581
10797.05957 0.001569
10798.91016 0.001558
10800.75000 0.001547
10802.59961 0.001538
10804.45020 0.001529
10806.29980 0.001521
10808.15039 0.001512
10810.00000 0.001503
10811.83984 0.001494
10813.69043 0.001485
10815.54004 0.001475
10817.38965 0.001466
10819.24023 0.001457
10821.08984 0.001448
10822.95020 0.001439
10824.79980 0.00143
10826.65039 0.001421
10828.50000 0.001412
10830.34961 0.001403
10832.20996 0.001394
10834.05957 0.001386
10835.91016 0.001377
10837.76953 0.001368
10839.62012 0.001359
10841.46973 0.00135
10843.33008 0.001341
10845.17969 0.001332
10847.04004 0.001323
10848.88965 0.001314
10850.75000 0.001305
10852.61035 0.001296
10854.45996 0.001287
10856.32031 0.001278
10858.17969 0.00127
10860.03027 0.001261
10861.88965 0.001252
10863.75000 0.001243
10865.61035 0.001234
10867.46973 0.001225
10869.33008 0.001216
10871.17969 0.001208
10873.04004 0.001199
10874.90039 0.00119
10876.75977 0.001181
10878.62988 0.001173
10880.49023 0.001164
10882.34961 0.001155
10884.20996 0.001146
10886.07031 0.001137
10887.92969 0.001128
10889.79980 0.001119
10891.66016 0.00111
10893.51953 0.001102
10895.37988 0.001093
10897.25000 0.001084
10899.11035 0.001075
10900.98047 0.001067
10902.83984 0.001058
10904.70996 0.001049
10906.57031 0.001041
10908.44043 0.001032
10910.29980 0.001023
10912.16992 0.001015
10914.04004 0.001006
10915.90039 0.000997
10917.76953 0.000988
10919.63965 0.00098
10921.50977 0.000971
10923.37988 0.000962
10925.24023 0.000953
10927.11035 0.000944
10928.98047 0.000935
10930.84961 0.000926
10932.71973 0.000918
10934.58984 0.000909
10936.45996 0.0009
10938.33008 0.000892
10940.20020 0.000883
10942.08008 0.000874
10943.95020 0.000866
10945.82031 0.000857
10947.69043 0.000848
10949.55957 0.00084
10951.44043 0.000831
10953.30957 0.000822
10955.17969 0.000813
10957.05957 0.000805
10958.92969 0.000796
10960.80957 0.000787
10962.67969 0.000778
10964.55957 0.00077
10966.42969 0.000761
10968.30957 0.000753
10970.19043 0.000744
10972.05957 0.000736
10973.94043 0.000727
10975.82031 0.000718
10977.69043 0.00071
10979.57031 0.000701
10981.45020 0.000692
10983.33008 0.000684
10985.20996 0.000675
10987.08984 0.000666
10988.96973 0.000658
10990.84961 0.000649
10992.73047 0.00064
10994.61035 0.000632
10996.49023 0.000623
10998.37012 0.000615
11000.25000 0.000606
11002.12988 0.000601
12102.34277 0.0
