threeML/data/optical_filters/HST/WFC3_UVIS2-F350LP.ecsv
# %ECSV 0.9
# ---
# datatype:
# - {name: wavelength, unit: Angstrom, datatype: float32}
# - {name: response, datatype: float32}
# meta: !!omap
# - {band_name: F350LP}
# - {group_name: WFC3_UVIS2}
wavelength response
2849.36304 0.0
3165.95898 0.000405
3166.50098 0.000422
3167.04297 0.000439
3167.58496 0.000456
3168.12598 0.000473
3168.66895 0.00049
3169.21094 0.000507
3169.75293 0.000524
3170.29492 0.000541
3170.83789 0.000559
3171.37988 0.000588
3171.92310 0.000619
3172.46606 0.00065
3173.00806 0.000681
3173.55103 0.000713
3174.09399 0.000744
3174.63696 0.000775
3175.17993 0.000806
3175.72412 0.000838
3176.26709 0.000869
3176.81104 0.0009
3177.35400 0.000931
3177.89795 0.000963
3178.44092 0.000994
3178.98511 0.001025
3179.52905 0.001057
3180.07300 0.001088
3180.61694 0.001119
3181.16089 0.001159
3181.70605 0.001208
3182.25000 0.001258
3182.79395 0.001308
3183.33911 0.001357
3183.88403 0.001407
3184.42798 0.001457
3184.97290 0.001506
3185.51807 0.001556
3186.06299 0.001606
3186.60791 0.001655
3187.15405 0.001705
3187.69897 0.001755
3188.24390 0.001804
3188.79004 0.001854
3189.33496 0.001904
3189.88110 0.001954
3190.42700 0.002003
3190.97290 0.002056
3191.51904 0.002139
3192.06494 0.002222
3192.61108 0.002304
3193.15698 0.002387
3193.70288 0.00247
3194.25000 0.002553
3194.79590 0.002635
3195.34302 0.002718
3195.88989 0.002801
3196.43701 0.002884
3196.98291 0.002967
3197.53003 0.003049
3198.07690 0.003132
3198.62500 0.003215
3199.17212 0.003298
3199.71899 0.003381
3200.26709 0.003464
3200.81396 0.003546
3201.36206 0.003668
3201.90991 0.003799
3202.45801 0.00393
3203.00488 0.004061
3203.55298 0.004193
3204.10205 0.004324
3204.64990 0.004455
3205.19800 0.004586
3205.74609 0.004717
3206.29492 0.004849
3206.84399 0.00498
3207.39209 0.005111
3207.94092 0.005242
3208.48999 0.005374
3209.03906 0.005505
3209.58789 0.005636
3210.13696 0.005767
3210.68604 0.005899
3211.23511 0.00606
3211.78491 0.006243
3212.33398 0.006427
3212.88403 0.00661
3213.43408 0.006794
3213.98291 0.006977
3214.53296 0.007161
3215.08301 0.007345
3215.63403 0.007528
3216.18408 0.007712
3216.73389 0.007896
3217.28394 0.008079
3217.83496 0.008263
3218.38501 0.008447
3218.93604 0.008631
3219.48706 0.008815
3220.03809 0.008998
3220.58789 0.009182
3221.13892 0.009392
3221.69092 0.009646
3222.24194 0.0099
3222.79297 0.010155
3223.34399 0.010409
3223.89600 0.010663
3224.44800 0.010917
3224.99902 0.011171
3225.55103 0.011425
3226.10303 0.01168
3226.65503 0.011934
3227.20703 0.012188
3227.75903 0.012442
3228.31104 0.012696
3228.86401 0.012951
3229.41602 0.013205
3229.96899 0.013459
3230.52100 0.013714
3231.07397 0.013991
3231.62695 0.014331
3232.17993 0.01467
3232.73291 0.01501
3233.28589 0.01535
3233.83911 0.01569
3234.39209 0.01603
3234.94604 0.016371
3235.49902 0.016711
3236.05298 0.017051
3236.60596 0.017391
3237.15991 0.017732
3237.71411 0.018072
3238.26807 0.018413
3238.82202 0.018753
3239.37598 0.019094
3239.92993 0.019434
3240.48511 0.019774
3241.03906 0.020122
3241.59399 0.020508
3242.14795 0.020893
3242.70288 0.021279
3243.25806 0.021664
3243.81299 0.02205
3244.36792 0.022435
3244.92310 0.022821
3245.47803 0.023207
3246.03296 0.023592
3246.58911 0.023978
3247.14404 0.024363
3247.69995 0.024749
3248.25610 0.025135
3248.81104 0.02552
3249.36694 0.025906
3249.92310 0.026292
3250.47900 0.026679
3251.03491 0.027076
3251.59204 0.027523
3252.14795 0.02797
3252.70410 0.028417
3253.26099 0.028864
3253.81689 0.029312
3254.37402 0.029759
3254.93091 0.030206
3255.48804 0.030653
3256.04492 0.031101
3256.60205 0.031548
3257.15894 0.031996
3257.71606 0.032444
3258.27393 0.032891
3258.83105 0.033339
3259.38892 0.033787
3259.94702 0.034235
3260.50391 0.034681
3261.06201 0.035141
3261.62012 0.035651
3262.17798 0.036161
3262.73608 0.036672
3263.29395 0.037182
3263.85303 0.037692
3264.41089 0.038202
3264.96997 0.038713
3265.52808 0.039223
3266.08691 0.039733
3266.64600 0.040244
3267.20508 0.040754
3267.76392 0.041264
3268.32300 0.041775
3268.88208 0.042285
3269.44092 0.042796
3270.00098 0.043306
3270.56006 0.043819
3271.12012 0.044345
3271.67896 0.044901
3272.23901 0.045457
3272.79907 0.046013
3273.35889 0.04657
3273.91895 0.047126
3274.47900 0.047682
3275.04004 0.048239
3275.60010 0.048795
3276.15991 0.049352
3276.72095 0.049909
3277.28101 0.050466
3277.84204 0.051022
3278.40308 0.051579
3278.96411 0.052136
3279.52490 0.052693
3280.08594 0.05325
3280.64697 0.053805
3281.20801 0.054358
3281.77002 0.054911
3282.33105 0.055463
3282.89307 0.056016
3283.45508 0.056569
3284.01611 0.057121
3284.57788 0.057674
3285.13989 0.058227
3285.70190 0.058779
3286.26489 0.059332
3286.82690 0.059885
3287.38892 0.060437
3287.95190 0.06099
3288.51392 0.061543
3289.07690 0.062096
3289.63989 0.062649
3290.20190 0.063202
3290.76489 0.063758
3291.32788 0.064369
3291.89209 0.065006
3292.45508 0.065643
3293.01807 0.06628
3293.58203 0.066918
3294.14502 0.067555
3294.70801 0.068192
3295.27197 0.06883
3295.83594 0.069468
3296.39990 0.070105
3296.96411 0.070743
3297.52808 0.071381
3298.09204 0.072019
3298.65601 0.072657
3299.22095 0.073295
3299.78491 0.073933
3300.35010 0.074569
3300.91504 0.075203
3301.47900 0.075816
3302.04395 0.076427
3302.60889 0.077038
3303.17407 0.077649
3303.73999 0.07826
3304.30493 0.078871
3304.87012 0.079482
3305.43604 0.080093
3306.00098 0.080704
3306.56689 0.081315
3307.13208 0.081926
3307.69800 0.082537
3308.26392 0.083148
3308.83008 0.083759
3309.39600 0.08437
3309.96289 0.084982
3310.52905 0.085597
3311.09497 0.086207
3311.66211 0.086799
3312.22900 0.087391
3312.79492 0.087983
3313.36206 0.088576
3313.92896 0.089168
3314.49609 0.089761
3315.06299 0.090353
3315.62988 0.090946
3316.19702 0.091539
3316.76489 0.092131
3317.33203 0.092724
3317.89990 0.093318
3318.46802 0.093911
3319.03491 0.094504
3319.60303 0.095097
3320.17090 0.095689
3320.73901 0.096277
3321.30688 0.096877
3321.87500 0.097482
3322.44409 0.098088
3323.01196 0.098694
3323.58105 0.0993
3324.14990 0.099906
3324.71802 0.100512
3325.28711 0.101118
3325.85596 0.101724
3326.42505 0.102329
3326.99390 0.102936
3327.56299 0.103541
3328.13306 0.104148
3328.70190 0.104753
3329.27197 0.10536
3329.84106 0.105966
3330.41089 0.106576
3330.98096 0.107188
3331.55103 0.107816
3332.12109 0.108444
3332.69092 0.109073
3333.26099 0.109702
3333.83203 0.11033
3334.40210 0.110959
3334.97192 0.111588
3335.54297 0.112216
3336.11401 0.112846
3336.68506 0.113475
3337.25488 0.114103
3337.82593 0.114733
3338.39697 0.115362
3338.96899 0.115991
3339.54004 0.116621
3340.11108 0.117249
3340.68311 0.117873
3341.25391 0.11844
3341.82593 0.118955
3342.39795 0.119469
3342.96997 0.119984
3343.54199 0.120498
3344.11401 0.121013
3344.68604 0.121528
3345.25806 0.122042
3345.83008 0.122557
3346.40308 0.123072
3346.97510 0.123586
3347.54810 0.124101
3348.12109 0.124616
3348.69409 0.12513
3349.26709 0.125645
3349.84009 0.12616
3350.41309 0.126679
3350.98608 0.127201
3351.55908 0.127746
3352.13306 0.128291
3352.70605 0.128836
3353.28003 0.129382
3353.85400 0.129927
3354.42700 0.130472
3355.00098 0.131018
3355.57495 0.131563
3356.14990 0.132109
3356.72412 0.132655
3357.29810 0.133201
3357.87305 0.133746
3358.44702 0.134292
3359.02197 0.134838
3359.59595 0.135384
3360.17090 0.135928
3360.74609 0.136468
3361.32104 0.13698
3361.89600 0.137476
3362.47095 0.137972
3363.04712 0.138467
3363.62207 0.138963
3364.19800 0.139459
3364.77295 0.139955
3365.34912 0.140451
3365.92505 0.140947
3366.50000 0.141443
3367.07690 0.141939
3367.65308 0.142435
3368.22900 0.14293
3368.80493 0.143427
3369.38208 0.143923
3369.95801 0.144419
3370.53491 0.144922
3371.11108 0.145418
3371.68799 0.145895
3372.26489 0.146372
3372.84204 0.146849
3373.41895 0.147327
3373.99609 0.147804
3374.57300 0.148281
3375.15088 0.148758
3375.72803 0.149236
3376.30591 0.149713
3376.88403 0.150191
3377.46094 0.150668
3378.03906 0.151146
3378.61694 0.151624
3379.19507 0.152102
3379.77295 0.152579
3380.35205 0.153053
3380.92993 0.153523
3381.50806 0.15393
3382.08691 0.154332
3382.66602 0.154733
3383.24390 0.155135
3383.82300 0.155537
3384.40210 0.155939
3384.98096 0.156341
3385.56006 0.156743
3386.13989 0.157145
3386.71899 0.157547
3387.29810 0.157949
3387.87793 0.158351
3388.45801 0.158753
3389.03711 0.159155
3389.61694 0.159557
3390.19702 0.159962
3390.77710 0.160373
3391.35693 0.160745
3391.93701 0.161099
3392.51807 0.161452
3393.09790 0.161806
3393.67896 0.16216
3394.26001 0.162514
3394.84009 0.162867
3395.42090 0.163221
3396.00195 0.163575
3396.58301 0.163929
3397.16406 0.164283
3397.74512 0.164637
3398.32690 0.164991
3398.90796 0.165345
3399.48999 0.1657
3400.07104 0.166047
3400.65308 0.166344
3401.23511 0.16666
3401.81689 0.167
3402.39893 0.16734
3402.98096 0.167679
3403.56299 0.168018
3404.14600 0.168356
3404.72803 0.168695
3405.31104 0.169033
3405.89307 0.169371
3406.47607 0.169709
3407.05908 0.170046
3407.64209 0.170383
3408.22510 0.17072
3408.80811 0.171057
3409.39111 0.171394
3409.97412 0.17173
3410.55811 0.172075
3411.14111 0.172398
3411.72510 0.172665
3412.30908 0.172932
3412.89307 0.173198
3413.47705 0.173465
3414.06104 0.173731
3414.64502 0.173997
3415.22900 0.174263
3415.81299 0.174529
3416.39795 0.174794
3416.98193 0.17506
3417.56689 0.175325
3418.15210 0.17559
3418.73608 0.175855
3419.32104 0.176119
3419.90601 0.176384
3420.49097 0.176641
3421.07690 0.176899
3421.66211 0.177173
3422.24707 0.177446
3422.83301 0.177719
3423.41797 0.177992
3424.00391 0.178265
3424.59009 0.178538
3425.17603 0.17881
3425.76196 0.179082
3426.34790 0.179354
3426.93408 0.179626
3427.52100 0.179897
3428.10693 0.180169
3428.69409 0.18044
3429.28003 0.180711
3429.86694 0.180982
3430.45410 0.181259
3431.04102 0.181533
3431.62793 0.181759
3432.21509 0.181985
3432.80200 0.18221
3433.38989 0.182436
3433.97705 0.182661
3434.56396 0.182886
3435.15210 0.183111
3435.73999 0.183336
3436.32788 0.18356
3436.91602 0.183785
3437.50391 0.184009
3438.09204 0.184233
3438.67993 0.184457
3439.26807 0.184681
3439.85693 0.184905
3440.44507 0.185121
3441.03394 0.185331
3441.62305 0.185495
3442.21191 0.185659
3442.80103 0.185823
3443.38989 0.185987
3443.97900 0.18615
3444.56812 0.186314
3445.15698 0.186477
3445.74707 0.18664
3446.33594 0.186803
3446.92603 0.186966
3447.51611 0.187129
3448.10596 0.187291
3448.69604 0.187454
3449.28589 0.187616
3449.87598 0.187778
3450.46606 0.187948
3451.05591 0.188122
3451.64697 0.188323
3452.23706 0.188523
3452.82788 0.188723
3453.41895 0.188922
3454.01001 0.189122
3454.60107 0.189321
3455.19189 0.189521
3455.78296 0.18972
3456.37402 0.189918
3456.96606 0.190117
3457.55688 0.190316
3458.14795 0.190515
3458.73999 0.190713
3459.33203 0.190911
3459.92407 0.191109
3460.51611 0.191299
3461.10791 0.191481
3461.69995 0.19164
3462.29199 0.191798
3462.88501 0.191957
3463.47705 0.192115
3464.07007 0.192274
3464.66309 0.192432
3465.25488 0.19259
3465.84790 0.192748
3466.44092 0.192905
3467.03394 0.193063
3467.62695 0.19322
3468.22095 0.193377
3468.81396 0.193534
3469.40796 0.193691
3470.00098 0.193848
3470.59497 0.194005
3471.18896 0.194145
3471.78296 0.194252
3472.37695 0.194358
3472.97095 0.194465
3473.56494 0.194571
3474.15894 0.194677
3474.75391 0.194783
3475.34790 0.194889
3475.94312 0.194995
3476.53711 0.195101
3477.13208 0.195207
3477.72705 0.195312
3478.32202 0.195417
3478.91699 0.195523
3479.51196 0.195628
3480.10791 0.195735
3480.70288 0.19585
3481.29907 0.195957
3481.89502 0.196056
3482.48999 0.196155
3483.08594 0.196255
3483.68188 0.196354
3484.27808 0.196453
3484.87402 0.196551
3485.46997 0.19665
3486.06689 0.196749
3486.66309 0.196847
3487.26001 0.196946
3487.85596 0.197044
3488.45288 0.197142
3489.05005 0.19724
3489.64697 0.197338
3490.24390 0.197432
3490.84106 0.197519
3491.43799 0.197585
3492.03589 0.197643
3492.63306 0.197701
3493.23096 0.197758
3493.82910 0.197816
3494.42603 0.197873
3495.02393 0.19793
3495.62207 0.197987
3496.21997 0.198044
3496.81812 0.198101
3497.41699 0.198158
3498.01489 0.198215
3498.61401 0.198271
3499.21191 0.198328
3499.81104 0.198384
3500.40991 0.198437
3501.00903 0.198489
3501.60791 0.198545
3502.20703 0.198601
3502.80591 0.198657
3503.40503 0.198713
3504.00488 0.198768
3504.60400 0.198824
3505.20410 0.198879
3505.80298 0.198935
3506.40308 0.19899
3507.00293 0.199045
3507.60303 0.1991
3508.20288 0.199155
3508.80396 0.19921
3509.40405 0.199264
3510.00391 0.199319
3510.60498 0.199362
3511.20605 0.199408
3511.80591 0.199457
3512.40698 0.199506
3513.00806 0.199554
3513.60889 0.199603
3514.20996 0.199651
3514.81201 0.199699
3515.41309 0.199747
3516.01392 0.199795
3516.61597 0.199843
3517.21802 0.199891
3517.82007 0.199938
3518.42090 0.199986
3519.02295 0.200033
3519.62500 0.20008
3520.22803 0.200131
3520.83008 0.200189
3521.43188 0.200234
3522.03491 0.200273
3522.63696 0.200313
3523.23999 0.200353
3523.84302 0.200392
3524.44604 0.200431
3525.04907 0.200471
3525.65210 0.20051
3526.25488 0.200549
3526.85791 0.200588
3527.46191 0.200626
3528.06494 0.200665
3528.66895 0.200703
3529.27295 0.200742
3529.87695 0.20078
3530.48096 0.20081
3531.08496 0.200833
3531.68896 0.200829
3532.29297 0.200825
3532.89697 0.200821
3533.50195 0.200817
3534.10596 0.200813
3534.71094 0.200809
3535.31592 0.200804
3535.92090 0.2008
3536.52588 0.200795
3537.13110 0.200791
3537.73608 0.200786
3538.34106 0.200781
3538.94702 0.200776
3539.55200 0.200771
3540.15796 0.200768
3540.76294 0.200774
3541.36890 0.200771
3541.97510 0.200763
3542.58105 0.200754
3543.18701 0.200745
3543.79297 0.200737
3544.39990 0.200728
3545.00610 0.200719
3545.61304 0.20071
3546.21899 0.200701
3546.82593 0.200692
3547.43311 0.200683
3548.04004 0.200674
3548.64697 0.200664
3549.25391 0.200655
3549.86108 0.200645
3550.46899 0.200627
3551.07593 0.200607
3551.68408 0.200595
3552.29199 0.200582
3552.89893 0.200569
3553.50708 0.200556
3554.11499 0.200543
3554.72290 0.20053
3555.33203 0.200517
3555.93994 0.200504
3556.54810 0.20049
3557.15698 0.200477
3557.76489 0.200463
3558.37402 0.200449
3558.98291 0.200435
3559.59204 0.200421
3560.20093 0.200407
3560.81006 0.200393
3561.41895 0.200385
3562.02808 0.200381
3562.63794 0.200376
3563.24707 0.200371
3563.85693 0.200365
3564.46704 0.20036
3565.07690 0.200355
3565.68701 0.200349
3566.29712 0.200344
3566.90698 0.200338
3567.51709 0.200332
3568.12695 0.200326
3568.73804 0.20032
3569.34912 0.200314
3569.95898 0.200308
3570.57007 0.200312
3571.18091 0.200303
3571.79199 0.20026
3572.40308 0.200217
3573.01392 0.200173
3573.62598 0.200129
3574.23706 0.200086
3574.84912 0.200042
3575.45996 0.199998
3576.07202 0.199955
3576.68408 0.199911
3577.29590 0.199867
3577.90796 0.199823
3578.52002 0.199779
3579.13208 0.199735
3579.74512 0.19969
3580.35693 0.19964
3580.96997 0.199585
3581.58301 0.199559
3582.19507 0.199536
3582.80811 0.199513
3583.42090 0.199489
3584.03394 0.199466
3584.64697 0.199442
3585.26099 0.199419
3585.87402 0.199395
3586.48804 0.199371
3587.10107 0.199347
3587.71509 0.199323
3588.32910 0.199299
3588.94312 0.199275
3589.55688 0.199251
3590.17090 0.199229
3590.78491 0.199216
3591.39990 0.199181
3592.01392 0.199133
3592.62891 0.199084
3593.24292 0.199036
3593.85791 0.198987
3594.47290 0.198939
3595.08789 0.19889
3595.70288 0.198841
3596.31812 0.198793
3596.93408 0.198744
3597.54907 0.198695
3598.16504 0.198646
3598.78003 0.198597
3599.39600 0.198548
3600.01196 0.198501
3600.62793 0.198573
3601.24390 0.19865
3601.86011 0.198738
3602.47607 0.198826
3603.09302 0.198914
3603.70898 0.199002
3604.32593 0.19909
3604.94189 0.199178
3605.55908 0.199266
3606.17603 0.199353
3606.79297 0.199442
3607.40991 0.19953
3608.02710 0.199618
3608.64502 0.199706
3609.26196 0.199794
3609.87988 0.199882
3610.49707 0.199979
3611.11499 0.200077
3611.73291 0.200165
3612.35107 0.200254
3612.96899 0.200343
3613.58691 0.200432
3614.20508 0.20052
3614.82300 0.200609
3615.44189 0.200698
3616.06104 0.200787
3616.67896 0.200876
3617.29810 0.200965
3617.91699 0.201054
3618.53589 0.201143
3619.15503 0.201232
3619.77393 0.201321
3620.39404 0.201403
3621.01294 0.201481
3621.63306 0.201559
3622.25195 0.201635
3622.87207 0.201713
3623.49194 0.20179
3624.11206 0.201867
3624.73193 0.201944
3625.35205 0.202021
3625.97192 0.202098
3626.59302 0.202175
3627.21289 0.202253
3627.83398 0.20233
3628.45508 0.202407
3629.07495 0.202485
3629.69604 0.202562
3630.31689 0.202638
3630.93799 0.202714
3631.56006 0.202785
