threeML/data/optical_filters/HST/WFC3_UVIS2-F350LP.ecsv
# %ECSV 0.9
# ---
# datatype:
# - {name: wavelength, unit: Angstrom, datatype: float32}
# - {name: response, datatype: float32}
# meta: !!omap
# - {band_name: F350LP}
# - {group_name: WFC3_UVIS2}
wavelength response
[from data line 4828]
7230.14404 0.232404
7231.37988 0.232294
7232.61816 0.232174
7233.85498 0.232044
7235.09277 0.231913
7236.33105 0.231783
7237.56885 0.231653
7238.80713 0.231522
7240.04492 0.231393
7241.28418 0.231288
7242.52295 0.231188
7243.76221 0.231095
7245.00195 0.231001
7246.24121 0.230908
7247.48096 0.230814
7248.72119 0.230721
7249.96094 0.230627
7251.20215 0.23051
7252.44189 0.230387
7253.68311 0.230255
7254.92383 0.230124
7256.16602 0.229993
7257.40723 0.229861
7258.64893 0.22973
7259.89111 0.229599
7261.13281 0.229491
7262.37500 0.229387
7263.61816 0.229287
7264.85986 0.229187
7266.10400 0.229088
7267.34717 0.228988
7268.58984 0.228888
7269.83398 0.228789
7271.07812 0.228689
7272.32178 0.228588
7273.56592 0.228481
7274.81104 0.228375
7276.05518 0.228268
7277.29980 0.228162
7278.54492 0.228056
7279.79102 0.227949
7281.03613 0.227822
7282.28223 0.227697
7283.52783 0.227595
7284.77393 0.227492
7286.02002 0.22739
7287.26709 0.227288
7288.51416 0.227185
7289.76123 0.227083
7291.00781 0.227001
7292.25488 0.226917
7293.50293 0.226805
7294.75098 0.226693
7295.99902 0.226582
7297.24707 0.22647
7298.49609 0.226359
7299.74512 0.226247
7300.99414 0.226116
7302.24316 0.225982
7303.49219 0.225858
7304.74219 0.225734
7305.99121 0.22561
7307.24121 0.225486
7308.49219 0.225361
7309.74219 0.225237
7310.99316 0.225133
7312.24414 0.225033
7313.49512 0.224928
7314.74609 0.224824
7315.99805 0.224719
7317.24902 0.224614
7318.50098 0.224509
7319.75293 0.224404
7321.00586 0.22428
7322.25781 0.224155
7323.51123 0.224049
7324.76416 0.223942
7326.01709 0.223836
7327.27100 0.223729
7328.52393 0.223623
7329.77783 0.223517
7331.03223 0.223431
7332.28711 0.223343
7333.54102 0.223233
7334.79590 0.223122
7336.05078 0.223011
7337.30615 0.222901
7338.56201 0.22279
7339.81689 0.222679
7341.07324 0.222548
7342.32910 0.222418
7343.58496 0.222303
7344.84082 0.222189
7346.09814 0.222075
7347.35498 0.221961
7348.61182 0.221846
7349.86914 0.221732
7351.12695 0.22164
7352.38477 0.221546
7353.64307 0.22144
7354.90088 0.221335
7356.15918 0.22123
7357.41797 0.221125
7358.67676 0.221019
7359.93604 0.220914
7361.19482 0.220786
7362.45410 0.220658
7363.71387 0.220535
7364.97412 0.220411
7366.23389 0.220288
7367.49414 0.220164
7368.75488 0.220041
7370.01611 0.219918
7371.27588 0.219819
7372.53809 0.219724
7373.79883 0.219633
7375.06104 0.219543
7376.32324 0.219453
7377.58398 0.219363
7378.84717 0.219272
7380.10889 0.21918
7381.37207 0.219065
7382.63477 0.218944
7383.89795 0.218814
7385.16211 0.218684
7386.42480 0.218555
7387.68896 0.218425
7388.95312 0.218296
7390.21680 0.21817
7391.48096 0.218065
7392.74609 0.21797
7394.01123 0.217881
7395.27588 0.217793
7396.54199 0.217704
7397.80713 0.217616
7399.07324 0.217527
7400.33789 0.217432
7401.60400 0.217319
7402.87109 0.217197
7404.13818 0.21707
7405.40381 0.216943
7406.67090 0.216816
7407.93799 0.216689
7409.20605 0.216562
7410.47412 0.216444
7411.74219 0.216341
7413.00977 0.216256
7414.27783 0.216177
7415.54688 0.216097
7416.81494 0.216018
7418.08398 0.215938
7419.35400 0.215859
7420.62305 0.215768
7421.89307 0.215664
7423.16309 0.215544
7424.43311 0.215422
7425.70312 0.2153
7426.97314 0.215178
7428.24414 0.215056
7429.51514 0.214934
7430.78613 0.214836
7432.05811 0.214753
7433.32910 0.214667
7434.60107 0.214582
7435.87305 0.214496
7437.14502 0.214411
7438.41699 0.214325
7439.68994 0.21424
7440.96289 0.214136
7442.23584 0.214027
7443.50977 0.213921
7444.78320 0.213814
7446.05713 0.213707
7447.33105 0.213601
7448.60498 0.213495
7449.87891 0.213388
7451.15381 0.213304
7452.42920 0.21322
7453.70410 0.213131
7454.97900 0.213043
7456.25488 0.212954
7457.53076 0.212866
7458.80713 0.212777
7460.08301 0.212687
7461.35889 0.212575
7462.63623 0.212468
7463.91309 0.212369
7465.18896 0.21227
7466.46680 0.212171
7467.74414 0.212072
7469.02197 0.211973
7470.29980 0.21188
7471.57812 0.211805
7472.85596 0.211721
7474.13477 0.211633
7475.41406 0.211545
7476.69189 0.211456
7477.97217 0.211368
7479.25098 0.21128
7480.53076 0.211182
7481.81104 0.21107
7483.09082 0.210969
7484.37109 0.210871
7485.65186 0.210774
7486.93311 0.210676
7488.21289 0.210578
7489.49512 0.21048
7490.77588 0.210397
7492.05811 0.210324
7493.33887 0.210222
7494.62207 0.21012
7495.90381 0.210018
7497.18701 0.209916
7498.46924 0.209814
7499.75195 0.209712
7501.03516 0.209564
7502.31885 0.209412
7503.60205 0.209289
7504.88623 0.209166
7506.16992 0.209044
7507.45508 0.208921
7508.73877 0.208798
7510.02295 0.208676
7511.30908 0.208577
7512.59424 0.208475
7513.87891 0.208367
7515.16504 0.208259
7516.45020 0.208151
7517.73584 0.208044
7519.02197 0.207936
7520.30908 0.207822
7521.59619 0.207691
7522.88281 0.207556
7524.16992 0.207418
7525.45703 0.207281
7526.74512 0.207143
7528.03320 0.207006
7529.32080 0.206869
7530.60889 0.206743
7531.89697 0.206629
7533.18604 0.206511
7534.47510 0.206392
7535.76416 0.206273
7537.05322 0.206154
7538.34277 0.206035
7539.63184 0.205916
7540.92188 0.205781
7542.21289 0.205639
7543.50293 0.205507
7544.79395 0.205375
7546.08398 0.205242
7547.37598 0.20511
7548.66699 0.204978
7549.95801 0.204846
7551.25000 0.204737
7552.54199 0.204622
7553.83398 0.204498
7555.12695 0.204374
7556.41895 0.204249
7557.71191 0.204125
7559.00488 0.204001
7560.29883 0.203871
7561.59180 0.203723
7562.88623 0.203593
7564.18018 0.203474
7565.47412 0.203354
7566.76904 0.203235
7568.06299 0.203116
7569.35791 0.202996
7570.65283 0.202889
7571.94922 0.202793
7573.24414 0.202683
7574.54004 0.202572
7575.83594 0.20246
7577.13184 0.202349
7578.42822 0.202237
7579.72510 0.202126
7581.02197 0.201996
7582.31885 0.201861
7583.61621 0.201721
7584.91406 0.201581
7586.21094 0.201442
7587.50879 0.201302
7588.80811 0.201163
7590.10596 0.201025
7591.40479 0.200909
7592.70410 0.200788
7594.00195 0.200662
7595.30176 0.200536
7596.60205 0.200409
7597.90088 0.200283
7599.20117 0.200156
7600.50098 0.200021
7601.80176 0.199872
7603.10303 0.199745
7604.40283 0.199625
7605.70410 0.199504
7607.00488 0.199384
7608.30713 0.199264
7609.60889 0.199143
7610.91113 0.199023
7612.21289 0.198902
7613.51514 0.198774
7614.81787 0.198646
7616.12109 0.198518
7617.42383 0.198389
7618.72705 0.198261
7620.03076 0.198134
7621.33398 0.198029
7622.63916 0.197922
7623.94287 0.197813
7625.24707 0.197703
7626.55176 0.197594
7627.85596 0.197484
7629.16211 0.197375
7630.46680 0.197247
7631.77197 0.197086
7633.07812 0.196916
7634.38379 0.196742
7635.68994 0.196569
7636.99707 0.196396
7638.30420 0.196223
7639.60986 0.19605
7640.91699 0.195893
7642.22510 0.195745
7643.53223 0.195622
7644.83984 0.195499
7646.14795 0.195376
7647.45605 0.195252
7648.76514 0.195129
7650.07324 0.195005
7651.38184 0.194859
7652.69092 0.194701
7654.00000 0.194528
7655.31006 0.194355
7656.62012 0.194183
7657.93018 0.19401
7659.24023 0.193838
7660.55078 0.193675
7661.86084 0.193525
7663.17188 0.193398
7664.48291 0.193276
7665.79492 0.193154
7667.10596 0.193033
7668.41797 0.192911
7669.72998 0.192789
7671.04199 0.192649
7672.35498 0.1925
7673.66699 0.192332
7674.97998 0.192163
7676.29297 0.191994
7677.60693 0.191825
7678.92090 0.191656
7680.23389 0.191492
7681.54785 0.191346
7682.86279 0.191202
7684.17676 0.191061
7685.49219 0.19092
7686.80713 0.190779
7688.12207 0.190638
7689.43701 0.190497
7690.75293 0.190344
7692.06885 0.19018
7693.38477 0.190026
7694.70117 0.189871
7696.01807 0.189717
7697.33398 0.189563
7698.65088 0.189409
7699.96924 0.189255
7701.28613 0.189101
7702.60400 0.188945
7703.92188 0.188788
7705.24023 0.18863
7706.55811 0.188473
7707.87695 0.188316
7709.19482 0.188159
7710.51514 0.18801
7711.83301 0.187875
7713.15283 0.187729
7714.47314 0.18758
7715.79297 0.187431
7717.11279 0.187282
7718.43311 0.187133
7719.75391 0.186984
7721.07520 0.186817
7722.39600 0.18665
7723.71680 0.186497
7725.03906 0.186343
7726.35986 0.18619
7727.68213 0.186036
7729.00391 0.185883
7730.32715 0.185736
7731.64893 0.185605
7732.97217 0.185466
7734.29492 0.185323
7735.61914 0.185179
7736.94189 0.185036
7738.26611 0.184893
7739.58984 0.18475
7740.91406 0.184592
7742.23779 0.184428
7743.56299 0.184277
7744.88818 0.184126
7746.21289 0.183975
7747.53809 0.183823
7748.86377 0.183672
7750.18896 0.183524
7751.51611 0.183395
7752.84180 0.183258
7754.16797 0.183113
7755.49512 0.182968
7756.82178 0.182823
7758.14893 0.182679
7759.47705 0.182534
7760.80420 0.182376
7762.13184 0.18221
7763.45996 0.182069
7764.78809 0.181928
7766.11719 0.181787
7767.44482 0.181647
7768.77393 0.181506
7770.10400 0.181365
7771.43311 0.181224
7772.76318 0.181072
7774.09277 0.180908
7775.42285 0.180744
7776.75293 0.18058
7778.08301 0.180416
7779.41504 0.180252
7780.74609 0.1801
7782.07715 0.179958
7783.40820 0.179829
7784.74023 0.179701
7786.07178 0.179573
7787.40381 0.179445
7788.73584 0.179317
7790.06885 0.179188
7791.40186 0.179039
7792.73486 0.178885
7794.06787 0.178726
7795.40186 0.178567
7796.73486 0.178408
7798.06885 0.17825
7799.40381 0.178091
7800.73779 0.177944
7802.07324 0.177807
7803.40820 0.177678
7804.74316 0.17755
7806.07812 0.177422
7807.41406 0.177293
7808.75000 0.177165
7810.08496 0.177035
7811.42188 0.176886
7812.75781 0.17673
7814.09521 0.176567
7815.43213 0.176404
7816.76904 0.176241
7818.10596 0.176078
7819.44385 0.175916
7820.78223 0.175766
7822.12012 0.175624
7823.45801 0.175477
7824.79688 0.17533
7826.13623 0.175182
7827.47510 0.175035
7828.81396 0.174888
7830.15283 0.174741
7831.49316 0.174595
7832.83301 0.174467
7834.17285 0.174355
7835.51416 0.174243
7836.85400 0.174132
7838.19482 0.17402
7839.53613 0.173908
7840.87695 0.173797
7842.21924 0.173684
7843.56104 0.173538
7844.90283 0.173392
7846.24512 0.173246
7847.58691 0.173101
7848.93018 0.172955
7850.27295 0.172814
7851.61621 0.172689
7852.95898 0.172581
7854.30322 0.172485
7855.64697 0.172389
7856.99121 0.172293
7858.33496 0.172197
7859.68018 0.1721
7861.02393 0.171988
7862.37012 0.17187
7863.71484 0.171745
7865.06006 0.171621
7866.40576 0.171496
7867.75195 0.171372
7869.09814 0.171247
7870.44385 0.171129
7871.79102 0.171026
7873.13818 0.170916
7874.48486 0.170803
7875.83203 0.170691
7877.18018 0.170578
7878.52686 0.170466
7879.87500 0.170354
7881.22412 0.170223
7882.57178 0.170085
7883.91992 0.169938
7885.27002 0.169791
7886.61914 0.169643
7887.96777 0.169496
7889.31689 0.169349
7890.66699 0.169202
7892.01807 0.169055
7893.36816 0.16892
7894.71777 0.168788
7896.06885 0.168655
7897.41992 0.168523
7898.77100 0.16839
7900.12305 0.16826
7901.47412 0.168148
7902.82617 0.168048
7904.17822 0.167961
7905.53076 0.167874
7906.88281 0.167786
7908.23584 0.167699
7909.58887 0.167612
7910.94189 0.16751
7912.29590 0.1674
7913.64893 0.167262
7915.00293 0.167124
7916.35791 0.166986
7917.71191 0.166848
7919.06689 0.166711
7920.42188 0.166579
7921.77686 0.166462
7923.13184 0.166354
7924.48779 0.166251
7925.84424 0.166147
7927.20020 0.166043
7928.55615 0.16594
7929.91309 0.165836
7931.27002 0.165714
7932.62598 0.16558
7933.98389 0.165428
7935.34082 0.165276
7936.69922 0.165124
7938.05713 0.164972
7939.41504 0.16482
7940.77295 0.164668
7942.13184 0.164517
7943.49121 0.164402
7944.85010 0.164288
7946.20898 0.164175
7947.56885 0.164061
7948.92920 0.163947
7950.28906 0.163838
7951.64893 0.163745
7953.00879 0.163648
7954.37012 0.163549
7955.73096 0.163451
7957.09180 0.163352
7958.45410 0.163253
7959.81494 0.163154
7961.17676 0.163038
7962.53906 0.162915
7963.90088 0.16278
7965.26416 0.162644
7966.62695 0.162509
7967.99023 0.162374
7969.35303 0.162239
7970.71680 0.162104
7972.08105 0.161969
7973.44385 0.161836
7974.80908 0.161704
7976.17285 0.161572
7977.53809 0.16144
7978.90283 0.161307
7980.26807 0.16118
7981.63281 0.161069
7982.99902 0.16097
7984.36523 0.160879
7985.73096 0.160787
7987.09717 0.160696
7988.46387 0.160605
7989.83105 0.160513
7991.19678 0.160408
7992.56494 0.160292
7993.93213 0.160155
7995.29980 0.160019
7996.66797 0.159882
7998.03613 0.159746
7999.40381 0.159609
8000.77295 0.159481
8002.14209 0.159359
8003.51123 0.159258
8004.87988 0.159159
8006.25000 0.159059
8007.62012 0.158959
8008.99023 0.15886
8010.35986 0.158755
8011.73096 0.158639
8013.10205 0.158508
8014.47314 0.15837
8015.84424 0.158231
8017.21484 0.158093
8018.58691 0.157955
8019.95898 0.157817
8021.33105 0.15768
8022.70410 0.157556
8024.07617 0.157453
8025.44922 0.15735
8026.82178 0.157248
8028.19482 0.157145
8029.56885 0.157042
8030.94287 0.156955
8032.31689 0.156872
8033.69092 0.156762
8035.06592 0.156653
8036.43994 0.156543
8037.81494 0.156434
8039.19092 0.156324
8040.56592 0.156207
8041.94189 0.156078
8043.31787 0.155958
8044.69385 0.155841
8046.06982 0.155724
8047.44678 0.155607
8048.82422 0.15549
8050.20117 0.155373
8051.57812 0.155256
8052.95605 0.15514
8054.33301 0.155023
8055.71191 0.154907
8057.08984 0.154791
8058.46924 0.154674
8059.84717 0.154558
8061.22705 0.154459
8062.60498 0.154357
8063.98486 0.154244
8065.36523 0.15413
8066.74512 0.154017
8068.12500 0.153903
8069.50488 0.153789
8070.88623 0.153664
8072.26709 0.153531
8073.64795 0.153416
8075.02881 0.153301
8076.41113 0.153186
8077.79199 0.15307
8079.17480 0.152955
8080.55713 0.15284
8081.93896 0.152725
8083.32178 0.152623
8084.70605 0.152525
8086.08887 0.152426
8087.47217 0.152327
8088.85596 0.152229
8090.24023 0.152133
8091.62402 0.152054
8093.00781 0.151962
8094.39307 0.151859
8095.77783 0.151757
8097.16309 0.151655
8098.54785 0.151552
8099.93408 0.15145
8101.31982 0.15133
8102.70605 0.151203
8104.09180 0.151065
8105.47900 0.150928
8106.86621 0.150791
8108.25293 0.150654
8109.64014 0.150517
8111.02783 0.15038
8112.41602 0.150246
8113.80322 0.150127
8115.19092 0.150009
8116.58008 0.14989
8117.96924 0.149772
8119.35791 0.149653
8120.74707 0.149545
8122.13623 0.149445
8123.52588 0.14934
8124.91602 0.149234
8126.30615 0.149129
8127.69580 0.149023
8129.08691 0.148918
8130.47803 0.148805
8131.86914 0.148681
8133.25977 0.148576
8134.65186 0.148479
8136.04297 0.148382
8137.43604 0.148285
8138.82812 0.148188
8140.22021 0.148091
8141.61279 0.147994
8143.00586 0.147881
8144.39893 0.147755
8145.79297 0.147629
8147.18701 0.147503
8148.58105 0.147376
8149.97510 0.147251
8151.36914 0.147143
8152.76416 0.147031
8154.15918 0.146911
8155.55420 0.146791
8156.94922 0.146671
8158.34521 0.146551
8159.74121 0.146431
8161.13721 0.146296
8162.53320 0.146166
8163.93018 0.146071
8165.32617 0.145976
8166.72314 0.145881
8168.12109 0.145785
8169.51807 0.14569
8170.91602 0.145595
8172.31396 0.145498
8173.71191 0.145379
8175.11084 0.145259
8176.50879 0.14514
8177.90820 0.145021
8179.30811 0.144901
8180.70703 0.144791
8182.10596 0.144691
8183.50586 0.144582
8184.90723 0.144471
8186.30713 0.144361
8187.70801 0.144251
8189.10791 0.144141
8190.50977 0.144024
8191.91113 0.143895
8193.31152 0.143779
8194.71484 0.143666
8196.11621 0.143554
8197.51855 0.143442
8198.92090 0.14333
8200.32422 0.143218
8201.72754 0.143109
8203.13086 0.143
8204.53418 0.142891
8205.93848 0.142783
8207.34180 0.142675
8208.74609 0.142566
8210.15039 0.14246
8211.55469 0.14237
8212.95996 0.142277
8214.36523 0.142181
8215.77148 0.142086
8217.17676 0.14199
8218.58203 0.141894
8219.98828 0.141798
8221.39453 0.141684
8222.80176 0.141569
8224.20801 0.141451
8225.61523 0.141333
8227.02246 0.141215
8228.43066 0.141097
8229.83789 0.140979
8231.24609 0.140871
8232.65430 0.140764
8234.06348 0.140657
8235.47168 0.140549
8236.88086 0.140441
8238.29004 0.140333
8239.70020 0.140226
8241.10938 0.140132
8242.51953 0.140043
8243.92969 0.139957
8245.34082 0.139871
8246.75098 0.139785
8248.16211 0.139698
8249.57324 0.139612
8250.98438 0.139513
8252.39648 0.13941
8253.80859 0.139318
8255.22070 0.139227
8256.63281 0.139135
8258.04590 0.139043
8259.45898 0.138952
8260.87207 0.13886
8262.28516 0.138768
8263.69922 0.13865
8265.11230 0.138531
8266.52637 0.138413
8267.94141 0.138295
8269.35547 0.138177
8270.77148 0.138068
8272.18555 0.137968
8273.60059 0.137892
8275.01660 0.137816
8276.43262 0.137741
8277.84863 0.137666
8279.26465 0.137591
8280.68164 0.137507
8282.09766 0.137413
8283.51465 0.137323
8284.93262 0.137233
8286.34961 0.137144
8287.76758 0.137054
8289.18555 0.136964
8290.60352 0.136874
8292.02246 0.136784
8293.44141 0.136662
8294.86035 0.136534
