threeML/data/optical_filters/HST/WFC3_UVIS2-F350LP.ecsv
# %ECSV 0.9
# ---
# datatype:
# - {name: wavelength, unit: Angstrom, datatype: float32}
# - {name: response, datatype: float32}
# meta: !!omap
# - {band_name: F350LP}
# - {group_name: WFC3_UVIS2}
wavelength response
[from data line 6437]
9521.25293 0.056405
9522.88184 0.056298
9524.51172 0.0562
9526.14062 0.056102
9527.77148 0.056005
9529.40137 0.055907
9531.03125 0.055809
9532.66211 0.055711
9534.29297 0.055611
9535.92480 0.055512
9537.55566 0.055412
9539.18848 0.055313
9540.81934 0.055213
9542.45215 0.055113
9544.08496 0.055006
9545.71777 0.054897
9547.35059 0.054789
9548.98438 0.054681
9550.61816 0.054572
9552.25195 0.054464
9553.88672 0.054359
9555.52148 0.054255
9557.15625 0.054151
9558.79102 0.054047
9560.42676 0.053943
9562.06152 0.053839
9563.69824 0.053735
9565.33496 0.053632
9566.97168 0.053529
9568.60840 0.053425
9570.24512 0.053321
9571.88281 0.053218
9573.52148 0.053111
9575.15820 0.053002
9576.79688 0.052893
9578.43555 0.052784
9580.07422 0.052675
9581.71289 0.052566
9583.35254 0.05246
9584.99219 0.052359
9586.63184 0.052258
9588.27246 0.052157
9589.91309 0.052055
9591.55371 0.051953
9593.19434 0.051851
9594.83594 0.051747
9596.47754 0.051642
9598.12012 0.051538
9599.76172 0.051433
9601.40430 0.051333
9603.04688 0.051232
9604.69043 0.051124
9606.33301 0.051016
9607.97656 0.050908
9609.62109 0.050799
9611.26465 0.050678
9612.90918 0.050555
9614.55371 0.050443
9616.19922 0.050331
9617.84473 0.05022
9619.49023 0.050108
9621.13574 0.050002
9622.78223 0.049897
9624.42871 0.049773
9626.07520 0.049649
9627.72168 0.049525
9629.36914 0.049401
9631.01660 0.049276
9632.66504 0.049152
9634.31152 0.049046
9635.96094 0.04894
9637.60938 0.048834
9639.25879 0.048728
9640.90820 0.048621
9642.55762 0.048515
9644.20703 0.048401
9645.85742 0.048286
9647.50781 0.048172
9649.15820 0.048057
9650.80957 0.047942
9652.45996 0.047828
9654.11230 0.047714
9655.76367 0.047601
9657.41602 0.047488
9659.06836 0.047375
9660.72070 0.047261
9662.37402 0.047148
9664.02637 0.047032
9665.68066 0.046916
9667.33398 0.0468
9668.98828 0.046683
9670.64258 0.046567
9672.29688 0.046451
9673.95215 0.046334
9675.60645 0.046216
9677.26270 0.046099
9678.91797 0.045981
9680.57422 0.045864
9682.23047 0.045746
9683.88672 0.045632
9685.54395 0.045518
9687.20117 0.045405
9688.85840 0.045292
9690.51660 0.045178
9692.17383 0.045064
9693.83203 0.044951
9695.49121 0.044838
9697.14941 0.044725
9698.80859 0.044612
9700.46875 0.044499
9702.12793 0.044386
9703.78809 0.044271
9705.44824 0.044156
9707.10840 0.044042
9708.76953 0.043927
9710.43066 0.043811
9712.09180 0.043696
9713.75391 0.043578
9715.41602 0.043458
9717.07812 0.043338
9718.74023 0.043217
9720.40332 0.043097
9722.06641 0.042977
9723.72852 0.042861
9725.39355 0.042748
9727.05762 0.042635
9728.72168 0.042522
9730.38672 0.042409
9732.05078 0.042295
9733.71582 0.042181
9735.38184 0.042066
9737.04688 0.041951
9738.71289 0.041836
9740.37988 0.04172
9742.04590 0.041605
9743.71289 0.041484
9745.37988 0.04136
9747.04785 0.041236
9748.71484 0.041112
9750.38281 0.040987
9752.05078 0.040863
9753.71973 0.040744
9755.38867 0.040629
9757.05762 0.040514
9758.72656 0.040398
9760.39648 0.040282
9762.06641 0.040167
9763.73730 0.040052
9765.40723 0.039938
9767.07812 0.039823
9768.74902 0.039709
9770.42090 0.039594
9772.09277 0.039479
9773.76465 0.039361
9775.43652 0.039242
9777.10938 0.039122
9778.78223 0.039002
9780.45508 0.038882
9782.12793 0.038762
9783.80176 0.038639
9785.47559 0.038514
9787.15039 0.038389
9788.82520 0.038264
9790.50000 0.038139
9792.17480 0.038014
9793.84961 0.037892
9795.52539 0.037772
9797.20215 0.037651
9798.87793 0.037531
9800.55469 0.037409
9802.23145 0.037284
9803.90820 0.037161
9805.58594 0.037038
9807.26367 0.036915
9808.94141 0.036792
9810.62012 0.036669
9812.29785 0.036546
9813.97754 0.036421
9815.65625 0.036295
9817.33594 0.03617
9819.01562 0.036044
9820.69531 0.035919
9822.37598 0.035793
9824.05566 0.035665
9825.73730 0.035537
9827.41797 0.035409
9829.09961 0.03528
9830.78125 0.035153
9832.46289 0.035027
9834.14648 0.034901
9835.82812 0.034776
9837.51074 0.03465
9839.19434 0.034525
9840.87793 0.034399
9842.56152 0.034273
9844.24512 0.034153
9845.92969 0.034032
9847.61426 0.033911
9849.29883 0.033791
9850.98438 0.03367
9852.66992 0.033549
9854.35547 0.03342
9856.04102 0.033291
9857.72754 0.033163
9859.41406 0.033034
9861.10156 0.032905
9862.78809 0.032776
9864.47559 0.032652
9866.16309 0.032527
9867.85156 0.032403
9869.54004 0.032279
9871.22852 0.032154
9872.91699 0.032029
9874.60645 0.031903
9876.29590 0.031777
9877.98633 0.031651
9879.67578 0.031525
9881.36621 0.031398
9883.05664 0.031273
9884.74805 0.031152
9886.43945 0.03103
9888.13086 0.030909
9889.82227 0.030787
9891.51465 0.030665
9893.20703 0.030541
9894.89941 0.030412
9896.59277 0.030283
9898.28613 0.030153
9899.97852 0.030024
9901.67285 0.02989
9903.36719 0.029756
9905.06152 0.029626
9906.75684 0.029495
9908.45117 0.029365
9910.14648 0.029235
9911.84277 0.029109
9913.53809 0.028983
9915.23438 0.028856
9916.93066 0.028729
9918.62793 0.028601
9920.32422 0.028474
9922.02148 0.028347
9923.71973 0.028221
9925.41699 0.028096
9927.11523 0.02797
9928.81445 0.027845
9930.51270 0.02772
9932.21191 0.027594
9933.91113 0.027464
9935.61035 0.027332
9937.31055 0.027199
9939.01074 0.027067
9940.71191 0.026934
9942.41211 0.026802
9944.11328 0.026674
9945.81445 0.026546
9947.51660 0.026419
9949.21875 0.026292
9950.92090 0.026164
9952.62305 0.026036
9954.32617 0.025908
9956.02930 0.02578
9957.73242 0.025652
9959.43652 0.025524
9961.14062 0.025396
9962.84473 0.025268
9964.54883 0.025137
9966.25391 0.025007
9967.95898 0.024877
9969.66504 0.024747
9971.37012 0.024617
9973.07617 0.024486
9974.78320 0.024357
9976.48926 0.024227
9978.19629 0.024097
9979.90332 0.023967
9981.61133 0.023837
9983.31934 0.023706
9985.02734 0.023576
9986.73535 0.023446
9988.44434 0.023316
9990.15332 0.023185
9991.86230 0.023055
9993.57227 0.022925
9995.28125 0.022796
9996.99219 0.022667
9998.70215 0.022538
10000.41016 0.02242
10002.12012 0.022334
10003.83008 0.022247
10005.54980 0.022158
10007.25977 0.02207
10008.96973 0.021982
10010.67969 0.021893
10012.40039 0.021805
10014.11035 0.021717
10015.82031 0.021629
10017.54004 0.021542
10019.25000 0.021454
10020.95996 0.021366
10022.67969 0.021279
10024.38965 0.021194
10026.11035 0.021109
10027.82031 0.021024
10029.54004 0.020939
10031.25977 0.020851
10032.96973 0.020761
10034.69043 0.020667
10036.41016 0.020573
10038.12012 0.020478
10039.83984 0.020384
10041.55957 0.020294
10043.28027 0.020205
10045.00000 0.02012
10046.70996 0.020034
10048.42969 0.019949
10050.15039 0.019864
10051.87012 0.019778
10053.58984 0.019692
10055.30957 0.019605
10057.03027 0.019517
10058.75000 0.01943
10060.46973 0.019343
10062.19043 0.019256
10063.91992 0.019169
10065.63965 0.019081
10067.36035 0.018994
10069.08008 0.018906
10070.80957 0.018819
10072.53027 0.018731
10074.25000 0.018645
10075.98047 0.018559
10077.70020 0.018473
10079.41992 0.018387
10081.15039 0.018301
10082.87012 0.018215
10084.59961 0.018125
10086.32031 0.018035
10088.04980 0.017945
10089.78027 0.017855
10091.50000 0.017765
10093.23047 0.017676
10094.95996 0.017591
10096.67969 0.017505
10098.41016 0.017419
10100.13965 0.017334
10101.87012 0.017248
10103.58984 0.017161
10105.32031 0.017073
10107.04980 0.016984
10108.78027 0.016896
10110.50977 0.016807
10112.24023 0.016719
10113.96973 0.01663
10115.70020 0.016542
10117.42969 0.016454
10119.16016 0.016366
10120.88965 0.016276
10122.62988 0.016185
10124.36035 0.016095
10126.08984 0.016006
10127.82031 0.015916
10129.54980 0.015827
10131.29004 0.01574
10133.01953 0.015653
10134.75000 0.015564
10136.49023 0.015476
10138.21973 0.015387
10139.95996 0.015299
10141.69043 0.01521
10143.42969 0.015122
10145.16016 0.015034
10146.90039 0.014947
10148.63965 0.014859
10150.37012 0.014772
10152.11035 0.014684
10153.84961 0.014596
10155.58008 0.014508
10157.32031 0.01442
10159.05957 0.014332
10160.79980 0.014244
10162.54004 0.014156
10164.26953 0.014067
10166.00977 0.013977
10167.75000 0.013888
10169.49023 0.013798
10171.23047 0.013709
10172.96973 0.013619
10174.70996 0.013532
10176.45020 0.013444
10178.19043 0.013357
10179.94043 0.013269
10181.67969 0.013182
10183.41992 0.013094
10185.16016 0.013006
10186.90039 0.012919
10188.65039 0.012831
10190.38965 0.012743
10192.12988 0.012655
10193.87988 0.012567
10195.62012 0.01248
10197.37012 0.012392
10199.11035 0.012305
10200.86035 0.012232
10202.59961 0.012173
10204.34961 0.012113
10206.08984 0.012053
10207.83984 0.011993
10209.58984 0.011933
10211.33008 0.011874
10213.08008 0.011817
10214.83008 0.011762
10216.58008 0.011707
10218.32031 0.011653
10220.07031 0.011598
10221.82031 0.011543
10223.57031 0.011487
10225.32031 0.011429
10227.07031 0.011372
10228.82031 0.011314
10230.57031 0.011257
10232.32031 0.011199
10234.07031 0.011143
10235.82031 0.011087
10237.57031 0.011032
10239.32031 0.010976
10241.07031 0.01092
10242.83008 0.010865
10244.58008 0.010809
10246.33008 0.010753
10248.08008 0.010698
10249.83984 0.010642
10251.58984 0.010586
10253.34961 0.010531
10255.09961 0.010475
10256.84961 0.01042
10258.61035 0.010364
10260.36035 0.010308
10262.12012 0.010253
10263.87988 0.010196
10265.62988 0.010139
10267.38965 0.010082
10269.15039 0.010025
10270.90039 0.009967
10272.66016 0.009908
10274.41992 0.00985
10276.16992 0.009791
10277.92969 0.009733
10279.69043 0.009674
10281.45020 0.009617
10283.20996 0.009561
10284.96973 0.009506
10286.73047 0.009451
10288.49023 0.009395
10290.25000 0.00934
10292.00977 0.009284
10293.76953 0.009229
10295.53027 0.009172
10297.29004 0.009116
10299.04980 0.00906
10300.82031 0.009003
10302.58008 0.008947
10304.33984 0.008891
10306.11035 0.008834
10307.87012 0.008778
10309.62988 0.008721
10311.40039 0.008665
10313.16016 0.008608
10314.91992 0.008552
10316.69043 0.008497
10318.45996 0.008441
10320.21973 0.008385
10321.99023 0.008329
10323.75000 0.008273
10325.51953 0.008217
10327.29004 0.00816
10329.04980 0.008104
10330.82031 0.008047
10332.58984 0.007991
10334.34961 0.007934
10336.12012 0.007878
10337.88965 0.007822
10339.66016 0.007765
10341.42969 0.007708
10343.20020 0.00765
10344.96973 0.007592
10346.74023 0.007535
10348.50977 0.007477
10350.28027 0.00742
10352.04980 0.007364
10353.82031 0.007308
10355.58984 0.007253
10357.36035 0.007197
10359.13965 0.007142
10360.91016 0.007086
10362.67969 0.00703
10364.45020 0.006973
10366.23047 0.006916
10368.00000 0.006859
10369.78027 0.006802
10371.54980 0.006745
10373.32031 0.006688
10375.09961 0.006633
10376.87012 0.006577
10378.65039 0.006522
10380.41992 0.006466
10382.20020 0.00641
10383.98047 0.006354
10385.75000 0.006298
10387.53027 0.006242
10389.30957 0.006186
10391.08984 0.006129
10392.86035 0.006073
10394.63965 0.006017
10396.41992 0.005961
10398.20020 0.005905
10399.98047 0.005849
10401.75977 0.005819
10403.54004 0.00579
10405.32031 0.00576
10407.09961 0.00573
10408.87988 0.0057
10410.66016 0.00567
10412.44043 0.005641
10414.21973 0.005613
10416.00000 0.005585
10417.79004 0.005557
10419.57031 0.005529
10421.34961 0.005501
10423.12988 0.005473
10424.91992 0.005444
10426.70020 0.005416
10428.48047 0.005387
10430.26953 0.005359
10432.04980 0.005331
10433.83984 0.005302
10435.62012 0.005274
10437.41016 0.005245
10439.19043 0.005217
10440.98047 0.005188
10442.76953 0.00516
10444.54980 0.005131
10446.33984 0.005103
10448.12988 0.005075
10449.91992 0.005046
10451.70020 0.005017
10453.49023 0.004988
10455.28027 0.004959
10457.07031 0.00493
10458.86035 0.004901
10460.65039 0.004872
10462.44043 0.004844
10464.23047 0.004816
10466.01953 0.004788
10467.80957 0.00476
10469.59961 0.004732
10471.38965 0.004703
10473.17969 0.004675
10474.96973 0.004647
10476.76953 0.004619
10478.55957 0.004591
10480.34961 0.004563
10482.15039 0.004535
10483.94043 0.004507
10485.73047 0.004479
10487.53027 0.004451
10489.32031 0.004423
10491.12012 0.004396
10492.91016 0.004368
10494.70996 0.004339
10496.50000 0.00431
10498.29980 0.004282
10500.08984 0.004253
10501.88965 0.004224
10503.69043 0.004194
10505.48047 0.004165
10507.28027 0.004136
10509.08008 0.004107
10510.87988 0.004079
10512.67969 0.004051
10514.46973 0.004022
10516.26953 0.003993
10518.07031 0.003965
10519.87012 0.003936
10521.66992 0.003907
10523.46973 0.003879
10525.26953 0.003851
10527.07031 0.003823
10528.87988 0.003795
10530.67969 0.003767
10532.48047 0.003739
10534.28027 0.003711
10536.08008 0.003683
10537.87988 0.003655
10539.69043 0.003627
10541.49023 0.003599
10543.29004 0.003571
10545.09961 0.003543
10546.90039 0.003515
10548.70996 0.003487
10550.50977 0.003459
10552.32031 0.00343
10554.12012 0.003401
10555.92969 0.003372
10557.73047 0.003343
10559.54004 0.003314
10561.34961 0.003285
10563.15039 0.003257
10564.95996 0.003229
10566.76953 0.003201
10568.58008 0.003172
10570.38965 0.003144
10572.19043 0.003116
10574.00000 0.003088
10575.80957 0.00306
10577.62012 0.003032
10579.42969 0.003004
10581.24023 0.002976
10583.04980 0.002948
10584.86035 0.00292
10586.66992 0.002892
10588.49023 0.002864
10590.29980 0.002836
10592.11035 0.002808
10593.91992 0.00278
10595.73047 0.002752
10597.54980 0.002724
10599.36035 0.002696
10601.16992 0.002679
10602.99023 0.002667
10604.79980 0.002655
10606.62012 0.002643
10608.42969 0.002632
10610.25000 0.00262
10612.05957 0.002609
10613.87988 0.002598
10615.69043 0.002587
10617.50977 0.002576
10619.33008 0.002564
10621.13965 0.002553
10622.95996 0.002542
10624.78027 0.002531
10626.58984 0.00252
10628.41016 0.002509
10630.23047 0.002497
10632.04980 0.002486
10633.87012 0.002475
10635.69043 0.002463
10637.50977 0.002452
10639.33008 0.002441
10641.15039 0.002429
10642.96973 0.002417
10644.79004 0.002406
10646.61035 0.002394
10648.42969 0.002383
10650.25000 0.002371
10652.08008 0.00236
10653.90039 0.00235
10655.71973 0.002338
10657.54004 0.002327
10659.37012 0.002316
10661.19043 0.002305
10663.01953 0.002294
10664.83984 0.002283
10666.66992 0.002272
10668.49023 0.002261
10670.32031 0.00225
10672.13965 0.002239
10673.96973 0.002228
10675.79004 0.002217
10677.62012 0.002206
10679.45020 0.002195
10681.26953 0.002183
10683.09961 0.002172
10684.92969 0.002161
10686.75977 0.00215
10688.58984 0.002139
10690.41992 0.002128
10692.24023 0.002117
10694.07031 0.002106
10695.90039 0.002094
10697.73047 0.002082
10699.55957 0.002071
10701.38965 0.00206
10703.23047 0.002049
10705.05957 0.002038
10706.88965 0.002027
10708.71973 0.002016
10710.54980 0.002004
10712.37988 0.001993
10714.21973 0.001982
10716.04980 0.001972
10717.87988 0.001961
10719.71973 0.00195
10721.54980 0.001939
10723.38965 0.001928
10725.21973 0.001917
10727.05957 0.001906
10728.88965 0.001895
10730.73047 0.001883
10732.55957 0.001872
10734.40039 0.00186
10736.24023 0.001849
10738.07031 0.001837
10739.91016 0.001826
10741.75000 0.001815
10743.58984 0.001804
10745.41992 0.001793
10747.25977 0.001782
10749.09961 0.001771
10750.94043 0.00176
10752.78027 0.001749
10754.62012 0.001738
10756.45996 0.001727
10758.29980 0.001716
10760.13965 0.001705
10761.98047 0.001694
10763.82031 0.001683
10765.66016 0.001672
10767.50977 0.001661
10769.34961 0.00165
10771.19043 0.001639
10773.03027 0.001628
10774.87988 0.001616
10776.71973 0.001605
10778.55957 0.001593
10780.41016 0.001582
10782.25000 0.001571
10784.09961 0.00156
10785.94043 0.001549
10787.79004 0.001538
10789.62988 0.001527
10791.48047 0.001516
10793.33008 0.001505
10795.16992 0.001495
10797.01953 0.001484
10798.87012 0.001473
10800.70996 0.001463
10802.55957 0.001454
10804.41016 0.001446
10806.25977 0.001438
10808.11035 0.00143
10809.95996 0.001421
10811.80957 0.001413
10813.66016 0.001404
10815.50977 0.001395
10817.36035 0.001387
10819.20996 0.001378
10821.05957 0.00137
10822.91016 0.001361
10824.75977 0.001353
10826.62012 0.001345
10828.46973 0.001337
10830.32031 0.001328
10832.16992 0.00132
10834.03027 0.001312
10835.87988 0.001303
10837.73047 0.001295
10839.58984 0.001287
10841.44043 0.001278
10843.29980 0.00127
10845.15039 0.001261
10847.00977 0.001253
10848.86035 0.001244
10850.71973 0.001235
10852.58008 0.001227
10854.42969 0.001219
10856.29004 0.001211
10858.15039 0.001203
10860.00977 0.001194
10861.86035 0.001186
10863.71973 0.001178
10865.58008 0.00117
10867.44043 0.001162
10869.29980 0.001153
10871.16016 0.001145
10873.01953 0.001137
10874.87988 0.001129
