threeML/data/optical_filters/HST/WFC3_UVIS2-F200LP.ecsv
# %ECSV 0.9
# ---
# datatype:
# - {name: wavelength, unit: Angstrom, datatype: float32}
# - {name: response, datatype: float32}
# meta: !!omap
# - {band_name: F200LP}
# - {group_name: WFC3_UVIS2}
wavelength response
1790.40601 0.0
1989.33997 0.000608
1989.68005 0.019526
1990.02002 0.134645
1990.35999 0.13495
1990.69995 0.135255
1991.04102 0.13556
1991.38098 0.135866
1991.72095 0.136172
1992.06201 0.136479
1992.40198 0.136786
1992.74304 0.137093
1993.08301 0.137401
1993.42395 0.13771
1993.76404 0.138018
1994.10498 0.138328
1994.44604 0.138638
1994.78699 0.138948
1995.12805 0.139259
1995.46899 0.13957
1995.81006 0.139882
1996.15100 0.140194
1996.49194 0.140506
1996.83301 0.140819
1997.17505 0.141133
1997.51599 0.141447
1997.85706 0.141761
1998.19897 0.142076
1998.54004 0.142392
1998.88196 0.142707
1999.22400 0.143024
1999.56494 0.143341
1999.90698 0.143658
2000.24902 0.14384
2000.59094 0.143972
2000.93298 0.144098
2001.27502 0.144222
2001.61694 0.144347
2001.95898 0.144472
2002.30103 0.144596
2002.64294 0.144721
2002.98499 0.144846
2003.32800 0.144972
2003.67004 0.145097
2004.01294 0.145222
2004.35498 0.145347
2004.69800 0.145473
2005.04004 0.145599
2005.38306 0.145725
2005.72595 0.14585
2006.06897 0.145976
2006.41101 0.146102
2006.75403 0.146229
2007.09705 0.146355
2007.43994 0.146481
2007.78296 0.146608
2008.12695 0.146734
2008.46997 0.146861
2008.81299 0.146988
2009.15601 0.147115
2009.50000 0.147241
2009.84302 0.147369
2010.18701 0.147496
2010.53003 0.147623
2010.87402 0.14775
2011.21802 0.147877
2011.56104 0.148005
2011.90503 0.148133
2012.24902 0.14826
2012.59302 0.148388
2012.93701 0.148516
2013.28101 0.148644
2013.62500 0.148772
2013.96899 0.1489
2014.31299 0.149028
2014.65796 0.149157
2015.00195 0.149285
2015.34595 0.149414
2015.69104 0.149542
2016.03503 0.149671
2016.38000 0.1498
2016.72498 0.149929
2017.06897 0.150058
2017.41394 0.150188
2017.75903 0.150317
2018.10400 0.150446
2018.44897 0.150576
2018.79395 0.150705
2019.13904 0.150835
2019.48401 0.150965
2019.82898 0.151095
2020.17395 0.151223
2020.51904 0.151347
2020.86499 0.151466
2021.20996 0.15158
2021.55603 0.151694
2021.90100 0.151808
2022.24695 0.151922
2022.59204 0.152036
2022.93799 0.15215
2023.28406 0.152265
2023.62903 0.152379
2023.97498 0.152494
2024.32104 0.152609
2024.66699 0.152723
2025.01294 0.152838
2025.35901 0.152953
2025.70605 0.153068
2026.05200 0.153183
2026.39795 0.153298
2026.74402 0.153414
2027.09094 0.153529
2027.43701 0.153644
2027.78406 0.15376
2028.13000 0.153875
2028.47705 0.153991
2028.82397 0.154107
2029.17004 0.154223
2029.51697 0.154339
2029.86401 0.154454
2030.21106 0.154574
2030.55798 0.154695
2030.90503 0.154816
2031.25195 0.154937
2031.59900 0.155058
2031.94702 0.155179
2032.29395 0.155301
2032.64099 0.155422
2032.98901 0.155544
2033.33606 0.155666
2033.68396 0.155787
2034.03101 0.155909
2034.37903 0.156031
2034.72595 0.156154
2035.07397 0.156276
2035.42200 0.156398
2035.77002 0.15652
2036.11804 0.156643
2036.46594 0.156765
2036.81396 0.156888
2037.16199 0.157011
2037.51001 0.157134
2037.85803 0.157256
2038.20703 0.15738
2038.55505 0.157503
2038.90405 0.157626
2039.25195 0.157749
2039.59998 0.157872
2039.94897 0.157996
2040.29797 0.158119
2040.64600 0.158243
2040.99500 0.15836
2041.34399 0.158478
2041.69299 0.158596
2042.04199 0.158714
2042.39099 0.158831
2042.73999 0.158949
2043.08899 0.159068
2043.43799 0.159186
2043.78796 0.159304
2044.13696 0.159422
2044.48596 0.159541
2044.83606 0.159659
2045.18506 0.159778
2045.53503 0.159896
2045.88403 0.160015
2046.23401 0.160134
2046.58398 0.160253
2046.93298 0.160372
2047.28296 0.160491
2047.63306 0.16061
2047.98303 0.16073
2048.33301 0.160849
2048.68311 0.160969
2049.03296 0.161088
2049.38403 0.161208
2049.73389 0.161328
2050.08398 0.16145
2050.43506 0.161581
2050.78491 0.161713
2051.13501 0.161844
2051.48608 0.161976
2051.83691 0.162108
2052.18799 0.162239
2052.53809 0.162371
2052.88892 0.162503
2053.23999 0.162635
2053.59106 0.162768
2053.94189 0.1629
2054.29297 0.163033
2054.64404 0.163165
2054.99512 0.163298
2055.34595 0.163431
2055.69800 0.163564
2056.04907 0.163696
2056.39990 0.16383
2056.75195 0.163963
2057.10303 0.164096
2057.45508 0.16423
2057.80688 0.164363
2058.15796 0.164497
2058.51001 0.164631
2058.86206 0.164764
2059.21411 0.164898
2059.56592 0.165032
2059.91797 0.165167
2060.27002 0.165301
2060.62207 0.165435
2060.97412 0.165561
2061.32593 0.165687
2061.67896 0.165813
2062.03101 0.165938
2062.38403 0.166065
2062.73608 0.166191
2063.08789 0.166317
2063.44092 0.166443
2063.79395 0.16657
2064.14600 0.166696
2064.49902 0.166823
2064.85205 0.166949
2065.20508 0.167076
2065.55811 0.167203
2065.91089 0.16733
2066.26392 0.167457
2066.61694 0.167584
2066.96997 0.167712
2067.32397 0.167839
2067.67700 0.167967
2068.03101 0.168094
2068.38403 0.168222
2068.73804 0.16835
2069.09106 0.168478
2069.44507 0.168606
2069.79810 0.168734
2070.15210 0.168859
2070.50610 0.168981
2070.86011 0.169103
2071.21411 0.169225
2071.56812 0.169348
2071.92212 0.16947
2072.27588 0.169592
2072.62988 0.169715
2072.98389 0.169838
2073.33911 0.16996
2073.69312 0.170083
2074.04712 0.170206
2074.40210 0.170329
2074.75610 0.170452
2075.11108 0.170575
2075.46606 0.170698
2075.82007 0.170822
2076.17505 0.170945
2076.53003 0.171069
2076.88501 0.171192
2077.23999 0.171316
2077.59497 0.17144
2077.94995 0.171563
2078.30493 0.171687
2078.65991 0.171811
2079.01611 0.171936
2079.37109 0.17206
2079.72607 0.172184
2080.08203 0.17231
2080.43701 0.172439
2080.79297 0.172567
2081.14795 0.17269
2081.50391 0.172813
2081.86011 0.172936
2082.21606 0.17306
2082.57202 0.173183
2082.92798 0.173307
2083.28394 0.173431
2083.63989 0.173554
2083.99609 0.173678
2084.35205 0.173802
2084.70801 0.173926
2085.06396 0.17405
2085.42090 0.174175
2085.77710 0.174299
2086.13403 0.174423
2086.48999 0.174548
2086.84692 0.174672
2087.20410 0.174797
2087.56006 0.174922
2087.91699 0.175047
2088.27393 0.175172
2088.63110 0.175297
2088.98804 0.175422
2089.34497 0.175547
2089.70190 0.175673
2090.05908 0.175798
2090.41699 0.175923
2090.77393 0.176047
2091.13110 0.176172
2091.48804 0.176297
2091.84595 0.176423
2092.20288 0.176548
2092.56104 0.176673
2092.91895 0.176798
2093.27588 0.176924
2093.63403 0.177049
2093.99194 0.177175
2094.35010 0.177301
2094.70801 0.177427
2095.06592 0.177553
2095.42407 0.177679
2095.78198 0.177805
2096.13989 0.177931
2096.49902 0.178057
2096.85693 0.178184
2097.21509 0.17831
2097.57300 0.178437
2097.93188 0.178564
2098.29102 0.17869
2098.64893 0.178817
2099.00806 0.178944
2099.36694 0.179071
2099.72607 0.179199
2100.08398 0.17935
2100.44312 0.179582
2100.80200 0.179813
2101.16089 0.180043
2101.52100 0.180273
2101.87988 0.180503
2102.23901 0.180733
2102.59790 0.180964
2102.95801 0.181195
2103.31689 0.181426
2103.67700 0.181657
2104.03589 0.181889
2104.39600 0.18212
2104.75488 0.182353
2105.11499 0.182585
2105.47510 0.182817
2105.83496 0.18305
2106.19507 0.183283
2106.55396 0.183517
2106.91504 0.18375
2107.27490 0.183984
2107.63501 0.184218
2107.99512 0.184452
2108.35498 0.184687
2108.71606 0.184922
2109.07593 0.185157
2109.43701 0.185392
2109.79712 0.185628
2110.15796 0.185863
2110.51807 0.186098
2110.87891 0.186333
2111.23999 0.186569
2111.60107 0.186805
2111.96094 0.187041
2112.32300 0.187277
2112.68408 0.187514
2113.04492 0.18775
2113.40601 0.187988
2113.76709 0.188225
2114.12793 0.188462
2114.48999 0.1887
2114.85107 0.188938
2115.21191 0.189176
2115.57397 0.189415
2115.93604 0.189654
2116.29712 0.189893
2116.65894 0.190132
2117.02100 0.190372
2117.38208 0.190611
2117.74390 0.190852
2118.10596 0.191092
2118.46802 0.191333
2118.83008 0.191573
2119.19189 0.191814
2119.55493 0.192056
2119.91699 0.192297
2120.27905 0.192533
2120.64209 0.192768
2121.00391 0.193
2121.36694 0.193233
2121.72900 0.193466
2122.09204 0.193698
2122.45508 0.193932
2122.81689 0.194165
2123.17993 0.194399
2123.54297 0.194633
2123.90601 0.194867
2124.26904 0.195101
2124.63208 0.195336
2124.99512 0.195571
2125.35791 0.195806
2125.72095 0.196041
2126.08496 0.196277
2126.44800 0.196513
2126.81201 0.196749
2127.17505 0.196985
2127.53906 0.197221
2127.90210 0.197458
2128.26611 0.197695
2128.62988 0.197932
2128.99390 0.19817
2129.35693 0.198407
2129.72095 0.198646
2130.08496 0.198885
2130.44897 0.199129
2130.81299 0.199373
2131.17798 0.199618
2131.54199 0.199862
2131.90601 0.200107
2132.27100 0.200353
2132.63501 0.200598
2133.00000 0.200844
2133.36401 0.20109
2133.72900 0.201336
2134.09399 0.201583
2134.45801 0.201829
2134.82300 0.202076
2135.18799 0.202324
2135.55298 0.202571
2135.91797 0.202819
2136.28296 0.203067
2136.64795 0.203315
2137.01294 0.203564
2137.37793 0.203813
2137.74390 0.204062
2138.10889 0.204311
2138.47412 0.20456
2138.84009 0.20481
2139.20605 0.205061
2139.57104 0.205311
2139.93701 0.205561
2140.30200 0.205811
2140.66797 0.206061
2141.03394 0.206303
2141.39990 0.206545
2141.76611 0.206788
2142.13208 0.20703
2142.49805 0.207273
2142.86499 0.207517
2143.23096 0.20776
2143.59692 0.208004
2143.96289 0.208248
2144.33008 0.208492
2144.69604 0.208736
2145.06299 0.208981
2145.42896 0.209226
2145.79590 0.209471
2146.16309 0.209716
2146.53003 0.209962
2146.89600 0.210207
2147.26294 0.210454
2147.63110 0.2107
2147.99805 0.210946
2148.36499 0.211193
2148.73193 0.21144
2149.09912 0.211688
2149.46704 0.211935
2149.83398 0.212183
2150.20093 0.21243
2150.56909 0.212677
2150.93604 0.212923
2151.30396 0.213171
2151.67212 0.213418
2152.03906 0.213666
2152.40698 0.213914
2152.77490 0.214162
2153.14307 0.21441
2153.51099 0.214659
2153.87891 0.214907
2154.24707 0.215156
2154.61499 0.215406
2154.98389 0.215655
2155.35205 0.215905
2155.71997 0.216155
2156.08911 0.216405
2156.45703 0.216656
2156.82593 0.216907
2157.19409 0.217158
2157.56299 0.217409
2157.93188 0.21766
2158.30103 0.217912
2158.66992 0.218164
2159.03906 0.218416
2159.40698 0.218669
2159.77710 0.218921
2160.14600 0.219171
2160.51489 0.219414
2160.88403 0.219656
2161.25293 0.219895
2161.62305 0.220134
2161.99194 0.220373
2162.36206 0.220613
2162.73096 0.220853
2163.10107 0.221093
2163.47095 0.221333
2163.84106 0.221574
2164.20996 0.221815
2164.58008 0.222056
2164.94995 0.222297
2165.32007 0.222538
2165.68994 0.22278
2166.06104 0.223022
2166.43091 0.223264
2166.80103 0.223506
2167.17090 0.223748
2167.54199 0.223991
2167.91211 0.224234
2168.28296 0.224477
2168.65308 0.22472
2169.02393 0.224964
2169.39502 0.225208
2169.76489 0.225451
2170.13599 0.225698
2170.50708 0.225948
2170.87793 0.226199
2171.24902 0.22645
2171.62012 0.226701
2171.99097 0.226953
2172.36304 0.227204
2172.73389 0.227456
2173.10498 0.227708
2173.47705 0.22796
2173.84790 0.228213
2174.21997 0.228466
2174.59106 0.228719
2174.96289 0.228972
2175.33496 0.229225
2175.70605 0.229479
2176.07788 0.229733
2176.44995 0.229987
2176.82202 0.230241
2177.19409 0.230496
2177.56592 0.230751
2177.93799 0.231006
2178.31104 0.231261
2178.68311 0.231517
2179.05493 0.231773
2179.42798 0.232028
2179.80005 0.232285
2180.17310 0.23254
2180.54492 0.232795
2180.91797 0.233053
2181.29102 0.233312
2181.66406 0.233572
2182.03711 0.233832
2182.40894 0.234092
2182.78198 0.234353
2183.15601 0.234613
2183.52905 0.234875
2183.90210 0.235136
2184.27490 0.235397
2184.64795 0.235659
2185.02197 0.235921
2185.39502 0.236183
2185.76904 0.236445
2186.14209 0.236708
2186.51611 0.236971
2186.88989 0.237234
2187.26294 0.237498
2187.63696 0.237761
2188.01099 0.238025
2188.38501 0.238289
2188.75903 0.238554
2189.13306 0.238818
2189.50806 0.239083
2189.88208 0.239348
2190.25610 0.239612
2190.62988 0.239876
2191.00488 0.24014
2191.37891 0.240404
2191.75391 0.240668
2192.12793 0.240932
2192.50293 0.241197
2192.87793 0.241462
2193.25195 0.241727
2193.62695 0.241993
2194.00195 0.242258
2194.37695 0.242524
2194.75195 0.24279
2195.12695 0.243057
2195.50293 0.243323
2195.87793 0.24359
2196.25293 0.243858
2196.62793 0.244125
2197.00391 0.244393
2197.37891 0.24466
2197.75488 0.244928
2198.13110 0.245197
2198.50610 0.245466
2198.88208 0.245734
2199.25806 0.246004
2199.63403 0.246273
2200.01001 0.246542
2200.38599 0.246777
2200.76196 0.247014
2201.13794 0.247252
2201.51392 0.247491
2201.88989 0.24773
2202.26709 0.247969
2202.64307 0.248208
2203.02002 0.248447
2203.39600 0.248687
2203.77295 0.248927
2204.14893 0.249167
2204.52588 0.249407
2204.90308 0.249647
2205.28003 0.249888
2205.65601 0.250129
2206.03296 0.25037
2206.41089 0.250611
2206.78809 0.250853
2207.16504 0.251094
2207.54199 0.251336
2207.91895 0.251578
2208.29712 0.251821
2208.67407 0.252063
2209.05200 0.252306
2209.42896 0.252549
2209.80688 0.252792
2210.18506 0.253038
2210.56201 0.253288
2210.93994 0.253538
2211.31812 0.253789
2211.69604 0.254039
2212.07397 0.25429
2212.45190 0.254541
2212.83008 0.254793
2213.20801 0.255044
2213.58691 0.255296
2213.96509 0.255548
2214.34302 0.2558
2214.72192 0.256053
2215.10010 0.256306
2215.47900 0.256558
2215.85693 0.256811
2216.23608 0.257065
2216.61499 0.257318
2216.99390 0.257572
2217.37305 0.257826
2217.75195 0.25808
2218.13110 0.258335
2218.51001 0.25859
2218.88892 0.258844
2219.26807 0.259099
2219.64795 0.259355
2220.02710 0.25961
2220.40601 0.259863
2220.78589 0.260115
2221.16602 0.260363
2221.54492 0.260612
2221.92505 0.26086
2222.30396 0.261109
2222.68408 0.261358
2223.06396 0.261607
2223.44409 0.261856
2223.82397 0.262106
2224.20410 0.262356
2224.58398 0.262606
2224.96509 0.262856
2225.34497 0.263106
2225.72510 0.263357
2226.10596 0.263608
2226.48608 0.263859
2226.86694 0.26411
2227.24707 0.264362
2227.62793 0.264613
2228.00903 0.264865
2228.38892 0.265117
2228.77002 0.26537
2229.15088 0.265622
2229.53198 0.265875
2229.91309 0.266128
2230.29395 0.266338
2230.67603 0.266535
2231.05688 0.266732
2231.43799 0.26693
2231.82007 0.267127
2232.20093 0.267325
2232.58301 0.267523
2232.96411 0.267721
2233.34595 0.267919
2233.72803 0.268117
2234.10889 0.268315
2234.49097 0.268513
2234.87305 0.268712
2235.25488 0.26891
2235.63696 0.269109
2236.01904 0.269308
2236.40088 0.269507
2236.78296 0.269706
2237.16602 0.269905
2237.54810 0.270104
2237.92993 0.270304
2238.31299 0.270503
2238.69604 0.270703
2239.07788 0.270902
2239.46094 0.271103
2239.84399 0.271302
2240.22607 0.271495
2240.60889 0.271682
2240.99194 0.271866
2241.37500 0.272049
2241.75806 0.272233
2242.14209 0.272416
2242.52490 0.2726
2242.90796 0.272783
2243.29102 0.272967
2243.67505 0.273151
2244.05811 0.273335
2244.44189 0.273519
2244.82495 0.273703
2245.20898 0.273887
2245.59302 0.274071
2245.97705 0.274256
2246.36011 0.27444
2246.74390 0.274625
2247.12793 0.274809
2247.51196 0.274994
2247.89600 0.275179
2248.28101 0.275364
2248.66504 0.275549
2249.04907 0.275734
2249.43408 0.275919
2249.81812 0.276104
2250.20288 0.276293
2250.58691 0.276485
2250.97192 0.276678
2251.35693 0.27687
2251.74097 0.277063
2252.12598 0.277255
2252.51099 0.277448
2252.89600 0.277641
2253.28101 0.277834
2253.66602 0.278027
2254.05200 0.27822
2254.43701 0.278413
2254.82202 0.278606
2255.20801 0.2788
2255.59302 0.278994
2255.97900 0.279187
2256.36401 0.279381
2256.75000 0.279575
2257.13501 0.279769
2257.52100 0.279963
2257.90698 0.280157
2258.29297 0.280351
2258.67896 0.280546
2259.06494 0.28074
2259.45093 0.280935
2259.83691 0.281129
2260.22290 0.281322
2260.61011 0.281514
2260.99609 0.281706
2261.38306 0.281898
2261.76904 0.28209
2262.15601 0.282282
2262.54199 0.282474
2262.92896 0.282666
2263.31592 0.282859
2263.70190 0.283051
2264.08911 0.283244
2264.47607 0.283437
2264.86304 0.283629
2265.25000 0.283822
2265.63794 0.284015
2266.02490 0.284208
2266.41211 0.284402
2266.80005 0.284595
2267.18701 0.284788
2267.57397 0.284982
2267.96191 0.285176
2268.35010 0.285369
2268.73706 0.285563
2269.12500 0.285757
2269.51294 0.285951
2269.90088 0.286145
2270.28906 0.286337
2270.67700 0.286528
2271.06494 0.286719
2271.45288 0.286911
2271.84106 0.287102
2272.22900 0.287294
2272.61792 0.287485
2273.00610 0.287677
2273.39502 0.287869
2273.78296 0.288061
2274.17212 0.288253
2274.56104 0.288445
2274.94897 0.288637
2275.33789 0.288829
2275.72705 0.289022
2276.11597 0.289214
2276.50488 0.289407
2276.89404 0.289599
2277.28296 0.289792
2277.67212 0.289985
2278.06201 0.290178
2278.45093 0.290371
2278.84106 0.290564
2279.22998 0.290758
2279.61890 0.290951
2280.00903 0.291144
2280.39893 0.291324
2280.78906 0.291506
2281.17798 0.291693
2281.56812 0.29188
