threeML/data/optical_filters/HST/WFC3_UVIS1-F606LP.ecsv
# %ECSV 0.9
# ---
# datatype:
# - {name: wavelength, unit: Angstrom, datatype: float32}
# - {name: response, datatype: float32}
# meta: !!omap
# - {band_name: F606LP}
# - {group_name: WFC3_UVIS1}
wavelength response
[from data line 1609]
6106.55420 0.275901
6107.59277 0.276059
6108.63184 0.276217
6109.67188 0.276375
6110.71191 0.276534
6111.75195 0.276687
6112.79199 0.276758
6113.83301 0.27683
6114.87305 0.276901
6115.91406 0.276972
6116.95508 0.277043
6117.99609 0.277115
6119.03711 0.277186
6120.07910 0.277257
6121.12012 0.277329
6122.16211 0.277374
6123.20410 0.277387
6124.24609 0.277401
6125.28809 0.277414
6126.33105 0.277427
6127.37402 0.27744
6128.41699 0.277453
6129.45898 0.277467
6130.50195 0.27748
6131.54590 0.277493
6132.58887 0.277491
6133.63281 0.277486
6134.67676 0.277482
6135.72119 0.277477
6136.76611 0.277473
6137.81006 0.277468
6138.85400 0.277464
6139.89893 0.277459
6140.94385 0.277455
6141.99023 0.277465
6143.03516 0.277515
6144.08105 0.277566
6145.12598 0.277616
6146.17188 0.277666
6147.21777 0.277716
6148.26416 0.277766
6149.31104 0.277816
6150.35693 0.277858
6151.40381 0.277883
6152.45117 0.277961
6153.49805 0.27806
6154.54492 0.278159
6155.59277 0.278258
6156.64111 0.278357
6157.68799 0.278455
6158.73584 0.278554
6159.78516 0.278653
6160.83301 0.278772
6161.88086 0.278905
6162.93018 0.279085
6163.97900 0.279266
6165.02783 0.279447
6166.07812 0.279628
6167.12695 0.279808
6168.17676 0.279989
6169.22705 0.28017
6170.27588 0.280351
6171.32715 0.280532
6172.37695 0.280715
6173.42676 0.280898
6174.47803 0.281082
6175.52881 0.281266
6176.58008 0.28145
6177.63086 0.281634
6178.68311 0.281818
6179.73389 0.282002
6180.78613 0.282186
6181.83789 0.282357
6182.89014 0.282434
6183.94189 0.282511
6184.99512 0.282588
6186.04688 0.282665
6187.10107 0.282743
6188.15283 0.28282
6189.20703 0.282897
6190.25977 0.282974
6191.31299 0.283051
6192.36719 0.283025
6193.42090 0.282935
6194.47510 0.282845
6195.52979 0.282755
6196.58398 0.282665
6197.63916 0.282575
6198.69287 0.282484
6199.74902 0.282394
6200.80420 0.282285
6201.85889 0.282141
6202.91504 0.28182
6203.97021 0.281498
6205.02588 0.281177
6206.08203 0.280855
6207.13916 0.280533
6208.19482 0.280212
6209.25098 0.27989
6210.30811 0.279576
6211.36523 0.27928
6212.42188 0.278885
6213.47900 0.278441
6214.53711 0.277997
6215.59521 0.277553
6216.65283 0.277109
6217.71094 0.276664
6218.76904 0.27622
6219.82812 0.275775
6220.88623 0.275331
6221.94482 0.274877
6223.00391 0.274393
6224.06299 0.273908
6225.12207 0.273423
6226.18213 0.272937
6227.24121 0.272452
6228.30078 0.271966
6229.36084 0.271481
6230.42090 0.270996
6231.48193 0.270512
6232.54199 0.270096
6233.60303 0.269699
6234.66406 0.269303
6235.72510 0.268906
6236.78711 0.268509
6237.84814 0.268112
6238.91016 0.267715
6239.97217 0.267318
6241.03418 0.266897
6242.09619 0.266528
6243.15820 0.266257
6244.22119 0.265986
6245.28320 0.265714
6246.34619 0.265443
6247.41016 0.265172
6248.47314 0.2649
6249.53613 0.264629
6250.60010 0.264371
6251.66406 0.264124
6252.72803 0.264082
6253.79199 0.264054
6254.85596 0.264026
6255.92090 0.263998
6256.98486 0.26397
6258.04980 0.263941
6259.11621 0.263913
6260.18115 0.263885
6261.24609 0.263857
6262.31201 0.263948
6263.37793 0.264141
6264.44385 0.264333
6265.50977 0.264525
6266.57617 0.264717
6267.64307 0.26491
6268.70898 0.265102
6269.77588 0.265295
6270.84424 0.265487
6271.91113 0.265706
6272.97900 0.266057
6274.04590 0.266408
6275.11377 0.26676
6276.18213 0.267111
6277.25000 0.267462
6278.31787 0.267814
6279.38721 0.268165
6280.45605 0.268517
6281.52393 0.268869
6282.59424 0.26929
6283.66309 0.269729
6284.73193 0.270168
6285.80176 0.270607
6286.87207 0.271046
6287.94189 0.271486
6289.01221 0.271925
6290.08301 0.272363
6291.15283 0.272777
6292.22412 0.273184
6293.29395 0.273582
6294.36621 0.273981
6295.43701 0.274379
6296.50781 0.274777
6297.58008 0.275176
6298.65186 0.275574
6299.72412 0.275972
6300.79590 0.276389
6301.86816 0.276804
6302.94092 0.277155
6304.01416 0.277506
6305.08594 0.277857
6306.16016 0.278209
6307.23291 0.27856
6308.30713 0.278912
6309.37988 0.279263
6310.45410 0.279615
6311.52783 0.279966
6312.60205 0.280208
6313.67578 0.280422
6314.75098 0.280635
6315.82617 0.280849
6316.90088 0.281064
6317.97607 0.281278
6319.05078 0.281492
6320.12598 0.281706
6321.20215 0.28192
6322.27783 0.282076
6323.35400 0.282173
6324.43018 0.282269
6325.50684 0.282366
6326.58301 0.282463
6327.66016 0.282559
6328.73682 0.282656
6329.81396 0.282753
6330.89209 0.282828
6331.96924 0.28288
6333.04590 0.28286
6334.12500 0.282841
6335.20312 0.282821
6336.28076 0.282802
6337.35889 0.282782
6338.43701 0.282762
6339.51709 0.282743
6340.59619 0.282737
6341.67480 0.282744
6342.75391 0.282735
6343.83301 0.282724
6344.91309 0.282714
6345.99316 0.282704
6347.07324 0.282693
6348.15283 0.282683
6349.23389 0.282673
6350.31396 0.282662
6351.39502 0.282652
6352.47607 0.28266
6353.55713 0.282677
6354.63916 0.282695
6355.72021 0.282712
6356.80176 0.28273
6357.88379 0.282747
6358.96582 0.282764
6360.04785 0.282782
6361.13086 0.282799
6362.21289 0.282828
6363.29590 0.282872
6364.37891 0.282916
6365.46191 0.28296
6366.54590 0.283004
6367.62891 0.283048
6368.71289 0.283093
6369.79688 0.283137
6370.88086 0.283159
6371.96484 0.28318
6373.04980 0.283211
6374.13379 0.283242
6375.21924 0.283274
6376.30420 0.283305
6377.39014 0.283336
6378.47510 0.283368
6379.56104 0.283399
6380.64600 0.283446
6381.73193 0.283504
6382.81787 0.283539
6383.90479 0.283574
6384.99121 0.283609
6386.07812 0.283644
6387.16504 0.283679
6388.25195 0.283714
6389.33887 0.283749
6390.42676 0.283784
6391.51416 0.283819
6392.60205 0.283771
6393.68994 0.283698
6394.77783 0.283624
6395.86719 0.283551
6396.95508 0.283478
6398.04395 0.283405
6399.13281 0.283331
6400.22217 0.283258
6401.31201 0.283184
6402.40088 0.283037
6403.49023 0.282835
6404.58008 0.282634
6405.66992 0.282432
6406.76123 0.28223
6407.85107 0.282029
6408.94092 0.281827
6410.03223 0.281624
6411.12305 0.281396
6412.21387 0.281118
6413.30615 0.280767
6414.39697 0.280416
6415.48877 0.280065
6416.58105 0.279714
6417.67285 0.279363
6418.76514 0.279012
6419.85693 0.278661
6420.95020 0.278332
6422.04297 0.277986
6423.13623 0.277574
6424.22900 0.277163
6425.32324 0.276752
6426.41602 0.27634
6427.50977 0.275929
6428.60400 0.275517
6429.69824 0.275105
6430.79199 0.274689
6431.88721 0.274272
6432.98096 0.273858
6434.07617 0.273443
6435.17090 0.273029
6436.26709 0.272614
6437.36182 0.272199
6438.45801 0.271784
6439.55420 0.271369
6440.64893 0.270954
6441.74609 0.270539
6442.84180 0.270206
6443.93799 0.269877
6445.03516 0.269547
6446.13184 0.269217
6447.22900 0.268887
6448.32715 0.268557
6449.42383 0.268227
6450.52197 0.267885
6451.62012 0.267529
6452.71777 0.267304
6453.81592 0.267102
6454.91504 0.2669
6456.01318 0.266698
6457.11182 0.266496
6458.21094 0.266294
6459.31006 0.266092
6460.40918 0.265899
6461.50879 0.265721
6462.60791 0.265703
6463.70801 0.265737
6464.80908 0.265772
6465.90918 0.265806
6467.00879 0.265841
6468.10986 0.265875
6469.21094 0.26591
6470.31201 0.265944
6471.41309 0.265979
6472.51514 0.266129
6473.61621 0.266339
6474.71777 0.266549
6475.81982 0.266759
6476.92188 0.26697
6478.02393 0.26718
6479.12695 0.26739
6480.22900 0.267601
6481.33301 0.267811
6482.43604 0.268092
6483.53906 0.268423
6484.64209 0.268754
6485.74609 0.269086
6486.85010 0.269417
6487.95410 0.269749
6489.05811 0.27008
6490.16309 0.270408
6491.26709 0.270714
6492.37207 0.271052
6493.47705 0.271417
6494.58203 0.271783
6495.68799 0.272149
6496.79297 0.272515
6497.89795 0.272881
6499.00391 0.273247
6500.11084 0.27361
6501.21680 0.273953
6502.32324 0.274287
6503.43018 0.274611
6504.53711 0.274935
6505.64404 0.275259
6506.75098 0.275583
6507.85889 0.275906
6508.96582 0.27623
6510.07422 0.276554
6511.18213 0.276877
6512.29004 0.277158
6513.39795 0.277388
6514.50684 0.277617
6515.61621 0.277846
6516.72510 0.278075
6517.83398 0.278305
6518.94287 0.278533
6520.05322 0.278761
6521.16309 0.278963
6522.27197 0.279124
6523.38184 0.27923
6524.49316 0.279336
6525.60303 0.279442
6526.71387 0.279547
6527.82520 0.279653
6528.93604 0.279758
6530.04688 0.279865
6531.15820 0.279996
6532.27002 0.280092
6533.38086 0.280137
6534.49414 0.280182
6535.60498 0.280227
6536.71777 0.280272
6537.83105 0.280317
6538.94287 0.280362
6540.05615 0.280407
6541.16895 0.280452
6542.28223 0.280467
6543.39600 0.280444
6544.50977 0.28042
6545.62402 0.280397
6546.73682 0.280373
6547.85205 0.280349
6548.96582 0.280326
6550.08105 0.280302
6551.19482 0.280278
6552.31104 0.28024
6553.42578 0.280184
6554.54102 0.280127
6555.65723 0.280071
6556.77197 0.280015
6557.88818 0.279959
6559.00391 0.279903
6560.12109 0.279844
6561.23682 0.27976
6562.35400 0.279672
6563.47119 0.279577
6564.58789 0.279482
6565.70508 0.279388
6566.82324 0.279293
6567.93994 0.279199
6569.05811 0.279104
6570.17578 0.279014
6571.29395 0.278946
6572.41309 0.278876
6573.53076 0.278803
6574.64990 0.278731
6575.76904 0.278659
6576.88818 0.278587
6578.00781 0.278514
6579.12695 0.278442
6580.24707 0.27837
6581.36719 0.278297
6582.48682 0.278206
6583.60693 0.278103
6584.72803 0.277999
6585.84912 0.277896
6586.96924 0.277793
6588.08984 0.277689
6589.21191 0.277586
6590.33301 0.277475
6591.45508 0.277344
6592.57715 0.277195
6593.69922 0.277036
6594.82080 0.276877
6595.94287 0.276718
6597.06592 0.27656
6598.18896 0.276401
6599.31201 0.276243
6600.43506 0.276094
6601.55811 0.275962
6602.68213 0.275807
6603.80615 0.275644
6604.93018 0.275481
6606.05420 0.275319
6607.17822 0.275157
6608.30322 0.274994
6609.42676 0.274832
6610.55176 0.274669
6611.67676 0.274507
6612.80176 0.274337
6613.92822 0.274165
6615.05420 0.273993
6616.18018 0.273822
6617.30615 0.27365
6618.43213 0.273479
6619.55811 0.273307
6620.68506 0.273136
6621.81201 0.272964
6622.93799 0.272811
6624.06592 0.272658
6625.19287 0.272505
6626.32080 0.272352
6627.44922 0.272199
6628.57715 0.272046
6629.70508 0.271893
6630.83301 0.271711
6631.96094 0.271524
6633.08984 0.27137
6634.21924 0.271215
6635.34814 0.271061
6636.47803 0.270907
6637.60693 0.270752
6638.73682 0.270598
6639.86719 0.270444
6640.99707 0.270313
6642.12695 0.270196
6643.25781 0.27011
6644.38818 0.270025
6645.51904 0.26994
6646.64990 0.269854
6647.78076 0.269769
6648.91309 0.269684
6650.04395 0.269599
6651.17578 0.269513
6652.30811 0.269435
6653.43994 0.269365
6654.57324 0.269296
6655.70605 0.269227
6656.83789 0.269158
6657.97119 0.269089
6659.10400 0.26902
6660.23779 0.268945
6661.37109 0.268849
6662.50488 0.268735
6663.63916 0.268608
6664.77295 0.268481
6665.90723 0.268354
6667.04199 0.268227
6668.17676 0.2681
6669.31201 0.267974
6670.44580 0.267857
6671.58203 0.267756
6672.71680 0.267603
6673.85303 0.267434
6674.98877 0.267266
6676.12500 0.267097
6677.26123 0.266929
6678.39697 0.26676
6679.53418 0.266592
6680.67090 0.266423
6681.80811 0.266255
6682.94482 0.266056
6684.08301 0.265856
6685.22021 0.265657
6686.35791 0.265457
6687.49609 0.265258
6688.63379 0.265058
6689.77197 0.264859
6690.91113 0.264639
6692.04980 0.264407
6693.18896 0.264141
6694.32812 0.263876
6695.46680 0.263611
6696.60693 0.263346
6697.74707 0.263081
6698.88721 0.262816
6700.02686 0.262552
6701.16699 0.262313
6702.30811 0.262084
6703.44824 0.26187
6704.58887 0.261655
6705.72998 0.261441
6706.87207 0.261227
6708.01318 0.261013
6709.15479 0.260799
6710.29688 0.260585
6711.43799 0.260371
6712.58105 0.260194
6713.72412 0.260038
6714.86621 0.259882
6716.00879 0.259726
6717.15186 0.25957
6718.29492 0.259414
6719.43799 0.259258
6720.58203 0.259089
6721.72607 0.258908
6722.87012 0.258817
6724.01416 0.258738
6725.15918 0.258659
6726.30322 0.25858
6727.44824 0.258501
6728.59277 0.258422
6729.73779 0.258343
6730.88379 0.258283
6732.02881 0.258246
6733.17480 0.2583
6734.32080 0.258354
6735.46680 0.258409
6736.61279 0.258463
6737.75977 0.258518
6738.90723 0.258572
6740.05420 0.258626
6741.20117 0.25868
6742.34814 0.258769
6743.49609 0.258906
6744.64307 0.259043
6745.79102 0.259179
6746.93896 0.259316
6748.08691 0.259452
6749.23584 0.259588
6750.38477 0.259716
6751.53418 0.259826
6752.68311 0.259969
6753.83203 0.260125
6754.98096 0.260281
6756.13086 0.260437
6757.28076 0.260593
6758.43115 0.260748
6759.58203 0.260904
6760.73193 0.261076
6761.88184 0.261256
6763.03320 0.261417
6764.18506 0.261577
6765.33496 0.261738
6766.48682 0.261898
6767.63916 0.262058
6768.79102 0.262219
6769.94189 0.262379
6771.09521 0.262539
6772.24707 0.262683
6773.39990 0.262797
6774.55322 0.26291
6775.70605 0.263024
6776.85889 0.263138
6778.01221 0.263251
6779.16602 0.263365
6780.31885 0.26347
6781.47412 0.263557
6782.62793 0.263599
6783.78223 0.263617
6784.93701 0.263634
6786.09082 0.263652
6787.24707 0.26367
6788.40088 0.263687
6789.55713 0.263705
6790.71191 0.263739
6791.86816 0.263782
6793.02393 0.263775
6794.18018 0.263767
6795.33691 0.263759
6796.49316 0.263751
6797.64990 0.263742
6798.80713 0.263734
6799.96387 0.263726
6801.12207 0.263718
6802.27881 0.263697
6803.43701 0.263651
6804.59521 0.263605
6805.75195 0.263559
6806.91113 0.263514
6808.06885 0.263468
6809.22803 0.263422
6810.38721 0.263367
6811.54590 0.263295
6812.70605 0.263209
6813.86523 0.263118
6815.02393 0.263026
6816.18506 0.262935
6817.34521 0.262844
6818.50488 0.262753
6819.66602 0.262662
6820.82617 0.262589
6821.98682 0.262524
6823.14795 0.262454
6824.30908 0.262385
6825.47119 0.262315
6826.63184 0.262246
6827.79395 0.262176
6828.95703 0.262106
6830.11914 0.262037
6831.28076 0.261974
6832.44385 0.2619
6833.60596 0.261814
6834.77002 0.261728
6835.93311 0.261642
6837.09619 0.261556
6838.25977 0.261469
6839.42383 0.261383
6840.58789 0.261284
6841.75195 0.261171
6842.91699 0.261058
6844.08105 0.260945
6845.24609 0.260831
6846.41113 0.260718
6847.57617 0.260605
6848.74219 0.260491
6849.90723 0.260378
6851.07324 0.260289
6852.23877 0.260201
6853.40479 0.26011
6854.57178 0.260019
6855.73779 0.259927
6856.90479 0.259837
6858.07178 0.259745
6859.24023 0.259654
6860.40723 0.259554
6861.57520 0.259437
6862.74219 0.259336
6863.91113 0.259241
6865.07910 0.259146
6866.24707 0.259051
6867.41602 0.258956
6868.58398 0.258861
6869.75293 0.258766
6870.92285 0.258692
6872.09180 0.258624
6873.26221 0.258562
6874.43213 0.258499
6875.60205 0.258437
6876.77100 0.258375
6877.94189 0.258312
6879.11279 0.25825
6880.28418 0.258187
6881.45508 0.258125
6882.62500 0.25809
6883.79688 0.258071
6884.96924 0.258052
6886.14111 0.258033
6887.31299 0.258014
6888.48486 0.257996
6889.65723 0.257977
6890.83008 0.257939
6892.00195 0.257892
6893.17480 0.25782
6894.34912 0.257748
6895.52197 0.257676
6896.69580 0.257605
6897.86914 0.257533
6899.04297 0.257461
6900.21777 0.257394
6901.39209 0.257349
6902.56592 0.257262
6903.74121 0.257145
6904.91699 0.257027
6906.09082 0.256909
6907.26709 0.256791
6908.44189 0.256674
6909.61816 0.256556
6910.79395 0.256439
6911.97021 0.256315
6913.14697 0.256075
6914.32324 0.255835
6915.50000 0.255595
6916.67676 0.255355
6917.85400 0.255116
6919.03223 0.254876
6920.20898 0.254632
6921.38721 0.254367
6922.56494 0.253999
6923.74316 0.253549
6924.92188 0.253099
6926.10010 0.25265
6927.27881 0.2522
6928.45801 0.251752
6929.63721 0.251303
6930.81689 0.250872
6931.99609 0.250442
6933.17578 0.249918
6934.35596 0.249395
6935.53613 0.248871
6936.71680 0.248348
6937.89697 0.247825
6939.07812 0.247303
6940.25879 0.246774
6941.43994 0.246226
6942.62207 0.245655
6943.80322 0.245068
6944.98486 0.244481
6946.16699 0.243894
6947.35010 0.243308
6948.53223 0.242722
6949.71387 0.242136
6950.89697 0.241569
6952.08008 0.241023
6953.26416 0.240564
6954.44678 0.240106
6955.62988 0.239648
6956.81396 0.239189
6957.99902 0.238731
6959.18311 0.238273
6960.36719 0.237816
6961.55176 0.237358
6962.73584 0.237044
6963.92090 0.236794
6965.10693 0.236544
6966.29199 0.236294
6967.47803 0.236045
6968.66406 0.235795
6969.85010 0.235546
6971.03613 0.235275
6972.22217 0.235071
6973.40918 0.235072
6974.59619 0.235073
6975.78320 0.235074
6976.97021 0.235075
6978.15820 0.235076
6979.34521 0.235077
6980.53320 0.235089
6981.72119 0.235114
6982.90918 0.235321
6984.09814 0.235566
6985.28711 0.235811
6986.47607 0.236056
6987.66504 0.236301
6988.85400 0.236546
6990.04297 0.23679
6991.23291 0.237035
6992.42285 0.237349
6993.61279 0.237761
6994.80322 0.238172
6995.99414 0.238583
6997.18408 0.238994
6998.37500 0.239405
6999.56592 0.239816
