threeML/data/optical_filters/HST/WFC3_UVIS1-F390M.ecsv
# %ECSV 0.9
# ---
# datatype:
# - {name: wavelength, unit: Angstrom, datatype: float32}
# - {name: response, datatype: float32}
# meta: !!omap
# - {band_name: F390M}
# - {group_name: WFC3_UVIS1}
wavelength response
3317.41455 0.0
3686.01611 0.000409
3686.64600 0.000419
3687.27710 0.000429
3687.90796 0.000439
3688.53906 0.000448
3689.16992 0.000458
3689.80103 0.000468
3690.43311 0.000478
3691.06396 0.000488
3691.69604 0.000505
3692.32690 0.000522
3692.95898 0.000539
3693.59106 0.000556
3694.22290 0.000573
3694.85498 0.00059
3695.48706 0.000608
3696.11890 0.000625
3696.75195 0.000642
3697.38403 0.000659
3698.01709 0.000676
3698.64893 0.000693
3699.28198 0.00071
3699.91504 0.000728
3700.54810 0.000745
3701.18091 0.000764
3701.81494 0.000789
3702.44800 0.000815
3703.08203 0.00084
3703.71509 0.000865
3704.34912 0.000891
3704.98193 0.000916
3705.61597 0.000942
3706.25000 0.000967
3706.88501 0.000993
3707.51904 0.001018
3708.15308 0.001044
3708.78809 0.001069
3709.42212 0.001095
3710.05688 0.00112
3710.69189 0.001146
3711.32593 0.00118
3711.96094 0.001225
3712.59595 0.001269
3713.23193 0.001314
3713.86694 0.001359
3714.50195 0.001404
3715.13794 0.001449
3715.77393 0.001493
3716.40894 0.001538
3717.04492 0.001583
3717.68091 0.001628
3718.31689 0.001673
3718.95288 0.001718
3719.59009 0.001763
3720.22607 0.001808
3720.86304 0.001853
3721.49902 0.001921
3722.13599 0.001998
3722.77295 0.002075
3723.40991 0.002153
3724.04712 0.00223
3724.68408 0.002308
3725.32104 0.002385
3725.95898 0.002463
3726.59595 0.00254
3727.23389 0.002618
3727.87207 0.002696
3728.50903 0.002773
3729.14697 0.002851
3729.78491 0.002929
3730.42310 0.003007
3731.06201 0.003085
3731.69995 0.00322
3732.33911 0.003356
3732.97705 0.003491
3733.61597 0.003627
3734.25488 0.003763
3734.89404 0.003898
3735.53198 0.004034
3736.17212 0.00417
3736.81104 0.004306
3737.44995 0.004442
3738.09009 0.004578
3738.72900 0.004714
3739.36890 0.004851
3740.00903 0.004987
3740.64893 0.005124
3741.28906 0.005299
3741.92896 0.005545
3742.56909 0.005791
3743.20898 0.006037
3743.85010 0.006284
3744.48999 0.00653
3745.13110 0.006777
3745.77197 0.007024
3746.41309 0.007271
3747.05298 0.007518
3747.69507 0.007766
3748.33594 0.008013
3748.97705 0.008261
3749.61890 0.008508
3750.26001 0.008756
3750.90210 0.009003
3751.54395 0.009413
3752.18604 0.00988
3752.82690 0.010346
3753.46899 0.010812
3754.11206 0.011279
3754.75391 0.011746
3755.39600 0.012213
3756.03906 0.01268
3756.68188 0.013148
3757.32397 0.013615
3757.96704 0.014083
3758.61011 0.014551
3759.25293 0.01502
3759.89600 0.015488
3760.54004 0.015958
3761.18311 0.016501
3761.82690 0.017388
3762.46997 0.018275
3763.11401 0.019163
3763.75806 0.020051
3764.40210 0.020939
3765.04590 0.021828
3765.68994 0.022718
3766.33398 0.023608
3766.97900 0.024498
3767.62305 0.025389
3768.26807 0.02628
3768.91309 0.027172
3769.55688 0.028064
3770.20190 0.028957
3770.84692 0.029848
3771.49292 0.031171
3772.13794 0.032722
3772.78296 0.034274
3773.42896 0.035826
3774.07397 0.037379
3774.71997 0.038933
3775.36597 0.040487
3776.01196 0.042043
3776.65796 0.043598
3777.30396 0.045155
3777.94995 0.046712
3778.59692 0.04827
3779.24292 0.049828
3779.88989 0.051387
3780.53711 0.052947
3781.18408 0.054649
3781.83105 0.057045
3782.47803 0.059442
3783.12500 0.06184
3783.77197 0.064238
3784.41895 0.066637
3785.06689 0.069039
3785.71411 0.07144
3786.36206 0.073843
3787.01001 0.076248
3787.65796 0.078653
3788.30591 0.081059
3788.95410 0.083466
3789.60205 0.085874
3790.25098 0.088285
3790.89893 0.0907
3791.54810 0.093462
3792.19702 0.096355
3792.84497 0.09925
3793.49390 0.102147
3794.14307 0.105044
3794.79199 0.107943
3795.44189 0.110845
3796.09106 0.113747
3796.74097 0.116651
3797.38989 0.119556
3798.04004 0.122464
3798.68994 0.125372
3799.34009 0.128284
3799.98999 0.131195
3800.63989 0.134135
3801.29004 0.136968
3801.94092 0.139575
3802.59106 0.142183
3803.24194 0.144795
3803.89209 0.147409
3804.54297 0.150025
3805.19409 0.152644
3805.84497 0.155265
3806.49609 0.157888
3807.14795 0.160515
3807.79907 0.163143
3808.44995 0.165773
3809.10205 0.168407
3809.75391 0.171043
3810.40601 0.173681
3811.05811 0.176321
3811.70996 0.177839
3812.36206 0.179315
3813.01392 0.180792
3813.66699 0.182271
3814.31909 0.183751
3814.97192 0.185232
3815.62402 0.186715
3816.27710 0.188199
3816.92993 0.189685
3817.58301 0.191171
3818.23608 0.192659
3818.88989 0.194149
3819.54297 0.195639
3820.19702 0.197135
3820.85010 0.198639
3821.50391 0.199497
3822.15796 0.199994
3822.81201 0.200491
3823.46606 0.200989
3824.12012 0.201487
3824.77393 0.201986
3825.42798 0.202485
3826.08301 0.202985
3826.73804 0.203485
3827.39209 0.203986
3828.04712 0.204487
3828.70190 0.204988
3829.35693 0.20549
3830.01196 0.205992
3830.66797 0.206483
3831.32300 0.206803
3831.97900 0.206816
3832.63403 0.206829
3833.29004 0.206843
3833.94604 0.206856
3834.60205 0.206869
3835.25806 0.206882
3835.91406 0.206895
3836.57007 0.206908
3837.22705 0.206921
3837.88306 0.206934
3838.54004 0.206947
3839.19702 0.20696
3839.85400 0.206973
3840.51001 0.206995
3841.16797 0.20702
3841.82495 0.207047
3842.48193 0.207074
3843.13989 0.207101
3843.79712 0.207128
3844.45508 0.207154
3845.11304 0.207181
3845.77100 0.207208
3846.42798 0.207235
3847.08691 0.207261
3847.74512 0.207288
3848.40308 0.207315
3849.06201 0.207341
3849.71997 0.207368
3850.37891 0.207387
3851.03809 0.207402
3851.69702 0.207505
3852.35498 0.207616
3853.01489 0.207727
3853.67407 0.207838
3854.33301 0.207949
3854.99292 0.20806
3855.65210 0.208172
3856.31201 0.208283
3856.97192 0.208394
3857.63208 0.208506
3858.29199 0.208617
3858.95190 0.208729
3859.61206 0.20884
3860.27197 0.208951
3860.93311 0.209063
3861.59302 0.209231
3862.25391 0.209418
3862.91504 0.209605
3863.57593 0.209792
3864.23706 0.209979
3864.89795 0.210167
3865.55908 0.210354
3866.22095 0.210542
3866.88208 0.210729
3867.54395 0.210917
3868.20508 0.211105
3868.86694 0.211293
3869.52905 0.211481
3870.19092 0.211673
3870.85400 0.211873
3871.51611 0.212095
3872.17798 0.212329
3872.84106 0.212563
3873.50293 0.212798
3874.16602 0.213033
3874.82910 0.213267
3875.49194 0.213502
3876.15503 0.213737
3876.81812 0.213973
3877.48096 0.214208
3878.14502 0.214444
3878.80811 0.21468
3879.47192 0.214916
3880.13599 0.21515
3880.80005 0.215373
3881.46411 0.215561
3882.12793 0.21572
3882.79199 0.215878
3883.45605 0.216036
3884.12109 0.216195
3884.78491 0.216354
3885.44995 0.216512
3886.11499 0.216671
3886.78003 0.21683
3887.44507 0.216989
3888.11011 0.217148
3888.77490 0.217307
3889.43994 0.217466
3890.10596 0.217625
3890.77100 0.217785
3891.43701 0.217896
3892.10303 0.217959
3892.76904 0.218022
3893.43506 0.218085
3894.10107 0.218148
3894.76709 0.218212
3895.43408 0.218275
3896.10010 0.218338
3896.76709 0.218401
3897.43311 0.218465
3898.10010 0.218528
3898.76709 0.218591
3899.43408 0.218654
3900.10107 0.218719
3900.76904 0.218795
3901.43604 0.218789
3902.10400 0.218699
3902.77100 0.21861
3903.43896 0.21852
3904.10693 0.21843
3904.77490 0.218339
3905.44312 0.218249
3906.11108 0.218159
3906.77905 0.218068
3907.44800 0.217977
3908.11597 0.217886
3908.78491 0.217795
3909.45410 0.217703
3910.12305 0.21761
3910.79199 0.217505
3911.46094 0.217294
3912.12988 0.216986
3912.79907 0.216678
3913.46899 0.21637
3914.13794 0.216062
3914.80811 0.215753
3915.47803 0.215444
3916.14795 0.215134
3916.81812 0.214824
3917.48804 0.214514
3918.15796 0.214204
3918.82910 0.213893
3919.49902 0.213582
3920.16992 0.21327
3920.84009 0.212958
3921.51099 0.212543
3922.18188 0.212059
3922.85303 0.211575
3923.52393 0.211089
3924.19604 0.210604
3924.86694 0.210118
3925.53906 0.209631
3926.20996 0.209144
3926.88208 0.208656
3927.55396 0.208168
3928.22607 0.207679
3928.89795 0.20719
3929.57007 0.206701
3930.24194 0.206215
3930.91504 0.205736
3931.58691 0.205213
3932.26001 0.20467
3932.93311 0.204127
3933.60596 0.203584
3934.27905 0.203039
3934.95190 0.202494
3935.62500 0.201949
3936.29907 0.201403
3936.97192 0.200855
3937.64600 0.200308
3938.31909 0.19976
3938.99292 0.199212
3939.66699 0.198662
3940.34106 0.198106
3941.01489 0.197544
3941.68994 0.197097
3942.36401 0.196669
3943.03906 0.19624
3943.71289 0.195811
3944.38794 0.195382
3945.06299 0.194952
3945.73804 0.194522
3946.41309 0.194091
3947.08789 0.19366
3947.76294 0.193228
3948.43896 0.192796
3949.11499 0.192364
3949.79004 0.191931
3950.46606 0.191498
3951.14209 0.191074
3951.81812 0.190927
3952.49390 0.190781
3953.16992 0.190634
3953.84595 0.190487
3954.52295 0.190339
3955.19995 0.190192
3955.87598 0.190044
3956.55298 0.189896
3957.22998 0.189748
3957.90698 0.1896
3958.58398 0.189452
3959.26196 0.189303
3959.93896 0.189154
3960.61694 0.189015
3961.29395 0.188984
3961.97192 0.189264
3962.64990 0.189545
3963.32788 0.189825
3964.00610 0.190106
3964.68408 0.190386
3965.36304 0.190668
3966.04102 0.190949
3966.71899 0.191231
3967.39795 0.191513
3968.07690 0.191795
3968.75610 0.192077
3969.43506 0.192359
3970.11401 0.19264
3970.79297 0.192912
3971.47290 0.193181
3972.15210 0.193448
3972.83203 0.193715
3973.51099 0.193983
3974.19092 0.194251
3974.87109 0.194519
3975.55200 0.194787
3976.23193 0.195055
3976.91211 0.195324
3977.59204 0.195593
3978.27295 0.195861
3978.95410 0.196131
3979.63403 0.1964
3980.31494 0.196669
3980.99609 0.196939
3981.67700 0.196159
3982.35889 0.195133
3983.04004 0.194105
3983.72095 0.193076
3984.40308 0.192047
3985.08496 0.191016
3985.76709 0.189985
3986.44800 0.188952
3987.13110 0.187919
3987.81299 0.186885
3988.49512 0.185849
3989.17700 0.184813
3989.86011 0.183776
3990.54297 0.182746
3991.22510 0.181409
3991.90796 0.178204
3992.59106 0.174996
3993.27393 0.171785
3993.95801 0.16857
3994.64111 0.165352
3995.32397 0.162132
3996.00806 0.158908
3996.69189 0.155681
3997.37500 0.15245
3998.06006 0.149216
3998.74292 0.145979
3999.42798 0.142738
4000.11206 0.139487
4000.79590 0.136198
4001.48096 0.132468
4002.16602 0.128316
4002.85010 0.124163
4003.53491 0.120008
4004.21997 0.115852
4004.90503 0.111694
4005.59009 0.107536
4006.27588 0.103375
4006.96094 0.099213
4007.64697 0.095049
4008.33301 0.090883
4009.01807 0.086716
4009.70410 0.082548
4010.38989 0.078378
4011.07593 0.074206
4011.76294 0.071269
4012.44897 0.068444
4013.13501 0.065617
4013.82202 0.062788
4014.50903 0.059959
4015.19604 0.057129
4015.88306 0.054298
4016.57007 0.051467
4017.25708 0.048633
4017.94409 0.045799
4018.63208 0.042964
4019.31909 0.040128
4020.00708 0.037291
4020.69507 0.034455
4021.38306 0.032148
4022.07104 0.030794
4022.75903 0.029439
4023.44702 0.028083
4024.13599 0.026726
4024.82397 0.025369
4025.51294 0.024012
4026.20190 0.022653
4026.88989 0.021294
4027.57910 0.019934
4028.26904 0.018573
4028.95801 0.017212
4029.64697 0.015851
4030.33594 0.014488
4031.02588 0.013125
4031.71606 0.012455
4032.40601 0.011921
4033.09497 0.011387
4033.78491 0.010853
4034.47607 0.010319
4035.16602 0.009784
4035.85596 0.009249
4036.54712 0.008713
4037.23804 0.008178
4037.92798 0.007642
4038.61890 0.007106
4039.31006 0.00657
4040.00098 0.006033
4040.69189 0.005497
4041.38403 0.005077
4042.07495 0.004877
4042.76709 0.004676
4043.45801 0.004475
4044.14990 0.004274
4044.84204 0.004073
4045.53394 0.003872
4046.22705 0.003671
4046.91895 0.00347
4047.61108 0.003268
4048.30396 0.003067
4048.99609 0.002865
4049.68896 0.002663
4050.38208 0.002462
4051.07495 0.00226
4051.76807 0.002168
4052.46094 0.002087
4053.15503 0.002007
4053.84790 0.001926
4054.54199 0.001846
4055.23511 0.001765
4055.92896 0.001685
4056.62305 0.001604
4057.31689 0.001523
4058.01099 0.001443
4058.70605 0.001362
4059.39990 0.001281
4060.09497 0.0012
4060.78906 0.001119
4061.48389 0.00106
4062.17896 0.001023
4062.87402 0.000986
4063.56909 0.000949
4064.26392 0.000912
4064.95996 0.000875
4065.65503 0.000838
4066.35107 0.000801
4067.04712 0.000764
4067.74194 0.000727
4068.43799 0.00069
4069.13501 0.000653
4069.83105 0.000616
4070.52710 0.000579
4071.22412 0.000544
4071.91992 0.000526
4072.61694 0.000508
4073.31396 0.00049
4074.01001 0.000472
4074.70801 0.000454
4075.40503 0.000436
4076.10205 0.000418
4483.71240 0.0
