threeML/data/optical_filters/HST/WFC3_UVIS2-F487N.ecsv
# %ECSV 0.9
# ---
# datatype:
# - {name: wavelength, unit: Angstrom, datatype: float32}
# - {name: response, datatype: float32}
# meta: !!omap
# - {band_name: F487N}
# - {group_name: WFC3_UVIS2}
wavelength response
4337.98730 0.0
4819.98584 0.000433
4820.81104 0.00051
4821.63623 0.000605
4822.45996 0.000732
4823.28613 0.000885
4824.11084 0.001066
4824.93604 0.001286
4825.76221 0.001572
4826.58691 0.001939
4827.41309 0.002407
4828.23877 0.003007
4829.06494 0.003752
4829.89111 0.004662
4830.71777 0.005814
4831.54395 0.007474
4832.37109 0.009596
4833.19678 0.012271
4834.02393 0.01564
4834.85205 0.019945
4835.67920 0.025935
4836.50586 0.034023
4837.33301 0.044177
4838.16113 0.05692
4838.98877 0.07268
4839.81689 0.091637
4840.64502 0.113519
4841.47314 0.136719
4842.30078 0.159979
4843.12988 0.181744
4843.95801 0.200762
4844.78711 0.216424
4845.61621 0.227529
4846.44482 0.235233
4847.27393 0.24031
4848.10400 0.24337
4848.93311 0.245052
4849.76318 0.24604
4850.59180 0.246549
4851.42188 0.246759
4852.25195 0.246905
4853.08301 0.247135
4853.91309 0.247459
4854.74316 0.247662
4855.57422 0.247869
4856.40381 0.247656
4857.23486 0.247623
4858.06592 0.247542
4858.89697 0.247003
4859.72900 0.246448
4860.56006 0.245495
4861.39209 0.244693
4862.22412 0.244008
4863.05518 0.2433
4863.88721 0.242552
4864.72021 0.242341
4865.55176 0.241587
4866.38379 0.241137
4867.21680 0.241013
4868.04980 0.241054
4868.88184 0.241129
4869.71484 0.241542
4870.54883 0.241975
4871.38184 0.242555
4872.21484 0.243316
4873.04883 0.244318
4873.88281 0.245458
4874.71680 0.245949
4875.55078 0.247058
4876.38477 0.248019
4877.21924 0.248867
4878.05420 0.249609
4878.88818 0.250237
4879.72314 0.250879
4880.55811 0.250939
4881.39307 0.250999
4882.22803 0.251015
4883.06299 0.250913
4883.89795 0.250562
4884.73389 0.249601
4885.56982 0.248612
4886.40576 0.247598
4887.24219 0.246402
4888.07812 0.244938
4888.91406 0.24318
4889.75000 0.241115
4890.58691 0.239221
4891.42383 0.236535
4892.26123 0.233699
4893.09814 0.230542
4893.93506 0.226699
4894.77197 0.222355
4895.60986 0.216822
4896.44678 0.210035
4897.28516 0.201754
4898.12305 0.191819
4898.96094 0.180236
4899.79883 0.167189
4900.63721 0.151881
4901.47607 0.135525
4902.31396 0.118466
4903.15283 0.101619
4903.99219 0.085675
4904.83105 0.070807
4905.66992 0.057902
4906.50879 0.046765
4907.34912 0.037436
4908.18799 0.029781
4909.02783 0.023568
4909.86816 0.018616
4910.70801 0.014908
4911.54785 0.01199
4912.38916 0.009638
4913.22900 0.00775
4914.06982 0.00624
4914.91113 0.005036
4915.75098 0.004063
4916.59180 0.003312
4917.43408 0.002715
4918.27490 0.002223
4919.11621 0.001819
4919.95801 0.001493
4920.79980 0.001216
4921.64209 0.001017
4922.48389 0.000845
4923.32617 0.000702
4924.16797 0.00059
4925.01123 0.000501
4925.85303 0.000422
5418.43848 0.0
