threeML/data/optical_filters/HST/WFC3_UVIS2-F775W.ecsv
# %ECSV 0.9
# ---
# datatype:
# - {name: wavelength, unit: Angstrom, datatype: float32}
# - {name: response, datatype: float32}
# meta: !!omap
# - {band_name: F775W}
# - {group_name: WFC3_UVIS2}
wavelength response
[from data line 806]
7814.09521 0.174394
7815.43213 0.174231
7816.76904 0.174068
7818.10596 0.173905
7819.44385 0.173742
7820.78223 0.173591
7822.12012 0.173449
7823.45801 0.1733
7824.79688 0.173151
7826.13623 0.173002
7827.47510 0.172853
7828.81396 0.172704
7830.15283 0.172555
7831.49316 0.172408
7832.83301 0.172281
7834.17285 0.172174
7835.51416 0.172067
7836.85400 0.171961
7838.19482 0.171854
7839.53613 0.171747
7840.87695 0.171641
7842.21924 0.171534
7843.56104 0.17142
7844.90283 0.171306
7846.24512 0.171192
7847.58691 0.171078
7848.93018 0.170965
7850.27295 0.170855
7851.61621 0.170762
7852.95898 0.170662
7854.30322 0.170556
7855.64697 0.170451
7856.99121 0.170346
7858.33496 0.170241
7859.68018 0.170136
7861.02393 0.170015
7862.37012 0.169893
7863.71484 0.169793
7865.06006 0.169693
7866.40576 0.169593
7867.75195 0.169493
7869.09814 0.169393
7870.44385 0.1693
7871.79102 0.16922
7873.13818 0.169126
7874.48486 0.169026
7875.83203 0.168927
7877.18018 0.168827
7878.52686 0.168727
7879.87500 0.168627
7881.22412 0.168509
7882.57178 0.168393
7883.91992 0.168288
7885.27002 0.168182
7886.61914 0.168077
7887.96777 0.167971
7889.31689 0.167866
7890.66699 0.167761
7892.01807 0.167655
7893.36816 0.167554
7894.71777 0.167453
7896.06885 0.167352
7897.41992 0.167251
7898.77100 0.16715
7900.12305 0.167051
7901.47412 0.16697
7902.82617 0.166883
7904.17822 0.166788
7905.53076 0.166693
7906.88281 0.166598
7908.23584 0.166502
7909.58887 0.166407
7910.94189 0.166298
7912.29590 0.166186
7913.64893 0.16611
7915.00293 0.166035
7916.35791 0.165959
7917.71191 0.165884
7919.06689 0.165808
7920.42188 0.165739
7921.77686 0.165683
7923.13184 0.16561
7924.48779 0.165529
7925.84424 0.165449
7927.20020 0.165368
7928.55615 0.165288
7929.91309 0.165207
7931.27002 0.165107
7932.62598 0.165001
7933.98389 0.164883
7935.34082 0.164766
7936.69922 0.164648
7938.05713 0.16453
7939.41504 0.164413
7940.77295 0.164295
7942.13184 0.164178
7943.49121 0.164087
7944.85010 0.163996
7946.20898 0.163906
7947.56885 0.163815
7948.92920 0.163724
7950.28906 0.163638
7951.64893 0.163568
7953.00879 0.16348
7954.37012 0.16338
7955.73096 0.16328
7957.09180 0.163181
7958.45410 0.163081
7959.81494 0.162981
7961.17676 0.162864
7962.53906 0.162755
7963.90088 0.162678
7965.26416 0.1626
7966.62695 0.162523
7967.99023 0.162445
7969.35303 0.162368
7970.71680 0.16229
7972.08105 0.162213
7973.44385 0.162104
7974.80908 0.161991
7976.17285 0.161879
7977.53809 0.161766
7978.90283 0.161654
7980.26807 0.161546
7981.63281 0.161455
7982.99902 0.161351
7984.36523 0.161236
7985.73096 0.161122
7987.09717 0.161007
7988.46387 0.160893
7989.83105 0.160779
7991.19678 0.16065
7992.56494 0.160525
7993.93213 0.160414
7995.29980 0.160303
7996.66797 0.160192
7998.03613 0.160081
7999.40381 0.15997
8000.77295 0.159867
8002.14209 0.159771
8003.51123 0.159701
8004.87988 0.159633
8006.25000 0.159565
8007.62012 0.159497
8008.99023 0.159429
8010.35986 0.159357
8011.73096 0.159271
8013.10205 0.159164
8014.47314 0.159046
8015.84424 0.158928
8017.21484 0.15881
8018.58691 0.158692
8019.95898 0.158574
8021.33105 0.158457
8022.70410 0.158353
8024.07617 0.158271
8025.44922 0.158189
8026.82178 0.158107
8028.19482 0.158025
8029.56885 0.157942
8030.94287 0.157876
8032.31689 0.157815
8033.69092 0.157734
8035.06592 0.157654
8036.43994 0.157574
8037.81494 0.157493
8039.19092 0.157413
8040.56592 0.157325
8041.94189 0.157225
8043.31787 0.1571
8044.69385 0.15697
8046.06982 0.156839
8047.44678 0.156709
8048.82422 0.156579
8050.20117 0.156448
8051.57812 0.156318
8052.95605 0.156195
8054.33301 0.156079
8055.71191 0.155963
8057.08984 0.155846
8058.46924 0.15573
8059.84717 0.155614
8061.22705 0.155515
8062.60498 0.155424
8063.98486 0.155347
8065.36523 0.15527
8066.74512 0.155193
8068.12500 0.155116
8069.50488 0.15504
8070.88623 0.15495
8072.26709 0.154854
8073.64795 0.154762
8075.02881 0.15467
8076.41113 0.154578
8077.79199 0.154486
8079.17480 0.154393
8080.55713 0.154301
8081.93896 0.154209
8083.32178 0.154102
8084.70605 0.153992
8086.08887 0.153881
8087.47217 0.15377
8088.85596 0.153659
8090.24023 0.153552
8091.62402 0.153461
8093.00781 0.153362
8094.39307 0.153259
8095.77783 0.153155
8097.16309 0.153052
8098.54785 0.152948
8099.93408 0.152844
8101.31982 0.152722
8102.70605 0.152605
8104.09180 0.152497
8105.47900 0.152389
8106.86621 0.152282
8108.25293 0.152174
8109.64014 0.152066
8111.02783 0.151958
8112.41602 0.151849
8113.80322 0.151729
8115.19092 0.151608
8116.58008 0.151488
8117.96924 0.151367
8119.35791 0.151247
8120.74707 0.151137
8122.13623 0.151036
8123.52588 0.150921
8124.91602 0.150805
8126.30615 0.15069
8127.69580 0.150574
8129.08691 0.150458
8130.47803 0.150336
8131.86914 0.150201
8133.25977 0.150081
8134.65186 0.149967
8136.04297 0.149853
8137.43604 0.149738
8138.82812 0.149624
8140.22021 0.14951
8141.61279 0.149396
8143.00586 0.149257
8144.39893 0.1491
8145.79297 0.148943
8147.18701 0.148785
8148.58105 0.148628
8149.97510 0.148471
8151.36914 0.148332
8152.76416 0.1482
8154.15918 0.148078
8155.55420 0.147956
8156.94922 0.147835
8158.34521 0.147713
8159.74121 0.147591
8161.13721 0.147454
8162.53320 0.147314
8163.93018 0.147173
8165.32617 0.147032
8166.72314 0.146891
8168.12109 0.146751
8169.51807 0.14661
8170.91602 0.146469
8172.31396 0.146327
8173.71191 0.146152
8175.11084 0.145977
8176.50879 0.145802
8177.90820 0.145627
8179.30811 0.145453
8180.70703 0.145288
8182.10596 0.145132
8183.50586 0.144988
8184.90723 0.144846
8186.30713 0.144705
8187.70801 0.144563
8189.10791 0.144421
8190.50977 0.144273
8191.91113 0.144112
8193.31152 0.143945
8194.71484 0.143775
8196.11621 0.143605
8197.51855 0.143435
8198.92090 0.143265
8200.32422 0.143096
8201.72754 0.14293
8203.13086 0.142759
8204.53418 0.142587
8205.93848 0.142414
8207.34180 0.142242
8208.74609 0.142069
8210.15039 0.141899
8211.55469 0.141745
8212.95996 0.141594
8214.36523 0.141446
8215.77148 0.141297
8217.17676 0.141149
8218.58203 0.141
8219.98828 0.140852
8221.39453 0.140685
8222.80176 0.140522
8224.20801 0.140362
8225.61523 0.140203
8227.02246 0.140043
8228.43066 0.139884
8229.83789 0.139725
8231.24609 0.139575
8232.65430 0.139435
8234.06348 0.139315
8235.47168 0.139195
8236.88086 0.139074
8238.29004 0.138954
8239.70020 0.138833
8241.10938 0.138728
8242.51953 0.138623
8243.92969 0.138507
8245.34082 0.138392
8246.75098 0.138276
8248.16211 0.138161
8249.57324 0.138045
8250.98438 0.137917
8252.39648 0.137786
8253.80859 0.137676
8255.22070 0.137567
8256.63281 0.137457
8258.04590 0.137347
8259.45898 0.137237
8260.87207 0.137128
8262.28516 0.137018
8263.69922 0.136918
8265.11230 0.136818
8266.52637 0.136718
8267.94141 0.136618
8269.35547 0.136518
8270.77148 0.136427
8272.18555 0.136345
8273.60059 0.136298
8275.01660 0.136253
8276.43262 0.136209
8277.84863 0.136164
8279.26465 0.136119
8280.68164 0.136066
8282.09766 0.136003
8283.51465 0.13593
8284.93262 0.135855
8286.34961 0.135781
8287.76758 0.135706
8289.18555 0.135631
8290.60352 0.135557
8292.02246 0.135482
8293.44141 0.13541
8294.86035 0.135339
8296.27930 0.135268
8297.69824 0.135196
8299.11816 0.135125
8300.53809 0.135053
8301.95801 0.134982
8303.37891 0.134938
8304.79980 0.134902
8306.22070 0.134866
8307.64160 0.13483
8309.06152 0.134794
8310.48438 0.134763
8311.90625 0.134745
8313.32812 0.134689
8314.75098 0.134619
8316.17383 0.134549
8317.59668 0.134479
8319.01953 0.134408
8320.44238 0.134333
8321.86621 0.134245
8323.29004 0.134154
8324.71387 0.134063
8326.13867 0.133971
8327.56348 0.133879
8328.98828 0.133787
8330.41309 0.133695
8331.83789 0.133604
8333.26367 0.133498
8334.68945 0.133386
8336.11523 0.133274
8337.54199 0.133161
8338.96875 0.133049
8340.39648 0.132942
8341.82227 0.132848
8343.24902 0.13272
8344.67676 0.132576
8346.10352 0.132432
8347.53223 0.132288
8348.96094 0.132144
8350.38965 0.131995
8351.81836 0.131833
8353.24707 0.131651
8354.67578 0.131458
8356.10547 0.131265
8357.53516 0.131072
8358.96484 0.130879
8360.39648 0.130687
8361.82617 0.130494
8363.25684 0.130287
8364.68652 0.130074
8366.11816 0.12986
8367.54980 0.129646
8368.98145 0.129433
8370.41309 0.12922
8371.84570 0.129007
8373.27832 0.128797
8374.71094 0.128588
8376.14355 0.12838
8377.57617 0.128172
8379.00977 0.127964
8380.44336 0.127761
8381.87695 0.12757
8383.31152 0.127369
8384.74609 0.127164
8386.18066 0.126959
8387.61523 0.126754
8389.04980 0.126549
8390.48535 0.126338
8391.92090 0.126117
8393.35742 0.125912
8394.79297 0.125713
8396.22852 0.125514
8397.66602 0.125315
8399.10254 0.125117
8400.54004 0.124923
8401.97656 0.124738
8403.41406 0.124584
8404.85254 0.124439
8406.29004 0.124294
8407.72852 0.124149
8409.16699 0.124004
8410.60547 0.123866
8412.04492 0.123738
8413.48438 0.123632
8414.92383 0.12353
8416.36328 0.123429
8417.80371 0.123328
8419.24316 0.123226
8420.68457 0.123117
8422.12500 0.122999
8423.56543 0.122867
8425.00684 0.122734
8426.44824 0.1226
8427.89062 0.122467
8429.33203 0.122334
8430.77441 0.122209
8432.21680 0.122092
8433.65918 0.12187
8435.10254 0.121639
8436.54590 0.121409
8437.98926 0.121179
8439.43262 0.12095
8440.87695 0.12072
8442.32129 0.120489
8443.76562 0.119872
8445.20996 0.119256
8446.65527 0.11864
8448.10059 0.118024
8449.54590 0.117409
8450.99121 0.116806
8452.43652 0.116152
8453.88379 0.114855
8455.33008 0.113559
8456.77637 0.112265
8458.22363 0.11097
8459.67090 0.109677
8461.11816 0.108373
8462.56543 0.106939
8464.01367 0.104864
8465.46191 0.102791
8466.91016 0.10072
8468.35840 0.098652
8469.80762 0.096584
8471.25684 0.094519
8472.70605 0.092301
8474.15527 0.089645
8475.60547 0.08699
8477.05566 0.084339
8478.50586 0.08169
8479.95703 0.079043
8481.40723 0.076401
8482.85840 0.073704
8484.31055 0.070912
8485.76172 0.068124
8487.21387 0.065338
8488.66602 0.062556
8490.11816 0.059777
8491.57031 0.057008
8493.02344 0.054374
8494.47656 0.05189
8495.92969 0.049409
8497.38379 0.046927
8498.83789 0.044448
8500.29199 0.041968
8501.74609 0.039479
8503.20020 0.037348
8504.65527 0.035462
8506.11035 0.033578
8507.56543 0.031698
8509.02148 0.029819
8510.47754 0.027944
8511.93359 0.026072
8513.38965 0.024613
8514.84668 0.023314
8516.30273 0.022017
8517.76074 0.020721
8519.21777 0.019427
8520.67480 0.018137
8522.13281 0.016847
8523.59082 0.015939
8525.04980 0.015094
8526.50781 0.014252
8527.96680 0.013411
8529.42578 0.012571
8530.88574 0.011733
8532.34473 0.010897
8533.80469 0.010333
8535.26465 0.009769
8536.72559 0.009206
8538.18555 0.008644
8539.64648 0.008082
8541.10742 0.007521
8542.56934 0.006992
8544.03027 0.006642
8545.49219 0.006292
8546.95410 0.005943
8548.41699 0.005595
8549.87988 0.005246
8551.34277 0.004899
8552.80566 0.004591
8554.26855 0.004371
8555.73242 0.00415
8557.19629 0.00393
8558.66016 0.00371
8560.12500 0.00349
8561.58887 0.003271
8563.05371 0.003086
8564.51953 0.002939
8565.98438 0.002792
8567.45020 0.002645
8568.91602 0.002499
8570.38184 0.002352
8571.84863 0.002206
8573.31543 0.00209
8574.78223 0.001989
8576.24902 0.001888
8577.71582 0.001787
8579.18359 0.001687
8580.65137 0.001586
8582.12012 0.001485
8583.58789 0.001415
8585.05664 0.00135
8586.52539 0.001285
8587.99512 0.001221
8589.46387 0.001156
8590.93359 0.001092
8592.40332 0.001028
8593.87402 0.000984
8595.34375 0.00094
8596.81445 0.000897
8598.28516 0.000853
8599.75684 0.00081
8601.22754 0.000766
8602.69922 0.000726
8604.17188 0.000695
8605.64355 0.000664
8607.11621 0.000634
8608.58887 0.000603
8610.06152 0.000572
8611.53418 0.000542
8613.00781 0.000516
8614.48145 0.000495
8615.95605 0.000474
8617.42969 0.000453
8618.90430 0.000433
8620.37891 0.000412
9482.41699 0.0
