threeML/data/optical_filters/HST/WFC3_IR-F140W.ecsv
# %ECSV 0.9
# ---
# datatype:
# - {name: wavelength, unit: Angstrom, datatype: float32}
# - {name: response, datatype: float32}
# meta: !!omap
# - {band_name: F140W}
# - {group_name: WFC3_IR}
wavelength response
[from data line 1533]
13320.62012 0.554849
13321.70020 0.554884
13322.78027 0.554918
13323.86035 0.554958
13324.94043 0.555017
13326.01953 0.555076
13327.09961 0.555134
13328.17969 0.555193
13329.25977 0.555252
13330.33984 0.555295
13331.42969 0.555305
13332.50977 0.555314
13333.58984 0.555323
13334.66992 0.555333
13335.75000 0.555342
13336.83008 0.555352
13337.91992 0.555361
13339.00000 0.555371
13340.08008 0.55538
13341.16016 0.55539
13342.25000 0.555399
13343.33008 0.555409
13344.41016 0.555384
13345.49023 0.555345
13346.58008 0.555306
13347.66016 0.555267
13348.74023 0.555227
13349.82031 0.555188
13350.91016 0.555149
13351.99023 0.55511
13353.07031 0.555071
13354.16016 0.555032
13355.24023 0.554992
13356.32031 0.554953
13357.41016 0.554914
13358.49023 0.554875
13359.57031 0.554836
13360.66016 0.554796
13361.74023 0.554757
13362.83008 0.554718
13363.91016 0.554679
13364.99023 0.554643
13366.08008 0.554607
13367.16016 0.554571
13368.25000 0.554535
13369.33008 0.554498
13370.41992 0.554462
13371.50000 0.554426
13372.58008 0.55439
13373.66992 0.554354
13374.75000 0.554317
13375.83984 0.554281
13376.91992 0.554245
13378.00977 0.554209
13379.08984 0.554173
13380.17969 0.554145
13381.26953 0.554158
13382.34961 0.554171
13383.44043 0.554184
13384.51953 0.554137
13385.61035 0.554074
13386.69043 0.554011
13387.78027 0.553947
13388.87012 0.553884
13389.95020 0.553821
13391.04004 0.553711
13392.12012 0.553598
13393.20996 0.553485
13394.29980 0.553372
13395.37988 0.55326
13396.46973 0.553147
13397.55957 0.553034
13398.63965 0.552922
13399.73047 0.552809
13400.82031 0.552671
13401.91016 0.552526
13402.99023 0.552381
13404.08008 0.552246
13405.16992 0.552128
13406.25000 0.55201
13407.33984 0.551892
13408.42969 0.551774
13409.51953 0.551656
13410.61035 0.551539
13411.69043 0.551421
13412.78027 0.551303
13413.87012 0.551185
13414.95996 0.551067
13416.04980 0.550949
13417.12988 0.550831
13418.21973 0.550713
13419.30957 0.550595
13420.40039 0.550477
13421.49023 0.550359
13422.58008 0.550242
13423.66992 0.550124
13424.75000 0.550009
13425.83984 0.549894
13426.92969 0.549779
13428.01953 0.549664
13429.11035 0.549549
13430.20020 0.549434
13431.29004 0.54932
13432.37988 0.549205
13433.46973 0.54909
13434.55957 0.548975
13435.65039 0.54886
13436.74023 0.548745
13437.83008 0.54863
13438.91992 0.548515
13440.00977 0.548401
13441.09961 0.548335
13442.19043 0.548269
13443.28027 0.548204
13444.37012 0.54813
13445.45996 0.548052
13446.54980 0.547974
13447.63965 0.547896
13448.73047 0.547818
13449.83008 0.54774
13450.91992 0.54762
13452.00977 0.547493
13453.09961 0.547366
13454.19043 0.547239
13455.28027 0.547111
13456.37012 0.546984
13457.45996 0.546857
13458.55957 0.54673
13459.65039 0.546602
13460.74023 0.546475
13461.83008 0.546348
13462.91992 0.546221
13464.01953 0.54614
13465.11035 0.546163
13466.20020 0.546186
13467.29004 0.546208
13468.38965 0.546231
13469.48047 0.546254
13470.57031 0.546277
13471.66016 0.5463
13472.75977 0.546323
13473.84961 0.546346
13474.94043 0.546369
13476.04004 0.546392
13477.12988 0.546415
13478.21973 0.546438
13479.32031 0.546461
13480.41016 0.546484
13481.50000 0.546507
13482.59961 0.546529
13483.69043 0.546552
13484.78027 0.54652
13485.87988 0.546487
13486.96973 0.546455
13488.07031 0.546423
13489.16016 0.546391
13490.25000 0.546358
13491.34961 0.546326
13492.44043 0.546293
13493.54004 0.546261
13494.62988 0.546229
13495.73047 0.546196
13496.82031 0.546164
13497.91992 0.546132
13499.00977 0.546099
13500.11035 0.546071
13501.20020 0.54608
13502.29980 0.546089
13503.38965 0.546098
13504.49023 0.546156
13505.58008 0.546232
13506.67969 0.546309
13507.78027 0.546385
13508.87012 0.546462
13509.96973 0.546538
13511.05957 0.546567
13512.16016 0.546594
13513.25000 0.546621
13514.34961 0.546648
13515.45020 0.546676
13516.54004 0.546703
13517.63965 0.54673
13518.74023 0.546758
13519.83008 0.546785
13520.92969 0.546812
13522.03027 0.546839
13523.12012 0.546867
13524.21973 0.54691
13525.32031 0.546971
13526.41992 0.547032
13527.50977 0.547093
13528.61035 0.547154
13529.70996 0.547215
13530.79980 0.547276
13531.90039 0.547337
13533.00000 0.547398
13534.09961 0.547459
13535.20020 0.54752
13536.29004 0.547581
13537.38965 0.547642
13538.49023 0.547703
13539.58984 0.547764
13540.69043 0.547825
13541.79004 0.547886
13542.87988 0.547947
13543.98047 0.548022
13545.08008 0.548138
13546.17969 0.548254
13547.28027 0.54837
13548.37988 0.548487
13549.48047 0.548603
13550.58008 0.548719
13551.67969 0.548835
13552.78027 0.548951
13553.87012 0.549068
13554.96973 0.549184
13556.07031 0.5493
13557.16992 0.549416
13558.26953 0.549532
13559.37012 0.549648
13560.46973 0.549764
13561.57031 0.54988
13562.66992 0.549996
13563.76953 0.550106
13564.87012 0.550111
13565.96973 0.550117
13567.08008 0.550122
13568.17969 0.550127
13569.28027 0.550133
13570.37988 0.550156
13571.48047 0.550211
13572.58008 0.550266
13573.67969 0.55032
13574.78027 0.550376
13575.87988 0.550431
13576.98047 0.550486
13578.08008 0.550541
13579.19043 0.550596
13580.29004 0.550638
13581.38965 0.550643
13582.49023 0.550649
13583.58984 0.550654
13584.70020 0.550561
13585.79980 0.550455
13586.90039 0.55035
13588.00000 0.550245
13589.09961 0.550139
13590.20996 0.550034
13591.30957 0.549928
13592.41016 0.549823
13593.50977 0.549717
13594.62012 0.549612
13595.71973 0.549507
13596.82031 0.549401
13597.91992 0.549296
13599.03027 0.54919
13600.12988 0.549071
13601.23047 0.548852
13602.33984 0.548632
13603.44043 0.548412
13604.54004 0.54843
13605.65039 0.548527
13606.75000 0.548624
13607.86035 0.548721
13608.95996 0.548818
13610.05957 0.548915
13611.16992 0.549011
13612.26953 0.549108
13613.37988 0.549204
13614.48047 0.5493
13615.58984 0.549397
13616.69043 0.549493
13617.79004 0.549589
13618.90039 0.549684
13620.00000 0.54978
13621.11035 0.549876
13622.20996 0.549971
13623.32031 0.550067
13624.41992 0.550104
13625.53027 0.550107
13626.62988 0.55011
13627.74023 0.550113
13628.84961 0.550116
13629.95020 0.550119
13631.05957 0.550122
13632.16016 0.550125
13633.26953 0.550128
13634.37988 0.550131
13635.48047 0.550133
13636.58984 0.550136
13637.69043 0.550138
13638.79980 0.550141
13639.91016 0.550143
13641.00977 0.550145
13642.12012 0.550148
13643.23047 0.55015
13644.33008 0.550011
13645.44043 0.549753
13646.54980 0.549496
13647.65039 0.549239
13648.75977 0.548981
13649.87012 0.548724
13650.96973 0.548511
13652.08008 0.548303
13653.19043 0.548096
13654.29980 0.547889
13655.41016 0.547681
13656.50977 0.547474
13657.62012 0.547267
13658.73047 0.547059
13659.83984 0.546852
13660.94043 0.546602
13662.04980 0.546346
13663.16016 0.546089
13664.26953 0.545926
13665.37988 0.545864
13666.49023 0.545802
13667.59961 0.545741
13668.70020 0.545679
13669.80957 0.545617
13670.91992 0.545555
13672.03027 0.545493
13673.13965 0.545431
13674.25000 0.545369
13675.36035 0.545307
13676.46973 0.545245
13677.58008 0.545182
13678.69043 0.54512
13679.79980 0.545058
13680.91016 0.544996
13682.01953 0.544933
13683.12988 0.544871
13684.24023 0.544761
13685.34961 0.544593
13686.45996 0.544424
13687.57031 0.544255
13688.67969 0.544087
13689.79004 0.543918
13690.90039 0.543749
13692.00977 0.543581
13693.12012 0.543412
13694.23047 0.543244
13695.33984 0.543076
13696.45020 0.542907
13697.55957 0.542738
13698.66992 0.54257
13699.79004 0.542401
13700.90039 0.542233
13702.00977 0.542065
13703.12012 0.541896
13704.23047 0.541732
13705.33984 0.541573
13706.45996 0.541413
13707.57031 0.541254
13708.67969 0.541095
13709.79004 0.540935
13710.90039 0.540776
13712.01953 0.540617
13713.12988 0.540458
13714.24023 0.540298
13715.34961 0.540139
13716.46973 0.53998
13717.58008 0.539821
13718.69043 0.539662
13719.79980 0.539502
13720.91992 0.539343
13722.03027 0.539184
13723.13965 0.539025
13724.25977 0.538875
13725.37012 0.538737
13726.48047 0.538599
13727.59961 0.538461
13728.70996 0.538323
13729.82031 0.538185
13730.94043 0.538047
13732.04980 0.537909
13733.16992 0.537771
13734.28027 0.537633
13735.38965 0.537495
13736.50977 0.537357
13737.62012 0.537219
13738.74023 0.537081
13739.84961 0.536943
13740.96973 0.536847
13742.08008 0.536758
13743.20020 0.536669
13744.30957 0.536552
13745.42969 0.536406
13746.54004 0.536259
13747.66016 0.536113
13748.76953 0.535967
13749.88965 0.535821
13751.00000 0.535631
13752.12012 0.535436
13753.23047 0.535241
13754.34961 0.535045
13755.45996 0.534851
13756.58008 0.534656
13757.70020 0.534461
13758.80957 0.534266
13759.92969 0.534071
13761.04004 0.533876
13762.16016 0.533681
13763.28027 0.533486
13764.38965 0.533336
13765.50977 0.533219
13766.62988 0.533102
13767.74023 0.532985
13768.86035 0.532868
13769.98047 0.532751
13771.08984 0.532634
13772.20996 0.532517
13773.33008 0.5324
13774.45020 0.532283
13775.55957 0.532166
13776.67969 0.532049
13777.79980 0.531932
13778.91992 0.531815
13780.03027 0.531698
13781.15039 0.531581
13782.26953 0.531464
13783.38965 0.531347
13784.50977 0.531107
13785.62012 0.530806
13786.74023 0.530504
13787.86035 0.530202
13788.98047 0.5299
13790.09961 0.529598
13791.21973 0.529296
13792.33984 0.528995
13793.45996 0.528693
13794.57031 0.528392
13795.69043 0.528091
13796.80957 0.527789
13797.92969 0.527488
13799.04980 0.527187
13800.16992 0.526891
13801.29004 0.526625
13802.41016 0.526358
13803.53027 0.526091
13804.65039 0.525962
13805.76953 0.52587
13806.88965 0.525779
13808.00977 0.525688
13809.12988 0.525597
13810.25000 0.525506
13811.37012 0.525415
13812.49023 0.525324
13813.61035 0.525232
13814.73047 0.525141
13815.84961 0.52505
13816.96973 0.524959
13818.08984 0.524868
13819.20996 0.524776
13820.33008 0.524685
13821.45996 0.524594
13822.58008 0.524503
13823.70020 0.524412
13824.82031 0.524287
13825.94043 0.524161
13827.05957 0.524034
13828.17969 0.523907
13829.30957 0.52378
13830.42969 0.523742
13831.54980 0.523849
13832.66992 0.523956
13833.79004 0.524062
13834.91992 0.524169
13836.04004 0.524275
13837.16016 0.524382
13838.28027 0.524489
13839.41016 0.524595
13840.53027 0.524702
13841.65039 0.524808
13842.78027 0.524915
13843.90039 0.525008
13845.01953 0.524977
13846.13965 0.524947
13847.26953 0.524917
13848.38965 0.524886
13849.50977 0.524856
13850.63965 0.524853
13851.75977 0.52487
13852.87988 0.524888
13854.00977 0.524905
13855.12988 0.524923
13856.25977 0.52494
13857.37988 0.524957
13858.50000 0.524975
13859.62988 0.524992
13860.75000 0.524976
13861.87988 0.524945
13863.00000 0.524914
13864.12988 0.524939
13865.25000 0.525097
13866.37988 0.525254
13867.50000 0.525412
13868.62988 0.525569
13869.75000 0.525727
13870.87988 0.525885
13872.00000 0.526042
13873.12988 0.5262
13874.25000 0.526358
13875.37988 0.526515
13876.50000 0.526673
13877.62988 0.526831
13878.75000 0.526989
13879.87988 0.527147
13881.00977 0.527305
13882.12988 0.527463
13883.25977 0.527621
13884.38965 0.527706
13885.50977 0.527726
13886.63965 0.527745
13887.75977 0.527765
13888.88965 0.527784
13890.01953 0.527804
13891.13965 0.527823
13892.26953 0.527842
13893.40039 0.527862
13894.53027 0.527881
13895.65039 0.5279
13896.78027 0.527919
13897.91016 0.527939
13899.04004 0.527958
13900.16016 0.527977
13901.29004 0.527996
13902.41992 0.528015
13903.54980 0.528034
13904.66992 0.528163
13905.79980 0.528324
13906.92969 0.528486
13908.05957 0.528647
13909.19043 0.528809
13910.30957 0.52897
13911.44043 0.529132
13912.57031 0.529293
13913.70020 0.529455
13914.83008 0.529617
13915.95996 0.529779
13917.08984 0.52994
13918.21973 0.530103
13919.33984 0.530264
13920.46973 0.530426
13921.59961 0.530588
13922.73047 0.53075
13923.86035 0.5309
13924.99023 0.530809
13926.12012 0.530718
13927.25000 0.530627
13928.37988 0.530536
13929.50977 0.530445
13930.63965 0.530354
13931.76953 0.530263
13932.90039 0.530172
13934.03027 0.53008
13935.16016 0.529988
13936.29004 0.529897
13937.41992 0.529805
13938.54980 0.529713
13939.67969 0.529621
13940.80957 0.529529
13941.95020 0.529438
13943.08008 0.529345
13944.20996 0.529401
13945.33984 0.529732
13946.46973 0.530062
13947.59961 0.530393
13948.73047 0.530723
13949.86035 0.531054
13951.00000 0.531385
13952.12988 0.531716
13953.25977 0.532047
13954.38965 0.532379
13955.51953 0.53271
13956.66016 0.533041
13957.79004 0.533373
13958.91992 0.533705
13960.04980 0.534037
13961.17969 0.534369
13962.32031 0.534702
13963.45020 0.535034
13964.58008 0.535142
13965.71973 0.535142
13966.84961 0.535142
13967.98047 0.535142
13969.12012 0.535142
13970.25000 0.535142
13971.37988 0.535142
13972.50977 0.535142
13973.65039 0.535141
13974.78027 0.535141
13975.91992 0.535141
13977.04980 0.53514
13978.17969 0.53514
13979.32031 0.535139
13980.45020 0.535139
13981.58008 0.535138
13982.71973 0.535138
13983.84961 0.535143
13984.99023 0.53535
13986.12012 0.535556
13987.25977 0.535763
13988.38965 0.53597
13989.53027 0.536177
13990.66016 0.536384
13991.79980 0.536591
13992.92969 0.536799
13994.07031 0.537006
13995.20020 0.537213
13996.33984 0.53742
13997.46973 0.537628
13998.61035 0.537836
13999.74023 0.538043
14000.87988 0.538204
14002.01953 0.538352
14003.15039 0.5385
14004.29004 0.538581
14005.41992 0.538564
14006.55957 0.538547
14007.70020 0.538531
14008.83008 0.538514
14009.96973 0.538497
14011.09961 0.53848
14012.24023 0.538463
14013.37988 0.538446
14014.50977 0.538428
14015.65039 0.538412
14016.79004 0.538394
14017.92969 0.538377
14019.05957 0.53836
14020.20020 0.538343
14021.33984 0.538326
14022.48047 0.538309
14023.61035 0.538292
14024.75000 0.538418
14025.88965 0.538579
14027.03027 0.538739
14028.16016 0.5389
14029.29980 0.539061
14030.44043 0.539222
14031.58008 0.539383
14032.71973 0.539544
14033.84961 0.539705
14034.99023 0.539866
14036.12988 0.540027
14037.26953 0.540188
14038.41016 0.540349
14039.54980 0.540511
14040.69043 0.540672
14041.83008 0.540833
14042.95996 0.540994
14044.09961 0.541137
14045.24023 0.541217
14046.37988 0.541297
14047.51953 0.541377
14048.66016 0.541457
14049.79980 0.541536
14050.94043 0.541617
14052.08008 0.541697
14053.21973 0.541776
14054.36035 0.541857
14055.50000 0.541937
14056.63965 0.542017
14057.78027 0.542097
14058.91992 0.542177
14060.05957 0.542257
14061.20020 0.542337
14062.33984 0.542417
14063.48047 0.542497
14064.62988 0.542552
14065.76953 0.542594
14066.91016 0.542637
14068.04980 0.542679
14069.19043 0.542722
14070.33008 0.542779
14071.46973 0.542872
14072.61035 0.542965
14073.75977 0.543058
14074.90039 0.543151
14076.04004 0.543245
14077.17969 0.543338
14078.32031 0.543431
14079.45996 0.543524
14080.61035 0.54359
14081.75000 0.543633
14082.88965 0.543675
14084.03027 0.543735
14085.17969 0.543885
14086.32031 0.544035
14087.45996 0.544185
14088.61035 0.544335
14089.75000 0.544485
14090.88965 0.544635
14092.03027 0.544785
14093.17969 0.544935
14094.32031 0.545085
14095.45996 0.545235
14096.61035 0.545385
14097.75000 0.545535
14098.88965 0.545686
14100.04004 0.545836
14101.17969 0.545986
14102.33008 0.546137
14103.46973 0.546287
14104.61035 0.546339
14105.75977 0.54634
14106.90039 0.546342
14108.04980 0.546343
14109.19043 0.546345
14110.33984 0.546346
14111.48047 0.546348
14112.62988 0.54635
14113.76953 0.546351
14114.91992 0.546352
14116.05957 0.546354
14117.20996 0.546355
14118.34961 0.546357
14119.50000 0.546358
14120.63965 0.54636
14121.79004 0.546361
14122.92969 0.546363
14124.08008 0.54639
14125.21973 0.546528
14126.37012 0.546666
14127.51953 0.546804
14128.66016 0.546942
14129.80957 0.54708
14130.95020 0.547219
14132.09961 0.547357
14133.25000 0.547495
14134.38965 0.547633
14135.54004 0.547771
14136.69043 0.54791
14137.83008 0.548048
14138.98047 0.548187
14140.12988 0.548325
14141.26953 0.548463
14142.41992 0.548602
14143.57031 0.54874
14144.71973 0.54874
14145.86035 0.54869
14147.00977 0.54864
14148.16016 0.548591
14149.30957 0.548541
14150.45996 0.548491
14151.59961 0.548442
14152.75000 0.548392
14153.90039 0.548342
14155.04980 0.548292
14156.20020 0.548243
14157.33984 0.548193
14158.49023 0.548143
14159.63965 0.548093
14160.79004 0.548043
14161.94043 0.547993
14163.08984 0.547943
14164.24023 0.547932
14165.37988 0.548003
14166.53027 0.548075
14167.67969 0.548147
14168.83008 0.548218
14169.98047 0.54829
14171.12988 0.548361
