threeML/data/optical_filters/HST/WFC3_IR-F126N.ecsv
# %ECSV 0.9
# ---
# datatype:
# - {name: wavelength, unit: Angstrom, datatype: float32}
# - {name: response, datatype: float32}
# meta: !!omap
# - {band_name: F126N}
# - {group_name: WFC3_IR}
wavelength response
11207.95215 0.0
12453.28027 0.000402
12454.29004 0.000344
12455.29980 0.000268
12456.30957 0.00026
12457.32031 0.000261
12458.33008 0.000405
12459.33984 0.000562
12460.34961 0.000549
12461.36035 0.000524
12462.37012 0.000574
12463.38965 0.000627
12464.40039 0.000706
12465.41016 0.000785
12466.41992 0.000786
12467.42969 0.00079
12468.44043 0.000921
12469.45020 0.001055
12470.45996 0.001265
12471.48047 0.001475
12472.49023 0.001684
12473.50000 0.001891
12474.50977 0.002075
12475.51953 0.00227
12476.54004 0.002558
12477.54980 0.002857
12478.55957 0.003223
12479.57031 0.00361
12480.58008 0.004106
12481.59961 0.004683
12482.61035 0.005624
12483.62012 0.006591
12484.62988 0.007662
12485.65039 0.008841
12486.66016 0.010383
12487.66992 0.012053
12488.69043 0.01409
12489.70020 0.016346
12490.70996 0.019169
12491.73047 0.022289
12492.74023 0.026082
12493.75000 0.030423
12494.76953 0.035862
12495.78027 0.041818
12496.79004 0.048703
12497.80957 0.056525
12498.82031 0.065849
12499.83008 0.075983
12500.84961 0.087283
12501.86035 0.099671
12502.87988 0.11348
12503.88965 0.128048
12504.91016 0.143517
12505.91992 0.160147
12506.94043 0.177968
12507.95020 0.196505
12508.95996 0.215699
12509.98047 0.234701
12510.99023 0.253547
12512.00977 0.271741
12513.01953 0.289478
12514.04004 0.307125
12515.04980 0.32474
12516.07031 0.340431
12517.08008 0.355049
12518.09961 0.368116
12519.12012 0.380406
12520.12988 0.39091
12521.15039 0.40066
12522.16016 0.40861
12523.17969 0.415889
12524.19043 0.421535
12525.20996 0.426664
12526.23047 0.430528
12527.24023 0.434057
12528.25977 0.436656
12529.28027 0.439055
12530.29004 0.440816
12531.30957 0.442491
12532.33008 0.443679
12533.33984 0.444802
12534.36035 0.445997
12535.37012 0.4472
12536.38965 0.448154
12537.41016 0.449096
12538.42969 0.450062
12539.44043 0.451028
12540.45996 0.45182
12541.48047 0.452599
12542.50000 0.453502
12543.50977 0.45439
12544.53027 0.45511
12545.54980 0.455811
12546.57031 0.456373
12547.58008 0.45693
12548.59961 0.457466
12549.62012 0.45804
12550.63965 0.458786
12551.66016 0.459527
12552.66992 0.460247
12553.69043 0.460887
12554.70996 0.461291
12555.73047 0.461679
12556.75000 0.462031
12557.76953 0.462399
12558.78027 0.462803
12559.79980 0.46316
12560.82031 0.463464
12561.83984 0.463734
12562.86035 0.463941
12563.87988 0.464124
12564.90039 0.464278
12565.91992 0.464469
12566.94043 0.464703
12567.95996 0.464922
12568.98047 0.465129
12570.00000 0.465278
12571.01953 0.46534
12572.04004 0.465371
12573.05957 0.46538
12574.08008 0.46529
12575.09961 0.46514
12576.12012 0.465008
12577.13965 0.464884
12578.16016 0.464817
12579.17969 0.464772
12580.20020 0.464787
12581.21973 0.464822
12582.24023 0.464796
12583.25977 0.464752
12584.28027 0.464838
12585.29980 0.464952
12586.32031 0.464976
12587.33984 0.464985
12588.36035 0.464898
12589.37988 0.464801
12590.41016 0.464779
12591.42969 0.464761
12592.45020 0.464692
12593.46973 0.464621
12594.49023 0.46455
12595.50977 0.464475
12596.54004 0.464324
12597.55957 0.464183
12598.58008 0.464112
12599.59961 0.464038
12600.62012 0.463964
12601.65039 0.463863
12602.66992 0.463591
12603.69043 0.463344
12604.70996 0.463179
12605.74023 0.463005
12606.75977 0.462813
12607.78027 0.462629
12608.79980 0.462463
12609.83008 0.462297
12610.84961 0.462098
12611.87012 0.46186
12612.90039 0.461574
12613.91992 0.461265
12614.94043 0.460927
12615.95996 0.460615
12616.99023 0.46033
12618.00977 0.459972
12619.04004 0.459553
12620.05957 0.459119
12621.08008 0.458674
12622.11035 0.458247
12623.12988 0.457828
12624.15039 0.457337
12625.17969 0.456812
12626.20020 0.456112
12627.23047 0.455348
12628.25000 0.454377
12629.28027 0.453346
12630.29980 0.452119
12631.33008 0.450849
12632.34961 0.449231
12633.37012 0.447561
12634.40039 0.445722
12635.41992 0.443866
12636.45020 0.44165
12637.46973 0.439409
12638.50000 0.436542
12639.53027 0.433621
12640.54980 0.429973
12641.58008 0.426259
12642.59961 0.42191
12643.62988 0.417402
12644.65039 0.412091
12645.67969 0.406533
12646.70020 0.400104
12647.73047 0.393243
12648.75977 0.38521
12649.78027 0.376656
12650.80957 0.366964
12651.83008 0.356555
12652.86035 0.344909
12653.88965 0.333317
12654.91016 0.321799
12655.94043 0.309
12656.96973 0.29474
12657.99023 0.280131
12659.01953 0.265224
12660.04980 0.249255
12661.08008 0.232499
12662.09961 0.216134
12663.12988 0.199982
12664.16016 0.183619
12665.17969 0.167154
12666.20996 0.152119
12667.24023 0.137621
12668.26953 0.124011
12669.29004 0.110667
12670.32031 0.099076
12671.34961 0.087824
12672.37988 0.077573
12673.41016 0.067457
12674.42969 0.059564
12675.45996 0.051811
12676.49023 0.045448
12677.51953 0.039158
12678.54980 0.034113
12679.58008 0.02918
12680.59961 0.025201
12681.62988 0.021407
12682.66016 0.018606
12683.69043 0.015939
12684.71973 0.013777
12685.75000 0.011779
12686.78027 0.010231
12687.80957 0.008769
12688.83984 0.007484
12689.87012 0.006427
12690.88965 0.005733
12691.91992 0.005039
12692.95020 0.004344
12693.98047 0.003729
12695.00977 0.003195
12696.04004 0.002794
12697.07031 0.0025
12698.09961 0.002207
12699.12988 0.001914
12700.16016 0.001728
12701.19043 0.001595
12702.21973 0.00152
12703.25000 0.001468
12704.29004 0.001287
12705.32031 0.001072
12706.34961 0.000992
12707.37988 0.000938
12708.41016 0.000883
12709.44043 0.000828
12710.46973 0.000696
12711.50000 0.000562
12712.53027 0.00048
13983.78320 0.0
