threeML/data/optical_filters/HST/WFC3_UVIS2-F475X.ecsv
# %ECSV 0.9
# ---
# datatype:
# - {name: wavelength, unit: Angstrom, datatype: float32}
# - {name: response, datatype: float32}
# meta: !!omap
# - {band_name: F475X}
# - {group_name: WFC3_UVIS2}
wavelength response
3324.23193 0.0
3693.59106 0.000406
3694.22290 0.000418
3694.85498 0.00043
3695.48706 0.000442
3696.11890 0.000454
3696.75195 0.000467
3697.38403 0.000479
3698.01709 0.000491
3698.64893 0.000503
3699.28198 0.000515
3699.91504 0.000527
3700.54810 0.00054
3701.18091 0.000553
3701.81494 0.000571
3702.44800 0.00059
3703.08203 0.000608
3703.71509 0.000626
3704.34912 0.000645
3704.98193 0.000663
3705.61597 0.000681
3706.25000 0.0007
3706.88501 0.000718
3707.51904 0.000737
3708.15308 0.000755
3708.78809 0.000773
3709.42212 0.000792
3710.05688 0.00081
3710.69189 0.000829
3711.32593 0.000853
3711.96094 0.000884
3712.59595 0.000916
3713.23193 0.000947
3713.86694 0.000979
3714.50195 0.00101
3715.13794 0.001042
3715.77393 0.001074
3716.40894 0.001105
3717.04492 0.001137
3717.68091 0.001168
3718.31689 0.0012
3718.95288 0.001232
3719.59009 0.001264
3720.22607 0.001295
3720.86304 0.001327
3721.49902 0.001374
3722.13599 0.001428
3722.77295 0.001482
3723.40991 0.001537
3724.04712 0.001591
3724.68408 0.001645
3725.32104 0.001699
3725.95898 0.001754
3726.59595 0.001808
3727.23389 0.001862
3727.87207 0.001917
3728.50903 0.001971
3729.14697 0.002026
3729.78491 0.00208
3730.42310 0.002134
3731.06201 0.002189
3731.69995 0.002281
3732.33911 0.002373
3732.97705 0.002465
3733.61597 0.002558
3734.25488 0.00265
3734.89404 0.002742
3735.53198 0.002834
3736.17212 0.002927
3736.81104 0.003019
3737.44995 0.003112
3738.09009 0.003204
3738.72900 0.003297
3739.36890 0.003389
3740.00903 0.003482
3740.64893 0.003574
3741.28906 0.003692
3741.92896 0.003854
3742.56909 0.004016
3743.20898 0.004178
3743.85010 0.00434
3744.48999 0.004502
3745.13110 0.004665
3745.77197 0.004827
3746.41309 0.00499
3747.05298 0.005152
3747.69507 0.005315
3748.33594 0.005478
3748.97705 0.005641
3749.61890 0.005804
3750.26001 0.005967
3750.90210 0.00613
3751.54395 0.006398
3752.18604 0.006703
3752.82690 0.007008
3753.46899 0.007313
3754.11206 0.007618
3754.75391 0.007923
3755.39600 0.008229
3756.03906 0.008535
3756.68188 0.00884
3757.32397 0.009146
3757.96704 0.009452
3758.61011 0.009758
3759.25293 0.010064
3759.89600 0.010371
3760.54004 0.010678
3761.18311 0.011032
3761.82690 0.011601
3762.46997 0.012171
3763.11401 0.012742
3763.75806 0.013312
3764.40210 0.013883
3765.04590 0.014454
3765.68994 0.015026
3766.33398 0.015598
3766.97900 0.01617
3767.62305 0.016742
3768.26807 0.017315
3768.91309 0.017888
3769.55688 0.018461
3770.20190 0.019034
3770.84692 0.019607
3771.49292 0.02046
3772.13794 0.021462
3772.78296 0.022464
3773.42896 0.023466
3774.07397 0.024469
3774.71997 0.025472
3775.36597 0.026476
3776.01196 0.02748
3776.65796 0.028485
3777.30396 0.02949
3777.94995 0.030495
3778.59692 0.031501
3779.24292 0.032508
3779.88989 0.033514
3780.53711 0.034521
3781.18408 0.035637
3781.83105 0.037281
3782.47803 0.038925
3783.12500 0.04057
3783.77197 0.042215
3784.41895 0.043861
3785.06689 0.045508
3785.71411 0.047156
3786.36206 0.048804
3787.01001 0.050453
3787.65796 0.052103
3788.30591 0.053753
3788.95410 0.055405
3789.60205 0.057056
3790.25098 0.05871
3790.89893 0.060367
3791.54810 0.062508
3792.19702 0.064833
3792.84497 0.067159
3793.49390 0.069485
3794.14307 0.071813
3794.79199 0.074143
3795.44189 0.076474
3796.09106 0.078805
3796.74097 0.081139
3797.38989 0.083472
3798.04004 0.085809
3798.68994 0.088145
3799.34009 0.090484
3799.98999 0.092823
3800.63989 0.095178
3801.29004 0.097611
3801.94092 0.1002
3802.59106 0.102792
3803.24194 0.105385
3803.89209 0.107981
3804.54297 0.110579
3805.19409 0.11318
3805.84497 0.115782
3806.49609 0.118387
3807.14795 0.120994
3807.79907 0.123603
3808.44995 0.126214
3809.10205 0.128828
3809.75391 0.131444
3810.40601 0.134062
3811.05811 0.136682
3811.70996 0.138802
3812.36206 0.140904
3813.01392 0.143009
3813.66699 0.145115
3814.31909 0.147223
3814.97192 0.149333
3815.62402 0.151444
3816.27710 0.153558
3816.92993 0.155673
3817.58301 0.157789
3818.23608 0.159908
3818.88989 0.162029
3819.54297 0.164151
3820.19702 0.166278
3820.85010 0.168413
3821.50391 0.169966
3822.15796 0.171194
3822.81201 0.172424
3823.46606 0.173654
3824.12012 0.174886
3824.77393 0.17612
3825.42798 0.177353
3826.08301 0.178589
3826.73804 0.179825
3827.39209 0.181063
3828.04712 0.182302
3828.70190 0.183542
3829.35693 0.184783
3830.01196 0.186025
3830.66797 0.187257
3831.32300 0.188232
3831.97900 0.188748
3832.63403 0.189264
3833.29004 0.189781
3833.94604 0.190298
3834.60205 0.190816
3835.25806 0.191334
3835.91406 0.191852
3836.57007 0.192371
3837.22705 0.19289
3837.88306 0.19341
3838.54004 0.19393
3839.19702 0.19445
3839.85400 0.19497
3840.51001 0.1955
3841.16797 0.19599
3841.82495 0.196166
3842.48193 0.196342
3843.13989 0.196518
3843.79712 0.196694
3844.45508 0.196871
3845.11304 0.197047
3845.77100 0.197224
3846.42798 0.197401
3847.08691 0.197577
3847.74512 0.197754
3848.40308 0.197931
3849.06201 0.198108
3849.71997 0.198286
3850.37891 0.198457
3851.03809 0.198623
3851.69702 0.198698
3852.35498 0.198765
3853.01489 0.198832
3853.67407 0.198899
3854.33301 0.198966
3854.99292 0.199033
3855.65210 0.1991
3856.31201 0.199167
3856.97192 0.199234
3857.63208 0.199301
3858.29199 0.199369
3858.95190 0.199436
3859.61206 0.199503
3860.27197 0.19957
3860.93311 0.199637
3861.59302 0.199721
3862.25391 0.199811
3862.91504 0.199901
3863.57593 0.199991
3864.23706 0.200081
3864.89795 0.200171
3865.55908 0.200261
3866.22095 0.200351
3866.88208 0.200441
3867.54395 0.200531
3868.20508 0.200621
3868.86694 0.200711
3869.52905 0.200801
3870.19092 0.200894
3870.85400 0.200996
3871.51611 0.20112
3872.17798 0.201258
3872.84106 0.201395
3873.50293 0.201533
3874.16602 0.20167
3874.82910 0.201808
3875.49194 0.201946
3876.15503 0.202084
3876.81812 0.202222
3877.48096 0.20236
3878.14502 0.202498
3878.80811 0.202636
3879.47192 0.202774
3880.13599 0.20291
3880.80005 0.203037
3881.46411 0.203164
3882.12793 0.203291
3882.79199 0.203418
3883.45605 0.203544
3884.12109 0.203672
3884.78491 0.203799
3885.44995 0.203926
3886.11499 0.204053
3886.78003 0.20418
3887.44507 0.204308
3888.11011 0.204435
3888.77490 0.204563
3889.43994 0.20469
3890.10596 0.204818
3890.77100 0.204946
3891.43701 0.205058
3892.10303 0.205156
3892.76904 0.205254
3893.43506 0.205352
3894.10107 0.205449
3894.76709 0.205547
3895.43408 0.205645
3896.10010 0.205743
3896.76709 0.205841
3897.43311 0.205939
3898.10010 0.206037
3898.76709 0.206135
3899.43408 0.206233
3900.10107 0.206333
3900.76904 0.206443
3901.43604 0.206541
3902.10400 0.206627
3902.77100 0.206714
3903.43896 0.2068
3904.10693 0.206886
3904.77490 0.206972
3905.44312 0.207058
3906.11108 0.207144
3906.77905 0.207231
3907.44800 0.207317
3908.11597 0.207403
3908.78491 0.207489
3909.45410 0.207576
3910.12305 0.20766
3910.79199 0.207734
3911.46094 0.207798
3912.12988 0.207853
3912.79907 0.207907
3913.46899 0.207962
3914.13794 0.208016
3914.80811 0.208071
3915.47803 0.208126
3916.14795 0.20818
3916.81812 0.208235
3917.48804 0.20829
3918.15796 0.208344
3918.82910 0.208399
3919.49902 0.208454
3920.16992 0.208508
3920.84009 0.208563
3921.51099 0.208611
3922.18188 0.208655
3922.85303 0.208699
3923.52393 0.208743
3924.19604 0.208787
3924.86694 0.208831
3925.53906 0.208874
3926.20996 0.208919
3926.88208 0.208962
3927.55396 0.209006
3928.22607 0.20905
3928.89795 0.209094
3929.57007 0.209138
3930.24194 0.209186
3930.91504 0.209242
3931.58691 0.209294
3932.26001 0.209343
3932.93311 0.209393
3933.60596 0.209442
3934.27905 0.209492
3934.95190 0.209541
3935.62500 0.209591
3936.29907 0.20964
3936.97192 0.20969
3937.64600 0.209739
3938.31909 0.209788
3938.99292 0.209838
3939.66699 0.209887
3940.34106 0.20993
3941.01489 0.209968
3941.68994 0.210034
3942.36401 0.210106
3943.03906 0.210177
3943.71289 0.210249
3944.38794 0.21032
3945.06299 0.210392
3945.73804 0.210463
3946.41309 0.210535
3947.08789 0.210607
3947.76294 0.210678
3948.43896 0.21075
3949.11499 0.210821
3949.79004 0.210893
3950.46606 0.210965
3951.14209 0.211037
3951.81812 0.211126
3952.49390 0.211215
3953.16992 0.211304
3953.84595 0.211394
3954.52295 0.211483
3955.19995 0.211572
3955.87598 0.211661
3956.55298 0.211751
3957.22998 0.21184
3957.90698 0.211929
3958.58398 0.212019
3959.26196 0.212108
3959.93896 0.212198
3960.61694 0.212298
3961.29395 0.212411
3961.97192 0.212555
3962.64990 0.212698
3963.32788 0.212842
3964.00610 0.212986
3964.68408 0.21313
3965.36304 0.213274
3966.04102 0.213418
3966.71899 0.213562
3967.39795 0.213707
3968.07690 0.213851
3968.75610 0.213996
3969.43506 0.21414
3970.11401 0.214282
3970.79297 0.214415
3971.47290 0.214566
3972.15210 0.214736
3972.83203 0.214906
3973.51099 0.215076
3974.19092 0.215246
3974.87109 0.215417
3975.55200 0.215587
3976.23193 0.215757
3976.91211 0.215928
3977.59204 0.216099
3978.27295 0.21627
3978.95410 0.21644
3979.63403 0.216611
3980.31494 0.216782
3980.99609 0.216953
3981.67700 0.217127
3982.35889 0.217302
3983.04004 0.217476
3983.72095 0.217651
3984.40308 0.217826
3985.08496 0.218001
3985.76709 0.218176
3986.44800 0.218351
3987.13110 0.218526
3987.81299 0.218701
3988.49512 0.218877
3989.17700 0.219052
3989.86011 0.219228
3990.54297 0.219413
3991.22510 0.219604
3991.90796 0.219807
3992.59106 0.22001
3993.27393 0.220214
3993.95801 0.220417
3994.64111 0.220621
3995.32397 0.220825
3996.00806 0.221029
3996.69189 0.221232
3997.37500 0.221437
3998.06006 0.221641
3998.74292 0.221846
3999.42798 0.22205
4000.11206 0.222244
4000.79590 0.222382
4001.48096 0.222516
4002.16602 0.222648
4002.85010 0.22278
4003.53491 0.222912
4004.21997 0.223043
4004.90503 0.223175
4005.59009 0.223307
4006.27588 0.223439
4006.96094 0.223571
4007.64697 0.223703
4008.33301 0.223835
4009.01807 0.223968
4009.70410 0.2241
4010.38989 0.224232
4011.07593 0.224364
4011.76294 0.224477
4012.44897 0.224589
4013.13501 0.224701
4013.82202 0.224813
4014.50903 0.224925
4015.19604 0.225037
4015.88306 0.225149
4016.57007 0.225261
4017.25708 0.225373
4017.94409 0.225485
4018.63208 0.225597
4019.31909 0.225709
4020.00708 0.225822
4020.69507 0.225947
4021.38306 0.226066
4022.07104 0.226173
4022.75903 0.226281
4023.44702 0.226388
4024.13599 0.226496
4024.82397 0.226603
4025.51294 0.226711
4026.20190 0.226819
4026.88989 0.226926
4027.57910 0.227034
4028.26904 0.227142
4028.95801 0.227249
4029.64697 0.227357
4030.33594 0.227463
4031.02588 0.227567
4031.71606 0.227655
4032.40601 0.227739
4033.09497 0.227823
4033.78491 0.227908
4034.47607 0.227992
4035.16602 0.228076
4035.85596 0.228161
4036.54712 0.228245
4037.23804 0.22833
4037.92798 0.228414
4038.61890 0.228499
4039.31006 0.228583
4040.00098 0.228668
4040.69189 0.228752
4041.38403 0.22882
4042.07495 0.228858
4042.76709 0.228897
4043.45801 0.228935
4044.14990 0.228973
4044.84204 0.229011
4045.53394 0.229049
4046.22705 0.229088
4046.91895 0.229126
4047.61108 0.229164
4048.30396 0.229202
4048.99609 0.229241
4049.68896 0.229279
4050.38208 0.229324
4051.07495 0.229376
4051.76807 0.229412
4052.46094 0.229446
4053.15503 0.229479
4053.84790 0.229513
4054.54199 0.229547
4055.23511 0.229581
4055.92896 0.229615
4056.62305 0.229649
4057.31689 0.229682
4058.01099 0.229716
4058.70605 0.22975
4059.39990 0.229784
4060.09497 0.229816
4060.78906 0.229836
4061.48389 0.229848
4062.17896 0.229852
4062.87402 0.229856
4063.56909 0.22986
4064.26392 0.229865
4064.95996 0.229869
4065.65503 0.229873
4066.35107 0.229877
4067.04712 0.229881
4067.74194 0.229885
4068.43799 0.229889
4069.13501 0.229893
4069.83105 0.229897
4070.52710 0.229901
4071.22412 0.229903
4071.91992 0.229889
4072.61694 0.229874
4073.31396 0.22986
4074.01001 0.229846
4074.70801 0.229832
4075.40503 0.229817
4076.10205 0.229803
4076.79907 0.229789
4077.49707 0.229774
4078.19507 0.22976
4078.89209 0.229746
4079.59009 0.229731
4080.28809 0.229723
4080.98608 0.229722
4081.68506 0.229734
4082.38306 0.22975
4083.08105 0.229767
4083.78003 0.229783
4084.47900 0.229799
4085.17700 0.229816
4085.87598 0.229832
4086.57495 0.229848
4087.27490 0.229864
4087.97412 0.229881
4088.67310 0.229897
4089.37305 0.229913
4090.07300 0.229928
4090.77197 0.22993
4091.47192 0.229927
4092.17212 0.229917
4092.87305 0.229906
4093.57300 0.229896
4094.27295 0.229886
4094.97412 0.229876
4095.67407 0.229865
4096.37500 0.229855
4097.07617 0.229845
4097.77686 0.229834
4098.47803 0.229824
4099.17920 0.229814
4099.88086 0.229803
4100.58203 0.229793
4101.28418 0.229782
4101.98486 0.229768
4102.68701 0.229755
4103.38916 0.229742
4104.09082 0.229729
4104.79297 0.229716
4105.49609 0.229703
4106.19824 0.229689
4106.90088 0.229676
4107.60400 0.229663
4108.30615 0.22965
4109.00879 0.229637
4109.71191 0.229623
4110.41504 0.229618
4111.11914 0.229619
4111.82178 0.229662
4112.52490 0.229709
4113.22900 0.229755
4113.93311 0.229802
4114.63721 0.229848
4115.34082 0.229895
4116.04492 0.229941
4116.74902 0.229988
4117.45312 0.230035
4118.15820 0.230081
4118.86182 0.230128
4119.56689 0.230174
4120.27197 0.230216
4120.97705 0.230248
4121.68213 0.230274
4122.38721 0.230298
4123.09180 0.230322
4123.79785 0.230346
4124.50293 0.23037
4125.20898 0.230394
4125.91504 0.230418
4126.62109 0.230442
4127.32715 0.230466
4128.03320 0.23049
4128.73877 0.230515
4129.44580 0.230539
4130.15186 0.230563
4130.85889 0.230586
4131.56592 0.230638
4132.27197 0.230711
4132.97900 0.230783
4133.68701 0.230856
4134.39404 0.230929
4135.10205 0.231002
4135.80908 0.231074
4136.51709 0.231147
4137.22412 0.23122
4137.93213 0.231293
4138.64014 0.231366
4139.34814 0.231439
4140.05713 0.231512
4140.76514 0.231585
4141.47314 0.231659
4142.18213 0.231735
4142.89111 0.231812
4143.59912 0.231888
4144.30811 0.231964
4145.01807 0.23204
4145.72705 0.232117
4146.43604 0.232193
4147.14600 0.232269
4147.85498 0.232346
4148.56396 0.232422
4149.27393 0.232499
4149.98389 0.232575
4150.69385 0.232665
4151.40381 0.232762
4152.11523 0.232869
4152.82520 0.232977
4153.53613 0.233085
4154.24609 0.233192
4154.95703 0.2333
4155.66797 0.233408
4156.37891 0.233516
4157.08984 0.233624
4157.80078 0.233732
4158.51318 0.23384
4159.22412 0.233948
4159.93604 0.234056
4160.64697 0.234151
4161.35889 0.234246
4162.07080 0.234344
4162.78418 0.234442
4163.49609 0.234541
4164.20801 0.234639
4164.91992 0.234737
4165.63281 0.234836
4166.34619 0.234934
4167.05908 0.235033
4167.77100 0.235132
4168.48486 0.23523
4169.19824 0.235329
4169.91113 0.235428
4170.62500 0.235526
4171.33789 0.235629
4172.05176 0.235743
4172.76611 0.235857
4173.47998 0.235972
4174.19385 0.236086
4174.90820 0.236201
4175.62305 0.236315
4176.33691 0.23643
4177.05078 0.236544
4177.76611 0.236659
4178.48096 0.236773
4179.19580 0.236888
4179.91113 0.237003
4180.62598 0.23713
4181.34082 0.23726
4182.05713 0.237389
4182.77197 0.237517
4183.48779 0.237647
4184.20410 0.237776
4184.91895 0.237905
4185.63477 0.238034
4186.35205 0.238163
4187.06787 0.238293
4187.78418 0.238422
4188.50000 0.238551
4189.21680 0.238681
4189.93408 0.238811
4190.65088 0.238927
4191.36816 0.239043
4192.08496 0.239164
4192.80176 0.239286
4193.52002 0.239407
4194.23682 0.239528
4194.95508 0.239649
4195.67188 0.239771
4196.39111 0.239892
4197.10791 0.240013
4197.82715 0.240135
4198.54492 0.240256
4199.26318 0.240378
4199.98096 0.2405
4200.70020 0.240621
4201.41895 0.240726
4202.13818 0.240796
4202.85596 0.240866
4203.57617 0.240936
4204.29492 0.241007
4205.01416 0.241077
4205.73389 0.241147
4206.45312 0.241218
4207.17285 0.241288
4207.89307 0.241359
4208.61279 0.241429
4209.33301 0.2415
4210.05322 0.24157
4210.77295 0.241641
4211.49414 0.241725
4212.21387 0.241829
4212.93506 0.241933
4213.65576 0.242037
4214.37695 0.242142
4215.09814 0.242246
4215.81885 0.24235
4216.54102 0.242454
4217.26221 0.242558
4217.98291 0.242663
4218.70508 0.242767
4219.42676 0.242871
4220.14893 0.242979
4220.87109 0.243098
4221.59277 0.243186
4222.31494 0.24325
4223.03809 0.243313
4223.75977 0.243377
4224.48291 0.243441
4225.20605 0.243504
4225.92920 0.243568
4226.65088 0.243632
4227.37500 0.243695
4228.09814 0.243759
4228.82080 0.243823
4229.54492 0.243887
4230.26904 0.243942
4230.99219 0.243984
4231.71582 0.244034
4232.43994 0.244086
4233.16504 0.244138
4233.88916 0.244191
4234.61279 0.244243
4235.33691 0.244295
4236.06201 0.244348
4236.78711 0.2444
