threeML/data/optical_filters/HST/WFC3_UVIS2-F814W.ecsv
# %ECSV 0.9
# ---
# datatype:
# - {name: wavelength, unit: Angstrom, datatype: float32}
# - {name: response, datatype: float32}
# meta: !!omap
# - {band_name: F814W}
# - {group_name: WFC3_UVIS2}
wavelength response
6246.43115 0.0
6940.47900 0.000403
6941.66699 0.000421
6942.85400 0.000448
6944.04199 0.000477
6945.22998 0.000507
6946.41797 0.000536
6947.60693 0.000565
6948.79492 0.000594
6949.98389 0.000624
6951.17285 0.000653
6952.36279 0.000689
6953.55176 0.000735
6954.74219 0.000781
6955.93213 0.000827
6957.12207 0.000872
6958.31299 0.000918
6959.50293 0.000964
6960.69385 0.00101
6961.88477 0.001056
6963.07617 0.001129
6964.26709 0.001203
6965.45801 0.001278
6966.64990 0.001352
6967.84180 0.001426
6969.03516 0.0015
6970.22705 0.001574
6971.41895 0.001648
6972.61182 0.001749
6973.80518 0.001871
6974.99902 0.001993
6976.19189 0.002114
6977.38477 0.002235
6978.57910 0.002357
6979.77295 0.002478
6980.96680 0.0026
6982.16211 0.002737
6983.35596 0.00294
6984.55078 0.003142
6985.74609 0.003344
6986.94092 0.003546
6988.13721 0.003749
6989.33301 0.003951
6990.52783 0.004153
6991.72412 0.004355
6992.91992 0.004676
6994.11719 0.005022
6995.31299 0.005368
6996.50977 0.005714
6997.70801 0.006059
6998.90479 0.006405
7000.10303 0.00675
7001.29980 0.007094
7002.49805 0.007547
7003.69580 0.008122
7004.89404 0.008695
7006.09277 0.009269
7007.29199 0.009842
7008.49023 0.010415
7009.68896 0.010987
7010.88916 0.01156
7012.08789 0.012183
7013.28809 0.013142
7014.48779 0.014101
7015.68799 0.015059
7016.88916 0.016017
7018.08887 0.016975
7019.29004 0.017932
7020.49121 0.018888
7021.69189 0.019842
7022.89307 0.021297
7024.09521 0.022879
7025.29688 0.02446
7026.49902 0.02604
7027.70117 0.027618
7028.90283 0.029196
7030.10596 0.030773
7031.30908 0.03235
7032.51221 0.034355
7033.71484 0.036828
7034.91797 0.0393
7036.12207 0.04177
7037.32617 0.044239
7038.52979 0.046706
7039.73389 0.049172
7040.93799 0.051637
7042.14307 0.054251
7043.34814 0.057613
7044.55322 0.060973
7045.75781 0.06433
7046.96387 0.067686
7048.16895 0.07104
7049.37500 0.074393
7050.58203 0.077739
7051.78809 0.081079
7052.99512 0.085169
7054.20117 0.089366
7055.40820 0.093561
7056.61523 0.097752
7057.82324 0.10194
7059.02979 0.106125
7060.23779 0.110308
7061.44580 0.114498
7062.65381 0.118878
7063.86182 0.123389
7065.07080 0.127899
7066.27979 0.132405
7067.48877 0.136909
7068.69824 0.141411
7069.90820 0.14591
7071.11719 0.150391
7072.32715 0.154673
7073.53711 0.158521
7074.74707 0.162365
7075.95801 0.166208
7077.16797 0.170047
7078.37891 0.173884
7079.58984 0.177716
7080.80176 0.18156
7082.01318 0.185349
7083.22510 0.188052
7084.43701 0.190753
7085.64893 0.193454
7086.86084 0.196152
7088.07422 0.19885
7089.28613 0.201545
7090.50000 0.204231
7091.71191 0.206901
7092.92578 0.208747
7094.13916 0.210386
7095.35303 0.212024
7096.56689 0.213661
7097.78076 0.215297
7098.99609 0.216931
7100.20996 0.218568
7101.42480 0.220223
7102.64014 0.22144
7103.85498 0.222317
7105.07080 0.223192
7106.28613 0.224068
7107.50195 0.224943
7108.71777 0.225817
7109.93506 0.226691
7111.15088 0.227564
7112.36816 0.228269
7113.58398 0.228641
7114.80176 0.229012
7116.01904 0.229384
7117.23584 0.229755
7118.45410 0.230126
7119.67188 0.230496
7120.89014 0.230849
7122.10791 0.231163
7123.32715 0.231247
7124.54590 0.231332
7125.76514 0.231416
7126.98389 0.2315
7128.20410 0.231584
7129.42285 0.231667
7130.64307 0.231764
7131.86279 0.231873
7133.08301 0.231877
7134.30420 0.231872
7135.52393 0.231867
7136.74512 0.231861
7137.96582 0.231856
7139.18799 0.231851
7140.40918 0.231837
7141.62988 0.231807
7142.85303 0.231722
7144.07520 0.231616
7145.29688 0.23151
7146.52002 0.231404
7147.74219 0.231298
7148.96484 0.231193
7150.18799 0.231091
7151.41211 0.23101
7152.63477 0.230916
7153.85889 0.230811
7155.08301 0.230707
7156.30713 0.230602
7157.53076 0.230497
7158.75586 0.230392
7159.98096 0.230288
7161.20605 0.230159
7162.43115 0.230017
7163.65723 0.229853
7164.88184 0.229689
7166.10791 0.229525
7167.33398 0.229361
7168.56104 0.229198
7169.78711 0.229034
7171.01416 0.228891
7172.24121 0.228747
7173.46777 0.228587
7174.69482 0.228428
7175.92285 0.228268
7177.14990 0.228108
7178.37793 0.227948
7179.60596 0.227789
7180.83496 0.227629
7182.06299 0.227467
7183.29199 0.227276
7184.52100 0.227086
7185.75000 0.226895
7186.97998 0.226705
7188.20996 0.226515
7189.43896 0.226324
7190.66992 0.226121
7191.89990 0.225906
7193.12988 0.225687
7194.36084 0.225467
7195.59180 0.225248
7196.82324 0.225028
7198.05518 0.224809
7199.28613 0.22459
7200.51807 0.224381
7201.75000 0.224186
7202.98193 0.223985
7204.21387 0.223783
7205.44678 0.223581
7206.68018 0.223379
7207.91309 0.223176
7209.14600 0.222974
7210.37891 0.222765
7211.61279 0.222539
7212.84717 0.222326
7214.08105 0.222119
7215.31494 0.221912
7216.54980 0.221705
7217.78516 0.221498
7219.02002 0.221292
7220.25488 0.22109
7221.49023 0.220907
7222.72607 0.220724
7223.96094 0.220539
7225.19678 0.220354
7226.43408 0.22017
7227.66992 0.219985
7228.90723 0.219801
7230.14404 0.219613
7231.37988 0.219394
7232.61816 0.219201
7233.85498 0.219032
7235.09277 0.218863
7236.33105 0.218694
7237.56885 0.218526
7238.80713 0.218358
7240.04492 0.21819
7241.28418 0.218045
7242.52295 0.217914
7243.76221 0.217799
7245.00195 0.217685
7246.24121 0.21757
7247.48096 0.217456
7248.72119 0.217342
7249.96094 0.217227
7251.20215 0.21709
7252.44189 0.216972
7253.68311 0.21689
7254.92383 0.216807
7256.16602 0.216724
7257.40723 0.216642
7258.64893 0.216559
7259.89111 0.216476
7261.13281 0.216415
7262.37500 0.216359
7263.61816 0.216307
7264.85986 0.216256
7266.10400 0.216204
7267.34717 0.216153
7268.58984 0.216102
7269.83398 0.21605
7271.07812 0.215999
7272.32178 0.215963
7273.56592 0.215974
7274.81104 0.215984
7276.05518 0.215994
7277.29980 0.216004
7278.54492 0.216014
7279.79102 0.216024
7281.03613 0.216014
7282.28223 0.216002
7283.52783 0.215997
7284.77393 0.215992
7286.02002 0.215986
7287.26709 0.215981
7288.51416 0.215975
7289.76123 0.21597
7291.00781 0.215983
7292.25488 0.216009
7293.50293 0.21607
7294.75098 0.216131
7295.99902 0.216191
7297.24707 0.216251
7298.49609 0.216311
7299.74512 0.216372
7300.99414 0.216413
7302.24316 0.216449
7303.49219 0.216484
7304.74219 0.216518
7305.99121 0.216553
7307.24121 0.216587
7308.49219 0.216622
7309.74219 0.216656
7310.99316 0.216709
7312.24414 0.216772
7313.49512 0.216852
7314.74609 0.216932
7315.99805 0.217012
7317.24902 0.217092
7318.50098 0.217172
7319.75293 0.217252
7321.00586 0.217312
7322.25781 0.217368
7323.51123 0.217424
7324.76416 0.21748
7326.01709 0.217536
7327.27100 0.217592
7328.52393 0.217647
7329.77783 0.217703
7331.03223 0.217778
7332.28711 0.217854
7333.54102 0.217919
7334.79590 0.217983
7336.05078 0.218048
7337.30615 0.218112
7338.56201 0.218176
7339.81689 0.21824
7341.07324 0.218283
7342.32910 0.218325
7343.58496 0.218369
7344.84082 0.218414
7346.09814 0.218458
7347.35498 0.218502
7348.61182 0.218546
7349.86914 0.21859
7351.12695 0.218656
7352.38477 0.21871
7353.64307 0.218732
7354.90088 0.218753
7356.15918 0.218774
7357.41797 0.218796
7358.67676 0.218817
7359.93604 0.218838
7361.19482 0.218836
7362.45410 0.218827
7363.71387 0.218805
7364.97412 0.218784
7366.23389 0.218762
7367.49414 0.218741
7368.75488 0.21872
7370.01611 0.218698
7371.27588 0.218701
7372.53809 0.218685
7373.79883 0.218641
7375.06104 0.218598
7376.32324 0.218554
7377.58398 0.21851
7378.84717 0.218466
7380.10889 0.21842
7381.37207 0.218352
7382.63477 0.218275
7383.89795 0.218187
7385.16211 0.218099
7386.42480 0.218011
7387.68896 0.217923
7388.95312 0.217835
7390.21680 0.217751
7391.48096 0.217687
7392.74609 0.217616
7394.01123 0.217539
7395.27588 0.217462
7396.54199 0.217385
7397.80713 0.217308
7399.07324 0.217231
7400.33789 0.217147
7401.60400 0.217046
7402.87109 0.216895
7404.13818 0.216718
7405.40381 0.21654
7406.67090 0.216363
7407.93799 0.216186
7409.20605 0.216009
7410.47412 0.215841
7411.74219 0.215688
7413.00977 0.215539
7414.27783 0.215391
7415.54688 0.215243
7416.81494 0.215095
7418.08398 0.214948
7419.35400 0.2148
7420.62305 0.21464
7421.89307 0.214469
7423.16309 0.21426
7424.43311 0.214045
7425.70312 0.213832
7426.97314 0.213618
7428.24414 0.213404
7429.51514 0.213191
7430.78613 0.213001
7432.05811 0.212826
7433.32910 0.212649
7434.60107 0.212473
7435.87305 0.212297
7437.14502 0.212122
7438.41699 0.211946
7439.68994 0.21177
7440.96289 0.211576
7442.23584 0.211376
7443.50977 0.211168
7444.78320 0.210961
7446.05713 0.210754
7447.33105 0.210547
7448.60498 0.21034
7449.87891 0.210134
7451.15381 0.209948
7452.42920 0.209766
7453.70410 0.209585
7454.97900 0.209405
7456.25488 0.209224
7457.53076 0.209044
7458.80713 0.208863
7460.08301 0.208681
7461.35889 0.208477
7462.63623 0.208274
7463.91309 0.208072
7465.18896 0.20787
7466.46680 0.207669
7467.74414 0.207467
7469.02197 0.207265
7470.29980 0.207069
7471.57812 0.206891
7472.85596 0.206708
7474.13477 0.206523
7475.41406 0.206338
7476.69189 0.206152
7477.97217 0.205967
7479.25098 0.205782
7480.53076 0.205587
7481.81104 0.205378
7483.09082 0.205226
7484.37109 0.205087
7485.65186 0.204948
7486.93311 0.204809
7488.21289 0.20467
7489.49512 0.204531
7490.77588 0.204406
7492.05811 0.204291
7493.33887 0.204167
7494.62207 0.204042
7495.90381 0.203917
7497.18701 0.203793
7498.46924 0.203668
7499.75195 0.203544
7501.03516 0.203375
7502.31885 0.203206
7503.60205 0.203083
7504.88623 0.20296
7506.16992 0.202837
7507.45508 0.202713
7508.73877 0.20259
7510.02295 0.202468
7511.30908 0.202368
7512.59424 0.202266
7513.87891 0.202161
7515.16504 0.202056
7516.45020 0.201952
7517.73584 0.201847
7519.02197 0.201742
7520.30908 0.201631
7521.59619 0.201504
7522.88281 0.201401
7524.16992 0.201313
7525.45703 0.201224
7526.74512 0.201136
7528.03320 0.201047
7529.32080 0.200959
7530.60889 0.200881
7531.89697 0.200816
7533.18604 0.200766
7534.47510 0.200718
7535.76416 0.20067
7537.05322 0.200622
7538.34277 0.200574
7539.63184 0.200526
7540.92188 0.200461
7542.21289 0.200393
7543.50293 0.200352
7544.79395 0.200311
7546.08398 0.20027
7547.37598 0.200229
7548.66699 0.200188
7549.95801 0.200147
7551.25000 0.200128
7552.54199 0.200119
7553.83398 0.200126
7555.12695 0.200133
7556.41895 0.200141
7557.71191 0.200148
7559.00488 0.200155
7560.29883 0.200156
7561.59180 0.20014
7562.88623 0.20013
7564.18018 0.200123
7565.47412 0.200116
7566.76904 0.200109
7568.06299 0.200102
7569.35791 0.200095
7570.65283 0.2001
7571.94922 0.200116
7573.24414 0.200119
7574.54004 0.20012
7575.83594 0.200122
7577.13184 0.200124
7578.42822 0.200125
7579.72510 0.200126
7581.02197 0.200109
7582.31885 0.200093
7583.61621 0.200105
7584.91406 0.200118
7586.21094 0.200129
7587.50879 0.200141
7588.80811 0.200153
7590.10596 0.200166
7591.40479 0.200201
7592.70410 0.200206
7594.00195 0.20018
7595.30176 0.200152
7596.60205 0.200125
7597.90088 0.200098
7599.20117 0.200071
7600.50098 0.200035
7601.80176 0.199984
7603.10303 0.199966
7604.40283 0.199957
7605.70410 0.199948
7607.00488 0.199938
7608.30713 0.199929
7609.60889 0.199919
7610.91113 0.199909
7612.21289 0.199895
7613.51514 0.19983
7614.81787 0.199766
7616.12109 0.199701
7617.42383 0.199636
7618.72705 0.199572
7620.03076 0.199507
7621.33398 0.199466
7622.63916 0.199411
7623.94287 0.199339
7625.24707 0.199267
7626.55176 0.199195
7627.85596 0.199123
7629.16211 0.199051
7630.46680 0.19896
7631.77197 0.198836
7633.07812 0.198699
7634.38379 0.198557
7635.68994 0.198416
7636.99707 0.198275
7638.30420 0.198134
7639.60986 0.197993
7640.91699 0.197868
7642.22510 0.197747
7643.53223 0.197595
7644.83984 0.197444
7646.14795 0.197293
7647.45605 0.197142
7648.76514 0.196991
7650.07324 0.196839
7651.38184 0.196665
7652.69092 0.196479
7654.00000 0.196278
7655.31006 0.196078
7656.62012 0.195877
7657.93018 0.195677
7659.24023 0.195477
7660.55078 0.195286
7661.86084 0.195109
7663.17188 0.194927
7664.48291 0.194744
7665.79492 0.194562
7667.10596 0.194379
7668.41797 0.194196
7669.72998 0.194014
7671.04199 0.193814
7672.35498 0.193602
7673.66699 0.193359
7674.97998 0.193117
7676.29297 0.192875
7677.60693 0.192633
7678.92090 0.192391
7680.23389 0.192153
7681.54785 0.191935
7682.86279 0.191711
7684.17676 0.191484
7685.49219 0.191257
7686.80713 0.19103
7688.12207 0.190803
7689.43701 0.190577
7690.75293 0.190338
7692.06885 0.190089
7693.38477 0.189848
7694.70117 0.189606
7696.01807 0.189365
7697.33398 0.189125
7698.65088 0.188884
7699.96924 0.188643
7701.28613 0.188403
7702.60400 0.188157
7703.92188 0.1879
7705.24023 0.187643
7706.55811 0.187386
7707.87695 0.18713
7709.19482 0.186873
7710.51514 0.186626
7711.83301 0.186392
7713.15283 0.186167
7714.47314 0.185943
7715.79297 0.18572
7717.11279 0.185498
7718.43311 0.185275
7719.75391 0.185052
7721.07520 0.184812
7722.39600 0.184569
7723.71680 0.184331
7725.03906 0.184093
7726.35986 0.183856
7727.68213 0.183618
7729.00391 0.183381
7730.32715 0.183149
7731.64893 0.182934
7732.97217 0.182721
7734.29492 0.182509
7735.61914 0.182297
7736.94189 0.182085
7738.26611 0.181873
7739.58984 0.181661
7740.91406 0.181434
7742.23779 0.181203
7743.56299 0.180994
7744.88818 0.180786
7746.21289 0.180577
7747.53809 0.180369
7748.86377 0.180161
7750.18896 0.179956
7751.51611 0.179769
7752.84180 0.179595
7754.16797 0.17943
7755.49512 0.179266
7756.82178 0.179102
7758.14893 0.178938
7759.47705 0.178774
7760.80420 0.178597
7762.13184 0.178412
7763.45996 0.178235
7764.78809 0.17806
7766.11719 0.177884
7767.44482 0.177708
7768.77393 0.177533
7770.10400 0.177357
7771.43311 0.177181
7772.76318 0.177023
7774.09277 0.176884
7775.42285 0.176744
7776.75293 0.176605
7778.08301 0.176466
7779.41504 0.176326
7780.74609 0.176199
7782.07715 0.176081
7783.40820 0.175938
7784.74023 0.175793
7786.07178 0.175649
7787.40381 0.175505
7788.73584 0.175361
7790.06885 0.175215
7791.40186 0.17505
7792.73486 0.17491
7794.06787 0.1748
7795.40186 0.17469
7796.73486 0.174581
7798.06885 0.174471
7799.40381 0.174362
7800.73779 0.174264
7802.07324 0.174175
7803.40820 0.174069
7804.74316 0.173962
7806.07812 0.173856
7807.41406 0.173749
7808.75000 0.173642
7810.08496 0.173534
7811.42188 0.173406
7812.75781 0.173305
7814.09521 0.173237
7815.43213 0.173168
7816.76904 0.173099
7818.10596 0.17303
7819.44385 0.172961
7820.78223 0.172905
7822.12012 0.172856
7823.45801 0.172781
7824.79688 0.172705
7826.13623 0.172629
7827.47510 0.172552
7828.81396 0.172476
7830.15283 0.1724
7831.49316 0.172325
7832.83301 0.172248
7834.17285 0.17217
7835.51416 0.172092
7836.85400 0.172014
7838.19482 0.171936
7839.53613 0.171858
7840.87695 0.17178
7842.21924 0.171702
7843.56104 0.171633
7844.90283 0.171565
7846.24512 0.171496
7847.58691 0.171427
7848.93018 0.171357
7850.27295 0.171293
7851.61621 0.171244
7852.95898 0.171186
7854.30322 0.171121
7855.64697 0.171055
7856.99121 0.17099
7858.33496 0.170925
7859.68018 0.17086
7861.02393 0.170778
7862.37012 0.170698
7863.71484 0.170645
7865.06006 0.170593
7866.40576 0.17054
7867.75195 0.170487
7869.09814 0.170435
7870.44385 0.170389
7871.79102 0.170357
7873.13818 0.170287
7874.48486 0.170203
7875.83203 0.170119
7877.18018 0.170035
7878.52686 0.16995
7879.87500 0.169866
7881.22412 0.169763
7882.57178 0.169666
7883.91992 0.169587
7885.27002 0.169509
7886.61914 0.16943
7887.96777 0.169351
7889.31689 0.169272
7890.66699 0.169193
7892.01807 0.169114
7893.36816 0.169005
7894.71777 0.168892
7896.06885 0.168779
7897.41992 0.168666
7898.77100 0.168552
7900.12305 0.168441
7901.47412 0.168349
7902.82617 0.168247
7904.17822 0.168136
7905.53076 0.168024
7906.88281 0.167913
7908.23584 0.167801
7909.58887 0.16769
7910.94189 0.167564
7912.29590 0.167435
7913.64893 0.167332
7915.00293 0.16723
7916.35791 0.167127
7917.71191 0.167024
7919.06689 0.166921
7920.42188 0.166825
7921.77686 0.166743
7923.13184 0.166638
7924.48779 0.166524
7925.84424 0.16641
7927.20020 0.166296
7928.55615 0.166182
7929.91309 0.166068
7931.27002 0.165935
7932.62598 0.165806
7933.98389 0.16569
7935.34082 0.165573
7936.69922 0.165457
7938.05713 0.165341
7939.41504 0.165224
7940.77295 0.165108
7942.13184 0.164992
7943.49121 0.164855
7944.85010 0.164717
7946.20898 0.16458
7947.56885 0.164442
7948.92920 0.164305
7950.28906 0.164171
7951.64893 0.164054
7953.00879 0.163947
7954.37012 0.163845
7955.73096 0.163743
7957.09180 0.163642
7958.45410 0.16354
7959.81494 0.163438
7961.17676 0.163319
