threeML/data/optical_filters/HST/WFC3_UVIS2-F225w.ecsv
# %ECSV 0.9
# ---
# datatype:
# - {name: wavelength, unit: Angstrom, datatype: float32}
# - {name: response, datatype: float32}
# meta: !!omap
# - {band_name: F225w}
# - {group_name: WFC3_UVIS2}
wavelength response
[from data line 2417]
3008.08398 0.000672
3008.59790 0.000666
3009.11304 0.00066
3009.62793 0.000654
3010.14307 0.000648
3010.65796 0.000642
3011.17310 0.000639
3011.68799 0.000638
3012.20288 0.000637
3012.71899 0.000635
3013.23389 0.000634
3013.75000 0.000633
3014.26489 0.000632
3014.78101 0.000631
3015.29712 0.000629
3015.81299 0.000628
3016.32910 0.000627
3016.84497 0.000626
3017.36108 0.000624
3017.87695 0.000623
3018.39404 0.000622
3018.90991 0.000621
3019.42700 0.000619
3019.94312 0.000618
3020.45996 0.000617
3020.97705 0.000616
3021.49390 0.000616
3022.01001 0.000616
3022.52808 0.000616
3023.04492 0.000616
3023.56201 0.000616
3024.07910 0.000616
3024.59692 0.000616
3025.11401 0.000616
3025.63208 0.000616
3026.14893 0.000616
3026.66699 0.000617
3027.18506 0.000617
3027.70288 0.000617
3028.22095 0.000617
3028.73901 0.000617
3029.25708 0.000617
3029.77588 0.000617
3030.29395 0.000617
3030.81201 0.000617
3031.33105 0.000613
3031.85010 0.000608
3032.36792 0.000604
3032.88696 0.000599
3033.40601 0.000595
3033.92505 0.00059
3034.44409 0.000585
3034.96289 0.000581
3035.48291 0.000576
3036.00195 0.000572
3036.52100 0.000567
3037.04102 0.000563
3037.56104 0.000558
3038.08008 0.000553
3038.60010 0.000549
3039.12012 0.000544
3039.63989 0.00054
3040.15991 0.000535
3040.67993 0.00053
3041.19995 0.000525
3041.72095 0.000519
3042.24097 0.000514
3042.76196 0.000508
3043.28198 0.000502
3043.80298 0.000497
3044.32397 0.000491
3044.84497 0.000485
3045.36597 0.000479
3045.88696 0.000474
3046.40796 0.000468
3046.92896 0.000462
3047.44995 0.000457
3047.97192 0.000451
3048.49292 0.000445
3049.01489 0.000439
3049.53589 0.000434
3050.05811 0.000428
3050.58008 0.000422
3051.10205 0.000419
3051.62402 0.000418
3052.14600 0.000418
3052.66797 0.000417
3053.19092 0.000417
3053.71289 0.000416
3054.23608 0.000416
3054.75806 0.000416
3055.28101 0.000415
3055.80298 0.000415
3056.32593 0.000414
3056.84912 0.000414
3057.37207 0.000414
3057.89502 0.000413
3058.41797 0.000413
3058.94189 0.000412
3059.46509 0.000412
3059.98901 0.000412
3060.51196 0.000411
3061.03589 0.000411
3061.56006 0.000412
3062.08301 0.000412
3062.60693 0.000413
3063.13110 0.000413
3063.65503 0.000414
3064.17896 0.000414
3064.70410 0.000415
3065.22803 0.000415
3065.75293 0.000416
3066.27710 0.000416
3066.80200 0.000417
3067.32593 0.000418
3067.85107 0.000418
3068.37598 0.000419
3068.90088 0.000419
3069.42603 0.00042
3069.95093 0.00042
3070.47705 0.000421
3071.00195 0.00042
3071.52710 0.000416
3072.05298 0.000412
3072.57910 0.000407
3073.10400 0.000403
3380.41431 0.0
