threeML/data/optical_filters/HST/WFC3_UVIS2-F555W.ecsv
# %ECSV 0.9
# ---
# datatype:
# - {name: wavelength, unit: Angstrom, datatype: float32}
# - {name: response, datatype: float32}
# meta: !!omap
# - {band_name: F555W}
# - {group_name: WFC3_UVIS2}
wavelength response
[from data line 1610]
5740.07422 0.222775
5741.05615 0.222552
5742.03809 0.222323
5743.02100 0.222088
5744.00293 0.221853
5744.98584 0.221618
5745.96924 0.221383
5746.95215 0.221147
5747.93506 0.220912
5748.91797 0.220677
5749.90186 0.220442
5750.88623 0.220207
5751.87012 0.219987
5752.85400 0.219808
5753.83789 0.219629
5754.82324 0.21945
5755.80811 0.21927
5756.79199 0.219091
5757.77686 0.218912
5758.76221 0.218733
5759.74805 0.218553
5760.73291 0.218374
5761.71924 0.218186
5762.70508 0.217939
5763.68994 0.217692
5764.67676 0.217445
5765.66309 0.217198
5766.64893 0.216951
5767.63623 0.216704
5768.62305 0.216457
5769.60986 0.21621
5770.59717 0.215963
5771.58398 0.215716
5772.57178 0.215474
5773.56006 0.215233
5774.54688 0.214992
5775.53516 0.214751
5776.52295 0.214509
5777.51221 0.214268
5778.50000 0.214027
5779.48877 0.213786
5780.47803 0.213544
5781.46680 0.213303
5782.45605 0.213036
5783.44482 0.212765
5784.43506 0.212495
5785.42383 0.212224
5786.41504 0.211953
5787.40381 0.211683
5788.39502 0.211412
5789.38477 0.211141
5790.37500 0.21087
5791.36621 0.210599
5792.35693 0.210366
5793.34814 0.210144
5794.33887 0.209922
5795.33105 0.2097
5796.32178 0.209478
5797.31396 0.209256
5798.30615 0.209034
5799.29785 0.208812
5800.29004 0.20859
5801.28320 0.208368
5802.27490 0.208107
5803.26807 0.207828
5804.26123 0.207549
5805.25391 0.20727
5806.24707 0.206991
5807.24023 0.206712
5808.23389 0.206432
5809.22803 0.206153
5810.22217 0.205874
5811.21582 0.205595
5812.20996 0.205329
5813.20508 0.205072
5814.19922 0.204815
5815.19385 0.204558
5816.18896 0.204301
5817.18408 0.204044
5818.17920 0.203787
5819.17480 0.203529
5820.16992 0.203269
5821.16602 0.202995
5822.16211 0.20275
5823.15820 0.202529
5824.15479 0.202309
5825.15088 0.202088
5826.14697 0.201867
5827.14502 0.201647
5828.14209 0.201426
5829.13916 0.201205
5830.13623 0.200987
5831.13281 0.200787
5832.13086 0.200557
5833.12891 0.2003
5834.12695 0.200043
5835.12500 0.199785
5836.12402 0.199528
5837.12207 0.19927
5838.12109 0.199013
5839.12012 0.198756
5840.11914 0.198498
5841.11816 0.198241
5842.11719 0.197972
5843.11719 0.197691
5844.11719 0.197411
5845.11719 0.19713
5846.11719 0.196849
5847.11719 0.196569
5848.11719 0.196288
5849.11816 0.196007
5850.11914 0.195726
5851.12012 0.195446
5852.12109 0.19519
5853.12207 0.19496
5854.12305 0.19473
5855.12500 0.194499
5856.12598 0.194269
5857.12793 0.194039
5858.13086 0.193808
5859.13281 0.193578
5860.13623 0.193347
5861.13818 0.193117
5862.14111 0.192867
5863.14404 0.1926
5864.14697 0.192332
5865.14990 0.192065
5866.15381 0.191797
5867.15820 0.191529
5868.16211 0.191262
5869.16602 0.190994
5870.16895 0.190727
5871.17383 0.190459
5872.17920 0.19019
5873.18311 0.18992
5874.18799 0.189651
5875.19287 0.189381
5876.19824 0.189111
5877.20410 0.188841
5878.20898 0.188571
5879.21484 0.188302
5880.22119 0.188032
5881.22705 0.187762
5882.23291 0.187493
5883.24023 0.187225
5884.24609 0.186957
5885.25293 0.186689
5886.25977 0.186421
5887.26709 0.186153
5888.27393 0.185885
5889.28223 0.185617
5890.29004 0.185348
5891.29688 0.18508
5892.30518 0.184799
5893.31299 0.184511
5894.32178 0.184224
5895.33008 0.183936
5896.33887 0.183648
5897.34814 0.183361
5898.35596 0.183073
5899.36621 0.182785
5900.37500 0.182491
5901.38477 0.182188
5902.39502 0.181889
5903.40381 0.181592
5904.41406 0.181296
5905.42383 0.180999
5906.43506 0.180702
5907.44482 0.180405
5908.45605 0.180108
5909.46680 0.179811
5910.47803 0.179522
5911.48877 0.179241
5912.50098 0.178982
5913.51221 0.178727
5914.52393 0.178472
5915.53613 0.178216
5916.54785 0.177961
5917.56104 0.177706
5918.57324 0.177451
5919.58496 0.177195
5920.59814 0.17694
5921.61084 0.176685
5922.62500 0.17642
5923.63818 0.176154
5924.65088 0.175888
5925.66504 0.175622
5926.67920 0.175356
5927.69287 0.175091
5928.70703 0.174825
5929.72217 0.174559
5930.73584 0.174293
5931.75000 0.174026
5932.76611 0.173747
5933.78076 0.173469
5934.79590 0.173191
5935.81201 0.172912
5936.82715 0.172634
5937.84277 0.172355
5938.85791 0.172077
5939.87500 0.171798
5940.89111 0.171519
5941.90723 0.171241
5942.92383 0.170963
5943.94092 0.170685
5944.95801 0.170407
5945.97510 0.17013
5946.99219 0.169852
5948.00977 0.169574
5949.02686 0.169296
5950.04492 0.169018
5951.06299 0.16874
5952.08203 0.168459
5953.10010 0.168175
5954.11914 0.167891
5955.13721 0.167607
5956.15576 0.167323
5957.17480 0.167039
5958.19385 0.166755
5959.21387 0.16647
5960.23291 0.166186
5961.25293 0.165902
5962.27295 0.165622
5963.29297 0.165346
5964.31299 0.165069
5965.33398 0.164792
5966.35400 0.164515
5967.37500 0.164238
5968.39600 0.163961
5969.41699 0.163684
5970.43896 0.1634
5971.45996 0.163109
5972.48193 0.162815
5973.50391 0.162519
5974.52588 0.162224
5975.54785 0.161928
5976.57080 0.161633
5977.59277 0.161337
5978.61621 0.161042
5979.63916 0.160747
5980.66211 0.16046
5981.68506 0.160179
5982.70801 0.159894
5983.73193 0.159609
5984.75586 0.159323
5985.77979 0.159038
5986.80420 0.158753
5987.82812 0.158468
5988.85303 0.158182
5989.87695 0.157897
5990.90186 0.157612
5991.92676 0.157322
5992.95312 0.157019
5993.97803 0.156716
5995.00293 0.156412
5996.02881 0.156109
5997.05518 0.155806
5998.08105 0.155503
5999.10693 0.155199
6000.13379 0.154898
6001.16016 0.15461
6002.18701 0.154326
6003.21387 0.154044
6004.24121 0.153761
6005.26904 0.153479
6006.29590 0.153197
6007.32422 0.152915
6008.35205 0.152632
6009.37891 0.15235
6010.40820 0.152067
6011.43604 0.151784
6012.46387 0.151507
6013.49316 0.15123
6014.52197 0.150953
6015.55078 0.150676
6016.58008 0.1504
6017.60986 0.150123
6018.63916 0.149846
6019.66895 0.149568
6020.69922 0.149291
6021.72900 0.149015
6022.75879 0.14876
6023.79004 0.148504
6024.81982 0.148249
6025.85107 0.147993
6026.88184 0.147737
6027.91406 0.147481
6028.94482 0.147225
6029.97607 0.146969
6031.00781 0.146699
6032.04004 0.146419
6033.07178 0.146123
6034.10400 0.145827
6035.13721 0.145532
6036.16895 0.145236
6037.20215 0.14494
6038.23486 0.144644
6039.26807 0.144348
6040.30078 0.144056
6041.33398 0.143773
6042.36816 0.143497
6043.40186 0.143224
6044.43604 0.142951
6045.47021 0.142678
6046.50391 0.142405
6047.53906 0.142132
6048.57422 0.141859
6049.60889 0.141586
6050.64404 0.141313
6051.67920 0.141039
6052.71387 0.14077
6053.75000 0.1405
6054.78613 0.140231
6055.82178 0.139961
6056.85791 0.139691
6057.89404 0.139421
6058.93115 0.139151
6059.96680 0.138881
6061.00391 0.138611
6062.04102 0.13834
6063.07812 0.138067
6064.11621 0.137793
6065.15283 0.13752
6066.19092 0.137247
6067.22900 0.136973
6068.26709 0.1367
6069.30518 0.136426
6070.34277 0.136152
6071.38184 0.135879
6072.42090 0.135589
6073.45996 0.135293
6074.49902 0.134997
6075.53809 0.134701
6076.57812 0.134405
6077.61816 0.134109
6078.65723 0.133813
6079.69678 0.133516
6080.73682 0.13322
6081.77783 0.132928
6082.81787 0.132679
6083.85889 0.132431
6084.89990 0.132182
6085.94092 0.131933
6086.98193 0.131685
6088.02393 0.131436
6089.06494 0.131187
6090.10693 0.130937
6091.14893 0.130676
6092.19092 0.130401
6093.23389 0.130111
6094.27588 0.129822
6095.31885 0.129532
6096.36182 0.129242
6097.40479 0.128952
6098.44824 0.128662
6099.49219 0.128372
6100.53516 0.128088
6101.57910 0.127809
6102.62305 0.127531
6103.66699 0.127252
6104.71094 0.126973
6105.75586 0.126695
6106.79980 0.126416
6107.84521 0.126137
6108.89014 0.125858
6109.93604 0.125579
6110.98096 0.125299
6112.02588 0.12502
6113.07178 0.124738
6114.11816 0.124457
6115.16406 0.124175
6116.20996 0.123894
6117.25684 0.123612
6118.30420 0.12333
6119.35107 0.123049
6120.39697 0.122767
6121.44385 0.122485
6122.49219 0.122207
6123.54004 0.12193
6124.58691 0.121653
6125.63477 0.121376
6126.68311 0.121098
6127.73096 0.120821
6128.77979 0.120544
6129.82812 0.120266
6130.87695 0.119989
6131.92578 0.11971
6132.97510 0.119425
6134.02393 0.11914
6135.07422 0.118855
6136.12402 0.11857
6137.17285 0.118285
6138.22412 0.118
6139.27393 0.117715
6140.32422 0.11743
6141.37500 0.117144
6142.42578 0.116868
6143.47705 0.116596
6144.52783 0.116324
6145.57910 0.116052
6146.62988 0.11578
6147.68213 0.115508
6148.73389 0.115235
6149.78613 0.114963
6150.83789 0.114683
6151.89111 0.114403
6152.94287 0.114136
6153.99609 0.113869
6155.04883 0.113603
6156.10205 0.113336
6157.15479 0.11307
6158.20801 0.112803
6159.26221 0.112536
6160.31592 0.112273
6161.37012 0.112016
6162.42383 0.11174
6163.47900 0.111455
6164.53320 0.11117
6165.58789 0.110884
6166.64307 0.110599
6167.69824 0.110314
6168.75293 0.110028
6169.80908 0.109743
6170.86377 0.109457
6171.91992 0.109177
6172.97607 0.108918
6174.03223 0.108659
6175.08789 0.1084
6176.14502 0.108142
6177.20215 0.107883
6178.25781 0.107624
6179.31494 0.107365
6180.37305 0.107105
6181.43018 0.106846
6182.48779 0.106581
6183.54492 0.106313
6184.60400 0.106046
6185.66211 0.105778
6186.72021 0.10551
6187.77783 0.105243
6188.83691 0.104975
6189.89600 0.104707
6190.95508 0.104439
6192.01416 0.10417
6193.07422 0.1039
6194.13281 0.10363
6195.19287 0.10336
6196.25293 0.10309
6197.31299 0.10282
6198.37402 0.10255
6199.43408 0.102279
6200.49512 0.102005
6201.55615 0.101725
6202.61719 0.10146
6203.67822 0.101198
6204.73877 0.100936
6205.80078 0.100673
6206.86279 0.100411
6207.92480 0.100149
6208.98682 0.099886
6210.04883 0.099624
6211.11182 0.099371
6212.17383 0.099114
6213.23682 0.098852
6214.29980 0.09859
6215.36377 0.098328
6216.42676 0.098066
6217.49121 0.097803
6218.55420 0.097541
6219.61816 0.097279
6220.68311 0.097016
6221.74707 0.096754
6222.81201 0.096503
6223.87598 0.096252
6224.94092 0.096001
6226.00586 0.09575
6227.07080 0.095499
6228.13721 0.095247
6229.20215 0.094996
6230.26807 0.094745
6231.33398 0.094494
6232.39990 0.094233
6233.46582 0.093967
6234.53320 0.0937
6235.60010 0.093433
6236.66699 0.093166
6237.73291 0.092898
6238.80078 0.092631
6239.86816 0.092364
6240.93604 0.092089
6242.00293 0.091819
6243.07178 0.091567
6244.14014 0.091315
6245.20801 0.091063
6246.27588 0.09081
6247.34521 0.090558
6248.41406 0.090306
6249.48291 0.090053
6250.55176 0.089805
6251.62207 0.08956
6252.69092 0.089318
6253.76123 0.089076
6254.83203 0.088833
6255.90088 0.088591
6256.97217 0.088348
6258.04199 0.088106
6259.11279 0.087863
6260.18408 0.08762
6261.25488 0.087377
6262.32617 0.08713
6263.39795 0.086879
6264.46924 0.086628
6265.54102 0.086376
6266.61279 0.086125
6267.68604 0.085874
6268.75781 0.085622
6269.83105 0.085371
6270.90283 0.085119
6271.97607 0.084868
6273.04883 0.084622
6274.12305 0.084375
6275.19580 0.084128
6276.27002 0.083881
6277.34277 0.083634
6278.41699 0.083387
6279.49219 0.08314
6280.56592 0.082892
6281.64111 0.082645
6282.71484 0.082401
6283.79004 0.082157
6284.86523 0.081913
6285.93994 0.08167
6287.01611 0.081425
6288.09180 0.081181
6289.16699 0.080937
6290.24414 0.080691
6291.31982 0.08044
6292.39600 0.080193
6293.47314 0.07995
6294.54980 0.079707
6295.62598 0.079463
6296.70410 0.07922
6297.78076 0.078977
6298.85889 0.078733
6299.93701 0.07849
6301.01416 0.078253
6302.09180 0.078019
6303.16992 0.077788
6304.24902 0.077557
6305.32812 0.077325
6306.40576 0.077094
6307.48486 0.076863
6308.56396 0.076632
6309.64404 0.0764
6310.72412 0.076169
6311.80322 0.075937
6312.88281 0.075701
6313.96289 0.075464
6315.04297 0.075228
6316.12402 0.074992
6317.20508 0.074755
6318.28613 0.074518
6319.36719 0.074282
6320.44824 0.074045
6321.52881 0.073808
6322.61084 0.07357
6323.69189 0.073332
6324.77393 0.073094
6325.85596 0.072855
6326.93896 0.072617
6328.02100 0.072378
6329.10400 0.07214
6330.18701 0.0719
6331.27002 0.071654
6332.35303 0.071414
6333.43701 0.071178
6334.52100 0.070942
6335.60400 0.070706
6336.68799 0.07047
6337.77197 0.070234
6338.85596 0.069998
6339.94092 0.069761
6341.02588 0.069531
6342.11084 0.069304
6343.19580 0.069082
6344.28076 0.06886
6345.36719 0.068638
6346.45215 0.068416
6347.53809 0.068194
6348.62402 0.067972
6349.70996 0.067749
6350.79688 0.067527
6351.88281 0.067303
6352.97021 0.067073
6354.05713 0.066842
6355.14502 0.066611
6356.23096 0.06638
6357.31885 0.066149
6358.40723 0.065918
6359.49512 0.065687
6360.58301 0.065456
6361.67090 0.065225
6362.75879 0.065018
6363.84814 0.064813
6364.93701 0.064608
6366.02588 0.064403
6367.11523 0.064198
6368.20508 0.063993
6369.29395 0.063788
6370.38379 0.063581
6371.47412 0.063369
6372.56396 0.063161
6373.65381 0.062954
6374.74512 0.062747
6375.83496 0.062541
6376.92578 0.062334
6378.01807 0.062126
6379.10791 0.06192
6380.20020 0.061713
6381.29199 0.061512
6382.38281 0.061304
6383.47607 0.061091
6384.56689 0.060878
6385.66016 0.060665
6386.75195 0.060452
6387.84521 0.060239
6388.93799 0.060025
6390.03076 0.059812
6391.12500 0.059599
6392.21777 0.059387
6393.31201 0.059178
6394.40576 0.058969
6395.50000 0.05876
6396.59424 0.058551
6397.68799 0.058342
6398.78320 0.058133
6399.87793 0.057923
6400.97314 0.057714
6402.06787 0.057508
6403.16309 0.057309
6404.25879 0.057111
6405.35400 0.056913
6406.45117 0.056714
6407.54590 0.056516
6408.64307 0.056317
6409.73877 0.056119
6410.83594 0.055916
6411.93311 0.055713
6413.02979 0.055512
6414.12695 0.055312
6415.22510 0.055112
6416.32178 0.054911
6417.41992 0.054711
6418.51807 0.05451
6419.61621 0.05431
6420.71387 0.054112
6421.81299 0.053917
6422.91211 0.053723
6424.01123 0.053529
6425.10986 0.053335
6426.20898 0.053141
6427.30908 0.052947
6428.40820 0.052753
6429.50781 0.052558
6430.60791 0.052363
6431.70801 0.052168
6432.80908 0.051976
6433.91016 0.051785
6435.00977 0.051593
6436.11084 0.051401
6437.21191 0.05121
6438.31396 0.051018
6439.41602 0.050826
6440.51709 0.050634
6441.61914 0.050442
6442.72119 0.050254
6443.82422 0.050065
6444.92578 0.049877
6446.02881 0.049688
6447.13184 0.0495
6448.23486 0.049311
6449.33789 0.049123
6450.44092 0.048932
6451.54492 0.048739
6452.64893 0.048555
6453.75293 0.048373
6454.85693 0.048191
6455.96094 0.048008
6457.06592 0.047826
6458.17090 0.047644
6459.27588 0.047462
6460.38086 0.047282
6461.48584 0.047104
6462.59180 0.046925
6463.69678 0.046745
6464.80322 0.046566
6465.91016 0.046386
6467.01611 0.046207
6468.12207 0.046027
6469.22900 0.045847
6470.33594 0.045667
6471.44287 0.045488
6472.54980 0.04531
6473.65723 0.045132
6474.76514 0.044955
6475.87305 0.044778
6476.98096 0.044601
6478.08887 0.044423
6479.19678 0.044246
6480.30615 0.044069
6481.41504 0.043891
6482.52295 0.04372
6483.63281 0.043552
6484.74219 0.043385
6485.85205 0.043217
6486.96094 0.043049
6488.07080 0.042881
6489.18115 0.042713
6490.29199 0.042544
6491.40186 0.042372
6492.51318 0.0422
6493.62402 0.042028
6494.73389 0.041857
6495.84619 0.041685
6496.95703 0.041513
6498.06885 0.041341
6499.18018 0.04117
6500.29199 0.040996
6501.40479 0.04082
6502.51709 0.040647
6503.62891 0.040477
6504.74219 0.040306
6505.85498 0.040136
6506.96777 0.039966
6508.08203 0.039795
6509.19482 0.039625
6510.30908 0.039455
6511.42188 0.039284
6512.53711 0.039111
6513.65088 0.038935
6514.76514 0.038759
6515.87988 0.038584
6516.99512 0.038408
6518.10986 0.038233
6519.22510 0.038058
6520.33984 0.037881
6521.45605 0.037702
6522.57178 0.037534
6523.68799 0.037371
6524.80420 0.037209
6525.91992 0.037046
6527.03711 0.036883
6528.15381 0.036721
6529.27100 0.036558
6530.38818 0.036397
6531.50488 0.036238
6532.62305 0.036083
6533.74023 0.035929
6534.85791 0.035776
6535.97607 0.035622
6537.09424 0.035469
6538.21289 0.035315
6539.33203 0.035162
6540.45020 0.035008
6541.56885 0.034855
6542.68799 0.034701
6543.80811 0.034546
6544.92822 0.034392
6546.04688 0.034238
6547.16699 0.034083
6548.28809 0.033929
6549.40820 0.033775
6550.52881 0.03362
6551.64893 0.033466
6552.77100 0.033314
6553.89209 0.033163
6555.01318 0.033011
6556.13379 0.03286
6557.25586 0.032708
6558.37793 0.032557
6559.50000 0.032406
6560.62305 0.032253
6561.74512 0.032098
6562.86816 0.031952
6563.99023 0.031807
6565.11279 0.031662
6566.23682 0.031516
6567.35986 0.031371
6568.48389 0.031226
6569.60693 0.031081
6570.73096 0.030938
6571.85596 0.030796
6572.97998 0.030656
6574.10498 0.030516
6575.22900 0.030376
6576.35400 0.030236
6577.47998 0.030096
6578.60498 0.029957
6579.73096 0.029817
6580.85596 0.029677
6581.98193 0.029538
6583.10889 0.029403
6584.23486 0.029267
6585.36084 0.029132
