threeML/data/optical_filters/HST/WFC3_UVIS1-F390W.ecsv
# %ECSV 0.9
# ---
# datatype:
# - {name: wavelength, unit: Angstrom, datatype: float32}
# - {name: response, datatype: float32}
# meta: !!omap
# - {band_name: F390W}
# - {group_name: WFC3_UVIS1}
wavelength response
[from data line 1610]
4231.03711 0.245152
4231.76123 0.245173
4232.48486 0.245186
4233.20801 0.245199
4233.93311 0.245211
4234.65723 0.245224
4235.38086 0.245236
4236.10596 0.245249
4236.83105 0.245261
4237.55518 0.245273
4238.27979 0.245286
4239.00488 0.245298
4239.72998 0.245311
4240.45605 0.245323
4241.18115 0.245336
4241.90723 0.245326
4242.63184 0.245315
4243.35791 0.245305
4244.08398 0.245294
4244.81006 0.245284
4245.53613 0.245273
4246.26221 0.245263
4246.98877 0.245252
4247.71484 0.245242
4248.44189 0.245231
4249.16797 0.24522
4249.89600 0.24521
4250.62207 0.245212
4251.35010 0.24521
4252.07715 0.245183
4252.80420 0.245156
4253.53223 0.245129
4254.25879 0.245102
4254.98682 0.245075
4255.71484 0.245048
4256.44287 0.245021
4257.17090 0.244994
4257.89893 0.244967
4258.62695 0.24494
4259.35596 0.244912
4260.08398 0.244883
4260.81299 0.244841
4261.54199 0.244782
4262.27100 0.244707
4263.00000 0.244631
4263.72900 0.244555
4264.45898 0.244479
4265.18799 0.244404
4265.91797 0.244328
4266.64697 0.244252
4267.37695 0.244176
4268.10693 0.2441
4268.83691 0.244024
4269.56787 0.243948
4270.29785 0.243872
4271.02881 0.243795
4271.75879 0.243701
4272.49023 0.2436
4273.22119 0.243499
4273.95215 0.243398
4274.68311 0.243298
4275.41406 0.243197
4276.14600 0.243096
4276.87695 0.242995
4277.60889 0.242894
4278.33984 0.242793
4279.07178 0.242692
4279.80420 0.242591
4280.53711 0.24249
4281.26904 0.242388
4282.00098 0.242275
4282.73291 0.242162
4283.46582 0.24205
4284.19922 0.241937
4284.93213 0.241824
4285.66504 0.241711
4286.39795 0.241598
4287.13086 0.241485
4287.86377 0.241372
4288.59814 0.241259
4289.33203 0.241146
4290.06494 0.241035
4290.79883 0.240936
4291.53320 0.240843
4292.26709 0.240756
4293.00098 0.240668
4293.73584 0.240581
4294.47021 0.240493
4295.20508 0.240405
4295.93994 0.240317
4296.67480 0.24023
4297.41016 0.240142
4298.14502 0.240054
4298.87988 0.239966
4299.61523 0.239878
4300.35107 0.239783
4301.08594 0.23968
4301.82178 0.239536
4302.55811 0.239383
4303.29395 0.23923
4304.02979 0.239077
4304.76709 0.238925
4305.50293 0.238772
4306.23877 0.238619
4306.97607 0.238466
4307.71289 0.238313
4308.45020 0.23816
4309.18701 0.238006
4309.92383 0.237853
4310.66113 0.2377
4311.39795 0.237554
4312.13623 0.237431
4312.87402 0.237309
4313.61084 0.237186
4314.34912 0.237063
4315.08691 0.23694
4315.82617 0.236817
4316.56396 0.236694
4317.30176 0.236571
4318.04102 0.236448
4318.77881 0.236325
4319.51807 0.236202
4320.25684 0.236078
4320.99609 0.235955
4321.73486 0.235859
4322.47510 0.235775
4323.21387 0.23569
4323.95410 0.235606
4324.69287 0.235521
4325.43311 0.235437
4326.17285 0.235352
4326.91309 0.235267
4327.65283 0.235183
4328.39404 0.235098
4329.13379 0.235013
4329.87500 0.234929
4330.61523 0.234856
4331.35596 0.234806
4332.09717 0.234841
4332.83789 0.234877
4333.57910 0.234913
4334.31982 0.234948
4335.06201 0.234984
4335.80322 0.23502
4336.54492 0.235055
4337.28711 0.235091
4338.02881 0.235127
4338.77100 0.235162
4339.51318 0.235198
4340.25488 0.235229
4340.99805 0.235249
4341.74023 0.235395
4342.48291 0.235594
4343.22607 0.235793
4343.96924 0.235992
4344.71191 0.236192
4345.45508 0.236391
4346.19922 0.236591
4346.94189 0.23679
4347.68604 0.23699
4348.42920 0.237189
4349.17285 0.237389
4349.91699 0.237589
4350.66113 0.237789
4351.40479 0.238017
4352.14990 0.238337
4352.89502 0.238656
4353.63916 0.238975
4354.38379 0.239294
4355.12793 0.239613
4355.87402 0.239933
4356.61914 0.240253
4357.36377 0.240572
4358.10889 0.240892
4358.85498 0.241212
4359.60107 0.241532
4360.34619 0.241852
4361.09180 0.242172
4361.83789 0.242327
4362.58398 0.242446
4363.33105 0.242564
4364.07715 0.242683
4364.82324 0.242802
4365.56982 0.242921
4366.31689 0.243039
4367.06396 0.243158
4367.81104 0.243277
4368.55811 0.243396
4369.30518 0.243515
4370.05322 0.243635
4370.79980 0.24377
4371.54785 0.243481
4372.29590 0.242624
4373.04297 0.241767
4373.79199 0.240909
4374.54004 0.240051
4375.28809 0.239193
4376.03711 0.238334
4376.78516 0.237474
4377.53418 0.236614
4378.28320 0.235754
4379.03223 0.234894
4379.78076 0.234033
4380.52979 0.23316
4381.27881 0.232164
4382.02881 0.229445
4382.77783 0.226725
4383.52783 0.224003
4384.27783 0.221282
4385.02783 0.218559
4385.77783 0.215834
4386.52783 0.21311
4387.27881 0.210384
4388.02881 0.207657
4388.77979 0.204929
4389.53076 0.202199
4390.28223 0.199469
4391.03320 0.196738
4391.78418 0.192924
4392.53516 0.188712
4393.28613 0.184501
4394.03809 0.180284
4394.79004 0.17607
4395.54199 0.171851
4396.29297 0.167635
4397.04492 0.163412
4397.79688 0.159191
4398.54980 0.154967
4399.30176 0.150742
4400.05518 0.146515
4400.80713 0.142289
4401.56006 0.138117
4402.31299 0.134021
4403.06592 0.129922
4403.81885 0.125825
4404.57324 0.121724
4405.32617 0.117623
4406.08008 0.113521
4406.83301 0.109415
4407.58691 0.105309
4408.34082 0.101202
4409.09521 0.097093
4409.85010 0.092982
4410.60400 0.08887
4411.35791 0.084943
4412.11279 0.082007
4412.86816 0.079072
4413.62305 0.076134
4414.37695 0.073196
4415.13281 0.070256
4415.88818 0.067315
4416.64404 0.064373
4417.39893 0.06143
4418.15479 0.058486
4418.91113 0.05554
4419.66699 0.052594
4420.42188 0.049649
4421.17920 0.046703
4421.93506 0.044901
4422.69092 0.043202
4423.44824 0.041502
4424.20508 0.0398
4424.96094 0.038098
4425.71777 0.036395
4426.47510 0.034692
4427.23193 0.032987
4427.99023 0.031282
4428.74707 0.029576
4429.50488 0.027868
4430.26318 0.026159
4431.02100 0.02445
4431.77783 0.02334
4432.53711 0.02248
4433.29492 0.02162
4434.05322 0.02076
4434.81201 0.0199
4435.56982 0.019039
4436.32910 0.018178
4437.08789 0.017317
4437.84717 0.016455
4438.60596 0.015593
4439.36523 0.01473
4440.12500 0.013867
4440.88379 0.013004
4441.64404 0.012368
4442.40381 0.011941
4443.16406 0.011514
4443.92383 0.011087
4444.68408 0.010659
4445.44385 0.010232
4446.20508 0.009804
4446.96484 0.009375
4447.72607 0.008947
4448.48682 0.008519
4449.24805 0.00809
4450.00879 0.007661
4450.77002 0.007232
4451.53076 0.006878
4452.29297 0.006651
4453.05518 0.006424
4453.81592 0.006197
4454.57812 0.00597
4455.33984 0.005743
4456.10303 0.005516
4456.86523 0.005289
4457.62695 0.005061
4458.39014 0.004834
4459.15186 0.004606
4459.91504 0.004378
4460.67822 0.004151
4461.44092 0.003948
4462.20410 0.003824
4462.96680 0.003699
4463.73096 0.003574
4464.49512 0.003449
4465.25781 0.003323
4466.02197 0.003198
4466.78613 0.003073
4467.54980 0.002948
4468.31396 0.002822
4469.07910 0.002697
4469.84277 0.002571
4470.60791 0.002446
4471.37305 0.002329
4472.13818 0.002259
4472.90186 0.002189
4473.66699 0.002119
4474.43311 0.00205
4475.19824 0.00198
4475.96387 0.00191
4476.72900 0.00184
4477.49512 0.00177
4478.26123 0.001701
4479.02686 0.001631
4479.79297 0.001561
4480.56006 0.001491
4481.32617 0.001423
4482.09277 0.001384
4482.85889 0.001344
4483.62598 0.001304
4484.39404 0.001265
4485.16113 0.001225
4485.92822 0.001185
4486.69482 0.001145
4487.46191 0.001106
4488.22998 0.001066
4488.99805 0.001026
4489.76611 0.000986
4490.53418 0.000946
4491.30176 0.000907
4492.06982 0.000883
4492.83887 0.00086
4493.60693 0.000836
4494.37598 0.000812
4495.14502 0.000789
4495.91406 0.000765
4496.68311 0.000741
4497.45215 0.000717
4498.22217 0.000693
4498.99121 0.00067
4499.76123 0.000646
4500.52979 0.000622
4501.29980 0.000598
4502.06982 0.000582
4502.83984 0.000566
4503.60986 0.00055
4504.38086 0.000534
4505.15088 0.000517
4505.92188 0.000501
4506.69287 0.000485
4507.46387 0.000469
4508.23486 0.000452
4509.00586 0.000436
4509.77686 0.00042
4510.54883 0.000404
4961.60352 0.0
