threeML/data/optical_filters/HST/WFC3_UVIS2-F673N.ecsv
# %ECSV 0.9
# ---
# datatype:
# - {name: wavelength, unit: Angstrom, datatype: float32}
# - {name: response, datatype: float32}
# meta: !!omap
# - {band_name: F673N}
# - {group_name: WFC3_UVIS2}
wavelength response
6000.28223 0.0
6666.97998 0.000454
6668.12109 0.000506
6669.26221 0.000578
6670.40283 0.000658
6671.54395 0.00075
6672.68604 0.000859
6673.82715 0.000988
6674.96924 0.00113
6676.11084 0.001305
6677.25293 0.001504
6678.39600 0.001737
6679.53809 0.002016
6680.68115 0.002327
6681.82422 0.002712
6682.96680 0.003143
6684.11084 0.003696
6685.25391 0.004378
6686.39795 0.005187
6687.54199 0.006157
6688.68701 0.007336
6689.83105 0.00879
6690.97607 0.010508
6692.12012 0.012665
6693.26514 0.015339
6694.41016 0.018517
6695.55615 0.022332
6696.70117 0.027291
6697.84717 0.033506
6698.99316 0.041689
6700.13916 0.051548
6701.28613 0.063728
6702.43213 0.078485
6703.57910 0.095293
6704.72607 0.114534
6705.87305 0.136733
6707.02100 0.158726
6708.16797 0.180343
6709.31494 0.199784
6710.46289 0.217916
6711.61182 0.232003
6712.75977 0.240966
6713.90918 0.245215
6715.05713 0.245859
6716.20605 0.24386
6717.35498 0.240448
6718.50391 0.236176
6719.65381 0.231756
6720.80420 0.22718
6721.95410 0.223277
6723.10400 0.220107
6724.25391 0.217143
6725.40381 0.214785
6726.55518 0.213313
6727.70605 0.212021
6728.85693 0.211622
6730.00781 0.211544
6731.16016 0.212214
6732.31201 0.213233
6733.46289 0.214253
6734.61523 0.215876
6735.76807 0.217395
6736.91992 0.219207
6738.07324 0.221412
6739.22607 0.223817
6740.37793 0.226028
6741.53223 0.228111
6742.68604 0.230428
6743.83887 0.232787
6744.99316 0.234695
6746.14697 0.236644
6747.30078 0.238562
6748.45605 0.240278
6749.60986 0.241793
6750.76514 0.242464
6751.91992 0.244177
6753.07520 0.245007
6754.22998 0.245866
6755.38623 0.246132
6756.54199 0.246836
6757.69824 0.247433
6758.85400 0.247464
6760.01123 0.247036
6761.16699 0.247205
6762.32422 0.246908
6763.48096 0.24672
6764.63818 0.246325
6765.79492 0.24628
6766.95312 0.245766
6768.11084 0.245362
6769.26904 0.245105
6770.42676 0.244661
6771.58496 0.244402
6772.74414 0.243739
6773.90283 0.243736
6775.06201 0.243209
6776.22119 0.242872
6777.37988 0.242484
6778.54004 0.242082
6779.70020 0.241974
6780.85986 0.241839
6782.02002 0.241094
6783.18018 0.241257
6784.34082 0.240933
6785.50098 0.2409
6786.66309 0.240765
6787.82422 0.240918
6788.98486 0.240686
6790.14600 0.240659
6791.30908 0.24049
6792.47021 0.240545
6793.63184 0.240516
6794.79492 0.240548
6795.95801 0.2405
6797.12012 0.239648
6798.28320 0.239311
6799.44580 0.239118
6800.60889 0.238574
6801.77295 0.237645
6802.93701 0.236471
6804.10107 0.235319
6805.26514 0.234237
6806.42920 0.232395
6807.59424 0.230083
6808.75879 0.227555
6809.92285 0.224558
6811.08887 0.221206
6812.25391 0.217117
6813.41895 0.212019
6814.58496 0.207049
6815.75098 0.201116
6816.91699 0.194171
6818.08301 0.18653
6819.25000 0.177835
6820.41699 0.168469
6821.58398 0.15895
6822.75098 0.148224
6823.91797 0.137524
6825.08594 0.126595
6826.25391 0.115936
6827.42090 0.105307
6828.58984 0.094887
6829.75781 0.085256
6830.92676 0.076129
6832.09521 0.067087
6833.26416 0.058731
6834.43408 0.051554
6835.60303 0.045067
6836.77197 0.039172
6837.94189 0.034032
6839.11182 0.029669
6840.28223 0.025769
6841.45312 0.02235
6842.62305 0.019437
6843.79395 0.016884
6844.96484 0.014594
6846.13623 0.012585
6847.30713 0.010908
6848.47900 0.009455
6849.64990 0.008195
6850.82178 0.00709
6851.99512 0.006212
6853.16699 0.005435
6854.33887 0.004746
6855.51221 0.00416
6856.68506 0.003662
6857.85791 0.00323
6859.03223 0.002812
6860.20508 0.002464
6861.37891 0.002164
6862.55322 0.001912
6863.72705 0.001682
6864.90088 0.001487
6866.07617 0.001318
6867.25000 0.001172
6868.42480 0.00105
6869.60107 0.000937
6870.77588 0.000839
6871.95215 0.000738
6873.12695 0.000658
6874.30322 0.000588
6875.47900 0.000528
6876.65576 0.000474
6877.83301 0.000422
7565.61621 0.0
