threeML/data/optical_filters/HST/WFC3_UVIS2-F300X.ecsv
# %ECSV 0.9
# ---
# datatype:
# - {name: wavelength, unit: Angstrom, datatype: float32}
# - {name: response, datatype: float32}
# meta: !!omap
# - {band_name: F300X}
# - {group_name: WFC3_UVIS2}
wavelength response
1821.30029 0.0
2023.66699 0.0004
2024.01294 0.000402
2024.35901 0.000404
2024.70605 0.000405
2025.05200 0.000407
2025.39795 0.000409
2025.74500 0.000411
2026.09204 0.000412
2026.43799 0.000414
2026.78503 0.000416
2027.13196 0.000417
2027.47900 0.000419
2027.82495 0.000421
2028.17200 0.000423
2028.51904 0.000424
2028.86597 0.000426
2029.21399 0.000428
2029.56104 0.00043
2029.90796 0.000431
2030.25500 0.000433
2030.60303 0.000435
2030.94995 0.000437
2031.29797 0.000439
2031.64502 0.000441
2031.99304 0.000443
2032.33997 0.000444
2032.68799 0.000446
2033.03601 0.000448
2033.38403 0.00045
2033.73206 0.000452
2034.07996 0.000454
2034.42798 0.000456
2034.77600 0.000458
2035.12402 0.00046
2035.47205 0.000462
2035.81995 0.000464
2036.16895 0.000466
2036.51697 0.000468
2036.86499 0.00047
2037.21399 0.000471
2037.56299 0.000473
2037.91101 0.000475
2038.26001 0.000477
2038.60901 0.000479
2038.95703 0.000481
2039.30603 0.000483
2039.65503 0.000485
2040.00403 0.000487
2040.35303 0.000489
2040.70203 0.000491
2041.05103 0.000494
2041.40100 0.000496
2041.75000 0.000499
2042.09900 0.000502
2042.44800 0.000505
2042.79797 0.000507
2043.14697 0.00051
2043.49695 0.000513
2043.84705 0.000515
2044.19604 0.000518
2044.54602 0.000521
2044.89600 0.000524
2045.24597 0.000526
2045.59595 0.000529
2045.94604 0.000532
2046.29602 0.000534
2046.64600 0.000537
2046.99597 0.00054
2047.34595 0.000543
2047.69702 0.000545
2048.04712 0.000548
2048.39697 0.000551
2048.74805 0.000554
2049.09790 0.000556
2049.44897 0.000559
2049.80005 0.000562
2050.14990 0.000565
2050.50098 0.000568
2050.85205 0.000571
2051.20288 0.000574
2051.55396 0.000577
2051.90503 0.00058
2052.25610 0.000583
2052.60693 0.000586
2052.95801 0.000589
2053.30908 0.000592
2053.66089 0.000595
2054.01196 0.000598
2054.36401 0.000601
2054.71509 0.000604
2055.06689 0.000607
2055.41797 0.00061
2055.77002 0.000613
2056.12207 0.000616
2056.47290 0.000619
2056.82495 0.000622
2057.17700 0.000625
2057.52905 0.000628
2057.88110 0.000631
2058.23291 0.000634
2058.58496 0.000638
2058.93701 0.000641
2059.29004 0.000644
2059.64209 0.000647
2059.99512 0.00065
2060.34692 0.000653
2060.69897 0.000656
2061.05200 0.000659
2061.40503 0.000662
2061.75708 0.000665
2062.11011 0.000668
2062.46289 0.000671
2062.81592 0.000674
2063.16895 0.000677
2063.52197 0.00068
2063.87500 0.000683
2064.22803 0.000686
2064.58105 0.000689
2064.93408 0.000692
2065.28809 0.000695
2065.64111 0.000698
2065.99390 0.000701
2066.34790 0.000704
2066.70093 0.000707
2067.05493 0.00071
2067.40894 0.000713
2067.76196 0.000717
2068.11597 0.00072
2068.46997 0.000723
2068.82397 0.000726
2069.17798 0.000729
2069.53198 0.000732
2069.88599 0.000735
2070.23999 0.000738
2070.59399 0.000741
2070.94897 0.000745
2071.30298 0.000748
2071.65698 0.000752
2072.01196 0.000755
2072.36597 0.000759
2072.72095 0.000763
2073.07593 0.000766
2073.42993 0.00077
2073.78491 0.000774
2074.13989 0.000777
2074.49512 0.000781
2074.85010 0.000785
2075.20508 0.000788
2075.56006 0.000792
2075.91504 0.000796
2076.27002 0.000799
2076.62500 0.000803
2076.97998 0.000807
2077.33594 0.00081
2077.69092 0.000814
2078.04712 0.000818
2078.40210 0.000822
2078.75806 0.000825
2079.11401 0.000829
2079.46899 0.000833
2079.82495 0.000836
2080.18091 0.00084
2080.53711 0.000844
2080.89307 0.000848
2081.24902 0.000852
2081.60498 0.000856
2081.96094 0.00086
2082.31689 0.000864
2082.67407 0.000868
2083.03003 0.000872
2083.38599 0.000876
2083.74292 0.00088
2084.09912 0.000883
2084.45605 0.000887
2084.81299 0.000891
2085.16895 0.000895
2085.52588 0.000899
2085.88306 0.000903
2086.23999 0.000907
2086.59692 0.000912
2086.95410 0.000916
2087.31104 0.00092
2087.66797 0.000924
2088.02490 0.000928
2088.38208 0.000932
2088.73999 0.000936
2089.09692 0.00094
2089.45410 0.000944
2089.81201 0.000948
2090.16895 0.000952
2090.52710 0.000956
2090.88501 0.000961
2091.24194 0.000965
2091.60010 0.00097
2091.95801 0.000975
2092.31592 0.000979
2092.67407 0.000984
2093.03198 0.000989
2093.38989 0.000994
2093.74805 0.000998
2094.10693 0.001003
2094.46509 0.001008
2094.82300 0.001013
2095.18188 0.001018
2095.54004 0.001022
2095.89893 0.001027
2096.25708 0.001032
2096.61597 0.001037
2096.97510 0.001042
2097.33301 0.001047
2097.69189 0.001051
2098.05103 0.001056
2098.40991 0.001061
2098.76904 0.001066
2099.12793 0.001071
2099.48706 0.001076
2099.84692 0.001081
2100.20605 0.001086
2100.56494 0.001091
2100.92505 0.001097
2101.28394 0.001103
2101.64404 0.001109
2102.00293 0.001114
2102.36304 0.00112
2102.72192 0.001126
2103.08203 0.001132
2103.44189 0.001138
2103.80200 0.001144
2104.16211 0.001149
2104.52197 0.001155
2104.88208 0.001161
2105.24194 0.001167
2105.60205 0.001173
2105.96289 0.001179
2106.32300 0.001185
2106.68311 0.001191
2107.04395 0.001197
2107.40405 0.001203
2107.76489 0.001209
2108.12500 0.001215
2108.48608 0.001221
2108.84692 0.001227
2109.20801 0.001233
2109.56909 0.001239
2109.92896 0.001245
2110.29102 0.001251
2110.65210 0.001257
2111.01294 0.001264
2111.37402 0.00127
2111.73511 0.001277
2112.09595 0.001283
2112.45801 0.00129
2112.81909 0.001296
2113.18091 0.001303
2113.54199 0.001309
2113.90405 0.001316
2114.26611 0.001322
2114.62695 0.001329
2114.98901 0.001335
2115.35107 0.001342
2115.71289 0.001349
2116.07495 0.001355
2116.43701 0.001362
2116.79907 0.001369
2117.16089 0.001375
2117.52295 0.001382
2117.88599 0.001389
2118.24805 0.001395
2118.61108 0.001402
2118.97290 0.001409
2119.33496 0.001415
2119.69800 0.001422
2120.06104 0.001429
2120.42407 0.001436
2120.78589 0.001443
2121.14893 0.001449
2121.51196 0.001456
2121.87500 0.001463
2122.23804 0.00147
2122.60107 0.001477
2122.96411 0.001484
2123.32788 0.001492
2123.69092 0.001499
2124.05396 0.001506
2124.41797 0.001513
2124.78101 0.00152
2125.14502 0.001527
2125.50806 0.001534
2125.87207 0.001541
2126.23608 0.001548
2126.59912 0.001556
2126.96289 0.001563
2127.32690 0.00157
2127.69092 0.001577
2128.05493 0.001584
2128.41895 0.001592
2128.78296 0.001599
2129.14795 0.001606
2129.51196 0.001614
2129.87598 0.001621
2130.24097 0.001628
2130.60498 0.001636
2130.96997 0.001643
2131.33398 0.001651
2131.69897 0.001659
2132.06396 0.001667
2132.42798 0.001674
2132.79297 0.001682
2133.15796 0.00169
2133.52295 0.001698
2133.88794 0.001706
2134.25293 0.001714
2134.61890 0.001721
2134.98389 0.001729
2135.34912 0.001737
2135.71411 0.001745
2136.08008 0.001753
2136.44507 0.001761
2136.81104 0.001769
2137.17700 0.001777
2137.54199 0.001785
2137.90796 0.001793
2138.27393 0.001801
2138.63892 0.001809
2139.00488 0.001817
2139.37109 0.001825
2139.73706 0.001834
2140.10400 0.001842
2140.46997 0.00185
2140.83594 0.001858
2141.20190 0.001866
2141.56812 0.001875
2141.93506 0.001883
2142.30103 0.001892
2142.66797 0.0019
2143.03394 0.001909
2143.40088 0.001917
2143.76807 0.001925
2144.13501 0.001934
2144.50098 0.001942
2144.86792 0.001951
2145.23511 0.00196
2145.60303 0.001968
2145.96899 0.001977
2146.33691 0.001985
2146.70410 0.001994
2147.07104 0.002003
2147.43799 0.002011
2147.80591 0.00202
2148.17310 0.002029
2148.54102 0.002037
2148.90894 0.002046
2149.27588 0.002055
2149.64404 0.002064
2150.01196 0.002072
2150.37988 0.002081
2150.74805 0.00209
2151.11499 0.0021
2151.48389 0.00211
2151.85205 0.00212
2152.21997 0.002129
2152.58789 0.002139
2152.95605 0.002149
2153.32495 0.002159
2153.69312 0.002169
2154.06201 0.002179
2154.42993 0.002189
2154.79907 0.002199
2155.16699 0.002208
2155.53589 0.002218
2155.90503 0.002228
2156.27393 0.002238
2156.64307 0.002249
2157.01196 0.002259
2157.38110 0.002269
2157.75000 0.002279
2158.11890 0.002289
2158.48901 0.002299
2158.85791 0.002309
2159.22705 0.002319
2159.59595 0.00233
2159.96606 0.00234
2160.33496 0.00235
2160.70508 0.00236
2161.07495 0.002371
2161.44507 0.002381
2161.81396 0.002392
2162.18408 0.002403
2162.55396 0.002413
2162.92407 0.002424
2163.29395 0.002435
2163.66504 0.002446
2164.03491 0.002456
2164.40503 0.002467
2164.77490 0.002478
2165.14600 0.002489
2165.51611 0.0025
2165.88599 0.002511
2166.25708 0.002521
2166.62793 0.002532
2166.99902 0.002543
2167.36890 0.002554
2167.73999 0.002565
2168.11108 0.002576
2168.48193 0.002587
2168.85303 0.002598
2169.22412 0.002609
2169.59497 0.00262
2169.96606 0.002632
2170.33789 0.002643
2170.70898 0.002654
2171.08008 0.002666
2171.45190 0.002679
2171.82300 0.002691
2172.19507 0.002703
2172.56689 0.002716
2172.93799 0.002728
2173.31006 0.00274
2173.68188 0.002753
2174.05396 0.002765
2174.42603 0.002778
2174.79810 0.00279
2175.16992 0.002803
2175.54199 0.002815
2175.91406 0.002828
2176.28711 0.00284
2176.65894 0.002853
2177.03101 0.002866
2177.40405 0.002878
2177.77588 0.002891
2178.14893 0.002904
2178.52100 0.002916
2178.89404 0.002929
2179.26709 0.002942
2179.63989 0.002955
2180.01294 0.002968
2180.38599 0.002981
2180.75903 0.002994
2181.13208 0.003008
2181.50488 0.003023
2181.87793 0.003037
2182.25195 0.003051
2182.62500 0.003066
2182.99902 0.00308
2183.37207 0.003095
2183.74609 0.00311
2184.11890 0.003124
2184.49292 0.003139
2184.86694 0.003154
2185.23999 0.003168
2185.61499 0.003183
2185.98804 0.003198
2186.36206 0.003213
2186.73706 0.003227
2187.11108 0.003242
2187.48511 0.003257
2187.85889 0.003272
2188.23291 0.003287
2188.60791 0.003302
2188.98193 0.003317
2189.35693 0.003332
2189.73096 0.003347
2190.10596 0.003362
2190.48096 0.003377
2190.85498 0.003393
2191.22998 0.003409
2191.60498 0.003425
2191.97998 0.003441
2192.35498 0.003458
2192.72998 0.003474
2193.10498 0.00349
2193.48096 0.003507
2193.85596 0.003523
2194.23096 0.003539
2194.60693 0.003556
2194.98193 0.003572
2195.35791 0.003589
2195.73291 0.003605
2196.10889 0.003622
2196.48511 0.003638
2196.86108 0.003655
2197.23706 0.003672
2197.61304 0.003688
2197.98901 0.003705
2198.36499 0.003722
2198.74097 0.003739
2199.11694 0.003755
2199.49292 0.003772
2199.86890 0.003789
2200.24609 0.003806
2200.62207 0.003822
2200.99902 0.00384
2201.37500 0.003859
2201.75195 0.003878
2202.12891 0.003896
2202.50610 0.003915
2202.88208 0.003934
2203.25903 0.003953
2203.63599 0.003971
2204.01294 0.00399
2204.38989 0.004009
2204.76807 0.004028
2205.14502 0.004047
2205.52197 0.004066
2205.89893 0.004085
2206.27710 0.004104
2206.65405 0.004123
2207.03198 0.004142
2207.40894 0.004161
2207.78711 0.004181
2208.16504 0.0042
2208.54297 0.004219
2208.92090 0.004238
2209.29907 0.004258
2209.67700 0.004277
2210.05396 0.004296
2210.43311 0.004316
2210.81104 0.004336
2211.18896 0.004358
2211.56689 0.004379
2211.94604 0.004401
2212.32397 0.004422
2212.70288 0.004444
2213.08105 0.004466
2213.45996 0.004488
2213.83911 0.004509
2214.21802 0.004531
2214.59595 0.004553
2214.97510 0.004575
2215.35400 0.004597
2215.73291 0.004619
2216.11206 0.004641
2216.49097 0.004663
2216.87109 0.004685
2217.25000 0.004708
2217.62891 0.00473
2218.00903 0.004752
2218.38794 0.004774
2218.76807 0.004797
2219.14697 0.004819
2219.52710 0.004841
2219.90698 0.004864
2220.28711 0.004886
2220.66699 0.004909
2221.04712 0.004935
2221.42700 0.004961
2221.80688 0.004988
2222.18701 0.005014
2222.56689 0.00504
2222.94702 0.005067
2223.32788 0.005094
2223.70801 0.00512
2224.08789 0.005147
2224.46899 0.005174
2224.85010 0.0052
2225.22998 0.005227
2225.61108 0.005254
2225.99194 0.005281
2226.37305 0.005308
2226.75293 0.005335
2227.13501 0.005362
2227.51611 0.005389
2227.89697 0.005416
2228.27808 0.005444
2228.65894 0.005471
2229.04102 0.005498
2229.42212 0.005526
2229.80298 0.005553
2230.18506 0.00558
2230.56592 0.005606
2230.94800 0.005636
2231.33008 0.005666
2231.71094 0.005697
2232.09302 0.005728
2232.47510 0.005759
2232.85693 0.00579
2233.23901 0.005821
2233.62109 0.005851
2234.00293 0.005883
2234.38599 0.005914
2234.76807 0.005945
2235.14990 0.005976
2235.53296 0.006007
2235.91504 0.006038
2236.29810 0.00607
2236.67993 0.006101
2237.06299 0.006132
2237.44604 0.006164
2237.82910 0.006195
2238.21094 0.006227
2238.59399 0.006258
2238.97803 0.00629
2239.36108 0.006322
2239.74390 0.006354
2240.12695 0.006385
2240.51001 0.006417
2240.89404 0.006451
2241.27710 0.006488
2241.65991 0.006525
2242.04395 0.006563
2242.42700 0.0066
2242.81104 0.006637
2243.19507 0.006675
2243.57910 0.006712
2243.96289 0.006749
2244.34595 0.006787
2244.72998 0.006825
2245.11499 0.006862
2245.49902 0.0069
2245.88306 0.006938
2246.26709 0.006975
2246.65088 0.007013
2247.03589 0.007051
2247.41992 0.007089
2247.80493 0.007127
2248.18896 0.007165
2248.57397 0.007203
2248.95898 0.007242
2249.34399 0.00728
2249.72900 0.007318
2250.11304 0.007356
2250.49805 0.007395
2250.88306 0.007437
2251.26904 0.007481
2251.65405 0.007526
2252.03906 0.007571
2252.42407 0.007616
2252.81006 0.007661
2253.19507 0.007706
2253.58105 0.007751
2253.96606 0.007796
2254.35205 0.007842
2254.73804 0.007887
2255.12305 0.007932
2255.50903 0.007978
2255.89502 0.008023
2256.28101 0.008069
2256.66699 0.008115
2257.05298 0.00816
2257.43896 0.008206
2257.82495 0.008252
2258.21191 0.008298
2258.59790 0.008344
2258.98511 0.00839
2259.37109 0.008436
2259.75806 0.008482
2260.14404 0.008528
2260.53101 0.008575
2260.91797 0.008626
2261.30493 0.00868
2261.69092 0.008735
2262.07788 0.008789
2262.46606 0.008844
2262.85303 0.008899
2263.23999 0.008954
2263.62695 0.009009
2264.01392 0.009064
2264.40210 0.009119
2264.78906 0.009175
2265.17700 0.00923
2265.56396 0.009285
2265.95190 0.009341
2266.33911 0.009396
2266.72705 0.009452
2267.11499 0.009508
2267.50293 0.009564
2267.89111 0.00962
2268.27905 0.009676
2268.66699 0.009732
2269.05493 0.009788
2269.44312 0.009844
2269.83203 0.0099
2270.21997 0.009957
2270.60791 0.010013
2270.99707 0.010078
2271.38501 0.010146
2271.77393 0.010214
2272.16309 0.010283
2272.55200 0.010351
2272.93994 0.010419
2273.32910 0.010488
2273.71802 0.010557
2274.10693 0.010625
2274.49609 0.010694
2274.88501 0.010763
2275.27490 0.010832
2275.66406 0.010901
2276.05298 0.01097
2276.44312 0.01104
2276.83203 0.011109
2277.22192 0.011179
2277.61108 0.011248
2278.00098 0.011318
2278.39111 0.011388
2278.78101 0.011458
2279.17090 0.011528
2279.56104 0.011598
2279.94995 0.011668
2280.34106 0.011738
2280.73096 0.011808
2281.12109 0.011891
2281.51099 0.011973
2281.90210 0.012055
2282.29199 0.012137
2282.68311 0.01222
2283.07300 0.012302
2283.46411 0.012385
2283.85400 0.012468
2284.24512 0.012551
2284.63599 0.012634
2285.02710 0.012717
2285.41797 0.0128
2285.80908 0.012884
2286.19995 0.012967
2286.59106 0.013051
2286.98193 0.013135
2287.37402 0.013218
2287.76489 0.013302
2288.15601 0.013386
2288.54810 0.013471
2288.93896 0.013555
2289.33105 0.013639
2289.72290 0.013724
2290.11499 0.013808
2290.50610 0.013893
2290.89795 0.013987
2291.29004 0.01409
2291.68188 0.014192
2292.07397 0.014295
2292.46704 0.014398
2292.85889 0.014501
2293.25098 0.014604
2293.64307 0.014707
2294.03589 0.014811
2294.42798 0.014914
2294.82104 0.015018
2295.21289 0.015122
2295.60596 0.015226
2295.99902 0.01533
2296.39209 0.015434
2296.78491 0.015539
2297.17798 0.015643
2297.57104 0.015748
2297.96411 0.015853
2298.35693 0.015958
2298.75000 0.016063
2299.14404 0.016169
2299.53711 0.016274
2299.92993 0.01638
2300.32397 0.016482
2300.71704 0.016583
2301.11108 0.016707
2301.50488 0.016831
2301.89795 0.016955
2302.29199 0.017079
2302.68604 0.017203
2303.08008 0.017327
2303.47412 0.017452
2303.86792 0.017576
2304.26196 0.017701
2304.65698 0.017826
2305.05103 0.01795
2305.44604 0.018075
2305.84009 0.0182
2306.23389 0.018326
2306.62891 0.018451
2307.02393 0.018576
2307.41797 0.018702
2307.81299 0.018827
2308.20801 0.018953
2308.60303 0.019079
2308.99805 0.019205
2309.39307 0.019331
2309.78809 0.019457
2310.18311 0.019583
2310.57910 0.019709
2310.97412 0.019853
2311.36890 0.020006
2311.76489 0.020158
2312.15991 0.020311
2312.55591 0.020464
2312.95190 0.020617
2313.34692 0.02077
2313.74292 0.020923
2314.13892 0.021077
2314.53491 0.02123
2314.93091 0.021384
2315.32690 0.021538
2315.72290 0.021692
2316.11890 0.021846
2316.51611 0.022
2316.91211 0.022154
2317.30811 0.022309
2317.70508 0.022464
2318.10107 0.022618
2318.49805 0.022773
2318.89502 0.022928
2319.29199 0.023084
2319.68799 0.023239
2320.08496 0.023394
2320.48193 0.023549
2320.87891 0.023717
2321.27588 0.023906
