threeML/data/optical_filters/HST/WFC3_UVIS1-F600LP.ecsv
# %ECSV 0.9
# ---
# datatype:
# - {name: wavelength, unit: Angstrom, datatype: float32}
# - {name: response, datatype: float32}
# meta: !!omap
# - {band_name: F600LP}
# - {group_name: WFC3_UVIS1}
wavelength response
[from data line 1610]
7745.40479 0.190352
7746.72900 0.190196
7748.05518 0.190041
7749.37988 0.189885
7750.70605 0.189742
7752.03223 0.189609
7753.35791 0.189492
7754.68408 0.189377
7756.01123 0.189261
7757.33691 0.189146
7758.66504 0.18903
7759.99219 0.188915
7761.31885 0.188777
7762.64600 0.188634
7763.97510 0.188482
7765.30322 0.188331
7766.63086 0.188179
7767.95898 0.188028
7769.28906 0.187877
7770.61719 0.187726
7771.94678 0.187575
7773.27588 0.187436
7774.60596 0.187301
7775.93604 0.187165
7777.26611 0.187029
7778.59619 0.186893
7779.92676 0.186758
7781.25781 0.186643
7782.58887 0.186525
7783.91992 0.186395
7785.25195 0.186266
7786.58301 0.186137
7787.91602 0.186008
7789.24805 0.185879
7790.58008 0.185741
7791.91309 0.185589
7793.24609 0.185442
7794.57910 0.185295
7795.91211 0.185148
7797.24609 0.185002
7798.58008 0.184855
7799.91406 0.184709
7801.24805 0.184583
7802.58301 0.184458
7803.91699 0.184332
7805.25195 0.184206
7806.58691 0.18408
7807.92285 0.183954
7809.25781 0.183828
7810.59424 0.183692
7811.93018 0.183544
7813.26709 0.183404
7814.60303 0.183266
7815.93994 0.183128
7817.27686 0.182991
7818.61377 0.182853
7819.95215 0.182715
7821.29004 0.182598
7822.62695 0.18248
7823.96484 0.182357
7825.30420 0.182233
7826.64307 0.18211
7827.98096 0.181987
7829.31982 0.181864
7830.66016 0.181741
7831.99902 0.181619
7833.33887 0.181506
7834.67920 0.181393
7836.01904 0.18128
7837.35986 0.181168
7838.70020 0.181055
7840.04102 0.180943
7841.38184 0.18083
7842.72412 0.180705
7844.06494 0.180564
7845.40723 0.180424
7846.74902 0.180283
7848.09082 0.180142
7849.43408 0.180002
7850.77686 0.179874
7852.12012 0.179755
7853.46289 0.179666
7854.80615 0.179577
7856.14990 0.179489
7857.49414 0.1794
7858.83789 0.179312
7860.18213 0.17922
7861.52686 0.17911
7862.87207 0.178988
7864.21680 0.178856
7865.56201 0.178725
7866.90820 0.178593
7868.25293 0.178461
7869.59912 0.178329
7870.94482 0.178213
7872.29199 0.178104
7873.63916 0.178007
7874.98486 0.17791
7876.33301 0.177813
7877.68018 0.177716
7879.02686 0.177619
7880.37500 0.177516
7881.72314 0.177398
7883.07080 0.177277
7884.41992 0.177156
7885.76904 0.177035
7887.11816 0.176913
7888.46680 0.176792
7889.81592 0.17667
7891.16602 0.176549
7892.51611 0.176429
7893.86621 0.176312
7895.21582 0.176196
7896.56689 0.176079
7897.91699 0.175962
7899.26904 0.175846
7900.62012 0.175739
7901.97119 0.175644
7903.32324 0.175559
7904.67480 0.175476
7906.02686 0.175392
7907.37988 0.175309
7908.73193 0.175226
7910.08496 0.175141
7911.43799 0.175036
7912.79199 0.174921
7914.14502 0.174794
7915.49902 0.174666
7916.85303 0.174539
7918.20801 0.174412
7919.56201 0.174285
7920.91699 0.174172
7922.27100 0.174067
7923.62695 0.173979
7924.98193 0.173891
7926.33789 0.173803
7927.69385 0.173715
7929.04980 0.173627
7930.40576 0.173533
7931.76318 0.173424
7933.12012 0.173298
7934.47705 0.173165
7935.83398 0.173032
7937.19092 0.172899
7938.54883 0.172766
7939.90723 0.172633
7941.26611 0.172501
7942.62402 0.172373
7943.98193 0.172254
7945.34082 0.172135
7946.70117 0.172016
7948.06006 0.171898
7949.41992 0.171779
7950.77881 0.171672
7952.14014 0.171575
7953.50000 0.171482
7954.85986 0.17139
7956.22119 0.171297
7957.58203 0.171205
7958.94287 0.171112
7960.30518 0.171015
7961.66699 0.170901
7963.02881 0.170782
7964.39111 0.17066
7965.75293 0.170538
7967.11621 0.170416
7968.47900 0.170294
7969.84180 0.170173
7971.20508 0.170051
7972.56885 0.169932
7973.93311 0.169822
7975.29590 0.169711
7976.66113 0.1696
7978.02490 0.16949
7979.39014 0.169379
7980.75488 0.169281
7982.12012 0.169194
7983.48584 0.169103
7984.85205 0.169012
7986.21680 0.168921
7987.58301 0.16883
7988.95020 0.168739
7990.31592 0.168644
7991.68311 0.168536
7993.04980 0.168427
7994.41699 0.168317
7995.78516 0.168207
7997.15283 0.168097
7998.52100 0.167987
7999.88916 0.167877
8001.25781 0.167768
8002.62598 0.167652
8003.99512 0.167522
8005.36377 0.167392
8006.73389 0.167263
8008.10400 0.167133
8009.47412 0.167004
8010.84424 0.166863
8012.21387 0.166716
8013.58398 0.166595
8014.95508 0.166474
8016.32617 0.166353
8017.69824 0.166232
8019.06885 0.166111
8020.44092 0.165991
8021.81299 0.165871
8023.18506 0.165742
8024.55811 0.16561
8025.93018 0.165477
8027.30322 0.165345
8028.67578 0.165212
8030.04980 0.165081
8031.42285 0.164972
8032.79688 0.164871
8034.17090 0.164779
8035.54590 0.164687
8036.91992 0.164595
8038.29492 0.164503
8039.66992 0.164412
8041.04492 0.164304
8042.42090 0.16419
8043.79688 0.164063
8045.17285 0.163937
8046.54883 0.16381
8047.92480 0.163683
8049.30176 0.163556
8050.67920 0.16343
8052.05615 0.163303
8053.43408 0.163164
8054.81104 0.163024
8056.18896 0.162884
8057.56689 0.162744
8058.94482 0.162603
8060.32422 0.162468
8061.70312 0.162348
8063.08203 0.162246
8064.46094 0.162155
8065.84082 0.162063
8067.22119 0.161971
8068.60107 0.16188
8069.98096 0.161788
8071.36084 0.161677
8072.74219 0.161562
8074.12305 0.161444
8075.50391 0.161326
8076.88477 0.161208
8078.26709 0.16109
8079.64893 0.160972
8081.03076 0.160854
8082.41406 0.160735
8083.79590 0.160613
8085.17920 0.16049
8086.56201 0.160367
8087.94482 0.160245
8089.32910 0.160122
8090.71191 0.16001
8092.09717 0.159908
8093.48096 0.159793
8094.86523 0.159676
8096.25000 0.159559
8097.63477 0.159442
8099.02002 0.159326
8100.40576 0.159203
8101.79199 0.159066
8103.17676 0.158951
8104.56299 0.158845
8105.95020 0.15874
8107.33594 0.158634
8108.72314 0.158528
8110.10986 0.158422
8111.49805 0.158317
8112.88477 0.158199
8114.27295 0.158067
8115.66113 0.157935
8117.04883 0.157804
8118.43799 0.157672
8119.82715 0.157541
8121.21582 0.157427
8122.60498 0.157314
8123.99414 0.157199
8125.38379 0.157085
8126.77393 0.15697
8128.16406 0.156855
8129.55518 0.15674
8130.94482 0.156612
8132.33594 0.156477
8133.72803 0.15635
8135.11914 0.156222
8136.50977 0.156095
8137.90186 0.155968
8139.29395 0.15584
8140.68701 0.155713
8142.07910 0.155585
8143.47217 0.15547
8144.86523 0.155355
8146.25781 0.155241
8147.65186 0.155126
8149.04492 0.155012
8150.43896 0.154904
8151.83301 0.154809
8153.22803 0.154707
8154.62305 0.154603
8156.01807 0.154498
8157.41309 0.154393
8158.80908 0.154289
8160.20410 0.154181
8161.60010 0.154057
8162.99609 0.153935
8164.39307 0.153814
8165.78906 0.153694
8167.18604 0.153574
8168.58301 0.153453
8169.97998 0.153333
8171.37793 0.153212
8172.77588 0.153092
8174.17383 0.152972
8175.57178 0.152852
8176.97119 0.152732
8178.37012 0.152612
8179.76904 0.152492
8181.16797 0.152389
8182.56689 0.152284
8183.96680 0.152167
8185.36719 0.152049
8186.76709 0.151931
8188.16699 0.151813
8189.56787 0.151695
8190.96924 0.151563
8192.37012 0.151428
8193.77148 0.151309
8195.17383 0.15119
8196.57520 0.151071
8197.97754 0.150953
8199.37988 0.150834
8200.78223 0.150717
8202.18555 0.150601
8203.58789 0.150494
8204.99121 0.150387
8206.39648 0.15028
8207.79883 0.150173
8209.20312 0.150066
8210.60742 0.149967
8212.01172 0.14988
8213.41699 0.14977
8214.82129 0.149656
8216.22656 0.149542
8217.63184 0.149428
8219.03809 0.149314
8220.44434 0.149194
8221.85059 0.149061
8223.25684 0.148934
8224.66309 0.148811
8226.07031 0.148687
8227.47754 0.148564
8228.88477 0.14844
8230.29297 0.148319
8231.70020 0.148208
8233.10840 0.148112
8234.51660 0.148026
8235.92578 0.147939
8237.33398 0.147853
8238.74316 0.147766
8240.15234 0.147682
8241.56348 0.147615
8242.97266 0.147527
8244.38184 0.147417
8245.79297 0.147308
8247.20312 0.147198
8248.61426 0.147089
8250.02539 0.146979
8251.43652 0.146851
8252.84766 0.146734
8254.25977 0.146633
8255.67188 0.146532
8257.08398 0.146431
8258.49609 0.14633
8259.90918 0.146229
8261.32227 0.146128
8262.73535 0.146024
8264.14844 0.145912
8265.56348 0.145801
8266.97559 0.145689
8268.39062 0.145578
8269.80469 0.145466
8271.21973 0.145371
8272.63379 0.145281
8274.04883 0.145198
8275.46484 0.145114
8276.87988 0.14503
8278.29590 0.144947
8279.71191 0.144863
8281.12891 0.144764
8282.54492 0.14466
8283.96191 0.144552
8285.37891 0.144445
8286.79688 0.144337
8288.21387 0.144229
8289.63184 0.144121
8291.04980 0.144013
8292.46777 0.143905
8293.88672 0.143796
8295.30566 0.143688
8296.72461 0.143579
8298.14355 0.14347
8299.56348 0.143361
8300.98242 0.143252
8302.40332 0.143143
8303.82324 0.143033
8305.24316 0.142923
8306.66406 0.142813
8308.08496 0.142702
8309.50684 0.142592
8310.92773 0.142494
8312.34961 0.142403
8313.77148 0.142326
8315.19336 0.14225
8316.61621 0.142173
8318.03906 0.142097
8319.46191 0.14202
8320.88477 0.141931
8322.30859 0.141836
8323.73145 0.141727
8325.15527 0.141618
8326.58008 0.141509
8328.00391 0.1414
8329.42871 0.141291
8330.85352 0.141182
8332.27832 0.141073
8333.70410 0.140949
8335.12988 0.140825
8336.55566 0.140702
8337.98145 0.140578
8339.40820 0.140454
8340.83398 0.140342
8342.26074 0.140237
8343.68848 0.140152
8345.11523 0.140067
8346.54297 0.139983
8347.97070 0.139898
8349.39844 0.139814
8350.82715 0.139718
8352.25586 0.139615
8353.68457 0.139489
8355.11328 0.139362
8356.54297 0.139235
8357.97168 0.139109
8359.40137 0.138982
8360.83203 0.138855
8362.26172 0.138728
8363.69238 0.138634
8365.12305 0.138541
8366.55371 0.138448
8367.98535 0.138355
8369.41699 0.138262
8370.84863 0.138168
8372.28027 0.138075
8373.71289 0.137965
8375.14453 0.137854
8376.57812 0.137744
8378.01074 0.137633
8379.44336 0.137523
8380.87695 0.137424
8382.31055 0.137331
8383.74512 0.137235
8385.17871 0.137139
8386.61328 0.137042
8388.04785 0.136946
8389.48242 0.136849
8390.91797 0.136741
8392.35352 0.136626
8393.78906 0.136516
8395.22461 0.136406
8396.66113 0.136295
8398.09668 0.136185
8399.53418 0.136075
8400.97070 0.135974
8402.40723 0.135878
8403.84473 0.135794
8405.28223 0.135709
8406.72070 0.135624
8408.15820 0.13554
8409.59668 0.135455
8411.03516 0.135383
8412.47461 0.135316
8413.91309 0.135238
8415.35254 0.135161
8416.79199 0.135083
8418.23145 0.135005
8419.67188 0.134928
8421.11230 0.134836
8422.55273 0.134741
8423.99316 0.134651
8425.43457 0.134561
8426.87598 0.134471
8428.31738 0.134381
8429.75879 0.134291
8431.20117 0.134216
8432.64355 0.134139
8434.08594 0.134044
8435.52832 0.13395
8436.97168 0.133855
8438.41504 0.133761
8439.85840 0.133666
8441.30176 0.133571
8442.74609 0.133483
8444.19043 0.133411
8445.63477 0.133339
8447.07910 0.133267
8448.52441 0.133195
8449.96973 0.133123
8451.41504 0.133068
8452.86133 0.133008
8454.30664 0.132936
8455.75293 0.132864
8457.19922 0.132792
8458.64648 0.13272
8460.09277 0.132647
8461.54004 0.132557
8462.98828 0.132481
8464.43555 0.132422
8465.88379 0.132363
8467.33203 0.132304
8468.78027 0.132245
8470.22852 0.132186
8471.67773 0.132127
8473.12695 0.132053
8474.57617 0.131967
8476.02637 0.131882
8477.47559 0.131796
8478.92578 0.13171
8480.37695 0.131624
8481.82715 0.131538
8483.27832 0.131455
8484.72852 0.131373
8486.18066 0.13129
8487.63281 0.131208
8489.08398 0.131126
8490.53613 0.13105
8491.98926 0.130986
8493.44141 0.130926
8494.89453 0.130867
8496.34766 0.130808
8497.80078 0.13075
8499.25488 0.130691
8500.70898 0.130612
8502.16309 0.130512
8503.61719 0.130404
8505.07129 0.130294
8506.52637 0.130185
8507.98145 0.130076
8509.43848 0.129966
8510.89258 0.129857
8512.34863 0.129748
8513.80469 0.129657
8515.26074 0.129566
8516.71777 0.129474
8518.17480 0.129383
8519.63184 0.129292
8521.08887 0.1292
8522.54688 0.129104
8524.00488 0.12898
8525.46289 0.128856
8526.92090 0.128732
8528.37988 0.128608
8529.83887 0.128484
8531.29785 0.128376
8532.75781 0.128276
8534.21680 0.128192
8535.67676 0.128109
8537.13672 0.128025
8538.59766 0.127941
8540.05762 0.127856
8541.51855 0.127755
8542.98047 0.127655
8544.44141 0.127557
8545.90332 0.127459
8547.36523 0.12736
8548.82715 0.127262
8550.28906 0.127164
8551.75195 0.127066
8553.21484 0.126968
8554.67773 0.126871
8556.14160 0.126774
8557.60547 0.126677
8559.06934 0.12658
8560.53320 0.126482
8561.99707 0.126385
8563.46191 0.126274
8564.92676 0.126158
8566.39160 0.126042
8567.85742 0.125926
8569.32324 0.125811
8570.78906 0.125704
8572.25488 0.125606
8573.72168 0.125518
8575.18848 0.125431
8576.65527 0.125344
8578.12207 0.125257
8579.58984 0.12517
8581.05762 0.125071
8582.52539 0.124966
8583.99316 0.124862
8585.46191 0.124757
8586.93066 0.124653
8588.39941 0.124548
8589.86816 0.124443
8591.33789 0.124339
8592.80762 0.124235
8594.27734 0.124133
8595.74707 0.12403
8597.21777 0.123928
8598.68848 0.123825
8600.15918 0.123723
8601.63086 0.12362
8603.10156 0.123526
8604.57324 0.123441
8606.04590 0.123356
8607.51758 0.123271
8608.99023 0.123185
8610.46289 0.123105
8611.93555 0.123037
8613.40918 0.12294
8614.88281 0.122832
8616.35645 0.122724
8617.83008 0.122616
8619.30371 0.122508
8620.77832 0.122391
8622.25293 0.122266
8623.72852 0.122158
8625.20312 0.122053
8626.67871 0.121947
8628.15430 0.121841
8629.63086 0.121735
8631.10645 0.121657
8632.58301 0.121587
8634.05957 0.121515
8635.53711 0.121444
8637.01367 0.121372
8638.49121 0.121301
8639.96875 0.121229
8641.44727 0.121157
8642.92578 0.121087
8644.40430 0.121021
8645.88281 0.120954
8647.36133 0.120886
8648.84082 0.120819
8650.32031 0.120752
8651.79980 0.120685
8653.28027 0.120613
8654.76074 0.120539
8656.24121 0.120464
8657.72168 0.12039
8659.20215 0.120316
8660.68359 0.120249
8662.16504 0.120191
8663.64746 0.120121
8665.12891 0.120048
8666.61133 0.119976
8668.09375 0.119903
8669.57715 0.119831
8671.05957 0.119746
8672.54297 0.11966
8674.02637 0.119604
8675.51074 0.119548
8676.99414 0.119492
8678.47852 0.119436
8679.96289 0.119379
8681.44824 0.119323
8682.93359 0.119258
8684.41895 0.119179
8685.90430 0.1191
8687.38965 0.119021
8688.87598 0.118942
8690.36230 0.118863
8691.84863 0.118783
8693.33594 0.118693
8694.82324 0.118595
8696.31055 0.118498
8697.79785 0.1184
8699.28613 0.118302
8700.77344 0.118204
8702.26172 0.118107
8703.75098 0.118049
8705.23926 0.117996
8706.72852 0.117942
8708.21777 0.117888
8709.70801 0.117834
8711.19824 0.117793
8712.68652 0.117751
8714.17871 0.117694
8715.66895 0.117637
8717.16016 0.11758
8718.65137 0.117522
8720.14258 0.117463
8721.63379 0.117388
8723.12598 0.117299
8724.61816 0.117195
8726.11035 0.117091
8727.60352 0.116987
8729.09668 0.116883
8730.58984 0.116778
8732.08301 0.116674
8733.57715 0.116591
8735.07129 0.116515
8736.56543 0.116438
8738.05957 0.116362
8739.55469 0.116285
8741.04980 0.116208
8742.54492 0.116129
8744.04004 0.116042
8745.53613 0.115954
8747.03223 0.115865
8748.52832 0.115777
8750.02441 0.115689
8751.52148 0.1156
8753.01855 0.115514
8754.51562 0.115431
8756.01367 0.115348
8757.51172 0.115265
8759.00977 0.115182
8760.50781 0.115104
8762.00586 0.115036
8763.50488 0.114993
8765.00391 0.114958
8766.50391 0.114923
8768.00293 0.114888
8769.50293 0.114852
8771.00293 0.114805
8772.50391 0.11475
8774.00391 0.114648
8775.50488 0.114545
8777.00586 0.114443
8778.50781 0.11434
8780.00977 0.114237
8781.51172 0.114134
8783.01367 0.114037
8784.51562 0.11395
8786.01855 0.113862
8787.52148 0.113773
8789.02441 0.113685
8790.52832 0.113597
8792.03223 0.113508
8793.53613 0.113443
8795.04004 0.113386
8796.54492 0.113328
8798.04980 0.113271
8799.55469 0.113213
8801.05957 0.113139
8802.56543 0.113054
8804.07129 0.112919
8805.57715 0.112784
8807.08301 0.112649
8808.58984 0.112514
8810.09668 0.11238
8811.60352 0.112261
8813.11133 0.112161
8814.61914 0.112083
8816.12695 0.112004
8817.63477 0.111925
8819.14355 0.111847
8820.65137 0.111761
8822.16016 0.111666
8823.66992 0.111549
8825.17871 0.111428
8826.68848 0.111307
8828.19824 0.111186
8829.70898 0.111065
8831.21973 0.110966
8832.72852 0.110883
8834.24121 0.110842
8835.75195 0.110802
8837.26367 0.110761
8838.77539 0.110721
8840.28711 0.11068
8841.79980 0.110638
8843.31348 0.110547
8844.82520 0.110421
8846.33789 0.110295
8847.85059 0.110168
8849.36426 0.110042
8850.87793 0.109915
8852.39258 0.109788
8853.90723 0.109713
8855.42090 0.10964
8856.93652 0.109565
8858.45117 0.109491
8859.96680 0.109417
8861.48242 0.109343
8862.99805 0.109258
8864.51367 0.109155
8866.03027 0.109052
8867.54688 0.108949
8869.06445 0.108846
8870.58105 0.108749
8872.09863 0.108661
8873.61621 0.108611
8875.13477 0.108571
8876.65234 0.108531
8878.17090 0.108491
8879.68945 0.10845
8881.20898 0.108397
8882.72754 0.108331
8884.24707 0.108226
