threeML/data/optical_filters/HST/WFC3_IR-F098M.ecsv
# %ECSV 0.9
# ---
# datatype:
# - {name: wavelength, unit: Angstrom, datatype: float32}
# - {name: response, datatype: float32}
# meta: !!omap
# - {band_name: F098M}
# - {group_name: WFC3_IR}
wavelength response
[from data line 2374]
10679.69043 0.336473
10680.55957 0.332825
10681.42969 0.329184
10682.29004 0.325543
10683.16016 0.321807
10684.03027 0.317833
10684.88965 0.313853
10685.75977 0.309877
10686.62988 0.305896
10687.49023 0.301915
10688.36035 0.297932
10689.23047 0.293953
10690.08984 0.289967
10690.95996 0.285961
10691.83008 0.281955
10692.70020 0.277944
10693.55957 0.273905
10694.42969 0.269855
10695.29980 0.2658
10696.16992 0.26175
10697.04004 0.257694
10697.90039 0.253644
10698.76953 0.249588
10699.63965 0.245532
10700.50977 0.241481
10701.37012 0.237425
10702.24023 0.233368
10703.11035 0.229366
10703.98047 0.225569
10704.84961 0.221772
10705.71973 0.21797
10706.58008 0.214173
10707.45020 0.210375
10708.32031 0.206573
10709.19043 0.202775
10710.05957 0.198973
10710.92969 0.19517
10711.79980 0.191372
10712.66992 0.187569
10713.53027 0.184176
10714.40039 0.180966
10715.26953 0.177755
10716.13965 0.174544
10717.00977 0.171333
10717.87988 0.168119
10718.75000 0.164908
10719.62012 0.161697
10720.49023 0.158482
10721.36035 0.15527
10722.23047 0.152055
10723.09961 0.148925
10723.96973 0.146164
10724.83984 0.143406
10725.70996 0.140646
10726.58008 0.137885
10727.45020 0.135124
10728.32031 0.132362
10729.19043 0.129598
10730.05957 0.126837
10730.92969 0.124075
10731.79980 0.121311
10732.66992 0.118549
10733.54004 0.11615
10734.41016 0.113917
10735.28027 0.111681
10736.15039 0.109445
10737.03027 0.107209
10737.90039 0.104972
10738.76953 0.102736
10739.63965 0.1005
10740.50977 0.098263
10741.37988 0.096027
10742.25000 0.09379
10743.12012 0.09162
10744.00000 0.089718
10744.87012 0.087813
10745.74023 0.08591
10746.61035 0.084005
10747.48047 0.082102
10748.34961 0.080196
10749.23047 0.078291
10750.09961 0.076385
10750.96973 0.07448
10751.83984 0.072574
10752.70996 0.070669
10753.58984 0.06906
10754.45996 0.067556
10755.33008 0.066054
10756.20020 0.064551
10757.08008 0.063049
10757.95020 0.061545
10758.82031 0.060043
10759.69043 0.058539
10760.57031 0.057035
10761.44043 0.055531
10762.30957 0.054027
10763.19043 0.052603
10764.05957 0.051392
10764.92969 0.05018
10765.80957 0.048969
10766.67969 0.047756
10767.54980 0.046544
10768.42969 0.045332
10769.29980 0.044119
10770.16992 0.042907
10771.04980 0.041694
10771.91992 0.040481
10772.79004 0.039267
10773.66992 0.038296
10774.54004 0.037378
10775.41992 0.036459
10776.29004 0.03554
10777.16992 0.034621
10778.04004 0.033702
10778.91016 0.032783
10779.79004 0.031863
10780.66016 0.030944
10781.54004 0.030024
10782.41016 0.029103
10783.29004 0.028269
10784.16016 0.02757
10785.04004 0.026872
10785.91016 0.026174
10786.79004 0.025476
10787.66016 0.024777
10788.54004 0.024079
10789.41016 0.02338
10790.29004 0.022682
10791.16016 0.021983
10792.04004 0.021284
10792.91016 0.020585
10793.79004 0.020094
10794.66016 0.019614
10795.54004 0.019134
10796.41992 0.018653
10797.29004 0.018172
10798.16992 0.017692
10799.04004 0.017211
10799.91992 0.01673
10800.79004 0.01625
10801.66992 0.015769
10802.54980 0.015288
10803.41992 0.014886
10804.29980 0.014554
10805.17969 0.014223
10806.04980 0.013891
10806.92969 0.013559
10807.80957 0.013227
10808.67969 0.012895
10809.55957 0.012562
10810.44043 0.01223
10811.30957 0.011898
10812.19043 0.011566
10813.07031 0.011243
10813.95020 0.010985
10814.82031 0.010727
10815.70020 0.010469
10816.58008 0.010211
10817.45996 0.009953
10818.33008 0.009695
10819.20996 0.009437
10820.08984 0.009178
10820.96973 0.00892
10821.83984 0.008662
10822.71973 0.008404
10823.59961 0.008209
10824.48047 0.008038
10825.36035 0.007867
10826.23047 0.007697
10827.11035 0.007526
10827.99023 0.007355
10828.87012 0.007184
10829.75000 0.007013
10830.62988 0.006843
10831.50000 0.006672
10832.37988 0.006501
10833.25977 0.006348
10834.13965 0.006229
10835.01953 0.006111
10835.90039 0.005993
10836.78027 0.005874
10837.66016 0.005756
10838.54004 0.005638
10839.41992 0.005519
10840.29004 0.005401
10841.16992 0.005282
10842.04980 0.005164
10842.92969 0.005045
10843.80957 0.004961
10844.69043 0.004878
10845.57031 0.004795
10846.45020 0.004712
10847.33008 0.004628
10848.20996 0.004545
10849.08984 0.004462
10849.96973 0.004379
10850.84961 0.004296
10851.73047 0.004213
10852.61035 0.00413
10853.49023 0.004051
10854.37012 0.003977
10855.25000 0.003902
10856.12988 0.003827
10857.00977 0.003753
10857.90039 0.003678
10858.78027 0.003603
10859.66016 0.003529
10860.54004 0.003454
10861.41992 0.00338
10862.29980 0.003305
10863.17969 0.003238
10864.05957 0.003194
10864.94043 0.00315
10865.83008 0.003107
10866.70996 0.003063
10867.58984 0.003019
10868.46973 0.002975
10869.34961 0.002932
10870.23047 0.002888
10871.12012 0.002844
10872.00000 0.0028
10872.87988 0.002756
10873.75977 0.002728
10874.63965 0.002701
10875.53027 0.002675
10876.41016 0.002648
10877.29004 0.002622
10878.16992 0.002596
10879.04980 0.002569
10879.94043 0.002543
10880.82031 0.002516
10881.70020 0.00249
10882.58008 0.002463
10883.46973 0.002427
10884.34961 0.002383
10885.23047 0.002339
10886.12012 0.002295
10887.00000 0.002251
10887.87988 0.002207
10888.76953 0.002163
10889.65039 0.002119
10890.53027 0.002074
10891.41992 0.00203
10892.29980 0.001986
10893.17969 0.00195
10894.07031 0.001941
10894.95020 0.001933
10895.83008 0.001924
10896.71973 0.001915
10897.59961 0.001906
10898.49023 0.001897
10899.37012 0.001889
10900.25977 0.00188
10901.13965 0.001871
10902.01953 0.001862
10902.91016 0.001853
10903.79004 0.001818
10904.67969 0.00178
10905.55957 0.001742
10906.45020 0.001704
10907.33008 0.001666
10908.21973 0.001628
10909.09961 0.001589
10909.99023 0.001551
10910.87012 0.001513
10911.75977 0.001475
10912.63965 0.001437
10913.53027 0.001413
10914.41016 0.001397
10915.29980 0.001381
10916.17969 0.001365
10917.07031 0.001349
10917.95020 0.001333
10918.83984 0.001317
10919.73047 0.001301
10920.61035 0.001285
10921.50000 0.001269
10922.37988 0.001253
10923.26953 0.001236
10924.16016 0.001216
10925.04004 0.001195
10925.92969 0.001175
10926.80957 0.001154
10927.70020 0.001134
10928.58984 0.001114
10929.46973 0.001093
10930.36035 0.001073
10931.25000 0.001053
10932.12988 0.001032
10933.01953 0.001012
10933.91016 0.000987
10934.79004 0.000962
10935.67969 0.000937
10936.57031 0.000912
10937.45996 0.000887
10938.33984 0.000862
10939.23047 0.000838
10940.12012 0.000813
10941.00977 0.000788
10941.88965 0.000763
10942.78027 0.000738
10943.66992 0.000723
10944.55957 0.000712
10945.44043 0.0007
10946.33008 0.000689
10947.21973 0.000677
10948.11035 0.000665
10949.00000 0.000654
10949.87988 0.000642
10950.76953 0.000631
10951.66016 0.000619
10952.54980 0.000608
10953.44043 0.000596
10954.33008 0.000586
10955.20996 0.000575
10956.09961 0.000564
10956.99023 0.000554
10957.87988 0.000543
10958.76953 0.000532
10959.66016 0.000522
10960.54980 0.000511
10961.44043 0.0005
10962.33008 0.00049
10963.21973 0.000479
10964.11035 0.000468
10965.00000 0.000458
10965.87988 0.000447
10966.76953 0.000436
10967.66016 0.000425
10968.54980 0.000415
10969.44043 0.000404
12066.38477 0.0
