threeML/data/optical_filters/HST/WFC3_UVIS2-F390W.ecsv
# %ECSV 0.9
# ---
# datatype:
# - {name: wavelength, unit: Angstrom, datatype: float32}
# - {name: response, datatype: float32}
# meta: !!omap
# - {band_name: F390W}
# - {group_name: WFC3_UVIS2}
wavelength response
[from data line 805]
3685.52100 0.206051
3686.15088 0.206188
3686.78198 0.206324
3687.41309 0.206461
3688.04297 0.206597
3688.67407 0.206734
3689.30493 0.20687
3689.93604 0.207007
3690.56689 0.207154
3691.19897 0.207301
3691.83008 0.207444
3692.46191 0.207588
3693.09302 0.207731
3693.72510 0.207874
3694.35693 0.208018
3694.98901 0.208161
3695.62109 0.208305
3696.25293 0.208449
3696.88501 0.208593
3697.51807 0.208736
3698.14990 0.20888
3698.78296 0.209024
3699.41602 0.209169
3700.04907 0.209312
3700.68091 0.209444
3701.31396 0.209557
3701.94800 0.20964
3702.58105 0.209723
3703.21411 0.209806
3703.84790 0.209889
3704.48096 0.209972
3705.11499 0.210056
3705.74902 0.210139
3706.38306 0.210222
3707.01709 0.210305
3707.65088 0.210389
3708.28491 0.210472
3708.91895 0.210555
3709.55396 0.210639
3710.18799 0.210726
3710.82300 0.210821
3711.45801 0.210918
3712.09302 0.211017
3712.72803 0.211116
3713.36304 0.211215
3713.99805 0.211314
3714.63403 0.211413
3715.26904 0.211512
3715.90503 0.211612
3716.54004 0.211711
3717.17603 0.21181
3717.81201 0.211909
3718.44800 0.212008
3719.08398 0.212108
3719.71997 0.212207
3720.35596 0.2123
3720.99292 0.212388
3721.62891 0.212474
3722.26611 0.21256
3722.90308 0.212646
3723.54004 0.212732
3724.17700 0.212818
3724.81299 0.212904
3725.45093 0.21299
3726.08789 0.213076
3726.72510 0.213162
3727.36304 0.213248
3728.00000 0.213334
3728.63794 0.213421
3729.27588 0.213507
3729.91406 0.213593
3730.55200 0.213679
3731.18994 0.21377
3731.82788 0.213879
3732.46704 0.213987
3733.10498 0.214096
3733.74390 0.214205
3734.38306 0.214314
3735.02100 0.214423
3735.65991 0.214532
3736.29907 0.214641
3736.93799 0.21475
3737.57788 0.214859
3738.21704 0.214968
3738.85596 0.215077
3739.49609 0.215186
3740.13599 0.215297
3740.77588 0.215419
3741.41602 0.215549
3742.05493 0.215687
3742.69604 0.215825
3743.33594 0.215962
3743.97607 0.2161
3744.61694 0.216238
3745.25708 0.216376
3745.89795 0.216515
3746.53906 0.216653
3747.17993 0.216791
3747.82104 0.216929
3748.46191 0.217068
3749.10303 0.217206
3749.74390 0.217345
3750.38599 0.217476
3751.02710 0.217603
3751.66895 0.217736
3752.31104 0.21787
3752.95288 0.218004
3753.59399 0.218138
3754.23706 0.218273
3754.87891 0.218407
3755.52100 0.218541
3756.16406 0.218675
3756.80591 0.21881
3757.44897 0.218944
3758.09204 0.219079
3758.73389 0.219213
3759.37695 0.219348
3760.02100 0.219483
3760.66406 0.21963
3761.30688 0.219778
3761.94995 0.219928
3762.59399 0.220079
3763.23804 0.220229
3763.88110 0.22038
3764.52490 0.220531
3765.16895 0.220682
3765.81299 0.220832
3766.45703 0.220983
3767.10205 0.221134
3767.74609 0.221285
3768.39111 0.221437
3769.03491 0.221588
3769.67993 0.221739
3770.32495 0.221884
3770.96997 0.222023
3771.61499 0.22211
3772.26001 0.222187
3772.90503 0.222263
3773.55103 0.22234
3774.19604 0.222417
3774.84204 0.222494
3775.48804 0.222571
3776.13306 0.222648
3776.77905 0.222725
3777.42603 0.222802
3778.07202 0.222879
3778.71802 0.222956
3779.36401 0.223033
3780.01099 0.22311
3780.65698 0.223187
3781.30396 0.223254
3781.95093 0.223301
3782.59790 0.223349
3783.24512 0.223396
3783.89209 0.223444
3784.53906 0.223492
3785.18701 0.22354
3785.83398 0.223587
3786.48193 0.223635
3787.12988 0.223683
3787.77808 0.22373
3788.42603 0.223778
3789.07300 0.223826
3789.72192 0.223874
3790.37012 0.223929
3791.01807 0.223989
3791.66699 0.224019
3792.31494 0.224045
3792.96411 0.224071
3793.61304 0.224098
3794.26196 0.224124
3794.91089 0.224151
3795.56006 0.224177
3796.20898 0.224203
3796.85889 0.22423
3797.50806 0.224256
3798.15796 0.224283
3798.80811 0.224309
3799.45801 0.224335
3800.10693 0.224368
3800.75806 0.22443
3801.40796 0.224473
3802.05811 0.224497
3802.70801 0.224522
3803.35889 0.224546
3804.01001 0.22457
3804.65991 0.224594
3805.31104 0.224619
3805.96191 0.224643
3806.61304 0.224667
3807.26392 0.224691
3807.91504 0.224715
3808.56689 0.224739
3809.21802 0.224763
3809.87012 0.224787
3810.52197 0.224811
3811.17407 0.224839
3811.82495 0.224893
3812.47803 0.224947
3813.12988 0.225
3813.78198 0.225054
3814.43408 0.225108
3815.08691 0.225162
3815.73999 0.225216
3816.39209 0.225269
3817.04492 0.225323
3817.69800 0.225377
3818.35107 0.225431
3819.00391 0.225484
3819.65698 0.225538
3820.31104 0.225598
3820.96411 0.225664
3821.61792 0.225741
3822.27197 0.22582
3822.92603 0.225899
3823.58008 0.225978
3824.23389 0.226057
3824.88794 0.226136
3825.54199 0.226216
3826.19702 0.226295
3826.85107 0.226374
3827.50610 0.226453
3828.15991 0.226532
3828.81494 0.226611
3829.46997 0.226691
3830.12500 0.226768
3830.78101 0.226834
3831.43604 0.22693
3832.09106 0.227053
3832.74707 0.227176
3833.40210 0.227298
3834.05811 0.227421
3834.71411 0.227544
3835.37012 0.227667
3836.02588 0.22779
3836.68188 0.227913
3837.33911 0.228037
3837.99512 0.22816
3838.65088 0.228283
3839.30811 0.228406
3839.96509 0.22853
3840.62207 0.228665
3841.27905 0.228814
3841.93604 0.22899
3842.59302 0.229167
3843.25000 0.229344
3843.90796 0.229522
3844.56494 0.229699
3845.22290 0.229876
3845.88110 0.230054
3846.53906 0.230232
3847.19702 0.230409
3847.85498 0.230587
3848.51294 0.230765
3849.17090 0.230943
3849.83008 0.231121
3850.48804 0.23129
3851.14697 0.231456
3851.80591 0.231633
3852.46509 0.23181
3853.12402 0.231987
3853.78296 0.232165
3854.44189 0.232342
3855.10107 0.23252
3855.76099 0.232698
3856.41992 0.232875
3857.08008 0.233053
3857.73999 0.233231
3858.39990 0.233409
3859.06006 0.233587
3859.71997 0.233766
3860.37988 0.233944
3861.04102 0.234122
3861.70093 0.234282
3862.36206 0.234439
3863.02197 0.234597
3863.68311 0.234755
3864.34399 0.234913
3865.00488 0.235071
3865.66602 0.235229
3866.32788 0.235388
3866.98901 0.235546
3867.64990 0.235704
3868.31201 0.235863
3868.97412 0.236021
3869.63599 0.23618
3870.29810 0.236345
3870.95996 0.236517
3871.62207 0.236643
3872.28394 0.236757
3872.94702 0.236872
3873.60889 0.236986
3874.27197 0.2371
3874.93408 0.237214
3875.59692 0.237329
3876.26001 0.237443
3876.92310 0.237558
3877.58594 0.237672
3878.25000 0.237787
3878.91309 0.237902
3879.57690 0.238016
3880.23999 0.238126
3880.90405 0.238227
3881.56812 0.238293
3882.23193 0.238344
3882.89600 0.238394
3883.56006 0.238445
3884.22510 0.238496
3884.88892 0.238547
3885.55396 0.238598
3886.21802 0.238649
3886.88306 0.2387
3887.54810 0.23875
3888.21289 0.238801
3888.87793 0.238852
3889.54297 0.238903
3890.20898 0.238954
3890.87402 0.239004
3891.54004 0.239007
3892.20605 0.238985
3892.87109 0.238963
3893.53711 0.23894
3894.20288 0.238918
3894.86890 0.238896
3895.53589 0.238873
3896.20190 0.23885
3896.86890 0.238828
3897.53491 0.238805
3898.20190 0.238782
3898.86890 0.238759
3899.53589 0.238736
3900.20288 0.238718
3900.87012 0.238708
3901.53711 0.238677
3902.20508 0.238633
3902.87207 0.23859
3903.54004 0.238546
3904.20801 0.238502
3904.87500 0.238458
3905.54297 0.238414
3906.21094 0.23837
3906.87988 0.238326
3907.54810 0.238282
3908.21606 0.238237
3908.88501 0.238193
3909.55396 0.238148
3910.22192 0.238099
3910.89111 0.23804
3911.56006 0.237986
3912.22900 0.237935
3912.89893 0.237884
3913.56812 0.237833
3914.23804 0.237781
3914.90698 0.23773
3915.57690 0.237678
3916.24707 0.237627
3916.91699 0.237575
3917.58594 0.237523
3918.25708 0.237471
3918.92700 0.237419
3919.59692 0.237367
3920.26807 0.237315
3920.93799 0.237262
3921.60889 0.23723
3922.28003 0.237205
3922.95093 0.237179
3923.62207 0.237154
3924.29297 0.237128
3924.96411 0.237103
3925.63599 0.237077
3926.30688 0.237051
3926.97900 0.237026
3927.65088 0.237
3928.32300 0.236974
3928.99512 0.236948
3929.66699 0.236922
3930.33911 0.236903
3931.01099 0.23689
3931.68408 0.236939
3932.35596 0.236999
3933.02905 0.23706
3933.70190 0.23712
3934.37500 0.23718
3935.04810 0.23724
3935.72095 0.2373
3936.39404 0.23736
3937.06689 0.23742
3937.74097 0.23748
3938.41504 0.23754
3939.08789 0.2376
3939.76196 0.23766
3940.43604 0.237711
3941.11011 0.237758
3941.78394 0.237846
3942.45801 0.237935
3943.13306 0.238024
3943.80688 0.238113
3944.48193 0.238202
3945.15698 0.238291
3945.83203 0.23838
3946.50708 0.238469
3947.18188 0.238558
3947.85693 0.238648
3948.53198 0.238737
3949.20801 0.238826
3949.88306 0.238915
3950.55908 0.239004
3951.23511 0.239105
3951.91089 0.23926
3952.58691 0.239416
3953.26294 0.239571
3953.93896 0.239727
3954.61499 0.239883
3955.29199 0.240039
3955.96899 0.240195
3956.64502 0.240351
3957.32202 0.240507
3957.99902 0.240663
3958.67603 0.240819
3959.35303 0.240975
3960.03101 0.241132
3960.70801 0.241303
3961.38501 0.241474
3962.06299 0.241646
3962.74097 0.241819
3963.41895 0.241991
3964.09692 0.242164
3964.77490 0.242337
3965.45288 0.242509
3966.13208 0.242682
3966.81006 0.242855
3967.48901 0.243029
3968.16699 0.243202
3968.84595 0.243375
3969.52490 0.243549
3970.20410 0.243718
3970.88306 0.243877
3971.56201 0.244035
3972.24194 0.244192
3972.92090 0.24435
3973.60107 0.244508
3974.28101 0.244665
3974.95996 0.244823
3975.63989 0.244981
3976.32104 0.245139
3977.00098 0.245297
3977.68091 0.245455
3978.36206 0.245614
3979.04199 0.245772
3979.72290 0.24593
3980.40405 0.246089
3981.08398 0.246247
3981.76489 0.246365
3982.44702 0.24648
3983.12793 0.246596
3983.80908 0.246711
3984.48999 0.246827
3985.17212 0.246942
3985.85400 0.247058
3986.53589 0.247174
3987.21802 0.247289
3987.89990 0.247405
3988.58203 0.247521
3989.26392 0.247637
3989.94702 0.247753
3990.62891 0.247882
3991.31201 0.24799
3991.99512 0.248039
3992.67700 0.248089
3993.36011 0.248138
3994.04297 0.248187
3994.72705 0.248236
3995.40991 0.248285
3996.09399 0.248334
3996.77710 0.248384
3997.46094 0.248433
3998.14502 0.248482
3998.82910 0.248531
3999.51294 0.24858
4000.19702 0.248607
4000.88110 0.248581
4001.56494 0.248527
4002.25000 0.248456
4002.93506 0.248385
4003.61890 0.248314
4004.30396 0.248243
4004.98901 0.248171
4005.67407 0.2481
4006.36011 0.248029
4007.04492 0.247958
4007.72998 0.247887
4008.41602 0.247816
4009.10205 0.247745
4009.78711 0.247673
4010.47290 0.247602
4011.15894 0.247528
4011.84497 0.247394
4012.53198 0.247261
4013.21802 0.247127
4013.90503 0.246993
4014.59106 0.246859
4015.27808 0.246725
4015.96509 0.246591
4016.65210 0.246457
4017.33911 0.246323
4018.02588 0.246189
4018.71411 0.246055
4019.40088 0.245921
4020.08911 0.245788
4020.77588 0.245669
4021.46411 0.245544
4022.15210 0.245414
4022.84009 0.245284
4023.52808 0.245154
4024.21704 0.245024
4024.90503 0.244894
4025.59302 0.244764
4026.28198 0.244633
4026.97095 0.244503
4027.65991 0.244372
4028.34912 0.244242
4029.03809 0.244112
4029.72705 0.243981
4030.41602 0.243848
4031.10596 0.243713
4031.79492 0.243575
4032.48511 0.243437
4033.17505 0.243299
4033.86499 0.24316
4034.55493 0.243022
4035.24512 0.242884
4035.93506 0.242745
4036.62500 0.242607
4037.31592 0.242468
4038.00708 0.242329
4038.69800 0.242191
4039.38794 0.242052
4040.07910 0.241913
4040.77002 0.241774
4041.46191 0.241652
4042.15308 0.24155
4042.84399 0.241447
4043.53589 0.241345
4044.22803 0.241242
4044.91895 0.24114
4045.61108 0.241037
4046.30298 0.240934
4046.99609 0.240832
4047.68799 0.240729
4048.37988 0.240626
4049.07300 0.240523
4049.76489 0.24042
4050.45801 0.240327
4051.15088 0.240239
4051.84399 0.240232
4052.53711 0.240226
4053.22998 0.240219
4053.92407 0.240213
4054.61694 0.240206
4055.31104 0.2402
4056.00488 0.240193
4056.69800 0.240187
4057.39209 0.24018
4058.08594 0.240173
4058.78101 0.240167
4059.47510 0.24016
4060.16895 0.24015
4060.86401 0.240129
4061.55908 0.24012
4062.25293 0.240119
4062.94800 0.240118
4063.64307 0.240117
4064.33789 0.240116
4065.03394 0.240115
4065.72900 0.240114
4066.42505 0.240113
4067.12012 0.240112
4067.81592 0.240111
4068.51196 0.240111
4069.20801 0.24011
4069.90405 0.240109
4070.60010 0.240107
4071.29590 0.240116
4071.99292 0.240162
4072.68896 0.240208
4073.38599 0.240255
4074.08301 0.240301
4074.78003 0.240347
4075.47705 0.240393
4076.17407 0.240439
4076.87109 0.240485
4077.56909 0.240532
4078.26611 0.240578
4078.96411 0.240624
4079.66089 0.240671
4080.35889 0.240724
4081.05688 0.240785
4081.75488 0.240861
4082.45410 0.240939
4083.15210 0.241017
4083.85107 0.241095
4084.54907 0.241174
4085.24805 0.241252
4085.94702 0.24133
4086.64600 0.241409
4087.34497 0.241487
4088.04395 0.241565
4088.74292 0.241644
4089.44312 0.241723
4090.14209 0.241798
4090.84204 0.241862
4091.54199 0.241922
4092.24097 0.241978
4092.94092 0.242035
4093.64209 0.242091
4094.34204 0.242148
4095.04199 0.242205
4095.74292 0.242261
4096.44287 0.242318
4097.14404 0.242375
4097.84521 0.242431
4098.54590 0.242488
4099.24707 0.242545
4099.94824 0.242601
4100.64990 0.242658
4101.35107 0.242713
4102.05322 0.242766
4102.75391 0.242818
4103.45703 0.24287
4104.15820 0.242922
4104.85986 0.242974
4105.56201 0.243026
4106.26514 0.243079
4106.96680 0.243131
4107.66992 0.243183
4108.37305 0.243235
4109.07520 0.243288
4109.77783 0.24334
4110.48096 0.243402
4111.18408 0.243467
4111.88818 0.243485
4112.59082 0.243503
4113.29395 0.243521
4113.99805 0.243539
4114.70215 0.243557
4115.40576 0.243575
4116.10986 0.243593
4116.81396 0.243611
4117.51807 0.243629
4118.22314 0.243647
4118.92676 0.243665
4119.63086 0.243683
4120.33594 0.243694
4121.04102 0.243697
4121.74609 0.243687
4122.45117 0.243674
4123.15576 0.243662
4123.86084 0.243649
4124.56689 0.243636
4125.27197 0.243623
4125.97803 0.243611
4126.68408 0.243598
4127.39014 0.243585
4128.09619 0.243572
4128.80176 0.24356
4129.50781 0.243547
4130.21484 0.243534
4130.92090 0.243521
4131.62793 0.243478
4132.33496 0.243419
4133.04199 0.24336
4133.74902 0.243301
4134.45605 0.243241
4135.16309 0.243182
4135.87109 0.243123
4136.57812 0.243063
4137.28613 0.243004
4137.99316 0.242945
4138.70117 0.242886
4139.40918 0.242826
4140.11719 0.242767
4140.82520 0.242707
4141.53418 0.24265
4142.24219 0.242596
4142.95117 0.242542
4143.66016 0.242488
4144.36816 0.242433
4145.07715 0.242379
4145.78613 0.242325
4146.49609 0.24227
4147.20508 0.242216
4147.91406 0.242162
4148.62402 0.242108
4149.33301 0.242053
4150.04297 0.241999
4150.75293 0.24196
4151.46289 0.241925
4152.17285 0.241898
4152.88379 0.241872
4153.59424 0.241845
4154.30518 0.241818
4155.01514 0.241791
4155.72607 0.241764
4156.43701 0.241738
4157.14795 0.241711
4157.85889 0.241684
4158.56982 0.241657
4159.28223 0.24163
4159.99316 0.241603
4160.70508 0.241561
4161.41699 0.241521
4162.12793 0.241484
4162.83984 0.241448
4163.55176 0.241411
4164.26514 0.241374
4164.97705 0.241338
4165.68896 0.241301
4166.40186 0.241264
4167.11523 0.241227
4167.82812 0.24119
4168.54102 0.241154
4169.25293 0.241117
4169.96680 0.24108
4170.68018 0.241043
4171.39404 0.241023
4172.10693 0.241041
4172.82080 0.24106
4173.53516 0.241079
4174.24902 0.241097
4174.96191 0.241116
4175.67676 0.241135
4176.39111 0.241154
4177.10498 0.241172
4177.81982 0.241191
4178.53516 0.24121
4179.25000 0.241228
4179.96387 0.241247
4180.68018 0.24128
4181.39502 0.241316
4182.10986 0.241358
4182.82520 0.241399
4183.54102 0.241441
4184.25586 0.241483
4184.97217 0.241525
4185.68799 0.241567
4186.40381 0.241609
4187.12012 0.241651
4187.83594 0.241693
4188.55322 0.241734
4189.27002 0.241777
4189.98584 0.241818
4190.70312 0.241846
4191.41895 0.241884
4192.13721 0.241946
4192.85400 0.242008
4193.57080 0.24207
4194.28906 0.242132
4195.00586 0.242194
4195.72412 0.242256
4196.44092 0.242318
4197.15918 0.242379
4197.87695 0.242442
4198.59521 0.242504
4199.31299 0.242565
4200.03223 0.242627
4200.75000 0.24269
4201.46924 0.242756
4202.18701 0.242829
4202.90576 0.242902
4203.62500 0.242975
4204.34424 0.243049
4205.06299 0.243122
4205.78320 0.243195
4206.50195 0.243268
4207.22217 0.243342
4207.94092 0.243415
4208.66211 0.243488
4209.38086 0.243562
4210.10205 0.243635
4210.82178 0.243708
4211.54199 0.243777
4212.26221 0.243841
4212.98291 0.243904
4213.70410 0.243968
4214.42383 0.244032
4215.14600 0.244096
4215.86621 0.24416
4216.58691 0.244224
4217.30908 0.244287
4218.02979 0.244351
4218.75195 0.244415
4219.47412 0.244479
4220.19482 0.244547
4220.91699 0.244626
4221.63916 0.244701
4222.36084 0.244774
4223.08301 0.244846
4223.80615 0.244918
4224.52881 0.24499
4225.25098 0.245063
4225.97412 0.245135
4226.69678 0.245208
4227.41992 0.24528
4228.14307 0.245353
