threeML/data/optical_filters/HST/WFC3_UVIS2-F606W.ecsv
# %ECSV 0.9
# ---
# datatype:
# - {name: wavelength, unit: Angstrom, datatype: float32}
# - {name: response, datatype: float32}
# meta: !!omap
# - {band_name: F606W}
# - {group_name: WFC3_UVIS2}
wavelength response
4180.16260 0.0
4644.62500 0.000415
4645.41504 0.000437
4646.20605 0.000459
4646.99707 0.000481
4647.78809 0.000503
4648.57910 0.000525
4649.37012 0.000547
4650.16113 0.000569
4650.95312 0.000591
4651.74414 0.000611
4652.53613 0.00063
4653.32812 0.000649
4654.12012 0.000667
4654.91211 0.000686
4655.70410 0.000705
4656.49609 0.000724
4657.28906 0.000743
4658.08203 0.000761
4658.87402 0.00078
4659.66699 0.000799
4660.45996 0.000818
4661.25293 0.000837
4662.04688 0.000852
4662.83984 0.000867
4663.63379 0.000882
4664.42676 0.000897
4665.22119 0.000912
4666.01514 0.000927
4666.81006 0.000942
4667.60400 0.000957
4668.39795 0.000972
4669.19287 0.000987
4669.98682 0.001002
4670.78223 0.001017
4671.57715 0.001037
4672.37207 0.001067
4673.16699 0.001097
4673.96289 0.001126
4674.75781 0.001156
4675.55420 0.001186
4676.35010 0.001215
4677.14600 0.001245
4677.94092 0.001275
4678.73779 0.001305
4679.53418 0.001335
4680.33105 0.001364
4681.12695 0.001394
4681.92383 0.001446
4682.72119 0.001504
4683.51807 0.001562
4684.31494 0.00162
4685.11182 0.001678
4685.90918 0.001736
4686.70703 0.001794
4687.50391 0.001852
4688.30176 0.00191
4689.10010 0.001968
4689.89795 0.002027
4690.69678 0.002085
4691.49512 0.002146
4692.29297 0.002216
4693.09180 0.002286
4693.89111 0.002356
4694.68896 0.002427
4695.48877 0.002497
4696.28809 0.002567
4697.08691 0.002637
4697.88721 0.002708
4698.68604 0.002778
4699.48584 0.002848
4700.28613 0.002919
4701.08496 0.002989
4701.88623 0.00305
4702.68604 0.003107
4703.48584 0.003164
4704.28711 0.003221
4705.08691 0.003278
4705.88818 0.003336
4706.68896 0.003393
4707.49023 0.00345
4708.29199 0.003507
4709.09277 0.003565
4709.89404 0.003622
4710.69580 0.003679
4711.49805 0.003744
4712.29883 0.003835
4713.10205 0.003927
4713.90381 0.004018
4714.70605 0.004109
4715.50781 0.004201
4716.31104 0.004292
4717.11377 0.004383
4717.91699 0.004475
4718.71924 0.004566
4719.52197 0.004658
4720.32617 0.004749
4721.12891 0.004841
4721.93311 0.005058
4722.73584 0.005315
4723.54004 0.005572
4724.34424 0.00583
4725.14795 0.006087
4725.95215 0.006344
4726.75684 0.006601
4727.56104 0.006858
4728.36621 0.007116
4729.16992 0.007373
4729.97607 0.007631
4730.77979 0.007888
4731.58496 0.008294
4732.39111 0.009005
4733.19580 0.009717
4734.00195 0.01043
4734.80811 0.011142
4735.61279 0.011854
4736.41895 0.012567
4737.22607 0.01328
4738.03223 0.013992
4738.83789 0.014706
4739.64502 0.015419
4740.45117 0.016133
4741.25781 0.016848
4742.06494 0.018205
4742.87207 0.019622
4743.67920 0.02104
4744.48682 0.022458
4745.29395 0.023877
4746.10205 0.025296
4746.91016 0.026715
4747.71777 0.028136
4748.52490 0.029556
4749.33398 0.030978
4750.14209 0.032399
4750.95117 0.033819
4751.75879 0.035163
4752.56787 0.036439
4753.37695 0.037717
4754.18604 0.038993
4754.99512 0.040272
4755.80420 0.041549
4756.61377 0.042828
4757.42285 0.044106
4758.23291 0.045385
4759.04199 0.046664
4759.85303 0.047943
4760.66309 0.049223
4761.47314 0.050422
4762.28320 0.051239
4763.09424 0.052055
4763.90479 0.052873
4764.71484 0.05369
4765.52588 0.054507
4766.33691 0.055325
4767.14795 0.056142
4767.95996 0.05696
4768.77100 0.057778
4769.58301 0.058597
4770.39502 0.059415
4771.20703 0.060234
4772.01904 0.061957
4772.83105 0.06385
4773.64307 0.065742
4774.45605 0.067636
4775.26807 0.069529
4776.08105 0.071424
4776.89404 0.073319
4777.70703 0.075214
4778.52002 0.077109
4779.33301 0.079005
4780.14697 0.080902
4780.95996 0.082799
4781.77393 0.085978
4782.58789 0.090262
4783.40186 0.094546
4784.21582 0.098831
4785.02979 0.103119
4785.84521 0.107407
4786.65918 0.111695
4787.47412 0.115984
4788.28906 0.120276
4789.10400 0.124567
4789.91797 0.12886
4790.73389 0.133155
4791.54883 0.137884
4792.36523 0.143862
4793.18018 0.14984
4793.99609 0.155822
4794.81201 0.161804
4795.62793 0.167788
4796.44385 0.173774
4797.26123 0.179762
4798.07715 0.18575
4798.89404 0.191738
4799.70996 0.197731
4800.52686 0.203724
4801.34424 0.209711
4802.16211 0.21376
4802.97900 0.217808
4803.79590 0.221858
4804.61377 0.225907
4805.43213 0.229959
4806.25000 0.234012
4807.06689 0.238064
4807.88623 0.24212
4808.70410 0.246176
4809.52197 0.250232
4810.34082 0.254296
4811.16016 0.258373
4811.97900 0.26041
4812.79688 0.261854
4813.61719 0.2633
4814.43604 0.264745
4815.25488 0.266191
4816.07520 0.267637
4816.89502 0.269085
4817.71387 0.270532
4818.53418 0.27198
4819.35400 0.273429
4820.17480 0.274875
4820.99512 0.276305
4821.81494 0.277125
4822.63623 0.277485
4823.45703 0.277846
4824.27783 0.278207
4825.09912 0.278567
4825.91992 0.278928
4826.74219 0.279289
4827.56299 0.27965
4828.38477 0.280011
4829.20703 0.280373
4830.02783 0.280734
4830.85107 0.281093
4831.67188 0.281187
4832.49512 0.280871
4833.31689 0.280556
4834.14014 0.280241
4834.96289 0.279925
4835.78613 0.27961
4836.60791 0.279295
4837.43213 0.278979
4838.25488 0.278663
4839.07910 0.278347
4839.90186 0.278031
4840.72607 0.277715
4841.54980 0.277396
4842.37402 0.277064
4843.19824 0.276732
4844.02197 0.2764
4844.84717 0.276068
4845.67090 0.275736
4846.49609 0.275404
4847.32080 0.275072
4848.14600 0.27474
4848.97119 0.274407
4849.79590 0.274075
4850.62207 0.273742
4851.44678 0.27348
4852.27295 0.273776
4853.09912 0.274072
4853.92480 0.274369
4854.75098 0.274666
4855.57715 0.274962
4856.40283 0.275259
4857.22998 0.275556
4858.05713 0.275853
4858.88281 0.276149
4859.70996 0.276446
4860.53809 0.276743
4861.36523 0.277043
4862.19189 0.27757
4863.02002 0.278097
4863.84717 0.278624
4864.67480 0.279152
4865.50293 0.279679
4866.33105 0.280207
4867.16016 0.280735
4867.98779 0.281263
4868.81592 0.281791
4869.64502 0.282319
4870.47412 0.282847
4871.30322 0.283376
4872.13184 0.283271
4872.96094 0.283119
4873.79102 0.282967
4874.62012 0.282815
4875.45020 0.282663
4876.27881 0.282511
4877.10889 0.282359
4877.93896 0.282207
4878.77002 0.282055
4879.60010 0.281903
4880.43018 0.281751
4881.26123 0.281598
4882.09180 0.280898
4882.92285 0.28012
4883.75391 0.279342
4884.58496 0.278564
4885.41699 0.277786
4886.24805 0.277008
4887.08008 0.276229
4887.91113 0.275451
4888.74316 0.274672
4889.57520 0.273893
4890.40723 0.273123
4891.24023 0.272363
4892.07178 0.271723
4892.90479 0.271105
4893.73682 0.270487
4894.56982 0.269868
4895.40283 0.269249
4896.23584 0.26863
4897.06982 0.268011
4897.90283 0.267391
4898.73682 0.266772
4899.57080 0.266151
4900.40479 0.265522
4901.23877 0.264883
4902.07324 0.264727
4902.90723 0.26466
4903.74219 0.264593
4904.57617 0.264525
4905.41113 0.264458
4906.24609 0.264391
4907.08105 0.264324
4907.91602 0.264257
4908.75098 0.264189
4909.58691 0.264122
4910.42188 0.264055
4911.25781 0.263987
4912.09424 0.264291
4912.93018 0.264652
4913.76611 0.265013
4914.60303 0.265375
4915.43896 0.265737
4916.27490 0.266098
4917.11182 0.26646
4917.94922 0.266822
4918.78613 0.267184
4919.62305 0.267546
4920.45996 0.267908
4921.29785 0.26827
4922.13623 0.268751
4922.97314 0.269244
4923.81104 0.269736
4924.64893 0.270229
4925.48682 0.270722
4926.32617 0.271215
4927.16406 0.271709
4928.00195 0.272202
4928.84082 0.272695
4929.68018 0.273189
4930.51904 0.273682
4931.35791 0.274176
4932.19824 0.274693
4933.03711 0.27521
4933.87598 0.275727
4934.71582 0.276245
4935.55615 0.276763
4936.39600 0.27728
4937.23584 0.277798
4938.07715 0.278316
4938.91699 0.278834
4939.75781 0.279352
4940.59912 0.279871
4941.43896 0.280379
4942.27979 0.28076
4943.12207 0.281141
4943.96289 0.281522
4944.80420 0.281903
4945.64600 0.282285
4946.48779 0.282666
4947.33008 0.283048
4948.17090 0.283429
4949.01416 0.283811
4949.85596 0.284193
4950.69824 0.284574
4951.54102 0.284896
4952.38379 0.284959
4953.22705 0.285022
4954.06982 0.285086
4954.91309 0.285149
4955.75586 0.285212
4956.60010 0.285275
4957.44287 0.285338
4958.28711 0.285402
4959.13086 0.285465
4959.97510 0.285528
4960.81885 0.285591
4961.66309 0.285528
4962.50781 0.285207
4963.35303 0.284886
4964.19678 0.284564
4965.04199 0.284243
4965.88721 0.283922
4966.73193 0.2836
4967.57812 0.283279
4968.42285 0.282957
4969.26904 0.282636
4970.11377 0.282314
4970.95996 0.281992
4971.80615 0.281634
4972.65186 0.281239
4973.49902 0.280844
4974.34521 0.280448
4975.19189 0.280052
4976.03906 0.279657
4976.88477 0.279261
4977.73193 0.278865
4978.58008 0.278469
4979.42676 0.278073
4980.27393 0.277678
4981.12207 0.277281
4981.97021 0.277109
4982.81787 0.277039
4983.66602 0.276969
4984.51416 0.276899
4985.36182 0.27683
4986.21094 0.27676
4987.06006 0.27669
4987.90820 0.27662
4988.75684 0.27655
4989.60596 0.27648
4990.45605 0.276421
4991.30518 0.276371
4992.15381 0.276707
4993.00391 0.277087
4993.85400 0.277467
4994.70410 0.277847
4995.55420 0.278227
4996.40381 0.278607
4997.25391 0.278988
4998.10498 0.279369
4998.95605 0.279749
4999.80615 0.28013
5000.65723 0.28049
5001.50781 0.280851
5002.35986 0.28127
5003.21094 0.281689
5004.06201 0.282108
5004.91406 0.282527
5005.76611 0.282946
5006.61816 0.283366
5007.47021 0.283785
5008.32178 0.284204
5009.17480 0.284624
5010.02686 0.285043
5010.87988 0.285463
5011.73291 0.285729
5012.58594 0.285758
5013.43896 0.285786
5014.29199 0.285815
5015.14600 0.285843
5015.99902 0.285872
5016.85303 0.285901
5017.70703 0.285929
5018.56104 0.285958
5019.41504 0.285986
5020.26904 0.286015
5021.12402 0.286044
5021.97803 0.285689
5022.83301 0.28515
5023.68799 0.284611
5024.54297 0.284073
5025.39795 0.283534
5026.25293 0.282995
5027.10889 0.282456
5027.96387 0.281917
5028.81982 0.281378
5029.67578 0.280839
5030.53223 0.280296
5031.38818 0.279751
5032.24512 0.278975
5033.10107 0.278195
5033.95801 0.277415
5034.81396 0.276635
5035.67090 0.275855
5036.52783 0.275074
5037.38477 0.274294
5038.24316 0.273514
5039.10010 0.272733
5039.95801 0.271952
5040.81494 0.271172
5041.67383 0.270449
5042.53223 0.269854
5043.39014 0.26926
5044.24805 0.268666
5045.10693 0.268071
5045.96484 0.267477
5046.82422 0.266882
5047.68311 0.266287
5048.54199 0.265692
5049.40088 0.265097
5050.26123 0.264502
5051.12109 0.263907
5051.97998 0.263583
5052.83984 0.263395
5053.70020 0.263207
5054.56006 0.263019
5055.41992 0.262831
5056.28076 0.262643
5057.14111 0.262455
5058.00195 0.262267
5058.86279 0.262079
5059.72412 0.261891
5060.58496 0.261703
5061.44580 0.261531
5062.30811 0.261724
5063.16895 0.261917
5064.03076 0.262111
5064.89307 0.262304
5065.75488 0.262497
5066.61719 0.262691
5067.47900 0.262884
5068.34180 0.263078
5069.20508 0.263271
5070.06689 0.263465
5070.93018 0.263658
5071.79297 0.263929
5072.65576 0.264299
5073.52002 0.264669
5074.38281 0.265039
5075.24707 0.265409
5076.11084 0.265778
5076.97510 0.266148
5077.83887 0.266518
5078.70312 0.266889
5079.56689 0.267259
5080.43213 0.267629
5081.29590 0.267999
5082.16113 0.268354
5083.02588 0.268706
5083.89209 0.269058
5084.75684 0.26941
5085.62207 0.269762
5086.48779 0.270115
5087.35400 0.270467
5088.21924 0.270819
5089.08496 0.271172
5089.95117 0.271524
5090.81689 0.271877
5091.68408 0.272176
5092.55078 0.272354
5093.41699 0.272532
5094.28418 0.27271
5095.15088 0.272888
5096.01904 0.273066
5096.88623 0.273244
5097.75293 0.273423
5098.62109 0.273601
5099.48877 0.273779
5100.35596 0.273957
5101.22510 0.274135
5102.09277 0.274236
5102.96094 0.274313
5103.83008 0.274391
5104.69824 0.274469
5105.56689 0.274547
5106.43604 0.274624
5107.30518 0.274702
5108.17383 0.27478
5109.04395 0.274858
5109.91309 0.274935
5110.78320 0.275013
5111.65283 0.275097
5112.52295 0.275201
5113.39307 0.275304
5114.26318 0.275407
5115.13379 0.27551
5116.00391 0.275613
5116.87500 0.275716
5117.74609 0.275819
5118.61719 0.275923
5119.48779 0.276026
5120.35889 0.276129
5121.23096 0.276232
5122.10303 0.276445
5122.97412 0.27669
5123.84619 0.276935
5124.71777 0.277179
5125.58984 0.277424
5126.46289 0.277669
5127.33496 0.277914
5128.20801 0.278159
5129.08105 0.278404
5129.95410 0.278649
5130.82715 0.278913
5131.70020 0.27919
5132.57324 0.279493
5133.44678 0.279795
5134.31982 0.280097
5135.19385 0.2804
5136.06787 0.280703
5136.94189 0.281005
5137.81689 0.281308
5138.69092 0.281611
5139.56592 0.281914
5140.43994 0.282207
5141.31494 0.282489
5142.18994 0.282603
5143.06494 0.282692
5143.94092 0.28278
5144.81592 0.282869
5145.69189 0.282957
5146.56787 0.283046
5147.44385 0.283135
5148.31982 0.283223
5149.19580 0.283312
5150.07178 0.283401
5150.94922 0.283489
5151.82617 0.283405
5152.70312 0.283105
5153.58008 0.282805
5154.45703 0.282506
5155.33398 0.282206
5156.21094 0.281906
5157.08887 0.281606
5157.96582 0.281307
5158.84424 0.281007
5159.72314 0.280707
5160.60107 0.280407
5161.47900 0.280093
5162.35693 0.279501
5163.23584 0.27891
5164.11523 0.278318
5164.99414 0.277726
5165.87305 0.277134
5166.75195 0.276542
5167.63086 0.27595
5168.51123 0.275358
5169.39111 0.274765
5170.27100 0.274173
5171.14990 0.273581
5172.02979 0.273024
5172.91113 0.272485
5173.79102 0.271946
5174.67090 0.271407
5175.55176 0.270867
5176.43311 0.270328
5177.31396 0.269788
5178.19482 0.269249
5179.07715 0.268709
5179.95801 0.26817
5180.83984 0.26763
5181.72119 0.2672
5182.60400 0.267008
5183.48486 0.266815
5184.36816 0.266623
5185.25000 0.26643
5186.13184 0.266238
5187.01514 0.266045
5187.89795 0.265853
5188.78076 0.26566
5189.66406 0.265468
5190.54688 0.265275
5191.43115 0.265082
5192.31396 0.265378
5193.19824 0.265682
5194.08203 0.265987
5194.96582 0.266291
5195.85010 0.266595
5196.73389 0.266899
5197.61914 0.267204
5198.50293 0.267508
5199.38818 0.267813
5200.27295 0.268117
5201.15820 0.268422
5202.04297 0.268958
5202.92920 0.269606
5203.81396 0.270255
5204.70020 0.270904
5205.58594 0.271553
5206.47217 0.272202
5207.35791 0.272852
5208.24414 0.273501
5209.12988 0.27415
5210.01709 0.2748
5210.90381 0.275449
5211.79102 0.276108
5212.67822 0.27678
5213.56494 0.277453
5214.45215 0.278126
5215.33984 0.278799
5216.22803 0.279473
5217.11523 0.280146
5218.00293 0.280819
5218.89111 0.281492
5219.77881 0.282166
5220.66797 0.28284
5221.55615 0.28348
5222.44482 0.283865
5223.33398 0.284251
5224.22314 0.284637
5225.11182 0.285023
5226.00098 0.285409
5226.89111 0.285794
5227.77979 0.28618
5228.66992 0.286567
5229.56006 0.286953
5230.45020 0.28734
5231.33984 0.287727
5232.22998 0.287794
5233.12109 0.287813
5234.01221 0.287833
5234.90186 0.287852
5235.79297 0.287871
5236.68506 0.28789
5237.57617 0.28791
5238.46680 0.287929
5239.35889 0.287948
5240.25000 0.287967
5241.14307 0.287986
5242.03516 0.28786
5242.92676 0.287653
5243.81885 0.287446
5244.71094 0.287239
5245.60400 0.287032
5246.49707 0.286825
5247.39014 0.286618
5248.28320 0.286411
5249.17578 0.286203
5250.06885 0.285996
5250.96289 0.285789
5251.85693 0.285569
5252.75000 0.285334
5253.64502 0.285098
5254.53906 0.284863
5255.43311 0.284627
5256.32812 0.284391
5257.22217 0.284156
5258.11719 0.28392
5259.01221 0.283684
5259.90723 0.283448
5260.80176 0.283213
5261.69678 0.282996
5262.59277 0.282834
5263.48877 0.282671
5264.38379 0.282509
5265.27979 0.282347
5266.17578 0.282184
5267.07324 0.282022
5267.96924 0.281859
5268.86621 0.281697
5269.76318 0.281535
5270.66016 0.281372
5271.55713 0.281216
5272.45410 0.281116
5273.35107 0.281016
5274.24902 0.280916
5275.14600 0.280816
5276.04395 0.280716
5276.94189 0.280616
5277.83984 0.280516
5278.73779 0.280416
5279.63721 0.280316
5280.53516 0.280216
5281.43408 0.280116
5282.33301 0.280021
5283.23193 0.279926
5284.13086 0.279831
5285.02979 0.279737
5285.93018 0.279642
5286.83008 0.279547
5287.72900 0.279452
5288.62891 0.279357
5289.52881 0.279263
5290.43018 0.279168
5291.33008 0.279073
5292.22998 0.278961
5293.13086 0.278846
5294.03223 0.27873
5294.93311 0.278615
5295.83398 0.2785
5296.73584 0.278384
5297.63721 0.278269
5298.53906 0.278153
5299.44092 0.278038
5300.34277 0.277923
5301.24512 0.277807
5302.14697 0.277715
5303.04883 0.27763
5303.95215 0.277546
5304.85400 0.277461
5305.75781 0.277377
5306.66113 0.277292
5307.56396 0.277207
5308.46680 0.277123
5309.37109 0.277038
5310.27393 0.276953
5311.17822 0.276869
5312.08203 0.276841
5312.98584 0.276843
5313.89014 0.276844
5314.79492 0.276845
5315.69922 0.276847
5316.60400 0.276848
5317.50879 0.276849
5318.41406 0.276851
5319.31885 0.276852
5320.22412 0.276853
5321.12988 0.276855
5322.03613 0.276946
5322.94092 0.277094
5323.84717 0.277243
