threeML/data/optical_filters/HST/WFC3_UVIS1-F275W.ecsv
# %ECSV 0.9
# ---
# datatype:
# - {name: wavelength, unit: Angstrom, datatype: float32}
# - {name: response, datatype: float32}
# meta: !!omap
# - {band_name: F275W}
# - {group_name: WFC3_UVIS1}
wavelength response
2010.32275 0.0
2233.69189 0.000403
2234.07300 0.000411
2234.45410 0.000419
2234.83496 0.000427
2235.21606 0.000436
2235.59692 0.000444
2235.97900 0.000452
2236.36011 0.000461
2236.74097 0.000469
2237.12305 0.000478
2237.50391 0.000486
2237.88599 0.000494
2238.26807 0.000503
2238.64893 0.000511
2239.03101 0.00052
2239.41309 0.000528
2239.79492 0.000537
2240.17700 0.000545
2240.55908 0.000554
2240.94092 0.000561
2241.32300 0.000567
2241.70605 0.000574
2242.08789 0.00058
2242.47095 0.000587
2242.85303 0.000593
2243.23608 0.000599
2243.61792 0.000606
2244.00098 0.000612
2244.38403 0.000619
2244.76611 0.000625
2245.14893 0.000632
2245.53198 0.000638
2245.91504 0.000645
2246.29810 0.000651
2246.68091 0.000658
2247.06494 0.000665
2247.44800 0.000671
2247.83105 0.000678
2248.21509 0.000684
2248.59790 0.000691
2248.98193 0.000698
2249.36499 0.000704
2249.74902 0.000711
2250.13306 0.000718
2250.51611 0.000724
2250.89990 0.000727
2251.28394 0.000728
2251.66797 0.000728
2252.05200 0.000728
2252.43604 0.000728
2252.82007 0.000729
2253.20508 0.000729
2253.58911 0.000729
2253.97290 0.000729
2254.35791 0.000729
2254.74194 0.00073
2255.12695 0.00073
2255.51099 0.00073
2255.89600 0.00073
2256.28101 0.00073
2256.66602 0.000731
2257.05103 0.000731
2257.43604 0.000731
2257.82104 0.000731
2258.20605 0.000731
2258.59106 0.000731
2258.97607 0.000732
2259.36108 0.000732
2259.74707 0.000732
2260.13208 0.000732
2260.51807 0.000732
2260.90308 0.000733
2261.28906 0.000733
2261.67505 0.000733
2262.06006 0.000734
2262.44604 0.000734
2262.83203 0.000734
2263.21802 0.000735
2263.60400 0.000735
2263.98999 0.000736
2264.37598 0.000736
2264.76196 0.000736
2265.14893 0.000737
2265.53491 0.000737
2265.92090 0.000737
2266.30811 0.000738
2266.69507 0.000738
2267.08105 0.000738
2267.46802 0.000739
2267.85400 0.000739
2268.24097 0.000739
2268.62793 0.00074
2269.01489 0.00074
2269.40210 0.00074
2269.78906 0.000741
2270.17603 0.000741
2270.56299 0.000741
2270.95093 0.000746
2271.33789 0.000754
2271.72607 0.000761
2272.11304 0.000769
2272.50000 0.000776
2272.88794 0.000784
2273.27588 0.000792
2273.66406 0.000799
2274.05103 0.000807
2274.43896 0.000814
2274.82690 0.000822
2275.21509 0.000829
2275.60303 0.000837
2275.99097 0.000845
2276.37891 0.000852
2276.76807 0.00086
2277.15601 0.000868
2277.54395 0.000876
2277.93311 0.000883
2278.32202 0.000891
2278.70996 0.000899
2279.09912 0.000906
2279.48804 0.000914
2279.87598 0.000922
2280.26489 0.00093
2280.65405 0.000938
2281.04297 0.000955
2281.43188 0.000974
2281.82104 0.000993
2282.20996 0.001013
2282.60010 0.001032
2282.98901 0.001051
2283.37793 0.00107
2283.76807 0.00109
2284.15698 0.001109
2284.54712 0.001128
2284.93701 0.001148
2285.32593 0.001167
2285.71606 0.001187
2286.10596 0.001206
2286.49609 0.001226
2286.88599 0.001245
2287.27588 0.001265
2287.66602 0.001285
2288.05591 0.001304
2288.44604 0.001324
2288.83691 0.001344
2289.22705 0.001363
2289.61792 0.001383
2290.00806 0.001403
2290.39893 0.001423
2290.78906 0.001445
2291.17993 0.001476
2291.57104 0.001507
2291.96191 0.001538
2292.35303 0.001569
2292.74390 0.0016
2293.13501 0.001631
2293.52588 0.001662
2293.91699 0.001693
2294.30811 0.001724
2294.69897 0.001756
2295.09106 0.001787
2295.48193 0.001818
2295.87402 0.00185
2296.26489 0.001881
2296.65698 0.001913
2297.04907 0.001945
2297.44092 0.001976
2297.83301 0.002008
2298.22412 0.00204
2298.61597 0.002072
2299.00806 0.002103
2299.40088 0.002135
2299.79297 0.002167
2300.18506 0.002199
2300.57690 0.002231
2300.96997 0.002259
2301.36206 0.002284
2301.75488 0.00231
2302.14697 0.002336
2302.54004 0.002362
2302.93311 0.002387
2303.32495 0.002413
2303.71802 0.002439
2304.11108 0.002465
2304.50391 0.002491
2304.89697 0.002517
2305.29004 0.002543
2305.68408 0.002569
2306.07690 0.002595
2306.46997 0.002622
2306.86401 0.002648
2307.25708 0.002674
2307.65088 0.0027
2308.04395 0.002727
2308.43799 0.002753
2308.83203 0.002779
2309.22510 0.002806
2309.61890 0.002832
2310.01294 0.002858
2310.40698 0.002885
2310.80103 0.002907
2311.19507 0.002912
2311.58911 0.002917
2311.98389 0.002923
2312.37793 0.002928
2312.77197 0.002934
2313.16699 0.002939
2313.56201 0.002944
2313.95605 0.00295
2314.35107 0.002955
2314.74609 0.002961
2315.13989 0.002966
2315.53491 0.002972
2315.92993 0.002977
2316.32495 0.002983
2316.71997 0.002988
2317.11499 0.002993
2317.51001 0.002999
2317.90601 0.003004
2318.30103 0.00301
2318.69702 0.003015
2319.09204 0.003021
2319.48804 0.003026
2319.88306 0.003032
2320.27905 0.003037
2320.67505 0.003043
2321.07104 0.003043
2321.46606 0.003044
2321.86206 0.003044
2322.25806 0.003044
2322.65405 0.003044
2323.05103 0.003044
2323.44702 0.003044
2323.84302 0.003044
2324.23999 0.003045
2324.63599 0.003045
2325.03198 0.003045
2325.42896 0.003045
2325.82495 0.003045
2326.22192 0.003045
2326.61890 0.003045
2327.01611 0.003045
2327.41309 0.003046
2327.81006 0.003046
2328.20703 0.003046
2328.60400 0.003046
2329.00098 0.003046
2329.39795 0.003046
2329.79492 0.003046
2330.19312 0.003046
2330.59009 0.003047
2330.98804 0.003056
2331.38501 0.00307
2331.78296 0.003084
2332.18091 0.003098
2332.57910 0.003112
2332.97607 0.003126
2333.37402 0.00314
2333.77197 0.003154
2334.16992 0.003168
2334.56812 0.003182
2334.96704 0.003196
2335.36499 0.00321
2335.76294 0.003224
2336.16211 0.003238
2336.56006 0.003252
2336.95801 0.003267
2337.35693 0.003281
2337.75610 0.003295
2338.15503 0.003309
2338.55298 0.003323
2338.95190 0.003338
2339.35107 0.003352
2339.75000 0.003366
2340.14893 0.00338
2340.54810 0.003395
2340.94800 0.003419
2341.34692 0.003451
2341.74609 0.003483
2342.14600 0.003516
2342.54492 0.003548
2342.94507 0.00358
2343.34399 0.003613
2343.74390 0.003645
2344.14404 0.003678
2344.54297 0.00371
2344.94312 0.003743
2345.34302 0.003775
2345.74292 0.003808
2346.14307 0.00384
2346.54297 0.003873
2346.94409 0.003906
2347.34399 0.003938
2347.74390 0.003971
2348.14502 0.004004
2348.54492 0.004037
2348.94604 0.00407
2349.34692 0.004103
2349.74707 0.004136
2350.14795 0.004169
2350.54907 0.004202
2350.94995 0.004242
2351.35107 0.004288
2351.75195 0.004335
2352.15308 0.004381
2352.55396 0.004427
2352.95508 0.004473
2353.35693 0.004519
2353.75806 0.004566
2354.15991 0.004612
2354.56104 0.004659
2354.96289 0.004705
2355.36401 0.004752
2355.76611 0.004798
2356.16797 0.004845
2356.57007 0.004892
2356.97192 0.004939
2357.37402 0.004985
2357.77588 0.005032
2358.17798 0.005079
2358.58008 0.005126
2358.98193 0.005173
2359.38501 0.005221
2359.78711 0.005268
2360.18994 0.005315
2360.59204 0.005362
2360.99512 0.005407
2361.39697 0.005451
2361.80005 0.005495
2362.20288 0.005539
2362.60596 0.005583
2363.00903 0.005627
2363.41211 0.005671
2363.81494 0.005715
2364.21802 0.005759
2364.62207 0.005803
2365.02490 0.005848
2365.42798 0.005892
2365.83203 0.005936
2366.23511 0.005981
2366.63892 0.006025
2367.04199 0.00607
2367.44604 0.006114
2367.85010 0.006159
2368.25391 0.006204
2368.65796 0.006248
2369.06201 0.006293
2369.46606 0.006338
2369.87012 0.006383
2370.27393 0.006428
2370.67798 0.006473
2371.08301 0.006505
2371.48706 0.006536
2371.89209 0.006567
2372.29590 0.006597
2372.70093 0.006628
2373.10498 0.006659
2373.51001 0.00669
2373.91504 0.006721
2374.32007 0.006752
2374.72510 0.006782
2375.12988 0.006813
2375.53491 0.006844
2375.93994 0.006875
2376.34497 0.006907
2376.75098 0.006938
2377.15601 0.006969
2377.56201 0.007
2377.96704 0.007031
2378.37305 0.007062
2378.77808 0.007094
2379.18408 0.007125
2379.59009 0.007156
2379.99609 0.007188
2380.40210 0.007219
2380.80811 0.00725
2381.21411 0.007278
2381.62012 0.007307
2382.02588 0.007335
2382.43188 0.007363
2382.83911 0.007392
2383.24512 0.00742
2383.65210 0.007449
2384.05811 0.007478
2384.46509 0.007506
2384.87207 0.007535
2385.27808 0.007564
2385.68506 0.007592
2386.09204 0.007621
2386.49902 0.00765
2386.90601 0.007679
2387.31299 0.007707
2387.71997 0.007736
2388.12793 0.007765
2388.53491 0.007794
2388.94189 0.007823
2389.35010 0.007852
2389.75708 0.007881
2390.16504 0.00791
2390.57300 0.007939
2390.97998 0.00798
2391.38794 0.008028
2391.79590 0.008076
2392.20410 0.008124
2392.61206 0.008173
2393.02002 0.008221
2393.42798 0.00827
2393.83594 0.008318
2394.24512 0.008367
2394.65308 0.008415
2395.06201 0.008464
2395.46997 0.008513
2395.87891 0.008562
2396.28711 0.00861
2396.69604 0.008659
2397.10498 0.008708
2397.51392 0.008757
2397.92310 0.008806
2398.33203 0.008855
2398.73999 0.008905
2399.14990 0.008954
2399.55908 0.009003
2399.96802 0.009052
2400.37695 0.009097
2400.78711 0.009148
2401.19604 0.009235
2401.60596 0.009322
2402.01611 0.009408
2402.42505 0.009495
2402.83496 0.009582
2403.24512 0.009669
2403.65503 0.009756
2404.06494 0.009843
2404.47510 0.009929
2404.88501 0.010016
2405.29492 0.010103
2405.70508 0.01019
2406.11597 0.010277
2406.52588 0.010364
2406.93701 0.010451
2407.34692 0.010538
2407.75806 0.010624
2408.16797 0.010711
2408.57910 0.010798
2408.98999 0.010885
2409.40088 0.010972
2409.81201 0.011059
2410.22290 0.011146
2410.63403 0.011233
2411.04492 0.011363
2411.45605 0.011506
2411.86694 0.011649
2412.27905 0.011792
2412.68994 0.011935
2413.10205 0.012078
2413.51294 0.012221
2413.92505 0.012365
2414.33691 0.012508
2414.74902 0.012651
2415.15991 0.012794
2415.57202 0.012937
2415.98389 0.013081
2416.39600 0.013224
2416.80908 0.013367
2417.22095 0.01351
2417.63306 0.013654
2418.04492 0.013797
2418.45801 0.01394
2418.87012 0.014084
2419.28296 0.014227
2419.69604 0.01437
2420.10791 0.014514
2420.52100 0.014657
2420.93408 0.014825
2421.34692 0.01502
2421.76001 0.015215
2422.17310 0.015409
2422.58594 0.015604
2422.99902 0.015799
2423.41211 0.015994
2423.82593 0.016189
2424.23901 0.016383
2424.65308 0.016578
2425.06592 0.016773
2425.47998 0.016968
2425.89307 0.017163
2426.30688 0.017358
2426.72095 0.017553
2427.13501 0.017748
2427.54907 0.017943
2427.96289 0.018138
2428.37695 0.018333
2428.79102 0.018528
2429.20605 0.018723
2429.62012 0.018918
2430.03394 0.019113
2430.44897 0.019306
2430.86304 0.019506
2431.27808 0.01972
2431.69189 0.019934
2432.10693 0.020148
2432.52197 0.020362
2432.93701 0.020576
2433.35205 0.02079
2433.76709 0.021004
2434.18188 0.021219
2434.59692 0.021432
2435.01196 0.021646
2435.42798 0.02186
2435.84302 0.022074
2436.25903 0.022288
2436.67407 0.022502
2437.09009 0.022716
2437.50488 0.02293
2437.92090 0.023144
2438.33691 0.023357
2438.75293 0.023571
2439.16895 0.023785
2439.58496 0.023999
2440.00098 0.024212
2440.41699 0.024427
2440.83301 0.024639
2441.25000 0.024842
2441.66602 0.025045
2442.08301 0.025248
2442.49902 0.025451
2442.91602 0.025654
2443.33203 0.025857
2443.74902 0.026061
2444.16602 0.026264
2444.58301 0.026467
2445.00000 0.02667
2445.41699 0.026873
2445.83398 0.027076
2446.25098 0.027279
2446.66797 0.027482
2447.08496 0.027685
2447.50293 0.027888
2447.91992 0.028091
2448.33789 0.028294
2448.75488 0.028497
2449.17310 0.0287
2449.59106 0.028903
2450.00903 0.029106
2450.42700 0.029309
2450.84399 0.029511
2451.26196 0.029712
2451.67993 0.029913
2452.09912 0.030114
2452.51709 0.030315
2452.93506 0.030516
2453.35400 0.030717
2453.77197 0.030918
2454.19092 0.031119
2454.60889 0.03132
2455.02808 0.031521
2455.44702 0.031722
2455.86499 0.031923
2456.28394 0.032124
2456.70288 0.032325
2457.12207 0.032525
2457.54102 0.032726
2457.95996 0.032927
2458.37988 0.033128
2458.79907 0.033329
2459.21802 0.03353
2459.63794 0.033731
2460.05688 0.033931
2460.47705 0.034131
2460.89600 0.034348
2461.31592 0.034597
2461.73608 0.034847
2462.15601 0.035096
2462.57593 0.035345
2462.99609 0.035594
2463.41602 0.035843
2463.83594 0.036092
2464.25610 0.036341
2464.67700 0.03659
2465.09692 0.036839
2465.51807 0.037088
2465.93799 0.037337
2466.35889 0.037585
2466.77905 0.037834
2467.19995 0.038083
2467.62109 0.038332
2468.04199 0.03858
2468.46289 0.038829
2468.88403 0.039078
2469.30493 0.039326
2469.72607 0.039575
2470.14697 0.039824
2470.56909 0.040074
2470.98999 0.040383
2471.41089 0.040734
2471.83301 0.041085
2472.25391 0.041436
2472.67603 0.041787
2473.09790 0.042139
2473.52002 0.04249
2473.94189 0.042841
2474.36401 0.043192
2474.78589 0.043543
2475.20801 0.043895
2475.62988 0.044246
2476.05200 0.044597
2476.47412 0.044948
2476.89697 0.045299
2477.31909 0.04565
2477.74194 0.046001
2478.16406 0.046352
2478.58691 0.046703
2479.01001 0.047054
2479.43311 0.047405
2479.85498 0.047756
2480.27905 0.048107
2480.70093 0.048457
2481.12500 0.048906
2481.54810 0.049367
2481.97095 0.049827
2482.39404 0.050288
2482.81812 0.050749
2483.24097 0.05121
2483.66504 0.051671
2484.08789 0.052131
2484.51196 0.052592
2484.93604 0.053053
2485.36011 0.053513
2485.78394 0.053974
2486.20801 0.054435
2486.63208 0.054895
2487.05591 0.055356
2487.47998 0.055816
2487.90405 0.056277
2488.32910 0.056737
2488.75293 0.057198
2489.17700 0.057658
2489.60205 0.058119
2490.02710 0.058579
2490.45093 0.059037
2490.87598 0.059511
2491.30103 0.060023
2491.72607 0.060535
2492.15088 0.061048
2492.57593 0.06156
2493.00098 0.062072
2493.42603 0.062584
2493.85205 0.063096
2494.27710 0.063608
2494.70190 0.06412
2495.12793 0.064631
2495.55298 0.065143
2495.97900 0.065655
2496.40503 0.066166
2496.83105 0.066678
2497.25610 0.067189
2497.68188 0.0677
2498.10791 0.068212
2498.53394 0.068723
2498.95996 0.069234
2499.38696 0.069745
2499.81299 0.070256
2500.23999 0.070763
2500.66602 0.071266
2501.09204 0.071734
2501.51904 0.072193
2501.94604 0.072652
2502.37207 0.07311
2502.79907 0.073569
2503.22607 0.074027
2503.65308 0.074485
2504.08008 0.074943
2504.50708 0.075401
2504.93408 0.075859
2505.36206 0.076316
2505.78906 0.076773
2506.21606 0.077231
2506.64404 0.077688
2507.07104 0.078144
2507.49902 0.078601
2507.92700 0.079057
2508.35400 0.079513
2508.78198 0.07997
2509.20996 0.080425
2509.63794 0.080881
2510.06592 0.081336
2510.49390 0.081792
2510.92212 0.082207
2511.35107 0.082558
2511.77905 0.082909
2512.20703 0.083259
2512.63599 0.08361
2513.06396 0.083961
2513.49292 0.084311
2513.92212 0.084661
2514.35107 0.085011
2514.77905 0.085361
2515.20801 0.085711
2515.63696 0.08606
2516.06592 0.08641
2516.49512 0.086759
2516.92505 0.087108
2517.35400 0.087458
2517.78296 0.087807
2518.21289 0.088155
2518.64209 0.088504
2519.07202 0.088853
2519.50098 0.089201
2519.93091 0.089549
2520.36108 0.089895
2520.79102 0.090233
2521.22095 0.090498
2521.65088 0.090762
2522.08105 0.091026
2522.51099 0.091291
2522.94092 0.091555
2523.37207 0.091818
2523.80200 0.092082
2524.23193 0.092346
2524.66309 0.092609
2525.09399 0.092873
2525.52393 0.093136
2525.95508 0.093399
2526.38599 0.093662
2526.81689 0.093925
2527.24805 0.094188
2527.67896 0.09445
2528.11011 0.094713
2528.54102 0.094975
2528.97192 0.095237
2529.40405 0.095499
2529.83496 0.095761
2530.26709 0.096025
2530.69800 0.096291
2531.12988 0.096541
2531.56201 0.096789
2531.99292 0.097036
2532.42505 0.097284
2532.85693 0.097531
2533.28906 0.097778
2533.72095 0.098025
2534.15308 0.098272
2534.58594 0.098519
2535.01807 0.098766
2535.44995 0.099013
2535.88306 0.099259
2536.31494 0.099506
2536.74805 0.099752
2537.18091 0.099998
2537.61304 0.100244
2538.04590 0.10049
2538.47900 0.100736
2538.91211 0.100982
2539.34497 0.101228
2539.77808 0.101473
2540.21094 0.101719
2540.64502 0.101964
2541.07788 0.102217
2541.51099 0.102473
2541.94507 0.102729
2542.37793 0.102985
2542.81201 0.10324
2543.24609 0.103496
2543.67896 0.103751
2544.11304 0.104006
2544.54712 0.104261
2544.98096 0.104516
2545.41504 0.104771
2545.84912 0.105026
2546.28394 0.105281
2546.71802 0.105535
2547.15210 0.10579
2547.58691 0.106044
2548.02100 0.106298
2548.45605 0.106552
2548.89111 0.106806
2549.32495 0.10706
2549.76001 0.107314
2550.19507 0.107565
2550.62988 0.107815
2551.06494 0.108057
2551.50000 0.108295
2551.93506 0.108533
2552.37109 0.108771
2552.80591 0.109009
2553.24097 0.109247
2553.67700 0.109485
2554.11206 0.109723
2554.54810 0.10996
2554.98389 0.110198
2555.41895 0.110435
2555.85498 0.110672
2556.29102 0.110909
2556.72705 0.111146
2557.16309 0.111382
2557.59912 0.111619
2558.03589 0.111855
2558.47192 0.112092
2558.90796 0.112328
2559.34497 0.112564
2559.78101 0.1128
2560.21802 0.113038
2560.65503 0.113278
2561.09106 0.113474
