threeML/data/optical_filters/HST/WFC3_UVIS2-FQ889N.ecsv
# %ECSV 0.9
# ---
# datatype:
# - {name: wavelength, unit: Angstrom, datatype: float32}
# - {name: response, datatype: float32}
# meta: !!omap
# - {band_name: FQ889N}
# - {group_name: WFC3_UVIS2}
wavelength response
7778.27539 0.0
8642.52832 0.000402
8644.00781 0.000416
8645.48633 0.00043
8646.96582 0.000444
8648.44531 0.000458
8649.92480 0.000472
8651.40430 0.000486
8652.88477 0.0005
8654.36523 0.000514
8655.84570 0.000528
8657.32715 0.000542
8658.80859 0.000556
8660.29004 0.00057
8661.77148 0.000584
8663.25391 0.000598
8664.73535 0.000612
8666.21777 0.000626
8667.70117 0.00064
8669.18359 0.000654
8670.66699 0.000668
8672.15039 0.000682
8673.63477 0.000695
8675.11816 0.000709
8676.60254 0.000723
8678.08691 0.000737
8679.57227 0.00075
8681.05664 0.000764
8682.54199 0.000778
8684.02832 0.000791
8685.51367 0.000805
8687.00000 0.000819
8688.48633 0.000832
8689.97266 0.000846
8691.45898 0.000859
8692.94629 0.000873
8694.43359 0.000886
8695.92090 0.0009
8697.40918 0.000913
8698.89746 0.000927
8700.38574 0.00094
8701.87402 0.000954
8703.36328 0.000967
8704.85254 0.000981
8706.34180 0.000994
8707.83105 0.001007
8709.32129 0.001021
8710.81055 0.001034
8712.30176 0.001047
8713.79199 0.001061
8715.28320 0.001074
8716.77441 0.001088
8718.26562 0.001101
8719.75684 0.001114
8721.24902 0.001128
8722.74121 0.001141
8724.23340 0.001154
8725.72656 0.001167
8727.21875 0.00118
8728.71191 0.001193
8730.20605 0.001206
8731.69922 0.001219
8733.19336 0.001232
8734.68848 0.001245
8736.18164 0.001258
8737.67676 0.001271
8739.17188 0.001284
8740.66699 0.001297
8742.16211 0.00131
8743.65820 0.001323
8745.15430 0.001336
8746.65039 0.001349
8748.14648 0.001361
8749.64355 0.001374
8751.14062 0.001387
8752.63770 0.0014
8754.13574 0.001412
8755.63281 0.001425
8757.13086 0.001438
8758.62988 0.001451
8760.12793 0.001463
8761.62695 0.001476
8763.12598 0.001489
8764.62500 0.001502
8766.12500 0.001514
8767.62500 0.001527
8769.12500 0.00154
8770.62500 0.001553
8772.12598 0.001565
8773.62695 0.001577
8775.12793 0.00159
8776.62891 0.001602
8778.13086 0.001615
8779.63281 0.001627
8781.13477 0.001639
8782.63770 0.001652
8784.13965 0.001664
8785.64258 0.001676
8787.14648 0.001689
8788.64941 0.001701
8790.15332 0.001713
8791.65723 0.001725
8793.16113 0.001737
8794.66602 0.00175
8796.17090 0.001762
8797.67578 0.001774
8799.18066 0.001786
8800.68652 0.001798
8802.19238 0.001809
8803.69824 0.001821
8805.20410 0.001833
8806.71094 0.001844
8808.21777 0.001856
8809.72461 0.001867
8811.23145 0.001879
8812.73926 0.001891
8814.24707 0.001903
8815.75488 0.001914
8817.26367 0.001926
8818.77246 0.002018
8820.28125 0.002373
8821.79004 0.003645
8823.29980 0.004498
8824.80957 0.004787
8826.31934 0.004505
8827.82910 0.005345
8829.33984 0.006453
8830.85059 0.007995
8832.36133 0.010334
8833.87207 0.010588
8835.38379 0.013005
8836.89648 0.016477
8838.40723 0.019415
8839.91992 0.023557
8841.43164 0.028453
8842.94434 0.033786
8844.45801 0.039256
8845.97070 0.045763
8847.48438 0.051982
8848.99805 0.058239
8850.51172 0.064685
8852.02637 0.069701
8853.54102 0.075551
8855.05566 0.080295
8856.57129 0.083143
8858.08594 0.086989
8859.60156 0.089606
8861.11719 0.091494
8862.63379 0.092837
8864.15039 0.0935
8865.66699 0.09368
8867.18359 0.094368
8868.70020 0.095272
8870.21777 0.09422
8871.73535 0.09475
8873.25391 0.095176
8874.77148 0.095248
8876.29004 0.095181
8877.80859 0.095639
8879.32812 0.095619
8880.84668 0.09532
8882.36621 0.0953
8883.88574 0.096065
8885.40625 0.096284
8886.92676 0.096324
8888.44727 0.096684
8889.96777 0.095618
8891.48828 0.095838
8893.00977 0.096189
8894.53125 0.095814
8896.05371 0.095781
8897.57520 0.095941
8899.09766 0.096131
8900.62012 0.09619
8902.14355 0.095631
8903.66602 0.095285
8905.18945 0.095361
8906.71289 0.095755
8908.23730 0.095828
8909.76172 0.09602
8911.28613 0.095719
8912.81055 0.095099
8914.33496 0.09479
8915.86035 0.094677
8917.38574 0.094893
8918.91211 0.094749
8920.43848 0.09334
8921.96387 0.094089
8923.49023 0.09312
8925.01758 0.091539
8926.54395 0.090207
8928.07129 0.087629
8929.59863 0.084488
8931.12695 0.081043
8932.65527 0.077298
8934.18359 0.072547
8935.71191 0.067012
8937.24023 0.061062
8938.76953 0.054871
8940.29883 0.048664
8941.82910 0.042889
8943.35840 0.036782
8944.88867 0.03106
8946.41895 0.02699
8947.95020 0.021868
8949.48047 0.018479
8951.01172 0.015445
8952.54395 0.011688
8954.07520 0.010738
8955.60742 0.009179
8957.13965 0.007512
8958.67188 0.006121
8960.20508 0.005706
8961.73828 0.004974
8963.27148 0.004271
8964.80469 0.003853
8966.33887 0.004135
8967.87305 0.002789
8969.40723 0.002155
8970.94141 0.002021
8972.47656 0.001822
8974.01172 0.00173
8975.54688 0.001709
8977.08301 0.001648
8978.61816 0.001476
8980.15527 0.001228
8981.69141 0.001407
8983.22754 0.001629
8984.76465 0.001709
8986.30176 0.001465
8987.83984 0.000873
8989.37793 0.000903
8990.91602 0.001244
8992.45410 0.001232
8993.99219 0.001221
8995.53125 0.001209
8997.07031 0.001197
8998.60938 0.001185
9000.14941 0.001173
9001.68945 0.001162
9003.22852 0.00115
9004.76953 0.001138
9006.31055 0.001127
9007.85156 0.001115
9009.39258 0.001104
9010.93359 0.001092
9012.47559 0.001081
9014.01758 0.001069
9015.55957 0.001058
9017.10254 0.001047
9018.64648 0.001035
9020.18848 0.001024
9021.73145 0.001012
9023.27539 0.001001
9024.81934 0.00099
9026.36328 0.000978
9027.90723 0.000967
9029.45215 0.000956
9030.99707 0.000944
9032.54199 0.000933
9034.08789 0.000922
9035.63281 0.000911
9037.17871 0.0009
9038.72559 0.000888
9040.27148 0.000877
9041.81836 0.000866
9043.36523 0.000855
9044.91309 0.000844
9046.45996 0.000833
9048.00781 0.000822
9049.55664 0.000811
9051.10352 0.0008
9052.65332 0.000789
9054.20215 0.000778
9055.75098 0.000767
9057.30078 0.000756
9058.85059 0.000745
9060.40039 0.000734
9061.95020 0.000724
9063.50098 0.000713
9065.05176 0.000702
9066.60254 0.000691
9068.15332 0.00068
9069.70508 0.00067
9071.25684 0.000659
9072.80859 0.000648
9074.36133 0.000637
9075.91406 0.000627
9077.46680 0.000616
9079.01953 0.000605
9080.57324 0.000595
9082.12695 0.000584
9083.68066 0.000574
9085.23535 0.000563
9086.78906 0.000553
9088.34375 0.000542
9089.89941 0.000532
9091.45410 0.000521
9093.00977 0.000511
9094.56543 0.000501
9096.12109 0.00049
9097.67773 0.00048
9099.23438 0.000469
9100.79102 0.000459
9102.34863 0.000449
9103.90527 0.000438
9105.46289 0.000428
9107.02148 0.000418
9108.57910 0.000407
10019.43750 0.0
