threeML/data/optical_filters/HST/WFC3_UVIS2-F606W.ecsv
# %ECSV 0.9
# ---
# datatype:
# - {name: wavelength, unit: Angstrom, datatype: float32}
# - {name: response, datatype: float32}
# meta: !!omap
# - {band_name: F606W}
# - {group_name: WFC3_UVIS2}
wavelength response
[from data line 2415]
7004.33301 0.239655
7005.52490 0.240017
7006.71680 0.240379
7007.91016 0.240741
7009.10303 0.241103
7010.29492 0.24147
7011.48779 0.241856
7012.68213 0.242167
7013.87500 0.242434
7015.06885 0.2427
7016.26318 0.242966
7017.45703 0.243231
7018.65088 0.243497
7019.84619 0.243763
7021.04102 0.244006
7022.23584 0.244204
7023.43115 0.244274
7024.62598 0.244344
7025.82178 0.244415
7027.01807 0.244485
7028.21289 0.244555
7029.41016 0.244625
7030.60596 0.244702
7031.80322 0.244787
7033.00000 0.244774
7034.19580 0.244748
7035.39404 0.244723
7036.59082 0.244697
7037.78906 0.244671
7038.98584 0.244645
7040.18506 0.244619
7041.38281 0.244594
7042.58105 0.244471
7043.77979 0.244264
7044.97900 0.244058
7046.17822 0.243851
7047.37695 0.243645
7048.57617 0.243438
7049.77588 0.243232
7050.97607 0.243005
7052.17578 0.242658
7053.37598 0.24183
7054.57715 0.241002
7055.77686 0.240175
7056.97803 0.239348
7058.17920 0.238522
7059.37988 0.237696
7060.58203 0.236883
7061.78418 0.236083
7062.98486 0.23405
7064.18799 0.231823
7065.39014 0.229598
7066.59180 0.227373
7067.79492 0.22515
7068.99805 0.222928
7070.20117 0.220703
7071.40381 0.218461
7072.60791 0.215139
7073.81201 0.210927
7075.01611 0.206716
7076.22021 0.20251
7077.42383 0.198307
7078.62793 0.194106
7079.83301 0.189908
7081.03809 0.185732
7082.24316 0.181257
7083.44922 0.17583
7084.65381 0.170408
7085.85986 0.164987
7087.06592 0.159572
7088.27197 0.154156
7089.47900 0.148747
7090.68506 0.143331
7091.89209 0.137911
7093.09912 0.132746
7094.30615 0.1276
7095.51416 0.122457
7096.72119 0.117319
7097.92920 0.112183
7099.13721 0.107052
7100.34619 0.101927
7101.55420 0.096815
7102.76318 0.092548
7103.97217 0.088707
7105.18115 0.084869
7106.39014 0.081034
7107.59912 0.0772
7108.80908 0.073367
7110.01904 0.069537
7111.22900 0.065709
7112.43896 0.062392
7113.64990 0.059853
7114.85986 0.057315
7116.07080 0.054778
7117.28320 0.052242
7118.49414 0.049709
7119.70605 0.047175
7120.91699 0.044641
7122.12891 0.042235
7123.34082 0.040631
7124.55420 0.039028
7125.76611 0.037428
7126.97900 0.035828
7128.19189 0.034229
7129.40479 0.032632
7130.61914 0.031037
7131.83203 0.029446
7133.04590 0.028364
7134.25977 0.027346
7135.47412 0.026328
7136.68799 0.02531
7137.90283 0.024294
7139.11816 0.023277
7140.33301 0.022261
7141.54785 0.021244
7142.76416 0.020447
7143.97900 0.019767
7145.19482 0.019087
7146.41211 0.018408
7147.62793 0.017729
7148.84424 0.017051
7150.06104 0.016374
7151.27783 0.015699
7152.49512 0.015107
7153.71191 0.014628
7154.93018 0.014148
7156.14697 0.013669
7157.36621 0.01319
7158.58398 0.012711
7159.80176 0.012233
7161.02100 0.011754
7162.23877 0.011301
7163.45801 0.010941
7164.67822 0.010581
7165.89697 0.010222
7167.11719 0.009863
7168.33594 0.009504
7169.55713 0.009146
7170.77686 0.008788
7171.99707 0.008432
7173.21777 0.008156
7174.43799 0.00788
7175.66016 0.007605
7176.88086 0.007329
7178.10303 0.007053
7179.32422 0.006778
7180.54590 0.006503
7181.76807 0.006228
7182.99023 0.006004
7184.21289 0.00579
7185.43604 0.005576
7186.65918 0.005363
7187.88184 0.005149
7189.10498 0.004936
7190.32910 0.004723
7191.55176 0.00451
7192.77588 0.004329
7194.00000 0.004167
7195.22510 0.004005
7196.45020 0.003843
7197.67383 0.003681
7198.89893 0.00352
7200.12500 0.003358
7201.35010 0.003197
7202.57617 0.003058
7203.80176 0.002941
7205.02783 0.002825
7206.25391 0.002709
7207.47998 0.002593
7208.70703 0.002477
7209.93408 0.002361
7211.16113 0.002245
7212.38818 0.00214
7213.61621 0.00206
7214.84424 0.00198
7216.07178 0.001899
7217.29980 0.001819
7218.52783 0.001739
7219.75684 0.001659
7220.98486 0.001579
7222.21387 0.001504
7223.44287 0.00145
7224.67285 0.001396
7225.90186 0.001341
7227.13184 0.001287
7228.36182 0.001233
7229.59277 0.001179
7230.82324 0.001125
7232.05420 0.001071
7233.28516 0.001035
7234.51611 0.000998
7235.74707 0.000961
7236.97900 0.000924
7238.20996 0.000887
7239.44189 0.00085
7240.67383 0.000814
7241.90723 0.000777
7243.13916 0.000751
7244.37207 0.000726
7245.60498 0.000701
7246.83789 0.000676
7248.07080 0.000651
7249.30518 0.000626
7250.53906 0.000601
7251.77295 0.000576
7253.00684 0.000558
7254.24121 0.000542
7255.47607 0.000526
7256.71094 0.00051
7257.94580 0.000493
7259.18115 0.000477
7260.41699 0.000461
7261.65186 0.000445
7262.88818 0.000432
7264.12500 0.00042
7265.36084 0.000407
7991.89697 0.0
