threeML/data/optical_filters/HST/WFC3_UVIS2-F200LP.ecsv
# %ECSV 0.9
# ---
# datatype:
# - {name: wavelength, unit: Angstrom, datatype: float32}
# - {name: response, datatype: float32}
# meta: !!omap
# - {band_name: F200LP}
# - {group_name: WFC3_UVIS2}
wavelength response
[from data line 4828]
4539.09424 0.272972
4539.87012 0.272979
4540.64600 0.272987
4541.42090 0.272995
4542.19824 0.273006
4542.97412 0.273017
4543.75000 0.273028
4544.52686 0.273039
4545.30420 0.27305
4546.08105 0.273061
4546.85693 0.273072
4547.63477 0.273083
4548.41211 0.273094
4549.18896 0.273105
4549.96680 0.273116
4550.74512 0.273127
4551.52197 0.273138
4552.29980 0.273149
4553.07812 0.27316
4553.85596 0.273171
4554.63477 0.273182
4555.41309 0.273193
4556.19189 0.273204
4556.97021 0.273216
4557.74902 0.273226
4558.52783 0.273238
4559.30713 0.273249
4560.08594 0.273262
4560.86621 0.273291
4561.64600 0.27332
4562.42480 0.273349
4563.20508 0.273378
4563.98486 0.273407
4564.76514 0.273437
4565.54492 0.273466
4566.32520 0.273495
4567.10596 0.273524
4567.88623 0.273553
4568.66699 0.273582
4569.44824 0.273612
4570.22900 0.273635
4571.00977 0.273646
4571.79102 0.273657
4572.57324 0.273668
4573.35400 0.273679
4574.13623 0.27369
4574.91699 0.273701
4575.69922 0.273712
4576.48096 0.273723
4577.26416 0.273734
4578.04590 0.273745
4578.82910 0.273756
4579.61084 0.273767
4580.39404 0.273778
4581.17578 0.273789
4581.95898 0.273796
4582.74316 0.273802
4583.52588 0.273808
4584.30908 0.273815
4585.09277 0.273821
4585.87598 0.273827
4586.66016 0.273834
4587.44385 0.27384
4588.22803 0.273846
4589.01221 0.273853
4589.79688 0.273859
4590.58105 0.273865
4591.36621 0.273872
4592.14990 0.273878
4592.93506 0.273884
4593.72021 0.273891
4594.50488 0.273897
4595.29102 0.273904
4596.07617 0.27391
4596.86182 0.273916
4597.64697 0.273923
4598.43311 0.273929
4599.21924 0.273935
4600.00488 0.273942
4600.79102 0.273948
4601.57812 0.273955
4602.36377 0.273963
4603.14990 0.273972
4603.93701 0.27398
4604.72412 0.273988
4605.51123 0.273996
4606.29785 0.274005
4607.08496 0.274013
4607.87305 0.274021
4608.66113 0.27403
4609.44824 0.274038
4610.23584 0.274052
4611.02393 0.274078
4611.81201 0.274105
4612.60107 0.274132
4613.38916 0.274158
4614.17676 0.274185
4614.96582 0.274212
4615.75391 0.274238
4616.54297 0.274265
4617.33301 0.274292
4618.12207 0.274319
4618.91113 0.274345
4619.70020 0.274372
4620.49023 0.274387
4621.27979 0.274395
4622.06885 0.274402
4622.85889 0.274408
4623.64893 0.274415
4624.43994 0.274421
4625.22998 0.274427
4626.02100 0.274434
4626.81201 0.27444
4627.60205 0.274447
4628.39307 0.274453
4629.18408 0.27446
4629.97510 0.274466
4630.76709 0.274468
4631.55811 0.274469
4632.35010 0.274471
4633.14111 0.274473
4633.93311 0.274474
4634.72510 0.274476
4635.51709 0.274478
4636.31006 0.274479
4637.10205 0.274481
4637.89502 0.274482
4638.68701 0.274484
4639.47998 0.274486
4640.27295 0.274487
4641.06592 0.274489
4641.85889 0.27449
4642.65283 0.27449
4643.44580 0.274491
4644.24023 0.274491
4645.03418 0.274492
4645.82715 0.274492
4646.62207 0.274493
4647.41602 0.274493
4648.20996 0.274494
4649.00391 0.274494
4649.79883 0.274495
4650.59424 0.274495
4651.38916 0.274496
4652.18408 0.274496
4652.97900 0.274497
4653.77393 0.274497
4654.56885 0.274498
4655.36523 0.274498
4656.16016 0.274499
4656.95605 0.2745
4657.75195 0.2745
4658.54785 0.2745
4659.34424 0.274501
4660.14111 0.274502
4660.93701 0.274502
4661.73389 0.274504
4662.53076 0.274506
4663.32812 0.274508
4664.12500 0.274511
4664.92090 0.274513
4665.71924 0.274516
4666.51611 0.274518
4667.31396 0.274521
4668.11182 0.274523
4668.91016 0.274525
4669.70801 0.274528
4670.50488 0.274542
4671.30420 0.274563
4672.10205 0.274584
4672.90088 0.274605
4673.69922 0.274626
4674.49805 0.274647
4675.29688 0.274668
4676.09619 0.274689
4676.89600 0.27471
4677.69482 0.274731
4678.49414 0.274752
4679.29395 0.274773
4680.09424 0.274792
4680.89404 0.274794
4681.69287 0.274797
4682.49414 0.274801
4683.29395 0.274804
4684.09424 0.274808
4684.89502 0.274811
4685.69580 0.274815
4686.49707 0.274818
4687.29688 0.274821
4688.09912 0.274825
4688.89990 0.274828
4689.70117 0.274832
4690.50293 0.274835
4691.30420 0.274838
4692.10596 0.274842
4692.90820 0.274845
4693.70996 0.274848
4694.51221 0.274852
4695.31494 0.274855
4696.11719 0.274859
4696.91992 0.274862
4697.72314 0.274865
4698.52490 0.274869
4699.32910 0.274872
4700.13184 0.274875
4700.93506 0.274879
4701.73779 0.274883
4702.54199 0.274889
4703.34619 0.274895
4704.14990 0.274901
4704.95410 0.274907
4705.75781 0.274913
4706.56201 0.274918
4707.36719 0.274924
4708.17090 0.27493
4708.97607 0.274936
4709.78076 0.274942
4710.58496 0.274947
4711.39111 0.274953
4712.19580 0.274959
4713.00098 0.274965
4713.80713 0.274971
4714.61182 0.274977
4715.41797 0.274982
4716.22412 0.274988
4717.02979 0.274994
4717.83594 0.275
4718.64307 0.275006
4719.44922 0.275012
4720.25586 0.275017
4721.06299 0.275023
4721.87012 0.27503
4722.67578 0.275037
4723.48291 0.275044
4724.29102 0.275051
4725.09814 0.275058
4725.90576 0.275065
4726.71387 0.275072
4727.52100 0.275079
4728.33008 0.275086
4729.13818 0.275093
4729.94580 0.2751
4730.75391 0.275107
4731.56299 0.275114
4732.37207 0.275121
4733.18018 0.275128
4733.98877 0.275135
4734.79785 0.275142
4735.60693 0.275149
4736.41699 0.275156
4737.22705 0.275163
4738.03613 0.27517
4738.84619 0.275177
4739.65576 0.275184
4740.46582 0.275202
4741.27588 0.275228
4742.08594 0.275252
4742.89697 0.275275
4743.70801 0.275299
4744.51904 0.275323
4745.32910 0.275347
4746.14014 0.27537
4746.95215 0.275394
4747.76318 0.275418
4748.57422 0.275442
4749.38623 0.275465
4750.19824 0.275484
4751.00879 0.275489
4751.82080 0.275494
4752.63379 0.275499
4753.44580 0.275503
4754.25781 0.275508
4755.07080 0.275513
4755.88379 0.275518
4756.69580 0.275522
4757.50879 0.275527
4758.32324 0.275532
4759.13623 0.275537
4759.94922 0.275541
4760.76318 0.275546
4761.57617 0.275552
4762.39014 0.275559
4763.20410 0.275566
4764.01807 0.275573
4764.83301 0.27558
4765.64697 0.275587
4766.46094 0.275594
4767.27588 0.275602
4768.09082 0.275609
4768.90576 0.275616
4769.72119 0.275623
4770.53613 0.27563
4771.35205 0.275637
4772.16699 0.275645
4772.98193 0.275652
4773.79785 0.275659
4774.61377 0.275666
4775.43018 0.275673
4776.24609 0.27568
4777.06299 0.275688
4777.87891 0.275695
4778.69580 0.275702
4779.51221 0.275709
4780.32910 0.275716
4781.14600 0.275724
4781.96289 0.27573
4782.78076 0.275736
4783.59814 0.275742
4784.41602 0.275748
4785.23291 0.275754
4786.05078 0.27576
4786.86914 0.275766
4787.68701 0.275772
4788.50586 0.275778
4789.32422 0.275784
4790.14307 0.275791
4790.96094 0.275797
4791.77979 0.275803
4792.59912 0.275809
4793.41797 0.275815
4794.23779 0.275821
4795.05713 0.275827
4795.87598 0.275833
4796.69580 0.275839
4797.51611 0.275845
4798.33594 0.275851
4799.15576 0.275857
4799.97705 0.275863
4800.79688 0.275869
4801.61719 0.275875
4802.43799 0.27588
4803.25879 0.275884
4804.08008 0.275889
4804.90088 0.275894
4805.72217 0.275899
4806.54297 0.275904
4807.36523 0.275908
4808.18701 0.275913
4809.00781 0.275918
4809.83008 0.275923
4810.65186 0.275943
4811.47510 0.275967
4812.29688 0.275991
4813.11914 0.276015
4813.94189 0.276039
4814.76514 0.276063
4815.58691 0.276087
4816.41113 0.276111
4817.23389 0.276135
4818.05713 0.276159
4818.87988 0.276183
4819.70410 0.276207
4820.52783 0.276219
4821.35205 0.276224
4822.17578 0.276228
4823.00000 0.276232
4823.82422 0.276235
4824.64893 0.276239
4825.47314 0.276243
4826.29785 0.276247
4827.12305 0.27625
4827.94824 0.276254
4828.77295 0.276258
4829.59912 0.276262
4830.42383 0.276264
4831.25000 0.276265
4832.07520 0.276267
4832.90088 0.276268
4833.72705 0.276269
4834.55322 0.27627
4835.37891 0.276272
4836.20605 0.276273
4837.03223 0.276274
4837.85889 0.276275
4838.68604 0.276277
4839.51318 0.276278
4840.33984 0.276279
4841.16699 0.27628
4841.99512 0.276281
4842.82178 0.276281
4843.64990 0.276282
4844.47803 0.276282
4845.30615 0.276282
4846.13379 0.276283
4846.96191 0.276283
4847.79102 0.276284
4848.61914 0.276284
4849.44824 0.276284
4850.27686 0.276285
4851.10596 0.276285
4851.93506 0.276286
4852.76416 0.276286
4853.59277 0.276286
4854.42285 0.276287
4855.25293 0.276287
4856.08301 0.276287
4856.91309 0.276288
4857.74316 0.276288
4858.57324 0.276288
4859.40283 0.276288
4860.23389 0.276289
4861.06396 0.276289
4861.89600 0.276288
4862.72607 0.276287
4863.55713 0.276286
4864.38916 0.276285
4865.22021 0.276284
4866.05078 0.276282
4866.88281 0.276281
4867.71484 0.27628
4868.54688 0.276279
4869.37891 0.276278
4870.21094 0.276276
4871.04297 0.276275
4871.87598 0.276274
4872.70898 0.276273
4873.54199 0.276272
4874.37500 0.27627
4875.20801 0.276269
4876.04102 0.276268
4876.87500 0.276267
4877.70801 0.276266
4878.54199 0.276264
4879.37500 0.276263
4880.20898 0.276262
4881.04297 0.276261
4881.87695 0.27626
4882.71191 0.276259
4883.54590 0.276257
4884.38086 0.276256
4885.21582 0.276255
4886.05078 0.276254
4886.88623 0.276253
4887.72119 0.276252
4888.55713 0.276251
4889.39209 0.276249
4890.22803 0.276253
4891.06299 0.276272
4891.89893 0.27629
4892.73486 0.276309
4893.57178 0.276327
4894.40820 0.276346
4895.24512 0.276364
4896.08203 0.276383
4896.91797 0.276401
4897.75488 0.276419
4898.59180 0.276438
4899.42920 0.276456
4900.26709 0.276469
4901.10400 0.276467
4901.94189 0.276467
4902.77979 0.276468
4903.61816 0.276469
4904.45605 0.276469
4905.29395 0.27647
4906.13184 0.27647
4906.97119 0.276471
4907.81006 0.276471
4908.64795 0.276472
4909.48682 0.276472
4910.32715 0.276473
4911.16602 0.276473
4912.00488 0.276474
4912.84521 0.276474
4913.68408 0.276475
4914.52393 0.276475
4915.36377 0.276476
4916.20410 0.276476
4917.04395 0.276477
4917.88477 0.276477
4918.72510 0.276477
4919.56592 0.276478
4920.40723 0.276479
4921.24805 0.276479
4922.08887 0.27648
4922.93018 0.27648
4923.77100 0.276481
4924.61279 0.276481
4925.45508 0.276482
4926.29590 0.276482
4927.13916 0.276483
4927.97998 0.276483
4928.82324 0.276484
4929.66504 0.276485
4930.50781 0.276485
4931.35107 0.276486
4932.19287 0.276486
4933.03613 0.276487
4933.87891 0.276488
4934.72314 0.276488
4935.56592 0.276489
4936.41016 0.27649
4937.25293 0.27649
4938.09717 0.276491
4938.94092 0.276491
4939.78516 0.276492
4940.62891 0.276493
4941.47412 0.276494
4942.31787 0.276496
4943.16309 0.276498
4944.00781 0.2765
4944.85303 0.276503
4945.69824 0.276505
4946.54297 0.276507
4947.38916 0.27651
4948.23389 0.276512
4949.08008 0.276514
4949.92578 0.276516
4950.77197 0.276519
4951.61816 0.276521
4952.46387 0.276523
4953.31104 0.276526
4954.15723 0.276528
4955.00391 0.27653
4955.85107 0.276533
4956.69824 0.276535
4957.54492 0.276537
4958.39307 0.276539
4959.24023 0.276542
4960.08691 0.276544
4960.93604 0.276546
4961.78320 0.276548
4962.63086 0.276548
4963.47900 0.276549
4964.32812 0.276549
4965.17578 0.27655
4966.02490 0.27655
4966.87402 0.276551
4967.72314 0.276552
4968.57080 0.276552
4969.42090 0.276553
4970.27002 0.276553
4971.12012 0.276554
4971.96924 0.276554
4972.81885 0.276555
4973.66895 0.276555
4974.51904 0.276556
4975.36914 0.276556
4976.21924 0.276557
4977.06982 0.276557
4977.91992 0.276558
4978.77100 0.276558
4979.62305 0.276559
4980.47412 0.27656
4981.32520 0.27656
4982.17578 0.276559
4983.02686 0.276557
4983.87891 0.276556
4984.73096 0.276554
4985.58301 0.276553
4986.43506 0.276551
4987.28711 0.27655
4988.14014 0.276548
4988.99219 0.276547
4989.84521 0.276545
4990.69824 0.27656
4991.55078 0.276578
4992.40381 0.276597
4993.25684 0.276616
4994.10986 0.276634
4994.96387 0.276653
4995.81787 0.276671
4996.67090 0.276689
4997.52490 0.276708
4998.37988 0.276727
4999.23389 0.276745
5000.08789 0.276761
5000.94287 0.276751
5001.79785 0.276744
5002.65283 0.276738
5003.50781 0.276733
5004.36279 0.276727
5005.21777 0.276722
5006.07422 0.276716
5006.92920 0.276711
5007.78516 0.276705
5008.64111 0.2767
5009.49707 0.276694
5010.35303 0.276689
5011.20898 0.276684
5012.06592 0.276678
5012.92188 0.276673
5013.77881 0.276667
5014.63623 0.276662
5015.49316 0.276657
5016.35107 0.276651
5017.20801 0.276646
5018.06494 0.27664
5018.92285 0.276635
5019.78076 0.276629
5020.63916 0.276624
5021.49707 0.276619
5022.35498 0.276613
5023.21289 0.276607
5024.07178 0.276602
5024.93115 0.276596
5025.79004 0.27659
5026.64795 0.276584
5027.50684 0.276578
5028.36719 0.276573
5029.22607 0.276567
5030.08594 0.276561
5030.94482 0.276549
5031.80518 0.276538
5032.66602 0.276527
5033.52490 0.276516
5034.38623 0.276505
5035.24609 0.276494
5036.10693 0.276482
5036.96680 0.276471
5037.82910 0.27646
5038.68896 0.276449
5039.55078 0.276438
5040.41211 0.276427
5041.27295 0.276415
5042.13477 0.276402
5042.99707 0.276388
5043.85889 0.276373
5044.72119 0.276359
5045.58301 0.276345
5046.44482 0.276331
5047.30811 0.276317
5048.16992 0.276302
5049.03320 0.276288
5049.89600 0.276274
5050.75879 0.27626
5051.62305 0.276245
5052.48584 0.276231
5053.35010 0.276217
5054.21289 0.276203
5055.07715 0.276188
5055.94092 0.276174
5056.80518 0.27616
5057.66895 0.276146
5058.53418 0.276131
5059.39795 0.276117
5060.26318 0.276103
5061.12793 0.276089
5061.99316 0.276075
5062.85791 0.276061
5063.72314 0.276048
5064.58887 0.276034
5065.45508 0.276021
5066.31982 0.276007
5067.18604 0.275994
5068.05176 0.275981
5068.91797 0.275967
5069.78516 0.275954
5070.65088 0.27594
5071.51807 0.275927
5072.38477 0.275913
5073.25098 0.2759
5074.11914 0.275886
5074.98584 0.275873
5075.85303 0.275859
5076.72119 0.275846
5077.58789 0.275832
5078.45605 0.275819
5079.32422 0.275805
5080.19189 0.275792
5081.06104 0.275779
5081.92920 0.275765
5082.79688 0.275751
5083.66699 0.275737
5084.53516 0.275724
5085.40381 0.27571
5086.27295 0.275696
5087.14307 0.275682
5088.01221 0.275668
5088.88184 0.275655
5089.75098 0.275641
5090.62109 0.275627
5091.49121 0.275613
5092.36182 0.275599
5093.23193 0.275586
5094.10303 0.275572
5094.97314 0.275558
5095.84424 0.275544
5096.71484 0.27553
5097.58594 0.275517
5098.45703 0.275503
5099.32910 0.275489
5100.20020 0.275475
5101.07178 0.275462
5101.94287 0.275448
5102.81494 0.275435
5103.68701 0.275422
5104.56006 0.275409
5105.43311 0.275396
5106.30518 0.275382
5107.17822 0.275369
5108.05078 0.275356
5108.92383 0.275343
5109.79688 0.27533
5110.66992 0.275317
5111.54297 0.275303
5112.41699 0.27529
5113.29102 0.275277
5114.16504 0.275264
5115.03906 0.275251
5115.91309 0.275237
5116.78809 0.275224
5117.66211 0.275211
5118.53711 0.275198
5119.41211 0.275184
5120.28711 0.275171
5121.16211 0.275158
5122.03711 0.275145
5122.91309 0.275132
5123.78809 0.27512
5124.66406 0.275107
5125.54004 0.275094
5126.41602 0.275082
5127.29199 0.275069
5128.16797 0.275056
5129.04395 0.275044
5129.92090 0.275031
5130.79785 0.275037
5131.67480 0.275045
5132.55176 0.275052
5133.42920 0.27506
5134.30713 0.275068
5135.18408 0.275075
5136.06201 0.275083
5136.93896 0.275091
5137.81689 0.275099
5138.69580 0.275106
5139.57422 0.275114
5140.45215 0.275111
5141.33105 0.275099
5142.20898 0.275089
5143.08789 0.27508
5143.96680 0.275071
5144.84717 0.275062
5145.72607 0.275053
5146.60498 0.275044
5147.48486 0.275035
5148.36523 0.275025
5149.24512 0.275016
5150.12500 0.275007
5151.00488 0.274998
5151.88477 0.274989
5152.76611 0.27498
5153.64600 0.274971
5154.52686 0.274962
5155.40820 0.274952
5156.29004 0.274943
5157.17090 0.274934
5158.05176 0.274925
5158.93408 0.274916
5159.81494 0.274907
5160.69678 0.274898
5161.58008 0.274889
5162.46094 0.274881
5163.34424 0.274873
5164.22705 0.274866
5165.10889 0.274858
5165.99219 0.27485
5166.87500 0.274842
5167.75781 0.274834
5168.64111 0.274827
5169.52393 0.274819
5170.40820 0.274811
5171.29199 0.274803
5172.17578 0.274795
5173.06006 0.274787
5173.94385 0.27478
5174.82812 0.274772
5175.71191 0.274764
5176.59717 0.274756
5177.48193 0.274748
5178.36719 0.27474
5179.25098 0.274732
5180.13721 0.274724
5181.02197 0.274716
5181.90820 0.274707
5182.79297 0.274696
5183.67920 0.274685
5184.56494 0.274674
5185.45117 0.274663
5186.33691 0.274653
5187.22412 0.274642
5188.10986 0.274631
5188.99707 0.27462
5189.88379 0.274609
5190.77100 0.274598
5191.65820 0.274587
5192.54492 0.274577
5193.43311 0.274566
5194.32080 0.274555
5195.20801 0.274544
5196.09619 0.274533
5196.98389 0.274523
5197.87305 0.274512
5198.76123 0.274501
5199.64893 0.27449
5200.53809 0.274479
5201.42676 0.274468
5202.31592 0.274457
5203.20508 0.274446
5204.09521 0.274436
5204.98389 0.274425
5205.87402 0.274414
