threeML/data/optical_filters/HST/WFC3_UVIS1-F343N.ecsv
# %ECSV 0.9
# ---
# datatype:
# - {name: wavelength, unit: Angstrom, datatype: float32}
# - {name: response, datatype: float32}
# meta: !!omap
# - {band_name: F343N}
# - {group_name: WFC3_UVIS1}
wavelength response
2897.04248 0.0
3218.93604 0.000401
3219.48706 0.000415
3220.03809 0.000428
3220.58789 0.000441
3221.13892 0.000455
3221.69092 0.000468
3222.24194 0.000481
3222.79297 0.000495
3223.34399 0.000508
3223.89600 0.000521
3224.44800 0.000535
3224.99902 0.000548
3225.55103 0.000561
3226.10303 0.000575
3226.65503 0.000588
3227.20703 0.000602
3227.75903 0.000615
3228.31104 0.000628
3228.86401 0.000642
3229.41602 0.000655
3229.96899 0.000668
3230.52100 0.000682
3231.07397 0.000695
3231.62695 0.000708
3232.17993 0.000722
3232.73291 0.000735
3233.28589 0.000748
3233.83911 0.000762
3234.39209 0.000775
3234.94604 0.000789
3235.49902 0.000802
3236.05298 0.000815
3236.60596 0.000829
3237.15991 0.000842
3237.71411 0.000856
3238.26807 0.000869
3238.82202 0.000882
3239.37598 0.000896
3239.92993 0.000909
3240.48511 0.000922
3241.03906 0.000936
3241.59399 0.000949
3242.14795 0.000963
3242.70288 0.000976
3243.25806 0.000989
3243.81299 0.001003
3244.36792 0.001016
3244.92310 0.001029
3245.47803 0.001043
3246.03296 0.001056
3246.58911 0.001069
3247.14404 0.001083
3247.69995 0.001096
3248.25610 0.001109
3248.81104 0.001123
3249.36694 0.001136
3249.92310 0.00115
3250.47900 0.001163
3251.03491 0.001176
3251.59204 0.00119
3252.14795 0.001203
3252.70410 0.001217
3253.26099 0.00123
3253.81689 0.001243
3254.37402 0.001257
3254.93091 0.00127
3255.48804 0.001284
3256.04492 0.001297
3256.60205 0.001311
3257.15894 0.001324
3257.71606 0.001337
3258.27393 0.001351
3258.83105 0.001364
3259.38892 0.001378
3259.94702 0.001391
3260.50391 0.001405
3261.06201 0.001418
3261.62012 0.001431
3262.17798 0.001679
3262.73608 0.002242
3263.29395 0.002406
3263.85303 0.00234
3264.41089 0.001883
3264.96997 0.001409
3265.52808 0.001956
3266.08691 0.002464
3266.64600 0.002862
3267.20508 0.002969
3267.76392 0.002751
3268.32300 0.003107
3268.88208 0.003733
3269.44092 0.004164
3270.00098 0.004475
3270.56006 0.003963
3271.12012 0.003957
3271.67896 0.005039
3272.23901 0.005581
3272.79907 0.005643
3273.35889 0.006022
3273.91895 0.006511
3274.47900 0.006946
3275.04004 0.007307
3275.60010 0.007326
3276.15991 0.007499
3276.72095 0.007915
3277.28101 0.008673
3277.84204 0.009657
3278.40308 0.010302
3278.96411 0.010862
3279.52490 0.011186
3280.08594 0.011583
3280.64697 0.012197
3281.20801 0.013113
3281.77002 0.01437
3282.33105 0.015745
3282.89307 0.017175
3283.45508 0.017378
3284.01611 0.017656
3284.57788 0.019344
3285.13989 0.021018
3285.70190 0.022663
3286.26489 0.024422
3286.82690 0.026268
3287.38892 0.027874
3287.95190 0.029415
3288.51392 0.030957
3289.07690 0.032732
3289.63989 0.035277
3290.20190 0.037672
3290.76489 0.039888
3291.32788 0.042578
3291.89209 0.045496
3292.45508 0.048773
3293.01807 0.05198
3293.58203 0.054418
3294.14502 0.057297
3294.70801 0.060998
3295.27197 0.064428
3295.83594 0.067656
3296.39990 0.073112
3296.96411 0.079068
3297.52808 0.082764
3298.09204 0.087577
3298.65601 0.095685
3299.22095 0.100295
3299.78491 0.10112
3300.35010 0.104937
3300.91504 0.109982
3301.47900 0.11646
3302.04395 0.123102
3302.60889 0.130112
3303.17407 0.135705
3303.73999 0.139143
3304.30493 0.143057
3304.87012 0.147258
3305.43604 0.154272
3306.00098 0.161495
3306.56689 0.165984
3307.13208 0.169667
3307.69800 0.171632
3308.26392 0.174212
3308.83008 0.177293
3309.39600 0.17934
3309.96289 0.181153
3310.52905 0.185531
3311.09497 0.188933
3311.66211 0.18942
3312.22900 0.190435
3312.79492 0.192007
3313.36206 0.194154
3313.92896 0.196525
3314.49609 0.194655
3315.06299 0.193012
3315.62988 0.193136
3316.19702 0.193447
3316.76489 0.194005
3317.33203 0.194159
3317.89990 0.194109
3318.46802 0.19718
3319.03491 0.199889
3319.60303 0.198385
3320.17090 0.196227
3320.73901 0.193001
3321.30688 0.192825
3321.87500 0.19452
3322.44409 0.19211
3323.01196 0.189039
3323.58105 0.186082
3324.14990 0.184265
3324.71802 0.184655
3325.28711 0.18577
3325.85596 0.187406
3326.42505 0.18727
3326.99390 0.186841
3327.56299 0.187633
3328.13306 0.188282
3328.70190 0.188609
3329.27197 0.187691
3329.84106 0.185759
3330.41089 0.185474
3330.98096 0.185635
3331.55103 0.186373
3332.12109 0.186642
3332.69092 0.185739
3333.26099 0.186293
3333.83203 0.188134
3334.40210 0.188057
3334.97192 0.187438
3335.54297 0.187131
3336.11401 0.186367
3336.68506 0.184374
3337.25488 0.185321
3337.82593 0.189
3338.39697 0.187855
3338.96899 0.185288
3339.54004 0.185891
3340.11108 0.18626
3340.68311 0.185973
3341.25391 0.187036
3341.82593 0.189374
3342.39795 0.189016
3342.96997 0.187863
3343.54199 0.189049
3344.11401 0.190307
3344.68604 0.191763
3345.25806 0.191602
3345.83008 0.189938
3346.40308 0.189564
3346.97510 0.189591
3347.54810 0.190284
3348.12109 0.190879
3348.69409 0.191219
3349.26709 0.191723
3349.84009 0.19237
3350.41309 0.192173
3350.98608 0.191798
3351.55908 0.192686
3352.13306 0.192858
3352.70605 0.191327
3353.28003 0.192425
3353.85400 0.195658
3354.42700 0.19431
3355.00098 0.192038
3355.57495 0.192128
3356.14990 0.192544
3356.72412 0.193644
3357.29810 0.1932
3357.87305 0.191642
3358.44702 0.194836
3359.02197 0.19837
3359.59595 0.196666
3360.17090 0.195294
3360.74609 0.194513
3361.32104 0.193579
3361.89600 0.192549
3362.47095 0.193918
3363.04712 0.195019
3363.62207 0.192445
3364.19800 0.191767
3364.77295 0.193912
3365.34912 0.195122
3365.92505 0.195859
3366.50000 0.19532
3367.07690 0.195083
3367.65308 0.19656
3368.22900 0.195967
3368.80493 0.19288
3369.38208 0.192841
3369.95801 0.193996
3370.53491 0.194025
3371.11108 0.193767
3371.68799 0.1927
3372.26489 0.192301
3372.84204 0.192534
3373.41895 0.191964
3373.99609 0.191231
3374.57300 0.191801
3375.15088 0.192448
3375.72803 0.193264
3376.30591 0.193562
3376.88403 0.193488
3377.46094 0.192394
3378.03906 0.191279
3378.61694 0.191327
3379.19507 0.191261
3379.77295 0.191015
3380.35205 0.19073
3380.92993 0.190423
3381.50806 0.190048
3382.08691 0.18987
3382.66602 0.190503
3383.24390 0.19059
3383.82300 0.190067
3384.40210 0.189593
3384.98096 0.189178
3385.56006 0.191242
3386.13989 0.192517
3386.71899 0.19185
3387.29810 0.191354
3387.87793 0.190991
3388.45801 0.1906
3389.03711 0.190224
3389.61694 0.190007
3390.19702 0.190118
3390.77710 0.190754
3391.35693 0.190401
3391.93701 0.189545
3392.51807 0.190714
3393.09790 0.191791
3393.67896 0.192046
3394.26001 0.192221
3394.84009 0.192315
3395.42090 0.192271
3396.00195 0.192201
3396.58301 0.192428
3397.16406 0.192868
3397.74512 0.193746
3398.32690 0.193663
3398.90796 0.192952
3399.48999 0.193031
3400.07104 0.193105
3400.65308 0.192607
3401.23511 0.193151
3401.81689 0.194994
3402.39893 0.194389
3402.98096 0.192865
3403.56299 0.191492
3404.14600 0.190812
3404.72803 0.191825
3405.31104 0.193274
3405.89307 0.19505
3406.47607 0.194347
3407.05908 0.193427
3407.64209 0.193743
3408.22510 0.194099
3408.80811 0.194512
3409.39111 0.194133
3409.97412 0.19343
3410.55811 0.192473
3411.14111 0.19237
3411.72510 0.194471
3412.30908 0.193736
3412.89307 0.190829
3413.47705 0.19237
3414.06104 0.194196
3414.64502 0.19305
3415.22900 0.192266
3415.81299 0.191966
3416.39795 0.19137
3416.98193 0.190666
3417.56689 0.192476
3418.15210 0.193124
3418.73608 0.190974
3419.32104 0.190328
3419.90601 0.190759
3420.49097 0.190174
3421.07690 0.189267
3421.66211 0.18747
3422.24707 0.186531
3422.83301 0.186623
3423.41797 0.187097
3424.00391 0.187633
3424.59009 0.186483
3425.17603 0.185642
3425.76196 0.185424
3426.34790 0.184679
3426.93408 0.183616
3427.52100 0.183695
3428.10693 0.183488
3428.69409 0.181842
3429.28003 0.180463
3429.86694 0.179344
3430.45410 0.179488
3431.04102 0.179775
3431.62793 0.178509
3432.21509 0.177235
3432.80200 0.175948
3433.38989 0.175341
3433.97705 0.175038
3434.56396 0.17343
3435.15210 0.17202
3435.73999 0.171147
3436.32788 0.170866
3436.91602 0.171008
3437.50391 0.170267
3438.09204 0.169357
3438.67993 0.168219
3439.26807 0.167059
3439.85693 0.165875
3440.44507 0.165197
3441.03394 0.164627
3441.62305 0.163654
3442.21191 0.162986
3442.80103 0.162808
3443.38989 0.161586
3443.97900 0.159883
3444.56812 0.159945
3445.15698 0.159582
3445.74707 0.158111
3446.33594 0.156623
3446.92603 0.155123
3447.51611 0.154759
3448.10596 0.154562
3448.69604 0.154506
3449.28589 0.153952
3449.87598 0.152909
3450.46606 0.151939
3451.05591 0.151017
3451.64697 0.150332
3452.23706 0.149614
3452.82788 0.148851
3453.41895 0.148123
3454.01001 0.147401
3454.60107 0.146516
3455.19189 0.145567
3455.78296 0.144496
3456.37402 0.144037
3456.96606 0.143905
3457.55688 0.143337
3458.14795 0.142804
3458.73999 0.142421
3459.33203 0.142041
3459.92407 0.141664
3460.51611 0.140846
3461.10791 0.140169
3461.69995 0.140293
3462.29199 0.139947
3462.88501 0.139146
3463.47705 0.139035
3464.07007 0.138927
3464.66309 0.137827
3465.25488 0.137481
3465.84790 0.138076
3466.44092 0.137916
3467.03394 0.137526
3467.62695 0.137284
3468.22095 0.136725
3468.81396 0.135657
3469.40796 0.135381
3470.00098 0.135443
3470.59497 0.135342
3471.18896 0.135317
3471.78296 0.135449
3472.37695 0.135432
3472.97095 0.135335
3473.56494 0.135179
3474.15894 0.13504
3474.75391 0.134948
3475.34790 0.134961
3475.94312 0.135043
3476.53711 0.134328
3477.13208 0.133877
3477.72705 0.134565
3478.32202 0.134833
3478.91699 0.134757
3479.51196 0.134521
3480.10791 0.134418
3480.70288 0.134997
3481.29907 0.135279
3481.89502 0.135273
3482.48999 0.135181
3483.08594 0.135194
3483.68188 0.1359
3484.27808 0.136463
3484.87402 0.136867
3485.46997 0.13696
3486.06689 0.137005
3486.66309 0.1373
3487.26001 0.137411
3487.85596 0.137289
3488.45288 0.137806
3489.05005 0.138465
3489.64697 0.138521
3490.24390 0.138875
3490.84106 0.139654
3491.43799 0.139956
3492.03589 0.140119
3492.63306 0.140782
3493.23096 0.141152
3493.82910 0.141057
3494.42603 0.141424
3495.02393 0.141971
3495.62207 0.142397
3496.21997 0.142872
3496.81812 0.143429
3497.41699 0.144301
3498.01489 0.145282
3498.61401 0.145122
3499.21191 0.14526
3499.81104 0.145943
3500.40991 0.146538
3501.00903 0.14709
3501.60791 0.147531
3502.20703 0.147948
3502.80591 0.148317
3503.40503 0.14893
3504.00488 0.149658
3504.60400 0.149724
3505.20410 0.150071
3505.80298 0.150973
3506.40308 0.151542
3507.00293 0.151947
3507.60303 0.152606
3508.20288 0.153312
3508.80396 0.154113
3509.40405 0.15414
3510.00391 0.153783
3510.60498 0.154206
3511.20605 0.154592
3511.80591 0.154905
3512.40698 0.155201
3513.00806 0.155491
3513.60889 0.156149
3514.20996 0.156719
3514.81201 0.157119
3515.41309 0.157193
3516.01392 0.157107
3516.61597 0.156602
3517.21802 0.156401
3517.82007 0.156761
3518.42090 0.157127
3519.02295 0.157498
3519.62500 0.157915
3520.22803 0.157935
3520.83008 0.157269
3521.43188 0.157226
3522.03491 0.157414
3522.63696 0.157018
3523.23999 0.156836
3523.84302 0.156991
3524.44604 0.1569
3525.04907 0.156727
3525.65210 0.156679
3526.25488 0.156337
3526.85791 0.155572
3527.46191 0.155621
3528.06494 0.155872
3528.66895 0.1555
3529.27295 0.155162
3529.87695 0.154865
3530.48096 0.15411
3531.08496 0.153341
3531.68896 0.153368
3532.29297 0.153284
3532.89697 0.153074
3533.50195 0.152395
3534.10596 0.151661
3534.71094 0.151192
3535.31592 0.151155
3535.92090 0.151538
3536.52588 0.150702
3537.13110 0.149837
3537.73608 0.149715
3538.34106 0.14931
3538.94702 0.14867
3539.55200 0.148311
3540.15796 0.147978
3540.76294 0.147617
3541.36890 0.147083
3541.97510 0.146431
3542.58105 0.146355
3543.18701 0.146244
3543.79297 0.145953
3544.39990 0.145903
3545.00610 0.145989
3545.61304 0.145479
3546.21899 0.145002
3546.82593 0.1446
3547.43311 0.144115
3548.04004 0.143616
3548.64697 0.143602
3549.25391 0.143695
3549.86108 0.143952
3550.46899 0.143717
3551.07593 0.143352
3551.68408 0.143302
3552.29199 0.143149
3552.89893 0.142871
3553.50708 0.142508
3554.11499 0.142288
3554.72290 0.142896
3555.33203 0.143398
3555.93994 0.143802
3556.54810 0.143504
3557.15698 0.143376
3557.76489 0.144144
3558.37402 0.144208
3558.98291 0.143779
3559.59204 0.144459
3560.20093 0.144888
3560.81006 0.144589
3561.41895 0.144951
3562.02808 0.145631
3562.63794 0.14527
3563.24707 0.145144
3563.85693 0.145408
3564.46704 0.145765
3565.07690 0.146179
3565.68701 0.14681
3566.29712 0.147261
3566.90698 0.147499
3567.51709 0.147441
3568.12695 0.147346
3568.73804 0.14738
3569.34912 0.147506
3569.95898 0.14771
3570.57007 0.147231
3571.18091 0.146872
3571.79199 0.147047
3572.40308 0.146759
3573.01392 0.146195
3573.62598 0.145711
3574.23706 0.145068
3574.84912 0.144134
3575.45996 0.143441
3576.07202 0.142788
3576.68408 0.141534
3577.29590 0.140175
3577.90796 0.138686
3578.52002 0.136743
3579.13208 0.134777
3579.74512 0.133174
3580.35693 0.131171
3580.96997 0.128838
3581.58301 0.126433
3582.19507 0.12399
3582.80811 0.121468
3583.42090 0.118687
3584.03394 0.115769
3584.64697 0.112845
3585.26099 0.109811
3585.87402 0.106602
3586.48804 0.103424
3587.10107 0.100262
3587.71509 0.097116
3588.32910 0.093855
3588.94312 0.090476
3589.55688 0.086997
3590.17090 0.083597
3590.78491 0.080491
3591.39990 0.077357
3592.01392 0.074204
3592.62891 0.070955
3593.24292 0.06779
3593.85791 0.064781
3594.47290 0.06198
3595.08789 0.059236
3595.70288 0.056299
3596.31812 0.053631
3596.93408 0.051262
3597.54907 0.04889
3598.16504 0.046583
3598.78003 0.0445
3599.39600 0.042384
3600.01196 0.040246
3600.62793 0.038387
3601.24390 0.036584
3601.86011 0.034874
3602.47607 0.033138
3603.09302 0.031412
3603.70898 0.029863
3604.32593 0.028445
3604.94189 0.02717
3605.55908 0.025793
3606.17603 0.024447
3606.79297 0.023251
3607.40991 0.022161
3608.02710 0.021137
3608.64502 0.020079
3609.26196 0.0191
3609.87988 0.018252
3610.49707 0.017438
3611.11499 0.016644
3611.73291 0.015901
3612.35107 0.015174
3612.96899 0.014463
3613.58691 0.013794
3614.20508 0.013153
3614.82300 0.012568
3615.44189 0.01203
3616.06104 0.011514
3616.67896 0.010967
3617.29810 0.010451
3617.91699 0.009975
3618.53589 0.009556
3619.15503 0.009142
3619.77393 0.008703
3620.39404 0.008307
3621.01294 0.007943
3621.63306 0.007652
3622.25195 0.007344
3622.87207 0.007001
3623.49194 0.006712
3624.11206 0.006441
3624.73193 0.006163
3625.35205 0.00592
3625.97192 0.005712
3626.59302 0.0055
3627.21289 0.005284
3627.83398 0.005057
3628.45508 0.004849
3629.07495 0.004651
3629.69604 0.004448
3630.31689 0.004269
3630.93799 0.004116
3631.56006 0.003972
3632.18091 0.003825
3632.80200 0.003661
3633.42407 0.003511
3634.04590 0.00337
3634.66699 0.003255
3635.28906 0.003131
3635.91089 0.002997
3636.53296 0.002897
3637.15601 0.002804
3637.77808 0.002704
3638.39990 0.002607
3639.02295 0.002512
3639.64502 0.002425
3640.26807 0.002344
3640.89111 0.002269
3641.51392 0.00217
3642.13696 0.002072
3642.76001 0.00202
3643.38306 0.001961
3644.00708 0.001897
3644.62988 0.001834
3645.25391 0.00177
3645.87695 0.001703
3646.50098 0.001628
3647.12500 0.001555
3647.74902 0.001509
3648.37305 0.001469
3648.99707 0.001434
3649.62207 0.001378
3650.24609 0.001329
3650.87109 0.001297
3651.49512 0.001258
3652.12012 0.001218
3652.74512 0.001183
3653.37012 0.001139
3653.99512 0.001087
3654.62012 0.001059
3655.24512 0.001034
3655.87109 0.00101
3656.49609 0.000975
3657.12207 0.000936
3657.74805 0.000892
3658.37402 0.000862
3658.99902 0.000844
3659.62500 0.000806
3660.25098 0.000776
3660.87793 0.000766
3661.50391 0.000745
3662.13110 0.000721
3662.75708 0.000696
3663.38403 0.000676
3664.01099 0.000661
3664.63696 0.000648
3665.26489 0.000635
3665.89209 0.000622
3666.51904 0.000598
3667.14600 0.000572
3667.77393 0.000549
3668.40088 0.000535
3669.02905 0.000529
3669.65601 0.000516
3670.28394 0.000501
3670.91211 0.000481
3671.54102 0.000467
3672.16895 0.000454
3672.79712 0.000441
3673.42505 0.00043
3674.05396 0.000421
3674.68188 0.000403
4042.15015 0.0
