threeML/data/optical_filters/HST/WFC3_UVIS2-G280.ecsv
# %ECSV 0.9
# ---
# datatype:
# - {name: wavelength, unit: Angstrom, datatype: float32}
# - {name: response, datatype: float32}
# meta: !!omap
# - {band_name: G280}
# - {group_name: WFC3_UVIS2}
wavelength response
[from data line 9653]
9002.11035 0.003919
9003.51367 0.003914
9004.91699 0.003909
9006.32129 0.003904
9007.72559 0.003899
9009.12988 0.003894
9010.53418 0.00389
9011.93945 0.003885
9013.34375 0.003881
9014.74902 0.003877
9016.15430 0.003872
9017.56055 0.003868
9018.96582 0.003863
9020.37207 0.003859
9021.77832 0.003854
9023.18555 0.003849
9024.59180 0.003844
9025.99902 0.003839
9027.40625 0.003834
9028.81348 0.003829
9030.22070 0.003825
9031.62891 0.00382
9033.03711 0.003815
9034.44531 0.003811
9035.85352 0.003806
9037.26270 0.003802
9038.67090 0.003797
9040.08008 0.003792
9041.49023 0.003788
9042.89941 0.003783
9044.30957 0.003779
9045.71973 0.003774
9047.12988 0.00377
9048.54004 0.003765
9049.95117 0.00376
9051.36133 0.003756
9052.77246 0.003751
9054.18457 0.003747
9055.59570 0.003742
9057.00781 0.003737
9058.41992 0.003733
9059.83203 0.003728
9061.24414 0.003724
9062.65723 0.003719
9064.06934 0.003714
9065.48242 0.00371
9066.89648 0.003705
9068.30957 0.003701
9069.72363 0.003696
9071.13770 0.003691
9072.55176 0.003687
9073.96582 0.003682
9075.38086 0.003677
9076.79590 0.003673
9078.21094 0.003668
9079.62598 0.003664
9081.04199 0.003659
9082.45703 0.003655
9083.87305 0.003651
9085.29004 0.003647
9086.70605 0.003643
9088.12305 0.003639
9089.53906 0.003635
9090.95703 0.00363
9092.37402 0.003626
9093.79102 0.003621
9095.20898 0.003616
9096.62695 0.003612
9098.04492 0.003607
9099.46387 0.003602
9100.88281 0.003598
9102.30078 0.003593
9103.72070 0.003588
9105.13965 0.003584
9106.55957 0.003579
9107.97852 0.003575
9109.39844 0.00357
9110.81934 0.003565
9112.23926 0.003561
9113.66016 0.003556
9115.08105 0.003551
9116.50195 0.003547
9117.92285 0.003542
9119.34473 0.003537
9120.76660 0.003533
9122.18848 0.003528
9123.61035 0.003523
9125.03320 0.003519
9126.45605 0.003514
9127.87891 0.003509
9129.30176 0.003505
9130.72461 0.0035
9132.14844 0.003495
9133.57227 0.003491
9134.99609 0.003486
9136.41992 0.003481
9137.84473 0.003477
9139.26953 0.003472
9140.69434 0.003467
9142.11914 0.003463
9143.54395 0.003458
9144.96973 0.003453
9146.39648 0.003449
9147.82129 0.003444
9149.24805 0.003439
9150.67383 0.003434
9152.10059 0.00343
9153.52734 0.003425
9154.95508 0.00342
9156.38184 0.003416
9157.80957 0.003411
9159.23730 0.003406
9160.66504 0.003402
9162.09277 0.003397
9163.52148 0.003392
9164.95020 0.003387
9166.37891 0.003383
9167.80859 0.003378
9169.23730 0.003373
9170.66699 0.003369
9172.09668 0.003364
9173.52637 0.003359
9174.95703 0.003354
9176.38770 0.00335
9177.81738 0.003345
9179.24902 0.00334
9180.67969 0.003336
9182.11133 0.003332
9183.54297 0.003327
9184.97461 0.003323
9186.40625 0.003319
9187.83887 0.003315
9189.27148 0.00331
9190.70312 0.003306
9192.13672 0.003301
9193.56934 0.003296
9195.00293 0.003292
9196.43652 0.003287
9197.87012 0.003282
9199.30371 0.003277
9200.73828 0.003272
9202.17285 0.003267
9203.60742 0.003262
9205.04199 0.003257
9206.47754 0.003252
9207.91211 0.003247
9209.34766 0.003242
9210.78418 0.003237
9212.21973 0.003232
9213.65625 0.003227
9215.09277 0.003222
9216.52930 0.003217
9217.96582 0.003212
9219.40332 0.003207
9220.84082 0.003202
9222.27832 0.003197
9223.71582 0.003191
9225.15332 0.003186
9226.59180 0.003181
9228.03027 0.003176
9229.46875 0.003171
9230.90820 0.003166
9232.34668 0.003161
9233.78613 0.003156
9235.22656 0.003152
9236.66602 0.003147
9238.10547 0.003142
9239.54590 0.003137
9240.98633 0.003132
9242.42773 0.003127
9243.86816 0.003122
9245.30957 0.003117
9246.75098 0.003113
9248.19238 0.003108
9249.63379 0.003103
9251.07617 0.003098
9252.51855 0.003093
9253.96094 0.003088
9255.40332 0.003083
9256.84668 0.003078
9258.29004 0.003073
9259.73340 0.003068
9261.17676 0.003064
9262.62109 0.003059
9264.06445 0.003054
9265.50879 0.003049
9266.95312 0.003044
9268.39844 0.003039
9269.84277 0.003034
9271.28809 0.003029
9272.73340 0.003024
9274.17969 0.003019
9275.62500 0.003014
9277.07129 0.003009
9278.51758 0.003005
9279.96387 0.003
9281.41113 0.002995
9282.85840 0.00299
9284.30566 0.002985
9285.75293 0.00298
9287.20020 0.002975
9288.64844 0.00297
9290.09668 0.002965
9291.54492 0.00296
9292.99316 0.002955
9294.44238 0.00295
9295.89160 0.002945
9297.34082 0.00294
9298.79004 0.002935
9300.23926 0.00293
9301.68945 0.002926
9303.13965 0.002921
9304.58984 0.002917
9306.04102 0.002912
9307.49121 0.002908
9308.94238 0.002903
9310.39355 0.002899
9311.84570 0.002894
9313.29688 0.002889
9314.74902 0.002884
9316.20117 0.002879
9317.65332 0.002874
9319.10645 0.002869
9320.55957 0.002864
9322.01270 0.002859
9323.46582 0.002854
9324.91895 0.002849
9326.37305 0.002844
9327.82715 0.002839
9329.28125 0.002834
9330.73535 0.002829
9332.19043 0.002824
9333.64648 0.002819
9335.10059 0.002814
9336.55566 0.002809
9338.01172 0.002804
9339.46777 0.002799
9340.92383 0.002794
9342.37988 0.002789
9343.83594 0.002784
9345.29297 0.002779
9346.75000 0.002774
9348.20703 0.002769
9349.66406 0.002764
9351.12207 0.002759
9352.58008 0.002754
9354.03809 0.002749
9355.49609 0.002744
9356.95508 0.002739
9358.41406 0.002734
9359.87305 0.002729
9361.33203 0.002724
9362.79102 0.002719
9364.25098 0.002714
9365.71094 0.002708
9367.17090 0.002703
9368.63184 0.002698
9370.09180 0.002693
9371.55273 0.002688
9373.01367 0.002683
9374.47559 0.002678
9375.93652 0.002673
9377.39844 0.002668
9378.86035 0.002663
9380.32227 0.002658
9381.78516 0.002653
9383.24805 0.002648
9384.71094 0.002643
9386.17383 0.002638
9387.63672 0.002633
9389.10059 0.002628
9390.56445 0.002623
9392.02832 0.002617
9393.49219 0.002612
9394.95703 0.002607
9396.42188 0.002602
9397.88672 0.002597
9399.35156 0.002592
9400.81738 0.002587
9402.28320 0.002581
9403.74902 0.002576
9405.21484 0.00257
9406.68066 0.002565
9408.14746 0.002559
9409.61426 0.002554
9411.08105 0.002548
9412.54883 0.002543
9414.01562 0.002537
9415.48340 0.002532
9416.95117 0.002527
9418.41992 0.002521
9419.88770 0.002516
9421.35645 0.00251
9422.82520 0.002505
9424.29492 0.002499
9425.76367 0.002494
9427.23340 0.002488
9428.70312 0.002483
9430.17285 0.002477
9431.64355 0.002472
9433.11328 0.002467
9434.58398 0.002461
9436.05469 0.002456
9437.52637 0.002451
9438.99707 0.002446
9440.46875 0.00244
9441.94043 0.002435
9443.41309 0.00243
9444.88477 0.002425
9446.35742 0.002419
9447.83008 0.002414
9449.30371 0.002409
9450.77637 0.002404
9452.25000 0.002398
9453.72363 0.002393
9455.19727 0.002388
9456.67188 0.002383
9458.14648 0.002377
9459.62012 0.002372
9461.09473 0.002367
9462.57031 0.002361
9464.04492 0.002356
9465.52148 0.002351
9466.99609 0.002346
9468.47266 0.00234
9469.94824 0.002335
9471.42480 0.00233
9472.90137 0.002325
9474.37891 0.002319
9475.85547 0.002314
9477.33301 0.002309
9478.81055 0.002303
9480.28809 0.002298
9481.76660 0.002293
9483.24414 0.002288
9484.72266 0.002282
9486.20117 0.002277
9487.68066 0.002272
9489.16016 0.002266
9490.63867 0.002261
9492.11914 0.002256
9493.59863 0.00225
9495.07910 0.002245
9496.55859 0.00224
9498.03906 0.002235
9499.52148 0.002229
10449.47363 0.0
