threeML/data/optical_filters/HST/WFC3_IR-F140W.ecsv
# %ECSV 0.9
# ---
# datatype:
# - {name: wavelength, unit: Angstrom, datatype: float32}
# - {name: response, datatype: float32}
# meta: !!omap
# - {band_name: F140W}
# - {group_name: WFC3_IR}
wavelength response
[from data line 3830]
16048.95996 0.027862
16050.25977 0.027159
16051.55957 0.026458
16052.86035 0.025757
16054.16016 0.025056
16055.46973 0.024355
16056.76953 0.023655
16058.07031 0.022954
16059.37012 0.022253
16060.67969 0.021551
16061.98047 0.020847
16063.28027 0.020144
16064.58984 0.019483
16065.88965 0.019054
16067.19043 0.018626
16068.50000 0.018197
16069.79980 0.017769
16071.09961 0.017341
16072.41016 0.016912
16073.70996 0.016484
16075.00977 0.016056
16076.32031 0.015629
16077.62012 0.0152
16078.92969 0.014773
16080.23047 0.014345
16081.54004 0.013917
16082.83984 0.01349
16084.15039 0.013062
16085.45020 0.012754
16086.75000 0.012475
16088.05957 0.012195
16089.37012 0.011916
16090.66992 0.011636
16091.98047 0.011357
16093.28027 0.011077
16094.58984 0.010798
16095.88965 0.010519
16097.20020 0.01024
16098.50000 0.00996
16099.80957 0.009681
16101.12012 0.009402
16102.41992 0.009123
16103.73047 0.008844
16105.03027 0.008615
16106.33984 0.008438
16107.65039 0.008261
16108.95020 0.008084
16110.25977 0.007907
16111.57031 0.00773
16112.87012 0.007553
16114.17969 0.007377
16115.49023 0.0072
16116.79980 0.007023
16118.09961 0.006846
16119.41016 0.00667
16120.71973 0.006493
16122.03027 0.006316
16123.33008 0.00614
16124.63965 0.005973
16125.95020 0.00585
16127.25977 0.005727
16128.57031 0.005603
16129.87988 0.00548
16131.17969 0.005357
16132.49023 0.005234
16133.79980 0.005111
16135.11035 0.004988
16136.41992 0.004865
16137.73047 0.004742
16139.04004 0.004619
16140.34961 0.004496
16141.66016 0.004374
16142.96973 0.004251
16144.28027 0.004128
16145.58008 0.004042
16146.88965 0.00396
16148.20020 0.003878
16149.50977 0.003796
16150.82031 0.003715
16152.12988 0.003634
16153.44043 0.003552
16154.75000 0.003471
16156.07031 0.00339
16157.37988 0.003308
16158.69043 0.003227
16160.00000 0.003146
16161.30957 0.003064
16162.62012 0.002982
16163.92969 0.0029
16165.24023 0.002838
16166.54980 0.002788
16167.87012 0.002737
16169.17969 0.002686
16170.49023 0.002635
16171.79980 0.002585
16173.11035 0.002534
16174.41992 0.002483
16175.74023 0.002432
16177.04980 0.002382
16178.36035 0.002331
16179.66992 0.00228
16180.99023 0.00223
16182.29980 0.002179
16183.61035 0.002128
16184.91992 0.002083
16186.24023 0.002046
16187.54980 0.002009
16188.86035 0.001971
16190.17969 0.001934
16191.49023 0.001897
16192.79980 0.00186
16194.12012 0.001823
16195.42969 0.001786
16196.74023 0.001748
16198.05957 0.001711
16199.37012 0.001674
16200.69043 0.001637
16202.00000 0.0016
16203.32031 0.001563
16204.62988 0.001527
16205.94043 0.001502
16207.25977 0.001477
16208.57031 0.001452
16209.88965 0.001427
16211.20020 0.001402
16212.51953 0.001377
16213.83008 0.001352
16215.15039 0.001327
16216.45996 0.001302
16217.78027 0.001277
16219.09961 0.001252
16220.41016 0.001227
16221.73047 0.001202
16223.04004 0.001177
16224.36035 0.001152
16225.67969 0.00113
16226.99023 0.001109
16228.30957 0.001087
16229.62012 0.001066
16230.94043 0.001044
16232.25977 0.001022
16233.57031 0.001001
16234.88965 0.000979
16236.20996 0.000958
16237.53027 0.000936
16238.83984 0.000914
16240.16016 0.000893
16241.48047 0.000871
16242.79004 0.00085
16244.11035 0.000828
16245.42969 0.000815
16246.75000 0.000805
16248.07031 0.000795
16249.37988 0.000785
16250.70020 0.000775
16252.01953 0.000764
16253.33984 0.000754
16254.66016 0.000744
16255.98047 0.000734
16257.29004 0.000724
16258.61035 0.000714
16259.92969 0.000704
16261.25000 0.000693
16262.57031 0.000683
16263.88965 0.000673
16265.20996 0.000662
16266.53027 0.00065
16267.84961 0.000638
16269.16992 0.000625
16270.49023 0.000613
16271.80957 0.000601
16273.12988 0.000589
16274.45020 0.000577
16275.76953 0.000565
16277.08984 0.000553
16278.41016 0.000541
16279.73047 0.000529
16281.04980 0.000517
16282.37012 0.000504
16283.69043 0.000492
16285.00977 0.000485
16286.33008 0.000482
16287.66016 0.00048
16288.98047 0.000478
16290.29980 0.000476
16291.62012 0.000474
16292.94043 0.000472
16294.25977 0.00047
16295.58008 0.000468
16296.91016 0.000466
16298.23047 0.000464
16299.54980 0.000462
16300.87012 0.00046
16302.20020 0.000458
16303.51953 0.000456
16304.83984 0.000451
16306.16016 0.000441
16307.49023 0.000431
16308.80957 0.000421
16310.12988 0.000411
16311.45996 0.000401
17942.60547 0.0
