threeML/data/optical_filters/HST/WFC3_UVIS1-F665N.ecsv
# %ECSV 0.9
# ---
# datatype:
# - {name: wavelength, unit: Angstrom, datatype: float32}
# - {name: response, datatype: float32}
# meta: !!omap
# - {band_name: F665N}
# - {group_name: WFC3_UVIS1}
wavelength response
5880.36621 0.0
6533.74023 0.000434
6534.85791 0.000481
6535.97607 0.000536
6537.09424 0.000591
6538.21289 0.000645
6539.33203 0.000714
6540.45020 0.000793
6541.56885 0.000877
6542.68799 0.000962
6543.80811 0.00107
6544.92822 0.001175
6546.04688 0.001301
6547.16699 0.001458
6548.28809 0.001635
6549.40820 0.001831
6550.52881 0.002045
6551.64893 0.002288
6552.77100 0.002554
6553.89209 0.002863
6555.01318 0.003202
6556.13379 0.003571
6557.25586 0.00399
6558.37793 0.004463
6559.50000 0.005022
6560.62305 0.00568
6561.74512 0.006431
6562.86816 0.007274
6563.99023 0.008236
6565.11279 0.009335
6566.23682 0.010569
6567.35986 0.011967
6568.48389 0.013495
6569.60693 0.015223
6570.73096 0.017123
6571.85596 0.019426
6572.97998 0.022031
6574.10498 0.025111
6575.22900 0.02869
6576.35400 0.03265
6577.47998 0.036934
6578.60498 0.041716
6579.73096 0.047092
6580.85596 0.053124
6581.98193 0.059518
6583.10889 0.066278
6584.23486 0.073493
6585.36084 0.081883
6586.48779 0.090854
6587.61523 0.100465
6588.74219 0.110776
6589.87012 0.121388
6590.99707 0.131706
6592.12500 0.141942
6593.25195 0.152215
6594.38086 0.162521
6595.50879 0.172069
6596.63721 0.180824
6597.76611 0.189165
6598.89502 0.196978
6600.02393 0.205168
6601.15283 0.212278
6602.28320 0.218549
6603.41211 0.224247
6604.54199 0.229233
6605.67188 0.233227
6606.80176 0.236925
6607.93311 0.239996
6609.06299 0.242825
6610.19385 0.244879
6611.32520 0.246556
6612.45605 0.248295
6613.58691 0.249575
6614.71924 0.250495
6615.85107 0.251383
6616.98193 0.252142
6618.11523 0.252534
6619.24707 0.252649
6620.37891 0.252676
6621.51221 0.252855
6622.64502 0.252563
6623.77783 0.252638
6624.91211 0.252299
6626.04492 0.252047
6627.17920 0.251783
6628.31299 0.251346
6629.44678 0.250926
6630.58105 0.250635
6631.71484 0.250099
6632.85010 0.249511
6633.98486 0.24899
6635.12012 0.248806
6636.25488 0.248001
6637.39111 0.247414
6638.52588 0.246899
6639.66211 0.246408
6640.79785 0.24595
6641.93408 0.245583
6643.07080 0.245029
6644.20703 0.244819
6645.34424 0.244357
6646.48096 0.244003
6647.61816 0.244141
6648.75488 0.243621
6649.89307 0.243156
6651.03076 0.243482
6652.16895 0.243357
6653.30713 0.243316
6654.44482 0.243261
6655.58398 0.243072
6656.72314 0.24317
6657.86084 0.243595
6659.00000 0.243814
6660.14014 0.243826
6661.27881 0.244023
6662.41895 0.24436
6663.55908 0.244714
6664.69922 0.244871
6665.83887 0.244941
6666.97998 0.244925
6668.12109 0.245457
6669.26221 0.245463
6670.40283 0.245591
6671.54395 0.245632
6672.68604 0.245524
6673.82715 0.245857
6674.96924 0.245759
6676.11084 0.245328
6677.25293 0.245154
6678.39600 0.244697
6679.53809 0.244327
6680.68115 0.243772
6681.82422 0.243295
6682.96680 0.242925
6684.11084 0.242081
6685.25391 0.241306
6686.39795 0.240508
6687.54199 0.239888
6688.68701 0.239118
6689.83105 0.238375
6690.97607 0.237632
6692.12012 0.237126
6693.26514 0.236689
6694.41016 0.236109
6695.55615 0.235672
6696.70117 0.235427
6697.84717 0.235419
6698.99316 0.235665
6700.13916 0.235883
6701.28613 0.236154
6702.43213 0.236456
6703.57910 0.236964
6704.72607 0.237311
6705.87305 0.237517
6707.02100 0.237406
6708.16797 0.236739
6709.31494 0.235434
6710.46289 0.233488
6711.61182 0.230295
6712.75977 0.225943
6713.90918 0.219863
6715.05713 0.212353
6716.20605 0.202706
6717.35498 0.192607
6718.50391 0.180962
6719.65381 0.167637
6720.80420 0.152138
6721.95410 0.136567
6723.10400 0.12212
6724.25391 0.107769
6725.40381 0.09428
6726.55518 0.08231
6727.70605 0.071261
6728.85693 0.061966
6730.00781 0.0536
6731.16016 0.046588
6732.31201 0.04022
6733.46289 0.034512
6734.61523 0.029459
6735.76807 0.025115
6736.91992 0.021601
6738.07324 0.018593
6739.22607 0.016063
6740.37793 0.013928
6741.53223 0.012112
6742.68604 0.010558
6743.83887 0.009259
6744.99316 0.008112
6746.14697 0.007162
6747.30078 0.006236
6748.45605 0.005455
6749.60986 0.004776
6750.76514 0.004202
6751.91992 0.00372
6753.07520 0.003299
6754.22998 0.002941
6755.38623 0.002619
6756.54199 0.002342
6757.69824 0.002104
6758.85400 0.001878
6760.01123 0.001682
6761.16699 0.001518
6762.32422 0.001358
6763.48096 0.001215
6764.63818 0.001092
6765.79492 0.000998
6766.95312 0.000895
6768.11084 0.000807
6769.26904 0.000738
6770.42676 0.000675
6771.58496 0.000618
6772.74414 0.000562
6773.90283 0.000515
6775.06201 0.000465
6776.22119 0.000424
7453.84326 0.0
