threeML/data/optical_filters/HST/WFC3_UVIS1-F689M.ecsv
# %ECSV 0.9
# ---
# datatype:
# - {name: wavelength, unit: Angstrom, datatype: float32}
# - {name: response, datatype: float32}
# meta: !!omap
# - {band_name: F689M}
# - {group_name: WFC3_UVIS1}
wavelength response
5772.71436 0.0
6414.12695 0.000404
6415.22510 0.000426
6416.32178 0.000449
6417.41992 0.000471
6418.51807 0.000494
6419.61621 0.000516
6420.71387 0.000539
6421.81299 0.000562
6422.91211 0.000601
6424.01123 0.00064
6425.10986 0.000678
6426.20898 0.000717
6427.30908 0.000756
6428.40820 0.000794
6429.50781 0.000833
6430.60791 0.000872
6431.70801 0.000911
6432.80908 0.000979
6433.91016 0.00105
6435.00977 0.001121
6436.11084 0.001192
6437.21191 0.001263
6438.31396 0.001334
6439.41602 0.001405
6440.51709 0.001475
6441.61914 0.001546
6442.72119 0.001663
6443.82422 0.001787
6444.92578 0.001911
6446.02881 0.002035
6447.13184 0.002159
6448.23486 0.002283
6449.33789 0.002407
6450.44092 0.002531
6451.54492 0.002655
6452.64893 0.002837
6453.75293 0.003035
6454.85693 0.003233
6455.96094 0.003431
6457.06592 0.003629
6458.17090 0.003827
6459.27588 0.004025
6460.38086 0.004223
6461.48584 0.004422
6462.59180 0.00471
6463.69678 0.005031
6464.80322 0.005352
6465.91016 0.005673
6467.01611 0.005995
6468.12207 0.006316
6469.22900 0.006638
6470.33594 0.006959
6471.44287 0.007281
6472.54980 0.00776
6473.65723 0.008311
6474.76514 0.008862
6475.87305 0.009413
6476.98096 0.009964
6478.08887 0.010515
6479.19678 0.011066
6480.30615 0.011618
6481.41504 0.012169
6482.52295 0.013033
6483.63281 0.014058
6484.74219 0.015082
6485.85205 0.016107
6486.96094 0.017132
6488.07080 0.018157
6489.18115 0.019182
6490.29199 0.020208
6491.40186 0.021231
6492.51318 0.022777
6493.62402 0.024606
6494.73389 0.026435
6495.84619 0.028264
6496.95703 0.030093
6498.06885 0.031923
6499.18018 0.033751
6500.29199 0.03558
6501.40479 0.037406
6502.51709 0.039867
6503.62891 0.042672
6504.74219 0.045477
6505.85498 0.048281
6506.96777 0.051085
6508.08203 0.053888
6509.19482 0.05669
6510.30908 0.059493
6511.42188 0.062294
6512.53711 0.065702
6513.65088 0.069417
6514.76514 0.073131
6515.87988 0.076846
6516.99512 0.080559
6518.10986 0.084273
6519.22510 0.087985
6520.33984 0.091693
6521.45605 0.095395
6522.57178 0.099413
6523.68799 0.103572
6524.80420 0.107729
6525.91992 0.111884
6527.03711 0.116038
6528.15381 0.12019
6529.27100 0.12434
6530.38818 0.128493
6531.50488 0.132653
6532.62305 0.136857
6533.74023 0.141075
6534.85791 0.145291
6535.97607 0.149508
6537.09424 0.153724
6538.21289 0.15794
6539.33203 0.162154
6540.45020 0.166366
6541.56885 0.170579
6542.68799 0.174384
6543.80811 0.178079
6544.92822 0.181773
6546.04688 0.185465
6547.16699 0.189158
6548.28809 0.19285
6549.40820 0.196541
6550.52881 0.200231
6551.64893 0.20392
6552.77100 0.206528
6553.89209 0.208954
6555.01318 0.211379
6556.13379 0.213805
6557.25586 0.216229
6558.37793 0.218654
6559.50000 0.221078
6560.62305 0.22349
6561.74512 0.225889
6562.86816 0.227035
6563.99023 0.228099
6565.11279 0.229162
6566.23682 0.230226
6567.35986 0.231289
6568.48389 0.232351
6569.60693 0.233413
6570.73096 0.234489
6571.85596 0.235551
6572.97998 0.236014
6574.10498 0.236477
6575.22900 0.23694
6576.35400 0.237403
6577.47998 0.237866
6578.60498 0.238329
6579.73096 0.238792
6580.85596 0.239254
6581.98193 0.239692
6583.10889 0.239993
6584.23486 0.240293
6585.36084 0.240593
6586.48779 0.240894
6587.61523 0.241194
6588.74219 0.241494
6589.87012 0.241794
6590.99707 0.242073
6592.12500 0.242307
6593.25195 0.242427
6594.38086 0.242548
6595.50879 0.242668
6596.63721 0.242788
6597.76611 0.242908
6598.89502 0.243028
6600.02393 0.243149
6601.15283 0.243292
6602.28320 0.243389
6603.41211 0.243417
6604.54199 0.243445
6605.67188 0.243473
6606.80176 0.243501
6607.93311 0.243529
6609.06299 0.243557
6610.19385 0.243585
6611.32520 0.243613
6612.45605 0.243621
6613.58691 0.243614
6614.71924 0.243606
6615.85107 0.243598
6616.98193 0.24359
6618.11523 0.243583
6619.24707 0.243575
6620.37891 0.243567
6621.51221 0.243559
6622.64502 0.243604
6623.77783 0.243668
6624.91211 0.243732
6626.04492 0.243796
6627.17920 0.243861
6628.31299 0.243925
6629.44678 0.243989
6630.58105 0.244035
6631.71484 0.244065
6632.85010 0.244195
6633.98486 0.244336
6635.12012 0.244477
6636.25488 0.244618
6637.39111 0.244759
6638.52588 0.2449
6639.66211 0.245041
6640.79785 0.245198
6641.93408 0.245361
6643.07080 0.245506
6644.20703 0.24565
6645.34424 0.245795
6646.48096 0.24594
6647.61816 0.246085
6648.75488 0.246229
6649.89307 0.246374
6651.03076 0.246518
6652.16895 0.246638
6653.30713 0.246697
6654.44482 0.246757
6655.58398 0.246817
6656.72314 0.246877
6657.86084 0.246936
6659.00000 0.246996
6660.14014 0.247053
6661.27881 0.247088
6662.41895 0.247074
6663.55908 0.247015
6664.69922 0.246955
6665.83887 0.246895
6666.97998 0.246835
6668.12109 0.246775
6669.26221 0.246716
6670.40283 0.246664
6671.54395 0.246628
6672.68604 0.246603
6673.82715 0.24658
6674.96924 0.246558
6676.11084 0.246535
6677.25293 0.246513
6678.39600 0.246491
6679.53809 0.246468
6680.68115 0.246446
6681.82422 0.246423
6682.96680 0.246532
6684.11084 0.246644
6685.25391 0.246755
6686.39795 0.246867
6687.54199 0.246978
6688.68701 0.24709
6689.83105 0.247201
6690.97607 0.247292
6692.12012 0.247391
6693.26514 0.247533
6694.41016 0.247674
6695.55615 0.247815
6696.70117 0.247956
6697.84717 0.248097
6698.99316 0.248238
6700.13916 0.248382
6701.28613 0.248547
6702.43213 0.248683
6703.57910 0.24879
6704.72607 0.248898
6705.87305 0.249005
6707.02100 0.249112
6708.16797 0.24922
6709.31494 0.249327
6710.46289 0.249434
6711.61182 0.249541
6712.75977 0.249534
6713.90918 0.249496
6715.05713 0.249457
6716.20605 0.249419
6717.35498 0.249381
6718.50391 0.249343
6719.65381 0.249305
6720.80420 0.249249
6721.95410 0.249173
6723.10400 0.248957
6724.25391 0.248741
6725.40381 0.248525
6726.55518 0.248308
6727.70605 0.248092
6728.85693 0.247876
6730.00781 0.247661
6731.16016 0.247469
6732.31201 0.247277
6733.46289 0.247081
6734.61523 0.246886
6735.76807 0.246691
6736.91992 0.246496
6738.07324 0.246301
6739.22607 0.246106
6740.37793 0.245911
6741.53223 0.245716
6742.68604 0.245545
6743.83887 0.245382
6744.99316 0.24522
6746.14697 0.245058
6747.30078 0.244896
6748.45605 0.244734
6749.60986 0.244572
6750.76514 0.244394
6751.91992 0.244209
6753.07520 0.244058
6754.22998 0.243908
6755.38623 0.243757
6756.54199 0.243607
6757.69824 0.243457
6758.85400 0.243306
6760.01123 0.243156
6761.16699 0.24303
6762.32422 0.242901
6763.48096 0.242768
6764.63818 0.242635
6765.79492 0.242502
6766.95312 0.242369
6768.11084 0.242236
6769.26904 0.242102
6770.42676 0.241969
6771.58496 0.241836
6772.74414 0.241668
6773.90283 0.241488
6775.06201 0.241308
6776.22119 0.241128
6777.37988 0.240948
6778.54004 0.240768
6779.70020 0.240588
6780.85986 0.24039
6782.02002 0.240182
6783.18018 0.239941
6784.34082 0.2397
6785.50098 0.239459
6786.66309 0.239218
6787.82422 0.238977
6788.98486 0.238737
6790.14600 0.238499
6791.30908 0.238283
6792.47021 0.238084
6793.63184 0.237902
6794.79492 0.237721
6795.95801 0.237539
6797.12012 0.237358
6798.28320 0.237176
6799.44580 0.236995
6800.60889 0.236814
6801.77295 0.236632
6802.93701 0.236487
6804.10107 0.236345
6805.26514 0.236204
6806.42920 0.236062
6807.59424 0.235921
6808.75879 0.235779
6809.92285 0.235637
6811.08887 0.235474
6812.25391 0.235327
6813.41895 0.235221
6814.58496 0.235115
6815.75098 0.235009
6816.91699 0.234903
6818.08301 0.234797
6819.25000 0.234691
6820.41699 0.234593
6821.58398 0.234511
6822.75098 0.234478
6823.91797 0.234463
6825.08594 0.234448
6826.25391 0.234432
6827.42090 0.234417
6828.58984 0.234402
6829.75781 0.234386
6830.92676 0.234376
6832.09521 0.234374
6833.26416 0.234403
6834.43408 0.234433
6835.60303 0.234462
6836.77197 0.234492
6837.94189 0.234521
6839.11182 0.234551
6840.28223 0.234574
6841.45312 0.23458
6842.62305 0.234609
6843.79395 0.234652
6844.96484 0.234695
6846.13623 0.234737
6847.30713 0.23478
6848.47900 0.234822
6849.64990 0.234865
6850.82178 0.234924
6851.99512 0.234993
6853.16699 0.235091
6854.33887 0.235189
6855.51221 0.235286
6856.68506 0.235384
6857.85791 0.235481
6859.03223 0.235579
6860.20508 0.235672
6861.37891 0.235745
6862.55322 0.235842
6863.72705 0.235957
6864.90088 0.236071
6866.07617 0.236186
6867.25000 0.2363
6868.42480 0.236414
6869.60107 0.236529
6870.77588 0.236658
6871.95215 0.236798
6873.12695 0.236971
6874.30322 0.237144
6875.47900 0.237317
6876.65576 0.23749
6877.83301 0.237663
6879.00879 0.237835
6880.18604 0.238008
6881.36279 0.23818
6882.54102 0.238353
6883.71777 0.238525
6884.89600 0.238697
6886.07422 0.238869
6887.25195 0.239041
6888.43018 0.239213
6889.60889 0.239385
6890.78809 0.239541
6891.96680 0.239688
6893.14600 0.239838
6894.32520 0.239986
6895.50488 0.240136
6896.68506 0.240284
6897.86523 0.240433
6899.04492 0.240582
6900.22510 0.240735
6901.40576 0.240908
6902.58594 0.241063
6903.76807 0.241205
6904.94922 0.241347
6906.12988 0.241489
6907.31201 0.241631
6908.49414 0.241773
6909.67578 0.241915
6910.85791 0.242057
6912.04004 0.242197
6913.22314 0.242329
6914.40576 0.242461
6915.58887 0.242593
6916.77197 0.242725
6917.95508 0.242857
6919.13916 0.242989
6920.32324 0.243114
6921.50684 0.243221
6922.69092 0.243296
6923.87500 0.243356
6925.06006 0.243415
6926.24512 0.243475
6927.43018 0.243534
6928.61523 0.243593
6929.80078 0.243652
6930.98584 0.243732
6932.17188 0.243808
6933.35791 0.243851
6934.54395 0.243894
6935.73096 0.243936
6936.91699 0.243979
6938.10400 0.244022
6939.29199 0.244065
6940.47900 0.244098
6941.66699 0.244115
6942.85400 0.24408
6944.04199 0.244031
6945.22998 0.243982
6946.41797 0.243933
6947.60693 0.243884
6948.79492 0.243835
6949.98389 0.243786
6951.17285 0.243761
6952.36279 0.243715
6953.55176 0.24363
6954.74219 0.243545
6955.93213 0.243461
6957.12207 0.243376
6958.31299 0.243292
6959.50293 0.243207
6960.69385 0.243122
6961.88477 0.243038
6963.07617 0.242954
6964.26709 0.242871
6965.45801 0.242787
6966.64990 0.242704
6967.84180 0.24262
6969.03516 0.242537
6970.22705 0.242448
6971.41895 0.24234
6972.61182 0.242208
6973.80518 0.242059
6974.99902 0.241911
6976.19189 0.241762
6977.38477 0.241613
6978.57910 0.241465
6979.77295 0.241316
6980.96680 0.241188
6982.16211 0.241068
6983.35596 0.240962
6984.55078 0.240856
6985.74609 0.240749
6986.94092 0.240643
6988.13721 0.240537
6989.33301 0.240431
6990.52783 0.240325
6991.72412 0.240219
6992.91992 0.240076
6994.11719 0.239925
6995.31299 0.239774
6996.50977 0.239624
6997.70801 0.239473
6998.90479 0.239322
7000.10303 0.239167
7001.29980 0.23896
7002.49805 0.238749
7003.69580 0.238532
7004.89404 0.238315
7006.09277 0.238099
7007.29199 0.237882
7008.49023 0.237666
7009.68896 0.23745
7010.88916 0.237252
7012.08789 0.237062
7013.28809 0.236877
7014.48779 0.236694
7015.68799 0.23651
7016.88916 0.236325
7018.08887 0.236142
7019.29004 0.235958
7020.49121 0.235764
7021.69189 0.235556
7022.89307 0.235385
7024.09521 0.235223
7025.29688 0.235061
7026.49902 0.234899
7027.70117 0.234737
7028.90283 0.234575
7030.10596 0.234415
7031.30908 0.234268
7032.51221 0.234143
7033.71484 0.234043
7034.91797 0.233944
7036.12207 0.233844
7037.32617 0.233744
7038.52979 0.233644
7039.73389 0.233544
7040.93799 0.233444
7042.14307 0.233349
7043.34814 0.233278
7044.55322 0.233208
7045.75781 0.233137
7046.96387 0.233066
7048.16895 0.232995
7049.37500 0.232924
7050.58203 0.232841
7051.78809 0.232745
7052.99512 0.232692
7054.20117 0.232645
7055.40820 0.232598
7056.61523 0.232551
7057.82324 0.232503
7059.02979 0.232456
7060.23779 0.232414
7061.44580 0.232391
7062.65381 0.232385
7063.86182 0.232392
7065.07080 0.232398
7066.27979 0.232405
7067.48877 0.232411
7068.69824 0.232418
7069.90820 0.232424
7071.11719 0.232408
7072.32715 0.232394
7073.53711 0.23239
7074.74707 0.232385
7075.95801 0.232381
7077.16797 0.232376
7078.37891 0.232371
7079.58984 0.232367
7080.80176 0.232378
7082.01318 0.232398
7083.22510 0.232432
7084.43701 0.232464
7085.64893 0.232497
7086.86084 0.23253
7088.07422 0.232563
7089.28613 0.232596
7090.50000 0.232618
7091.71191 0.232626
7092.92578 0.232605
7094.13916 0.232576
7095.35303 0.232546
7096.56689 0.232517
7097.78076 0.232488
7098.99609 0.232459
7100.20996 0.232433
7101.42480 0.232429
7102.64014 0.232464
7103.85498 0.232531
7105.07080 0.232598
7106.28613 0.232664
7107.50195 0.232731
7108.71777 0.232797
7109.93506 0.232864
7111.15088 0.23293
7112.36816 0.232964
7113.58398 0.232935
7114.80176 0.232905
7116.01904 0.232875
7117.23584 0.232846
7118.45410 0.232816
7119.67188 0.232786
7120.89014 0.232738
7122.10791 0.23268
7123.32715 0.232592
7124.54590 0.232505
7125.76514 0.232418
7126.98389 0.232331
7128.20410 0.232243
7129.42285 0.232156
7130.64307 0.232082
7131.86279 0.232019
7133.08301 0.231915
7134.30420 0.231806
7135.52393 0.231698
7136.74512 0.23159
7137.96582 0.231482
7139.18799 0.231374
7140.40918 0.231257
7141.62988 0.231124
7142.85303 0.230949
7144.07520 0.230757
7145.29688 0.230565
7146.52002 0.230373
7147.74219 0.230182
7148.96484 0.22999
7150.18799 0.229802
7151.41211 0.229636
7152.63477 0.229432
7153.85889 0.229196
7155.08301 0.228961
7156.30713 0.228725
7157.53076 0.22849
7158.75586 0.228255
7159.98096 0.22802
7161.20605 0.227761
7162.43115 0.227439
7163.65723 0.227013
7164.88184 0.226587
7166.10791 0.226161
7167.33398 0.225735
7168.56104 0.22531
7169.78711 0.224885
7171.01416 0.224481
7172.24121 0.224044
7173.46777 0.223475
7174.69482 0.222907
7175.92285 0.222338
7177.14990 0.221771
7178.37793 0.221203
7179.60596 0.220636
7180.83496 0.22007
7182.06299 0.219494
7183.29199 0.218791
7184.52100 0.218089
7185.75000 0.217388
7186.97998 0.216687
7188.20996 0.215986
7189.43896 0.215286
7190.66992 0.214573
7191.89990 0.213851
7193.12988 0.212967
7194.36084 0.212071
7195.59180 0.211177
7196.82324 0.210283
7198.05518 0.20939
7199.28613 0.208498
7200.51807 0.207615
7201.75000 0.206747
7202.98193 0.205484
7204.21387 0.204128
7205.44678 0.202774
7206.68018 0.20142
7207.91309 0.200067
7209.14600 0.198715
7210.37891 0.197358
7211.61279 0.195986
7212.84717 0.193745
7214.08105 0.191128
7215.31494 0.188513
7216.54980 0.1859
7217.78516 0.183289
7219.02002 0.180681
7220.25488 0.178078
7221.49023 0.175493
7222.72607 0.17207
7223.96094 0.168077
7225.19678 0.164087
7226.43408 0.160099
7227.66992 0.156115
7228.90723 0.152132
7230.14404 0.14815
7231.37988 0.144152
7232.61816 0.139917
7233.85498 0.135452
7235.09277 0.130991
7236.33105 0.126535
7237.56885 0.122082
7238.80713 0.117635
7240.04492 0.113193
7241.28418 0.108766
7242.52295 0.104565
7243.76221 0.100671
7245.00195 0.096777
7246.24121 0.092889
7247.48096 0.089003
7248.72119 0.085119
7249.96094 0.081238
7251.20215 0.077353
7252.44189 0.073756
7253.68311 0.070672
7254.92383 0.06759
7256.16602 0.064512
7257.40723 0.061436
7258.64893 0.058364
7259.89111 0.055295
7261.13281 0.052234
7262.37500 0.049394
7263.61816 0.047064
7264.85986 0.044735
7266.10400 0.042407
7267.34717 0.040081
7268.58984 0.037757
7269.83398 0.035435
7271.07812 0.033115
7272.32178 0.030989
7273.56592 0.029427
7274.81104 0.027866
7276.05518 0.026306
7277.29980 0.024748
7278.54492 0.023191
7279.79102 0.021634
7281.03613 0.020078
7282.28223 0.018656
7283.52783 0.017704
7284.77393 0.016753
7286.02002 0.015804
7287.26709 0.014855
7288.51416 0.013907
7289.76123 0.01296
7291.00781 0.012015
7292.25488 0.011148
7293.50293 0.010591
7294.75098 0.010035
7295.99902 0.009479
7297.24707 0.008924
7298.49609 0.008369
7299.74512 0.007814
7300.99414 0.00726
7302.24316 0.006749
7303.49219 0.006427
7304.74219 0.006106
7305.99121 0.005786
7307.24121 0.005465
7308.49219 0.005145
7309.74219 0.004826
7310.99316 0.004507
7312.24414 0.004211
7313.49512 0.004021
7314.74609 0.00383
7315.99805 0.003639
7317.24902 0.003449
7318.50098 0.003259
7319.75293 0.003069
7321.00586 0.002878
7322.25781 0.002703
7323.51123 0.002586
7324.76416 0.00247
7326.01709 0.002355
7327.27100 0.002239
7328.52393 0.002123
7329.77783 0.002007
7331.03223 0.001892
7332.28711 0.001786
7333.54102 0.001712
7334.79590 0.001638
7336.05078 0.001564
7337.30615 0.00149
7338.56201 0.001416
7339.81689 0.001342
7341.07324 0.001269
7342.32910 0.0012
7343.58496 0.001149
7344.84082 0.001098
7346.09814 0.001047
7347.35498 0.000996
7348.61182 0.000945
7349.86914 0.000894
7351.12695 0.000844
7352.38477 0.000798
7353.64307 0.000764
7354.90088 0.000731
7356.15918 0.000697
7357.41797 0.000664
7358.67676 0.00063
7359.93604 0.000597
7361.19482 0.000563
7362.45410 0.000534
7363.71387 0.000512
7364.97412 0.000491
7366.23389 0.000469
7367.49414 0.000447
7368.75488 0.000426
7370.01611 0.000405
8107.01758 0.0
