threeML/data/optical_filters/HST/WFC3_UVIS1-F280N.ecsv
# %ECSV 0.9
# ---
# datatype:
# - {name: wavelength, unit: Angstrom, datatype: float32}
# - {name: response, datatype: float32}
# meta: !!omap
# - {band_name: F280N}
# - {group_name: WFC3_UVIS1}
wavelength response
2484.01343 0.0
2760.01489 0.000454
2760.48706 0.000482
2760.95898 0.000505
2761.43188 0.000598
2761.90405 0.000655
2762.37695 0.00078
2762.84912 0.000961
2763.32202 0.001051
2763.79492 0.001183
2764.26807 0.001401
2764.74097 0.001631
2765.21411 0.00189
2765.68701 0.002242
2766.15991 0.002667
2766.63306 0.003079
2767.10693 0.003638
2767.58008 0.004365
2768.05298 0.005055
2768.52710 0.005952
2769.00098 0.007186
2769.47412 0.00851
2769.94800 0.010061
2770.42212 0.012069
2770.89600 0.014304
2771.37012 0.016659
2771.84399 0.01915
2772.31909 0.021862
2772.79297 0.024755
2773.26709 0.027693
2773.74194 0.030364
2774.21606 0.032715
2774.69092 0.034896
2775.16602 0.036731
2775.63989 0.038167
2776.11499 0.039273
2776.59009 0.040195
2777.06494 0.040498
2777.54102 0.041072
2778.01611 0.041452
2778.49097 0.041817
2778.96606 0.041964
2779.44189 0.04246
2779.91699 0.042705
2780.39307 0.043129
2780.86890 0.04341
2781.34399 0.044191
2781.82007 0.044853
2782.29590 0.045586
2782.77197 0.046466
2783.24805 0.047422
2783.72412 0.048351
2784.20093 0.049116
2784.67700 0.050088
2785.15405 0.051188
2785.62988 0.052156
2786.10693 0.052982
2786.58301 0.054093
2787.06006 0.055166
2787.53711 0.056461
2788.01392 0.057158
2788.49097 0.057867
2788.96802 0.058394
2789.44507 0.059115
2789.92212 0.059364
2790.39893 0.060001
2790.87695 0.060517
2791.35400 0.060867
2791.83203 0.061332
2792.31006 0.061487
2792.78711 0.061461
2793.26489 0.061541
2793.74292 0.061688
2794.22095 0.061871
2794.69897 0.062008
2795.17700 0.062005
2795.65601 0.061903
2796.13403 0.06191
2796.61206 0.062077
2797.09106 0.062119
2797.56909 0.06218
2798.04810 0.062186
2798.52588 0.062443
2799.00488 0.062544
2799.48389 0.062641
2799.96289 0.062873
2800.44189 0.063121
2800.92090 0.063168
2801.39990 0.063441
2801.87988 0.063775
2802.35889 0.063821
2802.83911 0.063725
2803.31812 0.063878
2803.79810 0.063934
2804.27710 0.063885
2804.75708 0.063819
2805.23706 0.063723
2805.71704 0.063546
2806.19702 0.062957
2806.67700 0.06224
2807.15698 0.061684
2807.63696 0.060834
2808.11792 0.059721
2808.59790 0.058919
2809.07910 0.057982
2809.55908 0.056782
2810.04004 0.05535
2810.52100 0.05386
2811.00195 0.052325
2811.48291 0.050763
2811.96411 0.048946
2812.44507 0.047005
2812.92603 0.045099
2813.40698 0.043156
2813.88794 0.041309
2814.37012 0.039319
2814.85205 0.037223
2815.33301 0.035398
2815.81494 0.033652
2816.29590 0.031726
2816.77808 0.029764
2817.26001 0.027975
2817.74194 0.026297
2818.22412 0.024539
2818.70703 0.022723
2819.18896 0.021047
2819.67090 0.019585
2820.15308 0.01823
2820.63599 0.016829
2821.11792 0.01557
2821.60107 0.014386
2822.08398 0.013233
2822.56689 0.012214
2823.05005 0.011201
2823.53296 0.010365
2824.01611 0.009601
2824.49902 0.008821
2824.98193 0.008083
2825.46509 0.007383
2825.94897 0.006803
2826.43188 0.006292
2826.91602 0.005751
2827.39893 0.005204
2827.88306 0.004794
2828.36694 0.004459
2828.85107 0.004113
2829.33496 0.003771
2829.81909 0.003486
2830.30298 0.00324
2830.78711 0.002997
2831.27197 0.002765
2831.75610 0.002566
2832.23999 0.002375
2832.72510 0.00218
2833.20996 0.002003
2833.69409 0.001833
2834.17896 0.001712
2834.66406 0.001618
2835.14893 0.001507
2835.63403 0.001371
2836.11890 0.001299
2836.60400 0.001252
2837.09009 0.001119
2837.57495 0.001035
2838.06104 0.000965
2838.54590 0.000926
2839.03198 0.000876
2839.51807 0.000775
2840.00293 0.000729
2840.48901 0.000694
2840.97510 0.000624
2841.46094 0.000598
2841.94800 0.000563
2842.43408 0.000507
2842.91992 0.000481
2843.40601 0.00047
2843.89307 0.000429
3128.28247 0.0
