threeML/data/optical_filters/HST/WFC3_UVIS1-F600LP.ecsv
# %ECSV 0.9
# ---
# datatype:
# - {name: wavelength, unit: Angstrom, datatype: float32}
# - {name: response, datatype: float32}
# meta: !!omap
# - {band_name: F600LP}
# - {group_name: WFC3_UVIS1}
wavelength response
[from data line 3212]
10187.04980 0.01445
10188.79980 0.014341
10190.54004 0.014232
10192.28027 0.014123
10194.03027 0.014013
10195.76953 0.013902
10197.50977 0.013792
10199.25977 0.013682
10201.00000 0.013598
10202.75000 0.013533
10204.49023 0.013469
10206.24023 0.013406
10207.99023 0.013342
10209.73047 0.013279
10211.48047 0.013218
10213.21973 0.013156
10214.96973 0.013094
10216.71973 0.013031
10218.46973 0.012969
10220.20996 0.012906
10221.95996 0.012844
10223.70996 0.012782
10225.45996 0.01272
10227.20996 0.012658
10228.95996 0.012596
10230.70996 0.012534
10232.45996 0.012472
10234.20996 0.012411
10235.95996 0.01235
10237.70996 0.012288
10239.45996 0.012227
10241.20996 0.012166
10242.96973 0.012104
10244.71973 0.012042
10246.46973 0.01198
10248.21973 0.011919
10249.98047 0.011857
10251.73047 0.011795
10253.48047 0.011733
10255.24023 0.011672
10256.99023 0.01161
10258.75000 0.011548
10260.50000 0.011487
10262.25977 0.011425
10264.00977 0.011363
10265.76953 0.011301
10267.51953 0.011239
10269.28027 0.011177
10271.04004 0.011114
10272.79004 0.01105
10274.54980 0.010986
10276.30957 0.010921
10278.07031 0.010857
10279.82031 0.010793
10281.58008 0.010731
10283.33984 0.010669
10285.09961 0.010608
10286.86035 0.010546
10288.62012 0.010485
10290.37988 0.010424
10292.13965 0.010363
10293.90039 0.0103
10295.66016 0.010238
10297.41992 0.010175
10299.17969 0.010112
10300.95020 0.010049
10302.70996 0.009987
10304.46973 0.009926
10306.23047 0.009865
10308.00000 0.009804
10309.75977 0.009744
10311.51953 0.009683
10313.29004 0.009622
10315.04980 0.00956
10316.82031 0.009499
10318.58008 0.009437
10320.34961 0.009376
10322.11035 0.009314
10323.87988 0.009252
10325.63965 0.00919
10327.41016 0.009128
10329.17969 0.009066
10330.94043 0.009003
10332.70996 0.008941
10334.48047 0.008879
10336.25000 0.008817
10338.00977 0.008756
10339.78027 0.008694
10341.54980 0.00863
10343.32031 0.008567
10345.08984 0.008504
10346.86035 0.00844
10348.62988 0.008377
10350.40039 0.008314
10352.16992 0.008253
10353.94043 0.008191
10355.70996 0.008129
10357.48047 0.008068
10359.25000 0.008006
10361.03027 0.007944
10362.79980 0.007882
10364.57031 0.007821
10366.33984 0.00776
10368.12012 0.0077
10369.88965 0.007639
10371.66992 0.007578
10373.44043 0.007516
10375.20996 0.007454
10376.99023 0.007392
10378.75977 0.00733
10380.54004 0.007268
10382.32031 0.007206
10384.08984 0.007144
10385.87012 0.007082
10387.63965 0.007021
10389.41992 0.006959
10391.20020 0.006897
10392.98047 0.006836
10394.75000 0.006774
10396.53027 0.006713
10398.30957 0.006652
10400.08984 0.006592
10401.87012 0.006559
10403.65039 0.006526
10405.42969 0.006493
10407.20996 0.00646
10408.99023 0.006426
10410.76953 0.006394
10412.54980 0.006362
10414.33008 0.00633
10416.11035 0.006298
10417.88965 0.006266
10419.67969 0.006234
10421.45996 0.006202
10423.24023 0.00617
10425.01953 0.006138
10426.80957 0.006106
10428.58984 0.006075
10430.37988 0.006043
10432.16016 0.006011
10433.94043 0.005979
10435.73047 0.005948
10437.50977 0.005917
10439.29980 0.005886
10441.08008 0.005854
10442.87012 0.005823
10444.66016 0.005791
10446.44043 0.005759
10448.23047 0.005727
10450.01953 0.005695
10451.80957 0.005662
10453.58984 0.005629
10455.37988 0.005596
10457.16992 0.005563
10458.95996 0.00553
10460.75000 0.005498
10462.54004 0.005466
10464.33008 0.005435
10466.12012 0.005404
10467.91016 0.005373
10469.70020 0.005341
10471.49023 0.00531
10473.28027 0.005279
10475.07031 0.005247
10476.86035 0.005215
10478.66016 0.005184
10480.45020 0.005152
10482.24023 0.00512
10484.04004 0.005089
10485.83008 0.005057
10487.62012 0.005025
10489.41992 0.004994
10491.20996 0.004962
10493.00977 0.004931
10494.79980 0.004899
10496.59961 0.004867
10498.38965 0.004836
10500.19043 0.004804
10501.98047 0.004772
10503.78027 0.004739
10505.58008 0.004707
10507.37012 0.004675
10509.16992 0.004643
10510.96973 0.004611
10512.76953 0.004579
10514.57031 0.004548
10516.36035 0.004516
10518.16016 0.004484
10519.95996 0.004453
10521.75977 0.004421
10523.55957 0.00439
10525.36035 0.004358
10527.16016 0.004327
10528.95996 0.004296
10530.75977 0.004265
10532.57031 0.004233
10534.37012 0.004202
10536.16992 0.00417
10537.96973 0.004138
10539.76953 0.004106
10541.58008 0.004075
10543.37988 0.004043
10545.17969 0.004012
10546.99023 0.003981
10548.79004 0.00395
10550.59961 0.003918
10552.40039 0.003887
10554.20996 0.003854
10556.00977 0.003822
10557.82031 0.00379
10559.62012 0.003758
10561.42969 0.003727
10563.24023 0.003695
10565.04004 0.003664
10566.84961 0.003632
10568.66016 0.003601
10570.46973 0.00357
10572.26953 0.003538
10574.08008 0.003507
10575.88965 0.003476
10577.70020 0.003445
10579.50977 0.003414
10581.32031 0.003383
10583.12988 0.003351
10584.94043 0.00332
10586.75000 0.003289
10588.55957 0.003257
10590.37012 0.003226
10592.19043 0.003195
10594.00000 0.003163
10595.80957 0.003132
10597.62012 0.003101
10599.42969 0.00307
10601.25000 0.003051
10603.05957 0.003038
10604.87012 0.003024
10606.69043 0.00301
10608.50000 0.002996
10610.32031 0.002983
10612.12988 0.00297
10613.95020 0.002957
10615.75977 0.002944
10617.58008 0.002932
10619.40039 0.002919
10621.20996 0.002906
10623.03027 0.002894
10624.84961 0.002881
10626.66992 0.002868
10628.48047 0.002855
10630.29980 0.002842
10632.12012 0.002829
10633.94043 0.002816
10635.75977 0.002803
10637.58008 0.00279
10639.40039 0.002776
10641.21973 0.002763
10643.04004 0.002749
10644.86035 0.002736
10646.67969 0.002722
10648.50000 0.002709
10650.32031 0.002696
10652.13965 0.002683
10653.95996 0.00267
10655.79004 0.002657
10657.61035 0.002644
10659.42969 0.002631
10661.25977 0.002618
10663.08008 0.002605
10664.90039 0.002593
10666.73047 0.00258
10668.54980 0.002567
10670.37988 0.002555
10672.20020 0.002542
10674.03027 0.002529
10675.86035 0.002516
10677.67969 0.002503
10679.50977 0.00249
10681.33008 0.002477
10683.16016 0.002464
10684.99023 0.002451
10686.82031 0.002438
10688.65039 0.002426
10690.46973 0.002413
10692.29980 0.002399
10694.12988 0.002386
10695.95996 0.002373
10697.79004 0.00236
10699.62012 0.002346
10701.45020 0.002334
10703.28027 0.002321
10705.11035 0.002308
10706.94043 0.002295
10708.78027 0.002282
10710.61035 0.00227
10712.44043 0.002257
10714.26953 0.002244
10716.09961 0.002231
10717.94043 0.002218
10719.76953 0.002205
10721.59961 0.002192
10723.44043 0.00218
10725.26953 0.002167
10727.11035 0.002154
10728.94043 0.002142
10730.78027 0.002129
10732.61035 0.002115
10734.45020 0.002102
10736.29004 0.002089
10738.12012 0.002076
10739.95996 0.002063
10741.79980 0.00205
10743.62988 0.002038
10745.46973 0.002025
10747.30957 0.002012
10749.15039 0.001999
10750.99023 0.001987
10752.83008 0.001974
10754.66992 0.001961
10756.50977 0.001949
10758.34961 0.001936
10760.19043 0.001923
10762.03027 0.001911
10763.87012 0.001898
10765.70996 0.001886
10767.54980 0.001873
10769.38965 0.00186
10771.23047 0.001847
10773.08008 0.001834
10774.91992 0.001821
10776.75977 0.001808
10778.61035 0.001795
10780.45020 0.001782
10782.29004 0.001769
10784.13965 0.001757
10785.98047 0.001744
10787.83008 0.001731
10789.66992 0.001719
10791.51953 0.001706
10793.37012 0.001694
10795.20996 0.001681
10797.05957 0.001669
10798.91016 0.001656
10800.75000 0.001645
10802.59961 0.001635
10804.45020 0.001626
10806.29980 0.001616
10808.15039 0.001607
10810.00000 0.001597
10811.83984 0.001587
10813.69043 0.001578
10815.54004 0.001568
10817.38965 0.001558
10819.24023 0.001548
10821.08984 0.001538
10822.95020 0.001528
10824.79980 0.001519
10826.65039 0.001509
10828.50000 0.0015
10830.34961 0.00149
10832.20996 0.001481
10834.05957 0.001471
10835.91016 0.001462
10837.76953 0.001453
10839.62012 0.001443
10841.46973 0.001433
10843.33008 0.001424
10845.17969 0.001414
10847.04004 0.001404
10848.88965 0.001395
10850.75000 0.001385
10852.61035 0.001376
10854.45996 0.001366
10856.32031 0.001357
10858.17969 0.001347
10860.03027 0.001338
10861.88965 0.001328
10863.75000 0.001319
10865.61035 0.001309
10867.46973 0.0013
10869.33008 0.00129
10871.17969 0.001281
10873.04004 0.001271
10874.90039 0.001262
10876.75977 0.001253
10878.62988 0.001243
10880.49023 0.001234
10882.34961 0.001224
10884.20996 0.001215
10886.07031 0.001205
10887.92969 0.001195
10889.79980 0.001186
10891.66016 0.001177
10893.51953 0.001167
10895.37988 0.001158
10897.25000 0.001148
10899.11035 0.001139
10900.98047 0.00113
10902.83984 0.00112
10904.70996 0.001111
10906.57031 0.001102
10908.44043 0.001092
10910.29980 0.001083
10912.16992 0.001074
10914.04004 0.001065
10915.90039 0.001055
10917.76953 0.001046
10919.63965 0.001036
10921.50977 0.001027
10923.37988 0.001017
10925.24023 0.001008
10927.11035 0.000998
10928.98047 0.000989
10930.84961 0.000979
10932.71973 0.00097
10934.58984 0.000961
10936.45996 0.000951
10938.33008 0.000942
10940.20020 0.000933
10942.08008 0.000924
10943.95020 0.000914
10945.82031 0.000905
10947.69043 0.000896
10949.55957 0.000886
10951.44043 0.000877
10953.30957 0.000868
10955.17969 0.000858
10957.05957 0.000849
10958.92969 0.000839
10960.80957 0.00083
10962.67969 0.000821
10964.55957 0.000812
10966.42969 0.000802
10968.30957 0.000793
10970.19043 0.000784
10972.05957 0.000775
10973.94043 0.000766
10975.82031 0.000756
10977.69043 0.000747
10979.57031 0.000738
10981.45020 0.000729
10983.33008 0.000719
10985.20996 0.00071
10987.08984 0.000701
10988.96973 0.000691
10990.84961 0.000682
10992.73047 0.000673
10994.61035 0.000664
10996.49023 0.000654
10998.37012 0.000645
11000.25000 0.000636
11002.12988 0.00063
12102.34277 0.0
