threeML/data/optical_filters/HST/WFC3_IR-F110W.ecsv
# %ECSV 0.9
# ---
# datatype:
# - {name: wavelength, unit: Angstrom, datatype: float32}
# - {name: response, datatype: float32}
# meta: !!omap
# - {band_name: F110W}
# - {group_name: WFC3_IR}
wavelength response
[from data line 3910]
11985.48047 0.522475
11986.45020 0.522598
11987.41992 0.522721
11988.38965 0.522844
11989.37012 0.522968
11990.33984 0.523076
11991.30957 0.523156
11992.29004 0.523237
11993.25977 0.523317
11994.23047 0.523407
11995.20020 0.523497
11996.17969 0.523587
11997.15039 0.523677
11998.12012 0.523768
11999.09961 0.523858
12000.07031 0.523949
12001.04004 0.524045
12002.01953 0.524142
12002.99023 0.524238
12003.95996 0.524329
12004.94043 0.524417
12005.91016 0.524505
12006.88965 0.524593
12007.86035 0.524682
12008.83008 0.52477
12009.80957 0.524858
12010.78027 0.524946
12011.75977 0.525034
12012.73047 0.525123
12013.70996 0.52521
12014.67969 0.525297
12015.66016 0.525384
12016.62988 0.525471
12017.59961 0.525558
12018.58008 0.525644
12019.54980 0.525731
12020.53027 0.525842
12021.50000 0.525972
12022.48047 0.526102
12023.45996 0.526231
12024.42969 0.526355
12025.41016 0.526479
12026.37988 0.526603
12027.36035 0.526726
12028.33008 0.52685
12029.30957 0.526974
12030.29004 0.527085
12031.25977 0.527166
12032.24023 0.527246
12033.20996 0.527327
12034.19043 0.527394
12035.16992 0.527459
12036.13965 0.527525
12037.12012 0.527591
12038.08984 0.527657
12039.07031 0.527722
12040.04980 0.527788
12041.01953 0.527854
12042.00000 0.52792
12042.98047 0.527985
12043.95996 0.528041
12044.92969 0.528092
12045.91016 0.528143
12046.88965 0.528195
12047.86035 0.528245
12048.83984 0.528297
12049.82031 0.528348
12050.79980 0.528399
12051.76953 0.52845
12052.75000 0.528501
12053.73047 0.528542
12054.70996 0.528571
12055.67969 0.5286
12056.66016 0.528629
12057.63965 0.528658
12058.62012 0.528687
12059.59961 0.528716
12060.58008 0.52877
12061.54980 0.528843
12062.53027 0.528915
12063.50977 0.528983
12064.49023 0.529035
12065.46973 0.529087
12066.45020 0.529139
12067.42969 0.529191
12068.40039 0.529242
12069.37988 0.529294
12070.36035 0.52933
12071.33984 0.529338
12072.32031 0.529346
12073.29980 0.529354
12074.28027 0.529346
12075.25977 0.529338
12076.24023 0.52933
12077.21973 0.529321
12078.20020 0.529313
12079.17969 0.529305
12080.16016 0.529296
12081.13965 0.529288
12082.12012 0.52928
12083.09961 0.529272
12084.08008 0.52925
12085.05957 0.529225
12086.04004 0.529201
12087.01953 0.529176
12088.00000 0.529151
12088.98047 0.529126
12089.95996 0.529101
12090.94043 0.529076
12091.91992 0.529051
12092.90039 0.529026
12093.87988 0.528993
12094.87012 0.528953
12095.84961 0.528912
12096.83008 0.528872
12097.80957 0.528832
12098.79004 0.528792
12099.76953 0.528752
12100.75000 0.528745
12101.74023 0.528749
12102.71973 0.528753
12103.70020 0.528749
12104.67969 0.528735
12105.66016 0.528721
12106.65039 0.528707
12107.62988 0.528693
12108.61035 0.528679
12109.58984 0.528665
12110.57031 0.528626
12111.55957 0.528568
12112.54004 0.52851
12113.51953 0.528451
12114.50000 0.528386
12115.49023 0.528321
12116.46973 0.528257
12117.45020 0.528192
12118.44043 0.528127
12119.41992 0.528062
12120.40039 0.527998
12121.38965 0.527933
12122.37012 0.527868
12123.34961 0.527803
12124.33984 0.527732
12125.32031 0.527661
12126.29980 0.52759
12127.29004 0.527519
12128.26953 0.527447
12129.25000 0.527376
12130.24023 0.527305
12131.21973 0.527234
12132.20996 0.527162
12133.19043 0.527091
12134.16992 0.527008
12135.16016 0.526922
12136.13965 0.526837
12137.12988 0.526752
12138.11035 0.526666
12139.09961 0.526581
12140.08008 0.526499
12141.07031 0.526458
12142.04980 0.526416
12143.04004 0.526374
12144.01953 0.526341
12145.00977 0.526311
12145.99023 0.526281
12146.98047 0.526251
12147.95996 0.526221
12148.95020 0.526191
12149.92969 0.526161
12150.91992 0.526091
12151.91016 0.526017
12152.88965 0.525943
12153.87988 0.525864
12154.86035 0.525781
12155.84961 0.525698
12156.83008 0.525615
12157.82031 0.525531
12158.80957 0.525448
12159.79004 0.525365
12160.78027 0.525282
12161.76953 0.525198
12162.75000 0.525115
12163.74023 0.52504
12164.73047 0.524975
12165.70996 0.52491
12166.70020 0.524845
12167.69043 0.52478
12168.66992 0.524715
12169.66016 0.524651
12170.65039 0.524586
12171.63965 0.524521
12172.62012 0.524456
12173.61035 0.524394
12174.59961 0.524341
12175.58984 0.524287
12176.57031 0.524234
12177.55957 0.524181
12178.54980 0.524127
12179.54004 0.524074
12180.53027 0.524043
12181.50977 0.524034
12182.50000 0.524024
12183.49023 0.524016
12184.48047 0.524021
12185.46973 0.524027
12186.45996 0.524032
12187.44043 0.524037
12188.42969 0.524042
12189.41992 0.524048
12190.41016 0.524035
12191.40039 0.523996
12192.38965 0.523958
12193.37988 0.52392
12194.37012 0.5239
12195.36035 0.523879
12196.34961 0.523859
12197.33008 0.523838
12198.32031 0.523818
12199.30957 0.523797
12200.29980 0.523775
12201.29004 0.523749
12202.28027 0.523724
12203.26953 0.523699
12204.25977 0.523689
12205.25000 0.523681
12206.24023 0.523672
12207.23047 0.523663
12208.21973 0.523655
12209.20996 0.523646
12210.20020 0.523647
12211.19043 0.523681
12212.19043 0.523716
12213.17969 0.523752
12214.16992 0.523802
12215.16016 0.523856
12216.15039 0.52391
12217.13965 0.523964
12218.12988 0.524018
12219.12012 0.524072
12220.11035 0.524121
12221.09961 0.524132
12222.09961 0.524142
12223.08984 0.524153
12224.08008 0.524178
12225.07031 0.52421
12226.05957 0.524241
12227.04980 0.524273
12228.04980 0.524304
12229.04004 0.524335
12230.03027 0.524367
12231.01953 0.524398
12232.00977 0.52443
12233.00977 0.524461
12234.00000 0.524499
12234.99023 0.524539
12235.98047 0.52458
12236.98047 0.524621
12237.96973 0.524661
12238.95996 0.524702
12239.95996 0.524743
12240.95020 0.524784
12241.94043 0.524824
12242.92969 0.524865
12243.92969 0.524919
12244.91992 0.524982
12245.91016 0.525046
12246.91016 0.525109
12247.90039 0.525173
12248.88965 0.525236
12249.88965 0.5253
12250.87988 0.525402
12251.87988 0.525509
12252.87012 0.525617
12253.86035 0.525732
12254.86035 0.525854
12255.84961 0.525976
12256.84961 0.526097
12257.83984 0.526219
12258.83008 0.526341
12259.83008 0.526463
12260.82031 0.526549
12261.82031 0.526627
12262.80957 0.526705
12263.80957 0.52679
12264.79980 0.526884
12265.79980 0.526979
12266.79004 0.527073
12267.79004 0.527168
12268.78027 0.527262
12269.78027 0.527357
12270.76953 0.527451
12271.76953 0.527546
12272.75977 0.52764
12273.75977 0.527737
12274.75977 0.527839
12275.75000 0.52794
12276.75000 0.528042
12277.74023 0.528143
12278.74023 0.528245
12279.74023 0.528346
12280.73047 0.528448
12281.73047 0.528549
12282.71973 0.528651
12283.71973 0.528756
12284.71973 0.528867
12285.70996 0.528978
12286.70996 0.529089
12287.70996 0.5292
12288.70020 0.529311
12289.70020 0.529422
12290.70020 0.529564
12291.69043 0.529719
12292.69043 0.529874
12293.69043 0.530027
12294.69043 0.530173
12295.67969 0.53032
12296.67969 0.530466
12297.67969 0.530612
12298.67969 0.530759
12299.66992 0.530905
12300.66992 0.531022
12301.66992 0.531124
12302.66992 0.531226
12303.66992 0.531329
12304.66016 0.531434
12305.66016 0.531539
12306.66016 0.531644
12307.66016 0.531748
12308.66016 0.531853
12309.66016 0.531958
12310.65039 0.532063
12311.65039 0.532168
12312.65039 0.532273
12313.65039 0.532377
12314.65039 0.532477
12315.65039 0.532576
12316.65039 0.532676
12317.65039 0.532776
12318.65039 0.532876
12319.63965 0.532976
12320.63965 0.533075
12321.63965 0.533175
12322.63965 0.533275
12323.63965 0.533374
12324.63965 0.53347
12325.63965 0.533567
12326.63965 0.533663
12327.63965 0.53376
12328.63965 0.533856
12329.63965 0.533953
12330.63965 0.534078
12331.63965 0.534219
12332.63965 0.53436
12333.63965 0.534495
12334.63965 0.534611
12335.63965 0.534727
12336.65039 0.534843
12337.65039 0.534959
12338.65039 0.535076
12339.65039 0.535192
12340.65039 0.535279
12341.65039 0.53535
12342.65039 0.535421
12343.65039 0.53549
12344.65039 0.535553
12345.66016 0.535615
12346.66016 0.535677
12347.66016 0.53574
12348.66016 0.535802
12349.66016 0.535864
12350.66016 0.535926
12351.66992 0.535989
12352.66992 0.536051
12353.66992 0.536109
12354.66992 0.536157
12355.66992 0.536205
12356.67969 0.536253
12357.67969 0.536301
12358.67969 0.536349
12359.67969 0.536397
12360.69043 0.536445
12361.69043 0.536493
12362.69043 0.536541
12363.70020 0.536581
12364.70020 0.536604
12365.70020 0.536627
12366.70020 0.536649
12367.70996 0.536672
12368.70996 0.536695
12369.70996 0.536717
12370.71973 0.536772
12371.71973 0.53684
12372.71973 0.536908
12373.73047 0.536972
12374.73047 0.537028
12375.74023 0.537083
12376.74023 0.537139
12377.74023 0.537195
12378.75000 0.53725
12379.75000 0.537306
12380.75977 0.537328
12381.75977 0.537338
12382.76953 0.537349
12383.76953 0.53735
12384.76953 0.537334
12385.78027 0.537319
12386.78027 0.537303
12387.79004 0.537288
12388.79004 0.537273
12389.79980 0.537257
12390.79980 0.537241
12391.80957 0.537226
12392.80957 0.537211
12393.82031 0.537191
12394.83008 0.537165
12395.83008 0.537139
12396.83984 0.537113
12397.83984 0.537087
12398.84961 0.537062
12399.84961 0.537036
12400.86035 0.537015
12401.87012 0.536996
12402.87012 0.536977
12403.87988 0.536948
12404.87988 0.53691
12405.88965 0.536871
12406.90039 0.536832
12407.90039 0.536794
12408.91016 0.536755
12409.91992 0.536716
12410.91992 0.536719
12411.92969 0.536726
12412.94043 0.536732
12413.94043 0.536732
12414.95020 0.536727
12415.95996 0.536721
12416.95996 0.536716
12417.96973 0.53671
12418.98047 0.536705
12419.99023 0.536699
12421.00000 0.536649
12422.00000 0.536598
12423.00977 0.536547
12424.01953 0.536494
12425.03027 0.536441
12426.03027 0.536387
12427.04004 0.536333
12428.04980 0.53628
12429.05957 0.536226
12430.07031 0.536172
12431.08008 0.536119
12432.08008 0.536065
12433.08984 0.536011
12434.09961 0.535948
12435.11035 0.53588
12436.12012 0.535812
12437.12988 0.535745
12438.13965 0.535677
12439.13965 0.535609
12440.15039 0.535541
12441.16016 0.535474
12442.16992 0.535406
12443.17969 0.535338
12444.19043 0.535275
12445.20020 0.535214
12446.20996 0.535153
12447.21973 0.535091
12448.23047 0.53503
12449.24023 0.534968
12450.25000 0.534918
12451.25977 0.534902
12452.26953 0.534886
12453.28027 0.534869
12454.29004 0.534857
12455.29980 0.534846
12456.30957 0.534835
12457.32031 0.534824
12458.33008 0.534813
12459.33984 0.534802
12460.34961 0.534775
12461.36035 0.534718
12462.37012 0.534662
12463.38965 0.534605
12464.40039 0.534551
12465.41016 0.534497
12466.41992 0.534443
12467.42969 0.53439
12468.44043 0.534336
12469.45020 0.534282
12470.45996 0.534228
12471.48047 0.534174
12472.49023 0.53412
12473.50000 0.534067
12474.50977 0.53402
12475.51953 0.533973
12476.54004 0.533926
12477.54980 0.533879
12478.55957 0.533832
12479.57031 0.533785
12480.58008 0.533738
12481.59961 0.533691
12482.61035 0.533644
12483.62012 0.5336
12484.62988 0.533563
12485.65039 0.533527
12486.66016 0.533491
12487.66992 0.533455
12488.69043 0.533418
12489.70020 0.533382
12490.70996 0.533377
12491.73047 0.533386
12492.74023 0.533395
12493.75000 0.533411
12494.76953 0.533442
12495.78027 0.533472
12496.79004 0.533503
12497.80957 0.533534
12498.82031 0.533564
12499.83008 0.533595
12500.84961 0.533578
12501.86035 0.533551
12502.87988 0.533524
12503.88965 0.533508
12504.91016 0.533503
12505.91992 0.533499
12506.94043 0.533494
12507.95020 0.53349
12508.95996 0.533485
12509.98047 0.533481
12510.99023 0.533476
12512.00977 0.533472
12513.01953 0.533467
12514.04004 0.533469
12515.04980 0.533475
12516.07031 0.533482
12517.08008 0.533488
12518.09961 0.533493
12519.12012 0.5335
12520.12988 0.533506
12521.15039 0.533512
12522.16016 0.533518
12523.17969 0.533524
12524.19043 0.533547
12525.20996 0.533575
12526.23047 0.533603
12527.24023 0.533631
12528.25977 0.533659
12529.28027 0.533687
12530.29004 0.533729
12531.30957 0.533802
12532.33008 0.533875
12533.33984 0.533949
12534.36035 0.534031
12535.37012 0.534114
12536.38965 0.534197
12537.41016 0.534281
12538.42969 0.534364
12539.44043 0.534447
12540.45996 0.53451
12541.48047 0.534548
12542.50000 0.534586
12543.50977 0.534626
12544.53027 0.534692
12545.54980 0.534759
12546.57031 0.534825
12547.58008 0.534892
12548.59961 0.534958
12549.62012 0.535025
12550.63965 0.535091
12551.66016 0.535158
12552.66992 0.535224
12553.69043 0.535294
12554.70996 0.535376
12555.73047 0.535457
12556.75000 0.535538
12557.76953 0.535619
12558.78027 0.5357
12559.79980 0.535781
12560.82031 0.535899
12561.83984 0.536026
12562.86035 0.536153
12563.87988 0.536285
12564.90039 0.536424
12565.91992 0.536562
12566.94043 0.536701
12567.95996 0.53684
12568.98047 0.536979
12570.00000 0.537118
12571.01953 0.537211
12572.04004 0.537305
12573.05957 0.537398
12574.08008 0.537496
12575.09961 0.537597
12576.12012 0.537697
12577.13965 0.537798
12578.16016 0.537898
12579.17969 0.537999
12580.20020 0.5381
12581.21973 0.538201
12582.24023 0.538301
12583.25977 0.538402
12584.28027 0.538508
12585.29980 0.538616
12586.32031 0.538724
12587.33984 0.538831
12588.36035 0.538939
12589.37988 0.539046
12590.41016 0.539154
12591.42969 0.539261
12592.45020 0.539369
12593.46973 0.539476
12594.49023 0.539577
12595.50977 0.539677
12596.54004 0.539777
12597.55957 0.539878
12598.58008 0.539978
12599.59961 0.540078
12600.62012 0.540205
12601.65039 0.540349
12602.66992 0.540493
12603.69043 0.540636
12604.70996 0.540777
12605.74023 0.540918
12606.75977 0.541058
12607.78027 0.541199
12608.79980 0.54134
12609.83008 0.541481
12610.84961 0.541583
12611.87012 0.541678
12612.90039 0.541772
12613.91992 0.541878
12614.94043 0.541996
12615.95996 0.542114
12616.99023 0.542233
12618.00977 0.542351
12619.04004 0.542469
12620.05957 0.542587
12621.08008 0.542705
12622.11035 0.542824
12623.12988 0.542942
12624.15039 0.543049
12625.17969 0.54315
12626.20020 0.543251
12627.23047 0.543353
12628.25000 0.543454
12629.28027 0.543556
12630.29980 0.543657
12631.33008 0.543758
12632.34961 0.54386
12633.37012 0.543961
12634.40039 0.544046
12635.41992 0.544129
12636.45020 0.544212
12637.46973 0.544295
12638.50000 0.544378
12639.53027 0.544461
12640.54980 0.544569
12641.58008 0.544698
12642.59961 0.544828
12643.62988 0.544955
12644.65039 0.545072
12645.67969 0.545188
12646.70020 0.545304
12647.73047 0.545421
12648.75977 0.545537
12649.78027 0.545654
12650.80957 0.545734
12651.83008 0.545804
12652.86035 0.545873
12653.88965 0.545934
12654.91016 0.545983
12655.94043 0.546031
12656.96973 0.54608
12657.99023 0.546128
12659.01953 0.546176
12660.04980 0.546225
12661.08008 0.546273
12662.09961 0.546322
12663.12988 0.54637
12664.16016 0.546412
12665.17969 0.54645
12666.20996 0.546489
12667.24023 0.546527
12668.26953 0.546566
12669.29004 0.546604
12670.32031 0.546642
12671.34961 0.546681
12672.37988 0.546719
12673.41016 0.546758
12674.42969 0.546775
12675.45996 0.546791
12676.49023 0.546807
12677.51953 0.546823
12678.54980 0.546839
12679.58008 0.546855
12680.59961 0.546899
12681.62988 0.546962
12682.66016 0.547025
12683.69043 0.547082
12684.71973 0.54712
12685.75000 0.547157
12686.78027 0.547195
12687.80957 0.547233
12688.83984 0.54727
12689.87012 0.547308
12690.88965 0.547305
12691.91992 0.547296
12692.95020 0.547287
12693.98047 0.547275
12695.00977 0.54726
12696.04004 0.547246
12697.07031 0.547231
12698.09961 0.547216
12699.12988 0.547202
12700.16016 0.547187
12701.19043 0.547172
12702.21973 0.547158
12703.25000 0.547143
12704.29004 0.547114
12705.32031 0.547082
12706.34961 0.547049
12707.37988 0.547017
12708.41016 0.546984
12709.44043 0.546952
12710.46973 0.546919
12711.50000 0.546887
12712.53027 0.546854
12713.55957 0.546821
12714.58984 0.546776
12715.62988 0.546731
12716.66016 0.546686
12717.69043 0.54664
12718.71973 0.546595
12719.75000 0.54655
12720.78027 0.546541
12721.82031 0.546543
12722.84961 0.546544
12723.87988 0.546538
12724.91016 0.546517
12725.95020 0.546497
12726.98047 0.546477
12728.00977 0.546456
12729.04004 0.546436
12730.08008 0.546412
12731.11035 0.546345
12732.13965 0.546277
12733.16992 0.54621
12734.20996 0.546142
12735.24023 0.546075
12736.26953 0.546007
12737.30957 0.54594
12738.33984 0.545872
12739.37012 0.545804
12740.41016 0.545737
12741.44043 0.545669
12742.46973 0.545602
12743.50977 0.545534
12744.54004 0.545457
12745.57031 0.545379
12746.61035 0.545302
12747.63965 0.545225
12748.67969 0.545147
12749.70996 0.54507
12750.75000 0.544992
12751.78027 0.544915
