threeML/data/optical_filters/HST/WFC3_UVIS1-F225W.ecsv
# %ECSV 0.9
# ---
# datatype:
# - {name: wavelength, unit: Angstrom, datatype: float32}
# - {name: response, datatype: float32}
# meta: !!omap
# - {band_name: F225W}
# - {group_name: WFC3_UVIS1}
wavelength response
[from data line 805]
2283.46411 0.073432
2283.85400 0.073483
2284.24512 0.073533
2284.63599 0.073583
2285.02710 0.073634
2285.41797 0.073684
2285.80908 0.073734
2286.19995 0.073785
2286.59106 0.073835
2286.98193 0.073885
2287.37402 0.073936
2287.76489 0.073986
2288.15601 0.074037
2288.54810 0.074087
2288.93896 0.074138
2289.33105 0.074188
2289.72290 0.074239
2290.11499 0.07429
2290.50610 0.074342
2290.89795 0.074398
2291.29004 0.074458
2291.68188 0.074518
2292.07397 0.074578
2292.46704 0.074637
2292.85889 0.074697
2293.25098 0.074757
2293.64307 0.074817
2294.03589 0.074877
2294.42798 0.074937
2294.82104 0.074997
2295.21289 0.075057
2295.60596 0.075117
2295.99902 0.075177
2296.39209 0.075237
2296.78491 0.075297
2297.17798 0.075357
2297.57104 0.075417
2297.96411 0.075478
2298.35693 0.075538
2298.75000 0.075598
2299.14404 0.075658
2299.53711 0.075719
2299.92993 0.075779
2300.32397 0.075825
2300.71704 0.075868
2301.11108 0.075911
2301.50488 0.075955
2301.89795 0.075998
2302.29199 0.076042
2302.68604 0.076086
2303.08008 0.076129
2303.47412 0.076173
2303.86792 0.076217
2304.26196 0.07626
2304.65698 0.076304
2305.05103 0.076348
2305.44604 0.076391
2305.84009 0.076435
2306.23389 0.076479
2306.62891 0.076523
2307.02393 0.076567
2307.41797 0.076611
2307.81299 0.076654
2308.20801 0.076698
2308.60303 0.076742
2308.99805 0.076786
2309.39307 0.07683
2309.78809 0.076874
2310.18311 0.076918
2310.57910 0.076961
2310.97412 0.077006
2311.36890 0.077052
2311.76489 0.077097
2312.15991 0.077143
2312.55591 0.077189
2312.95190 0.077234
2313.34692 0.07728
2313.74292 0.077326
2314.13892 0.077371
2314.53491 0.077417
2314.93091 0.077463
2315.32690 0.077509
2315.72290 0.077555
2316.11890 0.077601
2316.51611 0.077647
2316.91211 0.077692
2317.30811 0.077738
2317.70508 0.077784
2318.10107 0.07783
2318.49805 0.077876
2318.89502 0.077922
2319.29199 0.077968
2319.68799 0.078014
2320.08496 0.07806
2320.48193 0.078102
2320.87891 0.078145
2321.27588 0.078188
2321.67310 0.078231
2322.07104 0.078274
2322.46802 0.078317
2322.86499 0.07836
2323.26294 0.078403
2323.65991 0.078447
2324.05811 0.07849
2324.45508 0.078533
2324.85303 0.078576
2325.25098 0.078619
2325.64893 0.078662
2326.04712 0.078706
2326.44507 0.078749
2326.84302 0.078792
2327.24097 0.078836
2327.63892 0.078879
2328.03711 0.078922
2328.43604 0.078966
2328.83398 0.079009
2329.23193 0.079052
2329.63110 0.079096
2330.02905 0.079139
2330.42798 0.079185
2330.82690 0.079231
2331.22607 0.079276
2331.62500 0.079322
2332.02295 0.079367
2332.42212 0.079413
2332.82202 0.079459
2333.21997 0.079504
2333.62012 0.07955
2334.01904 0.079595
2334.41797 0.079641
2334.81812 0.079687
2335.21704 0.079732
2335.61694 0.079778
2336.01611 0.079824
2336.41602 0.07987
2336.81592 0.079916
2337.21606 0.079961
2337.61499 0.080007
2338.01489 0.080053
2338.41602 0.080099
2338.81592 0.080145
2339.21606 0.080191
2339.61597 0.080237
2340.01611 0.080283
2340.41699 0.080328
2340.81689 0.080373
2341.21802 0.080416
2341.61792 0.080459
2342.01904 0.080503
2342.41895 0.080546
2342.82007 0.080589
2343.22095 0.080632
2343.62207 0.080676
2344.02295 0.080719
2344.42407 0.080762
2344.82495 0.080805
2345.22607 0.080849
2345.62793 0.080892
2346.02905 0.080936
2346.42993 0.080979
2346.83203 0.081022
2347.23291 0.081066
2347.63501 0.081109
2348.03711 0.081153
2348.43799 0.081196
2348.84009 0.08124
2349.24194 0.081283
2349.64404 0.081327
2350.04590 0.08137
2350.44800 0.081414
2350.85010 0.081455
2351.25195 0.081493
2351.65503 0.08153
2352.05688 0.081568
2352.45898 0.081606
2352.86206 0.081644
2353.26392 0.081682
2353.66699 0.08172
2354.07007 0.081757
2354.47290 0.081795
2354.87500 0.081833
2355.27808 0.081871
2355.68091 0.081909
2356.08398 0.081947
2356.48804 0.081985
2356.89111 0.082023
2357.29395 0.082061
2357.69702 0.082099
2358.10107 0.082137
2358.50391 0.082175
2358.90796 0.082213
2359.31104 0.082251
2359.71509 0.082289
2360.11890 0.082326
2360.52197 0.08236
2360.92603 0.082392
2361.33008 0.082421
2361.73389 0.082451
2362.13794 0.08248
2362.54199 0.082509
2362.94702 0.082539
2363.35107 0.082568
2363.75488 0.082597
2364.15991 0.082627
2364.56396 0.082656
2364.96899 0.082686
2365.37402 0.082715
2365.77808 0.082744
2366.18311 0.082774
2366.58789 0.082803
2366.99292 0.082832
2367.39795 0.082862
2367.80298 0.082891
2368.20801 0.082921
2368.61304 0.08295
2369.01807 0.082979
2369.42407 0.083009
2369.82910 0.083038
2370.23389 0.083069
2370.63989 0.083101
2371.04590 0.083128
2371.45093 0.083154
2371.85693 0.08318
2372.26294 0.083206
2372.66895 0.083232
2373.07495 0.083258
2373.48096 0.083284
2373.88696 0.08331
2374.29297 0.083336
2374.69897 0.083362
2375.10498 0.083388
2375.51196 0.083414
2375.91797 0.08344
2376.32495 0.083466
2376.73096 0.083492
2377.13794 0.083518
2377.54492 0.083544
2377.95093 0.08357
2378.35791 0.083596
2378.76489 0.083622
2379.17212 0.083648
2379.57910 0.083674
2379.98706 0.083699
2380.39404 0.083725
2380.80103 0.083749
2381.20801 0.083768
2381.61597 0.083787
2382.02295 0.083806
2382.43091 0.083825
2382.83789 0.083844
2383.24609 0.083863
2383.65405 0.083882
2384.06201 0.083901
2384.46899 0.08392
2384.87695 0.083938
2385.28589 0.083957
2385.69409 0.083976
2386.10205 0.083995
2386.51001 0.084014
2386.91797 0.084033
2387.32690 0.084051
2387.73511 0.08407
2388.14404 0.084089
2388.55200 0.084108
2388.96094 0.084126
2389.37012 0.084145
2389.77905 0.084164
2390.18799 0.084181
2390.59595 0.084196
2391.00488 0.084206
2391.41504 0.084213
2391.82397 0.08422
2392.23291 0.084227
2392.64209 0.084234
2393.05200 0.084241
2393.46094 0.084248
2393.87109 0.084255
2394.28003 0.084262
2394.68994 0.084269
2395.09912 0.084276
2395.50903 0.084283
2395.91895 0.08429
2396.32910 0.084297
2396.73901 0.084303
2397.14893 0.08431
2397.55908 0.084317
2397.96899 0.084324
2398.37988 0.084331
2398.79004 0.084337
2399.19995 0.084344
2399.61108 0.084351
2400.02100 0.084355
2400.43188 0.08432
2400.84302 0.084283
2401.25391 0.084241
2401.66504 0.084199
2402.07495 0.084156
2402.48608 0.084114
2402.89697 0.084072
2403.30908 0.084029
2403.71997 0.083987
2404.13110 0.083945
2404.54199 0.083902
2404.95410 0.08386
2405.36499 0.083818
2405.77710 0.083775
2406.18799 0.083733
2406.60010 0.08369
2407.01196 0.083648
2407.42407 0.083606
2407.83496 0.083563
2408.24805 0.083521
2408.65991 0.083478
2409.07202 0.083436
2409.48389 0.083394
2409.89600 0.083351
2410.30811 0.083308
2410.72095 0.083266
2411.13306 0.083215
2411.54590 0.083163
2411.95801 0.083112
2412.37109 0.083061
2412.78394 0.083009
2413.19702 0.082958
2413.61011 0.082907
2414.02197 0.082855
2414.43604 0.082804
2414.84912 0.082753
2415.26196 0.082701
2415.67505 0.08265
2416.08789 0.082599
2416.50195 0.082547
2416.91504 0.082496
2417.32910 0.082444
2417.74194 0.082393
2418.15601 0.082342
2418.57007 0.08229
2418.98291 0.082239
2419.39697 0.082187
2419.81104 0.082136
2420.22510 0.082084
2420.63892 0.082033
2421.05298 0.081977
2421.46802 0.08192
2421.88208 0.081863
2422.29590 0.081806
2422.71094 0.081748
2423.12500 0.081691
2423.54004 0.081634
2423.95508 0.081577
2424.36890 0.08152
2424.78394 0.081463
2425.19897 0.081406
2425.61401 0.081349
2426.02905 0.081292
2426.44409 0.081234
2426.85889 0.081177
2427.27393 0.08112
2427.68994 0.081063
2428.10498 0.081006
2428.52100 0.080948
2428.93604 0.080891
2429.35205 0.080834
2429.76709 0.080777
2430.18311 0.080716
2430.59912 0.080651
2431.01489 0.080579
2431.43091 0.080505
2431.84595 0.080431
2432.26294 0.080356
2432.67896 0.080282
2433.09497 0.080207
2433.51099 0.080133
2433.92798 0.080059
2434.34399 0.079984
2434.76001 0.07991
2435.17700 0.079836
2435.59399 0.079761
2436.01001 0.079687
2436.42700 0.079613
2436.84399 0.079538
2437.26099 0.079464
2437.67798 0.07939
2438.09497 0.079315
2438.51196 0.079241
2438.92896 0.079167
2439.34692 0.079092
2439.76392 0.079018
2440.18188 0.078945
2440.59912 0.078874
2441.01709 0.0788
2441.43408 0.078725
2441.85205 0.078651
2442.27002 0.078576
2442.68799 0.078502
2443.10596 0.078427
2443.52393 0.078352
2443.94189 0.078278
2444.36011 0.078203
2444.77808 0.078129
2445.19604 0.078054
2445.61499 0.077979
2446.03296 0.077905
2446.45190 0.07783
2446.87012 0.077755
2447.28906 0.077681
2447.70801 0.077606
2448.12598 0.077532
2448.54492 0.077457
2448.96411 0.077382
2449.38306 0.077308
2449.80200 0.077233
2450.22095 0.077158
2450.64111 0.077084
2451.06006 0.077004
2451.47900 0.076924
2451.89893 0.076843
2452.31812 0.076762
2452.73804 0.076681
2453.15698 0.0766
2453.57690 0.07652
2453.99707 0.076439
2454.41699 0.076358
2454.83691 0.076277
2455.25708 0.076196
2455.67700 0.076116
2456.09692 0.076035
2456.51709 0.075954
2456.93701 0.075873
2457.35791 0.075793
2457.77808 0.075712
2458.19897 0.075631
2458.61890 0.07555
2459.04004 0.075469
2459.46094 0.075389
2459.88208 0.075308
2460.30200 0.075225
2460.72290 0.075141
2461.14502 0.075052
2461.56494 0.074962
2461.98706 0.074872
2462.40796 0.074783
2462.82910 0.074693
2463.25000 0.074603
2463.67212 0.074514
2464.09399 0.074424
2464.51489 0.074334
2464.93701 0.074245
2465.35889 0.074155
2465.78003 0.074065
2466.20190 0.073976
2466.62402 0.073886
2467.04590 0.073796
2467.46802 0.073707
2467.89111 0.073617
2468.31299 0.073528
2468.73511 0.073438
2469.15698 0.073348
2469.58008 0.073259
2470.00195 0.073169
2470.42505 0.073083
2470.84790 0.072995
2471.27100 0.072904
2471.69312 0.072814
2472.11597 0.072723
2472.53906 0.072633
2472.96191 0.072542
2473.38501 0.072452
2473.80908 0.072361
2474.23193 0.07227
2474.65503 0.07218
2475.07788 0.072089
2475.50195 0.071999
2475.92603 0.071908
2476.34912 0.071818
2476.77295 0.071727
2477.19702 0.071637
2477.62012 0.071546
2478.04395 0.071456
2478.46802 0.071365
2478.89209 0.071274
2479.31592 0.071184
2479.74097 0.071093
2480.16504 0.071003
2480.58911 0.070912
2481.01392 0.07082
2481.43799 0.070727
2481.86304 0.070634
2482.28711 0.07054
2482.71191 0.070447
2483.13696 0.070354
2483.56201 0.070261
2483.98706 0.070167
2484.41211 0.070074
2484.83691 0.069981
2485.26196 0.069888
2485.68701 0.069795
2486.11206 0.069701
2486.53809 0.069608
2486.96289 0.069515
2487.38892 0.069422
2487.81396 0.069329
2488.23999 0.069235
2488.66602 0.069142
2489.09106 0.069049
2489.51709 0.068956
2489.94312 0.068862
2490.36890 0.068767
2490.79492 0.068671
2491.22095 0.068571
2491.64795 0.068471
2492.07397 0.068372
2492.50000 0.068272
2492.92700 0.068172
2493.35303 0.068073
2493.78003 0.067973
2494.20703 0.067874
2494.63306 0.067774
2495.06006 0.067674
2495.48706 0.067575
2495.91406 0.067475
2496.34106 0.067376
2496.76807 0.067276
2497.19507 0.067177
2497.62305 0.067077
2498.05005 0.066978
2498.47705 0.066878
2498.90503 0.066779
2499.33203 0.066679
2499.76001 0.06658
2500.18799 0.066477
2500.61499 0.06637
2501.04297 0.066262
2501.47095 0.066153
2501.89893 0.066043
2502.32690 0.065934
2502.75488 0.065825
2503.18408 0.065716
2503.61206 0.065606
2504.04004 0.065497
2504.46899 0.065388
2504.89697 0.065279
2505.32593 0.06517
2505.75391 0.065061
2506.18311 0.064952
2506.61206 0.064843
2507.04102 0.064734
2507.46997 0.064625
2507.89893 0.064516
2508.32788 0.064407
2508.75708 0.064298
2509.18604 0.064189
2509.61499 0.06408
2510.04492 0.063971
2510.47412 0.063863
2510.90405 0.063753
2511.33301 0.063641
2511.76294 0.06353
2512.19312 0.063418
2512.62305 0.063307
2513.05298 0.063195
2513.48291 0.063084
2513.91309 0.062972
2514.34302 0.062861
2514.77295 0.06275
2515.20288 0.062638
2515.63403 0.062527
2516.06396 0.062416
2516.49390 0.062304
2516.92505 0.062193
2517.35596 0.062082
2517.78589 0.061971
2518.21704 0.061859
2518.64795 0.061748
2519.07910 0.061637
2519.51001 0.061526
2519.94092 0.061415
2520.37207 0.061302
2520.80298 0.061188
2521.23511 0.061071
2521.66602 0.060955
2522.09692 0.060838
2522.52905 0.060721
2522.96094 0.060604
2523.39209 0.060488
2523.82397 0.060371
2524.25610 0.060254
2524.68799 0.060138
2525.12012 0.060021
2525.55200 0.059905
2525.98389 0.059788
2526.41602 0.059672
2526.84790 0.059556
2527.28101 0.059439
2527.71289 0.059323
2528.14600 0.059207
2528.57788 0.059091
2529.01099 0.058974
2529.44312 0.058858
2529.87598 0.058742
2530.30908 0.058628
2530.74194 0.058514
2531.17505 0.058398
2531.60791 0.058281
2532.04102 0.058165
2532.47412 0.058048
2532.90698 0.057932
2533.34106 0.057816
2533.77393 0.057699
2534.20801 0.057583
2534.64209 0.057467
2535.07495 0.05735
2535.50903 0.057234
2535.94312 0.057118
2536.37695 0.057002
2536.81104 0.056886
2537.24512 0.05677
2537.67896 0.056653
2538.11304 0.056537
2538.54712 0.056421
2538.98096 0.056305
2539.41602 0.05619
2539.85010 0.056074
2540.28491 0.055958
2540.71899 0.055842
2541.15405 0.055725
2541.58911 0.055607
2542.02393 0.05549
2542.45898 0.055372
2542.89404 0.055255
2543.32910 0.055137
2543.76392 0.05502
2544.19897 0.054903
2544.63501 0.054786
2545.07007 0.054668
2545.50488 0.054551
2545.94092 0.054434
2546.37598 0.054317
2546.81201 0.0542
2547.24805 0.054083
2547.68408 0.053966
2548.12012 0.053849
2548.55591 0.053732
2548.99194 0.053615
2549.42798 0.053498
2549.86401 0.053381
2550.30005 0.053263
2550.73706 0.053144
2551.17310 0.053024
2551.60889 0.052904
2552.04590 0.052785
2552.48291 0.052665
2552.91895 0.052546
2553.35596 0.052426
2553.79297 0.052307
2554.22998 0.052187
2554.66699 0.052068
2555.10400 0.051949
2555.54102 0.051829
2555.97900 0.05171
2556.41602 0.051591
2556.85303 0.051472
2557.29102 0.051353
2557.72803 0.051234
2558.16602 0.051115
2558.60400 0.050996
2559.04102 0.050877
2559.47900 0.050758
2559.91699 0.050639
2560.35498 0.050522
2560.79297 0.050405
2561.23096 0.050285
2561.66895 0.050166
2562.10791 0.050046
2562.54590 0.049926
2562.98511 0.049807
2563.42310 0.049687
2563.86206 0.049568
2564.30005 0.049448
2564.73901 0.049329
2565.17798 0.049209
2565.61694 0.04909
2566.05591 0.04897
2566.49512 0.048851
2566.93408 0.048732
2567.37305 0.048613
2567.81201 0.048493
2568.25195 0.048374
2568.69092 0.048255
2569.13110 0.048136
2569.57007 0.048017
2570.01001 0.047898
2570.44897 0.047779
2570.88892 0.04766
2571.32910 0.047541
2571.76904 0.047422
2572.20898 0.047304
2572.64893 0.047185
2573.08911 0.047066
2573.53003 0.046947
2573.96997 0.046829
2574.40991 0.04671
2574.85107 0.046592
2575.29102 0.046473
2575.73193 0.046355
2576.17310 0.046236
2576.61304 0.046118
2577.05396 0.045999
2577.49512 0.045881
2577.93604 0.045763
2578.37695 0.045644
2578.81812 0.045526
2579.26001 0.045408
2579.70093 0.04529
2580.14209 0.045171
2580.58398 0.045051
2581.02490 0.044932
2581.46704 0.044813
2581.90796 0.044694
2582.35010 0.044575
2582.79199 0.044456
2583.23389 0.044337
2583.67603 0.044218
2584.11792 0.044099
2584.56006 0.04398
2585.00195 0.043861
2585.44507 0.043743
2585.88696 0.043624
2586.32910 0.043505
2586.77197 0.043387
2587.21411 0.043268
2587.65698 0.04315
2588.10010 0.043031
2588.54297 0.042913
2588.98608 0.042795
2589.42798 0.042676
2589.87207 0.042558
2590.31494 0.042441
2590.75806 0.042325
2591.20093 0.042207
2591.64502 0.04209
2592.08789 0.041972
2592.53101 0.041855
2592.97510 0.041737
2593.41797 0.04162
2593.86206 0.041502
2594.30591 0.041385
2594.75000 0.041268
2595.19409 0.041151
2595.63794 0.041033
2596.08203 0.040916
2596.52588 0.040799
2596.96997 0.040682
2597.41504 0.040565
2597.85889 0.040448
2598.30396 0.040331
2598.74805 0.040214
2599.19312 0.040097
2599.63696 0.03998
2600.08203 0.039862
2600.52710 0.039736
2600.97192 0.039611
2601.41699 0.039486
2601.86206 0.039361
2602.30688 0.039236
2602.75293 0.039111
2603.19800 0.038987
2603.64307 0.038862
2604.08911 0.038738
2604.53394 0.038613
2604.97998 0.038489
2605.42603 0.038364
2605.87207 0.03824
2606.31689 0.038116
2606.76294 0.037992
2607.20898 0.037868
2607.65503 0.037744
2608.10205 0.03762
2608.54810 0.037497
2608.99390 0.037373
2609.43994 0.037249
2609.88696 0.037126
2610.33301 0.037001
2610.78003 0.036877
2611.22705 0.036757
2611.67407 0.036637
2612.12012 0.036517
2612.56689 0.036397
2613.01392 0.036278
2613.46094 0.036158
2613.90796 0.036039
2614.35596 0.035919
2614.80298 0.0358
2615.25000 0.035681
2615.69800 0.035562
2616.14502 0.035443
2616.59302 0.035324
2617.04102 0.035205
2617.48804 0.035086
2617.93604 0.034967
2618.38403 0.034849
2618.83203 0.03473
