threeML/data/optical_filters/HST/WFC3_UVIS2-FQ906N.ecsv
# %ECSV 0.9
# ---
# datatype:
# - {name: wavelength, unit: Angstrom, datatype: float32}
# - {name: response, datatype: float32}
# meta: !!omap
# - {band_name: FQ906N}
# - {group_name: WFC3_UVIS2}
wavelength response
7930.10840 0.0
8811.23145 0.000402
8812.73926 0.000417
8814.24707 0.000432
8815.75488 0.000446
8817.26367 0.000461
8818.77246 0.000475
8820.28125 0.00049
8821.79004 0.000504
8823.29980 0.000519
8824.80957 0.000533
8826.31934 0.000548
8827.82910 0.000562
8829.33984 0.000576
8830.85059 0.000591
8832.36133 0.000605
8833.87207 0.000619
8835.38379 0.000634
8836.89648 0.000648
8838.40723 0.000662
8839.91992 0.000677
8841.43164 0.000691
8842.94434 0.000705
8844.45801 0.000719
8845.97070 0.000733
8847.48438 0.000748
8848.99805 0.000762
8850.51172 0.000776
8852.02637 0.00079
8853.54102 0.000804
8855.05566 0.000818
8856.57129 0.000832
8858.08594 0.000846
8859.60156 0.00086
8861.11719 0.000874
8862.63379 0.000888
8864.15039 0.000902
8865.66699 0.000916
8867.18359 0.000929
8868.70020 0.000943
8870.21777 0.000957
8871.73535 0.000971
8873.25391 0.000985
8874.77148 0.000999
8876.29004 0.001012
8877.80859 0.001026
8879.32812 0.00104
8880.84668 0.001054
8882.36621 0.001067
8883.88574 0.001081
8885.40625 0.001094
8886.92676 0.001108
8888.44727 0.001121
8889.96777 0.001135
8891.48828 0.001148
8893.00977 0.001162
8894.53125 0.001175
8896.05371 0.001189
8897.57520 0.001202
8899.09766 0.001215
8900.62012 0.001228
8902.14355 0.001242
8903.66602 0.001255
8905.18945 0.001268
8906.71289 0.001281
8908.23730 0.001294
8909.76172 0.001308
8911.28613 0.001321
8912.81055 0.001334
8914.33496 0.001347
8915.86035 0.00136
8917.38574 0.001373
8918.91211 0.001386
8920.43848 0.001399
8921.96387 0.001412
8923.49023 0.001424
8925.01758 0.001437
8926.54395 0.00145
8928.07129 0.001463
8929.59863 0.001476
8931.12695 0.001488
8932.65527 0.001501
8934.18359 0.001514
8935.71191 0.001526
8937.24023 0.001539
8938.76953 0.001552
8940.29883 0.001564
8941.82910 0.001577
8943.35840 0.00159
8944.88867 0.001602
8946.41895 0.001615
8947.95020 0.001628
8949.48047 0.00164
8951.01172 0.001653
8952.54395 0.001665
8954.07520 0.001678
8955.60742 0.00169
8957.13965 0.001702
8958.67188 0.001714
8960.20508 0.001727
8961.73828 0.001739
8963.27148 0.001751
8964.80469 0.001763
8966.33887 0.001775
8967.87305 0.001787
8969.40723 0.001799
8970.94141 0.001811
8972.47656 0.001823
8974.01172 0.001835
8975.54688 0.001847
8977.08301 0.002162
8978.61816 0.002775
8980.15527 0.002066
8981.69141 0.00222
8983.22754 0.002786
8984.76465 0.00338
8986.30176 0.00327
8987.83984 0.00399
8989.37793 0.004698
8990.91602 0.005313
8992.45410 0.00589
8993.99219 0.007078
8995.53125 0.008013
8997.07031 0.009327
8998.60938 0.011362
9000.14941 0.01291
9001.68945 0.015069
9003.22852 0.018216
9004.76953 0.022288
9006.31055 0.026667
9007.85156 0.031115
9009.39258 0.035969
9010.93359 0.041086
9012.47559 0.04619
9014.01758 0.052326
9015.55957 0.057652
9017.10254 0.062745
9018.64648 0.067791
9020.18848 0.071251
9021.73145 0.076104
9023.27539 0.079742
9024.81934 0.08198
9026.36328 0.084319
9027.90723 0.086445
9029.45215 0.087998
9030.99707 0.088992
9032.54199 0.089527
9034.08789 0.090362
9035.63281 0.091204
9037.17871 0.091621
9038.72559 0.091532
9040.27148 0.091507
9041.81836 0.091957
9043.36523 0.09215
9044.91309 0.092293
9046.45996 0.092952
9048.00781 0.093025
9049.55664 0.093008
9051.10352 0.092965
9052.65332 0.092874
9054.20215 0.092249
9055.75098 0.093003
9057.30078 0.093205
9058.85059 0.092814
9060.40039 0.093014
9061.95020 0.093309
9063.50098 0.093452
9065.05176 0.09354
9066.60254 0.093664
9068.15332 0.093684
9069.70508 0.09349
9071.25684 0.093182
9072.80859 0.092868
9074.36133 0.09274
9075.91406 0.09272
9077.46680 0.092667
9079.01953 0.092566
9080.57324 0.092423
9082.12695 0.09233
9083.68066 0.092441
9085.23535 0.092538
9086.78906 0.092397
9088.34375 0.091593
9089.89941 0.090618
9091.45410 0.089454
9093.00977 0.08784
9094.56543 0.085481
9096.12109 0.082389
9097.67773 0.079328
9099.23438 0.074849
9100.79102 0.068999
9102.34863 0.064051
9103.90527 0.057451
9105.46289 0.051925
9107.02148 0.046189
9108.57910 0.038646
9110.13770 0.033247
9111.69629 0.027982
9113.25586 0.023107
9114.81445 0.018897
9116.37402 0.015826
9117.93359 0.013089
9119.49414 0.011068
9121.05469 0.009373
9122.61523 0.007622
9124.17578 0.006706
9125.73633 0.005621
9127.29785 0.004759
9128.85938 0.004097
9130.42188 0.003232
9131.98340 0.002704
9133.54590 0.002346
9135.10938 0.002391
9136.67188 0.002808
9138.23535 0.001977
9139.79883 0.001654
9141.36230 0.001366
9142.92676 0.001133
9144.49121 0.001216
9146.05566 0.001052
9147.62012 0.000998
9149.18555 0.000989
9150.75098 0.000981
9152.31641 0.000973
9153.88184 0.000964
9155.44824 0.000956
9157.01465 0.000947
9158.58203 0.000939
9160.14844 0.000931
9161.71582 0.000922
9163.28320 0.000914
9164.85156 0.000906
9166.41895 0.000898
9167.98730 0.000889
9169.55566 0.000881
9171.12500 0.000873
9172.69434 0.000865
9174.26367 0.000856
9175.83301 0.000848
9177.40332 0.00084
9178.97363 0.000832
9180.54395 0.000824
9182.11426 0.000816
9183.68555 0.000808
9185.25684 0.0008
9186.82812 0.000792
9188.40039 0.000784
9189.97266 0.000776
9191.54492 0.000768
9193.11719 0.00076
9194.69043 0.000752
9196.26367 0.000744
9197.83691 0.000736
9199.41016 0.000728
9200.98438 0.00072
9202.55859 0.000712
9204.13281 0.000704
9205.70801 0.000696
9207.28320 0.000688
9208.85840 0.00068
9210.43359 0.000672
9212.00977 0.000665
9213.58594 0.000657
9215.16211 0.000649
9216.73926 0.000641
9218.31543 0.000633
9219.89258 0.000625
9221.47070 0.000618
9223.04785 0.00061
9224.62598 0.000602
9226.20410 0.000594
9227.78320 0.000587
9229.36230 0.000579
9230.94141 0.000571
9232.52148 0.000564
9234.09961 0.000556
9235.67969 0.000549
9237.25977 0.000541
9238.84082 0.000533
9240.42090 0.000526
9242.00195 0.000518
9243.58301 0.000511
9245.16504 0.000503
9246.74707 0.000496
9248.32910 0.000489
9249.91113 0.000481
9251.49414 0.000474
9253.07715 0.000466
9254.66016 0.000459
9256.24316 0.000452
9257.82715 0.000444
9259.41113 0.000437
9260.99512 0.00043
9262.58008 0.000422
9264.16406 0.000415
9265.74902 0.000408
9267.33496 0.000401
10194.06836 0.0
