threeML/data/optical_filters/HST/WFC3_IR-F127M.ecsv
# %ECSV 0.9
# ---
# datatype:
# - {name: wavelength, unit: Angstrom, datatype: float32}
# - {name: response, datatype: float32}
# meta: !!omap
# - {band_name: F127M}
# - {group_name: WFC3_IR}
wavelength response
[from data line 767]
12945.63965 0.534295
12946.69043 0.534375
12947.74023 0.534455
12948.79004 0.534535
12949.83984 0.534614
12950.88965 0.534694
12951.94043 0.534774
12952.99023 0.534854
12954.04004 0.534934
12955.08984 0.535014
12956.13965 0.535094
12957.20020 0.535174
12958.25000 0.535254
12959.29980 0.535334
12960.34961 0.535414
12961.40039 0.535494
12962.45020 0.535574
12963.50000 0.535654
12964.55957 0.535717
12965.61035 0.53578
12966.66016 0.535842
12967.70996 0.535905
12968.75977 0.535968
12969.80957 0.53603
12970.87012 0.536093
12971.91992 0.536155
12972.96973 0.536218
12974.01953 0.536281
12975.08008 0.536343
12976.12988 0.536406
12977.17969 0.536468
12978.23047 0.536531
12979.29004 0.536594
12980.33984 0.536671
12981.38965 0.536781
12982.45020 0.53689
12983.50000 0.537
12984.54980 0.536943
12985.61035 0.536878
12986.66016 0.536813
12987.70996 0.536747
12988.76953 0.536682
12989.82031 0.536616
12990.87012 0.536512
12991.92969 0.5364
12992.98047 0.536288
12994.04004 0.536176
12995.08984 0.536064
12996.13965 0.535952
12997.20020 0.535839
12998.25000 0.535727
12999.30957 0.535615
13000.36035 0.535509
13001.41992 0.535416
13002.46973 0.535323
13003.53027 0.53523
13004.58008 0.53453
13005.63965 0.533813
13006.69043 0.533096
13007.75000 0.532377
13008.79980 0.53166
13009.86035 0.530942
13010.91016 0.530223
13011.96973 0.529506
13013.01953 0.528787
13014.08008 0.528069
13015.12988 0.527351
13016.19043 0.526631
13017.25000 0.525913
13018.29980 0.525194
13019.36035 0.524475
13020.41016 0.523774
13021.46973 0.5231
13022.53027 0.522427
13023.58008 0.521721
13024.63965 0.519513
13025.70020 0.517306
13026.75000 0.515097
13027.80957 0.512889
13028.87012 0.510679
13029.91992 0.508468
13030.98047 0.506216
13032.04004 0.503961
13033.08984 0.501704
13034.15039 0.499447
13035.20996 0.497192
13036.26953 0.494935
13037.32031 0.492677
13038.37988 0.49042
13039.44043 0.488162
13040.50000 0.485904
13041.55957 0.483643
13042.61035 0.481385
13043.66992 0.478902
13044.73047 0.47435
13045.79004 0.469797
13046.84961 0.465248
13047.90039 0.460695
13048.95996 0.456141
13050.01953 0.451587
13051.08008 0.447032
13052.13965 0.442477
13053.20020 0.437922
13054.25977 0.433363
13055.32031 0.428807
13056.37988 0.424247
13057.42969 0.419691
13058.49023 0.41513
13059.54980 0.410569
13060.61035 0.406008
13061.66992 0.40145
13062.73047 0.396888
13063.79004 0.392003
13064.84961 0.385894
13065.91016 0.379785
13066.96973 0.373676
13068.03027 0.367561
13069.08984 0.361451
13070.15039 0.355339
13071.20996 0.349253
13072.26953 0.343166
13073.33008 0.337077
13074.38965 0.330986
13075.45020 0.324894
13076.50977 0.318801
13077.57031 0.312706
13078.62988 0.30661
13079.70020 0.300506
13080.75977 0.294388
13081.82031 0.288257
13082.87988 0.282125
13083.94043 0.276185
13085.00000 0.270595
13086.05957 0.265005
13087.12012 0.259414
13088.19043 0.253819
13089.25000 0.248227
13090.30957 0.242636
13091.37012 0.237044
13092.42969 0.231446
13093.50000 0.225848
13094.55957 0.220255
13095.62012 0.214656
13096.67969 0.209057
13097.75000 0.203458
13098.80957 0.197858
13099.87012 0.192258
13100.92969 0.186658
13102.00000 0.181057
13103.05957 0.17545
13104.12012 0.170709
13105.19043 0.166798
13106.25000 0.16289
13107.30957 0.158979
13108.37988 0.155067
13109.44043 0.151156
13110.50000 0.147244
13111.57031 0.143331
13112.62988 0.139419
13113.69043 0.135506
13114.75977 0.131589
13115.82031 0.127676
13116.87988 0.123758
13117.95020 0.119845
13119.00977 0.115927
13120.08008 0.112009
13121.13965 0.108101
13122.20996 0.104191
13123.26953 0.10028
13124.33008 0.09749
13125.40039 0.095176
13126.45996 0.092862
13127.53027 0.090545
13128.58984 0.088229
13129.66016 0.085911
13130.71973 0.083587
13131.79004 0.081263
13132.84961 0.078936
13133.91992 0.076609
13134.99023 0.074282
13136.04980 0.071955
13137.12012 0.069628
13138.17969 0.067299
13139.25000 0.064971
13140.30957 0.062641
13141.37988 0.060313
13142.45020 0.057983
13143.50977 0.055653
13144.58008 0.054294
13145.63965 0.053015
13146.70996 0.051735
13147.78027 0.050455
13148.83984 0.049173
13149.91016 0.047893
13150.98047 0.046613
13152.04004 0.045332
13153.11035 0.044051
13154.17969 0.042769
13155.25000 0.041489
13156.30957 0.040207
13157.37988 0.038925
13158.45020 0.037643
13159.50977 0.036361
13160.58008 0.03508
13161.65039 0.0338
13162.71973 0.03252
13163.79004 0.031341
13164.84961 0.030638
13165.91992 0.029936
13166.99023 0.029233
13168.05957 0.02853
13169.12988 0.027827
13170.19043 0.027123
13171.25977 0.026417
13172.33008 0.025711
13173.40039 0.025005
13174.46973 0.024299
13175.54004 0.023592
13176.61035 0.022885
13177.66992 0.022179
13178.74023 0.021472
13179.80957 0.020765
13180.87988 0.020058
13181.95020 0.019351
13183.01953 0.018644
13184.08984 0.01808
13185.16016 0.017689
13186.23047 0.017298
13187.29980 0.016908
13188.37012 0.016517
13189.44043 0.016126
13190.50977 0.015735
13191.58008 0.015344
13192.65039 0.014953
13193.71973 0.014561
13194.79004 0.01417
13195.86035 0.013779
13196.92969 0.013387
13198.00000 0.012996
13199.07031 0.012604
13200.13965 0.012213
13201.20996 0.011821
13202.28027 0.011429
13203.34961 0.011037
13204.42969 0.010768
13205.50000 0.010538
13206.57031 0.010307
13207.63965 0.010076
13208.70996 0.009846
13209.78027 0.009615
13210.84961 0.009385
13211.92969 0.009155
13213.00000 0.008925
13214.07031 0.008696
13215.13965 0.008465
13216.20996 0.008235
13217.29004 0.008005
13218.36035 0.007775
13219.42969 0.007545
13220.50000 0.007314
13221.58008 0.007083
13222.65039 0.006852
13223.71973 0.006631
13224.79004 0.006504
13225.87012 0.006378
13226.94043 0.006251
13228.00977 0.006125
13229.08008 0.005998
13230.16016 0.005872
13231.23047 0.005745
13232.29980 0.005618
13233.37988 0.005492
13234.45020 0.005365
13235.53027 0.005238
13236.59961 0.005112
13237.66992 0.004985
13238.75000 0.004858
13239.82031 0.004732
13240.88965 0.004605
13241.96973 0.004478
13243.04004 0.004352
13244.12012 0.004244
13245.19043 0.00416
13246.26953 0.004075
13247.33984 0.00399
13248.41992 0.003906
13249.49023 0.003821
13250.57031 0.003736
13251.63965 0.003652
13252.70996 0.003567
13253.79004 0.003482
13254.87012 0.003398
13255.94043 0.003313
13257.01953 0.003228
13258.08984 0.003143
13259.16992 0.003059
13260.24023 0.002974
13261.32031 0.002889
13262.38965 0.002804
13263.46973 0.002719
13264.54980 0.002668
13265.62012 0.002622
13266.70020 0.002577
13267.76953 0.002531
13268.84961 0.002485
13269.92969 0.00244
13271.00000 0.002394
13272.08008 0.002348
13273.16016 0.002303
13274.23047 0.002257
13275.30957 0.002212
13276.38965 0.002166
13277.45996 0.002121
13278.54004 0.002075
13279.62012 0.002029
13280.70020 0.001984
13281.76953 0.001938
13282.84961 0.001892
13283.92969 0.001849
13285.00977 0.001816
13286.08008 0.001782
13287.16016 0.001748
13288.24023 0.001714
13289.32031 0.001681
13290.40039 0.001647
13291.46973 0.001613
13292.54980 0.001579
13293.62988 0.001545
13294.70996 0.001512
13295.79004 0.001478
13296.87012 0.001444
13297.94043 0.00141
13299.01953 0.001376
13300.09961 0.001343
13301.17969 0.001309
13302.25977 0.001275
13303.33984 0.001241
13304.41992 0.001219
13305.50000 0.001202
13306.58008 0.001184
13307.66016 0.001167
13308.74023 0.001149
13309.82031 0.001132
13310.88965 0.001114
13311.96973 0.001096
13313.04980 0.001079
13314.12988 0.001061
13315.20996 0.001044
13316.29004 0.001026
13317.37012 0.001009
13318.45996 0.000991
13319.54004 0.000974
13320.62012 0.000956
13321.70020 0.000939
13322.78027 0.000921
13323.86035 0.000903
13324.94043 0.000883
13326.01953 0.000862
13327.09961 0.000842
13328.17969 0.000821
13329.25977 0.000801
13330.33984 0.00078
13331.42969 0.00076
13332.50977 0.000739
13333.58984 0.000718
13334.66992 0.000698
13335.75000 0.000677
13336.83008 0.000657
13337.91992 0.000636
13339.00000 0.000615
13340.08008 0.000595
13341.16016 0.000574
13342.25000 0.000554
13343.33008 0.000533
13344.41016 0.000523
13345.49023 0.000518
13346.58008 0.000512
13347.66016 0.000507
13348.74023 0.000501
13349.82031 0.000496
13350.91016 0.00049
13351.99023 0.000485
13353.07031 0.000479
13354.16016 0.000474
13355.24023 0.000468
13356.32031 0.000463
13357.41016 0.000458
13358.49023 0.000452
13359.57031 0.000447
13360.66016 0.000441
13361.74023 0.000436
13362.83008 0.00043
13363.91016 0.000425
13364.99023 0.000419
13366.08008 0.000414
13367.16016 0.000408
13368.25000 0.000403
14705.07520 0.0
