threeML/data/optical_filters/HST/WFC3_UVIS1-F502N.ecsv
# %ECSV 0.9
# ---
# datatype:
# - {name: wavelength, unit: Angstrom, datatype: float32}
# - {name: response, datatype: float32}
# meta: !!omap
# - {band_name: F502N}
# - {group_name: WFC3_UVIS1}
wavelength response
4459.89258 0.0
4955.43604 0.000422
4956.28418 0.000503
4957.13086 0.000604
4957.97900 0.000727
4958.82812 0.000865
4959.67578 0.001052
4960.52490 0.001279
4961.37402 0.001585
4962.22217 0.001967
4963.07080 0.002436
4963.91992 0.003031
4964.77002 0.003793
4965.61914 0.004859
4966.46924 0.006209
4967.31787 0.007945
4968.16797 0.010161
4969.01904 0.01303
4969.86914 0.01684
4970.71924 0.02203
4971.56885 0.029181
4972.41992 0.038385
4973.27100 0.050776
4974.12207 0.066853
4974.97217 0.086542
4975.82422 0.109751
4976.67480 0.136566
4977.52588 0.164132
4978.37793 0.18963
4979.22900 0.211855
4980.08203 0.229553
4980.93408 0.24174
4981.78613 0.249279
4982.63818 0.253153
4983.49121 0.254427
4984.34277 0.254686
4985.19580 0.254554
4986.04883 0.254151
4986.90186 0.253585
4987.75488 0.253666
4988.60791 0.25379
4989.46191 0.254386
4990.31494 0.254966
4991.16895 0.255545
4992.02295 0.255901
4992.87695 0.255447
4993.73096 0.255609
4994.58594 0.254859
4995.43994 0.253784
4996.29492 0.252246
4997.14990 0.25048
4998.00488 0.248767
4998.85986 0.247007
4999.71484 0.244611
5000.57080 0.242851
5001.42578 0.240838
5002.28223 0.238851
5003.13818 0.23715
5003.99414 0.235679
5004.85010 0.234151
5005.70605 0.233685
5006.56201 0.232852
5007.41895 0.232094
5008.27588 0.23163
5009.13281 0.231438
5009.99023 0.231364
5010.84717 0.231315
5011.70410 0.231554
5012.56201 0.231936
5013.41895 0.232149
5014.27686 0.232429
5015.13477 0.232831
5015.99316 0.233259
5016.85107 0.233743
5017.70898 0.234674
5018.56787 0.235256
5019.42676 0.236374
5020.28516 0.237475
5021.14404 0.23845
5022.00293 0.239634
5022.86182 0.241222
5023.72217 0.242542
5024.58203 0.244401
5025.44092 0.246145
5026.30078 0.247985
5027.16113 0.24997
5028.02100 0.251795
5028.88086 0.253052
5029.74219 0.254757
5030.60205 0.25614
5031.46289 0.257071
5032.32422 0.257578
5033.18506 0.257485
5034.04492 0.256658
5034.90723 0.255016
5035.76807 0.25158
5036.62988 0.245964
5037.49219 0.238877
5038.35400 0.229029
5039.21484 0.216282
5040.07812 0.201067
5040.93994 0.183747
5041.80176 0.164269
5042.66504 0.143157
5043.52783 0.122371
5044.39111 0.102486
5045.25293 0.084636
5046.11719 0.06934
5046.97998 0.056194
5047.84424 0.044329
5048.70703 0.035195
5049.57080 0.027684
5050.43506 0.021928
5051.29883 0.017309
5052.16309 0.013558
5053.02783 0.010659
5053.89209 0.008435
5054.75684 0.006683
5055.62207 0.005344
5056.48682 0.004295
5057.35205 0.003445
5058.21680 0.002771
5059.08301 0.00226
5059.94824 0.001866
5060.81299 0.001524
5061.68018 0.001262
5062.54492 0.001045
5063.41211 0.00087
5064.27783 0.000728
5065.14502 0.000608
5066.01123 0.000504
5066.87793 0.000418
5573.56592 0.0
