threeML/data/optical_filters/HST/WFC3_UVIS1-F390W.ecsv
# %ECSV 0.9
# ---
# datatype:
# - {name: wavelength, unit: Angstrom, datatype: float32}
# - {name: response, datatype: float32}
# meta: !!omap
# - {band_name: F390W}
# - {group_name: WFC3_UVIS1}
wavelength response
[from data line 805]
3686.78198 0.201772
3687.41309 0.201907
3688.04297 0.202041
3688.67407 0.202175
3689.30493 0.20231
3689.93604 0.202444
3690.56689 0.202588
3691.19897 0.202733
3691.83008 0.202874
3692.46191 0.203014
3693.09302 0.203155
3693.72510 0.203296
3694.35693 0.203438
3694.98901 0.203579
3695.62109 0.20372
3696.25293 0.203861
3696.88501 0.204003
3697.51807 0.204144
3698.14990 0.204286
3698.78296 0.204427
3699.41602 0.204569
3700.04907 0.20471
3700.68091 0.20484
3701.31396 0.204951
3701.94800 0.205033
3702.58105 0.205115
3703.21411 0.205197
3703.84790 0.205279
3704.48096 0.205361
3705.11499 0.205443
3705.74902 0.205525
3706.38306 0.205607
3707.01709 0.205689
3707.65088 0.205772
3708.28491 0.205854
3708.91895 0.205936
3709.55396 0.206019
3710.18799 0.206104
3710.82300 0.206198
3711.45801 0.206294
3712.09302 0.206392
3712.72803 0.206489
3713.36304 0.206587
3713.99805 0.206684
3714.63403 0.206782
3715.26904 0.20688
3715.90503 0.206977
3716.54004 0.207075
3717.17603 0.207173
3717.81201 0.207271
3718.44800 0.207369
3719.08398 0.207467
3719.71997 0.207565
3720.35596 0.207656
3720.99292 0.207743
3721.62891 0.207828
3722.26611 0.207912
3722.90308 0.207997
3723.54004 0.208082
3724.17700 0.208167
3724.81299 0.208252
3725.45093 0.208337
3726.08789 0.208422
3726.72510 0.208507
3727.36304 0.208592
3728.00000 0.208677
3728.63794 0.208762
3729.27588 0.208847
3729.91406 0.208932
3730.55200 0.209017
3731.18994 0.209107
3731.82788 0.209214
3732.46704 0.209321
3733.10498 0.209428
3733.74390 0.209535
3734.38306 0.209642
3735.02100 0.20975
3735.65991 0.209857
3736.29907 0.209964
3736.93799 0.210071
3737.57788 0.210179
3738.21704 0.210286
3738.85596 0.210394
3739.49609 0.210501
3740.13599 0.210611
3740.77588 0.210731
3741.41602 0.210859
3742.05493 0.210994
3742.69604 0.21113
3743.33594 0.211266
3743.97607 0.211401
3744.61694 0.211537
3745.25708 0.211673
3745.89795 0.211809
3746.53906 0.211945
3747.17993 0.212081
3747.82104 0.212217
3748.46191 0.212353
3749.10303 0.212489
3749.74390 0.212626
3750.38599 0.212755
3751.02710 0.212879
3751.66895 0.213011
3752.31104 0.213143
3752.95288 0.213275
3753.59399 0.213406
3754.23706 0.213538
3754.87891 0.213671
3755.52100 0.213803
3756.16406 0.213935
3756.80591 0.214067
3757.44897 0.214199
3758.09204 0.214332
3758.73389 0.214464
3759.37695 0.214596
3760.02100 0.214729
3760.66406 0.214874
3761.30688 0.21502
3761.94995 0.215168
3762.59399 0.215316
3763.23804 0.215464
3763.88110 0.215612
3764.52490 0.21576
3765.16895 0.215909
3765.81299 0.216057
3766.45703 0.216205
3767.10205 0.216354
3767.74609 0.216502
3768.39111 0.216651
3769.03491 0.2168
3769.67993 0.216949
3770.32495 0.217091
3770.96997 0.217228
3771.61499 0.217314
3772.26001 0.217389
3772.90503 0.217465
3773.55103 0.217541
3774.19604 0.217617
3774.84204 0.217693
3775.48804 0.217769
3776.13306 0.217845
3776.77905 0.217921
3777.42603 0.217998
3778.07202 0.218074
3778.71802 0.21815
3779.36401 0.218226
3780.01099 0.218302
3780.65698 0.218379
3781.30396 0.218444
3781.95093 0.218492
3782.59790 0.218539
3783.24512 0.218587
3783.89209 0.218634
3784.53906 0.218682
3785.18701 0.218729
3785.83398 0.218776
3786.48193 0.218824
3787.12988 0.218871
3787.77808 0.218919
3788.42603 0.218967
3789.07300 0.219014
3789.72192 0.219062
3790.37012 0.219116
3791.01807 0.219176
3791.66699 0.219205
3792.31494 0.219232
3792.96411 0.219259
3793.61304 0.219285
3794.26196 0.219312
3794.91089 0.219339
3795.56006 0.219365
3796.20898 0.219392
3796.85889 0.219418
3797.50806 0.219445
3798.15796 0.219472
3798.80811 0.219498
3799.45801 0.219525
3800.10693 0.219559
3800.75806 0.219629
3801.40796 0.21968
3802.05811 0.219713
3802.70801 0.219747
3803.35889 0.219779
3804.01001 0.219812
3804.65991 0.219845
3805.31104 0.219878
3805.96191 0.219911
3806.61304 0.219944
3807.26392 0.219977
3807.91504 0.22001
3808.56689 0.220043
3809.21802 0.220075
3809.87012 0.220108
3810.52197 0.220141
3811.17407 0.220177
3811.82495 0.220239
3812.47803 0.220301
3813.12988 0.220363
3813.78198 0.220425
3814.43408 0.220487
3815.08691 0.220549
3815.73999 0.22061
3816.39209 0.220672
3817.04492 0.220734
3817.69800 0.220796
3818.35107 0.220858
3819.00391 0.22092
3819.65698 0.220982
3820.31104 0.22105
3820.96411 0.221124
3821.61792 0.221208
3822.27197 0.221295
3822.92603 0.221382
3823.58008 0.221468
3824.23389 0.221555
3824.88794 0.221642
3825.54199 0.221728
3826.19702 0.221815
3826.85107 0.221902
3827.50610 0.221989
3828.15991 0.222076
3828.81494 0.222162
3829.46997 0.222249
3830.12500 0.222334
3830.78101 0.222408
3831.43604 0.222512
3832.09106 0.222641
3832.74707 0.222771
3833.40210 0.2229
3834.05811 0.22303
3834.71411 0.22316
3835.37012 0.223289
3836.02588 0.223419
3836.68188 0.223549
3837.33911 0.223679
3837.99512 0.223809
3838.65088 0.223939
3839.30811 0.224069
3839.96509 0.2242
3840.62207 0.224342
3841.27905 0.224496
3841.93604 0.224679
3842.59302 0.224862
3843.25000 0.225045
3843.90796 0.225228
3844.56494 0.225411
3845.22290 0.225594
3845.88110 0.225778
3846.53906 0.225961
3847.19702 0.226145
3847.85498 0.226329
3848.51294 0.226513
3849.17090 0.226697
3849.83008 0.226881
3850.48804 0.227055
3851.14697 0.227228
3851.80591 0.227411
3852.46509 0.227594
3853.12402 0.227777
3853.78296 0.227961
3854.44189 0.228144
3855.10107 0.228328
3855.76099 0.228512
3856.41992 0.228695
3857.08008 0.228879
3857.73999 0.229063
3858.39990 0.229247
3859.06006 0.229432
3859.71997 0.229616
3860.37988 0.2298
3861.04102 0.229985
3861.70093 0.230151
3862.36206 0.230315
3863.02197 0.230479
3863.68311 0.230644
3864.34399 0.230808
3865.00488 0.230973
3865.66602 0.231137
3866.32788 0.231302
3866.98901 0.231467
3867.64990 0.231632
3868.31201 0.231797
3868.97412 0.231962
3869.63599 0.232127
3870.29810 0.232299
3870.95996 0.232477
3871.62207 0.232611
3872.28394 0.232732
3872.94702 0.232854
3873.60889 0.232975
3874.27197 0.233097
3874.93408 0.233219
3875.59692 0.233341
3876.26001 0.233462
3876.92310 0.233584
3877.58594 0.233706
3878.25000 0.233828
3878.91309 0.23395
3879.57690 0.234072
3880.23999 0.234189
3880.90405 0.234298
3881.56812 0.234372
3882.23193 0.234431
3882.89600 0.234491
3883.56006 0.23455
3884.22510 0.234609
3884.88892 0.234669
3885.55396 0.234728
3886.21802 0.234787
3886.88306 0.234847
3887.54810 0.234906
3888.21289 0.234965
3888.87793 0.235024
3889.54297 0.235084
3890.20898 0.235143
3890.87402 0.235202
3891.54004 0.235214
3892.20605 0.235201
3892.87109 0.235189
3893.53711 0.235176
3894.20288 0.235163
3894.86890 0.23515
3895.53589 0.235137
3896.20190 0.235124
3896.86890 0.235111
3897.53491 0.235098
3898.20190 0.235085
3898.86890 0.235072
3899.53589 0.235058
3900.20288 0.235049
3900.87012 0.235049
3901.53711 0.235027
3902.20508 0.234993
3902.87207 0.23496
3903.54004 0.234926
3904.20801 0.234892
3904.87500 0.234858
3905.54297 0.234824
3906.21094 0.234789
3906.87988 0.234755
3907.54810 0.23472
3908.21606 0.234686
3908.88501 0.234651
3909.55396 0.234616
3910.22192 0.234577
3910.89111 0.234528
3911.56006 0.234484
3912.22900 0.234443
3912.89893 0.234402
3913.56812 0.23436
3914.23804 0.234319
3914.90698 0.234277
3915.57690 0.234235
3916.24707 0.234193
3916.91699 0.234151
3917.58594 0.234109
3918.25708 0.234067
3918.92700 0.234025
3919.59692 0.233982
3920.26807 0.23394
3920.93799 0.233897
3921.60889 0.233875
3922.28003 0.233859
3922.95093 0.233843
3923.62207 0.233826
3924.29297 0.23381
3924.96411 0.233794
3925.63599 0.233778
3926.30688 0.233762
3926.97900 0.233745
3927.65088 0.233729
3928.32300 0.233712
3928.99512 0.233695
3929.66699 0.233679
3930.33911 0.233669
3931.01099 0.233665
3931.68408 0.233722
3932.35596 0.233791
3933.02905 0.233859
3933.70190 0.233927
3934.37500 0.233995
3935.04810 0.234064
3935.72095 0.234132
3936.39404 0.2342
3937.06689 0.234268
3937.74097 0.234336
3938.41504 0.234405
3939.08789 0.234473
3939.76196 0.234541
3940.43604 0.2346
3941.11011 0.234655
3941.78394 0.234751
3942.45801 0.234848
3943.13306 0.234944
3943.80688 0.235041
3944.48193 0.235138
3945.15698 0.235235
3945.83203 0.235332
3946.50708 0.235429
3947.18188 0.235525
3947.85693 0.235622
3948.53198 0.235719
3949.20801 0.235816
3949.88306 0.235913
3950.55908 0.23601
3951.23511 0.236118
3951.91089 0.236281
3952.58691 0.236443
3953.26294 0.236606
3953.93896 0.236768
3954.61499 0.236931
3955.29199 0.237094
3955.96899 0.237257
3956.64502 0.23742
3957.32202 0.237583
3957.99902 0.237746
3958.67603 0.237909
3959.35303 0.238073
3960.03101 0.238237
3960.70801 0.238414
3961.38501 0.238592
3962.06299 0.238771
3962.74097 0.238951
3963.41895 0.23913
3964.09692 0.23931
3964.77490 0.239489
3965.45288 0.239669
3966.13208 0.239849
3966.81006 0.240029
3967.48901 0.240209
3968.16699 0.240389
3968.84595 0.240569
3969.52490 0.24075
3970.20410 0.240926
3970.88306 0.241092
3971.56201 0.241258
3972.24194 0.241422
3972.92090 0.241587
3973.60107 0.241752
3974.28101 0.241917
3974.95996 0.242082
3975.63989 0.242247
3976.32104 0.242412
3977.00098 0.242577
3977.68091 0.242743
3978.36206 0.242908
3979.04199 0.243073
3979.72290 0.243239
3980.40405 0.243405
3981.08398 0.24357
3981.76489 0.243696
3982.44702 0.243819
3983.12793 0.243942
3983.80908 0.244066
3984.48999 0.244189
3985.17212 0.244312
3985.85400 0.244436
3986.53589 0.244559
3987.21802 0.244682
3987.89990 0.244806
3988.58203 0.244929
3989.26392 0.245053
3989.94702 0.245177
3990.62891 0.245314
3991.31201 0.24543
3991.99512 0.245488
3992.67700 0.245545
3993.36011 0.245603
3994.04297 0.245661
3994.72705 0.245718
3995.40991 0.245776
3996.09399 0.245834
3996.77710 0.245891
3997.46094 0.245949
3998.14502 0.246006
3998.82910 0.246064
3999.51294 0.246121
4000.19702 0.246157
4000.88110 0.246137
4001.56494 0.246089
4002.25000 0.246025
4002.93506 0.24596
4003.61890 0.245896
4004.30396 0.245832
4004.98901 0.245767
4005.67407 0.245703
4006.36011 0.245638
4007.04492 0.245574
4007.72998 0.24551
4008.41602 0.245445
4009.10205 0.245381
4009.78711 0.245316
4010.47290 0.245251
4011.15894 0.245184
4011.84497 0.245058
4012.53198 0.244931
4013.21802 0.244805
4013.90503 0.244678
4014.59106 0.244551
4015.27808 0.244425
4015.96509 0.244298
4016.65210 0.244171
4017.33911 0.244044
4018.02588 0.243917
4018.71411 0.24379
4019.40088 0.243664
4020.08911 0.243538
4020.77588 0.243425
4021.46411 0.243308
4022.15210 0.243185
4022.84009 0.243062
4023.52808 0.242939
4024.21704 0.242816
4024.90503 0.242693
4025.59302 0.24257
4026.28198 0.242447
4026.97095 0.242324
4027.65991 0.2422
4028.34912 0.242077
4029.03809 0.241953
4029.72705 0.24183
4030.41602 0.241704
4031.10596 0.241576
4031.79492 0.241445
4032.48511 0.241314
4033.17505 0.241183
4033.86499 0.241052
4034.55493 0.240921
4035.24512 0.240789
4035.93506 0.240658
4036.62500 0.240527
4037.31592 0.240395
4038.00708 0.240263
4038.69800 0.240132
4039.38794 0.24
4040.07910 0.239868
4040.77002 0.239736
4041.46191 0.239621
4042.15308 0.239525
4042.84399 0.23943
4043.53589 0.239334
4044.22803 0.239238
4044.91895 0.239142
4045.61108 0.239046
4046.30298 0.23895
4046.99609 0.238854
4047.68799 0.238758
4048.37988 0.238662
4049.07300 0.238566
4049.76489 0.23847
4050.45801 0.238383
4051.15088 0.238301
4051.84399 0.238301
4052.53711 0.2383
4053.22998 0.2383
4053.92407 0.238299
4054.61694 0.238298
4055.31104 0.238298
4056.00488 0.238297
4056.69800 0.238296
4057.39209 0.238296
4058.08594 0.238295
4058.78101 0.238294
4059.47510 0.238293
4060.16895 0.238289
4060.86401 0.238274
4061.55908 0.238271
4062.25293 0.238276
4062.94800 0.238281
4063.64307 0.238286
4064.33789 0.23829
4065.03394 0.238295
4065.72900 0.2383
4066.42505 0.238305
4067.12012 0.23831
4067.81592 0.238315
4068.51196 0.23832
4069.20801 0.238325
4069.90405 0.23833
4070.60010 0.238334
4071.29590 0.238349
4071.99292 0.2384
4072.68896 0.238452
4073.38599 0.238504
4074.08301 0.238556
4074.78003 0.238607
4075.47705 0.238659
4076.17407 0.23871
4076.87109 0.238762
4077.56909 0.238814
4078.26611 0.238866
4078.96411 0.238918
4079.66089 0.238969
4080.35889 0.239028
4081.05688 0.239094
4081.75488 0.239176
4082.45410 0.239259
4083.15210 0.239343
4083.85107 0.239426
4084.54907 0.23951
4085.24805 0.239593
4085.94702 0.239677
4086.64600 0.239761
4087.34497 0.239845
4088.04395 0.239928
4088.74292 0.240012
4089.44312 0.240096
4090.14209 0.240177
4090.84204 0.240247
4091.54199 0.240312
4092.24097 0.240374
4092.94092 0.240436
4093.64209 0.240498
4094.34204 0.24056
4095.04199 0.240622
4095.74292 0.240684
4096.44287 0.240747
4097.14404 0.240809
4097.84521 0.240871
4098.54590 0.240933
4099.24707 0.240996
4099.94824 0.241058
4100.64990 0.24112
4101.35107 0.241181
4102.05322 0.241238
4102.75391 0.241296
4103.45703 0.241354
4104.15820 0.241412
4104.85986 0.24147
4105.56201 0.241527
4106.26514 0.241585
4106.96680 0.241643
4107.66992 0.241701
4108.37305 0.241759
4109.07520 0.241817
4109.77783 0.241874
4110.48096 0.241942
4111.18408 0.242013
4111.88818 0.242037
4112.59082 0.242061
4113.29395 0.242084
4113.99805 0.242108
4114.70215 0.242132
4115.40576 0.242156
4116.10986 0.24218
4116.81396 0.242203
4117.51807 0.242227
4118.22314 0.242251
4118.92676 0.242275
4119.63086 0.242299
4120.33594 0.242315
4121.04102 0.242324
4121.74609 0.24232
4122.45117 0.242314
4123.15576 0.242307
4123.86084 0.2423
4124.56689 0.242293
4125.27197 0.242287
4125.97803 0.24228
4126.68408 0.242273
4127.39014 0.242266
4128.09619 0.24226
4128.80176 0.242253
4129.50781 0.242246
4130.21484 0.242239
4130.92090 0.242232
4131.62793 0.242195
4132.33496 0.242143
4133.04199 0.24209
4133.74902 0.242037
4134.45605 0.241984
4135.16309 0.241931
4135.87109 0.241878
4136.57812 0.241825
4137.28613 0.241772
4137.99316 0.241718
4138.70117 0.241665
4139.40918 0.241612
4140.11719 0.241559
4140.82520 0.241506
4141.53418 0.241455
4142.24219 0.241407
4142.95117 0.241359
4143.66016 0.241311
4144.36816 0.241263
4145.07715 0.241215
4145.78613 0.241167
4146.49609 0.241118
4147.20508 0.24107
4147.91406 0.241022
4148.62402 0.240974
4149.33301 0.240925
4150.04297 0.240878
4150.75293 0.240844
4151.46289 0.240816
4152.17285 0.240795
4152.88379 0.240775
4153.59424 0.240754
4154.30518 0.240733
4155.01514 0.240712
4155.72607 0.240691
4156.43701 0.240671
4157.14795 0.24065
4157.85889 0.240629
4158.56982 0.240608
4159.28223 0.240587
4159.99316 0.240566
4160.70508 0.24053
4161.41699 0.240496
4162.12793 0.240466
4162.83984 0.240435
4163.55176 0.240404
4164.26514 0.240374
4164.97705 0.240343
4165.68896 0.240312
4166.40186 0.240282
4167.11523 0.240251
4167.82812 0.24022
4168.54102 0.240189
4169.25293 0.240158
4169.96680 0.240127
4170.68018 0.240096
4171.39404 0.240083
4172.10693 0.240107
4172.82080 0.240131
4173.53516 0.240156
4174.24902 0.24018
4174.96191 0.240205
4175.67676 0.24023
4176.39111 0.240254
4177.10498 0.240279
4177.81982 0.240303
4178.53516 0.240328
4179.25000 0.240352
4179.96387 0.240377
4180.68018 0.240415
4181.39502 0.240457
4182.10986 0.240504
4182.82520 0.240552
4183.54102 0.240599
4184.25586 0.240647
4184.97217 0.240695
4185.68799 0.240742
4186.40381 0.24079
4187.12012 0.240838
4187.83594 0.240885
4188.55322 0.240933
4189.27002 0.240981
4189.98584 0.241029
4190.70312 0.241062
4191.41895 0.241106
4192.13721 0.241174
4192.85400 0.241241
4193.57080 0.241309
4194.28906 0.241376
4195.00586 0.241444
4195.72412 0.241512
4196.44092 0.241579
4197.15918 0.241647
4197.87695 0.241715
4198.59521 0.241783
4199.31299 0.24185
4200.03223 0.241918
4200.75000 0.241986
4201.46924 0.242058
4202.18701 0.242137
4202.90576 0.242216
4203.62500 0.242295
4204.34424 0.242373
4205.06299 0.242452
4205.78320 0.242531
4206.50195 0.242611
4207.22217 0.24269
4207.94092 0.242769
4208.66211 0.242848
4209.38086 0.242927
4210.10205 0.243006
4210.82178 0.243085
4211.54199 0.24316
4212.26221 0.243229
4212.98291 0.243299
4213.70410 0.243368
4214.42383 0.243438
4215.14600 0.243507
4215.86621 0.243577
4216.58691 0.243647
4217.30908 0.243717
4218.02979 0.243786
4218.75195 0.243856
4219.47412 0.243926
4220.19482 0.244
4220.91699 0.244085
4221.63916 0.244165
4222.36084 0.244244
4223.08301 0.244322
4223.80615 0.2444
4224.52881 0.244478
4225.25098 0.244556
4225.97412 0.244635
4226.69678 0.244713
4227.41992 0.244791
4228.14307 0.24487
4228.86621 0.244948
4229.58984 0.245026
