threeML/data/optical_filters/HST/WFC3_UVIS2-FQ436N.ecsv
# %ECSV 0.9
# ---
# datatype:
# - {name: wavelength, unit: Angstrom, datatype: float32}
# - {name: response, datatype: float32}
# meta: !!omap
# - {band_name: FQ436N}
# - {group_name: WFC3_UVIS2}
wavelength response
3896.09912 0.0
4328.99902 0.000431
4329.74023 0.000526
4330.47998 0.000643
4331.22119 0.000791
4331.96191 0.000991
4332.70410 0.001238
4333.44482 0.001558
4334.18604 0.001918
4334.92822 0.002436
4335.66895 0.003129
4336.41113 0.003938
4337.15283 0.005183
4337.89502 0.006798
4338.63721 0.00858
4339.37891 0.011364
4340.12207 0.015229
4340.86377 0.019709
4341.60693 0.026495
4342.35010 0.035263
4343.09277 0.045188
4343.83594 0.05844
4344.57910 0.075189
4345.32178 0.092528
4346.06592 0.111764
4346.81006 0.130602
4347.55322 0.146673
4348.29688 0.159958
4349.04102 0.170343
4349.78516 0.177219
4350.52881 0.180741
4351.27295 0.182337
4352.01807 0.182512
4352.76318 0.182313
4353.50684 0.181847
4354.25195 0.181322
4354.99707 0.18141
4355.74219 0.181742
4356.48682 0.18227
4357.23193 0.183119
4357.97803 0.184151
4358.72412 0.185299
4359.46924 0.186521
4360.21484 0.187904
4360.96094 0.189168
4361.70801 0.190058
4362.45410 0.190945
4363.20020 0.191672
4363.94580 0.192214
4364.69287 0.192703
4365.43994 0.192734
4366.18701 0.192683
4366.93408 0.192244
4367.68115 0.191685
4368.42822 0.190971
4369.17578 0.190087
4369.92285 0.189323
4370.67090 0.188279
4371.41797 0.187253
4372.16699 0.186373
4372.91504 0.185436
4373.66309 0.18465
4374.41113 0.184013
4375.15918 0.183562
4375.90820 0.183231
4376.65723 0.183226
4377.40479 0.183299
4378.15381 0.18372
4378.90283 0.184631
4379.65186 0.185359
4380.40186 0.186173
4381.15088 0.186988
4381.90088 0.187368
4382.64990 0.186894
4383.39990 0.184849
4384.14990 0.181592
4384.89990 0.175193
4385.64990 0.165837
4386.40088 0.154632
4387.15088 0.139592
4387.90186 0.122956
4388.65283 0.106056
4389.40283 0.088459
4390.15381 0.071983
4390.90576 0.057659
4391.65723 0.045996
4392.40820 0.036216
4393.16016 0.027963
4393.91113 0.02166
4394.66309 0.01691
4395.41504 0.013123
4396.16699 0.0102
4396.91895 0.00813
4397.67090 0.006323
4398.42383 0.004933
4399.17578 0.004031
4399.92920 0.003195
4400.68213 0.002537
4401.43506 0.00209
4402.18701 0.001675
4402.94092 0.001363
4403.69385 0.00112
4404.44824 0.000916
4405.20117 0.000748
4405.95508 0.000621
4406.70801 0.000516
4407.46191 0.00044
4848.20801 0.0
