threeML/data/optical_filters/HST/WFC3_UVIS1-F475X.ecsv
# %ECSV 0.9
# ---
# datatype:
# - {name: wavelength, unit: Angstrom, datatype: float32}
# - {name: response, datatype: float32}
# meta: !!omap
# - {band_name: F475X}
# - {group_name: WFC3_UVIS1}
wavelength response
[from data line 3217]
6404.25879 0.04085
6405.35400 0.040685
6406.45117 0.040519
6407.54590 0.040354
6408.64307 0.040188
6409.73877 0.040023
6410.83594 0.039854
6411.93311 0.039687
6413.02979 0.039528
6414.12695 0.03937
6415.22510 0.039212
6416.32178 0.039053
6417.41992 0.038895
6418.51807 0.038737
6419.61621 0.038579
6420.71387 0.038423
6421.81299 0.038268
6422.91211 0.038112
6424.01123 0.037956
6425.10986 0.0378
6426.20898 0.037644
6427.30908 0.037488
6428.40820 0.037332
6429.50781 0.037176
6430.60791 0.037019
6431.70801 0.036862
6432.80908 0.036708
6433.91016 0.036555
6435.00977 0.036401
6436.11084 0.036248
6437.21191 0.036094
6438.31396 0.035941
6439.41602 0.035787
6440.51709 0.035634
6441.61914 0.03548
6442.72119 0.035338
6443.82422 0.035198
6444.92578 0.035058
6446.02881 0.034918
6447.13184 0.034777
6448.23486 0.034637
6449.33789 0.034497
6450.44092 0.034356
6451.54492 0.034212
6452.64893 0.034068
6453.75293 0.033923
6454.85693 0.033778
6455.96094 0.033633
6457.06592 0.033488
6458.17090 0.033343
6459.27588 0.033198
6460.38086 0.033055
6461.48584 0.032913
6462.59180 0.032774
6463.69678 0.032636
6464.80322 0.032498
6465.91016 0.032359
6467.01611 0.032221
6468.12207 0.032083
6469.22900 0.031945
6470.33594 0.031807
6471.44287 0.031669
6472.54980 0.031532
6473.65723 0.031396
6474.76514 0.03126
6475.87305 0.031124
6476.98096 0.030988
6478.08887 0.030853
6479.19678 0.030717
6480.30615 0.030581
6481.41504 0.030445
6482.52295 0.030313
6483.63281 0.030183
6484.74219 0.030054
6485.85205 0.029925
6486.96094 0.029795
6488.07080 0.029665
6489.18115 0.029536
6490.29199 0.029406
6491.40186 0.029273
6492.51318 0.029142
6493.62402 0.029012
6494.73389 0.028881
6495.84619 0.028751
6496.95703 0.02862
6498.06885 0.02849
6499.18018 0.028359
6500.29199 0.028228
6501.40479 0.028095
6502.51709 0.027966
6503.62891 0.027838
6504.74219 0.02771
6505.85498 0.027582
6506.96777 0.027454
6508.08203 0.027326
6509.19482 0.027198
6510.30908 0.02707
6511.42188 0.026942
6512.53711 0.026816
6513.65088 0.026691
6514.76514 0.026566
6515.87988 0.026441
6516.99512 0.026316
6518.10986 0.026191
6519.22510 0.026065
6520.33984 0.02594
6521.45605 0.025812
6522.57178 0.025687
6523.68799 0.025563
6524.80420 0.02544
6525.91992 0.025316
6527.03711 0.025192
6528.15381 0.025069
6529.27100 0.024945
6530.38818 0.024823
6531.50488 0.024702
6532.62305 0.024585
6533.74023 0.02447
6534.85791 0.024355
6535.97607 0.024239
6537.09424 0.024124
6538.21289 0.024009
6539.33203 0.023894
6540.45020 0.023779
6541.56885 0.023664
6542.68799 0.023549
6543.80811 0.023434
6544.92822 0.02332
6546.04688 0.023205
6547.16699 0.02309
6548.28809 0.022975
6549.40820 0.022861
6550.52881 0.022746
6551.64893 0.022631
6552.77100 0.022519
6553.89209 0.022407
6555.01318 0.022296
6556.13379 0.022184
6557.25586 0.022072
6558.37793 0.02196
6559.50000 0.021849
6560.62305 0.021736
6561.74512 0.021622
6562.86816 0.021514
6563.99023 0.021405
6565.11279 0.021297
6566.23682 0.021189
6567.35986 0.021081
6568.48389 0.020973
6569.60693 0.020865
6570.73096 0.020758
6571.85596 0.020652
6572.97998 0.020552
6574.10498 0.020452
6575.22900 0.020351
6576.35400 0.020251
6577.47998 0.02015
6578.60498 0.02005
6579.73096 0.01995
6580.85596 0.019849
6581.98193 0.019749
6583.10889 0.019647
6584.23486 0.019544
6585.36084 0.019442
6586.48779 0.01934
6587.61523 0.019238
6588.74219 0.019136
6589.87012 0.019034
6590.99707 0.01893
6592.12500 0.018827
6593.25195 0.018727
6594.38086 0.018627
6595.50879 0.018528
6596.63721 0.018428
6597.76611 0.018328
6598.89502 0.018229
6600.02393 0.018129
6601.15283 0.018031
6602.28320 0.017936
6603.41211 0.017844
6604.54199 0.017752
6605.67188 0.01766
6606.80176 0.017568
6607.93311 0.017477
6609.06299 0.017385
6610.19385 0.017293
6611.32520 0.017201
6612.45605 0.017111
6613.58691 0.017022
6614.71924 0.016932
6615.85107 0.016843
6616.98193 0.016754
6618.11523 0.016665
6619.24707 0.016575
6620.37891 0.016486
6621.51221 0.016397
6622.64502 0.016305
6623.77783 0.016212
6624.91211 0.016119
6626.04492 0.016026
6627.17920 0.015933
6628.31299 0.015841
6629.44678 0.015748
6630.58105 0.015654
6631.71484 0.015559
6632.85010 0.015472
6633.98486 0.015386
6635.12012 0.0153
6636.25488 0.015214
6637.39111 0.015128
6638.52588 0.015042
6639.66211 0.014956
6640.79785 0.014872
6641.93408 0.014787
6643.07080 0.014704
6644.20703 0.01462
6645.34424 0.014536
6646.48096 0.014453
6647.61816 0.014369
6648.75488 0.014285
6649.89307 0.014202
6651.03076 0.014118
6652.16895 0.014036
6653.30713 0.013958
6654.44482 0.013879
6655.58398 0.013801
6656.72314 0.013722
6657.86084 0.013644
6659.00000 0.013566
6660.14014 0.013487
6661.27881 0.013407
6662.41895 0.013328
6663.55908 0.013249
6664.69922 0.01317
6665.83887 0.013092
6666.97998 0.013013
6668.12109 0.012934
6669.26221 0.012855
6670.40283 0.012777
6671.54395 0.0127
6672.68604 0.012625
6673.82715 0.012551
6674.96924 0.012478
6676.11084 0.012404
6677.25293 0.01233
6678.39600 0.012257
6679.53809 0.012183
6680.68115 0.01211
6681.82422 0.012036
6682.96680 0.011965
6684.11084 0.011894
6685.25391 0.011823
6686.39795 0.011751
6687.54199 0.01168
6688.68701 0.011609
6689.83105 0.011538
6690.97607 0.011466
6692.12012 0.011394
6693.26514 0.011325
6694.41016 0.011255
6695.55615 0.011186
6696.70117 0.011116
6697.84717 0.011047
6698.99316 0.010977
6700.13916 0.010908
6701.28613 0.01084
6702.43213 0.01077
6703.57910 0.0107
6704.72607 0.01063
6705.87305 0.01056
6707.02100 0.01049
6708.16797 0.01042
6709.31494 0.01035
6710.46289 0.01028
6711.61182 0.01021
6712.75977 0.010146
6713.90918 0.010084
6715.05713 0.010022
6716.20605 0.00996
6717.35498 0.009897
6718.50391 0.009835
6719.65381 0.009773
6720.80420 0.00971
6721.95410 0.009648
6723.10400 0.009589
6724.25391 0.00953
6725.40381 0.009471
6726.55518 0.009412
6727.70605 0.009353
6728.85693 0.009295
6730.00781 0.009236
6731.16016 0.009178
6732.31201 0.009119
6733.46289 0.009059
6734.61523 0.008998
6735.76807 0.008938
6736.91992 0.008877
6738.07324 0.008817
6739.22607 0.008757
6740.37793 0.008696
6741.53223 0.008636
6742.68604 0.008579
6743.83887 0.008523
6744.99316 0.008467
6746.14697 0.008412
6747.30078 0.008356
6748.45605 0.0083
6749.60986 0.008245
6750.76514 0.008188
6751.91992 0.008132
6753.07520 0.008078
6754.22998 0.008023
6755.38623 0.007969
6756.54199 0.007915
6757.69824 0.00786
6758.85400 0.007806
6760.01123 0.007752
6761.16699 0.007698
6762.32422 0.007646
6763.48096 0.007595
6764.63818 0.007544
6765.79492 0.007493
6766.95312 0.007442
6768.11084 0.007391
6769.26904 0.00734
6770.42676 0.007289
6771.58496 0.007239
6772.74414 0.007188
6773.90283 0.007139
6775.06201 0.007089
6776.22119 0.007039
6777.37988 0.006989
6778.54004 0.00694
6779.70020 0.00689
6780.85986 0.00684
6782.02002 0.00679
6783.18018 0.006742
6784.34082 0.006694
6785.50098 0.006646
6786.66309 0.006598
6787.82422 0.006551
6788.98486 0.006503
6790.14600 0.006456
6791.30908 0.006409
6792.47021 0.006363
6793.63184 0.006318
6794.79492 0.006274
6795.95801 0.006229
6797.12012 0.006185
6798.28320 0.006141
6799.44580 0.006096
6800.60889 0.006052
6801.77295 0.006007
6802.93701 0.005967
6804.10107 0.005926
6805.26514 0.005885
6806.42920 0.005845
6807.59424 0.005804
6808.75879 0.005764
6809.92285 0.005723
6811.08887 0.005682
6812.25391 0.005641
6813.41895 0.0056
6814.58496 0.005559
6815.75098 0.005517
6816.91699 0.005476
6818.08301 0.005435
6819.25000 0.005394
6820.41699 0.005353
6821.58398 0.005312
6822.75098 0.005275
6823.91797 0.005237
6825.08594 0.0052
6826.25391 0.005163
6827.42090 0.005127
6828.58984 0.00509
6829.75781 0.005053
6830.92676 0.005016
6832.09521 0.004979
6833.26416 0.004942
6834.43408 0.004905
6835.60303 0.004868
6836.77197 0.004832
6837.94189 0.004795
6839.11182 0.004758
6840.28223 0.004721
6841.45312 0.004684
6842.62305 0.004649
6843.79395 0.004615
6844.96484 0.00458
6846.13623 0.004546
6847.30713 0.004512
6848.47900 0.004478
6849.64990 0.004444
6850.82178 0.00441
6851.99512 0.004377
6853.16699 0.004345
6854.33887 0.004314
6855.51221 0.004282
6856.68506 0.00425
6857.85791 0.004219
6859.03223 0.004187
6860.20508 0.004156
6861.37891 0.004124
6862.55322 0.004092
6863.72705 0.004061
6864.90088 0.004031
6866.07617 0.004
6867.25000 0.003969
6868.42480 0.003938
6869.60107 0.003907
6870.77588 0.003877
6871.95215 0.003846
6873.12695 0.003817
6874.30322 0.003788
6875.47900 0.003759
6876.65576 0.00373
6877.83301 0.0037
6879.00879 0.003671
6880.18604 0.003642
6881.36279 0.003613
6882.54102 0.003585
6883.71777 0.003558
6884.89600 0.003531
6886.07422 0.003505
6887.25195 0.003478
6888.43018 0.003451
6889.60889 0.003424
6890.78809 0.003397
6891.96680 0.00337
6893.14600 0.003344
6894.32520 0.003318
6895.50488 0.003293
6896.68506 0.003267
6897.86523 0.003242
6899.04492 0.003216
6900.22510 0.003191
6901.40576 0.003166
6902.58594 0.00314
6903.76807 0.003115
6904.94922 0.00309
6906.12988 0.003065
6907.31201 0.00304
6908.49414 0.003015
6909.67578 0.00299
6910.85791 0.002965
6912.04004 0.002941
6913.22314 0.002919
6914.40576 0.002897
6915.58887 0.002875
6916.77197 0.002854
6917.95508 0.002832
6919.13916 0.00281
6920.32324 0.002788
6921.50684 0.002766
6922.69092 0.002745
6923.87500 0.002723
6925.06006 0.002701
6926.24512 0.00268
6927.43018 0.002658
6928.61523 0.002636
6929.80078 0.002615
6930.98584 0.002593
6932.17188 0.002572
6933.35791 0.002553
6934.54395 0.002534
6935.73096 0.002514
6936.91699 0.002495
6938.10400 0.002476
6939.29199 0.002456
6940.47900 0.002437
6941.66699 0.002417
6942.85400 0.002397
6944.04199 0.002377
6945.22998 0.002356
6946.41797 0.002336
6947.60693 0.002316
6948.79492 0.002295
6949.98389 0.002275
6951.17285 0.002255
6952.36279 0.002236
6953.55176 0.002219
6954.74219 0.002203
6955.93213 0.002186
6957.12207 0.00217
6958.31299 0.002153
6959.50293 0.002137
6960.69385 0.00212
6961.88477 0.002104
6963.07617 0.002087
6964.26709 0.002069
6965.45801 0.002052
6966.64990 0.002035
6967.84180 0.002018
6969.03516 0.002
6970.22705 0.001983
6971.41895 0.001966
6972.61182 0.001949
6973.80518 0.001934
6974.99902 0.001918
6976.19189 0.001902
6977.38477 0.001887
6978.57910 0.001871
6979.77295 0.001855
6980.96680 0.00184
6982.16211 0.001824
6983.35596 0.00181
6984.55078 0.001795
6985.74609 0.00178
6986.94092 0.001766
6988.13721 0.001751
6989.33301 0.001736
6990.52783 0.001722
6991.72412 0.001707
6992.91992 0.001695
6994.11719 0.001683
6995.31299 0.001671
6996.50977 0.001659
6997.70801 0.001648
6998.90479 0.001636
7000.10303 0.001624
7001.29980 0.001612
7002.49805 0.001599
7003.69580 0.001585
7004.89404 0.001571
7006.09277 0.001557
7007.29199 0.001543
7008.49023 0.001529
7009.68896 0.001515
7010.88916 0.001502
7012.08789 0.001488
7013.28809 0.001476
7014.48779 0.001464
7015.68799 0.001452
7016.88916 0.001439
7018.08887 0.001427
7019.29004 0.001415
7020.49121 0.001403
7021.69189 0.001391
7022.89307 0.001379
7024.09521 0.001367
7025.29688 0.001356
7026.49902 0.001344
7027.70117 0.001332
7028.90283 0.001321
7030.10596 0.001309
7031.30908 0.001298
7032.51221 0.001287
7033.71484 0.001277
7034.91797 0.001267
7036.12207 0.001257
7037.32617 0.001247
7038.52979 0.001237
7039.73389 0.001227
7040.93799 0.001217
7042.14307 0.001207
7043.34814 0.001196
7044.55322 0.001185
7045.75781 0.001175
7046.96387 0.001164
7048.16895 0.001153
7049.37500 0.001143
7050.58203 0.001132
7051.78809 0.001121
7052.99512 0.001112
7054.20117 0.001104
7055.40820 0.001095
7056.61523 0.001087
7057.82324 0.001078
7059.02979 0.00107
7060.23779 0.001061
7061.44580 0.001053
7062.65381 0.001044
7063.86182 0.001034
7065.07080 0.001024
7066.27979 0.001015
7067.48877 0.001005
7068.69824 0.000996
7069.90820 0.000986
7071.11719 0.000976
7072.32715 0.000967
7073.53711 0.000959
7074.74707 0.000951
7075.95801 0.000942
7077.16797 0.000934
7078.37891 0.000926
7079.58984 0.000918
7080.80176 0.00091
7082.01318 0.000902
7083.22510 0.000895
7084.43701 0.000888
7085.64893 0.000881
7086.86084 0.000875
7088.07422 0.000868
7089.28613 0.000861
7090.50000 0.000854
7091.71191 0.000847
7092.92578 0.00084
7094.13916 0.000832
7095.35303 0.000825
7096.56689 0.000817
7097.78076 0.000809
7098.99609 0.000802
7100.20996 0.000794
7101.42480 0.000786
7102.64014 0.00078
7103.85498 0.000774
7105.07080 0.000769
7106.28613 0.000763
7107.50195 0.000758
7108.71777 0.000752
7109.93506 0.000747
7111.15088 0.000741
7112.36816 0.000735
7113.58398 0.000727
7114.80176 0.00072
7116.01904 0.000712
7117.23584 0.000704
7118.45410 0.000697
7119.67188 0.000689
7120.89014 0.000681
7122.10791 0.000674
7123.32715 0.00067
7124.54590 0.000666
7125.76514 0.000663
7126.98389 0.000659
7128.20410 0.000655
7129.42285 0.000651
7130.64307 0.000648
7131.86279 0.000644
7133.08301 0.000638
7134.30420 0.000632
7135.52393 0.000626
7136.74512 0.000619
7137.96582 0.000613
7139.18799 0.000607
7140.40918 0.000601
7141.62988 0.000595
7142.85303 0.00059
7144.07520 0.000585
7145.29688 0.00058
7146.52002 0.000576
7147.74219 0.000571
7148.96484 0.000566
7150.18799 0.000562
7151.41211 0.000557
7152.63477 0.000553
7153.85889 0.000548
7155.08301 0.000543
7156.30713 0.000539
7157.53076 0.000534
7158.75586 0.00053
7159.98096 0.000525
7161.20605 0.000521
7162.43115 0.000516
7163.65723 0.000512
7164.88184 0.000508
7166.10791 0.000505
7167.33398 0.000501
7168.56104 0.000497
7169.78711 0.000493
7171.01416 0.000489
7172.24121 0.000485
7173.46777 0.00048
7174.69482 0.000475
7175.92285 0.00047
7177.14990 0.000465
7178.37793 0.00046
7179.60596 0.000456
7180.83496 0.000451
7182.06299 0.000446
7183.29199 0.000443
7184.52100 0.00044
7185.75000 0.000437
7186.97998 0.000434
7188.20996 0.000431
7189.43896 0.000428
7190.66992 0.000425
7191.89990 0.000422
7193.12988 0.000418
7194.36084 0.000414
7195.59180 0.00041
7196.82324 0.000406
7198.05518 0.000402
7917.86084 0.0
