threeML/data/optical_filters/HST/WFC3_UVIS1-F336W.ecsv
# %ECSV 0.9
# ---
# datatype:
# - {name: wavelength, unit: Angstrom, datatype: float32}
# - {name: response, datatype: float32}
# meta: !!omap
# - {band_name: F336W}
# - {group_name: WFC3_UVIS1}
wavelength response
2687.43237 0.0
2986.03589 0.000408
2986.54712 0.000417
2987.05811 0.000427
2987.56909 0.000436
2988.08008 0.000446
2988.59106 0.000455
2989.10303 0.000465
2989.61401 0.000474
2990.12598 0.000484
2990.63696 0.000493
2991.14893 0.000509
2991.66089 0.000529
2992.17310 0.00055
2992.68506 0.000571
2993.19702 0.000592
2993.70898 0.000613
2994.22095 0.000633
2994.73291 0.000654
2995.24609 0.000675
2995.75806 0.000696
2996.27100 0.000717
2996.78296 0.000738
2997.29590 0.000759
2997.80908 0.00078
2998.32202 0.000801
2998.83496 0.000822
2999.34790 0.000843
2999.86108 0.000864
3000.37402 0.000884
3000.88696 0.000905
3001.40088 0.000942
3001.91504 0.000978
3002.42798 0.001014
3002.94189 0.001051
3003.45605 0.001087
3003.96899 0.001123
3004.48291 0.00116
3004.99805 0.001196
3005.51196 0.001232
3006.02588 0.001269
3006.54004 0.001305
3007.05396 0.001341
3007.56909 0.001378
3008.08398 0.001414
3008.59790 0.001451
3009.11304 0.001487
3009.62793 0.001523
3010.14307 0.00156
3010.65796 0.001596
3011.17310 0.001644
3011.68799 0.001701
3012.20288 0.001758
3012.71899 0.001815
3013.23389 0.001872
3013.75000 0.001929
3014.26489 0.001986
3014.78101 0.002043
3015.29712 0.0021
3015.81299 0.002157
3016.32910 0.002214
3016.84497 0.002271
3017.36108 0.002328
3017.87695 0.002385
3018.39404 0.002442
3018.90991 0.002499
3019.42700 0.002556
3019.94312 0.002613
3020.45996 0.00267
3020.97705 0.002737
3021.49390 0.002848
3022.01001 0.002958
3022.52808 0.003069
3023.04492 0.003179
3023.56201 0.00329
3024.07910 0.003401
3024.59692 0.003511
3025.11401 0.003622
3025.63208 0.003733
3026.14893 0.003844
3026.66699 0.003955
3027.18506 0.004065
3027.70288 0.004176
3028.22095 0.004287
3028.73901 0.004398
3029.25708 0.004509
3029.77588 0.00462
3030.29395 0.004731
3030.81201 0.004842
3031.33105 0.005015
3031.85010 0.005199
3032.36792 0.005382
3032.88696 0.005565
3033.40601 0.005749
3033.92505 0.005932
3034.44409 0.006116
3034.96289 0.006299
3035.48291 0.006483
3036.00195 0.006666
3036.52100 0.00685
3037.04102 0.007033
3037.56104 0.007217
3038.08008 0.0074
3038.60010 0.007584
3039.12012 0.007768
3039.63989 0.007951
3040.15991 0.008135
3040.67993 0.00832
3041.19995 0.008579
3041.72095 0.008888
3042.24097 0.009197
3042.76196 0.009506
3043.28198 0.009814
3043.80298 0.010123
3044.32397 0.010432
3044.84497 0.010742
3045.36597 0.011051
3045.88696 0.01136
3046.40796 0.011669
3046.92896 0.011979
3047.44995 0.012289
3047.97192 0.012598
3048.49292 0.012908
3049.01489 0.013218
3049.53589 0.013527
3050.05811 0.013837
3050.58008 0.014146
3051.10205 0.014532
3051.62402 0.015026
3052.14600 0.015521
3052.66797 0.016015
3053.19092 0.016509
3053.71289 0.017004
3054.23608 0.017499
3054.75806 0.017993
3055.28101 0.018488
3055.80298 0.018983
3056.32593 0.019478
3056.84912 0.019973
3057.37207 0.020468
3057.89502 0.020963
3058.41797 0.021459
3058.94189 0.021954
3059.46509 0.022449
3059.98901 0.022945
3060.51196 0.023442
3061.03589 0.024023
3061.56006 0.024825
3062.08301 0.025626
3062.60693 0.026428
3063.13110 0.027231
3063.65503 0.028033
3064.17896 0.028835
3064.70410 0.029638
3065.22803 0.030441
3065.75293 0.031245
3066.27710 0.032048
3066.80200 0.032851
3067.32593 0.033655
3067.85107 0.034459
3068.37598 0.035263
3068.90088 0.036067
3069.42603 0.036872
3069.95093 0.037676
3070.47705 0.03848
3071.00195 0.039356
3071.52710 0.04051
3072.05298 0.041665
3072.57910 0.042819
3073.10400 0.043974
3073.62988 0.045129
3074.15601 0.046284
3074.68188 0.047438
3075.20801 0.048594
3075.73389 0.049749
3076.26001 0.050905
3076.78711 0.052061
3077.31299 0.053216
3077.84009 0.054373
3078.36597 0.055529
3078.89307 0.056685
3079.41992 0.057842
3079.94702 0.058999
3080.47290 0.060158
3081.00000 0.0614
3081.52808 0.062968
3082.05493 0.064537
3082.58203 0.066106
3083.11011 0.067675
3083.63696 0.069245
3084.16504 0.070815
3084.69189 0.072385
3085.21997 0.073956
3085.74805 0.075527
3086.27588 0.077099
3086.80396 0.07867
3087.33203 0.080243
3087.86011 0.081815
3088.38892 0.083388
3088.91699 0.084962
3089.44604 0.086536
3089.97412 0.08811
3090.50293 0.089681
3091.03198 0.091256
3091.56104 0.092845
3092.09009 0.094435
3092.61890 0.096024
3093.14795 0.097614
3093.67700 0.099204
3094.20605 0.100794
3094.73608 0.102384
3095.26489 0.103975
3095.79492 0.105566
3096.32397 0.107158
3096.85400 0.108748
3097.38403 0.110341
3097.91406 0.111932
3098.44409 0.113524
3098.97412 0.115117
3099.50391 0.11671
3100.03491 0.118303
3100.56494 0.119901
3101.09497 0.12141
3101.62598 0.122766
3102.15698 0.124122
3102.68701 0.125478
3103.21802 0.126834
3103.74902 0.128191
3104.28003 0.129548
3104.81201 0.130906
3105.34302 0.132264
3105.87402 0.133622
3106.40503 0.13498
3106.93701 0.136339
3107.46899 0.137698
3108.00000 0.139057
3108.53198 0.140418
3109.06396 0.141778
3109.59595 0.143138
3110.12793 0.144499
3110.65991 0.14586
3111.19189 0.146995
3111.72412 0.147941
3112.25708 0.148887
3112.78906 0.149834
3113.32202 0.15078
3113.85400 0.151727
3114.38696 0.152674
3114.91992 0.153622
3115.45288 0.154569
3115.98608 0.155517
3116.51904 0.156465
3117.05200 0.157413
3117.58594 0.158362
3118.11890 0.159311
3118.65308 0.160259
3119.18604 0.161209
3119.71997 0.162158
3120.25391 0.163104
3120.78809 0.164046
3121.32202 0.164485
3121.85498 0.164782
3122.38989 0.165079
3122.92407 0.165376
3123.45801 0.165673
3123.99292 0.165971
3124.52710 0.166268
3125.06201 0.166565
3125.59595 0.166862
3126.13110 0.16716
3126.66602 0.167457
3127.20093 0.167755
3127.73608 0.168052
3128.27100 0.16835
3128.80591 0.168648
3129.34204 0.168945
3129.87695 0.169243
3130.41309 0.169547
3130.94800 0.169855
3131.48389 0.170198
3132.02002 0.170541
3132.55591 0.170884
3133.09204 0.171227
3133.62793 0.171571
3134.16406 0.171914
3134.69995 0.172257
3135.23608 0.1726
3135.77295 0.172944
3136.30908 0.173288
3136.84595 0.173631
3137.38306 0.173975
3137.91895 0.174319
3138.45605 0.174663
3138.99292 0.175007
3139.53003 0.175351
3140.06689 0.175694
3140.60498 0.17603
3141.14209 0.17625
3141.67896 0.176317
3142.21704 0.176384
3142.75488 0.176452
3143.29199 0.176519
3143.83008 0.176586
3144.36792 0.176654
3144.90601 0.176721
3145.44409 0.176788
3145.98193 0.176856
3146.52100 0.176923
3147.05908 0.176991
3147.59692 0.177058
3148.13599 0.177126
3148.67407 0.177193
3149.21289 0.17726
3149.75195 0.177328
3150.29102 0.1774
3150.83008 0.177476
3151.36890 0.177548
3151.90796 0.17762
3152.44800 0.177692
3152.98706 0.177763
3153.52588 0.177835
3154.06592 0.177906
3154.60498 0.177978
3155.14502 0.17805
3155.68506 0.178122
3156.22510 0.178193
3156.76489 0.178265
3157.30493 0.178337
3157.84497 0.178409
3158.38501 0.17848
3158.92603 0.178552
3159.46606 0.178624
3160.00708 0.178696
3160.54810 0.178759
3161.08789 0.178878
3161.62891 0.179116
3162.16992 0.179353
3162.71094 0.179591
3163.25195 0.179828
3163.79297 0.180066
3164.33496 0.180304
3164.87598 0.180541
3165.41797 0.180779
3165.95898 0.181017
3166.50098 0.181255
3167.04297 0.181493
3167.58496 0.181731
3168.12598 0.181968
3168.66895 0.182206
3169.21094 0.182444
3169.75293 0.182682
3170.29492 0.182925
3170.83789 0.183172
3171.37988 0.183362
3171.92310 0.183543
3172.46606 0.183724
3173.00806 0.183904
3173.55103 0.184085
3174.09399 0.184266
3174.63696 0.184447
3175.17993 0.184627
3175.72412 0.184808
3176.26709 0.184989
3176.81104 0.18517
3177.35400 0.185351
3177.89795 0.185532
3178.44092 0.185713
3178.98511 0.185894
3179.52905 0.186076
3180.07300 0.186256
3180.61694 0.186428
3181.16089 0.186574
3181.70605 0.186686
3182.25000 0.186798
3182.79395 0.18691
3183.33911 0.187022
3183.88403 0.187134
3184.42798 0.187246
3184.97290 0.187358
3185.51807 0.18747
3186.06299 0.187582
3186.60791 0.187694
3187.15405 0.187807
3187.69897 0.187919
3188.24390 0.188031
3188.79004 0.188143
3189.33496 0.188255
3189.88110 0.188368
3190.42700 0.188487
3190.97290 0.188617
3191.51904 0.18883
3192.06494 0.189043
3192.61108 0.189256
3193.15698 0.189469
3193.70288 0.189682
3194.25000 0.189895
3194.79590 0.190108
3195.34302 0.190321
3195.88989 0.190534
3196.43701 0.190748
3196.98291 0.190961
3197.53003 0.191174
3198.07690 0.191388
3198.62500 0.191601
3199.17212 0.191815
3199.71899 0.192028
3200.26709 0.192232
3200.81396 0.192424
3201.36206 0.192384
3201.90991 0.192285
3202.45801 0.192187
3203.00488 0.192088
3203.55298 0.191989
3204.10205 0.19189
3204.64990 0.191791
3205.19800 0.191692
3205.74609 0.191593
3206.29492 0.191495
3206.84399 0.191396
3207.39209 0.191297
3207.94092 0.191198
3208.48999 0.191099
3209.03906 0.191
3209.58789 0.190901
3210.13696 0.190805
3210.68604 0.190715
3211.23511 0.19075
3211.78491 0.190881
3212.33398 0.191013
3212.88403 0.191144
3213.43408 0.191276
3213.98291 0.191407
3214.53296 0.191539
3215.08301 0.19167
3215.63403 0.191802
3216.18408 0.191934
3216.73389 0.192065
3217.28394 0.192197
3217.83496 0.192329
3218.38501 0.19246
3218.93604 0.192592
3219.48706 0.192724
3220.03809 0.192855
3220.58789 0.192977
3221.13892 0.193028
3221.69092 0.192964
3222.24194 0.192899
3222.79297 0.192834
3223.34399 0.19277
3223.89600 0.192705
3224.44800 0.19264
3224.99902 0.192575
3225.55103 0.192511
3226.10303 0.192446
3226.65503 0.192381
3227.20703 0.192317
3227.75903 0.192252
3228.31104 0.192187
3228.86401 0.192122
3229.41602 0.192058
3229.96899 0.191993
3230.52100 0.191937
3231.07397 0.191897
3231.62695 0.191902
3232.17993 0.191908
3232.73291 0.191913
3233.28589 0.191918
3233.83911 0.191923
3234.39209 0.191928
3234.94604 0.191933
3235.49902 0.191939
3236.05298 0.191944
3236.60596 0.191949
3237.15991 0.191954
3237.71411 0.191959
3238.26807 0.191964
3238.82202 0.19197
3239.37598 0.191975
3239.92993 0.19198
3240.48511 0.191977
3241.03906 0.191981
3241.59399 0.192022
3242.14795 0.192063
3242.70288 0.192104
3243.25806 0.192145
3243.81299 0.192186
3244.36792 0.192227
3244.92310 0.192268
3245.47803 0.192309
3246.03296 0.19235
3246.58911 0.192391
3247.14404 0.192433
3247.69995 0.192473
3248.25610 0.192515
3248.81104 0.192555
3249.36694 0.192597
3249.92310 0.192638
3250.47900 0.192687
3251.03491 0.192736
3251.59204 0.192778
3252.14795 0.192821
3252.70410 0.192863
3253.26099 0.192906
3253.81689 0.192948
3254.37402 0.192991
3254.93091 0.193033
3255.48804 0.193076
3256.04492 0.193118
3256.60205 0.19316
3257.15894 0.193203
3257.71606 0.193245
3258.27393 0.193288
3258.83105 0.19333
3259.38892 0.193373
3259.94702 0.193415
3260.50391 0.193449
3261.06201 0.19348
3261.62012 0.193502
3262.17798 0.193524
3262.73608 0.193546
3263.29395 0.193568
3263.85303 0.19359
3264.41089 0.193612
3264.96997 0.193634
3265.52808 0.193657
3266.08691 0.193679
3266.64600 0.193701
3267.20508 0.193723
3267.76392 0.193745
3268.32300 0.193767
3268.88208 0.193789
3269.44092 0.193811
3270.00098 0.193833
3270.56006 0.193865
3271.12012 0.193886
3271.67896 0.193884
3272.23901 0.193883
3272.79907 0.193881
3273.35889 0.19388
3273.91895 0.193878
3274.47900 0.193877
3275.04004 0.193875
3275.60010 0.193874
3276.15991 0.193872
3276.72095 0.193871
3277.28101 0.193869
3277.84204 0.193867
3278.40308 0.193866
3278.96411 0.193864
3279.52490 0.193863
3280.08594 0.193859
3280.64697 0.193848
3281.20801 0.193832
3281.77002 0.193809
3282.33105 0.193786
3282.89307 0.193763
3283.45508 0.19374
3284.01611 0.193718
3284.57788 0.193695
3285.13989 0.193672
3285.70190 0.193649
3286.26489 0.193626
3286.82690 0.193603
3287.38892 0.19358
3287.95190 0.193558
3288.51392 0.193535
3289.07690 0.193512
3289.63989 0.193489
3290.20190 0.19347
3290.76489 0.193457
3291.32788 0.193441
3291.89209 0.193424
3292.45508 0.193407
3293.01807 0.19339
3293.58203 0.193374
3294.14502 0.193357
3294.70801 0.19334
3295.27197 0.193323
3295.83594 0.193306
3296.39990 0.193289
3296.96411 0.193273
3297.52808 0.193256
3298.09204 0.193239
3298.65601 0.193222
3299.22095 0.193205
3299.78491 0.193188
3300.35010 0.193165
3300.91504 0.193139
3301.47900 0.193091
3302.04395 0.193043
3302.60889 0.192994
3303.17407 0.192945
3303.73999 0.192896
3304.30493 0.192848
3304.87012 0.192799
3305.43604 0.19275
3306.00098 0.192701
3306.56689 0.192652
3307.13208 0.192603
3307.69800 0.192555
3308.26392 0.192506
3308.83008 0.192457
3309.39600 0.192408
3309.96289 0.192359
3310.52905 0.192319
3311.09497 0.192296
3311.66211 0.192321
3312.22900 0.192346
3312.79492 0.19237
3313.36206 0.192395
3313.92896 0.192419
3314.49609 0.192444
3315.06299 0.192469
3315.62988 0.192493
3316.19702 0.192518
3316.76489 0.192543
3317.33203 0.192567
3317.89990 0.192592
3318.46802 0.192616
3319.03491 0.192641
3319.60303 0.192666
3320.17090 0.192688
3320.73901 0.192702
3321.30688 0.19275
3321.87500 0.192817
3322.44409 0.192885
3323.01196 0.192952
3323.58105 0.19302
3324.14990 0.193087
3324.71802 0.193154
3325.28711 0.193222
3325.85596 0.193289
3326.42505 0.193356
3326.99390 0.193424
3327.56299 0.193491
3328.13306 0.193559
3328.70190 0.193626
3329.27197 0.193693
3329.84106 0.193761
3330.41089 0.193835
3330.98096 0.193912
3331.55103 0.193981
3332.12109 0.19405
3332.69092 0.194119
3333.26099 0.194188
3333.83203 0.194257
3334.40210 0.194326
3334.97192 0.194395
3335.54297 0.194464
3336.11401 0.194533
3336.68506 0.194603
3337.25488 0.194672
3337.82593 0.194741
3338.39697 0.19481
3338.96899 0.194879
3339.54004 0.194948
3340.11108 0.195015
3340.68311 0.195074
3341.25391 0.195122
3341.82593 0.19516
3342.39795 0.195197
3342.96997 0.195234
3343.54199 0.195271
3344.11401 0.195309
3344.68604 0.195346
3345.25806 0.195383
3345.83008 0.19542
3346.40308 0.195458
3346.97510 0.195495
3347.54810 0.195532
3348.12109 0.195569
3348.69409 0.195606
3349.26709 0.195643
3349.84009 0.195681
3350.41309 0.195725
3350.98608 0.19577
3351.55908 0.195749
3352.13306 0.19573
3352.70605 0.195709
3353.28003 0.195689
3353.85400 0.195669
3354.42700 0.195649
3355.00098 0.195629
3355.57495 0.195609
3356.14990 0.195589
3356.72412 0.195569
3357.29810 0.195549
3357.87305 0.195529
3358.44702 0.195509
3359.02197 0.195489
3359.59595 0.195469
3360.17090 0.195446
3360.74609 0.195416
3361.32104 0.195356
3361.89600 0.195279
3362.47095 0.195202
3363.04712 0.195125
3363.62207 0.195048
3364.19800 0.194971
3364.77295 0.194894
3365.34912 0.194817
3365.92505 0.19474
3366.50000 0.194662
3367.07690 0.194585
3367.65308 0.194508
3368.22900 0.194431
3368.80493 0.194354
3369.38208 0.194276
3369.95801 0.194199
3370.53491 0.194131
3371.11108 0.194056
3371.68799 0.193959
3372.26489 0.193862
3372.84204 0.193764
3373.41895 0.193667
3373.99609 0.193569
3374.57300 0.193472
3375.15088 0.193375
3375.72803 0.193277
3376.30591 0.19318
3376.88403 0.193082
3377.46094 0.192985
3378.03906 0.192887
3378.61694 0.19279
3379.19507 0.192692
3379.77295 0.192594
3380.35205 0.192491
3380.92993 0.192383
3381.50806 0.192238
3382.08691 0.19209
3382.66602 0.191942
3383.24390 0.191794
3383.82300 0.191646
3384.40210 0.191497
3384.98096 0.191349
3385.56006 0.191201
3386.13989 0.191053
3386.71899 0.190905
3387.29810 0.190756
3387.87793 0.190608
3388.45801 0.19046
3389.03711 0.190312
3389.61694 0.190164
3390.19702 0.190019
3390.77710 0.18988
3391.35693 0.189795
3391.93701 0.189738
3392.51807 0.18968
3393.09790 0.189622
3393.67896 0.189565
3394.26001 0.189507
3394.84009 0.189449
3395.42090 0.189392
3396.00195 0.189334
3396.58301 0.189276
3397.16406 0.189218
3397.74512 0.189161
3398.32690 0.189103
3398.90796 0.189045
3399.48999 0.188987
3400.07104 0.188921
3400.65308 0.188798
3401.23511 0.188711
3401.81689 0.188671
3402.39893 0.188632
3402.98096 0.188592
3403.56299 0.188552
3404.14600 0.188512
3404.72803 0.188472
3405.31104 0.188432
3405.89307 0.188392
3406.47607 0.188352
3407.05908 0.188312
3407.64209 0.188272
3408.22510 0.188232
3408.80811 0.188192
3409.39111 0.188151
3409.97412 0.188111
3410.55811 0.18808
3411.14111 0.188054
3411.72510 0.188037
3412.30908 0.188022
3412.89307 0.188005
3413.47705 0.187989
3414.06104 0.187973
3414.64502 0.187957
3415.22900 0.18794
3415.81299 0.187924
3416.39795 0.187908
3416.98193 0.187891
3417.56689 0.187875
3418.15210 0.187858
3418.73608 0.187842
3419.32104 0.187825
3419.90601 0.187808
3420.49097 0.187784
3421.07690 0.187756
3421.66211 0.18772
3422.24707 0.187684
3422.83301 0.187648
3423.41797 0.187612
3424.00391 0.187576
3424.59009 0.18754
3425.17603 0.187504
