threeML/data/optical_filters/HST/WFC3_IR-F098M.ecsv
# %ECSV 0.9
# ---
# datatype:
# - {name: wavelength, unit: Angstrom, datatype: float32}
# - {name: response, datatype: float32}
# meta: !!omap
# - {band_name: F098M}
# - {group_name: WFC3_IR}
wavelength response
[from data line 1608]
10036.28027 0.437415
10037.09961 0.437394
10037.91016 0.437373
10038.73047 0.437352
10039.54004 0.437331
10040.34961 0.437296
10041.16992 0.437243
10041.98047 0.437191
10042.79980 0.437135
10043.61035 0.437025
10044.42969 0.436916
10045.24023 0.436806
10046.05957 0.436696
10046.87012 0.436586
10047.69043 0.436477
10048.50000 0.436367
10049.32031 0.436257
10050.12988 0.436152
10050.95020 0.436072
10051.75977 0.435992
10052.58008 0.435912
10053.38965 0.435778
10054.20996 0.435629
10055.03027 0.43548
10055.83984 0.435331
10056.66016 0.435182
10057.46973 0.435033
10058.29004 0.434884
10059.11035 0.434735
10059.91992 0.434586
10060.74023 0.434436
10061.54980 0.434286
10062.37012 0.434136
10063.19043 0.433941
10064.00000 0.433707
10064.82031 0.433472
10065.62988 0.433238
10066.45020 0.433003
10067.26953 0.432768
10068.08008 0.432534
10068.90039 0.432299
10069.71973 0.432064
10070.54004 0.431829
10071.34961 0.431592
10072.16992 0.431357
10072.99023 0.431103
10073.79980 0.430802
10074.62012 0.4305
10075.44043 0.430199
10076.25977 0.429897
10077.07031 0.429596
10077.88965 0.429294
10078.70996 0.428992
10079.53027 0.42869
10080.33984 0.428388
10081.16016 0.428085
10081.98047 0.427783
10082.79980 0.427481
10083.61035 0.427221
10084.42969 0.42696
10085.25000 0.426699
10086.07031 0.426438
10086.88965 0.426177
10087.70996 0.425916
10088.51953 0.425655
10089.33984 0.425393
10090.16016 0.425132
10090.98047 0.42487
10091.79980 0.424608
10092.62012 0.424346
10093.42969 0.424191
10094.25000 0.424059
10095.07031 0.423928
10095.88965 0.423797
10096.70996 0.423666
10097.53027 0.423534
10098.34961 0.423403
10099.16992 0.423271
10099.99023 0.42314
10100.80957 0.423008
10101.62988 0.422876
10102.45020 0.422743
10103.25977 0.422611
10104.08008 0.422479
10104.90039 0.422347
10105.71973 0.422214
10106.54004 0.422082
10107.36035 0.421949
10108.17969 0.421817
10109.00000 0.421684
10109.82031 0.421552
10110.63965 0.421395
10111.45996 0.421233
10112.28027 0.421069
10113.09961 0.420962
10113.91992 0.420934
10114.75000 0.420907
10115.57031 0.42088
10116.38965 0.420853
10117.20996 0.420825
10118.03027 0.420798
10118.84961 0.42077
10119.66992 0.420743
10120.49023 0.420733
10121.30957 0.420735
10122.12988 0.420737
10122.95020 0.420769
10123.78027 0.420911
10124.59961 0.421052
10125.41992 0.421194
10126.24023 0.421335
10127.05957 0.421477
10127.87988 0.421619
10128.70020 0.421761
10129.53027 0.421903
10130.34961 0.422044
10131.16992 0.422186
10131.99023 0.422327
10132.80957 0.422471
10133.62988 0.422659
10134.45996 0.422847
10135.28027 0.423035
10136.09961 0.423224
10136.91992 0.423412
10137.75000 0.4236
10138.57031 0.423789
10139.38965 0.423978
10140.20996 0.424166
10141.04004 0.424354
10141.86035 0.424543
10142.67969 0.424731
10143.50000 0.424964
10144.33008 0.425203
10145.15039 0.425442
10145.96973 0.425681
10146.79980 0.425921
10147.62012 0.42616
10148.44043 0.4264
10149.26953 0.426639
10150.08984 0.426879
10150.91016 0.427118
10151.74023 0.427357
10152.55957 0.427597
10153.37988 0.427816
10154.20996 0.428028
10155.03027 0.428241
10155.84961 0.428453
10156.67969 0.428665
10157.50000 0.428877
10158.33008 0.42909
10159.15039 0.429302
10159.96973 0.429515
10160.79980 0.429727
10161.62012 0.429939
10162.45020 0.430151
10163.26953 0.430331
10164.09961 0.430489
10164.91992 0.430646
10165.75000 0.430804
10166.57031 0.430961
10167.38965 0.431119
10168.21973 0.431276
10169.04004 0.431434
10169.87012 0.431592
10170.69043 0.431749
10171.51953 0.431906
10172.33984 0.432064
10173.16992 0.432158
10173.99023 0.432177
10174.82031 0.432198
10175.65039 0.432217
10176.46973 0.432237
10177.29980 0.432257
10178.12012 0.432277
10178.95020 0.432297
10179.76953 0.432317
10180.59961 0.432314
10181.41992 0.432303
10182.25000 0.432292
10183.08008 0.432254
10183.90039 0.432164
10184.73047 0.432074
10185.55957 0.431984
10186.37988 0.431894
10187.20996 0.431804
10188.03027 0.431714
10188.86035 0.431624
10189.69043 0.431534
10190.50977 0.431463
10191.33984 0.431403
10192.16992 0.431343
10192.99023 0.43125
10193.82031 0.431052
10194.65039 0.430853
10195.46973 0.430656
10196.29980 0.430457
10197.12988 0.430259
10197.95996 0.430061
10198.78027 0.429862
10199.61035 0.429664
10200.44043 0.429466
10201.26953 0.42927
10202.08984 0.429073
10202.91992 0.428868
10203.75000 0.428616
10204.58008 0.428364
10205.40039 0.428111
10206.23047 0.427859
10207.05957 0.427606
10207.88965 0.427354
10208.71973 0.427101
10209.54004 0.426848
10210.37012 0.426595
10211.20020 0.426342
10212.03027 0.426089
10212.86035 0.425838
10213.69043 0.425624
10214.50977 0.42541
10215.33984 0.425196
10216.16992 0.424982
10217.00000 0.424768
10217.83008 0.424554
10218.66016 0.424339
10219.49023 0.424125
10220.32031 0.423911
10221.15039 0.423696
10221.96973 0.42348
10222.79980 0.423266
10223.62988 0.42315
10224.45996 0.423034
10225.29004 0.422918
10226.12012 0.422802
10226.95020 0.422686
10227.78027 0.422569
10228.61035 0.422453
10229.44043 0.422337
10230.26953 0.422221
10231.09961 0.422104
10231.92969 0.421987
10232.75977 0.421871
10233.58984 0.421863
10234.41992 0.421862
10235.25000 0.42186
10236.08008 0.421859
10236.91016 0.421857
10237.74023 0.421856
10238.57031 0.421855
10239.40039 0.421853
10240.23047 0.421852
10241.05957 0.42185
10241.90039 0.421848
10242.73047 0.421846
10243.55957 0.421988
10244.38965 0.422146
10245.21973 0.422304
10246.04980 0.422462
10246.87988 0.422619
10247.70996 0.422777
10248.54004 0.422935
10249.37988 0.423093
10250.20996 0.423251
10251.04004 0.423409
10251.87012 0.423567
10252.70020 0.423725
10253.53027 0.424081
10254.37012 0.424467
10255.20020 0.424853
10256.03027 0.425239
10256.86035 0.425625
10257.69043 0.426011
10258.51953 0.426397
10259.36035 0.426785
10260.19043 0.427171
10261.01953 0.427557
10261.84961 0.427944
10262.69043 0.42833
10263.51953 0.428775
10264.34961 0.429229
10265.17969 0.429685
10266.01953 0.430139
10266.84961 0.430595
10267.67969 0.43105
10268.51953 0.431506
10269.34961 0.431961
10270.17969 0.432417
10271.00977 0.432872
10271.84961 0.433328
10272.67969 0.433784
10273.50977 0.434344
10274.34961 0.434925
10275.17969 0.435506
10276.01953 0.436087
10276.84961 0.436668
10277.67969 0.437249
10278.51953 0.437831
10279.34961 0.438412
10280.17969 0.438987
10281.01953 0.439537
10281.84961 0.440087
10282.69043 0.440638
10283.51953 0.441161
10284.34961 0.441679
10285.19043 0.442197
10286.01953 0.442716
10286.86035 0.443234
10287.69043 0.443753
10288.53027 0.444271
10289.36035 0.44479
10290.20020 0.445316
10291.03027 0.445866
10291.87012 0.446417
10292.70020 0.446968
10293.54004 0.447487
10294.37012 0.448002
10295.20996 0.448517
10296.04004 0.449032
10296.87988 0.449547
10297.70996 0.450062
10298.54980 0.450578
10299.37988 0.451094
10300.21973 0.45161
10301.04980 0.452125
10301.88965 0.452641
10302.71973 0.453157
10303.55957 0.45358
10304.40039 0.453991
10305.23047 0.454402
10306.07031 0.454814
10306.90039 0.455225
10307.74023 0.455636
10308.58008 0.456048
10309.41016 0.45646
10310.25000 0.456872
10311.08008 0.457283
10311.91992 0.457695
10312.75977 0.458107
10313.58984 0.458411
10314.42969 0.458705
10315.26953 0.459
10316.11035 0.459295
10316.94043 0.45959
10317.78027 0.459885
10318.62012 0.46018
10319.45020 0.460475
10320.29004 0.46077
10321.12988 0.461064
10321.95996 0.46136
10322.79980 0.461655
10323.63965 0.461777
10324.48047 0.461893
10325.30957 0.46201
10326.15039 0.462126
10326.99023 0.462243
10327.83008 0.46236
10328.66992 0.462477
10329.50000 0.462593
10330.33984 0.46271
10331.17969 0.462826
10332.01953 0.462943
10332.86035 0.463058
10333.69043 0.46313
10334.53027 0.463201
10335.37012 0.463273
10336.20996 0.463345
10337.04980 0.463417
10337.88965 0.463489
10338.71973 0.463561
10339.55957 0.463633
10340.40039 0.463705
10341.24023 0.463776
10342.08008 0.463848
10342.91992 0.463907
10343.75977 0.463861
10344.59961 0.463814
10345.44043 0.463768
10346.28027 0.463721
10347.11035 0.463675
10347.95020 0.463628
10348.79004 0.463581
10349.62988 0.463535
10350.46973 0.463488
10351.30957 0.463441
10352.15039 0.463394
10352.99023 0.46335
10353.83008 0.463324
10354.66992 0.463297
10355.50977 0.46327
10356.34961 0.463244
10357.19043 0.463217
10358.03027 0.46319
10358.87012 0.463164
10359.70996 0.463137
10360.54980 0.46311
10361.38965 0.463083
10362.23047 0.463056
10363.07031 0.463025
10363.91992 0.462986
10364.75977 0.462946
10365.59961 0.462907
10366.44043 0.462867
10367.28027 0.462828
10368.12012 0.462788
10368.95996 0.462749
10369.79980 0.462709
10370.63965 0.462669
10371.48047 0.462629
10372.33008 0.462589
10373.16992 0.462587
10374.00977 0.462646
10374.84961 0.462705
10375.69043 0.462763
10376.53027 0.462821
10377.37012 0.46288
10378.21973 0.462938
10379.05957 0.462997
10379.90039 0.463056
10380.74023 0.463114
10381.58008 0.463172
10382.42969 0.463231
10383.26953 0.463304
10384.11035 0.463391
10384.95020 0.463478
10385.79980 0.463565
10386.63965 0.463653
10387.48047 0.46374
10388.32031 0.463827
10389.16992 0.463914
10390.00977 0.464002
10390.84961 0.464089
10391.70020 0.464176
10392.54004 0.464263
10393.37988 0.464342
10394.21973 0.464417
10395.07031 0.464491
10395.91016 0.464566
10396.75000 0.464641
10397.59961 0.464716
10398.44043 0.46479
10399.29004 0.464865
10400.12988 0.46494
10400.96973 0.465016
10401.82031 0.465092
10402.66016 0.465168
10403.50000 0.465312
10404.34961 0.465474
10405.19043 0.465637
10406.04004 0.4658
10406.87988 0.465963
10407.71973 0.466126
10408.57031 0.466289
10409.41016 0.466452
10410.25977 0.466615
10411.09961 0.466778
10411.95020 0.466941
10412.79004 0.467104
10413.63965 0.467186
10414.48047 0.467262
10415.33008 0.467339
10416.16992 0.467415
10417.01953 0.467491
10417.86035 0.467567
10418.70996 0.467643
10419.54980 0.46772
10420.40039 0.467796
10421.24023 0.467872
10422.08984 0.467948
10422.92969 0.468017
10423.78027 0.468018
10424.62012 0.46802
10425.46973 0.468021
10426.32031 0.468023
10427.16016 0.468024
10428.00977 0.468025
10428.84961 0.468026
10429.70020 0.468028
10430.54004 0.468029
10431.38965 0.46803
10432.24023 0.468031
10433.08008 0.468022
10433.92969 0.467986
10434.78027 0.46795
10435.62012 0.467913
10436.46973 0.467877
10437.32031 0.467841
10438.16016 0.467804
10439.00977 0.467768
10439.86035 0.467731
10440.70020 0.467695
10441.54980 0.467658
10442.40039 0.467621
10443.24023 0.467551
10444.08984 0.467439
10444.94043 0.467327
10445.79004 0.467215
10446.62988 0.467104
10447.48047 0.466992
10448.33008 0.46688
10449.17969 0.466768
10450.01953 0.466655
10450.87012 0.466509
10451.71973 0.466362
10452.57031 0.466216
10453.41992 0.466018
10454.25977 0.465792
10455.11035 0.465566
10455.95996 0.465341
10456.80957 0.465115
10457.66016 0.464889
10458.50000 0.464663
10459.34961 0.464438
10460.20020 0.46422
10461.04980 0.464027
10461.90039 0.463835
10462.75000 0.463643
10463.59961 0.463375
10464.44043 0.463095
10465.29004 0.462815
10466.13965 0.462534
10466.99023 0.462254
10467.83984 0.461973
10468.69043 0.461692
10469.54004 0.461411
10470.38965 0.461131
10471.24023 0.46085
10472.08984 0.460568
10472.94043 0.46029
10473.79004 0.460047
10474.63965 0.459803
10475.49023 0.459559
10476.33008 0.459315
10477.19043 0.459071
10478.04004 0.458827
10478.87988 0.458583
10479.74023 0.458339
10480.58008 0.458095
10481.44043 0.45785
10482.29004 0.457605
10483.13965 0.457336
10483.99023 0.457012
10484.83984 0.456687
10485.69043 0.456362
10486.54004 0.456037
10487.38965 0.455712
10488.24023 0.455388
10489.08984 0.455062
10489.94043 0.454737
10490.79004 0.454412
10491.63965 0.454086
10492.49023 0.453761
10493.34961 0.453437
10494.20020 0.453115
10495.04980 0.452794
10495.90039 0.452472
10496.75000 0.45215
10497.59961 0.451828
10498.45020 0.451506
10499.30957 0.451184
10500.16016 0.450856
10501.00977 0.450502
10501.86035 0.450149
10502.70996 0.449795
10503.57031 0.449448
10504.41992 0.449103
10505.26953 0.448757
10506.12012 0.448412
10506.96973 0.448067
10507.83008 0.447721
10508.67969 0.447375
10509.53027 0.44703
10510.37988 0.446684
10511.24023 0.446338
10512.08984 0.445992
10512.94043 0.445651
10513.79004 0.445373
10514.65039 0.445094
10515.50000 0.444816
10516.34961 0.444537
10517.20996 0.444258
10518.05957 0.44398
10518.91016 0.443701
10519.76953 0.443422
10520.62012 0.443143
10521.46973 0.442864
10522.33008 0.442585
10523.17969 0.442349
10524.03027 0.442192
10524.88965 0.442036
10525.74023 0.441879
10526.59961 0.441723
10527.45020 0.441566
10528.29980 0.441409
10529.16016 0.441252
10530.00977 0.441096
10530.87012 0.440939
10531.71973 0.440782
10532.57031 0.440625
10533.42969 0.440551
10534.28027 0.440526
10535.13965 0.4405
10535.99023 0.440474
10536.84961 0.440448
10537.70020 0.440422
10538.55957 0.440396
10539.41016 0.44037
10540.26953 0.440345
10541.12012 0.440318
10541.98047 0.440292
10542.83008 0.440266
10543.69043 0.440395
10544.54004 0.440534
10545.40039 0.440673
10546.25000 0.440812
10547.11035 0.440951
10547.95996 0.44109
10548.82031 0.44123
10549.67969 0.441369
10550.53027 0.441508
10551.38965 0.441647
10552.24023 0.441786
10553.09961 0.441941
10553.95996 0.442144
10554.80957 0.442347
10555.66992 0.44255
10556.51953 0.442752
10557.37988 0.442955
10558.24023 0.443158
10559.08984 0.443361
10559.95020 0.443564
10560.80957 0.443767
10561.66016 0.44397
10562.51953 0.444173
10563.37988 0.444427
10564.23047 0.444719
10565.08984 0.445011
10565.95020 0.445304
10566.80957 0.445596
10567.66016 0.445888
10568.51953 0.446181
10569.37988 0.446473
10570.24023 0.446766
10571.08984 0.447058
10571.95020 0.44735
10572.80957 0.447643
10573.66992 0.447946
10574.51953 0.448252
10575.37988 0.448557
10576.24023 0.448863
10577.09961 0.449168
10577.95996 0.449474
10578.80957 0.449779
10579.66992 0.450084
10580.53027 0.45039
10581.38965 0.450696
10582.25000 0.451001
10583.09961 0.451303
10583.95996 0.451591
10584.82031 0.45188
10585.67969 0.452169
10586.54004 0.452458
10587.40039 0.452747
10588.25977 0.453036
10589.12012 0.453325
10589.96973 0.453613
10590.83008 0.453902
10591.69043 0.454191
10592.54980 0.45448
10593.41016 0.454747
10594.26953 0.454997
10595.12988 0.455248
10595.99023 0.455499
10596.84961 0.45575
10597.70996 0.456
10598.57031 0.456251
10599.42969 0.456502
10600.29004 0.456752
10601.15039 0.457
10602.00977 0.457249
10602.87012 0.457496
10603.73047 0.457524
10604.58984 0.457542
10605.45020 0.457559
10606.30957 0.457577
10607.16992 0.457595
10608.03027 0.457612
10608.88965 0.45763
10609.75000 0.457648
10610.61035 0.457666
10611.46973 0.457684
10612.33008 0.457701
10613.19043 0.457661
10614.05957 0.457503
10614.91992 0.457346
10615.78027 0.457188
10616.63965 0.457031
10617.50000 0.456873
10618.36035 0.456716
10619.21973 0.456558
10620.08008 0.456401
10620.95020 0.456243
10621.80957 0.456085
10622.66992 0.455928
10623.53027 0.455573
10624.38965 0.455141
10625.25000 0.45471
10626.12012 0.454278
10626.98047 0.453846
10627.83984 0.453415
10628.70020 0.452983
10629.57031 0.452551
10630.42969 0.452119
10631.29004 0.451687
10632.15039 0.451256
10633.00977 0.450776
10633.87988 0.449947
10634.74023 0.449116
10635.59961 0.448286
10636.46973 0.447454
10637.33008 0.446624
10638.19043 0.445793
10639.04980 0.444963
10639.91992 0.444132
10640.78027 0.443301
10641.63965 0.44247
10642.50977 0.441639
10643.37012 0.440505
10644.23047 0.439099
10645.09961 0.437693
10645.95996 0.436286
10646.82031 0.43488
10647.69043 0.433474
10648.54980 0.432067
10649.41992 0.430659
10650.28027 0.429253
10651.13965 0.427845
10652.00977 0.426437
10652.87012 0.42503
10653.74023 0.422901
10654.59961 0.420728
10655.45996 0.418554
10656.33008 0.416381
10657.19043 0.414209
10658.05957 0.412037
10658.91992 0.409861
10659.79004 0.407689
10660.65039 0.405516
10661.51953 0.403341
10662.37988 0.401166
10663.25000 0.398682
10664.11035 0.395681
10664.98047 0.39268
10665.83984 0.38968
10666.70996 0.386679
10667.57031 0.383678
10668.44043 0.380677
10669.29980 0.377676
10670.16992 0.374671
10671.03027 0.371669
10671.90039 0.368665
10672.76953 0.365663
10673.62988 0.362119
10674.50000 0.358459
10675.36035 0.354795
10676.23047 0.351131
10677.09961 0.347467
10677.95996 0.343802
