threeML/data/optical_filters/HST/WFC3_UVIS1-F775W.ecsv
# %ECSV 0.9
# ---
# datatype:
# - {name: wavelength, unit: Angstrom, datatype: float32}
# - {name: response, datatype: float32}
# meta: !!omap
# - {band_name: F775W}
# - {group_name: WFC3_UVIS1}
wavelength response
6127.88281 0.0
6808.75879 0.000406
6809.92285 0.000418
6811.08887 0.000431
6812.25391 0.000445
6813.41895 0.000461
6814.58496 0.000477
6815.75098 0.000492
6816.91699 0.000508
6818.08301 0.000524
6819.25000 0.00054
6820.41699 0.000556
6821.58398 0.000572
6822.75098 0.000593
6823.91797 0.000616
6825.08594 0.000639
6826.25391 0.000663
6827.42090 0.000686
6828.58984 0.000709
6829.75781 0.000732
6830.92676 0.000755
6832.09521 0.000779
6833.26416 0.00081
6834.43408 0.000841
6835.60303 0.000871
6836.77197 0.000902
6837.94189 0.000933
6839.11182 0.000963
6840.28223 0.000994
6841.45312 0.001024
6842.62305 0.001062
6843.79395 0.001104
6844.96484 0.001146
6846.13623 0.001188
6847.30713 0.00123
6848.47900 0.001272
6849.64990 0.001313
6850.82178 0.001355
6851.99512 0.001398
6853.16699 0.001454
6854.33887 0.00151
6855.51221 0.001566
6856.68506 0.001621
6857.85791 0.001677
6859.03223 0.001733
6860.20508 0.001788
6861.37891 0.001844
6862.55322 0.001911
6863.72705 0.001988
6864.90088 0.002065
6866.07617 0.002142
6867.25000 0.002219
6868.42480 0.002296
6869.60107 0.002373
6870.77588 0.00245
6871.95215 0.002528
6873.12695 0.00264
6874.30322 0.002751
6875.47900 0.002863
6876.65576 0.002974
6877.83301 0.003086
6879.00879 0.003197
6880.18604 0.003308
6881.36279 0.00342
6882.54102 0.003554
6883.71777 0.003709
6884.89600 0.003863
6886.07422 0.004017
6887.25195 0.004171
6888.43018 0.004325
6889.60889 0.004479
6890.78809 0.004633
6891.96680 0.00479
6893.14600 0.004996
6894.32520 0.005202
6895.50488 0.005409
6896.68506 0.005615
6897.86523 0.005821
6899.04492 0.006027
6900.22510 0.006233
6901.40576 0.006439
6902.58594 0.006696
6903.76807 0.006989
6904.94922 0.007283
6906.12988 0.007576
6907.31201 0.007869
6908.49414 0.008162
6909.67578 0.008455
6910.85791 0.008748
6912.04004 0.009055
6913.22314 0.009478
6914.40576 0.009901
6915.58887 0.010323
6916.77197 0.010746
6917.95508 0.011168
6919.13916 0.01159
6920.32324 0.012012
6921.50684 0.012433
6922.69092 0.012957
6923.87500 0.013534
6925.06006 0.014111
6926.24512 0.014688
6927.43018 0.015265
6928.61523 0.015841
6929.80078 0.016417
6930.98584 0.016994
6932.17188 0.017618
6933.35791 0.018408
6934.54395 0.019197
6935.73096 0.019987
6936.91699 0.020776
6938.10400 0.021566
6939.29199 0.022355
6940.47900 0.023142
6941.66699 0.023928
6942.85400 0.024954
6944.04199 0.026042
6945.22998 0.027129
6946.41797 0.028217
6947.60693 0.029303
6948.79492 0.030389
6949.98389 0.031475
6951.17285 0.032563
6952.36279 0.033793
6953.55176 0.035262
6954.74219 0.03673
6955.93213 0.038197
6957.12207 0.039663
6958.31299 0.04113
6959.50293 0.042596
6960.69385 0.044062
6961.88477 0.045527
6963.07617 0.04738
6964.26709 0.049244
6965.45801 0.051108
6966.64990 0.052972
6967.84180 0.054834
6969.03516 0.056697
6970.22705 0.058558
6971.41895 0.060412
6972.61182 0.062502
6973.80518 0.064761
6974.99902 0.06702
6976.19189 0.069277
6977.38477 0.071533
6978.57910 0.073788
6979.77295 0.076041
6980.96680 0.078301
6982.16211 0.080633
6983.35596 0.083256
6984.55078 0.085877
6985.74609 0.088498
6986.94092 0.091119
6988.13721 0.093738
6989.33301 0.096357
6990.52783 0.098975
6991.72412 0.101591
6992.91992 0.104439
6994.11719 0.107333
6995.31299 0.110225
6996.50977 0.113116
6997.70801 0.116008
6998.90479 0.118898
7000.10303 0.121786
7001.29980 0.124644
7002.49805 0.127483
7003.69580 0.130298
7004.89404 0.133112
7006.09277 0.135924
7007.29199 0.138733
7008.49023 0.14154
7009.68896 0.144345
7010.88916 0.147159
7012.08789 0.14994
7013.28809 0.152481
7014.48779 0.155019
7015.68799 0.157557
7016.88916 0.160094
7018.08887 0.162628
7019.29004 0.165161
7020.49121 0.167686
7021.69189 0.170199
7022.89307 0.172403
7024.09521 0.174527
7025.29688 0.176649
7026.49902 0.178769
7027.70117 0.180888
7028.90283 0.183005
7030.10596 0.185122
7031.30908 0.187247
7032.51221 0.18918
7033.71484 0.190903
7034.91797 0.192624
7036.12207 0.194344
7037.32617 0.196063
7038.52979 0.19778
7039.73389 0.199497
7040.93799 0.201212
7042.14307 0.20284
7043.34814 0.204035
7044.55322 0.205229
7045.75781 0.206423
7046.96387 0.207616
7048.16895 0.208807
7049.37500 0.209998
7050.58203 0.211178
7051.78809 0.212345
7052.99512 0.21318
7054.20117 0.213964
7055.40820 0.214748
7056.61523 0.215531
7057.82324 0.216314
7059.02979 0.217095
7060.23779 0.217881
7061.44580 0.218684
7062.65381 0.219335
7063.86182 0.219877
7065.07080 0.220419
7066.27979 0.220961
7067.48877 0.221503
7068.69824 0.222044
7069.90820 0.222584
7071.11719 0.223103
7072.32715 0.223555
7073.53711 0.223867
7074.74707 0.224178
7075.95801 0.224489
7077.16797 0.2248
7078.37891 0.22511
7079.58984 0.22542
7080.80176 0.225746
7082.01318 0.226075
7083.22510 0.226326
7084.43701 0.226577
7085.64893 0.226828
7086.86084 0.227078
7088.07422 0.227329
7089.28613 0.227579
7090.50000 0.227819
7091.71191 0.228044
7092.92578 0.228201
7094.13916 0.22834
7095.35303 0.228479
7096.56689 0.228618
7097.78076 0.228757
7098.99609 0.228895
7100.20996 0.229038
7101.42480 0.2292
7102.64014 0.22935
7103.85498 0.229491
7105.07080 0.229631
7106.28613 0.229771
7107.50195 0.229911
7108.71777 0.230051
7109.93506 0.230191
7111.15088 0.230331
7112.36816 0.230459
7113.58398 0.230564
7114.80176 0.230669
7116.01904 0.230774
7117.23584 0.230878
7118.45410 0.230983
7119.67188 0.231087
7120.89014 0.231174
7122.10791 0.231251
7123.32715 0.231317
7124.54590 0.231383
7125.76514 0.231448
7126.98389 0.231513
7128.20410 0.231578
7129.42285 0.231644
7130.64307 0.231721
7131.86279 0.231811
7133.08301 0.231871
7134.30420 0.231929
7135.52393 0.231987
7136.74512 0.232044
7137.96582 0.232102
7139.18799 0.232159
7140.40918 0.232208
7141.62988 0.232241
7142.85303 0.232264
7144.07520 0.232284
7145.29688 0.232304
7146.52002 0.232323
7147.74219 0.232343
7148.96484 0.232362
7150.18799 0.232385
7151.41211 0.23243
7152.63477 0.232475
7153.85889 0.23252
7155.08301 0.232565
7156.30713 0.23261
7157.53076 0.232656
7158.75586 0.232701
7159.98096 0.232746
7161.20605 0.232766
7162.43115 0.232771
7163.65723 0.232751
7164.88184 0.232731
7166.10791 0.232711
7167.33398 0.23269
7168.56104 0.23267
7169.78711 0.23265
7171.01416 0.23265
7172.24121 0.232652
7173.46777 0.232643
7174.69482 0.232634
7175.92285 0.232625
7177.14990 0.232616
7178.37793 0.232607
7179.60596 0.232598
7180.83496 0.232589
7182.06299 0.232577
7183.29199 0.232525
7184.52100 0.232472
7185.75000 0.23242
7186.97998 0.232368
7188.20996 0.232315
7189.43896 0.232263
7190.66992 0.232196
7191.89990 0.232119
7193.12988 0.231989
7194.36084 0.231856
7195.59180 0.231723
7196.82324 0.231589
7198.05518 0.231456
7199.28613 0.231323
7200.51807 0.2312
7201.75000 0.231092
7202.98193 0.230991
7204.21387 0.23089
7205.44678 0.23079
7206.68018 0.23069
7207.91309 0.230589
7209.14600 0.230489
7210.37891 0.230381
7211.61279 0.230256
7212.84717 0.230088
7214.08105 0.229901
7215.31494 0.229714
7216.54980 0.229527
7217.78516 0.22934
7219.02002 0.229154
7220.25488 0.228972
7221.49023 0.22881
7222.72607 0.228644
7223.96094 0.228474
7225.19678 0.228305
7226.43408 0.228135
7227.66992 0.227965
7228.90723 0.227796
7230.14404 0.227623
7231.37988 0.227417
7232.61816 0.227219
7233.85498 0.227028
7235.09277 0.226836
7236.33105 0.226645
7237.56885 0.226454
7238.80713 0.226263
7240.04492 0.226073
7241.28418 0.225907
7242.52295 0.225728
7243.76221 0.225532
7245.00195 0.225336
7246.24121 0.22514
7247.48096 0.224944
7248.72119 0.224748
7249.96094 0.224552
7251.20215 0.224333
7252.44189 0.22412
7253.68311 0.223917
7254.92383 0.223715
7256.16602 0.223512
7257.40723 0.22331
7258.64893 0.223108
7259.89111 0.222906
7261.13281 0.222726
7262.37500 0.222547
7263.61816 0.222365
7264.85986 0.222183
7266.10400 0.222
7267.34717 0.221818
7268.58984 0.221636
7269.83398 0.221454
7271.07812 0.221273
7272.32178 0.221099
7273.56592 0.22095
7274.81104 0.220801
7276.05518 0.220652
7277.29980 0.220503
7278.54492 0.220354
7279.79102 0.220205
7281.03613 0.220036
7282.28223 0.219861
7283.52783 0.219678
7284.77393 0.219495
7286.02002 0.219313
7287.26709 0.21913
7288.51416 0.218948
7289.76123 0.218766
7291.00781 0.218603
7292.25488 0.218451
7293.50293 0.218327
7294.75098 0.218203
7295.99902 0.218079
7297.24707 0.217955
7298.49609 0.217832
7299.74512 0.217708
7300.99414 0.217565
7302.24316 0.217422
7303.49219 0.217302
7304.74219 0.217181
7305.99121 0.21706
7307.24121 0.21694
7308.49219 0.216819
7309.74219 0.216699
7310.99316 0.216597
7312.24414 0.216498
7313.49512 0.216384
7314.74609 0.216271
7315.99805 0.216158
7317.24902 0.216045
7318.50098 0.215931
7319.75293 0.215818
7321.00586 0.215686
7322.25781 0.21556
7323.51123 0.215482
7324.76416 0.215403
7326.01709 0.215325
7327.27100 0.215246
7328.52393 0.215167
7329.77783 0.215088
7331.03223 0.215029
7332.28711 0.214974
7333.54102 0.214918
7334.79590 0.214862
7336.05078 0.214806
7337.30615 0.21475
7338.56201 0.214694
7339.81689 0.214638
7341.07324 0.214562
7342.32910 0.21449
7343.58496 0.214441
7344.84082 0.214391
7346.09814 0.214342
7347.35498 0.214293
7348.61182 0.214244
7349.86914 0.214194
7351.12695 0.214166
7352.38477 0.214135
7353.64307 0.214089
7354.90088 0.214043
7356.15918 0.213997
7357.41797 0.213951
7358.67676 0.213906
7359.93604 0.21386
7361.19482 0.213791
7362.45410 0.213721
7363.71387 0.213647
7364.97412 0.213574
7366.23389 0.2135
7367.49414 0.213427
7368.75488 0.213353
7370.01611 0.21328
7371.27588 0.21323
7372.53809 0.213196
7373.79883 0.213185
7375.06104 0.213174
7376.32324 0.213163
7377.58398 0.213151
7378.84717 0.21314
7380.10889 0.213126
7381.37207 0.213091
7382.63477 0.213047
7383.89795 0.212992
7385.16211 0.212937
7386.42480 0.212882
7387.68896 0.212827
7388.95312 0.212772
7390.21680 0.212721
7391.48096 0.21269
7392.74609 0.212648
7394.01123 0.212598
7395.27588 0.212548
7396.54199 0.212498
7397.80713 0.212448
7399.07324 0.212397
7400.33789 0.212341
7401.60400 0.212267
7402.87109 0.212192
7404.13818 0.212115
7405.40381 0.212038
7406.67090 0.211961
7407.93799 0.211884
7409.20605 0.211807
7410.47412 0.211739
7411.74219 0.211686
7413.00977 0.211606
7414.27783 0.211517
7415.54688 0.211428
7416.81494 0.21134
7418.08398 0.211251
7419.35400 0.211163
7420.62305 0.211062
7421.89307 0.21095
7423.16309 0.210845
7424.43311 0.210741
7425.70312 0.210636
7426.97314 0.210532
7428.24414 0.210428
7429.51514 0.210323
7430.78613 0.210242
7432.05811 0.210175
7433.32910 0.210067
7434.60107 0.20996
7435.87305 0.209852
7437.14502 0.209744
7438.41699 0.209636
7439.68994 0.209528
7440.96289 0.209402
7442.23584 0.209275
7443.50977 0.209171
7444.78320 0.209067
7446.05713 0.208963
7447.33105 0.208859
7448.60498 0.208755
7449.87891 0.208651
7451.15381 0.208568
7452.42920 0.20848
7453.70410 0.208371
7454.97900 0.208263
7456.25488 0.208155
7457.53076 0.208047
7458.80713 0.207939
7460.08301 0.20783
7461.35889 0.207698
7462.63623 0.207552
7463.91309 0.20739
7465.18896 0.207228
7466.46680 0.207066
7467.74414 0.206903
7469.02197 0.206741
7470.29980 0.206585
7471.57812 0.206446
7472.85596 0.206313
7474.13477 0.206183
7475.41406 0.206054
7476.69189 0.205924
7477.97217 0.205794
7479.25098 0.205664
7480.53076 0.205525
7481.81104 0.205373
7483.09082 0.205228
7484.37109 0.205086
7485.65186 0.204944
7486.93311 0.204802
7488.21289 0.20466
7489.49512 0.204518
7490.77588 0.204391
7492.05811 0.204273
7493.33887 0.20416
7494.62207 0.204047
7495.90381 0.203934
7497.18701 0.203821
7498.46924 0.203708
7499.75195 0.203595
7501.03516 0.203456
7502.31885 0.203307
7503.60205 0.203139
7504.88623 0.20297
7506.16992 0.202802
7507.45508 0.202634
7508.73877 0.202466
7510.02295 0.202298
7511.30908 0.202154
7512.59424 0.202015
7513.87891 0.201884
7515.16504 0.201754
7516.45020 0.201624
7517.73584 0.201493
7519.02197 0.201363
7520.30908 0.201228
7521.59619 0.201075
7522.88281 0.200934
7524.16992 0.200801
7525.45703 0.200668
7526.74512 0.200536
7528.03320 0.200403
7529.32080 0.20027
7530.60889 0.200148
7531.89697 0.200038
7533.18604 0.199922
7534.47510 0.199805
7535.76416 0.199688
7537.05322 0.199571
7538.34277 0.199454
7539.63184 0.199338
7540.92188 0.199204
7542.21289 0.199066
7543.50293 0.198935
7544.79395 0.198804
7546.08398 0.198673
7547.37598 0.198542
7548.66699 0.198411
7549.95801 0.19828
7551.25000 0.198172
7552.54199 0.198068
7553.83398 0.197973
7555.12695 0.197879
7556.41895 0.197784
7557.71191 0.197689
7559.00488 0.197594
7560.29883 0.197494
7561.59180 0.197376
7562.88623 0.197256
7564.18018 0.197132
7565.47412 0.19701
7566.76904 0.196887
7568.06299 0.196764
7569.35791 0.196641
7570.65283 0.196529
7571.94922 0.196429
7573.24414 0.19636
7574.54004 0.196295
7575.83594 0.196229
7577.13184 0.196163
7578.42822 0.196098
7579.72510 0.196032
7581.02197 0.195948
7582.31885 0.19586
7583.61621 0.195772
7584.91406 0.195685
7586.21094 0.195597
7587.50879 0.195509
7588.80811 0.195422
7590.10596 0.195336
7591.40479 0.195271
7592.70410 0.195199
7594.00195 0.19512
7595.30176 0.19504
7596.60205 0.194961
7597.90088 0.194882
7599.20117 0.194803
7600.50098 0.194715
7601.80176 0.194613
7603.10303 0.194527
7604.40283 0.194446
7605.70410 0.194364
7607.00488 0.194283
7608.30713 0.194202
7609.60889 0.194121
7610.91113 0.194039
7612.21289 0.193956
7613.51514 0.193854
7614.81787 0.193752
7616.12109 0.19365
7617.42383 0.193548
7618.72705 0.193445
7620.03076 0.193344
7621.33398 0.193264
7622.63916 0.193194
7623.94287 0.193136
7625.24707 0.193078
7626.55176 0.193021
7627.85596 0.192963
7629.16211 0.192905
7630.46680 0.19283
7631.77197 0.192721
7633.07812 0.192613
7634.38379 0.192504
7635.68994 0.192395
7636.99707 0.192287
7638.30420 0.192178
7639.60986 0.192069
7640.91699 0.191976
7642.22510 0.191887
7643.53223 0.191769
7644.83984 0.191651
7646.14795 0.191534
7647.45605 0.191416
7648.76514 0.191298
7650.07324 0.191179
7651.38184 0.19104
7652.69092 0.190904
7654.00000 0.190772
7655.31006 0.190641
7656.62012 0.19051
7657.93018 0.190379
7659.24023 0.190248
7660.55078 0.190127
7661.86084 0.190018
7663.17188 0.189901
7664.48291 0.189782
7665.79492 0.189662
7667.10596 0.189543
7668.41797 0.189424
7669.72998 0.189305
7671.04199 0.189168
7672.35498 0.18903
7673.66699 0.188909
7674.97998 0.188788
7676.29297 0.188666
7677.60693 0.188545
7678.92090 0.188424
7680.23389 0.188307
7681.54785 0.188208
7682.86279 0.188099
7684.17676 0.187983
7685.49219 0.187867
7686.80713 0.187751
7688.12207 0.187635
7689.43701 0.187519
7690.75293 0.18739
7692.06885 0.187252
7693.38477 0.18713
7694.70117 0.187008
7696.01807 0.186886
7697.33398 0.186764
7698.65088 0.186642
7699.96924 0.18652
7701.28613 0.186399
7702.60400 0.186261
7703.92188 0.186095
7705.24023 0.18593
7706.55811 0.185764
7707.87695 0.185599
7709.19482 0.185434
7710.51514 0.185277
7711.83301 0.185134
7713.15283 0.185021
7714.47314 0.184916
7715.79297 0.184812
7717.11279 0.184707
7718.43311 0.184603
7719.75391 0.184498
7721.07520 0.184376
7722.39600 0.18424
7723.71680 0.184066
7725.03906 0.183892
7726.35986 0.183718
7727.68213 0.183544
7729.00391 0.183371
7730.32715 0.183203
7731.64893 0.183051
7732.97217 0.182922
7734.29492 0.182805
7735.61914 0.182689
7736.94189 0.182572
7738.26611 0.182456
7739.58984 0.182339
7740.91406 0.182208
7742.23779 0.182067
7743.56299 0.181894
7744.88818 0.181722
7746.21289 0.181549
7747.53809 0.181377
7748.86377 0.181204
7750.18896 0.181035
7751.51611 0.180885
7752.84180 0.180746
7754.16797 0.180618
7755.49512 0.180491
7756.82178 0.180363
7758.14893 0.180235
7759.47705 0.180108
7760.80420 0.179967
7762.13184 0.179818
7763.45996 0.179668
7764.78809 0.179518
7766.11719 0.179368
7767.44482 0.179217
7768.77393 0.179067
7770.10400 0.178917
7771.43311 0.178767
7772.76318 0.178621
7774.09277 0.178479
7775.42285 0.178337
7776.75293 0.178195
7778.08301 0.178054
7779.41504 0.177912
7780.74609 0.177782
7782.07715 0.177661
7783.40820 0.177516
7784.74023 0.17737
7786.07178 0.177223
7787.40381 0.177077
7788.73584 0.176931
7790.06885 0.176784
7791.40186 0.176616
7792.73486 0.176468
7794.06787 0.176344
7795.40186 0.17622
7796.73486 0.176096
7798.06885 0.175973
7799.40381 0.175849
7800.73779 0.175737
7802.07324 0.175634
7803.40820 0.175516
7804.74316 0.175397
7806.07812 0.175278
7807.41406 0.175158
7808.75000 0.175039
7810.08496 0.174919
