threeML/data/optical_filters/HST/WFC3_UVIS2-F475X.ecsv
# %ECSV 0.9
# ---
# datatype:
# - {name: wavelength, unit: Angstrom, datatype: float32}
# - {name: response, datatype: float32}
# meta: !!omap
# - {band_name: F475X}
# - {group_name: WFC3_UVIS2}
wavelength response
[from data line 805]
4238.23682 0.244505
4238.96191 0.244558
4239.68799 0.24461
4240.41309 0.244663
4241.13818 0.244715
4241.86377 0.244741
4242.58984 0.244765
4243.31494 0.244789
4244.04199 0.244813
4244.76807 0.244837
4245.49414 0.244861
4246.22021 0.244885
4246.94678 0.244909
4247.67285 0.244933
4248.39990 0.244957
4249.12695 0.244981
4249.85400 0.245005
4250.58105 0.245041
4251.30908 0.245078
4252.03613 0.245101
4252.76318 0.245123
4253.49121 0.245145
4254.21924 0.245168
4254.94678 0.24519
4255.67383 0.245213
4256.40283 0.245235
4257.13086 0.245258
4257.85889 0.24528
4258.58789 0.245303
4259.31592 0.245325
4260.04492 0.245346
4260.77393 0.245353
4261.50293 0.245364
4262.23193 0.24538
4262.96094 0.245396
4263.69092 0.245412
4264.41992 0.245428
4265.14990 0.245444
4265.87891 0.24546
4266.60889 0.245476
4267.33887 0.245492
4268.06982 0.245508
4268.79980 0.245524
4269.52979 0.24554
4270.26123 0.245556
4270.99121 0.245572
4271.72217 0.245564
4272.45312 0.245547
4273.18408 0.24553
4273.91504 0.245512
4274.64600 0.245495
4275.37695 0.245478
4276.10889 0.245461
4276.84082 0.245443
4277.57324 0.245426
4278.30420 0.245409
4279.03613 0.245392
4279.76904 0.245374
4280.50098 0.245357
4281.23291 0.24534
4281.96582 0.245344
4282.69824 0.245349
4283.43115 0.245353
4284.16406 0.245357
4284.89697 0.245361
4285.62988 0.245365
4286.36279 0.24537
4287.09717 0.245374
4287.83008 0.245378
4288.56299 0.245382
4289.29688 0.245386
4290.03076 0.245391
4290.76514 0.245411
4291.50000 0.245423
4292.23389 0.245425
4292.96777 0.245427
4293.70312 0.245429
4294.43701 0.24543
4295.17188 0.245432
4295.90723 0.245434
4296.64209 0.245436
4297.37695 0.245438
4298.11182 0.24544
4298.84814 0.245441
4299.58301 0.245443
4300.31885 0.245438
4301.05518 0.245424
4301.79102 0.245425
4302.52588 0.245429
4303.26318 0.245433
4303.99902 0.245437
4304.73486 0.245441
4305.47217 0.245445
4306.20801 0.245449
4306.94482 0.245453
4307.68213 0.245458
4308.41895 0.245462
4309.15576 0.245466
4309.89404 0.24547
4310.63086 0.245474
4311.36914 0.24548
4312.10596 0.245496
4312.84424 0.245512
4313.58203 0.245529
4314.31982 0.245544
4315.05811 0.245561
4315.79590 0.245577
4316.53516 0.245593
4317.27295 0.245609
4318.01221 0.245625
4318.75000 0.245641
4319.49023 0.245657
4320.22900 0.245673
4320.96777 0.245689
4321.70703 0.245699
4322.44580 0.245706
4323.18604 0.245713
4323.92578 0.24572
4324.66602 0.245726
4325.40479 0.245733
4326.14600 0.24574
4326.88623 0.245747
4327.62598 0.245754
4328.36621 0.245761
4329.10693 0.245768
4329.84814 0.245775
4330.58789 0.245794
4331.33008 0.24582
4332.06982 0.245865
4332.81201 0.245911
4333.55322 0.245956
4334.29395 0.246002
4335.03613 0.246047
4335.77783 0.246093
4336.52002 0.246139
4337.26123 0.246184
4338.00293 0.24623
4338.74609 0.246275
4339.48779 0.246321
4340.22998 0.246362
4340.97314 0.246392
4341.71582 0.246432
4342.45801 0.246478
4343.20215 0.246524
4343.94482 0.24657
4344.68799 0.246616
4345.43115 0.246662
4346.17480 0.246708
4346.91797 0.246754
4347.66211 0.2468
4348.40576 0.246845
4349.14990 0.246892
4349.89404 0.246937
4350.63818 0.246983
4351.38281 0.247031
4352.12695 0.247086
4352.87207 0.24714
4353.61719 0.247195
4354.36084 0.247249
4355.10596 0.247304
4355.85205 0.247359
4356.59717 0.247413
4357.34180 0.247468
4358.08789 0.247523
4358.83301 0.247577
4359.57910 0.247632
4360.32520 0.247687
4361.07080 0.247741
4361.81689 0.247804
4362.56299 0.247869
4363.31006 0.247934
4364.05713 0.247998
4364.80322 0.248063
4365.54980 0.248128
4366.29688 0.248193
4367.04395 0.248258
4367.79102 0.248323
4368.53906 0.248388
4369.28613 0.248453
4370.03418 0.248518
4370.78076 0.248599
4371.52881 0.248684
4372.27686 0.248774
4373.02490 0.248865
4373.77295 0.248955
4374.52100 0.249046
4375.27002 0.249136
4376.01904 0.249227
4376.76709 0.249317
4377.51611 0.249408
4378.26514 0.249499
4379.01416 0.249589
4379.76318 0.24968
4380.51318 0.24976
4381.26221 0.249835
4382.01221 0.249915
4382.76221 0.249996
4383.51123 0.250076
4384.26123 0.250156
4385.01221 0.250236
4385.76221 0.250317
4386.51221 0.250397
4387.26318 0.250477
4388.01318 0.250558
4388.76416 0.250638
4389.51514 0.250719
4390.26611 0.250799
4391.01709 0.250879
4391.76904 0.250957
4392.52002 0.251034
4393.27100 0.251111
4394.02295 0.251188
4394.77490 0.251266
4395.52686 0.251343
4396.27881 0.25142
4397.03076 0.251497
4397.78320 0.251574
4398.53613 0.251651
4399.28906 0.251729
4400.04102 0.251806
4400.79395 0.251883
4401.54688 0.251968
4402.29980 0.252063
4403.05322 0.252158
4403.80713 0.252254
4404.56006 0.252349
4405.31299 0.252445
4406.06689 0.25254
4406.82080 0.252636
4407.57520 0.252731
4408.32910 0.252827
4409.08301 0.252922
4409.83789 0.253018
4410.59180 0.253114
4411.34717 0.253208
4412.10205 0.253296
4412.85596 0.253384
4413.61084 0.253472
4414.36719 0.25356
4415.12207 0.253648
4415.87695 0.253736
4416.63281 0.253824
4417.38916 0.253912
4418.14502 0.254
4418.89990 0.254088
4419.65576 0.254176
4420.41309 0.254273
4421.16895 0.254378
4421.92480 0.254483
4422.68213 0.254588
4423.43799 0.254693
4424.19482 0.254798
4424.95215 0.254904
4425.70898 0.255009
4426.46680 0.255114
4427.22412 0.255219
4427.98096 0.255325
4428.73877 0.25543
4429.49707 0.255536
4430.25391 0.255638
4431.01318 0.255734
4431.77100 0.255806
4432.52881 0.255867
4433.28809 0.255928
4434.04590 0.255989
4434.80518 0.256049
4435.56299 0.25611
4436.32178 0.256171
4437.08105 0.256232
4437.83984 0.256293
4438.60010 0.256354
4439.35889 0.256415
4440.11914 0.256476
4440.87793 0.256537
4441.63818 0.2566
4442.39795 0.256665
4443.15820 0.25673
4443.91797 0.256796
4444.67920 0.256861
4445.43896 0.256926
4446.20020 0.256991
4446.95996 0.257057
4447.72119 0.257122
4448.48193 0.257187
4449.24316 0.257253
4450.00488 0.257318
4450.76611 0.257383
4451.52686 0.257448
4452.28906 0.257513
4453.05078 0.257577
4453.81299 0.257641
4454.57520 0.257705
4455.33691 0.25777
4456.09912 0.257834
4456.86182 0.257898
4457.62402 0.257963
4458.38721 0.258027
4459.14990 0.258092
4459.91309 0.258156
4460.67578 0.258236
4461.43896 0.258306
4462.20215 0.25834
4462.96582 0.258376
4463.72900 0.258411
4464.49316 0.258446
4465.25684 0.258481
4466.02100 0.258516
4466.78516 0.258551
4467.54883 0.258586
4468.31299 0.258621
4469.07812 0.258657
4469.84277 0.258692
4470.60693 0.258713
4471.37305 0.258736
4472.13721 0.258781
4472.90186 0.258827
4473.66797 0.258873
4474.43311 0.258918
4475.19922 0.258964
4475.96387 0.259009
4476.72998 0.259055
4477.49609 0.259101
4478.26221 0.259146
4479.02783 0.259192
4479.79492 0.259238
4480.56201 0.259283
4481.32812 0.259324
4482.09521 0.259321
4482.86084 0.259318
4483.62793 0.259314
4484.39600 0.259311
4485.16309 0.259308
4485.93018 0.259304
4486.69824 0.259301
4487.46484 0.259298
4488.23291 0.259294
4489.00098 0.259291
4489.76904 0.259287
4490.53809 0.259284
4491.30615 0.259281
4492.07422 0.259291
4492.84277 0.2593
4493.61084 0.259309
4494.37988 0.259318
4495.14893 0.259327
4495.91797 0.259337
4496.68701 0.259346
4497.45703 0.259355
4498.22705 0.259364
4498.99609 0.259374
4499.76611 0.259383
4500.53613 0.259383
4501.30615 0.25938
4502.07617 0.259369
4502.84619 0.259358
4503.61719 0.259348
4504.38721 0.259337
4505.15820 0.259326
4505.92920 0.259315
4506.69922 0.259304
4507.47119 0.259294
4508.24219 0.259283
4509.01318 0.259272
4509.78516 0.259261
4510.55615 0.259263
4511.32812 0.259267
4512.10010 0.259245
4512.87207 0.259224
4513.64404 0.259202
4514.41602 0.25918
4515.18799 0.259159
4515.96094 0.259137
4516.73389 0.259115
4517.50586 0.259094
4518.27881 0.259072
4519.05176 0.25905
4519.82617 0.259029
4520.59912 0.258994
4521.37305 0.258957
4522.14600 0.258935
4522.91895 0.258914
4523.69287 0.258892
4524.46680 0.258871
4525.24219 0.258849
4526.01611 0.258827
4526.79004 0.258806
4527.56494 0.258784
4528.33887 0.258763
4529.11377 0.258741
4529.88916 0.258719
4530.66406 0.258698
4531.43896 0.258672
4532.21387 0.258633
4532.99023 0.258594
4533.76611 0.258555
4534.54199 0.258515
4535.31689 0.258476
4536.09277 0.258437
4536.86914 0.258398
4537.64600 0.258358
4538.42188 0.258319
4539.19824 0.25828
4539.97510 0.258241
4540.75098 0.258201
4541.52881 0.258166
4542.30615 0.258138
4543.08301 0.25811
4543.85986 0.258082
4544.63818 0.258054
4545.41504 0.258026
4546.19287 0.257998
4546.97119 0.25797
4547.74902 0.257942
4548.52686 0.257914
4549.30518 0.257886
4550.08301 0.257858
4550.86182 0.25783
4551.64014 0.257808
4552.41895 0.257792
4553.19824 0.257777
4553.97705 0.257761
4554.75586 0.257745
4555.53613 0.25773
4556.31494 0.257714
4557.09521 0.257698
4557.87402 0.257683
4558.65381 0.257667
4559.43408 0.257651
4560.21387 0.25764
4560.99414 0.257642
4561.77490 0.257633
4562.55518 0.257618
4563.33594 0.257604
4564.11719 0.257589
4564.89697 0.257575
4565.67920 0.25756
4566.45898 0.257545
4567.24121 0.257531
4568.02197 0.257516
4568.80420 0.257501
4569.58496 0.257487
4570.36816 0.257464
4571.14893 0.257432
4571.93213 0.257425
4572.71387 0.257423
4573.49609 0.257421
4574.27881 0.257419
4575.06104 0.257417
4575.84424 0.257416
4576.62695 0.257414
4577.41016 0.257412
4578.19287 0.25741
4578.97705 0.257408
4579.75977 0.257406
4580.54297 0.257404
4581.32715 0.257402
4582.11084 0.257398
4582.89502 0.257394
4583.67920 0.257391
4584.46289 0.257387
4585.24805 0.257383
4586.03223 0.257379
4586.81689 0.257376
4587.60205 0.257372
4588.38721 0.257368
4589.17090 0.257365
4589.95703 0.257361
4590.74219 0.257357
4591.52686 0.25736
4592.31299 0.257378
4593.09912 0.257397
4593.88477 0.257415
4594.67090 0.257433
4595.45703 0.257451
4596.24316 0.25747
4597.02881 0.257488
4597.81592 0.257506
4598.60303 0.257524
4599.39014 0.257543
4600.17578 0.257561
4600.96289 0.257579
4601.75000 0.257607
4602.53809 0.257642
4603.32520 0.257677
4604.11279 0.257712
4604.90088 0.257746
4605.68799 0.257781
4606.47705 0.257816
4607.26514 0.257851
4608.05322 0.257886
4608.84082 0.257921
4609.62988 0.257956
4610.41895 0.257999
4611.20801 0.258052
4611.99707 0.258106
4612.78613 0.258161
4613.57520 0.258216
4614.36377 0.258271
4615.15381 0.258326
4615.94287 0.258381
4616.73291 0.258435
4617.52295 0.25849
4618.31299 0.258545
4619.10303 0.2586
4619.89404 0.258655
4620.68408 0.258695
4621.47510 0.258738
4622.26514 0.258801
4623.05615 0.258863
4623.84717 0.258925
4624.63818 0.258988
4625.42920 0.25905
4626.22119 0.259112
4627.01221 0.259175
4627.80420 0.259237
4628.59619 0.259299
4629.38818 0.259362
4630.18018 0.259423
4630.97217 0.259481
4631.76416 0.25954
4632.55713 0.259599
4633.34912 0.259659
4634.14209 0.259718
4634.93506 0.259777
4635.72803 0.259837
4636.52100 0.259896
4637.31396 0.259956
4638.10791 0.260015
4638.90088 0.260074
4639.69482 0.260134
4640.48877 0.260194
4641.28320 0.260253
4642.07715 0.260345
4642.87109 0.260437
4643.66602 0.26053
4644.45996 0.260623
4645.25488 0.260715
4646.04883 0.260808
4646.84424 0.2609
4647.64014 0.260993
4648.43506 0.261086
4649.22998 0.261179
4650.02490 0.261271
4650.82080 0.261364
4651.61719 0.261445
4652.41309 0.261506
4653.20801 0.261567
4654.00488 0.261628
4654.80078 0.261689
4655.59717 0.26175
4656.39404 0.261811
4657.18994 0.261872
4657.98682 0.261933
4658.78418 0.261995
4659.58203 0.262056
4660.37891 0.262117
4661.17578 0.262178
4661.97412 0.262282
4662.77100 0.262393
4663.56885 0.262505
4664.36719 0.262616
4665.16504 0.262728
4665.96289 0.262839
4666.76123 0.262951
4667.56006 0.263063
4668.35791 0.263174
4669.15723 0.263286
4669.95605 0.263398
4670.75488 0.263526
4671.55420 0.263652
4672.35400 0.263771
4673.15283 0.263889
4673.95312 0.264008
4674.75195 0.264126
4675.55176 0.264245
4676.35205 0.264363
4677.15186 0.264482
4677.95215 0.2646
4678.75293 0.264719
4679.55322 0.264838
4680.35400 0.264949
4681.15479 0.265049
4681.95605 0.265143
4682.75684 0.265234
4683.55811 0.265325
4684.35889 0.265416
4685.16113 0.265508
4685.96191 0.265599
4686.76416 0.265691
4687.56592 0.265782
4688.36816 0.265873
4689.16992 0.265965
4689.97217 0.266056
4690.77490 0.266148
4691.57715 0.266247
4692.37988 0.266361
4693.18311 0.266476
4693.98584 0.26659
4694.78906 0.266705
4695.59180 0.266819
4696.39600 0.266934
4697.19922 0.267049
4698.00293 0.267163
4698.80713 0.267278
4699.60986 0.267393
4700.41504 0.267508
4701.21924 0.267622
4702.02295 0.267711
4702.82812 0.267795
4703.63184 0.26788
4704.43701 0.267965
4705.24219 0.26805
4706.04688 0.268134
4706.85205 0.268219
4707.65820 0.268304
4708.46289 0.268389
4709.26904 0.268474
4710.07422 0.268559
4710.87988 0.268643
4711.68604 0.268737
4712.49219 0.268842
4713.29785 0.268946
4714.10498 0.269051
4714.91211 0.269156
4715.71777 0.269261
4716.52490 0.269365
4717.33203 0.26947
4718.13916 0.269575
4718.94580 0.26968
4719.75391 0.269784
4720.56201 0.269889
4721.36914 0.269993
4722.17676 0.270076
4722.98486 0.270159
4723.79297 0.270242
4724.60107 0.270325
4725.40918 0.270408
4726.21777 0.270491
4727.02588 0.270574
4727.83496 0.270658
4728.64404 0.270741
4729.45312 0.270824
4730.26221 0.270907
4731.07178 0.27099
4731.88086 0.271073
4732.69092 0.271154
4733.50000 0.271236
4734.31104 0.271318
4735.12109 0.2714
4735.93115 0.271482
4736.74121 0.271563
4737.55078 0.271645
4738.36182 0.271727
4739.17188 0.271809
4739.98291 0.271891
4740.79395 0.271991
4741.60498 0.27209
4742.41699 0.272184
4743.22803 0.272278
4744.04004 0.272373
4744.85205 0.272467
4745.66309 0.272561
4746.47510 0.272656
4747.28711 0.27275
4748.10010 0.272845
4748.91211 0.272939
4749.72510 0.273034
4750.53711 0.273116
4751.35010 0.273191
4752.16309 0.273233
4752.97607 0.273276
4753.78906 0.273319
4754.60303 0.273362
4755.41602 0.273405
4756.22900 0.273448
4757.04297 0.273491
4757.85693 0.273533
4758.67090 0.273576
4759.48486 0.273619
4760.29980 0.273662
4761.11377 0.273705
4761.92920 0.273759
4762.74414 0.273817
4763.55908 0.273876
4764.37402 0.273934
4765.18799 0.273993
4766.00391 0.274051
4766.81885 0.274109
4767.63477 0.274167
4768.45117 0.274226
4769.26709 0.274284
4770.08301 0.274343
4770.89795 0.274401
4771.71484 0.274432
4772.53076 0.274431
4773.34814 0.27443
4774.16504 0.274429
4774.98096 0.274427
4775.79785 0.274426
4776.61523 0.274425
4777.43311 0.274424
4778.25000 0.274423
4779.06689 0.274422
4779.88477 0.274421
4780.70312 0.27442
4781.52100 0.274428
4782.33887 0.274466
4783.15723 0.274505
4783.97607 0.274543
4784.79395 0.274582
4785.61279 0.27462
4786.43213 0.274659
4787.25000 0.274697
4788.06982 0.274736
4788.88916 0.274774
4789.70801 0.274813
4790.52783 0.274851
4791.34717 0.274889
4792.16699 0.274884
4792.98682 0.274879
4793.80713 0.274875
4794.62695 0.27487
4795.44824 0.274865
4796.26807 0.27486
4797.08887 0.274855
4797.91016 0.27485
4798.72998 0.274845
4799.55078 0.27484
4800.37305 0.274835
4801.19385 0.27483
4802.01611 0.274816
4802.83691 0.2748
4803.65918 0.274784
4804.47998 0.274767
4805.30322 0.274751
4806.12500 0.274735
4806.94678 0.274719
4807.77002 0.274703
4808.59180 0.274687
4809.41504 0.274671
4810.23779 0.27466
4811.06104 0.274663
4811.88379 0.274666
4812.70703 0.27467
4813.53076 0.274673
4814.35400 0.274676
4815.17822 0.274679
4816.00098 0.274682
4816.82617 0.274685
4817.64990 0.274688
4818.47412 0.274691
4819.29785 0.274695
4820.12305 0.274695
4820.94824 0.274679
4821.77197 0.274646
4822.59814 0.274597
4823.42285 0.274549
4824.24805 0.2745
4825.07324 0.274451
4825.89893 0.274403
4826.72510 0.274354
4827.54980 0.274305
4828.37598 0.274257
4829.20312 0.274208
4830.02881 0.274159
4830.85498 0.274108
4831.68213 0.274061
4832.50781 0.274022
4833.33496 0.273982
4834.16211 0.273942
4834.98877 0.273903
4835.81592 0.273863
4836.64404 0.273824
4837.47119 0.273784
4838.29883 0.273744
4839.12695 0.273705
4839.95508 0.273665
4840.78320 0.273625
4841.61084 0.273578
4842.43896 0.273514
4843.26807 0.27345
4844.09717 0.273386
4844.92480 0.273322
4845.75391 0.273258
4846.58301 0.273194
4847.41309 0.27313
4848.24219 0.273066
4849.07178 0.273002
4849.90088 0.272938
4850.73096 0.272874
4851.56104 0.272817
4852.39111 0.272783
4853.22119 0.27275
4854.05176 0.272716
4854.88184 0.272683
4855.71289 0.272649
4856.54297 0.272615
4857.37500 0.272582
4858.20605 0.272548
4859.03711 0.272514
4859.86816 0.272481
4860.70020 0.272447
4861.53076 0.272414
4862.36279 0.272382
