threeML/data/optical_filters/HST/WFC3_UVIS1-F555W.ecsv
# %ECSV 0.9
# ---
# datatype:
# - {name: wavelength, unit: Angstrom, datatype: float32}
# - {name: response, datatype: float32}
# meta: !!omap
# - {band_name: F555W}
# - {group_name: WFC3_UVIS1}
wavelength response
[from data line 1611]
5741.05615 0.223664
5742.03809 0.223436
5743.02100 0.223201
5744.00293 0.222967
5744.98584 0.222732
5745.96924 0.222498
5746.95215 0.222263
5747.93506 0.222028
5748.91797 0.221794
5749.90186 0.221559
5750.88623 0.221325
5751.87012 0.221106
5752.85400 0.220927
5753.83789 0.220749
5754.82324 0.22057
5755.80811 0.220392
5756.79199 0.220213
5757.77686 0.220035
5758.76221 0.219856
5759.74805 0.219678
5760.73291 0.219499
5761.71924 0.219312
5762.70508 0.219066
5763.68994 0.218819
5764.67676 0.218573
5765.66309 0.218326
5766.64893 0.218079
5767.63623 0.217833
5768.62305 0.217586
5769.60986 0.217339
5770.59717 0.217093
5771.58398 0.216846
5772.57178 0.216605
5773.56006 0.216364
5774.54688 0.216123
5775.53516 0.215883
5776.52295 0.215642
5777.51221 0.215401
5778.50000 0.21516
5779.48877 0.214919
5780.47803 0.214678
5781.46680 0.214437
5782.45605 0.214171
5783.44482 0.2139
5784.43506 0.21363
5785.42383 0.213359
5786.41504 0.213088
5787.40381 0.212818
5788.39502 0.212547
5789.38477 0.212277
5790.37500 0.212006
5791.36621 0.211735
5792.35693 0.211502
5793.34814 0.211281
5794.33887 0.211059
5795.33105 0.210838
5796.32178 0.210616
5797.31396 0.210394
5798.30615 0.210173
5799.29785 0.209951
5800.29004 0.20973
5801.28320 0.209508
5802.27490 0.209248
5803.26807 0.208969
5804.26123 0.20869
5805.25391 0.208411
5806.24707 0.208132
5807.24023 0.207853
5808.23389 0.207574
5809.22803 0.207294
5810.22217 0.207015
5811.21582 0.206736
5812.20996 0.20647
5813.20508 0.206213
5814.19922 0.205956
5815.19385 0.2057
5816.18896 0.205443
5817.18408 0.205186
5818.17920 0.204929
5819.17480 0.204672
5820.16992 0.204412
5821.16602 0.204138
5822.16211 0.203893
5823.15820 0.203673
5824.15479 0.203452
5825.15088 0.203232
5826.14697 0.203012
5827.14502 0.202791
5828.14209 0.202571
5829.13916 0.202351
5830.13623 0.202133
5831.13281 0.201933
5832.13086 0.201703
5833.12891 0.201446
5834.12695 0.201189
5835.12500 0.200932
5836.12402 0.200675
5837.12207 0.200417
5838.12109 0.20016
5839.12012 0.199903
5840.11914 0.199645
5841.11816 0.199388
5842.11719 0.199119
5843.11719 0.198838
5844.11719 0.198558
5845.11719 0.198277
5846.11719 0.197996
5847.11719 0.197715
5848.11719 0.197435
5849.11816 0.197154
5850.11914 0.196873
5851.12012 0.196592
5852.12109 0.196337
5853.12207 0.196106
5854.12305 0.195876
5855.12500 0.195646
5856.12598 0.195416
5857.12793 0.195186
5858.13086 0.194955
5859.13281 0.194725
5860.13623 0.194495
5861.13818 0.194265
5862.14111 0.194015
5863.14404 0.193747
5864.14697 0.19348
5865.14990 0.193212
5866.15381 0.192945
5867.15820 0.192677
5868.16211 0.192409
5869.16602 0.192142
5870.16895 0.191874
5871.17383 0.191606
5872.17920 0.191337
5873.18311 0.191067
5874.18799 0.190798
5875.19287 0.190528
5876.19824 0.190258
5877.20410 0.189988
5878.20898 0.189718
5879.21484 0.189448
5880.22119 0.189178
5881.22705 0.188908
5882.23291 0.188639
5883.24023 0.188371
5884.24609 0.188103
5885.25293 0.187834
5886.25977 0.187566
5887.26709 0.187298
5888.27393 0.187029
5889.28223 0.186761
5890.29004 0.186493
5891.29688 0.186224
5892.30518 0.185943
5893.31299 0.185655
5894.32178 0.185367
5895.33008 0.185079
5896.33887 0.184791
5897.34814 0.184503
5898.35596 0.184215
5899.36621 0.183927
5900.37500 0.183633
5901.38477 0.183329
5902.39502 0.18303
5903.40381 0.182732
5904.41406 0.182435
5905.42383 0.182138
5906.43506 0.18184
5907.44482 0.181543
5908.45605 0.181246
5909.46680 0.180949
5910.47803 0.180659
5911.48877 0.180377
5912.50098 0.180118
5913.51221 0.179863
5914.52393 0.179608
5915.53613 0.179352
5916.54785 0.179097
5917.56104 0.178841
5918.57324 0.178586
5919.58496 0.17833
5920.59814 0.178075
5921.61084 0.177819
5922.62500 0.177554
5923.63818 0.177288
5924.65088 0.177022
5925.66504 0.176756
5926.67920 0.176489
5927.69287 0.176223
5928.70703 0.175957
5929.72217 0.175691
5930.73584 0.175425
5931.75000 0.175157
5932.76611 0.174878
5933.78076 0.1746
5934.79590 0.174321
5935.81201 0.174042
5936.82715 0.173763
5937.84277 0.173484
5938.85791 0.173205
5939.87500 0.172926
5940.89111 0.172647
5941.90723 0.172368
5942.92383 0.17209
5943.94092 0.171812
5944.95801 0.171533
5945.97510 0.171255
5946.99219 0.170977
5948.00977 0.170698
5949.02686 0.17042
5950.04492 0.170141
5951.06299 0.169863
5952.08203 0.169582
5953.10010 0.169297
5954.11914 0.169012
5955.13721 0.168728
5956.15576 0.168443
5957.17480 0.168158
5958.19385 0.167874
5959.21387 0.167589
5960.23291 0.167304
5961.25293 0.167019
5962.27295 0.166739
5963.29297 0.166462
5964.31299 0.166184
5965.33398 0.165907
5966.35400 0.165629
5967.37500 0.165352
5968.39600 0.165074
5969.41699 0.164796
5970.43896 0.164513
5971.45996 0.164221
5972.48193 0.163925
5973.50391 0.163629
5974.52588 0.163333
5975.54785 0.163037
5976.57080 0.162741
5977.59277 0.162445
5978.61621 0.162149
5979.63916 0.161852
5980.66211 0.161566
5981.68506 0.161283
5982.70801 0.160997
5983.73193 0.160712
5984.75586 0.160426
5985.77979 0.16014
5986.80420 0.159854
5987.82812 0.159568
5988.85303 0.159282
5989.87695 0.158996
5990.90186 0.15871
5991.92676 0.158419
5992.95312 0.158115
5993.97803 0.157811
5995.00293 0.157507
5996.02881 0.157203
5997.05518 0.156899
5998.08105 0.156595
5999.10693 0.156291
6000.13379 0.155988
6001.16016 0.155696
6002.18701 0.155407
6003.21387 0.15512
6004.24121 0.154834
6005.26904 0.154547
6006.29590 0.15426
6007.32422 0.153973
6008.35205 0.153687
6009.37891 0.1534
6010.40820 0.153113
6011.43604 0.152826
6012.46387 0.152543
6013.49316 0.152262
6014.52197 0.151981
6015.55078 0.1517
6016.58008 0.151419
6017.60986 0.151138
6018.63916 0.150856
6019.66895 0.150575
6020.69922 0.150293
6021.72900 0.150013
6022.75879 0.149754
6023.79004 0.149494
6024.81982 0.149234
6025.85107 0.148974
6026.88184 0.148714
6027.91406 0.148454
6028.94482 0.148194
6029.97607 0.147934
6031.00781 0.147659
6032.04004 0.147375
6033.07178 0.147076
6034.10400 0.146776
6035.13721 0.146475
6036.16895 0.146175
6037.20215 0.145875
6038.23486 0.145575
6039.26807 0.145275
6040.30078 0.144979
6041.33398 0.144691
6042.36816 0.144411
6043.40186 0.144134
6044.43604 0.143857
6045.47021 0.14358
6046.50391 0.143303
6047.53906 0.143026
6048.57422 0.142749
6049.60889 0.142472
6050.64404 0.142194
6051.67920 0.141917
6052.71387 0.141644
6053.75000 0.14137
6054.78613 0.141097
6055.82178 0.140823
6056.85791 0.140549
6057.89404 0.140275
6058.93115 0.140001
6059.96680 0.139728
6061.00391 0.139454
6062.04102 0.139179
6063.07812 0.138901
6064.11621 0.138624
6065.15283 0.138347
6066.19092 0.13807
6067.22900 0.137792
6068.26709 0.137515
6069.30518 0.137237
6070.34277 0.13696
6071.38184 0.136682
6072.42090 0.136389
6073.45996 0.136089
6074.49902 0.135789
6075.53809 0.135489
6076.57812 0.135189
6077.61816 0.134889
6078.65723 0.134589
6079.69678 0.134289
6080.73682 0.133989
6081.77783 0.133692
6082.81787 0.13344
6083.85889 0.133188
6084.89990 0.132936
6085.94092 0.132684
6086.98193 0.132431
6088.02393 0.132179
6089.06494 0.131926
6090.10693 0.131673
6091.14893 0.131409
6092.19092 0.13113
6093.23389 0.130836
6094.27588 0.130543
6095.31885 0.13025
6096.36182 0.129956
6097.40479 0.129662
6098.44824 0.129369
6099.49219 0.129075
6100.53516 0.128787
6101.57910 0.128505
6102.62305 0.128223
6103.66699 0.127941
6104.71094 0.127658
6105.75586 0.127376
6106.79980 0.127094
6107.84521 0.126811
6108.89014 0.126528
6109.93604 0.126246
6110.98096 0.125963
6112.02588 0.12568
6113.07178 0.125395
6114.11816 0.12511
6115.16406 0.124825
6116.20996 0.12454
6117.25684 0.124255
6118.30420 0.12397
6119.35107 0.123684
6120.39697 0.123399
6121.44385 0.123114
6122.49219 0.122832
6123.54004 0.122552
6124.58691 0.122272
6125.63477 0.121991
6126.68311 0.12171
6127.73096 0.12143
6128.77979 0.121149
6129.82812 0.120868
6130.87695 0.120588
6131.92578 0.120305
6132.97510 0.120017
6134.02393 0.119729
6135.07422 0.11944
6136.12402 0.119152
6137.17285 0.118864
6138.22412 0.118575
6139.27393 0.118287
6140.32422 0.117998
6141.37500 0.117709
6142.42578 0.11743
6143.47705 0.117155
6144.52783 0.11688
6145.57910 0.116605
6146.62988 0.116329
6147.68213 0.116054
6148.73389 0.115779
6149.78613 0.115503
6150.83789 0.115219
6151.89111 0.114936
6152.94287 0.114667
6153.99609 0.114397
6155.04883 0.114127
6156.10205 0.113858
6157.15479 0.113588
6158.20801 0.113318
6159.26221 0.113048
6160.31592 0.112782
6161.37012 0.112522
6162.42383 0.112243
6163.47900 0.111955
6164.53320 0.111666
6165.58789 0.111378
6166.64307 0.11109
6167.69824 0.110801
6168.75293 0.110513
6169.80908 0.110224
6170.86377 0.109935
6171.91992 0.109652
6172.97607 0.109391
6174.03223 0.109129
6175.08789 0.108867
6176.14502 0.108605
6177.20215 0.108344
6178.25781 0.108082
6179.31494 0.10782
6180.37305 0.107558
6181.43018 0.107296
6182.48779 0.107028
6183.54492 0.106758
6184.60400 0.106487
6185.66211 0.106217
6186.72021 0.105946
6187.77783 0.105675
6188.83691 0.105405
6189.89600 0.105134
6190.95508 0.104863
6192.01416 0.104592
6193.07422 0.104319
6194.13281 0.104046
6195.19287 0.103774
6196.25293 0.103501
6197.31299 0.103228
6198.37402 0.102955
6199.43408 0.102682
6200.49512 0.102404
6201.55615 0.102122
6202.61719 0.101854
6203.67822 0.101589
6204.73877 0.101324
6205.80078 0.10106
6206.86279 0.100795
6207.92480 0.10053
6208.98682 0.100265
6210.04883 0.1
6211.11182 0.099744
6212.17383 0.099485
6213.23682 0.09922
6214.29980 0.098955
6215.36377 0.098691
6216.42676 0.098426
6217.49121 0.098161
6218.55420 0.097896
6219.61816 0.097631
6220.68311 0.097366
6221.74707 0.097101
6222.81201 0.096848
6223.87598 0.096595
6224.94092 0.096341
6226.00586 0.096088
6227.07080 0.095834
6228.13721 0.09558
6229.20215 0.095327
6230.26807 0.095073
6231.33398 0.09482
6232.39990 0.094557
6233.46582 0.094287
6234.53320 0.094018
6235.60010 0.093749
6236.66699 0.093479
6237.73291 0.09321
6238.80078 0.09294
6239.86816 0.09267
6240.93604 0.092393
6242.00293 0.092121
6243.07178 0.091866
6244.14014 0.091612
6245.20801 0.091357
6246.27588 0.091103
6247.34521 0.090848
6248.41406 0.090593
6249.48291 0.090339
6250.55176 0.090088
6251.62207 0.089842
6252.69092 0.089597
6253.76123 0.089352
6254.83203 0.089108
6255.90088 0.088863
6256.97217 0.088618
6258.04199 0.088374
6259.11279 0.088129
6260.18408 0.087884
6261.25488 0.087639
6262.32617 0.087389
6263.39795 0.087136
6264.46924 0.086883
6265.54102 0.086629
6266.61279 0.086376
6267.68604 0.086122
6268.75781 0.085869
6269.83105 0.085615
6270.90283 0.085361
6271.97607 0.085109
6273.04883 0.08486
6274.12305 0.084611
6275.19580 0.084362
6276.27002 0.084113
6277.34277 0.083864
6278.41699 0.083615
6279.49219 0.083366
6280.56592 0.083116
6281.64111 0.082867
6282.71484 0.082621
6283.79004 0.082375
6284.86523 0.082129
6285.93994 0.081883
6287.01611 0.081637
6288.09180 0.081391
6289.16699 0.081145
6290.24414 0.080898
6291.31982 0.080644
6292.39600 0.080395
6293.47314 0.08015
6294.54980 0.079905
6295.62598 0.07966
6296.70410 0.079415
6297.78076 0.079169
6298.85889 0.078924
6299.93701 0.078679
6301.01416 0.07844
6302.09180 0.078204
6303.16992 0.077971
6304.24902 0.077738
6305.32812 0.077505
6306.40576 0.077273
6307.48486 0.07704
6308.56396 0.076806
6309.64404 0.076573
6310.72412 0.07634
6311.80322 0.076107
6312.88281 0.075868
6313.96289 0.07563
6315.04297 0.075392
6316.12402 0.075154
6317.20508 0.074916
6318.28613 0.074677
6319.36719 0.074439
6320.44824 0.074201
6321.52881 0.073962
6322.61084 0.073723
6323.69189 0.073483
6324.77393 0.073243
6325.85596 0.073003
6326.93896 0.072762
6328.02100 0.072522
6329.10400 0.072282
6330.18701 0.07204
6331.27002 0.071793
6332.35303 0.071552
6333.43701 0.071314
6334.52100 0.071076
6335.60400 0.070839
6336.68799 0.070601
6337.77197 0.070363
6338.85596 0.070125
6339.94092 0.069888
6341.02588 0.069656
6342.11084 0.069427
6343.19580 0.069204
6344.28076 0.06898
6345.36719 0.068757
6346.45215 0.068533
6347.53809 0.068309
6348.62402 0.068086
6349.70996 0.067862
6350.79688 0.067638
6351.88281 0.067413
6352.97021 0.067181
6354.05713 0.066949
6355.14502 0.066716
6356.23096 0.066484
6357.31885 0.066252
6358.40723 0.066019
6359.49512 0.065787
6360.58301 0.065554
6361.67090 0.065322
6362.75879 0.065113
6363.84814 0.064907
6364.93701 0.064701
6366.02588 0.064495
6367.11523 0.064288
6368.20508 0.064082
6369.29395 0.063876
6370.38379 0.063667
6371.47412 0.063454
6372.56396 0.063245
6373.65381 0.063037
6374.74512 0.062829
6375.83496 0.06262
6376.92578 0.062412
6378.01807 0.062204
6379.10791 0.061996
6380.20020 0.061788
6381.29199 0.061586
6382.38281 0.061377
6383.47607 0.061162
6384.56689 0.060948
6385.66016 0.060734
6386.75195 0.060519
6387.84521 0.060305
6388.93799 0.06009
6390.03076 0.059876
6391.12500 0.059661
6392.21777 0.059449
6393.31201 0.059238
6394.40576 0.059028
6395.50000 0.058818
6396.59424 0.058608
6397.68799 0.058397
6398.78320 0.058187
6399.87793 0.057977
6400.97314 0.057766
6402.06787 0.057559
6403.16309 0.057359
6404.25879 0.05716
6405.35400 0.056961
6406.45117 0.056761
6407.54590 0.056562
6408.64307 0.056362
6409.73877 0.056162
6410.83594 0.055959
6411.93311 0.055754
6413.02979 0.055553
6414.12695 0.055351
6415.22510 0.05515
6416.32178 0.054948
6417.41992 0.054747
6418.51807 0.054545
6419.61621 0.054344
6420.71387 0.054146
6421.81299 0.053949
6422.91211 0.053754
6424.01123 0.053559
6425.10986 0.053364
6426.20898 0.053169
6427.30908 0.052974
6428.40820 0.052779
6429.50781 0.052584
6430.60791 0.052388
6431.70801 0.052192
6432.80908 0.051999
6433.91016 0.051806
6435.00977 0.051614
6436.11084 0.051421
6437.21191 0.051229
6438.31396 0.051036
6439.41602 0.050843
6440.51709 0.050651
6441.61914 0.050458
6442.72119 0.050268
6443.82422 0.050079
6444.92578 0.04989
6446.02881 0.0497
6447.13184 0.049511
6448.23486 0.049322
6449.33789 0.049132
6450.44092 0.048941
6451.54492 0.048747
6452.64893 0.048562
6453.75293 0.048379
6454.85693 0.048196
6455.96094 0.048013
6457.06592 0.04783
6458.17090 0.047647
6459.27588 0.047464
6460.38086 0.047283
6461.48584 0.047105
6462.59180 0.046925
6463.69678 0.046745
6464.80322 0.046564
6465.91016 0.046384
6467.01611 0.046204
6468.12207 0.046023
6469.22900 0.045843
6470.33594 0.045662
6471.44287 0.045482
6472.54980 0.045303
6473.65723 0.045125
6474.76514 0.044947
6475.87305 0.044769
6476.98096 0.044591
6478.08887 0.044413
6479.19678 0.044235
6480.30615 0.044057
6481.41504 0.043879
6482.52295 0.043707
6483.63281 0.043539
6484.74219 0.043371
6485.85205 0.043202
6486.96094 0.043034
6488.07080 0.042865
6489.18115 0.042697
6490.29199 0.042527
6491.40186 0.042354
6492.51318 0.042182
6493.62402 0.042009
6494.73389 0.041837
6495.84619 0.041665
6496.95703 0.041492
6498.06885 0.04132
6499.18018 0.041148
6500.29199 0.040974
6501.40479 0.040798
6502.51709 0.040627
6503.62891 0.040457
6504.74219 0.040287
6505.85498 0.040117
6506.96777 0.039948
6508.08203 0.039778
6509.19482 0.039608
6510.30908 0.039439
6511.42188 0.039269
6512.53711 0.039096
6513.65088 0.038921
6514.76514 0.038746
6515.87988 0.038572
6516.99512 0.038397
6518.10986 0.038222
6519.22510 0.038047
6520.33984 0.037871
6521.45605 0.037693
6522.57178 0.037526
6523.68799 0.037364
6524.80420 0.037201
6525.91992 0.037039
6527.03711 0.036877
6528.15381 0.036715
6529.27100 0.036553
6530.38818 0.036393
6531.50488 0.036234
6532.62305 0.03608
6533.74023 0.035927
6534.85791 0.035774
6535.97607 0.035621
6537.09424 0.035468
6538.21289 0.035315
6539.33203 0.035162
6540.45020 0.035009
6541.56885 0.034856
6542.68799 0.034703
6543.80811 0.034549
6544.92822 0.034395
6546.04688 0.034241
6547.16699 0.034087
6548.28809 0.033934
6549.40820 0.03378
6550.52881 0.033626
6551.64893 0.033472
6552.77100 0.033321
6553.89209 0.03317
6555.01318 0.033019
6556.13379 0.032868
6557.25586 0.032717
6558.37793 0.032566
6559.50000 0.032415
6560.62305 0.032263
6561.74512 0.032109
6562.86816 0.031963
6563.99023 0.031818
6565.11279 0.031673
6566.23682 0.031528
6567.35986 0.031384
6568.48389 0.031239
6569.60693 0.031094
6570.73096 0.030952
6571.85596 0.03081
6572.97998 0.030671
6574.10498 0.030531
6575.22900 0.030392
6576.35400 0.030252
6577.47998 0.030113
6578.60498 0.029974
6579.73096 0.029834
6580.85596 0.029695
6581.98193 0.029556
6583.10889 0.029421
6584.23486 0.029286
6585.36084 0.029151
