threeML/data/optical_filters/HST/WFC3_UVIS2-F373N.ecsv
# %ECSV 0.9
# ---
# datatype:
# - {name: wavelength, unit: Angstrom, datatype: float32}
# - {name: response, datatype: float32}
# meta: !!omap
# - {band_name: F373N}
# - {group_name: WFC3_UVIS2}
wavelength response
3319.05151 0.0
3687.83496 0.000416
3688.46606 0.000481
3689.09692 0.000571
3689.72803 0.00067
3690.35889 0.000781
3690.99097 0.00094
3691.62207 0.001112
3692.25391 0.001302
3692.88599 0.001568
3693.51807 0.00188
3694.14893 0.002289
3694.78101 0.002782
3695.41406 0.003353
3696.04590 0.004171
3696.67798 0.005127
3697.31104 0.006301
3697.94312 0.007933
3698.57593 0.009857
3699.20898 0.012441
3699.84204 0.015807
3700.47510 0.019718
3701.10791 0.025151
3701.74097 0.031585
3702.37402 0.03922
3703.00806 0.049187
3703.64111 0.060088
3704.27490 0.072412
3704.90894 0.086529
3705.54199 0.101265
3706.17700 0.115443
3706.81104 0.129185
3707.44507 0.14259
3708.07910 0.151699
3708.71289 0.159412
3709.34790 0.165191
3709.98291 0.168153
3710.61694 0.170082
3711.25195 0.170649
3711.88696 0.170894
3712.52197 0.170935
3713.15698 0.170527
3713.79297 0.170222
3714.42798 0.170007
3715.06299 0.170377
3715.69897 0.170943
3716.33496 0.171783
3716.97095 0.17251
3717.60693 0.173343
3718.24292 0.174609
3718.87891 0.175421
3719.51489 0.176051
3720.15088 0.17718
3720.78809 0.177967
3721.42505 0.178442
3722.06104 0.179129
3722.69800 0.179701
3723.33496 0.18006
3723.97192 0.180351
3724.60889 0.180509
3725.24609 0.180295
3725.88403 0.180152
3726.52100 0.180056
3727.15894 0.180054
3727.79590 0.179866
3728.43408 0.179512
3729.07202 0.179253
3729.70996 0.179079
3730.34790 0.179029
3730.98608 0.179087
3731.62500 0.179106
3732.26294 0.178946
3732.90210 0.178968
3733.54004 0.17906
3734.17896 0.17906
3734.81812 0.179098
3735.45703 0.179166
3736.09595 0.179444
3736.73511 0.179778
3737.37500 0.180184
3738.01392 0.180342
3738.65405 0.180482
3739.29297 0.180672
3739.93311 0.180767
3740.57300 0.180794
3741.21289 0.18062
3741.85303 0.180608
3742.49292 0.180669
3743.13306 0.180106
3743.77393 0.179477
3744.41406 0.178777
3745.05493 0.177266
3745.69604 0.175476
3746.33594 0.173315
3746.97803 0.170408
3747.61792 0.167262
3748.26001 0.16394
3748.90088 0.159427
3749.54199 0.154212
3750.18408 0.147974
3750.82495 0.141066
3751.46704 0.13363
3752.10889 0.12514
3752.75098 0.116467
3753.39307 0.107562
3754.03491 0.097729
3754.67700 0.088007
3755.32007 0.07877
3755.96191 0.070011
3756.60498 0.06162
3757.24805 0.054061
3757.88989 0.047202
3758.53296 0.040771
3759.17700 0.034903
3759.82007 0.029679
3760.46289 0.02499
3761.10596 0.021391
3761.75000 0.018101
3762.39307 0.015202
3763.03711 0.012873
3763.68091 0.010782
3764.32495 0.009021
3764.96899 0.007601
3765.61304 0.006354
3766.25708 0.00537
3766.90210 0.00453
3767.54590 0.003784
3768.19092 0.00322
3768.83496 0.002733
3769.47998 0.002306
3770.12500 0.001989
3770.77002 0.001708
3771.41504 0.001469
3772.06104 0.001253
3772.70605 0.001065
3773.35107 0.000923
3773.99707 0.000797
3774.64307 0.000685
3775.28809 0.000599
3775.93408 0.000527
3776.58008 0.000461
4154.23828 0.0
