threeML/data/optical_filters/HST/WFC3_UVIS1-FQ232N.ecsv
# %ECSV 0.9
# ---
# datatype:
# - {name: wavelength, unit: Angstrom, datatype: float32}
# - {name: response, datatype: float32}
# meta: !!omap
# - {band_name: FQ232N}
# - {group_name: WFC3_UVIS1}
wavelength response
2065.32617 0.0
2294.80688 0.00041
2295.19897 0.000441
2295.59204 0.000491
2295.98511 0.000538
2296.37793 0.000587
2296.77100 0.000632
2297.16406 0.000686
2297.55688 0.00076
2297.94995 0.000821
2298.34302 0.000912
2298.73608 0.000994
2299.12891 0.001082
2299.52295 0.001201
2299.91602 0.00134
2300.31006 0.001469
2300.70288 0.001664
2301.09692 0.001812
2301.48999 0.001992
2301.88403 0.002212
2302.27808 0.002476
2302.67212 0.002714
2303.06592 0.00304
2303.45996 0.003347
2303.85400 0.00374
2304.24805 0.004222
2304.64209 0.004639
2305.03711 0.005235
2305.43091 0.005798
2305.82495 0.006388
2306.21997 0.007152
2306.61499 0.007838
2307.00903 0.008659
2307.40405 0.009558
2307.79907 0.010367
2308.19409 0.011436
2308.58789 0.01248
2308.98291 0.01347
2309.37793 0.014735
2309.77295 0.015682
2310.16895 0.016619
2310.56396 0.017768
2310.95898 0.018597
2311.35498 0.019629
2311.75000 0.020585
2312.14600 0.021241
2312.54102 0.022065
2312.93701 0.022691
2313.33301 0.023328
2313.72803 0.023985
2314.12402 0.024359
2314.52002 0.024739
2314.91602 0.02513
2315.31201 0.025408
2315.70801 0.025729
2316.10400 0.025963
2316.50098 0.026197
2316.89697 0.026456
2317.29297 0.026736
2317.68994 0.026917
2318.08594 0.027133
2318.48291 0.027376
2318.87988 0.027599
2319.27588 0.027887
2319.67310 0.028083
2320.07007 0.028313
2320.46704 0.028602
2320.86401 0.028801
2321.26099 0.029147
2321.65796 0.029481
2322.05493 0.029737
2322.45288 0.030071
2322.85010 0.030281
2323.24707 0.030577
2323.64502 0.030867
2324.04199 0.031196
2324.43994 0.031477
2324.83789 0.031735
2325.23511 0.031975
2325.63306 0.032257
2326.03101 0.032462
2326.42896 0.032757
2326.82690 0.032928
2327.22510 0.033117
2327.62305 0.033304
2328.02197 0.033515
2328.41992 0.033625
2328.81812 0.033799
2329.21704 0.033917
2329.61499 0.034042
2330.01392 0.034142
2330.41211 0.03424
2330.81104 0.034314
2331.20996 0.034392
2331.60889 0.034476
2332.00806 0.034524
2332.40698 0.034562
2332.80591 0.034563
2333.20508 0.034592
2333.60400 0.03456
2334.00293 0.034509
2334.40308 0.034403
2334.80200 0.034294
2335.20093 0.034057
2335.60107 0.033728
2336.00000 0.033496
2336.39990 0.033172
2336.80005 0.032589
2337.19995 0.032114
2337.60010 0.031377
2338.00000 0.030664
2338.39893 0.029881
2338.80005 0.028845
2339.19995 0.027846
2339.60010 0.026566
2340.00000 0.0254
2340.40088 0.024249
2340.80103 0.022784
2341.20093 0.021447
2341.60205 0.020108
2342.00293 0.01869
2342.40308 0.017551
2342.80396 0.01621
2343.20508 0.014942
2343.60596 0.013775
2344.00708 0.012556
2344.40796 0.011536
2344.80908 0.010583
2345.20996 0.009566
2345.61108 0.008773
2346.01196 0.007912
2346.41406 0.007202
2346.81494 0.006624
2347.21704 0.005994
2347.61792 0.005448
2348.02002 0.005002
2348.42212 0.004495
2348.82300 0.004141
2349.22510 0.003775
2349.62695 0.003418
2350.02905 0.003116
2350.43091 0.002841
2350.83301 0.002616
2351.23608 0.002419
2351.63794 0.002195
2352.04004 0.002036
2352.44312 0.001865
2352.84497 0.00171
2353.24805 0.001588
2353.64990 0.001447
2354.05298 0.001349
2354.45605 0.001238
2354.85889 0.001142
2355.26099 0.001065
2355.66504 0.000995
2356.06689 0.000927
2356.46997 0.000861
2356.87402 0.000791
2357.27710 0.000733
2357.67993 0.00069
2358.08398 0.000636
2358.48706 0.000599
2358.89111 0.00056
2359.29395 0.00053
2359.69800 0.00049
2360.10205 0.000455
2360.50488 0.000422
2360.90894 0.00041
2596.99976 0.0
