threeML/data/optical_filters/HST/WFC3_UVIS2-F300X.ecsv
# %ECSV 0.9
# ---
# datatype:
# - {name: wavelength, unit: Angstrom, datatype: float32}
# - {name: response, datatype: float32}
# meta: !!omap
# - {band_name: F300X}
# - {group_name: WFC3_UVIS2}
wavelength response
[from data line 4024]
4027.57910 0.002598
4028.26904 0.002589
4028.95801 0.002579
4029.64697 0.00257
4030.33594 0.002561
4031.02588 0.002551
4031.71606 0.002542
4032.40601 0.002532
4033.09497 0.002523
4033.78491 0.002513
4034.47607 0.002504
4035.16602 0.002494
4035.85596 0.002485
4036.54712 0.002475
4037.23804 0.002466
4037.92798 0.002456
4038.61890 0.002447
4039.31006 0.002437
4040.00098 0.002428
4040.69189 0.002418
4041.38403 0.002409
4042.07495 0.002401
4042.76709 0.002393
4043.45801 0.002385
4044.14990 0.002376
4044.84204 0.002368
4045.53394 0.00236
4046.22705 0.002352
4046.91895 0.002344
4047.61108 0.002335
4048.30396 0.002327
4048.99609 0.002319
4049.68896 0.002311
4050.38208 0.002303
4051.07495 0.002295
4051.76807 0.002287
4052.46094 0.002278
4053.15503 0.00227
4053.84790 0.002262
4054.54199 0.002254
4055.23511 0.002246
4055.92896 0.002238
4056.62305 0.00223
4057.31689 0.002222
4058.01099 0.002214
4058.70605 0.002206
4059.39990 0.002198
4060.09497 0.002189
4060.78906 0.002181
4061.48389 0.002173
4062.17896 0.002165
4062.87402 0.002157
4063.56909 0.002149
4064.26392 0.00214
4064.95996 0.002132
4065.65503 0.002124
4066.35107 0.002116
4067.04712 0.002108
4067.74194 0.0021
4068.43799 0.002092
4069.13501 0.002083
4069.83105 0.002075
4070.52710 0.002067
4071.22412 0.002059
4071.91992 0.002051
4072.61694 0.002043
4073.31396 0.002035
4074.01001 0.002027
4074.70801 0.002019
4075.40503 0.002011
4076.10205 0.002003
4076.79907 0.001995
4077.49707 0.001987
4078.19507 0.001978
4078.89209 0.00197
4079.59009 0.001962
4080.28809 0.001954
4080.98608 0.001946
4081.68506 0.001939
4082.38306 0.001931
4083.08105 0.001923
4083.78003 0.001916
4084.47900 0.001908
4085.17700 0.0019
4085.87598 0.001893
4086.57495 0.001885
4087.27490 0.001878
4087.97412 0.00187
4088.67310 0.001862
4089.37305 0.001855
4090.07300 0.001847
4090.77197 0.001839
4091.47192 0.001831
4092.17212 0.001824
4092.87305 0.001816
4093.57300 0.001809
4094.27295 0.001801
4094.97412 0.001794
4095.67407 0.001786
4096.37500 0.001779
4097.07617 0.001771
4097.77686 0.001764
4098.47803 0.001756
4099.17920 0.001749
4099.88086 0.001741
4100.58203 0.001734
4101.28418 0.001726
4101.98486 0.001719
4102.68701 0.001712
4103.38916 0.001705
4104.09082 0.001697
4104.79297 0.00169
4105.49609 0.001683
4106.19824 0.001675
4106.90088 0.001668
4107.60400 0.001661
4108.30615 0.001653
4109.00879 0.001646
4109.71191 0.001639
4110.41504 0.001632
4111.11914 0.001624
4111.82178 0.001618
4112.52490 0.001611
4113.22900 0.001604
4113.93311 0.001598
4114.63721 0.001591
4115.34082 0.001584
4116.04492 0.001578
4116.74902 0.001571
4117.45312 0.001564
4118.15820 0.001558
4118.86182 0.001551
4119.56689 0.001544
4120.27197 0.001538
4120.97705 0.001531
4121.68213 0.001525
4122.38721 0.001519
4123.09180 0.001513
4123.79785 0.001508
4124.50293 0.001502
4125.20898 0.001496
4125.91504 0.001491
4126.62109 0.001485
4127.32715 0.001479
4128.03320 0.001474
4128.73877 0.001468
4129.44580 0.001462
4130.15186 0.001457
4130.85889 0.001451
4131.56592 0.001445
4132.27197 0.001438
4132.97900 0.001431
4133.68701 0.001425
4134.39404 0.001418
4135.10205 0.001412
4135.80908 0.001405
4136.51709 0.001398
4137.22412 0.001392
4137.93213 0.001385
4138.64014 0.001379
4139.34814 0.001372
4140.05713 0.001365
4140.76514 0.001359
4141.47314 0.001352
4142.18213 0.001346
4142.89111 0.00134
4143.59912 0.001334
4144.30811 0.001328
4145.01807 0.001321
4145.72705 0.001315
4146.43604 0.001309
4147.14600 0.001303
4147.85498 0.001297
4148.56396 0.001291
4149.27393 0.001284
4149.98389 0.001278
4150.69385 0.001272
4151.40381 0.001266
4152.11523 0.00126
4152.82520 0.001254
4153.53613 0.001249
4154.24609 0.001243
4154.95703 0.001237
4155.66797 0.001231
4156.37891 0.001225
4157.08984 0.001219
4157.80078 0.001213
4158.51318 0.001208
4159.22412 0.001202
4159.93604 0.001196
4160.64697 0.00119
4161.35889 0.001184
4162.07080 0.001179
4162.78418 0.001174
4163.49609 0.001169
4164.20801 0.001163
4164.91992 0.001158
4165.63281 0.001153
4166.34619 0.001148
4167.05908 0.001143
4167.77100 0.001137
4168.48486 0.001132
4169.19824 0.001127
4169.91113 0.001122
4170.62500 0.001117
4171.33789 0.001111
4172.05176 0.001106
4172.76611 0.001101
4173.47998 0.001096
4174.19385 0.001091
4174.90820 0.001086
4175.62305 0.001081
4176.33691 0.001075
4177.05078 0.00107
4177.76611 0.001065
4178.48096 0.00106
4179.19580 0.001055
4179.91113 0.00105
4180.62598 0.001045
4181.34082 0.00104
4182.05713 0.001035
4182.77197 0.001031
4183.48779 0.001026
4184.20410 0.001021
4184.91895 0.001017
4185.63477 0.001012
4186.35205 0.001008
4187.06787 0.001003
4187.78418 0.000998
4188.50000 0.000994
4189.21680 0.000989
4189.93408 0.000984
4190.65088 0.00098
4191.36816 0.000975
4192.08496 0.000971
4192.80176 0.000966
4193.52002 0.000962
4194.23682 0.000957
4194.95508 0.000953
4195.67188 0.000948
4196.39111 0.000943
4197.10791 0.000939
4197.82715 0.000934
4198.54492 0.00093
4199.26318 0.000925
4199.98096 0.000921
4200.70020 0.000916
4201.41895 0.000912
4202.13818 0.000908
4202.85596 0.000904
4203.57617 0.0009
4204.29492 0.000896
4205.01416 0.000892
4205.73389 0.000888
4206.45312 0.000884
4207.17285 0.00088
4207.89307 0.000876
4208.61279 0.000872
4209.33301 0.000868
4210.05322 0.000864
4210.77295 0.00086
4211.49414 0.000856
4212.21387 0.000852
4212.93506 0.000848
4213.65576 0.000844
4214.37695 0.00084
4215.09814 0.000836
4215.81885 0.000832
4216.54102 0.000828
4217.26221 0.000824
4217.98291 0.00082
4218.70508 0.000816
4219.42676 0.000812
4220.14893 0.000808
4220.87109 0.000804
4221.59277 0.0008
4222.31494 0.000796
4223.03809 0.000793
4223.75977 0.000789
4224.48291 0.000785
4225.20605 0.000781
4225.92920 0.000778
4226.65088 0.000774
4227.37500 0.00077
4228.09814 0.000766
4228.82080 0.000762
4229.54492 0.000759
4230.26904 0.000755
4230.99219 0.000751
4231.71582 0.000748
4232.43994 0.000744
4233.16504 0.000741
4233.88916 0.000737
4234.61279 0.000734
4235.33691 0.00073
4236.06201 0.000727
4236.78711 0.000723
4237.51221 0.00072
4238.23682 0.000717
4238.96191 0.000713
4239.68799 0.00071
4240.41309 0.000706
4241.13818 0.000703
4241.86377 0.000699
4242.58984 0.000696
4243.31494 0.000693
4244.04199 0.000689
4244.76807 0.000686
4245.49414 0.000683
4246.22021 0.000679
4246.94678 0.000676
4247.67285 0.000672
4248.39990 0.000669
4249.12695 0.000666
4249.85400 0.000662
4250.58105 0.000659
4251.30908 0.000656
4252.03613 0.000653
4252.76318 0.00065
4253.49121 0.000647
4254.21924 0.000644
4254.94678 0.000641
4255.67383 0.000637
4256.40283 0.000634
4257.13086 0.000631
4257.85889 0.000628
4258.58789 0.000625
4259.31592 0.000622
4260.04492 0.000619
4260.77393 0.000616
4261.50293 0.000613
4262.23193 0.00061
4262.96094 0.000607
4263.69092 0.000604
4264.41992 0.000601
4265.14990 0.000598
4265.87891 0.000596
4266.60889 0.000593
4267.33887 0.00059
4268.06982 0.000587
4268.79980 0.000584
4269.52979 0.000581
4270.26123 0.000578
4270.99121 0.000575
4271.72217 0.000572
4272.45312 0.000569
4273.18408 0.000566
4273.91504 0.000563
4274.64600 0.00056
4275.37695 0.000558
4276.10889 0.000555
4276.84082 0.000552
4277.57324 0.000549
4278.30420 0.000546
4279.03613 0.000543
4279.76904 0.00054
4280.50098 0.000537
4281.23291 0.000534
4281.96582 0.000531
4282.69824 0.000528
4283.43115 0.000526
4284.16406 0.000523
4284.89697 0.00052
4285.62988 0.000517
4286.36279 0.000514
4287.09717 0.000512
4287.83008 0.000509
4288.56299 0.000506
4289.29688 0.000503
4290.03076 0.0005
4290.76514 0.000498
4291.50000 0.000496
4292.23389 0.000494
4292.96777 0.000493
4293.70312 0.000492
4294.43701 0.00049
4295.17188 0.000489
4295.90723 0.000488
4296.64209 0.000487
4297.37695 0.000485
4298.11182 0.000484
4298.84814 0.000483
4299.58301 0.000482
4300.31885 0.00048
4301.05518 0.000479
4301.79102 0.000477
4302.52588 0.000474
4303.26318 0.000472
4303.99902 0.00047
4304.73486 0.000467
4305.47217 0.000465
4306.20801 0.000462
4306.94482 0.00046
4307.68213 0.000457
4308.41895 0.000455
4309.15576 0.000452
4309.89404 0.00045
4310.63086 0.000447
4311.36914 0.000445
4312.10596 0.000442
4312.84424 0.00044
4313.58203 0.000437
4314.31982 0.000434
4315.05811 0.000432
4315.79590 0.000429
4316.53516 0.000426
4317.27295 0.000424
4318.01221 0.000421
4318.75000 0.000418
4319.49023 0.000416
4320.22900 0.000413
4320.96777 0.00041
4321.70703 0.000409
4322.44580 0.000408
4323.18604 0.000407
4323.92578 0.000406
4324.66602 0.000405
4325.40479 0.000404
4326.14600 0.000403
4326.88623 0.000402
4327.62598 0.000401
4760.38867 0.0
