threeML/data/optical_filters/HST/WFC3_UVIS2-F225w.ecsv
# %ECSV 0.9
# ---
# datatype:
# - {name: wavelength, unit: Angstrom, datatype: float32}
# - {name: response, datatype: float32}
# meta: !!omap
# - {band_name: F225w}
# - {group_name: WFC3_UVIS2}
wavelength response
1790.71289 0.0
1989.68103 0.000465
1990.02100 0.003224
1990.36096 0.003265
1990.70203 0.003309
1991.04297 0.003365
1991.38306 0.003422
1991.72400 0.003479
1992.06494 0.003537
1992.40601 0.003594
1992.74597 0.003652
1993.08704 0.00371
1993.42798 0.003768
1993.77002 0.003826
1994.11096 0.003885
1994.45203 0.003944
1994.79297 0.004003
1995.13403 0.004062
1995.47595 0.004121
1995.81702 0.004181
1996.15906 0.004241
1996.50000 0.004301
1996.84204 0.004361
1997.18298 0.004422
1997.52502 0.004483
1997.86694 0.004543
1998.20898 0.004605
1998.55103 0.004666
1998.89197 0.004728
1999.23401 0.004789
1999.57703 0.004851
1999.91895 0.004914
2000.26099 0.004971
2000.60303 0.005027
2000.94495 0.005103
2001.28796 0.005181
2001.63000 0.00526
2001.97302 0.005339
2002.31494 0.005417
2002.65796 0.005496
2003.00000 0.005575
2003.34302 0.005655
2003.68604 0.005734
2004.02905 0.005813
2004.37195 0.005893
2004.71399 0.005972
2005.05701 0.006052
2005.40100 0.006132
2005.74402 0.006211
2006.08704 0.006291
2006.43005 0.006371
2006.77295 0.006452
2007.11694 0.006532
2007.45996 0.006612
2007.80396 0.006693
2008.14697 0.006773
2008.49097 0.006854
2008.83398 0.006935
2009.17798 0.007016
2009.52197 0.007097
2009.86597 0.007178
2010.20898 0.007259
2010.55298 0.00734
2010.89697 0.007441
2011.24097 0.007551
2011.58606 0.00766
2011.93005 0.00777
2012.27405 0.007879
2012.61804 0.007989
2012.96301 0.008099
2013.30701 0.008209
2013.65100 0.008319
2013.99597 0.00843
2014.34094 0.00854
2014.68506 0.008651
2015.03003 0.008762
2015.37500 0.008873
2015.71899 0.008984
2016.06396 0.009095
2016.40906 0.009206
2016.75403 0.009318
2017.09900 0.00943
2017.44397 0.009541
2017.79004 0.009653
2018.13501 0.009765
2018.47998 0.009878
2018.82605 0.00999
2019.17102 0.010102
2019.51599 0.010215
2019.86206 0.010328
2020.20801 0.010441
2020.55298 0.010553
2020.89905 0.010686
2021.24500 0.010828
2021.58997 0.010969
2021.93604 0.011111
2022.28198 0.011252
2022.62805 0.011394
2022.97400 0.011536
2023.31995 0.011678
2023.66699 0.011821
2024.01294 0.011963
2024.35901 0.012106
2024.70605 0.012249
2025.05200 0.012392
2025.39795 0.012536
2025.74500 0.012679
2026.09204 0.012823
2026.43799 0.012966
2026.78503 0.01311
2027.13196 0.013255
2027.47900 0.013399
2027.82495 0.013543
2028.17200 0.013688
2028.51904 0.013833
2028.86597 0.013978
2029.21399 0.014123
2029.56104 0.014268
2029.90796 0.014414
2030.25500 0.01456
2030.60303 0.014706
2030.94995 0.014873
2031.29797 0.015043
2031.64502 0.015214
2031.99304 0.015385
2032.33997 0.015556
2032.68799 0.015727
2033.03601 0.015898
2033.38403 0.01607
2033.73206 0.016242
2034.07996 0.016414
2034.42798 0.016586
2034.77600 0.016759
2035.12402 0.016931
2035.47205 0.017104
2035.81995 0.017277
2036.16895 0.017451
2036.51697 0.017624
2036.86499 0.017798
2037.21399 0.017972
2037.56299 0.018146
2037.91101 0.018321
2038.26001 0.018496
2038.60901 0.018671
2038.95703 0.018846
2039.30603 0.019021
2039.65503 0.019197
2040.00403 0.019372
2040.35303 0.019548
2040.70203 0.019726
2041.05103 0.019911
2041.40100 0.020097
2041.75000 0.020283
2042.09900 0.020469
2042.44800 0.020655
2042.79797 0.020842
2043.14697 0.021028
2043.49695 0.021215
2043.84705 0.021403
2044.19604 0.02159
2044.54602 0.021778
2044.89600 0.021966
2045.24597 0.022154
2045.59595 0.022342
2045.94604 0.022531
2046.29602 0.02272
2046.64600 0.022909
2046.99597 0.023099
2047.34595 0.023288
2047.69702 0.023478
2048.04712 0.023668
2048.39697 0.023858
2048.74805 0.024049
2049.09790 0.02424
2049.44897 0.024431
2049.80005 0.024622
2050.14990 0.024814
2050.50098 0.025008
2050.85205 0.025197
2051.20288 0.025384
2051.55396 0.02557
2051.90503 0.025757
2052.25610 0.025944
2052.60693 0.026132
2052.95801 0.02632
2053.30908 0.026507
2053.66089 0.026696
2054.01196 0.026884
2054.36401 0.027073
2054.71509 0.027262
2055.06689 0.027451
2055.41797 0.02764
2055.77002 0.02783
2056.12207 0.02802
2056.47290 0.02821
2056.82495 0.028401
2057.17700 0.028592
2057.52905 0.028783
2057.88110 0.028974
2058.23291 0.029166
2058.58496 0.029357
2058.93701 0.029549
2059.29004 0.029742
2059.64209 0.029934
2059.99512 0.030127
2060.34692 0.03032
2060.69897 0.030511
2061.05200 0.030684
2061.40503 0.030856
2061.75708 0.031029
2062.11011 0.031202
2062.46289 0.031376
2062.81592 0.031549
2063.16895 0.031723
2063.52197 0.031897
2063.87500 0.032072
2064.22803 0.032246
2064.58105 0.032421
2064.93408 0.032596
2065.28809 0.032771
2065.64111 0.032947
2065.99390 0.033122
2066.34790 0.033298
2066.70093 0.033475
2067.05493 0.033651
2067.40894 0.033828
2067.76196 0.034005
2068.11597 0.034182
2068.46997 0.034359
2068.82397 0.034537
2069.17798 0.034715
2069.53198 0.034893
2069.88599 0.035071
2070.23999 0.035249
2070.59399 0.035426
2070.94897 0.035586
2071.30298 0.035741
2071.65698 0.035897
2072.01196 0.036054
2072.36597 0.03621
2072.72095 0.036366
2073.07593 0.036523
2073.42993 0.03668
2073.78491 0.036837
2074.13989 0.036994
2074.49512 0.037152
2074.85010 0.03731
2075.20508 0.037468
2075.56006 0.037626
2075.91504 0.037784
2076.27002 0.037943
2076.62500 0.038101
2076.97998 0.03826
2077.33594 0.038419
2077.69092 0.038579
2078.04712 0.038738
2078.40210 0.038898
2078.75806 0.039058
2079.11401 0.039218
2079.46899 0.039378
2079.82495 0.039538
2080.18091 0.0397
2080.53711 0.039862
2080.89307 0.040009
2081.24902 0.040147
2081.60498 0.040286
2081.96094 0.040425
2082.31689 0.040563
2082.67407 0.040703
2083.03003 0.040842
2083.38599 0.040981
2083.74292 0.041121
2084.09912 0.041261
2084.45605 0.041401
2084.81299 0.041541
2085.16895 0.041682
2085.52588 0.041822
2085.88306 0.041963
2086.23999 0.042104
2086.59692 0.042245
2086.95410 0.042387
2087.31104 0.042528
2087.66797 0.04267
2088.02490 0.042812
2088.38208 0.042954
2088.73999 0.043096
2089.09692 0.043238
2089.45410 0.043381
2089.81201 0.043524
2090.16895 0.043666
2090.52710 0.043809
2090.88501 0.043942
2091.24194 0.044068
2091.60010 0.044195
2091.95801 0.044322
2092.31592 0.044448
2092.67407 0.044575
2093.03198 0.044703
2093.38989 0.04483
2093.74805 0.044957
2094.10693 0.045085
2094.46509 0.045213
2094.82300 0.045341
2095.18188 0.045469
2095.54004 0.045597
2095.89893 0.045726
2096.25708 0.045854
2096.61597 0.045983
2096.97510 0.046112
2097.33301 0.046241
2097.69189 0.04637
2098.05103 0.0465
2098.40991 0.046629
2098.76904 0.046759
2099.12793 0.046889
2099.48706 0.047019
2099.84692 0.047149
2100.20605 0.047295
2100.56494 0.047453
2100.92505 0.047605
2101.28394 0.047755
2101.64404 0.047905
2102.00293 0.048055
2102.36304 0.048206
2102.72192 0.048357
2103.08203 0.048508
2103.44189 0.048659
2103.80200 0.048811
2104.16211 0.048963
2104.52197 0.049116
2104.88208 0.049268
2105.24194 0.049421
2105.60205 0.049575
2105.96289 0.049728
2106.32300 0.049882
2106.68311 0.050036
2107.04395 0.050191
2107.40405 0.050346
2107.76489 0.050501
2108.12500 0.050656
2108.48608 0.050812
2108.84692 0.050968
2109.20801 0.051124
2109.56909 0.05128
2109.92896 0.051437
2110.29102 0.051594
2110.65210 0.051752
2111.01294 0.051901
2111.37402 0.052049
2111.73511 0.052199
2112.09595 0.052348
2112.45801 0.052498
2112.81909 0.052648
2113.18091 0.052798
2113.54199 0.052949
2113.90405 0.053099
2114.26611 0.05325
2114.62695 0.053402
2114.98901 0.053554
2115.35107 0.053706
2115.71289 0.053858
2116.07495 0.05401
2116.43701 0.054163
2116.79907 0.054316
2117.16089 0.05447
2117.52295 0.054623
2117.88599 0.054777
2118.24805 0.054932
2118.61108 0.055086
2118.97290 0.055241
2119.33496 0.055396
2119.69800 0.055552
2120.06104 0.055707
2120.42407 0.055861
2120.78589 0.056013
2121.14893 0.056162
2121.51196 0.056312
2121.87500 0.056461
2122.23804 0.056611
2122.60107 0.056762
2122.96411 0.056912
2123.32788 0.057063
2123.69092 0.057214
2124.05396 0.057365
2124.41797 0.057517
2124.78101 0.057669
2125.14502 0.057821
2125.50806 0.057973
2125.87207 0.058126
2126.23608 0.058279
2126.59912 0.058432
2126.96289 0.058586
2127.32690 0.058739
2127.69092 0.058893
2128.05493 0.059048
2128.41895 0.059202
2128.78296 0.059357
2129.14795 0.059512
2129.51196 0.059668
2129.87598 0.059823
2130.24097 0.05998
2130.60498 0.060138
2130.96997 0.060291
2131.33398 0.060443
2131.69897 0.060595
2132.06396 0.060747
2132.42798 0.060899
2132.79297 0.061052
2133.15796 0.061205
2133.52295 0.061358
2133.88794 0.061512
2134.25293 0.061666
2134.61890 0.06182
2134.98389 0.061974
2135.34912 0.062129
2135.71411 0.062284
2136.08008 0.062439
2136.44507 0.062595
2136.81104 0.06275
2137.17700 0.062907
2137.54199 0.063063
2137.90796 0.063219
2138.27393 0.063376
2138.63892 0.063533
2139.00488 0.063691
2139.37109 0.063849
2139.73706 0.064006
2140.10400 0.064165
2140.46997 0.064323
2140.83594 0.064476
2141.20190 0.064623
2141.56812 0.06477
2141.93506 0.064917
2142.30103 0.065065
2142.66797 0.065213
2143.03394 0.065361
2143.40088 0.065509
2143.76807 0.065657
2144.13501 0.065806
2144.50098 0.065955
2144.86792 0.066105
2145.23511 0.066254
2145.60303 0.066404
2145.96899 0.066554
2146.33691 0.066705
2146.70410 0.066855
2147.07104 0.067006
2147.43799 0.067157
2147.80591 0.067308
2148.17310 0.06746
2148.54102 0.067612
2148.90894 0.067764
2149.27588 0.067916
2149.64404 0.068069
2150.01196 0.068222
2150.37988 0.068375
2150.74805 0.068525
2151.11499 0.068664
2151.48389 0.068804
2151.85205 0.068944
2152.21997 0.069084
2152.58789 0.069224
2152.95605 0.069364
2153.32495 0.069505
2153.69312 0.069646
2154.06201 0.069787
2154.42993 0.069929
2154.79907 0.07007
2155.16699 0.070212
2155.53589 0.070354
2155.90503 0.070497
2156.27393 0.070639
2156.64307 0.070782
2157.01196 0.070925
2157.38110 0.071068
2157.75000 0.071212
2158.11890 0.071355
2158.48901 0.071499
2158.85791 0.071643
2159.22705 0.071788
2159.59595 0.071932
2159.96606 0.072077
2160.33496 0.072219
2160.70508 0.07236
2161.07495 0.072487
2161.44507 0.072613
2161.81396 0.07274
2162.18408 0.072867
2162.55396 0.072994
2162.92407 0.073122
2163.29395 0.073249
2163.66504 0.073377
2164.03491 0.073505
2164.40503 0.073633
2164.77490 0.073761
2165.14600 0.073889
2165.51611 0.074018
2165.88599 0.074147
2166.25708 0.074276
2166.62793 0.074405
2166.99902 0.074534
2167.36890 0.074664
2167.73999 0.074793
2168.11108 0.074923
2168.48193 0.075053
2168.85303 0.075184
2169.22412 0.075314
2169.59497 0.075445
2169.96606 0.075576
2170.33789 0.075709
2170.70898 0.07584
2171.08008 0.075956
2171.45190 0.076072
2171.82300 0.076188
2172.19507 0.076304
2172.56689 0.07642
2172.93799 0.076536
2173.31006 0.076653
2173.68188 0.07677
2174.05396 0.076886
2174.42603 0.077003
2174.79810 0.07712
2175.16992 0.077238
2175.54199 0.077355
2175.91406 0.077473
2176.28711 0.077591
2176.65894 0.077708
2177.03101 0.077826
2177.40405 0.077945
2177.77588 0.078063
2178.14893 0.078182
2178.52100 0.0783
2178.89404 0.078419
2179.26709 0.078538
2179.63989 0.078657
2180.01294 0.078776
2180.38599 0.078895
2180.75903 0.07901
2181.13208 0.079108
2181.50488 0.079207
2181.87793 0.079306
2182.25195 0.079405
2182.62500 0.079504
2182.99902 0.079603
2183.37207 0.079702
2183.74609 0.079801
2184.11890 0.0799
2184.49292 0.08
2184.86694 0.080099
2185.23999 0.080199
2185.61499 0.080299
2185.98804 0.080399
2186.36206 0.080499
2186.73706 0.080599
2187.11108 0.080699
2187.48511 0.0808
2187.85889 0.0809
2188.23291 0.081
2188.60791 0.081101
2188.98193 0.081202
2189.35693 0.081303
2189.73096 0.081404
2190.10596 0.081505
2190.48096 0.081605
2190.85498 0.0817
2191.22998 0.081788
2191.60498 0.081876
2191.97998 0.081965
2192.35498 0.082053
2192.72998 0.082142
2193.10498 0.08223
2193.48096 0.082319
2193.85596 0.082408
2194.23096 0.082496
2194.60693 0.082585
2194.98193 0.082674
2195.35791 0.082763
2195.73291 0.082852
2196.10889 0.082942
2196.48511 0.083031
2196.86108 0.08312
2197.23706 0.08321
2197.61304 0.083299
2197.98901 0.083389
2198.36499 0.083479
2198.74097 0.083568
2199.11694 0.083658
2199.49292 0.083748
2199.86890 0.083838
2200.24609 0.083921
2200.62207 0.083999
2200.99902 0.084068
2201.37500 0.084135
2201.75195 0.084202
2202.12891 0.084269
2202.50610 0.084336
2202.88208 0.084403
2203.25903 0.08447
2203.63599 0.084537
2204.01294 0.084604
2204.38989 0.084671
2204.76807 0.084738
2205.14502 0.084805
2205.52197 0.084873
2205.89893 0.08494
2206.27710 0.085007
2206.65405 0.085075
2207.03198 0.085142
2207.40894 0.08521
2207.78711 0.085277
2208.16504 0.085345
2208.54297 0.085412
2208.92090 0.08548
2209.29907 0.085548
2209.67700 0.085615
2210.05396 0.085684
2210.43311 0.085754
2210.81104 0.08582
2211.18896 0.08588
2211.56689 0.08594
2211.94604 0.086
2212.32397 0.08606
2212.70288 0.08612
2213.08105 0.08618
2213.45996 0.08624
2213.83911 0.0863
2214.21802 0.08636
2214.59595 0.08642
2214.97510 0.08648
2215.35400 0.08654
2215.73291 0.0866
2216.11206 0.08666
2216.49097 0.08672
2216.87109 0.08678
2217.25000 0.086841
2217.62891 0.086901
2218.00903 0.086961
2218.38794 0.087021
2218.76807 0.087082
2219.14697 0.087142
2219.52710 0.087202
2219.90698 0.087263
2220.28711 0.087322
2220.66699 0.087382
2221.04712 0.087436
2221.42700 0.08749
2221.80688 0.087544
2222.18701 0.087597
2222.56689 0.087651
2222.94702 0.087705
2223.32788 0.087759
2223.70801 0.087812
2224.08789 0.087866
2224.46899 0.08792
2224.85010 0.087974
2225.22998 0.088028
2225.61108 0.088082
2225.99194 0.088135
2226.37305 0.088189
2226.75293 0.088243
2227.13501 0.088297
2227.51611 0.088351
2227.89697 0.088405
2228.27808 0.088459
2228.65894 0.088513
2229.04102 0.088567
2229.42212 0.08862
2229.80298 0.088674
2230.18506 0.088719
2230.56592 0.088755
2230.94800 0.08879
2231.33008 0.088827
2231.71094 0.088863
2232.09302 0.088899
2232.47510 0.088935
2232.85693 0.088972
2233.23901 0.089008
2233.62109 0.089044
2234.00293 0.08908
2234.38599 0.089117
2234.76807 0.089153
2235.14990 0.089189
2235.53296 0.089225
2235.91504 0.089261
2236.29810 0.089297
2236.67993 0.089334
2237.06299 0.08937
2237.44604 0.089406
2237.82910 0.089442
2238.21094 0.089478
2238.59399 0.089514
2238.97803 0.08955
2239.36108 0.089586
2239.74390 0.089622
2240.12695 0.089657
2240.51001 0.089689
2240.89404 0.089721
2241.27710 0.089755
2241.65991 0.089788
2242.04395 0.089822
2242.42700 0.089855
2242.81104 0.089888
2243.19507 0.089922
2243.57910 0.089955
2243.96289 0.089989
2244.34595 0.090022
2244.72998 0.090055
2245.11499 0.090089
2245.49902 0.090122
2245.88306 0.090155
2246.26709 0.090188
2246.65088 0.090222
2247.03589 0.090255
2247.41992 0.090288
2247.80493 0.090322
2248.18896 0.090355
2248.57397 0.090388
2248.95898 0.090421
2249.34399 0.090454
2249.72900 0.090488
2250.11304 0.090521
2250.49805 0.090557
2250.88306 0.090594
2251.26904 0.090632
2251.65405 0.09067
2252.03906 0.090709
2252.42407 0.090747
2252.81006 0.090786
2253.19507 0.090824
2253.58105 0.090862
2253.96606 0.090901
2254.35205 0.090939
2254.73804 0.090978
2255.12305 0.091016
2255.50903 0.091054
2255.89502 0.091093
2256.28101 0.091131
2256.66699 0.091169
2257.05298 0.091208
2257.43896 0.091246
2257.82495 0.091284
2258.21191 0.091323
2258.59790 0.091361
2258.98511 0.091399
2259.37109 0.091437
2259.75806 0.091476
2260.14404 0.091514
2260.53101 0.091551
2260.91797 0.091592
2261.30493 0.091635
2261.69092 0.091679
2262.07788 0.091722
2262.46606 0.091766
2262.85303 0.09181
2263.23999 0.091853
2263.62695 0.091897
2264.01392 0.09194
2264.40210 0.091984
2264.78906 0.092028
2265.17700 0.092071
2265.56396 0.092115
2265.95190 0.092159
2266.33911 0.092202
2266.72705 0.092246
2267.11499 0.092289
2267.50293 0.092333
2267.89111 0.092377
2268.27905 0.09242
2268.66699 0.092464
2269.05493 0.092508
2269.44312 0.092551
2269.83203 0.092595
2270.21997 0.092638
2270.60791 0.092681
2270.99707 0.092729
2271.38501 0.092779
2271.77393 0.092829
2272.16309 0.092879
2272.55200 0.092929
2272.93994 0.092979
2273.32910 0.09303
2273.71802 0.09308
2274.10693 0.09313
2274.49609 0.09318
2274.88501 0.09323
2275.27490 0.09328
2275.66406 0.093331
2276.05298 0.093381
2276.44312 0.093431
2276.83203 0.093481
2277.22192 0.093532
2277.61108 0.093582
2278.00098 0.093632
2278.39111 0.093682
2278.78101 0.093733
2279.17090 0.093783
2279.56104 0.093833
2279.94995 0.093884
2280.34106 0.09393
2280.73096 0.093976
2281.12109 0.094025
2281.51099 0.094073
2281.90210 0.094121
2282.29199 0.09417
2282.68311 0.094218
