threeML/data/optical_filters/HST/WFC3_UVIS2-F665N.ecsv
# %ECSV 0.9
# ---
# datatype:
# - {name: wavelength, unit: Angstrom, datatype: float32}
# - {name: response, datatype: float32}
# meta: !!omap
# - {band_name: F665N}
# - {group_name: WFC3_UVIS2}
wavelength response
5880.36621 0.0
6533.74023 0.000434
6534.85791 0.000481
6535.97607 0.000537
6537.09424 0.000591
6538.21289 0.000645
6539.33203 0.000714
6540.45020 0.000793
6541.56885 0.000877
6542.68799 0.000962
6543.80811 0.00107
6544.92822 0.001175
6546.04688 0.001301
6547.16699 0.001458
6548.28809 0.001635
6549.40820 0.001831
6550.52881 0.002045
6551.64893 0.002287
6552.77100 0.002554
6553.89209 0.002862
6555.01318 0.003201
6556.13379 0.00357
6557.25586 0.003989
6558.37793 0.004462
6559.50000 0.005021
6560.62305 0.005678
6561.74512 0.006429
6562.86816 0.007271
6563.99023 0.008233
6565.11279 0.009332
6566.23682 0.010565
6567.35986 0.011962
6568.48389 0.013489
6569.60693 0.015216
6570.73096 0.017115
6571.85596 0.019417
6572.97998 0.022021
6574.10498 0.025098
6575.22900 0.028675
6576.35400 0.032633
6577.47998 0.036914
6578.60498 0.041692
6579.73096 0.047065
6580.85596 0.053093
6581.98193 0.059482
6583.10889 0.066237
6584.23486 0.073446
6585.36084 0.081829
6586.48779 0.090792
6587.61523 0.100395
6588.74219 0.110698
6589.87012 0.1213
6590.99707 0.131609
6592.12500 0.141835
6593.25195 0.152097
6594.38086 0.162393
6595.50879 0.17193
6596.63721 0.180675
6597.76611 0.189007
6598.89502 0.19681
6600.02393 0.204989
6601.15283 0.21209
6602.28320 0.218351
6603.41211 0.224041
6604.54199 0.229019
6605.67188 0.233005
6606.80176 0.236696
6607.93311 0.23976
6609.06299 0.242582
6610.19385 0.24463
6611.32520 0.246302
6612.45605 0.248035
6613.58691 0.249309
6614.71924 0.250225
6615.85107 0.251108
6616.98193 0.251862
6618.11523 0.252249
6619.24707 0.25236
6620.37891 0.252382
6621.51221 0.252557
6622.64502 0.252262
6623.77783 0.252332
6624.91211 0.251989
6626.04492 0.251734
6627.17920 0.251466
6628.31299 0.251026
6629.44678 0.250601
6630.58105 0.250307
6631.71484 0.249767
6632.85010 0.249176
6633.98486 0.248652
6635.12012 0.248465
6636.25488 0.247656
6637.39111 0.247066
6638.52588 0.246548
6639.66211 0.246053
6640.79785 0.245593
6641.93408 0.245222
6643.07080 0.244664
6644.20703 0.244451
6645.34424 0.243985
6646.48096 0.243628
6647.61816 0.243762
6648.75488 0.243238
6649.89307 0.24277
6651.03076 0.243092
6652.16895 0.242963
6653.30713 0.242918
6654.44482 0.242859
6655.58398 0.242667
6656.72314 0.24276
6657.86084 0.243181
6659.00000 0.243396
6660.14014 0.243403
6661.27881 0.243596
6662.41895 0.243928
6663.55908 0.244277
6664.69922 0.244431
6665.83887 0.244496
6666.97998 0.244477
6668.12109 0.245004
6669.26221 0.245005
6670.40283 0.245129
6671.54395 0.245165
6672.68604 0.245053
6673.82715 0.245383
6674.96924 0.24528
6676.11084 0.244846
6677.25293 0.244668
6678.39600 0.244208
6679.53809 0.243835
6680.68115 0.243277
6681.82422 0.242797
6682.96680 0.242423
6684.11084 0.241578
6685.25391 0.2408
6686.39795 0.24
6687.54199 0.239377
6688.68701 0.238605
6689.83105 0.237859
6690.97607 0.237114
6692.12012 0.236605
6693.26514 0.236166
6694.41016 0.235583
6695.55615 0.235142
6696.70117 0.234894
6697.84717 0.234882
6698.99316 0.235124
6700.13916 0.235338
6701.28613 0.235604
6702.43213 0.235901
6703.57910 0.236404
6704.72607 0.236746
6705.87305 0.236948
6707.02100 0.236833
6708.16797 0.236164
6709.31494 0.234858
6710.46289 0.232913
6711.61182 0.229724
6712.75977 0.22538
6713.90918 0.219311
6715.05713 0.211815
6716.20605 0.202189
6717.35498 0.192113
6718.50391 0.180495
6719.65381 0.167202
6720.80420 0.151741
6721.95410 0.136208
6723.10400 0.121797
6724.25391 0.107482
6725.40381 0.094027
6726.55518 0.082088
6727.70605 0.071067
6728.85693 0.061797
6730.00781 0.053452
6731.16016 0.046459
6732.31201 0.040108
6733.46289 0.034416
6734.61523 0.029376
6735.76807 0.025044
6736.91992 0.021539
6738.07324 0.01854
6739.22607 0.016017
6740.37793 0.013888
6741.53223 0.012077
6742.68604 0.010527
6743.83887 0.009231
6744.99316 0.008088
6746.14697 0.007141
6747.30078 0.006218
6748.45605 0.005438
6749.60986 0.004762
6750.76514 0.00419
6751.91992 0.003708
6753.07520 0.003288
6754.22998 0.002932
6755.38623 0.002611
6756.54199 0.002335
6757.69824 0.002097
6758.85400 0.001872
6760.01123 0.001677
6761.16699 0.001514
6762.32422 0.001353
6763.48096 0.001211
6764.63818 0.001089
6765.79492 0.000994
6766.95312 0.000892
6768.11084 0.000805
6769.26904 0.000736
6770.42676 0.000673
6771.58496 0.000616
6772.74414 0.00056
6773.90283 0.000513
6775.06201 0.000464
6776.22119 0.000423
7453.84326 0.0
