threeML/data/optical_filters/HST/WFC3_UVIS2-F850LP.ecsv
# %ECSV 0.9
# ---
# datatype:
# - {name: wavelength, unit: Angstrom, datatype: float32}
# - {name: response, datatype: float32}
# meta: !!omap
# - {band_name: F850LP}
# - {group_name: WFC3_UVIS2}
wavelength response
7390.39941 0.0
8211.55469 0.000409
8212.95996 0.000424
8214.36523 0.000441
8215.77148 0.000458
8217.17676 0.000475
8218.58203 0.000492
8219.98828 0.000509
8221.39453 0.000526
8222.80176 0.000545
8224.20801 0.000566
8225.61523 0.000588
8227.02246 0.000609
8228.43066 0.00063
8229.83789 0.000651
8231.24609 0.000672
8232.65430 0.000695
8234.06348 0.000721
8235.47168 0.000746
8236.88086 0.000772
8238.29004 0.000797
8239.70020 0.000823
8241.10938 0.000848
8242.51953 0.000875
8243.92969 0.000907
8245.34082 0.00094
8246.75098 0.000972
8248.16211 0.001004
8249.57324 0.001036
8250.98438 0.001068
8252.39648 0.001101
8253.80859 0.001142
8255.22070 0.001183
8256.63281 0.001225
8258.04590 0.001266
8259.45898 0.001307
8260.87207 0.001348
8262.28516 0.001389
8263.69922 0.00144
8265.11230 0.001491
8266.52637 0.001542
8267.94141 0.001594
8269.35547 0.001644
8270.77148 0.001695
8272.18555 0.001746
8273.60059 0.001809
8275.01660 0.001872
8276.43262 0.001935
8277.84863 0.001998
8279.26465 0.002061
8280.68164 0.002124
8282.09766 0.002186
8283.51465 0.002259
8284.93262 0.002334
8286.34961 0.002408
8287.76758 0.002482
8289.18555 0.002556
8290.60352 0.002631
8292.02246 0.002705
8293.44141 0.002794
8294.86035 0.002887
8296.27930 0.00298
8297.69824 0.003072
8299.11816 0.003165
8300.53809 0.003257
8301.95801 0.003349
8303.37891 0.003457
8304.79980 0.003568
8306.22070 0.00368
8307.64160 0.003792
8309.06152 0.003903
8310.48438 0.004014
8311.90625 0.004126
8313.32812 0.004253
8314.75098 0.004387
8316.17383 0.004521
8317.59668 0.004654
8319.01953 0.004787
8320.44238 0.00492
8321.86621 0.005052
8323.29004 0.005202
8324.71387 0.005359
8326.13867 0.005517
8327.56348 0.005674
8328.98828 0.005831
8330.41309 0.005987
8331.83789 0.006144
8333.26367 0.006321
8334.68945 0.006507
8336.11523 0.006692
8337.54199 0.006878
8338.96875 0.007063
8340.39648 0.007248
8341.82227 0.007434
8343.24902 0.007638
8344.67676 0.007852
8346.10352 0.008066
8347.53223 0.008279
8348.96094 0.008492
8350.38965 0.008705
8351.81836 0.008916
8353.24707 0.009151
8354.67578 0.009397
8356.10547 0.009643
8357.53516 0.009889
8358.96484 0.010135
8360.39648 0.01038
8361.82617 0.010624
8363.25684 0.01089
8364.68652 0.011165
8366.11816 0.01144
8367.54980 0.011715
8368.98145 0.011989
8370.41309 0.012263
8371.84570 0.012536
8373.27832 0.01283
8374.71094 0.013132
8376.14355 0.013434
8377.57617 0.013735
8379.00977 0.014036
8380.44336 0.014337
8381.87695 0.014639
8383.31152 0.014964
8384.74609 0.015298
8386.18066 0.015632
8387.61523 0.015966
8389.04980 0.016299
8390.48535 0.01663
8391.92090 0.01696
8393.35742 0.017322
8394.79297 0.017695
8396.22852 0.018067
8397.66602 0.018439
8399.10254 0.01881
8400.54004 0.019181
8401.97656 0.019553
8403.41406 0.019951
8404.85254 0.020356
8406.29004 0.02076
8407.72852 0.021163
8409.16699 0.021566
8410.60547 0.02197
8412.04492 0.022375
8413.48438 0.022809
8414.92383 0.023249
8416.36328 0.023688
8417.80371 0.024127
8419.24316 0.024566
8420.68457 0.025002
8422.12500 0.025437
8423.56543 0.025897
8425.00684 0.026361
8426.44824 0.026825
8427.89062 0.027288
8429.33203 0.02775
8430.77441 0.028213
8432.21680 0.028678
8433.65918 0.029199
8435.10254 0.029724
8436.54590 0.030248
8437.98926 0.030771
8439.43262 0.031294
8440.87695 0.031817
8442.32129 0.032339
8443.76562 0.03285
8445.20996 0.033362
8446.65527 0.033873
8448.10059 0.034383
8449.54590 0.034893
8450.99121 0.035406
8452.43652 0.035921
8453.88379 0.036449
8455.33008 0.036978
8456.77637 0.037505
8458.22363 0.038033
8459.67090 0.03856
8461.11816 0.039083
8462.56543 0.039605
8464.01367 0.040137
8465.46191 0.040668
8466.91016 0.041198
8468.35840 0.041728
8469.80762 0.042257
8471.25684 0.042786
8472.70605 0.043318
8474.15527 0.043859
8475.60547 0.0444
8477.05566 0.04494
8478.50586 0.045479
8479.95703 0.046019
8481.40723 0.046557
8482.85840 0.047098
8484.31055 0.047645
8485.76172 0.048191
8487.21387 0.048736
8488.66602 0.049281
8490.11816 0.049826
8491.57031 0.050376
8493.02344 0.050923
8494.47656 0.051466
8495.92969 0.052009
8497.38379 0.052551
8498.83789 0.053093
8500.29199 0.05363
8501.74609 0.05415
8503.20020 0.05467
8504.65527 0.055191
8506.11035 0.05571
8507.56543 0.056229
8509.02148 0.056747
8510.47754 0.057264
8511.93359 0.057781
8513.38965 0.058282
8514.84668 0.058778
8516.30273 0.059272
8517.76074 0.059766
8519.21777 0.060259
8520.67480 0.060751
8522.13281 0.061242
8523.59082 0.061734
8525.04980 0.062225
8526.50781 0.062715
8527.96680 0.063205
8529.42578 0.063693
8530.88574 0.064186
8532.34473 0.064682
8533.80469 0.065157
8535.26465 0.06563
8536.72559 0.066104
8538.18555 0.066576
8539.64648 0.067048
8541.10742 0.067512
8542.56934 0.067973
8544.03027 0.068434
8545.49219 0.068894
8546.95410 0.069354
8548.41699 0.069812
8549.87988 0.07027
8551.34277 0.070727
8552.80566 0.071172
8554.26855 0.071592
8555.73242 0.072012
8557.19629 0.072431
8558.66016 0.072849
8560.12500 0.073266
8561.58887 0.073682
8563.05371 0.074097
8564.51953 0.074509
8565.98438 0.07492
8567.45020 0.075331
8568.91602 0.075741
8570.38184 0.076152
8571.84863 0.076571
8573.31543 0.076971
8574.78223 0.077359
8576.24902 0.077747
8577.71582 0.078134
8579.18359 0.078521
8580.65137 0.078902
8582.12012 0.079277
8583.58789 0.079627
8585.05664 0.079973
8586.52539 0.080317
8587.99512 0.080661
8589.46387 0.081004
8590.93359 0.081347
8592.40332 0.081688
8593.87402 0.082028
8595.34375 0.082367
8596.81445 0.082706
8598.28516 0.083043
8599.75684 0.08338
8601.22754 0.083716
8602.69922 0.084044
8604.17188 0.084346
8605.64355 0.084647
8607.11621 0.084947
8608.58887 0.085246
8610.06152 0.085545
8611.53418 0.085855
8613.00781 0.086164
8614.48145 0.086469
8615.95605 0.086775
8617.42969 0.08708
8618.90430 0.087384
8620.37891 0.087684
8621.85352 0.087975
8623.32910 0.088257
8624.80469 0.088534
8626.28027 0.08881
8627.75586 0.089086
8629.23242 0.089361
8630.70801 0.089648
8632.18457 0.089949
8633.66211 0.090209
8635.13867 0.090464
8636.61621 0.090717
8638.09375 0.09097
8639.57227 0.091223
8641.05078 0.091476
8642.52832 0.09173
8644.00781 0.092008
8645.48633 0.092285
8646.96582 0.092562
8648.44531 0.092838
8649.92480 0.093114
8651.40430 0.093389
8652.88477 0.093645
8654.36523 0.093864
8655.84570 0.094083
8657.32715 0.094301
8658.80859 0.094519
8660.29004 0.094739
8661.77148 0.094969
8663.25391 0.095204
8664.73535 0.095442
8666.21777 0.09568
8667.70117 0.095918
8669.18359 0.096155
8670.66699 0.096385
8672.15039 0.096607
8673.63477 0.096809
8675.11816 0.097006
8676.60254 0.097202
8678.08691 0.097399
8679.57227 0.097594
8681.05664 0.09779
8682.54199 0.09798
8684.02832 0.098136
8685.51367 0.09829
8687.00000 0.098445
8688.48633 0.098599
8689.97266 0.098753
8691.45898 0.098906
8692.94629 0.099061
8694.43359 0.09922
8695.92090 0.099379
8697.40918 0.099537
8698.89746 0.099695
8700.38574 0.099853
8701.87402 0.10001
8703.36328 0.100152
8704.85254 0.100287
8706.34180 0.10042
8707.83105 0.100554
8709.32129 0.100687
8710.81055 0.100828
8712.30176 0.100975
8713.79199 0.101146
8715.28320 0.10132
8716.77441 0.101492
8718.26562 0.101665
8719.75684 0.101836
8721.24902 0.101996
8722.74121 0.102141
8724.23340 0.102247
8725.72656 0.102354
8727.21875 0.102459
8728.71191 0.102565
8730.20605 0.10267
8731.69922 0.102774
8733.19336 0.102864
8734.68848 0.10294
8736.18164 0.103016
8737.67676 0.103092
8739.17188 0.103167
8740.66699 0.103242
8742.16211 0.103317
8743.65820 0.103403
8745.15430 0.103492
8746.65039 0.103579
8748.14648 0.103667
8749.64355 0.103754
8751.14062 0.103841
8752.63770 0.103927
8754.13574 0.104012
8755.63281 0.104096
8757.13086 0.10418
8758.62988 0.104264
8760.12793 0.104349
8761.62695 0.104446
8763.12598 0.104536
8764.62500 0.104616
8766.12500 0.104695
8767.62500 0.104774
8769.12500 0.104853
8770.62500 0.104926
8772.12598 0.104989
8773.62695 0.105033
8775.12793 0.105072
8776.62891 0.10511
8778.13086 0.105149
8779.63281 0.105187
8781.13477 0.105225
8782.63770 0.105261
8784.13965 0.105285
8785.64258 0.105309
8787.14648 0.105332
8788.64941 0.105356
8790.15332 0.105379
8791.65723 0.105402
8793.16113 0.105412
8794.66602 0.10541
8796.17090 0.105407
8797.67578 0.105404
8799.18066 0.105401
8800.68652 0.105388
8802.19238 0.105364
8803.69824 0.105391
8805.20410 0.105427
8806.71094 0.105463
8808.21777 0.105499
8809.72461 0.105534
8811.23145 0.105581
8812.73926 0.105627
8814.24707 0.105659
8815.75488 0.10569
8817.26367 0.105722
8818.77246 0.105753
8820.28125 0.10578
8821.79004 0.105795
8823.29980 0.105788
8824.80957 0.105766
8826.31934 0.105743
8827.82910 0.10572
8829.33984 0.105697
8830.85059 0.105688
8832.36133 0.10569
8833.87207 0.105665
8835.38379 0.105639
8836.89648 0.105612
8838.40723 0.105586
8839.91992 0.105558
8841.43164 0.105531
8842.94434 0.105501
8844.45801 0.105465
8845.97070 0.105428
8847.48438 0.105391
8848.99805 0.105354
8850.51172 0.105317
8852.02637 0.10528
8853.54102 0.105289
8855.05566 0.105315
8856.57129 0.105341
8858.08594 0.105366
8859.60156 0.105391
8861.11719 0.105416
8862.63379 0.105434
8864.15039 0.105411
8865.66699 0.105388
8867.18359 0.105364
8868.70020 0.10534
8870.21777 0.105318
8871.73535 0.105309
8873.25391 0.105297
8874.77148 0.105284
8876.29004 0.10527
8877.80859 0.105256
8879.32812 0.105241
8880.84668 0.105218
8882.36621 0.105188
8883.88574 0.105165
8885.40625 0.105143
8886.92676 0.10512
8888.44727 0.105097
8889.96777 0.105074
8891.48828 0.105051
8893.00977 0.105015
8894.53125 0.104959
8896.05371 0.104902
8897.57520 0.104845
8899.09766 0.104788
8900.62012 0.104731
8902.14355 0.104673
8903.66602 0.10465
8905.18945 0.104636
8906.71289 0.104621
8908.23730 0.104606
8909.76172 0.104591
8911.28613 0.104575
8912.81055 0.104565
8914.33496 0.104574
8915.86035 0.104582
8917.38574 0.10459
8918.91211 0.104598
8920.43848 0.104605
8921.96387 0.104612
8923.49023 0.104519
8925.01758 0.104378
8926.54395 0.104237
8928.07129 0.104097
8929.59863 0.103956
8931.12695 0.103815
8932.65527 0.103683
8934.18359 0.103609
8935.71191 0.103534
8937.24023 0.103459
8938.76953 0.103384
8940.29883 0.103312
8941.82910 0.103252
8943.35840 0.10318
8944.88867 0.103099
8946.41895 0.103018
8947.95020 0.102937
8949.48047 0.102856
8951.01172 0.102764
8952.54395 0.102673
8954.07520 0.102677
8955.60742 0.102681
8957.13965 0.102685
8958.67188 0.102688
8960.20508 0.102691
8961.73828 0.102694
8963.27148 0.102635
8964.80469 0.10252
8966.33887 0.102406
8967.87305 0.102291
8969.40723 0.102177
8970.94141 0.102062
8972.47656 0.101948
8974.01172 0.101925
8975.54688 0.101902
8977.08301 0.101879
8978.61816 0.101855
8980.15527 0.101831
8981.69141 0.101807
8983.22754 0.101741
8984.76465 0.101631
8986.30176 0.101522
8987.83984 0.101412
8989.37793 0.101302
8990.91602 0.101192
8992.45410 0.101082
8993.99219 0.101007
8995.53125 0.100932
8997.07031 0.100857
8998.60938 0.100782
9000.14941 0.100707
9001.68945 0.100634
9003.22852 0.100546
9004.76953 0.100442
9006.31055 0.100338
9007.85156 0.100235
9009.39258 0.100131
9010.93359 0.100036
9012.47559 0.099947
9014.01758 0.099931
9015.55957 0.099915
9017.10254 0.099898
9018.64648 0.099881
9020.18848 0.099862
9021.73145 0.09983
9023.27539 0.099787
9024.81934 0.099732
9026.36328 0.099678
9027.90723 0.099623
9029.45215 0.099568
9030.99707 0.099519
9032.54199 0.099471
9034.08789 0.099346
9035.63281 0.099222
9037.17871 0.099098
9038.72559 0.098974
9040.27148 0.09885
9041.81836 0.098725
9043.36523 0.098612
9044.91309 0.098505
9046.45996 0.098399
9048.00781 0.098293
9049.55664 0.098186
9051.10352 0.09808
9052.65332 0.097976
9054.20215 0.097897
9055.75098 0.097818
9057.30078 0.097738
9058.85059 0.097658
9060.40039 0.097578
9061.95020 0.097499
9063.50098 0.097418
9065.05176 0.097336
9066.60254 0.097255
9068.15332 0.097173
9069.70508 0.097091
9071.25684 0.09701
9072.80859 0.096925
9074.36133 0.096833
9075.91406 0.096741
9077.46680 0.096648
9079.01953 0.096555
9080.57324 0.096468
9082.12695 0.09639
9083.68066 0.096327
9085.23535 0.096268
9086.78906 0.09621
9088.34375 0.096151
9089.89941 0.096092
9091.45410 0.096019
9093.00977 0.095943
9094.56543 0.095864
9096.12109 0.095784
9097.67773 0.095704
9099.23438 0.095623
9100.79102 0.095543
9102.34863 0.095463
9103.90527 0.095358
9105.46289 0.095251
9107.02148 0.095144
9108.57910 0.095037
9110.13770 0.094929
9111.69629 0.094822
9113.25586 0.094722
9114.81445 0.094629
9116.37402 0.094537
9117.93359 0.094444
9119.49414 0.094351
9121.05469 0.094258
9122.61523 0.094164
9124.17578 0.094062
9125.73633 0.09396
9127.29785 0.093857
9128.85938 0.093755
9130.42188 0.093652
9131.98340 0.09355
9133.54590 0.093441
9135.10938 0.093329
9136.67188 0.093218
9138.23535 0.093106
9139.79883 0.092994
9141.36230 0.092882
9142.92676 0.092777
9144.49121 0.09269
9146.05566 0.092604
9147.62012 0.092517
9149.18555 0.09243
9150.75098 0.092343
9152.31641 0.092256
9153.88184 0.092143
9155.44824 0.092026
9157.01465 0.091909
9158.58203 0.091791
9160.14844 0.091674
9161.71582 0.091556
9163.28320 0.091456
9164.85156 0.091372
9166.41895 0.091289
9167.98730 0.091205
9169.55566 0.091121
9171.12500 0.091037
9172.69434 0.090949
9174.26367 0.090834
9175.83301 0.090719
9177.40332 0.090603
9178.97363 0.090487
9180.54395 0.090376
9182.11426 0.090275
9183.68555 0.090182
9185.25684 0.090093
9186.82812 0.090003
9188.40039 0.089913
9189.97266 0.089823
9191.54492 0.089719
9193.11719 0.089611
9194.69043 0.089495
9196.26367 0.089379
9197.83691 0.089263
9199.41016 0.089147
9200.98438 0.089025
9202.55859 0.0889
9204.13281 0.088791
9205.70801 0.088683
9207.28320 0.088574
9208.85840 0.088465
9210.43359 0.088356
9212.00977 0.088246
9213.58594 0.088153
9215.16211 0.088068
9216.73926 0.087983
9218.31543 0.087897
9219.89258 0.087811
9221.47070 0.087725
9223.04785 0.087622
9224.62598 0.087483
9226.20410 0.087344
9227.78320 0.087204
9229.36230 0.087065
9230.94141 0.086929
9232.52148 0.086796
9234.09961 0.086684
9235.67969 0.086573
9237.25977 0.086462
9238.84082 0.08635
9240.42090 0.086239
9242.00195 0.086127
9243.58301 0.086
9245.16504 0.085864
9246.74707 0.085728
9248.32910 0.085593
9249.91113 0.085457
9251.49414 0.085321
9253.07715 0.085198
9254.66016 0.085098
9256.24316 0.084999
9257.82715 0.084899
9259.41113 0.0848
9260.99512 0.0847
9262.58008 0.084599
9264.16406 0.084478
9265.74902 0.084357
9267.33496 0.084235
9268.91992 0.084114
9270.50586 0.083992
9272.09277 0.083871
9273.67871 0.083749
9275.26562 0.083628
9276.85254 0.083506
9278.43945 0.083384
9280.02734 0.083262
9281.61523 0.08314
9283.20312 0.083019
9284.79102 0.082897
9286.37988 0.082776
9287.96875 0.082654
9289.55762 0.082532
9291.14746 0.082411
9292.73633 0.082288
9294.32715 0.082161
9295.91699 0.082035
9297.50781 0.081908
9299.09863 0.081781
9300.68945 0.08166
9302.28027 0.081546
9303.87207 0.081443
9305.46387 0.081343
9307.05566 0.081243
9308.64844 0.081142
9310.24121 0.08104
9311.83398 0.080926
9313.42676 0.080804
9315.02148 0.080677
9316.61426 0.080549
9318.20801 0.080421
9319.80273 0.080292
9321.39746 0.080164
9322.99219 0.080036
9324.58691 0.079911
9326.18262 0.079785
9327.77832 0.079659
9329.37402 0.079533
9330.97070 0.079407
9332.56738 0.079281
9334.16406 0.079156
9335.76074 0.079031
9337.35840 0.078905
9338.95605 0.078779
9340.55371 0.078654
9342.15137 0.078528
9343.75000 0.078395
9345.34863 0.078261
9346.94727 0.078126
9348.54688 0.077991
9350.14648 0.077856
9351.74609 0.077721
9353.34570 0.07759
9354.94629 0.077463
9356.54688 0.077337
9358.14746 0.07721
9359.74902 0.077083
9361.35059 0.076956
9362.95215 0.076834
9364.55371 0.076729
9366.15625 0.076623
9367.75879 0.076517
9369.36133 0.07641
9370.96484 0.076304
9372.56738 0.076197
9374.17188 0.076055
9375.77539 0.075914
9377.37988 0.075772
9378.98340 0.07563
9380.58887 0.075488
9382.19336 0.075346
9383.79883 0.075211
9385.40430 0.075078
9387.00977 0.074944
9388.61621 0.074811
9390.22266 0.074677
9391.82910 0.074543
9393.43555 0.074409
9395.04297 0.074276
9396.65039 0.074142
9398.25781 0.074009
9399.86621 0.073875
9401.47461 0.07373
9403.08301 0.073586
9404.69141 0.07345
9406.30078 0.073314
9407.91016 0.073177
9409.51953 0.073041
9411.12988 0.072904
9412.74023 0.072765
9414.35059 0.072608
9415.96094 0.072452
9417.57227 0.072295
9419.18359 0.072138
