threeML/data/optical_filters/HST/WFC3_UVIS2-FQ619N.ecsv
# %ECSV 0.9
# ---
# datatype:
# - {name: wavelength, unit: Angstrom, datatype: float32}
# - {name: response, datatype: float32}
# meta: !!omap
# - {band_name: FQ619N}
# - {group_name: WFC3_UVIS2}
wavelength response
5521.30273 0.0
6134.78076 0.00044
6135.83105 0.000504
6136.88086 0.000583
6137.93115 0.000672
6138.97998 0.000767
6140.03076 0.000901
6141.08203 0.001041
6142.13184 0.001211
6143.18311 0.001432
6144.23389 0.001671
6145.28516 0.001983
6146.33594 0.002344
6147.38818 0.002795
6148.43994 0.003335
6149.49219 0.00401
6150.54395 0.004792
6151.59619 0.005851
6152.64795 0.007099
6153.70117 0.008691
6154.75391 0.010572
6155.80713 0.013148
6156.85986 0.016211
6157.91406 0.020215
6158.96680 0.025025
6160.02100 0.031297
6161.07520 0.039045
6162.12891 0.048947
6163.18311 0.060266
6164.23779 0.074207
6165.29199 0.090166
6166.34717 0.108094
6167.40186 0.126038
6168.45703 0.144378
6169.51318 0.161784
6170.56787 0.177532
6171.62402 0.189868
6172.68018 0.199787
6173.73584 0.207354
6174.79199 0.212646
6175.84912 0.216443
6176.90479 0.219012
6177.96191 0.221256
6179.01904 0.223051
6180.07617 0.224878
6181.13281 0.226735
6182.19092 0.228874
6183.24902 0.230912
6184.30615 0.233294
6185.36377 0.235527
6186.42285 0.237846
6187.48096 0.239924
6188.54004 0.242067
6189.59912 0.243601
6190.65723 0.24515
6191.71582 0.24626
6192.77588 0.247048
6193.83496 0.247431
6194.89502 0.247512
6195.95508 0.247147
6197.01514 0.246672
6198.07520 0.246047
6199.13623 0.245155
6200.19580 0.244289
6201.25684 0.243193
6202.31787 0.242285
6203.37891 0.2412
6204.43994 0.24043
6205.50195 0.239531
6206.56299 0.238699
6207.62500 0.23802
6208.68701 0.237335
6209.75000 0.236885
6210.81201 0.236385
6211.87500 0.235791
6212.93799 0.235127
6214.00000 0.234241
6215.06299 0.233077
6216.12695 0.231474
6217.18994 0.229219
6218.25391 0.226198
6219.31787 0.222221
6220.38184 0.21702
6221.44580 0.210218
6222.51123 0.20202
6223.57520 0.192072
6224.64014 0.180609
6225.70508 0.167837
6226.77002 0.153476
6227.83496 0.138467
6228.90088 0.123005
6229.96680 0.10809
6231.03223 0.093863
6232.09912 0.080381
6233.16504 0.068055
6234.23096 0.057446
6235.29785 0.048243
6236.36523 0.040232
6237.43213 0.03338
6238.49902 0.027695
6239.56592 0.023031
6240.63281 0.019113
6241.70117 0.015894
6242.76904 0.013205
6243.83691 0.011025
6244.90479 0.009204
6245.97412 0.007693
6247.04199 0.006442
6248.11084 0.005464
6249.18018 0.004613
6250.25000 0.003908
6251.31885 0.003308
6252.38818 0.002826
6253.45801 0.002424
6254.52783 0.002079
6255.59814 0.001784
6256.66797 0.001546
6257.73779 0.001342
6258.80908 0.001167
6259.87988 0.001005
6260.95117 0.000882
6262.02197 0.000769
6263.09277 0.000679
6264.16504 0.000583
6265.23682 0.000519
6266.30908 0.000449
6267.38086 0.000405
6894.11914 0.0
