threeML/data/optical_filters/HST/WFC3_UVIS1-F850LP.ecsv
# %ECSV 0.9
# ---
# datatype:
# - {name: wavelength, unit: Angstrom, datatype: float32}
# - {name: response, datatype: float32}
# meta: !!omap
# - {band_name: F850LP}
# - {group_name: WFC3_UVIS1}
wavelength response
7389.13525 0.0
8210.15039 0.0004
8211.55469 0.000413
8212.95996 0.000428
8214.36523 0.000445
8215.77148 0.000463
8217.17676 0.00048
8218.58203 0.000497
8219.98828 0.000514
8221.39453 0.000531
8222.80176 0.00055
8224.20801 0.000572
8225.61523 0.000593
8227.02246 0.000615
8228.43066 0.000636
8229.83789 0.000657
8231.24609 0.000679
8232.65430 0.000701
8234.06348 0.000727
8235.47168 0.000753
8236.88086 0.000779
8238.29004 0.000805
8239.70020 0.00083
8241.10938 0.000856
8242.51953 0.000883
8243.92969 0.000916
8245.34082 0.000948
8246.75098 0.000981
8248.16211 0.001013
8249.57324 0.001045
8250.98438 0.001078
8252.39648 0.001111
8253.80859 0.001152
8255.22070 0.001194
8256.63281 0.001236
8258.04590 0.001277
8259.45898 0.001319
8260.87207 0.00136
8262.28516 0.001402
8263.69922 0.001453
8265.11230 0.001505
8266.52637 0.001556
8267.94141 0.001608
8269.35547 0.001659
8270.77148 0.001711
8272.18555 0.001762
8273.60059 0.001825
8275.01660 0.001889
8276.43262 0.001952
8277.84863 0.002016
8279.26465 0.002079
8280.68164 0.002143
8282.09766 0.002206
8283.51465 0.002279
8284.93262 0.002354
8286.34961 0.002429
8287.76758 0.002504
8289.18555 0.002579
8290.60352 0.002654
8292.02246 0.002729
8293.44141 0.002819
8294.86035 0.002913
8296.27930 0.003006
8297.69824 0.003099
8299.11816 0.003193
8300.53809 0.003286
8301.95801 0.003379
8303.37891 0.003487
8304.79980 0.0036
8306.22070 0.003712
8307.64160 0.003825
8309.06152 0.003937
8310.48438 0.004049
8311.90625 0.004162
8313.32812 0.00429
8314.75098 0.004425
8316.17383 0.00456
8317.59668 0.004694
8319.01953 0.004828
8320.44238 0.004962
8321.86621 0.005095
8323.29004 0.005247
8324.71387 0.005406
8326.13867 0.005564
8327.56348 0.005723
8328.98828 0.005881
8330.41309 0.006039
8331.83789 0.006196
8333.26367 0.006375
8334.68945 0.006562
8336.11523 0.006749
8337.54199 0.006936
8338.96875 0.007123
8340.39648 0.00731
8341.82227 0.007497
8343.24902 0.007703
8344.67676 0.007918
8346.10352 0.008134
8347.53223 0.008349
8348.96094 0.008563
8350.38965 0.008778
8351.81836 0.008991
8353.24707 0.009228
8354.67578 0.009476
8356.10547 0.009724
8357.53516 0.009972
8358.96484 0.010219
8360.39648 0.010466
8361.82617 0.010713
8363.25684 0.01098
8364.68652 0.011258
8366.11816 0.011535
8367.54980 0.011812
8368.98145 0.012088
8370.41309 0.012364
8371.84570 0.01264
8373.27832 0.012935
8374.71094 0.01324
8376.14355 0.013544
8377.57617 0.013847
8379.00977 0.014151
8380.44336 0.014454
8381.87695 0.014758
8383.31152 0.015086
8384.74609 0.015423
8386.18066 0.015759
8387.61523 0.016095
8389.04980 0.01643
8390.48535 0.016765
8391.92090 0.017097
8393.35742 0.017462
8394.79297 0.017837
8396.22852 0.018212
8397.66602 0.018586
8399.10254 0.01896
8400.54004 0.019335
8401.97656 0.019709
8403.41406 0.020109
8404.85254 0.020517
8406.29004 0.020924
8407.72852 0.021331
8409.16699 0.021737
8410.60547 0.022143
8412.04492 0.022552
8413.48438 0.022989
8414.92383 0.023432
8416.36328 0.023874
8417.80371 0.024316
8419.24316 0.024758
8420.68457 0.025198
8422.12500 0.025635
8423.56543 0.026098
8425.00684 0.026566
8426.44824 0.027032
8427.89062 0.027499
8429.33203 0.027964
8430.77441 0.028431
8432.21680 0.028899
8433.65918 0.029423
8435.10254 0.029952
8436.54590 0.03048
8437.98926 0.031007
8439.43262 0.031533
8440.87695 0.032059
8442.32129 0.032585
8443.76562 0.0331
8445.20996 0.033615
8446.65527 0.034129
8448.10059 0.034643
8449.54590 0.035156
8450.99121 0.035672
8452.43652 0.036191
8453.88379 0.036723
8455.33008 0.037255
8456.77637 0.037786
8458.22363 0.038317
8459.67090 0.038848
8461.11816 0.039373
8462.56543 0.039899
8464.01367 0.040434
8465.46191 0.040969
8466.91016 0.041503
8468.35840 0.042036
8469.80762 0.042568
8471.25684 0.0431
8472.70605 0.043635
8474.15527 0.04418
8475.60547 0.044724
8477.05566 0.045268
8478.50586 0.04581
8479.95703 0.046353
8481.40723 0.046894
8482.85840 0.047439
8484.31055 0.047989
8485.76172 0.048538
8487.21387 0.049087
8488.66602 0.049635
8490.11816 0.050182
8491.57031 0.050736
8493.02344 0.051286
8494.47656 0.051833
8495.92969 0.052378
8497.38379 0.052924
8498.83789 0.053469
8500.29199 0.05401
8501.74609 0.054536
8503.20020 0.055063
8504.65527 0.055591
8506.11035 0.056117
8507.56543 0.056643
8509.02148 0.057168
8510.47754 0.057693
8511.93359 0.058216
8513.38965 0.058725
8514.84668 0.059228
8516.30273 0.059729
8517.76074 0.060231
8519.21777 0.060731
8520.67480 0.06123
8522.13281 0.061729
8523.59082 0.062228
8525.04980 0.062727
8526.50781 0.063225
8527.96680 0.063722
8529.42578 0.064218
8530.88574 0.06472
8532.34473 0.065223
8533.80469 0.065706
8535.26465 0.066187
8536.72559 0.066669
8538.18555 0.067149
8539.64648 0.067629
8541.10742 0.068101
8542.56934 0.06857
8544.03027 0.069039
8545.49219 0.069508
8546.95410 0.069976
8548.41699 0.070443
8549.87988 0.070909
8551.34277 0.071374
8552.80566 0.071828
8554.26855 0.072257
8555.73242 0.072685
8557.19629 0.073112
8558.66016 0.073538
8560.12500 0.073964
8561.58887 0.074389
8563.05371 0.074812
8564.51953 0.075233
8565.98438 0.075653
8567.45020 0.076072
8568.91602 0.076491
8570.38184 0.076912
8571.84863 0.07734
8573.31543 0.077748
8574.78223 0.078145
8576.24902 0.078542
8577.71582 0.078938
8579.18359 0.079334
8580.65137 0.079724
8582.12012 0.080108
8583.58789 0.080467
8585.05664 0.080821
8586.52539 0.081175
8587.99512 0.081528
8589.46387 0.08188
8590.93359 0.082231
8592.40332 0.082582
8593.87402 0.082931
8595.34375 0.083279
8596.81445 0.083627
8598.28516 0.083974
8599.75684 0.08432
8601.22754 0.084665
8602.69922 0.085002
8604.17188 0.085313
8605.64355 0.085623
8607.11621 0.085932
8608.58887 0.086241
8610.06152 0.086549
8611.53418 0.086869
8613.00781 0.087186
8614.48145 0.087502
8615.95605 0.087817
8617.42969 0.088131
8618.90430 0.088445
8620.37891 0.088755
8621.85352 0.089055
8623.32910 0.089347
8624.80469 0.089634
8626.28027 0.08992
8627.75586 0.090205
8629.23242 0.09049
8630.70801 0.090787
8632.18457 0.091097
8633.66211 0.091368
8635.13867 0.091631
8636.61621 0.091895
8638.09375 0.092158
8639.57227 0.09242
8641.05078 0.092683
8642.52832 0.092947
8644.00781 0.093235
8645.48633 0.093522
8646.96582 0.093809
8648.44531 0.094096
8649.92480 0.094382
8651.40430 0.094668
8652.88477 0.094934
8654.36523 0.095163
8655.84570 0.095391
8657.32715 0.09562
8658.80859 0.095848
8660.29004 0.096078
8661.77148 0.096318
8663.25391 0.096564
8664.73535 0.096812
8666.21777 0.09706
8667.70117 0.097308
8669.18359 0.097556
8670.66699 0.097797
8672.15039 0.09803
8673.63477 0.098242
8675.11816 0.098449
8676.60254 0.098655
8678.08691 0.098862
8679.57227 0.099068
8681.05664 0.099274
8682.54199 0.099475
8684.02832 0.09964
8685.51367 0.099805
8687.00000 0.099969
8688.48633 0.100133
8689.97266 0.100297
8691.45898 0.10046
8692.94629 0.100626
8694.43359 0.100795
8695.92090 0.100964
8697.40918 0.101132
8698.89746 0.101301
8700.38574 0.101468
8701.87402 0.101636
8703.36328 0.101788
8704.85254 0.101933
8706.34180 0.102077
8707.83105 0.102221
8709.32129 0.102364
8710.81055 0.102515
8712.30176 0.102672
8713.79199 0.102855
8715.28320 0.10304
8716.77441 0.103223
8718.26562 0.103407
8719.75684 0.10359
8721.24902 0.10376
8722.74121 0.103916
8724.23340 0.104033
8725.72656 0.104149
8727.21875 0.104265
8728.71191 0.104381
8730.20605 0.104496
8731.69922 0.104611
8733.19336 0.104711
8734.68848 0.104797
8736.18164 0.104883
8737.67676 0.104969
8739.17188 0.105054
8740.66699 0.105139
8742.16211 0.105224
8743.65820 0.105321
8745.15430 0.105419
8746.65039 0.105518
8748.14648 0.105616
8749.64355 0.105714
8751.14062 0.105811
8752.63770 0.105908
8754.13574 0.106003
8755.63281 0.106098
8757.13086 0.106193
8758.62988 0.106287
8760.12793 0.106382
8761.62695 0.106491
8763.12598 0.106592
8764.62500 0.106682
8766.12500 0.106772
8767.62500 0.106862
8769.12500 0.106952
8770.62500 0.107035
8772.12598 0.107109
8773.62695 0.107163
8775.12793 0.107213
8776.62891 0.107261
8778.13086 0.10731
8779.63281 0.107359
8781.13477 0.107407
8782.63770 0.107453
8784.13965 0.107487
8785.64258 0.107521
8787.14648 0.107555
8788.64941 0.107589
8790.15332 0.107622
8791.65723 0.107655
8793.16113 0.107675
8794.66602 0.107682
8796.17090 0.107689
8797.67578 0.107696
8799.18066 0.107703
8800.68652 0.1077
8802.19238 0.107685
8803.69824 0.107723
8805.20410 0.10777
8806.71094 0.107816
8808.21777 0.107863
8809.72461 0.107909
8811.23145 0.107967
8812.73926 0.108024
8814.24707 0.108067
8815.75488 0.108109
8817.26367 0.108151
8818.77246 0.108193
8820.28125 0.108232
8821.79004 0.108258
8823.29980 0.108261
8824.80957 0.108248
8826.31934 0.108235
8827.82910 0.108222
8829.33984 0.108209
8830.85059 0.10821
8832.36133 0.108223
8833.87207 0.108208
8835.38379 0.108192
8836.89648 0.108175
8838.40723 0.108158
8839.91992 0.108141
8841.43164 0.108124
8842.94434 0.108103
8844.45801 0.108077
8845.97070 0.10805
8847.48438 0.108024
8848.99805 0.107997
8850.51172 0.107969
8852.02637 0.107942
8853.54102 0.107962
8855.05566 0.108
8856.57129 0.108037
8858.08594 0.108075
8859.60156 0.108111
8861.11719 0.108148
8862.63379 0.108177
8864.15039 0.108165
8865.66699 0.108152
8867.18359 0.108139
8868.70020 0.108126
8870.21777 0.108114
8871.73535 0.108116
8873.25391 0.108116
8874.77148 0.108113
8876.29004 0.10811
8877.80859 0.108107
8879.32812 0.108104
8880.84668 0.108091
8882.36621 0.108072
8883.88574 0.10806
8885.40625 0.108049
8886.92676 0.108037
8888.44727 0.108025
8889.96777 0.108013
8891.48828 0.108001
8893.00977 0.107976
8894.53125 0.10793
8896.05371 0.107883
8897.57520 0.107837
8899.09766 0.10779
8900.62012 0.107743
8902.14355 0.107695
8903.66602 0.107684
8905.18945 0.107681
8906.71289 0.107678
8908.23730 0.107675
8909.76172 0.107671
8911.28613 0.107667
8912.81055 0.107669
8914.33496 0.10769
8915.86035 0.107711
8917.38574 0.107732
8918.91211 0.107752
8920.43848 0.107772
8921.96387 0.107791
8923.49023 0.107707
8925.01758 0.107575
8926.54395 0.107443
8928.07129 0.10731
8929.59863 0.107178
8931.12695 0.107045
8932.65527 0.106921
8934.18359 0.106857
8935.71191 0.106793
8937.24023 0.106729
8938.76953 0.106664
8940.29883 0.106602
8941.82910 0.106553
8943.35840 0.106491
8944.88867 0.106421
8946.41895 0.10635
8947.95020 0.106279
8949.48047 0.106208
8951.01172 0.106127
8952.54395 0.106046
8954.07520 0.106063
8955.60742 0.10608
8957.13965 0.106097
8958.67188 0.106114
8960.20508 0.10613
8961.73828 0.106146
8963.27148 0.106098
8964.80469 0.105993
8966.33887 0.105888
8967.87305 0.105783
8969.40723 0.105678
8970.94141 0.105573
8972.47656 0.105468
8974.01172 0.105458
8975.54688 0.105448
8977.08301 0.105438
8978.61816 0.105427
8980.15527 0.105416
8981.69141 0.105404
8983.22754 0.105349
8984.76465 0.10525
8986.30176 0.10515
8987.83984 0.10505
8989.37793 0.10495
8990.91602 0.10485
8992.45410 0.10475
8993.99219 0.104687
8995.53125 0.104623
8997.07031 0.10456
8998.60938 0.104496
9000.14941 0.10443
9001.68945 0.104345
9003.22852 0.104244
9004.76953 0.104127
9006.31055 0.104011
9007.85156 0.103894
9009.39258 0.103777
9010.93359 0.103669
9012.47559 0.103568
9014.01758 0.103542
9015.55957 0.103516
9017.10254 0.103489
9018.64648 0.103462
9020.18848 0.103433
9021.73145 0.10339
9023.27539 0.103336
9024.81934 0.10327
9026.36328 0.103204
9027.90723 0.103138
9029.45215 0.103071
9030.99707 0.103011
9032.54199 0.102951
9034.08789 0.102813
9035.63281 0.102675
9037.17871 0.102537
9038.72559 0.102398
9040.27148 0.10226
9041.81836 0.102122
9043.36523 0.101994
9044.91309 0.101875
9046.45996 0.101755
9048.00781 0.101635
9049.55664 0.101515
9051.10352 0.101396
9052.65332 0.101279
9054.20215 0.101187
9055.75098 0.101095
9057.30078 0.101003
9058.85059 0.10091
9060.40039 0.100818
9061.95020 0.100725
9063.50098 0.100632
9065.05176 0.100538
9066.60254 0.100443
9068.15332 0.100349
9069.70508 0.100254
9071.25684 0.100159
9072.80859 0.100063
9074.36133 0.099957
9075.91406 0.099851
9077.46680 0.099746
9079.01953 0.09964
9080.57324 0.099539
9082.12695 0.099448
9083.68066 0.099373
9085.23535 0.099302
9086.78906 0.099231
9088.34375 0.09916
9089.89941 0.099089
9091.45410 0.099003
9093.00977 0.098915
9094.56543 0.098822
9096.12109 0.098729
9097.67773 0.098636
9099.23438 0.098543
9100.79102 0.098449
9102.34863 0.098356
9103.90527 0.098238
9105.46289 0.098117
9107.02148 0.097995
9108.57910 0.097874
9110.13770 0.097753
9111.69629 0.097632
9113.25586 0.097518
9114.81445 0.097412
9116.37402 0.097305
9117.93359 0.097199
9119.49414 0.097092
9121.05469 0.096986
9122.61523 0.096878
9124.17578 0.096762
9125.73633 0.096646
9127.29785 0.09653
9128.85938 0.096414
9130.42188 0.096297
9131.98340 0.096181
9133.54590 0.096058
9135.10938 0.095932
9136.67188 0.095806
9138.23535 0.09568
9139.79883 0.095553
9141.36230 0.095427
9142.92676 0.095308
9144.49121 0.095208
9146.05566 0.095108
9147.62012 0.095007
9149.18555 0.094907
9150.75098 0.094806
9152.31641 0.094705
9153.88184 0.094577
9155.44824 0.094446
9157.01465 0.094314
9158.58203 0.094182
9160.14844 0.09405
9161.71582 0.093918
9163.28320 0.093803
9164.85156 0.093706
9166.41895 0.093608
9167.98730 0.093511
9169.55566 0.093413
9171.12500 0.093315
9172.69434 0.093213
9174.26367 0.093083
9175.83301 0.092953
9177.40332 0.092823
9178.97363 0.092693
9180.54395 0.092567
9182.11426 0.092451
9183.68555 0.092344
9185.25684 0.092241
9186.82812 0.092137
9188.40039 0.092033
9189.97266 0.091928
9191.54492 0.09181
9193.11719 0.091687
9194.69043 0.091556
9196.26367 0.091425
9197.83691 0.091294
9199.41016 0.091163
9200.98438 0.091026
9202.55859 0.090886
9204.13281 0.090763
9205.70801 0.09064
9207.28320 0.090516
9208.85840 0.090392
9210.43359 0.090268
9212.00977 0.090144
9213.58594 0.090036
9215.16211 0.089937
9216.73926 0.089837
9218.31543 0.089737
9219.89258 0.089637
9221.47070 0.089536
9223.04785 0.089418
9224.62598 0.089263
9226.20410 0.089108
9227.78320 0.088953
9229.36230 0.088798
9230.94141 0.088647
9232.52148 0.088498
9234.09961 0.088372
9235.67969 0.088245
9237.25977 0.088119
9238.84082 0.087992
9240.42090 0.087865
9242.00195 0.087739
9243.58301 0.087596
9245.16504 0.087444
9246.74707 0.087293
9248.32910 0.087142
9249.91113 0.08699
9251.49414 0.086839
9253.07715 0.0867
9254.66016 0.086586
9256.24316 0.086471
9257.82715 0.086356
9259.41113 0.086241
9260.99512 0.086126
9262.58008 0.08601
9264.16406 0.085874
9265.74902 0.085737
9267.33496 0.0856
9268.91992 0.085463
9270.50586 0.085326
9272.09277 0.085189
9273.67871 0.085052
9275.26562 0.084914
9276.85254 0.084777
9278.43945 0.08464
9280.02734 0.084502
9281.61523 0.084364
9283.20312 0.084227
9284.79102 0.08409
9286.37988 0.083952
9287.96875 0.083815
9289.55762 0.083677
9291.14746 0.08354
9292.73633 0.083401
9294.32715 0.083259
9295.91699 0.083116
9297.50781 0.082974
9299.09863 0.082831
9300.68945 0.082694
9302.28027 0.082564
9303.87207 0.082446
9305.46387 0.08233
9307.05566 0.082214
9308.64844 0.082098
9310.24121 0.081979
9311.83398 0.081849
9313.42676 0.081712
9315.02148 0.081568
9316.61426 0.081424
9318.20801 0.08128
9319.80273 0.081135
9321.39746 0.080991
9322.99219 0.080847
9324.58691 0.080705
9326.18262 0.080563
9327.77832 0.080421
9329.37402 0.080279
9330.97070 0.080137
9332.56738 0.079994
9334.16406 0.079853
9335.76074 0.079711
9337.35840 0.079569
9338.95605 0.079427
9340.55371 0.079285
9342.15137 0.079143
9343.75000 0.078994
9345.34863 0.078843
9346.94727 0.078692
9348.54688 0.07854
9350.14648 0.078389
9351.74609 0.078237
9353.34570 0.07809
9354.94629 0.077947
9356.54688 0.077804
9358.14746 0.077661
9359.74902 0.077517
9361.35059 0.077374
9362.95215 0.077235
9364.55371 0.077113
9366.15625 0.076991
9367.75879 0.076868
9369.36133 0.076745
9370.96484 0.076622
9372.56738 0.076498
9374.17188 0.07634
9375.77539 0.076182
9377.37988 0.076023
9378.98340 0.075865
9380.58887 0.075706
9382.19336 0.075547
9383.79883 0.075395
9385.40430 0.075245
9387.00977 0.075094
9388.61621 0.074944
9390.22266 0.074793
9391.82910 0.074642
9393.43555 0.074492
9395.04297 0.074342
9396.65039 0.074191
9398.25781 0.074041
9399.86621 0.07389
9401.47461 0.073727
9403.08301 0.073567
9404.69141 0.073414
9406.30078 0.07326
9407.91016 0.073107
9409.51953 0.072953
9411.12988 0.072799
9412.74023 0.072643
9414.35059 0.072469
9415.96094 0.072296
9417.57227 0.072122
