threeML/data/optical_filters/HST/WFC3_UVIS1-FQ727N.ecsv
# %ECSV 0.9
# ---
# datatype:
# - {name: wavelength, unit: Angstrom, datatype: float32}
# - {name: response, datatype: float32}
# meta: !!omap
# - {band_name: FQ727N}
# - {group_name: WFC3_UVIS1}
wavelength response
6480.11230 0.0
7200.12500 0.000407
7201.35693 0.00045
7202.58887 0.0005
7203.82178 0.000555
7205.05420 0.000615
7206.28711 0.00069
7207.52002 0.000772
7208.75293 0.000867
7209.98584 0.00098
7211.22021 0.001116
7212.45410 0.001253
7213.68799 0.001437
7214.92090 0.001641
7216.15576 0.001858
7217.39111 0.002126
7218.62500 0.002453
7219.85986 0.002869
7221.09619 0.003308
7222.33105 0.003878
7223.56689 0.004544
7224.80322 0.005354
7226.03906 0.006328
7227.27490 0.007492
7228.51123 0.009077
7229.74805 0.010866
7230.98486 0.01314
7232.22217 0.01597
7233.45898 0.019537
7234.69678 0.024017
7235.93506 0.029593
7237.17285 0.037164
7238.41113 0.046127
7239.64893 0.056905
7240.88818 0.069663
7242.12695 0.085334
7243.36621 0.103088
7244.60498 0.120981
7245.84521 0.140623
7247.08398 0.157626
7248.32422 0.171392
7249.56396 0.181196
7250.80518 0.187623
7252.04492 0.190372
7253.28613 0.190365
7254.52686 0.188785
7255.76807 0.185965
7257.00879 0.183561
7258.25098 0.181349
7259.49316 0.179256
7260.73389 0.178123
7261.97705 0.178102
7263.21924 0.178552
7264.46191 0.179706
7265.70508 0.181388
7266.94824 0.183736
7268.19092 0.186224
7269.43506 0.189274
7270.67822 0.192349
7271.92188 0.195238
7273.16699 0.19777
7274.41113 0.19974
7275.65479 0.201625
7276.89990 0.202486
7278.14502 0.202666
7279.39014 0.201929
7280.63623 0.200913
7281.88086 0.199635
7283.12695 0.197818
7284.37305 0.195588
7285.62012 0.193173
7286.86621 0.19115
7288.11279 0.18928
7289.35889 0.187428
7290.60596 0.186601
7291.85400 0.185759
7293.10205 0.185296
7294.34912 0.185006
7295.59717 0.184741
7296.84521 0.184243
7298.09424 0.182904
7299.34180 0.180305
7300.59082 0.175496
7301.83984 0.168509
7303.08887 0.159188
7304.33887 0.14622
7305.58887 0.131969
7306.83789 0.116732
7308.08887 0.100983
7309.33887 0.085772
7310.58887 0.071205
7311.83984 0.059271
7313.09082 0.048468
7314.34180 0.039778
7315.59424 0.032602
7316.84521 0.026774
7318.09717 0.021997
7319.34912 0.017868
7320.60205 0.014858
7321.85400 0.012351
7323.10596 0.0103
7324.35889 0.008647
7325.61279 0.007287
7326.86621 0.006181
7328.12012 0.005198
7329.37305 0.004453
7330.62695 0.003843
7331.88086 0.003284
7333.13623 0.002862
7334.39111 0.002471
7335.64502 0.002158
7336.89990 0.001869
7338.15479 0.001634
7339.41113 0.001452
7340.66699 0.001269
7341.92188 0.00112
7343.17920 0.000994
7344.43506 0.000877
7345.69092 0.000794
7346.94824 0.000703
7348.20508 0.00063
7349.46191 0.000566
7350.72021 0.000508
7351.97803 0.00045
7353.23486 0.000414
8088.55859 0.0
