threeML/data/optical_filters/HST/WFC3_UVIS1-F555W.ecsv
# %ECSV 0.9
# ---
# datatype:
# - {name: wavelength, unit: Angstrom, datatype: float32}
# - {name: response, datatype: float32}
# meta: !!omap
# - {band_name: F555W}
# - {group_name: WFC3_UVIS1}
wavelength response
[from data line 806]
5002.43018 0.280372
5003.28613 0.280422
5004.14209 0.280471
5004.99805 0.280521
5005.85400 0.28057
5006.71094 0.28062
5007.56689 0.28067
5008.42383 0.280719
5009.28076 0.280769
5010.13818 0.280818
5010.99609 0.280868
5011.85303 0.280916
5012.70996 0.280963
5013.56787 0.28101
5014.42578 0.281057
5015.28418 0.281104
5016.14209 0.281151
5017.00000 0.281198
5017.85791 0.281245
5018.71680 0.281292
5019.57617 0.281339
5020.43506 0.281387
5021.29297 0.281434
5022.15186 0.281438
5023.01221 0.281436
5023.87109 0.281434
5024.73096 0.281431
5025.58984 0.281429
5026.45020 0.281427
5027.31104 0.281425
5028.16992 0.281423
5029.03076 0.281421
5029.89111 0.281419
5030.75195 0.281412
5031.61279 0.281413
5032.47412 0.281439
5033.33398 0.281465
5034.19580 0.281492
5035.05713 0.281518
5035.91797 0.281544
5036.77979 0.281571
5037.64209 0.281597
5038.50391 0.281623
5039.36621 0.281649
5040.22803 0.281676
5041.08984 0.281702
5041.95312 0.281723
5042.81494 0.281741
5043.67822 0.28176
5044.54102 0.281778
5045.40381 0.281796
5046.26807 0.281814
5047.13086 0.281832
5047.99512 0.281851
5048.85791 0.281869
5049.72217 0.281887
5050.58594 0.281905
5051.45020 0.281923
5052.31396 0.281939
5053.17920 0.281956
5054.04297 0.281972
5054.90820 0.281988
5055.77295 0.282004
5056.63818 0.282021
5057.50293 0.282037
5058.36914 0.282054
5059.23389 0.28207
5060.10010 0.282086
5060.96484 0.282102
5061.83105 0.282111
5062.69678 0.282111
5063.56299 0.28211
5064.43018 0.28211
5065.29590 0.28211
5066.16309 0.28211
5067.02979 0.28211
5067.89600 0.282109
5068.76416 0.282109
5069.63086 0.282109
5070.49902 0.282109
5071.36621 0.282109
5072.23291 0.282112
5073.10205 0.282116
5073.96924 0.28212
5074.83691 0.282123
5075.70605 0.282127
5076.57422 0.282131
5077.44287 0.282134
5078.31201 0.282138
5079.18115 0.282142
5080.04883 0.282145
5080.91797 0.282149
5081.78809 0.282152
5082.65723 0.282156
5083.52686 0.282158
5084.39697 0.282162
5085.26709 0.282165
5086.13721 0.282168
5087.00684 0.282171
5087.87695 0.282174
5088.74805 0.282177
5089.61914 0.28218
5090.48877 0.282183
5091.35986 0.282186
5092.23096 0.282196
5093.10303 0.282206
5093.97412 0.282217
5094.84619 0.282227
5095.71680 0.282238
5096.58887 0.282249
5097.46094 0.282259
5098.33301 0.28227
5099.20605 0.28228
5100.07812 0.282291
5100.95117 0.282301
5101.82324 0.282307
5102.69580 0.282308
5103.56885 0.282309
5104.44189 0.282309
5105.31592 0.28231
5106.18896 0.282311
5107.06299 0.282312
5107.93701 0.282313
5108.81104 0.282313
5109.68506 0.282314
5110.55908 0.282315
5111.43408 0.282315
5112.30811 0.282311
5113.18311 0.282306
5114.05811 0.282302
5114.93311 0.282297
5115.80811 0.282293
5116.68311 0.282288
5117.55811 0.282283
5118.43408 0.282279
5119.31006 0.282274
5120.18604 0.28227
5121.06201 0.282265
5121.93799 0.282299
5122.81396 0.282361
5123.68994 0.282423
5124.56689 0.282486
5125.44385 0.282548
5126.32080 0.28261
5127.19824 0.282672
5128.07520 0.282734
5128.95312 0.282796
5129.83008 0.282859
5130.70801 0.282938
5131.58496 0.28301
5132.46387 0.283032
5133.34180 0.283054
5134.22021 0.283076
5135.09912 0.283098
5135.97705 0.28312
5136.85596 0.283142
5137.73486 0.283164
5138.61377 0.283186
5139.49316 0.283208
5140.37207 0.283221
5141.25195 0.283222
5142.13086 0.283231
5143.01123 0.283242
5143.89111 0.283253
5144.77100 0.283265
5145.65088 0.283276
5146.53223 0.283287
5147.41309 0.283298
5148.29297 0.283309
5149.17383 0.283321
5150.05518 0.283332
5150.93604 0.283343
5151.81689 0.283362
5152.69922 0.283391
5153.58105 0.28342
5154.46191 0.283449
5155.34424 0.283478
5156.22607 0.283507
5157.10791 0.283536
5157.99121 0.283565
5158.87305 0.283594
5159.75586 0.283623
5160.63916 0.283652
5161.52100 0.283675
5162.40479 0.283644
5163.28809 0.283614
5164.17090 0.283583
5165.05518 0.283552
5165.93799 0.283521
5166.82324 0.28349
5167.70703 0.283459
5168.59082 0.283429
5169.47510 0.283398
5170.35889 0.283367
5171.24414 0.283336
5172.12891 0.283297
5173.01416 0.283255
5173.89893 0.283214
5174.78418 0.283173
5175.66895 0.283131
5176.55518 0.28309
5177.44092 0.283049
5178.32715 0.283008
5179.21191 0.282966
5180.09912 0.282925
5180.98486 0.282883
5181.87207 0.28288
5182.75781 0.282917
5183.64502 0.282955
5184.53223 0.282992
5185.41797 0.28303
5186.30615 0.283067
5187.19287 0.283105
5188.08105 0.283142
5188.96777 0.28318
5189.85596 0.283218
5190.74414 0.283255
5191.63184 0.283278
5192.52100 0.283243
5193.40918 0.283209
5194.29688 0.283175
5195.18604 0.283141
5196.07520 0.283106
5196.96387 0.283072
5197.85303 0.283038
5198.74316 0.283004
5199.63184 0.28297
5200.52100 0.282935
5201.41211 0.282901
5202.30078 0.282866
5203.19092 0.28283
5204.08203 0.282794
5204.97217 0.282759
5205.86279 0.282723
5206.75293 0.282687
5207.64404 0.282652
5208.53516 0.282616
5209.42578 0.28258
5210.31787 0.282545
5211.20898 0.282509
5212.10107 0.282537
5212.99316 0.282588
5213.88379 0.28264
5214.77588 0.282692
5215.66797 0.282743
5216.56104 0.282795
5217.45410 0.282847
5218.34619 0.282899
5219.23877 0.28295
5220.13184 0.283002
5221.02490 0.283054
5221.91797 0.283075
5222.81201 0.283069
5223.70605 0.283063
5224.59912 0.283057
5225.49316 0.283051
5226.38721 0.283045
5227.28076 0.283039
5228.17578 0.283033
5229.06982 0.283027
5229.96484 0.283021
5230.85986 0.283016
5231.75488 0.282987
5232.64990 0.28291
5233.54492 0.282832
5234.43994 0.282755
5235.33594 0.282677
5236.23193 0.2826
5237.12793 0.282522
5238.02393 0.282444
5238.91992 0.282367
5239.81592 0.282289
5240.71289 0.282212
5241.60889 0.282147
5242.50586 0.28215
5243.40283 0.282152
5244.29980 0.282154
5245.19824 0.282157
5246.09521 0.282159
5246.99316 0.282162
5247.89111 0.282164
5248.78906 0.282166
5249.68701 0.282169
5250.58398 0.282171
5251.48291 0.282172
5252.38086 0.282127
5253.27979 0.282083
5254.17920 0.282038
5255.07812 0.281993
5255.97705 0.281948
5256.87598 0.281903
5257.77588 0.281858
5258.67480 0.281813
5259.57520 0.281768
5260.47510 0.281724
5261.37500 0.281679
5262.27490 0.281597
5263.17480 0.281512
5264.07617 0.281427
5264.97705 0.281341
5265.87695 0.281256
5266.77783 0.281171
5267.68018 0.281085
5268.58105 0.281
5269.48193 0.280915
5270.38379 0.280829
5271.28613 0.280744
5272.18701 0.280682
5273.08887 0.280627
5273.99219 0.280571
5274.89404 0.280516
5275.79590 0.28046
5276.69922 0.280405
5277.60205 0.280349
5278.50488 0.280294
5279.40820 0.280238
5280.31201 0.280183
5281.21484 0.280127
5282.11816 0.280084
5283.02197 0.280045
5283.92578 0.280006
5284.83008 0.279968
5285.73389 0.279929
5286.63916 0.27989
5287.54297 0.279852
5288.44824 0.279813
5289.35303 0.279774
5290.25781 0.279735
5291.16309 0.279697
5292.06787 0.279693
5292.97412 0.279707
5293.87891 0.279722
5294.78516 0.279736
5295.69092 0.279751
5296.59717 0.279765
5297.50293 0.279779
5298.40918 0.279794
5299.31592 0.279808
5300.22314 0.279822
5301.12891 0.279837
5302.03711 0.279823
5302.94287 0.279792
5303.85107 0.279761
5304.75781 0.279729
5305.66602 0.279698
5306.57422 0.279667
5307.48096 0.279636
5308.39014 0.279605
5309.29785 0.279573
5310.20703 0.279542
5311.11523 0.279511
5312.02295 0.279467
5312.93311 0.279416
5313.84082 0.279364
5314.75000 0.279312
5315.66016 0.279261
5316.56885 0.279209
5317.47900 0.279157
5318.38916 0.279106
5319.29883 0.279054
5320.20898 0.279002
5321.11914 0.27895
5322.02979 0.278915
5322.93994 0.27889
5323.85107 0.278865
5324.76221 0.278839
5325.67285 0.278814
5326.58398 0.278789
5327.49512 0.278764
5328.40723 0.278739
5329.31787 0.278713
5330.22998 0.278688
5331.14209 0.278663
5332.05420 0.278625
5332.96680 0.278579
5333.87891 0.278534
5334.79199 0.278488
5335.70508 0.278443
5336.61719 0.278397
5337.52979 0.278351
5338.44385 0.278306
5339.35693 0.27826
5340.27100 0.278215
5341.18408 0.278169
5342.09814 0.278128
5343.01221 0.278089
5343.92578 0.278051
5344.84082 0.278012
5345.75488 0.277973
5346.66992 0.277934
5347.58398 0.277896
5348.50000 0.277857
5349.41504 0.277818
5350.33008 0.277779
5351.24512 0.27774
5352.16113 0.277704
5353.07715 0.277669
5353.99219 0.277633
5354.90918 0.277598
5355.82520 0.277563
5356.74121 0.277527
5357.65820 0.277492
5358.57422 0.277457
5359.49121 0.277421
5360.40820 0.277386
5361.32520 0.27735
5362.24219 0.277313
5363.16016 0.277276
5364.07812 0.277238
5364.99512 0.277201
5365.91309 0.277163
5366.83105 0.277125
5367.75000 0.277088
5368.66797 0.27705
5369.58594 0.277012
5370.50488 0.276975
5371.42383 0.276937
5372.34277 0.276839
5373.26221 0.276736
5374.18213 0.276634
5375.10107 0.276531
5376.02100 0.276429
5376.93994 0.276326
5377.85986 0.276223
5378.78076 0.27612
5379.70117 0.276018
5380.62109 0.275915
5381.54199 0.275814
5382.46191 0.275753
5383.38379 0.275692
5384.30518 0.275631
5385.22607 0.275571
5386.14697 0.27551
5387.06885 0.275449
5387.99023 0.275388
5388.91211 0.275327
5389.83398 0.275266
5390.75586 0.275205
5391.67920 0.275134
5392.60107 0.275023
5393.52393 0.274911
5394.44678 0.274799
5395.37012 0.274687
5396.29297 0.274575
5397.21582 0.274463
5398.14014 0.274352
5399.06299 0.27424
5399.98682 0.274128
5400.91113 0.274016
5401.83496 0.2739
5402.75879 0.273778
5403.68408 0.273656
5404.60791 0.273534
5405.53320 0.273412
5406.45801 0.27329
5407.38281 0.273168
5408.30811 0.273046
5409.23291 0.272924
5410.15918 0.272801
5411.08398 0.272679
5412.00977 0.272589
5412.93604 0.272525
5413.86182 0.272461
5414.78906 0.272396
5415.71484 0.272332
5416.64209 0.272268
5417.56787 0.272204
5418.49512 0.27214
5419.42188 0.272076
5420.35010 0.272012
5421.27686 0.271947
5422.20508 0.2719
5423.13184 0.271858
5424.06006 0.271816
5424.98779 0.271775
5425.91602 0.271733
5426.84521 0.271691
5427.77295 0.27165
5428.70215 0.271608
5429.62988 0.271566
5430.56006 0.271524
5431.48877 0.271482
5432.41797 0.271403
5433.34717 0.271323
5434.27686 0.271243
5435.20703 0.271163
5436.13721 0.271083
5437.06689 0.271003
5437.99707 0.270923
5438.92676 0.270843
5439.85791 0.270763
5440.78906 0.270683
5441.72021 0.270605
5442.65088 0.270535
5443.58203 0.270464
5444.51318 0.270394
5445.44482 0.270324
5446.37598 0.270254
5447.30811 0.270183
5448.24023 0.270113
5449.17188 0.270043
5450.10498 0.269972
5451.03711 0.269902
5451.97021 0.269825
5452.90283 0.269741
5453.83594 0.269658
5454.76904 0.269574
5455.70215 0.26949
5456.63623 0.269406
5457.56885 0.269323
5458.50293 0.269239
5459.43701 0.269155
5460.37109 0.269071
5461.30518 0.268987
5462.24023 0.268881
5463.17383 0.268768
5464.10889 0.268654
5465.04395 0.268541
5465.97900 0.268428
5466.91406 0.268314
5467.84912 0.268201
5468.78516 0.268088
5469.72119 0.267974
5470.65576 0.267861
5471.59180 0.267751
5472.52783 0.267692
5473.46484 0.267633
5474.40088 0.267574
5475.33789 0.267514
5476.27490 0.267455
5477.21191 0.267396
5478.14893 0.267336
5479.08594 0.267277
5480.02295 0.267217
5480.96094 0.267158
5481.89893 0.267092
5482.83691 0.267015
5483.77490 0.266938
5484.71289 0.266861
5485.65088 0.266785
5486.58984 0.266708
5487.52881 0.266631
5488.46777 0.266554
5489.40723 0.266477
5490.34619 0.266401
5491.28516 0.266324
5492.22510 0.26619
5493.16504 0.266038
5494.10400 0.265885
5495.04395 0.265733
5495.98486 0.26558
5496.92480 0.265428
5497.86523 0.265275
5498.80615 0.265123
5499.74707 0.26497
5500.68799 0.264818
5501.62891 0.264665
5502.56982 0.264503
5503.51221 0.264341
5504.45410 0.264179
5505.39502 0.264017
5506.33691 0.263855
5507.27881 0.263693
5508.22217 0.263531
5509.16406 0.263369
5510.10596 0.263207
5511.04883 0.263044
5511.99219 0.262904
5512.93506 0.262786
5513.87793 0.262669
5514.82178 0.262551
5515.76611 0.262433
5516.70898 0.262316
5517.65283 0.262198
5518.59717 0.26208
5519.54199 0.261962
5520.48584 0.261845
5521.43018 0.261727
5522.37500 0.261637
5523.31982 0.261551
5524.26514 0.261464
5525.20996 0.261378
5526.15479 0.261291
5527.10107 0.261205
5528.04590 0.261118
5528.99219 0.261032
5529.93799 0.260945
5530.88379 0.260858
5531.83105 0.260758
5532.77686 0.260626
5533.72412 0.260493
5534.66992 0.260361
5535.61816 0.260229
5536.56396 0.260097
5537.51221 0.259964
5538.45898 0.259832
5539.40723 0.2597
5540.35400 0.259568
5541.30322 0.259435
5542.25000 0.259315
5543.19922 0.259198
5544.14697 0.259082
5545.09619 0.258966
5546.04395 0.25885
5546.99414 0.258733
5547.94189 0.258617
5548.89209 0.2585
5549.84082 0.258384
5550.79102 0.258268
5551.74023 0.258147
5552.68994 0.25801
5553.64014 0.257874
5554.58984 0.257738
5555.54102 0.257602
5556.49121 0.257465
5557.44189 0.257329
5558.39307 0.257192
5559.34424 0.257056
5560.29492 0.25692
5561.24707 0.256783
5562.19824 0.256671
5563.14893 0.25657
5564.10205 0.256469
5565.05420 0.256368
5566.00586 0.256267
5566.95801 0.256167
5567.91113 0.256066
5568.86279 0.255965
5569.81592 0.255864
5570.76904 0.255746
5571.72217 0.255618
5572.67480 0.25546
5573.62891 0.255303
5574.58301 0.255145
5575.53613 0.254988
5576.49023 0.25483
5577.44385 0.254673
5578.39795 0.254515
5579.35303 0.254358
5580.30811 0.254207
5581.26221 0.25407
5582.21680 0.253935
5583.17188 0.253803
5584.12695 0.25367
5585.08301 0.253537
5586.03906 0.253404
5586.99414 0.253271
5587.95020 0.253138
5588.90576 0.253005
5589.86182 0.252871
5590.81885 0.252738
5591.77490 0.252609
5592.73193 0.252494
5593.68896 0.252379
5594.64600 0.252264
5595.60303 0.252148
5596.56104 0.252033
5597.51807 0.251918
5598.47607 0.251802
5599.43408 0.251687
5600.39209 0.251572
5601.35010 0.251456
5602.30811 0.251284
5603.26709 0.251096
5604.22607 0.250908
5605.18506 0.250719
5606.14404 0.250531
5607.10303 0.250343
5608.06201 0.250155
5609.02100 0.249967
5609.98096 0.249778
5610.94092 0.24959
5611.90088 0.249404
5612.86084 0.249221
5613.82080 0.249039
5614.78223 0.248856
5615.74316 0.248673
5616.70410 0.24849
5617.66504 0.248308
5618.62500 0.248125
5619.58691 0.247942
5620.54785 0.247759
5621.50977 0.247576
5622.47217 0.247369
5623.43408 0.24716
5624.39600 0.246952
5625.35791 0.246743
5626.32080 0.246534
5627.28320 0.246326
5628.24609 0.246117
5629.20898 0.245908
5630.17188 0.245698
5631.13477 0.245483
5632.09912 0.245273
5633.06201 0.245068
5634.02588 0.244862
5634.99023 0.244656
5635.95508 0.24445
5636.91797 0.244244
5637.88281 0.244038
5638.84814 0.243833
5639.81299 0.243626
5640.77686 0.243421
5641.74316 0.243229
5642.70801 0.243099
5643.67285 0.242969
5644.63916 0.242839
5645.60400 0.242709
5646.57080 0.242579
5647.53711 0.242449
5648.50293 0.242319
5649.46924 0.242189
5650.43604 0.242059
5651.40283 0.241929
5652.37012 0.241764
5653.33691 0.241593
5654.30420 0.241421
5655.27100 0.241249
5656.23877 0.241078
5657.20703 0.240906
5658.17480 0.240734
5659.14307 0.240563
5660.11084 0.240391
5661.08008 0.240219
5662.04785 0.240044
5663.01709 0.239864
5663.98584 0.239684
5664.95508 0.239504
5665.92383 0.239324
5666.89404 0.239145
5667.86279 0.238965
5668.83301 0.238785
5669.80322 0.238605
5670.77197 0.238425
5671.74316 0.23824
5672.71289 0.238035
5673.68408 0.23783
5674.65479 0.237624
5675.62500 0.237419
5676.59717 0.237214
5677.56787 0.237009
5678.53906 0.236803
5679.51123 0.236598
5680.48193 0.236392
5681.45508 0.236187
5682.42578 0.235987
5683.39893 0.235789
5684.37109 0.23559
5685.34424 0.235391
5686.31592 0.235192
5687.29004 0.234993
5688.26221 0.234795
5689.23584 0.234596
5690.20898 0.234397
5691.18311 0.234198
5692.15576 0.23401
5693.12988 0.233829
5694.10400 0.233648
5695.07910 0.233467
5696.05322 0.233286
5697.02686 0.233105
5698.00195 0.232924
5698.97705 0.232743
5699.95215 0.232562
5700.92676 0.232381
5701.90283 0.232181
5702.87793 0.23194
5703.85400 0.2317
5704.83008 0.23146
5705.80615 0.23122
5706.78223 0.23098
5707.75879 0.230739
5708.73486 0.230499
5709.71191 0.230259
5710.68896 0.230018
5711.66602 0.229784
5712.64307 0.229615
5713.62109 0.229446
5714.59814 0.229277
5715.57617 0.229108
5716.55420 0.228939
5717.53223 0.22877
5718.50977 0.2286
5719.48779 0.228431
5720.46680 0.228253
5721.44580 0.228065
5722.42480 0.227848
5723.40381 0.227627
5724.38281 0.227406
5725.36182 0.227185
5726.34180 0.226963
5727.32178 0.226742
5728.30176 0.226521
5729.28223 0.2263
5730.26221 0.226083
5731.24316 0.225881
5732.22314 0.225666
5733.20410 0.225443
5734.18506 0.225221
5735.16602 0.224998
5736.14697 0.224776
5737.12793 0.224554
5738.10986 0.224331
5739.09180 0.224109
