threeML/data/optical_filters/HST/WFC3_UVIS2-F814W.ecsv
# %ECSV 0.9
# ---
# datatype:
# - {name: wavelength, unit: Angstrom, datatype: float32}
# - {name: response, datatype: float32}
# meta: !!omap
# - {band_name: F814W}
# - {group_name: WFC3_UVIS2}
wavelength response
[from data line 805]
7963.90088 0.163076
7965.26416 0.162954
7966.62695 0.162832
7967.99023 0.16271
7969.35303 0.162588
7970.71680 0.162467
7972.08105 0.162346
7973.44385 0.162235
7974.80908 0.162126
7976.17285 0.162016
7977.53809 0.161907
7978.90283 0.161798
7980.26807 0.161692
7981.63281 0.161605
7982.99902 0.161508
7984.36523 0.161405
7985.73096 0.161302
7987.09717 0.161199
7988.46387 0.161096
7989.83105 0.160992
7991.19678 0.160875
7992.56494 0.160755
7993.93213 0.160635
7995.29980 0.160515
7996.66797 0.160395
7998.03613 0.160275
7999.40381 0.160156
8000.77295 0.160044
8002.14209 0.159938
8003.51123 0.159858
8004.87988 0.159778
8006.25000 0.159698
8007.62012 0.159619
8008.99023 0.159539
8010.35986 0.159455
8011.73096 0.159358
8013.10205 0.159264
8014.47314 0.159172
8015.84424 0.15908
8017.21484 0.158987
8018.58691 0.158895
8019.95898 0.158803
8021.33105 0.158712
8022.70410 0.158616
8024.07617 0.158512
8025.44922 0.158408
8026.82178 0.158304
8028.19482 0.1582
8029.56885 0.158096
8030.94287 0.158008
8032.31689 0.157929
8033.69092 0.157878
8035.06592 0.157826
8036.43994 0.157775
8037.81494 0.157723
8039.19092 0.157672
8040.56592 0.157612
8041.94189 0.157541
8043.31787 0.157428
8044.69385 0.157305
8046.06982 0.157182
8047.44678 0.157059
8048.82422 0.156936
8050.20117 0.156813
8051.57812 0.15669
8052.95605 0.156597
8054.33301 0.15653
8055.71191 0.156462
8057.08984 0.156394
8058.46924 0.156326
8059.84717 0.156258
8061.22705 0.156208
8062.60498 0.156145
8063.98486 0.156043
8065.36523 0.155942
8066.74512 0.155841
8068.12500 0.15574
8069.50488 0.155638
8070.88623 0.155525
8072.26709 0.155404
8073.64795 0.15529
8075.02881 0.155176
8076.41113 0.155063
8077.79199 0.154949
8079.17480 0.154835
8080.55713 0.154722
8081.93896 0.154608
8083.32178 0.154486
8084.70605 0.154363
8086.08887 0.154239
8087.47217 0.154115
8088.85596 0.153992
8090.24023 0.153871
8091.62402 0.153767
8093.00781 0.153649
8094.39307 0.153519
8095.77783 0.15339
8097.16309 0.15326
8098.54785 0.153131
8099.93408 0.153001
8101.31982 0.152854
8102.70605 0.152705
8104.09180 0.152557
8105.47900 0.152409
8106.86621 0.152262
8108.25293 0.152114
8109.64014 0.151966
8111.02783 0.151818
8112.41602 0.151669
8113.80322 0.151503
8115.19092 0.151338
8116.58008 0.151173
8117.96924 0.151008
8119.35791 0.150843
8120.74707 0.150689
8122.13623 0.150544
8123.52588 0.150382
8124.91602 0.15022
8126.30615 0.150057
8127.69580 0.149895
8129.08691 0.149733
8130.47803 0.149564
8131.86914 0.149383
8133.25977 0.149183
8134.65186 0.148977
8136.04297 0.148771
8137.43604 0.148565
8138.82812 0.148359
8140.22021 0.148154
8141.61279 0.147948
8143.00586 0.147748
8144.39893 0.147551
8145.79297 0.147355
8147.18701 0.147159
8148.58105 0.146963
8149.97510 0.146767
8151.36914 0.14659
8152.76416 0.146417
8154.15918 0.146251
8155.55420 0.146084
8156.94922 0.145918
8158.34521 0.145752
8159.74121 0.145586
8161.13721 0.145404
8162.53320 0.145211
8163.93018 0.144986
8165.32617 0.144761
8166.72314 0.144536
8168.12109 0.144311
8169.51807 0.144087
8170.91602 0.143862
8172.31396 0.143638
8173.71191 0.143416
8175.11084 0.143194
8176.50879 0.142972
8177.90820 0.14275
8179.30811 0.142528
8180.70703 0.142316
8182.10596 0.142113
8183.50586 0.141927
8184.90723 0.141743
8186.30713 0.141559
8187.70801 0.141375
8189.10791 0.141192
8190.50977 0.141001
8191.91113 0.1408
8193.31152 0.140593
8194.71484 0.140384
8196.11621 0.140176
8197.51855 0.139967
8198.92090 0.139759
8200.32422 0.139552
8201.72754 0.139347
8203.13086 0.139152
8204.53418 0.138964
8205.93848 0.138776
8207.34180 0.138588
8208.74609 0.138401
8210.15039 0.138215
8211.55469 0.138045
8212.95996 0.137875
8214.36523 0.137703
8215.77148 0.137532
8217.17676 0.13736
8218.58203 0.137189
8219.98828 0.137018
8221.39453 0.136829
8222.80176 0.13665
8224.20801 0.136484
8225.61523 0.136319
8227.02246 0.136154
8228.43066 0.135989
8229.83789 0.135824
8231.24609 0.135668
8232.65430 0.135518
8234.06348 0.135376
8235.47168 0.135234
8236.88086 0.135092
8238.29004 0.13495
8239.70020 0.134808
8241.10938 0.13468
8242.51953 0.134563
8243.92969 0.134474
8245.34082 0.134386
8246.75098 0.134297
8248.16211 0.134209
8249.57324 0.13412
8250.98438 0.13402
8252.39648 0.133913
8253.80859 0.133806
8255.22070 0.133699
8256.63281 0.133591
8258.04590 0.133484
8259.45898 0.133377
8260.87207 0.133269
8262.28516 0.133162
8263.69922 0.133066
8265.11230 0.13297
8266.52637 0.132874
8267.94141 0.132778
8269.35547 0.132681
8270.77148 0.132595
8272.18555 0.132516
8273.60059 0.132467
8275.01660 0.13242
8276.43262 0.132373
8277.84863 0.132326
8279.26465 0.132279
8280.68164 0.132223
8282.09766 0.132159
8283.51465 0.132095
8284.93262 0.132031
8286.34961 0.131967
8287.76758 0.131903
8289.18555 0.131838
8290.60352 0.131774
8292.02246 0.13171
8293.44141 0.131682
8294.86035 0.131662
8296.27930 0.131642
8297.69824 0.131622
8299.11816 0.131601
8300.53809 0.131581
8301.95801 0.13156
8303.37891 0.131517
8304.79980 0.131467
8306.22070 0.131417
8307.64160 0.131366
8309.06152 0.131316
8310.48438 0.131272
8311.90625 0.131239
8313.32812 0.13123
8314.75098 0.13123
8316.17383 0.13123
8317.59668 0.13123
8319.01953 0.131229
8320.44238 0.131224
8321.86621 0.131206
8323.29004 0.131195
8324.71387 0.131187
8326.13867 0.131179
8327.56348 0.131171
8328.98828 0.131163
8330.41309 0.131155
8331.83789 0.131146
8333.26367 0.131145
8334.68945 0.131148
8336.11523 0.13115
8337.54199 0.131152
8338.96875 0.131154
8340.39648 0.13116
8341.82227 0.131179
8343.24902 0.13119
8344.67676 0.131198
8346.10352 0.131205
8347.53223 0.131212
8348.96094 0.131219
8350.38965 0.131222
8351.81836 0.131211
8353.24707 0.131194
8354.67578 0.131174
8356.10547 0.131154
8357.53516 0.131134
8358.96484 0.131113
8360.39648 0.131093
8361.82617 0.131072
8363.25684 0.131055
8364.68652 0.13104
8366.11816 0.131024
8367.54980 0.131009
8368.98145 0.130993
8370.41309 0.130977
8371.84570 0.130961
8373.27832 0.130946
8374.71094 0.130932
8376.14355 0.130918
8377.57617 0.130904
8379.00977 0.130889
8380.44336 0.13088
8381.87695 0.130882
8383.31152 0.130873
8384.74609 0.130857
8386.18066 0.130842
8387.61523 0.130827
8389.04980 0.130811
8390.48535 0.130789
8391.92090 0.130756
8393.35742 0.130717
8394.79297 0.130675
8396.22852 0.130633
8397.66602 0.130591
8399.10254 0.130549
8400.54004 0.130512
8401.97656 0.130483
8403.41406 0.130426
8404.85254 0.130361
8406.29004 0.130296
8407.72852 0.13023
8409.16699 0.130165
8410.60547 0.130107
8412.04492 0.130059
8413.48438 0.130018
8414.92383 0.129979
8416.36328 0.129939
8417.80371 0.1299
8419.24316 0.12986
8420.68457 0.129812
8422.12500 0.129754
8423.56543 0.129671
8425.00684 0.129583
8426.44824 0.129495
8427.89062 0.129408
8429.33203 0.12932
8430.77441 0.129241
8432.21680 0.12917
8433.65918 0.129087
8435.10254 0.129002
8436.54590 0.128918
8437.98926 0.128833
8439.43262 0.128749
8440.87695 0.128664
8442.32129 0.128579
8443.76562 0.128466
8445.20996 0.128354
8446.65527 0.128241
8448.10059 0.128128
8449.54590 0.128015
8450.99121 0.127914
8452.43652 0.12782
8453.88379 0.127741
8455.33008 0.127662
8456.77637 0.127584
8458.22363 0.127505
8459.67090 0.127426
8461.11816 0.127334
8462.56543 0.127238
8464.01367 0.127139
8465.46191 0.127041
8466.91016 0.126942
8468.35840 0.126844
8469.80762 0.126745
8471.25684 0.126647
8472.70605 0.12654
8474.15527 0.126412
8475.60547 0.126284
8477.05566 0.126156
8478.50586 0.126027
8479.95703 0.125899
8481.40723 0.125771
8482.85840 0.12557
8484.31055 0.125241
8485.76172 0.124912
8487.21387 0.124584
8488.66602 0.124256
8490.11816 0.123929
8491.57031 0.123619
8493.02344 0.123396
8494.47656 0.123271
8495.92969 0.123145
8497.38379 0.12302
8498.83789 0.122894
8500.29199 0.122759
8501.74609 0.122586
8503.20020 0.122435
8504.65527 0.122297
8506.11035 0.12216
8507.56543 0.122023
8509.02148 0.121885
8510.47754 0.121748
8511.93359 0.121611
8513.38965 0.121421
8514.84668 0.121211
8516.30273 0.121001
8517.76074 0.12079
8519.21777 0.120581
8520.67480 0.120371
8522.13281 0.120161
8523.59082 0.120024
8525.04980 0.119899
8526.50781 0.119774
8527.96680 0.119649
8529.42578 0.119523
8530.88574 0.119408
8532.34473 0.119299
8533.80469 0.119158
8535.26465 0.119017
8536.72559 0.118875
8538.18555 0.118734
8539.64648 0.118593
8541.10742 0.118439
8542.56934 0.118282
8544.03027 0.11813
8545.49219 0.117978
8546.95410 0.117825
8548.41699 0.117673
8549.87988 0.117521
8551.34277 0.117369
8552.80566 0.117222
8554.26855 0.117087
8555.73242 0.116951
8557.19629 0.116816
8558.66016 0.116681
8560.12500 0.116545
8561.58887 0.11641
8563.05371 0.116273
8564.51953 0.116134
8565.98438 0.115995
8567.45020 0.115856
8568.91602 0.115717
8570.38184 0.115582
8571.84863 0.115459
8573.31543 0.115353
8574.78223 0.115256
8576.24902 0.115159
8577.71582 0.115062
8579.18359 0.114964
8580.65137 0.11486
8582.12012 0.114747
8583.58789 0.114613
8585.05664 0.114475
8586.52539 0.114337
8587.99512 0.114199
8589.46387 0.114062
8590.93359 0.113924
8592.40332 0.113788
8593.87402 0.113709
8595.34375 0.113631
8596.81445 0.113552
8598.28516 0.113473
8599.75684 0.113394
8601.22754 0.113315
8602.69922 0.113232
8604.17188 0.113134
8605.64355 0.113037
8607.11621 0.112939
8608.58887 0.112842
8610.06152 0.112745
8611.53418 0.112663
8613.00781 0.112583
8614.48145 0.112505
8615.95605 0.112427
8617.42969 0.112349
8618.90430 0.11227
8620.37891 0.112188
8621.85352 0.112094
8623.32910 0.112008
8624.80469 0.111927
8626.28027 0.111846
8627.75586 0.111764
8629.23242 0.111682
8630.70801 0.111617
8632.18457 0.111568
8633.66211 0.111522
8635.13867 0.111477
8636.61621 0.111432
8638.09375 0.111386
8639.57227 0.11134
8641.05078 0.111294
8642.52832 0.111253
8644.00781 0.111248
8645.48633 0.111243
8646.96582 0.111238
8648.44531 0.111233
8649.92480 0.111227
8651.40430 0.111222
8652.88477 0.1112
8654.36523 0.111147
8655.84570 0.111094
8657.32715 0.111042
8658.80859 0.110989
8660.29004 0.110938
8661.77148 0.110901
8663.25391 0.110891
8664.73535 0.110899
8666.21777 0.110907
8667.70117 0.110915
8669.18359 0.110923
8670.66699 0.110924
8672.15039 0.110915
8673.63477 0.110892
8675.11816 0.110867
8676.60254 0.11084
8678.08691 0.110814
8679.57227 0.110788
8681.05664 0.110761
8682.54199 0.110734
8684.02832 0.110706
8685.51367 0.110677
8687.00000 0.110648
8688.48633 0.110619
8689.97266 0.11059
8691.45898 0.110561
8692.94629 0.110527
8694.43359 0.110485
8695.92090 0.110444
8697.40918 0.110401
8698.89746 0.110359
8700.38574 0.110317
8701.87402 0.110275
8703.36328 0.110221
8704.85254 0.11016
8706.34180 0.1101
8707.83105 0.110039
8709.32129 0.109978
8710.81055 0.109926
8712.30176 0.10988
8713.79199 0.109879
8715.28320 0.109881
8716.77441 0.109882
8718.26562 0.109882
8719.75684 0.109883
8721.24902 0.109871
8722.74121 0.109844
8724.23340 0.109782
8725.72656 0.109719
8727.21875 0.109656
8728.71191 0.109593
8730.20605 0.109529
8731.69922 0.109466
8733.19336 0.109421
8734.68848 0.109393
8736.18164 0.109364
8737.67676 0.109335
8739.17188 0.109306
8740.66699 0.109277
8742.16211 0.109248
8743.65820 0.109218
8745.15430 0.109189
8746.65039 0.10916
8748.14648 0.10913
8749.64355 0.1091
8751.14062 0.10907
8752.63770 0.109033
8754.13574 0.108957
8755.63281 0.108882
8757.13086 0.108807
8758.62988 0.108731
8760.12793 0.108657
8761.62695 0.108597
8763.12598 0.10854
8764.62500 0.108488
8766.12500 0.108436
8767.62500 0.108383
8769.12500 0.10833
8770.62500 0.108271
8772.12598 0.108202
8773.62695 0.108113
8775.12793 0.10802
8776.62891 0.107927
8778.13086 0.107834
8779.63281 0.107741
8781.13477 0.107647
8782.63770 0.107559
8784.13965 0.1075
8785.64258 0.107442
8787.14648 0.107383
8788.64941 0.107324
8790.15332 0.107265
8791.65723 0.107206
8793.16113 0.107128
8794.66602 0.107032
8796.17090 0.106936
8797.67578 0.10684
8799.18066 0.106743
8800.68652 0.106637
8802.19238 0.106519
8803.69824 0.106391
8805.20410 0.106261
8806.71094 0.106131
8808.21777 0.106001
8809.72461 0.105871
8811.23145 0.105754
8812.73926 0.105644
8814.24707 0.105551
8815.75488 0.105459
8817.26367 0.105366
8818.77246 0.105273
8820.28125 0.105177
8821.79004 0.105069
8823.29980 0.104943
8824.80957 0.104805
8826.31934 0.104667
8827.82910 0.104528
8829.33984 0.10439
8830.85059 0.104266
8832.36133 0.104153
8833.87207 0.104068
8835.38379 0.103984
8836.89648 0.103899
8838.40723 0.103815
8839.91992 0.10373
8841.43164 0.103645
8842.94434 0.103547
8844.45801 0.103424
8845.97070 0.1033
8847.48438 0.103176
8848.99805 0.103052
8850.51172 0.102928
8852.02637 0.102804
8853.54102 0.102696
8855.05566 0.102594
8856.57129 0.102493
8858.08594 0.102391
8859.60156 0.102289
8861.11719 0.102187
8862.63379 0.102085
8864.15039 0.101985
8865.66699 0.101886
8867.18359 0.101786
8868.70020 0.101686
8870.21777 0.101588
8871.73535 0.101503
8873.25391 0.101406
8874.77148 0.101297
8876.29004 0.101189
8877.80859 0.10108
8879.32812 0.100972
8880.84668 0.100855
8882.36621 0.100731
8883.88574 0.100629
8885.40625 0.100529
8886.92676 0.100428
8888.44727 0.100327
8889.96777 0.100226
8891.48828 0.100125
8893.00977 0.10002
8894.53125 0.099909
8896.05371 0.099798
8897.57520 0.099687
8899.09766 0.099575
8900.62012 0.099464
8902.14355 0.099352
8903.66602 0.099239
8905.18945 0.099126
8906.71289 0.099013
8908.23730 0.098899
8909.76172 0.098785
8911.28613 0.098672
8912.81055 0.098556
8914.33496 0.098436
8915.86035 0.098315
8917.38574 0.098195
8918.91211 0.098074
8920.43848 0.097953
8921.96387 0.097832
8923.49023 0.097727
8925.01758 0.09763
8926.54395 0.097532
8928.07129 0.097434
8929.59863 0.097336
8931.12695 0.097238
8932.65527 0.097138
8934.18359 0.09703
8935.71191 0.096922
8937.24023 0.096813
8938.76953 0.096704
8940.29883 0.096598
8941.82910 0.096504
8943.35840 0.096409
8944.88867 0.096315
8946.41895 0.09622
8947.95020 0.096125
8949.48047 0.09603
8951.01172 0.095925
8952.54395 0.095815
8954.07520 0.09571
8955.60742 0.095604
8957.13965 0.095497
8958.67188 0.095391
8960.20508 0.095285
8961.73828 0.095178
8963.27148 0.095073
8964.80469 0.094968
8966.33887 0.094863
8967.87305 0.094758
8969.40723 0.094653
8970.94141 0.094548
8972.47656 0.094443
8974.01172 0.094355
8975.54688 0.094266
8977.08301 0.094178
8978.61816 0.094089
8980.15527 0.094
8981.69141 0.093911
8983.22754 0.093815
8984.76465 0.093713
8986.30176 0.093611
8987.83984 0.093509
8989.37793 0.093407
8990.91602 0.093304
8992.45410 0.093201
8993.99219 0.093103
8995.53125 0.093005
8997.07031 0.092906
8998.60938 0.092808
9000.14941 0.092709
9001.68945 0.092613
9003.22852 0.092517
9004.76953 0.092424
9006.31055 0.09233
9007.85156 0.092237
9009.39258 0.092143
9010.93359 0.092058
9012.47559 0.091978
9014.01758 0.091904
9015.55957 0.091829
9017.10254 0.091755
9018.64648 0.09168
9020.18848 0.091604
9021.73145 0.091515
9023.27539 0.091421
9024.81934 0.091321
9026.36328 0.091221
9027.90723 0.09112
9029.45215 0.09102
9030.99707 0.090925
9032.54199 0.090835
9034.08789 0.090761
9035.63281 0.090687
9037.17871 0.090613
9038.72559 0.090538
9040.27148 0.090464
9041.81836 0.09039
9043.36523 0.090314
9044.91309 0.090236
9046.45996 0.090158
9048.00781 0.09008
9049.55664 0.090002
9051.10352 0.089923
9052.65332 0.089845
9054.20215 0.089762
9055.75098 0.089679
9057.30078 0.089596
9058.85059 0.089513
9060.40039 0.08943
9061.95020 0.089347
9063.50098 0.08927
9065.05176 0.089197
9066.60254 0.089123
9068.15332 0.089049
9069.70508 0.088975
9071.25684 0.088901
9072.80859 0.088825
9074.36133 0.088744
9075.91406 0.088663
9077.46680 0.088582
9079.01953 0.088501
9080.57324 0.088425
9082.12695 0.088357
9083.68066 0.088289
9085.23535 0.08822
9086.78906 0.088151
9088.34375 0.088082
9089.89941 0.088013
9091.45410 0.087931
9093.00977 0.087854
9094.56543 0.087786
9096.12109 0.087717
9097.67773 0.087649
9099.23438 0.08758
9100.79102 0.087512
9102.34863 0.087443
9103.90527 0.087355
9105.46289 0.087266
9107.02148 0.087177
9108.57910 0.087087
9110.13770 0.086998
9111.69629 0.086908
9113.25586 0.086825
9114.81445 0.086749
9116.37402 0.086672
9117.93359 0.086596
9119.49414 0.086519
9121.05469 0.086442
9122.61523 0.086365
9124.17578 0.086282
9125.73633 0.0862
9127.29785 0.086117
9128.85938 0.086035
9130.42188 0.085952
9131.98340 0.085869
9133.54590 0.085787
9135.10938 0.085705
9136.67188 0.085623
