threeML/data/optical_filters/HST/WFC3_UVIS1-F606LP.ecsv
# %ECSV 0.9
# ---
# datatype:
# - {name: wavelength, unit: Angstrom, datatype: float32}
# - {name: response, datatype: float32}
# meta: !!omap
# - {band_name: F606LP}
# - {group_name: WFC3_UVIS1}
wavelength response
[from data line 2413]
7001.94922 0.240545
7003.14111 0.240899
7004.33301 0.241253
7005.52490 0.241607
7006.71680 0.24196
7007.91016 0.242313
7009.10303 0.242666
7010.29492 0.243024
7011.48779 0.243402
7012.68213 0.243703
7013.87500 0.24396
7015.06885 0.244217
7016.26318 0.244473
7017.45703 0.244729
7018.65088 0.244985
7019.84619 0.245241
7021.04102 0.245474
7022.23584 0.245662
7023.43115 0.245721
7024.62598 0.24578
7025.82178 0.245839
7027.01807 0.245898
7028.21289 0.245957
7029.41016 0.246016
7030.60596 0.246082
7031.80322 0.246156
7033.00000 0.246131
7034.19580 0.246094
7035.39404 0.246057
7036.59082 0.246019
7037.78906 0.245982
7038.98584 0.245944
7040.18506 0.245907
7041.38281 0.245869
7042.58105 0.245735
7043.77979 0.245515
7044.97900 0.245296
7046.17822 0.245077
7047.37695 0.244858
7048.57617 0.244639
7049.77588 0.24442
7050.97607 0.24418
7052.17578 0.24382
7053.37598 0.242976
7054.57715 0.242133
7055.77686 0.24129
7056.97803 0.240448
7058.17920 0.239607
7059.37988 0.238766
7060.58203 0.237939
7061.78418 0.237124
7062.98486 0.23507
7064.18799 0.232822
7065.39014 0.230577
7066.59180 0.228332
7067.79492 0.226088
7068.99805 0.223846
7070.20117 0.221602
7071.40381 0.21934
7072.60791 0.215995
7073.81201 0.211755
7075.01611 0.207518
7076.22021 0.203286
7077.42383 0.199057
7078.62793 0.194832
7079.83301 0.190608
7081.03809 0.186408
7082.24316 0.181908
7083.44922 0.176453
7084.65381 0.171003
7085.85986 0.165555
7087.06592 0.160114
7088.27197 0.154673
7089.47900 0.149238
7090.68506 0.143797
7091.89209 0.138353
7093.09912 0.133165
7094.30615 0.127997
7095.51416 0.122832
7096.72119 0.117672
7097.92920 0.112515
7099.13721 0.107364
7100.34619 0.102219
7101.55420 0.097088
7102.76318 0.092804
7103.97217 0.088948
7105.18115 0.085095
7106.39014 0.081246
7107.59912 0.077398
7108.80908 0.073552
7110.01904 0.069709
7111.22900 0.065869
7112.43896 0.06254
7113.64990 0.059992
7114.85986 0.057445
7116.07080 0.0549
7117.28320 0.052356
7118.49414 0.049815
7119.70605 0.047274
7120.91699 0.044732
7122.12891 0.042318
7123.34082 0.040709
7124.55420 0.039102
7125.76611 0.037496
7126.97900 0.035892
7128.19189 0.034289
7129.40479 0.032687
7130.61914 0.031088
7131.83203 0.029493
7133.04590 0.028408
7134.25977 0.027386
7135.47412 0.026366
7136.68799 0.025346
7137.90283 0.024326
7139.11816 0.023307
7140.33301 0.022289
7141.54785 0.021269
7142.76416 0.020471
7143.97900 0.019789
7145.19482 0.019107
7146.41211 0.018426
7147.62793 0.017746
7148.84424 0.017067
7150.06104 0.016388
7151.27783 0.015711
7152.49512 0.015119
7153.71191 0.014638
7154.93018 0.014158
7156.14697 0.013677
7157.36621 0.013197
7158.58398 0.012718
7159.80176 0.012238
7161.02100 0.011759
7162.23877 0.011305
7163.45801 0.010944
7164.67822 0.010584
7165.89697 0.010224
7167.11719 0.009864
7168.33594 0.009505
7169.55713 0.009146
7170.77686 0.008788
7171.99707 0.008432
7173.21777 0.008155
7174.43799 0.007879
7175.66016 0.007603
7176.88086 0.007327
7178.10303 0.007051
7179.32422 0.006776
7180.54590 0.0065
7181.76807 0.006225
7182.99023 0.006001
7184.21289 0.005787
7185.43604 0.005573
7186.65918 0.005359
7187.88184 0.005146
7189.10498 0.004932
7190.32910 0.004719
7191.55176 0.004506
7192.77588 0.004325
7194.00000 0.004163
7195.22510 0.004001
7196.45020 0.003839
7197.67383 0.003677
7198.89893 0.003515
7200.12500 0.003354
7201.35010 0.003193
7202.57617 0.003054
7203.80176 0.002937
7205.02783 0.002821
7206.25391 0.002705
7207.47998 0.002589
7208.70703 0.002473
7209.93408 0.002357
7211.16113 0.002241
7212.38818 0.002137
7213.61621 0.002056
7214.84424 0.001976
7216.07178 0.001896
7217.29980 0.001816
7218.52783 0.001736
7219.75684 0.001656
7220.98486 0.001576
7222.21387 0.001501
7223.44287 0.001447
7224.67285 0.001392
7225.90186 0.001338
7227.13184 0.001284
7228.36182 0.00123
7229.59277 0.001176
7230.82324 0.001122
7232.05420 0.001069
7233.28516 0.001032
7234.51611 0.000995
7235.74707 0.000958
7236.97900 0.000921
7238.20996 0.000885
7239.44189 0.000848
7240.67383 0.000811
7241.90723 0.000775
7243.13916 0.000749
7244.37207 0.000724
7245.60498 0.000699
7246.83789 0.000674
7248.07080 0.000649
7249.30518 0.000624
7250.53906 0.000599
7251.77295 0.000574
7253.00684 0.000556
7254.24121 0.00054
7255.47607 0.000524
7256.71094 0.000508
7257.94580 0.000492
7259.18115 0.000476
7260.41699 0.00046
7261.65186 0.000444
7262.88818 0.00043
7264.12500 0.000418
7265.36084 0.000406
7991.89697 0.0
