threeML/data/optical_filters/HST/WFC3_UVIS2-FQ243N.ecsv
# %ECSV 0.9
# ---
# datatype:
# - {name: wavelength, unit: Angstrom, datatype: float32}
# - {name: response, datatype: float32}
# meta: !!omap
# - {band_name: FQ243N}
# - {group_name: WFC3_UVIS2}
wavelength response
2148.57739 0.0
2387.30811 0.000434
2387.71704 0.000462
2388.12500 0.000496
2388.53394 0.000553
2388.94189 0.000611
2389.35107 0.000642
2389.76001 0.000723
2390.16895 0.000779
2390.57788 0.000856
2390.98706 0.000959
2391.39600 0.001044
2391.80493 0.001166
2392.21411 0.001288
2392.62402 0.001404
2393.03296 0.001586
2393.44189 0.001744
2393.85205 0.001956
2394.26099 0.002191
2394.67090 0.002416
2395.08105 0.002735
2395.48999 0.00307
2395.89990 0.003431
2396.31006 0.003923
2396.71997 0.004363
2397.12988 0.004862
2397.54004 0.005547
2397.94995 0.006233
2398.36108 0.007175
2398.77100 0.008105
2399.18091 0.009037
2399.59204 0.010462
2400.00195 0.011768
2400.41309 0.013427
2400.82397 0.015022
2401.23389 0.016658
2401.64502 0.018712
2402.05591 0.020852
2402.46704 0.023049
2402.87793 0.025613
2403.28906 0.027824
2403.69995 0.030286
2404.11206 0.032826
2404.52295 0.03493
2404.93408 0.037272
2405.34595 0.038855
2405.75708 0.04038
2406.16895 0.041866
2406.58105 0.043009
2406.99194 0.044102
2407.40405 0.044752
2407.81592 0.045257
2408.22803 0.045713
2408.63989 0.045936
2409.05200 0.046033
2409.46411 0.046174
2409.87598 0.046108
2410.28906 0.046167
2410.70093 0.046147
2411.11401 0.046144
2411.52588 0.046287
2411.93896 0.046278
2412.35107 0.04631
2412.76392 0.046503
2413.17700 0.046734
2413.59009 0.046986
2414.00293 0.047141
2414.41602 0.047409
2414.82910 0.047686
2415.24194 0.048004
2415.65503 0.048389
2416.06812 0.048694
2416.48193 0.048972
2416.89502 0.049311
2417.30908 0.049704
2417.72192 0.049842
2418.13599 0.050176
2418.55005 0.050348
2418.96289 0.050471
2419.37695 0.050646
2419.79102 0.050786
2420.20508 0.050744
2420.61890 0.050775
2421.03296 0.050647
2421.44800 0.050596
2421.86206 0.050521
2422.27588 0.05031
2422.69092 0.050256
2423.10498 0.05004
2423.52002 0.049794
2423.93408 0.049578
2424.34912 0.049351
2424.76392 0.049153
2425.17896 0.049045
2425.59399 0.048875
2426.00903 0.048736
2426.42407 0.048711
2426.83911 0.04862
2427.25391 0.048685
2427.66895 0.048667
2428.08398 0.048835
2428.50000 0.048963
2428.91602 0.049129
2429.33105 0.049176
2429.74707 0.049408
2430.16211 0.049555
2430.57788 0.049597
2430.99390 0.049763
2431.40991 0.049732
2431.82593 0.049598
2432.24194 0.049305
2432.65796 0.048757
2433.07397 0.047987
2433.48999 0.047072
2433.90698 0.045913
2434.32300 0.044071
2434.73999 0.042362
2435.15601 0.039884
2435.57300 0.037907
2435.98999 0.035577
2436.40601 0.032701
2436.82300 0.030221
2437.23999 0.027504
2437.65698 0.025023
2438.07397 0.022821
2438.49097 0.020187
2438.90796 0.018146
2439.32593 0.016149
2439.74292 0.014198
2440.15991 0.012794
2440.57788 0.011218
2440.99609 0.009974
2441.41309 0.008829
2441.83105 0.007799
2442.24902 0.007043
2442.66699 0.006244
2443.08398 0.005502
2443.50195 0.004905
2443.91992 0.004328
2444.33789 0.003937
2444.75708 0.003523
2445.17505 0.003141
2445.59302 0.002855
2446.01196 0.002523
2446.42993 0.0023
2446.84912 0.002095
2447.26709 0.001888
2447.68604 0.001712
2448.10498 0.001543
2448.52393 0.001416
2448.94312 0.001278
2449.36206 0.001162
2449.78101 0.001064
2450.19995 0.000979
2450.61890 0.000894
2451.03809 0.000832
2451.45801 0.000765
2451.87695 0.000709
2452.29590 0.000641
2452.71606 0.000593
2453.13599 0.000561
2453.55493 0.000506
2453.97510 0.000475
2454.39502 0.00044
2454.81494 0.000411
2700.29639 0.0
