threeML/data/optical_filters/HST/WFC3_UVIS2-F390W.ecsv
# %ECSV 0.9
# ---
# datatype:
# - {name: wavelength, unit: Angstrom, datatype: float32}
# - {name: response, datatype: float32}
# meta: !!omap
# - {band_name: F390W}
# - {group_name: WFC3_UVIS2}
wavelength response
[from data line 1610]
4229.58984 0.245498
4230.31299 0.245561
4231.03711 0.245611
4231.76123 0.245627
4232.48486 0.245634
4233.20801 0.24564
4233.93311 0.245647
4234.65723 0.245653
4235.38086 0.24566
4236.10596 0.245666
4236.83105 0.245673
4237.55518 0.245679
4238.27979 0.245686
4239.00488 0.245692
4239.72998 0.245698
4240.45605 0.245705
4241.18115 0.245711
4241.90723 0.245695
4242.63184 0.245679
4243.35791 0.245662
4244.08398 0.245646
4244.81006 0.245629
4245.53613 0.245612
4246.26221 0.245596
4246.98877 0.245579
4247.71484 0.245563
4248.44189 0.245546
4249.16797 0.24553
4249.89600 0.245513
4250.62207 0.245509
4251.35010 0.245501
4252.07715 0.245468
4252.80420 0.245435
4253.53223 0.245402
4254.25879 0.245369
4254.98682 0.245336
4255.71484 0.245303
4256.44287 0.24527
4257.17090 0.245236
4257.89893 0.245203
4258.62695 0.24517
4259.35596 0.245137
4260.08398 0.245102
4260.81299 0.245053
4261.54199 0.244989
4262.27100 0.244907
4263.00000 0.244825
4263.72900 0.244743
4264.45898 0.244662
4265.18799 0.24458
4265.91797 0.244498
4266.64697 0.244416
4267.37695 0.244334
4268.10693 0.244252
4268.83691 0.24417
4269.56787 0.244088
4270.29785 0.244005
4271.02881 0.243923
4271.75879 0.243822
4272.49023 0.243716
4273.22119 0.243609
4273.95215 0.243502
4274.68311 0.243395
4275.41406 0.243288
4276.14600 0.243181
4276.87695 0.243075
4277.60889 0.242968
4278.33984 0.242861
4279.07178 0.242754
4279.80420 0.242646
4280.53711 0.242539
4281.26904 0.242431
4282.00098 0.242312
4282.73291 0.242194
4283.46582 0.242075
4284.19922 0.241956
4284.93213 0.241838
4285.66504 0.241719
4286.39795 0.2416
4287.13086 0.241481
4287.86377 0.241362
4288.59814 0.241243
4289.33203 0.241124
4290.06494 0.241007
4290.79883 0.240903
4291.53320 0.240803
4292.26709 0.24071
4293.00098 0.240617
4293.73584 0.240523
4294.47021 0.24043
4295.20508 0.240336
4295.93994 0.240243
4296.67480 0.240149
4297.41016 0.240055
4298.14502 0.239962
4298.87988 0.239868
4299.61523 0.239774
4300.35107 0.239673
4301.08594 0.239564
4301.82178 0.239414
4302.55811 0.239255
4303.29395 0.239097
4304.02979 0.238938
4304.76709 0.23878
4305.50293 0.238621
4306.23877 0.238462
4306.97607 0.238304
4307.71289 0.238145
4308.45020 0.237986
4309.18701 0.237827
4309.92383 0.237668
4310.66113 0.237509
4311.39795 0.237358
4312.13623 0.237229
4312.87402 0.237101
4313.61084 0.236972
4314.34912 0.236844
4315.08691 0.236715
4315.82617 0.236586
4316.56396 0.236458
4317.30176 0.236329
4318.04102 0.2362
4318.77881 0.236071
4319.51807 0.235943
4320.25684 0.235814
4320.99609 0.235685
4321.73486 0.235583
4322.47510 0.235493
4323.21387 0.235403
4323.95410 0.235313
4324.69287 0.235223
4325.43311 0.235132
4326.17285 0.235042
4326.91309 0.234952
4327.65283 0.234861
4328.39404 0.234771
4329.13379 0.234681
4329.87500 0.23459
4330.61523 0.234512
4331.35596 0.234456
4332.09717 0.234486
4332.83789 0.234516
4333.57910 0.234545
4334.31982 0.234575
4335.06201 0.234605
4335.80322 0.234635
4336.54492 0.234665
4337.28711 0.234695
4338.02881 0.234725
4338.77100 0.234754
4339.51318 0.234784
4340.25488 0.234809
4340.99805 0.234824
4341.74023 0.234963
4342.48291 0.235156
4343.22607 0.23535
4343.96924 0.235543
4344.71191 0.235736
4345.45508 0.235929
4346.19922 0.236122
4346.94189 0.236315
4347.68604 0.236509
4348.42920 0.236702
4349.17285 0.236896
4349.91699 0.237089
4350.66113 0.237283
4351.40479 0.237505
4352.14990 0.237818
4352.89502 0.23813
4353.63916 0.238443
4354.38379 0.238756
4355.12793 0.239068
4355.87402 0.239381
4356.61914 0.239694
4357.36377 0.240007
4358.10889 0.240321
4358.85498 0.240634
4359.60107 0.240947
4360.34619 0.241261
4361.09180 0.241574
4361.83789 0.241722
4362.58398 0.241835
4363.33105 0.241947
4364.07715 0.24206
4364.82324 0.242172
4365.56982 0.242285
4366.31689 0.242397
4367.06396 0.24251
4367.81104 0.242623
4368.55811 0.242735
4369.30518 0.242848
4370.05322 0.242962
4370.79980 0.24309
4371.54785 0.242795
4372.29590 0.241935
4373.04297 0.241075
4373.79199 0.240214
4374.54004 0.239352
4375.28809 0.23849
4376.03711 0.237628
4376.78516 0.236765
4377.53418 0.235902
4378.28320 0.235039
4379.03223 0.234175
4379.78076 0.233311
4380.52979 0.232436
4381.27881 0.231437
4382.02881 0.22872
4382.77783 0.226004
4383.52783 0.223285
4384.27783 0.220568
4385.02783 0.217848
4385.77783 0.215126
4386.52783 0.212406
4387.27881 0.209683
4388.02881 0.20696
4388.77979 0.204237
4389.53076 0.201511
4390.28223 0.198785
4391.03320 0.196059
4391.78418 0.192253
4392.53516 0.188051
4393.28613 0.183851
4394.03809 0.179645
4394.79004 0.17544
4395.54199 0.171233
4396.29297 0.167028
4397.04492 0.162816
4397.79688 0.158607
4398.54980 0.154394
4399.30176 0.150181
4400.05518 0.145967
4400.80713 0.141752
4401.56006 0.137593
4402.31299 0.133509
4403.06592 0.129423
4403.81885 0.125338
4404.57324 0.121251
4405.32617 0.117163
4406.08008 0.113074
4406.83301 0.108981
4407.58691 0.104889
4408.34082 0.100795
4409.09521 0.096701
4409.85010 0.092604
4410.60400 0.088506
4411.35791 0.084594
4412.11279 0.081668
4412.86816 0.078743
4413.62305 0.075816
4414.37695 0.072888
4415.13281 0.069958
4415.88818 0.067028
4416.64404 0.064097
4417.39893 0.061166
4418.15479 0.058232
4418.91113 0.055298
4419.66699 0.052364
4420.42188 0.049431
4421.17920 0.046496
4421.93506 0.044701
4422.69092 0.043008
4423.44824 0.041315
4424.20508 0.03962
4424.96094 0.037925
4425.71777 0.036229
4426.47510 0.034532
4427.23193 0.032835
4427.99023 0.031136
4428.74707 0.029437
4429.50488 0.027737
4430.26318 0.026036
4431.02100 0.024334
4431.77783 0.023228
4432.53711 0.022372
4433.29492 0.021516
4434.05322 0.02066
4434.81201 0.019803
4435.56982 0.018946
4436.32910 0.018089
4437.08789 0.017231
4437.84717 0.016373
4438.60596 0.015515
4439.36523 0.014656
4440.12500 0.013797
4440.88379 0.012938
4441.64404 0.012306
4442.40381 0.01188
4443.16406 0.011455
4443.92383 0.01103
4444.68408 0.010604
4445.44385 0.010178
4446.20508 0.009752
4446.96484 0.009326
4447.72607 0.0089
4448.48682 0.008473
4449.24805 0.008047
4450.00879 0.00762
4450.77002 0.007193
4451.53076 0.006841
4452.29297 0.006615
4453.05518 0.006389
4453.81592 0.006163
4454.57812 0.005938
4455.33984 0.005711
4456.10303 0.005485
4456.86523 0.005259
4457.62695 0.005033
4458.39014 0.004806
4459.15186 0.00458
4459.91504 0.004353
4460.67822 0.004127
4461.44092 0.003926
4462.20410 0.003802
4462.96680 0.003677
4463.73096 0.003553
4464.49512 0.003428
4465.25781 0.003304
4466.02197 0.00318
4466.78613 0.003055
4467.54980 0.00293
4468.31396 0.002806
4469.07910 0.002681
4469.84277 0.002556
4470.60791 0.002431
4471.37305 0.002314
4472.13818 0.002245
4472.90186 0.002176
4473.66699 0.002107
4474.43311 0.002037
4475.19824 0.001968
4475.96387 0.001898
4476.72900 0.001829
4477.49512 0.001759
4478.26123 0.00169
4479.02686 0.00162
4479.79297 0.001551
4480.56006 0.001481
4481.32617 0.001414
4482.09277 0.001375
4482.85889 0.001335
4483.62598 0.001296
4484.39404 0.001256
4485.16113 0.001217
4485.92822 0.001177
4486.69482 0.001138
4487.46191 0.001098
4488.22998 0.001059
4488.99805 0.001019
4489.76611 0.000979
4490.53418 0.00094
4491.30176 0.000901
4492.06982 0.000878
4492.83887 0.000854
4493.60693 0.00083
4494.37598 0.000807
4495.14502 0.000783
4495.91406 0.00076
4496.68311 0.000736
4497.45215 0.000712
4498.22217 0.000689
4498.99121 0.000665
4499.76123 0.000641
4500.52979 0.000618
4501.29980 0.000594
4502.06982 0.000578
4502.83984 0.000562
4503.60986 0.000546
4504.38086 0.00053
4505.15088 0.000514
4505.92188 0.000498
4506.69287 0.000482
4507.46387 0.000465
4508.23486 0.000449
4509.00586 0.000433
4509.77686 0.000417
4510.54883 0.000401
4961.60352 0.0
