threeML/data/optical_filters/HST/WFC3_UVIS2-F475X.ecsv
# %ECSV 0.9
# ---
# datatype:
# - {name: wavelength, unit: Angstrom, datatype: float32}
# - {name: response, datatype: float32}
# meta: !!omap
# - {band_name: F475X}
# - {group_name: WFC3_UVIS2}
wavelength response
[from data line 1610]
4864.02686 0.27232
4864.85889 0.272288
4865.69092 0.272257
4866.52393 0.272226
4867.35693 0.272194
4868.18896 0.272163
4869.02197 0.272131
4869.85498 0.2721
4870.68799 0.272068
4871.52197 0.272026
4872.35498 0.271934
4873.18896 0.271843
4874.02295 0.271752
4874.85693 0.27166
4875.69092 0.271569
4876.52490 0.271478
4877.35889 0.271386
4878.19385 0.271295
4879.02783 0.271204
4879.86279 0.271112
4880.69824 0.271021
4881.53320 0.270942
4882.36914 0.270913
4883.20410 0.270884
4884.04004 0.270855
4884.87500 0.270826
4885.71094 0.270796
4886.54688 0.270767
4887.38281 0.270738
4888.21924 0.270709
4889.05518 0.27068
4889.89209 0.270651
4890.72900 0.270638
4891.56494 0.270621
4892.40186 0.270579
4893.23877 0.270537
4894.07617 0.270496
4894.91406 0.270454
4895.75098 0.270412
4896.58887 0.270371
4897.42676 0.270329
4898.26514 0.270287
4899.10303 0.270245
4899.94092 0.270203
4900.77881 0.270144
4901.61816 0.270094
4902.45703 0.270072
4903.29492 0.27005
4904.13379 0.270027
4904.97314 0.270005
4905.81299 0.269983
4906.65186 0.269961
4907.49121 0.269938
4908.33105 0.269916
4909.16992 0.269894
4910.01123 0.269871
4910.85107 0.269849
4911.69092 0.269829
4912.53076 0.269815
4913.37207 0.2698
4914.21191 0.269785
4915.05322 0.269769
4915.89404 0.269755
4916.73486 0.26974
4917.57715 0.269724
4918.41797 0.269709
4919.25879 0.269695
4920.10107 0.26968
4920.94287 0.269664
4921.78516 0.269638
4922.62695 0.2696
4923.46924 0.269562
4924.31201 0.269524
4925.15381 0.269485
4925.99707 0.269447
4926.83887 0.269409
4927.68213 0.269371
4928.52490 0.269332
4929.36914 0.269294
4930.21191 0.269256
4931.05615 0.269218
4931.89893 0.269202
4932.74316 0.269201
4933.58691 0.269199
4934.43115 0.269197
4935.27490 0.269196
4936.12012 0.269194
4936.96387 0.269192
4937.80908 0.269191
4938.65381 0.269189
4939.49902 0.269188
4940.34424 0.269186
4941.18896 0.269184
4942.03516 0.269173
4942.87988 0.269159
4943.72607 0.269145
4944.57178 0.26913
4945.41797 0.269116
4946.26416 0.269102
4947.10986 0.269088
4947.95703 0.269074
4948.80322 0.26906
4949.64990 0.269045
4950.49707 0.269031
4951.34424 0.269017
4952.19092 0.269052
4953.03809 0.269089
4953.88623 0.269126
4954.73291 0.269164
4955.58105 0.269201
4956.42920 0.269238
4957.27686 0.269275
4958.12500 0.269313
4958.97314 0.26935
4959.82178 0.269387
4960.66992 0.269424
4961.51904 0.269455
4962.36816 0.269452
4963.21680 0.269448
4964.06592 0.269445
4964.91602 0.269441
4965.76514 0.269438
4966.61523 0.269434
4967.46387 0.269431
4968.31396 0.269427
4969.16504 0.269423
4970.01514 0.26942
4970.86523 0.269417
4971.71484 0.269424
4972.56592 0.26945
4973.41699 0.269476
4974.26807 0.269502
4975.11914 0.269528
4975.97021 0.269554
4976.82080 0.26958
4977.67285 0.269606
4978.52393 0.269632
4979.37598 0.269658
4980.22803 0.269684
4981.08105 0.26971
4981.93311 0.269749
4982.78516 0.269797
4983.63818 0.269844
4984.49023 0.269891
4985.34277 0.269939
4986.19580 0.269986
4987.04883 0.270033
4987.90186 0.270081
4988.75586 0.270128
4989.60889 0.270176
4990.46289 0.270234
4991.31689 0.270301
4992.17090 0.270355
4993.02490 0.270407
4993.87891 0.27046
4994.73291 0.270512
4995.58789 0.270565
4996.44287 0.270618
4997.29785 0.27067
4998.15283 0.270723
4999.00781 0.270776
4999.86279 0.270828
5000.71924 0.270858
5001.57422 0.270895
5002.43018 0.270975
5003.28613 0.271056
5004.14209 0.271136
5004.99805 0.271217
5005.85400 0.271298
5006.71094 0.271378
5007.56689 0.271459
5008.42383 0.27154
5009.28076 0.27162
5010.13818 0.271701
5010.99609 0.271782
5011.85303 0.271844
5012.70996 0.271888
5013.56787 0.271933
5014.42578 0.271978
5015.28418 0.272023
5016.14209 0.272068
5017.00000 0.272112
5017.85791 0.272157
5018.71680 0.272202
5019.57617 0.272247
5020.43506 0.272292
5021.29297 0.272337
5022.15186 0.272407
5023.01221 0.272481
5023.87109 0.272554
5024.73096 0.272628
5025.58984 0.272702
5026.45020 0.272776
5027.31104 0.272849
5028.16992 0.272923
5029.03076 0.272997
5029.89111 0.273071
5030.75195 0.27314
5031.61279 0.273203
5032.47412 0.273251
5033.33398 0.273299
5034.19580 0.273347
5035.05713 0.273395
5035.91797 0.273443
5036.77979 0.273491
5037.64209 0.273539
5038.50391 0.273587
5039.36621 0.273635
5040.22803 0.273683
5041.08984 0.273731
5041.95312 0.273784
5042.81494 0.273841
5043.67822 0.273897
5044.54102 0.273953
5045.40381 0.274009
5046.26807 0.274065
5047.13086 0.274122
5047.99512 0.274178
5048.85791 0.274234
5049.72217 0.27429
5050.58594 0.274346
5051.45020 0.274404
5052.31396 0.274486
5053.17920 0.274568
5054.04297 0.27465
5054.90820 0.274732
5055.77295 0.274814
5056.63818 0.274896
5057.50293 0.274978
5058.36914 0.27506
5059.23389 0.275142
5060.10010 0.275224
5060.96484 0.275307
5061.83105 0.275362
5062.69678 0.275388
5063.56299 0.275415
5064.43018 0.275441
5065.29590 0.275467
5066.16309 0.275494
5067.02979 0.27552
5067.89600 0.275547
5068.76416 0.275573
5069.63086 0.275599
5070.49902 0.275626
5071.36621 0.275652
5072.23291 0.27573
5073.10205 0.275811
5073.96924 0.275892
5074.83691 0.275973
5075.70605 0.276054
5076.57422 0.276135
5077.44287 0.276216
5078.31201 0.276297
5079.18115 0.276378
5080.04883 0.276459
5080.91797 0.27654
5081.78809 0.276611
5082.65723 0.276668
5083.52686 0.276726
5084.39697 0.276783
5085.26709 0.27684
5086.13721 0.276898
5087.00684 0.276955
5087.87695 0.277012
5088.74805 0.27707
5089.61914 0.277127
5090.48877 0.277184
5091.35986 0.277242
5092.23096 0.277295
5093.10303 0.277348
5093.97412 0.277401
5094.84619 0.277453
5095.71680 0.277506
5096.58887 0.277559
5097.46094 0.277612
5098.33301 0.277665
5099.20605 0.277718
5100.07812 0.277771
5100.95117 0.277824
5101.82324 0.277873
5102.69580 0.277917
5103.56885 0.277962
5104.44189 0.278006
5105.31592 0.278051
5106.18896 0.278095
5107.06299 0.27814
5107.93701 0.278184
5108.81104 0.278229
5109.68506 0.278274
5110.55908 0.278318
5111.43408 0.278362
5112.30811 0.27839
5113.18311 0.278417
5114.05811 0.278445
5114.93311 0.278472
5115.80811 0.2785
5116.68311 0.278527
5117.55811 0.278555
5118.43408 0.278582
5119.31006 0.27861
5120.18604 0.278637
5121.06201 0.278664
5121.93799 0.278706
5122.81396 0.278759
5123.68994 0.278811
5124.56689 0.278863
5125.44385 0.278915
5126.32080 0.278967
5127.19824 0.27902
5128.07520 0.279072
5128.95312 0.279124
5129.83008 0.279176
5130.70801 0.279245
5131.58496 0.279308
5132.46387 0.279322
5133.34180 0.279336
5134.22021 0.279349
5135.09912 0.279363
5135.97705 0.279377
5136.85596 0.279391
5137.73486 0.279405
5138.61377 0.279419
5139.49316 0.279433
5140.37207 0.279438
5141.25195 0.279431
5142.13086 0.27945
5143.01123 0.279475
5143.89111 0.2795
5144.77100 0.279526
5145.65088 0.279551
5146.53223 0.279576
5147.41309 0.279602
5148.29297 0.279627
5149.17383 0.279652
5150.05518 0.279678
5150.93604 0.279703
5151.81689 0.279705
5152.69922 0.279675
5153.58105 0.279646
5154.46191 0.279616
5155.34424 0.279587
5156.22607 0.279557
5157.10791 0.279528
5157.99121 0.279498
5158.87305 0.279469
5159.75586 0.27944
5160.63916 0.27941
5161.52100 0.279385
5162.40479 0.279397
5163.28809 0.27941
5164.17090 0.279422
5165.05518 0.279435
5165.93799 0.279448
5166.82324 0.27946
5167.70703 0.279473
5168.59082 0.279485
5169.47510 0.279498
5170.35889 0.27951
5171.24414 0.279523
5172.12891 0.27951
5173.01416 0.279491
5173.89893 0.279471
5174.78418 0.279452
5175.66895 0.279433
5176.55518 0.279413
5177.44092 0.279394
5178.32715 0.279375
5179.21191 0.279355
5180.09912 0.279336
5180.98486 0.279316
5181.87207 0.279278
5182.75781 0.27922
5183.64502 0.279162
5184.53223 0.279103
5185.41797 0.279045
5186.30615 0.278987
5187.19287 0.278928
5188.08105 0.27887
5188.96777 0.278812
5189.85596 0.278753
5190.74414 0.278695
5191.63184 0.278651
5192.52100 0.278664
5193.40918 0.278676
5194.29688 0.278689
5195.18604 0.278701
5196.07520 0.278713
5196.96387 0.278726
5197.85303 0.278738
5198.74316 0.27875
5199.63184 0.278763
5200.52100 0.278775
5201.41211 0.278787
5202.30078 0.278706
5203.19092 0.278621
5204.08203 0.278536
5204.97217 0.278451
5205.86279 0.278366
5206.75293 0.278281
5207.64404 0.278196
5208.53516 0.27811
5209.42578 0.278025
5210.31787 0.27794
5211.20898 0.277855
5212.10107 0.277779
5212.99316 0.277707
5213.88379 0.277634
5214.77588 0.277562
5215.66797 0.27749
5216.56104 0.277417
5217.45410 0.277345
5218.34619 0.277272
5219.23877 0.2772
5220.13184 0.277128
5221.02490 0.277055
5221.91797 0.276998
5222.81201 0.276955
5223.70605 0.276912
5224.59912 0.276869
5225.49316 0.276826
5226.38721 0.276783
5227.28076 0.27674
5228.17578 0.276697
5229.06982 0.276654
5229.96484 0.276611
5230.85986 0.276569
5231.75488 0.276521
5232.64990 0.276459
5233.54492 0.276397
5234.43994 0.276336
5235.33594 0.276274
5236.23193 0.276213
5237.12793 0.276151
5238.02393 0.276089
5238.91992 0.276027
5239.81592 0.275966
5240.71289 0.275904
5241.60889 0.275843
5242.50586 0.275785
5243.40283 0.275727
5244.29980 0.275668
5245.19824 0.27561
5246.09521 0.275552
5246.99316 0.275493
5247.89111 0.275435
5248.78906 0.275377
5249.68701 0.275318
5250.58398 0.27526
5251.48291 0.275201
5252.38086 0.275104
5253.27979 0.275008
5254.17920 0.274912
5255.07812 0.274815
5255.97705 0.274719
5256.87598 0.274622
5257.77588 0.274526
5258.67480 0.27443
5259.57520 0.274333
5260.47510 0.274237
5261.37500 0.27414
5262.27490 0.274079
5263.17480 0.274021
5264.07617 0.273963
5264.97705 0.273905
5265.87695 0.273847
5266.77783 0.27379
5267.68018 0.273732
5268.58105 0.273674
5269.48193 0.273616
5270.38379 0.273558
5271.28613 0.2735
5272.18701 0.273418
5273.08887 0.273329
5273.99219 0.273241
5274.89404 0.273152
5275.79590 0.273064
5276.69922 0.272975
5277.60205 0.272886
5278.50488 0.272798
5279.40820 0.272709
5280.31201 0.272621
5281.21484 0.272532
5282.11816 0.272458
5283.02197 0.27239
5283.92578 0.272322
5284.83008 0.272254
5285.73389 0.272186
5286.63916 0.272118
5287.54297 0.272049
5288.44824 0.271981
5289.35303 0.271913
5290.25781 0.271845
5291.16309 0.271777
5292.06787 0.271697
5292.97412 0.271611
5293.87891 0.271526
5294.78516 0.27144
5295.69092 0.271355
5296.59717 0.271269
5297.50293 0.271183
5298.40918 0.271097
5299.31592 0.271012
5300.22314 0.270926
5301.12891 0.27084
5302.03711 0.270759
5302.94287 0.270681
5303.85107 0.270603
5304.75781 0.270525
5305.66602 0.270446
5306.57422 0.270368
5307.48096 0.27029
5308.39014 0.270211
5309.29785 0.270133
5310.20703 0.270055
5311.11523 0.269976
5312.02295 0.269904
5312.93311 0.269835
5313.84082 0.269766
5314.75000 0.269697
5315.66016 0.269628
5316.56885 0.269559
5317.47900 0.26949
5318.38916 0.269421
5319.29883 0.269352
5320.20898 0.269283
5321.11914 0.269214
5322.02979 0.269127
5322.93994 0.269027
5323.85107 0.268926
5324.76221 0.268826
5325.67285 0.268726
5326.58398 0.268626
5327.49512 0.268526
5328.40723 0.268426
5329.31787 0.268326
5330.22998 0.268226
5331.14209 0.268126
5332.05420 0.268054
5332.96680 0.267999
5333.87891 0.267943
5334.79199 0.267888
5335.70508 0.267833
5336.61719 0.267778
5337.52979 0.267723
5338.44385 0.267668
5339.35693 0.267613
5340.27100 0.267558
5341.18408 0.267503
5342.09814 0.267429
5343.01221 0.267346
5343.92578 0.267263
5344.84082 0.267179
5345.75488 0.267096
5346.66992 0.267013
5347.58398 0.26693
5348.50000 0.266847
5349.41504 0.266763
5350.33008 0.26668
5351.24512 0.266597
5352.16113 0.266529
5353.07715 0.266468
5353.99219 0.266406
5354.90918 0.266344
5355.82520 0.266282
5356.74121 0.266221
5357.65820 0.266159
5358.57422 0.266097
5359.49121 0.266035
5360.40820 0.265974
5361.32520 0.265912
5362.24219 0.265849
5363.16016 0.265787
5364.07812 0.265724
5364.99512 0.265661
5365.91309 0.265599
5366.83105 0.265536
5367.75000 0.265473
5368.66797 0.265411
5369.58594 0.265348
5370.50488 0.265285
5371.42383 0.265222
5372.34277 0.265126
5373.26221 0.265026
5374.18213 0.264926
5375.10107 0.264826
5376.02100 0.264727
5376.93994 0.264627
5377.85986 0.264527
5378.78076 0.264427
5379.70117 0.264327
5380.62109 0.264228
5381.54199 0.264131
5382.46191 0.264085
5383.38379 0.264039
5384.30518 0.263993
5385.22607 0.263946
5386.14697 0.2639
5387.06885 0.263854
5387.99023 0.263808
5388.91211 0.263762
5389.83398 0.263716
5390.75586 0.26367
5391.67920 0.263617
5392.60107 0.263538
5393.52393 0.263458
5394.44678 0.263379
5395.37012 0.263299
5396.29297 0.26322
5397.21582 0.26314
5398.14014 0.26306
5399.06299 0.262981
5399.98682 0.262901
5400.91113 0.262822
5401.83496 0.26275
5402.75879 0.262693
5403.68408 0.262636
5404.60791 0.262578
5405.53320 0.262521
5406.45801 0.262464
5407.38281 0.262407
5408.30811 0.26235
5409.23291 0.262292
5410.15918 0.262235
5411.08398 0.262178
5412.00977 0.26212
5412.93604 0.262061
5413.86182 0.262003
5414.78906 0.261944
5415.71484 0.261885
5416.64209 0.261827
5417.56787 0.261768
5418.49512 0.261709
5419.42188 0.261651
5420.35010 0.261592
5421.27686 0.261533
5422.20508 0.261442
5423.13184 0.26134
5424.06006 0.261239
5424.98779 0.261137
5425.91602 0.261036
5426.84521 0.260934
5427.77295 0.260833
5428.70215 0.260731
5429.62988 0.260629
5430.56006 0.260527
5431.48877 0.260425
5432.41797 0.260374
5433.34717 0.260324
5434.27686 0.260274
5435.20703 0.260224
5436.13721 0.260174
5437.06689 0.260124
5437.99707 0.260074
5438.92676 0.260024
5439.85791 0.259974
5440.78906 0.259924
5441.72021 0.259865
5442.65088 0.259774
5443.58203 0.259682
5444.51318 0.259591
5445.44482 0.259499
5446.37598 0.259408
5447.30811 0.259317
5448.24023 0.259225
5449.17188 0.259134
5450.10498 0.259042
5451.03711 0.25895
5451.97021 0.258871
5452.90283 0.258804
5453.83594 0.258737
5454.76904 0.25867
5455.70215 0.258603
5456.63623 0.258536
5457.56885 0.258469
5458.50293 0.258402
5459.43701 0.258335
5460.37109 0.258268
5461.30518 0.258201
5462.24023 0.258129
5463.17383 0.258057
5464.10889 0.257984
5465.04395 0.257911
5465.97900 0.257838
5466.91406 0.257766
5467.84912 0.257693
5468.78516 0.25762
5469.72119 0.257547
5470.65576 0.257474
5471.59180 0.2574
5472.52783 0.257307
5473.46484 0.257214
5474.40088 0.257121
5475.33789 0.257028
5476.27490 0.256934
5477.21191 0.256841
5478.14893 0.256748
5479.08594 0.256655
5480.02295 0.256562
5480.96094 0.256469
5481.89893 0.256379
5482.83691 0.256294
5483.77490 0.256209
5484.71289 0.256123
5485.65088 0.256038
5486.58984 0.255953
5487.52881 0.255868
5488.46777 0.255783
5489.40723 0.255698
5490.34619 0.255613
5491.28516 0.255528
5492.22510 0.255411
5493.16504 0.255283
5494.10400 0.255156
5495.04395 0.255029
5495.98486 0.254901
5496.92480 0.254774
5497.86523 0.254646
5498.80615 0.254519
5499.74707 0.254391
5500.68799 0.254263
5501.62891 0.254138
5502.56982 0.25404
5503.51221 0.253942
5504.45410 0.253844
5505.39502 0.253746
5506.33691 0.253647
5507.27881 0.253549
5508.22217 0.253451
5509.16406 0.253353
5510.10596 0.253254
5511.04883 0.253156
5511.99219 0.253062
5512.93506 0.252972
5513.87793 0.252881
5514.82178 0.252791
5515.76611 0.252701
5516.70898 0.252611
5517.65283 0.25252
5518.59717 0.25243
5519.54199 0.25234
5520.48584 0.252249
5521.43018 0.252159
5522.37500 0.252036
5523.31982 0.25191
5524.26514 0.251783
5525.20996 0.251657
5526.15479 0.25153
5527.10107 0.251404
5528.04590 0.251277
5528.99219 0.251151
5529.93799 0.251024
5530.88379 0.250898
5531.83105 0.250773
5532.77686 0.250654
5533.72412 0.250534
5534.66992 0.250415
5535.61816 0.250296
5536.56396 0.250177
5537.51221 0.250057
5538.45898 0.249938
5539.40723 0.249818
5540.35400 0.249699
5541.30322 0.249579
5542.25000 0.24943
5543.19922 0.249272
5544.14697 0.249114
5545.09619 0.248955
5546.04395 0.248797
5546.99414 0.248639
5547.94189 0.24848
5548.89209 0.248322
5549.84082 0.248164
5550.79102 0.248005
5551.74023 0.247855
5552.68994 0.247736
5553.64014 0.247617
5554.58984 0.247498
5555.54102 0.247379
5556.49121 0.247259
5557.44189 0.24714
5558.39307 0.247021
5559.34424 0.246902
5560.29492 0.246783
5561.24707 0.246664
5562.19824 0.246504
5563.14893 0.246326
5564.10205 0.246149
5565.05420 0.245971
5566.00586 0.245793
5566.95801 0.245615
5567.91113 0.245437
5568.86279 0.245259
5569.81592 0.245082
5570.76904 0.244888
5571.72217 0.244698
5572.67480 0.244541
5573.62891 0.244385
5574.58301 0.244229
5575.53613 0.244073
5576.49023 0.243917
5577.44385 0.24376
5578.39795 0.243604
5579.35303 0.243448
5580.30811 0.243298
