threeML/data/optical_filters/HST/WFC3_UVIS1-F621M.ecsv
# %ECSV 0.9
# ---
# datatype:
# - {name: wavelength, unit: Angstrom, datatype: float32}
# - {name: response, datatype: float32}
# meta: !!omap
# - {band_name: F621M}
# - {group_name: WFC3_UVIS1}
wavelength response
5189.98389 0.0
5766.64893 0.000425
5767.63623 0.00047
5768.62305 0.000515
5769.60986 0.00056
5770.59717 0.000605
5771.58398 0.00065
5772.57178 0.000677
5773.56006 0.000704
5774.54688 0.000731
5775.53516 0.000758
5776.52295 0.000785
5777.51221 0.000794
5778.50000 0.000801
5779.48877 0.000809
5780.47803 0.000817
5781.46680 0.000824
5782.45605 0.00082
5783.44482 0.000814
5784.43506 0.000808
5785.42383 0.000801
5786.41504 0.000795
5787.40381 0.000792
5788.39502 0.00079
5789.38477 0.000788
5790.37500 0.000786
5791.36621 0.000784
5792.35693 0.000793
5793.34814 0.000805
5794.33887 0.000818
5795.33105 0.00083
5796.32178 0.000842
5797.31396 0.000872
5798.30615 0.000909
5799.29785 0.000946
5800.29004 0.000983
5801.28320 0.00102
5802.27490 0.001079
5803.26807 0.001149
5804.26123 0.00122
5805.25391 0.00129
5806.24707 0.00136
5807.24023 0.001454
5808.23389 0.00156
5809.22803 0.001667
5810.22217 0.001773
5811.21582 0.00188
5812.20996 0.001999
5813.20508 0.002127
5814.19922 0.002255
5815.19385 0.002383
5816.18896 0.002511
5817.18408 0.002641
5818.17920 0.002772
5819.17480 0.002904
5820.16992 0.003035
5821.16602 0.003166
5822.16211 0.0033
5823.15820 0.003436
5824.15479 0.003572
5825.15088 0.003708
5826.14697 0.003844
5827.14502 0.003989
5828.14209 0.004143
5829.13916 0.004297
5830.13623 0.004452
5831.13281 0.004606
5832.13086 0.004798
5833.12891 0.005026
5834.12695 0.005254
5835.12500 0.005482
5836.12402 0.00571
5837.12207 0.006013
5838.12109 0.006391
5839.12012 0.006769
5840.11914 0.007147
5841.11816 0.007525
5842.11719 0.008031
5843.11719 0.008665
5844.11719 0.009299
5845.11719 0.009933
5846.11719 0.010567
5847.11719 0.011353
5848.11719 0.012294
5849.11816 0.013235
5850.11914 0.014177
5851.12012 0.015118
5852.12109 0.016178
5853.12207 0.017358
5854.12305 0.018537
5855.12500 0.019717
5856.12598 0.020896
5857.12793 0.022005
5858.13086 0.023044
5859.13281 0.024083
5860.13623 0.025122
5861.13818 0.026161
5862.14111 0.026966
5863.14404 0.027549
5864.14697 0.028132
5865.14990 0.028716
5866.15381 0.029299
5867.15820 0.029662
5868.16211 0.02983
5869.16602 0.029998
5870.16895 0.030165
5871.17383 0.030333
5872.17920 0.030465
5873.18311 0.030568
5874.18799 0.03067
5875.19287 0.030773
5876.19824 0.030875
5877.20410 0.031173
5878.20898 0.031616
5879.21484 0.032059
5880.22119 0.032502
5881.22705 0.032946
5882.23291 0.033811
5883.24023 0.034958
5884.24609 0.036104
5885.25293 0.037252
5886.25977 0.038399
5887.26709 0.040309
5888.27393 0.042665
5889.28223 0.04502
5890.29004 0.047376
5891.29688 0.049732
5892.30518 0.053396
5893.31299 0.057712
5894.32178 0.062029
5895.33008 0.066345
5896.33887 0.070662
5897.34814 0.076809
5898.35596 0.08371
5899.36621 0.090615
5900.37500 0.097516
5901.38477 0.104414
5902.39502 0.112857
5903.40381 0.121809
5904.41406 0.130757
5905.42383 0.139709
5906.43506 0.148662
5907.44482 0.156759
5908.45605 0.164647
5909.46680 0.172533
5910.47803 0.180428
5911.48877 0.188331
5912.50098 0.193149
5913.51221 0.197433
5914.52393 0.201719
5915.53613 0.206008
5916.54785 0.210295
5917.56104 0.211623
5918.57324 0.212659
5919.58496 0.213696
5920.59814 0.214732
5921.61084 0.215769
5922.62500 0.216476
5923.63818 0.217174
5924.65088 0.217871
5925.66504 0.218569
5926.67920 0.219322
5927.69287 0.221515
5928.70703 0.223707
5929.72217 0.225901
5930.73584 0.228094
5931.75000 0.230448
5932.76611 0.234163
5933.78076 0.237878
5934.79590 0.241592
5935.81201 0.245308
5936.82715 0.249059
5937.84277 0.252969
5938.85791 0.256879
5939.87500 0.260791
5940.89111 0.264704
5941.90723 0.268263
5942.92383 0.270809
5943.94092 0.273354
5944.95801 0.275899
5945.97510 0.278445
5946.99219 0.280288
5948.00977 0.280764
5949.02686 0.281241
5950.04492 0.281718
5951.06299 0.282194
5952.08203 0.282012
5953.10010 0.28094
5954.11914 0.279868
5955.13721 0.278797
5956.15576 0.277724
5957.17480 0.276433
5958.19385 0.274938
5959.21387 0.273441
5960.23291 0.271945
5961.25293 0.270449
5962.27295 0.269217
5963.29297 0.268155
5964.31299 0.267093
5965.33398 0.266031
5966.35400 0.264968
5967.37500 0.264434
5968.39600 0.264118
5969.41699 0.263801
5970.43896 0.263475
5971.45996 0.263136
5972.48193 0.263335
5973.50391 0.26366
5974.52588 0.263985
5975.54785 0.26431
5976.57080 0.264634
5977.59277 0.265392
5978.61621 0.266188
5979.63916 0.266984
5980.66211 0.267795
5981.68506 0.268619
5982.70801 0.269573
5983.73193 0.270527
5984.75586 0.271481
5985.77979 0.272435
5986.80420 0.273386
5987.82812 0.274311
5988.85303 0.275237
5989.87695 0.276163
5990.90186 0.277089
5991.92676 0.277946
5992.95312 0.278606
5993.97803 0.279266
5995.00293 0.279926
5996.02881 0.280586
5997.05518 0.28111
5998.08105 0.281415
5999.10693 0.281721
6000.13379 0.282029
6001.16016 0.282357
6002.18701 0.282581
6003.21387 0.282707
6004.24121 0.282833
6005.26904 0.282959
6006.29590 0.283085
6007.32422 0.28306
6008.35205 0.282952
6009.37891 0.282843
6010.40820 0.282734
6011.43604 0.282625
6012.46387 0.282399
6013.49316 0.282139
6014.52197 0.281879
6015.55078 0.281619
6016.58008 0.281359
6017.60986 0.280995
6018.63916 0.280622
6019.66895 0.280249
6020.69922 0.279875
6021.72900 0.279495
6022.75879 0.278999
6023.79004 0.278504
6024.81982 0.278008
6025.85107 0.277512
6026.88184 0.277011
6027.91406 0.27649
6028.94482 0.27597
6029.97607 0.275449
6031.00781 0.274902
6032.04004 0.274371
6033.07178 0.273872
6034.10400 0.273373
6035.13721 0.272873
6036.16895 0.272374
6037.20215 0.271957
6038.23486 0.271617
6039.26807 0.271277
6040.30078 0.270943
6041.33398 0.270627
6042.36816 0.270484
6043.40186 0.270425
6044.43604 0.270366
6045.47021 0.270307
6046.50391 0.270248
6047.53906 0.270376
6048.57422 0.270541
6049.60889 0.270706
6050.64404 0.270871
6051.67920 0.271036
6052.71387 0.271302
6053.75000 0.271568
6054.78613 0.271834
6055.82178 0.272101
6056.85791 0.272377
6057.89404 0.272697
6058.93115 0.273018
6059.96680 0.273338
6061.00391 0.273659
6062.04102 0.273983
6063.07812 0.274313
6064.11621 0.274643
6065.15283 0.274974
6066.19092 0.275304
6067.22900 0.275668
6068.26709 0.276061
6069.30518 0.276454
6070.34277 0.276848
6071.38184 0.277241
6072.42090 0.277702
6073.45996 0.27819
6074.49902 0.278677
6075.53809 0.279165
6076.57812 0.279653
6077.61816 0.280217
6078.65723 0.280789
6079.69678 0.281361
6080.73682 0.281934
6081.77783 0.282496
6082.81787 0.282952
6083.85889 0.283408
6084.89990 0.283864
6085.94092 0.284321
6086.98193 0.28465
6088.02393 0.284661
6089.06494 0.284672
6090.10693 0.28468
6091.14893 0.284666
6092.19092 0.284337
6093.23389 0.283672
6094.27588 0.283008
6095.31885 0.282343
6096.36182 0.281679
6097.40479 0.28054
6098.44824 0.279186
6099.49219 0.277832
6100.53516 0.276491
6101.57910 0.275161
6102.62305 0.2734
6103.66699 0.271589
6104.71094 0.269776
6105.75586 0.267963
6106.79980 0.26615
6107.84521 0.26433
6108.89014 0.26251
6109.93604 0.260688
6110.98096 0.258867
6112.02588 0.257161
6113.07178 0.255699
6114.11816 0.254236
6115.16406 0.252774
6116.20996 0.251311
6117.25684 0.250186
6118.30420 0.249349
6119.35107 0.248512
6120.39697 0.247675
6121.44385 0.246839
6122.49219 0.24651
6123.54004 0.24634
6124.58691 0.24617
6125.63477 0.246
6126.68311 0.24583
6127.73096 0.246216
6128.77979 0.246608
6129.82812 0.247
6130.87695 0.247392
6131.92578 0.247882
6132.97510 0.24872
6134.02393 0.249559
6135.07422 0.250397
6136.12402 0.251236
6137.17285 0.252183
6138.22412 0.25326
6139.27393 0.254338
6140.32422 0.255415
6141.37500 0.256493
6142.42578 0.257649
6143.47705 0.258839
6144.52783 0.260029
6145.57910 0.26122
6146.62988 0.26241
6147.68213 0.263616
6148.73389 0.264823
6149.78613 0.266031
6150.83789 0.267219
6151.89111 0.268399
6152.94287 0.269559
6153.99609 0.270719
6155.04883 0.271879
6156.10205 0.273039
6157.15479 0.274155
6158.20801 0.275212
6159.26221 0.276269
6160.31592 0.277333
6161.37012 0.278416
6162.42383 0.279323
6163.47900 0.280149
6164.53320 0.280976
6165.58789 0.281803
6166.64307 0.28263
6167.69824 0.28315
6168.75293 0.283651
6169.80908 0.284152
6170.86377 0.284653
6171.91992 0.285094
6172.97607 0.285297
6174.03223 0.285499
6175.08789 0.285702
6176.14502 0.285905
6177.20215 0.285983
6178.25781 0.285919
6179.31494 0.285855
6180.37305 0.28579
6181.43018 0.285726
6182.48779 0.285564
6183.54492 0.285368
6184.60400 0.285172
6185.66211 0.284975
6186.72021 0.284779
6187.77783 0.284627
6188.83691 0.284475
6189.89600 0.284324
6190.95508 0.284172
6192.01416 0.28406
6193.07422 0.284048
6194.13281 0.284036
6195.19287 0.284025
6196.25293 0.284013
6197.31299 0.284048
6198.37402 0.284119
6199.43408 0.28419
6200.49512 0.284249
6201.55615 0.284295
6202.61719 0.284392
6203.67822 0.284497
6204.73877 0.284603
6205.80078 0.284709
6206.86279 0.284811
6207.92480 0.284881
6208.98682 0.284952
6210.04883 0.285024
6211.11182 0.285121
6212.17383 0.285161
6213.23682 0.285128
6214.29980 0.285094
6215.36377 0.285061
6216.42676 0.285027
6217.49121 0.284867
6218.55420 0.284659
6219.61816 0.284451
6220.68311 0.284243
6221.74707 0.284031
6222.81201 0.283678
6223.87598 0.283326
6224.94092 0.282973
6226.00586 0.282621
6227.07080 0.282257
6228.13721 0.28187
6229.20215 0.281483
6230.26807 0.281097
6231.33398 0.280712
6232.39990 0.28033
6233.46582 0.27995
6234.53320 0.27957
6235.60010 0.27919
6236.66699 0.27881
6237.73291 0.278452
6238.80078 0.278097
6239.86816 0.277741
6240.93604 0.277363
6242.00293 0.277006
6243.07178 0.276722
6244.14014 0.276439
6245.20801 0.276155
6246.27588 0.275871
6247.34521 0.275632
6248.41406 0.275427
6249.48291 0.275222
6250.55176 0.275029
6251.62207 0.274849
6252.69092 0.274715
6253.76123 0.274587
6254.83203 0.274458
6255.90088 0.274329
6256.97217 0.274197
6258.04199 0.274053
6259.11279 0.273908
6260.18408 0.273764
6261.25488 0.27362
6262.32617 0.273475
6263.39795 0.273329
6264.46924 0.273184
6265.54102 0.273038
6266.61279 0.272892
6267.68604 0.272733
6268.75781 0.272573
6269.83105 0.272413
6270.90283 0.272252
6271.97607 0.272097
6273.04883 0.271962
6274.12305 0.271826
6275.19580 0.27169
6276.27002 0.271554
6277.34277 0.271475
6278.41699 0.271439
6279.49219 0.271403
6280.56592 0.271367
6281.64111 0.27133
6282.71484 0.271464
6283.79004 0.271615
6284.86523 0.271765
6285.93994 0.271916
6287.01611 0.27213
6288.09180 0.272529
6289.16699 0.272927
6290.24414 0.27332
6291.31982 0.273694
6292.39600 0.274183
6293.47314 0.274746
6294.54980 0.275309
6295.62598 0.275871
6296.70410 0.276434
6297.78076 0.277089
6298.85889 0.277747
6299.93701 0.278404
6301.01416 0.279086
6302.09180 0.279776
6303.16992 0.28048
6304.24902 0.281185
6305.32812 0.281889
6306.40576 0.282594
6307.48486 0.283205
6308.56396 0.283775
6309.64404 0.284344
6310.72412 0.284913
6311.80322 0.285469
6312.88281 0.285792
6313.96289 0.286115
6315.04297 0.286439
6316.12402 0.286762
6317.20508 0.286992
6318.28613 0.287097
6319.36719 0.287202
6320.44824 0.287307
6321.52881 0.287411
6322.61084 0.287421
6323.69189 0.287407
6324.77393 0.287392
6325.85596 0.287378
6326.93896 0.287361
6328.02100 0.287332
6329.10400 0.287304
6330.18701 0.28727
6331.27002 0.287215
6332.35303 0.287166
6333.43701 0.287121
6334.52100 0.287077
6335.60400 0.287033
6336.68799 0.286989
6337.77197 0.28696
6338.85596 0.286933
6339.94092 0.286905
6341.02588 0.286902
6342.11084 0.286895
6343.19580 0.286876
6344.28076 0.286857
6345.36719 0.286838
6346.45215 0.286819
6347.53809 0.286768
6348.62402 0.286704
6349.70996 0.286641
6350.79688 0.286577
6351.88281 0.286506
6352.97021 0.286378
6354.05713 0.286249
6355.14502 0.286121
6356.23096 0.285992
6357.31885 0.285832
6358.40723 0.285643
6359.49512 0.285454
6360.58301 0.285264
6361.67090 0.285075
6362.75879 0.284855
6363.84814 0.284633
6364.93701 0.284411
6366.02588 0.284189
6367.11523 0.283975
6368.20508 0.283777
6369.29395 0.283579
6370.38379 0.283371
6371.47412 0.283146
6372.56396 0.282982
6373.65381 0.282839
6374.74512 0.282696
6375.83496 0.282553
6376.92578 0.282413
6378.01807 0.282289
6379.10791 0.282165
6380.20020 0.282046
6381.29199 0.281948
6382.38281 0.281862
6383.47607 0.281786
6384.56689 0.28171
6385.66016 0.281634
6386.75195 0.281558
6387.84521 0.281492
6388.93799 0.281426
6390.03076 0.281361
6391.12500 0.281295
6392.21777 0.281248
6393.31201 0.281228
6394.40576 0.281209
6395.50000 0.28119
6396.59424 0.281171
6397.68799 0.281219
6398.78320 0.281281
6399.87793 0.281342
6400.97314 0.281403
6402.06787 0.281485
6403.16309 0.28162
6404.25879 0.281755
6405.35400 0.28189
6406.45117 0.282025
6407.54590 0.282165
6408.64307 0.282306
6409.73877 0.282448
6410.83594 0.282569
6411.93311 0.282675
6413.02979 0.282725
6414.12695 0.282776
6415.22510 0.282826
6416.32178 0.282877
6417.41992 0.282844
6418.51807 0.282754
6419.61621 0.282664
6420.71387 0.282591
6421.81299 0.282522
6422.91211 0.282302
6424.01123 0.282082
6425.10986 0.281862
6426.20898 0.281641
6427.30908 0.28137
6428.40820 0.281045
6429.50781 0.280719
6430.60791 0.28039
6431.70801 0.280058
6432.80908 0.279724
6433.91016 0.27939
6435.00977 0.279056
6436.11084 0.278722
6437.21191 0.278456
6438.31396 0.278298
6439.41602 0.278139
6440.51709 0.27798
6441.61914 0.277821
6442.72119 0.277867
6443.82422 0.277947
6444.92578 0.278028
6446.02881 0.278109
6447.13184 0.278241
6448.23486 0.278483
6449.33789 0.278726
6450.44092 0.278958
6451.54492 0.279173
6452.64893 0.279438
6453.75293 0.279715
6454.85693 0.279992
6455.96094 0.280269
6457.06592 0.280529
6458.17090 0.280739
6459.27588 0.280948
6460.38086 0.281166
6461.48584 0.281402
6462.59180 0.281522
6463.69678 0.281599
6464.80322 0.281676
6465.91016 0.281754
6467.01611 0.281803
6468.12207 0.281745
6469.22900 0.281688
6470.33594 0.28163
6471.44287 0.281573
6472.54980 0.28151
6473.65723 0.281446
6474.76514 0.281382
6475.87305 0.281318
6476.98096 0.28126
6478.08887 0.281232
6479.19678 0.281204
6480.30615 0.281176
6481.41504 0.281148
6482.52295 0.281048
6483.63281 0.28091
6484.74219 0.280772
6485.85205 0.280635
6486.96094 0.280424
6488.07080 0.279805
6489.18115 0.279185
6490.29199 0.278559
6491.40186 0.277913
6492.51318 0.27663
6493.62402 0.275
6494.73389 0.27337
6495.84619 0.27174
6496.95703 0.269904
6498.06885 0.266861
6499.18018 0.26382
6500.29199 0.260772
6501.40479 0.257707
6502.51709 0.253731
6503.62891 0.24926
6504.74219 0.244789
6505.85498 0.24032
6506.96777 0.235719
6508.08203 0.230393
6509.19482 0.225069
6510.30908 0.219745
6511.42188 0.214423
6512.53711 0.209054
6513.65088 0.203664
6514.76514 0.198276
6515.87988 0.192888
6516.99512 0.187632
6518.10986 0.182992
6519.22510 0.178353
6520.33984 0.173711
6521.45605 0.169057
6522.57178 0.165251
6523.68799 0.161823
6524.80420 0.158397
6525.91992 0.154973
6527.03711 0.151824
6528.15381 0.149708
6529.27100 0.147593
6530.38818 0.145483
6531.50488 0.143383
6532.62305 0.141931
6533.74023 0.140717
6534.85791 0.139503
6535.97607 0.138289
6537.09424 0.13701
6538.21289 0.135543
6539.33203 0.134076
6540.45020 0.132609
6541.56885 0.131143
6542.68799 0.12829
6543.80811 0.125065
6544.92822 0.12184
6546.04688 0.118617
6547.16699 0.114659
6548.28809 0.109151
6549.40820 0.103641
6550.52881 0.098134
6551.64893 0.092629
6552.77100 0.08634
6553.89209 0.079923
6555.01318 0.073509
6556.13379 0.067094
6557.25586 0.061078
6558.37793 0.055667
6559.50000 0.050258
6560.62305 0.044846
6561.74512 0.039437
6562.86816 0.035776
6563.99023 0.032229
6565.11279 0.028683
6566.23682 0.025138
6567.35986 0.022324
6568.48389 0.020282
6569.60693 0.018241
6570.73096 0.016202
6571.85596 0.014196
6572.97998 0.01308
6574.10498 0.011965
6575.22900 0.01085
6576.35400 0.009735
6577.47998 0.008917
6578.60498 0.008307
6579.73096 0.007696
6580.85596 0.007086
6581.98193 0.006516
6583.10889 0.00618
6584.23486 0.005844
6585.36084 0.005508
6586.48779 0.005172
6587.61523 0.004946
6588.74219 0.004765
6589.87012 0.004585
6590.99707 0.004404
6592.12500 0.004253
6593.25195 0.004179
6594.38086 0.004106
6595.50879 0.004032
6596.63721 0.003959
6597.76611 0.003946
6598.89502 0.003945
6600.02393 0.003944
6601.15283 0.003944
6602.28320 0.003952
6603.41211 0.003973
6604.54199 0.003993
6605.67188 0.004014
6606.80176 0.004035
6607.93311 0.004004
6609.06299 0.003973
6610.19385 0.003942
6611.32520 0.003911
6612.45605 0.003814
6613.58691 0.003665
6614.71924 0.003516
6615.85107 0.003367
6616.98193 0.003208
6618.11523 0.002986
6619.24707 0.002765
6620.37891 0.002543
6621.51221 0.002322
6622.64502 0.002115
6623.77783 0.001914
6624.91211 0.001713
6626.04492 0.001513
6627.17920 0.001333
6628.31299 0.001201
6629.44678 0.001068
6630.58105 0.000936
6631.71484 0.000803
6632.85010 0.000722
6633.98486 0.000647
6635.12012 0.000572
6636.25488 0.000497
6637.39111 0.000439
6638.52588 0.0004
7302.37842 0.0
