threeML/data/optical_filters/HST/WFC3_IR-F160W.ecsv
# %ECSV 0.9
# ---
# datatype:
# - {name: wavelength, unit: Angstrom, datatype: float32}
# - {name: response, datatype: float32}
# meta: !!omap
# - {band_name: F160W}
# - {group_name: WFC3_IR}
wavelength response
[from data line 1533]
15529.00000 0.525427
15530.25977 0.52544
15531.51953 0.525497
15532.78027 0.525554
15534.04004 0.525612
15535.29980 0.525669
15536.55957 0.525726
15537.82031 0.525783
15539.08008 0.52584
15540.33984 0.525882
15541.59961 0.525884
15542.87012 0.525885
15544.12988 0.525886
15545.38965 0.525875
15546.65039 0.525863
15547.91016 0.525851
15549.16992 0.525838
15550.42969 0.525826
15551.69043 0.525814
15552.95996 0.525801
15554.21973 0.525789
15555.48047 0.525776
15556.74023 0.525764
15558.00000 0.525752
15559.25977 0.525739
15560.53027 0.52575
15561.79004 0.525794
15563.04980 0.525837
15564.30957 0.525878
15565.58008 0.52586
15566.83984 0.525843
15568.09961 0.525825
15569.37012 0.525807
15570.62988 0.525762
15571.88965 0.525689
15573.15039 0.525615
15574.41992 0.525541
15575.67969 0.525468
15576.94043 0.525394
15578.20996 0.525321
15579.46973 0.525247
15580.74023 0.525206
15582.00000 0.525188
15583.25977 0.525171
15584.53027 0.525158
15585.79004 0.525165
15587.05957 0.525171
15588.32031 0.525177
15589.58984 0.525183
15590.84961 0.525152
15592.12012 0.525102
15593.37988 0.525052
15594.63965 0.525002
15595.91016 0.524952
15597.16992 0.524902
15598.44043 0.524853
15599.70996 0.524803
15600.96973 0.524793
15602.24023 0.524796
15603.50000 0.524798
15604.76953 0.524793
15606.03027 0.524775
15607.29980 0.524757
15608.57031 0.52474
15609.83008 0.524722
15611.09961 0.524656
15612.37012 0.524582
15613.62988 0.524508
15614.90039 0.524434
15616.16992 0.52436
15617.42969 0.524286
15618.70020 0.524212
15619.96973 0.524139
15621.23047 0.524065
15622.50000 0.523991
15623.76953 0.523917
15625.04004 0.523866
15626.29980 0.523829
15627.57031 0.523793
15628.83984 0.523756
15630.11035 0.523724
15631.37012 0.523744
15632.63965 0.523763
15633.91016 0.523783
15635.17969 0.523803
15636.45020 0.523822
15637.70996 0.523842
15638.98047 0.523862
15640.25000 0.52387
15641.51953 0.523833
15642.79004 0.523797
15644.05957 0.52376
15645.33008 0.523732
15646.59961 0.523706
15647.87012 0.523679
15649.13965 0.523653
15650.41016 0.523626
15651.66992 0.5236
15652.95020 0.523573
15654.20996 0.523547
15655.48047 0.52352
15656.75000 0.523493
15658.01953 0.523467
15659.29004 0.52344
15660.57031 0.523439
15661.83984 0.523469
15663.11035 0.523498
15664.37988 0.523531
15665.65039 0.523602
15666.91992 0.523672
15668.19043 0.523743
15669.45996 0.523813
15670.73047 0.523851
15672.00000 0.523865
15673.26953 0.52388
15674.54980 0.523894
15675.82031 0.523908
15677.08984 0.523922
15678.36035 0.523936
15679.62988 0.52395
15680.90039 0.524004
15682.17969 0.524074
15683.45020 0.524145
15684.71973 0.524199
15685.99023 0.524222
15687.26953 0.524245
15688.54004 0.524268
15689.80957 0.524291
15691.08008 0.524266
15692.36035 0.524232
15693.62988 0.524198
15694.90039 0.524165
15696.17969 0.524131
15697.45020 0.524097
15698.71973 0.524064
15700.00000 0.52403
15701.26953 0.523996
15702.54004 0.523962
15703.82031 0.523929
15705.08984 0.523906
15706.37012 0.523889
15707.63965 0.523872
15708.91016 0.523855
15710.19043 0.523847
15711.45996 0.523887
15712.74023 0.523926
15714.00977 0.523966
15715.29004 0.524007
15716.55957 0.524046
15717.83984 0.524086
15719.11035 0.524126
15720.38965 0.524149
15721.66016 0.524132
15722.94043 0.524115
15724.20996 0.524098
15725.49023 0.524068
15726.75977 0.524038
15728.04004 0.524007
15729.32031 0.523977
15730.58984 0.523946
15731.87012 0.523916
15733.13965 0.523885
15734.41992 0.523855
15735.70020 0.523824
15736.96973 0.523794
15738.25000 0.523763
15739.53027 0.523732
15740.79980 0.523737
15742.08008 0.523764
15743.36035 0.52379
15744.62988 0.523806
15745.91016 0.523791
15747.19043 0.523777
15748.46973 0.523762
15749.74023 0.523748
15751.01953 0.523688
15752.29980 0.523617
15753.58008 0.523545
15754.86035 0.523474
15756.12988 0.523402
15757.41016 0.523331
15758.69043 0.52326
15759.96973 0.523188
15761.25000 0.523117
15762.53027 0.523045
15763.79980 0.522974
15765.08008 0.52289
15766.36035 0.522799
15767.63965 0.522707
15768.91992 0.522615
15770.20020 0.522523
15771.48047 0.522432
15772.75977 0.52234
15774.04004 0.522248
15775.32031 0.522156
15776.59961 0.522064
15777.87988 0.521973
15779.16016 0.521881
15780.44043 0.521809
15781.71973 0.521774
15783.00000 0.521739
15784.28027 0.521704
15785.55957 0.52164
15786.83984 0.521575
15788.12012 0.521509
15789.40039 0.521444
15790.67969 0.521348
15791.95996 0.521226
15793.24023 0.521104
15794.51953 0.520982
15795.80957 0.52086
15797.08984 0.520737
15798.37012 0.520615
15799.65039 0.520493
15800.92969 0.520373
15802.20996 0.520253
15803.50000 0.520134
15804.78027 0.520026
15806.05957 0.51994
15807.33984 0.519855
15808.62012 0.519769
15809.91016 0.519683
15811.19043 0.519651
15812.46973 0.519622
15813.75000 0.519593
15815.04004 0.519564
15816.32031 0.519536
15817.59961 0.519507
15818.88965 0.519478
15820.16992 0.519442
15821.45020 0.519356
15822.74023 0.519271
15824.01953 0.519185
15825.29980 0.519081
15826.58984 0.518972
15827.87012 0.518863
15829.16016 0.518753
15830.44043 0.518644
15831.71973 0.518534
15833.00977 0.518425
15834.29004 0.518316
15835.58008 0.518206
15836.86035 0.518097
15838.15039 0.517988
15839.42969 0.517878
15840.71973 0.517769
15842.00000 0.517659
15843.29004 0.51755
15844.57031 0.517442
15845.86035 0.517339
15847.13965 0.517237
15848.42969 0.517134
15849.70996 0.517032
15851.00000 0.516973
15852.29004 0.516928
15853.57031 0.516882
15854.86035 0.516837
15856.13965 0.516791
15857.42969 0.516745
15858.71973 0.5167
15860.00000 0.516654
15861.29004 0.516552
15862.58008 0.516449
15863.86035 0.516346
15865.15039 0.51625
15866.44043 0.516158
15867.71973 0.516065
15869.00977 0.515973
15870.29980 0.515881
15871.58984 0.515788
15872.87012 0.515696
15874.16016 0.515603
15875.45020 0.515511
15876.74023 0.515419
15878.01953 0.515326
15879.30957 0.515234
15880.59961 0.515141
15881.88965 0.515049
15883.17969 0.514957
15884.46973 0.514866
15885.75000 0.51479
15887.04004 0.514715
15888.33008 0.514639
15889.62012 0.514564
15890.91016 0.514529
15892.20020 0.51451
15893.49023 0.514492
15894.78027 0.514473
15896.07031 0.514455
15897.36035 0.514436
15898.65039 0.514418
15899.94043 0.5144
15901.23047 0.514327
15902.51953 0.514251
15903.80957 0.514176
15905.09961 0.514102
15906.38965 0.51403
15907.67969 0.513958
15908.96973 0.513886
15910.25977 0.513814
15911.54980 0.513742
15912.83984 0.51367
15914.12988 0.513597
15915.41992 0.513525
15916.70996 0.513453
15918.00000 0.513381
15919.29004 0.513309
15920.58984 0.513237
15921.87988 0.513165
15923.16992 0.513092
15924.45996 0.513022
15925.75000 0.512966
15927.04004 0.512911
15928.33984 0.512856
15929.62988 0.512801
15930.91992 0.512746
15932.20996 0.51269
15933.50977 0.512635
15934.79980 0.51258
15936.08984 0.512525
15937.37988 0.512469
15938.67969 0.512414
15939.96973 0.512359
15941.25977 0.512359
15942.55957 0.512361
15943.84961 0.512363
15945.13965 0.512321
15946.44043 0.512252
15947.73047 0.512183
15949.01953 0.512114
15950.32031 0.512031
15951.61035 0.511904
15952.91016 0.511778
15954.20020 0.511652
15955.49023 0.511525
15956.79004 0.511399
15958.08008 0.511273
15959.37988 0.511146
15960.66992 0.51102
15961.96973 0.510894
15963.25977 0.510767
15964.55957 0.510641
15965.84961 0.510515
15967.15039 0.510389
15968.44043 0.510262
15969.74023 0.510136
15971.03027 0.51001
15972.33008 0.509884
15973.62012 0.509757
15974.91992 0.509631
15976.21973 0.509505
15977.50977 0.509379
15978.80957 0.509252
15980.09961 0.509126
15981.40039 0.509
15982.70020 0.508874
15983.99023 0.508748
15985.29004 0.508588
15986.58984 0.508415
15987.87988 0.508241
15989.17969 0.508068
15990.48047 0.507915
15991.78027 0.507799
15993.07031 0.507682
15994.37012 0.507566
15995.66992 0.507449
15996.95996 0.507333
15998.25977 0.507217
15999.55957 0.5071
16000.86035 0.506948
16002.16016 0.506777
16003.45996 0.506606
16004.75000 0.506426
16006.04980 0.506221
16007.34961 0.506017
16008.65039 0.505812
16009.95020 0.505608
16011.25000 0.505403
16012.54004 0.505199
16013.83984 0.504995
16015.13965 0.50479
16016.44043 0.504586
16017.74023 0.504382
16019.04004 0.504177
16020.33984 0.503973
16021.63965 0.503769
16022.94043 0.503564
16024.24023 0.50336
16025.54004 0.503138
16026.83984 0.502914
16028.13965 0.502689
16029.44043 0.502465
16030.74023 0.50224
16032.04004 0.502016
16033.33984 0.501792
16034.63965 0.501567
16035.94043 0.501343
16037.24023 0.501119
16038.54004 0.500894
16039.84961 0.50067
16041.15039 0.500446
16042.45020 0.500222
16043.75000 0.499998
16045.04980 0.499775
16046.34961 0.499555
16047.65039 0.499334
16048.95996 0.499113
16050.25977 0.498904
16051.55957 0.49874
16052.86035 0.498575
16054.16016 0.498411
16055.46973 0.498247
16056.76953 0.498082
16058.07031 0.497918
16059.37012 0.497754
16060.67969 0.49756
16061.98047 0.49734
16063.28027 0.497119
16064.58984 0.496908
16065.88965 0.496752
16067.19043 0.496596
16068.50000 0.496439
16069.79980 0.496283
16071.09961 0.496127
16072.41016 0.49597
16073.70996 0.495814
16075.00977 0.495657
16076.32031 0.495501
16077.62012 0.495345
16078.92969 0.495189
16080.23047 0.495032
16081.54004 0.494876
16082.83984 0.49472
16084.15039 0.494563
16085.45020 0.494429
16086.75000 0.4943
16088.05957 0.494171
16089.37012 0.494042
16090.66992 0.493912
16091.98047 0.493783
16093.28027 0.493654
16094.58984 0.493525
16095.88965 0.493396
16097.20020 0.493266
16098.50000 0.493137
16099.80957 0.493008
16101.12012 0.492879
16102.41992 0.49275
16103.73047 0.492621
16105.03027 0.49251
16106.33984 0.492418
16107.65039 0.492326
16108.95020 0.492234
16110.25977 0.492142
16111.57031 0.49205
16112.87012 0.491958
16114.17969 0.491866
16115.49023 0.491773
16116.79980 0.491681
16118.09961 0.49159
16119.41016 0.491497
16120.71973 0.491405
16122.03027 0.491313
16123.33008 0.491221
16124.63965 0.491143
16125.95020 0.491125
16127.25977 0.491107
16128.57031 0.491089
16129.87988 0.491071
16131.17969 0.491053
16132.49023 0.491035
16133.79980 0.491017
16135.11035 0.490999
16136.41992 0.490982
16137.73047 0.490963
16139.04004 0.490945
16140.34961 0.490928
16141.66016 0.490909
16142.96973 0.490891
16144.28027 0.490873
16145.58008 0.490873
16146.88965 0.490876
16148.20020 0.490878
16149.50977 0.49088
16150.82031 0.490917
16152.12988 0.490976
16153.44043 0.491034
16154.75000 0.491092
16156.07031 0.491151
16157.37988 0.491209
16158.69043 0.491268
16160.00000 0.491326
16161.30957 0.491328
16162.62012 0.49133
16163.92969 0.491332
16165.24023 0.491368
16166.54980 0.491424
16167.87012 0.49148
16169.17969 0.491536
16170.49023 0.491591
16171.79980 0.491647
16173.11035 0.491703
16174.41992 0.491758
16175.74023 0.491814
16177.04980 0.49187
16178.36035 0.491925
16179.66992 0.491981
16180.99023 0.492036
16182.29980 0.492092
16183.61035 0.492148
16184.91992 0.492198
16186.24023 0.49224
16187.54980 0.492282
16188.86035 0.492324
16190.17969 0.492366
16191.49023 0.492407
16192.79980 0.492449
16194.12012 0.492491
16195.42969 0.492533
16196.74023 0.492575
16198.05957 0.492617
16199.37012 0.492658
16200.69043 0.492694
16202.00000 0.492724
16203.32031 0.492754
16204.62988 0.492781
16205.94043 0.492798
16207.25977 0.492814
16208.57031 0.49283
16209.88965 0.492847
16211.20020 0.492863
16212.51953 0.492879
16213.83008 0.492895
16215.15039 0.492911
16216.45996 0.492928
16217.78027 0.492944
16219.09961 0.49296
16220.41016 0.492976
16221.73047 0.492992
16223.04004 0.493008
16224.36035 0.493024
16225.67969 0.492961
16226.99023 0.492893
16228.30957 0.492825
16229.62012 0.492757
16230.94043 0.492689
16232.25977 0.492621
16233.57031 0.492553
16234.88965 0.492485
16236.20996 0.492417
16237.53027 0.492349
16238.83984 0.492281
16240.16016 0.492212
16241.48047 0.492145
16242.79004 0.492076
16244.11035 0.492009
16245.42969 0.491877
16246.75000 0.491725
16248.07031 0.491573
16249.37988 0.491422
16250.70020 0.49127
16252.01953 0.491118
16253.33984 0.490966
16254.66016 0.490814
16255.98047 0.490663
16257.29004 0.490511
16258.61035 0.490359
16259.92969 0.490207
16261.25000 0.490055
16262.57031 0.489904
16263.88965 0.489752
16265.20996 0.489546
16266.53027 0.4893
16267.84961 0.489055
16269.16992 0.488809
16270.49023 0.488564
16271.80957 0.488319
16273.12988 0.488073
16274.45020 0.487828
16275.76953 0.487583
16277.08984 0.487338
16278.41016 0.487092
16279.73047 0.486847
16281.04980 0.486602
16282.37012 0.486357
16283.69043 0.486112
16285.00977 0.48585
16286.33008 0.485565
16287.66016 0.48528
16288.98047 0.484995
16290.29980 0.48471
16291.62012 0.484424
16292.94043 0.48414
16294.25977 0.483855
16295.58008 0.48357
16296.91016 0.483285
16298.23047 0.483001
16299.54980 0.482716
16300.87012 0.482432
16302.20020 0.482147
16303.51953 0.481862
16304.83984 0.481545
16306.16016 0.481151
16307.49023 0.480756
16308.80957 0.480361
16310.12988 0.479967
16311.45996 0.479572
16312.78027 0.479177
16314.09961 0.478783
16315.41992 0.478389
16316.75000 0.477994
16318.07031 0.4776
16319.40039 0.477206
16320.71973 0.476812
16322.04004 0.476418
16323.37012 0.476024
16324.69043 0.475634
16326.01953 0.47526
16327.33984 0.474887
16328.66992 0.474513
16329.99023 0.47414
16331.30957 0.473766
16332.63965 0.473393
16333.95996 0.47302
16335.29004 0.472646
16336.62012 0.472273
16337.94043 0.4719
16339.26953 0.471527
16340.58984 0.471154
16341.91992 0.470781
16343.24023 0.470408
16344.57031 0.470036
16345.88965 0.46967
16347.21973 0.469304
16348.54980 0.468938
16349.87012 0.468573
16351.20020 0.468207
16352.53027 0.467841
16353.84961 0.467475
16355.17969 0.46711
16356.50000 0.466744
16357.83008 0.466379
16359.16016 0.466013
16360.49023 0.465628
16361.80957 0.465207
16363.13965 0.464787
16364.46973 0.464367
16365.79980 0.464041
16367.12012 0.463714
16368.45020 0.463388
16369.78027 0.463062
16371.11035 0.462781
16372.42969 0.46251
16373.75977 0.462238
16375.08984 0.461967
16376.41992 0.461696
16377.75000 0.461425
16379.08008 0.461154
16380.41016 0.460883
16381.73047 0.460612
16383.05957 0.460341
16384.39062 0.46007
16385.72070 0.459977
16387.05078 0.459896
16388.38086 0.459815
16389.71094 0.459733
16391.03906 0.459652
16392.36914 0.459571
16393.69922 0.45949
16395.02930 0.459408
16396.35938 0.459327
16397.68945 0.459246
16399.01953 0.459165
16400.34961 0.459093
16401.67969 0.459048
16403.00977 0.459002
16404.33984 0.458957
16405.66992 0.458989
16407.00000 0.459031
16408.33008 0.459072
16409.66016 0.459113
16411.00000 0.459154
16412.33008 0.459195
16413.66016 0.459236
16414.99023 0.459278
16416.32031 0.459319
16417.65039 0.45936
16418.98047 0.459401
16420.32031 0.459442
16421.65039 0.459483
16422.98047 0.459524
16424.31055 0.459565
16425.65039 0.45973
16426.98047 0.459914
16428.31055 0.460098
16429.64062 0.460282
16430.98047 0.460466
16432.31055 0.46065
16433.64062 0.460834
16434.97070 0.461017
16436.31055 0.461201
16437.64062 0.461385
16438.98047 0.461569
16440.31055 0.461752
16441.64062 0.461936
16442.98047 0.462119
16444.31055 0.462303
16445.64062 0.462599
16446.98047 0.462912
16448.31055 0.463225
16449.65039 0.463538
16450.98047 0.463811
16452.32031 0.464068
16453.65039 0.464325
16454.99023 0.464582
16456.32031 0.464839
16457.66016 0.465096
16458.99023 0.465352
16460.33008 0.465623
16461.66016 0.465935
16463.00000 0.466247
16464.33008 0.46656
16465.66992 0.466904
16467.00000 0.467253
16468.33984 0.467602
16469.67969 0.467951
16471.00977 0.4683
16472.34961 0.468649
16473.67969 0.468997
16475.01953 0.469346
16476.35938 0.469695
16477.68945 0.470043
16479.02930 0.470391
16480.36914 0.47074
16481.69922 0.471088
16483.03906 0.471437
16484.38086 0.471785
16485.71094 0.472098
16487.05078 0.472406
16488.39062 0.472715
16489.73047 0.473023
16491.06055 0.473331
16492.40039 0.473639
16493.74023 0.473948
16495.08008 0.474256
16496.41992 0.474564
16497.75977 0.474873
16499.08984 0.475181
16500.42969 0.475489
16501.76953 0.475797
16503.10938 0.476105
16504.44922 0.476413
16505.78906 0.476581
16507.13086 0.476743
16508.46094 0.476905
16509.80078 0.477067
16511.14062 0.477228
16512.48047 0.47739
16513.82031 0.477551
16515.16016 0.477713
16516.50000 0.477875
16517.83984 0.478036
16519.17969 0.478198
16520.51953 0.478337
16521.85938 0.47844
16523.19922 0.478544
