threeML/data/optical_filters/HST/WFC3_UVIS2-F390W.ecsv
# %ECSV 0.9
# ---
# datatype:
# - {name: wavelength, unit: Angstrom, datatype: float32}
# - {name: response, datatype: float32}
# meta: !!omap
# - {band_name: F390W}
# - {group_name: WFC3_UVIS2}
wavelength response
2890.78833 0.0
3211.98706 0.000403
3212.53589 0.000409
3213.08594 0.000414
3213.63501 0.00042
3214.18506 0.000425
3214.73511 0.000431
3215.28491 0.000436
3215.83496 0.000442
3216.38501 0.000448
3216.93506 0.000453
3217.48608 0.000459
3218.03589 0.000464
3218.58594 0.00047
3219.13696 0.000476
3219.68799 0.000481
3220.23901 0.000487
3220.78906 0.000492
3221.34009 0.000501
3221.89111 0.00051
3222.44312 0.000519
3222.99390 0.000529
3223.54492 0.000538
3224.09595 0.000547
3224.64795 0.000557
3225.19995 0.000566
3225.75098 0.000576
3226.30298 0.000585
3226.85498 0.000594
3227.40698 0.000604
3227.95898 0.000613
3228.51099 0.000622
3229.06396 0.000632
3229.61597 0.000641
3230.16797 0.000651
3230.72095 0.00066
3231.27393 0.000676
3231.82593 0.000695
3232.37891 0.000714
3232.93188 0.000734
3233.48511 0.000753
3234.03809 0.000773
3234.59204 0.000792
3235.14502 0.000812
3235.69800 0.000831
3236.25195 0.000851
3236.80493 0.00087
3237.35889 0.00089
3237.91309 0.000909
3238.46704 0.000929
3239.02100 0.000948
3239.57495 0.000968
3240.12891 0.000987
3240.68311 0.001006
3241.23804 0.001041
3241.79199 0.001088
3242.34692 0.001135
3242.90088 0.001182
3243.45605 0.001229
3244.01099 0.001276
3244.56592 0.001323
3245.12109 0.00137
3245.67603 0.001417
3246.23096 0.001465
3246.78589 0.001512
3247.34204 0.001559
3247.89697 0.001606
3248.45288 0.001653
3249.00903 0.0017
3249.56396 0.001747
3250.12012 0.001794
3250.67603 0.001841
3251.23193 0.001915
3251.78809 0.002012
3252.34497 0.002109
3252.90088 0.002206
3253.45801 0.002303
3254.01392 0.0024
3254.57104 0.002497
3255.12695 0.002594
3255.68408 0.002691
3256.24097 0.002789
3256.79810 0.002886
3257.35498 0.002983
3257.91309 0.00308
3258.46997 0.003177
3259.02710 0.003274
3259.58496 0.003372
3260.14209 0.003469
3260.69995 0.003566
3261.25806 0.003704
3261.81592 0.003873
3262.37402 0.004043
3262.93188 0.004212
3263.48999 0.004381
3264.04810 0.004551
3264.60596 0.00472
3265.16504 0.004889
3265.72290 0.005058
3266.28198 0.005228
3266.84106 0.005397
3267.39990 0.005567
3267.95801 0.005736
3268.51807 0.005905
3269.07690 0.006075
3269.63599 0.006244
3270.19507 0.006414
3270.75488 0.006583
3271.31396 0.006796
3271.87402 0.007031
3272.43408 0.007266
3272.99292 0.007501
3273.55298 0.007736
3274.11304 0.007971
3274.67310 0.008206
3275.23291 0.008441
3275.79395 0.008676
3276.35400 0.008911
3276.91504 0.009147
3277.47510 0.009382
3278.03589 0.009617
3278.59595 0.009852
3279.15698 0.010088
3279.71802 0.010323
3280.27905 0.010558
3280.84009 0.010793
3281.40210 0.011051
3281.96289 0.011314
3282.52393 0.011577
3283.08594 0.01184
3283.64697 0.012104
3284.20898 0.012367
3284.77100 0.01263
3285.33301 0.012893
3285.89502 0.013156
3286.45703 0.01342
3287.01904 0.013683
3287.58203 0.013946
3288.14404 0.01421
3288.70605 0.014473
3289.26904 0.014736
3289.83203 0.015
3290.39404 0.015263
3290.95703 0.015528
3291.52002 0.015796
3292.08301 0.016064
3292.64600 0.016333
3293.20898 0.016601
3293.77295 0.01687
3294.33594 0.017138
3294.89990 0.017407
3295.46411 0.017675
3296.02710 0.017944
3296.59106 0.018212
3297.15503 0.018481
3297.71899 0.01875
3298.28296 0.019019
3298.84692 0.019287
3299.41211 0.019556
3299.97607 0.019825
3300.54102 0.020093
3301.10498 0.020362
3301.66992 0.020634
3302.23511 0.020906
3302.80005 0.021178
3303.36499 0.02145
3303.92993 0.021722
3304.49512 0.021995
3305.06006 0.022267
3305.62500 0.022539
3306.19092 0.022811
3306.75610 0.023083
3307.32202 0.023355
3307.88794 0.023628
3308.45410 0.0239
3309.02002 0.024172
3309.58594 0.024444
3310.15210 0.024717
3310.71802 0.02499
3311.28394 0.025296
3311.85107 0.025626
3312.41699 0.025955
3312.98389 0.026284
3313.55103 0.026614
3314.11792 0.026943
3314.68506 0.027273
3315.25098 0.027602
3315.81909 0.027932
3316.38599 0.028261
3316.95288 0.028591
3317.52100 0.028921
3318.08789 0.029251
3318.65601 0.029581
3319.22290 0.029911
3319.79102 0.03024
3320.35889 0.030569
3320.92700 0.030898
3321.49512 0.031278
3322.06299 0.031662
3322.63208 0.032045
3323.19995 0.032428
3323.76807 0.032812
3324.33691 0.033195
3324.90601 0.033578
3325.47412 0.033962
3326.04297 0.034345
3326.61206 0.034729
3327.18091 0.035112
3327.75000 0.035495
3328.32007 0.035879
3328.88892 0.036262
3329.45801 0.036646
3330.02808 0.037029
3330.59790 0.037415
3331.16699 0.037812
3331.73706 0.038229
3332.30688 0.038646
3332.87695 0.039064
3333.44702 0.039481
3334.01807 0.039898
3334.58789 0.040316
3335.15796 0.040733
3335.72900 0.041151
3336.30005 0.041569
3336.87012 0.041986
3337.44092 0.042404
3338.01196 0.042822
3338.58301 0.04324
3339.15405 0.043658
3339.72510 0.044076
3340.29712 0.044493
3340.86792 0.044908
3341.43896 0.045316
3342.01099 0.045721
3342.58301 0.046127
3343.15503 0.046532
3343.72607 0.046937
3344.29810 0.047343
3344.87012 0.047748
3345.44312 0.048154
3346.01489 0.04856
3346.58691 0.048965
3347.15991 0.049371
3347.73193 0.049777
3348.30493 0.050182
3348.87793 0.050588
3349.45093 0.050993
3350.02393 0.051399
3350.59692 0.051807
3351.16992 0.052202
3351.74292 0.052572
3352.31592 0.052942
3352.88989 0.053313
3353.46289 0.053683
3354.03711 0.054054
3354.61108 0.054424
3355.18506 0.054795
3355.75903 0.055165
3356.33301 0.055536
3356.90698 0.055906
3357.48096 0.056277
3358.05493 0.056648
3358.62988 0.057019
3359.20410 0.05739
3359.77905 0.057761
3360.35400 0.05813
3360.92798 0.058498
3361.50293 0.058916
3362.07910 0.059338
3362.65405 0.05976
3363.22900 0.060181
3363.80396 0.060603
3364.37988 0.061025
3364.95508 0.061447
3365.53101 0.061869
3366.10596 0.062291
3366.68188 0.062713
3367.25806 0.063134
3367.83398 0.063556
3368.40991 0.063978
3368.98706 0.0644
3369.56299 0.064822
3370.13892 0.065245
3370.71606 0.06567
3371.29199 0.066134
3371.86890 0.066627
3372.44604 0.067121
3373.02295 0.067615
3373.60010 0.068108
3374.17700 0.068602
3374.75391 0.069096
3375.33105 0.06959
3375.90894 0.070084
3376.48608 0.070578
3377.06396 0.071072
3377.64111 0.071566
3378.21899 0.07206
3378.79712 0.072555
3379.37500 0.073049
3379.95288 0.073543
3380.53101 0.074034
3381.11011 0.074523
3381.68799 0.075005
3382.26709 0.075488
3382.84497 0.07597
3383.42407 0.076452
3384.00195 0.076935
3384.58105 0.077417
3385.15991 0.077899
3385.73999 0.078382
3386.31909 0.078864
3386.89795 0.079346
3387.47705 0.079829
3388.05688 0.080311
3388.63599 0.080793
3389.21606 0.081276
3389.79590 0.081758
3390.37500 0.082243
3390.95605 0.08273
3391.53589 0.083222
3392.11597 0.083715
3392.69604 0.084207
3393.27588 0.084699
3393.85693 0.085192
3394.43701 0.085684
3395.01807 0.086177
3395.59912 0.08667
3396.17993 0.087162
3396.76099 0.087655
3397.34204 0.088148
3397.92310 0.088641
3398.50391 0.089134
3399.08496 0.089627
3399.66699 0.09012
3400.24902 0.0906
3400.83008 0.091062
3401.41211 0.09148
3401.99390 0.091884
3402.57593 0.092287
3403.15796 0.09269
3403.73999 0.093093
3404.32202 0.093495
3404.90503 0.093897
3405.48706 0.094299
3406.07007 0.094701
3406.65210 0.095102
3407.23511 0.095503
3407.81812 0.095904
3408.40088 0.096305
3408.98389 0.096705
3409.56689 0.097105
3410.14990 0.097507
3410.73291 0.097911
3411.31689 0.098291
3411.89990 0.098653
3412.48389 0.099014
3413.06812 0.099376
3413.65210 0.099737
3414.23608 0.100098
3414.82007 0.100459
3415.40405 0.100819
3415.98804 0.101179
3416.57300 0.10154
3417.15698 0.1019
3417.74097 0.10226
3418.32593 0.102619
3418.91089 0.102979
3419.49609 0.103338
3420.08105 0.103696
3420.66602 0.10405
3421.25098 0.104392
3421.83594 0.104721
3422.42090 0.105049
3423.00708 0.105377
3423.59204 0.105706
3424.17798 0.106034
3424.76392 0.106361
3425.35010 0.106689
3425.93604 0.107016
3426.52197 0.107343
3427.10791 0.10767
3427.69409 0.107996
3428.28003 0.108323
3428.86694 0.108649
3429.45288 0.108975
3430.04004 0.109301
3430.62695 0.109632
3431.21411 0.109969
3431.80103 0.110315
3432.38794 0.110662
3432.97510 0.111008
3433.56201 0.111354
3434.14893 0.1117
3434.73706 0.112046
3435.32397 0.112391
3435.91211 0.112736
3436.50000 0.113081
3437.08789 0.113426
3437.67603 0.113771
3438.26392 0.114115
3438.85205 0.11446
3439.43994 0.114804
3440.02808 0.115147
3440.61694 0.115485
3441.20605 0.115852
3441.79395 0.116268
3442.38306 0.116684
3442.97192 0.117099
3443.56104 0.117515
3444.14990 0.11793
3444.73901 0.118344
3445.32788 0.118759
3445.91699 0.119173
3446.50708 0.119586
3447.09692 0.12
3447.68604 0.120413
3448.27588 0.120826
3448.86597 0.121239
3449.45605 0.121651
3450.04590 0.122064
3450.63599 0.122482
3451.22607 0.122914
3451.81689 0.123365
3452.40698 0.123817
3452.99805 0.124268
3453.58789 0.124718
3454.17896 0.125169
3454.77002 0.125619
3455.36108 0.126069
3455.95190 0.126519
3456.54297 0.126968
3457.13501 0.127417
3457.72607 0.127866
3458.31812 0.128315
3458.90894 0.128763
3459.50098 0.129211
3460.09302 0.129658
3460.68506 0.130099
3461.27588 0.130554
3461.86890 0.131026
3462.46094 0.131496
3463.05298 0.131967
3463.64600 0.132437
3464.23804 0.132907
3464.83105 0.133376
3465.42310 0.133846
3466.01611 0.134315
3466.60889 0.134783
3467.20190 0.135251
3467.79492 0.135719
3468.38794 0.136187
3468.98193 0.136654
3469.57495 0.137121
3470.16797 0.137587
3470.76196 0.138054
3471.35596 0.138513
3471.94995 0.138966
3472.54297 0.139419
3473.13794 0.139873
3473.73193 0.140325
3474.32593 0.140778
3474.91992 0.14123
3475.51489 0.141682
3476.10889 0.142133
3476.70410 0.142584
3477.29907 0.143035
3477.89307 0.143485
3478.48804 0.143936
3479.08301 0.144386
3479.67798 0.144835
3480.27393 0.145288
3480.86890 0.145745
3481.46509 0.146161
3482.06006 0.146567
3482.65601 0.146973
3483.25098 0.147378
3483.84692 0.147784
3484.44312 0.148189
3485.03906 0.148593
3485.63501 0.148998
3486.23193 0.149402
3486.82788 0.149806
3487.42505 0.150209
3488.02100 0.150613
3488.61792 0.151016
3489.21509 0.151419
3489.81201 0.151822
3490.40796 0.152219
3491.00610 0.152612
3491.60303 0.152948
3492.19995 0.153283
3492.79712 0.153618
3493.39502 0.153952
3493.99194 0.154287
3494.59009 0.154621
3495.18799 0.154955
3495.78589 0.155288
3496.38403 0.155621
3496.98193 0.155955
3497.58008 0.156287
3498.17798 0.15662
3498.77710 0.156952
3499.37500 0.157284
3499.97412 0.157616
3500.57300 0.157944
3501.17090 0.158253
3501.77100 0.158518
3502.36890 0.158782
3502.96899 0.159046
3503.56812 0.15931
3504.16699 0.159574
3504.76709 0.159837
3505.36597 0.160101
3505.96606 0.160363
3506.56494 0.160626
3507.16504 0.160889
3507.76489 0.161151
3508.36499 0.161413
3508.96509 0.161674
3509.56592 0.161936
3510.16602 0.162195
3510.76611 0.162447
3511.36694 0.162666
3511.96802 0.162862
3512.56812 0.163058
3513.16895 0.163254
3513.77002 0.16345
3514.37109 0.163645
3514.97192 0.163841
3515.57397 0.164036
3516.17505 0.16423
3516.77710 0.164425
3517.37793 0.164619
3517.97998 0.164813
3518.58203 0.165007
3519.18408 0.1652
3519.78589 0.165394
3520.38794 0.165593
3520.98999 0.165794
3521.59204 0.165982
3522.19507 0.166168
3522.79712 0.166355
3523.39990 0.166541
3524.00195 0.166727
3524.60498 0.166913
3525.20801 0.167099
3525.81104 0.167285
3526.41406 0.16747
3527.01807 0.167655
3527.62109 0.16784
3528.22412 0.168025
3528.82788 0.168209
3529.43188 0.168393
3530.03491 0.168577
3530.63892 0.168752
3531.24292 0.168911
3531.84692 0.169044
3532.45093 0.169178
3533.05591 0.169311
3533.65991 0.169444
3534.26489 0.169577
3534.86890 0.16971
3535.47412 0.169842
3536.07910 0.169975
3536.68408 0.170107
3537.28906 0.170239
3537.89404 0.17037
3538.49902 0.170502
3539.10400 0.170633
3539.70898 0.170764
3540.31494 0.1709
3540.92090 0.17104
3541.52588 0.171179
3542.13208 0.171319
3542.73804 0.171458
3543.34399 0.171597
3543.94995 0.171736
3544.55591 0.171874
3545.16309 0.172012
3545.76904 0.172151
3546.37598 0.172289
3546.98193 0.172427
3547.58911 0.172564
3548.19604 0.172702
3548.80298 0.172839
3549.40991 0.172976
3550.01709 0.173113
3550.62500 0.17324
3551.23193 0.173365
3551.83911 0.173486
3552.44702 0.173607
3553.05493 0.173727
3553.66211 0.173847
3554.27002 0.173967
3554.87793 0.174087
3555.48608 0.174207
3556.09497 0.174326
3556.70288 0.174446
3557.31104 0.174565
3557.91992 0.174683
3558.52905 0.174802
3559.13696 0.174921
3559.74609 0.175039
3560.35498 0.175157
3560.96411 0.175275
3561.57300 0.175423
3562.18188 0.175573
3562.79199 0.175723
3563.40088 0.175873
3564.01099 0.176022
3564.62109 0.176172
3565.22998 0.176321
3565.84009 0.17647
3566.44995 0.176619
3567.06006 0.176767
3567.66992 0.176916
3568.28101 0.177064
3568.89111 0.177211
3569.50195 0.177359
3570.11206 0.177508
3570.72290 0.177665
3571.33398 0.177833
3571.94507 0.178012
3572.55591 0.178192
3573.16699 0.178371
3573.77808 0.178549
3574.38892 0.178728
3575.00098 0.178906
3575.61206 0.179084
3576.22412 0.179262
3576.83594 0.179439
3577.44800 0.179617
3578.06006 0.179794
3578.67212 0.179971
3579.28394 0.180147
3579.89600 0.180324
3580.50903 0.180492
3581.12109 0.180658
3581.73389 0.180822
3582.34595 0.180985
3582.95898 0.181148
3583.57202 0.181311
3584.18506 0.181473
3584.79810 0.181636
3585.41089 0.181798
3586.02490 0.18196
3586.63794 0.182121
3587.25195 0.182283
3587.86499 0.182444
3588.47900 0.182605
3589.09302 0.182765
3589.70703 0.182926
3590.32104 0.183091
3590.93506 0.183261
3591.54907 0.183421
3592.16406 0.183581
3592.77808 0.18374
3593.39307 0.183898
3594.00806 0.184057
3594.62207 0.184215
3595.23706 0.184373
3595.85205 0.184531
3596.46704 0.184689
3597.08301 0.184846
3597.69800 0.185003
3598.31299 0.18516
3598.92896 0.185317
3599.54395 0.185473
3600.15991 0.185659
3600.77588 0.185928
3601.39209 0.186171
3602.00806 0.186395
3602.62402 0.18662
3603.23999 0.186844
3603.85693 0.187069
3604.47290 0.187293
3605.09009 0.187518
3605.70703 0.187743
3606.32300 0.187968
3606.93994 0.188193
3607.55688 0.188418
3608.17505 0.188643
3608.79199 0.188868
3609.40894 0.189094
3610.02588 0.18932
3610.64404 0.189555
3611.26196 0.189777
3611.87891 0.189975
3612.49707 0.190173
3613.11499 0.190371
3613.73291 0.19057
3614.35205 0.190768
3614.96997 0.190967
3615.58789 0.191165
3616.20703 0.191364
3616.82495 0.191563
3617.44409 0.191762
3618.06299 0.191961
3618.68188 0.19216
3619.30103 0.192359
3619.91992 0.192558
3620.53906 0.192748
3621.15796 0.192926
3621.77808 0.193056
3622.39697 0.193187
3623.01709 0.193318
3623.63696 0.193448
3624.25708 0.193579
3624.87695 0.19371
3625.49707 0.193841
3626.11694 0.193972
3626.73706 0.194103
3627.35791 0.194234
3627.97803 0.194365
3628.59912 0.194497
3629.21899 0.194628
3629.84009 0.194759
3630.46094 0.194889
3631.08203 0.195016
3631.70288 0.195108
3632.32397 0.195199
3632.94604 0.195291
3633.56689 0.195383
3634.18896 0.195475
3634.81104 0.195567
3635.43188 0.195659
3636.05396 0.195751
3636.67603 0.195844
3637.29810 0.195936
3637.92090 0.196028
3638.54297 0.19612
3639.16504 0.196212
3639.78809 0.196305
3640.40991 0.196404
3641.03296 0.196507
3641.65601 0.196632
3642.27905 0.196756
3642.90210 0.196881
3643.52490 0.197006
3644.14795 0.197131
3644.77197 0.197256
3645.39502 0.197381
3646.01904 0.197506
3646.64307 0.197631
3647.26611 0.197756
3647.88989 0.197881
3648.51392 0.198007
3649.13794 0.198132
3649.76294 0.198257
3650.38696 0.198376
3651.01099 0.198491
3651.63599 0.198604
3652.26099 0.198716
3652.88501 0.198829
3653.51001 0.198942
3654.13501 0.199054
3654.76001 0.199167
3655.38501 0.19928
3656.01099 0.199393
3656.63599 0.199506
3657.26196 0.199619
3657.88696 0.199732
3658.51294 0.199845
3659.13892 0.199958
3659.76489 0.200071
3660.39111 0.200191
3661.01709 0.200316
3661.64307 0.200468
3662.27002 0.200622
3662.89600 0.200776
3663.52295 0.200931
3664.14893 0.201085
3664.77588 0.201239
3665.40308 0.201394
3666.03003 0.201548
3666.65698 0.201703
3667.28394 0.201857
3667.91211 0.202012
3668.53906 0.202167
3669.16699 0.202321
3669.79395 0.202476
3670.42212 0.202624
3671.05005 0.202768
3671.67798 0.202913
3672.30591 0.203058
3672.93408 0.203204
3673.56299 0.203349
3674.19092 0.203495
3674.82007 0.203641
3675.44800 0.203786
3676.07690 0.203932
3676.70605 0.204078
3677.33496 0.204224
3677.96411 0.204369
3678.59302 0.204515
3679.22192 0.204661
3679.85205 0.204807
3680.48096 0.204953
3681.11108 0.205098
3681.73999 0.205234
3682.37012 0.205371
3683.00000 0.205507
3683.62988 0.205643
3684.26001 0.205779
