threeML/data/optical_filters/HST/WFC3_UVIS1-F373N.ecsv
# %ECSV 0.9
# ---
# datatype:
# - {name: wavelength, unit: Angstrom, datatype: float32}
# - {name: response, datatype: float32}
# meta: !!omap
# - {band_name: F373N}
# - {group_name: WFC3_UVIS1}
wavelength response
3319.05151 0.0
3687.83496 0.000407
3688.46606 0.00047
3689.09692 0.000558
3689.72803 0.000655
3690.35889 0.000764
3690.99097 0.000919
3691.62207 0.001088
3692.25391 0.001273
3692.88599 0.001534
3693.51807 0.001839
3694.14893 0.002238
3694.78101 0.002721
3695.41406 0.003279
3696.04590 0.004079
3696.67798 0.005014
3697.31104 0.006163
3697.94312 0.007758
3698.57593 0.00964
3699.20898 0.012167
3699.84204 0.015459
3700.47510 0.019285
3701.10791 0.024598
3701.74097 0.030891
3702.37402 0.038358
3703.00806 0.048106
3703.64111 0.058768
3704.27490 0.070821
3704.90894 0.084629
3705.54199 0.099042
3706.17700 0.112909
3706.81104 0.126349
3707.44507 0.139461
3708.07910 0.148371
3708.71289 0.155914
3709.34790 0.161567
3709.98291 0.164465
3710.61694 0.166353
3711.25195 0.166907
3711.88696 0.167147
3712.52197 0.167188
3713.15698 0.16679
3713.79297 0.166492
3714.42798 0.166283
3715.06299 0.166645
3715.69897 0.1672
3716.33496 0.168022
3716.97095 0.168733
3717.60693 0.169549
3718.24292 0.170787
3718.87891 0.171582
3719.51489 0.172199
3720.15088 0.173304
3720.78809 0.174074
3721.42505 0.17454
3722.06104 0.175212
3722.69800 0.175772
3723.33496 0.176125
3723.97192 0.176409
3724.60889 0.176565
3725.24609 0.176356
3725.88403 0.176217
3726.52100 0.176123
3727.15894 0.176122
3727.79590 0.175939
3728.43408 0.175593
3729.07202 0.175341
3729.70996 0.175171
3730.34790 0.175123
3730.98608 0.17518
3731.62500 0.175199
3732.26294 0.175043
3732.90210 0.175066
3733.54004 0.175156
3734.17896 0.175157
3734.81812 0.175194
3735.45703 0.175262
3736.09595 0.175534
3736.73511 0.175862
3737.37500 0.17626
3738.01392 0.176415
3738.65405 0.176552
3739.29297 0.176739
3739.93311 0.176832
3740.57300 0.17686
3741.21289 0.17669
3741.85303 0.176678
3742.49292 0.176739
3743.13306 0.176189
3743.77393 0.175574
3744.41406 0.17489
3745.05493 0.173412
3745.69604 0.171662
3746.33594 0.169548
3746.97803 0.166706
3747.61792 0.163628
3748.26001 0.160379
3748.90088 0.155965
3749.54199 0.150863
3750.18408 0.144762
3750.82495 0.138004
3751.46704 0.13073
3752.10889 0.122425
3752.75098 0.11394
3753.39307 0.105228
3754.03491 0.095609
3754.67700 0.086098
3755.32007 0.077062
3755.96191 0.068493
3756.60498 0.060284
3757.24805 0.052889
3757.88989 0.04618
3758.53296 0.039888
3759.17700 0.034147
3759.82007 0.029036
3760.46289 0.024449
3761.10596 0.020927
3761.75000 0.01771
3762.39307 0.014873
3763.03711 0.012595
3763.68091 0.010549
3764.32495 0.008826
3764.96899 0.007437
3765.61304 0.006217
3766.25708 0.005254
3766.90210 0.004432
3767.54590 0.003702
3768.19092 0.003151
3768.83496 0.002674
3769.47998 0.002257
3770.12500 0.001946
3770.77002 0.001671
3771.41504 0.001437
3772.06104 0.001226
3772.70605 0.001042
3773.35107 0.000903
3773.99707 0.00078
3774.64307 0.00067
3775.28809 0.000586
3775.93408 0.000516
3776.58008 0.000451
4154.23828 0.0
