threeML/data/optical_filters/HST/WFC3_UVIS1-F475W.ecsv
# %ECSV 0.9
# ---
# datatype:
# - {name: wavelength, unit: Angstrom, datatype: float32}
# - {name: response, datatype: float32}
# meta: !!omap
# - {band_name: F475W}
# - {group_name: WFC3_UVIS1}
wavelength response
3527.54907 0.0
3919.49902 0.000415
3920.16992 0.000432
3920.84009 0.000449
3921.51099 0.000478
3922.18188 0.000517
3922.85303 0.000555
3923.52393 0.000594
3924.19604 0.000632
3924.86694 0.000671
3925.53906 0.000709
3926.20996 0.000748
3926.88208 0.000786
3927.55396 0.000825
3928.22607 0.000864
3928.89795 0.000903
3929.57007 0.000941
3930.24194 0.00098
3930.91504 0.001019
3931.58691 0.001092
3932.26001 0.001179
3932.93311 0.001266
3933.60596 0.001353
3934.27905 0.00144
3934.95190 0.001527
3935.62500 0.001615
3936.29907 0.001702
3936.97192 0.00179
3937.64600 0.001877
3938.31909 0.001965
3938.99292 0.002053
3939.66699 0.002141
3940.34106 0.002229
3941.01489 0.002317
3941.68994 0.002489
3942.36401 0.002677
3943.03906 0.002865
3943.71289 0.003053
3944.38794 0.003241
3945.06299 0.00343
3945.73804 0.003618
3946.41309 0.003807
3947.08789 0.003996
3947.76294 0.004185
3948.43896 0.004374
3949.11499 0.004563
3949.79004 0.004753
3950.46606 0.004943
3951.14209 0.005139
3951.81812 0.005519
3952.49390 0.0059
3953.16992 0.006281
3953.84595 0.006662
3954.52295 0.007044
3955.19995 0.007426
3955.87598 0.007808
3956.55298 0.008191
3957.22998 0.008573
3957.90698 0.008957
3958.58398 0.00934
3959.26196 0.009724
3959.93896 0.010109
3960.61694 0.010494
3961.29395 0.01096
3961.97192 0.011662
3962.64990 0.012365
3963.32788 0.013069
3964.00610 0.013773
3964.68408 0.014478
3965.36304 0.015183
3966.04102 0.01589
3966.71899 0.016596
3967.39795 0.017304
3968.07690 0.018013
3968.75610 0.018722
3969.43506 0.019432
3970.11401 0.020142
3970.79297 0.020852
3971.47290 0.021773
3972.15210 0.022894
3972.83203 0.024015
3973.51099 0.025137
3974.19092 0.026261
3974.87109 0.027385
3975.55200 0.028511
3976.23193 0.029637
3976.91211 0.030765
3977.59204 0.031893
3978.27295 0.033023
3978.95410 0.034153
3979.63403 0.035285
3980.31494 0.036417
3980.99609 0.037551
3981.67700 0.038924
3982.35889 0.040355
3983.04004 0.041787
3983.72095 0.043221
3984.40308 0.044656
3985.08496 0.046091
3985.76709 0.047529
3986.44800 0.048967
3987.13110 0.050407
3987.81299 0.051848
3988.49512 0.05329
3989.17700 0.054734
3989.86011 0.056179
3990.54297 0.057628
3991.22510 0.059094
3991.90796 0.060658
3992.59106 0.062223
3993.27393 0.06379
3993.95801 0.065359
3994.64111 0.066929
3995.32397 0.0685
3996.00806 0.070073
3996.69189 0.071648
3997.37500 0.073224
3998.06006 0.074802
3998.74292 0.076381
3999.42798 0.077962
4000.11206 0.07954
4000.79590 0.081099
4001.48096 0.082642
4002.16602 0.08417
4002.85010 0.085699
4003.53491 0.087228
4004.21997 0.088758
4004.90503 0.090289
4005.59009 0.091819
4006.27588 0.093351
4006.96094 0.094883
4007.64697 0.096416
4008.33301 0.09795
4009.01807 0.099483
4009.70410 0.101017
4010.38989 0.102552
4011.07593 0.104088
4011.76294 0.105409
4012.44897 0.106711
4013.13501 0.108014
4013.82202 0.109317
4014.50903 0.110621
4015.19604 0.111925
4015.88306 0.113229
4016.57007 0.114534
4017.25708 0.11584
4017.94409 0.117145
4018.63208 0.118452
4019.31909 0.119759
4020.00708 0.121066
4020.69507 0.122381
4021.38306 0.123597
4022.07104 0.124635
4022.75903 0.125674
4023.44702 0.126713
4024.13599 0.127752
4024.82397 0.128792
4025.51294 0.129832
4026.20190 0.130874
4026.88989 0.131915
4027.57910 0.132957
4028.26904 0.134
4028.95801 0.135043
4029.64697 0.136086
4030.33594 0.137129
4031.02588 0.138171
4031.71606 0.139003
4032.40601 0.139794
4033.09497 0.140586
4033.78491 0.141378
4034.47607 0.14217
4035.16602 0.142963
4035.85596 0.143756
4036.54712 0.144549
4037.23804 0.145343
4037.92798 0.146137
4038.61890 0.146932
4039.31006 0.147726
4040.00098 0.148522
4040.69189 0.149317
4041.38403 0.150042
4042.07495 0.150635
4042.76709 0.151228
4043.45801 0.151822
4044.14990 0.152416
4044.84204 0.15301
4045.53394 0.153604
4046.22705 0.154199
4046.91895 0.154793
4047.61108 0.155389
4048.30396 0.155984
4048.99609 0.15658
4049.68896 0.157176
4050.38208 0.157777
4051.07495 0.158383
4051.76807 0.158843
4052.46094 0.159286
4053.15503 0.15973
4053.84790 0.160174
4054.54199 0.160619
4055.23511 0.161063
4055.92896 0.161508
4056.62305 0.161954
4057.31689 0.162399
4058.01099 0.162845
4058.70605 0.163291
4059.39990 0.163737
4060.09497 0.164182
4060.78906 0.164618
4061.48389 0.165007
4062.17896 0.165346
4062.87402 0.165685
4063.56909 0.166024
4064.26392 0.166363
4064.95996 0.166702
4065.65503 0.167041
4066.35107 0.167381
4067.04712 0.16772
4067.74194 0.16806
4068.43799 0.1684
4069.13501 0.16874
4069.83105 0.16908
4070.52710 0.169421
4071.22412 0.169754
4071.91992 0.170026
4072.61694 0.170298
4073.31396 0.17057
4074.01001 0.170842
4074.70801 0.171114
4075.40503 0.171387
4076.10205 0.171659
4076.79907 0.171932
4077.49707 0.172205
4078.19507 0.172478
4078.89209 0.172751
4079.59009 0.173024
4080.28809 0.173301
4080.98608 0.173585
4081.68506 0.173823
4082.38306 0.174046
4083.08105 0.174269
4083.78003 0.174493
4084.47900 0.174716
4085.17700 0.17494
4085.87598 0.175164
4086.57495 0.175388
4087.27490 0.175612
4087.97412 0.175837
4088.67310 0.176061
4089.37305 0.176285
4090.07300 0.176509
4090.77197 0.176723
4091.47192 0.17693
4092.17212 0.177129
4092.87305 0.177329
4093.57300 0.177529
4094.27295 0.177728
4094.97412 0.177928
4095.67407 0.178128
4096.37500 0.178328
4097.07617 0.178528
4097.77686 0.178728
4098.47803 0.178928
4099.17920 0.179128
4099.88086 0.179329
4100.58203 0.179529
4101.28418 0.179721
4101.98486 0.179872
4102.68701 0.180024
4103.38916 0.180175
4104.09082 0.180327
4104.79297 0.180479
4105.49609 0.180631
4106.19824 0.180783
4106.90088 0.180935
4107.60400 0.181087
4108.30615 0.181239
4109.00879 0.181391
4109.71191 0.181543
4110.41504 0.181702
4111.11914 0.181865
4111.82178 0.182016
4112.52490 0.182166
4113.22900 0.182316
4113.93311 0.182467
4114.63721 0.182617
4115.34082 0.182767
4116.04492 0.182918
4116.74902 0.183069
4117.45312 0.183219
4118.15820 0.18337
4118.86182 0.183521
4119.56689 0.183672
4120.27197 0.183818
4120.97705 0.183958
4121.68213 0.184109
4122.38721 0.184263
4123.09180 0.184418
4123.79785 0.184573
4124.50293 0.184728
4125.20898 0.184883
4125.91504 0.185038
4126.62109 0.185193
4127.32715 0.185348
4128.03320 0.185503
4128.73877 0.185658
4129.44580 0.185813
4130.15186 0.185969
4130.85889 0.186124
4131.56592 0.186268
4132.27197 0.186404
4132.97900 0.18654
4133.68701 0.186677
4134.39404 0.186813
4135.10205 0.186949
4135.80908 0.187086
4136.51709 0.187222
4137.22412 0.187359
4137.93213 0.187495
4138.64014 0.187632
4139.34814 0.187768
4140.05713 0.187905
4140.76514 0.188042
4141.47314 0.188193
4142.18213 0.188363
4142.89111 0.188534
4143.59912 0.188704
4144.30811 0.188874
4145.01807 0.189045
4145.72705 0.189216
4146.43604 0.189386
4147.14600 0.189557
4147.85498 0.189728
4148.56396 0.189899
4149.27393 0.19007
4149.98389 0.190241
4150.69385 0.190423
4151.40381 0.190607
4152.11523 0.190796
4152.82520 0.190984
4153.53613 0.191172
4154.24609 0.191361
4154.95703 0.191549
4155.66797 0.191738
4156.37891 0.191927
4157.08984 0.192116
4157.80078 0.192304
4158.51318 0.192494
4159.22412 0.192683
4159.93604 0.192872
4160.64697 0.19305
4161.35889 0.193233
4162.07080 0.193431
4162.78418 0.193629
4163.49609 0.193827
4164.20801 0.194025
4164.91992 0.194223
4165.63281 0.194421
4166.34619 0.194619
4167.05908 0.194818
4167.77100 0.195016
4168.48486 0.195215
4169.19824 0.195413
4169.91113 0.195612
4170.62500 0.19581
4171.33789 0.196014
4172.05176 0.196236
4172.76611 0.196458
4173.47998 0.196681
4174.19385 0.196903
4174.90820 0.197125
4175.62305 0.197348
4176.33691 0.19757
4177.05078 0.197793
4177.76611 0.198015
4178.48096 0.198238
4179.19580 0.198461
4179.91113 0.198684
4180.62598 0.198918
4181.34082 0.199149
4182.05713 0.199369
4182.77197 0.19959
4183.48779 0.19981
4184.20410 0.20003
4184.91895 0.200251
4185.63477 0.200471
4186.35205 0.200692
4187.06787 0.200913
4187.78418 0.201134
4188.50000 0.201355
4189.21680 0.201576
4189.93408 0.201797
4190.65088 0.202007
4191.36816 0.202215
4192.08496 0.202421
4192.80176 0.202626
4193.52002 0.202832
4194.23682 0.203038
4194.95508 0.203243
4195.67188 0.203449
4196.39111 0.203655
4197.10791 0.203861
4197.82715 0.204067
4198.54492 0.204273
4199.26318 0.20448
4199.98096 0.204686
4200.70020 0.204892
4201.41895 0.205092
4202.13818 0.205279
4202.85596 0.205466
4203.57617 0.205654
4204.29492 0.205841
4205.01416 0.206028
4205.73389 0.206216
4206.45312 0.206403
4207.17285 0.206591
4207.89307 0.206778
4208.61279 0.206966
4209.33301 0.207154
4210.05322 0.207342
4210.77295 0.207529
4211.49414 0.207704
4212.21387 0.207863
4212.93506 0.208021
4213.65576 0.208179
4214.37695 0.208337
4215.09814 0.208496
4215.81885 0.208654
4216.54102 0.208813
4217.26221 0.208971
4217.98291 0.20913
4218.70508 0.209289
4219.42676 0.209447
4220.14893 0.209609
4220.87109 0.209781
4221.59277 0.209933
4222.31494 0.21007
4223.03809 0.210207
4223.75977 0.210344
4224.48291 0.210481
4225.20605 0.210618
4225.92920 0.210756
4226.65088 0.210893
4227.37500 0.21103
4228.09814 0.211168
4228.82080 0.211305
4229.54492 0.211443
4230.26904 0.211573
4230.99219 0.211692
4231.71582 0.211771
4232.43994 0.211835
4233.16504 0.211898
4233.88916 0.211962
4234.61279 0.212026
4235.33691 0.21209
4236.06201 0.212153
4236.78711 0.212217
4237.51221 0.212281
4238.23682 0.212345
4238.96191 0.212409
4239.68799 0.212473
4240.41309 0.212536
4241.13818 0.2126
4241.86377 0.212634
4242.58984 0.212666
4243.31494 0.212697
4244.04199 0.212728
4244.76807 0.21276
4245.49414 0.212791
4246.22021 0.212823
4246.94678 0.212854
4247.67285 0.212886
4248.39990 0.212917
4249.12695 0.212949
4249.85400 0.21298
4250.58105 0.213022
4251.30908 0.213062
4252.03613 0.213074
4252.76318 0.213087
4253.49121 0.213099
4254.21924 0.213112
4254.94678 0.213124
4255.67383 0.213136
4256.40283 0.213149
4257.13086 0.213161
4257.85889 0.213173
4258.58789 0.213186
4259.31592 0.213198
4260.04492 0.21321
4260.77393 0.213209
4261.50293 0.213205
4262.23193 0.213197
4262.96094 0.21319
4263.69092 0.213182
4264.41992 0.213174
4265.14990 0.213167
4265.87891 0.213159
4266.60889 0.213151
4267.33887 0.213143
4268.06982 0.213136
4268.79980 0.213128
4269.52979 0.21312
4270.26123 0.213112
4270.99121 0.213105
4271.72217 0.213092
4272.45312 0.213077
4273.18408 0.213062
4273.91504 0.213048
4274.64600 0.213033
4275.37695 0.213018
4276.10889 0.213004
4276.84082 0.212989
4277.57324 0.212974
4278.30420 0.212959
4279.03613 0.212945
4279.76904 0.21293
4280.50098 0.212915
4281.23291 0.212902
4281.96582 0.212932
4282.69824 0.212963
4283.43115 0.212993
4284.16406 0.213024
4284.89697 0.213054
4285.62988 0.213085
4286.36279 0.213115
4287.09717 0.213146
4287.83008 0.213176
4288.56299 0.213207
4289.29688 0.213237
4290.03076 0.213268
4290.76514 0.213312
4291.50000 0.213369
4292.23389 0.213447
4292.96777 0.213524
4293.70312 0.213601
4294.43701 0.213678
4295.17188 0.213756
4295.90723 0.213833
4296.64209 0.213911
4297.37695 0.213988
4298.11182 0.214065
4298.84814 0.214143
4299.58301 0.21422
4300.31885 0.214292
4301.05518 0.214356
4301.79102 0.214458
4302.52588 0.214569
4303.26318 0.214681
4303.99902 0.214792
4304.73486 0.214904
4305.47217 0.215016
4306.20801 0.215127
4306.94482 0.215239
4307.68213 0.215351
4308.41895 0.215463
4309.15576 0.215575
4309.89404 0.215686
4310.63086 0.215798
4311.36914 0.215919
4312.10596 0.216075
4312.84424 0.216231
4313.58203 0.216386
4314.31982 0.216542
4315.05811 0.216698
4315.79590 0.216854
4316.53516 0.21701
4317.27295 0.217166
4318.01221 0.217322
4318.75000 0.217478
4319.49023 0.217634
4320.22900 0.21779
4320.96777 0.217947
4321.70703 0.218118
4322.44580 0.218297
4323.18604 0.218477
4323.92578 0.218656
4324.66602 0.218835
4325.40479 0.219015
4326.14600 0.219194
4326.88623 0.219374
4327.62598 0.219553
4328.36621 0.219733
4329.10693 0.219913
4329.84814 0.220092
4330.58789 0.220283
4331.33008 0.22048
4332.06982 0.220695
4332.81201 0.220909
4333.55322 0.221124
4334.29395 0.221339
4335.03613 0.221554
4335.77783 0.221769
4336.52002 0.221985
4337.26123 0.2222
4338.00293 0.222415
4338.74609 0.222631
4339.48779 0.222846
4340.22998 0.223057
4340.97314 0.223259
4341.71582 0.223448
4342.45801 0.22363
4343.20215 0.223813
4343.94482 0.223995
4344.68799 0.224178
4345.43115 0.224361
4346.17480 0.224543
4346.91797 0.224726
4347.66211 0.224909
4348.40576 0.225092
4349.14990 0.225275
4349.89404 0.225458
4350.63818 0.225641
4351.38281 0.225817
4352.12695 0.225964
4352.87207 0.226111
4353.61719 0.226259
4354.36084 0.226406
4355.10596 0.226554
4355.85205 0.226701
4356.59717 0.226849
4357.34180 0.226997
4358.08789 0.227144
4358.83301 0.227292
4359.57910 0.22744
4360.32520 0.227588
4361.07080 0.227736
4361.81689 0.227856
4362.56299 0.227969
4363.31006 0.228083
4364.05713 0.228196
4364.80322 0.22831
4365.54980 0.228423
4366.29688 0.228537
4367.04395 0.22865
4367.79102 0.228764
4368.53906 0.228878
4369.28613 0.228991
4370.03418 0.229105
4370.78076 0.229234
4371.52881 0.229339
4372.27686 0.229408
4373.02490 0.229478
4373.77295 0.229548
4374.52100 0.229618
4375.27002 0.229688
4376.01904 0.229758
4376.76709 0.229828
4377.51611 0.229898
4378.26514 0.229968
4379.01416 0.230038
4379.76318 0.230108
4380.51318 0.230168
4381.26221 0.230222
4382.01221 0.230251
4382.76221 0.230281
4383.51123 0.23031
4384.26123 0.230339
4385.01221 0.230368
4385.76221 0.230397
4386.51221 0.230426
4387.26318 0.230455
4388.01318 0.230484
4388.76416 0.230514
4389.51514 0.230543
4390.26611 0.230572
4391.01709 0.230601
4391.76904 0.230606
4392.52002 0.230601
4393.27100 0.230596
4394.02295 0.230591
4394.77490 0.230587
4395.52686 0.230582
4396.27881 0.230577
4397.03076 0.230572
4397.78320 0.230567
4398.53613 0.230562
4399.28906 0.230557
4400.04102 0.230552
4400.79395 0.230547
4401.54688 0.230541
4402.29980 0.230531
4403.05322 0.230521
4403.80713 0.230512
4404.56006 0.230502
4405.31299 0.230493
4406.06689 0.230483
4406.82080 0.230473
4407.57520 0.230464
4408.32910 0.230454
4409.08301 0.230444
4409.83789 0.230435
4410.59180 0.230425
4411.34717 0.23042
4412.10205 0.230441
4412.85596 0.230462
4413.61084 0.230484
4414.36719 0.230505
4415.12207 0.230526
4415.87695 0.230547
4416.63281 0.230569
4417.38916 0.23059
4418.14502 0.230612
4418.89990 0.230633
4419.65576 0.230654
4420.41309 0.230684
4421.16895 0.23072
4421.92480 0.230781
4422.68213 0.230845
4423.43799 0.230909
4424.19482 0.230973
4424.95215 0.231037
4425.70898 0.231101
4426.46680 0.231165
4427.22412 0.23123
4427.98096 0.231294
4428.73877 0.231358
4429.49707 0.231422
4430.25391 0.231483
4431.01318 0.231539
4431.77100 0.231624
4432.52881 0.231721
4433.28809 0.231819
4434.04590 0.231916
4434.80518 0.232014
4435.56299 0.232112
4436.32178 0.232209
4437.08105 0.232307
4437.83984 0.232405
4438.60010 0.232502
4439.35889 0.2326
4440.11914 0.232698
4440.87793 0.232796
4441.63818 0.232916
4442.39795 0.233059
4443.15820 0.233201
4443.91797 0.233343
4444.67920 0.233486
4445.43896 0.233628
4446.20020 0.233771
4446.95996 0.233913
4447.72119 0.234056
4448.48193 0.234199
4449.24316 0.234342
4450.00488 0.234485
4450.76611 0.234627
4451.52686 0.234785
4452.28906 0.234967
4453.05078 0.23515
4453.81299 0.235333
4454.57520 0.235516
4455.33691 0.235699
4456.09912 0.235882
4456.86182 0.236066
4457.62402 0.236249
4458.38721 0.236432
4459.14990 0.236616
4459.91309 0.236799
4460.67578 0.236996
4461.43896 0.237199
4462.20215 0.237414
4462.96582 0.237629
4463.72900 0.237844
4464.49316 0.238059
4465.25684 0.238274
4466.02100 0.238489
4466.78516 0.238704
4467.54883 0.23892
4468.31299 0.239135
4469.07812 0.239351
4469.84277 0.239566
4470.60693 0.23977
4471.37305 0.239973
4472.13721 0.240188
4472.90186 0.240403
4473.66797 0.240619
4474.43311 0.240835
4475.19922 0.241051
4475.96387 0.241266
4476.72998 0.241483
4477.49609 0.241699
4478.26221 0.241915
4479.02783 0.242131
4479.79492 0.242347
4480.56201 0.242564
4481.32812 0.242779
4482.09521 0.242984
4482.86084 0.243189
4483.62793 0.243394
4484.39600 0.243599
4485.16309 0.243804
4485.93018 0.244009
4486.69824 0.244215
4487.46484 0.24442
4488.23291 0.244626
4489.00098 0.244831
4489.76904 0.245037
4490.53809 0.245243
4491.30615 0.245447
4492.07422 0.245621
4492.84277 0.245796
4493.61084 0.245971
4494.37988 0.246146
4495.14893 0.246321
4495.91797 0.246496
