threeML/data/optical_filters/HST/WFC3_IR-F160W.ecsv
# %ECSV 0.9
# ---
# datatype:
# - {name: wavelength, unit: Angstrom, datatype: float32}
# - {name: response, datatype: float32}
# meta: !!omap
# - {band_name: F160W}
# - {group_name: WFC3_IR}
wavelength response
[from data line 766]
14592.25977 0.539678
14593.44043 0.539724
14594.62012 0.539769
14595.80957 0.539815
14596.99023 0.53986
14598.16992 0.539906
14599.36035 0.539951
14600.54004 0.539993
14601.73047 0.540031
14602.91016 0.54007
14604.09961 0.540116
14605.28027 0.540237
14606.46973 0.540358
14607.65039 0.54048
14608.83984 0.540601
14610.01953 0.540722
14611.20996 0.540844
14612.38965 0.540965
14613.58008 0.541087
14614.75977 0.541208
14615.95020 0.54133
14617.12988 0.541451
14618.32031 0.541573
14619.50977 0.541694
14620.69043 0.541816
14621.87988 0.541937
14623.05957 0.542059
14624.25000 0.542187
14625.44043 0.542342
14626.62012 0.542497
14627.80957 0.542652
14629.00000 0.542807
14630.17969 0.542962
14631.37012 0.543117
14632.55957 0.543272
14633.74023 0.543427
14634.92969 0.543582
14636.12012 0.543737
14637.30957 0.543892
14638.49023 0.544047
14639.67969 0.544202
14640.87012 0.544318
14642.05957 0.544421
14643.24023 0.544523
14644.42969 0.544638
14645.62012 0.544777
14646.80957 0.544915
14648.00000 0.545054
14649.17969 0.545193
14650.37012 0.545348
14651.55957 0.54554
14652.75000 0.545732
14653.94043 0.545923
14655.12988 0.546115
14656.32031 0.546307
14657.50000 0.546499
14658.69043 0.546691
14659.87988 0.546883
14661.07031 0.547075
14662.25977 0.547267
14663.45020 0.547459
14664.63965 0.547628
14665.83008 0.547777
14667.01953 0.547926
14668.20996 0.548074
14669.40039 0.548223
14670.58984 0.548372
14671.78027 0.548521
14672.96973 0.54867
14674.16016 0.548819
14675.34961 0.548968
14676.54004 0.549116
14677.73047 0.549265
14678.91992 0.549415
14680.11035 0.549563
14681.29980 0.549713
14682.50000 0.549861
14683.69043 0.55001
14684.87988 0.550113
14686.07031 0.550199
14687.25977 0.550285
14688.45020 0.55037
14689.63965 0.550456
14690.83008 0.550542
14692.03027 0.550627
14693.21973 0.550713
14694.41016 0.550799
14695.59961 0.550884
14696.79004 0.55097
14697.99023 0.551056
14699.17969 0.551141
14700.37012 0.55121
14701.55957 0.551242
14702.75977 0.551274
14703.95020 0.551306
14705.13965 0.551243
14706.33984 0.551174
14707.53027 0.551106
14708.71973 0.551037
14709.91992 0.550968
14711.11035 0.55095
14712.29980 0.550935
14713.50000 0.550921
14714.69043 0.550906
14715.87988 0.550891
14717.08008 0.550877
14718.26953 0.550862
14719.45996 0.550848
14720.66016 0.550833
14721.84961 0.550818
14723.04980 0.550804
14724.24023 0.550773
14725.44043 0.550671
14726.62988 0.55057
14727.82031 0.550468
14729.01953 0.550366
14730.20996 0.550264
14731.41016 0.550162
14732.59961 0.55006
14733.79980 0.549958
14734.99023 0.549856
14736.19043 0.549754
14737.38965 0.549653
14738.58008 0.549551
14739.78027 0.549449
14740.96973 0.549347
14742.16992 0.549245
14743.36035 0.549143
14744.55957 0.549014
14745.75977 0.548852
14746.95020 0.548689
14748.15039 0.548527
14749.33984 0.548364
14750.54004 0.548177
14751.74023 0.547961
14752.92969 0.547744
14754.12988 0.547528
14755.33008 0.547312
14756.53027 0.547095
14757.71973 0.546879
14758.91992 0.546662
14760.12012 0.546451
14761.30957 0.546289
14762.50977 0.546126
14763.70996 0.545963
14764.91016 0.5457
14766.09961 0.5454
14767.29980 0.545099
14768.50000 0.544799
14769.70020 0.544498
14770.90039 0.544197
14772.09961 0.543897
14773.29004 0.543596
14774.49023 0.543295
14775.69043 0.542994
14776.88965 0.542693
14778.08984 0.542393
14779.29004 0.542092
14780.49023 0.541791
14781.67969 0.54149
14782.87988 0.541189
14784.08008 0.540889
14785.28027 0.540639
14786.48047 0.540388
14787.67969 0.540137
14788.87988 0.539886
14790.08008 0.539632
14791.28027 0.539328
14792.48047 0.539024
14793.67969 0.53872
14794.87988 0.538416
14796.08008 0.538112
14797.28027 0.537808
14798.48047 0.537504
14799.67969 0.5372
14800.87988 0.53693
14802.08008 0.536673
14803.28027 0.536416
14804.48047 0.536162
14805.69043 0.535914
14806.88965 0.535667
14808.08984 0.53542
14809.29004 0.535172
14810.49023 0.534924
14811.69043 0.534677
14812.88965 0.534429
14814.09961 0.534182
14815.29980 0.533934
14816.50000 0.533686
14817.70020 0.533439
14818.90039 0.533191
14820.11035 0.532943
14821.30957 0.532695
14822.50977 0.532447
14823.70996 0.5322
14824.91992 0.531966
14826.12012 0.531739
14827.32031 0.531511
14828.51953 0.531283
14829.73047 0.531056
14830.92969 0.530787
14832.12988 0.530507
14833.33008 0.530227
14834.54004 0.529947
14835.74023 0.529666
14836.95020 0.529386
14838.15039 0.529106
14839.34961 0.528826
14840.55957 0.52857
14841.75977 0.528342
14842.95996 0.528114
14844.16992 0.527899
14845.37012 0.527803
14846.58008 0.527706
14847.78027 0.52761
14848.99023 0.527514
14850.19043 0.527418
14851.40039 0.527321
14852.59961 0.527225
14853.79980 0.527129
14855.00977 0.527033
14856.20996 0.526936
14857.41992 0.52684
14858.62988 0.526744
14859.83008 0.526647
14861.04004 0.526551
14862.24023 0.526455
14863.45020 0.526358
14864.65039 0.526297
14865.86035 0.526272
14867.07031 0.526246
14868.26953 0.526221
14869.48047 0.526196
14870.67969 0.526141
14871.88965 0.526063
14873.09961 0.525985
14874.29980 0.525908
14875.50977 0.52583
14876.71973 0.525753
14877.91992 0.525675
14879.12988 0.525598
14880.33984 0.525535
14881.54004 0.525509
14882.75000 0.525484
14883.95996 0.525459
14885.16992 0.52551
14886.37012 0.525569
14887.58008 0.525629
14888.79004 0.525688
14890.00000 0.525747
14891.20996 0.525807
14892.41016 0.525866
14893.62012 0.525925
14894.83008 0.525984
14896.04004 0.526044
14897.25000 0.526103
14898.45020 0.526163
14899.66016 0.526222
14900.87012 0.526281
14902.08008 0.52634
14903.29004 0.5264
14904.50000 0.52649
14905.70996 0.526638
14906.91992 0.526785
14908.12988 0.526933
14909.33008 0.527081
14910.54004 0.527204
14911.75000 0.5273
14912.95996 0.527394
14914.16992 0.52749
14915.37988 0.527585
14916.58984 0.52768
14917.79980 0.527775
14919.00977 0.52787
14920.21973 0.527974
14921.42969 0.528122
14922.63965 0.52827
14923.86035 0.528417
14925.07031 0.528584
14926.28027 0.528756
14927.49023 0.528927
14928.70020 0.529099
14929.91016 0.52927
14931.12012 0.529442
14932.33008 0.529613
14933.54004 0.529785
14934.75000 0.529957
14935.96973 0.530128
14937.17969 0.5303
14938.38965 0.530471
14939.59961 0.530643
14940.80957 0.530815
14942.03027 0.530986
14943.24023 0.531158
14944.45020 0.531353
14945.66016 0.531599
14946.87012 0.531846
14948.08984 0.532092
14949.29980 0.532339
14950.50977 0.532563
14951.73047 0.532756
14952.94043 0.53295
14954.15039 0.533143
14955.36035 0.533336
14956.58008 0.53353
14957.79004 0.533723
14959.00000 0.533916
14960.21973 0.534119
14961.42969 0.534366
14962.65039 0.534612
14963.86035 0.534859
14965.07031 0.5351
14966.29004 0.53534
14967.50000 0.53558
14968.71973 0.535821
14969.92969 0.536061
14971.13965 0.5363
14972.36035 0.536541
14973.57031 0.536781
14974.79004 0.537021
14976.00000 0.537261
14977.21973 0.537501
14978.42969 0.537742
14979.65039 0.537982
14980.86035 0.538184
14982.08008 0.53837
14983.29004 0.538556
14984.50977 0.538733
14985.71973 0.538893
14986.94043 0.539052
14988.16016 0.53921
14989.37012 0.539369
14990.58984 0.539554
14991.79980 0.539767
14993.01953 0.539981
14994.24023 0.540194
14995.45020 0.540407
14996.66992 0.54062
14997.88965 0.540833
14999.09961 0.541047
15000.32031 0.541252
15001.54004 0.541434
15002.75000 0.541615
15003.96973 0.541797
15005.19043 0.541957
15006.40039 0.542115
15007.62012 0.542273
15008.83984 0.542431
15010.05957 0.542586
15011.26953 0.542689
15012.49023 0.542792
15013.70996 0.542896
15014.92969 0.542999
15016.15039 0.543102
15017.36035 0.543205
15018.58008 0.543308
15019.79980 0.543411
15021.01953 0.54356
15022.24023 0.543717
15023.45996 0.543875
15024.66992 0.54402
15025.88965 0.54415
15027.11035 0.544281
15028.33008 0.544411
15029.54980 0.544542
15030.76953 0.544672
15031.99023 0.544802
15033.20996 0.544933
15034.42969 0.545063
15035.65039 0.545194
15036.87012 0.545324
15038.08984 0.545455
15039.30957 0.545585
15040.53027 0.545692
15041.75000 0.545767
15042.96973 0.545842
15044.19043 0.545913
15045.41016 0.545924
15046.62988 0.545934
15047.84961 0.545945
15049.07031 0.545955
15050.29004 0.545979
15051.50977 0.546045
15052.73047 0.54611
15053.95996 0.546176
15055.17969 0.546241
15056.40039 0.546307
15057.62012 0.546372
15058.83984 0.546438
15060.05957 0.546503
15061.28027 0.546569
15062.50000 0.546634
15063.73047 0.5467
15064.95020 0.54677
15066.16992 0.546842
15067.38965 0.546914
15068.62012 0.546987
15069.83984 0.547059
15071.05957 0.547083
15072.28027 0.5471
15073.50977 0.547118
15074.73047 0.547134
15075.95020 0.547151
15077.16992 0.547168
15078.40039 0.547185
15079.62012 0.547202
15080.83984 0.547257
15082.07031 0.547329
15083.29004 0.547401
15084.50977 0.547462
15085.74023 0.547497
15086.95996 0.547531
15088.19043 0.547566
15089.41016 0.547601
15090.62988 0.547636
15091.86035 0.54767
15093.08008 0.547705
15094.30957 0.54774
15095.53027 0.547774
15096.75977 0.547809
15097.98047 0.547844
15099.20996 0.547879
15100.42969 0.547894
15101.66016 0.547873
15102.87988 0.547852
15104.11035 0.547831
15105.33008 0.547774
15106.55957 0.547715
15107.78027 0.547657
15109.00977 0.547598
15110.23047 0.547551
15111.45996 0.547548
15112.67969 0.547545
15113.91016 0.547542
15115.13965 0.547539
15116.36035 0.547536
15117.58984 0.547534
15118.82031 0.547531
15120.04004 0.547528
15121.26953 0.547525
15122.50000 0.547522
15123.71973 0.54752
15124.95020 0.547501
15126.17969 0.547474
15127.40039 0.547448
15128.62988 0.547421
15129.86035 0.547394
15131.08008 0.547318
15132.30957 0.547236
15133.54004 0.547153
15134.76953 0.547071
15136.00000 0.546989
15137.21973 0.546906
15138.45020 0.546824
15139.67969 0.546742
15140.91016 0.5467
15142.13965 0.546674
15143.36035 0.546647
15144.58984 0.546597
15145.82031 0.546509
15147.04980 0.546421
15148.28027 0.546333
15149.50977 0.546245
15150.74023 0.546157
15151.96973 0.546069
15153.19043 0.545981
15154.41992 0.545893
15155.65039 0.545805
15156.87988 0.545717
15158.11035 0.545629
15159.33984 0.545541
15160.57031 0.545427
15161.79980 0.545283
15163.03027 0.545139
15164.25977 0.54499
15165.49023 0.544785
15166.71973 0.54458
15167.95020 0.544375
15169.17969 0.54417
15170.41016 0.543983
15171.63965 0.543834
15172.87012 0.543685
15174.11035 0.543535
15175.33984 0.543386
15176.57031 0.543237
15177.79980 0.543087
15179.03027 0.542938
15180.25977 0.542777
15181.49023 0.542572
15182.71973 0.542367
15183.95996 0.542162
15185.19043 0.541952
15186.41992 0.54174
15187.65039 0.541529
15188.87988 0.541317
15190.12012 0.541111
15191.34961 0.540955
15192.58008 0.540798
15193.80957 0.540642
15195.04980 0.540486
15196.28027 0.54033
15197.50977 0.540174
15198.74023 0.540018
15199.98047 0.539862
15201.20996 0.539701
15202.44043 0.539539
15203.67969 0.539377
15204.91016 0.539199
15206.13965 0.53901
15207.37988 0.538821
15208.61035 0.538633
15209.83984 0.538444
15211.08008 0.538207
15212.30957 0.537963
15213.54980 0.537719
15214.78027 0.537475
15216.00977 0.537231
15217.25000 0.536987
15218.48047 0.536743
15219.71973 0.5365
15220.95020 0.536298
15222.19043 0.53611
15223.41992 0.535921
15224.66016 0.535713
15225.88965 0.535477
15227.12988 0.53524
15228.36035 0.535004
15229.59961 0.534768
15230.83008 0.534494
15232.07031 0.534203
15233.29980 0.533912
15234.54004 0.533621
15235.78027 0.533329
15237.00977 0.533038
15238.25000 0.532748
15239.48047 0.532457
15240.71973 0.532198
15241.95996 0.531961
15243.19043 0.531725
15244.42969 0.53148
15245.66992 0.531203
15246.90039 0.530926
15248.13965 0.530649
15249.37988 0.530372
15250.61035 0.530095
15251.84961 0.529818
15253.08984 0.529541
15254.33008 0.529264
15255.55957 0.528987
15256.79980 0.52871
15258.04004 0.528433
15259.28027 0.528157
15260.50977 0.527857
15261.75000 0.527525
15262.99023 0.527194
15264.23047 0.526863
15265.46973 0.526532
15266.70996 0.526201
15267.94043 0.52587
15269.17969 0.525539
15270.41992 0.525227
15271.66016 0.52495
15272.90039 0.524673
15274.13965 0.524397
15275.37988 0.52412
15276.62012 0.523843
15277.86035 0.523566
15279.08984 0.52329
15280.33008 0.522999
15281.57031 0.522668
15282.80957 0.522337
15284.04980 0.522007
15285.29004 0.521701
15286.53027 0.521398
15287.76953 0.521095
15289.00977 0.520792
15290.25000 0.5205
15291.49023 0.520251
15292.73047 0.520002
15293.98047 0.519753
15295.21973 0.519503
15296.45996 0.519254
15297.70020 0.519005
15298.94043 0.518756
15300.17969 0.518499
15301.41992 0.518196
15302.66016 0.517894
15303.90039 0.517591
15305.13965 0.517318
15306.38965 0.517053
15307.62988 0.516788
15308.87012 0.516523
15310.11035 0.516263
15311.34961 0.516051
15312.59961 0.51584
15313.83984 0.515629
15315.08008 0.515417
15316.32031 0.515206
15317.57031 0.514994
15318.80957 0.514783
15320.04980 0.514569
15321.29004 0.514305
15322.54004 0.51404
15323.78027 0.513775
15325.01953 0.51357
15326.26953 0.513394
15327.50977 0.513218
15328.75000 0.513042
15330.00000 0.512866
15331.24023 0.512744
15332.48047 0.512621
15333.73047 0.512498
15334.96973 0.512375
15336.20996 0.512253
15337.45996 0.51213
15338.70020 0.512007
15339.95020 0.511884
15341.19043 0.511711
15342.44043 0.511535
15343.67969 0.511359
15344.92969 0.511225
15346.16992 0.511121
15347.41992 0.511017
15348.66016 0.510912
15349.91016 0.510808
15351.15039 0.510753
15352.40039 0.510702
15353.63965 0.510651
15354.88965 0.510599
15356.12988 0.510548
15357.37988 0.510497
15358.62012 0.510446
15359.87012 0.510395
15361.12012 0.510343
15362.36035 0.510292
15363.61035 0.510241
15364.86035 0.510229
15366.09961 0.510253
15367.34961 0.510277
15368.58984 0.5103
15369.83984 0.510324
15371.08984 0.510301
15372.33008 0.510272
15373.58008 0.510242
15374.83008 0.510213
15376.08008 0.510183
15377.32031 0.510154
15378.57031 0.510124
15379.82031 0.510095
15381.07031 0.51011
15382.30957 0.510134
15383.55957 0.510158
15384.80957 0.510226
15386.05957 0.510342
15387.30957 0.510457
15388.54980 0.510572
15389.79980 0.510688
15391.04980 0.510758
15392.29980 0.51082
15393.54980 0.510882
15394.79980 0.510944
15396.04980 0.511006
15397.29004 0.511068
15398.54004 0.51113
15399.79004 0.511192
15401.04004 0.511301
15402.29004 0.51142
15403.54004 0.511538
15404.79004 0.511684
15406.04004 0.51186
15407.29004 0.512037
15408.54004 0.512213
15409.79004 0.51239
15411.04004 0.512521
15412.29004 0.512644
15413.54004 0.512767
15414.79004 0.512889
15416.04004 0.513012
15417.29004 0.513134
15418.54004 0.513257
15419.79004 0.513379
15421.04004 0.513547
15422.29980 0.513723
15423.54980 0.513899
15424.79980 0.514083
15426.04980 0.514276
15427.29980 0.514469
15428.54980 0.514662
15429.79980 0.514855
15431.05957 0.515003
15432.30957 0.515142
15433.55957 0.515281
15434.80957 0.51542
15436.05957 0.515559
15437.32031 0.515698
15438.57031 0.515837
15439.82031 0.515976
15441.07031 0.516161
15442.33008 0.516354
15443.58008 0.516547
15444.83008 0.516751
15446.08008 0.516968
15447.33984 0.517185
15448.58984 0.517401
15449.83984 0.517618
15451.09961 0.517787
15452.34961 0.517949
15453.59961 0.518112
15454.86035 0.518274
15456.11035 0.518436
15457.37012 0.518598
15458.62012 0.51876
15459.87012 0.518922
15461.12988 0.519084
15462.37988 0.519246
15463.63965 0.519407
15464.88965 0.519575
15466.13965 0.519746
15467.40039 0.519918
15468.65039 0.52009
15469.91016 0.520261
15471.16016 0.520484
15472.41992 0.52071
15473.66992 0.520936
15474.92969 0.521163
15476.17969 0.521389
15477.44043 0.521616
15478.70020 0.521842
15479.95020 0.522068
15481.20996 0.522242
15482.45996 0.522413
15483.71973 0.522584
15484.98047 0.522701
15486.23047 0.522781
15487.49023 0.52286
15488.74023 0.522939
15490.00000 0.523019
15491.25977 0.523153
15492.50977 0.523288
15493.76953 0.523423
15495.03027 0.523557
15496.28027 0.523691
15497.54004 0.523826
15498.79980 0.523961
15500.05957 0.524093
15501.30957 0.52419
15502.57031 0.524287
15503.83008 0.524384
15505.08984 0.524439
15506.33984 0.524475
15507.59961 0.524511
15508.86035 0.524546
15510.12012 0.524587
15511.37988 0.524678
15512.62988 0.524769
15513.88965 0.52486
15515.15039 0.524951
15516.41016 0.525042
15517.66992 0.525134
15518.92969 0.525225
15520.19043 0.525308
15521.45020 0.525343
15522.70996 0.525378
15523.95996 0.525414
15525.21973 0.525423
15526.48047 0.525424
