threeML/data/optical_filters/HST/WFC3_UVIS2-F475X.ecsv
# %ECSV 0.9
# ---
# datatype:
# - {name: wavelength, unit: Angstrom, datatype: float32}
# - {name: response, datatype: float32}
# meta: !!omap
# - {band_name: F475X}
# - {group_name: WFC3_UVIS2}
wavelength response
[from data line 2415]
5582.21680 0.243001
5583.17188 0.24283
5584.12695 0.24266
5585.08301 0.242489
5586.03906 0.242318
5586.99414 0.242147
5587.95020 0.241976
5588.90576 0.241806
5589.86182 0.241635
5590.81885 0.241464
5591.77490 0.24129
5592.73193 0.241109
5593.68896 0.240927
5594.64600 0.240745
5595.60303 0.240563
5596.56104 0.240381
5597.51807 0.240199
5598.47607 0.240017
5599.43408 0.239835
5600.39209 0.239653
5601.35010 0.239471
5602.30811 0.239296
5603.26709 0.239122
5604.22607 0.238948
5605.18506 0.238774
5606.14404 0.2386
5607.10303 0.238426
5608.06201 0.238252
5609.02100 0.238078
5609.98096 0.237904
5610.94092 0.23773
5611.90088 0.237542
5612.86084 0.237331
5613.82080 0.23712
5614.78223 0.236909
5615.74316 0.236697
5616.70410 0.236486
5617.66504 0.236274
5618.62500 0.236063
5619.58691 0.235852
5620.54785 0.23564
5621.50977 0.235428
5622.47217 0.235256
5623.43408 0.235086
5624.39600 0.234916
5625.35791 0.234746
5626.32080 0.234576
5627.28320 0.234406
5628.24609 0.234236
5629.20898 0.234066
5630.17188 0.233895
5631.13477 0.233719
5632.09912 0.233516
5633.06201 0.233292
5634.02588 0.233068
5634.99023 0.232844
5635.95508 0.23262
5636.91797 0.232396
5637.88281 0.232172
5638.84814 0.231948
5639.81299 0.231724
5640.77686 0.2315
5641.74316 0.231276
5642.70801 0.231056
5643.67285 0.230836
5644.63916 0.230616
5645.60400 0.230396
5646.57080 0.230176
5647.53711 0.229955
5648.50293 0.229735
5649.46924 0.229515
5650.43604 0.229295
5651.40283 0.229074
5652.37012 0.228853
5653.33691 0.228631
5654.30420 0.228409
5655.27100 0.228187
5656.23877 0.227966
5657.20703 0.227744
5658.17480 0.227522
5659.14307 0.2273
5660.11084 0.227078
5661.08008 0.226856
5662.04785 0.226622
5663.01709 0.226376
5663.98584 0.22613
5664.95508 0.225885
5665.92383 0.225639
5666.89404 0.225393
5667.86279 0.225147
5668.83301 0.224901
5669.80322 0.224655
5670.77197 0.224409
5671.74316 0.224168
5672.71289 0.223955
5673.68408 0.223741
5674.65479 0.223527
5675.62500 0.223313
5676.59717 0.223099
5677.56787 0.222885
5678.53906 0.222672
5679.51123 0.222458
5680.48193 0.222244
5681.45508 0.22203
5682.42578 0.221803
5683.39893 0.221575
5684.37109 0.221346
5685.34424 0.221118
5686.31592 0.220889
5687.29004 0.220661
5688.26221 0.220432
5689.23584 0.220203
5690.20898 0.219975
5691.18311 0.219746
5692.15576 0.219503
5693.12988 0.219249
5694.10400 0.218995
5695.07910 0.21874
5696.05322 0.218486
5697.02686 0.218232
5698.00195 0.217978
5698.97705 0.217724
5699.95215 0.21747
5700.92676 0.217216
5701.90283 0.216965
5702.87793 0.216721
5703.85400 0.216478
5704.83008 0.216234
5705.80615 0.21599
5706.78223 0.215747
5707.75879 0.215503
5708.73486 0.215259
5709.71191 0.215016
5710.68896 0.214772
5711.66602 0.214528
5712.64307 0.214281
5713.62109 0.214034
5714.59814 0.213788
5715.57617 0.213541
5716.55420 0.213294
5717.53223 0.213047
5718.50977 0.2128
5719.48779 0.212553
5720.46680 0.212298
5721.44580 0.212033
5722.42480 0.21175
5723.40381 0.211463
5724.38281 0.211177
5725.36182 0.210891
5726.34180 0.210604
5727.32178 0.210318
5728.30176 0.210031
5729.28223 0.209745
5730.26221 0.209463
5731.24316 0.209194
5732.22314 0.208958
5733.20410 0.208739
5734.18506 0.208521
5735.16602 0.208302
5736.14697 0.208083
5737.12793 0.207865
5738.10986 0.207646
5739.09180 0.207427
5740.07422 0.207209
5741.05615 0.20699
5742.03809 0.206748
5743.02100 0.206478
5744.00293 0.206208
5744.98584 0.205937
5745.96924 0.205667
5746.95215 0.205397
5747.93506 0.205127
5748.91797 0.204857
5749.90186 0.204586
5750.88623 0.204316
5751.87012 0.204052
5752.85400 0.203805
5753.83789 0.203557
5754.82324 0.20331
5755.80811 0.203063
5756.79199 0.202815
5757.77686 0.202568
5758.76221 0.20232
5759.74805 0.202072
5760.73291 0.201825
5761.71924 0.201574
5762.70508 0.201294
5763.68994 0.201015
5764.67676 0.200736
5765.66309 0.200457
5766.64893 0.200178
5767.63623 0.199899
5768.62305 0.19962
5769.60986 0.19934
5770.59717 0.199061
5771.58398 0.198782
5772.57178 0.198542
5773.56006 0.198304
5774.54688 0.198065
5775.53516 0.197826
5776.52295 0.197587
5777.51221 0.197348
5778.50000 0.197109
5779.48877 0.19687
5780.47803 0.196631
5781.46680 0.196392
5782.45605 0.196133
5783.44482 0.195871
5784.43506 0.195609
5785.42383 0.195347
5786.41504 0.195084
5787.40381 0.194822
5788.39502 0.19456
5789.38477 0.194298
5790.37500 0.194035
5791.36621 0.193773
5792.35693 0.193516
5793.34814 0.193261
5794.33887 0.193006
5795.33105 0.192751
5796.32178 0.192496
5797.31396 0.192241
5798.30615 0.191986
5799.29785 0.191731
5800.29004 0.191476
5801.28320 0.191221
5802.27490 0.190958
5803.26807 0.19069
5804.26123 0.190423
5805.25391 0.190156
5806.24707 0.189888
5807.24023 0.189621
5808.23389 0.189354
5809.22803 0.189086
5810.22217 0.188819
5811.21582 0.188551
5812.20996 0.18828
5813.20508 0.188007
5814.19922 0.187734
5815.19385 0.187461
5816.18896 0.187188
5817.18408 0.186915
5818.17920 0.186642
5819.17480 0.186369
5820.16992 0.186093
5821.16602 0.185804
5822.16211 0.185532
5823.15820 0.185274
5824.15479 0.185016
5825.15088 0.184758
5826.14697 0.1845
5827.14502 0.184242
5828.14209 0.183983
5829.13916 0.183725
5830.13623 0.18347
5831.13281 0.18323
5832.13086 0.182971
5833.12891 0.182695
5834.12695 0.182418
5835.12500 0.182142
5836.12402 0.181865
5837.12207 0.181589
5838.12109 0.181312
5839.12012 0.181035
5840.11914 0.180759
5841.11816 0.180482
5842.11719 0.180212
5843.11719 0.17995
5844.11719 0.179687
5845.11719 0.179425
5846.11719 0.179162
5847.11719 0.1789
5848.11719 0.178637
5849.11816 0.178375
5850.11914 0.178112
5851.12012 0.177849
5852.12109 0.17759
5853.12207 0.177334
5854.12305 0.177079
5855.12500 0.176823
5856.12598 0.176567
5857.12793 0.176312
5858.13086 0.176056
5859.13281 0.1758
5860.13623 0.175544
5861.13818 0.175288
5862.14111 0.175026
5863.14404 0.174759
5864.14697 0.174492
5865.14990 0.174225
5866.15381 0.173958
5867.15820 0.17369
5868.16211 0.173423
5869.16602 0.173156
5870.16895 0.172889
5871.17383 0.172622
5872.17920 0.172359
5873.18311 0.172101
5874.18799 0.171842
5875.19287 0.171584
5876.19824 0.171325
5877.20410 0.171066
5878.20898 0.170808
5879.21484 0.170549
5880.22119 0.170291
5881.22705 0.170032
5882.23291 0.169757
5883.24023 0.169471
5884.24609 0.169185
5885.25293 0.1689
5886.25977 0.168614
5887.26709 0.168328
5888.27393 0.168042
5889.28223 0.167756
5890.29004 0.16747
5891.29688 0.167184
5892.30518 0.16692
5893.31299 0.166666
5894.32178 0.166413
5895.33008 0.16616
5896.33887 0.165906
5897.34814 0.165653
5898.35596 0.165399
5899.36621 0.165146
5900.37500 0.164887
5901.38477 0.16462
5902.39502 0.164331
5903.40381 0.164036
5904.41406 0.163741
5905.42383 0.163446
5906.43506 0.16315
5907.44482 0.162855
5908.45605 0.16256
5909.46680 0.162265
5910.47803 0.161977
5911.48877 0.161695
5912.50098 0.161414
5913.51221 0.161133
5914.52393 0.160852
5915.53613 0.160571
5916.54785 0.16029
5917.56104 0.160008
5918.57324 0.159727
5919.58496 0.159446
5920.59814 0.159164
5921.61084 0.158883
5922.62500 0.158613
5923.63818 0.158344
5924.65088 0.158074
5925.66504 0.157805
5926.67920 0.157535
5927.69287 0.157265
5928.70703 0.156996
5929.72217 0.156726
5930.73584 0.156456
5931.75000 0.156185
5932.76611 0.155903
5933.78076 0.155621
5934.79590 0.155339
5935.81201 0.155057
5936.82715 0.154774
5937.84277 0.154492
5938.85791 0.15421
5939.87500 0.153927
5940.89111 0.153645
5941.90723 0.153365
5942.92383 0.15309
5943.94092 0.152815
5944.95801 0.15254
5945.97510 0.152265
5946.99219 0.15199
5948.00977 0.151715
5949.02686 0.15144
5950.04492 0.151165
5951.06299 0.15089
5952.08203 0.150605
5953.10010 0.150306
5954.11914 0.150007
5955.13721 0.149708
5956.15576 0.149409
5957.17480 0.14911
5958.19385 0.148811
5959.21387 0.148512
5960.23291 0.148213
5961.25293 0.147914
5962.27295 0.14763
5963.29297 0.147357
5964.31299 0.147083
5965.33398 0.146809
5966.35400 0.146535
5967.37500 0.146261
5968.39600 0.145987
5969.41699 0.145713
5970.43896 0.145434
5971.45996 0.145147
5972.48193 0.144847
5973.50391 0.144543
5974.52588 0.144239
5975.54785 0.143936
5976.57080 0.143632
5977.59277 0.143329
5978.61621 0.143025
5979.63916 0.142722
5980.66211 0.142426
5981.68506 0.142135
5982.70801 0.141846
5983.73193 0.141558
5984.75586 0.141269
5985.77979 0.140981
5986.80420 0.140692
5987.82812 0.140403
5988.85303 0.140115
5989.87695 0.139826
5990.90186 0.139537
5991.92676 0.139247
5992.95312 0.138951
5993.97803 0.138655
5995.00293 0.138359
5996.02881 0.138063
5997.05518 0.137767
5998.08105 0.137471
5999.10693 0.137175
6000.13379 0.136881
6001.16016 0.136599
6002.18701 0.136316
6003.21387 0.136031
6004.24121 0.135747
6005.26904 0.135462
6006.29590 0.135178
6007.32422 0.134893
6008.35205 0.134608
6009.37891 0.134324
6010.40820 0.134039
6011.43604 0.133754
6012.46387 0.13347
6013.49316 0.133187
6014.52197 0.132904
6015.55078 0.132621
6016.58008 0.132338
6017.60986 0.132055
6018.63916 0.131771
6019.66895 0.131488
6020.69922 0.131205
6021.72900 0.130921
6022.75879 0.130637
6023.79004 0.130353
6024.81982 0.130069
6025.85107 0.129785
6026.88184 0.129501
6027.91406 0.129217
6028.94482 0.128933
6029.97607 0.128648
6031.00781 0.128351
6032.04004 0.128053
6033.07178 0.127754
6034.10400 0.127455
6035.13721 0.127156
6036.16895 0.126858
6037.20215 0.126558
6038.23486 0.126259
6039.26807 0.12596
6040.30078 0.125664
6041.33398 0.125376
6042.36816 0.125084
6043.40186 0.124789
6044.43604 0.124495
6045.47021 0.1242
6046.50391 0.123905
6047.53906 0.12361
6048.57422 0.123315
6049.60889 0.12302
6050.64404 0.122725
6051.67920 0.12243
6052.71387 0.122156
6053.75000 0.121881
6054.78613 0.121606
6055.82178 0.12133
6056.85791 0.121055
6057.89404 0.12078
6058.93115 0.120505
6059.96680 0.120229
6061.00391 0.119954
6062.04102 0.119671
6063.07812 0.119375
6064.11621 0.119078
6065.15283 0.118782
6066.19092 0.118485
6067.22900 0.118189
6068.26709 0.117892
6069.30518 0.117595
6070.34277 0.117298
6071.38184 0.117001
6072.42090 0.116697
6073.45996 0.116389
6074.49902 0.116082
6075.53809 0.115774
6076.57812 0.115466
6077.61816 0.115158
6078.65723 0.11485
6079.69678 0.114542
6080.73682 0.114234
6081.77783 0.113927
6082.81787 0.113635
6083.85889 0.113343
6084.89990 0.113051
6085.94092 0.112759
6086.98193 0.112467
6088.02393 0.112175
6089.06494 0.111883
6090.10693 0.111589
6091.14893 0.111287
6092.19092 0.110982
6093.23389 0.110675
6094.27588 0.110368
6095.31885 0.110061
6096.36182 0.109753
6097.40479 0.109446
6098.44824 0.109138
6099.49219 0.108831
6100.53516 0.108528
6101.57910 0.10823
6102.62305 0.107943
6103.66699 0.107657
6104.71094 0.107371
6105.75586 0.107085
6106.79980 0.106799
6107.84521 0.106513
6108.89014 0.106226
6109.93604 0.10594
6110.98096 0.105653
6112.02588 0.105364
6113.07178 0.105069
6114.11816 0.104774
6115.16406 0.104479
6116.20996 0.104184
6117.25684 0.103889
6118.30420 0.103594
6119.35107 0.103298
6120.39697 0.103003
6121.44385 0.102707
6122.49219 0.102414
6123.54004 0.102122
6124.58691 0.101829
6125.63477 0.101536
6126.68311 0.101243
6127.73096 0.10095
6128.77979 0.100657
6129.82812 0.100364
6130.87695 0.100071
6131.92578 0.099781
6132.97510 0.099499
6134.02393 0.099218
6135.07422 0.098937
6136.12402 0.098655
6137.17285 0.098374
6138.22412 0.098092
6139.27393 0.097811
6140.32422 0.097529
6141.37500 0.097247
6142.42578 0.096964
6143.47705 0.096681
6144.52783 0.096398
6145.57910 0.096114
6146.62988 0.095831
6147.68213 0.095547
6148.73389 0.095263
6149.78613 0.094979
6150.83789 0.094689
6151.89111 0.094395
6152.94287 0.094093
6153.99609 0.093792
6155.04883 0.09349
6156.10205 0.093189
6157.15479 0.092887
6158.20801 0.092586
6159.26221 0.092284
6160.31592 0.091985
6161.37012 0.091692
6162.42383 0.091408
6163.47900 0.09113
6164.53320 0.090852
6165.58789 0.090573
6166.64307 0.090295
6167.69824 0.090016
6168.75293 0.089737
6169.80908 0.089458
6170.86377 0.089179
6171.91992 0.088903
6172.97607 0.088636
6174.03223 0.088369
6175.08789 0.088102
6176.14502 0.087835
6177.20215 0.087568
6178.25781 0.087301
6179.31494 0.087033
6180.37305 0.086766
6181.43018 0.086498
6182.48779 0.086228
6183.54492 0.085956
6184.60400 0.085684
6185.66211 0.085412
6186.72021 0.08514
6187.77783 0.084868
6188.83691 0.084596
6189.89600 0.084324
6190.95508 0.084052
6192.01416 0.083779
6193.07422 0.083507
6194.13281 0.083235
6195.19287 0.082963
6196.25293 0.082691
6197.31299 0.082418
6198.37402 0.082146
6199.43408 0.081873
6200.49512 0.081597
6201.55615 0.081317
6202.61719 0.081043
6203.67822 0.08077
6204.73877 0.080497
6205.80078 0.080224
6206.86279 0.079951
6207.92480 0.079678
6208.98682 0.079405
6210.04883 0.079132
6211.11182 0.078866
6212.17383 0.078604
6213.23682 0.078349
6214.29980 0.078093
6215.36377 0.077837
6216.42676 0.077582
6217.49121 0.077326
6218.55420 0.07707
6219.61816 0.076814
6220.68311 0.076558
6221.74707 0.076302
6222.81201 0.07605
6223.87598 0.075799
6224.94092 0.075547
6226.00586 0.075296
6227.07080 0.075044
6228.13721 0.074792
6229.20215 0.07454
6230.26807 0.074289
6231.33398 0.074037
6232.39990 0.073785
6233.46582 0.073532
6234.53320 0.07328
6235.60010 0.073027
6236.66699 0.072774
6237.73291 0.072521
6238.80078 0.072268
6239.86816 0.072015
6240.93604 0.071756
6242.00293 0.071497
6243.07178 0.071243
6244.14014 0.070989
6245.20801 0.070735
6246.27588 0.070481
6247.34521 0.070227
6248.41406 0.069972
6249.48291 0.069718
6250.55176 0.069467
6251.62207 0.069219
6252.69092 0.068984
6253.76123 0.06875
6254.83203 0.068516
6255.90088 0.068282
6256.97217 0.068048
6258.04199 0.067814
6259.11279 0.06758
6260.18408 0.067346
6261.25488 0.067112
6262.32617 0.066879
6263.39795 0.066649
6264.46924 0.066418
6265.54102 0.066187
6266.61279 0.065957
6267.68604 0.065726
6268.75781 0.065495
6269.83105 0.065264
6270.90283 0.065033
6271.97607 0.064801
6273.04883 0.064566
6274.12305 0.064332
6275.19580 0.064097
6276.27002 0.063862
6277.34277 0.063627
6278.41699 0.063392
6279.49219 0.063157
6280.56592 0.062922
6281.64111 0.062687
6282.71484 0.06247
6283.79004 0.062255
6284.86523 0.062039
6285.93994 0.061824
6287.01611 0.061608
6288.09180 0.061393
6289.16699 0.061177
6290.24414 0.06096
6291.31982 0.060739
6292.39600 0.060515
6293.47314 0.060291
6294.54980 0.060067
6295.62598 0.059843
6296.70410 0.059618
6297.78076 0.059394
6298.85889 0.059169
6299.93701 0.058945
6301.01416 0.058726
6302.09180 0.058511
6303.16992 0.058304
6304.24902 0.058097
6305.32812 0.05789
6306.40576 0.057683
6307.48486 0.057476
6308.56396 0.057269
6309.64404 0.057062
6310.72412 0.056855
6311.80322 0.056647
6312.88281 0.056437
6313.96289 0.056226
6315.04297 0.056015
6316.12402 0.055804
6317.20508 0.055593
6318.28613 0.055381
6319.36719 0.05517
6320.44824 0.054959
6321.52881 0.054748
6322.61084 0.054547
6323.69189 0.054349
6324.77393 0.054151
6325.85596 0.053953
6326.93896 0.053755
6328.02100 0.053557
6329.10400 0.053359
6330.18701 0.05316
6331.27002 0.052956
6332.35303 0.052757
6333.43701 0.05256
6334.52100 0.052363
6335.60400 0.052166
6336.68799 0.051969
6337.77197 0.051772
6338.85596 0.051575
6339.94092 0.051377
6341.02588 0.051185
6342.11084 0.050991
6343.19580 0.050795
6344.28076 0.050598
6345.36719 0.050401
6346.45215 0.050204
6347.53809 0.050008
6348.62402 0.049811
6349.70996 0.049614
6350.79688 0.049417
6351.88281 0.049221
6352.97021 0.049036
6354.05713 0.048851
6355.14502 0.048666
6356.23096 0.048481
6357.31885 0.048295
6358.40723 0.04811
6359.49512 0.047925
6360.58301 0.047739
6361.67090 0.047554
6362.75879 0.047373
6363.84814 0.047192
6364.93701 0.047011
6366.02588 0.04683
6367.11523 0.046649
6368.20508 0.046468
6369.29395 0.046287
6370.38379 0.046105
6371.47412 0.045919
6372.56396 0.045741
6373.65381 0.045564
6374.74512 0.045388
6375.83496 0.045212
6376.92578 0.045036
6378.01807 0.04486
6379.10791 0.044683
6380.20020 0.044508
6381.29199 0.044336
6382.38281 0.044163
6383.47607 0.04399
6384.56689 0.043817
6385.66016 0.043643
6386.75195 0.04347
6387.84521 0.043296
6388.93799 0.043123
6390.03076 0.042949
6391.12500 0.042776
6392.21777 0.042607
6393.31201 0.042444
6394.40576 0.042282
6395.50000 0.04212
6396.59424 0.041957
6397.68799 0.041795
6398.78320 0.041632
6399.87793 0.04147
6400.97314 0.041307
6402.06787 0.041144
6403.16309 0.04098
