threeML/data/optical_filters/HST/WFC3_IR-F153M.ecsv
# %ECSV 0.9
# ---
# datatype:
# - {name: wavelength, unit: Angstrom, datatype: float32}
# - {name: response, datatype: float32}
# meta: !!omap
# - {band_name: F153M}
# - {group_name: WFC3_IR}
wavelength response
10114.05566 0.0
11237.83984 0.0004
11238.75977 0.000404
11239.66992 0.000408
11240.58008 0.000412
11241.49023 0.000415
11242.40039 0.000419
11243.32031 0.000423
11244.23047 0.000427
11245.13965 0.00043
11246.04980 0.000434
11246.95996 0.000438
11247.87988 0.000442
11248.79004 0.000445
11249.70020 0.000449
11250.61035 0.000453
11251.53027 0.000457
11252.44043 0.000461
11253.34961 0.000461
11254.26953 0.000453
11255.17969 0.000446
11256.08984 0.000438
11257.00000 0.000431
11257.91992 0.000423
11258.83008 0.000416
11259.74023 0.000408
11260.66016 0.000401
11261.57031 0.000393
11262.48047 0.000386
11263.40039 0.000378
11264.30957 0.000371
11265.23047 0.000363
11266.13965 0.000356
11267.04980 0.000348
11267.96973 0.000341
11268.87988 0.000333
11269.79980 0.000326
11270.70996 0.000318
11271.62012 0.000311
11272.54004 0.000303
11273.45020 0.000296
11274.37012 0.000288
11275.28027 0.000281
11276.20020 0.000273
11277.11035 0.000266
11278.03027 0.000258
11278.94043 0.000251
11279.86035 0.000243
11280.76953 0.000236
11281.69043 0.000228
11282.59961 0.000221
11283.51953 0.000213
11284.42969 0.000206
11285.34961 0.000198
11286.25977 0.00019
11287.17969 0.000183
11288.08984 0.000175
11289.00977 0.000168
11289.92969 0.00016
11290.83984 0.000153
11291.75977 0.000145
11292.66992 0.000138
11293.58984 0.00013
11294.50977 0.000122
11295.41992 0.000115
11296.33984 0.000107
11297.25000 0.0001
11298.16992 9.2e-05
11299.08984 8.5e-05
11300.00000 7.7e-05
11300.91992 7e-05
11301.83984 6.2e-05
11302.75000 5.4e-05
11303.66992 5.2e-05
11304.58984 5.3e-05
11305.50977 5.4e-05
11306.41992 5.5e-05
11307.33984 5.6e-05
11308.25977 5.7e-05
11309.16992 5.8e-05
11310.08984 5.9e-05
11311.00977 6e-05
11311.92969 6.1e-05
11312.84961 6.2e-05
11313.75977 6.3e-05
11314.67969 6.4e-05
11315.59961 6.5e-05
11316.51953 6.6e-05
11317.42969 6.6e-05
11318.34961 6.7e-05
11319.26953 6.8e-05
11320.19043 6.9e-05
11321.11035 7e-05
11322.03027 7.1e-05
11322.94043 7.2e-05
11323.86035 7.3e-05
11324.78027 7.4e-05
11325.70020 7.5e-05
11326.62012 7.6e-05
11327.54004 7.7e-05
11328.45996 7.8e-05
11329.37988 7.9e-05
11330.29004 8e-05
11331.20996 8.1e-05
11332.12988 8.2e-05
11333.04980 8.3e-05
11333.96973 8.4e-05
11334.88965 8.5e-05
11335.80957 8.6e-05
11336.73047 8.7e-05
11337.65039 8.7e-05
11338.57031 8.8e-05
11339.49023 8.9e-05
11340.41016 9e-05
11341.33008 9.1e-05
11342.25000 9.2e-05
11343.16992 9.3e-05
11344.08984 9.4e-05
11345.00977 9.5e-05
11345.92969 9.6e-05
11346.84961 9.7e-05
11347.76953 9.8e-05
11348.69043 9.9e-05
11349.61035 0.0001
11350.53027 0.000101
11351.45020 0.000102
11352.37012 0.000103
11353.29980 0.000104
11354.21973 0.000107
11355.13965 0.00011
11356.05957 0.000113
11356.98047 0.000116
11357.90039 0.000118
11358.82031 0.000121
11359.74023 0.000124
11360.66992 0.000127
11361.58984 0.00013
11362.50977 0.000133
11363.42969 0.000136
11364.34961 0.000139
11365.26953 0.000141
11366.20020 0.000144
11367.12012 0.000147
11368.04004 0.00015
11368.95996 0.000153
11369.88965 0.000156
11370.80957 0.000159
11371.73047 0.000162
11372.65039 0.000164
11373.58008 0.000167
11374.50000 0.00017
11375.41992 0.000173
11376.33984 0.000176
11377.26953 0.000179
11378.19043 0.000182
11379.11035 0.000184
11380.04004 0.000187
11380.95996 0.00019
11381.87988 0.000193
11382.79980 0.000196
11383.73047 0.000199
11384.65039 0.000202
11385.58008 0.000205
11386.50000 0.000208
11387.41992 0.000211
11388.34961 0.000213
11389.26953 0.000216
11390.19043 0.000219
11391.12012 0.000222
11392.04004 0.000225
11392.96973 0.000228
11393.88965 0.000231
11394.82031 0.000234
11395.74023 0.000237
11396.66016 0.000239
11397.58984 0.000242
11398.50977 0.000245
11399.44043 0.000248
11400.36035 0.000251
11401.29004 0.000254
11402.20996 0.000257
11403.13965 0.00026
11404.05957 0.000258
11404.99023 0.000256
11405.91016 0.000254
11406.83984 0.000252
11407.75977 0.00025
11408.69043 0.000248
11409.61035 0.000246
11410.54004 0.000244
11411.46973 0.000242
11412.38965 0.00024
11413.32031 0.000239
11414.24023 0.000237
11415.16992 0.000235
11416.08984 0.000233
11417.01953 0.000231
11417.95020 0.000229
11418.87012 0.000227
11419.79980 0.000225
11420.73047 0.000223
11421.65039 0.000221
11422.58008 0.000219
11423.50977 0.000217
11424.42969 0.000216
11425.36035 0.000214
11426.29004 0.000212
11427.20996 0.00021
11428.13965 0.000208
11429.07031 0.000206
11429.99023 0.000204
11430.91992 0.000202
11431.84961 0.0002
11432.78027 0.000198
11433.70020 0.000196
11434.62988 0.000194
11435.55957 0.000193
11436.49023 0.000191
11437.41016 0.000189
11438.33984 0.000187
11439.26953 0.000185
11440.20020 0.000183
11441.12988 0.000181
11442.04980 0.000179
11442.98047 0.000177
11443.91016 0.000175
11444.83984 0.000173
11445.76953 0.000171
11446.70020 0.00017
11447.62012 0.000168
11448.54980 0.000166
11449.48047 0.000164
11450.41016 0.000162
11451.33984 0.00016
11452.26953 0.000158
11453.20020 0.000156
11454.12988 0.000157
11455.05957 0.000158
11455.99023 0.000159
11456.91016 0.00016
11457.83984 0.000161
11458.76953 0.000162
11459.70020 0.000163
11460.62988 0.000164
11461.55957 0.000165
11462.49023 0.000166
11463.41992 0.000167
11464.34961 0.000168
11465.28027 0.000169
11466.20996 0.00017
11467.13965 0.000171
11468.07031 0.000172
11469.00000 0.000173
11469.92969 0.000174
11470.86035 0.000175
11471.79004 0.000176
11472.71973 0.000177
11473.66016 0.000178
11474.58984 0.000179
11475.51953 0.00018
11476.45020 0.000181
11477.37988 0.000182
11478.30957 0.000183
11479.24023 0.000184
11480.16992 0.000185
11481.09961 0.000186
11482.04004 0.000187
11482.96973 0.000188
11483.90039 0.000189
11484.83008 0.00019
11485.75977 0.00019
11486.69043 0.000191
11487.62012 0.000192
11488.55957 0.000193
11489.49023 0.000194
11490.41992 0.000195
11491.34961 0.000196
11492.29004 0.000197
11493.21973 0.000198
11494.15039 0.000199
11495.08008 0.0002
11496.00977 0.000201
11496.95020 0.000202
11497.87988 0.000203
11498.80957 0.000204
11499.75000 0.000205
11500.67969 0.000206
11501.61035 0.000207
11502.54004 0.000208
11503.48047 0.000209
11504.41016 0.000209
11505.33984 0.000209
11506.28027 0.000209
11507.20996 0.000209
11508.13965 0.000209
11509.08008 0.000209
11510.00977 0.000209
11510.95020 0.000209
11511.87988 0.000209
11512.80957 0.000209
11513.75000 0.000209
11514.67969 0.000209
11515.62012 0.000209
11516.54980 0.000209
11517.48047 0.000209
11518.41992 0.000209
11519.34961 0.000209
11520.29004 0.000209
11521.21973 0.000209
11522.16016 0.000209
11523.08984 0.000209
11524.03027 0.000209
11524.95996 0.000209
11525.90039 0.000209
11526.83008 0.000209
11527.76953 0.000209
11528.70020 0.000209
11529.63965 0.000209
11530.57031 0.000209
11531.50977 0.000209
11532.44043 0.000209
11533.37988 0.000209
11534.30957 0.000209
11535.25000 0.000209
11536.17969 0.000209
11537.12012 0.000209
11538.05957 0.000209
11538.99023 0.000209
11539.92969 0.000209
11540.86035 0.000209
11541.79980 0.000209
11542.74023 0.000209
11543.66992 0.000209
11544.61035 0.000209
11545.54980 0.000209
11546.48047 0.000209
11547.41992 0.000209
11548.36035 0.000209
11549.29004 0.000209
11550.23047 0.000209
11551.16992 0.000209
11552.09961 0.000209
11553.04004 0.000209
11553.98047 0.000209
11554.91992 0.000208
11555.84961 0.000207
11556.79004 0.000206
11557.73047 0.000205
11558.66992 0.000204
11559.59961 0.000203
11560.54004 0.000202
11561.48047 0.000201
11562.41992 0.0002
11563.34961 0.000199
11564.29004 0.000198
11565.23047 0.000197
11566.16992 0.000196
11567.11035 0.000195
11568.04980 0.000194
11568.98047 0.000193
11569.91992 0.000192
11570.86035 0.000191
11571.79980 0.00019
11572.74023 0.000189
11573.67969 0.000188
11574.62012 0.000187
11575.55957 0.000186
11576.49023 0.000185
11577.42969 0.000184
11578.37012 0.000183
11579.30957 0.000182
11580.25000 0.000181
11581.19043 0.00018
11582.12988 0.000179
11583.07031 0.000178
11584.00977 0.000177
11584.95020 0.000176
11585.88965 0.000175
11586.83008 0.000174
11587.76953 0.000173
11588.70996 0.000172
11589.65039 0.000172
11590.58984 0.000171
11591.53027 0.00017
11592.46973 0.000169
11593.41016 0.000168
11594.34961 0.000167
11595.29004 0.000166
11596.23047 0.000165
11597.16992 0.000164
11598.11035 0.000163
11599.04980 0.000162
11600.00000 0.000161
11600.94043 0.00016
11601.87988 0.000159
11602.82031 0.000158
11603.75977 0.000157
11604.70020 0.000156
11605.63965 0.000155
11606.58008 0.000154
11607.53027 0.000153
11608.46973 0.000152
11609.41016 0.000151
11610.34961 0.00015
11611.29004 0.000149
11612.23047 0.000148
11613.17969 0.000147
11614.12012 0.000146
11615.05957 0.000145
11616.00000 0.000144
11616.95020 0.000143
11617.88965 0.000142
11618.83008 0.000141
11619.76953 0.00014
11620.70996 0.000139
11621.66016 0.000138
11622.59961 0.000137
11623.54004 0.000136
11624.49023 0.000135
11625.42969 0.000134
11626.37012 0.000133
11627.32031 0.000132
11628.25977 0.000131
11629.20020 0.00013
11630.15039 0.000129
11631.08984 0.000128
11632.03027 0.000127
11632.98047 0.000126
11633.91992 0.000125
11634.86035 0.000124
11635.80957 0.000124
11636.75000 0.000123
11637.70020 0.000122
11638.63965 0.000121
11639.58008 0.00012
11640.53027 0.000119
11641.46973 0.000118
11642.41992 0.000117
11643.36035 0.000116
11644.30957 0.000115
11645.25000 0.000114
11646.20020 0.000113
11647.13965 0.000112
11648.08008 0.000111
11649.03027 0.00011
11649.96973 0.000109
11650.91992 0.000108
11651.86035 0.000107
11652.80957 0.000106
11653.75000 0.000105
11654.70020 0.000104
11655.65039 0.000103
11656.58984 0.000102
11657.54004 0.000101
11658.48047 0.0001
11659.42969 9.9e-05
11660.37012 9.8e-05
11661.32031 9.7e-05
11662.26953 9.6e-05
11663.20996 9.5e-05
11664.16016 9.4e-05
11665.09961 9.3e-05
11666.04980 9.2e-05
11667.00000 9.1e-05
11667.94043 9e-05
11668.88965 8.9e-05
11669.83984 8.8e-05
11670.78027 8.7e-05
11671.73047 8.6e-05
11672.67969 8.5e-05
11673.62012 8.4e-05
11674.57031 8.3e-05
11675.51953 8.2e-05
11676.46973 8.1e-05
11677.41016 8e-05
11678.36035 7.9e-05
11679.30957 7.8e-05
11680.25000 7.7e-05
11681.20020 7.6e-05
11682.15039 7.5e-05
11683.09961 7.4e-05
11684.04980 7.3e-05
11684.99023 7.2e-05
11685.94043 7.1e-05
11686.88965 7e-05
11687.83984 6.9e-05
11688.79004 6.8e-05
11689.73047 6.7e-05
11690.67969 6.6e-05
11691.62988 6.5e-05
11692.58008 6.4e-05
11693.53027 6.3e-05
11694.48047 6.2e-05
11695.41992 6.1e-05
11696.37012 6e-05
11697.32031 5.9e-05
11698.26953 5.8e-05
11699.21973 5.7e-05
11700.16992 5.6e-05
11701.12012 5.5e-05
11702.07031 5.4e-05
11703.01953 5.3e-05
11703.96973 5.3e-05
11704.91992 5.4e-05
11705.87012 5.4e-05
11706.80957 5.5e-05
11707.75977 5.5e-05
11708.70996 5.6e-05
11709.66016 5.6e-05
11710.61035 5.7e-05
11711.55957 5.7e-05
11712.50977 5.8e-05
11713.45996 5.8e-05
11714.41016 5.9e-05
11715.37012 5.9e-05
11716.32031 6e-05
11717.26953 6e-05
11718.21973 6.1e-05
11719.16992 6.1e-05
11720.12012 6.2e-05
11721.07031 6.2e-05
11722.01953 6.3e-05
11722.96973 6.3e-05
11723.91992 6.4e-05
11724.87012 6.4e-05
11725.82031 6.5e-05
11726.76953 6.5e-05
11727.73047 6.6e-05
11728.67969 6.6e-05
11729.62988 6.7e-05
11730.58008 6.7e-05
11731.53027 6.8e-05
11732.48047 6.8e-05
11733.44043 6.9e-05
11734.38965 6.9e-05
11735.33984 7e-05
11736.29004 7e-05
11737.24023 7.1e-05
11738.20020 7.1e-05
11739.15039 7.2e-05
11740.09961 7.2e-05
11741.04980 7.3e-05
11742.00000 7.3e-05
11742.95996 7.4e-05
11743.91016 7.5e-05
11744.86035 7.5e-05
11745.82031 7.6e-05
11746.76953 7.6e-05
11747.71973 7.7e-05
11748.66992 7.7e-05
11749.62988 7.8e-05
11750.58008 7.8e-05
11751.53027 7.9e-05
11752.49023 7.9e-05
11753.44043 8e-05
11754.38965 8e-05
11755.34961 8.1e-05
11756.29980 8.1e-05
11757.25000 8.2e-05
11758.20996 8.2e-05
11759.16016 8.3e-05
11760.12012 8.3e-05
11761.07031 8.4e-05
11762.01953 8.4e-05
11762.98047 8.5e-05
11763.92969 8.5e-05
11764.88965 8.6e-05
11765.83984 8.6e-05
11766.79980 8.7e-05
11767.75000 8.7e-05
11768.70996 8.8e-05
11769.66016 8.8e-05
11770.61035 8.9e-05
11771.57031 8.9e-05
11772.51953 9e-05
11773.48047 9e-05
11774.42969 9.1e-05
11775.38965 9.1e-05
11776.33984 9.2e-05
11777.29980 9.2e-05
11778.25977 9.3e-05
11779.20996 9.3e-05
11780.16992 9.4e-05
11781.12012 9.4e-05
11782.08008 9.5e-05
11783.03027 9.5e-05
11783.99023 9.6e-05
11784.95020 9.6e-05
11785.90039 9.7e-05
11786.86035 9.7e-05
11787.80957 9.8e-05
11788.76953 9.9e-05
11789.73047 9.9e-05
11790.67969 0.0001
11791.63965 0.0001
11792.59961 0.000101
11793.54980 0.000101
11794.50977 0.000102
11795.46973 0.000102
11796.41992 0.000103
11797.37988 0.000103
11798.33984 0.000104
11799.29004 0.000104
11800.25000 0.000105
11801.20996 0.000105
11802.16992 0.000106
11803.12012 0.000106
11804.08008 0.000106
11805.04004 0.000106
11806.00000 0.000106
11806.95020 0.000106
11807.91016 0.000106
11808.87012 0.000106
11809.83008 0.000106
11810.79004 0.000106
11811.74023 0.000106
11812.70020 0.000106
11813.66016 0.000106
11814.62012 0.000106
11815.58008 0.000106
11816.54004 0.000106
11817.49023 0.000106
11818.45020 0.000106
11819.41016 0.000106
11820.37012 0.000106
11821.33008 0.000106
11822.29004 0.000106
11823.25000 0.000106
11824.20996 0.000106
11825.16992 0.000106
11826.12012 0.000106
11827.08008 0.000106
11828.04004 0.000106
11829.00000 0.000106
11829.95996 0.000106
11830.91992 0.000106
11831.87988 0.000106
11832.83984 0.000106
11833.79980 0.000106
11834.75977 0.000106
11835.71973 0.000106
11836.67969 0.000106
11837.63965 0.000106
11838.59961 0.000106
11839.55957 0.000106
11840.51953 0.000106
11841.48047 0.000106
11842.44043 0.000106
11843.41016 0.000106
11844.37012 0.000106
11845.33008 0.000106
11846.29004 0.000106
11847.25000 0.000106
11848.20996 0.000107
11849.16992 0.000107
11850.12988 0.000107
11851.08984 0.000107
11852.04980 0.000107
11853.01953 0.000107
11853.98047 0.000108
11854.94043 0.00011
11855.90039 0.000112
11856.86035 0.000114
11857.83008 0.000116
11858.79004 0.000118
11859.75000 0.000121
11860.70996 0.000123
11861.66992 0.000125
11862.63965 0.000127
11863.59961 0.000129
11864.55957 0.000131
11865.51953 0.000133
11866.49023 0.000135
11867.45020 0.000137
11868.41016 0.000139
11869.37012 0.000141
11870.33984 0.000143
11871.29980 0.000145
11872.25977 0.000147
11873.23047 0.000149
11874.19043 0.000151
11875.15039 0.000153
11876.12012 0.000155
11877.08008 0.000158
11878.04004 0.00016
11879.00977 0.000162
11879.96973 0.000164
11880.92969 0.000166
11881.90039 0.000168
11882.86035 0.00017
11883.82031 0.000172
11884.79004 0.000174
11885.75000 0.000176
11886.71973 0.000178
11887.67969 0.00018
11888.65039 0.000182
11889.61035 0.000184
11890.57031 0.000186
11891.54004 0.000189
11892.50000 0.000191
11893.46973 0.000193
11894.42969 0.000195
11895.40039 0.000197
11896.36035 0.000199
11897.33008 0.000201
11898.29004 0.000203
11899.25977 0.000205
11900.21973 0.000207
11901.19043 0.000209
11902.16016 0.000211
11903.12012 0.000213
11904.08984 0.000214
11905.04980 0.000214
11906.01953 0.000214
11906.98047 0.000214
11907.95020 0.000214
11908.91992 0.000214
11909.87988 0.000214
11910.84961 0.000214
11911.80957 0.000214
11912.78027 0.000214
11913.75000 0.000214
11914.70996 0.000214
11915.67969 0.000214
11916.65039 0.000214
11917.61035 0.000214
11918.58008 0.000214
11919.54980 0.000214
11920.50977 0.000214
11921.48047 0.000214
11922.45020 0.000214
11923.41992 0.000214
11924.37988 0.000214
11925.34961 0.000214
11926.32031 0.000214
11927.28027 0.000214
11928.25000 0.000214
11929.21973 0.000214
11930.19043 0.000214
11931.16016 0.000214
11932.12012 0.000214
11933.08984 0.000214
11934.05957 0.000214
11935.03027 0.000214
11936.00000 0.000214
11936.95996 0.000214
11937.92969 0.000214
11938.90039 0.000214
11939.87012 0.000214
11940.83984 0.000214
11941.80957 0.000214
11942.76953 0.000214
11943.74023 0.000214
11944.70996 0.000214
11945.67969 0.000214
11946.65039 0.000214
11947.62012 0.000214
11948.58984 0.000214
11949.55957 0.000214
11950.53027 0.000214
11951.50000 0.000214
11952.46973 0.000214
11953.44043 0.000214
11954.41016 0.000213
11955.37988 0.000212
11956.34961 0.000211
11957.32031 0.00021
11958.29004 0.000209
11959.25977 0.000208
11960.23047 0.000207
11961.20020 0.000206
11962.16992 0.000205
11963.13965 0.000204
11964.11035 0.000203
11965.08008 0.000202
