threeML/data/optical_filters/HST/WFC3_UVIS2-F600LP.ecsv
# %ECSV 0.9
# ---
# datatype:
# - {name: wavelength, unit: Angstrom, datatype: float32}
# - {name: response, datatype: float32}
# meta: !!omap
# - {band_name: F600LP}
# - {group_name: WFC3_UVIS2}
wavelength response
[from data line 2414]
8887.28711 0.105097
8888.80762 0.104984
8890.32812 0.104871
8891.84863 0.104757
8893.37012 0.104659
8894.89160 0.104571
8896.41309 0.104483
8897.93457 0.104395
8899.45703 0.104306
8900.97852 0.104218
8902.50195 0.104129
8904.02441 0.104043
8905.54785 0.103956
8907.07129 0.103869
8908.59473 0.103782
8910.11816 0.103695
8911.64258 0.103607
8913.16699 0.103514
8914.69238 0.103414
8916.21680 0.103314
8917.74219 0.103213
8919.26758 0.103112
8920.79297 0.103012
8922.31934 0.102911
8923.84570 0.102786
8925.37207 0.102658
8926.89941 0.102531
8928.42578 0.102403
8929.95312 0.102276
8931.48047 0.102148
8933.00879 0.102041
8934.53711 0.101969
8936.06543 0.101896
8937.59375 0.101824
8939.12305 0.101751
8940.65234 0.101685
8942.18164 0.101627
8943.71094 0.101517
8945.24121 0.101395
8946.77148 0.101273
8948.30176 0.101151
8949.83203 0.101028
8951.36328 0.100892
8952.89453 0.100783
8954.42578 0.100745
8955.95801 0.100706
8957.49023 0.100667
8959.02246 0.100627
8960.55469 0.100587
8962.08691 0.100547
8963.62012 0.100424
8965.15332 0.100274
8966.68848 0.100124
8968.22168 0.099973
8969.75586 0.099823
8971.29004 0.099672
8972.82422 0.099537
8974.35938 0.099452
8975.89453 0.099367
8977.42969 0.099281
8978.96582 0.099195
8980.50195 0.099109
8982.03809 0.099023
8983.57422 0.098904
8985.11133 0.098772
8986.64844 0.09864
8988.18555 0.098508
8989.72266 0.098375
8991.26074 0.098243
8992.79883 0.098114
8994.33691 0.097997
8995.87598 0.09788
8997.41406 0.097762
8998.95410 0.097644
9000.49316 0.097528
9002.03223 0.097412
9003.57227 0.097313
9005.11230 0.097221
9006.65332 0.097129
9008.19336 0.097037
9009.73438 0.096944
9011.27637 0.096864
9012.81738 0.096782
9014.35938 0.096687
9015.90137 0.096592
9017.44336 0.096497
9018.98633 0.096402
9020.52930 0.096301
9022.07227 0.096191
9023.61523 0.096082
9025.15918 0.095972
9026.70312 0.095863
9028.24707 0.095753
9029.79102 0.095643
9031.33594 0.095541
9032.88086 0.095442
9034.42578 0.095345
9035.97168 0.095248
9037.51758 0.095152
9039.06348 0.095055
9040.60938 0.094958
9042.15625 0.09486
9043.70312 0.094761
9045.25000 0.094662
9046.79688 0.094562
9048.34473 0.094462
9049.89258 0.094362
9051.44043 0.094262
9052.98926 0.094162
9054.53711 0.094063
9056.08594 0.093963
9057.63574 0.093864
9059.18457 0.093764
9060.73438 0.093664
9062.28418 0.093564
9063.83496 0.093467
9065.38574 0.09337
9066.93555 0.093273
9068.48730 0.093175
9070.03809 0.093078
9071.58984 0.09298
9073.14160 0.092881
9074.69336 0.092781
9076.24609 0.092679
9077.79883 0.092578
9079.35156 0.092477
9080.90430 0.092384
9082.45801 0.092296
9084.01172 0.092209
9085.56543 0.092121
9087.12012 0.092034
9088.67383 0.091946
9090.22852 0.091856
9091.78418 0.091754
9093.33887 0.09165
9094.89453 0.091544
9096.45020 0.091439
9098.00684 0.091332
9099.56152 0.091226
9101.11914 0.09112
9102.67676 0.091015
9104.23340 0.090914
9105.79102 0.090814
9107.34863 0.090713
9108.90625 0.090612
9110.46484 0.090512
9112.02344 0.090411
9113.58203 0.09031
9115.14062 0.090208
9116.70020 0.090107
9118.25977 0.090005
9119.81934 0.089903
9121.37988 0.089802
9122.93945 0.089701
9124.50000 0.089602
9126.06152 0.089503
9127.62207 0.089405
9129.18359 0.089305
9130.74512 0.089206
9132.30762 0.089107
9133.86914 0.089003
9135.43164 0.088897
9136.99512 0.088792
9138.55762 0.088686
9140.12109 0.088581
9141.68457 0.088475
9143.24805 0.088368
9144.81348 0.08826
9146.37695 0.088151
9147.94141 0.088043
9149.50586 0.087934
9151.07129 0.087826
9152.63672 0.087718
9154.20215 0.087617
9155.76855 0.087517
9157.33496 0.087416
9158.90137 0.087315
9160.46777 0.087215
9162.03516 0.087114
9163.60156 0.08701
9165.16992 0.086905
9166.73730 0.086799
9168.30566 0.086694
9169.87402 0.086588
9171.44238 0.086482
9173.01172 0.086375
9174.58008 0.086264
9176.14941 0.086154
9177.71973 0.086043
9179.28906 0.085932
9180.85938 0.085828
9182.43066 0.085731
9184.00098 0.08564
9185.57227 0.085549
9187.14355 0.085458
9188.71484 0.085367
9190.28711 0.085273
9191.85840 0.085169
9193.43164 0.085061
9195.00391 0.084951
9196.57715 0.08484
9198.15039 0.08473
9199.72363 0.084619
9201.29688 0.084501
9202.87109 0.084384
9204.44531 0.084272
9206.01953 0.084159
9207.59473 0.084047
9209.16992 0.083934
9210.74512 0.083822
9212.32031 0.083709
9213.89648 0.083584
9215.47266 0.083457
9217.04883 0.083331
9218.62598 0.083203
9220.20312 0.083076
9221.78027 0.082949
9223.35742 0.082833
9224.93555 0.082725
9226.51367 0.082617
9228.09180 0.08251
9229.66992 0.082402
9231.24902 0.082298
9232.82812 0.082192
9234.40723 0.082072
9235.98730 0.081951
9237.56738 0.08183
9239.14746 0.081709
9240.72754 0.081588
9242.30859 0.081467
9243.88965 0.08135
9245.47070 0.081233
9247.05273 0.081117
9248.63379 0.081
9250.21680 0.080883
9251.79883 0.080766
9253.38086 0.080653
9254.96387 0.080543
9256.54785 0.080433
9258.13086 0.080323
9259.71484 0.080212
9261.29883 0.080102
9262.88281 0.079989
9264.46777 0.079869
9266.05176 0.079748
9267.63770 0.079627
9269.22266 0.079506
9270.80859 0.079385
9272.39453 0.079264
9273.98047 0.079152
9275.56641 0.07904
9277.15332 0.078929
9278.74023 0.078817
9280.32715 0.078706
9281.91504 0.078594
9283.50293 0.078481
9285.09082 0.078367
9286.67969 0.078253
9288.26758 0.078139
9289.85645 0.078025
9291.44629 0.077911
9293.03516 0.077795
9294.62500 0.077675
9296.21484 0.077555
9297.80469 0.077435
9299.39648 0.077314
9300.98633 0.077202
9302.57715 0.077093
9304.16895 0.076982
9305.76074 0.07687
9307.35254 0.076758
9308.94434 0.076645
9310.53711 0.076529
9312.12988 0.076404
9313.72266 0.076286
9315.31543 0.076171
9316.90918 0.076055
9318.50293 0.075939
9320.09668 0.075823
9321.69141 0.075707
9323.28613 0.07559
9324.88086 0.075472
9326.47559 0.075355
9328.07129 0.075237
9329.66699 0.075119
9331.26270 0.075001
9332.85938 0.074881
9334.45508 0.074756
9336.05273 0.07463
9337.64941 0.074505
9339.24707 0.074379
9340.84473 0.074254
9342.44238 0.074128
9344.04004 0.074004
9345.63867 0.07388
9347.23730 0.073756
9348.83594 0.073632
9350.43555 0.073507
9352.03516 0.073383
9353.63477 0.073259
9355.23535 0.073136
9356.83496 0.073012
9358.43555 0.072889
9360.03711 0.072765
9361.63770 0.072641
9363.23926 0.072517
9364.84082 0.072392
9366.44336 0.072266
9368.04492 0.072141
9369.64746 0.072015
9371.25000 0.07189
9372.85352 0.071764
9374.45703 0.071641
9376.06055 0.071519
9377.66406 0.071396
9379.26855 0.071273
9380.87305 0.071149
9382.47754 0.071026
9384.08301 0.0709
9385.68652 0.070775
9387.29395 0.070648
9388.89941 0.070522
9390.50586 0.070396
9392.11133 0.07027
9393.71875 0.070147
9395.32520 0.070026
9396.93262 0.069905
9398.54004 0.069784
9400.14746 0.069662
9401.75586 0.069528
9403.36426 0.06939
9404.97266 0.069247
9406.58105 0.069103
9408.19043 0.06896
9409.79980 0.068817
9411.40918 0.068673
9413.01953 0.068531
9414.62988 0.068394
9416.24023 0.068257
9417.85059 0.06812
9419.46191 0.067983
9421.07324 0.067846
9422.68457 0.067708
9424.29688 0.067566
9425.90918 0.067424
9427.52148 0.067281
9429.13379 0.067139
9430.74707 0.067
9432.36035 0.066864
9433.97363 0.066731
9435.58789 0.066598
9437.20117 0.066464
9438.81543 0.066331
9440.43066 0.066197
9442.04492 0.066063
9443.66016 0.065928
9445.27637 0.065792
9446.89160 0.065655
9448.50781 0.065519
9450.12402 0.065382
9451.74023 0.065245
9453.35742 0.065108
9454.97461 0.064971
9456.59180 0.064834
9458.20996 0.064696
9459.82715 0.064559
9461.44531 0.064421
9463.06445 0.064284
9464.68262 0.06415
9466.30176 0.064015
9467.92090 0.063881
9469.54102 0.063746
9471.16113 0.063611
9472.78125 0.063476
9474.40137 0.063337
9476.02246 0.063199
9477.64355 0.06306
9479.26465 0.062921
9480.88574 0.062782
9482.50781 0.062643
9484.12988 0.062504
9485.75195 0.062366
9487.37500 0.062227
9488.99805 0.062088
9490.62109 0.061949
9492.24414 0.06181
9493.86816 0.061674
9495.49219 0.061538
9497.11621 0.061403
9498.74121 0.061267
9500.36621 0.061138
9501.99121 0.061036
9503.61719 0.06093
9505.24219 0.060823
9506.86816 0.060716
9508.49512 0.060609
9510.12109 0.060501
9511.74805 0.060394
9513.37500 0.060286
9515.00293 0.06018
9516.62988 0.060073
9518.25781 0.059966
9519.88672 0.059858
9521.51465 0.059751
9523.14355 0.059643
9524.77246 0.059534
9526.40234 0.059425
9528.03125 0.059316
9529.66113 0.059207
9531.29199 0.059097
9532.92188 0.058989
9534.55273 0.058885
9536.18359 0.058782
9537.81543 0.058678
9539.44629 0.058574
9541.07812 0.05847
9542.71094 0.058365
9544.34277 0.058254
9545.97559 0.058142
9547.60840 0.05803
9549.24219 0.057918
9550.87500 0.057805
9552.50879 0.057693
9554.14355 0.057587
9555.77734 0.057481
9557.41211 0.057375
9559.04688 0.057269
9560.68262 0.057162
9562.31738 0.057056
9563.95312 0.056947
9565.58984 0.056838
9567.22559 0.056728
9568.86230 0.056619
9570.49902 0.056509
9572.13672 0.0564
9573.77344 0.056287
9575.41113 0.056173
9577.04980 0.056059
9578.68652 0.055944
9580.32617 0.05583
9581.96484 0.055716
9583.60352 0.055605
9585.24414 0.055497
9586.88379 0.055388
9588.52344 0.05528
9590.16309 0.055171
9591.80371 0.055062
9593.44531 0.054952
9595.08594 0.05484
9596.72754 0.054729
9598.36914 0.054617
9600.01074 0.054505
9601.65332 0.054399
9603.29590 0.054292
9604.93848 0.054184
9606.58105 0.054077
9608.22461 0.053969
9609.86816 0.053861
9611.51172 0.053736
9613.15625 0.05361
9614.80078 0.053486
9616.44531 0.053362
9618.09082 0.053237
9619.73535 0.053113
9621.38086 0.052996
9623.02734 0.05288
9624.67285 0.052761
9626.31934 0.052643
9627.96680 0.052524
9629.61328 0.052405
9631.26074 0.052286
9632.90820 0.052168
9634.55566 0.052055
9636.20410 0.051941
9637.85254 0.051828
9639.50098 0.051715
9641.15039 0.051601
9642.79980 0.051486
9644.44922 0.051361
9646.09863 0.051235
9647.74902 0.05111
9649.39941 0.050984
9651.04980 0.050858
9652.70117 0.050733
9654.35156 0.050616
9656.00391 0.0505
9657.65527 0.050383
9659.30762 0.050266
9660.95996 0.050149
9662.61230 0.050032
9664.26562 0.049914
9665.91797 0.049796
9667.57227 0.049677
9669.22559 0.049559
9670.87988 0.04944
9672.53418 0.049321
9674.18848 0.049198
9675.84375 0.049075
9677.49902 0.048952
9679.15430 0.048828
9680.80957 0.048705
9682.46582 0.048581
9684.12207 0.048461
9685.77832 0.04834
9687.43555 0.04822
9689.09277 0.048099
9690.75000 0.047978
9692.40820 0.047857
9694.06543 0.047736
9695.72461 0.047614
9697.38281 0.047493
9699.04199 0.047371
9700.70117 0.047249
9702.36035 0.047127
9704.01953 0.047007
9705.67969 0.046888
9707.33984 0.046769
9709.00098 0.046649
9710.66113 0.046529
9712.32227 0.046409
9713.98438 0.046286
9715.64648 0.046162
9717.30762 0.046037
9718.96973 0.045913
9720.63281 0.045788
9722.29492 0.045663
9723.95801 0.045539
9725.62207 0.045415
9727.28516 0.04529
9728.94922 0.045166
9730.61426 0.045041
9732.27832 0.044916
9733.94336 0.044793
9735.60840 0.044671
9737.27344 0.044549
9738.93945 0.044426
9740.60547 0.044303
9742.27148 0.04418
9743.93848 0.044057
9745.60352 0.043933
9747.27246 0.043809
9748.93945 0.043685
9750.60742 0.04356
9752.27539 0.043436
9753.94336 0.04331
9755.61133 0.043184
9757.28027 0.043057
9758.94922 0.04293
9760.61914 0.042804
9762.28906 0.042677
9763.95898 0.042551
9765.62891 0.042425
9767.29980 0.042299
9768.97070 0.042173
9770.64160 0.042046
9772.31348 0.04192
9773.98438 0.041793
9775.65625 0.041666
9777.32910 0.041539
9779.00098 0.041412
9780.67383 0.041284
9782.34668 0.041157
9784.02148 0.041031
9785.69434 0.040905
9787.36816 0.04078
9789.04199 0.040654
9790.71680 0.040528
9792.39160 0.040402
9794.06641 0.040275
9795.74219 0.040148
9797.41797 0.040021
9799.09375 0.039893
9800.77148 0.039763
9802.44629 0.039632
9804.12305 0.0395
9805.80078 0.039368
9807.47754 0.039236
9809.15527 0.039104
9810.83398 0.038972
9812.51172 0.03884
9814.19043 0.038708
9815.86914 0.038575
9817.54883 0.038442
9819.22754 0.038309
9820.90723 0.038176
9822.58789 0.038043
9824.26758 0.037911
9825.94824 0.037778
9827.62891 0.037645
9829.31055 0.037512
9830.99219 0.037381
9832.67383 0.03725
9834.35547 0.03712
9836.03809 0.036989
9837.72070 0.036857
9839.40332 0.036726
9841.08594 0.036595
9842.76953 0.036464
9844.45312 0.036331
9846.13770 0.036199
9847.82227 0.036067
9849.50684 0.035934
9851.19141 0.035802
9852.87598 0.035669
9854.56152 0.035539
9856.24805 0.035409
9857.93359 0.035278
9859.62012 0.035148
9861.30664 0.035017
9862.99316 0.034886
9864.68066 0.034753
9866.36816 0.03462
9868.05566 0.034486
9869.74414 0.034353
9871.43262 0.034219
9873.12109 0.034086
9874.80957 0.033955
9876.49902 0.033824
9878.18848 0.033693
9879.87793 0.033561
9881.56836 0.03343
9883.25879 0.033297
9884.94922 0.033162
9886.64062 0.033027
9888.33203 0.032892
9890.02344 0.032757
9891.71484 0.032622
9893.40723 0.032488
9895.09961 0.032355
9896.79199 0.032222
9898.48535 0.032089
9900.17871 0.031956
9901.87207 0.031817
9903.56543 0.031677
9905.25977 0.031536
9906.95410 0.031395
9908.64844 0.031254
9910.34375 0.031114
9912.03906 0.030979
9913.73438 0.030843
9915.43066 0.030707
9917.12695 0.030571
9918.82324 0.030435
9920.51953 0.030299
9922.21680 0.030163
9923.91406 0.030027
9925.61230 0.029892
9927.30957 0.029757
9929.00781 0.029622
9930.70605 0.029487
9932.40527 0.029352
9934.10352 0.029215
9935.80371 0.029079
9937.50293 0.028942
9939.20312 0.028805
9940.90332 0.028668
9942.60352 0.028531
9944.30469 0.028396
9946.00586 0.028262
9947.70703 0.028127
9949.40918 0.027992
9951.11035 0.027858
9952.81348 0.027722
9954.51562 0.027585
9956.21875 0.027448
9957.92188 0.02731
9959.62500 0.027172
9961.32910 0.027035
9963.03320 0.026897
9964.73730 0.026761
9966.44141 0.026625
9968.14648 0.026488
9969.85156 0.026351
9971.55762 0.026215
9973.26270 0.026078
9974.96875 0.02594
9976.67480 0.025803
9978.38184 0.025665
9980.08887 0.025527
9981.79590 0.025389
9983.50391 0.025251
9985.21094 0.025113
9986.91992 0.024975
9988.62793 0.024837
9990.33691 0.024699
9992.04590 0.024561
9993.75488 0.024423
9995.46387 0.024285
9997.17383 0.024146
9998.88379 0.024008
10000.58984 0.023886
10002.30957 0.023794
10004.01953 0.023702
10005.73047 0.023609
10007.44043 0.023517
10009.15039 0.023424
10010.86035 0.023332
10012.58008 0.023239
10014.29004 0.023145
10016.00000 0.023051
10017.70996 0.022957
10019.42969 0.022863
10021.13965 0.022768
10022.86035 0.022674
10024.57031 0.022581
10026.29004 0.022488
10028.00000 0.022395
10029.71973 0.022302
10031.42969 0.022205
10033.15039 0.022108
10034.87012 0.022012
10036.58008 0.021916
10038.29980 0.021821
10040.01953 0.021725
10041.73047 0.021633
10043.45020 0.021541
10045.16992 0.021449
10046.88965 0.021357
10048.61035 0.021265
10050.32031 0.021173
10052.04004 0.021081
10053.75977 0.020987
10055.48047 0.020893
10057.20020 0.020798
10058.91992 0.020704
10060.63965 0.020609
10062.37012 0.020515
10064.08984 0.020422
10065.80957 0.02033
10067.53027 0.020237
10069.25000 0.020145
10070.96973 0.020053
10072.70020 0.01996
10074.41992 0.019867
10076.13965 0.019775
10077.87012 0.019682
10079.58984 0.019589
10081.32031 0.019496
10083.04004 0.019403
10084.76953 0.019309
10086.49023 0.019215
10088.21973 0.019121
10089.94043 0.019027
10091.66992 0.018932
10093.38965 0.018839
10095.12012 0.018745
10096.84961 0.018652
10098.57031 0.018558
10100.29980 0.018465
10102.03027 0.018371
10103.75977 0.018277
10105.49023 0.018183
10107.20996 0.018089
10108.94043 0.017995
10110.66992 0.017901
10112.40039 0.017806
10114.12988 0.017713
10115.86035 0.01762
10117.58984 0.017526
10119.32031 0.017433
10121.04980 0.017338
10122.79004 0.017241
10124.51953 0.017145
10126.25000 0.017049
10127.98047 0.016953
10129.70996 0.016856
10131.45020 0.016763
10133.17969 0.01667
10134.91016 0.016578
10136.65039 0.016486
10138.37988 0.016393
10140.12012 0.016301
10141.84961 0.016209
10143.58008 0.016115
10145.32031 0.016021
10147.05957 0.015926
10148.79004 0.015831
10150.53027 0.015737
10152.25977 0.015642
10154.00000 0.015548
10155.74023 0.015454
10157.46973 0.015361
10159.20996 0.015267
10160.95020 0.015173
10162.69043 0.015079
10164.42969 0.014986
10166.16992 0.014893
10167.90039 0.0148
10169.63965 0.014707
10171.37988 0.014614
10173.12012 0.014521
10174.86035 0.014426
10176.59961 0.014332
10178.33984 0.014237
10180.08984 0.014143
10181.83008 0.014048
10183.57031 0.013954
10185.30957 0.013861
