threeML/data/optical_filters/HST/WFC3_UVIS1-F395N.ecsv
# %ECSV 0.9
# ---
# datatype:
# - {name: wavelength, unit: Angstrom, datatype: float32}
# - {name: response, datatype: float32}
# meta: !!omap
# - {band_name: F395N}
# - {group_name: WFC3_UVIS1}
wavelength response
3496.90503 0.0
3885.44995 0.00041
3886.11499 0.000451
3886.78003 0.00051
3887.44507 0.000573
3888.11011 0.000639
3888.77490 0.000727
3889.43994 0.000815
3890.10596 0.000901
3890.77100 0.001017
3891.43701 0.001143
3892.10303 0.001278
3892.76904 0.001436
3893.43506 0.001618
3894.10107 0.001824
3894.76709 0.002095
3895.43408 0.002386
3896.10010 0.002698
3896.76709 0.003094
3897.43311 0.003537
3898.10010 0.004025
3898.76709 0.004683
3899.43408 0.005408
3900.10107 0.006201
3900.76904 0.007236
3901.43604 0.008417
3902.10400 0.009746
3902.77100 0.011437
3903.43896 0.013392
3904.10693 0.01561
3904.77490 0.018456
3905.44312 0.021589
3906.11108 0.025012
3906.77905 0.029465
3907.44800 0.034652
3908.11597 0.040562
3908.78491 0.047891
3909.45410 0.055939
3910.12305 0.0647
3910.79199 0.075279
3911.46094 0.086769
3912.12988 0.099113
3912.79907 0.112691
3913.46899 0.12625
3914.13794 0.139777
3914.80811 0.15297
3915.47803 0.165255
3916.14795 0.176666
3916.81812 0.185947
3917.48804 0.193511
3918.15796 0.199626
3918.82910 0.20414
3919.49902 0.207346
3920.16992 0.209555
3920.84009 0.211202
3921.51099 0.211756
3922.18188 0.211582
3922.85303 0.211484
3923.52393 0.211376
3924.19604 0.211203
3924.86694 0.210607
3925.53906 0.210463
3926.20996 0.210569
3926.88208 0.210627
3927.55396 0.210668
3928.22607 0.210772
3928.89795 0.211232
3929.57007 0.211605
3930.24194 0.212016
3930.91504 0.212753
3931.58691 0.213282
3932.26001 0.213771
3932.93311 0.21443
3933.60596 0.215096
3934.27905 0.215728
3934.95190 0.216244
3935.62500 0.216838
3936.29907 0.217433
3936.97192 0.217963
3937.64600 0.218282
3938.31909 0.218561
3938.99292 0.218877
3939.66699 0.219018
3940.34106 0.219117
3941.01489 0.219215
3941.68994 0.21919
3942.36401 0.219193
3943.03906 0.21928
3943.71289 0.218962
3944.38794 0.218788
3945.06299 0.218908
3945.73804 0.218778
3946.41309 0.218674
3947.08789 0.21863
3947.76294 0.218596
3948.43896 0.218326
3949.11499 0.217797
3949.79004 0.218088
3950.46606 0.218115
3951.14209 0.2179
3951.81812 0.217989
3952.49390 0.217962
3953.16992 0.217828
3953.84595 0.217541
3954.52295 0.217548
3955.19995 0.217702
3955.87598 0.217466
3956.55298 0.217553
3957.22998 0.217795
3957.90698 0.217896
3958.58398 0.218033
3959.26196 0.218089
3959.93896 0.217782
3960.61694 0.217793
3961.29395 0.217887
3961.97192 0.217895
3962.64990 0.217937
3963.32788 0.217943
3964.00610 0.217846
3964.68408 0.217753
3965.36304 0.217573
3966.04102 0.217231
3966.71899 0.216957
3967.39795 0.216719
3968.07690 0.216521
3968.75610 0.216254
3969.43506 0.215929
3970.11401 0.21554
3970.79297 0.215202
3971.47290 0.21486
3972.15210 0.214493
3972.83203 0.213666
3973.51099 0.213276
3974.19092 0.213182
3974.87109 0.212777
3975.55200 0.212416
3976.23193 0.212051
3976.91211 0.21152
3977.59204 0.211127
3978.27295 0.210805
3978.95410 0.210511
3979.63403 0.21028
3980.31494 0.210195
3980.99609 0.210434
3981.67700 0.21035
3982.35889 0.210385
3983.04004 0.210797
3983.72095 0.211079
3984.40308 0.211273
3985.08496 0.211364
3985.76709 0.211497
3986.44800 0.211509
3987.13110 0.211381
3987.81299 0.211002
3988.49512 0.209989
3989.17700 0.208384
3989.86011 0.206171
3990.54297 0.202953
3991.22510 0.198921
3991.90796 0.193924
3992.59106 0.187678
3993.27393 0.180329
3993.95801 0.171106
3994.64111 0.160765
3995.32397 0.149779
3996.00806 0.138119
3996.69189 0.126764
3997.37500 0.115308
3998.06006 0.103566
3998.74292 0.092673
3999.42798 0.082344
4000.11206 0.072633
4000.79590 0.064056
4001.48096 0.056113
4002.16602 0.048802
4002.85010 0.042525
4003.53491 0.036918
4004.21997 0.031895
4004.90503 0.027683
4005.59009 0.024046
4006.27588 0.020801
4006.96094 0.017969
4007.64697 0.015576
4008.33301 0.013466
4009.01807 0.011693
4009.70410 0.010216
4010.38989 0.008916
4011.07593 0.007815
4011.76294 0.006863
4012.44897 0.006028
4013.13501 0.005316
4013.82202 0.004752
4014.50903 0.004216
4015.19604 0.003712
4015.88306 0.00329
4016.57007 0.002921
4017.25708 0.002593
4017.94409 0.002317
4018.63208 0.002076
4019.31909 0.001856
4020.00708 0.001657
4020.69507 0.001482
4021.38306 0.001321
4022.07104 0.001175
4022.75903 0.001065
4023.44702 0.00096
4024.13599 0.000859
4024.82397 0.000781
4025.51294 0.000708
4026.20190 0.000639
4026.88989 0.000581
4027.57910 0.00053
4028.26904 0.000481
4028.95801 0.000433
4431.85400 0.0
