threeML/data/optical_filters/HST/WFC3_IR-F110W.ecsv
# %ECSV 0.9
# ---
# datatype:
# - {name: wavelength, unit: Angstrom, datatype: float32}
# - {name: response, datatype: float32}
# meta: !!omap
# - {band_name: F110W}
# - {group_name: WFC3_IR}
wavelength response
[from data line 1609]
9944.70605 0.432393
9945.51270 0.432461
9946.32031 0.43253
9947.12695 0.432599
9947.93359 0.432668
9948.74121 0.432737
9949.54785 0.432806
9950.35352 0.432888
9951.16211 0.432986
9951.96973 0.433084
9952.77637 0.433186
9953.58398 0.433342
9954.39160 0.433498
9955.19922 0.433654
9956.00684 0.433811
9956.81445 0.433967
9957.62207 0.434123
9958.42969 0.434279
9959.23730 0.434435
9960.04590 0.434592
9960.85352 0.434748
9961.66211 0.434903
9962.46973 0.435059
9963.27832 0.435248
9964.08594 0.435452
9964.89453 0.435657
9965.70312 0.435862
9966.51172 0.436066
9967.32031 0.436271
9968.12891 0.436476
9968.93652 0.436681
9969.74609 0.436885
9970.55469 0.43709
9971.36328 0.437294
9972.17188 0.437498
9972.98145 0.437711
9973.79004 0.437944
9974.59961 0.438177
9975.40820 0.43841
9976.21777 0.438643
9977.02734 0.438876
9977.83691 0.439109
9978.64648 0.439342
9979.45508 0.439575
9980.26465 0.439808
9981.07422 0.44004
9981.88379 0.440273
9982.69434 0.440506
9983.50391 0.440755
9984.31348 0.441004
9985.12402 0.441254
9985.93359 0.441504
9986.74414 0.441754
9987.55371 0.442004
9988.36426 0.442255
9989.17480 0.442505
9989.98438 0.442755
9990.79492 0.442974
9991.60547 0.443193
9992.41602 0.443412
9993.22656 0.443626
9994.03711 0.443838
9994.84863 0.444049
9995.65918 0.444261
9996.46973 0.444472
9997.28125 0.444684
9998.09180 0.444895
9998.90332 0.445106
9999.71387 0.445318
10000.53027 0.445562
10001.33984 0.445824
10002.15039 0.446086
10002.95996 0.446343
10003.76953 0.446583
10004.58008 0.446823
10005.38965 0.447063
10006.20996 0.447303
10007.01953 0.447543
10007.83008 0.447783
10008.63965 0.448023
10009.45020 0.448264
10010.25977 0.448504
10011.08008 0.448744
10011.88965 0.448984
10012.70020 0.449224
10013.50977 0.449427
10014.33008 0.449628
10015.13965 0.449829
10015.95020 0.450031
10016.75977 0.450232
10017.58008 0.450434
10018.38965 0.450635
10019.20020 0.450837
10020.00977 0.451038
10020.83008 0.45124
10021.63965 0.451441
10022.45020 0.451642
10023.26953 0.451816
10024.08008 0.451976
10024.88965 0.452135
10025.70996 0.452295
10026.51953 0.452454
10027.33008 0.452614
10028.15039 0.452774
10028.95996 0.452933
10029.76953 0.453093
10030.58984 0.453252
10031.40039 0.453412
10032.20996 0.453571
10033.03027 0.453706
10033.83984 0.453796
10034.66016 0.453885
10035.46973 0.453974
10036.28027 0.454063
10037.09961 0.454152
10037.91016 0.454241
10038.73047 0.45433
10039.54004 0.45442
10040.34961 0.454495
10041.16992 0.454552
10041.98047 0.454609
10042.79980 0.454661
10043.61035 0.454638
10044.42969 0.454615
10045.24023 0.454591
10046.05957 0.454568
10046.87012 0.454545
10047.69043 0.454522
10048.50000 0.454498
10049.32031 0.454475
10050.12988 0.454457
10050.95020 0.454465
10051.75977 0.454473
10052.58008 0.454481
10053.38965 0.454439
10054.20996 0.454384
10055.03027 0.454329
10055.83984 0.454273
10056.66016 0.454218
10057.46973 0.454163
10058.29004 0.454108
10059.11035 0.454052
10059.91992 0.453997
10060.74023 0.453941
10061.54980 0.453885
10062.37012 0.453829
10063.19043 0.453739
10064.00000 0.453618
10064.82031 0.453497
10065.62988 0.453377
10066.45020 0.453256
10067.26953 0.453135
10068.08008 0.453014
10068.90039 0.452893
10069.71973 0.452772
10070.54004 0.45265
10071.34961 0.452528
10072.16992 0.452406
10072.99023 0.452271
10073.79980 0.452099
10074.62012 0.451926
10075.44043 0.451754
10076.25977 0.451582
10077.07031 0.45141
10077.88965 0.451237
10078.70996 0.451065
10079.53027 0.450892
10080.33984 0.450719
10081.16016 0.450546
10081.98047 0.450373
10082.79980 0.450198
10083.61035 0.449985
10084.42969 0.449772
10085.25000 0.449559
10086.07031 0.449346
10086.88965 0.449133
10087.70996 0.44892
10088.51953 0.448706
10089.33984 0.448493
10090.16016 0.448279
10090.98047 0.448066
10091.79980 0.447851
10092.62012 0.447637
10093.42969 0.447398
10094.25000 0.447154
10095.07031 0.44691
10095.88965 0.446666
10096.70996 0.446421
10097.53027 0.446177
10098.34961 0.445933
10099.16992 0.445688
10099.99023 0.445443
10100.80957 0.445198
10101.62988 0.444952
10102.45020 0.444707
10103.25977 0.444476
10104.08008 0.444254
10104.90039 0.444032
10105.71973 0.44381
10106.54004 0.443588
10107.36035 0.443366
10108.17969 0.443144
10109.00000 0.442922
10109.82031 0.4427
10110.63965 0.442453
10111.45996 0.442198
10112.28027 0.441944
10113.09961 0.4417
10113.91992 0.44147
10114.75000 0.44124
10115.57031 0.44101
10116.38965 0.440781
10117.20996 0.440551
10118.03027 0.440321
10118.84961 0.440091
10119.66992 0.43986
10120.49023 0.439649
10121.30957 0.439449
10122.12988 0.439249
10122.95020 0.439057
10123.78027 0.438894
10124.59961 0.438731
10125.41992 0.438568
10126.24023 0.438405
10127.05957 0.438242
10127.87988 0.438078
10128.70020 0.437915
10129.53027 0.437752
10130.34961 0.437588
10131.16992 0.437424
10131.99023 0.43726
10132.80957 0.437098
10133.62988 0.436991
10134.45996 0.436883
10135.28027 0.436775
10136.09961 0.436667
10136.91992 0.43656
10137.75000 0.436452
10138.57031 0.436343
10139.38965 0.436235
10140.20996 0.436128
10141.04004 0.436019
10141.86035 0.43591
10142.67969 0.435802
10143.50000 0.435748
10144.33008 0.435701
10145.15039 0.435654
10145.96973 0.435607
10146.79980 0.435561
10147.62012 0.435514
10148.44043 0.435467
10149.26953 0.43542
10150.08984 0.435373
10150.91016 0.435326
10151.74023 0.435279
10152.55957 0.435231
10153.37988 0.435239
10154.20996 0.435267
10155.03027 0.435295
10155.84961 0.435323
10156.67969 0.435351
10157.50000 0.435379
10158.33008 0.435408
10159.15039 0.435436
10159.96973 0.435464
10160.79980 0.435491
10161.62012 0.435519
10162.45020 0.435547
10163.26953 0.435621
10164.09961 0.435729
10164.91992 0.435836
10165.75000 0.435944
10166.57031 0.436051
10167.38965 0.436159
10168.21973 0.436267
10169.04004 0.436374
10169.87012 0.436482
10170.69043 0.436589
10171.51953 0.436697
10172.33984 0.436804
10173.16992 0.436943
10173.99023 0.437119
10174.82031 0.437295
10175.65039 0.437471
10176.46973 0.437647
10177.29980 0.437823
10178.12012 0.437999
10178.95020 0.438175
10179.76953 0.438352
10180.59961 0.438505
10181.41992 0.43865
10182.25000 0.438795
10183.08008 0.438957
10183.90039 0.439152
10184.73047 0.439347
10185.55957 0.439543
10186.37988 0.439738
10187.20996 0.439933
10188.03027 0.440128
10188.86035 0.440323
10189.69043 0.440519
10190.50977 0.440733
10191.33984 0.440959
10192.16992 0.441186
10192.99023 0.441431
10193.82031 0.441735
10194.65039 0.44204
10195.46973 0.442344
10196.29980 0.442649
10197.12988 0.442953
10197.95996 0.443258
10198.78027 0.443563
10199.61035 0.443868
10200.44043 0.444174
10201.26953 0.444481
10202.08984 0.444789
10202.91992 0.445101
10203.75000 0.44544
10204.58008 0.445779
10205.40039 0.446118
10206.23047 0.446458
10207.05957 0.446797
10207.88965 0.447137
10208.71973 0.447477
10209.54004 0.447816
10210.37012 0.448156
10211.20020 0.448495
10212.03027 0.448835
10212.86035 0.449177
10213.69043 0.449546
10214.50977 0.449916
10215.33984 0.450285
10216.16992 0.450655
10217.00000 0.451025
10217.83008 0.451395
10218.66016 0.451764
10219.49023 0.452134
10220.32031 0.452504
10221.15039 0.452874
10221.96973 0.453244
10222.79980 0.453614
10223.62988 0.45399
10224.45996 0.454365
10225.29004 0.45474
10226.12012 0.455116
10226.95020 0.455491
10227.78027 0.455867
10228.61035 0.456242
10229.44043 0.456618
10230.26953 0.456994
10231.09961 0.45737
10231.92969 0.457746
10232.75977 0.458121
10233.58984 0.458474
10234.41992 0.458825
10235.25000 0.459176
10236.08008 0.459527
10236.91016 0.459879
10237.74023 0.46023
10238.57031 0.460582
10239.40039 0.460934
10240.23047 0.461285
10241.05957 0.461637
10241.90039 0.461988
10242.73047 0.46234
10243.55957 0.462673
10244.38965 0.463005
10245.21973 0.463337
10246.04980 0.463669
10246.87988 0.464001
10247.70996 0.464334
10248.54004 0.464666
10249.37988 0.464998
10250.20996 0.465331
10251.04004 0.465663
10251.87012 0.465996
10252.70020 0.466328
10253.53027 0.46662
10254.37012 0.466906
10255.20020 0.467191
10256.03027 0.467478
10256.86035 0.467764
10257.69043 0.46805
10258.51953 0.468336
10259.36035 0.468623
10260.19043 0.468909
10261.01953 0.469195
10261.84961 0.469482
10262.69043 0.469768
10263.51953 0.470005
10264.34961 0.470232
10265.17969 0.47046
10266.01953 0.470688
10266.84961 0.470915
10267.67969 0.471143
10268.51953 0.471372
10269.34961 0.4716
10270.17969 0.471828
10271.00977 0.472055
10271.84961 0.472283
10272.67969 0.472511
10273.50977 0.472681
10274.34961 0.47284
10275.17969 0.472999
10276.01953 0.473158
10276.84961 0.473318
10277.67969 0.473477
10278.51953 0.473636
10279.34961 0.473795
10280.17969 0.473947
10281.01953 0.474072
10281.84961 0.474197
10282.69043 0.474322
10283.51953 0.474394
10284.34961 0.474458
10285.19043 0.474521
10286.01953 0.474584
10286.86035 0.474647
10287.69043 0.47471
10288.53027 0.474773
10289.36035 0.474836
10290.20020 0.474907
10291.03027 0.475004
10291.87012 0.475101
10292.70020 0.475198
10293.54004 0.475235
10294.37012 0.475262
10295.20996 0.475289
10296.04004 0.475316
10296.87988 0.475343
10297.70996 0.47537
10298.54980 0.475397
10299.37988 0.475424
10300.21973 0.475451
10301.04980 0.475477
10301.88965 0.475504
10302.71973 0.475531
10303.55957 0.475505
10304.40039 0.475473
10305.23047 0.47544
10306.07031 0.475408
10306.90039 0.475376
10307.74023 0.475343
10308.58008 0.475311
10309.41016 0.475278
10310.25000 0.475246
10311.08008 0.475213
10311.91992 0.47518
10312.75977 0.475147
10313.58984 0.475083
10314.42969 0.475016
10315.26953 0.474949
10316.11035 0.474882
10316.94043 0.474815
10317.78027 0.474748
10318.62012 0.47468
10319.45020 0.474613
10320.29004 0.474546
10321.12988 0.474478
10321.95996 0.474411
10322.79980 0.474343
10323.63965 0.474225
10324.48047 0.474106
10325.30957 0.473987
10326.15039 0.473867
10326.99023 0.473748
10327.83008 0.473628
10328.66992 0.473509
10329.50000 0.473389
10330.33984 0.47327
10331.17969 0.47315
10332.01953 0.473029
10332.86035 0.472909
10333.69043 0.472777
10334.53027 0.472645
10335.37012 0.472513
10336.20996 0.472381
10337.04980 0.472249
10337.88965 0.472117
10338.71973 0.471985
10339.55957 0.471853
10340.40039 0.47172
10341.24023 0.471588
10342.08008 0.471455
10342.91992 0.471324
10343.75977 0.471202
10344.59961 0.471081
10345.44043 0.470959
10346.28027 0.470837
10347.11035 0.470715
10347.95020 0.470593
10348.79004 0.470472
10349.62988 0.47035
10350.46973 0.470228
10351.30957 0.470105
10352.15039 0.469983
10352.99023 0.469862
10353.83008 0.469751
10354.66992 0.469639
10355.50977 0.469527
10356.34961 0.469415
10357.19043 0.469303
10358.03027 0.469191
10358.87012 0.469079
10359.70996 0.468966
10360.54980 0.468854
10361.38965 0.468742
10362.23047 0.468629
10363.07031 0.468521
10363.91992 0.468426
10364.75977 0.46833
10365.59961 0.468234
10366.44043 0.468138
10367.28027 0.468042
10368.12012 0.467946
10368.95996 0.46785
10369.79980 0.467754
10370.63965 0.467658
10371.48047 0.467562
10372.33008 0.467465
10373.16992 0.467385
10374.00977 0.46733
10374.84961 0.467276
10375.69043 0.467221
10376.53027 0.467166
10377.37012 0.467112
10378.21973 0.467057
10379.05957 0.467002
10379.90039 0.466947
10380.74023 0.466892
10381.58008 0.466837
10382.42969 0.466782
10383.26953 0.466751
10384.11035 0.466744
10384.95020 0.466737
10385.79980 0.466729
10386.63965 0.466722
10387.48047 0.466714
10388.32031 0.466707
10389.16992 0.466699
10390.00977 0.466692
10390.84961 0.466684
10391.70020 0.466676
10392.54004 0.466668
10393.37988 0.466679
10394.21973 0.466701
10395.07031 0.466723
10395.91016 0.466745
10396.75000 0.466766
10397.59961 0.466788
10398.44043 0.46681
10399.29004 0.466832
10400.12988 0.466854
10400.96973 0.466877
10401.82031 0.4669
10402.66016 0.466922
10403.50000 0.467011
10404.34961 0.467119
10405.19043 0.467227
10406.04004 0.467335
10406.87988 0.467442
10407.71973 0.46755
10408.57031 0.467658
10409.41016 0.467766
10410.25977 0.467874
10411.09961 0.467982
10411.95020 0.468089
10412.79004 0.468197
10413.63965 0.468334
10414.48047 0.468473
10415.33008 0.468612
10416.16992 0.468751
10417.01953 0.46889
10417.86035 0.46903
10418.70996 0.469169
10419.54980 0.469308
10420.40039 0.469448
10421.24023 0.469586
10422.08984 0.469725
10422.92969 0.469868
10423.78027 0.470041
10424.62012 0.470215
10425.46973 0.470389
10426.32031 0.470563
10427.16016 0.470736
10428.00977 0.47091
10428.84961 0.471084
10429.70020 0.471258
10430.54004 0.471432
10431.38965 0.471605
10432.24023 0.471779
10433.08008 0.471961
10433.92969 0.472163
10434.78027 0.472366
10435.62012 0.472568
10436.46973 0.472771
10437.32031 0.472973
10438.16016 0.473176
10439.00977 0.473379
10439.86035 0.473582
10440.70020 0.473784
10441.54980 0.473987
10442.40039 0.47419
10443.24023 0.4744
10444.08984 0.47462
10444.94043 0.474839
10445.79004 0.475059
10446.62988 0.475278
10447.48047 0.475498
10448.33008 0.475718
10449.17969 0.475938
10450.01953 0.476156
10450.87012 0.476341
10451.71973 0.476526
10452.57031 0.476711
10453.41992 0.476905
10454.25977 0.477105
10455.11035 0.477305
10455.95996 0.477504
10456.80957 0.477703
10457.66016 0.477903
10458.50000 0.478102
10459.34961 0.478302
10460.20020 0.47851
10461.04980 0.478744
10461.90039 0.478979
10462.75000 0.479213
10463.59961 0.479447
10464.44043 0.479681
10465.29004 0.479916
10466.13965 0.48015
10466.99023 0.480384
10467.83984 0.480619
10468.69043 0.480853
10469.54004 0.481088
10470.38965 0.481322
10471.24023 0.481557
10472.08984 0.481791
10472.94043 0.482024
10473.79004 0.482239
10474.63965 0.482453
10475.49023 0.482668
10476.33008 0.482882
10477.19043 0.483097
10478.04004 0.483311
10478.87988 0.483526
10479.74023 0.483741
10480.58008 0.483955
10481.44043 0.48417
10482.29004 0.484384
10483.13965 0.484589
10483.99023 0.484773
10484.83984 0.484957
10485.69043 0.485141
10486.54004 0.485325
10487.38965 0.485509
10488.24023 0.485693
10489.08984 0.485877
10489.94043 0.486061
10490.79004 0.486245
10491.63965 0.486429
10492.49023 0.486613
10493.34961 0.486781
10494.20020 0.486936
10495.04980 0.487091
10495.90039 0.487246
10496.75000 0.487401
10497.59961 0.487556
10498.45020 0.487711
10499.30957 0.487866
10500.16016 0.488015
10501.00977 0.488136
10501.86035 0.488258
10502.70996 0.488379
10503.57031 0.488459
10504.41992 0.488528
10505.26953 0.488598
10506.12012 0.488667
10506.96973 0.488737
10507.83008 0.488806
10508.67969 0.488876
10509.53027 0.488945
10510.37988 0.489015
10511.24023 0.489084
10512.08984 0.489154
10512.94043 0.489221
10513.79004 0.489254
10514.65039 0.489288
10515.50000 0.489322
10516.34961 0.489355
10517.20996 0.489389
10518.05957 0.489422
10518.91016 0.489456
10519.76953 0.48949
10520.62012 0.489523
10521.46973 0.489557
10522.33008 0.48959
10523.17969 0.489613
10524.03027 0.489617
10524.88965 0.489621
10525.74023 0.489625
10526.59961 0.489629
10527.45020 0.489632
10528.29980 0.489636
10529.16016 0.48964
10530.00977 0.489644
10530.87012 0.489648
10531.71973 0.489651
10532.57031 0.489655
10533.42969 0.489624
10534.28027 0.489575
10535.13965 0.489525
10535.99023 0.489475
10536.84961 0.489425
10537.70020 0.489375
10538.55957 0.489325
10539.41016 0.489275
10540.26953 0.489225
10541.12012 0.489175
10541.98047 0.489125
10542.83008 0.489075
10543.69043 0.488993
10544.54004 0.488908
10545.40039 0.488824
10546.25000 0.488739
10547.11035 0.488654
10547.95996 0.48857
10548.82031 0.488486
10549.67969 0.488401
10550.53027 0.488316
10551.38965 0.488231
10552.24023 0.488147
10553.09961 0.488058
10553.95996 0.487956
10554.80957 0.487855
10555.66992 0.487754
10556.51953 0.487652
10557.37988 0.487551
10558.24023 0.487449
10559.08984 0.487348
10559.95020 0.487246
10560.80957 0.487144
10561.66016 0.487043
10562.51953 0.486941
10563.37988 0.48683
10564.23047 0.486711
10565.08984 0.486591
10565.95020 0.486472
10566.80957 0.486353
10567.66016 0.486234
10568.51953 0.486114
10569.37988 0.485995
10570.24023 0.485876
10571.08984 0.485756
10571.95020 0.485637
10572.80957 0.485517
10573.66992 0.485404
10574.51953 0.485291
10575.37988 0.485179
10576.24023 0.485066
10577.09961 0.484953
10577.95996 0.484841
10578.80957 0.484727
10579.66992 0.484615
10580.53027 0.484502
10581.38965 0.484389
10582.25000 0.484276
10583.09961 0.484162
