threeML/data/optical_filters/HST/WFC3_UVIS2-F814W.ecsv
# %ECSV 0.9
# ---
# datatype:
# - {name: wavelength, unit: Angstrom, datatype: float32}
# - {name: response, datatype: float32}
# meta: !!omap
# - {band_name: F814W}
# - {group_name: WFC3_UVIS2}
wavelength response
[from data line 1610]
9139.79883 0.085459
9141.36230 0.085377
9142.92676 0.085293
9144.49121 0.085204
9146.05566 0.085115
9147.62012 0.085026
9149.18555 0.084936
9150.75098 0.084847
9152.31641 0.084757
9153.88184 0.084664
9155.44824 0.084571
9157.01465 0.084478
9158.58203 0.084384
9160.14844 0.08429
9161.71582 0.084197
9163.28320 0.084103
9164.85156 0.084009
9166.41895 0.083916
9167.98730 0.083822
9169.55566 0.083728
9171.12500 0.083634
9172.69434 0.08354
9174.26367 0.083448
9175.83301 0.083355
9177.40332 0.083263
9178.97363 0.08317
9180.54395 0.083081
9182.11426 0.083001
9183.68555 0.082914
9185.25684 0.082823
9186.82812 0.082733
9188.40039 0.082642
9189.97266 0.082551
9191.54492 0.082447
9193.11719 0.082342
9194.69043 0.082236
9196.26367 0.082129
9197.83691 0.082022
9199.41016 0.081915
9200.98438 0.081803
9202.55859 0.081688
9204.13281 0.081578
9205.70801 0.081468
9207.28320 0.081359
9208.85840 0.081249
9210.43359 0.081139
9212.00977 0.081029
9213.58594 0.080909
9215.16211 0.080784
9216.73926 0.080659
9218.31543 0.080534
9219.89258 0.080409
9221.47070 0.080284
9223.04785 0.080156
9224.62598 0.080023
9226.20410 0.07989
9227.78320 0.079756
9229.36230 0.079623
9230.94141 0.079492
9232.52148 0.079364
9234.09961 0.079242
9235.67969 0.079119
9237.25977 0.078997
9238.84082 0.078874
9240.42090 0.078752
9242.00195 0.078629
9243.58301 0.078503
9245.16504 0.078377
9246.74707 0.07825
9248.32910 0.078123
9249.91113 0.077996
9251.49414 0.077869
9253.07715 0.07774
9254.66016 0.077607
9256.24316 0.077475
9257.82715 0.077342
9259.41113 0.077209
9260.99512 0.077077
9262.58008 0.076944
9264.16406 0.076807
9265.74902 0.07667
9267.33496 0.076533
9268.91992 0.076396
9270.50586 0.076259
9272.09277 0.076122
9273.67871 0.075988
9275.26562 0.075857
9276.85254 0.075725
9278.43945 0.075594
9280.02734 0.075462
9281.61523 0.07533
9283.20312 0.075196
9284.79102 0.075058
9286.37988 0.07492
9287.96875 0.074782
9289.55762 0.074644
9291.14746 0.074506
9292.73633 0.074369
9294.32715 0.07424
9295.91699 0.074111
9297.50781 0.073981
9299.09863 0.073852
9300.68945 0.073728
9302.28027 0.07361
9303.87207 0.073491
9305.46387 0.073372
9307.05566 0.073253
9308.64844 0.073134
9310.24121 0.073012
9311.83398 0.072881
9313.42676 0.07275
9315.02148 0.07262
9316.61426 0.07249
9318.20801 0.07236
9319.80273 0.072229
9321.39746 0.072098
9322.99219 0.07197
9324.58691 0.071845
9326.18262 0.07172
9327.77832 0.071596
9329.37402 0.071471
9330.97070 0.071346
9332.56738 0.071221
9334.16406 0.071108
9335.76074 0.070995
9337.35840 0.070882
9338.95605 0.070769
9340.55371 0.070656
9342.15137 0.070542
9343.75000 0.070426
9345.34863 0.07031
9346.94727 0.070193
9348.54688 0.070076
9350.14648 0.069958
9351.74609 0.069841
9353.34570 0.069727
9354.94629 0.069616
9356.54688 0.069505
9358.14746 0.069394
9359.74902 0.069283
9361.35059 0.069171
9362.95215 0.069061
9364.55371 0.068956
9366.15625 0.06885
9367.75879 0.068744
9369.36133 0.068637
9370.96484 0.068531
9372.56738 0.068424
9374.17188 0.068324
9375.77539 0.068224
9377.37988 0.068124
9378.98340 0.068024
9380.58887 0.067923
9382.19336 0.067822
9383.79883 0.06772
9385.40430 0.067618
9387.00977 0.067515
9388.61621 0.067413
9390.22266 0.06731
9391.82910 0.067207
9393.43555 0.067103
9395.04297 0.067
9396.65039 0.066896
9398.25781 0.066792
9399.86621 0.066688
9401.47461 0.066574
9403.08301 0.066458
9404.69141 0.066343
9406.30078 0.066228
9407.91016 0.066112
9409.51953 0.065997
9411.12988 0.065881
9412.74023 0.065764
9414.35059 0.065641
9415.96094 0.065519
9417.57227 0.065396
9419.18359 0.065273
9420.79492 0.065149
9422.40723 0.065026
9424.01953 0.064893
9425.63184 0.064758
9427.24414 0.064624
9428.85742 0.064489
9430.47070 0.064357
9432.08398 0.064229
9433.69727 0.064092
9435.31152 0.063952
9436.92578 0.063811
9438.54102 0.06367
9440.15527 0.063529
9441.77148 0.063389
9443.38574 0.063242
9445.00195 0.063088
9446.61816 0.062935
9448.23438 0.062782
9449.85059 0.062629
9451.46777 0.062476
9453.08496 0.062318
9454.70215 0.062153
9456.31934 0.061987
9457.93848 0.061821
9459.55566 0.061655
9461.17383 0.061489
9462.79297 0.061322
9464.41211 0.061145
9466.03125 0.060968
9467.65137 0.06079
9469.27148 0.060614
9470.89062 0.060437
9472.51172 0.06026
9474.13184 0.06007
9475.75293 0.059879
9477.37402 0.059689
9478.99609 0.059498
9480.61719 0.059308
9482.23926 0.059118
9483.86230 0.058919
9485.48438 0.058718
9487.10742 0.058516
9488.73047 0.058315
9490.35352 0.058115
9491.97754 0.057914
9493.60156 0.057709
9495.22656 0.057501
9496.85059 0.057294
9498.47559 0.057087
9500.10059 0.056882
9501.72656 0.056706
9503.35156 0.056527
9504.97754 0.056343
9506.60352 0.056159
9508.23047 0.055975
9509.85742 0.055791
9511.48438 0.055608
9513.11230 0.05542
9514.73926 0.055225
9516.36719 0.05503
9517.99609 0.054835
9519.62402 0.05464
9521.25293 0.054445
9522.88184 0.05425
9524.51172 0.054046
9526.14062 0.053843
9527.77148 0.05364
9529.40137 0.053438
9531.03125 0.053236
9532.66211 0.053033
9534.29297 0.052789
9535.92480 0.052545
9537.55566 0.052302
9539.18848 0.052059
9540.81934 0.051817
9542.45215 0.051575
9544.08496 0.051277
9545.71777 0.050973
9547.35059 0.050669
9548.98438 0.050366
9550.61816 0.050064
9552.25195 0.049762
9553.88672 0.049399
9555.52148 0.049018
9557.15625 0.048639
9558.79102 0.04826
9560.42676 0.047883
9562.06152 0.047506
9563.69824 0.04703
9565.33496 0.046504
9566.97168 0.045979
9568.60840 0.045455
9570.24512 0.044933
9571.88281 0.044413
9573.52148 0.043785
9575.15820 0.043069
9576.79688 0.042355
9578.43555 0.041643
9580.07422 0.040934
9581.71289 0.040227
9583.35254 0.039471
9584.99219 0.038653
9586.63184 0.037838
9588.27246 0.037025
9589.91309 0.036216
9591.55371 0.035409
9593.19434 0.034556
9594.83594 0.033614
9596.47754 0.032676
9598.12012 0.03174
9599.76172 0.030809
9601.40430 0.029883
9603.04688 0.028939
9604.69043 0.027933
9606.33301 0.026931
9607.97656 0.025932
9609.62109 0.024936
9611.26465 0.023939
9612.90918 0.02296
9614.55371 0.022073
9616.19922 0.021189
9617.84473 0.020309
9619.49023 0.019433
9621.13574 0.018564
9622.78223 0.017707
9624.42871 0.016947
9626.07520 0.016191
9627.72168 0.015438
9629.36914 0.014688
9631.01660 0.013941
9632.66504 0.013198
9634.31152 0.012567
9635.96094 0.011938
9637.60938 0.011312
9639.25879 0.010689
9640.90820 0.010068
9642.55762 0.00945
9644.20703 0.008995
9645.85742 0.00855
9647.50781 0.008107
9649.15820 0.007667
9650.80957 0.007228
9652.45996 0.006791
9654.11230 0.006454
9655.76367 0.006131
9657.41602 0.00581
9659.06836 0.00549
9660.72070 0.005171
9662.37402 0.004854
9664.02637 0.004599
9665.68066 0.004357
9667.33398 0.004116
9668.98828 0.003876
9670.64258 0.003637
9672.29688 0.003399
9673.95215 0.003221
9675.60645 0.00306
9677.26270 0.002899
9678.91797 0.002739
9680.57422 0.00258
9682.23047 0.002422
9683.88672 0.002299
9685.54395 0.002189
9687.20117 0.002079
9688.85840 0.001969
9690.51660 0.00186
9692.17383 0.001752
9693.83203 0.001662
9695.49121 0.001581
9697.14941 0.001499
9698.80859 0.001418
9700.46875 0.001338
9702.12793 0.001258
9703.78809 0.001193
9705.44824 0.001135
9707.10840 0.001077
9708.76953 0.00102
9710.43066 0.000963
9712.09180 0.000906
9713.75391 0.000861
9715.41602 0.000822
9717.07812 0.000783
9718.74023 0.000744
9720.40332 0.000705
9722.06641 0.000666
9723.72852 0.000635
9725.39355 0.000607
9727.05762 0.000579
9728.72168 0.000551
9730.38672 0.000524
9732.05078 0.000497
9733.71582 0.000473
9735.38184 0.000451
9737.04688 0.00043
9738.71289 0.000409
10712.58398 0.0
