threeML/data/optical_filters/HST/WFC3_IR-F164N.ecsv
# %ECSV 0.9
# ---
# datatype:
# - {name: wavelength, unit: Angstrom, datatype: float32}
# - {name: response, datatype: float32}
# meta: !!omap
# - {band_name: F164N}
# - {group_name: WFC3_IR}
wavelength response
14652.94531 0.0
16281.04980 0.000506
16282.37012 0.000571
16283.69043 0.000546
16285.00977 0.000577
16286.33008 0.000684
16287.66016 0.000777
16288.98047 0.000858
16290.29980 0.000921
16291.62012 0.000975
16292.94043 0.001049
16294.25977 0.00113
16295.58008 0.001233
16296.91016 0.00134
16298.23047 0.0016
16299.54980 0.001862
16300.87012 0.002074
16302.20020 0.002306
16303.51953 0.002625
16304.83984 0.00302
16306.16016 0.003601
16307.49023 0.004151
16308.80957 0.004652
16310.12988 0.00533
16311.45996 0.006175
16312.78027 0.007036
16314.09961 0.007907
16315.41992 0.009455
16316.75000 0.011252
16318.07031 0.012846
16319.40039 0.014404
16320.71973 0.017094
16322.04004 0.019836
16323.37012 0.022529
16324.69043 0.025805
16326.01953 0.031796
16327.33984 0.037512
16328.66992 0.042549
16329.99023 0.049166
16331.30957 0.058137
16332.63965 0.066649
16333.95996 0.07472
16335.29004 0.087397
16336.62012 0.102827
16337.94043 0.115702
16339.26953 0.12767
16340.58984 0.144957
16341.91992 0.163179
16343.24023 0.177943
16344.57031 0.193381
16345.88965 0.218042
16347.21973 0.241094
16348.54980 0.25736
16349.87012 0.274917
16351.20020 0.295392
16352.53027 0.313285
16353.84961 0.327611
16355.17969 0.345056
16356.50000 0.365165
16357.83008 0.379264
16359.16016 0.390148
16360.49023 0.401499
16361.80957 0.412963
16363.13965 0.420411
16364.46973 0.427328
16365.79980 0.435405
16367.12012 0.442935
16368.45020 0.446343
16369.78027 0.449698
16371.11035 0.452935
16372.42969 0.455537
16373.75977 0.45694
16375.08984 0.457998
16376.41992 0.458663
16377.75000 0.459066
16379.08008 0.459284
16380.41016 0.45939
16381.73047 0.459449
16383.05957 0.4594
16384.39062 0.459328
16385.72070 0.459426
16387.05078 0.459535
16388.38086 0.459645
16389.71094 0.459717
16391.03906 0.459616
16392.36914 0.459538
16393.69922 0.459515
16395.02930 0.459548
16396.35938 0.459657
16397.68945 0.459752
16399.01953 0.459834
16400.34961 0.459944
16401.67969 0.460089
16403.00977 0.460173
16404.33984 0.460239
16405.66992 0.460328
16407.00000 0.46042
16408.33008 0.460486
16409.66016 0.460567
16411.00000 0.460738
16412.33008 0.460902
16413.66016 0.461047
16414.99023 0.461191
16416.32031 0.461336
16417.65039 0.461414
16418.98047 0.461428
16420.32031 0.461441
16421.65039 0.461454
16422.98047 0.461369
16424.31055 0.461251
16425.65039 0.461362
16426.98047 0.461506
16428.31055 0.461651
16429.64062 0.461795
16430.98047 0.46194
16432.31055 0.462059
16433.64062 0.462098
16434.97070 0.462073
16436.31055 0.461936
16437.64062 0.461864
16438.98047 0.461859
16440.31055 0.461789
16441.64062 0.461678
16442.98047 0.461587
16444.31055 0.461503
16445.64062 0.461419
16446.98047 0.461335
16448.31055 0.461277
16449.65039 0.461213
16450.98047 0.461062
16452.32031 0.460896
16453.65039 0.46073
16454.99023 0.460526
16456.32031 0.460255
16457.66016 0.459932
16458.99023 0.459556
16460.33008 0.459259
16461.66016 0.459043
16463.00000 0.458828
16464.33008 0.458612
16465.66992 0.458373
16467.00000 0.458132
16468.33984 0.457916
16469.67969 0.45769
16471.00977 0.457396
16472.34961 0.457108
16473.67969 0.45684
16475.01953 0.456511
16476.35938 0.456085
16477.68945 0.455714
16479.02930 0.455394
16480.36914 0.454937
16481.69922 0.454406
16483.03906 0.453875
16484.38086 0.453345
16485.71094 0.452522
16487.05078 0.451678
16488.39062 0.451087
16489.73047 0.45045
16491.06055 0.44957
16492.40039 0.448722
16493.74023 0.447948
16495.08008 0.447006
16496.41992 0.445838
16497.75977 0.444859
16499.08984 0.444033
16500.42969 0.442989
16501.76953 0.441847
16503.10938 0.440966
16504.44922 0.44014
16505.78906 0.438812
16507.13086 0.437509
16508.46094 0.43671
16509.80078 0.435888
16511.14062 0.434984
16512.48047 0.43421
16513.82031 0.433673
16515.16016 0.433175
16516.50000 0.432718
16517.83984 0.432489
16519.17969 0.4324
16520.51953 0.432507
16521.85938 0.432654
16523.19922 0.432708
16524.53906 0.432757
16525.88086 0.43314
16527.22070 0.433478
16528.56055 0.433572
16529.91016 0.433427
16531.25000 0.432758
16532.58984 0.431766
16533.92969 0.430339
16535.26953 0.427067
16536.60938 0.422359
16537.94922 0.417251
16539.28906 0.411971
16540.64062 0.402681
16541.98047 0.392595
16543.32031 0.382995
16544.66016 0.372406
16546.00000 0.353495
16547.34961 0.335725
16548.68945 0.321482
16550.02930 0.304901
16551.36914 0.284491
16552.72070 0.26548
16554.06055 0.247819
16555.40039 0.225254
16556.74023 0.200164
16558.08984 0.183108
16559.42969 0.168152
16560.77930 0.147872
16562.11914 0.127806
16563.46094 0.115195
16564.80078 0.101983
16566.15039 0.086489
16567.49023 0.0735
16568.83984 0.065171
16570.17969 0.056582
16571.52930 0.047705
16572.86914 0.041137
16574.21094 0.035931
16575.56055 0.030254
16576.90039 0.024435
16578.25000 0.021439
16579.58984 0.018726
16580.93945 0.015871
16582.27930 0.013252
16583.63086 0.011654
16584.97070 0.010016
16586.32031 0.008286
16587.66016 0.006978
16589.00977 0.00614
16590.35938 0.005384
16591.69922 0.004679
16593.05078 0.004131
16594.39062 0.003635
16595.74023 0.003092
16597.08984 0.002562
16598.42969 0.00246
16599.77930 0.002314
16601.13086 0.001975
16602.47070 0.001705
16603.82031 0.001576
16605.16992 0.001421
16606.50977 0.001237
16607.85938 0.001101
16609.21094 0.000996
16610.55078 0.000891
16611.90039 0.000786
16613.25000 0.000752
16614.59961 0.000724
16615.94922 0.000672
16617.28906 0.000614
16618.64062 0.000536
16619.99023 0.000483
16621.33984 0.000483
16622.68945 0.000445
18284.95898 0.0
