threeML/data/optical_filters/HST/WFC3_UVIS1-G280.ecsv
# %ECSV 0.9
# ---
# datatype:
# - {name: wavelength, unit: Angstrom, datatype: float32}
# - {name: response, datatype: float32}
# meta: !!omap
# - {band_name: G280}
# - {group_name: WFC3_UVIS1}
wavelength response
[from data line 1610]
2569.29297 0.126479
2569.69409 0.126421
2570.09399 0.126364
2570.49512 0.126306
2570.89600 0.126249
2571.29590 0.126192
2571.69702 0.126135
2572.09790 0.126077
2572.49902 0.12602
2572.89990 0.125963
2573.30200 0.125905
2573.70288 0.125848
2574.10400 0.12579
2574.50488 0.125733
2574.90601 0.125676
2575.30811 0.125618
2575.70898 0.125561
2576.11108 0.125504
2576.51294 0.125446
2576.91406 0.125389
2577.31592 0.125332
2577.71802 0.125274
2578.12012 0.125217
2578.52197 0.12516
2578.92407 0.125102
2579.32593 0.125045
2579.72803 0.124988
2580.12988 0.124929
2580.53198 0.124867
2580.93506 0.124805
2581.33691 0.124743
2581.73999 0.124681
2582.14209 0.12462
2582.54395 0.124558
2582.94702 0.124496
2583.35010 0.124434
2583.75293 0.124372
2584.15601 0.12431
2584.55811 0.124248
2584.96094 0.124187
2585.36401 0.124125
2585.76709 0.124063
2586.16992 0.124001
2586.57397 0.123939
2586.97705 0.123878
2587.37988 0.123816
2587.78394 0.123754
2588.18701 0.123692
2588.59106 0.12363
2588.99390 0.123568
2589.39795 0.123507
2589.80200 0.123445
2590.20508 0.123385
2590.60889 0.123328
2591.01294 0.123271
2591.41699 0.123214
2591.82104 0.123157
2592.22510 0.1231
2592.62891 0.123043
2593.03296 0.122985
2593.43701 0.122928
2593.84204 0.122871
2594.24609 0.122814
2594.65088 0.122757
2595.05493 0.1227
2595.45996 0.122643
2595.86499 0.122585
2596.26904 0.122528
2596.67407 0.122471
2597.07910 0.122414
2597.48389 0.122357
2597.88794 0.1223
2598.29297 0.122243
2598.69897 0.122185
2599.10400 0.122128
2599.50903 0.122071
2599.91406 0.122014
2600.32007 0.121941
2600.72510 0.121863
2601.12988 0.121786
2601.53589 0.121709
2601.94189 0.121632
2602.34692 0.121554
2602.75293 0.121477
2603.15894 0.1214
2603.56396 0.121322
2603.96997 0.121245
2604.37598 0.121168
2604.78198 0.12109
2605.18799 0.121013
2605.59497 0.120936
2606.00098 0.120858
2606.40698 0.120781
2606.81299 0.120704
2607.21997 0.120626
2607.62598 0.120549
2608.03296 0.120472
2608.43896 0.120395
2608.84595 0.120317
2609.25293 0.12024
2609.65991 0.120163
2610.06689 0.120084
2610.47412 0.120003
2610.87988 0.119921
2611.28809 0.119839
2611.69507 0.119758
2612.10205 0.119676
2612.50903 0.119594
2612.91602 0.119512
2613.32397 0.119431
2613.73096 0.119349
2614.13892 0.119267
2614.54590 0.119186
2614.95410 0.119104
2615.36206 0.119022
2615.76904 0.118941
2616.17700 0.118859
2616.58496 0.118777
2616.99292 0.118695
2617.40088 0.118614
2617.80908 0.118532
2618.21704 0.118451
2618.62500 0.118369
2619.03296 0.118287
2619.44189 0.118206
2619.85010 0.118124
2620.25903 0.118045
2620.66699 0.117968
2621.07593 0.117891
2621.48389 0.117814
2621.89307 0.117737
2622.30200 0.117659
2622.70996 0.117582
2623.11890 0.117505
2623.52808 0.117428
2623.93799 0.117351
2624.34595 0.117274
2624.75610 0.117197
2625.16504 0.11712
2625.57397 0.117042
2625.98291 0.116965
2626.39307 0.116888
2626.80200 0.116811
2627.21191 0.116734
2627.62109 0.116656
2628.03101 0.116579
2628.44092 0.116502
2628.85107 0.116425
2629.26001 0.116348
2629.66992 0.116271
2630.08008 0.116194
2630.48999 0.116119
2630.89990 0.116044
2631.31104 0.115969
2631.72095 0.115894
2632.13110 0.11582
2632.54199 0.115745
2632.95190 0.11567
2633.36206 0.115595
2633.77295 0.11552
2634.18408 0.115445
2634.59399 0.11537
2635.00488 0.115295
2635.41602 0.11522
2635.82690 0.115145
2636.23804 0.11507
2636.64893 0.114995
2637.06006 0.11492
2637.47095 0.114845
2637.88208 0.11477
2638.29297 0.114695
2638.70508 0.11462
2639.11597 0.114545
2639.52710 0.11447
2639.93896 0.114395
2640.35010 0.114317
2640.76196 0.114238
2641.17407 0.114158
2641.58496 0.114079
2641.99707 0.114
2642.40894 0.113921
2642.82104 0.113841
2643.23291 0.113762
2643.64502 0.113683
2644.05688 0.113604
2644.46997 0.113525
2644.88208 0.113446
2645.29395 0.113366
2645.70703 0.113287
2646.11890 0.113208
2646.53198 0.113129
2646.94409 0.113049
2647.35693 0.11297
2647.77002 0.112891
2648.18311 0.112812
2648.59497 0.112733
2649.00806 0.112654
2649.42090 0.112574
2649.83398 0.112495
2650.24805 0.112419
2650.66089 0.112344
2651.07397 0.112269
2651.48706 0.112194
2651.90088 0.112119
2652.31396 0.112044
2652.72803 0.111969
2653.14111 0.111894
2653.55493 0.11182
2653.96899 0.111745
2654.38208 0.11167
2654.79590 0.111595
2655.20996 0.11152
2655.62402 0.111445
2656.03809 0.11137
2656.45190 0.111295
2656.86597 0.11122
2657.28003 0.111145
2657.69507 0.11107
2658.10889 0.110995
2658.52295 0.110921
2658.93799 0.110846
2659.35205 0.110771
2659.76709 0.110696
2660.18188 0.110621
2660.59595 0.110546
2661.01099 0.110471
2661.42603 0.110396
2661.84106 0.110321
2662.25610 0.110246
2662.67090 0.110171
2663.08594 0.110096
2663.50098 0.110021
2663.91699 0.109947
2664.33203 0.109871
2664.74707 0.109797
2665.16309 0.109722
2665.57788 0.109647
2665.99390 0.109572
2666.40894 0.109497
2666.82495 0.109422
2667.24097 0.109347
2667.65698 0.109272
2668.07300 0.109197
2668.48901 0.109122
2668.90503 0.109047
2669.32104 0.108972
2669.73706 0.108897
2670.15308 0.108821
2670.56909 0.108742
2670.98608 0.108662
2671.40210 0.108583
2671.81909 0.108504
2672.23511 0.108425
2672.65210 0.108346
2673.06812 0.108267
2673.48511 0.108188
2673.90210 0.108109
2674.31909 0.10803
2674.73608 0.107951
2675.15308 0.107872
2675.57007 0.107793
2675.98706 0.107714
2676.40405 0.107635
2676.82104 0.107556
2677.23901 0.107477
2677.65601 0.107398
2678.07300 0.107319
2678.49097 0.10724
2678.90894 0.107161
2679.32593 0.107082
2679.74390 0.107003
2680.16211 0.106925
2680.58008 0.10685
2680.99805 0.106775
2681.41602 0.106701
2681.83301 0.106626
2682.25195 0.106551
2682.66992 0.106476
2683.08789 0.106401
2683.50610 0.106326
2683.92505 0.106251
2684.34302 0.106176
2684.76196 0.106101
2685.17993 0.106026
2685.59912 0.105952
2686.01807 0.105877
2686.43604 0.105802
2686.85498 0.105727
2687.27393 0.105652
2687.69312 0.105577
2688.11206 0.105502
2688.53101 0.105427
2688.94995 0.105352
2689.36890 0.105277
2689.78906 0.105202
2690.20801 0.105127
2690.62695 0.105052
2691.04712 0.104977
2691.46704 0.104902
2691.88599 0.104828
2692.30591 0.104753
2692.72510 0.104678
2693.14502 0.104603
2693.56494 0.104528
2693.98511 0.104453
2694.40503 0.104378
2694.82495 0.104303
2695.24512 0.104228
2695.66602 0.104153
2696.08594 0.104078
2696.50610 0.104003
2696.92700 0.103928
2697.34692 0.103853
2697.76709 0.103778
2698.18799 0.103704
2698.60889 0.103628
2699.02905 0.103554
2699.44995 0.103479
2699.87109 0.103404
2700.29199 0.103358
2700.71289 0.103325
2701.13403 0.103292
2701.55493 0.103259
2701.97607 0.103226
2702.39697 0.103193
2702.81909 0.10316
2703.23999 0.103127
2703.66211 0.103095
2704.08301 0.103062
2704.50488 0.103029
2704.92603 0.102996
2705.34790 0.102963
2705.77002 0.10293
2706.19189 0.102897
2706.61401 0.102864
2707.03589 0.102831
2707.45801 0.102798
2707.87988 0.102765
2708.30200 0.102732
2708.72412 0.102699
2709.14600 0.102666
2709.56909 0.102633
2709.99097 0.1026
2710.41406 0.102571
2710.83594 0.102542
2711.25903 0.102513
2711.68188 0.102484
2712.10400 0.102455
2712.52710 0.102426
2712.94995 0.102397
2713.37305 0.102368
2713.79590 0.102339
2714.21899 0.10231
2714.64209 0.102281
2715.06494 0.102252
2715.48901 0.102223
2715.91211 0.102194
2716.33496 0.102165
2716.75903 0.102136
2717.18311 0.102107
2717.60596 0.102078
2718.03003 0.102049
2718.45410 0.102019
2718.87695 0.10199
2719.30103 0.101961
2719.72510 0.101932
2720.14893 0.101903
2720.57300 0.101874
2720.99805 0.101845
2721.42212 0.101816
2721.84595 0.101787
2722.27002 0.101758
2722.69507 0.101728
2723.11890 0.101699
2723.54395 0.10167
2723.96802 0.101641
2724.39307 0.101612
2724.81812 0.101583
2725.24292 0.101554
2725.66699 0.101524
2726.09204 0.101495
2726.51709 0.101466
2726.94189 0.101437
2727.36792 0.101408
2727.79297 0.101379
2728.21802 0.101349
2728.64307 0.10132
2729.06909 0.101291
2729.49390 0.101262
2729.91992 0.101233
2730.34497 0.1012
2730.77100 0.101167
2731.19702 0.101134
2731.62305 0.101101
2732.04907 0.101068
2732.47412 0.101035
2732.89990 0.101001
2733.32593 0.100968
2733.75293 0.100935
2734.17896 0.100902
2734.60498 0.100869
2735.03101 0.100836
2735.45801 0.100803
2735.88403 0.10077
2736.31104 0.100736
2736.73706 0.100703
2737.16406 0.10067
2737.59106 0.100637
2738.01807 0.100604
2738.44507 0.100571
2738.87109 0.100538
2739.29810 0.100504
2739.72510 0.100471
2740.15308 0.100439
2740.58008 0.10041
2741.00708 0.100381
2741.43408 0.100352
2741.86206 0.100322
2742.28906 0.100293
2742.71704 0.100264
2743.14404 0.100235
2743.57202 0.100205
2744.00000 0.100176
2744.42700 0.100147
2744.85498 0.100117
2745.28296 0.100088
2745.71094 0.100059
2746.13892 0.100029
2746.56812 0.1
2746.99609 0.099971
2747.42407 0.099942
2747.85205 0.099912
2748.28101 0.099883
2748.70898 0.099854
2749.13794 0.099824
2749.56592 0.099795
2749.99512 0.099765
2750.42407 0.099732
2750.85303 0.099699
2751.28101 0.099666
2751.70996 0.099633
2752.13892 0.099599
2752.56812 0.099566
2752.99805 0.099533
2753.42700 0.0995
2753.85596 0.099466
2754.28491 0.099433
2754.71509 0.0994
2755.14404 0.099367
2755.57397 0.099333
2756.00293 0.0993
2756.43311 0.099267
2756.86304 0.099234
2757.29199 0.0992
2757.72192 0.099167
2758.15210 0.099134
2758.58203 0.099101
2759.01196 0.099067
2759.44312 0.099034
2759.87305 0.099001
2760.30298 0.09897
2760.73291 0.098941
2761.16406 0.098911
2761.59399 0.098882
2762.02490 0.098852
2762.45508 0.098823
2762.88599 0.098794
2763.31689 0.098764
2763.74805 0.098735
2764.17798 0.098705
2764.60889 0.098676
2765.04102 0.098646
2765.47095 0.098617
2765.90308 0.098588
2766.33398 0.098558
2766.76489 0.098529
2767.19702 0.098499
2767.62793 0.09847
2768.05908 0.09844
2768.49097 0.098411
2768.92310 0.098381
2769.35400 0.098352
2769.78589 0.098322
2770.21802 0.098293
2770.64990 0.098263
2771.08203 0.098234
2771.51392 0.098204
2771.94604 0.098175
2772.37793 0.098145
2772.81006 0.098115
2773.24194 0.098086
2773.67505 0.098056
2774.10693 0.098027
2774.54004 0.097997
2774.97192 0.097968
2775.40503 0.097938
2775.83789 0.097909
2776.27002 0.097879
2776.70288 0.097849
2777.13599 0.09782
2777.56909 0.09779
2778.00195 0.097761
2778.43506 0.097731
2778.86792 0.097701
2779.30200 0.097672
2779.73511 0.097642
2780.16797 0.097611
2780.60205 0.097578
2781.03491 0.097544
2781.46899 0.097511
2781.90210 0.097477
2782.33594 0.097444
2782.77002 0.09741
2783.20410 0.097377
2783.63794 0.097343
2784.07202 0.09731
2784.50610 0.097276
2784.93994 0.097243
2785.37402 0.09721
2785.80811 0.097176
2786.24194 0.097143
2786.67700 0.097109
2787.11108 0.097075
2787.54590 0.097042
2787.97998 0.097008
2788.41504 0.096975
2788.85010 0.096941
2789.28491 0.096908
2789.71899 0.096874
2790.15405 0.096842
2790.58911 0.096813
2791.02393 0.096783
2791.45898 0.096753
2791.89502 0.096723
2792.33008 0.096694
2792.76489 0.096664
2793.20093 0.096634
2793.63599 0.096605
2794.07202 0.096575
2794.50708 0.096545
2794.94312 0.096515
2795.37891 0.096486
2795.81396 0.096456
2796.25000 0.096426
2796.68604 0.096396
2797.12207 0.096367
2797.55811 0.096337
2797.99512 0.096307
2798.43091 0.096277
2798.86694 0.096247
2799.30298 0.096218
2799.73999 0.096188
2800.17603 0.09617
2800.61304 0.096171
2801.05005 0.096172
2801.48608 0.096172
2801.92310 0.096173
2802.36011 0.096174
2802.79712 0.096174
2803.23389 0.096175
2803.67090 0.096176
2804.10791 0.096176
2804.54492 0.096177
2804.98193 0.096178
2805.41895 0.096178
2805.85693 0.096179
2806.29395 0.09618
2806.73193 0.09618
2807.16895 0.096181
2807.60693 0.096181
2808.04492 0.096182
2808.48291 0.096183
2808.91992 0.096183
2809.35791 0.096184
2809.79590 0.096184
2810.23389 0.096183
2810.67310 0.09618
2811.11108 0.096176
2811.54907 0.096173
2811.98706 0.09617
2812.42603 0.096167
2812.86401 0.096163
2813.30298 0.09616
2813.74097 0.096157
2814.17993 0.096154
2814.61890 0.09615
2815.05811 0.096147
2815.49609 0.096144
2815.93506 0.096141
2816.37402 0.096137
2816.81299 0.096134
2817.25195 0.096131
2817.69189 0.096127
2818.13110 0.096124
2818.57007 0.096121
2819.01001 0.096117
2819.44897 0.096114
2819.88892 0.096111
2820.32910 0.09611
2820.76807 0.096111
2821.20801 0.096111
2821.64795 0.096112
2822.08789 0.096112
2822.52808 0.096113
2822.96802 0.096113
2823.40796 0.096114
2823.84790 0.096114
2824.28809 0.096114
2824.72900 0.096115
2825.16895 0.096115
2825.60889 0.096116
2826.05005 0.096116
2826.48999 0.096117
2826.93091 0.096117
2827.37207 0.096117
2827.81299 0.096118
2828.25391 0.096118
2828.69507 0.096119
2829.13501 0.096119
2829.57690 0.096119
2830.01807 0.096119
2830.45898 0.096112
2830.89990 0.096104
2831.34204 0.096096
2831.78296 0.096088
2832.22412 0.09608
2832.66602 0.096072
2833.10791 0.096064
2833.54907 0.096056
2833.99097 0.096048
2834.43311 0.09604
2834.87500 0.096032
2835.31689 0.096024
2835.75903 0.096016
2836.20093 0.096008
2836.64307 0.096
2837.08496 0.095992
2837.52808 0.095984
2837.96997 0.095976
2838.41211 0.095968
2838.85498 0.09596
2839.29810 0.095952
2839.73999 0.095944
2840.18311 0.095937
2840.62598 0.095933
2841.06909 0.095929
2841.51099 0.095925
2841.95508 0.09592
2842.39697 0.095916
2842.84106 0.095912
2843.28394 0.095908
2843.72705 0.095903
2844.16992 0.095899
2844.61401 0.095895
2845.05688 0.095891
2845.50098 0.095886
2845.94507 0.095882
2846.38794 0.095878
2846.83203 0.095873
2847.27588 0.095869
2847.71997 0.095865
2848.16406 0.095861
2848.60791 0.095856
2849.05200 0.095852
2849.49609 0.095848
2849.93994 0.095843
2850.38501 0.095839
2850.82910 0.095835
2851.27295 0.09583
2851.71802 0.095826
2852.16309 0.095822
2852.60693 0.095817
2853.05200 0.095813
2853.49707 0.095808
2853.94189 0.095804
2854.38599 0.0958
2854.83203 0.095795
2855.27710 0.095791
2855.72192 0.095786
2856.16699 0.095782
2856.61206 0.095778
2857.05811 0.095773
2857.50293 0.095769
2857.94800 0.095764
2858.39404 0.09576
2858.84009 0.095756
2859.28491 0.095751
2859.73096 0.095747
2860.17700 0.095741
2860.62305 0.095732
2861.06909 0.095724
2861.51489 0.095716
2861.96094 0.095707
2862.40698 0.095699
2862.85400 0.095691
2863.30005 0.095682
2863.74609 0.095674
2864.19312 0.095665
2864.63892 0.095657
2865.08594 0.095649
2865.53198 0.09564
2865.97900 0.095632
2866.42603 0.095623
2866.87305 0.095615
2867.32007 0.095607
2867.76709 0.095598
2868.21411 0.09559
2868.66089 0.095581
2869.10791 0.095573
2869.55591 0.095564
2870.00293 0.095556
2870.45093 0.095551
2870.89795 0.095547
2871.34595 0.095542
2871.79297 0.095538
2872.24097 0.095533
2872.68896 0.095528
2873.13696 0.095524
2873.58496 0.095519
2874.03296 0.095514
2874.48096 0.09551
2874.92896 0.095505
2875.37695 0.0955
2875.82495 0.095496
2876.27393 0.095491
2876.72192 0.095486
2877.17090 0.095482
2877.61890 0.095477
2878.06812 0.095472
2878.51611 0.095468
2878.96509 0.095463
2879.41406 0.095458
2879.86304 0.095453
2880.31201 0.095446
2880.76099 0.095437
2881.20996 0.095429
2881.65894 0.09542
2882.10889 0.095411
2882.55811 0.095403
2883.00708 0.095394
2883.45703 0.095386
2883.90601 0.095377
2884.35596 0.095368
2884.80591 0.095359
2885.25488 0.095351
2885.70508 0.095342
2886.15503 0.095333
2886.60498 0.095325
2887.05493 0.095316
2887.50488 0.095307
2887.95508 0.095299
2888.40601 0.09529
2888.85596 0.095281
2889.30591 0.095272
2889.75708 0.095264
2890.20703 0.095257
2890.65796 0.095252
2891.10791 0.095247
2891.55908 0.095242
2892.01001 0.095237
2892.46094 0.095232
2892.91211 0.095227
2893.36304 0.095222
2893.81396 0.095217
2894.26489 0.095213
2894.71606 0.095208
2895.16699 0.095203
2895.61890 0.095198
2896.07007 0.095193
2896.52197 0.095188
2896.97290 0.095183
2897.42505 0.095178
2897.87695 0.095173
2898.32910 0.095168
2898.78101 0.095163
2899.23193 0.095158
2899.68408 0.095153
2900.13599 0.095149
2900.58911 0.095147
2901.04102 0.095146
2901.49292 0.095144
2901.94604 0.095143
2902.39795 0.095141
2902.85010 0.095139
2903.30298 0.095138
2903.75610 0.095136
2904.20801 0.095134
2904.66089 0.095132
2905.11401 0.095131
2905.56689 0.095129
2906.02002 0.095127
2906.47290 0.095125
2906.92603 0.095123
2907.37891 0.095121
2907.83301 0.095119
2908.28589 0.095117
2908.73901 0.095115
2909.19312 0.095113
2909.64600 0.095111
2910.10010 0.095109
2910.55298 0.095103
2911.00708 0.095097
2911.46094 0.095091
2911.91504 0.095085
