threeML/data/optical_filters/HST/WFC3_UVIS2-F218W.ecsv
# %ECSV 0.9
# ---
# datatype:
# - {name: wavelength, unit: Angstrom, datatype: float32}
# - {name: response, datatype: float32}
# meta: !!omap
# - {band_name: F218W}
# - {group_name: WFC3_UVIS2}
wavelength response
[from data line 805]
2282.06689 0.047696
2282.45605 0.047631
2282.84497 0.047565
2283.23511 0.0475
2283.62402 0.047434
2284.01294 0.047369
2284.40308 0.047303
2284.79297 0.047237
2285.18188 0.047171
2285.57202 0.047105
2285.96191 0.047039
2286.35205 0.046972
2286.74194 0.046906
2287.13208 0.046839
2287.52197 0.046772
2287.91211 0.046706
2288.30200 0.046639
2288.69189 0.046571
2289.08301 0.046504
2289.47290 0.046437
2289.86401 0.046369
2290.25391 0.046303
2290.64502 0.046236
2291.03491 0.046171
2291.42603 0.046106
2291.81689 0.046041
2292.20801 0.045976
2292.59912 0.045911
2292.98999 0.045845
2293.38110 0.04578
2293.77197 0.045714
2294.16309 0.045648
2294.55396 0.045582
2294.94604 0.045516
2295.33691 0.04545
2295.72900 0.045384
2296.12012 0.045318
2296.51099 0.045251
2296.90308 0.045184
2297.29492 0.045118
2297.68701 0.045051
2298.07910 0.044984
2298.46997 0.044917
2298.86304 0.044849
2299.25488 0.044782
2299.64697 0.044714
2300.03906 0.044645
2300.43091 0.044565
2300.82300 0.044485
2301.21606 0.044405
2301.60791 0.044325
2302.00098 0.044244
2302.39404 0.044164
2302.78589 0.044083
2303.17896 0.044003
2303.57202 0.043922
2303.96509 0.043841
2304.35791 0.043761
2304.75000 0.04368
2305.14404 0.043599
2305.53711 0.043518
2305.92993 0.043437
2306.32300 0.043355
2306.71704 0.043274
2307.11011 0.043193
2307.50293 0.043111
2307.89697 0.04303
2308.29102 0.042948
2308.68408 0.042866
2309.07788 0.042785
2309.47192 0.042703
2309.86597 0.042621
2310.26001 0.042539
2310.65405 0.042456
2311.04810 0.042375
2311.44189 0.042295
2311.83594 0.042214
2312.22998 0.042133
2312.62500 0.042053
2313.01904 0.041972
2313.41406 0.041891
2313.80811 0.04181
2314.20288 0.041729
2314.59692 0.041647
2314.99194 0.041566
2315.38696 0.041485
2315.78198 0.041403
2316.17700 0.041322
2316.57202 0.04124
2316.96704 0.041159
2317.36206 0.041077
2317.75708 0.040995
2318.15308 0.040913
2318.54810 0.040831
2318.94312 0.040749
2319.33911 0.040667
2319.73389 0.040585
2320.12988 0.040502
2320.52588 0.040418
2320.92090 0.040335
2321.31689 0.040253
2321.71289 0.040172
2322.10889 0.04009
2322.50488 0.040008
2322.90088 0.039926
2323.29712 0.039844
2323.69409 0.039762
2324.09009 0.03968
2324.48608 0.039598
2324.88306 0.039516
2325.27905 0.039433
2325.67603 0.039351
2326.07300 0.039268
2326.46899 0.039186
2326.86597 0.039103
2327.26294 0.039021
2327.65991 0.038938
2328.05688 0.038855
2328.45410 0.038772
2328.85107 0.038689
2329.24805 0.038606
2329.64502 0.038523
2330.04297 0.03844
2330.43994 0.038358
2330.83691 0.038275
2331.23511 0.038191
2331.63306 0.038107
2332.03003 0.038023
2332.42798 0.037939
2332.82593 0.037855
2333.22412 0.037771
2333.62207 0.037686
2334.02002 0.037602
2334.41699 0.037517
2334.81592 0.037433
2335.21411 0.037348
2335.61206 0.037263
2336.01001 0.037179
2336.40894 0.037094
2336.80688 0.037009
2337.20605 0.036924
2337.60400 0.036838
2338.00293 0.036753
2338.40210 0.036668
2338.80103 0.036583
2339.19995 0.036497
2339.59912 0.036412
2339.99805 0.036326
2340.39697 0.03624
2340.79590 0.036154
2341.19507 0.03607
2341.59399 0.035985
2341.99390 0.035901
2342.39307 0.035816
2342.79199 0.035731
2343.19189 0.035646
2343.59204 0.035561
2343.99097 0.035477
2344.39111 0.035391
2344.79102 0.035306
2345.19092 0.035221
2345.59106 0.035136
2345.99097 0.03505
2346.39111 0.034965
2346.79102 0.034879
2347.19092 0.034794
2347.59204 0.034708
2347.99194 0.034622
2348.39307 0.034536
2348.79297 0.034451
2349.19409 0.034364
2349.59399 0.034278
2349.99512 0.034192
2350.39600 0.034106
2350.79712 0.03402
2351.19800 0.033935
2351.59912 0.03385
2352.00000 0.033766
2352.40088 0.033681
2352.80200 0.033596
2353.20288 0.033511
2353.60400 0.033426
2354.00610 0.033341
2354.40698 0.033255
2354.80908 0.03317
2355.20996 0.033085
2355.61206 0.032999
2356.01392 0.032914
2356.41602 0.032828
2356.81812 0.032742
2357.21997 0.032657
2357.62207 0.032571
2358.02393 0.032485
2358.42603 0.032399
2358.82788 0.032313
2359.22998 0.032227
2359.63306 0.03214
2360.03491 0.032054
2360.43799 0.031966
2360.84009 0.031878
2361.24292 0.031787
2361.64600 0.031696
2362.04810 0.031606
2362.45093 0.031515
2362.85400 0.031424
2363.25708 0.031333
2363.65991 0.031242
2364.06299 0.031151
2364.46704 0.03106
2364.87012 0.030968
2365.27295 0.030877
2365.67700 0.030786
2366.08008 0.030694
2366.48291 0.030603
2366.88696 0.030511
2367.29102 0.03042
2367.69409 0.030328
2368.09790 0.030236
2368.50195 0.030144
2368.90601 0.030052
2369.31006 0.02996
2369.71411 0.029868
2370.11792 0.029776
2370.52197 0.029685
2370.92700 0.029593
2371.33105 0.0295
2371.73608 0.029407
2372.13989 0.029315
2372.54492 0.029222
2372.94897 0.029129
2373.35400 0.029036
2373.75903 0.028943
2374.16406 0.028849
2374.56812 0.028756
2374.97290 0.028663
2375.37793 0.028569
2375.78394 0.028476
2376.18896 0.028382
2376.59399 0.028288
2376.99902 0.028195
2377.40503 0.028101
2377.81006 0.028007
2378.21606 0.027913
2378.62109 0.027819
2379.02710 0.027724
2379.43311 0.02763
2379.83911 0.027536
2380.24390 0.027441
2380.64990 0.027347
2381.05591 0.027251
2381.46191 0.027155
2381.86890 0.027059
2382.27490 0.026963
2382.68091 0.026867
2383.08691 0.026771
2383.49390 0.026675
2383.89990 0.026579
2384.30688 0.026482
2384.71411 0.026386
2385.12012 0.026289
2385.52710 0.026193
2385.93408 0.026096
2386.34106 0.025999
2386.74805 0.025902
2387.15503 0.025805
2387.56201 0.025708
2387.96899 0.025611
2388.37598 0.025514
2388.78394 0.025417
2389.19092 0.025319
2389.59912 0.025222
2390.00610 0.025124
2390.41406 0.025026
2390.82202 0.024927
2391.22900 0.024828
2391.63696 0.02473
2392.04492 0.024631
2392.45288 0.024532
2392.86108 0.024434
2393.26904 0.024335
2393.67700 0.024236
2394.08496 0.024137
2394.49390 0.024038
2394.90210 0.023938
2395.31104 0.023839
2395.71899 0.02374
2396.12793 0.02364
2396.53589 0.023541
2396.94507 0.023441
2397.35400 0.023342
2397.76294 0.023242
2398.17212 0.023142
2398.58105 0.023042
2398.98999 0.022942
2399.39893 0.022842
2399.80811 0.022742
2400.21704 0.022636
2400.62695 0.022523
2401.03589 0.022412
2401.44604 0.022301
2401.85498 0.022189
2402.26489 0.022078
2402.67505 0.021967
2403.08398 0.021856
2403.49390 0.021744
2403.90405 0.021633
2404.31396 0.021522
2404.72412 0.021411
2405.13403 0.0213
2405.54395 0.021189
2405.95508 0.021078
2406.36499 0.020967
2406.77490 0.020856
2407.18604 0.020745
2407.59595 0.020635
2408.00708 0.020524
2408.41797 0.020413
2408.82788 0.020302
2409.23901 0.020192
2409.64990 0.020081
2410.06104 0.019971
2410.47192 0.01986
2410.88306 0.019751
2411.29395 0.019644
2411.70605 0.019537
2412.11694 0.01943
2412.52808 0.019323
2412.93994 0.019216
2413.35107 0.019109
2413.76294 0.019002
2414.17505 0.018895
2414.58594 0.018788
2414.99805 0.018682
2415.40991 0.018575
2415.82202 0.018468
2416.23389 0.018362
2416.64600 0.018255
2417.05811 0.018149
2417.46997 0.018042
2417.88306 0.017936
2418.29492 0.017829
2418.70801 0.017723
2419.12012 0.017616
2419.53198 0.01751
2419.94507 0.017404
2420.35791 0.017297
2420.77100 0.017192
2421.18408 0.01709
2421.59595 0.016989
2422.01001 0.016888
2422.42310 0.016787
2422.83594 0.016686
2423.24902 0.016585
2423.66211 0.016485
2424.07495 0.016384
2424.48901 0.016283
2424.90210 0.016182
2425.31592 0.016081
2425.72900 0.015981
2426.14307 0.01588
2426.55688 0.015779
2426.97095 0.015679
2427.38501 0.015578
2427.79907 0.015478
2428.21289 0.015377
2428.62695 0.015277
2429.04102 0.015176
2429.45605 0.015076
2429.87012 0.014975
2430.28394 0.014874
2430.69897 0.014772
2431.11304 0.014676
2431.52808 0.014581
2431.94312 0.014486
2432.35693 0.01439
2432.77197 0.014295
2433.18701 0.0142
2433.60205 0.014105
2434.01709 0.01401
2434.43188 0.013915
2434.84692 0.01382
2435.26294 0.013725
2435.67798 0.01363
2436.09302 0.013535
2436.50903 0.01344
2436.92407 0.013345
2437.34009 0.013251
2437.75610 0.013156
2438.17090 0.013062
2438.58691 0.012967
2439.00293 0.012873
2439.41895 0.012778
2439.83496 0.012684
2440.25098 0.01259
2440.66699 0.012496
2441.08398 0.012409
2441.50000 0.012324
2441.91602 0.012239
2442.33301 0.012154
2442.74902 0.012069
2443.16602 0.011984
2443.58301 0.011899
2444.00000 0.011814
2444.41602 0.011729
2444.83301 0.011644
2445.25000 0.01156
2445.66699 0.011475
2446.08398 0.01139
2446.50098 0.011305
2446.91895 0.011221
2447.33594 0.011136
2447.75293 0.011052
2448.17090 0.010967
2448.58789 0.010883
2449.00610 0.010798
2449.42407 0.010714
2449.84106 0.01063
2450.25903 0.010545
2450.67700 0.010461
2451.09497 0.010385
2451.51294 0.010311
2451.93091 0.010237
2452.34912 0.010162
2452.76807 0.010088
2453.18604 0.010014
2453.60400 0.00994
2454.02295 0.009866
2454.44092 0.009792
2454.86011 0.009718
2455.27905 0.009644
2455.69702 0.00957
2456.11597 0.009496
2456.53491 0.009422
2456.95410 0.009349
2457.37305 0.009275
2457.79199 0.009201
2458.21094 0.009127
2458.62988 0.009054
2459.05005 0.00898
2459.46899 0.008907
2459.88892 0.008833
2460.30811 0.008759
2460.72803 0.008686
2461.14697 0.008621
2461.56689 0.008557
2461.98706 0.008493
2462.40698 0.008429
2462.82690 0.008365
2463.24707 0.008301
2463.66699 0.008237
2464.08691 0.008173
2464.50708 0.00811
2464.92798 0.008046
2465.34790 0.007982
2465.76904 0.007918
2466.18896 0.007855
2466.61011 0.007791
2467.03003 0.007727
2467.45093 0.007664
2467.87207 0.0076
2468.29297 0.007537
2468.71411 0.007474
2469.13501 0.00741
2469.55591 0.007347
2469.97705 0.007284
2470.39795 0.007221
2470.82007 0.007159
2471.24097 0.007105
2471.66211 0.007051
2472.08398 0.006996
2472.50610 0.006942
2472.92700 0.006888
2473.34912 0.006834
2473.77100 0.00678
2474.19312 0.006726
2474.61499 0.006672
2475.03711 0.006618
2475.45898 0.006564
2475.88110 0.00651
2476.30298 0.006456
2476.72607 0.006402
2477.14795 0.006349
2477.57104 0.006295
2477.99292 0.006241
2478.41602 0.006187
2478.83789 0.006134
2479.26099 0.00608
2479.68408 0.006026
2480.10693 0.005973
2480.53003 0.005919
2480.95288 0.005869
2481.37598 0.005824
2481.79907 0.005779
2482.22192 0.005734
2482.64600 0.005689
2483.06909 0.005643
2483.49292 0.005598
2483.91602 0.005553
2484.34009 0.005508
2484.76294 0.005463
2485.18701 0.005418
2485.61108 0.005373
2486.03491 0.005328
2486.45898 0.005283
2486.88306 0.005238
2487.30688 0.005193
2487.73096 0.005148
2488.15601 0.005104
2488.58008 0.005059
2489.00391 0.005014
2489.42896 0.004969
2489.85400 0.004924
2490.27808 0.00488
2490.70288 0.004835
2491.12793 0.004796
2491.55200 0.004757
2491.97803 0.004719
2492.40210 0.004681
2492.82788 0.004643
2493.25293 0.004605
2493.67798 0.004567
2494.10303 0.004529
2494.52905 0.004491
2494.95410 0.004453
2495.37891 0.004415
2495.80493 0.004377
2496.23096 0.004339
2496.65601 0.004301
2497.08203 0.004263
2497.50806 0.004225
2497.93408 0.004187
2498.36011 0.004149
2498.78589 0.004111
2499.21191 0.004074
2499.63892 0.004036
2500.06494 0.003998
2500.49097 0.00396
2500.91797 0.003925
2501.34399 0.003894
2501.77100 0.003863
2502.19800 0.003832
2502.62402 0.003801
2503.05103 0.00377
2503.47803 0.00374
2503.90503 0.003709
2504.33203 0.003678
2504.75903 0.003647
2505.18604 0.003617
2505.61401 0.003586
2506.04102 0.003555
2506.46802 0.003524
2506.89600 0.003494
2507.32300 0.003463
2507.75098 0.003433
2508.17798 0.003402
2508.60596 0.003372
2509.03394 0.003341
2509.46191 0.003311
2509.88989 0.00328
2510.31812 0.00325
2510.74609 0.003219
2511.17407 0.003194
2511.60303 0.003168
2512.03101 0.003142
2512.45898 0.003117
2512.88794 0.003091
2513.31592 0.003066
2513.74512 0.00304
2514.17407 0.003015
2514.60303 0.002989
2515.03101 0.002964
2515.45996 0.002939
2515.88892 0.002913
2516.31909 0.002888
2516.74805 0.002862
2517.17700 0.002837
2517.60596 0.002812
2518.03589 0.002786
2518.46509 0.002761
2518.89502 0.002736
2519.32397 0.002711
2519.75391 0.002685
2520.18408 0.00266
2520.61304 0.002635
2521.04297 0.002612
2521.47290 0.002591
2521.90308 0.002569
2522.33301 0.002547
2522.76294 0.002526
2523.19409 0.002504
2523.62402 0.002483
2524.05396 0.002461
2524.48511 0.00244
2524.91602 0.002418
2525.34595 0.002397
2525.77710 0.002375
2526.20801 0.002354
2526.63794 0.002333
2527.06909 0.002311
2527.50000 0.00229
2527.93091 0.002269
2528.36304 0.002247
2528.79395 0.002226
2529.22510 0.002205
2529.65601 0.002183
2530.08789 0.002162
2530.51904 0.002141
2530.95093 0.002122
2531.38306 0.002106
2531.81396 0.002089
2532.24609 0.002073
2532.67798 0.002057
2533.11011 0.002041
2533.54199 0.002024
2533.97412 0.002008
2534.40601 0.001992
2534.83789 0.001976
2535.27100 0.001959
2535.70288 0.001943
2536.13501 0.001927
2536.56812 0.001911
2537.00000 0.001895
2537.43311 0.001878
2537.86597 0.001862
2538.29907 0.001846
2538.73193 0.00183
2539.16504 0.001814
2539.59790 0.001798
2540.03101 0.001782
2540.46411 0.001766
2540.89697 0.001751
2541.33105 0.001737
2541.76392 0.001723
2542.19800 0.00171
2542.63110 0.001696
2543.06494 0.001683
2543.49902 0.001669
2543.93188 0.001656
2544.36597 0.001642
2544.80005 0.001629
2545.23389 0.001615
2545.66797 0.001602
2546.10205 0.001588
2546.53711 0.001575
2546.97095 0.001561
2547.40503 0.001548
2547.84009 0.001535
2548.27393 0.001521
2548.70898 0.001508
2549.14404 0.001494
2549.57788 0.001481
2550.01294 0.001468
2550.44800 0.001454
2550.88306 0.001441
2551.31812 0.00143
2551.75293 0.001419
2552.18799 0.001408
2552.62402 0.001396
2553.05908 0.001385
2553.49390 0.001374
2553.92993 0.001363
2554.36499 0.001352
2554.80103 0.00134
2555.23706 0.001329
2555.67310 0.001318
2556.10791 0.001307
2556.54395 0.001296
2556.97998 0.001285
2557.41699 0.001273
2557.85303 0.001262
2558.28906 0.001251
2558.72510 0.00124
2559.16211 0.001229
2559.59790 0.001218
2560.03491 0.001207
2560.47095 0.001196
2560.90796 0.001186
2561.34497 0.001176
2561.78101 0.001167
2562.21802 0.001158
2562.65503 0.001149
2563.09204 0.00114
2563.53003 0.00113
2563.96704 0.001121
2564.40405 0.001112
2564.84106 0.001103
2565.27905 0.001094
2565.71606 0.001085
2566.15405 0.001076
2566.59204 0.001067
2567.02905 0.001057
2567.46704 0.001048
2567.90503 0.001039
2568.34302 0.00103
2568.78101 0.001021
2569.21899 0.001012
2569.65698 0.001003
2570.09497 0.000994
2570.53394 0.000985
2570.97192 0.000977
2571.41089 0.00097
2571.84912 0.000962
2572.28809 0.000955
2572.72705 0.000948
2573.16504 0.000941
2573.60400 0.000934
2574.04297 0.000927
2574.48193 0.00092
2574.92090 0.000913
2575.36011 0.000906
2575.79907 0.000899
2576.23901 0.000892
2576.67798 0.000884
2577.11694 0.000877
2577.55688 0.00087
2577.99707 0.000863
2578.43604 0.000856
2578.87598 0.000849
2579.31592 0.000842
2579.75610 0.000835
2580.19604 0.000828
2580.63599 0.000821
2581.07593 0.000815
2581.51611 0.000809
2581.95605 0.000803
2582.39697 0.000797
2582.83691 0.000791
2583.27808 0.000785
2583.71802 0.000779
2584.15894 0.000774
2584.60010 0.000768
2585.04102 0.000762
2585.48096 0.000756
2585.92212 0.00075
2586.36304 0.000744
2586.80396 0.000738
2587.24609 0.000732
2587.68701 0.000727
2588.12793 0.000721
2588.57007 0.000715
2589.01099 0.000709
2589.45288 0.000703
2589.89404 0.000697
2590.33594 0.000692
2590.77808 0.000686
2591.21899 0.000681
2591.66089 0.000675
2592.10400 0.00067
2592.54492 0.000665
2592.98804 0.00066
2593.42993 0.000654
2593.87207 0.000649
2594.31396 0.000644
2594.75708 0.000639
2595.19897 0.000634
2595.64209 0.000628
2596.08496 0.000623
2596.52808 0.000618
2596.96997 0.000613
2597.41309 0.000608
2597.85596 0.000602
2598.29907 0.000597
2598.74194 0.000592
2599.18604 0.000587
2599.62891 0.000582
2600.07202 0.000577
2600.51611 0.000571
2600.95898 0.000567
2601.40308 0.000563
2601.84595 0.000559
2602.29004 0.000555
2602.73389 0.000551
2603.17798 0.000547
2603.62207 0.000543
2604.06592 0.000539
2604.51001 0.000535
2604.95410 0.000531
2605.39795 0.000527
2605.84302 0.000523
2606.28711 0.000519
2606.73193 0.000515
2607.17603 0.000511
2607.62109 0.000507
2608.06592 0.000503
2608.51001 0.000499
2608.95508 0.000496
2609.39990 0.000492
2609.84497 0.000488
2610.29102 0.000484
2610.73608 0.00048
2611.18091 0.000476
2611.62598 0.000473
2612.07202 0.00047
2612.51709 0.000466
2612.96289 0.000463
2613.40796 0.000459
2613.85400 0.000456
2614.30005 0.000452
2614.74609 0.000449
2615.19189 0.000446
2615.63794 0.000442
2616.08398 0.000439
2616.53003 0.000436
