threeML/data/optical_filters/HST/WFC3_UVIS1-F600LP.ecsv
# %ECSV 0.9
# ---
# datatype:
# - {name: wavelength, unit: Angstrom, datatype: float32}
# - {name: response, datatype: float32}
# meta: !!omap
# - {band_name: F600LP}
# - {group_name: WFC3_UVIS1}
wavelength response
5293.73389 0.0
5881.92676 0.000405
5882.93311 0.000427
5883.93896 0.000448
5884.94580 0.00047
5885.95312 0.000491
5886.95898 0.000512
5887.96680 0.000534
5888.97412 0.000555
5889.98096 0.000577
5890.98877 0.000598
5891.99707 0.000625
5893.00391 0.000662
5894.01318 0.0007
5895.02100 0.000737
5896.02881 0.000774
5897.03809 0.000811
5898.04590 0.000848
5899.05518 0.000885
5900.06396 0.000923
5901.07422 0.00096
5902.08301 0.001005
5903.09277 0.001061
5904.10303 0.001116
5905.11279 0.001172
5906.12305 0.001228
5907.13281 0.001283
5908.14404 0.001339
5909.15381 0.001394
5910.16504 0.00145
5911.17578 0.001506
5912.18701 0.001577
5913.19922 0.00166
5914.20996 0.001743
5915.22217 0.001827
5916.23389 0.00191
5917.24609 0.001993
5918.25781 0.002077
5919.27100 0.00216
5920.28320 0.002244
5921.29492 0.002327
5922.30908 0.002441
5923.32178 0.002571
5924.33496 0.002701
5925.34814 0.002831
5926.36182 0.00296
5927.37500 0.00309
5928.39014 0.00322
5929.40381 0.00335
5930.41797 0.00348
5931.43311 0.00361
5932.44678 0.003787
5933.46191 0.003977
5934.47705 0.004166
5935.49219 0.004356
5936.50684 0.004546
5937.52295 0.004735
5938.53906 0.004925
5939.55518 0.005115
5940.56982 0.005304
5941.58691 0.005494
5942.60303 0.005758
5943.62012 0.006025
5944.63623 0.006293
5945.65283 0.006561
5946.66992 0.006829
5947.68701 0.007097
5948.70508 0.007365
5949.72314 0.007633
5950.74023 0.007901
5951.75781 0.00818
5952.77588 0.008551
5953.79492 0.008921
5954.81299 0.009292
5955.83203 0.009662
5956.85107 0.010033
5957.87012 0.010404
5958.88916 0.010774
5959.90820 0.011145
5960.92822 0.011516
5961.94678 0.011924
5962.96680 0.012423
5963.98682 0.012922
5965.00684 0.013421
5966.02783 0.01392
5967.04785 0.014419
5968.06885 0.014918
5969.08984 0.015418
5970.11084 0.015917
5971.13184 0.016415
5972.15381 0.016987
5973.17480 0.017636
5974.19678 0.018285
5975.21924 0.018934
5976.24121 0.019583
5977.26416 0.020231
5978.28613 0.02088
5979.30908 0.021529
5980.33203 0.022178
5981.35400 0.022829
5982.37793 0.023585
5983.40088 0.024384
5984.42480 0.025184
5985.44824 0.025983
5986.47217 0.026783
5987.49707 0.027583
5988.52100 0.028382
5989.54492 0.029182
5990.56982 0.029983
5991.59424 0.030783
5992.61914 0.031714
5993.64502 0.032655
5994.66992 0.033596
5995.69482 0.034537
5996.72119 0.035478
5997.74707 0.036419
5998.77197 0.03736
5999.79883 0.038302
6000.82520 0.039246
6001.85205 0.040223
6002.87793 0.041344
6003.90479 0.042466
6004.93213 0.043587
6005.95898 0.044709
6006.98682 0.045832
6008.01416 0.046954
6009.04199 0.048077
6010.06982 0.0492
6011.09814 0.050324
6012.12598 0.05152
6013.15479 0.052805
6014.18408 0.054091
6015.21191 0.055377
6016.24121 0.056663
6017.27100 0.05795
6018.29980 0.059237
6019.32910 0.060524
6020.35889 0.061812
6021.38916 0.063099
6022.41895 0.06445
6023.44922 0.065823
6024.47900 0.067197
6025.50977 0.068571
6026.54102 0.069945
6027.57178 0.07132
6028.60303 0.072695
6029.63379 0.07407
6030.66602 0.075442
6031.69678 0.076812
6032.72900 0.078255
6033.76123 0.079698
6034.79297 0.081141
6035.82520 0.082584
6036.85791 0.084027
6037.89111 0.085471
6038.92285 0.086914
6039.95703 0.088358
6040.99023 0.089809
6042.02295 0.09129
6043.05713 0.092828
6044.08984 0.094367
6045.12402 0.095906
6046.15820 0.097445
6047.19189 0.098985
6048.22705 0.100526
6049.26221 0.102066
6050.29590 0.103607
6051.33203 0.105149
6052.36719 0.106692
6053.40186 0.108237
6054.43799 0.109782
6055.47314 0.111328
6056.50879 0.112873
6057.54492 0.11442
6058.58105 0.115966
6059.61816 0.117514
6060.65381 0.119061
6061.69092 0.120608
6062.72803 0.122119
6063.76514 0.123631
6064.80176 0.125144
6065.83887 0.126656
6066.87695 0.12817
6067.91504 0.129683
6068.95312 0.131197
6069.99121 0.132711
6071.02979 0.134226
6072.06787 0.135725
6073.10693 0.1372
6074.14600 0.138674
6075.18506 0.140149
6076.22412 0.141625
6077.26318 0.143101
6078.30322 0.144577
6079.34277 0.146054
6080.38281 0.147531
6081.42285 0.149008
6082.46289 0.150451
6083.50293 0.151883
6084.54395 0.153315
6085.58496 0.154747
6086.62598 0.15618
6087.66699 0.157613
6088.70801 0.159046
6089.75000 0.16048
6090.79199 0.161904
6091.83398 0.163311
6092.87598 0.16464
6093.91797 0.165968
6094.95996 0.167297
6096.00293 0.168627
6097.04590 0.169956
6098.08887 0.171285
6099.13184 0.172615
6100.17480 0.173947
6101.21924 0.175292
6102.26318 0.17658
6103.30713 0.177822
6104.35107 0.179064
6105.39502 0.180306
6106.43896 0.181548
6107.48389 0.182791
6108.52783 0.184034
6109.57324 0.185277
6110.61914 0.186521
6111.66406 0.187765
6112.70898 0.188925
6113.75488 0.190084
6114.80078 0.191243
6115.84717 0.192401
6116.89307 0.193561
6117.93896 0.19472
6118.98584 0.19588
6120.03320 0.197041
6121.08008 0.198201
6122.12598 0.199323
6123.17383 0.200389
6124.22119 0.201456
6125.26904 0.202524
6126.31689 0.203592
6127.36523 0.204659
6128.41309 0.205727
6129.46094 0.206796
6130.50977 0.207864
6131.55908 0.208933
6132.60693 0.209909
6133.65576 0.210872
6134.70605 0.211835
6135.75488 0.212798
6136.80518 0.213761
6137.85400 0.214725
6138.90381 0.215689
6139.95508 0.216653
6141.00488 0.217617
6142.05518 0.218547
6143.10596 0.219411
6144.15723 0.220275
6145.20801 0.221139
6146.25879 0.222004
6147.31104 0.222868
6148.36182 0.223733
6149.41406 0.224598
6150.46582 0.225454
6151.51807 0.2263
6152.56982 0.227078
6153.62305 0.227843
6154.67480 0.228608
6155.72803 0.229373
6156.78076 0.230138
6157.83398 0.230903
6158.88818 0.231668
6159.94092 0.232433
6160.99512 0.233218
6162.04883 0.233977
6163.10303 0.234679
6164.15723 0.235382
6165.21191 0.236085
6166.26611 0.236788
6167.32080 0.237491
6168.37598 0.238195
6169.43115 0.238898
6170.48682 0.239602
6171.54199 0.240306
6172.59814 0.240944
6173.65381 0.24157
6174.70996 0.242196
6175.76611 0.242822
6176.82324 0.243449
6177.87891 0.244076
6178.93604 0.244702
6179.99316 0.245329
6181.04980 0.245956
6182.10693 0.246557
6183.16504 0.247114
6184.22314 0.247671
6185.28076 0.248228
6186.33887 0.248786
6187.39697 0.249343
6188.45605 0.249901
6189.51416 0.250458
6190.57324 0.251016
6191.63184 0.251574
6192.69092 0.252085
6193.75000 0.252591
6194.81006 0.253098
6195.87012 0.253605
6196.92920 0.254112
6197.98877 0.254619
6199.04980 0.255126
6200.10986 0.255631
6201.16992 0.256115
6202.23096 0.256573
6203.29199 0.257002
6204.35400 0.257431
6205.41504 0.25786
6206.47705 0.258289
6207.53809 0.258718
6208.60010 0.259147
6209.66211 0.259577
6210.72412 0.260022
6211.78711 0.260471
6212.84912 0.260866
6213.91211 0.261262
6214.97510 0.261657
6216.03809 0.262053
6217.10205 0.262449
6218.16504 0.262845
6219.22900 0.263241
6220.29199 0.263637
6221.35596 0.264033
6222.42090 0.264394
6223.48486 0.264737
6224.54980 0.26508
6225.61523 0.265424
6226.68018 0.265767
6227.74512 0.26611
6228.81006 0.266454
6229.87500 0.266797
6230.94092 0.267142
6232.00684 0.267478
6233.07324 0.267784
6234.14014 0.268091
6235.20605 0.268398
6236.27197 0.268705
6237.33887 0.269011
6238.40576 0.269318
6239.47412 0.269626
6240.54102 0.26992
6241.60791 0.270203
6242.67578 0.270476
6243.74414 0.270749
6244.81201 0.271022
6245.87988 0.271295
6246.94922 0.271568
6248.01709 0.271841
6249.08594 0.272114
6250.15479 0.27239
6251.22412 0.272688
6252.29297 0.272954
6253.36279 0.273191
6254.43311 0.273428
6255.50195 0.273665
6256.57324 0.273902
6257.64307 0.27414
6258.71289 0.274377
6259.78418 0.274614
6260.85498 0.274852
6261.92578 0.275087
6262.99707 0.27531
6264.06787 0.275534
6265.14014 0.275757
6266.21191 0.275981
6267.28418 0.276205
6268.35498 0.276429
6269.42822 0.276653
6270.50000 0.276876
6271.57324 0.2771
6272.64600 0.277302
6273.71924 0.277499
6274.79199 0.277697
6275.86621 0.277895
6276.93896 0.278092
6278.01318 0.27829
6279.08691 0.278488
6280.16113 0.278686
6281.23486 0.278884
6282.31006 0.279072
6283.38379 0.279254
6284.45898 0.279435
6285.53418 0.279616
6286.60889 0.279798
6287.68506 0.279979
6288.75977 0.280161
6289.83594 0.280342
6290.91211 0.280502
6291.98779 0.280653
6293.06396 0.280791
6294.14111 0.280928
6295.21777 0.281066
6296.29395 0.281203
6297.37207 0.28134
6298.44922 0.281478
6299.52588 0.281615
6300.60400 0.281767
6301.68213 0.281931
6302.75977 0.282077
6303.83789 0.282221
6304.91602 0.282366
6305.99512 0.282511
6307.07324 0.282656
6308.15186 0.282801
6309.23096 0.282946
6310.31104 0.283091
6311.39014 0.283236
6312.47021 0.283367
6313.54980 0.28349
6314.62988 0.283614
6315.70996 0.283738
6316.79004 0.283862
6317.87109 0.283986
6318.95215 0.28411
6320.03223 0.284234
6321.11377 0.284358
6322.19482 0.284475
6323.27588 0.284579
6324.35791 0.284685
6325.43994 0.284789
6326.52197 0.284895
6327.60400 0.285
6328.68701 0.285105
6329.76904 0.28521
6330.85205 0.285294
6331.93506 0.285374
6333.01807 0.285457
6334.10205 0.285541
6335.18506 0.285625
6336.26904 0.285709
6337.35303 0.285793
6338.43701 0.285877
6339.52100 0.285961
6340.60498 0.286059
6341.68994 0.286169
6342.77490 0.286258
6343.85986 0.286345
6344.94482 0.286432
6346.02979 0.28652
6347.11621 0.286607
6348.20215 0.286695
6349.28809 0.286782
6350.37402 0.286869
6351.45996 0.286956
6352.54590 0.287041
6353.63281 0.287125
6354.72021 0.287209
6355.80713 0.287293
6356.89502 0.287376
6357.98193 0.28746
6359.06885 0.287544
6360.15723 0.287628
6361.24512 0.287712
6362.33301 0.28779
6363.42188 0.287864
6364.50977 0.287937
6365.59912 0.288011
6366.68799 0.288084
6367.77686 0.288157
6368.86621 0.288231
6369.95605 0.288304
6371.04492 0.288352
6372.13477 0.288401
6373.22510 0.288453
6374.31494 0.288506
6375.40576 0.288559
6376.49707 0.288612
6377.58691 0.288665
6378.67822 0.288718
6379.77002 0.288771
6380.86084 0.288845
6381.95215 0.28892
6383.04395 0.288974
6384.13623 0.289029
6385.22803 0.289083
6386.31982 0.289137
6387.41309 0.289191
6388.50488 0.289245
6389.59814 0.289299
6390.69092 0.289353
6391.78418 0.289408
6392.87793 0.289472
6393.97119 0.289536
6395.06494 0.2896
6396.15918 0.289664
6397.25293 0.289728
6398.34814 0.289792
6399.44189 0.289856
6400.53711 0.28992
6401.63184 0.289984
6402.72705 0.290031
6403.82178 0.290074
6404.91699 0.290118
6406.01318 0.290162
6407.10889 0.290205
6408.20508 0.290249
6409.30078 0.290293
6410.39697 0.290326
6411.49414 0.290343
6412.59082 0.290361
6413.68799 0.290381
6414.78516 0.2904
6415.88184 0.29042
6416.97998 0.290439
6418.07812 0.290459
6419.17480 0.290478
6420.27295 0.290505
6421.37207 0.290552
6422.47021 0.290597
6423.56885 0.290642
6424.66699 0.290687
6425.76709 0.290731
6426.86621 0.290776
6427.96484 0.290821
6429.06494 0.290866
6430.16504 0.29091
6431.26514 0.290949
6432.36523 0.290982
6433.46484 0.291009
6434.56494 0.291037
6435.66602 0.291064
6436.76709 0.291092
6437.86816 0.291119
6438.97021 0.291147
6440.07080 0.291174
6441.17285 0.291202
6442.27393 0.291229
6443.37598 0.291256
6444.47900 0.291283
6445.58105 0.291311
6446.68408 0.291338
6447.78711 0.291365
6448.89014 0.291392
6449.99316 0.291419
6451.09619 0.291419
6452.20020 0.291421
6453.30322 0.291429
6454.40723 0.291437
6455.51123 0.291444
6456.61621 0.291452
6457.72021 0.291459
6458.82520 0.291467
6459.93018 0.291474
6461.03516 0.291507
6462.14014 0.291537
6463.24512 0.291557
6464.35107 0.291576
6465.45703 0.291596
6466.56299 0.291616
6467.66895 0.291635
6468.77490 0.291655
6469.88184 0.291674
6470.98877 0.291694
6472.09619 0.291713
6473.20312 0.291732
6474.31006 0.291752
6475.41699 0.291771
6476.52490 0.291791
6477.63281 0.29181
6478.74121 0.291829
6479.85010 0.291849
6480.95801 0.291868
6482.06592 0.291884
6483.17480 0.291892
6484.28418 0.291899
6485.39404 0.291906
6486.50293 0.291914
6487.61279 0.291921
6488.72217 0.291929
6489.83301 0.291936
6490.94189 0.29192
6492.05322 0.291905
6493.16406 0.291911
6494.27393 0.291917
6495.38477 0.291923
6496.49609 0.291929
6497.60693 0.291935
6498.71924 0.291941
6499.83105 0.291947
6500.94189 0.291932
6502.05518 0.291904
6503.16699 0.29185
6504.27881 0.291795
6505.39209 0.291741
6506.50488 0.291686
6507.61816 0.291631
6508.73096 0.291577
6509.84424 0.291522
6510.95801 0.291467
6512.07178 0.291416
6513.18604 0.291378
6514.29980 0.29134
6515.41406 0.291301
6516.52881 0.291263
6517.64404 0.291224
6518.75781 0.291186
6519.87402 0.291148
6520.98877 0.291084
6522.10400 0.291016
6523.22021 0.290944
6524.33594 0.290872
6525.45215 0.290799
6526.56787 0.290727
6527.68506 0.290655
6528.80078 0.290583
6529.91797 0.29051
6531.03516 0.290463
6532.15186 0.29042
6533.27002 0.290379
6534.38721 0.290338
6535.50488 0.290297
6536.62305 0.290256
6537.74121 0.290215
6538.85986 0.290174
6539.97803 0.290133
6541.09717 0.290091
6542.21582 0.290048
6543.33496 0.29
6544.45410 0.289953
6545.57422 0.289906
6546.69287 0.289858
6547.81299 0.289811
6548.93408 0.289764
6550.05420 0.289716
6551.17383 0.289669
6552.29492 0.28962
6553.41602 0.289571
6554.53711 0.289522
6555.65820 0.289473
6556.77881 0.289424
6557.90088 0.289375
6559.02295 0.289326
6560.14502 0.289273
6561.26709 0.289196
6562.39014 0.289122
6563.51221 0.289052
6564.63477 0.288982
6565.75781 0.288912
6566.88086 0.288841
6568.00391 0.288771
6569.12793 0.288701
6570.25098 0.288637
6571.37500 0.288594
6572.50000 0.288542
6573.62402 0.288484
6574.74902 0.288425
6575.87305 0.288367
6576.99805 0.288308
6578.12305 0.28825
6579.24805 0.288191
6580.37402 0.288133
6581.50000 0.288074
6582.62500 0.288018
6583.75098 0.287965
6584.87695 0.287911
6586.00391 0.287857
6587.12988 0.287803
6588.25684 0.287749
6589.38379 0.287695
6590.51221 0.287628
6591.63916 0.287546
6592.76709 0.287472
6593.89404 0.2874
6595.02197 0.287327
6596.14990 0.287255
6597.27881 0.287182
6598.40723 0.28711
6599.53613 0.287037
6600.66504 0.286981
6601.79395 0.286936
6602.92285 0.286882
6604.05322 0.286829
6605.18311 0.286775
6606.31299 0.286722
6607.44189 0.286668
6608.57324 0.286614
6609.70312 0.286561
6610.83398 0.286507
6611.96484 0.286454
6613.09619 0.28641
6614.22705 0.286366
6615.35791 0.286322
6616.49023 0.286278
6617.62207 0.286235
6618.75391 0.286191
6619.88623 0.286147
6621.01904 0.286103
6622.15088 0.286052
6623.28418 0.285986
6624.41699 0.28592
6625.54980 0.285854
6626.68408 0.285788
6627.81689 0.285722
6628.95117 0.285656
6630.08496 0.285586
6631.21924 0.28548
6632.35400 0.285378
6633.48779 0.285281
6634.62305 0.285185
6635.75781 0.285088
6636.89307 0.284992
6638.02783 0.284895
6639.16406 0.284799
6640.29883 0.28471
6641.43506 0.284641
6642.57080 0.28457
6643.70801 0.284497
6644.84424 0.284425
6645.98096 0.284352
6647.11816 0.28428
6648.25488 0.284207
6649.39209 0.284134
6650.52881 0.284062
6651.66699 0.283989
6652.80518 0.283927
6653.94287 0.283867
6655.08105 0.283808
6656.22021 0.283748
6657.35791 0.283688
6658.49707 0.283628
6659.63623 0.283569
6660.77490 0.28349
6661.91504 0.283401
6663.05420 0.283305
6664.19385 0.283209
6665.33398 0.283112
6666.47510 0.283016
6667.61523 0.28292
6668.75488 0.282824
6669.89600 0.282727
6671.03711 0.282656
6672.17822 0.282583
6673.31885 0.282499
6674.46094 0.282414
6675.60303 0.28233
6676.74512 0.282246
6677.88721 0.282162
6679.02881 0.282078
6680.17188 0.281994
6681.31396 0.281909
6682.45801 0.281835
6683.60107 0.281769
6684.74414 0.281703
6685.88721 0.281638
6687.03076 0.281572
6688.17480 0.281506
6689.31885 0.28144
6690.46289 0.281363
6691.60791 0.28127
6692.75195 0.281161
6693.89697 0.281049
6695.04199 0.280936
6696.18799 0.280823
6697.33301 0.280711
6698.47900 0.280598
6699.62500 0.280485
6700.77100 0.280391
6701.91699 0.280309
6703.06299 0.28026
6704.20996 0.280211
6705.35693 0.280162
6706.50391 0.280114
6707.65088 0.280065
6708.79883 0.280016
6709.94580 0.279967
6711.09424 0.279919
6712.24219 0.279859
6713.39014 0.279776
6714.53906 0.279694
6715.68701 0.279612
6716.83594 0.279529
6717.98486 0.279447
6719.13379 0.279365
6720.28418 0.279275
6721.43311 0.279165
6722.58301 0.279056
6723.73291 0.278947
6724.88281 0.278838
6726.03418 0.278729
6727.18408 0.27862
6728.33496 0.278511
6729.48584 0.278402
6730.63721 0.278308
6731.78906 0.278227
6732.93994 0.278164
6734.09180 0.278102
6735.24414 0.27804
6736.39600 0.277978
6737.54785 0.277916
6738.70117 0.277854
6739.85400 0.277792
6741.00586 0.27773
6742.16016 0.277665
6743.31299 0.277595
6744.46582 0.277524
6745.62012 0.277454
6746.77393 0.277383
6747.92822 0.277313
