threeML/data/optical_filters/HST/WFC3_UVIS2-F336W.ecsv
# %ECSV 0.9
# ---
# datatype:
# - {name: wavelength, unit: Angstrom, datatype: float32}
# - {name: response, datatype: float32}
# meta: !!omap
# - {band_name: F336W}
# - {group_name: WFC3_UVIS2}
wavelength response
2686.97241 0.0
2985.52490 0.000409
2986.03589 0.000419
2986.54712 0.000428
2987.05811 0.000438
2987.56909 0.000448
2988.08008 0.000458
2988.59106 0.000467
2989.10303 0.000477
2989.61401 0.000487
2990.12598 0.000497
2990.63696 0.000506
2991.14893 0.000522
2991.66089 0.000544
2992.17310 0.000565
2992.68506 0.000586
2993.19702 0.000608
2993.70898 0.000629
2994.22095 0.000651
2994.73291 0.000672
2995.24609 0.000693
2995.75806 0.000715
2996.27100 0.000736
2996.78296 0.000758
2997.29590 0.000779
2997.80908 0.000801
2998.32202 0.000823
2998.83496 0.000844
2999.34790 0.000866
2999.86108 0.000887
3000.37402 0.000909
3000.88696 0.000931
3001.40088 0.000968
3001.91504 0.001005
3002.42798 0.001042
3002.94189 0.00108
3003.45605 0.001117
3003.96899 0.001154
3004.48291 0.001192
3004.99805 0.001229
3005.51196 0.001266
3006.02588 0.001304
3006.54004 0.001341
3007.05396 0.001378
3007.56909 0.001416
3008.08398 0.001453
3008.59790 0.00149
3009.11304 0.001528
3009.62793 0.001565
3010.14307 0.001603
3010.65796 0.00164
3011.17310 0.00169
3011.68799 0.001748
3012.20288 0.001806
3012.71899 0.001865
3013.23389 0.001923
3013.75000 0.001982
3014.26489 0.00204
3014.78101 0.002099
3015.29712 0.002157
3015.81299 0.002216
3016.32910 0.002274
3016.84497 0.002333
3017.36108 0.002391
3017.87695 0.00245
3018.39404 0.002508
3018.90991 0.002567
3019.42700 0.002626
3019.94312 0.002684
3020.45996 0.002743
3020.97705 0.002812
3021.49390 0.002925
3022.01001 0.003039
3022.52808 0.003153
3023.04492 0.003266
3023.56201 0.00338
3024.07910 0.003494
3024.59692 0.003607
3025.11401 0.003721
3025.63208 0.003835
3026.14893 0.003948
3026.66699 0.004062
3027.18506 0.004176
3027.70288 0.00429
3028.22095 0.004404
3028.73901 0.004518
3029.25708 0.004632
3029.77588 0.004746
3030.29395 0.00486
3030.81201 0.004973
3031.33105 0.005152
3031.85010 0.00534
3032.36792 0.005528
3032.88696 0.005716
3033.40601 0.005905
3033.92505 0.006093
3034.44409 0.006281
3034.96289 0.00647
3035.48291 0.006658
3036.00195 0.006846
3036.52100 0.007035
3037.04102 0.007223
3037.56104 0.007412
3038.08008 0.0076
3038.60010 0.007789
3039.12012 0.007978
3039.63989 0.008166
3040.15991 0.008355
3040.67993 0.008544
3041.19995 0.008811
3041.72095 0.009128
3042.24097 0.009445
3042.76196 0.009762
3043.28198 0.010079
3043.80298 0.010396
3044.32397 0.010713
3044.84497 0.011031
3045.36597 0.011348
3045.88696 0.011666
3046.40796 0.011983
3046.92896 0.012301
3047.44995 0.012619
3047.97192 0.012936
3048.49292 0.013254
3049.01489 0.013572
3049.53589 0.01389
3050.05811 0.014208
3050.58008 0.014526
3051.10205 0.014921
3051.62402 0.015429
3052.14600 0.015936
3052.66797 0.016444
3053.19092 0.016952
3053.71289 0.017459
3054.23608 0.017967
3054.75806 0.018475
3055.28101 0.018983
3055.80298 0.019491
3056.32593 0.019999
3056.84912 0.020507
3057.37207 0.021015
3057.89502 0.021523
3058.41797 0.022031
3058.94189 0.02254
3059.46509 0.023048
3059.98901 0.023557
3060.51196 0.024066
3061.03589 0.024663
3061.56006 0.025486
3062.08301 0.026309
3062.60693 0.027132
3063.13110 0.027955
3063.65503 0.028779
3064.17896 0.029602
3064.70410 0.030426
3065.22803 0.03125
3065.75293 0.032075
3066.27710 0.032899
3066.80200 0.033723
3067.32593 0.034548
3067.85107 0.035373
3068.37598 0.036198
3068.90088 0.037023
3069.42603 0.037849
3069.95093 0.038675
3070.47705 0.039499
3071.00195 0.040398
3071.52710 0.041582
3072.05298 0.042767
3072.57910 0.043952
3073.10400 0.045136
3073.62988 0.046321
3074.15601 0.047506
3074.68188 0.048691
3075.20801 0.049877
3075.73389 0.051062
3076.26001 0.052248
3076.78711 0.053434
3077.31299 0.05462
3077.84009 0.055806
3078.36597 0.056992
3078.89307 0.058179
3079.41992 0.059365
3079.94702 0.060552
3080.47290 0.061741
3081.00000 0.063016
3081.52808 0.064624
3082.05493 0.066234
3082.58203 0.067843
3083.11011 0.069453
3083.63696 0.071064
3084.16504 0.072674
3084.69189 0.074285
3085.21997 0.075896
3085.74805 0.077508
3086.27588 0.07912
3086.80396 0.080732
3087.33203 0.082346
3087.86011 0.083958
3088.38892 0.085572
3088.91699 0.087186
3089.44604 0.0888
3089.97412 0.090414
3090.50293 0.092026
3091.03198 0.093641
3091.56104 0.095271
3092.09009 0.096901
3092.61890 0.098532
3093.14795 0.100162
3093.67700 0.101793
3094.20605 0.103423
3094.73608 0.105054
3095.26489 0.106686
3095.79492 0.108317
3096.32397 0.109949
3096.85400 0.11158
3097.38403 0.113213
3097.91406 0.114845
3098.44409 0.116477
3098.97412 0.11811
3099.50391 0.119743
3100.03491 0.121377
3100.56494 0.123016
3101.09497 0.124563
3101.62598 0.125952
3102.15698 0.127342
3102.68701 0.128733
3103.21802 0.130123
3103.74902 0.131514
3104.28003 0.132905
3104.81201 0.134297
3105.34302 0.135689
3105.87402 0.137081
3106.40503 0.138473
3106.93701 0.139866
3107.46899 0.141259
3108.00000 0.142652
3108.53198 0.144046
3109.06396 0.14544
3109.59595 0.146834
3110.12793 0.148229
3110.65991 0.149624
3111.19189 0.150787
3111.72412 0.151756
3112.25708 0.152725
3112.78906 0.153695
3113.32202 0.154664
3113.85400 0.155634
3114.38696 0.156604
3114.91992 0.157575
3115.45288 0.158545
3115.98608 0.159516
3116.51904 0.160487
3117.05200 0.161459
3117.58594 0.16243
3118.11890 0.163402
3118.65308 0.164373
3119.18604 0.165346
3119.71997 0.166318
3120.25391 0.167287
3120.78809 0.168251
3121.32202 0.1687
3121.85498 0.169003
3122.38989 0.169306
3122.92407 0.169609
3123.45801 0.169913
3123.99292 0.170216
3124.52710 0.170519
3125.06201 0.170823
3125.59595 0.171126
3126.13110 0.17143
3126.66602 0.171733
3127.20093 0.172037
3127.73608 0.17234
3128.27100 0.172644
3128.80591 0.172948
3129.34204 0.173251
3129.87695 0.173555
3130.41309 0.173865
3130.94800 0.17418
3131.48389 0.17453
3132.02002 0.17488
3132.55591 0.175231
3133.09204 0.175581
3133.62793 0.175931
3134.16406 0.176282
3134.69995 0.176632
3135.23608 0.176983
3135.77295 0.177333
3136.30908 0.177684
3136.84595 0.178035
3137.38306 0.178386
3137.91895 0.178737
3138.45605 0.179088
3138.99292 0.179439
3139.53003 0.17979
3140.06689 0.18014
3140.60498 0.180483
3141.14209 0.180706
3141.67896 0.180774
3142.21704 0.180841
3142.75488 0.180909
3143.29199 0.180976
3143.83008 0.181044
3144.36792 0.181111
3144.90601 0.181179
3145.44409 0.181246
3145.98193 0.181314
3146.52100 0.181381
3147.05908 0.181449
3147.59692 0.181516
3148.13599 0.181584
3148.67407 0.181651
3149.21289 0.181719
3149.75195 0.181786
3150.29102 0.181859
3150.83008 0.181935
3151.36890 0.182007
3151.90796 0.182079
3152.44800 0.182151
3152.98706 0.182223
3153.52588 0.182294
3154.06592 0.182366
3154.60498 0.182438
3155.14502 0.18251
3155.68506 0.182582
3156.22510 0.182654
3156.76489 0.182726
3157.30493 0.182798
3157.84497 0.182869
3158.38501 0.182941
3158.92603 0.183013
3159.46606 0.183085
3160.00708 0.183157
3160.54810 0.18322
3161.08789 0.183341
3161.62891 0.183583
3162.16992 0.183824
3162.71094 0.184066
3163.25195 0.184308
3163.79297 0.18455
3164.33496 0.184792
3164.87598 0.185034
3165.41797 0.185276
3165.95898 0.185518
3166.50098 0.18576
3167.04297 0.186002
3167.58496 0.186244
3168.12598 0.186486
3168.66895 0.186729
3169.21094 0.186971
3169.75293 0.187213
3170.29492 0.18746
3170.83789 0.187712
3171.37988 0.187905
3171.92310 0.188088
3172.46606 0.188272
3173.00806 0.188455
3173.55103 0.188638
3174.09399 0.188822
3174.63696 0.189005
3175.17993 0.189189
3175.72412 0.189373
3176.26709 0.189556
3176.81104 0.18974
3177.35400 0.189924
3177.89795 0.190108
3178.44092 0.190292
3178.98511 0.190475
3179.52905 0.190659
3180.07300 0.190842
3180.61694 0.191017
3181.16089 0.191164
3181.70605 0.191277
3182.25000 0.19139
3182.79395 0.191503
3183.33911 0.191616
3183.88403 0.19173
3184.42798 0.191843
3184.97290 0.191956
3185.51807 0.192069
3186.06299 0.192182
3186.60791 0.192295
3187.15405 0.192409
3187.69897 0.192522
3188.24390 0.192635
3188.79004 0.192748
3189.33496 0.192861
3189.88110 0.192975
3190.42700 0.193095
3190.97290 0.193226
3191.51904 0.193443
3192.06494 0.193659
3192.61108 0.193875
3193.15698 0.194092
3193.70288 0.194308
3194.25000 0.194525
3194.79590 0.194741
3195.34302 0.194958
3195.88989 0.195175
3196.43701 0.195391
3196.98291 0.195608
3197.53003 0.195825
3198.07690 0.196042
3198.62500 0.196259
3199.17212 0.196475
3199.71899 0.196692
3200.26709 0.196901
3200.81396 0.1971
3201.36206 0.197062
3201.90991 0.196963
3202.45801 0.196864
3203.00488 0.196765
3203.55298 0.196666
3204.10205 0.196567
3204.64990 0.196468
3205.19800 0.196369
3205.74609 0.19627
3206.29492 0.196171
3206.84399 0.196072
3207.39209 0.195973
3207.94092 0.195874
3208.48999 0.195775
3209.03906 0.195676
3209.58789 0.195577
3210.13696 0.19548
3210.68604 0.195391
3211.23511 0.195428
3211.78491 0.195565
3212.33398 0.195702
3212.88403 0.195839
3213.43408 0.195976
3213.98291 0.196113
3214.53296 0.19625
3215.08301 0.196388
3215.63403 0.196525
3216.18408 0.196662
3216.73389 0.196799
3217.28394 0.196936
3217.83496 0.197073
3218.38501 0.197211
3218.93604 0.197348
3219.48706 0.197485
3220.03809 0.197622
3220.58789 0.197749
3221.13892 0.197804
3221.69092 0.19774
3222.24194 0.197676
3222.79297 0.197612
3223.34399 0.197548
3223.89600 0.197484
3224.44800 0.19742
3224.99902 0.197356
3225.55103 0.197293
3226.10303 0.197228
3226.65503 0.197164
3227.20703 0.197101
3227.75903 0.197037
3228.31104 0.196972
3228.86401 0.196908
3229.41602 0.196844
3229.96899 0.19678
3230.52100 0.196725
3231.07397 0.196687
3231.62695 0.196695
3232.17993 0.196702
3232.73291 0.19671
3233.28589 0.196717
3233.83911 0.196725
3234.39209 0.196733
3234.94604 0.19674
3235.49902 0.196748
3236.05298 0.196756
3236.60596 0.196763
3237.15991 0.196771
3237.71411 0.196778
3238.26807 0.196786
3238.82202 0.196794
3239.37598 0.196801
3239.92993 0.196809
3240.48511 0.196808
3241.03906 0.196815
3241.59399 0.196859
3242.14795 0.196904
3242.70288 0.196948
3243.25806 0.196993
3243.81299 0.197037
3244.36792 0.197081
3244.92310 0.197126
3245.47803 0.19717
3246.03296 0.197215
3246.58911 0.197259
3247.14404 0.197303
3247.69995 0.197348
3248.25610 0.197392
3248.81104 0.197437
3249.36694 0.197481
3249.92310 0.197526
3250.47900 0.197578
3251.03491 0.197631
3251.59204 0.197677
3252.14795 0.197723
3252.70410 0.197769
3253.26099 0.197815
3253.81689 0.197861
3254.37402 0.197906
3254.93091 0.197952
3255.48804 0.197998
3256.04492 0.198044
3256.60205 0.19809
3257.15894 0.198136
3257.71606 0.198182
3258.27393 0.198228
3258.83105 0.198274
3259.38892 0.19832
3259.94702 0.198366
3260.50391 0.198403
3261.06201 0.198437
3261.62012 0.198462
3262.17798 0.198487
3262.73608 0.198512
3263.29395 0.198537
3263.85303 0.198562
3264.41089 0.198587
3264.96997 0.198612
3265.52808 0.198637
3266.08691 0.198662
3266.64600 0.198687
3267.20508 0.198712
3267.76392 0.198737
3268.32300 0.198762
3268.88208 0.198787
3269.44092 0.198813
3270.00098 0.198838
3270.56006 0.198873
3271.12012 0.198897
3271.67896 0.198898
3272.23901 0.198898
3272.79907 0.198899
3273.35889 0.1989
3273.91895 0.198901
3274.47900 0.198902
3275.04004 0.198902
3275.60010 0.198903
3276.15991 0.198904
3276.72095 0.198905
3277.28101 0.198906
3277.84204 0.198906
3278.40308 0.198907
3278.96411 0.198908
3279.52490 0.198909
3280.08594 0.198908
3280.64697 0.198899
3281.20801 0.198884
3281.77002 0.198863
3282.33105 0.198842
3282.89307 0.198821
3283.45508 0.1988
3284.01611 0.198779
3284.57788 0.198758
3285.13989 0.198737
3285.70190 0.198716
3286.26489 0.198695
3286.82690 0.198674
3287.38892 0.198653
3287.95190 0.198632
3288.51392 0.198611
3289.07690 0.19859
3289.63989 0.198569
3290.20190 0.198552
3290.76489 0.198541
3291.32788 0.198527
3291.89209 0.198512
3292.45508 0.198497
3293.01807 0.198483
3293.58203 0.198468
3294.14502 0.198453
3294.70801 0.198438
3295.27197 0.198423
3295.83594 0.198408
3296.39990 0.198394
3296.96411 0.198379
3297.52808 0.198364
3298.09204 0.198349
3298.65601 0.198334
3299.22095 0.198319
3299.78491 0.198304
3300.35010 0.198283
3300.91504 0.198259
3301.47900 0.198212
3302.04395 0.198165
3302.60889 0.198117
3303.17407 0.19807
3303.73999 0.198022
3304.30493 0.197974
3304.87012 0.197927
3305.43604 0.197879
3306.00098 0.197831
3306.56689 0.197784
3307.13208 0.197736
3307.69800 0.197688
3308.26392 0.19764
3308.83008 0.197593
3309.39600 0.197545
3309.96289 0.197497
3310.52905 0.197459
3311.09497 0.197438
3311.66211 0.197465
3312.22900 0.197493
3312.79492 0.197521
3313.36206 0.197549
3313.92896 0.197576
3314.49609 0.197604
3315.06299 0.197632
3315.62988 0.19766
3316.19702 0.197687
3316.76489 0.197715
3317.33203 0.197743
3317.89990 0.197771
3318.46802 0.197798
3319.03491 0.197826
3319.60303 0.197854
3320.17090 0.197879
3320.73901 0.197897
3321.30688 0.197948
3321.87500 0.19802
3322.44409 0.198091
3323.01196 0.198163
3323.58105 0.198235
3324.14990 0.198306
3324.71802 0.198378
3325.28711 0.19845
3325.85596 0.198521
3326.42505 0.198593
3326.99390 0.198665
3327.56299 0.198737
3328.13306 0.198808
3328.70190 0.19888
3329.27197 0.198952
3329.84106 0.199023
3330.41089 0.199102
3330.98096 0.199184
3331.55103 0.199257
3332.12109 0.19933
3332.69092 0.199404
3333.26099 0.199477
3333.83203 0.199551
3334.40210 0.199624
3334.97192 0.199698
3335.54297 0.199771
3336.11401 0.199845
3336.68506 0.199918
3337.25488 0.199992
3337.82593 0.200065
3338.39697 0.200139
3338.96899 0.200212
3339.54004 0.200286
3340.11108 0.200357
3340.68311 0.200421
3341.25391 0.200472
3341.82593 0.200513
3342.39795 0.200554
3342.96997 0.200595
3343.54199 0.200636
3344.11401 0.200677
3344.68604 0.200717
3345.25806 0.200758
3345.83008 0.200799
3346.40308 0.20084
3346.97510 0.200881
3347.54810 0.200921
3348.12109 0.200962
3348.69409 0.201003
3349.26709 0.201044
3349.84009 0.201084
3350.41309 0.201133
3350.98608 0.201181
3351.55908 0.201163
3352.13306 0.201145
3352.70605 0.201127
3353.28003 0.201109
3353.85400 0.201091
3354.42700 0.201073
3355.00098 0.201055
3355.57495 0.201037
3356.14990 0.201019
3356.72412 0.201001
3357.29810 0.200983
3357.87305 0.200964
3358.44702 0.200946
3359.02197 0.200928
3359.59595 0.20091
3360.17090 0.200889
3360.74609 0.200861
3361.32104 0.200803
3361.89600 0.200726
3362.47095 0.200649
3363.04712 0.200573
3363.62207 0.200496
3364.19800 0.200419
3364.77295 0.200342
3365.34912 0.200266
3365.92505 0.200189
3366.50000 0.200112
3367.07690 0.200035
3367.65308 0.199959
3368.22900 0.199882
3368.80493 0.199805
3369.38208 0.199728
3369.95801 0.199652
3370.53491 0.199584
3371.11108 0.19951
3371.68799 0.199413
3372.26489 0.199315
3372.84204 0.199217
3373.41895 0.19912
3373.99609 0.199022
3374.57300 0.198925
3375.15088 0.198827
3375.72803 0.198729
3376.30591 0.198631
3376.88403 0.198534
3377.46094 0.198436
3378.03906 0.198338
3378.61694 0.198241
3379.19507 0.198143
3379.77295 0.198045
3380.35205 0.197941
3380.92993 0.197833
3381.50806 0.197687
3382.08691 0.197537
3382.66602 0.197387
3383.24390 0.197237
3383.82300 0.197088
3384.40210 0.196938
3384.98096 0.196788
3385.56006 0.196638
3386.13989 0.196488
3386.71899 0.196338
3387.29810 0.196189
3387.87793 0.196039
3388.45801 0.195889
3389.03711 0.195739
3389.61694 0.195589
3390.19702 0.195443
3390.77710 0.195303
3391.35693 0.195218
3391.93701 0.195161
3392.51807 0.195104
3393.09790 0.195048
3393.67896 0.194991
3394.26001 0.194934
3394.84009 0.194877
3395.42090 0.19482
3396.00195 0.194764
3396.58301 0.194707
3397.16406 0.19465
3397.74512 0.194593
3398.32690 0.194536
3398.90796 0.194479
3399.48999 0.194422
3400.07104 0.194357
3400.65308 0.194234
3401.23511 0.194149
3401.81689 0.194113
3402.39893 0.194076
3402.98096 0.194039
3403.56299 0.194003
3404.14600 0.193966
3404.72803 0.193929
3405.31104 0.193892
3405.89307 0.193855
3406.47607 0.193818
3407.05908 0.193781
3407.64209 0.193744
3408.22510 0.193707
3408.80811 0.19367
3409.39111 0.193633
3409.97412 0.193596
3410.55811 0.193568
3411.14111 0.193545
3411.72510 0.193533
3412.30908 0.193521
3412.89307 0.193509
3413.47705 0.193496
3414.06104 0.193484
3414.64502 0.193472
3415.22900 0.193459
3415.81299 0.193447
3416.39795 0.193434
3416.98193 0.193421
3417.56689 0.193409
3418.15210 0.193396
3418.73608 0.193384
3419.32104 0.193371
3419.90601 0.193358
3420.49097 0.193337
3421.07690 0.193312
3421.66211 0.19328
3422.24707 0.193247
3422.83301 0.193215
3423.41797 0.193182
3424.00391 0.19315
3424.59009 0.193117
