threeML/data/optical_filters/HST/WFC3_UVIS2-F350LP.ecsv
# %ECSV 0.9
# ---
# datatype:
# - {name: wavelength, unit: Angstrom, datatype: float32}
# - {name: response, datatype: float32}
# meta: !!omap
# - {band_name: F350LP}
# - {group_name: WFC3_UVIS2}
wavelength response
[from data line 4024]
6301.01416 0.283311
6302.09180 0.283335
6303.16992 0.283339
6304.24902 0.283343
6305.32812 0.283347
6306.40576 0.283352
6307.48486 0.283356
6308.56396 0.28336
6309.64404 0.283364
6310.72412 0.283368
6311.80322 0.283373
6312.88281 0.28339
6313.96289 0.283407
6315.04297 0.283424
6316.12402 0.283442
6317.20508 0.283459
6318.28613 0.283476
6319.36719 0.283493
6320.44824 0.28351
6321.52881 0.283527
6322.61084 0.283535
6323.69189 0.28354
6324.77393 0.283545
6325.85596 0.28355
6326.93896 0.283555
6328.02100 0.28356
6329.10400 0.283566
6330.18701 0.283566
6331.27002 0.283545
6332.35303 0.283535
6333.43701 0.283532
6334.52100 0.28353
6335.60400 0.283527
6336.68799 0.283525
6337.77197 0.283523
6338.85596 0.28352
6339.94092 0.283518
6341.02588 0.28354
6342.11084 0.283554
6343.19580 0.283546
6344.28076 0.283538
6345.36719 0.28353
6346.45215 0.283522
6347.53809 0.283514
6348.62402 0.283506
6349.70996 0.283498
6350.79688 0.28349
6351.88281 0.283486
6352.97021 0.283514
6354.05713 0.283541
6355.14502 0.283569
6356.23096 0.283596
6357.31885 0.283624
6358.40723 0.283651
6359.49512 0.283679
6360.58301 0.283706
6361.67090 0.283733
6362.75879 0.283754
6363.84814 0.283774
6364.93701 0.283794
6366.02588 0.283814
6367.11523 0.283834
6368.20508 0.283855
6369.29395 0.283875
6370.38379 0.283885
6371.47412 0.283879
6372.56396 0.283851
6373.65381 0.283815
6374.74512 0.283778
6375.83496 0.283743
6376.92578 0.283706
6378.01807 0.28367
6379.10791 0.283634
6380.20020 0.283603
6381.29199 0.283593
6382.38281 0.283608
6383.47607 0.283642
6384.56689 0.283675
6385.66016 0.283709
6386.75195 0.283743
6387.84521 0.283776
6388.93799 0.28381
6390.03076 0.283844
6391.12500 0.283878
6392.21777 0.283897
6393.31201 0.283896
6394.40576 0.283894
6395.50000 0.283894
6396.59424 0.283892
6397.68799 0.283891
6398.78320 0.28389
6399.87793 0.283889
6400.97314 0.283888
6402.06787 0.283892
6403.16309 0.283911
6404.25879 0.283929
6405.35400 0.283948
6406.45117 0.283966
6407.54590 0.283985
6408.64307 0.284004
6409.73877 0.284022
6410.83594 0.28402
6411.93311 0.284011
6413.02979 0.283996
6414.12695 0.283981
6415.22510 0.283966
6416.32178 0.283951
6417.41992 0.283936
6418.51807 0.283921
6419.61621 0.283906
6420.71387 0.283909
6421.81299 0.28392
6422.91211 0.283936
6424.01123 0.283953
6425.10986 0.283969
6426.20898 0.283986
6427.30908 0.284002
6428.40820 0.284018
6429.50781 0.284035
6430.60791 0.284048
6431.70801 0.284058
6432.80908 0.284064
6433.91016 0.28407
6435.00977 0.284075
6436.11084 0.284081
6437.21191 0.284086
6438.31396 0.284091
6439.41602 0.284097
6440.51709 0.284102
6441.61914 0.284107
6442.72119 0.284105
6443.82422 0.284102
6444.92578 0.284099
6446.02881 0.284096
6447.13184 0.284093
6448.23486 0.28409
6449.33789 0.284087
6450.44092 0.284073
6451.54492 0.284042
6452.64893 0.284034
6453.75293 0.284031
6454.85693 0.284029
6455.96094 0.284026
6457.06592 0.284024
6458.17090 0.284021
6459.27588 0.284019
6460.38086 0.284025
6461.48584 0.284049
6462.59180 0.284047
6463.69678 0.284035
6464.80322 0.284024
6465.91016 0.284012
6467.01611 0.284
6468.12207 0.283988
6469.22900 0.283976
6470.33594 0.283965
6471.44287 0.283952
6472.54980 0.283961
6473.65723 0.28398
6474.76514 0.283998
6475.87305 0.284017
6476.98096 0.284035
6478.08887 0.284054
6479.19678 0.284072
6480.30615 0.284091
6481.41504 0.284109
6482.52295 0.28412
6483.63281 0.284127
6484.74219 0.284135
6485.85205 0.284142
6486.96094 0.284149
6488.07080 0.284157
6489.18115 0.284164
6490.29199 0.284164
6491.40186 0.284144
6492.51318 0.284106
6493.62402 0.284057
6494.73389 0.284008
6495.84619 0.28396
6496.95703 0.283911
6498.06885 0.283862
6499.18018 0.283813
6500.29199 0.283756
6501.40479 0.283674
6502.51709 0.283619
6503.62891 0.283578
6504.74219 0.283537
6505.85498 0.283497
6506.96777 0.283456
6508.08203 0.283415
6509.19482 0.283374
6510.30908 0.283334
6511.42188 0.283292
6512.53711 0.283227
6513.65088 0.283149
6514.76514 0.283071
6515.87988 0.282993
6516.99512 0.282916
6518.10986 0.282838
6519.22510 0.28276
6520.33984 0.282674
6521.45605 0.282569
6522.57178 0.282499
6523.68799 0.282446
6524.80420 0.282393
6525.91992 0.282339
6527.03711 0.282286
6528.15381 0.282233
6529.27100 0.282179
6530.38818 0.282135
6531.50488 0.282109
6532.62305 0.282054
6533.74023 0.281989
6534.85791 0.281923
6535.97607 0.281858
6537.09424 0.281793
6538.21289 0.281727
6539.33203 0.281662
6540.45020 0.281597
6541.56885 0.281531
6542.68799 0.281473
6543.80811 0.281418
6544.92822 0.281363
6546.04688 0.281307
6547.16699 0.281252
6548.28809 0.281196
6549.40820 0.281141
6550.52881 0.281085
6551.64893 0.28103
6552.77100 0.280985
6553.89209 0.280942
6555.01318 0.2809
6556.13379 0.280857
6557.25586 0.280814
6558.37793 0.280772
6559.50000 0.280729
6560.62305 0.280671
6561.74512 0.280601
6562.86816 0.280494
6563.99023 0.280386
6565.11279 0.280276
6566.23682 0.280168
6567.35986 0.280059
6568.48389 0.27995
6569.60693 0.279841
6570.73096 0.279749
6571.85596 0.279668
6572.97998 0.279613
6574.10498 0.279557
6575.22900 0.279502
6576.35400 0.279447
6577.47998 0.279392
6578.60498 0.279336
6579.73096 0.279281
6580.85596 0.279226
6581.98193 0.279169
6583.10889 0.279106
6584.23486 0.279043
6585.36084 0.27898
6586.48779 0.278917
6587.61523 0.278853
6588.74219 0.27879
6589.87012 0.278727
6590.99707 0.27864
6592.12500 0.278554
6593.25195 0.278482
6594.38086 0.278409
6595.50879 0.278336
6596.63721 0.278263
6597.76611 0.27819
6598.89502 0.278118
6600.02393 0.278045
6601.15283 0.277999
6602.28320 0.277936
6603.41211 0.277846
6604.54199 0.277757
6605.67188 0.277667
6606.80176 0.277578
6607.93311 0.277489
6609.06299 0.277399
6610.19385 0.27731
6611.32520 0.27722
6612.45605 0.277153
6613.58691 0.277104
6614.71924 0.277055
6615.85107 0.277005
6616.98193 0.276956
6618.11523 0.276907
6619.24707 0.276857
6620.37891 0.276808
6621.51221 0.276759
6622.64502 0.27672
6623.77783 0.276685
6624.91211 0.276651
6626.04492 0.276616
6627.17920 0.276581
6628.31299 0.276547
6629.44678 0.276512
6630.58105 0.276457
6631.71484 0.276383
6632.85010 0.276265
6633.98486 0.276143
6635.12012 0.27602
6636.25488 0.275897
6637.39111 0.275774
6638.52588 0.275652
6639.66211 0.275529
6640.79785 0.275425
6641.93408 0.275332
6643.07080 0.275272
6644.20703 0.275212
6645.34424 0.275151
6646.48096 0.275091
6647.61816 0.275031
6648.75488 0.27497
6649.89307 0.27491
6651.03076 0.274849
6652.16895 0.274782
6653.30713 0.274698
6654.44482 0.274614
6655.58398 0.27453
6656.72314 0.274446
6657.86084 0.274362
6659.00000 0.274279
6660.14014 0.274191
6661.27881 0.27408
6662.41895 0.273985
6663.55908 0.273906
6664.69922 0.273827
6665.83887 0.273747
6666.97998 0.273668
6668.12109 0.273589
6669.26221 0.273509
6670.40283 0.273439
6671.54395 0.273387
6672.68604 0.273318
6673.82715 0.273244
6674.96924 0.27317
6676.11084 0.273096
6677.25293 0.273022
6678.39600 0.272948
6679.53809 0.272874
6680.68115 0.2728
6681.82422 0.272726
6682.96680 0.272653
6684.11084 0.272581
6685.25391 0.272508
6686.39795 0.272435
6687.54199 0.272363
6688.68701 0.27229
6689.83105 0.272217
6690.97607 0.272122
6692.12012 0.272022
6693.26514 0.271925
6694.41016 0.271827
6695.55615 0.271729
6696.70117 0.271632
6697.84717 0.271534
6698.99316 0.271436
6700.13916 0.271342
6701.28613 0.271271
6702.43213 0.271192
6703.57910 0.271106
6704.72607 0.27102
6705.87305 0.270934
6707.02100 0.270848
6708.16797 0.270762
6709.31494 0.270676
6710.46289 0.27059
6711.61182 0.270504
6712.75977 0.270438
6713.90918 0.270377
6715.05713 0.270315
6716.20605 0.270254
6717.35498 0.270193
6718.50391 0.270132
6719.65381 0.270071
6720.80420 0.269991
6721.95410 0.269901
6723.10400 0.269796
6724.25391 0.269691
6725.40381 0.269586
6726.55518 0.269481
6727.70605 0.269377
6728.85693 0.269272
6730.00781 0.269167
6731.16016 0.269089
6732.31201 0.269017
6733.46289 0.268956
6734.61523 0.268894
6735.76807 0.268833
6736.91992 0.268771
6738.07324 0.268709
6739.22607 0.268648
6740.37793 0.268586
6741.53223 0.268525
6742.68604 0.268446
6743.83887 0.26836
6744.99316 0.268274
6746.14697 0.268189
6747.30078 0.268103
6748.45605 0.268017
6749.60986 0.267932
6750.76514 0.267828
6751.91992 0.267717
6753.07520 0.26762
6754.22998 0.267523
6755.38623 0.267426
6756.54199 0.267329
6757.69824 0.267232
6758.85400 0.267136
6760.01123 0.267039
6761.16699 0.266969
6762.32422 0.266904
6763.48096 0.266848
6764.63818 0.266792
6765.79492 0.266736
6766.95312 0.26668
6768.11084 0.266624
6769.26904 0.266568
6770.42676 0.266512
6771.58496 0.266456
6772.74414 0.266375
6773.90283 0.266286
6775.06201 0.266196
6776.22119 0.266107
6777.37988 0.266017
6778.54004 0.265928
6779.70020 0.265838
6780.85986 0.265729
6782.02002 0.265614
6783.18018 0.265506
6784.34082 0.265398
6785.50098 0.26529
6786.66309 0.265181
6787.82422 0.265073
6788.98486 0.264965
6790.14600 0.26486
6791.30908 0.264779
6792.47021 0.264703
6793.63184 0.264634
6794.79492 0.264566
6795.95801 0.264497
6797.12012 0.264428
6798.28320 0.264359
6799.44580 0.26429
6800.60889 0.264221
6801.77295 0.264153
6802.93701 0.264097
6804.10107 0.264043
6805.26514 0.263988
6806.42920 0.263934
6807.59424 0.26388
6808.75879 0.263826
6809.92285 0.263771
6811.08887 0.263692
6812.25391 0.263603
6813.41895 0.263495
6814.58496 0.263388
6815.75098 0.26328
6816.91699 0.263173
6818.08301 0.263065
6819.25000 0.262958
6820.41699 0.26286
6821.58398 0.262779
6822.75098 0.262698
6823.91797 0.262617
6825.08594 0.262537
6826.25391 0.262456
6827.42090 0.262375
6828.58984 0.262294
6829.75781 0.262213
6830.92676 0.262138
6832.09521 0.262065
6833.26416 0.261994
6834.43408 0.261924
6835.60303 0.261853
6836.77197 0.261783
6837.94189 0.261712
6839.11182 0.261642
6840.28223 0.261565
6841.45312 0.261468
6842.62305 0.261374
6843.79395 0.261282
6844.96484 0.26119
6846.13623 0.261098
6847.30713 0.261006
6848.47900 0.260914
6849.64990 0.260822
6850.82178 0.260749
6851.99512 0.260683
6853.16699 0.260618
6854.33887 0.260553
6855.51221 0.260488
6856.68506 0.260423
6857.85791 0.260358
6859.03223 0.260293
6860.20508 0.260223
6861.37891 0.260132
6862.55322 0.260032
6863.72705 0.259928
6864.90088 0.259823
6866.07617 0.259718
6867.25000 0.259613
6868.42480 0.259508
6869.60107 0.259403
6870.77588 0.259315
6871.95215 0.259239
6873.12695 0.259201
6874.30322 0.259163
6875.47900 0.259125
6876.65576 0.259087
6877.83301 0.25905
6879.00879 0.259012
6880.18604 0.258974
6881.36279 0.258936
6882.54102 0.258879
6883.71777 0.258808
6884.89600 0.258736
6886.07422 0.258665
6887.25195 0.258593
6888.43018 0.258521
6889.60889 0.25845
6890.78809 0.258361
6891.96680 0.258263
6893.14600 0.258165
6894.32520 0.258067
6895.50488 0.257969
6896.68506 0.257872
6897.86523 0.257774
6899.04492 0.257676
6900.22510 0.257584
6901.40576 0.257512
6902.58594 0.257442
6903.76807 0.257373
6904.94922 0.257303
6906.12988 0.257234
6907.31201 0.257164
6908.49414 0.257095
6909.67578 0.257026
6910.85791 0.256956
6912.04004 0.256887
6913.22314 0.256821
6914.40576 0.256754
6915.58887 0.256688
6916.77197 0.256621
6917.95508 0.256555
6919.13916 0.256488
6920.32324 0.256415
6921.50684 0.256322
6922.69092 0.256227
6923.87500 0.256132
6925.06006 0.256037
6926.24512 0.255941
6927.43018 0.255846
6928.61523 0.25575
6929.80078 0.255655
6930.98584 0.255581
6932.17188 0.255511
6933.35791 0.255438
6934.54395 0.255364
6935.73096 0.255291
6936.91699 0.255218
6938.10400 0.255144
6939.29199 0.255071
6940.47900 0.254987
6941.66699 0.254887
6942.85400 0.25481
6944.04199 0.254738
6945.22998 0.254667
6946.41797 0.254596
6947.60693 0.254525
6948.79492 0.254454
6949.98389 0.254382
6951.17285 0.254337
6952.36279 0.254276
6953.55176 0.254189
6954.74219 0.254102
6955.93213 0.254015
6957.12207 0.253928
6958.31299 0.253841
6959.50293 0.253754
6960.69385 0.253666
6961.88477 0.25358
6963.07617 0.25354
6964.26709 0.253502
6965.45801 0.253464
6966.64990 0.253426
6967.84180 0.253388
6969.03516 0.25335
6970.22705 0.253308
6971.41895 0.253243
6972.61182 0.253153
6973.80518 0.253043
6974.99902 0.252933
6976.19189 0.252823
6977.38477 0.252713
6978.57910 0.252603
6979.77295 0.252493
6980.96680 0.252404
6982.16211 0.252323
6983.35596 0.252254
6984.55078 0.252186
6985.74609 0.252117
6986.94092 0.252049
6988.13721 0.25198
6989.33301 0.251912
6990.52783 0.251843
6991.72412 0.251774
6992.91992 0.251721
6994.11719 0.251671
6995.31299 0.251621
6996.50977 0.251571
6997.70801 0.251521
6998.90479 0.251471
7000.10303 0.251418
7001.29980 0.251325
7002.49805 0.251219
7003.69580 0.251099
7004.89404 0.25098
7006.09277 0.25086
7007.29199 0.250741
7008.49023 0.250621
7009.68896 0.250502
7010.88916 0.250402
7012.08789 0.250311
7013.28809 0.250235
7014.48779 0.250159
7015.68799 0.250084
7016.88916 0.250008
7018.08887 0.249932
7019.29004 0.249857
7020.49121 0.249771
7021.69189 0.249669
7022.89307 0.249556
7024.09521 0.249439
7025.29688 0.249323
7026.49902 0.249206
7027.70117 0.24909
7028.90283 0.248973
7030.10596 0.248858
7031.30908 0.248757
7032.51221 0.24867
7033.71484 0.248596
7034.91797 0.248523
7036.12207 0.248449
7037.32617 0.248376
7038.52979 0.248303
7039.73389 0.248229
7040.93799 0.248156
7042.14307 0.248078
7043.34814 0.247976
7044.55322 0.247875
7045.75781 0.247774
7046.96387 0.247673
7048.16895 0.247572
7049.37500 0.247471
7050.58203 0.247357
7051.78809 0.24723
7052.99512 0.247118
7054.20117 0.247008
7055.40820 0.246899
7056.61523 0.246789
7057.82324 0.246679
7059.02979 0.24657
7060.23779 0.246466
7061.44580 0.246382
7062.65381 0.246295
7063.86182 0.246206
7065.07080 0.246117
7066.27979 0.246028
7067.48877 0.245939
7068.69824 0.24585
7069.90820 0.245761
7071.11719 0.245648
7072.32715 0.245531
7073.53711 0.245407
7074.74707 0.245284
7075.95801 0.24516
7077.16797 0.245036
7078.37891 0.244913
7079.58984 0.244789
7080.80176 0.244683
7082.01318 0.244586
7083.22510 0.244499
7084.43701 0.244413
7085.64893 0.244326
7086.86084 0.244239
7088.07422 0.244152
7089.28613 0.244066
7090.50000 0.243968
7091.71191 0.243856
7092.92578 0.243735
7094.13916 0.243611
7095.35303 0.243488
7096.56689 0.243365
7097.78076 0.243241
7098.99609 0.243118
7100.20996 0.242999
7101.42480 0.242902
7102.64014 0.242814
7103.85498 0.242734
7105.07080 0.242653
7106.28613 0.242573
7107.50195 0.242493
7108.71777 0.242412
7109.93506 0.242332
7111.15088 0.242252
7112.36816 0.242162
7113.58398 0.242052
7114.80176 0.241942
7116.01904 0.241832
7117.23584 0.241723
7118.45410 0.241613
7119.67188 0.241503
7120.89014 0.241374
7122.10791 0.24124
7123.32715 0.241109
7124.54590 0.240979
7125.76514 0.240848
7126.98389 0.240717
7128.20410 0.240587
7129.42285 0.240456
7130.64307 0.24034
7131.86279 0.240235
7133.08301 0.240165
7134.30420 0.240099
7135.52393 0.240033
7136.74512 0.239966
7137.96582 0.2399
7139.18799 0.239834
7140.40918 0.239759
7141.62988 0.239667
7142.85303 0.23955
7144.07520 0.239424
7145.29688 0.239298
7146.52002 0.239172
7147.74219 0.239046
7148.96484 0.23892
7150.18799 0.238798
7151.41211 0.238697
7152.63477 0.238613
7153.85889 0.238541
7155.08301 0.238469
7156.30713 0.238397
7157.53076 0.238325
7158.75586 0.238253
7159.98096 0.238181
7161.20605 0.238084
7162.43115 0.237979
7163.65723 0.237861
7164.88184 0.237742
7166.10791 0.237624
7167.33398 0.237506
7168.56104 0.237387
7169.78711 0.237269
7171.01416 0.237172
7172.24121 0.237076
7173.46777 0.236968
7174.69482 0.236861
7175.92285 0.236754
7177.14990 0.236646
7178.37793 0.236539
7179.60596 0.236431
7180.83496 0.236324
7182.06299 0.23622
7183.29199 0.236153
7184.52100 0.236086
7185.75000 0.236019
7186.97998 0.235952
7188.20996 0.235885
7189.43896 0.235818
7190.66992 0.235737
7191.89990 0.235644
7193.12988 0.235517
7194.36084 0.235386
7195.59180 0.235256
7196.82324 0.235126
7198.05518 0.234996
7199.28613 0.234866
7200.51807 0.234746
7201.75000 0.234642
7202.98193 0.234547
7204.21387 0.234455
7205.44678 0.234362
7206.68018 0.23427
7207.91309 0.234177
7209.14600 0.234085
7210.37891 0.233985
7211.61279 0.233867
7212.84717 0.233747
7214.08105 0.233626
7215.31494 0.233504
7216.54980 0.233383
7217.78516 0.233262
7219.02002 0.233141
7220.25488 0.233024
7221.49023 0.232929
7222.72607 0.232846
7223.96094 0.232773
7225.19678 0.2327
7226.43408 0.232627
7227.66992 0.232554
