threeML/data/optical_filters/HST/WFC3_IR-G141.ecsv
# %ECSV 0.9
# ---
# datatype:
# - {name: wavelength, unit: Angstrom, datatype: float32}
# - {name: response, datatype: float32}
# meta: !!omap
# - {band_name: G141}
# - {group_name: WFC3_IR}
wavelength response
[from data line 5364]
13885.42969 0.452944
13886.28027 0.453062
13887.12988 0.45318
13887.98047 0.453298
13888.83008 0.453416
13889.67969 0.453534
13890.54004 0.453653
13891.38965 0.453771
13892.24023 0.453889
13893.08984 0.454007
13893.94043 0.454126
13894.79004 0.454244
13895.63965 0.454363
13896.50000 0.454481
13897.34961 0.454599
13898.20020 0.454718
13899.04980 0.454836
13899.90039 0.454955
13900.75977 0.455074
13901.61035 0.455192
13902.45996 0.455311
13903.30957 0.455429
13904.16016 0.455536
13905.01953 0.455625
13905.87012 0.455715
13906.71973 0.455805
13907.57031 0.455894
13908.42969 0.455984
13909.28027 0.456074
13910.12988 0.456164
13910.98047 0.456254
13911.83984 0.456344
13912.69043 0.456433
13913.54004 0.456523
13914.38965 0.456613
13915.25000 0.456703
13916.09961 0.456793
13916.95020 0.456883
13917.80957 0.456973
13918.66016 0.457063
13919.50977 0.457153
13920.36035 0.457243
13921.21973 0.457333
13922.07031 0.457423
13922.91992 0.457513
13923.78027 0.457603
13924.62988 0.457693
13925.48047 0.457783
13926.33984 0.457873
13927.19043 0.457963
13928.04004 0.458053
13928.90039 0.458143
13929.75000 0.458233
13930.61035 0.458324
13931.45996 0.458414
13932.30957 0.458504
13933.16992 0.458594
13934.01953 0.458684
13934.87988 0.458775
13935.73047 0.458865
13936.58008 0.458955
13937.44043 0.459045
13938.29004 0.459136
13939.15039 0.459226
13940.00000 0.459316
13940.86035 0.459407
13941.70996 0.459497
13942.55957 0.459587
13943.41992 0.459678
13944.26953 0.459768
13945.12988 0.459859
13945.98047 0.459949
13946.83984 0.460039
13947.69043 0.46013
13948.54980 0.46022
13949.40039 0.460311
13950.25977 0.460401
13951.11035 0.460492
13951.96973 0.460583
13952.82031 0.460673
13953.67969 0.460764
13954.53027 0.460854
13955.38965 0.460945
13956.24023 0.461035
13957.09961 0.461126
13957.95996 0.461217
13958.80957 0.461307
13959.66992 0.461398
13960.51953 0.461489
13961.37988 0.461579
13962.23047 0.46167
13963.08984 0.461761
13963.94043 0.461852
13964.79980 0.461942
13965.66016 0.462033
13966.50977 0.462124
13967.37012 0.462215
13968.21973 0.462306
13969.08008 0.462396
13969.94043 0.462487
13970.79004 0.462578
13971.65039 0.462669
13972.50977 0.46276
13973.36035 0.462851
13974.21973 0.462942
13975.08008 0.463033
13975.92969 0.463124
13976.79004 0.463215
13977.63965 0.463305
13978.50000 0.463396
13979.36035 0.463488
13980.20996 0.463579
13981.07031 0.46367
13981.92969 0.463761
13982.79004 0.463852
13983.63965 0.463943
13984.50000 0.464034
13985.36035 0.464125
13986.20996 0.464216
13987.07031 0.464307
13987.92969 0.464398
13988.79004 0.46449
13989.63965 0.464581
13990.50000 0.464672
13991.36035 0.464763
13992.21973 0.464855
13993.07031 0.464946
13993.92969 0.465037
13994.79004 0.465129
13995.65039 0.46522
13996.50000 0.465311
13997.36035 0.465402
13998.21973 0.465494
13999.08008 0.465585
13999.94043 0.465676
14000.79004 0.465732
14001.65039 0.465784
14002.50977 0.465836
14003.37012 0.465889
14004.23047 0.465927
14005.08008 0.465951
14005.94043 0.465975
14006.79980 0.465999
14007.66016 0.466023
14008.51953 0.466047
14009.37988 0.46607
14010.24023 0.466094
14011.09961 0.466118
14011.95020 0.466142
14012.80957 0.466166
14013.66992 0.466189
14014.53027 0.466213
14015.38965 0.466237
14016.25000 0.466261
14017.11035 0.466284
14017.96973 0.466308
14018.83008 0.466332
14019.69043 0.466356
14020.54004 0.46638
14021.40039 0.466404
14022.25977 0.466427
14023.12012 0.466451
14023.98047 0.466475
14024.83984 0.466499
14025.70020 0.466522
14026.55957 0.466546
14027.41992 0.46657
14028.28027 0.466594
14029.13965 0.466618
14030.00000 0.466641
14030.86035 0.466665
14031.71973 0.466689
14032.58008 0.466713
14033.44043 0.466736
14034.29980 0.46676
14035.16016 0.466784
14036.01953 0.466808
14036.87988 0.466832
14037.74023 0.466855
14038.59961 0.466879
14039.45996 0.466903
14040.32031 0.466927
14041.17969 0.466951
14042.04004 0.466974
14042.90039 0.466998
14043.75977 0.467022
14044.62988 0.467046
14045.49023 0.46707
14046.34961 0.467093
14047.20996 0.467117
14048.07031 0.467141
14048.92969 0.467165
14049.79004 0.467189
14050.65039 0.467212
14051.50977 0.467236
14052.37988 0.46726
14053.24023 0.467284
14054.09961 0.467307
14054.95996 0.467331
14055.82031 0.467355
14056.67969 0.467379
14057.54004 0.467402
14058.41016 0.467426
14059.26953 0.46745
14060.12988 0.467474
14060.99023 0.467498
14061.84961 0.467521
14062.70996 0.467545
14063.58008 0.467569
14064.44043 0.467593
14065.29980 0.467617
14066.16016 0.467641
14067.01953 0.467664
14067.88965 0.467688
14068.75000 0.467712
14069.61035 0.467736
14070.46973 0.467777
14071.33984 0.467834
14072.20020 0.467891
14073.05957 0.467948
14073.91992 0.468004
14074.79004 0.468061
14075.65039 0.468118
14076.50977 0.468175
14077.37012 0.468232
14078.24023 0.468288
14079.09961 0.468345
14079.95996 0.468402
14080.83008 0.468427
14081.69043 0.468451
14082.54980 0.468475
14083.41992 0.468499
14084.28027 0.468523
14085.13965 0.468546
14086.00000 0.46857
14086.87012 0.468594
14087.73047 0.468618
14088.58984 0.468641
14089.45996 0.468665
14090.32031 0.468689
14091.19043 0.468713
14092.04980 0.468737
14092.91016 0.468761
14093.78027 0.468784
14094.63965 0.468808
14095.50000 0.468832
14096.37012 0.468856
14097.23047 0.46888
14098.09961 0.468903
14098.95996 0.468927
14099.82031 0.468951
14100.69043 0.468975
14101.54980 0.468998
14102.41992 0.469022
14103.28027 0.469046
14104.15039 0.469052
14105.00977 0.469024
14105.87988 0.468996
14106.74023 0.468967
14107.59961 0.468939
14108.46973 0.468911
14109.33008 0.468882
14110.20020 0.468854
14111.05957 0.468826
14111.92969 0.468797
14112.79004 0.468769
14113.66016 0.46874
14114.51953 0.468712
14115.38965 0.468683
14116.25000 0.468655
14117.12012 0.468627
14117.98047 0.468598
14118.84961 0.46857
14119.70996 0.468541
14120.58008 0.468513
14121.45020 0.468484
14122.30957 0.468456
14123.17969 0.468427
14124.04004 0.468398
14124.91016 0.46837
14125.76953 0.468341
14126.63965 0.468313
14127.50000 0.468284
14128.37012 0.468255
14129.24023 0.468227
14130.09961 0.468198
14130.96973 0.46817
14131.83008 0.468141
14132.70020 0.468112
14133.57031 0.468083
14134.42969 0.468055
14135.29980 0.468026
14136.16992 0.467997
14137.03027 0.467969
14137.90039 0.46794
14138.76953 0.467911
14139.62988 0.467882
14140.50000 0.467853
14141.37012 0.467825
14142.23047 0.467796
14143.09961 0.467767
14143.96973 0.467738
14144.83008 0.467709
14145.70020 0.46768
14146.57031 0.467651
14147.42969 0.467622
14148.29980 0.467594
14149.16992 0.467565
14150.04004 0.467536
14150.90039 0.467507
14151.76953 0.467478
14152.63965 0.467449
14153.50000 0.46742
14154.37012 0.467391
14155.24023 0.467362
14156.11035 0.467333
14156.98047 0.467304
14157.83984 0.467275
14158.70996 0.467246
14159.58008 0.467217
14160.45020 0.467187
14161.30957 0.467158
14162.17969 0.467129
14163.04980 0.4671
14163.91992 0.467071
14164.79004 0.467042
14165.65039 0.467013
14166.51953 0.466984
14167.38965 0.466954
14168.25977 0.466925
14169.12988 0.466896
14170.00000 0.466867
14170.87012 0.466838
14171.73047 0.466808
14172.59961 0.466779
14173.46973 0.46675
14174.33984 0.46672
14175.20996 0.466691
14176.08008 0.466662
14176.95020 0.466633
14177.80957 0.466603
14178.67969 0.466574
14179.54980 0.466544
14180.41992 0.466515
14181.29004 0.466486
14182.16016 0.466456
14183.03027 0.466427
14183.90039 0.466398
14184.76953 0.466368
14185.63965 0.466338
14186.50977 0.466309
14187.37988 0.46628
14188.25000 0.46625
14189.12012 0.466221
14189.99023 0.466191
14190.84961 0.466129
14191.71973 0.466066
14192.58984 0.466004
14193.45996 0.465941
14194.33008 0.465878
14195.20020 0.465816
14196.07031 0.465753
14196.94043 0.46569
14197.80957 0.465627
14198.67969 0.465565
14199.54980 0.465502
14200.42969 0.465437
14201.29980 0.465371
14202.16992 0.465304
14203.04004 0.465238
14203.91016 0.465173
14204.78027 0.46516
14205.65039 0.465147
14206.51953 0.465134
14207.38965 0.465121
14208.25977 0.465108
14209.12988 0.465095
14210.00000 0.465081
14210.87012 0.465068
14211.74023 0.465055
14212.62012 0.465042
14213.49023 0.465029
14214.36035 0.465016
14215.23047 0.465003
14216.09961 0.46499
14216.96973 0.464977
14217.83984 0.464964
14218.70996 0.464951
14219.58984 0.464938
14220.45996 0.464924
14221.33008 0.464911
14222.20020 0.464898
14223.07031 0.464885
14223.94043 0.464872
14224.82031 0.464859
14225.69043 0.464846
14226.55957 0.464833
14227.42969 0.46482
14228.29980 0.464807
14229.17969 0.464793
14230.04980 0.46478
14230.91992 0.464767
14231.79004 0.464754
14232.66016 0.464741
14233.54004 0.464728
14234.41016 0.464715
14235.28027 0.464701
14236.15039 0.464688
14237.03027 0.464675
14237.90039 0.464662
14238.76953 0.464649
14239.63965 0.464636
14240.51953 0.464623
14241.38965 0.46461
14242.25977 0.464597
14243.13965 0.464583
14244.00977 0.46457
14244.87988 0.464557
14245.75000 0.464544
14246.62988 0.464531
14247.50000 0.464518
14248.37988 0.464504
14249.25000 0.464491
14250.12012 0.464478
14251.00000 0.464465
14251.87012 0.464452
14252.74023 0.464439
14253.62012 0.464426
14254.49023 0.464413
14255.36035 0.464399
14256.24023 0.464386
14257.11035 0.464373
14257.98047 0.46436
14258.86035 0.464347
14259.73047 0.464334
14260.61035 0.464321
14261.48047 0.464307
14262.34961 0.464294
14263.23047 0.464281
14264.09961 0.464268
14264.98047 0.464255
14265.84961 0.464241
14266.73047 0.464228
14267.59961 0.464215
14268.46973 0.464202
14269.34961 0.464189
14270.21973 0.464176
14271.09961 0.464162
14271.96973 0.464149
14272.84961 0.464136
14273.71973 0.464123
14274.59961 0.46411
14275.46973 0.464097
14276.34961 0.464083
14277.21973 0.46407
14278.09961 0.464057
14278.96973 0.464044
14279.84961 0.464031
14280.71973 0.464017
14281.59961 0.464004
14282.46973 0.463991
14283.34961 0.463978
14284.21973 0.463965
14285.09961 0.463951
14285.96973 0.463938
14286.84961 0.463925
14287.73047 0.463912
14288.59961 0.463898
14289.48047 0.463885
14290.34961 0.463872
14291.23047 0.463859
14292.11035 0.463846
14292.98047 0.463833
14293.86035 0.463819
14294.73047 0.463806
14295.61035 0.463793
14296.49023 0.46378
14297.36035 0.463767
14298.24023 0.463753
14299.11035 0.46374
14299.99023 0.463727
14300.87012 0.463714
14301.74023 0.463701
14302.62012 0.463687
14303.50000 0.463674
14304.37012 0.46371
14305.25000 0.463789
14306.12988 0.463868
14307.00000 0.463947
14307.87988 0.464026
14308.75977 0.464105
14309.62988 0.464184
14310.50977 0.464264
14311.38965 0.464343
14312.26953 0.464422
14313.13965 0.464501
14314.01953 0.46458
14314.90039 0.46466
14315.78027 0.464739
14316.65039 0.464818
14317.53027 0.464897
14318.41016 0.464976
14319.29004 0.465056
14320.16016 0.465135
14321.04004 0.465214
14321.91992 0.465293
14322.79980 0.465373
14323.66992 0.465452
14324.54980 0.465531
14325.42969 0.46561
14326.30957 0.465689
14327.19043 0.465769
14328.05957 0.465848
14328.94043 0.465927
14329.82031 0.466006
14330.70020 0.466086
14331.58008 0.466165
14332.45996 0.466245
14333.33008 0.466324
14334.20996 0.466403
14335.08984 0.466482
14335.96973 0.466562
14336.84961 0.466641
14337.73047 0.46672
14338.61035 0.4668
14339.49023 0.466879
14340.36035 0.466958
14341.24023 0.467038
14342.12012 0.467117
14343.00000 0.467196
14343.87988 0.467276
14344.75977 0.467355
14345.63965 0.467435
14346.51953 0.467514
14347.40039 0.467593
14348.28027 0.467673
14349.16016 0.467752
14350.04004 0.467832
14350.91992 0.467911
14351.79004 0.46799
14352.66992 0.46807
14353.54980 0.468149
14354.42969 0.468229
14355.30957 0.468308
14356.19043 0.468388
14357.07031 0.468467
14357.95020 0.468546
14358.83008 0.468626
14359.70996 0.468705
14360.58984 0.468785
14361.46973 0.468864
14362.34961 0.468944
14363.23047 0.469023
14364.11035 0.469103
14365.00000 0.469182
14365.87988 0.469262
14366.75977 0.469341
14367.63965 0.469421
14368.51953 0.4695
14369.40039 0.46958
14370.28027 0.469659
14371.16016 0.469739
14372.04004 0.469818
14372.91992 0.469898
14373.79980 0.469977
14374.67969 0.470057
14375.55957 0.470137
14376.45020 0.470216
14377.33008 0.470296
14378.20996 0.470375
14379.08984 0.470455
14379.96973 0.470535
14380.84961 0.470614
14381.73047 0.470694
14382.61035 0.470773
14383.50000 0.470853
14384.37988 0.470932
14385.25977 0.471012
14386.13965 0.471092
14387.01953 0.471172
14387.90039 0.471251
14388.79004 0.471331
14389.66992 0.47141
14390.54980 0.471469
14391.42969 0.471515
14392.30957 0.47156
14393.20020 0.471606
14394.08008 0.471651
14394.95996 0.471697
14395.83984 0.471743
14396.71973 0.471788
14397.61035 0.471834
14398.49023 0.471879
14399.37012 0.471925
14400.25000 0.471978
14401.13965 0.47205
14402.01953 0.472122
14402.90039 0.472193
14403.79004 0.472265
14404.66992 0.472098
14405.54980 0.471881
14406.42969 0.471665
14407.32031 0.471449
14408.20020 0.471233
14409.08008 0.471016
14409.96973 0.4708
14410.84961 0.470584
14411.73047 0.470367
14412.62012 0.470151
14413.50000 0.469934
14414.37988 0.469718
14415.26953 0.469502
14416.15039 0.469285
14417.03027 0.469069
14417.91992 0.468853
14418.79980 0.468636
14419.67969 0.46842
14420.57031 0.468203
14421.45020 0.467987
14422.33984 0.46777
14423.21973 0.467554
14424.09961 0.467337
14424.99023 0.467121
14425.87012 0.466904
14426.75977 0.466688
14427.63965 0.466471
14428.53027 0.466255
14429.41016 0.466038
14430.29004 0.465822
14431.17969 0.465605
14432.05957 0.465388
14432.95020 0.465172
14433.83008 0.464956
14434.71973 0.464739
14435.59961 0.464522
14436.49023 0.464306
14437.37012 0.464089
14438.25977 0.463872
14439.13965 0.463656
14440.03027 0.463439
14440.91016 0.463222
14441.79980 0.463006
14442.67969 0.462789
14443.57031 0.462572
14444.45020 0.462356
14445.33984 0.462139
14446.21973 0.461922
14447.11035 0.461706
14447.99023 0.461489
14448.87988 0.461272
14449.75977 0.461055
14450.65039 0.460839
14451.54004 0.460622
14452.41992 0.460405
14453.30957 0.460188
14454.19043 0.459972
14455.08008 0.459755
14455.95996 0.459538
14456.84961 0.459321
14457.74023 0.459104
14458.62012 0.458888
14459.50977 0.458671
14460.40039 0.458454
14461.28027 0.458237
14462.16992 0.45802
14463.04980 0.457803
14463.94043 0.457586
14464.83008 0.457369
14465.70996 0.457153
14466.59961 0.456936
14467.49023 0.456719
14468.37012 0.456502
14469.25977 0.456285
14470.15039 0.456068
14471.04004 0.455851
14471.91992 0.455634
14472.80957 0.455417
14473.70020 0.4552
14474.58008 0.454983
14475.46973 0.454766
14476.36035 0.454549
14477.25000 0.454332
14478.12988 0.454115
14479.01953 0.453898
14479.91016 0.453681
14480.79004 0.453464
14481.67969 0.453247
14482.57031 0.45303
14483.45996 0.452813
14484.33984 0.452596
14485.23047 0.452379
14486.12012 0.452161
14487.00977 0.451944
14487.90039 0.451727
14488.78027 0.45151
14489.66992 0.451293
14490.55957 0.451076
14491.45020 0.450859
14492.33984 0.450641
14493.21973 0.450424
14494.11035 0.450207
14495.00000 0.44999
14495.88965 0.449773
14496.78027 0.449555
14497.66992 0.449338
14498.55957 0.449121
14499.44043 0.448904
14500.33008 0.448681
14501.21973 0.44845
14502.11035 0.448219
14503.00000 0.447988
14503.88965 0.447756
14504.78027 0.447878
14505.66992 0.448032
14506.55957 0.448186
14507.44043 0.448341
14508.33008 0.448495
14509.21973 0.448649
14510.11035 0.448807
14511.00000 0.448994
14511.88965 0.449181
14512.78027 0.449368
14513.66992 0.449555
14514.55957 0.449742
14515.45020 0.449929
14516.33984 0.450116
14517.23047 0.450303
14518.12012 0.45049
14519.00977 0.450677
14519.90039 0.450864
14520.79004 0.451051
14521.67969 0.451238
14522.57031 0.451425
14523.45996 0.451612
14524.34961 0.4518
14525.24023 0.451987
14526.12988 0.452174
14527.01953 0.452361
14527.91016 0.452548
14528.79980 0.452736
14529.69043 0.452923
14530.58008 0.453111
14531.46973 0.453298
14532.36035 0.453485
14533.25000 0.453673
14534.13965 0.45386
14535.03027 0.454047
14535.92969 0.454235
14536.82031 0.454423
14537.70996 0.45461
14538.59961 0.454798
14539.49023 0.454985
14540.37988 0.455173
14541.26953 0.45536
14542.16016 0.455548
14543.04980 0.455736
14543.95020 0.455923
14544.83984 0.456111
14545.73047 0.456299
14546.62012 0.456487
14547.50977 0.456674
14548.40039 0.456862
14549.29004 0.45705
14550.19043 0.457238
14551.08008 0.457425
