threeML/data/optical_filters/HST/WFC3_UVIS2-F606W.ecsv
# %ECSV 0.9
# ---
# datatype:
# - {name: wavelength, unit: Angstrom, datatype: float32}
# - {name: response, datatype: float32}
# meta: !!omap
# - {band_name: F606W}
# - {group_name: WFC3_UVIS2}
wavelength response
[from data line 805]
5325.66016 0.277539
5326.56592 0.277688
5327.47314 0.277836
5328.37891 0.277985
5329.28613 0.278133
5330.19287 0.278282
5331.10010 0.27843
5332.00781 0.278634
5332.91504 0.278879
5333.82324 0.279124
5334.72998 0.279369
5335.63916 0.279614
5336.54590 0.279858
5337.45508 0.280103
5338.36279 0.280348
5339.27197 0.280593
5340.18115 0.280838
5341.08887 0.281083
5341.99902 0.281353
5342.90820 0.281643
5343.81689 0.281932
5344.72705 0.282221
5345.63623 0.282511
5346.54590 0.2828
5347.45605 0.28309
5348.36621 0.283379
5349.27588 0.283669
5350.18701 0.283959
5351.09717 0.284248
5352.00781 0.284514
5352.91895 0.284764
5353.83008 0.285013
5354.74121 0.285262
5355.65186 0.285511
5356.56396 0.285761
5357.47607 0.28601
5358.38818 0.28626
5359.29883 0.286509
5360.21094 0.286758
5361.12402 0.287008
5362.03613 0.287193
5362.94922 0.287336
5363.86182 0.287479
5364.77393 0.287622
5365.68799 0.287765
5366.60107 0.287908
5367.51416 0.288051
5368.42822 0.288194
5369.34082 0.288337
5370.25488 0.28848
5371.16895 0.288623
5372.08301 0.288693
5372.99805 0.288723
5373.91211 0.288753
5374.82715 0.288783
5375.74219 0.288813
5376.65723 0.288843
5377.57178 0.288873
5378.48682 0.288903
5379.40186 0.288933
5380.31787 0.288963
5381.23291 0.288994
5382.14893 0.28894
5383.06494 0.288852
5383.98096 0.288764
5384.89795 0.288676
5385.81396 0.288588
5386.73096 0.2885
5387.64795 0.288413
5388.56494 0.288325
5389.48193 0.288237
5390.39893 0.288149
5391.31689 0.288061
5392.23389 0.287918
5393.15186 0.287762
5394.06982 0.287606
5394.98779 0.28745
5395.90576 0.287294
5396.82520 0.287138
5397.74316 0.286982
5398.66211 0.286825
5399.58105 0.286669
5400.50000 0.286513
5401.41797 0.286357
5402.33789 0.28616
5403.25684 0.285959
5404.17676 0.285759
5405.09717 0.285559
5406.01709 0.285358
5406.93701 0.285158
5407.85693 0.284957
5408.77686 0.284756
5409.69824 0.284556
5410.61914 0.284355
5411.54004 0.284153
5412.45996 0.283919
5413.38184 0.283684
5414.30322 0.28345
5415.22510 0.283215
5416.14600 0.282981
5417.06787 0.282746
5417.99023 0.282511
5418.91211 0.282277
5419.83398 0.282042
5420.75684 0.281807
5421.67920 0.281573
5422.60205 0.281341
5423.52490 0.281108
5424.44824 0.280876
5425.37207 0.280643
5426.29492 0.28041
5427.21777 0.280178
5428.14209 0.279945
5429.06592 0.279713
5429.99023 0.27948
5430.91406 0.279247
5431.83789 0.279029
5432.76318 0.278838
5433.68701 0.278647
5434.61182 0.278457
5435.53711 0.278266
5436.46191 0.278075
5437.38818 0.277884
5438.31299 0.277693
5439.23877 0.277502
5440.16406 0.277311
5441.08984 0.27712
5442.01611 0.276966
5442.94189 0.276843
5443.86914 0.276719
5444.79492 0.276596
5445.72217 0.276472
5446.64893 0.276349
5447.57617 0.276226
5448.50293 0.276102
5449.43018 0.275979
5450.35791 0.275855
5451.28613 0.275731
5452.21289 0.275691
5453.14111 0.275678
5454.06885 0.275665
5454.99805 0.275652
5455.92578 0.27564
5456.85400 0.275627
5457.78320 0.275614
5458.71191 0.275601
5459.64111 0.275588
5460.56982 0.275575
5461.50000 0.275562
5462.42920 0.275673
5463.35889 0.275786
5464.28906 0.275899
5465.21924 0.276013
5466.14893 0.276126
5467.07910 0.276239
5468.00977 0.276352
5468.93994 0.276466
5469.87109 0.276579
5470.80176 0.276692
5471.73291 0.276832
5472.66504 0.277064
5473.59619 0.277296
5474.52686 0.277528
5475.45898 0.27776
5476.39111 0.277991
5477.32324 0.278223
5478.25488 0.278455
5479.18799 0.278687
5480.12109 0.278919
5481.05322 0.279151
5481.98584 0.279414
5482.91895 0.279709
5483.85205 0.280004
5484.78613 0.280299
5485.71924 0.280594
5486.65186 0.280889
5487.58594 0.281185
5488.52100 0.28148
5489.45508 0.281775
5490.38916 0.28207
5491.32324 0.282365
5492.25781 0.282657
5493.19189 0.282946
5494.12695 0.283237
5495.06299 0.283527
5495.99805 0.283817
5496.93311 0.284107
5497.86914 0.284397
5498.80518 0.284688
5499.74023 0.284978
5500.67578 0.285268
5501.61279 0.28555
5502.54883 0.285754
5503.48486 0.285959
5504.42188 0.286163
5505.35889 0.286368
5506.29590 0.286573
5507.23291 0.286778
5508.16992 0.286982
5509.10791 0.287187
5510.04492 0.287392
5510.98291 0.287597
5511.92090 0.287738
5512.85889 0.287791
5513.79688 0.287843
5514.73584 0.287895
5515.67480 0.287948
5516.61279 0.288
5517.55176 0.288053
5518.49121 0.288105
5519.43115 0.288158
5520.37012 0.28821
5521.31006 0.288262
5522.24902 0.288193
5523.18896 0.288085
5524.12891 0.287977
5525.06885 0.28787
5526.00977 0.287762
5526.95020 0.287654
5527.89111 0.287546
5528.83203 0.287438
5529.77197 0.28733
5530.71387 0.287222
5531.65479 0.287097
5532.59717 0.286855
5533.53809 0.286612
5534.47998 0.28637
5535.42188 0.286127
5536.36377 0.285885
5537.30615 0.285642
5538.24902 0.285399
5539.19092 0.285156
5540.13379 0.284914
5541.07715 0.284671
5542.02002 0.284398
5542.96289 0.284096
5543.90723 0.283795
5544.85010 0.283493
5545.79395 0.283191
5546.73779 0.28289
5547.68213 0.282588
5548.62598 0.282286
5549.56982 0.281984
5550.51514 0.281682
5551.45898 0.28138
5552.40381 0.281063
5553.34912 0.280745
5554.29395 0.280427
5555.24023 0.28011
5556.18506 0.279791
5557.13086 0.279473
5558.07715 0.279155
5559.02295 0.278837
5559.96924 0.278519
5560.91504 0.2782
5561.86084 0.277896
5562.80811 0.277618
5563.75488 0.27734
5564.70215 0.277063
5565.64893 0.276785
5566.59619 0.276508
5567.54297 0.27623
5568.49121 0.275952
5569.43896 0.275674
5570.38721 0.275388
5571.33496 0.275087
5572.28320 0.274852
5573.23096 0.274635
5574.18018 0.274418
5575.12891 0.274201
5576.07812 0.273985
5577.02686 0.273768
5577.97607 0.273551
5578.92480 0.273334
5579.87500 0.273117
5580.82422 0.27292
5581.77393 0.27275
5582.72412 0.272663
5583.67383 0.272575
5584.62500 0.272487
5585.57520 0.2724
5586.52588 0.272312
5587.47705 0.272225
5588.42822 0.272137
5589.37891 0.27205
5590.33008 0.271962
5591.28076 0.271875
5592.23291 0.271884
5593.18506 0.271931
5594.13721 0.271979
5595.08887 0.272027
5596.04102 0.272075
5596.99414 0.272122
5597.94580 0.27217
5598.89893 0.272218
5599.85205 0.272266
5600.80518 0.272313
5601.75781 0.272389
5602.71094 0.272569
5603.66504 0.272749
5604.61914 0.27293
5605.57324 0.27311
5606.52686 0.27329
5607.48096 0.273471
5608.43506 0.273651
5609.39014 0.273831
5610.34521 0.274011
5611.29883 0.274192
5612.25391 0.274448
5613.20898 0.274733
5614.16504 0.275018
5615.12109 0.275303
5616.07617 0.275587
5617.03223 0.275872
5617.98779 0.276157
5618.94385 0.276442
5619.89990 0.276727
5620.85693 0.277012
5621.81299 0.277309
5622.77100 0.277638
5623.72803 0.277968
5624.68506 0.278297
5625.64209 0.278627
5626.59912 0.278957
5627.55713 0.279287
5628.51514 0.279617
5629.47314 0.279946
5630.43115 0.280273
5631.38916 0.280596
5632.34814 0.280894
5633.30615 0.281187
5634.26514 0.28148
5635.22412 0.281773
5636.18311 0.282066
5637.14209 0.282359
5638.10205 0.282652
5639.06104 0.282945
5640.02100 0.283238
5640.98096 0.283531
5641.94092 0.283778
5642.90088 0.283951
5643.86084 0.284125
5644.82178 0.284298
5645.78320 0.284471
5646.74414 0.284645
5647.70508 0.284818
5648.66602 0.284992
5649.62695 0.285166
5650.58887 0.285339
5651.54980 0.285513
5652.51221 0.285524
5653.47510 0.285533
5654.43701 0.285542
5655.39893 0.285551
5656.36084 0.28556
5657.32422 0.285568
5658.28711 0.285577
5659.25000 0.285586
5660.21289 0.285595
5661.17676 0.285603
5662.14014 0.285527
5663.10400 0.285391
5664.06689 0.285256
5665.03223 0.28512
5665.99609 0.284984
5666.95996 0.284849
5667.92480 0.284713
5668.88916 0.284577
5669.85400 0.284441
5670.81885 0.284305
5671.78418 0.284146
5672.75000 0.283902
5673.71484 0.283658
5674.68115 0.283414
5675.64600 0.28317
5676.61182 0.282926
5677.57910 0.282682
5678.54492 0.282438
5679.51123 0.282194
5680.47803 0.28195
5681.44482 0.281706
5682.41211 0.281443
5683.37891 0.281177
5684.34619 0.280911
5685.31299 0.280646
5686.28076 0.28038
5687.24902 0.280114
5688.21680 0.279848
5689.18506 0.279583
5690.15283 0.279317
5691.12207 0.279051
5692.08984 0.278804
5693.05908 0.278573
5694.02783 0.278343
5694.99707 0.278113
5695.96582 0.277882
5696.93604 0.277652
5697.90479 0.277422
5698.87500 0.277191
5699.84521 0.276961
5700.81494 0.27673
5701.78613 0.276514
5702.75586 0.27635
5703.72705 0.276186
5704.69678 0.276022
5705.66797 0.275858
5706.63916 0.275694
5707.60986 0.27553
5708.58203 0.275366
5709.55420 0.275202
5710.52490 0.275038
5711.49707 0.274874
5712.46924 0.274765
5713.44092 0.274662
5714.41406 0.274558
5715.38623 0.274455
5716.35889 0.274352
5717.33203 0.274248
5718.30518 0.274145
5719.27783 0.274041
5720.25195 0.273932
5721.22607 0.273806
5722.19922 0.273702
5723.17285 0.273612
5724.14697 0.273522
5725.12109 0.273431
5726.09619 0.273341
5727.06982 0.273251
5728.04492 0.27316
5729.02002 0.27307
5729.99512 0.27298
5730.97021 0.272912
5731.94482 0.272855
5732.92090 0.272818
5733.89697 0.272782
5734.87305 0.272745
5735.84912 0.272708
5736.82520 0.272671
5737.80078 0.272634
5738.77783 0.272597
5739.75391 0.27256
5740.73096 0.272523
5741.70801 0.272489
5742.68604 0.27248
5743.66309 0.272471
5744.64111 0.272462
5745.61914 0.272453
5746.59619 0.272444
5747.57422 0.272435
5748.55322 0.272426
5749.53076 0.272417
5750.50879 0.272408
5751.48779 0.272399
5752.46680 0.272427
5753.44580 0.272461
5754.42480 0.272493
5755.40479 0.272527
5756.38379 0.27256
5757.36377 0.272593
5758.34424 0.272626
5759.32422 0.272659
5760.30420 0.272692
5761.28516 0.272725
5762.26514 0.272804
5763.24609 0.272906
5764.22705 0.273007
5765.20801 0.273108
5766.18896 0.27321
5767.16992 0.273311
5768.15186 0.273413
5769.13379 0.273514
5770.11523 0.273615
5771.09814 0.273717
5772.08008 0.273861
5773.06201 0.27405
5774.04395 0.274239
5775.02686 0.274427
5776.00977 0.274616
5776.99316 0.274805
5777.97705 0.274994
5778.95996 0.275183
5779.94287 0.275372
5780.92676 0.275561
5781.91113 0.275771
5782.89502 0.276027
5783.87891 0.276284
5784.86377 0.27654
5785.84814 0.276796
5786.83301 0.277052
5787.81787 0.277309
5788.80322 0.277565
5789.78809 0.277822
5790.77295 0.278078
5791.75879 0.278336
5792.74512 0.278603
5793.73096 0.27887
5794.71680 0.279137
5795.70312 0.279403
5796.68896 0.27967
5797.67578 0.279937
5798.66309 0.280204
5799.64990 0.280471
5800.63721 0.280738
5801.62402 0.281004
5802.61084 0.281204
5803.59912 0.281405
5804.58691 0.281605
5805.57520 0.281805
5806.56299 0.282006
5807.55078 0.282206
5808.54004 0.282407
5809.52783 0.282607
5810.51709 0.282807
5811.50586 0.283008
5812.49512 0.283078
5813.48389 0.283134
5814.47412 0.283189
5815.46289 0.283244
5816.45312 0.283299
5817.44287 0.283355
5818.43311 0.28341
5819.42285 0.283465
5820.41406 0.28351
5821.40381 0.283542
5822.39502 0.283424
5823.38623 0.283267
5824.37695 0.283109
5825.36914 0.282952
5826.35986 0.282795
5827.35205 0.282637
5828.34277 0.28248
5829.33496 0.282322
5830.32812 0.282174
5831.31982 0.282045
5832.31201 0.281797
5833.30518 0.281499
5834.29785 0.2812
5835.29102 0.280902
5836.28418 0.280603
5837.27686 0.280305
5838.27100 0.280006
5839.26416 0.279707
5840.25781 0.279409
5841.25195 0.27911
5842.24609 0.278756
5843.24121 0.27837
5844.23486 0.277984
5845.22900 0.277598
5846.22510 0.277212
5847.22021 0.276826
5848.21484 0.27644
5849.20996 0.276054
5850.20605 0.275667
5851.20117 0.275281
5852.19678 0.274904
5853.19287 0.274533
5854.18896 0.274162
5855.18604 0.273791
5856.18213 0.27342
5857.17920 0.273049
5858.17578 0.272678
5859.17285 0.272307
5860.16992 0.271936
5861.16699 0.271565
5862.16504 0.271243
5863.16309 0.270963
5864.16113 0.270682
5865.15918 0.270402
5866.15723 0.270122
5867.15479 0.269841
5868.15381 0.26956
5869.15186 0.26928
5870.15088 0.269
5871.14990 0.268719
5872.14990 0.268512
5873.14893 0.268371
5874.14893 0.26823
5875.14795 0.26809
5876.14795 0.267949
5877.14795 0.267809
5878.14893 0.267668
5879.14893 0.267527
5880.14990 0.267387
5881.14990 0.267246
5882.15088 0.267183
5883.15283 0.267191
5884.15381 0.267199
5885.15479 0.267207
5886.15723 0.267216
5887.15918 0.267224
5888.16113 0.267232
5889.16309 0.26724
5890.16602 0.267248
5891.16797 0.267256
5892.16992 0.267317
5893.17285 0.267424
5894.17578 0.26753
5895.17920 0.267637
5896.18311 0.267743
5897.18604 0.26785
5898.18994 0.267956
5899.19385 0.268063
5900.19824 0.268165
5901.20215 0.268249
5902.20703 0.268372
5903.21094 0.268524
5904.21582 0.268677
5905.22119 0.26883
5906.22607 0.268983
5907.23096 0.269136
5908.23584 0.269289
5909.24219 0.269441
5910.24805 0.2696
5911.25293 0.269776
5912.25879 0.269964
5913.26611 0.27016
5914.27197 0.270356
5915.27881 0.270552
5916.28516 0.270747
5917.29199 0.270943
5918.29883 0.271139
5919.30713 0.271335
5920.31396 0.271531
5921.32178 0.271727
5922.33008 0.271912
5923.33691 0.272091
5924.34619 0.27227
5925.35400 0.272449
5926.36182 0.272628
5927.37109 0.272808
5928.37988 0.272987
5929.38916 0.273166
5930.39795 0.273346
5931.40723 0.273525
5932.41699 0.27369
5933.42578 0.273851
5934.43701 0.274013
5935.44580 0.274174
5936.45703 0.274335
5937.46680 0.274496
5938.47803 0.274657
5939.48779 0.274819
5940.49902 0.27498
5941.50977 0.275141
5942.52100 0.275287
5943.53320 0.275431
5944.54395 0.275575
5945.55615 0.275719
5946.56787 0.275863
5947.58008 0.276006
5948.59180 0.27615
5949.60400 0.276294
5950.61719 0.276438
5951.62988 0.276582
5952.64307 0.276716
5953.65576 0.27685
5954.66895 0.276984
5955.68311 0.277118
5956.69580 0.277252
5957.70996 0.277386
5958.72412 0.27752
5959.73779 0.277654
5960.75293 0.277788
5961.76709 0.277922
5962.78223 0.278056
5963.79688 0.278189
5964.81201 0.278323
5965.82715 0.278456
5966.84180 0.278589
5967.85791 0.278723
5968.87402 0.278856
5969.89014 0.27899
5970.90479 0.279102
5971.92188 0.279205
5972.93799 0.27929
5973.95508 0.279375
5974.97119 0.279461
5975.98779 0.279546
5977.00488 0.279631
5978.02197 0.279716
5979.04004 0.279801
5980.05811 0.279888
5981.07617 0.279997
5982.09277 0.280081
5983.11182 0.280132
5984.12988 0.280183
5985.14795 0.280233
5986.16699 0.280284
5987.18604 0.280334
5988.20508 0.280385
5989.22412 0.280435
5990.24316 0.280486
5991.26318 0.280536
5992.28320 0.280536
5993.30176 0.280502
5994.32178 0.280469
5995.34277 0.280436
5996.36279 0.280402
5997.38379 0.280369
5998.40381 0.280336
5999.42480 0.280302
6000.44580 0.280281
6001.46777 0.280276
6002.48877 0.280186
6003.51123 0.280076
6004.53223 0.279965
6005.55420 0.279855
6006.57715 0.279745
6007.59912 0.279634
6008.62109 0.279524
6009.64404 0.279413
6010.66699 0.279303
6011.68896 0.27919
6012.71289 0.27897
6013.73584 0.278749
6014.75977 0.278529
6015.78320 0.278309
6016.80713 0.278088
6017.83105 0.277867
6018.85498 0.277647
6019.87988 0.277426
6020.90381 0.277205
6021.92920 0.276967
6022.95410 0.276676
6023.97900 0.276385
6025.00391 0.276094
6026.02979 0.275802
6027.05615 0.275511
6028.08105 0.27522
6029.10693 0.274928
6030.13281 0.274633
6031.16016 0.274315
6032.18604 0.273996
6033.21289 0.273679
6034.24023 0.273361
6035.26709 0.273043
6036.29395 0.272726
6037.32080 0.272408
6038.34912 0.27209
6039.37598 0.271772
6040.40381 0.271464
6041.43213 0.27117
6042.45996 0.270927
6043.48877 0.270701
6044.51807 0.270474
6045.54590 0.270248
6046.57520 0.270021
6047.60400 0.269795
6048.63379 0.269568
6049.66309 0.269341
6050.69287 0.269114
6051.72314 0.268893
6052.75195 0.268777
6053.78320 0.268661
6054.81299 0.268546
6055.84277 0.26843
6056.87402 0.268314
6057.90479 0.268198
6058.93604 0.268082
6059.96680 0.267966
6060.99902 0.267851
6062.02979 0.267785
6063.06201 0.267816
6064.09424 0.267847
6065.12598 0.267878
6066.15820 0.267909
6067.18994 0.26794
6068.22314 0.267971
6069.25586 0.268002
6070.28906 0.268033
6071.32178 0.268064
6072.35498 0.268176
6073.38916 0.26833
6074.42188 0.268484
6075.45703 0.268639
6076.49023 0.268794
6077.52393 0.268948
6078.55908 0.269103
6079.59277 0.269257
6080.62793 0.269412
6081.66309 0.269567
6082.69824 0.269791
6083.73291 0.270016
6084.76904 0.270242
6085.80518 0.270468
6086.83984 0.270693
6087.87598 0.270919
6088.91309 0.271145
6089.94922 0.271371
6090.98486 0.271574
6092.02197 0.271775
6093.05908 0.271974
6094.09619 0.272174
6095.13281 0.272373
6096.16992 0.272572
6097.20801 0.272772
6098.24609 0.272971
6099.28320 0.27317
6100.32080 0.273377
6101.35986 0.273601
6102.39795 0.273782
6103.43701 0.273943
6104.47607 0.274105
6105.51514 0.274267
