threeML/data/optical_filters/HST/WFC3_IR-F140W.ecsv
# %ECSV 0.9
# ---
# datatype:
# - {name: wavelength, unit: Angstrom, datatype: float32}
# - {name: response, datatype: float32}
# meta: !!omap
# - {band_name: F140W}
# - {group_name: WFC3_IR}
wavelength response
[from data line 767]
12518.09961 0.533244
12519.12012 0.533149
12520.12988 0.533054
12521.15039 0.532958
12522.16016 0.532863
12523.17969 0.532768
12524.19043 0.532693
12525.20996 0.532626
12526.23047 0.532558
12527.24023 0.532491
12528.25977 0.532423
12529.28027 0.532355
12530.29004 0.532301
12531.30957 0.532278
12532.33008 0.532256
12533.33984 0.532233
12534.36035 0.532211
12535.37012 0.532188
12536.38965 0.532165
12537.41016 0.532143
12538.42969 0.53212
12539.44043 0.532098
12540.45996 0.532055
12541.48047 0.531987
12542.50000 0.531919
12543.50977 0.531852
12544.53027 0.531795
12545.54980 0.531739
12546.57031 0.531682
12547.58008 0.531625
12548.59961 0.531569
12549.62012 0.531512
12550.63965 0.531455
12551.66016 0.531398
12552.66992 0.531342
12553.69043 0.531285
12554.70996 0.531228
12555.73047 0.531171
12556.75000 0.531115
12557.76953 0.531058
12558.78027 0.531001
12559.79980 0.530944
12560.82031 0.530924
12561.83984 0.530912
12562.86035 0.5309
12563.87988 0.530909
12564.90039 0.530945
12565.91992 0.530981
12566.94043 0.531017
12567.95996 0.531052
12568.98047 0.531088
12570.00000 0.531124
12571.01953 0.531114
12572.04004 0.531105
12573.05957 0.531095
12574.08008 0.531086
12575.09961 0.531076
12576.12012 0.531067
12577.13965 0.531057
12578.16016 0.531048
12579.17969 0.531039
12580.20020 0.531029
12581.21973 0.531019
12582.24023 0.53101
12583.25977 0.531001
12584.28027 0.531076
12585.29980 0.53117
12586.32031 0.531264
12587.33984 0.531358
12588.36035 0.531452
12589.37988 0.531546
12590.41016 0.53164
12591.42969 0.531734
12592.45020 0.531828
12593.46973 0.531922
12594.49023 0.532016
12595.50977 0.532111
12596.54004 0.532204
12597.55957 0.532299
12598.58008 0.532393
12599.59961 0.532487
12600.62012 0.532607
12601.65039 0.532744
12602.66992 0.532882
12603.69043 0.533017
12604.70996 0.533146
12605.74023 0.533275
12606.75977 0.533404
12607.78027 0.533533
12608.79980 0.533662
12609.83008 0.533791
12610.84961 0.533883
12611.87012 0.533966
12612.90039 0.53405
12613.91992 0.534133
12614.94043 0.534217
12615.95996 0.534301
12616.99023 0.534384
12618.00977 0.534468
12619.04004 0.534552
12620.05957 0.534635
12621.08008 0.534719
12622.11035 0.534803
12623.12988 0.534886
12624.15039 0.534997
12625.17969 0.53512
12626.20020 0.535243
12627.23047 0.535366
12628.25000 0.535489
12629.28027 0.535613
12630.29980 0.535736
12631.33008 0.535859
12632.34961 0.535982
12633.37012 0.536105
12634.40039 0.536228
12635.41992 0.536351
12636.45020 0.536474
12637.46973 0.536598
12638.50000 0.536721
12639.53027 0.536844
12640.54980 0.536992
12641.58008 0.537161
12642.59961 0.53733
12643.62988 0.537504
12644.65039 0.537698
12645.67969 0.537893
12646.70020 0.538088
12647.73047 0.538282
12648.75977 0.538477
12649.78027 0.538672
12650.80957 0.538831
12651.83008 0.53898
12652.86035 0.539128
12653.88965 0.539277
12654.91016 0.539426
12655.94043 0.539575
12656.96973 0.539724
12657.99023 0.539873
12659.01953 0.540022
12660.04980 0.540171
12661.08008 0.54032
12662.09961 0.540469
12663.12988 0.540618
12664.16016 0.540746
12665.17969 0.540864
12666.20996 0.540982
12667.24023 0.5411
12668.26953 0.541219
12669.29004 0.541336
12670.32031 0.541454
12671.34961 0.541573
12672.37988 0.541691
12673.41016 0.541809
12674.42969 0.541927
12675.45996 0.542045
12676.49023 0.542163
12677.51953 0.542281
12678.54980 0.5424
12679.58008 0.542518
12680.59961 0.542663
12681.62988 0.542828
12682.66016 0.542993
12683.69043 0.543152
12684.71973 0.543291
12685.75000 0.543431
12686.78027 0.54357
12687.80957 0.54371
12688.83984 0.543849
12689.87012 0.543989
12690.88965 0.544088
12691.91992 0.544181
12692.95020 0.544274
12693.98047 0.544367
12695.00977 0.54446
12696.04004 0.544553
12697.07031 0.544646
12698.09961 0.544739
12699.12988 0.544832
12700.16016 0.544925
12701.19043 0.545018
12702.21973 0.545111
12703.25000 0.545204
12704.29004 0.545237
12705.32031 0.545253
12706.34961 0.54527
12707.37988 0.545286
12708.41016 0.545303
12709.44043 0.545319
12710.46973 0.545336
12711.50000 0.545353
12712.53027 0.545369
12713.55957 0.545385
12714.58984 0.545402
12715.62988 0.545419
12716.66016 0.545435
12717.69043 0.545452
12718.71973 0.545468
12719.75000 0.545485
12720.78027 0.545537
12721.82031 0.5456
12722.84961 0.545664
12723.87988 0.545721
12724.91016 0.545771
12725.95020 0.54582
12726.98047 0.545869
12728.00977 0.545918
12729.04004 0.545968
12730.08008 0.546014
12731.11035 0.546016
12732.13965 0.546018
12733.16992 0.54602
12734.20996 0.546023
12735.24023 0.546025
12736.26953 0.546027
12737.30957 0.54603
12738.33984 0.546032
12739.37012 0.546034
12740.41016 0.546037
12741.44043 0.546039
12742.46973 0.546042
12743.50977 0.546042
12744.54004 0.545939
12745.57031 0.545836
12746.61035 0.545733
12747.63965 0.54563
12748.67969 0.545527
12749.70996 0.545423
12750.75000 0.54532
12751.78027 0.545217
12752.80957 0.545114
12753.84961 0.545011
12754.87988 0.544908
12755.91992 0.544805
12756.95020 0.544701
12757.99023 0.544598
12759.01953 0.544495
12760.05957 0.544392
12761.08984 0.544289
12762.12988 0.544185
12763.16016 0.544082
12764.20020 0.543989
12765.23047 0.5439
12766.26953 0.54381
12767.29980 0.543722
12768.33984 0.543632
12769.37988 0.543543
12770.41016 0.543473
12771.45020 0.543431
12772.48047 0.543389
12773.51953 0.543346
12774.55957 0.543304
12775.58984 0.543262
12776.62988 0.543219
12777.66992 0.543177
12778.70020 0.543134
12779.74023 0.543092
12780.78027 0.543014
12781.80957 0.542925
12782.84961 0.542836
12783.88965 0.542756
12784.91992 0.542693
12785.95996 0.542629
12787.00000 0.542566
12788.04004 0.542502
12789.07031 0.542439
12790.11035 0.542375
12791.15039 0.542311
12792.19043 0.542248
12793.21973 0.542184
12794.25977 0.542121
12795.29980 0.542057
12796.33984 0.541994
12797.37012 0.54193
12798.41016 0.541866
12799.45020 0.541803
12800.49023 0.541735
12801.53027 0.541662
12802.57031 0.541589
12803.59961 0.541522
12804.63965 0.541512
12805.67969 0.541502
12806.71973 0.541492
12807.75977 0.541482
12808.79980 0.541473
12809.83984 0.541463
12810.87988 0.541492
12811.91992 0.541529
12812.95996 0.541566
12814.00000 0.541603
12815.04004 0.54164
12816.07031 0.541676
12817.11035 0.541713
12818.15039 0.54175
12819.19043 0.541787
12820.23047 0.541813
12821.26953 0.541803
12822.30957 0.541793
12823.34961 0.541783
12824.38965 0.541771
12825.42969 0.541758
12826.46973 0.541745
12827.51953 0.541732
12828.55957 0.54172
12829.59961 0.541707
12830.63965 0.541694
12831.67969 0.541681
12832.71973 0.541668
12833.75977 0.541655
12834.79980 0.541643
12835.83984 0.54163
12836.87988 0.541617
12837.91992 0.541604
12838.96973 0.541592
12840.00977 0.541579
12841.04980 0.541566
12842.08984 0.541553
12843.12988 0.54154
12844.16992 0.541582
12845.21973 0.541656
12846.25977 0.541729
12847.29980 0.541803
12848.33984 0.541876
12849.38965 0.54195
12850.42969 0.542042
12851.46973 0.542163
12852.50977 0.542283
12853.55957 0.542404
12854.59961 0.542524
12855.63965 0.542645
12856.67969 0.542765
12857.73047 0.542886
12858.76953 0.543006
12859.80957 0.543127
12860.86035 0.543209
12861.90039 0.543283
12862.94043 0.543356
12863.99023 0.543438
12865.03027 0.543529
12866.07031 0.54362
12867.12012 0.54371
12868.16016 0.543802
12869.20996 0.543892
12870.25000 0.543983
12871.29004 0.544074
12872.33984 0.544165
12873.37988 0.544256
12874.42969 0.544347
12875.46973 0.544438
12876.50977 0.544529
12877.55957 0.54462
12878.59961 0.544712
12879.65039 0.544802
12880.69043 0.544893
12881.74023 0.544984
12882.78027 0.545076
12883.83008 0.545167
12884.87012 0.545258
12885.91992 0.545349
12886.95996 0.54544
12888.00977 0.545531
12889.05957 0.545622
12890.09961 0.545718
12891.15039 0.545856
12892.19043 0.545995
12893.24023 0.546133
12894.28027 0.546272
12895.33008 0.54641
12896.37988 0.546549
12897.41992 0.546687
12898.46973 0.546826
12899.51953 0.546965
12900.55957 0.547078
12901.61035 0.547169
12902.65039 0.54726
12903.70020 0.547348
12904.75000 0.547416
12905.79004 0.547484
12906.83984 0.547552
12907.88965 0.54762
12908.94043 0.547688
12909.98047 0.547756
12911.03027 0.547825
12912.08008 0.547893
12913.12988 0.547961
12914.16992 0.548029
12915.21973 0.548097
12916.26953 0.548165
12917.32031 0.548234
12918.36035 0.548302
12919.41016 0.54837
12920.45996 0.548438
12921.50977 0.548506
12922.55957 0.548574
12923.59961 0.548638
12924.65039 0.548643
12925.70020 0.548647
12926.75000 0.548651
12927.79980 0.548656
12928.84961 0.54866
12929.90039 0.548665
12930.95020 0.548712
12931.99023 0.548764
12933.04004 0.548816
12934.08984 0.548868
12935.13965 0.548921
12936.19043 0.548973
12937.24023 0.549025
12938.29004 0.549077
12939.33984 0.549129
12940.38965 0.549164
12941.44043 0.549168
12942.49023 0.549172
12943.54004 0.549177
12944.58984 0.549184
12945.63965 0.549191
12946.69043 0.549199
12947.74023 0.549206
12948.79004 0.549213
12949.83984 0.549221
12950.88965 0.549228
12951.94043 0.549235
12952.99023 0.549243
12954.04004 0.54925
12955.08984 0.549257
12956.13965 0.549265
12957.20020 0.549272
12958.25000 0.549279
12959.29980 0.549287
12960.34961 0.549294
12961.40039 0.549301
12962.45020 0.549309
12963.50000 0.549316
12964.55957 0.549242
12965.61035 0.549165
12966.66016 0.549088
12967.70996 0.549011
12968.75977 0.548934
12969.80957 0.548857
12970.87012 0.548779
12971.91992 0.548702
12972.96973 0.548625
12974.01953 0.548548
12975.08008 0.548471
12976.12988 0.548394
12977.17969 0.548317
12978.23047 0.54824
12979.29004 0.548162
12980.33984 0.548101
12981.38965 0.548071
12982.45020 0.548042
12983.50000 0.548013
12984.54980 0.548005
12985.61035 0.547999
12986.66016 0.547993
12987.70996 0.547987
12988.76953 0.547981
12989.82031 0.547975
12990.87012 0.547929
12991.92969 0.547875
12992.98047 0.547821
12994.04004 0.547767
12995.08984 0.547713
12996.13965 0.547659
12997.20020 0.547605
12998.25000 0.547551
12999.30957 0.547497
13000.36035 0.54745
13001.41992 0.547415
13002.46973 0.547381
13003.53027 0.547347
13004.58008 0.547227
13005.63965 0.547105
13006.69043 0.546983
13007.75000 0.546861
13008.79980 0.546739
13009.86035 0.546617
13010.91016 0.546495
13011.96973 0.546373
13013.01953 0.54625
13014.08008 0.546128
13015.12988 0.546006
13016.19043 0.545884
13017.25000 0.545762
13018.29980 0.54564
13019.36035 0.545517
13020.41016 0.545413
13021.46973 0.545339
13022.53027 0.545264
13023.58008 0.545192
13024.63965 0.545222
13025.70020 0.545253
13026.75000 0.545284
13027.80957 0.545314
13028.87012 0.545345
13029.91992 0.545376
13030.98047 0.545362
13032.04004 0.545345
13033.08984 0.545328
13034.15039 0.545311
13035.20996 0.545294
13036.26953 0.545277
13037.32031 0.54526
13038.37988 0.545243
13039.44043 0.545226
13040.50000 0.545209
13041.55957 0.545192
13042.61035 0.545175
13043.66992 0.545157
13044.73047 0.545125
13045.79004 0.545093
13046.84961 0.545061
13047.90039 0.54503
13048.95996 0.544998
13050.01953 0.544966
13051.08008 0.544935
13052.13965 0.544903
13053.20020 0.544871
13054.25977 0.544839
13055.32031 0.544808
13056.37988 0.544776
13057.42969 0.544744
13058.49023 0.544712
13059.54980 0.544681
13060.61035 0.544649
13061.66992 0.544617
13062.73047 0.544585
13063.79004 0.544567
13064.84961 0.544603
13065.91016 0.544639
13066.96973 0.544675
13068.03027 0.544711
13069.08984 0.544747
13070.15039 0.544789
13071.20996 0.544873
13072.26953 0.544957
13073.33008 0.545041
13074.38965 0.545124
13075.45020 0.545208
13076.50977 0.545292
13077.57031 0.545375
13078.62988 0.545459
13079.70020 0.545543
13080.75977 0.545593
13081.82031 0.545628
13082.87988 0.545665
13083.94043 0.54569
13085.00000 0.545697
13086.05957 0.545704
13087.12012 0.54571
13088.19043 0.545717
13089.25000 0.545723
13090.30957 0.545729
13091.37012 0.545736
13092.42969 0.545742
13093.50000 0.545749
13094.55957 0.545755
13095.62012 0.545762
13096.67969 0.545768
13097.75000 0.545775
13098.80957 0.545781
13099.87012 0.545788
13100.92969 0.545794
13102.00000 0.545801
13103.05957 0.545807
13104.12012 0.545854
13105.19043 0.545941
13106.25000 0.546027
13107.30957 0.546113
13108.37988 0.5462
13109.44043 0.546286
13110.50000 0.546373
13111.57031 0.546459
13112.62988 0.546545
13113.69043 0.546632
13114.75977 0.546718
13115.82031 0.546805
13116.87988 0.546892
13117.95020 0.546978
13119.00977 0.547064
13120.08008 0.547155
13121.13965 0.547289
13122.20996 0.547424
13123.26953 0.547559
13124.33008 0.547666
13125.40039 0.547763
13126.45996 0.547859
13127.53027 0.547955
13128.58984 0.548051
13129.66016 0.548148
13130.71973 0.548211
13131.79004 0.548259
13132.84961 0.548307
13133.91992 0.548355
13134.99023 0.548404
13136.04980 0.548452
13137.12012 0.5485
13138.17969 0.548548
13139.25000 0.548596
13140.30957 0.548645
13141.37988 0.548693
13142.45020 0.548741
13143.50977 0.548789
13144.58008 0.548807
13145.63965 0.548822
13146.70996 0.548838
13147.78027 0.548854
13148.83984 0.548869
13149.91016 0.548885
13150.98047 0.5489
13152.04004 0.548916
13153.11035 0.548931
13154.17969 0.548947
13155.25000 0.548962
13156.30957 0.548978
13157.37988 0.548993
13158.45020 0.549009
13159.50977 0.549024
13160.58008 0.549066
13161.65039 0.54913
13162.71973 0.549194
13163.79004 0.549261
13164.84961 0.549343
13165.91992 0.549425
13166.99023 0.549506
13168.05957 0.549588
13169.12988 0.54967
13170.19043 0.549743
13171.25977 0.549777
13172.33008 0.54981
13173.40039 0.549844
13174.46973 0.549877
13175.54004 0.549911
13176.61035 0.549944
13177.66992 0.549978
13178.74023 0.550011
13179.80957 0.550045
13180.87988 0.550078
13181.95020 0.550112
13183.01953 0.550145
13184.08984 0.550173
13185.16016 0.550195
13186.23047 0.550216
13187.29980 0.550238
13188.37012 0.550259
13189.44043 0.550281
13190.50977 0.550303
13191.58008 0.550324
13192.65039 0.550346
13193.71973 0.550367
13194.79004 0.550389
13195.86035 0.55041
13196.92969 0.550432
13198.00000 0.550454
13199.07031 0.550475
13200.13965 0.550495
13201.20996 0.550504
13202.28027 0.550514
13203.34961 0.550523
13204.42969 0.550548
13205.50000 0.550579
13206.57031 0.550609
13207.63965 0.550639
13208.70996 0.55067
13209.78027 0.5507
13210.84961 0.550769
13211.92969 0.550848
13213.00000 0.550927
13214.07031 0.551006
13215.13965 0.551085
13216.20996 0.551164
13217.29004 0.551243
13218.36035 0.551322
13219.42969 0.551401
13220.50000 0.551457
13221.58008 0.551488
13222.65039 0.551518
13223.71973 0.551547
13224.79004 0.551559
13225.87012 0.551571
13226.94043 0.551584
13228.00977 0.551596
13229.08008 0.551608
13230.16016 0.551621
13231.23047 0.551633
13232.29980 0.551645
13233.37988 0.551658
13234.45020 0.55167
13235.53027 0.551682
13236.59961 0.551695
13237.66992 0.551707
13238.75000 0.551719
13239.82031 0.551732
13240.88965 0.551744
13241.96973 0.551757
13243.04004 0.551769
13244.12012 0.551794
13245.19043 0.551833
13246.26953 0.551873
13247.33984 0.551912
13248.41992 0.551952
13249.49023 0.551991
13250.57031 0.55203
13251.63965 0.55207
13252.70996 0.552109
13253.79004 0.552149
13254.87012 0.552188
13255.94043 0.552228
13257.01953 0.552268
13258.08984 0.552307
13259.16992 0.552346
13260.24023 0.552386
13261.32031 0.552425
13262.38965 0.552465
13263.46973 0.552504
13264.54980 0.552575
13265.62012 0.552651
13266.70020 0.552726
13267.76953 0.552802
13268.84961 0.552878
13269.92969 0.552953
13271.00000 0.553075
13272.08008 0.5532
13273.16016 0.553324
13274.23047 0.553449
13275.30957 0.553574
13276.38965 0.553699
13277.45996 0.553824
13278.54004 0.553949
13279.62012 0.554074
13280.70020 0.554167
13281.76953 0.554243
13282.84961 0.554319
13283.92969 0.554384
13285.00977 0.55442
13286.08008 0.554457
13287.16016 0.554494
13288.24023 0.55453
13289.32031 0.554567
13290.40039 0.554604
13291.46973 0.55464
13292.54980 0.554677
13293.62988 0.554713
13294.70996 0.55475
13295.79004 0.554787
13296.87012 0.554824
13297.94043 0.55486
13299.01953 0.554897
13300.09961 0.554933
13301.17969 0.55497
13302.25977 0.555007
13303.33984 0.555043
13304.41992 0.555043
13305.50000 0.555028
13306.58008 0.555013
13307.66016 0.554998
13308.74023 0.554984
13309.82031 0.554969
13310.88965 0.554954
13311.96973 0.55494
13313.04980 0.554925
13314.12988 0.55491
13315.20996 0.554895
13316.29004 0.55488
13317.37012 0.554866
13318.45996 0.554851
