threeML/data/optical_filters/HST/WFC3_UVIS2-F850LP.ecsv
# %ECSV 0.9
# ---
# datatype:
# - {name: wavelength, unit: Angstrom, datatype: float32}
# - {name: response, datatype: float32}
# meta: !!omap
# - {band_name: F850LP}
# - {group_name: WFC3_UVIS2}
wavelength response
[from data line 805]
9422.40723 0.071824
9424.01953 0.071674
9425.63184 0.071524
9427.24414 0.071375
9428.85742 0.071225
9430.47070 0.071077
9432.08398 0.070935
9433.69727 0.070796
9435.31152 0.070657
9436.92578 0.070519
9438.54102 0.07038
9440.15527 0.070241
9441.77148 0.070102
9443.38574 0.069965
9445.00195 0.069828
9446.61816 0.069691
9448.23438 0.069554
9449.85059 0.069416
9451.46777 0.069279
9453.08496 0.069135
9454.70215 0.068977
9456.31934 0.068819
9457.93848 0.068661
9459.55566 0.068502
9461.17383 0.068344
9462.79297 0.06819
9464.41211 0.068066
9466.03125 0.067942
9467.65137 0.067818
9469.27148 0.067694
9470.89062 0.067569
9472.51172 0.067445
9474.13184 0.067297
9475.75293 0.067147
9477.37402 0.066998
9478.99609 0.066848
9480.61719 0.066698
9482.23926 0.066548
9483.86230 0.066399
9485.48438 0.06625
9487.10742 0.0661
9488.73047 0.065951
9490.35352 0.065801
9491.97754 0.065652
9493.60156 0.065505
9495.22656 0.065361
9496.85059 0.065216
9498.47559 0.065071
9500.10059 0.064929
9501.72656 0.064819
9503.35156 0.064708
9504.97754 0.064595
9506.60352 0.064481
9508.23047 0.064368
9509.85742 0.064254
9511.48438 0.06414
9513.11230 0.064025
9514.73926 0.063908
9516.36719 0.063791
9517.99609 0.063673
9519.62402 0.063556
9521.25293 0.063438
9522.88184 0.063323
9524.51172 0.063223
9526.14062 0.063123
9527.77148 0.063022
9529.40137 0.062922
9531.03125 0.062821
9532.66211 0.06272
9534.29297 0.0626
9535.92480 0.06248
9537.55566 0.062361
9539.18848 0.062241
9540.81934 0.062121
9542.45215 0.062001
9544.08496 0.061888
9545.71777 0.061776
9547.35059 0.061664
9548.98438 0.061552
9550.61816 0.06144
9552.25195 0.061328
9553.88672 0.061212
9555.52148 0.061095
9557.15625 0.060978
9558.79102 0.060862
9560.42676 0.060745
9562.06152 0.060627
9563.69824 0.060512
9565.33496 0.060396
9566.97168 0.060281
9568.60840 0.060166
9570.24512 0.06005
9571.88281 0.059934
9573.52148 0.059816
9575.15820 0.059695
9576.79688 0.059574
9578.43555 0.059453
9580.07422 0.059332
9581.71289 0.059211
9583.35254 0.059094
9584.99219 0.058982
9586.63184 0.058871
9588.27246 0.05876
9589.91309 0.058648
9591.55371 0.058536
9593.19434 0.058422
9594.83594 0.058303
9596.47754 0.058184
9598.12012 0.058064
9599.76172 0.057945
9601.40430 0.057831
9603.04688 0.057717
9604.69043 0.057598
9606.33301 0.057479
9607.97656 0.057361
9609.62109 0.057242
9611.26465 0.057108
9612.90918 0.056971
9614.55371 0.056842
9616.19922 0.056713
9617.84473 0.056584
9619.49023 0.056455
9621.13574 0.056333
9622.78223 0.056212
9624.42871 0.056087
9626.07520 0.055962
9627.72168 0.055837
9629.36914 0.055711
9631.01660 0.055585
9632.66504 0.055459
9634.31152 0.055333
9635.96094 0.055206
9637.60938 0.055079
9639.25879 0.054951
9640.90820 0.054824
9642.55762 0.054697
9644.20703 0.054578
9645.85742 0.05446
9647.50781 0.054341
9649.15820 0.054223
9650.80957 0.054104
9652.45996 0.053986
9654.11230 0.053856
9655.76367 0.053726
9657.41602 0.053595
9659.06836 0.053465
9660.72070 0.053334
9662.37402 0.053203
9664.02637 0.053075
9665.68066 0.052948
9667.33398 0.052821
9668.98828 0.052694
9670.64258 0.052567
9672.29688 0.05244
9673.95215 0.052316
9675.60645 0.052194
9677.26270 0.052072
9678.91797 0.05195
9680.57422 0.051827
9682.23047 0.051705
9683.88672 0.051578
9685.54395 0.051451
9687.20117 0.051323
9688.85840 0.051195
9690.51660 0.051067
9692.17383 0.050939
9693.83203 0.050805
9695.49121 0.050669
9697.14941 0.050533
9698.80859 0.050397
9700.46875 0.05026
9702.12793 0.050124
9703.78809 0.049993
9705.44824 0.049865
9707.10840 0.049736
9708.76953 0.049608
9710.43066 0.049479
9712.09180 0.04935
9713.75391 0.049223
9715.41602 0.049095
9717.07812 0.048968
9718.74023 0.04884
9720.40332 0.048713
9722.06641 0.048585
9723.72852 0.048453
9725.39355 0.048319
9727.05762 0.048185
9728.72168 0.048051
9730.38672 0.047917
9732.05078 0.047783
9733.71582 0.047652
9735.38184 0.047523
9737.04688 0.047394
9738.71289 0.047264
9740.37988 0.047135
9742.04590 0.047005
9743.71289 0.046873
9745.37988 0.04674
9747.04785 0.046607
9748.71484 0.046473
9750.38281 0.04634
9752.05078 0.046206
9753.71973 0.046074
9755.38867 0.045943
9757.05762 0.045811
9758.72656 0.045679
9760.39648 0.045547
9762.06641 0.045415
9763.73730 0.045285
9765.40723 0.045157
9767.07812 0.045028
9768.74902 0.044899
9770.42090 0.04477
9772.09277 0.04464
9773.76465 0.044504
9775.43652 0.044365
9777.10938 0.044225
9778.78223 0.044085
9780.45508 0.043945
9782.12793 0.043805
9783.80176 0.04367
9785.47559 0.043538
9787.15039 0.043405
9788.82520 0.043272
9790.50000 0.043139
9792.17480 0.043006
9793.84961 0.042871
9795.52539 0.042733
9797.20215 0.042596
9798.87793 0.042459
9800.55469 0.04232
9802.23145 0.042179
9803.90820 0.042039
9805.58594 0.041899
9807.26367 0.041759
9808.94141 0.04162
9810.62012 0.04148
9812.29785 0.04134
9813.97754 0.041201
9815.65625 0.041062
9817.33594 0.040923
9819.01562 0.040784
9820.69531 0.040645
9822.37598 0.040506
9824.05566 0.040364
9825.73730 0.040222
9827.41797 0.040079
9829.09961 0.039937
9830.78125 0.039795
9832.46289 0.039655
9834.14648 0.039516
9835.82812 0.039377
9837.51074 0.039238
9839.19434 0.039099
9840.87793 0.03896
9842.56152 0.038821
9844.24512 0.038687
9845.92969 0.038553
9847.61426 0.038419
9849.29883 0.038285
9850.98438 0.03815
9852.66992 0.038016
9854.35547 0.037873
9856.04102 0.03773
9857.72754 0.037587
9859.41406 0.037444
9861.10156 0.0373
9862.78809 0.037157
9864.47559 0.037018
9866.16309 0.036878
9867.85156 0.036737
9869.54004 0.036597
9871.22852 0.036457
9872.91699 0.036316
9874.60645 0.036174
9876.29590 0.036031
9877.98633 0.035888
9879.67578 0.035746
9881.36621 0.035603
9883.05664 0.035461
9884.74805 0.035323
9886.43945 0.035184
9888.13086 0.035046
9889.82227 0.034908
9891.51465 0.034769
9893.20703 0.034629
9894.89941 0.034484
9896.59277 0.03434
9898.28613 0.034196
9899.97852 0.034051
9901.67285 0.033901
9903.36719 0.033749
9905.06152 0.033597
9906.75684 0.033445
9908.45117 0.033294
9910.14648 0.033142
9911.84277 0.032996
9913.53809 0.032852
9915.23438 0.032709
9916.93066 0.032566
9918.62793 0.032423
9920.32422 0.03228
9922.02148 0.032137
9923.71973 0.031992
9925.41699 0.031847
9927.11523 0.031701
9928.81445 0.031556
9930.51270 0.03141
9932.21191 0.031264
9933.91113 0.03112
9935.61035 0.030976
9937.31055 0.030832
9939.01074 0.030687
9940.71191 0.030543
9942.41211 0.030399
9944.11328 0.030256
9945.81445 0.030114
9947.51660 0.029972
9949.21875 0.029829
9950.92090 0.029686
9952.62305 0.029544
9954.32617 0.029396
9956.02930 0.029249
9957.73242 0.029102
9959.43652 0.028954
9961.14062 0.028806
9962.84473 0.028659
9964.54883 0.028514
9966.25391 0.028369
9967.95898 0.028224
9969.66504 0.028078
9971.37012 0.027933
9973.07617 0.027788
9974.78320 0.027644
9976.48926 0.027499
9978.19629 0.027355
9979.90332 0.027211
9981.61133 0.027066
9983.31934 0.026921
9985.02734 0.026774
9986.73535 0.026628
9988.44434 0.026481
9990.15332 0.026334
9991.86230 0.026187
9993.57227 0.02604
9995.28125 0.025892
9996.99219 0.025743
9998.70215 0.025595
10000.41016 0.025459
10002.12012 0.02536
10003.83008 0.025262
10005.54980 0.025164
10007.25977 0.025066
10008.96973 0.024968
10010.67969 0.02487
10012.40039 0.024772
10014.11035 0.024676
10015.82031 0.024581
10017.54004 0.024485
10019.25000 0.024389
10020.95996 0.024293
10022.67969 0.024197
10024.38965 0.024096
10026.11035 0.023995
10027.82031 0.023894
10029.54004 0.023793
10031.25977 0.023689
10032.96973 0.023584
10034.69043 0.023481
10036.41016 0.023378
10038.12012 0.023275
10039.83984 0.023171
10041.55957 0.023072
10043.28027 0.022974
10045.00000 0.022877
10046.70996 0.02278
10048.42969 0.022683
10050.15039 0.022586
10051.87012 0.022489
10053.58984 0.022391
10055.30957 0.02229
10057.03027 0.02219
10058.75000 0.022089
10060.46973 0.021989
10062.19043 0.021889
10063.91992 0.02179
10065.63965 0.021692
10067.36035 0.021593
10069.08008 0.021495
10070.80957 0.021397
10072.53027 0.021299
10074.25000 0.021201
10075.98047 0.021103
10077.70020 0.021006
10079.41992 0.020908
10081.15039 0.02081
10082.87012 0.020712
10084.59961 0.020613
10086.32031 0.020514
10088.04980 0.020414
10089.78027 0.020315
10091.50000 0.020216
10093.23047 0.020116
10094.95996 0.020016
10096.67969 0.019916
10098.41016 0.019816
10100.13965 0.019716
10101.87012 0.019616
10103.58984 0.019517
10105.32031 0.019417
10107.04980 0.019317
10108.78027 0.019217
10110.50977 0.019117
10112.24023 0.019017
10113.96973 0.018919
10115.70020 0.018821
10117.42969 0.018723
10119.16016 0.018625
10120.88965 0.018525
10122.62988 0.018424
10124.36035 0.018319
10126.08984 0.018215
10127.82031 0.01811
10129.54980 0.018006
10131.29004 0.017904
10133.01953 0.017803
10134.75000 0.017703
10136.49023 0.017603
10138.21973 0.017504
10139.95996 0.017404
10141.69043 0.017304
10143.42969 0.017205
10145.16016 0.017109
10146.90039 0.017013
10148.63965 0.016916
10150.37012 0.01682
10152.11035 0.016723
10153.84961 0.016623
10155.58008 0.01652
10157.32031 0.016417
10159.05957 0.016315
10160.79980 0.016212
10162.54004 0.016109
10164.26953 0.01601
10166.00977 0.015912
10167.75000 0.015814
10169.49023 0.015716
10171.23047 0.015617
10172.96973 0.015519
10174.70996 0.01542
10176.45020 0.01532
10178.19043 0.015221
10179.94043 0.015122
10181.67969 0.015023
10183.41992 0.014923
10185.16016 0.014822
10186.90039 0.014722
10188.65039 0.014622
10190.38965 0.014521
10192.12988 0.014421
10193.87988 0.014321
10195.62012 0.014221
10197.37012 0.014121
10199.11035 0.014021
10200.86035 0.013938
10202.59961 0.013872
10204.34961 0.013806
10206.08984 0.01374
10207.83984 0.013674
10209.58984 0.013608
10211.33008 0.013544
10213.08008 0.01348
10214.83008 0.013416
10216.58008 0.013351
10218.32031 0.013286
10220.07031 0.013221
10221.82031 0.013157
10223.57031 0.013093
10225.32031 0.013029
10227.07031 0.012966
10228.82031 0.012902
10230.57031 0.012839
10232.32031 0.012776
10234.07031 0.012712
10235.82031 0.012648
10237.57031 0.012585
10239.32031 0.012521
10241.07031 0.012457
10242.83008 0.012393
10244.58008 0.012329
10246.33008 0.012265
10248.08008 0.012202
10249.83984 0.012138
10251.58984 0.012074
10253.34961 0.01201
10255.09961 0.011948
10256.84961 0.011885
10258.61035 0.011823
10260.36035 0.01176
10262.12012 0.011697
10263.87988 0.011634
10265.62988 0.011569
10267.38965 0.011504
10269.15039 0.01144
10270.90039 0.011374
10272.66016 0.011307
10274.41992 0.011241
10276.16992 0.011174
10277.92969 0.011108
10279.69043 0.011041
10281.45020 0.010977
10283.20996 0.010913
10284.96973 0.01085
10286.73047 0.010786
10288.49023 0.010723
10290.25000 0.01066
10292.00977 0.010597
10293.76953 0.010533
10295.53027 0.010469
10297.29004 0.010405
10299.04980 0.01034
10300.82031 0.010276
10302.58008 0.010212
10304.33984 0.010147
10306.11035 0.010083
10307.87012 0.010019
10309.62988 0.009955
10311.40039 0.009891
10313.16016 0.009827
10314.91992 0.009763
10316.69043 0.009699
10318.45996 0.009636
10320.21973 0.009572
10321.99023 0.009508
10323.75000 0.009445
10325.51953 0.009381
10327.29004 0.009318
10329.04980 0.009255
10330.82031 0.009191
10332.58984 0.009128
10334.34961 0.009064
10336.12012 0.009001
10337.88965 0.008937
10339.66016 0.008874
10341.42969 0.008809
10343.20020 0.008744
10344.96973 0.008677
10346.74023 0.00861
10348.50977 0.008543
10350.28027 0.008477
10352.04980 0.008412
10353.82031 0.008348
10355.58984 0.008285
10357.36035 0.008222
10359.13965 0.008158
10360.91016 0.008095
10362.67969 0.008032
10364.45020 0.007968
10366.23047 0.007904
10368.00000 0.00784
10369.78027 0.007776
10371.54980 0.007712
10373.32031 0.007648
10375.09961 0.007585
10376.87012 0.007522
10378.65039 0.007459
10380.41992 0.007396
10382.20020 0.007333
10383.98047 0.007269
10385.75000 0.007204
10387.53027 0.00714
10389.30957 0.007076
10391.08984 0.007012
10392.86035 0.006947
10394.63965 0.006883
10396.41992 0.006819
10398.20020 0.006755
10399.98047 0.00669
10401.75977 0.006656
10403.54004 0.006622
10405.32031 0.006588
10407.09961 0.006555
10408.87988 0.006521
10410.66016 0.006488
10412.44043 0.006456
10414.21973 0.006424
10416.00000 0.006391
10417.79004 0.006359
10419.57031 0.006327
10421.34961 0.006294
10423.12988 0.006262
10424.91992 0.00623
10426.70020 0.006198
10428.48047 0.006166
10430.26953 0.006135
10432.04980 0.006103
10433.83984 0.006071
10435.62012 0.006038
10437.41016 0.006006
10439.19043 0.005974
10440.98047 0.005941
10442.76953 0.005909
10444.54980 0.005877
10446.33984 0.005845
10448.12988 0.005812
10449.91992 0.00578
10451.70020 0.005747
10453.49023 0.005713
10455.28027 0.00568
10457.07031 0.005646
10458.86035 0.005612
10460.65039 0.005579
10462.44043 0.005547
10464.23047 0.005515
10466.01953 0.005482
10467.80957 0.00545
10469.59961 0.005418
10471.38965 0.005385
10473.17969 0.005353
10474.96973 0.005321
10476.76953 0.005288
10478.55957 0.005256
10480.34961 0.005223
10482.15039 0.005191
10483.94043 0.005159
10485.73047 0.005127
10487.53027 0.005096
10489.32031 0.005064
10491.12012 0.005032
10492.91016 0.005
10494.70996 0.004968
10496.50000 0.004936
10498.29980 0.004903
10500.08984 0.004871
10501.88965 0.004838
10503.69043 0.004804
10505.48047 0.004771
10507.28027 0.004738
10509.08008 0.004704
10510.87988 0.004672
10512.67969 0.004639
10514.46973 0.004607
10516.26953 0.004575
10518.07031 0.004542
10519.87012 0.00451
10521.66992 0.004478
10523.46973 0.004446
10525.26953 0.004414
10527.07031 0.004382
10528.87988 0.00435
10530.67969 0.004319
10532.48047 0.004287
10534.28027 0.004255
10536.08008 0.004222
10537.87988 0.00419
10539.69043 0.004158
10541.49023 0.004125
10543.29004 0.004093
10545.09961 0.004061
10546.90039 0.004029
10548.70996 0.003997
10550.50977 0.003965
10552.32031 0.003932
10554.12012 0.003899
10555.92969 0.003866
10557.73047 0.003833
10559.54004 0.0038
10561.34961 0.003768
10563.15039 0.003736
10564.95996 0.003704
10566.76953 0.003672
10568.58008 0.00364
10570.38965 0.003608
10572.19043 0.003576
10574.00000 0.003544
10575.80957 0.003512
10577.62012 0.003479
10579.42969 0.003447
10581.24023 0.003415
10583.04980 0.003383
10584.86035 0.003351
10586.66992 0.003319
10588.49023 0.003287
10590.29980 0.003255
10592.11035 0.003222
10593.91992 0.00319
10595.73047 0.003158
10597.54980 0.003127
10599.36035 0.003095
10601.16992 0.003075
10602.99023 0.003061
10604.79980 0.003048
10606.62012 0.003035
10608.42969 0.003021
10610.25000 0.003008
10612.05957 0.002995
10613.87988 0.002982
10615.69043 0.00297
10617.50977 0.002957
10619.33008 0.002944
10621.13965 0.002932
10622.95996 0.002919
10624.78027 0.002906
10626.58984 0.002893
10628.41016 0.00288
10630.23047 0.002868
10632.04980 0.002855
10633.87012 0.002842
10635.69043 0.00283
10637.50977 0.002817
10639.33008 0.002804
10641.15039 0.002792
10642.96973 0.002778
10644.79004 0.002765
10646.61035 0.002752
10648.42969 0.002739
10650.25000 0.002725
10652.08008 0.002713
10653.90039 0.0027
10655.71973 0.002687
10657.54004 0.002674
10659.37012 0.002661
10661.19043 0.002648
10663.01953 0.002636
10664.83984 0.002623
10666.66992 0.00261
10668.49023 0.002598
10670.32031 0.002585
10672.13965 0.002573
10673.96973 0.00256
10675.79004 0.002547
10677.62012 0.002535
10679.45020 0.002522
10681.26953 0.002509
10683.09961 0.002497
10684.92969 0.002484
10686.75977 0.002471
10688.58984 0.002459
10690.41992 0.002446
10692.24023 0.002433
10694.07031 0.00242
10695.90039 0.002406
10697.73047 0.002393
10699.55957 0.00238
10701.38965 0.002367
10703.23047 0.002355
10705.05957 0.002342
10706.88965 0.002329
10708.71973 0.002317
10710.54980 0.002304
10712.37988 0.002291
10714.21973 0.002279
10716.04980 0.002266
10717.87988 0.002253
10719.71973 0.002241
10721.54980 0.002228
10723.38965 0.002215
10725.21973 0.002203
10727.05957 0.00219
10728.88965 0.002178
10730.73047 0.002165
10732.55957 0.002152
10734.40039 0.002139
10736.24023 0.002126
10738.07031 0.002113
10739.91016 0.0021
10741.75000 0.002087
10743.58984 0.002075
10745.41992 0.002062
10747.25977 0.00205
10749.09961 0.002037
10750.94043 0.002024
10752.78027 0.002012
10754.62012 0.001999
10756.45996 0.001987
10758.29980 0.001974
10760.13965 0.001961
10761.98047 0.001949
10763.82031 0.001936
10765.66016 0.001924
10767.50977 0.001911
10769.34961 0.001899
