threeML/data/optical_filters/HST/WFC3_UVIS2-F600LP.ecsv
# %ECSV 0.9
# ---
# datatype:
# - {name: wavelength, unit: Angstrom, datatype: float32}
# - {name: response, datatype: float32}
# meta: !!omap
# - {band_name: F600LP}
# - {group_name: WFC3_UVIS2}
wavelength response
[from data line 806]
6750.23682 0.276323
6751.39209 0.27622
6752.54590 0.276118
6753.70215 0.276016
6754.85693 0.275913
6756.01221 0.275811
6757.16797 0.275709
6758.32422 0.275607
6759.47998 0.275505
6760.63623 0.275418
6761.79297 0.275343
6762.95020 0.275265
6764.10596 0.275187
6765.26416 0.275109
6766.42090 0.275031
6767.57812 0.274953
6768.73584 0.274875
6769.89404 0.274797
6771.05176 0.274719
6772.20996 0.27464
6773.36914 0.274562
6774.52686 0.274484
6775.68604 0.274405
6776.84521 0.274327
6778.00391 0.274249
6779.16406 0.27417
6780.32422 0.274084
6781.48291 0.273978
6782.64404 0.273879
6783.80420 0.273784
6784.96387 0.273688
6786.12500 0.273593
6787.28613 0.273497
6788.44678 0.273402
6789.60791 0.273306
6790.77002 0.273229
6791.93115 0.27316
6793.09277 0.273073
6794.25488 0.272985
6795.41699 0.272898
6796.58008 0.272811
6797.74219 0.272724
6798.90479 0.272637
6800.06787 0.27255
6801.23096 0.272462
6802.39502 0.272381
6803.55908 0.272308
6804.72217 0.272235
6805.88623 0.272162
6807.05078 0.272088
6808.21484 0.272015
6809.37891 0.271942
6810.54395 0.271855
6811.70898 0.271755
6812.87500 0.271646
6814.04004 0.271537
6815.20605 0.271427
6816.37207 0.271318
6817.53809 0.271209
6818.70410 0.271099
6819.87012 0.27099
6821.03711 0.270905
6822.20410 0.270823
6823.37109 0.270745
6824.53809 0.270666
6825.70605 0.270587
6826.87305 0.270508
6828.04102 0.270429
6829.20898 0.270351
6830.37695 0.270274
6831.54492 0.270203
6832.71387 0.270125
6833.88281 0.270045
6835.05176 0.269964
6836.22119 0.269884
6837.39111 0.269803
6838.56006 0.269723
6839.72998 0.269642
6840.89990 0.269541
6842.06982 0.269435
6843.24121 0.269339
6844.41113 0.269243
6845.58203 0.269147
6846.75293 0.269051
6847.92383 0.268955
6849.09619 0.268859
6850.26807 0.26877
6851.43896 0.268701
6852.61084 0.268641
6853.78320 0.268586
6854.95605 0.26853
6856.12793 0.268475
6857.30078 0.26842
6858.47412 0.268365
6859.64697 0.26831
6860.82080 0.268236
6861.99512 0.268151
6863.16797 0.268052
6864.34180 0.267954
6865.51709 0.267854
6866.69092 0.267755
6867.86621 0.267656
6869.04102 0.267558
6870.21484 0.267464
6871.39111 0.267392
6872.56592 0.267318
6873.74219 0.267242
6874.91699 0.267166
6876.09424 0.26709
6877.27002 0.267014
6878.44580 0.266939
6879.62305 0.266863
6880.79980 0.266787
6881.97705 0.266712
6883.15381 0.266649
6884.33203 0.266587
6885.50879 0.266524
6886.68701 0.266461
6887.86523 0.266398
6889.04297 0.266336
6890.22217 0.266268
6891.39990 0.266178
6892.58008 0.266075
6893.75781 0.265962
6894.93799 0.265848
6896.11719 0.265735
6897.29688 0.265622
6898.47705 0.265509
6899.65723 0.265396
6900.83691 0.265302
6902.01807 0.265218
6903.19824 0.265147
6904.37891 0.265077
6905.56006 0.265007
6906.74121 0.264937
6907.92285 0.264866
6909.10400 0.264796
6910.28711 0.264726
6911.46924 0.264655
6912.65088 0.264589
6913.83301 0.264524
6915.01611 0.26446
6916.19922 0.264396
6917.38184 0.264331
6918.56494 0.264267
6919.74902 0.264202
6920.93311 0.264117
6922.11719 0.264024
6923.30078 0.263926
6924.48486 0.263828
6925.66895 0.26373
6926.85400 0.263632
6928.03906 0.263534
6929.22412 0.263436
6930.41016 0.263348
6931.59521 0.263277
6932.78076 0.263209
6933.96680 0.263141
6935.15283 0.263074
6936.33887 0.263007
6937.52588 0.262939
6938.71191 0.262872
6939.89893 0.262805
6941.08594 0.262713
6942.27393 0.262621
6943.46094 0.262534
6944.64893 0.262447
6945.83691 0.26236
6947.02490 0.262273
6948.21387 0.262186
6949.40186 0.262098
6950.59082 0.262025
6951.77979 0.261965
6952.96924 0.261884
6954.15918 0.2618
6955.34814 0.261717
6956.53809 0.261633
6957.72803 0.261549
6958.91797 0.261466
6960.10889 0.261382
6961.29883 0.261299
6962.49023 0.261227
6963.68115 0.261167
6964.87305 0.261107
6966.06396 0.261047
6967.25488 0.260988
6968.44678 0.260928
6969.63916 0.260868
6970.83203 0.26079
6972.02393 0.260702
6973.21680 0.260606
6974.41016 0.26051
6975.60303 0.260413
6976.79590 0.260317
6977.98877 0.260221
6979.18311 0.260124
6980.37695 0.260037
6981.57080 0.259968
6982.76514 0.259901
6983.95898 0.259836
6985.15381 0.259771
6986.34912 0.259706
6987.54395 0.259641
6988.74023 0.259576
6989.93506 0.259511
6991.13086 0.259445
6992.32715 0.259379
6993.52295 0.259311
6994.71924 0.259243
6995.91602 0.259175
6997.11182 0.259107
6998.31006 0.259039
6999.50586 0.258971
7000.70410 0.258877
7001.90088 0.258764
7003.09912 0.258648
7004.29688 0.258531
7005.49512 0.258414
7006.69385 0.258297
7007.89209 0.258181
7009.09082 0.258064
7010.29004 0.257954
7011.48877 0.257864
7012.68799 0.257777
7013.88818 0.257691
7015.08789 0.257605
7016.28809 0.257519
7017.48779 0.257433
7018.68896 0.257347
7019.88916 0.257261
7021.08984 0.257151
7022.29102 0.257038
7023.49316 0.256922
7024.69385 0.256806
7025.89600 0.256691
7027.09814 0.256575
7028.29883 0.256459
7029.50195 0.256344
7030.70410 0.256238
7031.90723 0.256138
7033.10986 0.256043
7034.31299 0.255947
7035.51611 0.255852
7036.72021 0.255756
7037.92285 0.255661
7039.12695 0.255565
7040.33203 0.25547
7041.53613 0.255374
7042.74023 0.255283
7043.94482 0.255193
7045.14990 0.255103
7046.35498 0.255013
7047.56104 0.254923
7048.76611 0.254833
7049.97217 0.254744
7051.17822 0.254628
7052.38379 0.254509
7053.58984 0.254389
7054.79688 0.254268
7056.00391 0.254147
7057.21094 0.254027
7058.41797 0.253906
7059.62500 0.253786
7060.83301 0.253684
7062.04102 0.25359
7063.24902 0.253502
7064.45801 0.253413
7065.66602 0.253325
7066.87500 0.253236
7068.08301 0.253148
7069.29199 0.253059
7070.50195 0.25296
7071.71094 0.252845
7072.92090 0.252723
7074.13086 0.2526
7075.34082 0.252476
7076.55078 0.252353
7077.76221 0.25223
7078.97314 0.252107
7080.18408 0.251987
7081.39502 0.251891
7082.60596 0.251796
7083.81689 0.251701
7085.02881 0.251607
7086.24121 0.251512
7087.45410 0.251418
7088.66602 0.251323
7089.87793 0.251229
7091.09082 0.251111
7092.30420 0.25099
7093.51807 0.25087
7094.73096 0.250749
7095.94482 0.250628
7097.15918 0.250508
7098.37305 0.250387
7099.58691 0.250267
7100.80078 0.250164
7102.01611 0.25007
7103.23096 0.249978
7104.44580 0.249886
7105.66113 0.249795
7106.87695 0.249703
7108.09180 0.249611
7109.30908 0.24952
7110.52393 0.249428
7111.74121 0.249336
7112.95801 0.249249
7114.17383 0.249163
7115.39111 0.249077
7116.60791 0.248991
7117.82617 0.248905
7119.04297 0.248818
7120.26123 0.248726
7121.47900 0.248614
7122.69678 0.248497
7123.91602 0.248377
7125.13379 0.248258
7126.35303 0.248138
7127.57178 0.248018
7128.79199 0.247899
7130.01123 0.247779
7131.22998 0.247686
7132.45117 0.247594
7133.66992 0.247502
7134.89111 0.247411
7136.11084 0.247319
7137.33203 0.247228
7138.55322 0.247136
7139.77393 0.247045
7140.99609 0.246932
7142.21680 0.246812
7143.43896 0.246684
7144.66113 0.246557
7145.88281 0.246429
7147.10498 0.246302
7148.32812 0.246174
7149.55078 0.246046
7150.77393 0.245936
7151.99707 0.245835
7153.22119 0.245742
7154.44385 0.245649
7155.66797 0.245556
7156.89209 0.245463
7158.11621 0.24537
7159.34082 0.245277
7160.56494 0.245172
7161.79102 0.245054
7163.01611 0.244941
7164.24121 0.24483
7165.46582 0.244718
7166.69189 0.244607
7167.91797 0.244496
7169.14404 0.244384
7170.37109 0.244281
7171.59717 0.244196
7172.82422 0.244107
7174.05078 0.244017
7175.27783 0.243927
7176.50488 0.243837
7177.73291 0.243747
7178.96094 0.243657
7180.18896 0.243567
7181.41699 0.243477
7182.64600 0.243381
7183.87500 0.24328
7185.10400 0.24318
7186.33301 0.243079
7187.56201 0.242979
7188.79199 0.242878
7190.02100 0.242777
7191.25098 0.242651
7192.48096 0.24253
7193.71094 0.242417
7194.94189 0.242304
7196.17285 0.242191
7197.40381 0.242079
7198.63477 0.241966
7199.86621 0.241853
7201.09814 0.241764
7202.33008 0.241679
7203.56201 0.241601
7204.79395 0.241523
7206.02686 0.241445
7207.25879 0.241366
7208.49219 0.241288
7209.72510 0.24121
7210.95801 0.241111
7212.19189 0.241004
7213.42578 0.24088
7214.66016 0.240756
7215.89404 0.240632
7217.12793 0.240508
7218.36279 0.240384
7219.59814 0.24026
7220.83301 0.240154
7222.06787 0.240057
7223.30322 0.239965
7224.53906 0.239873
7225.77490 0.239781
7227.01123 0.239689
7228.24707 0.239597
7229.48291 0.239506
7230.72021 0.239392
7231.95703 0.239262
7233.19385 0.239141
7234.43213 0.23902
7235.66895 0.238899
7236.90723 0.238779
7238.14502 0.238658
7239.38281 0.238537
7240.62207 0.238429
7241.85986 0.238335
7243.09912 0.238227
7244.33789 0.238118
7245.57715 0.238009
7246.81592 0.2379
7248.05615 0.237791
7249.29590 0.237682
7250.53613 0.237562
7251.77588 0.237428
7253.01709 0.237304
7254.25781 0.237184
7255.49902 0.237063
7256.74023 0.236942
7257.98096 0.236822
7259.22314 0.236701
7260.46387 0.23659
7261.70703 0.236496
7262.94922 0.236398
7264.19092 0.236299
7265.43408 0.2362
7266.67676 0.236101
7267.91895 0.236002
7269.16309 0.235903
7270.40576 0.235805
7271.64990 0.235706
7272.89404 0.235605
7274.13818 0.235503
7275.38184 0.235401
7276.62695 0.2353
7277.87207 0.235198
7279.11719 0.235096
7280.36182 0.234987
7281.60693 0.234859
7282.85303 0.234734
7284.09912 0.23461
7285.34521 0.234485
7286.59082 0.234361
7287.83691 0.234237
7289.08398 0.234112
7290.33105 0.233995
7291.57812 0.233896
7292.82520 0.233796
7294.07324 0.233695
7295.32080 0.233594
7296.56787 0.233493
7297.81689 0.233392
7299.06494 0.233291
7300.31299 0.233184
7301.56299 0.233057
7302.81201 0.232934
7304.06104 0.232813
7305.31006 0.232692
7306.56006 0.23257
7307.81006 0.232449
7309.06006 0.232328
7310.31006 0.232213
7311.56104 0.232118
7312.81201 0.232021
7314.06299 0.231924
7315.31299 0.231827
7316.56494 0.23173
7317.81592 0.231633
7319.06787 0.231536
7320.31982 0.231433
7321.57178 0.23131
7322.82520 0.231183
7324.07812 0.231055
7325.33105 0.230926
7326.58301 0.230797
7327.83691 0.230668
7329.08984 0.23054
7330.34424 0.230418
7331.59814 0.230315
7332.85205 0.230211
7334.10596 0.230106
7335.36084 0.230002
7336.61621 0.229898
7337.87109 0.229793
7339.12598 0.229689
7340.38184 0.229577
7341.63721 0.229447
7342.89307 0.229325
7344.14893 0.229207
7345.40576 0.229088
7346.66211 0.228969
7347.91895 0.228851
7349.17578 0.228732
7350.43311 0.228622
7351.68994 0.228529
7352.94824 0.228426
7354.20605 0.228319
7355.46387 0.228213
7356.72217 0.228106
7357.97998 0.228
7359.23877 0.227893
7360.49805 0.227777
7361.75684 0.227645
7363.01709 0.227526
7364.27588 0.22741
7365.53613 0.227294
7366.79590 0.227179
7368.05615 0.227063
7369.31592 0.226947
7370.57715 0.226843
7371.83789 0.226752
7373.09912 0.226662
7374.35986 0.226571
7375.62207 0.22648
7376.88281 0.226389
7378.14502 0.226299
7379.40723 0.226208
7380.66895 0.226104
7381.93213 0.225988
7383.19482 0.225867
7384.45801 0.225745
7385.72119 0.225624
7386.98389 0.225502
7388.24805 0.225381
7389.51221 0.22526
7390.77588 0.225154
7392.04004 0.225057
7393.30518 0.224958
7394.56885 0.224858
7395.83398 0.224759
7397.10010 0.224659
7398.36523 0.224559
7399.62988 0.22446
7400.89600 0.224343
7402.16211 0.224219
7403.42920 0.224106
7404.69482 0.223992
7405.96094 0.223879
7407.22900 0.223765
7408.49609 0.223652
7409.76318 0.223538
7411.02979 0.223445
7412.29785 0.223354
7413.56592 0.223251
7414.83398 0.223148
7416.10303 0.223045
7417.37109 0.222941
7418.64014 0.222839
7419.90918 0.222736
7421.17920 0.222609
7422.44824 0.222486
7423.71777 0.222371
7424.98779 0.222256
7426.25781 0.222141
7427.52783 0.222027
7428.79883 0.221912
7430.06885 0.221799
7431.33984 0.221724
7432.61182 0.221646
7433.88281 0.221562
7435.15479 0.221479
7436.42676 0.221395
7437.69922 0.221312
7438.97119 0.221228
7440.24414 0.22114
7441.51611 0.221032
7442.78906 0.220925
7444.06201 0.22082
7445.33594 0.220715
7446.60889 0.22061
7447.88281 0.220505
7449.15723 0.220399
7450.43213 0.220303
7451.70605 0.220222
7452.98096 0.220146
7454.25586 0.22007
7455.53076 0.219994
7456.80615 0.219919
7458.08203 0.219843
7459.35693 0.219768
7460.63379 0.219679
7461.91016 0.219579
7463.18604 0.219471
7464.46289 0.219362
7465.74023 0.219253
7467.01709 0.219144
7468.29395 0.219035
7469.57178 0.218926
7470.85010 0.218833
7472.12695 0.21875
7473.40576 0.218683
7474.68408 0.218615
7475.96289 0.218548
7477.24219 0.21848
7478.52100 0.218413
7479.79980 0.218346
7481.08008 0.218258
7482.35889 0.218159
7483.63916 0.218038
7484.91895 0.217917
7486.20020 0.217795
7487.47998 0.217674
7488.76123 0.217553
7490.04199 0.217433
7491.32324 0.217337
7492.60498 0.217248
7493.88721 0.217169
7495.16797 0.21709
7496.45117 0.217011
7497.73291 0.216932
7499.01611 0.216853
7500.29785 0.21676
7501.58203 0.216622
7502.86523 0.216486
7504.14795 0.216351
7505.43213 0.216217
7506.71582 0.216082
7508.00000 0.215947
7509.28418 0.215813
7510.56885 0.21569
7511.85400 0.21558
7513.13916 0.215468
7514.42383 0.215355
7515.70898 0.215242
7516.99512 0.215128
7518.28076 0.215015
7519.56689 0.214902
7520.85303 0.214773
7522.14014 0.214636
7523.42578 0.214493
7524.71289 0.214351
7526.00000 0.214208
7527.28809 0.214066
7528.57617 0.213924
7529.86279 0.213781
7531.15088 0.213661
7532.43994 0.213546
7533.72803 0.213438
7535.01709 0.21333
7536.30615 0.213222
7537.59521 0.213113
7538.88477 0.213005
7540.17383 0.212894
7541.46387 0.212761
7542.75391 0.21263
7544.04395 0.212499
7545.33496 0.212369
7546.62500 0.212238
7547.91699 0.212108
7549.20801 0.211978
7550.49902 0.211857
7551.79102 0.211751
7553.08301 0.211641
7554.37500 0.211531
7555.66699 0.21142
7556.95898 0.211309
7558.25195 0.211199
7559.54492 0.211088
7560.83789 0.210961
7562.13086 0.210826
7563.42480 0.210684
7564.71924 0.210541
7566.01318 0.210399
7567.30713 0.210256
7568.60205 0.210114
7569.89600 0.209972
7571.19092 0.209852
7572.48584 0.209734
7573.78223 0.209618
7575.07715 0.209502
7576.37305 0.209386
7577.66895 0.20927
7578.96484 0.209154
7580.26221 0.209033
7581.55908 0.208892
7582.85498 0.20875
7584.15283 0.208605
7585.45020 0.208461
7586.74805 0.208317
7588.04492 0.208173
7589.34277 0.208029
7590.64209 0.207896
7591.93994 0.207776
7593.23877 0.207676
7594.53809 0.207577
7595.83691 0.207479
7597.13623 0.207381
7598.43604 0.207282
7599.73584 0.207184
7601.03613 0.207067
7602.33594 0.20694
7603.63623 0.206795
7604.93701 0.20665
7606.23779 0.206505
7607.53906 0.20636
7608.83984 0.206215
7610.14209 0.206071
7611.44385 0.205926
7612.74609 0.205787
7614.04785 0.205654
7615.35107 0.205521
7616.65283 0.205388
7617.95605 0.205255
7619.25879 0.205122
7620.56299 0.204999
7621.86621 0.20489
7623.16992 0.204788
7624.47412 0.204687
7625.77783 0.204587
7627.08301 0.204486
7628.38818 0.204385
7629.69189 0.204285
7630.99805 0.204143
7632.30322 0.203987
7633.60889 0.203815
7634.91504 0.203643
7636.22119 0.203471
7637.52686 0.203299
7638.83301 0.203128
7640.14014 0.202958
7641.44678 0.202811
7642.75391 0.202662
7644.06201 0.202512
7645.36914 0.202363
7646.67676 0.202213
7647.98486 0.202063
7649.29297 0.201914
7650.60205 0.201753
7651.91113 0.20158
7653.21924 0.201427
7654.52881 0.201276
7655.83789 0.201126
7657.14697 0.200975
7658.45801 0.200825
7659.76807 0.200674
7661.07812 0.200543
7662.38818 0.200416
7663.69922 0.200287
7665.00977 0.200157
7666.32080 0.200028
7667.63281 0.199899
7668.94385 0.199769
7670.25586 0.199636
7671.56787 0.199483
7672.88086 0.199317
7674.19287 0.19914
7675.50586 0.198964
7676.81885 0.198788
7678.13184 0.198612
7679.44580 0.198436
7680.75879 0.198274
7682.07324 0.198121
7683.38721 0.197977
7684.70215 0.197832
7686.01611 0.197688
7687.33105 0.197544
7688.64600 0.1974
7689.96094 0.197256
7691.27588 0.197089
7692.59180 0.196923
7693.90820 0.196758
7695.22412 0.196593
7696.54102 0.196428
7697.85693 0.196263
7699.17383 0.196099
7700.49121 0.195934
7701.80908 0.195769
7703.12598 0.195615
7704.44287 0.195465
7705.76221 0.195315
7707.08008 0.195164
7708.39795 0.195014
7709.71680 0.194863
7711.03613 0.194731
7712.35400 0.194602
7713.67383 0.194464
7714.99414 0.194327
7716.31299 0.194189
7717.63281 0.194051
7718.95312 0.193914
7720.27393 0.193772
7721.59424 0.193611
7722.91504 0.193451
7724.23584 0.193291
7725.55811 0.193131
7726.87891 0.19297
7728.20117 0.19281
7729.52295 0.19265
7730.84521 0.192505
7732.16699 0.192368
7733.49023 0.192237
7734.81299 0.192106
7736.13623 0.191974
7737.45996 0.191843
7738.78320 0.191712
7740.10693 0.19158
7741.43115 0.191426
7742.75488 0.191265
