threeML/data/optical_filters/HST/WFC3_IR-F160W.ecsv
# %ECSV 0.9
# ---
# datatype:
# - {name: wavelength, unit: Angstrom, datatype: float32}
# - {name: response, datatype: float32}
# meta: !!omap
# - {band_name: F160W}
# - {group_name: WFC3_IR}
wavelength response
12342.81641 0.0
13714.24023 0.000406
13715.34961 0.000415
13716.46973 0.000423
13717.58008 0.000431
13718.69043 0.00044
13719.79980 0.000448
13720.91992 0.000456
13722.03027 0.000465
13723.13965 0.000473
13724.25977 0.000481
13725.37012 0.00049
13726.48047 0.000498
13727.59961 0.000506
13728.70996 0.000515
13729.82031 0.000523
13730.94043 0.000531
13732.04980 0.00054
13733.16992 0.000548
13734.28027 0.000556
13735.38965 0.000565
13736.50977 0.000573
13737.62012 0.000581
13738.74023 0.000589
13739.84961 0.000598
13740.96973 0.000606
13742.08008 0.000614
13743.20020 0.000623
13744.30957 0.000633
13745.42969 0.000644
13746.54004 0.000655
13747.66016 0.000666
13748.76953 0.000678
13749.88965 0.000689
13751.00000 0.0007
13752.12012 0.000711
13753.23047 0.000723
13754.34961 0.000734
13755.45996 0.000745
13756.58008 0.000756
13757.70020 0.000767
13758.80957 0.000779
13759.92969 0.00079
13761.04004 0.000801
13762.16016 0.000812
13763.28027 0.000823
13764.38965 0.000846
13765.50977 0.000878
13766.62988 0.000911
13767.74023 0.000943
13768.86035 0.000975
13769.98047 0.001007
13771.08984 0.001039
13772.20996 0.001071
13773.33008 0.001103
13774.45020 0.001135
13775.55957 0.001167
13776.67969 0.001199
13777.79980 0.001231
13778.91992 0.001263
13780.03027 0.001295
13781.15039 0.001327
13782.26953 0.001359
13783.38965 0.001391
13784.50977 0.001425
13785.62012 0.001459
13786.74023 0.001494
13787.86035 0.001529
13788.98047 0.001564
13790.09961 0.001599
13791.21973 0.001634
13792.33984 0.001669
13793.45996 0.001703
13794.57031 0.001738
13795.69043 0.001773
13796.80957 0.001808
13797.92969 0.001842
13799.04980 0.001877
13800.16992 0.001912
13801.29004 0.001947
13802.41016 0.001982
13803.53027 0.002016
13804.65039 0.002055
13805.76953 0.002095
13806.88965 0.002136
13808.00977 0.002176
13809.12988 0.002216
13810.25000 0.002256
13811.37012 0.002296
13812.49023 0.002336
13813.61035 0.002376
13814.73047 0.002416
13815.84961 0.002456
13816.96973 0.002496
13818.08984 0.002536
13819.20996 0.002576
13820.33008 0.002616
13821.45996 0.002656
13822.58008 0.002696
13823.70020 0.002736
13824.82031 0.002815
13825.94043 0.002896
13827.05957 0.002978
13828.17969 0.003059
13829.30957 0.00314
13830.42969 0.003222
13831.54980 0.003305
13832.66992 0.003388
13833.79004 0.003471
13834.91992 0.003554
13836.04004 0.003637
13837.16016 0.00372
13838.28027 0.003803
13839.41016 0.003886
13840.53027 0.00397
13841.65039 0.004053
13842.78027 0.004136
13843.90039 0.004225
13845.01953 0.004367
13846.13965 0.004509
13847.26953 0.004651
13848.38965 0.004793
13849.50977 0.004935
13850.63965 0.005077
13851.75977 0.00522
13852.87988 0.005363
13854.00977 0.005505
13855.12988 0.005648
13856.25977 0.005792
13857.37988 0.005935
13858.50000 0.006078
13859.62988 0.006221
13860.75000 0.006365
13861.87988 0.006507
13863.00000 0.006651
13864.12988 0.006823
13865.25000 0.007064
13866.37988 0.007305
13867.50000 0.007546
13868.62988 0.007787
13869.75000 0.008029
13870.87988 0.00827
13872.00000 0.008512
13873.12988 0.008754
13874.25000 0.008996
13875.37988 0.009238
13876.50000 0.00948
13877.62988 0.009722
13878.75000 0.009965
13879.87988 0.010207
13881.00977 0.01045
13882.12988 0.010693
13883.25977 0.010936
13884.38965 0.011268
13885.50977 0.01168
13886.63965 0.012093
13887.75977 0.012506
13888.88965 0.01292
13890.01953 0.013333
13891.13965 0.013747
13892.26953 0.014161
13893.40039 0.014575
13894.53027 0.014989
13895.65039 0.015404
13896.78027 0.015819
13897.91016 0.016234
13899.04004 0.01665
13900.16016 0.017065
13901.29004 0.017481
13902.41992 0.017897
13903.54980 0.018313
13904.66992 0.019012
13905.79980 0.019794
13906.92969 0.020576
13908.05957 0.021358
13909.19043 0.022141
13910.30957 0.022924
13911.44043 0.023708
13912.57031 0.024492
13913.70020 0.025277
13914.83008 0.026062
13915.95996 0.026847
13917.08984 0.027633
13918.21973 0.02842
13919.33984 0.029206
13920.46973 0.029993
13921.59961 0.03078
13922.73047 0.031568
13923.86035 0.032403
13924.99023 0.034133
13926.12012 0.035863
13927.25000 0.037594
13928.37988 0.039325
13929.50977 0.04106
13930.63965 0.042793
13931.76953 0.044528
13932.90039 0.046263
13934.03027 0.048001
13935.16016 0.049737
13936.29004 0.051476
13937.41992 0.053215
13938.54980 0.054955
13939.67969 0.056697
13940.80957 0.058439
13941.95020 0.060182
13943.08008 0.061926
13944.20996 0.064083
13945.33984 0.067009
13946.46973 0.069933
13947.59961 0.072862
13948.73047 0.075789
13949.86035 0.07872
13951.00000 0.081652
13952.12988 0.084585
13953.25977 0.08752
13954.38965 0.090456
13955.51953 0.093394
13956.66016 0.096333
13957.79004 0.099275
13958.91992 0.102217
13960.04980 0.105162
13961.17969 0.108106
13962.32031 0.111054
13963.45020 0.114003
13964.58008 0.118343
13965.71973 0.123351
13966.84961 0.128361
13967.98047 0.133374
13969.12012 0.138392
13970.25000 0.143409
13971.37988 0.148429
13972.50977 0.153454
13973.65039 0.158482
13974.78027 0.163508
13975.91992 0.168541
13977.04980 0.173575
13978.17969 0.178612
13979.32031 0.183656
13980.45020 0.188697
13981.58008 0.193741
13982.71973 0.198791
13983.84961 0.203885
13984.99023 0.2106
13986.12012 0.217313
13987.25977 0.224034
13988.38965 0.230758
13989.53027 0.237485
13990.66016 0.244216
13991.79980 0.250955
13992.92969 0.257691
13994.07031 0.26443
13995.20020 0.271178
13996.33984 0.277923
13997.46973 0.284677
13998.61035 0.291434
13999.74023 0.298194
14000.87988 0.304931
14002.01953 0.311661
14003.15039 0.318394
14004.29004 0.324581
14005.41992 0.329966
14006.55957 0.335357
14007.70020 0.340745
14008.83008 0.346139
14009.96973 0.351534
14011.09961 0.356925
14012.24023 0.362322
14013.37988 0.367721
14014.50977 0.37312
14015.65039 0.378521
14016.79004 0.383928
14017.92969 0.389331
14019.05957 0.39474
14020.20020 0.400146
14021.33984 0.405558
14022.48047 0.41097
14023.61035 0.41638
14024.75000 0.420196
14025.88965 0.423629
14027.03027 0.427063
14028.16016 0.4305
14029.29980 0.433935
14030.44043 0.437371
14031.58008 0.440811
14032.71973 0.444248
14033.84961 0.44769
14034.99023 0.451131
14036.12988 0.454574
14037.26953 0.458018
14038.41016 0.461462
14039.54980 0.464907
14040.69043 0.468353
14041.83008 0.471802
14042.95996 0.475249
14044.09961 0.478166
14045.24023 0.479334
14046.37988 0.480503
14047.51953 0.481673
14048.66016 0.482842
14049.79980 0.484012
14050.94043 0.485182
14052.08008 0.486352
14053.21973 0.487523
14054.36035 0.488695
14055.50000 0.489866
14056.63965 0.491038
14057.78027 0.49221
14058.91992 0.493382
14060.05957 0.494555
14061.20020 0.495729
14062.33984 0.496902
14063.48047 0.498076
14064.62988 0.498601
14065.76953 0.498828
14066.91016 0.499054
14068.04980 0.499281
14069.19043 0.499507
14070.33008 0.499748
14071.46973 0.500021
14072.61035 0.500295
14073.75977 0.500568
14074.90039 0.500842
14076.04004 0.501116
14077.17969 0.50139
14078.32031 0.501664
14079.45996 0.501938
14080.61035 0.502187
14081.75000 0.502415
14082.88965 0.502642
14084.03027 0.502831
14085.17969 0.502818
14086.32031 0.502805
14087.45996 0.502793
14088.61035 0.50278
14089.75000 0.502767
14090.88965 0.502754
14092.03027 0.502741
14093.17969 0.502729
14094.32031 0.502716
14095.45996 0.502703
14096.61035 0.50269
14097.75000 0.502677
14098.88965 0.502664
14100.04004 0.502651
14101.17969 0.502638
14102.33008 0.502625
14103.46973 0.502612
14104.61035 0.502559
14105.75977 0.502486
14106.90039 0.502412
14108.04980 0.502339
14109.19043 0.502266
14110.33984 0.502192
14111.48047 0.502119
14112.62988 0.502045
14113.76953 0.501972
14114.91992 0.501898
14116.05957 0.501824
14117.20996 0.501751
14118.34961 0.501677
14119.50000 0.501603
14120.63965 0.501529
14121.79004 0.501455
14122.92969 0.501382
14124.08008 0.501339
14125.21973 0.501427
14126.37012 0.501516
14127.51953 0.501604
14128.66016 0.501693
14129.80957 0.501781
14130.95020 0.50187
14132.09961 0.501959
14133.25000 0.502047
14134.38965 0.502136
14135.54004 0.502225
14136.69043 0.502313
14137.83008 0.502402
14138.98047 0.502491
14140.12988 0.502579
14141.26953 0.502668
14142.41992 0.502757
14143.57031 0.502846
14144.71973 0.503008
14145.86035 0.503196
14147.00977 0.503384
14148.16016 0.503572
14149.30957 0.50376
14150.45996 0.503948
14151.59961 0.504136
14152.75000 0.504324
14153.90039 0.504512
14155.04980 0.504701
14156.20020 0.504889
14157.33984 0.505077
14158.49023 0.505266
14159.63965 0.505454
14160.79004 0.505643
14161.94043 0.505831
14163.08984 0.50602
14164.24023 0.506261
14165.37988 0.506613
14166.53027 0.506965
14167.67969 0.507317
14168.83008 0.50767
14169.98047 0.508023
14171.12988 0.508375
14172.28027 0.508728
14173.42969 0.509081
14174.58008 0.509434
14175.73047 0.509787
14176.87988 0.51014
14178.03027 0.510494
14179.17969 0.510847
14180.33008 0.5112
14181.48047 0.511554
14182.62988 0.511908
14183.78027 0.512262
14184.92969 0.512757
14186.08008 0.513266
14187.23047 0.513774
14188.38965 0.514283
14189.54004 0.514792
14190.69043 0.515272
14191.83984 0.515733
14192.99023 0.516193
14194.13965 0.516654
14195.29004 0.517115
14196.44043 0.517575
14197.59961 0.518036
14198.75000 0.518497
14199.90039 0.518958
14201.04980 0.519414
14202.20020 0.519869
14203.36035 0.520325
14204.50977 0.520813
14205.66016 0.521326
14206.80957 0.52184
14207.95996 0.522354
14209.12012 0.522868
14210.26953 0.523382
14211.41992 0.523895
14212.58008 0.52441
14213.73047 0.524923
14214.87988 0.525438
14216.04004 0.525952
14217.19043 0.526466
14218.33984 0.52698
14219.50000 0.527495
14220.65039 0.528009
14221.79980 0.528523
14222.95996 0.529038
14224.11035 0.529542
14225.25977 0.530006
14226.41992 0.530469
14227.57031 0.530931
14228.73047 0.531394
14229.87988 0.531857
14231.03027 0.53232
14232.19043 0.532784
14233.33984 0.533247
14234.50000 0.53371
14235.65039 0.534174
14236.80957 0.534637
14237.95996 0.5351
14239.12012 0.535563
14240.26953 0.536027
14241.42969 0.53649
14242.58008 0.536954
14243.74023 0.537417
14244.88965 0.537752
14246.04980 0.538067
14247.20996 0.538382
14248.36035 0.538697
14249.51953 0.539012
14250.66992 0.539327
14251.83008 0.539643
14252.99023 0.539958
14254.13965 0.540273
14255.29980 0.540588
14256.45020 0.540903
14257.61035 0.541218
14258.76953 0.541534
14259.91992 0.541849
14261.08008 0.542164
14262.24023 0.542479
14263.38965 0.542795
14264.54980 0.543066
14265.70996 0.543304
14266.87012 0.543542
14268.01953 0.543779
14269.17969 0.544017
14270.33984 0.544255
14271.50000 0.544493
14272.65039 0.544731
14273.80957 0.544968
14274.96973 0.545206
14276.12988 0.545444
14277.29004 0.545682
14278.44043 0.54592
14279.59961 0.546158
14280.75977 0.546396
14281.91992 0.546634
14283.08008 0.546872
14284.24023 0.547057
14285.40039 0.54711
14286.54980 0.547164
14287.70996 0.547217
14288.87012 0.54727
14290.03027 0.547323
14291.19043 0.547376
14292.34961 0.54743
14293.50977 0.547483
14294.66992 0.547536
14295.83008 0.547589
14296.99023 0.547642
14298.15039 0.547696
14299.30957 0.547749
14300.46973 0.547802
14301.62988 0.547855
14302.79004 0.547909
14303.95020 0.54796
14305.11035 0.547968
14306.26953 0.547976
14307.42969 0.547984
14308.58984 0.547991
14309.75000 0.547999
14310.91016 0.548007
14312.07031 0.548015
14313.23047 0.548022
14314.40039 0.54803
14315.55957 0.548038
14316.71973 0.548046
14317.87988 0.548054
14319.04004 0.548061
14320.20020 0.548069
14321.36035 0.548077
14322.53027 0.548085
14323.69043 0.548092
14324.84961 0.548111
14326.00977 0.548132
14327.16992 0.548152
14328.33984 0.548173
14329.50000 0.548194
14330.66016 0.548215
14331.82031 0.548236
14332.99023 0.548256
14334.15039 0.548277
14335.30957 0.548298
14336.46973 0.548319
14337.63965 0.548339
14338.79980 0.54836
14339.95996 0.548381
14341.12988 0.548402
14342.29004 0.548423
14343.45020 0.548443
14344.62012 0.548458
14345.78027 0.54847
14346.95020 0.548481
14348.11035 0.548492
14349.26953 0.548503
14350.44043 0.548513
14351.59961 0.548525
14352.76953 0.548536
14353.92969 0.548547
14355.08984 0.548558
14356.25977 0.548569
14357.41992 0.54858
14358.58984 0.548591
14359.75000 0.548602
14360.91992 0.548613
14362.08008 0.548624
14363.25000 0.548635
14364.41016 0.548669
14365.58008 0.548736
14366.74023 0.548802
14367.91016 0.548869
14369.07031 0.548935
14370.24023 0.549002
14371.41016 0.549068
14372.57031 0.549135
14373.74023 0.549202
14374.90039 0.549268
14376.07031 0.549335
14377.24023 0.549401
14378.40039 0.549468
14379.57031 0.549534
14380.74023 0.549601
14381.90039 0.549668
14383.07031 0.549734
14384.24023 0.549803
14385.40039 0.54988
14386.57031 0.549956
14387.74023 0.550033
14388.90039 0.550109
14390.07031 0.550183
14391.24023 0.550206
14392.41016 0.55023
14393.57031 0.550254
14394.74023 0.550278
14395.91016 0.550302
14397.08008 0.550326
14398.24023 0.55035
14399.41016 0.550374
14400.58008 0.550418
14401.75000 0.550482
14402.91992 0.550546
14404.08008 0.550606
14405.25000 0.550638
14406.41992 0.550669
14407.58984 0.550701
14408.75977 0.550733
14409.92969 0.550764
14411.09961 0.550796
14412.26953 0.550827
14413.44043 0.550859
14414.61035 0.55089
14415.76953 0.550922
14416.94043 0.550954
14418.11035 0.550985
14419.28027 0.551017
14420.45020 0.551048
14421.62012 0.55108
14422.79004 0.551111
14423.95996 0.551143
14425.12988 0.551161
14426.29980 0.55118
14427.46973 0.551198
14428.63965 0.551217
14429.80957 0.551235
14430.98047 0.551254
14432.16016 0.551272
14433.33008 0.551291
14434.50000 0.551309
14435.66992 0.551328
14436.83984 0.551346
14438.00977 0.551365
14439.17969 0.551383
14440.34961 0.551402
14441.51953 0.55142
14442.70020 0.551439
14443.87012 0.551457
14445.04004 0.55147
14446.20996 0.551482
14447.37988 0.551493
14448.54980 0.551505
14449.73047 0.551517
14450.90039 0.55153
14452.07031 0.551541
14453.24023 0.551553
14454.41992 0.551565
14455.58984 0.551577
14456.75977 0.551589
14457.92969 0.551601
14459.11035 0.551613
14460.28027 0.551625
14461.45020 0.551637
14462.62988 0.551649
14463.79980 0.551661
14464.96973 0.551573
14466.15039 0.55147
14467.32031 0.551367
14468.49023 0.551264
14469.66992 0.551161
14470.83984 0.551058
14472.00977 0.550955
14473.19043 0.550852
14474.36035 0.550749
14475.54004 0.550646
14476.70996 0.550543
14477.88965 0.55044
14479.05957 0.550337
14480.24023 0.550234
14481.41016 0.550131
14482.58008 0.550028
14483.75977 0.549925
14484.92969 0.549792
14486.11035 0.549653
14487.28027 0.549514
14488.45996 0.549374
14489.62988 0.549235
14490.80957 0.549096
14491.99023 0.548957
14493.16016 0.548817
14494.33984 0.548678
14495.50977 0.548539
14496.69043 0.5484
14497.87012 0.548261
14499.04004 0.548121
14500.21973 0.547978
14501.38965 0.547816
14502.57031 0.547654
14503.75000 0.547492
14504.91992 0.547295
14506.09961 0.547091
14507.28027 0.546886
14508.45020 0.546682
14509.62988 0.546477
14510.80957 0.546308
14511.98047 0.546156
14513.16016 0.546004
14514.33984 0.545852
14515.51953 0.5457
14516.69043 0.545548
14517.87012 0.545396
14519.04980 0.545244
14520.23047 0.545091
14521.41016 0.544939
14522.58008 0.544787
14523.75977 0.544635
14524.94043 0.54451
14526.12012 0.54439
14527.29980 0.544271
14528.46973 0.544152
14529.65039 0.544032
14530.83008 0.543913
14532.00977 0.543793
14533.19043 0.543674
14534.37012 0.543554
14535.54980 0.543435
14536.73047 0.543315
14537.91016 0.543195
14539.08984 0.543076
14540.25977 0.542956
14541.44043 0.542837
14542.62012 0.542717
14543.79980 0.542597
14544.98047 0.542483
14546.16016 0.54237
14547.33984 0.542257
14548.51953 0.542144
14549.70020 0.542031
14550.87988 0.541917
14552.05957 0.541804
14553.25000 0.541691
14554.42969 0.541578
14555.61035 0.541465
14556.79004 0.541351
14557.96973 0.541238
14559.15039 0.541125
14560.33008 0.541011
14561.50977 0.540898
14562.69043 0.540785
14563.87012 0.540671
14565.05957 0.540615
14566.24023 0.540564
14567.41992 0.540513
14568.59961 0.540463
14569.78027 0.540412
14570.95996 0.540319
14572.15039 0.540216
14573.33008 0.540113
14574.50977 0.54001
14575.69043 0.539907
14576.87988 0.539804
14578.05957 0.539701
14579.24023 0.539598
14580.41992 0.539514
14581.61035 0.539463
14582.79004 0.539413
14583.96973 0.539362
14585.16016 0.539406
14586.33984 0.539451
14587.51953 0.539497
14588.70996 0.539542
14589.88965 0.539588
