threeML/data/optical_filters/HST/WFC3_UVIS1-FQ378N.ecsv
# %ECSV 0.9
# ---
# datatype:
# - {name: wavelength, unit: Angstrom, datatype: float32}
# - {name: response, datatype: float32}
# meta: !!omap
# - {band_name: FQ378N}
# - {group_name: WFC3_UVIS1}
wavelength response
3345.34033 0.0
3717.04492 0.000432
3717.68091 0.000505
3718.31689 0.000561
3718.95288 0.000636
3719.59009 0.000706
3720.22607 0.000856
3720.86304 0.000922
3721.49902 0.001041
3722.13599 0.001193
3722.77295 0.001355
3723.40991 0.001576
3724.04712 0.001771
3724.68408 0.002101
3725.32104 0.002407
3725.95898 0.002774
3726.59595 0.003271
3727.23389 0.003657
3727.87207 0.00428
3728.50903 0.005086
3729.14697 0.005985
3729.78491 0.00705
3730.42310 0.008145
3731.06201 0.009715
3731.69995 0.011387
3732.33911 0.013682
3732.97705 0.016401
3733.61597 0.01915
3734.25488 0.023012
3734.89404 0.027325
3735.53198 0.032831
3736.17212 0.038928
3736.81104 0.046069
3737.44995 0.055479
3738.09009 0.06427
3738.72900 0.075374
3739.36890 0.087897
3740.00903 0.099609
3740.64893 0.113381
3741.28906 0.125992
3741.92896 0.139786
3742.56909 0.149966
3743.20898 0.159831
3743.85010 0.169805
3744.48999 0.174905
3745.13110 0.180347
3745.77197 0.184498
3746.41309 0.186511
3747.05298 0.188391
3747.69507 0.189014
3748.33594 0.189648
3748.97705 0.188217
3749.61890 0.188858
3750.26001 0.1883
3750.90210 0.188138
3751.54395 0.18732
3752.18604 0.187288
3752.82690 0.187041
3753.46899 0.186836
3754.11206 0.187038
3754.75391 0.18786
3755.39600 0.188137
3756.03906 0.188355
3756.68188 0.188978
3757.32397 0.189439
3757.96704 0.19016
3758.61011 0.1901
3759.25293 0.191142
3759.89600 0.192273
3760.54004 0.192357
3761.18311 0.193081
3761.82690 0.193168
3762.46997 0.194064
3763.11401 0.193705
3763.75806 0.194302
3764.40210 0.194612
3765.04590 0.194604
3765.68994 0.194146
3766.33398 0.194687
3766.97900 0.194005
3767.62305 0.193949
3768.26807 0.194035
3768.91309 0.193785
3769.55688 0.193052
3770.20190 0.192971
3770.84692 0.191997
3771.49292 0.191661
3772.13794 0.190715
3772.78296 0.191259
3773.42896 0.190218
3774.07397 0.189293
3774.71997 0.188686
3775.36597 0.188388
3776.01196 0.187954
3776.65796 0.187019
3777.30396 0.186348
3777.94995 0.186997
3778.59692 0.186069
3779.24292 0.185067
3779.88989 0.184275
3780.53711 0.184752
3781.18408 0.185193
3781.83105 0.183583
3782.47803 0.183829
3783.12500 0.182981
3783.77197 0.182678
3784.41895 0.18221
3785.06689 0.182371
3785.71411 0.180903
3786.36206 0.181625
3787.01001 0.180788
3787.65796 0.180387
3788.30591 0.180708
3788.95410 0.179979
3789.60205 0.180179
3790.25098 0.179403
3790.89893 0.179245
3791.54810 0.178729
3792.19702 0.178495
3792.84497 0.178832
3793.49390 0.178762
3794.14307 0.178164
3794.79199 0.177869
3795.44189 0.177424
3796.09106 0.177321
3796.74097 0.17771
3797.38989 0.177082
3798.04004 0.176876
3798.68994 0.177528
3799.34009 0.178114
3799.98999 0.177789
3800.63989 0.177433
3801.29004 0.177078
3801.94092 0.177787
3802.59106 0.177929
3803.24194 0.178397
3803.89209 0.178641
3804.54297 0.178935
3805.19409 0.178793
3805.84497 0.179295
3806.49609 0.179814
3807.14795 0.180275
3807.79907 0.181337
3808.44995 0.181342
3809.10205 0.182204
3809.75391 0.182419
3810.40601 0.183101
3811.05811 0.184243
3811.70996 0.18484
3812.36206 0.185112
3813.01392 0.186547
3813.66699 0.18732
3814.31909 0.187484
3814.97192 0.188278
3815.62402 0.189227
3816.27710 0.189768
3816.92993 0.190555
3817.58301 0.191642
3818.23608 0.192547
3818.88989 0.193812
3819.54297 0.194514
3820.19702 0.195538
3820.85010 0.196042
3821.50391 0.196391
3822.15796 0.197574
3822.81201 0.197885
3823.46606 0.199495
3824.12012 0.199097
3824.77393 0.199575
3825.42798 0.200582
3826.08301 0.199246
3826.73804 0.200224
3827.39209 0.19941
3828.04712 0.199442
3828.70190 0.197796
3829.35693 0.197059
3830.01196 0.196102
3830.66797 0.194361
3831.32300 0.191576
3831.97900 0.189634
3832.63403 0.186883
3833.29004 0.18298
3833.94604 0.179778
3834.60205 0.17594
3835.25806 0.171526
3835.91406 0.167361
3836.57007 0.162155
3837.22705 0.156472
3837.88306 0.151279
3838.54004 0.145264
3839.19702 0.139351
3839.85400 0.133227
3840.51001 0.126682
3841.16797 0.119864
3841.82495 0.114272
3842.48193 0.106961
3843.13989 0.101046
3843.79712 0.0955
3844.45508 0.089043
3845.11304 0.084216
3845.77100 0.078143
3846.42798 0.072374
3847.08691 0.067961
3847.74512 0.062344
3848.40308 0.058019
3849.06201 0.053357
3849.71997 0.049139
3850.37891 0.045312
3851.03809 0.04159
3851.69702 0.03821
3852.35498 0.035432
3853.01489 0.032166
3853.67407 0.029539
3854.33301 0.026776
3854.99292 0.024377
3855.65210 0.022147
3856.31201 0.019788
3856.97192 0.018568
3857.63208 0.016769
3858.29199 0.015102
3858.95190 0.013949
3859.61206 0.012376
3860.27197 0.011364
3860.93311 0.010208
3861.59302 0.009331
3862.25391 0.008452
3862.91504 0.007616
3863.57593 0.006909
3864.23706 0.006246
3864.89795 0.005595
3865.55908 0.005224
3866.22095 0.004638
3866.88208 0.004247
3867.54395 0.00376
3868.20508 0.003413
3868.86694 0.00313
3869.52905 0.002798
3870.19092 0.00255
3870.85400 0.002348
3871.51611 0.002138
3872.17798 0.001936
3872.84106 0.001729
3873.50293 0.001561
3874.16602 0.001465
3874.82910 0.001294
3875.49194 0.001155
3876.15503 0.001044
3876.81812 0.000943
3877.48096 0.000879
3878.14502 0.000818
3878.80811 0.000733
3879.47192 0.000655
3880.13599 0.000625
3880.80005 0.000555
3881.46411 0.000499
3882.12793 0.000463
3882.79199 0.000407
4271.07129 0.0
