threeML/data/optical_filters/HST/WFC3_UVIS1-F475X.ecsv
# %ECSV 0.9
# ---
# datatype:
# - {name: wavelength, unit: Angstrom, datatype: float32}
# - {name: response, datatype: float32}
# meta: !!omap
# - {band_name: F475X}
# - {group_name: WFC3_UVIS1}
wavelength response
[from data line 805]
4238.96191 0.244166
4239.68799 0.244224
4240.41309 0.244282
4241.13818 0.244341
4241.86377 0.244373
4242.58984 0.244403
4243.31494 0.244433
4244.04199 0.244463
4244.76807 0.244493
4245.49414 0.244523
4246.22021 0.244553
4246.94678 0.244583
4247.67285 0.244613
4248.39990 0.244643
4249.12695 0.244673
4249.85400 0.244703
4250.58105 0.244745
4251.30908 0.244787
4252.03613 0.244816
4252.76318 0.244844
4253.49121 0.244873
4254.21924 0.244901
4254.94678 0.244929
4255.67383 0.244958
4256.40283 0.244986
4257.13086 0.245015
4257.85889 0.245043
4258.58789 0.245071
4259.31592 0.2451
4260.04492 0.245127
4260.77393 0.245141
4261.50293 0.245157
4262.23193 0.245179
4262.96094 0.245201
4263.69092 0.245223
4264.41992 0.245245
4265.14990 0.245267
4265.87891 0.245289
4266.60889 0.245311
4267.33887 0.245333
4268.06982 0.245355
4268.79980 0.245377
4269.52979 0.245399
4270.26123 0.245421
4270.99121 0.245443
4271.72217 0.245441
4272.45312 0.24543
4273.18408 0.245419
4273.91504 0.245408
4274.64600 0.245396
4275.37695 0.245385
4276.10889 0.245374
4276.84082 0.245363
4277.57324 0.245352
4278.30420 0.24534
4279.03613 0.245329
4279.76904 0.245318
4280.50098 0.245307
4281.23291 0.245296
4281.96582 0.245306
4282.69824 0.245316
4283.43115 0.245327
4284.16406 0.245337
4284.89697 0.245347
4285.62988 0.245357
4286.36279 0.245368
4287.09717 0.245378
4287.83008 0.245388
4288.56299 0.245398
4289.29688 0.245408
4290.03076 0.245419
4290.76514 0.245445
4291.50000 0.245463
4292.23389 0.245471
4292.96777 0.245479
4293.70312 0.245487
4294.43701 0.245495
4295.17188 0.245503
4295.90723 0.24551
4296.64209 0.245518
4297.37695 0.245526
4298.11182 0.245534
4298.84814 0.245542
4299.58301 0.245549
4300.31885 0.245551
4301.05518 0.245543
4301.79102 0.245549
4302.52588 0.245559
4303.26318 0.245569
4303.99902 0.24558
4304.73486 0.24559
4305.47217 0.2456
4306.20801 0.24561
4306.94482 0.24562
4307.68213 0.24563
4308.41895 0.24564
4309.15576 0.245651
4309.89404 0.245661
4310.63086 0.245671
4311.36914 0.245683
4312.10596 0.245705
4312.84424 0.245727
4313.58203 0.24575
4314.31982 0.245772
4315.05811 0.245794
4315.79590 0.245816
4316.53516 0.245838
4317.27295 0.24586
4318.01221 0.245882
4318.75000 0.245904
4319.49023 0.245926
4320.22900 0.245948
4320.96777 0.245971
4321.70703 0.245987
4322.44580 0.246
4323.18604 0.246012
4323.92578 0.246026
4324.66602 0.246038
4325.40479 0.246051
4326.14600 0.246064
4326.88623 0.246077
4327.62598 0.24609
4328.36621 0.246103
4329.10693 0.246116
4329.84814 0.246129
4330.58789 0.246154
4331.33008 0.246186
4332.06982 0.246238
4332.81201 0.246289
4333.55322 0.246341
4334.29395 0.246393
4335.03613 0.246445
4335.77783 0.246496
4336.52002 0.246548
4337.26123 0.2466
4338.00293 0.246651
4338.74609 0.246703
4339.48779 0.246755
4340.22998 0.246802
4340.97314 0.246838
4341.71582 0.246885
4342.45801 0.246937
4343.20215 0.246989
4343.94482 0.247041
4344.68799 0.247093
4345.43115 0.247145
4346.17480 0.247197
4346.91797 0.247249
4347.66211 0.247301
4348.40576 0.247353
4349.14990 0.247405
4349.89404 0.247457
4350.63818 0.24751
4351.38281 0.247564
4352.12695 0.247624
4352.87207 0.247685
4353.61719 0.247746
4354.36084 0.247807
4355.10596 0.247867
4355.85205 0.247928
4356.59717 0.247989
4357.34180 0.24805
4358.08789 0.248111
4358.83301 0.248172
4359.57910 0.248233
4360.32520 0.248294
4361.07080 0.248355
4361.81689 0.248424
4362.56299 0.248495
4363.31006 0.248566
4364.05713 0.248637
4364.80322 0.248708
4365.54980 0.248779
4366.29688 0.24885
4367.04395 0.248921
4367.79102 0.248993
4368.53906 0.249064
4369.28613 0.249135
4370.03418 0.249207
4370.78076 0.249294
4371.52881 0.249385
4372.27686 0.249482
4373.02490 0.249579
4373.77295 0.249676
4374.52100 0.249773
4375.27002 0.24987
4376.01904 0.249967
4376.76709 0.250064
4377.51611 0.250161
4378.26514 0.250258
4379.01416 0.250355
4379.76318 0.250452
4380.51318 0.250539
4381.26221 0.25062
4382.01221 0.250707
4382.76221 0.250793
4383.51123 0.25088
4384.26123 0.250967
4385.01221 0.251053
4385.76221 0.25114
4386.51221 0.251227
4387.26318 0.251314
4388.01318 0.251401
4388.76416 0.251487
4389.51514 0.251574
4390.26611 0.251661
4391.01709 0.251748
4391.76904 0.251833
4392.52002 0.251916
4393.27100 0.251999
4394.02295 0.252083
4394.77490 0.252167
4395.52686 0.25225
4396.27881 0.252334
4397.03076 0.252417
4397.78320 0.252501
4398.53613 0.252585
4399.28906 0.252669
4400.04102 0.252752
4400.79395 0.252836
4401.54688 0.252927
4402.29980 0.253029
4403.05322 0.253131
4403.80713 0.253233
4404.56006 0.253335
4405.31299 0.253437
4406.06689 0.253539
4406.82080 0.253641
4407.57520 0.253744
4408.32910 0.253846
4409.08301 0.253948
4409.83789 0.25405
4410.59180 0.254152
4411.34717 0.254254
4412.10205 0.254348
4412.85596 0.254443
4413.61084 0.254537
4414.36719 0.254632
4415.12207 0.254726
4415.87695 0.254821
4416.63281 0.254916
4417.38916 0.25501
4418.14502 0.255105
4418.89990 0.2552
4419.65576 0.255295
4420.41309 0.255398
4421.16895 0.25551
4421.92480 0.255622
4422.68213 0.255733
4423.43799 0.255845
4424.19482 0.255957
4424.95215 0.256069
4425.70898 0.256181
4426.46680 0.256293
4427.22412 0.256406
4427.98096 0.256518
4428.73877 0.25663
4429.49707 0.256742
4430.25391 0.256851
4431.01318 0.256954
4431.77100 0.257033
4432.52881 0.2571
4433.28809 0.257168
4434.04590 0.257235
4434.80518 0.257303
4435.56299 0.25737
4436.32178 0.257438
4437.08105 0.257505
4437.83984 0.257573
4438.60010 0.25764
4439.35889 0.257708
4440.11914 0.257776
4440.87793 0.257843
4441.63818 0.257913
4442.39795 0.257985
4443.15820 0.258057
4443.91797 0.258129
4444.67920 0.258201
4445.43896 0.258273
4446.20020 0.258345
4446.95996 0.258417
4447.72119 0.258489
4448.48193 0.258561
4449.24316 0.258633
4450.00488 0.258705
4450.76611 0.258777
4451.52686 0.258848
4452.28906 0.25892
4453.05078 0.258991
4453.81299 0.259062
4454.57520 0.259133
4455.33691 0.259204
4456.09912 0.259275
4456.86182 0.259346
4457.62402 0.259417
4458.38721 0.259488
4459.14990 0.259559
4459.91309 0.25963
4460.67578 0.259717
4461.43896 0.259793
4462.20215 0.259835
4462.96582 0.259877
4463.72900 0.259918
4464.49316 0.25996
4465.25684 0.260002
4466.02100 0.260043
4466.78516 0.260085
4467.54883 0.260127
4468.31299 0.260169
4469.07812 0.260211
4469.84277 0.260252
4470.60693 0.260281
4471.37305 0.26031
4472.13721 0.260362
4472.90186 0.260414
4473.66797 0.260466
4474.43311 0.260518
4475.19922 0.260571
4475.96387 0.260623
4476.72998 0.260675
4477.49609 0.260728
4478.26221 0.26078
4479.02783 0.260832
4479.79492 0.260885
4480.56201 0.260937
4481.32812 0.260985
4482.09521 0.260988
4482.86084 0.260991
4483.62793 0.260994
4484.39600 0.260997
4485.16309 0.261001
4485.93018 0.261003
4486.69824 0.261006
4487.46484 0.26101
4488.23291 0.261013
4489.00098 0.261016
4489.76904 0.261019
4490.53809 0.261022
4491.30615 0.261025
4492.07422 0.261041
4492.84277 0.261057
4493.61084 0.261072
4494.37988 0.261088
4495.14893 0.261104
4495.91797 0.26112
4496.68701 0.261135
4497.45703 0.261151
4498.22705 0.261167
4498.99609 0.261182
4499.76611 0.261198
4500.53613 0.261199
4501.30615 0.261194
4502.07617 0.261182
4502.84619 0.261169
4503.61719 0.261157
4504.38721 0.261144
4505.15820 0.261132
4505.92920 0.261119
4506.69922 0.261107
4507.47119 0.261094
4508.24219 0.261082
4509.01318 0.261069
4509.78516 0.261057
4510.55615 0.261056
4511.32812 0.261059
4512.10010 0.261035
4512.87207 0.261012
4513.64404 0.260988
4514.41602 0.260965
4515.18799 0.260941
4515.96094 0.260918
4516.73389 0.260895
4517.50586 0.260871
4518.27881 0.260848
4519.05176 0.260824
4519.82617 0.260801
4520.59912 0.260764
4521.37305 0.260725
4522.14600 0.260702
4522.91895 0.260679
4523.69287 0.260655
4524.46680 0.260632
4525.24219 0.260608
4526.01611 0.260585
4526.79004 0.260561
4527.56494 0.260538
4528.33887 0.260514
4529.11377 0.260491
4529.88916 0.260467
4530.66406 0.260444
4531.43896 0.260417
4532.21387 0.260376
4532.99023 0.260334
4533.76611 0.260293
4534.54199 0.260252
4535.31689 0.260211
4536.09277 0.26017
4536.86914 0.260129
4537.64600 0.260088
4538.42188 0.260047
4539.19824 0.260005
4539.97510 0.259964
4540.75098 0.259923
4541.52881 0.259885
4542.30615 0.259856
4543.08301 0.259826
4543.85986 0.259796
4544.63818 0.259766
4545.41504 0.259736
4546.19287 0.259707
4546.97119 0.259677
4547.74902 0.259647
4548.52686 0.259617
4549.30518 0.259587
4550.08301 0.259557
4550.86182 0.259527
4551.64014 0.259503
4552.41895 0.259486
4553.19824 0.259469
4553.97705 0.259451
4554.75586 0.259434
4555.53613 0.259416
4556.31494 0.259399
4557.09521 0.259381
4557.87402 0.259364
4558.65381 0.259347
4559.43408 0.259329
4560.21387 0.259317
4560.99414 0.259316
4561.77490 0.259306
4562.55518 0.259289
4563.33594 0.259273
4564.11719 0.259257
4564.89697 0.25924
4565.67920 0.259224
4566.45898 0.259207
4567.24121 0.259191
4568.02197 0.259175
4568.80420 0.259158
4569.58496 0.259142
4570.36816 0.259117
4571.14893 0.259084
4571.93213 0.259075
4572.71387 0.259071
4573.49609 0.259068
4574.27881 0.259064
4575.06104 0.25906
4575.84424 0.259057
4576.62695 0.259053
4577.41016 0.259049
4578.19287 0.259046
4578.97705 0.259042
4579.75977 0.259039
4580.54297 0.259035
4581.32715 0.259031
4582.11084 0.259026
4582.89502 0.25902
4583.67920 0.259015
4584.46289 0.25901
4585.24805 0.259004
4586.03223 0.258999
4586.81689 0.258993
4587.60205 0.258988
4588.38721 0.258982
4589.17090 0.258977
4589.95703 0.258972
4590.74219 0.258966
4591.52686 0.258968
4592.31299 0.258984
4593.09912 0.259001
4593.88477 0.259018
4594.67090 0.259034
4595.45703 0.259051
4596.24316 0.259068
4597.02881 0.259084
4597.81592 0.259101
4598.60303 0.259118
4599.39014 0.259134
4600.17578 0.259151
4600.96289 0.259168
4601.75000 0.259194
4602.53809 0.259228
4603.32520 0.259261
4604.11279 0.259294
4604.90088 0.259328
4605.68799 0.259361
4606.47705 0.259394
4607.26514 0.259428
4608.05322 0.259461
4608.84082 0.259495
4609.62988 0.259528
4610.41895 0.259571
4611.20801 0.259621
4611.99707 0.259675
4612.78613 0.259728
4613.57520 0.259782
4614.36377 0.259835
4615.15381 0.259889
4615.94287 0.259942
4616.73291 0.259996
4617.52295 0.260049
4618.31299 0.260103
4619.10303 0.260157
4619.89404 0.26021
4620.68408 0.260248
4621.47510 0.26029
4622.26514 0.260351
4623.05615 0.260412
4623.84717 0.260473
4624.63818 0.260534
4625.42920 0.260595
4626.22119 0.260656
4627.01221 0.260717
4627.80420 0.260778
4628.59619 0.260839
4629.38818 0.2609
4630.18018 0.26096
4630.97217 0.261017
4631.76416 0.261074
4632.55713 0.261132
4633.34912 0.26119
4634.14209 0.261248
4634.93506 0.261306
4635.72803 0.261364
4636.52100 0.261423
4637.31396 0.261481
4638.10791 0.261539
4638.90088 0.261597
4639.69482 0.261655
4640.48877 0.261713
4641.28320 0.261771
4642.07715 0.261862
4642.87109 0.261953
4643.66602 0.262045
4644.45996 0.262136
4645.25488 0.262228
4646.04883 0.262319
4646.84424 0.262411
4647.64014 0.262502
4648.43506 0.262594
4649.22998 0.262685
4650.02490 0.262777
4650.82080 0.262869
4651.61719 0.262948
4652.41309 0.263007
4653.20801 0.263067
4654.00488 0.263127
4654.80078 0.263186
4655.59717 0.263246
4656.39404 0.263306
4657.18994 0.263366
4657.98682 0.263426
4658.78418 0.263485
4659.58203 0.263545
4660.37891 0.263605
4661.17578 0.263665
4661.97412 0.263767
4662.77100 0.263877
4663.56885 0.263988
4664.36719 0.264098
4665.16504 0.264209
4665.96289 0.264319
4666.76123 0.26443
4667.56006 0.26454
4668.35791 0.264651
4669.15723 0.264761
4669.95605 0.264872
4670.75488 0.265
4671.55420 0.265125
4672.35400 0.265242
4673.15283 0.265359
4673.95312 0.265477
4674.75195 0.265594
4675.55176 0.265712
4676.35205 0.265829
4677.15186 0.265946
4677.95215 0.266064
4678.75293 0.266182
4679.55322 0.266299
4680.35400 0.266409
4681.15479 0.266509
4681.95605 0.2666
4682.75684 0.26669
4683.55811 0.26678
4684.35889 0.266871
4685.16113 0.266961
4685.96191 0.267051
4686.76416 0.267141
4687.56592 0.267231
4688.36816 0.267321
4689.16992 0.267412
4689.97217 0.267502
4690.77490 0.267592
4691.57715 0.26769
4692.37988 0.267803
4693.18311 0.267916
4693.98584 0.26803
4694.78906 0.268143
4695.59180 0.268257
4696.39600 0.26837
4697.19922 0.268484
4698.00293 0.268597
4698.80713 0.268711
4699.60986 0.268824
4700.41504 0.268938
4701.21924 0.269051
4702.02295 0.269139
4702.82812 0.269222
4703.63184 0.269305
4704.43701 0.269389
4705.24219 0.269472
4706.04688 0.269556
4706.85205 0.269639
4707.65820 0.269723
4708.46289 0.269806
4709.26904 0.26989
4710.07422 0.269973
4710.87988 0.270057
4711.68604 0.270149
4712.49219 0.270253
4713.29785 0.270356
4714.10498 0.270459
4714.91211 0.270563
4715.71777 0.270666
4716.52490 0.27077
4717.33203 0.270873
4718.13916 0.270977
4718.94580 0.27108
4719.75391 0.271184
4720.56201 0.271288
4721.36914 0.27139
4722.17676 0.271471
4722.98486 0.271553
4723.79297 0.271635
4724.60107 0.271717
4725.40918 0.271798
4726.21777 0.27188
4727.02588 0.271962
4727.83496 0.272044
4728.64404 0.272125
4729.45312 0.272207
4730.26221 0.272289
4731.07178 0.272371
4731.88086 0.272452
4732.69092 0.272532
4733.50000 0.272612
4734.31104 0.272693
4735.12109 0.272773
4735.93115 0.272854
4736.74121 0.272934
4737.55078 0.273015
4738.36182 0.273095
4739.17188 0.273176
4739.98291 0.273256
4740.79395 0.273355
4741.60498 0.273453
4742.41699 0.273545
4743.22803 0.273638
4744.04004 0.273731
4744.85205 0.273824
4745.66309 0.273917
4746.47510 0.27401
4747.28711 0.274103
4748.10010 0.274197
4748.91211 0.27429
4749.72510 0.274383
4750.53711 0.274463
4751.35010 0.274537
4752.16309 0.274578
4752.97607 0.274619
4753.78906 0.27466
4754.60303 0.274702
4755.41602 0.274743
4756.22900 0.274784
4757.04297 0.274826
4757.85693 0.274867
4758.67090 0.274908
4759.48486 0.274949
4760.29980 0.274991
4761.11377 0.275032
4761.92920 0.275085
4762.74414 0.275141
4763.55908 0.275198
4764.37402 0.275255
4765.18799 0.275312
4766.00391 0.275368
4766.81885 0.275425
4767.63477 0.275482
4768.45117 0.275539
4769.26709 0.275596
4770.08301 0.275653
4770.89795 0.275709
4771.71484 0.275738
4772.53076 0.275735
4773.34814 0.275732
4774.16504 0.27573
4774.98096 0.275727
4775.79785 0.275724
4776.61523 0.275721
4777.43311 0.275718
4778.25000 0.275715
4779.06689 0.275712
4779.88477 0.275709
4780.70312 0.275706
4781.52100 0.275712
4782.33887 0.275749
4783.15723 0.275786
4783.97607 0.275823
4784.79395 0.275859
4785.61279 0.275896
4786.43213 0.275933
4787.25000 0.27597
4788.06982 0.276007
4788.88916 0.276044
4789.70801 0.276081
4790.52783 0.276118
4791.34717 0.276154
4792.16699 0.276147
4792.98682 0.27614
4793.80713 0.276133
4794.62695 0.276127
4795.44824 0.27612
4796.26807 0.276113
4797.08887 0.276106
4797.91016 0.276099
4798.72998 0.276093
4799.55078 0.276086
4800.37305 0.276079
4801.19385 0.276072
4802.01611 0.276056
4802.83691 0.276038
4803.65918 0.27602
4804.47998 0.276002
4805.30322 0.275984
4806.12500 0.275966
4806.94678 0.275948
4807.77002 0.27593
4808.59180 0.275912
4809.41504 0.275894
4810.23779 0.275881
4811.06104 0.275883
4811.88379 0.275884
4812.70703 0.275885
4813.53076 0.275886
4814.35400 0.275888
4815.17822 0.275889
4816.00098 0.27589
4816.82617 0.275892
4817.64990 0.275893
4818.47412 0.275894
4819.29785 0.275895
4820.12305 0.275894
4820.94824 0.275876
4821.77197 0.275841
4822.59814 0.27579
4823.42285 0.27574
4824.24805 0.275689
4825.07324 0.275638
4825.89893 0.275587
4826.72510 0.275537
4827.54980 0.275486
4828.37598 0.275435
4829.20312 0.275384
4830.02881 0.275334
4830.85498 0.27528
4831.68213 0.275232
4832.50781 0.27519
4833.33496 0.275148
4834.16211 0.275107
4834.98877 0.275065
4835.81592 0.275023
4836.64404 0.274982
4837.47119 0.27494
4838.29883 0.274898
4839.12695 0.274857
4839.95508 0.274815
4840.78320 0.274773
4841.61084 0.274724
4842.43896 0.274658
4843.26807 0.274592
4844.09717 0.274526
4844.92480 0.27446
4845.75391 0.274394
4846.58301 0.274327
4847.41309 0.274261
4848.24219 0.274195
4849.07178 0.274129
4849.90088 0.274063
4850.73096 0.273996
4851.56104 0.273938
4852.39111 0.273902
4853.22119 0.273867
4854.05176 0.273831
4854.88184 0.273796
4855.71289 0.27376
4856.54297 0.273724
4857.37500 0.273689
4858.20605 0.273653
4859.03711 0.273617
4859.86816 0.273582
4860.70020 0.273546
4861.53076 0.273511
4862.36279 0.273477
4863.19482 0.273444
