threeML/data/optical_filters/HST/WFC3_UVIS1-FQ634N.ecsv
# %ECSV 0.9
# ---
# datatype:
# - {name: wavelength, unit: Angstrom, datatype: float32}
# - {name: response, datatype: float32}
# meta: !!omap
# - {band_name: FQ634N}
# - {group_name: WFC3_UVIS1}
wavelength response
5653.47705 0.0
6281.64111 0.000446
6282.71484 0.000509
6283.79004 0.000584
6284.86523 0.000677
6285.93994 0.000771
6287.01611 0.0009
6288.09180 0.001042
6289.16699 0.001214
6290.24414 0.001414
6291.31982 0.001665
6292.39600 0.001964
6293.47314 0.002321
6294.54980 0.002738
6295.62598 0.003261
6296.70410 0.00393
6297.78076 0.004706
6298.85889 0.00565
6299.93701 0.006873
6301.01416 0.008395
6302.09180 0.01025
6303.16992 0.012537
6304.24902 0.015463
6305.32812 0.019243
6306.40576 0.023945
6307.48486 0.029673
6308.56396 0.036962
6309.64404 0.046173
6310.72412 0.057251
6311.80322 0.070139
6312.88281 0.085213
6313.96289 0.102455
6315.04297 0.120935
6316.12402 0.139147
6317.20508 0.15659
6318.28613 0.172377
6319.36719 0.185549
6320.44824 0.195269
6321.52881 0.202437
6322.61084 0.206862
6323.69189 0.209617
6324.77393 0.210932
6325.85596 0.211528
6326.93896 0.211766
6328.02100 0.21203
6329.10400 0.212404
6330.18701 0.213227
6331.27002 0.214142
6332.35303 0.21552
6333.43701 0.217264
6334.52100 0.21946
6335.60400 0.221638
6336.68799 0.224196
6337.77197 0.226787
6338.85596 0.229465
6339.94092 0.232354
6341.02588 0.234892
6342.11084 0.237631
6343.19580 0.239906
6344.28076 0.242273
6345.36719 0.244301
6346.45215 0.246212
6347.53809 0.247983
6348.62402 0.249385
6349.70996 0.250637
6350.79688 0.251534
6351.88281 0.252188
6352.97021 0.252665
6354.05713 0.252892
6355.14502 0.253036
6356.23096 0.252689
6357.31885 0.252175
6358.40723 0.251687
6359.49512 0.250803
6360.58301 0.249646
6361.67090 0.248384
6362.75879 0.24683
6363.84814 0.245124
6364.93701 0.243211
6366.02588 0.240905
6367.11523 0.238216
6368.20508 0.235046
6369.29395 0.231655
6370.38379 0.227576
6371.47412 0.222713
6372.56396 0.217072
6373.65381 0.210313
6374.74512 0.202595
6375.83496 0.193709
6376.92578 0.18335
6378.01807 0.171647
6379.10791 0.158804
6380.20020 0.145533
6381.29199 0.131189
6382.38281 0.116764
6383.47607 0.102096
6384.56689 0.089275
6385.66016 0.076746
6386.75195 0.065427
6387.84521 0.054938
6388.93799 0.0465
6390.03076 0.039015
6391.12500 0.032541
6392.21777 0.026894
6393.31201 0.022588
6394.40576 0.018836
6395.50000 0.015693
6396.59424 0.013014
6397.68799 0.011011
6398.78320 0.009215
6399.87793 0.00776
6400.97314 0.006507
6402.06787 0.005542
6403.16309 0.004686
6404.25879 0.00398
6405.35400 0.00338
6406.45117 0.002913
6407.54590 0.002483
6408.64307 0.00215
6409.73877 0.001842
6410.83594 0.001598
6411.93311 0.001385
6413.02979 0.001203
6414.12695 0.001042
6415.22510 0.000917
6416.32178 0.000804
6417.41992 0.000703
6418.51807 0.000621
6419.61621 0.000545
6420.71387 0.000483
6421.81299 0.000429
7063.99414 0.0
