threeML/data/optical_filters/HST/WFC3_UVIS1-F350LP.ecsv
# %ECSV 0.9
# ---
# datatype:
# - {name: wavelength, unit: Angstrom, datatype: float32}
# - {name: response, datatype: float32}
# meta: !!omap
# - {band_name: F350LP}
# - {group_name: WFC3_UVIS1}
wavelength response
[from data line 1608]
4168.48486 0.258094
4169.19824 0.258132
4169.91113 0.25817
4170.62500 0.258207
4171.33789 0.258249
4172.05176 0.258304
4172.76611 0.258358
4173.47998 0.258413
4174.19385 0.258467
4174.90820 0.258522
4175.62305 0.258577
4176.33691 0.258631
4177.05078 0.258686
4177.76611 0.258741
4178.48096 0.258796
4179.19580 0.25885
4179.91113 0.258905
4180.62598 0.258974
4181.34082 0.259041
4182.05713 0.259097
4182.77197 0.259154
4183.48779 0.259211
4184.20410 0.259267
4184.91895 0.259324
4185.63477 0.25938
4186.35205 0.259437
4187.06787 0.259494
4187.78418 0.25955
4188.50000 0.259607
4189.21680 0.259664
4189.93408 0.25972
4190.65088 0.259763
4191.36816 0.259804
4192.08496 0.259846
4192.80176 0.259889
4193.52002 0.259931
4194.23682 0.259974
4194.95508 0.260016
4195.67188 0.260059
4196.39111 0.260102
4197.10791 0.260144
4197.82715 0.260187
4198.54492 0.26023
4199.26318 0.260272
4199.98096 0.260315
4200.70020 0.260357
4201.41895 0.260402
4202.13818 0.260453
4202.85596 0.260503
4203.57617 0.260554
4204.29492 0.260604
4205.01416 0.260655
4205.73389 0.260705
4206.45312 0.260755
4207.17285 0.260806
4207.89307 0.260857
4208.61279 0.260907
4209.33301 0.260958
4210.05322 0.261008
4210.77295 0.261059
4211.49414 0.261105
4212.21387 0.261147
4212.93506 0.261189
4213.65576 0.261231
4214.37695 0.261273
4215.09814 0.261315
4215.81885 0.261358
4216.54102 0.2614
4217.26221 0.261442
4217.98291 0.261484
4218.70508 0.261526
4219.42676 0.261568
4220.14893 0.261613
4220.87109 0.261671
4221.59277 0.261727
4222.31494 0.261782
4223.03809 0.261836
4223.75977 0.26189
4224.48291 0.261944
4225.20605 0.261998
4225.92920 0.262052
4226.65088 0.262107
4227.37500 0.262161
4228.09814 0.262215
4228.82080 0.262269
4229.54492 0.262323
4230.26904 0.262369
4230.99219 0.2624
4231.71582 0.262445
4232.43994 0.262497
4233.16504 0.262549
4233.88916 0.2626
4234.61279 0.262652
4235.33691 0.262703
4236.06201 0.262755
4236.78711 0.262807
4237.51221 0.262858
4238.23682 0.26291
4238.96191 0.262962
4239.68799 0.263013
4240.41309 0.263065
4241.13818 0.263116
4241.86377 0.263145
4242.58984 0.263171
4243.31494 0.263198
4244.04199 0.263224
4244.76807 0.263251
4245.49414 0.263277
4246.22021 0.263304
4246.94678 0.263331
4247.67285 0.263357
4248.39990 0.263383
4249.12695 0.26341
4249.85400 0.263437
4250.58105 0.263476
4251.30908 0.263522
4252.03613 0.263581
4252.76318 0.263641
4253.49121 0.2637
4254.21924 0.26376
4254.94678 0.263819
4255.67383 0.263879
4256.40283 0.263938
4257.13086 0.263998
4257.85889 0.264058
4258.58789 0.264117
4259.31592 0.264177
4260.04492 0.264236
4260.77393 0.264279
4261.50293 0.26432
4262.23193 0.26436
4262.96094 0.2644
4263.69092 0.264441
4264.41992 0.264481
4265.14990 0.264521
4265.87891 0.264561
4266.60889 0.264601
4267.33887 0.264641
4268.06982 0.264681
4268.79980 0.264722
4269.52979 0.264762
4270.26123 0.264802
4270.99121 0.264842
4271.72217 0.264873
4272.45312 0.2649
4273.18408 0.264926
4273.91504 0.264953
4274.64600 0.26498
4275.37695 0.265007
4276.10889 0.265034
4276.84082 0.265061
4277.57324 0.265088
4278.30420 0.265114
4279.03613 0.265141
4279.76904 0.265168
4280.50098 0.265195
4281.23291 0.265223
4281.96582 0.265267
4282.69824 0.265312
4283.43115 0.265357
4284.16406 0.265401
4284.89697 0.265446
4285.62988 0.265491
4286.36279 0.265535
4287.09717 0.26558
4287.83008 0.265625
4288.56299 0.26567
4289.29688 0.265714
4290.03076 0.26576
4290.76514 0.265821
4291.50000 0.265881
4292.23389 0.265937
4292.96777 0.265994
4293.70312 0.266051
4294.43701 0.266108
4295.17188 0.266165
4295.90723 0.266222
4296.64209 0.266279
4297.37695 0.266336
4298.11182 0.266393
4298.84814 0.26645
4299.58301 0.266507
4300.31885 0.266556
4301.05518 0.266597
4301.79102 0.266632
4302.52588 0.266666
4303.26318 0.2667
4303.99902 0.266734
4304.73486 0.266768
4305.47217 0.266802
4306.20801 0.266836
4306.94482 0.26687
4307.68213 0.266904
4308.41895 0.266939
4309.15576 0.266973
4309.89404 0.267007
4310.63086 0.267041
4311.36914 0.267074
4312.10596 0.267106
4312.84424 0.267137
4313.58203 0.267168
4314.31982 0.267199
4315.05811 0.267231
4315.79590 0.267262
4316.53516 0.267293
4317.27295 0.267325
4318.01221 0.267356
4318.75000 0.267387
4319.49023 0.267419
4320.22900 0.26745
4320.96777 0.267481
4321.70703 0.267512
4322.44580 0.267543
4323.18604 0.267574
4323.92578 0.267604
4324.66602 0.267635
4325.40479 0.267666
4326.14600 0.267697
4326.88623 0.267727
4327.62598 0.267758
4328.36621 0.267789
4329.10693 0.26782
4329.84814 0.26785
4330.58789 0.267895
4331.33008 0.267945
4332.06982 0.268008
4332.81201 0.268072
4333.55322 0.268135
4334.29395 0.268199
4335.03613 0.268263
4335.77783 0.268326
4336.52002 0.26839
4337.26123 0.268453
4338.00293 0.268517
4338.74609 0.268581
4339.48779 0.268645
4340.22998 0.268703
4340.97314 0.268749
4341.71582 0.268778
4342.45801 0.268798
4343.20215 0.268817
4343.94482 0.268837
4344.68799 0.268857
4345.43115 0.268876
4346.17480 0.268896
4346.91797 0.268916
4347.66211 0.268935
4348.40576 0.268955
4349.14990 0.268975
4349.89404 0.268994
4350.63818 0.269014
4351.38281 0.26904
4352.12695 0.26909
4352.87207 0.269139
4353.61719 0.269189
4354.36084 0.269238
4355.10596 0.269288
4355.85205 0.269338
4356.59717 0.269387
4357.34180 0.269437
4358.08789 0.269487
4358.83301 0.269536
4359.57910 0.269586
4360.32520 0.269636
4361.07080 0.269685
4361.81689 0.269722
4362.56299 0.269755
4363.31006 0.269788
4364.05713 0.269822
4364.80322 0.269855
4365.54980 0.269888
4366.29688 0.269922
4367.04395 0.269955
4367.79102 0.269989
4368.53906 0.270022
4369.28613 0.270055
4370.03418 0.270089
4370.78076 0.27014
4371.52881 0.270196
4372.27686 0.270261
4373.02490 0.270326
4373.77295 0.27039
4374.52100 0.270455
4375.27002 0.27052
4376.01904 0.270585
4376.76709 0.270649
4377.51611 0.270714
4378.26514 0.270779
4379.01416 0.270844
4379.76318 0.270909
4380.51318 0.270962
4381.26221 0.271008
4382.01221 0.271025
4382.76221 0.271042
4383.51123 0.271059
4384.26123 0.271076
4385.01221 0.271093
4385.76221 0.271109
4386.51221 0.271126
4387.26318 0.271143
4388.01318 0.27116
4388.76416 0.271177
4389.51514 0.271194
4390.26611 0.271211
4391.01709 0.271227
4391.76904 0.271255
4392.52002 0.271288
4393.27100 0.271321
4394.02295 0.271353
4394.77490 0.271386
4395.52686 0.271419
4396.27881 0.271451
4397.03076 0.271484
4397.78320 0.271516
4398.53613 0.271549
4399.28906 0.271582
4400.04102 0.271614
4400.79395 0.271647
4401.54688 0.271682
4402.29980 0.271719
4403.05322 0.271757
4403.80713 0.271794
4404.56006 0.271832
4405.31299 0.27187
4406.06689 0.271907
4406.82080 0.271945
4407.57520 0.271983
4408.32910 0.27202
4409.08301 0.272058
4409.83789 0.272095
4410.59180 0.272133
4411.34717 0.27217
4412.10205 0.272205
4412.85596 0.272239
4413.61084 0.272273
4414.36719 0.272307
4415.12207 0.272342
4415.87695 0.272376
4416.63281 0.27241
4417.38916 0.272444
4418.14502 0.272479
4418.89990 0.272513
4419.65576 0.272547
4420.41309 0.272591
4421.16895 0.272643
4421.92480 0.272695
4422.68213 0.272746
4423.43799 0.272798
4424.19482 0.27285
4424.95215 0.272901
4425.70898 0.272953
4426.46680 0.273005
4427.22412 0.273056
4427.98096 0.273108
4428.73877 0.27316
4429.49707 0.273211
4430.25391 0.27326
4431.01318 0.273302
4431.77100 0.273347
4432.52881 0.273393
4433.28809 0.273439
4434.04590 0.273485
4434.80518 0.273532
4435.56299 0.273578
4436.32178 0.273624
4437.08105 0.273671
4437.83984 0.273717
4438.60010 0.273763
4439.35889 0.27381
4440.11914 0.273856
4440.87793 0.273902
4441.63818 0.273949
4442.39795 0.273995
4443.15820 0.274041
4443.91797 0.274087
4444.67920 0.274134
4445.43896 0.27418
4446.20020 0.274227
4446.95996 0.274273
4447.72119 0.274319
4448.48193 0.274366
4449.24316 0.274412
4450.00488 0.274458
4450.76611 0.274505
4451.52686 0.274547
4452.28906 0.274581
4453.05078 0.274616
4453.81299 0.27465
4454.57520 0.274685
4455.33691 0.274719
4456.09912 0.274754
4456.86182 0.274788
4457.62402 0.274823
4458.38721 0.274857
4459.14990 0.274892
4459.91309 0.274926
4460.67578 0.274977
4461.43896 0.275033
4462.20215 0.275104
4462.96582 0.275175
4463.72900 0.275245
4464.49316 0.275316
4465.25684 0.275387
4466.02100 0.275458
4466.78516 0.275529
4467.54883 0.275599
4468.31299 0.27567
4469.07812 0.275741
4469.84277 0.275812
4470.60693 0.275869
4471.37305 0.27592
4472.13721 0.275963
4472.90186 0.276007
4473.66797 0.27605
4474.43311 0.276094
4475.19922 0.276137
4475.96387 0.276181
4476.72998 0.276224
4477.49609 0.276268
4478.26221 0.276311
4479.02783 0.276355
4479.79492 0.276398
4480.56201 0.276442
4481.32812 0.276487
4482.09521 0.276542
4482.86084 0.276597
4483.62793 0.276652
4484.39600 0.276707
4485.16309 0.276762
4485.93018 0.276817
4486.69824 0.276872
4487.46484 0.276927
4488.23291 0.276982
4489.00098 0.277037
4489.76904 0.277093
4490.53809 0.277148
4491.30615 0.277202
4492.07422 0.277244
4492.84277 0.277285
4493.61084 0.277327
4494.37988 0.277369
4495.14893 0.277411
4495.91797 0.277452
4496.68701 0.277494
4497.45703 0.277536
4498.22705 0.277578
4498.99609 0.27762
4499.76611 0.277661
4500.53613 0.277688
4501.30615 0.277707
4502.07617 0.277716
4502.84619 0.277725
4503.61719 0.277734
4504.38721 0.277743
4505.15820 0.277752
4505.92920 0.277761
4506.69922 0.27777
4507.47119 0.277779
4508.24219 0.277788
4509.01318 0.277797
4509.78516 0.277806
4510.55615 0.277828
4511.32812 0.277857
4512.10010 0.277903
4512.87207 0.277949
4513.64404 0.277995
4514.41602 0.278041
4515.18799 0.278087
4515.96094 0.278133
4516.73389 0.278179
4517.50586 0.278225
4518.27881 0.278271
4519.05176 0.278317
4519.82617 0.278363
4520.59912 0.278395
4521.37305 0.278422
4522.14600 0.278448
4522.91895 0.278473
4523.69287 0.278498
4524.46680 0.278523
4525.24219 0.278549
4526.01611 0.278574
4526.79004 0.278599
4527.56494 0.278625
4528.33887 0.27865
4529.11377 0.278675
4529.88916 0.278701
4530.66406 0.278726
4531.43896 0.27875
4532.21387 0.278771
4532.99023 0.278792
4533.76611 0.278812
4534.54199 0.278833
4535.31689 0.278853
4536.09277 0.278874
4536.86914 0.278894
4537.64600 0.278915
4538.42188 0.278936
4539.19824 0.278956
4539.97510 0.278977
4540.75098 0.278998
4541.52881 0.279018
4542.30615 0.279037
4543.08301 0.279057
4543.85986 0.279076
4544.63818 0.279096
4545.41504 0.279115
4546.19287 0.279135
4546.97119 0.279155
4547.74902 0.279174
4548.52686 0.279193
4549.30518 0.279213
4550.08301 0.279233
4550.86182 0.279252
4551.64014 0.279265
4552.41895 0.279269
4553.19824 0.279273
4553.97705 0.279278
4554.75586 0.279282
4555.53613 0.279286
4556.31494 0.279291
4557.09521 0.279295
4557.87402 0.2793
4558.65381 0.279304
4559.43408 0.279309
4560.21387 0.279318
4560.99414 0.279341
4561.77490 0.279381
4562.55518 0.279431
4563.33594 0.279481
4564.11719 0.279531
4564.89697 0.279581
4565.67920 0.279631
4566.45898 0.279681
4567.24121 0.279731
4568.02197 0.279781
4568.80420 0.279831
4569.58496 0.279881
4570.36816 0.279922
4571.14893 0.279954
4571.93213 0.279982
4572.71387 0.28001
4573.49609 0.280038
4574.27881 0.280066
4575.06104 0.280093
4575.84424 0.280121
4576.62695 0.280149
4577.41016 0.280177
4578.19287 0.280205
4578.97705 0.280233
4579.75977 0.28026
4580.54297 0.280288
4581.32715 0.280316
4582.11084 0.280337
4582.89502 0.280358
4583.67920 0.280379
4584.46289 0.2804
4585.24805 0.280421
4586.03223 0.280441
4586.81689 0.280462
4587.60205 0.280483
4588.38721 0.280504
4589.17090 0.280525
4589.95703 0.280546
4590.74219 0.280567
4591.52686 0.280591
4592.31299 0.280621
4593.09912 0.280651
4593.88477 0.280682
4594.67090 0.280712
4595.45703 0.280742
4596.24316 0.280772
4597.02881 0.280803
4597.81592 0.280833
4598.60303 0.280863
4599.39014 0.280894
4600.17578 0.280924
4600.96289 0.280954
4601.75000 0.280979
4602.53809 0.281001
4603.32520 0.281022
4604.11279 0.281043
4604.90088 0.281064
4605.68799 0.281086
4606.47705 0.281107
4607.26514 0.281128
4608.05322 0.28115
4608.84082 0.281171
4609.62988 0.281192
4610.41895 0.281224
4611.20801 0.281264
4611.99707 0.281297
4612.78613 0.281328
4613.57520 0.28136
4614.36377 0.281392
4615.15381 0.281424
4615.94287 0.281456
4616.73291 0.281488
4617.52295 0.28152
4618.31299 0.281552
4619.10303 0.281584
4619.89404 0.281616
4620.68408 0.281631
4621.47510 0.281646
4622.26514 0.281667
4623.05615 0.281687
4623.84717 0.281708
4624.63818 0.281729
4625.42920 0.28175
4626.22119 0.281771
4627.01221 0.281791
4627.80420 0.281812
4628.59619 0.281833
4629.38818 0.281854
4630.18018 0.281874
4630.97217 0.28189
4631.76416 0.281902
4632.55713 0.281911
4633.34912 0.28192
4634.14209 0.28193
4634.93506 0.281939
4635.72803 0.281948
4636.52100 0.281958
4637.31396 0.281967
4638.10791 0.281977
4638.90088 0.281986
4639.69482 0.281995
4640.48877 0.282005
4641.28320 0.282014
4642.07715 0.282035
4642.87109 0.282055
4643.66602 0.282076
4644.45996 0.282097
4645.25488 0.282118
4646.04883 0.282139
4646.84424 0.282159
4647.64014 0.28218
4648.43506 0.282201
4649.22998 0.282222
4650.02490 0.282242
4650.82080 0.282263
4651.61719 0.282282
4652.41309 0.282298
4653.20801 0.282314
4654.00488 0.282329
4654.80078 0.282345
4655.59717 0.282361
4656.39404 0.282377
4657.18994 0.282392
4657.98682 0.282408
4658.78418 0.282424
4659.58203 0.28244
4660.37891 0.282456
4661.17578 0.282471
4661.97412 0.282489
4662.77100 0.282507
4663.56885 0.282525
4664.36719 0.282543
4665.16504 0.282561
4665.96289 0.282579
4666.76123 0.282597
4667.56006 0.282615
4668.35791 0.282633
4669.15723 0.282651
4669.95605 0.282669
4670.75488 0.282705
4671.55420 0.282739
4672.35400 0.282764
4673.15283 0.282788
4673.95312 0.282813
4674.75195 0.282838
4675.55176 0.282862
4676.35205 0.282887
4677.15186 0.282912
4677.95215 0.282937
4678.75293 0.282961
4679.55322 0.282986
4680.35400 0.283002
4681.15479 0.283008
4681.95605 0.28303
4682.75684 0.283056
4683.55811 0.283082
4684.35889 0.283108
4685.16113 0.283134
4685.96191 0.28316
4686.76416 0.283186
4687.56592 0.283212
4688.36816 0.283238
4689.16992 0.283264
4689.97217 0.28329
4690.77490 0.283316
4691.57715 0.28334
4692.37988 0.283361
4693.18311 0.283381
4693.98584 0.283402
4694.78906 0.283423
4695.59180 0.283443
4696.39600 0.283464
4697.19922 0.283484
4698.00293 0.283505
4698.80713 0.283526
4699.60986 0.283546
4700.41504 0.283567
4701.21924 0.283588
4702.02295 0.283603
4702.82812 0.283617
4703.63184 0.283631
4704.43701 0.283646
4705.24219 0.28366
4706.04688 0.283674
4706.85205 0.283688
4707.65820 0.283703
4708.46289 0.283717
4709.26904 0.283731
4710.07422 0.283745
4710.87988 0.28376
4711.68604 0.283774
4712.49219 0.283789
4713.29785 0.283803
4714.10498 0.283818
4714.91211 0.283832
4715.71777 0.283847
4716.52490 0.283861
4717.33203 0.283876
4718.13916 0.28389
4718.94580 0.283905
4719.75391 0.283919
4720.56201 0.283934
4721.36914 0.283949
4722.17676 0.28397
4722.98486 0.283991
4723.79297 0.284011
4724.60107 0.284032
4725.40918 0.284053
4726.21777 0.284074
4727.02588 0.284095
4727.83496 0.284116
4728.64404 0.284137
4729.45312 0.284158
4730.26221 0.284179
4731.07178 0.2842
4731.88086 0.284208
4732.69092 0.284211
4733.50000 0.284214
4734.31104 0.284217
4735.12109 0.28422
4735.93115 0.284223
4736.74121 0.284226
4737.55078 0.284228
4738.36182 0.284231
4739.17188 0.284234
4739.98291 0.284237
4740.79395 0.284259
4741.60498 0.284285
4742.41699 0.284317
4743.22803 0.28435
4744.04004 0.284382
4744.85205 0.284415
4745.66309 0.284448
4746.47510 0.28448
4747.28711 0.284513
4748.10010 0.284546
4748.91211 0.284578
4749.72510 0.284611
4750.53711 0.284631
4751.35010 0.284644
4752.16309 0.284676
4752.97607 0.284709
4753.78906 0.284741
4754.60303 0.284773
4755.41602 0.284806
4756.22900 0.284838
4757.04297 0.28487
4757.85693 0.284903
4758.67090 0.284935
4759.48486 0.284967
4760.29980 0.285
4761.11377 0.285032
4761.92920 0.285044
4762.74414 0.285049
4763.55908 0.285054
4764.37402 0.285058
4765.18799 0.285063
4766.00391 0.285068
4766.81885 0.285073
4767.63477 0.285077
4768.45117 0.285082
4769.26709 0.285087
4770.08301 0.285092
4770.89795 0.285097
4771.71484 0.285109
4772.53076 0.285131
4773.34814 0.285153
4774.16504 0.285175
4774.98096 0.285197
4775.79785 0.285219
4776.61523 0.285241
4777.43311 0.285263
4778.25000 0.285285
4779.06689 0.285307
4779.88477 0.285329
4780.70312 0.285351
4781.52100 0.28537
4782.33887 0.285376
