threeML/data/optical_filters/HST/WFC3_UVIS1-F555W.ecsv
# %ECSV 0.9
# ---
# datatype:
# - {name: wavelength, unit: Angstrom, datatype: float32}
# - {name: response, datatype: float32}
# meta: !!omap
# - {band_name: F555W}
# - {group_name: WFC3_UVIS1}
wavelength response
[from data line 2415]
6587.61523 0.028881
6588.74219 0.028746
6589.87012 0.028611
6590.99707 0.028473
6592.12500 0.028336
6593.25195 0.028198
6594.38086 0.02806
6595.50879 0.027923
6596.63721 0.027785
6597.76611 0.027647
6598.89502 0.02751
6600.02393 0.027373
6601.15283 0.027238
6602.28320 0.027108
6603.41211 0.026987
6604.54199 0.026866
6605.67188 0.026744
6606.80176 0.026623
6607.93311 0.026502
6609.06299 0.02638
6610.19385 0.026259
6611.32520 0.026138
6612.45605 0.026015
6613.58691 0.025891
6614.71924 0.025766
6615.85107 0.025642
6616.98193 0.025518
6618.11523 0.025394
6619.24707 0.02527
6620.37891 0.025146
6621.51221 0.025021
6622.64502 0.024902
6623.77783 0.024783
6624.91211 0.024665
6626.04492 0.024547
6627.17920 0.024429
6628.31299 0.024311
6629.44678 0.024192
6630.58105 0.024073
6631.71484 0.023951
6632.85010 0.02383
6633.98486 0.023709
6635.12012 0.023588
6636.25488 0.023468
6637.39111 0.023347
6638.52588 0.023226
6639.66211 0.023106
6640.79785 0.022987
6641.93408 0.022869
6643.07080 0.022759
6644.20703 0.022648
6645.34424 0.022538
6646.48096 0.022427
6647.61816 0.022317
6648.75488 0.022206
6649.89307 0.022096
6651.03076 0.021986
6652.16895 0.021875
6653.30713 0.021765
6654.44482 0.021655
6655.58398 0.021545
6656.72314 0.021435
6657.86084 0.021325
6659.00000 0.021215
6660.14014 0.021105
6661.27881 0.020993
6662.41895 0.020882
6663.55908 0.020773
6664.69922 0.020663
6665.83887 0.020554
6666.97998 0.020445
6668.12109 0.020336
6669.26221 0.020227
6670.40283 0.020118
6671.54395 0.020011
6672.68604 0.019909
6673.82715 0.019809
6674.96924 0.019709
6676.11084 0.019608
6677.25293 0.019508
6678.39600 0.019408
6679.53809 0.019308
6680.68115 0.019208
6681.82422 0.019107
6682.96680 0.01901
6684.11084 0.018913
6685.25391 0.018815
6686.39795 0.018718
6687.54199 0.018621
6688.68701 0.018523
6689.83105 0.018426
6690.97607 0.018327
6692.12012 0.018229
6693.26514 0.018134
6694.41016 0.018039
6695.55615 0.017943
6696.70117 0.017848
6697.84717 0.017753
6698.99316 0.017658
6700.13916 0.017563
6701.28613 0.01747
6702.43213 0.017377
6703.57910 0.017285
6704.72607 0.017193
6705.87305 0.017101
6707.02100 0.017009
6708.16797 0.016916
6709.31494 0.016824
6710.46289 0.016732
6711.61182 0.01664
6712.75977 0.016551
6713.90918 0.016463
6715.05713 0.016375
6716.20605 0.016286
6717.35498 0.016198
6718.50391 0.01611
6719.65381 0.016022
6720.80420 0.015932
6721.95410 0.015843
6723.10400 0.015757
6724.25391 0.015671
6725.40381 0.015585
6726.55518 0.015499
6727.70605 0.015413
6728.85693 0.015327
6730.00781 0.015241
6731.16016 0.015157
6732.31201 0.015074
6733.46289 0.014994
6734.61523 0.014914
6735.76807 0.014834
6736.91992 0.014754
6738.07324 0.014674
6739.22607 0.014594
6740.37793 0.014514
6741.53223 0.014434
6742.68604 0.014353
6743.83887 0.014272
6744.99316 0.01419
6746.14697 0.014109
6747.30078 0.014028
6748.45605 0.013946
6749.60986 0.013865
6750.76514 0.013783
6751.91992 0.013701
6753.07520 0.013625
6754.22998 0.013549
6755.38623 0.013473
6756.54199 0.013397
6757.69824 0.013321
6758.85400 0.013245
6760.01123 0.013169
6761.16699 0.013095
6762.32422 0.013022
6763.48096 0.01295
6764.63818 0.012878
6765.79492 0.012806
6766.95312 0.012734
6768.11084 0.012662
6769.26904 0.01259
6770.42676 0.012518
6771.58496 0.012446
6772.74414 0.012377
6773.90283 0.012309
6775.06201 0.012241
6776.22119 0.012173
6777.37988 0.012105
6778.54004 0.012037
6779.70020 0.011969
6780.85986 0.0119
6782.02002 0.011831
6783.18018 0.011763
6784.34082 0.011696
6785.50098 0.011628
6786.66309 0.01156
6787.82422 0.011492
6788.98486 0.011425
6790.14600 0.011357
6791.30908 0.011291
6792.47021 0.011224
6793.63184 0.011158
6794.79492 0.011091
6795.95801 0.011025
6797.12012 0.010959
6798.28320 0.010893
6799.44580 0.010826
6800.60889 0.01076
6801.77295 0.010694
6802.93701 0.010633
6804.10107 0.010573
6805.26514 0.010513
6806.42920 0.010454
6807.59424 0.010394
6808.75879 0.010334
6809.92285 0.010274
6811.08887 0.010213
6812.25391 0.010152
6813.41895 0.010092
6814.58496 0.010031
6815.75098 0.009971
6816.91699 0.00991
6818.08301 0.00985
6819.25000 0.009789
6820.41699 0.009729
6821.58398 0.00967
6822.75098 0.009613
6823.91797 0.009556
6825.08594 0.0095
6826.25391 0.009443
6827.42090 0.009387
6828.58984 0.009331
6829.75781 0.009274
6830.92676 0.009218
6832.09521 0.009163
6833.26416 0.009109
6834.43408 0.009056
6835.60303 0.009003
6836.77197 0.008949
6837.94189 0.008896
6839.11182 0.008843
6840.28223 0.008789
6841.45312 0.008735
6842.62305 0.008682
6843.79395 0.00863
6844.96484 0.008578
6846.13623 0.008526
6847.30713 0.008474
6848.47900 0.008422
6849.64990 0.00837
6850.82178 0.008318
6851.99512 0.008267
6853.16699 0.00822
6854.33887 0.008172
6855.51221 0.008124
6856.68506 0.008077
6857.85791 0.008029
6859.03223 0.007981
6860.20508 0.007934
6861.37891 0.007885
6862.55322 0.007837
6863.72705 0.007787
6864.90088 0.007738
6866.07617 0.007689
6867.25000 0.00764
6868.42480 0.007591
6869.60107 0.007542
6870.77588 0.007493
6871.95215 0.007445
6873.12695 0.0074
6874.30322 0.007355
6875.47900 0.00731
6876.65576 0.007265
6877.83301 0.00722
6879.00879 0.007176
6880.18604 0.007131
6881.36279 0.007086
6882.54102 0.007043
6883.71777 0.007001
6884.89600 0.00696
6886.07422 0.006918
6887.25195 0.006877
6888.43018 0.006835
6889.60889 0.006794
6890.78809 0.006752
6891.96680 0.00671
6893.14600 0.006667
6894.32520 0.006625
6895.50488 0.006583
6896.68506 0.006541
6897.86523 0.006499
6899.04492 0.006456
6900.22510 0.006414
6901.40576 0.006373
6902.58594 0.006333
6903.76807 0.006294
6904.94922 0.006255
6906.12988 0.006216
6907.31201 0.006177
6908.49414 0.006138
6909.67578 0.006099
6910.85791 0.00606
6912.04004 0.006021
6913.22314 0.005982
6914.40576 0.005944
6915.58887 0.005906
6916.77197 0.005868
6917.95508 0.00583
6919.13916 0.005792
6920.32324 0.005754
6921.50684 0.005715
6922.69092 0.005678
6923.87500 0.005642
6925.06006 0.005607
6926.24512 0.005571
6927.43018 0.005535
6928.61523 0.0055
6929.80078 0.005464
6930.98584 0.005429
6932.17188 0.005394
6933.35791 0.00536
6934.54395 0.005326
6935.73096 0.005291
6936.91699 0.005257
6938.10400 0.005223
6939.29199 0.005189
6940.47900 0.005155
6941.66699 0.00512
6942.85400 0.005086
6944.04199 0.005053
6945.22998 0.00502
6946.41797 0.004987
6947.60693 0.004953
6948.79492 0.00492
6949.98389 0.004887
6951.17285 0.004854
6952.36279 0.004822
6953.55176 0.004791
6954.74219 0.004761
6955.93213 0.00473
6957.12207 0.004699
6958.31299 0.004668
6959.50293 0.004637
6960.69385 0.004606
6961.88477 0.004576
6963.07617 0.004547
6964.26709 0.004517
6965.45801 0.004488
6966.64990 0.004459
6967.84180 0.00443
6969.03516 0.004401
6970.22705 0.004372
6971.41895 0.004343
6972.61182 0.004314
6973.80518 0.004286
6974.99902 0.004258
6976.19189 0.004229
6977.38477 0.004201
6978.57910 0.004173
6979.77295 0.004145
6980.96680 0.004117
6982.16211 0.00409
6983.35596 0.004063
6984.55078 0.004036
6985.74609 0.004009
6986.94092 0.003982
6988.13721 0.003955
6989.33301 0.003928
6990.52783 0.003901
6991.72412 0.003875
6992.91992 0.003849
6994.11719 0.003823
6995.31299 0.003798
6996.50977 0.003772
6997.70801 0.003747
6998.90479 0.003721
7000.10303 0.003696
7001.29980 0.003669
7002.49805 0.003644
7003.69580 0.003619
7004.89404 0.003595
7006.09277 0.00357
7007.29199 0.003546
7008.49023 0.003521
7009.68896 0.003497
7010.88916 0.003472
7012.08789 0.003448
7013.28809 0.003425
7014.48779 0.003402
7015.68799 0.003378
7016.88916 0.003355
7018.08887 0.003332
7019.29004 0.003308
7020.49121 0.003285
7021.69189 0.003261
7022.89307 0.003238
7024.09521 0.003215
7025.29688 0.003192
7026.49902 0.00317
7027.70117 0.003147
7028.90283 0.003124
7030.10596 0.003101
7031.30908 0.003078
7032.51221 0.003057
7033.71484 0.003036
7034.91797 0.003016
7036.12207 0.002995
7037.32617 0.002975
7038.52979 0.002954
7039.73389 0.002934
7040.93799 0.002914
7042.14307 0.002893
7043.34814 0.002874
7044.55322 0.002854
7045.75781 0.002834
7046.96387 0.002814
7048.16895 0.002795
7049.37500 0.002775
7050.58203 0.002755
7051.78809 0.002735
7052.99512 0.002716
7054.20117 0.002696
7055.40820 0.002676
7056.61523 0.002657
7057.82324 0.002637
7059.02979 0.002618
7060.23779 0.002599
7061.44580 0.002579
7062.65381 0.002561
7063.86182 0.002543
7065.07080 0.002525
7066.27979 0.002507
7067.48877 0.002489
7068.69824 0.002471
7069.90820 0.002453
7071.11719 0.002435
7072.32715 0.002417
7073.53711 0.002399
7074.74707 0.002382
7075.95801 0.002365
7077.16797 0.002347
7078.37891 0.00233
7079.58984 0.002312
7080.80176 0.002295
7082.01318 0.002278
7083.22510 0.002263
7084.43701 0.002247
7085.64893 0.002232
7086.86084 0.002217
7088.07422 0.002201
7089.28613 0.002186
7090.50000 0.002171
7091.71191 0.002155
7092.92578 0.002139
7094.13916 0.002124
7095.35303 0.002109
7096.56689 0.002093
7097.78076 0.002078
7098.99609 0.002062
7100.20996 0.002047
7101.42480 0.002032
7102.64014 0.002017
7103.85498 0.002002
7105.07080 0.001987
7106.28613 0.001972
7107.50195 0.001957
7108.71777 0.001942
7109.93506 0.001927
7111.15088 0.001912
7112.36816 0.001898
7113.58398 0.001884
7114.80176 0.001871
7116.01904 0.001857
7117.23584 0.001844
7118.45410 0.00183
7119.67188 0.001817
7120.89014 0.001803
7122.10791 0.00179
7123.32715 0.001777
7124.54590 0.001764
7125.76514 0.00175
7126.98389 0.001737
7128.20410 0.001724
7129.42285 0.001711
7130.64307 0.001698
7131.86279 0.001685
7133.08301 0.001673
7134.30420 0.001661
7135.52393 0.001649
7136.74512 0.001637
7137.96582 0.001624
7139.18799 0.001612
7140.40918 0.0016
7141.62988 0.001588
7142.85303 0.001576
7144.07520 0.001564
7145.29688 0.001553
7146.52002 0.001541
7147.74219 0.001529
7148.96484 0.001517
7150.18799 0.001506
7151.41211 0.001494
7152.63477 0.001483
7153.85889 0.001472
7155.08301 0.001461
7156.30713 0.001451
7157.53076 0.00144
7158.75586 0.001429
7159.98096 0.001418
7161.20605 0.001407
7162.43115 0.001396
7163.65723 0.001386
7164.88184 0.001376
7166.10791 0.001366
7167.33398 0.001355
7168.56104 0.001345
7169.78711 0.001335
7171.01416 0.001325
7172.24121 0.001315
7173.46777 0.001305
7174.69482 0.001296
7175.92285 0.001286
7177.14990 0.001276
7178.37793 0.001266
7179.60596 0.001257
7180.83496 0.001247
7182.06299 0.001237
7183.29199 0.001228
7184.52100 0.001219
7185.75000 0.001209
7186.97998 0.0012
7188.20996 0.001191
7189.43896 0.001182
7190.66992 0.001172
7191.89990 0.001163
7193.12988 0.001154
7194.36084 0.001146
7195.59180 0.001137
7196.82324 0.001128
7198.05518 0.00112
7199.28613 0.001111
7200.51807 0.001102
7201.75000 0.001094
7202.98193 0.001086
7204.21387 0.001078
7205.44678 0.00107
7206.68018 0.001062
7207.91309 0.001054
7209.14600 0.001046
7210.37891 0.001038
7211.61279 0.00103
7212.84717 0.001022
7214.08105 0.001014
7215.31494 0.001006
7216.54980 0.000999
7217.78516 0.000991
7219.02002 0.000983
7220.25488 0.000975
7221.49023 0.000967
7222.72607 0.00096
7223.96094 0.000953
7225.19678 0.000945
7226.43408 0.000938
7227.66992 0.000931
7228.90723 0.000923
7230.14404 0.000916
7231.37988 0.000909
7232.61816 0.000901
7233.85498 0.000895
7235.09277 0.000888
7236.33105 0.000881
7237.56885 0.000874
7238.80713 0.000867
7240.04492 0.000861
7241.28418 0.000854
7242.52295 0.000847
7243.76221 0.000841
7245.00195 0.000834
7246.24121 0.000828
7247.48096 0.000821
7248.72119 0.000814
7249.96094 0.000808
7251.20215 0.000801
7252.44189 0.000795
7253.68311 0.000789
7254.92383 0.000783
7256.16602 0.000777
7257.40723 0.000771
7258.64893 0.000765
7259.89111 0.000759
7261.13281 0.000753
7262.37500 0.000747
7263.61816 0.000741
7264.85986 0.000735
7266.10400 0.000729
7267.34717 0.000723
7268.58984 0.000718
7269.83398 0.000712
7271.07812 0.000706
7272.32178 0.0007
7273.56592 0.000695
7274.81104 0.00069
7276.05518 0.000684
7277.29980 0.000679
7278.54492 0.000674
7279.79102 0.000669
7281.03613 0.000663
7282.28223 0.000658
7283.52783 0.000653
7284.77393 0.000648
7286.02002 0.000643
7287.26709 0.000638
7288.51416 0.000633
7289.76123 0.000628
7291.00781 0.000623
7292.25488 0.000618
7293.50293 0.000613
7294.75098 0.000608
7295.99902 0.000603
7297.24707 0.000598
7298.49609 0.000593
7299.74512 0.000589
7300.99414 0.000584
7302.24316 0.000579
7303.49219 0.000574
7304.74219 0.00057
7305.99121 0.000566
7307.24121 0.000561
7308.49219 0.000557
7309.74219 0.000552
7310.99316 0.000548
7312.24414 0.000544
7313.49512 0.000539
7314.74609 0.000535
7315.99805 0.000531
7317.24902 0.000527
7318.50098 0.000522
7319.75293 0.000518
7321.00586 0.000514
7322.25781 0.000509
7323.51123 0.000506
7324.76416 0.000502
7326.01709 0.000498
7327.27100 0.000494
7328.52393 0.00049
7329.77783 0.000486
7331.03223 0.000483
7332.28711 0.000479
7333.54102 0.000475
7334.79590 0.000472
7336.05078 0.000468
7337.30615 0.000464
7338.56201 0.000461
7339.81689 0.000457
7341.07324 0.000453
7342.32910 0.00045
7343.58496 0.000446
7344.84082 0.000442
7346.09814 0.000438
7347.35498 0.000435
7348.61182 0.000431
7349.86914 0.000427
7351.12695 0.000423
7352.38477 0.00042
7353.64307 0.000417
7354.90088 0.000413
7356.15918 0.00041
7357.41797 0.000407
7358.67676 0.000404
7359.93604 0.000401
8095.92969 0.0
