threeML/data/optical_filters/HST/WFC3_IR-F160W.ecsv
# %ECSV 0.9
# ---
# datatype:
# - {name: wavelength, unit: Angstrom, datatype: float32}
# - {name: response, datatype: float32}
# meta: !!omap
# - {band_name: F160W}
# - {group_name: WFC3_IR}
wavelength response
[from data line 2300]
16525.88086 0.478556
16527.22070 0.47847
16528.56055 0.478384
16529.91016 0.478298
16531.25000 0.478266
16532.58984 0.478238
16533.92969 0.47821
16535.26953 0.478182
16536.60938 0.478154
16537.94922 0.478126
16539.28906 0.478098
16540.64062 0.47807
16541.98047 0.478042
16543.32031 0.478014
16544.66016 0.477973
16546.00000 0.477825
16547.34961 0.477677
16548.68945 0.47753
16550.02930 0.477382
16551.36914 0.477235
16552.72070 0.477087
16554.06055 0.476939
16555.40039 0.476792
16556.74023 0.476644
16558.08984 0.476496
16559.42969 0.476349
16560.77930 0.476201
16562.11914 0.476054
16563.46094 0.475906
16564.80078 0.475729
16566.15039 0.475438
16567.49023 0.475148
16568.83984 0.474857
16570.17969 0.47456
16571.52930 0.474211
16572.86914 0.473863
16574.21094 0.473515
16575.56055 0.473166
16576.90039 0.472819
16578.25000 0.47247
16579.58984 0.472122
16580.93945 0.471815
16582.27930 0.471525
16583.63086 0.471235
16584.97070 0.470934
16586.32031 0.470611
16587.66016 0.470288
16589.00977 0.469965
16590.35938 0.469642
16591.69922 0.469319
16593.05078 0.468996
16594.39062 0.468672
16595.74023 0.468349
16597.08984 0.468026
16598.42969 0.467703
16599.77930 0.46738
16601.13086 0.466925
16602.47070 0.466442
16603.82031 0.465961
16605.16992 0.465506
16606.50977 0.465081
16607.85938 0.464656
16609.21094 0.464232
16610.55078 0.463785
16611.90039 0.463303
16613.25000 0.462823
16614.59961 0.462342
16615.94922 0.461862
16617.28906 0.461382
16618.64062 0.460902
16619.99023 0.460423
16621.33984 0.46
16622.68945 0.459579
16624.03906 0.459157
16625.38086 0.45881
16626.73047 0.458507
16628.08008 0.458204
16629.42969 0.457901
16630.77930 0.457599
16632.13086 0.457296
16633.48047 0.456994
16634.83008 0.456692
16636.17969 0.45639
16637.52930 0.456088
16638.88086 0.455786
16640.22070 0.455484
16641.57031 0.455183
16642.92969 0.454881
16644.27930 0.45458
16645.63086 0.454425
16646.98047 0.454307
16648.33008 0.45419
16649.67969 0.454072
16651.02930 0.453911
16652.38086 0.453737
16653.73047 0.453563
16655.08008 0.453388
16656.42969 0.453214
16657.77930 0.453039
16659.13086 0.452865
16660.48047 0.452711
16661.83984 0.452593
16663.18945 0.452475
16664.53906 0.452357
16665.89062 0.452236
16667.24023 0.452114
16668.59961 0.451993
16669.94922 0.451871
16671.30078 0.45175
16672.65039 0.451628
16674.00977 0.451507
16675.35938 0.451386
16676.71094 0.451264
16678.06055 0.451142
16679.41992 0.451021
16680.76953 0.450867
16682.11914 0.450689
16683.48047 0.450512
16684.83008 0.450339
16686.17969 0.450187
16687.53906 0.450035
16688.89062 0.449883
16690.24023 0.449741
16691.59961 0.449645
16692.94922 0.449549
16694.31055 0.449453
16695.66016 0.449357
16697.01953 0.449261
16698.36914 0.449165
16699.72070 0.449068
16701.08008 0.448972
16702.42969 0.448876
16703.78906 0.44878
16705.14062 0.448631
16706.50000 0.448413
16707.84961 0.448194
16709.21094 0.447976
16710.56055 0.447734
16711.91992 0.447459
16713.27930 0.447184
16714.63086 0.44691
16715.99023 0.446636
16717.33984 0.446362
16718.69922 0.446087
16720.06055 0.445816
16721.41016 0.445598
16722.76953 0.44538
16724.13086 0.445162
16725.48047 0.444767
16726.83984 0.444287
16728.19922 0.443808
16729.55078 0.443329
16730.91016 0.44285
16732.26953 0.442371
16733.63086 0.441892
16734.98047 0.441414
16736.33984 0.440936
16737.69922 0.440458
16739.06055 0.43998
16740.41016 0.439486
16741.76953 0.438954
16743.13086 0.438421
16744.49023 0.43789
16745.84961 0.437153
16747.21094 0.436402
16748.56055 0.435652
16749.91992 0.434904
16751.27930 0.434207
16752.64062 0.433514
16754.00000 0.432822
16755.35938 0.432129
16756.72070 0.431437
16758.08008 0.430746
16759.43945 0.430055
16760.78906 0.429365
16762.16016 0.428674
16763.51953 0.427984
16764.86914 0.427283
16766.23047 0.426541
16767.59961 0.425798
16768.96094 0.425057
16770.32031 0.424303
16771.67969 0.423509
16773.03906 0.422715
16774.40039 0.421921
16775.75977 0.421129
16777.11914 0.420337
16778.48047 0.419546
16779.83984 0.418755
16781.19922 0.418012
16782.56055 0.417276
16783.92969 0.41654
16785.28906 0.415894
16786.65039 0.415332
16788.00977 0.414771
16789.36914 0.414209
16790.73047 0.41362
16792.09961 0.413007
16793.46094 0.412394
16794.82031 0.411782
16796.17969 0.41117
16797.53906 0.410559
16798.91016 0.409948
16800.26953 0.409348
16801.63086 0.408793
16803.00000 0.408238
16804.35938 0.407683
16805.72070 0.40704
16807.08984 0.40638
16808.44922 0.40572
16809.81055 0.40506
16811.17969 0.404401
16812.53906 0.403742
16813.90039 0.403084
16815.26953 0.402426
16816.63086 0.401769
16818.00000 0.401111
16819.35938 0.400455
16820.73047 0.399771
16822.08984 0.399064
16823.46094 0.398358
16824.82031 0.397463
16826.18945 0.395623
16827.55078 0.393786
16828.91016 0.391952
16830.27930 0.390129
16831.64062 0.388346
16833.00977 0.386563
16834.38086 0.384784
16835.74023 0.383005
16837.10938 0.381229
16838.47070 0.379451
16839.83984 0.377678
16841.21094 0.375863
16842.57031 0.374042
16843.93945 0.372225
16845.30078 0.36897
16846.66992 0.364369
16848.03906 0.359779
16849.40039 0.355188
16850.76953 0.350628
16852.14062 0.346092
16853.50977 0.341559
16854.86914 0.33703
16856.24023 0.332506
16857.60938 0.327985
16858.97070 0.323467
16860.33984 0.318944
16861.71094 0.314387
16863.08008 0.309843
16864.44922 0.305303
16865.81055 0.298464
16867.17969 0.291339
16868.55078 0.284212
16869.91992 0.277093
16871.28906 0.270024
16872.66016 0.262954
16874.02930 0.25589
16875.39062 0.248832
16876.75977 0.241781
16878.13086 0.234735
16879.50000 0.227695
16880.86914 0.220662
16882.24023 0.213635
16883.60938 0.206614
16884.98047 0.199793
16886.34961 0.193497
16887.72070 0.187216
16889.08984 0.18094
16890.46094 0.174653
16891.83008 0.168367
16893.19922 0.162079
16894.57031 0.155798
16895.93945 0.149533
16897.31055 0.143266
16898.67969 0.137006
16900.05078 0.130754
16901.41992 0.124525
16902.78906 0.118301
16904.16992 0.112082
16905.53906 0.107517
16906.91016 0.103759
16908.27930 0.100004
16909.65039 0.096247
16911.01953 0.09249
16912.39062 0.088734
16913.76953 0.084977
16915.14062 0.081229
16916.50977 0.07748
16917.88086 0.073736
16919.25977 0.070001
16920.63086 0.066269
16922.00000 0.062545
16923.38086 0.058825
16924.75000 0.055275
16926.11914 0.053378
16927.49023 0.051478
16928.86914 0.049581
16930.24023 0.047686
16931.60938 0.045787
16932.99023 0.04389
16934.35938 0.041995
16935.73047 0.0401
16937.10938 0.03821
16938.48047 0.036319
16939.85938 0.034433
16941.23047 0.03255
16942.60938 0.03067
16943.98047 0.028794
16945.34961 0.027422
16946.73047 0.026502
16948.09961 0.025583
16949.48047 0.024664
16950.84961 0.023745
16952.23047 0.022826
16953.59961 0.021907
16954.98047 0.02099
16956.34961 0.020073
16957.73047 0.019158
16959.10938 0.018242
16960.48047 0.017329
16961.85938 0.016415
16963.23047 0.015504
16964.60938 0.014593
16965.98047 0.014134
16967.35938 0.013682
16968.74023 0.013231
16970.11914 0.012781
16971.49023 0.012334
16972.86914 0.011886
16974.24023 0.011438
16975.61914 0.010991
16977.00000 0.010544
16978.36914 0.010098
16979.75000 0.009652
16981.13086 0.009205
16982.50977 0.008759
16983.89062 0.008313
16985.25977 0.00796
16986.64062 0.00772
16988.01953 0.007479
16989.40039 0.007239
16990.77930 0.006999
16992.15039 0.00676
16993.52930 0.006521
16994.91016 0.006283
16996.28906 0.006045
16997.66992 0.005807
16999.05078 0.005569
17000.42969 0.005331
17001.81055 0.005092
17003.18945 0.004853
17004.56055 0.004615
17005.93945 0.004485
17007.32031 0.004362
17008.69922 0.004238
17010.08008 0.004115
17011.46094 0.003993
17012.83984 0.003871
17014.22070 0.003749
17015.59961 0.003626
17016.98047 0.003505
17018.35938 0.003383
17019.74023 0.003261
17021.13086 0.003139
17022.50977 0.003017
17023.89062 0.002896
17025.26953 0.002794
17026.65039 0.002716
17028.02930 0.002639
17029.41016 0.002561
17030.78906 0.002484
17032.16992 0.002406
17033.56055 0.002329
17034.93945 0.002252
17036.32031 0.002175
17037.69922 0.002098
17039.08008 0.002022
17040.47070 0.001945
17041.84961 0.001869
17043.23047 0.001793
17044.60938 0.001716
17046.00000 0.00168
17047.38086 0.001644
17048.75977 0.001608
17050.14062 0.001573
17051.52930 0.001537
17052.91016 0.001501
17054.28906 0.001466
17055.67969 0.00143
17057.06055 0.001395
17058.44922 0.001359
17059.83008 0.001324
17061.21094 0.001288
17062.59961 0.001253
17063.98047 0.001218
17065.36914 0.001184
17066.75000 0.001152
17068.13086 0.00112
17069.51953 0.001088
17070.90039 0.001056
17072.28906 0.001024
17073.66992 0.000992
17075.06055 0.00096
17076.44922 0.000927
17077.83008 0.000895
17079.21094 0.000864
17080.59961 0.000832
17081.99023 0.0008
17083.36914 0.000768
17084.75977 0.000737
17086.14062 0.000713
17087.52930 0.00069
17088.91992 0.000667
17090.30078 0.000644
17091.68945 0.000621
17093.08008 0.000598
17094.46094 0.000575
17095.84961 0.000552
17097.24023 0.000529
17098.61914 0.000506
17100.00977 0.000483
17101.40039 0.00046
17102.77930 0.000437
17104.16992 0.000415
17105.56055 0.000401
18816.11719 0.0
