threeML/data/optical_filters/HST/WFC3_IR-F128N.ecsv
# %ECSV 0.9
# ---
# datatype:
# - {name: wavelength, unit: Angstrom, datatype: float32}
# - {name: response, datatype: float32}
# meta: !!omap
# - {band_name: F128N}
# - {group_name: WFC3_IR}
wavelength response
11416.24805 0.0
12684.71973 0.000401
12685.75000 0.000409
12686.78027 0.000417
12687.80957 0.000425
12688.83984 0.000433
12689.87012 0.000441
12690.88965 0.000449
12691.91992 0.000457
12692.95020 0.000465
12693.98047 0.000473
12695.00977 0.000481
12696.04004 0.000489
12697.07031 0.000497
12698.09961 0.000505
12699.12988 0.000513
12700.16016 0.000521
12701.19043 0.000529
12702.21973 0.000492
12703.25000 0.000438
12704.29004 0.000448
12705.32031 0.000474
12706.34961 0.00057
12707.37988 0.000679
12708.41016 0.000614
12709.44043 0.00053
12710.46973 0.000606
12711.50000 0.000688
12712.53027 0.000797
12713.55957 0.00091
12714.58984 0.001074
12715.62988 0.001214
12716.66016 0.001213
12717.69043 0.001223
12718.71973 0.001277
12719.75000 0.001375
12720.78027 0.001594
12721.82031 0.00185
12722.84961 0.002179
12723.87988 0.002519
12724.91016 0.002877
12725.95020 0.003234
12726.98047 0.003592
12728.00977 0.004104
12729.04004 0.004765
12730.08008 0.005554
12731.11035 0.006435
12732.13965 0.007562
12733.16992 0.008829
12734.20996 0.010445
12735.24023 0.012212
12736.26953 0.01444
12737.30957 0.016812
12738.33984 0.019915
12739.37012 0.023169
12740.41016 0.027458
12741.44043 0.031878
12742.46973 0.038033
12743.50977 0.044325
12744.54004 0.052967
12745.57031 0.061789
12746.61035 0.072459
12747.63965 0.083633
12748.67969 0.097628
12749.70996 0.112076
12750.75000 0.128055
12751.78027 0.144905
12752.80957 0.163971
12753.84961 0.183579
12754.87988 0.204223
12755.91992 0.225463
12756.95020 0.247591
12757.99023 0.269593
12759.01953 0.291457
12760.05957 0.312901
12761.08984 0.334037
12762.12988 0.353256
12763.16016 0.371248
12764.20020 0.387968
12765.23047 0.404099
12766.26953 0.417917
12767.29980 0.430951
12768.33984 0.442143
12769.37988 0.452915
12770.41016 0.461349
12771.45020 0.469509
12772.48047 0.475607
12773.51953 0.481555
12774.55957 0.485371
12775.58984 0.489085
12776.62988 0.491823
12777.66992 0.494408
12778.70020 0.496203
12779.74023 0.497851
12780.78027 0.498978
12781.80957 0.500019
12782.84961 0.500887
12783.88965 0.50165
12784.91992 0.50224
12785.95996 0.502756
12787.00000 0.503179
12788.04004 0.503401
12789.07031 0.503436
12790.11035 0.503357
12791.15039 0.503198
12792.19043 0.502965
12793.21973 0.502695
12794.25977 0.502159
12795.29980 0.501528
12796.33984 0.500941
12797.37012 0.500365
12798.41016 0.499594
12799.45020 0.498795
12800.49023 0.498046
12801.53027 0.497291
12802.57031 0.4964
12803.59961 0.495521
12804.63965 0.494741
12805.67969 0.494005
12806.71973 0.493476
12807.75977 0.492939
12808.79980 0.492382
12809.83984 0.49187
12810.87988 0.491487
12811.91992 0.491056
12812.95996 0.49054
12814.00000 0.49017
12815.04004 0.48996
12816.07031 0.48969
12817.11035 0.489369
12818.15039 0.489048
12819.19043 0.488727
12820.23047 0.488397
12821.26953 0.488033
12822.30957 0.487713
12823.34961 0.487406
12824.38965 0.487241
12825.42969 0.4871
12826.46973 0.486778
12827.51953 0.486443
12828.55957 0.486135
12829.59961 0.485829
12830.63965 0.48555
12831.67969 0.485274
12832.71973 0.485022
12833.75977 0.48477
12834.79980 0.484518
12835.83984 0.484239
12836.87988 0.483903
12837.91992 0.483501
12838.96973 0.482998
12840.00977 0.482574
12841.04980 0.482238
12842.08984 0.481949
12843.12988 0.481697
12844.16992 0.481444
12845.21973 0.481192
12846.25977 0.48092
12847.29980 0.480639
12848.33984 0.480381
12849.38965 0.480129
12850.42969 0.479624
12851.46973 0.479106
12852.50977 0.478882
12853.55957 0.478671
12854.59961 0.47846
12855.63965 0.478262
12856.67969 0.478162
12857.73047 0.478057
12858.76953 0.47793
12859.80957 0.477786
12860.86035 0.477569
12861.90039 0.477272
12862.94043 0.476851
12863.99023 0.476506
12865.03027 0.476253
12866.07031 0.47594
12867.12012 0.475576
12868.16016 0.475297
12869.20996 0.475072
12870.25000 0.474906
12871.29004 0.474765
12872.33984 0.47447
12873.37988 0.474133
12874.42969 0.473675
12875.46973 0.473198
12876.50977 0.472881
12877.55957 0.472578
12878.59961 0.472436
12879.65039 0.472292
12880.69043 0.472123
12881.74023 0.472011
12882.78027 0.472122
12883.83008 0.472249
12884.87012 0.472416
12885.91992 0.472625
12886.95996 0.472905
12888.00977 0.473262
12889.05957 0.473709
12890.09961 0.474283
12891.15039 0.474996
12892.19043 0.475691
12893.24023 0.476376
12894.28027 0.476776
12895.33008 0.477069
12896.37988 0.476792
12897.41992 0.476383
12898.46973 0.475116
12899.51953 0.473751
12900.55957 0.471008
12901.61035 0.468023
12902.65039 0.462579
12903.70020 0.456753
12904.75000 0.449032
12905.79004 0.440271
12906.83984 0.428451
12907.88965 0.415918
12908.94043 0.402001
12909.98047 0.386253
12911.03027 0.368089
12912.08008 0.349449
12913.12988 0.330388
12914.16992 0.309768
12915.21973 0.288131
12916.26953 0.266803
12917.32031 0.245606
12918.36035 0.224149
12919.41016 0.202626
12920.45996 0.183604
12921.50977 0.164891
12922.55957 0.147029
12923.59961 0.129407
12924.65039 0.114831
12925.70020 0.100567
12926.75000 0.087951
12927.79980 0.076044
12928.84961 0.066285
12929.90039 0.057073
12930.95020 0.048908
12931.99023 0.041806
12933.04004 0.036068
12934.08984 0.031004
12935.13965 0.026534
12936.19043 0.022883
12937.24023 0.019734
12938.29004 0.017043
12939.33984 0.014536
12940.38965 0.012601
12941.44043 0.010798
12942.49023 0.009479
12943.54004 0.00821
12944.58984 0.007312
12945.63965 0.006426
12946.69043 0.005663
12947.74023 0.004933
12948.79004 0.004341
12949.83984 0.003806
12950.88965 0.003412
12951.94043 0.003038
12952.99023 0.0027
12954.04004 0.00239
12955.08984 0.002111
12956.13965 0.001865
12957.20020 0.001643
12958.25000 0.001458
12959.29980 0.001293
12960.34961 0.001191
12961.40039 0.00111
12962.45020 0.001053
12963.50000 0.001
12964.55957 0.000974
12965.61035 0.000948
12966.66016 0.000895
12967.70996 0.00082
12968.75977 0.000625
12969.80957 0.00051
12970.87012 0.000627
12971.91992 0.000723
12972.96973 0.000783
12974.01953 0.000766
12975.08008 0.000656
12976.12988 0.000547
12977.17969 0.000437
12978.23047 0.000438
12979.29004 0.000498
12980.33984 0.000431
14278.37402 0.0
