threeML/data/optical_filters/HST/WFC3_UVIS1-F673N.ecsv
# %ECSV 0.9
# ---
# datatype:
# - {name: wavelength, unit: Angstrom, datatype: float32}
# - {name: response, datatype: float32}
# meta: !!omap
# - {band_name: F673N}
# - {group_name: WFC3_UVIS1}
wavelength response
6000.28223 0.0
6666.97998 0.000455
6668.12109 0.000507
6669.26221 0.000579
6670.40283 0.00066
6671.54395 0.000752
6672.68604 0.00086
6673.82715 0.00099
6674.96924 0.001132
6676.11084 0.001308
6677.25293 0.001507
6678.39600 0.00174
6679.53809 0.00202
6680.68115 0.002331
6681.82422 0.002718
6682.96680 0.00315
6684.11084 0.003704
6685.25391 0.004387
6686.39795 0.005198
6687.54199 0.00617
6688.68701 0.007351
6689.83105 0.008809
6690.97607 0.010531
6692.12012 0.012693
6693.26514 0.015373
6694.41016 0.018558
6695.55615 0.022383
6696.70117 0.027353
6697.84717 0.033582
6698.99316 0.041785
6700.13916 0.051668
6701.28613 0.063877
6702.43213 0.07867
6703.57910 0.095519
6704.72607 0.114808
6705.87305 0.137061
6707.02100 0.15911
6708.16797 0.180783
6709.31494 0.200273
6710.46289 0.218454
6711.61182 0.23258
6712.75977 0.241569
6713.90918 0.245833
6715.05713 0.246483
6716.20605 0.244483
6717.35498 0.241066
6718.50391 0.236787
6719.65381 0.232359
6720.80420 0.227775
6721.95410 0.223865
6723.10400 0.220691
6724.25391 0.217723
6725.40381 0.215363
6726.55518 0.21389
6727.70605 0.212598
6728.85693 0.212201
6730.00781 0.212127
6731.16016 0.212803
6732.31201 0.213828
6733.46289 0.214854
6734.61523 0.216485
6735.76807 0.218012
6736.91992 0.219834
6738.07324 0.222048
6739.22607 0.224464
6740.37793 0.226685
6741.53223 0.228778
6742.68604 0.231106
6743.83887 0.233476
6744.99316 0.235393
6746.14697 0.237352
6747.30078 0.23928
6748.45605 0.241005
6749.60986 0.242529
6750.76514 0.243206
6751.91992 0.244929
6753.07520 0.245766
6754.22998 0.246631
6755.38623 0.246902
6756.54199 0.247613
6757.69824 0.248216
6758.85400 0.248251
6760.01123 0.247826
6761.16699 0.248
6762.32422 0.247706
6763.48096 0.247522
6764.63818 0.247129
6765.79492 0.247089
6766.95312 0.246577
6768.11084 0.246176
6769.26904 0.245922
6770.42676 0.245481
6771.58496 0.245225
6772.74414 0.244564
6773.90283 0.244566
6775.06201 0.244041
6776.22119 0.243707
6777.37988 0.243322
6778.54004 0.242923
6779.70020 0.242818
6780.85986 0.242687
6782.02002 0.241944
6783.18018 0.242111
6784.34082 0.24179
6785.50098 0.241761
6786.66309 0.24163
6787.82422 0.241788
6788.98486 0.241559
6790.14600 0.241536
6791.30908 0.241371
6792.47021 0.24143
6793.63184 0.241405
6794.79492 0.241441
6795.95801 0.241397
6797.12012 0.240546
6798.28320 0.240212
6799.44580 0.240023
6800.60889 0.239481
6801.77295 0.238553
6802.93701 0.237378
6804.10107 0.236225
6805.26514 0.235144
6806.42920 0.233299
6807.59424 0.230982
6808.75879 0.228447
6809.92285 0.225443
6811.08887 0.222081
6812.25391 0.21798
6813.41895 0.212866
6814.58496 0.207879
6815.75098 0.201926
6816.91699 0.194957
6818.08301 0.187288
6819.25000 0.17856
6820.41699 0.169159
6821.58398 0.159604
6822.75098 0.148837
6823.91797 0.138094
6825.08594 0.127123
6826.25391 0.116421
6827.42090 0.10575
6828.58984 0.095287
6829.75781 0.085617
6830.92676 0.076453
6832.09521 0.067373
6833.26416 0.058983
6834.43408 0.051776
6835.60303 0.045262
6836.77197 0.039342
6837.94189 0.03418
6839.11182 0.029799
6840.28223 0.025882
6841.45312 0.022448
6842.62305 0.019523
6843.79395 0.016959
6844.96484 0.014659
6846.13623 0.012642
6847.30713 0.010957
6848.47900 0.009498
6849.64990 0.008232
6850.82178 0.007122
6851.99512 0.00624
6853.16699 0.00546
6854.33887 0.004768
6855.51221 0.00418
6856.68506 0.003679
6857.85791 0.003245
6859.03223 0.002825
6860.20508 0.002476
6861.37891 0.002174
6862.55322 0.001921
6863.72705 0.00169
6864.90088 0.001494
6866.07617 0.001325
6867.25000 0.001177
6868.42480 0.001055
6869.60107 0.000942
6870.77588 0.000843
6871.95215 0.000742
6873.12695 0.000662
6874.30322 0.000591
6875.47900 0.00053
6876.65576 0.000476
6877.83301 0.000424
7565.61621 0.0
