threeML/data/optical_filters/HST/WFC3_UVIS1-F225W.ecsv
# %ECSV 0.9
# ---
# datatype:
# - {name: wavelength, unit: Angstrom, datatype: float32}
# - {name: response, datatype: float32}
# meta: !!omap
# - {band_name: F225W}
# - {group_name: WFC3_UVIS1}
wavelength response
1791.01892 0.0
1990.02100 0.002592
1990.36096 0.002623
1990.70203 0.002657
1991.04297 0.0027
1991.38306 0.002744
1991.72400 0.002787
1992.06494 0.002831
1992.40601 0.002875
1992.74597 0.002919
1993.08704 0.002963
1993.42798 0.003007
1993.77002 0.003051
1994.11096 0.003096
1994.45203 0.00314
1994.79297 0.003185
1995.13403 0.003229
1995.47595 0.003274
1995.81702 0.003319
1996.15906 0.003364
1996.50000 0.003409
1996.84204 0.003454
1997.18298 0.003499
1997.52502 0.003545
1997.86694 0.00359
1998.20898 0.003636
1998.55103 0.003682
1998.89197 0.003728
1999.23401 0.003773
1999.57703 0.003819
1999.91895 0.003866
2000.26099 0.00391
2000.60303 0.003953
2000.94495 0.004012
2001.28796 0.004073
2001.63000 0.004134
2001.97302 0.004195
2002.31494 0.004256
2002.65796 0.004318
2003.00000 0.004379
2003.34302 0.00444
2003.68604 0.004502
2004.02905 0.004563
2004.37195 0.004625
2004.71399 0.004686
2005.05701 0.004748
2005.40100 0.00481
2005.74402 0.004872
2006.08704 0.004934
2006.43005 0.004995
2006.77295 0.005057
2007.11694 0.005119
2007.45996 0.005182
2007.80396 0.005244
2008.14697 0.005306
2008.49097 0.005368
2008.83398 0.00543
2009.17798 0.005493
2009.52197 0.005555
2009.86597 0.005618
2010.20898 0.00568
2010.55298 0.005743
2010.89697 0.005821
2011.24097 0.005906
2011.58606 0.00599
2011.93005 0.006075
2012.27405 0.006159
2012.61804 0.006244
2012.96301 0.006329
2013.30701 0.006414
2013.65100 0.006499
2013.99597 0.006584
2014.34094 0.006669
2014.68506 0.006754
2015.03003 0.00684
2015.37500 0.006925
2015.71899 0.007011
2016.06396 0.007096
2016.40906 0.007182
2016.75403 0.007268
2017.09900 0.007353
2017.44397 0.007439
2017.79004 0.007525
2018.13501 0.007611
2018.47998 0.007697
2018.82605 0.007784
2019.17102 0.00787
2019.51599 0.007956
2019.86206 0.008043
2020.20801 0.008129
2020.55298 0.008215
2020.89905 0.008317
2021.24500 0.008426
2021.58997 0.008534
2021.93604 0.008643
2022.28198 0.008752
2022.62805 0.00886
2022.97400 0.008969
2023.31995 0.009078
2023.66699 0.009187
2024.01294 0.009297
2024.35901 0.009406
2024.70605 0.009515
2025.05200 0.009625
2025.39795 0.009734
2025.74500 0.009844
2026.09204 0.009954
2026.43799 0.010064
2026.78503 0.010174
2027.13196 0.010284
2027.47900 0.010394
2027.82495 0.010504
2028.17200 0.010614
2028.51904 0.010725
2028.86597 0.010835
2029.21399 0.010946
2029.56104 0.011057
2029.90796 0.011167
2030.25500 0.011279
2030.60303 0.01139
2030.94995 0.011517
2031.29797 0.011647
2031.64502 0.011777
2031.99304 0.011907
2032.33997 0.012037
2032.68799 0.012167
2033.03601 0.012298
2033.38403 0.012428
2033.73206 0.012559
2034.07996 0.01269
2034.42798 0.012821
2034.77600 0.012952
2035.12402 0.013083
2035.47205 0.013214
2035.81995 0.013346
2036.16895 0.013477
2036.51697 0.013609
2036.86499 0.013741
2037.21399 0.013872
2037.56299 0.014004
2037.91101 0.014137
2038.26001 0.014269
2038.60901 0.014401
2038.95703 0.014534
2039.30603 0.014666
2039.65503 0.014799
2040.00403 0.014932
2040.35303 0.015065
2040.70203 0.015199
2041.05103 0.015339
2041.40100 0.015479
2041.75000 0.01562
2042.09900 0.01576
2042.44800 0.015901
2042.79797 0.016042
2043.14697 0.016182
2043.49695 0.016323
2043.84705 0.016465
2044.19604 0.016606
2044.54602 0.016747
2044.89600 0.016889
2045.24597 0.01703
2045.59595 0.017172
2045.94604 0.017314
2046.29602 0.017456
2046.64600 0.017598
2046.99597 0.017741
2047.34595 0.017883
2047.69702 0.018026
2048.04712 0.018168
2048.39697 0.018311
2048.74805 0.018454
2049.09790 0.018597
2049.44897 0.01874
2049.80005 0.018884
2050.14990 0.019028
2050.50098 0.019173
2050.85205 0.019314
2051.20288 0.019454
2051.55396 0.019593
2051.90503 0.019733
2052.25610 0.019873
2052.60693 0.020013
2052.95801 0.020153
2053.30908 0.020293
2053.66089 0.020434
2054.01196 0.020574
2054.36401 0.020715
2054.71509 0.020856
2055.06689 0.020997
2055.41797 0.021138
2055.77002 0.021279
2056.12207 0.021421
2056.47290 0.021562
2056.82495 0.021704
2057.17700 0.021846
2057.52905 0.021988
2057.88110 0.02213
2058.23291 0.022272
2058.58496 0.022415
2058.93701 0.022557
2059.29004 0.0227
2059.64209 0.022843
2059.99512 0.022986
2060.34692 0.023129
2060.69897 0.02327
2061.05200 0.023397
2061.40503 0.023525
2061.75708 0.023652
2062.11011 0.02378
2062.46289 0.023908
2062.81592 0.024036
2063.16895 0.024164
2063.52197 0.024292
2063.87500 0.024421
2064.22803 0.024549
2064.58105 0.024678
2064.93408 0.024806
2065.28809 0.024935
2065.64111 0.025064
2065.99390 0.025193
2066.34790 0.025322
2066.70093 0.025452
2067.05493 0.025581
2067.40894 0.025711
2067.76196 0.025841
2068.11597 0.025971
2068.46997 0.026101
2068.82397 0.026231
2069.17798 0.026361
2069.53198 0.026491
2069.88599 0.026622
2070.23999 0.026752
2070.59399 0.026882
2070.94897 0.026998
2071.30298 0.027111
2071.65698 0.027225
2072.01196 0.027338
2072.36597 0.027452
2072.72095 0.027565
2073.07593 0.027679
2073.42993 0.027793
2073.78491 0.027907
2074.13989 0.028021
2074.49512 0.028135
2074.85010 0.028249
2075.20508 0.028364
2075.56006 0.028478
2075.91504 0.028593
2076.27002 0.028707
2076.62500 0.028822
2076.97998 0.028937
2077.33594 0.029052
2077.69092 0.029167
2078.04712 0.029282
2078.40210 0.029398
2078.75806 0.029513
2079.11401 0.029629
2079.46899 0.029744
2079.82495 0.02986
2080.18091 0.029976
2080.53711 0.030093
2080.89307 0.030198
2081.24902 0.030297
2081.60498 0.030397
2081.96094 0.030496
2082.31689 0.030595
2082.67407 0.030694
2083.03003 0.030794
2083.38599 0.030893
2083.74292 0.030993
2084.09912 0.031092
2084.45605 0.031192
2084.81299 0.031292
2085.16895 0.031392
2085.52588 0.031492
2085.88306 0.031592
2086.23999 0.031693
2086.59692 0.031793
2086.95410 0.031894
2087.31104 0.031994
2087.66797 0.032095
2088.02490 0.032196
2088.38208 0.032296
2088.73999 0.032397
2089.09692 0.032498
2089.45410 0.032599
2089.81201 0.032701
2090.16895 0.032802
2090.52710 0.032903
2090.88501 0.032997
2091.24194 0.033086
2091.60010 0.033175
2091.95801 0.033263
2092.31592 0.033353
2092.67407 0.033442
2093.03198 0.033531
2093.38989 0.03362
2093.74805 0.033709
2094.10693 0.033799
2094.46509 0.033888
2094.82300 0.033978
2095.18188 0.034068
2095.54004 0.034157
2095.89893 0.034247
2096.25708 0.034337
2096.61597 0.034427
2096.97510 0.034517
2097.33301 0.034608
2097.69189 0.034698
2098.05103 0.034788
2098.40991 0.034879
2098.76904 0.034969
2099.12793 0.03506
2099.48706 0.03515
2099.84692 0.035241
2100.20605 0.035348
2100.56494 0.035466
2100.92505 0.035579
2101.28394 0.035691
2101.64404 0.035803
2102.00293 0.035915
2102.36304 0.036028
2102.72192 0.03614
2103.08203 0.036253
2103.44189 0.036366
2103.80200 0.03648
2104.16211 0.036593
2104.52197 0.036707
2104.88208 0.036821
2105.24194 0.036935
2105.60205 0.03705
2105.96289 0.037165
2106.32300 0.037279
2106.68311 0.037395
2107.04395 0.03751
2107.40405 0.037626
2107.76489 0.037741
2108.12500 0.037857
2108.48608 0.037974
2108.84692 0.03809
2109.20801 0.038207
2109.56909 0.038324
2109.92896 0.038441
2110.29102 0.038558
2110.65210 0.038675
2111.01294 0.038787
2111.37402 0.038898
2111.73511 0.039009
2112.09595 0.039121
2112.45801 0.039233
2112.81909 0.039345
2113.18091 0.039457
2113.54199 0.039569
2113.90405 0.039682
2114.26611 0.039795
2114.62695 0.039908
2114.98901 0.040021
2115.35107 0.040134
2115.71289 0.040248
2116.07495 0.040362
2116.43701 0.040476
2116.79907 0.04059
2117.16089 0.040705
2117.52295 0.04082
2117.88599 0.040935
2118.24805 0.04105
2118.61108 0.041165
2118.97290 0.041281
2119.33496 0.041397
2119.69800 0.041513
2120.06104 0.041629
2120.42407 0.041744
2120.78589 0.041857
2121.14893 0.041969
2121.51196 0.04208
2121.87500 0.042192
2122.23804 0.042304
2122.60107 0.042416
2122.96411 0.042529
2123.32788 0.042641
2123.69092 0.042754
2124.05396 0.042867
2124.41797 0.04298
2124.78101 0.043093
2125.14502 0.043207
2125.50806 0.043321
2125.87207 0.043435
2126.23608 0.043549
2126.59912 0.043663
2126.96289 0.043778
2127.32690 0.043893
2127.69092 0.044008
2128.05493 0.044123
2128.41895 0.044238
2128.78296 0.044354
2129.14795 0.04447
2129.51196 0.044586
2129.87598 0.044702
2130.24097 0.044819
2130.60498 0.044937
2130.96997 0.045051
2131.33398 0.045164
2131.69897 0.045278
2132.06396 0.045391
2132.42798 0.045505
2132.79297 0.045619
2133.15796 0.045733
2133.52295 0.045848
2133.88794 0.045962
2134.25293 0.046077
2134.61890 0.046192
2134.98389 0.046308
2135.34912 0.046423
2135.71411 0.046539
2136.08008 0.046655
2136.44507 0.046771
2136.81104 0.046887
2137.17700 0.047003
2137.54199 0.04712
2137.90796 0.047237
2138.27393 0.047354
2138.63892 0.047471
2139.00488 0.047589
2139.37109 0.047707
2139.73706 0.047825
2140.10400 0.047943
2140.46997 0.048061
2140.83594 0.048175
2141.20190 0.048285
2141.56812 0.048394
2141.93506 0.048504
2142.30103 0.048614
2142.66797 0.048725
2143.03394 0.048835
2143.40088 0.048946
2143.76807 0.049057
2144.13501 0.049168
2144.50098 0.049279
2144.86792 0.049391
2145.23511 0.049502
2145.60303 0.049614
2145.96899 0.049726
2146.33691 0.049838
2146.70410 0.049951
2147.07104 0.050063
2147.43799 0.050176
2147.80591 0.050289
2148.17310 0.050402
2148.54102 0.050516
2148.90894 0.050629
2149.27588 0.050743
2149.64404 0.050857
2150.01196 0.050971
2150.37988 0.051085
2150.74805 0.051197
2151.11499 0.051301
2151.48389 0.051405
2151.85205 0.05151
2152.21997 0.051614
2152.58789 0.051719
2152.95605 0.051824
2153.32495 0.051929
2153.69312 0.052034
2154.06201 0.052139
2154.42993 0.052245
2154.79907 0.052351
2155.16699 0.052456
2155.53589 0.052562
2155.90503 0.052669
2156.27393 0.052775
2156.64307 0.052881
2157.01196 0.052988
2157.38110 0.053095
2157.75000 0.053202
2158.11890 0.053309
2158.48901 0.053417
2158.85791 0.053524
2159.22705 0.053632
2159.59595 0.05374
2159.96606 0.053848
2160.33496 0.053954
2160.70508 0.054059
2161.07495 0.054154
2161.44507 0.054248
2161.81396 0.054343
2162.18408 0.054438
2162.55396 0.054532
2162.92407 0.054627
2163.29395 0.054723
2163.66504 0.054818
2164.03491 0.054913
2164.40503 0.055009
2164.77490 0.055104
2165.14600 0.0552
2165.51611 0.055296
2165.88599 0.055392
2166.25708 0.055489
2166.62793 0.055585
2166.99902 0.055681
2167.36890 0.055778
2167.73999 0.055875
2168.11108 0.055972
2168.48193 0.056069
2168.85303 0.056166
2169.22412 0.056263
2169.59497 0.056361
2169.96606 0.056458
2170.33789 0.056558
2170.70898 0.056656
2171.08008 0.056742
2171.45190 0.056829
2171.82300 0.056915
2172.19507 0.057002
2172.56689 0.057088
2172.93799 0.057175
2173.31006 0.057262
2173.68188 0.057349
2174.05396 0.057436
2174.42603 0.057524
2174.79810 0.057611
2175.16992 0.057698
2175.54199 0.057786
2175.91406 0.057874
2176.28711 0.057962
2176.65894 0.058049
2177.03101 0.058138
2177.40405 0.058226
2177.77588 0.058314
2178.14893 0.058402
2178.52100 0.058491
2178.89404 0.05858
2179.26709 0.058668
2179.63989 0.058757
2180.01294 0.058846
2180.38599 0.058935
2180.75903 0.05902
2181.13208 0.059094
2181.50488 0.059167
2181.87793 0.059241
2182.25195 0.059315
2182.62500 0.059389
2182.99902 0.059462
2183.37207 0.059536
2183.74609 0.05961
2184.11890 0.059684
2184.49292 0.059759
2184.86694 0.059833
2185.23999 0.059907
2185.61499 0.059982
2185.98804 0.060056
2186.36206 0.060131
2186.73706 0.060205
2187.11108 0.06028
2187.48511 0.060355
2187.85889 0.06043
2188.23291 0.060505
2188.60791 0.06058
2188.98193 0.060655
2189.35693 0.06073
2189.73096 0.060806
2190.10596 0.060881
2190.48096 0.060956
2190.85498 0.061026
2191.22998 0.061092
2191.60498 0.061158
2191.97998 0.061224
2192.35498 0.06129
2192.72998 0.061356
2193.10498 0.061422
2193.48096 0.061488
2193.85596 0.061554
2194.23096 0.06162
2194.60693 0.061687
2194.98193 0.061753
2195.35791 0.061819
2195.73291 0.061886
2196.10889 0.061952
2196.48511 0.062019
2196.86108 0.062085
2197.23706 0.062152
2197.61304 0.062219
2197.98901 0.062286
2198.36499 0.062352
2198.74097 0.062419
2199.11694 0.062486
2199.49292 0.062553
2199.86890 0.062621
2200.24609 0.062691
2200.62207 0.062763
2200.99902 0.062827
2201.37500 0.062891
2201.75195 0.062954
2202.12891 0.063017
2202.50610 0.06308
2202.88208 0.063144
2203.25903 0.063207
2203.63599 0.063271
2204.01294 0.063334
2204.38989 0.063397
2204.76807 0.063461
2205.14502 0.063525
2205.52197 0.063588
2205.89893 0.063652
2206.27710 0.063716
2206.65405 0.063779
2207.03198 0.063843
2207.40894 0.063907
2207.78711 0.063971
2208.16504 0.064035
2208.54297 0.064099
2208.92090 0.064163
2209.29907 0.064227
2209.67700 0.064291
2210.05396 0.064355
2210.43311 0.064421
2210.81104 0.064485
2211.18896 0.064543
2211.56689 0.064601
2211.94604 0.064659
2212.32397 0.064718
2212.70288 0.064776
2213.08105 0.064834
2213.45996 0.064893
2213.83911 0.064951
2214.21802 0.065009
2214.59595 0.065068
2214.97510 0.065126
2215.35400 0.065185
2215.73291 0.065243
2216.11206 0.065302
2216.49097 0.06536
2216.87109 0.065419
2217.25000 0.065478
2217.62891 0.065536
2218.00903 0.065595
2218.38794 0.065654
2218.76807 0.065712
2219.14697 0.065771
2219.52710 0.06583
2219.90698 0.065889
2220.28711 0.065947
2220.66699 0.066005
2221.04712 0.066059
2221.42700 0.066113
2221.80688 0.066167
2222.18701 0.066221
2222.56689 0.066275
2222.94702 0.066328
2223.32788 0.066382
2223.70801 0.066436
2224.08789 0.06649
2224.46899 0.066544
2224.85010 0.066598
2225.22998 0.066652
2225.61108 0.066706
2225.99194 0.06676
2226.37305 0.066814
2226.75293 0.066868
2227.13501 0.066922
2227.51611 0.066976
2227.89697 0.06703
2228.27808 0.067084
2228.65894 0.067138
2229.04102 0.067192
2229.42212 0.067246
2229.80298 0.0673
2230.18506 0.067348
2230.56592 0.067388
2230.94800 0.067428
2231.33008 0.067469
2231.71094 0.067509
2232.09302 0.06755
2232.47510 0.067591
2232.85693 0.067632
2233.23901 0.067672
2233.62109 0.067713
2234.00293 0.067754
2234.38599 0.067794
2234.76807 0.067835
2235.14990 0.067876
2235.53296 0.067916
2235.91504 0.067957
2236.29810 0.067997
2236.67993 0.068038
2237.06299 0.068079
2237.44604 0.068119
2237.82910 0.06816
2238.21094 0.0682
2238.59399 0.068241
2238.97803 0.068282
2239.36108 0.068322
2239.74390 0.068363
2240.12695 0.068402
2240.51001 0.06844
2240.89404 0.068477
2241.27710 0.068516
2241.65991 0.068555
2242.04395 0.068593
2242.42700 0.068632
2242.81104 0.06867
2243.19507 0.068709
2243.57910 0.068747
2243.96289 0.068786
2244.34595 0.068824
2244.72998 0.068863
2245.11499 0.068901
2245.49902 0.06894
2245.88306 0.068978
2246.26709 0.069017
2246.65088 0.069055
2247.03589 0.069094
2247.41992 0.069132
2247.80493 0.06917
2248.18896 0.069209
2248.57397 0.069247
2248.95898 0.069286
2249.34399 0.069324
2249.72900 0.069362
2250.11304 0.069401
2250.49805 0.069441
2250.88306 0.069482
2251.26904 0.069525
2251.65405 0.069567
2252.03906 0.06961
2252.42407 0.069652
2252.81006 0.069694
2253.19507 0.069737
2253.58105 0.069779
2253.96606 0.069821
2254.35205 0.069864
2254.73804 0.069906
2255.12305 0.069948
2255.50903 0.069991
2255.89502 0.070033
2256.28101 0.070076
2256.66699 0.070118
2257.05298 0.07016
2257.43896 0.070203
2257.82495 0.070245
2258.21191 0.070287
2258.59790 0.07033
2258.98511 0.070372
2259.37109 0.070414
2259.75806 0.070457
2260.14404 0.070499
2260.53101 0.07054
2260.91797 0.070584
2261.30493 0.070631
2261.69092 0.070677
2262.07788 0.070724
2262.46606 0.07077
2262.85303 0.070816
2263.23999 0.070863
2263.62695 0.070909
2264.01392 0.070956
2264.40210 0.071002
2264.78906 0.071049
2265.17700 0.071095
2265.56396 0.071142
2265.95190 0.071188
2266.33911 0.071235
2266.72705 0.071281
2267.11499 0.071328
2267.50293 0.071374
2267.89111 0.07142
2268.27905 0.071467
2268.66699 0.071514
2269.05493 0.07156
2269.44312 0.071607
2269.83203 0.071653
2270.21997 0.071699
2270.60791 0.071745
2270.99707 0.071795
2271.38501 0.071846
2271.77393 0.071898
2272.16309 0.07195
2272.55200 0.072001
2272.93994 0.072053
2273.32910 0.072104
2273.71802 0.072156
2274.10693 0.072207
2274.49609 0.072259
2274.88501 0.072311
2275.27490 0.072362
2275.66406 0.072414
2276.05298 0.072466
2276.44312 0.072517
2276.83203 0.072569
2277.22192 0.072621
2277.61108 0.072672
2278.00098 0.072724
2278.39111 0.072776
2278.78101 0.072828
2279.17090 0.07288
2279.56104 0.072931
2279.94995 0.072983
2280.34106 0.073032
2280.73096 0.073081
2281.12109 0.073131
2281.51099 0.073181
2281.90210 0.073231
2282.29199 0.073281
2282.68311 0.073332
