threeML/data/optical_filters/HST/WFC3_UVIS1-F850LP.ecsv
# %ECSV 0.9
# ---
# datatype:
# - {name: wavelength, unit: Angstrom, datatype: float32}
# - {name: response, datatype: float32}
# meta: !!omap
# - {band_name: F850LP}
# - {group_name: WFC3_UVIS1}
wavelength response
[from data line 1588]
10771.19043 0.002009
10773.03027 0.001995
10774.87988 0.001981
10776.71973 0.001967
10778.55957 0.001953
10780.41016 0.001939
10782.25000 0.001925
10784.09961 0.001911
10785.94043 0.001898
10787.79004 0.001885
10789.62988 0.001871
10791.48047 0.001858
10793.33008 0.001845
10795.16992 0.001831
10797.01953 0.001817
10798.87012 0.001804
10800.70996 0.001791
10802.55957 0.001781
10804.41016 0.001771
10806.25977 0.00176
10808.11035 0.00175
10809.95996 0.00174
10811.80957 0.001729
10813.66016 0.001718
10815.50977 0.001708
10817.36035 0.001697
10819.20996 0.001687
10821.05957 0.001677
10822.91016 0.001667
10824.75977 0.001656
10826.62012 0.001646
10828.46973 0.001636
10830.32031 0.001625
10832.16992 0.001615
10834.03027 0.001605
10835.87988 0.001595
10837.73047 0.001584
10839.58984 0.001574
10841.44043 0.001563
10843.29980 0.001553
10845.15039 0.001542
10847.00977 0.001532
10848.86035 0.001522
10850.71973 0.001511
10852.58008 0.001501
10854.42969 0.001491
10856.29004 0.001481
10858.15039 0.001471
10860.00977 0.00146
10861.86035 0.00145
10863.71973 0.00144
10865.58008 0.00143
10867.44043 0.00142
10869.29980 0.00141
10871.16016 0.001399
10873.01953 0.001389
10874.87988 0.001379
10876.74023 0.001369
10878.59961 0.001359
10880.45996 0.001348
10882.32031 0.001338
10884.19043 0.001328
10886.04980 0.001317
10887.91016 0.001307
10889.76953 0.001297
10891.63965 0.001287
10893.50000 0.001277
10895.36035 0.001266
10897.23047 0.001256
10899.08984 0.001246
10900.95996 0.001236
10902.82031 0.001226
10904.69043 0.001216
10906.54980 0.001205
10908.41992 0.001195
10910.29004 0.001185
10912.15039 0.001175
10914.01953 0.001165
10915.88965 0.001155
10917.75000 0.001145
10919.62012 0.001135
10921.49023 0.001124
10923.36035 0.001114
10925.23047 0.001103
10927.09961 0.001093
10928.96973 0.001083
10930.83984 0.001073
10932.70996 0.001063
10934.58008 0.001053
10936.45020 0.001043
10938.32031 0.001033
10940.19043 0.001023
10942.05957 0.001013
10943.94043 0.001003
10945.80957 0.000992
10947.67969 0.000982
10949.54980 0.000972
10951.42969 0.000962
10953.29980 0.000952
10955.17969 0.000941
10957.04980 0.000931
10958.91992 0.000921
10960.79980 0.00091
10962.66992 0.0009
10964.54980 0.00089
10966.42969 0.00088
10968.29980 0.00087
10970.17969 0.00086
10972.05957 0.00085
10973.92969 0.00084
10975.80957 0.00083
10977.69043 0.00082
10979.57031 0.00081
10981.45020 0.0008
10983.33008 0.00079
10985.20020 0.00078
10987.08008 0.000769
10988.95996 0.000759
10990.83984 0.000749
10992.71973 0.000739
10994.59961 0.000729
10996.49023 0.000719
10998.37012 0.000709
11000.25000 0.0007
11002.12988 0.000693
12102.34277 0.0
