threeML/data/optical_filters/HST/WFC3_UVIS2-F475W.ecsv
# %ECSV 0.9
# ---
# datatype:
# - {name: wavelength, unit: Angstrom, datatype: float32}
# - {name: response, datatype: float32}
# meta: !!omap
# - {band_name: F475W}
# - {group_name: WFC3_UVIS2}
wavelength response
3526.94629 0.0
3918.82910 0.000404
3919.49902 0.000421
3920.16992 0.000438
3920.84009 0.000455
3921.51099 0.000485
3922.18188 0.000524
3922.85303 0.000563
3923.52393 0.000602
3924.19604 0.000641
3924.86694 0.00068
3925.53906 0.000719
3926.20996 0.000758
3926.88208 0.000798
3927.55396 0.000837
3928.22607 0.000876
3928.89795 0.000915
3929.57007 0.000954
3930.24194 0.000994
3930.91504 0.001033
3931.58691 0.001107
3932.26001 0.001195
3932.93311 0.001283
3933.60596 0.001371
3934.27905 0.00146
3934.95190 0.001548
3935.62500 0.001637
3936.29907 0.001725
3936.97192 0.001814
3937.64600 0.001903
3938.31909 0.001991
3938.99292 0.00208
3939.66699 0.002169
3940.34106 0.002258
3941.01489 0.002347
3941.68994 0.002522
3942.36401 0.002712
3943.03906 0.002902
3943.71289 0.003093
3944.38794 0.003283
3945.06299 0.003474
3945.73804 0.003665
3946.41309 0.003856
3947.08789 0.004047
3947.76294 0.004238
3948.43896 0.00443
3949.11499 0.004622
3949.79004 0.004813
3950.46606 0.005005
3951.14209 0.005204
3951.81812 0.005589
3952.49390 0.005974
3953.16992 0.00636
3953.84595 0.006745
3954.52295 0.007131
3955.19995 0.007518
3955.87598 0.007905
3956.55298 0.008292
3957.22998 0.008679
3957.90698 0.009067
3958.58398 0.009455
3959.26196 0.009843
3959.93896 0.010231
3960.61694 0.010621
3961.29395 0.011093
3961.97192 0.011803
3962.64990 0.012514
3963.32788 0.013225
3964.00610 0.013937
3964.68408 0.01465
3965.36304 0.015363
3966.04102 0.016077
3966.71899 0.016792
3967.39795 0.017507
3968.07690 0.018223
3968.75610 0.01894
3969.43506 0.019658
3970.11401 0.020375
3970.79297 0.021093
3971.47290 0.022023
3972.15210 0.023156
3972.83203 0.02429
3973.51099 0.025424
3974.19092 0.026559
3974.87109 0.027696
3975.55200 0.028833
3976.23193 0.029971
3976.91211 0.03111
3977.59204 0.03225
3978.27295 0.033391
3978.95410 0.034533
3979.63403 0.035675
3980.31494 0.036819
3980.99609 0.037963
3981.67700 0.039351
3982.35889 0.040796
3983.04004 0.042242
3983.72095 0.043689
3984.40308 0.045138
3985.08496 0.046588
3985.76709 0.048039
3986.44800 0.049491
3987.13110 0.050944
3987.81299 0.052399
3988.49512 0.053855
3989.17700 0.055311
3989.86011 0.056769
3990.54297 0.058231
3991.22510 0.059711
3991.90796 0.061289
3992.59106 0.062868
3993.27393 0.064449
3993.95801 0.066031
3994.64111 0.067615
3995.32397 0.0692
3996.00806 0.070787
3996.69189 0.072374
3997.37500 0.073964
3998.06006 0.075555
3998.74292 0.077147
3999.42798 0.078741
4000.11206 0.080333
4000.79590 0.081904
4001.48096 0.083461
4002.16602 0.085002
4002.85010 0.086544
4003.53491 0.088086
4004.21997 0.089629
4004.90503 0.091172
4005.59009 0.092716
4006.27588 0.09426
4006.96094 0.095805
4007.64697 0.09735
4008.33301 0.098896
4009.01807 0.100442
4009.70410 0.101989
4010.38989 0.103536
4011.07593 0.105084
4011.76294 0.106415
4012.44897 0.107727
4013.13501 0.109039
4013.82202 0.110352
4014.50903 0.111665
4015.19604 0.112979
4015.88306 0.114293
4016.57007 0.115607
4017.25708 0.116922
4017.94409 0.118237
4018.63208 0.119553
4019.31909 0.120869
4020.00708 0.122185
4020.69507 0.123509
4021.38306 0.124733
4022.07104 0.125778
4022.75903 0.126823
4023.44702 0.127868
4024.13599 0.128914
4024.82397 0.12996
4025.51294 0.131007
4026.20190 0.132054
4026.88989 0.133102
4027.57910 0.13415
4028.26904 0.135199
4028.95801 0.136247
4029.64697 0.137297
4030.33594 0.138346
4031.02588 0.139394
4031.71606 0.14023
4032.40601 0.141024
4033.09497 0.141819
4033.78491 0.142615
4034.47607 0.143411
4035.16602 0.144207
4035.85596 0.145003
4036.54712 0.1458
4037.23804 0.146597
4037.92798 0.147394
4038.61890 0.148192
4039.31006 0.14899
4040.00098 0.149788
4040.69189 0.150586
4041.38403 0.151314
4042.07495 0.151908
4042.76709 0.152503
4043.45801 0.153097
4044.14990 0.153693
4044.84204 0.154288
4045.53394 0.154883
4046.22705 0.155479
4046.91895 0.156075
4047.61108 0.156671
4048.30396 0.157268
4048.99609 0.157865
4049.68896 0.158462
4050.38208 0.159064
4051.07495 0.159671
4051.76807 0.16013
4052.46094 0.160574
4053.15503 0.161017
4053.84790 0.161461
4054.54199 0.161905
4055.23511 0.16235
4055.92896 0.162794
4056.62305 0.163239
4057.31689 0.163684
4058.01099 0.164129
4058.70605 0.164574
4059.39990 0.16502
4060.09497 0.165464
4060.78906 0.1659
4061.48389 0.166288
4062.17896 0.166625
4062.87402 0.166963
4063.56909 0.1673
4064.26392 0.167638
4064.95996 0.167975
4065.65503 0.168313
4066.35107 0.168651
4067.04712 0.168989
4067.74194 0.169327
4068.43799 0.169666
4069.13501 0.170004
4069.83105 0.170343
4070.52710 0.170682
4071.22412 0.171013
4071.91992 0.171283
4072.61694 0.171552
4073.31396 0.171822
4074.01001 0.172092
4074.70801 0.172362
4075.40503 0.172633
4076.10205 0.172903
4076.79907 0.173173
4077.49707 0.173444
4078.19507 0.173714
4078.89209 0.173985
4079.59009 0.174256
4080.28809 0.174531
4080.98608 0.174813
4081.68506 0.175048
4082.38306 0.175268
4083.08105 0.175489
4083.78003 0.17571
4084.47900 0.175931
4085.17700 0.176151
4085.87598 0.176373
4086.57495 0.176594
4087.27490 0.176815
4087.97412 0.177037
4088.67310 0.177258
4089.37305 0.17748
4090.07300 0.1777
4090.77197 0.177911
4091.47192 0.178116
4092.17212 0.178312
4092.87305 0.178509
4093.57300 0.178705
4094.27295 0.178902
4094.97412 0.179098
4095.67407 0.179295
4096.37500 0.179492
4097.07617 0.179689
4097.77686 0.179886
4098.47803 0.180083
4099.17920 0.18028
4099.88086 0.180478
4100.58203 0.180675
4101.28418 0.180863
4101.98486 0.181011
4102.68701 0.181159
4103.38916 0.181307
4104.09082 0.181456
4104.79297 0.181604
4105.49609 0.181752
4106.19824 0.181901
4106.90088 0.182049
4107.60400 0.182198
4108.30615 0.182346
4109.00879 0.182495
4109.71191 0.182644
4110.41504 0.182799
4111.11914 0.182958
4111.82178 0.183106
4112.52490 0.183252
4113.22900 0.183399
4113.93311 0.183546
4114.63721 0.183693
4115.34082 0.183839
4116.04492 0.183986
4116.74902 0.184133
4117.45312 0.18428
4118.15820 0.184427
4118.86182 0.184575
4119.56689 0.184722
4120.27197 0.184865
4120.97705 0.185001
4121.68213 0.185148
4122.38721 0.185299
4123.09180 0.18545
4123.79785 0.185601
4124.50293 0.185752
4125.20898 0.185903
4125.91504 0.186054
4126.62109 0.186206
4127.32715 0.186357
4128.03320 0.186508
4128.73877 0.18666
4129.44580 0.186811
4130.15186 0.186963
4130.85889 0.187114
4131.56592 0.187255
4132.27197 0.187387
4132.97900 0.18752
4133.68701 0.187652
4134.39404 0.187784
4135.10205 0.187917
4135.80908 0.188049
4136.51709 0.188182
4137.22412 0.188314
4137.93213 0.188447
4138.64014 0.18858
4139.34814 0.188712
4140.05713 0.188845
4140.76514 0.188978
4141.47314 0.189125
4142.18213 0.189292
4142.89111 0.189458
4143.59912 0.189625
4144.30811 0.189791
4145.01807 0.189958
4145.72705 0.190125
4146.43604 0.190292
4147.14600 0.190458
4147.85498 0.190625
4148.56396 0.190792
4149.27393 0.190959
4149.98389 0.191127
4150.69385 0.191305
4151.40381 0.191486
4152.11523 0.19167
4152.82520 0.191855
4153.53613 0.192039
4154.24609 0.192224
4154.95703 0.192408
4155.66797 0.192593
4156.37891 0.192778
4157.08984 0.192963
4157.80078 0.193148
4158.51318 0.193333
4159.22412 0.193518
4159.93604 0.193704
4160.64697 0.193878
4161.35889 0.194057
4162.07080 0.194251
4162.78418 0.194445
4163.49609 0.194639
4164.20801 0.194833
4164.91992 0.195027
4165.63281 0.195221
4166.34619 0.195415
4167.05908 0.19561
4167.77100 0.195804
4168.48486 0.195999
4169.19824 0.196193
4169.91113 0.196388
4170.62500 0.196582
4171.33789 0.196782
4172.05176 0.197
4172.76611 0.197218
4173.47998 0.197437
4174.19385 0.197655
4174.90820 0.197873
4175.62305 0.198092
4176.33691 0.19831
4177.05078 0.198529
4177.76611 0.198747
4178.48096 0.198966
4179.19580 0.199185
4179.91113 0.199404
4180.62598 0.199633
4181.34082 0.199861
4182.05713 0.200077
4182.77197 0.200293
4183.48779 0.200509
4184.20410 0.200726
4184.91895 0.200942
4185.63477 0.201158
4186.35205 0.201375
4187.06787 0.201591
4187.78418 0.201808
4188.50000 0.202025
4189.21680 0.202242
4189.93408 0.202459
4190.65088 0.202665
4191.36816 0.202868
4192.08496 0.203069
4192.80176 0.203271
4193.52002 0.203472
4194.23682 0.203673
4194.95508 0.203875
4195.67188 0.204076
4196.39111 0.204278
4197.10791 0.204479
4197.82715 0.204681
4198.54492 0.204883
4199.26318 0.205085
4199.98096 0.205287
4200.70020 0.205488
4201.41895 0.205684
4202.13818 0.205867
4202.85596 0.206049
4203.57617 0.206232
4204.29492 0.206415
4205.01416 0.206597
4205.73389 0.20678
4206.45312 0.206963
4207.17285 0.207146
4207.89307 0.207329
4208.61279 0.207512
4209.33301 0.207695
4210.05322 0.207879
4210.77295 0.208062
4211.49414 0.208232
4212.21387 0.208386
4212.93506 0.208539
4213.65576 0.208693
4214.37695 0.208846
4215.09814 0.209
4215.81885 0.209153
4216.54102 0.209307
4217.26221 0.209461
4217.98291 0.209615
4218.70508 0.209769
4219.42676 0.209923
4220.14893 0.21008
4220.87109 0.210247
4221.59277 0.210394
4222.31494 0.210526
4223.03809 0.210658
4223.75977 0.21079
4224.48291 0.210923
4225.20605 0.211055
4225.92920 0.211187
4226.65088 0.21132
4227.37500 0.211452
4228.09814 0.211585
4228.82080 0.211717
4229.54492 0.21185
4230.26904 0.211976
4230.99219 0.212089
4231.71582 0.212163
4232.43994 0.212222
4233.16504 0.21228
4233.88916 0.212339
4234.61279 0.212398
4235.33691 0.212456
4236.06201 0.212515
4236.78711 0.212574
4237.51221 0.212632
4238.23682 0.212691
4238.96191 0.21275
4239.68799 0.212809
4240.41309 0.212867
4241.13818 0.212926
4241.86377 0.212955
4242.58984 0.212981
4243.31494 0.213007
4244.04199 0.213034
4244.76807 0.21306
4245.49414 0.213086
4246.22021 0.213112
4246.94678 0.213139
4247.67285 0.213165
4248.39990 0.213191
4249.12695 0.213218
4249.85400 0.213244
4250.58105 0.213281
4251.30908 0.213315
4252.03613 0.213322
4252.76318 0.21333
4253.49121 0.213337
4254.21924 0.213344
4254.94678 0.213351
4255.67383 0.213358
4256.40283 0.213365
4257.13086 0.213372
4257.85889 0.21338
4258.58789 0.213387
4259.31592 0.213394
4260.04492 0.2134
4260.77393 0.213394
4261.50293 0.213385
4262.23193 0.213372
4262.96094 0.213359
4263.69092 0.213346
4264.41992 0.213333
4265.14990 0.21332
4265.87891 0.213307
4266.60889 0.213294
4267.33887 0.213281
4268.06982 0.213268
4268.79980 0.213255
4269.52979 0.213243
4270.26123 0.213229
4270.99121 0.213216
4271.72217 0.213199
4272.45312 0.213178
4273.18408 0.213159
4273.91504 0.213139
4274.64600 0.213119
4275.37695 0.213099
4276.10889 0.213079
4276.84082 0.213059
4277.57324 0.213039
4278.30420 0.213019
4279.03613 0.212999
4279.76904 0.212979
4280.50098 0.212958
4281.23291 0.21294
4281.96582 0.212965
4282.69824 0.212991
4283.43115 0.213016
4284.16406 0.213041
4284.89697 0.213066
4285.62988 0.213092
4286.36279 0.213117
4287.09717 0.213142
4287.83008 0.213168
4288.56299 0.213193
4289.29688 0.213218
4290.03076 0.213244
4290.76514 0.213283
4291.50000 0.213335
4292.23389 0.213407
4292.96777 0.213479
4293.70312 0.213551
4294.43701 0.213623
4295.17188 0.213695
4295.90723 0.213767
4296.64209 0.213839
4297.37695 0.213911
4298.11182 0.213983
4298.84814 0.214056
4299.58301 0.214128
4300.31885 0.214194
4301.05518 0.214253
4301.79102 0.214349
4302.52588 0.214455
4303.26318 0.214561
4303.99902 0.214668
4304.73486 0.214774
4305.47217 0.21488
4306.20801 0.214987
4306.94482 0.215093
4307.68213 0.215199
4308.41895 0.215306
4309.15576 0.215412
4309.89404 0.215519
4310.63086 0.215625
4311.36914 0.215741
4312.10596 0.215891
4312.84424 0.216041
4313.58203 0.216192
4314.31982 0.216342
4315.05811 0.216493
4315.79590 0.216643
4316.53516 0.216793
4317.27295 0.216944
4318.01221 0.217094
4318.75000 0.217245
4319.49023 0.217396
4320.22900 0.217546
4320.96777 0.217697
4321.70703 0.217863
4322.44580 0.218037
4323.18604 0.21821
4323.92578 0.218384
4324.66602 0.218558
4325.40479 0.218731
4326.14600 0.218905
4326.88623 0.219079
4327.62598 0.219253
4328.36621 0.219427
4329.10693 0.219601
4329.84814 0.219776
4330.58789 0.219961
4331.33008 0.220152
4332.06982 0.220361
4332.81201 0.22057
4333.55322 0.220779
4334.29395 0.220988
4335.03613 0.221197
4335.77783 0.221407
4336.52002 0.221616
4337.26123 0.221825
4338.00293 0.222035
4338.74609 0.222245
4339.48779 0.222454
4340.22998 0.22266
4340.97314 0.222856
4341.71582 0.223038
4342.45801 0.223215
4343.20215 0.223392
4343.94482 0.223569
4344.68799 0.223745
4345.43115 0.223922
4346.17480 0.224099
4346.91797 0.224276
4347.66211 0.224453
4348.40576 0.22463
4349.14990 0.224807
4349.89404 0.224984
4350.63818 0.225161
4351.38281 0.225331
4352.12695 0.225472
4352.87207 0.225614
4353.61719 0.225755
4354.36084 0.225897
4355.10596 0.226039
4355.85205 0.22618
4356.59717 0.226322
4357.34180 0.226464
4358.08789 0.226606
4358.83301 0.226747
4359.57910 0.226889
4360.32520 0.227031
4361.07080 0.227173
4361.81689 0.227288
4362.56299 0.227395
4363.31006 0.227503
4364.05713 0.22761
4364.80322 0.227718
4365.54980 0.227825
4366.29688 0.227933
4367.04395 0.228041
4367.79102 0.228148
4368.53906 0.228256
4369.28613 0.228364
4370.03418 0.228472
4370.78076 0.228595
4371.52881 0.228693
4372.27686 0.228758
4373.02490 0.228822
4373.77295 0.228886
4374.52100 0.22895
4375.27002 0.229014
4376.01904 0.229078
4376.76709 0.229142
4377.51611 0.229206
4378.26514 0.22927
4379.01416 0.229334
4379.76318 0.229399
4380.51318 0.229453
4381.26221 0.229501
4382.01221 0.229525
4382.76221 0.229548
4383.51123 0.229572
4384.26123 0.229595
4385.01221 0.229618
4385.76221 0.229642
4386.51221 0.229665
4387.26318 0.229688
4388.01318 0.229712
4388.76416 0.229735
4389.51514 0.229759
4390.26611 0.229782
4391.01709 0.229805
4391.76904 0.229805
4392.52002 0.229794
4393.27100 0.229784
4394.02295 0.229773
4394.77490 0.229763
4395.52686 0.229752
4396.27881 0.229742
4397.03076 0.229731
4397.78320 0.229721
4398.53613 0.22971
4399.28906 0.2297
4400.04102 0.229689
4400.79395 0.229679
4401.54688 0.229666
4402.29980 0.229651
4403.05322 0.229636
4403.80713 0.229621
4404.56006 0.229605
4405.31299 0.22959
4406.06689 0.229575
4406.82080 0.229559
4407.57520 0.229544
4408.32910 0.229529
4409.08301 0.229514
4409.83789 0.229498
4410.59180 0.229483
4411.34717 0.229472
4412.10205 0.229488
4412.85596 0.229503
4413.61084 0.229519
4414.36719 0.229535
4415.12207 0.22955
4415.87695 0.229566
4416.63281 0.229581
4417.38916 0.229597
4418.14502 0.229612
4418.89990 0.229628
4419.65576 0.229644
4420.41309 0.229667
4421.16895 0.229698
4421.92480 0.229753
4422.68213 0.229811
4423.43799 0.229869
4424.19482 0.229927
4424.95215 0.229985
4425.70898 0.230044
4426.46680 0.230102
4427.22412 0.23016
4427.98096 0.230218
4428.73877 0.230276
4429.49707 0.230334
4430.25391 0.23039
4431.01318 0.23044
4431.77100 0.230518
4432.52881 0.23061
4433.28809 0.230701
4434.04590 0.230793
4434.80518 0.230884
4435.56299 0.230975
4436.32178 0.231067
4437.08105 0.231158
4437.83984 0.23125
4438.60010 0.231341
4439.35889 0.231433
4440.11914 0.231525
4440.87793 0.231616
4441.63818 0.231731
4442.39795 0.231866
4443.15820 0.232002
4443.91797 0.232138
4444.67920 0.232274
4445.43896 0.23241
4446.20020 0.232546
4446.95996 0.232682
4447.72119 0.232819
4448.48193 0.232955
4449.24316 0.233091
4450.00488 0.233228
4450.76611 0.233364
4451.52686 0.233515
4452.28906 0.233691
4453.05078 0.233867
4453.81299 0.234043
4454.57520 0.234219
4455.33691 0.234396
4456.09912 0.234572
4456.86182 0.234748
4457.62402 0.234925
4458.38721 0.235101
4459.14990 0.235278
4459.91309 0.235455
4460.67578 0.235645
4461.43896 0.235841
4462.20215 0.236048
4462.96582 0.236256
4463.72900 0.236464
4464.49316 0.236672
4465.25684 0.23688
4466.02100 0.237088
4466.78516 0.237296
4467.54883 0.237505
4468.31299 0.237713
4469.07812 0.237921
4469.84277 0.23813
4470.60693 0.238326
4471.37305 0.238522
4472.13721 0.23873
4472.90186 0.238938
4473.66797 0.239147
4474.43311 0.239355
4475.19922 0.239564
4475.96387 0.239773
4476.72998 0.239981
4477.49609 0.24019
4478.26221 0.240399
4479.02783 0.240608
4479.79492 0.240817
4480.56201 0.241026
4481.32812 0.241234
4482.09521 0.241432
4482.86084 0.241629
4483.62793 0.241827
4484.39600 0.242025
4485.16309 0.242223
4485.93018 0.242421
4486.69824 0.242619
4487.46484 0.242817
4488.23291 0.243015
4489.00098 0.243214
4489.76904 0.243412
4490.53809 0.24361
4491.30615 0.243807
4492.07422 0.243975
4492.84277 0.244142
4493.61084 0.24431
4494.37988 0.244478
4495.14893 0.244645
