threeML/data/optical_filters/HST/WFC3_UVIS2-F225w.ecsv
# %ECSV 0.9
# ---
# datatype:
# - {name: wavelength, unit: Angstrom, datatype: float32}
# - {name: response, datatype: float32}
# meta: !!omap
# - {band_name: F225w}
# - {group_name: WFC3_UVIS2}
wavelength response
[from data line 1611]
2620.62500 0.036418
2621.07300 0.036288
2621.52197 0.036157
2621.96997 0.036026
2622.41895 0.035895
2622.86694 0.035765
2623.31592 0.035634
2623.76489 0.035504
2624.21411 0.035373
2624.66309 0.035243
2625.11206 0.035113
2625.56104 0.034983
2626.01001 0.034854
2626.45996 0.034724
2626.90894 0.034594
2627.35889 0.034465
2627.80811 0.034336
2628.25806 0.034207
2628.70703 0.034078
2629.15698 0.033949
2629.60693 0.03382
2630.05688 0.033691
2630.50708 0.033563
2630.95703 0.033436
2631.40698 0.03331
2631.85693 0.033185
2632.30811 0.033059
2632.75806 0.032933
2633.20801 0.032808
2633.65894 0.032682
2634.11011 0.032557
2634.56006 0.032432
2635.01099 0.032307
2635.46191 0.032182
2635.91309 0.032057
2636.36401 0.031932
2636.81494 0.031808
2637.26611 0.031683
2637.71704 0.031559
2638.16797 0.031435
2638.62012 0.03131
2639.07104 0.031186
2639.52295 0.031063
2639.97412 0.030939
2640.42603 0.030814
2640.87793 0.03069
2641.33008 0.030569
2641.78198 0.030448
2642.23389 0.030328
2642.68604 0.030207
2643.13794 0.030086
2643.59009 0.029966
2644.04199 0.029846
2644.49512 0.029726
2644.94702 0.029606
2645.39990 0.029486
2645.85205 0.029366
2646.30493 0.029247
2646.75806 0.029127
2647.21094 0.029008
2647.66406 0.028889
2648.11694 0.02877
2648.57007 0.028651
2649.02295 0.028532
2649.47607 0.028413
2649.92896 0.028295
2650.38306 0.028177
2650.83594 0.02806
2651.29004 0.027949
2651.74292 0.027838
2652.19702 0.027727
2652.65088 0.027616
2653.10498 0.027505
2653.55908 0.027394
2654.01294 0.027283
2654.46704 0.027173
2654.92090 0.027062
2655.37500 0.026952
2655.83008 0.026842
2656.28394 0.026732
2656.73804 0.026622
2657.19312 0.026512
2657.64697 0.026402
2658.10205 0.026292
2658.55688 0.026183
2659.01196 0.026073
2659.46704 0.025964
2659.92212 0.025855
2660.37695 0.025745
2660.83203 0.025637
2661.28711 0.025531
2661.74292 0.025426
2662.19800 0.02532
2662.65405 0.025215
2663.10889 0.02511
2663.56494 0.025005
2664.02100 0.0249
2664.47607 0.024795
2664.93188 0.02469
2665.38794 0.024586
2665.84399 0.024481
2666.30005 0.024377
2666.75708 0.024272
2667.21289 0.024168
2667.66895 0.024064
2668.12500 0.02396
2668.58203 0.023856
2669.03906 0.023753
2669.49512 0.023649
2669.95190 0.023545
2670.40894 0.023441
2670.86597 0.023337
2671.32300 0.023234
2671.78003 0.023131
2672.23706 0.023028
2672.69409 0.022925
2673.15088 0.022823
2673.60889 0.02272
2674.06592 0.022618
2674.52393 0.022516
2674.98096 0.022414
2675.43896 0.022312
2675.89697 0.02221
2676.35400 0.022108
2676.81201 0.022006
2677.27100 0.021905
2677.72900 0.021803
2678.18701 0.021702
2678.64502 0.021601
2679.10303 0.0215
2679.56201 0.021399
2680.02002 0.021298
2680.47900 0.021198
2680.93701 0.021099
2681.39600 0.021002
2681.85498 0.020906
2682.31299 0.020809
2682.77197 0.020713
2683.23096 0.020616
2683.68994 0.02052
2684.14990 0.020424
2684.60889 0.020328
2685.06812 0.020232
2685.52808 0.020136
2685.98706 0.020041
2686.44702 0.019945
2686.90601 0.019849
2687.36597 0.019754
2687.82593 0.019659
2688.28589 0.019564
2688.74609 0.019468
2689.20605 0.019373
2689.66602 0.019279
2690.12598 0.019184
2690.58594 0.019089
2691.04712 0.018998
2691.50708 0.018909
2691.96802 0.01882
2692.42798 0.018731
2692.88892 0.018642
2693.34912 0.018553
2693.81006 0.018465
2694.27100 0.018376
2694.73193 0.018288
2695.19312 0.0182
2695.65405 0.018112
2696.11499 0.018024
2696.57690 0.017936
2697.03809 0.017848
2697.50000 0.01776
2697.96094 0.017673
2698.42310 0.017585
2698.88501 0.017498
2699.34595 0.01741
2699.80811 0.017323
2700.27002 0.017243
2700.73193 0.017168
2701.19409 0.017097
2701.65601 0.017028
2702.11792 0.016958
2702.58105 0.016889
2703.04297 0.016819
2703.50610 0.01675
2703.96802 0.01668
2704.43091 0.01661
2704.89404 0.016541
2705.35596 0.016471
2705.81909 0.016402
2706.28198 0.016332
2706.74512 0.016263
2707.20801 0.016193
2707.67212 0.016124
2708.13501 0.016054
2708.59790 0.015985
2709.06201 0.015915
2709.52490 0.015846
2709.98901 0.015776
2710.45190 0.015707
2710.91602 0.015639
2711.37988 0.015574
2711.84399 0.015509
2712.30811 0.015443
2712.77197 0.015378
2713.23608 0.015313
2713.69995 0.015247
2714.16504 0.015182
2714.62891 0.015117
2715.09302 0.015051
2715.55811 0.014986
2716.02197 0.01492
2716.48706 0.014855
2716.95190 0.01479
2717.41699 0.014724
2717.88208 0.014659
2718.34692 0.014594
2718.81201 0.014528
2719.27710 0.014463
2719.74194 0.014397
2720.20801 0.014332
2720.67310 0.014267
2721.13794 0.014205
2721.60400 0.014145
2722.07007 0.014084
2722.53491 0.014024
2723.00098 0.013964
2723.46704 0.013903
2723.93311 0.013843
2724.39893 0.013783
2724.86499 0.013723
2725.33203 0.013662
2725.79810 0.013602
2726.26392 0.013542
2726.73096 0.013481
2727.19702 0.013421
2727.66406 0.013361
2728.12988 0.0133
2728.59692 0.01324
2729.06396 0.01318
2729.53101 0.013119
2729.99805 0.013059
2730.46509 0.012998
2730.93188 0.012938
2731.39990 0.012879
2731.86694 0.012819
2732.33398 0.01276
2732.80200 0.012701
2733.26904 0.012642
2733.73706 0.012583
2734.20508 0.012524
2734.67310 0.012465
2735.13989 0.012406
2735.60791 0.012347
2736.07593 0.012288
2736.54395 0.012229
2737.01294 0.01217
2737.48096 0.012111
2737.94897 0.012051
2738.41797 0.011992
2738.88599 0.011933
2739.35498 0.011874
2739.82397 0.011815
2740.29199 0.011757
2740.76099 0.011698
2741.22998 0.011644
2741.69897 0.011591
2742.16797 0.011539
2742.63696 0.011486
2743.10693 0.011433
2743.57593 0.01138
2744.04492 0.011327
2744.51489 0.011274
2744.98511 0.011221
2745.45410 0.011168
2745.92407 0.011115
2746.39404 0.011062
2746.86401 0.011009
2747.33398 0.010956
2747.80396 0.010903
2748.27393 0.01085
2748.74390 0.010797
2749.21411 0.010744
2749.68506 0.010691
2750.15503 0.010638
2750.62598 0.010584
2751.09595 0.01053
2751.56689 0.010476
2752.03809 0.010422
2752.50903 0.010367
2752.97900 0.010313
2753.45093 0.010258
2753.92212 0.010204
2754.39307 0.010149
2754.86401 0.010095
2755.33496 0.01004
2755.80688 0.009986
2756.27808 0.009932
2756.75000 0.009877
2757.22192 0.009823
2757.69312 0.009768
2758.16504 0.009714
2758.63696 0.00966
2759.10889 0.009605
2759.58105 0.009551
2760.05298 0.009496
2760.52588 0.009442
2760.99805 0.009391
2761.46997 0.009343
2761.94312 0.009295
2762.41504 0.009247
2762.88794 0.009199
2763.36108 0.009151
2763.83301 0.009103
2764.30591 0.009055
2764.77905 0.009007
2765.25195 0.008959
2765.72510 0.008911
2766.19897 0.008862
2766.67212 0.008814
2767.14502 0.008766
2767.61890 0.008718
2768.09204 0.00867
2768.56592 0.008622
2769.04004 0.008574
2769.51294 0.008526
2769.98706 0.008478
2770.46094 0.00843
2770.93506 0.008385
2771.40894 0.00835
2771.88306 0.008314
2772.35791 0.008278
2772.83203 0.008242
2773.30591 0.008207
2773.78101 0.008171
2774.25488 0.008135
2774.72998 0.0081
2775.20508 0.008064
2775.67993 0.008028
2776.15503 0.007993
2776.62988 0.007957
2777.10498 0.007921
2777.58008 0.007885
2778.05493 0.00785
2778.53003 0.007814
2779.00610 0.007778
2779.48096 0.007743
2779.95703 0.007707
2780.43188 0.007671
2780.90796 0.007635
2781.38403 0.0076
2781.86011 0.007566
2782.33594 0.007531
2782.81201 0.007496
2783.28809 0.007461
2783.76392 0.007426
2784.23999 0.007392
2784.71704 0.007357
2785.19312 0.007322
2785.66992 0.007287
2786.14600 0.007253
2786.62305 0.007218
2787.10010 0.007183
2787.57690 0.007148
2788.05396 0.007114
2788.53101 0.007079
2789.00806 0.007044
2789.48511 0.007009
2789.96191 0.006975
2790.43896 0.00694
2790.91699 0.006905
2791.39502 0.006867
2791.87207 0.006829
2792.35010 0.00679
2792.82690 0.006752
2793.30493 0.006714
2793.78296 0.006676
2794.26099 0.006637
2794.73901 0.006599
2795.21802 0.006561
2795.69604 0.006523
2796.17407 0.006485
2796.65308 0.006446
2797.13110 0.006408
2797.61011 0.00637
2798.08789 0.006332
2798.56689 0.006293
2799.04590 0.006255
2799.52490 0.006217
2800.00391 0.006179
2800.48291 0.006143
2800.96191 0.006109
2801.44092 0.006083
2801.91992 0.006056
2802.39990 0.006029
2802.87891 0.006003
2803.35889 0.005976
2803.83789 0.005949
2804.31812 0.005923
2804.79810 0.005896
2805.27808 0.005869
2805.75806 0.005842
2806.23804 0.005816
2806.71802 0.005789
2807.19800 0.005762
2807.67798 0.005735
2808.15894 0.005708
2808.63892 0.005681
2809.12012 0.005654
2809.60107 0.005627
2810.08105 0.0056
2810.56201 0.005573
2811.04297 0.005543
2811.52393 0.00551
2812.00488 0.005476
2812.48608 0.005443
2812.96704 0.005409
2813.44800 0.005376
2813.92993 0.005342
2814.41089 0.005309
2814.89307 0.005275
2815.37500 0.005241
2815.85596 0.005208
2816.33789 0.005174
2816.82007 0.00514
2817.30200 0.005107
2817.78394 0.005073
2818.26611 0.005039
2818.74805 0.005005
2819.22998 0.004972
2819.71289 0.004938
2820.19507 0.004904
2820.67798 0.00487
2821.15991 0.00484
2821.64307 0.00481
2822.12598 0.004781
2822.60889 0.004751
2823.09204 0.004722
2823.57397 0.004692
2824.05811 0.004663
2824.54102 0.004633
2825.02393 0.004604
2825.50708 0.004574
2825.99097 0.004544
2826.47412 0.004515
2826.95801 0.004485
2827.44189 0.004455
2827.92505 0.004426
2828.40894 0.004396
2828.89307 0.004366
2829.37695 0.004336
2829.86108 0.004306
2830.34497 0.004276
2830.83008 0.004246
2831.31396 0.004238
2831.79810 0.00423
2832.28296 0.004222
2832.76807 0.004214
2833.25195 0.004206
2833.73706 0.004198
2834.22192 0.00419
2834.70703 0.004182
2835.19189 0.004174
2835.67700 0.004166
2836.16211 0.004158
2836.64697 0.00415
2837.13306 0.004142
2837.61792 0.004134
2838.10400 0.004126
2838.58911 0.004118
2839.07495 0.00411
2839.56104 0.004102
2840.04590 0.004094
2840.53198 0.004086
2841.01807 0.004072
2841.50391 0.004048
2841.98999 0.004024
2842.47705 0.003999
2842.96289 0.003975
2843.44897 0.00395
2843.93604 0.003926
2844.42310 0.003901
2844.90894 0.003877
2845.39600 0.003852
2845.88306 0.003828
2846.37012 0.003803
2846.85693 0.003779
2847.34399 0.003754
2847.83105 0.00373
2848.31812 0.003705
2848.80493 0.00368
2849.29297 0.003656
2849.78101 0.003631
2850.26807 0.003607
2850.75610 0.003582
2851.24292 0.003569
2851.73096 0.00356
2852.21899 0.00355
2852.70703 0.00354
2853.19507 0.00353
2853.68311 0.00352
2854.17212 0.00351
2854.65991 0.0035
2855.14795 0.00349
2855.63696 0.00348
2856.12500 0.00347
2856.61401 0.00346
2857.10303 0.00345
2857.59204 0.00344
2858.08105 0.003429
2858.57007 0.003419
2859.05908 0.003409
2859.54810 0.003399
2860.03711 0.003389
2860.52710 0.003379
2861.01611 0.00336
2861.50488 0.003327
2861.99512 0.003293
2862.48511 0.003259
2862.97412 0.003225
2863.46411 0.003191
2863.95410 0.003158
2864.44409 0.003124
2864.93408 0.00309
2865.42505 0.003056
2865.91504 0.003022
2866.40503 0.002988
2866.89600 0.002954
2867.38599 0.00292
2867.87695 0.002886
2868.36694 0.002852
2868.85791 0.002818
2869.34912 0.002784
2869.84009 0.00275
2870.33105 0.002716
2870.82202 0.002682
2871.31299 0.002669
2871.80396 0.002658
2872.29590 0.002646
2872.78711 0.002634
2873.27905 0.002622
2873.77002 0.00261
2874.26196 0.002598
2874.75391 0.002586
2875.24609 0.002574
2875.73804 0.002562
2876.22900 0.00255
2876.72192 0.002538
2877.21411 0.002526
2877.70605 0.002514
2878.19800 0.002502
2878.69092 0.00249
2879.18408 0.002478
2879.67603 0.002466
2880.16895 0.002454
2880.66211 0.002442
2881.15503 0.002429
2881.64697 0.002416
2882.13989 0.002403
2882.63403 0.00239
2883.12695 0.002377
2883.62012 0.002364
2884.11401 0.002351
2884.60693 0.002338
2885.10010 0.002325
2885.59399 0.002311
2886.08789 0.002298
2886.58203 0.002285
2887.07495 0.002272
2887.56909 0.002259
2888.06299 0.002246
2888.55811 0.002233
2889.05200 0.00222
2889.54590 0.002207
2890.04102 0.002194
2890.53491 0.00218
2891.03003 0.002169
2891.52393 0.002159
2892.01904 0.002149
2892.51392 0.002139
2893.00903 0.002129
2893.50293 0.002119
2893.99902 0.002109
2894.49390 0.002099
2894.98901 0.002089
2895.48389 0.002079
2895.97998 0.002069
2896.47510 0.002059
2896.97095 0.002049
2897.46606 0.002039
2897.96191 0.002029
2898.45801 0.002019
2898.95410 0.002009
2899.44995 0.001999
2899.94604 0.001989
2900.44189 0.001979
2900.93799 0.001969
2901.43506 0.00196
2901.93091 0.001951
2902.42798 0.001942
2902.92407 0.001933
2903.42090 0.001924
2903.91797 0.001915
2904.41504 0.001905
2904.91089 0.001896
2905.40796 0.001887
2905.90601 0.001878
2906.40308 0.001869
2906.89990 0.00186
2907.39697 0.00185
2907.89502 0.001841
2908.39209 0.001832
2908.88989 0.001823
2909.38794 0.001813
2909.88501 0.001804
2910.38306 0.001795
2910.88110 0.001786
2911.37891 0.001778
2911.87695 0.001771
2912.37500 0.001764
2912.87402 0.001756
2913.37207 0.001749
2913.87109 0.001742
2914.36890 0.001735
2914.86792 0.001727
2915.36694 0.00172
2915.86499 0.001713
2916.36401 0.001705
2916.86304 0.001698
2917.36206 0.001691
2917.86206 0.001683
2918.36108 0.001676
2918.86011 0.001668
2919.35889 0.001661
2919.85889 0.001654
2920.35791 0.001646
2920.85791 0.001639
2921.35791 0.001628
2921.85791 0.001618
2922.35791 0.001607
2922.85791 0.001597
2923.35791 0.001586
2923.85791 0.001575
2924.35791 0.001565
2924.85791 0.001554
2925.35889 0.001543
2925.85889 0.001533
2926.36011 0.001522
2926.86108 0.001511
2927.36206 0.0015
2927.86206 0.00149
2928.36304 0.001479
2928.86401 0.001468
2929.36499 0.001457
2929.86694 0.001446
2930.36792 0.001436
2930.86890 0.001425
2931.37109 0.001419
2931.87207 0.001413
2932.37402 0.001407
2932.87500 0.001401
2933.37695 0.001396
2933.87891 0.00139
2934.38110 0.001384
2934.88306 0.001378
2935.38501 0.001372
2935.88794 0.001366
2936.38989 0.00136
2936.89209 0.001354
2937.39502 0.001348
2937.89697 0.001342
2938.39990 0.001336
2938.90308 0.001331
2939.40601 0.001325
2939.90894 0.001319
2940.41211 0.001313
2940.91504 0.001307
2941.41797 0.001304
2941.92090 0.001301
2942.42505 0.001297
2942.92798 0.001294
2943.43091 0.001291
2943.93506 0.001288
2944.43896 0.001285
2944.94312 0.001281
2945.44604 0.001278
2945.94995 0.001275
2946.45410 0.001272
2946.95801 0.001268
2947.46289 0.001265
2947.96704 0.001262
2948.47095 0.001259
2948.97607 0.001255
2949.47998 0.001252
2949.98511 0.001249
2950.48999 0.001245
2950.99512 0.001241
2951.50000 0.001235
2952.00391 0.001228
2952.51001 0.001222
2953.01489 0.001216
2953.52002 0.001209
2954.02490 0.001203
2954.53101 0.001196
2955.03589 0.00119
2955.54199 0.001183
2956.04712 0.001177
2956.55298 0.00117
2957.05908 0.001164
2957.56494 0.001157
2958.07104 0.00115
2958.57690 0.001144
2959.08301 0.001137
2959.59009 0.001131
2960.09595 0.001124
2960.60303 0.001118
2961.10889 0.001111
2961.61597 0.001105
2962.12207 0.001099
2962.62891 0.001093
2963.13599 0.001087
2963.64307 0.00108
2964.14990 0.001074
2964.65698 0.001068
2965.16504 0.001062
2965.67212 0.001055
2966.17896 0.001049
2966.68701 0.001043
2967.19409 0.001037
2967.70190 0.001031
2968.20996 0.001024
2968.71802 0.001018
2969.22607 0.001012
2969.73291 0.001006
2970.24194 0.000999
2970.75000 0.000993
2971.25806 0.000986
2971.76611 0.000979
2972.27490 0.000972
2972.78296 0.000965
2973.29199 0.000958
2973.80103 0.000951
2974.31006 0.000944
2974.81812 0.000937
2975.32690 0.00093
2975.83594 0.000923
2976.34595 0.000916
2976.85498 0.000909
2977.36401 0.000902
2977.87402 0.000894
2978.38306 0.000887
2978.89307 0.00088
2979.40210 0.000873
2979.91211 0.000866
2980.42212 0.000859
2980.93188 0.000852
2981.44189 0.000849
2981.95190 0.000845
2982.46191 0.000842
2982.97192 0.000838
2983.48291 0.000835
2983.99292 0.000831
2984.50391 0.000828
2985.01392 0.000824
2985.52490 0.000821
2986.03589 0.000817
2986.54712 0.000814
2987.05811 0.00081
2987.56909 0.000807
2988.08008 0.000803
2988.59106 0.0008
2989.10303 0.000796
2989.61401 0.000793
2990.12598 0.000789
2990.63696 0.000786
2991.14893 0.000783
2991.66089 0.000782
2992.17310 0.00078
2992.68506 0.000779
2993.19702 0.000777
2993.70898 0.000776
2994.22095 0.000774
2994.73291 0.000773
2995.24609 0.000772
2995.75806 0.00077
2996.27100 0.000769
2996.78296 0.000767
2997.29590 0.000766
2997.80908 0.000764
2998.32202 0.000763
2998.83496 0.000761
2999.34790 0.00076
2999.86108 0.000758
3000.37402 0.000757
3000.88696 0.000755
3001.40088 0.000749
3001.91504 0.000743
3002.42798 0.000737
3002.94189 0.000731
3003.45605 0.000725
3003.96899 0.000719
3004.48291 0.000713
3004.99805 0.000707
3005.51196 0.000702
3006.02588 0.000696
3006.54004 0.00069
3007.05396 0.000684
