threeML/data/optical_filters/HST/WFC3_UVIS2-F680N.ecsv
# %ECSV 0.9
# ---
# datatype:
# - {name: wavelength, unit: Angstrom, datatype: float32}
# - {name: response, datatype: float32}
# meta: !!omap
# - {band_name: F680N}
# - {group_name: WFC3_UVIS2}
wavelength response
5935.95801 0.0
6595.50879 0.000407
6596.63721 0.00043
6597.76611 0.000453
6598.89502 0.000476
6600.02393 0.000499
6601.15283 0.000522
6602.28320 0.000551
6603.41211 0.000591
6604.54199 0.00063
6605.67188 0.00067
6606.80176 0.000709
6607.93311 0.000748
6609.06299 0.000788
6610.19385 0.000827
6611.32520 0.000866
6612.45605 0.000923
6613.58691 0.000992
6614.71924 0.001062
6615.85107 0.001131
6616.98193 0.001201
6618.11523 0.001271
6619.24707 0.00134
6620.37891 0.00141
6621.51221 0.001479
6622.64502 0.001592
6623.77783 0.001721
6624.91211 0.00185
6626.04492 0.001978
6627.17920 0.002107
6628.31299 0.002236
6629.44678 0.002365
6630.58105 0.002493
6631.71484 0.002622
6632.85010 0.002858
6633.98486 0.003107
6635.12012 0.003356
6636.25488 0.003604
6637.39111 0.003853
6638.52588 0.004101
6639.66211 0.004349
6640.79785 0.004597
6641.93408 0.004868
6643.07080 0.005363
6644.20703 0.005857
6645.34424 0.006352
6646.48096 0.006846
6647.61816 0.007341
6648.75488 0.007835
6649.89307 0.008329
6651.03076 0.008822
6652.16895 0.009468
6653.30713 0.010481
6654.44482 0.011494
6655.58398 0.012506
6656.72314 0.013518
6657.86084 0.01453
6659.00000 0.015541
6660.14014 0.016552
6661.27881 0.017561
6662.41895 0.019099
6663.55908 0.021146
6664.69922 0.023192
6665.83887 0.025236
6666.97998 0.02728
6668.12109 0.029323
6669.26221 0.031365
6670.40283 0.033406
6671.54395 0.035449
6672.68604 0.03883
6673.82715 0.042683
6674.96924 0.046533
6676.11084 0.050383
6677.25293 0.054232
6678.39600 0.058078
6679.53809 0.061924
6680.68115 0.065769
6681.82422 0.069612
6682.96680 0.075503
6684.11084 0.081429
6685.25391 0.087352
6686.39795 0.093275
6687.54199 0.099193
6688.68701 0.105112
6689.83105 0.111028
6690.97607 0.116931
6692.12012 0.123027
6693.26514 0.129754
6694.41016 0.136476
6695.55615 0.143196
6696.70117 0.149912
6697.84717 0.156625
6698.99316 0.163334
6700.13916 0.17004
6701.28613 0.176759
6702.43213 0.182644
6703.57910 0.187723
6704.72607 0.192797
6705.87305 0.197873
6707.02100 0.202946
6708.16797 0.208016
6709.31494 0.213084
6710.46289 0.218152
6711.61182 0.223218
6712.75977 0.226105
6713.90918 0.228415
6715.05713 0.230722
6716.20605 0.23303
6717.35498 0.235336
6718.50391 0.237641
6719.65381 0.239946
6720.80420 0.242233
6721.95410 0.244351
6723.10400 0.244754
6724.25391 0.245156
6725.40381 0.245558
6726.55518 0.245959
6727.70605 0.246361
6728.85693 0.246762
6730.00781 0.247163
6731.16016 0.247588
6732.31201 0.247772
6733.46289 0.247584
6734.61523 0.247397
6735.76807 0.247209
6736.91992 0.247022
6738.07324 0.246834
6739.22607 0.246647
6740.37793 0.246459
6741.53223 0.246272
6742.68604 0.24604
6743.83887 0.24579
6744.99316 0.24554
6746.14697 0.24529
6747.30078 0.245041
6748.45605 0.244791
6749.60986 0.244542
6750.76514 0.244276
6751.91992 0.244008
6753.07520 0.24386
6754.22998 0.243711
6755.38623 0.243563
6756.54199 0.243414
6757.69824 0.243266
6758.85400 0.243117
6760.01123 0.242969
6761.16699 0.242845
6762.32422 0.242747
6763.48096 0.242689
6764.63818 0.242631
6765.79492 0.242572
6766.95312 0.242514
6768.11084 0.242456
6769.26904 0.242397
6770.42676 0.242339
6771.58496 0.242281
6772.74414 0.242247
6773.90283 0.242221
6775.06201 0.242196
6776.22119 0.24217
6777.37988 0.242144
6778.54004 0.242118
6779.70020 0.242093
6780.85986 0.242049
6782.02002 0.242
6783.18018 0.241955
6784.34082 0.24191
6785.50098 0.241866
6786.66309 0.241821
6787.82422 0.241776
6788.98486 0.241732
6790.14600 0.24169
6791.30908 0.241669
6792.47021 0.241645
6793.63184 0.241616
6794.79492 0.241588
6795.95801 0.24156
6797.12012 0.241531
6798.28320 0.241503
6799.44580 0.241475
6800.60889 0.241446
6801.77295 0.241418
6802.93701 0.241471
6804.10107 0.241532
6805.26514 0.241592
6806.42920 0.241653
6807.59424 0.241714
6808.75879 0.241774
6809.92285 0.241835
6811.08887 0.241873
6812.25391 0.241912
6813.41895 0.241959
6814.58496 0.242007
6815.75098 0.242054
6816.91699 0.2421
6818.08301 0.242147
6819.25000 0.242194
6820.41699 0.242249
6821.58398 0.24232
6822.75098 0.242446
6823.91797 0.242591
6825.08594 0.242735
6826.25391 0.242879
6827.42090 0.243024
6828.58984 0.243168
6829.75781 0.243312
6830.92676 0.243461
6832.09521 0.243614
6833.26416 0.243776
6834.43408 0.243938
6835.60303 0.2441
6836.77197 0.244262
6837.94189 0.244424
6839.11182 0.244586
6840.28223 0.244742
6841.45312 0.244878
6842.62305 0.24501
6843.79395 0.24514
6844.96484 0.245269
6846.13623 0.245398
6847.30713 0.245527
6848.47900 0.245655
6849.64990 0.245784
6850.82178 0.24593
6851.99512 0.246083
6853.16699 0.24623
6854.33887 0.246377
6855.51221 0.246524
6856.68506 0.24667
6857.85791 0.246817
6859.03223 0.246964
6860.20508 0.247106
6861.37891 0.247228
6862.55322 0.247305
6863.72705 0.247347
6864.90088 0.24739
6866.07617 0.247433
6867.25000 0.247475
6868.42480 0.247518
6869.60107 0.24756
6870.77588 0.247619
6871.95215 0.247685
6873.12695 0.247722
6874.30322 0.24776
6875.47900 0.247797
6876.65576 0.247834
6877.83301 0.247871
6879.00879 0.247909
6880.18604 0.247946
6881.36279 0.247983
6882.54102 0.247967
6883.71777 0.247907
6884.89600 0.247847
6886.07422 0.247788
6887.25195 0.247728
6888.43018 0.247668
6889.60889 0.247608
6890.78809 0.247531
6891.96680 0.247446
6893.14600 0.247353
6894.32520 0.24726
6895.50488 0.247167
6896.68506 0.247074
6897.86523 0.24698
6899.04492 0.246888
6900.22510 0.246799
6901.40576 0.246732
6902.58594 0.246625
6903.76807 0.246491
6904.94922 0.246356
6906.12988 0.246221
6907.31201 0.246087
6908.49414 0.245952
6909.67578 0.245817
6910.85791 0.245683
6912.04004 0.245549
6913.22314 0.245411
6914.40576 0.245274
6915.58887 0.245138
6916.77197 0.245001
6917.95508 0.244864
6919.13916 0.244727
6920.32324 0.244583
6921.50684 0.244421
6922.69092 0.244262
6923.87500 0.244104
6925.06006 0.243946
6926.24512 0.243789
6927.43018 0.243631
6928.61523 0.243473
6929.80078 0.243315
6930.98584 0.243179
6932.17188 0.243047
6933.35791 0.242921
6934.54395 0.242794
6935.73096 0.242668
6936.91699 0.242541
6938.10400 0.242415
6939.29199 0.242289
6940.47900 0.242152
6941.66699 0.242001
6942.85400 0.24187
6944.04199 0.241745
6945.22998 0.24162
6946.41797 0.241495
6947.60693 0.24137
6948.79492 0.241245
6949.98389 0.24112
6951.17285 0.24102
6952.36279 0.240918
6953.55176 0.240811
6954.74219 0.240703
6955.93213 0.240596
6957.12207 0.240489
6958.31299 0.240382
6959.50293 0.240275
6960.69385 0.240169
6961.88477 0.240062
6963.07617 0.239988
6964.26709 0.239916
6965.45801 0.239844
6966.64990 0.239772
6967.84180 0.2397
6969.03516 0.239627
6970.22705 0.23955
6971.41895 0.239454
6972.61182 0.239341
6973.80518 0.239216
6974.99902 0.239091
6976.19189 0.238966
6977.38477 0.238842
6978.57910 0.238717
6979.77295 0.238592
6980.96680 0.238487
6982.16211 0.238389
6983.35596 0.238298
6984.55078 0.238207
6985.74609 0.238116
6986.94092 0.238024
6988.13721 0.237933
6989.33301 0.237842
6990.52783 0.237751
6991.72412 0.23766
6992.91992 0.237606
6994.11719 0.237559
6995.31299 0.237513
6996.50977 0.237466
6997.70801 0.23742
6998.90479 0.237374
7000.10303 0.237324
7001.29980 0.237237
7002.49805 0.237131
7003.69580 0.237005
7004.89404 0.236878
7006.09277 0.236752
7007.29199 0.236625
7008.49023 0.236499
7009.68896 0.236372
7010.88916 0.236264
7012.08789 0.236146
7013.28809 0.235912
7014.48779 0.235678
7015.68799 0.235445
7016.88916 0.235212
7018.08887 0.234978
7019.29004 0.234745
7020.49121 0.234502
7021.69189 0.234245
7022.89307 0.233529
7024.09521 0.232697
7025.29688 0.231865
7026.49902 0.231033
7027.70117 0.230203
7028.90283 0.229372
7030.10596 0.228544
7031.30908 0.227729
7032.51221 0.226346
7033.71484 0.224341
7034.91797 0.222336
7036.12207 0.220333
7037.32617 0.218331
7038.52979 0.216329
7039.73389 0.21433
7040.93799 0.21233
7042.14307 0.210041
7043.34814 0.206303
7044.55322 0.202568
7045.75781 0.198835
7046.96387 0.195103
7048.16895 0.191375
7049.37500 0.187647
7050.58203 0.183912
7051.78809 0.18017
7052.99512 0.175182
7054.20117 0.170015
7055.40820 0.16485
7056.61523 0.159689
7057.82324 0.154532
7059.02979 0.149379
7060.23779 0.144234
7061.44580 0.139103
7062.65381 0.133863
7063.86182 0.12855
7065.07080 0.123236
7066.27979 0.117928
7067.48877 0.112622
7068.69824 0.107318
7069.90820 0.102017
7071.11719 0.096711
7072.32715 0.091726
7073.53711 0.087447
7074.74707 0.083172
7075.95801 0.078899
7077.16797 0.074629
7078.37891 0.070362
7079.58984 0.0661
7080.80176 0.061844
7082.01318 0.057663
7083.22510 0.054796
7084.43701 0.05193
7085.64893 0.049066
7086.86084 0.046204
7088.07422 0.043342
7089.28613 0.040484
7090.50000 0.037623
7091.71191 0.034764
7092.92578 0.0328
7094.13916 0.031061
7095.35303 0.029323
7096.56689 0.027586
7097.78076 0.025851
7098.99609 0.024117
7100.20996 0.022384
7101.42480 0.020655
7102.64014 0.019335
7103.85498 0.018334
7105.07080 0.017334
7106.28613 0.016334
7107.50195 0.015335
7108.71777 0.014336
7109.93506 0.013338
7111.15088 0.012341
7112.36816 0.011488
7113.58398 0.010925
7114.80176 0.010361
7116.01904 0.009798
7117.23584 0.009235
7118.45410 0.008673
7119.67188 0.00811
7120.89014 0.007548
7122.10791 0.007014
7123.32715 0.006686
7124.54590 0.006359
7125.76514 0.006032
7126.98389 0.005705
7128.20410 0.005378
7129.42285 0.005052
7130.64307 0.004726
7131.86279 0.004401
7133.08301 0.004193
7134.30420 0.003997
7135.52393 0.0038
7136.74512 0.003603
7137.96582 0.003407
7139.18799 0.00321
7140.40918 0.003014
7141.62988 0.002818
7142.85303 0.002677
7144.07520 0.002558
7145.29688 0.00244
7146.52002 0.002321
7147.74219 0.002202
7148.96484 0.002084
7150.18799 0.001966
7151.41211 0.001847
7152.63477 0.001754
7153.85889 0.001681
7155.08301 0.001607
7156.30713 0.001534
7157.53076 0.001461
7158.75586 0.001388
7159.98096 0.001315
7161.20605 0.001242
7162.43115 0.001179
7163.65723 0.001132
7164.88184 0.001084
7166.10791 0.001037
7167.33398 0.00099
7168.56104 0.000943
7169.78711 0.000896
7171.01416 0.000849
7172.24121 0.000806
7173.46777 0.000775
7174.69482 0.000745
7175.92285 0.000714
7177.14990 0.000684
7178.37793 0.000654
7179.60596 0.000623
7180.83496 0.000593
7182.06299 0.000563
7183.29199 0.000543
7184.52100 0.000522
7185.75000 0.000502
7186.97998 0.000482
7188.20996 0.000461
7189.43896 0.000441
7190.66992 0.000421
7191.89990 0.0004
7911.08984 0.0
