threeML/data/optical_filters/HST/WFC3_UVIS2-FQ750N.ecsv
# %ECSV 0.9
# ---
# datatype:
# - {name: wavelength, unit: Angstrom, datatype: float32}
# - {name: response, datatype: float32}
# meta: !!omap
# - {band_name: FQ750N}
# - {group_name: WFC3_UVIS2}
wavelength response
6677.41846 0.0
7419.35400 0.000427
7420.62305 0.000466
7421.89307 0.000515
7423.16309 0.000569
7424.43311 0.000635
7425.70312 0.000714
7426.97314 0.00079
7428.24414 0.000871
7429.51514 0.000991
7430.78613 0.001097
7432.05811 0.00123
7433.32910 0.001384
7434.60107 0.001558
7435.87305 0.001748
7437.14502 0.002006
7438.41699 0.002265
7439.68994 0.002556
7440.96289 0.002944
7442.23584 0.003369
7443.50977 0.003856
7444.78320 0.004476
7446.05713 0.005168
7447.33105 0.006
7448.60498 0.006956
7449.87891 0.008178
7451.15381 0.009638
7452.42920 0.011324
7453.70410 0.013338
7454.97900 0.015815
7456.25488 0.018949
7457.53076 0.022525
7458.80713 0.027145
7460.08301 0.032405
7461.35889 0.038537
7462.63623 0.046192
7463.91309 0.055283
7465.18896 0.065868
7466.46680 0.077059
7467.74414 0.089906
7469.02197 0.103725
7470.29980 0.117067
7471.57812 0.13113
7472.85596 0.14355
7474.13477 0.154107
7475.41406 0.163045
7476.69189 0.169952
7477.97217 0.174822
7479.25098 0.178386
7480.53076 0.180049
7481.81104 0.18105
7483.09082 0.181683
7484.37109 0.181497
7485.65186 0.18162
7486.93311 0.181591
7488.21289 0.181793
7489.49512 0.181978
7490.77588 0.182414
7492.05811 0.182996
7493.33887 0.183751
7494.62207 0.184516
7495.90381 0.185224
7497.18701 0.185544
7498.46924 0.186018
7499.75195 0.18661
7501.03516 0.186732
7502.31885 0.186157
7503.60205 0.186041
7504.88623 0.185337
7506.16992 0.184843
7507.45508 0.183844
7508.73877 0.183002
7510.02295 0.18206
7511.30908 0.181047
7512.59424 0.180337
7513.87891 0.179663
7515.16504 0.179066
7516.45020 0.178946
7517.73584 0.178881
7519.02197 0.178759
7520.30908 0.178786
7521.59619 0.178666
7522.88281 0.17799
7524.16992 0.17722
7525.45703 0.174989
7526.74512 0.171811
7528.03320 0.167045
7529.32080 0.160492
7530.60889 0.152281
7531.89697 0.141777
7533.18604 0.130075
7534.47510 0.116905
7535.76416 0.103895
7537.05322 0.091141
7538.34277 0.078409
7539.63184 0.06704
7540.92188 0.05666
7542.21289 0.047999
7543.50293 0.040604
7544.79395 0.03403
7546.08398 0.028621
7547.37598 0.023939
7548.66699 0.020239
7549.95801 0.017162
7551.25000 0.014543
7552.54199 0.012399
7553.83398 0.010518
7555.12695 0.009068
7556.41895 0.007775
7557.71191 0.006734
7559.00488 0.005829
7560.29883 0.005025
7561.59180 0.004416
7562.88623 0.003829
7564.18018 0.003366
7565.47412 0.002946
7566.76904 0.002596
7568.06299 0.002309
7569.35791 0.002047
7570.65283 0.001831
7571.94922 0.00163
7573.24414 0.001443
7574.54004 0.001293
7575.83594 0.001152
7577.13184 0.001033
7578.42822 0.000942
7579.72510 0.00084
7581.02197 0.000768
7582.31885 0.000695
7583.61621 0.000626
7584.91406 0.000565
7586.21094 0.000517
7587.50879 0.000476
7588.80811 0.000434
8347.68848 0.0
