threeML/data/optical_filters/HST/WFC3_UVIS1-F814W.ecsv
# %ECSV 0.9
# ---
# datatype:
# - {name: wavelength, unit: Angstrom, datatype: float32}
# - {name: response, datatype: float32}
# meta: !!omap
# - {band_name: F814W}
# - {group_name: WFC3_UVIS1}
wavelength response
6246.43115 0.0
6940.47900 0.000405
6941.66699 0.000423
6942.85400 0.00045
6944.04199 0.00048
6945.22998 0.00051
6946.41797 0.000539
6947.60693 0.000569
6948.79492 0.000598
6949.98389 0.000628
6951.17285 0.000657
6952.36279 0.000693
6953.55176 0.000739
6954.74219 0.000785
6955.93213 0.000832
6957.12207 0.000878
6958.31299 0.000924
6959.50293 0.00097
6960.69385 0.001016
6961.88477 0.001063
6963.07617 0.001136
6964.26709 0.001211
6965.45801 0.001286
6966.64990 0.00136
6967.84180 0.001435
6969.03516 0.001509
6970.22705 0.001584
6971.41895 0.001658
6972.61182 0.001761
6973.80518 0.001883
6974.99902 0.002005
6976.19189 0.002128
6977.38477 0.00225
6978.57910 0.002372
6979.77295 0.002494
6980.96680 0.002617
6982.16211 0.002755
6983.35596 0.002959
6984.55078 0.003163
6985.74609 0.003366
6986.94092 0.00357
6988.13721 0.003774
6989.33301 0.003977
6990.52783 0.004181
6991.72412 0.004384
6992.91992 0.004708
6994.11719 0.005056
6995.31299 0.005404
6996.50977 0.005753
6997.70801 0.006101
6998.90479 0.006449
7000.10303 0.006796
7001.29980 0.007142
7002.49805 0.007598
7003.69580 0.008176
7004.89404 0.008753
7006.09277 0.00933
7007.29199 0.009906
7008.49023 0.010482
7009.68896 0.011058
7010.88916 0.011634
7012.08789 0.01226
7013.28809 0.013225
7014.48779 0.014189
7015.68799 0.015153
7016.88916 0.016116
7018.08887 0.017079
7019.29004 0.018041
7020.49121 0.019002
7021.69189 0.019961
7022.89307 0.021423
7024.09521 0.023014
7025.29688 0.024603
7026.49902 0.026191
7027.70117 0.027777
7028.90283 0.029363
7030.10596 0.030947
7031.30908 0.032532
7032.51221 0.034546
7033.71484 0.037031
7034.91797 0.039515
7036.12207 0.041997
7037.32617 0.044476
7038.52979 0.046955
7039.73389 0.049432
7040.93799 0.051908
7042.14307 0.054533
7043.34814 0.05791
7044.55322 0.061284
7045.75781 0.064655
7046.96387 0.068025
7048.16895 0.071392
7049.37500 0.074757
7050.58203 0.078116
7051.78809 0.081469
7052.99512 0.085574
7054.20117 0.089787
7055.40820 0.093997
7056.61523 0.098202
7057.82324 0.102405
7059.02979 0.106604
7060.23779 0.110801
7061.44580 0.115005
7062.65381 0.119398
7063.86182 0.123922
7065.07080 0.128446
7066.27979 0.132965
7067.48877 0.137481
7068.69824 0.141995
7069.90820 0.146506
7071.11719 0.150998
7072.32715 0.15529
7073.53711 0.159146
7074.74707 0.162997
7075.95801 0.166846
7077.16797 0.170693
7078.37891 0.174535
7079.58984 0.178373
7080.80176 0.182222
7082.01318 0.186016
7083.22510 0.18872
7084.43701 0.191421
7085.64893 0.194122
7086.86084 0.19682
7088.07422 0.199517
7089.28613 0.202211
7090.50000 0.204896
7091.71191 0.207565
7092.92578 0.209407
7094.13916 0.211041
7095.35303 0.212674
7096.56689 0.214305
7097.78076 0.215935
7098.99609 0.217564
7100.20996 0.219195
7101.42480 0.220844
7102.64014 0.222054
7103.85498 0.222922
7105.07080 0.223789
7106.28613 0.224656
7107.50195 0.225522
7108.71777 0.226387
7109.93506 0.227252
7111.15088 0.228116
7112.36816 0.228812
7113.58398 0.229173
7114.80176 0.229535
7116.01904 0.229896
7117.23584 0.230256
7118.45410 0.230616
7119.67188 0.230976
7120.89014 0.231318
7122.10791 0.231622
7123.32715 0.231695
7124.54590 0.231768
7125.76514 0.231841
7126.98389 0.231913
7128.20410 0.231986
7129.42285 0.232058
7130.64307 0.232144
7131.86279 0.232241
7133.08301 0.232234
7134.30420 0.232217
7135.52393 0.2322
7136.74512 0.232183
7137.96582 0.232166
7139.18799 0.23215
7140.40918 0.232124
7141.62988 0.232083
7142.85303 0.231986
7144.07520 0.231869
7145.29688 0.231751
7146.52002 0.231633
7147.74219 0.231516
7148.96484 0.231399
7150.18799 0.231285
7151.41211 0.231192
7152.63477 0.231087
7153.85889 0.23097
7155.08301 0.230854
7156.30713 0.230738
7157.53076 0.230621
7158.75586 0.230505
7159.98096 0.230389
7161.20605 0.230248
7162.43115 0.230094
7163.65723 0.229919
7164.88184 0.229743
7166.10791 0.229568
7167.33398 0.229392
7168.56104 0.229217
7169.78711 0.229042
7171.01416 0.228887
7172.24121 0.228732
7173.46777 0.228561
7174.69482 0.228389
7175.92285 0.228218
7177.14990 0.228047
7178.37793 0.227875
7179.60596 0.227704
7180.83496 0.227533
7182.06299 0.22736
7183.29199 0.227158
7184.52100 0.226956
7185.75000 0.226754
7186.97998 0.226552
7188.20996 0.22635
7189.43896 0.226148
7190.66992 0.225933
7191.89990 0.225708
7193.12988 0.225477
7194.36084 0.225246
7195.59180 0.225015
7196.82324 0.224784
7198.05518 0.224554
7199.28613 0.224323
7200.51807 0.224103
7201.75000 0.223897
7202.98193 0.223685
7204.21387 0.223471
7205.44678 0.223258
7206.68018 0.223045
7207.91309 0.222831
7209.14600 0.222618
7210.37891 0.222398
7211.61279 0.222161
7212.84717 0.221937
7214.08105 0.221718
7215.31494 0.2215
7216.54980 0.221282
7217.78516 0.221064
7219.02002 0.220847
7220.25488 0.220634
7221.49023 0.22044
7222.72607 0.220245
7223.96094 0.22005
7225.19678 0.219854
7226.43408 0.219659
7227.66992 0.219463
7228.90723 0.219268
7230.14404 0.219068
7231.37988 0.218839
7232.61816 0.218635
7233.85498 0.218455
7235.09277 0.218275
7236.33105 0.218096
7237.56885 0.217916
7238.80713 0.217737
7240.04492 0.217558
7241.28418 0.217403
7242.52295 0.21726
7243.76221 0.217134
7245.00195 0.217009
7246.24121 0.216884
7247.48096 0.216758
7248.72119 0.216633
7249.96094 0.216507
7251.20215 0.216359
7252.44189 0.21623
7253.68311 0.216136
7254.92383 0.216043
7256.16602 0.215949
7257.40723 0.215855
7258.64893 0.215761
7259.89111 0.215668
7261.13281 0.215595
7262.37500 0.215527
7263.61816 0.215465
7264.85986 0.215402
7266.10400 0.215339
7267.34717 0.215277
7268.58984 0.215214
7269.83398 0.215151
7271.07812 0.215089
7272.32178 0.215042
7273.56592 0.215041
7274.81104 0.215039
7276.05518 0.215038
7277.29980 0.215037
7278.54492 0.215035
7279.79102 0.215034
7281.03613 0.215012
7282.28223 0.214989
7283.52783 0.214972
7284.77393 0.214955
7286.02002 0.214938
7287.26709 0.214921
7288.51416 0.214904
7289.76123 0.214887
7291.00781 0.214889
7292.25488 0.214904
7293.50293 0.214952
7294.75098 0.215001
7295.99902 0.21505
7297.24707 0.215098
7298.49609 0.215146
7299.74512 0.215194
7300.99414 0.215224
7302.24316 0.215248
7303.49219 0.215271
7304.74219 0.215293
7305.99121 0.215316
7307.24121 0.215339
7308.49219 0.215361
7309.74219 0.215384
7310.99316 0.215425
7312.24414 0.215475
7313.49512 0.215543
7314.74609 0.215611
7315.99805 0.215679
7317.24902 0.215747
7318.50098 0.215814
7319.75293 0.215882
7321.00586 0.21593
7322.25781 0.215974
7323.51123 0.216018
7324.76416 0.216061
7326.01709 0.216105
7327.27100 0.216148
7328.52393 0.216192
7329.77783 0.216235
7331.03223 0.216298
7332.28711 0.216362
7333.54102 0.216414
7334.79590 0.216466
7336.05078 0.216518
7337.30615 0.21657
7338.56201 0.216622
7339.81689 0.216673
7341.07324 0.216704
7342.32910 0.216733
7343.58496 0.216765
7344.84082 0.216797
7346.09814 0.216829
7347.35498 0.216861
7348.61182 0.216893
7349.86914 0.216924
7351.12695 0.216977
7352.38477 0.21702
7353.64307 0.217029
7354.90088 0.217038
7356.15918 0.217047
7357.41797 0.217056
7358.67676 0.217065
7359.93604 0.217074
7361.19482 0.21706
7362.45410 0.217038
7363.71387 0.217005
7364.97412 0.216972
7366.23389 0.216938
7367.49414 0.216905
7368.75488 0.216871
7370.01611 0.216838
7371.27588 0.216829
7372.53809 0.216801
7373.79883 0.216745
7375.06104 0.21669
7376.32324 0.216634
7377.58398 0.216579
7378.84717 0.216523
7380.10889 0.216465
7381.37207 0.216385
7382.63477 0.216296
7383.89795 0.216197
7385.16211 0.216097
7386.42480 0.215998
7387.68896 0.215898
7388.95312 0.215799
7390.21680 0.215704
7391.48096 0.215628
7392.74609 0.215546
7394.01123 0.215457
7395.27588 0.215369
7396.54199 0.21528
7397.80713 0.215192
7399.07324 0.215103
7400.33789 0.215008
7401.60400 0.214896
7402.87109 0.214734
7404.13818 0.214546
7405.40381 0.214358
7406.67090 0.21417
7407.93799 0.213983
7409.20605 0.213795
7410.47412 0.213617
7411.74219 0.213454
7413.00977 0.213294
7414.27783 0.213135
7415.54688 0.212976
7416.81494 0.212818
7418.08398 0.212659
7419.35400 0.212501
7420.62305 0.212331
7421.89307 0.212149
7423.16309 0.21193
7424.43311 0.211706
7425.70312 0.211482
7426.97314 0.211258
7428.24414 0.211035
7429.51514 0.210811
7430.78613 0.210611
7432.05811 0.210426
7433.32910 0.21024
7434.60107 0.210053
7435.87305 0.209867
7437.14502 0.209681
7438.41699 0.209495
7439.68994 0.209309
7440.96289 0.209106
7442.23584 0.208895
7443.50977 0.208678
7444.78320 0.208461
7446.05713 0.208245
7447.33105 0.208028
7448.60498 0.207811
7449.87891 0.207595
7451.15381 0.2074
7452.42920 0.207208
7453.70410 0.207017
7454.97900 0.206826
7456.25488 0.206636
7457.53076 0.206445
7458.80713 0.206255
7460.08301 0.206063
7461.35889 0.20585
7462.63623 0.205637
7463.91309 0.205425
7465.18896 0.205214
7466.46680 0.205003
7467.74414 0.204792
7469.02197 0.20458
7470.29980 0.204375
7471.57812 0.204187
7472.85596 0.203995
7474.13477 0.2038
7475.41406 0.203604
7476.69189 0.203409
7477.97217 0.203214
7479.25098 0.20302
7480.53076 0.202815
7481.81104 0.202598
7483.09082 0.202435
7484.37109 0.202286
7485.65186 0.202137
7486.93311 0.201988
7488.21289 0.201839
7489.49512 0.201689
7490.77588 0.201555
7492.05811 0.201429
7493.33887 0.201294
7494.62207 0.201159
7495.90381 0.201024
7497.18701 0.200889
7498.46924 0.200755
7499.75195 0.20062
7501.03516 0.20046
7502.31885 0.200305
7503.60205 0.200195
7504.88623 0.200084
7506.16992 0.199974
7507.45508 0.199864
7508.73877 0.199754
7510.02295 0.199644
7511.30908 0.199557
7512.59424 0.199468
7513.87891 0.199376
7515.16504 0.199284
7516.45020 0.199191
7517.73584 0.199099
7519.02197 0.199007
7520.30908 0.198909
7521.59619 0.198795
7522.88281 0.198704
7524.16992 0.198628
7525.45703 0.198552
7526.74512 0.198476
7528.03320 0.1984
7529.32080 0.198324
7530.60889 0.198259
7531.89697 0.198206
7533.18604 0.198167
7534.47510 0.198132
7535.76416 0.198096
7537.05322 0.19806
7538.34277 0.198023
7539.63184 0.197987
7540.92188 0.197935
7542.21289 0.19788
7543.50293 0.197851
7544.79395 0.197821
7546.08398 0.197792
7547.37598 0.197763
7548.66699 0.197734
7549.95801 0.197704
7551.25000 0.197697
7552.54199 0.197699
7553.83398 0.197718
7555.12695 0.197737
7556.41895 0.197756
7557.71191 0.197774
7559.00488 0.197792
7560.29883 0.197805
7561.59180 0.197801
7562.88623 0.197802
7564.18018 0.197807
7565.47412 0.197812
7566.76904 0.197817
7568.06299 0.197822
7569.35791 0.197826
7570.65283 0.197842
7571.94922 0.197869
7573.24414 0.197884
7574.54004 0.197898
7575.83594 0.197911
7577.13184 0.197924
7578.42822 0.197937
7579.72510 0.19795
7581.02197 0.197945
7582.31885 0.197941
7583.61621 0.197964
7584.91406 0.197988
7586.21094 0.198012
7587.50879 0.198035
7588.80811 0.198058
7590.10596 0.198083
7591.40479 0.198129
7592.70410 0.198147
7594.00195 0.198132
7595.30176 0.198117
7596.60205 0.198102
7597.90088 0.198087
7599.20117 0.198072
7600.50098 0.198047
7601.80176 0.198009
7603.10303 0.198003
7604.40283 0.198006
7605.70410 0.198009
7607.00488 0.198011
7608.30713 0.198014
7609.60889 0.198016
7610.91113 0.198019
7612.21289 0.198016
7613.51514 0.197964
7614.81787 0.197912
7616.12109 0.19786
7617.42383 0.197808
7618.72705 0.197756
7620.03076 0.197704
7621.33398 0.197675
7622.63916 0.197633
7623.94287 0.197574
7625.24707 0.197514
7626.55176 0.197455
7627.85596 0.197395
7629.16211 0.197336
7630.46680 0.197258
7631.77197 0.197147
7633.07812 0.197023
7634.38379 0.196895
7635.68994 0.196767
7636.99707 0.196639
7638.30420 0.196511
7639.60986 0.196383
7640.91699 0.196271
7642.22510 0.196163
7643.53223 0.196025
7644.83984 0.195888
7646.14795 0.19575
7647.45605 0.195612
7648.76514 0.195474
7650.07324 0.195335
7651.38184 0.195175
7652.69092 0.195002
7654.00000 0.194815
7655.31006 0.194628
7656.62012 0.194441
7657.93018 0.194255
7659.24023 0.194068
7660.55078 0.193891
7661.86084 0.193727
7663.17188 0.193559
7664.48291 0.19339
7665.79492 0.19322
7667.10596 0.193051
7668.41797 0.192882
7669.72998 0.192713
7671.04199 0.192526
7672.35498 0.192327
7673.66699 0.192099
7674.97998 0.19187
7676.29297 0.191641
7677.60693 0.191413
7678.92090 0.191185
7680.23389 0.190961
7681.54785 0.190756
7682.86279 0.190546
7684.17676 0.190332
7685.49219 0.190118
7686.80713 0.189905
7688.12207 0.189692
7689.43701 0.189479
7690.75293 0.189253
7692.06885 0.189018
7693.38477 0.18879
7694.70117 0.188562
7696.01807 0.188334
7697.33398 0.188107
7698.65088 0.18788
7699.96924 0.187653
7701.28613 0.187426
7702.60400 0.187193
7703.92188 0.186949
7705.24023 0.186705
7706.55811 0.186462
7707.87695 0.186219
7709.19482 0.185976
7710.51514 0.185742
7711.83301 0.185521
7713.15283 0.185308
7714.47314 0.185098
7715.79297 0.184888
7717.11279 0.184678
7718.43311 0.184469
7719.75391 0.184259
7721.07520 0.184032
7722.39600 0.183802
7723.71680 0.183577
7725.03906 0.183352
7726.35986 0.183128
7727.68213 0.182903
7729.00391 0.182679
7730.32715 0.18246
7731.64893 0.182258
7732.97217 0.182058
7734.29492 0.181858
7735.61914 0.181658
7736.94189 0.181459
7738.26611 0.18126
7739.58984 0.181061
7740.91406 0.180847
7742.23779 0.180629
7743.56299 0.180432
7744.88818 0.180237
7746.21289 0.180041
7747.53809 0.179845
7748.86377 0.179649
7750.18896 0.179457
7751.51611 0.179283
7752.84180 0.179121
7754.16797 0.178969
7755.49512 0.178817
7756.82178 0.178665
7758.14893 0.178513
7759.47705 0.178362
7760.80420 0.178197
7762.13184 0.178024
7763.45996 0.177861
7764.78809 0.177697
7766.11719 0.177534
7767.44482 0.17737
7768.77393 0.177207
7770.10400 0.177044
7771.43311 0.176881
7772.76318 0.176734
7774.09277 0.176607
7775.42285 0.17648
7776.75293 0.176353
7778.08301 0.176226
7779.41504 0.176099
7780.74609 0.175983
7782.07715 0.175877
7783.40820 0.175746
7784.74023 0.175614
7786.07178 0.175482
7787.40381 0.17535
7788.73584 0.175218
7790.06885 0.175085
7791.40186 0.174932
7792.73486 0.174804
7794.06787 0.174706
7795.40186 0.174609
7796.73486 0.174511
7798.06885 0.174414
7799.40381 0.174316
7800.73779 0.17423
7802.07324 0.174154
7803.40820 0.17406
7804.74316 0.173965
7806.07812 0.173871
7807.41406 0.173776
7808.75000 0.173681
7810.08496 0.173585
7811.42188 0.173469
7812.75781 0.173381
7814.09521 0.173324
7815.43213 0.173267
7816.76904 0.173211
7818.10596 0.173154
7819.44385 0.173097
7820.78223 0.173052
7822.12012 0.173016
7823.45801 0.172953
7824.79688 0.172889
7826.13623 0.172825
7827.47510 0.172761
7828.81396 0.172697
7830.15283 0.172633
7831.49316 0.17257
7832.83301 0.172505
7834.17285 0.172439
7835.51416 0.172374
7836.85400 0.172308
7838.19482 0.172242
7839.53613 0.172176
7840.87695 0.17211
7842.21924 0.172044
7843.56104 0.171988
7844.90283 0.171931
7846.24512 0.171874
7847.58691 0.171817
7848.93018 0.17176
7850.27295 0.171708
7851.61621 0.171672
7852.95898 0.171625
7854.30322 0.171572
7855.64697 0.171519
7856.99121 0.171466
7858.33496 0.171413
7859.68018 0.17136
7861.02393 0.171291
7862.37012 0.171222
7863.71484 0.171182
7865.06006 0.171142
7866.40576 0.171102
7867.75195 0.171061
7869.09814 0.171021
7870.44385 0.170987
7871.79102 0.170968
7873.13818 0.17091
7874.48486 0.170838
7875.83203 0.170766
7877.18018 0.170694
7878.52686 0.170622
7879.87500 0.17055
7881.22412 0.170459
7882.57178 0.170375
7883.91992 0.170308
7885.27002 0.170241
7886.61914 0.170175
7887.96777 0.170108
7889.31689 0.170042
7890.66699 0.169975
7892.01807 0.169908
7893.36816 0.169811
7894.71777 0.16971
7896.06885 0.169609
7897.41992 0.169508
7898.77100 0.169407
7900.12305 0.169308
7901.47412 0.169228
7902.82617 0.169138
7904.17822 0.169039
7905.53076 0.168939
7906.88281 0.16884
7908.23584 0.16874
7909.58887 0.168641
7910.94189 0.168527
7912.29590 0.16841
7913.64893 0.168319
7915.00293 0.168229
7916.35791 0.168138
7917.71191 0.168047
7919.06689 0.167957
7920.42188 0.167872
7921.77686 0.167802
7923.13184 0.16771
7924.48779 0.167608
7925.84424 0.167506
7927.20020 0.167404
7928.55615 0.167302
7929.91309 0.1672
7931.27002 0.167078
7932.62598 0.166962
7933.98389 0.166857
7935.34082 0.166753
7936.69922 0.166649
7938.05713 0.166544
7939.41504 0.16644
7940.77295 0.166335
7942.13184 0.166231
7943.49121 0.166106
7944.85010 0.16598
7946.20898 0.165854
7947.56885 0.165729
7948.92920 0.165603
7950.28906 0.165482
7951.64893 0.165377
7953.00879 0.165281
7954.37012 0.165191
7955.73096 0.165101
7957.09180 0.165012
7958.45410 0.164922
7959.81494 0.164832
7961.17676 0.164725
