threeML/data/optical_filters/HST/WFC3_UVIS1-F200LP.ecsv
# %ECSV 0.9
# ---
# datatype:
# - {name: wavelength, unit: Angstrom, datatype: float32}
# - {name: response, datatype: float32}
# meta: !!omap
# - {band_name: F200LP}
# - {group_name: WFC3_UVIS1}
wavelength response
[from data line 3220]
3448.44507 0.240013
3449.03394 0.239917
3449.62402 0.239821
3450.21411 0.23973
3450.80298 0.239646
3451.39307 0.239563
3451.98291 0.239479
3452.57300 0.239396
3453.16309 0.239312
3453.75293 0.239229
3454.34399 0.239145
3454.93408 0.239061
3455.52393 0.238978
3456.11499 0.238894
3456.70605 0.23881
3457.29590 0.238727
3457.88696 0.238643
3458.47803 0.238559
3459.06909 0.238475
3459.66089 0.238391
3460.25195 0.238302
3460.84302 0.238206
3461.43506 0.238109
3462.02588 0.238011
3462.61792 0.237913
3463.20996 0.237815
3463.80200 0.237717
3464.39404 0.237619
3464.98608 0.237521
3465.57788 0.237424
3466.16992 0.237325
3466.76294 0.237228
3467.35498 0.23713
3467.94800 0.237032
3468.54102 0.236933
3469.13403 0.236836
3469.72607 0.236737
3470.31909 0.236639
3470.91309 0.236541
3471.50610 0.236443
3472.09912 0.236345
3472.69312 0.236247
3473.28589 0.236149
3473.87988 0.236051
3474.47290 0.235953
3475.06689 0.235855
3475.66089 0.235757
3476.25488 0.235659
3476.84912 0.235561
3477.44409 0.235462
3478.03809 0.235364
3478.63208 0.235266
3479.22705 0.235168
3479.82202 0.235069
3480.41602 0.23498
3481.01099 0.234894
3481.60596 0.234806
3482.20093 0.234718
3482.79590 0.234631
3483.39209 0.234543
3483.98706 0.234455
3484.58203 0.234368
3485.17798 0.23428
3485.77393 0.234192
3486.36890 0.234104
3486.96509 0.234016
3487.56104 0.233929
3488.15698 0.233841
3488.75293 0.233753
3489.35010 0.233665
3489.94604 0.233577
3490.54199 0.233478
3491.13892 0.233378
3491.73608 0.233277
3492.33301 0.233177
3492.92896 0.233077
3493.52588 0.232977
3494.12402 0.232877
3494.72095 0.232776
3495.31812 0.232676
3495.91504 0.232576
3496.51294 0.232476
3497.11108 0.232375
3497.70801 0.232275
3498.30591 0.232175
3498.90405 0.232074
3499.50195 0.231974
3500.10010 0.231876
3500.69800 0.231787
3501.29712 0.231698
3501.89502 0.231608
3502.49292 0.231518
3503.09204 0.231427
3503.69092 0.231337
3504.29004 0.231247
3504.88892 0.231156
3505.48804 0.231066
3506.08691 0.230976
3506.68604 0.230885
3507.28491 0.230795
3507.88501 0.230704
3508.48389 0.230614
3509.08398 0.230523
3509.68408 0.230433
3510.28296 0.230336
3510.88403 0.230233
3511.48389 0.230131
3512.08398 0.230028
3512.68408 0.229925
3513.28394 0.229823
3513.88501 0.22972
3514.48511 0.229617
3515.08594 0.229514
3515.68701 0.229411
3516.28809 0.229309
3516.88892 0.229206
3517.48999 0.229103
3518.09106 0.229
3518.69189 0.228897
3519.29297 0.228794
3519.89502 0.228691
3520.49707 0.228598
3521.09790 0.228508
3521.69995 0.228419
3522.30200 0.228331
3522.90405 0.228242
3523.50610 0.228154
3524.10791 0.228065
3524.71094 0.227977
3525.31299 0.227888
3525.91602 0.227799
3526.51807 0.227711
3527.12109 0.227622
3527.72412 0.227533
3528.32690 0.227444
3528.92993 0.227356
3529.53296 0.227267
3530.13599 0.227175
3530.73999 0.227075
3531.34302 0.226974
3531.94702 0.226873
3532.55005 0.226772
3533.15405 0.226671
3533.75806 0.22657
3534.36206 0.226469
3534.96606 0.226369
3535.57007 0.226268
3536.17407 0.226167
3536.77905 0.226066
3537.38306 0.225965
3537.98804 0.225864
3538.59204 0.225763
3539.19702 0.225662
3539.80200 0.22556
3540.40698 0.225467
3541.01196 0.225378
3541.61694 0.225288
3542.22290 0.225197
3542.82788 0.225107
3543.43408 0.225016
3544.03906 0.224925
3544.64502 0.224835
3545.25098 0.224744
3545.85693 0.224653
3546.46289 0.224562
3547.06909 0.224472
3547.67505 0.224381
3548.28101 0.22429
3548.88794 0.224199
3549.49390 0.224108
3550.10107 0.224015
3550.70801 0.223912
3551.31494 0.22381
3551.92212 0.223707
3552.52905 0.223604
3553.13599 0.223501
3553.74292 0.223398
3554.35107 0.223296
3554.95801 0.223192
3555.56592 0.22309
3556.17310 0.222987
3556.78101 0.222884
3557.38892 0.222781
3557.99707 0.222678
3558.60498 0.222575
3559.21289 0.222472
3559.82202 0.222368
3560.42993 0.222265
3561.03906 0.222162
3561.64697 0.222059
3562.25610 0.221956
3562.86499 0.221853
3563.47412 0.22175
3564.08301 0.221647
3564.69189 0.221544
3565.30103 0.22144
3565.90991 0.221337
3566.52002 0.221234
3567.12988 0.221131
3567.73901 0.221027
3568.34912 0.220924
3568.95898 0.220821
3569.56909 0.220718
3570.17896 0.220618
3570.78906 0.220526
3571.39893 0.220435
3572.01001 0.220343
3572.62012 0.220251
3573.23096 0.22016
3573.84204 0.220068
3574.45190 0.219976
3575.06299 0.219885
3575.67407 0.219793
3576.28491 0.219701
3576.89697 0.219609
3577.50806 0.219517
3578.11890 0.219425
3578.73096 0.219333
3579.34302 0.219242
3579.95410 0.21915
3580.56592 0.219047
3581.17798 0.218943
3581.79004 0.218838
3582.40308 0.218733
3583.01489 0.218629
3583.62695 0.218524
3584.23999 0.218419
3584.85205 0.218314
3585.46509 0.21821
3586.07788 0.218105
3586.69092 0.218
3587.30396 0.217895
3587.91699 0.21779
3588.53003 0.217685
3589.14307 0.21758
3589.75708 0.217475
3590.37012 0.217378
3590.98389 0.217284
3591.59790 0.217191
3592.21094 0.217098
3592.82495 0.217004
3593.43896 0.216911
3594.05396 0.216818
3594.66797 0.216724
3595.28198 0.216631
3595.89697 0.216537
3596.51099 0.216444
3597.12598 0.21635
3597.74097 0.216257
3598.35596 0.216163
3598.97095 0.216069
3599.58594 0.215976
3600.20093 0.215921
3600.81592 0.215946
3601.43188 0.215975
3602.04712 0.216008
3602.66309 0.21604
3603.27905 0.216073
3603.89502 0.216105
3604.51001 0.216137
3605.12695 0.21617
3605.74292 0.216202
3606.35889 0.216235
3606.97510 0.216267
3607.59204 0.2163
3608.20801 0.216332
3608.82495 0.216364
3609.44189 0.216397
3610.05908 0.21643
3610.67603 0.216475
3611.29297 0.216519
3611.90991 0.216563
3612.52808 0.216607
3613.14502 0.216652
3613.76196 0.216696
3614.37988 0.21674
3614.99805 0.216784
3615.61597 0.216829
3616.23389 0.216873
3616.85205 0.216917
3617.46997 0.216962
3618.08789 0.217006
3618.70703 0.217051
3619.32495 0.217095
3619.94409 0.217139
3620.56201 0.217173
3621.18091 0.217204
3621.80005 0.217231
3622.41895 0.217258
3623.03809 0.217284
3623.65698 0.217311
3624.27710 0.217338
3624.89600 0.217365
3625.51611 0.217391
3626.13501 0.217418
3626.75488 0.217445
3627.37500 0.217472
3627.99512 0.217499
3628.61499 0.217525
3629.23511 0.217552
3629.85498 0.217579
3630.47607 0.217604
3631.09595 0.217629
3631.71704 0.217654
3632.33789 0.217678
3632.95801 0.217703
3633.57910 0.217728
3634.19995 0.217753
3634.82202 0.217778
3635.44312 0.217802
3636.06396 0.217827
3636.68604 0.217852
3637.30688 0.217877
3637.92896 0.217902
3638.55103 0.217926
3639.17212 0.217951
3639.79395 0.217976
3640.41699 0.218009
3641.03906 0.218046
3641.66089 0.218076
3642.28296 0.218107
3642.90601 0.218138
3643.52905 0.218168
3644.15088 0.218199
3644.77393 0.21823
3645.39697 0.218261
3646.02002 0.218291
3646.64307 0.218322
3647.26611 0.218353
3647.88989 0.218384
3648.51294 0.218414
3649.13696 0.218445
3649.76001 0.218476
3650.38403 0.218499
3651.00806 0.218518
3651.63208 0.218537
3652.25610 0.218556
3652.88110 0.218575
3653.50488 0.218594
3654.12891 0.218613
3654.75391 0.218632
3655.37793 0.218651
3656.00293 0.21867
3656.62793 0.218689
3657.25293 0.218707
3657.87793 0.218726
3658.50293 0.218745
3659.12891 0.218764
3659.75391 0.218783
3660.37891 0.218809
3661.00488 0.21884
3661.63110 0.218879
3662.25708 0.218919
3662.88306 0.218958
3663.50903 0.218998
3664.13501 0.219037
3664.76099 0.219077
3665.38696 0.219116
3666.01392 0.219156
3666.63989 0.219196
3667.26709 0.219235
3667.89404 0.219275
3668.52100 0.219314
3669.14795 0.219354
3669.77490 0.219394
3670.40210 0.219426
3671.02905 0.219453
3671.65698 0.219481
3672.28394 0.219509
3672.91211 0.219537
3673.54004 0.219564
3674.16699 0.219592
3674.79492 0.21962
3675.42407 0.219647
3676.05200 0.219675
3676.67993 0.219703
3677.30811 0.219731
3677.93701 0.219758
3678.56494 0.219786
3679.19409 0.219814
3679.82300 0.219842
3680.45190 0.219869
3681.08105 0.219897
3681.70996 0.219928
3682.33911 0.219958
3682.96899 0.219989
3683.59790 0.220019
3684.22803 0.22005
3684.85693 0.22008
3685.48706 0.22011
3686.11694 0.220141
3686.74707 0.220171
3687.37695 0.220202
3688.00708 0.220232
3688.63794 0.220263
3689.26807 0.220293
3689.89893 0.220324
3690.52905 0.220364
3691.15991 0.220407
3691.79102 0.220449
3692.42212 0.220492
3693.05298 0.220535
3693.68408 0.220577
3694.31592 0.22062
3694.94702 0.220663
3695.57788 0.220705
3696.20996 0.220748
3696.84204 0.220791
3697.47412 0.220833
3698.10596 0.220876
3698.73804 0.220919
3699.37012 0.220962
3700.00195 0.221004
3700.63501 0.221035
3701.26709 0.221063
3701.89990 0.221088
3702.53198 0.221112
3703.16504 0.221137
3703.79810 0.221161
3704.43091 0.221186
3705.06396 0.22121
3705.69702 0.221235
3706.33105 0.221259
3706.96411 0.221284
3707.59790 0.221309
3708.23096 0.221333
3708.86499 0.221358
3709.49902 0.221382
3710.13306 0.221409
3710.76709 0.221446
3711.40088 0.221483
3712.03589 0.22152
3712.66992 0.221556
3713.30493 0.221593
3713.93896 0.22163
3714.57397 0.221667
3715.20898 0.221704
3715.84399 0.221741
3716.47900 0.221777
3717.11401 0.221814
3717.75000 0.221851
3718.38501 0.221888
3719.02100 0.221925
3719.65601 0.221962
3720.29199 0.221993
3720.92798 0.222018
3721.56396 0.22204
3722.19995 0.222061
3722.83594 0.222083
3723.47192 0.222105
3724.10889 0.222126
3724.74512 0.222148
3725.38208 0.22217
3726.01807 0.222191
3726.65503 0.222213
3727.29199 0.222235
3727.92896 0.222256
3728.56592 0.222278
3729.20410 0.2223
3729.84106 0.222321
3730.47900 0.222343
3731.11597 0.222365
3731.75391 0.222386
3732.39209 0.222408
3733.02905 0.22243
3733.66699 0.222451
3734.30591 0.222473
3734.94409 0.222495
3735.58203 0.222517
3736.22095 0.222538
3736.85889 0.22256
3737.49805 0.222582
3738.13696 0.222603
3738.77588 0.222625
3739.41504 0.222647
3740.05396 0.22267
3740.69312 0.222704
3741.33203 0.222739
3741.97192 0.222775
3742.61108 0.222811
3743.25098 0.222848
3743.89111 0.222884
3744.53101 0.222921
3745.16992 0.222957
3745.81104 0.222994
3746.45093 0.22303
3747.09106 0.223067
3747.73096 0.223103
3748.37207 0.22314
3749.01294 0.223176
3749.65405 0.223213
3750.29395 0.223243
3750.93506 0.223268
3751.57593 0.223292
3752.21802 0.223316
3752.85889 0.22334
3753.50000 0.223364
3754.14209 0.223388
3754.78296 0.223412
3755.42505 0.223436
3756.06689 0.22346
3756.70898 0.223484
3757.35107 0.223508
3757.99292 0.223533
3758.63501 0.223557
3759.27808 0.223581
3759.91992 0.223605
3760.56299 0.22364
3761.20605 0.223678
3761.84912 0.223721
3762.49097 0.223764
3763.13501 0.223806
3763.77808 0.223849
3764.42090 0.223892
3765.06396 0.223935
3765.70801 0.223978
3766.35205 0.224021
3766.99512 0.224063
3767.63892 0.224106
3768.28296 0.224149
3768.92700 0.224192
3769.57104 0.224235
3770.21606 0.224274
3770.86011 0.224304
3771.50391 0.224334
3772.14893 0.224365
3772.79395 0.224395
3773.43799 0.224425
3774.08301 0.224456
3774.72900 0.224486
3775.37402 0.224516
3776.01904 0.224547
3776.66406 0.224577
3777.31006 0.224608
3777.95508 0.224638
3778.60107 0.224668
3779.24707 0.224699
3779.89307 0.224729
3780.53906 0.22476
3781.18506 0.224789
3781.83105 0.224815
3782.47803 0.224841
3783.12402 0.224868
3783.77100 0.224894
3784.41699 0.22492
3785.06396 0.224946
3785.71094 0.224972
3786.35791 0.224998
3787.00488 0.225024
3787.65210 0.22505
3788.30005 0.225077
3788.94702 0.225103
3789.59497 0.225129
3790.24194 0.22516
3790.88989 0.225198
3791.53809 0.225237
3792.18604 0.225276
3792.83398 0.225315
3793.48291 0.225354
3794.13110 0.225392
3794.77905 0.225431
3795.42798 0.22547
3796.07690 0.225509
3796.72607 0.225548
3797.37402 0.225586
3798.02295 0.225625
3798.67310 0.225664
3799.32202 0.225703
3799.97095 0.225742
3800.62109 0.225823
3801.27002 0.225907
3801.91992 0.225991
3802.57007 0.226075
3803.21899 0.226159
3803.87012 0.226242
3804.52002 0.226326
3805.16992 0.22641
3805.82007 0.226494
3806.47095 0.226578
3807.12109 0.226662
3807.77197 0.226746
3808.42310 0.22683
3809.07397 0.226914
3809.72510 0.226998
3810.37598 0.227081
3811.02710 0.227165
3811.67798 0.227249
3812.33008 0.227333
3812.98096 0.227417
3813.63306 0.227501
3814.28491 0.227585
3814.93701 0.227669
3815.58911 0.227753
3816.24097 0.227837
3816.89307 0.227921
3817.54590 0.228005
3818.19800 0.228089
3818.85107 0.228174
3819.50293 0.228258
3820.15601 0.228345
3820.80908 0.228442
3821.46191 0.228539
3822.11499 0.228637
3822.76904 0.228734
3823.42212 0.228832
3824.07495 0.22893
3824.72900 0.229027
3825.38306 0.229125
3826.03589 0.229223
3826.68994 0.229321
3827.34399 0.229418
3827.99902 0.229516
3828.65308 0.229614
3829.30688 0.229712
3829.96191 0.22981
3830.61597 0.229895
3831.27100 0.22998
3831.92603 0.230065
3832.58105 0.23015
3833.23608 0.230235
3833.89111 0.230319
3834.54590 0.230404
3835.20093 0.230489
3835.85693 0.230574
3836.51196 0.230659
3837.16797 0.230744
3837.82397 0.230829
3838.47998 0.230914
3839.13599 0.230999
3839.79199 0.231084
3840.44800 0.231178
3841.10498 0.231276
3841.76099 0.231375
3842.41797 0.231474
3843.07495 0.231573
3843.73096 0.231672
3844.38794 0.231771
3845.04492 0.23187
3845.70288 0.231969
3846.36011 0.232069
3847.01709 0.232168
3847.67505 0.232267
3848.33301 0.232366
3848.98999 0.232465
3849.64795 0.232565
3850.30591 0.232658
3850.96411 0.232744
3851.62207 0.23283
3852.28101 0.232916
3852.93896 0.233002
3853.59692 0.233088
3854.25610 0.233174
3854.91504 0.23326
3855.57397 0.233346
3856.23291 0.233433
3856.89209 0.233519
3857.55103 0.233605
3858.20996 0.233691
3858.87012 0.233777
3859.52905 0.233863
3860.18896 0.23395
3860.84790 0.234036
3861.50806 0.234121
3862.16797 0.234205
3862.82788 0.23429
3863.48901 0.234374
3864.14893 0.234458
3864.80908 0.234543
3865.46997 0.234627
3866.13110 0.234711
3866.79102 0.234796
3867.45190 0.23488
3868.11304 0.234965
3868.77393 0.235049
3869.43604 0.235134
3870.09692 0.23522
3870.75806 0.235318
3871.41992 0.235416
3872.08203 0.235514
3872.74292 0.235612
3873.40503 0.23571
3874.06689 0.235809
3874.72900 0.235907
3875.39209 0.236005
3876.05396 0.236103
3876.71704 0.236201
3877.37891 0.236299
3878.04199 0.236398
3878.70508 0.236496
3879.36694 0.236594
3880.03101 0.236692
3880.69409 0.236776
3881.35693 0.236861
3882.02002 0.236944
3882.68408 0.237028
3883.34692 0.237111
3884.01099 0.237194
3884.67505 0.237278
3885.33911 0.237362
3886.00293 0.237445
3886.66699 0.237529
3887.33105 0.237612
3887.99609 0.237696
3888.65991 0.237779
3889.32495 0.237863
3889.98999 0.237947
3890.65503 0.23803
3891.31909 0.238114
3891.98511 0.238197
3892.64990 0.238281
3893.31494 0.238364
3893.97998 0.238448
3894.64600 0.238531
3895.31201 0.238615
3895.97705 0.238699
3896.64307 0.238782
3897.30908 0.238866
3897.97510 0.238949
3898.64209 0.239033
3899.30811 0.239117
3899.97412 0.2392
3900.64111 0.239297
3901.30811 0.239396
3901.97412 0.239496
3902.64111 0.239597
3903.30811 0.239698
3903.97510 0.239799
3904.64307 0.2399
3905.31006 0.240001
3905.97705 0.240102
3906.64502 0.240203
3907.31299 0.240304
3907.97998 0.240405
3908.64795 0.240507
3909.31592 0.240608
3909.98511 0.240709
3910.65308 0.240796
3911.32104 0.240884
3911.98999 0.240971
3912.65796 0.241058
3913.32690 0.241145
3913.99609 0.241232
3914.66504 0.24132
3915.33398 0.241407
3916.00293 0.241494
3916.67212 0.241581
3917.34204 0.241669
3918.01099 0.241756
3918.68091 0.241843
3919.35107 0.241931
3920.02100 0.242018
3920.68994 0.242105
3921.36108 0.242192
3922.03101 0.242277
3922.70093 0.242362
3923.37207 0.242447
3924.04199 0.242531
3924.71289 0.242617
3925.38403 0.242701
3926.05396 0.242786
3926.72607 0.242871
3927.39697 0.242956
3928.06812 0.243041
3928.73901 0.243127
3929.41089 0.243212
3930.08203 0.243299
3930.75391 0.243398
3931.42603 0.243497
3932.09790 0.243596
3932.77002 0.243695
3933.44189 0.243794
3934.11401 0.243894
3934.78711 0.243993
3935.45898 0.244092
3936.13208 0.244191
3936.80396 0.244291
3937.47705 0.24439
3938.14990 0.244489
3938.82300 0.244589
3939.49707 0.244688
3940.16992 0.244784
3940.84302 0.244869
3941.51709 0.244954
3942.18994 0.245039
3942.86401 0.245124
3943.53809 0.245209
3944.21191 0.245294
3944.88599 0.245379
3945.56104 0.245463
3946.23511 0.245548
3946.90894 0.245633
3947.58398 0.245718
3948.25903 0.245803
3948.93311 0.245888
3949.60791 0.245973
3950.28296 0.246058
3950.95801 0.246143
3951.63403 0.246228
3952.30908 0.246313
3952.98511 0.246398
3953.65991 0.246482
3954.33594 0.246567
3955.01196 0.246652
