threeML/data/optical_filters/HST/WFC3_UVIS2-F225w.ecsv
# %ECSV 0.9
# ---
# datatype:
# - {name: wavelength, unit: Angstrom, datatype: float32}
# - {name: response, datatype: float32}
# meta: !!omap
# - {band_name: F225w}
# - {group_name: WFC3_UVIS2}
wavelength response
[from data line 806]
2283.46411 0.094314
2283.85400 0.094363
2284.24512 0.094411
2284.63599 0.09446
2285.02710 0.094508
2285.41797 0.094556
2285.80908 0.094605
2286.19995 0.094653
2286.59106 0.094702
2286.98193 0.09475
2287.37402 0.094798
2287.76489 0.094847
2288.15601 0.094895
2288.54810 0.094944
2288.93896 0.094992
2289.33105 0.095041
2289.72290 0.095089
2290.11499 0.095139
2290.50610 0.09519
2290.89795 0.095245
2291.29004 0.095306
2291.68188 0.095366
2292.07397 0.095426
2292.46704 0.095487
2292.85889 0.095547
2293.25098 0.095607
2293.64307 0.095668
2294.03589 0.095728
2294.42798 0.095789
2294.82104 0.095849
2295.21289 0.09591
2295.60596 0.095971
2295.99902 0.096031
2296.39209 0.096092
2296.78491 0.096153
2297.17798 0.096213
2297.57104 0.096274
2297.96411 0.096335
2298.35693 0.096396
2298.75000 0.096457
2299.14404 0.096517
2299.53711 0.096578
2299.92993 0.096639
2300.32397 0.096678
2300.71704 0.096712
2301.11108 0.096747
2301.50488 0.096783
2301.89795 0.096818
2302.29199 0.096853
2302.68604 0.096888
2303.08008 0.096924
2303.47412 0.096959
2303.86792 0.096994
2304.26196 0.097029
2304.65698 0.097065
2305.05103 0.0971
2305.44604 0.097135
2305.84009 0.097171
2306.23389 0.097206
2306.62891 0.097241
2307.02393 0.097277
2307.41797 0.097312
2307.81299 0.097348
2308.20801 0.097383
2308.60303 0.097419
2308.99805 0.097454
2309.39307 0.09749
2309.78809 0.097525
2310.18311 0.09756
2310.57910 0.097595
2310.97412 0.097631
2311.36890 0.097669
2311.76489 0.097706
2312.15991 0.097744
2312.55591 0.097782
2312.95190 0.097819
2313.34692 0.097857
2313.74292 0.097894
2314.13892 0.097932
2314.53491 0.097969
2314.93091 0.098007
2315.32690 0.098045
2315.72290 0.098082
2316.11890 0.09812
2316.51611 0.098158
2316.91211 0.098196
2317.30811 0.098233
2317.70508 0.098271
2318.10107 0.098309
2318.49805 0.098347
2318.89502 0.098384
2319.29199 0.098422
2319.68799 0.09846
2320.08496 0.098497
2320.48193 0.09853
2320.87891 0.098564
2321.27588 0.098598
2321.67310 0.098632
2322.07104 0.098666
2322.46802 0.0987
2322.86499 0.098734
2323.26294 0.098768
2323.65991 0.098802
2324.05811 0.098836
2324.45508 0.09887
2324.85303 0.098904
2325.25098 0.098938
2325.64893 0.098972
2326.04712 0.099006
2326.44507 0.09904
2326.84302 0.099074
2327.24097 0.099108
2327.63892 0.099143
2328.03711 0.099177
2328.43604 0.099211
2328.83398 0.099245
2329.23193 0.099279
2329.63110 0.099313
2330.02905 0.099348
2330.42798 0.099385
2330.82690 0.099422
2331.22607 0.099459
2331.62500 0.099496
2332.02295 0.099533
2332.42212 0.099569
2332.82202 0.099606
2333.21997 0.099643
2333.62012 0.09968
2334.01904 0.099717
2334.41797 0.099754
2334.81812 0.099791
2335.21704 0.099828
2335.61694 0.099865
2336.01611 0.099902
2336.41602 0.099939
2336.81592 0.099976
2337.21606 0.100013
2337.61499 0.10005
2338.01489 0.100087
2338.41602 0.100124
2338.81592 0.100161
2339.21606 0.100198
2339.61597 0.100235
2340.01611 0.100272
2340.41699 0.100309
2340.81689 0.100344
2341.21802 0.100378
2341.61792 0.100412
2342.01904 0.100445
2342.41895 0.100479
2342.82007 0.100512
2343.22095 0.100546
2343.62207 0.10058
2344.02295 0.100613
2344.42407 0.100647
2344.82495 0.100681
2345.22607 0.100714
2345.62793 0.100748
2346.02905 0.100782
2346.42993 0.100816
2346.83203 0.100849
2347.23291 0.100883
2347.63501 0.100917
2348.03711 0.100951
2348.43799 0.100985
2348.84009 0.101018
2349.24194 0.101052
2349.64404 0.101086
2350.04590 0.10112
2350.44800 0.101153
2350.85010 0.101184
2351.25195 0.101211
2351.65503 0.101238
2352.05688 0.101264
2352.45898 0.101291
2352.86206 0.101318
2353.26392 0.101344
2353.66699 0.101371
2354.07007 0.101398
2354.47290 0.101424
2354.87500 0.101451
2355.27808 0.101478
2355.68091 0.101504
2356.08398 0.101531
2356.48804 0.101558
2356.89111 0.101585
2357.29395 0.101611
2357.69702 0.101638
2358.10107 0.101665
2358.50391 0.101692
2358.90796 0.101719
2359.31104 0.101745
2359.71509 0.101772
2360.11890 0.101798
2360.52197 0.10182
2360.92603 0.101839
2361.33008 0.101855
2361.73389 0.101871
2362.13794 0.101887
2362.54199 0.101903
2362.94702 0.101919
2363.35107 0.101935
2363.75488 0.101951
2364.15991 0.101968
2364.56396 0.101984
2364.96899 0.102
2365.37402 0.102016
2365.77808 0.102032
2366.18311 0.102048
2366.58789 0.102064
2366.99292 0.10208
2367.39795 0.102096
2367.80298 0.102112
2368.20801 0.102128
2368.61304 0.102144
2369.01807 0.10216
2369.42407 0.102176
2369.82910 0.102192
2370.23389 0.10221
2370.63989 0.102229
2371.04590 0.102243
2371.45093 0.102254
2371.85693 0.102266
2372.26294 0.102278
2372.66895 0.10229
2373.07495 0.102302
2373.48096 0.102314
2373.88696 0.102325
2374.29297 0.102337
2374.69897 0.102349
2375.10498 0.102361
2375.51196 0.102373
2375.91797 0.102385
2376.32495 0.102396
2376.73096 0.102408
2377.13794 0.10242
2377.54492 0.102432
2377.95093 0.102443
2378.35791 0.102455
2378.76489 0.102467
2379.17212 0.102479
2379.57910 0.10249
2379.98706 0.102502
2380.39404 0.102513
2380.80103 0.102523
2381.20801 0.102526
2381.61597 0.102529
2382.02295 0.102533
2382.43091 0.102536
2382.83789 0.102539
2383.24609 0.102542
2383.65405 0.102545
2384.06201 0.102548
2384.46899 0.102552
2384.87695 0.102555
2385.28589 0.102558
2385.69409 0.102561
2386.10205 0.102564
2386.51001 0.102567
2386.91797 0.10257
2387.32690 0.102573
2387.73511 0.102576
2388.14404 0.102579
2388.55200 0.102582
2388.96094 0.102585
2389.37012 0.102588
2389.77905 0.102591
2390.18799 0.102592
2390.59595 0.102591
2391.00488 0.102583
2391.41504 0.102571
2391.82397 0.10256
2392.23291 0.102549
2392.64209 0.102538
2393.05200 0.102527
2393.46094 0.102515
2393.87109 0.102504
2394.28003 0.102493
2394.68994 0.102481
2395.09912 0.10247
2395.50903 0.102459
2395.91895 0.102447
2396.32910 0.102436
2396.73901 0.102425
2397.14893 0.102413
2397.55908 0.102402
2397.96899 0.10239
2398.37988 0.102379
2398.79004 0.102367
2399.19995 0.102356
2399.61108 0.102344
2400.02100 0.10233
2400.43188 0.102263
2400.84302 0.102194
2401.25391 0.102118
2401.66504 0.102043
2402.07495 0.101967
2402.48608 0.101891
2402.89697 0.101816
2403.30908 0.10174
2403.71997 0.101665
2404.13110 0.101589
2404.54199 0.101514
2404.95410 0.101438
2405.36499 0.101362
2405.77710 0.101287
2406.18799 0.101211
2406.60010 0.101136
2407.01196 0.10106
2407.42407 0.100985
2407.83496 0.100909
2408.24805 0.100833
2408.65991 0.100758
2409.07202 0.100682
2409.48389 0.100607
2409.89600 0.100531
2410.30811 0.100455
2410.72095 0.100379
2411.13306 0.100294
2411.54590 0.100208
2411.95801 0.100121
2412.37109 0.100035
2412.78394 0.099949
2413.19702 0.099863
2413.61011 0.099777
2414.02197 0.099691
2414.43604 0.099605
2414.84912 0.099519
2415.26196 0.099433
2415.67505 0.099347
2416.08789 0.099261
2416.50195 0.099175
2416.91504 0.099088
2417.32910 0.099002
2417.74194 0.098916
2418.15601 0.09883
2418.57007 0.098744
2418.98291 0.098658
2419.39697 0.098572
2419.81104 0.098486
2420.22510 0.0984
2420.63892 0.098314
2421.05298 0.098223
2421.46802 0.09813
2421.88208 0.098038
2422.29590 0.097945
2422.71094 0.097853
2423.12500 0.09776
2423.54004 0.097667
2423.95508 0.097575
2424.36890 0.097482
2424.78394 0.09739
2425.19897 0.097297
2425.61401 0.097205
2426.02905 0.097112
2426.44409 0.09702
2426.85889 0.096927
2427.27393 0.096835
2427.68994 0.096742
2428.10498 0.09665
2428.52100 0.096558
2428.93604 0.096465
2429.35205 0.096373
2429.76709 0.09628
2430.18311 0.096184
2430.59912 0.096082
2431.01489 0.095973
2431.43091 0.09586
2431.84595 0.095747
2432.26294 0.095635
2432.67896 0.095522
2433.09497 0.09541
2433.51099 0.095297
2433.92798 0.095184
2434.34399 0.095072
2434.76001 0.09496
2435.17700 0.094847
2435.59399 0.094735
2436.01001 0.094623
2436.42700 0.09451
2436.84399 0.094398
2437.26099 0.094286
2437.67798 0.094174
2438.09497 0.094061
2438.51196 0.093949
2438.92896 0.093837
2439.34692 0.093725
2439.76392 0.093613
2440.18188 0.093503
2440.59912 0.093394
2441.01709 0.093283
2441.43408 0.093171
2441.85205 0.093059
2442.27002 0.092947
2442.68799 0.092835
2443.10596 0.092723
2443.52393 0.092611
2443.94189 0.092499
2444.36011 0.092387
2444.77808 0.092275
2445.19604 0.092163
2445.61499 0.092051
2446.03296 0.091939
2446.45190 0.091827
2446.87012 0.091715
2447.28906 0.091604
2447.70801 0.091492
2448.12598 0.09138
2448.54492 0.091269
2448.96411 0.091157
2449.38306 0.091045
2449.80200 0.090934
2450.22095 0.090822
2450.64111 0.09071
2451.06006 0.090594
2451.47900 0.090475
2451.89893 0.090356
2452.31812 0.090238
2452.73804 0.090119
2453.15698 0.090001
2453.57690 0.089882
2453.99707 0.089764
2454.41699 0.089645
2454.83691 0.089527
2455.25708 0.089409
2455.67700 0.08929
2456.09692 0.089172
2456.51709 0.089054
2456.93701 0.088936
2457.35791 0.088817
2457.77808 0.088699
2458.19897 0.088581
2458.61890 0.088463
2459.04004 0.088345
2459.46094 0.088227
2459.88208 0.088109
2460.30200 0.087989
2460.72290 0.087868
2461.14502 0.08774
2461.56494 0.087612
2461.98706 0.087483
2462.40796 0.087355
2462.82910 0.087227
2463.25000 0.087099
2463.67212 0.086971
2464.09399 0.086844
2464.51489 0.086716
2464.93701 0.086588
2465.35889 0.08646
2465.78003 0.086333
2466.20190 0.086205
2466.62402 0.086077
2467.04590 0.08595
2467.46802 0.085822
2467.89111 0.085695
2468.31299 0.085568
2468.73511 0.08544
2469.15698 0.085313
2469.58008 0.085186
2470.00195 0.085059
2470.42505 0.084935
2470.84790 0.08481
2471.27100 0.084682
2471.69312 0.084554
2472.11597 0.084426
2472.53906 0.084298
2472.96191 0.08417
2473.38501 0.084042
2473.80908 0.083914
2474.23193 0.083786
2474.65503 0.083658
2475.07788 0.083531
2475.50195 0.083403
2475.92603 0.083275
2476.34912 0.083148
2476.77295 0.08302
2477.19702 0.082892
2477.62012 0.082765
2478.04395 0.082638
2478.46802 0.08251
2478.89209 0.082383
2479.31592 0.082256
2479.74097 0.082128
2480.16504 0.082001
2480.58911 0.081874
2481.01392 0.081745
2481.43799 0.081615
2481.86304 0.081485
2482.28711 0.081355
2482.71191 0.081225
2483.13696 0.081095
2483.56201 0.080965
2483.98706 0.080835
2484.41211 0.080705
2484.83691 0.080575
2485.26196 0.080446
2485.68701 0.080316
2486.11206 0.080186
2486.53809 0.080057
2486.96289 0.079927
2487.38892 0.079798
2487.81396 0.079668
2488.23999 0.079539
2488.66602 0.07941
2489.09106 0.07928
2489.51709 0.079151
2489.94312 0.079022
2490.36890 0.07889
2490.79492 0.078758
2491.22095 0.078621
2491.64795 0.078485
2492.07397 0.078349
2492.50000 0.078212
2492.92700 0.078076
2493.35303 0.07794
2493.78003 0.077804
2494.20703 0.077668
2494.63306 0.077532
2495.06006 0.077396
2495.48706 0.07726
2495.91406 0.077125
2496.34106 0.076989
2496.76807 0.076853
2497.19507 0.076718
2497.62305 0.076582
2498.05005 0.076447
2498.47705 0.076312
2498.90503 0.076176
2499.33203 0.076041
2499.76001 0.075906
2500.18799 0.075769
2500.61499 0.075629
2501.04297 0.075488
2501.47095 0.075345
2501.89893 0.075203
2502.32690 0.07506
2502.75488 0.074918
2503.18408 0.074776
2503.61206 0.074633
2504.04004 0.074491
2504.46899 0.074349
2504.89697 0.074207
2505.32593 0.074065
2505.75391 0.073924
2506.18311 0.073782
2506.61206 0.07364
2507.04102 0.073499
2507.46997 0.073357
2507.89893 0.073216
2508.32788 0.073074
2508.75708 0.072933
2509.18604 0.072792
2509.61499 0.072651
2510.04492 0.07251
2510.47412 0.072369
2510.90405 0.072227
2511.33301 0.072083
2511.76294 0.071939
2512.19312 0.071795
2512.62305 0.071651
2513.05298 0.071507
2513.48291 0.071363
2513.91309 0.07122
2514.34302 0.071076
2514.77295 0.070933
2515.20288 0.070789
2515.63403 0.070646
2516.06396 0.070503
2516.49390 0.07036
2516.92505 0.070217
2517.35596 0.070073
2517.78589 0.069931
2518.21704 0.069788
2518.64795 0.069645
2519.07910 0.069502
2519.51001 0.06936
2519.94092 0.069217
2520.37207 0.069073
2520.80298 0.068927
2521.23511 0.068778
2521.66602 0.068629
2522.09692 0.068481
2522.52905 0.068332
2522.96094 0.068183
2523.39209 0.068035
2523.82397 0.067887
2524.25610 0.067738
2524.68799 0.06759
2525.12012 0.067442
2525.55200 0.067294
2525.98389 0.067146
2526.41602 0.066999
2526.84790 0.066851
2527.28101 0.066703
2527.71289 0.066556
2528.14600 0.066408
2528.57788 0.066261
2529.01099 0.066114
2529.44312 0.065967
2529.87598 0.06582
2530.30908 0.065675
2530.74194 0.065531
2531.17505 0.065384
2531.60791 0.065236
2532.04102 0.065089
2532.47412 0.064942
2532.90698 0.064795
2533.34106 0.064648
2533.77393 0.064501
2534.20801 0.064354
2534.64209 0.064208
2535.07495 0.064061
2535.50903 0.063915
2535.94312 0.063768
2536.37695 0.063622
2536.81104 0.063476
2537.24512 0.06333
2537.67896 0.063184
2538.11304 0.063038
2538.54712 0.062892
2538.98096 0.062746
2539.41602 0.062601
2539.85010 0.062455
2540.28491 0.062309
2540.71899 0.062164
2541.15405 0.062017
2541.58911 0.06187
2542.02393 0.061723
2542.45898 0.061576
2542.89404 0.061429
2543.32910 0.061282
2543.76392 0.061136
2544.19897 0.060989
2544.63501 0.060843
2545.07007 0.060696
2545.50488 0.06055
2545.94092 0.060404
2546.37598 0.060258
2546.81201 0.060112
2547.24805 0.059966
2547.68408 0.05982
2548.12012 0.059674
2548.55591 0.059528
2548.99194 0.059383
2549.42798 0.059237
2549.86401 0.059092
2550.30005 0.058945
2550.73706 0.058797
2551.17310 0.058649
2551.60889 0.058501
2552.04590 0.058353
2552.48291 0.058205
2552.91895 0.058057
2553.35596 0.057909
2553.79297 0.057761
2554.22998 0.057614
2554.66699 0.057466
2555.10400 0.057319
2555.54102 0.057172
2555.97900 0.057024
2556.41602 0.056877
2556.85303 0.05673
2557.29102 0.056584
2557.72803 0.056437
2558.16602 0.05629
2558.60400 0.056144
2559.04102 0.055997
2559.47900 0.055851
2559.91699 0.055705
2560.35498 0.05556
2560.79297 0.055417
2561.23096 0.055269
2561.66895 0.055122
2562.10791 0.054976
2562.54590 0.054829
2562.98511 0.054682
2563.42310 0.054536
2563.86206 0.054389
2564.30005 0.054243
2564.73901 0.054097
2565.17798 0.053951
2565.61694 0.053805
2566.05591 0.053659
2566.49512 0.053513
2566.93408 0.053367
2567.37305 0.053221
2567.81201 0.053076
2568.25195 0.05293
2568.69092 0.052785
2569.13110 0.05264
2569.57007 0.052495
2570.01001 0.052349
2570.44897 0.052205
2570.88892 0.05206
2571.32910 0.051915
2571.76904 0.051771
2572.20898 0.051626
2572.64893 0.051482
2573.08911 0.051337
2573.53003 0.051193
2573.96997 0.051049
2574.40991 0.050905
2574.85107 0.050761
2575.29102 0.050618
2575.73193 0.050474
2576.17310 0.05033
2576.61304 0.050187
2577.05396 0.050044
2577.49512 0.0499
2577.93604 0.049757
2578.37695 0.049614
2578.81812 0.049471
2579.26001 0.049328
2579.70093 0.049186
2580.14209 0.049042
2580.58398 0.048898
2581.02490 0.048754
2581.46704 0.04861
2581.90796 0.048467
2582.35010 0.048324
2582.79199 0.04818
2583.23389 0.048037
2583.67603 0.047894
2584.11792 0.047752
2584.56006 0.047609
2585.00195 0.047466
2585.44507 0.047324
2585.88696 0.047181
2586.32910 0.047039
2586.77197 0.046897
2587.21411 0.046755
2587.65698 0.046613
2588.10010 0.046471
2588.54297 0.046329
2588.98608 0.046188
2589.42798 0.046046
2589.87207 0.045905
2590.31494 0.045765
2590.75806 0.045626
2591.20093 0.045485
2591.64502 0.045345
2592.08789 0.045204
2592.53101 0.045064
2592.97510 0.044924
2593.41797 0.044784
2593.86206 0.044644
2594.30591 0.044505
2594.75000 0.044365
2595.19409 0.044225
2595.63794 0.044086
2596.08203 0.043947
2596.52588 0.043807
2596.96997 0.043668
2597.41504 0.043529
2597.85889 0.04339
2598.30396 0.043252
2598.74805 0.043113
2599.19312 0.042974
2599.63696 0.042836
2600.08203 0.042697
2600.52710 0.042556
2600.97192 0.042415
2601.41699 0.042274
2601.86206 0.042134
2602.30688 0.041994
2602.75293 0.041853
2603.19800 0.041713
2603.64307 0.041573
2604.08911 0.041433
2604.53394 0.041293
2604.97998 0.041154
2605.42603 0.041014
2605.87207 0.040875
2606.31689 0.040735
2606.76294 0.040596
2607.20898 0.040457
2607.65503 0.040318
2608.10205 0.040179
2608.54810 0.040041
2608.99390 0.039902
2609.43994 0.039764
2609.88696 0.039625
2610.33301 0.039486
2610.78003 0.039346
2611.22705 0.039212
2611.67407 0.039077
2612.12012 0.038943
2612.56689 0.038809
2613.01392 0.038675
2613.46094 0.038541
2613.90796 0.038407
2614.35596 0.038274
2614.80298 0.03814
2615.25000 0.038007
2615.69800 0.037874
2616.14502 0.03774
2616.59302 0.037607
2617.04102 0.037475
2617.48804 0.037342
2617.93604 0.037209
2618.38403 0.037077
2618.83203 0.036944
2619.28003 0.036812
2619.72803 0.03668
