threeML/data/optical_filters/HST/WFC3_UVIS1-FQ924N.ecsv
# %ECSV 0.9
# ---
# datatype:
# - {name: wavelength, unit: Angstrom, datatype: float32}
# - {name: response, datatype: float32}
# meta: !!omap
# - {band_name: FQ924N}
# - {group_name: WFC3_UVIS1}
wavelength response
8217.37988 0.0
9130.42188 0.0004
9131.98340 0.000403
9133.54590 0.000406
9135.10938 0.000409
9136.67188 0.000412
9138.23535 0.000415
9139.79883 0.000418
9141.36230 0.000421
9142.92676 0.000383
9144.49121 0.00023
9146.05566 0.000786
9147.62012 0.000654
9149.18555 0.000613
9150.75098 0.000917
9152.31641 0.000401
9153.88184 0.000653
9155.44824 0.000815
9157.01465 0.000904
9158.58203 0.001093
9160.14844 0.000666
9161.71582 0.00075
9163.28320 0.001037
9164.85156 0.001387
9166.41895 0.001785
9167.98730 0.001984
9169.55566 0.001604
9171.12500 0.001388
9172.69434 0.001881
9174.26367 0.002379
9175.83301 0.002544
9177.40332 0.002777
9178.97363 0.003023
9180.54395 0.00308
9182.11426 0.004601
9183.68555 0.005103
9185.25684 0.005717
9186.82812 0.006716
9188.40039 0.00714
9189.97266 0.009227
9191.54492 0.011188
9193.11719 0.013195
9194.69043 0.015599
9196.26367 0.018752
9197.83691 0.022594
9199.41016 0.026991
9200.98438 0.031967
9202.55859 0.037577
9204.13281 0.044177
9205.70801 0.050333
9207.28320 0.056719
9208.85840 0.063057
9210.43359 0.067701
9212.00977 0.073299
9213.58594 0.077361
9215.16211 0.080312
9216.73926 0.082636
9218.31543 0.084081
9219.89258 0.084697
9221.47070 0.084779
9223.04785 0.084565
9224.62598 0.084296
9226.20410 0.083966
9227.78320 0.083475
9229.36230 0.083166
9230.94141 0.083055
9232.52148 0.082929
9234.09961 0.083452
9235.67969 0.083588
9237.25977 0.083797
9238.84082 0.084254
9240.42090 0.08467
9242.00195 0.084944
9243.58301 0.085287
9245.16504 0.085556
9246.74707 0.085624
9248.32910 0.085515
9249.91113 0.085201
9251.49414 0.085011
9253.07715 0.084745
9254.66016 0.084156
9256.24316 0.083815
9257.82715 0.083086
9259.41113 0.082385
9260.99512 0.081726
9262.58008 0.080947
9264.16406 0.080653
9265.74902 0.080602
9267.33496 0.08052
9268.91992 0.080364
9270.50586 0.080317
9272.09277 0.080399
9273.67871 0.080275
9275.26562 0.080222
9276.85254 0.080271
9278.43945 0.079983
9280.02734 0.078589
9281.61523 0.076476
9283.20312 0.073772
9284.79102 0.070509
9286.37988 0.066351
9287.96875 0.061443
9289.55762 0.055712
9291.14746 0.049669
9292.73633 0.043784
9294.32715 0.037689
9295.91699 0.032708
9297.50781 0.027593
9299.09863 0.022959
9300.68945 0.019579
9302.28027 0.015636
9303.87207 0.013307
9305.46387 0.011431
9307.05566 0.009585
9308.64844 0.007665
9310.24121 0.006596
9311.83398 0.005622
9313.42676 0.004773
9315.02148 0.00406
9316.61426 0.003482
9318.20801 0.002993
9319.80273 0.002707
9321.39746 0.002311
9322.99219 0.001881
9324.58691 0.001768
9326.18262 0.001898
9327.77832 0.001463
9329.37402 0.001141
9330.97070 0.001136
9332.56738 0.001261
9334.16406 0.001243
9335.76074 0.000934
9337.35840 0.000746
9338.95605 0.000762
9340.55371 0.000735
9342.15137 0.000533
9343.75000 0.000414
10278.12500 0.0
