threeML/data/optical_filters/HST/WFC3_IR-F130N.ecsv
# %ECSV 0.9
# ---
# datatype:
# - {name: wavelength, unit: Angstrom, datatype: float32}
# - {name: response, datatype: float32}
# meta: !!omap
# - {band_name: F130N}
# - {group_name: WFC3_IR}
wavelength response
11600.15332 0.0
12889.05957 0.000413
12890.09961 0.000466
12891.15039 0.000493
12892.19043 0.00063
12893.24023 0.000828
12894.28027 0.001026
12895.33008 0.001225
12896.37988 0.001492
12897.41992 0.001776
12898.46973 0.002009
12899.51953 0.002236
12900.55957 0.002717
12901.61035 0.003205
12902.65039 0.003745
12903.70020 0.004339
12904.75000 0.005199
12905.79004 0.006088
12906.83984 0.007062
12907.88965 0.008203
12908.94043 0.009663
12909.98047 0.01132
12911.03027 0.013235
12912.08008 0.015674
12913.12988 0.018591
12914.16992 0.022117
12915.21973 0.026032
12916.26953 0.031072
12917.32031 0.036588
12918.36035 0.043733
12919.41016 0.051301
12920.45996 0.061247
12921.50977 0.071513
12922.55957 0.084525
12923.59961 0.097857
12924.65039 0.114753
12925.70020 0.132119
12926.75000 0.15193
12927.79980 0.172622
12928.84961 0.195881
12929.90039 0.219556
12930.95020 0.244046
12931.99023 0.26916
12933.04004 0.295101
12934.08984 0.320268
12935.13965 0.344771
12936.19043 0.367919
12937.24023 0.390214
12938.29004 0.409898
12939.33984 0.42854
12940.38965 0.44802
12941.44043 0.467674
12942.49023 0.477595
12943.54004 0.486496
12944.58984 0.491498
12945.63965 0.496246
12946.69043 0.498534
12947.74023 0.500461
12948.79004 0.500858
12949.83984 0.501001
12950.88965 0.500511
12951.94043 0.499834
12952.99023 0.498856
12954.04004 0.49781
12955.08984 0.496689
12956.13965 0.495715
12957.20020 0.494852
12958.25000 0.494275
12959.29980 0.493842
12960.34961 0.493581
12961.40039 0.493374
12962.45020 0.493466
12963.50000 0.493605
12964.55957 0.494075
12965.61035 0.494568
12966.66016 0.495223
12967.70996 0.495878
12968.75977 0.496534
12969.80957 0.497305
12970.87012 0.498417
12971.91992 0.499559
12972.96973 0.50076
12974.01953 0.502051
12975.08008 0.503453
12976.12988 0.50476
12977.17969 0.505989
12978.23047 0.507051
12979.29004 0.508022
12980.33984 0.509114
12981.38965 0.51027
12982.45020 0.511455
12983.50000 0.512644
12984.54980 0.513756
12985.61035 0.514859
12986.66016 0.515854
12987.70996 0.516844
12988.76953 0.51781
12989.82031 0.518755
12990.87012 0.519598
12991.92969 0.520392
12992.98047 0.521112
12994.04004 0.521727
12995.08984 0.522218
12996.13965 0.52269
12997.20020 0.523149
12998.25000 0.523667
12999.30957 0.524214
13000.36035 0.524505
13001.41992 0.524727
13002.46973 0.524698
13003.53027 0.524633
13004.58008 0.524455
13005.63965 0.524293
13006.69043 0.524371
13007.75000 0.524444
13008.79980 0.524493
13009.86035 0.52455
13010.91016 0.524628
13011.96973 0.524639
13013.01953 0.524544
13014.08008 0.524506
13015.12988 0.524527
13016.19043 0.524668
13017.25000 0.52489
13018.29980 0.525031
13019.36035 0.525138
13020.41016 0.525379
13021.46973 0.525676
13022.53027 0.526026
13023.58008 0.526374
13024.63965 0.526382
13025.70020 0.526398
13026.75000 0.526465
13027.80957 0.526606
13028.87012 0.52699
13029.91992 0.527354
13030.98047 0.527638
13032.04004 0.527763
13033.08984 0.527697
13034.15039 0.527708
13035.20996 0.52778
13036.26953 0.527699
13037.32031 0.527541
13038.37988 0.527494
13039.44043 0.527479
13040.50000 0.527338
13041.55957 0.527179
13042.61035 0.52682
13043.66992 0.526451
13044.73047 0.526002
13045.79004 0.525517
13046.84961 0.524896
13047.90039 0.524311
13048.95996 0.523804
13050.01953 0.523272
13051.08008 0.522705
13052.13965 0.522217
13053.20020 0.521797
13054.25977 0.521452
13055.32031 0.521149
13056.37988 0.520624
13057.42969 0.520031
13058.49023 0.519613
13059.54980 0.519222
13060.61035 0.519087
13061.66992 0.518975
13062.73047 0.519045
13063.79004 0.519085
13064.84961 0.519013
13065.91016 0.518876
13066.96973 0.5186
13068.03027 0.51815
13069.08984 0.517468
13070.15039 0.516115
13071.20996 0.51423
13072.26953 0.509998
13073.33008 0.504542
13074.38965 0.497696
13075.45020 0.490435
13076.50977 0.480143
13077.57031 0.469455
13078.62988 0.455224
13079.70020 0.440451
13080.75977 0.421595
13081.82031 0.402113
13082.87988 0.380602
13083.94043 0.358398
13085.00000 0.334807
13086.05957 0.310675
13087.12012 0.285903
13088.19043 0.260863
13089.25000 0.235663
13090.30957 0.211982
13091.37012 0.188986
13092.42969 0.167387
13093.50000 0.146132
13094.55957 0.12831
13095.62012 0.11088
13096.67969 0.096524
13097.75000 0.082715
13098.80957 0.071885
13099.87012 0.061615
13100.92969 0.052847
13102.00000 0.044964
13103.05957 0.038464
13104.12012 0.032752
13105.19043 0.027796
13106.25000 0.023702
13107.30957 0.020117
13108.37988 0.01729
13109.44043 0.014723
13110.50000 0.012737
13111.57031 0.010842
13112.62988 0.009348
13113.69043 0.007911
13114.75977 0.006918
13115.82031 0.005972
13116.87988 0.005184
13117.95020 0.004436
13119.00977 0.003765
13120.08008 0.003214
13121.13965 0.002806
13122.20996 0.002431
13123.26953 0.002081
13124.33008 0.001792
13125.40039 0.00153
13126.45996 0.001339
13127.53027 0.001163
13128.58984 0.000961
13129.66016 0.000762
13130.71973 0.000645
13131.79004 0.000528
13132.84961 0.000411
14446.13477 0.0
