threeML/data/optical_filters/HST/WFC3_UVIS2-G280.ecsv
# %ECSV 0.9
# ---
# datatype:
# - {name: wavelength, unit: Angstrom, datatype: float32}
# - {name: response, datatype: float32}
# meta: !!omap
# - {band_name: G280}
# - {group_name: WFC3_UVIS2}
wavelength response
[from data line 2415]
2912.82300 0.097109
2913.27710 0.097106
2913.73096 0.097103
2914.18604 0.0971
2914.63989 0.097097
2915.09399 0.097094
2915.54907 0.097091
2916.00293 0.097088
2916.45801 0.097085
2916.91309 0.097081
2917.36694 0.097078
2917.82202 0.097075
2918.27710 0.097072
2918.73193 0.097069
2919.18701 0.097066
2919.64209 0.097062
2920.09692 0.09706
2920.55298 0.097061
2921.00806 0.097061
2921.46289 0.097062
2921.91895 0.097062
2922.37500 0.097063
2922.83008 0.097063
2923.28589 0.097064
2923.74097 0.097064
2924.19702 0.097065
2924.65308 0.097065
2925.10889 0.097066
2925.56494 0.097066
2926.02100 0.097066
2926.47705 0.097067
2926.93408 0.097067
2927.38989 0.097067
2927.84595 0.097068
2928.30298 0.097068
2928.75903 0.097068
2929.21606 0.097068
2929.67310 0.097069
2930.12891 0.097068
2930.58594 0.097064
2931.04297 0.09706
2931.50000 0.097056
2931.95703 0.097052
2932.41406 0.097048
2932.87109 0.097044
2933.32910 0.09704
2933.78589 0.097036
2934.24292 0.097032
2934.70093 0.097028
2935.15796 0.097023
2935.61597 0.097019
2936.07300 0.097015
2936.53101 0.097011
2936.98901 0.097007
2937.44702 0.097002
2937.90503 0.096998
2938.36304 0.096994
2938.82104 0.09699
2939.27905 0.096985
2939.73804 0.096981
2940.19604 0.096978
2940.65405 0.096978
2941.11304 0.096977
2941.57104 0.096977
2942.03003 0.096976
2942.48901 0.096976
2942.94702 0.096975
2943.40601 0.096975
2943.86499 0.096974
2944.32397 0.096973
2944.78296 0.096973
2945.24194 0.096972
2945.70093 0.096971
2946.15991 0.096971
2946.62012 0.09697
2947.07910 0.096969
2947.53906 0.096968
2947.99805 0.096967
2948.45801 0.096967
2948.91699 0.096966
2949.37695 0.096965
2949.83691 0.096964
2950.29712 0.096963
2950.75708 0.096962
2951.21704 0.096961
2951.67700 0.09696
2952.13696 0.096959
2952.59692 0.096958
2953.05811 0.096957
2953.51807 0.096955
2953.97900 0.096954
2954.43896 0.096953
2954.89990 0.096952
2955.36011 0.096951
2955.82104 0.096949
2956.28198 0.096948
2956.74292 0.096947
2957.20410 0.096945
2957.66504 0.096944
2958.12598 0.096943
2958.58691 0.096941
2959.04810 0.09694
2959.51001 0.096938
2959.97095 0.096937
2960.43188 0.096931
2960.89404 0.096926
2961.35596 0.09692
2961.81689 0.096915
2962.27905 0.096909
2962.74097 0.096903
2963.20288 0.096898
2963.66504 0.096892
2964.12695 0.096886
2964.58911 0.09688
2965.05103 0.096875
2965.51294 0.096869
2965.97607 0.096863
2966.43799 0.096857
2966.90088 0.096851
2967.36304 0.096845
2967.82593 0.096839
2968.28809 0.096833
2968.75098 0.096827
2969.21411 0.096821
2969.67700 0.096815
2970.13989 0.09681
2970.60303 0.096808
2971.06592 0.096806
2971.52905 0.096804
2971.99292 0.096802
2972.45605 0.096799
2972.91895 0.096797
2973.38306 0.096795
2973.84595 0.096792
2974.31006 0.09679
2974.77393 0.096788
2975.23804 0.096785
2975.70093 0.096783
2976.16504 0.096781
2976.62891 0.096778
2977.09302 0.096776
2977.55688 0.096773
2978.02197 0.096771
2978.48608 0.096768
2978.94995 0.096765
2979.41504 0.096763
2979.87891 0.09676
2980.34399 0.096754
2980.80811 0.096748
2981.27295 0.096741
2981.73804 0.096734
2982.20288 0.096727
2982.66797 0.09672
2983.13306 0.096714
2983.59790 0.096707
2984.06299 0.0967
2984.52808 0.096693
2984.99292 0.096686
2985.45898 0.096679
2985.92407 0.096672
2986.38989 0.096665
2986.85498 0.096658
2987.32104 0.096651
2987.78711 0.096643
2988.25293 0.096636
2988.71899 0.096629
2989.18408 0.096622
2989.64990 0.096615
2990.11597 0.096608
2990.58301 0.096605
2991.04907 0.096602
2991.51489 0.096598
2991.98193 0.096595
2992.44800 0.096592
2992.91504 0.096588
2993.38110 0.096585
2993.84790 0.096581
2994.31494 0.096578
2994.78101 0.096574
2995.24805 0.096571
2995.71509 0.096567
2996.18188 0.096564
2996.64893 0.09656
2997.11694 0.096557
2997.58398 0.096553
2998.05103 0.096549
2998.51904 0.096545
2998.98608 0.096542
2999.45410 0.096538
2999.92090 0.096534
3000.38892 0.096527
3000.85693 0.096518
3001.32495 0.09651
3001.79199 0.096502
3002.26001 0.096494
3002.72900 0.096485
3003.19702 0.096477
3003.66504 0.096469
3004.13306 0.096461
3004.60205 0.096452
3005.07007 0.096444
3005.53906 0.096436
3006.00708 0.096428
3006.47607 0.096419
3006.94409 0.096411
3007.41309 0.096403
3007.88208 0.096394
3008.35107 0.096386
3008.82007 0.096378
3009.28906 0.09637
3009.75806 0.096361
3010.22803 0.096355
3010.69702 0.096351
3011.16602 0.096346
3011.63501 0.096342
3012.10498 0.096338
3012.57495 0.096334
3013.04395 0.096329
3013.51392 0.096325
3013.98389 0.096321
3014.45410 0.096317
3014.92407 0.096312
3015.39404 0.096308
3015.86401 0.096304
3016.33398 0.0963
3016.80396 0.096295
3017.27490 0.096291
3017.74512 0.096287
3018.21606 0.096282
3018.68604 0.096278
3019.15698 0.096274
3019.62695 0.09627
3020.09790 0.096265
3020.56909 0.096261
3021.04004 0.096257
3021.51099 0.096252
3021.98193 0.096248
3022.45288 0.096244
3022.92407 0.096239
3023.39600 0.096235
3023.86694 0.096231
3024.33789 0.096226
3024.81006 0.096222
3025.28101 0.096218
3025.75293 0.096213
3026.22510 0.096209
3026.69702 0.096205
3027.16797 0.0962
3027.64111 0.096196
3028.11304 0.096191
3028.58496 0.096187
3029.05688 0.096183
3029.52905 0.096178
3030.00098 0.096174
3030.47412 0.096165
3030.94604 0.096157
3031.41895 0.096148
3031.89111 0.096139
3032.36401 0.096131
3032.83691 0.096122
3033.31006 0.096113
3033.78198 0.096104
3034.25488 0.096096
3034.72900 0.096087
3035.20190 0.096078
3035.67505 0.09607
3036.14795 0.096061
3036.62109 0.096052
3037.09497 0.096044
3037.56812 0.096035
3038.04199 0.096026
3038.51611 0.096017
3038.98901 0.096009
3039.46289 0.096
3039.93701 0.095991
3040.41089 0.095986
3040.88501 0.095981
3041.35889 0.095977
3041.83301 0.095972
3042.30688 0.095967
3042.78198 0.095963
3043.25610 0.095958
3043.72998 0.095953
3044.20508 0.095949
3044.67993 0.095944
3045.15405 0.095939
3045.62891 0.095935
3046.10400 0.09593
3046.57910 0.095925
3047.05396 0.09592
3047.52905 0.095916
3048.00391 0.095911
3048.47900 0.095906
3048.95410 0.095902
3049.42993 0.095897
3049.90503 0.095892
3050.38110 0.095884
3050.85596 0.095875
3051.33203 0.095867
3051.80688 0.095858
3052.28296 0.095849
3052.75903 0.09584
3053.23511 0.095831
3053.71094 0.095823
3054.18701 0.095814
3054.66309 0.095805
3055.13892 0.095796
3055.61597 0.095787
3056.09204 0.095779
3056.56909 0.09577
3057.04492 0.095761
3057.52197 0.095752
3057.99902 0.095743
3058.47510 0.095734
3058.95190 0.095726
3059.42896 0.095717
3059.90601 0.095708
3060.38306 0.095702
3060.86011 0.095698
3061.33691 0.095693
3061.81396 0.095688
3062.29199 0.095683
3062.76904 0.095679
3063.24707 0.095674
3063.72412 0.095669
3064.20190 0.095664
3064.67993 0.095659
3065.15698 0.095655
3065.63501 0.09565
3066.11304 0.095645
3066.59106 0.09564
3067.06909 0.095636
3067.54810 0.095631
3068.02588 0.095626
3068.50391 0.095621
3068.98291 0.095616
3069.46094 0.095612
3069.93896 0.095607
3070.41797 0.095598
3070.89697 0.09559
3071.37598 0.095581
3071.85400 0.095572
3072.33301 0.095563
3072.81201 0.095554
3073.29199 0.095545
3073.77100 0.095536
3074.25000 0.095527
3074.72900 0.095518
3075.20801 0.095509
3075.68799 0.0955
3076.16699 0.095492
3076.64697 0.095483
3077.12598 0.095474
3077.60596 0.095465
3078.08594 0.095456
3078.56592 0.095447
3079.04590 0.095438
3079.52588 0.095429
3080.00610 0.09542
3080.48608 0.095415
3080.96704 0.09541
3081.44702 0.095406
3081.92700 0.095401
3082.40796 0.095396
3082.88794 0.095391
3083.36890 0.095386
3083.85010 0.095381
3084.33008 0.095376
3084.81104 0.095371
3085.29199 0.095367
3085.77295 0.095362
3086.25391 0.095357
3086.73511 0.095352
3087.21704 0.095347
3087.69800 0.095342
3088.17896 0.095337
3088.66089 0.095332
3089.14209 0.095327
3089.62402 0.095323
3090.10596 0.095317
3090.58691 0.095308
3091.06909 0.095299
3091.55103 0.09529
3092.03296 0.095281
3092.51489 0.095272
3092.99707 0.095263
3093.47900 0.095254
3093.96191 0.095245
3094.44409 0.095236
3094.92700 0.095226
3095.40894 0.095217
3095.89209 0.095208
3096.37402 0.095199
3096.85693 0.09519
3097.34009 0.095181
3097.82300 0.095172
3098.30591 0.095163
3098.78906 0.095154
3099.27197 0.095145
3099.75488 0.095136
3100.23804 0.095115
3100.72192 0.095083
3101.20508 0.09505
3101.68799 0.095018
3102.17212 0.094985
3102.65601 0.094953
3103.13892 0.09492
3103.62305 0.094887
3104.10693 0.094855
3104.59106 0.094822
3105.07495 0.09479
3105.55908 0.094757
3106.04297 0.094724
3106.52808 0.094692
3107.01196 0.094659
3107.49609 0.094627
3107.98096 0.094594
3108.46509 0.094561
3108.94995 0.094529
3109.43506 0.094496
3109.91895 0.094463
3110.40405 0.09443
3110.88892 0.094398
3111.37402 0.094365
3111.85889 0.094332
3112.34399 0.0943
3112.83008 0.094267
3113.31494 0.094234
3113.80005 0.094201
3114.28589 0.094169
3114.77100 0.094136
3115.25708 0.094103
3115.74194 0.09407
3116.22803 0.094038
3116.71411 0.094005
3117.19995 0.093972
3117.68604 0.093939
3118.17212 0.093906
3118.65796 0.093873
3119.14404 0.093841
3119.63110 0.093808
3120.11694 0.093774
3120.60400 0.093737
3121.09009 0.0937
3121.57593 0.093663
3122.06299 0.093626
3122.55005 0.093589
3123.03711 0.093552
3123.52393 0.093515
3124.01001 0.093478
3124.49805 0.093442
3124.98511 0.093405
3125.47192 0.093368
3125.95898 0.093331
3126.44702 0.093294
3126.93408 0.093257
3127.42090 0.09322
3127.90894 0.093183
3128.39697 0.093146
3128.88501 0.093109
3129.37207 0.093072
3129.86011 0.093035
3130.34790 0.093
3130.83594 0.092967
3131.32397 0.092934
3131.81201 0.092901
3132.30103 0.092868
3132.78906 0.092835
3133.27710 0.092802
3133.76611 0.092769
3134.25391 0.092736
3134.74292 0.092703
3135.23193 0.09267
3135.71997 0.092637
3136.20898 0.092604
3136.69800 0.092571
3137.18701 0.092538
3137.67700 0.092505
3138.16602 0.092472
3138.65503 0.092439
3139.14404 0.092405
3139.63403 0.092372
3140.12305 0.092338
3140.61304 0.092301
3141.10205 0.092264
3141.59204 0.092227
3142.08203 0.092189
3142.57202 0.092152
3143.06201 0.092115
3143.55200 0.092078
3144.04199 0.092041
3144.53198 0.092004
3145.02197 0.091966
3145.51196 0.091929
3146.00293 0.091892
3146.49292 0.091855
3146.98389 0.091817
3147.47412 0.09178
3147.96509 0.091743
3148.45605 0.091706
3148.94702 0.091669
3149.43799 0.091631
3149.92896 0.091594
3150.41992 0.09156
3150.91089 0.091527
3151.40210 0.091494
3151.89404 0.09146
3152.38501 0.091427
3152.87598 0.091394
3153.36792 0.09136
3153.86011 0.091327
3154.35107 0.091294
3154.84302 0.09126
3155.33496 0.091227
3155.82690 0.091194
3156.31909 0.09116
3156.81104 0.091127
3157.30298 0.091094
3157.79492 0.09106
3158.28809 0.091027
3158.78003 0.090994
3159.27197 0.09096
3159.76489 0.090927
3160.25806 0.090891
3160.75000 0.090854
3161.24292 0.090816
3161.73608 0.090779
3162.22900 0.090742
3162.72192 0.090704
3163.21509 0.090667
3163.70801 0.090629
3164.20093 0.090592
3164.69507 0.090554
3165.18799 0.090517
3165.68091 0.090479
3166.17505 0.090442
3166.66797 0.090404
3167.16211 0.090367
3167.65601 0.090329
3168.14990 0.090292
3168.64404 0.090254
3169.13794 0.090217
3169.63208 0.090179
3170.12598 0.090143
3170.62012 0.090109
3171.11499 0.090076
3171.60889 0.090042
3172.10400 0.090009
3172.59790 0.089975
3173.09302 0.089941
3173.58691 0.089908
3174.08203 0.089874
3174.57690 0.089841
3175.07202 0.089807
3175.56689 0.089773
3176.06201 0.08974
3176.55688 0.089706
3177.05200 0.089672
3177.54810 0.089639
3178.04297 0.089605
3178.53809 0.089571
3179.03394 0.089538
3179.53003 0.089504
3180.02490 0.08947
3180.52100 0.089432
3181.01709 0.089395
3181.51294 0.089357
3182.00903 0.089319
3182.50488 0.089282
3183.00098 0.089244
3183.49707 0.089206
3183.99390 0.089169
3184.48999 0.089131
3184.98706 0.089093
3185.48291 0.089056
3185.97998 0.089018
3186.47607 0.08898
3186.97290 0.088943
3187.46997 0.088905
3187.96704 0.088867
3188.46411 0.088829
3188.96094 0.088792
3189.45801 0.088754
3189.95605 0.088716
3190.45288 0.088682
3190.94995 0.088648
3191.44800 0.088614
3191.94507 0.08858
3192.44312 0.088546
3192.94092 0.088513
3193.43799 0.088479
3193.93604 0.088445
3194.43408 0.088411
3194.93188 0.088377
3195.42993 0.088343
3195.92798 0.088309
3196.42700 0.088275
3196.92505 0.088241
3197.42407 0.088207
3197.92212 0.088173
3198.41992 0.088139
3198.91895 0.088105
3199.41797 0.088072
3199.91699 0.088038
3200.41602 0.088001
3200.91504 0.087964
3201.41406 0.087927
3201.91309 0.08789
3202.41211 0.087853
3202.91089 0.087816
3203.40991 0.08778
3203.90991 0.087743
3204.40894 0.087706
3204.90894 0.087669
3205.40894 0.087632
3205.90796 0.087595
3206.40796 0.087558
3206.90796 0.087521
3207.40796 0.087484
3207.90796 0.087447
3208.40796 0.08741
3208.90796 0.087373
3209.40894 0.087336
3209.90894 0.087299
3210.40894 0.087265
3210.90991 0.087232
3211.41089 0.087199
3211.91089 0.087166
3212.41211 0.087133
3212.91309 0.0871
3213.41406 0.087067
3213.91504 0.087034
3214.41602 0.087
3214.91699 0.086967
3215.41797 0.086934
3215.91895 0.086901
3216.42090 0.086868
3216.92212 0.086835
3217.42407 0.086802
3217.92505 0.086768
3218.42700 0.086735
3218.92896 0.086702
3219.43091 0.086669
3219.93311 0.086636
3220.43506 0.086599
3220.93701 0.086562
3221.43896 0.086525
3221.94092 0.086488
3222.44312 0.086451
3222.94604 0.086414
3223.44800 0.086377
3223.95093 0.08634
3224.45288 0.086303
3224.95605 0.086266
3225.45898 0.086229
3225.96191 0.086191
3226.46509 0.086154
3226.96802 0.086117
3227.47095 0.08608
3227.97412 0.086043
3228.47705 0.086006
3228.97998 0.085969
3229.48389 0.085932
3229.98706 0.085895
3230.49097 0.085862
3230.99512 0.085828
3231.49805 0.085795
3232.00195 0.085762
3232.50610 0.085728
3233.01001 0.085695
3233.51392 0.085662
3234.01807 0.085629
3234.52197 0.085595
3235.02710 0.085562
3235.53101 0.085529
3236.03491 0.085495
3236.54004 0.085462
3237.04395 0.085429
3237.54907 0.085395
3238.05396 0.085362
3238.55908 0.085329
3239.06299 0.085295
3239.56812 0.085262
3240.07300 0.085228
3240.57910 0.085191
3241.08398 0.085154
3241.58911 0.085117
3242.09399 0.085079
3242.60010 0.085042
3243.10498 0.085005
3243.61108 0.084968
3244.11694 0.084931
3244.62305 0.084893
3245.12793 0.084856
3245.63403 0.084819
3246.13989 0.084782
3246.64600 0.084745
3247.15308 0.084707
3247.65894 0.08467
3248.16504 0.084633
3248.67212 0.084596
3249.17798 0.084559
3249.68506 0.084521
3250.19092 0.084486
3250.69800 0.084452
3251.20508 0.084419
3251.71191 0.084385
3252.21899 0.084352
3252.72607 0.084319
3253.23291 0.084285
3253.73999 0.084252
3254.24707 0.084218
3254.75391 0.084185
3255.26196 0.084151
3255.77002 0.084118
3256.27710 0.084084
3256.78491 0.084051
3257.29199 0.084017
3257.80005 0.083984
3258.30811 0.08395
3258.81592 0.083917
3259.32397 0.083883
3259.83203 0.08385
3260.34106 0.083814
3260.84912 0.083777
3261.35693 0.083739
3261.86597 0.083702
3262.37402 0.083665
3262.88306 0.083627
3263.39209 0.08359
3263.89990 0.083553
3264.40894 0.083515
3264.91797 0.083478
3265.42700 0.083441
3265.93604 0.083403
3266.44507 0.083366
3266.95508 0.083329
3267.46411 0.083292
3267.97290 0.083254
3268.48291 0.083217
3268.99194 0.08318
3269.50195 0.083142
3270.01196 0.083105
3270.52100 0.083071
3271.03101 0.083038
3271.54102 0.083004
3272.05200 0.082971
3272.56201 0.082937
3273.07202 0.082903
3273.58203 0.08287
3274.09204 0.082836
3274.60303 0.082803
3275.11304 0.082769
3275.62402 0.082735
3276.13501 0.082702
3276.64502 0.082668
3277.15601 0.082635
3277.66699 0.082601
3278.17798 0.082567
3278.68896 0.082534
3279.19995 0.0825
3279.71191 0.082466
3280.22290 0.082431
3280.73389 0.082394
3281.24609 0.082356
3281.75708 0.082319
3282.26904 0.082281
3282.78101 0.082244
3283.29199 0.082207
3283.80396 0.082169
3284.31592 0.082132
3284.82788 0.082094
3285.34106 0.082057
3285.85303 0.082019
3286.36499 0.081982
3286.87695 0.081945
3287.38989 0.081907
3287.90210 0.08187
3288.41504 0.081832
3288.92700 0.081795
3289.43994 0.081758
3289.95288 0.08172
3290.46606 0.081686
3290.97900 0.081652
3291.49194 0.081619
3292.00488 0.081585
3292.51904 0.081551
3293.03198 0.081517
3293.54492 0.081484
3294.05908 0.08145
3294.57202 0.081416
3295.08594 0.081382
3295.60010 0.081349
3296.11304 0.081315
3296.62695 0.081281
3297.14111 0.081247
3297.65503 0.081213
3298.16895 0.08118
3298.68408 0.081146
3299.19800 0.081112
3299.71191 0.081078
3300.22705 0.081053
3300.74097 0.08104
