threeML/data/optical_filters/HST/WFC3_IR-F132N.ecsv
# %ECSV 0.9
# ---
# datatype:
# - {name: wavelength, unit: Angstrom, datatype: float32}
# - {name: response, datatype: float32}
# meta: !!omap
# - {band_name: F132N}
# - {group_name: WFC3_IR}
wavelength response
11758.36426 0.0
13064.84961 0.000418
13065.91016 0.000503
13066.96973 0.000588
13068.03027 0.000648
13069.08984 0.000676
13070.15039 0.000751
13071.20996 0.000865
13072.26953 0.001054
13073.33008 0.001284
13074.38965 0.001491
13075.45020 0.001692
13076.50977 0.001943
13077.57031 0.002202
13078.62988 0.002489
13079.70020 0.00279
13080.75977 0.003192
13081.82031 0.003634
13082.87988 0.00421
13083.94043 0.004845
13085.00000 0.005594
13086.05957 0.006488
13087.12012 0.007555
13088.19043 0.008805
13089.25000 0.010189
13090.30957 0.011991
13091.37012 0.013981
13092.42969 0.016438
13093.50000 0.019009
13094.55957 0.022375
13095.62012 0.025871
13096.67969 0.03087
13097.75000 0.03608
13098.80957 0.042436
13099.87012 0.049382
13100.92969 0.057908
13102.00000 0.06747
13103.05957 0.078666
13104.12012 0.091452
13105.19043 0.105806
13106.25000 0.122352
13107.30957 0.140231
13108.37988 0.159281
13109.44043 0.178734
13110.50000 0.19988
13111.57031 0.221295
13112.62988 0.244469
13113.69043 0.267584
13114.75977 0.289877
13115.82031 0.31202
13116.87988 0.333723
13117.95020 0.354191
13119.00977 0.372316
13120.08008 0.388627
13121.13965 0.402843
13122.20996 0.415366
13123.26953 0.426668
13124.33008 0.436117
13125.40039 0.444779
13126.45996 0.450708
13127.53027 0.456051
13128.58984 0.459279
13129.66016 0.462277
13130.71973 0.463673
13131.79004 0.464914
13132.84961 0.465543
13133.91992 0.466052
13134.99023 0.466297
13136.04980 0.466493
13137.12012 0.466622
13138.17969 0.466912
13139.25000 0.467331
13140.30957 0.467948
13141.37988 0.468658
13142.45020 0.469485
13143.50977 0.470341
13144.58008 0.471436
13145.63965 0.472555
13146.70996 0.47376
13147.78027 0.47495
13148.83984 0.47607
13149.91016 0.477309
13150.98047 0.478834
13152.04004 0.480374
13153.11035 0.481929
13154.17969 0.483294
13155.25000 0.4845
13156.30957 0.485685
13157.37988 0.48686
13158.45020 0.488038
13159.50977 0.489217
13160.58008 0.490445
13161.65039 0.491677
13162.71973 0.492521
13163.79004 0.493344
13164.84961 0.494072
13165.91992 0.494808
13166.99023 0.495566
13168.05957 0.496198
13169.12988 0.496664
13170.19043 0.497106
13171.25977 0.497499
13172.33008 0.497793
13173.40039 0.49804
13174.46973 0.498311
13175.54004 0.498588
13176.61035 0.498697
13177.66992 0.49879
13178.74023 0.498804
13179.80957 0.498818
13180.87988 0.498832
13181.95020 0.498808
13183.01953 0.498705
13184.08984 0.49858
13185.16016 0.498427
13186.23047 0.498341
13187.29980 0.498302
13188.37012 0.498346
13189.44043 0.498425
13190.50977 0.498478
13191.58008 0.498527
13192.65039 0.498633
13193.71973 0.498716
13194.79004 0.49859
13195.86035 0.498444
13196.92969 0.498232
13198.00000 0.498137
13199.07031 0.498245
13200.13965 0.498293
13201.20996 0.498272
13202.28027 0.49827
13203.34961 0.498279
13204.42969 0.498243
13205.50000 0.498193
13206.57031 0.498379
13207.63965 0.498589
13208.70996 0.498686
13209.78027 0.498782
13210.84961 0.498914
13211.92969 0.499037
13213.00000 0.499119
13214.07031 0.499201
13215.13965 0.499283
13216.20996 0.4993
13217.29004 0.499265
13218.36035 0.499148
13219.42969 0.498995
13220.50000 0.498773
13221.58008 0.498518
13222.65039 0.498319
13223.71973 0.498113
13224.79004 0.497829
13225.87012 0.497537
13226.94043 0.497223
13228.00977 0.496833
13229.08008 0.496313
13230.16016 0.495659
13231.23047 0.494875
13232.29980 0.494072
13233.37988 0.493258
13234.45020 0.492302
13235.53027 0.491306
13236.59961 0.490071
13237.66992 0.488807
13238.75000 0.487458
13239.82031 0.486098
13240.88965 0.484689
13241.96973 0.483185
13243.04004 0.481482
13244.12012 0.479781
13245.19043 0.47808
13246.26953 0.476271
13247.33984 0.474392
13248.41992 0.472577
13249.49023 0.470784
13250.57031 0.468942
13251.63965 0.467094
13252.70996 0.465124
13253.79004 0.46311
13254.87012 0.460845
13255.94043 0.458296
13257.01953 0.455064
13258.08984 0.451448
13259.16992 0.447328
13260.24023 0.442198
13261.32031 0.436312
13262.38965 0.428957
13263.46973 0.421005
13264.54980 0.410464
13265.62012 0.399484
13266.70020 0.3853
13267.76953 0.370646
13268.84961 0.353125
13269.92969 0.335111
13271.00000 0.315841
13272.08008 0.295542
13273.16016 0.273862
13274.23047 0.252107
13275.30957 0.230307
13276.38965 0.20885
13277.45996 0.187506
13278.54004 0.167465
13279.62012 0.147658
13280.70020 0.129552
13281.76953 0.111078
13282.84961 0.090221
13283.92969 0.072338
13285.00977 0.062295
13286.08008 0.053154
13287.16016 0.045243
13288.24023 0.038393
13289.32031 0.032369
13290.40039 0.027474
13291.46973 0.023047
13292.54980 0.019775
13293.62988 0.016705
13294.70996 0.014372
13295.79004 0.012161
13296.87012 0.010686
13297.94043 0.009261
13299.01953 0.007964
13300.09961 0.006793
13301.17969 0.00579
13302.25977 0.005026
13303.33984 0.004437
13304.41992 0.003888
13305.50000 0.003354
13306.58008 0.002973
13307.66016 0.002617
13308.74023 0.002319
13309.82031 0.00203
13310.88965 0.001791
13311.96973 0.00158
13313.04980 0.00143
13314.12988 0.001279
13315.20996 0.001129
13316.29004 0.000961
13317.37012 0.000781
13318.45996 0.00069
13319.54004 0.000629
13320.62012 0.000621
13321.70020 0.000608
14653.87012 0.0
