threeML/data/optical_filters/HST/WFC3_UVIS1-F410M.ecsv
# %ECSV 0.9
# ---
# datatype:
# - {name: wavelength, unit: Angstrom, datatype: float32}
# - {name: response, datatype: float32}
# meta: !!omap
# - {band_name: F410M}
# - {group_name: WFC3_UVIS1}
wavelength response
3576.77173 0.0
3974.19092 0.000402
3974.87109 0.000456
3975.55200 0.00051
3976.23193 0.000574
3976.91211 0.000688
3977.59204 0.000803
3978.27295 0.000918
3978.95410 0.001069
3979.63403 0.001259
3980.31494 0.001449
3980.99609 0.001639
3981.67700 0.001865
3982.35889 0.002099
3983.04004 0.002333
3983.72095 0.002559
3984.40308 0.002737
3985.08496 0.002915
3985.76709 0.003093
3986.44800 0.003262
3987.13110 0.00342
3987.81299 0.003578
3988.49512 0.003736
3989.17700 0.004011
3989.86011 0.004314
3990.54297 0.004617
3991.22510 0.004981
3991.90796 0.005709
3992.59106 0.006437
3993.27393 0.007166
3993.95801 0.008261
3994.64111 0.009751
3995.32397 0.011242
3996.00806 0.012735
3996.69189 0.014837
3997.37500 0.017073
3998.06006 0.019312
3998.74292 0.021546
3999.42798 0.023753
4000.11206 0.025961
4000.79590 0.028164
4001.48096 0.029892
4002.16602 0.031167
4002.85010 0.032443
4003.53491 0.033719
4004.21997 0.034641
4004.90503 0.035505
4005.59009 0.036369
4006.27588 0.037446
4006.96094 0.039327
4007.64697 0.041208
4008.33301 0.043091
4009.01807 0.046154
4009.70410 0.050139
4010.38989 0.054126
4011.07593 0.058116
4011.76294 0.064426
4012.44897 0.070948
4013.13501 0.077474
4013.82202 0.084614
4014.50903 0.093376
4015.19604 0.10214
4015.88306 0.110908
4016.57007 0.120364
4017.25708 0.130223
4017.94409 0.140084
4018.63208 0.14995
4019.31909 0.159048
4020.00708 0.168146
4020.69507 0.177257
4021.38306 0.185273
4022.07104 0.191323
4022.75903 0.197377
4023.44702 0.203432
4024.13599 0.206501
4024.82397 0.208433
4025.51294 0.210366
4026.20190 0.212015
4026.88989 0.210874
4027.57910 0.209732
4028.26904 0.20859
4028.95801 0.207271
4029.64697 0.205748
4030.33594 0.204222
4031.02588 0.202693
4031.71606 0.202883
4032.40601 0.20341
4033.09497 0.203936
4033.78491 0.205017
4034.47607 0.208165
4035.16602 0.211315
4035.85596 0.214465
4036.54712 0.218387
4037.23804 0.222847
4037.92798 0.227309
4038.61890 0.231774
4039.31006 0.235744
4040.00098 0.239701
4040.69189 0.243659
4041.38403 0.246995
4042.07495 0.249174
4042.76709 0.251355
4043.45801 0.253536
4044.14990 0.254535
4044.84204 0.255107
4045.53394 0.255679
4046.22705 0.256176
4046.91895 0.256126
4047.61108 0.256077
4048.30396 0.256028
4048.99609 0.255947
4049.68896 0.255835
4050.38208 0.255732
4051.07495 0.255635
4051.76807 0.255454
4052.46094 0.255264
4053.15503 0.255074
4053.84790 0.254734
4054.54199 0.254035
4055.23511 0.253335
4055.92896 0.252635
4056.62305 0.251544
4057.31689 0.250277
4058.01099 0.249009
4058.70605 0.247722
4059.39990 0.246246
4060.09497 0.244767
4060.78906 0.243275
4061.48389 0.241942
4062.17896 0.240777
4062.87402 0.239612
4063.56909 0.238447
4064.26392 0.23797
4064.95996 0.237581
4065.65503 0.237191
4066.35107 0.237002
4067.04712 0.237299
4067.74194 0.237597
4068.43799 0.237894
4069.13501 0.238527
4069.83105 0.239305
4070.52710 0.240083
4071.22412 0.240887
4071.91992 0.241899
4072.61694 0.242911
4073.31396 0.243925
4074.01001 0.244889
4074.70801 0.245807
4075.40503 0.246725
4076.10205 0.247644
4076.79907 0.24824
4077.49707 0.248812
4078.19507 0.249385
4078.89209 0.249761
4079.59009 0.249764
4080.28809 0.249772
4080.98608 0.24979
4081.68506 0.249336
4082.38306 0.248735
4083.08105 0.248134
4083.78003 0.247441
4084.47900 0.246339
4085.17700 0.245237
4085.87598 0.244133
4086.57495 0.242851
4087.27490 0.24145
4087.97412 0.240048
4088.67310 0.238647
4089.37305 0.23728
4090.07300 0.235911
4090.77197 0.234528
4091.47192 0.23328
4092.17212 0.232195
4092.87305 0.231109
4093.57300 0.230023
4094.27295 0.229406
4094.97412 0.228852
4095.67407 0.228298
4096.37500 0.227934
4097.07617 0.227987
4097.77686 0.228041
4098.47803 0.228095
4099.17920 0.228498
4099.88086 0.22902
4100.58203 0.229543
4101.28418 0.230113
4101.98486 0.230901
4102.68701 0.231689
4103.38916 0.232478
4104.09082 0.233409
4104.79297 0.234429
4105.49609 0.235449
4106.19824 0.236483
4106.90088 0.23774
4107.60400 0.238997
4108.30615 0.240255
4109.00879 0.241626
4109.71191 0.243109
4110.41504 0.244603
4111.11914 0.246104
4111.82178 0.247676
4112.52490 0.249255
4113.22900 0.250833
4113.93311 0.252263
4114.63721 0.253455
4115.34082 0.254648
4116.04492 0.255841
4116.74902 0.25615
4117.45312 0.256284
4118.15820 0.256418
4118.86182 0.25612
4119.56689 0.254739
4120.27197 0.253352
4120.97705 0.251954
4121.68213 0.249618
4122.38721 0.246947
4123.09180 0.244274
4123.79785 0.241532
4124.50293 0.238504
4125.20898 0.235476
4125.91504 0.232445
4126.62109 0.229899
4127.32715 0.227616
4128.03320 0.225333
4128.73877 0.223215
4129.44580 0.222492
4130.15186 0.221768
4130.85889 0.221045
4131.56592 0.221392
4132.27197 0.222559
4132.97900 0.223726
4133.68701 0.22494
4134.39404 0.227611
4135.10205 0.230286
4135.80908 0.232961
4136.51709 0.235917
4137.22412 0.239158
4137.93213 0.242403
4138.64014 0.245649
4139.34814 0.248363
4140.05713 0.251059
4140.76514 0.253754
4141.47314 0.25584
4142.18213 0.25712
4142.89111 0.258402
4143.59912 0.259682
4144.30811 0.259583
4145.01807 0.259334
4145.72705 0.259086
4146.43604 0.258497
4147.14600 0.257347
4147.85498 0.256197
4148.56396 0.255046
4149.27393 0.25392
4149.98389 0.252798
4150.69385 0.251691
4151.40381 0.250799
4152.11523 0.250345
4152.82520 0.249891
4153.53613 0.249436
4154.24609 0.249618
4154.95703 0.249951
4155.66797 0.250283
4156.37891 0.250765
4157.08984 0.251611
4157.80078 0.252457
4158.51318 0.253304
4159.22412 0.254234
4159.93604 0.255189
4160.64697 0.256129
4161.35889 0.257025
4162.07080 0.257797
4162.78418 0.258569
4163.49609 0.259341
4164.20801 0.259969
4164.91992 0.26055
4165.63281 0.26113
4166.34619 0.261657
4167.05908 0.262016
4167.77100 0.262374
4168.48486 0.262733
4169.19824 0.262927
4169.91113 0.26306
4170.62500 0.263194
4171.33789 0.263308
4172.05176 0.263355
4172.76611 0.263402
4173.47998 0.26345
4174.19385 0.263238
4174.90820 0.262927
4175.62305 0.262617
4176.33691 0.262145
4177.05078 0.261114
4177.76611 0.260083
4178.48096 0.259051
4179.19580 0.25704
4179.91113 0.254656
4180.62598 0.252283
4181.34082 0.249456
4182.05713 0.245085
4182.77197 0.240712
4183.48779 0.236335
4184.20410 0.230597
4184.91895 0.224363
4185.63477 0.218127
4186.35205 0.211671
4187.06787 0.204534
4187.78418 0.197396
4188.50000 0.190254
4189.21680 0.18364
4189.93408 0.177202
4190.65088 0.170753
4191.36816 0.164722
4192.08496 0.159898
4192.80176 0.155069
4193.52002 0.150239
4194.23682 0.146701
4194.95508 0.143543
4195.67188 0.140382
4196.39111 0.137388
4197.10791 0.134808
4197.82715 0.132227
4198.54492 0.129644
4199.26318 0.126308
4199.98096 0.122792
4200.70020 0.119273
4201.41895 0.115189
4202.13818 0.109947
4202.85596 0.104704
4203.57617 0.099456
4204.29492 0.093337
4205.01416 0.087063
4205.73389 0.080782
4206.45312 0.074651
4207.17285 0.06876
4207.89307 0.062863
4208.61279 0.056969
4209.33301 0.052383
4210.05322 0.047943
4210.77295 0.043501
4211.49414 0.039712
4212.21387 0.036794
4212.93506 0.033876
4213.65576 0.030958
4214.37695 0.02911
4215.09814 0.027311
4215.81885 0.02551
4216.54102 0.024048
4217.26221 0.022941
4217.98291 0.021833
4218.70508 0.020736
4219.42676 0.020068
4220.14893 0.0194
4220.87109 0.018733
4221.59277 0.018168
4222.31494 0.017682
4223.03809 0.017197
4223.75977 0.016705
4224.48291 0.01615
4225.20605 0.015595
4225.92920 0.015039
4226.65088 0.014321
4227.37500 0.01351
4228.09814 0.012698
4228.82080 0.011857
4229.54492 0.010885
4230.26904 0.009912
4230.99219 0.008938
4231.71582 0.008034
4232.43994 0.007157
4233.16504 0.00628
4233.88916 0.005474
4234.61279 0.004857
4235.33691 0.00424
4236.06201 0.003623
4236.78711 0.00321
4237.51221 0.002842
4238.23682 0.002474
4238.96191 0.002169
4239.68799 0.001972
4240.41309 0.001774
4241.13818 0.001577
4241.86377 0.001469
4242.58984 0.001369
4243.31494 0.001269
4244.04199 0.001198
4244.76807 0.001159
4245.49414 0.001119
4246.22021 0.001081
4246.94678 0.001079
4247.67285 0.001076
4248.39990 0.001073
4249.12695 0.001093
4249.85400 0.001128
4250.58105 0.001162
4251.30908 0.001201
4252.03613 0.001261
4252.76318 0.001322
4253.49121 0.001382
4254.21924 0.001438
4254.94678 0.001493
4255.67383 0.001547
4256.40283 0.001589
4257.13086 0.001596
4257.85889 0.001603
4258.58789 0.00161
4259.31592 0.001552
4260.04492 0.001483
4260.77393 0.001413
4261.50293 0.001335
4262.23193 0.001245
4262.96094 0.001156
4263.69092 0.001066
4264.41992 0.000979
4265.14990 0.000893
4265.87891 0.000806
4266.60889 0.000735
4267.33887 0.000678
4268.06982 0.00062
4268.79980 0.000564
4269.52979 0.000518
4270.26123 0.000473
4270.99121 0.000428
4698.09033 0.0
