threeML/data/optical_filters/HST/WFC3_IR-F139M.ecsv
# %ECSV 0.9
# ---
# datatype:
# - {name: wavelength, unit: Angstrom, datatype: float32}
# - {name: response, datatype: float32}
# meta: !!omap
# - {band_name: F139M}
# - {group_name: WFC3_IR}
wavelength response
[from data line 766]
14149.30957 0.373461
14150.45996 0.366962
14151.59961 0.360466
14152.75000 0.353964
14153.90039 0.347451
14155.04980 0.340379
14156.20020 0.333305
14157.33984 0.326229
14158.49023 0.319152
14159.63965 0.312073
14160.79004 0.304993
14161.94043 0.297905
14163.08984 0.290821
14164.24023 0.283785
14165.37988 0.27687
14166.53027 0.269948
14167.67969 0.263024
14168.83008 0.256099
14169.98047 0.249173
14171.12988 0.242244
14172.28027 0.235314
14173.42969 0.228383
14174.58008 0.221951
14175.73047 0.21584
14176.87988 0.209723
14178.03027 0.203609
14179.17969 0.197489
14180.33008 0.191368
14181.48047 0.185245
14182.62988 0.179121
14183.78027 0.172995
14184.92969 0.16758
14186.08008 0.162222
14187.23047 0.156868
14188.38965 0.151508
14189.54004 0.146152
14190.69043 0.140781
14191.83984 0.135405
14192.99023 0.130029
14194.13965 0.125042
14195.29004 0.12137
14196.44043 0.117699
14197.59961 0.114027
14198.75000 0.110353
14199.90039 0.106681
14201.04980 0.103005
14202.20020 0.099331
14203.36035 0.095655
14204.50977 0.092425
14205.66016 0.08957
14206.80957 0.086714
14207.95996 0.083859
14209.12012 0.081004
14210.26953 0.078146
14211.41992 0.07529
14212.58008 0.072432
14213.73047 0.069577
14214.87988 0.067366
14216.04004 0.065257
14217.19043 0.063147
14218.33984 0.061038
14219.50000 0.058928
14220.65039 0.056818
14221.79980 0.054709
14222.95996 0.052597
14224.11035 0.050587
14225.25977 0.048994
14226.41992 0.047401
14227.57031 0.045808
14228.73047 0.044215
14229.87988 0.042622
14231.03027 0.041028
14232.19043 0.039434
14233.33984 0.03784
14234.50000 0.036487
14235.65039 0.035348
14236.80957 0.034211
14237.95996 0.033073
14239.12012 0.031936
14240.26953 0.030798
14241.42969 0.02966
14242.58008 0.028522
14243.74023 0.027383
14244.88965 0.026529
14246.04980 0.025719
14247.20996 0.024909
14248.36035 0.024098
14249.51953 0.023288
14250.66992 0.022477
14251.83008 0.021666
14252.99023 0.020855
14254.13965 0.020093
14255.29980 0.019513
14256.45020 0.018933
14257.61035 0.018353
14258.76953 0.017772
14259.91992 0.017192
14261.08008 0.016611
14262.24023 0.016031
14263.38965 0.01545
14264.54980 0.01496
14265.70996 0.01454
14266.87012 0.01412
14268.01953 0.0137
14269.17969 0.013279
14270.33984 0.012859
14271.50000 0.012438
14272.65039 0.012018
14273.80957 0.011597
14274.96973 0.01126
14276.12988 0.01093
14277.29004 0.010599
14278.44043 0.010269
14279.59961 0.009939
14280.75977 0.009608
14281.91992 0.009278
14283.08008 0.008947
14284.24023 0.008647
14285.40039 0.008419
14286.54980 0.008192
14287.70996 0.007965
14288.87012 0.007738
14290.03027 0.00751
14291.19043 0.007283
14292.34961 0.007056
14293.50977 0.006828
14294.66992 0.006631
14295.83008 0.006449
14296.99023 0.006267
14298.15039 0.006085
14299.30957 0.005904
14300.46973 0.005722
14301.62988 0.00554
14302.79004 0.005358
14303.95020 0.005178
14305.11035 0.005041
14306.26953 0.004903
14307.42969 0.004767
14308.58984 0.004629
14309.75000 0.004492
14310.91016 0.004355
14312.07031 0.004218
14313.23047 0.004081
14314.40039 0.003963
14315.55957 0.003871
14316.71973 0.003779
14317.87988 0.003688
14319.04004 0.003596
14320.20020 0.003504
14321.36035 0.003412
14322.53027 0.00332
14323.69043 0.003228
14324.84961 0.003142
14326.00977 0.003056
14327.16992 0.002971
14328.33984 0.002885
14329.50000 0.0028
14330.66016 0.002714
14331.82031 0.002629
14332.99023 0.002543
14334.15039 0.002458
14335.30957 0.002373
14336.46973 0.002287
14337.63965 0.002201
14338.79980 0.002116
14339.95996 0.00203
14341.12988 0.001945
14342.29004 0.001859
14343.45020 0.001773
14344.62012 0.001731
14345.78027 0.001716
14346.95020 0.001702
14348.11035 0.001688
14349.26953 0.001674
14350.44043 0.001659
14351.59961 0.001645
14352.76953 0.001631
14353.92969 0.001616
14355.08984 0.001571
14356.25977 0.001526
14357.41992 0.00148
14358.58984 0.001435
14359.75000 0.001389
14360.91992 0.001344
14362.08008 0.001298
14363.25000 0.001253
14364.41016 0.001221
14365.58008 0.001208
14366.74023 0.001195
14367.91016 0.001182
14369.07031 0.001169
14370.24023 0.001156
14371.41016 0.001143
14372.57031 0.00113
14373.74023 0.001117
14374.90039 0.001093
14376.07031 0.001067
14377.24023 0.001041
14378.40039 0.001015
14379.57031 0.000989
14380.74023 0.000963
14381.90039 0.000937
14383.07031 0.000911
14384.24023 0.000883
14385.40039 0.000851
14386.57031 0.000818
14387.74023 0.000786
14388.90039 0.000753
14390.07031 0.000721
14391.24023 0.000688
14392.41016 0.000655
14393.57031 0.000623
14394.74023 0.000613
14395.91016 0.000613
14397.08008 0.000613
14398.24023 0.000613
14399.41016 0.000613
14400.58008 0.000613
14401.75000 0.000613
14402.91992 0.000613
14404.08008 0.00061
14405.25000 0.000584
14406.41992 0.000558
14407.58984 0.000532
14408.75977 0.000505
14409.92969 0.000479
14411.09961 0.000453
14412.26953 0.000427
14413.44043 0.000401
15854.78418 0.0
