threeML/data/optical_filters/HST/WFC3_UVIS1-F606LP.ecsv
# %ECSV 0.9
# ---
# datatype:
# - {name: wavelength, unit: Angstrom, datatype: float32}
# - {name: response, datatype: float32}
# meta: !!omap
# - {band_name: F606LP}
# - {group_name: WFC3_UVIS1}
wavelength response
[from data line 805]
5325.66016 0.278382
5326.56592 0.278531
5327.47314 0.27868
5328.37891 0.278829
5329.28613 0.278978
5330.19287 0.279127
5331.10010 0.279276
5332.00781 0.279481
5332.91504 0.279726
5333.82324 0.279972
5334.72998 0.280217
5335.63916 0.280463
5336.54590 0.280709
5337.45508 0.280954
5338.36279 0.2812
5339.27197 0.281446
5340.18115 0.281692
5341.08887 0.281938
5341.99902 0.282209
5342.90820 0.282499
5343.81689 0.282789
5344.72705 0.28308
5345.63623 0.28337
5346.54590 0.283661
5347.45605 0.283951
5348.36621 0.284242
5349.27588 0.284532
5350.18701 0.284823
5351.09717 0.285113
5352.00781 0.285381
5352.91895 0.285631
5353.83008 0.285881
5354.74121 0.286131
5355.65186 0.286381
5356.56396 0.286631
5357.47607 0.286882
5358.38818 0.287132
5359.29883 0.287382
5360.21094 0.287633
5361.12402 0.287883
5362.03613 0.288069
5362.94922 0.288213
5363.86182 0.288356
5364.77393 0.288499
5365.68799 0.288643
5366.60107 0.288786
5367.51416 0.28893
5368.42822 0.289073
5369.34082 0.289217
5370.25488 0.289361
5371.16895 0.289504
5372.08301 0.289574
5372.99805 0.289605
5373.91211 0.289635
5374.82715 0.289665
5375.74219 0.289695
5376.65723 0.289726
5377.57178 0.289756
5378.48682 0.289786
5379.40186 0.289816
5380.31787 0.289847
5381.23291 0.289877
5382.14893 0.289823
5383.06494 0.289735
5383.98096 0.289647
5384.89795 0.289559
5385.81396 0.289471
5386.73096 0.289383
5387.64795 0.289295
5388.56494 0.289207
5389.48193 0.289119
5390.39893 0.289031
5391.31689 0.288942
5392.23389 0.2888
5393.15186 0.288643
5394.06982 0.288487
5394.98779 0.28833
5395.90576 0.288174
5396.82520 0.288017
5397.74316 0.287861
5398.66211 0.287704
5399.58105 0.287548
5400.50000 0.287391
5401.41797 0.287234
5402.33789 0.287037
5403.25684 0.286836
5404.17676 0.286635
5405.09717 0.286434
5406.01709 0.286233
5406.93701 0.286032
5407.85693 0.285831
5408.77686 0.28563
5409.69824 0.285429
5410.61914 0.285228
5411.54004 0.285025
5412.45996 0.28479
5413.38184 0.284555
5414.30322 0.28432
5415.22510 0.284085
5416.14600 0.283849
5417.06787 0.283614
5417.99023 0.283379
5418.91211 0.283144
5419.83398 0.282909
5420.75684 0.282673
5421.67920 0.282438
5422.60205 0.282205
5423.52490 0.281972
5424.44824 0.281739
5425.37207 0.281506
5426.29492 0.281273
5427.21777 0.281039
5428.14209 0.280806
5429.06592 0.280573
5429.99023 0.28034
5430.91406 0.280106
5431.83789 0.279888
5432.76318 0.279696
5433.68701 0.279505
5434.61182 0.279314
5435.53711 0.279122
5436.46191 0.278931
5437.38818 0.27874
5438.31299 0.278548
5439.23877 0.278357
5440.16406 0.278166
5441.08984 0.277974
5442.01611 0.277819
5442.94189 0.277696
5443.86914 0.277572
5444.79492 0.277448
5445.72217 0.277325
5446.64893 0.277201
5447.57617 0.277077
5448.50293 0.276954
5449.43018 0.27683
5450.35791 0.276706
5451.28613 0.276582
5452.21289 0.276542
5453.14111 0.276529
5454.06885 0.276516
5454.99805 0.276503
5455.92578 0.27649
5456.85400 0.276478
5457.78320 0.276465
5458.71191 0.276452
5459.64111 0.276439
5460.56982 0.276426
5461.50000 0.276413
5462.42920 0.276525
5463.35889 0.276638
5464.28906 0.276752
5465.21924 0.276866
5466.14893 0.276979
5467.07910 0.277093
5468.00977 0.277207
5468.93994 0.277321
5469.87109 0.277434
5470.80176 0.277548
5471.73291 0.277689
5472.66504 0.277921
5473.59619 0.278154
5474.52686 0.278386
5475.45898 0.278619
5476.39111 0.278852
5477.32324 0.279085
5478.25488 0.279317
5479.18799 0.27955
5480.12109 0.279783
5481.05322 0.280016
5481.98584 0.28028
5482.91895 0.280576
5483.85205 0.280872
5484.78613 0.281168
5485.71924 0.281464
5486.65186 0.28176
5487.58594 0.282056
5488.52100 0.282353
5489.45508 0.282649
5490.38916 0.282945
5491.32324 0.283241
5492.25781 0.283533
5493.19189 0.283824
5494.12695 0.284115
5495.06299 0.284406
5495.99805 0.284698
5496.93311 0.284989
5497.86914 0.28528
5498.80518 0.285571
5499.74023 0.285863
5500.67578 0.286155
5501.61279 0.28644
5502.54883 0.286647
5503.48486 0.286855
5504.42188 0.287062
5505.35889 0.287269
5506.29590 0.287477
5507.23291 0.287684
5508.16992 0.287892
5509.10791 0.2881
5510.04492 0.288307
5510.98291 0.288515
5511.92090 0.288658
5512.85889 0.288713
5513.79688 0.288768
5514.73584 0.288822
5515.67480 0.288877
5516.61279 0.288932
5517.55176 0.288987
5518.49121 0.289042
5519.43115 0.289096
5520.37012 0.289151
5521.31006 0.289206
5522.24902 0.289138
5523.18896 0.289032
5524.12891 0.288926
5525.06885 0.28882
5526.00977 0.288714
5526.95020 0.288608
5527.89111 0.288502
5528.83203 0.288396
5529.77197 0.28829
5530.71387 0.288183
5531.65479 0.28806
5532.59717 0.287819
5533.53809 0.287578
5534.47998 0.287336
5535.42188 0.287095
5536.36377 0.286854
5537.30615 0.286612
5538.24902 0.286371
5539.19092 0.286129
5540.13379 0.285888
5541.07715 0.285646
5542.02002 0.285375
5542.96289 0.285074
5543.90723 0.284773
5544.85010 0.284473
5545.79395 0.284172
5546.73779 0.283871
5547.68213 0.283571
5548.62598 0.28327
5549.56982 0.282969
5550.51514 0.282668
5551.45898 0.282367
5552.40381 0.282052
5553.34912 0.281735
5554.29395 0.281417
5555.24023 0.2811
5556.18506 0.280783
5557.13086 0.280466
5558.07715 0.280149
5559.02295 0.279832
5559.96924 0.279514
5560.91504 0.279197
5561.86084 0.278893
5562.80811 0.278617
5563.75488 0.27834
5564.70215 0.278064
5565.64893 0.277787
5566.59619 0.277511
5567.54297 0.277234
5568.49121 0.276957
5569.43896 0.27668
5570.38721 0.276395
5571.33496 0.276096
5572.28320 0.275861
5573.23096 0.275646
5574.18018 0.27543
5575.12891 0.275214
5576.07812 0.274999
5577.02686 0.274783
5577.97607 0.274568
5578.92480 0.274352
5579.87500 0.274137
5580.82422 0.27394
5581.77393 0.273772
5582.72412 0.273686
5583.67383 0.2736
5584.62500 0.273514
5585.57520 0.273429
5586.52588 0.273343
5587.47705 0.273257
5588.42822 0.273171
5589.37891 0.273085
5590.33008 0.272999
5591.28076 0.272913
5592.23291 0.272925
5593.18506 0.272975
5594.13721 0.273025
5595.08887 0.273074
5596.04102 0.273124
5596.99414 0.273174
5597.94580 0.273224
5598.89893 0.273274
5599.85205 0.273324
5600.80518 0.273374
5601.75781 0.273452
5602.71094 0.273635
5603.66504 0.273818
5604.61914 0.274001
5605.57324 0.274184
5606.52686 0.274367
5607.48096 0.27455
5608.43506 0.274733
5609.39014 0.274916
5610.34521 0.275099
5611.29883 0.275282
5612.25391 0.275542
5613.20898 0.27583
5614.16504 0.276118
5615.12109 0.276406
5616.07617 0.276694
5617.03223 0.276982
5617.98779 0.27727
5618.94385 0.277558
5619.89990 0.277847
5620.85693 0.278135
5621.81299 0.278435
5622.77100 0.278768
5623.72803 0.279101
5624.68506 0.279434
5625.64209 0.279767
5626.59912 0.2801
5627.55713 0.280433
5628.51514 0.280767
5629.47314 0.2811
5630.43115 0.28143
5631.38916 0.281756
5632.34814 0.282058
5633.30615 0.282354
5634.26514 0.282651
5635.22412 0.282947
5636.18311 0.283243
5637.14209 0.28354
5638.10205 0.283836
5639.06104 0.284133
5640.02100 0.284429
5640.98096 0.284726
5641.94092 0.284975
5642.90088 0.285151
5643.86084 0.285328
5644.82178 0.285504
5645.78320 0.28568
5646.74414 0.285857
5647.70508 0.286033
5648.66602 0.286209
5649.62695 0.286386
5650.58887 0.286562
5651.54980 0.286739
5652.51221 0.286753
5653.47510 0.286764
5654.43701 0.286775
5655.39893 0.286786
5656.36084 0.286797
5657.32422 0.286808
5658.28711 0.286819
5659.25000 0.28683
5660.21289 0.286841
5661.17676 0.286852
5662.14014 0.286777
5663.10400 0.286643
5664.06689 0.286509
5665.03223 0.286375
5665.99609 0.286241
5666.95996 0.286106
5667.92480 0.285972
5668.88916 0.285838
5669.85400 0.285704
5670.81885 0.28557
5671.78418 0.285411
5672.75000 0.285169
5673.71484 0.284926
5674.68115 0.284683
5675.64600 0.28444
5676.61182 0.284197
5677.57910 0.283954
5678.54492 0.283711
5679.51123 0.283468
5680.47803 0.283225
5681.44482 0.282982
5682.41211 0.28272
5683.37891 0.282455
5684.34619 0.28219
5685.31299 0.281925
5686.28076 0.281661
5687.24902 0.281396
5688.21680 0.281131
5689.18506 0.280866
5690.15283 0.280601
5691.12207 0.280336
5692.08984 0.28009
5693.05908 0.279861
5694.02783 0.279631
5694.99707 0.279402
5695.96582 0.279173
5696.93604 0.278943
5697.90479 0.278714
5698.87500 0.278485
5699.84521 0.278255
5700.81494 0.278026
5701.78613 0.277811
5702.75586 0.277648
5703.72705 0.277485
5704.69678 0.277323
5705.66797 0.27716
5706.63916 0.276997
5707.60986 0.276835
5708.58203 0.276672
5709.55420 0.276509
5710.52490 0.276347
5711.49707 0.276184
5712.46924 0.276077
5713.44092 0.275975
5714.41406 0.275873
5715.38623 0.275771
5716.35889 0.27567
5717.33203 0.275568
5718.30518 0.275466
5719.27783 0.275364
5720.25195 0.275257
5721.22607 0.275132
5722.19922 0.27503
5723.17285 0.274941
5724.14697 0.274853
5725.12109 0.274764
5726.09619 0.274675
5727.06982 0.274587
5728.04492 0.274498
5729.02002 0.274409
5729.99512 0.274321
5730.97021 0.274254
5731.94482 0.2742
5732.92090 0.274165
5733.89697 0.27413
5734.87305 0.274095
5735.84912 0.27406
5736.82520 0.274025
5737.80078 0.27399
5738.77783 0.273954
5739.75391 0.273919
5740.73096 0.273884
5741.70801 0.273853
5742.68604 0.273846
5743.66309 0.273839
5744.64111 0.273832
5745.61914 0.273825
5746.59619 0.273818
5747.57422 0.273811
5748.55322 0.273804
5749.53076 0.273797
5750.50879 0.27379
5751.48779 0.273783
5752.46680 0.273814
5753.44580 0.273849
5754.42480 0.273884
5755.40479 0.273919
5756.38379 0.273955
5757.36377 0.27399
5758.34424 0.274025
5759.32422 0.274061
5760.30420 0.274096
5761.28516 0.274131
5762.26514 0.274213
5763.24609 0.274317
5764.22705 0.274421
5765.20801 0.274525
5766.18896 0.27463
5767.16992 0.274734
5768.15186 0.274838
5769.13379 0.274942
5770.11523 0.275046
5771.09814 0.27515
5772.08008 0.275297
5773.06201 0.275489
5774.04395 0.275681
5775.02686 0.275873
5776.00977 0.276065
5776.99316 0.276257
5777.97705 0.276449
5778.95996 0.276641
5779.94287 0.276833
5780.92676 0.277025
5781.91113 0.277238
5782.89502 0.277498
5783.87891 0.277758
5784.86377 0.278017
5785.84814 0.278277
5786.83301 0.278537
5787.81787 0.278797
5788.80322 0.279057
5789.78809 0.279317
5790.77295 0.279577
5791.75879 0.279838
5792.74512 0.280109
5793.73096 0.280379
5794.71680 0.28065
5795.70312 0.28092
5796.68896 0.281191
5797.67578 0.281461
5798.66309 0.281732
5799.64990 0.282002
5800.63721 0.282273
5801.62402 0.282543
5802.61084 0.282746
5803.59912 0.28295
5804.58691 0.283154
5805.57520 0.283357
5806.56299 0.283561
5807.55078 0.283765
5808.54004 0.283968
5809.52783 0.284172
5810.51709 0.284376
5811.50586 0.284579
5812.49512 0.284653
5813.48389 0.28471
5814.47412 0.284768
5815.46289 0.284826
5816.45312 0.284884
5817.44287 0.284941
5818.43311 0.284999
5819.42285 0.285057
5820.41406 0.285104
5821.40381 0.285138
5822.39502 0.285022
5823.38623 0.284866
5824.37695 0.28471
5825.36914 0.284554
5826.35986 0.284398
5827.35205 0.284242
5828.34277 0.284086
5829.33496 0.28393
5830.32812 0.283783
5831.31982 0.283655
5832.31201 0.283408
5833.30518 0.28311
5834.29785 0.282812
5835.29102 0.282514
5836.28418 0.282216
5837.27686 0.281918
5838.27100 0.28162
5839.26416 0.281322
5840.25781 0.281023
5841.25195 0.280725
5842.24609 0.280371
5843.24121 0.279985
5844.23486 0.2796
5845.22900 0.279213
5846.22510 0.278827
5847.22021 0.278441
5848.21484 0.278055
5849.20996 0.277668
5850.20605 0.277282
5851.20117 0.276896
5852.19678 0.276519
5853.19287 0.276148
5854.18896 0.275777
5855.18604 0.275406
5856.18213 0.275035
5857.17920 0.274664
5858.17578 0.274293
5859.17285 0.273922
5860.16992 0.273551
5861.16699 0.273179
5862.16504 0.272858
5863.16309 0.272578
5864.16113 0.272298
5865.15918 0.272018
5866.15723 0.271738
5867.15479 0.271458
5868.15381 0.271178
5869.15186 0.270898
5870.15088 0.270618
5871.14990 0.270338
5872.14990 0.270131
5873.14893 0.269992
5874.14893 0.269852
5875.14795 0.269713
5876.14795 0.269574
5877.14795 0.269435
5878.14893 0.269295
5879.14893 0.269156
5880.14990 0.269016
5881.14990 0.268877
5882.15088 0.268816
5883.15283 0.268826
5884.15381 0.268836
5885.15479 0.268846
5886.15723 0.268857
5887.15918 0.268867
5888.16113 0.268877
5889.16309 0.268888
5890.16602 0.268898
5891.16797 0.268908
5892.16992 0.268972
5893.17285 0.269081
5894.17578 0.26919
5895.17920 0.2693
5896.18311 0.269409
5897.18604 0.269518
5898.18994 0.269627
5899.19385 0.269737
5900.19824 0.269841
5901.20215 0.269928
5902.20703 0.270054
5903.21094 0.27021
5904.21582 0.270366
5905.22119 0.270522
5906.22607 0.270678
5907.23096 0.270834
5908.23584 0.270989
5909.24219 0.271145
5910.24805 0.271307
5911.25293 0.271486
5912.25879 0.271678
5913.26611 0.271877
5914.27197 0.272076
5915.27881 0.272275
5916.28516 0.272475
5917.29199 0.272674
5918.29883 0.272873
5919.30713 0.273073
5920.31396 0.273272
5921.32178 0.273471
5922.33008 0.273659
5923.33691 0.273842
5924.34619 0.274024
5925.35400 0.274207
5926.36182 0.274389
5927.37109 0.274572
5928.37988 0.274754
5929.38916 0.274937
5930.39795 0.27512
5931.40723 0.275302
5932.41699 0.275471
5933.42578 0.275635
5934.43701 0.2758
5935.44580 0.275964
5936.45703 0.276129
5937.46680 0.276293
5938.47803 0.276458
5939.48779 0.276622
5940.49902 0.276787
5941.50977 0.276951
5942.52100 0.277101
5943.53320 0.277247
5944.54395 0.277394
5945.55615 0.277541
5946.56787 0.277688
5947.58008 0.277835
5948.59180 0.277982
5949.60400 0.278129
5950.61719 0.278276
5951.62988 0.278423
5952.64307 0.278561
5953.65576 0.278698
5954.66895 0.278835
5955.68311 0.278972
5956.69580 0.279109
5957.70996 0.279246
5958.72412 0.279383
5959.73779 0.279521
5960.75293 0.279658
5961.76709 0.279795
5962.78223 0.279932
5963.79688 0.280068
5964.81201 0.280205
5965.82715 0.280341
5966.84180 0.280478
5967.85791 0.280614
5968.87402 0.280751
5969.89014 0.280888
5970.90479 0.281003
5971.92188 0.281109
5972.93799 0.281197
5973.95508 0.281285
5974.97119 0.281373
5975.98779 0.281461
5977.00488 0.281549
5978.02197 0.281637
5979.04004 0.281725
5980.05811 0.281814
5981.07617 0.281927
5982.09277 0.282014
5983.11182 0.282067
5984.12988 0.28212
5985.14795 0.282173
5986.16699 0.282226
5987.18604 0.282279
5988.20508 0.282332
5989.22412 0.282386
5990.24316 0.282439
5991.26318 0.282492
5992.28320 0.282494
5993.30176 0.282462
5994.32178 0.282431
5995.34277 0.2824
5996.36279 0.282368
5997.38379 0.282337
5998.40381 0.282306
5999.42480 0.282274
6000.44580 0.282253
6001.46777 0.282243
6002.48877 0.282148
6003.51123 0.282032
6004.53223 0.281916
6005.55420 0.281801
6006.57715 0.281685
6007.59912 0.281569
6008.62109 0.281454
6009.64404 0.281338
6010.66699 0.281222
6011.68896 0.281104
6012.71289 0.280877
6013.73584 0.280651
6014.75977 0.280425
6015.78320 0.280198
6016.80713 0.279972
6017.83105 0.279745
6018.85498 0.279519
6019.87988 0.279292
6020.90381 0.279065
6021.92920 0.27882
6022.95410 0.278523
6023.97900 0.278226
6025.00391 0.277928
6026.02979 0.277631
6027.05615 0.277333
6028.08105 0.277035
6029.10693 0.276737
6030.13281 0.276436
6031.16016 0.276111
6032.18604 0.275786
6033.21289 0.275462
6034.24023 0.275138
6035.26709 0.274813
6036.29395 0.274489
6037.32080 0.274165
6038.34912 0.273841
6039.37598 0.273516
6040.40381 0.273201
6041.43213 0.272901
6042.45996 0.272653
6043.48877 0.272421
6044.51807 0.272188
6045.54590 0.271956
6046.57520 0.271724
6047.60400 0.271491
6048.63379 0.271259
6049.66309 0.271026
6050.69287 0.270794
6051.72314 0.270566
6052.75195 0.270445
6053.78320 0.270325
6054.81299 0.270204
6055.84277 0.270083
6056.87402 0.269962
6057.90479 0.269841
6058.93604 0.26972
6059.96680 0.269599
6060.99902 0.269479
6062.02979 0.269408
6063.06201 0.269435
6064.09424 0.269462
6065.12598 0.269489
6066.15820 0.269515
6067.18994 0.269542
6068.22314 0.269569
6069.25586 0.269596
6070.28906 0.269623
6071.32178 0.26965
6072.35498 0.269758
6073.38916 0.269909
6074.42188 0.27006
6075.45703 0.270211
6076.49023 0.270362
6077.52393 0.270513
6078.55908 0.270664
6079.59277 0.270815
6080.62793 0.270967
6081.66309 0.271118
6082.69824 0.271339
6083.73291 0.271562
6084.76904 0.271784
6085.80518 0.272007
6086.83984 0.272229
6087.87598 0.272452
6088.91309 0.272674
6089.94922 0.272897
6090.98486 0.273097
6092.02197 0.273295
6093.05908 0.273491
6094.09619 0.273687
6095.13281 0.273883
6096.16992 0.274079
6097.20801 0.274275
6098.24609 0.274471
6099.28320 0.274667
6100.32080 0.274871
6101.35986 0.275091
6102.39795 0.275269
6103.43701 0.275427
6104.47607 0.275585
