threeML/data/optical_filters/HST/WFC3_IR-F140W.ecsv
# %ECSV 0.9
# ---
# datatype:
# - {name: wavelength, unit: Angstrom, datatype: float32}
# - {name: response, datatype: float32}
# meta: !!omap
# - {band_name: F140W}
# - {group_name: WFC3_IR}
wavelength response
[from data line 2298]
14173.42969 0.548504
14174.58008 0.548576
14175.73047 0.548648
14176.87988 0.548719
14178.03027 0.548791
14179.17969 0.548863
14180.33008 0.548934
14181.48047 0.549006
14182.62988 0.549078
14183.78027 0.549149
14184.92969 0.549183
14186.08008 0.549213
14187.23047 0.549243
14188.38965 0.549273
14189.54004 0.549303
14190.69043 0.549302
14191.83984 0.54928
14192.99023 0.549258
14194.13965 0.549237
14195.29004 0.549215
14196.44043 0.549193
14197.59961 0.549172
14198.75000 0.54915
14199.90039 0.549128
14201.04980 0.549101
14202.20020 0.549073
14203.36035 0.549046
14204.50977 0.549034
14205.66016 0.549035
14206.80957 0.549037
14207.95996 0.549038
14209.12012 0.549039
14210.26953 0.549041
14211.41992 0.549042
14212.58008 0.549043
14213.73047 0.549045
14214.87988 0.549046
14216.04004 0.549047
14217.19043 0.549049
14218.33984 0.54905
14219.50000 0.549051
14220.65039 0.549053
14221.79980 0.549054
14222.95996 0.549055
14224.11035 0.549054
14225.25977 0.549043
14226.41992 0.549031
14227.57031 0.549019
14228.73047 0.549008
14229.87988 0.548996
14231.03027 0.548985
14232.19043 0.548973
14233.33984 0.548962
14234.50000 0.54895
14235.65039 0.548939
14236.80957 0.548927
14237.95996 0.548916
14239.12012 0.548904
14240.26953 0.548892
14241.42969 0.548881
14242.58008 0.548869
14243.74023 0.548858
14244.88965 0.548838
14246.04980 0.548816
14247.20996 0.548795
14248.36035 0.548774
14249.51953 0.548752
14250.66992 0.548731
14251.83008 0.54871
14252.99023 0.548689
14254.13965 0.548668
14255.29980 0.548646
14256.45020 0.548625
14257.61035 0.548604
14258.76953 0.548582
14259.91992 0.548561
14261.08008 0.54854
14262.24023 0.548518
14263.38965 0.548497
14264.54980 0.548456
14265.70996 0.548399
14266.87012 0.548342
14268.01953 0.548285
14269.17969 0.548228
14270.33984 0.548171
14271.50000 0.548114
14272.65039 0.548058
14273.80957 0.548001
14274.96973 0.547944
14276.12988 0.547887
14277.29004 0.54783
14278.44043 0.547773
14279.59961 0.547716
14280.75977 0.547659
14281.91992 0.547602
14283.08008 0.547545
14284.24023 0.547527
14285.40039 0.547606
14286.54980 0.547685
14287.70996 0.547764
14288.87012 0.547843
14290.03027 0.547922
14291.19043 0.548001
14292.34961 0.54808
14293.50977 0.548159
14294.66992 0.548238
14295.83008 0.548317
14296.99023 0.548396
14298.15039 0.548475
14299.30957 0.548554
14300.46973 0.548633
14301.62988 0.548713
14302.79004 0.548792
14303.95020 0.548867
14305.11035 0.548826
14306.26953 0.548785
14307.42969 0.548744
14308.58984 0.548703
14309.75000 0.548662
14310.91016 0.548621
14312.07031 0.548581
14313.23047 0.54854
14314.40039 0.548499
14315.55957 0.548458
14316.71973 0.548417
14317.87988 0.548376
14319.04004 0.548335
14320.20020 0.548294
14321.36035 0.548253
14322.53027 0.548212
14323.69043 0.548172
14324.84961 0.548159
14326.00977 0.548154
14327.16992 0.548149
14328.33984 0.548144
14329.50000 0.548138
14330.66016 0.548133
14331.82031 0.548128
14332.99023 0.548123
14334.15039 0.548118
14335.30957 0.548112
14336.46973 0.548107
14337.63965 0.548102
14338.79980 0.548097
14339.95996 0.548091
14341.12988 0.548086
14342.29004 0.548081
14343.45020 0.548076
14344.62012 0.54809
14345.78027 0.548117
14346.95020 0.548144
14348.11035 0.548172
14349.26953 0.548199
14350.44043 0.548226
14351.59961 0.548253
14352.76953 0.548281
14353.92969 0.548308
14355.08984 0.548335
14356.25977 0.548363
14357.41992 0.54839
14358.58984 0.548417
14359.75000 0.548445
14360.91992 0.548472
14362.08008 0.548499
14363.25000 0.548527
14364.41016 0.548562
14365.58008 0.548609
14366.74023 0.548656
14367.91016 0.548702
14369.07031 0.548749
14370.24023 0.548796
14371.41016 0.548843
14372.57031 0.54889
14373.74023 0.548937
14374.90039 0.548984
14376.07031 0.54903
14377.24023 0.549077
14378.40039 0.549124
14379.57031 0.549171
14380.74023 0.549218
14381.90039 0.549265
14383.07031 0.549312
14384.24023 0.549349
14385.40039 0.54936
14386.57031 0.549371
14387.74023 0.549382
14388.90039 0.549393
14390.07031 0.549401
14391.24023 0.54936
14392.41016 0.549318
14393.57031 0.549277
14394.74023 0.549236
14395.91016 0.549194
14397.08008 0.549153
14398.24023 0.549111
14399.41016 0.54907
14400.58008 0.549048
14401.75000 0.549047
14402.91992 0.549046
14404.08008 0.549049
14405.25000 0.549081
14406.41992 0.549112
14407.58984 0.549144
14408.75977 0.549175
14409.92969 0.549207
14411.09961 0.549238
14412.26953 0.54927
14413.44043 0.549301
14414.61035 0.549333
14415.76953 0.549364
14416.94043 0.549396
14418.11035 0.549427
14419.28027 0.549459
14420.45020 0.54949
14421.62012 0.549522
14422.79004 0.549553
14423.95996 0.549585
14425.12988 0.549643
14426.29980 0.549701
14427.46973 0.549758
14428.63965 0.549816
14429.80957 0.549874
14430.98047 0.549931
14432.16016 0.549989
14433.33008 0.550047
14434.50000 0.550104
14435.66992 0.550162
14436.83984 0.55022
14438.00977 0.550277
14439.17969 0.550335
14440.34961 0.550393
14441.51953 0.55045
14442.70020 0.550508
14443.87012 0.550566
14445.04004 0.550614
14446.20996 0.550663
14447.37988 0.55071
14448.54980 0.550758
14449.73047 0.550806
14450.90039 0.550854
14452.07031 0.550902
14453.24023 0.55095
14454.41992 0.550998
14455.58984 0.551046
14456.75977 0.551094
14457.92969 0.551141
14459.11035 0.551189
14460.28027 0.551237
14461.45020 0.551285
14462.62988 0.551333
14463.79980 0.551381
14464.96973 0.551361
14466.15039 0.55133
14467.32031 0.551299
14468.49023 0.551269
14469.66992 0.551238
14470.83984 0.551207
14472.00977 0.551176
14473.19043 0.551146
14474.36035 0.551115
14475.54004 0.551084
14476.70996 0.551054
14477.88965 0.551023
14479.05957 0.550992
14480.24023 0.550962
14481.41016 0.550931
14482.58008 0.5509
14483.75977 0.55087
14484.92969 0.550964
14486.11035 0.551084
14487.28027 0.551204
14488.45996 0.551324
14489.62988 0.551445
14490.80957 0.551565
14491.99023 0.551685
14493.16016 0.551805
14494.33984 0.551925
14495.50977 0.552045
14496.69043 0.552165
14497.87012 0.552286
14499.04004 0.552406
14500.21973 0.552522
14501.38965 0.552619
14502.57031 0.552717
14503.75000 0.552814
14504.91992 0.552809
14506.09961 0.552782
14507.28027 0.552755
14508.45020 0.552728
14509.62988 0.5527
14510.80957 0.552709
14511.98047 0.552735
14513.16016 0.552761
14514.33984 0.552787
14515.51953 0.552813
14516.69043 0.552839
14517.87012 0.552865
14519.04980 0.552891
14520.23047 0.552917
14521.41016 0.552943
14522.58008 0.552968
14523.75977 0.552995
14524.94043 0.552991
14526.12012 0.55298
14527.29980 0.55297
14528.46973 0.55296
14529.65039 0.55295
14530.83008 0.55294
14532.00977 0.552929
14533.19043 0.552919
14534.37012 0.552909
14535.54980 0.552898
14536.73047 0.552888
14537.91016 0.552878
14539.08984 0.552868
14540.25977 0.552858
14541.44043 0.552847
14542.62012 0.552837
14543.79980 0.552827
14544.98047 0.552811
14546.16016 0.552794
14547.33984 0.552777
14548.51953 0.55276
14549.70020 0.552744
14550.87988 0.552727
14552.05957 0.55271
14553.25000 0.552693
14554.42969 0.552676
14555.61035 0.552659
14556.79004 0.552642
14557.96973 0.552625
14559.15039 0.552608
14560.33008 0.552592
14561.50977 0.552575
14562.69043 0.552558
14563.87012 0.552541
14565.05957 0.552482
14566.24023 0.552419
14567.41992 0.552355
14568.59961 0.552292
14569.78027 0.552229
14570.95996 0.552122
14572.15039 0.552006
14573.33008 0.551889
14574.50977 0.551772
14575.69043 0.551656
14576.87988 0.551539
14578.05957 0.551423
14579.24023 0.551306
14580.41992 0.551208
14581.61035 0.551145
14582.79004 0.551082
14583.96973 0.551019
14585.16016 0.550972
14586.33984 0.550925
14587.51953 0.550878
14588.70996 0.550831
14589.88965 0.550785
14591.07031 0.550738
14592.25977 0.550691
14593.44043 0.550644
14594.62012 0.550597
14595.80957 0.55055
14596.99023 0.550504
14598.16992 0.550457
14599.36035 0.55041
14600.54004 0.55036
14601.73047 0.550306
14602.91016 0.550251
14604.09961 0.550194
14605.28027 0.550107
14606.46973 0.55002
14607.65039 0.549932
14608.83984 0.549845
14610.01953 0.549758
14611.20996 0.549671
14612.38965 0.549583
14613.58008 0.549496
14614.75977 0.549408
14615.95020 0.549321
14617.12988 0.549234
14618.32031 0.549146
14619.50977 0.549059
14620.69043 0.548971
14621.87988 0.548884
14623.05957 0.548797
14624.25000 0.548718
14625.44043 0.548674
14626.62012 0.54863
14627.80957 0.548585
14629.00000 0.548541
14630.17969 0.548497
14631.37012 0.548452
14632.55957 0.548408
14633.74023 0.548363
14634.92969 0.548319
14636.12012 0.548274
14637.30957 0.54823
14638.49023 0.548186
14639.67969 0.548141
14640.87012 0.548058
14642.05957 0.54796
14643.24023 0.547862
14644.42969 0.547746
14645.62012 0.547599
14646.80957 0.547451
14648.00000 0.547303
14649.17969 0.547156
14650.37012 0.547025
14651.55957 0.546931
14652.75000 0.546836
14653.94043 0.546742
14655.12988 0.546647
14656.32031 0.546553
14657.50000 0.546459
14658.69043 0.546364
14659.87988 0.54627
14661.07031 0.546176
14662.25977 0.546081
14663.45020 0.545987
14664.63965 0.545929
14665.83008 0.545905
14667.01953 0.54588
14668.20996 0.545856
14669.40039 0.545831
14670.58984 0.545806
14671.78027 0.545782
14672.96973 0.545757
14674.16016 0.545732
14675.34961 0.545708
14676.54004 0.545683
14677.73047 0.545659
14678.91992 0.545634
14680.11035 0.545609
14681.29980 0.545584
14682.50000 0.54556
14683.69043 0.545535
14684.87988 0.54551
14686.07031 0.545486
14687.25977 0.545461
14688.45020 0.545436
14689.63965 0.545412
14690.83008 0.545387
14692.03027 0.545362
14693.21973 0.545338
14694.41016 0.545313
14695.59961 0.545288
14696.79004 0.545263
14697.99023 0.545239
14699.17969 0.545214
14700.37012 0.545173
14701.55957 0.545095
14702.75977 0.545017
14703.95020 0.544938
14705.13965 0.544945
14706.33984 0.544957
14707.53027 0.544969
14708.71973 0.544981
14709.91992 0.544993
14711.11035 0.545055
14712.29980 0.54512
14713.50000 0.545186
14714.69043 0.545251
14715.87988 0.545316
14717.08008 0.545382
14718.26953 0.545447
14719.45996 0.545513
14720.66016 0.545578
14721.84961 0.545644
14723.04980 0.545709
14724.24023 0.545771
14725.44043 0.545817
14726.62988 0.545862
14727.82031 0.545907
14729.01953 0.545953
14730.20996 0.545998
14731.41016 0.546044
14732.59961 0.546089
14733.79980 0.546135
14734.99023 0.54618
14736.19043 0.546225
14737.38965 0.546271
14738.58008 0.546317
14739.78027 0.546362
14740.96973 0.546408
14742.16992 0.546453
14743.36035 0.546499
14744.55957 0.546532
14745.75977 0.546551
14746.95020 0.54657
14748.15039 0.546588
14749.33984 0.546607
14750.54004 0.546601
14751.74023 0.546567
14752.92969 0.546532
14754.12988 0.546497
14755.33008 0.546462
14756.53027 0.546427
14757.71973 0.546392
14758.91992 0.546357
14760.12012 0.546327
14761.30957 0.546346
14762.50977 0.546364
14763.70996 0.546383
14764.91016 0.546431
14766.09961 0.54649
14767.29980 0.546549
14768.50000 0.546608
14769.70020 0.546667
14770.90039 0.546726
14772.09961 0.546785
14773.29004 0.546844
14774.49023 0.546903
14775.69043 0.546962
14776.88965 0.547021
14778.08984 0.54708
14779.29004 0.547139
14780.49023 0.547198
14781.67969 0.547257
14782.87988 0.547317
14784.08008 0.547377
14785.28027 0.547466
14786.48047 0.547555
14787.67969 0.547645
14788.87988 0.547734
14790.08008 0.54782
14791.28027 0.547855
14792.48047 0.54789
14793.67969 0.547926
14794.87988 0.547961
14796.08008 0.547996
14797.28027 0.548032
14798.48047 0.548067
14799.67969 0.548102
14800.87988 0.548172
14802.08008 0.548255
14803.28027 0.548338
14804.48047 0.548408
14805.69043 0.548458
14806.88965 0.548507
14808.08984 0.548556
14809.29004 0.548605
14810.49023 0.548654
14811.69043 0.548704
14812.88965 0.548753
14814.09961 0.548802
14815.29980 0.548851
14816.50000 0.5489
14817.70020 0.54895
14818.90039 0.548999
14820.11035 0.549048
14821.30957 0.549097
14822.50977 0.549147
14823.70996 0.549196
14824.91992 0.549265
14826.12012 0.549341
14827.32031 0.549417
14828.51953 0.549493
14829.73047 0.549569
14830.92969 0.549604
14832.12988 0.549625
14833.33008 0.549647
14834.54004 0.549669
14835.74023 0.549691
14836.95020 0.549713
14838.15039 0.549735
14839.34961 0.549756
14840.55957 0.549803
14841.75977 0.54988
14842.95996 0.549956
14844.16992 0.550029
14845.37012 0.550068
14846.58008 0.550107
14847.78027 0.550146
14848.99023 0.550185
14850.19043 0.550225
14851.40039 0.550264
14852.59961 0.550303
14853.79980 0.550342
14855.00977 0.550381
14856.20996 0.550421
14857.41992 0.55046
14858.62988 0.550499
14859.83008 0.550539
14861.04004 0.550578
14862.24023 0.550617
14863.45020 0.550656
14864.65039 0.550686
14865.86035 0.550705
14867.07031 0.550724
14868.26953 0.550743
14869.48047 0.550762
14870.67969 0.55075
14871.88965 0.550714
14873.09961 0.550678
14874.29980 0.550643
14875.50977 0.550607
14876.71973 0.550571
14877.91992 0.550536
14879.12988 0.5505
14880.33984 0.550479
14881.54004 0.550499
14882.75000 0.550517
14883.95996 0.550537
14885.16992 0.550568
14886.37012 0.550601
14887.58008 0.550633
14888.79004 0.550666
14890.00000 0.550698
14891.20996 0.550731
14892.41016 0.550763
14893.62012 0.550796
14894.83008 0.550828
14896.04004 0.550861
14897.25000 0.550894
14898.45020 0.550926
14899.66016 0.550959
14900.87012 0.550991
14902.08008 0.551024
14903.29004 0.551056
14904.50000 0.551112
14905.70996 0.551208
14906.91992 0.551305
14908.12988 0.551402
14909.33008 0.551499
14910.54004 0.551571
14911.75000 0.551613
14912.95996 0.551655
14914.16992 0.551697
14915.37988 0.551739
14916.58984 0.551781
14917.79980 0.551823
14919.00977 0.551865
14920.21973 0.551917
14921.42969 0.552014
14922.63965 0.552111
14923.86035 0.552207
14925.07031 0.552238
14926.28027 0.552254
14927.49023 0.552269
14928.70020 0.552285
14929.91016 0.552301
14931.12012 0.552316
14932.33008 0.552332
14933.54004 0.552348
14934.75000 0.552364
14935.96973 0.55238
14937.17969 0.552395
14938.38965 0.552411
14939.59961 0.552427
14940.80957 0.552442
14942.03027 0.552458
14943.24023 0.552474
14944.45020 0.552525
14945.66016 0.55266
14946.87012 0.552794
14948.08984 0.552929
14949.29980 0.553063
14950.50977 0.553174
14951.73047 0.553253
14952.94043 0.553333
14954.15039 0.553412
14955.36035 0.553491
14956.58008 0.55357
14957.79004 0.553649
14959.00000 0.553728
14960.21973 0.553817
14961.42969 0.553951
14962.65039 0.554086
14963.86035 0.554221
14965.07031 0.554256
14966.29004 0.554268
14967.50000 0.554281
14968.71973 0.554293
14969.92969 0.554305
14971.13965 0.554318
14972.36035 0.55433
14973.57031 0.554342
14974.79004 0.554355
14976.00000 0.554367
14977.21973 0.55438
14978.42969 0.554392
14979.65039 0.554404
14980.86035 0.554377
14982.08008 0.554334
14983.29004 0.554291
14984.50977 0.554275
14985.71973 0.554314
14986.94043 0.554352
14988.16016 0.55439
14989.37012 0.554428
14990.58984 0.554494
14991.79980 0.554588
14993.01953 0.554682
14994.24023 0.554776
14995.45020 0.554869
14996.66992 0.554963
14997.88965 0.555057
14999.09961 0.555152
15000.32031 0.555237
15001.54004 0.555299
15002.75000 0.55536
15003.96973 0.555422
15005.19043 0.555423
15006.40039 0.555416
15007.62012 0.55541
15008.83984 0.555404
15010.05957 0.555395
15011.26953 0.555332
15012.49023 0.55527
15013.70996 0.555208
15014.92969 0.555146
15016.15039 0.555083
15017.36035 0.555021
15018.58008 0.554959
15019.79980 0.554897
15021.01953 0.554881
15022.24023 0.554875
15023.45996 0.554868
15024.66992 0.554867
15025.88965 0.55487
15027.11035 0.554874
15028.33008 0.554878
15029.54980 0.554882
15030.76953 0.554886
15031.99023 0.554889
15033.20996 0.554893
15034.42969 0.554897
15035.65039 0.554901
15036.87012 0.554905
15038.08984 0.554908
15039.30957 0.554912
15040.53027 0.554892
15041.75000 0.554839
15042.96973 0.554787
15044.19043 0.55473
15045.41016 0.5546
15046.62988 0.554469
15047.84961 0.554339
15049.07031 0.554208
15050.29004 0.554091
15051.50977 0.554017
15052.73047 0.553943
15053.95996 0.553868
15055.17969 0.553794
15056.40039 0.553719
15057.62012 0.553645
15058.83984 0.55357
15060.05957 0.553496
15061.28027 0.553422
15062.50000 0.553347
15063.73047 0.553273
15064.95020 0.553184
15066.16992 0.553089
15067.38965 0.552995
15068.62012 0.552899
15069.83984 0.552805
15071.05957 0.552662
15072.28027 0.552511
15073.50977 0.55236
15074.73047 0.552209
15075.95020 0.552059
15077.16992 0.551908
15078.40039 0.551757
15079.62012 0.551606
