threeML/data/optical_filters/HST/WFC3_UVIS1-F200LP.ecsv
# %ECSV 0.9
# ---
# datatype:
# - {name: wavelength, unit: Angstrom, datatype: float32}
# - {name: response, datatype: float32}
# meta: !!omap
# - {band_name: F200LP}
# - {group_name: WFC3_UVIS1}
wavelength response
[from data line 8048]
7869.69092 0.155046
7871.03613 0.154949
7872.38086 0.154857
7873.72705 0.154765
7875.07324 0.154672
7876.41797 0.15458
7877.76514 0.154488
7879.11084 0.154396
7880.45801 0.154297
7881.80518 0.154186
7883.15186 0.154081
7884.49902 0.153977
7885.84717 0.153873
7887.19385 0.15377
7888.54199 0.153666
7889.89111 0.153563
7891.23877 0.153459
7892.58789 0.153356
7893.93701 0.153252
7895.28613 0.153149
7896.63477 0.153046
7897.98486 0.152942
7899.33496 0.152839
7900.68506 0.152745
7902.03516 0.152661
7903.38623 0.152575
7904.73682 0.152489
7906.08789 0.152404
7907.43896 0.152318
7908.79102 0.152232
7910.14209 0.152145
7911.49414 0.152041
7912.84619 0.151937
7914.19922 0.151832
7915.55078 0.151728
7916.90381 0.151624
7918.25684 0.15152
7919.61084 0.151416
7920.96387 0.151325
7922.31787 0.15124
7923.67188 0.151159
7925.02588 0.151078
7926.38086 0.150997
7927.73486 0.150916
7929.08984 0.150835
7930.44580 0.150748
7931.80078 0.150648
7933.15723 0.150549
7934.51318 0.150449
7935.86914 0.15035
7937.22510 0.150251
7938.58203 0.150151
7939.93799 0.150052
7941.29492 0.149952
7942.65283 0.14985
7944.00977 0.14974
7945.36816 0.149631
7946.72607 0.149522
7948.08398 0.149412
7949.44189 0.149303
7950.80078 0.149205
7952.16016 0.149114
7953.51904 0.149023
7954.87793 0.148932
7956.23779 0.148842
7957.59814 0.148751
7958.95801 0.14866
7960.31787 0.148565
7961.67920 0.148456
7963.04004 0.148348
7964.39990 0.14824
7965.76221 0.148131
7967.12305 0.148023
7968.48486 0.147915
7969.84717 0.147807
7971.20898 0.147699
7972.57080 0.147591
7973.93408 0.147483
7975.29688 0.147375
7976.66016 0.147267
7978.02295 0.14716
7979.38721 0.147052
7980.75000 0.146955
7982.11377 0.146867
7983.47900 0.146786
7984.84277 0.146706
7986.20801 0.146625
7987.57324 0.146545
7988.93799 0.146464
7990.30322 0.146381
7991.66895 0.146285
7993.03516 0.14619
7994.40088 0.146095
7995.76807 0.146
7997.13379 0.145904
7998.50098 0.145809
7999.86816 0.145714
8001.23486 0.145619
8002.60303 0.145522
8003.97021 0.145422
8005.33789 0.145322
8006.70703 0.145223
8008.07520 0.145123
8009.44385 0.145023
8010.81201 0.144914
8012.18213 0.144799
8013.55078 0.144683
8014.92090 0.144568
8016.29102 0.144453
8017.66113 0.144337
8019.03076 0.144222
8020.40088 0.144107
8021.77197 0.143993
8023.14404 0.143882
8024.51514 0.143773
8025.88623 0.143663
8027.25781 0.143554
8028.62988 0.143445
8030.00195 0.143336
8031.37500 0.143247
8032.74707 0.143158
8034.12012 0.143069
8035.49316 0.142981
8036.86719 0.142892
8038.24023 0.142803
8039.61377 0.142714
8040.98779 0.142613
8042.36182 0.142506
8043.73682 0.142395
8045.11182 0.142284
8046.48682 0.142173
8047.86182 0.142062
8049.23682 0.141951
8050.61279 0.14184
8051.98877 0.141729
8053.36523 0.141619
8054.74219 0.141508
8056.11816 0.141397
8057.49512 0.141286
8058.87207 0.141175
8060.25000 0.141068
8061.62695 0.140975
8063.00488 0.140881
8064.38281 0.140788
8065.76123 0.140695
8067.14014 0.140602
8068.51904 0.140509
8069.89795 0.140416
8071.27686 0.140306
8072.65723 0.140196
8074.03613 0.140085
8075.41602 0.139974
8076.79590 0.139863
8078.17676 0.139753
8079.55811 0.139642
8080.93799 0.139531
8082.31885 0.139421
8083.70117 0.139313
8085.08301 0.139205
8086.46387 0.139097
8087.84619 0.138989
8089.22900 0.138881
8090.61084 0.138781
8091.99414 0.138691
8093.37695 0.1386
8094.75977 0.13851
8096.14404 0.13842
8097.52686 0.138329
8098.91211 0.138239
8100.29590 0.138145
8101.68018 0.138037
8103.06494 0.137928
8104.45020 0.137818
8105.83496 0.137708
8107.22021 0.137598
8108.60596 0.137488
8109.99219 0.137378
8111.37793 0.137268
8112.76416 0.137158
8114.15088 0.137049
8115.53809 0.136939
8116.92480 0.136829
8118.31201 0.136719
8119.70020 0.136609
8121.08691 0.136513
8122.47510 0.13642
8123.86279 0.136325
8125.25195 0.136229
8126.64111 0.136133
8128.02979 0.136037
8129.41895 0.135941
8130.80811 0.135836
8132.19824 0.135723
8133.58789 0.13561
8134.97803 0.135497
8136.36816 0.135384
8137.75879 0.135271
8139.14990 0.135158
8140.54102 0.135045
8141.93213 0.134932
8143.32422 0.134826
8144.71484 0.134723
8146.10693 0.13462
8147.50000 0.134516
8148.89209 0.134413
8150.28516 0.134313
8151.67822 0.134227
8153.07080 0.13414
8154.46484 0.134054
8155.85791 0.133968
8157.25195 0.133882
8158.64600 0.133796
8160.04102 0.133709
8161.43604 0.133606
8162.83105 0.1335
8164.22607 0.133393
8165.62109 0.133285
8167.01709 0.133178
8168.41309 0.13307
8169.80908 0.132962
8171.20508 0.132855
8172.60205 0.132747
8173.99805 0.13264
8175.39502 0.132532
8176.79199 0.132425
8178.18994 0.132317
8179.58789 0.132209
8180.98584 0.132114
8182.38379 0.132023
8183.78223 0.131931
8185.18115 0.131839
8186.58008 0.131747
8187.97900 0.131655
8189.37891 0.131563
8190.77783 0.131461
8192.17871 0.131352
8193.57812 0.131243
8194.97852 0.131134
8196.37988 0.131025
8197.78027 0.130916
8199.18164 0.130807
8200.58301 0.130699
8201.98438 0.130593
8203.38574 0.130491
8204.78809 0.13039
8206.19043 0.130289
8207.59277 0.130188
8208.99609 0.130087
8210.39844 0.129992
8211.80176 0.129908
8213.20605 0.129824
8214.60938 0.12974
8216.01367 0.129656
8217.41797 0.129571
8218.82227 0.129487
8220.22656 0.129401
8221.63184 0.1293
8223.03711 0.129198
8224.44238 0.129096
8225.84766 0.128994
8227.25391 0.128891
8228.66016 0.128789
8230.06641 0.128687
8231.47266 0.128596
8232.87988 0.128504
8234.28711 0.128412
8235.69434 0.128321
8237.10156 0.128229
8238.50977 0.128137
8239.91797 0.128046
8241.32617 0.12797
8242.73438 0.127894
8244.14355 0.127817
8245.55273 0.12774
8246.96191 0.127663
8248.37109 0.127586
8249.78125 0.127509
8251.19141 0.127418
8252.60156 0.127325
8254.01172 0.127231
8255.42285 0.127138
8256.83301 0.127044
8258.24414 0.12695
8259.65625 0.126857
8261.06738 0.126763
8262.47852 0.126669
8263.89160 0.126576
8265.30371 0.126482
8266.71680 0.126389
8268.12988 0.126296
8269.54297 0.126202
8270.95605 0.12612
8272.37012 0.126043
8273.78320 0.125966
8275.19727 0.125889
8276.61230 0.125811
8278.02637 0.125734
8279.44141 0.125657
8280.85645 0.12557
8282.27148 0.125476
8283.68652 0.125382
8285.10352 0.125287
8286.51953 0.125192
8287.93555 0.125097
8289.35156 0.125002
8290.76855 0.124907
8292.18555 0.124812
8293.60254 0.124717
8295.02148 0.124622
8296.43848 0.124528
8297.85645 0.124433
8299.27441 0.124338
8300.69238 0.124243
8302.11133 0.124148
8303.53027 0.124053
8304.94922 0.123958
8306.36914 0.123864
8307.78906 0.123769
8309.20898 0.123674
8310.62891 0.123587
8312.04883 0.123508
8313.46973 0.12343
8314.89062 0.123351
8316.31152 0.123273
8317.73340 0.123194
8319.15430 0.123116
8320.57617 0.12303
8321.99902 0.122935
8323.42090 0.122846
8324.84375 0.122758
8326.26660 0.12267
8327.68945 0.122582
8329.11230 0.122494
8330.53613 0.122406
8331.95996 0.122318
8333.38379 0.12223
8334.80859 0.122142
8336.23340 0.122054
8337.65723 0.121966
8339.08301 0.121878
8340.50781 0.121796
8341.93359 0.121724
8343.35938 0.121648
8344.78516 0.121571
8346.21191 0.121493
8347.63770 0.121416
8349.06445 0.121338
8350.49121 0.121255
8351.91895 0.121162
8353.34668 0.121068
8354.77344 0.120974
8356.20215 0.120881
8357.62988 0.120787
8359.05859 0.120694
8360.48730 0.1206
8361.91602 0.120506
8363.34473 0.120412
8364.77441 0.120318
8366.20410 0.120223
8367.63379 0.120129
8369.06445 0.120034
8370.49512 0.119939
8371.92480 0.119845
8373.35645 0.11975
8374.78711 0.119656
8376.21875 0.119561
8377.65039 0.119467
8379.08203 0.119372
8380.51367 0.119283
8381.94629 0.119204
8383.37891 0.119126
8384.81152 0.119047
8386.24512 0.118968
8387.67871 0.118889
8389.11230 0.11881
8390.54590 0.118726
8391.97852 0.118631
8393.41406 0.118536
8394.84863 0.118441
8396.28320 0.118347
8397.71875 0.118252
8399.15332 0.118157
8400.58887 0.118067
8402.02441 0.117985
8403.46094 0.117898
8404.89746 0.117811
8406.33398 0.117723
8407.77148 0.117636
8409.20703 0.117549
8410.64453 0.117468
8412.08203 0.117397
8413.51953 0.117325
8414.95801 0.117253
8416.39648 0.117181
8417.83496 0.117109
8419.27344 0.117038
8420.71191 0.116958
8422.15137 0.11687
8423.59082 0.11679
8425.03027 0.11671
8426.47070 0.11663
8427.91113 0.11655
8429.35156 0.11647
8430.79199 0.116399
8432.23242 0.116334
8433.67383 0.11627
8435.11523 0.116205
8436.55664 0.11614
8437.99902 0.116076
8439.44141 0.116011
8440.88379 0.115946
8442.32617 0.115881
8443.76855 0.115814
8445.21191 0.115747
8446.65527 0.115679
8448.09961 0.115612
8449.54297 0.115544
8450.98730 0.115488
8452.43164 0.115436
8453.87598 0.115384
8455.32129 0.115332
8456.76660 0.11528
8458.21191 0.115227
8459.65723 0.115175
8461.10352 0.115111
8462.54883 0.115043
8463.99512 0.114976
8465.44238 0.114908
8466.88867 0.11484
8468.33594 0.114772
8469.78320 0.114704
8471.23145 0.114636
8472.67871 0.114568
8474.12695 0.1145
8475.57520 0.114432
8477.02344 0.114364
8478.47266 0.114295
8479.92188 0.114227
8481.37109 0.114159
8482.82031 0.114091
8484.27148 0.114022
8485.72070 0.113953
8487.17090 0.113884
8488.62109 0.113816
8490.07227 0.113747
8491.52344 0.113694
8492.97461 0.113641
8494.42578 0.113588
8495.87793 0.113535
8497.33008 0.113482
8498.78223 0.113428
8500.23535 0.113369
8501.68652 0.11328
8503.14062 0.113189
8504.59375 0.113095
8506.04785 0.113002
8507.50098 0.112908
8508.95508 0.112815
8510.41016 0.112721
8511.86426 0.112628
8513.31934 0.112534
8514.77441 0.112441
8516.22852 0.112348
8517.68457 0.112254
8519.14062 0.112161
8520.59668 0.112067
8522.05273 0.111974
8523.50977 0.111877
8524.96582 0.111779
8526.42285 0.111681
8527.88086 0.111583
8529.33789 0.111485
8530.79590 0.111395
8532.25391 0.111313
8533.71191 0.11123
8535.17090 0.111147
8536.62988 0.111064
8538.08887 0.110981
8539.54785 0.110898
8541.00684 0.110804
8542.46680 0.110706
8543.92676 0.110611
8545.38770 0.110515
8546.84766 0.11042
8548.30859 0.110324
8549.76953 0.110229
8551.23047 0.110133
8552.69238 0.110038
8554.15430 0.109942
8555.61621 0.109846
8557.07812 0.109751
8558.54102 0.109655
8560.00391 0.109559
8561.46680 0.109463
8562.92969 0.109367
8564.39355 0.109271
8565.85742 0.109175
8567.32129 0.109079
8568.78516 0.108983
8570.25000 0.108889
8571.71484 0.108808
8573.17969 0.108727
8574.64453 0.108646
8576.11035 0.108564
8577.57617 0.108483
8579.04199 0.108401
8580.50879 0.108315
8581.97461 0.108218
8583.44141 0.108121
8584.90918 0.108025
8586.37598 0.107928
8587.84375 0.107831
8589.31152 0.107734
8590.77930 0.107637
8592.24805 0.10754
8593.71582 0.107444
8595.18457 0.107346
8596.65430 0.107249
8598.12305 0.107152
8599.59277 0.107055
8601.06348 0.106958
8602.53223 0.106861
8604.00293 0.106768
8605.47363 0.106674
8606.94434 0.106581
8608.41504 0.106487
8609.88672 0.106394
8611.35840 0.106314
8612.83008 0.106235
8614.30176 0.106156
8615.77441 0.106077
8617.24707 0.105998
8618.71973 0.105919
8620.19238 0.105838
8621.66602 0.105744
8623.13965 0.10565
8624.61328 0.105558
8626.08691 0.105465
8627.56152 0.105372
8629.03613 0.105279
8630.51074 0.105197
8631.98633 0.105136
8633.46094 0.105074
8634.93652 0.105012
8636.41309 0.10495
8637.88867 0.104888
8639.36523 0.104826
8640.84180 0.104764
8642.31836 0.104702
8643.79590 0.104638
8645.27344 0.104574
8646.75098 0.10451
8648.22852 0.104446
8649.70605 0.104382
8651.18457 0.104317
8652.66309 0.104253
8654.14258 0.104188
8655.62109 0.104124
8657.10059 0.104059
8658.58008 0.103994
8660.06055 0.10393
8661.54004 0.103879
8663.02148 0.103829
8664.50098 0.103778
8665.98242 0.103727
8667.46289 0.103676
8668.94434 0.103624
8670.42676 0.103569
8671.90820 0.103503
8673.39062 0.103437
8674.87305 0.10337
8676.35547 0.103304
8677.83789 0.103237
8679.32129 0.103171
8680.80469 0.103104
8682.28809 0.103037
8683.77246 0.102972
8685.25684 0.102907
8686.74121 0.102842
8688.22559 0.102776
8689.71094 0.102711
8691.19531 0.102645
8692.68164 0.102579
8694.16699 0.102514
8695.65332 0.102448
8697.13867 0.102382
8698.62500 0.102316
8700.11230 0.102249
8701.59961 0.102183
8703.08594 0.102116
8704.57422 0.10205
8706.06152 0.101984
8707.54980 0.101917
8709.03809 0.10185
8710.52637 0.101788
8712.01465 0.101736
8713.50391 0.101683
8714.99316 0.10163
8716.48242 0.101578
8717.97266 0.101525
8719.46289 0.101471
8720.95312 0.101409
8722.44336 0.101341
8723.93359 0.101272
8725.42480 0.101202
8726.91602 0.101132
8728.40820 0.101062
8729.89941 0.100992
8731.39160 0.100922
8732.88379 0.100852
8734.37695 0.100781
8735.86914 0.100711
8737.36230 0.10064
8738.85547 0.10057
8740.34961 0.100499
8741.84277 0.100428
8743.33691 0.100357
8744.83203 0.100285
8746.32617 0.100213
8747.82129 0.100141
8749.31641 0.10007
8750.81152 0.099997
8752.30762 0.099925
8753.80273 0.099853
8755.29883 0.09978
8756.79590 0.099708
8758.29199 0.099635
8759.78906 0.099563
8761.28613 0.099502
8762.78418 0.099444
8764.28125 0.099387
8765.77930 0.09933
8767.27734 0.099272
8768.77637 0.099215
8770.27441 0.099155
8771.77344 0.099083
8773.27246 0.099011
8774.77246 0.098939
8776.27246 0.098867
8777.77246 0.098795
8779.27246 0.098723
8780.77246 0.09865
8782.27344 0.098578
8783.77441 0.098505
8785.27539 0.098432
8786.77734 0.098358
8788.27930 0.098285
8789.78125 0.098211
8791.28320 0.098138
8792.78613 0.098064
8794.28906 0.09799
8795.79199 0.097916
8797.29492 0.097842
8798.79883 0.097768
8800.30273 0.09769
8801.80664 0.097596
8803.31055 0.097502
8804.81543 0.097407
8806.32031 0.097313
8807.82520 0.097218
8809.33105 0.097123
8810.83594 0.097035
8812.34180 0.096954
8813.84863 0.096873
8815.35352 0.096791
8816.86133 0.09671
8818.36816 0.096628
8819.87598 0.096547
8821.38281 0.096452
8822.89062 0.096357
8824.39844 0.096263
8825.90723 0.096168
8827.41504 0.096074
8828.92383 0.095979
8830.43262 0.095892
8831.94238 0.095821
8833.45215 0.09575
8834.96094 0.095678
8836.47168 0.095607
8837.98145 0.095536
8839.49219 0.095464
8841.00293 0.095392
8842.51367 0.09532
8844.02539 0.095248
8845.53711 0.095175
8847.04883 0.095102
8848.56055 0.095029
8850.07324 0.094956
8851.58594 0.094883
8853.09863 0.094809
8854.61133 0.094736
8856.12500 0.094662
8857.63867 0.094589
8859.15234 0.094515
8860.66699 0.094441
8862.18066 0.094367
8863.69531 0.094292
8865.21094 0.094218
8866.72559 0.094143
8868.24121 0.094068
8869.75684 0.093993
8871.27246 0.09393
8872.78906 0.093868
8874.30566 0.093807
8875.82227 0.093745
8877.33887 0.093683
8878.85645 0.093621
8880.37402 0.093556
8881.89160 0.09348
8883.41016 0.093404
8884.92773 0.093328
8886.44629 0.093252
8887.96582 0.093175
8889.48438 0.093099
8891.00391 0.093022
8892.52344 0.092946
8894.04297 0.092869
8895.56348 0.092792
8897.08398 0.092715
8898.60352 0.092638
8900.12500 0.092561
8901.64648 0.092483
8903.16797 0.092406
8904.68945 0.092328
8906.21094 0.092251
8907.73340 0.092173
8909.25586 0.092096
8910.77832 0.092018
8912.30176 0.09194
8913.82520 0.091862
8915.34863 0.091784
8916.87207 0.091705
8918.39648 0.091627
8919.92090 0.091548
8921.44531 0.091469
8922.96973 0.09139
8924.49512 0.091311
8926.02148 0.091232
8927.54590 0.091152
8929.07129 0.091072
8930.59766 0.090993
8932.12402 0.090913
8933.65039 0.090833
8935.17773 0.090752
8936.70410 0.090672
8938.23242 0.090591
8939.75977 0.090511
8941.28711 0.090441
8942.81543 0.090374
8944.34375 0.090307
8945.87305 0.090239
8947.40137 0.090171
8948.93066 0.090104
8950.46094 0.090032
8951.99023 0.08995
8953.52148 0.089868
8955.05078 0.089787
8956.58105 0.089705
8958.11230 0.089623
8959.64258 0.089541
8961.17383 0.089458
8962.70605 0.089376
8964.23730 0.089294
8965.76953 0.089211
8967.30176 0.089128
8968.83496 0.089045
8970.36719 0.088962
8971.90039 0.088879
8973.43457 0.088796
8974.96777 0.088712
8976.50195 0.088629
8978.03613 0.088545
8979.57031 0.088461
8981.10547 0.088377
8982.64062 0.088293
8984.17578 0.088209
8985.71094 0.088124
8987.24707 0.088039
8988.78223 0.087954
8990.31934 0.087869
8991.85547 0.087783
8993.39258 0.087698
8994.92969 0.087612
8996.46680 0.087527
8998.00488 0.087441
8999.54199 0.087355
9001.08008 0.087257
9002.61914 0.087153
9004.15723 0.08705
9005.69629 0.086947
9007.23535 0.086844
9008.77539 0.086741
9010.31445 0.08664
9011.85352 0.08655
9013.39453 0.08646
9014.93555 0.08637
9016.47656 0.086279
9018.01758 0.086189
9019.55859 0.086098
9021.10059 0.085998
9022.64160 0.085894
9024.18359 0.08579
9025.72656 0.085686
