threeML/data/optical_filters/HST/WFC3_IR-F125W.ecsv
# %ECSV 0.9
# ---
# datatype:
# - {name: wavelength, unit: Angstrom, datatype: float32}
# - {name: response, datatype: float32}
# meta: !!omap
# - {band_name: F125W}
# - {group_name: WFC3_IR}
wavelength response
[from data line 1533]
12141.07031 0.519093
12142.04980 0.519197
12143.04004 0.519301
12144.01953 0.519403
12145.00977 0.519504
12145.99023 0.519606
12146.98047 0.519707
12147.95996 0.519809
12148.95020 0.519895
12149.92969 0.519973
12150.91992 0.52001
12151.91016 0.520045
12152.88965 0.52008
12153.87988 0.520111
12154.86035 0.520141
12155.84961 0.520171
12156.83008 0.520201
12157.82031 0.520231
12158.80957 0.520232
12159.79004 0.520202
12160.78027 0.520172
12161.76953 0.520142
12162.75000 0.520112
12163.74023 0.520101
12164.73047 0.520118
12165.70996 0.520135
12166.70020 0.520152
12167.69043 0.520169
12168.66992 0.520176
12169.66016 0.520165
12170.65039 0.520154
12171.63965 0.520143
12172.62012 0.520133
12173.61035 0.520119
12174.59961 0.520098
12175.58984 0.520077
12176.57031 0.520056
12177.55957 0.520034
12178.54980 0.520014
12179.54004 0.519998
12180.53027 0.520005
12181.50977 0.520032
12182.50000 0.520059
12183.49023 0.520084
12184.48047 0.520099
12185.46973 0.520113
12186.45996 0.520128
12187.44043 0.520143
12188.42969 0.520155
12189.41992 0.520149
12190.41016 0.520125
12191.40039 0.520076
12192.38965 0.520026
12193.37988 0.519977
12194.37012 0.519936
12195.36035 0.519894
12196.34961 0.519853
12197.33008 0.519811
12198.32031 0.51977
12199.30957 0.519723
12200.29980 0.519674
12201.29004 0.519622
12202.28027 0.519571
12203.26953 0.519519
12204.25977 0.519438
12205.25000 0.519354
12206.24023 0.519271
12207.23047 0.519188
12208.21973 0.519105
12209.20996 0.519014
12210.20020 0.518931
12211.19043 0.518883
12212.19043 0.518834
12213.17969 0.518786
12214.16992 0.518735
12215.16016 0.518684
12216.15039 0.518633
12217.13965 0.518581
12218.12988 0.51853
12219.12012 0.518478
12220.11035 0.51842
12221.09961 0.518324
12222.09961 0.518228
12223.08984 0.518132
12224.08008 0.518032
12225.07031 0.517931
12226.05957 0.51783
12227.04980 0.517729
12228.04980 0.517628
12229.04004 0.517509
12230.03027 0.517383
12231.01953 0.517257
12232.00977 0.51713
12233.00977 0.517004
12234.00000 0.5169
12234.99023 0.516808
12235.98047 0.516715
12236.98047 0.516623
12237.96973 0.516531
12238.95996 0.516453
12239.95996 0.516383
12240.95020 0.516314
12241.94043 0.516244
12242.92969 0.516175
12243.92969 0.516108
12244.91992 0.516043
12245.91016 0.515979
12246.91016 0.515914
12247.90039 0.515849
12248.88965 0.515792
12249.88965 0.515743
12250.87988 0.515732
12251.87988 0.515725
12252.87012 0.515718
12253.86035 0.515731
12254.86035 0.515761
12255.84961 0.515791
12256.84961 0.515821
12257.83984 0.515851
12258.83008 0.515884
12259.83008 0.51592
12260.82031 0.515921
12261.82031 0.515914
12262.80957 0.515907
12263.80957 0.515925
12264.79980 0.515974
12265.79980 0.516023
12266.79004 0.516072
12267.79004 0.516121
12268.78027 0.516154
12269.78027 0.516165
12270.76953 0.516176
12271.76953 0.516187
12272.75977 0.516199
12273.75977 0.516224
12274.75977 0.516269
12275.75000 0.516314
12276.75000 0.516359
12277.74023 0.516405
12278.74023 0.516457
12279.74023 0.516521
12280.73047 0.516586
12281.73047 0.51665
12282.71973 0.516714
12283.71973 0.516778
12284.71973 0.516842
12285.70996 0.516906
12286.70996 0.516969
12287.70996 0.517033
12288.70020 0.517107
12289.70020 0.517198
12290.70020 0.51732
12291.69043 0.517455
12292.69043 0.51759
12293.69043 0.51773
12294.69043 0.517881
12295.67969 0.518032
12296.67969 0.518184
12297.67969 0.518335
12298.67969 0.518489
12299.66992 0.518649
12300.66992 0.51878
12301.66992 0.518897
12302.66992 0.519014
12303.66992 0.519134
12304.66016 0.519263
12305.66016 0.519393
12306.66016 0.519523
12307.66016 0.519652
12308.66016 0.519786
12309.66016 0.519928
12310.65039 0.520071
12311.65039 0.520213
12312.65039 0.520356
12313.65039 0.520502
12314.65039 0.520653
12315.65039 0.520806
12316.65039 0.520957
12317.65039 0.521109
12318.65039 0.521261
12319.63965 0.521411
12320.63965 0.521562
12321.63965 0.521713
12322.63965 0.521864
12323.63965 0.522013
12324.63965 0.522161
12325.63965 0.522309
12326.63965 0.522457
12327.63965 0.522604
12328.63965 0.522753
12329.63965 0.522906
12330.63965 0.523087
12331.63965 0.523283
12332.63965 0.52348
12333.63965 0.523676
12334.63965 0.523871
12335.63965 0.524065
12336.65039 0.52426
12337.65039 0.524455
12338.65039 0.524647
12339.65039 0.52483
12340.65039 0.524986
12341.65039 0.525125
12342.65039 0.525265
12343.65039 0.525403
12344.65039 0.525538
12345.66016 0.525674
12346.66016 0.525809
12347.66016 0.525944
12348.66016 0.526077
12349.66016 0.526202
12350.66016 0.526328
12351.66992 0.526454
12352.66992 0.526579
12353.66992 0.526698
12354.66992 0.526802
12355.66992 0.526906
12356.67969 0.52701
12357.67969 0.527113
12358.67969 0.527214
12359.67969 0.527308
12360.69043 0.527401
12361.69043 0.527494
12362.69043 0.527588
12363.70020 0.527676
12364.70020 0.527754
12365.70020 0.527832
12366.70020 0.52791
12367.70996 0.527988
12368.70996 0.528061
12369.70996 0.528122
12370.71973 0.528215
12371.71973 0.528321
12372.71973 0.528427
12373.73047 0.528525
12374.73047 0.528607
12375.74023 0.528689
12376.74023 0.528771
12377.74023 0.528853
12378.75000 0.528935
12379.75000 0.529017
12380.75977 0.529065
12381.75977 0.529102
12382.76953 0.52914
12383.76953 0.529164
12384.76953 0.52917
12385.78027 0.529175
12386.78027 0.52918
12387.79004 0.529185
12388.79004 0.529189
12389.79980 0.52919
12390.79980 0.529192
12391.80957 0.529193
12392.80957 0.529195
12393.82031 0.529192
12394.83008 0.529183
12395.83008 0.529174
12396.83984 0.529165
12397.83984 0.529156
12398.84961 0.529133
12399.84961 0.529092
12400.86035 0.529056
12401.87012 0.529022
12402.87012 0.528988
12403.87988 0.528955
12404.87988 0.528925
12405.88965 0.528895
12406.90039 0.528865
12407.90039 0.528835
12408.91016 0.528799
12409.91992 0.528756
12410.91992 0.528753
12411.92969 0.528755
12412.94043 0.528757
12413.94043 0.528753
12414.95020 0.528746
12415.95996 0.528738
12416.95996 0.528731
12417.96973 0.528723
12418.98047 0.528715
12419.99023 0.528706
12421.00000 0.528652
12422.00000 0.528599
12423.00977 0.528545
12424.01953 0.528487
12425.03027 0.528426
12426.03027 0.528366
12427.04004 0.528305
12428.04980 0.528244
12429.05957 0.528167
12430.07031 0.528083
12431.08008 0.527998
12432.08008 0.527913
12433.08984 0.527828
12434.09961 0.527749
12435.11035 0.527673
12436.12012 0.527596
12437.12988 0.527519
12438.13965 0.527443
12439.13965 0.527389
12440.15039 0.527342
12441.16016 0.527296
12442.16992 0.52725
12443.17969 0.527204
12444.19043 0.527169
12445.20020 0.527137
12446.20996 0.527105
12447.21973 0.527073
12448.23047 0.527042
12449.24023 0.527014
12450.25000 0.526997
12451.25977 0.527014
12452.26953 0.527031
12453.28027 0.527049
12454.29004 0.527086
12455.29980 0.527127
12456.30957 0.527167
12457.32031 0.527207
12458.33008 0.527248
12459.33984 0.527296
12460.34961 0.527329
12461.36035 0.527334
12462.37012 0.527338
12463.38965 0.527342
12464.40039 0.527354
12465.41016 0.527366
12466.41992 0.527379
12467.42969 0.527391
12468.44043 0.527405
12469.45020 0.527454
12470.45996 0.527503
12471.48047 0.527552
12472.49023 0.527601
12473.50000 0.527651
12474.50977 0.527721
12475.51953 0.52779
12476.54004 0.52786
12477.54980 0.527929
12478.55957 0.527996
12479.57031 0.528053
12480.58008 0.52811
12481.59961 0.528167
12482.61035 0.528224
12483.62012 0.528281
12484.62988 0.528335
12485.65039 0.528389
12486.66016 0.528442
12487.66992 0.528496
12488.69043 0.528554
12489.70020 0.528621
12490.70996 0.52872
12491.73047 0.528832
12492.74023 0.528944
12493.75000 0.52906
12494.76953 0.529184
12495.78027 0.529307
12496.79004 0.529431
12497.80957 0.529554
12498.82031 0.52968
12499.83008 0.52981
12500.84961 0.529892
12501.86035 0.529964
12502.87988 0.530037
12503.88965 0.53011
12504.91016 0.530184
12505.91992 0.530258
12506.94043 0.530332
12507.95020 0.530406
12508.95996 0.530476
12509.98047 0.530543
12510.99023 0.53061
12512.00977 0.530677
12513.01953 0.530744
12514.04004 0.530817
12515.04980 0.530894
12516.07031 0.53097
12517.08008 0.531047
12518.09961 0.531124
12519.12012 0.531204
12520.12988 0.531285
12521.15039 0.531367
12522.16016 0.531449
12523.17969 0.53153
12524.19043 0.531597
12525.20996 0.531658
12526.23047 0.53172
12527.24023 0.531781
12528.25977 0.531843
12529.28027 0.5319
12530.29004 0.53197
12531.30957 0.532072
12532.33008 0.532174
12533.33984 0.532276
12534.36035 0.532377
12535.37012 0.532477
12536.38965 0.532578
12537.41016 0.532678
12538.42969 0.532779
12539.44043 0.532851
12540.45996 0.532903
12541.48047 0.532929
12542.50000 0.532956
12543.50977 0.532982
12544.53027 0.532999
12545.54980 0.533016
12546.57031 0.533033
12547.58008 0.53305
12548.59961 0.533066
12549.62012 0.533076
12550.63965 0.533087
12551.66016 0.533097
12552.66992 0.533107
12553.69043 0.53311
12554.70996 0.533088
12555.73047 0.533065
12556.75000 0.533043
12557.76953 0.533021
12558.78027 0.532997
12559.79980 0.53297
12560.82031 0.532979
12561.83984 0.532997
12562.86035 0.533016
12563.87988 0.533024
12564.90039 0.533019
12565.91992 0.533014
12566.94043 0.533009
12567.95996 0.533004
12568.98047 0.53299
12570.00000 0.532968
12571.01953 0.532901
12572.04004 0.532834
12573.05957 0.532767
12574.08008 0.532681
12575.09961 0.532584
12576.12012 0.532488
12577.13965 0.532391
12578.16016 0.532294
12579.17969 0.532192
12580.20020 0.532088
12581.21973 0.531983
12582.24023 0.531879
12583.25977 0.531775
12584.28027 0.531661
12585.29980 0.531545
12586.32031 0.531428
12587.33984 0.531312
12588.36035 0.531196
12589.37988 0.531068
12590.41016 0.530939
12591.42969 0.53081
12592.45020 0.530681
12593.46973 0.530552
12594.49023 0.530406
12595.50977 0.53026
12596.54004 0.530114
12597.55957 0.529968
12598.58008 0.52982
12599.59961 0.529663
12600.62012 0.529533
12601.65039 0.529419
12602.66992 0.529305
12603.69043 0.529191
12604.70996 0.529076
12605.74023 0.528962
12606.75977 0.528848
12607.78027 0.528733
12608.79980 0.528618
12609.83008 0.528502
12610.84961 0.528349
12611.87012 0.528188
12612.90039 0.528026
12613.91992 0.527867
12614.94043 0.527709
12615.95996 0.527552
12616.99023 0.527394
12618.00977 0.527237
12619.04004 0.527071
12620.05957 0.526899
12621.08008 0.526727
12622.11035 0.526555
12623.12988 0.526383
12624.15039 0.526212
12625.17969 0.52604
12626.20020 0.525868
12627.23047 0.525697
12628.25000 0.525525
12629.28027 0.52537
12630.29980 0.52522
12631.33008 0.525069
12632.34961 0.524919
12633.37012 0.524769
12634.40039 0.524633
12635.41992 0.524498
12636.45020 0.524364
12637.46973 0.524229
12638.50000 0.524093
12639.53027 0.523936
12640.54980 0.523802
12641.58008 0.523688
12642.59961 0.523575
12643.62988 0.523467
12644.65039 0.523386
12645.67969 0.523305
12646.70020 0.523224
12647.73047 0.523143
12648.75977 0.523075
12649.78027 0.523041
12650.80957 0.522971
12651.83008 0.522892
12652.86035 0.522813
12653.88965 0.522731
12654.91016 0.522645
12655.94043 0.522559
12656.96973 0.522473
12657.99023 0.522387
12659.01953 0.52232
12660.04980 0.522267
12661.08008 0.522214
12662.09961 0.522162
12663.12988 0.522109
12664.16016 0.522082
12665.17969 0.522068
12666.20996 0.522053
12667.24023 0.522038
12668.26953 0.522024
12669.29004 0.522022
12670.32031 0.522022
12671.34961 0.522023
12672.37988 0.522024
12673.41016 0.522025
12674.42969 0.522075
12675.45996 0.522128
12676.49023 0.522181
12677.51953 0.522234
12678.54980 0.522287
12679.58008 0.522338
12680.59961 0.522415
12681.62988 0.522511
12682.66016 0.522607
12683.69043 0.522703
12684.71973 0.5228
12685.75000 0.522897
12686.78027 0.522994
12687.80957 0.523091
12688.83984 0.523196
12689.87012 0.523317
12690.88965 0.523399
12691.91992 0.523475
12692.95020 0.523551
12693.98047 0.523633
12695.00977 0.523721
12696.04004 0.523808
12697.07031 0.523896
12698.09961 0.523984
12699.12988 0.524069
12700.16016 0.524154
12701.19043 0.524238
12702.21973 0.524322
12703.25000 0.524407
12704.29004 0.524499
12705.32031 0.524594
12706.34961 0.524688
12707.37988 0.524783
12708.41016 0.524877
12709.44043 0.525012
12710.46973 0.52515
12711.50000 0.525288
12712.53027 0.525426
12713.55957 0.525567
12714.58984 0.525737
12715.62988 0.525907
12716.66016 0.526077
12717.69043 0.526248
12718.71973 0.526416
12719.75000 0.526576
12720.78027 0.526771
12721.82031 0.526976
12722.84961 0.527182
12723.87988 0.527393
12724.91016 0.527615
12725.95020 0.527836
12726.98047 0.528057
12728.00977 0.528279
12729.04004 0.528522
12730.08008 0.52878
12731.11035 0.528995
12732.13965 0.529211
12733.16992 0.529427
12734.20996 0.529633
12735.24023 0.529836
12736.26953 0.530039
12737.30957 0.530241
12738.33984 0.530444
12739.37012 0.530636
12740.41016 0.530827
12741.44043 0.531017
12742.46973 0.531208
12743.50977 0.531398
12744.54004 0.531578
12745.57031 0.531759
12746.61035 0.531939
12747.63965 0.532119
12748.67969 0.532295
12749.70996 0.532453
12750.75000 0.532611
12751.78027 0.532769
12752.80957 0.532926
12753.84961 0.533085
12754.87988 0.533245
12755.91992 0.533405
12756.95020 0.533566
12757.99023 0.533725
12759.01953 0.533885
12760.05957 0.534044
12761.08984 0.534204
12762.12988 0.534363
12763.16016 0.534522
12764.20020 0.534651
12765.23047 0.534767
12766.26953 0.534882
12767.29980 0.534997
12768.33984 0.535112
12769.37988 0.535244
12770.41016 0.535397
12771.45020 0.535578
12772.48047 0.535759
12773.51953 0.53594
12774.55957 0.536131
12775.58984 0.536323
12776.62988 0.536514
12777.66992 0.536706
12778.70020 0.53689
12779.74023 0.537046
12780.78027 0.537167
12781.80957 0.537277
12782.84961 0.537386
12783.88965 0.537498
12784.91992 0.537611
12785.95996 0.537725
12787.00000 0.537839
12788.04004 0.537953
12789.07031 0.538069
12790.11035 0.538188
12791.15039 0.538306
12792.19043 0.538424
12793.21973 0.538542
12794.25977 0.538632
12795.29980 0.538712
12796.33984 0.538791
12797.37012 0.538871
12798.41016 0.538951
12799.45020 0.539039
12800.49023 0.539124
12801.53027 0.539204
12802.57031 0.539284
12803.59961 0.539367
12804.63965 0.539486
12805.67969 0.539604
12806.71973 0.539722
12807.75977 0.53984
12808.79980 0.539936
12809.83984 0.539975
12810.87988 0.540053
12811.91992 0.540139
12812.95996 0.540224
12814.00000 0.540302
12815.04004 0.54037
12816.07031 0.540439
12817.11035 0.540507
12818.15039 0.540576
12819.19043 0.54065
12820.23047 0.540718
12821.26953 0.540749
12822.30957 0.54078
12823.34961 0.540812
12824.38965 0.540825
12825.42969 0.540836
12826.46973 0.540846
12827.51953 0.540856
12828.55957 0.540866
12829.59961 0.540857
12830.63965 0.540849
12831.67969 0.54084
12832.71973 0.540831
12833.75977 0.540824
12834.79980 0.540823
12835.83984 0.540822
12836.87988 0.540821
12837.91992 0.54082
12838.96973 0.540814
12840.00977 0.540802
12841.04980 0.540789
12842.08984 0.540777
12843.12988 0.540765
12844.16992 0.540744
12845.21973 0.540719
12846.25977 0.540693
12847.29980 0.540667
12848.33984 0.540642
12849.38965 0.540616
12850.42969 0.540609
12851.46973 0.540629
12852.50977 0.54065
12853.55957 0.54067
12854.59961 0.540672
12855.63965 0.540674
12856.67969 0.540677
12857.73047 0.540679
12858.76953 0.540682
12859.80957 0.540688
12860.86035 0.540655
12861.90039 0.540614
12862.94043 0.540573
12863.99023 0.540531
12865.03027 0.540489
12866.07031 0.540446
12867.12012 0.540404
12868.16016 0.540362
12869.20996 0.540309
12870.25000 0.540252
12871.29004 0.540194
12872.33984 0.540136
12873.37988 0.540078
12874.42969 0.54001
12875.46973 0.53994
12876.50977 0.539871
12877.55957 0.539801
12878.59961 0.539732
12879.65039 0.539665
12880.69043 0.539598
12881.74023 0.539532
12882.78027 0.539465
12883.83008 0.539387
12884.87012 0.539284
12885.91992 0.539181
12886.95996 0.539077
12888.00977 0.538974
12889.05957 0.538877
12890.09961 0.538792
12891.15039 0.538749
12892.19043 0.538706
12893.24023 0.538663
12894.28027 0.538611
12895.33008 0.538556
12896.37988 0.538501
12897.41992 0.538446
12898.46973 0.53839
12899.51953 0.538307
12900.55957 0.538196
12901.61035 0.538064
12902.65039 0.537932
12903.70020 0.537792
12904.75000 0.537618
12905.79004 0.537444
12906.83984 0.53727
12907.88965 0.537095
12908.94043 0.536937
12909.98047 0.536805
12911.03027 0.536673
12912.08008 0.53654
12913.12988 0.536408
12914.16992 0.536252
12915.21973 0.53608
12916.26953 0.535908
12917.32031 0.535736
