threeML/data/optical_filters/HST/WFC3_UVIS1-FQ619N.ecsv
# %ECSV 0.9
# ---
# datatype:
# - {name: wavelength, unit: Angstrom, datatype: float32}
# - {name: response, datatype: float32}
# meta: !!omap
# - {band_name: FQ619N}
# - {group_name: WFC3_UVIS1}
wavelength response
5521.30273 0.0
6134.78076 0.000442
6135.83105 0.000506
6136.88086 0.000585
6137.93115 0.000675
6138.97998 0.000771
6140.03076 0.000905
6141.08203 0.001046
6142.13184 0.001217
6143.18311 0.001439
6144.23389 0.001679
6145.28516 0.001992
6146.33594 0.002355
6147.38818 0.002808
6148.43994 0.003351
6149.49219 0.004029
6150.54395 0.004815
6151.59619 0.005878
6152.64795 0.007132
6153.70117 0.008731
6154.75391 0.010621
6155.80713 0.013208
6156.85986 0.016286
6157.91406 0.020308
6158.96680 0.025139
6160.02100 0.031439
6161.07520 0.039222
6162.12891 0.049168
6163.18311 0.060537
6164.23779 0.074539
6165.29199 0.090568
6166.34717 0.108574
6167.40186 0.126596
6168.45703 0.145014
6169.51318 0.162495
6170.56787 0.178308
6171.62402 0.190695
6172.68018 0.200655
6173.73584 0.208252
6174.79199 0.213563
6175.84912 0.217373
6176.90479 0.219949
6177.96191 0.222199
6179.01904 0.223998
6180.07617 0.225829
6181.13281 0.227691
6182.19092 0.229835
6183.24902 0.231877
6184.30615 0.234266
6185.36377 0.236504
6186.42285 0.238828
6187.48096 0.240911
6188.54004 0.24306
6189.59912 0.244596
6190.65723 0.246148
6191.71582 0.247257
6192.77588 0.248044
6193.83496 0.248425
6194.89502 0.248503
6195.95508 0.248132
6197.01514 0.247651
6198.07520 0.247019
6199.13623 0.246121
6200.19580 0.245247
6201.25684 0.244143
6202.31787 0.243227
6203.37891 0.242134
6204.43994 0.241357
6205.50195 0.240451
6206.56299 0.239612
6207.62500 0.238926
6208.68701 0.238235
6209.75000 0.23778
6210.81201 0.237274
6211.87500 0.236674
6212.93799 0.236003
6214.00000 0.23511
6215.06299 0.233938
6216.12695 0.232326
6217.18994 0.230058
6218.25391 0.227023
6219.31787 0.223027
6220.38184 0.217805
6221.44580 0.210974
6222.51123 0.202743
6223.57520 0.192757
6224.64014 0.18125
6225.70508 0.16843
6226.77002 0.154016
6227.83496 0.138952
6228.90088 0.123434
6229.96680 0.108464
6231.03223 0.094187
6232.09912 0.080657
6233.16504 0.068288
6234.23096 0.057641
6235.29785 0.048406
6236.36523 0.040367
6237.43213 0.033492
6238.49902 0.027788
6239.56592 0.023107
6240.63281 0.019176
6241.70117 0.015947
6242.76904 0.013248
6243.83691 0.011061
6244.90479 0.009234
6245.97412 0.007718
6247.04199 0.006463
6248.11084 0.005482
6249.18018 0.004628
6250.25000 0.00392
6251.31885 0.003318
6252.38818 0.002835
6253.45801 0.002431
6254.52783 0.002086
6255.59814 0.00179
6256.66797 0.001551
6257.73779 0.001346
6258.80908 0.00117
6259.87988 0.001008
6260.95117 0.000884
6262.02197 0.000771
6263.09277 0.000681
6264.16504 0.000584
6265.23682 0.00052
6266.30908 0.000451
6267.38086 0.000406
6894.11914 0.0
