threeML/data/optical_filters/HST/WFC3_IR-F153M.ecsv
# %ECSV 0.9
# ---
# datatype:
# - {name: wavelength, unit: Angstrom, datatype: float32}
# - {name: response, datatype: float32}
# meta: !!omap
# - {band_name: F153M}
# - {group_name: WFC3_IR}
wavelength response
[from data line 2318]
13561.57031 5.7e-05
13562.66992 5.7e-05
13563.76953 5.7e-05
13564.87012 5.7e-05
13565.96973 5.6e-05
13567.08008 5.6e-05
13568.17969 5.6e-05
13569.28027 5.6e-05
13570.37988 5.6e-05
13571.48047 5.6e-05
13572.58008 5.6e-05
13573.67969 5.6e-05
13574.78027 5.6e-05
13575.87988 5.6e-05
13576.98047 5.6e-05
13578.08008 5.6e-05
13579.19043 5.6e-05
13580.29004 5.6e-05
13581.38965 5.6e-05
13582.49023 5.6e-05
13583.58984 5.6e-05
13584.70020 5.6e-05
13585.79980 5.6e-05
13586.90039 5.6e-05
13588.00000 5.6e-05
13589.09961 5.6e-05
13590.20996 5.6e-05
13591.30957 5.6e-05
13592.41016 5.6e-05
13593.50977 5.6e-05
13594.62012 5.6e-05
13595.71973 5.6e-05
13596.82031 5.6e-05
13597.91992 5.6e-05
13599.03027 5.6e-05
13600.12988 5.6e-05
13601.23047 5.6e-05
13602.33984 5.6e-05
13603.44043 5.6e-05
13604.54004 6.1e-05
13605.65039 6.7e-05
13606.75000 7.3e-05
13607.86035 8e-05
13608.95996 8.6e-05
13610.05957 9.2e-05
13611.16992 9.8e-05
13612.26953 0.000104
13613.37988 0.00011
13614.48047 0.000117
13615.58984 0.000123
13616.69043 0.000129
13617.79004 0.000135
13618.90039 0.000141
13620.00000 0.000147
13621.11035 0.000154
13622.20996 0.00016
13623.32031 0.000166
13624.41992 0.000172
13625.53027 0.000178
13626.62988 0.000184
13627.74023 0.000191
13628.84961 0.000197
13629.95020 0.000203
13631.05957 0.000209
13632.16016 0.000215
13633.26953 0.000221
13634.37988 0.000227
13635.48047 0.000233
13636.58984 0.00024
13637.69043 0.000246
13638.79980 0.000252
13639.91016 0.000258
13641.00977 0.000264
13642.12012 0.00027
13643.23047 0.000276
13644.33008 0.000282
13645.44043 0.000288
13646.54980 0.000294
13647.65039 0.000301
13648.75977 0.000307
13649.87012 0.000313
13650.96973 0.000319
13652.08008 0.000325
13653.19043 0.000331
13654.29980 0.000331
13655.41016 0.000325
13656.50977 0.000318
13657.62012 0.000312
13658.73047 0.000306
13659.83984 0.0003
13660.94043 0.000293
13662.04980 0.000287
13663.16016 0.000281
13664.26953 0.000275
13665.37988 0.000269
13666.49023 0.000262
13667.59961 0.000256
13668.70020 0.00025
13669.80957 0.000244
13670.91992 0.000237
13672.03027 0.000231
13673.13965 0.000225
13674.25000 0.000219
13675.36035 0.000213
13676.46973 0.000206
13677.58008 0.0002
13678.69043 0.000194
13679.79980 0.000188
13680.91016 0.000182
13682.01953 0.000175
13683.12988 0.000169
13684.24023 0.000163
13685.34961 0.000157
13686.45996 0.000151
13687.57031 0.000145
13688.67969 0.000138
13689.79004 0.000132
13690.90039 0.000126
13692.00977 0.00012
13693.12012 0.000114
13694.23047 0.000108
13695.33984 0.000101
13696.45020 9.5e-05
13697.55957 8.9e-05
13698.66992 8.3e-05
13699.79004 7.7e-05
13700.90039 7.1e-05
13702.00977 6.5e-05
13703.12012 5.8e-05
13704.23047 5.5e-05
13705.33984 5.5e-05
13706.45996 5.6e-05
13707.57031 5.6e-05
13708.67969 5.6e-05
13709.79004 5.7e-05
13710.90039 5.7e-05
13712.01953 5.7e-05
13713.12988 5.7e-05
13714.24023 5.8e-05
13715.34961 5.8e-05
13716.46973 5.8e-05
13717.58008 5.9e-05
13718.69043 5.9e-05
13719.79980 5.9e-05
13720.91992 6e-05
13722.03027 6e-05
13723.13965 6e-05
13724.25977 6e-05
13725.37012 6.1e-05
13726.48047 6.1e-05
13727.59961 6.1e-05
13728.70996 6.2e-05
13729.82031 6.2e-05
13730.94043 6.2e-05
13732.04980 6.2e-05
13733.16992 6.3e-05
13734.28027 6.3e-05
13735.38965 6.3e-05
13736.50977 6.4e-05
13737.62012 6.4e-05
13738.74023 6.4e-05
13739.84961 6.4e-05
13740.96973 6.5e-05
13742.08008 6.5e-05
13743.20020 6.5e-05
13744.30957 6.6e-05
13745.42969 6.6e-05
13746.54004 6.6e-05
13747.66016 6.6e-05
13748.76953 6.7e-05
13749.88965 6.7e-05
13751.00000 6.7e-05
13752.12012 6.8e-05
13753.23047 6.8e-05
13754.34961 6.8e-05
13755.45996 6.8e-05
13756.58008 6.9e-05
13757.70020 6.9e-05
13758.80957 6.9e-05
13759.92969 7e-05
13761.04004 7e-05
13762.16016 7e-05
13763.28027 7e-05
13764.38965 7.1e-05
13765.50977 7.1e-05
13766.62988 7.1e-05
13767.74023 7.2e-05
13768.86035 7.2e-05
13769.98047 7.2e-05
13771.08984 7.2e-05
13772.20996 7.3e-05
13773.33008 7.3e-05
13774.45020 7.3e-05
13775.55957 7.4e-05
13776.67969 7.4e-05
13777.79980 7.4e-05
13778.91992 7.4e-05
13780.03027 7.5e-05
13781.15039 7.5e-05
13782.26953 7.5e-05
13783.38965 7.5e-05
13784.50977 7.6e-05
13785.62012 7.6e-05
13786.74023 7.6e-05
13787.86035 7.7e-05
13788.98047 7.7e-05
13790.09961 7.7e-05
13791.21973 7.7e-05
13792.33984 7.8e-05
13793.45996 7.8e-05
13794.57031 7.8e-05
13795.69043 7.9e-05
13796.80957 7.9e-05
13797.92969 7.9e-05
13799.04980 7.9e-05
13800.16992 8e-05
13801.29004 8e-05
13802.41016 8e-05
13803.53027 8.1e-05
13804.65039 8.1e-05
13805.76953 8.1e-05
13806.88965 8.1e-05
13808.00977 8.2e-05
13809.12988 8.2e-05
13810.25000 8.2e-05
13811.37012 8.3e-05
13812.49023 8.3e-05
13813.61035 8.3e-05
13814.73047 8.3e-05
13815.84961 8.4e-05
13816.96973 8.4e-05
13818.08984 8.4e-05
13819.20996 8.4e-05
13820.33008 8.5e-05
13821.45996 8.5e-05
13822.58008 8.5e-05
13823.70020 8.6e-05
13824.82031 8.6e-05
13825.94043 8.6e-05
13827.05957 8.6e-05
13828.17969 8.7e-05
13829.30957 8.7e-05
13830.42969 8.7e-05
13831.54980 8.8e-05
13832.66992 8.8e-05
13833.79004 8.8e-05
13834.91992 8.9e-05
13836.04004 8.9e-05
13837.16016 8.9e-05
13838.28027 9e-05
13839.41016 9e-05
13840.53027 9e-05
13841.65039 9.1e-05
13842.78027 9.1e-05
13843.90039 9.1e-05
13845.01953 9.1e-05
13846.13965 9.2e-05
13847.26953 9.2e-05
13848.38965 9.2e-05
13849.50977 9.3e-05
13850.63965 9.3e-05
13851.75977 9.3e-05
13852.87988 9.4e-05
13854.00977 9.4e-05
13855.12988 9.4e-05
13856.25977 9.5e-05
13857.37988 9.5e-05
13858.50000 9.5e-05
13859.62988 9.6e-05
13860.75000 9.6e-05
13861.87988 9.6e-05
13863.00000 9.7e-05
13864.12988 9.7e-05
13865.25000 9.7e-05
13866.37988 9.8e-05
13867.50000 9.8e-05
13868.62988 9.8e-05
13869.75000 9.9e-05
13870.87988 9.9e-05
13872.00000 9.9e-05
13873.12988 0.0001
13874.25000 0.0001
13875.37988 0.0001
13876.50000 0.000101
13877.62988 0.000101
13878.75000 0.000101
13879.87988 0.000102
13881.00977 0.000102
13882.12988 0.000102
13883.25977 0.000103
13884.38965 0.000103
13885.50977 0.000103
13886.63965 0.000104
13887.75977 0.000104
13888.88965 0.000104
13890.01953 0.000105
13891.13965 0.000105
13892.26953 0.000105
13893.40039 0.000106
13894.53027 0.000106
13895.65039 0.000106
13896.78027 0.000107
13897.91016 0.000107
13899.04004 0.000107
13900.16016 0.000108
13901.29004 0.000108
13902.41992 0.000108
13903.54980 0.000109
13904.66992 0.000109
13905.79980 0.000109
13906.92969 0.000109
13908.05957 0.000109
13909.19043 0.000109
13910.30957 0.000109
13911.44043 0.000109
13912.57031 0.000109
13913.70020 0.000109
13914.83008 0.000109
13915.95996 0.000109
13917.08984 0.000109
13918.21973 0.000109
13919.33984 0.000109
13920.46973 0.000109
13921.59961 0.000109
13922.73047 0.000109
13923.86035 0.000109
13924.99023 0.000109
13926.12012 0.000109
13927.25000 0.000109
13928.37988 0.000109
13929.50977 0.000109
13930.63965 0.000109
13931.76953 0.000109
13932.90039 0.000109
13934.03027 0.000109
13935.16016 0.000109
13936.29004 0.000109
13937.41992 0.000109
13938.54980 0.000109
13939.67969 0.000109
13940.80957 0.000109
13941.95020 0.000109
13943.08008 0.000109
13944.20996 0.000109
13945.33984 0.000109
13946.46973 0.00011
13947.59961 0.00011
13948.73047 0.00011
13949.86035 0.00011
13951.00000 0.00011
13952.12988 0.00011
13953.25977 0.00011
13954.38965 0.00011
13955.51953 0.000112
13956.66016 0.000113
13957.79004 0.000114
13958.91992 0.000115
13960.04980 0.000117
13961.17969 0.000118
13962.32031 0.000119
13963.45020 0.00012
13964.58008 0.000122
13965.71973 0.000123
13966.84961 0.000124
13967.98047 0.000126
13969.12012 0.000127
13970.25000 0.000128
13971.37988 0.000129
13972.50977 0.000131
13973.65039 0.000132
13974.78027 0.000133
13975.91992 0.000135
13977.04980 0.000136
13978.17969 0.000137
13979.32031 0.000138
13980.45020 0.00014
13981.58008 0.000141
13982.71973 0.000142
13983.84961 0.000143
13984.99023 0.000145
13986.12012 0.000146
13987.25977 0.000147
13988.38965 0.000149
13989.53027 0.00015
13990.66016 0.000151
13991.79980 0.000153
13992.92969 0.000154
13994.07031 0.000155
13995.20020 0.000156
13996.33984 0.000158
13997.46973 0.000159
13998.61035 0.00016
13999.74023 0.000162
14000.87988 0.000163
14002.01953 0.000164
14003.15039 0.000165
14004.29004 0.000166
14005.41992 0.000164
14006.55957 0.000163
14007.70020 0.000162
14008.83008 0.000161
14009.96973 0.000159
14011.09961 0.000158
14012.24023 0.000157
14013.37988 0.000156
14014.50977 0.000154
14015.65039 0.000153
14016.79004 0.000152
14017.92969 0.000151
14019.05957 0.00015
14020.20020 0.000148
14021.33984 0.000147
14022.48047 0.000146
14023.61035 0.000145
14024.75000 0.000143
14025.88965 0.000142
14027.03027 0.000141
14028.16016 0.00014
14029.29980 0.000138
14030.44043 0.000137
14031.58008 0.000136
14032.71973 0.000135
14033.84961 0.000133
14034.99023 0.000132
14036.12988 0.000131
14037.26953 0.00013
14038.41016 0.000128
14039.54980 0.000127
14040.69043 0.000126
14041.83008 0.000125
14042.95996 0.000123
14044.09961 0.000122
14045.24023 0.000121
14046.37988 0.00012
14047.51953 0.000118
14048.66016 0.000117
14049.79980 0.000116
14050.94043 0.000115
14052.08008 0.000113
14053.21973 0.000112
14054.36035 0.000111
14055.50000 0.000111
14056.63965 0.000111
14057.78027 0.000111
14058.91992 0.000111
14060.05957 0.000111
14061.20020 0.000111
14062.33984 0.000111
14063.48047 0.000111
14064.62988 0.000111
14065.76953 0.000111
14066.91016 0.000111
14068.04980 0.000111
14069.19043 0.000111
14070.33008 0.000111
14071.46973 0.000112
14072.61035 0.000112
14073.75977 0.000112
14074.90039 0.000112
14076.04004 0.000112
14077.17969 0.000112
14078.32031 0.000112
14079.45996 0.000112
14080.61035 0.000112
14081.75000 0.000112
14082.88965 0.000112
14084.03027 0.000112
14085.17969 0.000112
14086.32031 0.000112
14087.45996 0.000112
14088.61035 0.000112
14089.75000 0.000112
14090.88965 0.000112
14092.03027 0.000112
14093.17969 0.000112
14094.32031 0.000112
14095.45996 0.000112
14096.61035 0.000112
14097.75000 0.000112
14098.88965 0.000112
14100.04004 0.000112
14101.17969 0.000112
14102.33008 0.000112
14103.46973 0.000112
14104.61035 0.000111
14105.75977 0.00011
14106.90039 0.000109
14108.04980 0.000107
14109.19043 0.000106
14110.33984 0.000105
14111.48047 0.000103
14112.62988 0.000102
14113.76953 0.000101
14114.91992 0.0001
14116.05957 9.8e-05
14117.20996 9.7e-05
14118.34961 9.6e-05
14119.50000 9.5e-05
14120.63965 9.3e-05
14121.79004 9.2e-05
14122.92969 9.1e-05
14124.08008 8.9e-05
14125.21973 8.8e-05
14126.37012 8.7e-05
14127.51953 8.6e-05
14128.66016 8.4e-05
14129.80957 8.3e-05
14130.95020 8.2e-05
14132.09961 8.1e-05
14133.25000 7.9e-05
14134.38965 7.8e-05
14135.54004 7.7e-05
14136.69043 7.5e-05
14137.83008 7.4e-05
14138.98047 7.3e-05
14140.12988 7.2e-05
14141.26953 7e-05
14142.41992 6.9e-05
14143.57031 6.8e-05
14144.71973 6.6e-05
14145.86035 6.5e-05
14147.00977 6.4e-05
14148.16016 6.3e-05
14149.30957 6.1e-05
14150.45996 6e-05
14151.59961 5.9e-05
14152.75000 5.7e-05
14153.90039 5.6e-05
14155.04980 5.9e-05
14156.20020 6.1e-05
14157.33984 6.4e-05
14158.49023 6.7e-05
14159.63965 6.9e-05
14160.79004 7.2e-05
14161.94043 7.4e-05
14163.08984 7.7e-05
14164.24023 8e-05
14165.37988 8.2e-05
14166.53027 8.5e-05
14167.67969 8.7e-05
14168.83008 9e-05
14169.98047 9.3e-05
14171.12988 9.5e-05
14172.28027 9.8e-05
14173.42969 0.0001
14174.58008 0.000103
14175.73047 0.000106
14176.87988 0.000108
14178.03027 0.000111
14179.17969 0.000113
14180.33008 0.000116
14181.48047 0.000119
14182.62988 0.000121
14183.78027 0.000124
14184.92969 0.000126
14186.08008 0.000129
14187.23047 0.000132
14188.38965 0.000134
14189.54004 0.000137
14190.69043 0.000139
14191.83984 0.000142
14192.99023 0.000145
14194.13965 0.000147
14195.29004 0.00015
14196.44043 0.000152
14197.59961 0.000155
14198.75000 0.000158
14199.90039 0.00016
14201.04980 0.000163
14202.20020 0.000166
14203.36035 0.000168
14204.50977 0.000169
14205.66016 0.000167
14206.80957 0.000166
14207.95996 0.000165
14209.12012 0.000163
14210.26953 0.000162
14211.41992 0.000161
14212.58008 0.000159
14213.73047 0.000158
14214.87988 0.000157
14216.04004 0.000156
14217.19043 0.000154
14218.33984 0.000153
14219.50000 0.000152
14220.65039 0.00015
14221.79980 0.000149
14222.95996 0.000148
14224.11035 0.000146
14225.25977 0.000145
14226.41992 0.000144
14227.57031 0.000143
14228.73047 0.000141
14229.87988 0.00014
14231.03027 0.000139
14232.19043 0.000137
14233.33984 0.000136
14234.50000 0.000135
14235.65039 0.000133
14236.80957 0.000132
14237.95996 0.000131
14239.12012 0.00013
14240.26953 0.000128
14241.42969 0.000127
14242.58008 0.000126
14243.74023 0.000124
14244.88965 0.000123
14246.04980 0.000122
14247.20996 0.00012
14248.36035 0.000119
14249.51953 0.000118
14250.66992 0.000117
14251.83008 0.000115
14252.99023 0.000114
14254.13965 0.000113
14255.29980 0.000115
14256.45020 0.000116
14257.61035 0.000117
14258.76953 0.000118
14259.91992 0.00012
14261.08008 0.000121
14262.24023 0.000122
14263.38965 0.000124
14264.54980 0.000125
14265.70996 0.000126
14266.87012 0.000128
14268.01953 0.000129
14269.17969 0.00013
14270.33984 0.000132
14271.50000 0.000133
14272.65039 0.000134
14273.80957 0.000135
14274.96973 0.000137
14276.12988 0.000138
14277.29004 0.000139
14278.44043 0.000141
14279.59961 0.000142
14280.75977 0.000143
14281.91992 0.000145
14283.08008 0.000146
14284.24023 0.000147
14285.40039 0.000149
14286.54980 0.00015
14287.70996 0.000151
14288.87012 0.000152
14290.03027 0.000154
14291.19043 0.000155
14292.34961 0.000156
14293.50977 0.000158
14294.66992 0.000159
14295.83008 0.00016
14296.99023 0.000162
14298.15039 0.000163
14299.30957 0.000164
14300.46973 0.000166
14301.62988 0.000167
14302.79004 0.000168
14303.95020 0.000169
14305.11035 0.000168
14306.26953 0.000167
14307.42969 0.000165
14308.58984 0.000164
14309.75000 0.000163
14310.91016 0.000162
14312.07031 0.00016
14313.23047 0.000159
14314.40039 0.000158
14315.55957 0.000156
14316.71973 0.000155
14317.87988 0.000154
14319.04004 0.000152
14320.20020 0.000151
14321.36035 0.00015
14322.53027 0.000148
14323.69043 0.000147
14324.84961 0.000146
14326.00977 0.000145
14327.16992 0.000143
14328.33984 0.000142
14329.50000 0.000141
14330.66016 0.000139
14331.82031 0.000138
14332.99023 0.000137
14334.15039 0.000135
14335.30957 0.000134
14336.46973 0.000133
14337.63965 0.000131
14338.79980 0.00013
14339.95996 0.000129
14341.12988 0.000127
14342.29004 0.000126
14343.45020 0.000125
14344.62012 0.000124
14345.78027 0.000122
14346.95020 0.000121
14348.11035 0.00012
14349.26953 0.000118
14350.44043 0.000117
14351.59961 0.000116
14352.76953 0.000114
14353.92969 0.000113
14355.08984 0.000114
14356.25977 0.000116
14357.41992 0.000117
14358.58984 0.000118
14359.75000 0.00012
14360.91992 0.000121
14362.08008 0.000122
14363.25000 0.000124
14364.41016 0.000125
14365.58008 0.000126
14366.74023 0.000128
14367.91016 0.000129
14369.07031 0.00013
14370.24023 0.000131
14371.41016 0.000133
14372.57031 0.000134
14373.74023 0.000135
14374.90039 0.000137
14376.07031 0.000138
14377.24023 0.000139
14378.40039 0.000141
14379.57031 0.000142
14380.74023 0.000143
14381.90039 0.000145
14383.07031 0.000146
14384.24023 0.000147
14385.40039 0.000149
14386.57031 0.00015
14387.74023 0.000151
14388.90039 0.000153
14390.07031 0.000154
14391.24023 0.000155
14392.41016 0.000157
14393.57031 0.000158
14394.74023 0.000159
14395.91016 0.00016
14397.08008 0.000162
14398.24023 0.000163
14399.41016 0.000164
14400.58008 0.000166
14401.75000 0.000167
14402.91992 0.000168
14404.08008 0.00017
14405.25000 0.000171
14406.41992 0.000172
14407.58984 0.000174
14408.75977 0.000175
14409.92969 0.000176
14411.09961 0.000178
14412.26953 0.000179
14413.44043 0.00018
14414.61035 0.000181
14415.76953 0.000183
14416.94043 0.000184
14418.11035 0.000185
14419.28027 0.000187
14420.45020 0.000188
14421.62012 0.000189
14422.79004 0.000191
14423.95996 0.000192
14425.12988 0.000193
14426.29980 0.000195
14427.46973 0.000196
14428.63965 0.000197
14429.80957 0.000199
14430.98047 0.0002
14432.16016 0.000201
14433.33008 0.000203
14434.50000 0.000204
14435.66992 0.000205
14436.83984 0.000207
14438.00977 0.000208
14439.17969 0.000209
14440.34961 0.00021
14441.51953 0.000212
14442.70020 0.000213
14443.87012 0.000214
