threeML/data/optical_filters/HST/WFC3_UVIS1-F218W.ecsv
# %ECSV 0.9
# ---
# datatype:
# - {name: wavelength, unit: Angstrom, datatype: float32}
# - {name: response, datatype: float32}
# meta: !!omap
# - {band_name: F218W}
# - {group_name: WFC3_UVIS1}
wavelength response
1790.71021 0.0
1989.67798 0.001707
1990.01794 0.011931
1990.35706 0.011991
1990.69702 0.01205
1991.03601 0.012103
1991.37598 0.012155
1991.71497 0.012208
1992.05505 0.012261
1992.39502 0.012314
1992.73401 0.012367
1993.07397 0.01242
1993.41394 0.012473
1993.75403 0.012527
1994.09399 0.01258
1994.43396 0.012634
1994.77502 0.012688
1995.11499 0.012741
1995.45496 0.012795
1995.79504 0.012849
1996.13599 0.012904
1996.47595 0.012958
1996.81702 0.013012
1997.15698 0.013067
1997.49805 0.013121
1997.83899 0.013176
1998.17896 0.013231
1998.52002 0.013286
1998.86096 0.013341
1999.20203 0.013396
1999.54297 0.013451
1999.88403 0.013506
2000.22498 0.013555
2000.56604 0.013601
2000.90698 0.013645
2001.24805 0.013688
2001.58997 0.013731
2001.93103 0.013775
2002.27197 0.013818
2002.61401 0.013861
2002.95496 0.013905
2003.29700 0.013948
2003.63904 0.013991
2003.97998 0.014035
2004.32202 0.014078
2004.66394 0.014122
2005.00598 0.014166
2005.34802 0.014209
2005.68994 0.014253
2006.03198 0.014297
2006.37402 0.014341
2006.71594 0.014384
2007.05798 0.014428
2007.40100 0.014472
2007.74304 0.014516
2008.08606 0.01456
2008.42798 0.014604
2008.77100 0.014648
2009.11304 0.014692
2009.45605 0.014736
2009.79797 0.01478
2010.14099 0.014824
2010.48401 0.014869
2010.82703 0.014913
2011.17004 0.014958
2011.51294 0.015002
2011.85596 0.015047
2012.19897 0.015091
2012.54199 0.015136
2012.88501 0.01518
2013.22900 0.015225
2013.57202 0.01527
2013.91602 0.015315
2014.25903 0.015359
2014.60303 0.015404
2014.94604 0.015449
2015.29004 0.015494
2015.63403 0.015539
2015.97705 0.015584
2016.32104 0.015629
2016.66504 0.015674
2017.00903 0.015719
2017.35303 0.015764
2017.69702 0.01581
2018.04102 0.015855
2018.38501 0.0159
2018.72900 0.015946
2019.07397 0.015991
2019.41797 0.016036
2019.76196 0.016082
2020.10706 0.016127
2020.45203 0.016172
2020.79602 0.016219
2021.14099 0.016268
2021.48499 0.016317
2021.82996 0.016366
2022.17505 0.016415
2022.52002 0.016464
2022.86499 0.016513
2023.20996 0.016562
2023.55505 0.016611
2023.90002 0.016661
2024.24500 0.01671
2024.58997 0.016759
2024.93604 0.016809
2025.28101 0.016858
2025.62598 0.016908
2025.97205 0.016957
2026.31702 0.017007
2026.66296 0.017056
2027.00903 0.017106
2027.35400 0.017156
2027.69995 0.017206
2028.04602 0.017255
2028.39197 0.017305
2028.73804 0.017355
2029.08398 0.017405
2029.43005 0.017455
2029.77600 0.017505
2030.12195 0.017555
2030.46802 0.017606
2030.81494 0.017657
2031.16101 0.017711
2031.50696 0.017764
2031.85400 0.017817
2032.19995 0.01787
2032.54700 0.017924
2032.89404 0.017977
2033.23999 0.018031
2033.58704 0.018084
2033.93396 0.018138
2034.28101 0.018191
2034.62805 0.018245
2034.97498 0.018299
2035.32202 0.018352
2035.66895 0.018406
2036.01599 0.01846
2036.36304 0.018514
2036.71106 0.018568
2037.05798 0.018622
2037.40503 0.018676
2037.75305 0.01873
2038.09998 0.018784
2038.44800 0.018838
2038.79602 0.018892
2039.14294 0.018947
2039.49097 0.019001
2039.83899 0.019055
2040.18701 0.01911
2040.53503 0.019164
2040.88306 0.01922
2041.23096 0.019278
2041.57898 0.019336
2041.92700 0.019393
2042.27502 0.019451
2042.62402 0.019509
2042.97205 0.019567
2043.31995 0.019624
2043.66895 0.019682
2044.01697 0.01974
2044.36597 0.019798
2044.71497 0.019856
2045.06299 0.019915
2045.41199 0.019973
2045.76099 0.020031
2046.10999 0.020089
2046.45898 0.020148
2046.80798 0.020206
2047.15698 0.020264
2047.50598 0.020323
2047.85498 0.020381
2048.20508 0.02044
2048.55396 0.020499
2048.90308 0.020557
2049.25293 0.020616
2049.60205 0.020675
2049.95190 0.020733
2050.30200 0.020794
2050.65088 0.020854
2051.00098 0.020915
2051.35107 0.020977
2051.69995 0.021038
2052.05103 0.0211
2052.39990 0.021161
2052.75000 0.021223
2053.10107 0.021285
2053.45093 0.021346
2053.80103 0.021408
2054.15088 0.02147
2054.50098 0.021532
2054.85205 0.021594
2055.20190 0.021656
2055.55298 0.021718
2055.90308 0.02178
2056.25391 0.021842
2056.60498 0.021905
2056.95605 0.021967
2057.30591 0.022029
2057.65698 0.022092
2058.00806 0.022154
2058.35889 0.022217
2058.70996 0.02228
2059.06104 0.022342
2059.41211 0.022405
2059.76392 0.022468
2060.11499 0.022531
2060.46606 0.022594
2060.81812 0.022655
2061.16895 0.022716
2061.52100 0.022776
2061.87207 0.022836
2062.22412 0.022897
2062.57593 0.022957
2062.92700 0.023018
2063.27905 0.023078
2063.63110 0.023139
2063.98291 0.0232
2064.33496 0.02326
2064.68701 0.023321
2065.03906 0.023382
2065.39111 0.023443
2065.74390 0.023504
2066.09595 0.023565
2066.44800 0.023626
2066.80103 0.023687
2067.15308 0.023749
2067.50610 0.02381
2067.85791 0.023871
2068.21094 0.023933
2068.56396 0.023994
2068.91699 0.024056
2069.27002 0.024117
2069.62207 0.024179
2069.97510 0.024241
2070.32788 0.024301
2070.68091 0.024362
2071.03491 0.02442
2071.38794 0.024478
2071.74097 0.024536
2072.09399 0.024594
2072.44800 0.024652
2072.80103 0.02471
2073.15503 0.024768
2073.50806 0.024826
2073.86206 0.024884
2074.21606 0.024942
2074.56909 0.025001
2074.92310 0.025059
2075.27710 0.025117
2075.63110 0.025176
2075.98511 0.025234
2076.33911 0.025293
2076.69312 0.025351
2077.04712 0.02541
2077.40210 0.025469
2077.75610 0.025528
2078.11011 0.025586
2078.46509 0.025645
2078.81909 0.025704
2079.17407 0.025763
2079.52808 0.025822
2079.88306 0.025881
2080.23804 0.025941
2080.59302 0.026001
2080.94702 0.026054
2081.30200 0.026106
2081.65698 0.026158
2082.01196 0.02621
2082.36694 0.026262
2082.72192 0.026314
2083.07788 0.026366
2083.43311 0.026418
2083.78809 0.026471
2084.14404 0.026523
2084.49902 0.026575
2084.85400 0.026627
2085.20996 0.02668
2085.56592 0.026732
2085.92090 0.026785
2086.27710 0.026837
2086.63306 0.02689
2086.98901 0.026942
2087.34497 0.026995
2087.70093 0.027048
2088.05688 0.027101
2088.41309 0.027153
2088.76904 0.027206
2089.12500 0.027259
2089.48193 0.027312
2089.83789 0.027365
2090.19409 0.027418
2090.55103 0.027471
2090.90698 0.02752
2091.26392 0.027568
2091.62109 0.027616
2091.97705 0.027664
2092.33398 0.027711
2092.69092 0.027759
2093.04810 0.027807
2093.40503 0.027855
2093.76196 0.027903
2094.11890 0.027951
2094.47607 0.027999
2094.83301 0.028047
2095.19092 0.028095
2095.54810 0.028143
2095.90503 0.028191
2096.26294 0.02824
2096.62012 0.028288
2096.97803 0.028336
2097.33496 0.028385
2097.69312 0.028433
2098.05103 0.028481
2098.40894 0.02853
2098.76709 0.028578
2099.12500 0.028627
2099.48291 0.028676
2099.84106 0.028724
2100.19897 0.028785
2100.55688 0.028856
2100.91504 0.028922
2101.27295 0.028985
2101.63208 0.029049
2101.98999 0.029112
2102.34912 0.029176
2102.70703 0.02924
2103.06592 0.029304
2103.42505 0.029368
2103.78296 0.029432
2104.14209 0.029496
2104.50098 0.029561
2104.86011 0.029625
2105.21899 0.02969
2105.57788 0.029754
2105.93701 0.029819
2106.29590 0.029884
2106.65601 0.029949
2107.01489 0.030014
2107.37402 0.03008
2107.73291 0.030145
2108.09302 0.030211
2108.45190 0.030276
2108.81201 0.030342
2109.17212 0.030408
2109.53101 0.030474
2109.89111 0.03054
2110.25098 0.030606
2110.61108 0.030672
2110.97095 0.030732
2111.33105 0.030791
2111.69092 0.030851
2112.05103 0.03091
2112.41089 0.03097
2112.77100 0.03103
2113.13208 0.031089
2113.49194 0.031149
2113.85303 0.031209
2114.21289 0.031269
2114.57397 0.03133
2114.93506 0.03139
2115.29492 0.03145
2115.65601 0.031511
2116.01709 0.031571
2116.37793 0.031632
2116.73901 0.031693
2117.10010 0.031754
2117.46094 0.031815
2117.82202 0.031876
2118.18311 0.031937
2118.54395 0.031998
2118.90601 0.032059
2119.26709 0.032121
2119.62793 0.032182
2119.98999 0.032244
2120.35107 0.032304
2120.71289 0.032364
2121.07495 0.032418
2121.43701 0.032472
2121.79810 0.032527
2122.15991 0.032581
2122.52197 0.032635
2122.88403 0.03269
2123.24609 0.032745
2123.60791 0.032799
2123.96997 0.032854
2124.33301 0.032909
2124.69507 0.032964
2125.05688 0.033019
2125.41992 0.033074
2125.78198 0.033129
2126.14502 0.033184
2126.50708 0.033239
2126.87012 0.033295
2127.23291 0.03335
2127.59497 0.033406
2127.95801 0.033461
2128.32104 0.033517
2128.68408 0.033573
2129.04712 0.033629
2129.40991 0.033684
2129.77393 0.03374
2130.13696 0.033797
2130.50000 0.033854
2130.86401 0.033908
2131.22705 0.033959
2131.59009 0.034009
2131.95410 0.03406
2132.31689 0.034111
2132.68091 0.034162
2133.04492 0.034213
2133.40894 0.034265
2133.77197 0.034316
2134.13599 0.034367
2134.50000 0.034419
2134.86499 0.03447
2135.22900 0.034521
2135.59302 0.034573
2135.95703 0.034625
2136.32104 0.034676
2136.68604 0.034728
2137.05005 0.03478
2137.41406 0.034832
2137.77905 0.034884
2138.14404 0.034936
2138.50806 0.034988
2138.87305 0.03504
2139.23804 0.035092
2139.60303 0.035145
2139.96802 0.035197
2140.33203 0.035249
2140.69800 0.035301
2141.06201 0.035349
2141.42798 0.035396
2141.79297 0.035443
2142.15796 0.035491
2142.52295 0.035538
2142.88892 0.035586
2143.25391 0.035633
2143.62012 0.035681
2143.98608 0.035728
2144.35107 0.035776
2144.71704 0.035824
2145.08301 0.035872
2145.44800 0.03592
2145.81396 0.035968
2146.17993 0.036016
2146.54590 0.036064
2146.91211 0.036112
2147.27905 0.03616
2147.64502 0.036208
2148.01099 0.036256
2148.37695 0.036305
2148.74390 0.036353
2149.11011 0.036402
2149.47705 0.03645
2149.84399 0.036499
2150.20996 0.036547
2150.57690 0.036595
2150.94409 0.03664
2151.31006 0.036684
2151.67700 0.036727
2152.04395 0.036771
2152.41089 0.036815
2152.77808 0.036858
2153.14600 0.036902
2153.51294 0.036946
2153.87988 0.03699
2154.24707 0.037034
2154.61499 0.037078
2154.98193 0.037122
2155.35010 0.037166
2155.71704 0.03721
2156.08496 0.037254
2156.45288 0.037298
2156.82104 0.037342
2157.18799 0.037386
2157.55591 0.037431
2157.92407 0.037475
2158.29199 0.037519
2158.65991 0.037564
2159.02808 0.037608
2159.39697 0.037653
2159.76489 0.037697
2160.13306 0.037741
2160.50195 0.037784
2160.87012 0.037823
2161.23901 0.037859
2161.60693 0.037894
2161.97607 0.037929
2162.34497 0.037965
2162.71289 0.038
2163.08203 0.038035
2163.45093 0.038071
2163.82007 0.038106
2164.18896 0.038142
2164.55811 0.038177
2164.92700 0.038213
2165.29712 0.038248
2165.66602 0.038284
2166.03491 0.038319
2166.40503 0.038355
2166.77393 0.038391
2167.14404 0.038426
2167.51294 0.038462
2167.88306 0.038498
2168.25293 0.038533
2168.62305 0.038569
2168.99194 0.038605
2169.36206 0.038641
2169.73193 0.038676
2170.10205 0.038713
2170.47192 0.038749
2170.84302 0.038785
2171.21289 0.038818
2171.58301 0.038851
2171.95288 0.038884
2172.32397 0.038917
2172.69409 0.03895
2173.06494 0.038983
2173.43604 0.039017
2173.80591 0.03905
2174.17700 0.039083
2174.54810 0.039116
2174.91895 0.039149
2175.29004 0.039183
2175.65991 0.039216
2176.03101 0.039249
2176.40308 0.039282
2176.77393 0.039316
2177.14502 0.039349
2177.51611 0.039382
2177.88794 0.039416
2178.25903 0.039449
2178.63110 0.039483
2179.00195 0.039516
2179.37402 0.039549
2179.74609 0.039583
2180.11694 0.039616
2180.48901 0.039649
2180.86108 0.039679
2181.23291 0.039705
2181.60498 0.039731
2181.97705 0.039757
2182.34912 0.039783
2182.72095 0.039809
2183.09399 0.039835
2183.46606 0.03986
2183.83789 0.039886
2184.21094 0.039912
2184.58301 0.039938
2184.95605 0.039964
2185.32910 0.03999
2185.70093 0.040016
2186.07397 0.040042
2186.44702 0.040068
2186.82007 0.040094
2187.19312 0.04012
2187.56592 0.040145
2187.93896 0.040171
2188.31201 0.040197
2188.68506 0.040223
2189.05811 0.040249
2189.43188 0.040275
2189.80493 0.040301
2190.17896 0.040326
2190.55200 0.040352
2190.92603 0.040373
2191.29907 0.040391
2191.67310 0.04041
2192.04712 0.040428
2192.42090 0.040446
2192.79492 0.040465
2193.16895 0.040483
2193.54297 0.040501
2193.91699 0.04052
2194.29102 0.040538
2194.66504 0.040556
2195.04004 0.040574
2195.41406 0.040593
2195.78809 0.040611
2196.16309 0.040629
2196.53711 0.040647
2196.91211 0.040665
2197.28711 0.040683
2197.66089 0.040701
2198.03589 0.040719
2198.41089 0.040737
2198.78589 0.040755
2199.16089 0.040773
2199.53589 0.040791
2199.91089 0.040809
2200.28589 0.04083
2200.66211 0.04085
2201.03711 0.040866
2201.41211 0.040881
2201.78809 0.040895
2202.16309 0.04091
2202.53906 0.040925
2202.91406 0.04094
2203.29004 0.040954
2203.66602 0.040969
2204.04199 0.040983
2204.41699 0.040998
2204.79297 0.041012
2205.16992 0.041027
2205.54590 0.041041
2205.92212 0.041056
2206.29810 0.04107
2206.67407 0.041084
2207.05103 0.041098
2207.42700 0.041113
2207.80298 0.041127
2208.17993 0.041141
2208.55688 0.041155
2208.93311 0.041169
2209.31006 0.041183
2209.68701 0.041197
2210.06396 0.041211
2210.44092 0.041226
2210.81812 0.041238
2211.19507 0.041245
2211.57202 0.041252
2211.94897 0.041259
2212.32593 0.041265
2212.70410 0.041272
2213.08105 0.041278
2213.45801 0.041285
2213.83594 0.041291
2214.21289 0.041298
2214.59106 0.041304
2214.96899 0.04131
2215.34595 0.041316
2215.72412 0.041322
2216.10205 0.041328
2216.47998 0.041334
2216.85791 0.04134
2217.23608 0.041346
2217.61401 0.041352
2217.99292 0.041358
2218.37109 0.041363
2218.74902 0.041369
2219.12793 0.041375
2219.50610 0.04138
2219.88501 0.041385
2220.26294 0.041391
2220.64209 0.041395
2221.02100 0.041395
2221.39893 0.041394
2221.77808 0.041393
2222.15698 0.041392
2222.53589 0.04139
2222.91504 0.041389
2223.29395 0.041387
2223.67310 0.041386
2224.05298 0.041384
2224.43188 0.041382
2224.81104 0.041381
2225.19092 0.041379
2225.57007 0.041377
2225.94995 0.041375
2226.33008 0.041373
2226.70898 0.04137
2227.08911 0.041368
2227.46899 0.041366
2227.84912 0.041363
2228.22900 0.041361
2228.60889 0.041358
2228.98901 0.041356
2229.36890 0.041353
2229.74902 0.04135
2230.12891 0.041344
2230.51001 0.041333
2230.88989 0.041318
2231.27100 0.041299
2231.65088 0.041281
2232.03198 0.041263
2232.41211 0.041244
2232.79297 0.041225
2233.17407 0.041207
2233.55493 0.041188
2233.93604 0.041169
2234.31689 0.04115
2234.69800 0.041131
2235.07910 0.041112
2235.45996 0.041093
2235.84106 0.041073
2236.22290 0.041054
2236.60400 0.041034
2236.98511 0.041015
2237.36694 0.040995
2237.74902 0.040975
2238.12988 0.040955
2238.51196 0.040935
2238.89404 0.040915
2239.27490 0.040895
2239.65698 0.040875
2240.03906 0.040854
2240.42090 0.040832
2240.80298 0.040809
2241.18604 0.040782
2241.56812 0.040756
2241.94995 0.04073
2242.33301 0.040703
2242.71509 0.040677
2243.09692 0.04065
2243.47998 0.040623
2243.86304 0.040596
2244.24512 0.040569
2244.62793 0.040542
2245.01099 0.040515
2245.39404 0.040488
2245.77710 0.04046
2246.15991 0.040433
2246.54297 0.040405
2246.92603 0.040377
2247.30908 0.04035
2247.69189 0.040322
2248.07593 0.040294
2248.45898 0.040266
2248.84302 0.040237
2249.22607 0.040209
2249.61011 0.040181
2249.99292 0.040152
2250.37695 0.040125
2250.76099 0.040097
2251.14502 0.040067
2251.52905 0.040037
2251.91309 0.040007
2252.29712 0.039977
2252.68091 0.039947
2253.06494 0.039917
2253.44897 0.039887
2253.83398 0.039856
2254.21802 0.039826
2254.60303 0.039795
2254.98706 0.039764
2255.37207 0.039733
2255.75610 0.039703
2256.14111 0.039671
2256.52588 0.03964
2256.91089 0.039609
2257.29492 0.039578
2257.67993 0.039546
2258.06494 0.039515
2258.45093 0.039483
2258.83594 0.039451
2259.22095 0.039419
2259.60596 0.039387
2259.99194 0.039355
2260.37695 0.039322
2260.76294 0.039289
2261.14795 0.039253
2261.53394 0.039217
2261.91992 0.039181
2262.30493 0.039145
2262.69092 0.039109
2263.07690 0.039073
2263.46289 0.039037
2263.84912 0.039
2264.23511 0.038963
2264.62109 0.038927
2265.00806 0.03889
2265.39404 0.038853
2265.78003 0.038816
2266.16699 0.038779
2266.55298 0.038741
2266.93994 0.038704
2267.32593 0.038666
2267.71289 0.038629
2268.10010 0.038591
2268.48706 0.038553
2268.87402 0.038515
2269.26001 0.038477
2269.64697 0.038439
2270.03394 0.0384
2270.42212 0.038361
2270.80908 0.038322
2271.19604 0.038282
2271.58301 0.038242
2271.97095 0.038202
2272.35791 0.038162
2272.74609 0.038122
2273.13403 0.038081
2273.52100 0.038041
2273.90894 0.038
2274.29712 0.03796
2274.68506 0.037919
2275.07300 0.037878
2275.45996 0.037837
2275.84912 0.037795
2276.23706 0.037754
2276.62500 0.037713
2277.01294 0.037671
2277.40210 0.037629
2277.79004 0.037587
2278.17798 0.037546
2278.56689 0.037503
2278.95605 0.037461
2279.34399 0.037419
2279.73291 0.037377
2280.12207 0.037333
2280.51099 0.037289
2280.89990 0.037245
2281.28906 0.037201
2281.67798 0.037157
