threeML/data/optical_filters/HST/WFC3_UVIS1-FQ422M.ecsv
# %ECSV 0.9
# ---
# datatype:
# - {name: wavelength, unit: Angstrom, datatype: float32}
# - {name: response, datatype: float32}
# meta: !!omap
# - {band_name: FQ422M}
# - {group_name: WFC3_UVIS1}
wavelength response
3675.40210 0.0
4083.78003 0.000402
4084.47900 0.000415
4085.17700 0.00043
4085.87598 0.000445
4086.57495 0.000452
4087.27490 0.000467
4087.97412 0.000481
4088.67310 0.000501
4089.37305 0.000514
4090.07300 0.000528
4090.77197 0.000551
4091.47192 0.000567
4092.17212 0.00058
4092.87305 0.000599
4093.57300 0.000624
4094.27295 0.000643
4094.97412 0.000662
4095.67407 0.000683
4096.37500 0.0007
4097.07617 0.000726
4097.77686 0.000752
4098.47803 0.000781
4099.17920 0.000806
4099.88086 0.000834
4100.58203 0.000867
4101.28418 0.000901
4101.98486 0.000926
4102.68701 0.000968
4103.38916 0.000991
4104.09082 0.001038
4104.79297 0.001081
4105.49609 0.001112
4106.19824 0.001157
4106.90088 0.001206
4107.60400 0.001257
4108.30615 0.00131
4109.00879 0.00135
4109.71191 0.001402
4110.41504 0.001463
4111.11914 0.001521
4111.82178 0.001581
4112.52490 0.001667
4113.22900 0.001736
4113.93311 0.001793
4114.63721 0.001875
4115.34082 0.00195
4116.04492 0.002038
4116.74902 0.002129
4117.45312 0.002217
4118.15820 0.002322
4118.86182 0.002409
4119.56689 0.002516
4120.27197 0.002642
4120.97705 0.002776
4121.68213 0.0029
4122.38721 0.003032
4123.09180 0.003165
4123.79785 0.003328
4124.50293 0.00348
4125.20898 0.003632
4125.91504 0.003852
4126.62109 0.004042
4127.32715 0.004241
4128.03320 0.00446
4128.73877 0.004724
4129.44580 0.004921
4130.15186 0.005186
4130.85889 0.00546
4131.56592 0.005738
4132.27197 0.006066
4132.97900 0.00639
4133.68701 0.006695
4134.39404 0.007111
4135.10205 0.007508
4135.80908 0.007942
4136.51709 0.008362
4137.22412 0.008856
4137.93213 0.00936
4138.64014 0.009971
4139.34814 0.010528
4140.05713 0.011197
4140.76514 0.011891
4141.47314 0.012539
4142.18213 0.013344
4142.89111 0.014209
4143.59912 0.015097
4144.30811 0.016095
4145.01807 0.017084
4145.72705 0.018162
4146.43604 0.019384
4147.14600 0.020699
4147.85498 0.02208
4148.56396 0.023625
4149.27393 0.025186
4149.98389 0.02677
4150.69385 0.028728
4151.40381 0.030594
4152.11523 0.032813
4152.82520 0.035156
4153.53613 0.037538
4154.24609 0.040042
4154.95703 0.042948
4155.66797 0.045808
4156.37891 0.049143
4157.08984 0.052696
4157.80078 0.056136
4158.51318 0.059875
4159.22412 0.064148
4159.93604 0.068032
4160.64697 0.072808
4161.35889 0.077704
4162.07080 0.082251
4162.78418 0.087327
4163.49609 0.09286
4164.20801 0.09787
4164.91992 0.10367
4165.63281 0.109618
4166.34619 0.114699
4167.05908 0.12058
4167.77100 0.126294
4168.48486 0.131523
4169.19824 0.137385
4169.91113 0.142909
4170.62500 0.147539
4171.33789 0.152532
4172.05176 0.157233
4172.76611 0.161116
4173.47998 0.165273
4174.19385 0.169071
4174.90820 0.171824
4175.62305 0.174993
4176.33691 0.177253
4177.05078 0.179303
4177.76611 0.18132
4178.48096 0.182578
4179.19580 0.183656
4179.91113 0.184784
4180.62598 0.185441
4181.34082 0.185922
4182.05713 0.186279
4182.77197 0.186459
4183.48779 0.186482
4184.20410 0.186289
4184.91895 0.18605
4185.63477 0.185592
4186.35205 0.185351
4187.06787 0.184843
4187.78418 0.184333
4188.50000 0.183809
4189.21680 0.183485
4189.93408 0.183051
4190.65088 0.182688
4191.36816 0.182254
4192.08496 0.181993
4192.80176 0.181556
4193.52002 0.180991
4194.23682 0.18095
4194.95508 0.180567
4195.67188 0.18048
4196.39111 0.180294
4197.10791 0.180081
4197.82715 0.179934
4198.54492 0.179855
4199.26318 0.179877
4199.98096 0.179712
4200.70020 0.179614
4201.41895 0.179654
4202.13818 0.179718
4202.85596 0.179855
4203.57617 0.179911
4204.29492 0.17999
4205.01416 0.179971
4205.73389 0.18004
4206.45312 0.180048
4207.17285 0.180121
4207.89307 0.179989
4208.61279 0.180032
4209.33301 0.179873
4210.05322 0.179664
4210.77295 0.179689
4211.49414 0.179424
4212.21387 0.17925
4212.93506 0.179169
4213.65576 0.178884
4214.37695 0.178511
4215.09814 0.178179
4215.81885 0.178015
4216.54102 0.177354
4217.26221 0.177068
4217.98291 0.176523
4218.70508 0.175978
4219.42676 0.175581
4220.14893 0.17477
4220.87109 0.174247
4221.59277 0.173436
4222.31494 0.172896
4223.03809 0.172033
4223.75977 0.171368
4224.48291 0.170508
4225.20605 0.16957
4225.92920 0.168637
4226.65088 0.1682
4227.37500 0.166983
4228.09814 0.166322
4228.82080 0.16567
4229.54492 0.164569
4230.26904 0.163847
4230.99219 0.163296
4231.71582 0.162395
4232.43994 0.161528
4233.16504 0.160876
4233.88916 0.160008
4234.61279 0.15943
4235.33691 0.158713
4236.06201 0.15822
4236.78711 0.15761
4237.51221 0.157023
4238.23682 0.156765
4238.96191 0.156286
4239.68799 0.156129
4240.41309 0.155843
4241.13818 0.155606
4241.86377 0.155522
4242.58984 0.155603
4243.31494 0.155769
4244.04199 0.155807
4244.76807 0.155878
4245.49414 0.156133
4246.22021 0.15637
4246.94678 0.156869
4247.67285 0.157338
4248.39990 0.158035
4249.12695 0.158482
4249.85400 0.159301
4250.58105 0.159807
4251.30908 0.160775
4252.03613 0.16177
4252.76318 0.162651
4253.49121 0.163504
4254.21924 0.164478
4254.94678 0.165238
4255.67383 0.166311
4256.40283 0.167151
4257.13086 0.167987
4257.85889 0.168871
4258.58789 0.169317
4259.31592 0.170034
4260.04492 0.170217
4260.77393 0.170498
4261.50293 0.170351
4262.23193 0.17008
4262.96094 0.169626
4263.69092 0.168603
4264.41992 0.167444
4265.14990 0.165641
4265.87891 0.163646
4266.60889 0.16133
4267.33887 0.158152
4268.06982 0.154882
4268.79980 0.151129
4269.52979 0.14694
4270.26123 0.142487
4270.99121 0.13795
4271.72217 0.132723
4272.45312 0.127482
4273.18408 0.122132
4273.91504 0.116352
4274.64600 0.110839
4275.37695 0.105416
4276.10889 0.099818
4276.84082 0.094469
4277.57324 0.088979
4278.30420 0.083655
4279.03613 0.078453
4279.76904 0.073822
4280.50098 0.069129
4281.23291 0.064672
4281.96582 0.060537
4282.69824 0.056526
4283.43115 0.052697
4284.16406 0.049269
4284.89697 0.046144
4285.62988 0.043103
4286.36279 0.04015
4287.09717 0.037585
4287.83008 0.034963
4288.56299 0.032619
4289.29688 0.030646
4290.03076 0.028629
4290.76514 0.026708
4291.50000 0.02505
4292.23389 0.023374
4292.96777 0.021815
4293.70312 0.020582
4294.43701 0.019232
4295.17188 0.017989
4295.90723 0.016991
4296.64209 0.01589
4297.37695 0.01487
4298.11182 0.014087
4298.84814 0.013236
4299.58301 0.012435
4300.31885 0.011737
4301.05518 0.011029
4301.79102 0.01036
4302.52588 0.009839
4303.26318 0.009268
4303.99902 0.008724
4304.73486 0.008284
4305.47217 0.007841
4306.20801 0.007384
4306.94482 0.007015
4307.68213 0.00664
4308.41895 0.0063
4309.15576 0.00599
4309.89404 0.005675
4310.63086 0.005357
4311.36914 0.005095
4312.10596 0.004851
4312.84424 0.004613
4313.58203 0.004384
4314.31982 0.004175
4315.05811 0.003974
4315.79590 0.003788
4316.53516 0.003606
4317.27295 0.003433
4318.01221 0.003277
4318.75000 0.003127
4319.49023 0.002987
4320.22900 0.002848
4320.96777 0.002725
4321.70703 0.002602
4322.44580 0.002497
4323.18604 0.002372
4323.92578 0.002278
4324.66602 0.002169
4325.40479 0.002087
4326.14600 0.001997
4326.88623 0.001918
4327.62598 0.001828
4328.36621 0.001769
4329.10693 0.001688
4329.84814 0.001628
4330.58789 0.001567
4331.33008 0.001495
4332.06982 0.001434
4332.81201 0.001391
4333.55322 0.001322
4334.29395 0.001269
4335.03613 0.00123
4335.77783 0.001183
4336.52002 0.001144
4337.26123 0.001103
4338.00293 0.001054
4338.74609 0.001022
4339.48779 0.000984
4340.22998 0.000949
4340.97314 0.000907
4341.71582 0.000882
4342.45801 0.000857
4343.20215 0.00082
4343.94482 0.00079
4344.68799 0.000775
4345.43115 0.00074
4346.17480 0.000708
4346.91797 0.000692
4347.66211 0.000663
4348.40576 0.000648
4349.14990 0.000626
4349.89404 0.000606
4350.63818 0.000588
4351.38281 0.000567
4352.12695 0.000553
4352.87207 0.000537
4353.61719 0.000514
4354.36084 0.000501
4355.10596 0.00048
4355.85205 0.000465
4356.59717 0.000458
4357.34180 0.000442
4358.08789 0.00043
4358.83301 0.000418
4794.71631 0.0
