threeML/data/optical_filters/HST/WFC3_UVIS1-F475W.ecsv
# %ECSV 0.9
# ---
# datatype:
# - {name: wavelength, unit: Angstrom, datatype: float32}
# - {name: response, datatype: float32}
# meta: !!omap
# - {band_name: F475W}
# - {group_name: WFC3_UVIS1}
wavelength response
[from data line 805]
4497.45703 0.246847
4498.22705 0.247022
4498.99609 0.247197
4499.76611 0.247373
4500.53613 0.247535
4501.30615 0.24769
4502.07617 0.247824
4502.84619 0.247957
4503.61719 0.248091
4504.38721 0.248225
4505.15820 0.24836
4505.92920 0.248494
4506.69922 0.248628
4507.47119 0.248762
4508.24219 0.248896
4509.01318 0.24903
4509.78516 0.249165
4510.55615 0.249311
4511.32812 0.249457
4512.10010 0.249552
4512.87207 0.249646
4513.64404 0.249741
4514.41602 0.249836
4515.18799 0.249931
4515.96094 0.250026
4516.73389 0.250121
4517.50586 0.250216
4518.27881 0.250312
4519.05176 0.250407
4519.82617 0.250502
4520.59912 0.250584
4521.37305 0.250661
4522.14600 0.250727
4522.91895 0.250793
4523.69287 0.250859
4524.46680 0.250925
4525.24219 0.250991
4526.01611 0.251057
4526.79004 0.251123
4527.56494 0.251188
4528.33887 0.251254
4529.11377 0.25132
4529.88916 0.251386
4530.66406 0.251452
4531.43896 0.251515
4532.21387 0.251563
4532.99023 0.251612
4533.76611 0.251661
4534.54199 0.25171
4535.31689 0.251759
4536.09277 0.251808
4536.86914 0.251856
4537.64600 0.251905
4538.42188 0.251954
4539.19824 0.252003
4539.97510 0.252052
4540.75098 0.252101
4541.52881 0.252144
4542.30615 0.252176
4543.08301 0.252208
4543.85986 0.25224
4544.63818 0.252272
4545.41504 0.252304
4546.19287 0.252336
4546.97119 0.252368
4547.74902 0.2524
4548.52686 0.252432
4549.30518 0.252464
4550.08301 0.252496
4550.86182 0.252528
4551.64014 0.252567
4552.41895 0.252613
4553.19824 0.25266
4553.97705 0.252706
4554.75586 0.252753
4555.53613 0.252799
4556.31494 0.252846
4557.09521 0.252893
4557.87402 0.252939
4558.65381 0.252986
4559.43408 0.253032
4560.21387 0.253084
4560.99414 0.253147
4561.77490 0.253198
4562.55518 0.253242
4563.33594 0.253287
4564.11719 0.253331
4564.89697 0.253375
4565.67920 0.25342
4566.45898 0.253464
4567.24121 0.253508
4568.02197 0.253553
4568.80420 0.253597
4569.58496 0.253641
4570.36816 0.253678
4571.14893 0.253705
4571.93213 0.253732
4572.71387 0.253758
4573.49609 0.253784
4574.27881 0.25381
4575.06104 0.253836
4575.84424 0.253863
4576.62695 0.253889
4577.41016 0.253915
4578.19287 0.253941
4578.97705 0.253967
4579.75977 0.253994
4580.54297 0.25402
4581.32715 0.254046
4582.11084 0.25407
4582.89502 0.254094
4583.67920 0.254117
4584.46289 0.254141
4585.24805 0.254165
4586.03223 0.254189
4586.81689 0.254213
4587.60205 0.254237
4588.38721 0.254261
4589.17090 0.254284
4589.95703 0.254308
4590.74219 0.254332
4591.52686 0.254349
4592.31299 0.254349
4593.09912 0.25435
4593.88477 0.25435
4594.67090 0.25435
4595.45703 0.254351
4596.24316 0.254351
4597.02881 0.254351
4597.81592 0.254352
4598.60303 0.254352
4599.39014 0.254352
4600.17578 0.254353
4600.96289 0.254353
4601.75000 0.254351
4602.53809 0.254348
4603.32520 0.254345
4604.11279 0.254341
4604.90088 0.254338
4605.68799 0.254335
4606.47705 0.254331
4607.26514 0.254328
4608.05322 0.254325
4608.84082 0.254321
4609.62988 0.254318
4610.41895 0.254324
4611.20801 0.254337
4611.99707 0.254308
4612.78613 0.254272
4613.57520 0.254237
4614.36377 0.254202
4615.15381 0.254166
4615.94287 0.254131
4616.73291 0.254095
4617.52295 0.25406
4618.31299 0.254024
4619.10303 0.253989
4619.89404 0.253953
4620.68408 0.253903
4621.47510 0.253849
4622.26514 0.253788
4623.05615 0.253728
4623.84717 0.253667
4624.63818 0.253607
4625.42920 0.253547
4626.22119 0.253486
4627.01221 0.253426
4627.80420 0.253365
4628.59619 0.253305
4629.38818 0.253244
4630.18018 0.253183
4630.97217 0.253118
4631.76416 0.253041
4632.55713 0.252955
4633.34912 0.252869
4634.14209 0.252784
4634.93506 0.252698
4635.72803 0.252612
4636.52100 0.252526
4637.31396 0.252441
4638.10791 0.252355
4638.90088 0.252269
4639.69482 0.252183
4640.48877 0.252097
4641.28320 0.252012
4642.07715 0.251926
4642.87109 0.25184
4643.66602 0.251754
4644.45996 0.251668
4645.25488 0.251582
4646.04883 0.251496
4646.84424 0.25141
4647.64014 0.251324
4648.43506 0.251238
4649.22998 0.251152
4650.02490 0.251066
4650.82080 0.25098
4651.61719 0.250894
4652.41309 0.250808
4653.20801 0.250723
4654.00488 0.250637
4654.80078 0.250551
4655.59717 0.250465
4656.39404 0.250379
4657.18994 0.250293
4657.98682 0.250207
4658.78418 0.250121
4659.58203 0.250034
4660.37891 0.249948
4661.17578 0.249862
4661.97412 0.249794
4662.77100 0.249729
4663.56885 0.249665
4664.36719 0.2496
4665.16504 0.249535
4665.96289 0.24947
4666.76123 0.249405
4667.56006 0.24934
4668.35791 0.249276
4669.15723 0.249211
4669.95605 0.249146
4670.75488 0.249097
4671.55420 0.24906
4672.35400 0.249049
4673.15283 0.249037
4673.95312 0.249026
4674.75195 0.249014
4675.55176 0.249003
4676.35205 0.248992
4677.15186 0.24898
4677.95215 0.248969
4678.75293 0.248957
4679.55322 0.248946
4680.35400 0.248927
4681.15479 0.248899
4681.95605 0.248888
4682.75684 0.248881
4683.55811 0.248874
4684.35889 0.248867
4685.16113 0.24886
4685.96191 0.248853
4686.76416 0.248846
4687.56592 0.248839
4688.36816 0.248832
4689.16992 0.248825
4689.97217 0.248818
4690.77490 0.248811
4691.57715 0.248824
4692.37988 0.248876
4693.18311 0.248928
4693.98584 0.24898
4694.78906 0.249032
4695.59180 0.249084
4696.39600 0.249137
4697.19922 0.249189
4698.00293 0.249241
4698.80713 0.249293
4699.60986 0.249345
4700.41504 0.249397
4701.21924 0.24945
4702.02295 0.249533
4702.82812 0.249621
4703.63184 0.24971
4704.43701 0.249798
4705.24219 0.249886
4706.04688 0.249974
4706.85205 0.250062
4707.65820 0.25015
4708.46289 0.250238
4709.26904 0.250327
4710.07422 0.250415
4710.87988 0.250503
4711.68604 0.250601
4712.49219 0.250712
4713.29785 0.250822
4714.10498 0.250933
4714.91211 0.251043
4715.71777 0.251154
4716.52490 0.251264
4717.33203 0.251375
4718.13916 0.251485
4718.94580 0.251596
4719.75391 0.251706
4720.56201 0.251817
4721.36914 0.25193
4722.17676 0.252084
4722.98486 0.252237
4723.79297 0.25239
4724.60107 0.252544
4725.40918 0.252697
4726.21777 0.252851
4727.02588 0.253004
4727.83496 0.253158
4728.64404 0.253312
4729.45312 0.253465
4730.26221 0.253619
4731.07178 0.253773
4731.88086 0.253914
4732.69092 0.25405
4733.50000 0.254186
4734.31104 0.254322
4735.12109 0.254459
4735.93115 0.254595
4736.74121 0.254731
4737.55078 0.254867
4738.36182 0.255003
4739.17188 0.25514
4739.98291 0.255276
4740.79395 0.25543
4741.60498 0.255586
4742.41699 0.255748
4743.22803 0.255909
4744.04004 0.25607
4744.85205 0.256232
4745.66309 0.256393
4746.47510 0.256555
4747.28711 0.256716
4748.10010 0.256878
4748.91211 0.257039
4749.72510 0.257201
4750.53711 0.257351
4751.35010 0.257495
4752.16309 0.257635
4752.97607 0.257774
4753.78906 0.257914
4754.60303 0.258054
4755.41602 0.258193
4756.22900 0.258333
4757.04297 0.258472
4757.85693 0.258612
4758.67090 0.258752
4759.48486 0.258892
4760.29980 0.259032
4761.11377 0.259171
4761.92920 0.259287
4762.74414 0.259393
4763.55908 0.259499
4764.37402 0.259605
4765.18799 0.259712
4766.00391 0.259818
4766.81885 0.259924
4767.63477 0.260031
4768.45117 0.260137
4769.26709 0.260244
4770.08301 0.26035
4770.89795 0.260456
4771.71484 0.26056
4772.53076 0.26066
4773.34814 0.26076
4774.16504 0.26086
4774.98096 0.26096
4775.79785 0.261061
4776.61523 0.261161
4777.43311 0.261261
4778.25000 0.261361
4779.06689 0.261462
4779.88477 0.261562
4780.70312 0.261662
4781.52100 0.26175
4782.33887 0.261797
4783.15723 0.261843
4783.97607 0.261889
4784.79395 0.261935
4785.61279 0.261981
4786.43213 0.262028
4787.25000 0.262074
4788.06982 0.26212
4788.88916 0.262167
4789.70801 0.262213
4790.52783 0.262259
4791.34717 0.262306
4792.16699 0.262367
4792.98682 0.262427
4793.80713 0.262489
4794.62695 0.262549
4795.44824 0.26261
4796.26807 0.262671
4797.08887 0.262732
4797.91016 0.262793
4798.72998 0.262854
4799.55078 0.262915
4800.37305 0.262976
4801.19385 0.263037
4802.01611 0.263078
4802.83691 0.263115
4803.65918 0.263151
4804.47998 0.263188
4805.30322 0.263224
4806.12500 0.263261
4806.94678 0.263297
4807.77002 0.263333
4808.59180 0.26337
4809.41504 0.263406
4810.23779 0.263448
4811.06104 0.263503
4811.88379 0.263552
4812.70703 0.263597
4813.53076 0.263642
4814.35400 0.263687
4815.17822 0.263732
4816.00098 0.263777
4816.82617 0.263822
4817.64990 0.263867
4818.47412 0.263912
4819.29785 0.263957
4820.12305 0.264
4820.94824 0.264026
4821.77197 0.264069
4822.59814 0.264126
4823.42285 0.264183
4824.24805 0.26424
4825.07324 0.264298
4825.89893 0.264355
4826.72510 0.264412
4827.54980 0.264469
4828.37598 0.264526
4829.20312 0.264584
4830.02881 0.264641
4830.85498 0.264696
4831.68213 0.264743
4832.50781 0.264778
4833.33496 0.264813
4834.16211 0.264848
4834.98877 0.264883
4835.81592 0.264918
4836.64404 0.264953
4837.47119 0.264988
4838.29883 0.265023
4839.12695 0.265058
4839.95508 0.265093
4840.78320 0.265128
4841.61084 0.265171
4842.43896 0.265232
4843.26807 0.265293
4844.09717 0.265354
4844.92480 0.265415
4845.75391 0.265476
4846.58301 0.265537
4847.41309 0.265598
4848.24219 0.265659
4849.07178 0.26572
4849.90088 0.265782
4850.73096 0.265842
4851.56104 0.265904
4852.39111 0.265968
4853.22119 0.266032
4854.05176 0.266096
4854.88184 0.26616
4855.71289 0.266224
4856.54297 0.266288
4857.37500 0.266353
4858.20605 0.266417
4859.03711 0.266481
4859.86816 0.266545
4860.70020 0.266609
4861.53076 0.266672
4862.36279 0.266729
4863.19482 0.266786
4864.02686 0.266843
4864.85889 0.2669
4865.69092 0.266957
4866.52393 0.267014
4867.35693 0.267072
4868.18896 0.267129
4869.02197 0.267186
4869.85498 0.267243
4870.68799 0.2673
4871.52197 0.267354
4872.35498 0.267392
4873.18896 0.267431
4874.02295 0.26747
4874.85693 0.267508
4875.69092 0.267547
4876.52490 0.267586
4877.35889 0.267625
4878.19385 0.267663
4879.02783 0.267702
4879.86279 0.267741
4880.69824 0.26778
4881.53320 0.267814
4882.36914 0.26783
4883.20410 0.267846
4884.04004 0.267861
4884.87500 0.267877
4885.71094 0.267894
4886.54688 0.267909
4887.38281 0.267925
4888.21924 0.267941
4889.05518 0.267957
4889.89209 0.267973
4890.72900 0.268006
4891.56494 0.268035
4892.40186 0.268044
4893.23877 0.268054
4894.07617 0.268064
4894.91406 0.268073
4895.75098 0.268083
4896.58887 0.268092
4897.42676 0.268102
4898.26514 0.268111
4899.10303 0.268121
4899.94092 0.26813
4900.77881 0.268122
4901.61816 0.2681
4902.45703 0.268048
4903.29492 0.267997
4904.13379 0.267945
4904.97314 0.267893
4905.81299 0.267841
4906.65186 0.267789
4907.49121 0.267737
4908.33105 0.267685
4909.16992 0.267634
4910.01123 0.267582
4910.85107 0.26753
4911.69092 0.267468
4912.53076 0.267392
4913.37207 0.267315
4914.21191 0.267239
4915.05322 0.267162
4915.89404 0.267086
4916.73486 0.267009
4917.57715 0.266933
4918.41797 0.266856
4919.25879 0.266779
4920.10107 0.266703
4920.94287 0.266626
4921.78516 0.266532
4922.62695 0.266419
4923.46924 0.266307
4924.31201 0.266194
4925.15381 0.266082
4925.99707 0.265969
4926.83887 0.265856
4927.68213 0.265744
4928.52490 0.265631
4929.36914 0.265518
4930.21191 0.265406
4931.05615 0.265293
4931.89893 0.26517
4932.74316 0.265041
4933.58691 0.264912
4934.43115 0.264783
4935.27490 0.264653
4936.12012 0.264524
4936.96387 0.264395
4937.80908 0.264266
4938.65381 0.264136
4939.49902 0.264007
4940.34424 0.263878
4941.18896 0.263748
4942.03516 0.263607
4942.87988 0.263463
4943.72607 0.263318
4944.57178 0.263174
4945.41797 0.263029
4946.26416 0.262885
4947.10986 0.26274
4947.95703 0.262595
4948.80322 0.262451
4949.64990 0.262306
4950.49707 0.262161
4951.34424 0.262016
4952.19092 0.26186
4953.03809 0.261702
4953.88623 0.261545
4954.73291 0.261387
4955.58105 0.261229
4956.42920 0.261072
4957.27686 0.260914
4958.12500 0.260756
4958.97314 0.260599
4959.82178 0.260441
4960.66992 0.260283
4961.51904 0.26013
4962.36816 0.260005
4963.21680 0.259879
4964.06592 0.259754
4964.91602 0.259628
4965.76514 0.259503
4966.61523 0.259377
4967.46387 0.259251
4968.31396 0.259126
4969.16504 0.259
4970.01514 0.258874
4970.86523 0.258748
4971.71484 0.258623
4972.56592 0.258498
4973.41699 0.258372
4974.26807 0.258247
4975.11914 0.258122
4975.97021 0.257996
4976.82080 0.257871
4977.67285 0.257746
4978.52393 0.25762
4979.37598 0.257495
4980.22803 0.257369
4981.08105 0.257244
4981.93311 0.257134
4982.78516 0.257033
4983.63818 0.256932
4984.49023 0.256831
4985.34277 0.25673
4986.19580 0.256629
4987.04883 0.256528
4987.90186 0.256427
4988.75586 0.256326
4989.60889 0.256225
4990.46289 0.256134
4991.31689 0.256051
4992.17090 0.256015
4993.02490 0.255982
4993.87891 0.25595
4994.73291 0.255918
4995.58789 0.255885
4996.44287 0.255853
4997.29785 0.255821
4998.15283 0.255788
4999.00781 0.255756
4999.86279 0.255724
5000.71924 0.255671
5001.57422 0.255614
5002.43018 0.255553
5003.28613 0.255493
5004.14209 0.255433
5004.99805 0.255373
5005.85400 0.255312
5006.71094 0.255252
5007.56689 0.255192
5008.42383 0.255131
5009.28076 0.255071
5010.13818 0.25501
5010.99609 0.25495
5011.85303 0.25492
5012.70996 0.254916
5013.56787 0.254912
5014.42578 0.254908
5015.28418 0.254904
5016.14209 0.2549
5017.00000 0.254896
5017.85791 0.254892
5018.71680 0.254888
5019.57617 0.254884
5020.43506 0.25488
5021.29297 0.254876
5022.15186 0.254894
5023.01221 0.254916
5023.87109 0.254938
5024.73096 0.25496
5025.58984 0.254982
5026.45020 0.255003
5027.31104 0.255025
5028.16992 0.255047
5029.03076 0.255069
5029.89111 0.25509
5030.75195 0.255108
5031.61279 0.255121
5032.47412 0.255124
5033.33398 0.255127
5034.19580 0.25513
5035.05713 0.255132
5035.91797 0.255135
5036.77979 0.255138
5037.64209 0.25514
5038.50391 0.255143
5039.36621 0.255146
5040.22803 0.255149
5041.08984 0.255151
5041.95312 0.255174
5042.81494 0.255207
5043.67822 0.25524
5044.54102 0.255274
5045.40381 0.255307
5046.26807 0.255341
5047.13086 0.255374
5047.99512 0.255408
5048.85791 0.255441
5049.72217 0.255474
5050.58594 0.255508
5051.45020 0.255542
5052.31396 0.255593
5053.17920 0.255644
5054.04297 0.255696
5054.90820 0.255747
5055.77295 0.255798
5056.63818 0.25585
5057.50293 0.255901
5058.36914 0.255953
5059.23389 0.256004
5060.10010 0.256055
5060.96484 0.256107
5061.83105 0.256147
5062.69678 0.256175
5063.56299 0.256203
5064.43018 0.256231
5065.29590 0.256259
5066.16309 0.256287
5067.02979 0.256315
5067.89600 0.256343
5068.76416 0.256371
5069.63086 0.256399
5070.49902 0.256427
5071.36621 0.256455
5072.23291 0.256499
5073.10205 0.256543
5073.96924 0.256588
5074.83691 0.256632
5075.70605 0.256676
5076.57422 0.256721
5077.44287 0.256765
5078.31201 0.25681
5079.18115 0.256854
5080.04883 0.256899
5080.91797 0.256943
5081.78809 0.256979
5082.65723 0.257003
5083.52686 0.257028
5084.39697 0.257052
5085.26709 0.257076
5086.13721 0.257101
5087.00684 0.257125
5087.87695 0.257149
5088.74805 0.257174
5089.61914 0.257198
5090.48877 0.257222
5091.35986 0.257247
5092.23096 0.257267
5093.10303 0.257287
5093.97412 0.257307
5094.84619 0.257327
5095.71680 0.257346
5096.58887 0.257366
5097.46094 0.257386
5098.33301 0.257406
5099.20605 0.257426
5100.07812 0.257446
5100.95117 0.257466
5101.82324 0.257485
5102.69580 0.257501
5103.56885 0.257518
5104.44189 0.257534
5105.31592 0.257551
5106.18896 0.257567
5107.06299 0.257584
5107.93701 0.257601
5108.81104 0.257617
5109.68506 0.257634
5110.55908 0.25765
5111.43408 0.257667
5112.30811 0.257674
5113.18311 0.257682
5114.05811 0.257689
5114.93311 0.257697
5115.80811 0.257705
5116.68311 0.257712
5117.55811 0.25772
5118.43408 0.257727
5119.31006 0.257735
5120.18604 0.257742
5121.06201 0.25775
5121.93799 0.25775
5122.81396 0.257745
5123.68994 0.25774
5124.56689 0.257735
5125.44385 0.25773
5126.32080 0.257724
5127.19824 0.257719
5128.07520 0.257714
5128.95312 0.257709
5129.83008 0.257704
5130.70801 0.257714
5131.58496 0.25773
5132.46387 0.257756
5133.34180 0.257782
5134.22021 0.257808
5135.09912 0.257834
5135.97705 0.25786
5136.85596 0.257886
5137.73486 0.257912
5138.61377 0.257938
5139.49316 0.257964
5140.37207 0.257982
5141.25195 0.257989
5142.13086 0.257974
5143.01123 0.257955
5143.89111 0.257935
5144.77100 0.257916
5145.65088 0.257896
5146.53223 0.257877
5147.41309 0.257857
5148.29297 0.257838
5149.17383 0.257818
5150.05518 0.257799
5150.93604 0.257779
5151.81689 0.257751
5152.69922 0.257712
5153.58105 0.257673
5154.46191 0.257635
5155.34424 0.257596
5156.22607 0.257557
5157.10791 0.257518
5157.99121 0.257479
5158.87305 0.257441
