threeML/data/optical_filters/HST/WFC3_UVIS1-F300X.ecsv
# %ECSV 0.9
# ---
# datatype:
# - {name: wavelength, unit: Angstrom, datatype: float32}
# - {name: response, datatype: float32}
# meta: !!omap
# - {band_name: F300X}
# - {group_name: WFC3_UVIS1}
wavelength response
[from data line 1610]
2692.42798 0.120191
2692.88892 0.120109
2693.34912 0.120027
2693.81006 0.119945
2694.27100 0.119864
2694.73193 0.119782
2695.19312 0.1197
2695.65405 0.119618
2696.11499 0.119536
2696.57690 0.119454
2697.03809 0.119372
2697.50000 0.11929
2697.96094 0.119209
2698.42310 0.119127
2698.88501 0.119045
2699.34595 0.118963
2699.80811 0.118881
2700.27002 0.118835
2700.73193 0.118816
2701.19409 0.118797
2701.65601 0.118779
2702.11792 0.118761
2702.58105 0.118742
2703.04297 0.118724
2703.50610 0.118706
2703.96802 0.118688
2704.43091 0.118669
2704.89404 0.118651
2705.35596 0.118632
2705.81909 0.118614
2706.28198 0.118596
2706.74512 0.118577
2707.20801 0.118559
2707.67212 0.118541
2708.13501 0.118522
2708.59790 0.118504
2709.06201 0.118485
2709.52490 0.118467
2709.98901 0.118449
2710.45190 0.118435
2710.91602 0.118421
2711.37988 0.118406
2711.84399 0.118391
2712.30811 0.118376
2712.77197 0.118361
2713.23608 0.118346
2713.69995 0.118331
2714.16504 0.118315
2714.62891 0.1183
2715.09302 0.118285
2715.55811 0.11827
2716.02197 0.118255
2716.48706 0.118239
2716.95190 0.118224
2717.41699 0.118209
2717.88208 0.118194
2718.34692 0.118179
2718.81201 0.118163
2719.27710 0.118148
2719.74194 0.118133
2720.20801 0.118118
2720.67310 0.118103
2721.13794 0.118085
2721.60400 0.118067
2722.07007 0.118049
2722.53491 0.118031
2723.00098 0.118012
2723.46704 0.117994
2723.93311 0.117976
2724.39893 0.117958
2724.86499 0.117939
2725.33203 0.117921
2725.79810 0.117903
2726.26392 0.117885
2726.73096 0.117866
2727.19702 0.117848
2727.66406 0.11783
2728.12988 0.117812
2728.59692 0.117793
2729.06396 0.117775
2729.53101 0.117757
2729.99805 0.117738
2730.46509 0.117715
2730.93188 0.117691
2731.39990 0.117664
2731.86694 0.117638
2732.33398 0.117611
2732.80200 0.117584
2733.26904 0.117558
2733.73706 0.117531
2734.20508 0.117504
2734.67310 0.117478
2735.13989 0.117451
2735.60791 0.117424
2736.07593 0.117398
2736.54395 0.117371
2737.01294 0.117344
2737.48096 0.117318
2737.94897 0.117291
2738.41797 0.117264
2738.88599 0.117237
2739.35498 0.117211
2739.82397 0.117184
2740.29199 0.11716
2740.76099 0.117139
2741.22998 0.117116
2741.69897 0.117094
2742.16797 0.117071
2742.63696 0.117048
2743.10693 0.117026
2743.57593 0.117003
2744.04492 0.11698
2744.51489 0.116958
2744.98511 0.116935
2745.45410 0.116912
2745.92407 0.11689
2746.39404 0.116867
2746.86401 0.116844
2747.33398 0.116822
2747.80396 0.116799
2748.27393 0.116776
2748.74390 0.116754
2749.21411 0.116731
2749.68506 0.116708
2750.15503 0.116684
2750.62598 0.116656
2751.09595 0.116624
2751.56689 0.116589
2752.03809 0.116554
2752.50903 0.116519
2752.97900 0.116484
2753.45093 0.116449
2753.92212 0.116415
2754.39307 0.116379
2754.86401 0.116345
2755.33496 0.116309
2755.80688 0.116275
2756.27808 0.11624
2756.75000 0.116205
2757.22192 0.11617
2757.69312 0.116135
2758.16504 0.1161
2758.63696 0.116065
2759.10889 0.11603
2759.58105 0.115995
2760.05298 0.11596
2760.52588 0.11593
2760.99805 0.115898
2761.46997 0.115864
2761.94312 0.115829
2762.41504 0.115794
2762.88794 0.115759
2763.36108 0.115725
2763.83301 0.11569
2764.30591 0.115655
2764.77905 0.11562
2765.25195 0.115586
2765.72510 0.115551
2766.19897 0.115516
2766.67212 0.115481
2767.14502 0.115446
2767.61890 0.115412
2768.09204 0.115377
2768.56592 0.115342
2769.04004 0.115307
2769.51294 0.115272
2769.98706 0.115237
2770.46094 0.115203
2770.93506 0.115168
2771.40894 0.115132
2771.88306 0.115097
2772.35791 0.115062
2772.83203 0.115026
2773.30591 0.114991
2773.78101 0.114956
2774.25488 0.11492
2774.72998 0.114885
2775.20508 0.11485
2775.67993 0.114814
2776.15503 0.114779
2776.62988 0.114743
2777.10498 0.114708
2777.58008 0.114673
2778.05493 0.114637
2778.53003 0.114602
2779.00610 0.114566
2779.48096 0.114531
2779.95703 0.114496
2780.43188 0.114456
2780.90796 0.114414
2781.38403 0.114364
2781.86011 0.114315
2782.33594 0.114266
2782.81201 0.114217
2783.28809 0.114168
2783.76392 0.114118
2784.23999 0.114069
2784.71704 0.11402
2785.19312 0.113971
2785.66992 0.113921
2786.14600 0.113872
2786.62305 0.113823
2787.10010 0.113774
2787.57690 0.113724
2788.05396 0.113675
2788.53101 0.113626
2789.00806 0.113577
2789.48511 0.113527
2789.96191 0.113478
2790.43896 0.113433
2790.91699 0.113389
2791.39502 0.113343
2791.87207 0.113298
2792.35010 0.113252
2792.82690 0.113207
2793.30493 0.113161
2793.78296 0.113116
2794.26099 0.11307
2794.73901 0.113025
2795.21802 0.112979
2795.69604 0.112934
2796.17407 0.112888
2796.65308 0.112843
2797.13110 0.112797
2797.61011 0.112752
2798.08789 0.112706
2798.56689 0.11266
2799.04590 0.112615
2799.52490 0.112569
2800.00391 0.112524
2800.48291 0.112506
2800.96191 0.112486
2801.44092 0.112463
2801.91992 0.112441
2802.39990 0.112418
2802.87891 0.112395
2803.35889 0.112373
2803.83789 0.11235
2804.31812 0.112327
2804.79810 0.112305
2805.27808 0.112282
2805.75806 0.112259
2806.23804 0.112236
2806.71802 0.112213
2807.19800 0.11219
2807.67798 0.112168
2808.15894 0.112145
2808.63892 0.112122
2809.12012 0.112099
2809.60107 0.112076
2810.08105 0.112052
2810.56201 0.112024
2811.04297 0.111993
2811.52393 0.11196
2812.00488 0.111926
2812.48608 0.111893
2812.96704 0.111859
2813.44800 0.111825
2813.92993 0.111792
2814.41089 0.111758
2814.89307 0.111724
2815.37500 0.111691
2815.85596 0.111657
2816.33789 0.111623
2816.82007 0.111589
2817.30200 0.111555
2817.78394 0.111521
2818.26611 0.111488
2818.74805 0.111454
2819.22998 0.11142
2819.71289 0.111386
2820.19507 0.111354
2820.67798 0.111325
2821.15991 0.111294
2821.64307 0.111263
2822.12598 0.111232
2822.60889 0.1112
2823.09204 0.111169
2823.57397 0.111138
2824.05811 0.111106
2824.54102 0.111075
2825.02393 0.111044
2825.50708 0.111012
2825.99097 0.110981
2826.47412 0.110949
2826.95801 0.110918
2827.44189 0.110886
2827.92505 0.110855
2828.40894 0.110823
2828.89307 0.110792
2829.37695 0.11076
2829.86108 0.110728
2830.34497 0.110689
2830.83008 0.110647
2831.31396 0.110603
2831.79810 0.11056
2832.28296 0.110517
2832.76807 0.110473
2833.25195 0.11043
2833.73706 0.110386
2834.22192 0.110343
2834.70703 0.110299
2835.19189 0.110256
2835.67700 0.110212
2836.16211 0.110169
2836.64697 0.110125
2837.13306 0.110082
2837.61792 0.110038
2838.10400 0.109994
2838.58911 0.109951
2839.07495 0.109907
2839.56104 0.109863
2840.04590 0.10982
2840.53198 0.109781
2841.01807 0.109742
2841.50391 0.109701
2841.98999 0.109661
2842.47705 0.10962
2842.96289 0.10958
2843.44897 0.109539
2843.93604 0.109498
2844.42310 0.109458
2844.90894 0.109417
2845.39600 0.109376
2845.88306 0.109336
2846.37012 0.109295
2846.85693 0.109254
2847.34399 0.109213
2847.83105 0.109173
2848.31812 0.109132
2848.80493 0.109091
2849.29297 0.10905
2849.78101 0.109009
2850.26807 0.108968
2850.75610 0.108927
2851.24292 0.108881
2851.73096 0.108833
2852.21899 0.108785
2852.70703 0.108738
2853.19507 0.10869
2853.68311 0.108643
2854.17212 0.108595
2854.65991 0.108547
2855.14795 0.1085
2855.63696 0.108452
2856.12500 0.108404
2856.61401 0.108356
2857.10303 0.108308
2857.59204 0.10826
2858.08105 0.108213
2858.57007 0.108165
2859.05908 0.108117
2859.54810 0.108069
2860.03711 0.10802
2860.52710 0.107967
2861.01611 0.107916
2861.50488 0.107868
2861.99512 0.107819
2862.48511 0.107771
2862.97412 0.107723
2863.46411 0.107674
2863.95410 0.107626
2864.44409 0.107577
2864.93408 0.107529
2865.42505 0.10748
2865.91504 0.107431
2866.40503 0.107383
2866.89600 0.107334
2867.38599 0.107286
2867.87695 0.107237
2868.36694 0.107188
2868.85791 0.107139
2869.34912 0.107091
2869.84009 0.107042
2870.33105 0.106996
2870.82202 0.106952
2871.31299 0.106904
2871.80396 0.106856
2872.29590 0.106808
2872.78711 0.10676
2873.27905 0.106712
2873.77002 0.106664
2874.26196 0.106616
2874.75391 0.106568
2875.24609 0.10652
2875.73804 0.106471
2876.22900 0.106423
2876.72192 0.106375
2877.21411 0.106327
2877.70605 0.106278
2878.19800 0.10623
2878.69092 0.106181
2879.18408 0.106133
2879.67603 0.106085
2880.16895 0.106035
2880.66211 0.105981
2881.15503 0.105928
2881.64697 0.105875
2882.13989 0.105821
2882.63403 0.105768
2883.12695 0.105715
2883.62012 0.105662
2884.11401 0.105608
2884.60693 0.105555
2885.10010 0.105502
2885.59399 0.105448
2886.08789 0.105395
2886.58203 0.105341
2887.07495 0.105288
2887.56909 0.105234
2888.06299 0.105181
2888.55811 0.105127
2889.05200 0.105073
2889.54590 0.10502
2890.04102 0.104967
2890.53491 0.104917
2891.03003 0.104867
2891.52393 0.104815
2892.01904 0.104763
2892.51392 0.104711
2893.00903 0.104659
2893.50293 0.104607
2893.99902 0.104555
2894.49390 0.104503
2894.98901 0.104451
2895.48389 0.104399
2895.97998 0.104346
2896.47510 0.104294
2896.97095 0.104242
2897.46606 0.10419
2897.96191 0.104137
2898.45801 0.104085
2898.95410 0.104032
2899.44995 0.10398
2899.94604 0.103927
2900.44189 0.103894
2900.93799 0.103863
2901.43506 0.103833
2901.93091 0.103803
2902.42798 0.103773
2902.92407 0.103743
2903.42090 0.103713
2903.91797 0.103683
2904.41504 0.103652
2904.91089 0.103622
2905.40796 0.103592
2905.90601 0.103562
2906.40308 0.103531
2906.89990 0.103501
2907.39697 0.10347
2907.89502 0.10344
2908.39209 0.103409
2908.88989 0.103378
2909.38794 0.103348
2909.88501 0.103317
2910.38306 0.103282
2910.88110 0.103247
2911.37891 0.103209
2911.87695 0.103172
2912.37500 0.103135
2912.87402 0.103097
2913.37207 0.103059
2913.87109 0.103022
2914.36890 0.102984
2914.86792 0.102946
2915.36694 0.102908
2915.86499 0.102871
2916.36401 0.102833
2916.86304 0.102795
2917.36206 0.102757
2917.86206 0.102719
2918.36108 0.102681
2918.86011 0.102642
2919.35889 0.102604
2919.85889 0.102566
2920.35791 0.102531
2920.85791 0.102497
2921.35791 0.102466
2921.85791 0.102435
2922.35791 0.102405
2922.85791 0.102374
2923.35791 0.102343
2923.85791 0.102311
2924.35791 0.10228
2924.85791 0.102249
2925.35889 0.102218
2925.85889 0.102187
2926.36011 0.102155
2926.86108 0.102124
2927.36206 0.102092
2927.86206 0.102061
2928.36304 0.102029
2928.86401 0.101998
2929.36499 0.101966
2929.86694 0.101934
2930.36792 0.101899
2930.86890 0.101862
2931.37109 0.101817
2931.87207 0.101772
2932.37402 0.101727
2932.87500 0.101682
2933.37695 0.101636
2933.87891 0.101591
2934.38110 0.101545
2934.88306 0.1015
2935.38501 0.101454
2935.88794 0.101409
2936.38989 0.101363
2936.89209 0.101317
2937.39502 0.101271
2937.89697 0.101225
2938.39990 0.10118
2938.90308 0.101134
2939.40601 0.101087
2939.90894 0.101041
2940.41211 0.100999
2940.91504 0.100958
2941.41797 0.100921
2941.92090 0.100884
2942.42505 0.100846
2942.92798 0.100809
2943.43091 0.100772
2943.93506 0.100735
2944.43896 0.100697
2944.94312 0.10066
2945.44604 0.100622
2945.94995 0.100585
2946.45410 0.100547
2946.95801 0.100509
2947.46289 0.100472
2947.96704 0.100434
2948.47095 0.100396
2948.97607 0.100358
2949.47998 0.10032
2949.98511 0.100282
2950.48999 0.100244
2950.99512 0.100205
2951.50000 0.100163
2952.00391 0.100122
2952.51001 0.100081
2953.01489 0.100039
2953.52002 0.099998
2954.02490 0.099956
2954.53101 0.099914
2955.03589 0.099873
2955.54199 0.099831
2956.04712 0.099789
2956.55298 0.099747
2957.05908 0.099705
2957.56494 0.099663
2958.07104 0.099621
2958.57690 0.099579
2959.08301 0.099537
2959.59009 0.099494
2960.09595 0.099451
2960.60303 0.099404
2961.10889 0.099356
2961.61597 0.099307
2962.12207 0.099257
2962.62891 0.099207
2963.13599 0.099158
2963.64307 0.099108
2964.14990 0.099058
2964.65698 0.099009
2965.16504 0.098959
2965.67212 0.098909
2966.17896 0.098859
2966.68701 0.098809
2967.19409 0.098759
2967.70190 0.098708
2968.20996 0.098658
2968.71802 0.098608
2969.22607 0.098557
2969.73291 0.098507
2970.24194 0.098459
2970.75000 0.098412
2971.25806 0.098367
2971.76611 0.098321
2972.27490 0.098275
2972.78296 0.098229
2973.29199 0.098183
2973.80103 0.098136
2974.31006 0.09809
2974.81812 0.098044
2975.32690 0.097997
2975.83594 0.097951
2976.34595 0.097905
2976.85498 0.097858
2977.36401 0.097811
2977.87402 0.097765
2978.38306 0.097718
2978.89307 0.097671
2979.40210 0.097624
2979.91211 0.097577
2980.42212 0.097526
2980.93188 0.097474
2981.44189 0.097419
2981.95190 0.097364
2982.46191 0.097308
2982.97192 0.097253
2983.48291 0.097197
2983.99292 0.097141
2984.50391 0.097086
2985.01392 0.09703
2985.52490 0.096974
2986.03589 0.096918
2986.54712 0.096862
2987.05811 0.096806
2987.56909 0.09675
2988.08008 0.096693
2988.59106 0.096637
2989.10303 0.096581
2989.61401 0.096524
2990.12598 0.096469
2990.63696 0.096417
2991.14893 0.096365
2991.66089 0.096315
2992.17310 0.096264
2992.68506 0.096213
2993.19702 0.096162
2993.70898 0.096111
2994.22095 0.09606
2994.73291 0.096009
2995.24609 0.095958
2995.75806 0.095907
2996.27100 0.095855
2996.78296 0.095804
2997.29590 0.095753
2997.80908 0.095701
2998.32202 0.095649
2998.83496 0.095598
2999.34790 0.095546
2999.86108 0.095494
3000.37402 0.095416
3000.88696 0.095328
3001.40088 0.095237
3001.91504 0.095146
3002.42798 0.095055
3002.94189 0.094964
3003.45605 0.094873
3003.96899 0.094782
3004.48291 0.094691
3004.99805 0.0946
3005.51196 0.094509
3006.02588 0.094418
3006.54004 0.094327
3007.05396 0.094236
3007.56909 0.094145
3008.08398 0.094054
3008.59790 0.093963
3009.11304 0.093872
3009.62793 0.093781
3010.14307 0.093691
3010.65796 0.093604
3011.17310 0.093513
3011.68799 0.09342
3012.20288 0.093326
3012.71899 0.093233
3013.23389 0.09314
3013.75000 0.093046
3014.26489 0.092953
3014.78101 0.092859
3015.29712 0.092766
3015.81299 0.092672
3016.32910 0.092579
3016.84497 0.092485
3017.36108 0.092391
3017.87695 0.092298
3018.39404 0.092204
3018.90991 0.092111
3019.42700 0.092017
3019.94312 0.091923
3020.45996 0.091829
3020.97705 0.091735
3021.49390 0.091641
3022.01001 0.091547
3022.52808 0.091453
3023.04492 0.091359
3023.56201 0.091264
3024.07910 0.09117
3024.59692 0.091076
3025.11401 0.090982
3025.63208 0.090887
3026.14893 0.090793
3026.66699 0.090698
3027.18506 0.090604
3027.70288 0.09051
3028.22095 0.090415
3028.73901 0.090321
3029.25708 0.090226
3029.77588 0.090132
3030.29395 0.090034
3030.81201 0.089935
3031.33105 0.089835
3031.85010 0.089734
3032.36792 0.089632
3032.88696 0.089531
3033.40601 0.08943
3033.92505 0.089329
3034.44409 0.089228
3034.96289 0.089127
3035.48291 0.089025
3036.00195 0.088924
3036.52100 0.088823
3037.04102 0.088722
3037.56104 0.08862
3038.08008 0.088519
3038.60010 0.088418
3039.12012 0.088317
3039.63989 0.088215
3040.15991 0.088115
3040.67993 0.088018
3041.19995 0.087918
3041.72095 0.087817
3042.24097 0.087716
3042.76196 0.087615
3043.28198 0.087514
3043.80298 0.087413
3044.32397 0.087312
3044.84497 0.08721
3045.36597 0.087109
3045.88696 0.087008
3046.40796 0.086907
3046.92896 0.086805
3047.44995 0.086704
3047.97192 0.086603
3048.49292 0.086501
3049.01489 0.0864
3049.53589 0.086299
3050.05811 0.086197
3050.58008 0.086091
3051.10205 0.085985
3051.62402 0.085876
3052.14600 0.085767
3052.66797 0.085659
3053.19092 0.08555
3053.71289 0.085442
3054.23608 0.085333
3054.75806 0.085224
3055.28101 0.085116
3055.80298 0.085007
3056.32593 0.084898
3056.84912 0.08479
3057.37207 0.084681
3057.89502 0.084572
3058.41797 0.084463
3058.94189 0.084354
3059.46509 0.084246
3059.98901 0.084137
3060.51196 0.084032
3061.03589 0.083927
3061.56006 0.083824
3062.08301 0.08372
3062.60693 0.083616
3063.13110 0.083512
3063.65503 0.083409
3064.17896 0.083305
3064.70410 0.083201
3065.22803 0.083097
3065.75293 0.082993
3066.27710 0.082889
3066.80200 0.082785
3067.32593 0.082681
3067.85107 0.082577
3068.37598 0.082473
3068.90088 0.082369
3069.42603 0.082265
3069.95093 0.082161
3070.47705 0.082053
3071.00195 0.081945
3071.52710 0.081835
3072.05298 0.081725
3072.57910 0.081615
3073.10400 0.081505
3073.62988 0.081395
3074.15601 0.081285
3074.68188 0.081174
3075.20801 0.081064
3075.73389 0.080954
3076.26001 0.080844
3076.78711 0.080734
3077.31299 0.080624
3077.84009 0.080513
3078.36597 0.080403
3078.89307 0.080293
3079.41992 0.080183
3079.94702 0.080072
3080.47290 0.079965
3081.00000 0.079858
3081.52808 0.079749
3082.05493 0.07964
3082.58203 0.079531
3083.11011 0.079421
3083.63696 0.079312
3084.16504 0.079203
3084.69189 0.079093
3085.21997 0.078984
3085.74805 0.078874
3086.27588 0.078765
3086.80396 0.078655
3087.33203 0.078546
3087.86011 0.078436
