threeML/data/optical_filters/HST/WFC3_IR-G141.ecsv
# %ECSV 0.9
# ---
# datatype:
# - {name: wavelength, unit: Angstrom, datatype: float32}
# - {name: response, datatype: float32}
# meta: !!omap
# - {band_name: G141}
# - {group_name: WFC3_IR}
wavelength response
[from data line 7661]
15984.54004 0.436911
15985.51953 0.436914
15986.50000 0.436918
15987.48047 0.436922
15988.45996 0.436925
15989.44043 0.436929
15990.41992 0.436948
15991.40039 0.436989
15992.37988 0.43703
15993.36035 0.43707
15994.33984 0.437111
15995.32031 0.437152
15996.29980 0.437193
15997.28027 0.437233
15998.25977 0.437274
15999.24023 0.437315
16000.21973 0.437347
16001.20020 0.437353
16002.17969 0.437358
16003.16016 0.437363
16004.13965 0.437369
16005.12012 0.437282
16006.09961 0.437167
16007.08984 0.437053
16008.07031 0.436938
16009.04980 0.436823
16010.03027 0.436709
16011.00977 0.436594
16011.99023 0.43648
16012.96973 0.436365
16013.95020 0.436251
16014.94043 0.436136
16015.91992 0.436022
16016.90039 0.435907
16017.87988 0.435793
16018.86035 0.435678
16019.83984 0.435563
16020.83008 0.435449
16021.80957 0.435334
16022.79004 0.43522
16023.76953 0.435105
16024.75000 0.434991
16025.74023 0.434876
16026.71973 0.434762
16027.70020 0.434648
16028.67969 0.434533
16029.66992 0.434419
16030.65039 0.434304
16031.62988 0.43419
16032.61035 0.434075
16033.59961 0.433961
16034.58008 0.433847
16035.55957 0.433732
16036.54004 0.433618
16037.53027 0.433503
16038.50977 0.433389
16039.49023 0.433275
16040.48047 0.43316
16041.45996 0.433046
16042.44043 0.432932
16043.42969 0.432817
16044.41016 0.432703
16045.38965 0.432589
16046.37988 0.432474
16047.36035 0.43236
16048.33984 0.432246
16049.33008 0.432131
16050.30957 0.432029
16051.29004 0.431951
16052.28027 0.431874
16053.25977 0.431797
16054.25000 0.431719
16055.23047 0.431642
16056.20996 0.431564
16057.20020 0.431487
16058.17969 0.43141
16059.16992 0.431332
16060.15039 0.431249
16061.12988 0.431135
16062.12012 0.431021
16063.09961 0.430906
16064.08984 0.430792
16065.07031 0.430678
16066.05957 0.430563
16067.04004 0.430449
16068.03027 0.430335
16069.00977 0.430221
16070.00000 0.430107
16070.98047 0.429992
16071.96973 0.429878
16072.95020 0.429764
16073.94043 0.42965
16074.91992 0.429536
16075.91016 0.429422
16076.88965 0.429308
16077.87988 0.429193
16078.86035 0.429079
16079.84961 0.428965
16080.83008 0.428851
16081.82031 0.428737
16082.80957 0.428623
16083.79004 0.428508
16084.78027 0.428394
16085.75977 0.42828
16086.75000 0.428166
16087.74023 0.428052
16088.71973 0.427938
16089.70996 0.427824
16090.69043 0.42771
16091.67969 0.427596
16092.66992 0.427482
16093.65039 0.427368
16094.63965 0.427254
16095.62988 0.42714
16096.61035 0.427026
16097.59961 0.426912
16098.58008 0.426798
16099.57031 0.426684
16100.55957 0.42657
16101.54004 0.426456
16102.53027 0.426342
16103.51953 0.426228
16104.50977 0.426123
16105.49023 0.426096
16106.48047 0.426068
16107.46973 0.42604
16108.45996 0.426012
16109.44043 0.425984
16110.42969 0.425957
16111.41992 0.425929
16112.40039 0.425901
16113.38965 0.425874
16114.37988 0.425846
16115.37012 0.425818
16116.36035 0.42579
16117.33984 0.425762
16118.33008 0.425735
16119.32031 0.425707
16120.30957 0.425679
16121.29004 0.425651
16122.28027 0.425624
16123.26953 0.425596
16124.25977 0.425568
16125.25000 0.42554
16126.24023 0.425512
16127.21973 0.425485
16128.20996 0.425457
16129.20020 0.425429
16130.19043 0.425401
16131.17969 0.425373
16132.16992 0.425345
16133.16016 0.425318
16134.13965 0.42529
16135.12988 0.425262
16136.12012 0.425234
16137.11035 0.425206
16138.09961 0.425178
16139.08984 0.425151
16140.08008 0.425123
16141.07031 0.425095
16142.05957 0.425067
16143.04980 0.425039
16144.04004 0.425011
16145.03027 0.424983
16146.00977 0.424955
16147.00000 0.424928
16147.99023 0.4249
16148.98047 0.424872
16149.96973 0.424844
16150.95996 0.424852
16151.95020 0.424861
16152.94043 0.42487
16153.92969 0.424879
16154.91992 0.424888
16155.91016 0.424897
16156.90039 0.424906
16157.88965 0.424914
16158.87988 0.424923
16159.87012 0.424932
16160.87012 0.424909
16161.86035 0.424881
16162.84961 0.424853
16163.83984 0.424825
16164.83008 0.424797
16165.82031 0.424769
16166.80957 0.424742
16167.79980 0.424714
16168.79004 0.424686
16169.78027 0.424658
16170.76953 0.42463
16171.75977 0.424602
16172.75977 0.424574
16173.75000 0.424546
16174.74023 0.424518
16175.73047 0.42449
16176.71973 0.424462
16177.70996 0.424434
16178.70020 0.424406
16179.70020 0.424378
16180.69043 0.42435
16181.67969 0.424322
16182.66992 0.424294
16183.66016 0.424266
16184.66016 0.424238
16185.65039 0.42421
16186.63965 0.424182
16187.62988 0.424154
16188.62012 0.424126
16189.62012 0.424098
16190.61035 0.42407
16191.59961 0.424042
16192.58984 0.424014
16193.58008 0.423986
16194.58008 0.423957
16195.57031 0.42393
16196.55957 0.423901
16197.55957 0.423873
16198.54980 0.423845
16199.54004 0.423817
16200.53027 0.423785
16201.53027 0.423749
16202.51953 0.423713
16203.50977 0.423678
16204.50977 0.423636
16205.50000 0.423527
16206.49023 0.423419
16207.49023 0.42331
16208.48047 0.423201
16209.46973 0.423092
16210.46973 0.422984
16211.45996 0.422875
16212.45020 0.422767
16213.45020 0.422658
16214.44043 0.42255
16215.42969 0.422441
16216.42969 0.422332
16217.41992 0.422224
16218.41992 0.422115
16219.41016 0.422007
16220.40039 0.421898
16221.40039 0.42179
16222.38965 0.421681
16223.38965 0.421572
16224.37988 0.421464
16225.37988 0.421355
16226.37012 0.421247
16227.37012 0.421138
16228.36035 0.42103
16229.34961 0.420922
16230.34961 0.420813
16231.33984 0.420704
16232.33984 0.420596
16233.33008 0.420488
16234.33008 0.420379
16235.32031 0.420271
16236.32031 0.420162
16237.30957 0.420054
16238.30957 0.419946
16239.29980 0.419837
16240.29980 0.419729
16241.29004 0.419621
16242.29004 0.419512
16243.29004 0.419404
16244.28027 0.419295
16245.28027 0.419187
16246.26953 0.419079
16247.26953 0.418971
16248.25977 0.418862
16249.25977 0.418754
16250.25977 0.418646
16251.25000 0.418538
16252.25000 0.418429
16253.24023 0.418321
16254.24023 0.418213
16255.24023 0.418105
16256.23047 0.417996
16257.23047 0.417888
16258.23047 0.41778
16259.21973 0.417672
16260.21973 0.417564
16261.21973 0.417455
16262.20996 0.417347
16263.20996 0.417239
16264.20996 0.417131
16265.20020 0.417023
16266.20020 0.416915
16267.20020 0.416807
16268.19043 0.416698
16269.19043 0.41659
16270.19043 0.416482
16271.17969 0.416374
16272.17969 0.416266
16273.17969 0.416158
16274.17969 0.41605
16275.16992 0.415942
16276.16992 0.415834
16277.16992 0.415726
16278.16992 0.415618
16279.16992 0.41551
16280.16016 0.415402
16281.16016 0.415294
16282.16016 0.415186
16283.16016 0.415078
16284.15039 0.41497
16285.15039 0.414862
16286.15039 0.414754
16287.15039 0.414646
16288.15039 0.414538
16289.15039 0.41443
16290.13965 0.414322
16291.13965 0.414215
16292.13965 0.414107
16293.13965 0.413999
16294.13965 0.413891
16295.13965 0.413783
16296.13965 0.413675
16297.12988 0.413567
16298.12988 0.41346
16299.12988 0.413352
16300.12988 0.413244
16301.12988 0.413136
16302.12988 0.413028
16303.12988 0.412921
16304.12988 0.412813
16305.12988 0.41269
16306.12988 0.412559
16307.12988 0.412429
16308.12988 0.412298
16309.12988 0.412168
16310.12012 0.412038
16311.12012 0.411907
16312.12012 0.411776
16313.12012 0.411646
16314.12012 0.411516
16315.12012 0.411386
16316.12012 0.411255
16317.12012 0.411125
16318.12012 0.410994
16319.12012 0.410864
16320.12012 0.410734
16321.12012 0.410604
16322.12012 0.410473
16323.12012 0.410343
16324.12012 0.410213
16325.12988 0.410082
16326.12988 0.409952
16327.12988 0.409822
16328.12988 0.409692
16329.12988 0.409562
16330.12988 0.409432
16331.12988 0.409301
16332.12988 0.409171
16333.12988 0.409041
16334.12988 0.408911
16335.12988 0.408781
16336.13965 0.408651
16337.13965 0.408521
16338.13965 0.408391
16339.13965 0.40826
16340.13965 0.408131
16341.13965 0.408
16342.13965 0.40787
16343.15039 0.40774
16344.15039 0.40761
16345.15039 0.40748
16346.15039 0.40735
16347.15039 0.407221
16348.15039 0.407091
16349.16016 0.406961
16350.16016 0.406831
16351.16016 0.406701
16352.16016 0.406571
16353.16992 0.406441
16354.16992 0.406311
16355.16992 0.406181
16356.16992 0.406052
16357.16992 0.405922
16358.17969 0.405792
16359.17969 0.405662
16360.17969 0.405526
16361.19043 0.40536
16362.19043 0.405194
16363.19043 0.405028
16364.19043 0.404862
16365.20020 0.404696
16366.20020 0.40453
16367.20020 0.404365
16368.20996 0.404199
16369.20996 0.404033
16370.20996 0.403875
16371.21973 0.403745
16372.21973 0.403616
16373.21973 0.403486
16374.23047 0.403357
16375.23047 0.403227
16376.23047 0.403098
16377.24023 0.402968
16378.24023 0.402839
16379.25000 0.402709
16380.25000 0.40258
16381.25000 0.40245
16382.25977 0.402321
16383.25977 0.402192
16384.26953 0.402062
16385.26953 0.401933
16386.26953 0.401804
16387.27930 0.401674
16388.27930 0.401545
16389.28906 0.401416
16390.28906 0.401287
16391.30078 0.401157
16392.30078 0.401028
16393.30078 0.400899
16394.31055 0.400769
16395.31055 0.40064
16396.32031 0.400511
16397.32031 0.400382
16398.33008 0.400253
16399.33984 0.400123
16400.33984 0.400002
16401.34961 0.399897
16402.34961 0.399791
16403.35938 0.399686
16404.35938 0.399581
16405.36914 0.399572
16406.36914 0.399576
16407.38086 0.39958
16408.38086 0.399584
16409.39062 0.399588
16410.39062 0.399592
16411.40039 0.399596
16412.41016 0.3996
16413.41016 0.399604
16414.41992 0.399608
16415.41992 0.399612
16416.42969 0.399616
16417.43945 0.39962
16418.43945 0.399624
16419.44922 0.399627
16420.46094 0.399631
16421.46094 0.399635
16422.47070 0.399639
16423.47070 0.399643
16424.48047 0.399647
16425.49023 0.399651
16426.50000 0.399655
16427.50000 0.399659
16428.50977 0.399663
16429.51953 0.399666
16430.51953 0.39967
16431.52930 0.399674
16432.53906 0.399678
16433.53906 0.399682
16434.55078 0.399686
16435.56055 0.39969
16436.57031 0.399693
16437.57031 0.399697
16438.58008 0.399701
16439.58984 0.399705
16440.59961 0.399709
16441.59961 0.399713
16442.60938 0.399716
16443.61914 0.39972
16444.63086 0.399724
16445.63086 0.399728
16446.64062 0.399732
16447.65039 0.399735
16448.66016 0.399739
16449.66992 0.399743
16450.67969 0.399722
16451.67969 0.39969
16452.68945 0.399657
16453.69922 0.399625
16454.71094 0.399592
16455.72070 0.39956
16456.73047 0.399527
16457.73047 0.399495
16458.74023 0.399462
16459.75000 0.399429
16460.75977 0.399424
16461.76953 0.399428
16462.77930 0.399431
16463.78906 0.399435
16464.80078 0.399439
16465.81055 0.399442
16466.82031 0.399446
16467.82031 0.39945
16468.83008 0.399453
16469.83984 0.399457
16470.84961 0.399461
16471.85938 0.399464
16472.86914 0.399468
16473.88086 0.399471
16474.89062 0.399475
16475.90039 0.399479
16476.91016 0.399482
16477.91992 0.399486
16478.92969 0.399489
16479.93945 0.399493
16480.94922 0.399496
16481.96094 0.3995
16482.97070 0.399504
16483.98047 0.399507
16484.99023 0.399511
16486.00000 0.399514
16487.00977 0.399518
16488.01953 0.399521
16489.02930 0.399525
16490.03906 0.399528
16491.05078 0.399532
16492.07031 0.399535
16493.08008 0.399539
16494.08984 0.399542
16495.09961 0.399546
16496.10938 0.399549
16497.11914 0.399552
16498.13086 0.399556
16499.14062 0.399559
16500.15039 0.399563
16501.16992 0.399566
16502.17969 0.39957
16503.18945 0.399573
16504.19922 0.399577
16505.21094 0.399449
16506.22070 0.399263
16507.23047 0.399078
16508.25000 0.398893
16509.25977 0.398708
16510.26953 0.398522
16511.27930 0.398337
16512.28906 0.398151
16513.31055 0.397966
16514.32031 0.397781
16515.33008 0.397596
16516.33984 0.39741
16517.35938 0.397225
16518.36914 0.39704
16519.38086 0.396854
16520.39062 0.396655
16521.40039 0.396434
16522.41992 0.396212
16523.42969 0.395991
16524.43945 0.395769
16525.46094 0.395547
16526.47070 0.395326
16527.48047 0.395104
16528.49023 0.394883
16529.50977 0.394662
16530.51953 0.394459
16531.52930 0.394274
16532.55078 0.394089
16533.56055 0.393904
16534.57031 0.393719
16535.58984 0.393533
16536.59961 0.393348
16537.61914 0.393163
16538.63086 0.392978
16539.64062 0.392793
16540.66016 0.392608
16541.66992 0.392423
16542.67969 0.392238
16543.69922 0.392053
16544.71094 0.391868
16545.72070 0.391684
16546.74023 0.391499
16547.75000 0.391313
16548.76953 0.391128
16549.77930 0.390944
16550.80078 0.390758
16551.81055 0.390574
16552.82031 0.390389
16553.83984 0.390204
16554.84961 0.390019
16555.86914 0.389834
16556.88086 0.389649
16557.90039 0.389464
16558.91016 0.389279
16559.92969 0.389094
16560.93945 0.388909
16561.96094 0.388724
16562.97070 0.388539
16563.99023 0.388354
16565.00000 0.388169
16566.01953 0.387985
16567.03906 0.3878
16568.05078 0.387615
16569.06055 0.38743
16570.08008 0.387242
16571.09961 0.387022
16572.10938 0.386801
16573.13086 0.38658
16574.14062 0.38636
16575.16016 0.386139
16576.17969 0.385918
16577.18945 0.385698
16578.21094 0.385478
16579.22070 0.385257
16580.24023 0.385045
16581.25977 0.384861
16582.26953 0.384676
16583.28906 0.384491
16584.30078 0.384307
16585.32031 0.384122
16586.33984 0.383937
16587.35938 0.383752
16588.36914 0.383568
16589.39062 0.383383
16590.40039 0.383199
16591.41992 0.383014
16592.43945 0.38283
16593.46094 0.382645
16594.47070 0.38246
16595.49023 0.382276
16596.50977 0.382091
16597.51953 0.381907
16598.53906 0.381722
16599.56055 0.381537
16600.58008 0.381297
16601.58984 0.381015
16602.60938 0.380732
16603.63086 0.38045
16604.65039 0.380094
16605.66016 0.379153
16606.67969 0.378212
16607.69922 0.377271
16608.72070 0.376331
16609.74023 0.37539
16610.75000 0.374425
16611.76953 0.373453
16612.78906 0.37248
16613.81055 0.371507
16614.83008 0.370536
16615.83984 0.369566
16616.85938 0.368595
16617.88086 0.367626
16618.90039 0.366656
16619.91992 0.365689
16620.93945 0.364752
16621.96094 0.36382
16622.97070 0.362886
16623.99023 0.361954
16625.00977 0.361023
16626.02930 0.360092
16627.05078 0.359161
16628.07031 0.35823
16629.08984 0.357302
16630.10938 0.356373
16631.13086 0.355444
16632.15039 0.354515
16633.16992 0.353587
16634.18945 0.35266
16635.21094 0.351734
16636.22070 0.350807
16637.24023 0.349882
16638.25977 0.348957
16639.27930 0.348032
16640.30078 0.347108
16641.32031 0.346183
16642.33984 0.34526
16643.35938 0.344338
16644.38086 0.343416
16645.40039 0.342493
16646.41992 0.341572
16647.43945 0.340652
16648.46094 0.339731
16649.48047 0.338811
16650.50977 0.337875
16651.52930 0.336926
16652.55078 0.335975
16653.57031 0.335027
16654.58984 0.334078
16655.60938 0.333129
16656.63086 0.332183
16657.65039 0.331236
16658.66992 0.33029
16659.68945 0.329344
16660.71094 0.328422
16661.73047 0.327509
16662.75977 0.326596
16663.77930 0.325684
16664.80078 0.324772
16665.82031 0.32386
16666.83984 0.322949
16667.85938 0.322039
16668.88086 0.321129
16669.91016 0.32022
16670.92969 0.319311
16671.94922 0.318403
16672.97070 0.317496
16673.99023 0.316587
16675.01953 0.31568
16676.03906 0.314774
16677.06055 0.313867
16678.08008 0.312962
16679.09961 0.312058
16680.13086 0.311149
16681.15039 0.310216
16682.16992 0.309283
16683.18945 0.308352
16684.22070 0.307419
16685.24023 0.30649
16686.25977 0.305559
16687.27930 0.304631
16688.31055 0.303701
16689.33008 0.302773
16690.34961 0.301856
16691.38086 0.300957
16692.40039 0.300059
16693.41992 0.299162
16694.44922 0.298264
16695.47070 0.297368
16696.49023 0.296471
16697.51953 0.295576
16698.53906 0.294683
16699.56055 0.293786
16700.58984 0.292892
16701.60938 0.291999
16702.63086 0.291106
16703.66016 0.290214
16704.67969 0.289307
16705.69922 0.28828
16706.73047 0.287253
16707.75000 0.286228
16708.77930 0.285203
16709.80078 0.28418
16710.82031 0.283133
16711.84961 0.282084
16712.86914 0.281034
16713.90039 0.279986
16714.91992 0.278938
16715.94922 0.277892
16716.97070 0.276845
16717.99023 0.2758
16719.01953 0.274755
16720.03906 0.273711
16721.07031 0.272696
16722.08984 0.271678
16723.11914 0.270662
16724.14062 0.269646
16725.16992 0.268632
16726.18945 0.267618
16727.22070 0.266603
16728.24023 0.26559
16729.26953 0.264577
16730.28906 0.263565
16731.32031 0.262553
16732.34961 0.261542
16733.36914 0.260532
16734.40039 0.259522
16735.41992 0.258513
16736.44922 0.257502
16737.47070 0.256495
16738.50000 0.255487
16739.52930 0.25448
16740.55078 0.25346
16741.58008 0.25243
16742.59961 0.251401
16743.63086 0.250372
16744.66016 0.249345
16745.67969 0.248316
16746.71094 0.247291
16747.74023 0.246264
16748.75977 0.245241
16749.78906 0.244216
16750.81055 0.243212
