threeML/data/optical_filters/HST/WFC3_UVIS2-F850LP.ecsv
# %ECSV 0.9
# ---
# datatype:
# - {name: wavelength, unit: Angstrom, datatype: float32}
# - {name: response, datatype: float32}
# meta: !!omap
# - {band_name: F850LP}
# - {group_name: WFC3_UVIS2}
wavelength response
[from data line 1588]
10773.03027 0.001873
10774.87988 0.00186
10776.71973 0.001847
10778.55957 0.001834
10780.41016 0.001821
10782.25000 0.001808
10784.09961 0.001796
10785.94043 0.001784
10787.79004 0.001771
10789.62988 0.001759
10791.48047 0.001747
10793.33008 0.001734
10795.16992 0.001722
10797.01953 0.001709
10798.87012 0.001697
10800.70996 0.001685
10802.55957 0.001675
10804.41016 0.001666
10806.25977 0.001656
10808.11035 0.001647
10809.95996 0.001637
10811.80957 0.001627
10813.66016 0.001617
10815.50977 0.001607
10817.36035 0.001598
10819.20996 0.001588
10821.05957 0.001578
10822.91016 0.001569
10824.75977 0.001559
10826.62012 0.00155
10828.46973 0.00154
10830.32031 0.00153
10832.16992 0.001521
10834.03027 0.001511
10835.87988 0.001502
10837.73047 0.001492
10839.58984 0.001482
10841.44043 0.001472
10843.29980 0.001463
10845.15039 0.001453
10847.00977 0.001443
10848.86035 0.001434
10850.71973 0.001424
10852.58008 0.001415
10854.42969 0.001405
10856.29004 0.001395
10858.15039 0.001386
10860.00977 0.001376
10861.86035 0.001367
10863.71973 0.001357
10865.58008 0.001348
10867.44043 0.001338
10869.29980 0.001329
10871.16016 0.00132
10873.01953 0.00131
10874.87988 0.001301
10876.74023 0.001291
10878.59961 0.001282
10880.45996 0.001272
10882.32031 0.001262
10884.19043 0.001253
10886.04980 0.001243
10887.91016 0.001233
10889.76953 0.001224
10891.63965 0.001214
10893.50000 0.001205
10895.36035 0.001195
10897.23047 0.001186
10899.08984 0.001176
10900.95996 0.001167
10902.82031 0.001157
10904.69043 0.001148
10906.54980 0.001139
10908.41992 0.001129
10910.29004 0.00112
10912.15039 0.00111
10914.01953 0.001101
10915.88965 0.001091
10917.75000 0.001082
10919.62012 0.001072
10921.49023 0.001063
10923.36035 0.001053
10925.23047 0.001043
10927.09961 0.001034
10928.96973 0.001024
10930.83984 0.001015
10932.70996 0.001005
10934.58008 0.000996
10936.45020 0.000987
10938.32031 0.000977
10940.19043 0.000968
10942.05957 0.000959
10943.94043 0.000949
10945.80957 0.00094
10947.67969 0.00093
10949.54980 0.000921
10951.42969 0.000911
10953.29980 0.000902
10955.17969 0.000892
10957.04980 0.000882
10958.91992 0.000873
10960.79980 0.000863
10962.66992 0.000854
10964.54980 0.000845
10966.42969 0.000835
10968.29980 0.000826
10970.17969 0.000816
10972.05957 0.000807
10973.92969 0.000798
10975.80957 0.000788
10977.69043 0.000779
10979.57031 0.00077
10981.45020 0.00076
10983.33008 0.000751
10985.20020 0.000741
10987.08008 0.000732
10988.95996 0.000722
10990.83984 0.000713
10992.71973 0.000703
10994.59961 0.000694
10996.49023 0.000685
10998.37012 0.000676
11000.25000 0.000667
11002.12988 0.00066
12102.34277 0.0
