threeML/data/optical_filters/HST/WFC3_UVIS2-G280.ecsv
# %ECSV 0.9
# ---
# datatype:
# - {name: wavelength, unit: Angstrom, datatype: float32}
# - {name: response, datatype: float32}
# meta: !!omap
# - {band_name: G280}
# - {group_name: WFC3_UVIS2}
wavelength response
[from data line 8045]
7006.14014 0.018909
7007.23193 0.018897
7008.32520 0.018885
7009.41699 0.018873
7010.50977 0.018862
7011.60303 0.018852
7012.69580 0.018842
7013.79004 0.018832
7014.88281 0.018822
7015.97705 0.018812
7017.06982 0.018802
7018.16504 0.018792
7019.25879 0.018782
7020.35303 0.018771
7021.44678 0.018759
7022.54199 0.018748
7023.63721 0.018736
7024.73193 0.018724
7025.82715 0.018712
7026.92188 0.018701
7028.01807 0.018689
7029.11377 0.018677
7030.20898 0.018665
7031.30615 0.018655
7032.40186 0.018644
7033.49805 0.018633
7034.59521 0.018623
7035.69092 0.018612
7036.78809 0.018601
7037.88477 0.01859
7038.98193 0.01858
7040.08008 0.018569
7041.17822 0.018558
7042.27490 0.018548
7043.37305 0.018537
7044.47119 0.018526
7045.56885 0.018516
7046.66797 0.018505
7047.76709 0.018494
7048.86523 0.018484
7049.96387 0.018473
7051.06299 0.018461
7052.16309 0.018448
7053.26221 0.018436
7054.36182 0.018423
7055.46094 0.018411
7056.56201 0.018399
7057.66211 0.018386
7058.76221 0.018374
7059.86182 0.018362
7060.96289 0.018351
7062.06396 0.01834
7063.16504 0.018329
7064.26611 0.018319
7065.36719 0.018308
7066.46924 0.018298
7067.56982 0.018287
7068.67188 0.018276
7069.77393 0.018266
7070.87598 0.018254
7071.97900 0.018242
7073.08203 0.018229
7074.18408 0.018217
7075.28711 0.018205
7076.39014 0.018192
7077.49414 0.01818
7078.59717 0.018168
7079.70020 0.018155
7080.80420 0.018144
7081.90820 0.018134
7083.01221 0.018123
7084.11621 0.018113
7085.22119 0.018102
7086.32617 0.018092
7087.43018 0.018081
7088.53516 0.01807
7089.64014 0.01806
7090.74609 0.018048
7091.85107 0.018036
7092.95703 0.018024
7094.06299 0.018011
7095.16797 0.017999
7096.27393 0.017987
7097.38086 0.017975
7098.48682 0.017963
7099.59424 0.01795
7100.70117 0.017939
7101.80811 0.017929
7102.91504 0.017918
7104.02197 0.017908
7105.12988 0.017897
7106.23779 0.017887
7107.34619 0.017876
7108.45410 0.017866
7109.56201 0.017855
7110.66992 0.017845
7111.77881 0.017835
7112.88818 0.017824
7113.99707 0.017814
7115.10498 0.017803
7116.21484 0.017793
7117.32422 0.017782
7118.43408 0.017772
7119.54395 0.017762
7120.65381 0.01775
7121.76416 0.017738
7122.87402 0.017726
7123.98486 0.017714
7125.09521 0.017702
7126.20605 0.017689
7127.31689 0.017677
7128.42822 0.017665
7129.54004 0.017653
7130.65088 0.017642
7131.76318 0.017632
7132.87500 0.017621
7133.98682 0.017611
7135.09912 0.0176
7136.21094 0.01759
7137.32422 0.01758
7138.43701 0.017569
7139.54883 0.017559
7140.66309 0.017548
7141.77588 0.017536
7142.88916 0.017523
7144.00293 0.017511
7145.11719 0.017499
7146.22998 0.017487
7147.34521 0.017475
7148.45898 0.017463
7149.57324 0.017451
7150.68799 0.01744
7151.80322 0.01743
7152.91797 0.01742
7154.03320 0.017409
7155.14795 0.017399
7156.26416 0.017389
7157.37891 0.017378
7158.49609 0.017368
7159.61084 0.017358
7160.72803 0.017346
7161.84424 0.017334
7162.95996 0.017323
7164.07715 0.017311
7165.19385 0.017299
7166.31201 0.017287
7167.42920 0.017275
7168.54590 0.017263
7169.66406 0.017251
7170.78076 0.01724
7171.89893 0.01723
7173.01807 0.01722
7174.13623 0.017209
7175.25391 0.017199
7176.37305 0.017189
7177.49219 0.017179
7178.60986 0.017168
7179.72998 0.017158
7180.84912 0.017148
7181.96924 0.017138
7183.08789 0.017128
7184.20801 0.017117
7185.32812 0.017107
7186.44824 0.017097
7187.56885 0.017087
7188.68896 0.017076
7189.81006 0.017066
7190.93115 0.017055
7192.05176 0.017043
7193.17285 0.017031
7194.29492 0.017019
7195.41699 0.017007
7196.53809 0.016995
7197.66016 0.016984
7198.78223 0.016972
7199.90479 0.01696
7201.02686 0.01695
7202.14990 0.016939
7203.27197 0.016929
7204.39600 0.016919
7205.51904 0.016909
7206.64209 0.016899
7207.76611 0.016889
7208.88916 0.016879
7210.01318 0.016868
7211.13721 0.016857
7212.26221 0.016845
7213.38623 0.016833
7214.51123 0.016821
7215.63477 0.01681
7216.75977 0.016798
7217.88477 0.016786
7219.01123 0.016774
7220.13623 0.016763
7221.26221 0.016753
7222.38818 0.016743
7223.51416 0.016733
7224.64014 0.016722
7225.76611 0.016712
7226.89307 0.016702
7228.02002 0.016692
7229.14600 0.016682
7230.27295 0.016672
7231.39990 0.016659
7232.52783 0.016647
7233.65479 0.016634
7234.78320 0.016622
7235.91113 0.016609
7237.03906 0.016597
7238.16699 0.016585
7239.29590 0.016572
7240.42383 0.01656
7241.55322 0.01655
7242.68213 0.016539
7243.81201 0.016528
7244.94092 0.016517
7246.06982 0.016507
7247.20020 0.016496
7248.33008 0.016485
7249.45996 0.016474
7250.58984 0.016463
7251.72021 0.01645
7252.85107 0.016438
7253.98193 0.016426
7255.11279 0.016413
7256.24414 0.016401
7257.37500 0.016389
7258.50586 0.016376
7259.63818 0.016364
7260.77002 0.016353
7261.90186 0.016342
7263.03418 0.016332
7264.16699 0.016321
7265.29883 0.01631
7266.43213 0.0163
7267.56396 0.016289
7268.69678 0.016278
7269.83105 0.016268
7270.96387 0.016257
7272.09814 0.016246
7273.23096 0.016236
7274.36523 0.016225
7275.50000 0.016215
7276.63379 0.016204
7277.76807 0.016193
7278.90283 0.016183
7280.03809 0.016172
7281.17188 0.01616
7282.30811 0.016148
7283.44287 0.016135
7284.57910 0.016123
7285.71387 0.016111
7286.85010 0.016099
7287.98584 0.016087
7289.12207 0.016074
7290.25879 0.016063
7291.39502 0.016052
7292.53223 0.016041
7293.66895 0.016031
7294.80615 0.01602
7295.94287 0.01601
7297.08105 0.015999
7298.21777 0.015989
7299.35596 0.015978
7300.49414 0.015967
7301.63184 0.015955
7302.77100 0.015943
7303.90918 0.015931
7305.04785 0.015918
7306.18701 0.015906
7307.32617 0.015894
7308.46484 0.015882
7309.60400 0.01587
7310.74414 0.015859
7311.88379 0.015849
7313.02393 0.015838
7314.16406 0.015828
7315.30420 0.015817
7316.44482 0.015807
7317.58496 0.015796
7318.72607 0.015786
7319.86719 0.015775
7321.00781 0.015763
7322.14990 0.015751
7323.29199 0.015739
7324.43311 0.015727
7325.57520 0.015715
7326.71680 0.015703
7327.85889 0.015691
7329.00098 0.015679
7330.14404 0.015668
7331.28711 0.015657
7332.43018 0.015647
7333.57324 0.015636
7334.71582 0.015626
7335.85986 0.015616
7337.00391 0.015605
7338.14697 0.015595
7339.29199 0.015584
7340.43604 0.015574
7341.58008 0.015562
7342.72510 0.01555
7343.87012 0.015538
7345.01514 0.015526
7346.16016 0.015514
7347.30518 0.015502
7348.45020 0.01549
7349.59619 0.015478
7350.74219 0.015467
7351.88818 0.015457
7353.03418 0.015447
7354.18018 0.015436
7355.32715 0.015426
7356.47412 0.015416
7357.62109 0.015405
7358.76807 0.015395
7359.91504 0.015385
7361.06201 0.015373
7362.20996 0.015361
7363.35693 0.015349
7364.50488 0.015338
7365.65381 0.015326
7366.80176 0.015314
7367.95117 0.015302
7369.09912 0.01529
7370.24805 0.015279
7371.39697 0.015269
7372.54590 0.015258
7373.69580 0.015248
7374.84521 0.015238
7375.99512 0.015228
7377.14502 0.015217
7378.29492 0.015207
7379.44482 0.015197
7380.59619 0.015186
7381.74707 0.015174
7382.89697 0.015162
7384.04785 0.015151
7385.20020 0.015139
7386.35107 0.015127
7387.50195 0.015116
7388.65381 0.015104
7389.80615 0.015092
7390.95801 0.015082
7392.10986 0.015071
7393.26318 0.015061
7394.41602 0.015051
7395.56787 0.015041
7396.72217 0.015031
7397.87500 0.015021
7399.02783 0.015011
7400.18213 0.015
7401.33496 0.014989
7402.48877 0.014977
7403.64307 0.014965
7404.79688 0.014954
7405.95215 0.014942
7407.10596 0.01493
7408.26123 0.014919
7409.41602 0.014907
7410.57080 0.014896
7411.72705 0.014886
7412.88184 0.014876
7414.03809 0.014866
7415.19385 0.014856
7416.35010 0.014846
7417.50586 0.014836
7418.66309 0.014826
7419.81885 0.014816
7420.97607 0.014804
7422.13281 0.014793
7423.29004 0.014781
7424.44678 0.01477
7425.60400 0.014758
7426.76221 0.014746
7427.91992 0.014735
7429.07812 0.014723
7430.23584 0.014712
7431.39502 0.014703
7432.55322 0.014694
7433.71191 0.014685
7434.87109 0.014676
7436.02979 0.014667
7437.18896 0.014658
7438.34912 0.014649
7439.50879 0.014639
7440.66797 0.014629
7441.82910 0.014619
7442.98877 0.014608
7444.14893 0.014598
7445.31006 0.014587
7446.47021 0.014577
7447.63086 0.014566
7448.79199 0.014555
7449.95410 0.014545
7451.11523 0.014536
7452.27686 0.014527
7453.43799 0.014518
7454.60107 0.014508
7455.76318 0.014499
7456.92480 0.01449
7458.08789 0.014481
7459.25000 0.014472
7460.41406 0.014463
7461.57715 0.014452
7462.74023 0.014442
7463.90283 0.014431
7465.06689 0.014421
7466.23096 0.01441
7467.39502 0.0144
7468.55908 0.014389
7469.72314 0.014379
7470.88818 0.014369
7472.05322 0.01436
7473.21777 0.014351
7474.38281 0.014342
7475.54785 0.014333
7476.71289 0.014324
7477.87891 0.014315
7479.04492 0.014306
7480.21094 0.014297
7481.37695 0.014286
7482.54297 0.014276
7483.70996 0.014265
7484.87598 0.014255
7486.04297 0.014244
7487.20996 0.014234
7488.37793 0.014224
7489.54492 0.014213
7490.71289 0.014204
7491.88086 0.014195
7493.04883 0.014186
7494.21680 0.014177
7495.38477 0.014168
7496.55420 0.014159
7497.72314 0.01415
7498.89209 0.014141
7500.06104 0.014132
7501.22998 0.014118
7502.39893 0.014105
7503.56885 0.014091
7504.73877 0.014078
7505.90918 0.014064
7507.07910 0.01405
7508.25000 0.014037
7509.41992 0.014023
7510.59082 0.01401
7511.76221 0.013998
7512.93311 0.013986
7514.10400 0.013974
7515.27490 0.013962
7516.44678 0.01395
7517.61914 0.013938
7518.79102 0.013926
7519.96289 0.013914
7521.13623 0.0139
7522.30811 0.013887
7523.48096 0.013874
7524.65381 0.01386
7525.82715 0.013847
7527.00000 0.013833
7528.17383 0.01382
7529.34814 0.013806
7530.52100 0.013794
7531.69482 0.013782
7532.87012 0.01377
7534.04395 0.013758
7535.21924 0.013746
7536.39404 0.013734
7537.56787 0.013722
7538.74316 0.01371
7539.91797 0.013698
7541.09424 0.013685
7542.27002 0.013671
7543.44580 0.013658
7544.62207 0.013645
7545.79785 0.013631
7546.97510 0.013618
7548.15088 0.013605
7549.32812 0.013592
7550.50488 0.013579
7551.68213 0.013567
7552.85889 0.013555
7554.03711 0.013543
7555.21387 0.013531
7556.39209 0.01352
7557.56982 0.013508
7558.74902 0.013496
7559.92676 0.013484
7561.10498 0.013471
7562.28516 0.013458
7563.46289 0.013444
7564.64307 0.013431
7565.82178 0.013418
7567.00098 0.013405
7568.18115 0.013392
7569.36084 0.013378
7570.54102 0.013366
7571.72217 0.013354
7572.90186 0.013342
7574.08301 0.013331
7575.26318 0.013319
7576.44385 0.013307
7577.62500 0.013295
7578.80713 0.013284
7579.98779 0.013272
7581.16992 0.013259
7582.35205 0.013246
7583.53418 0.013232
7584.71582 0.013219
7585.89893 0.013206
7587.08203 0.013193
7588.26514 0.01318
7589.44824 0.013167
7590.63086 0.013155
7591.81396 0.013143
7592.99805 0.013131
7594.18213 0.01312
7595.36621 0.013108
7596.54980 0.013096
7597.73389 0.013085
7598.91797 0.013073
7600.10303 0.013061
7601.28809 0.013048
7602.47314 0.013035
7603.65820 0.013022
7604.84424 0.013009
7606.02881 0.012996
7607.21484 0.012983
7608.40088 0.01297
7609.58691 0.012957
7610.77393 0.012944
7611.95996 0.012931
7613.14697 0.012918
7614.33398 0.012905
7615.52100 0.012892
7616.70801 0.012879
7617.89600 0.012866
7619.08301 0.012853
7620.27100 0.012841
7621.45898 0.012829
7622.64697 0.012818
7623.83594 0.012806
7625.02393 0.012795
7626.21289 0.012783
7627.40186 0.012772
7628.59082 0.01276
7629.78076 0.012749
7630.97021 0.012735
7632.16016 0.01272
7633.35010 0.012706
7634.54004 0.012691
7635.72998 0.012676
7636.91992 0.012662
7638.11084 0.012647
7639.30176 0.012633
7640.49316 0.012619
7641.68408 0.012606
7642.87500 0.012593
7644.06689 0.01258
7645.25879 0.012567
7646.45117 0.012554
7647.64307 0.01254
7648.83496 0.012527
7650.02686 0.012514
7651.22021 0.0125
7652.41309 0.012486
7653.60596 0.012471
7654.79883 0.012457
7655.99316 0.012442
7657.18604 0.012428
7658.37988 0.012414
7659.57422 0.012399
7660.76807 0.012386
7661.96191 0.012373
7663.15723 0.01236
7664.35205 0.012347
7665.54590 0.012334
7666.74219 0.012321
7667.93701 0.012308
7669.13184 0.012295
7670.32812 0.012282
7671.52393 0.012268
7672.72021 0.012253
7673.91602 0.012239
7675.11182 0.012225
7676.30908 0.012211
7677.50586 0.012197
7678.70312 0.012183
7679.89990 0.012168
7681.09717 0.012155
7682.29395 0.012143
7683.49219 0.01213
7684.68994 0.012117
7685.88818 0.012104
7687.08594 0.012091
7688.28516 0.012078
7689.48291 0.012066
7690.68213 0.012052
7691.88086 0.012038
7693.08105 0.012024
7694.27979 0.01201
7695.47900 0.011996
7696.67920 0.011982
7697.87891 0.011968
7699.07910 0.011954
7700.27979 0.01194
7701.47998 0.011926
7702.68115 0.011912
7703.88086 0.011898
7705.08301 0.011884
7706.28418 0.01187
7707.48486 0.011856
7708.68701 0.011842
7709.88916 0.011828
7711.09082 0.011815
7712.29297 0.011803
7713.49512 0.01179
7714.69824 0.011777
7715.89990 0.011765
7717.10400 0.011752
7718.30713 0.01174
7719.50977 0.011727
7720.71289 0.011714
7721.91699 0.0117
7723.12109 0.011686
7724.32520 0.011672
7725.52881 0.011658
7726.73389 0.011645
7727.93799 0.011631
7729.14307 0.011617
7730.34814 0.011604
7731.55322 0.011591
7732.75879 0.011579
7733.96387 0.011566
7735.16992 0.011554
7736.37598 0.011541
7737.58203 0.011529
7738.78906 0.011516
7739.99512 0.011504
7741.20215 0.01149
7742.40820 0.011476
7743.61621 0.011463
7744.82324 0.011449
7746.02979 0.011435
7747.23779 0.011422
7748.44580 0.011408
7749.65381 0.011395
7750.86182 0.011382
7752.06982 0.011369
7753.27881 0.011357
7754.48682 0.011345
7755.69580 0.011332
7756.90576 0.01132
7758.11523 0.011308
7759.32422 0.011295
7760.53418 0.011283
7761.74414 0.011269
7762.95410 0.011255
7764.16504 0.011242
7765.37500 0.011228
7766.58496 0.011215
7767.79590 0.011201
7769.00684 0.011188
7770.21924 0.011175
7771.43018 0.011161
7772.64209 0.011148
7773.85400 0.011134
7775.06494 0.011121
7776.27686 0.011107
7777.49023 0.011094
7778.70215 0.011081
7779.91504 0.011067
7781.12793 0.011055
7782.34082 0.011043
7783.55420 0.011031
7784.76807 0.011019
7785.98096 0.011006
7787.19482 0.010994
7788.40918 0.010982
7789.62402 0.01097
7790.83789 0.010957
7792.05322 0.010944
7793.26807 0.01093
7794.48193 0.010917
7795.69824 0.010904
7796.91309 0.010891
7798.12793 0.010877
7799.34424 0.010864
7800.56006 0.010852
7801.77588 0.010839
7802.99316 0.010827
7804.20898 0.010815
7805.42578 0.010803
7806.64307 0.010791
7807.85986 0.010779
7809.07715 0.010767
7810.29395 0.010755
7811.51221 0.010742
7812.72998 0.010729
7813.94824 0.010716
7815.16699 0.010703
7816.38477 0.010689
7817.60400 0.010676
7818.82178 0.010663
7820.04102 0.01065
7821.25977 0.010638
7822.47900 0.010626
7823.69922 0.010615
7824.91895 0.010603
7826.13916 0.010591
7827.35889 0.010579
7828.57910 0.010567
7829.79980 0.010555
7831.02100 0.010543
7832.24121 0.010532
7833.46191 0.01052
7834.68408 0.010508
7835.90479 0.010496
7837.12598 0.010485
7838.34912 0.010473
7839.56982 0.010461
7840.79297 0.010449
7842.01514 0.010438
7843.23779 0.010426
7844.45996 0.010414
7845.68408 0.010403
7846.90723 0.010391
7848.12988 0.010379
7849.35400 0.010368
7850.57715 0.010356
7851.80078 0.010346
7853.02490 0.010335
7854.25000 0.010325
7855.47412 0.010314
7856.69922 0.010304
7857.92383 0.010293
7859.14893 0.010283
7860.37402 0.010272
7861.60010 0.01026
7862.82520 0.010249
7864.05078 0.010237
7865.27686 0.010226
7866.50293 0.010214
7867.72900 0.010202
7868.95605 0.010191
7870.18311 0.01018
7871.41016 0.010169
7872.63721 0.010159
7873.86523 0.010148
7875.09180 0.010138
7876.31982 0.010127
7877.54785 0.010117
7878.77588 0.010107
7880.00391 0.010096
7881.23291 0.010085
7882.46094 0.010073
7883.68994 0.010062
7884.91895 0.01005
7886.14893 0.010039
7887.37793 0.010027
7888.60791 0.010016
7889.83789 0.010004
7891.06787 0.009993
7892.29785 0.009982
7893.52783 0.00997
7894.75879 0.009959
7895.99023 0.009947
7897.22119 0.009936
7898.45215 0.009924
7899.68408 0.009913
7900.91504 0.009902
7902.14697 0.009892
7903.37891 0.009882
7904.61084 0.009872
7905.84277 0.009861
7907.07617 0.009851
7908.30908 0.009841
7909.54199 0.009831
7910.77393 0.00982
7912.00781 0.009808
7913.24219 0.009797
7914.47510 0.009786
7915.70898 0.009774
7916.94287 0.009763
7918.17676 0.009752
7919.41211 0.00974
7920.64600 0.00973
7921.88086 0.00972
7923.11621 0.009709
7924.35205 0.009699
7925.58691 0.009689
7926.82324 0.009679
7928.05908 0.009669
7929.29395 0.009659
7930.53076 0.009648
7931.76709 0.009637
7933.00391 0.009625
7934.24023 0.009614
7935.47803 0.009603
7936.71484 0.009592
7937.95215 0.009581
7939.18896 0.009569
