threeML/data/optical_filters/HST/WFC3_UVIS1-F200LP.ecsv
# %ECSV 0.9
# ---
# datatype:
# - {name: wavelength, unit: Angstrom, datatype: float32}
# - {name: response, datatype: float32}
# meta: !!omap
# - {band_name: F200LP}
# - {group_name: WFC3_UVIS1}
wavelength response
[from data line 4024]
3956.36401 0.246822
3957.04004 0.246907
3957.71606 0.246992
3958.39307 0.247077
3959.06909 0.247162
3959.74609 0.247247
3960.42310 0.247341
3961.10010 0.24744
3961.77710 0.247544
3962.45410 0.247648
3963.13110 0.247752
3963.80811 0.247856
3964.48608 0.24796
3965.16309 0.248065
3965.84106 0.248169
3966.51904 0.248273
3967.19702 0.248377
3967.87500 0.248482
3968.55298 0.248586
3969.23096 0.248691
3969.90991 0.248795
3970.58789 0.248887
3971.26709 0.248976
3971.94604 0.249066
3972.62500 0.249156
3973.30298 0.249245
3973.98193 0.249335
3974.66211 0.249425
3975.34106 0.249514
3976.02100 0.249604
3976.69995 0.249694
3977.37988 0.249784
3978.05908 0.249874
3978.73901 0.249963
3979.41895 0.250053
3980.10010 0.250143
3980.78003 0.250233
3981.45996 0.25032
3982.14111 0.250404
3982.82104 0.250488
3983.50195 0.250572
3984.18311 0.250655
3984.86401 0.25074
3985.54492 0.250824
3986.22607 0.250908
3986.90698 0.250992
3987.58911 0.251076
3988.27002 0.25116
3988.95190 0.251244
3989.63403 0.251328
3990.31494 0.251419
3990.99805 0.251517
3991.67896 0.251616
3992.36206 0.251715
3993.04395 0.251814
3993.72705 0.251912
3994.40894 0.252011
3995.09204 0.25211
3995.77490 0.252209
3996.45801 0.252308
3997.14111 0.252406
3997.82397 0.252505
3998.50708 0.252604
3999.18994 0.252703
3999.87402 0.252802
4000.55811 0.252837
4001.24097 0.252857
4001.92505 0.252882
4002.60889 0.252907
4003.29297 0.252932
4003.97803 0.252957
4004.66211 0.252982
4005.34595 0.253007
4006.03101 0.253032
4006.71606 0.253057
4007.39990 0.253082
4008.08496 0.253107
4008.77002 0.253132
4009.45508 0.253157
4010.14111 0.253182
4010.82593 0.253206
4011.51099 0.253231
4012.19702 0.253256
4012.88306 0.25328
4013.56909 0.253305
4014.25488 0.25333
4014.94092 0.253355
4015.62695 0.253379
4016.31299 0.253404
4017.00000 0.253429
4017.68604 0.253454
4018.37305 0.253478
4019.06006 0.253503
4019.74707 0.253528
4020.43408 0.253562
4021.12109 0.253602
4021.80811 0.253641
4022.49609 0.25368
4023.18311 0.253719
4023.87109 0.253757
4024.55811 0.253796
4025.24609 0.253835
4025.93408 0.253874
4026.62207 0.253913
4027.31104 0.253952
4027.99902 0.253991
4028.68701 0.25403
4029.37598 0.254069
4030.06396 0.254108
4030.75293 0.254143
4031.44189 0.254177
4032.13110 0.254212
4032.82007 0.254247
4033.51001 0.254282
4034.19897 0.254316
4034.88794 0.254351
4035.57788 0.254386
4036.26807 0.254421
4036.95801 0.254456
4037.64795 0.25449
4038.33789 0.254525
4039.02808 0.25456
4039.71802 0.254595
4040.40894 0.25463
4041.09912 0.254664
4041.79004 0.254691
4042.48096 0.254717
4043.17212 0.254743
4043.86304 0.254769
4044.55396 0.254794
4045.24512 0.25482
4045.93701 0.254846
4046.62793 0.254872
4047.32007 0.254898
4048.01099 0.254924
4048.70288 0.25495
4049.39502 0.254976
4050.08691 0.255004
4050.77905 0.255045
4051.47192 0.255086
4052.16406 0.255127
4052.85693 0.255168
4053.54907 0.255209
4054.24194 0.25525
4054.93506 0.255291
4055.62793 0.255332
4056.32104 0.255373
4057.01489 0.255414
4057.70801 0.255455
4058.40210 0.255496
4059.09497 0.255537
4059.78906 0.255578
4060.48291 0.255609
4061.17700 0.255634
4061.87109 0.25566
4062.56494 0.255685
4063.26001 0.255711
4063.95410 0.255737
4064.64795 0.255762
4065.34302 0.255788
4066.03809 0.255814
4066.73291 0.255839
4067.42798 0.255865
4068.12305 0.255891
4068.81812 0.255916
4069.51392 0.255942
4070.20898 0.255968
4070.90503 0.255993
4071.60107 0.256018
4072.29712 0.256044
4072.99292 0.25607
4073.68896 0.256095
4074.38501 0.25612
4075.08203 0.256146
4075.77808 0.256172
4076.47510 0.256197
4077.17090 0.256223
4077.86792 0.256248
4078.56494 0.256274
4079.26196 0.256299
4079.95898 0.256325
4080.65698 0.256365
4081.35400 0.256408
4082.05200 0.256457
4082.74902 0.256507
4083.44702 0.256556
4084.14502 0.256605
4084.84302 0.256655
4085.54102 0.256704
4086.23999 0.256754
4086.93799 0.256803
4087.63599 0.256852
4088.33496 0.256902
4089.03394 0.256951
4089.73291 0.257001
4090.43188 0.257041
4091.13110 0.257075
4091.83008 0.257109
4092.52905 0.257143
4093.22900 0.257176
4093.92798 0.25721
4094.62793 0.257244
4095.32788 0.257278
4096.02783 0.257312
4096.72803 0.257346
4097.42822 0.25738
4098.12793 0.257414
4098.82910 0.257448
4099.52881 0.257482
4100.22998 0.257516
4100.93115 0.25755
4101.63184 0.257584
4102.33301 0.257618
4103.03418 0.257652
4103.73486 0.257686
4104.43701 0.25772
4105.13818 0.257754
4105.83887 0.257788
4106.54199 0.257822
4107.24316 0.257856
4107.94482 0.25789
4108.64697 0.257924
4109.35010 0.257958
4110.05176 0.257993
4110.75391 0.258042
4111.45703 0.258092
4112.16016 0.258141
4112.86182 0.25819
4113.56494 0.25824
4114.26904 0.258289
4114.97217 0.258339
4115.67480 0.258388
4116.37793 0.258438
4117.08203 0.258487
4117.78613 0.258537
4118.48877 0.258586
4119.19287 0.258636
4119.89697 0.258685
4120.60205 0.258721
4121.30615 0.258755
4122.00977 0.258787
4122.71387 0.258819
4123.41895 0.258852
4124.12402 0.258884
4124.82910 0.258916
4125.53418 0.258949
4126.23877 0.258981
4126.94385 0.259013
4127.64893 0.259046
4128.35498 0.259078
4129.06104 0.25911
4129.76611 0.259143
4130.47217 0.259175
4131.17822 0.259207
4131.88379 0.259239
4132.58984 0.259272
4133.29590 0.259304
4134.00293 0.259336
4134.70898 0.259368
4135.41602 0.2594
4136.12305 0.259433
4136.83008 0.259465
4137.53711 0.259497
4138.24414 0.259529
4138.95117 0.259562
4139.65918 0.259594
4140.36621 0.259626
4141.07422 0.259658
4141.78223 0.259691
4142.49023 0.259723
4143.19824 0.259755
4143.90576 0.259788
4144.61377 0.25982
4145.32178 0.259852
4146.03076 0.259885
4146.73877 0.259917
4147.44824 0.25995
4148.15723 0.259982
4148.86621 0.260014
4149.57520 0.260047
4150.28418 0.260086
4150.99414 0.260134
4151.70312 0.260182
4152.41309 0.26023
4153.12207 0.260278
4153.83203 0.260326
4154.54199 0.260375
4155.25195 0.260423
4155.96191 0.260471
4156.67285 0.260519
4157.38281 0.260568
4158.09424 0.260616
4158.80420 0.260664
4159.51514 0.260712
4160.22607 0.260755
4160.93701 0.260788
4161.64795 0.260819
4162.35889 0.26085
4163.07080 0.260881
4163.78223 0.260912
4164.49414 0.260943
4165.20605 0.260973
4165.91699 0.261004
4166.62988 0.261035
4167.34180 0.261066
4168.05420 0.261097
4168.76709 0.261128
4169.47900 0.261159
4170.19092 0.26119
4170.90381 0.26122
4171.61719 0.261251
4172.33008 0.261282
4173.04297 0.261313
4173.75586 0.261343
4174.47021 0.261374
4175.18311 0.261405
4175.89697 0.261436
4176.60986 0.261466
4177.32422 0.261497
4178.03906 0.261528
4178.75195 0.261559
4179.46680 0.26159
4180.18115 0.261624
4180.89600 0.261671
4181.60986 0.261719
4182.32520 0.261769
4183.04004 0.261818
4183.75391 0.261867
4184.46924 0.261916
4185.18506 0.261965
4185.89990 0.262014
4186.61523 0.262064
4187.33105 0.262113
4188.04590 0.262162
4188.76221 0.262211
4189.47803 0.26226
4190.19385 0.262305
4190.91113 0.262338
4191.62695 0.262371
4192.34277 0.262404
4193.06006 0.262437
4193.77588 0.26247
4194.49316 0.262504
4195.20996 0.262537
4195.92676 0.26257
4196.64404 0.262603
4197.36084 0.262636
4198.07910 0.262669
4198.79590 0.262702
4199.51416 0.262735
4200.23096 0.262768
4200.95020 0.262801
4201.66699 0.262832
4202.38623 0.262861
4203.10400 0.26289
4203.82178 0.26292
4204.54102 0.262949
4205.25879 0.262978
4205.97803 0.263007
4206.69678 0.263037
4207.41602 0.263066
4208.13477 0.263095
4208.85400 0.263125
4209.57422 0.263154
4210.29297 0.263183
4211.01318 0.263212
4211.73193 0.263242
4212.45215 0.263271
4213.17188 0.2633
4213.89209 0.263329
4214.61182 0.263358
4215.33301 0.263388
4216.05322 0.263417
4216.77393 0.263446
4217.49512 0.263475
4218.21484 0.263504
4218.93604 0.263534
4219.65723 0.263563
4220.37793 0.263601
4221.10010 0.263646
4221.82080 0.263691
4222.54297 0.263736
4223.26514 0.263781
4223.98584 0.263826
4224.70801 0.263871
4225.43018 0.263916
4226.15186 0.26396
4226.87500 0.264005
4227.59717 0.26405
4228.31982 0.264095
4229.04199 0.26414
4229.76514 0.264185
4230.48779 0.264214
4231.21094 0.264235
4231.93506 0.264256
4232.65820 0.264277
4233.38086 0.264299
4234.10400 0.26432
4234.82812 0.264341
4235.55176 0.264362
4236.27588 0.264383
4237.00000 0.264405
4237.72412 0.264426
4238.44824 0.264447
4239.17285 0.264468
4239.89697 0.264489
4240.62207 0.26451
4241.34717 0.264531
4242.07178 0.264553
4242.79688 0.264575
4243.52197 0.264596
4244.24707 0.264618
4244.97314 0.264639
4245.69824 0.264661
4246.42383 0.264682
4247.14893 0.264704
4247.87500 0.264725
4248.60205 0.264747
4249.32812 0.264768
4250.05420 0.264791
4250.77979 0.264829
4251.50684 0.264867
4252.23291 0.264905
4252.95996 0.264943
4253.68701 0.264981
4254.41406 0.265019
4255.14111 0.265057
4255.86816 0.265095
4256.59619 0.265133
4257.32324 0.265171
4258.05078 0.265209
4258.77881 0.265247
4259.50586 0.265285
4260.23389 0.265318
4260.96191 0.265339
4261.69092 0.265362
4262.41895 0.265386
4263.14795 0.26541
4263.87598 0.265435
4264.60498 0.265459
4265.33398 0.265483
4266.06299 0.265507
4266.79199 0.265531
4267.52100 0.265555
4268.25098 0.26558
4268.97998 0.265604
4269.70996 0.265628
4270.43896 0.265652
4271.16895 0.265676
4271.89893 0.2657
4272.62891 0.265724
4273.35986 0.265748
4274.08984 0.265772
4274.82080 0.265796
4275.55078 0.265821
4276.28223 0.265845
4277.01318 0.265869
4277.74414 0.265893
4278.47510 0.265917
4279.20703 0.265941
4279.93701 0.265965
4280.66895 0.265989
4281.40088 0.266013
4282.13184 0.266036
4282.86377 0.266059
4283.59619 0.266082
4284.32910 0.266105
4285.06104 0.266127
4285.79297 0.26615
4286.52588 0.266173
4287.25781 0.266196
4287.99121 0.266219
4288.72412 0.266242
4289.45703 0.266265
4290.18994 0.266292
4290.92285 0.266331
4291.65723 0.266371
4292.39014 0.26641
4293.12402 0.26645
4293.85693 0.266489
4294.59082 0.266529
4295.32520 0.266568
4296.06006 0.266608
4296.79395 0.266647
4297.52783 0.266687
4298.26318 0.266727
4298.99707 0.266766
4299.73193 0.266806
4300.46680 0.266835
4301.20215 0.266857
4301.93701 0.266877
4302.67188 0.266896
4303.40820 0.266915
4304.14307 0.266934
4304.87891 0.266953
4305.61523 0.266972
4306.35107 0.266991
4307.08594 0.267011
4307.82324 0.26703
4308.55908 0.267049
4309.29492 0.267068
4310.03223 0.267087
4310.76904 0.267106
4311.50488 0.267125
4312.24219 0.267144
4312.97900 0.267163
4313.71582 0.267182
4314.45410 0.267202
4315.19092 0.267221
4315.92822 0.26724
4316.66602 0.267259
4317.40381 0.267278
4318.14209 0.267297
4318.87988 0.267316
4319.61816 0.267335
4320.35596 0.267354
4321.09521 0.267373
4321.83301 0.267397
4322.57178 0.267422
4323.31104 0.267447
4324.04883 0.267472
4324.78906 0.267497
4325.52783 0.267522
4326.26709 0.267546
4327.00586 0.267571
4327.74609 0.267596
4328.48486 0.267621
4329.22510 0.267646
4329.96484 0.267671
4330.70508 0.267712
4331.44482 0.267753
4332.18604 0.267795
4332.92578 0.267837
4333.66699 0.267879
4334.40723 0.267921
4335.14795 0.267963
4335.88916 0.268005
4336.62988 0.268046
4337.37207 0.268088
4338.11279 0.26813
4338.85400 0.268172
4339.59619 0.268214
4340.33691 0.268248
4341.07910 0.268273
4341.82080 0.268298
4342.56299 0.268323
4343.30615 0.268348
4344.04785 0.268373
4344.79004 0.268397
4345.53320 0.268422
4346.27490 0.268447
4347.01904 0.268472
4347.76123 0.268497
4348.50391 0.268522
4349.24805 0.268547
4349.99121 0.268572
4350.73389 0.268597
4351.47803 0.268621
4352.22217 0.268646
4352.96484 0.268671
4353.70898 0.268696
4354.45410 0.268721
4355.19824 0.268745
4355.94189 0.26877
4356.68701 0.268795
4357.43115 0.26882
4358.17578 0.268845
4358.92090 0.26887
4359.66602 0.268894
4360.41113 0.268919
4361.15576 0.268944
4361.90186 0.268964
4362.64697 0.268983
4363.39307 0.269003
4364.13916 0.269023
4364.88379 0.269042
4365.62988 0.269062
4366.37598 0.269081
4367.12305 0.269101
4367.86914 0.269121
4368.61621 0.26914
4369.36182 0.26916
4370.10889 0.269182
4370.85596 0.269219
4371.60303 0.269255
4372.35107 0.269292
4373.09814 0.269329
4373.84521 0.269365
4374.59277 0.269402
4375.33984 0.269439
4376.08789 0.269476
4376.83594 0.269512
4377.58398 0.269549
4378.33203 0.269586
4379.08105 0.269623
4379.82910 0.269659
4380.57812 0.269683
4381.32617 0.269702
4382.07520 0.269721
4382.82422 0.269739
4383.57324 0.269758
4384.32178 0.269776
4385.07178 0.269795
4385.82080 0.269813
4386.57080 0.269832
4387.31982 0.26985
4388.06982 0.269869
4388.81982 0.269887
4389.56982 0.269906
4390.32080 0.269924
4391.07080 0.269943
4391.82080 0.269961
4392.57178 0.26998
4393.32324 0.269998
4394.07422 0.270017
4394.82520 0.270035
4395.57617 0.270054
4396.32715 0.270072
4397.07910 0.270091
4397.83008 0.270109
4398.58203 0.270127
4399.33301 0.270146
4400.08496 0.270164
4400.83691 0.270183
4401.58887 0.270202
4402.34180 0.270221
4403.09424 0.27024
4403.84717 0.270259
4404.60010 0.270278
4405.35205 0.270297
4406.10498 0.270316
4406.85791 0.270335
4407.61084 0.270354
4408.36523 0.270373
4409.11816 0.270392
4409.87207 0.270411
4410.62500 0.270431
4411.37891 0.27045
4412.13281 0.270469
4412.88721 0.270488
4413.64209 0.270507
4414.39600 0.270526
4415.14990 0.270545
4415.90479 0.270564
4416.66016 0.270583
4417.41504 0.270602
4418.16895 0.270622
4418.92480 0.270641
4419.68018 0.27066
4420.43506 0.270689
4421.19092 0.270725
4421.94580 0.270761
4422.70215 0.270797
4423.45801 0.270833
4424.21387 0.270869
4424.97021 0.270905
4425.72705 0.270941
4426.48291 0.270977
4427.23877 0.271013
4427.99609 0.271049
4428.75293 0.271085
4429.50977 0.271121
4430.26709 0.271154
4431.02393 0.27118
4431.78076 0.271207
4432.53906 0.271233
4433.29590 0.271259
4434.05420 0.271286
4434.81201 0.271312
4435.56982 0.271338
4436.32812 0.271365
4437.08594 0.271391
4437.84521 0.271417
4438.60303 0.271444
4439.36182 0.27147
4440.12109 0.271496
4440.87891 0.271522
4441.63818 0.271551
4442.39697 0.271581
4443.15723 0.271611
4443.91602 0.271641
4444.67578 0.27167
4445.43604 0.271701
4446.19482 0.27173
4446.95508 0.27176
4447.71484 0.27179
4448.47510 0.27182
4449.23486 0.27185
4449.99609 0.27188
4450.75586 0.27191
4451.51709 0.27194
4452.27783 0.27197
4453.03906 0.272
4453.79980 0.27203
4454.56201 0.27206
4455.32324 0.27209
4456.08398 0.27212
4456.84619 0.27215
4457.60693 0.27218
4458.36914 0.272211
4459.13086 0.27224
4459.89404 0.272271
4460.65576 0.272316
4461.41797 0.272364
4462.18115 0.272415
4462.94287 0.272467
4463.70605 0.272518
4464.46924 0.272569
4465.23193 0.27262
4465.99512 0.272672
4466.75781 0.272723
4467.52197 0.272774
4468.28516 0.272826
4469.04883 0.272877
4469.81299 0.272928
4470.57715 0.272966
4471.34082 0.273
4472.10498 0.273033
4472.87012 0.273067
4473.63379 0.273101
4474.39795 0.273134
4475.16309 0.273168
4475.92822 0.273201
4476.69287 0.273235
4477.45801 0.273269
4478.22412 0.273302
4478.98877 0.273336
4479.75391 0.27337
4480.52002 0.273404
4481.28613 0.273437
4482.05176 0.273469
4482.81787 0.273501
4483.58398 0.273533
4484.35010 0.273565
4485.11719 0.273597
4485.88281 0.273629
4486.64990 0.273661
4487.41699 0.273693
4488.18408 0.273725
4488.95117 0.273757
4489.71777 0.273789
4490.48486 0.273821
4491.25293 0.273853
4492.02100 0.273885
4492.78809 0.273917
4493.55615 0.273949
4494.32422 0.273981
4495.09180 0.274013
4495.85986 0.274045
4496.62891 0.274077
4497.39697 0.27411
4498.16602 0.274141
4498.93506 0.274174
4499.70410 0.274206
4500.47314 0.274224
4501.24219 0.274235
4502.01123 0.274243
4502.78076 0.27425
4503.54980 0.274258
4504.31982 0.274265
4505.08984 0.274272
4505.85986 0.27428
4506.62988 0.274288
4507.39990 0.274295
4508.16992 0.274302
4508.94092 0.27431
4509.71191 0.274317
4510.48193 0.274336
4511.25293 0.274361
4512.02393 0.274387
4512.79492 0.274413
4513.56689 0.274438
4514.33789 0.274463
4515.10986 0.274489
4515.88086 0.274514
4516.65283 0.27454
4517.42480 0.274565
4518.19678 0.274591
4518.97021 0.274616
4519.74219 0.274642
4520.51514 0.274655
4521.28711 0.274662
4522.06006 0.274668
4522.83301 0.274674
4523.60498 0.27468
4524.37891 0.274685
4525.15186 0.274691
4525.92480 0.274697
4526.69922 0.274703
4527.47314 0.274709
4528.24707 0.274714
4529.02100 0.27472
4529.79395 0.274726
4530.56885 0.274732
4531.34277 0.274737
4532.11816 0.274743
4532.89209 0.274749
4533.66699 0.274755
4534.44189 0.274761
4535.21680 0.274766
4535.99219 0.274772
4536.76709 0.274778
4537.54199 0.274784
4538.31787 0.27479
4539.09424 0.274795
