threeML/data/optical_filters/HST/WFC3_IR-F125W.ecsv
# %ECSV 0.9
# ---
# datatype:
# - {name: wavelength, unit: Angstrom, datatype: float32}
# - {name: response, datatype: float32}
# meta: !!omap
# - {band_name: F125W}
# - {group_name: WFC3_IR}
wavelength response
[from data line 767]
11409.61035 0.488669
11410.54004 0.488774
11411.46973 0.48888
11412.38965 0.488985
11413.32031 0.489087
11414.24023 0.48918
11415.16992 0.489272
11416.08984 0.489365
11417.01953 0.489457
11417.95020 0.48955
11418.87012 0.489648
11419.79980 0.489747
11420.73047 0.489846
11421.65039 0.489945
11422.58008 0.490044
11423.50977 0.490135
11424.42969 0.490214
11425.36035 0.490294
11426.29004 0.490373
11427.20996 0.490452
11428.13965 0.490532
11429.07031 0.490614
11429.99023 0.490696
11430.91992 0.490778
11431.84961 0.49086
11432.78027 0.490941
11433.70020 0.491018
11434.62988 0.491091
11435.55957 0.491165
11436.49023 0.491238
11437.41016 0.491311
11438.33984 0.491379
11439.26953 0.491425
11440.20020 0.491479
11441.12988 0.491565
11442.04980 0.49165
11442.98047 0.491735
11443.91016 0.491809
11444.83984 0.49188
11445.76953 0.491952
11446.70020 0.492023
11447.62012 0.492095
11448.54980 0.492162
11449.48047 0.492225
11450.41016 0.49227
11451.33984 0.492293
11452.26953 0.492317
11453.20020 0.492339
11454.12988 0.492343
11455.05957 0.492347
11455.99023 0.492351
11456.91016 0.492354
11457.83984 0.492358
11458.76953 0.492356
11459.70020 0.492352
11460.62988 0.492347
11461.55957 0.492343
11462.49023 0.492339
11463.41992 0.492333
11464.34961 0.492324
11465.28027 0.492315
11466.20996 0.492306
11467.13965 0.492297
11468.07031 0.492288
11469.00000 0.492287
11469.92969 0.492287
11470.86035 0.492287
11471.79004 0.492287
11472.71973 0.492286
11473.66016 0.492259
11474.58984 0.49221
11475.51953 0.492161
11476.45020 0.492111
11477.37988 0.492062
11478.30957 0.492012
11479.24023 0.491956
11480.16992 0.4919
11481.09961 0.491845
11482.04004 0.491789
11482.96973 0.491733
11483.90039 0.49167
11484.83008 0.491606
11485.75977 0.491542
11486.69043 0.491477
11487.62012 0.491413
11488.55957 0.491351
11489.49023 0.491293
11490.41992 0.491252
11491.34961 0.491232
11492.29004 0.491212
11493.21973 0.491193
11494.15039 0.491175
11495.08008 0.491158
11496.00977 0.491141
11496.95020 0.491123
11497.87988 0.491106
11498.80957 0.491094
11499.75000 0.491083
11500.67969 0.491042
11501.61035 0.49099
11502.54004 0.490938
11503.48047 0.490882
11504.41016 0.490819
11505.33984 0.490756
11506.28027 0.490692
11507.20996 0.490629
11508.13965 0.490565
11509.08008 0.490513
11510.00977 0.490461
11510.95020 0.490409
11511.87988 0.490357
11512.80957 0.490305
11513.75000 0.49027
11514.67969 0.490244
11515.62012 0.490219
11516.54980 0.490194
11517.48047 0.490168
11518.41992 0.490142
11519.34961 0.490113
11520.29004 0.490084
11521.21973 0.490055
11522.16016 0.490026
11523.08984 0.489997
11524.03027 0.489989
11524.95996 0.489983
11525.90039 0.489977
11526.83008 0.489972
11527.76953 0.489966
11528.70020 0.48995
11529.63965 0.489927
11530.57031 0.489904
11531.50977 0.489882
11532.44043 0.489859
11533.37988 0.489852
11534.30957 0.489899
11535.25000 0.489947
11536.17969 0.489994
11537.12012 0.490041
11538.05957 0.490088
11538.99023 0.490161
11539.92969 0.490236
11540.86035 0.490348
11541.79980 0.490463
11542.74023 0.490577
11543.66992 0.490706
11544.61035 0.490846
11545.54980 0.490986
11546.48047 0.491126
11547.41992 0.491267
11548.36035 0.491412
11549.29004 0.49158
11550.23047 0.491738
11551.16992 0.491866
11552.09961 0.491995
11553.04004 0.492123
11553.98047 0.49227
11554.91992 0.49242
11555.84961 0.492569
11556.79004 0.492719
11557.73047 0.492868
11558.66992 0.493028
11559.59961 0.493197
11560.54004 0.493365
11561.48047 0.493534
11562.41992 0.493703
11563.34961 0.493876
11564.29004 0.494067
11565.23047 0.494257
11566.16992 0.494448
11567.11035 0.494638
11568.04980 0.494829
11568.98047 0.495034
11569.91992 0.49524
11570.86035 0.495446
11571.79980 0.495653
11572.74023 0.495859
11573.67969 0.496086
11574.62012 0.496329
11575.55957 0.496573
11576.49023 0.496817
11577.42969 0.497061
11578.37012 0.497304
11579.30957 0.497547
11580.25000 0.497789
11581.19043 0.498031
11582.12988 0.498274
11583.07031 0.498516
11584.00977 0.498758
11584.95020 0.499
11585.88965 0.499242
11586.83008 0.499484
11587.76953 0.499726
11588.70996 0.499959
11589.65039 0.500184
11590.58984 0.500435
11591.53027 0.500701
11592.46973 0.500968
11593.41016 0.501237
11594.34961 0.501515
11595.29004 0.501794
11596.23047 0.502072
11597.16992 0.502351
11598.11035 0.50263
11599.04980 0.502895
11600.00000 0.50316
11600.94043 0.503385
11601.87988 0.50361
11602.82031 0.503835
11603.75977 0.504054
11604.70020 0.504268
11605.63965 0.504483
11606.58008 0.504697
11607.53027 0.504912
11608.46973 0.505123
11609.41016 0.505329
11610.34961 0.505534
11611.29004 0.50574
11612.23047 0.505946
11613.17969 0.506151
11614.12012 0.506339
11615.05957 0.506526
11616.00000 0.506714
11616.95020 0.506902
11617.88965 0.507089
11618.83008 0.507252
11619.76953 0.507402
11620.70996 0.507553
11621.66016 0.507703
11622.59961 0.507854
11623.54004 0.508006
11624.49023 0.508158
11625.42969 0.50831
11626.37012 0.508463
11627.32031 0.508615
11628.25977 0.508763
11629.20020 0.508863
11630.15039 0.508969
11631.08984 0.50911
11632.03027 0.50925
11632.98047 0.509391
11633.91992 0.509523
11634.86035 0.509653
11635.80957 0.509782
11636.75000 0.509912
11637.70020 0.510041
11638.63965 0.510155
11639.58008 0.510252
11640.53027 0.510327
11641.46973 0.510383
11642.41992 0.51044
11643.36035 0.510491
11644.30957 0.510521
11645.25000 0.510551
11646.20020 0.510581
11647.13965 0.510611
11648.08008 0.510641
11649.03027 0.510633
11649.96973 0.51062
11650.91992 0.510607
11651.86035 0.510594
11652.80957 0.510582
11653.75000 0.510554
11654.70020 0.510516
11655.65039 0.510477
11656.58984 0.510439
11657.54004 0.510401
11658.48047 0.510354
11659.42969 0.510286
11660.37012 0.510217
11661.32031 0.510149
11662.26953 0.510081
11663.20996 0.510012
11664.16016 0.509911
11665.09961 0.509811
11666.04980 0.50971
11667.00000 0.509609
11667.94043 0.509508
11668.88965 0.509414
11669.83984 0.509322
11670.78027 0.50923
11671.73047 0.509137
11672.67969 0.509045
11673.62012 0.508944
11674.57031 0.508831
11675.51953 0.508718
11676.46973 0.508605
11677.41016 0.508492
11678.36035 0.508378
11679.30957 0.508259
11680.25000 0.508152
11681.20020 0.508074
11682.15039 0.507996
11683.09961 0.507918
11684.04980 0.507831
11684.99023 0.507744
11685.94043 0.507657
11686.88965 0.507569
11687.83984 0.507482
11688.79004 0.507386
11689.73047 0.507286
11690.67969 0.507157
11691.62988 0.507016
11692.58008 0.506875
11693.53027 0.506741
11694.48047 0.506619
11695.41992 0.506498
11696.37012 0.506376
11697.32031 0.506254
11698.26953 0.506132
11699.21973 0.506008
11700.16992 0.505883
11701.12012 0.505759
11702.07031 0.505634
11703.01953 0.50551
11703.96973 0.505402
11704.91992 0.505298
11705.87012 0.505194
11706.80957 0.50509
11707.75977 0.504986
11708.70996 0.504883
11709.66016 0.504781
11710.61035 0.50468
11711.55957 0.504579
11712.50977 0.504477
11713.45996 0.504374
11714.41016 0.504268
11715.37012 0.504162
11716.32031 0.504056
11717.26953 0.50395
11718.21973 0.503844
11719.16992 0.503767
11720.12012 0.503695
11721.07031 0.503659
11722.01953 0.503622
11722.96973 0.503586
11723.91992 0.50356
11724.87012 0.503537
11725.82031 0.503515
11726.76953 0.503492
11727.73047 0.50347
11728.67969 0.503467
11729.62988 0.503484
11730.58008 0.503476
11731.53027 0.503453
11732.48047 0.503429
11733.44043 0.503404
11734.38965 0.503372
11735.33984 0.503341
11736.29004 0.503309
11737.24023 0.503277
11738.20020 0.503245
11739.15039 0.503259
11740.09961 0.503273
11741.04980 0.503287
11742.00000 0.503302
11742.95996 0.503316
11743.91016 0.503337
11744.86035 0.503361
11745.82031 0.503384
11746.76953 0.503408
11747.71973 0.503431
11748.66992 0.503461
11749.62988 0.503497
11750.58008 0.503532
11751.53027 0.503568
11752.49023 0.503604
11753.44043 0.503642
11754.38965 0.503688
11755.34961 0.503734
11756.29980 0.50378
11757.25000 0.503826
11758.20996 0.503872
11759.16016 0.503955
11760.12012 0.504039
11761.07031 0.504122
11762.01953 0.504206
11762.98047 0.504289
11763.92969 0.50437
11764.88965 0.504449
11765.83984 0.504529
11766.79980 0.504608
11767.75000 0.504688
11768.70996 0.504771
11769.66016 0.504857
11770.61035 0.50497
11771.57031 0.505098
11772.51953 0.505225
11773.48047 0.505355
11774.42969 0.505491
11775.38965 0.505627
11776.33984 0.505763
11777.29980 0.505899
11778.25977 0.506036
11779.20996 0.506171
11780.16992 0.5063
11781.12012 0.506394
11782.08008 0.506489
11783.03027 0.506584
11783.99023 0.506685
11784.95020 0.506789
11785.90039 0.506892
11786.86035 0.506996
11787.80957 0.5071
11788.76953 0.507201
11789.73047 0.5073
11790.67969 0.5074
11791.63965 0.5075
11792.59961 0.507599
11793.54980 0.507691
11794.50977 0.507768
11795.46973 0.507846
11796.41992 0.507923
11797.37988 0.508
11798.33984 0.508077
11799.29004 0.508147
11800.25000 0.508215
11801.20996 0.508278
11802.16992 0.508341
11803.12012 0.508404
11804.08008 0.508461
11805.04004 0.508518
11806.00000 0.508575
11806.95020 0.508631
11807.91016 0.508688
11808.87012 0.508743
11809.83008 0.508798
11810.79004 0.508887
11811.74023 0.508984
11812.70020 0.509081
11813.66016 0.509169
11814.62012 0.509249
11815.58008 0.509328
11816.54004 0.509408
11817.49023 0.509488
11818.45020 0.50956
11819.41016 0.509609
11820.37012 0.509642
11821.33008 0.50965
11822.29004 0.509657
11823.25000 0.509665
11824.20996 0.509665
11825.16992 0.509666
11826.12012 0.509667
11827.08008 0.509668
11828.04004 0.509668
11829.00000 0.509657
11829.95996 0.509642
11830.91992 0.509628
11831.87988 0.509613
11832.83984 0.509599
11833.79980 0.50957
11834.75977 0.50953
11835.71973 0.50949
11836.67969 0.50945
11837.63965 0.50941
11838.59961 0.509372
11839.55957 0.509337
11840.51953 0.509302
11841.48047 0.509268
11842.44043 0.509233
11843.41016 0.509195
11844.37012 0.509142
11845.33008 0.509088
11846.29004 0.509035
11847.25000 0.508982
11848.20996 0.508929
11849.16992 0.508852
11850.12988 0.508779
11851.08984 0.508742
11852.04980 0.508705
11853.01953 0.508669
11853.98047 0.508639
11854.94043 0.508612
11855.90039 0.508585
11856.86035 0.508557
11857.83008 0.50853
11858.79004 0.508495
11859.75000 0.508453
11860.70996 0.508381
11861.66992 0.508298
11862.63965 0.508215
11863.59961 0.508135
11864.55957 0.508059
11865.51953 0.507984
11866.49023 0.507908
11867.45020 0.507833
11868.41016 0.507755
11869.37012 0.507664
11870.33984 0.507572
11871.29980 0.507481
11872.25977 0.507389
11873.23047 0.507298
11874.19043 0.507205
11875.15039 0.507113
11876.12012 0.507021
11877.08008 0.506929
11878.04004 0.506836
11879.00977 0.506755
11879.96973 0.506677
11880.92969 0.506598
11881.90039 0.50652
11882.86035 0.506442
11883.82031 0.506371
11884.79004 0.506306
11885.75000 0.506241
11886.71973 0.506175
11887.67969 0.50611
11888.65039 0.506048
11889.61035 0.505991
11890.57031 0.505959
11891.54004 0.505943
11892.50000 0.505927
11893.46973 0.505911
11894.42969 0.505894
11895.40039 0.505876
11896.36035 0.505858
11897.33008 0.505841
11898.29004 0.505826
11899.25977 0.50587
11900.21973 0.505904
11901.19043 0.505907
11902.16016 0.50591
11903.12012 0.505913
11904.08984 0.505915
11905.04980 0.505917
11906.01953 0.50592
11906.98047 0.505922
11907.95020 0.505924
11908.91992 0.50593
11909.87988 0.505939
11910.84961 0.505947
11911.80957 0.505955
11912.78027 0.505963
11913.75000 0.505969
11914.70996 0.505972
11915.67969 0.505976
11916.65039 0.505979
11917.61035 0.505983
11918.58008 0.505991
11919.54980 0.50601
11920.50977 0.506028
11921.48047 0.506046
11922.45020 0.506065
11923.41992 0.506088
11924.37988 0.506131
11925.34961 0.506175
11926.32031 0.506218
11927.28027 0.506262
11928.25000 0.506305
11929.21973 0.506362
11930.19043 0.506419
11931.16016 0.506475
11932.12012 0.506532
11933.08984 0.506588
11934.05957 0.506651
11935.03027 0.506715
11936.00000 0.506779
11936.95996 0.506843
11937.92969 0.506907
11938.90039 0.506967
11939.87012 0.507023
11940.83984 0.507116
11941.80957 0.507214
11942.76953 0.507313
11943.74023 0.507401
11944.70996 0.507479
11945.67969 0.507558
11946.65039 0.507637
11947.62012 0.507715
11948.58984 0.507816
11949.55957 0.507963
11950.53027 0.508087
11951.50000 0.508192
11952.46973 0.508297
11953.44043 0.508404
11954.41016 0.508514
11955.37988 0.508624
11956.34961 0.508734
11957.32031 0.508845
11958.29004 0.508955
11959.25977 0.509065
11960.23047 0.509176
11961.20020 0.509286
11962.16992 0.509396
11963.13965 0.509507
11964.11035 0.509612
11965.08008 0.509716
11966.04980 0.50982
11967.01953 0.509924
11967.99023 0.510028
11968.95996 0.510145
11969.92969 0.510266
11970.90039 0.510388
11971.87012 0.510509
11972.83984 0.510631
11973.82031 0.510763
11974.79004 0.510905
11975.75977 0.511046
11976.73047 0.511188
11977.70020 0.511329
11978.66992 0.511452
11979.65039 0.511548
11980.62012 0.51167
11981.58984 0.511807
11982.55957 0.511945
11983.53027 0.512078
11984.50977 0.5122
11985.48047 0.51232
11986.45020 0.512441
11987.41992 0.512562
11988.38965 0.512682
11989.37012 0.512792
11990.33984 0.512886
11991.30957 0.512953
11992.29004 0.513021
11993.25977 0.513088
11994.23047 0.513135
11995.20020 0.513182
11996.17969 0.513229
11997.15039 0.513275
11998.12012 0.513322
11999.09961 0.513367
12000.07031 0.513412
12001.04004 0.513463
12002.01953 0.513513
12002.99023 0.513564
12003.95996 0.513613
12004.94043 0.513662
12005.91016 0.51371
12006.88965 0.513758
12007.86035 0.513807
12008.83008 0.513859
12009.80957 0.513915
12010.78027 0.513971
12011.75977 0.514027
12012.73047 0.514083
12013.70996 0.514137
12014.67969 0.514188
12015.66016 0.51424
12016.62988 0.514291
12017.59961 0.514343
12018.58008 0.514395
12019.54980 0.514447
12020.53027 0.514523
12021.50000 0.514618
12022.48047 0.514713
12023.45996 0.514803
12024.42969 0.514871
12025.41016 0.514939
12026.37988 0.515007
12027.36035 0.515075
12028.33008 0.515142
12029.30957 0.515193
12030.29004 0.515231
12031.25977 0.515238
12032.24023 0.515246
12033.20996 0.515254
12034.19043 0.515248
12035.16992 0.515241
12036.13965 0.515234
12037.12012 0.515227
12038.08984 0.51522
12039.07031 0.515209
12040.04980 0.515198
12041.01953 0.515187
12042.00000 0.515176
12042.98047 0.515164
12043.95996 0.51513
12044.92969 0.515086
12045.91016 0.515041
12046.88965 0.514996
12047.86035 0.514952
12048.83984 0.514919
12049.82031 0.514896
12050.79980 0.514872
12051.76953 0.514849
12052.75000 0.514826
12053.73047 0.514805
12054.70996 0.514789
12055.67969 0.514773
12056.66016 0.514756
12057.63965 0.51474
12058.62012 0.51473
12059.59961 0.514734
12060.58008 0.514763
12061.54980 0.51481
12062.53027 0.514856
12063.50977 0.514899
12064.49023 0.51493
12065.46973 0.514962
12066.45020 0.514993
12067.42969 0.515024
12068.40039 0.515057
12069.37988 0.515095
12070.36035 0.515118
12071.33984 0.515114
12072.32031 0.51511
12073.29980 0.515106
12074.28027 0.515119
12075.25977 0.515133
12076.24023 0.515147
12077.21973 0.51516
12078.20020 0.515174
12079.17969 0.515208
12080.16016 0.515245
12081.13965 0.515282
12082.12012 0.515318
12083.09961 0.515355
12084.08008 0.515395
12085.05957 0.515436
12086.04004 0.515478
12087.01953 0.515519
12088.00000 0.51556
12088.98047 0.515607
12089.95996 0.515655
12090.94043 0.515704
12091.91992 0.515753
12092.90039 0.515802
12093.87988 0.515844
12094.87012 0.515882
12095.84961 0.51592
12096.83008 0.515958
12097.80957 0.515996
12098.79004 0.51604
12099.76953 0.516092
12100.75000 0.516176
12101.74023 0.516271
12102.71973 0.516365
12103.70020 0.51646
12104.67969 0.516557
12105.66016 0.516654
12106.65039 0.516751
12107.62988 0.516847
12108.61035 0.516943
12109.58984 0.517037
12110.57031 0.517106
12111.55957 0.517157
12112.54004 0.517209
12113.51953 0.517264
12114.50000 0.517332
12115.49023 0.517401
12116.46973 0.51747
12117.45020 0.517539
12118.44043 0.517607
12119.41992 0.517674
12120.40039 0.51774
12121.38965 0.517806
12122.37012 0.517872
12123.34961 0.517938
12124.33984 0.517997
12125.32031 0.518056
12126.29980 0.518115
12127.29004 0.518174
12128.26953 0.518233
12129.25000 0.518302
12130.24023 0.518373
12131.21973 0.518443
12132.20996 0.518513
12133.19043 0.518583
12134.16992 0.518641
12135.16016 0.518697
12136.13965 0.518752
12137.12988 0.518808
12138.11035 0.518864
12139.09961 0.518924
