threeML/data/optical_filters/HST/WFC3_IR-G102.ecsv
# %ECSV 0.9
# ---
# datatype:
# - {name: wavelength, unit: Angstrom, datatype: float32}
# - {name: response, datatype: float32}
# meta: !!omap
# - {band_name: G102}
# - {group_name: WFC3_IR}
wavelength response
7199.81006 0.0
7999.78906 0.013753
8000.18408 0.072344
8000.57910 0.072476
8000.97412 0.072609
8001.36914 0.072742
8001.76416 0.072875
8002.15918 0.073008
8002.55420 0.073104
8002.94922 0.073197
8003.34424 0.073289
8003.73877 0.073382
8004.13379 0.073474
8004.52979 0.073567
8004.92480 0.073659
8005.31982 0.073752
8005.71484 0.073845
8006.10986 0.073937
8006.50586 0.07403
8006.90088 0.074122
8007.29590 0.074215
8007.69092 0.074308
8008.08691 0.0744
8008.48193 0.074493
8008.87793 0.074586
8009.27295 0.074679
8009.66797 0.074771
8010.06396 0.074864
8010.45898 0.074957
8010.85498 0.075051
8011.25000 0.075144
8011.64600 0.075237
8012.04199 0.07533
8012.43701 0.075424
8012.83301 0.075517
8013.22803 0.07561
8013.62402 0.075704
8014.02002 0.075797
8014.41504 0.07589
8014.81104 0.075984
8015.20703 0.076077
8015.60205 0.076171
8015.99805 0.076264
8016.39404 0.076358
8016.79004 0.076451
8017.18506 0.076545
8017.58105 0.076638
8017.97705 0.076732
8018.37305 0.076825
8018.76904 0.076919
8019.16504 0.077013
8019.56104 0.077106
8019.95703 0.0772
8020.35303 0.077294
8020.74902 0.077388
8021.14502 0.077482
8021.54102 0.077576
8021.93701 0.07767
8022.33301 0.077764
8022.72900 0.077857
8023.12500 0.077952
8023.52100 0.078046
8023.91699 0.07814
8024.31299 0.078234
8024.70898 0.078328
8025.10498 0.078422
8025.50098 0.078516
8025.89795 0.07861
8026.29395 0.078704
8026.68994 0.078799
8027.08594 0.078893
8027.48291 0.078987
8027.87891 0.079081
8028.27490 0.079176
8028.67188 0.07927
8029.06787 0.079364
8029.46484 0.079459
8029.86084 0.079553
8030.25684 0.079647
8030.65381 0.079741
8031.04980 0.079835
8031.44678 0.07993
8031.84277 0.080024
8032.24023 0.080118
8032.63721 0.080212
8033.03320 0.080306
8033.43018 0.0804
8033.82617 0.080495
8034.22314 0.080589
8034.62012 0.080683
8035.01611 0.080777
8035.41309 0.080872
8035.81006 0.080966
8036.20703 0.08106
8036.60303 0.081155
8037.00000 0.081249
8037.39697 0.081344
8037.79297 0.081438
8038.18994 0.081532
8038.58691 0.081627
8038.98389 0.081721
8039.38086 0.081816
8039.77783 0.08191
8040.17480 0.082005
8040.57178 0.0821
8040.96924 0.082194
8041.36621 0.082289
8041.76318 0.082383
8042.16016 0.082478
8042.55713 0.082573
8042.95410 0.082668
8043.35107 0.082762
8043.74805 0.082857
8044.14502 0.082952
8044.54199 0.083047
8044.93896 0.083142
8045.33691 0.083236
8045.73389 0.083331
8046.13086 0.083426
8046.52783 0.083521
8046.92578 0.083616
8047.32324 0.083711
8047.72021 0.083806
8048.11816 0.083901
8048.51514 0.083996
8048.91211 0.084091
8049.31006 0.084186
8049.70703 0.084281
8050.10400 0.084376
8050.50195 0.084471
8050.89893 0.084566
8051.29688 0.084661
8051.69385 0.084757
8052.09180 0.084852
8052.48877 0.084947
8052.88721 0.085042
8053.28516 0.085138
8053.68213 0.085233
8054.08008 0.085328
8054.47803 0.085423
8054.87500 0.085519
8055.27197 0.085614
8055.66992 0.08571
8056.06787 0.085805
8056.46582 0.0859
8056.86377 0.085996
8057.26123 0.086091
8057.65918 0.086187
8058.05713 0.086282
8058.45508 0.086378
8058.85303 0.086473
8059.25000 0.086569
8059.64795 0.086664
8060.04590 0.08676
8060.44385 0.086856
8060.84180 0.086951
8061.24023 0.087047
8061.63818 0.087143
8062.03613 0.087238
8062.43408 0.087334
8062.83203 0.08743
8063.22998 0.087526
8063.62793 0.087621
8064.02588 0.087717
8064.42480 0.087813
8064.82324 0.087909
8065.22119 0.088005
8065.61914 0.0881
8066.01709 0.088196
8066.41602 0.088292
8066.81396 0.088388
8067.21191 0.088484
8067.60986 0.08858
8068.00879 0.088676
8068.40723 0.088772
8068.80518 0.088868
8069.20410 0.088964
8069.60205 0.08906
8070.00000 0.089157
8070.39893 0.089253
8070.79688 0.089349
8071.19580 0.089445
8071.59424 0.089541
8071.99316 0.089637
8072.39111 0.089734
8072.79004 0.08983
8073.18799 0.089926
8073.58691 0.090022
8073.98486 0.090119
8074.38379 0.090215
8074.78320 0.090311
8075.18213 0.090408
8075.58008 0.090504
8075.97900 0.090601
8076.37695 0.090697
8076.77588 0.090793
8077.17480 0.09089
8077.57422 0.090986
8077.97314 0.091083
8078.37207 0.091179
8078.77100 0.091276
8079.16895 0.091372
8079.56787 0.091469
8079.96680 0.091566
8080.36621 0.091662
8080.76514 0.091759
8081.16406 0.091856
8081.56299 0.091952
8081.96094 0.092049
8082.36084 0.092146
8082.75977 0.092243
8083.15918 0.092339
8083.55811 0.092436
8083.95703 0.092533
8084.35596 0.09263
8084.75488 0.092727
8085.15381 0.092824
8085.55420 0.092921
8085.95312 0.093017
8086.35205 0.093114
8086.75098 0.093211
8087.14990 0.093308
8087.54980 0.093405
8087.94922 0.093502
8088.34814 0.093599
8088.74805 0.093697
8089.14697 0.093794
8089.54590 0.093891
8089.94580 0.093988
8090.34521 0.094085
8090.74512 0.094182
8091.14404 0.094279
8091.54297 0.094377
8091.94287 0.094474
8092.34180 0.094571
8092.74219 0.094668
8093.14209 0.094766
8093.54102 0.094863
8093.93994 0.09496
8094.33984 0.095058
8094.74023 0.095155
8095.14014 0.095252
8095.53906 0.09535
8095.93896 0.095447
8096.33789 0.095545
8096.73779 0.095642
8097.13818 0.09574
8097.53809 0.095837
8097.93799 0.095935
8098.33691 0.096032
8098.73682 0.09613
8099.13721 0.096227
8099.53711 0.096325
8099.93701 0.096423
8100.33594 0.09652
8100.73584 0.096618
8101.13623 0.096716
8101.53711 0.096813
8101.93701 0.096911
8102.33594 0.097013
8102.73584 0.097127
8103.13623 0.097241
8103.53711 0.097356
8103.93701 0.09747
8104.33691 0.097584
8104.73682 0.097698
8105.13721 0.097812
8105.53711 0.097926
8105.93799 0.098041
8106.33691 0.098155
8106.73779 0.098269
8107.13818 0.098383
8107.53809 0.098498
8107.93799 0.098612
8108.33887 0.098727
8108.73877 0.098841
8109.13916 0.098955
8109.54004 0.09907
8109.93994 0.099184
8110.33984 0.099299
8110.74121 0.099413
8111.14209 0.099528
8111.54199 0.099643
8111.94189 0.099757
8112.34277 0.099872
8112.74316 0.099986
8113.14404 0.100101
8113.54395 0.100216
8113.94482 0.100331
8114.34619 0.100445
8114.74609 0.10056
8115.14697 0.100675
8115.54688 0.10079
8115.94824 0.100905
8116.34912 0.101019
8116.75000 0.101134
8117.14990 0.101249
8117.55078 0.101364
8117.95215 0.101479
8118.35303 0.101594
8118.75293 0.101709
8119.15381 0.101824
8119.55518 0.101939
8119.95605 0.102054
8120.35693 0.102169
8120.75781 0.102285
8121.15918 0.1024
8121.56006 0.102515
8121.95996 0.10263
8122.36084 0.102745
8122.76318 0.102861
8123.16406 0.102976
8123.56396 0.103091
8123.96582 0.103207
8124.36719 0.103322
8124.76807 0.103437
8125.16895 0.103553
8125.56982 0.103668
8125.97119 0.103784
8126.37305 0.103899
8126.77295 0.104015
8127.17480 0.10413
8127.57617 0.104246
8127.97803 0.104361
8128.37891 0.104477
8128.77979 0.104593
8129.18115 0.104708
8129.58301 0.104824
8129.98389 0.10494
8130.38477 0.105055
8130.78711 0.105171
8131.18799 0.105287
8131.58984 0.105403
8131.99121 0.105519
8132.39307 0.105634
8132.79395 0.10575
8133.19580 0.105866
8133.59717 0.105982
8133.99902 0.106098
8134.39990 0.106214
8134.80176 0.10633
8135.20410 0.106446
8135.60498 0.106562
8136.00684 0.106678
8136.40918 0.106794
8136.81006 0.10691
8137.21191 0.107026
8137.61377 0.107143
8138.01611 0.107259
8138.41699 0.107375
8138.81885 0.107491
8139.22119 0.107607
8139.62305 0.107724
8140.02393 0.10784
8140.42578 0.107956
8140.82812 0.108073
8141.22998 0.108189
8141.63184 0.108306
8142.03418 0.108422
8142.43604 0.108538
8142.83789 0.108655
8143.24023 0.108772
8143.64209 0.108888
8144.04395 0.109005
8144.44580 0.109121
8144.84912 0.109238
8145.25000 0.109354
8145.65283 0.109471
8146.05518 0.109588
8146.45703 0.109704
8146.85889 0.109821
8147.26123 0.109938
8147.66406 0.110055
8148.06592 0.110172
8148.46777 0.110288
8148.87109 0.110405
8149.27295 0.110522
8149.67480 0.110639
8150.07812 0.110756
8150.47998 0.110873
8150.88184 0.11099
8151.28516 0.111107
8151.68701 0.111224
8152.08887 0.111341
8152.49219 0.111458
8152.89502 0.111575
8153.29688 0.111692
8153.70020 0.11181
8154.10205 0.111927
8154.50488 0.112044
8154.90723 0.112161
8155.31006 0.112278
8155.71191 0.112396
8156.11523 0.112513
8156.51807 0.11263
8156.91992 0.112748
8157.32324 0.112865
8157.72607 0.112982
8158.12891 0.1131
8158.53223 0.113217
8158.93408 0.113335
8159.33691 0.113452
8159.74023 0.11357
8160.14307 0.113687
8160.54590 0.113805
8160.94922 0.113922
8161.35205 0.11404
8161.75391 0.114158
8162.15723 0.114275
8162.56104 0.114393
8162.96289 0.114511
8163.36621 0.114629
8163.77002 0.114746
8164.17188 0.114864
8164.57617 0.114982
8164.97900 0.1151
8165.38184 0.115218
8165.78516 0.115336
8166.18799 0.115454
8166.59082 0.115571
8166.99414 0.115689
8167.39697 0.115807
8167.80078 0.115926
8168.20410 0.116044
8168.60693 0.116162
8169.01123 0.11628
8169.41406 0.116398
8169.81689 0.116516
8170.22119 0.116634
8170.62402 0.116752
8171.02686 0.116871
8171.43115 0.116989
8171.83398 0.117107
8172.23779 0.117225
8172.64111 0.117344
8173.04395 0.117462
8173.44824 0.11758
8173.85205 0.117699
8174.25488 0.117817
8174.65918 0.117936
8175.06201 0.118054
8175.46582 0.118172
8175.87012 0.118291
8176.27295 0.11841
8176.67676 0.118528
8177.08105 0.118647
8177.48389 0.118765
8177.88818 0.118884
8178.29199 0.119003
8178.69482 0.119121
8179.09912 0.11924
8179.50293 0.119359
8179.90723 0.119478
8180.31104 0.119604
8180.71484 0.119732
8181.11914 0.11986
8181.52197 0.119989
8181.92578 0.120117
8182.33008 0.120245
8182.73389 0.120374
8183.13818 0.120502
8183.54199 0.120631
8183.94580 0.12076
8184.35107 0.120888
8184.75391 0.121017
8185.15918 0.121146
8185.56299 0.121274
8185.96680 0.121403
8186.37109 0.121532
8186.77490 0.121661
8187.17920 0.12179
8187.58301 0.121919
8187.98779 0.122048
8188.39209 0.122177
8188.79590 0.122307
8189.20117 0.122436
8189.60498 0.122565
8190.00879 0.122694
8190.41406 0.122824
8190.81787 0.122953
8191.22217 0.123082
8191.62598 0.123212
8192.03125 0.123341
8192.43555 0.123471
8192.83984 0.123601
8193.24414 0.12373
8193.64941 0.12386
8194.05371 0.12399
8194.45801 0.124119
8194.86230 0.124249
8195.26758 0.124379
8195.67188 0.124509
8196.07617 0.124639
8196.48145 0.124769
8196.88574 0.124899
8197.29004 0.125029
8197.69531 0.125159
8198.09961 0.125289
8198.50488 0.12542
8198.90918 0.12555
8199.31445 0.12568
8199.71875 0.12581
8200.12402 0.125941
8200.52832 0.12607
8200.93359 0.1262
8201.33789 0.126329
8201.74316 0.126459
8202.14844 0.126588
8202.55273 0.126681
8202.95801 0.12676
8203.36328 0.12684
8203.76855 0.12692
8204.17285 0.126999
8204.57812 0.127079
8204.98340 0.127159
8205.38867 0.127239
8205.79297 0.127318
8206.19824 0.127398
8206.60352 0.127478
8207.00879 0.127558
8207.41406 0.127638
8207.81934 0.127718
8208.22461 0.127798
8208.62988 0.127878
8209.03516 0.127958
8209.44043 0.128038
8209.84570 0.128118
8210.25098 0.128198
8210.65625 0.128278
8211.06152 0.128358
8211.46680 0.128438
8211.87207 0.128518
8212.27734 0.128598
8212.68359 0.128679
8213.08887 0.128759
8213.49414 0.128839
8213.89941 0.128919
8214.30566 0.129
8214.71094 0.12908
8215.11621 0.129161
8215.52148 0.129241
8215.92773 0.129322
8216.33301 0.129402
8216.73926 0.129482
8217.14453 0.129563
8217.54980 0.129643
8217.95605 0.129724
8218.36133 0.129804
8218.76758 0.129885
8219.17285 0.129966
8219.57910 0.130046
8219.98438 0.130127
8220.39062 0.130208
8220.79590 0.130288
8221.20215 0.130369
8221.60840 0.13045
8222.01367 0.130531
8222.41992 0.130611
8222.82617 0.130692
8223.23145 0.130773
8223.63770 0.130854
8224.04395 0.130935
8224.45020 0.131016
8224.85547 0.131097
8225.26172 0.131178
8225.66797 0.131259
8226.07422 0.13134
8226.48047 0.131421
8226.88672 0.131502
8227.29297 0.131583
8227.69922 0.131665
8228.10547 0.131746
8228.51172 0.131827
8228.91797 0.131908
8229.32422 0.13199
8229.73047 0.132071
8230.13672 0.132151
8230.54297 0.132228
8230.94922 0.132306
8231.35547 0.132383
8231.76172 0.132461
8232.16797 0.132538
8232.57422 0.132616
8232.98145 0.132694
8233.38770 0.132771
8233.79395 0.132849
8234.20020 0.132927
8234.60742 0.133004
8235.01367 0.133082
8235.41992 0.13316
8235.82715 0.133238
8236.23340 0.133316
8236.63965 0.133393
8237.04688 0.133471
8237.45312 0.133549
8237.86035 0.133627
8238.26660 0.133705
8238.67383 0.133783
8239.08008 0.133861
8239.48730 0.133939
8239.89355 0.134017
8240.30078 0.134095
8240.70703 0.134173
8241.11426 0.134251
8241.52148 0.134329
8241.92773 0.134407
8242.33496 0.134485
8242.74219 0.134563
8243.14844 0.134641
8243.55566 0.134719
8243.96289 0.134798
8244.37012 0.134876
8244.77637 0.134954
8245.18359 0.135032
8245.59082 0.13511
8245.99805 0.135189
8246.40527 0.135267
8246.81348 0.135346
8247.21973 0.135424
8247.62695 0.135502
8248.03418 0.135581
8248.44141 0.135659
8248.84863 0.135738
8249.25586 0.135816
8249.66309 0.135895
8250.07031 0.135973
8250.47754 0.136051
8250.88477 0.13613
8251.29199 0.136209
8251.69922 0.136287
8252.10645 0.136366
8252.51465 0.136444
8252.92188 0.136523
8253.32910 0.136602
8253.73633 0.13668
8254.14453 0.136759
8254.55176 0.136838
8254.95898 0.136916
8255.36621 0.136995
8255.77441 0.137074
8256.18164 0.137153
8256.58984 0.137232
8256.99707 0.137311
8257.40430 0.137389
8257.81348 0.137468
8258.21973 0.137547
8258.62793 0.137626
8259.03516 0.137705
8259.44336 0.137784
8259.85059 0.137863
8260.25879 0.137942
8260.66699 0.138021
8261.07422 0.1381
8261.48242 0.138179
8261.89062 0.138258
8262.29785 0.138337
8262.70605 0.138417
8263.11426 0.138496
8263.52148 0.138575
8263.92969 0.138654
8264.33789 0.138733
8264.74609 0.138813
8265.15430 0.138892
8265.56348 0.138971
8265.96973 0.13905
8266.37793 0.13913
8266.78613 0.139209
8267.19434 0.139288
8267.60254 0.139368
8268.01074 0.139447
8268.41895 0.139527
8268.82715 0.139606
8269.23535 0.139685
8269.64355 0.139765
8270.05176 0.139844
8270.45996 0.139924
8270.86816 0.140004
8271.27734 0.140083
8271.68555 0.140163
8272.09375 0.140242
8272.50195 0.140322
8272.91016 0.140402
8273.31934 0.140481
8273.72754 0.140561
8274.13574 0.140641
8274.54395 0.14072
8274.95312 0.1408
8275.36133 0.14088
8275.76953 0.14096
8276.17871 0.14104
8276.58691 0.14112
8276.99609 0.1412
8277.40430 0.141279
8277.81348 0.141359
8278.22168 0.141439
8278.63086 0.141519
8279.03906 0.141599
8279.44824 0.141679
8279.85645 0.141759
8280.26562 0.141839
8280.67383 0.141919
8281.08301 0.141999
8281.49219 0.142079
8281.90039 0.142159
8282.30957 0.14224
8282.71875 0.14232
8283.12793 0.1424
8283.53613 0.14248
8283.94531 0.14256
8284.35352 0.142641
8284.76367 0.142721
8285.17285 0.142801
8285.58105 0.142881
8285.99023 0.142962
8286.39941 0.143042
8286.80859 0.143122
8287.21777 0.143203
8287.62695 0.143283
8288.03613 0.143364
8288.44531 0.143444
8288.85352 0.143524
8289.26367 0.143605
8289.67285 0.143685
8290.08203 0.143766
8290.49121 0.143847
8290.90137 0.143927
8291.31055 0.144008
8291.71973 0.144088
8292.12891 0.144169
8292.53809 0.14425
8292.94727 0.14433
8293.35742 0.144411
8293.76660 0.144492
8294.17578 0.144572
8294.58594 0.144653
8294.99512 0.144734
8295.40430 0.144815
8295.81445 0.144896
8296.22363 0.144977
8296.63379 0.145057
8297.04297 0.145138
8297.45215 0.145219
8297.86230 0.1453
8298.27148 0.145381
8298.68164 0.145462
8299.09082 0.145543
8299.50098 0.145624
8299.91113 0.145705
8300.32031 0.145786
8300.73047 0.145867
8301.14062 0.145948
8301.54980 0.146029
8301.95996 0.146111
8302.37012 0.146196
8302.77930 0.146295
8303.18945 0.146396
8303.59961 0.146496
8304.00977 0.146595
8304.41895 0.146695
8304.82910 0.146795
8305.23926 0.146896
8305.64941 0.146996
8306.05957 0.147096
8306.46973 0.147196
8306.87988 0.147296
8307.29004 0.147396
8307.70020 0.147496
8308.11035 0.147597
8308.52148 0.147697
8308.93066 0.147797
8309.34082 0.147897
8309.75098 0.147998
8310.16113 0.148098
8310.57129 0.148199
8310.98145 0.148299
8311.39160 0.148399
8311.80273 0.1485
8312.21289 0.1486
8312.62305 0.148701
8313.03320 0.148801
8313.44434 0.148902
8313.85352 0.149003
8314.26465 0.149103
8314.67578 0.149204
8315.08594 0.149305
8315.49609 0.149405
8315.90723 0.149506
8316.31738 0.149607
8316.72852 0.149708
8317.13867 0.149809
8317.54883 0.149909
8317.95996 0.15001
8318.37012 0.150111
8318.78125 0.150212
8319.19238 0.150313
8319.60254 0.150414
8320.01367 0.150515
8320.42383 0.150616
8320.83496 0.150717
8321.24609 0.150818
8321.65625 0.150919
8322.06738 0.151021
8322.47852 0.151122
8322.88965 0.151223
8323.29980 0.151324
8323.71094 0.151425
