threeML/data/optical_filters/HST/WFC3_IR-F098M.ecsv
# %ECSV 0.9
# ---
# datatype:
# - {name: wavelength, unit: Angstrom, datatype: float32}
# - {name: response, datatype: float32}
# meta: !!omap
# - {band_name: F098M}
# - {group_name: WFC3_IR}
wavelength response
[from data line 805]
9403.37012 0.419871
9404.13281 0.419727
9404.89648 0.419583
9405.65820 0.419438
9406.42188 0.419294
9407.18457 0.419149
9407.94824 0.419005
9408.71094 0.41886
9409.47461 0.418716
9410.23730 0.418579
9411.00098 0.418462
9411.76465 0.418344
9412.52832 0.418226
9413.29102 0.418102
9414.05469 0.417978
9414.81836 0.417853
9415.58301 0.417729
9416.34668 0.417604
9417.11035 0.41748
9417.87402 0.417355
9418.63867 0.41723
9419.40234 0.417105
9420.16602 0.416975
9420.93066 0.416823
9421.69531 0.416671
9422.45898 0.416519
9423.22363 0.416351
9423.98828 0.416179
9424.75293 0.416007
9425.51660 0.415836
9426.28125 0.415664
9427.04590 0.415492
9427.81152 0.41532
9428.57617 0.415148
9429.34082 0.414976
9430.10547 0.414811
9430.87109 0.414683
9431.63574 0.414555
9432.40039 0.414428
9433.16602 0.4143
9433.93164 0.414172
9434.69629 0.414044
9435.46191 0.413916
9436.22754 0.413788
9436.99316 0.41366
9437.75879 0.413532
9438.52441 0.413404
9439.29004 0.413275
9440.05566 0.413145
9440.82129 0.41299
9441.58691 0.412835
9442.35254 0.41268
9443.11914 0.412562
9443.88477 0.41246
9444.65137 0.412358
9445.41699 0.412256
9446.18359 0.412154
9446.95020 0.412052
9447.71582 0.41195
9448.48242 0.411848
9449.24902 0.411746
9450.01562 0.411644
9450.78223 0.411569
9451.54883 0.411493
9452.31543 0.411417
9453.08203 0.411391
9453.84961 0.411392
9454.61621 0.411393
9455.38281 0.411394
9456.15039 0.411396
9456.91699 0.411397
9457.68457 0.411398
9458.45215 0.411399
9459.21875 0.411401
9459.98633 0.411402
9460.75391 0.411403
9461.52148 0.411404
9462.28906 0.411405
9463.05664 0.411428
9463.82422 0.411466
9464.59180 0.411504
9465.35938 0.411542
9466.12793 0.41158
9466.89648 0.411618
9467.66309 0.411656
9468.43164 0.411693
9469.19922 0.411732
9469.96777 0.41177
9470.73633 0.411782
9471.50391 0.411793
9472.27246 0.411804
9473.04102 0.411874
9473.80957 0.411986
9474.57812 0.412098
9475.34668 0.41221
9476.11523 0.412322
9476.88379 0.412434
9477.65234 0.412546
9478.42188 0.412658
9479.19043 0.412771
9479.95996 0.412883
9480.72852 0.41302
9481.49805 0.41316
9482.26660 0.413299
9483.03613 0.41348
9483.80566 0.413693
9484.57520 0.413907
9485.34375 0.41412
9486.11328 0.414333
9486.88281 0.414547
9487.65234 0.41476
9488.42285 0.414974
9489.19238 0.415188
9489.96191 0.415402
9490.73145 0.415616
9491.50195 0.41583
9492.27148 0.416044
9493.04199 0.41625
9493.81152 0.416451
9494.58203 0.416651
9495.35254 0.416852
9496.12207 0.417053
9496.89258 0.417253
9497.66309 0.417454
9498.43359 0.417655
9499.20410 0.417856
9499.97461 0.418057
9500.74512 0.418227
9501.51660 0.418396
9502.28711 0.418565
9503.05762 0.418692
9503.82910 0.41879
9504.59961 0.418887
9505.37109 0.418985
9506.14160 0.419083
9506.91309 0.41918
9507.68457 0.419278
9508.45605 0.419376
9509.22656 0.419474
9509.99805 0.419571
9510.76953 0.419696
9511.54102 0.419821
9512.31348 0.419947
9513.08496 0.420047
9513.85645 0.420131
9514.62793 0.420215
9515.40039 0.4203
9516.17188 0.420384
9516.94434 0.420469
9517.71582 0.420553
9518.48828 0.420638
9519.25977 0.420722
9520.03223 0.420806
9520.80469 0.420863
9521.57715 0.42092
9522.34961 0.420977
9523.12207 0.420989
9523.89453 0.420977
9524.66699 0.420966
9525.43945 0.420955
9526.21289 0.420944
9526.98535 0.420933
9527.75781 0.420922
9528.53125 0.420911
9529.30371 0.420899
9530.07715 0.420891
9530.85059 0.420907
9531.62305 0.420923
9532.39648 0.42094
9533.16992 0.420895
9533.94336 0.420825
9534.71680 0.420756
9535.49023 0.420687
9536.26367 0.420618
9537.03711 0.420549
9537.81055 0.420479
9538.58496 0.42041
9539.35840 0.420341
9540.13184 0.420271
9540.90625 0.420202
9541.67969 0.420132
9542.45410 0.420063
9543.22852 0.419977
9544.00293 0.419886
9544.77637 0.419796
9545.55078 0.419706
9546.32520 0.419615
9547.09961 0.419525
9547.87402 0.419434
9548.64844 0.419344
9549.42383 0.419253
9550.19824 0.419156
9550.97266 0.419038
9551.74805 0.418919
9552.52246 0.418801
9553.29785 0.418661
9554.07227 0.418519
9554.84766 0.418376
9555.62305 0.418234
9556.39746 0.418091
9557.17285 0.417949
9557.94824 0.417806
9558.72363 0.417664
9559.49902 0.417521
9560.27441 0.417388
9561.04980 0.417272
9561.82617 0.417157
9562.60156 0.417042
9563.37695 0.417009
9564.15332 0.41698
9564.92871 0.41695
9565.70508 0.41692
9566.48047 0.41689
9567.25684 0.416861
9568.03320 0.416831
9568.80957 0.416801
9569.58496 0.416771
9570.36133 0.416741
9571.13770 0.416711
9571.91406 0.416681
9572.69141 0.416652
9573.46777 0.416636
9574.24414 0.416619
9575.02148 0.416603
9575.79785 0.416587
9576.57422 0.41657
9577.35156 0.416554
9578.12793 0.416537
9578.90527 0.416521
9579.68262 0.416504
9580.45898 0.416471
9581.23633 0.416427
9582.01367 0.416383
9582.79102 0.416349
9583.56836 0.416349
9584.34570 0.41635
9585.12402 0.416351
9585.90137 0.416351
9586.67871 0.416352
9587.45605 0.416353
9588.23438 0.416353
9589.01172 0.416354
9589.79004 0.416355
9590.56738 0.416375
9591.34570 0.416403
9592.12402 0.416431
9592.90234 0.416464
9593.68066 0.416506
9594.45898 0.416547
9595.23730 0.416589
9596.01562 0.416631
9596.79395 0.416673
9597.57227 0.416714
9598.35059 0.416756
9599.12988 0.416798
9599.90820 0.41684
9600.68652 0.416871
9601.46582 0.416901
9602.24512 0.41693
9603.02344 0.416979
9603.80273 0.417047
9604.58203 0.417115
9605.36133 0.417183
9606.13965 0.417251
9606.91895 0.417319
9607.69824 0.417387
9608.47852 0.417455
9609.25781 0.417523
9610.03711 0.41759
9610.81641 0.41763
9611.59668 0.41767
9612.37598 0.41771
9613.15625 0.417727
9613.93555 0.417732
9614.71582 0.417737
9615.49512 0.417743
9616.27539 0.417748
9617.05566 0.417753
9617.83594 0.417759
9618.61621 0.417764
9619.39648 0.417769
9620.17676 0.417781
9620.95703 0.417814
9621.73730 0.417846
9622.51855 0.417879
9623.29883 0.41788
9624.07910 0.417874
9624.86035 0.417868
9625.64062 0.417863
9626.42188 0.417857
9627.20312 0.417852
9627.98340 0.417846
9628.76465 0.417841
9629.54590 0.417835
9630.32715 0.417835
9631.10840 0.417842
9631.88965 0.417849
9632.67090 0.417856
9633.45215 0.417849
9634.23340 0.417842
9635.01562 0.417835
9635.79688 0.417829
9636.57910 0.417822
9637.36035 0.417815
9638.14258 0.417808
9638.92383 0.417801
9639.70605 0.417794
9640.48828 0.41777
9641.27148 0.417735
9642.05176 0.4177
9642.83398 0.417661
9643.61621 0.417612
9644.39941 0.417563
9645.18164 0.417514
9645.96387 0.417465
9646.74609 0.417416
9647.52930 0.417367
9648.31152 0.417318
9649.09375 0.417269
9649.87695 0.41722
9650.66016 0.417193
9651.44238 0.417172
9652.22559 0.41715
9653.00879 0.417145
9653.79199 0.417158
9654.57520 0.417171
9655.35840 0.417185
9656.14160 0.417198
9656.92480 0.417212
9657.70801 0.417225
9658.49121 0.417238
9659.27539 0.417252
9660.05859 0.417265
9660.84180 0.417278
9661.62598 0.417291
9662.41016 0.417304
9663.19336 0.417336
9663.97754 0.417378
9664.76172 0.417419
9665.54590 0.41746
9666.32910 0.417501
9667.11328 0.417542
9667.89746 0.417583
9668.68262 0.417624
9669.46680 0.417666
9670.25098 0.417698
9671.03516 0.417711
9671.82031 0.417724
9672.60352 0.417737
9673.38965 0.417769
9674.17383 0.417803
9674.95898 0.417837
9675.74316 0.417872
9676.52832 0.417906
9677.31348 0.41794
9678.09863 0.417974
9678.88379 0.418008
9679.66895 0.418042
9680.45410 0.418092
9681.23926 0.418154
9682.02441 0.418216
9682.81055 0.418285
9683.59570 0.418386
9684.38086 0.418486
9685.16699 0.418587
9685.95215 0.418688
9686.73828 0.418788
9687.52441 0.418889
9688.30957 0.41899
9689.09570 0.41909
9689.88184 0.419191
9690.66797 0.419292
9691.45410 0.419392
9692.24023 0.419493
9693.02637 0.419595
9693.81348 0.419699
9694.59961 0.419804
9695.38574 0.419908
9696.17188 0.420012
9696.95898 0.420116
9697.74512 0.42022
9698.53223 0.420325
9699.31934 0.420429
9700.10547 0.42053
9700.89258 0.420605
9701.67969 0.420681
9702.46680 0.420757
9703.25391 0.420868
9704.04102 0.42099
9704.82812 0.421112
9705.61523 0.421234
9706.40234 0.421356
9707.19043 0.421478
9707.97754 0.4216
9708.76562 0.421722
9709.55273 0.421844
9710.34082 0.421979
9711.12793 0.422129
9711.91602 0.422279
9712.70410 0.422427
9713.49219 0.422531
9714.27930 0.422635
9715.06738 0.422739
9715.85547 0.422843
9716.64355 0.422947
9717.43262 0.423051
9718.22070 0.423156
9719.00879 0.42326
9719.79785 0.423364
9720.58594 0.423468
9721.37402 0.423572
9722.16309 0.423676
9722.95215 0.42376
9723.74023 0.423811
9724.52930 0.423861
9725.31836 0.423912
9726.10742 0.423962
9726.89648 0.424013
9727.68555 0.424063
9728.47461 0.424114
9729.26367 0.424164
9730.05273 0.424213
9730.84180 0.424235
9731.63184 0.424256
9732.42090 0.424278
9733.21094 0.424307
9734.00000 0.424339
9734.79004 0.424372
9735.57910 0.424404
9736.36914 0.424436
9737.15918 0.424469
9737.94922 0.424501
9738.73926 0.424534
9739.52930 0.424566
9740.31934 0.42461
9741.10938 0.42467
9741.89941 0.424731
9742.68945 0.42479
9743.48047 0.424808
9744.27148 0.424826
9745.06055 0.424843
9745.85156 0.424861
9746.64160 0.424878
9747.43262 0.424896
9748.22363 0.424914
9749.01465 0.424931
9749.80469 0.424949
9750.59570 0.424966
9751.38672 0.424983
9752.17773 0.425
9752.96973 0.425035
9753.76074 0.425099
9754.55176 0.425163
9755.34277 0.425227
9756.13477 0.42529
9756.92578 0.425354
9757.71777 0.425418
9758.50879 0.425482
9759.30078 0.425546
9760.09180 0.42561
9760.88379 0.425673
9761.67578 0.425737
9762.46777 0.425801
9763.25977 0.425854
9764.05176 0.425903
9764.84375 0.425952
9765.63574 0.426001
9766.42773 0.42605
9767.22070 0.4261
9768.01270 0.426149
9768.80469 0.426198
9769.59766 0.426247
9770.39062 0.426282
9771.18262 0.426302
9771.97559 0.426322
9772.76855 0.426353
9773.56055 0.42647
9774.35352 0.426588
9775.14648 0.426705
9775.93945 0.426822
9776.73242 0.42694
9777.52539 0.427057
9778.31934 0.427175
9779.11230 0.427292
9779.90527 0.42741
9780.69922 0.427552
9781.49219 0.427698
9782.28613 0.427844
9783.07910 0.428012
9783.87305 0.428202
9784.66699 0.428391
9785.46094 0.428581
9786.25391 0.42877
9787.04785 0.42896
9787.84180 0.42915
9788.63574 0.42934
9789.43066 0.42953
9790.22461 0.429719
9791.01855 0.429909
9791.81348 0.430098
9792.60742 0.430288
9793.40137 0.430507
9794.19629 0.430729
9794.99023 0.430951
9795.78516 0.431174
9796.58008 0.431396
9797.37500 0.431619
9798.16895 0.431841
9798.96387 0.432064
9799.75879 0.432287
9800.55371 0.432497
9801.34961 0.432701
9802.14453 0.432905
9802.93945 0.433125
9803.73438 0.433376
9804.53027 0.433628
9805.32520 0.43388
9806.12109 0.434132
9806.91602 0.434384
9807.71191 0.434636
9808.50781 0.434888
9809.30273 0.43514
9810.09863 0.435388
9810.89453 0.435611
9811.69043 0.435833
9812.48633 0.436055
9813.28223 0.436247
9814.07910 0.436429
9814.87500 0.436611
9815.67090 0.436794
9816.46777 0.436976
9817.26367 0.437158
9818.06055 0.437341
9818.85645 0.437522
9819.65332 0.437705
9820.44922 0.437904
9821.24609 0.438115
9822.04297 0.438327
9822.83984 0.438528
9823.63672 0.438681
9824.43359 0.438835
9825.23047 0.438988
9826.02734 0.439142
9826.82520 0.439296
9827.62207 0.439449
9828.41895 0.439603
9829.21680 0.439756
9830.01367 0.43991
9830.81152 0.440082
9831.60840 0.440253
9832.40625 0.440424
9833.20410 0.440577
9834.00195 0.440719
9834.79980 0.440861
9835.59766 0.441004
9836.39648 0.441146
9837.19336 0.441288
9837.99121 0.441431
9838.78906 0.441573
9839.58691 0.441715
9840.38574 0.441858
9841.18359 0.442
9841.98242 0.442142
9842.78027 0.442278
9843.57910 0.442365
9844.37793 0.442453
9845.17578 0.44254
9845.97461 0.442627
9846.77344 0.442715
9847.57227 0.442802
9848.37109 0.442889
9849.16992 0.442977
9849.96875 0.443064
9850.76855 0.443122
9851.56738 0.443178
9852.36621 0.443235
9853.16602 0.443262
9853.96484 0.443267
9854.76465 0.443273
9855.56348 0.443278
9856.36328 0.443283
9857.16309 0.443288
9857.96289 0.443294
9858.76270 0.443299
9859.56152 0.443304
9860.36230 0.443323
9861.16211 0.443358
9861.96191 0.443393
9862.76172 0.443426
9863.56152 0.443436
9864.36230 0.443445
9865.16211 0.443454
9865.96289 0.443464
9866.76270 0.443473
9867.56348 0.443483
9868.36426 0.443492
9869.16406 0.443501
9869.96484 0.443511
9870.76562 0.44352
9871.56641 0.443528
9872.36719 0.443537
9873.16797 0.443531
9873.96875 0.443514
9874.76953 0.443497
9875.57129 0.44348
9876.37207 0.443463
9877.17383 0.443445
9877.97461 0.443428
9878.77637 0.443411
9879.57715 0.443394
9880.37891 0.443377
9881.18066 0.443359
9881.98145 0.443341
9882.78320 0.443325
9883.58496 0.44333
9884.38672 0.443334
9885.18848 0.443339
9885.99121 0.443343
9886.79297 0.443347
9887.59473 0.443352
9888.39648 0.443356
9889.19922 0.44336
9890.00098 0.443364
9890.80371 0.443338
9891.60645 0.443311
9892.40820 0.443284
9893.21094 0.443234
9894.01367 0.443171
9894.81641 0.443107
9895.61914 0.443043
9896.42188 0.442979
9897.22461 0.442916
9898.02734 0.442852
9898.83008 0.442788
9899.63281 0.442725
9900.43652 0.442677
9901.23926 0.442643
9902.04297 0.442609
9902.84570 0.442583
9903.64941 0.442597
9904.45312 0.442611
9905.25586 0.442625
9906.05957 0.442639
9906.86328 0.442653
9907.66699 0.442667
9908.47070 0.442681
9909.27441 0.442695
9910.07812 0.442709
9910.88281 0.442723
9911.68652 0.442736
9912.49023 0.442749
9913.29492 0.442702
9914.09863 0.44263
9914.90332 0.442558
9915.70703 0.442486
9916.51172 0.442414
9917.31641 0.442342
9918.12109 0.44227
9918.92480 0.442198
9919.72852 0.442126
9920.53418 0.442053
9921.33984 0.44198
9922.14453 0.441907
9922.94922 0.441844
9923.75391 0.441804
9924.55957 0.441765
9925.36426 0.441725
9926.16992 0.441686
9926.97461 0.441647
9927.78027 0.441607
9928.58496 0.441568
9929.39062 0.441528
9930.19629 0.441488
9931.00195 0.441448
9931.80762 0.441408
9932.61328 0.441367
9933.41895 0.441295
9934.22461 0.441217
9935.03027 0.44114
9935.83691 0.441062
9936.64258 0.440985
9937.44824 0.440907
9938.25488 0.440829
9939.06152 0.440751
9939.86719 0.440674
9940.67383 0.44057
9941.48047 0.440461
9942.28613 0.440352
9943.09277 0.440223
9943.89941 0.440069
9944.70605 0.439916
9945.51270 0.439762
9946.32031 0.439608
9947.12695 0.439455
9947.93359 0.439301
9948.74121 0.439147
9949.54785 0.438993
9950.35352 0.438852
9951.16211 0.438728
9951.96973 0.438603
9952.77637 0.438479
9953.58398 0.438359
9954.39160 0.438238
9955.19922 0.438117
9956.00684 0.437996
9956.81445 0.437876
9957.62207 0.437755
9958.42969 0.437634
9959.23730 0.437513
9960.04590 0.437392
9960.85352 0.43727
9961.66211 0.437149
9962.46973 0.437027
9963.27832 0.43691
9964.08594 0.436796
9964.89453 0.436682
9965.70312 0.436567
9966.51172 0.436453
9967.32031 0.436338
9968.12891 0.436224
9968.93652 0.436109
9969.74609 0.435995
9970.55469 0.43588
9971.36328 0.435764
9972.17188 0.435649
9972.98145 0.435547
9973.79004 0.435477
9974.59961 0.435407
9975.40820 0.435336
9976.21777 0.435266
9977.02734 0.435196
9977.83691 0.435125
9978.64648 0.435055
9979.45508 0.434984
9980.26465 0.434914
9981.07422 0.434842
9981.88379 0.434771
9982.69434 0.4347
9983.50391 0.434657
9984.31348 0.434615
9985.12402 0.434574
9985.93359 0.434533
9986.74414 0.434492
9987.55371 0.43445
9988.36426 0.434409
9989.17480 0.434367
9989.98438 0.434326
9990.79492 0.434254
9991.60547 0.434182
9992.41602 0.43411
9993.22656 0.434094
9994.03711 0.434116
9994.84863 0.434138
9995.65918 0.43416
9996.46973 0.434182
9997.28125 0.434204
9998.09180 0.434226
9998.90332 0.434248
9999.71387 0.434269
10000.53027 0.434323
10001.33984 0.434395
10002.15039 0.434466
10002.95996 0.434534
10003.76953 0.434594
10004.58008 0.434654
10005.38965 0.434714
10006.20996 0.434774
10007.01953 0.434834
10007.83008 0.434894
10008.63965 0.434954
10009.45020 0.435015
10010.25977 0.435074
10011.08008 0.435134
10011.88965 0.435193
10012.70020 0.435253
10013.50977 0.435334
10014.33008 0.435416
10015.13965 0.435498
10015.95020 0.435581
10016.75977 0.435663
10017.58008 0.435745
10018.38965 0.435828
10019.20020 0.43591
10020.00977 0.435992
10020.83008 0.436074
10021.63965 0.436156
10022.45020 0.436238
10023.26953 0.436332
10024.08008 0.436433
10024.88965 0.436534
10025.70996 0.436634
10026.51953 0.436735
10027.33008 0.436836
10028.15039 0.436937
10028.95996 0.437038
10029.76953 0.437139
10030.58984 0.43724
10031.40039 0.437341
10032.20996 0.437441
10033.03027 0.4375
10033.83984 0.437479
10034.66016 0.437458
