threeML/data/optical_filters/HST/WFC3_UVIS2-FQ924N.ecsv
# %ECSV 0.9
# ---
# datatype:
# - {name: wavelength, unit: Angstrom, datatype: float32}
# - {name: response, datatype: float32}
# meta: !!omap
# - {band_name: FQ924N}
# - {group_name: WFC3_UVIS2}
wavelength response
8223.00488 0.0
9136.67188 0.000401
9138.23535 0.000404
9139.79883 0.000407
9141.36230 0.00041
9142.92676 0.000372
9144.49121 0.000224
9146.05566 0.000765
9147.62012 0.000636
9149.18555 0.000597
9150.75098 0.000893
9152.31641 0.00039
9153.88184 0.000636
9155.44824 0.000794
9157.01465 0.000881
9158.58203 0.001065
9160.14844 0.000649
9161.71582 0.000731
9163.28320 0.001011
9164.85156 0.001352
9166.41895 0.001741
9167.98730 0.001935
9169.55566 0.001564
9171.12500 0.001354
9172.69434 0.001836
9174.26367 0.002321
9175.83301 0.002482
9177.40332 0.00271
9178.97363 0.002951
9180.54395 0.003007
9182.11426 0.004492
9183.68555 0.004984
9185.25684 0.005584
9186.82812 0.00656
9188.40039 0.006975
9189.97266 0.009015
9191.54492 0.010933
9193.11719 0.012897
9194.69043 0.015248
9196.26367 0.018332
9197.83691 0.022092
9199.41016 0.026394
9200.98438 0.031264
9202.55859 0.036756
9204.13281 0.043217
9205.70801 0.049247
9207.28320 0.055502
9208.85840 0.061712
9210.43359 0.066267
9212.00977 0.071756
9213.58594 0.075743
9215.16211 0.078644
9216.73926 0.08093
9218.31543 0.082357
9219.89258 0.082972
9221.47070 0.083064
9223.04785 0.082867
9224.62598 0.082615
9226.20410 0.082303
9227.78320 0.081834
9229.36230 0.081542
9230.94141 0.081446
9232.52148 0.081334
9234.09961 0.081858
9235.67969 0.082004
9237.25977 0.082221
9238.84082 0.082682
9240.42090 0.083102
9242.00195 0.083384
9243.58301 0.083733
9245.16504 0.08401
9246.74707 0.084089
9248.32910 0.083995
9249.91113 0.083699
9251.49414 0.083525
9253.07715 0.083276
9254.66016 0.082711
9256.24316 0.082388
9257.82715 0.081684
9259.41113 0.081007
9260.99512 0.080372
9262.58008 0.079618
9264.16406 0.079342
9265.74902 0.079305
9267.33496 0.079236
9268.91992 0.079096
9270.50586 0.079061
9272.09277 0.079155
9273.67871 0.079046
9275.26562 0.079007
9276.85254 0.079068
9278.43945 0.078797
9280.02734 0.077436
9281.61523 0.075367
9283.20312 0.072714
9284.79102 0.069509
9286.37988 0.065421
9287.96875 0.060592
9289.55762 0.05495
9291.14746 0.048997
9292.73633 0.043199
9294.32715 0.037192
9295.91699 0.032283
9297.50781 0.027238
9299.09863 0.022668
9300.68945 0.019334
9302.28027 0.015444
9303.87207 0.013146
9305.46387 0.011294
9307.05566 0.009471
9308.64844 0.007575
9310.24121 0.006521
9311.83398 0.005559
9313.42676 0.00472
9315.02148 0.004016
9316.61426 0.003444
9318.20801 0.002961
9319.80273 0.002679
9321.39746 0.002287
9322.99219 0.001863
9324.58691 0.001751
9326.18262 0.001879
9327.77832 0.001449
9329.37402 0.00113
9330.97070 0.001125
9332.56738 0.00125
9334.16406 0.001232
9335.76074 0.000926
9337.35840 0.00074
9338.95605 0.000756
9340.55371 0.000729
9342.15137 0.000528
9343.75000 0.000411
10278.12500 0.0
