threeML/data/optical_filters/HST/WFC3_IR-F153M.ecsv
# %ECSV 0.9
# ---
# datatype:
# - {name: wavelength, unit: Angstrom, datatype: float32}
# - {name: response, datatype: float32}
# meta: !!omap
# - {band_name: F153M}
# - {group_name: WFC3_IR}
wavelength response
[from data line 1549]
12741.44043 0.000154
12742.46973 0.000155
12743.50977 0.000156
12744.54004 0.000157
12745.57031 0.000158
12746.61035 0.000159
12747.63965 0.000161
12748.67969 0.000162
12749.70996 0.000163
12750.75000 0.000164
12751.78027 0.000165
12752.80957 0.000166
12753.84961 0.000168
12754.87988 0.000169
12755.91992 0.00017
12756.95020 0.000171
12757.99023 0.000172
12759.01953 0.000173
12760.05957 0.000174
12761.08984 0.000176
12762.12988 0.000177
12763.16016 0.000178
12764.20020 0.000179
12765.23047 0.00018
12766.26953 0.000181
12767.29980 0.000183
12768.33984 0.000184
12769.37988 0.000185
12770.41016 0.000186
12771.45020 0.000187
12772.48047 0.000188
12773.51953 0.00019
12774.55957 0.000191
12775.58984 0.000192
12776.62988 0.000193
12777.66992 0.000194
12778.70020 0.000195
12779.74023 0.000197
12780.78027 0.000198
12781.80957 0.000199
12782.84961 0.0002
12783.88965 0.000201
12784.91992 0.000202
12785.95996 0.000204
12787.00000 0.000205
12788.04004 0.000206
12789.07031 0.000207
12790.11035 0.000208
12791.15039 0.000209
12792.19043 0.000211
12793.21973 0.000212
12794.25977 0.000213
12795.29980 0.000214
12796.33984 0.000215
12797.37012 0.000216
12798.41016 0.000218
12799.45020 0.000219
12800.49023 0.00022
12801.53027 0.000221
12802.57031 0.000222
12803.59961 0.000223
12804.63965 0.000222
12805.67969 0.000221
12806.71973 0.00022
12807.75977 0.000218
12808.79980 0.000217
12809.83984 0.000216
12810.87988 0.000215
12811.91992 0.000214
12812.95996 0.000213
12814.00000 0.000212
12815.04004 0.00021
12816.07031 0.000209
12817.11035 0.000208
12818.15039 0.000207
12819.19043 0.000206
12820.23047 0.000205
12821.26953 0.000204
12822.30957 0.000202
12823.34961 0.000201
12824.38965 0.0002
12825.42969 0.000199
12826.46973 0.000198
12827.51953 0.000197
12828.55957 0.000195
12829.59961 0.000194
12830.63965 0.000193
12831.67969 0.000192
12832.71973 0.000191
12833.75977 0.00019
12834.79980 0.000188
12835.83984 0.000187
12836.87988 0.000186
12837.91992 0.000185
12838.96973 0.000184
12840.00977 0.000183
12841.04980 0.000181
12842.08984 0.00018
12843.12988 0.000179
12844.16992 0.000178
12845.21973 0.000177
12846.25977 0.000176
12847.29980 0.000174
12848.33984 0.000173
12849.38965 0.000172
12850.42969 0.000171
12851.46973 0.00017
12852.50977 0.000169
12853.55957 0.000168
12854.59961 0.000168
12855.63965 0.000168
12856.67969 0.000168
12857.73047 0.000168
12858.76953 0.000168
12859.80957 0.000168
12860.86035 0.000168
12861.90039 0.000168
12862.94043 0.000168
12863.99023 0.000168
12865.03027 0.000168
12866.07031 0.000168
12867.12012 0.000168
12868.16016 0.000168
12869.20996 0.000168
12870.25000 0.000168
12871.29004 0.000168
12872.33984 0.000168
12873.37988 0.000168
12874.42969 0.000168
12875.46973 0.000168
12876.50977 0.000168
12877.55957 0.000168
12878.59961 0.000168
12879.65039 0.000168
12880.69043 0.000168
12881.74023 0.000168
12882.78027 0.000168
12883.83008 0.000168
12884.87012 0.000168
12885.91992 0.000168
12886.95996 0.000168
12888.00977 0.000168
12889.05957 0.000168
12890.09961 0.000168
12891.15039 0.000168
12892.19043 0.000168
12893.24023 0.000168
12894.28027 0.000168
12895.33008 0.000168
12896.37988 0.000168
12897.41992 0.000168
12898.46973 0.000168
12899.51953 0.000168
12900.55957 0.000168
12901.61035 0.000168
12902.65039 0.000168
12903.70020 0.000168
12904.75000 0.00017
12905.79004 0.000173
12906.83984 0.000175
12907.88965 0.000177
12908.94043 0.00018
12909.98047 0.000182
12911.03027 0.000185
12912.08008 0.000187
12913.12988 0.000189
12914.16992 0.000192
12915.21973 0.000194
12916.26953 0.000196
12917.32031 0.000199
12918.36035 0.000201
12919.41016 0.000203
12920.45996 0.000206
12921.50977 0.000208
12922.55957 0.00021
12923.59961 0.000213
12924.65039 0.000215
12925.70020 0.000217
12926.75000 0.00022
12927.79980 0.000222
12928.84961 0.000224
12929.90039 0.000227
12930.95020 0.000229
12931.99023 0.000231
12933.04004 0.000234
12934.08984 0.000236
12935.13965 0.000239
12936.19043 0.000241
12937.24023 0.000243
12938.29004 0.000246
12939.33984 0.000248
12940.38965 0.00025
12941.44043 0.000253
12942.49023 0.000255
12943.54004 0.000257
12944.58984 0.00026
12945.63965 0.000262
12946.69043 0.000264
12947.74023 0.000267
12948.79004 0.000269
12949.83984 0.000272
12950.88965 0.000274
12951.94043 0.000276
12952.99023 0.000279
12954.04004 0.000281
12955.08984 0.000283
12956.13965 0.000286
12957.20020 0.000288
12958.25000 0.00029
12959.29980 0.000293
12960.34961 0.000295
12961.40039 0.000297
12962.45020 0.0003
12963.50000 0.000302
12964.55957 0.000304
12965.61035 0.000307
12966.66016 0.000309
12967.70996 0.000311
12968.75977 0.000314
12969.80957 0.000316
12970.87012 0.000319
12971.91992 0.000321
12972.96973 0.000323
12974.01953 0.000326
12975.08008 0.000328
12976.12988 0.00033
12977.17969 0.000333
12978.23047 0.000335
12979.29004 0.000337
12980.33984 0.00034
12981.38965 0.000342
12982.45020 0.000344
12983.50000 0.000347
12984.54980 0.000349
12985.61035 0.000352
12986.66016 0.000354
12987.70996 0.000356
12988.76953 0.000359
12989.82031 0.000361
12990.87012 0.000364
12991.92969 0.000366
12992.98047 0.000368
12994.04004 0.000371
12995.08984 0.000373
12996.13965 0.000375
12997.20020 0.000378
12998.25000 0.00038
12999.30957 0.000382
13000.36035 0.000385
13001.41992 0.000387
13002.46973 0.000389
13003.53027 0.000392
13004.58008 0.000388
13005.63965 0.000385
13006.69043 0.000381
13007.75000 0.000378
13008.79980 0.000374
13009.86035 0.000371
13010.91016 0.000367
13011.96973 0.000364
13013.01953 0.00036
13014.08008 0.000357
13015.12988 0.000353
13016.19043 0.00035
13017.25000 0.000346
13018.29980 0.000343
13019.36035 0.000339
13020.41016 0.000335
13021.46973 0.000332
13022.53027 0.000328
13023.58008 0.000325
13024.63965 0.000321
13025.70020 0.000318
13026.75000 0.000314
13027.80957 0.000311
13028.87012 0.000307
13029.91992 0.000304
13030.98047 0.0003
13032.04004 0.000297
13033.08984 0.000293
13034.15039 0.00029
13035.20996 0.000286
13036.26953 0.000283
13037.32031 0.000279
13038.37988 0.000275
13039.44043 0.000272
13040.50000 0.000268
13041.55957 0.000265
13042.61035 0.000261
13043.66992 0.000258
13044.73047 0.000254
13045.79004 0.000251
13046.84961 0.000247
13047.90039 0.000244
13048.95996 0.00024
13050.01953 0.000236
13051.08008 0.000233
13052.13965 0.000229
13053.20020 0.000226
13054.25977 0.000222
13055.32031 0.000219
13056.37988 0.000215
13057.42969 0.000212
13058.49023 0.000208
13059.54980 0.000204
13060.61035 0.000201
13061.66992 0.000197
13062.73047 0.000194
13063.79004 0.00019
13064.84961 0.000187
13065.91016 0.000183
13066.96973 0.000179
13068.03027 0.000176
13069.08984 0.000172
13070.15039 0.000169
13071.20996 0.000165
13072.26953 0.000162
13073.33008 0.000158
13074.38965 0.000155
13075.45020 0.000151
13076.50977 0.000147
13077.57031 0.000144
13078.62988 0.00014
13079.70020 0.000137
13080.75977 0.000133
13081.82031 0.00013
13082.87988 0.000126
13083.94043 0.000122
13085.00000 0.000119
13086.05957 0.000115
13087.12012 0.000112
13088.19043 0.000108
13089.25000 0.000105
13090.30957 0.000101
13091.37012 9.7e-05
13092.42969 9.4e-05
13093.50000 9e-05
13094.55957 8.7e-05
13095.62012 8.3e-05
13096.67969 8e-05
13097.75000 7.6e-05
13098.80957 7.2e-05
13099.87012 6.9e-05
13100.92969 6.5e-05
13102.00000 6.2e-05
13103.05957 5.8e-05
13104.12012 5.7e-05
13105.19043 5.9e-05
13106.25000 6.1e-05
13107.30957 6.3e-05
13108.37988 6.4e-05
13109.44043 6.6e-05
13110.50000 6.8e-05
13111.57031 7e-05
13112.62988 7.2e-05
13113.69043 7.3e-05
13114.75977 7.5e-05
13115.82031 7.7e-05
13116.87988 7.9e-05
13117.95020 8.1e-05
13119.00977 8.2e-05
13120.08008 8.4e-05
13121.13965 8.6e-05
13122.20996 8.8e-05
13123.26953 9e-05
13124.33008 9.1e-05
13125.40039 9.3e-05
13126.45996 9.5e-05
13127.53027 9.7e-05
13128.58984 9.9e-05
13129.66016 0.0001
13130.71973 0.000102
13131.79004 0.000104
13132.84961 0.000106
13133.91992 0.000108
13134.99023 0.000109
13136.04980 0.000111
13137.12012 0.000113
13138.17969 0.000115
13139.25000 0.000117
13140.30957 0.000119
13141.37988 0.00012
13142.45020 0.000122
13143.50977 0.000124
13144.58008 0.000126
13145.63965 0.000128
13146.70996 0.000129
13147.78027 0.000131
13148.83984 0.000133
13149.91016 0.000135
13150.98047 0.000137
13152.04004 0.000138
13153.11035 0.00014
13154.17969 0.000142
13155.25000 0.000144
13156.30957 0.000146
13157.37988 0.000147
13158.45020 0.000149
13159.50977 0.000151
13160.58008 0.000153
13161.65039 0.000155
13162.71973 0.000157
13163.79004 0.000158
13164.84961 0.00016
13165.91992 0.000162
13166.99023 0.000164
13168.05957 0.000166
13169.12988 0.000168
13170.19043 0.000169
13171.25977 0.000171
13172.33008 0.000173
13173.40039 0.000175
13174.46973 0.000177
13175.54004 0.000178
13176.61035 0.00018
13177.66992 0.000182
13178.74023 0.000184
13179.80957 0.000186
13180.87988 0.000188
13181.95020 0.000189
13183.01953 0.000191
13184.08984 0.000193
13185.16016 0.000195
13186.23047 0.000197
13187.29980 0.000198
13188.37012 0.0002
13189.44043 0.000202
13190.50977 0.000204
13191.58008 0.000206
13192.65039 0.000208
13193.71973 0.000209
13194.79004 0.000211
13195.86035 0.000213
13196.92969 0.000215
13198.00000 0.000217
13199.07031 0.000218
13200.13965 0.00022
13201.20996 0.000222
13202.28027 0.000224
13203.34961 0.000226
13204.42969 0.000225
13205.50000 0.000224
13206.57031 0.000223
13207.63965 0.000222
13208.70996 0.00022
13209.78027 0.000219
13210.84961 0.000218
13211.92969 0.000217
13213.00000 0.000216
13214.07031 0.000214
13215.13965 0.000213
13216.20996 0.000212
13217.29004 0.000211
13218.36035 0.00021
13219.42969 0.000208
13220.50000 0.000207
13221.58008 0.000206
13222.65039 0.000205
13223.71973 0.000204
13224.79004 0.000202
13225.87012 0.000201
13226.94043 0.0002
13228.00977 0.000199
13229.08008 0.000198
13230.16016 0.000196
13231.23047 0.000195
13232.29980 0.000194
13233.37988 0.000193
13234.45020 0.000192
13235.53027 0.00019
13236.59961 0.000189
13237.66992 0.000188
13238.75000 0.000187
13239.82031 0.000185
13240.88965 0.000184
13241.96973 0.000183
13243.04004 0.000182
13244.12012 0.000181
13245.19043 0.000179
13246.26953 0.000178
13247.33984 0.000177
13248.41992 0.000176
13249.49023 0.000175
13250.57031 0.000173
13251.63965 0.000172
13252.70996 0.000171
13253.79004 0.00017
13254.87012 0.000168
13255.94043 0.000167
13257.01953 0.000166
13258.08984 0.000165
13259.16992 0.000164
13260.24023 0.000162
13261.32031 0.000161
13262.38965 0.00016
13263.46973 0.000159
13264.54980 0.000158
13265.62012 0.000156
13266.70020 0.000155
13267.76953 0.000154
13268.84961 0.000153
13269.92969 0.000151
13271.00000 0.00015
13272.08008 0.000149
13273.16016 0.000148
13274.23047 0.000147
13275.30957 0.000145
13276.38965 0.000144
13277.45996 0.000143
13278.54004 0.000142
13279.62012 0.000141
13280.70020 0.000139
13281.76953 0.000138
13282.84961 0.000137
13283.92969 0.000136
13285.00977 0.000134
13286.08008 0.000133
13287.16016 0.000132
13288.24023 0.000131
13289.32031 0.00013
13290.40039 0.000128
13291.46973 0.000127
13292.54980 0.000126
13293.62988 0.000125
13294.70996 0.000124
13295.79004 0.000122
13296.87012 0.000121
13297.94043 0.00012
13299.01953 0.000119
13300.09961 0.000117
13301.17969 0.000116
13302.25977 0.000115
13303.33984 0.000114
13304.41992 0.000113
13305.50000 0.000113
13306.58008 0.000113
13307.66016 0.000113
13308.74023 0.000113
13309.82031 0.000113
13310.88965 0.000113
13311.96973 0.000113
13313.04980 0.000113
13314.12988 0.000113
13315.20996 0.000113
13316.29004 0.000113
13317.37012 0.000113
13318.45996 0.000113
13319.54004 0.000113
13320.62012 0.000113
13321.70020 0.000113
13322.78027 0.000113
13323.86035 0.000113
13324.94043 0.000113
13326.01953 0.000113
13327.09961 0.000113
13328.17969 0.000113
13329.25977 0.000114
13330.33984 0.000114
13331.42969 0.000114
13332.50977 0.000114
13333.58984 0.000114
13334.66992 0.000114
13335.75000 0.000114
13336.83008 0.000114
13337.91992 0.000114
13339.00000 0.000114
13340.08008 0.000114
13341.16016 0.000114
13342.25000 0.000114
13343.33008 0.000114
13344.41016 0.000114
13345.49023 0.000114
13346.58008 0.000114
13347.66016 0.000114
13348.74023 0.000114
13349.82031 0.000114
13350.91016 0.000114
13351.99023 0.000114
13353.07031 0.000114
13354.16016 0.000114
13355.24023 0.000115
13356.32031 0.000117
13357.41016 0.000118
13358.49023 0.000119
13359.57031 0.00012
13360.66016 0.000122
13361.74023 0.000123
13362.83008 0.000124
13363.91016 0.000125
13364.99023 0.000126
13366.08008 0.000128
13367.16016 0.000129
13368.25000 0.00013
13369.33008 0.000131
13370.41992 0.000133
13371.50000 0.000134
13372.58008 0.000135
13373.66992 0.000136
13374.75000 0.000138
13375.83984 0.000139
13376.91992 0.00014
13378.00977 0.000141
13379.08984 0.000142
13380.17969 0.000144
13381.26953 0.000145
13382.34961 0.000146
13383.44043 0.000147
13384.51953 0.000149
13385.61035 0.00015
13386.69043 0.000151
13387.78027 0.000152
13388.87012 0.000154
13389.95020 0.000155
13391.04004 0.000156
13392.12012 0.000157
13393.20996 0.000159
13394.29980 0.00016
13395.37988 0.000161
13396.46973 0.000162
13397.55957 0.000164
13398.63965 0.000165
13399.73047 0.000166
13400.82031 0.000167
13401.91016 0.000169
13402.99023 0.00017
13404.08008 0.000171
13405.16992 0.000172
13406.25000 0.000173
13407.33984 0.000175
13408.42969 0.000176
13409.51953 0.000177
13410.61035 0.000178
13411.69043 0.00018
13412.78027 0.000181
13413.87012 0.000182
13414.95996 0.000183
13416.04980 0.000184
13417.12988 0.000186
13418.21973 0.000187
13419.30957 0.000188
13420.40039 0.000189
13421.49023 0.000191
13422.58008 0.000192
13423.66992 0.000193
13424.75000 0.000194
13425.83984 0.000196
13426.92969 0.000197
13428.01953 0.000198
13429.11035 0.000199
13430.20020 0.0002
13431.29004 0.000202
13432.37988 0.000203
13433.46973 0.000204
13434.55957 0.000205
13435.65039 0.000207
13436.74023 0.000208
13437.83008 0.000209
13438.91992 0.00021
13440.00977 0.000211
13441.09961 0.000213
13442.19043 0.000214
13443.28027 0.000215
13444.37012 0.000216
13445.45996 0.000218
13446.54980 0.000219
13447.63965 0.00022
13448.73047 0.000221
13449.83008 0.000223
13450.91992 0.000224
13452.00977 0.000225
13453.09961 0.000226
13454.19043 0.000228
13455.28027 0.000229
13456.37012 0.00023
13457.45996 0.000231
13458.55957 0.000233
13459.65039 0.000234
13460.74023 0.000235
13461.83008 0.000236
13462.91992 0.000237
13464.01953 0.000239
13465.11035 0.00024
13466.20020 0.000241
13467.29004 0.000242
13468.38965 0.000244
13469.48047 0.000245
13470.57031 0.000246
13471.66016 0.000247
13472.75977 0.000248
13473.84961 0.00025
13474.94043 0.000251
13476.04004 0.000252
13477.12988 0.000253
13478.21973 0.000255
13479.32031 0.000256
13480.41016 0.000257
13481.50000 0.000258
13482.59961 0.00026
13483.69043 0.000261
13484.78027 0.000262
13485.87988 0.000263
13486.96973 0.000264
13488.07031 0.000266
13489.16016 0.000267
13490.25000 0.000268
13491.34961 0.000269
13492.44043 0.000271
13493.54004 0.000272
13494.62988 0.000273
13495.73047 0.000274
13496.82031 0.000275
13497.91992 0.000277
13499.00977 0.000278
13500.11035 0.000279
13501.20020 0.00028
13502.29980 0.000282
13503.38965 0.000283
13504.49023 0.00028
13505.58008 0.000275
13506.67969 0.00027
13507.78027 0.000265
13508.87012 0.00026
13509.96973 0.000255
13511.05957 0.00025
13512.16016 0.000245
13513.25000 0.00024
13514.34961 0.000235
13515.45020 0.00023
13516.54004 0.000225
13517.63965 0.00022
13518.74023 0.000215
13519.83008 0.00021
13520.92969 0.000205
13522.03027 0.0002
13523.12012 0.000195
13524.21973 0.00019
13525.32031 0.000185
13526.41992 0.00018
13527.50977 0.000175
13528.61035 0.00017
13529.70996 0.000165
13530.79980 0.00016
13531.90039 0.000155
13533.00000 0.00015
13534.09961 0.000145
13535.20020 0.00014
13536.29004 0.000135
13537.38965 0.00013
13538.49023 0.000125
13539.58984 0.00012
13540.69043 0.000115
13541.79004 0.00011
13542.87988 0.000106
13543.98047 0.000101
13545.08008 9.6e-05
13546.17969 9.1e-05
13547.28027 8.6e-05
13548.37988 8.1e-05
13549.48047 7.6e-05
13550.58008 7.1e-05
13551.67969 6.6e-05
13552.78027 6.1e-05
13553.87012 5.7e-05
13554.96973 5.7e-05
13556.07031 5.7e-05
13557.16992 5.7e-05
13558.26953 5.7e-05
13559.37012 5.7e-05
