threeML/data/optical_filters/HST/WFC3_UVIS2-F502N.ecsv
# %ECSV 0.9
# ---
# datatype:
# - {name: wavelength, unit: Angstrom, datatype: float32}
# - {name: response, datatype: float32}
# meta: !!omap
# - {band_name: F502N}
# - {group_name: WFC3_UVIS2}
wavelength response
4459.89258 0.0
4955.43604 0.000421
4956.28418 0.000501
4957.13086 0.000602
4957.97900 0.000725
4958.82812 0.000863
4959.67578 0.001048
4960.52490 0.001275
4961.37402 0.00158
4962.22217 0.00196
4963.07080 0.002428
4963.91992 0.003021
4964.77002 0.003781
4965.61914 0.004844
4966.46924 0.00619
4967.31787 0.00792
4968.16797 0.010129
4969.01904 0.012989
4969.86914 0.016787
4970.71924 0.021961
4971.56885 0.02909
4972.41992 0.038265
4973.27100 0.050618
4974.12207 0.066645
4974.97217 0.086274
4975.82422 0.109412
4976.67480 0.136146
4977.52588 0.163627
4978.37793 0.189049
4979.22900 0.211206
4980.08203 0.228852
4980.93408 0.241003
4981.78613 0.248521
4982.63818 0.252385
4983.49121 0.253657
4984.34277 0.253917
4985.19580 0.253787
4986.04883 0.253387
4986.90186 0.252824
4987.75488 0.252907
4988.60791 0.253033
4989.46191 0.253628
4990.31494 0.254208
4991.16895 0.254787
4992.02295 0.255144
4992.87695 0.254693
4993.73096 0.254856
4994.58594 0.25411
4995.43994 0.25304
4996.29492 0.251509
4997.14990 0.249749
4998.00488 0.248043
4998.85986 0.24629
4999.71484 0.243902
5000.57080 0.242148
5001.42578 0.240141
5002.28223 0.238159
5003.13818 0.236463
5003.99414 0.234997
5004.85010 0.233473
5005.70605 0.233008
5006.56201 0.232178
5007.41895 0.231421
5008.27588 0.230959
5009.13281 0.230767
5009.99023 0.230693
5010.84717 0.230644
5011.70410 0.230883
5012.56201 0.231264
5013.41895 0.231475
5014.27686 0.231755
5015.13477 0.232156
5015.99316 0.232582
5016.85107 0.233065
5017.70898 0.233993
5018.56787 0.234573
5019.42676 0.235688
5020.28516 0.236786
5021.14404 0.237758
5022.00293 0.238938
5022.86182 0.240522
5023.72217 0.241838
5024.58203 0.243691
5025.44092 0.24543
5026.30078 0.247264
5027.16113 0.249244
5028.02100 0.251064
5028.88086 0.252317
5029.74219 0.254017
5030.60205 0.255395
5031.46289 0.256324
5032.32422 0.256829
5033.18506 0.256737
5034.04492 0.255912
5034.90723 0.254274
5035.76807 0.250848
5036.62988 0.245248
5037.49219 0.238182
5038.35400 0.228362
5039.21484 0.215653
5040.07812 0.200481
5040.93994 0.183212
5041.80176 0.163791
5042.66504 0.14274
5043.52783 0.122014
5044.39111 0.102188
5045.25293 0.084389
5046.11719 0.069138
5046.97998 0.05603
5047.84424 0.044199
5048.70703 0.035092
5049.57080 0.027603
5050.43506 0.021864
5051.29883 0.017259
5052.16309 0.013519
5053.02783 0.010627
5053.89209 0.008411
5054.75684 0.006664
5055.62207 0.005328
5056.48682 0.004283
5057.35205 0.003435
5058.21680 0.002763
5059.08301 0.002253
5059.94824 0.001861
5060.81299 0.001519
5061.68018 0.001258
5062.54492 0.001042
5063.41211 0.000867
5064.27783 0.000726
5065.14502 0.000606
5066.01123 0.000502
5066.87793 0.000417
5573.56592 0.0
