threeML/data/optical_filters/HST/WFC3_UVIS2-FQ634N.ecsv
# %ECSV 0.9
# ---
# datatype:
# - {name: wavelength, unit: Angstrom, datatype: float32}
# - {name: response, datatype: float32}
# meta: !!omap
# - {band_name: FQ634N}
# - {group_name: WFC3_UVIS2}
wavelength response
5653.47705 0.0
6281.64111 0.000445
6282.71484 0.000508
6283.79004 0.000583
6284.86523 0.000675
6285.93994 0.000769
6287.01611 0.000897
6288.09180 0.001039
6289.16699 0.001211
6290.24414 0.001411
6291.31982 0.00166
6292.39600 0.001959
6293.47314 0.002316
6294.54980 0.002731
6295.62598 0.003253
6296.70410 0.00392
6297.78076 0.004695
6298.85889 0.005636
6299.93701 0.006857
6301.01416 0.008375
6302.09180 0.010226
6303.16992 0.012507
6304.24902 0.015427
6305.32812 0.019199
6306.40576 0.02389
6307.48486 0.029605
6308.56396 0.036878
6309.64404 0.046069
6310.72412 0.057122
6311.80322 0.069983
6312.88281 0.085025
6313.96289 0.10223
6315.04297 0.120672
6316.12402 0.138846
6317.20508 0.156254
6318.28613 0.17201
6319.36719 0.185156
6320.44824 0.194859
6321.52881 0.202016
6322.61084 0.206435
6323.69189 0.209188
6324.77393 0.210504
6325.85596 0.211101
6326.93896 0.211342
6328.02100 0.211609
6329.10400 0.211986
6330.18701 0.212811
6331.27002 0.213727
6332.35303 0.215106
6333.43701 0.21685
6334.52100 0.219045
6335.60400 0.221223
6336.68799 0.22378
6337.77197 0.22637
6338.85596 0.229046
6339.94092 0.231934
6341.02588 0.234471
6342.11084 0.23721
6343.19580 0.239485
6344.28076 0.24185
6345.36719 0.243879
6346.45215 0.245791
6347.53809 0.247563
6348.62402 0.248967
6349.70996 0.25022
6350.79688 0.25112
6351.88281 0.251777
6352.97021 0.252257
6354.05713 0.252488
6355.14502 0.252636
6356.23096 0.252294
6357.31885 0.251784
6358.40723 0.251302
6359.49512 0.250422
6360.58301 0.249271
6361.67090 0.248015
6362.75879 0.246468
6363.84814 0.244768
6364.93701 0.242862
6366.02588 0.240563
6367.11523 0.237882
6368.20508 0.23472
6369.29395 0.231338
6370.38379 0.227267
6371.47412 0.222414
6372.56396 0.216785
6373.65381 0.210038
6374.74512 0.202333
6375.83496 0.193462
6376.92578 0.183119
6378.01807 0.171433
6379.10791 0.158609
6380.20020 0.145357
6381.29199 0.131032
6382.38281 0.116626
6383.47607 0.101977
6384.56689 0.089173
6385.66016 0.076659
6386.75195 0.065354
6387.84521 0.054877
6388.93799 0.04645
6390.03076 0.038973
6391.12500 0.032507
6392.21777 0.026867
6393.31201 0.022565
6394.40576 0.018817
6395.50000 0.015678
6396.59424 0.013001
6397.68799 0.011001
6398.78320 0.009206
6399.87793 0.007753
6400.97314 0.006501
6402.06787 0.005537
6403.16309 0.004682
6404.25879 0.003977
6405.35400 0.003377
6406.45117 0.00291
6407.54590 0.002481
6408.64307 0.002149
6409.73877 0.001841
6410.83594 0.001597
6411.93311 0.001384
6413.02979 0.001203
6414.12695 0.001041
6415.22510 0.000916
6416.32178 0.000804
6417.41992 0.000702
6418.51807 0.000621
6419.61621 0.000545
6420.71387 0.000483
6421.81299 0.000428
7063.99414 0.0
