threeML/data/optical_filters/HST/WFC3_UVIS2-G280.ecsv
# %ECSV 0.9
# ---
# datatype:
# - {name: wavelength, unit: Angstrom, datatype: float32}
# - {name: response, datatype: float32}
# meta: !!omap
# - {band_name: G280}
# - {group_name: WFC3_UVIS2}
wavelength response
[from data line 7240]
6179.85596 0.026933
6180.81885 0.026924
6181.78320 0.026915
6182.74707 0.026906
6183.71094 0.026898
6184.67480 0.026889
6185.63916 0.02688
6186.60400 0.026871
6187.56787 0.026862
6188.53320 0.026853
6189.49805 0.026844
6190.46191 0.026835
6191.42676 0.026826
6192.39307 0.026817
6193.35791 0.026808
6194.32422 0.0268
6195.29004 0.026791
6196.25488 0.026782
6197.22119 0.026773
6198.18799 0.026764
6199.15381 0.026755
6200.12012 0.026746
6201.08691 0.026735
6202.05420 0.026723
6203.02100 0.026712
6203.98682 0.026701
6204.95508 0.02669
6205.92188 0.026679
6206.89014 0.026668
6207.85693 0.026657
6208.82520 0.026645
6209.79297 0.026634
6210.76123 0.026625
6211.72900 0.026616
6212.69824 0.026607
6213.66699 0.026598
6214.63477 0.026589
6215.60400 0.02658
6216.57324 0.026571
6217.54199 0.026562
6218.51221 0.026553
6219.48096 0.026544
6220.45117 0.026535
6221.41992 0.026526
6222.39111 0.026517
6223.35986 0.026508
6224.33105 0.026499
6225.30078 0.02649
6226.27197 0.026481
6227.24316 0.026472
6228.21289 0.026463
6229.18408 0.026454
6230.15479 0.026445
6231.12695 0.026436
6232.09814 0.026427
6233.06982 0.026419
6234.04199 0.02641
6235.01416 0.026401
6235.98486 0.026392
6236.95801 0.026383
6237.93018 0.026374
6238.90186 0.026365
6239.87500 0.026356
6240.84814 0.026346
6241.82080 0.026335
6242.79395 0.026324
6243.76807 0.026312
6244.74121 0.026301
6245.71387 0.02629
6246.68799 0.026279
6247.66211 0.026268
6248.63623 0.026257
6249.60986 0.026246
6250.58398 0.026236
6251.55908 0.026227
6252.53418 0.026218
6253.50781 0.02621
6254.48291 0.026201
6255.45801 0.026192
6256.43408 0.026183
6257.40918 0.026174
6258.38477 0.026165
6259.35986 0.026156
6260.33594 0.026147
6261.31201 0.026138
6262.28906 0.026129
6263.26514 0.02612
6264.24121 0.026111
6265.21777 0.026102
6266.19385 0.026093
6267.17090 0.026084
6268.14795 0.026075
6269.12500 0.026066
6270.10303 0.026057
6271.08105 0.026048
6272.05811 0.026039
6273.03613 0.02603
6274.01416 0.026021
6274.99219 0.026012
6275.97119 0.026003
6276.94922 0.025994
6277.92822 0.025985
6278.90576 0.025976
6279.88477 0.025967
6280.86377 0.025958
6281.84277 0.025949
6282.82324 0.02594
6283.80176 0.025931
6284.78223 0.025922
6285.76221 0.025913
6286.74219 0.025904
6287.72217 0.025895
6288.70215 0.025886
6289.68311 0.025877
6290.66309 0.025867
6291.64404 0.025855
6292.62500 0.025844
6293.60596 0.025833
6294.58691 0.025822
6295.56787 0.02581
6296.54980 0.025799
6297.53223 0.025788
6298.51318 0.025777
6299.49512 0.025766
6300.47803 0.025755
6301.45898 0.025746
6302.44189 0.025737
6303.42480 0.025728
6304.40723 0.025719
6305.39014 0.02571
6306.37305 0.025701
6307.35596 0.025692
6308.33984 0.025683
6309.32324 0.025674
6310.30713 0.025664
6311.29102 0.025655
6312.27393 0.025646
6313.25879 0.025637
6314.24316 0.025628
6315.22803 0.025619
6316.21191 0.02561
6317.19678 0.025601
6318.18213 0.025591
6319.16699 0.025582
6320.15186 0.025573
6321.13721 0.025564
6322.12305 0.025555
6323.10791 0.025546
6324.09424 0.025537
6325.08008 0.025527
6326.06592 0.025518
6327.05176 0.025509
6328.03906 0.0255
6329.02490 0.025491
6330.01221 0.025481
6330.99902 0.02547
6331.98584 0.025459
6332.97314 0.025447
6333.95996 0.025436
6334.94824 0.025425
6335.93604 0.025413
6336.92285 0.025402
6337.91113 0.025391
6338.89893 0.025379
6339.88818 0.025368
6340.87598 0.025359
6341.86523 0.025349
6342.85303 0.02534
6343.84180 0.025331
6344.83105 0.025322
6345.81982 0.025312
6346.81006 0.025303
6347.79883 0.025294
6348.78906 0.025285
6349.77783 0.025276
6350.76904 0.025266
6351.75879 0.025257
6352.74902 0.025248
6353.73877 0.025239
6354.72998 0.025229
6355.72119 0.02522
6356.71094 0.025211
6357.70312 0.025201
6358.69385 0.025192
6359.68506 0.025183
6360.67578 0.025174
6361.66797 0.025164
6362.66016 0.025155
6363.65186 0.025146
6364.64404 0.025136
6365.63623 0.025127
6366.62891 0.025118
6367.62109 0.025108
6368.61377 0.025099
6369.60693 0.02509
6370.60010 0.025079
6371.59277 0.025068
6372.58594 0.025056
6373.58008 0.025045
6374.57422 0.025033
6375.56689 0.025022
6376.56201 0.02501
6377.55615 0.024999
6378.54980 0.024987
6379.54395 0.024976
6380.53906 0.024966
6381.53418 0.024956
6382.52783 0.024947
6383.52295 0.024937
6384.51904 0.024928
6385.51416 0.024919
6386.50977 0.024909
6387.50488 0.0249
6388.50098 0.024891
6389.49707 0.024881
6390.49316 0.024872
6391.49023 0.024862
6392.48584 0.024853
6393.48193 0.024843
6394.47900 0.024834
6395.47607 0.024825
6396.47314 0.024815
6397.47119 0.024806
6398.46777 0.024796
6399.46484 0.024787
6400.46289 0.024777
6401.46094 0.024768
6402.45898 0.024759
6403.45703 0.024749
6404.45605 0.02474
6405.45410 0.02473
6406.45312 0.024721
6407.45117 0.024711
6408.45020 0.024702
6409.44922 0.024692
6410.44922 0.024682
6411.44824 0.02467
6412.44824 0.024659
6413.44678 0.024647
6414.44678 0.024635
6415.44678 0.024624
6416.44678 0.024612
6417.44824 0.024601
6418.44824 0.024589
6419.44922 0.024577
6420.45020 0.024567
6421.45117 0.024557
6422.45215 0.024548
6423.45312 0.024538
6424.45508 0.024529
6425.45605 0.024519
6426.45801 0.024509
6427.45996 0.0245
6428.46191 0.02449
6429.46387 0.024481
6430.46582 0.024471
6431.46924 0.024461
6432.47217 0.024451
6433.47510 0.024441
6434.47803 0.024431
6435.47998 0.024421
6436.48389 0.024411
6437.48682 0.024401
6438.49121 0.024391
6439.49512 0.024381
6440.49902 0.024371
6441.50293 0.024361
6442.50684 0.024351
6443.51221 0.024341
6444.51611 0.024331
6445.52100 0.024321
6446.52588 0.024311
6447.53076 0.0243
6448.53613 0.02429
6449.54102 0.02428
6450.54688 0.024269
6451.55176 0.024257
6452.55811 0.024245
6453.56396 0.024233
6454.56982 0.02422
6455.57715 0.024208
6456.58301 0.024196
6457.58984 0.024184
6458.59619 0.024172
6459.60400 0.02416
6460.60986 0.024149
6461.61816 0.024139
6462.62500 0.024128
6463.63184 0.024118
6464.64014 0.024108
6465.64795 0.024098
6466.65576 0.024088
6467.66406 0.024078
6468.67188 0.024068
6469.68115 0.024057
6470.68896 0.024047
6471.69922 0.024037
6472.70801 0.024027
6473.71680 0.024017
6474.72607 0.024007
6475.73486 0.023996
6476.74512 0.023986
6477.75391 0.023976
6478.76514 0.023966
6479.77393 0.023956
6480.78516 0.023945
6481.79492 0.023935
6482.80615 0.023925
6483.81592 0.023915
6484.82715 0.023905
6485.83789 0.023894
6486.84912 0.023884
6487.86084 0.023874
6488.87207 0.023864
6489.88379 0.023853
6490.89600 0.023841
6491.90820 0.023829
6492.91895 0.023817
6493.93213 0.023804
6494.94385 0.023792
6495.95703 0.02378
6496.97021 0.023767
6497.98193 0.023755
6498.99609 0.023743
6500.00879 0.02373
6501.02197 0.023721
6502.03613 0.023713
6503.04883 0.023704
6504.06299 0.023695
6505.07715 0.023686
6506.09082 0.023677
6507.10498 0.023668
6508.12012 0.023659
6509.13477 0.02365
6510.14893 0.023641
6511.16504 0.023632
6512.18018 0.023623
6513.19482 0.023614
6514.20996 0.023605
6515.22607 0.023596
6516.24219 0.023587
6517.25781 0.023578
6518.27295 0.023569
6519.29004 0.02356
6520.30615 0.023551
6521.32324 0.023539
6522.33887 0.023528
6523.35596 0.023517
6524.37402 0.023506
6525.39111 0.023495
6526.40820 0.023484
6527.42480 0.023473
6528.44287 0.023462
6529.46094 0.023451
6530.47900 0.023441
6531.49707 0.023432
6532.51514 0.023423
6533.53418 0.023414
6534.55176 0.023405
6535.57080 0.023396
6536.58984 0.023387
6537.60889 0.023378
6538.62793 0.023369
6539.64697 0.02336
6540.66699 0.023351
6541.68701 0.023342
6542.70703 0.023333
6543.72705 0.023324
6544.74707 0.023315
6545.76709 0.023306
6546.78809 0.023297
6547.80811 0.023288
6548.82910 0.023279
6549.85010 0.02327
6550.87109 0.023261
6551.89307 0.023252
6552.91406 0.023243
6553.93604 0.023234
6554.95801 0.023225
6555.97900 0.023216
6557.00098 0.023207
6558.02393 0.023198
6559.04590 0.023189
6560.06885 0.02318
6561.09082 0.023169
6562.11377 0.023158
6563.13721 0.023147
6564.16113 0.023136
6565.18408 0.023125
6566.20801 0.023114
6567.23096 0.023103
6568.25488 0.023092
6569.27881 0.023081
6570.30322 0.02307
6571.32812 0.023061
6572.35205 0.023052
6573.37598 0.023043
6574.40088 0.023034
6575.42578 0.023025
6576.45215 0.023016
6577.47705 0.023007
6578.50195 0.022998
6579.52783 0.022989
6580.55420 0.02298
6581.58008 0.022971
6582.60498 0.022962
6583.63184 0.022953
6584.65820 0.022944
6585.68506 0.022935
6586.71094 0.022926
6587.73877 0.022917
6588.76611 0.022908
6589.79297 0.022899
6590.81982 0.022888
6591.84814 0.022877
6592.87500 0.022866
6593.90283 0.022855
6594.93115 0.022844
6595.95898 0.022833
6596.98779 0.022822
6598.01611 0.02281
6599.04492 0.022799
6600.07422 0.022788
6601.10303 0.022779
6602.13184 0.02277
6603.16113 0.022761
6604.18994 0.022752
6605.22021 0.022743
6606.25000 0.022734
6607.27979 0.022725
6608.31006 0.022716
6609.33984 0.022707
6610.37109 0.022698
6611.40088 0.022689
6612.43213 0.02268
6613.46289 0.022671
6614.49414 0.022662
6615.52490 0.022653
6616.55713 0.022644
6617.58789 0.022635
6618.62012 0.022626
6619.65088 0.022616
6620.68408 0.022607
6621.71582 0.022598
6622.74805 0.022589
6623.78076 0.02258
6624.81299 0.022571
6625.84619 0.022562
6626.87891 0.022553
6627.91211 0.022544
6628.94482 0.022535
6629.97900 0.022526
6631.01318 0.022514
6632.04590 0.022502
6633.08105 0.02249
6634.11523 0.022478
6635.14893 0.022466
6636.18311 0.022454
6637.21777 0.022442
6638.25195 0.02243
6639.28809 0.022419
6640.32324 0.022407
6641.35791 0.022397
6642.39307 0.022387
6643.42920 0.022377
6644.46387 0.022367
6645.50000 0.022357
6646.53711 0.022348
6647.57324 0.022338
6648.60889 0.022328
6649.64600 0.022318
6650.68213 0.022308
6651.71924 0.022298
6652.75586 0.022288
6653.79297 0.022278
6654.83105 0.022268
6655.86816 0.022258
6656.90576 0.022248
6657.94385 0.022238
6658.98193 0.022228
6660.02002 0.022218
6661.05811 0.022206
6662.09717 0.022194
6663.13477 0.022182
6664.17383 0.02217
6665.21289 0.022158
6666.25195 0.022147
6667.29199 0.022135
6668.33105 0.022123
6669.37109 0.022111
6670.41016 0.0221
6671.45020 0.02209
6672.49023 0.02208
6673.53076 0.02207
6674.57080 0.02206
6675.61182 0.02205
6676.65186 0.02204
6677.69287 0.02203
6678.73389 0.02202
6679.77490 0.02201
6680.81689 0.022
6681.85791 0.02199
6682.89990 0.02198
6683.94189 0.02197
6684.98389 0.02196
6686.02588 0.021951
6687.06885 0.021941
6688.11084 0.021931
6689.15381 0.021921
6690.19678 0.02191
6691.24023 0.021899
6692.28320 0.021887
6693.32617 0.021875
6694.37012 0.021863
6695.41406 0.021851
6696.45801 0.021839
6697.50098 0.021827
6698.54492 0.021815
6699.58984 0.021803
6700.63379 0.021793
6701.67920 0.021783
6702.72412 0.021773
6703.76904 0.021763
6704.81396 0.021753
6705.85889 0.021743
6706.90479 0.021733
6707.95020 0.021723
6708.99609 0.021714
6710.04199 0.021704
6711.08789 0.021694
6712.13379 0.021684
6713.18115 0.021674
6714.22803 0.021664
6715.27393 0.021654
6716.32080 0.021644
6717.36816 0.021634
6718.41602 0.021624
6719.46289 0.021615
6720.51123 0.021604
6721.55811 0.021592
6722.60596 0.02158
6723.65381 0.021568
6724.70312 0.021556
6725.75098 0.021545
6726.79883 0.021533
6727.84814 0.021521
6728.89697 0.021509
6729.94580 0.021497
6730.99512 0.021487
6732.04492 0.021477
6733.09424 0.021467
6734.14404 0.021458
6735.19385 0.021448
6736.24414 0.021438
6737.29395 0.021428
6738.34424 0.021418
6739.39502 0.021408
6740.44580 0.021398
6741.49707 0.021388
6742.54688 0.021379
6743.59912 0.021369
6744.64990 0.021359
6745.70215 0.021349
6746.75293 0.021339
6747.80518 0.021329
6748.85693 0.021319
6749.90918 0.02131
6750.96094 0.021298
6752.01416 0.021286
6753.06689 0.021274
6754.12012 0.021263
6755.17188 0.021251
6756.22607 0.021239
6757.27881 0.021227
6758.33301 0.021215
6759.38623 0.021204
6760.43994 0.021193
6761.49414 0.021183
6762.54785 0.021173
6763.60303 0.021163
6764.65723 0.021153
6765.71094 0.021143
6766.76611 0.021134
6767.82080 0.021124
6768.87598 0.021114
6769.93213 0.021104
6770.98682 0.021094
6772.04199 0.021084
6773.09912 0.021075
6774.15381 0.021065
6775.20996 0.021055
6776.26709 0.021045
6777.32324 0.021035
6778.37988 0.021025
6779.43701 0.021016
6780.49414 0.021005
6781.55078 0.020993
6782.60791 0.020981
6783.66602 0.02097
6784.72314 0.020958
6785.78076 0.020946
6786.83789 0.020934
6787.89600 0.020923
6788.95508 0.020911
6790.01318 0.020899
6791.07178 0.020889
6792.13086 0.02088
6793.18896 0.02087
6794.24902 0.02086
6795.30811 0.02085
6796.36719 0.02084
6797.42676 0.020831
6798.48682 0.020821
6799.54590 0.020811
6800.60596 0.020801
6801.66699 0.020791
6802.72705 0.020782
6803.78809 0.020772
6804.84912 0.020762
6805.90918 0.020752
6806.97021 0.020743
6808.03223 0.020733
6809.09277 0.020723
6810.15479 0.020713
6811.21582 0.020701
6812.27783 0.02069
6813.33984 0.020678
6814.40186 0.020666
6815.46484 0.020655
6816.52686 0.020643
6817.58984 0.020631
6818.65283 0.02062
6819.71582 0.020608
6820.77881 0.020598
6821.84277 0.020588
6822.90576 0.020578
6823.97021 0.020568
6825.03418 0.020559
6826.09814 0.020549
6827.16211 0.020539
6828.22705 0.020529
6829.29102 0.02052
6830.35498 0.02051
6831.41992 0.020501
6832.48486 0.020492
6833.55078 0.020482
6834.61621 0.020473
6835.68213 0.020464
6836.74805 0.020455
6837.81299 0.020446
6838.87891 0.020436
6839.94482 0.020427
6841.01221 0.020416
6842.07910 0.020405
6843.14502 0.020394
6844.21191 0.020383
6845.27881 0.020372
6846.34619 0.020361
6847.41406 0.02035
6848.48096 0.020338
6849.54883 0.020327
6850.61719 0.020317
6851.68506 0.020308
6852.75293 0.020299
6853.82080 0.02029
6854.89014 0.020281
6855.95801 0.020271
6857.02686 0.020262
6858.09619 0.020253
6859.16602 0.020244
6860.23486 0.020234
6861.30420 0.020223
6862.37402 0.020212
6863.44385 0.020201
6864.51416 0.02019
6865.58398 0.020179
6866.65479 0.020168
6867.72510 0.020157
6868.79590 0.020146
6869.86719 0.020135
6870.93701 0.020125
6872.00879 0.020116
6873.08008 0.020107
6874.15186 0.020098
6875.22412 0.020089
6876.29492 0.020079
6877.36719 0.02007
6878.43896 0.020061
6879.51221 0.020052
6880.58398 0.020043
6881.65723 0.020034
6882.72998 0.020024
6883.80322 0.020015
6884.87598 0.020006
6885.95020 0.019997
6887.02295 0.019988
6888.09717 0.019979
6889.17090 0.019969
6890.24512 0.01996
6891.31885 0.019949
6892.39404 0.019938
6893.46777 0.019927
6894.54199 0.019916
6895.61816 0.019905
6896.69189 0.019894
6897.76807 0.019883
6898.84277 0.019872
6899.91895 0.019861
6900.99512 0.019852
6902.06982 0.019842
6903.14600 0.019833
6904.22314 0.019824
6905.29883 0.019815
6906.37500 0.019806
6907.45215 0.019797
6908.52881 0.019788
6909.60596 0.019779
6910.68408 0.01977
6911.76123 0.01976
6912.83789 0.019751
6913.91602 0.019742
6914.99414 0.019733
6916.07178 0.019724
6917.14990 0.019715
6918.22900 0.019706
6919.30713 0.019697
6920.38623 0.019687
6921.46484 0.019676
6922.54395 0.019665
6923.62402 0.019654
6924.70312 0.019643
6925.78223 0.019632
6926.86182 0.019622
6927.94189 0.019611
6929.02197 0.0196
6930.10205 0.019589
6931.18311 0.01958
6932.26318 0.019571
6933.34424 0.019562
6934.42480 0.019553
6935.50586 0.019544
6936.58691 0.019535
6937.66895 0.019526
6938.75000 0.019516
6939.83203 0.019507
6940.91406 0.019497
6941.99609 0.019486
6943.07910 0.019475
6944.16113 0.019464
6945.24414 0.019453
6946.32617 0.019442
6947.40918 0.019432
6948.49219 0.019421
6949.57617 0.01941
6950.65918 0.0194
6951.74316 0.019391
6952.82715 0.019382
6953.91113 0.019373
6954.99512 0.019364
6956.07910 0.019355
6957.16406 0.019346
6958.24805 0.019337
6959.33301 0.019328
6960.41797 0.019319
6961.50293 0.01931
6962.58789 0.019301
6963.67383 0.019292
6964.75879 0.019283
6965.84521 0.019274
6966.93115 0.019265
6968.01807 0.019256
6969.10400 0.019247
6970.18994 0.019237
6971.27686 0.019227
6972.36377 0.019216
6973.45117 0.019205
6974.53809 0.019194
6975.62500 0.019183
6976.71289 0.019173
6977.80078 0.019162
6978.88818 0.019151
6979.97705 0.01914
6981.06396 0.019131
6982.15283 0.019122
6983.24219 0.019113
6984.33008 0.019104
6985.41895 0.019095
6986.50781 0.019086
6987.59717 0.019077
6988.68701 0.019069
6989.77588 0.01906
6990.86621 0.019051
6991.95605 0.019042
6993.04590 0.019033
6994.13623 0.019024
6995.22705 0.019015
6996.31689 0.019006
6997.40820 0.018997
6998.49902 0.018988
6999.58984 0.018979
7000.68115 0.018968
7001.77197 0.018956
7002.86377 0.018944
7003.95605 0.018933
