threeML/data/optical_filters/HST/WFC3_UVIS1-G280.ecsv
# %ECSV 0.9
# ---
# datatype:
# - {name: wavelength, unit: Angstrom, datatype: float32}
# - {name: response, datatype: float32}
# meta: !!omap
# - {band_name: G280}
# - {group_name: WFC3_UVIS1}
wavelength response
[from data line 3219]
3301.77002 0.07892
3302.28491 0.078907
3302.80005 0.078893
3303.31494 0.078879
3303.83008 0.078865
3304.34497 0.078852
3304.86011 0.078838
3305.37500 0.078824
3305.89111 0.078811
3306.40601 0.078797
3306.92090 0.078783
3307.43701 0.078769
3307.95288 0.078756
3308.46899 0.078742
3308.98389 0.078728
3309.50000 0.078714
3310.01611 0.078701
3310.53198 0.078691
3311.04810 0.07868
3311.56396 0.07867
3312.08105 0.07866
3312.59692 0.07865
3313.11401 0.07864
3313.62988 0.07863
3314.14697 0.078619
3314.66309 0.078609
3315.17993 0.078599
3315.69702 0.078589
3316.21411 0.078579
3316.73096 0.078569
3317.24805 0.078558
3317.76489 0.078548
3318.28198 0.078538
3318.80005 0.078528
3319.31689 0.078518
3319.83496 0.078508
3320.35205 0.078495
3320.87012 0.078481
3321.38696 0.078467
3321.90503 0.078454
3322.42310 0.07844
3322.94092 0.078426
3323.45898 0.078412
3323.97803 0.078399
3324.49609 0.078385
3325.01392 0.078371
3325.53198 0.078357
3326.05103 0.078344
3326.56909 0.07833
3327.08789 0.078316
3327.60693 0.078302
3328.12500 0.078288
3328.64404 0.078275
3329.16309 0.078261
3329.68188 0.078247
3330.20093 0.078235
3330.71997 0.078224
3331.23999 0.078214
3331.75903 0.078204
3332.27905 0.078194
3332.79810 0.078184
3333.31812 0.078173
3333.83691 0.078163
3334.35693 0.078153
3334.87695 0.078143
3335.39697 0.078133
3335.91699 0.078122
3336.43701 0.078112
3336.95703 0.078102
3337.47705 0.078092
3337.99805 0.078082
3338.51807 0.078071
3339.03906 0.078061
3339.55908 0.078051
3340.08008 0.07804
3340.60107 0.078026
3341.12109 0.078012
3341.64209 0.077999
3342.16309 0.077985
3342.68408 0.077971
3343.20508 0.077957
3343.72705 0.077943
3344.24805 0.07793
3344.76904 0.077916
3345.29102 0.077902
3345.81201 0.077888
3346.33398 0.077874
3346.85498 0.07786
3347.37695 0.077847
3347.89893 0.077833
3348.42090 0.077819
3348.94312 0.077805
3349.46509 0.077791
3349.98804 0.077777
3350.51001 0.077767
3351.03198 0.077757
3351.55493 0.077747
3352.07690 0.077736
3352.60010 0.077726
3353.12207 0.077716
3353.64502 0.077706
3354.16797 0.077695
3354.69092 0.077685
3355.21411 0.077675
3355.73706 0.077665
3356.26001 0.077654
3356.78296 0.077644
3357.30688 0.077634
3357.83008 0.077623
3358.35400 0.077613
3358.87695 0.077603
3359.40088 0.077593
3359.92505 0.077582
3360.44800 0.077569
3360.97192 0.077555
3361.49609 0.077541
3362.02100 0.077527
3362.54395 0.077514
3363.06909 0.0775
3363.59302 0.077486
3364.11694 0.077472
3364.64209 0.077458
3365.16699 0.077444
3365.69092 0.07743
3366.21606 0.077417
3366.74097 0.077403
3367.26611 0.077389
3367.79102 0.077375
3368.31592 0.077361
3368.84106 0.077347
3369.36597 0.077333
3369.89111 0.07732
3370.41699 0.077309
3370.94189 0.077298
3371.46802 0.077288
3371.99292 0.077278
3372.51904 0.077267
3373.04492 0.077257
3373.57104 0.077247
3374.09595 0.077237
3374.62305 0.077226
3375.14893 0.077216
3375.67505 0.077206
3376.20093 0.077196
3376.72803 0.077185
3377.25391 0.077175
3377.78101 0.077165
3378.30688 0.077154
3378.83398 0.077144
3379.36108 0.077134
3379.88696 0.077123
3380.41406 0.07711
3380.94092 0.077097
3381.46899 0.077083
3381.99609 0.077069
3382.52295 0.077055
3383.05005 0.077041
3383.57788 0.077027
3384.10498 0.077013
3384.63306 0.077
3385.15991 0.076986
3385.68799 0.076972
3386.21606 0.076958
3386.74390 0.076944
3387.27197 0.07693
3387.80005 0.076916
3388.32788 0.076902
3388.85596 0.076889
3389.38501 0.076875
3389.91309 0.076861
3390.44189 0.07685
3390.96997 0.07684
3391.49902 0.076829
3392.02808 0.076819
3392.55591 0.076809
3393.08496 0.076799
3393.61401 0.076788
3394.14404 0.076778
3394.67310 0.076768
3395.20190 0.076757
3395.73096 0.076747
3396.26001 0.076737
3396.79004 0.076726
3397.32007 0.076716
3397.84912 0.076706
3398.37891 0.076696
3398.90894 0.076685
3399.43896 0.076675
3399.96899 0.076665
3400.49902 0.076626
3401.02905 0.076586
3401.55908 0.076545
3402.08911 0.076505
3402.62012 0.076464
3403.14990 0.076424
3403.68091 0.076383
3404.21094 0.076343
3404.74194 0.076303
3405.27295 0.076262
3405.80396 0.076222
3406.33496 0.076181
3406.86597 0.076141
3407.39697 0.076101
3407.92798 0.07606
3408.45996 0.07602
3408.99097 0.075979
3409.52197 0.075939
3410.05396 0.075899
3410.58594 0.075862
3411.11694 0.075825
3411.64893 0.075789
3412.18091 0.075752
3412.71289 0.075715
3413.24512 0.075678
3413.77710 0.075641
3414.31006 0.075604
3414.84204 0.075568
3415.37402 0.075531
3415.90698 0.075494
3416.43896 0.075457
3416.97192 0.07542
3417.50488 0.075383
3418.03711 0.075347
3418.57007 0.07531
3419.10303 0.075273
3419.63599 0.075236
3420.16895 0.075198
3420.70288 0.075158
3421.23608 0.075118
3421.76904 0.075077
3422.30298 0.075037
3422.83594 0.074997
3423.37012 0.074956
3423.90405 0.074916
3424.43799 0.074876
3424.97095 0.074835
3425.50488 0.074795
3426.03906 0.074755
3426.57300 0.074715
3427.10791 0.074674
3427.64209 0.074634
3428.17603 0.074594
3428.71094 0.074553
3429.24512 0.074513
3429.78003 0.074473
3430.31494 0.074434
3430.84912 0.074398
3431.38403 0.07436
3431.91895 0.074324
3432.45410 0.074287
3432.98999 0.07425
3433.52490 0.074213
3434.06006 0.074176
3434.59497 0.074139
3435.13110 0.074102
3435.66602 0.074065
3436.20190 0.074028
3436.73804 0.073991
3437.27295 0.073954
3437.80908 0.073917
3438.34497 0.07388
3438.88110 0.073843
3439.41699 0.073806
3439.95410 0.073769
3440.48999 0.073729
3441.02588 0.073688
3441.56299 0.073648
3442.09912 0.073607
3442.63599 0.073567
3443.17310 0.073526
3443.70898 0.073486
3444.24707 0.073446
3444.78296 0.073405
3445.32104 0.073365
3445.85791 0.073324
3446.39502 0.073284
3446.93188 0.073243
3447.46899 0.073203
3448.00708 0.073163
3448.54395 0.073122
3449.08203 0.073082
3449.62012 0.073041
3450.15796 0.073002
3450.69604 0.072965
3451.23389 0.072928
3451.77197 0.072891
3452.31006 0.072854
3452.84790 0.072817
3453.38599 0.072781
3453.92505 0.072744
3454.46289 0.072707
3455.00195 0.07267
3455.54004 0.072633
3456.07910 0.072596
3456.61792 0.072559
3457.15698 0.072522
3457.69604 0.072485
3458.23511 0.072448
3458.77393 0.072411
3459.31299 0.072374
3459.85303 0.072337
3460.39209 0.072298
3460.93091 0.072258
3461.47095 0.072217
3462.01099 0.072177
3462.55005 0.072137
3463.09009 0.072096
3463.62988 0.072056
3464.16992 0.072016
3464.70996 0.071975
3465.25000 0.071935
3465.79102 0.071895
3466.33105 0.071854
3466.87109 0.071814
3467.41211 0.071774
3467.95190 0.071733
3468.49292 0.071693
3469.03394 0.071653
3469.57495 0.071612
3470.11499 0.071572
3470.65601 0.071532
3471.19800 0.071492
3471.73901 0.071451
3472.28003 0.071411
3472.82202 0.071371
3473.36304 0.071331
3473.90405 0.07129
3474.44604 0.07125
3474.98804 0.07121
3475.52905 0.07117
3476.07104 0.07113
3476.61304 0.071089
3477.15503 0.071049
3477.69702 0.071009
3478.23999 0.070969
3478.78198 0.070928
3479.32397 0.070888
3479.86597 0.070848
3480.40894 0.07081
3480.95190 0.070774
3481.49390 0.070737
3482.03711 0.0707
3482.58008 0.070663
3483.12305 0.070626
3483.66602 0.07059
3484.20898 0.070553
3484.75195 0.070516
3485.29492 0.070479
3485.83911 0.070442
3486.38208 0.070405
3486.92603 0.070369
3487.46899 0.070332
3488.01294 0.070295
3488.55688 0.070258
3489.10107 0.070221
3489.64502 0.070185
3490.18896 0.070147
3490.73291 0.070107
3491.27710 0.070066
3491.82202 0.070026
3492.36597 0.069986
3492.90991 0.069946
3493.45508 0.069906
3494.00000 0.069866
3494.54395 0.069826
3495.08911 0.069786
3495.63403 0.069746
3496.17896 0.069705
3496.72412 0.069665
3497.26904 0.069625
3497.81396 0.069585
3498.36011 0.069545
3498.90503 0.069505
3499.45093 0.069465
3499.99609 0.069425
3500.54199 0.069378
3501.08789 0.069332
3501.63403 0.069285
3502.17896 0.069238
3502.72510 0.069192
3503.27100 0.069145
3503.81812 0.069099
3504.36401 0.069052
3504.90991 0.069005
3505.45703 0.068959
3506.00293 0.068912
3506.55005 0.068866
3507.09595 0.068819
3507.64307 0.068773
3508.18994 0.068726
3508.73706 0.068679
3509.28394 0.068633
3509.83105 0.068586
3510.37793 0.068537
3510.92603 0.068488
3511.47290 0.068438
3512.02002 0.068388
3512.56812 0.068338
3513.11499 0.068289
3513.66309 0.068239
3514.21094 0.068189
3514.75903 0.068139
3515.30688 0.06809
3515.85498 0.06804
3516.40308 0.06799
3516.95093 0.06794
3517.50000 0.067891
3518.04810 0.067841
3518.59595 0.067791
3519.14502 0.067742
3519.69409 0.067692
3520.24194 0.067644
3520.79102 0.067598
3521.34009 0.067551
3521.88892 0.067505
3522.43799 0.067458
3522.98706 0.067412
3523.53711 0.067366
3524.08594 0.06732
3524.63501 0.067273
3525.18506 0.067227
3525.73389 0.067181
3526.28394 0.067134
3526.83398 0.067088
3527.38403 0.067042
3527.93408 0.066995
3528.48389 0.066949
3529.03394 0.066903
3529.58398 0.066857
3530.13403 0.066809
3530.68506 0.06676
3531.23511 0.066711
3531.78491 0.066661
3532.33594 0.066612
3532.88696 0.066562
3533.43701 0.066513
3533.98901 0.066463
3534.53906 0.066414
3535.09009 0.066365
3535.64209 0.066315
3536.19312 0.066266
3536.74390 0.066217
3537.29492 0.066167
3537.84692 0.066118
3538.39795 0.066069
3538.94995 0.066019
3539.50195 0.06597
3540.05396 0.065921
3540.60596 0.065875
3541.15796 0.065829
3541.70996 0.065783
3542.26196 0.065737
3542.81396 0.065691
3543.36597 0.065645
3543.91895 0.065599
3544.47095 0.065553
3545.02393 0.065507
3545.57690 0.065461
3546.12891 0.065415
3546.68188 0.065369
3547.23511 0.065323
3547.78809 0.065276
3548.34106 0.06523
3548.89502 0.065185
3549.44800 0.065139
3550.00098 0.065093
3550.55493 0.065043
3551.10791 0.064994
3551.66211 0.064945
3552.21606 0.064896
3552.76904 0.064847
3553.32300 0.064798
3553.87695 0.064749
3554.43091 0.0647
3554.98511 0.064651
3555.54004 0.064602
3556.09399 0.064553
3556.64795 0.064504
3557.20288 0.064455
3557.75708 0.064406
3558.31201 0.064357
3558.86694 0.064308
3559.42212 0.064259
3559.97705 0.06421
3560.53101 0.064161
3561.08691 0.064112
3561.64209 0.064063
3562.19702 0.064014
3562.75195 0.063966
3563.30811 0.063917
3563.86401 0.063868
3564.41895 0.063819
3564.97510 0.06377
3565.53101 0.063721
3566.08594 0.063672
3566.64209 0.063624
3567.19800 0.063575
3567.75488 0.063526
3568.31104 0.063477
3568.86694 0.063428
3569.42407 0.06338
3569.97998 0.063331
3570.53711 0.063285
3571.09302 0.06324
3571.64990 0.063194
3572.20703 0.063148
3572.76392 0.063103
3573.32104 0.063057
3573.87793 0.063012
3574.43506 0.062966
3574.99194 0.06292
3575.55005 0.062875
3576.10693 0.062829
3576.66504 0.062784
3577.22192 0.062738
3577.78003 0.062692
3578.33789 0.062647
3578.89600 0.062601
3579.45288 0.062556
3580.01099 0.06251
3580.57007 0.062462
3581.12793 0.062413
3581.68604 0.062364
3582.24512 0.062316
3582.80298 0.062267
3583.36206 0.062219
3583.91992 0.06217
3584.47900 0.062122
3585.03809 0.062073
3585.59692 0.062025
3586.15601 0.061977
3586.71509 0.061928
3587.27393 0.06188
3587.83301 0.061831
3588.39307 0.061783
3588.95190 0.061734
3589.51196 0.061686
3590.07104 0.061638
3590.63110 0.061593
3591.19092 0.061547
3591.75098 0.061502
3592.31104 0.061457
3592.87109 0.061411
3593.43091 0.061366
3593.99097 0.061321
3594.55103 0.061275
3595.11206 0.06123
3595.67212 0.061185
3596.23291 0.061139
3596.79297 0.061094
3597.35400 0.061049
3597.91504 0.061004
3598.47607 0.060958
3599.03711 0.060913
3599.59790 0.060868
3600.15894 0.060828
3600.71997 0.060802
3601.28198 0.060775
3601.84302 0.060749
3602.40503 0.060723
3602.96704 0.060696
3603.52808 0.06067
3604.09009 0.060643
3604.65210 0.060617
3605.21411 0.060591
3605.77588 0.060564
3606.33789 0.060538
3606.89990 0.060511
3607.46289 0.060485
3608.02490 0.060458
3608.58789 0.060432
3609.14990 0.060405
3609.71289 0.060379
3610.27588 0.060354
3610.83789 0.06033
3611.40088 0.060307
3611.96411 0.060283
3612.52808 0.06026
3613.09106 0.060236
3613.65405 0.060212
3614.21802 0.060189
3614.78101 0.060165
3615.34399 0.060141
3615.90796 0.060118
3616.47192 0.060094
3617.03589 0.06007
3617.60010 0.060047
3618.16406 0.060023
3618.72803 0.059999
3619.29199 0.059975
3619.85596 0.059951
3620.41992 0.059925
3620.98511 0.059899
3621.54907 0.059872
3622.11401 0.059845
3622.67896 0.059818
3623.24292 0.059792
3623.80811 0.059765
3624.37305 0.059738
3624.93799 0.059711
3625.50293 0.059684
3626.06909 0.059657
3626.63403 0.05963
3627.19897 0.059603
3627.76489 0.059577
3628.33105 0.05955
3628.89600 0.059523
3629.46191 0.059496
3630.02808 0.059469
3630.59399 0.059441
3631.15991 0.059414
3631.72607 0.059386
3632.29199 0.059359
3632.85791 0.059331
3633.42505 0.059304
3633.99097 0.059276
3634.55811 0.059249
3635.12402 0.059221
3635.69092 0.059194
3636.25806 0.059166
3636.82495 0.059138
3637.39209 0.059111
3637.95898 0.059083
3638.52588 0.059055
3639.09302 0.059028
3639.66089 0.059
3640.22803 0.058974
3640.79492 0.058949
3641.36304 0.058924
3641.93091 0.058899
3642.49902 0.058874
3643.06592 0.05885
3643.63501 0.058825
3644.20190 0.0588
3644.77100 0.058775
3645.33911 0.05875
3645.90698 0.058725
3646.47607 0.0587
3647.04395 0.058675
3647.61304 0.05865
3648.18091 0.058626
3648.75000 0.058601
3649.31909 0.058576
3649.88794 0.058551
3650.45703 0.058523
3651.02588 0.058495
3651.59497 0.058467
3652.16504 0.058439
3652.73389 0.058411
3653.30298 0.058384
3653.87305 0.058356
3654.44312 0.058328
3655.01196 0.0583
3655.58203 0.058272
3656.15210 0.058243
3656.72192 0.058215
3657.29199 0.058187
3657.86206 0.058159
3658.43311 0.058131
3659.00293 0.058103
3659.57300 0.058075
3660.14404 0.058048
3660.71509 0.058022
3661.28491 0.057997
3661.85596 0.057972
3662.42700 0.057947
3662.99805 0.057921
3663.56909 0.057896
3664.13989 0.057871
3664.71094 0.057845
3665.28296 0.05782
3665.85400 0.057795
3666.42603 0.057769
3666.99707 0.057744
3667.56909 0.057718
3668.14111 0.057693
3668.71289 0.057668
3669.28491 0.057642
3669.85693 0.057617
3670.42896 0.057589
3671.00098 0.057561
3671.57300 0.057532
3672.14600 0.057504
3672.71802 0.057475
3673.29102 0.057447
3673.86401 0.057419
3674.43604 0.05739
3675.00903 0.057362
3675.58203 0.057333
3676.15503 0.057305
3676.72803 0.057276
3677.30200 0.057248
3677.87500 0.057219
3678.44800 0.057191
3679.02197 0.057162
3679.59497 0.057134
3680.16895 0.057105
3680.74292 0.057077
3681.31689 0.057048
3681.88989 0.057019
3682.46509 0.056991
3683.03906 0.056962
3683.61304 0.056934
3684.18701 0.056905
3684.76099 0.056876
3685.33594 0.056848
3685.90991 0.056819
3686.48511 0.05679
3687.06006 0.056761
3687.63501 0.056733
3688.20898 0.056704
3688.78491 0.056675
3689.36011 0.056647
3689.93506 0.056618
3690.51001 0.056591
3691.08496 0.056565
3691.66089 0.056539
3692.23706 0.056514
3692.81201 0.056487
3693.38794 0.056461
3693.96411 0.056435
3694.54004 0.056409
3695.11499 0.056383
3695.69189 0.056357
3696.26807 0.056331
3696.84399 0.056305
3697.41992 0.056279
3697.99707 0.056253
3698.57300 0.056227
3699.14990 0.0562
3699.72705 0.056174
3700.30298 0.056164
3700.87988 0.056168
3701.45703 0.056173
3702.03394 0.056177
3702.61206 0.056181
3703.18896 0.056186
3703.76611 0.05619
3704.34399 0.056194
3704.92090 0.056199
3705.49902 0.056203
3706.07593 0.056207
3706.65405 0.056212
3707.23193 0.056216
3707.81006 0.05622
3708.38794 0.056225
3708.96606 0.056229
3709.54395 0.056233
3710.12305 0.056238
3710.70093 0.056245
3711.28003 0.056252
3711.85791 0.05626
3712.43701 0.056267
3713.01611 0.056274
3713.59497 0.056281
3714.17407 0.056288
3714.75293 0.056295
3715.33203 0.056303
3715.91089 0.05631
3716.48999 0.056317
3717.07007 0.056324
3717.64893 0.056331
3718.22900 0.056338
3718.80908 0.056346
3719.38794 0.056353
3719.96802 0.05636
3720.54810 0.056364
3721.12793 0.056369
3721.70801 0.056373
3722.28906 0.056377
3722.86890 0.056382
3723.44897 0.056386
3724.03003 0.05639
3724.61011 0.056395
3725.19092 0.056399
3725.77197 0.056403
3726.35303 0.056408
3726.93408 0.056412
3727.51489 0.056416
3728.09595 0.056421
3728.67700 0.056425
3729.25806 0.056429
3729.84009 0.056434
3730.42090 0.056438
3731.00293 0.056442
3731.58398 0.056447
3732.16602 0.056451
3732.74805 0.056455
3733.33008 0.05646
3733.91211 0.056464
3734.49390 0.056468
3735.07593 0.056473
3735.65894 0.056477
3736.24097 0.056482
3736.82300 0.056486
3737.40601 0.05649
3737.98901 0.056495
3738.57202 0.056499
3739.15503 0.056503
3739.73706 0.056508
3740.32007 0.056514
3740.90405 0.056521
3741.48706 0.056528
