threeML/data/optical_filters/HST/WFC3_UVIS1-F645N.ecsv
# %ECSV 0.9
# ---
# datatype:
# - {name: wavelength, unit: Angstrom, datatype: float32}
# - {name: response, datatype: float32}
# meta: !!omap
# - {band_name: F645N}
# - {group_name: WFC3_UVIS1}
wavelength response
5736.28857 0.0
6373.65381 0.000465
6374.74512 0.000583
6375.83496 0.000702
6376.92578 0.00082
6378.01807 0.000939
6379.10791 0.001057
6380.20020 0.001176
6381.29199 0.001294
6382.38281 0.00183
6383.47607 0.002683
6384.56689 0.003535
6385.66016 0.004389
6386.75195 0.005242
6387.84521 0.006096
6388.93799 0.006949
6390.03076 0.007803
6391.12500 0.008657
6392.21777 0.010849
6393.31201 0.014939
6394.40576 0.019034
6395.50000 0.023126
6396.59424 0.027221
6397.68799 0.031318
6398.78320 0.035414
6399.87793 0.039513
6400.97314 0.043611
6402.06787 0.048984
6403.16309 0.05775
6404.25879 0.06652
6405.35400 0.075291
6406.45117 0.084066
6407.54590 0.092838
6408.64307 0.101619
6409.73877 0.110396
6410.83594 0.119169
6411.93311 0.127899
6413.02979 0.136374
6414.12695 0.144851
6415.22510 0.153331
6416.32178 0.16181
6417.41992 0.170288
6418.51807 0.178768
6419.61621 0.187248
6420.71387 0.195738
6421.81299 0.204072
6422.91211 0.207826
6424.01123 0.211581
6425.10986 0.215337
6426.20898 0.219092
6427.30908 0.22285
6428.40820 0.226608
6429.50781 0.230368
6430.60791 0.234125
6431.70801 0.237881
6432.80908 0.238715
6433.91016 0.239354
6435.00977 0.239993
6436.11084 0.240632
6437.21191 0.241271
6438.31396 0.241911
6439.41602 0.242551
6440.51709 0.24319
6441.61914 0.24383
6442.72119 0.243685
6443.82422 0.243406
6444.92578 0.243127
6446.02881 0.242848
6447.13184 0.242569
6448.23486 0.24229
6449.33789 0.242011
6450.44092 0.241722
6451.54492 0.24142
6452.64893 0.240883
6453.75293 0.240282
6454.85693 0.239681
6455.96094 0.23908
6457.06592 0.238479
6458.17090 0.237877
6459.27588 0.237276
6460.38086 0.236683
6461.48584 0.236104
6462.59180 0.235675
6463.69678 0.235301
6464.80322 0.234927
6465.91016 0.234553
6467.01611 0.23418
6468.12207 0.233805
6469.22900 0.233431
6470.33594 0.233057
6471.44287 0.232683
6472.54980 0.231631
6473.65723 0.230272
6474.76514 0.228912
6475.87305 0.227552
6476.98096 0.226192
6478.08887 0.224832
6479.19678 0.223472
6480.30615 0.22211
6481.41504 0.22075
6482.52295 0.216101
6483.63281 0.209764
6484.74219 0.203427
6485.85205 0.19709
6486.96094 0.190749
6488.07080 0.184409
6489.18115 0.178069
6490.29199 0.171721
6491.40186 0.165362
6492.51318 0.156556
6493.62402 0.14642
6494.73389 0.136285
6495.84619 0.126148
6496.95703 0.116013
6498.06885 0.105875
6499.18018 0.095744
6500.29199 0.085603
6501.40479 0.07546
6502.51709 0.067786
6503.62891 0.061451
6504.74219 0.055115
6505.85498 0.048781
6506.96777 0.042447
6508.08203 0.036115
6509.19482 0.029785
6510.30908 0.023455
6511.42188 0.017127
6512.53711 0.014035
6513.65088 0.012594
6514.76514 0.011154
6515.87988 0.009714
6516.99512 0.008275
6518.10986 0.006835
6519.22510 0.005396
6520.33984 0.003958
6521.45605 0.002519
6522.57178 0.001945
6523.68799 0.001759
6524.80420 0.001573
6525.91992 0.001387
6527.03711 0.001201
6528.15381 0.001015
6529.27100 0.00083
6530.38818 0.000644
6531.50488 0.000458
7184.65527 0.0
