threeML/data/optical_filters/HST/WFC3_IR-F098M.ecsv
# %ECSV 0.9
# ---
# datatype:
# - {name: wavelength, unit: Angstrom, datatype: float32}
# - {name: response, datatype: float32}
# meta: !!omap
# - {band_name: F098M}
# - {group_name: WFC3_IR}
wavelength response
7928.68994 0.0
8809.65527 0.000404
8810.37012 0.000411
8811.08398 0.000417
8811.79883 0.000424
8812.51367 0.000431
8813.22852 0.00044
8813.94336 0.000449
8814.65918 0.000459
8815.37402 0.000468
8816.08887 0.000477
8816.80469 0.000487
8817.51953 0.000496
8818.23438 0.000505
8818.95020 0.000515
8819.66504 0.000524
8820.38086 0.000533
8821.09668 0.000543
8821.81348 0.000552
8822.52734 0.000562
8823.24316 0.000577
8823.95898 0.000592
8824.67480 0.000607
8825.39062 0.000622
8826.10645 0.000637
8826.82324 0.000652
8827.53906 0.000667
8828.25488 0.000681
8828.97168 0.000696
8829.68848 0.000711
8830.40332 0.000726
8831.12012 0.000741
8831.83691 0.000756
8832.55273 0.000773
8833.26953 0.000796
8833.98633 0.00082
8834.70312 0.000843
8835.41895 0.000866
8836.13574 0.000889
8836.85254 0.000913
8837.56934 0.000936
8838.28711 0.00096
8839.00391 0.000983
8839.72070 0.001007
8840.43848 0.00103
8841.15527 0.001054
8841.87207 0.001077
8842.58984 0.001101
8843.30664 0.001128
8844.02441 0.001154
8844.74121 0.00118
8845.45898 0.001207
8846.17676 0.001233
8846.89453 0.00126
8847.61230 0.001286
8848.33008 0.001313
8849.04785 0.00134
8849.76562 0.001366
8850.48340 0.001393
8851.20117 0.001419
8851.91895 0.001446
8852.63770 0.001477
8853.35547 0.001518
8854.07422 0.001559
8854.79199 0.0016
8855.51074 0.001642
8856.22852 0.001683
8856.94727 0.001724
8857.66602 0.001766
8858.38379 0.001807
8859.10254 0.001848
8859.82129 0.00189
8860.54004 0.001931
8861.25879 0.001973
8861.97754 0.002015
8862.69727 0.002056
8863.41602 0.002098
8864.13477 0.00214
8864.85352 0.002181
8865.57324 0.002223
8866.29199 0.002265
8867.01172 0.002307
8867.73047 0.002349
8868.45020 0.002391
8869.16992 0.002433
8869.88867 0.002475
8870.60840 0.002517
8871.32812 0.002559
8872.04785 0.002601
8872.76758 0.002659
8873.48730 0.002735
8874.20703 0.002811
8874.92676 0.002888
8875.64746 0.002964
8876.36719 0.00304
8877.08691 0.003117
8877.80762 0.003193
8878.52734 0.00327
8879.24805 0.003346
8879.96777 0.003423
8880.68848 0.0035
8881.40918 0.003577
8882.12891 0.003654
8882.84961 0.003744
8883.57031 0.003843
8884.29102 0.003943
8885.01172 0.004043
8885.73242 0.004143
8886.45312 0.004243
8887.17480 0.004343
8887.89648 0.004443
8888.61621 0.004544
8889.33691 0.004644
8890.05859 0.004745
8890.77930 0.004846
8891.50098 0.004946
8892.22266 0.005047
8892.94336 0.005176
8893.66504 0.005317
8894.38672 0.005459
8895.10840 0.0056
8895.83008 0.005742
8896.55078 0.005884
8897.27344 0.006026
8897.99512 0.006168
8898.71680 0.00631
8899.43848 0.006452
8900.16016 0.006594
8900.88281 0.006735
8901.60352 0.006876
8902.32617 0.007016
8903.04883 0.007219
8903.77148 0.007432
8904.49316 0.007646
8905.21582 0.007861
8905.93848 0.008075
8906.66016 0.008289
8907.38281 0.008503
8908.10547 0.008718
8908.82812 0.008933
8909.55078 0.009147
8910.27344 0.009362
8910.99707 0.009577
8911.71973 0.009792
8912.44238 0.010007
8913.16504 0.010314
8913.88867 0.010622
8914.61133 0.010929
8915.33496 0.011237
8916.05762 0.011545
8916.78125 0.011853
8917.50488 0.012161
8918.22852 0.01247
8918.95117 0.012778
8919.67480 0.013086
8920.39844 0.013396
8921.12207 0.013705
8921.84570 0.014015
8922.56934 0.01435
8923.29395 0.014811
8924.01758 0.015272
8924.74121 0.015732
8925.46582 0.016194
8926.18945 0.016655
8926.91309 0.017117
8927.63770 0.017579
8928.36230 0.018041
8929.08594 0.018503
8929.81055 0.018966
8930.53516 0.019429
8931.25977 0.019891
8931.98438 0.020353
8932.70898 0.020888
8933.43359 0.021554
8934.15820 0.02222
8934.88281 0.022887
8935.60742 0.023554
8936.33203 0.024221
8937.05762 0.024889
8937.78223 0.025556
8938.50781 0.026225
8939.23242 0.026893
8939.95801 0.027562
8940.68262 0.028231
8941.40820 0.0289
8942.13379 0.02957
8942.85938 0.030404
8943.58398 0.031366
8944.30957 0.032329
8945.03516 0.033293
8945.76074 0.034257
8946.48730 0.035223
8947.21289 0.036188
8947.93848 0.037153
8948.66406 0.038119
8949.39062 0.039086
8950.11621 0.040052
8950.84277 0.041023
8951.56836 0.041992
8952.29492 0.042963
8953.02148 0.044258
8953.74707 0.045648
8954.47363 0.047039
8955.20020 0.048431
8955.92676 0.049823
8956.65332 0.051216
8957.37988 0.052609
8958.10645 0.054004
8958.83301 0.055398
8959.55957 0.056794
8960.28613 0.058189
8961.01367 0.059584
8961.74023 0.060977
8962.46680 0.062376
8963.19434 0.064216
8963.92188 0.066058
8964.64844 0.067897
8965.37598 0.06974
8966.10352 0.071583
8966.83008 0.073425
8967.55762 0.075269
8968.28516 0.077114
8969.01270 0.07896
8969.74023 0.080807
8970.46777 0.082657
8971.19629 0.084513
8971.92383 0.086366
8972.65137 0.088366
8973.37891 0.090779
8974.10742 0.093197
8974.83496 0.095612
8975.56348 0.098032
8976.29102 0.10045
8977.01953 0.102873
8977.74805 0.105296
8978.47656 0.107721
8979.20410 0.110143
8979.93262 0.11257
8980.66113 0.114992
8981.38965 0.117414
8982.11816 0.119836
8982.84766 0.122517
8983.57617 0.125424
8984.30469 0.128332
8985.03320 0.131242
8985.76270 0.134156
8986.49121 0.137067
8987.22070 0.139984
8987.94922 0.142897
8988.67871 0.145815
8989.40723 0.14873
8990.13672 0.151651
8990.86621 0.154572
8991.59570 0.157495
8992.32520 0.160418
8993.05469 0.163615
8993.78418 0.16688
8994.51367 0.170145
8995.24316 0.173412
8995.97266 0.17668
8996.70312 0.179954
8997.43262 0.183224
8998.16211 0.186495
8998.89258 0.189772
8999.62207 0.193046
9000.35254 0.196315
9001.08301 0.199573
9001.81152 0.202828
9002.54297 0.206104
9003.27344 0.209531
9004.00391 0.212958
9004.73438 0.216386
9005.46484 0.219814
9006.19531 0.223242
9006.92578 0.226671
9007.65625 0.230101
9008.38770 0.233536
9009.11816 0.236966
9009.84863 0.240397
9010.58008 0.243822
9011.31055 0.247239
9012.04199 0.25066
9012.77246 0.253977
9013.50391 0.257154
9014.23535 0.260331
9014.96680 0.263508
9015.69824 0.266684
9016.42871 0.269857
9017.16016 0.273034
9017.89160 0.276211
9018.62402 0.279392
9019.35547 0.282569
9020.08691 0.285748
9020.81836 0.288944
9021.55078 0.292143
9022.28223 0.295339
9023.01465 0.298153
9023.74609 0.300824
9024.47852 0.303498
9025.20996 0.306169
9025.94238 0.308845
9026.67480 0.311521
9027.40723 0.314197
9028.13965 0.316873
9028.87207 0.31955
9029.60352 0.322227
9030.33691 0.324905
9031.06934 0.327584
9031.80176 0.330263
9032.53418 0.332897
9033.26758 0.334977
9034.00000 0.337054
9034.73242 0.339132
9035.46582 0.341212
9036.19922 0.343293
9036.93164 0.345372
9037.66504 0.347454
9038.39844 0.349536
9039.13086 0.351615
9039.86426 0.353698
9040.59766 0.355781
9041.33105 0.357864
9042.06445 0.359948
9042.79785 0.361724
9043.53223 0.363095
9044.26562 0.364465
9044.99902 0.365835
9045.73242 0.367204
9046.46680 0.368576
9047.20020 0.369947
9047.93457 0.371319
9048.66895 0.372692
9049.40234 0.374063
9050.13672 0.37544
9050.87109 0.376837
9051.60547 0.378234
9052.33887 0.379629
9053.07324 0.380565
9053.80762 0.381388
9054.54297 0.382212
9055.27734 0.383035
9056.01172 0.383858
9056.74609 0.384681
9057.48145 0.385506
9058.21582 0.38633
9058.95020 0.387154
9059.68555 0.387979
9060.42090 0.388792
9061.15527 0.389593
9061.89062 0.390396
9062.62598 0.39111
9063.36035 0.391444
9064.09570 0.391779
9064.83105 0.392113
9065.56641 0.392448
9066.30176 0.392782
9067.03809 0.393118
9067.77344 0.393452
9068.50879 0.393787
9069.24414 0.394122
9069.98047 0.394458
9070.71582 0.394817
9071.45215 0.395177
9072.18652 0.395536
9072.92383 0.395753
9073.65918 0.395871
9074.39648 0.395989
9075.13184 0.396107
9075.86816 0.396226
9076.60352 0.396344
9077.34082 0.396462
9078.07715 0.39658
9078.81348 0.396698
9079.54980 0.396816
9080.28613 0.396925
9081.02344 0.397019
9081.75977 0.397114
9082.49609 0.397207
9083.23340 0.397208
9083.96973 0.397208
9084.70703 0.397208
9085.44434 0.397208
9086.18066 0.397208
9086.91797 0.397209
9087.65527 0.397209
9088.39258 0.397209
9089.12988 0.397209
9089.86719 0.397209
9090.60352 0.39721
9091.34180 0.39721
9092.07910 0.397211
9092.81738 0.39719
9093.55469 0.397142
9094.29199 0.397094
9095.03027 0.397046
9095.76758 0.396998
9096.50586 0.396949
9097.24414 0.396901
9097.98145 0.396853
9098.71973 0.396805
9099.45801 0.396757
9100.19629 0.396715
9100.93457 0.396691
9101.67285 0.396668
9102.41113 0.396644
9103.14941 0.396615
9103.88770 0.396585
9104.62598 0.396555
9105.36523 0.396525
9106.10352 0.396496
9106.84277 0.396466
9107.58105 0.396436
9108.32031 0.396406
9109.05859 0.396376
9109.79785 0.396346
9110.53711 0.396298
9111.27539 0.396245
9112.01465 0.396191
9112.75391 0.396144
9113.49316 0.396111
9114.23242 0.396079
9114.97168 0.396046
9115.71191 0.396013
9116.45117 0.395981
9117.19043 0.395948
9117.93066 0.395915
9118.66992 0.395883
9119.40918 0.39585
9120.14941 0.395822
9120.88965 0.395814
9121.62891 0.395806
9122.36914 0.395798
9123.10938 0.395737
9123.84961 0.395664
9124.58984 0.395592
9125.32910 0.395519
9126.07031 0.395446
9126.81055 0.395374
9127.55078 0.395301
9128.29102 0.395228
9129.03125 0.395156
9129.77246 0.395083
9130.51270 0.394993
9131.25391 0.394896
9131.99414 0.3948
9132.73535 0.394719
9133.47559 0.394674
9134.21680 0.394629
9134.95801 0.394584
9135.69922 0.39454
9136.43945 0.394495
9137.18066 0.39445
9137.92188 0.394405
9138.66406 0.39436
9139.40527 0.394315
9140.14648 0.394275
9140.88770 0.394255
9141.62988 0.394235
9142.37109 0.394214
9143.11230 0.394199
9143.85352 0.394185
9144.59570 0.394171
9145.33789 0.394157
9146.08008 0.394142
9146.82227 0.394128
9147.56348 0.394114
9148.30566 0.3941
9149.04785 0.394085
9149.79004 0.394071
9150.53223 0.39404
9151.27441 0.394001
9152.01758 0.393963
9152.75977 0.393923
9153.50195 0.393882
9154.24512 0.39384
9154.98730 0.393799
9155.72852 0.393757
9156.47266 0.393715
9157.21582 0.393674
9157.95801 0.393632
9158.70117 0.39359
9159.44434 0.393549
9160.18652 0.393513
9160.93066 0.393496
9161.67383 0.393479
9162.41699 0.393462
9163.16016 0.393494
9163.90332 0.393532
9164.64648 0.393571
9165.39062 0.39361
9166.13379 0.393649
9166.87695 0.393687
9167.62109 0.393726
9168.36426 0.393765
9169.10840 0.393803
9169.85254 0.393842
9170.59570 0.393861
9171.33984 0.393876
9172.08398 0.39389
9172.82812 0.393902
9173.57227 0.393911
9174.31641 0.393919
9175.06055 0.393927
9175.80469 0.393935
9176.54980 0.393944
9177.29395 0.393952
9178.03809 0.39396
9178.78320 0.393969
9179.52734 0.393977
9180.27246 0.393994
9181.01660 0.394027
9181.76172 0.39406
9182.50684 0.394093
9183.25098 0.394184
9183.99609 0.394277
9184.74121 0.394369
9185.48633 0.394461
9186.23145 0.394554
9186.97656 0.394646
9187.72168 0.394738
9188.46777 0.39483
9189.21289 0.394923
9189.95801 0.395015
9190.70410 0.395085
9191.44922 0.395153
9192.19531 0.395221
9192.94043 0.395273
9193.68652 0.395313
9194.43262 0.395353
9195.17773 0.395393
9195.92383 0.395433
9196.66992 0.395473
9197.41602 0.395513
9198.16211 0.395553
9198.90820 0.395593
9199.65430 0.395633
9200.40137 0.395676
9201.14746 0.395721
9201.89355 0.395766
9202.64062 0.395831
9203.38672 0.396004
9204.13379 0.396178
9204.87988 0.396351
9205.62695 0.396524
9206.37305 0.396698
9207.12012 0.396871
9207.86719 0.397045
9208.61426 0.397219
9209.36133 0.397392
9210.10840 0.397562
9210.85547 0.397711
9211.60254 0.397861
9212.34961 0.39801
9213.09766 0.398149
9213.84473 0.398286
9214.59180 0.398423
9215.33984 0.398559
9216.08691 0.398696
9216.83496 0.398833
9217.58203 0.398969
9218.33008 0.399106
9219.07812 0.399243
9219.82617 0.39938
9220.57422 0.399536
9221.32227 0.399698
9222.07031 0.39986
9222.81836 0.400026
9223.56641 0.400197
9224.31445 0.400369
9225.06348 0.400541
9225.81152 0.400713
9226.55957 0.400884
9227.30762 0.401056
9228.05664 0.401228
9228.80469 0.4014
9229.55371 0.401572
9230.30273 0.401745
9231.05176 0.401918
9231.79980 0.402092
9232.54883 0.402266
9233.29785 0.402458
9234.04688 0.402651
9234.79590 0.402843
9235.54492 0.403036
9236.29492 0.403229
9237.04395 0.403421
9237.79297 0.403614
9238.54297 0.403807
9239.29199 0.404
9240.04199 0.404194
9240.79102 0.404413
9241.54102 0.404631
9242.29004 0.40485
9243.04004 0.404996
9243.79004 0.405108
9244.54004 0.405219
9245.29004 0.405331
9246.04004 0.405442
9246.79004 0.405554
9247.54004 0.405665
9248.29004 0.405777
9249.04004 0.405889
9249.79102 0.406
9250.54102 0.406094
9251.29199 0.40618
9252.04199 0.406266
9252.79297 0.406359
9253.54297 0.406465
9254.29395 0.40657
9255.04492 0.406676
9255.79492 0.406781
9256.54590 0.406887
9257.29688 0.406992
9258.04785 0.407098
9258.79883 0.407203
9259.54980 0.407309
9260.30176 0.407425
9261.05273 0.407556
9261.80371 0.407688
9262.55566 0.407819
9263.30664 0.407928
9264.05762 0.408038
9264.80957 0.408147
9265.56152 0.408257
9266.31348 0.408366
9267.06445 0.408475
9267.81641 0.408585
9268.56836 0.408695
9269.32031 0.408804
9270.07227 0.408911
9270.82422 0.408995
9271.57617 0.409079
9272.32812 0.409163
9273.08008 0.409236
9273.83301 0.409304
9274.58496 0.409372
9275.33691 0.40944
9276.08984 0.409509
9276.84277 0.409577
9277.59473 0.409645
9278.34766 0.409713
9279.10059 0.409781
9279.85254 0.409849
9280.60547 0.409939
9281.35840 0.410033
9282.11133 0.410127
9282.86426 0.410215
9283.61719 0.410293
9284.37109 0.410372
9285.12402 0.41045
9285.87695 0.410529
9286.62988 0.410607
9287.38379 0.410685
9288.13672 0.410764
9288.89062 0.410842
9289.64453 0.410921
9290.39746 0.410986
9291.15137 0.411038
9291.90527 0.411091
9292.65918 0.411141
9293.41309 0.411171
9294.16699 0.411201
9294.92090 0.411232
9295.67480 0.411262
9296.42871 0.411292
9297.18262 0.411322
9297.93848 0.411353
9298.69141 0.411383
9299.44531 0.411413
9300.20020 0.41145
9300.95410 0.411507
9301.70898 0.411563
9302.46387 0.41162
9303.21875 0.411679
9303.97266 0.411739
9304.72754 0.411798
9305.48242 0.411858
9306.23730 0.411918
9306.99219 0.411978
9307.74707 0.412037
9308.50293 0.412097
9309.25781 0.412157
9310.01270 0.412216
9310.76758 0.41225
9311.52344 0.412284
9312.27832 0.412318
9313.03418 0.412374
9313.79004 0.412443
9314.54492 0.412512
9315.30078 0.412582
9316.05664 0.412651
9316.81348 0.41272
9317.56836 0.412789
9318.32422 0.412859
9319.08008 0.412928
9319.83594 0.412997
9320.59180 0.413087
9321.34766 0.413183
9322.10352 0.413279
9322.86035 0.413357
9323.61621 0.413411
9324.37305 0.413465
9325.12988 0.413519
9325.88574 0.413572
9326.64258 0.413626
9327.39941 0.41368
9328.15527 0.413734
9328.91211 0.413787
9329.66895 0.413841
9330.42578 0.41388
9331.18262 0.413908
9331.94043 0.413935
9332.69727 0.41397
9333.45410 0.41404
9334.21094 0.41411
9334.96875 0.414179
9335.72559 0.414249
9336.48340 0.414319
9337.24023 0.414388
9337.99805 0.414458
9338.75586 0.414528
9339.51270 0.414598
9340.27148 0.414677
9341.02832 0.414773
9341.78613 0.41487
9342.54395 0.414966
9343.30176 0.41504
9344.05957 0.415114
9344.81738 0.415187
9345.57617 0.415261
9346.33398 0.415335
9347.09180 0.415408
9347.85059 0.415482
9348.60840 0.415556
9349.36719 0.415629
9350.12598 0.415699
9350.88379 0.415746
9351.64258 0.415793
9352.40137 0.415841
9353.16016 0.415903
9353.91895 0.41597
9354.67773 0.416037
9355.43652 0.416104
9356.19531 0.416171
9356.95410 0.416237
9357.71387 0.416305
9358.47266 0.416371
9359.23145 0.416438
9359.99121 0.416505
9360.75000 0.416598
9361.50977 0.416692
9362.26953 0.416786
9363.02832 0.416892
9363.78809 0.417005
9364.54785 0.417119
9365.30762 0.417232
9366.06738 0.417345
9366.82715 0.417459
9367.58691 0.417573
9368.34668 0.417686
9369.10645 0.4178
9369.86719 0.417913
9370.62695 0.418005
9371.38672 0.418092
9372.14746 0.418179
9372.90723 0.418266
9373.66797 0.418353
9374.42871 0.41844
9375.18848 0.418527
9375.94922 0.418614
9376.70996 0.4187
9377.47070 0.418788
9378.23145 0.418875
9378.99219 0.418962
9379.75293 0.419049
9380.51367 0.419154
9381.27539 0.419268
9382.03613 0.419382
9382.79688 0.419463
9383.55859 0.419466
9384.31934 0.419468
9385.08105 0.41947
9385.84180 0.419473
9386.60352 0.419475
9387.36523 0.419477
9388.12598 0.419479
9388.88770 0.419482
9389.64941 0.419484
9390.41113 0.419486
9391.17285 0.419488
9391.93457 0.41949
9392.69727 0.419501
9393.45898 0.419556
9394.22070 0.419611
9394.98340 0.419666
9395.74512 0.419721
9396.50684 0.419776
9397.26953 0.419831
9398.03223 0.419886
9398.79395 0.419941
9399.55664 0.419996
9400.31934 0.420027
9401.08203 0.420025
9401.84473 0.420023
