threeML/data/optical_filters/HST/WFC3_IR-F105W.ecsv
# %ECSV 0.9
# ---
# datatype:
# - {name: wavelength, unit: Angstrom, datatype: float32}
# - {name: response, datatype: float32}
# meta: !!omap
# - {band_name: F105W}
# - {group_name: WFC3_IR}
wavelength response
7971.89941 0.0
8857.66602 0.000407
8858.38379 0.000414
8859.10254 0.000421
8859.82129 0.000429
8860.54004 0.000436
8861.25879 0.000443
8861.97754 0.00045
8862.69727 0.000458
8863.41602 0.000467
8864.13477 0.000476
8864.85352 0.000485
8865.57324 0.000494
8866.29199 0.000503
8867.01172 0.000512
8867.73047 0.000521
8868.45020 0.00053
8869.16992 0.000539
8869.88867 0.000548
8870.60840 0.000557
8871.32812 0.000566
8872.04785 0.000575
8872.76758 0.000584
8873.48730 0.000593
8874.20703 0.000603
8874.92676 0.000612
8875.64746 0.000621
8876.36719 0.00063
8877.08691 0.000639
8877.80762 0.000648
8878.52734 0.000657
8879.24805 0.000667
8879.96777 0.000676
8880.68848 0.000685
8881.40918 0.000694
8882.12891 0.000703
8882.84961 0.000717
8883.57031 0.000733
8884.29102 0.000749
8885.01172 0.000766
8885.73242 0.000782
8886.45312 0.000799
8887.17480 0.000815
8887.89648 0.000832
8888.61621 0.000848
8889.33691 0.000865
8890.05859 0.000881
8890.77930 0.000898
8891.50098 0.000914
8892.22266 0.000931
8892.94336 0.000947
8893.66504 0.000964
8894.38672 0.000981
8895.10840 0.000997
8895.83008 0.001014
8896.55078 0.00103
8897.27344 0.001047
8897.99512 0.001064
8898.71680 0.001081
8899.43848 0.001097
8900.16016 0.001114
8900.88281 0.00113
8901.60352 0.001147
8902.32617 0.001163
8903.04883 0.001197
8903.77148 0.001233
8904.49316 0.00127
8905.21582 0.001306
8905.93848 0.001343
8906.66016 0.001379
8907.38281 0.001416
8908.10547 0.001453
8908.82812 0.001489
8909.55078 0.001526
8910.27344 0.001562
8910.99707 0.001599
8911.71973 0.001636
8912.44238 0.001673
8913.16504 0.001709
8913.88867 0.001746
8914.61133 0.001783
8915.33496 0.001819
8916.05762 0.001856
8916.78125 0.001893
8917.50488 0.00193
8918.22852 0.001967
8918.95117 0.002004
8919.67480 0.00204
8920.39844 0.002077
8921.12207 0.002114
8921.84570 0.002151
8922.56934 0.002195
8923.29395 0.002272
8924.01758 0.002348
8924.74121 0.002425
8925.46582 0.002502
8926.18945 0.002579
8926.91309 0.002655
8927.63770 0.002732
8928.36230 0.002809
8929.08594 0.002886
8929.81055 0.002963
8930.53516 0.00304
8931.25977 0.003117
8931.98438 0.003194
8932.70898 0.003271
8933.43359 0.003348
8934.15820 0.003425
8934.88281 0.003502
8935.60742 0.003579
8936.33203 0.003656
8937.05762 0.003733
8937.78223 0.003811
8938.50781 0.003888
8939.23242 0.003965
8939.95801 0.004042
8940.68262 0.00412
8941.40820 0.004197
8942.13379 0.004275
8942.85938 0.004387
8943.58398 0.004528
8944.30957 0.004669
8945.03516 0.004809
8945.76074 0.00495
8946.48730 0.005091
8947.21289 0.005232
8947.93848 0.005373
8948.66406 0.005514
8949.39062 0.005656
8950.11621 0.005797
8950.84277 0.005939
8951.56836 0.00608
8952.29492 0.006222
8953.02148 0.006364
8953.74707 0.006506
8954.47363 0.006648
8955.20020 0.00679
8955.92676 0.006932
8956.65332 0.007075
8957.37988 0.007217
8958.10645 0.007359
8958.83301 0.007502
8959.55957 0.007644
8960.28613 0.007787
8961.01367 0.007929
8961.74023 0.008071
8962.46680 0.008215
8963.19434 0.00852
8963.92188 0.008825
8964.64844 0.009129
8965.37598 0.009434
8966.10352 0.009739
8966.83008 0.010044
8967.55762 0.010349
8968.28516 0.010654
8969.01270 0.01096
8969.74023 0.011265
8970.46777 0.011572
8971.19629 0.011879
8971.92383 0.012185
8972.65137 0.012492
8973.37891 0.012799
8974.10742 0.013106
8974.83496 0.013414
8975.56348 0.013721
8976.29102 0.014029
8977.01953 0.014337
8977.74805 0.014645
8978.47656 0.014954
8979.20410 0.015262
8979.93262 0.01557
8980.66113 0.015878
8981.38965 0.016186
8982.11816 0.016494
8982.84766 0.016982
8983.57617 0.01763
8984.30469 0.018278
8985.03320 0.018926
8985.76270 0.019576
8986.49121 0.020225
8987.22070 0.020875
8987.94922 0.021525
8988.67871 0.022175
8989.40723 0.022825
8990.13672 0.023476
8990.86621 0.024127
8991.59570 0.024779
8992.32520 0.02543
8993.05469 0.026082
8993.78418 0.026734
8994.51367 0.027387
8995.24316 0.028039
8995.97266 0.028692
8996.70312 0.029346
8997.43262 0.029999
8998.16211 0.030653
8998.89258 0.031308
8999.62207 0.031961
9000.35254 0.032615
9001.08301 0.033266
9001.81152 0.033917
9002.54297 0.034635
9003.27344 0.035958
9004.00391 0.03728
9004.73438 0.038603
9005.46484 0.039926
9006.19531 0.041249
9006.92578 0.042572
9007.65625 0.043895
9008.38770 0.045221
9009.11816 0.046544
9009.84863 0.047868
9010.58008 0.049192
9011.31055 0.050513
9012.04199 0.051836
9012.77246 0.053157
9013.50391 0.05448
9014.23535 0.055803
9014.96680 0.057126
9015.69824 0.058449
9016.42871 0.059771
9017.16016 0.061094
9017.89160 0.062417
9018.62402 0.063742
9019.35547 0.065065
9020.08691 0.066389
9020.81836 0.067716
9021.55078 0.069046
9022.28223 0.070373
9023.01465 0.072398
9023.74609 0.07467
9024.47852 0.076946
9025.20996 0.079219
9025.94238 0.081495
9026.67480 0.083772
9027.40723 0.086049
9028.13965 0.088326
9028.87207 0.090604
9029.60352 0.092882
9030.33691 0.09516
9031.06934 0.097439
9031.80176 0.099718
9032.53418 0.101998
9033.26758 0.10428
9034.00000 0.106561
9034.73242 0.108841
9035.46582 0.111125
9036.19922 0.113409
9036.93164 0.115691
9037.66504 0.117975
9038.39844 0.12026
9039.13086 0.122543
9039.86426 0.124829
9040.59766 0.127115
9041.33105 0.129401
9042.06445 0.131688
9042.79785 0.134314
9043.53223 0.137391
9044.26562 0.140464
9044.99902 0.143537
9045.73242 0.146611
9046.46680 0.14969
9047.20020 0.152764
9047.93457 0.155844
9048.66895 0.158924
9049.40234 0.162
9050.13672 0.165082
9050.87109 0.168174
9051.60547 0.171266
9052.33887 0.174355
9053.07324 0.17745
9053.80762 0.180544
9054.54297 0.183644
9055.27734 0.186741
9056.01172 0.189838
9056.74609 0.192936
9057.48145 0.19604
9058.21582 0.19914
9058.95020 0.20224
9059.68555 0.205346
9060.42090 0.208445
9061.15527 0.211536
9061.89062 0.214631
9062.62598 0.21771
9063.36035 0.220717
9064.09570 0.223728
9064.83105 0.226739
9065.56641 0.229751
9066.30176 0.232764
9067.03809 0.23578
9067.77344 0.238794
9068.50879 0.241807
9069.24414 0.244821
9069.98047 0.24784
9070.71582 0.25087
9071.45215 0.253906
9072.18652 0.256938
9072.92383 0.259975
9073.65918 0.263009
9074.39648 0.266048
9075.13184 0.269088
9075.86816 0.272128
9076.60352 0.27517
9077.34082 0.278212
9078.07715 0.281255
9078.81348 0.284299
9079.54980 0.287343
9080.28613 0.290382
9081.02344 0.293415
9081.75977 0.296444
9082.49609 0.299468
9083.23340 0.301548
9083.96973 0.303626
9084.70703 0.305707
9085.44434 0.307788
9086.18066 0.309867
9086.91797 0.311949
9087.65527 0.314032
9088.39258 0.316114
9089.12988 0.318197
9089.86719 0.32028
9090.60352 0.322364
9091.34180 0.324448
9092.07910 0.326532
9092.81738 0.32862
9093.55469 0.330705
9094.29199 0.33279
9095.03027 0.334879
9095.76758 0.336965
9096.50586 0.339054
9097.24414 0.341144
9097.98145 0.343231
9098.71973 0.345321
9099.45801 0.347412
9100.19629 0.349508
9100.93457 0.351621
9101.67285 0.353735
9102.41113 0.355849
9103.14941 0.357075
9103.88770 0.358182
9104.62598 0.35929
9105.36523 0.360399
9106.10352 0.361507
9106.84277 0.362617
9107.58105 0.363726
9108.32031 0.364837
9109.05859 0.365946
9109.79785 0.367058
9110.53711 0.368153
9111.27539 0.369241
9112.01465 0.370331
9112.75391 0.37142
9113.49316 0.37251
9114.23242 0.3736
9114.97168 0.374691
9115.71191 0.375782
9116.45117 0.376873
9117.19043 0.377964
9117.93066 0.379056
9118.66992 0.380147
9119.40918 0.381239
9120.14941 0.382336
9120.88965 0.383453
9121.62891 0.384569
9122.36914 0.385687
9123.10938 0.38634
9123.84961 0.386891
9124.58984 0.387442
9125.32910 0.387993
9126.07031 0.388545
9126.81055 0.389096
9127.55078 0.389648
9128.29102 0.390199
9129.03125 0.390751
9129.77246 0.391304
9130.51270 0.39184
9131.25391 0.392369
9131.99414 0.392897
9132.73535 0.393427
9133.47559 0.393955
9134.21680 0.394485
9134.95801 0.395014
9135.69922 0.395544
9136.43945 0.396073
9137.18066 0.396603
9137.92188 0.397132
9138.66406 0.397663
9139.40527 0.398193
9140.14648 0.398728
9140.88770 0.399283
9141.62988 0.39984
9142.37109 0.400395
9143.11230 0.400682
9143.85352 0.400908
9144.59570 0.401134
9145.33789 0.40136
9146.08008 0.401586
9146.82227 0.401813
9147.56348 0.402039
9148.30566 0.402265
9149.04785 0.402491
9149.79004 0.402718
9150.53223 0.402927
9151.27441 0.403129
9152.01758 0.403331
9152.75977 0.403533
9153.50195 0.403735
9154.24512 0.403937
9154.98730 0.404139
9155.72852 0.404341
9156.47266 0.404544
9157.21582 0.404746
9157.95801 0.404948
9158.70117 0.405151
9159.44434 0.405353
9160.18652 0.405562
9160.93066 0.40579
9161.67383 0.406018
9162.41699 0.406246
9163.16016 0.406254
9163.90332 0.406228
9164.64648 0.406203
9165.39062 0.406178
9166.13379 0.406152
9166.87695 0.406127
9167.62109 0.406101
9168.36426 0.406076
9169.10840 0.40605
9169.85254 0.406025
9170.59570 0.405979
9171.33984 0.405928
9172.08398 0.405878
9172.82812 0.405827
9173.57227 0.405776
9174.31641 0.405726
9175.06055 0.405675
9175.80469 0.405624
9176.54980 0.405574
9177.29395 0.405523
9178.03809 0.405472
9178.78320 0.405422
9179.52734 0.405371
9180.27246 0.405329
9181.01660 0.405304
9181.76172 0.405279
9182.50684 0.405253
9183.25098 0.405089
9183.99609 0.404922
9184.74121 0.404754
9185.48633 0.404587
9186.23145 0.40442
9186.97656 0.404252
9187.72168 0.404085
9188.46777 0.403917
9189.21289 0.403749
9189.95801 0.403582
9190.70410 0.40339
9191.44922 0.403198
9192.19531 0.403005
9192.94043 0.402812
9193.68652 0.402619
9194.43262 0.402426
9195.17773 0.402233
9195.92383 0.40204
9196.66992 0.401847
9197.41602 0.401654
9198.16211 0.401461
9198.90820 0.401268
9199.65430 0.401074
9200.40137 0.400883
9201.14746 0.400695
9201.89355 0.400506
9202.64062 0.400318
9203.38672 0.400135
9204.13379 0.399951
9204.87988 0.399767
9205.62695 0.399583
9206.37305 0.399399
9207.12012 0.399214
9207.86719 0.39903
9208.61426 0.398846
9209.36133 0.398662
9210.10840 0.398474
9210.85547 0.398265
9211.60254 0.398056
9212.34961 0.397846
9213.09766 0.397637
9213.84473 0.397428
9214.59180 0.397218
9215.33984 0.397009
9216.08691 0.3968
9216.83496 0.39659
9217.58203 0.396381
9218.33008 0.396172
9219.07812 0.395962
9219.82617 0.395752
9220.57422 0.395562
9221.32227 0.395377
9222.07031 0.395193
9222.81836 0.395071
9223.56641 0.39505
9224.31445 0.395029
9225.06348 0.395007
9225.81152 0.394986
9226.55957 0.394965
9227.30762 0.394944
9228.05664 0.394923
9228.80469 0.394901
9229.55371 0.39488
9230.30273 0.394859
9231.05176 0.394839
9231.79980 0.394819
9232.54883 0.394799
9233.29785 0.394779
9234.04688 0.394759
9234.79590 0.394739
9235.54492 0.394719
9236.29492 0.394699
9237.04395 0.394679
9237.79297 0.394659
9238.54297 0.394639
9239.29199 0.394619
9240.04199 0.3946
9240.79102 0.394605
9241.54102 0.39461
9242.29004 0.394615
9243.04004 0.394758
9243.79004 0.394969
9244.54004 0.39518
9245.29004 0.395391
9246.04004 0.395602
9246.79004 0.395813
9247.54004 0.396024
9248.29004 0.396235
9249.04004 0.396446
9249.79102 0.396658
9250.54102 0.396851
9251.29199 0.397038
9252.04199 0.397225
9252.79297 0.397412
9253.54297 0.397599
9254.29395 0.397786
9255.04492 0.397973
9255.79492 0.398159
9256.54590 0.398346
9257.29688 0.398533
9258.04785 0.39872
9258.79883 0.398908
9259.54980 0.399095
9260.30176 0.399292
9261.05273 0.399505
9261.80371 0.399718
9262.55566 0.399932
9263.30664 0.400202
9264.05762 0.400473
9264.80957 0.400744
9265.56152 0.401015
9266.31348 0.401286
9267.06445 0.401557
9267.81641 0.401828
9268.56836 0.402099
9269.32031 0.402371
9270.07227 0.40264
9270.82422 0.402886
9271.57617 0.403133
9272.32812 0.403379
9273.08008 0.403626
9273.83301 0.403872
9274.58496 0.404119
9275.33691 0.404365
9276.08984 0.404612
9276.84277 0.404859
9277.59473 0.405106
9278.34766 0.405353
9279.10059 0.4056
9279.85254 0.405847
9280.60547 0.406115
9281.35840 0.406388
9282.11133 0.406661
9282.86426 0.406892
9283.61719 0.407063
9284.37109 0.407235
9285.12402 0.407407
9285.87695 0.407579
9286.62988 0.40775
9287.38379 0.407922
9288.13672 0.408094
9288.89062 0.408266
9289.64453 0.408438
9290.39746 0.408597
9291.15137 0.408743
9291.90527 0.40889
9292.65918 0.409036
9293.41309 0.409183
9294.16699 0.409329
9294.92090 0.409476
9295.67480 0.409623
9296.42871 0.409769
9297.18262 0.409916
9297.93848 0.410063
9298.69141 0.41021
9299.44531 0.410356
9300.20020 0.41051
9300.95410 0.410683
9301.70898 0.410856
9302.46387 0.411029
9303.21875 0.411066
9303.97266 0.411085
9304.72754 0.411104
9305.48242 0.411123
9306.23730 0.411142
9306.99219 0.411161
9307.74707 0.411179
9308.50293 0.411198
9309.25781 0.411217
9310.01270 0.411235
9310.76758 0.411228
9311.52344 0.411221
9312.27832 0.411214
9313.03418 0.411207
9313.79004 0.4112
9314.54492 0.411192
9315.30078 0.411185
9316.05664 0.411178
9316.81348 0.411171
9317.56836 0.411163
9318.32422 0.411156
9319.08008 0.411149
9319.83594 0.411142
9320.59180 0.411155
9321.34766 0.411174
9322.10352 0.411193
9322.86035 0.411177
9323.61621 0.411111
9324.37305 0.411045
9325.12988 0.410979
9325.88574 0.410913
9326.64258 0.410846
9327.39941 0.41078
9328.15527 0.410714
9328.91211 0.410647
9329.66895 0.410581
9330.42578 0.4105
9331.18262 0.410407
9331.94043 0.410315
9332.69727 0.410222
9333.45410 0.410129
9334.21094 0.410037
9334.96875 0.409944
9335.72559 0.409851
9336.48340 0.409758
9337.24023 0.409665
9337.99805 0.409573
9338.75586 0.409479
9339.51270 0.409387
9340.27148 0.409303
9341.02832 0.409236
9341.78613 0.409169
9342.54395 0.409102
9343.30176 0.409075
9344.05957 0.409049
9344.81738 0.409023
9345.57617 0.408997
9346.33398 0.408971
9347.09180 0.408945
9347.85059 0.408919
9348.60840 0.408893
9349.36719 0.408867
9350.12598 0.408836
9350.88379 0.408784
9351.64258 0.408732
9352.40137 0.408679
9353.16016 0.408627
9353.91895 0.408575
9354.67773 0.408523
9355.43652 0.40847
9356.19531 0.408418
9356.95410 0.408365
9357.71387 0.408313
9358.47266 0.40826
9359.23145 0.408208
9359.99121 0.408155
9360.75000 0.408128
9361.50977 0.408102
9362.26953 0.408076
9363.02832 0.408145
9363.78809 0.408277
9364.54785 0.40841
9365.30762 0.408542
9366.06738 0.408674
9366.82715 0.408807
9367.58691 0.408939
9368.34668 0.409071
9369.10645 0.409204
9369.86719 0.409337
9370.62695 0.409448
9371.38672 0.409554
9372.14746 0.40966
9372.90723 0.409766
9373.66797 0.409873
9374.42871 0.409979
9375.18848 0.410086
9375.94922 0.410192
9376.70996 0.410299
9377.47070 0.410405
9378.23145 0.410512
9378.99219 0.410618
9379.75293 0.410725
9380.51367 0.410849
9381.27539 0.410982
9382.03613 0.411115
9382.79688 0.411281
9383.55859 0.411526
9384.31934 0.41177
9385.08105 0.412015
9385.84180 0.41226
9386.60352 0.412505
9387.36523 0.41275
9388.12598 0.412995
9388.88770 0.41324
9389.64941 0.413485
9390.41113 0.41373
9391.17285 0.413976
9391.93457 0.414221
9392.69727 0.414467
9393.45898 0.414713
9394.22070 0.414959
9394.98340 0.415205
9395.74512 0.415451
9396.50684 0.415697
9397.26953 0.415943
9398.03223 0.416189
9398.79395 0.416435
9399.55664 0.416682
9400.31934 0.416905
9401.08203 0.417094
9401.84473 0.417284
9402.60742 0.417476
9403.37012 0.417708
9404.13281 0.417939
9404.89648 0.418171
9405.65820 0.418403
9406.42188 0.418635
9407.18457 0.418867
9407.94824 0.419099
9408.71094 0.419331
9409.47461 0.419563
9410.23730 0.419803
9411.00098 0.420063
9411.76465 0.420322
9412.52832 0.420581
9413.29102 0.42084
9414.05469 0.421099
9414.81836 0.421359
9415.58301 0.421619
9416.34668 0.421878
9417.11035 0.422138
9417.87402 0.422397
9418.63867 0.422657
9419.40234 0.422917
9420.16602 0.423171
9420.93066 0.423404
9421.69531 0.423637
9422.45898 0.423869
9423.22363 0.423987
9423.98828 0.424082
9424.75293 0.424177
9425.51660 0.424272
9426.28125 0.424367
9427.04590 0.424462
9427.81152 0.424558
9428.57617 0.424653
9429.34082 0.424748
9430.10547 0.424849
9430.87109 0.42499
9431.63574 0.425131
9432.40039 0.425272
9433.16602 0.425413
9433.93164 0.425554
9434.69629 0.425694
9435.46191 0.425835
9436.22754 0.425976
9436.99316 0.426117
9437.75879 0.426258
9438.52441 0.4264
9439.29004 0.426541
9440.05566 0.42668
9440.82129 0.426794
9441.58691 0.426907
9442.35254 0.427021
9443.11914 0.427025
9443.88477 0.42698
9444.65137 0.426935
9445.41699 0.42689
9446.18359 0.426846
9446.95020 0.426801
9447.71582 0.426756
9448.48242 0.426711
9449.24902 0.426666
9450.01562 0.426621
9450.78223 0.426604
9451.54883 0.426586
9452.31543 0.426569
9453.08203 0.426551
