threeML/data/optical_filters/HST/WFC3_UVIS1-FQ492N.ecsv
# %ECSV 0.9
# ---
# datatype:
# - {name: wavelength, unit: Angstrom, datatype: float32}
# - {name: response, datatype: float32}
# meta: !!omap
# - {band_name: FQ492N}
# - {group_name: WFC3_UVIS1}
wavelength response
4364.16455 0.0
4849.07178 0.00043
4849.90088 0.000492
4850.73096 0.000553
4851.56104 0.000639
4852.39111 0.000731
4853.22119 0.00085
4854.05176 0.000969
4854.88184 0.001133
4855.71289 0.001316
4856.54297 0.00151
4857.37500 0.00179
4858.20605 0.002061
4859.03711 0.002437
4859.86816 0.002897
4860.70020 0.003409
4861.53076 0.004014
4862.36279 0.004739
4863.19482 0.005647
4864.02686 0.006841
4864.85889 0.008166
4865.69092 0.009805
4866.52393 0.011795
4867.35693 0.014291
4868.18896 0.017501
4869.02197 0.021064
4869.85498 0.025989
4870.68799 0.031851
4871.52197 0.038833
4872.35498 0.047243
4873.18896 0.057429
4874.02295 0.070511
4874.85693 0.085321
4875.69092 0.100595
4876.52490 0.118378
4877.35889 0.137879
4878.19385 0.158691
4879.02783 0.178158
4879.86279 0.194124
4880.69824 0.210043
4881.53320 0.223713
4882.36914 0.233523
4883.20410 0.240811
4884.04004 0.245263
4884.87500 0.247974
4885.71094 0.249372
4886.54688 0.249562
4887.38281 0.249177
4888.21924 0.248366
4889.05518 0.247586
4889.89209 0.246467
4890.72900 0.245938
4891.56494 0.245495
4892.40186 0.245272
4893.23877 0.24494
4894.07617 0.244953
4894.91406 0.244922
4895.75098 0.245451
4896.58887 0.246022
4897.42676 0.246241
4898.26514 0.246809
4899.10303 0.247535
4899.94092 0.248246
4900.77881 0.248503
4901.61816 0.249338
4902.45703 0.249601
4903.29492 0.249811
4904.13379 0.250344
4904.97314 0.250586
4905.81299 0.250749
4906.65186 0.250891
4907.49121 0.251002
4908.33105 0.251056
4909.16992 0.251067
4910.01123 0.251104
4910.85107 0.251081
4911.69092 0.251041
4912.53076 0.251106
4913.37207 0.250879
4914.21191 0.250962
4915.05322 0.250957
4915.89404 0.251063
4916.73486 0.250968
4917.57715 0.251008
4918.41797 0.250974
4919.25879 0.251176
4920.10107 0.250942
4920.94287 0.251146
4921.78516 0.251187
4922.62695 0.251345
4923.46924 0.25134
4924.31201 0.251405
4925.15381 0.251335
4925.99707 0.251198
4926.83887 0.251211
4927.68213 0.251253
4928.52490 0.250996
4929.36914 0.250677
4930.21191 0.250833
4931.05615 0.250657
4931.89893 0.250403
4932.74316 0.249855
4933.58691 0.249842
4934.43115 0.24943
4935.27490 0.249054
4936.12012 0.248902
4936.96387 0.248494
4937.80908 0.247808
4938.65381 0.247436
4939.49902 0.246927
4940.34424 0.246471
4941.18896 0.245825
4942.03516 0.245512
4942.87988 0.245004
4943.72607 0.244605
4944.57178 0.243896
4945.41797 0.243614
4946.26416 0.242991
4947.10986 0.24263
4947.95703 0.242181
4948.80322 0.241788
4949.64990 0.241527
4950.49707 0.241269
4951.34424 0.240734
4952.19092 0.240686
4953.03809 0.240413
4953.88623 0.240519
4954.73291 0.240331
4955.58105 0.240352
4956.42920 0.240403
4957.27686 0.240596
4958.12500 0.240556
4958.97314 0.240697
4959.82178 0.241127
4960.66992 0.241381
4961.51904 0.241856
4962.36816 0.242125
4963.21680 0.242635
4964.06592 0.243212
4964.91602 0.243761
4965.76514 0.244284
4966.61523 0.245108
4967.46387 0.245566
4968.31396 0.24618
4969.16504 0.246961
4970.01514 0.247705
4970.86523 0.247978
4971.71484 0.248801
4972.56592 0.249504
4973.41699 0.249743
4974.26807 0.249891
4975.11914 0.249999
4975.97021 0.249696
4976.82080 0.249114
4977.67285 0.248155
4978.52393 0.24659
4979.37598 0.244725
4980.22803 0.241746
4981.08105 0.237867
4981.93311 0.232973
4982.78516 0.226576
4983.63818 0.220242
4984.49023 0.21158
4985.34277 0.20156
4986.19580 0.190521
4987.04883 0.178015
4987.90186 0.166182
4988.75586 0.152545
4989.60889 0.137946
4990.46289 0.123967
4991.31689 0.110334
4992.17090 0.098323
4993.02490 0.086116
4993.87891 0.074612
4994.73291 0.06454
4995.58789 0.055799
4996.44287 0.048164
4997.29785 0.041153
4998.15283 0.034962
4999.00781 0.030104
4999.86279 0.025447
5000.71924 0.021775
5001.57422 0.018578
5002.43018 0.015687
5003.28613 0.013527
5004.14209 0.011509
5004.99805 0.009821
5005.85400 0.008443
5006.71094 0.007217
5007.56689 0.00624
5008.42383 0.005356
5009.28076 0.004596
5010.13818 0.003971
5010.99609 0.003419
5011.85303 0.002994
5012.70996 0.00257
5013.56787 0.002252
5014.42578 0.001942
5015.28418 0.001698
5016.14209 0.001505
5017.00000 0.001305
5017.85791 0.001138
5018.71680 0.001
5019.57617 0.000881
5020.43506 0.000773
5021.29297 0.00069
5022.15186 0.000604
5023.01221 0.000533
5023.87109 0.000472
5024.73096 0.00042
5527.20410 0.0
