threeML/data/optical_filters/HST/WFC3_UVIS2-FQ422M.ecsv
# %ECSV 0.9
# ---
# datatype:
# - {name: wavelength, unit: Angstrom, datatype: float32}
# - {name: response, datatype: float32}
# meta: !!omap
# - {band_name: FQ422M}
# - {group_name: WFC3_UVIS2}
wavelength response
3675.40210 0.0
4083.78003 0.000405
4084.47900 0.000418
4085.17700 0.000433
4085.87598 0.000448
4086.57495 0.000455
4087.27490 0.00047
4087.97412 0.000484
4088.67310 0.000504
4089.37305 0.000517
4090.07300 0.000532
4090.77197 0.000555
4091.47192 0.000571
4092.17212 0.000584
4092.87305 0.000602
4093.57300 0.000629
4094.27295 0.000647
4094.97412 0.000666
4095.67407 0.000688
4096.37500 0.000705
4097.07617 0.000731
4097.77686 0.000757
4098.47803 0.000786
4099.17920 0.000811
4099.88086 0.000839
4100.58203 0.000872
4101.28418 0.000906
4101.98486 0.000932
4102.68701 0.000974
4103.38916 0.000997
4104.09082 0.001044
4104.79297 0.001088
4105.49609 0.001119
4106.19824 0.001164
4106.90088 0.001214
4107.60400 0.001264
4108.30615 0.001318
4109.00879 0.001359
4109.71191 0.00141
4110.41504 0.001472
4111.11914 0.00153
4111.82178 0.001591
4112.52490 0.001677
4113.22900 0.001746
4113.93311 0.001804
4114.63721 0.001886
4115.34082 0.001961
4116.04492 0.00205
4116.74902 0.002142
4117.45312 0.00223
4118.15820 0.002335
4118.86182 0.002423
4119.56689 0.00253
4120.27197 0.002657
4120.97705 0.002791
4121.68213 0.002916
4122.38721 0.003049
4123.09180 0.003182
4123.79785 0.003346
4124.50293 0.0035
4125.20898 0.003652
4125.91504 0.003873
4126.62109 0.004064
4127.32715 0.004264
4128.03320 0.004484
4128.73877 0.004749
4129.44580 0.004947
4130.15186 0.005214
4130.85889 0.005489
4131.56592 0.005769
4132.27197 0.006098
4132.97900 0.006424
4133.68701 0.00673
4134.39404 0.007148
4135.10205 0.007547
4135.80908 0.007983
4136.51709 0.008405
4137.22412 0.008902
4137.93213 0.009408
4138.64014 0.010022
4139.34814 0.010581
4140.05713 0.011253
4140.76514 0.01195
4141.47314 0.012601
4142.18213 0.01341
4142.89111 0.014278
4143.59912 0.015171
4144.30811 0.016173
4145.01807 0.017167
4145.72705 0.01825
4146.43604 0.019477
4147.14600 0.020798
4147.85498 0.022185
4148.56396 0.023736
4149.27393 0.025304
4149.98389 0.026895
4150.69385 0.028861
4151.40381 0.030735
4152.11523 0.032964
4152.82520 0.035316
4153.53613 0.037709
4154.24609 0.040223
4154.95703 0.04314
4155.66797 0.046012
4156.37891 0.049361
4157.08984 0.052929
4157.80078 0.056382
4158.51318 0.060136
4159.22412 0.064426
4159.93604 0.068325
4160.64697 0.07312
4161.35889 0.078036
4162.07080 0.082599
4162.78418 0.087695
4163.49609 0.093249
4164.20801 0.098278
4164.91992 0.104099
4165.63281 0.11007
4166.34619 0.115168
4167.05908 0.12107
4167.77100 0.126804
4168.48486 0.132052
4169.19824 0.137933
4169.91113 0.143476
4170.62500 0.14812
4171.33789 0.15313
4172.05176 0.157845
4172.76611 0.16174
4173.47998 0.165909
4174.19385 0.169717
4174.90820 0.172477
4175.62305 0.175653
4176.33691 0.177917
4177.05078 0.17997
4177.76611 0.18199
4178.48096 0.183248
4179.19580 0.184326
4179.91113 0.185454
4180.62598 0.186108
4181.34082 0.186587
4182.05713 0.186941
4182.77197 0.187116
4183.48779 0.187135
4184.20410 0.186937
4184.91895 0.186692
4185.63477 0.186227
4186.35205 0.185982
4187.06787 0.185467
4187.78418 0.184951
4188.50000 0.184421
4189.21680 0.184091
4189.93408 0.183651
4190.65088 0.183282
4191.36816 0.182842
4192.08496 0.182576
4192.80176 0.182133
4193.52002 0.181563
4194.23682 0.181517
4194.95508 0.181128
4195.67188 0.181036
4196.39111 0.180845
4197.10791 0.180627
4197.82715 0.180475
4198.54492 0.180391
4199.26318 0.180409
4199.98096 0.18024
4200.70020 0.180137
4201.41895 0.180173
4202.13818 0.180232
4202.85596 0.180365
4203.57617 0.180417
4204.29492 0.180492
4205.01416 0.180468
4205.73389 0.180533
4206.45312 0.180536
4207.17285 0.180605
4207.89307 0.180469
4208.61279 0.180507
4209.33301 0.180344
4210.05322 0.180129
4210.77295 0.18015
4211.49414 0.17988
4212.21387 0.179701
4212.93506 0.179615
4213.65576 0.179326
4214.37695 0.178947
4215.09814 0.17861
4215.81885 0.178441
4216.54102 0.177774
4217.26221 0.177484
4217.98291 0.176932
4218.70508 0.176382
4219.42676 0.175979
4220.14893 0.175163
4220.87109 0.174634
4221.59277 0.173817
4222.31494 0.173272
4223.03809 0.172402
4223.75977 0.171731
4224.48291 0.170865
4225.20605 0.169922
4225.92920 0.168982
4226.65088 0.16854
4227.37500 0.167317
4228.09814 0.166651
4228.82080 0.165993
4229.54492 0.164886
4230.26904 0.164158
4230.99219 0.163603
4231.71582 0.162696
4232.43994 0.161824
4233.16504 0.161166
4233.88916 0.160292
4234.61279 0.15971
4235.33691 0.158988
4236.06201 0.15849
4236.78711 0.157875
4237.51221 0.157283
4238.23682 0.15702
4238.96191 0.156537
4239.68799 0.156376
4240.41309 0.156085
4241.13818 0.155845
4241.86377 0.155756
4242.58984 0.155834
4243.31494 0.155996
4244.04199 0.15603
4244.76807 0.156098
4245.49414 0.156349
4246.22021 0.156583
4246.94678 0.157079
4247.67285 0.157545
4248.39990 0.158238
4249.12695 0.158682
4249.85400 0.159498
4250.58105 0.160001
4251.30908 0.160966
4252.03613 0.161958
4252.76318 0.162836
4253.49121 0.163687
4254.21924 0.164658
4254.94678 0.165414
4255.67383 0.166484
4256.40283 0.167321
4257.13086 0.168154
4257.85889 0.169034
4258.58789 0.169477
4259.31592 0.17019
4260.04492 0.17037
4260.77393 0.170646
4261.50293 0.170495
4262.23193 0.170219
4262.96094 0.169761
4263.69092 0.168733
4264.41992 0.167569
4265.14990 0.165761
4265.87891 0.16376
4266.60889 0.161439
4267.33887 0.158254
4268.06982 0.154979
4268.79980 0.151219
4269.52979 0.147024
4270.26123 0.142565
4270.99121 0.138022
4271.72217 0.132789
4272.45312 0.127543
4273.18408 0.122188
4273.91504 0.116402
4274.64600 0.110884
4275.37695 0.105455
4276.10889 0.099854
4276.84082 0.0945
4277.57324 0.089006
4278.30420 0.083678
4279.03613 0.078473
4279.76904 0.073839
4280.50098 0.069143
4281.23291 0.064683
4281.96582 0.060546
4282.69824 0.056533
4283.43115 0.052703
4284.16406 0.049273
4284.89697 0.046147
4285.62988 0.043104
4286.36279 0.040151
4287.09717 0.037584
4287.83008 0.034962
4288.56299 0.032617
4289.29688 0.030643
4290.03076 0.028626
4290.76514 0.026704
4291.50000 0.025046
4292.23389 0.02337
4292.96777 0.02181
4293.70312 0.020577
4294.43701 0.019227
4295.17188 0.017984
4295.90723 0.016986
4296.64209 0.015885
4297.37695 0.014865
4298.11182 0.014082
4298.84814 0.013231
4299.58301 0.012429
4300.31885 0.011732
4301.05518 0.011023
4301.79102 0.010355
4302.52588 0.009834
4303.26318 0.009263
4303.99902 0.008719
4304.73486 0.008279
4305.47217 0.007836
4306.20801 0.00738
4306.94482 0.00701
4307.68213 0.006636
4308.41895 0.006295
4309.15576 0.005986
4309.89404 0.005671
4310.63086 0.005352
4311.36914 0.005091
4312.10596 0.004847
4312.84424 0.004608
4313.58203 0.00438
4314.31982 0.004171
4315.05811 0.00397
4315.79590 0.003785
4316.53516 0.003602
4317.27295 0.00343
4318.01221 0.003273
4318.75000 0.003123
4319.49023 0.002983
4320.22900 0.002845
4320.96777 0.002722
4321.70703 0.002599
4322.44580 0.002494
4323.18604 0.002369
4323.92578 0.002276
4324.66602 0.002167
4325.40479 0.002084
4326.14600 0.001995
4326.88623 0.001916
4327.62598 0.001826
4328.36621 0.001766
4329.10693 0.001686
4329.84814 0.001626
4330.58789 0.001565
4331.33008 0.001493
4332.06982 0.001432
4332.81201 0.001389
4333.55322 0.00132
4334.29395 0.001267
4335.03613 0.001228
4335.77783 0.001181
4336.52002 0.001142
4337.26123 0.001101
4338.00293 0.001052
4338.74609 0.00102
4339.48779 0.000982
4340.22998 0.000947
4340.97314 0.000905
4341.71582 0.000881
4342.45801 0.000855
4343.20215 0.000818
4343.94482 0.000789
4344.68799 0.000774
4345.43115 0.000739
4346.17480 0.000707
4346.91797 0.000691
4347.66211 0.000662
4348.40576 0.000646
4349.14990 0.000625
4349.89404 0.000605
4350.63818 0.000587
4351.38281 0.000565
4352.12695 0.000552
4352.87207 0.000536
4353.61719 0.000512
4354.36084 0.0005
4355.10596 0.000479
4355.85205 0.000464
4356.59717 0.000457
4357.34180 0.000441
4358.08789 0.000429
4358.83301 0.000417
4794.71631 0.0
