threeML/data/optical_filters/HST/WFC3_UVIS2-FQ378N.ecsv
# %ECSV 0.9
# ---
# datatype:
# - {name: wavelength, unit: Angstrom, datatype: float32}
# - {name: response, datatype: float32}
# meta: !!omap
# - {band_name: FQ378N}
# - {group_name: WFC3_UVIS2}
wavelength response
3344.76807 0.0
3716.40894 0.000405
3717.04492 0.000442
3717.68091 0.000517
3718.31689 0.000573
3718.95288 0.000651
3719.59009 0.000722
3720.22607 0.000875
3720.86304 0.000942
3721.49902 0.001065
3722.13599 0.00122
3722.77295 0.001385
3723.40991 0.001611
3724.04712 0.001811
3724.68408 0.002148
3725.32104 0.002461
3725.95898 0.002836
3726.59595 0.003344
3727.23389 0.003738
3727.87207 0.004376
3728.50903 0.005199
3729.14697 0.006119
3729.78491 0.007207
3730.42310 0.008327
3731.06201 0.009931
3731.69995 0.011641
3732.33911 0.013987
3732.97705 0.016767
3733.61597 0.019577
3734.25488 0.023524
3734.89404 0.027934
3735.53198 0.033563
3736.17212 0.039795
3736.81104 0.047095
3737.44995 0.056714
3738.09009 0.065701
3738.72900 0.077052
3739.36890 0.089853
3740.00903 0.101825
3740.64893 0.115903
3741.28906 0.128794
3741.92896 0.142895
3742.56909 0.1533
3743.20898 0.163384
3743.85010 0.173579
3744.48999 0.178792
3745.13110 0.184354
3745.77197 0.188597
3746.41309 0.190655
3747.05298 0.192575
3747.69507 0.193212
3748.33594 0.193858
3748.97705 0.192395
3749.61890 0.19305
3750.26001 0.192479
3750.90210 0.192313
3751.54395 0.191475
3752.18604 0.191443
3752.82690 0.191189
3753.46899 0.190979
3754.11206 0.191185
3754.75391 0.192024
3755.39600 0.192306
3756.03906 0.192529
3756.68188 0.193165
3757.32397 0.193635
3757.96704 0.194372
3758.61011 0.19431
3759.25293 0.195374
3759.89600 0.196529
3760.54004 0.196614
3761.18311 0.197353
3761.82690 0.197442
3762.46997 0.198357
3763.11401 0.197989
3763.75806 0.198599
3764.40210 0.198915
3765.04590 0.198906
3765.68994 0.198437
3766.33398 0.19899
3766.97900 0.198292
3767.62305 0.198234
3768.26807 0.198321
3768.91309 0.198065
3769.55688 0.197315
3770.20190 0.197232
3770.84692 0.196236
3771.49292 0.195891
3772.13794 0.194924
3772.78296 0.195479
3773.42896 0.194414
3774.07397 0.193468
3774.71997 0.192847
3775.36597 0.192542
3776.01196 0.192098
3776.65796 0.191141
3777.30396 0.190454
3777.94995 0.191118
3778.59692 0.190168
3779.24292 0.189143
3779.88989 0.188333
3780.53711 0.18882
3781.18408 0.18927
3781.83105 0.187624
3782.47803 0.187875
3783.12500 0.187008
3783.77197 0.186698
3784.41895 0.186218
3785.06689 0.186382
3785.71411 0.184881
3786.36206 0.185619
3787.01001 0.184762
3787.65796 0.184352
3788.30591 0.184679
3788.95410 0.183933
3789.60205 0.184137
3790.25098 0.183343
3790.89893 0.183181
3791.54810 0.182653
3792.19702 0.182414
3792.84497 0.182757
3793.49390 0.182685
3794.14307 0.182074
3794.79199 0.181771
3795.44189 0.181316
3796.09106 0.18121
3796.74097 0.181607
3797.38989 0.180965
3798.04004 0.180753
3798.68994 0.181419
3799.34009 0.182017
3799.98999 0.181685
3800.63989 0.181313
3801.29004 0.180943
3801.94092 0.181659
3802.59106 0.181797
3803.24194 0.182268
3803.89209 0.182508
3804.54297 0.182802
3805.19409 0.182649
3805.84497 0.183154
3806.49609 0.183677
3807.14795 0.18414
3807.79907 0.185217
3808.44995 0.185214
3809.10205 0.186086
3809.75391 0.186298
3810.40601 0.186987
3811.05811 0.188145
3811.70996 0.188747
3812.36206 0.189017
3813.01392 0.190474
3813.66699 0.191256
3814.31909 0.191415
3814.97192 0.192218
3815.62402 0.193178
3816.27710 0.193723
3816.92993 0.194518
3817.58301 0.195619
3818.23608 0.196535
3818.88989 0.197817
3819.54297 0.198526
3820.19702 0.199563
3820.85010 0.200069
3821.50391 0.200417
3822.15796 0.201616
3822.81201 0.201924
3823.46606 0.203559
3824.12012 0.203144
3824.77393 0.203623
3825.42798 0.204642
3826.08301 0.203271
3826.73804 0.20426
3827.39209 0.203422
3828.04712 0.203446
3828.70190 0.201759
3829.35693 0.200999
3830.01196 0.200014
3830.66797 0.198231
3831.32300 0.195382
3831.97900 0.193393
3832.63403 0.19058
3833.29004 0.186592
3833.94604 0.183319
3834.60205 0.179398
3835.25806 0.17489
3835.91406 0.170636
3836.57007 0.165321
3837.22705 0.159522
3837.88306 0.154221
3838.54004 0.148082
3839.19702 0.142049
3839.85400 0.135801
3840.51001 0.129125
3841.16797 0.12217
3841.82495 0.116466
3842.48193 0.109009
3843.13989 0.102977
3843.79712 0.097322
3844.45508 0.090737
3845.11304 0.085815
3845.77100 0.079623
3846.42798 0.073743
3847.08691 0.069243
3847.74512 0.063517
3848.40308 0.059108
3849.06201 0.054357
3849.71997 0.050057
3850.37891 0.046158
3851.03809 0.042364
3851.69702 0.038919
3852.35498 0.036089
3853.01489 0.032761
3853.67407 0.030084
3854.33301 0.027268
3854.99292 0.024825
3855.65210 0.022553
3856.31201 0.02015
3856.97192 0.018907
3857.63208 0.017074
3858.29199 0.015377
3858.95190 0.014202
3859.61206 0.0126
3860.27197 0.011569
3860.93311 0.010391
3861.59302 0.009498
3862.25391 0.008603
3862.91504 0.007752
3863.57593 0.007033
3864.23706 0.006357
3864.89795 0.005694
3865.55908 0.005317
3866.22095 0.00472
3866.88208 0.004322
3867.54395 0.003826
3868.20508 0.003473
3868.86694 0.003185
3869.52905 0.002846
3870.19092 0.002595
3870.85400 0.002389
3871.51611 0.002175
3872.17798 0.001969
3872.84106 0.001758
3873.50293 0.001588
3874.16602 0.00149
3874.82910 0.001316
3875.49194 0.001175
3876.15503 0.001062
3876.81812 0.000959
3877.48096 0.000894
3878.14502 0.000832
3878.80811 0.000745
3879.47192 0.000666
3880.13599 0.000635
3880.80005 0.000564
3881.46411 0.000508
3882.12793 0.000471
3882.79199 0.000414
4271.07129 0.0
