threeML/data/optical_filters/HST/WFC3_UVIS1-F814W.ecsv
# %ECSV 0.9
# ---
# datatype:
# - {name: wavelength, unit: Angstrom, datatype: float32}
# - {name: response, datatype: float32}
# meta: !!omap
# - {band_name: F814W}
# - {group_name: WFC3_UVIS1}
wavelength response
[from data line 805]
7963.90088 0.164505
7965.26416 0.164395
7966.62695 0.164285
7967.99023 0.164175
7969.35303 0.164065
7970.71680 0.163956
7972.08105 0.163846
7973.44385 0.163748
7974.80908 0.16365
7976.17285 0.163553
7977.53809 0.163455
7978.90283 0.163358
7980.26807 0.163265
7981.63281 0.163189
7982.99902 0.163105
7984.36523 0.163013
7985.73096 0.162922
7987.09717 0.162831
7988.46387 0.16274
7989.83105 0.162648
7991.19678 0.162543
7992.56494 0.162435
7993.93213 0.162327
7995.29980 0.162218
7996.66797 0.16211
7998.03613 0.162002
7999.40381 0.161894
8000.77295 0.161786
8002.14209 0.161678
8003.51123 0.161595
8004.87988 0.161513
8006.25000 0.161431
8007.62012 0.16135
8008.99023 0.161268
8010.35986 0.161181
8011.73096 0.161082
8013.10205 0.160986
8014.47314 0.160891
8015.84424 0.160797
8017.21484 0.160702
8018.58691 0.160607
8019.95898 0.160513
8021.33105 0.160419
8022.70410 0.160321
8024.07617 0.160215
8025.44922 0.160109
8026.82178 0.160002
8028.19482 0.159896
8029.56885 0.159789
8030.94287 0.159698
8032.31689 0.159617
8033.69092 0.159564
8035.06592 0.159511
8036.43994 0.159458
8037.81494 0.159404
8039.19092 0.159351
8040.56592 0.159289
8041.94189 0.159216
8043.31787 0.1591
8044.69385 0.158974
8046.06982 0.158849
8047.44678 0.158723
8048.82422 0.158598
8050.20117 0.158472
8051.57812 0.158347
8052.95605 0.158251
8054.33301 0.158181
8055.71191 0.158111
8057.08984 0.158042
8058.46924 0.157972
8059.84717 0.157902
8061.22705 0.157849
8062.60498 0.157784
8063.98486 0.15768
8065.36523 0.157577
8066.74512 0.157473
8068.12500 0.157369
8069.50488 0.157266
8070.88623 0.157149
8072.26709 0.157026
8073.64795 0.15691
8075.02881 0.156793
8076.41113 0.156677
8077.79199 0.156561
8079.17480 0.156444
8080.55713 0.156328
8081.93896 0.156212
8083.32178 0.156088
8084.70605 0.155961
8086.08887 0.155835
8087.47217 0.155709
8088.85596 0.155582
8090.24023 0.155459
8091.62402 0.155353
8093.00781 0.155232
8094.39307 0.155099
8095.77783 0.154967
8097.16309 0.154835
8098.54785 0.154703
8099.93408 0.154571
8101.31982 0.15442
8102.70605 0.154269
8104.09180 0.154118
8105.47900 0.153967
8106.86621 0.153816
8108.25293 0.153666
8109.64014 0.153515
8111.02783 0.153364
8112.41602 0.153212
8113.80322 0.153043
8115.19092 0.152875
8116.58008 0.152707
8117.96924 0.152539
8119.35791 0.152371
8120.74707 0.152214
8122.13623 0.152065
8123.52588 0.151901
8124.91602 0.151735
8126.30615 0.15157
8127.69580 0.151405
8129.08691 0.151239
8130.47803 0.151067
8131.86914 0.150883
8133.25977 0.15068
8134.65186 0.15047
8136.04297 0.150261
8137.43604 0.150051
8138.82812 0.149842
8140.22021 0.149633
8141.61279 0.149424
8143.00586 0.14922
8144.39893 0.149021
8145.79297 0.148821
8147.18701 0.148622
8148.58105 0.148422
8149.97510 0.148223
8151.36914 0.148043
8152.76416 0.147867
8154.15918 0.147697
8155.55420 0.147528
8156.94922 0.147359
8158.34521 0.147189
8159.74121 0.14702
8161.13721 0.146836
8162.53320 0.146639
8163.93018 0.14641
8165.32617 0.146182
8166.72314 0.145953
8168.12109 0.145725
8169.51807 0.145496
8170.91602 0.145268
8172.31396 0.145041
8173.71191 0.144815
8175.11084 0.144589
8176.50879 0.144364
8177.90820 0.144138
8179.30811 0.143913
8180.70703 0.143697
8182.10596 0.143491
8183.50586 0.143302
8184.90723 0.143115
8186.30713 0.142927
8187.70801 0.14274
8189.10791 0.142553
8190.50977 0.14236
8191.91113 0.142155
8193.31152 0.141945
8194.71484 0.141732
8196.11621 0.141521
8197.51855 0.141309
8198.92090 0.141097
8200.32422 0.140887
8201.72754 0.140678
8203.13086 0.14048
8204.53418 0.140289
8205.93848 0.140098
8207.34180 0.139907
8208.74609 0.139716
8210.15039 0.139527
8211.55469 0.139354
8212.95996 0.139181
8214.36523 0.139006
8215.77148 0.138832
8217.17676 0.138657
8218.58203 0.138483
8219.98828 0.138309
8221.39453 0.138117
8222.80176 0.137934
8224.20801 0.137766
8225.61523 0.137598
8227.02246 0.137429
8228.43066 0.137261
8229.83789 0.137093
8231.24609 0.136935
8232.65430 0.136782
8234.06348 0.136637
8235.47168 0.136493
8236.88086 0.136348
8238.29004 0.136203
8239.70020 0.136059
8241.10938 0.135928
8242.51953 0.135808
8243.92969 0.135717
8245.34082 0.135627
8246.75098 0.135536
8248.16211 0.135445
8249.57324 0.135354
8250.98438 0.135251
8252.39648 0.135143
8253.80859 0.135033
8255.22070 0.134923
8256.63281 0.134814
8258.04590 0.134704
8259.45898 0.134594
8260.87207 0.134484
8262.28516 0.134374
8263.69922 0.134276
8265.11230 0.134178
8266.52637 0.134079
8267.94141 0.133981
8269.35547 0.133882
8270.77148 0.133793
8272.18555 0.133713
8273.60059 0.133662
8275.01660 0.133613
8276.43262 0.133564
8277.84863 0.133515
8279.26465 0.133466
8280.68164 0.133409
8282.09766 0.133342
8283.51465 0.133276
8284.93262 0.13321
8286.34961 0.133144
8287.76758 0.133077
8289.18555 0.133011
8290.60352 0.132945
8292.02246 0.132879
8293.44141 0.132849
8294.86035 0.132827
8296.27930 0.132806
8297.69824 0.132784
8299.11816 0.132762
8300.53809 0.13274
8301.95801 0.132718
8303.37891 0.132672
8304.79980 0.13262
8306.22070 0.132568
8307.64160 0.132516
8309.06152 0.132464
8310.48438 0.132417
8311.90625 0.132383
8313.32812 0.132372
8314.75098 0.132371
8316.17383 0.132369
8317.59668 0.132368
8319.01953 0.132366
8320.44238 0.132359
8321.86621 0.132339
8323.29004 0.132327
8324.71387 0.132317
8326.13867 0.132308
8327.56348 0.132298
8328.98828 0.132288
8330.41309 0.132278
8331.83789 0.132268
8333.26367 0.132266
8334.68945 0.132267
8336.11523 0.132267
8337.54199 0.132268
8338.96875 0.132268
8340.39648 0.132273
8341.82227 0.132291
8343.24902 0.132301
8344.67676 0.132307
8346.10352 0.132313
8347.53223 0.132318
8348.96094 0.132324
8350.38965 0.132325
8351.81836 0.132312
8353.24707 0.132294
8354.67578 0.132272
8356.10547 0.13225
8357.53516 0.132228
8358.96484 0.132206
8360.39648 0.132184
8361.82617 0.132161
8363.25684 0.132143
8364.68652 0.132126
8366.11816 0.132108
8367.54980 0.132091
8368.98145 0.132074
8370.41309 0.132056
8371.84570 0.132038
8373.27832 0.132022
8374.71094 0.132006
8376.14355 0.13199
8377.57617 0.131974
8379.00977 0.131958
8380.44336 0.131947
8381.87695 0.131948
8383.31152 0.131936
8384.74609 0.131919
8386.18066 0.131902
8387.61523 0.131885
8389.04980 0.131868
8390.48535 0.131844
8391.92090 0.131809
8393.35742 0.131768
8394.79297 0.131724
8396.22852 0.13168
8397.66602 0.131636
8399.10254 0.131592
8400.54004 0.131553
8401.97656 0.131523
8403.41406 0.131464
8404.85254 0.131396
8406.29004 0.131329
8407.72852 0.131262
8409.16699 0.131194
8410.60547 0.131134
8412.04492 0.131084
8413.48438 0.131041
8414.92383 0.130999
8416.36328 0.130958
8417.80371 0.130916
8419.24316 0.130875
8420.68457 0.130825
8422.12500 0.130765
8423.56543 0.130679
8425.00684 0.130589
8426.44824 0.130499
8427.89062 0.130409
8429.33203 0.130319
8430.77441 0.130238
8432.21680 0.130165
8433.65918 0.130079
8435.10254 0.129992
8436.54590 0.129905
8437.98926 0.129819
8439.43262 0.129731
8440.87695 0.129644
8442.32129 0.129557
8443.76562 0.129442
8445.20996 0.129327
8446.65527 0.129211
8448.10059 0.129096
8449.54590 0.12898
8450.99121 0.128877
8452.43652 0.12878
8453.88379 0.128699
8455.33008 0.128619
8456.77637 0.128538
8458.22363 0.128457
8459.67090 0.128375
8461.11816 0.128281
8462.56543 0.128182
8464.01367 0.128081
8465.46191 0.12798
8466.91016 0.127879
8468.35840 0.127778
8469.80762 0.127677
8471.25684 0.127577
8472.70605 0.127468
8474.15527 0.127337
8475.60547 0.127206
8477.05566 0.127075
8478.50586 0.126944
8479.95703 0.126813
8481.40723 0.126683
8482.85840 0.126478
8484.31055 0.126145
8485.76172 0.125813
8487.21387 0.12548
8488.66602 0.125148
8490.11816 0.124817
8491.57031 0.124503
8493.02344 0.124277
8494.47656 0.124149
8495.92969 0.124021
8497.38379 0.123893
8498.83789 0.123764
8500.29199 0.123628
8501.74609 0.123462
8503.20020 0.123316
8504.65527 0.123184
8506.11035 0.123053
8507.56543 0.122922
8509.02148 0.12279
8510.47754 0.122659
8511.93359 0.122528
8513.38965 0.122343
8514.84668 0.122139
8516.30273 0.121934
8517.76074 0.12173
8519.21777 0.121525
8520.67480 0.121321
8522.13281 0.121117
8523.59082 0.120985
8525.04980 0.120866
8526.50781 0.120747
8527.96680 0.120628
8529.42578 0.120509
8530.88574 0.1204
8532.34473 0.120297
8533.80469 0.120162
8535.26465 0.120027
8536.72559 0.119891
8538.18555 0.119756
8539.64648 0.11962
8541.10742 0.119472
8542.56934 0.119321
8544.03027 0.119175
8545.49219 0.119029
8546.95410 0.118882
8548.41699 0.118736
8549.87988 0.11859
8551.34277 0.118443
8552.80566 0.118302
8554.26855 0.118173
8555.73242 0.118044
8557.19629 0.117915
8558.66016 0.117785
8560.12500 0.117656
8561.58887 0.117527
8563.05371 0.117395
8564.51953 0.117262
8565.98438 0.117129
8567.45020 0.116996
8568.91602 0.116863
8570.38184 0.116734
8571.84863 0.116617
8573.31543 0.116517
8574.78223 0.116427
8576.24902 0.116336
8577.71582 0.116245
8579.18359 0.116154
8580.65137 0.116057
8582.12012 0.115949
8583.58789 0.115822
8585.05664 0.11569
8586.52539 0.115558
8587.99512 0.115426
8589.46387 0.115294
8590.93359 0.115162
8592.40332 0.115032
8593.87402 0.11496
8595.34375 0.114888
8596.81445 0.114816
8598.28516 0.114744
8599.75684 0.114672
8601.22754 0.114599
8602.69922 0.114523
8604.17188 0.114432
8605.64355 0.114341
8607.11621 0.11425
8608.58887 0.114158
8610.06152 0.114068
8611.53418 0.113993
8613.00781 0.113919
8614.48145 0.113848
8615.95605 0.113777
8617.42969 0.113705
8618.90430 0.113634
8620.37891 0.113558
8621.85352 0.113471
8623.32910 0.113392
8624.80469 0.113317
8626.28027 0.113242
8627.75586 0.113168
8629.23242 0.113093
8630.70801 0.113034
8632.18457 0.112993
8633.66211 0.112954
8635.13867 0.112916
8636.61621 0.112878
8638.09375 0.11284
8639.57227 0.112801
8641.05078 0.112763
8642.52832 0.112728
8644.00781 0.112731
8645.48633 0.112734
8646.96582 0.112737
8648.44531 0.11274
8649.92480 0.112742
8651.40430 0.112745
8652.88477 0.11273
8654.36523 0.112685
8655.84570 0.11264
8657.32715 0.112594
8658.80859 0.112549
8660.29004 0.112506
8661.77148 0.112476
8663.25391 0.112474
8664.73535 0.11249
8666.21777 0.112507
8667.70117 0.112523
8669.18359 0.11254
8670.66699 0.112548
8672.15039 0.112548
8673.63477 0.112533
8675.11816 0.112516
8676.60254 0.112497
8678.08691 0.112479
8679.57227 0.112461
8681.05664 0.112442
8682.54199 0.112423
8684.02832 0.112403
8685.51367 0.112382
8687.00000 0.112361
8688.48633 0.11234
8689.97266 0.112319
8691.45898 0.112298
8692.94629 0.112272
8694.43359 0.112238
8695.92090 0.112204
8697.40918 0.112171
8698.89746 0.112137
8700.38574 0.112102
8701.87402 0.112068
8703.36328 0.112021
8704.85254 0.111969
8706.34180 0.111916
8707.83105 0.111863
8709.32129 0.11181
8710.81055 0.111766
8712.30176 0.111728
8713.79199 0.111736
8715.28320 0.111746
8716.77441 0.111756
8718.26562 0.111766
8719.75684 0.111775
8721.24902 0.111771
8722.74121 0.111754
8724.23340 0.111699
8725.72656 0.111644
8727.21875 0.111589
8728.71191 0.111533
8730.20605 0.111478
8731.69922 0.111423
8733.19336 0.111386
8734.68848 0.111366
8736.18164 0.111346
8737.67676 0.111326
8739.17188 0.111306
8740.66699 0.111285
8742.16211 0.111264
8743.65820 0.111244
8745.15430 0.111223
8746.65039 0.111202
8748.14648 0.111182
8749.64355 0.11116
8751.14062 0.111139
8752.63770 0.11111
8754.13574 0.111043
8755.63281 0.110976
8757.13086 0.110909
8758.62988 0.110841
8760.12793 0.110775
8761.62695 0.110723
8763.12598 0.110675
8764.62500 0.110631
8766.12500 0.110587
8767.62500 0.110543
8769.12500 0.110498
8770.62500 0.110448
8772.12598 0.110387
8773.62695 0.110307
8775.12793 0.110221
8776.62891 0.110136
8778.13086 0.11005
8779.63281 0.109965
8781.13477 0.109879
8782.63770 0.109798
8784.13965 0.109749
8785.64258 0.109699
8787.14648 0.109649
8788.64941 0.109599
8790.15332 0.109548
8791.65723 0.109497
8793.16113 0.109428
8794.66602 0.10934
8796.17090 0.109251
8797.67578 0.109163
8799.18066 0.109074
8800.68652 0.108976
8802.19238 0.108865
8803.69824 0.108745
8805.20410 0.108622
8806.71094 0.108499
8808.21777 0.108376
8809.72461 0.108254
8811.23145 0.108143
8812.73926 0.108041
8814.24707 0.107957
8815.75488 0.107872
8817.26367 0.107788
8818.77246 0.107703
8820.28125 0.107615
8821.79004 0.107515
8823.29980 0.107396
8824.80957 0.107265
8826.31934 0.107134
8827.82910 0.107002
8829.33984 0.106871
8830.85059 0.106754
8832.36133 0.106649
8833.87207 0.106572
8835.38379 0.106496
8836.89648 0.10642
8838.40723 0.106344
8839.91992 0.106268
8841.43164 0.106192
8842.94434 0.106102
8844.45801 0.105985
8845.97070 0.105869
8847.48438 0.105753
8848.99805 0.105636
8850.51172 0.10552
8852.02637 0.105403
8853.54102 0.105303
8855.05566 0.10521
8856.57129 0.105116
8858.08594 0.105022
8859.60156 0.104928
8861.11719 0.104834
8862.63379 0.104741
8864.15039 0.10465
8865.66699 0.104558
8867.18359 0.104467
8868.70020 0.104375
8870.21777 0.104286
8871.73535 0.104209
8873.25391 0.10412
8874.77148 0.10402
8876.29004 0.103919
8877.80859 0.103819
8879.32812 0.103718
8880.84668 0.103609
8882.36621 0.103493
8883.88574 0.1034
8885.40625 0.103307
8886.92676 0.103215
8888.44727 0.103122
8889.96777 0.103029
8891.48828 0.102937
8893.00977 0.10284
8894.53125 0.102737
8896.05371 0.102634
8897.57520 0.102531
8899.09766 0.102428
8900.62012 0.102324
8902.14355 0.102221
8903.66602 0.102116
8905.18945 0.102011
8906.71289 0.101906
8908.23730 0.1018
8909.76172 0.101695
8911.28613 0.101589
8912.81055 0.101482
8914.33496 0.101369
8915.86035 0.101257
8917.38574 0.101144
8918.91211 0.101031
8920.43848 0.100918
8921.96387 0.100805
8923.49023 0.100709
8925.01758 0.10062
8926.54395 0.100531
8928.07129 0.100442
8929.59863 0.100353
8931.12695 0.100263
8932.65527 0.100172
8934.18359 0.100072
8935.71191 0.099972
8937.24023 0.099872
8938.76953 0.099772
8940.29883 0.099675
8941.82910 0.099589
8943.35840 0.099503
8944.88867 0.099418
8946.41895 0.099332
8947.95020 0.099246
8949.48047 0.09916
8951.01172 0.099064
8952.54395 0.098963
8954.07520 0.098866
8955.60742 0.098768
8957.13965 0.098671
8958.67188 0.098573
8960.20508 0.098476
8961.73828 0.098378
8963.27148 0.098281
8964.80469 0.098185
8966.33887 0.098089
8967.87305 0.097993
8969.40723 0.097897
8970.94141 0.097801
8972.47656 0.097704
8974.01172 0.097626
8975.54688 0.097547
8977.08301 0.097467
8978.61816 0.097388
8980.15527 0.097309
8981.69141 0.097229
8983.22754 0.097143
8984.76465 0.09705
8986.30176 0.096957
8987.83984 0.096864
8989.37793 0.096771
8990.91602 0.096677
8992.45410 0.096584
8993.99219 0.096495
8995.53125 0.096406
8997.07031 0.096317
8998.60938 0.096228
9000.14941 0.096136
9001.68945 0.096028
9003.22852 0.095921
9004.76953 0.095815
9006.31055 0.09571
9007.85156 0.095604
9009.39258 0.095498
9010.93359 0.095401
9012.47559 0.09531
9014.01758 0.095225
9015.55957 0.095139
9017.10254 0.095053
9018.64648 0.094967
9020.18848 0.094879
9021.73145 0.094779
9023.27539 0.094672
9024.81934 0.09456
9026.36328 0.094448
9027.90723 0.094335
9029.45215 0.094223
9030.99707 0.094116
9032.54199 0.094013
9034.08789 0.093928
9035.63281 0.093842
9037.17871 0.093757
9038.72559 0.093671
9040.27148 0.093585
9041.81836 0.0935
9043.36523 0.093412
9044.91309 0.093322
9046.45996 0.093233
9048.00781 0.093143
9049.55664 0.093053
9051.10352 0.092963
9052.65332 0.092873
9054.20215 0.092778
9055.75098 0.092684
9057.30078 0.092589
9058.85059 0.092494
9060.40039 0.092399
9061.95020 0.092304
9063.50098 0.092215
9065.05176 0.09213
9066.60254 0.092045
9068.15332 0.091959
9069.70508 0.091873
9071.25684 0.091787
9072.80859 0.0917
9074.36133 0.091607
9075.91406 0.091514
9077.46680 0.091421
9079.01953 0.091328
9080.57324 0.09124
9082.12695 0.091161
9083.68066 0.091081
9085.23535 0.091
9086.78906 0.09092
9088.34375 0.090839
9089.89941 0.090758
9091.45410 0.090665
9093.00977 0.090575
9094.56543 0.090495
9096.12109 0.090415
9097.67773 0.090335
9099.23438 0.090254
9100.79102 0.090174
9102.34863 0.090093
9103.90527 0.089993
9105.46289 0.089892
9107.02148 0.08979
9108.57910 0.089688
9110.13770 0.089585
9111.69629 0.089483
9113.25586 0.089388
9114.81445 0.089299
9116.37402 0.089211
9117.93359 0.089122
9119.49414 0.089033
9121.05469 0.088944
9122.61523 0.088854
9124.17578 0.08876
9125.73633 0.088665
9127.29785 0.08857
9128.85938 0.088474
9130.42188 0.088379
9131.98340 0.088283
9133.54590 0.088189
9135.10938 0.088095
