threeML/data/optical_filters/HST/WFC3_IR-F153M.ecsv
# %ECSV 0.9
# ---
# datatype:
# - {name: wavelength, unit: Angstrom, datatype: float32}
# - {name: response, datatype: float32}
# meta: !!omap
# - {band_name: F153M}
# - {group_name: WFC3_IR}
wavelength response
[from data line 3862]
15371.08984 0.528667
15372.33008 0.528687
15373.58008 0.528706
15374.83008 0.528709
15376.08008 0.528694
15377.32031 0.528679
15378.57031 0.528664
15379.82031 0.528649
15381.07031 0.528681
15382.30957 0.528721
15383.55957 0.528762
15384.80957 0.528792
15386.05957 0.528812
15387.30957 0.528831
15388.54980 0.528851
15389.79980 0.52887
15391.04980 0.528844
15392.29980 0.528808
15393.54980 0.528772
15394.79980 0.528776
15396.04980 0.528823
15397.29004 0.528869
15398.54004 0.528916
15399.79004 0.528963
15401.04004 0.529058
15402.29004 0.529163
15403.54004 0.529269
15404.79004 0.529351
15406.04004 0.529409
15407.29004 0.529466
15408.54004 0.529523
15409.79004 0.529581
15411.04004 0.529591
15412.29004 0.529593
15413.54004 0.529595
15414.79004 0.52959
15416.04004 0.529578
15417.29004 0.529567
15418.54004 0.529555
15419.79004 0.529543
15421.04004 0.529577
15422.29980 0.52962
15423.54980 0.529664
15424.79980 0.52973
15426.04980 0.529821
15427.29980 0.529913
15428.54980 0.530004
15429.79980 0.530096
15431.05957 0.53014
15432.30957 0.530176
15433.55957 0.530212
15434.80957 0.530218
15436.05957 0.530192
15437.32031 0.530166
15438.57031 0.53014
15439.82031 0.530114
15441.07031 0.530136
15442.33008 0.530166
15443.58008 0.530195
15444.83008 0.530255
15446.08008 0.530346
15447.33984 0.530438
15448.58984 0.530529
15449.83984 0.530621
15451.09961 0.530663
15452.34961 0.530699
15453.59961 0.530734
15454.86035 0.530763
15456.11035 0.530784
15457.37012 0.530806
15458.62012 0.530828
15459.87012 0.53085
15461.12988 0.530871
15462.37988 0.530893
15463.63965 0.530915
15464.88965 0.530936
15466.13965 0.530958
15467.40039 0.53098
15468.65039 0.531001
15469.91016 0.531023
15471.16016 0.531096
15472.41992 0.531173
15473.66992 0.531251
15474.92969 0.531309
15476.17969 0.531352
15477.44043 0.531396
15478.70020 0.531439
15479.95020 0.531482
15481.20996 0.531471
15482.45996 0.531458
15483.71973 0.531445
15484.98047 0.53142
15486.23047 0.531387
15487.49023 0.531353
15488.74023 0.53132
15490.00000 0.531286
15491.25977 0.531309
15492.50977 0.531331
15493.76953 0.531354
15495.03027 0.531385
15496.28027 0.531422
15497.54004 0.531458
15498.79980 0.531494
15500.05957 0.531529
15501.30957 0.531527
15502.57031 0.531525
15503.83008 0.531523
15505.08984 0.531525
15506.33984 0.53153
15507.59961 0.531535
15508.86035 0.53154
15510.12012 0.53155
15511.37988 0.531611
15512.62988 0.531672
15513.88965 0.531733
15515.15039 0.531789
15516.41016 0.531844
15517.66992 0.531898
15518.92969 0.531952
15520.19043 0.531998
15521.45020 0.531996
15522.70996 0.531994
15523.95996 0.531991
15525.21973 0.531984
15526.48047 0.531975
15527.74023 0.531966
15529.00000 0.531957
15530.25977 0.531959
15531.51953 0.532007
15532.78027 0.532054
15534.04004 0.532102
15535.29980 0.532137
15536.55957 0.532171
15537.82031 0.532204
15539.08008 0.532238
15540.33984 0.532257
15541.59961 0.532234
15542.87012 0.532211
15544.12988 0.532188
15545.38965 0.532153
15546.65039 0.532116
15547.91016 0.53208
15549.16992 0.532043
15550.42969 0.532006
15551.69043 0.53197
15552.95996 0.531933
15554.21973 0.531896
15555.48047 0.531933
15556.74023 0.531972
15558.00000 0.532011
15559.25977 0.532049
15560.53027 0.532111
15561.79004 0.532207
15563.04980 0.532302
15564.30957 0.53239
15565.58008 0.532335
15566.83984 0.532279
15568.09961 0.532224
15569.37012 0.532168
15570.62988 0.532085
15571.88965 0.531972
15573.15039 0.53186
15574.41992 0.531747
15575.67969 0.531628
15576.94043 0.531509
15578.20996 0.53139
15579.46973 0.531272
15580.74023 0.531186
15582.00000 0.531123
15583.25977 0.531061
15584.53027 0.530959
15585.79004 0.530712
15587.05957 0.530465
15588.32031 0.530217
15589.58984 0.52997
15590.84961 0.529685
15592.12012 0.529381
15593.37988 0.529077
15594.63965 0.528705
15595.91016 0.528174
15597.16992 0.527645
15598.44043 0.527115
15599.70996 0.526585
15600.96973 0.526096
15602.24023 0.525619
15603.50000 0.525142
15604.76953 0.524498
15606.03027 0.523603
15607.29980 0.522707
15608.57031 0.521813
15609.83008 0.520918
15611.09961 0.519975
15612.37012 0.519024
15613.62988 0.518073
15614.90039 0.516742
15616.16992 0.515032
15617.42969 0.513322
15618.70020 0.511611
15619.96973 0.509901
15621.23047 0.508191
15622.50000 0.506482
15623.76953 0.504773
15625.04004 0.502479
15626.29980 0.499805
15627.57031 0.497132
15628.83984 0.494459
15630.11035 0.491791
15631.37012 0.489171
15632.63965 0.486552
15633.91016 0.483931
15635.17969 0.480442
15636.45020 0.476611
15637.70996 0.472777
15638.98047 0.468943
15640.25000 0.465097
15641.51953 0.461214
15642.79004 0.457332
15644.05957 0.453448
15645.33008 0.448487
15646.59961 0.443304
15647.87012 0.438126
15649.13965 0.432945
15650.41016 0.427765
15651.66992 0.422587
15652.95020 0.417406
15654.20996 0.412231
15655.48047 0.406027
15656.75000 0.399768
15658.01953 0.393515
15659.29004 0.387259
15660.57031 0.381023
15661.83984 0.374811
15663.11035 0.368598
15664.37988 0.362328
15665.65039 0.355369
15666.91992 0.348411
15668.19043 0.341447
15669.45996 0.334489
15670.73047 0.327505
15672.00000 0.320508
15673.26953 0.313513
15674.54980 0.3065
15675.82031 0.299413
15677.08984 0.292328
15678.36035 0.285244
15679.62988 0.278157
15680.90039 0.271099
15682.17969 0.264043
15683.45020 0.256994
15684.71973 0.250122
15685.99023 0.243602
15687.26953 0.237083
15688.54004 0.230563
15689.80957 0.224039
15691.08008 0.2175
15692.36035 0.210959
15693.62988 0.204415
15694.90039 0.198287
15696.17969 0.192607
15697.45020 0.186923
15698.71973 0.181242
15700.00000 0.175562
15701.26953 0.169883
15702.54004 0.164201
15703.82031 0.158526
15705.08984 0.15342
15706.37012 0.148657
15707.63965 0.143891
15708.91016 0.139127
15710.19043 0.134366
15711.45996 0.129618
15712.74023 0.12487
15714.00977 0.120123
15715.29004 0.116164
15716.55957 0.11243
15717.83984 0.108694
15719.11035 0.104961
15720.38965 0.101222
15721.66016 0.097475
15722.94043 0.09373
15724.20996 0.089986
15725.49023 0.086992
15726.75977 0.084051
15728.04004 0.081108
15729.32031 0.078168
15730.58984 0.075227
15731.87012 0.072286
15733.13965 0.069346
15734.41992 0.066482
15735.70020 0.064322
15736.96973 0.062161
15738.25000 0.060002
15739.53027 0.057843
15740.79980 0.055686
15742.08008 0.053534
15743.36035 0.05138
15744.62988 0.049376
15745.91016 0.047794
15747.19043 0.046212
15748.46973 0.04463
15749.74023 0.043048
15751.01953 0.041463
15752.29980 0.039876
15753.58008 0.03829
15754.86035 0.036872
15756.12988 0.035677
15757.41016 0.034482
15758.69043 0.033287
15759.96973 0.032092
15761.25000 0.030898
15762.53027 0.029704
15763.79980 0.028509
15765.08008 0.027503
15766.36035 0.026617
15767.63965 0.025732
15768.91992 0.024847
15770.20020 0.023962
15771.48047 0.023077
15772.75977 0.022192
15774.04004 0.021307
15775.32031 0.020605
15776.59961 0.019953
15777.87988 0.0193
15779.16016 0.018648
15780.44043 0.017996
15781.71973 0.017346
15783.00000 0.016696
15784.28027 0.016045
15785.55957 0.015568
15786.83984 0.015096
15788.12012 0.014624
15789.40039 0.014151
15790.67969 0.013678
15791.95996 0.013204
15793.24023 0.01273
15794.51953 0.012279
15795.80957 0.011942
15797.08984 0.011605
15798.37012 0.011269
15799.65039 0.010932
15800.92969 0.010595
15802.20996 0.010259
15803.50000 0.009923
15804.78027 0.009596
15806.05957 0.009285
15807.33984 0.008975
15808.62012 0.008665
15809.91016 0.008355
15811.19043 0.008045
15812.46973 0.007736
15813.75000 0.007427
15815.04004 0.007187
15816.32031 0.007001
15817.59961 0.006816
15818.88965 0.00663
15820.16992 0.006445
15821.45020 0.006258
15822.74023 0.006072
15824.01953 0.005886
15825.29980 0.005715
15826.58984 0.005548
15827.87012 0.005382
15829.16016 0.005215
15830.44043 0.005049
15831.71973 0.004883
15833.00977 0.004716
15834.29004 0.00455
15835.58008 0.004411
15836.86035 0.004272
15838.15039 0.004133
15839.42969 0.003995
15840.71973 0.003856
15842.00000 0.003718
15843.29004 0.003579
15844.57031 0.00345
15845.86035 0.003359
15847.13965 0.003269
15848.42969 0.003178
15849.70996 0.003088
15851.00000 0.002997
15852.29004 0.002907
15853.57031 0.002817
15854.86035 0.002729
15856.13965 0.002644
15857.42969 0.002559
15858.71973 0.002474
15860.00000 0.00239
15861.29004 0.002305
15862.58008 0.002219
15863.86035 0.002134
15865.15039 0.002084
15866.44043 0.002054
15867.71973 0.002024
15869.00977 0.001993
15870.29980 0.001963
15871.58984 0.001933
15872.87012 0.001903
15874.16016 0.001872
15875.45020 0.001812
15876.74023 0.001748
15878.01953 0.001684
15879.30957 0.001619
15880.59961 0.001555
15881.88965 0.00149
15883.17969 0.001426
15884.46973 0.001366
15885.75000 0.00135
15887.04004 0.001333
15888.33008 0.001317
15889.62012 0.0013
15890.91016 0.001284
15892.20020 0.001267
15893.49023 0.001251
15894.78027 0.001225
15896.07031 0.001182
15897.36035 0.001138
15898.65039 0.001094
15899.94043 0.00105
15901.23047 0.001007
15902.51953 0.000963
15903.80957 0.000919
15905.09961 0.000904
15906.38965 0.000909
15907.67969 0.000914
15908.96973 0.00092
15910.25977 0.000925
15911.54980 0.00093
15912.83984 0.000936
15914.12988 0.000941
15915.41992 0.000912
15916.70996 0.000877
15918.00000 0.000841
15919.29004 0.000806
15920.58984 0.00077
15921.87988 0.000734
15923.16992 0.000699
15924.45996 0.000664
15925.75000 0.000642
15927.04004 0.00062
15928.33984 0.000598
15929.62988 0.000577
15930.91992 0.000555
15932.20996 0.000533
15933.50977 0.000511
15934.79980 0.000494
15936.08984 0.000485
15937.37988 0.000477
15938.67969 0.000469
15939.96973 0.000461
15941.25977 0.000452
15942.55957 0.000444
15943.84961 0.000436
15945.13965 0.000432
15946.44043 0.000431
15947.73047 0.000429
15949.01953 0.000428
15950.32031 0.000426
15951.61035 0.000425
15952.91016 0.000424
15954.20020 0.000422
15955.49023 0.000423
15956.79004 0.000424
15958.08008 0.000426
15959.37988 0.000427
15960.66992 0.000428
15961.96973 0.00043
15963.25977 0.000431
15964.55957 0.000431
15965.84961 0.000426
15967.15039 0.00042
15968.44043 0.000415
15969.74023 0.000409
15971.03027 0.000404
17568.13281 0.0
