threeML/data/optical_filters/HST/WFC3_UVIS1-G280.ecsv
# %ECSV 0.9
# ---
# datatype:
# - {name: wavelength, unit: Angstrom, datatype: float32}
# - {name: response, datatype: float32}
# meta: !!omap
# - {band_name: G280}
# - {group_name: WFC3_UVIS1}
wavelength response
[from data line 4828]
4243.06885 0.056141
4243.72998 0.05613
4244.39209 0.05612
4245.05420 0.056109
4245.71484 0.056098
4246.37695 0.056088
4247.04004 0.056077
4247.70215 0.056066
4248.36377 0.056056
4249.02588 0.056045
4249.68799 0.056034
4250.35107 0.056025
4251.01416 0.056018
4251.67578 0.05601
4252.33887 0.056002
4253.00195 0.055995
4253.66602 0.055987
4254.32910 0.05598
4254.99219 0.055972
4255.65479 0.055964
4256.31787 0.055957
4256.98193 0.055949
4257.64600 0.055942
4258.31006 0.055934
4258.97412 0.055926
4259.63818 0.055919
4260.30176 0.05591
4260.96582 0.055899
4261.62988 0.055888
4262.29395 0.055877
4262.95898 0.055866
4263.62402 0.055855
4264.28809 0.055844
4264.95312 0.055834
4265.61816 0.055823
4266.28320 0.055812
4266.94824 0.055801
4267.61279 0.05579
4268.27881 0.055779
4268.94385 0.055768
4269.60986 0.055757
4270.27490 0.055746
4270.94092 0.055735
4271.60693 0.055724
4272.27295 0.055714
4272.93896 0.055703
4273.60498 0.055692
4274.27100 0.055681
4274.93799 0.05567
4275.60400 0.055659
4276.27100 0.055648
4276.93799 0.055637
4277.60400 0.055626
4278.27100 0.055615
4278.93799 0.055604
4279.60498 0.055593
4280.27197 0.055582
4280.93994 0.055571
4281.60693 0.05556
4282.27490 0.055549
4282.94189 0.055538
4283.60986 0.055527
4284.27783 0.055516
4284.94580 0.055505
4285.61377 0.055493
4286.28223 0.055482
4286.95020 0.055471
4287.61914 0.05546
4288.28711 0.055449
4288.95605 0.055438
4289.62402 0.055427
4290.29297 0.055417
4290.96191 0.055409
4291.63086 0.055401
4292.29980 0.055393
4292.96924 0.055385
4293.63818 0.055377
4294.30811 0.05537
4294.97705 0.055362
4295.64697 0.055354
4296.31592 0.055346
4296.98584 0.055338
4297.65576 0.05533
4298.32617 0.055322
4298.99707 0.055313
4299.66699 0.055305
4300.33691 0.055295
4301.00684 0.055281
4301.67822 0.055267
4302.34912 0.055253
4303.02002 0.055239
4303.68994 0.055226
4304.36084 0.055212
4305.03223 0.055198
4305.70410 0.055184
4306.37500 0.05517
4307.04590 0.055156
4307.71680 0.055143
4308.38916 0.055129
4309.06104 0.055115
4309.73193 0.055101
4310.40381 0.055087
4311.07715 0.055073
4311.74902 0.055059
4312.42090 0.055046
4313.09277 0.055032
4313.76611 0.055018
4314.43799 0.055004
4315.11084 0.05499
4315.78418 0.054976
4316.45605 0.054962
4317.12891 0.054948
4317.80176 0.054934
4318.47607 0.05492
4319.14893 0.054906
4319.82178 0.054892
4320.49609 0.054878
4321.16895 0.054864
4321.84277 0.054851
4322.51709 0.054837
4323.18994 0.054823
4323.86377 0.054809
4324.53906 0.054795
4325.21289 0.054781
4325.88721 0.054767
4326.56201 0.054753
4327.23584 0.054739
4327.91113 0.054725
4328.58496 0.054711
4329.25977 0.054696
4329.93506 0.054682
4330.60986 0.054671
4331.28613 0.05466
4331.95996 0.054649
4332.63623 0.054638
4333.31201 0.054628
4333.98682 0.054617
4334.66309 0.054606
4335.33789 0.054595
4336.01514 0.054584
4336.68994 0.054573
4337.36719 0.054562
4338.04297 0.054551
4338.71924 0.05454
4339.39600 0.054529
4340.07178 0.054518
4340.74902 0.054503
4341.42480 0.054489
4342.10205 0.054475
4342.77881 0.054461
4343.45605 0.054447
4344.13281 0.054433
4344.81104 0.054418
4345.48779 0.054404
4346.16602 0.05439
4346.84277 0.054376
4347.52100 0.054362
4348.19922 0.054347
4348.87598 0.054333
4349.55420 0.054319
4350.23193 0.054305
4350.91113 0.05429
4351.58887 0.054276
4352.26807 0.054262
4352.94580 0.054247
4353.62500 0.054233
4354.30322 0.054219
4354.98193 0.054205
4355.66113 0.05419
4356.33984 0.054176
4357.02002 0.054162
4357.69922 0.054147
4358.37793 0.054133
4359.05811 0.054119
4359.73682 0.054104
4360.41699 0.05409
4361.09717 0.054076
4361.77588 0.054061
4362.45703 0.054047
4363.13721 0.054032
4363.81689 0.054018
4364.49707 0.054004
4365.17822 0.053989
4365.85791 0.053975
4366.53906 0.05396
4367.22021 0.053946
4367.89990 0.053931
4368.58203 0.053917
4369.26318 0.053902
4369.94385 0.053888
4370.62500 0.053876
4371.30615 0.053865
4371.98779 0.053854
4372.66895 0.053842
4373.35107 0.053831
4374.03320 0.05382
4374.71484 0.053808
4375.39697 0.053797
4376.07910 0.053785
4376.76123 0.053774
4377.44385 0.053763
4378.12598 0.053751
4378.80908 0.05374
4379.49121 0.053728
4380.17383 0.053716
4380.85693 0.053701
4381.54004 0.053687
4382.22314 0.053672
4382.90576 0.053658
4383.58984 0.053643
4384.27295 0.053629
4384.95703 0.053614
4385.64014 0.053599
4386.32422 0.053585
4387.00781 0.05357
4387.69189 0.053555
4388.37598 0.053541
4389.06006 0.053526
4389.74414 0.053511
4390.42920 0.053497
4391.11279 0.053482
4391.79785 0.053467
4392.48193 0.053453
4393.16699 0.053438
4393.85205 0.053423
4394.53711 0.053409
4395.22217 0.053394
4395.90723 0.053379
4396.59277 0.053364
4397.27783 0.05335
4397.96387 0.053335
4398.64893 0.05332
4399.33496 0.053305
4400.02100 0.053291
4400.70703 0.053273
4401.39307 0.053256
4402.07910 0.053239
4402.76611 0.053221
4403.45215 0.053204
4404.13916 0.053186
4404.82520 0.053169
4405.51221 0.053152
4406.19922 0.053134
4406.88623 0.053117
4407.57324 0.0531
4408.25977 0.053082
4408.94678 0.053065
4409.63379 0.053047
4410.32178 0.05303
4411.00879 0.053012
4411.69678 0.052995
4412.38477 0.052978
4413.07324 0.05296
4413.76123 0.052943
4414.44922 0.052925
4415.13721 0.052908
4415.82617 0.05289
4416.51416 0.052873
4417.20312 0.052855
4417.89111 0.052838
4418.58008 0.05282
4419.26904 0.052803
4419.95801 0.052785
4420.64697 0.052771
4421.33594 0.052756
4422.02490 0.052742
4422.71484 0.052727
4423.40381 0.052713
4424.09424 0.052698
4424.78418 0.052684
4425.47412 0.052669
4426.16406 0.052655
4426.85400 0.05264
4427.54297 0.052626
4428.23389 0.052611
4428.92383 0.052597
4429.61523 0.052582
4430.30518 0.052567
4430.99609 0.05255
4431.68701 0.052534
4432.37793 0.052518
4433.06885 0.052502
4433.75977 0.052485
4434.45117 0.052469
4435.14307 0.052453
4435.83398 0.052436
4436.52490 0.05242
4437.21680 0.052404
4437.90918 0.052387
4438.60107 0.052371
4439.29297 0.052354
4439.98486 0.052338
4440.67676 0.052322
4441.36914 0.052305
4442.06201 0.052289
4442.75391 0.052272
4443.44678 0.052256
4444.14014 0.05224
4444.83301 0.052223
4445.52490 0.052207
4446.21924 0.05219
4446.91211 0.052174
4447.60498 0.052157
4448.29785 0.052141
4448.99219 0.052124
4449.68604 0.052108
4450.37891 0.052091
4451.07324 0.052075
4451.76709 0.052058
4452.46094 0.052042
4453.15479 0.052025
4453.85010 0.052008
4454.54395 0.051992
4455.23779 0.051975
4455.93311 0.051959
4456.62695 0.051942
4457.32178 0.051926
4458.01709 0.051909
4458.71191 0.051892
4459.40820 0.051876
4460.10303 0.05186
4460.79785 0.051846
4461.49414 0.051832
4462.18896 0.051819
4462.88477 0.051805
4463.58105 0.051792
4464.27588 0.051778
4464.97217 0.051764
4465.66797 0.051751
4466.36523 0.051737
4467.06104 0.051724
4467.75684 0.05171
4468.45410 0.051696
4469.14990 0.051682
4469.84717 0.051669
4470.54395 0.051653
4471.24121 0.051636
4471.93799 0.051619
4472.63477 0.051602
4473.33301 0.051586
4474.02979 0.051569
4474.72803 0.051552
4475.42480 0.051535
4476.12305 0.051518
4476.82080 0.051502
4477.51904 0.051485
4478.21680 0.051468
4478.91504 0.051451
4479.61279 0.051434
4480.31201 0.051417
4481.00977 0.0514
4481.70898 0.051383
4482.40820 0.051367
4483.10596 0.05135
4483.80518 0.051333
4484.50391 0.051316
4485.20410 0.051299
4485.90283 0.051282
4486.60205 0.051265
4487.30176 0.051248
4488.00098 0.051231
4488.70117 0.051214
4489.39990 0.051197
4490.10107 0.05118
4490.80078 0.051163
4491.50000 0.051146
4492.20117 0.051129
4492.90088 0.051112
4493.60205 0.051095
4494.30176 0.051078
4495.00293 0.051061
4495.70410 0.051044
4496.40479 0.051027
4497.10498 0.05101
4497.80713 0.050993
4498.50781 0.050976
4499.20898 0.050959
4499.91113 0.050942
4500.61182 0.050929
4501.31396 0.050917
4502.01611 0.050905
4502.71777 0.050893
4503.41895 0.050881
4504.12207 0.050869
4504.82422 0.050857
4505.52588 0.050845
4506.22900 0.050833
4506.93115 0.050821
4507.63379 0.050809
4508.33594 0.050797
4509.04004 0.050785
4509.74219 0.050773
4510.44482 0.050763
4511.14795 0.050754
4511.85205 0.050745
4512.55518 0.050736
4513.25879 0.050727
4513.96191 0.050717
4514.66602 0.050708
4515.37012 0.050699
4516.07422 0.05069
4516.77783 0.050681
4517.48193 0.050672
4518.18701 0.050663
4518.89111 0.050654
4519.59619 0.050645
4520.29980 0.050634
4521.00488 0.050622
4521.70898 0.05061
4522.41504 0.050598
4523.12012 0.050586
4523.82520 0.050574
4524.52979 0.050562
4525.23486 0.050549
4525.94092 0.050537
4526.64600 0.050525
4527.35303 0.050513
4528.05811 0.050501
4528.76416 0.050489
4529.47021 0.050476
4530.17578 0.050464
4530.88184 0.050452
4531.58887 0.05044
4532.29492 0.050428
4533.00195 0.050415
4533.70801 0.050403
4534.41602 0.050391
4535.12305 0.050379
4535.83008 0.050367
4536.53711 0.050354
4537.24414 0.050342
4537.95117 0.05033
4538.65918 0.050318
4539.36621 0.050306
4540.07422 0.050293
4540.78223 0.050281
4541.49023 0.050269
4542.19824 0.050257
4542.90576 0.050244
4543.61377 0.050232
4544.32324 0.05022
4545.03076 0.050208
4545.74023 0.050195
4546.44824 0.050183
4547.15723 0.050171
4547.86621 0.050159
4548.57520 0.050146
4549.28418 0.050134
4549.99414 0.050122
4550.70312 0.05011
4551.41211 0.050097
4552.12207 0.050085
4552.83203 0.050073
4553.54199 0.05006
4554.25098 0.050048
4554.96094 0.050036
4555.67090 0.050023
4556.38184 0.050011
4557.09180 0.049999
4557.80176 0.049987
4558.51318 0.049974
4559.22412 0.049962
4559.93506 0.04995
4560.64600 0.04994
4561.35596 0.049931
4562.06689 0.049921
4562.77881 0.049912
4563.49023 0.049903
4564.20215 0.049893
4564.91309 0.049884
4565.62500 0.049875
4566.33594 0.049865
4567.04785 0.049856
4567.76123 0.049847
4568.47314 0.049837
4569.18506 0.049828
4569.89697 0.049819
4570.60986 0.049807
4571.32178 0.049794
4572.03516 0.049782
4572.74805 0.04977
4573.46094 0.049757
4574.17383 0.049745
4574.88721 0.049732
4575.60010 0.04972
4576.31299 0.049707
4577.02686 0.049695
4577.74023 0.049683
4578.45410 0.04967
4579.16797 0.049658
4579.88184 0.049645
4580.59619 0.049633
4581.31006 0.04962
4582.02393 0.049608
4582.73877 0.049596
4583.45312 0.049583
4584.16699 0.049571
4584.88184 0.049558
4585.59717 0.049546
4586.31201 0.049533
4587.02686 0.049521
4587.74219 0.049508
4588.45801 0.049496
4589.17285 0.049483
4589.88818 0.049471
4590.60400 0.049459
4591.31885 0.049446
4592.03516 0.049434
4592.75098 0.049421
4593.46680 0.049409
4594.18311 0.049396
4594.89893 0.049384
4595.61621 0.049371
4596.33301 0.049359
4597.04883 0.049346
4597.76611 0.049334
4598.48193 0.049321
4599.19922 0.049309
4599.91699 0.049296
4600.63379 0.049286
4601.35107 0.049276
4602.06787 0.049266
4602.78613 0.049256
4603.50293 0.049246
4604.22119 0.049236
4604.93896 0.049226
4605.65723 0.049216
4606.37500 0.049206
4607.09277 0.049196
4607.81104 0.049186
4608.52881 0.049175
4609.24805 0.049165
4609.96680 0.049155
4610.68506 0.049148
4611.40381 0.049141
4612.12305 0.049134
4612.84180 0.049127
4613.56104 0.04912
4614.27979 0.049113
4615.00000 0.049106
4615.71924 0.049099
4616.43896 0.049092
4617.15918 0.049085
4617.87793 0.049078
4618.59912 0.04907
4619.31787 0.049063
4620.03906 0.049056
4620.75879 0.049046
4621.47900 0.049036
4622.20020 0.049026
4622.91992 0.049016
4623.64111 0.049006
4624.36182 0.048995
4625.08301 0.048985
4625.80420 0.048975
4626.52490 0.048965
4627.24707 0.048955
4627.96777 0.048945
4628.68896 0.048935
4629.41113 0.048924
4630.13281 0.048914
4630.85400 0.048903
4631.57715 0.048892
4632.29883 0.048881
4633.02100 0.04887
4633.74316 0.04886
4634.46484 0.048849
4635.18799 0.048838
4635.91113 0.048827
4636.63281 0.048816
4637.35596 0.048805
4638.07910 0.048794
4638.80176 0.048783
4639.52490 0.048772
4640.24902 0.048761
4640.97217 0.04875
4641.69580 0.048739
4642.41895 0.048728
4643.14307 0.048717
4643.86719 0.048706
4644.59082 0.048695
4645.31494 0.048684
4646.04004 0.048673
4646.76416 0.048662
4647.48779 0.048651
4648.21289 0.04864
4648.93799 0.048629
4649.66211 0.048618
4650.38721 0.048607
4651.11182 0.048596
4651.83691 0.048585
4652.56299 0.048574
4653.28809 0.048563
4654.01318 0.048552
4654.73877 0.048541
4655.46484 0.04853
4656.18994 0.048519
4656.91699 0.048508
4657.64307 0.048497
4658.36914 0.048486
4659.09521 0.048475
4659.82080 0.048464
4660.54688 0.048453
4661.27393 0.048442
4662.00098 0.048431
4662.72803 0.04842
4663.45508 0.048409
4664.18213 0.048398
4664.90918 0.048387
4665.63623 0.048376
4666.36279 0.048365
4667.09082 0.048354
4667.81885 0.048343
4668.54590 0.048332
4669.27393 0.048321
4670.00195 0.04831
4670.72998 0.048302
4671.45801 0.048294
4672.18701 0.048285
4672.91504 0.048277
4673.64404 0.048269
4674.37207 0.048261
4675.10107 0.048253
4675.83008 0.048245
4676.55908 0.048237
4677.28809 0.048229
4678.01709 0.048221
4678.74707 0.048213
4679.47607 0.048205
4680.20605 0.048196
4680.93506 0.048185
4681.66504 0.048173
4682.39502 0.048162
4683.12500 0.048151
4683.85498 0.04814
4684.58496 0.048129
4685.31494 0.048118
4686.04590 0.048107
4686.77588 0.048096
4687.50684 0.048085
4688.23779 0.048073
4688.96924 0.048062
4689.70020 0.048051
4690.43115 0.04804
4691.16211 0.048029
4691.89404 0.048018
4692.62500 0.048007
4693.35596 0.047995
4694.08789 0.047984
4694.81982 0.047973
4695.55176 0.047962
4696.28418 0.047951
4697.01611 0.04794
4697.74902 0.047928
4698.48096 0.047917
4699.21289 0.047906
4699.94580 0.047895
4700.67920 0.047884
4701.41211 0.047873
4702.14502 0.047863
4702.87793 0.047852
4703.61084 0.047841
4704.34424 0.04783
4705.07812 0.047819
4705.81104 0.047809
4706.54492 0.047798
4707.27881 0.047787
4708.01318 0.047776
4708.74707 0.047765
4709.47998 0.047755
4710.21484 0.047744
4710.94922 0.047733
4711.68408 0.047722
4712.41797 0.047711
4713.15283 0.0477
4713.88818 0.04769
4714.62305 0.047679
4715.35693 0.047668
4716.09277 0.047657
4716.82812 0.047646
4717.56299 0.047635
4718.29883 0.047625
4719.03418 0.047614
4719.77002 0.047603
4720.50586 0.047592
4721.24219 0.047581
4721.97803 0.04757
4722.71387 0.04756
4723.45020 0.047549
4724.18701 0.047538
4724.92285 0.047527
4725.66016 0.047516
4726.39600 0.047505
4727.13281 0.047495
4727.87109 0.047484
4728.60693 0.047473
4729.34521 0.047462
4730.08203 0.047451
4730.81885 0.04744
4731.55713 0.047429
4732.29492 0.047418
4733.03320 0.047408
4733.77100 0.047397
4734.50781 0.047386
4735.24707 0.047375
4735.98486 0.047364
4736.72314 0.047353
4737.46094 0.047342
4738.20020 0.047331
4738.93896 0.047321
4739.67822 0.04731
4740.41699 0.0473
4741.15576 0.047292
4741.89502 0.047285
4742.63379 0.047277
4743.37402 0.047269
4744.11279 0.047261
4744.85303 0.047253
4745.59180 0.047245
4746.33203 0.047237
4747.07178 0.047229
4747.81201 0.047221
4748.55176 0.047213
4749.29297 0.047205
4750.03320 0.047197
4750.77393 0.047186
4751.51416 0.047175
4752.25488 0.047164
4752.99609 0.047153
4753.73682 0.047142
4754.47803 0.047131
4755.21924 0.04712
4755.96094 0.047109
4756.70215 0.047098
4757.44385 0.047087
4758.18604 0.047076
4758.92676 0.047066
4759.66895 0.047055
4760.41113 0.047044
4761.15283 0.047033
4761.89600 0.047022
4762.63818 0.047011
4763.38086 0.047
4764.12305 0.046989
4764.86621 0.046978
4765.60889 0.046967
4766.35205 0.046956
4767.09521 0.046945
4767.83789 0.046934
4768.58203 0.046923
4769.32520 0.046912
4770.06787 0.046901
4770.81201 0.04689
4771.55615 0.046879
4772.29980 0.046868
4773.04395 0.046857
4773.78809 0.046846
4774.53223 0.046835
4775.27588 0.046824
4776.02100 0.046813
4776.76611 0.046802
4777.50977 0.046791
4778.25488 0.04678
4779.00000 0.046768
4779.74512 0.046757
4780.49023 0.046746
4781.23584 0.046735
4781.98096 0.046724
4782.72705 0.046713
4783.47217 0.046702
4784.21777 0.046691
4784.96387 0.04668
4785.70996 0.046669
4786.45605 0.046658
4787.20215 0.046647
4787.94824 0.046636
4788.69482 0.046625
4789.44092 0.046614
4790.18799 0.046603
4790.93506 0.046592
4791.68213 0.046581
4792.42920 0.046569
4793.17578 0.046558
4793.92285 0.046547
4794.67090 0.046536
4795.41797 0.046525
4796.16602 0.046514
4796.91406 0.046503
4797.66211 0.046492
4798.41016 0.046481
4799.15820 0.04647
4799.90576 0.046459
4800.65381 0.046445
4801.40186 0.046432
4802.15088 0.046418
4802.89990 0.046405
4803.64795 0.046392
4804.39697 0.046378
4805.14600 0.046365
4805.89600 0.046351
4806.64502 0.046338
4807.39404 0.046324
4808.14404 0.046311
