threeML/data/optical_filters/HST/WFC3_IR-G102.ecsv
# %ECSV 0.9
# ---
# datatype:
# - {name: wavelength, unit: Angstrom, datatype: float32}
# - {name: response, datatype: float32}
# meta: !!omap
# - {band_name: G102}
# - {group_name: WFC3_IR}
wavelength response
[from data line 1611]
8661.60352 0.204593
8662.03223 0.204652
8662.45996 0.204711
8662.88770 0.20477
8663.31543 0.204829
8663.74316 0.204888
8664.17090 0.204948
8664.59863 0.205007
8665.02637 0.205066
8665.45410 0.205125
8665.88184 0.205184
8666.30957 0.205243
8666.73730 0.205302
8667.16504 0.205361
8667.59277 0.20542
8668.02148 0.20548
8668.44922 0.205539
8668.87695 0.205598
8669.30469 0.205657
8669.73340 0.205716
8670.16113 0.205775
8670.58887 0.205835
8671.01758 0.205894
8671.44531 0.205953
8671.87305 0.206012
8672.30176 0.206071
8672.72852 0.206131
8673.15820 0.20619
8673.58594 0.206249
8674.01465 0.206309
8674.44238 0.206368
8674.87109 0.206427
8675.29883 0.206486
8675.72754 0.206546
8676.15527 0.206605
8676.58398 0.206664
8677.01270 0.206724
8677.44043 0.206783
8677.86914 0.206842
8678.29785 0.206901
8678.72656 0.206961
8679.15430 0.20702
8679.58301 0.20708
8680.01172 0.207139
8680.44043 0.207198
8680.86914 0.207258
8681.29688 0.207317
8681.72559 0.207376
8682.15430 0.207436
8682.58301 0.207495
8683.01172 0.207555
8683.44043 0.207614
8683.86914 0.207674
8684.29785 0.207733
8684.72656 0.207793
8685.15527 0.207852
8685.58398 0.207912
8686.01270 0.207971
8686.44238 0.208031
8686.87109 0.20809
8687.29980 0.20815
8687.72852 0.208209
8688.15723 0.208269
8688.58594 0.208328
8689.01562 0.208388
8689.44434 0.208447
8689.87305 0.208507
8690.30273 0.208566
8690.73145 0.208626
8691.16016 0.208686
8691.58984 0.208745
8692.01855 0.208805
8692.44824 0.208865
8692.87695 0.208924
8693.30566 0.208984
8693.73535 0.209043
8694.16504 0.209103
8694.59375 0.209163
8695.02344 0.209222
8695.45215 0.209282
8695.88184 0.209342
8696.31055 0.209401
8696.74023 0.209461
8697.16992 0.209521
8697.59863 0.209581
8698.02832 0.20964
8698.45801 0.2097
8698.88770 0.20976
8699.31641 0.209819
8699.74609 0.209879
8700.17578 0.209939
8700.60547 0.209999
8701.03516 0.210059
8701.46484 0.210118
8701.89453 0.210178
8702.32324 0.210238
8702.75293 0.210297
8703.18262 0.210357
8703.61230 0.210416
8704.04199 0.210476
8704.47168 0.210535
8704.90137 0.210594
8705.33203 0.210654
8705.76172 0.210713
8706.19141 0.210773
8706.62109 0.210832
8707.05078 0.210892
8707.48047 0.210951
8707.91113 0.211011
8708.34082 0.21107
8708.77148 0.21113
8709.20020 0.21119
8709.63086 0.211249
8710.06055 0.211309
8710.49023 0.211368
8710.92090 0.211428
8711.35059 0.211487
8711.78027 0.211547
8712.21094 0.211607
8712.64062 0.211666
8713.07129 0.211726
8713.50098 0.211785
8713.93164 0.211845
8714.36133 0.211905
8714.79199 0.211964
8715.22168 0.212024
8715.65234 0.212084
8716.08301 0.212144
8716.51270 0.212203
8716.94336 0.212263
8717.37402 0.212323
8717.80371 0.212382
8718.23438 0.212442
8718.66504 0.212502
8719.09570 0.212561
8719.52539 0.212621
8719.95605 0.212681
8720.38672 0.212779
8720.81738 0.212882
8721.24805 0.212985
8721.67871 0.213088
8722.10938 0.213191
8722.54004 0.213294
8722.97070 0.213397
8723.40137 0.213501
8723.83203 0.213604
8724.26270 0.213707
8724.69336 0.21381
8725.12402 0.213914
8725.55469 0.214017
8725.98535 0.21412
8726.41602 0.214224
8726.84668 0.214327
8727.27832 0.214431
8727.70898 0.214534
8728.13965 0.214638
8728.57031 0.214741
8729.00195 0.214845
8729.43262 0.214949
8729.86328 0.215053
8730.29395 0.215156
8730.72559 0.21526
8731.15625 0.215364
8731.58789 0.215468
8732.01855 0.215572
8732.45020 0.215676
8732.88086 0.21578
8733.31348 0.215884
8733.74316 0.215988
8734.17480 0.216092
8734.60547 0.216196
8735.03711 0.216301
8735.46777 0.216405
8735.89941 0.216509
8736.33105 0.216614
8736.76172 0.216718
8737.19336 0.216822
8737.62500 0.216927
8738.05566 0.217031
8738.48730 0.217136
8738.91895 0.217241
8739.35059 0.217345
8739.78223 0.21745
8740.21289 0.217554
8740.64453 0.217659
8741.07617 0.217764
8741.50781 0.217869
8741.93945 0.217974
8742.37109 0.218079
8742.80273 0.218184
8743.23438 0.218289
8743.66602 0.218393
8744.09766 0.218499
8744.52930 0.218604
8744.96094 0.218709
8745.39258 0.218814
8745.82422 0.218919
8746.25684 0.219025
8746.68848 0.21913
8747.12012 0.219235
8747.55176 0.219341
8747.98340 0.219446
8748.41602 0.219552
8748.84766 0.219657
8749.27930 0.219763
8749.71191 0.219868
8750.14355 0.219974
8750.57520 0.22008
8751.00781 0.220185
8751.43945 0.220291
8751.87109 0.220397
8752.30371 0.220503
8752.73535 0.220608
8753.16797 0.220715
8753.59961 0.22082
8754.03223 0.220926
8754.46484 0.221033
8754.89648 0.221138
8755.32910 0.221245
8755.76074 0.221351
8756.19336 0.221457
8756.62598 0.221563
8757.05762 0.221669
8757.49023 0.221776
8757.92285 0.221882
8758.35547 0.221989
8758.78711 0.222095
8759.21973 0.222202
8759.65234 0.222308
8760.08496 0.222415
8760.51758 0.222521
8760.95020 0.222628
8761.38281 0.222735
8761.81445 0.222841
8762.24707 0.222948
8762.67969 0.223055
8763.11230 0.223162
8763.54492 0.223269
8763.97754 0.223376
8764.41113 0.223483
8764.84375 0.22359
8765.27637 0.223697
8765.70898 0.223804
8766.14160 0.223911
8766.57422 0.224018
8767.00684 0.224125
8767.44043 0.224233
8767.87305 0.22434
8768.30566 0.224447
8768.73828 0.224554
8769.17188 0.224662
8769.60352 0.224769
8770.03711 0.224877
8770.47070 0.224985
8770.90332 0.225092
8771.33691 0.2252
8771.76953 0.225307
8772.20312 0.225415
8772.63574 0.225523
8773.06934 0.225631
8773.50195 0.225739
8773.93555 0.225847
8774.36816 0.225954
8774.80176 0.226062
8775.23438 0.22617
8775.66797 0.226278
8776.10156 0.226386
8776.53418 0.226495
8776.96777 0.226603
8777.40137 0.226711
8777.83496 0.226819
8778.26758 0.226928
8778.70117 0.227036
8779.13477 0.227144
8779.56836 0.227253
8780.00195 0.227361
8780.43457 0.22747
8780.86816 0.227578
8781.30176 0.227687
8781.73535 0.227796
8782.16895 0.227904
8782.60254 0.228013
8783.03613 0.228122
8783.46973 0.22823
8783.90332 0.228339
8784.33691 0.228448
8784.77148 0.228557
8785.20508 0.228666
8785.63867 0.228775
8786.07227 0.228884
8786.50586 0.228993
8786.93945 0.229102
8787.37305 0.229212
8787.80762 0.229321
8788.24121 0.22943
8788.67480 0.229539
8789.10938 0.229649
8789.54297 0.229758
8789.97656 0.229867
8790.41113 0.229977
8790.84473 0.230086
8791.27930 0.230196
8791.71289 0.230306
8792.14648 0.230415
8792.58105 0.230525
8793.01465 0.230634
8793.44922 0.230744
8793.88379 0.230854
8794.31738 0.230964
8794.75195 0.231074
8795.18555 0.231184
8795.62012 0.231294
8796.05469 0.231404
8796.48828 0.231514
8796.92285 0.231624
8797.35742 0.231734
8797.79199 0.231844
8798.22559 0.231955
8798.66016 0.232065
8799.09473 0.232175
8799.52930 0.232286
8799.96387 0.232396
8800.39844 0.232493
8800.83203 0.23259
8801.26660 0.232686
8801.70117 0.232783
8802.13574 0.232879
8802.57031 0.232972
8803.00488 0.23306
8803.43945 0.233148
8803.87402 0.233235
8804.30957 0.233323
8804.74414 0.233411
8805.17871 0.233498
8805.61328 0.233586
8806.04785 0.233674
8806.48242 0.233762
8806.91797 0.233849
8807.35254 0.233937
8807.78711 0.234025
8808.22168 0.234113
8808.65723 0.234201
8809.09180 0.234289
8809.52637 0.234377
8809.96191 0.234465
8810.39648 0.234553
8810.83105 0.234641
8811.26660 0.234729
8811.70117 0.234817
8812.13672 0.234905
8812.57129 0.234993
8813.00684 0.235081
8813.44141 0.23517
8813.87695 0.235258
8814.31348 0.235346
8814.74707 0.235434
8815.18262 0.235523
8815.61719 0.235611
8816.05273 0.235699
8816.48828 0.235788
8816.92383 0.235876
8817.35840 0.235964
8817.79395 0.236053
8818.22852 0.236141
8818.66504 0.23623
8819.09961 0.236318
8819.53516 0.236407
8819.97070 0.236495
8820.40625 0.236584
8820.84180 0.236673
8821.27734 0.236761
8821.71289 0.23685
8822.14844 0.236939
8822.58398 0.237028
8823.01953 0.237116
8823.45508 0.237205
8823.89062 0.237294
8824.32617 0.237383
8824.76172 0.237472
8825.19727 0.23756
8825.63379 0.23765
8826.06934 0.237738
8826.50488 0.237827
8826.94043 0.237916
8827.37695 0.238006
8827.81348 0.238094
8828.24805 0.238183
8828.68359 0.238272
8829.12012 0.238362
8829.55566 0.238451
8829.99121 0.23854
8830.42773 0.238647
8830.86328 0.238753
8831.29980 0.23886
8831.73535 0.238967
8832.17188 0.239074
8832.60742 0.239181
8833.04395 0.239288
8833.47852 0.239395
8833.91602 0.239502
8834.35254 0.239609
8834.78809 0.239716
8835.22461 0.239824
8835.66016 0.239931
8836.09668 0.240038
8836.53320 0.240145
8836.96973 0.240253
8837.40527 0.24036
8837.84180 0.240467
8838.27832 0.240575
8838.71484 0.240682
8839.15137 0.24079
8839.58691 0.240898
8840.02344 0.241005
8840.45996 0.241113
8840.89648 0.241221
8841.33301 0.241328
8841.76953 0.241436
8842.20605 0.241544
8842.64258 0.241652
8843.07910 0.24176
8843.51562 0.241868
8843.95215 0.241976
8844.38867 0.242084
8844.82617 0.242192
8845.26270 0.2423
8845.69922 0.242408
8846.13574 0.242516
8846.57227 0.242624
8847.00977 0.242733
8847.44629 0.242841
8847.88281 0.24295
8848.31934 0.243058
8848.75684 0.243166
8849.19336 0.243275
8849.63086 0.243384
8850.06738 0.243492
8850.50391 0.2436
8850.94141 0.243709
8851.37793 0.243818
8851.81543 0.243927
8852.25195 0.244035
8852.68945 0.244144
8853.12598 0.244253
8853.56348 0.244362
8854.00098 0.244471
8854.43848 0.24458
8854.87500 0.244689
8855.31152 0.244798
8855.74902 0.244907
8856.18652 0.245016
8856.62402 0.245125
8857.06055 0.245234
8857.49805 0.245344
8857.93555 0.245453
8858.37305 0.245562
8858.81055 0.245672
8859.24707 0.245781
8859.68457 0.245891
8860.12207 0.246
8860.55957 0.24611
8860.99707 0.246219
8861.43457 0.246329
8861.87207 0.246438
8862.30957 0.246548
8862.74707 0.246658
8863.18457 0.246768
8863.62207 0.246877
8864.05957 0.246987
8864.49707 0.247097
8864.93555 0.247207
8865.37305 0.247317
8865.81055 0.247427
8866.24805 0.247537
8866.68555 0.247647
8867.12402 0.247758
8867.56152 0.247868
8867.99902 0.247978
8868.43848 0.248088
8868.87500 0.248198
8869.31152 0.248309
8869.75098 0.248419
8870.18848 0.24853
8870.62695 0.24864
8871.06445 0.248751
8871.50293 0.248861
8871.94043 0.248972
8872.37891 0.249082
8872.81641 0.249193
8873.25488 0.249304
8873.69238 0.249414
8874.13086 0.249525
8874.56934 0.249636
8875.00684 0.249747
8875.44531 0.249858
8875.88379 0.249969
8876.32129 0.25008
8876.75977 0.250191
8877.19824 0.250302
8877.63672 0.250413
8878.07422 0.250524
8878.51270 0.250635
8878.95117 0.250746
8879.38965 0.250858
8879.82812 0.250969
8880.26660 0.251081
8880.70508 0.251192
8881.14355 0.251304
8881.58203 0.251415
8882.02148 0.251526
8882.45898 0.251638
8882.89746 0.25175
8883.33594 0.251861
8883.77441 0.251973
8884.21289 0.252085
8884.65137 0.252196
8885.08984 0.252308
8885.52930 0.25242
8885.96777 0.252532
8886.40625 0.252644
8886.84473 0.252756
8887.28418 0.252868
8887.72266 0.25298
8888.16113 0.253092
8888.60059 0.253205
8889.03906 0.253317
8889.47754 0.253429
8889.91699 0.253541
8890.35547 0.253654
8890.79492 0.253766
8891.23340 0.253878
8891.67285 0.253991
8892.11133 0.254103
8892.55078 0.254216
8892.98926 0.254328
8893.42871 0.254441
8893.86719 0.254554
8894.30664 0.254667
8894.74609 0.254779
8895.18457 0.254892
8895.62402 0.255005
8896.06348 0.255118
8896.50293 0.255231
8896.94141 0.255344
8897.38086 0.255456
8897.82031 0.25557
8898.25977 0.255683
8898.69922 0.255796
8899.13867 0.255909
8899.57715 0.256022
8900.01660 0.256134
8900.45605 0.256203
8900.89648 0.256272
8901.33496 0.256341
8901.77441 0.25641
8902.21387 0.256478
8902.65332 0.256558
8903.09277 0.25665
8903.53320 0.256742
8903.97266 0.256833
8904.41211 0.256925
8904.85156 0.257016
8905.29102 0.257108
8905.73047 0.2572
8906.17090 0.257291
8906.61035 0.257383
8907.04980 0.257475
8907.48926 0.257566
8907.92969 0.257658
8908.36914 0.25775
8908.80957 0.257842
8909.24902 0.257934
8909.68848 0.258025
8910.12891 0.258117
8910.56836 0.258209
8911.00879 0.258301
8911.44824 0.258393
8911.88867 0.258485
8912.32812 0.258577
8912.76855 0.258669
8913.20801 0.258761
8913.64844 0.258853
8914.08887 0.258945
8914.52832 0.259037
8914.96875 0.259129
8915.40918 0.259221
8915.84863 0.259313
8916.28906 0.259405
8916.72852 0.259497
8917.16992 0.259589
8917.61035 0.259682
8918.04980 0.259774
8918.49023 0.259866
8918.93066 0.259958
8919.37109 0.26005
8919.81152 0.260143
8920.25195 0.26024
8920.69238 0.260342
8921.13281 0.260444
8921.57324 0.260546
8922.01367 0.260648
8922.45410 0.26075
8922.89453 0.260851
8923.33496 0.260953
8923.77539 0.261055
8924.21582 0.261157
8924.65723 0.261259
8925.09766 0.261361
8925.53809 0.261463
8925.97852 0.261565
8926.41895 0.261667
8926.86035 0.26177
8927.30078 0.261872
8927.74121 0.261974
8928.18262 0.262076
8928.62305 0.262178
8929.06445 0.262281
8929.50488 0.262383
8929.94531 0.262485
8930.38672 0.262579
8930.82715 0.262672
8931.26855 0.262765
8931.70898 0.262858
8932.15039 0.262951
8932.59082 0.263043
8933.03223 0.263136
8933.47363 0.26323
8933.91406 0.263322
8934.35547 0.263415
8934.79688 0.263508
8935.23730 0.263601
8935.67871 0.263694
8936.12012 0.263787
8936.56152 0.263881
8937.00195 0.263973
8937.44336 0.264066
8937.88477 0.26416
8938.32617 0.264253
8938.76758 0.264346
8939.20898 0.264439
8939.65039 0.264532
8940.09180 0.264626
8940.53320 0.264719
8940.97461 0.264812
8941.41602 0.264905
8941.85742 0.264999
8942.29883 0.265092
8942.74023 0.265185
8943.18164 0.265278
8943.62305 0.265372
8944.06445 0.265465
8944.50586 0.265558
8944.94727 0.265652
8945.38965 0.265745
8945.83105 0.265839
8946.27246 0.265932
8946.71387 0.266025
8947.15625 0.266119
8947.59766 0.266213
8948.03906 0.266306
8948.48145 0.2664
8948.92285 0.266493
8949.36523 0.266587
8949.80664 0.26668
8950.24902 0.26678
8950.69043 0.266883
8951.13281 0.266987
8951.57422 0.26709
8952.01660 0.267193
8952.45801 0.267297
8952.90039 0.2674
8953.34180 0.267504
8953.78418 0.267607
8954.22656 0.267711
8954.66797 0.267815
8955.11035 0.267918
8955.55273 0.268022
8955.99512 0.268126
8956.43652 0.26823
8956.87891 0.268334
8957.32129 0.268437
8957.76367 0.268541
8958.20605 0.268645
8958.64844 0.268749
8959.08984 0.268853
8959.53223 0.268957
8959.97461 0.269061
8960.41699 0.269155
8960.85938 0.26925
8961.30176 0.269344
8961.74414 0.269438
8962.18652 0.269533
8962.62988 0.269627
8963.07227 0.269721
8963.51465 0.269816
8963.95703 0.26991
8964.39941 0.270004
8964.84180 0.270099
8965.28516 0.270193
8965.72754 0.270288
8966.16992 0.270382
8966.61230 0.270476
8967.05566 0.270571
8967.49805 0.270666
8967.94043 0.27076
8968.38379 0.270855
8968.82617 0.270949
8969.26953 0.271044
8969.71191 0.271138
8970.15430 0.271236
8970.59766 0.271341
8971.04004 0.271446
8971.48340 0.271551
8971.92676 0.271656
8972.36914 0.27176
8972.81348 0.271865
8973.25488 0.27197
8973.69824 0.272075
8974.14160 0.27218
8974.58398 0.272285
8975.02734 0.27239
8975.47070 0.272495
8975.91406 0.2726
8976.35645 0.272705
8976.79980 0.27281
8977.24316 0.272915
8977.68652 0.27302
8978.12988 0.273126
8978.57324 0.273231
8979.01660 0.273336
8979.45996 0.273441
8979.90234 0.273546
8980.34570 0.273644
8980.78906 0.273739
8981.23242 0.273835
8981.67676 0.27393
8982.12012 0.274026
8982.56348 0.274121
8983.00684 0.274217
8983.45020 0.274312
8983.89355 0.274408
8984.33691 0.274503
8984.78125 0.274599
8985.22461 0.274695
8985.66797 0.27479
8986.11133 0.274886
8986.55566 0.274982
8986.99902 0.275077
8987.44238 0.275173
8987.88672 0.275269
8988.33008 0.275365
8988.77344 0.27546
8989.21777 0.275556
8989.66113 0.275652
8990.10547 0.275748
8990.54883 0.275844
8990.99316 0.27594
8991.43652 0.276035
8991.88086 0.276131
8992.32520 0.276228
8992.76855 0.276323
8993.21289 0.276419
8993.65625 0.276515
8994.10059 0.276611
8994.54492 0.276708
8994.98926 0.276804
8995.43262 0.2769
8995.87695 0.276996
8996.32129 0.277092
8996.76562 0.277188
8997.20898 0.277284
8997.65332 0.277381
8998.09766 0.277477
8998.54199 0.277573
8998.98633 0.277669
8999.43066 0.277766
8999.87500 0.277862
9000.31934 0.277945
9000.76367 0.278023
9001.20801 0.278101
9001.65234 0.278179
9002.09668 0.278257
9002.54102 0.278323
9002.98535 0.278328
9003.43066 0.278333
9003.87500 0.278338
9004.31934 0.278343
9004.76367 0.278348
9005.20801 0.278353
9005.65332 0.278359
9006.09766 0.278363
9006.54199 0.278369
9006.98730 0.278374
9007.43164 0.278379
9007.87598 0.278384
9008.32129 0.278389
9008.76562 0.278394
9009.21094 0.278399
9009.65527 0.278404
9010.10059 0.278407
9010.54492 0.278402
9010.99023 0.278396
9011.43457 0.278392
9011.87988 0.278386
