threeML/data/optical_filters/HST/WFC3_UVIS1-F218W.ecsv
# %ECSV 0.9
# ---
# datatype:
# - {name: wavelength, unit: Angstrom, datatype: float32}
# - {name: response, datatype: float32}
# meta: !!omap
# - {band_name: F218W}
# - {group_name: WFC3_UVIS1}
wavelength response
[from data line 806]
2282.45605 0.037068
2282.84497 0.037024
2283.23511 0.036979
2283.62402 0.036935
2284.01294 0.03689
2284.40308 0.036845
2284.79297 0.0368
2285.18188 0.036755
2285.57202 0.03671
2285.96191 0.036664
2286.35205 0.036619
2286.74194 0.036573
2287.13208 0.036527
2287.52197 0.036481
2287.91211 0.036436
2288.30200 0.036389
2288.69189 0.036343
2289.08301 0.036297
2289.47290 0.036251
2289.86401 0.036204
2290.25391 0.036158
2290.64502 0.036112
2291.03491 0.036067
2291.42603 0.036023
2291.81689 0.035978
2292.20801 0.035933
2292.59912 0.035888
2292.98999 0.035843
2293.38110 0.035798
2293.77197 0.035753
2294.16309 0.035707
2294.55396 0.035662
2294.94604 0.035616
2295.33691 0.03557
2295.72900 0.035524
2296.12012 0.035478
2296.51099 0.035432
2296.90308 0.035386
2297.29492 0.035339
2297.68701 0.035293
2298.07910 0.035246
2298.46997 0.035199
2298.86304 0.035152
2299.25488 0.035105
2299.64697 0.035058
2300.03906 0.03501
2300.43091 0.034955
2300.82300 0.034899
2301.21606 0.034843
2301.60791 0.034788
2302.00098 0.034732
2302.39404 0.034676
2302.78589 0.03462
2303.17896 0.034564
2303.57202 0.034508
2303.96509 0.034452
2304.35791 0.034395
2304.75000 0.034339
2305.14404 0.034283
2305.53711 0.034226
2305.92993 0.034169
2306.32300 0.034112
2306.71704 0.034056
2307.11011 0.033999
2307.50293 0.033942
2307.89697 0.033884
2308.29102 0.033827
2308.68408 0.03377
2309.07788 0.033712
2309.47192 0.033655
2309.86597 0.033597
2310.26001 0.033539
2310.65405 0.033481
2311.04810 0.033424
2311.44189 0.033368
2311.83594 0.033311
2312.22998 0.033254
2312.62500 0.033197
2313.01904 0.033141
2313.41406 0.033083
2313.80811 0.033026
2314.20288 0.032969
2314.59692 0.032912
2314.99194 0.032854
2315.38696 0.032797
2315.78198 0.032739
2316.17700 0.032681
2316.57202 0.032624
2316.96704 0.032566
2317.36206 0.032508
2317.75708 0.03245
2318.15308 0.032392
2318.54810 0.032333
2318.94312 0.032275
2319.33911 0.032217
2319.73389 0.032158
2320.12988 0.032099
2320.52588 0.032039
2320.92090 0.03198
2321.31689 0.031922
2321.71289 0.031863
2322.10889 0.031805
2322.50488 0.031747
2322.90088 0.031688
2323.29712 0.03163
2323.69409 0.031571
2324.09009 0.031512
2324.48608 0.031453
2324.88306 0.031394
2325.27905 0.031335
2325.67603 0.031276
2326.07300 0.031217
2326.46899 0.031158
2326.86597 0.031099
2327.26294 0.031039
2327.65991 0.03098
2328.05688 0.03092
2328.45410 0.03086
2328.85107 0.030801
2329.24805 0.030741
2329.64502 0.030681
2330.04297 0.030621
2330.43994 0.030562
2330.83691 0.030502
2331.23511 0.030441
2331.63306 0.030381
2332.03003 0.03032
2332.42798 0.030259
2332.82593 0.030198
2333.22412 0.030137
2333.62207 0.030076
2334.02002 0.030014
2334.41699 0.029953
2334.81592 0.029891
2335.21411 0.02983
2335.61206 0.029768
2336.01001 0.029707
2336.40894 0.029645
2336.80688 0.029583
2337.20605 0.029521
2337.60400 0.029459
2338.00293 0.029396
2338.40210 0.029334
2338.80103 0.029272
2339.19995 0.029209
2339.59912 0.029147
2339.99805 0.029084
2340.39697 0.029021
2340.79590 0.028958
2341.19507 0.028896
2341.59399 0.028835
2341.99390 0.028773
2342.39307 0.02871
2342.79199 0.028648
2343.19189 0.028586
2343.59204 0.028524
2343.99097 0.028461
2344.39111 0.028399
2344.79102 0.028336
2345.19092 0.028273
2345.59106 0.02821
2345.99097 0.028148
2346.39111 0.028085
2346.79102 0.028021
2347.19092 0.027958
2347.59204 0.027895
2347.99194 0.027832
2348.39307 0.027768
2348.79297 0.027705
2349.19409 0.027641
2349.59399 0.027577
2349.99512 0.027513
2350.39600 0.027449
2350.79712 0.027386
2351.19800 0.027323
2351.59912 0.02726
2352.00000 0.027197
2352.40088 0.027134
2352.80200 0.027071
2353.20288 0.027008
2353.60400 0.026945
2354.00610 0.026882
2354.40698 0.026818
2354.80908 0.026755
2355.20996 0.026691
2355.61206 0.026628
2356.01392 0.026564
2356.41602 0.0265
2356.81812 0.026436
2357.21997 0.026372
2357.62207 0.026308
2358.02393 0.026244
2358.42603 0.02618
2358.82788 0.026115
2359.22998 0.026051
2359.63306 0.025986
2360.03491 0.025922
2360.43799 0.025856
2360.84009 0.025789
2361.24292 0.025721
2361.64600 0.025653
2362.04810 0.025584
2362.45093 0.025516
2362.85400 0.025447
2363.25708 0.025379
2363.65991 0.02531
2364.06299 0.025241
2364.46704 0.025172
2364.87012 0.025103
2365.27295 0.025034
2365.67700 0.024965
2366.08008 0.024896
2366.48291 0.024826
2366.88696 0.024757
2367.29102 0.024687
2367.69409 0.024618
2368.09790 0.024548
2368.50195 0.024478
2368.90601 0.024409
2369.31006 0.024339
2369.71411 0.024269
2370.11792 0.024199
2370.52197 0.024129
2370.92700 0.024059
2371.33105 0.023988
2371.73608 0.023918
2372.13989 0.023847
2372.54492 0.023776
2372.94897 0.023705
2373.35400 0.023634
2373.75903 0.023563
2374.16406 0.023491
2374.56812 0.02342
2374.97290 0.023348
2375.37793 0.023277
2375.78394 0.023205
2376.18896 0.023133
2376.59399 0.023062
2376.99902 0.02299
2377.40503 0.022918
2377.81006 0.022845
2378.21606 0.022773
2378.62109 0.022701
2379.02710 0.022628
2379.43311 0.022556
2379.83911 0.022483
2380.24390 0.02241
2380.64990 0.022337
2381.05591 0.022264
2381.46191 0.02219
2381.86890 0.022116
2382.27490 0.022041
2382.68091 0.021967
2383.08691 0.021893
2383.49390 0.021818
2383.89990 0.021744
2384.30688 0.021669
2384.71411 0.021594
2385.12012 0.02152
2385.52710 0.021445
2385.93408 0.02137
2386.34106 0.021294
2386.74805 0.021219
2387.15503 0.021144
2387.56201 0.021068
2387.96899 0.020993
2388.37598 0.020917
2388.78394 0.020842
2389.19092 0.020766
2389.59912 0.02069
2390.00610 0.020614
2390.41406 0.020537
2390.82202 0.02046
2391.22900 0.020383
2391.63696 0.020306
2392.04492 0.020229
2392.45288 0.020151
2392.86108 0.020074
2393.26904 0.019997
2393.67700 0.019919
2394.08496 0.019842
2394.49390 0.019764
2394.90210 0.019686
2395.31104 0.019608
2395.71899 0.01953
2396.12793 0.019452
2396.53589 0.019374
2396.94507 0.019296
2397.35400 0.019218
2397.76294 0.019139
2398.17212 0.019061
2398.58105 0.018982
2398.98999 0.018903
2399.39893 0.018825
2399.80811 0.018746
2400.21704 0.018662
2400.62695 0.018574
2401.03589 0.018486
2401.44604 0.018399
2401.85498 0.018311
2402.26489 0.018224
2402.67505 0.018136
2403.08398 0.018049
2403.49390 0.017961
2403.90405 0.017874
2404.31396 0.017786
2404.72412 0.017698
2405.13403 0.017611
2405.54395 0.017523
2405.95508 0.017436
2406.36499 0.017348
2406.77490 0.017261
2407.18604 0.017173
2407.59595 0.017085
2408.00708 0.016998
2408.41797 0.01691
2408.82788 0.016822
2409.23901 0.016735
2409.64990 0.016647
2410.06104 0.016559
2410.47192 0.016472
2410.88306 0.016385
2411.29395 0.0163
2411.70605 0.016215
2412.11694 0.01613
2412.52808 0.016045
2412.93994 0.01596
2413.35107 0.015875
2413.76294 0.015791
2414.17505 0.015706
2414.58594 0.015621
2414.99805 0.015536
2415.40991 0.015451
2415.82202 0.015366
2416.23389 0.015281
2416.64600 0.015196
2417.05811 0.015111
2417.46997 0.015026
2417.88306 0.014941
2418.29492 0.014856
2418.70801 0.014771
2419.12012 0.014686
2419.53198 0.014601
2419.94507 0.014516
2420.35791 0.01443
2420.77100 0.014346
2421.18408 0.014265
2421.59595 0.014184
2422.01001 0.014103
2422.42310 0.014022
2422.83594 0.013941
2423.24902 0.01386
2423.66211 0.013779
2424.07495 0.013699
2424.48901 0.013618
2424.90210 0.013537
2425.31592 0.013456
2425.72900 0.013375
2426.14307 0.013294
2426.55688 0.013213
2426.97095 0.013132
2427.38501 0.013051
2427.79907 0.01297
2428.21289 0.012889
2428.62695 0.012808
2429.04102 0.012727
2429.45605 0.012646
2429.87012 0.012565
2430.28394 0.012483
2430.69897 0.012401
2431.11304 0.012323
2431.52808 0.012246
2431.94312 0.012169
2432.35693 0.012092
2432.77197 0.012015
2433.18701 0.011938
2433.60205 0.011861
2434.01709 0.011784
2434.43188 0.011707
2434.84692 0.01163
2435.26294 0.011553
2435.67798 0.011476
2436.09302 0.011399
2436.50903 0.011322
2436.92407 0.011245
2437.34009 0.011168
2437.75610 0.011091
2438.17090 0.011014
2438.58691 0.010937
2439.00293 0.010861
2439.41895 0.010784
2439.83496 0.010707
2440.25098 0.01063
2440.66699 0.010554
2441.08398 0.010483
2441.50000 0.010414
2441.91602 0.010344
2442.33301 0.010275
2442.74902 0.010206
2443.16602 0.010137
2443.58301 0.010067
2444.00000 0.009998
2444.41602 0.009929
2444.83301 0.00986
2445.25000 0.00979
2445.66699 0.009721
2446.08398 0.009652
2446.50098 0.009582
2446.91895 0.009513
2447.33594 0.009444
2447.75293 0.009375
2448.17090 0.009305
2448.58789 0.009236
2449.00610 0.009167
2449.42407 0.009098
2449.84106 0.009028
2450.25903 0.008959
2450.67700 0.00889
2451.09497 0.008828
2451.51294 0.008767
2451.93091 0.008706
2452.34912 0.008645
2452.76807 0.008584
2453.18604 0.008523
2453.60400 0.008462
2454.02295 0.008402
2454.44092 0.008341
2454.86011 0.00828
2455.27905 0.008219
2455.69702 0.008158
2456.11597 0.008097
2456.53491 0.008036
2456.95410 0.007976
2457.37305 0.007915
2457.79199 0.007854
2458.21094 0.007793
2458.62988 0.007732
2459.05005 0.007671
2459.46899 0.007611
2459.88892 0.00755
2460.30811 0.007489
2460.72803 0.007428
2461.14697 0.007374
2461.56689 0.007322
2461.98706 0.007269
2462.40698 0.007216
2462.82690 0.007163
2463.24707 0.00711
2463.66699 0.007057
2464.08691 0.007004
2464.50708 0.006952
2464.92798 0.006899
2465.34790 0.006846
2465.76904 0.006793
2466.18896 0.00674
2466.61011 0.006688
2467.03003 0.006635
2467.45093 0.006582
2467.87207 0.006529
2468.29297 0.006476
2468.71411 0.006424
2469.13501 0.006371
2469.55591 0.006318
2469.97705 0.006265
2470.39795 0.006213
2470.82007 0.006162
2471.24097 0.006117
2471.66211 0.006072
2472.08398 0.006027
2472.50610 0.005981
2472.92700 0.005936
2473.34912 0.005891
2473.77100 0.005846
2474.19312 0.005801
2474.61499 0.005756
2475.03711 0.005711
2475.45898 0.005666
2475.88110 0.005621
2476.30298 0.005576
2476.72607 0.005531
2477.14795 0.005486
2477.57104 0.005441
2477.99292 0.005396
2478.41602 0.005351
2478.83789 0.005306
2479.26099 0.005261
2479.68408 0.005216
2480.10693 0.005171
2480.53003 0.005126
2480.95288 0.005085
2481.37598 0.005047
2481.79907 0.005009
2482.22192 0.004971
2482.64600 0.004934
2483.06909 0.004896
2483.49292 0.004858
2483.91602 0.00482
2484.34009 0.004782
2484.76294 0.004745
2485.18701 0.004707
2485.61108 0.004669
2486.03491 0.004631
2486.45898 0.004593
2486.88306 0.004556
2487.30688 0.004518
2487.73096 0.00448
2488.15601 0.004442
2488.58008 0.004404
2489.00391 0.004367
2489.42896 0.004329
2489.85400 0.004291
2490.27808 0.004253
2490.70288 0.004215
2491.12793 0.004182
2491.55200 0.00415
2491.97803 0.004118
2492.40210 0.004086
2492.82788 0.004054
2493.25293 0.004022
2493.67798 0.003989
2494.10303 0.003957
2494.52905 0.003925
2494.95410 0.003893
2495.37891 0.003861
2495.80493 0.003829
2496.23096 0.003797
2496.65601 0.003764
2497.08203 0.003732
2497.50806 0.0037
2497.93408 0.003668
2498.36011 0.003636
2498.78589 0.003604
2499.21191 0.003572
2499.63892 0.00354
2500.06494 0.003507
2500.49097 0.003475
2500.91797 0.003445
2501.34399 0.003419
2501.77100 0.003392
2502.19800 0.003366
2502.62402 0.00334
2503.05103 0.003313
2503.47803 0.003287
2503.90503 0.003261
2504.33203 0.003234
2504.75903 0.003208
2505.18604 0.003182
2505.61401 0.003156
2506.04102 0.003129
2506.46802 0.003103
2506.89600 0.003077
2507.32300 0.003051
2507.75098 0.003025
2508.17798 0.002998
2508.60596 0.002972
2509.03394 0.002946
2509.46191 0.00292
2509.88989 0.002894
2510.31812 0.002867
2510.74609 0.002841
2511.17407 0.002819
2511.60303 0.002797
2512.03101 0.002775
2512.45898 0.002754
2512.88794 0.002732
2513.31592 0.00271
2513.74512 0.002688
2514.17407 0.002666
2514.60303 0.002644
2515.03101 0.002622
2515.45996 0.002601
2515.88892 0.002579
2516.31909 0.002557
2516.74805 0.002535
2517.17700 0.002513
2517.60596 0.002491
2518.03589 0.00247
2518.46509 0.002448
2518.89502 0.002426
2519.32397 0.002404
2519.75391 0.002383
2520.18408 0.002361
2520.61304 0.002339
2521.04297 0.002319
2521.47290 0.002301
2521.90308 0.002282
2522.33301 0.002263
2522.76294 0.002245
2523.19409 0.002226
2523.62402 0.002208
2524.05396 0.002189
2524.48511 0.00217
2524.91602 0.002152
2525.34595 0.002133
2525.77710 0.002115
2526.20801 0.002096
2526.63794 0.002078
2527.06909 0.002059
2527.50000 0.002041
2527.93091 0.002022
2528.36304 0.002004
2528.79395 0.001985
2529.22510 0.001967
2529.65601 0.001948
2530.08789 0.00193
2530.51904 0.001912
2530.95093 0.001895
2531.38306 0.001881
2531.81396 0.001867
2532.24609 0.001853
2532.67798 0.001839
2533.11011 0.001825
2533.54199 0.001811
2533.97412 0.001796
2534.40601 0.001782
2534.83789 0.001768
2535.27100 0.001754
2535.70288 0.00174
2536.13501 0.001726
2536.56812 0.001712
2537.00000 0.001698
2537.43311 0.001684
2537.86597 0.00167
2538.29907 0.001656
2538.73193 0.001642
2539.16504 0.001628
2539.59790 0.001614
2540.03101 0.0016
2540.46411 0.001586
2540.89697 0.001573
2541.33105 0.001561
2541.76392 0.001549
2542.19800 0.001537
2542.63110 0.001526
2543.06494 0.001514
2543.49902 0.001502
2543.93188 0.00149
2544.36597 0.001478
2544.80005 0.001467
2545.23389 0.001455
2545.66797 0.001443
2546.10205 0.001431
2546.53711 0.00142
2546.97095 0.001408
2547.40503 0.001396
2547.84009 0.001385
2548.27393 0.001373
2548.70898 0.001361
2549.14404 0.001349
2549.57788 0.001338
2550.01294 0.001326
2550.44800 0.001314
2550.88306 0.001303
2551.31812 0.001293
2551.75293 0.001283
2552.18799 0.001273
2552.62402 0.001264
2553.05908 0.001254
2553.49390 0.001244
2553.92993 0.001234
2554.36499 0.001224
2554.80103 0.001215
2555.23706 0.001205
2555.67310 0.001195
2556.10791 0.001185
2556.54395 0.001175
2556.97998 0.001166
2557.41699 0.001156
2557.85303 0.001146
2558.28906 0.001136
2558.72510 0.001127
2559.16211 0.001117
2559.59790 0.001107
2560.03491 0.001097
2560.47095 0.001088
2560.90796 0.001078
2561.34497 0.00107
2561.78101 0.001062
2562.21802 0.001054
2562.65503 0.001046
2563.09204 0.001038
2563.53003 0.00103
2563.96704 0.001022
2564.40405 0.001014
2564.84106 0.001006
2565.27905 0.000998
2565.71606 0.00099
2566.15405 0.000982
2566.59204 0.000974
2567.02905 0.000966
2567.46704 0.000958
2567.90503 0.00095
2568.34302 0.000942
2568.78101 0.000934
2569.21899 0.000925
2569.65698 0.000917
2570.09497 0.000909
2570.53394 0.000901
2570.97192 0.000894
2571.41089 0.000888
2571.84912 0.000882
2572.28809 0.000875
2572.72705 0.000869
2573.16504 0.000863
2573.60400 0.000857
2574.04297 0.00085
2574.48193 0.000844
2574.92090 0.000838
2575.36011 0.000832
2575.79907 0.000825
2576.23901 0.000819
2576.67798 0.000813
2577.11694 0.000807
2577.55688 0.0008
2577.99707 0.000794
2578.43604 0.000788
2578.87598 0.000782
2579.31592 0.000775
2579.75610 0.000769
2580.19604 0.000763
2580.63599 0.000757
2581.07593 0.000751
2581.51611 0.000746
2581.95605 0.000741
2582.39697 0.000735
2582.83691 0.00073
2583.27808 0.000725
2583.71802 0.00072
2584.15894 0.000714
2584.60010 0.000709
2585.04102 0.000704
2585.48096 0.000699
2585.92212 0.000693
2586.36304 0.000688
2586.80396 0.000683
2587.24609 0.000678
2587.68701 0.000673
2588.12793 0.000667
2588.57007 0.000662
2589.01099 0.000657
2589.45288 0.000652
2589.89404 0.000647
2590.33594 0.000641
2590.77808 0.000636
2591.21899 0.000632
2591.66089 0.000627
2592.10400 0.000622
2592.54492 0.000618
2592.98804 0.000613
2593.42993 0.000608
2593.87207 0.000604
2594.31396 0.000599
2594.75708 0.000594
2595.19897 0.00059
2595.64209 0.000585
2596.08496 0.00058
2596.52808 0.000576
2596.96997 0.000571
2597.41309 0.000566
2597.85596 0.000562
2598.29907 0.000557
2598.74194 0.000552
2599.18604 0.000548
2599.62891 0.000543
2600.07202 0.000538
2600.51611 0.000533
2600.95898 0.000529
2601.40308 0.000526
2601.84595 0.000522
2602.29004 0.000518
2602.73389 0.000515
2603.17798 0.000511
2603.62207 0.000507
2604.06592 0.000504
2604.51001 0.0005
2604.95410 0.000497
2605.39795 0.000493
2605.84302 0.000489
2606.28711 0.000486
2606.73193 0.000482
2607.17603 0.000479
2607.62109 0.000475
2608.06592 0.000471
2608.51001 0.000468
2608.95508 0.000464
2609.39990 0.000461
2609.84497 0.000457
2610.29102 0.000453
2610.73608 0.00045
2611.18091 0.000447
2611.62598 0.000443
2612.07202 0.00044
2612.51709 0.000437
2612.96289 0.000434
2613.40796 0.000431
2613.85400 0.000428
2614.30005 0.000425
2614.74609 0.000422
2615.19189 0.000418
2615.63794 0.000415
2616.08398 0.000412
2616.53003 0.000409
2616.97607 0.000406
