threeML/data/optical_filters/HST/WFC3_IR-F105W.ecsv
# %ECSV 0.9
# ---
# datatype:
# - {name: wavelength, unit: Angstrom, datatype: float32}
# - {name: response, datatype: float32}
# meta: !!omap
# - {band_name: F105W}
# - {group_name: WFC3_IR}
wavelength response
[from data line 1604]
10087.70996 0.443411
10088.51953 0.443264
10089.33984 0.443116
10090.16016 0.442968
10090.98047 0.44282
10091.79980 0.442672
10092.62012 0.442523
10093.42969 0.442375
10094.25000 0.442226
10095.07031 0.442078
10095.88965 0.441929
10096.70996 0.44178
10097.53027 0.441632
10098.34961 0.441483
10099.16992 0.441334
10099.99023 0.441185
10100.80957 0.441036
10101.62988 0.440886
10102.45020 0.440736
10103.25977 0.440599
10104.08008 0.440468
10104.90039 0.440338
10105.71973 0.440208
10106.54004 0.440077
10107.36035 0.439947
10108.17969 0.439816
10109.00000 0.439686
10109.82031 0.439556
10110.63965 0.4394
10111.45996 0.439238
10112.28027 0.439076
10113.09961 0.438914
10113.91992 0.438752
10114.75000 0.43859
10115.57031 0.438428
10116.38965 0.438265
10117.20996 0.438103
10118.03027 0.437941
10118.84961 0.437778
10119.66992 0.437616
10120.49023 0.437472
10121.30957 0.43734
10122.12988 0.437208
10122.95020 0.43711
10123.78027 0.437134
10124.59961 0.437159
10125.41992 0.437184
10126.24023 0.437208
10127.05957 0.437233
10127.87988 0.437258
10128.70020 0.437283
10129.53027 0.437307
10130.34961 0.437332
10131.16992 0.437356
10131.99023 0.437381
10132.80957 0.437405
10133.62988 0.437429
10134.45996 0.437453
10135.28027 0.437477
10136.09961 0.437501
10136.91992 0.437526
10137.75000 0.43755
10138.57031 0.437574
10139.38965 0.437598
10140.20996 0.437623
10141.04004 0.437646
10141.86035 0.43767
10142.67969 0.437694
10143.50000 0.437813
10144.33008 0.437945
10145.15039 0.438077
10145.96973 0.43821
10146.79980 0.438342
10147.62012 0.438474
10148.44043 0.438607
10149.26953 0.438739
10150.08984 0.438872
10150.91016 0.439003
10151.74023 0.439136
10152.55957 0.439268
10153.37988 0.4394
10154.20996 0.439532
10155.03027 0.439664
10155.84961 0.439796
10156.67969 0.439929
10157.50000 0.440061
10158.33008 0.440193
10159.15039 0.440326
10159.96973 0.440458
10160.79980 0.44059
10161.62012 0.440722
10162.45020 0.440854
10163.26953 0.441008
10164.09961 0.441178
10164.91992 0.441348
10165.75000 0.441518
10166.57031 0.441688
10167.38965 0.441858
10168.21973 0.442027
10169.04004 0.442197
10169.87012 0.442367
10170.69043 0.442537
10171.51953 0.442707
10172.33984 0.442876
10173.16992 0.443046
10173.99023 0.443216
10174.82031 0.443385
10175.65039 0.443555
10176.46973 0.443725
10177.29980 0.443895
10178.12012 0.444065
10178.95020 0.444235
10179.76953 0.444405
10180.59961 0.444552
10181.41992 0.44469
10182.25000 0.444829
10183.08008 0.444954
10183.90039 0.445057
10184.73047 0.445159
10185.55957 0.445262
10186.37988 0.445364
10187.20996 0.445467
10188.03027 0.44557
10188.86035 0.445672
10189.69043 0.445775
10190.50977 0.445896
10191.33984 0.44603
10192.16992 0.446164
10192.99023 0.446298
10193.82031 0.446432
10194.65039 0.446566
10195.46973 0.446699
10196.29980 0.446833
10197.12988 0.446967
10197.95996 0.447101
10198.78027 0.447235
10199.61035 0.447369
10200.44043 0.447505
10201.26953 0.447641
10202.08984 0.447777
10202.91992 0.447907
10203.75000 0.447999
10204.58008 0.448091
10205.40039 0.448184
10206.23047 0.448276
10207.05957 0.448369
10207.88965 0.448461
10208.71973 0.448554
10209.54004 0.448646
10210.37012 0.448738
10211.20020 0.448831
10212.03027 0.448923
10212.86035 0.449015
10213.69043 0.449107
10214.50977 0.449199
10215.33984 0.449292
10216.16992 0.449384
10217.00000 0.449476
10217.83008 0.449569
10218.66016 0.449661
10219.49023 0.449753
10220.32031 0.449846
10221.15039 0.449938
10221.96973 0.45003
10222.79980 0.450121
10223.62988 0.450145
10224.45996 0.450169
10225.29004 0.450193
10226.12012 0.450216
10226.95020 0.45024
10227.78027 0.450264
10228.61035 0.450288
10229.44043 0.450312
10230.26953 0.450335
10231.09961 0.450359
10231.92969 0.450382
10232.75977 0.450405
10233.58984 0.450429
10234.41992 0.450452
10235.25000 0.450475
10236.08008 0.450499
10236.91016 0.450522
10237.74023 0.450545
10238.57031 0.450569
10239.40039 0.450592
10240.23047 0.450615
10241.05957 0.450638
10241.90039 0.450661
10242.73047 0.450684
10243.55957 0.450725
10244.38965 0.450769
10245.21973 0.450811
10246.04980 0.450855
10246.87988 0.450898
10247.70996 0.450941
10248.54004 0.450984
10249.37988 0.451027
10250.20996 0.45107
10251.04004 0.451113
10251.87012 0.451156
10252.70020 0.451199
10253.53027 0.451241
10254.37012 0.451284
10255.20020 0.451327
10256.03027 0.45137
10256.86035 0.451413
10257.69043 0.451456
10258.51953 0.451498
10259.36035 0.451541
10260.19043 0.451584
10261.01953 0.451626
10261.84961 0.451669
10262.69043 0.451711
10263.51953 0.451807
10264.34961 0.451912
10265.17969 0.452018
10266.01953 0.452123
10266.84961 0.452228
10267.67969 0.452334
10268.51953 0.452439
10269.34961 0.452544
10270.17969 0.45265
10271.00977 0.452755
10271.84961 0.45286
10272.67969 0.452965
10273.50977 0.45307
10274.34961 0.453176
10275.17969 0.453281
10276.01953 0.453386
10276.84961 0.453491
10277.67969 0.453596
10278.51953 0.453702
10279.34961 0.453807
10280.17969 0.453905
10281.01953 0.453977
10281.84961 0.45405
10282.69043 0.454122
10283.51953 0.454294
10284.34961 0.454485
10285.19043 0.454675
10286.01953 0.454866
10286.86035 0.455056
10287.69043 0.455247
10288.53027 0.455437
10289.36035 0.455628
10290.20020 0.455827
10291.03027 0.456049
10291.87012 0.456273
10292.70020 0.456496
10293.54004 0.456719
10294.37012 0.456942
10295.20996 0.457165
10296.04004 0.457389
10296.87988 0.457612
10297.70996 0.457836
10298.54980 0.45806
10299.37988 0.458283
10300.21973 0.458507
10301.04980 0.45873
10301.88965 0.458954
10302.71973 0.459177
10303.55957 0.459485
10304.40039 0.459805
10305.23047 0.460125
10306.07031 0.460445
10306.90039 0.460765
10307.74023 0.461084
10308.58008 0.461404
10309.41016 0.461725
10310.25000 0.462045
10311.08008 0.462365
10311.91992 0.462685
10312.75977 0.463005
10313.58984 0.463325
10314.42969 0.463645
10315.26953 0.463966
10316.11035 0.464287
10316.94043 0.464607
10317.78027 0.464928
10318.62012 0.465249
10319.45020 0.465569
10320.29004 0.46589
10321.12988 0.466211
10321.95996 0.466531
10322.79980 0.466852
10323.63965 0.467211
10324.48047 0.467571
10325.30957 0.467931
10326.15039 0.468291
10326.99023 0.468651
10327.83008 0.469011
10328.66992 0.469372
10329.50000 0.469732
10330.33984 0.470093
10331.17969 0.470453
10332.01953 0.470814
10332.86035 0.471174
10333.69043 0.471535
10334.53027 0.471896
10335.37012 0.472256
10336.20996 0.472618
10337.04980 0.472978
10337.88965 0.47334
10338.71973 0.473701
10339.55957 0.474062
10340.40039 0.474424
10341.24023 0.474785
10342.08008 0.475146
10342.91992 0.475498
10343.75977 0.475762
10344.59961 0.476027
10345.44043 0.476292
10346.28027 0.476557
10347.11035 0.476822
10347.95020 0.477087
10348.79004 0.477352
10349.62988 0.477617
10350.46973 0.477883
10351.30957 0.478148
10352.15039 0.478412
10352.99023 0.478678
10353.83008 0.478943
10354.66992 0.479208
10355.50977 0.479474
10356.34961 0.479739
10357.19043 0.480004
10358.03027 0.48027
10358.87012 0.480536
10359.70996 0.480801
10360.54980 0.481067
10361.38965 0.481332
10362.23047 0.481598
10363.07031 0.481837
10363.91992 0.482007
10364.75977 0.482178
10365.59961 0.482349
10366.44043 0.482519
10367.28027 0.48269
10368.12012 0.482861
10368.95996 0.483031
10369.79980 0.483202
10370.63965 0.483373
10371.48047 0.483543
10372.33008 0.483714
10373.16992 0.483884
10374.00977 0.484055
10374.84961 0.484226
10375.69043 0.484397
10376.53027 0.484567
10377.37012 0.484738
10378.21973 0.484909
10379.05957 0.48508
10379.90039 0.485251
10380.74023 0.485422
10381.58008 0.485592
10382.42969 0.485763
10383.26953 0.485861
10384.11035 0.485886
10384.95020 0.485912
10385.79980 0.485937
10386.63965 0.485963
10387.48047 0.485988
10388.32031 0.486013
10389.16992 0.486039
10390.00977 0.486064
10390.84961 0.486089
10391.70020 0.486114
10392.54004 0.48614
10393.37988 0.486165
10394.21973 0.48619
10395.07031 0.486215
10395.91016 0.48624
10396.75000 0.486265
10397.59961 0.48629
10398.44043 0.486316
10399.29004 0.486341
10400.12988 0.486366
10400.96973 0.486392
10401.82031 0.486418
10402.66016 0.486445
10403.50000 0.486363
10404.34961 0.486249
10405.19043 0.486136
10406.04004 0.486022
10406.87988 0.485909
10407.71973 0.485795
10408.57031 0.485681
10409.41016 0.485568
10410.25977 0.485454
10411.09961 0.48534
10411.95020 0.485226
10412.79004 0.485112
10413.63965 0.484997
10414.48047 0.484883
10415.33008 0.484769
10416.16992 0.484655
10417.01953 0.48454
10417.86035 0.484426
10418.70996 0.484312
10419.54980 0.484197
10420.40039 0.484083
10421.24023 0.483968
10422.08984 0.483853
10422.92969 0.483739
10423.78027 0.483639
10424.62012 0.483539
10425.46973 0.483439
10426.32031 0.483338
10427.16016 0.483238
10428.00977 0.483137
10428.84961 0.483037
10429.70020 0.482937
10430.54004 0.482836
10431.38965 0.482735
10432.24023 0.482634
10433.08008 0.482534
10433.92969 0.482433
10434.78027 0.482332
10435.62012 0.482231
10436.46973 0.48213
10437.32031 0.482029
10438.16016 0.481928
10439.00977 0.481827
10439.86035 0.481725
10440.70020 0.481624
10441.54980 0.481523
10442.40039 0.481421
10443.24023 0.481331
10444.08984 0.481255
10444.94043 0.481179
10445.79004 0.481102
10446.62988 0.481026
10447.48047 0.48095
10448.33008 0.480873
10449.17969 0.480797
10450.01953 0.480719
10450.87012 0.480608
10451.71973 0.480496
10452.57031 0.480384
10453.41992 0.480272
10454.25977 0.48016
10455.11035 0.480048
10455.95996 0.479936
10456.80957 0.479824
10457.66016 0.479712
10458.50000 0.4796
10459.34961 0.479488
10460.20020 0.479384
10461.04980 0.479307
10461.90039 0.47923
10462.75000 0.479153
10463.59961 0.479173
10464.44043 0.47921
10465.29004 0.479247
10466.13965 0.479284
10466.99023 0.47932
10467.83984 0.479357
10468.69043 0.479394
10469.54004 0.479431
10470.38965 0.479467
10471.24023 0.479504
10472.08984 0.479541
10472.94043 0.479577
10473.79004 0.479614
10474.63965 0.47965
10475.49023 0.479687
10476.33008 0.479724
10477.19043 0.47976
10478.04004 0.479797
10478.87988 0.479834
10479.74023 0.47987
10480.58008 0.479907
10481.44043 0.479943
10482.29004 0.47998
10483.13965 0.480039
10483.99023 0.48015
10484.83984 0.480261
10485.69043 0.480371
10486.54004 0.480482
10487.38965 0.480593
10488.24023 0.480704
10489.08984 0.480814
10489.94043 0.480926
10490.79004 0.481036
10491.63965 0.481147
10492.49023 0.481258
10493.34961 0.481368
10494.20020 0.481479
10495.04980 0.48159
10495.90039 0.481701
10496.75000 0.481812
10497.59961 0.481922
10498.45020 0.482033
10499.30957 0.482144
10500.16016 0.482249
10501.00977 0.482327
10501.86035 0.482404
10502.70996 0.482482
10503.57031 0.482572
10504.41992 0.482664
10505.26953 0.482757
10506.12012 0.482849
10506.96973 0.482942
10507.83008 0.483034
10508.67969 0.483127
10509.53027 0.48322
10510.37988 0.483312
10511.24023 0.483405
10512.08984 0.483497
10512.94043 0.48359
10513.79004 0.483682
10514.65039 0.483775
10515.50000 0.483868
10516.34961 0.48396
10517.20996 0.484053
10518.05957 0.484145
10518.91016 0.484238
10519.76953 0.484331
10520.62012 0.484423
10521.46973 0.484516
10522.33008 0.484608
10523.17969 0.484694
10524.03027 0.484767
10524.88965 0.48484
10525.74023 0.484914
10526.59961 0.484987
10527.45020 0.485061
10528.29980 0.485134
10529.16016 0.485207
10530.00977 0.485281
10530.87012 0.485354
10531.71973 0.485427
10532.57031 0.485501
10533.42969 0.485574
10534.28027 0.485647
10535.13965 0.48572
10535.99023 0.485794
10536.84961 0.485867
10537.70020 0.48594
10538.55957 0.486014
10539.41016 0.486087
10540.26953 0.48616
10541.12012 0.486234
10541.98047 0.486307
10542.83008 0.48638
10543.69043 0.486385
10544.54004 0.486386
10545.40039 0.486386
10546.25000 0.486387
10547.11035 0.486387
10547.95996 0.486388
10548.82031 0.486388
10549.67969 0.486389
10550.53027 0.486389
10551.38965 0.486389
10552.24023 0.48639
10553.09961 0.48639
10553.95996 0.48639
10554.80957 0.486391
10555.66992 0.486391
10556.51953 0.486391
10557.37988 0.486392
10558.24023 0.486392
10559.08984 0.486393
10559.95020 0.486393
10560.80957 0.486393
10561.66016 0.486393
10562.51953 0.486394
10563.37988 0.48635
10564.23047 0.486273
10565.08984 0.486196
10565.95020 0.486119
10566.80957 0.486042
10567.66016 0.485965
10568.51953 0.485888
10569.37988 0.485811
10570.24023 0.485734
10571.08984 0.485657
10571.95020 0.48558
10572.80957 0.485503
10573.66992 0.485425
10574.51953 0.485348
10575.37988 0.485271
10576.24023 0.485194
10577.09961 0.485116
10577.95996 0.485039
10578.80957 0.484962
10579.66992 0.484884
10580.53027 0.484807
10581.38965 0.48473
10582.25000 0.484652
10583.09961 0.484573
10583.95996 0.484489
10584.82031 0.484405
10585.67969 0.484322
10586.54004 0.484237
10587.40039 0.484154
10588.25977 0.48407
10589.12012 0.483986
10589.96973 0.483902
10590.83008 0.483818
10591.69043 0.483734
10592.54980 0.48365
10593.41016 0.483565
10594.26953 0.483481
10595.12988 0.483397
10595.99023 0.483313
10596.84961 0.483229
10597.70996 0.483145
10598.57031 0.483061
10599.42969 0.482976
10600.29004 0.482891
10601.15039 0.482804
10602.00977 0.482717
10602.87012 0.482629
10603.73047 0.482544
10604.58984 0.482459
10605.45020 0.482374
10606.30957 0.482289
10607.16992 0.482203
10608.03027 0.482118
10608.88965 0.482033
10609.75000 0.481948
10610.61035 0.481863
10611.46973 0.481777
10612.33008 0.481692
10613.19043 0.481607
10614.05957 0.481521
10614.91992 0.481436
10615.78027 0.481351
10616.63965 0.481265
10617.50000 0.48118
10618.36035 0.481094
10619.21973 0.481009
10620.08008 0.480923
10620.95020 0.480838
10621.80957 0.480752
10622.66992 0.480667
10623.53027 0.480612
10624.38965 0.48057
10625.25000 0.480528
10626.12012 0.480486
10626.98047 0.480443
10627.83984 0.480401
10628.70020 0.480359
10629.57031 0.480316
10630.42969 0.480274
10631.29004 0.480232
10632.15039 0.480189
10633.00977 0.480147
10633.87988 0.480105
10634.74023 0.480062
10635.59961 0.48002
10636.46973 0.479977
10637.33008 0.479935
10638.19043 0.479893
10639.04980 0.47985
10639.91992 0.479808
10640.78027 0.479766
10641.63965 0.479723
10642.50977 0.479681
10643.37012 0.479663
10644.23047 0.479668
10645.09961 0.479674
10645.95996 0.479679
10646.82031 0.479684
10647.69043 0.479689
10648.54980 0.479695
10649.41992 0.4797
10650.28027 0.479705
10651.13965 0.47971
10652.00977 0.479715
10652.87012 0.47972
10653.74023 0.479726
10654.59961 0.479731
10655.45996 0.479736
10656.33008 0.479741
10657.19043 0.479746
10658.05957 0.479751
10658.91992 0.479757
10659.79004 0.479762
10660.65039 0.479767
10661.51953 0.479772
10662.37988 0.479778
10663.25000 0.479805
10664.11035 0.479869
10664.98047 0.479932
10665.83984 0.479996
10666.70996 0.48006
10667.57031 0.480124
10668.44043 0.480188
10669.29980 0.480252
10670.16992 0.480316
10671.03027 0.48038
10671.90039 0.480444
10672.76953 0.480507
10673.62988 0.480571
10674.50000 0.480635
10675.36035 0.480699
10676.23047 0.480763
10677.09961 0.480827
10677.95996 0.480891
10678.83008 0.480955
10679.69043 0.481019
10680.55957 0.481106
10681.42969 0.481206
10682.29004 0.481306
10683.16016 0.481392
10684.03027 0.481439
10684.88965 0.481487
10685.75977 0.481534
10686.62988 0.481582
10687.49023 0.48163
10688.36035 0.481678
10689.23047 0.481725
10690.08984 0.481769
10690.95996 0.481781
10691.83008 0.481793
10692.70020 0.481804
10693.55957 0.481816
10694.42969 0.481828
10695.29980 0.48184
10696.16992 0.481852
10697.04004 0.481864
10697.90039 0.481876
10698.76953 0.481888
10699.63965 0.481899
10700.50977 0.481911
10701.37012 0.481923
10702.24023 0.481935
10703.11035 0.481945
10703.98047 0.481951
10704.84961 0.481956
10705.71973 0.481961
10706.58008 0.481967
10707.45020 0.481972
10708.32031 0.481977
10709.19043 0.481982
10710.05957 0.481988
10710.92969 0.481993
10711.79980 0.481998
10712.66992 0.482004
10713.53027 0.482009
10714.40039 0.482015
10715.26953 0.48202
10716.13965 0.482025
10717.00977 0.482031
10717.87988 0.482036
10718.75000 0.482041
10719.62012 0.482047
10720.49023 0.482052
10721.36035 0.482058
10722.23047 0.482063
10723.09961 0.482058
10723.96973 0.482006
10724.83984 0.481955
10725.70996 0.481903
10726.58008 0.481852
10727.45020 0.4818
10728.32031 0.481749
10729.19043 0.481697
10730.05957 0.481646
10730.92969 0.481594
10731.79980 0.481543
10732.66992 0.481491
