threeML/data/optical_filters/HST/WFC3_UVIS1-F475X.ecsv
# %ECSV 0.9
# ---
# datatype:
# - {name: wavelength, unit: Angstrom, datatype: float32}
# - {name: response, datatype: float32}
# meta: !!omap
# - {band_name: F475X}
# - {group_name: WFC3_UVIS1}
wavelength response
[from data line 1610]
4864.85889 0.273377
4865.69092 0.273344
4866.52393 0.273311
4867.35693 0.273277
4868.18896 0.273244
4869.02197 0.273211
4869.85498 0.273177
4870.68799 0.273144
4871.52197 0.273099
4872.35498 0.273005
4873.18896 0.272912
4874.02295 0.272818
4874.85693 0.272725
4875.69092 0.272631
4876.52490 0.272538
4877.35889 0.272444
4878.19385 0.272351
4879.02783 0.272257
4879.86279 0.272164
4880.69824 0.27207
4881.53320 0.271989
4882.36914 0.271958
4883.20410 0.271927
4884.04004 0.271896
4884.87500 0.271865
4885.71094 0.271834
4886.54688 0.271803
4887.38281 0.271771
4888.21924 0.27174
4889.05518 0.271709
4889.89209 0.271678
4890.72900 0.271664
4891.56494 0.271644
4892.40186 0.271601
4893.23877 0.271557
4894.07617 0.271513
4894.91406 0.27147
4895.75098 0.271426
4896.58887 0.271382
4897.42676 0.271338
4898.26514 0.271294
4899.10303 0.271251
4899.94092 0.271207
4900.77881 0.271145
4901.61816 0.271094
4902.45703 0.27107
4903.29492 0.271045
4904.13379 0.271021
4904.97314 0.270997
4905.81299 0.270973
4906.65186 0.270949
4907.49121 0.270924
4908.33105 0.2709
4909.16992 0.270876
4910.01123 0.270852
4910.85107 0.270827
4911.69092 0.270806
4912.53076 0.270789
4913.37207 0.270772
4914.21191 0.270755
4915.05322 0.270738
4915.89404 0.270722
4916.73486 0.270705
4917.57715 0.270688
4918.41797 0.270671
4919.25879 0.270654
4920.10107 0.270637
4920.94287 0.27062
4921.78516 0.270592
4922.62695 0.270552
4923.46924 0.270511
4924.31201 0.270471
4925.15381 0.270431
4925.99707 0.270391
4926.83887 0.270351
4927.68213 0.27031
4928.52490 0.27027
4929.36914 0.27023
4930.21191 0.27019
4931.05615 0.270149
4931.89893 0.270132
4932.74316 0.270129
4933.58691 0.270125
4934.43115 0.270122
4935.27490 0.270118
4936.12012 0.270115
4936.96387 0.270111
4937.80908 0.270108
4938.65381 0.270104
4939.49902 0.270101
4940.34424 0.270097
4941.18896 0.270094
4942.03516 0.270081
4942.87988 0.270065
4943.72607 0.270049
4944.57178 0.270033
4945.41797 0.270016
4946.26416 0.27
4947.10986 0.269984
4947.95703 0.269968
4948.80322 0.269952
4949.64990 0.269936
4950.49707 0.26992
4951.34424 0.269904
4952.19092 0.269937
4953.03809 0.269973
4953.88623 0.270008
4954.73291 0.270044
4955.58105 0.270079
4956.42920 0.270115
4957.27686 0.27015
4958.12500 0.270186
4958.97314 0.270221
4959.82178 0.270257
4960.66992 0.270292
4961.51904 0.270321
4962.36816 0.270316
4963.21680 0.270311
4964.06592 0.270305
4964.91602 0.2703
4965.76514 0.270294
4966.61523 0.270289
4967.46387 0.270284
4968.31396 0.270278
4969.16504 0.270273
4970.01514 0.270267
4970.86523 0.270262
4971.71484 0.270268
4972.56592 0.270292
4973.41699 0.270316
4974.26807 0.27034
4975.11914 0.270365
4975.97021 0.270389
4976.82080 0.270413
4977.67285 0.270437
4978.52393 0.270461
4979.37598 0.270485
4980.22803 0.27051
4981.08105 0.270534
4981.93311 0.270572
4982.78516 0.270617
4983.63818 0.270663
4984.49023 0.270709
4985.34277 0.270754
4986.19580 0.2708
4987.04883 0.270846
4987.90186 0.270891
4988.75586 0.270937
4989.60889 0.270983
4990.46289 0.271039
4991.31689 0.271105
4992.17090 0.271157
4993.02490 0.271207
4993.87891 0.271258
4994.73291 0.271309
4995.58789 0.27136
4996.44287 0.271411
4997.29785 0.271462
4998.15283 0.271513
4999.00781 0.271564
4999.86279 0.271615
5000.71924 0.271644
5001.57422 0.271681
5002.43018 0.271762
5003.28613 0.271843
5004.14209 0.271924
5004.99805 0.272005
5005.85400 0.272086
5006.71094 0.272167
5007.56689 0.272248
5008.42383 0.272329
5009.28076 0.27241
5010.13818 0.272491
5010.99609 0.272572
5011.85303 0.272634
5012.70996 0.272679
5013.56787 0.272724
5014.42578 0.272769
5015.28418 0.272814
5016.14209 0.272859
5017.00000 0.272904
5017.85791 0.272949
5018.71680 0.272994
5019.57617 0.273039
5020.43506 0.273084
5021.29297 0.27313
5022.15186 0.2732
5023.01221 0.273274
5023.87109 0.273348
5024.73096 0.273422
5025.58984 0.273496
5026.45020 0.27357
5027.31104 0.273644
5028.16992 0.273718
5029.03076 0.273792
5029.89111 0.273867
5030.75195 0.273936
5031.61279 0.274
5032.47412 0.274048
5033.33398 0.274096
5034.19580 0.274145
5035.05713 0.274193
5035.91797 0.274241
5036.77979 0.274289
5037.64209 0.274337
5038.50391 0.274386
5039.36621 0.274434
5040.22803 0.274482
5041.08984 0.274531
5041.95312 0.274584
5042.81494 0.27464
5043.67822 0.274697
5044.54102 0.274753
5045.40381 0.27481
5046.26807 0.274866
5047.13086 0.274923
5047.99512 0.274979
5048.85791 0.275035
5049.72217 0.275092
5050.58594 0.275148
5051.45020 0.275206
5052.31396 0.275288
5053.17920 0.275371
5054.04297 0.275453
5054.90820 0.275536
5055.77295 0.275618
5056.63818 0.2757
5057.50293 0.275783
5058.36914 0.275865
5059.23389 0.275948
5060.10010 0.27603
5060.96484 0.276113
5061.83105 0.276168
5062.69678 0.276195
5063.56299 0.276221
5064.43018 0.276248
5065.29590 0.276274
5066.16309 0.276301
5067.02979 0.276327
5067.89600 0.276354
5068.76416 0.27638
5069.63086 0.276407
5070.49902 0.276434
5071.36621 0.27646
5072.23291 0.276539
5073.10205 0.27662
5073.96924 0.276701
5074.83691 0.276782
5075.70605 0.276864
5076.57422 0.276945
5077.44287 0.277026
5078.31201 0.277108
5079.18115 0.277189
5080.04883 0.27727
5080.91797 0.277352
5081.78809 0.277423
5082.65723 0.277481
5083.52686 0.277538
5084.39697 0.277596
5085.26709 0.277653
5086.13721 0.277711
5087.00684 0.277769
5087.87695 0.277826
5088.74805 0.277884
5089.61914 0.277941
5090.48877 0.277999
5091.35986 0.278057
5092.23096 0.27811
5093.10303 0.278163
5093.97412 0.278216
5094.84619 0.278269
5095.71680 0.278322
5096.58887 0.278376
5097.46094 0.278429
5098.33301 0.278482
5099.20605 0.278535
5100.07812 0.278588
5100.95117 0.278641
5101.82324 0.278691
5102.69580 0.278736
5103.56885 0.27878
5104.44189 0.278825
5105.31592 0.27887
5106.18896 0.278915
5107.06299 0.278959
5107.93701 0.279004
5108.81104 0.279049
5109.68506 0.279094
5110.55908 0.279138
5111.43408 0.279183
5112.30811 0.279211
5113.18311 0.279238
5114.05811 0.279266
5114.93311 0.279293
5115.80811 0.279321
5116.68311 0.279349
5117.55811 0.279377
5118.43408 0.279404
5119.31006 0.279432
5120.18604 0.279459
5121.06201 0.279487
5121.93799 0.279529
5122.81396 0.279582
5123.68994 0.279634
5124.56689 0.279687
5125.44385 0.279739
5126.32080 0.279791
5127.19824 0.279844
5128.07520 0.279896
5128.95312 0.279949
5129.83008 0.280001
5130.70801 0.280071
5131.58496 0.280133
5132.46387 0.280147
5133.34180 0.280161
5134.22021 0.280175
5135.09912 0.280189
5135.97705 0.280203
5136.85596 0.280218
5137.73486 0.280232
5138.61377 0.280246
5139.49316 0.28026
5140.37207 0.280265
5141.25195 0.280258
5142.13086 0.280277
5143.01123 0.280303
5143.89111 0.280328
5144.77100 0.280353
5145.65088 0.280379
5146.53223 0.280404
5147.41309 0.28043
5148.29297 0.280455
5149.17383 0.280481
5150.05518 0.280506
5150.93604 0.280532
5151.81689 0.280533
5152.69922 0.280504
5153.58105 0.280475
5154.46191 0.280445
5155.34424 0.280416
5156.22607 0.280386
5157.10791 0.280357
5157.99121 0.280328
5158.87305 0.280298
5159.75586 0.280269
5160.63916 0.280239
5161.52100 0.280214
5162.40479 0.280227
5163.28809 0.280239
5164.17090 0.280252
5165.05518 0.280265
5165.93799 0.280277
5166.82324 0.28029
5167.70703 0.280303
5168.59082 0.280315
5169.47510 0.280328
5170.35889 0.280341
5171.24414 0.280353
5172.12891 0.280341
5173.01416 0.280322
5173.89893 0.280302
5174.78418 0.280283
5175.66895 0.280264
5176.55518 0.280244
5177.44092 0.280225
5178.32715 0.280206
5179.21191 0.280186
5180.09912 0.280167
5180.98486 0.280147
5181.87207 0.280109
5182.75781 0.280051
5183.64502 0.279993
5184.53223 0.279934
5185.41797 0.279876
5186.30615 0.279817
5187.19287 0.279759
5188.08105 0.279701
5188.96777 0.279642
5189.85596 0.279584
5190.74414 0.279525
5191.63184 0.279482
5192.52100 0.279494
5193.40918 0.279507
5194.29688 0.279519
5195.18604 0.279532
5196.07520 0.279544
5196.96387 0.279557
5197.85303 0.279569
5198.74316 0.279582
5199.63184 0.279594
5200.52100 0.279607
5201.41211 0.279619
5202.30078 0.279538
5203.19092 0.279453
5204.08203 0.279368
5204.97217 0.279282
5205.86279 0.279197
5206.75293 0.279112
5207.64404 0.279026
5208.53516 0.278941
5209.42578 0.278856
5210.31787 0.27877
5211.20898 0.278685
5212.10107 0.278609
5212.99316 0.278537
5213.88379 0.278464
5214.77588 0.278392
5215.66797 0.278319
5216.56104 0.278247
5217.45410 0.278174
5218.34619 0.278102
5219.23877 0.278029
5220.13184 0.277957
5221.02490 0.277884
5221.91797 0.277827
5222.81201 0.277784
5223.70605 0.277741
5224.59912 0.277698
5225.49316 0.277655
5226.38721 0.277612
5227.28076 0.277568
5228.17578 0.277525
5229.06982 0.277482
5229.96484 0.277439
5230.85986 0.277397
5231.75488 0.277349
5232.64990 0.277287
5233.54492 0.277226
5234.43994 0.277164
5235.33594 0.277102
5236.23193 0.277041
5237.12793 0.276979
5238.02393 0.276917
5238.91992 0.276855
5239.81592 0.276794
5240.71289 0.276732
5241.60889 0.276671
5242.50586 0.276612
5243.40283 0.276554
5244.29980 0.276496
5245.19824 0.276437
5246.09521 0.276379
5246.99316 0.276321
5247.89111 0.276262
5248.78906 0.276204
5249.68701 0.276145
5250.58398 0.276087
5251.48291 0.276027
5252.38086 0.275931
5253.27979 0.275834
5254.17920 0.275738
5255.07812 0.275641
5255.97705 0.275545
5256.87598 0.275448
5257.77588 0.275352
5258.67480 0.275255
5259.57520 0.275158
5260.47510 0.275062
5261.37500 0.274965
5262.27490 0.274903
5263.17480 0.274846
5264.07617 0.274788
5264.97705 0.27473
5265.87695 0.274672
5266.77783 0.274614
5267.68018 0.274556
5268.58105 0.274498
5269.48193 0.27444
5270.38379 0.274382
5271.28613 0.274324
5272.18701 0.274242
5273.08887 0.274153
5273.99219 0.274064
5274.89404 0.273975
5275.79590 0.273887
5276.69922 0.273798
5277.60205 0.273709
5278.50488 0.27362
5279.40820 0.273532
5280.31201 0.273443
5281.21484 0.273354
5282.11816 0.27328
5283.02197 0.273212
5283.92578 0.273144
5284.83008 0.273076
5285.73389 0.273007
5286.63916 0.272939
5287.54297 0.272871
5288.44824 0.272802
5289.35303 0.272734
5290.25781 0.272666
5291.16309 0.272597
5292.06787 0.272518
5292.97412 0.272432
5293.87891 0.272346
5294.78516 0.272261
5295.69092 0.272175
5296.59717 0.272089
5297.50293 0.272003
5298.40918 0.271917
5299.31592 0.271831
5300.22314 0.271745
5301.12891 0.27166
5302.03711 0.271578
5302.94287 0.2715
5303.85107 0.271421
5304.75781 0.271343
5305.66602 0.271265
5306.57422 0.271186
5307.48096 0.271108
5308.39014 0.271029
5309.29785 0.270951
5310.20703 0.270872
5311.11523 0.270794
5312.02295 0.270721
5312.93311 0.270652
5313.84082 0.270583
5314.75000 0.270514
5315.66016 0.270445
5316.56885 0.270376
5317.47900 0.270307
5318.38916 0.270238
5319.29883 0.270169
5320.20898 0.2701
5321.11914 0.270031
5322.02979 0.269943
5322.93994 0.269842
5323.85107 0.269742
5324.76221 0.269642
5325.67285 0.269542
5326.58398 0.269441
5327.49512 0.269341
5328.40723 0.269241
5329.31787 0.269141
5330.22998 0.26904
5331.14209 0.26894
5332.05420 0.268868
5332.96680 0.268813
5333.87891 0.268757
5334.79199 0.268702
5335.70508 0.268647
5336.61719 0.268592
5337.52979 0.268537
5338.44385 0.268482
5339.35693 0.268426
5340.27100 0.268371
5341.18408 0.268316
5342.09814 0.268242
5343.01221 0.268159
5343.92578 0.268075
5344.84082 0.267992
5345.75488 0.267909
5346.66992 0.267825
5347.58398 0.267742
5348.50000 0.267659
5349.41504 0.267575
5350.33008 0.267492
5351.24512 0.267408
5352.16113 0.267341
5353.07715 0.267279
5353.99219 0.267217
5354.90918 0.267155
5355.82520 0.267094
5356.74121 0.267032
5357.65820 0.26697
5358.57422 0.266908
5359.49121 0.266846
5360.40820 0.266784
5361.32520 0.266722
5362.24219 0.26666
5363.16016 0.266597
5364.07812 0.266534
5364.99512 0.266472
5365.91309 0.266409
5366.83105 0.266346
5367.75000 0.266283
5368.66797 0.266221
5369.58594 0.266158
5370.50488 0.266095
5371.42383 0.266032
5372.34277 0.265935
5373.26221 0.265835
5374.18213 0.265735
5375.10107 0.265635
5376.02100 0.265535
5376.93994 0.265435
5377.85986 0.265335
5378.78076 0.265235
5379.70117 0.265135
5380.62109 0.265035
5381.54199 0.264938
5382.46191 0.264892
5383.38379 0.264846
5384.30518 0.2648
5385.22607 0.264754
5386.14697 0.264708
5387.06885 0.264661
5387.99023 0.264615
5388.91211 0.264569
5389.83398 0.264523
5390.75586 0.264477
5391.67920 0.264424
5392.60107 0.264345
5393.52393 0.264265
5394.44678 0.264185
5395.37012 0.264106
5396.29297 0.264026
5397.21582 0.263946
5398.14014 0.263866
5399.06299 0.263787
5399.98682 0.263707
5400.91113 0.263627
5401.83496 0.263555
5402.75879 0.263498
5403.68408 0.263441
5404.60791 0.263384
5405.53320 0.263326
5406.45801 0.263269
5407.38281 0.263212
5408.30811 0.263155
5409.23291 0.263097
5410.15918 0.26304
5411.08398 0.262982
5412.00977 0.262924
5412.93604 0.262865
5413.86182 0.262807
5414.78906 0.262748
5415.71484 0.262689
5416.64209 0.262631
5417.56787 0.262572
5418.49512 0.262513
5419.42188 0.262454
5420.35010 0.262396
5421.27686 0.262337
5422.20508 0.262246
5423.13184 0.262144
5424.06006 0.262042
5424.98779 0.26194
5425.91602 0.261838
5426.84521 0.261737
5427.77295 0.261635
5428.70215 0.261533
5429.62988 0.261431
5430.56006 0.261329
5431.48877 0.261227
5432.41797 0.261176
5433.34717 0.261126
5434.27686 0.261076
5435.20703 0.261026
5436.13721 0.260976
5437.06689 0.260925
5437.99707 0.260875
5438.92676 0.260825
5439.85791 0.260775
5440.78906 0.260725
5441.72021 0.260666
5442.65088 0.260574
5443.58203 0.260483
5444.51318 0.260391
5445.44482 0.260299
5446.37598 0.260208
5447.30811 0.260116
5448.24023 0.260024
5449.17188 0.259933
5450.10498 0.259841
5451.03711 0.259749
5451.97021 0.25967
5452.90283 0.259603
5453.83594 0.259535
5454.76904 0.259468
5455.70215 0.259401
5456.63623 0.259334
5457.56885 0.259267
5458.50293 0.2592
5459.43701 0.259133
5460.37109 0.259066
5461.30518 0.258998
5462.24023 0.258927
5463.17383 0.258854
5464.10889 0.258781
5465.04395 0.258708
5465.97900 0.258635
5466.91406 0.258562
5467.84912 0.258489
5468.78516 0.258417
5469.72119 0.258344
5470.65576 0.258271
5471.59180 0.258196
5472.52783 0.258103
5473.46484 0.25801
5474.40088 0.257916
5475.33789 0.257823
5476.27490 0.25773
5477.21191 0.257636
5478.14893 0.257543
5479.08594 0.25745
5480.02295 0.257356
5480.96094 0.257263
5481.89893 0.257173
5482.83691 0.257088
5483.77490 0.257002
5484.71289 0.256917
5485.65088 0.256832
5486.58984 0.256747
5487.52881 0.256661
5488.46777 0.256576
5489.40723 0.256491
5490.34619 0.256405
5491.28516 0.25632
5492.22510 0.256203
5493.16504 0.256075
5494.10400 0.255948
5495.04395 0.25582
5495.98486 0.255692
5496.92480 0.255564
5497.86523 0.255437
5498.80615 0.255309
5499.74707 0.255181
5500.68799 0.255054
5501.62891 0.254931
5502.56982 0.254834
5503.51221 0.254737
5504.45410 0.254641
5505.39502 0.254544
5506.33691 0.254447
5507.27881 0.254351
5508.22217 0.254254
5509.16406 0.254157
5510.10596 0.254061
5511.04883 0.253964
5511.99219 0.253871
5512.93506 0.253783
5513.87793 0.253694
5514.82178 0.253605
5515.76611 0.253517
5516.70898 0.253428
5517.65283 0.253339
5518.59717 0.25325
5519.54199 0.253162
5520.48584 0.253073
5521.43018 0.252984
5522.37500 0.252863
5523.31982 0.252738
5524.26514 0.252613
5525.20996 0.252488
5526.15479 0.252363
5527.10107 0.252238
5528.04590 0.252113
5528.99219 0.251988
5529.93799 0.251863
5530.88379 0.251737
5531.83105 0.251614
5532.77686 0.251497
5533.72412 0.251379
5534.66992 0.251261
5535.61816 0.251143
5536.56396 0.251025
5537.51221 0.250907
5538.45898 0.250789
5539.40723 0.250671
5540.35400 0.250553
5541.30322 0.250435
5542.25000 0.250287
5543.19922 0.250131
5544.14697 0.249974
5545.09619 0.249816
5546.04395 0.24966
5546.99414 0.249502
5547.94189 0.249345
5548.89209 0.249188
5549.84082 0.249031
5550.79102 0.248874
5551.74023 0.248725
5552.68994 0.248607
5553.64014 0.24849
5554.58984 0.248372
5555.54102 0.248254
5556.49121 0.248137
5557.44189 0.248019
5558.39307 0.247901
5559.34424 0.247783
5560.29492 0.247666
5561.24707 0.247548
5562.19824 0.24739
5563.14893 0.247213
5564.10205 0.247037
5565.05420 0.24686
5566.00586 0.246683
5566.95801 0.246507
5567.91113 0.24633
5568.86279 0.246153
5569.81592 0.245977
5570.76904 0.245784
5571.72217 0.245595
5572.67480 0.24544
5573.62891 0.245285
5574.58301 0.24513
5575.53613 0.244975
5576.49023 0.24482
5577.44385 0.244665
5578.39795 0.24451
5579.35303 0.244355
5580.30811 0.244207
