threeML/data/optical_filters/HST/WFC3_UVIS1-F680N.ecsv
# %ECSV 0.9
# ---
# datatype:
# - {name: wavelength, unit: Angstrom, datatype: float32}
# - {name: response, datatype: float32}
# meta: !!omap
# - {band_name: F680N}
# - {group_name: WFC3_UVIS1}
wavelength response
5935.95801 0.0
6595.50879 0.000407
6596.63721 0.00043
6597.76611 0.000453
6598.89502 0.000476
6600.02393 0.000499
6601.15283 0.000522
6602.28320 0.000552
6603.41211 0.000591
6604.54199 0.000631
6605.67188 0.00067
6606.80176 0.00071
6607.93311 0.000749
6609.06299 0.000788
6610.19385 0.000828
6611.32520 0.000867
6612.45605 0.000923
6613.58691 0.000993
6614.71924 0.001063
6615.85107 0.001133
6616.98193 0.001202
6618.11523 0.001272
6619.24707 0.001342
6620.37891 0.001412
6621.51221 0.001481
6622.64502 0.001594
6623.77783 0.001723
6624.91211 0.001852
6626.04492 0.001981
6627.17920 0.00211
6628.31299 0.002239
6629.44678 0.002368
6630.58105 0.002497
6631.71484 0.002625
6632.85010 0.002862
6633.98486 0.003111
6635.12012 0.00336
6636.25488 0.003609
6637.39111 0.003858
6638.52588 0.004107
6639.66211 0.004355
6640.79785 0.004604
6641.93408 0.004875
6643.07080 0.005371
6644.20703 0.005866
6645.34424 0.006362
6646.48096 0.006857
6647.61816 0.007352
6648.75488 0.007847
6649.89307 0.008342
6651.03076 0.008837
6652.16895 0.009483
6653.30713 0.010498
6654.44482 0.011513
6655.58398 0.012527
6656.72314 0.013541
6657.86084 0.014555
6659.00000 0.015568
6660.14014 0.016581
6661.27881 0.017592
6662.41895 0.019133
6663.55908 0.021184
6664.69922 0.023234
6665.83887 0.025282
6666.97998 0.027331
6668.12109 0.029377
6669.26221 0.031423
6670.40283 0.033469
6671.54395 0.035516
6672.68604 0.038905
6673.82715 0.042765
6674.96924 0.046624
6676.11084 0.050482
6677.25293 0.05434
6678.39600 0.058194
6679.53809 0.062049
6680.68115 0.065903
6681.82422 0.069755
6682.96680 0.075659
6684.11084 0.081599
6685.25391 0.087536
6686.39795 0.093473
6687.54199 0.099404
6688.68701 0.105338
6689.83105 0.111269
6690.97607 0.117186
6692.12012 0.123298
6693.26514 0.130042
6694.41016 0.136781
6695.55615 0.143519
6696.70117 0.150252
6697.84717 0.156983
6698.99316 0.16371
6700.13916 0.170434
6701.28613 0.177172
6702.43213 0.183073
6703.57910 0.188167
6704.72607 0.193257
6705.87305 0.198348
6707.02100 0.203437
6708.16797 0.208523
6709.31494 0.213607
6710.46289 0.21869
6711.61182 0.223773
6712.75977 0.226671
6713.90918 0.22899
6715.05713 0.231307
6716.20605 0.233625
6717.35498 0.23594
6718.50391 0.238256
6719.65381 0.240571
6720.80420 0.242868
6721.95410 0.244996
6723.10400 0.245403
6724.25391 0.245811
6725.40381 0.246218
6726.55518 0.246625
6727.70605 0.247031
6728.85693 0.247438
6730.00781 0.247844
6731.16016 0.248275
6732.31201 0.248463
6733.46289 0.248279
6734.61523 0.248095
6735.76807 0.247911
6736.91992 0.247727
6738.07324 0.247544
6739.22607 0.24736
6740.37793 0.247176
6741.53223 0.246992
6742.68604 0.246764
6743.83887 0.246517
6744.99316 0.246271
6746.14697 0.246025
6747.30078 0.245778
6748.45605 0.245532
6749.60986 0.245286
6750.76514 0.245024
6751.91992 0.244759
6753.07520 0.244615
6754.22998 0.24447
6755.38623 0.244325
6756.54199 0.24418
6757.69824 0.244035
6758.85400 0.243891
6760.01123 0.243746
6761.16699 0.243626
6762.32422 0.243532
6763.48096 0.243478
6764.63818 0.243423
6765.79492 0.243369
6766.95312 0.243314
6768.11084 0.24326
6769.26904 0.243206
6770.42676 0.243151
6771.58496 0.243097
6772.74414 0.243067
6773.90283 0.243046
6775.06201 0.243024
6776.22119 0.243003
6777.37988 0.242981
6778.54004 0.242959
6779.70020 0.242938
6780.85986 0.242898
6782.02002 0.242852
6783.18018 0.242812
6784.34082 0.242771
6785.50098 0.24273
6786.66309 0.24269
6787.82422 0.242649
6788.98486 0.242609
6790.14600 0.242571
6791.30908 0.242554
6792.47021 0.242534
6793.63184 0.24251
6794.79492 0.242485
6795.95801 0.242461
6797.12012 0.242437
6798.28320 0.242412
6799.44580 0.242388
6800.60889 0.242364
6801.77295 0.24234
6802.93701 0.242397
6804.10107 0.242462
6805.26514 0.242527
6806.42920 0.242592
6807.59424 0.242657
6808.75879 0.242723
6809.92285 0.242788
6811.08887 0.24283
6812.25391 0.242874
6813.41895 0.242925
6814.58496 0.242977
6815.75098 0.243028
6816.91699 0.24308
6818.08301 0.243131
6819.25000 0.243182
6820.41699 0.243242
6821.58398 0.243317
6822.75098 0.243448
6823.91797 0.243597
6825.08594 0.243747
6826.25391 0.243896
6827.42090 0.244045
6828.58984 0.244194
6829.75781 0.244343
6830.92676 0.244497
6832.09521 0.244654
6833.26416 0.244821
6834.43408 0.244989
6835.60303 0.245156
6836.77197 0.245323
6837.94189 0.245489
6839.11182 0.245656
6840.28223 0.245817
6841.45312 0.245959
6842.62305 0.246096
6843.79395 0.24623
6844.96484 0.246364
6846.13623 0.246498
6847.30713 0.246632
6848.47900 0.246765
6849.64990 0.246899
6850.82178 0.24705
6851.99512 0.247208
6853.16699 0.24736
6854.33887 0.247512
6855.51221 0.247664
6856.68506 0.247816
6857.85791 0.247967
6859.03223 0.248119
6860.20508 0.248266
6861.37891 0.248393
6862.55322 0.248475
6863.72705 0.248522
6864.90088 0.248569
6866.07617 0.248616
6867.25000 0.248663
6868.42480 0.248711
6869.60107 0.248757
6870.77588 0.248821
6871.95215 0.248892
6873.12695 0.248934
6874.30322 0.248976
6875.47900 0.249018
6876.65576 0.24906
6877.83301 0.249102
6879.00879 0.249143
6880.18604 0.249185
6881.36279 0.249227
6882.54102 0.249215
6883.71777 0.24916
6884.89600 0.249104
6886.07422 0.249048
6887.25195 0.248992
6888.43018 0.248937
6889.60889 0.248881
6890.78809 0.248808
6891.96680 0.248727
6893.14600 0.248638
6894.32520 0.248548
6895.50488 0.248459
6896.68506 0.24837
6897.86523 0.248281
6899.04492 0.248192
6900.22510 0.248108
6901.40576 0.248044
6902.58594 0.247942
6903.76807 0.247811
6904.94922 0.24768
6906.12988 0.247549
6907.31201 0.247418
6908.49414 0.247287
6909.67578 0.247156
6910.85791 0.247026
6912.04004 0.246895
6913.22314 0.246761
6914.40576 0.246628
6915.58887 0.246495
6916.77197 0.246362
6917.95508 0.246228
6919.13916 0.246095
6920.32324 0.245955
6921.50684 0.245797
6922.69092 0.245641
6923.87500 0.245487
6925.06006 0.245332
6926.24512 0.245178
6927.43018 0.245024
6928.61523 0.24487
6929.80078 0.244716
6930.98584 0.244582
6932.17188 0.244455
6933.35791 0.244332
6934.54395 0.244209
6935.73096 0.244086
6936.91699 0.243964
6938.10400 0.243841
6939.29199 0.243718
6940.47900 0.243585
6941.66699 0.243437
6942.85400 0.243311
6944.04199 0.243189
6945.22998 0.243068
6946.41797 0.242946
6947.60693 0.242825
6948.79492 0.242704
6949.98389 0.242583
6951.17285 0.242486
6952.36279 0.242388
6953.55176 0.242284
6954.74219 0.242181
6955.93213 0.242078
6957.12207 0.241974
6958.31299 0.241871
6959.50293 0.241768
6960.69385 0.241665
6961.88477 0.241562
6963.07617 0.241492
6964.26709 0.241424
6965.45801 0.241356
6966.64990 0.241287
6967.84180 0.241219
6969.03516 0.241151
6970.22705 0.241078
6971.41895 0.240985
6972.61182 0.240875
6973.80518 0.240754
6974.99902 0.240633
6976.19189 0.240512
6977.38477 0.240391
6978.57910 0.24027
6979.77295 0.240149
6980.96680 0.240048
6982.16211 0.239954
6983.35596 0.239866
6984.55078 0.239779
6985.74609 0.239691
6986.94092 0.239604
6988.13721 0.239516
6989.33301 0.239429
6990.52783 0.239342
6991.72412 0.239254
6992.91992 0.239204
6994.11719 0.239162
6995.31299 0.23912
6996.50977 0.239078
6997.70801 0.239035
6998.90479 0.238993
7000.10303 0.238946
7001.29980 0.238847
7002.49805 0.23873
7003.69580 0.238592
7004.89404 0.238453
7006.09277 0.238315
7007.29199 0.238176
7008.49023 0.238038
7009.68896 0.237899
7010.88916 0.23778
7012.08789 0.237649
7013.28809 0.237403
7014.48779 0.237157
7015.68799 0.236911
7016.88916 0.236665
7018.08887 0.236419
7019.29004 0.236174
7020.49121 0.235918
7021.69189 0.235648
7022.89307 0.234917
7024.09521 0.234069
7025.29688 0.233221
7026.49902 0.232374
7027.70117 0.231527
7028.90283 0.230681
7030.10596 0.229837
7031.30908 0.229007
7032.51221 0.227606
7033.71484 0.225579
7034.91797 0.223552
7036.12207 0.221527
7037.32617 0.219504
7038.52979 0.217482
7039.73389 0.215461
7040.93799 0.213441
7042.14307 0.21113
7043.34814 0.207363
7044.55322 0.203599
7045.75781 0.199838
7046.96387 0.196078
7048.16895 0.192321
7049.37500 0.188566
7050.58203 0.184805
7051.78809 0.181035
7052.99512 0.176015
7054.20117 0.170815
7055.40820 0.165618
7056.61523 0.160426
7057.82324 0.155237
7059.02979 0.150054
7060.23779 0.144879
7061.44580 0.139718
7062.65381 0.134448
7063.86182 0.129106
7065.07080 0.123763
7066.27979 0.118427
7067.48877 0.113093
7068.69824 0.107761
7069.90820 0.102434
7071.11719 0.097101
7072.32715 0.092091
7073.53711 0.087791
7074.74707 0.083495
7075.95801 0.079202
7077.16797 0.074912
7078.37891 0.070626
7079.58984 0.066344
7080.80176 0.062069
7082.01318 0.057871
7083.22510 0.054991
7084.43701 0.052112
7085.64893 0.049235
7086.86084 0.046361
7088.07422 0.043488
7089.28613 0.040618
7090.50000 0.037746
7091.71191 0.034876
7092.92578 0.032904
7094.13916 0.031158
7095.35303 0.029413
7096.56689 0.02767
7097.78076 0.025927
7098.99609 0.024187
7100.20996 0.022448
7101.42480 0.020713
7102.64014 0.019389
7103.85498 0.018384
7105.07080 0.01738
7106.28613 0.016377
7107.50195 0.015374
7108.71777 0.014372
7109.93506 0.013371
7111.15088 0.012371
7112.36816 0.011516
7113.58398 0.01095
7114.80176 0.010385
7116.01904 0.00982
7117.23584 0.009255
7118.45410 0.008691
7119.67188 0.008127
7120.89014 0.007563
7122.10791 0.007028
7123.32715 0.006699
7124.54590 0.006371
7125.76514 0.006043
7126.98389 0.005715
7128.20410 0.005388
7129.42285 0.005061
7130.64307 0.004734
7131.86279 0.004408
7133.08301 0.0042
7134.30420 0.004003
7135.52393 0.003805
7136.74512 0.003608
7137.96582 0.003411
7139.18799 0.003215
7140.40918 0.003018
7141.62988 0.002821
7142.85303 0.00268
7144.07520 0.002561
7145.29688 0.002442
7146.52002 0.002323
7147.74219 0.002204
7148.96484 0.002086
7150.18799 0.001967
7151.41211 0.001849
7152.63477 0.001755
7153.85889 0.001682
7155.08301 0.001608
7156.30713 0.001535
7157.53076 0.001462
7158.75586 0.001389
7159.98096 0.001316
7161.20605 0.001243
7162.43115 0.001179
7163.65723 0.001132
7164.88184 0.001085
7166.10791 0.001038
7167.33398 0.00099
7168.56104 0.000943
7169.78711 0.000896
7171.01416 0.000849
7172.24121 0.000806
7173.46777 0.000775
7174.69482 0.000745
7175.92285 0.000714
7177.14990 0.000684
7178.37793 0.000653
7179.60596 0.000623
7180.83496 0.000592
7182.06299 0.000563
7183.29199 0.000542
7184.52100 0.000522
7185.75000 0.000502
7186.97998 0.000481
7188.20996 0.000461
7189.43896 0.000441
7190.66992 0.00042
7191.89990 0.0004
7911.08984 0.0
