threeML/data/optical_filters/HST/WFC3_UVIS2-F275W.ecsv
# %ECSV 0.9
# ---
# datatype:
# - {name: wavelength, unit: Angstrom, datatype: float32}
# - {name: response, datatype: float32}
# meta: !!omap
# - {band_name: F275W}
# - {group_name: WFC3_UVIS2}
wavelength response
2005.52844 0.0
2228.36499 0.000404
2228.74512 0.000411
2229.12500 0.000418
2229.50488 0.000424
2229.88501 0.000431
2230.26611 0.000438
2230.64600 0.000444
2231.02710 0.000455
2231.40698 0.000465
2231.78809 0.000476
2232.16797 0.000487
2232.54907 0.000497
2232.92993 0.000508
2233.31104 0.000519
2233.69189 0.000529
2234.07300 0.00054
2234.45410 0.000551
2234.83496 0.000562
2235.21606 0.000573
2235.59692 0.000583
2235.97900 0.000594
2236.36011 0.000605
2236.74097 0.000616
2237.12305 0.000627
2237.50391 0.000638
2237.88599 0.000649
2238.26807 0.00066
2238.64893 0.000671
2239.03101 0.000682
2239.41309 0.000693
2239.79492 0.000704
2240.17700 0.000715
2240.55908 0.000726
2240.94092 0.000735
2241.32300 0.000743
2241.70605 0.000751
2242.08789 0.00076
2242.47095 0.000768
2242.85303 0.000776
2243.23608 0.000784
2243.61792 0.000793
2244.00098 0.000801
2244.38403 0.000809
2244.76611 0.000818
2245.14893 0.000826
2245.53198 0.000835
2245.91504 0.000843
2246.29810 0.000851
2246.68091 0.00086
2247.06494 0.000868
2247.44800 0.000877
2247.83105 0.000885
2248.21509 0.000893
2248.59790 0.000902
2248.98193 0.00091
2249.36499 0.000919
2249.74902 0.000927
2250.13306 0.000936
2250.51611 0.000944
2250.89990 0.000949
2251.28394 0.000949
2251.66797 0.000949
2252.05200 0.000949
2252.43604 0.000949
2252.82007 0.000949
2253.20508 0.000949
2253.58911 0.000949
2253.97290 0.000949
2254.35791 0.000949
2254.74194 0.000949
2255.12695 0.000949
2255.51099 0.00095
2255.89600 0.00095
2256.28101 0.00095
2256.66602 0.00095
2257.05103 0.00095
2257.43604 0.00095
2257.82104 0.00095
2258.20605 0.00095
2258.59106 0.00095
2258.97607 0.00095
2259.36108 0.00095
2259.74707 0.00095
2260.13208 0.000951
2260.51807 0.000951
2260.90308 0.000951
2261.28906 0.000951
2261.67505 0.000951
2262.06006 0.000952
2262.44604 0.000952
2262.83203 0.000952
2263.21802 0.000952
2263.60400 0.000953
2263.98999 0.000953
2264.37598 0.000953
2264.76196 0.000954
2265.14893 0.000954
2265.53491 0.000954
2265.92090 0.000954
2266.30811 0.000955
2266.69507 0.000955
2267.08105 0.000955
2267.46802 0.000956
2267.85400 0.000956
2268.24097 0.000956
2268.62793 0.000956
2269.01489 0.000957
2269.40210 0.000957
2269.78906 0.000957
2270.17603 0.000958
2270.56299 0.000958
2270.95093 0.000964
2271.33789 0.000974
2271.72607 0.000983
2272.11304 0.000993
2272.50000 0.001002
2272.88794 0.001012
2273.27588 0.001021
2273.66406 0.001031
2274.05103 0.00104
2274.43896 0.00105
2274.82690 0.00106
2275.21509 0.001069
2275.60303 0.001079
2275.99097 0.001089
2276.37891 0.001098
2276.76807 0.001108
2277.15601 0.001118
2277.54395 0.001127
2277.93311 0.001137
2278.32202 0.001147
2278.70996 0.001157
2279.09912 0.001167
2279.48804 0.001176
2279.87598 0.001186
2280.26489 0.001196
2280.65405 0.001206
2281.04297 0.001228
2281.43188 0.001252
2281.82104 0.001277
2282.20996 0.001301
2282.60010 0.001326
2282.98901 0.00135
2283.37793 0.001375
2283.76807 0.001399
2284.15698 0.001424
2284.54712 0.001449
2284.93701 0.001473
2285.32593 0.001498
2285.71606 0.001523
2286.10596 0.001547
2286.49609 0.001572
2286.88599 0.001597
2287.27588 0.001622
2287.66602 0.001647
2288.05591 0.001672
2288.44604 0.001697
2288.83691 0.001722
2289.22705 0.001747
2289.61792 0.001772
2290.00806 0.001797
2290.39893 0.001822
2290.78906 0.00185
2291.17993 0.001889
2291.57104 0.001928
2291.96191 0.001968
2292.35303 0.002007
2292.74390 0.002046
2293.13501 0.002086
2293.52588 0.002125
2293.91699 0.002165
2294.30811 0.002204
2294.69897 0.002244
2295.09106 0.002284
2295.48193 0.002323
2295.87402 0.002363
2296.26489 0.002403
2296.65698 0.002443
2297.04907 0.002483
2297.44092 0.002523
2297.83301 0.002563
2298.22412 0.002603
2298.61597 0.002643
2299.00806 0.002684
2299.40088 0.002724
2299.79297 0.002764
2300.18506 0.002804
2300.57690 0.002844
2300.96997 0.002879
2301.36206 0.002911
2301.75488 0.002943
2302.14697 0.002975
2302.54004 0.003008
2302.93311 0.00304
2303.32495 0.003072
2303.71802 0.003104
2304.11108 0.003137
2304.50391 0.003169
2304.89697 0.003202
2305.29004 0.003234
2305.68408 0.003267
2306.07690 0.003299
2306.46997 0.003332
2306.86401 0.003364
2307.25708 0.003397
2307.65088 0.003429
2308.04395 0.003462
2308.43799 0.003495
2308.83203 0.003528
2309.22510 0.00356
2309.61890 0.003593
2310.01294 0.003626
2310.40698 0.003659
2310.80103 0.003685
2311.19507 0.003691
2311.58911 0.003697
2311.98389 0.003704
2312.37793 0.00371
2312.77197 0.003716
2313.16699 0.003722
2313.56201 0.003728
2313.95605 0.003734
2314.35107 0.00374
2314.74609 0.003746
2315.13989 0.003752
2315.53491 0.003759
2315.92993 0.003765
2316.32495 0.003771
2316.71997 0.003777
2317.11499 0.003783
2317.51001 0.003789
2317.90601 0.003795
2318.30103 0.003801
2318.69702 0.003808
2319.09204 0.003814
2319.48804 0.00382
2319.88306 0.003826
2320.27905 0.003832
2320.67505 0.003838
2321.07104 0.003838
2321.46606 0.003838
2321.86206 0.003837
2322.25806 0.003836
2322.65405 0.003836
2323.05103 0.003835
2323.44702 0.003835
2323.84302 0.003834
2324.23999 0.003833
2324.63599 0.003833
2325.03198 0.003832
2325.42896 0.003832
2325.82495 0.003831
2326.22192 0.00383
2326.61890 0.00383
2327.01611 0.003829
2327.41309 0.003828
2327.81006 0.003828
2328.20703 0.003827
2328.60400 0.003827
2329.00098 0.003826
2329.39795 0.003825
2329.79492 0.003825
2330.19312 0.003824
2330.59009 0.003824
2330.98804 0.003835
2331.38501 0.003852
2331.78296 0.003868
2332.18091 0.003885
2332.57910 0.003902
2332.97607 0.003918
2333.37402 0.003935
2333.77197 0.003952
2334.16992 0.003969
2334.56812 0.003985
2334.96704 0.004002
2335.36499 0.004019
2335.76294 0.004036
2336.16211 0.004053
2336.56006 0.004069
2336.95801 0.004086
2337.35693 0.004103
2337.75610 0.00412
2338.15503 0.004137
2338.55298 0.004154
2338.95190 0.004171
2339.35107 0.004188
2339.75000 0.004205
2340.14893 0.004222
2340.54810 0.004239
2340.94800 0.004268
2341.34692 0.004308
2341.74609 0.004347
2342.14600 0.004386
2342.54492 0.004426
2342.94507 0.004465
2343.34399 0.004505
2343.74390 0.004544
2344.14404 0.004584
2344.54297 0.004623
2344.94312 0.004663
2345.34302 0.004702
2345.74292 0.004742
2346.14307 0.004782
2346.54297 0.004821
2346.94409 0.004861
2347.34399 0.004901
2347.74390 0.004941
2348.14502 0.004981
2348.54492 0.005021
2348.94604 0.005061
2349.34692 0.0051
2349.74707 0.00514
2350.14795 0.00518
2350.54907 0.00522
2350.94995 0.00527
2351.35107 0.005326
2351.75195 0.005382
2352.15308 0.005438
2352.55396 0.005494
2352.95508 0.005551
2353.35693 0.005607
2353.75806 0.005663
2354.15991 0.00572
2354.56104 0.005776
2354.96289 0.005833
2355.36401 0.005889
2355.76611 0.005946
2356.16797 0.006003
2356.57007 0.006059
2356.97192 0.006116
2357.37402 0.006173
2357.77588 0.00623
2358.17798 0.006287
2358.58008 0.006344
2358.98193 0.006401
2359.38501 0.006458
2359.78711 0.006515
2360.18994 0.006572
2360.59204 0.006629
2360.99512 0.006683
2361.39697 0.006736
2361.80005 0.006789
2362.20288 0.006842
2362.60596 0.006895
2363.00903 0.006948
2363.41211 0.007001
2363.81494 0.007054
2364.21802 0.007107
2364.62207 0.00716
2365.02490 0.007213
2365.42798 0.007267
2365.83203 0.00732
2366.23511 0.007373
2366.63892 0.007427
2367.04199 0.00748
2367.44604 0.007533
2367.85010 0.007587
2368.25391 0.00764
2368.65796 0.007694
2369.06201 0.007748
2369.46606 0.007801
2369.87012 0.007855
2370.27393 0.007909
2370.67798 0.007963
2371.08301 0.008001
2371.48706 0.008037
2371.89209 0.008073
2372.29590 0.008109
2372.70093 0.008146
2373.10498 0.008182
2373.51001 0.008218
2373.91504 0.008254
2374.32007 0.008291
2374.72510 0.008327
2375.12988 0.008364
2375.53491 0.0084
2375.93994 0.008436
2376.34497 0.008473
2376.75098 0.008509
2377.15601 0.008546
2377.56201 0.008582
2377.96704 0.008619
2378.37305 0.008656
2378.77808 0.008692
2379.18408 0.008729
2379.59009 0.008766
2379.99609 0.008802
2380.40210 0.008839
2380.80811 0.008875
2381.21411 0.008908
2381.62012 0.008941
2382.02588 0.008974
2382.43188 0.009007
2382.83911 0.00904
2383.24512 0.009073
2383.65210 0.009106
2384.05811 0.00914
2384.46509 0.009173
2384.87207 0.009206
2385.27808 0.009239
2385.68506 0.009273
2386.09204 0.009306
2386.49902 0.009339
2386.90601 0.009373
2387.31299 0.009406
2387.71997 0.009439
2388.12793 0.009473
2388.53491 0.009506
2388.94189 0.00954
2389.35010 0.009573
2389.75708 0.009607
2390.16504 0.00964
2390.57300 0.009673
2390.97998 0.009721
2391.38794 0.009778
2391.79590 0.009835
2392.20410 0.009892
2392.61206 0.009949
2393.02002 0.010006
2393.42798 0.010063
2393.83594 0.01012
2394.24512 0.010177
2394.65308 0.010234
2395.06201 0.010292
2395.46997 0.010349
2395.87891 0.010406
2396.28711 0.010464
2396.69604 0.010521
2397.10498 0.010578
2397.51392 0.010636
2397.92310 0.010693
2398.33203 0.010751
2398.73999 0.010808
2399.14990 0.010866
2399.55908 0.010924
2399.96802 0.010981
2400.37695 0.011034
2400.78711 0.011092
2401.19604 0.011195
2401.60596 0.011298
2402.01611 0.0114
2402.42505 0.011502
2402.83496 0.011605
2403.24512 0.011707
2403.65503 0.01181
2404.06494 0.011912
2404.47510 0.012014
2404.88501 0.012116
2405.29492 0.012218
2405.70508 0.01232
2406.11597 0.012423
2406.52588 0.012525
2406.93701 0.012627
2407.34692 0.012729
2407.75806 0.01283
2408.16797 0.012932
2408.57910 0.013034
2408.98999 0.013136
2409.40088 0.013238
2409.81201 0.013339
2410.22290 0.013441
2410.63403 0.013543
2411.04492 0.013696
2411.45605 0.013865
2411.86694 0.014034
2412.27905 0.014203
2412.68994 0.014371
2413.10205 0.01454
2413.51294 0.014709
2413.92505 0.014878
2414.33691 0.015046
2414.74902 0.015215
2415.15991 0.015383
2415.57202 0.015552
2415.98389 0.01572
2416.39600 0.015888
2416.80908 0.016057
2417.22095 0.016225
2417.63306 0.016393
2418.04492 0.016561
2418.45801 0.016729
2418.87012 0.016897
2419.28296 0.017065
2419.69604 0.017232
2420.10791 0.0174
2420.52100 0.017568
2420.93408 0.017765
2421.34692 0.017994
2421.76001 0.018222
2422.17310 0.018451
2422.58594 0.01868
2422.99902 0.018908
2423.41211 0.019137
2423.82593 0.019365
2424.23901 0.019593
2424.65308 0.019821
2425.06592 0.020049
2425.47998 0.020277
2425.89307 0.020505
2426.30688 0.020733
2426.72095 0.02096
2427.13501 0.021188
2427.54907 0.021415
2427.96289 0.021643
2428.37695 0.02187
2428.79102 0.022097
2429.20605 0.022324
2429.62012 0.022551
2430.03394 0.022778
2430.44897 0.023002
2430.86304 0.023234
2431.27808 0.023483
2431.69189 0.023732
2432.10693 0.023981
2432.52197 0.02423
2432.93701 0.024479
2433.35205 0.024727
2433.76709 0.024975
2434.18188 0.025224
2434.59692 0.025471
2435.01196 0.025719
2435.42798 0.025967
2435.84302 0.026214
2436.25903 0.026462
2436.67407 0.026709
2437.09009 0.026956
2437.50488 0.027203
2437.92090 0.027449
2438.33691 0.027696
2438.75293 0.027942
2439.16895 0.028188
2439.58496 0.028434
2440.00098 0.02868
2440.41699 0.028927
2440.83301 0.029171
2441.25000 0.029404
2441.66602 0.029636
2442.08301 0.029869
2442.49902 0.030102
2442.91602 0.030334
2443.33203 0.030566
2443.74902 0.030799
2444.16602 0.031031
2444.58301 0.031263
2445.00000 0.031494
2445.41699 0.031726
2445.83398 0.031957
2446.25098 0.032189
2446.66797 0.03242
2447.08496 0.032651
2447.50293 0.032882
2447.91992 0.033113
2448.33789 0.033344
2448.75488 0.033574
2449.17310 0.033805
2449.59106 0.034035
2450.00903 0.034265
2450.42700 0.034495
2450.84399 0.034724
2451.26196 0.034952
2451.67993 0.035179
2452.09912 0.035406
2452.51709 0.035633
2452.93506 0.03586
2453.35400 0.036086
2453.77197 0.036313
2454.19092 0.03654
2454.60889 0.036766
2455.02808 0.036992
2455.44702 0.037218
2455.86499 0.037444
2456.28394 0.03767
2456.70288 0.037895
2457.12207 0.038121
2457.54102 0.038346
2457.95996 0.038571
2458.37988 0.038796
2458.79907 0.039021
2459.21802 0.039246
2459.63794 0.03947
2460.05688 0.039695
2460.47705 0.039918
2460.89600 0.040161
2461.31592 0.040442
2461.73608 0.040722
2462.15601 0.041003
2462.57593 0.041283
2462.99609 0.041563
2463.41602 0.041842
2463.83594 0.042122
2464.25610 0.042401
2464.67700 0.04268
2465.09692 0.042959
2465.51807 0.043238
2465.93799 0.043516
2466.35889 0.043794
2466.77905 0.044073
2467.19995 0.04435
2467.62109 0.044628
2468.04199 0.044906
2468.46289 0.045183
2468.88403 0.04546
2469.30493 0.045737
2469.72607 0.046014
2470.14697 0.046291
2470.56909 0.046569
2470.98999 0.046915
2471.41089 0.04731
2471.83301 0.047705
2472.25391 0.0481
2472.67603 0.048494
2473.09790 0.048889
2473.52002 0.049283
2473.94189 0.049677
2474.36401 0.05007
2474.78589 0.050464
2475.20801 0.050857
2475.62988 0.05125
2476.05200 0.051642
2476.47412 0.052034
2476.89697 0.052426
2477.31909 0.052818
2477.74194 0.05321
2478.16406 0.053601
2478.58691 0.053992
2479.01001 0.054383
2479.43311 0.054774
2479.85498 0.055164
2480.27905 0.055554
2480.70093 0.055944
2481.12500 0.056446
2481.54810 0.056962
2481.97095 0.057478
2482.39404 0.057994
2482.81812 0.058509
2483.24097 0.059024
2483.66504 0.059539
2484.08789 0.060053
2484.51196 0.060567
2484.93604 0.06108
2485.36011 0.061594
2485.78394 0.062107
2486.20801 0.062619
2486.63208 0.063131
2487.05591 0.063643
2487.47998 0.064155
2487.90405 0.064666
2488.32910 0.065177
2488.75293 0.065688
2489.17700 0.066198
2489.60205 0.066708
2490.02710 0.067217
2490.45093 0.067724
2490.87598 0.068249
2491.30103 0.068817
2491.72607 0.069385
2492.15088 0.069952
2492.57593 0.070519
2493.00098 0.071086
2493.42603 0.071652
2493.85205 0.072218
2494.27710 0.072783
2494.70190 0.073348
2495.12793 0.073912
2495.55298 0.074477
2495.97900 0.07504
2496.40503 0.075604
2496.83105 0.076167
2497.25610 0.076729
2497.68188 0.077291
2498.10791 0.077853
2498.53394 0.078414
2498.95996 0.078974
2499.38696 0.079535
2499.81299 0.080094
2500.23999 0.080651
2500.66602 0.081205
2501.09204 0.081719
2501.51904 0.082223
2501.94604 0.082726
2502.37207 0.083228
2502.79907 0.08373
2503.22607 0.084231
2503.65308 0.084732
2504.08008 0.085233
2504.50708 0.085733
2504.93408 0.086232
2505.36206 0.086732
2505.78906 0.08723
2506.21606 0.087728
2506.64404 0.088226
2507.07104 0.088723
2507.49902 0.08922
2507.92700 0.089717
2508.35400 0.090212
2508.78198 0.090708
2509.20996 0.091203
2509.63794 0.091697
2510.06592 0.092191
2510.49390 0.092685
2510.92212 0.093132
2511.35107 0.093507
2511.77905 0.093882
2512.20703 0.094256
2512.63599 0.094629
2513.06396 0.095003
2513.49292 0.095376
2513.92212 0.095748
2514.35107 0.096121
2514.77905 0.096493
2515.20801 0.096864
2515.63696 0.097235
2516.06592 0.097606
2516.49512 0.097976
2516.92505 0.098346
2517.35400 0.098716
2517.78296 0.099086
2518.21289 0.099454
2518.64209 0.099823
2519.07202 0.100191
2519.50098 0.100559
2519.93091 0.100926
2520.36108 0.10129
2520.79102 0.101646
2521.22095 0.101919
2521.65088 0.102191
2522.08105 0.102463
2522.51099 0.102734
2522.94092 0.103005
2523.37207 0.103276
2523.80200 0.103547
2524.23193 0.103817
2524.66309 0.104087
2525.09399 0.104357
2525.52393 0.104626
2525.95508 0.104895
2526.38599 0.105164
2526.81689 0.105432
2527.24805 0.1057
2527.67896 0.105968
2528.11011 0.106235
2528.54102 0.106502
2528.97192 0.106769
2529.40405 0.107036
2529.83496 0.107302
2530.26709 0.10757
2530.69800 0.10784
2531.12988 0.108093
2531.56201 0.108342
2531.99292 0.108591
2532.42505 0.10884
2532.85693 0.109089
2533.28906 0.109337
2533.72095 0.109585
2534.15308 0.109832
2534.58594 0.11008
2535.01807 0.110327
2535.44995 0.110574
2535.88306 0.11082
2536.31494 0.111067
2536.74805 0.111313
2537.18091 0.111558
2537.61304 0.111804
2538.04590 0.112049
2538.47900 0.112294
2538.91211 0.112538
2539.34497 0.112782
2539.77808 0.113026
2540.21094 0.11327
2540.64502 0.113514
2541.07788 0.113765
2541.51099 0.11402
2541.94507 0.114275
2542.37793 0.114529
2542.81201 0.114782
2543.24609 0.115036
2543.67896 0.115289
2544.11304 0.115542
2544.54712 0.115795
2544.98096 0.116047
2545.41504 0.116299
2545.84912 0.116551
2546.28394 0.116802
2546.71802 0.117053
2547.15210 0.117304
2547.58691 0.117555
2548.02100 0.117805
2548.45605 0.118055
2548.89111 0.118304
2549.32495 0.118554
2549.76001 0.118803
2550.19507 0.119049
2550.62988 0.119293
2551.06494 0.119528
2551.50000 0.11976
2551.93506 0.11999
2552.37109 0.120221
2552.80591 0.120452
2553.24097 0.120681
2553.67700 0.120911
2554.11206 0.121141
2554.54810 0.12137
2554.98389 0.121599
2555.41895 0.121827
