threeML/data/optical_filters/HST/WFC3_UVIS1-F390W.ecsv
# %ECSV 0.9
# ---
# datatype:
# - {name: wavelength, unit: Angstrom, datatype: float32}
# - {name: response, datatype: float32}
# meta: !!omap
# - {band_name: F390W}
# - {group_name: WFC3_UVIS1}
wavelength response
2891.77734 0.0
3213.08594 0.000404
3213.63501 0.00041
3214.18506 0.000415
3214.73511 0.000421
3215.28491 0.000426
3215.83496 0.000431
3216.38501 0.000437
3216.93506 0.000442
3217.48608 0.000448
3218.03589 0.000453
3218.58594 0.000459
3219.13696 0.000464
3219.68799 0.000469
3220.23901 0.000475
3220.78906 0.00048
3221.34009 0.000489
3221.89111 0.000498
3222.44312 0.000507
3222.99390 0.000516
3223.54492 0.000525
3224.09595 0.000534
3224.64795 0.000543
3225.19995 0.000552
3225.75098 0.000562
3226.30298 0.000571
3226.85498 0.00058
3227.40698 0.000589
3227.95898 0.000598
3228.51099 0.000607
3229.06396 0.000616
3229.61597 0.000626
3230.16797 0.000635
3230.72095 0.000644
3231.27393 0.000659
3231.82593 0.000678
3232.37891 0.000697
3232.93188 0.000716
3233.48511 0.000735
3234.03809 0.000754
3234.59204 0.000773
3235.14502 0.000792
3235.69800 0.000811
3236.25195 0.00083
3236.80493 0.000849
3237.35889 0.000868
3237.91309 0.000887
3238.46704 0.000906
3239.02100 0.000925
3239.57495 0.000944
3240.12891 0.000963
3240.68311 0.000982
3241.23804 0.001015
3241.79199 0.001061
3242.34692 0.001107
3242.90088 0.001153
3243.45605 0.001199
3244.01099 0.001245
3244.56592 0.001291
3245.12109 0.001337
3245.67603 0.001382
3246.23096 0.001428
3246.78589 0.001474
3247.34204 0.00152
3247.89697 0.001566
3248.45288 0.001612
3249.00903 0.001658
3249.56396 0.001704
3250.12012 0.00175
3250.67603 0.001796
3251.23193 0.001867
3251.78809 0.001962
3252.34497 0.002057
3252.90088 0.002151
3253.45801 0.002246
3254.01392 0.002341
3254.57104 0.002435
3255.12695 0.00253
3255.68408 0.002624
3256.24097 0.002719
3256.79810 0.002814
3257.35498 0.002909
3257.91309 0.003003
3258.46997 0.003098
3259.02710 0.003193
3259.58496 0.003287
3260.14209 0.003382
3260.69995 0.003477
3261.25806 0.003611
3261.81592 0.003776
3262.37402 0.003941
3262.93188 0.004106
3263.48999 0.004272
3264.04810 0.004437
3264.60596 0.004602
3265.16504 0.004767
3265.72290 0.004932
3266.28198 0.005097
3266.84106 0.005262
3267.39990 0.005427
3267.95801 0.005592
3268.51807 0.005757
3269.07690 0.005922
3269.63599 0.006087
3270.19507 0.006252
3270.75488 0.006417
3271.31396 0.006625
3271.87402 0.006854
3272.43408 0.007083
3272.99292 0.007312
3273.55298 0.007541
3274.11304 0.00777
3274.67310 0.007999
3275.23291 0.008228
3275.79395 0.008457
3276.35400 0.008686
3276.91504 0.008915
3277.47510 0.009144
3278.03589 0.009373
3278.59595 0.009603
3279.15698 0.009832
3279.71802 0.010061
3280.27905 0.01029
3280.84009 0.010519
3281.40210 0.01077
3281.96289 0.011026
3282.52393 0.011283
3283.08594 0.011539
3283.64697 0.011795
3284.20898 0.012052
3284.77100 0.012308
3285.33301 0.012565
3285.89502 0.012821
3286.45703 0.013077
3287.01904 0.013334
3287.58203 0.01359
3288.14404 0.013847
3288.70605 0.014103
3289.26904 0.014359
3289.83203 0.014616
3290.39404 0.014873
3290.95703 0.01513
3291.52002 0.015391
3292.08301 0.015653
3292.64600 0.015914
3293.20898 0.016175
3293.77295 0.016437
3294.33594 0.016698
3294.89990 0.016959
3295.46411 0.017221
3296.02710 0.017482
3296.59106 0.017744
3297.15503 0.018005
3297.71899 0.018267
3298.28296 0.018528
3298.84692 0.01879
3299.41211 0.019052
3299.97607 0.019313
3300.54102 0.019574
3301.10498 0.019836
3301.66992 0.020101
3302.23511 0.020366
3302.80005 0.02063
3303.36499 0.020895
3303.92993 0.02116
3304.49512 0.021425
3305.06006 0.02169
3305.62500 0.021955
3306.19092 0.022219
3306.75610 0.022484
3307.32202 0.022749
3307.88794 0.023014
3308.45410 0.023279
3309.02002 0.023544
3309.58594 0.023808
3310.15210 0.024073
3310.71802 0.02434
3311.28394 0.024637
3311.85107 0.024958
3312.41699 0.025278
3312.98389 0.025599
3313.55103 0.025919
3314.11792 0.02624
3314.68506 0.02656
3315.25098 0.026881
3315.81909 0.027202
3316.38599 0.027522
3316.95288 0.027843
3317.52100 0.028164
3318.08789 0.028485
3318.65601 0.028806
3319.22290 0.029126
3319.79102 0.029447
3320.35889 0.029767
3320.92700 0.030087
3321.49512 0.030457
3322.06299 0.03083
3322.63208 0.031203
3323.19995 0.031575
3323.76807 0.031948
3324.33691 0.032321
3324.90601 0.032694
3325.47412 0.033067
3326.04297 0.03344
3326.61206 0.033813
3327.18091 0.034186
3327.75000 0.034558
3328.32007 0.034931
3328.88892 0.035304
3329.45801 0.035677
3330.02808 0.03605
3330.59790 0.036425
3331.16699 0.036811
3331.73706 0.037217
3332.30688 0.037622
3332.87695 0.038028
3333.44702 0.038434
3334.01807 0.03884
3334.58789 0.039246
3335.15796 0.039652
3335.72900 0.040058
3336.30005 0.040464
3336.87012 0.04087
3337.44092 0.041276
3338.01196 0.041682
3338.58301 0.042088
3339.15405 0.042495
3339.72510 0.042901
3340.29712 0.043306
3340.86792 0.04371
3341.43896 0.044106
3342.01099 0.0445
3342.58301 0.044894
3343.15503 0.045288
3343.72607 0.045682
3344.29810 0.046076
3344.87012 0.04647
3345.44312 0.046865
3346.01489 0.047259
3346.58691 0.047653
3347.15991 0.048047
3347.73193 0.048441
3348.30493 0.048835
3348.87793 0.049229
3349.45093 0.049623
3350.02393 0.050018
3350.59692 0.050414
3351.16992 0.050798
3351.74292 0.051157
3352.31592 0.051517
3352.88989 0.051877
3353.46289 0.052236
3354.03711 0.052596
3354.61108 0.052956
3355.18506 0.053316
3355.75903 0.053676
3356.33301 0.054036
3356.90698 0.054395
3357.48096 0.054755
3358.05493 0.055116
3358.62988 0.055476
3359.20410 0.055836
3359.77905 0.056196
3360.35400 0.056554
3360.92798 0.056912
3361.50293 0.057318
3362.07910 0.057728
3362.65405 0.058137
3363.22900 0.058547
3363.80396 0.058956
3364.37988 0.059366
3364.95508 0.059776
3365.53101 0.060185
3366.10596 0.060595
3366.68188 0.061004
3367.25806 0.061414
3367.83398 0.061824
3368.40991 0.062233
3368.98706 0.062643
3369.56299 0.063052
3370.13892 0.063463
3370.71606 0.063876
3371.29199 0.064326
3371.86890 0.064805
3372.44604 0.065284
3373.02295 0.065764
3373.60010 0.066243
3374.17700 0.066722
3374.75391 0.067202
3375.33105 0.067681
3375.90894 0.068161
3376.48608 0.06864
3377.06396 0.06912
3377.64111 0.0696
3378.21899 0.070079
3378.79712 0.070559
3379.37500 0.071039
3379.95288 0.071519
3380.53101 0.071996
3381.11011 0.07247
3381.68799 0.072938
3382.26709 0.073406
3382.84497 0.073874
3383.42407 0.074342
3384.00195 0.07481
3384.58105 0.075278
3385.15991 0.075746
3385.73999 0.076214
3386.31909 0.076682
3386.89795 0.07715
3387.47705 0.077618
3388.05688 0.078086
3388.63599 0.078554
3389.21606 0.079022
3389.79590 0.07949
3390.37500 0.079961
3390.95605 0.080433
3391.53589 0.08091
3392.11597 0.081388
3392.69604 0.081866
3393.27588 0.082343
3393.85693 0.082821
3394.43701 0.083299
3395.01807 0.083776
3395.59912 0.084254
3396.17993 0.084732
3396.76099 0.08521
3397.34204 0.085688
3397.92310 0.086166
3398.50391 0.086644
3399.08496 0.087122
3399.66699 0.087601
3400.24902 0.088066
3400.83008 0.088513
3401.41211 0.088917
3401.99390 0.089307
3402.57593 0.089697
3403.15796 0.090087
3403.73999 0.090476
3404.32202 0.090865
3404.90503 0.091254
3405.48706 0.091643
3406.07007 0.092031
3406.65210 0.092419
3407.23511 0.092807
3407.81812 0.093194
3408.40088 0.093582
3408.98389 0.093969
3409.56689 0.094356
3410.14990 0.094743
3410.73291 0.095134
3411.31689 0.095501
3411.89990 0.095851
3412.48389 0.0962
3413.06812 0.096549
3413.65210 0.096897
3414.23608 0.097246
3414.82007 0.097594
3415.40405 0.097942
3415.98804 0.09829
3416.57300 0.098638
3417.15698 0.098986
3417.74097 0.099333
3418.32593 0.09968
3418.91089 0.100027
3419.49609 0.100374
3420.08105 0.100719
3420.66602 0.10106
3421.25098 0.10139
3421.83594 0.101708
3422.42090 0.102024
3423.00708 0.102341
3423.59204 0.102657
3424.17798 0.102973
3424.76392 0.103289
3425.35010 0.103605
3425.93604 0.10392
3426.52197 0.104236
3427.10791 0.10455
3427.69409 0.104865
3428.28003 0.10518
3428.86694 0.105494
3429.45288 0.105808
3430.04004 0.106122
3430.62695 0.106441
3431.21411 0.106766
3431.80103 0.1071
3432.38794 0.107434
3432.97510 0.107768
3433.56201 0.108101
3434.14893 0.108434
3434.73706 0.108767
3435.32397 0.1091
3435.91211 0.109433
3436.50000 0.109765
3437.08789 0.110097
3437.67603 0.110429
3438.26392 0.110761
3438.85205 0.111092
3439.43994 0.111424
3440.02808 0.111755
3440.61694 0.11208
3441.20605 0.112434
3441.79395 0.112835
3442.38306 0.113235
3442.97192 0.113636
3443.56104 0.114036
3444.14990 0.114436
3444.73901 0.114836
3445.32788 0.115235
3445.91699 0.115634
3446.50708 0.116033
3447.09692 0.116432
3447.68604 0.11683
3448.27588 0.117228
3448.86597 0.117626
3449.45605 0.118023
3450.04590 0.11842
3450.63599 0.118823
3451.22607 0.119239
3451.81689 0.119674
3452.40698 0.120109
3452.99805 0.120544
3453.58789 0.120978
3454.17896 0.121412
3454.77002 0.121846
3455.36108 0.122279
3455.95190 0.122713
3456.54297 0.123146
3457.13501 0.123578
3457.72607 0.124011
3458.31812 0.124443
3458.90894 0.124875
3459.50098 0.125306
3460.09302 0.125737
3460.68506 0.126161
3461.27588 0.1266
3461.86890 0.127054
3462.46094 0.127507
3463.05298 0.12796
3463.64600 0.128413
3464.23804 0.128865
3464.83105 0.129318
3465.42310 0.129769
3466.01611 0.130221
3466.60889 0.130672
3467.20190 0.131122
3467.79492 0.131573
3468.38794 0.132023
3468.98193 0.132473
3469.57495 0.132922
3470.16797 0.133371
3470.76196 0.13382
3471.35596 0.134261
3471.94995 0.134698
3472.54297 0.135134
3473.13794 0.13557
3473.73193 0.136005
3474.32593 0.13644
3474.91992 0.136875
3475.51489 0.137309
3476.10889 0.137743
3476.70410 0.138177
3477.29907 0.138611
3477.89307 0.139044
3478.48804 0.139477
3479.08301 0.139909
3479.67798 0.140341
3480.27393 0.140776
3480.86890 0.141215
3481.46509 0.141616
3482.06006 0.142005
3482.65601 0.142395
3483.25098 0.142784
3483.84692 0.143173
3484.44312 0.143562
3485.03906 0.14395
3485.63501 0.144338
3486.23193 0.144726
3486.82788 0.145114
3487.42505 0.145501
3488.02100 0.145889
3488.61792 0.146275
3489.21509 0.146662
3489.81201 0.147048
3490.40796 0.147429
3491.00610 0.147807
3491.60303 0.148127
3492.19995 0.148448
3492.79712 0.148769
3493.39502 0.149089
3493.99194 0.149409
3494.59009 0.149729
3495.18799 0.150048
3495.78589 0.150367
3496.38403 0.150686
3496.98193 0.151005
3497.58008 0.151323
3498.17798 0.151641
3498.77710 0.151959
3499.37500 0.152277
3499.97412 0.152594
3500.57300 0.152919
3501.17090 0.153226
3501.77100 0.153491
3502.36890 0.153755
3502.96899 0.154019
3503.56812 0.154283
3504.16699 0.154546
3504.76709 0.15481
3505.36597 0.155073
3505.96606 0.155336
3506.56494 0.155599
3507.16504 0.155861
3507.76489 0.156123
3508.36499 0.156386
3508.96509 0.156647
3509.56592 0.156909
3510.16602 0.157168
3510.76611 0.157421
3511.36694 0.157642
3511.96802 0.157841
3512.56812 0.158039
3513.16895 0.158238
3513.77002 0.158436
3514.37109 0.158634
3514.97192 0.158832
3515.57397 0.15903
3516.17505 0.159227
3516.77710 0.159424
3517.37793 0.159621
3517.97998 0.159818
3518.58203 0.160015
3519.18408 0.160211
3519.78589 0.160408
3520.38794 0.160609
3520.98999 0.160814
3521.59204 0.161004
3522.19507 0.161194
3522.79712 0.161384
3523.39990 0.161574
3524.00195 0.161763
3524.60498 0.161953
3525.20801 0.162142
3525.81104 0.162331
3526.41406 0.16252
3527.01807 0.162708
3527.62109 0.162897
3528.22412 0.163085
3528.82788 0.163273
3529.43188 0.163461
3530.03491 0.163649
3530.63892 0.163828
3531.24292 0.163991
3531.84692 0.16413
3532.45093 0.164269
3533.05591 0.164408
3533.65991 0.164546
3534.26489 0.164684
3534.86890 0.164822
3535.47412 0.16496
3536.07910 0.165098
3536.68408 0.165236
3537.28906 0.165373
3537.89404 0.165511
3538.49902 0.165648
3539.10400 0.165785
3539.70898 0.165922
3540.31494 0.166063
3540.92090 0.166208
3541.52588 0.166353
3542.13208 0.166498
3542.73804 0.166643
3543.34399 0.166788
3543.94995 0.166932
3544.55591 0.167076
3545.16309 0.16722
3545.76904 0.167364
3546.37598 0.167508
3546.98193 0.167652
3547.58911 0.167795
3548.19604 0.167939
3548.80298 0.168082
3549.40991 0.168225
3550.01709 0.168368
3550.62500 0.168502
3551.23193 0.168633
3551.83911 0.16876
3552.44702 0.168888
3553.05493 0.169015
3553.66211 0.169141
3554.27002 0.169268
3554.87793 0.169395
3555.48608 0.169521
3556.09497 0.169647
3556.70288 0.169773
3557.31104 0.169899
3557.91992 0.170025
3558.52905 0.17015
3559.13696 0.170276
3559.74609 0.170401
3560.35498 0.170526
3560.96411 0.170651
3561.57300 0.170805
3562.18188 0.170961
3562.79199 0.171117
3563.40088 0.171274
3564.01099 0.17143
3564.62109 0.171585
3565.22998 0.171741
3565.84009 0.171896
3566.44995 0.172051
3567.06006 0.172206
3567.66992 0.172361
3568.28101 0.172516
3568.89111 0.17267
3569.50195 0.172824
3570.11206 0.17298
3570.72290 0.173143
3571.33398 0.173318
3571.94507 0.173503
3572.55591 0.173688
3573.16699 0.173873
3573.77808 0.174058
3574.38892 0.174242
3575.00098 0.174427
3575.61206 0.174611
3576.22412 0.174795
3576.83594 0.174979
3577.44800 0.175163
3578.06006 0.175346
3578.67212 0.175529
3579.28394 0.175712
3579.89600 0.175895
3580.50903 0.17607
3581.12109 0.176243
3581.73389 0.176414
3582.34595 0.176584
3582.95898 0.176754
3583.57202 0.176924
3584.18506 0.177093
3584.79810 0.177263
3585.41089 0.177432
3586.02490 0.177601
3586.63794 0.17777
3587.25195 0.177938
3587.86499 0.178107
3588.47900 0.178275
3589.09302 0.178443
3589.70703 0.178611
3590.32104 0.178783
3590.93506 0.17896
3591.54907 0.179128
3592.16406 0.179295
3592.77808 0.179462
3593.39307 0.179628
3594.00806 0.179794
3594.62207 0.17996
3595.23706 0.180126
3595.85205 0.180292
3596.46704 0.180457
3597.08301 0.180622
3597.69800 0.180787
3598.31299 0.180952
3598.92896 0.181117
3599.54395 0.181282
3600.15991 0.181472
3600.77588 0.181736
3601.39209 0.181974
3602.00806 0.182194
3602.62402 0.182414
3603.23999 0.182634
3603.85693 0.182854
3604.47290 0.183074
3605.09009 0.183294
3605.70703 0.183515
3606.32300 0.183735
3606.93994 0.183956
3607.55688 0.184177
3608.17505 0.184397
3608.79199 0.184618
3609.40894 0.184839
3610.02588 0.185061
3610.64404 0.185292
3611.26196 0.185509
3611.87891 0.185704
3612.49707 0.185898
3613.11499 0.186092
3613.73291 0.186287
3614.35205 0.186481
3614.96997 0.186676
3615.58789 0.186871
3616.20703 0.187066
3616.82495 0.187261
3617.44409 0.187456
3618.06299 0.187651
3618.68188 0.187846
3619.30103 0.188042
3619.91992 0.188237
3620.53906 0.188424
3621.15796 0.188598
3621.77808 0.188726
3622.39697 0.188855
3623.01709 0.188983
3623.63696 0.189112
3624.25708 0.18924
3624.87695 0.189369
3625.49707 0.189498
3626.11694 0.189627
3626.73706 0.189755
3627.35791 0.189884
3627.97803 0.190013
3628.59912 0.190142
3629.21899 0.190271
3629.84009 0.1904
3630.46094 0.190528
3631.08203 0.190652
3631.70288 0.190743
3632.32397 0.190833
3632.94604 0.190924
3633.56689 0.191014
3634.18896 0.191105
3634.81104 0.191196
3635.43188 0.191286
3636.05396 0.191377
3636.67603 0.191468
3637.29810 0.191558
3637.92090 0.191649
3638.54297 0.19174
3639.16504 0.191831
3639.78809 0.191922
3640.40991 0.19202
3641.03296 0.192121
3641.65601 0.192244
3642.27905 0.192366
3642.90210 0.192489
3643.52490 0.192612
3644.14795 0.192735
3644.77197 0.192857
3645.39502 0.19298
3646.01904 0.193103
3646.64307 0.193226
3647.26611 0.193349
3647.88989 0.193473
3648.51392 0.193596
3649.13794 0.193719
3649.76294 0.193842
3650.38696 0.193959
3651.01099 0.194072
3651.63599 0.194183
3652.26099 0.194294
3652.88501 0.194405
3653.51001 0.194516
3654.13501 0.194627
3654.76001 0.194738
3655.38501 0.194849
3656.01099 0.19496
3656.63599 0.195071
3657.26196 0.195182
3657.88696 0.195293
3658.51294 0.195405
3659.13892 0.195516
3659.76489 0.195627
3660.39111 0.195745
3661.01709 0.195867
3661.64307 0.196018
3662.27002 0.196169
3662.89600 0.19632
3663.52295 0.196472
3664.14893 0.196623
3664.77588 0.196775
3665.40308 0.196926
3666.03003 0.197078
3666.65698 0.19723
3667.28394 0.197382
3667.91211 0.197534
3668.53906 0.197686
3669.16699 0.197838
3669.79395 0.19799
3670.42212 0.198135
3671.05005 0.198276
3671.67798 0.198419
3672.30591 0.198562
3672.93408 0.198705
3673.56299 0.198848
3674.19092 0.198991
3674.82007 0.199134
3675.44800 0.199277
3676.07690 0.199421
3676.70605 0.199564
3677.33496 0.199707
3677.96411 0.199851
3678.59302 0.199994
3679.22192 0.200137
3679.85205 0.200281
3680.48096 0.200425
3681.11108 0.200567
3681.73999 0.200701
3682.37012 0.200835
3683.00000 0.200969
3683.62988 0.201102
3684.26001 0.201236
3684.88989 0.20137
3685.52100 0.201504
