threeML/data/optical_filters/HST/WFC3_UVIS2-F200LP.ecsv
# %ECSV 0.9
# ---
# datatype:
# - {name: wavelength, unit: Angstrom, datatype: float32}
# - {name: response, datatype: float32}
# meta: !!omap
# - {band_name: F200LP}
# - {group_name: WFC3_UVIS2}
wavelength response
[from data line 5632]
5207.65283 0.274392
5208.54297 0.274381
5209.43408 0.27437
5210.32422 0.274359
5211.21387 0.274348
5212.10498 0.274337
5212.99609 0.274326
5213.88721 0.274315
5214.77783 0.274304
5215.66895 0.274293
5216.56104 0.274282
5217.45215 0.274271
5218.34424 0.27426
5219.23584 0.274249
5220.12793 0.274238
5221.02002 0.274227
5221.91309 0.274214
5222.80518 0.274199
5223.69678 0.274185
5224.58984 0.27417
5225.48291 0.274155
5226.37598 0.274141
5227.27002 0.274126
5228.16309 0.274111
5229.05713 0.274097
5229.95020 0.274082
5230.84424 0.274069
5231.73779 0.274056
5232.63184 0.274042
5233.52686 0.274029
5234.42090 0.274016
5235.31592 0.274002
5236.20996 0.273989
5237.10498 0.273976
5238.00000 0.273962
5238.89600 0.273949
5239.79102 0.273936
5240.68701 0.273923
5241.58301 0.273909
5242.47900 0.273895
5243.37500 0.273881
5244.27100 0.273867
5245.16699 0.273853
5246.06299 0.27384
5246.95996 0.273825
5247.85596 0.273811
5248.75293 0.273798
5249.64990 0.273784
5250.54785 0.27377
5251.44482 0.273756
5252.34277 0.273742
5253.24023 0.273728
5254.13818 0.273714
5255.03613 0.2737
5255.93506 0.273686
5256.83301 0.273672
5257.73096 0.273658
5258.62988 0.273644
5259.52881 0.27363
5260.42822 0.273616
5261.32715 0.273602
5262.22607 0.27359
5263.12500 0.273577
5264.02490 0.273564
5264.92383 0.273552
5265.82422 0.273539
5266.72412 0.273527
5267.62500 0.273514
5268.52490 0.273502
5269.42480 0.273489
5270.32617 0.273477
5271.22705 0.273464
5272.12695 0.273452
5273.02783 0.273439
5273.93018 0.273426
5274.83105 0.273414
5275.73291 0.273401
5276.63379 0.273388
5277.53613 0.273376
5278.43799 0.273363
5279.33984 0.273351
5280.24316 0.273338
5281.14502 0.273325
5282.04785 0.273314
5282.95117 0.273302
5283.85400 0.273291
5284.75586 0.27328
5285.66016 0.273268
5286.56299 0.273257
5287.46680 0.273246
5288.37109 0.273235
5289.27393 0.273223
5290.17822 0.273212
5291.08301 0.273201
5291.98682 0.273189
5292.89111 0.273178
5293.79590 0.273166
5294.70117 0.273155
5295.60498 0.273144
5296.51123 0.273133
5297.41602 0.273121
5298.32080 0.27311
5299.22705 0.273098
5300.13184 0.273087
5301.03809 0.273076
5301.94385 0.273064
5302.85107 0.273052
5303.75684 0.27304
5304.66309 0.273028
5305.56982 0.273016
5306.47705 0.273004
5307.38379 0.272992
5308.29102 0.27298
5309.19824 0.272968
5310.10498 0.272956
5311.01318 0.272944
5311.92090 0.272932
5312.82910 0.27292
5313.73682 0.272908
5314.64502 0.272896
5315.55322 0.272884
5316.46094 0.272872
5317.37012 0.27286
5318.27881 0.272848
5319.18799 0.272836
5320.09717 0.272824
5321.00586 0.272812
5321.91602 0.2728
5322.82617 0.272788
5323.73486 0.272775
5324.64502 0.272763
5325.55518 0.272751
5326.46484 0.272739
5327.37500 0.272727
5328.28613 0.272715
5329.19678 0.272702
5330.10791 0.27269
5331.01904 0.272678
5331.93018 0.272666
5332.84082 0.272653
5333.75195 0.272641
5334.66406 0.272629
5335.57617 0.272617
5336.48779 0.272604
5337.39990 0.272592
5338.31201 0.27258
5339.22510 0.272568
5340.13721 0.272555
5341.04980 0.272543
5341.96191 0.272528
5342.87500 0.272512
5343.78906 0.272495
5344.70215 0.272479
5345.61621 0.272462
5346.52881 0.272446
5347.44287 0.272429
5348.35693 0.272412
5349.27100 0.272396
5350.18604 0.272379
5351.10010 0.272362
5352.01416 0.272345
5352.92920 0.272329
5353.84424 0.272312
5354.75879 0.272295
5355.67383 0.272278
5356.58887 0.272261
5357.50488 0.272245
5358.42090 0.272228
5359.33594 0.272211
5360.25195 0.272194
5361.16797 0.272177
5362.08496 0.272166
5363.00098 0.272157
5363.91797 0.272149
5364.83496 0.272141
5365.75098 0.272133
5366.66895 0.272124
5367.58594 0.272116
5368.50293 0.272108
5369.42090 0.2721
5370.33789 0.272091
5371.25586 0.272083
5372.17383 0.272075
5373.09277 0.272066
5374.01123 0.272058
5374.92920 0.272049
5375.84814 0.272041
5376.76709 0.272033
5377.68604 0.272024
5378.60498 0.272016
5379.52393 0.272008
5380.44385 0.271999
5381.36279 0.271991
5382.28320 0.271986
5383.20312 0.271981
5384.12305 0.271976
5385.04297 0.271972
5385.96289 0.271967
5386.88379 0.271962
5387.80518 0.271958
5388.72607 0.271953
5389.64600 0.271948
5390.56787 0.271944
5391.48877 0.271939
5392.41113 0.271934
5393.33203 0.271929
5394.25391 0.271925
5395.17578 0.27192
5396.09814 0.271915
5397.02002 0.271911
5397.94287 0.271906
5398.86523 0.271901
5399.78809 0.271896
5400.71094 0.271892
5401.63379 0.271886
5402.55713 0.271872
5403.47998 0.271858
5404.40381 0.271844
5405.32812 0.27183
5406.25098 0.271816
5407.17578 0.271802
5408.10010 0.271788
5409.02393 0.271774
5409.94824 0.27176
5410.87305 0.271746
5411.79785 0.271732
5412.72314 0.271718
5413.64795 0.271704
5414.57324 0.27169
5415.49902 0.271676
5416.42383 0.271662
5417.35010 0.271648
5418.27588 0.271634
5419.20215 0.27162
5420.12793 0.271606
5421.05518 0.271592
5421.98096 0.271575
5422.90820 0.271556
5423.83398 0.271536
5424.76221 0.271517
5425.68799 0.271497
5426.61621 0.271478
5427.54297 0.271458
5428.47119 0.271439
5429.39893 0.271419
5430.32715 0.2714
5431.25488 0.27138
5432.18311 0.271361
5433.11182 0.271341
5434.04004 0.271321
5434.96924 0.271301
5435.89795 0.271281
5436.82715 0.271262
5437.75586 0.271242
5438.68604 0.271222
5439.61523 0.271202
5440.54492 0.271182
5441.47510 0.271163
5442.40479 0.271151
5443.33496 0.27114
5444.26514 0.271129
5445.19580 0.271118
5446.12598 0.271107
5447.05713 0.271096
5447.98779 0.271085
5448.91895 0.271074
5449.85107 0.271063
5450.78223 0.271052
5451.71289 0.271041
5452.64600 0.271029
5453.57715 0.271018
5454.50879 0.271007
5455.44092 0.270996
5456.37402 0.270984
5457.30713 0.270973
5458.23877 0.270962
5459.17188 0.270951
5460.10498 0.270939
5461.03906 0.270928
5461.97217 0.270919
5462.90479 0.270912
5463.83887 0.270904
5464.77295 0.270897
5465.70703 0.27089
5466.64111 0.270883
5467.57520 0.270875
5468.50977 0.270868
5469.44385 0.270861
5470.37891 0.270854
5471.31396 0.270846
5472.25000 0.270839
5473.18506 0.270832
5474.12012 0.270824
5475.05615 0.270817
5475.99121 0.27081
5476.92676 0.270802
5477.86279 0.270795
5478.79883 0.270788
5479.73584 0.27078
5480.67188 0.270773
5481.60889 0.270765
5482.54590 0.270751
5483.48291 0.270737
5484.41992 0.270723
5485.35791 0.270709
5486.29492 0.270695
5487.23291 0.270682
5488.17090 0.270668
5489.10889 0.270654
5490.04688 0.27064
5490.98486 0.270626
5491.92383 0.270612
5492.86182 0.270598
5493.80078 0.270584
5494.74023 0.27057
5495.67920 0.270556
5496.61914 0.270542
5497.55811 0.270528
5498.49805 0.270514
5499.43799 0.2705
5500.37695 0.270486
5501.31689 0.270471
5502.25684 0.270455
5503.19824 0.270439
5504.13916 0.270423
5505.07910 0.270407
5506.02002 0.270391
5506.96094 0.270375
5507.90186 0.270359
5508.84424 0.270342
5509.78516 0.270326
5510.72705 0.27031
5511.66895 0.270294
5512.61084 0.270278
5513.55322 0.270261
5514.49512 0.270245
5515.43799 0.270229
5516.37988 0.270213
5517.32324 0.270196
5518.26611 0.27018
5519.20898 0.270164
5520.15283 0.270148
5521.09619 0.270131
5522.04004 0.270113
5522.98291 0.270094
5523.92822 0.270074
5524.87207 0.270055
5525.81592 0.270035
5526.75977 0.270016
5527.70508 0.269996
5528.64990 0.269977
5529.59521 0.269958
5530.54004 0.269938
5531.48486 0.269918
5532.43018 0.269899
5533.37598 0.269879
5534.32178 0.269859
5535.26807 0.26984
5536.21289 0.26982
5537.16016 0.2698
5538.10596 0.269781
5539.05322 0.269761
5540.00000 0.269742
5540.94580 0.269722
5541.89307 0.269703
5542.83984 0.269686
5543.78809 0.269669
5544.73486 0.269652
5545.68311 0.269635
5546.63086 0.269618
5547.57910 0.269601
5548.52686 0.269584
5549.47510 0.269567
5550.42383 0.26955
5551.37305 0.269533
5552.32080 0.269516
5553.27002 0.269499
5554.21924 0.269482
5555.16797 0.269465
5556.11816 0.269448
5557.06689 0.269431
5558.01709 0.269413
5558.96680 0.269396
5559.91699 0.269379
5560.86816 0.269362
5561.81787 0.269346
5562.76904 0.269332
5563.71924 0.269318
5564.66992 0.269304
5565.62207 0.269291
5566.57324 0.269277
5567.52393 0.269263
5568.47607 0.269249
5569.42676 0.269236
5570.37891 0.269213
5571.33105 0.269178
5572.28320 0.269142
5573.23584 0.269106
5574.18799 0.269071
5575.14111 0.269035
5576.09424 0.269
5577.04688 0.268964
5578.00000 0.268929
5578.95410 0.268893
5579.90723 0.268858
5580.86084 0.268841
5581.81396 0.268828
5582.76904 0.268816
5583.72314 0.268804
5584.67676 0.268792
5585.63086 0.268779
5586.58594 0.268767
5587.54102 0.268755
5588.49609 0.268743
5589.45117 0.268731
5590.40576 0.268719
5591.36182 0.268707
5592.31689 0.268695
5593.27295 0.268682
5594.22900 0.26867
5595.18604 0.268658
5596.14209 0.268646
5597.09814 0.268634
5598.05518 0.268622
5599.01221 0.268609
5599.96777 0.268597
5600.92480 0.268585
5601.88281 0.26857
5602.83984 0.268551
5603.79785 0.268532
5604.75488 0.268513
5605.71289 0.268493
5606.67090 0.268474
5607.62988 0.268455
5608.58789 0.268436
5609.54688 0.268417
5610.50488 0.268398
5611.46387 0.268378
5612.42285 0.268359
5613.38281 0.26834
5614.34180 0.26832
5615.30176 0.268301
5616.26123 0.268282
5617.22119 0.268262
5618.18213 0.268243
5619.14209 0.268224
5620.10205 0.268205
5621.06299 0.268185
5622.02295 0.268167
5622.98389 0.26815
5623.94482 0.268133
5624.90576 0.268116
5625.86816 0.268099
5626.82910 0.268081
5627.79102 0.268064
5628.75293 0.268047
5629.71484 0.26803
5630.67676 0.268008
5631.64014 0.267985
5632.60205 0.26796
5633.56396 0.267937
5634.52686 0.267913
5635.49023 0.267889
5636.45410 0.267865
5637.41699 0.267841
5638.37988 0.267817
5639.34424 0.267793
5640.30811 0.267769
5641.27197 0.267745
5642.23584 0.267723
5643.20117 0.267703
5644.16504 0.267682
5645.12988 0.267662
5646.09424 0.267641
5647.06006 0.267621
5648.02393 0.2676
5648.99023 0.26758
5649.95605 0.267559
5650.92090 0.267538
5651.88721 0.267518
5652.85303 0.267497
5653.81885 0.267477
5654.78516 0.267456
5655.75195 0.267435
5656.71777 0.267415
5657.68506 0.267394
5658.65186 0.267374
5659.61914 0.267353
5660.58594 0.267332
5661.55420 0.267312
5662.52100 0.267291
5663.49023 0.26727
5664.45801 0.267249
5665.42578 0.267228
5666.39404 0.267207
5667.36182 0.267187
5668.33105 0.267166
5669.29980 0.267145
5670.26904 0.267124
5671.23779 0.267103
5672.20703 0.267082
5673.17676 0.267061
5674.14600 0.267039
5675.11621 0.267018
5676.08594 0.266997
5677.05615 0.266976
5678.02588 0.266955
5678.99707 0.266934
5679.96680 0.266913
5680.93799 0.266892
5681.90918 0.26687
5682.87988 0.266845
5683.85205 0.26682
5684.82324 0.266796
5685.79395 0.266771
5686.76611 0.266747
5687.73779 0.266722
5688.70996 0.266697
5689.68311 0.266673
5690.65479 0.266648
5691.62695 0.266623
5692.60107 0.266599
5693.57324 0.266574
5694.54590 0.266549
5695.52002 0.266525
5696.49316 0.2665
5697.46680 0.266475
5698.43994 0.266451
5699.41504 0.266426
5700.38916 0.266401
5701.36279 0.266377
5702.33691 0.266355
5703.31201 0.266333
5704.28711 0.266312
5705.26221 0.26629
5706.23682 0.266269
5707.21191 0.266248
5708.18799 0.266226
5709.16309 0.266205
5710.13916 0.266183
5711.11523 0.266162
5712.09082 0.266141
5713.06689 0.266119
5714.04297 0.266098
5715.02002 0.266076
5715.99707 0.266055
5716.97412 0.266033
5717.95117 0.266012
5718.92822 0.265991
5719.90576 0.265969
5720.88281 0.265928
5721.86084 0.265884
5722.83887 0.26584
5723.81689 0.265795
5724.79492 0.265751
5725.77393 0.265707
5726.75195 0.265662
5727.73096 0.265618
5728.70996 0.265574
5729.68896 0.265529
5730.66797 0.2655
5731.64795 0.265477
5732.62695 0.265455
5733.60693 0.265433
5734.58691 0.26541
5735.56689 0.265388
5736.54785 0.265365
5737.52783 0.265343
5738.50879 0.26532
5739.48877 0.265298
5740.47021 0.265276
5741.45215 0.265253
5742.43311 0.265232
5743.41406 0.26521
5744.39600 0.265188
5745.37793 0.265167
5746.35986 0.265145
5747.34180 0.265124
5748.32422 0.265102
5749.30713 0.26508
5750.28906 0.265059
5751.27197 0.265037
5752.25488 0.265015
5753.23779 0.264994
5754.22119 0.264972
5755.20508 0.26495
5756.18799 0.264929
5757.17188 0.264907
5758.15576 0.264886
5759.14111 0.264864
5760.12500 0.264842
5761.10889 0.264821
5762.09424 0.264795
5763.07910 0.264765
5764.06299 0.264734
5765.04883 0.264704
5766.03418 0.264674
5767.02002 0.264644
5768.00488 0.264614
5768.99121 0.264584
5769.97705 0.264553
5770.96289 0.264523
5771.95020 0.264493
5772.93604 0.264463
5773.92285 0.264432
5774.91016 0.264402
5775.89600 0.264372
5776.88379 0.264342
5777.87109 0.264311
5778.85791 0.264281
5779.84619 0.264251
5780.83398 0.26422
5781.82178 0.264191
5782.81104 0.264166
5783.79883 0.264141
5784.78711 0.264116
5785.77588 0.264091
5786.76514 0.264066
5787.75391 0.264041
5788.74316 0.264016
5789.73193 0.263991
5790.72217 0.263966
5791.71094 0.263941
5792.70215 0.263916
5793.69092 0.263891
5794.68213 0.263866
5795.67188 0.263841
5796.66309 0.263816
5797.65283 0.26379
5798.64404 0.263765
5799.63477 0.26374
5800.62598 0.263715
5801.61816 0.26369
5802.60889 0.263674
5803.60107 0.263657
5804.59277 0.26364
5805.58496 0.263624
5806.57812 0.263607
5807.56982 0.263591
5808.56299 0.263574
5809.55518 0.263557
5810.54785 0.263541
5811.54199 0.263524
5812.53516 0.263507
5813.52783 0.263491
5814.52100 0.263474
5815.51514 0.263457
5816.50879 0.263441
5817.50293 0.263424
5818.49805 0.263407
5819.49219 0.263391
5820.48682 0.263363
5821.48096 0.263324
5822.47705 0.263271
5823.47217 0.263216
5824.46680 0.263161
5825.46191 0.263107
5826.45801 0.263051
5827.45410 0.262997
5828.45020 0.262942
5829.44580 0.262887
5830.44189 0.262844
5831.43896 0.262815
5832.43604 0.262786
5833.43311 0.262757
5834.42920 0.262728
5835.42676 0.2627
5836.42383 0.262671
5837.42090 0.262642
5838.41895 0.262614
5839.41699 0.262585
5840.41504 0.262556
5841.41309 0.262527
5842.41211 0.262511
5843.41016 0.262497
5844.40918 0.262484
5845.40820 0.262471
5846.40723 0.262458
5847.40576 0.262444
5848.40479 0.262431
5849.40479 0.262418
5850.40479 0.262404
5851.40479 0.262391
5852.40479 0.262378
5853.40479 0.262365
5854.40479 0.262352
5855.40576 0.262338
5856.40723 0.262325
5857.40820 0.262312
5858.40918 0.262299
5859.41016 0.262286
5860.41211 0.262272
5861.41309 0.262259
5862.41504 0.262242
5863.41699 0.262225
5864.41895 0.262207
5865.42090 0.26219
5866.42383 0.262172
5867.42578 0.262154
5868.42920 0.262136
5869.43213 0.262119
5870.43604 0.262101
5871.43799 0.262084
5872.44189 0.262066
5873.44580 0.262048
5874.45020 0.262031
5875.45410 0.262013
5876.45801 0.261995
5877.46191 0.261978
5878.46680 0.26196
5879.47217 0.261943
5880.47705 0.261925
5881.48096 0.261907
5882.48682 0.261889
5883.49219 0.261871
5884.49805 0.261853
5885.50293 0.261835
5886.50879 0.261816
5887.51514 0.261798
5888.52100 0.26178
5889.52783 0.261762
5890.53516 0.261744
5891.54199 0.261726
5892.54785 0.261707
5893.55518 0.261689
5894.56201 0.261671
5895.56982 0.261653
5896.57812 0.261635
5897.58496 0.261617
5898.59424 0.261598
5899.60205 0.26158
5900.60986 0.261548
5901.61914 0.261508
5902.62695 0.26147
5903.63623 0.261431
5904.64502 0.261393
5905.65381 0.261355
5906.66406 0.261316
5907.67285 0.261278
5908.68311 0.26124
5909.69189 0.261201
5910.70312 0.261179
5911.71289 0.261163
5912.72314 0.261147
5913.73389 0.261131
5914.74512 0.261115
5915.75488 0.261099
5916.76709 0.261084
5917.77783 0.261068
5918.78906 0.261052
5919.80078 0.261036
5920.81201 0.26102
5921.82520 0.261003
5922.83594 0.260979
5923.84912 0.260955
5924.86084 0.260931
5925.87402 0.260906
5926.88721 0.260882
5927.89990 0.260858
5928.91309 0.260834
5929.92578 0.26081
5930.93994 0.260785
5931.95410 0.260761
5932.96680 0.260737
5933.98096 0.260713
5934.99609 0.260688
5936.00977 0.260664
5937.02393 0.26064
5938.03906 0.260616
5939.05420 0.260592
5940.06885 0.260568
5941.08398 0.260543
5942.10010 0.260521
5943.11523 0.2605
5944.13086 0.26048
5945.14697 0.260459
5946.16309 0.260439
5947.17920 0.260418
5948.19580 0.260398
5949.21191 0.260377
5950.22900 0.260357
5951.24609 0.260336
5952.26318 0.260316
5953.28076 0.260295
5954.29785 0.260275
5955.31592 0.260254
5956.33301 0.260234
5957.35205 0.260213
5958.37012 0.260193
5959.38818 0.260172
5960.40723 0.260152
5961.42480 0.260131
5962.44385 0.260113
5963.46289 0.260094
5964.48193 0.260076
5965.50195 0.260058
5966.52100 0.260039
5967.54199 0.260021
5968.56104 0.260003
5969.58203 0.259985
5970.60205 0.259953
5971.62207 0.259912
5972.64307 0.259871
