threeML/data/optical_filters/HST/WFC3_UVIS2-F845M.ecsv
# %ECSV 0.9
# ---
# datatype:
# - {name: wavelength, unit: Angstrom, datatype: float32}
# - {name: response, datatype: float32}
# meta: !!omap
# - {band_name: F845M}
# - {group_name: WFC3_UVIS2}
wavelength response
7070.08203 0.0
7855.64697 0.000412
7856.99121 0.00043
7858.33496 0.000448
7859.68018 0.000466
7861.02393 0.000483
7862.37012 0.000502
7863.71484 0.000528
7865.06006 0.000553
7866.40576 0.000579
7867.75195 0.000604
7869.09814 0.00063
7870.44385 0.000655
7871.79102 0.00068
7873.13818 0.000711
7874.48486 0.000745
7875.83203 0.000778
7877.18018 0.000811
7878.52686 0.000844
7879.87500 0.000877
7881.22412 0.00091
7882.57178 0.000947
7883.91992 0.000994
7885.27002 0.001041
7886.61914 0.001088
7887.96777 0.001135
7889.31689 0.001181
7890.66699 0.001228
7892.01807 0.001275
7893.36816 0.001337
7894.71777 0.001402
7896.06885 0.001466
7897.41992 0.001531
7898.77100 0.001595
7900.12305 0.00166
7901.47412 0.001724
7902.82617 0.0018
7904.17822 0.001889
7905.53076 0.001977
7906.88281 0.002066
7908.23584 0.002154
7909.58887 0.002243
7910.94189 0.002331
7912.29590 0.002422
7913.64893 0.002545
7915.00293 0.002668
7916.35791 0.002791
7917.71191 0.002914
7919.06689 0.003037
7920.42188 0.003159
7921.77686 0.003282
7923.13184 0.003445
7924.48779 0.003626
7925.84424 0.003806
7927.20020 0.003985
7928.55615 0.004165
7929.91309 0.004344
7931.27002 0.004523
7932.62598 0.004725
7933.98389 0.004977
7935.34082 0.005228
7936.69922 0.005479
7938.05713 0.00573
7939.41504 0.00598
7940.77295 0.00623
7942.13184 0.00648
7943.49121 0.006812
7944.85010 0.007147
7946.20898 0.007482
7947.56885 0.007816
7948.92920 0.00815
7950.28906 0.008484
7951.64893 0.008818
7953.00879 0.009235
7954.37012 0.009707
7955.73096 0.010178
7957.09180 0.010649
7958.45410 0.011119
7959.81494 0.011588
7961.17676 0.012056
7962.53906 0.012568
7963.90088 0.013214
7965.26416 0.01386
7966.62695 0.014504
7967.99023 0.015147
7969.35303 0.015789
7970.71680 0.016431
7972.08105 0.017072
7973.44385 0.017933
7974.80908 0.018812
7976.17285 0.019691
7977.53809 0.020568
7978.90283 0.021444
7980.26807 0.022319
7981.63281 0.023196
7982.99902 0.024191
7984.36523 0.025267
7985.73096 0.026343
7987.09717 0.027417
7988.46387 0.02849
7989.83105 0.029562
7991.19678 0.03063
7992.56494 0.031792
7993.93213 0.033213
7995.29980 0.034632
7996.66797 0.03605
7998.03613 0.037465
7999.40381 0.038879
8000.77295 0.040292
8002.14209 0.041706
8003.51123 0.043442
8004.87988 0.045189
8006.25000 0.046935
8007.62012 0.048679
8008.99023 0.050421
8010.35986 0.052159
8011.73096 0.053891
8013.10205 0.05577
8014.47314 0.057725
8015.84424 0.059677
8017.21484 0.061627
8018.58691 0.063574
8019.95898 0.065518
8021.33105 0.06746
8022.70410 0.069434
8024.07617 0.071465
8025.44922 0.073493
8026.82178 0.075518
8028.19482 0.07754
8029.56885 0.079559
8030.94287 0.081584
8032.31689 0.083612
8033.69092 0.085657
8035.06592 0.0877
8036.43994 0.08974
8037.81494 0.091778
8039.19092 0.093814
8040.56592 0.095842
8041.94189 0.097862
8043.31787 0.099722
8044.69385 0.101541
8046.06982 0.103358
8047.44678 0.105172
8048.82422 0.106983
8050.20117 0.108793
8051.57812 0.110599
8052.95605 0.112236
8054.33301 0.113725
8055.71191 0.115214
8057.08984 0.116699
8058.46924 0.118183
8059.84717 0.119665
8061.22705 0.121158
8062.60498 0.122542
8063.98486 0.123646
8065.36523 0.124749
8066.74512 0.12585
8068.12500 0.12695
8069.50488 0.128049
8070.88623 0.129136
8072.26709 0.130205
8073.64795 0.130947
8075.02881 0.131689
8076.41113 0.132429
8077.79199 0.133168
8079.17480 0.133906
8080.55713 0.134643
8081.93896 0.135379
8083.32178 0.1359
8084.70605 0.136366
8086.08887 0.136832
8087.47217 0.137296
8088.85596 0.13776
8090.24023 0.138226
8091.62402 0.138706
8093.00781 0.139064
8094.39307 0.139329
8095.77783 0.139594
8097.16309 0.139858
8098.54785 0.140121
8099.93408 0.140384
8101.31982 0.14063
8102.70605 0.140813
8104.09180 0.140879
8105.47900 0.140945
8106.86621 0.141011
8108.25293 0.141076
8109.64014 0.141141
8111.02783 0.141206
8112.41602 0.141262
8113.80322 0.141267
8115.19092 0.141271
8116.58008 0.141276
8117.96924 0.14128
8119.35791 0.141284
8120.74707 0.141297
8122.13623 0.141319
8123.52588 0.141278
8124.91602 0.141233
8126.30615 0.141187
8127.69580 0.141142
8129.08691 0.141096
8130.47803 0.141045
8131.86914 0.140981
8133.25977 0.140894
8134.65186 0.140799
8136.04297 0.140704
8137.43604 0.140609
8138.82812 0.140514
8140.22021 0.140419
8141.61279 0.140323
8143.00586 0.140219
8144.39893 0.140107
8145.79297 0.139995
8147.18701 0.139883
8148.58105 0.139771
8149.97510 0.13966
8151.36914 0.139565
8152.76416 0.139469
8154.15918 0.139369
8155.55420 0.139269
8156.94922 0.13917
8158.34521 0.13907
8159.74121 0.13897
8161.13721 0.138855
8162.53320 0.138745
8163.93018 0.138665
8165.32617 0.138585
8166.72314 0.138504
8168.12109 0.138424
8169.51807 0.138344
8170.91602 0.138263
8172.31396 0.138182
8173.71191 0.138089
8175.11084 0.137996
8176.50879 0.137903
8177.90820 0.13781
8179.30811 0.137717
8180.70703 0.137633
8182.10596 0.137558
8183.50586 0.13751
8184.90723 0.137466
8186.30713 0.137422
8187.70801 0.137377
8189.10791 0.137333
8190.50977 0.137282
8191.91113 0.137219
8193.31152 0.137174
8194.71484 0.137134
8196.11621 0.137095
8197.51855 0.137055
8198.92090 0.137015
8200.32422 0.136975
8201.72754 0.136938
8203.13086 0.136893
8204.53418 0.136843
8205.93848 0.136793
8207.34180 0.136743
8208.74609 0.136693
8210.15039 0.136645
8211.55469 0.136613
8212.95996 0.136604
8214.36523 0.13662
8215.77148 0.136635
8217.17676 0.13665
8218.58203 0.136665
8219.98828 0.13668
8221.39453 0.136677
8222.80176 0.136656
8224.20801 0.136609
8225.61523 0.136562
8227.02246 0.136514
8228.43066 0.136467
8229.83789 0.136419
8231.24609 0.136381
8232.65430 0.136357
8234.06348 0.136366
8235.47168 0.136375
8236.88086 0.136383
8238.29004 0.136391
8239.70020 0.136399
8241.10938 0.136421
8242.51953 0.136443
8243.92969 0.136448
8245.34082 0.136453
8246.75098 0.136457
8248.16211 0.136461
8249.57324 0.136466
8250.98438 0.136457
8252.39648 0.136443
8253.80859 0.136425
8255.22070 0.136406
8256.63281 0.136387
8258.04590 0.136368
8259.45898 0.136349
8260.87207 0.136329
8262.28516 0.136311
8263.69922 0.136321
8265.11230 0.136331
8266.52637 0.136341
8267.94141 0.136351
8269.35547 0.136361
8270.77148 0.136381
8272.18555 0.136408
8273.60059 0.136381
8275.01660 0.136351
8276.43262 0.136321
8277.84863 0.13629
8279.26465 0.13626
8280.68164 0.136221
8282.09766 0.136172
8283.51465 0.136141
8284.93262 0.136111
8286.34961 0.136082
8287.76758 0.136053
8289.18555 0.136023
8290.60352 0.135993
8292.02246 0.135964
8293.44141 0.135911
8294.86035 0.135853
8296.27930 0.135795
8297.69824 0.135736
8299.11816 0.135678
8300.53809 0.13562
8301.95801 0.135562
8303.37891 0.135498
8304.79980 0.135433
8306.22070 0.135368
8307.64160 0.135303
8309.06152 0.135238
8310.48438 0.135178
8311.90625 0.135131
8313.32812 0.135087
8314.75098 0.135045
8316.17383 0.135003
8317.59668 0.134961
8319.01953 0.134918
8320.44238 0.134871
8321.86621 0.13481
8323.29004 0.134737
8324.71387 0.134659
8326.13867 0.134581
8327.56348 0.134503
8328.98828 0.134425
8330.41309 0.134347
8331.83789 0.134269
8333.26367 0.134184
8334.68945 0.134096
8336.11523 0.134008
8337.54199 0.13392
8338.96875 0.133832
8340.39648 0.133748
8341.82227 0.133678
8343.24902 0.133603
8344.67676 0.133527
8346.10352 0.133451
8347.53223 0.133374
8348.96094 0.133298
8350.38965 0.133216
8351.81836 0.133122
8353.24707 0.133039
8354.67578 0.132962
8356.10547 0.132884
8357.53516 0.132806
8358.96484 0.132729
8360.39648 0.132651
8361.82617 0.132574
8363.25684 0.132475
8364.68652 0.132366
8366.11816 0.132257
8367.54980 0.132148
8368.98145 0.132039
8370.41309 0.13193
8371.84570 0.131821
8373.27832 0.131718
8374.71094 0.131617
8376.14355 0.131516
8377.57617 0.131415
8379.00977 0.131314
8380.44336 0.131219
8381.87695 0.131135
8383.31152 0.131044
8384.74609 0.130948
8386.18066 0.130853
8387.61523 0.130757
8389.04980 0.130662
8390.48535 0.13056
8391.92090 0.130447
8393.35742 0.13034
8394.79297 0.130236
8396.22852 0.130132
8397.66602 0.130027
8399.10254 0.129923
8400.54004 0.129823
8401.97656 0.129732
8403.41406 0.129633
8404.85254 0.129531
8406.29004 0.12943
8407.72852 0.129328
8409.16699 0.129226
8410.60547 0.129132
8412.04492 0.129048
8413.48438 0.128965
8414.92383 0.128884
8416.36328 0.128802
8417.80371 0.12872
8419.24316 0.128638
8420.68457 0.128547
8422.12500 0.128448
8423.56543 0.128335
8425.00684 0.128221
8426.44824 0.128106
8427.89062 0.127992
8429.33203 0.127877
8430.77441 0.127772
8432.21680 0.127674
8433.65918 0.127574
8435.10254 0.127475
8436.54590 0.127375
8437.98926 0.127275
8439.43262 0.127175
8440.87695 0.127075
8442.32129 0.126975
8443.76562 0.126883
8445.20996 0.126792
8446.65527 0.1267
8448.10059 0.126608
8449.54590 0.126516
8450.99121 0.126436
8452.43652 0.12636
8453.88379 0.12628
8455.33008 0.1262
8456.77637 0.12612
8458.22363 0.126039
8459.67090 0.125959
8461.11816 0.125865
8462.56543 0.12577
8464.01367 0.125681
8465.46191 0.125593
8466.91016 0.125505
8468.35840 0.125417
8469.80762 0.125328
8471.25684 0.12524
8472.70605 0.125154
8474.15527 0.125077
8475.60547 0.124999
8477.05566 0.124921
8478.50586 0.124843
8479.95703 0.124766
8481.40723 0.124688
8482.85840 0.124538
8484.31055 0.124264
8485.76172 0.12399
8487.21387 0.123716
8488.66602 0.123442
8490.11816 0.12317
8491.57031 0.122913
8493.02344 0.122743
8494.47656 0.122669
8495.92969 0.122595
8497.38379 0.122521
8498.83789 0.122446
8500.29199 0.122362
8501.74609 0.122241
8503.20020 0.122119
8504.65527 0.121997
8506.11035 0.121875
8507.56543 0.121752
8509.02148 0.12163
8510.47754 0.121508
8511.93359 0.121386
8513.38965 0.121273
8514.84668 0.121163
8516.30273 0.121053
8517.76074 0.120943
8519.21777 0.120833
8520.67480 0.120723
8522.13281 0.120613
8523.59082 0.120482
8525.04980 0.120347
8526.50781 0.120212
8527.96680 0.120078
8529.42578 0.119943
8530.88574 0.119819
8532.34473 0.119701
8533.80469 0.119621
8535.26465 0.119541
8536.72559 0.119461
8538.18555 0.119381
8539.64648 0.119301
8541.10742 0.119208
8542.56934 0.11911
8544.03027 0.119
8545.49219 0.118891
8546.95410 0.118781
8548.41699 0.118671
8549.87988 0.118561
8551.34277 0.118452
8552.80566 0.118348
8554.26855 0.118259
8555.73242 0.118169
8557.19629 0.118079
8558.66016 0.11799
8560.12500 0.1179
8561.58887 0.11781
8563.05371 0.117722
8564.51953 0.117635
8565.98438 0.117549
8567.45020 0.117462
8568.91602 0.117375
8570.38184 0.117292
8571.84863 0.117222
8573.31543 0.117134
8574.78223 0.117038
8576.24902 0.116941
8577.71582 0.116844
8579.18359 0.116748
8580.65137 0.116644
8582.12012 0.11653
8583.58789 0.116435
8585.05664 0.116344
8586.52539 0.116252
8587.99512 0.11616
8589.46387 0.116068
8590.93359 0.115976
8592.40332 0.115885
8593.87402 0.115826
8595.34375 0.115767
8596.81445 0.115707
8598.28516 0.115647
8599.75684 0.115587
8601.22754 0.115528
8602.69922 0.115454
8604.17188 0.115335
8605.64355 0.115217
8607.11621 0.115098
8608.58887 0.114979
8610.06152 0.114861
8611.53418 0.114758
8613.00781 0.114659
8614.48145 0.114564
8615.95605 0.11447
8617.42969 0.114375
8618.90430 0.11428
8620.37891 0.114181
8621.85352 0.11407
8623.32910 0.11398
8624.80469 0.1139
8626.28027 0.11382
8627.75586 0.11374
8629.23242 0.11366
8630.70801 0.113597
8632.18457 0.11355
8633.66211 0.113488
8635.13867 0.113422
8636.61621 0.113357
8638.09375 0.113291
8639.57227 0.113226
8641.05078 0.11316
8642.52832 0.113098
8644.00781 0.11307
8645.48633 0.113042
8646.96582 0.113014
8648.44531 0.112986
8649.92480 0.112957
8651.40430 0.112929
8652.88477 0.112888
8654.36523 0.112826
8655.84570 0.112763
8657.32715 0.1127
8658.80859 0.112638
8660.29004 0.112578
8661.77148 0.11253
8663.25391 0.112488
8664.73535 0.112449
8666.21777 0.11241
8667.70117 0.112371
8669.18359 0.112332
8670.66699 0.112285
8672.15039 0.112229
8673.63477 0.112204
8675.11816 0.112185
8676.60254 0.112165
8678.08691 0.112145
8679.57227 0.112125
8681.05664 0.112105
8682.54199 0.112081
8684.02832 0.112028
8685.51367 0.111974
8687.00000 0.111921
8688.48633 0.111867
8689.97266 0.111813
8691.45898 0.111759
8692.94629 0.111711
8694.43359 0.111673
8695.92090 0.111635
8697.40918 0.111596
8698.89746 0.111558
8700.38574 0.111519
8701.87402 0.11148
8703.36328 0.111421
8704.85254 0.111352
8706.34180 0.111283
8707.83105 0.111214
8709.32129 0.111145
8710.81055 0.111084
8712.30176 0.111031
8713.79199 0.11098
8715.28320 0.110929
8716.77441 0.110878
8718.26562 0.110826
8719.75684 0.110775
8721.24902 0.11071
8722.74121 0.110643
8724.23340 0.110574
8725.72656 0.110505
8727.21875 0.110435
8728.71191 0.110366
8730.20605 0.110297
8731.69922 0.110227
8733.19336 0.110146
8734.68848 0.110055
8736.18164 0.109964
8737.67676 0.109873
8739.17188 0.109782
8740.66699 0.109691
8742.16211 0.109599
8743.65820 0.109493
8745.15430 0.109384
8746.65039 0.109275
8748.14648 0.109166
8749.64355 0.109057
8751.14062 0.108948
8752.63770 0.108839
8754.13574 0.108736
8755.63281 0.108633
8757.13086 0.10853
8758.62988 0.108426
8760.12793 0.108324
8761.62695 0.108236
8763.12598 0.108142
8764.62500 0.108042
8766.12500 0.107942
8767.62500 0.107841
8769.12500 0.10774
8770.62500 0.107633
8772.12598 0.107517
8773.62695 0.107371
8775.12793 0.107218
8776.62891 0.107065
8778.13086 0.106912
8779.63281 0.106759
8781.13477 0.106606
8782.63770 0.106459
8784.13965 0.106347
8785.64258 0.106234
8787.14648 0.106121
8788.64941 0.106008
8790.15332 0.105894
8791.65723 0.105781
8793.16113 0.105654
8794.66602 0.105512
8796.17090 0.105371
8797.67578 0.10523
8799.18066 0.105088
8800.68652 0.104937
8802.19238 0.104775
8803.69824 0.104653
8805.20410 0.104538
8806.71094 0.104422
8808.21777 0.104307
8809.72461 0.104191
8811.23145 0.104088
8812.73926 0.103984
8814.24707 0.103868
8815.75488 0.103752
8817.26367 0.103635
8818.77246 0.103519
8820.28125 0.103399
8821.79004 0.103267
8823.29980 0.103153
8824.80957 0.103052
8826.31934 0.10295
8827.82910 0.102848
8829.33984 0.102746
8830.85059 0.102658
8832.36133 0.102582
8833.87207 0.102527
8835.38379 0.102473
8836.89648 0.102419
8838.40723 0.102365
8839.91992 0.10231
8841.43164 0.102256
8842.94434 0.102192
8844.45801 0.10211
8845.97070 0.102028
8847.48438 0.101945
8848.99805 0.101863
8850.51172 0.10178
8852.02637 0.101698
8853.54102 0.101529
8855.05566 0.101328
8856.57129 0.101128
8858.08594 0.100928
8859.60156 0.100727
8861.11719 0.100527
8862.63379 0.100293
8864.15039 0.099842
8865.66699 0.099392
8867.18359 0.098942
8868.70020 0.098492
8870.21777 0.098045
8871.73535 0.097611
8873.25391 0.096913
8874.77148 0.095992
8876.29004 0.095072
8877.80859 0.094153
8879.32812 0.093234
8880.84668 0.092309
8882.36621 0.09138
8883.88574 0.090015
8885.40625 0.08863
8886.92676 0.087247
8888.44727 0.085866
8889.96777 0.084487
8891.48828 0.083111
8893.00977 0.081504
8894.53125 0.079509
8896.05371 0.077518
8897.57520 0.075531
8899.09766 0.073546
8900.62012 0.071564
8902.14355 0.069585
8903.66602 0.067346
8905.18945 0.065044
8906.71289 0.062747
8908.23730 0.060452
8909.76172 0.058162
8911.28613 0.055875
8912.81055 0.053641
8914.33496 0.051562
8915.86035 0.049486
8917.38574 0.047414
8918.91211 0.045344
8920.43848 0.04328
8921.96387 0.041218
8923.49023 0.03933
8925.01758 0.037523
8926.54395 0.03572
8928.07129 0.03392
8929.59863 0.032123
8931.12695 0.030329
8932.65527 0.02859
8934.18359 0.027194
8935.71191 0.025801
8937.24023 0.024411
8938.76953 0.023022
8940.29883 0.021637
8941.82910 0.020256
8943.35840 0.01912
8944.88867 0.018152
8946.41895 0.017186
8947.95020 0.016221
8949.48047 0.015259
8951.01172 0.014295
8952.54395 0.01335
8954.07520 0.012685
8955.60742 0.012021
8957.13965 0.011359
8958.67188 0.010697
8960.20508 0.010037
8961.73828 0.009378
8963.27148 0.008827
8964.80469 0.008372
8966.33887 0.007918
8967.87305 0.007465
8969.40723 0.007012
8970.94141 0.00656
8972.47656 0.006111
8974.01172 0.005817
8975.54688 0.005524
8977.08301 0.005231
8978.61816 0.004939
8980.15527 0.004647
8981.69141 0.004356
8983.22754 0.004112
8984.76465 0.003915
8986.30176 0.003719
8987.83984 0.003522
8989.37793 0.003327
8990.91602 0.003131
8992.45410 0.002936
8993.99219 0.002807
8995.53125 0.002678
8997.07031 0.00255
8998.60938 0.002422
9000.14941 0.002294
9001.68945 0.002166
9003.22852 0.002059
9004.76953 0.001974
9006.31055 0.001889
9007.85156 0.001803
9009.39258 0.001718
9010.93359 0.001634
9012.47559 0.001549
9014.01758 0.001477
9015.55957 0.001406
9017.10254 0.001334
9018.64648 0.001262
9020.18848 0.001191
9021.73145 0.001119
9023.27539 0.001067
9024.81934 0.001033
9026.36328 0.000999
9027.90723 0.000965
9029.45215 0.000931
9030.99707 0.000898
9032.54199 0.000864
9034.08789 0.000842
9035.63281 0.00082
9037.17871 0.000798
9038.72559 0.000776
9040.27148 0.000754
9041.81836 0.000732
9043.36523 0.000704
9044.91309 0.000673
9046.45996 0.000641
9048.00781 0.000609
9049.55664 0.000578
9051.10352 0.000546
9052.65332 0.000517
9054.20215 0.00051
9055.75098 0.000502
9057.30078 0.000494
9058.85059 0.000486
9060.40039 0.000479
9061.95020 0.000471
9063.50098 0.000454
9065.05176 0.000433
9066.60254 0.000412
9973.26270 0.0
