threeML/data/optical_filters/HST/WFC3_UVIS1-FQ508N.ecsv
# %ECSV 0.9
# ---
# datatype:
# - {name: wavelength, unit: Angstrom, datatype: float32}
# - {name: response, datatype: float32}
# meta: !!omap
# - {band_name: FQ508N}
# - {group_name: WFC3_UVIS1}
wavelength response
4492.95361 0.0
4992.17090 0.000441
4993.02490 0.000493
4993.87891 0.000562
4994.73291 0.000633
4995.58789 0.000712
4996.44287 0.000805
4997.29785 0.000914
4998.15283 0.001035
4999.00781 0.001169
4999.86279 0.001333
5000.71924 0.001513
5001.57422 0.001726
5002.43018 0.001992
5003.28613 0.002252
5004.14209 0.002598
5004.99805 0.002983
5005.85400 0.003416
5006.71094 0.003945
5007.56689 0.004536
5008.42383 0.005273
5009.28076 0.006111
5010.13818 0.007095
5010.99609 0.008277
5011.85303 0.009563
5012.70996 0.011237
5013.56787 0.013179
5014.42578 0.015476
5015.28418 0.018101
5016.14209 0.021005
5017.00000 0.024782
5017.85791 0.029275
5018.71680 0.034339
5019.57617 0.040393
5020.43506 0.046652
5021.29297 0.054825
5022.15186 0.064064
5023.01221 0.074089
5023.87109 0.085058
5024.73096 0.096402
5025.58984 0.109508
5026.45020 0.123304
5027.31104 0.136699
5028.16992 0.150112
5029.03076 0.161636
5029.89111 0.173878
5030.75195 0.184581
5031.61279 0.193428
5032.47412 0.200997
5033.33398 0.206401
5034.19580 0.211509
5035.05713 0.215127
5035.91797 0.217527
5036.77979 0.218714
5037.64209 0.219775
5038.50391 0.220127
5039.36621 0.219868
5040.22803 0.219792
5041.08984 0.218907
5041.95312 0.218734
5042.81494 0.217947
5043.67822 0.216994
5044.54102 0.216683
5045.40381 0.216031
5046.26807 0.215635
5047.13086 0.215038
5047.99512 0.214622
5048.85791 0.214374
5049.72217 0.214249
5050.58594 0.214499
5051.45020 0.214118
5052.31396 0.213756
5053.17920 0.214111
5054.04297 0.213991
5054.90820 0.214027
5055.77295 0.214454
5056.63818 0.214312
5057.50293 0.214732
5058.36914 0.215025
5059.23389 0.215204
5060.10010 0.215694
5060.96484 0.216036
5061.83105 0.21627
5062.69678 0.217064
5063.56299 0.216988
5064.43018 0.2177
5065.29590 0.218024
5066.16309 0.21848
5067.02979 0.21885
5067.89600 0.219213
5068.76416 0.219535
5069.63086 0.219547
5070.49902 0.219843
5071.36621 0.220373
5072.23291 0.220376
5073.10205 0.220569
5073.96924 0.221025
5074.83691 0.221068
5075.70605 0.221063
5076.57422 0.220956
5077.44287 0.220827
5078.31201 0.221123
5079.18115 0.220973
5080.04883 0.220473
5080.91797 0.220552
5081.78809 0.220353
5082.65723 0.220677
5083.52686 0.220613
5084.39697 0.220209
5085.26709 0.219813
5086.13721 0.219612
5087.00684 0.219278
5087.87695 0.219131
5088.74805 0.218827
5089.61914 0.218352
5090.48877 0.218271
5091.35986 0.217923
5092.23096 0.217775
5093.10303 0.217345
5093.97412 0.217163
5094.84619 0.217132
5095.71680 0.216911
5096.58887 0.216385
5097.46094 0.216561
5098.33301 0.216474
5099.20605 0.216362
5100.07812 0.216069
5100.95117 0.216043
5101.82324 0.215677
5102.69580 0.215764
5103.56885 0.215567
5104.44189 0.216009
5105.31592 0.215549
5106.18896 0.215967
5107.06299 0.215511
5107.93701 0.215771
5108.81104 0.215869
5109.68506 0.215599
5110.55908 0.215774
5111.43408 0.21571
5112.30811 0.215542
5113.18311 0.215644
5114.05811 0.215526
5114.93311 0.215371
5115.80811 0.215272
5116.68311 0.214917
5117.55811 0.214743
5118.43408 0.214857
5119.31006 0.214238
5120.18604 0.214004
5121.06201 0.213795
5121.93799 0.213486
5122.81396 0.213226
5123.68994 0.21271
5124.56689 0.212155
5125.44385 0.211815
5126.32080 0.211466
5127.19824 0.210771
5128.07520 0.210472
5128.95312 0.209937
5129.83008 0.2097
5130.70801 0.209223
5131.58496 0.208964
5132.46387 0.20888
5133.34180 0.208482
5134.22021 0.208388
5135.09912 0.20845
5135.97705 0.20862
5136.85596 0.208584
5137.73486 0.208902
5138.61377 0.209314
5139.49316 0.209854
5140.37207 0.210211
5141.25195 0.210865
5142.13086 0.211606
5143.01123 0.212074
5143.89111 0.21226
5144.77100 0.212541
5145.65088 0.212334
5146.53223 0.211882
5147.41309 0.210471
5148.29297 0.207947
5149.17383 0.204402
5150.05518 0.200444
5150.93604 0.194285
5151.81689 0.186277
5152.69922 0.177281
5153.58105 0.166657
5154.46191 0.155955
5155.34424 0.1431
5156.22607 0.130096
5157.10791 0.11609
5157.99121 0.102975
5158.87305 0.091583
5159.75586 0.079867
5160.63916 0.069473
5161.52100 0.059303
5162.40479 0.050689
5163.28809 0.043758
5164.17090 0.037356
5165.05518 0.032013
5165.93799 0.02711
5166.82324 0.02298
5167.70703 0.019691
5168.59082 0.01682
5169.47510 0.014536
5170.35889 0.012384
5171.24414 0.010585
5172.12891 0.009082
5173.01416 0.007837
5173.89893 0.006845
5174.78418 0.005896
5175.66895 0.005068
5176.55518 0.004408
5177.44092 0.00382
5178.32715 0.003366
5179.21191 0.002945
5180.09912 0.002559
5180.98486 0.002244
5181.87207 0.001962
5182.75781 0.001733
5183.64502 0.001521
5184.53223 0.001344
5185.41797 0.001185
5186.30615 0.001053
5187.19287 0.000932
5188.08105 0.000828
5188.96777 0.000738
5189.85596 0.000655
5190.74414 0.000581
5191.63184 0.000524
5192.52100 0.000471
5193.40918 0.000421
5712.75000 0.0
