threeML/data/optical_filters/HST/WFC3_UVIS2-F606W.ecsv
# %ECSV 0.9
# ---
# datatype:
# - {name: wavelength, unit: Angstrom, datatype: float32}
# - {name: response, datatype: float32}
# meta: !!omap
# - {band_name: F606W}
# - {group_name: WFC3_UVIS2}
wavelength response
[from data line 1610]
6107.59277 0.27459
6108.63184 0.274752
6109.67188 0.274913
6110.71191 0.275075
6111.75195 0.275232
6112.79199 0.275307
6113.83301 0.275383
6114.87305 0.275458
6115.91406 0.275533
6116.95508 0.275609
6117.99609 0.275684
6119.03711 0.27576
6120.07910 0.275835
6121.12012 0.275911
6122.16211 0.27596
6123.20410 0.275978
6124.24609 0.275995
6125.28809 0.276013
6126.33105 0.276031
6127.37402 0.276048
6128.41699 0.276066
6129.45898 0.276083
6130.50195 0.276101
6131.54590 0.276118
6132.58887 0.276121
6133.63281 0.276121
6134.67676 0.27612
6135.72119 0.27612
6136.76611 0.27612
6137.81006 0.27612
6138.85400 0.27612
6139.89893 0.27612
6140.94385 0.27612
6141.99023 0.276135
6143.03516 0.27619
6144.08105 0.276244
6145.12598 0.276298
6146.17188 0.276353
6147.21777 0.276407
6148.26416 0.276461
6149.31104 0.276516
6150.35693 0.276562
6151.40381 0.276591
6152.45117 0.276673
6153.49805 0.276776
6154.54492 0.276879
6155.59277 0.276982
6156.64111 0.277085
6157.68799 0.277187
6158.73584 0.27729
6159.78516 0.277393
6160.83301 0.277516
6161.88086 0.277653
6162.93018 0.277837
6163.97900 0.278021
6165.02783 0.278206
6166.07812 0.27839
6167.12695 0.278575
6168.17676 0.278759
6169.22705 0.278944
6170.27588 0.279128
6171.32715 0.279313
6172.37695 0.279499
6173.42676 0.279687
6174.47803 0.279874
6175.52881 0.280062
6176.58008 0.280249
6177.63086 0.280437
6178.68311 0.280625
6179.73389 0.280812
6180.78613 0.281
6181.83789 0.281175
6182.89014 0.281256
6183.94189 0.281338
6184.99512 0.281419
6186.04688 0.2815
6187.10107 0.281582
6188.15283 0.281663
6189.20703 0.281745
6190.25977 0.281826
6191.31299 0.281907
6192.36719 0.281886
6193.42090 0.2818
6194.47510 0.281715
6195.52979 0.28163
6196.58398 0.281545
6197.63916 0.28146
6198.69287 0.281374
6199.74902 0.281289
6200.80420 0.281185
6201.85889 0.281046
6202.91504 0.28073
6203.97021 0.280415
6205.02588 0.280099
6206.08203 0.279783
6207.13916 0.279467
6208.19482 0.279151
6209.25098 0.278835
6210.30811 0.278527
6211.36523 0.278236
6212.42188 0.277847
6213.47900 0.27741
6214.53711 0.276972
6215.59521 0.276534
6216.65283 0.276095
6217.71094 0.275657
6218.76904 0.275219
6219.82812 0.27478
6220.88623 0.274342
6221.94482 0.273894
6223.00391 0.273416
6224.06299 0.272937
6225.12207 0.272458
6226.18213 0.271979
6227.24121 0.271499
6228.30078 0.27102
6229.36084 0.27054
6230.42090 0.270061
6231.48193 0.269583
6232.54199 0.269173
6233.60303 0.268782
6234.66406 0.268391
6235.72510 0.268
6236.78711 0.267609
6237.84814 0.267218
6238.91016 0.266826
6239.97217 0.266435
6241.03418 0.26602
6242.09619 0.265656
6243.15820 0.26539
6244.22119 0.265124
6245.28320 0.264858
6246.34619 0.264591
6247.41016 0.264325
6248.47314 0.264059
6249.53613 0.263793
6250.60010 0.26354
6251.66406 0.263298
6252.72803 0.26326
6253.79199 0.263236
6254.85596 0.263213
6255.92090 0.263189
6256.98486 0.263165
6258.04980 0.263141
6259.11621 0.263117
6260.18115 0.263093
6261.24609 0.263069
6262.31201 0.263165
6263.37793 0.263361
6264.44385 0.263557
6265.50977 0.263753
6266.57617 0.263949
6267.64307 0.264145
6268.70898 0.264341
6269.77588 0.264537
6270.84424 0.264733
6271.91113 0.264956
6272.97900 0.26531
6274.04590 0.265665
6275.11377 0.266019
6276.18213 0.266374
6277.25000 0.266729
6278.31787 0.267083
6279.38721 0.267438
6280.45605 0.267793
6281.52393 0.268148
6282.59424 0.268573
6283.66309 0.269015
6284.73193 0.269457
6285.80176 0.269899
6286.87207 0.270342
6287.94189 0.270784
6289.01221 0.271227
6290.08301 0.271668
6291.15283 0.272085
6292.22412 0.272496
6293.29395 0.272898
6294.36621 0.273299
6295.43701 0.273701
6296.50781 0.274103
6297.58008 0.274504
6298.65186 0.274906
6299.72412 0.275308
6300.79590 0.275728
6301.86816 0.276147
6302.94092 0.276501
6304.01416 0.276856
6305.08594 0.277211
6306.16016 0.277566
6307.23291 0.277921
6308.30713 0.278276
6309.37988 0.278631
6310.45410 0.278987
6311.52783 0.279342
6312.60205 0.279587
6313.67578 0.279805
6314.75098 0.280023
6315.82617 0.280241
6316.90088 0.280459
6317.97607 0.280677
6319.05078 0.280895
6320.12598 0.281114
6321.20215 0.281332
6322.27783 0.281492
6323.35400 0.281593
6324.43018 0.281694
6325.50684 0.281795
6326.58301 0.281896
6327.66016 0.281997
6328.73682 0.282098
6329.81396 0.282199
6330.89209 0.282278
6331.96924 0.282335
6333.04590 0.28232
6334.12500 0.282305
6335.20312 0.28229
6336.28076 0.282275
6337.35889 0.28226
6338.43701 0.282245
6339.51709 0.28223
6340.59619 0.282229
6341.67480 0.28224
6342.75391 0.282235
6343.83301 0.28223
6344.91309 0.282224
6345.99316 0.282218
6347.07324 0.282212
6348.15283 0.282207
6349.23389 0.282201
6350.31396 0.282195
6351.39502 0.282189
6352.47607 0.282202
6353.55713 0.282224
6354.63916 0.282245
6355.72021 0.282267
6356.80176 0.282289
6357.88379 0.282311
6358.96582 0.282333
6360.04785 0.282355
6361.13086 0.282377
6362.21289 0.28241
6363.29590 0.282459
6364.37891 0.282507
6365.46191 0.282556
6366.54590 0.282604
6367.62891 0.282653
6368.71289 0.282702
6369.79688 0.28275
6370.88086 0.282778
6371.96484 0.282802
6373.04980 0.282838
6374.13379 0.282874
6375.21924 0.28291
6376.30420 0.282946
6377.39014 0.282982
6378.47510 0.283018
6379.56104 0.283054
6380.64600 0.283105
6381.73193 0.283167
6382.81787 0.283207
6383.90479 0.283247
6384.99121 0.283286
6386.07812 0.283325
6387.16504 0.283365
6388.25195 0.283405
6389.33887 0.283444
6390.42676 0.283483
6391.51416 0.283523
6392.60205 0.283479
6393.68994 0.283411
6394.77783 0.283342
6395.86719 0.283273
6396.95508 0.283205
6398.04395 0.283136
6399.13281 0.283067
6400.22217 0.282999
6401.31201 0.28293
6402.40088 0.282787
6403.49023 0.28259
6404.58008 0.282393
6405.66992 0.282196
6406.76123 0.281999
6407.85107 0.281802
6408.94092 0.281605
6410.03223 0.281407
6411.12305 0.281184
6412.21387 0.28091
6413.30615 0.280564
6414.39697 0.280218
6415.48877 0.279872
6416.58105 0.279525
6417.67285 0.279179
6418.76514 0.278833
6419.85693 0.278486
6420.95020 0.278162
6422.04297 0.27782
6423.13623 0.277414
6424.22900 0.277007
6425.32324 0.276601
6426.41602 0.276194
6427.50977 0.275787
6428.60400 0.27538
6429.69824 0.274973
6430.79199 0.274562
6431.88721 0.274149
6432.98096 0.273739
6434.07617 0.273329
6435.17090 0.272919
6436.26709 0.272509
6437.36182 0.272099
6438.45801 0.271688
6439.55420 0.271278
6440.64893 0.270867
6441.74609 0.270456
6442.84180 0.270128
6443.93799 0.269803
6445.03516 0.269478
6446.13184 0.269152
6447.22900 0.268827
6448.32715 0.268501
6449.42383 0.268175
6450.52197 0.267838
6451.62012 0.267486
6452.71777 0.267266
6453.81592 0.267068
6454.91504 0.26687
6456.01318 0.266672
6457.11182 0.266475
6458.21094 0.266277
6459.31006 0.266079
6460.40918 0.26589
6461.50879 0.265717
6462.60791 0.265703
6463.70801 0.265742
6464.80908 0.26578
6465.90918 0.265819
6467.00879 0.265858
6468.10986 0.265897
6469.21094 0.265936
6470.31201 0.265974
6471.41309 0.266013
6472.51514 0.266168
6473.61621 0.266382
6474.71777 0.266596
6475.81982 0.266811
6476.92188 0.267025
6478.02393 0.26724
6479.12695 0.267455
6480.22900 0.267669
6481.33301 0.267884
6482.43604 0.268169
6483.53906 0.268505
6484.64209 0.268841
6485.74609 0.269176
6486.85010 0.269512
6487.95410 0.269848
6489.05811 0.270184
6490.16309 0.270517
6491.26709 0.270827
6492.37207 0.271169
6493.47705 0.271539
6494.58203 0.27191
6495.68799 0.27228
6496.79297 0.272651
6497.89795 0.273021
6499.00391 0.273392
6500.11084 0.273759
6501.21680 0.274097
6502.32324 0.274427
6503.43018 0.274747
6504.53711 0.275067
6505.64404 0.275387
6506.75098 0.275707
6507.85889 0.276026
6508.96582 0.276346
6510.07422 0.276665
6511.18213 0.276984
6512.29004 0.277262
6513.39795 0.277487
6514.50684 0.277712
6515.61621 0.277937
6516.72510 0.278162
6517.83398 0.278386
6518.94287 0.278611
6520.05322 0.278834
6521.16309 0.279032
6522.27197 0.279189
6523.38184 0.27929
6524.49316 0.279392
6525.60303 0.279493
6526.71387 0.279594
6527.82520 0.279695
6528.93604 0.279797
6530.04688 0.279899
6531.15820 0.280026
6532.27002 0.280117
6533.38086 0.280158
6534.49414 0.280199
6535.60498 0.280239
6536.71777 0.28028
6537.83105 0.280321
6538.94287 0.280361
6540.05615 0.280402
6541.16895 0.280442
6542.28223 0.280453
6543.39600 0.280425
6544.50977 0.280397
6545.62402 0.280369
6546.73682 0.280341
6547.85205 0.280313
6548.96582 0.280285
6550.08105 0.280257
6551.19482 0.280229
6552.31104 0.280186
6553.42578 0.280125
6554.54102 0.280065
6555.65723 0.280004
6556.77197 0.279943
6557.88818 0.279883
6559.00391 0.279822
6560.12109 0.279759
6561.23682 0.279671
6562.35400 0.279578
6563.47119 0.279479
6564.58789 0.27938
6565.70508 0.279281
6566.82324 0.279182
6567.93994 0.279083
6569.05811 0.278984
6570.17578 0.27889
6571.29395 0.278817
6572.41309 0.278743
6573.53076 0.278666
6574.64990 0.278589
6575.76904 0.278512
6576.88818 0.278436
6578.00781 0.278359
6579.12695 0.278282
6580.24707 0.278206
6581.36719 0.278129
6582.48682 0.278033
6583.60693 0.277926
6584.72803 0.277818
6585.84912 0.27771
6586.96924 0.277603
6588.08984 0.277495
6589.21191 0.277387
6590.33301 0.277272
6591.45508 0.277137
6592.57715 0.276983
6593.69922 0.27682
6594.82080 0.276657
6595.94287 0.276494
6597.06592 0.276331
6598.18896 0.276168
6599.31201 0.276005
6600.43506 0.275852
6601.55811 0.275716
6602.68213 0.275556
6603.80615 0.275389
6604.93018 0.275222
6606.05420 0.275056
6607.17822 0.274889
6608.30322 0.274722
6609.42676 0.274556
6610.55176 0.274389
6611.67676 0.274222
6612.80176 0.274048
6613.92822 0.273872
6615.05420 0.273696
6616.18018 0.27352
6617.30615 0.273344
6618.43213 0.273169
6619.55811 0.272993
6620.68506 0.272817
6621.81201 0.272642
6622.93799 0.272484
6624.06592 0.272327
6625.19287 0.272169
6626.32080 0.272012
6627.44922 0.271855
6628.57715 0.271698
6629.70508 0.27154
6630.83301 0.271355
6631.96094 0.271164
6633.08984 0.271005
6634.21924 0.270846
6635.34814 0.270688
6636.47803 0.270529
6637.60693 0.270371
6638.73682 0.270212
6639.86719 0.270054
6640.99707 0.269919
6642.12695 0.269797
6643.25781 0.269708
6644.38818 0.269618
6645.51904 0.269529
6646.64990 0.269439
6647.78076 0.26935
6648.91309 0.26926
6650.04395 0.269171
6651.17578 0.269081
6652.30811 0.268998
6653.43994 0.268924
6654.57324 0.268851
6655.70605 0.268778
6656.83789 0.268704
6657.97119 0.268631
6659.10400 0.268557
6660.23779 0.268478
6661.37109 0.268378
6662.50488 0.26826
6663.63916 0.268129
6664.77295 0.267998
6665.90723 0.267867
6667.04199 0.267736
6668.17676 0.267605
6669.31201 0.267473
6670.44580 0.267353
6671.58203 0.267248
6672.71680 0.267091
6673.85303 0.266918
6674.98877 0.266745
6676.12500 0.266572
6677.26123 0.2664
6678.39697 0.266227
6679.53418 0.266055
6680.67090 0.265882
6681.80811 0.26571
6682.94482 0.265507
6684.08301 0.265304
6685.22021 0.2651
6686.35791 0.264896
6687.49609 0.264693
6688.63379 0.26449
6689.77197 0.264286
6690.91113 0.264062
6692.04980 0.263826
6693.18896 0.263557
6694.32812 0.263288
6695.46680 0.263019
6696.60693 0.26275
6697.74707 0.262482
6698.88721 0.262213
6700.02686 0.261945
6701.16699 0.261702
6702.30811 0.26147
6703.44824 0.261252
6704.58887 0.261033
6705.72998 0.260815
6706.87207 0.260597
6708.01318 0.26038
6709.15479 0.260162
6710.29688 0.259944
6711.43799 0.259726
6712.58105 0.259545
6713.72412 0.259385
6714.86621 0.259225
6716.00879 0.259065
6717.15186 0.258905
6718.29492 0.258745
6719.43799 0.258586
6720.58203 0.258413
6721.72607 0.258227
6722.87012 0.258133
6724.01416 0.258049
6725.15918 0.257966
6726.30322 0.257883
6727.44824 0.2578
6728.59277 0.257717
6729.73779 0.257634
6730.88379 0.25757
6732.02881 0.257528
6733.17480 0.257578
6734.32080 0.257628
6735.46680 0.257678
6736.61279 0.257728
6737.75977 0.257778
6738.90723 0.257828
6740.05420 0.257877
6741.20117 0.257927
6742.34814 0.258012
6743.49609 0.258144
6744.64307 0.258275
6745.79102 0.258407
6746.93896 0.258539
6748.08691 0.25867
6749.23584 0.258802
6750.38477 0.258925
6751.53418 0.25903
6752.68311 0.259168
6753.83203 0.259319
6754.98096 0.25947
6756.13086 0.259622
6757.28076 0.259772
6758.43115 0.259923
6759.58203 0.260074
6760.73193 0.26024
6761.88184 0.260416
6763.03320 0.260572
6764.18506 0.260728
6765.33496 0.260883
6766.48682 0.261038
6767.63916 0.261194
6768.79102 0.261349
6769.94189 0.261504
6771.09521 0.261659
6772.24707 0.261799
6773.39990 0.261907
6774.55322 0.262016
6775.70605 0.262125
6776.85889 0.262234
6778.01221 0.262342
6779.16602 0.262451
6780.31885 0.262552
6781.47412 0.262634
6782.62793 0.262671
6783.78223 0.262684
6784.93701 0.262697
6786.09082 0.26271
6787.24707 0.262723
6788.40088 0.262737
6789.55713 0.26275
6790.71191 0.262779
6791.86816 0.262818
6793.02393 0.262805
6794.18018 0.262793
6795.33691 0.26278
6796.49316 0.262768
6797.64990 0.262755
6798.80713 0.262743
6799.96387 0.26273
6801.12207 0.262718
6802.27881 0.262692
6803.43701 0.262642
6804.59521 0.262592
6805.75195 0.262541
6806.91113 0.262491
6808.06885 0.262441
6809.22803 0.262391
6810.38721 0.262332
6811.54590 0.262255
6812.70605 0.262165
6813.86523 0.26207
6815.02393 0.261974
6816.18506 0.261879
6817.34521 0.261784
6818.50488 0.261688
6819.66602 0.261593
6820.82617 0.261516
6821.98682 0.261447
6823.14795 0.261373
6824.30908 0.261299
6825.47119 0.261225
6826.63184 0.261151
6827.79395 0.261077
6828.95703 0.261003
6830.11914 0.26093
6831.28076 0.260863
6832.44385 0.260785
6833.60596 0.260695
6834.77002 0.260604
6835.93311 0.260514
6837.09619 0.260423
6838.25977 0.260333
6839.42383 0.260243
6840.58789 0.260139
6841.75195 0.260022
6842.91699 0.259905
6844.08105 0.259788
6845.24609 0.259671
6846.41113 0.259553
6847.57617 0.259436
6848.74219 0.259319
6849.90723 0.259201
6851.07324 0.259108
6852.23877 0.259016
6853.40479 0.258921
6854.57178 0.258825
6855.73779 0.25873
6856.90479 0.258635
6858.07178 0.25854
6859.24023 0.258445
6860.40723 0.25834
6861.57520 0.258219
6862.74219 0.258114
6863.91113 0.258015
6865.07910 0.257916
6866.24707 0.257817
6867.41602 0.257718
6868.58398 0.257619
6869.75293 0.25752
6870.92285 0.257441
6872.09180 0.257369
6873.26221 0.257303
6874.43213 0.257236
6875.60205 0.257169
6876.77100 0.257103
6877.94189 0.257036
6879.11279 0.25697
6880.28418 0.256903
6881.45508 0.256836
6882.62500 0.256797
6883.79688 0.256773
6884.96924 0.25675
6886.14111 0.256727
6887.31299 0.256704
6888.48486 0.25668
6889.65723 0.256657
6890.83008 0.256615
6892.00195 0.256564
6893.17480 0.256488
6894.34912 0.256412
6895.52197 0.256336
6896.69580 0.25626
6897.86914 0.256184
6899.04297 0.256108
6900.21777 0.256037
6901.39209 0.255987
6902.56592 0.255896
6903.74121 0.255775
6904.91699 0.255653
6906.09082 0.255531
6907.26709 0.25541
6908.44189 0.255288
6909.61816 0.255167
6910.79395 0.255045
6911.97021 0.254917
6913.14697 0.254674
6914.32324 0.254431
6915.50000 0.254188
6916.67676 0.253945
6917.85400 0.253702
6919.03223 0.25346
6920.20898 0.253212
6921.38721 0.252944
6922.56494 0.252573
6923.74316 0.252121
6924.92188 0.25167
6926.10010 0.251219
6927.27881 0.250767
6928.45801 0.250316
6929.63721 0.249865
6930.81689 0.249432
6931.99609 0.249
6933.17578 0.248475
6934.35596 0.247951
6935.53613 0.247426
6936.71680 0.246901
6937.89697 0.246377
6939.07812 0.245853
6940.25879 0.245323
6941.43994 0.244774
6942.62207 0.244202
6943.80322 0.243614
6944.98486 0.243026
6946.16699 0.242438
6947.35010 0.241851
6948.53223 0.241264
6949.71387 0.240677
6950.89697 0.24011
6952.08008 0.239562
6953.26416 0.239102
6954.44678 0.238642
6955.62988 0.238182
6956.81396 0.237723
6957.99902 0.237263
6959.18311 0.236804
6960.36719 0.236344
6961.55176 0.235885
6962.73584 0.235569
6963.92090 0.235316
6965.10693 0.235064
6966.29199 0.234811
6967.47803 0.234559
6968.66406 0.234307
6969.85010 0.234054
6971.03613 0.233782
6972.22217 0.233574
6973.40918 0.233571
6974.59619 0.233568
6975.78320 0.233565
6976.97021 0.233561
6978.15820 0.233558
6979.34521 0.233555
6980.53320 0.233562
6981.72119 0.233583
6982.90918 0.233784
6984.09814 0.234024
6985.28711 0.234263
6986.47607 0.234502
6987.66504 0.234741
6988.85400 0.23498
6990.04297 0.235218
6991.23291 0.235457
6992.42285 0.235764
6993.61279 0.236169
6994.80322 0.236573
6995.99414 0.236977
6997.18408 0.237381
6998.37500 0.237785
6999.56592 0.238188
7000.75781 0.238566
7001.94922 0.238929
