threeML/data/optical_filters/HST/WFC3_UVIS2-F300X.ecsv
# %ECSV 0.9
# ---
# datatype:
# - {name: wavelength, unit: Angstrom, datatype: float32}
# - {name: response, datatype: float32}
# meta: !!omap
# - {band_name: F300X}
# - {group_name: WFC3_UVIS2}
wavelength response
[from data line 3220]
3510.00391 0.023497
3510.60498 0.02343
3511.20605 0.023365
3511.80591 0.023301
3512.40698 0.023236
3513.00806 0.023172
3513.60889 0.023108
3514.20996 0.023044
3514.81201 0.02298
3515.41309 0.022915
3516.01392 0.022851
3516.61597 0.022787
3517.21802 0.022723
3517.82007 0.022659
3518.42090 0.022595
3519.02295 0.022532
3519.62500 0.022468
3520.22803 0.022404
3520.83008 0.022342
3521.43188 0.022279
3522.03491 0.022217
3522.63696 0.022155
3523.23999 0.022092
3523.84302 0.02203
3524.44604 0.021968
3525.04907 0.021906
3525.65210 0.021843
3526.25488 0.021781
3526.85791 0.021719
3527.46191 0.021657
3528.06494 0.021595
3528.66895 0.021533
3529.27295 0.021471
3529.87695 0.021409
3530.48096 0.021346
3531.08496 0.021283
3531.68896 0.021221
3532.29297 0.021158
3532.89697 0.021096
3533.50195 0.021034
3534.10596 0.020972
3534.71094 0.02091
3535.31592 0.020847
3535.92090 0.020785
3536.52588 0.020723
3537.13110 0.020661
3537.73608 0.020599
3538.34106 0.020537
3538.94702 0.020475
3539.55200 0.020414
3540.15796 0.020352
3540.76294 0.020291
3541.36890 0.020231
3541.97510 0.020171
3542.58105 0.020111
3543.18701 0.020051
3543.79297 0.019991
3544.39990 0.01993
3545.00610 0.01987
3545.61304 0.01981
3546.21899 0.019751
3546.82593 0.019691
3547.43311 0.019631
3548.04004 0.019571
3548.64697 0.019511
3549.25391 0.019451
3549.86108 0.019392
3550.46899 0.019331
3551.07593 0.01927
3551.68408 0.01921
3552.29199 0.019149
3552.89893 0.019089
3553.50708 0.019028
3554.11499 0.018968
3554.72290 0.018907
3555.33203 0.018847
3555.93994 0.018786
3556.54810 0.018726
3557.15698 0.018666
3557.76489 0.018606
3558.37402 0.018545
3558.98291 0.018485
3559.59204 0.018425
3560.20093 0.018365
3560.81006 0.018305
3561.41895 0.018246
3562.02808 0.018188
3562.63794 0.018129
3563.24707 0.018071
3563.85693 0.018013
3564.46704 0.017954
3565.07690 0.017896
3565.68701 0.017838
3566.29712 0.01778
3566.90698 0.017722
3567.51709 0.017664
3568.12695 0.017606
3568.73804 0.017548
3569.34912 0.01749
3569.95898 0.017432
3570.57007 0.017375
3571.18091 0.017318
3571.79199 0.017262
3572.40308 0.017207
3573.01392 0.017151
3573.62598 0.017095
3574.23706 0.01704
3574.84912 0.016984
3575.45996 0.016929
3576.07202 0.016873
3576.68408 0.016818
3577.29590 0.016762
3577.90796 0.016707
3578.52002 0.016651
3579.13208 0.016596
3579.74512 0.016541
3580.35693 0.016485
3580.96997 0.016429
3581.58301 0.016375
3582.19507 0.016321
3582.80811 0.016267
3583.42090 0.016213
3584.03394 0.016159
3584.64697 0.016106
3585.26099 0.016052
3585.87402 0.015998
3586.48804 0.015945
3587.10107 0.015891
3587.71509 0.015837
3588.32910 0.015784
3588.94312 0.01573
3589.55688 0.015677
3590.17090 0.015624
3590.78491 0.015571
3591.39990 0.01552
3592.01392 0.015468
3592.62891 0.015417
3593.24292 0.015366
3593.85791 0.015315
3594.47290 0.015264
3595.08789 0.015213
3595.70288 0.015163
3596.31812 0.015112
3596.93408 0.015061
3597.54907 0.01501
3598.16504 0.014959
3598.78003 0.014909
3599.39600 0.014858
3600.01196 0.014807
3600.62793 0.014766
3601.24390 0.014724
3601.86011 0.014683
3602.47607 0.014641
3603.09302 0.0146
3603.70898 0.014558
3604.32593 0.014517
3604.94189 0.014476
3605.55908 0.014434
3606.17603 0.014392
3606.79297 0.014351
3607.40991 0.014309
3608.02710 0.014268
3608.64502 0.014226
3609.26196 0.014185
3609.87988 0.014143
3610.49707 0.014102
3611.11499 0.014061
3611.73291 0.014021
3612.35107 0.013982
3612.96899 0.013942
3613.58691 0.013902
3614.20508 0.013862
3614.82300 0.013822
3615.44189 0.013783
3616.06104 0.013743
3616.67896 0.013703
3617.29810 0.013663
3617.91699 0.013623
3618.53589 0.013583
3619.15503 0.013543
3619.77393 0.013503
3620.39404 0.013462
3621.01294 0.013422
3621.63306 0.013384
3622.25195 0.013346
3622.87207 0.013309
3623.49194 0.013271
3624.11206 0.013234
3624.73193 0.013196
3625.35205 0.013159
3625.97192 0.013121
3626.59302 0.013084
3627.21289 0.013046
3627.83398 0.013008
3628.45508 0.012971
3629.07495 0.012933
3629.69604 0.012895
3630.31689 0.012857
3630.93799 0.01282
3631.56006 0.012783
3632.18091 0.012747
3632.80200 0.012711
3633.42407 0.012674
3634.04590 0.012638
3634.66699 0.012602
3635.28906 0.012565
3635.91089 0.012529
3636.53296 0.012493
3637.15601 0.012456
3637.77808 0.01242
3638.39990 0.012384
3639.02295 0.012347
3639.64502 0.012311
3640.26807 0.012274
3640.89111 0.012239
3641.51392 0.012205
3642.13696 0.012171
3642.76001 0.012138
3643.38306 0.012104
3644.00708 0.012071
3644.62988 0.012037
3645.25391 0.012004
3645.87695 0.01197
3646.50098 0.011937
3647.12500 0.011903
3647.74902 0.01187
3648.37305 0.011836
3648.99707 0.011802
3649.62207 0.011769
3650.24609 0.011735
3650.87109 0.0117
3651.49512 0.011667
3652.12012 0.011634
3652.74512 0.011601
3653.37012 0.011568
3653.99512 0.011535
3654.62012 0.011502
3655.24512 0.011469
3655.87109 0.011436
3656.49609 0.011403
3657.12207 0.01137
3657.74805 0.011337
3658.37402 0.011304
3658.99902 0.011271
3659.62500 0.011238
3660.25098 0.011205
3660.87793 0.011172
3661.50391 0.011141
3662.13110 0.01111
3662.75708 0.011078
3663.38403 0.011047
3664.01099 0.011016
3664.63696 0.010985
3665.26489 0.010954
3665.89209 0.010922
3666.51904 0.010891
3667.14600 0.01086
3667.77393 0.010829
3668.40088 0.010797
3669.02905 0.010766
3669.65601 0.010735
3670.28394 0.010703
3670.91211 0.010671
3671.54102 0.01064
3672.16895 0.01061
3672.79712 0.01058
3673.42505 0.01055
3674.05396 0.010519
3674.68188 0.010489
3675.31104 0.010459
3675.93994 0.010428
3676.56909 0.010398
3677.19800 0.010367
3677.82690 0.010337
3678.45605 0.010307
3679.08594 0.010276
3679.71509 0.010246
3680.34497 0.010215
3680.97412 0.010185
3681.60400 0.010157
3682.23389 0.010129
3682.86401 0.010101
3683.49390 0.010073
3684.12500 0.010046
3684.75488 0.010018
3685.38501 0.00999
3686.01611 0.009962
3686.64600 0.009934
3687.27710 0.009906
3687.90796 0.009878
3688.53906 0.00985
3689.16992 0.009822
3689.80103 0.009795
3690.43311 0.009767
3691.06396 0.00974
3691.69604 0.009713
3692.32690 0.009687
3692.95898 0.00966
3693.59106 0.009634
3694.22290 0.009607
3694.85498 0.009581
3695.48706 0.009554
3696.11890 0.009527
3696.75195 0.009501
3697.38403 0.009474
3698.01709 0.009448
3698.64893 0.009421
3699.28198 0.009394
3699.91504 0.009368
3700.54810 0.009341
3701.18091 0.009314
3701.81494 0.009288
3702.44800 0.009261
3703.08203 0.009235
3703.71509 0.009209
3704.34912 0.009183
3704.98193 0.009157
3705.61597 0.00913
3706.25000 0.009104
3706.88501 0.009078
3707.51904 0.009052
3708.15308 0.009025
3708.78809 0.008999
3709.42212 0.008973
3710.05688 0.008947
3710.69189 0.008921
3711.32593 0.008896
3711.96094 0.008873
3712.59595 0.00885
3713.23193 0.008826
3713.86694 0.008803
3714.50195 0.00878
3715.13794 0.008757
3715.77393 0.008733
3716.40894 0.00871
3717.04492 0.008687
3717.68091 0.008663
3718.31689 0.00864
3718.95288 0.008617
3719.59009 0.008593
3720.22607 0.00857
3720.86304 0.008546
3721.49902 0.008523
3722.13599 0.008501
3722.77295 0.008478
3723.40991 0.008455
3724.04712 0.008433
3724.68408 0.00841
3725.32104 0.008388
3725.95898 0.008365
3726.59595 0.008343
3727.23389 0.00832
3727.87207 0.008297
3728.50903 0.008275
3729.14697 0.008252
3729.78491 0.00823
3730.42310 0.008207
3731.06201 0.008184
3731.69995 0.008162
3732.33911 0.00814
3732.97705 0.008118
3733.61597 0.008096
3734.25488 0.008073
3734.89404 0.008051
3735.53198 0.008029
3736.17212 0.008007
3736.81104 0.007985
3737.44995 0.007963
3738.09009 0.00794
3738.72900 0.007918
3739.36890 0.007896
3740.00903 0.007874
3740.64893 0.007852
3741.28906 0.00783
3741.92896 0.00781
3742.56909 0.007789
3743.20898 0.007769
3743.85010 0.007748
3744.48999 0.007728
3745.13110 0.007707
3745.77197 0.007687
3746.41309 0.007666
3747.05298 0.007646
3747.69507 0.007625
3748.33594 0.007605
3748.97705 0.007584
3749.61890 0.007563
3750.26001 0.007543
3750.90210 0.007522
3751.54395 0.007502
3752.18604 0.007482
3752.82690 0.007462
3753.46899 0.007443
3754.11206 0.007423
3754.75391 0.007404
3755.39600 0.007384
3756.03906 0.007364
3756.68188 0.007345
3757.32397 0.007325
3757.96704 0.007305
3758.61011 0.007286
3759.25293 0.007266
3759.89600 0.007246
3760.54004 0.007227
3761.18311 0.007208
3761.82690 0.007189
3762.46997 0.007171
3763.11401 0.007153
3763.75806 0.007134
3764.40210 0.007116
3765.04590 0.007098
3765.68994 0.007079
3766.33398 0.007061
3766.97900 0.007042
3767.62305 0.007024
3768.26807 0.007006
3768.91309 0.006987
3769.55688 0.006969
3770.20190 0.00695
3770.84692 0.006931
3771.49292 0.006913
3772.13794 0.006895
3772.78296 0.006878
3773.42896 0.00686
3774.07397 0.006842
3774.71997 0.006824
3775.36597 0.006807
3776.01196 0.006789
3776.65796 0.006771
3777.30396 0.006753
3777.94995 0.006736
3778.59692 0.006718
3779.24292 0.0067
3779.88989 0.006682
3780.53711 0.006664
3781.18408 0.006647
3781.83105 0.00663
3782.47803 0.006614
3783.12500 0.006597
3783.77197 0.006581
3784.41895 0.006564
3785.06689 0.006548
3785.71411 0.006531
3786.36206 0.006515
3787.01001 0.006498
3787.65796 0.006482
3788.30591 0.006465
3788.95410 0.006449
3789.60205 0.006432
3790.25098 0.006416
3790.89893 0.0064
3791.54810 0.006384
3792.19702 0.006367
3792.84497 0.006351
3793.49390 0.006335
3794.14307 0.006318
3794.79199 0.006302
3795.44189 0.006286
3796.09106 0.00627
3796.74097 0.006253
3797.38989 0.006237
3798.04004 0.006221
3798.68994 0.006204
3799.34009 0.006188
3799.98999 0.006172
3800.63989 0.006156
3801.29004 0.006141
3801.94092 0.006127
3802.59106 0.006113
3803.24194 0.006098
3803.89209 0.006084
3804.54297 0.00607
3805.19409 0.006055
3805.84497 0.006041
3806.49609 0.006027
3807.14795 0.006012
3807.79907 0.005998
3808.44995 0.005983
3809.10205 0.005969
3809.75391 0.005955
3810.40601 0.00594
3811.05811 0.005926
3811.70996 0.005914
3812.36206 0.005902
3813.01392 0.00589
3813.66699 0.005878
3814.31909 0.005866
3814.97192 0.005854
3815.62402 0.005842
3816.27710 0.00583
3816.92993 0.005818
3817.58301 0.005806
3818.23608 0.005794
3818.88989 0.005782
3819.54297 0.00577
3820.19702 0.005758
3820.85010 0.005746
3821.50391 0.005734
3822.15796 0.005721
3822.81201 0.005708
3823.46606 0.005696
3824.12012 0.005683
3824.77393 0.00567
3825.42798 0.005658
3826.08301 0.005645
3826.73804 0.005632
3827.39209 0.00562
3828.04712 0.005607
3828.70190 0.005594
3829.35693 0.005581
3830.01196 0.005568
3830.66797 0.005555
3831.32300 0.005542
3831.97900 0.005529
3832.63403 0.005516
3833.29004 0.005503
3833.94604 0.005489
3834.60205 0.005476
3835.25806 0.005463
3835.91406 0.00545
3836.57007 0.005436
3837.22705 0.005423
3837.88306 0.00541
3838.54004 0.005397
3839.19702 0.005383
3839.85400 0.00537
3840.51001 0.005357
3841.16797 0.005344
3841.82495 0.005333
3842.48193 0.005322
3843.13989 0.00531
3843.79712 0.005299
3844.45508 0.005288
3845.11304 0.005277
3845.77100 0.005265
3846.42798 0.005254
3847.08691 0.005243
3847.74512 0.005231
3848.40308 0.00522
3849.06201 0.005209
3849.71997 0.005197
3850.37891 0.005186
3851.03809 0.005174
3851.69702 0.005163
3852.35498 0.005152
3853.01489 0.00514
3853.67407 0.005129
3854.33301 0.005118
3854.99292 0.005107
3855.65210 0.005095
3856.31201 0.005084
3856.97192 0.005073
3857.63208 0.005062
3858.29199 0.00505
3858.95190 0.005039
3859.61206 0.005028
3860.27197 0.005016
3860.93311 0.005005
3861.59302 0.004994
3862.25391 0.004983
3862.91504 0.004972
3863.57593 0.004961
3864.23706 0.00495
3864.89795 0.004939
3865.55908 0.004928
3866.22095 0.004917
3866.88208 0.004905
3867.54395 0.004894
3868.20508 0.004883
3868.86694 0.004872
3869.52905 0.004861
3870.19092 0.00485
3870.85400 0.004839
3871.51611 0.004829
3872.17798 0.004818
3872.84106 0.004808
3873.50293 0.004798
3874.16602 0.004787
3874.82910 0.004777
3875.49194 0.004767
3876.15503 0.004757
3876.81812 0.004746
3877.48096 0.004736
3878.14502 0.004726
3878.80811 0.004715
3879.47192 0.004705
3880.13599 0.004694
3880.80005 0.004684
3881.46411 0.004673
3882.12793 0.004662
3882.79199 0.004651
3883.45605 0.00464
3884.12109 0.004629
3884.78491 0.004618
3885.44995 0.004607
3886.11499 0.004596
3886.78003 0.004585
3887.44507 0.004574
3888.11011 0.004564
3888.77490 0.004553
3889.43994 0.004542
3890.10596 0.00453
3890.77100 0.004519
3891.43701 0.004509
3892.10303 0.004499
3892.76904 0.004488
3893.43506 0.004478
3894.10107 0.004468
3894.76709 0.004457
3895.43408 0.004447
3896.10010 0.004437
3896.76709 0.004426
3897.43311 0.004416
3898.10010 0.004405
3898.76709 0.004395
3899.43408 0.004385
3900.10107 0.004374
3900.76904 0.004364
3901.43604 0.004354
3902.10400 0.004344
3902.77100 0.004335
3903.43896 0.004325
3904.10693 0.004315
3904.77490 0.004305
3905.44312 0.004295
3906.11108 0.004286
3906.77905 0.004276
3907.44800 0.004266
3908.11597 0.004256
3908.78491 0.004246
3909.45410 0.004236
3910.12305 0.004226
3910.79199 0.004216
3911.46094 0.004206
3912.12988 0.004196
3912.79907 0.004186
3913.46899 0.004176
3914.13794 0.004166
3914.80811 0.004156
3915.47803 0.004146
3916.14795 0.004136
3916.81812 0.004126
3917.48804 0.004116
3918.15796 0.004106
3918.82910 0.004096
3919.49902 0.004086
3920.16992 0.004076
3920.84009 0.004066
3921.51099 0.004056
3922.18188 0.004046
3922.85303 0.004036
3923.52393 0.004026
3924.19604 0.004016
3924.86694 0.004006
3925.53906 0.003996
3926.20996 0.003986
3926.88208 0.003976
3927.55396 0.003966
3928.22607 0.003956
3928.89795 0.003946
3929.57007 0.003936
3930.24194 0.003926
3930.91504 0.003916
3931.58691 0.003907
3932.26001 0.003898
3932.93311 0.003889
3933.60596 0.00388
3934.27905 0.003871
3934.95190 0.003862
3935.62500 0.003853
3936.29907 0.003844
3936.97192 0.003835
3937.64600 0.003825
3938.31909 0.003816
3938.99292 0.003807
3939.66699 0.003798
3940.34106 0.003789
3941.01489 0.00378
3941.68994 0.00377
3942.36401 0.00376
3943.03906 0.00375
3943.71289 0.003741
3944.38794 0.003731
3945.06299 0.003721
3945.73804 0.003711
3946.41309 0.003701
3947.08789 0.003692
3947.76294 0.003682
3948.43896 0.003672
3949.11499 0.003662
3949.79004 0.003652
3950.46606 0.003642
3951.14209 0.003633
3951.81812 0.003623
3952.49390 0.003613
3953.16992 0.003604
3953.84595 0.003594
3954.52295 0.003585
3955.19995 0.003575
3955.87598 0.003566
3956.55298 0.003556
3957.22998 0.003546
3957.90698 0.003537
3958.58398 0.003527
3959.26196 0.003517
3959.93896 0.003508
3960.61694 0.003498
3961.29395 0.003489
3961.97192 0.00348
3962.64990 0.003472
3963.32788 0.003463
3964.00610 0.003455
3964.68408 0.003446
3965.36304 0.003437
3966.04102 0.003429
3966.71899 0.00342
3967.39795 0.003411
3968.07690 0.003403
3968.75610 0.003394
3969.43506 0.003385
3970.11401 0.003377
3970.79297 0.003368
3971.47290 0.003359
3972.15210 0.00335
3972.83203 0.003341
3973.51099 0.003332
3974.19092 0.003323
3974.87109 0.003314
3975.55200 0.003305
3976.23193 0.003297
3976.91211 0.003288
3977.59204 0.003279
3978.27295 0.00327
3978.95410 0.003261
3979.63403 0.003252
3980.31494 0.003243
3980.99609 0.003234
3981.67700 0.003224
3982.35889 0.003215
3983.04004 0.003205
3983.72095 0.003195
3984.40308 0.003186
3985.08496 0.003176
3985.76709 0.003166
3986.44800 0.003157
3987.13110 0.003147
3987.81299 0.003137
3988.49512 0.003128
3989.17700 0.003118
3989.86011 0.003108
3990.54297 0.003098
3991.22510 0.003089
3991.90796 0.003081
3992.59106 0.003072
3993.27393 0.003063
3993.95801 0.003055
3994.64111 0.003046
3995.32397 0.003038
3996.00806 0.003029
3996.69189 0.00302
3997.37500 0.003012
3998.06006 0.003003
3998.74292 0.002995
3999.42798 0.002986
4000.11206 0.002977
4000.79590 0.002967
4001.48096 0.002958
4002.16602 0.002948
4002.85010 0.002939
4003.53491 0.002929
4004.21997 0.00292
4004.90503 0.00291
4005.59009 0.002901
4006.27588 0.002891
4006.96094 0.002882
4007.64697 0.002872
4008.33301 0.002862
4009.01807 0.002853
4009.70410 0.002843
4010.38989 0.002834
4011.07593 0.002824
4011.76294 0.002815
4012.44897 0.002805
4013.13501 0.002796
4013.82202 0.002786
4014.50903 0.002776
4015.19604 0.002767
4015.88306 0.002757
4016.57007 0.002748
4017.25708 0.002738
4017.94409 0.002729
4018.63208 0.002719
4019.31909 0.00271
4020.00708 0.0027
4020.69507 0.002691
4021.38306 0.002682
4022.07104 0.002672
4022.75903 0.002663
4023.44702 0.002654
4024.13599 0.002644
4024.82397 0.002635
4025.51294 0.002626
4026.20190 0.002617
