threeML/data/optical_filters/HST/WFC3_UVIS2-F625W.ecsv
# %ECSV 0.9
# ---
# datatype:
# - {name: wavelength, unit: Angstrom, datatype: float32}
# - {name: response, datatype: float32}
# meta: !!omap
# - {band_name: F625W}
# - {group_name: WFC3_UVIS2}
wavelength response
4841.73096 0.0
5379.70117 0.000403
5380.62109 0.00042
5381.54199 0.000437
5382.46191 0.000465
5383.38379 0.000493
5384.30518 0.000521
5385.22607 0.00055
5386.14697 0.000578
5387.06885 0.000606
5387.99023 0.000634
5388.91211 0.000662
5389.83398 0.00069
5390.75586 0.000718
5391.67920 0.000751
5392.60107 0.000801
5393.52393 0.000851
5394.44678 0.0009
5395.37012 0.00095
5396.29297 0.001
5397.21582 0.00105
5398.14014 0.0011
5399.06299 0.00115
5399.98682 0.0012
5400.91113 0.00125
5401.83496 0.001315
5402.75879 0.001406
5403.68408 0.001497
5404.60791 0.001589
5405.53320 0.00168
5406.45801 0.001772
5407.38281 0.001863
5408.30811 0.001955
5409.23291 0.002046
5410.15918 0.002138
5411.08398 0.002229
5412.00977 0.002361
5412.93604 0.002524
5413.86182 0.002688
5414.78906 0.002852
5415.71484 0.003016
5416.64209 0.00318
5417.56787 0.003344
5418.49512 0.003508
5419.42188 0.003672
5420.35010 0.003837
5421.27686 0.004001
5422.20508 0.004262
5423.13184 0.004556
5424.06006 0.004849
5424.98779 0.005143
5425.91602 0.005437
5426.84521 0.00573
5427.77295 0.006024
5428.70215 0.006318
5429.62988 0.006612
5430.56006 0.006906
5431.48877 0.0072
5432.41797 0.007739
5433.34717 0.008283
5434.27686 0.008828
5435.20703 0.009373
5436.13721 0.009918
5437.06689 0.010463
5437.99707 0.011008
5438.92676 0.011552
5439.85791 0.012098
5440.78906 0.012643
5441.72021 0.013288
5442.65088 0.014283
5443.58203 0.015278
5444.51318 0.016272
5445.44482 0.017267
5446.37598 0.018262
5447.30811 0.019257
5448.24023 0.020252
5449.17188 0.021248
5450.10498 0.022244
5451.03711 0.023239
5451.97021 0.024589
5452.90283 0.026313
5453.83594 0.028037
5454.76904 0.02976
5455.70215 0.031483
5456.63623 0.033208
5457.56885 0.034932
5458.50293 0.036656
5459.43701 0.038381
5460.37109 0.040106
5461.30518 0.04183
5462.24023 0.044307
5463.17383 0.047003
5464.10889 0.0497
5465.04395 0.052398
5465.97900 0.055095
5466.91406 0.057794
5467.84912 0.060492
5468.78516 0.063191
5469.72119 0.065891
5470.65576 0.06859
5471.59180 0.071372
5472.52783 0.075132
5473.46484 0.078895
5474.40088 0.082657
5475.33789 0.08642
5476.27490 0.090184
5477.21191 0.093948
5478.14893 0.097712
5479.08594 0.101475
5480.02295 0.105241
5480.96094 0.109006
5481.89893 0.113007
5482.83691 0.117357
5483.77490 0.121706
5484.71289 0.126058
5485.65088 0.130408
5486.58984 0.134761
5487.52881 0.139113
5488.46777 0.143466
5489.40723 0.147819
5490.34619 0.152174
5491.28516 0.156527
5492.22510 0.160533
5493.16504 0.164417
5494.10400 0.168303
5495.04395 0.172189
5495.98486 0.176077
5496.92480 0.179962
5497.86523 0.183849
5498.80615 0.187738
5499.74707 0.191627
5500.68799 0.195516
5501.62891 0.199287
5502.56982 0.202094
5503.51221 0.2049
5504.45410 0.207707
5505.39502 0.210512
5506.33691 0.213319
5507.27881 0.216128
5508.22217 0.218936
5509.16406 0.221744
5510.10596 0.224552
5511.04883 0.227361
5511.99219 0.229628
5512.93506 0.231329
5513.87793 0.233031
5514.82178 0.234732
5515.76611 0.236435
5516.70898 0.238136
5517.65283 0.239838
5518.59717 0.241541
5519.54199 0.243244
5520.48584 0.244947
5521.43018 0.24665
5522.37500 0.247635
5523.31982 0.248532
5524.26514 0.249429
5525.20996 0.250327
5526.15479 0.251224
5527.10107 0.252121
5528.04590 0.253019
5528.99219 0.253917
5529.93799 0.254815
5530.88379 0.255713
5531.83105 0.256462
5532.77686 0.256881
5533.72412 0.2573
5534.66992 0.25772
5535.61816 0.25814
5536.56396 0.258559
5537.51221 0.258979
5538.45898 0.259398
5539.40723 0.259818
5540.35400 0.260238
5541.30322 0.260657
5542.25000 0.260992
5543.19922 0.261299
5544.14697 0.261606
5545.09619 0.261913
5546.04395 0.26222
5546.99414 0.262527
5547.94189 0.262833
5548.89209 0.26314
5549.84082 0.263448
5550.79102 0.263755
5551.74023 0.26407
5552.68994 0.264414
5553.64014 0.264759
5554.58984 0.265103
5555.54102 0.265448
5556.49121 0.265793
5557.44189 0.266137
5558.39307 0.266482
5559.34424 0.266827
5560.29492 0.267172
5561.24707 0.267517
5562.19824 0.267833
5563.14893 0.268136
5564.10205 0.26844
5565.05420 0.268743
5566.00586 0.269047
5566.95801 0.26935
5567.91113 0.269654
5568.86279 0.269958
5569.81592 0.270261
5570.76904 0.270547
5571.72217 0.27083
5572.67480 0.271121
5573.62891 0.271411
5574.58301 0.271702
5575.53613 0.271992
5576.49023 0.272283
5577.44385 0.272573
5578.39795 0.272863
5579.35303 0.273154
5580.30811 0.273451
5581.26221 0.273763
5582.21680 0.274014
5583.17188 0.274238
5584.12695 0.274462
5585.08301 0.274687
5586.03906 0.274911
5586.99414 0.275135
5587.95020 0.27536
5588.90576 0.275584
5589.86182 0.275808
5590.81885 0.276033
5591.77490 0.276245
5592.73193 0.276416
5593.68896 0.276587
5594.64600 0.276758
5595.60303 0.27693
5596.56104 0.277101
5597.51807 0.277272
5598.47607 0.277444
5599.43408 0.277615
5600.39209 0.277786
5601.35010 0.277958
5602.30811 0.278031
5603.26709 0.278078
5604.22607 0.278124
5605.18506 0.278171
5606.14404 0.278218
5607.10303 0.278265
5608.06201 0.278312
5609.02100 0.278358
5609.98096 0.278405
5610.94092 0.278452
5611.90088 0.278446
5612.86084 0.278344
5613.82080 0.278242
5614.78223 0.278141
5615.74316 0.278039
5616.70410 0.277937
5617.66504 0.277835
5618.62500 0.277734
5619.58691 0.277632
5620.54785 0.27753
5621.50977 0.277428
5622.47217 0.27728
5623.43408 0.277129
5624.39600 0.276978
5625.35791 0.276827
5626.32080 0.276676
5627.28320 0.276525
5628.24609 0.276374
5629.20898 0.276223
5630.17188 0.27607
5631.13477 0.275912
5632.09912 0.275693
5633.06201 0.275424
5634.02588 0.275156
5634.99023 0.274887
5635.95508 0.274619
5636.91797 0.27435
5637.88281 0.274082
5638.84814 0.273813
5639.81299 0.273545
5640.77686 0.273276
5641.74316 0.272997
5642.70801 0.272669
5643.67285 0.272342
5644.63916 0.272015
5645.60400 0.271687
5646.57080 0.271359
5647.53711 0.271032
5648.50293 0.270704
5649.46924 0.270377
5650.43604 0.270049
5651.40283 0.269722
5652.37012 0.269341
5653.33691 0.268948
5654.30420 0.268556
5655.27100 0.268164
5656.23877 0.267772
5657.20703 0.26738
5658.17480 0.266988
5659.14307 0.266596
5660.11084 0.266204
5661.08008 0.265811
5662.04785 0.265475
5663.01709 0.265196
5663.98584 0.264917
5664.95508 0.264638
5665.92383 0.264359
5666.89404 0.26408
5667.86279 0.2638
5668.83301 0.263521
5669.80322 0.263242
5670.77197 0.262963
5671.74316 0.262699
5672.71289 0.262508
5673.68408 0.262318
5674.65479 0.262128
5675.62500 0.261937
5676.59717 0.261746
5677.56787 0.261556
5678.53906 0.261365
5679.51123 0.261175
5680.48193 0.260984
5681.45508 0.260794
5682.42578 0.260646
5683.39893 0.260504
5684.37109 0.260363
5685.34424 0.260221
5686.31592 0.26008
5687.29004 0.259938
5688.26221 0.259797
5689.23584 0.259655
5690.20898 0.259513
5691.18311 0.259372
5692.15576 0.259252
5693.12988 0.259147
5694.10400 0.259041
5695.07910 0.258936
5696.05322 0.258831
5697.02686 0.258726
5698.00195 0.258621
5698.97705 0.258516
5699.95215 0.25841
5700.92676 0.258306
5701.90283 0.258246
5702.87793 0.258278
5703.85400 0.25831
5704.83008 0.258342
5705.80615 0.258375
5706.78223 0.258407
5707.75879 0.258439
5708.73486 0.258472
5709.71191 0.258504
5710.68896 0.258536
5711.66602 0.258582
5712.64307 0.258774
5713.62109 0.258967
5714.59814 0.259159
5715.57617 0.259351
5716.55420 0.259544
5717.53223 0.259736
5718.50977 0.259929
5719.48779 0.260121
5720.46680 0.260303
5721.44580 0.260474
5722.42480 0.260738
5723.40381 0.261018
5724.38281 0.261298
5725.36182 0.261577
5726.34180 0.261857
5727.32178 0.262137
5728.30176 0.262416
5729.28223 0.262696
5730.26221 0.262981
5731.24316 0.263282
5732.22314 0.263576
5733.20410 0.263866
5734.18506 0.264156
5735.16602 0.264446
5736.14697 0.264736
5737.12793 0.265025
5738.10986 0.265315
5739.09180 0.265605
5740.07422 0.265895
5741.05615 0.266185
5742.03809 0.266474
5743.02100 0.266762
5744.00293 0.267051
5744.98584 0.267339
5745.96924 0.267627
5746.95215 0.267916
5747.93506 0.268204
5748.91797 0.268492
5749.90186 0.268781
5750.88623 0.269069
5751.87012 0.269381
5752.85400 0.269754
5753.83789 0.270127
5754.82324 0.2705
5755.80811 0.270873
5756.79199 0.271245
5757.77686 0.271618
5758.76221 0.271991
5759.74805 0.272364
5760.73291 0.272737
5761.71924 0.273102
5762.70508 0.27341
5763.68994 0.273717
5764.67676 0.274025
5765.66309 0.274333
5766.64893 0.27464
5767.63623 0.274948
5768.62305 0.275256
5769.60986 0.275563
5770.59717 0.275871
5771.58398 0.276179
5772.57178 0.276371
5773.56006 0.276562
5774.54688 0.276752
5775.53516 0.276942
5776.52295 0.277133
5777.51221 0.277323
5778.50000 0.277514
5779.48877 0.277704
5780.47803 0.277895
5781.46680 0.278085
5782.45605 0.278175
5783.44482 0.278248
5784.43506 0.278321
5785.42383 0.278395
5786.41504 0.278468
5787.40381 0.278541
5788.39502 0.278614
5789.38477 0.278688
5790.37500 0.278761
5791.36621 0.278834
5792.35693 0.278848
5793.34814 0.278842
5794.33887 0.278836
5795.33105 0.27883
5796.32178 0.278824
5797.31396 0.278818
5798.30615 0.278811
5799.29785 0.278806
5800.29004 0.2788
5801.28320 0.278794
5802.27490 0.278686
5803.26807 0.278529
5804.26123 0.278373
5805.25391 0.278216
5806.24707 0.278059
5807.24023 0.277902
5808.23389 0.277745
5809.22803 0.277588
5810.22217 0.277431
5811.21582 0.277274
5812.20996 0.277029
5813.20508 0.276726
5814.19922 0.276423
5815.19385 0.27612
5816.18896 0.275817
5817.18408 0.275513
5818.17920 0.27521
5819.17480 0.274907
5820.16992 0.2746
5821.16602 0.274274
5822.16211 0.273915
5823.15820 0.273529
5824.15479 0.273143
5825.15088 0.272757
5826.14697 0.272372
5827.14502 0.271986
5828.14209 0.2716
5829.13916 0.271215
5830.13623 0.270833
5831.13281 0.270474
5832.13086 0.270132
5833.12891 0.269806
5834.12695 0.269479
5835.12500 0.269153
5836.12402 0.268827
5837.12207 0.2685
5838.12109 0.268174
5839.12012 0.267847
5840.11914 0.26752
5841.11816 0.267193
5842.11719 0.266873
5843.11719 0.266557
5844.11719 0.266242
5845.11719 0.265927
5846.11719 0.265611
5847.11719 0.265296
5848.11719 0.264981
5849.11816 0.264665
5850.11914 0.26435
5851.12012 0.264034
5852.12109 0.263703
5853.12207 0.263355
5854.12305 0.263007
5855.12500 0.262659
5856.12598 0.262311
5857.12793 0.261963
5858.13086 0.261615
5859.13281 0.261267
5860.13623 0.260918
5861.13818 0.26057
5862.14111 0.26024
5863.14404 0.259925
5864.14697 0.259611
5865.14990 0.259296
5866.15381 0.258981
5867.15820 0.258667
5868.16211 0.258352
5869.16602 0.258037
5870.16895 0.257723
5871.17383 0.257408
5872.17920 0.257176
5873.18311 0.257011
5874.18799 0.256846
5875.19287 0.256682
5876.19824 0.256517
5877.20410 0.256353
5878.20898 0.256188
5879.21484 0.256023
5880.22119 0.255859
5881.22705 0.255694
5882.23291 0.255646
5883.24023 0.255675
5884.24609 0.255705
5885.25293 0.255735
5886.25977 0.255765
5887.26709 0.255794
5888.27393 0.255824
5889.28223 0.255854
5890.29004 0.255883
5891.29688 0.255913
5892.30518 0.255991
5893.31299 0.256094
5894.32178 0.256197
5895.33008 0.2563
5896.33887 0.256402
5897.34814 0.256505
5898.35596 0.256608
5899.36621 0.256711
5900.37500 0.256805
5901.38477 0.256886
5902.39502 0.256968
5903.40381 0.257049
5904.41406 0.257131
5905.42383 0.257212
5906.43506 0.257294
5907.44482 0.257376
5908.45605 0.257457
5909.46680 0.257539
5910.47803 0.257631
5911.48877 0.257734
5912.50098 0.257901
5913.51221 0.258077
5914.52393 0.258254
5915.53613 0.258431
5916.54785 0.258608
5917.56104 0.258785
5918.57324 0.258962
5919.58496 0.259138
5920.59814 0.259315
5921.61084 0.259492
5922.62500 0.259803
5923.63818 0.260118
5924.65088 0.260433
5925.66504 0.260748
5926.67920 0.261063
5927.69287 0.261378
5928.70703 0.261693
5929.72217 0.262008
5930.73584 0.262323
5931.75000 0.262647
5932.76611 0.263043
5933.78076 0.263439
5934.79590 0.263836
5935.81201 0.264232
5936.82715 0.264628
5937.84277 0.265024
5938.85791 0.265421
5939.87500 0.265817
5940.89111 0.266214
5941.90723 0.266596
5942.92383 0.266938
5943.94092 0.26728
5944.95801 0.267622
5945.97510 0.267964
5946.99219 0.268305
5948.00977 0.268647
5949.02686 0.268989
5950.04492 0.269331
5951.06299 0.269673
5952.08203 0.269974
5953.10010 0.270218
5954.11914 0.270462
5955.13721 0.270707
5956.15576 0.270951
5957.17480 0.271195
5958.19385 0.271439
5959.21387 0.271684
5960.23291 0.271928
5961.25293 0.272173
5962.27295 0.272393
5963.29297 0.272598
5964.31299 0.272803
5965.33398 0.273008
5966.35400 0.273213
5967.37500 0.273418
5968.39600 0.273623
5969.41699 0.273828
5970.43896 0.274023
5971.45996 0.274204
5972.48193 0.274334
5973.50391 0.274451
5974.52588 0.274569
5975.54785 0.274687
5976.57080 0.274804
5977.59277 0.274921
5978.61621 0.275039
5979.63916 0.275156
5980.66211 0.275289
5981.68506 0.275428
5982.70801 0.275458
5983.73193 0.275489
5984.75586 0.27552
5985.77979 0.275551
5986.80420 0.275581
5987.82812 0.275612
5988.85303 0.275643
5989.87695 0.275674
5990.90186 0.275705
5991.92676 0.275685
5992.95312 0.275523
5993.97803 0.275361
5995.00293 0.275199
5996.02881 0.275036
5997.05518 0.274874
5998.08105 0.274712
5999.10693 0.27455
6000.13379 0.274391
6001.16016 0.274257
6002.18701 0.274085
6003.21387 0.273877
6004.24121 0.273669
6005.26904 0.273462
6006.29590 0.273254
6007.32422 0.273046
6008.35205 0.272838
6009.37891 0.27263
6010.40820 0.272422
6011.43604 0.272214
6012.46387 0.27199
6013.49316 0.271761
6014.52197 0.271533
6015.55078 0.271304
6016.58008 0.271075
6017.60986 0.270846
6018.63916 0.270618
6019.66895 0.270389
6020.69922 0.27016
6021.72900 0.269929
6022.75879 0.26968
6023.79004 0.269431
6024.81982 0.269181
6025.85107 0.268932
6026.88184 0.268682
6027.91406 0.268432
6028.94482 0.268182
6029.97607 0.267933
6031.00781 0.267657
6032.04004 0.267337
6033.07178 0.26694
6034.10400 0.266544
6035.13721 0.266147
6036.16895 0.26575
6037.20215 0.265353
6038.23486 0.264956
6039.26807 0.264559
6040.30078 0.264169
6041.33398 0.263795
6042.36816 0.263391
6043.40186 0.262973
6044.43604 0.262555
6045.47021 0.262136
6046.50391 0.261718
6047.53906 0.261299
6048.57422 0.26088
6049.60889 0.260461
6050.64404 0.260043
6051.67920 0.259624
6052.71387 0.25934
6053.75000 0.259057
6054.78613 0.258773
6055.82178 0.25849
6056.85791 0.258206
6057.89404 0.257922
6058.93115 0.257638
6059.96680 0.257354
6061.00391 0.25707
6062.04102 0.256823
6063.07812 0.256646
6064.11621 0.256468
6065.15283 0.25629
6066.19092 0.256112
6067.22900 0.255934
6068.26709 0.255756
6069.30518 0.255578
6070.34277 0.2554
6071.38184 0.255222
6072.42090 0.255103
6073.45996 0.255006
6074.49902 0.25491
6075.53809 0.254813
6076.57812 0.254717
6077.61816 0.25462
6078.65723 0.254523
6079.69678 0.254427
6080.73682 0.25433
6081.77783 0.254232
6082.81787 0.254117
6083.85889 0.254001
6084.89990 0.253886
6085.94092 0.25377
6086.98193 0.253655
6088.02393 0.253539
6089.06494 0.253424
6090.10693 0.253306
6091.14893 0.253168
6092.19092 0.253046
6093.23389 0.252942
6094.27588 0.252838
6095.31885 0.252733
6096.36182 0.252629
6097.40479 0.252525
6098.44824 0.25242
6099.49219 0.252316
6100.53516 0.252223
6101.57910 0.252141
6102.62305 0.252178
6103.66699 0.252228
6104.71094 0.252279
6105.75586 0.25233
6106.79980 0.252381
6107.84521 0.252431
6108.89014 0.252482
6109.93604 0.252533
6110.98096 0.252584
6112.02588 0.252687
6113.07178 0.252903
6114.11816 0.253118
6115.16406 0.253334
6116.20996 0.253549
6117.25684 0.253765
6118.30420 0.253981
6119.35107 0.254196
6120.39697 0.254412
6121.44385 0.254628
6122.49219 0.254863
6123.54004 0.255104
6124.58691 0.255345
6125.63477 0.255586
6126.68311 0.255827
6127.73096 0.256068
6128.77979 0.256309
6129.82812 0.25655
6130.87695 0.256791
6131.92578 0.257015
6132.97510 0.257177
6134.02393 0.257339
6135.07422 0.257501
6136.12402 0.257663
6137.17285 0.257825
6138.22412 0.257987
6139.27393 0.258149
6140.32422 0.258312
6141.37500 0.258474
6142.42578 0.258631
6143.47705 0.258786
6144.52783 0.258941
6145.57910 0.259096
6146.62988 0.25925
6147.68213 0.259405
6148.73389 0.25956
6149.78613 0.259715
6150.83789 0.259852
6151.89111 0.259989
6152.94287 0.260153
6153.99609 0.260316
6155.04883 0.260479
6156.10205 0.260643
6157.15479 0.260806
6158.20801 0.26097
6159.26221 0.261133
6160.31592 0.261304
6161.37012 0.261491
6162.42383 0.261728
6163.47900 0.261989
6164.53320 0.262249
6165.58789 0.26251
6166.64307 0.262771
6167.69824 0.263031
6168.75293 0.263292
6169.80908 0.263553
6170.86377 0.263815
6171.91992 0.264054
