threeML/data/optical_filters/HST/WFC3_IR-F125W.ecsv
# %ECSV 0.9
# ---
# datatype:
# - {name: wavelength, unit: Angstrom, datatype: float32}
# - {name: response, datatype: float32}
# meta: !!omap
# - {band_name: F125W}
# - {group_name: WFC3_IR}
wavelength response
9650.00781 0.0
10722.23047 0.000415
10723.09961 0.000451
10723.96973 0.000471
10724.83984 0.000491
10725.70996 0.000512
10726.58008 0.000532
10727.45020 0.000552
10728.32031 0.000558
10729.19043 0.000545
10730.05957 0.000532
10730.92969 0.00052
10731.79980 0.000507
10732.66992 0.000494
10733.54004 0.000485
10734.41016 0.000478
10735.28027 0.000471
10736.15039 0.000464
10737.03027 0.000456
10737.90039 0.000449
10738.76953 0.000461
10739.63965 0.000475
10740.50977 0.000488
10741.37988 0.000502
10742.25000 0.000515
10743.12012 0.000527
10744.00000 0.000532
10744.87012 0.000536
10745.74023 0.000541
10746.61035 0.000545
10747.48047 0.00055
10748.34961 0.000559
10749.23047 0.000573
10750.09961 0.000587
10750.96973 0.000601
10751.83984 0.000615
10752.70996 0.000628
10753.58984 0.000637
10754.45996 0.000643
10755.33008 0.000649
10756.20020 0.000656
10757.08008 0.000662
10757.95020 0.000669
10758.82031 0.000691
10759.69043 0.000713
10760.57031 0.000735
10761.44043 0.000757
10762.30957 0.000779
10763.19043 0.000796
10764.05957 0.000803
10764.92969 0.000809
10765.80957 0.000816
10766.67969 0.000822
10767.54980 0.000828
10768.42969 0.000841
10769.29980 0.000859
10770.16992 0.000877
10771.04980 0.000896
10771.91992 0.000914
10772.79004 0.000932
10773.66992 0.000937
10774.54004 0.000938
10775.41992 0.00094
10776.29004 0.000941
10777.16992 0.000943
10778.04004 0.000946
10778.91016 0.000959
10779.79004 0.000972
10780.66016 0.000985
10781.54004 0.000998
10782.41016 0.001011
10783.29004 0.001045
10784.16016 0.001111
10785.04004 0.001177
10785.91016 0.001243
10786.79004 0.001309
10787.66016 0.001375
10788.54004 0.001416
10789.41016 0.001444
10790.29004 0.001472
10791.16016 0.0015
10792.04004 0.001528
10792.91016 0.001556
10793.79004 0.001613
10794.66016 0.001673
10795.54004 0.001732
10796.41992 0.001791
10797.29004 0.00185
10798.16992 0.001903
10799.04004 0.001935
10799.91992 0.001966
10800.79004 0.001998
10801.66992 0.00203
10802.54980 0.002062
10803.41992 0.002085
10804.29980 0.002102
10805.17969 0.002119
10806.04980 0.002136
10806.92969 0.002153
10807.80957 0.002169
10808.67969 0.002214
10809.55957 0.002265
10810.44043 0.002315
10811.30957 0.002366
10812.19043 0.002417
10813.07031 0.002468
10813.95020 0.002527
10814.82031 0.002585
10815.70020 0.002644
10816.58008 0.002702
10817.45996 0.002761
10818.33008 0.002821
10819.20996 0.002884
10820.08984 0.002947
10820.96973 0.00301
10821.83984 0.003073
10822.71973 0.003136
10823.59961 0.003207
10824.48047 0.00328
10825.36035 0.003353
10826.23047 0.003426
10827.11035 0.0035
10827.99023 0.003573
10828.87012 0.003662
10829.75000 0.003751
10830.62988 0.00384
10831.50000 0.003929
10832.37988 0.004018
10833.25977 0.004109
10834.13965 0.004206
10835.01953 0.004303
10835.90039 0.0044
10836.78027 0.004496
10837.66016 0.004593
10838.54004 0.0047
10839.41992 0.004812
10840.29004 0.004924
10841.16992 0.005036
10842.04980 0.005149
10842.92969 0.005261
10843.80957 0.005379
10844.69043 0.005498
10845.57031 0.005617
10846.45020 0.005736
10847.33008 0.005855
10848.20996 0.005977
10849.08984 0.006104
10849.96973 0.006232
10850.84961 0.00636
10851.73047 0.006487
10852.61035 0.006615
10853.49023 0.006796
10854.37012 0.007014
10855.25000 0.007231
10856.12988 0.007449
10857.00977 0.007667
10857.90039 0.007884
10858.78027 0.008081
10859.66016 0.008276
10860.54004 0.008471
10861.41992 0.008666
10862.29980 0.008862
10863.17969 0.009074
10864.05957 0.009341
10864.94043 0.009609
10865.83008 0.009876
10866.70996 0.010144
10867.58984 0.010411
10868.46973 0.010686
10869.34961 0.010966
10870.23047 0.011246
10871.12012 0.011525
10872.00000 0.011804
10872.87988 0.012084
10873.75977 0.012377
10874.63965 0.012673
10875.53027 0.012968
10876.41016 0.013263
10877.29004 0.013558
10878.16992 0.013871
10879.04980 0.014243
10879.94043 0.014615
10880.82031 0.014987
10881.70020 0.01536
10882.58008 0.015732
10883.46973 0.016143
10884.34961 0.016587
10885.23047 0.017029
10886.12012 0.017472
10887.00000 0.017915
10887.87988 0.018359
10888.76953 0.01885
10889.65039 0.019348
10890.53027 0.019845
10891.41992 0.020343
10892.29980 0.020841
10893.17969 0.021359
10894.07031 0.021948
10894.95020 0.022537
10895.83008 0.023126
10896.71973 0.023715
10897.59961 0.024304
10898.49023 0.024957
10899.37012 0.025657
10900.25977 0.026357
10901.13965 0.027058
10902.01953 0.027758
10902.91016 0.028459
10903.79004 0.029258
10904.67969 0.030066
10905.55957 0.030875
10906.45020 0.031683
10907.33008 0.032492
10908.21973 0.033331
10909.09961 0.034254
10909.99023 0.035177
10910.87012 0.0361
10911.75977 0.037024
10912.63965 0.037947
10913.53027 0.038959
10914.41016 0.040026
10915.29980 0.041094
10916.17969 0.042161
10917.07031 0.043229
10917.95020 0.044297
10918.83984 0.045529
10919.73047 0.046768
10920.61035 0.048007
10921.50000 0.049246
10922.37988 0.050487
10923.26953 0.051794
10924.16016 0.053249
10925.04004 0.054706
10925.92969 0.056161
10926.80957 0.057618
10927.70020 0.059076
10928.58984 0.060655
10929.46973 0.062297
10930.36035 0.063938
10931.25000 0.06558
10932.12988 0.067222
10933.01953 0.068871
10933.91016 0.070745
10934.79004 0.07262
10935.67969 0.074494
10936.57031 0.07637
10937.45996 0.078243
10938.33984 0.080188
10939.23047 0.082235
10940.12012 0.084285
10941.00977 0.086335
10941.88965 0.088385
10942.78027 0.090435
10943.66992 0.092707
10944.55957 0.09505
10945.44043 0.097393
10946.33008 0.099736
10947.21973 0.10208
10948.11035 0.104458
10949.00000 0.107062
10949.87988 0.109669
10950.76953 0.112273
10951.66016 0.11488
10952.54980 0.117487
10953.44043 0.120206
10954.33008 0.123035
10955.20996 0.125866
10956.09961 0.128699
10956.99023 0.131534
10957.87988 0.134367
10958.76953 0.137397
10959.66016 0.140458
10960.54980 0.143522
10961.44043 0.146584
10962.33008 0.149649
10963.21973 0.15273
10964.11035 0.155879
10965.00000 0.159028
10965.87988 0.162177
10966.76953 0.165326
10967.66016 0.168476
10968.54980 0.17183
10969.44043 0.175311
10970.33008 0.178797
10971.21973 0.182292
10972.11035 0.185792
10973.00000 0.189289
10973.88965 0.192995
10974.78027 0.196698
10975.66992 0.200407
10976.55957 0.204116
10977.45996 0.207825
10978.34961 0.211555
10979.24023 0.215316
10980.12988 0.219075
10981.01953 0.222821
10981.91016 0.226567
10982.79980 0.230313
10983.69043 0.234115
10984.58008 0.237938
10985.46973 0.241756
10986.36035 0.24558
10987.25000 0.249403
10988.15039 0.253214
10989.04004 0.256981
10989.92969 0.260747
10990.82031 0.26451
10991.70996 0.268273
10992.59961 0.272036
10993.50000 0.27583
10994.38965 0.279649
10995.28027 0.283473
10996.16992 0.287293
10997.05957 0.291113
10997.95996 0.294938
10998.84961 0.298637
10999.74023 0.302331
11000.62988 0.306029
11001.51953 0.309728
11002.41992 0.313426
11003.30957 0.317069
11004.20020 0.320599
11005.08984 0.324129
11005.99023 0.327659
11006.87988 0.33119
11007.76953 0.334721
11008.66992 0.338118
11009.55957 0.341461
11010.45020 0.344809
11011.34961 0.348156
11012.24023 0.3515
11013.12988 0.35481
11014.03027 0.357869
11014.91992 0.360927
11015.80957 0.363987
11016.70996 0.367046
11017.59961 0.370105
11018.49023 0.373056
11019.38965 0.375916
11020.28027 0.378772
11021.16992 0.381629
11022.07031 0.384489
11022.95996 0.387349
11023.86035 0.389919
11024.75000 0.392473
11025.65039 0.395027
11026.54004 0.397581
11027.44043 0.400135
11028.33008 0.402592
11029.21973 0.404867
11030.12012 0.407141
11031.00977 0.409416
11031.91016 0.411693
11032.79980 0.413969
11033.70020 0.416012
11034.58984 0.417977
11035.49023 0.419945
11036.37988 0.421911
11037.28027 0.423879
11038.16992 0.425804
11039.07031 0.427518
11039.96973 0.429232
11040.86035 0.430947
11041.75977 0.432661
11042.65039 0.434376
11043.54980 0.435949
11044.44043 0.437417
11045.33984 0.438887
11046.24023 0.440356
11047.12988 0.441827
11048.03027 0.443295
11048.91992 0.444513
11049.82031 0.445731
11050.71973 0.446949
11051.61035 0.448168
11052.50977 0.449386
11053.41016 0.450526
11054.29980 0.45156
11055.20020 0.452595
11056.09961 0.453629
11056.99023 0.454663
11057.88965 0.455698
11058.79004 0.456577
11059.69043 0.45743
11060.58008 0.458306
11061.48047 0.459195
11062.37988 0.460082
11063.26953 0.460931
11064.16992 0.461674
11065.07031 0.462417
11065.96973 0.46316
11066.87012 0.463903
11067.75977 0.464646
11068.66016 0.465319
11069.55957 0.465961
11070.45996 0.466585
11071.34961 0.467192
11072.25000 0.467799
11073.15039 0.468387
11074.04980 0.46885
11074.95020 0.469313
11075.84961 0.469776
11076.75000 0.470241
11077.63965 0.470704
11078.54004 0.471126
11079.44043 0.471516
11080.33984 0.471906
11081.24023 0.472297
11082.13965 0.472687
11083.04004 0.473077
11083.94043 0.473395
11084.83008 0.473712
11085.73047 0.47403
11086.62988 0.474348
11087.53027 0.474666
11088.42969 0.474966
11089.33008 0.475245
11090.23047 0.475523
11091.12988 0.475802
11092.03027 0.476081
11092.92969 0.476359
11093.83008 0.476592
11094.73047 0.476817
11095.62988 0.477044
11096.53027 0.47727
11097.42969 0.477496
11098.33008 0.477714
11099.23047 0.477917
11100.12988 0.47812
11101.03027 0.478324
11101.92969 0.478527
11102.83008 0.47873
11103.73047 0.478904
11104.62988 0.479071
11105.54004 0.479237
11106.44043 0.479403
11107.33984 0.479569
11108.24023 0.479732
11109.13965 0.47988
11110.04004 0.480028
11110.94043 0.480176
11111.83984 0.480324
11112.74023 0.480473
11113.65039 0.48062
11114.54980 0.480767
11115.45020 0.480913
11116.34961 0.48106
11117.25000 0.481207
11118.15039 0.481352
11119.05957 0.481488
11119.95996 0.481624
11120.86035 0.48176
11121.75977 0.481896
11122.66992 0.482032
11123.57031 0.482154
11124.46973 0.482266
11125.37012 0.482378
11126.26953 0.482489
11127.17969 0.482602
11128.08008 0.482713
11128.98047 0.482818
11129.88965 0.482924
11130.79004 0.483029
11131.69043 0.483134
11132.58984 0.48324
11133.50000 0.483346
11134.40039 0.483455
11135.29980 0.483563
11136.20996 0.483671
11137.11035 0.483779
11138.00977 0.483887
11138.91992 0.483974
11139.82031 0.48406
11140.71973 0.484177
11141.62988 0.484301
11142.53027 0.484424
11143.44043 0.484542
11144.33984 0.484652
11145.24023 0.484762
11146.15039 0.484871
11147.04980 0.484981
11147.95996 0.485091
11148.86035 0.4852
11149.76953 0.48531
11150.66992 0.485391
11151.58008 0.485463
11152.48047 0.485535
11153.37988 0.485604
11154.29004 0.485667
11155.19043 0.485731
11156.09961 0.485794
11157.00000 0.485858
11157.91016 0.485921
11158.80957 0.48597
11159.71973 0.486016
11160.62012 0.486062
11161.53027 0.486108
11162.44043 0.486154
11163.33984 0.486196
11164.25000 0.48623
11165.15039 0.486263
11166.05957 0.486297
11166.95996 0.48633
11167.87012 0.486363
11168.78027 0.486378
11169.67969 0.486388
11170.58984 0.486398
11171.49023 0.486408
11172.40039 0.486418
11173.30957 0.486433
11174.20996 0.486462
11175.12012 0.486491
11176.03027 0.486521
11176.92969 0.48655
11177.83984 0.486579
11178.75000 0.486607
11179.65039 0.486633
11180.55957 0.48666
11181.46973 0.486687
11182.37012 0.486714
11183.28027 0.48674
11184.19043 0.486767
11185.09961 0.486794
11186.00000 0.486821
11186.91016 0.486848
11187.82031 0.486875
11188.73047 0.486901
11189.62988 0.486927
11190.54004 0.486953
11191.45020 0.486979
11192.36035 0.487005
11193.25977 0.48703
11194.16992 0.487049
11195.08008 0.487069
11195.99023 0.487088
11196.90039 0.487108
11197.80957 0.487127
11198.70996 0.487152
11199.62012 0.48718
11200.53027 0.487231
11201.44043 0.487298
11202.34961 0.487366
11203.25977 0.487435
11204.16992 0.487506
11205.07031 0.487578
11205.98047 0.487649
11206.88965 0.487721
11207.79980 0.487792
11208.70996 0.487866
11209.62012 0.487942
11210.53027 0.487995
11211.44043 0.488033
11212.34961 0.48807
11213.25977 0.48811
11214.16992 0.488161
11215.08008 0.488212
11215.99023 0.488262
11216.90039 0.488313
11217.80957 0.488363
11218.71973 0.48842
11219.62988 0.48848
11220.54004 0.48854
11221.45020 0.4886
11222.36035 0.48866
11223.26953 0.488715
11224.17969 0.488749
11225.08984 0.488784
11226.00000 0.488819
11226.91016 0.488854
11227.82031 0.488889
11228.73047 0.488919
11229.63965 0.488947
11230.54980 0.488975
11231.45996 0.489003
11232.37988 0.489032
11233.29004 0.489063
11234.20020 0.489102
11235.11035 0.489142
11236.01953 0.489182
11236.92969 0.489222
11237.83984 0.489262
11238.75977 0.489298
11239.66992 0.489332
11240.58008 0.489367
11241.49023 0.489401
11242.40039 0.489436
11243.32031 0.489468
11244.23047 0.489496
11245.13965 0.489524
11246.04980 0.489552
11246.95996 0.48958
11247.87988 0.489609
11248.79004 0.48963
11249.70020 0.48965
11250.61035 0.48967
11251.53027 0.489689
11252.44043 0.489709
11253.34961 0.489724
11254.26953 0.48973
11255.17969 0.489736
11256.08984 0.489741
11257.00000 0.489747
11257.91992 0.489753
11258.83008 0.489742
11259.74023 0.489727
11260.66016 0.489713
11261.57031 0.489698
11262.48047 0.489684
11263.40039 0.489672
11264.30957 0.489665
11265.23047 0.489658
11266.13965 0.489651
11267.04980 0.489644
11267.96973 0.489638
11268.87988 0.489643
11269.79980 0.489651
11270.70996 0.489689
11271.62012 0.489735
11272.54004 0.489781
11273.45020 0.489818
11274.37012 0.489843
11275.28027 0.489868
11276.20020 0.489893
11277.11035 0.489919
11278.03027 0.489943
11278.94043 0.489949
11279.86035 0.489954
11280.76953 0.489926
11281.69043 0.489892
11282.59961 0.489858
11283.51953 0.489826
11284.42969 0.489797
11285.34961 0.489767
11286.25977 0.489738
11287.17969 0.489708
11288.08984 0.489679
11289.00977 0.489639
11289.92969 0.489599
11290.83984 0.489559
11291.75977 0.48952
11292.66992 0.48948
11293.58984 0.489434
11294.50977 0.489382
11295.41992 0.48933
11296.33984 0.489278
11297.25000 0.489226
11298.16992 0.489174
11299.08984 0.489118
11300.00000 0.489061
11300.91992 0.489005
11301.83984 0.488948
11302.75000 0.488892
11303.66992 0.48882
11304.58984 0.488738
11305.50977 0.488656
11306.41992 0.488574
11307.33984 0.488492
11308.25977 0.488413
11309.16992 0.488345
11310.08984 0.488277
11311.00977 0.488209
11311.92969 0.488141
11312.84961 0.488073
11313.75977 0.487997
11314.67969 0.487918
11315.59961 0.487839
11316.51953 0.48776
11317.42969 0.487681
11318.34961 0.487603
11319.26953 0.487528
11320.19043 0.487453
11321.11035 0.487377
11322.03027 0.487302
11322.94043 0.487227
11323.86035 0.487154
11324.78027 0.487082
11325.70020 0.48701
11326.62012 0.486938
11327.54004 0.486866
11328.45996 0.486794
11329.37988 0.486721
11330.29004 0.48666
11331.20996 0.486625
11332.12988 0.48659
11333.04980 0.486555
11333.96973 0.486522
11334.88965 0.486488
11335.80957 0.486455
11336.73047 0.486422
11337.65039 0.486389
11338.57031 0.486361
11339.49023 0.486337
11340.41016 0.486297
11341.33008 0.486235
11342.25000 0.486174
11343.16992 0.486113
11344.08984 0.486067
11345.00977 0.486022
11345.92969 0.485976
11346.84961 0.485931
11347.76953 0.485885
11348.69043 0.485859
11349.61035 0.485844
11350.53027 0.48583
11351.45020 0.485815
11352.37012 0.485801
11353.29980 0.485788
11354.21973 0.485784
11355.13965 0.48578
11356.05957 0.485776
11356.98047 0.485771
11357.90039 0.485767
11358.82031 0.485764
11359.74023 0.485761
11360.66992 0.485758
11361.58984 0.485755
11362.50977 0.485752
11363.42969 0.485748
11364.34961 0.485742
11365.26953 0.485737
11366.20020 0.485732
11367.12012 0.485727
11368.04004 0.485722
11368.95996 0.485696
11369.88965 0.485668
11370.80957 0.48564
11371.73047 0.485612
11372.65039 0.485584
11373.58008 0.485578
11374.50000 0.485596
11375.41992 0.485613
11376.33984 0.48563
11377.26953 0.485647
11378.19043 0.485667
11379.11035 0.485715
11380.04004 0.485764
11380.95996 0.48585
11381.87988 0.485936
11382.79980 0.486022
11383.73047 0.48612
11384.65039 0.486225
11385.58008 0.48633
11386.50000 0.486435
11387.41992 0.48654
11388.34961 0.486646
11389.26953 0.486757
11390.19043 0.486859
11391.12012 0.486931
11392.04004 0.487003
11392.96973 0.487075
11393.88965 0.487158
11394.82031 0.487243
11395.74023 0.487328
11396.66016 0.487414
11397.58984 0.487499
11398.50977 0.487585
11399.44043 0.487673
11400.36035 0.487763
11401.29004 0.487854
11402.20996 0.487945
11403.13965 0.488036
11404.05957 0.488122
11404.99023 0.488208
11405.91016 0.488294
11406.83984 0.48838
11407.75977 0.488466
