threeML/data/optical_filters/HST/WFC3_IR-F110W.ecsv
# %ECSV 0.9
# ---
# datatype:
# - {name: wavelength, unit: Angstrom, datatype: float32}
# - {name: response, datatype: float32}
# meta: !!omap
# - {band_name: F110W}
# - {group_name: WFC3_IR}
wavelength response
[from data line 4676]
12753.84961 0.544761
12754.87988 0.544685
12755.91992 0.54461
12756.95020 0.544534
12757.99023 0.544458
12759.01953 0.544383
12760.05957 0.544307
12761.08984 0.544231
12762.12988 0.544156
12763.16016 0.54408
12764.20020 0.544005
12765.23047 0.543931
12766.26953 0.543857
12767.29980 0.543783
12768.33984 0.543709
12769.37988 0.543635
12770.41016 0.543579
12771.45020 0.543552
12772.48047 0.543524
12773.51953 0.543497
12774.55957 0.54347
12775.58984 0.543443
12776.62988 0.543417
12777.66992 0.54339
12778.70020 0.543363
12779.74023 0.543336
12780.78027 0.543274
12781.80957 0.543201
12782.84961 0.543127
12783.88965 0.543057
12784.91992 0.542993
12785.95996 0.542928
12787.00000 0.542864
12788.04004 0.5428
12789.07031 0.542735
12790.11035 0.542671
12791.15039 0.542606
12792.19043 0.542542
12793.21973 0.542478
12794.25977 0.542421
12795.29980 0.542366
12796.33984 0.542312
12797.37012 0.542258
12798.41016 0.542203
12799.45020 0.542149
12800.49023 0.542091
12801.53027 0.542027
12802.57031 0.541963
12803.59961 0.541901
12804.63965 0.541851
12805.67969 0.5418
12806.71973 0.54175
12807.75977 0.5417
12808.79980 0.54165
12809.83984 0.541599
12810.87988 0.541588
12811.91992 0.541585
12812.95996 0.541581
12814.00000 0.541585
12815.04004 0.541596
12816.07031 0.541607
12817.11035 0.541618
12818.15039 0.541629
12819.19043 0.54164
12820.23047 0.541641
12821.26953 0.541606
12822.30957 0.54157
12823.34961 0.541534
12824.38965 0.541514
12825.42969 0.541496
12826.46973 0.541478
12827.51953 0.54146
12828.55957 0.541443
12829.59961 0.541425
12830.63965 0.541407
12831.67969 0.541389
12832.71973 0.541371
12833.75977 0.541357
12834.79980 0.541355
12835.83984 0.541352
12836.87988 0.54135
12837.91992 0.541348
12838.96973 0.541345
12840.00977 0.541343
12841.04980 0.541341
12842.08984 0.541338
12843.12988 0.541336
12844.16992 0.541339
12845.21973 0.541346
12846.25977 0.541353
12847.29980 0.541361
12848.33984 0.541368
12849.38965 0.541374
12850.42969 0.541401
12851.46973 0.541455
12852.50977 0.541508
12853.55957 0.541563
12854.59961 0.541642
12855.63965 0.54172
12856.67969 0.541799
12857.73047 0.541878
12858.76953 0.541956
12859.80957 0.542035
12860.86035 0.542075
12861.90039 0.542107
12862.94043 0.542139
12863.99023 0.542172
12865.03027 0.542208
12866.07031 0.542243
12867.12012 0.542279
12868.16016 0.542315
12869.20996 0.54235
12870.25000 0.542386
12871.29004 0.542422
12872.33984 0.542458
12873.37988 0.542493
12874.42969 0.54254
12875.46973 0.542589
12876.50977 0.542638
12877.55957 0.542686
12878.59961 0.542735
12879.65039 0.542784
12880.69043 0.542833
12881.74023 0.542882
12882.78027 0.54293
12883.83008 0.542983
12884.87012 0.543043
12885.91992 0.543103
12886.95996 0.543164
12888.00977 0.543224
12889.05957 0.543285
12890.09961 0.54335
12891.15039 0.543457
12892.19043 0.543565
12893.24023 0.543672
12894.28027 0.54379
12895.33008 0.543911
12896.37988 0.544032
12897.41992 0.544153
12898.46973 0.544273
12899.51953 0.544395
12900.55957 0.54449
12901.61035 0.544564
12902.65039 0.544638
12903.70020 0.544711
12904.75000 0.544781
12905.79004 0.54485
12906.83984 0.54492
12907.88965 0.544989
12908.94043 0.545058
12909.98047 0.545127
12911.03027 0.545197
12912.08008 0.545266
12913.12988 0.545336
12914.16992 0.545406
12915.21973 0.545478
12916.26953 0.545549
12917.32031 0.545621
12918.36035 0.545692
12919.41016 0.545764
12920.45996 0.545835
12921.50977 0.545907
12922.55957 0.545979
12923.59961 0.546049
12924.65039 0.546114
12925.70020 0.546178
12926.75000 0.546242
12927.79980 0.546307
12928.84961 0.546371
12929.90039 0.546436
12930.95020 0.546543
12931.99023 0.546655
12933.04004 0.546767
12934.08984 0.54687
12935.13965 0.546965
12936.19043 0.54706
12937.24023 0.547155
12938.29004 0.54725
12939.33984 0.547346
12940.38965 0.547423
12941.44043 0.547471
12942.49023 0.547518
12943.54004 0.547566
12944.58984 0.547609
12945.63965 0.547651
12946.69043 0.547693
12947.74023 0.547736
12948.79004 0.547778
12949.83984 0.547821
12950.88965 0.547863
12951.94043 0.547905
12952.99023 0.547948
12954.04004 0.547987
12955.08984 0.548024
12956.13965 0.54806
12957.20020 0.548096
12958.25000 0.548133
12959.29980 0.548169
12960.34961 0.548205
12961.40039 0.548242
12962.45020 0.548278
12963.50000 0.548314
12964.55957 0.548328
12965.61035 0.54834
12966.66016 0.548353
12967.70996 0.548365
12968.75977 0.548378
12969.80957 0.54839
12970.87012 0.548403
12971.91992 0.548415
12972.96973 0.548428
12974.01953 0.548426
12975.08008 0.548406
12976.12988 0.548386
12977.17969 0.548366
12978.23047 0.548346
12979.29004 0.548326
12980.33984 0.548322
12981.38965 0.54835
12982.45020 0.548377
12983.50000 0.548405
12984.54980 0.548422
12985.61035 0.548438
12986.66016 0.548454
12987.70996 0.54847
12988.76953 0.548486
12989.82031 0.548502
12990.87012 0.548479
12991.92969 0.548447
12992.98047 0.548415
12994.04004 0.548376
12995.08984 0.548329
12996.13965 0.548281
12997.20020 0.548233
12998.25000 0.548185
12999.30957 0.548138
13000.36035 0.548097
13001.41992 0.548069
13002.46973 0.548041
13003.53027 0.548013
13004.58008 0.54796
13005.63965 0.547906
13006.69043 0.547853
13007.75000 0.547799
13008.79980 0.547746
13009.86035 0.547692
13010.91016 0.547639
13011.96973 0.547585
13013.01953 0.547532
13014.08008 0.547466
13015.12988 0.547387
13016.19043 0.547308
13017.25000 0.54723
13018.29980 0.547151
13019.36035 0.547072
13020.41016 0.547012
13021.46973 0.546982
13022.53027 0.546951
13023.58008 0.546919
13024.63965 0.546874
13025.70020 0.546828
13026.75000 0.546783
13027.80957 0.546737
13028.87012 0.546692
13029.91992 0.546646
13030.98047 0.546557
13032.04004 0.546463
13033.08984 0.54637
13034.15039 0.546268
13035.20996 0.546159
13036.26953 0.54605
13037.32031 0.545942
13038.37988 0.545833
13039.44043 0.545724
13040.50000 0.545615
13041.55957 0.545506
13042.61035 0.545397
13043.66992 0.545287
13044.73047 0.545165
13045.79004 0.545044
13046.84961 0.544922
13047.90039 0.544801
13048.95996 0.544679
13050.01953 0.544558
13051.08008 0.544436
13052.13965 0.544314
13053.20020 0.544193
13054.25977 0.544063
13055.32031 0.54393
13056.37988 0.543797
13057.42969 0.543664
13058.49023 0.543531
13059.54980 0.543397
13060.61035 0.543264
13061.66992 0.543131
13062.73047 0.542998
13063.79004 0.542862
13064.84961 0.542716
13065.91016 0.54257
13066.96973 0.542424
13068.03027 0.542278
13069.08984 0.542132
13070.15039 0.541993
13071.20996 0.541894
13072.26953 0.541796
13073.33008 0.541697
13074.38965 0.541598
13075.45020 0.541499
13076.50977 0.5414
13077.57031 0.541301
13078.62988 0.541201
13079.70020 0.541102
13080.75977 0.540969
13081.82031 0.540822
13082.87988 0.540675
13083.94043 0.540529
13085.00000 0.540383
13086.05957 0.540238
13087.12012 0.540092
13088.19043 0.539947
13089.25000 0.539802
13090.30957 0.539656
13091.37012 0.539511
13092.42969 0.539365
13093.50000 0.539219
13094.55957 0.539085
13095.62012 0.538952
13096.67969 0.538819
13097.75000 0.538686
13098.80957 0.538553
13099.87012 0.53842
13100.92969 0.538287
13102.00000 0.538154
13103.05957 0.53802
13104.12012 0.53789
13105.19043 0.537762
13106.25000 0.537635
13107.30957 0.537506
13108.37988 0.537379
13109.44043 0.537251
13110.50000 0.537123
13111.57031 0.536995
13112.62988 0.536867
13113.69043 0.536741
13114.75977 0.536635
13115.82031 0.536528
13116.87988 0.536422
13117.95020 0.536316
13119.00977 0.536209
13120.08008 0.536106
13121.13965 0.536047
13122.20996 0.535987
13123.26953 0.535928
13124.33008 0.535894
13125.40039 0.53587
13126.45996 0.535847
13127.53027 0.535823
13128.58984 0.535799
13129.66016 0.535776
13130.71973 0.53572
13131.79004 0.535649
13132.84961 0.535579
13133.91992 0.53551
13134.99023 0.535445
13136.04980 0.535381
13137.12012 0.535316
13138.17969 0.535251
13139.25000 0.535186
13140.30957 0.535122
13141.37988 0.535057
13142.45020 0.534992
13143.50977 0.534927
13144.58008 0.534886
13145.63965 0.534846
13146.70996 0.534807
13147.78027 0.534767
13148.83984 0.534727
13149.91016 0.534688
13150.98047 0.534648
13152.04004 0.534608
13153.11035 0.534569
13154.17969 0.534542
13155.25000 0.534526
13156.30957 0.534511
13157.37988 0.534495
13158.45020 0.534479
13159.50977 0.534463
13160.58008 0.534473
13161.65039 0.534505
13162.71973 0.534536
13163.79004 0.534573
13164.84961 0.534636
13165.91992 0.534698
13166.99023 0.53476
13168.05957 0.534823
13169.12988 0.534886
13170.19043 0.53494
13171.25977 0.534955
13172.33008 0.53497
13173.40039 0.534986
13174.46973 0.535027
13175.54004 0.535074
13176.61035 0.535121
13177.66992 0.535168
13178.74023 0.535215
13179.80957 0.535262
13180.87988 0.535309
13181.95020 0.535356
13183.01953 0.535404
13184.08984 0.535461
13185.16016 0.535532
13186.23047 0.535604
13187.29980 0.535675
13188.37012 0.535746
13189.44043 0.535817
13190.50977 0.535888
13191.58008 0.53596
13192.65039 0.536031
13193.71973 0.536105
13194.79004 0.536206
13195.86035 0.536308
13196.92969 0.536409
13198.00000 0.53651
13199.07031 0.536612
13200.13965 0.536711
13201.20996 0.536801
13202.28027 0.53689
13203.34961 0.53698
13204.42969 0.537103
13205.50000 0.537238
13206.57031 0.537373
13207.63965 0.537507
13208.70996 0.537642
13209.78027 0.537776
13210.84961 0.537949
13211.92969 0.538131
13213.00000 0.538313
13214.07031 0.538498
13215.13965 0.538687
13216.20996 0.538877
13217.29004 0.539066
13218.36035 0.539255
13219.42969 0.539445
13220.50000 0.539612
13221.58008 0.539753
13222.65039 0.539895
13223.71973 0.540039
13224.79004 0.540206
13225.87012 0.540373
13226.94043 0.54054
13228.00977 0.540707
13229.08008 0.540875
13230.16016 0.541042
13231.23047 0.541209
13232.29980 0.541376
13233.37988 0.541543
13234.45020 0.541722
13235.53027 0.541906
13236.59961 0.542088
13237.66992 0.542271
13238.75000 0.542454
13239.82031 0.542637
13240.88965 0.54282
13241.96973 0.543004
13243.04004 0.543187
13244.12012 0.543375
13245.19043 0.543569
13246.26953 0.543764
13247.33984 0.543958
13248.41992 0.544153
13249.49023 0.544347
13250.57031 0.544542
13251.63965 0.544737
13252.70996 0.544931
13253.79004 0.545127
13254.87012 0.545328
13255.94043 0.54553
13257.01953 0.545732
13258.08984 0.545933
13259.16992 0.546135
13260.24023 0.546336
13261.32031 0.546538
13262.38965 0.54674
13263.46973 0.546941
13264.54980 0.547156
13265.62012 0.547372
13266.70020 0.547589
13267.76953 0.547805
13268.84961 0.548022
13269.92969 0.548238
13271.00000 0.5485
13272.08008 0.548766
13273.16016 0.549031
13274.23047 0.549284
13275.30957 0.549528
13276.38965 0.549772
13277.45996 0.550016
13278.54004 0.55026
13279.62012 0.550504
13280.70020 0.550716
13281.76953 0.550912
13282.84961 0.551107
13283.92969 0.551301
13285.00977 0.55149
13286.08008 0.551679
13287.16016 0.551868
13288.24023 0.552057
13289.32031 0.552247
13290.40039 0.552436
13291.46973 0.552625
13292.54980 0.552814
13293.62988 0.553004
13294.70996 0.553172
13295.79004 0.553342
13296.87012 0.553511
13297.94043 0.553679
13299.01953 0.553848
13300.09961 0.554018
13301.17969 0.554187
13302.25977 0.554356
13303.33984 0.554524
13304.41992 0.554673
13305.50000 0.554813
13306.58008 0.554953
13307.66016 0.555094
13308.74023 0.555234
13309.82031 0.555374
13310.88965 0.555515
13311.96973 0.555655
13313.04980 0.555795
13314.12988 0.555921
13315.20996 0.556029
13316.29004 0.556138
13317.37012 0.556246
13318.45996 0.556355
13319.54004 0.556463
13320.62012 0.5566
13321.70020 0.556758
13322.78027 0.556916
13323.86035 0.557068
13324.94043 0.557194
13326.01953 0.557321
13327.09961 0.557448
13328.17969 0.557575
13329.25977 0.557702
13330.33984 0.557813
13331.42969 0.55789
13332.50977 0.557967
13333.58984 0.558045
13334.66992 0.558079
13335.75000 0.558111
13336.83008 0.558144
13337.91992 0.558176
13339.00000 0.558208
13340.08008 0.558241
13341.16016 0.558273
13342.25000 0.558305
13343.33008 0.558337
13344.41016 0.558335
13345.49023 0.558317
13346.58008 0.5583
13347.66016 0.558283
13348.74023 0.558265
13349.82031 0.558248
13350.91016 0.55823
13351.99023 0.558213
13353.07031 0.558196
13354.16016 0.558159
13355.24023 0.558101
13356.32031 0.558042
13357.41016 0.557983
13358.49023 0.557925
13359.57031 0.557866
13360.66016 0.557808
13361.74023 0.557749
13362.83008 0.55769
13363.91016 0.557622
13364.99023 0.557521
13366.08008 0.55742
13367.16016 0.557319
13368.25000 0.557218
13369.33008 0.557117
13370.41992 0.557015
13371.50000 0.556914
13372.58008 0.556813
13373.66992 0.556712
13374.75000 0.556567
13375.83984 0.556424
13376.91992 0.55628
13378.00977 0.556136
13379.08984 0.555991
13380.17969 0.555856
13381.26953 0.555761
13382.34961 0.555667
13383.44043 0.555572
13384.51953 0.555444
13385.61035 0.555307
13386.69043 0.555171
13387.78027 0.555034
13388.87012 0.554897
13389.95020 0.55476
13391.04004 0.554576
13392.12012 0.55439
13393.20996 0.554203
13394.29980 0.553998
13395.37988 0.553778
13396.46973 0.553559
13397.55957 0.55334
13398.63965 0.553121
13399.73047 0.552902
13400.82031 0.552658
13401.91016 0.552406
13402.99023 0.552154
13404.08008 0.551893
13405.16992 0.551616
13406.25000 0.551338
13407.33984 0.551061
13408.42969 0.550784
13409.51953 0.550507
13410.61035 0.55023
13411.69043 0.549952
13412.78027 0.549675
13413.87012 0.549395
13414.95996 0.549101
13416.04980 0.548808
13417.12988 0.548514
13418.21973 0.54822
13419.30957 0.547927
13420.40039 0.547633
13421.49023 0.547339
13422.58008 0.547046
13423.66992 0.546752
13424.75000 0.546445
13425.83984 0.546138
13426.92969 0.545831
13428.01953 0.545524
13429.11035 0.545217
13430.20020 0.54491
13431.29004 0.544603
13432.37988 0.544296
13433.46973 0.543988
13434.55957 0.543673
13435.65039 0.543356
13436.74023 0.54304
13437.83008 0.542723
13438.91992 0.542405
13440.00977 0.542089
13441.09961 0.541821
13442.19043 0.541552
13443.28027 0.541284
13444.37012 0.541021
13445.45996 0.540761
13446.54980 0.540502
13447.63965 0.540242
13448.73047 0.539982
13449.83008 0.539722
13450.91992 0.539421
13452.00977 0.539114
13453.09961 0.538805
13454.19043 0.538503
13455.28027 0.538207
13456.37012 0.537912
13457.45996 0.537616
13458.55957 0.53732
13459.65039 0.537025
13460.74023 0.536729
13461.83008 0.536434
13462.91992 0.536138
13464.01953 0.535846
13465.11035 0.535563
13466.20020 0.535279
13467.29004 0.534995
13468.38965 0.534712
13469.48047 0.534428
13470.57031 0.534145
13471.66016 0.533861
13472.75977 0.533578
13473.84961 0.533297
13474.94043 0.533035
13476.04004 0.532772
13477.12988 0.532509
13478.21973 0.532246
13479.32031 0.531984
13480.41016 0.531721
13481.50000 0.531458
13482.59961 0.531195
13483.69043 0.530933
13484.78027 0.530707
13485.87988 0.530482
13486.96973 0.530257
13488.07031 0.530031
13489.16016 0.529806
13490.25000 0.529581
13491.34961 0.529356
13492.44043 0.52913
13493.54004 0.528905
13494.62988 0.528718
13495.73047 0.528537
13496.82031 0.528357
13497.91992 0.528176
13499.00977 0.527996
13500.11035 0.527819
13501.20020 0.527678
13502.29980 0.527537
13503.38965 0.527396
13504.49023 0.527281
13505.58008 0.527176
13506.67969 0.527071
13507.78027 0.526965
13508.87012 0.52686
13509.96973 0.526755
13511.05957 0.526603
13512.16016 0.526451
13513.25000 0.526298
13514.34961 0.526169
13515.45020 0.526055
13516.54004 0.525941
13517.63965 0.525828
13518.74023 0.525714
13519.83008 0.525601
13520.92969 0.525487
13522.03027 0.525374
13523.12012 0.52526
13524.21973 0.525164
13525.32031 0.525087
13526.41992 0.525011
13527.50977 0.524934
13528.61035 0.524857
13529.70996 0.524781
13530.79980 0.524704
13531.90039 0.524627
13533.00000 0.52455
13534.09961 0.524487
13535.20020 0.524446
13536.29004 0.524405
13537.38965 0.524364
13538.49023 0.524323
13539.58984 0.524282
13540.69043 0.524241
13541.79004 0.524201
13542.87988 0.52416
13543.98047 0.524132
13545.08008 0.524144
13546.17969 0.524156
13547.28027 0.524168
13548.37988 0.524179
13549.48047 0.524191
13550.58008 0.524203
13551.67969 0.524215
13552.78027 0.524226
13553.87012 0.52424
13554.96973 0.524267
13556.07031 0.524293
13557.16992 0.524319
13558.26953 0.524345
13559.37012 0.524371
13560.46973 0.524398
13561.57031 0.524424
13562.66992 0.52445
13563.76953 0.524477
13564.87012 0.524515
13565.96973 0.524552
13567.08008 0.524589
13568.17969 0.524626
13569.28027 0.524664
