threeML/data/optical_filters/HST/WFC3_UVIS1-F300X.ecsv
# %ECSV 0.9
# ---
# datatype:
# - {name: wavelength, unit: Angstrom, datatype: float32}
# - {name: response, datatype: float32}
# meta: !!omap
# - {band_name: F300X}
# - {group_name: WFC3_UVIS1}
wavelength response
1840.09143 0.0
2044.54602 0.000401
2044.89600 0.000403
2045.24597 0.000405
2045.59595 0.000407
2045.94604 0.000409
2046.29602 0.000411
2046.64600 0.000413
2046.99597 0.000415
2047.34595 0.000417
2047.69702 0.000419
2048.04712 0.000421
2048.39697 0.000423
2048.74805 0.000425
2049.09790 0.000427
2049.44897 0.000429
2049.80005 0.000431
2050.14990 0.000433
2050.50098 0.000435
2050.85205 0.000437
2051.20288 0.00044
2051.55396 0.000442
2051.90503 0.000444
2052.25610 0.000446
2052.60693 0.000448
2052.95801 0.000451
2053.30908 0.000453
2053.66089 0.000455
2054.01196 0.000457
2054.36401 0.00046
2054.71509 0.000462
2055.06689 0.000464
2055.41797 0.000466
2055.77002 0.000469
2056.12207 0.000471
2056.47290 0.000473
2056.82495 0.000475
2057.17700 0.000478
2057.52905 0.00048
2057.88110 0.000482
2058.23291 0.000485
2058.58496 0.000487
2058.93701 0.000489
2059.29004 0.000491
2059.64209 0.000494
2059.99512 0.000496
2060.34692 0.000498
2060.69897 0.0005
2061.05200 0.000503
2061.40503 0.000505
2061.75708 0.000507
2062.11011 0.000509
2062.46289 0.000511
2062.81592 0.000514
2063.16895 0.000516
2063.52197 0.000518
2063.87500 0.00052
2064.22803 0.000522
2064.58105 0.000525
2064.93408 0.000527
2065.28809 0.000529
2065.64111 0.000531
2065.99390 0.000533
2066.34790 0.000536
2066.70093 0.000538
2067.05493 0.00054
2067.40894 0.000542
2067.76196 0.000545
2068.11597 0.000547
2068.46997 0.000549
2068.82397 0.000551
2069.17798 0.000553
2069.53198 0.000556
2069.88599 0.000558
2070.23999 0.00056
2070.59399 0.000562
2070.94897 0.000565
2071.30298 0.000568
2071.65698 0.00057
2072.01196 0.000573
2072.36597 0.000575
2072.72095 0.000578
2073.07593 0.000581
2073.42993 0.000583
2073.78491 0.000586
2074.13989 0.000589
2074.49512 0.000591
2074.85010 0.000594
2075.20508 0.000597
2075.56006 0.000599
2075.91504 0.000602
2076.27002 0.000605
2076.62500 0.000607
2076.97998 0.00061
2077.33594 0.000613
2077.69092 0.000616
2078.04712 0.000618
2078.40210 0.000621
2078.75806 0.000624
2079.11401 0.000626
2079.46899 0.000629
2079.82495 0.000632
2080.18091 0.000634
2080.53711 0.000637
2080.89307 0.00064
2081.24902 0.000643
2081.60498 0.000646
2081.96094 0.000649
2082.31689 0.000651
2082.67407 0.000654
2083.03003 0.000657
2083.38599 0.00066
2083.74292 0.000663
2084.09912 0.000666
2084.45605 0.000669
2084.81299 0.000672
2085.16895 0.000674
2085.52588 0.000677
2085.88306 0.00068
2086.23999 0.000683
2086.59692 0.000686
2086.95410 0.000689
2087.31104 0.000692
2087.66797 0.000695
2088.02490 0.000698
2088.38208 0.000701
2088.73999 0.000703
2089.09692 0.000706
2089.45410 0.000709
2089.81201 0.000712
2090.16895 0.000715
2090.52710 0.000718
2090.88501 0.000721
2091.24194 0.000725
2091.60010 0.000728
2091.95801 0.000732
2092.31592 0.000735
2092.67407 0.000738
2093.03198 0.000742
2093.38989 0.000745
2093.74805 0.000749
2094.10693 0.000752
2094.46509 0.000756
2094.82300 0.000759
2095.18188 0.000762
2095.54004 0.000766
2095.89893 0.000769
2096.25708 0.000773
2096.61597 0.000776
2096.97510 0.00078
2097.33301 0.000783
2097.69189 0.000787
2098.05103 0.00079
2098.40991 0.000794
2098.76904 0.000797
2099.12793 0.000801
2099.48706 0.000804
2099.84692 0.000808
2100.20605 0.000811
2100.56494 0.000816
2100.92505 0.00082
2101.28394 0.000824
2101.64404 0.000829
2102.00293 0.000833
2102.36304 0.000837
2102.72192 0.000842
2103.08203 0.000846
2103.44189 0.00085
2103.80200 0.000855
2104.16211 0.000859
2104.52197 0.000863
2104.88208 0.000868
2105.24194 0.000872
2105.60205 0.000877
2105.96289 0.000881
2106.32300 0.000886
2106.68311 0.00089
2107.04395 0.000895
2107.40405 0.000899
2107.76489 0.000903
2108.12500 0.000908
2108.48608 0.000912
2108.84692 0.000917
2109.20801 0.000922
2109.56909 0.000926
2109.92896 0.000931
2110.29102 0.000935
2110.65210 0.00094
2111.01294 0.000945
2111.37402 0.000949
2111.73511 0.000954
2112.09595 0.000959
2112.45801 0.000964
2112.81909 0.000969
2113.18091 0.000974
2113.54199 0.000978
2113.90405 0.000983
2114.26611 0.000988
2114.62695 0.000993
2114.98901 0.000998
2115.35107 0.001003
2115.71289 0.001008
2116.07495 0.001013
2116.43701 0.001018
2116.79907 0.001023
2117.16089 0.001028
2117.52295 0.001033
2117.88599 0.001038
2118.24805 0.001043
2118.61108 0.001048
2118.97290 0.001053
2119.33496 0.001058
2119.69800 0.001063
2120.06104 0.001068
2120.42407 0.001073
2120.78589 0.001078
2121.14893 0.001083
2121.51196 0.001088
2121.87500 0.001094
2122.23804 0.001099
2122.60107 0.001104
2122.96411 0.001109
2123.32788 0.001115
2123.69092 0.00112
2124.05396 0.001125
2124.41797 0.00113
2124.78101 0.001136
2125.14502 0.001141
2125.50806 0.001146
2125.87207 0.001152
2126.23608 0.001157
2126.59912 0.001162
2126.96289 0.001168
2127.32690 0.001173
2127.69092 0.001179
2128.05493 0.001184
2128.41895 0.001189
2128.78296 0.001195
2129.14795 0.0012
2129.51196 0.001206
2129.87598 0.001211
2130.24097 0.001217
2130.60498 0.001222
2130.96997 0.001228
2131.33398 0.001234
2131.69897 0.001239
2132.06396 0.001245
2132.42798 0.001251
2132.79297 0.001257
2133.15796 0.001263
2133.52295 0.001269
2133.88794 0.001274
2134.25293 0.00128
2134.61890 0.001286
2134.98389 0.001292
2135.34912 0.001298
2135.71411 0.001304
2136.08008 0.00131
2136.44507 0.001316
2136.81104 0.001322
2137.17700 0.001328
2137.54199 0.001334
2137.90796 0.00134
2138.27393 0.001346
2138.63892 0.001352
2139.00488 0.001358
2139.37109 0.001364
2139.73706 0.00137
2140.10400 0.001376
2140.46997 0.001382
2140.83594 0.001388
2141.20190 0.001395
2141.56812 0.001401
2141.93506 0.001407
2142.30103 0.001413
2142.66797 0.00142
2143.03394 0.001426
2143.40088 0.001432
2143.76807 0.001439
2144.13501 0.001445
2144.50098 0.001451
2144.86792 0.001458
2145.23511 0.001464
2145.60303 0.001471
2145.96899 0.001477
2146.33691 0.001483
2146.70410 0.00149
2147.07104 0.001496
2147.43799 0.001503
2147.80591 0.001509
2148.17310 0.001516
2148.54102 0.001522
2148.90894 0.001529
2149.27588 0.001535
2149.64404 0.001542
2150.01196 0.001548
2150.37988 0.001555
2150.74805 0.001562
2151.11499 0.001569
2151.48389 0.001576
2151.85205 0.001584
2152.21997 0.001591
2152.58789 0.001598
2152.95605 0.001606
2153.32495 0.001613
2153.69312 0.00162
2154.06201 0.001628
2154.42993 0.001635
2154.79907 0.001643
2155.16699 0.00165
2155.53589 0.001657
2155.90503 0.001665
2156.27393 0.001672
2156.64307 0.00168
2157.01196 0.001687
2157.38110 0.001695
2157.75000 0.001702
2158.11890 0.00171
2158.48901 0.001718
2158.85791 0.001725
2159.22705 0.001733
2159.59595 0.00174
2159.96606 0.001748
2160.33496 0.001756
2160.70508 0.001763
2161.07495 0.001771
2161.44507 0.001779
2161.81396 0.001787
2162.18408 0.001795
2162.55396 0.001803
2162.92407 0.001811
2163.29395 0.001819
2163.66504 0.001827
2164.03491 0.001835
2164.40503 0.001843
2164.77490 0.001851
2165.14600 0.001859
2165.51611 0.001867
2165.88599 0.001876
2166.25708 0.001884
2166.62793 0.001892
2166.99902 0.0019
2167.36890 0.001908
2167.73999 0.001916
2168.11108 0.001925
2168.48193 0.001933
2168.85303 0.001941
2169.22412 0.001949
2169.59497 0.001958
2169.96606 0.001966
2170.33789 0.001974
2170.70898 0.001983
2171.08008 0.001992
2171.45190 0.002001
2171.82300 0.00201
2172.19507 0.002019
2172.56689 0.002029
2172.93799 0.002038
2173.31006 0.002047
2173.68188 0.002056
2174.05396 0.002066
2174.42603 0.002075
2174.79810 0.002084
2175.16992 0.002094
2175.54199 0.002103
2175.91406 0.002112
2176.28711 0.002122
2176.65894 0.002131
2177.03101 0.002141
2177.40405 0.00215
2177.77588 0.00216
2178.14893 0.002169
2178.52100 0.002179
2178.89404 0.002188
2179.26709 0.002198
2179.63989 0.002207
2180.01294 0.002217
2180.38599 0.002226
2180.75903 0.002236
2181.13208 0.002247
2181.50488 0.002258
2181.87793 0.002269
2182.25195 0.002279
2182.62500 0.00229
2182.99902 0.002301
2183.37207 0.002312
2183.74609 0.002323
2184.11890 0.002334
2184.49292 0.002345
2184.86694 0.002356
2185.23999 0.002367
2185.61499 0.002378
2185.98804 0.002389
2186.36206 0.0024
2186.73706 0.002411
2187.11108 0.002422
2187.48511 0.002433
2187.85889 0.002444
2188.23291 0.002455
2188.60791 0.002467
2188.98193 0.002478
2189.35693 0.002489
2189.73096 0.0025
2190.10596 0.002511
2190.48096 0.002523
2190.85498 0.002534
2191.22998 0.002546
2191.60498 0.002558
2191.97998 0.002571
2192.35498 0.002583
2192.72998 0.002595
2193.10498 0.002607
2193.48096 0.002619
2193.85596 0.002631
2194.23096 0.002644
2194.60693 0.002656
2194.98193 0.002668
2195.35791 0.002681
2195.73291 0.002693
2196.10889 0.002705
2196.48511 0.002718
2196.86108 0.00273
2197.23706 0.002742
2197.61304 0.002755
2197.98901 0.002767
2198.36499 0.00278
2198.74097 0.002792
2199.11694 0.002805
2199.49292 0.002818
2199.86890 0.00283
2200.24609 0.002843
2200.62207 0.002856
2200.99902 0.00287
2201.37500 0.002885
2201.75195 0.002899
2202.12891 0.002914
2202.50610 0.002928
2202.88208 0.002943
2203.25903 0.002958
2203.63599 0.002972
2204.01294 0.002987
2204.38989 0.003002
2204.76807 0.003017
2205.14502 0.003031
2205.52197 0.003046
2205.89893 0.003061
2206.27710 0.003076
2206.65405 0.003091
2207.03198 0.003106
2207.40894 0.003121
2207.78711 0.003136
2208.16504 0.003151
2208.54297 0.003166
2208.92090 0.003181
2209.29907 0.003197
2209.67700 0.003212
2210.05396 0.003227
2210.43311 0.003242
2210.81104 0.003258
2211.18896 0.003275
2211.56689 0.003292
2211.94604 0.003309
2212.32397 0.003326
2212.70288 0.003343
2213.08105 0.00336
2213.45996 0.003377
2213.83911 0.003394
2214.21802 0.003411
2214.59595 0.003428
2214.97510 0.003445
2215.35400 0.003463
2215.73291 0.00348
2216.11206 0.003497
2216.49097 0.003515
2216.87109 0.003532
2217.25000 0.003549
2217.62891 0.003567
2218.00903 0.003584
2218.38794 0.003602
2218.76807 0.00362
2219.14697 0.003637
2219.52710 0.003655
2219.90698 0.003672
2220.28711 0.00369
2220.66699 0.003708
2221.04712 0.003728
2221.42700 0.003749
2221.80688 0.00377
2222.18701 0.00379
2222.56689 0.003811
2222.94702 0.003832
2223.32788 0.003853
2223.70801 0.003874
2224.08789 0.003895
2224.46899 0.003916
2224.85010 0.003937
2225.22998 0.003958
2225.61108 0.003979
2225.99194 0.004
2226.37305 0.004021
2226.75293 0.004043
2227.13501 0.004064
2227.51611 0.004085
2227.89697 0.004107
2228.27808 0.004128
2228.65894 0.00415
2229.04102 0.004171
2229.42212 0.004193
2229.80298 0.004215
2230.18506 0.004236
2230.56592 0.004257
2230.94800 0.00428
2231.33008 0.004304
2231.71094 0.004328
2232.09302 0.004352
2232.47510 0.004377
2232.85693 0.004401
2233.23901 0.004425
2233.62109 0.00445
2234.00293 0.004474
2234.38599 0.004499
2234.76807 0.004523
2235.14990 0.004548
2235.53296 0.004572
2235.91504 0.004597
2236.29810 0.004622
2236.67993 0.004647
2237.06299 0.004671
2237.44604 0.004696
2237.82910 0.004721
2238.21094 0.004746
2238.59399 0.004771
2238.97803 0.004796
2239.36108 0.004821
2239.74390 0.004846
2240.12695 0.004871
2240.51001 0.004896
2240.89404 0.004924
2241.27710 0.004953
2241.65991 0.004982
2242.04395 0.005012
2242.42700 0.005041
2242.81104 0.00507
2243.19507 0.0051
2243.57910 0.00513
2243.96289 0.005159
2244.34595 0.005189
2244.72998 0.005219
2245.11499 0.005248
2245.49902 0.005278
2245.88306 0.005308
2246.26709 0.005338
2246.65088 0.005368
2247.03589 0.005398
2247.41992 0.005428
2247.80493 0.005458
2248.18896 0.005488
2248.57397 0.005519
2248.95898 0.005549
2249.34399 0.005579
2249.72900 0.00561
2250.11304 0.00564
2250.49805 0.005671
2250.88306 0.005704
2251.26904 0.005739
2251.65405 0.005774
2252.03906 0.00581
2252.42407 0.005845
2252.81006 0.005881
2253.19507 0.005917
2253.58105 0.005953
2253.96606 0.005988
2254.35205 0.006024
2254.73804 0.00606
2255.12305 0.006096
2255.50903 0.006132
2255.89502 0.006168
2256.28101 0.006205
2256.66699 0.006241
2257.05298 0.006277
2257.43896 0.006314
2257.82495 0.00635
2258.21191 0.006387
2258.59790 0.006423
2258.98511 0.00646
2259.37109 0.006496
2259.75806 0.006533
2260.14404 0.00657
2260.53101 0.006607
2260.91797 0.006647
2261.30493 0.00669
2261.69092 0.006734
2262.07788 0.006777
2262.46606 0.006821
2262.85303 0.006864
2263.23999 0.006908
2263.62695 0.006952
2264.01392 0.006995
2264.40210 0.007039
2264.78906 0.007083
2265.17700 0.007127
2265.56396 0.007171
2265.95190 0.007215
2266.33911 0.00726
2266.72705 0.007304
2267.11499 0.007348
2267.50293 0.007393
2267.89111 0.007437
2268.27905 0.007482
2268.66699 0.007527
2269.05493 0.007571
2269.44312 0.007616
2269.83203 0.007661
2270.21997 0.007706
2270.60791 0.007751
2270.99707 0.007803
2271.38501 0.007857
2271.77393 0.007911
2272.16309 0.007965
2272.55200 0.00802
2272.93994 0.008074
2273.32910 0.008129
2273.71802 0.008183
2274.10693 0.008238
2274.49609 0.008293
2274.88501 0.008348
2275.27490 0.008403
2275.66406 0.008458
2276.05298 0.008513
2276.44312 0.008569
2276.83203 0.008624
2277.22192 0.008679
2277.61108 0.008735
2278.00098 0.008791
2278.39111 0.008846
2278.78101 0.008902
2279.17090 0.008958
2279.56104 0.009014
2279.94995 0.00907
2280.34106 0.009126
2280.73096 0.009183
2281.12109 0.009248
2281.51099 0.009314
2281.90210 0.009379
2282.29199 0.009445
2282.68311 0.009511
2283.07300 0.009577
2283.46411 0.009643
2283.85400 0.009709
2284.24512 0.009775
2284.63599 0.009842
2285.02710 0.009908
2285.41797 0.009975
2285.80908 0.010042
2286.19995 0.010108
2286.59106 0.010175
2286.98193 0.010242
2287.37402 0.010309
2287.76489 0.010377
2288.15601 0.010444
2288.54810 0.010511
2288.93896 0.010579
2289.33105 0.010647
2289.72290 0.010714
2290.11499 0.010782
2290.50610 0.010851
2290.89795 0.010926
2291.29004 0.011008
2291.68188 0.01109
2292.07397 0.011172
2292.46704 0.011254
2292.85889 0.011336
2293.25098 0.011419
2293.64307 0.011502
2294.03589 0.011585
2294.42798 0.011668
2294.82104 0.011751
2295.21289 0.011834
2295.60596 0.011917
2295.99902 0.012001
2296.39209 0.012085
2296.78491 0.012168
2297.17798 0.012252
2297.57104 0.012336
2297.96411 0.012421
2298.35693 0.012505
2298.75000 0.01259
2299.14404 0.012674
2299.53711 0.012759
2299.92993 0.012844
2300.32397 0.012927
2300.71704 0.013009
2301.11108 0.013109
2301.50488 0.013209
2301.89795 0.013309
2302.29199 0.013409
2302.68604 0.013509
2303.08008 0.01361
2303.47412 0.01371
2303.86792 0.013811
2304.26196 0.013912
2304.65698 0.014013
2305.05103 0.014114
2305.44604 0.014215
2305.84009 0.014317
2306.23389 0.014418
2306.62891 0.01452
2307.02393 0.014621
2307.41797 0.014723
2307.81299 0.014825
2308.20801 0.014927
2308.60303 0.01503
2308.99805 0.015132
2309.39307 0.015234
2309.78809 0.015337
2310.18311 0.01544
2310.57910 0.015542
2310.97412 0.015659
2311.36890 0.015783
2311.76489 0.015906
2312.15991 0.01603
2312.55591 0.016154
2312.95190 0.016278
2313.34692 0.016403
2313.74292 0.016527
2314.13892 0.016652
2314.53491 0.016777
2314.93091 0.016902
2315.32690 0.017027
2315.72290 0.017152
2316.11890 0.017277
2316.51611 0.017403
2316.91211 0.017529
2317.30811 0.017655
2317.70508 0.017781
2318.10107 0.017907
2318.49805 0.018033
2318.89502 0.01816
2319.29199 0.018286
2319.68799 0.018413
2320.08496 0.01854
2320.48193 0.018666
2320.87891 0.018804
2321.27588 0.018958
2321.67310 0.019112
2322.07104 0.019266
2322.46802 0.01942
2322.86499 0.019575
2323.26294 0.019729
2323.65991 0.019884
2324.05811 0.020039
2324.45508 0.020194
2324.85303 0.02035
2325.25098 0.020505
2325.64893 0.020661
2326.04712 0.020817
2326.44507 0.020973
2326.84302 0.021129
2327.24097 0.021286
2327.63892 0.021442
2328.03711 0.021599
2328.43604 0.021756
2328.83398 0.021913
2329.23193 0.022071
2329.63110 0.022228
2330.02905 0.022386
2330.42798 0.022545
2330.82690 0.022712
2331.22607 0.022903
2331.62500 0.023093
2332.02295 0.023284
2332.42212 0.023475
2332.82202 0.023667
2333.21997 0.023858
2333.62012 0.02405
2334.01904 0.024242
2334.41797 0.024434
2334.81812 0.024627
2335.21704 0.02482
2335.61694 0.025013
2336.01611 0.025206
2336.41602 0.025399
2336.81592 0.025593
2337.21606 0.025787
2337.61499 0.025981
2338.01489 0.026175
2338.41602 0.02637
2338.81592 0.026565
2339.21606 0.02676
2339.61597 0.026955
2340.01611 0.027151
2340.41699 0.027347
2340.81689 0.027552
2341.21802 0.027788
2341.61792 0.028024
2342.01904 0.02826
2342.41895 0.028496
2342.82007 0.028733
2343.22095 0.02897
2343.62207 0.029207
2344.02295 0.029445
2344.42407 0.029683
2344.82495 0.029921
2345.22607 0.030159
