threeML/data/optical_filters/HST/WFC3_UVIS2-F438W.ecsv
# %ECSV 0.9
# ---
# datatype:
# - {name: wavelength, unit: Angstrom, datatype: float32}
# - {name: response, datatype: float32}
# meta: !!omap
# - {band_name: F438W}
# - {group_name: WFC3_UVIS2}
wavelength response
3463.56274 0.0
3848.40308 0.000407
3849.06201 0.000416
3849.71997 0.000424
3850.37891 0.000433
3851.03809 0.000441
3851.69702 0.000453
3852.35498 0.000466
3853.01489 0.000478
3853.67407 0.00049
3854.33301 0.000503
3854.99292 0.000515
3855.65210 0.000528
3856.31201 0.00054
3856.97192 0.000553
3857.63208 0.000565
3858.29199 0.000578
3858.95190 0.00059
3859.61206 0.000603
3860.27197 0.000615
3860.93311 0.000628
3861.59302 0.000645
3862.25391 0.000664
3862.91504 0.000683
3863.57593 0.000701
3864.23706 0.00072
3864.89795 0.000739
3865.55908 0.000758
3866.22095 0.000777
3866.88208 0.000796
3867.54395 0.000815
3868.20508 0.000834
3868.86694 0.000853
3869.52905 0.000872
3870.19092 0.000891
3870.85400 0.00091
3871.51611 0.000936
3872.17798 0.000965
3872.84106 0.000995
3873.50293 0.001024
3874.16602 0.001054
3874.82910 0.001084
3875.49194 0.001113
3876.15503 0.001143
3876.81812 0.001173
3877.48096 0.001203
3878.14502 0.001232
3878.80811 0.001262
3879.47192 0.001292
3880.13599 0.001322
3880.80005 0.001352
3881.46411 0.00139
3882.12793 0.001435
3882.79199 0.001479
3883.45605 0.001524
3884.12109 0.001569
3884.78491 0.001614
3885.44995 0.001659
3886.11499 0.001704
3886.78003 0.001749
3887.44507 0.001794
3888.11011 0.001839
3888.77490 0.001884
3889.43994 0.001929
3890.10596 0.001974
3890.77100 0.002019
3891.43701 0.002076
3892.10303 0.002145
3892.76904 0.002214
3893.43506 0.002283
3894.10107 0.002352
3894.76709 0.002421
3895.43408 0.00249
3896.10010 0.002559
3896.76709 0.002628
3897.43311 0.002698
3898.10010 0.002767
3898.76709 0.002836
3899.43408 0.002906
3900.10107 0.002975
3900.76904 0.003045
3901.43604 0.003135
3902.10400 0.003246
3902.77100 0.003357
3903.43896 0.003468
3904.10693 0.003579
3904.77490 0.003691
3905.44312 0.003802
3906.11108 0.003914
3906.77905 0.004025
3907.44800 0.004137
3908.11597 0.004249
3908.78491 0.004361
3909.45410 0.004473
3910.12305 0.004585
3910.79199 0.004697
3911.46094 0.004846
3912.12988 0.00503
3912.79907 0.005213
3913.46899 0.005397
3914.13794 0.005581
3914.80811 0.005765
3915.47803 0.005949
3916.14795 0.006133
3916.81812 0.006318
3917.48804 0.006502
3918.15796 0.006687
3918.82910 0.006872
3919.49902 0.007057
3920.16992 0.007242
3920.84009 0.007428
3921.51099 0.007686
3922.18188 0.007994
3922.85303 0.008301
3923.52393 0.008609
3924.19604 0.008918
3924.86694 0.009226
3925.53906 0.009535
3926.20996 0.009844
3926.88208 0.010153
3927.55396 0.010463
3928.22607 0.010773
3928.89795 0.011083
3929.57007 0.011393
3930.24194 0.011704
3930.91504 0.012015
3931.58691 0.012449
3932.26001 0.012934
3932.93311 0.013419
3933.60596 0.013905
3934.27905 0.014391
3934.95190 0.014878
3935.62500 0.015365
3936.29907 0.015853
3936.97192 0.016341
3937.64600 0.016829
3938.31909 0.017318
3938.99292 0.017808
3939.66699 0.018298
3940.34106 0.018787
3941.01489 0.019277
3941.68994 0.020022
3942.36401 0.020811
3943.03906 0.021602
3943.71289 0.022393
3944.38794 0.023185
3945.06299 0.023977
3945.73804 0.02477
3946.41309 0.025563
3947.08789 0.026358
3947.76294 0.027153
3948.43896 0.027948
3949.11499 0.028744
3949.79004 0.029541
3950.46606 0.030339
3951.14209 0.031152
3951.81812 0.032385
3952.49390 0.033618
3953.16992 0.034852
3953.84595 0.036088
3954.52295 0.037324
3955.19995 0.038562
3955.87598 0.0398
3956.55298 0.04104
3957.22998 0.04228
3957.90698 0.043522
3958.58398 0.044764
3959.26196 0.046008
3959.93896 0.047252
3960.61694 0.0485
3961.29395 0.049878
3961.97192 0.051629
3962.64990 0.053382
3963.32788 0.055137
3964.00610 0.056893
3964.68408 0.058651
3965.36304 0.060411
3966.04102 0.062172
3966.71899 0.063934
3967.39795 0.065699
3968.07690 0.067465
3968.75610 0.069232
3969.43506 0.071002
3970.11401 0.072772
3970.79297 0.07454
3971.47290 0.076496
3972.15210 0.07863
3972.83203 0.080765
3973.51099 0.082902
3974.19092 0.085041
3974.87109 0.087182
3975.55200 0.089325
3976.23193 0.091469
3976.91211 0.093614
3977.59204 0.095761
3978.27295 0.097911
3978.95410 0.100062
3979.63403 0.102214
3980.31494 0.104369
3980.99609 0.106525
3981.67700 0.108645
3982.35889 0.110756
3983.04004 0.11287
3983.72095 0.114985
3984.40308 0.117102
3985.08496 0.119221
3985.76709 0.121341
3986.44800 0.123463
3987.13110 0.125587
3987.81299 0.127712
3988.49512 0.12984
3989.17700 0.131968
3989.86011 0.134099
3990.54297 0.136238
3991.22510 0.138315
3991.90796 0.140008
3992.59106 0.141703
3993.27393 0.143399
3993.95801 0.145097
3994.64111 0.146796
3995.32397 0.148497
3996.00806 0.150199
3996.69189 0.151903
3997.37500 0.153608
3998.06006 0.155315
3998.74292 0.157023
3999.42798 0.158734
4000.11206 0.160437
4000.79590 0.162101
4001.48096 0.163439
4002.16602 0.164463
4002.85010 0.165489
4003.53491 0.166514
4004.21997 0.16754
4004.90503 0.168566
4005.59009 0.169592
4006.27588 0.170619
4006.96094 0.171646
4007.64697 0.172673
4008.33301 0.173701
4009.01807 0.174729
4009.70410 0.175757
4010.38989 0.176786
4011.07593 0.177815
4011.76294 0.17837
4012.44897 0.178882
4013.13501 0.179395
4013.82202 0.179908
4014.50903 0.180421
4015.19604 0.180934
4015.88306 0.181448
4016.57007 0.181961
4017.25708 0.182475
4017.94409 0.182989
4018.63208 0.183503
4019.31909 0.184017
4020.00708 0.184532
4020.69507 0.185057
4021.38306 0.185484
4022.07104 0.185736
4022.75903 0.185988
4023.44702 0.18624
4024.13599 0.186493
4024.82397 0.186745
4025.51294 0.186997
4026.20190 0.18725
4026.88989 0.187502
4027.57910 0.187755
4028.26904 0.188008
4028.95801 0.18826
4029.64697 0.188513
4030.33594 0.188765
4031.02588 0.189015
4031.71606 0.189078
4032.40601 0.189104
4033.09497 0.189129
4033.78491 0.189155
4034.47607 0.189181
4035.16602 0.189207
4035.85596 0.189233
4036.54712 0.189259
4037.23804 0.189285
4037.92798 0.189311
4038.61890 0.189337
4039.31006 0.189363
4040.00098 0.189389
4040.69189 0.189415
4041.38403 0.189416
4042.07495 0.189371
4042.76709 0.189327
4043.45801 0.189282
4044.14990 0.189237
4044.84204 0.189192
4045.53394 0.189147
4046.22705 0.189103
4046.91895 0.189058
4047.61108 0.189013
4048.30396 0.188968
4048.99609 0.188923
4049.68896 0.188878
4050.38208 0.188839
4051.07495 0.188805
4051.76807 0.188779
4052.46094 0.188753
4053.15503 0.188728
4053.84790 0.188702
4054.54199 0.188677
4055.23511 0.188651
4055.92896 0.188626
4056.62305 0.1886
4057.31689 0.188575
4058.01099 0.188549
4058.70605 0.188523
4059.39990 0.188498
4060.09497 0.18847
4060.78906 0.188433
4061.48389 0.188455
4062.17896 0.188538
4062.87402 0.188622
4063.56909 0.188706
4064.26392 0.18879
4064.95996 0.188874
4065.65503 0.188958
4066.35107 0.189041
4067.04712 0.189125
4067.74194 0.189209
4068.43799 0.189293
4069.13501 0.189377
4069.83105 0.189461
4070.52710 0.189545
4071.22412 0.18964
4071.91992 0.189824
4072.61694 0.190007
4073.31396 0.190191
4074.01001 0.190375
4074.70801 0.190559
4075.40503 0.190743
4076.10205 0.190927
4076.79907 0.191111
4077.49707 0.191296
4078.19507 0.19148
4078.89209 0.191664
4079.59009 0.191849
4080.28809 0.192038
4080.98608 0.192234
4081.68506 0.192421
4082.38306 0.192606
4083.08105 0.19279
4083.78003 0.192975
4084.47900 0.193159
4085.17700 0.193344
4085.87598 0.193529
4086.57495 0.193713
4087.27490 0.193898
4087.97412 0.194083
4088.67310 0.194269
4089.37305 0.194454
4090.07300 0.194638
4090.77197 0.194811
4091.47192 0.19497
4092.17212 0.195112
4092.87305 0.195253
4093.57300 0.195394
4094.27295 0.195536
4094.97412 0.195677
4095.67407 0.195819
4096.37500 0.195961
4097.07617 0.196102
4097.77686 0.196244
4098.47803 0.196386
4099.17920 0.196528
4099.88086 0.196669
4100.58203 0.196811
4101.28418 0.196941
4101.98486 0.197014
4102.68701 0.197088
4103.38916 0.197161
4104.09082 0.197235
4104.79297 0.197308
4105.49609 0.197382
4106.19824 0.197455
4106.90088 0.197529
4107.60400 0.197603
4108.30615 0.197676
4109.00879 0.19775
4109.71191 0.197824
4110.41504 0.197904
4111.11914 0.19799
4111.82178 0.198102
4112.52490 0.198216
4113.22900 0.198329
4113.93311 0.198443
4114.63721 0.198557
4115.34082 0.198671
4116.04492 0.198785
4116.74902 0.198899
4117.45312 0.199013
4118.15820 0.199127
4118.86182 0.199241
4119.56689 0.199356
4120.27197 0.199465
4120.97705 0.199567
4121.68213 0.19969
4122.38721 0.19982
4123.09180 0.19995
4123.79785 0.20008
4124.50293 0.20021
4125.20898 0.20034
4125.91504 0.20047
4126.62109 0.2006
4127.32715 0.200731
4128.03320 0.200861
4128.73877 0.200991
4129.44580 0.201122
4130.15186 0.201252
4130.85889 0.201382
4131.56592 0.201516
4132.27197 0.201651
4132.97900 0.201787
4133.68701 0.201923
4134.39404 0.202059
4135.10205 0.202194
4135.80908 0.20233
4136.51709 0.202466
4137.22412 0.202602
4137.93213 0.202738
4138.64014 0.202874
4139.34814 0.203011
4140.05713 0.203147
4140.76514 0.203283
4141.47314 0.203411
4142.18213 0.20353
4142.89111 0.203648
4143.59912 0.203766
4144.30811 0.203885
4145.01807 0.204003
4145.72705 0.204122
4146.43604 0.20424
4147.14600 0.204359
4147.85498 0.204478
4148.56396 0.204596
4149.27393 0.204715
4149.98389 0.204834
4150.69385 0.204965
4151.40381 0.205078
4152.11523 0.205153
4152.82520 0.205229
4153.53613 0.205305
4154.24609 0.20538
4154.95703 0.205456
4155.66797 0.205532
4156.37891 0.205607
4157.08984 0.205683
4157.80078 0.205759
4158.51318 0.205835
4159.22412 0.205911
4159.93604 0.205987
4160.64697 0.206051
4161.35889 0.206126
4162.07080 0.206232
4162.78418 0.206337
4163.49609 0.206443
4164.20801 0.206549
4164.91992 0.206655
4165.63281 0.206761
4166.34619 0.206867
4167.05908 0.206973
4167.77100 0.207079
4168.48486 0.207185
4169.19824 0.207291
4169.91113 0.207398
4170.62500 0.207504
4171.33789 0.207605
4172.05176 0.207689
4172.76611 0.207774
4173.47998 0.207858
4174.19385 0.207943
4174.90820 0.208027
4175.62305 0.208112
4176.33691 0.208196
4177.05078 0.208281
4177.76611 0.208365
4178.48096 0.20845
4179.19580 0.208535
4179.91113 0.208619
4180.62598 0.208715
4181.34082 0.208814
4182.05713 0.208917
4182.77197 0.20902
4183.48779 0.209123
4184.20410 0.209227
4184.91895 0.20933
4185.63477 0.209433
4186.35205 0.209536
4187.06787 0.20964
4187.78418 0.209743
4188.50000 0.209847
4189.21680 0.20995
4189.93408 0.210054
4190.65088 0.210146
4191.36816 0.210216
4192.08496 0.210226
4192.80176 0.210236
4193.52002 0.210247
4194.23682 0.210257
4194.95508 0.210267
4195.67188 0.210278
4196.39111 0.210288
4197.10791 0.210298
4197.82715 0.210309
4198.54492 0.210319
4199.26318 0.210329
4199.98096 0.21034
4200.70020 0.21035
4201.41895 0.210339
4202.13818 0.210283
4202.85596 0.210227
4203.57617 0.210171
4204.29492 0.210115
4205.01416 0.210058
4205.73389 0.210002
4206.45312 0.209946
4207.17285 0.20989
4207.89307 0.209834
4208.61279 0.209778
4209.33301 0.209721
4210.05322 0.209665
4210.77295 0.209609
4211.49414 0.209565
4212.21387 0.209539
4212.93506 0.209513
4213.65576 0.209486
4214.37695 0.20946
4215.09814 0.209434
4215.81885 0.209408
4216.54102 0.209381
4217.26221 0.209355
4217.98291 0.209329
4218.70508 0.209302
4219.42676 0.209276
4220.14893 0.209252
4220.87109 0.209239
4221.59277 0.209264
4222.31494 0.209321
4223.03809 0.209378
4223.75977 0.209435
4224.48291 0.209492
4225.20605 0.209549
4225.92920 0.209606
4226.65088 0.209663
4227.37500 0.20972
4228.09814 0.209777
4228.82080 0.209834
4229.54492 0.209891
4230.26904 0.209941
4230.99219 0.209979
4231.71582 0.210099
4232.43994 0.210251
4233.16504 0.210402
4233.88916 0.210553
4234.61279 0.210704
4235.33691 0.210855
4236.06201 0.211007
4236.78711 0.211158
4237.51221 0.211309
4238.23682 0.211461
4238.96191 0.211612
4239.68799 0.211764
4240.41309 0.211916
4241.13818 0.212067
4241.86377 0.212221
4242.58984 0.212375
4243.31494 0.21253
4244.04199 0.212684
4244.76807 0.212838
4245.49414 0.212993
4246.22021 0.213147
4246.94678 0.213302
4247.67285 0.213456
4248.39990 0.213611
4249.12695 0.213766
4249.85400 0.21392
4250.58105 0.214086
4251.30908 0.214246
4252.03613 0.214363
4252.76318 0.214479
4253.49121 0.214596
4254.21924 0.214713
4254.94678 0.21483
4255.67383 0.214947
4256.40283 0.215064
4257.13086 0.215181
4257.85889 0.215298
4258.58789 0.215415
4259.31592 0.215532
4260.04492 0.215648
4260.77393 0.215752
4261.50293 0.215836
4262.23193 0.215893
4262.96094 0.21595
4263.69092 0.216007
4264.41992 0.216064
4265.14990 0.216121
4265.87891 0.216178
4266.60889 0.216235
4267.33887 0.216292
4268.06982 0.21635
4268.79980 0.216407
4269.52979 0.216464
4270.26123 0.216521
4270.99121 0.216578
4271.72217 0.21663
4272.45312 0.216681
4273.18408 0.216731
4273.91504 0.216781
4274.64600 0.216832
4275.37695 0.216882
4276.10889 0.216933
4276.84082 0.216983
4277.57324 0.217034
4278.30420 0.217084
4279.03613 0.217135
4279.76904 0.217186
4280.50098 0.217236
4281.23291 0.217289
4281.96582 0.217412
4282.69824 0.217535
4283.43115 0.217658
4284.16406 0.217781
4284.89697 0.217903
4285.62988 0.218026
4286.36279 0.218149
4287.09717 0.218272
4287.83008 0.218395
4288.56299 0.218519
4289.29688 0.218642
4290.03076 0.218766
4290.76514 0.218902
4291.50000 0.219052
4292.23389 0.219221
4292.96777 0.219389
4293.70312 0.219558
4294.43701 0.219726
4295.17188 0.219895
4295.90723 0.220064
4296.64209 0.220233
4297.37695 0.220403
4298.11182 0.220572
4298.84814 0.220741
4299.58301 0.22091
4300.31885 0.221074
4301.05518 0.221229
4301.79102 0.221392
4302.52588 0.221557
4303.26318 0.221722
4303.99902 0.221887
4304.73486 0.222052
4305.47217 0.222217
4306.20801 0.222383
4306.94482 0.222548
4307.68213 0.222713
4308.41895 0.222879
4309.15576 0.223044
4309.89404 0.22321
4310.63086 0.223375
4311.36914 0.223522
4312.10596 0.223601
4312.84424 0.22368
4313.58203 0.223758
4314.31982 0.223837
4315.05811 0.223916
4315.79590 0.223995
4316.53516 0.224074
4317.27295 0.224152
4318.01221 0.224231
4318.75000 0.22431
4319.49023 0.224389
4320.22900 0.224468
4320.96777 0.224547
4321.70703 0.224583
4322.44580 0.224598
4323.18604 0.224613
4323.92578 0.224627
4324.66602 0.224642
4325.40479 0.224657
4326.14600 0.224672
4326.88623 0.224687
4327.62598 0.224701
4328.36621 0.224716
4329.10693 0.224731
4329.84814 0.224746
4330.58789 0.224772
4331.33008 0.224798
4332.06982 0.224807
4332.81201 0.224817
4333.55322 0.224827
4334.29395 0.224836
4335.03613 0.224846
4335.77783 0.224856
4336.52002 0.224866
4337.26123 0.224875
4338.00293 0.224885
4338.74609 0.224895
4339.48779 0.224904
4340.22998 0.22491
4340.97314 0.224905
4341.71582 0.224929
4342.45801 0.224968
4343.20215 0.225007
4343.94482 0.225046
4344.68799 0.225085
4345.43115 0.225124
4346.17480 0.225163
4346.91797 0.225201
4347.66211 0.22524
4348.40576 0.225279
4349.14990 0.225318
4349.89404 0.225357
4350.63818 0.225396
4351.38281 0.225445
4352.12695 0.225533
4352.87207 0.22562
4353.61719 0.225707
4354.36084 0.225795
4355.10596 0.225882
4355.85205 0.225969
4356.59717 0.226057
4357.34180 0.226144
4358.08789 0.226232
4358.83301 0.226319
4359.57910 0.226407
4360.32520 0.226494
4361.07080 0.226582
4361.81689 0.226656
4362.56299 0.226727
4363.31006 0.226798
4364.05713 0.22687
4364.80322 0.226941
4365.54980 0.227012
4366.29688 0.227083
4367.04395 0.227154
4367.79102 0.227225
4368.53906 0.227297
4369.28613 0.227368
4370.03418 0.22744
4370.78076 0.227525
4371.52881 0.227584
4372.27686 0.227602
4373.02490 0.22762
4373.77295 0.227639
4374.52100 0.227657
4375.27002 0.227675
4376.01904 0.227693
4376.76709 0.227711
4377.51611 0.227729
4378.26514 0.227748
4379.01416 0.227766
4379.76318 0.227784
4380.51318 0.227792
4381.26221 0.227792
4382.01221 0.227716
4382.76221 0.227639
4383.51123 0.227562
4384.26123 0.227485
4385.01221 0.227409
4385.76221 0.227332
4386.51221 0.227255
4387.26318 0.227178
4388.01318 0.227101
4388.76416 0.227024
4389.51514 0.226947
4390.26611 0.22687
4391.01709 0.226793
4391.76904 0.226685
4392.52002 0.226566
4393.27100 0.226446
4394.02295 0.226326
4394.77490 0.226206
4395.52686 0.226086
4396.27881 0.225966
4397.03076 0.225847
4397.78320 0.225727
4398.53613 0.225606
4399.28906 0.225486
4400.04102 0.225366
4400.79395 0.225246
4401.54688 0.22516
4402.29980 0.225122
4403.05322 0.225084
4403.80713 0.225046
4404.56006 0.225008
4405.31299 0.22497
4406.06689 0.224932
4406.82080 0.224894
4407.57520 0.224856
4408.32910 0.224817
4409.08301 0.224779
4409.83789 0.224741
4410.59180 0.224703
4411.34717 0.224674
4412.10205 0.224703
4412.85596 0.224732
4413.61084 0.22476
4414.36719 0.224789
