threeML/data/optical_filters/HST/WFC3_UVIS1-F850LP.ecsv
# %ECSV 0.9
# ---
# datatype:
# - {name: wavelength, unit: Angstrom, datatype: float32}
# - {name: response, datatype: float32}
# meta: !!omap
# - {band_name: F850LP}
# - {group_name: WFC3_UVIS1}
wavelength response
[from data line 805]
9420.79492 0.071774
9422.40723 0.0716
9424.01953 0.071432
9425.63184 0.071266
9427.24414 0.071099
9428.85742 0.070932
9430.47070 0.070767
9432.08398 0.070607
9433.69727 0.07045
9435.31152 0.070295
9436.92578 0.070139
9438.54102 0.069983
9440.15527 0.069827
9441.77148 0.069671
9443.38574 0.069515
9445.00195 0.069361
9446.61816 0.069207
9448.23438 0.069052
9449.85059 0.068898
9451.46777 0.068743
9453.08496 0.068581
9454.70215 0.068406
9456.31934 0.06823
9457.93848 0.068055
9459.55566 0.067879
9461.17383 0.067703
9462.79297 0.067532
9464.41211 0.06739
9466.03125 0.067248
9467.65137 0.067107
9469.27148 0.066964
9470.89062 0.066822
9472.51172 0.066679
9474.13184 0.066514
9475.75293 0.066347
9477.37402 0.06618
9478.99609 0.066012
9480.61719 0.065845
9482.23926 0.065677
9483.86230 0.06551
9485.48438 0.065343
9487.10742 0.065176
9488.73047 0.065009
9490.35352 0.064842
9491.97754 0.064674
9493.60156 0.06451
9495.22656 0.064347
9496.85059 0.064185
9498.47559 0.064022
9500.10059 0.063863
9501.72656 0.063765
9503.35156 0.063665
9504.97754 0.063562
9506.60352 0.06346
9508.23047 0.063357
9509.85742 0.063254
9511.48438 0.063151
9513.11230 0.063047
9514.73926 0.062941
9516.36719 0.062835
9517.99609 0.062728
9519.62402 0.062622
9521.25293 0.062515
9522.88184 0.062412
9524.51172 0.062322
9526.14062 0.062233
9527.77148 0.062143
9529.40137 0.062053
9531.03125 0.061964
9532.66211 0.061873
9534.29297 0.061765
9535.92480 0.061656
9537.55566 0.061548
9539.18848 0.061439
9540.81934 0.06133
9542.45215 0.061221
9544.08496 0.06112
9545.71777 0.061019
9547.35059 0.060918
9548.98438 0.060817
9550.61816 0.060716
9552.25195 0.060615
9553.88672 0.06051
9555.52148 0.060405
9557.15625 0.060299
9558.79102 0.060194
9560.42676 0.060088
9562.06152 0.059982
9563.69824 0.059877
9565.33496 0.059773
9566.97168 0.059669
9568.60840 0.059565
9570.24512 0.059461
9571.88281 0.059356
9573.52148 0.059249
9575.15820 0.05914
9576.79688 0.05903
9578.43555 0.058921
9580.07422 0.058811
9581.71289 0.058701
9583.35254 0.058595
9584.99219 0.058495
9586.63184 0.058395
9588.27246 0.058295
9589.91309 0.058195
9591.55371 0.058094
9593.19434 0.057992
9594.83594 0.057884
9596.47754 0.057776
9598.12012 0.057669
9599.76172 0.057561
9601.40430 0.057458
9603.04688 0.057355
9604.69043 0.057248
9606.33301 0.057141
9607.97656 0.057034
9609.62109 0.056926
9611.26465 0.056804
9612.90918 0.056679
9614.55371 0.056562
9616.19922 0.056444
9617.84473 0.056327
9619.49023 0.056209
9621.13574 0.056098
9622.78223 0.05599
9624.42871 0.055876
9626.07520 0.055763
9627.72168 0.055649
9629.36914 0.055535
9631.01660 0.055421
9632.66504 0.055307
9634.31152 0.055192
9635.96094 0.055076
9637.60938 0.054961
9639.25879 0.054845
9640.90820 0.05473
9642.55762 0.054614
9644.20703 0.054507
9645.85742 0.054401
9647.50781 0.054294
9649.15820 0.054187
9650.80957 0.05408
9652.45996 0.053973
9654.11230 0.053856
9655.76367 0.053737
9657.41602 0.053618
9659.06836 0.053499
9660.72070 0.05338
9662.37402 0.053261
9664.02637 0.053146
9665.68066 0.05303
9667.33398 0.052915
9668.98828 0.0528
9670.64258 0.052685
9672.29688 0.052569
9673.95215 0.052458
9675.60645 0.052348
9677.26270 0.052237
9678.91797 0.052127
9680.57422 0.052016
9682.23047 0.051905
9683.88672 0.051791
9685.54395 0.051675
9687.20117 0.051559
9688.85840 0.051443
9690.51660 0.051327
9692.17383 0.051211
9693.83203 0.051089
9695.49121 0.050965
9697.14941 0.050841
9698.80859 0.050717
9700.46875 0.050592
9702.12793 0.050468
9703.78809 0.050349
9705.44824 0.050233
9707.10840 0.050116
9708.76953 0.05
9710.43066 0.049883
9712.09180 0.049767
9713.75391 0.049651
9715.41602 0.049536
9717.07812 0.04942
9718.74023 0.049305
9720.40332 0.049189
9722.06641 0.049074
9723.72852 0.048954
9725.39355 0.048832
9727.05762 0.04871
9728.72168 0.048589
9730.38672 0.048467
9732.05078 0.048345
9733.71582 0.048226
9735.38184 0.048109
9737.04688 0.047991
9738.71289 0.047874
9740.37988 0.047757
9742.04590 0.047639
9743.71289 0.04752
9745.37988 0.047399
9747.04785 0.047278
9748.71484 0.047157
9750.38281 0.047035
9752.05078 0.046914
9753.71973 0.046794
9755.38867 0.046675
9757.05762 0.046555
9758.72656 0.046436
9760.39648 0.046316
9762.06641 0.046197
9763.73730 0.046079
9765.40723 0.045963
9767.07812 0.045846
9768.74902 0.04573
9770.42090 0.045613
9772.09277 0.045496
9773.76465 0.045372
9775.43652 0.045245
9777.10938 0.045117
9778.78223 0.04499
9780.45508 0.044862
9782.12793 0.044734
9783.80176 0.044612
9785.47559 0.044492
9787.15039 0.044371
9788.82520 0.044251
9790.50000 0.044131
9792.17480 0.04401
9793.84961 0.043887
9795.52539 0.043762
9797.20215 0.043637
9798.87793 0.043512
9800.55469 0.043386
9802.23145 0.043257
9803.90820 0.043129
9805.58594 0.043002
9807.26367 0.042875
9808.94141 0.042747
9810.62012 0.04262
9812.29785 0.042492
9813.97754 0.042366
9815.65625 0.042239
9817.33594 0.042113
9819.01562 0.041986
9820.69531 0.04186
9822.37598 0.041733
9824.05566 0.041604
9825.73730 0.041474
9827.41797 0.041343
9829.09961 0.041213
9830.78125 0.041084
9832.46289 0.040957
9834.14648 0.04083
9835.82812 0.040704
9837.51074 0.040577
9839.19434 0.040451
9840.87793 0.040324
9842.56152 0.040197
9844.24512 0.040076
9845.92969 0.039955
9847.61426 0.039833
9849.29883 0.039712
9850.98438 0.039591
9852.66992 0.039469
9854.35547 0.039339
9856.04102 0.039208
9857.72754 0.039078
9859.41406 0.038947
9861.10156 0.038816
9862.78809 0.038686
9864.47559 0.038558
9866.16309 0.038431
9867.85156 0.038304
9869.54004 0.038176
9871.22852 0.038049
9872.91699 0.037921
9874.60645 0.037791
9876.29590 0.037661
9877.98633 0.037531
9879.67578 0.037401
9881.36621 0.03727
9883.05664 0.037141
9884.74805 0.037016
9886.43945 0.03689
9888.13086 0.036765
9889.82227 0.036639
9891.51465 0.036514
9893.20703 0.036386
9894.89941 0.036255
9896.59277 0.036123
9898.28613 0.035991
9899.97852 0.035859
9901.67285 0.035721
9903.36719 0.035582
9905.06152 0.035442
9906.75684 0.035303
9908.45117 0.035163
9910.14648 0.035024
9911.84277 0.03489
9913.53809 0.034759
9915.23438 0.034629
9916.93066 0.034499
9918.62793 0.034369
9920.32422 0.034238
9922.02148 0.034108
9923.71973 0.033976
9925.41699 0.033843
9927.11523 0.033711
9928.81445 0.033578
9930.51270 0.033445
9932.21191 0.033312
9933.91113 0.03318
9935.61035 0.033049
9937.31055 0.032918
9939.01074 0.032786
9940.71191 0.032655
9942.41211 0.032524
9944.11328 0.032394
9945.81445 0.032265
9947.51660 0.032135
9949.21875 0.032006
9950.92090 0.031876
9952.62305 0.031747
9954.32617 0.031612
9956.02930 0.031477
9957.73242 0.031343
9959.43652 0.031208
9961.14062 0.031073
9962.84473 0.030938
9964.54883 0.030806
9966.25391 0.030674
9967.95898 0.030542
9969.66504 0.03041
9971.37012 0.030278
9973.07617 0.030145
9974.78320 0.030014
9976.48926 0.029883
9978.19629 0.029752
9979.90332 0.029621
9981.61133 0.029489
9983.31934 0.029357
9985.02734 0.029224
9986.73535 0.02909
9988.44434 0.028956
9990.15332 0.028823
9991.86230 0.028689
9993.57227 0.028554
9995.28125 0.028419
9996.99219 0.028284
9998.70215 0.028148
10000.41016 0.028018
10002.12012 0.027902
10003.83008 0.027787
10005.54980 0.027673
10007.25977 0.027558
10008.96973 0.027443
10010.67969 0.027329
10012.40039 0.027214
10014.11035 0.027101
10015.82031 0.026989
10017.54004 0.026877
10019.25000 0.026764
10020.95996 0.026652
10022.67969 0.026539
10024.38965 0.026421
10026.11035 0.026303
10027.82031 0.026185
10029.54004 0.026067
10031.25977 0.025946
10032.96973 0.025823
10034.69043 0.025702
10036.41016 0.025582
10038.12012 0.025462
10039.83984 0.025342
10041.55957 0.025225
10043.28027 0.02511
10045.00000 0.024997
10046.70996 0.024883
10048.42969 0.02477
10050.15039 0.024656
10051.87012 0.024542
10053.58984 0.024427
10055.30957 0.024309
10057.03027 0.024192
10058.75000 0.024074
10060.46973 0.023957
10062.19043 0.02384
10063.91992 0.023724
10065.63965 0.023609
10067.36035 0.023494
10069.08008 0.023379
10070.80957 0.023264
10072.53027 0.023149
10074.25000 0.023034
10075.98047 0.02292
10077.70020 0.022806
10079.41992 0.022691
10081.15039 0.022577
10082.87012 0.022462
10084.59961 0.022346
10086.32031 0.022229
10088.04980 0.022113
10089.78027 0.021997
10091.50000 0.02188
10093.23047 0.021764
10094.95996 0.021647
10096.67969 0.02153
10098.41016 0.021413
10100.13965 0.021296
10101.87012 0.021179
10103.58984 0.021063
10105.32031 0.020946
10107.04980 0.020829
10108.78027 0.020712
10110.50977 0.020595
10112.24023 0.020478
10113.96973 0.020363
10115.70020 0.020248
10117.42969 0.020134
10119.16016 0.020019
10120.88965 0.019902
10122.62988 0.019783
10124.36035 0.019662
10126.08984 0.01954
10127.82031 0.019418
10129.54980 0.019296
10131.29004 0.019177
10133.01953 0.019059
10134.75000 0.018942
10136.49023 0.018826
10138.21973 0.018709
10139.95996 0.018592
10141.69043 0.018475
10143.42969 0.01836
10145.16016 0.018247
10146.90039 0.018134
10148.63965 0.018021
10150.37012 0.017908
10152.11035 0.017794
10153.84961 0.017677
10155.58008 0.017557
10157.32031 0.017437
10159.05957 0.017317
10160.79980 0.017197
10162.54004 0.017077
10164.26953 0.016962
10166.00977 0.016847
10167.75000 0.016731
10169.49023 0.016616
10171.23047 0.016501
10172.96973 0.016386
10174.70996 0.01627
10176.45020 0.016153
10178.19043 0.016037
10179.94043 0.015921
10181.67969 0.015805
10183.41992 0.015688
10185.16016 0.01557
10186.90039 0.015453
10188.65039 0.015336
10190.38965 0.015218
10192.12988 0.015101
10193.87988 0.014984
10195.62012 0.014867
10197.37012 0.01475
10199.11035 0.014634
10200.86035 0.014541
10202.59961 0.014472
10204.34961 0.014404
10206.08984 0.014336
10207.83984 0.014268
10209.58984 0.0142
10211.33008 0.014135
10213.08008 0.014069
10214.83008 0.014003
10216.58008 0.013936
10218.32031 0.013869
10220.07031 0.013803
10221.82031 0.013736
10223.57031 0.01367
10225.32031 0.013605
10227.07031 0.013539
10228.82031 0.013474
10230.57031 0.013409
10232.32031 0.013344
10234.07031 0.013278
10235.82031 0.013212
10237.57031 0.013147
10239.32031 0.013081
10241.07031 0.013016
10242.83008 0.01295
10244.58008 0.012884
10246.33008 0.012818
10248.08008 0.012752
10249.83984 0.012687
10251.58984 0.012621
10253.34961 0.012555
10255.09961 0.012491
10256.84961 0.012427
10258.61035 0.012362
10260.36035 0.012298
10262.12012 0.012234
10263.87988 0.012168
10265.62988 0.012101
10267.38965 0.012035
10269.15039 0.011968
10270.90039 0.011901
10272.66016 0.011832
10274.41992 0.011763
10276.16992 0.011695
10277.92969 0.011626
10279.69043 0.011558
10281.45020 0.011491
10283.20996 0.011425
10284.96973 0.01136
10286.73047 0.011295
10288.49023 0.01123
10290.25000 0.011165
10292.00977 0.0111
10293.76953 0.011035
10295.53027 0.010968
10297.29004 0.010902
10299.04980 0.010836
10300.82031 0.01077
10302.58008 0.010704
10304.33984 0.010638
10306.11035 0.010571
10307.87012 0.010505
10309.62988 0.010439
10311.40039 0.010373
10313.16016 0.010307
10314.91992 0.010242
10316.69043 0.010176
10318.45996 0.010111
10320.21973 0.010045
10321.99023 0.00998
10323.75000 0.009914
10325.51953 0.009849
10327.29004 0.009784
10329.04980 0.009718
10330.82031 0.009653
10332.58984 0.009588
10334.34961 0.009522
10336.12012 0.009457
10337.88965 0.009392
10339.66016 0.009326
10341.42969 0.00926
10343.20020 0.009192
10344.96973 0.009123
10346.74023 0.009055
10348.50977 0.008986
10350.28027 0.008917
10352.04980 0.008851
10353.82031 0.008785
10355.58984 0.00872
10357.36035 0.008655
10359.13965 0.008589
10360.91016 0.008524
10362.67969 0.008459
10364.45020 0.008393
10366.23047 0.008327
10368.00000 0.008261
10369.78027 0.008196
10371.54980 0.00813
10373.32031 0.008064
10375.09961 0.007999
10376.87012 0.007934
10378.65039 0.007869
10380.41992 0.007804
10382.20020 0.007739
10383.98047 0.007673
10385.75000 0.007607
10387.53027 0.007541
10389.30957 0.007475
10391.08984 0.007409
10392.86035 0.007342
10394.63965 0.007276
10396.41992 0.00721
10398.20020 0.007144
10399.98047 0.007078
10401.75977 0.007042
10403.54004 0.007006
10405.32031 0.006971
10407.09961 0.006936
10408.87988 0.006901
10410.66016 0.006867
10412.44043 0.006833
10414.21973 0.006799
10416.00000 0.006765
10417.79004 0.006731
10419.57031 0.006698
10421.34961 0.006664
10423.12988 0.00663
10424.91992 0.006597
10426.70020 0.006563
10428.48047 0.00653
10430.26953 0.006497
10432.04980 0.006463
10433.83984 0.00643
10435.62012 0.006396
10437.41016 0.006362
10439.19043 0.006329
10440.98047 0.006295
10442.76953 0.006261
10444.54980 0.006227
10446.33984 0.006194
10448.12988 0.00616
10449.91992 0.006126
10451.70020 0.006091
10453.49023 0.006056
10455.28027 0.006021
10457.07031 0.005986
10458.86035 0.005951
10460.65039 0.005916
10462.44043 0.005882
10464.23047 0.005849
10466.01953 0.005815
10467.80957 0.005781
10469.59961 0.005747
10471.38965 0.005713
10473.17969 0.005679
10474.96973 0.005646
10476.76953 0.005612
10478.55957 0.005578
10480.34961 0.005544
10482.15039 0.00551
10483.94043 0.005477
10485.73047 0.005443
10487.53027 0.00541
10489.32031 0.005377
10491.12012 0.005344
10492.91016 0.005311
10494.70996 0.005277
10496.50000 0.005243
10498.29980 0.005209
10500.08984 0.005176
10501.88965 0.005141
10503.69043 0.005106
10505.48047 0.005071
10507.28027 0.005036
10509.08008 0.005001
10510.87988 0.004967
10512.67969 0.004933
10514.46973 0.004899
10516.26953 0.004866
10518.07031 0.004832
10519.87012 0.004798
10521.66992 0.004764
10523.46973 0.004731
10525.26953 0.004698
10527.07031 0.004664
10528.87988 0.004631
10530.67969 0.004598
10532.48047 0.004565
10534.28027 0.004531
10536.08008 0.004497
10537.87988 0.004463
10539.69043 0.00443
10541.49023 0.004396
10543.29004 0.004362
10545.09961 0.004328
10546.90039 0.004295
10548.70996 0.004261
10550.50977 0.004228
10552.32031 0.004193
10554.12012 0.004159
10555.92969 0.004125
10557.73047 0.00409
10559.54004 0.004056
10561.34961 0.004022
10563.15039 0.003989
10564.95996 0.003955
10566.76953 0.003921
10568.58008 0.003888
10570.38965 0.003854
10572.19043 0.003821
10574.00000 0.003787
10575.80957 0.003754
10577.62012 0.00372
10579.42969 0.003687
10581.24023 0.003653
10583.04980 0.00362
10584.86035 0.003586
10586.66992 0.003553
10588.49023 0.003519
10590.29980 0.003485
10592.11035 0.003452
10593.91992 0.003418
10595.73047 0.003385
10597.54980 0.003351
10599.36035 0.003318
10601.16992 0.003297
10602.99023 0.003283
10604.79980 0.003268
10606.62012 0.003253
10608.42969 0.003239
10610.25000 0.003224
10612.05957 0.003211
10613.87988 0.003197
10615.69043 0.003183
10617.50977 0.003169
10619.33008 0.003156
10621.13965 0.003142
10622.95996 0.003128
10624.78027 0.003114
10626.58984 0.0031
10628.41016 0.003086
10630.23047 0.003072
10632.04980 0.003059
10633.87012 0.003045
10635.69043 0.003031
10637.50977 0.003018
10639.33008 0.003004
10641.15039 0.00299
10642.96973 0.002976
10644.79004 0.002961
10646.61035 0.002947
10648.42969 0.002933
10650.25000 0.002918
10652.08008 0.002905
10653.90039 0.002891
10655.71973 0.002877
10657.54004 0.002863
10659.37012 0.002849
10661.19043 0.002835
10663.01953 0.002821
10664.83984 0.002808
10666.66992 0.002794
10668.49023 0.00278
10670.32031 0.002766
10672.13965 0.002753
10673.96973 0.002739
10675.79004 0.002725
10677.62012 0.002712
10679.45020 0.002698
10681.26953 0.002684
10683.09961 0.002671
10684.92969 0.002657
10686.75977 0.002643
10688.58984 0.002629
10690.41992 0.002616
10692.24023 0.002601
10694.07031 0.002587
10695.90039 0.002573
10697.73047 0.002558
10699.55957 0.002544
10701.38965 0.00253
10703.23047 0.002517
10705.05957 0.002503
10706.88965 0.002489
10708.71973 0.002475
10710.54980 0.002462
10712.37988 0.002448
10714.21973 0.002434
10716.04980 0.002421
10717.87988 0.002407
10719.71973 0.002393
10721.54980 0.002379
10723.38965 0.002366
10725.21973 0.002352
10727.05957 0.002338
10728.88965 0.002325
10730.73047 0.002311
10732.55957 0.002297
10734.40039 0.002283
10736.24023 0.002269
10738.07031 0.002255
10739.91016 0.002241
10741.75000 0.002227
10743.58984 0.002214
10745.41992 0.0022
10747.25977 0.002186
10749.09961 0.002173
10750.94043 0.002159
10752.78027 0.002145
10754.62012 0.002132
10756.45996 0.002118
10758.29980 0.002104
10760.13965 0.002091
10761.98047 0.002077
10763.82031 0.002063
10765.66016 0.00205
10767.50977 0.002036
