threeML/data/optical_filters/HST/WFC3_UVIS2-F555W.ecsv
# %ECSV 0.9
# ---
# datatype:
# - {name: wavelength, unit: Angstrom, datatype: float32}
# - {name: response, datatype: float32}
# meta: !!omap
# - {band_name: F555W}
# - {group_name: WFC3_UVIS2}
wavelength response
[from data line 805]
5001.57422 0.279511
5002.43018 0.279561
5003.28613 0.27961
5004.14209 0.279659
5004.99805 0.279708
5005.85400 0.279758
5006.71094 0.279807
5007.56689 0.279856
5008.42383 0.279906
5009.28076 0.279955
5010.13818 0.280004
5010.99609 0.280054
5011.85303 0.280102
5012.70996 0.280149
5013.56787 0.280195
5014.42578 0.280242
5015.28418 0.280289
5016.14209 0.280336
5017.00000 0.280382
5017.85791 0.280429
5018.71680 0.280476
5019.57617 0.280523
5020.43506 0.28057
5021.29297 0.280617
5022.15186 0.280621
5023.01221 0.280618
5023.87109 0.280616
5024.73096 0.280614
5025.58984 0.280612
5026.45020 0.28061
5027.31104 0.280608
5028.16992 0.280605
5029.03076 0.280603
5029.89111 0.280601
5030.75195 0.280594
5031.61279 0.280595
5032.47412 0.280621
5033.33398 0.280647
5034.19580 0.280673
5035.05713 0.280699
5035.91797 0.280725
5036.77979 0.280751
5037.64209 0.280778
5038.50391 0.280804
5039.36621 0.28083
5040.22803 0.280856
5041.08984 0.280882
5041.95312 0.280903
5042.81494 0.280921
5043.67822 0.280939
5044.54102 0.280957
5045.40381 0.280975
5046.26807 0.280993
5047.13086 0.281011
5047.99512 0.281029
5048.85791 0.281047
5049.72217 0.281065
5050.58594 0.281083
5051.45020 0.281101
5052.31396 0.281117
5053.17920 0.281133
5054.04297 0.28115
5054.90820 0.281166
5055.77295 0.281182
5056.63818 0.281198
5057.50293 0.281214
5058.36914 0.28123
5059.23389 0.281247
5060.10010 0.281263
5060.96484 0.281279
5061.83105 0.281287
5062.69678 0.281287
5063.56299 0.281287
5064.43018 0.281286
5065.29590 0.281286
5066.16309 0.281286
5067.02979 0.281286
5067.89600 0.281285
5068.76416 0.281285
5069.63086 0.281285
5070.49902 0.281284
5071.36621 0.281284
5072.23291 0.281287
5073.10205 0.281291
5073.96924 0.281295
5074.83691 0.281298
5075.70605 0.281302
5076.57422 0.281305
5077.44287 0.281309
5078.31201 0.281312
5079.18115 0.281316
5080.04883 0.28132
5080.91797 0.281323
5081.78809 0.281327
5082.65723 0.28133
5083.52686 0.281332
5084.39697 0.281335
5085.26709 0.281338
5086.13721 0.281341
5087.00684 0.281344
5087.87695 0.281347
5088.74805 0.28135
5089.61914 0.281353
5090.48877 0.281356
5091.35986 0.281359
5092.23096 0.281369
5093.10303 0.281379
5093.97412 0.28139
5094.84619 0.2814
5095.71680 0.28141
5096.58887 0.281421
5097.46094 0.281431
5098.33301 0.281442
5099.20605 0.281452
5100.07812 0.281462
5100.95117 0.281473
5101.82324 0.281479
5102.69580 0.281479
5103.56885 0.28148
5104.44189 0.281481
5105.31592 0.281481
5106.18896 0.281482
5107.06299 0.281483
5107.93701 0.281483
5108.81104 0.281484
5109.68506 0.281485
5110.55908 0.281485
5111.43408 0.281486
5112.30811 0.281481
5113.18311 0.281476
5114.05811 0.281472
5114.93311 0.281467
5115.80811 0.281462
5116.68311 0.281458
5117.55811 0.281453
5118.43408 0.281448
5119.31006 0.281444
5120.18604 0.281439
5121.06201 0.281434
5121.93799 0.281468
5122.81396 0.28153
5123.68994 0.281592
5124.56689 0.281654
5125.44385 0.281716
5126.32080 0.281778
5127.19824 0.28184
5128.07520 0.281901
5128.95312 0.281963
5129.83008 0.282025
5130.70801 0.282104
5131.58496 0.282176
5132.46387 0.282198
5133.34180 0.28222
5134.22021 0.282241
5135.09912 0.282263
5135.97705 0.282285
5136.85596 0.282307
5137.73486 0.282329
5138.61377 0.282351
5139.49316 0.282372
5140.37207 0.282385
5141.25195 0.282386
5142.13086 0.282395
5143.01123 0.282406
5143.89111 0.282417
5144.77100 0.282428
5145.65088 0.282439
5146.53223 0.28245
5147.41309 0.282462
5148.29297 0.282473
5149.17383 0.282484
5150.05518 0.282495
5150.93604 0.282506
5151.81689 0.282525
5152.69922 0.282553
5153.58105 0.282582
5154.46191 0.282611
5155.34424 0.28264
5156.22607 0.282669
5157.10791 0.282697
5157.99121 0.282726
5158.87305 0.282755
5159.75586 0.282784
5160.63916 0.282813
5161.52100 0.282836
5162.40479 0.282805
5163.28809 0.282774
5164.17090 0.282743
5165.05518 0.282712
5165.93799 0.282682
5166.82324 0.282651
5167.70703 0.28262
5168.59082 0.282589
5169.47510 0.282558
5170.35889 0.282527
5171.24414 0.282496
5172.12891 0.282457
5173.01416 0.282416
5173.89893 0.282375
5174.78418 0.282333
5175.66895 0.282292
5176.55518 0.282251
5177.44092 0.282209
5178.32715 0.282168
5179.21191 0.282127
5180.09912 0.282085
5180.98486 0.282044
5181.87207 0.282041
5182.75781 0.282078
5183.64502 0.282115
5184.53223 0.282152
5185.41797 0.28219
5186.30615 0.282227
5187.19287 0.282264
5188.08105 0.282302
5188.96777 0.282339
5189.85596 0.282376
5190.74414 0.282413
5191.63184 0.282436
5192.52100 0.282402
5193.40918 0.282367
5194.29688 0.282333
5195.18604 0.282299
5196.07520 0.282265
5196.96387 0.282231
5197.85303 0.282197
5198.74316 0.282162
5199.63184 0.282128
5200.52100 0.282094
5201.41211 0.28206
5202.30078 0.282024
5203.19092 0.281988
5204.08203 0.281953
5204.97217 0.281917
5205.86279 0.281881
5206.75293 0.281846
5207.64404 0.28181
5208.53516 0.281774
5209.42578 0.281739
5210.31787 0.281703
5211.20898 0.281667
5212.10107 0.281695
5212.99316 0.281746
5213.88379 0.281798
5214.77588 0.281849
5215.66797 0.281901
5216.56104 0.281952
5217.45410 0.282004
5218.34619 0.282055
5219.23877 0.282106
5220.13184 0.282158
5221.02490 0.282209
5221.91797 0.282231
5222.81201 0.282225
5223.70605 0.282218
5224.59912 0.282212
5225.49316 0.282206
5226.38721 0.2822
5227.28076 0.282194
5228.17578 0.282188
5229.06982 0.282182
5229.96484 0.282176
5230.85986 0.282171
5231.75488 0.282142
5232.64990 0.282064
5233.54492 0.281987
5234.43994 0.28191
5235.33594 0.281832
5236.23193 0.281755
5237.12793 0.281677
5238.02393 0.2816
5238.91992 0.281523
5239.81592 0.281445
5240.71289 0.281367
5241.60889 0.281303
5242.50586 0.281306
5243.40283 0.281308
5244.29980 0.28131
5245.19824 0.281313
5246.09521 0.281315
5246.99316 0.281317
5247.89111 0.281319
5248.78906 0.281321
5249.68701 0.281324
5250.58398 0.281326
5251.48291 0.281327
5252.38086 0.281282
5253.27979 0.281237
5254.17920 0.281193
5255.07812 0.281148
5255.97705 0.281103
5256.87598 0.281058
5257.77588 0.281013
5258.67480 0.280968
5259.57520 0.280923
5260.47510 0.280879
5261.37500 0.280834
5262.27490 0.280753
5263.17480 0.280668
5264.07617 0.280582
5264.97705 0.280497
5265.87695 0.280412
5266.77783 0.280327
5267.68018 0.280241
5268.58105 0.280156
5269.48193 0.280071
5270.38379 0.279986
5271.28613 0.2799
5272.18701 0.279839
5273.08887 0.279784
5273.99219 0.279728
5274.89404 0.279673
5275.79590 0.279617
5276.69922 0.279562
5277.60205 0.279507
5278.50488 0.279451
5279.40820 0.279396
5280.31201 0.27934
5281.21484 0.279285
5282.11816 0.279241
5283.02197 0.279203
5283.92578 0.279164
5284.83008 0.279125
5285.73389 0.279087
5286.63916 0.279048
5287.54297 0.279009
5288.44824 0.278971
5289.35303 0.278932
5290.25781 0.278893
5291.16309 0.278855
5292.06787 0.278851
5292.97412 0.278865
5293.87891 0.278879
5294.78516 0.278893
5295.69092 0.278908
5296.59717 0.278922
5297.50293 0.278936
5298.40918 0.27895
5299.31592 0.278965
5300.22314 0.278979
5301.12891 0.278993
5302.03711 0.278979
5302.94287 0.278948
5303.85107 0.278917
5304.75781 0.278886
5305.66602 0.278854
5306.57422 0.278823
5307.48096 0.278792
5308.39014 0.278761
5309.29785 0.27873
5310.20703 0.278698
5311.11523 0.278667
5312.02295 0.278624
5312.93311 0.278572
5313.84082 0.27852
5314.75000 0.278469
5315.66016 0.278417
5316.56885 0.278365
5317.47900 0.278314
5318.38916 0.278262
5319.29883 0.27821
5320.20898 0.278159
5321.11914 0.278107
5322.02979 0.278072
5322.93994 0.278046
5323.85107 0.278021
5324.76221 0.277996
5325.67285 0.277971
5326.58398 0.277945
5327.49512 0.27792
5328.40723 0.277895
5329.31787 0.27787
5330.22998 0.277844
5331.14209 0.277819
5332.05420 0.277781
5332.96680 0.277736
5333.87891 0.27769
5334.79199 0.277645
5335.70508 0.277599
5336.61719 0.277554
5337.52979 0.277508
5338.44385 0.277463
5339.35693 0.277417
5340.27100 0.277371
5341.18408 0.277326
5342.09814 0.277285
5343.01221 0.277246
5343.92578 0.277207
5344.84082 0.277169
5345.75488 0.27713
5346.66992 0.277091
5347.58398 0.277053
5348.50000 0.277014
5349.41504 0.276975
5350.33008 0.276936
5351.24512 0.276897
5352.16113 0.276861
5353.07715 0.276826
5353.99219 0.27679
5354.90918 0.276755
5355.82520 0.27672
5356.74121 0.276684
5357.65820 0.276649
5358.57422 0.276614
5359.49121 0.276578
5360.40820 0.276543
5361.32520 0.276507
5362.24219 0.27647
5363.16016 0.276433
5364.07812 0.276395
5364.99512 0.276358
5365.91309 0.27632
5366.83105 0.276282
5367.75000 0.276245
5368.66797 0.276207
5369.58594 0.27617
5370.50488 0.276132
5371.42383 0.276094
5372.34277 0.275997
5373.26221 0.275894
5374.18213 0.275792
5375.10107 0.275689
5376.02100 0.275587
5376.93994 0.275484
5377.85986 0.275382
5378.78076 0.275279
5379.70117 0.275177
5380.62109 0.275074
5381.54199 0.274974
5382.46191 0.274913
5383.38379 0.274852
5384.30518 0.274791
5385.22607 0.27473
5386.14697 0.27467
5387.06885 0.274609
5387.99023 0.274548
5388.91211 0.274487
5389.83398 0.274426
5390.75586 0.274365
5391.67920 0.274295
5392.60107 0.274183
5393.52393 0.274072
5394.44678 0.27396
5395.37012 0.273848
5396.29297 0.273737
5397.21582 0.273625
5398.14014 0.273514
5399.06299 0.273402
5399.98682 0.27329
5400.91113 0.273178
5401.83496 0.273063
5402.75879 0.272941
5403.68408 0.272819
5404.60791 0.272698
5405.53320 0.272576
5406.45801 0.272454
5407.38281 0.272332
5408.30811 0.272211
5409.23291 0.272089
5410.15918 0.271967
5411.08398 0.271845
5412.00977 0.271755
5412.93604 0.271691
5413.86182 0.271627
5414.78906 0.271563
5415.71484 0.271499
5416.64209 0.271435
5417.56787 0.271371
5418.49512 0.271307
5419.42188 0.271242
5420.35010 0.271178
5421.27686 0.271114
5422.20508 0.271067
5423.13184 0.271025
5424.06006 0.270983
5424.98779 0.270942
5425.91602 0.2709
5426.84521 0.270859
5427.77295 0.270817
5428.70215 0.270775
5429.62988 0.270733
5430.56006 0.270691
5431.48877 0.270649
5432.41797 0.270571
5433.34717 0.270491
5434.27686 0.270411
5435.20703 0.270331
5436.13721 0.270251
5437.06689 0.270171
5437.99707 0.270091
5438.92676 0.270012
5439.85791 0.269932
5440.78906 0.269852
5441.72021 0.269774
5442.65088 0.269704
5443.58203 0.269634
5444.51318 0.269563
5445.44482 0.269493
5446.37598 0.269423
5447.30811 0.269353
5448.24023 0.269283
5449.17188 0.269213
5450.10498 0.269142
5451.03711 0.269072
5451.97021 0.268995
5452.90283 0.268912
5453.83594 0.268828
5454.76904 0.268744
5455.70215 0.268661
5456.63623 0.268577
5457.56885 0.268494
5458.50293 0.26841
5459.43701 0.268327
5460.37109 0.268243
5461.30518 0.268159
5462.24023 0.268053
5463.17383 0.26794
5464.10889 0.267827
5465.04395 0.267714
5465.97900 0.267601
5466.91406 0.267487
5467.84912 0.267375
5468.78516 0.267261
5469.72119 0.267148
5470.65576 0.267035
5471.59180 0.266926
5472.52783 0.266867
5473.46484 0.266807
5474.40088 0.266748
5475.33789 0.266689
5476.27490 0.26663
5477.21191 0.26657
5478.14893 0.266511
5479.08594 0.266452
5480.02295 0.266392
5480.96094 0.266333
5481.89893 0.266267
5482.83691 0.26619
5483.77490 0.266114
5484.71289 0.266037
5485.65088 0.26596
5486.58984 0.265884
5487.52881 0.265807
5488.46777 0.26573
5489.40723 0.265654
5490.34619 0.265577
5491.28516 0.2655
5492.22510 0.265367
5493.16504 0.265215
5494.10400 0.265063
5495.04395 0.264911
5495.98486 0.264759
5496.92480 0.264607
5497.86523 0.264454
5498.80615 0.264302
5499.74707 0.26415
5500.68799 0.263997
5501.62891 0.263843
5502.56982 0.263679
5503.51221 0.263516
5504.45410 0.263352
5505.39502 0.263189
5506.33691 0.263026
5507.27881 0.262862
5508.22217 0.262698
5509.16406 0.262535
5510.10596 0.262371
5511.04883 0.262207
5511.99219 0.262066
5512.93506 0.261947
5513.87793 0.261827
5514.82178 0.261708
5515.76611 0.261589
5516.70898 0.26147
5517.65283 0.26135
5518.59717 0.261231
5519.54199 0.261112
5520.48584 0.260993
5521.43018 0.260873
5522.37500 0.260782
5523.31982 0.260694
5524.26514 0.260605
5525.20996 0.260517
5526.15479 0.260429
5527.10107 0.260341
5528.04590 0.260253
5528.99219 0.260165
5529.93799 0.260077
5530.88379 0.259988
5531.83105 0.259886
5532.77686 0.259752
5533.72412 0.259619
5534.66992 0.259485
5535.61816 0.259351
5536.56396 0.259218
5537.51221 0.259084
5538.45898 0.25895
5539.40723 0.258816
5540.35400 0.258682
5541.30322 0.258549
5542.25000 0.258427
5543.19922 0.258309
5544.14697 0.258191
5545.09619 0.258073
5546.04395 0.257956
5546.99414 0.257837
5547.94189 0.25772
5548.89209 0.257602
5549.84082 0.257484
5550.79102 0.257366
5551.74023 0.257244
5552.68994 0.257106
5553.64014 0.256968
5554.58984 0.256831
5555.54102 0.256693
5556.49121 0.256555
5557.44189 0.256417
5558.39307 0.256279
5559.34424 0.256142
5560.29492 0.256004
5561.24707 0.255866
5562.19824 0.255752
5563.14893 0.25565
5564.10205 0.255547
5565.05420 0.255445
5566.00586 0.255342
5566.95801 0.25524
5567.91113 0.255138
5568.86279 0.255035
5569.81592 0.254933
5570.76904 0.254814
5571.72217 0.254684
5572.67480 0.254525
5573.62891 0.254366
5574.58301 0.254207
5575.53613 0.254049
5576.49023 0.25389
5577.44385 0.253731
5578.39795 0.253572
5579.35303 0.253413
5580.30811 0.253261
5581.26221 0.253122
5582.21680 0.252987
5583.17188 0.252852
5584.12695 0.252718
5585.08301 0.252584
5586.03906 0.252449
5586.99414 0.252315
5587.95020 0.25218
5588.90576 0.252046
5589.86182 0.251912
5590.81885 0.251777
5591.77490 0.251647
5592.73193 0.25153
5593.68896 0.251413
5594.64600 0.251297
5595.60303 0.25118
5596.56104 0.251063
5597.51807 0.250947
5598.47607 0.25083
5599.43408 0.250713
5600.39209 0.250596
5601.35010 0.250479
5602.30811 0.250306
5603.26709 0.250116
5604.22607 0.249927
5605.18506 0.249738
5606.14404 0.249549
5607.10303 0.249359
5608.06201 0.24917
5609.02100 0.248981
5609.98096 0.248791
5610.94092 0.248602
5611.90088 0.248414
5612.86084 0.248231
5613.82080 0.248047
5614.78223 0.247863
5615.74316 0.247679
5616.70410 0.247495
5617.66504 0.247311
5618.62500 0.247127
5619.58691 0.246944
5620.54785 0.24676
5621.50977 0.246576
5622.47217 0.246367
5623.43408 0.246158
5624.39600 0.245948
5625.35791 0.245738
5626.32080 0.245529
5627.28320 0.245319
5628.24609 0.245109
5629.20898 0.2449
5630.17188 0.244689
5631.13477 0.244473
5632.09912 0.244262
5633.06201 0.244055
5634.02588 0.243848
5634.99023 0.243641
5635.95508 0.243434
5636.91797 0.243228
5637.88281 0.243021
5638.84814 0.242814
5639.81299 0.242607
5640.77686 0.2424
5641.74316 0.242207
5642.70801 0.242076
5643.67285 0.241945
5644.63916 0.241813
5645.60400 0.241682
5646.57080 0.241551
5647.53711 0.24142
5648.50293 0.241288
5649.46924 0.241157
5650.43604 0.241026
5651.40283 0.240894
5652.37012 0.240729
5653.33691 0.240556
5654.30420 0.240383
5655.27100 0.240211
5656.23877 0.240038
5657.20703 0.239865
5658.17480 0.239693
5659.14307 0.23952
5660.11084 0.239347
5661.08008 0.239174
5662.04785 0.238997
5663.01709 0.238817
5663.98584 0.238636
5664.95508 0.238455
5665.92383 0.238274
5666.89404 0.238093
5667.86279 0.237912
5668.83301 0.237732
5669.80322 0.237551
5670.77197 0.23737
5671.74316 0.237184
5672.71289 0.236978
5673.68408 0.236772
5674.65479 0.236566
5675.62500 0.236359
5676.59717 0.236153
5677.56787 0.235947
5678.53906 0.235741
5679.51123 0.235535
5680.48193 0.235328
5681.45508 0.235122
5682.42578 0.234921
5683.39893 0.234722
5684.37109 0.234522
5685.34424 0.234322
5686.31592 0.234123
5687.29004 0.233923
5688.26221 0.233724
5689.23584 0.233524
5690.20898 0.233324
5691.18311 0.233125
5692.15576 0.232935
5693.12988 0.232754
5694.10400 0.232572
5695.07910 0.23239
5696.05322 0.232208
5697.02686 0.232026
5698.00195 0.231844
5698.97705 0.231662
5699.95215 0.23148
5700.92676 0.231298
5701.90283 0.231097
5702.87793 0.230856
5703.85400 0.230615
5704.83008 0.230374
5705.80615 0.230133
5706.78223 0.229892
5707.75879 0.229652
5708.73486 0.229411
5709.71191 0.22917
5710.68896 0.228929
5711.66602 0.228694
5712.64307 0.228524
5713.62109 0.228354
5714.59814 0.228184
5715.57617 0.228014
5716.55420 0.227844
5717.53223 0.227674
5718.50977 0.227504
5719.48779 0.227334
5720.46680 0.227154
5721.44580 0.226965
5722.42480 0.226748
5723.40381 0.226526
5724.38281 0.226304
5725.36182 0.226082
5726.34180 0.225861
5727.32178 0.225639
5728.30176 0.225417
5729.28223 0.225195
5730.26221 0.224978
5731.24316 0.224775
5732.22314 0.224559
5733.20410 0.224336
5734.18506 0.224113
5735.16602 0.22389
5736.14697 0.223667
5737.12793 0.223444
5738.10986 0.223221
