threeML/data/optical_filters/HST/WFC3_UVIS1-F300X.ecsv
# %ECSV 0.9
# ---
# datatype:
# - {name: wavelength, unit: Angstrom, datatype: float32}
# - {name: response, datatype: float32}
# meta: !!omap
# - {band_name: F300X}
# - {group_name: WFC3_UVIS1}
wavelength response
[from data line 3218]
3545.00610 0.019317
3545.61304 0.019259
3546.21899 0.019202
3546.82593 0.019145
3547.43311 0.019088
3548.04004 0.019031
3548.64697 0.018974
3549.25391 0.018917
3549.86108 0.01886
3550.46899 0.018802
3551.07593 0.018744
3551.68408 0.018686
3552.29199 0.018628
3552.89893 0.018571
3553.50708 0.018513
3554.11499 0.018455
3554.72290 0.018397
3555.33203 0.01834
3555.93994 0.018282
3556.54810 0.018224
3557.15698 0.018167
3557.76489 0.018109
3558.37402 0.018052
3558.98291 0.017994
3559.59204 0.017937
3560.20093 0.017879
3560.81006 0.017822
3561.41895 0.017765
3562.02808 0.01771
3562.63794 0.017654
3563.24707 0.017598
3563.85693 0.017542
3564.46704 0.017487
3565.07690 0.017431
3565.68701 0.017375
3566.29712 0.01732
3566.90698 0.017264
3567.51709 0.017209
3568.12695 0.017153
3568.73804 0.017098
3569.34912 0.017042
3569.95898 0.016987
3570.57007 0.016932
3571.18091 0.016878
3571.79199 0.016825
3572.40308 0.016772
3573.01392 0.016718
3573.62598 0.016665
3574.23706 0.016612
3574.84912 0.016559
3575.45996 0.016506
3576.07202 0.016452
3576.68408 0.016399
3577.29590 0.016346
3577.90796 0.016293
3578.52002 0.01624
3579.13208 0.016187
3579.74512 0.016134
3580.35693 0.016081
3580.96997 0.016027
3581.58301 0.015975
3582.19507 0.015924
3582.80811 0.015872
3583.42090 0.015821
3584.03394 0.015769
3584.64697 0.015718
3585.26099 0.015666
3585.87402 0.015615
3586.48804 0.015563
3587.10107 0.015512
3587.71509 0.015461
3588.32910 0.015409
3588.94312 0.015358
3589.55688 0.015307
3590.17090 0.015256
3590.78491 0.015206
3591.39990 0.015156
3592.01392 0.015107
3592.62891 0.015058
3593.24292 0.015009
3593.85791 0.01496
3594.47290 0.014912
3595.08789 0.014863
3595.70288 0.014814
3596.31812 0.014765
3596.93408 0.014717
3597.54907 0.014668
3598.16504 0.014619
3598.78003 0.014571
3599.39600 0.014522
3600.01196 0.014473
3600.62793 0.014433
3601.24390 0.014392
3601.86011 0.014352
3602.47607 0.014311
3603.09302 0.014271
3603.70898 0.01423
3604.32593 0.01419
3604.94189 0.014149
3605.55908 0.014109
3606.17603 0.014068
3606.79297 0.014028
3607.40991 0.013987
3608.02710 0.013947
3608.64502 0.013906
3609.26196 0.013865
3609.87988 0.013825
3610.49707 0.013785
3611.11499 0.013745
3611.73291 0.013706
3612.35107 0.013667
3612.96899 0.013628
3613.58691 0.01359
3614.20508 0.013551
3614.82300 0.013512
3615.44189 0.013473
3616.06104 0.013434
3616.67896 0.013395
3617.29810 0.013356
3617.91699 0.013317
3618.53589 0.013278
3619.15503 0.013239
3619.77393 0.0132
3620.39404 0.01316
3621.01294 0.01312
3621.63306 0.013084
3622.25195 0.013047
3622.87207 0.013011
3623.49194 0.012974
3624.11206 0.012937
3624.73193 0.012901
3625.35205 0.012864
3625.97192 0.012827
3626.59302 0.01279
3627.21289 0.012754
3627.83398 0.012717
3628.45508 0.01268
3629.07495 0.012643
3629.69604 0.012607
3630.31689 0.01257
3630.93799 0.012533
3631.56006 0.012497
3632.18091 0.012462
3632.80200 0.012426
3633.42407 0.012391
3634.04590 0.012355
3634.66699 0.01232
3635.28906 0.012285
3635.91089 0.012249
3636.53296 0.012214
3637.15601 0.012178
3637.77808 0.012142
3638.39990 0.012107
3639.02295 0.012071
3639.64502 0.012036
3640.26807 0.012
3640.89111 0.011966
3641.51392 0.011932
3642.13696 0.0119
3642.76001 0.011867
3643.38306 0.011834
3644.00708 0.011802
3644.62988 0.011769
3645.25391 0.011736
3645.87695 0.011703
3646.50098 0.011671
3647.12500 0.011638
3647.74902 0.011605
3648.37305 0.011572
3648.99707 0.011539
3649.62207 0.011507
3650.24609 0.011473
3650.87109 0.01144
3651.49512 0.011407
3652.12012 0.011375
3652.74512 0.011343
3653.37012 0.011311
3653.99512 0.011279
3654.62012 0.011246
3655.24512 0.011214
3655.87109 0.011182
3656.49609 0.01115
3657.12207 0.011117
3657.74805 0.011085
3658.37402 0.011053
3658.99902 0.01102
3659.62500 0.010988
3660.25098 0.010956
3660.87793 0.010924
3661.50391 0.010893
3662.13110 0.010863
3662.75708 0.010833
3663.38403 0.010802
3664.01099 0.010772
3664.63696 0.010741
3665.26489 0.010711
3665.89209 0.01068
3666.51904 0.01065
3667.14600 0.010619
3667.77393 0.010589
3668.40088 0.010558
3669.02905 0.010527
3669.65601 0.010497
3670.28394 0.010466
3670.91211 0.010435
3671.54102 0.010405
3672.16895 0.010375
3672.79712 0.010346
3673.42505 0.010316
3674.05396 0.010286
3674.68188 0.010257
3675.31104 0.010227
3675.93994 0.010198
3676.56909 0.010168
3677.19800 0.010138
3677.82690 0.010109
3678.45605 0.010079
3679.08594 0.010049
3679.71509 0.010019
3680.34497 0.00999
3680.97412 0.00996
3681.60400 0.009932
3682.23389 0.009905
3682.86401 0.009878
3683.49390 0.009851
3684.12500 0.009824
3684.75488 0.009797
3685.38501 0.009769
3686.01611 0.009742
3686.64600 0.009715
3687.27710 0.009688
3687.90796 0.00966
3688.53906 0.009633
3689.16992 0.009606
3689.80103 0.009579
3690.43311 0.009552
3691.06396 0.009525
3691.69604 0.009499
3692.32690 0.009473
3692.95898 0.009447
3693.59106 0.009421
3694.22290 0.009396
3694.85498 0.00937
3695.48706 0.009344
3696.11890 0.009318
3696.75195 0.009292
3697.38403 0.009266
3698.01709 0.00924
3698.64893 0.009214
3699.28198 0.009188
3699.91504 0.009162
3700.54810 0.009135
3701.18091 0.009109
3701.81494 0.009083
3702.44800 0.009058
3703.08203 0.009032
3703.71509 0.009007
3704.34912 0.008981
3704.98193 0.008956
3705.61597 0.00893
3706.25000 0.008904
3706.88501 0.008879
3707.51904 0.008853
3708.15308 0.008827
3708.78809 0.008802
3709.42212 0.008776
3710.05688 0.00875
3710.69189 0.008725
3711.32593 0.008701
3711.96094 0.008678
3712.59595 0.008656
3713.23193 0.008633
3713.86694 0.00861
3714.50195 0.008588
3715.13794 0.008565
3715.77393 0.008542
3716.40894 0.008519
3717.04492 0.008497
3717.68091 0.008474
3718.31689 0.008451
3718.95288 0.008428
3719.59009 0.008405
3720.22607 0.008382
3720.86304 0.008359
3721.49902 0.008337
3722.13599 0.008315
3722.77295 0.008293
3723.40991 0.008271
3724.04712 0.008249
3724.68408 0.008227
3725.32104 0.008205
3725.95898 0.008182
3726.59595 0.00816
3727.23389 0.008138
3727.87207 0.008116
3728.50903 0.008094
3729.14697 0.008072
3729.78491 0.00805
3730.42310 0.008028
3731.06201 0.008006
3731.69995 0.007984
3732.33911 0.007962
3732.97705 0.007941
3733.61597 0.007919
3734.25488 0.007897
3734.89404 0.007876
3735.53198 0.007854
3736.17212 0.007832
3736.81104 0.007811
3737.44995 0.007789
3738.09009 0.007767
3738.72900 0.007746
3739.36890 0.007724
3740.00903 0.007702
3740.64893 0.007681
3741.28906 0.00766
3741.92896 0.00764
3742.56909 0.00762
3743.20898 0.0076
3743.85010 0.00758
3744.48999 0.00756
3745.13110 0.00754
3745.77197 0.00752
3746.41309 0.0075
3747.05298 0.00748
3747.69507 0.00746
3748.33594 0.007439
3748.97705 0.007419
3749.61890 0.007399
3750.26001 0.007379
3750.90210 0.007358
3751.54395 0.007339
3752.18604 0.00732
3752.82690 0.007301
3753.46899 0.007281
3754.11206 0.007262
3754.75391 0.007243
3755.39600 0.007224
3756.03906 0.007205
3756.68188 0.007185
3757.32397 0.007166
3757.96704 0.007147
3758.61011 0.007128
3759.25293 0.007109
3759.89600 0.007089
3760.54004 0.00707
3761.18311 0.007052
3761.82690 0.007034
3762.46997 0.007016
3763.11401 0.006998
3763.75806 0.00698
3764.40210 0.006962
3765.04590 0.006944
3765.68994 0.006926
3766.33398 0.006908
3766.97900 0.00689
3767.62305 0.006872
3768.26807 0.006854
3768.91309 0.006836
3769.55688 0.006818
3770.20190 0.0068
3770.84692 0.006781
3771.49292 0.006764
3772.13794 0.006746
3772.78296 0.006729
3773.42896 0.006712
3774.07397 0.006694
3774.71997 0.006677
3775.36597 0.00666
3776.01196 0.006642
3776.65796 0.006625
3777.30396 0.006608
3777.94995 0.00659
3778.59692 0.006573
3779.24292 0.006556
3779.88989 0.006538
3780.53711 0.006521
3781.18408 0.006504
3781.83105 0.006487
3782.47803 0.006471
3783.12500 0.006455
3783.77197 0.006439
3784.41895 0.006423
3785.06689 0.006407
3785.71411 0.006391
3786.36206 0.006375
3787.01001 0.006359
3787.65796 0.006343
3788.30591 0.006326
3788.95410 0.00631
3789.60205 0.006294
3790.25098 0.006278
3790.89893 0.006262
3791.54810 0.006246
3792.19702 0.00623
3792.84497 0.006215
3793.49390 0.006199
3794.14307 0.006183
3794.79199 0.006167
3795.44189 0.006151
3796.09106 0.006135
3796.74097 0.006119
3797.38989 0.006103
3798.04004 0.006087
3798.68994 0.006071
3799.34009 0.006055
3799.98999 0.006039
3800.63989 0.006024
3801.29004 0.00601
3801.94092 0.005996
3802.59106 0.005982
3803.24194 0.005969
3803.89209 0.005955
3804.54297 0.005941
3805.19409 0.005927
3805.84497 0.005914
3806.49609 0.0059
3807.14795 0.005886
3807.79907 0.005872
3808.44995 0.005858
3809.10205 0.005844
3809.75391 0.005831
3810.40601 0.005817
3811.05811 0.005803
3811.70996 0.005791
3812.36206 0.00578
3813.01392 0.005768
3813.66699 0.005757
3814.31909 0.005745
3814.97192 0.005734
3815.62402 0.005722
3816.27710 0.005711
3816.92993 0.005699
3817.58301 0.005688
3818.23608 0.005676
3818.88989 0.005665
3819.54297 0.005653
3820.19702 0.005642
3820.85010 0.00563
3821.50391 0.005619
3822.15796 0.005606
3822.81201 0.005594
3823.46606 0.005582
3824.12012 0.00557
3824.77393 0.005558
3825.42798 0.005545
3826.08301 0.005533
3826.73804 0.005521
3827.39209 0.005509
3828.04712 0.005496
3828.70190 0.005484
3829.35693 0.005472
3830.01196 0.005459
3830.66797 0.005447
3831.32300 0.005434
3831.97900 0.005421
3832.63403 0.005409
3833.29004 0.005396
3833.94604 0.005383
3834.60205 0.005371
3835.25806 0.005358
3835.91406 0.005345
3836.57007 0.005332
3837.22705 0.00532
3837.88306 0.005307
3838.54004 0.005294
3839.19702 0.005281
3839.85400 0.005268
3840.51001 0.005256
3841.16797 0.005243
3841.82495 0.005232
3842.48193 0.005222
3843.13989 0.005211
3843.79712 0.0052
3844.45508 0.005189
3845.11304 0.005178
3845.77100 0.005167
3846.42798 0.005157
3847.08691 0.005146
3847.74512 0.005135
3848.40308 0.005124
3849.06201 0.005113
3849.71997 0.005102
3850.37891 0.005091
3851.03809 0.00508
3851.69702 0.005069
3852.35498 0.005058
3853.01489 0.005047
3853.67407 0.005036
3854.33301 0.005025
3854.99292 0.005015
3855.65210 0.005004
3856.31201 0.004993
3856.97192 0.004982
3857.63208 0.004971
3858.29199 0.00496
3858.95190 0.004949
3859.61206 0.004938
3860.27197 0.004927
3860.93311 0.004916
3861.59302 0.004906
3862.25391 0.004895
3862.91504 0.004885
3863.57593 0.004874
3864.23706 0.004863
3864.89795 0.004853
3865.55908 0.004842
3866.22095 0.004831
3866.88208 0.00482
3867.54395 0.00481
3868.20508 0.004799
3868.86694 0.004788
3869.52905 0.004778
3870.19092 0.004767
3870.85400 0.004756
3871.51611 0.004746
3872.17798 0.004736
3872.84106 0.004726
3873.50293 0.004717
3874.16602 0.004707
3874.82910 0.004697
3875.49194 0.004687
3876.15503 0.004677
3876.81812 0.004667
3877.48096 0.004657
3878.14502 0.004647
3878.80811 0.004637
3879.47192 0.004627
3880.13599 0.004617
3880.80005 0.004606
3881.46411 0.004596
3882.12793 0.004585
3882.79199 0.004575
3883.45605 0.004564
3884.12109 0.004554
3884.78491 0.004543
3885.44995 0.004533
3886.11499 0.004522
3886.78003 0.004511
3887.44507 0.004501
3888.11011 0.00449
3888.77490 0.00448
3889.43994 0.004469
3890.10596 0.004458
3890.77100 0.004448
3891.43701 0.004437
3892.10303 0.004427
3892.76904 0.004417
3893.43506 0.004407
3894.10107 0.004397
3894.76709 0.004387
3895.43408 0.004377
3896.10010 0.004367
3896.76709 0.004357
3897.43311 0.004347
3898.10010 0.004337
3898.76709 0.004327
3899.43408 0.004317
3900.10107 0.004307
3900.76904 0.004297
3901.43604 0.004288
3902.10400 0.004278
3902.77100 0.004269
3903.43896 0.004259
3904.10693 0.00425
3904.77490 0.00424
3905.44312 0.004231
3906.11108 0.004221
3906.77905 0.004212
3907.44800 0.004202
3908.11597 0.004192
3908.78491 0.004183
3909.45410 0.004173
3910.12305 0.004164
3910.79199 0.004154
3911.46094 0.004144
3912.12988 0.004134
3912.79907 0.004125
3913.46899 0.004115
3914.13794 0.004105
3914.80811 0.004096
3915.47803 0.004086
3916.14795 0.004076
3916.81812 0.004067
3917.48804 0.004057
3918.15796 0.004047
3918.82910 0.004037
3919.49902 0.004028
3920.16992 0.004018
3920.84009 0.004008
3921.51099 0.003998
3922.18188 0.003989
3922.85303 0.003979
3923.52393 0.003969
3924.19604 0.00396
3924.86694 0.00395
3925.53906 0.00394
3926.20996 0.003931
3926.88208 0.003921
3927.55396 0.003911
3928.22607 0.003902
3928.89795 0.003892
3929.57007 0.003882
3930.24194 0.003872
3930.91504 0.003863
3931.58691 0.003854
3932.26001 0.003845
3932.93311 0.003836
3933.60596 0.003828
3934.27905 0.003819
3934.95190 0.00381
3935.62500 0.003801
3936.29907 0.003792
3936.97192 0.003784
3937.64600 0.003775
3938.31909 0.003766
3938.99292 0.003757
3939.66699 0.003748
3940.34106 0.003739
3941.01489 0.00373
3941.68994 0.003721
3942.36401 0.003711
3943.03906 0.003702
3943.71289 0.003692
3944.38794 0.003683
3945.06299 0.003673
3945.73804 0.003664
3946.41309 0.003654
3947.08789 0.003645
3947.76294 0.003635
3948.43896 0.003626
3949.11499 0.003616
3949.79004 0.003606
3950.46606 0.003597
3951.14209 0.003587
3951.81812 0.003578
3952.49390 0.003569
3953.16992 0.003559
3953.84595 0.00355
3954.52295 0.003541
3955.19995 0.003531
3955.87598 0.003522
3956.55298 0.003513
3957.22998 0.003503
3957.90698 0.003494
3958.58398 0.003484
3959.26196 0.003475
3959.93896 0.003466
3960.61694 0.003456
3961.29395 0.003447
3961.97192 0.003439
3962.64990 0.003431
3963.32788 0.003422
3964.00610 0.003414
3964.68408 0.003405
3965.36304 0.003397
3966.04102 0.003389
3966.71899 0.00338
3967.39795 0.003372
3968.07690 0.003363
3968.75610 0.003355
3969.43506 0.003346
3970.11401 0.003338
3970.79297 0.003329
3971.47290 0.003321
3972.15210 0.003312
3972.83203 0.003303
3973.51099 0.003295
3974.19092 0.003286
3974.87109 0.003277
3975.55200 0.003269
3976.23193 0.00326
3976.91211 0.003251
3977.59204 0.003242
3978.27295 0.003234
3978.95410 0.003225
3979.63403 0.003216
3980.31494 0.003207
3980.99609 0.003199
3981.67700 0.003189
3982.35889 0.00318
3983.04004 0.003171
3983.72095 0.003161
3984.40308 0.003152
3985.08496 0.003142
3985.76709 0.003133
3986.44800 0.003123
3987.13110 0.003114
3987.81299 0.003104
3988.49512 0.003095
3989.17700 0.003085
3989.86011 0.003076
3990.54297 0.003066
3991.22510 0.003057
3991.90796 0.003049
3992.59106 0.00304
3993.27393 0.003032
3993.95801 0.003024
3994.64111 0.003015
3995.32397 0.003007
3996.00806 0.002998
3996.69189 0.00299
3997.37500 0.002982
3998.06006 0.002973
3998.74292 0.002965
3999.42798 0.002956
4000.11206 0.002948
4000.79590 0.002938
4001.48096 0.002929
4002.16602 0.00292
4002.85010 0.00291
4003.53491 0.002901
4004.21997 0.002891
4004.90503 0.002882
4005.59009 0.002873
4006.27588 0.002863
4006.96094 0.002854
4007.64697 0.002844
4008.33301 0.002835
4009.01807 0.002826
4009.70410 0.002816
4010.38989 0.002807
4011.07593 0.002797
4011.76294 0.002788
4012.44897 0.002779
4013.13501 0.002769
4013.82202 0.00276
4014.50903 0.002751
4015.19604 0.002741
4015.88306 0.002732
4016.57007 0.002722
4017.25708 0.002713
4017.94409 0.002704
4018.63208 0.002694
4019.31909 0.002685
4020.00708 0.002676
4020.69507 0.002666
4021.38306 0.002657
4022.07104 0.002648
4022.75903 0.002639
4023.44702 0.00263
4024.13599 0.002621
4024.82397 0.002611
4025.51294 0.002602
4026.20190 0.002593
4026.88989 0.002584
4027.57910 0.002575
4028.26904 0.002566
4028.95801 0.002557
4029.64697 0.002547
4030.33594 0.002538
4031.02588 0.002529
4031.71606 0.00252
4032.40601 0.00251
4033.09497 0.002501
4033.78491 0.002492
4034.47607 0.002482
4035.16602 0.002473
4035.85596 0.002464
4036.54712 0.002454
4037.23804 0.002445
4037.92798 0.002435
4038.61890 0.002426
4039.31006 0.002417
4040.00098 0.002407
4040.69189 0.002398
4041.38403 0.002389
4042.07495 0.002381
4042.76709 0.002373
4043.45801 0.002365
4044.14990 0.002357
4044.84204 0.002349
4045.53394 0.002341
4046.22705 0.002332
4046.91895 0.002324
4047.61108 0.002316
4048.30396 0.002308
4048.99609 0.0023
4049.68896 0.002292
4050.38208 0.002284
4051.07495 0.002276
4051.76807 0.002268
4052.46094 0.00226
4053.15503 0.002252
4053.84790 0.002244
4054.54199 0.002236
4055.23511 0.002228
4055.92896 0.00222
4056.62305 0.002212
4057.31689 0.002204
4058.01099 0.002196
4058.70605 0.002188
4059.39990 0.00218
4060.09497 0.002172
4060.78906 0.002164
4061.48389 0.002156
4062.17896 0.002148
4062.87402 0.00214
4063.56909 0.002132
4064.26392 0.002124
4064.95996 0.002116
4065.65503 0.002108
4066.35107 0.0021
4067.04712 0.002092
