threeML/data/optical_filters/HST/WFC3_UVIS1-F657N.ecsv
# %ECSV 0.9
# ---
# datatype:
# - {name: wavelength, unit: Angstrom, datatype: float32}
# - {name: response, datatype: float32}
# meta: !!omap
# - {band_name: F657N}
# - {group_name: WFC3_UVIS1}
wavelength response
5813.34814 0.0
6459.27588 0.000412
6460.38086 0.000456
6461.48584 0.000513
6462.59180 0.00057
6463.69678 0.000641
6464.80322 0.00071
6465.91016 0.000795
6467.01611 0.000892
6468.12207 0.001009
6469.22900 0.001144
6470.33594 0.001299
6471.44287 0.001471
6472.54980 0.001674
6473.65723 0.001905
6474.76514 0.00216
6475.87305 0.002483
6476.98096 0.002861
6478.08887 0.003262
6479.19678 0.003736
6480.30615 0.004303
6481.41504 0.005019
6482.52295 0.005883
6483.63281 0.006881
6484.74219 0.008055
6485.85205 0.009523
6486.96094 0.011216
6488.07080 0.013301
6489.18115 0.015778
6490.29199 0.018798
6491.40186 0.022351
6492.51318 0.026391
6493.62402 0.031393
6494.73389 0.037998
6495.84619 0.04613
6496.95703 0.055726
6498.06885 0.066997
6499.18018 0.080393
6500.29199 0.095524
6501.40479 0.111861
6502.51709 0.129622
6503.62891 0.147792
6504.74219 0.165854
6505.85498 0.181835
6506.96777 0.196654
6508.08203 0.209208
6509.19482 0.219091
6510.30908 0.225218
6511.42188 0.22806
6512.53711 0.228917
6513.65088 0.227764
6514.76514 0.22562
6515.87988 0.223117
6516.99512 0.220106
6518.10986 0.21738
6519.22510 0.21513
6520.33984 0.21269
6521.45605 0.210833
6522.57178 0.209134
6523.68799 0.208218
6524.80420 0.207717
6525.91992 0.207746
6527.03711 0.208136
6528.15381 0.209034
6529.27100 0.210064
6530.38818 0.211529
6531.50488 0.213205
6532.62305 0.214669
6533.74023 0.217077
6534.85791 0.219365
6535.97607 0.222104
6537.09424 0.224508
6538.21289 0.226905
6539.33203 0.229569
6540.45020 0.23196
6541.56885 0.234467
6542.68799 0.236466
6543.80811 0.238568
6544.92822 0.240594
6546.04688 0.242279
6547.16699 0.244012
6548.28809 0.245377
6549.40820 0.246613
6550.52881 0.24785
6551.64893 0.248593
6552.77100 0.249341
6553.89209 0.249766
6555.01318 0.250258
6556.13379 0.250372
6557.25586 0.250184
6558.37793 0.250037
6559.50000 0.249825
6560.62305 0.249499
6561.74512 0.249049
6562.86816 0.248252
6563.99023 0.247724
6565.11279 0.246995
6566.23682 0.246233
6567.35986 0.24538
6568.48389 0.244635
6569.60693 0.243493
6570.73096 0.243009
6571.85596 0.242154
6572.97998 0.241181
6574.10498 0.240286
6575.22900 0.239556
6576.35400 0.238718
6577.47998 0.237941
6578.60498 0.237307
6579.73096 0.236787
6580.85596 0.236106
6581.98193 0.235248
6583.10889 0.234896
6584.23486 0.234687
6585.36084 0.234007
6586.48779 0.233494
6587.61523 0.233434
6588.74219 0.233069
6589.87012 0.233001
6590.99707 0.232629
6592.12500 0.232484
6593.25195 0.232173
6594.38086 0.232098
6595.50879 0.231925
6596.63721 0.231541
6597.76611 0.231491
6598.89502 0.231171
6600.02393 0.230628
6601.15283 0.230124
6602.28320 0.229356
6603.41211 0.228637
6604.54199 0.227432
6605.67188 0.225975
6606.80176 0.224262
6607.93311 0.222037
6609.06299 0.21948
6610.19385 0.216845
6611.32520 0.213861
6612.45605 0.210499
6613.58691 0.20628
6614.71924 0.201754
6615.85107 0.196985
6616.98193 0.191011
6618.11523 0.184825
6619.24707 0.178634
6620.37891 0.17197
6621.51221 0.165129
6622.64502 0.158145
6623.77783 0.150781
6624.91211 0.143759
6626.04492 0.136103
6627.17920 0.129088
6628.31299 0.121694
6629.44678 0.113903
6630.58105 0.106259
6631.71484 0.09923
6632.85010 0.092346
6633.98486 0.085738
6635.12012 0.079375
6636.25488 0.073313
6637.39111 0.067625
6638.52588 0.062204
6639.66211 0.057264
6640.79785 0.052519
6641.93408 0.047988
6643.07080 0.043554
6644.20703 0.039498
6645.34424 0.035846
6646.48096 0.032491
6647.61816 0.029363
6648.75488 0.026588
6649.89307 0.023984
6651.03076 0.021653
6652.16895 0.019559
6653.30713 0.017652
6654.44482 0.015889
6655.58398 0.014282
6656.72314 0.012766
6657.86084 0.011437
6659.00000 0.010249
6660.14014 0.00918
6661.27881 0.008224
6662.41895 0.007383
6663.55908 0.006641
6664.69922 0.005961
6665.83887 0.005376
6666.97998 0.00483
6668.12109 0.004345
6669.26221 0.003896
6670.40283 0.003484
6671.54395 0.003122
6672.68604 0.002817
6673.82715 0.002532
6674.96924 0.002278
6676.11084 0.002045
6677.25293 0.001846
6678.39600 0.001683
6679.53809 0.001522
6680.68115 0.001374
6681.82422 0.00124
6682.96680 0.001121
6684.11084 0.001008
6685.25391 0.000918
6686.39795 0.000835
6687.54199 0.000761
6688.68701 0.00069
6689.83105 0.000619
6690.97607 0.00057
6692.12012 0.00052
6693.26514 0.000476
6694.41016 0.000434
7363.85107 0.0
