threeML/data/optical_filters/HST/WFC3_UVIS2-FQ492N.ecsv
# %ECSV 0.9
# ---
# datatype:
# - {name: wavelength, unit: Angstrom, datatype: float32}
# - {name: response, datatype: float32}
# meta: !!omap
# - {band_name: FQ492N}
# - {group_name: WFC3_UVIS2}
wavelength response
4364.16455 0.0
4849.07178 0.000429
4849.90088 0.00049
4850.73096 0.000551
4851.56104 0.000636
4852.39111 0.000728
4853.22119 0.000847
4854.05176 0.000965
4854.88184 0.001129
4855.71289 0.001311
4856.54297 0.001504
4857.37500 0.001782
4858.20605 0.002053
4859.03711 0.002427
4859.86816 0.002885
4860.70020 0.003395
4861.53076 0.003998
4862.36279 0.00472
4863.19482 0.005624
4864.02686 0.006814
4864.85889 0.008133
4865.69092 0.009766
4866.52393 0.011748
4867.35693 0.014235
4868.18896 0.017432
4869.02197 0.020981
4869.85498 0.025887
4870.68799 0.031726
4871.52197 0.038681
4872.35498 0.047058
4873.18896 0.057204
4874.02295 0.070235
4874.85693 0.084988
4875.69092 0.100204
4876.52490 0.117918
4877.35889 0.137344
4878.19385 0.158076
4879.02783 0.177469
4879.86279 0.193374
4880.69824 0.209233
4881.53320 0.222852
4882.36914 0.232626
4883.20410 0.239887
4884.04004 0.244324
4884.87500 0.247026
4885.71094 0.24842
4886.54688 0.248612
4887.38281 0.24823
4888.21924 0.247424
4889.05518 0.246648
4889.89209 0.245535
4890.72900 0.245009
4891.56494 0.24457
4892.40186 0.24435
4893.23877 0.24402
4894.07617 0.244035
4894.91406 0.244006
4895.75098 0.244535
4896.58887 0.245105
4897.42676 0.245325
4898.26514 0.245892
4899.10303 0.246618
4899.94092 0.247327
4900.77881 0.247585
4901.61816 0.248418
4902.45703 0.248682
4903.29492 0.248893
4904.13379 0.249426
4904.97314 0.249669
4905.81299 0.249833
4906.65186 0.249977
4907.49121 0.250088
4908.33105 0.250144
4909.16992 0.250157
4910.01123 0.250195
4910.85107 0.250174
4911.69092 0.250136
4912.53076 0.250202
4913.37207 0.249978
4914.21191 0.250062
4915.05322 0.250059
4915.89404 0.250166
4916.73486 0.250073
4917.57715 0.250115
4918.41797 0.250082
4919.25879 0.250285
4920.10107 0.250054
4920.94287 0.250259
4921.78516 0.250302
4922.62695 0.250461
4923.46924 0.250458
4924.31201 0.250524
4925.15381 0.250456
4925.99707 0.250321
4926.83887 0.250336
4927.68213 0.25038
4928.52490 0.250125
4929.36914 0.249808
4930.21191 0.249966
4931.05615 0.249792
4931.89893 0.249541
4932.74316 0.248997
4933.58691 0.248985
4934.43115 0.248577
4935.27490 0.248203
4936.12012 0.248054
4936.96387 0.247648
4937.80908 0.246967
4938.65381 0.246597
4939.49902 0.246092
4940.34424 0.24564
4941.18896 0.244997
4942.03516 0.244687
4942.87988 0.244182
4943.72607 0.243786
4944.57178 0.243082
4945.41797 0.242802
4946.26416 0.242182
4947.10986 0.241824
4947.95703 0.241378
4948.80322 0.240989
4949.64990 0.24073
4950.49707 0.240475
4951.34424 0.239943
4952.19092 0.239897
4953.03809 0.239626
4953.88623 0.239733
4954.73291 0.239548
4955.58105 0.23957
4956.42920 0.239623
4957.27686 0.239817
4958.12500 0.239779
4958.97314 0.239921
4959.82178 0.240351
4960.66992 0.240606
4961.51904 0.241081
4962.36816 0.241351
4963.21680 0.241861
4964.06592 0.242438
4964.91602 0.242987
4965.76514 0.24351
4966.61523 0.244333
4967.46387 0.244791
4968.31396 0.245405
4969.16504 0.246185
4970.01514 0.246928
4970.86523 0.247203
4971.71484 0.248024
4972.56592 0.248727
4973.41699 0.248966
4974.26807 0.249116
4975.11914 0.249225
4975.97021 0.248925
4976.82080 0.248346
4977.67285 0.247392
4978.52393 0.245834
4979.37598 0.243976
4980.22803 0.241008
4981.08105 0.237143
4981.93311 0.232265
4982.78516 0.225889
4983.63818 0.219576
4984.49023 0.210941
4985.34277 0.200953
4986.19580 0.189948
4987.04883 0.177481
4987.90186 0.165685
4988.75586 0.152089
4989.60889 0.137536
4990.46289 0.123599
4991.31689 0.110007
4992.17090 0.098032
4993.02490 0.085862
4993.87891 0.074392
4994.73291 0.064351
4995.58789 0.055636
4996.44287 0.048023
4997.29785 0.041033
4998.15283 0.03486
4999.00781 0.030016
4999.86279 0.025373
5000.71924 0.021712
5001.57422 0.018524
5002.43018 0.015642
5003.28613 0.013488
5004.14209 0.011476
5004.99805 0.009792
5005.85400 0.008418
5006.71094 0.007196
5007.56689 0.006222
5008.42383 0.00534
5009.28076 0.004583
5010.13818 0.003959
5010.99609 0.003409
5011.85303 0.002985
5012.70996 0.002562
5013.56787 0.002245
5014.42578 0.001936
5015.28418 0.001693
5016.14209 0.0015
5017.00000 0.001301
5017.85791 0.001135
5018.71680 0.000997
5019.57617 0.000878
5020.43506 0.00077
5021.29297 0.000688
5022.15186 0.000603
5023.01221 0.000531
5023.87109 0.000471
5024.73096 0.000419
5527.20410 0.0
