threeML/data/optical_filters/HST/WFC3_UVIS1-F775W.ecsv
# %ECSV 0.9
# ---
# datatype:
# - {name: wavelength, unit: Angstrom, datatype: float32}
# - {name: response, datatype: float32}
# meta: !!omap
# - {band_name: F775W}
# - {group_name: WFC3_UVIS1}
wavelength response
[from data line 805]
7812.75781 0.174634
7814.09521 0.174482
7815.43213 0.174331
7816.76904 0.17418
7818.10596 0.174029
7819.44385 0.173878
7820.78223 0.173739
7822.12012 0.173609
7823.45801 0.173473
7824.79688 0.173336
7826.13623 0.173199
7827.47510 0.173062
7828.81396 0.172925
7830.15283 0.172788
7831.49316 0.172653
7832.83301 0.172538
7834.17285 0.172443
7835.51416 0.172349
7836.85400 0.172254
7838.19482 0.172159
7839.53613 0.172065
7840.87695 0.17197
7842.21924 0.171876
7843.56104 0.171774
7844.90283 0.171672
7846.24512 0.17157
7847.58691 0.171468
7848.93018 0.171367
7850.27295 0.171269
7851.61621 0.171188
7852.95898 0.1711
7854.30322 0.171007
7855.64697 0.170913
7856.99121 0.17082
7858.33496 0.170727
7859.68018 0.170634
7861.02393 0.170525
7862.37012 0.170416
7863.71484 0.170328
7865.06006 0.17024
7866.40576 0.170152
7867.75195 0.170064
7869.09814 0.169976
7870.44385 0.169895
7871.79102 0.169827
7873.13818 0.169745
7874.48486 0.169657
7875.83203 0.16957
7877.18018 0.169482
7878.52686 0.169394
7879.87500 0.169306
7881.22412 0.1692
7882.57178 0.169096
7883.91992 0.169003
7885.27002 0.168909
7886.61914 0.168816
7887.96777 0.168723
7889.31689 0.168629
7890.66699 0.168536
7892.01807 0.168443
7893.36816 0.168353
7894.71777 0.168264
7896.06885 0.168175
7897.41992 0.168086
7898.77100 0.167997
7900.12305 0.16791
7901.47412 0.167842
7902.82617 0.167767
7904.17822 0.167684
7905.53076 0.1676
7906.88281 0.167517
7908.23584 0.167434
7909.58887 0.167351
7910.94189 0.167254
7912.29590 0.167154
7913.64893 0.16709
7915.00293 0.167027
7916.35791 0.166964
7917.71191 0.1669
7919.06689 0.166837
7920.42188 0.166779
7921.77686 0.166736
7923.13184 0.166675
7924.48779 0.166607
7925.84424 0.166538
7927.20020 0.16647
7928.55615 0.166402
7929.91309 0.166333
7931.27002 0.166245
7932.62598 0.166151
7933.98389 0.166045
7935.34082 0.165939
7936.69922 0.165834
7938.05713 0.165728
7939.41504 0.165622
7940.77295 0.165517
7942.13184 0.165411
7943.49121 0.165332
7944.85010 0.165253
7946.20898 0.165175
7947.56885 0.165097
7948.92920 0.165018
7950.28906 0.164944
7951.64893 0.164886
7953.00879 0.16481
7954.37012 0.164722
7955.73096 0.164634
7957.09180 0.164547
7958.45410 0.164459
7959.81494 0.164371
7961.17676 0.164266
7962.53906 0.164169
7963.90088 0.164104
7965.26416 0.164039
7966.62695 0.163973
7967.99023 0.163908
7969.35303 0.163843
7970.71680 0.163777
7972.08105 0.163712
7973.44385 0.163615
7974.80908 0.163514
7976.17285 0.163414
7977.53809 0.163313
7978.90283 0.163213
7980.26807 0.163116
7981.63281 0.163038
7982.99902 0.162945
7984.36523 0.162843
7985.73096 0.16274
7987.09717 0.162637
7988.46387 0.162535
7989.83105 0.162432
7991.19678 0.162316
7992.56494 0.162202
7993.93213 0.162103
7995.29980 0.162004
7996.66797 0.161905
7998.03613 0.161805
7999.40381 0.161707
8000.77295 0.161607
8002.14209 0.161508
8003.51123 0.161437
8004.87988 0.161367
8006.25000 0.161297
8007.62012 0.161227
8008.99023 0.161157
8010.35986 0.161082
8011.73096 0.160994
8013.10205 0.160885
8014.47314 0.160764
8015.84424 0.160643
8017.21484 0.160523
8018.58691 0.160402
8019.95898 0.160281
8021.33105 0.160162
8022.70410 0.160055
8024.07617 0.159971
8025.44922 0.159887
8026.82178 0.159802
8028.19482 0.159718
8029.56885 0.159634
8030.94287 0.159565
8032.31689 0.159502
8033.69092 0.159419
8035.06592 0.159337
8036.43994 0.159254
8037.81494 0.159172
8039.19092 0.159089
8040.56592 0.158998
8041.94189 0.158896
8043.31787 0.158769
8044.69385 0.158636
8046.06982 0.158503
8047.44678 0.158369
8048.82422 0.158237
8050.20117 0.158103
8051.57812 0.157971
8052.95605 0.157845
8054.33301 0.157726
8055.71191 0.157607
8057.08984 0.157488
8058.46924 0.157369
8059.84717 0.15725
8061.22705 0.157149
8062.60498 0.157056
8063.98486 0.156977
8065.36523 0.156898
8066.74512 0.156819
8068.12500 0.15674
8069.50488 0.156661
8070.88623 0.156569
8072.26709 0.15647
8073.64795 0.156376
8075.02881 0.156281
8076.41113 0.156187
8077.79199 0.156092
8079.17480 0.155998
8080.55713 0.155904
8081.93896 0.155809
8083.32178 0.1557
8084.70605 0.155586
8086.08887 0.155473
8087.47217 0.15536
8088.85596 0.155247
8090.24023 0.155137
8091.62402 0.155043
8093.00781 0.154942
8094.39307 0.154836
8095.77783 0.15473
8097.16309 0.154624
8098.54785 0.154518
8099.93408 0.154412
8101.31982 0.154287
8102.70605 0.154167
8104.09180 0.154057
8105.47900 0.153947
8106.86621 0.153837
8108.25293 0.153726
8109.64014 0.153616
8111.02783 0.153506
8112.41602 0.153394
8113.80322 0.153271
8115.19092 0.153148
8116.58008 0.153025
8117.96924 0.152902
8119.35791 0.152779
8120.74707 0.152666
8122.13623 0.152563
8123.52588 0.152445
8124.91602 0.152327
8126.30615 0.152209
8127.69580 0.15209
8129.08691 0.151972
8130.47803 0.151847
8131.86914 0.151709
8133.25977 0.151587
8134.65186 0.15147
8136.04297 0.151353
8137.43604 0.151236
8138.82812 0.15112
8140.22021 0.151003
8141.61279 0.150886
8143.00586 0.150745
8144.39893 0.150585
8145.79297 0.150424
8147.18701 0.150264
8148.58105 0.150104
8149.97510 0.149943
8151.36914 0.149802
8152.76416 0.149667
8154.15918 0.149543
8155.55420 0.149418
8156.94922 0.149294
8158.34521 0.14917
8159.74121 0.149045
8161.13721 0.148905
8162.53320 0.148762
8163.93018 0.148618
8165.32617 0.148475
8166.72314 0.148331
8168.12109 0.148188
8169.51807 0.148044
8170.91602 0.147901
8172.31396 0.147756
8173.71191 0.147577
8175.11084 0.147399
8176.50879 0.147221
8177.90820 0.147043
8179.30811 0.146866
8180.70703 0.146698
8182.10596 0.146539
8183.50586 0.146393
8184.90723 0.146248
8186.30713 0.146103
8187.70801 0.145959
8189.10791 0.145814
8190.50977 0.145663
8191.91113 0.145499
8193.31152 0.145329
8194.71484 0.145156
8196.11621 0.144983
8197.51855 0.14481
8198.92090 0.144637
8200.32422 0.144465
8201.72754 0.144295
8203.13086 0.144122
8204.53418 0.143946
8205.93848 0.143771
8207.34180 0.143595
8208.74609 0.14342
8210.15039 0.143246
8211.55469 0.14309
8212.95996 0.142935
8214.36523 0.142784
8215.77148 0.142633
8217.17676 0.142481
8218.58203 0.14233
8219.98828 0.142179
8221.39453 0.14201
8222.80176 0.141843
8224.20801 0.14168
8225.61523 0.141518
8227.02246 0.141355
8228.43066 0.141193
8229.83789 0.141031
8231.24609 0.140879
8232.65430 0.140736
8234.06348 0.140613
8235.47168 0.14049
8236.88086 0.140367
8238.29004 0.140244
8239.70020 0.140121
8241.10938 0.140013
8242.51953 0.139906
8243.92969 0.139788
8245.34082 0.13967
8246.75098 0.139552
8248.16211 0.139434
8249.57324 0.139316
8250.98438 0.139185
8252.39648 0.139051
8253.80859 0.138939
8255.22070 0.138826
8256.63281 0.138714
8258.04590 0.138602
8259.45898 0.13849
8260.87207 0.138378
8262.28516 0.138266
8263.69922 0.138163
8265.11230 0.138061
8266.52637 0.137958
8267.94141 0.137856
8269.35547 0.137753
8270.77148 0.137661
8272.18555 0.137576
8273.60059 0.137527
8275.01660 0.137481
8276.43262 0.137434
8277.84863 0.137387
8279.26465 0.137341
8280.68164 0.137285
8282.09766 0.13722
8283.51465 0.137145
8284.93262 0.137069
8286.34961 0.136992
8287.76758 0.136915
8289.18555 0.136838
8290.60352 0.136761
8292.02246 0.136684
8293.44141 0.13661
8294.86035 0.136537
8296.27930 0.136463
8297.69824 0.13639
8299.11816 0.136316
8300.53809 0.136243
8301.95801 0.136169
8303.37891 0.136123
8304.79980 0.136086
8306.22070 0.136048
8307.64160 0.13601
8309.06152 0.135972
8310.48438 0.13594
8311.90625 0.13592
8313.32812 0.135861
8314.75098 0.135789
8316.17383 0.135717
8317.59668 0.135645
8319.01953 0.135573
8320.44238 0.135495
8321.86621 0.135404
8323.29004 0.135312
8324.71387 0.135217
8326.13867 0.135123
8327.56348 0.135029
8328.98828 0.134935
8330.41309 0.134841
8331.83789 0.134747
8333.26367 0.134639
8334.68945 0.134524
8336.11523 0.134409
8337.54199 0.134295
8338.96875 0.13418
8340.39648 0.13407
8341.82227 0.133974
8343.24902 0.133843
8344.67676 0.133696
8346.10352 0.133549
8347.53223 0.133403
8348.96094 0.133256
8350.38965 0.133104
8351.81836 0.13294
8353.24707 0.132754
8354.67578 0.132558
8356.10547 0.132362
8357.53516 0.132166
8358.96484 0.13197
8360.39648 0.131774
8361.82617 0.131578
8363.25684 0.131368
8364.68652 0.131151
8366.11816 0.130934
8367.54980 0.130717
8368.98145 0.130501
8370.41309 0.130284
8371.84570 0.130068
8373.27832 0.129855
8374.71094 0.129643
8376.14355 0.129431
8377.57617 0.12922
8379.00977 0.129008
8380.44336 0.128803
8381.87695 0.128609
8383.31152 0.128405
8384.74609 0.128196
8386.18066 0.127988
8387.61523 0.127779
8389.04980 0.127571
8390.48535 0.127358
8391.92090 0.127133
8393.35742 0.126924
8394.79297 0.126722
8396.22852 0.12652
8397.66602 0.126319
8399.10254 0.126117
8400.54004 0.12592
8401.97656 0.125732
8403.41406 0.125575
8404.85254 0.125427
8406.29004 0.125279
8407.72852 0.125132
8409.16699 0.124984
8410.60547 0.124844
8412.04492 0.124713
8413.48438 0.124604
8414.92383 0.1245
8416.36328 0.124397
8417.80371 0.124293
8419.24316 0.124189
8420.68457 0.124077
8422.12500 0.123957
8423.56543 0.123823
8425.00684 0.123687
8426.44824 0.123551
8427.89062 0.123415
8429.33203 0.123279
8430.77441 0.123152
8432.21680 0.123032
8433.65918 0.122806
8435.10254 0.122573
8436.54590 0.122339
8437.98926 0.122106
8439.43262 0.121873
8440.87695 0.12164
8442.32129 0.121406
8443.76562 0.120783
8445.20996 0.12016
8446.65527 0.119538
8448.10059 0.118916
8449.54590 0.118295
8450.99121 0.117685
8452.43652 0.117025
8453.88379 0.115717
8455.33008 0.11441
8456.77637 0.113104
8458.22363 0.111798
8459.67090 0.110494
8461.11816 0.109179
8462.56543 0.107733
8464.01367 0.105641
8465.46191 0.103551
8466.91016 0.101464
8468.35840 0.099379
8469.80762 0.097295
8471.25684 0.095213
8472.70605 0.092977
8474.15527 0.090301
8475.60547 0.087626
8477.05566 0.084954
8478.50586 0.082285
8479.95703 0.079617
8481.40723 0.076955
8482.85840 0.074237
8484.31055 0.071424
8485.76172 0.068615
8487.21387 0.065808
8488.66602 0.063005
8490.11816 0.060205
8491.57031 0.057416
8493.02344 0.054762
8494.47656 0.05226
8495.92969 0.04976
8497.38379 0.04726
8498.83789 0.044763
8500.29199 0.042266
8501.74609 0.039761
8503.20020 0.037617
8504.65527 0.035719
8506.11035 0.033824
8507.56543 0.031931
8509.02148 0.030041
8510.47754 0.028153
8511.93359 0.026269
8513.38965 0.0248
8514.84668 0.023492
8516.30273 0.022187
8517.76074 0.020882
8519.21777 0.01958
8520.67480 0.01828
8522.13281 0.016981
8523.59082 0.016066
8525.04980 0.015216
8526.50781 0.014368
8527.96680 0.01352
8529.42578 0.012674
8530.88574 0.01183
8532.34473 0.010988
8533.80469 0.01042
8535.26465 0.009852
8536.72559 0.009285
8538.18555 0.008718
8539.64648 0.008152
8541.10742 0.007587
8542.56934 0.007053
8544.03027 0.006701
8545.49219 0.006348
8546.95410 0.005996
8548.41699 0.005645
8549.87988 0.005294
8551.34277 0.004944
8552.80566 0.004634
8554.26855 0.004411
8555.73242 0.004189
8557.19629 0.003967
8558.66016 0.003745
8560.12500 0.003523
8561.58887 0.003302
8563.05371 0.003116
8564.51953 0.002968
8565.98438 0.002819
8567.45020 0.002671
8568.91602 0.002523
8570.38184 0.002376
8571.84863 0.002229
8573.31543 0.002111
8574.78223 0.002009
8576.24902 0.001907
8577.71582 0.001806
8579.18359 0.001704
8580.65137 0.001602
8582.12012 0.001501
8583.58789 0.00143
8585.05664 0.001364
8586.52539 0.001299
8587.99512 0.001234
8589.46387 0.001169
8590.93359 0.001104
8592.40332 0.001039
8593.87402 0.000995
8595.34375 0.000951
8596.81445 0.000907
8598.28516 0.000863
8599.75684 0.000819
8601.22754 0.000775
8602.69922 0.000734
8604.17188 0.000703
8605.64355 0.000672
8607.11621 0.000641
8608.58887 0.00061
8610.06152 0.000579
8611.53418 0.000548
8613.00781 0.000522
8614.48145 0.000501
8615.95605 0.00048
8617.42969 0.000459
8618.90430 0.000438
8620.37891 0.000417
9482.41699 0.0
