threeML/data/optical_filters/HST/WFC3_UVIS1-F350LP.ecsv
# %ECSV 0.9
# ---
# datatype:
# - {name: wavelength, unit: Angstrom, datatype: float32}
# - {name: response, datatype: float32}
# meta: !!omap
# - {band_name: F350LP}
# - {group_name: WFC3_UVIS1}
wavelength response
[from data line 5631]
8296.27930 0.137611
8297.69824 0.13748
8299.11816 0.137349
8300.53809 0.137218
8301.95801 0.137087
8303.37891 0.136993
8304.79980 0.13691
8306.22070 0.136827
8307.64160 0.136743
8309.06152 0.13666
8310.48438 0.136583
8311.90625 0.136518
8313.32812 0.136417
8314.75098 0.136303
8316.17383 0.136189
8317.59668 0.136075
8319.01953 0.135962
8320.44238 0.135842
8321.86621 0.135711
8323.29004 0.135609
8324.71387 0.13552
8326.13867 0.135431
8327.56348 0.135342
8328.98828 0.135253
8330.41309 0.135164
8331.83789 0.135075
8333.26367 0.134966
8334.68945 0.134849
8336.11523 0.134731
8337.54199 0.134613
8338.96875 0.134496
8340.39648 0.134383
8341.82227 0.134284
8343.24902 0.134203
8344.67676 0.134132
8346.10352 0.134061
8347.53223 0.13399
8348.96094 0.133919
8350.38965 0.133843
8351.81836 0.133754
8353.24707 0.133649
8354.67578 0.133534
8356.10547 0.13342
8357.53516 0.133306
8358.96484 0.133191
8360.39648 0.133077
8361.82617 0.132963
8363.25684 0.132855
8364.68652 0.132749
8366.11816 0.132644
8367.54980 0.132539
8368.98145 0.132434
8370.41309 0.132329
8371.84570 0.132223
8373.27832 0.132131
8374.71094 0.132045
8376.14355 0.131959
8377.57617 0.131873
8379.00977 0.131787
8380.44336 0.131706
8381.87695 0.131637
8383.31152 0.131538
8384.74609 0.131425
8386.18066 0.131312
8387.61523 0.1312
8389.04980 0.131087
8390.48535 0.130969
8391.92090 0.130838
8393.35742 0.130728
8394.79297 0.130626
8396.22852 0.130523
8397.66602 0.130421
8399.10254 0.130318
8400.54004 0.13022
8401.97656 0.130131
8403.41406 0.130038
8404.85254 0.129944
8406.29004 0.12985
8407.72852 0.129756
8409.16699 0.129662
8410.60547 0.129575
8412.04492 0.129498
8413.48438 0.12942
8414.92383 0.129341
8416.36328 0.129262
8417.80371 0.129182
8419.24316 0.129103
8420.68457 0.129016
8422.12500 0.128919
8423.56543 0.128829
8425.00684 0.128739
8426.44824 0.128649
8427.89062 0.128559
8429.33203 0.128469
8430.77441 0.128388
8432.21680 0.128316
8433.65918 0.128234
8435.10254 0.128152
8436.54590 0.12807
8437.98926 0.127988
8439.43262 0.127906
8440.87695 0.127823
8442.32129 0.127741
8443.76562 0.127693
8445.20996 0.127645
8446.65527 0.127597
8448.10059 0.127549
8449.54590 0.1275
8450.99121 0.127464
8452.43652 0.127428
8453.88379 0.127347
8455.33008 0.127266
8456.77637 0.127184
8458.22363 0.127103
8459.67090 0.127021
8461.11816 0.126926
8462.56543 0.126831
8464.01367 0.126753
8465.46191 0.126675
8466.91016 0.126597
8468.35840 0.126519
8469.80762 0.126441
8471.25684 0.126363
8472.70605 0.126282
8474.15527 0.126192
8475.60547 0.126102
8477.05566 0.126012
8478.50586 0.125921
8479.95703 0.125831
8481.40723 0.125742
8482.85840 0.125698
8484.31055 0.125735
8485.76172 0.125772
8487.21387 0.125808
8488.66602 0.125845
8490.11816 0.125883
8491.57031 0.125937
8493.02344 0.125925
8494.47656 0.12584
8495.92969 0.125755
8497.38379 0.12567
8498.83789 0.125585
8500.29199 0.125492
8501.74609 0.125368
8503.20020 0.125319
8504.65527 0.12532
8506.11035 0.125322
8507.56543 0.125323
8509.02148 0.125324
8510.47754 0.125325
8511.93359 0.125326
8513.38965 0.125191
8514.84668 0.125003
8516.30273 0.124815
8517.76074 0.124628
8519.21777 0.12444
8520.67480 0.124253
8522.13281 0.124066
8523.59082 0.123922
8525.04980 0.123784
8526.50781 0.123647
8527.96680 0.12351
8529.42578 0.123373
8530.88574 0.123246
8532.34473 0.123126
8533.80469 0.12308
8535.26465 0.123033
8536.72559 0.122987
8538.18555 0.12294
8539.64648 0.122893
8541.10742 0.122833
8542.56934 0.12277
8544.03027 0.122709
8545.49219 0.122649
8546.95410 0.122588
8548.41699 0.122527
8549.87988 0.122466
8551.34277 0.122405
8552.80566 0.122298
8554.26855 0.122088
8555.73242 0.121879
8557.19629 0.12167
8558.66016 0.12146
8560.12500 0.121251
8561.58887 0.121042
8563.05371 0.120914
8564.51953 0.120872
8565.98438 0.12083
8567.45020 0.120787
8568.91602 0.120745
8570.38184 0.120706
8571.84863 0.12068
8573.31543 0.120683
8574.78223 0.1207
8576.24902 0.120718
8577.71582 0.120734
8579.18359 0.120751
8580.65137 0.120761
8582.12012 0.12076
8583.58789 0.120585
8585.05664 0.120375
8586.52539 0.120166
8587.99512 0.119957
8589.46387 0.119748
8590.93359 0.119539
8592.40332 0.119332
8593.87402 0.119173
8595.34375 0.119013
8596.81445 0.118854
8598.28516 0.118695
8599.75684 0.118536
8601.22754 0.118377
8602.69922 0.118239
8604.17188 0.118175
8605.64355 0.11811
8607.11621 0.118046
8608.58887 0.117981
8610.06152 0.117917
8611.53418 0.117868
8613.00781 0.117823
8614.48145 0.117781
8615.95605 0.117739
8617.42969 0.117698
8618.90430 0.117656
8620.37891 0.117609
8621.85352 0.117551
8623.32910 0.11741
8624.80469 0.117226
8626.28027 0.117042
8627.75586 0.116859
8629.23242 0.116675
8630.70801 0.116508
8632.18457 0.116359
8633.66211 0.116263
8635.13867 0.116173
8636.61621 0.116084
8638.09375 0.115995
8639.57227 0.115905
8641.05078 0.115816
8642.52832 0.115737
8644.00781 0.115745
8645.48633 0.115753
8646.96582 0.11576
8648.44531 0.115768
8649.92480 0.115775
8651.40430 0.115782
8652.88477 0.11575
8654.36523 0.115643
8655.84570 0.115535
8657.32715 0.115427
8658.80859 0.11532
8660.29004 0.115215
8661.77148 0.115123
8663.25391 0.115014
8664.73535 0.114894
8666.21777 0.114773
8667.70117 0.114652
8669.18359 0.114531
8670.66699 0.114403
8672.15039 0.114266
8673.63477 0.114241
8675.11816 0.114236
8676.60254 0.11423
8678.08691 0.114225
8679.57227 0.114219
8681.05664 0.114214
8682.54199 0.114203
8684.02832 0.11415
8685.51367 0.114097
8687.00000 0.114044
8688.48633 0.113991
8689.97266 0.113937
8691.45898 0.113884
8692.94629 0.113815
8694.43359 0.113719
8695.92090 0.113623
8697.40918 0.113527
8698.89746 0.113431
8700.38574 0.113335
8701.87402 0.113239
8703.36328 0.113117
8704.85254 0.112982
8706.34180 0.112848
8707.83105 0.112713
8709.32129 0.112578
8710.81055 0.112452
8712.30176 0.112333
8713.79199 0.112334
8715.28320 0.112341
8716.77441 0.112349
8718.26562 0.112357
8719.75684 0.112364
8721.24902 0.112358
8722.74121 0.112317
8724.23340 0.112173
8725.72656 0.112028
8727.21875 0.111883
8728.71191 0.111739
8730.20605 0.111594
8731.69922 0.111449
8733.19336 0.111382
8734.68848 0.111383
8736.18164 0.111383
8737.67676 0.111384
8739.17188 0.111384
8740.66699 0.111384
8742.16211 0.111384
8743.65820 0.111313
8745.15430 0.111228
8746.65039 0.111142
8748.14648 0.111057
8749.64355 0.110972
8751.14062 0.110886
8752.63770 0.110808
8754.13574 0.110767
8755.63281 0.110726
8757.13086 0.110684
8758.62988 0.110643
8760.12793 0.110603
8761.62695 0.110577
8763.12598 0.110473
8764.62500 0.110284
8766.12500 0.110096
8767.62500 0.109908
8769.12500 0.109719
8770.62500 0.109524
8772.12598 0.10932
8773.62695 0.109265
8775.12793 0.109244
8776.62891 0.109223
8778.13086 0.109202
8779.63281 0.10918
8781.13477 0.109159
8782.63770 0.109133
8784.13965 0.109085
8785.64258 0.109037
8787.14648 0.108989
8788.64941 0.108941
8790.15332 0.108892
8791.65723 0.108844
8793.16113 0.108749
8794.66602 0.108609
8796.17090 0.108469
8797.67578 0.108328
8799.18066 0.108188
8800.68652 0.108037
8802.19238 0.107875
8803.69824 0.107766
8805.20410 0.107666
8806.71094 0.107566
8808.21777 0.107466
8809.72461 0.107366
8811.23145 0.107278
8812.73926 0.107186
8814.24707 0.107068
8815.75488 0.106951
8817.26367 0.106833
8818.77246 0.106716
8820.28125 0.106595
8821.79004 0.106462
8823.29980 0.106363
8824.80957 0.106288
8826.31934 0.106214
8827.82910 0.106139
8829.33984 0.106064
8830.85059 0.106004
8832.36133 0.105955
8833.87207 0.105915
8835.38379 0.105876
8836.89648 0.105836
8838.40723 0.105797
8839.91992 0.105757
8841.43164 0.105717
8842.94434 0.105666
8844.45801 0.105595
8845.97070 0.105523
8847.48438 0.105452
8848.99805 0.10538
8850.51172 0.105308
8852.02637 0.105236
8853.54102 0.105134
8855.05566 0.105021
8856.57129 0.104909
8858.08594 0.104796
8859.60156 0.104683
8861.11719 0.10457
8862.63379 0.104458
8864.15039 0.104357
8865.66699 0.104255
8867.18359 0.104153
8868.70020 0.104051
8870.21777 0.103951
8871.73535 0.103864
8873.25391 0.103799
8874.77148 0.103753
8876.29004 0.103708
8877.80859 0.103661
8879.32812 0.103615
8880.84668 0.10356
8882.36621 0.103498
8883.88574 0.103429
8885.40625 0.10336
8886.92676 0.10329
8888.44727 0.10322
8889.96777 0.103151
8891.48828 0.103081
8893.00977 0.102997
8894.53125 0.102892
8896.05371 0.102786
8897.57520 0.102681
8899.09766 0.102575
8900.62012 0.10247
8902.14355 0.102364
8903.66602 0.10219
8905.18945 0.102
8906.71289 0.10181
8908.23730 0.10162
8909.76172 0.101431
8911.28613 0.101241
8912.81055 0.101091
8914.33496 0.101071
8915.86035 0.101051
8917.38574 0.101031
8918.91211 0.10101
8920.43848 0.10099
8921.96387 0.100969
8923.49023 0.100912
8925.01758 0.100838
8926.54395 0.100764
8928.07129 0.100689
8929.59863 0.100615
8931.12695 0.100541
8932.65527 0.100465
8934.18359 0.100384
8935.71191 0.100302
8937.24023 0.10022
8938.76953 0.100138
8940.29883 0.100059
8941.82910 0.099992
8943.35840 0.099924
8944.88867 0.099857
8946.41895 0.099789
8947.95020 0.099721
8949.48047 0.099653
8951.01172 0.099575
8952.54395 0.09949
8954.07520 0.099371
8955.60742 0.099252
8957.13965 0.099132
8958.67188 0.099013
8960.20508 0.098894
8961.73828 0.098774
8963.27148 0.098679
8964.80469 0.098604
8966.33887 0.098529
8967.87305 0.098454
8969.40723 0.098379
8970.94141 0.098304
8972.47656 0.098228
8974.01172 0.098083
8975.54688 0.097938
8977.08301 0.097793
8978.61816 0.097647
8980.15527 0.097502
8981.69141 0.097357
8983.22754 0.097252
8984.76465 0.097187
8986.30176 0.097122
8987.83984 0.097057
8989.37793 0.096992
8990.91602 0.096926
8992.45410 0.096861
8993.99219 0.09678
8995.53125 0.0967
8997.07031 0.096619
8998.60938 0.096538
9000.14941 0.096454
9001.68945 0.096354
9003.22852 0.096239
9004.76953 0.096109
9006.31055 0.09598
9007.85156 0.09585
9009.39258 0.09572
9010.93359 0.095599
9012.47559 0.095484
9014.01758 0.095405
9015.55957 0.095327
9017.10254 0.095248
9018.64648 0.095169
9020.18848 0.095088
9021.73145 0.094995
9023.27539 0.094884
9024.81934 0.094756
9026.36328 0.094629
9027.90723 0.094501
9029.45215 0.094374
9030.99707 0.094252
9032.54199 0.094134
9034.08789 0.094041
9035.63281 0.093947
9037.17871 0.093854
9038.72559 0.09376
9040.27148 0.093666
9041.81836 0.093572
9043.36523 0.093487
9044.91309 0.093409
9046.45996 0.093331
9048.00781 0.093253
9049.55664 0.093174
9051.10352 0.093096
9052.65332 0.093008
9054.20215 0.09285
9055.75098 0.092692
9057.30078 0.092534
9058.85059 0.092376
9060.40039 0.092217
9061.95020 0.092059
9063.50098 0.091908
9065.05176 0.09176
9066.60254 0.091612
9068.15332 0.091464
9069.70508 0.091316
9071.25684 0.091168
9072.80859 0.091032
9074.36133 0.090943
9075.91406 0.090854
9077.46680 0.090765
9079.01953 0.090676
9080.57324 0.090592
9082.12695 0.090516
9083.68066 0.09045
9085.23535 0.090386
9086.78906 0.090322
9088.34375 0.090257
9089.89941 0.090193
9091.45410 0.090115
9093.00977 0.090026
9094.56543 0.089915
9096.12109 0.089805
9097.67773 0.089694
9099.23438 0.089582
9100.79102 0.089471
9102.34863 0.08936
9103.90527 0.089231
9105.46289 0.0891
9107.02148 0.088969
9108.57910 0.088837
9110.13770 0.088706
9111.69629 0.088575
9113.25586 0.088456
9114.81445 0.088351
9116.37402 0.088245
9117.93359 0.088139
9119.49414 0.088033
9121.05469 0.087927
9122.61523 0.087819
9124.17578 0.087678
9125.73633 0.087536
9127.29785 0.087395
9128.85938 0.087253
9130.42188 0.087112
9131.98340 0.08697
9133.54590 0.086866
9135.10938 0.08678
9136.67188 0.086693
9138.23535 0.086607
9139.79883 0.08652
9141.36230 0.086433
9142.92676 0.086341
9144.49121 0.086233
9146.05566 0.086126
9147.62012 0.086018
9149.18555 0.08591
9150.75098 0.085802
9152.31641 0.085694
9153.88184 0.085582
9155.44824 0.085469
9157.01465 0.085355
9158.58203 0.085242
9160.14844 0.085129
9161.71582 0.085015
9163.28320 0.084906
9164.85156 0.0848
9166.41895 0.084693
9167.98730 0.084587
9169.55566 0.084481
9171.12500 0.084374
9172.69434 0.084262
9174.26367 0.084104
9175.83301 0.083947
9177.40332 0.08379
9178.97363 0.083633
9180.54395 0.08348
9182.11426 0.083336
9183.68555 0.083242
9185.25684 0.083164
9186.82812 0.083086
9188.40039 0.083008
9189.97266 0.08293
9191.54492 0.082839
9193.11719 0.082734
9194.69043 0.082604
9196.26367 0.082475
9197.83691 0.082346
9199.41016 0.082216
9200.98438 0.082081
9202.55859 0.081944
9204.13281 0.081831
9205.70801 0.081718
9207.28320 0.081605
9208.85840 0.081492
9210.43359 0.081379
9212.00977 0.081265
9213.58594 0.081133
9215.16211 0.080991
9216.73926 0.080848
9218.31543 0.080706
9219.89258 0.080564
9221.47070 0.080421
9223.04785 0.080283
9224.62598 0.080152
9226.20410 0.080021
9227.78320 0.079889
9229.36230 0.079758
9230.94141 0.07963
9232.52148 0.079504
9234.09961 0.079381
9235.67969 0.079258
9237.25977 0.079135
9238.84082 0.079012
9240.42090 0.078888
9242.00195 0.078765
9243.58301 0.078646
9245.16504 0.078529
9246.74707 0.078412
9248.32910 0.078295
9249.91113 0.078177
9251.49414 0.07806
9253.07715 0.077939
9254.66016 0.077813
9256.24316 0.077686
9257.82715 0.077559
9259.41113 0.077432
9260.99512 0.077305
9262.58008 0.077178
9264.16406 0.077042
9265.74902 0.076905
9267.33496 0.076769
9268.91992 0.076632
9270.50586 0.076495
9272.09277 0.076358
9273.67871 0.076243
9275.26562 0.076135
9276.85254 0.076027
9278.43945 0.075919
9280.02734 0.07581
9281.61523 0.075702
9283.20312 0.075582
9284.79102 0.075447
9286.37988 0.075312
9287.96875 0.075177
9289.55762 0.075042
9291.14746 0.074906
9292.73633 0.074772
9294.32715 0.07465
9295.91699 0.074528
9297.50781 0.074406
9299.09863 0.074283
9300.68945 0.074165
9302.28027 0.074054
9303.87207 0.073936
9305.46387 0.073817
9307.05566 0.073697
9308.64844 0.073577
9310.24121 0.073455
9311.83398 0.073323
9313.42676 0.073188
9315.02148 0.073051
9316.61426 0.072914
9318.20801 0.072776
9319.80273 0.072639
9321.39746 0.072501
9322.99219 0.072367
9324.58691 0.072239
9326.18262 0.072112
9327.77832 0.071984
9329.37402 0.071857
9330.97070 0.071729
9332.56738 0.0716
9334.16406 0.071468
9335.76074 0.071336
9337.35840 0.071204
9338.95605 0.071071
9340.55371 0.070939
9342.15137 0.070806
9343.75000 0.070669
9345.34863 0.07053
9346.94727 0.070391
9348.54688 0.070252
9350.14648 0.070113
9351.74609 0.069974
9353.34570 0.069838
9354.94629 0.069707
9356.54688 0.069575
9358.14746 0.069443
9359.74902 0.069311
9361.35059 0.069179
9362.95215 0.069045
9364.55371 0.068906
9366.15625 0.068768
9367.75879 0.068628
9369.36133 0.068489
9370.96484 0.06835
9372.56738 0.068211
9374.17188 0.06808
9375.77539 0.067949
9377.37988 0.067819
9378.98340 0.067688
9380.58887 0.067557
9382.19336 0.067425
9383.79883 0.067286
9385.40430 0.067145
9387.00977 0.067003
9388.61621 0.066861
9390.22266 0.066719
9391.82910 0.066577
9393.43555 0.066445
9395.04297 0.066322
9396.65039 0.0662
9398.25781 0.066077
9399.86621 0.065953
9401.47461 0.06582
9403.08301 0.065678
9404.69141 0.06552
9406.30078 0.065363
9407.91016 0.065205
9409.51953 0.065047
9411.12988 0.064889
9412.74023 0.064732
9414.35059 0.064583
9415.96094 0.064434
9417.57227 0.064285
9419.18359 0.064135
9420.79492 0.063986
9422.40723 0.063837
9424.01953 0.063695
9425.63184 0.063555
9427.24414 0.063414
9428.85742 0.063273
9430.47070 0.063134
9432.08398 0.063
9433.69727 0.062856
9435.31152 0.062708
9436.92578 0.06256
9438.54102 0.062411
9440.15527 0.062263
9441.77148 0.062114
9443.38574 0.061967
9445.00195 0.06182
9446.61816 0.061673
9448.23438 0.061526
9449.85059 0.061379
9451.46777 0.061232
9453.08496 0.061084
9454.70215 0.060936
9456.31934 0.060788
9457.93848 0.060639
9459.55566 0.060491
9461.17383 0.060342
9462.79297 0.060194
9464.41211 0.060052
9466.03125 0.05991
9467.65137 0.059767
9469.27148 0.059625
9470.89062 0.059482
9472.51172 0.059339
9474.13184 0.059187
9475.75293 0.059035
9477.37402 0.058882
9478.99609 0.05873
9480.61719 0.058577
9482.23926 0.058424
9483.86230 0.058281
9485.48438 0.05814
9487.10742 0.057998
9488.73047 0.057857
9490.35352 0.057715
9491.97754 0.057573
9493.60156 0.057422
9495.22656 0.057264
9496.85059 0.057106
9498.47559 0.056948
9500.10059 0.056794
9501.72656 0.056693
9503.35156 0.0566
9504.97754 0.056514
9506.60352 0.056429
9508.23047 0.056343
9509.85742 0.056257
9511.48438 0.056171
9513.11230 0.056081
9514.73926 0.055982
9516.36719 0.055883
9517.99609 0.055784
