threeML/data/optical_filters/HST/WFC3_UVIS1-F763M.ecsv
# %ECSV 0.9
# ---
# datatype:
# - {name: wavelength, unit: Angstrom, datatype: float32}
# - {name: response, datatype: float32}
# meta: !!omap
# - {band_name: F763M}
# - {group_name: WFC3_UVIS1}
wavelength response
6416.48047 0.0
7129.42285 0.000401
7130.64307 0.000422
7131.86279 0.000443
7133.08301 0.000474
7134.30420 0.000507
7135.52393 0.00054
7136.74512 0.000572
7137.96582 0.000605
7139.18799 0.000638
7140.40918 0.00067
7141.62988 0.000703
7142.85303 0.00075
7144.07520 0.000803
7145.29688 0.000857
7146.52002 0.00091
7147.74219 0.000963
7148.96484 0.001016
7150.18799 0.001069
7151.41211 0.001122
7152.63477 0.001191
7153.85889 0.001275
7155.08301 0.001359
7156.30713 0.001443
7157.53076 0.001527
7158.75586 0.001611
7159.98096 0.001695
7161.20605 0.001778
7162.43115 0.001882
7163.65723 0.00202
7164.88184 0.002157
7166.10791 0.002295
7167.33398 0.002432
7168.56104 0.00257
7169.78711 0.002707
7171.01416 0.002844
7172.24121 0.003004
7173.46777 0.00325
7174.69482 0.003495
7175.92285 0.00374
7177.14990 0.003984
7178.37793 0.004229
7179.60596 0.004473
7180.83496 0.004718
7182.06299 0.004976
7183.29199 0.005429
7184.52100 0.005882
7185.75000 0.006334
7186.97998 0.006786
7188.20996 0.007237
7189.43896 0.007689
7190.66992 0.008139
7191.89990 0.008589
7193.12988 0.009349
7194.36084 0.01013
7195.59180 0.01091
7196.82324 0.01169
7198.05518 0.012469
7199.28613 0.013247
7200.51807 0.014025
7201.75000 0.014804
7202.98193 0.015954
7204.21387 0.017192
7205.44678 0.018428
7206.68018 0.019664
7207.91309 0.020899
7209.14600 0.022133
7210.37891 0.023365
7211.61279 0.024595
7212.84717 0.026338
7214.08105 0.028303
7215.31494 0.030267
7216.54980 0.032228
7217.78516 0.034188
7219.02002 0.036146
7220.25488 0.038104
7221.49023 0.040063
7222.72607 0.042752
7223.96094 0.045936
7225.19678 0.049117
7226.43408 0.052297
7227.66992 0.055475
7228.90723 0.05865
7230.14404 0.061822
7231.37988 0.064982
7232.61816 0.068777
7233.85498 0.073191
7235.09277 0.077601
7236.33105 0.082006
7237.56885 0.086407
7238.80713 0.090804
7240.04492 0.095196
7241.28418 0.099594
7242.52295 0.104187
7243.76221 0.109039
7245.00195 0.11389
7246.24121 0.118734
7247.48096 0.123576
7248.72119 0.128414
7249.96094 0.133248
7251.20215 0.138063
7252.44189 0.142576
7253.68311 0.146551
7254.92383 0.150523
7256.16602 0.15449
7257.40723 0.158453
7258.64893 0.162412
7259.89111 0.166366
7261.13281 0.170334
7262.37500 0.173902
7263.61816 0.17654
7264.85986 0.179177
7266.10400 0.181812
7267.34717 0.184445
7268.58984 0.187076
7269.83398 0.189704
7271.07812 0.19233
7272.32178 0.194672
7273.56592 0.19619
7274.81104 0.197706
7276.05518 0.199221
7277.29980 0.200735
7278.54492 0.202248
7279.79102 0.203759
7281.03613 0.20525
7282.28223 0.206547
7283.52783 0.207175
7284.77393 0.207802
7286.02002 0.208428
7287.26709 0.209054
7288.51416 0.209679
7289.76123 0.210303
7291.00781 0.210945
7292.25488 0.211475
7293.50293 0.211528
7294.75098 0.211582
7295.99902 0.211635
7297.24707 0.211688
7298.49609 0.211741
7299.74512 0.211794
7300.99414 0.211829
7302.24316 0.211797
7303.49219 0.211495
7304.74219 0.211193
7305.99121 0.210891
7307.24121 0.21059
7308.49219 0.210288
7309.74219 0.209987
7310.99316 0.209705
7312.24414 0.209444
7313.49512 0.209257
7314.74609 0.20907
7315.99805 0.208883
7317.24902 0.208697
7318.50098 0.20851
7319.75293 0.208323
7321.00586 0.208118
7322.25781 0.207933
7323.51123 0.207849
7324.76416 0.207765
7326.01709 0.207681
7327.27100 0.207597
7328.52393 0.207513
7329.77783 0.207429
7331.03223 0.207364
7332.28711 0.207306
7333.54102 0.207259
7334.79590 0.207212
7336.05078 0.207166
7337.30615 0.207119
7338.56201 0.207072
7339.81689 0.207025
7341.07324 0.206959
7342.32910 0.206864
7343.58496 0.20669
7344.84082 0.206516
7346.09814 0.206342
7347.35498 0.206169
7348.61182 0.205995
7349.86914 0.205822
7351.12695 0.205669
7352.38477 0.2055
7353.64307 0.205283
7354.90088 0.205067
7356.15918 0.20485
7357.41797 0.204634
7358.67676 0.204418
7359.93604 0.204202
7361.19482 0.203965
7362.45410 0.20374
7363.71387 0.203542
7364.97412 0.203343
7366.23389 0.203145
7367.49414 0.202947
7368.75488 0.202749
7370.01611 0.202551
7371.27588 0.202376
7372.53809 0.202258
7373.79883 0.202224
7375.06104 0.20219
7376.32324 0.202156
7377.58398 0.202122
7378.84717 0.202087
7380.10889 0.202051
7381.37207 0.201995
7382.63477 0.201986
7383.89795 0.202029
7385.16211 0.202073
7386.42480 0.202116
7387.68896 0.202159
7388.95312 0.202202
7390.21680 0.202249
7391.48096 0.202314
7392.74609 0.202395
7394.01123 0.202488
7395.27588 0.202582
7396.54199 0.202675
7397.80713 0.202768
7399.07324 0.20286
7400.33789 0.202947
7401.60400 0.203017
7402.87109 0.203039
7404.13818 0.203037
7405.40381 0.203035
7406.67090 0.203032
7407.93799 0.20303
7409.20605 0.203027
7410.47412 0.203033
7411.74219 0.203053
7413.00977 0.203044
7414.27783 0.203026
7415.54688 0.203009
7416.81494 0.202991
7418.08398 0.202973
7419.35400 0.202955
7420.62305 0.202926
7421.89307 0.202885
7423.16309 0.202841
7424.43311 0.202795
7425.70312 0.20275
7426.97314 0.202705
7428.24414 0.20266
7429.51514 0.202615
7430.78613 0.202592
7432.05811 0.202583
7433.32910 0.202635
7434.60107 0.202687
7435.87305 0.202739
7437.14502 0.20279
7438.41699 0.202842
7439.68994 0.202893
7440.96289 0.202927
7442.23584 0.202968
7443.50977 0.203083
7444.78320 0.203197
7446.05713 0.203311
7447.33105 0.203425
7448.60498 0.203539
7449.87891 0.203653
7451.15381 0.203787
7452.42920 0.203913
7453.70410 0.204016
7454.97900 0.204119
7456.25488 0.204222
7457.53076 0.204324
7458.80713 0.204426
7460.08301 0.204527
7461.35889 0.204606
7462.63623 0.204702
7463.91309 0.204818
7465.18896 0.204933
7466.46680 0.205049
7467.74414 0.205164
7469.02197 0.20528
7470.29980 0.2054
7471.57812 0.205538
7472.85596 0.205602
7474.13477 0.205621
7475.41406 0.205641
7476.69189 0.20566
7477.97217 0.205679
7479.25098 0.205698
7480.53076 0.205707
7481.81104 0.205703
7483.09082 0.205692
7484.37109 0.20568
7485.65186 0.205668
7486.93311 0.205656
7488.21289 0.205643
7489.49512 0.205631
7490.77588 0.205633
7492.05811 0.205644
7493.33887 0.20562
7494.62207 0.205596
7495.90381 0.205572
7497.18701 0.205548
7498.46924 0.205524
7499.75195 0.2055
7501.03516 0.20545
7502.31885 0.205392
7503.60205 0.205328
7504.88623 0.205264
7506.16992 0.2052
7507.45508 0.205135
7508.73877 0.205071
7510.02295 0.205007
7511.30908 0.204966
7512.59424 0.204935
7513.87891 0.204917
7515.16504 0.204898
7516.45020 0.204879
7517.73584 0.204861
7519.02197 0.204842
7520.30908 0.204818
7521.59619 0.204776
7522.88281 0.204694
7524.16992 0.204588
7525.45703 0.204482
7526.74512 0.204376
7528.03320 0.204269
7529.32080 0.204163
7530.60889 0.204069
7531.89697 0.203986
7533.18604 0.203914
7534.47510 0.203845
7535.76416 0.203775
7537.05322 0.203705
7538.34277 0.203635
7539.63184 0.203565
7540.92188 0.203479
7542.21289 0.203382
7543.50293 0.20326
7544.79395 0.203137
7546.08398 0.203015
7547.37598 0.202892
7548.66699 0.20277
7549.95801 0.202648
7551.25000 0.202548
7552.54199 0.202444
7553.83398 0.202331
7555.12695 0.202219
7556.41895 0.202107
7557.71191 0.201994
7559.00488 0.201882
7560.29883 0.201765
7561.59180 0.201629
7562.88623 0.201489
7564.18018 0.201346
7565.47412 0.201203
7566.76904 0.201061
7568.06299 0.200918
7569.35791 0.200775
7570.65283 0.200644
7571.94922 0.200525
7573.24414 0.200401
7574.54004 0.200276
7575.83594 0.200151
7577.13184 0.200026
7578.42822 0.199902
7579.72510 0.199777
7581.02197 0.199634
7582.31885 0.199488
7583.61621 0.199348
7584.91406 0.199209
7586.21094 0.19907
7587.50879 0.198931
7588.80811 0.198791
7590.10596 0.198654
7591.40479 0.198538
7592.70410 0.198424
7594.00195 0.198311
7595.30176 0.198198
7596.60205 0.198086
7597.90088 0.197973
7599.20117 0.197861
7600.50098 0.19774
7601.80176 0.197604
7603.10303 0.19747
7604.40283 0.197335
7605.70410 0.197201
7607.00488 0.197067
7608.30713 0.196933
7609.60889 0.196798
7610.91113 0.196664
7612.21289 0.196528
7613.51514 0.196372
7614.81787 0.196216
7616.12109 0.19606
7617.42383 0.195904
7618.72705 0.195748
7620.03076 0.195593
7621.33398 0.19546
7622.63916 0.195319
7623.94287 0.195165
7625.24707 0.195012
7626.55176 0.194859
7627.85596 0.194706
7629.16211 0.194553
7630.46680 0.194382
7631.77197 0.194178
7633.07812 0.193961
7634.38379 0.19374
7635.68994 0.19352
7636.99707 0.193299
7638.30420 0.193078
7639.60986 0.192858
7640.91699 0.192654
7642.22510 0.192451
7643.53223 0.192202
7644.83984 0.191954
7646.14795 0.191706
7647.45605 0.191457
7648.76514 0.191209
7650.07324 0.19096
7651.38184 0.19069
7652.69092 0.190434
7654.00000 0.190194
7655.31006 0.189954
7656.62012 0.189715
7657.93018 0.189476
7659.24023 0.189237
7660.55078 0.189007
7661.86084 0.188791
7663.17188 0.188557
7664.48291 0.18832
7665.79492 0.188083
7667.10596 0.187846
7668.41797 0.18761
7669.72998 0.187373
7671.04199 0.187119
7672.35498 0.18687
7673.66699 0.186662
7674.97998 0.186453
7676.29297 0.186244
7677.60693 0.186035
7678.92090 0.185827
7680.23389 0.185622
7681.54785 0.185436
7682.86279 0.185275
7684.17676 0.185133
7685.49219 0.184992
7686.80713 0.18485
7688.12207 0.184708
7689.43701 0.184567
7690.75293 0.184413
7692.06885 0.18425
7693.38477 0.184086
7694.70117 0.183922
7696.01807 0.183758
7697.33398 0.183594
7698.65088 0.183431
7699.96924 0.183267
7701.28613 0.183104
7702.60400 0.182942
7703.92188 0.182784
7705.24023 0.182626
7706.55811 0.182469
7707.87695 0.182311
7709.19482 0.182153
7710.51514 0.182004
7711.83301 0.181868
7713.15283 0.181707
7714.47314 0.181539
7715.79297 0.181371
7717.11279 0.181203
7718.43311 0.181035
7719.75391 0.180867
7721.07520 0.180682
7722.39600 0.180493
7723.71680 0.180307
7725.03906 0.18012
7726.35986 0.179934
7727.68213 0.179747
7729.00391 0.179561
7730.32715 0.17938
7731.64893 0.179215
7732.97217 0.179069
7734.29492 0.178933
7735.61914 0.178798
7736.94189 0.178662
7738.26611 0.178527
7739.58984 0.178391
7740.91406 0.178241
7742.23779 0.178084
7743.56299 0.177922
7744.88818 0.17776
7746.21289 0.177599
7747.53809 0.177437
7748.86377 0.177275
7750.18896 0.177117
7751.51611 0.176977
7752.84180 0.176853
7754.16797 0.176745
7755.49512 0.176636
7756.82178 0.176528
7758.14893 0.17642
7759.47705 0.176311
7760.80420 0.17619
7762.13184 0.176061
7763.45996 0.17589
7764.78809 0.175719
7766.11719 0.175549
7767.44482 0.175378
7768.77393 0.175208
7770.10400 0.175037
7771.43311 0.174867
7772.76318 0.174684
7774.09277 0.174486
7775.42285 0.174289
7776.75293 0.174092
7778.08301 0.173894
7779.41504 0.173697
7780.74609 0.173512
7782.07715 0.173336
7783.40820 0.173168
7784.74023 0.173001
7786.07178 0.172834
7787.40381 0.172667
7788.73584 0.1725
7790.06885 0.172332
7791.40186 0.172144
7792.73486 0.171948
7794.06787 0.171739
7795.40186 0.17153
7796.73486 0.171322
7798.06885 0.171114
7799.40381 0.170906
7800.73779 0.170709
7802.07324 0.170522
7803.40820 0.170445
7804.74316 0.170375
7806.07812 0.170304
7807.41406 0.170234
7808.75000 0.170164
7810.08496 0.170092
7811.42188 0.170001
7812.75781 0.16988
7814.09521 0.169724
7815.43213 0.169568
7816.76904 0.169412
7818.10596 0.169257
7819.44385 0.169101
7820.78223 0.168957
7822.12012 0.168822
7823.45801 0.168723
7824.79688 0.168624
7826.13623 0.168526
7827.47510 0.168428
7828.81396 0.168329
7830.15283 0.168231
7831.49316 0.168133
7832.83301 0.168027
7834.17285 0.167911
7835.51416 0.167795
7836.85400 0.167679
7838.19482 0.167563
7839.53613 0.167447
7840.87695 0.167331
7842.21924 0.167214
7843.56104 0.167059
7844.90283 0.166903
7846.24512 0.166748
7847.58691 0.166593
7848.93018 0.166438
7850.27295 0.166287
7851.61621 0.166153
7852.95898 0.166012
7854.30322 0.165869
7855.64697 0.165725
7856.99121 0.165581
7858.33496 0.165437
7859.68018 0.165293
7861.02393 0.165134
7862.37012 0.164971
7863.71484 0.16481
7865.06006 0.164649
7866.40576 0.164489
7867.75195 0.164328
7869.09814 0.164167
7870.44385 0.164013
7871.79102 0.163873
7873.13818 0.163753
7874.48486 0.163641
7875.83203 0.163528
7877.18018 0.163416
7878.52686 0.163304
7879.87500 0.163192
7881.22412 0.163062
7882.57178 0.16291
7883.91992 0.162712
7885.27002 0.162513
7886.61914 0.162314
7887.96777 0.162115
7889.31689 0.161917
7890.66699 0.161719
7892.01807 0.161521
7893.36816 0.161328
7894.71777 0.161135
7896.06885 0.160943
7897.41992 0.160751
7898.77100 0.16056
7900.12305 0.16037
7901.47412 0.160198
7902.82617 0.160021
7904.17822 0.15984
7905.53076 0.159659
7906.88281 0.159478
7908.23584 0.159297
7909.58887 0.159116
7910.94189 0.158921
7912.29590 0.158716
7913.64893 0.158458
7915.00293 0.1582
7916.35791 0.157942
7917.71191 0.157685
7919.06689 0.157427
7920.42188 0.157176
7921.77686 0.156938
7923.13184 0.156776
7924.48779 0.156645
7925.84424 0.156514
7927.20020 0.156383
7928.55615 0.156252
7929.91309 0.156122
7931.27002 0.155973
7932.62598 0.155835
7933.98389 0.155721
7935.34082 0.155607
7936.69922 0.155493
7938.05713 0.155379
7939.41504 0.155265
7940.77295 0.155151
7942.13184 0.155037
7943.49121 0.154895
7944.85010 0.154752
7946.20898 0.154609
7947.56885 0.154467
7948.92920 0.154324
7950.28906 0.154185
7951.64893 0.154062
7953.00879 0.153919
7954.37012 0.153765
7955.73096 0.15361
7957.09180 0.153455
7958.45410 0.1533
7959.81494 0.153146
7961.17676 0.152975
7962.53906 0.1528
7963.90088 0.152618
7965.26416 0.152437
7966.62695 0.152256
7967.99023 0.152075
7969.35303 0.151894
7970.71680 0.151714
7972.08105 0.151534
7973.44385 0.151477
7974.80908 0.151432
7976.17285 0.151387
7977.53809 0.151341
7978.90283 0.151296
7980.26807 0.151254
7981.63281 0.151229
7982.99902 0.151159
7984.36523 0.151056
7985.73096 0.150953
7987.09717 0.15085
7988.46387 0.150748
7989.83105 0.150645
7991.19678 0.150529
7992.56494 0.150345
7993.93213 0.149981
7995.29980 0.149618
7996.66797 0.149255
7998.03613 0.148892
7999.40381 0.14853
8000.77295 0.148167
8002.14209 0.147805
8003.51123 0.147028
8004.87988 0.146233
8006.25000 0.145439
8007.62012 0.144645
8008.99023 0.143853
8010.35986 0.143057
8011.73096 0.14225
8013.10205 0.141196
8014.47314 0.140011
8015.84424 0.138829
8017.21484 0.137647
8018.58691 0.136468
8019.95898 0.135289
8021.33105 0.134114
8022.70410 0.132528
8024.07617 0.130224
8025.44922 0.127922
8026.82178 0.125624
8028.19482 0.123329
8029.56885 0.121037
8030.94287 0.118759
8032.31689 0.116339
8033.69092 0.112161
8035.06592 0.107989
8036.43994 0.103823
8037.81494 0.09966
8039.19092 0.0955
8040.56592 0.091343
8041.94189 0.087182
8043.31787 0.082225
8044.69385 0.077081
8046.06982 0.071943
8047.44678 0.066813
8048.82422 0.061689
8050.20117 0.05657
8051.57812 0.051462
8052.95605 0.04707
8054.33301 0.043298
8055.71191 0.039528
8057.08984 0.035765
8058.46924 0.032006
8059.84717 0.028253
8061.22705 0.024507
8062.60498 0.021335
8063.98486 0.01961
8065.36523 0.017886
8066.74512 0.016165
8068.12500 0.014445
8069.50488 0.012728
8070.88623 0.011012
8072.26709 0.009331
8073.64795 0.008618
8075.02881 0.007905
8076.41113 0.007194
8077.79199 0.006483
8079.17480 0.005773
8080.55713 0.005065
8081.93896 0.004357
8083.32178 0.003961
8084.70605 0.003646
8086.08887 0.003331
8087.47217 0.003016
8088.85596 0.002702
8090.24023 0.002389
8091.62402 0.002076
8093.00781 0.001857
8094.39307 0.00171
8095.77783 0.001564
8097.16309 0.001417
8098.54785 0.001271
8099.93408 0.001125
8101.31982 0.000979
8102.70605 0.000861
8104.09180 0.000797
8105.47900 0.000732
8106.86621 0.000668
8108.25293 0.000604
8109.64014 0.00054
8111.02783 0.000476
8112.41602 0.000417
8923.65723 0.0
