threeML/data/optical_filters/HST/WFC3_UVIS1-F555W.ecsv
# %ECSV 0.9
# ---
# datatype:
# - {name: wavelength, unit: Angstrom, datatype: float32}
# - {name: response, datatype: float32}
# meta: !!omap
# - {band_name: F555W}
# - {group_name: WFC3_UVIS1}
wavelength response
3922.94971 0.0
4358.83301 0.00042
4359.57910 0.000443
4360.32520 0.000467
4361.07080 0.00049
4361.81689 0.000539
4362.56299 0.000594
4363.31006 0.000649
4364.05713 0.000705
4364.80322 0.00076
4365.54980 0.000815
4366.29688 0.000871
4367.04395 0.000926
4367.79102 0.000982
4368.53906 0.001037
4369.28613 0.001093
4370.03418 0.001148
4370.78076 0.001204
4371.52881 0.001286
4372.27686 0.001408
4373.02490 0.00153
4373.77295 0.001651
4374.52100 0.001773
4375.27002 0.001895
4376.01904 0.002017
4376.76709 0.00214
4377.51611 0.002262
4378.26514 0.002384
4379.01416 0.002506
4379.76318 0.002629
4380.51318 0.002751
4381.26221 0.002878
4382.01221 0.003122
4382.76221 0.003367
4383.51123 0.003611
4384.26123 0.003855
4385.01221 0.004099
4385.76221 0.004344
4386.51221 0.004588
4387.26318 0.004833
4388.01318 0.005077
4388.76416 0.005322
4389.51514 0.005567
4390.26611 0.005812
4391.01709 0.006057
4391.76904 0.006445
4392.52002 0.00689
4393.27100 0.007336
4394.02295 0.007781
4394.77490 0.008228
4395.52686 0.008674
4396.27881 0.00912
4397.03076 0.009567
4397.78320 0.010013
4398.53613 0.01046
4399.28906 0.010907
4400.04102 0.011354
4400.79395 0.011801
4401.54688 0.012355
4402.29980 0.01306
4403.05322 0.013765
4403.80713 0.014471
4404.56006 0.015176
4405.31299 0.015882
4406.06689 0.016589
4406.82080 0.017295
4407.57520 0.018002
4408.32910 0.018709
4409.08301 0.019416
4409.83789 0.020124
4410.59180 0.020831
4411.34717 0.021583
4412.10205 0.022599
4412.85596 0.023615
4413.61084 0.024631
4414.36719 0.025647
4415.12207 0.026664
4415.87695 0.027682
4416.63281 0.028699
4417.38916 0.029718
4418.14502 0.030736
4418.89990 0.031755
4419.65576 0.032774
4420.41309 0.033795
4421.16895 0.034817
4421.92480 0.036117
4422.68213 0.037446
4423.43799 0.038777
4424.19482 0.040108
4424.95215 0.04144
4425.70898 0.042773
4426.46680 0.044106
4427.22412 0.04544
4427.98096 0.046774
4428.73877 0.04811
4429.49707 0.049445
4430.25391 0.05078
4431.01318 0.052116
4431.77100 0.053632
4432.52881 0.055229
4433.28809 0.056827
4434.04590 0.058425
4434.80518 0.060024
4435.56299 0.061623
4436.32178 0.063223
4437.08105 0.064823
4437.83984 0.066425
4438.60010 0.068027
4439.35889 0.06963
4440.11914 0.071234
4440.87793 0.072838
4441.63818 0.074475
4442.39795 0.076141
4443.15820 0.07781
4443.91797 0.079479
4444.67920 0.081148
4445.43896 0.082818
4446.20020 0.084489
4446.95996 0.08616
4447.72119 0.087832
4448.48193 0.089506
4449.24316 0.091179
4450.00488 0.092854
4450.76611 0.094529
4451.52686 0.096212
4452.28906 0.09791
4453.05078 0.099608
4453.81299 0.101308
4454.57520 0.103007
4455.33691 0.104708
4456.09912 0.106409
4456.86182 0.108112
4457.62402 0.109814
4458.38721 0.111518
4459.14990 0.113223
4459.91309 0.114927
4460.67578 0.11664
4461.43896 0.118334
4462.20215 0.119969
4462.96582 0.121605
4463.72900 0.123242
4464.49316 0.124879
4465.25684 0.126517
4466.02100 0.128157
4466.78516 0.129797
4467.54883 0.131438
4468.31299 0.13308
4469.07812 0.134723
4469.84277 0.136367
4470.60693 0.138004
4471.37305 0.139618
4472.13721 0.141102
4472.90186 0.142587
4473.66797 0.144074
4474.43311 0.14556
4475.19922 0.147048
4475.96387 0.148536
4476.72998 0.150025
4477.49609 0.151514
4478.26221 0.153004
4479.02783 0.154494
4479.79492 0.155986
4480.56201 0.157478
4481.32812 0.158946
4482.09521 0.16018
4482.86084 0.161414
4483.62793 0.16265
4484.39600 0.163885
4485.16309 0.165122
4485.93018 0.166358
4486.69824 0.167596
4487.46484 0.168833
4488.23291 0.170072
4489.00098 0.17131
4489.76904 0.17255
4490.53809 0.17379
4491.30615 0.175021
4492.07422 0.176103
4492.84277 0.177185
4493.61084 0.178267
4494.37988 0.179351
4495.14893 0.180435
4495.91797 0.181519
4496.68701 0.182603
4497.45703 0.183689
4498.22705 0.184774
4498.99609 0.18586
4499.76611 0.186946
4500.53613 0.188023
4501.30615 0.189088
4502.07617 0.19003
4502.84619 0.190973
4503.61719 0.191916
4504.38721 0.192859
4505.15820 0.193802
4505.92920 0.194745
4506.69922 0.195689
4507.47119 0.196633
4508.24219 0.197577
4509.01318 0.198522
4509.78516 0.199467
4510.55615 0.200421
4511.32812 0.201365
4512.10010 0.202148
4512.87207 0.202932
4513.64404 0.203716
4514.41602 0.2045
4515.18799 0.205284
4515.96094 0.206069
4516.73389 0.206854
4517.50586 0.20764
4518.27881 0.208425
4519.05176 0.209211
4519.82617 0.209998
4520.59912 0.210774
4521.37305 0.211525
4522.14600 0.212137
4522.91895 0.212749
4523.69287 0.213361
4524.46680 0.213974
4525.24219 0.214587
4526.01611 0.215199
4526.79004 0.215812
4527.56494 0.216426
4528.33887 0.217039
4529.11377 0.217652
4529.88916 0.218266
4530.66406 0.21888
4531.43896 0.219478
4532.21387 0.22002
4532.99023 0.220561
4533.76611 0.221103
4534.54199 0.221645
4535.31689 0.222187
4536.09277 0.22273
4536.86914 0.223272
4537.64600 0.223815
4538.42188 0.224358
4539.19824 0.2249
4539.97510 0.225444
4540.75098 0.225987
4541.52881 0.226488
4542.30615 0.226902
4543.08301 0.227317
4543.85986 0.227731
4544.63818 0.228146
4545.41504 0.228561
4546.19287 0.228976
4546.97119 0.229391
4547.74902 0.229806
4548.52686 0.230222
4549.30518 0.230637
4550.08301 0.231053
4550.86182 0.231469
4551.64014 0.231868
4552.41895 0.232248
4553.19824 0.232629
4553.97705 0.23301
4554.75586 0.233391
4555.53613 0.233771
4556.31494 0.234153
4557.09521 0.234534
4557.87402 0.234915
4558.65381 0.235296
4559.43408 0.235678
4560.21387 0.236063
4560.99414 0.236461
4561.77490 0.236822
4562.55518 0.237161
4563.33594 0.237502
4564.11719 0.237842
4564.89697 0.238182
4565.67920 0.238522
4566.45898 0.238863
4567.24121 0.239204
4568.02197 0.239544
4568.80420 0.239885
4569.58496 0.240226
4570.36816 0.24056
4571.14893 0.240885
4571.93213 0.24114
4572.71387 0.24138
4573.49609 0.24162
4574.27881 0.24186
4575.06104 0.2421
4575.84424 0.24234
4576.62695 0.24258
4577.41016 0.242821
4578.19287 0.243061
4578.97705 0.243302
4579.75977 0.243542
4580.54297 0.243783
4581.32715 0.24402
4582.11084 0.244205
4582.89502 0.244389
4583.67920 0.244574
4584.46289 0.244759
4585.24805 0.244944
4586.03223 0.245128
4586.81689 0.245313
4587.60205 0.245498
4588.38721 0.245683
4589.17090 0.245868
4589.95703 0.246053
4590.74219 0.246238
4591.52686 0.246414
4592.31299 0.246569
4593.09912 0.246723
4593.88477 0.246878
4594.67090 0.247033
4595.45703 0.247188
4596.24316 0.247342
4597.02881 0.247497
4597.81592 0.247652
4598.60303 0.247807
4599.39014 0.247962
4600.17578 0.248117
4600.96289 0.248272
4601.75000 0.248442
4602.53809 0.248623
4603.32520 0.248804
4604.11279 0.248985
4604.90088 0.249167
4605.68799 0.249348
4606.47705 0.249529
4607.26514 0.24971
4608.05322 0.249892
4608.84082 0.250073
4609.62988 0.250254
4610.41895 0.250445
4611.20801 0.250643
4611.99707 0.2508
4612.78613 0.250951
4613.57520 0.251103
4614.36377 0.251255
4615.15381 0.251407
4615.94287 0.251559
4616.73291 0.251711
4617.52295 0.251863
4618.31299 0.252015
4619.10303 0.252167
4619.89404 0.25232
4620.68408 0.252457
4621.47510 0.25259
4622.26514 0.252715
4623.05615 0.25284
4623.84717 0.252965
4624.63818 0.25309
4625.42920 0.253214
4626.22119 0.253339
4627.01221 0.253464
4627.80420 0.253589
4628.59619 0.253715
4629.38818 0.25384
4630.18018 0.253964
4630.97217 0.254084
4631.76416 0.254209
4632.55713 0.254335
4633.34912 0.254461
4634.14209 0.254588
4634.93506 0.254714
4635.72803 0.254841
4636.52100 0.254967
4637.31396 0.255094
4638.10791 0.25522
4638.90088 0.255347
4639.69482 0.255474
4640.48877 0.2556
4641.28320 0.255727
4642.07715 0.255831
4642.87109 0.255934
4643.66602 0.256037
4644.45996 0.25614
4645.25488 0.256243
4646.04883 0.256346
4646.84424 0.256449
4647.64014 0.256552
4648.43506 0.256655
4649.22998 0.256759
4650.02490 0.256862
4650.82080 0.256965
4651.61719 0.257062
4652.41309 0.257149
4653.20801 0.257237
4654.00488 0.257324
4654.80078 0.257412
4655.59717 0.257499
4656.39404 0.257586
4657.18994 0.257674
4657.98682 0.257761
4658.78418 0.257849
4659.58203 0.257936
4660.37891 0.258024
4661.17578 0.258111
4661.97412 0.258241
4662.77100 0.25838
4663.56885 0.258518
4664.36719 0.258656
4665.16504 0.258794
4665.96289 0.258933
4666.76123 0.259071
4667.56006 0.25921
4668.35791 0.259348
4669.15723 0.259486
4669.95605 0.259625
4670.75488 0.25978
4671.55420 0.259917
4672.35400 0.260012
4673.15283 0.260107
4673.95312 0.260202
4674.75195 0.260297
4675.55176 0.260392
4676.35205 0.260487
4677.15186 0.260581
4677.95215 0.260676
4678.75293 0.260771
4679.55322 0.260867
4680.35400 0.260954
4681.15479 0.261031
4681.95605 0.261093
4682.75684 0.261151
4683.55811 0.261209
4684.35889 0.261267
4685.16113 0.261325
4685.96191 0.261383
4686.76416 0.261441
4687.56592 0.2615
4688.36816 0.261558
4689.16992 0.261616
4689.97217 0.261674
4690.77490 0.261732
4691.57715 0.261789
4692.37988 0.261842
4693.18311 0.261895
4693.98584 0.261948
4694.78906 0.262002
4695.59180 0.262055
4696.39600 0.262108
4697.19922 0.262162
4698.00293 0.262215
4698.80713 0.262268
4699.60986 0.262322
4700.41504 0.262375
4701.21924 0.262428
4702.02295 0.262448
4702.82812 0.262464
4703.63184 0.26248
4704.43701 0.262495
4705.24219 0.262511
4706.04688 0.262527
4706.85205 0.262542
4707.65820 0.262558
4708.46289 0.262574
4709.26904 0.262589
4710.07422 0.262605
4710.87988 0.26262
4711.68604 0.262669
4712.49219 0.262756
4713.29785 0.262844
4714.10498 0.262931
4714.91211 0.263018
4715.71777 0.263106
4716.52490 0.263194
4717.33203 0.263281
4718.13916 0.263369
4718.94580 0.263456
4719.75391 0.263544
4720.56201 0.263631
4721.36914 0.263718
4722.17676 0.263792
4722.98486 0.263865
4723.79297 0.263939
4724.60107 0.264012
4725.40918 0.264085
4726.21777 0.264159
4727.02588 0.264233
4727.83496 0.264306
4728.64404 0.26438
4729.45312 0.264453
4730.26221 0.264527
4731.07178 0.264601
4731.88086 0.264681
4732.69092 0.264765
4733.50000 0.264849
4734.31104 0.264933
4735.12109 0.265017
4735.93115 0.265101
4736.74121 0.265184
4737.55078 0.265268
4738.36182 0.265352
4739.17188 0.265436
4739.98291 0.26552
4740.79395 0.265622
4741.60498 0.26571
4742.41699 0.265769
4743.22803 0.265829
4744.04004 0.265888
4744.85205 0.265947
4745.66309 0.266007
4746.47510 0.266066
4747.28711 0.266126
4748.10010 0.266185
4748.91211 0.266245
4749.72510 0.266304
4750.53711 0.266351
4751.35010 0.266394
4752.16309 0.266489
4752.97607 0.266584
4753.78906 0.266679
4754.60303 0.266774
4755.41602 0.266869
4756.22900 0.266964
4757.04297 0.267059
4757.85693 0.267154
4758.67090 0.267249
4759.48486 0.267344
4760.29980 0.267439
4761.11377 0.267535
4761.92920 0.267588
4762.74414 0.267626
4763.55908 0.267664
4764.37402 0.267703
4765.18799 0.267741
4766.00391 0.267779
4766.81885 0.267817
4767.63477 0.267856
4768.45117 0.267894
4769.26709 0.267932
4770.08301 0.26797
4770.89795 0.268008
4771.71484 0.268048
4772.53076 0.268087
4773.34814 0.268127
4774.16504 0.268167
4774.98096 0.268207
4775.79785 0.268247
4776.61523 0.268287
4777.43311 0.268327
4778.25000 0.268367
4779.06689 0.268407
4779.88477 0.268447
4780.70312 0.268487
4781.52100 0.268536
4782.33887 0.268614
4783.15723 0.268693
4783.97607 0.268772
4784.79395 0.268851
4785.61279 0.268929
4786.43213 0.269008
4787.25000 0.269087
4788.06982 0.269166
4788.88916 0.269244
4789.70801 0.269323
4790.52783 0.269402
4791.34717 0.269481
4792.16699 0.26955
4792.98682 0.269618
4793.80713 0.269687
4794.62695 0.269756
4795.44824 0.269825
4796.26807 0.269894
4797.08887 0.269962
4797.91016 0.270031
4798.72998 0.2701
4799.55078 0.270169
4800.37305 0.270238
4801.19385 0.270307
4802.01611 0.270385
4802.83691 0.270464
4803.65918 0.270544
4804.47998 0.270624
4805.30322 0.270703
4806.12500 0.270783
4806.94678 0.270863
4807.77002 0.270943
4808.59180 0.271022
4809.41504 0.271102
4810.23779 0.271188
4811.06104 0.271286
4811.88379 0.27136
4812.70703 0.27142
4813.53076 0.27148
4814.35400 0.27154
4815.17822 0.271601
4816.00098 0.271661
4816.82617 0.271721
4817.64990 0.271781
4818.47412 0.271841
4819.29785 0.271902
4820.12305 0.271959
4820.94824 0.272
4821.77197 0.272058
4822.59814 0.272129
4823.42285 0.272201
4824.24805 0.272273
4825.07324 0.272345
4825.89893 0.272417
4826.72510 0.272489
4827.54980 0.272561
4828.37598 0.272633
4829.20312 0.272705
4830.02881 0.272777
4830.85498 0.272847
4831.68213 0.272909
4832.50781 0.272959
4833.33496 0.27301
4834.16211 0.27306
4834.98877 0.27311
4835.81592 0.273161
4836.64404 0.273212
4837.47119 0.273262
4838.29883 0.273313
4839.12695 0.273363
4839.95508 0.273414
4840.78320 0.273464
4841.61084 0.27352
4842.43896 0.273588
4843.26807 0.273655
4844.09717 0.273723
4844.92480 0.27379
4845.75391 0.273858
4846.58301 0.273925
4847.41309 0.273993
4848.24219 0.27406
4849.07178 0.274128
4849.90088 0.274195
4850.73096 0.274263
4851.56104 0.274317
4852.39111 0.274328
4853.22119 0.27434
4854.05176 0.274351
4854.88184 0.274363
4855.71289 0.274374
4856.54297 0.274385
4857.37500 0.274397
4858.20605 0.274408
4859.03711 0.27442
4859.86816 0.274431
4860.70020 0.274443
4861.53076 0.274452
4862.36279 0.274454
4863.19482 0.274455
4864.02686 0.274456
4864.85889 0.274458
4865.69092 0.27446
4866.52393 0.274461
4867.35693 0.274462
4868.18896 0.274464
4869.02197 0.274465
4869.85498 0.274467
4870.68799 0.274469
4871.52197 0.274479
4872.35498 0.274528
4873.18896 0.274578
4874.02295 0.274627
4874.85693 0.274676
4875.69092 0.274725
4876.52490 0.274774
4877.35889 0.274824
4878.19385 0.274873
4879.02783 0.274922
4879.86279 0.274971
4880.69824 0.275021
4881.53320 0.275068
4882.36914 0.275104
4883.20410 0.275139
4884.04004 0.275176
4884.87500 0.275212
4885.71094 0.275248
4886.54688 0.275284
4887.38281 0.27532
4888.21924 0.275356
4889.05518 0.275392
4889.89209 0.275428
4890.72900 0.275481
4891.56494 0.275536
4892.40186 0.27559
4893.23877 0.275644
4894.07617 0.275698
4894.91406 0.275751
4895.75098 0.275805
4896.58887 0.275859
4897.42676 0.275913
4898.26514 0.275967
4899.10303 0.276021
4899.94092 0.276074
4900.77881 0.27611
4901.61816 0.276149
4902.45703 0.276201
4903.29492 0.276252
4904.13379 0.276304
4904.97314 0.276355
4905.81299 0.276406
4906.65186 0.276458
4907.49121 0.276509
4908.33105 0.276561
4909.16992 0.276612
4910.01123 0.276664
4910.85107 0.276715
4911.69092 0.27676
4912.53076 0.276794
4913.37207 0.276827
4914.21191 0.276861
4915.05322 0.276894
4915.89404 0.276928
4916.73486 0.276962
4917.57715 0.276995
4918.41797 0.277029
4919.25879 0.277062
4920.10107 0.277096
4920.94287 0.27713
4921.78516 0.27715
4922.62695 0.277156
4923.46924 0.277163
4924.31201 0.277169
4925.15381 0.277175
4925.99707 0.277181
4926.83887 0.277187
4927.68213 0.277193
4928.52490 0.2772
4929.36914 0.277206
4930.21191 0.277212
4931.05615 0.277218
4931.89893 0.277262
4932.74316 0.277329
4933.58691 0.277396
4934.43115 0.277464
4935.27490 0.277531
4936.12012 0.277598
4936.96387 0.277665
4937.80908 0.277732
4938.65381 0.277799
4939.49902 0.277866
4940.34424 0.277933
4941.18896 0.278
4942.03516 0.278031
4942.87988 0.278051
4943.72607 0.278071
4944.57178 0.278091
4945.41797 0.278111
4946.26416 0.278131
4947.10986 0.278152
4947.95703 0.278172
4948.80322 0.278192
4949.64990 0.278212
4950.49707 0.278232
4951.34424 0.278252
4952.19092 0.278291
4953.03809 0.278331
4953.88623 0.278371
4954.73291 0.27841
4955.58105 0.27845
4956.42920 0.27849
4957.27686 0.27853
4958.12500 0.278569
4958.97314 0.278609
4959.82178 0.278649
4960.66992 0.278689
4961.51904 0.278732
4962.36816 0.278792
4963.21680 0.278852
4964.06592 0.278912
4964.91602 0.278973
4965.76514 0.279033
4966.61523 0.279093
4967.46387 0.279153
4968.31396 0.279213
4969.16504 0.279274
4970.01514 0.279334
4970.86523 0.279394
4971.71484 0.279439
4972.56592 0.279458
4973.41699 0.279477
4974.26807 0.279496
4975.11914 0.279515
4975.97021 0.279534
4976.82080 0.279553
4977.67285 0.279572
4978.52393 0.279591
4979.37598 0.27961
4980.22803 0.279629
4981.08105 0.279648
4981.93311 0.279687
4982.78516 0.279738
4983.63818 0.279789
4984.49023 0.27984
4985.34277 0.27989
4986.19580 0.279941
4987.04883 0.279992
4987.90186 0.280043
4988.75586 0.280094
4989.60889 0.280144
4990.46289 0.280206
4991.31689 0.280278
4992.17090 0.280289
4993.02490 0.280295
4993.87891 0.280302
4994.73291 0.280308
4995.58789 0.280314
4996.44287 0.28032
4997.29785 0.280326
4998.15283 0.280332
4999.00781 0.280339
4999.86279 0.280345
5000.71924 0.280329
