threeML/data/optical_filters/HST/WFC3_UVIS1-FQ243N.ecsv
# %ECSV 0.9
# ---
# datatype:
# - {name: wavelength, unit: Angstrom, datatype: float32}
# - {name: response, datatype: float32}
# meta: !!omap
# - {band_name: FQ243N}
# - {group_name: WFC3_UVIS1}
wavelength response
2149.31250 0.0
2388.12500 0.000407
2388.53394 0.000453
2388.94189 0.000501
2389.35107 0.000527
2389.76001 0.000593
2390.16895 0.000639
2390.57788 0.000702
2390.98706 0.000788
2391.39600 0.000857
2391.80493 0.000957
2392.21411 0.001058
2392.62402 0.001153
2393.03296 0.001303
2393.44189 0.001434
2393.85205 0.001607
2394.26099 0.001802
2394.67090 0.001987
2395.08105 0.002249
2395.48999 0.002526
2395.89990 0.002823
2396.31006 0.003229
2396.71997 0.003591
2397.12988 0.004003
2397.54004 0.004568
2397.94995 0.005133
2398.36108 0.00591
2398.77100 0.006677
2399.18091 0.007446
2399.59204 0.008623
2400.00195 0.009701
2400.41309 0.011071
2400.82397 0.012389
2401.23389 0.013742
2401.64502 0.01544
2402.05591 0.01721
2402.46704 0.019027
2402.87793 0.021149
2403.28906 0.022981
2403.69995 0.025019
2404.11206 0.027125
2404.52295 0.02887
2404.93408 0.030813
2405.34595 0.03213
2405.75708 0.033399
2406.16895 0.034636
2406.58105 0.03559
2406.99194 0.036503
2407.40405 0.03705
2407.81592 0.037477
2408.22803 0.037864
2408.63989 0.038058
2409.05200 0.038148
2409.46411 0.038274
2409.87598 0.038228
2410.28906 0.038286
2410.70093 0.038279
2411.11401 0.038286
2411.52588 0.038413
2411.93896 0.038415
2412.35107 0.038451
2412.76392 0.038621
2413.17700 0.038822
2413.59009 0.039041
2414.00293 0.039179
2414.41602 0.039412
2414.82910 0.039652
2415.24194 0.039926
2415.65503 0.040256
2416.06812 0.04052
2416.48193 0.040761
2416.89502 0.041053
2417.30908 0.041391
2417.72192 0.041515
2418.13599 0.041805
2418.55005 0.041958
2418.96289 0.04207
2419.37695 0.042227
2419.79102 0.042354
2420.20508 0.04233
2420.61890 0.042366
2421.03296 0.042269
2421.44800 0.042237
2421.86206 0.042185
2422.27588 0.042019
2422.69092 0.041985
2423.10498 0.041815
2423.52002 0.041619
2423.93408 0.041449
2424.34912 0.04127
2424.76392 0.041114
2425.17896 0.041034
2425.59399 0.040902
2426.00903 0.040796
2426.42407 0.040785
2426.83911 0.040719
2427.25391 0.040783
2427.66895 0.040779
2428.08398 0.04093
2428.50000 0.041047
2428.91602 0.041197
2429.33105 0.041247
2429.74707 0.041451
2430.16211 0.041585
2430.57788 0.041631
2430.99390 0.041781
2431.40991 0.041765
2431.82593 0.041663
2432.24194 0.041427
2432.65796 0.040977
2433.07397 0.040341
2433.48999 0.039581
2433.90698 0.038616
2434.32300 0.037076
2434.73999 0.035648
2435.15601 0.033571
2435.57300 0.031915
2435.98999 0.029961
2436.40601 0.027546
2436.82300 0.025463
2437.23999 0.02318
2437.65698 0.021094
2438.07397 0.019243
2438.49097 0.017026
2438.90796 0.015309
2439.32593 0.013628
2439.74292 0.011984
2440.15991 0.010802
2440.57788 0.009474
2440.99609 0.008425
2441.41309 0.00746
2441.83105 0.006592
2442.24902 0.005954
2442.66699 0.00528
2443.08398 0.004653
2443.50195 0.00415
2443.91992 0.003663
2444.33789 0.003332
2444.75708 0.002983
2445.17505 0.002661
2445.59302 0.002419
2446.01196 0.002138
2446.42993 0.001949
2446.84912 0.001776
2447.26709 0.001601
2447.68604 0.001452
2448.10498 0.001309
2448.52393 0.001202
2448.94312 0.001085
2449.36206 0.000987
2449.78101 0.000904
2450.19995 0.000832
2450.61890 0.00076
2451.03809 0.000708
2451.45801 0.00065
2451.87695 0.000603
2452.29590 0.000545
2452.71606 0.000505
2453.13599 0.000477
2453.55493 0.000431
2453.97510 0.000405
2699.37256 0.0
