threeML/data/optical_filters/HST/WFC3_UVIS1-F606LP.ecsv
# %ECSV 0.9
# ---
# datatype:
# - {name: wavelength, unit: Angstrom, datatype: float32}
# - {name: response, datatype: float32}
# meta: !!omap
# - {band_name: F606LP}
# - {group_name: WFC3_UVIS1}
wavelength response
4180.16260 0.0
4644.62500 0.000417
4645.41504 0.000439
4646.20605 0.000461
4646.99707 0.000484
4647.78809 0.000506
4648.57910 0.000528
4649.37012 0.00055
4650.16113 0.000572
4650.95312 0.000594
4651.74414 0.000615
4652.53613 0.000634
4653.32812 0.000652
4654.12012 0.000671
4654.91211 0.00069
4655.70410 0.000709
4656.49609 0.000728
4657.28906 0.000747
4658.08203 0.000766
4658.87402 0.000785
4659.66699 0.000803
4660.45996 0.000822
4661.25293 0.000841
4662.04688 0.000857
4662.83984 0.000872
4663.63379 0.000887
4664.42676 0.000902
4665.22119 0.000917
4666.01514 0.000932
4666.81006 0.000947
4667.60400 0.000962
4668.39795 0.000977
4669.19287 0.000992
4669.98682 0.001008
4670.78223 0.001023
4671.57715 0.001043
4672.37207 0.001073
4673.16699 0.001103
4673.96289 0.001132
4674.75781 0.001162
4675.55420 0.001192
4676.35010 0.001222
4677.14600 0.001252
4677.94092 0.001282
4678.73779 0.001312
4679.53418 0.001342
4680.33105 0.001372
4681.12695 0.001402
4681.92383 0.001453
4682.72119 0.001512
4683.51807 0.00157
4684.31494 0.001629
4685.11182 0.001687
4685.90918 0.001745
4686.70703 0.001804
4687.50391 0.001862
4688.30176 0.001921
4689.10010 0.001979
4689.89795 0.002038
4690.69678 0.002096
4691.49512 0.002157
4692.29297 0.002228
4693.09180 0.002298
4693.89111 0.002369
4694.68896 0.00244
4695.48877 0.00251
4696.28809 0.002581
4697.08691 0.002651
4697.88721 0.002722
4698.68604 0.002793
4699.48584 0.002864
4700.28613 0.002934
4701.08496 0.003005
4701.88623 0.003066
4702.68604 0.003124
4703.48584 0.003181
4704.28711 0.003238
4705.08691 0.003296
4705.88818 0.003353
4706.68896 0.003411
4707.49023 0.003468
4708.29199 0.003526
4709.09277 0.003583
4709.89404 0.003641
4710.69580 0.003698
4711.49805 0.003764
4712.29883 0.003855
4713.10205 0.003947
4713.90381 0.004039
4714.70605 0.004131
4715.50781 0.004223
4716.31104 0.004314
4717.11377 0.004406
4717.91699 0.004498
4718.71924 0.00459
4719.52197 0.004682
4720.32617 0.004774
4721.12891 0.004866
4721.93311 0.005085
4722.73584 0.005343
4723.54004 0.005601
4724.34424 0.00586
4725.14795 0.006118
4725.95215 0.006376
4726.75684 0.006635
4727.56104 0.006893
4728.36621 0.007152
4729.16992 0.007411
4729.97607 0.00767
4730.77979 0.007928
4731.58496 0.008336
4732.39111 0.009051
4733.19580 0.009767
4734.00195 0.010482
4734.80811 0.011198
4735.61279 0.011914
4736.41895 0.01263
4737.22607 0.013347
4738.03223 0.014063
4738.83789 0.01478
4739.64502 0.015496
4740.45117 0.016214
4741.25781 0.016932
4742.06494 0.018296
4742.87207 0.01972
4743.67920 0.021145
4744.48682 0.02257
4745.29395 0.023996
4746.10205 0.025422
4746.91016 0.026848
4747.71777 0.028275
4748.52490 0.029702
4749.33398 0.031131
4750.14209 0.032559
4750.95117 0.033986
4751.75879 0.035336
4752.56787 0.036618
4753.37695 0.037902
4754.18604 0.039185
4754.99512 0.040469
4755.80420 0.041752
4756.61377 0.043037
4757.42285 0.044321
4758.23291 0.045606
4759.04199 0.046891
4759.85303 0.048176
4760.66309 0.049462
4761.47314 0.050667
4762.28320 0.051487
4763.09424 0.052307
4763.90479 0.053128
4764.71484 0.053948
4765.52588 0.054769
4766.33691 0.05559
4767.14795 0.056412
4767.95996 0.057233
4768.77100 0.058055
4769.58301 0.058877
4770.39502 0.059699
4771.20703 0.060521
4772.01904 0.062252
4772.83105 0.064154
4773.64307 0.066054
4774.45605 0.067956
4775.26807 0.069858
4776.08105 0.071761
4776.89404 0.073665
4777.70703 0.075568
4778.52002 0.077472
4779.33301 0.079376
4780.14697 0.081281
4780.95996 0.083186
4781.77393 0.08638
4782.58789 0.090684
4783.40186 0.094988
4784.21582 0.099292
4785.02979 0.103599
4785.84521 0.107906
4786.65918 0.112213
4787.47412 0.116521
4788.28906 0.120832
4789.10400 0.125143
4789.91797 0.129454
4790.73389 0.133768
4791.54883 0.138518
4792.36523 0.144523
4793.18018 0.150527
4793.99609 0.156535
4794.81201 0.162544
4795.62793 0.168553
4796.44385 0.174567
4797.26123 0.18058
4798.07715 0.186594
4798.89404 0.192608
4799.70996 0.198627
4800.52686 0.204645
4801.34424 0.210659
4802.16211 0.214724
4802.97900 0.21879
4803.79590 0.222856
4804.61377 0.226922
4805.43213 0.23099
4806.25000 0.23506
4807.06689 0.239129
4807.88623 0.243201
4808.70410 0.247273
4809.52197 0.251346
4810.34082 0.255426
4811.16016 0.25952
4811.97900 0.261564
4812.79688 0.263013
4813.61719 0.264463
4814.43604 0.265913
4815.25488 0.267363
4816.07520 0.268814
4816.89502 0.270266
4817.71387 0.271718
4818.53418 0.273171
4819.35400 0.274624
4820.17480 0.276074
4820.99512 0.277509
4821.81494 0.278331
4822.63623 0.278691
4823.45703 0.279051
4824.27783 0.279411
4825.09912 0.279772
4825.91992 0.280132
4826.74219 0.280493
4827.56299 0.280854
4828.38477 0.281215
4829.20703 0.281575
4830.02783 0.281936
4830.85107 0.282295
4831.67188 0.282388
4832.49512 0.282069
4833.31689 0.281751
4834.14014 0.281432
4834.96289 0.281113
4835.78613 0.280795
4836.60791 0.280476
4837.43213 0.280157
4838.25488 0.279838
4839.07910 0.279519
4839.90186 0.2792
4840.72607 0.278881
4841.54980 0.278558
4842.37402 0.278223
4843.19824 0.277888
4844.02197 0.277553
4844.84717 0.277218
4845.67090 0.276882
4846.49609 0.276547
4847.32080 0.276211
4848.14600 0.275876
4848.97119 0.27554
4849.79590 0.275205
4850.62207 0.274869
4851.44678 0.274604
4852.27295 0.274899
4853.09912 0.275195
4853.92480 0.275491
4854.75098 0.275787
4855.57715 0.276083
4856.40283 0.276379
4857.22998 0.276675
4858.05713 0.276971
4858.88281 0.277267
4859.70996 0.277564
4860.53809 0.27786
4861.36523 0.278158
4862.19189 0.278686
4863.02002 0.279213
4863.84717 0.279741
4864.67480 0.280269
4865.50293 0.280796
4866.33105 0.281324
4867.16016 0.281853
4867.98779 0.28238
4868.81592 0.282909
4869.64502 0.283437
4870.47412 0.283966
4871.30322 0.284494
4872.13184 0.284388
4872.96094 0.284233
4873.79102 0.284079
4874.62012 0.283924
4875.45020 0.28377
4876.27881 0.283615
4877.10889 0.28346
4877.93896 0.283306
4878.77002 0.283151
4879.60010 0.282996
4880.43018 0.282842
4881.26123 0.282687
4882.09180 0.281982
4882.92285 0.281199
4883.75391 0.280416
4884.58496 0.279634
4885.41699 0.278851
4886.24805 0.278068
4887.08008 0.277284
4887.91113 0.276501
4888.74316 0.275717
4889.57520 0.274933
4890.40723 0.274159
4891.24023 0.273394
4892.07178 0.27275
4892.90479 0.272128
4893.73682 0.271505
4894.56982 0.270882
4895.40283 0.270259
4896.23584 0.269636
4897.06982 0.269013
4897.90283 0.268389
4898.73682 0.267765
4899.57080 0.267141
4900.40479 0.266507
4901.23877 0.265864
4902.07324 0.265706
4902.90723 0.265636
4903.74219 0.265567
4904.57617 0.265498
4905.41113 0.265429
4906.24609 0.26536
4907.08105 0.26529
4907.91602 0.265221
4908.75098 0.265152
4909.58691 0.265082
4910.42188 0.265013
4911.25781 0.264944
4912.09424 0.265246
4912.93018 0.265607
4913.76611 0.265968
4914.60303 0.266329
4915.43896 0.26669
4916.27490 0.267051
4917.11182 0.267412
4917.94922 0.267774
4918.78613 0.268135
4919.62305 0.268497
4920.45996 0.268858
4921.29785 0.26922
4922.13623 0.269701
4922.97314 0.270193
4923.81104 0.270686
4924.64893 0.271178
4925.48682 0.271672
4926.32617 0.272164
4927.16406 0.272657
4928.00195 0.273151
4928.84082 0.273644
4929.68018 0.274137
4930.51904 0.274631
4931.35791 0.275125
4932.19824 0.275641
4933.03711 0.276158
4933.87598 0.276676
4934.71582 0.277193
4935.55615 0.27771
4936.39600 0.278228
4937.23584 0.278746
4938.07715 0.279263
4938.91699 0.279781
4939.75781 0.280299
4940.59912 0.280818
4941.43896 0.281326
4942.27979 0.281706
4943.12207 0.282087
4943.96289 0.282467
4944.80420 0.282848
4945.64600 0.283228
4946.48779 0.283609
4947.33008 0.28399
4948.17090 0.284371
4949.01416 0.284752
4949.85596 0.285133
4950.69824 0.285514
4951.54102 0.285835
4952.38379 0.285896
4953.22705 0.285958
4954.06982 0.286019
4954.91309 0.286081
4955.75586 0.286142
4956.60010 0.286203
4957.44287 0.286265
4958.28711 0.286326
4959.13086 0.286388
4959.97510 0.28645
4960.81885 0.286511
4961.66309 0.286445
4962.50781 0.286121
4963.35303 0.285797
4964.19678 0.285473
4965.04199 0.285149
4965.88721 0.284824
4966.73193 0.2845
4967.57812 0.284175
4968.42285 0.283851
4969.26904 0.283526
4970.11377 0.283202
4970.95996 0.282877
4971.80615 0.282516
4972.65186 0.282117
4973.49902 0.281719
4974.34521 0.28132
4975.19189 0.280922
4976.03906 0.280523
4976.88477 0.280124
4977.73193 0.279725
4978.58008 0.279326
4979.42676 0.278927
4980.27393 0.278528
4981.12207 0.278129
4981.97021 0.277954
4982.81787 0.277882
4983.66602 0.27781
4984.51416 0.277738
4985.36182 0.277666
4986.21094 0.277594
4987.06006 0.277522
4987.90820 0.27745
4988.75684 0.277378
4989.60596 0.277306
4990.45605 0.277245
4991.30518 0.277193
4992.15381 0.277527
4993.00391 0.277907
4993.85400 0.278286
4994.70410 0.278665
4995.55420 0.279045
4996.40381 0.279424
4997.25391 0.279804
4998.10498 0.280184
4998.95605 0.280564
4999.80615 0.280944
5000.65723 0.281304
5001.50781 0.281666
5002.35986 0.282087
5003.21094 0.282507
5004.06201 0.282927
5004.91406 0.283348
5005.76611 0.283768
5006.61816 0.284189
5007.47021 0.28461
5008.32178 0.28503
5009.17480 0.285451
5010.02686 0.285872
5010.87988 0.286293
5011.73291 0.28656
5012.58594 0.286589
5013.43896 0.286617
5014.29199 0.286646
5015.14600 0.286675
5015.99902 0.286704
5016.85303 0.286732
5017.70703 0.286761
5018.56104 0.28679
5019.41504 0.286819
5020.26904 0.286847
5021.12402 0.286876
5021.97803 0.28652
5022.83301 0.28598
5023.68799 0.28544
5024.54297 0.2849
5025.39795 0.28436
5026.25293 0.283819
5027.10889 0.283279
5027.96387 0.282739
5028.81982 0.282198
5029.67578 0.281657
5030.53223 0.281113
5031.38818 0.280567
5032.24512 0.279789
5033.10107 0.279006
5033.95801 0.278224
5034.81396 0.277442
5035.67090 0.27666
5036.52783 0.275877
5037.38477 0.275095
5038.24316 0.274312
5039.10010 0.273529
5039.95801 0.272746
5040.81494 0.271963
5041.67383 0.271238
5042.53223 0.270642
5043.39014 0.270047
5044.24805 0.26945
5045.10693 0.268854
5045.96484 0.268258
5046.82422 0.267662
5047.68311 0.267065
5048.54199 0.266469
5049.40088 0.265872
5050.26123 0.265276
5051.12109 0.264679
5051.97998 0.264354
5052.83984 0.264165
5053.70020 0.263977
5054.56006 0.263789
5055.41992 0.2636
5056.28076 0.263412
5057.14111 0.263223
5058.00195 0.263035
5058.86279 0.262846
5059.72412 0.262658
5060.58496 0.262469
5061.44580 0.262296
5062.30811 0.26249
5063.16895 0.262684
5064.03076 0.262878
5064.89307 0.263072
5065.75488 0.263266
5066.61719 0.26346
5067.47900 0.263655
5068.34180 0.263849
5069.20508 0.264043
5070.06689 0.264237
5070.93018 0.264431
5071.79297 0.264703
5072.65576 0.265074
5073.52002 0.265445
5074.38281 0.265816
5075.24707 0.266187
5076.11084 0.266558
5076.97510 0.266929
5077.83887 0.2673
5078.70312 0.267672
5079.56689 0.268043
5080.43213 0.268414
5081.29590 0.268786
5082.16113 0.269141
5083.02588 0.269495
5083.89209 0.269848
5084.75684 0.270201
5085.62207 0.270555
5086.48779 0.270908
5087.35400 0.271262
5088.21924 0.271615
5089.08496 0.271969
5089.95117 0.272322
5090.81689 0.272676
5091.68408 0.272976
5092.55078 0.273155
5093.41699 0.273333
5094.28418 0.273512
5095.15088 0.273691
5096.01904 0.273869
5096.88623 0.274048
5097.75293 0.274227
5098.62109 0.274406
5099.48877 0.274585
5100.35596 0.274763
5101.22510 0.274942
5102.09277 0.275043
5102.96094 0.275121
5103.83008 0.275199
5104.69824 0.275277
5105.56689 0.275355
5106.43604 0.275433
5107.30518 0.275511
5108.17383 0.275589
5109.04395 0.275668
5109.91309 0.275745
5110.78320 0.275824
5111.65283 0.275908
5112.52295 0.276012
5113.39307 0.276115
5114.26318 0.276219
5115.13379 0.276323
5116.00391 0.276426
5116.87500 0.27653
5117.74609 0.276633
5118.61719 0.276737
5119.48779 0.27684
5120.35889 0.276944
5121.23096 0.277048
5122.10303 0.277261
5122.97412 0.277507
5123.84619 0.277752
5124.71777 0.277998
5125.58984 0.278243
5126.46289 0.278489
5127.33496 0.278735
5128.20801 0.278981
5129.08105 0.279226
5129.95410 0.279472
5130.82715 0.279737
5131.70020 0.280015
5132.57324 0.280319
5133.44678 0.280622
5134.31982 0.280925
5135.19385 0.281229
5136.06787 0.281533
5136.94189 0.281836
5137.81689 0.28214
5138.69092 0.282444
5139.56592 0.282748
5140.43994 0.283042
5141.31494 0.283325
5142.18994 0.28344
5143.06494 0.283529
5143.94092 0.283618
5144.81592 0.283707
5145.69189 0.283795
5146.56787 0.283884
5147.44385 0.283973
5148.31982 0.284062
5149.19580 0.284151
5150.07178 0.28424
5150.94922 0.28433
5151.82617 0.284245
5152.70312 0.283944
5153.58008 0.283644
5154.45703 0.283344
5155.33398 0.283043
5156.21094 0.282742
5157.08887 0.282442
5157.96582 0.282141
5158.84424 0.28184
5159.72314 0.281539
5160.60107 0.281239
5161.47900 0.280924
5162.35693 0.280331
5163.23584 0.279738
5164.11523 0.279144
5164.99414 0.278551
5165.87305 0.277957
5166.75195 0.277363
5167.63086 0.27677
5168.51123 0.276176
5169.39111 0.275582
5170.27100 0.274988
5171.14990 0.274394
5172.02979 0.273835
5172.91113 0.273295
5173.79102 0.272754
5174.67090 0.272214
5175.55176 0.271673
5176.43311 0.271132
5177.31396 0.270591
5178.19482 0.27005
5179.07715 0.269509
5179.95801 0.268968
5180.83984 0.268426
5181.72119 0.267995
5182.60400 0.267802
5183.48486 0.267609
5184.36816 0.267416
5185.25000 0.267224
5186.13184 0.267031
5187.01514 0.266838
5187.89795 0.266645
5188.78076 0.266452
5189.66406 0.266259
5190.54688 0.266065
5191.43115 0.265872
5192.31396 0.266169
5193.19824 0.266474
5194.08203 0.26678
5194.96582 0.267085
5195.85010 0.26739
5196.73389 0.267695
5197.61914 0.268001
5198.50293 0.268306
5199.38818 0.268612
5200.27295 0.268917
5201.15820 0.269222
5202.04297 0.26976
5202.92920 0.270411
5203.81396 0.271062
5204.70020 0.271713
5205.58594 0.272364
5206.47217 0.273015
5207.35791 0.273666
5208.24414 0.274318
5209.12988 0.274969
5210.01709 0.275621
5210.90381 0.276272
5211.79102 0.276933
5212.67822 0.277608
5213.56494 0.278282
5214.45215 0.278958
5215.33984 0.279633
5216.22803 0.280308
5217.11523 0.280983
5218.00293 0.281659
5218.89111 0.282334
5219.77881 0.28301
5220.66797 0.283686
5221.55615 0.284328
5222.44482 0.284715
5223.33398 0.285102
5224.22314 0.285489
5225.11182 0.285876
5226.00098 0.286263
5226.89111 0.28665
5227.77979 0.287037
5228.66992 0.287425
5229.56006 0.287812
5230.45020 0.2882
5231.33984 0.288589
5232.22998 0.288657
5233.12109 0.288676
5234.01221 0.288695
5234.90186 0.288715
5235.79297 0.288734
5236.68506 0.288753
5237.57617 0.288773
5238.46680 0.288792
5239.35889 0.288812
5240.25000 0.288831
5241.14307 0.28885
5242.03516 0.288723
5242.92676 0.288516
5243.81885 0.288309
5244.71094 0.288101
5245.60400 0.287893
5246.49707 0.287686
5247.39014 0.287478
5248.28320 0.28727
5249.17578 0.287063
5250.06885 0.286855
5250.96289 0.286647
5251.85693 0.286427
5252.75000 0.286191
5253.64502 0.285955
5254.53906 0.285719
5255.43311 0.285482
5256.32812 0.285246
5257.22217 0.28501
5258.11719 0.284774
5259.01221 0.284537
5259.90723 0.284301
5260.80176 0.284065
5261.69678 0.283847
5262.59277 0.283685
5263.48877 0.283522
5264.38379 0.283359
5265.27979 0.283197
5266.17578 0.283034
5267.07324 0.282871
5267.96924 0.282708
5268.86621 0.282545
5269.76318 0.282382
5270.66016 0.282219
5271.55713 0.282063
5272.45410 0.281963
5273.35107 0.281862
5274.24902 0.281762
5275.14600 0.281662
5276.04395 0.281562
5276.94189 0.281462
5277.83984 0.281362
5278.73779 0.281261
5279.63721 0.281161
5280.53516 0.281061
5281.43408 0.280961
5282.33301 0.280865
5283.23193 0.280771
5284.13086 0.280676
5285.02979 0.280581
5285.93018 0.280486
5286.83008 0.280391
5287.72900 0.280296
5288.62891 0.280201
5289.52881 0.280106
5290.43018 0.280011
5291.33008 0.279916
5292.22998 0.279803
5293.13086 0.279688
5294.03223 0.279572
5294.93311 0.279457
5295.83398 0.279341
5296.73584 0.279226
5297.63721 0.27911
5298.53906 0.278994
5299.44092 0.278879
5300.34277 0.278763
5301.24512 0.278647
5302.14697 0.278555
5303.04883 0.27847
5303.95215 0.278385
5304.85400 0.278301
5305.75781 0.278216
5306.66113 0.278131
5307.56396 0.278046
5308.46680 0.277962
5309.37109 0.277877
5310.27393 0.277792
5311.17822 0.277707
5312.08203 0.27768
5312.98584 0.277681
5313.89014 0.277683
5314.79492 0.277684
5315.69922 0.277686
5316.60400 0.277687
5317.50879 0.277688
5318.41406 0.27769
5319.31885 0.277691
5320.22412 0.277693
5321.12988 0.277694
5322.03613 0.277786
5322.94092 0.277935
5323.84717 0.278084
