threeML/data/optical_filters/HST/WFC3_IR-F105W.ecsv
# %ECSV 0.9
# ---
# datatype:
# - {name: wavelength, unit: Angstrom, datatype: float32}
# - {name: response, datatype: float32}
# meta: !!omap
# - {band_name: F105W}
# - {group_name: WFC3_IR}
wavelength response
[from data line 2370]
10734.41016 0.481388
10735.28027 0.481337
10736.15039 0.481285
10737.03027 0.481234
10737.90039 0.481182
10738.76953 0.481131
10739.63965 0.481079
10740.50977 0.481028
10741.37988 0.480976
10742.25000 0.480925
10743.12012 0.480874
10744.00000 0.480827
10744.87012 0.48078
10745.74023 0.480733
10746.61035 0.480686
10747.48047 0.480638
10748.34961 0.480591
10749.23047 0.480544
10750.09961 0.480497
10750.96973 0.48045
10751.83984 0.480403
10752.70996 0.480356
10753.58984 0.480309
10754.45996 0.480261
10755.33008 0.480214
10756.20020 0.480167
10757.08008 0.48012
10757.95020 0.480073
10758.82031 0.480026
10759.69043 0.479979
10760.57031 0.479932
10761.44043 0.479885
10762.30957 0.479838
10763.19043 0.479804
10764.05957 0.479808
10764.92969 0.479811
10765.80957 0.479815
10766.67969 0.479819
10767.54980 0.479822
10768.42969 0.479826
10769.29980 0.479829
10770.16992 0.479833
10771.04980 0.479836
10771.91992 0.47984
10772.79004 0.479843
10773.66992 0.479847
10774.54004 0.479851
10775.41992 0.479854
10776.29004 0.479858
10777.16992 0.479861
10778.04004 0.479865
10778.91016 0.479868
10779.79004 0.479872
10780.66016 0.479876
10781.54004 0.47988
10782.41016 0.479883
10783.29004 0.479889
10784.16016 0.479897
10785.04004 0.479905
10785.91016 0.479913
10786.79004 0.479922
10787.66016 0.47993
10788.54004 0.479938
10789.41016 0.479946
10790.29004 0.479954
10791.16016 0.479963
10792.04004 0.479971
10792.91016 0.479979
10793.79004 0.479987
10794.66016 0.479996
10795.54004 0.480004
10796.41992 0.480012
10797.29004 0.480021
10798.16992 0.480029
10799.04004 0.480037
10799.91992 0.480046
10800.79004 0.480056
10801.66992 0.480066
10802.54980 0.480077
10803.41992 0.480134
10804.29980 0.480233
10805.17969 0.480332
10806.04980 0.48043
10806.92969 0.480529
10807.80957 0.480628
10808.67969 0.480727
10809.55957 0.480826
10810.44043 0.480925
10811.30957 0.481024
10812.19043 0.481123
10813.07031 0.481222
10813.95020 0.481321
10814.82031 0.48142
10815.70020 0.481519
10816.58008 0.481618
10817.45996 0.481717
10818.33008 0.481817
10819.20996 0.481916
10820.08984 0.482015
10820.96973 0.482114
10821.83984 0.482214
10822.71973 0.482313
10823.59961 0.482448
10824.48047 0.482596
10825.36035 0.482744
10826.23047 0.482892
10827.11035 0.48304
10827.99023 0.483189
10828.87012 0.483337
10829.75000 0.483485
10830.62988 0.483634
10831.50000 0.483782
10832.37988 0.483931
10833.25977 0.484079
10834.13965 0.484228
10835.01953 0.484376
10835.90039 0.484525
10836.78027 0.484673
10837.66016 0.484822
10838.54004 0.48497
10839.41992 0.485119
10840.29004 0.485268
10841.16992 0.485417
10842.04980 0.485565
10842.92969 0.485714
10843.80957 0.485904
10844.69043 0.486095
10845.57031 0.486286
10846.45020 0.486477
10847.33008 0.486669
10848.20996 0.48686
10849.08984 0.487051
10849.96973 0.487242
10850.84961 0.487434
10851.73047 0.487625
10852.61035 0.487817
10853.49023 0.488009
10854.37012 0.4882
10855.25000 0.488392
10856.12988 0.488583
10857.00977 0.488775
10857.90039 0.488967
10858.78027 0.489159
10859.66016 0.48935
10860.54004 0.489565
10861.41992 0.489794
10862.29980 0.490023
10863.17969 0.490242
10864.05957 0.490427
10864.94043 0.490612
10865.83008 0.490797
10866.70996 0.490982
10867.58984 0.491167
10868.46973 0.491351
10869.34961 0.491536
10870.23047 0.491712
10871.12012 0.49186
10872.00000 0.492008
10872.87988 0.492156
10873.75977 0.492304
10874.63965 0.492453
10875.53027 0.492601
10876.41016 0.492749
10877.29004 0.492897
10878.16992 0.493046
10879.04980 0.493194
10879.94043 0.493343
10880.82031 0.493491
10881.70020 0.493639
10882.58008 0.493788
10883.46973 0.493905
10884.34961 0.493995
10885.23047 0.494086
10886.12012 0.494176
10887.00000 0.494267
10887.87988 0.494357
10888.76953 0.494448
10889.65039 0.494539
10890.53027 0.494629
10891.41992 0.49472
10892.29980 0.494811
10893.17969 0.494902
10894.07031 0.494993
10894.95020 0.495084
10895.83008 0.495175
10896.71973 0.495266
10897.59961 0.495357
10898.49023 0.495448
10899.37012 0.495539
10900.25977 0.495631
10901.13965 0.495722
10902.01953 0.495813
10902.91016 0.495904
10903.79004 0.495941
10904.67969 0.495971
10905.55957 0.496002
10906.45020 0.496033
10907.33008 0.496064
10908.21973 0.496095
10909.09961 0.496126
10909.99023 0.496157
10910.87012 0.496188
10911.75977 0.496219
10912.63965 0.49625
10913.53027 0.496281
10914.41016 0.496312
10915.29980 0.496344
10916.17969 0.496375
10917.07031 0.496406
10917.95020 0.496437
10918.83984 0.496468
10919.73047 0.496499
10920.61035 0.496531
10921.50000 0.496563
10922.37988 0.496594
10923.26953 0.496613
10924.16016 0.496604
10925.04004 0.496595
10925.92969 0.496586
10926.80957 0.496577
10927.70020 0.496569
10928.58984 0.49656
10929.46973 0.496551
10930.36035 0.496542
10931.25000 0.496533
10932.12988 0.496525
10933.01953 0.496516
10933.91016 0.496508
10934.79004 0.496499
10935.67969 0.496491
10936.57031 0.496482
10937.45996 0.496473
10938.33984 0.496464
10939.23047 0.496456
10940.12012 0.496447
10941.00977 0.496439
10941.88965 0.496431
10942.78027 0.496422
10943.66992 0.496402
10944.55957 0.496378
10945.44043 0.496354
10946.33008 0.49633
10947.21973 0.496306
10948.11035 0.496282
10949.00000 0.496258
10949.87988 0.496234
10950.76953 0.49621
10951.66016 0.496186
10952.54980 0.496162
10953.44043 0.496138
10954.33008 0.496114
10955.20996 0.49609
10956.09961 0.496066
10956.99023 0.496042
10957.87988 0.496019
10958.76953 0.495995
10959.66016 0.495971
10960.54980 0.495947
10961.44043 0.495924
10962.33008 0.4959
10963.21973 0.495869
10964.11035 0.495816
10965.00000 0.495764
10965.87988 0.495711
10966.76953 0.495658
10967.66016 0.495605
10968.54980 0.495552
10969.44043 0.495499
10970.33008 0.49546
10971.21973 0.495445
10972.11035 0.495431
10973.00000 0.495416
10973.88965 0.495401
10974.78027 0.495387
10975.66992 0.495372
10976.55957 0.495357
10977.45996 0.495342
10978.34961 0.495327
10979.24023 0.495312
10980.12988 0.495292
10981.01953 0.49524
10981.91016 0.495187
10982.79980 0.495135
10983.69043 0.495115
10984.58008 0.495106
10985.46973 0.495096
10986.36035 0.495087
10987.25000 0.495078
10988.15039 0.495068
10989.04004 0.495059
10989.92969 0.495049
10990.82031 0.495032
10991.70996 0.495014
10992.59961 0.494996
10993.50000 0.494978
10994.38965 0.49496
10995.28027 0.494941
10996.16992 0.494923
10997.05957 0.494905
10997.95996 0.494887
10998.84961 0.494869
10999.74023 0.494851
11000.62988 0.494837
11001.51953 0.494824
11002.41992 0.494811
11003.30957 0.494799
11004.20020 0.494789
11005.08984 0.494778
11005.99023 0.494768
11006.87988 0.494757
11007.76953 0.494747
11008.66992 0.494736
11009.55957 0.494726
11010.45020 0.494715
11011.34961 0.494705
11012.24023 0.494694
11013.12988 0.494684
11014.03027 0.494673
11014.91992 0.494663
11015.80957 0.494652
11016.70996 0.494642
11017.59961 0.494631
11018.49023 0.494621
11019.38965 0.49461
11020.28027 0.4946
11021.16992 0.494589
11022.07031 0.494578
11022.95996 0.494568
11023.86035 0.494527
11024.75000 0.494485
11025.65039 0.494443
11026.54004 0.4944
11027.44043 0.494358
11028.33008 0.494316
11029.21973 0.494273
11030.12012 0.494231
11031.00977 0.494188
11031.91016 0.494146
11032.79980 0.494103
11033.70020 0.494061
11034.58984 0.494018
11035.49023 0.493976
11036.37988 0.493934
11037.28027 0.493891
11038.16992 0.493849
11039.07031 0.493806
11039.96973 0.493764
11040.86035 0.493721
11041.75977 0.493679
11042.65039 0.493636
11043.54980 0.49357
11044.44043 0.493486
11045.33984 0.493402
11046.24023 0.493319
11047.12988 0.493235
11048.03027 0.493152
11048.91992 0.493068
11049.82031 0.492984
11050.71973 0.492901
11051.61035 0.492817
11052.50977 0.492733
11053.41016 0.492649
11054.29980 0.492566
11055.20020 0.492482
11056.09961 0.492398
11056.99023 0.492314
11057.88965 0.492231
11058.79004 0.492147
11059.69043 0.492063
11060.58008 0.492004
11061.48047 0.491958
11062.37988 0.491912
11063.26953 0.491854
11064.16992 0.491762
11065.07031 0.49167
11065.96973 0.491578
11066.87012 0.491486
11067.75977 0.491395
11068.66016 0.491302
11069.55957 0.49121
11070.45996 0.491099
11071.34961 0.490969
11072.25000 0.490839
11073.15039 0.49071
11074.04980 0.49058
11074.95020 0.49045
11075.84961 0.49032
11076.75000 0.49019
11077.63965 0.49006
11078.54004 0.48993
11079.44043 0.4898
11080.33984 0.48967
11081.24023 0.48954
11082.13965 0.48941
11083.04004 0.489279
11083.94043 0.489108
11084.83008 0.488937
11085.73047 0.488765
11086.62988 0.488594
11087.53027 0.488422
11088.42969 0.488251
11089.33008 0.488079
11090.23047 0.487908
11091.12988 0.487736
11092.03027 0.487564
11092.92969 0.487393
11093.83008 0.487221
11094.73047 0.48705
11095.62988 0.486878
11096.53027 0.486706
11097.42969 0.486534
11098.33008 0.486363
11099.23047 0.486191
11100.12988 0.486019
11101.03027 0.485847
11101.92969 0.485675
11102.83008 0.485503
11103.73047 0.485342
11104.62988 0.485184
11105.54004 0.485025
11106.44043 0.484867
11107.33984 0.484709
11108.24023 0.484551
11109.13965 0.484392
11110.04004 0.484234
11110.94043 0.484076
11111.83984 0.483918
11112.74023 0.483759
11113.65039 0.483601
11114.54980 0.483442
11115.45020 0.483284
11116.34961 0.483125
11117.25000 0.482967
11118.15039 0.482808
11119.05957 0.48265
11119.95996 0.482491
11120.86035 0.482333
11121.75977 0.482174
11122.66992 0.482015
11123.57031 0.481862
11124.46973 0.481713
11125.37012 0.481563
11126.26953 0.481414
11127.17969 0.481264
11128.08008 0.481115
11128.98047 0.480965
11129.88965 0.480816
11130.79004 0.480666
11131.69043 0.480516
11132.58984 0.480367
11133.50000 0.480217
11134.40039 0.480067
11135.29980 0.479918
11136.20996 0.479768
11137.11035 0.479618
11138.00977 0.479469
11138.91992 0.479319
11139.82031 0.479169
11140.71973 0.479049
11141.62988 0.478936
11142.53027 0.478823
11143.44043 0.478724
11144.33984 0.478644
11145.24023 0.478563
11146.15039 0.478483
11147.04980 0.478402
11147.95996 0.478322
11148.86035 0.478241
11149.76953 0.47816
11150.66992 0.478052
11151.58008 0.477934
11152.48047 0.477816
11153.37988 0.477699
11154.29004 0.477581
11155.19043 0.477463
11156.09961 0.477345
11157.00000 0.477227
11157.91016 0.477109
11158.80957 0.476991
11159.71973 0.476873
11160.62012 0.476755
11161.53027 0.476637
11162.44043 0.476519
11163.33984 0.476418
11164.25000 0.476353
11165.15039 0.476289
11166.05957 0.476224
11166.95996 0.476159
11167.87012 0.476094
11168.78027 0.47603
11169.67969 0.475965
11170.58984 0.4759
11171.49023 0.475835
11172.40039 0.47577
11173.30957 0.475706
11174.20996 0.475641
11175.12012 0.475576
11176.03027 0.475511
11176.92969 0.475446
11177.83984 0.475382
11178.75000 0.475317
11179.65039 0.475252
11180.55957 0.475187
11181.46973 0.475122
11182.37012 0.475057
11183.28027 0.475004
11184.19043 0.474988
11185.09961 0.474972
11186.00000 0.474956
11186.91016 0.47494
11187.82031 0.474924
11188.73047 0.474907
11189.62988 0.474891
11190.54004 0.474875
11191.45020 0.474859
11192.36035 0.474843
11193.25977 0.474827
11194.16992 0.474811
11195.08008 0.474794
11195.99023 0.474778
11196.90039 0.474762
11197.80957 0.474746
11198.70996 0.47473
11199.62012 0.474714
11200.53027 0.47472
11201.44043 0.474743
11202.34961 0.474766
11203.25977 0.474801
11204.16992 0.474877
11205.07031 0.474954
11205.98047 0.475031
11206.88965 0.475107
11207.79980 0.475184
11208.70996 0.475261
11209.62012 0.475337
11210.53027 0.475393
11211.44043 0.475432
11212.34961 0.475472
11213.25977 0.475512
11214.16992 0.475552
11215.08008 0.475592
11215.99023 0.475631
11216.90039 0.475671
11217.80957 0.475711
11218.71973 0.475751
11219.62988 0.475791
11220.54004 0.47583
11221.45020 0.47587
11222.36035 0.47591
11223.26953 0.475962
11224.17969 0.476058
11225.08984 0.476154
11226.00000 0.47625
11226.91016 0.476345
11227.82031 0.476442
11228.73047 0.476538
11229.63965 0.476634
11230.54980 0.47673
11231.45996 0.476826
11232.37988 0.476922
11233.29004 0.477018
11234.20020 0.477114
11235.11035 0.47721
11236.01953 0.477306
11236.92969 0.477402
11237.83984 0.477498
11238.75977 0.477594
11239.66992 0.477691
11240.58008 0.477787
11241.49023 0.477883
11242.40039 0.477979
11243.32031 0.478081
11244.23047 0.478201
11245.13965 0.478321
11246.04980 0.478441
11246.95996 0.47856
11247.87988 0.47868
11248.79004 0.4788
11249.70020 0.478919
11250.61035 0.47904
11251.53027 0.479159
11252.44043 0.479279
11253.34961 0.479399
11254.26953 0.479519
11255.17969 0.479639
11256.08984 0.479759
11257.00000 0.479878
11257.91992 0.479998
11258.83008 0.480118
11259.74023 0.480238
11260.66016 0.480358
11261.57031 0.480478
11262.48047 0.480598
11263.40039 0.480713
11264.30957 0.480816
11265.23047 0.48092
11266.13965 0.481023
11267.04980 0.481127
11267.96973 0.481231
11268.87988 0.481334
11269.79980 0.481438
11270.70996 0.481571
11271.62012 0.481713
11272.54004 0.481854
11273.45020 0.481996
11274.37012 0.482137
11275.28027 0.482279
11276.20020 0.48242
11277.11035 0.482562
11278.03027 0.482704
11278.94043 0.482845
11279.86035 0.482987
11280.76953 0.483097
11281.69043 0.483201
11282.59961 0.483305
11283.51953 0.483428
11284.42969 0.483572
11285.34961 0.483716
11286.25977 0.48386
11287.17969 0.484004
11288.08984 0.484148
11289.00977 0.484293
11289.92969 0.484437
11290.83984 0.484581
11291.75977 0.484725
11292.66992 0.48487
11293.58984 0.485014
11294.50977 0.485158
11295.41992 0.485303
11296.33984 0.485447
11297.25000 0.485591
11298.16992 0.485736
11299.08984 0.48588
11300.00000 0.486025
11300.91992 0.486169
11301.83984 0.486314
11302.75000 0.486458
11303.66992 0.486582
11304.58984 0.486693
11305.50977 0.486805
11306.41992 0.486916
11307.33984 0.487028
11308.25977 0.487139
11309.16992 0.487251
11310.08984 0.487362
11311.00977 0.487474
11311.92969 0.487586
11312.84961 0.487698
11313.75977 0.487809
11314.67969 0.487921
11315.59961 0.488032
11316.51953 0.488144
11317.42969 0.488256
11318.34961 0.488367
11319.26953 0.488479
11320.19043 0.488591
11321.11035 0.488702
11322.03027 0.488814
11322.94043 0.488926
11323.86035 0.488983
11324.78027 0.489028
11325.70020 0.489074
11326.62012 0.489119
11327.54004 0.489165
11328.45996 0.48921
11329.37988 0.489256
11330.29004 0.489314
11331.20996 0.489397
11332.12988 0.489481
11333.04980 0.489565
11333.96973 0.48965
11334.88965 0.489733
11335.80957 0.489818
11336.73047 0.489902
11337.65039 0.489986
11338.57031 0.49007
11339.49023 0.490154
11340.41016 0.490221
11341.33008 0.490267
11342.25000 0.490312
11343.16992 0.490359
11344.08984 0.490426
11345.00977 0.490493
11345.92969 0.49056
11346.84961 0.490627
11347.76953 0.490694
11348.69043 0.490762
11349.61035 0.490829
11350.53027 0.490896
11351.45020 0.490963
11352.37012 0.49103
11353.29980 0.491097
11354.21973 0.491164
11355.13965 0.491231
11356.05957 0.491299
11356.98047 0.491366
11357.90039 0.491433
11358.82031 0.4915
11359.74023 0.491567
11360.66992 0.491634
11361.58984 0.491702
11362.50977 0.491769
11363.42969 0.491839
11364.34961 0.491916
11365.26953 0.491993
11366.20020 0.49207
11367.12012 0.492147
11368.04004 0.492223
11368.95996 0.4923
11369.88965 0.492377
11370.80957 0.492454
11371.73047 0.492531
11372.65039 0.492607
11373.58008 0.492684
11374.50000 0.492761
11375.41992 0.492838
11376.33984 0.492915
11377.26953 0.492992
11378.19043 0.493069
11379.11035 0.493146
11380.04004 0.493224
11380.95996 0.49334
11381.87988 0.493456
11382.79980 0.493572
11383.73047 0.493679
11384.65039 0.49378
11385.58008 0.493882
11386.50000 0.493984
11387.41992 0.494085
11388.34961 0.494187
11389.26953 0.494289
11390.19043 0.494382
11391.12012 0.494445
11392.04004 0.494508
11392.96973 0.494571
11393.88965 0.494634
11394.82031 0.494696
11395.74023 0.494759
11396.66016 0.494822
11397.58984 0.494885
11398.50977 0.494948
11399.44043 0.495011
11400.36035 0.495075
11401.29004 0.495141
11402.20996 0.495207
11403.13965 0.495273
11404.05957 0.495323
11404.99023 0.495372
11405.91016 0.495421
11406.83984 0.495471
11407.75977 0.49552
11408.69043 0.49557
11409.61035 0.495619
11410.54004 0.495669
11411.46973 0.495718
11412.38965 0.495768
11413.32031 0.495817
11414.24023 0.495867
11415.16992 0.495916
11416.08984 0.495966
11417.01953 0.496015
11417.95020 0.496065
11418.87012 0.496115
11419.79980 0.496164
11420.73047 0.496214
