threeML/data/optical_filters/HST/WFC3_UVIS1-F225W.ecsv
# %ECSV 0.9
# ---
# datatype:
# - {name: wavelength, unit: Angstrom, datatype: float32}
# - {name: response, datatype: float32}
# meta: !!omap
# - {band_name: F225W}
# - {group_name: WFC3_UVIS1}
wavelength response
[from data line 1608]
2619.72803 0.034493
2620.17700 0.034376
2620.62500 0.034259
2621.07300 0.034142
2621.52197 0.034024
2621.96997 0.033907
2622.41895 0.03379
2622.86694 0.033673
2623.31592 0.033556
2623.76489 0.033439
2624.21411 0.033322
2624.66309 0.033205
2625.11206 0.033088
2625.56104 0.032972
2626.01001 0.032855
2626.45996 0.032738
2626.90894 0.032622
2627.35889 0.032506
2627.80811 0.032389
2628.25806 0.032273
2628.70703 0.032157
2629.15698 0.032041
2629.60693 0.031925
2630.05688 0.031809
2630.50708 0.031694
2630.95703 0.03158
2631.40698 0.031467
2631.85693 0.031353
2632.30811 0.03124
2632.75806 0.031127
2633.20801 0.031014
2633.65894 0.030901
2634.11011 0.030788
2634.56006 0.030675
2635.01099 0.030562
2635.46191 0.030449
2635.91309 0.030337
2636.36401 0.030224
2636.81494 0.030112
2637.26611 0.029999
2637.71704 0.029887
2638.16797 0.029775
2638.62012 0.029662
2639.07104 0.02955
2639.52295 0.029438
2639.97412 0.029326
2640.42603 0.029213
2640.87793 0.029101
2641.33008 0.028992
2641.78198 0.028882
2642.23389 0.028773
2642.68604 0.028664
2643.13794 0.028555
2643.59009 0.028446
2644.04199 0.028337
2644.49512 0.028229
2644.94702 0.02812
2645.39990 0.028011
2645.85205 0.027903
2646.30493 0.027794
2646.75806 0.027686
2647.21094 0.027578
2647.66406 0.02747
2648.11694 0.027361
2648.57007 0.027253
2649.02295 0.027146
2649.47607 0.027038
2649.92896 0.02693
2650.38306 0.026823
2650.83594 0.026717
2651.29004 0.026616
2651.74292 0.026516
2652.19702 0.026415
2652.65088 0.026314
2653.10498 0.026213
2653.55908 0.026113
2654.01294 0.026012
2654.46704 0.025912
2654.92090 0.025812
2655.37500 0.025711
2655.83008 0.025611
2656.28394 0.025511
2656.73804 0.025411
2657.19312 0.025311
2657.64697 0.025211
2658.10205 0.025111
2658.55688 0.025011
2659.01196 0.024911
2659.46704 0.024812
2659.92212 0.024712
2660.37695 0.024613
2660.83203 0.024514
2661.28711 0.024418
2661.74292 0.024322
2662.19800 0.024225
2662.65405 0.02413
2663.10889 0.024034
2663.56494 0.023938
2664.02100 0.023842
2664.47607 0.023747
2664.93188 0.023651
2665.38794 0.023556
2665.84399 0.02346
2666.30005 0.023365
2666.75708 0.023269
2667.21289 0.023174
2667.66895 0.023079
2668.12500 0.022984
2668.58203 0.022889
2669.03906 0.022794
2669.49512 0.022699
2669.95190 0.022604
2670.40894 0.022509
2670.86597 0.022413
2671.32300 0.022319
2671.78003 0.022225
2672.23706 0.022131
2672.69409 0.022036
2673.15088 0.021942
2673.60889 0.021848
2674.06592 0.021754
2674.52393 0.02166
2674.98096 0.021567
2675.43896 0.021473
2675.89697 0.021379
2676.35400 0.021286
2676.81201 0.021192
2677.27100 0.021099
2677.72900 0.021006
2678.18701 0.020912
2678.64502 0.020819
2679.10303 0.020726
2679.56201 0.020633
2680.02002 0.02054
2680.47900 0.020448
2680.93701 0.020357
2681.39600 0.020268
2681.85498 0.020179
2682.31299 0.02009
2682.77197 0.020002
2683.23096 0.019913
2683.68994 0.019824
2684.14990 0.019735
2684.60889 0.019647
2685.06812 0.019558
2685.52808 0.01947
2685.98706 0.019382
2686.44702 0.019293
2686.90601 0.019205
2687.36597 0.019117
2687.82593 0.019029
2688.28589 0.018941
2688.74609 0.018853
2689.20605 0.018765
2689.66602 0.018677
2690.12598 0.01859
2690.58594 0.018502
2691.04712 0.018417
2691.50708 0.018335
2691.96802 0.018253
2692.42798 0.018171
2692.88892 0.018089
2693.34912 0.018007
2693.81006 0.017925
2694.27100 0.017843
2694.73193 0.017761
2695.19312 0.017679
2695.65405 0.017598
2696.11499 0.017516
2696.57690 0.017434
2697.03809 0.017353
2697.50000 0.017272
2697.96094 0.01719
2698.42310 0.017109
2698.88501 0.017028
2699.34595 0.016947
2699.80811 0.016866
2700.27002 0.01679
2700.73193 0.016718
2701.19409 0.01665
2701.65601 0.016583
2702.11792 0.016517
2702.58105 0.01645
2703.04297 0.016383
2703.50610 0.016316
2703.96802 0.01625
2704.43091 0.016183
2704.89404 0.016116
2705.35596 0.016049
2705.81909 0.015983
2706.28198 0.015916
2706.74512 0.015849
2707.20801 0.015782
2707.67212 0.015716
2708.13501 0.015649
2708.59790 0.015582
2709.06201 0.015515
2709.52490 0.015448
2709.98901 0.015382
2710.45190 0.015315
2710.91602 0.01525
2711.37988 0.015187
2711.84399 0.015125
2712.30811 0.015062
2712.77197 0.014999
2713.23608 0.014936
2713.69995 0.014873
2714.16504 0.014811
2714.62891 0.014748
2715.09302 0.014685
2715.55811 0.014622
2716.02197 0.014559
2716.48706 0.014496
2716.95190 0.014433
2717.41699 0.01437
2717.88208 0.014308
2718.34692 0.014245
2718.81201 0.014182
2719.27710 0.014119
2719.74194 0.014056
2720.20801 0.013993
2720.67310 0.01393
2721.13794 0.013871
2721.60400 0.013813
2722.07007 0.013754
2722.53491 0.013696
2723.00098 0.013638
2723.46704 0.01358
2723.93311 0.013522
2724.39893 0.013464
2724.86499 0.013406
2725.33203 0.013348
2725.79810 0.01329
2726.26392 0.013232
2726.73096 0.013174
2727.19702 0.013116
2727.66406 0.013058
2728.12988 0.012999
2728.59692 0.012941
2729.06396 0.012883
2729.53101 0.012825
2729.99805 0.012767
2730.46509 0.012708
2730.93188 0.01265
2731.39990 0.012593
2731.86694 0.012536
2732.33398 0.012479
2732.80200 0.012422
2733.26904 0.012365
2733.73706 0.012308
2734.20508 0.012251
2734.67310 0.012194
2735.13989 0.012137
2735.60791 0.01208
2736.07593 0.012023
2736.54395 0.011966
2737.01294 0.011909
2737.48096 0.011852
2737.94897 0.011795
2738.41797 0.011738
2738.88599 0.011681
2739.35498 0.011624
2739.82397 0.011566
2740.29199 0.01151
2740.76099 0.011453
2741.22998 0.011402
2741.69897 0.01135
2742.16797 0.011299
2742.63696 0.011248
2743.10693 0.011197
2743.57593 0.011146
2744.04492 0.011095
2744.51489 0.011043
2744.98511 0.010992
2745.45410 0.010941
2745.92407 0.01089
2746.39404 0.010839
2746.86401 0.010788
2747.33398 0.010736
2747.80396 0.010685
2748.27393 0.010634
2748.74390 0.010583
2749.21411 0.010531
2749.68506 0.01048
2750.15503 0.010429
2750.62598 0.010377
2751.09595 0.010325
2751.56689 0.010272
2752.03809 0.010219
2752.50903 0.010167
2752.97900 0.010114
2753.45093 0.010061
2753.92212 0.010008
2754.39307 0.009956
2754.86401 0.009903
2755.33496 0.00985
2755.80688 0.009797
2756.27808 0.009745
2756.75000 0.009692
2757.22192 0.009639
2757.69312 0.009586
2758.16504 0.009534
2758.63696 0.009481
2759.10889 0.009428
2759.58105 0.009375
2760.05298 0.009322
2760.52588 0.00927
2760.99805 0.00922
2761.46997 0.009173
2761.94312 0.009127
2762.41504 0.00908
2762.88794 0.009034
2763.36108 0.008987
2763.83301 0.008941
2764.30591 0.008894
2764.77905 0.008847
2765.25195 0.008801
2765.72510 0.008754
2766.19897 0.008708
2766.67212 0.008661
2767.14502 0.008614
2767.61890 0.008568
2768.09204 0.008521
2768.56592 0.008475
2769.04004 0.008428
2769.51294 0.008381
2769.98706 0.008335
2770.46094 0.008288
2770.93506 0.008244
2771.40894 0.00821
2771.88306 0.008175
2772.35791 0.008141
2772.83203 0.008106
2773.30591 0.008071
2773.78101 0.008037
2774.25488 0.008002
2774.72998 0.007968
2775.20508 0.007933
2775.67993 0.007899
2776.15503 0.007864
2776.62988 0.007829
2777.10498 0.007795
2777.58008 0.00776
2778.05493 0.007725
2778.53003 0.007691
2779.00610 0.007656
2779.48096 0.007622
2779.95703 0.007587
2780.43188 0.007552
2780.90796 0.007517
2781.38403 0.007484
2781.86011 0.00745
2782.33594 0.007416
2782.81201 0.007382
2783.28809 0.007349
2783.76392 0.007315
2784.23999 0.007281
2784.71704 0.007247
2785.19312 0.007213
2785.66992 0.00718
2786.14600 0.007146
2786.62305 0.007112
2787.10010 0.007078
2787.57690 0.007045
2788.05396 0.007011
2788.53101 0.006977
2789.00806 0.006943
2789.48511 0.00691
2789.96191 0.006876
2790.43896 0.006842
2790.91699 0.006808
2791.39502 0.006771
2791.87207 0.006734
2792.35010 0.006696
2792.82690 0.006659
2793.30493 0.006622
2793.78296 0.006585
2794.26099 0.006547
2794.73901 0.00651
2795.21802 0.006473
2795.69604 0.006436
2796.17407 0.006398
2796.65308 0.006361
2797.13110 0.006324
2797.61011 0.006286
2798.08789 0.006249
2798.56689 0.006212
2799.04590 0.006175
2799.52490 0.006137
2800.00391 0.0061
2800.48291 0.006064
2800.96191 0.006031
2801.44092 0.006004
2801.91992 0.005978
2802.39990 0.005951
2802.87891 0.005925
2803.35889 0.005898
2803.83789 0.005872
2804.31812 0.005845
2804.79810 0.005818
2805.27808 0.005792
2805.75806 0.005765
2806.23804 0.005739
2806.71802 0.005712
2807.19800 0.005685
2807.67798 0.005659
2808.15894 0.005632
2808.63892 0.005605
2809.12012 0.005578
2809.60107 0.005551
2810.08105 0.005525
2810.56201 0.005498
2811.04297 0.005468
2811.52393 0.005435
2812.00488 0.005401
2812.48608 0.005368
2812.96704 0.005335
2813.44800 0.005302
2813.92993 0.005268
2814.41089 0.005235
2814.89307 0.005202
2815.37500 0.005168
2815.85596 0.005135
2816.33789 0.005102
2816.82007 0.005068
2817.30200 0.005035
2817.78394 0.005001
2818.26611 0.004968
2818.74805 0.004935
2819.22998 0.004901
2819.71289 0.004868
2820.19507 0.004834
2820.67798 0.004801
2821.15991 0.00477
2821.64307 0.004741
2822.12598 0.004712
2822.60889 0.004683
2823.09204 0.004653
2823.57397 0.004624
2824.05811 0.004595
2824.54102 0.004566
2825.02393 0.004536
2825.50708 0.004507
2825.99097 0.004478
2826.47412 0.004448
2826.95801 0.004419
2827.44189 0.004389
2827.92505 0.00436
2828.40894 0.00433
2828.89307 0.004301
2829.37695 0.004271
2829.86108 0.004242
2830.34497 0.004212
2830.83008 0.004182
2831.31396 0.004174
2831.79810 0.004166
2832.28296 0.004158
2832.76807 0.00415
2833.25195 0.004142
2833.73706 0.004134
2834.22192 0.004126
2834.70703 0.004118
2835.19189 0.00411
2835.67700 0.004102
2836.16211 0.004094
2836.64697 0.004086
2837.13306 0.004078
2837.61792 0.00407
2838.10400 0.004062
2838.58911 0.004054
2839.07495 0.004046
2839.56104 0.004038
2840.04590 0.00403
2840.53198 0.004022
2841.01807 0.004008
2841.50391 0.003984
2841.98999 0.00396
2842.47705 0.003936
2842.96289 0.003911
2843.44897 0.003887
2843.93604 0.003863
2844.42310 0.003839
2844.90894 0.003815
2845.39600 0.00379
2845.88306 0.003766
2846.37012 0.003742
2846.85693 0.003718
2847.34399 0.003693
2847.83105 0.003669
2848.31812 0.003645
2848.80493 0.00362
2849.29297 0.003596
2849.78101 0.003572
2850.26807 0.003547
2850.75610 0.003523
2851.24292 0.00351
2851.73096 0.003501
2852.21899 0.003491
2852.70703 0.003481
2853.19507 0.003471
2853.68311 0.003461
2854.17212 0.003451
2854.65991 0.003441
2855.14795 0.003431
2855.63696 0.003421
2856.12500 0.003411
2856.61401 0.003401
2857.10303 0.003391
2857.59204 0.003381
2858.08105 0.003371
2858.57007 0.003361
2859.05908 0.003351
2859.54810 0.003341
2860.03711 0.003331
2860.52710 0.003321
2861.01611 0.003302
2861.50488 0.003269
2861.99512 0.003236
2862.48511 0.003203
2862.97412 0.003169
2863.46411 0.003136
2863.95410 0.003102
2864.44409 0.003069
2864.93408 0.003036
2865.42505 0.003002
2865.91504 0.002969
2866.40503 0.002935
2866.89600 0.002902
2867.38599 0.002869
2867.87695 0.002835
2868.36694 0.002802
2868.85791 0.002768
2869.34912 0.002735
2869.84009 0.002701
2870.33105 0.002668
2870.82202 0.002634
2871.31299 0.002621
2871.80396 0.00261
2872.29590 0.002598
2872.78711 0.002586
2873.27905 0.002574
2873.77002 0.002562
2874.26196 0.002551
2874.75391 0.002539
2875.24609 0.002527
2875.73804 0.002515
2876.22900 0.002503
2876.72192 0.002491
2877.21411 0.002479
2877.70605 0.002468
2878.19800 0.002456
2878.69092 0.002444
2879.18408 0.002432
2879.67603 0.00242
2880.16895 0.002408
2880.66211 0.002396
2881.15503 0.002383
2881.64697 0.002371
2882.13989 0.002358
2882.63403 0.002345
2883.12695 0.002332
2883.62012 0.002319
2884.11401 0.002306
2884.60693 0.002293
2885.10010 0.00228
2885.59399 0.002268
2886.08789 0.002255
2886.58203 0.002242
2887.07495 0.002229
2887.56909 0.002216
2888.06299 0.002203
2888.55811 0.00219
2889.05200 0.002177
2889.54590 0.002164
2890.04102 0.002151
2890.53491 0.002138
2891.03003 0.002127
2891.52393 0.002117
2892.01904 0.002107
2892.51392 0.002097
2893.00903 0.002087
2893.50293 0.002077
2893.99902 0.002067
2894.49390 0.002058
2894.98901 0.002048
2895.48389 0.002038
2895.97998 0.002028
2896.47510 0.002018
2896.97095 0.002008
2897.46606 0.001998
2897.96191 0.001988
2898.45801 0.001978
2898.95410 0.001969
2899.44995 0.001959
2899.94604 0.001949
2900.44189 0.001939
2900.93799 0.00193
2901.43506 0.001921
2901.93091 0.001912
2902.42798 0.001903
2902.92407 0.001894
2903.42090 0.001885
2903.91797 0.001876
2904.41504 0.001867
2904.91089 0.001858
2905.40796 0.001849
2905.90601 0.00184
2906.40308 0.00183
2906.89990 0.001821
2907.39697 0.001812
2907.89502 0.001803
2908.39209 0.001794
2908.88989 0.001785
2909.38794 0.001776
2909.88501 0.001767
2910.38306 0.001758
2910.88110 0.001748
2911.37891 0.001741
2911.87695 0.001734
2912.37500 0.001727
2912.87402 0.00172
2913.37207 0.001712
2913.87109 0.001705
2914.36890 0.001698
2914.86792 0.001691
2915.36694 0.001684
2915.86499 0.001676
2916.36401 0.001669
2916.86304 0.001662
2917.36206 0.001655
2917.86206 0.001647
2918.36108 0.00164
2918.86011 0.001633
2919.35889 0.001625
2919.85889 0.001618
2920.35791 0.001611
2920.85791 0.001604
2921.35791 0.001593
2921.85791 0.001583
2922.35791 0.001572
2922.85791 0.001562
2923.35791 0.001551
2923.85791 0.001541
2924.35791 0.00153
2924.85791 0.00152
2925.35889 0.001509
2925.85889 0.001499
2926.36011 0.001488
2926.86108 0.001478
2927.36206 0.001467
2927.86206 0.001457
2928.36304 0.001446
2928.86401 0.001436
2929.36499 0.001425
2929.86694 0.001414
2930.36792 0.001404
2930.86890 0.001393
2931.37109 0.001387
2931.87207 0.001382
2932.37402 0.001376
2932.87500 0.00137
2933.37695 0.001364
2933.87891 0.001358
2934.38110 0.001353
2934.88306 0.001347
2935.38501 0.001341
2935.88794 0.001335
2936.38989 0.001329
2936.89209 0.001324
2937.39502 0.001318
2937.89697 0.001312
2938.39990 0.001306
2938.90308 0.0013
2939.40601 0.001294
2939.90894 0.001288
2940.41211 0.001283
2940.91504 0.001277
2941.41797 0.001274
2941.92090 0.001271
2942.42505 0.001268
2942.92798 0.001264
2943.43091 0.001261
2943.93506 0.001258
2944.43896 0.001255
2944.94312 0.001252
2945.44604 0.001248
2945.94995 0.001245
2946.45410 0.001242
2946.95801 0.001239
2947.46289 0.001235
2947.96704 0.001232
2948.47095 0.001229
2948.97607 0.001226
2949.47998 0.001223
2949.98511 0.001219
2950.48999 0.001216
2950.99512 0.001212
2951.50000 0.001206
2952.00391 0.001199
2952.51001 0.001193
2953.01489 0.001187
2953.52002 0.00118
2954.02490 0.001174
2954.53101 0.001167
2955.03589 0.001161
2955.54199 0.001155
2956.04712 0.001148
2956.55298 0.001142
2957.05908 0.001136
2957.56494 0.001129
2958.07104 0.001123
2958.57690 0.001116
2959.08301 0.00111
2959.59009 0.001103
2960.09595 0.001097
2960.60303 0.00109
2961.10889 0.001084
2961.61597 0.001078
2962.12207 0.001072
2962.62891 0.001066
2963.13599 0.00106
2963.64307 0.001054
2964.14990 0.001048
2964.65698 0.001042
2965.16504 0.001036
2965.67212 0.001029
2966.17896 0.001023
2966.68701 0.001017
2967.19409 0.001011
2967.70190 0.001005
2968.20996 0.000999
2968.71802 0.000993
2969.22607 0.000987
2969.73291 0.00098
2970.24194 0.000974
2970.75000 0.000968
2971.25806 0.000962
2971.76611 0.000955
2972.27490 0.000948
2972.78296 0.000941
2973.29199 0.000934
2973.80103 0.000927
2974.31006 0.00092
2974.81812 0.000913
2975.32690 0.000906
2975.83594 0.000899
2976.34595 0.000893
2976.85498 0.000886
2977.36401 0.000879
2977.87402 0.000872
2978.38306 0.000865
2978.89307 0.000858
2979.40210 0.000851
2979.91211 0.000844
2980.42212 0.000837
2980.93188 0.00083
2981.44189 0.000827
2981.95190 0.000823
2982.46191 0.00082
2982.97192 0.000817
2983.48291 0.000813
2983.99292 0.00081
2984.50391 0.000806
2985.01392 0.000803
2985.52490 0.000799
2986.03589 0.000796
2986.54712 0.000792
2987.05811 0.000789
2987.56909 0.000786
2988.08008 0.000782
2988.59106 0.000779
2989.10303 0.000775
2989.61401 0.000772
2990.12598 0.000768
2990.63696 0.000765
2991.14893 0.000762
2991.66089 0.000761
2992.17310 0.00076
2992.68506 0.000758
2993.19702 0.000757
2993.70898 0.000755
2994.22095 0.000754
2994.73291 0.000752
2995.24609 0.000751
2995.75806 0.00075
2996.27100 0.000748
2996.78296 0.000747
2997.29590 0.000745
2997.80908 0.000744
2998.32202 0.000742
2998.83496 0.000741
2999.34790 0.000739
2999.86108 0.000738
3000.37402 0.000736
3000.88696 0.000734
3001.40088 0.000729
3001.91504 0.000723
3002.42798 0.000717
3002.94189 0.000711
3003.45605 0.000706
3003.96899 0.0007
3004.48291 0.000694
3004.99805 0.000688
