threeML/data/optical_filters/HST/WFC3_IR-G141.ecsv
# %ECSV 0.9
# ---
# datatype:
# - {name: wavelength, unit: Angstrom, datatype: float32}
# - {name: response, datatype: float32}
# meta: !!omap
# - {band_name: G141}
# - {group_name: WFC3_IR}
wavelength response
[from data line 3832]
12640.99023 0.407129
12641.75977 0.407234
12642.54004 0.407339
12643.30957 0.407444
12644.08984 0.407549
12644.86035 0.407654
12645.63965 0.407759
12646.41016 0.407864
12647.19043 0.407969
12647.95996 0.408074
12648.74023 0.408179
12649.50977 0.408284
12650.29004 0.40838
12651.05957 0.408459
12651.83984 0.408538
12652.62012 0.408616
12653.38965 0.408695
12654.16992 0.408774
12654.94043 0.408853
12655.71973 0.408932
12656.49023 0.409011
12657.26953 0.409089
12658.04004 0.409168
12658.82031 0.409247
12659.59961 0.409326
12660.37012 0.409405
12661.15039 0.409484
12661.91992 0.409563
12662.70020 0.409642
12663.48047 0.409721
12664.25000 0.4098
12665.03027 0.409879
12665.79980 0.409957
12666.58008 0.410037
12667.36035 0.410116
12668.12988 0.410195
12668.91016 0.410273
12669.69043 0.410352
12670.45996 0.410431
12671.24023 0.41051
12672.01953 0.410589
12672.79004 0.410668
12673.57031 0.410747
12674.34961 0.410826
12675.12012 0.410905
12675.90039 0.410984
12676.67969 0.411064
12677.45020 0.411143
12678.23047 0.411222
12679.00977 0.411301
12679.79004 0.41138
12680.55957 0.411478
12681.33984 0.411584
12682.12012 0.411689
12682.88965 0.411795
12683.66992 0.411901
12684.45020 0.412007
12685.23047 0.412113
12686.00000 0.412218
12686.78027 0.412324
12687.55957 0.41243
12688.33984 0.412536
12689.12012 0.412642
12689.88965 0.412748
12690.66992 0.412831
12691.45020 0.41291
12692.23047 0.412989
12693.00000 0.413068
12693.78027 0.413148
12694.55957 0.413227
12695.33984 0.413306
12696.12012 0.413385
12696.88965 0.413465
12697.66992 0.413544
12698.45020 0.413623
12699.23047 0.413702
12700.00977 0.413782
12700.79004 0.413861
12701.55957 0.41394
12702.33984 0.41402
12703.12012 0.414099
12703.90039 0.414161
12704.67969 0.414209
12705.45996 0.414258
12706.24023 0.414306
12707.00977 0.414354
12707.79004 0.414402
12708.57031 0.41445
12709.34961 0.414498
12710.12988 0.414547
12710.91016 0.414595
12711.69043 0.414643
12712.46973 0.414691
12713.25000 0.414739
12714.03027 0.414788
12714.80957 0.414836
12715.58008 0.414884
12716.36035 0.414932
12717.13965 0.414981
12717.91992 0.415029
12718.70020 0.415077
12719.48047 0.415125
12720.25977 0.415182
12721.04004 0.415258
12721.82031 0.415333
12722.59961 0.415408
12723.37988 0.415483
12724.16016 0.415558
12724.94043 0.415634
12725.71973 0.415709
12726.50000 0.415784
12727.28027 0.415859
12728.05957 0.415935
12728.83984 0.41601
12729.62012 0.416085
12730.40039 0.416147
12731.17969 0.416195
12731.95996 0.416243
12732.74023 0.416292
12733.51953 0.41634
12734.29980 0.416388
12735.08008 0.416437
12735.86035 0.416485
12736.63965 0.416534
12737.41992 0.416582
12738.20996 0.41663
12738.99023 0.416679
12739.76953 0.416727
12740.54980 0.416775
12741.33008 0.416824
12742.11035 0.416872
12742.88965 0.416921
12743.66992 0.416969
12744.45020 0.417017
12745.23047 0.417066
12746.00977 0.417114
12746.79980 0.417163
12747.58008 0.417211
12748.36035 0.417259
12749.13965 0.417308
12749.91992 0.417356
12750.70020 0.417405
12751.48047 0.417453
12752.26953 0.417502
12753.04980 0.41755
12753.83008 0.417598
12754.61035 0.417647
12755.38965 0.417695
12756.16992 0.417744
12756.95996 0.417792
12757.74023 0.417841
12758.51953 0.417889
12759.29980 0.417938
12760.08008 0.417986
12760.87012 0.418034
12761.65039 0.418083
12762.42969 0.418131
12763.20996 0.41818
12764.00000 0.418229
12764.78027 0.418277
12765.55957 0.418326
12766.33984 0.418374
12767.12012 0.418422
12767.91016 0.418471
12768.69043 0.418519
12769.46973 0.418568
12770.25000 0.418625
12771.04004 0.418701
12771.82031 0.418777
12772.59961 0.418853
12773.38965 0.418928
12774.16992 0.419004
12774.95020 0.41908
12775.73047 0.419156
12776.51953 0.419232
12777.29980 0.419308
12778.08008 0.419384
12778.87012 0.419459
12779.65039 0.419536
12780.42969 0.419596
12781.21973 0.419645
12782.00000 0.419693
12782.78027 0.419742
12783.57031 0.419791
12784.34961 0.419839
12785.12988 0.419888
12785.91992 0.419937
12786.70020 0.419985
12787.49023 0.420034
12788.26953 0.420083
12789.04980 0.420131
12789.83984 0.42018
12790.62012 0.420229
12791.40039 0.420277
12792.19043 0.420326
12792.96973 0.420374
12793.75977 0.420423
12794.54004 0.420472
12795.33008 0.420521
12796.11035 0.420569
12796.88965 0.420618
12797.67969 0.420667
12798.45996 0.420715
12799.25000 0.420764
12800.03027 0.420813
12800.82031 0.420856
12801.59961 0.420899
12802.37988 0.420942
12803.16992 0.420986
12803.95020 0.421067
12804.74023 0.421175
12805.51953 0.421283
12806.30957 0.421392
12807.08984 0.421501
12807.87988 0.421609
12808.66016 0.421718
12809.45020 0.421826
12810.23047 0.421943
12811.01953 0.422079
12811.79980 0.422215
12812.58984 0.422351
12813.37988 0.422487
12814.16016 0.422623
12814.95020 0.422759
12815.73047 0.422896
12816.51953 0.423032
12817.29980 0.423168
12818.08984 0.423304
12818.87012 0.42344
12819.66016 0.423577
12820.45020 0.423698
12821.23047 0.423806
12822.01953 0.423915
12822.79980 0.424024
12823.58984 0.424132
12824.37012 0.424241
12825.16016 0.42435
12825.95020 0.424459
12826.73047 0.424567
12827.51953 0.424676
12828.29980 0.424785
12829.08984 0.424894
12829.87988 0.425002
12830.66016 0.425111
12831.45020 0.42522
12832.24023 0.425329
12833.01953 0.425438
12833.80957 0.425546
12834.59961 0.425655
12835.37988 0.425764
12836.16992 0.425873
12836.95996 0.425982
12837.74023 0.42609
12838.53027 0.426199
12839.32031 0.426308
12840.09961 0.426417
12840.88965 0.426526
12841.67969 0.426635
12842.45996 0.426743
12843.25000 0.426852
12844.04004 0.426961
12844.83008 0.42707
12845.61035 0.427179
12846.40039 0.427288
12847.19043 0.427397
12847.98047 0.427506
12848.75977 0.427615
12849.54980 0.427723
12850.33984 0.427845
12851.12988 0.427981
12851.91016 0.428119
12852.70020 0.428255
12853.49023 0.428392
12854.28027 0.428529
12855.05957 0.428666
12855.84961 0.428803
12856.63965 0.42894
12857.42969 0.429078
12858.21973 0.429215
12859.00000 0.429352
12859.79004 0.429489
12860.58008 0.429605
12861.37012 0.429714
12862.16016 0.429824
12862.95020 0.429933
12863.73047 0.430042
12864.51953 0.430151
12865.30957 0.43026
12866.09961 0.430369
12866.88965 0.430478
12867.67969 0.430587
12868.46973 0.430697
12869.25000 0.430806
12870.04004 0.430915
12870.83008 0.431024
12871.62012 0.431133
12872.41016 0.431242
12873.20020 0.431352
12873.99023 0.431461
12874.78027 0.43157
12875.57031 0.431679
12876.36035 0.431789
12877.13965 0.431898
12877.92969 0.432007
12878.71973 0.432116
12879.50977 0.432225
12880.29980 0.432335
12881.08984 0.432444
12881.87988 0.432553
12882.66992 0.432662
12883.45996 0.432772
12884.25000 0.432881
12885.04004 0.43299
12885.83008 0.4331
12886.62012 0.433209
12887.41016 0.433318
12888.20020 0.433428
12888.99023 0.433537
12889.78027 0.433646
12890.57031 0.433776
12891.36035 0.433914
12892.15039 0.434051
12892.94043 0.434189
12893.73047 0.434327
12894.51953 0.434465
12895.30957 0.434603
12896.09961 0.434741
12896.88965 0.434879
12897.67969 0.435016
12898.46973 0.435155
12899.25977 0.435293
12900.04980 0.435429
12900.83984 0.435538
12901.62988 0.435648
12902.41992 0.435757
12903.21973 0.435867
12904.00977 0.435989
12904.79980 0.436119
12905.58984 0.436249
12906.37988 0.436379
12907.16992 0.43651
12907.95996 0.43664
12908.75000 0.43677
12909.54004 0.436901
12910.33008 0.437031
12911.12988 0.437161
12911.91992 0.437291
12912.70996 0.437422
12913.50000 0.437552
12914.29004 0.437682
12915.08008 0.437812
12915.87012 0.437943
12916.66992 0.438073
12917.45996 0.438203
12918.25000 0.438334
12919.04004 0.438464
12919.83008 0.438594
12920.62988 0.438725
12921.41992 0.438855
12922.20996 0.438986
12923.00000 0.439116
12923.79004 0.439246
12924.58984 0.439377
12925.37988 0.439507
12926.16992 0.439638
12926.95996 0.439768
12927.75000 0.439899
12928.54980 0.440029
12929.33984 0.440159
12930.12988 0.440295
12930.91992 0.440454
12931.71973 0.440613
12932.50977 0.440773
12933.29980 0.440932
12934.08984 0.441092
12934.88965 0.441251
12935.67969 0.441411
12936.46973 0.44157
12937.26953 0.44173
12938.05957 0.441889
12938.84961 0.442049
12939.63965 0.442209
12940.44043 0.442353
12941.23047 0.442483
12942.01953 0.442614
12942.82031 0.442744
12943.61035 0.442875
12944.40039 0.443006
12945.20020 0.443136
12945.99023 0.443267
12946.78027 0.443398
12947.58008 0.443529
12948.37012 0.44366
12949.16992 0.44379
12949.95996 0.443921
12950.75000 0.444052
12951.54980 0.444183
12952.33984 0.444313
12953.12988 0.444444
12953.92969 0.444575
12954.71973 0.444705
12955.51953 0.444837
12956.30957 0.444967
12957.09961 0.445098
12957.90039 0.445229
12958.69043 0.44536
12959.49023 0.44549
12960.28027 0.445621
12961.08008 0.445752
12961.87012 0.445883
12962.66016 0.446014
12963.45996 0.446145
12964.25000 0.446276
12965.04980 0.446406
12965.83984 0.446537
12966.63965 0.446668
12967.42969 0.446799
12968.23047 0.44693
12969.01953 0.447061
12969.82031 0.447192
12970.61035 0.447323
12971.41016 0.447454
12972.20020 0.447585
12973.00000 0.447716
12973.79004 0.447847
12974.58984 0.447978
12975.37988 0.448109
12976.17969 0.44824
12976.96973 0.448371
12977.76953 0.448502
12978.55957 0.448633
12979.36035 0.448764
12980.15039 0.4489
12980.95020 0.449061
12981.75000 0.449222
12982.54004 0.449382
12983.33984 0.449543
12984.12988 0.449704
12984.92969 0.449865
12985.71973 0.450025
12986.51953 0.450186
12987.32031 0.450347
12988.11035 0.450508
12988.91016 0.450669
12989.70020 0.450829
12990.50000 0.450972
12991.29980 0.451103
12992.08984 0.451234
12992.88965 0.451365
12993.69043 0.451497
12994.48047 0.451628
12995.28027 0.451759
12996.08008 0.45189
12996.87012 0.452022
12997.66992 0.452153
12998.45996 0.452284
12999.25977 0.452416
13000.05957 0.452548
13000.86035 0.452692
13001.65039 0.452835
13002.45020 0.452979
13003.25000 0.453122
13004.04004 0.453192
13004.83984 0.453215
13005.63965 0.453238
13006.42969 0.453261
13007.23047 0.453284
13008.03027 0.453307
13008.83008 0.45333
13009.62012 0.453353
13010.41992 0.453376
13011.21973 0.453399
13012.01953 0.453422
13012.80957 0.453445
13013.61035 0.453468
13014.41016 0.453491
13015.20996 0.453514
13016.00000 0.453537
13016.79980 0.45356
13017.59961 0.453583
13018.40039 0.453606
13019.20020 0.453629
13019.99023 0.453652
13020.79004 0.453705
13021.58984 0.453758
13022.38965 0.453811
13023.19043 0.453864
13023.98047 0.453917
13024.78027 0.45397
13025.58008 0.454023
13026.37988 0.454076
13027.17969 0.454129
13027.98047 0.454182
13028.76953 0.454235
13029.57031 0.454288
13030.37012 0.454327
13031.16992 0.45435
13031.96973 0.454373
13032.76953 0.454396
13033.57031 0.454419
13034.36035 0.454442
13035.16016 0.454465
13035.95996 0.454488
13036.75977 0.454511
13037.55957 0.454534
13038.36035 0.454557
13039.16016 0.45458
13039.95996 0.454604
13040.75977 0.454627
13041.55957 0.45465
13042.36035 0.454673
13043.16016 0.454696
13043.95020 0.454719
13044.75000 0.454742
13045.54980 0.454765
13046.34961 0.454788
13047.15039 0.454811
13047.95020 0.454835
13048.75000 0.454858
13049.54980 0.454881
13050.34961 0.454904
13051.15039 0.454927
13051.95020 0.45495
13052.75000 0.454973
13053.54980 0.454996
13054.34961 0.45502
13055.15039 0.455043
13055.95020 0.455066
13056.75000 0.455089
13057.54980 0.455112
13058.34961 0.455135
13059.15039 0.455158
13059.95020 0.455181
13060.75000 0.455205
13061.54980 0.455228
13062.34961 0.455251
13063.16016 0.455274
13063.95996 0.455297
13064.75977 0.45532
13065.55957 0.455344
13066.36035 0.455367
13067.16016 0.45539
13067.95996 0.455413
13068.75977 0.455436
13069.55957 0.455459
13070.36035 0.455496
13071.16016 0.455549
13071.96973 0.455603
13072.76953 0.455656
13073.57031 0.455709
13074.37012 0.455763
13075.16992 0.455816
13075.96973 0.455869
13076.76953 0.455923
13077.58008 0.455976
13078.37988 0.45603
13079.17969 0.456083
13079.98047 0.456136
13080.78027 0.456161
13081.58008 0.456184
13082.37988 0.456207
13083.19043 0.45623
13083.99023 0.456253
13084.79004 0.456276
13085.58984 0.4563
13086.38965 0.456323
13087.20020 0.456346
13088.00000 0.456369
13088.79980 0.456393
13089.59961 0.456416
13090.41016 0.456439
13091.20996 0.456462
13092.00977 0.456486
13092.80957 0.456509
13093.62012 0.456532
13094.41992 0.456555
13095.21973 0.456579
13096.01953 0.456602
13096.83008 0.456625
13097.62988 0.456648
13098.42969 0.456672
13099.23047 0.456695
13100.04004 0.456718
13100.83984 0.456742
13101.63965 0.456765
13102.45020 0.456788
13103.25000 0.456811
13104.04980 0.456725
13104.84961 0.456561
13105.66016 0.456397
13106.45996 0.456233
13107.25977 0.456069
13108.07031 0.455905
13108.87012 0.455741
13109.66992 0.455577
13110.48047 0.455413
13111.28027 0.455248
13112.08984 0.455084
13112.88965 0.45492
13113.69043 0.454756
13114.50000 0.454591
13115.29980 0.454427
13116.09961 0.454263
13116.91016 0.454099
13117.70996 0.453934
13118.51953 0.45377
13119.32031 0.453606
13120.12012 0.453446
13120.92969 0.453311
13121.73047 0.453177
13122.54004 0.453043
13123.33984 0.452908
13124.15039 0.452774
13124.95020 0.452639
13125.75000 0.452505
13126.55957 0.45237
13127.36035 0.452236
13128.16992 0.452101
13128.96973 0.451966
13129.78027 0.451832
13130.58008 0.451675
13131.38965 0.45151
13132.19043 0.451346
13133.00000 0.451181
13133.79980 0.451016
13134.61035 0.450851
13135.41016 0.450686
13136.21973 0.450521
13137.01953 0.450356
13137.83008 0.450192
13138.62988 0.450026
13139.44043 0.449862
13140.24023 0.449696
13141.04980 0.449532
13141.84961 0.449367
13142.66016 0.449201
13143.45996 0.449036
13144.26953 0.448871
13145.08008 0.448706
13145.87988 0.448541
13146.69043 0.448376
13147.49023 0.448211
13148.29980 0.448046
13149.09961 0.447881
13149.91016 0.447715
13150.71973 0.44755
13151.51953 0.447385
13152.33008 0.447219
13153.12988 0.447054
13153.94043 0.446889
13154.75000 0.446724
13155.54980 0.446558
13156.36035 0.446393
13157.16992 0.446227
13157.96973 0.446062
13158.78027 0.445896
13159.58984 0.445731
13160.38965 0.44558
13161.20020 0.445444
13162.00977 0.445308
13162.80957 0.445172
13163.62012 0.445037
13164.42969 0.4449
13165.23047 0.444765
13166.04004 0.444628
13166.84961 0.444492
13167.65039 0.444356
13168.45996 0.44422
13169.26953 0.444084
13170.08008 0.443945
13170.87988 0.443779
13171.69043 0.443613
13172.50000 0.443447
13173.29980 0.443281
13174.11035 0.443115
13174.91992 0.442949
13175.73047 0.442783
13176.53027 0.442617
13177.33984 0.442451
13178.15039 0.442285
13178.95996 0.442119
13179.75977 0.441953
13180.57031 0.441787
13181.37988 0.441621
13182.19043 0.441455
13183.00000 0.441289
13183.79980 0.441123
13184.61035 0.440956
13185.41992 0.44079
13186.23047 0.440624
13187.04004 0.440458
13187.83984 0.440292
13188.65039 0.440125
13189.45996 0.439959
13190.26953 0.439793
13191.08008 0.439627
13191.88965 0.43946
13192.70020 0.439294
13193.50000 0.439128
13194.30957 0.438961
13195.12012 0.438795
13195.92969 0.438628
13196.74023 0.438462
13197.54980 0.438295
13198.36035 0.438129
13199.16992 0.437962
13199.96973 0.437796
13200.78027 0.437622
13201.58984 0.437448
13202.40039 0.437274
13203.20996 0.4371
13204.01953 0.437028
13204.83008 0.437055
13205.63965 0.437082
13206.45020 0.43711
13207.25977 0.437137
13208.07031 0.437164
13208.87988 0.437191
13209.69043 0.437218
13210.50000 0.437264
13211.30957 0.43732
13212.12012 0.437376
13212.92969 0.437433
13213.74023 0.437489
13214.54004 0.437545
13215.36035 0.437602
13216.16992 0.437658
13216.98047 0.437715
13217.79004 0.437771
13218.59961 0.437828
13219.41016 0.437884
13220.21973 0.437933
13221.03027 0.43796
13221.83984 0.437987
13222.65039 0.438015
13223.45996 0.438042
13224.26953 0.438069
13225.08008 0.438096
13225.88965 0.438123
13226.70020 0.438151
13227.50977 0.438178
13228.32031 0.438205
13229.12988 0.438233
13229.94043 0.43826
13230.75000 0.438287
13231.55957 0.438314
13232.37012 0.438341
13233.19043 0.438369
13234.00000 0.438396
13234.80957 0.438423
13235.62012 0.438451
13236.42969 0.438478
13237.24023 0.438505
13238.04980 0.438532
13238.87012 0.43856
13239.67969 0.438587
13240.49023 0.438614
13241.29980 0.438642
13242.11035 0.438669
13242.91992 0.438696
13243.73047 0.438723
13244.54980 0.438751
13245.36035 0.438778
13246.16992 0.438806
