threeML/data/optical_filters/HST/WFC3_UVIS2-F600LP.ecsv
# %ECSV 0.9
# ---
# datatype:
# - {name: wavelength, unit: Angstrom, datatype: float32}
# - {name: response, datatype: float32}
# meta: !!omap
# - {band_name: F600LP}
# - {group_name: WFC3_UVIS2}
wavelength response
[from data line 1610]
7745.40479 0.190927
7746.72900 0.190758
7748.05518 0.190589
7749.37988 0.190421
7750.70605 0.190264
7752.03223 0.190118
7753.35791 0.189989
7754.68408 0.18986
7756.01123 0.189732
7757.33691 0.189603
7758.66504 0.189475
7759.99219 0.189346
7761.31885 0.189195
7762.64600 0.189039
7763.97510 0.188875
7765.30322 0.18871
7766.63086 0.188546
7767.95898 0.188381
7769.28906 0.188217
7770.61719 0.188053
7771.94678 0.187889
7773.27588 0.187738
7774.60596 0.187589
7775.93604 0.18744
7777.26611 0.187291
7778.59619 0.187143
7779.92676 0.186994
7781.25781 0.186867
7782.58887 0.186735
7783.91992 0.186593
7785.25195 0.186451
7786.58301 0.186309
7787.91602 0.186167
7789.24805 0.186026
7790.58008 0.185874
7791.91309 0.18571
7793.24609 0.18555
7794.57910 0.18539
7795.91211 0.18523
7797.24609 0.185071
7798.58008 0.184912
7799.91406 0.184752
7801.24805 0.184614
7802.58301 0.184476
7803.91699 0.184337
7805.25195 0.184198
7806.58691 0.184059
7807.92285 0.183921
7809.25781 0.183782
7810.59424 0.183633
7811.93018 0.183473
7813.26709 0.18332
7814.60303 0.183169
7815.93994 0.183019
7817.27686 0.182868
7818.61377 0.182717
7819.95215 0.182567
7821.29004 0.182437
7822.62695 0.182306
7823.96484 0.18217
7825.30420 0.182034
7826.64307 0.181898
7827.98096 0.181762
7829.31982 0.181627
7830.66016 0.181491
7831.99902 0.181357
7833.33887 0.18123
7834.67920 0.181105
7836.01904 0.18098
7837.35986 0.180854
7838.70020 0.180729
7840.04102 0.180604
7841.38184 0.180478
7842.72412 0.180341
7844.06494 0.180188
7845.40723 0.180034
7846.74902 0.179881
7848.09082 0.179728
7849.43408 0.179575
7850.77686 0.179434
7852.12012 0.179303
7853.46289 0.179201
7854.80615 0.179099
7856.14990 0.178998
7857.49414 0.178897
7858.83789 0.178796
7860.18213 0.178692
7861.52686 0.178569
7862.87207 0.178435
7864.21680 0.17829
7865.56201 0.178146
7866.90820 0.178002
7868.25293 0.177857
7869.59912 0.177713
7870.94482 0.177584
7872.29199 0.177463
7873.63916 0.177353
7874.98486 0.177244
7876.33301 0.177134
7877.68018 0.177025
7879.02686 0.176915
7880.37500 0.1768
7881.72314 0.176669
7883.07080 0.176535
7884.41992 0.176401
7885.76904 0.176267
7887.11816 0.176134
7888.46680 0.176
7889.81592 0.175866
7891.16602 0.175732
7892.51611 0.1756
7893.86621 0.17547
7895.21582 0.175341
7896.56689 0.175212
7897.91699 0.175083
7899.26904 0.174954
7900.62012 0.174835
7901.97119 0.174727
7903.32324 0.174629
7904.67480 0.174534
7906.02686 0.174438
7907.37988 0.174342
7908.73193 0.174246
7910.08496 0.174148
7911.43799 0.174031
7912.79199 0.173904
7914.14502 0.173764
7915.49902 0.173624
7916.85303 0.173485
7918.20801 0.173345
7919.56201 0.173205
7920.91699 0.17308
7922.27100 0.172963
7923.62695 0.172863
7924.98193 0.172762
7926.33789 0.172661
7927.69385 0.172561
7929.04980 0.17246
7930.40576 0.172353
7931.76318 0.172231
7933.12012 0.172093
7934.47705 0.171948
7935.83398 0.171803
7937.19092 0.171658
7938.54883 0.171513
7939.90723 0.171368
7941.26611 0.171223
7942.62402 0.171083
7943.98193 0.170952
7945.34082 0.17082
7946.70117 0.170689
7948.06006 0.170558
7949.41992 0.170427
7950.77881 0.170309
7952.14014 0.170199
7953.50000 0.170094
7954.85986 0.169988
7956.22119 0.169883
7957.58203 0.169778
7958.94287 0.169673
7960.30518 0.169564
7961.66699 0.169438
7963.02881 0.169307
7964.39111 0.169172
7965.75293 0.169038
7967.11621 0.168904
7968.47900 0.16877
7969.84180 0.168636
7971.20508 0.168502
7972.56885 0.168371
7973.93311 0.168248
7975.29590 0.168126
7976.66113 0.168003
7978.02490 0.16788
7979.39014 0.167757
7980.75488 0.167647
7982.12012 0.167547
7983.48584 0.167443
7984.85205 0.16734
7986.21680 0.167237
7987.58301 0.167133
7988.95020 0.16703
7990.31592 0.166922
7991.68311 0.166802
7993.04980 0.166681
7994.41699 0.166558
7995.78516 0.166436
7997.15283 0.166314
7998.52100 0.166192
7999.88916 0.16607
8001.25781 0.165962
8002.62598 0.165848
8003.99512 0.165721
8005.36377 0.165594
8006.73389 0.165468
8008.10400 0.165341
8009.47412 0.165214
8010.84424 0.165076
8012.21387 0.164932
8013.58398 0.164814
8014.95508 0.164695
8016.32617 0.164577
8017.69824 0.164459
8019.06885 0.164341
8020.44092 0.164223
8021.81299 0.164106
8023.18506 0.16398
8024.55811 0.16385
8025.93018 0.16372
8027.30322 0.163591
8028.67578 0.163461
8030.04980 0.163332
8031.42285 0.163226
8032.79688 0.163127
8034.17090 0.163038
8035.54590 0.162948
8036.91992 0.162859
8038.29492 0.162769
8039.66992 0.16268
8041.04492 0.162575
8042.42090 0.162464
8043.79688 0.162339
8045.17285 0.162216
8046.54883 0.162091
8047.92480 0.161967
8049.30176 0.161844
8050.67920 0.16172
8052.05615 0.161596
8053.43408 0.16146
8054.81104 0.161322
8056.18896 0.161185
8057.56689 0.161047
8058.94482 0.16091
8060.32422 0.160777
8061.70312 0.16066
8063.08203 0.160561
8064.46094 0.160472
8065.84082 0.160382
8067.22119 0.160293
8068.60107 0.160204
8069.98096 0.160115
8071.36084 0.160005
8072.74219 0.159894
8074.12305 0.159778
8075.50391 0.159663
8076.88477 0.159548
8078.26709 0.159432
8079.64893 0.159317
8081.03076 0.159201
8082.41406 0.159085
8083.79590 0.158965
8085.17920 0.158845
8086.56201 0.158725
8087.94482 0.158606
8089.32910 0.158486
8090.71191 0.158376
8092.09717 0.158276
8093.48096 0.158164
8094.86523 0.15805
8096.25000 0.157935
8097.63477 0.157821
8099.02002 0.157707
8100.40576 0.157587
8101.79199 0.157453
8103.17676 0.15734
8104.56299 0.157237
8105.95020 0.157134
8107.33594 0.157031
8108.72314 0.156928
8110.10986 0.156824
8111.49805 0.156721
8112.88477 0.156606
8114.27295 0.156477
8115.66113 0.156348
8117.04883 0.156219
8118.43799 0.15609
8119.82715 0.155962
8121.21582 0.15585
8122.60498 0.155741
8123.99414 0.155628
8125.38379 0.155516
8126.77393 0.155404
8128.16406 0.155291
8129.55518 0.155179
8130.94482 0.155054
8132.33594 0.154922
8133.72803 0.154797
8135.11914 0.154672
8136.50977 0.154548
8137.90186 0.154423
8139.29395 0.154298
8140.68701 0.154174
8142.07910 0.154049
8143.47217 0.153936
8144.86523 0.153824
8146.25781 0.153712
8147.65186 0.1536
8149.04492 0.153488
8150.43896 0.153383
8151.83301 0.153291
8153.22803 0.153191
8154.62305 0.153089
8156.01807 0.152987
8157.41309 0.152885
8158.80908 0.152783
8160.20410 0.152678
8161.60010 0.152556
8162.99609 0.152436
8164.39307 0.152319
8165.78906 0.152201
8167.18604 0.152083
8168.58301 0.151965
8169.97998 0.151848
8171.37793 0.15173
8172.77588 0.151612
8174.17383 0.151495
8175.57178 0.151378
8176.97119 0.15126
8178.37012 0.151143
8179.76904 0.151026
8181.16797 0.150924
8182.56689 0.150823
8183.96680 0.150707
8185.36719 0.150592
8186.76709 0.150477
8188.16699 0.150362
8189.56787 0.150246
8190.96924 0.150118
8192.37012 0.149985
8193.77148 0.149868
8195.17383 0.149752
8196.57520 0.149636
8197.97754 0.14952
8199.37988 0.149404
8200.78223 0.14929
8202.18555 0.149177
8203.58789 0.149072
8204.99121 0.148967
8206.39648 0.148863
8207.79883 0.148758
8209.20312 0.148654
8210.60742 0.148557
8212.01172 0.148472
8213.41699 0.148365
8214.82129 0.148254
8216.22656 0.148142
8217.63184 0.148031
8219.03809 0.14792
8220.44434 0.147802
8221.85059 0.147672
8223.25684 0.147548
8224.66309 0.147427
8226.07031 0.147306
8227.47754 0.147185
8228.88477 0.147064
8230.29297 0.146946
8231.70020 0.146838
8233.10840 0.146744
8234.51660 0.14666
8235.92578 0.146576
8237.33398 0.146492
8238.74316 0.146407
8240.15234 0.146325
8241.56348 0.14626
8242.97266 0.146174
8244.38184 0.146068
8245.79297 0.145961
8247.20312 0.145854
8248.61426 0.145747
8250.02539 0.14564
8251.43652 0.145514
8252.84766 0.145399
8254.25977 0.145301
8255.67188 0.145202
8257.08398 0.145104
8258.49609 0.145005
8259.90918 0.144907
8261.32227 0.144808
8262.73535 0.144706
8264.14844 0.144598
8265.56348 0.144489
8266.97559 0.14438
8268.39062 0.144271
8269.80469 0.144162
8271.21973 0.144069
8272.63379 0.143982
8274.04883 0.1439
8275.46484 0.143819
8276.87988 0.143738
8278.29590 0.143656
8279.71191 0.143575
8281.12891 0.143478
8282.54492 0.143377
8283.96191 0.143272
8285.37891 0.143167
8286.79688 0.143061
8288.21387 0.142956
8289.63184 0.142851
8291.04980 0.142745
8292.46777 0.14264
8293.88672 0.142534
8295.30566 0.142427
8296.72461 0.142321
8298.14355 0.142215
8299.56348 0.142108
8300.98242 0.142002
8302.40332 0.141896
8303.82324 0.141788
8305.24316 0.14168
8306.66406 0.141572
8308.08496 0.141465
8309.50684 0.141357
8310.92773 0.141261
8312.34961 0.141173
8313.77148 0.141098
8315.19336 0.141024
8316.61621 0.14095
8318.03906 0.140875
8319.46191 0.140801
8320.88477 0.140715
8322.30859 0.140622
8323.73145 0.140515
8325.15527 0.140409
8326.58008 0.140302
8328.00391 0.140196
8329.42871 0.140089
8330.85352 0.139983
8332.27832 0.139876
8333.70410 0.139755
8335.12988 0.139634
8336.55566 0.139513
8337.98145 0.139392
8339.40820 0.139271
8340.83398 0.139161
8342.26074 0.139059
8343.68848 0.138976
8345.11523 0.138894
8346.54297 0.138812
8347.97070 0.13873
8349.39844 0.138647
8350.82715 0.138554
8352.25586 0.138454
8353.68457 0.13833
8355.11328 0.138206
8356.54297 0.138082
8357.97168 0.137958
8359.40137 0.137834
8360.83203 0.13771
8362.26172 0.137586
8363.69238 0.137494
8365.12305 0.137403
8366.55371 0.137313
8367.98535 0.137222
8369.41699 0.137131
8370.84863 0.13704
8372.28027 0.136949
8373.71289 0.136841
8375.14453 0.136733
8376.57812 0.136625
8378.01074 0.136518
8379.44336 0.13641
8380.87695 0.136313
8382.31055 0.136223
8383.74512 0.136129
8385.17871 0.136035
8386.61328 0.135941
8388.04785 0.135847
8389.48242 0.135753
8390.91797 0.135647
8392.35352 0.135535
8393.78906 0.135428
8395.22461 0.13532
8396.66113 0.135212
8398.09668 0.135104
8399.53418 0.134996
8400.97070 0.134898
8402.40723 0.134805
8403.84473 0.134723
8405.28223 0.13464
8406.72070 0.134558
8408.15820 0.134476
8409.59668 0.134393
8411.03516 0.134324
8412.47461 0.134258
8413.91309 0.134183
8415.35254 0.134108
8416.79199 0.134033
8418.23145 0.133957
8419.67188 0.133882
8421.11230 0.133793
8422.55273 0.1337
8423.99316 0.133613
8425.43457 0.133525
8426.87598 0.133437
8428.31738 0.13335
8429.75879 0.133262
8431.20117 0.133189
8432.64355 0.133114
8434.08594 0.133022
8435.52832 0.13293
8436.97168 0.132838
8438.41504 0.132746
8439.85840 0.132654
8441.30176 0.132562
8442.74609 0.132476
8444.19043 0.132406
8445.63477 0.132336
8447.07910 0.132267
8448.52441 0.132197
8449.96973 0.132127
8451.41504 0.132075
8452.86133 0.132016
8454.30664 0.131946
8455.75293 0.131877
8457.19922 0.131807
8458.64648 0.131738
8460.09277 0.131667
8461.54004 0.131579
8462.98828 0.131506
8464.43555 0.131449
8465.88379 0.131392
8467.33203 0.131335
8468.78027 0.131278
8470.22852 0.131221
8471.67773 0.131164
8473.12695 0.131093
8474.57617 0.13101
8476.02637 0.130926
8477.47559 0.130843
8478.92578 0.130759
8480.37695 0.130676
8481.82715 0.130592
8483.27832 0.130511
8484.72852 0.130431
8486.18066 0.130352
8487.63281 0.130271
8489.08398 0.130191
8490.53613 0.130118
8491.98926 0.130056
8493.44141 0.129998
8494.89453 0.129942
8496.34766 0.129885
8497.80078 0.129829
8499.25488 0.129772
8500.70898 0.129691
8502.16309 0.129584
8503.61719 0.12947
8505.07129 0.129354
8506.52637 0.129238
8507.98145 0.129122
8509.43848 0.129006
8510.89258 0.12889
8512.34863 0.128775
8513.80469 0.128677
8515.26074 0.128579
8516.71777 0.128481
8518.17480 0.128383
8519.63184 0.128285
8521.08887 0.128187
8522.54688 0.128084
8524.00488 0.127953
8525.46289 0.127823
8526.92090 0.127692
8528.37988 0.127562
8529.83887 0.127431
8531.29785 0.127316
8532.75781 0.12721
8534.21680 0.127119
8535.67676 0.127029
8537.13672 0.126938
8538.59766 0.126847
8540.05762 0.126756
8541.51855 0.126647
8542.98047 0.126541
8544.44141 0.126436
8545.90332 0.126331
8547.36523 0.126226
8548.82715 0.126121
8550.28906 0.126016
8551.75195 0.125911
8553.21484 0.125806
8554.67773 0.125703
8556.14160 0.125599
8557.60547 0.125495
8559.06934 0.125391
8560.53320 0.125287
8561.99707 0.125182
8563.46191 0.125064
8564.92676 0.124942
8566.39160 0.12482
8567.85742 0.124697
8569.32324 0.124575
8570.78906 0.124461
8572.25488 0.124356
8573.72168 0.124261
8575.18848 0.124168
8576.65527 0.124074
8578.12207 0.12398
8579.58984 0.123886
8581.05762 0.123779
8582.52539 0.123668
8583.99316 0.123556
8585.46191 0.123445
8586.93066 0.123334
8588.39941 0.123222
8589.86816 0.123111
8591.33789 0.122999
8592.80762 0.122889
8594.27734 0.122779
8595.74707 0.12267
8597.21777 0.122561
8598.68848 0.122452
8600.15918 0.122342
8601.63086 0.122233
8603.10156 0.122132
8604.57324 0.12204
8606.04590 0.121947
8607.51758 0.121855
8608.99023 0.121762
8610.46289 0.121675
8611.93555 0.121599
8613.40918 0.121496
8614.88281 0.121381
8616.35645 0.121266
8617.83008 0.121151
8619.30371 0.121036
8620.77832 0.120912
8622.25293 0.12078
8623.72852 0.120666
8625.20312 0.120553
8626.67871 0.120441
8628.15430 0.120328
8629.63086 0.120215
8631.10645 0.120129
8632.58301 0.120051
8634.05957 0.119973
8635.53711 0.119894
8637.01367 0.119815
8638.49121 0.119736
8639.96875 0.119657
8641.44727 0.119578
8642.92578 0.1195
8644.40430 0.119426
8645.88281 0.119351
8647.36133 0.119277
8648.84082 0.119202
8650.32031 0.119127
8651.79980 0.119052
8653.28027 0.118973
8654.76074 0.118891
8656.24121 0.118809
8657.72168 0.118727
8659.20215 0.118645
8660.68359 0.118571
8662.16504 0.118505
8663.64746 0.118428
8665.12891 0.118348
8666.61133 0.118268
8668.09375 0.118188
8669.57715 0.118107
8671.05957 0.118015
8672.54297 0.117921
8674.02637 0.117858
8675.51074 0.117794
8676.99414 0.11773
8678.47852 0.117666
8679.96289 0.117601
8681.44824 0.117537
8682.93359 0.117464
8684.41895 0.117378
8685.90430 0.117291
8687.38965 0.117205
8688.87598 0.117118
8690.36230 0.117031
8691.84863 0.116944
8693.33594 0.116845
8694.82324 0.11674
8696.31055 0.116635
8697.79785 0.11653
8699.28613 0.116425
8700.77344 0.11632
8702.26172 0.116215
8703.75098 0.116149
8705.23926 0.116087
8706.72852 0.116025
8708.21777 0.115963
8709.70801 0.115901
8711.19824 0.115852
8712.68652 0.115802
8714.17871 0.115737
8715.66895 0.115671
8717.16016 0.115605
8718.65137 0.11554
8720.14258 0.115472
8721.63379 0.11539
8723.12598 0.115293
8724.61816 0.115182
8726.11035 0.11507
8727.60352 0.114958
8729.09668 0.114846
8730.58984 0.114735
8732.08301 0.114623
8733.57715 0.114532
8735.07129 0.114448
8736.56543 0.114363
8738.05957 0.114278
8739.55469 0.114193
8741.04980 0.114108
8742.54492 0.114022
8744.04004 0.113926
8745.53613 0.113831
8747.03223 0.113734
8748.52832 0.113638
8750.02441 0.113542
8751.52148 0.113446
8753.01855 0.113351
8754.51562 0.113261
8756.01367 0.113169
8757.51172 0.113078
8759.00977 0.112987
8760.50781 0.112901
8762.00586 0.112825
8763.50488 0.112773
8765.00391 0.112729
8766.50391 0.112685
8768.00293 0.11264
8769.50293 0.112596
8771.00293 0.11254
8772.50391 0.112476
8774.00391 0.112366
8775.50488 0.112256
8777.00586 0.112145
8778.50781 0.112035
8780.00977 0.111924
8781.51172 0.111813
8783.01367 0.111709
8784.51562 0.111613
8786.01855 0.111516
8787.52148 0.11142
8789.02441 0.111324
8790.52832 0.111227
8792.03223 0.11113
8793.53613 0.111056
8795.04004 0.11099
8796.54492 0.110924
8798.04980 0.110857
8799.55469 0.110791
8801.05957 0.110709
8802.56543 0.110615
8804.07129 0.110472
8805.57715 0.11033
8807.08301 0.110188
8808.58984 0.110046
8810.09668 0.109905
8811.60352 0.109778
8813.11133 0.10967
8814.61914 0.109583
8816.12695 0.109496
8817.63477 0.109408
8819.14355 0.109321
8820.65137 0.109227
8822.16016 0.109123
8823.66992 0.108999
8825.17871 0.10887
8826.68848 0.108742
8828.19824 0.108613
8829.70898 0.108484
8831.21973 0.108377
8832.72852 0.108285
8834.24121 0.108235
8835.75195 0.108185
8837.26367 0.108135
8838.77539 0.108084
8840.28711 0.108034
8841.79980 0.107983
8843.31348 0.107883
8844.82520 0.107749
8846.33789 0.107615
8847.85059 0.107481
8849.36426 0.107347
8850.87793 0.107213
8852.39258 0.107078
8853.90723 0.106994
8855.42090 0.106911
8856.93652 0.106828
8858.45117 0.106745
8859.96680 0.106662
8861.48242 0.106578
8862.99805 0.106484
8864.51367 0.106373
8866.03027 0.106262
8867.54688 0.106151
8869.06445 0.106039
8870.58105 0.105934
8872.09863 0.105837
8873.61621 0.105777
8875.13477 0.105727
8876.65234 0.105677
8878.17090 0.105626
8879.68945 0.105576
8881.20898 0.105512
8882.72754 0.105437
8884.24707 0.105324
