threeML/data/optical_filters/HST/WFC3_UVIS2-F336W.ecsv
# %ECSV 0.9
# ---
# datatype:
# - {name: wavelength, unit: Angstrom, datatype: float32}
# - {name: response, datatype: float32}
# meta: !!omap
# - {band_name: F336W}
# - {group_name: WFC3_UVIS2}
wavelength response
[from data line 805]
3425.76196 0.193051
3426.34790 0.193018
3426.93408 0.192985
3427.52100 0.192953
3428.10693 0.19292
3428.69409 0.192887
3429.28003 0.192854
3429.86694 0.192821
3430.45410 0.192795
3431.04102 0.192773
3431.62793 0.192767
3432.21509 0.192762
3432.80200 0.192756
3433.38989 0.192751
3433.97705 0.192745
3434.56396 0.19274
3435.15210 0.192734
3435.73999 0.192728
3436.32788 0.192723
3436.91602 0.192717
3437.50391 0.192711
3438.09204 0.192705
3438.67993 0.192699
3439.26807 0.192693
3439.85693 0.192687
3440.44507 0.192673
3441.03394 0.192652
3441.62305 0.192569
3442.21191 0.192485
3442.80103 0.192402
3443.38989 0.192319
3443.97900 0.192235
3444.56812 0.192152
3445.15698 0.192069
3445.74707 0.191985
3446.33594 0.191902
3446.92603 0.191818
3447.51611 0.191735
3448.10596 0.191652
3448.69604 0.191568
3449.28589 0.191485
3449.87598 0.191401
3450.46606 0.191326
3451.05591 0.191247
3451.64697 0.191133
3452.23706 0.191018
3452.82788 0.190903
3453.41895 0.190788
3454.01001 0.190673
3454.60107 0.190558
3455.19189 0.190443
3455.78296 0.190329
3456.37402 0.190214
3456.96606 0.190099
3457.55688 0.189984
3458.14795 0.189869
3458.73999 0.189754
3459.33203 0.189639
3459.92407 0.189525
3460.51611 0.189401
3461.10791 0.18927
3461.69995 0.189113
3462.29199 0.188957
3462.88501 0.1888
3463.47705 0.188643
3464.07007 0.188487
3464.66309 0.18833
3465.25488 0.188174
3465.84790 0.188018
3466.44092 0.187861
3467.03394 0.187705
3467.62695 0.187548
3468.22095 0.187392
3468.81396 0.187236
3469.40796 0.187079
3470.00098 0.186923
3470.59497 0.186767
3471.18896 0.186616
3471.78296 0.186474
3472.37695 0.186333
3472.97095 0.186192
3473.56494 0.186051
3474.15894 0.18591
3474.75391 0.185769
3475.34790 0.185627
3475.94312 0.185486
3476.53711 0.185345
3477.13208 0.185204
3477.72705 0.185063
3478.32202 0.184922
3478.91699 0.184781
3479.51196 0.18464
3480.10791 0.184501
3480.70288 0.18437
3481.29907 0.184231
3481.89502 0.184085
3482.48999 0.18394
3483.08594 0.183794
3483.68188 0.183648
3484.27808 0.183503
3484.87402 0.183357
3485.46997 0.183211
3486.06689 0.183066
3486.66309 0.18292
3487.26001 0.182774
3487.85596 0.182629
3488.45288 0.182483
3489.05005 0.182338
3489.64697 0.182192
3490.24390 0.182043
3490.84106 0.181888
3491.43799 0.181726
3492.03589 0.181561
3492.63306 0.181396
3493.23096 0.181231
3493.82910 0.181066
3494.42603 0.180901
3495.02393 0.180737
3495.62207 0.180572
3496.21997 0.180407
3496.81812 0.180243
3497.41699 0.180078
3498.01489 0.179914
3498.61401 0.179749
3499.21191 0.179585
3499.81104 0.17942
3500.40991 0.179253
3501.00903 0.179084
3501.60791 0.178895
3502.20703 0.178706
3502.80591 0.178517
3503.40503 0.178328
3504.00488 0.17814
3504.60400 0.177951
3505.20410 0.177763
3505.80298 0.177574
3506.40308 0.177386
3507.00293 0.177197
3507.60303 0.177009
3508.20288 0.176821
3508.80396 0.176632
3509.40405 0.176444
3510.00391 0.176256
3510.60498 0.176059
3511.20605 0.175863
3511.80591 0.175671
3512.40698 0.175479
3513.00806 0.175287
3513.60889 0.175095
3514.20996 0.174903
3514.81201 0.174711
3515.41309 0.174519
3516.01392 0.174328
3516.61597 0.174136
3517.21802 0.173944
3517.82007 0.173753
3518.42090 0.173561
3519.02295 0.17337
3519.62500 0.173179
3520.22803 0.172991
3520.83008 0.172809
3521.43188 0.172621
3522.03491 0.17243
3522.63696 0.172239
3523.23999 0.172048
3523.84302 0.171857
3524.44604 0.171667
3525.04907 0.171476
3525.65210 0.171286
3526.25488 0.171095
3526.85791 0.170904
3527.46191 0.170714
3528.06494 0.170524
3528.66895 0.170333
3529.27295 0.170143
3529.87695 0.169953
3530.48096 0.169756
3531.08496 0.169556
3531.68896 0.169354
3532.29297 0.169151
3532.89697 0.168948
3533.50195 0.168746
3534.10596 0.168544
3534.71094 0.168341
3535.31592 0.168139
3535.92090 0.167937
3536.52588 0.167735
3537.13110 0.167533
3537.73608 0.167331
3538.34106 0.167129
3538.94702 0.166928
3539.55200 0.166726
3540.15796 0.166527
3540.76294 0.166334
3541.36890 0.166143
3541.97510 0.165954
3542.58105 0.165765
3543.18701 0.165575
3543.79297 0.165386
3544.39990 0.165197
3545.00610 0.165008
3545.61304 0.164819
3546.21899 0.16463
3546.82593 0.164441
3547.43311 0.164252
3548.04004 0.164063
3548.64697 0.163874
3549.25391 0.163686
3549.86108 0.163497
3550.46899 0.163302
3551.07593 0.163102
3551.68408 0.162873
3552.29199 0.162644
3552.89893 0.162416
3553.50708 0.162188
3554.11499 0.161959
3554.72290 0.161731
3555.33203 0.161503
3555.93994 0.161275
3556.54810 0.161047
3557.15698 0.16082
3557.76489 0.160592
3558.37402 0.160365
3558.98291 0.160137
3559.59204 0.15991
3560.20093 0.159683
3560.81006 0.159456
3561.41895 0.159197
3562.02808 0.158923
3562.63794 0.158648
3563.24707 0.158374
3563.85693 0.1581
3564.46704 0.157826
3565.07690 0.157552
3565.68701 0.157278
3566.29712 0.157005
3566.90698 0.156731
3567.51709 0.156458
3568.12695 0.156185
3568.73804 0.155912
3569.34912 0.155639
3569.95898 0.155366
3570.57007 0.155102
3571.18091 0.154814
3571.79199 0.154464
3572.40308 0.154113
3573.01392 0.153763
3573.62598 0.153412
3574.23706 0.153062
3574.84912 0.152712
3575.45996 0.152363
3576.07202 0.152013
3576.68408 0.151664
3577.29590 0.151314
3577.90796 0.150966
3578.52002 0.150617
3579.13208 0.150268
3579.74512 0.14992
3580.35693 0.149567
3580.96997 0.149211
3581.58301 0.148802
3582.19507 0.148389
3582.80811 0.147975
3583.42090 0.147562
3584.03394 0.14715
3584.64697 0.146737
3585.26099 0.146325
3585.87402 0.145913
3586.48804 0.145502
3587.10107 0.14509
3587.71509 0.144679
3588.32910 0.144269
3588.94312 0.143858
3589.55688 0.143448
3590.17090 0.14304
3590.78491 0.142638
3591.39990 0.142223
3592.01392 0.1418
3592.62891 0.141377
3593.24292 0.140954
3593.85791 0.140532
3594.47290 0.14011
3595.08789 0.139688
3595.70288 0.139266
3596.31812 0.138845
3596.93408 0.138424
3597.54907 0.138003
3598.16504 0.137582
3598.78003 0.137162
3599.39600 0.136742
3600.01196 0.136324
3600.62793 0.135987
3601.24390 0.135683
3601.86011 0.13544
3602.47607 0.135197
3603.09302 0.134954
3603.70898 0.134711
3604.32593 0.134468
3604.94189 0.134224
3605.55908 0.133981
3606.17603 0.133737
3606.79297 0.133493
3607.40991 0.133249
3608.02710 0.133005
3608.64502 0.132761
3609.26196 0.132517
3609.87988 0.132272
3610.49707 0.132034
3611.11499 0.131806
3611.73291 0.131637
3612.35107 0.131468
3612.96899 0.131299
3613.58691 0.13113
3614.20508 0.130961
3614.82300 0.130791
3615.44189 0.130622
3616.06104 0.130452
3616.67896 0.130283
3617.29810 0.130113
3617.91699 0.129943
3618.53589 0.129774
3619.15503 0.129604
3619.77393 0.129433
3620.39404 0.129259
3621.01294 0.129081
3621.63306 0.128737
3622.25195 0.128387
3622.87207 0.128036
3623.49194 0.127686
3624.11206 0.127335
3624.73193 0.126985
3625.35205 0.126634
3625.97192 0.126283
3626.59302 0.125932
3627.21289 0.12558
3627.83398 0.125229
3628.45508 0.124877
3629.07495 0.124525
3629.69604 0.124173
3630.31689 0.12382
3630.93799 0.123467
3631.56006 0.12257
3632.18091 0.121574
3632.80200 0.120576
3633.42407 0.119579
3634.04590 0.118581
3634.66699 0.117582
3635.28906 0.116583
3635.91089 0.115584
3636.53296 0.114584
3637.15601 0.113584
3637.77808 0.112583
3638.39990 0.111582
3639.02295 0.110581
3639.64502 0.109579
3640.26807 0.108579
3640.89111 0.107582
3641.51392 0.105983
3642.13696 0.104197
3642.76001 0.102411
3643.38306 0.100623
3644.00708 0.098835
3644.62988 0.097045
3645.25391 0.095255
3645.87695 0.093464
3646.50098 0.091671
3647.12500 0.089879
3647.74902 0.088084
3648.37305 0.086289
3648.99707 0.084493
3649.62207 0.082696
3650.24609 0.080896
3650.87109 0.079093
3651.49512 0.07717
3652.12012 0.075201
3652.74512 0.073232
3653.37012 0.071262
3653.99512 0.069291
3654.62012 0.067319
3655.24512 0.065346
3655.87109 0.063372
3656.49609 0.061398
3657.12207 0.059423
3657.74805 0.057447
3658.37402 0.055469
3658.99902 0.053492
3659.62500 0.051513
3660.25098 0.049535
3660.87793 0.047558
3661.50391 0.045973
3662.13110 0.044529
3662.75708 0.043084
3663.38403 0.041638
3664.01099 0.04019
3664.63696 0.038743
3665.26489 0.037295
3665.89209 0.035846
3666.51904 0.034396
3667.14600 0.032945
3667.77393 0.031494
3668.40088 0.030042
3669.02905 0.028589
3669.65601 0.027135
3670.28394 0.02568
3670.91211 0.024223
3671.54102 0.023291
3672.16895 0.022499
3672.79712 0.021707
3673.42505 0.020914
3674.05396 0.020121
3674.68188 0.019328
3675.31104 0.018534
3675.93994 0.01774
3676.56909 0.016946
3677.19800 0.016151
3677.82690 0.015356
3678.45605 0.014561
3679.08594 0.013765
3679.71509 0.012969
3680.34497 0.012173
3680.97412 0.011376
3681.60400 0.010959
3682.23389 0.010593
3682.86401 0.010226
3683.49390 0.009859
3684.12500 0.009492
3684.75488 0.009125
3685.38501 0.008758
3686.01611 0.00839
3686.64600 0.008023
3687.27710 0.007655
3687.90796 0.007287
3688.53906 0.006919
3689.16992 0.006551
3689.80103 0.006183
3690.43311 0.005814
3691.06396 0.00545
3691.69604 0.005279
3692.32690 0.005108
3692.95898 0.004937
3693.59106 0.004766
3694.22290 0.004594
3694.85498 0.004423
3695.48706 0.004252
3696.11890 0.00408
3696.75195 0.003908
3697.38403 0.003736
3698.01709 0.003565
3698.64893 0.003393
3699.28198 0.003221
3699.91504 0.003048
3700.54810 0.002876
3701.18091 0.002722
3701.81494 0.002641
3702.44800 0.00256
3703.08203 0.002479
3703.71509 0.002397
3704.34912 0.002316
3704.98193 0.002235
3705.61597 0.002154
3706.25000 0.002072
3706.88501 0.001991
3707.51904 0.001909
3708.15308 0.001828
3708.78809 0.001746
3709.42212 0.001665
3710.05688 0.001583
3710.69189 0.001502
3711.32593 0.001438
3711.96094 0.001397
3712.59595 0.001356
3713.23193 0.001316
3713.86694 0.001275
3714.50195 0.001234
3715.13794 0.001194
3715.77393 0.001153
3716.40894 0.001112
3717.04492 0.001071
3717.68091 0.001031
3718.31689 0.00099
3718.95288 0.000949
3719.59009 0.000908
3720.22607 0.000867
3720.86304 0.000826
3721.49902 0.000799
3722.13599 0.000777
3722.77295 0.000756
3723.40991 0.000734
3724.04712 0.000712
3724.68408 0.000691
3725.32104 0.000669
3725.95898 0.000648
3726.59595 0.000626
3727.23389 0.000605
3727.87207 0.000583
3728.50903 0.000562
3729.14697 0.00054
3729.78491 0.000518
3730.42310 0.000497
3731.06201 0.000475
3731.69995 0.000463
3732.33911 0.000451
3732.97705 0.000439
3733.61597 0.000426
3734.25488 0.000414
3734.89404 0.000402
4108.38330 0.0
