threeML/data/optical_filters/HST/WFC3_UVIS2-F200LP.ecsv
# %ECSV 0.9
# ---
# datatype:
# - {name: wavelength, unit: Angstrom, datatype: float32}
# - {name: response, datatype: float32}
# meta: !!omap
# - {band_name: F200LP}
# - {group_name: WFC3_UVIS2}
wavelength response
[from data line 3219]
3447.85596 0.247475
3448.44507 0.247382
3449.03394 0.247289
3449.62402 0.247196
3450.21411 0.247107
3450.80298 0.247027
3451.39307 0.246947
3451.98291 0.246867
3452.57300 0.246787
3453.16309 0.246706
3453.75293 0.246626
3454.34399 0.246546
3454.93408 0.246466
3455.52393 0.246385
3456.11499 0.246305
3456.70605 0.246224
3457.29590 0.246144
3457.88696 0.246063
3458.47803 0.245983
3459.06909 0.245902
3459.66089 0.245822
3460.25195 0.245736
3460.84302 0.245643
3461.43506 0.245548
3462.02588 0.245453
3462.61792 0.245358
3463.20996 0.245263
3463.80200 0.245168
3464.39404 0.245073
3464.98608 0.244978
3465.57788 0.244883
3466.16992 0.244788
3466.76294 0.244693
3467.35498 0.244598
3467.94800 0.244503
3468.54102 0.244407
3469.13403 0.244312
3469.72607 0.244217
3470.31909 0.244122
3470.91309 0.244027
3471.50610 0.243932
3472.09912 0.243837
3472.69312 0.243742
3473.28589 0.243646
3473.87988 0.243551
3474.47290 0.243456
3475.06689 0.243361
3475.66089 0.243266
3476.25488 0.24317
3476.84912 0.243075
3477.44409 0.24298
3478.03809 0.242884
3478.63208 0.242789
3479.22705 0.242694
3479.82202 0.242598
3480.41602 0.242512
3481.01099 0.242429
3481.60596 0.242345
3482.20093 0.24226
3482.79590 0.242176
3483.39209 0.242091
3483.98706 0.242007
3484.58203 0.241923
3485.17798 0.241838
3485.77393 0.241753
3486.36890 0.241669
3486.96509 0.241584
3487.56104 0.2415
3488.15698 0.241415
3488.75293 0.24133
3489.35010 0.241246
3489.94604 0.241161
3490.54199 0.241065
3491.13892 0.240967
3491.73608 0.24087
3492.33301 0.240773
3492.92896 0.240675
3493.52588 0.240578
3494.12402 0.240481
3494.72095 0.240383
3495.31812 0.240286
3495.91504 0.240189
3496.51294 0.240091
3497.11108 0.239994
3497.70801 0.239896
3498.30591 0.239799
3498.90405 0.239701
3499.50195 0.239604
3500.10010 0.239505
3500.69800 0.239401
3501.29712 0.239297
3501.89502 0.239191
3502.49292 0.239085
3503.09204 0.238979
3503.69092 0.238873
3504.29004 0.238767
3504.88892 0.238661
3505.48804 0.238555
3506.08691 0.238449
3506.68604 0.238343
3507.28491 0.238237
3507.88501 0.238131
3508.48389 0.238024
3509.08398 0.237918
3509.68408 0.237812
3510.28296 0.2377
3510.88403 0.237581
3511.48389 0.237462
3512.08398 0.237344
3512.68408 0.237225
3513.28394 0.237106
3513.88501 0.236987
3514.48511 0.236868
3515.08594 0.236749
3515.68701 0.23663
3516.28809 0.236512
3516.88892 0.236393
3517.48999 0.236274
3518.09106 0.236155
3518.69189 0.236036
3519.29297 0.235917
3519.89502 0.235798
3520.49707 0.235689
3521.09790 0.235583
3521.69995 0.235479
3522.30200 0.235375
3522.90405 0.23527
3523.50610 0.235166
3524.10791 0.235062
3524.71094 0.234958
3525.31299 0.234853
3525.91602 0.234749
3526.51807 0.234645
3527.12109 0.23454
3527.72412 0.234436
3528.32690 0.234331
3528.92993 0.234227
3529.53296 0.234122
3530.13599 0.234015
3530.73999 0.233898
3531.34302 0.233781
3531.94702 0.233664
3532.55005 0.233547
3533.15405 0.23343
3533.75806 0.233313
3534.36206 0.233196
3534.96606 0.233079
3535.57007 0.232962
3536.17407 0.232845
3536.77905 0.232728
3537.38306 0.232611
3537.98804 0.232493
3538.59204 0.232376
3539.19702 0.232259
3539.80200 0.232142
3540.40698 0.232033
3541.01196 0.231928
3541.61694 0.231822
3542.22290 0.231715
3542.82788 0.231609
3543.43408 0.231502
3544.03906 0.231396
3544.64502 0.231289
3545.25098 0.231183
3545.85693 0.231076
3546.46289 0.230969
3547.06909 0.230863
3547.67505 0.230756
3548.28101 0.230649
3548.88794 0.230542
3549.49390 0.230436
3550.10107 0.230327
3550.70801 0.230208
3551.31494 0.230089
3551.92212 0.22997
3552.52905 0.229851
3553.13599 0.229731
3553.74292 0.229612
3554.35107 0.229493
3554.95801 0.229374
3555.56592 0.229255
3556.17310 0.229135
3556.78101 0.229016
3557.38892 0.228897
3557.99707 0.228777
3558.60498 0.228658
3559.21289 0.228539
3559.82202 0.228419
3560.42993 0.2283
3561.03906 0.228181
3561.64697 0.228061
3562.25610 0.227942
3562.86499 0.227823
3563.47412 0.227703
3564.08301 0.227584
3564.69189 0.227464
3565.30103 0.227345
3565.90991 0.227225
3566.52002 0.227105
3567.12988 0.226986
3567.73901 0.226866
3568.34912 0.226747
3568.95898 0.226627
3569.56909 0.226507
3570.17896 0.226391
3570.78906 0.226283
3571.39893 0.226176
3572.01001 0.226068
3572.62012 0.225961
3573.23096 0.225853
3573.84204 0.225745
3574.45190 0.225637
3575.06299 0.22553
3575.67407 0.225422
3576.28491 0.225314
3576.89697 0.225206
3577.50806 0.225098
3578.11890 0.22499
3578.73096 0.224882
3579.34302 0.224774
3579.95410 0.224666
3580.56592 0.224547
3581.17798 0.224426
3581.79004 0.224305
3582.40308 0.224184
3583.01489 0.224063
3583.62695 0.223942
3584.23999 0.22382
3584.85205 0.223699
3585.46509 0.223578
3586.07788 0.223457
3586.69092 0.223335
3587.30396 0.223214
3587.91699 0.223093
3588.53003 0.222971
3589.14307 0.22285
3589.75708 0.222728
3590.37012 0.222614
3590.98389 0.222505
3591.59790 0.222395
3592.21094 0.222286
3592.82495 0.222176
3593.43896 0.222067
3594.05396 0.221957
3594.66797 0.221847
3595.28198 0.221738
3595.89697 0.221628
3596.51099 0.221518
3597.12598 0.221408
3597.74097 0.221298
3598.35596 0.221188
3598.97095 0.221079
3599.58594 0.220969
3600.20093 0.220903
3600.81592 0.220927
3601.43188 0.220957
3602.04712 0.220989
3602.66309 0.221022
3603.27905 0.221054
3603.89502 0.221086
3604.51001 0.221119
3605.12695 0.221151
3605.74292 0.221183
3606.35889 0.221216
3606.97510 0.221248
3607.59204 0.22128
3608.20801 0.221313
3608.82495 0.221345
3609.44189 0.221378
3610.05908 0.221411
3610.67603 0.221456
3611.29297 0.2215
3611.90991 0.221545
3612.52808 0.221589
3613.14502 0.221634
3613.76196 0.221678
3614.37988 0.221722
3614.99805 0.221767
3615.61597 0.221811
3616.23389 0.221856
3616.85205 0.221901
3617.46997 0.221945
3618.08789 0.22199
3618.70703 0.222034
3619.32495 0.222079
3619.94409 0.222124
3620.56201 0.222157
3621.18091 0.222188
3621.80005 0.222215
3622.41895 0.222241
3623.03809 0.222268
3623.65698 0.222295
3624.27710 0.222321
3624.89600 0.222348
3625.51611 0.222374
3626.13501 0.222401
3626.75488 0.222427
3627.37500 0.222454
3627.99512 0.22248
3628.61499 0.222507
3629.23511 0.222534
3629.85498 0.22256
3630.47607 0.222585
3631.09595 0.22261
3631.71704 0.222634
3632.33789 0.222659
3632.95801 0.222683
3633.57910 0.222708
3634.19995 0.222733
3634.82202 0.222757
3635.44312 0.222782
3636.06396 0.222806
3636.68604 0.222831
3637.30688 0.222855
3637.92896 0.22288
3638.55103 0.222905
3639.17212 0.222929
3639.79395 0.222954
3640.41699 0.222987
3641.03906 0.223023
3641.66089 0.223054
3642.28296 0.223084
3642.90601 0.223115
3643.52905 0.223146
3644.15088 0.223176
3644.77393 0.223207
3645.39697 0.223238
3646.02002 0.223268
3646.64307 0.223299
3647.26611 0.223329
3647.88989 0.22336
3648.51294 0.223391
3649.13696 0.223421
3649.76001 0.223452
3650.38403 0.223475
3651.00806 0.223494
3651.63208 0.223512
3652.25610 0.223531
3652.88110 0.223549
3653.50488 0.223568
3654.12891 0.223586
3654.75391 0.223605
3655.37793 0.223624
3656.00293 0.223642
3656.62793 0.223661
3657.25293 0.223679
3657.87793 0.223698
3658.50293 0.223716
3659.12891 0.223735
3659.75391 0.223753
3660.37891 0.223779
3661.00488 0.22381
3661.63110 0.223849
3662.25708 0.223889
3662.88306 0.223929
3663.50903 0.223968
3664.13501 0.224008
3664.76099 0.224047
3665.38696 0.224087
3666.01392 0.224127
3666.63989 0.224166
3667.26709 0.224206
3667.89404 0.224246
3668.52100 0.224285
3669.14795 0.224325
3669.77490 0.224365
3670.40210 0.224397
3671.02905 0.224424
3671.65698 0.224452
3672.28394 0.224479
3672.91211 0.224507
3673.54004 0.224534
3674.16699 0.224562
3674.79492 0.224589
3675.42407 0.224617
3676.05200 0.224645
3676.67993 0.224672
3677.30811 0.2247
3677.93701 0.224727
3678.56494 0.224755
3679.19409 0.224782
3679.82300 0.22481
3680.45190 0.224838
3681.08105 0.224865
3681.70996 0.224896
3682.33911 0.224926
3682.96899 0.224956
3683.59790 0.224987
3684.22803 0.225017
3684.85693 0.225047
3685.48706 0.225078
3686.11694 0.225108
3686.74707 0.225138
3687.37695 0.225168
3688.00708 0.225199
3688.63794 0.225229
3689.26807 0.22526
3689.89893 0.22529
3690.52905 0.225331
3691.15991 0.225373
3691.79102 0.225416
3692.42212 0.225459
3693.05298 0.225502
3693.68408 0.225544
3694.31592 0.225587
3694.94702 0.22563
3695.57788 0.225673
3696.20996 0.225716
3696.84204 0.225759
3697.47412 0.225801
3698.10596 0.225844
3698.73804 0.225887
3699.37012 0.22593
3700.00195 0.225973
3700.63501 0.226003
3701.26709 0.226032
3701.89990 0.226056
3702.53198 0.22608
3703.16504 0.226104
3703.79810 0.226129
3704.43091 0.226153
3705.06396 0.226177
3705.69702 0.226201
3706.33105 0.226226
3706.96411 0.22625
3707.59790 0.226274
3708.23096 0.226299
3708.86499 0.226323
3709.49902 0.226347
3710.13306 0.226374
3710.76709 0.226411
3711.40088 0.226448
3712.03589 0.226484
3712.66992 0.226521
3713.30493 0.226558
3713.93896 0.226595
3714.57397 0.226632
3715.20898 0.226668
3715.84399 0.226705
3716.47900 0.226742
3717.11401 0.226779
3717.75000 0.226816
3718.38501 0.226853
3719.02100 0.22689
3719.65601 0.226926
3720.29199 0.226958
3720.92798 0.226982
3721.56396 0.227004
3722.19995 0.227025
3722.83594 0.227047
3723.47192 0.227068
3724.10889 0.227089
3724.74512 0.22711
3725.38208 0.227132
3726.01807 0.227153
3726.65503 0.227174
3727.29199 0.227196
3727.92896 0.227217
3728.56592 0.227238
3729.20410 0.22726
3729.84106 0.227281
3730.47900 0.227302
3731.11597 0.227324
3731.75391 0.227345
3732.39209 0.227366
3733.02905 0.227388
3733.66699 0.227409
3734.30591 0.227431
3734.94409 0.227452
3735.58203 0.227473
3736.22095 0.227495
3736.85889 0.227516
3737.49805 0.227538
3738.13696 0.227559
3738.77588 0.22758
3739.41504 0.227602
3740.05396 0.227624
3740.69312 0.227658
3741.33203 0.227693
3741.97192 0.22773
3742.61108 0.227766
3743.25098 0.227802
3743.89111 0.227839
3744.53101 0.227875
3745.16992 0.227912
3745.81104 0.227948
3746.45093 0.227985
3747.09106 0.228021
3747.73096 0.228057
3748.37207 0.228094
3749.01294 0.22813
3749.65405 0.228167
3750.29395 0.228197
3750.93506 0.228221
3751.57593 0.228245
3752.21802 0.228269
3752.85889 0.228293
3753.50000 0.228317
3754.14209 0.22834
3754.78296 0.228364
3755.42505 0.228388
3756.06689 0.228412
3756.70898 0.228436
3757.35107 0.22846
3757.99292 0.228483
3758.63501 0.228507
3759.27808 0.228531
3759.91992 0.228555
3760.56299 0.22859
3761.20605 0.228628
3761.84912 0.228671
3762.49097 0.228714
3763.13501 0.228757
3763.77808 0.228799
3764.42090 0.228843
3765.06396 0.228885
3765.70801 0.228928
3766.35205 0.228971
3766.99512 0.229014
3767.63892 0.229057
3768.28296 0.2291
3768.92700 0.229143
3769.57104 0.229186
3770.21606 0.229225
3770.86011 0.229255
3771.50391 0.229286
3772.14893 0.229316
3772.79395 0.229346
3773.43799 0.229376
3774.08301 0.229406
3774.72900 0.229436
3775.37402 0.229467
3776.01904 0.229497
3776.66406 0.229527
3777.31006 0.229557
3777.95508 0.229588
3778.60107 0.229618
3779.24707 0.229648
3779.89307 0.229679
3780.53906 0.229709
3781.18506 0.229738
3781.83105 0.229764
3782.47803 0.22979
3783.12402 0.229816
3783.77100 0.229842
3784.41699 0.229868
3785.06396 0.229893
3785.71094 0.229919
3786.35791 0.229945
3787.00488 0.229971
3787.65210 0.229997
3788.30005 0.230023
3788.94702 0.230049
3789.59497 0.230074
3790.24194 0.230105
3790.88989 0.230144
3791.53809 0.230183
3792.18604 0.230222
3792.83398 0.23026
3793.48291 0.230299
3794.13110 0.230338
3794.77905 0.230377
3795.42798 0.230416
3796.07690 0.230455
3796.72607 0.230493
3797.37402 0.230532
3798.02295 0.230571
3798.67310 0.23061
3799.32202 0.230649
3799.97095 0.230688
3800.62109 0.230762
3801.27002 0.230838
3801.91992 0.230913
3802.57007 0.230989
3803.21899 0.231065
3803.87012 0.231141
3804.52002 0.231217
3805.16992 0.231293
3805.82007 0.231369
3806.47095 0.231445
3807.12109 0.231521
3807.77197 0.231597
3808.42310 0.231673
3809.07397 0.231749
3809.72510 0.231825
3810.37598 0.231901
3811.02710 0.231977
3811.67798 0.232053
3812.33008 0.232129
3812.98096 0.232205
3813.63306 0.232281
3814.28491 0.232357
3814.93701 0.232433
3815.58911 0.23251
3816.24097 0.232586
3816.89307 0.232662
3817.54590 0.232738
3818.19800 0.232814
3818.85107 0.23289
3819.50293 0.232966
3820.15601 0.233046
3820.80908 0.233135
3821.46191 0.233225
3822.11499 0.233314
3822.76904 0.233404
3823.42212 0.233494
3824.07495 0.233584
3824.72900 0.233674
3825.38306 0.233764
3826.03589 0.233854
3826.68994 0.233944
3827.34399 0.234034
3827.99902 0.234125
3828.65308 0.234215
3829.30688 0.234305
3829.96191 0.234395
3830.61597 0.234473
3831.27100 0.234549
3831.92603 0.234626
3832.58105 0.234703
3833.23608 0.23478
3833.89111 0.234857
3834.54590 0.234934
3835.20093 0.235011
3835.85693 0.235088
3836.51196 0.235164
3837.16797 0.235241
3837.82397 0.235318
3838.47998 0.235395
3839.13599 0.235472
3839.79199 0.235549
3840.44800 0.235635
3841.10498 0.235726
3841.76099 0.235817
3842.41797 0.235908
3843.07495 0.236
3843.73096 0.236091
3844.38794 0.236182
3845.04492 0.236274
3845.70288 0.236365
3846.36011 0.236456
3847.01709 0.236548
3847.67505 0.23664
3848.33301 0.236731
3848.98999 0.236823
3849.64795 0.236914
3850.30591 0.236999
3850.96411 0.237077
3851.62207 0.237155
3852.28101 0.237233
3852.93896 0.237312
3853.59692 0.23739
3854.25610 0.237467
3854.91504 0.237546
3855.57397 0.237624
3856.23291 0.237702
3856.89209 0.23778
3857.55103 0.237858
3858.20996 0.237936
3858.87012 0.238014
3859.52905 0.238093
3860.18896 0.238171
3860.84790 0.238249
3861.50806 0.238326
3862.16797 0.238402
3862.82788 0.238478
3863.48901 0.238555
3864.14893 0.238631
3864.80908 0.238707
3865.46997 0.238784
3866.13110 0.23886
3866.79102 0.238936
3867.45190 0.239013
3868.11304 0.239089
3868.77393 0.239166
3869.43604 0.239242
3870.09692 0.23932
3870.75806 0.23941
3871.41992 0.2395
3872.08203 0.239591
3872.74292 0.239681
3873.40503 0.239771
3874.06689 0.239861
3874.72900 0.239951
3875.39209 0.240041
3876.05396 0.240132
3876.71704 0.240222
3877.37891 0.240312
3878.04199 0.240403
3878.70508 0.240493
3879.36694 0.240584
3880.03101 0.240673
3880.69409 0.24075
3881.35693 0.240826
3882.02002 0.240901
3882.68408 0.240977
3883.34692 0.241052
3884.01099 0.241127
3884.67505 0.241203
3885.33911 0.241278
3886.00293 0.241353
3886.66699 0.241429
3887.33105 0.241504
3887.99609 0.24158
3888.65991 0.241655
3889.32495 0.24173
3889.98999 0.241806
3890.65503 0.241881
3891.31909 0.241957
3891.98511 0.242032
3892.64990 0.242107
3893.31494 0.242183
3893.97998 0.242258
3894.64600 0.242333
3895.31201 0.242409
3895.97705 0.242484
3896.64307 0.24256
3897.30908 0.242635
3897.97510 0.24271
3898.64209 0.242786
3899.30811 0.242861
3899.97412 0.242937
3900.64111 0.243026
3901.30811 0.243116
3901.97412 0.243209
3902.64111 0.243302
3903.30811 0.243395
3903.97510 0.243488
3904.64307 0.243581
3905.31006 0.243674
3905.97705 0.243767
3906.64502 0.243861
3907.31299 0.243954
3907.97998 0.244047
3908.64795 0.24414
3909.31592 0.244233
3909.98511 0.244327
3910.65308 0.244406
3911.32104 0.244485
3911.98999 0.244564
3912.65796 0.244643
3913.32690 0.244722
3913.99609 0.244801
3914.66504 0.24488
3915.33398 0.244959
3916.00293 0.245038
3916.67212 0.245117
3917.34204 0.245196
3918.01099 0.245275
3918.68091 0.245355
3919.35107 0.245434
3920.02100 0.245513
3920.68994 0.245592
3921.36108 0.24567
3922.03101 0.245747
3922.70093 0.245823
3923.37207 0.2459
3924.04199 0.245977
3924.71289 0.246054
3925.38403 0.24613
3926.05396 0.246207
3926.72607 0.246284
3927.39697 0.246361
3928.06812 0.246437
3928.73901 0.246514
3929.41089 0.246591
3930.08203 0.24667
3930.75391 0.246761
3931.42603 0.246852
3932.09790 0.246943
3932.77002 0.247034
3933.44189 0.247125
3934.11401 0.247216
3934.78711 0.247307
3935.45898 0.247399
3936.13208 0.24749
3936.80396 0.247581
3937.47705 0.247672
3938.14990 0.247764
3938.82300 0.247855
3939.49707 0.247946
3940.16992 0.248034
3940.84302 0.248111
3941.51709 0.248188
3942.18994 0.248264
3942.86401 0.248341
3943.53809 0.248417
3944.21191 0.248494
3944.88599 0.24857
3945.56104 0.248647
3946.23511 0.248724
3946.90894 0.2488
3947.58398 0.248877
3948.25903 0.248954
3948.93311 0.24903
3949.60791 0.249107
3950.28296 0.249184
3950.95801 0.24926
3951.63403 0.249337
3952.30908 0.249413
3952.98511 0.24949
3953.65991 0.249566
3954.33594 0.249643
