threeML/data/optical_filters/HST/WFC3_UVIS1-G280.ecsv
# %ECSV 0.9
# ---
# datatype:
# - {name: wavelength, unit: Angstrom, datatype: float32}
# - {name: response, datatype: float32}
# meta: !!omap
# - {band_name: G280}
# - {group_name: WFC3_UVIS1}
wavelength response
1799.37988 0.0
1999.31104 0.024562
1999.62305 0.049213
1999.93506 0.073915
2000.24695 0.079097
2000.55798 0.07911
2000.87000 0.079124
2001.18201 0.079137
2001.49402 0.079151
2001.80603 0.079164
2002.11804 0.079177
2002.43103 0.079191
2002.74304 0.079204
2003.05505 0.079218
2003.36694 0.079231
2003.68005 0.079245
2003.99194 0.079258
2004.30396 0.079271
2004.61694 0.079285
2004.92896 0.079298
2005.24194 0.079312
2005.55505 0.079325
2005.86694 0.079338
2006.18005 0.079352
2006.49304 0.079365
2006.80603 0.079378
2007.11804 0.079392
2007.43103 0.079405
2007.74402 0.079418
2008.05701 0.079432
2008.37000 0.079445
2008.68298 0.079458
2008.99695 0.079472
2009.31006 0.079485
2009.62305 0.079498
2009.93604 0.079512
2010.25000 0.079525
2010.56299 0.079538
2010.87695 0.079551
2011.18994 0.079564
2011.50403 0.079577
2011.81702 0.079591
2012.13098 0.079604
2012.44495 0.079617
2012.75806 0.07963
2013.07202 0.079643
2013.38599 0.079656
2013.69995 0.07967
2014.01404 0.079683
2014.32800 0.079696
2014.64197 0.079709
2014.95605 0.079722
2015.27002 0.079735
2015.58398 0.079748
2015.89795 0.079761
2016.21301 0.079774
2016.52698 0.079787
2016.84094 0.0798
2017.15601 0.079813
2017.46997 0.079827
2017.78503 0.07984
2018.09900 0.079853
2018.41394 0.079866
2018.72900 0.079879
2019.04297 0.079892
2019.35803 0.079905
2019.67297 0.079918
2019.98804 0.079931
2020.30298 0.079941
2020.61804 0.079952
2020.93298 0.079962
2021.24805 0.079973
2021.56299 0.079983
2021.87805 0.079993
2022.19299 0.080004
2022.50903 0.080014
2022.82397 0.080025
2023.13904 0.080035
2023.45496 0.080045
2023.77002 0.080056
2024.08606 0.080066
2024.40100 0.080077
2024.71704 0.080087
2025.03296 0.080097
2025.34802 0.080108
2025.66394 0.080118
2025.97998 0.080128
2026.29602 0.080139
2026.61206 0.080149
2026.92798 0.080159
2027.24402 0.080169
2027.56006 0.08018
2027.87598 0.08019
2028.19202 0.0802
2028.50806 0.080211
2028.82397 0.080221
2029.14099 0.080231
2029.45703 0.080241
2029.77295 0.080251
2030.08997 0.080262
2030.40601 0.080275
2030.72302 0.080287
2031.04004 0.0803
2031.35596 0.080312
2031.67297 0.080325
2031.98999 0.080337
2032.30603 0.08035
2032.62305 0.080362
2032.93994 0.080374
2033.25696 0.080387
2033.57397 0.080399
2033.89099 0.080412
2034.20801 0.080424
2034.52502 0.080436
2034.84302 0.080449
2035.16003 0.080461
2035.47705 0.080474
2035.79395 0.080486
2036.11206 0.080498
2036.42896 0.080511
2036.74695 0.080523
2037.06396 0.080535
2037.38196 0.080548
2037.69897 0.08056
2038.01697 0.080572
2038.33496 0.080585
2038.65295 0.080597
2038.96997 0.080609
2039.28796 0.080621
2039.60596 0.080634
2039.92395 0.080646
2040.24194 0.080658
2040.56006 0.08067
2040.87805 0.080682
2041.19702 0.080694
2041.51501 0.080706
2041.83301 0.080718
2042.15100 0.08073
2042.46997 0.080743
2042.78796 0.080755
2043.10706 0.080767
2043.42505 0.080779
2043.74402 0.080791
2044.06201 0.080803
2044.38098 0.080815
2044.69995 0.080827
2045.01904 0.080839
2045.33801 0.080851
2045.65601 0.080863
2045.97498 0.080875
2046.29395 0.080886
2046.61304 0.080898
2046.93201 0.08091
2047.25098 0.080922
2047.57104 0.080934
2047.89001 0.080946
2048.20898 0.080958
2048.52905 0.08097
2048.84790 0.080982
2049.16699 0.080994
2049.48706 0.081006
2049.80591 0.081017
2050.12598 0.081031
2050.44604 0.081048
2050.76489 0.081065
2051.08496 0.081082
2051.40503 0.081099
2051.72412 0.081116
2052.04395 0.081134
2052.36401 0.081151
2052.68408 0.081168
2053.00391 0.081185
2053.32397 0.081202
2053.64404 0.081219
2053.96509 0.081236
2054.28491 0.081253
2054.60498 0.08127
2054.92505 0.081286
2055.24609 0.081303
2055.56592 0.08132
2055.88696 0.081337
2056.20703 0.081354
2056.52808 0.081371
2056.84790 0.081388
2057.16895 0.081405
2057.48999 0.081422
2057.81104 0.081439
2058.13110 0.081456
2058.45190 0.081473
2058.77295 0.08149
2059.09399 0.081507
2059.41504 0.081524
2059.73608 0.08154
2060.05688 0.081557
2060.37793 0.081574
2060.69995 0.081591
2061.02100 0.081607
2061.34204 0.081624
2061.66406 0.081641
2061.98511 0.081657
2062.30591 0.081674
2062.62793 0.08169
2062.94897 0.081707
2063.27100 0.081724
2063.59302 0.08174
2063.91504 0.081757
2064.23608 0.081773
2064.55811 0.08179
2064.87988 0.081807
2065.20190 0.081823
2065.52393 0.08184
2065.84595 0.081856
2066.16797 0.081873
2066.48999 0.081889
2066.81201 0.081906
2067.13501 0.081922
2067.45703 0.081939
2067.77905 0.081955
2068.10205 0.081972
2068.42407 0.081989
2068.74609 0.082005
2069.06909 0.082022
2069.39209 0.082038
2069.71411 0.082055
2070.03711 0.082071
2070.36011 0.082084
2070.68188 0.082098
2071.00488 0.082112
2071.32788 0.082125
2071.65088 0.082139
2071.97412 0.082153
2072.29712 0.082166
2072.62012 0.08218
2072.94312 0.082194
2073.26611 0.082207
2073.59009 0.082221
2073.91309 0.082234
2074.23608 0.082248
2074.56006 0.082262
2074.88306 0.082275
2075.20703 0.082289
2075.53003 0.082302
2075.85400 0.082316
2076.17700 0.082329
2076.50098 0.082343
2076.82495 0.082357
2077.14795 0.08237
2077.47192 0.082384
2077.79590 0.082397
2078.12012 0.082411
2078.44409 0.082424
2078.76807 0.082438
2079.09204 0.082451
2079.41602 0.082465
2079.73999 0.082478
2080.06494 0.082492
2080.38892 0.082508
2080.71289 0.082523
2081.03809 0.082539
2081.36206 0.082555
2081.68701 0.08257
2082.01099 0.082586
2082.33594 0.082602
2082.65991 0.082617
2082.98511 0.082633
2083.31006 0.082649
2083.63501 0.082664
2083.95898 0.08268
2084.28394 0.082696
2084.60889 0.082711
2084.93408 0.082727
2085.25903 0.082742
2085.58398 0.082758
2085.90991 0.082774
2086.23511 0.082789
2086.56006 0.082805
2086.88501 0.08282
2087.21094 0.082836
2087.53589 0.082851
2087.86206 0.082867
2088.18701 0.082883
2088.51294 0.082898
2088.83789 0.082914
2089.16406 0.082929
2089.48999 0.082945
2089.81494 0.08296
2090.14111 0.082976
2090.46704 0.082991
2090.79297 0.083006
2091.11890 0.083021
2091.44507 0.083036
2091.77100 0.083051
2092.09692 0.083067
2092.42310 0.083082
2092.75000 0.083097
2093.07593 0.083112
2093.40210 0.083127
2093.72900 0.083142
2094.05493 0.083157
2094.38110 0.083172
2094.70801 0.083187
2095.03394 0.083202
2095.36108 0.083218
2095.68799 0.083233
2096.01392 0.083248
2096.34106 0.083263
2096.66797 0.083278
2096.99512 0.083293
2097.32202 0.083308
2097.64893 0.083323
2097.97607 0.083338
2098.30298 0.083353
2098.62988 0.083368
2098.95703 0.083383
2099.28394 0.083398
2099.61206 0.083413
2099.93896 0.083428
2100.26611 0.083497
2100.59399 0.083579
2100.92090 0.08366
2101.24902 0.083742
2101.57593 0.083824
2101.90405 0.083906
2102.23193 0.083988
2102.56006 0.08407
2102.88696 0.084152
2103.21509 0.084234
2103.54297 0.084316
2103.87109 0.084398
2104.19897 0.08448
2104.52710 0.084563
2104.85498 0.084645
2105.18311 0.084727
2105.51099 0.08481
2105.84009 0.084892
2106.16797 0.084975
2106.49707 0.085058
2106.82495 0.08514
2107.15308 0.085223
2107.48193 0.085306
2107.81104 0.085389
2108.13892 0.085472
2108.46802 0.085555
2108.79590 0.085638
2109.12500 0.085721
2109.45410 0.085804
2109.78296 0.085887
2110.11206 0.085971
2110.44092 0.086053
2110.77002 0.086136
2111.09912 0.08622
2111.42798 0.086303
2111.75708 0.086386
2112.08594 0.086469
2112.41602 0.086552
2112.74512 0.086636
2113.07397 0.086719
2113.40405 0.086803
2113.73291 0.086886
2114.06299 0.08697
2114.39209 0.087053
2114.72192 0.087137
2115.05200 0.087221
2115.38208 0.087305
2115.71094 0.087388
2116.04102 0.087472
2116.37109 0.087556
2116.70093 0.08764
2117.03101 0.087724
2117.36108 0.087809
2117.69092 0.087893
2118.02100 0.087977
2118.35205 0.088061
2118.68188 0.088146
2119.01196 0.08823
2119.34302 0.088315
2119.67310 0.088399
2120.00293 0.088484
2120.33398 0.088565
2120.66406 0.088647
2120.99512 0.088729
2121.32593 0.08881
2121.65601 0.088892
2121.98706 0.088974
2122.31812 0.089055
2122.64893 0.089137
2122.97998 0.089219
2123.31104 0.089301
2123.64209 0.089383
2123.97290 0.089465
2124.30396 0.089547
2124.63501 0.089629
2124.96704 0.089711
2125.29810 0.089794
2125.62891 0.089876
2125.95996 0.089958
2126.29199 0.090041
2126.62305 0.090123
2126.95508 0.090206
2127.28711 0.090288
2127.61792 0.090371
2127.94995 0.090454
2128.28198 0.090536
2128.61401 0.090619
2128.94507 0.090702
2129.27710 0.090785
2129.60889 0.090868
2129.94092 0.090951
2130.27295 0.091036
2130.60498 0.091121
2130.93701 0.091207
2131.27002 0.091292
2131.60205 0.091378
2131.93408 0.091463
2132.26709 0.091549
2132.59912 0.091635
2132.93188 0.091721
2133.26392 0.091807
2133.59692 0.091893
2133.92896 0.091979
2134.26196 0.092065
2134.59497 0.092151
2134.92700 0.092237
2135.26001 0.092323
2135.59302 0.09241
2135.92603 0.092496
2136.25903 0.092583
2136.59204 0.092669
2136.92505 0.092756
2137.25903 0.092842
2137.59204 0.092929
2137.92505 0.093016
2138.25806 0.093102
2138.59204 0.093189
2138.92505 0.093276
2139.25903 0.093363
2139.59204 0.09345
2139.92603 0.093537
2140.25903 0.093624
2140.59302 0.093711
2140.92700 0.093797
2141.26001 0.093884
2141.59399 0.093971
2141.92798 0.094058
2142.26196 0.094145
2142.59595 0.094232
2142.92993 0.094319
2143.26392 0.094406
2143.59790 0.094493
2143.93311 0.09458
2144.26709 0.094667
2144.60107 0.094755
2144.93604 0.094842
2145.27002 0.094929
2145.60400 0.095017
2145.93896 0.095104
2146.27295 0.095192
2146.60791 0.09528
2146.94312 0.095368
2147.27710 0.095455
2147.61206 0.095543
2147.94702 0.095631
2148.28198 0.095719
2148.61694 0.095807
2148.95190 0.095895
2149.28711 0.095983
2149.62207 0.096072
2149.95703 0.09616
2150.29199 0.096248
2150.62695 0.096335
2150.96289 0.096423
2151.29810 0.096511
2151.63306 0.096599
2151.96899 0.096687
2152.30396 0.096775
2152.63989 0.096863
2152.97607 0.096951
2153.31104 0.097039
2153.64697 0.097128
2153.98291 0.097216
2154.31812 0.097304
2154.65405 0.097393
2154.98999 0.097481
2155.32593 0.09757
2155.66211 0.097659
2155.99805 0.097747
2156.33398 0.097836
2156.67090 0.097925
2157.00708 0.098014
2157.34302 0.098103
2157.67896 0.098192
2158.01611 0.098281
2158.35205 0.09837
2158.68896 0.098459
2159.02490 0.098548
2159.36206 0.098637
2159.69800 0.098727
2160.03491 0.098816
2160.37207 0.098901
2160.70898 0.098987
2161.04590 0.099073
2161.38306 0.099158
2161.71899 0.099244
2162.05688 0.09933
2162.39404 0.099416
2162.73096 0.099502
2163.06812 0.099588
2163.40503 0.099674
2163.74194 0.09976
2164.08008 0.099847
2164.41699 0.099933
2164.75488 0.100019
2165.09204 0.100106
2165.42993 0.100192
2165.76709 0.100278
2166.10498 0.100365
2166.44312 0.100451
2166.78003 0.100538
2167.11792 0.100625
2167.45605 0.100711
2167.79395 0.100798
2168.13208 0.100885
2168.46997 0.100972
2168.80811 0.101059
2169.14600 0.101146
2169.48389 0.101233
2169.82300 0.10132
2170.16089 0.101408
2170.49902 0.101498
2170.83691 0.101588
2171.17603 0.101678
2171.51392 0.101767
2171.85303 0.101857
2172.19189 0.101947
2172.53003 0.102037
2172.86890 0.102127
2173.20801 0.102218
2173.54590 0.102308
2173.88501 0.102398
2174.22412 0.102488
2174.56299 0.102579
2174.90210 0.102669
2175.24097 0.10276
2175.58008 0.10285
2175.91992 0.102941
2176.25903 0.103031
2176.59790 0.103122
2176.93799 0.103213
2177.27710 0.103304
2177.61597 0.103395
2177.95605 0.103486
2178.29492 0.103577
2178.63501 0.103668
2178.97510 0.103759
2179.31396 0.10385
2179.65405 0.103941
2179.99390 0.104033
2180.33398 0.104123
2180.67407 0.104214
2181.01392 0.104305
2181.35400 0.104395
2181.69409 0.104486
2182.03394 0.104577
2182.37402 0.104668
2182.71411 0.104759
2183.05493 0.10485
2183.39502 0.104941
2183.73511 0.105032
2184.07593 0.105123
2184.41602 0.105215
2184.75708 0.105306
2185.09692 0.105397
2185.43799 0.105489
2185.77905 0.10558
2186.12012 0.105672
2186.45996 0.105763
2186.80103 0.105855
2187.14209 0.105947
2187.48291 0.106038
2187.82397 0.10613
2188.16504 0.106222
2188.50708 0.106314
2188.84790 0.106406
2189.18896 0.106498
2189.53003 0.10659
2189.87207 0.106682
2190.21289 0.106774
2190.55396 0.106866
2190.89600 0.106957
2191.23804 0.107049
2191.57910 0.10714
2191.92090 0.107232
2192.26196 0.107324
2192.60400 0.107415
2192.94604 0.107507
2193.28809 0.107599
2193.62988 0.107691
2193.97192 0.107783
2194.31396 0.107875
2194.65601 0.107967
2194.99805 0.108059
2195.34106 0.108151
2195.68311 0.108244
2196.02490 0.108336
2196.36694 0.108429
2196.70996 0.108521
2197.05200 0.108614
2197.39502 0.108706
2197.73706 0.108799
2198.08008 0.108891
2198.42310 0.108984
2198.76489 0.109077
2199.10791 0.10917
2199.45093 0.109263
2199.79395 0.109356
2200.13696 0.109448
2200.47998 0.10954
2200.82300 0.109631
2201.16602 0.109723
2201.50903 0.109815
2201.85303 0.109906
2202.19604 0.109998
2202.53906 0.11009
2202.88306 0.110182
2203.22607 0.110274
2203.56909 0.110366
2203.91309 0.110458
2204.25708 0.110549
2204.60010 0.110642
2204.94409 0.110734
2205.28809 0.110826
2205.63208 0.110918
2205.97510 0.11101
2206.31909 0.111102
2206.66309 0.111195
2207.00708 0.111287
2207.35107 0.111379
2207.69604 0.111472
2208.04004 0.111564
2208.38403 0.111657
2208.72803 0.111749
2209.07300 0.111842
2209.41699 0.111934
2209.76099 0.112027
2210.10596 0.11212
2210.44995 0.112216
2210.79492 0.112311
2211.13989 0.112406
2211.48511 0.112502
2211.82910 0.112597
2212.17407 0.112693
2212.51904 0.112788
2212.86401 0.112884
2213.20898 0.11298
2213.55396 0.113075
2213.89893 0.113171
2214.24390 0.113267
2214.58911 0.113363
2214.93506 0.113459
2215.28003 0.113555
2215.62500 0.113651
2215.97095 0.113747
2216.31592 0.113843
2216.66211 0.113939
2217.00708 0.114035
2217.35303 0.114131
2217.69897 0.114227
2218.04395 0.114324
2218.38989 0.11442
2218.73608 0.114516
2219.08203 0.114613
2219.42798 0.114709
2219.77393 0.114806
2220.12012 0.114902
2220.46606 0.114997
2220.81201 0.115093
2221.15894 0.115188
2221.50488 0.115284
2221.85107 0.11538
2222.19800 0.115475
2222.54395 0.115571
2222.89111 0.115667
2223.23706 0.115763
2223.58398 0.115858
2223.92993 0.115954
2224.27710 0.11605
2224.62402 0.116146
2224.97095 0.116242
2225.31812 0.116338
2225.66504 0.116434
2226.01099 0.11653
2226.35889 0.116627
2226.70605 0.116723
2227.05298 0.116819
2227.39990 0.116915
2227.74707 0.117012
2228.09399 0.117108
2228.44189 0.117205
2228.78906 0.117301
2229.13696 0.117398
2229.48389 0.117494
2229.83203 0.117591
2230.17896 0.117676
2230.52710 0.11775
2230.87500 0.117824
2231.22290 0.117898
2231.57104 0.117972
2231.91797 0.118046
2232.26709 0.11812
2232.61499 0.118194
2232.96289 0.118268
2233.31104 0.118342
2233.65894 0.118416
2234.00708 0.11849
2234.35498 0.118565
2234.70410 0.118639
2235.05200 0.118713
2235.40088 0.118787
2235.74902 0.118861
2236.09790 0.118935
2236.44604 0.11901
2236.79492 0.119084
2237.14404 0.119158
2237.49194 0.119232
2237.84106 0.119306
2238.18994 0.11938
2238.53906 0.119455
2238.88794 0.119529
2239.23706 0.119603
2239.58594 0.119677
2239.93604 0.119752
2240.28491 0.119822
2240.63403 0.119891
2240.98291 0.11996
2241.33301 0.120029
2241.68188 0.120098
2242.03101 0.120167
2242.38110 0.120236
2242.73096 0.120305
2243.08008 0.120374
2243.42993 0.120443
2243.78003 0.120512
2244.12988 0.120581
2244.47900 0.12065
2244.82910 0.120719
2245.17896 0.120788
2245.52905 0.120858
2245.87891 0.120927
2246.22900 0.120996
2246.58008 0.121065
2246.92993 0.121134
2247.28003 0.121203
2247.63110 0.121272
2247.98096 0.121341
2248.33203 0.12141
2248.68188 0.121479
2249.03296 0.121548
2249.38306 0.121617
2249.73389 0.121686
2250.08496 0.121756
2250.43604 0.121828
2250.78589 0.1219
2251.13696 0.121971
2251.48804 0.122043
2251.83911 0.122115
2252.18994 0.122187
2252.54199 0.122259
2252.89307 0.12233
2253.24390 0.122402
2253.59497 0.122474
2253.94702 0.122546
2254.29810 0.122618
2254.64893 0.12269
2255.00098 0.122761
2255.35205 0.122833
2255.70410 0.122905
2256.05591 0.122977
2256.40698 0.123049
2256.75903 0.123121
2257.11108 0.123193
2257.46289 0.123264
2257.81494 0.123336
2258.16699 0.123408
2258.51904 0.12348
2258.87109 0.123552
2259.22290 0.123624
2259.57495 0.123696
2259.92798 0.123768
2260.28003 0.123838
2260.63208 0.123909
2260.98511 0.12398
2261.33691 0.12405
2261.68994 0.124121
2262.04199 0.124191
2262.39502 0.124262
2262.74805 0.124332
2263.10107 0.124403
2263.45288 0.124474
2263.80591 0.124544
2264.15894 0.124615
2264.51196 0.124685
2264.86499 0.124756
2265.21802 0.124827
2265.57202 0.124897
