threeML/data/optical_filters/HST/WFC3_UVIS2-F775W.ecsv
# %ECSV 0.9
# ---
# datatype:
# - {name: wavelength, unit: Angstrom, datatype: float32}
# - {name: response, datatype: float32}
# meta: !!omap
# - {band_name: F775W}
# - {group_name: WFC3_UVIS2}
wavelength response
6127.88281 0.0
6808.75879 0.000404
6809.92285 0.000417
6811.08887 0.000429
6812.25391 0.000443
6813.41895 0.000459
6814.58496 0.000475
6815.75098 0.00049
6816.91699 0.000506
6818.08301 0.000522
6819.25000 0.000538
6820.41699 0.000554
6821.58398 0.00057
6822.75098 0.000591
6823.91797 0.000614
6825.08594 0.000637
6826.25391 0.00066
6827.42090 0.000683
6828.58984 0.000706
6829.75781 0.000729
6830.92676 0.000752
6832.09521 0.000776
6833.26416 0.000807
6834.43408 0.000837
6835.60303 0.000868
6836.77197 0.000898
6837.94189 0.000929
6839.11182 0.000959
6840.28223 0.00099
6841.45312 0.00102
6842.62305 0.001057
6843.79395 0.001099
6844.96484 0.001141
6846.13623 0.001183
6847.30713 0.001224
6848.47900 0.001266
6849.64990 0.001307
6850.82178 0.001349
6851.99512 0.001392
6853.16699 0.001448
6854.33887 0.001503
6855.51221 0.001558
6856.68506 0.001614
6857.85791 0.001669
6859.03223 0.001724
6860.20508 0.00178
6861.37891 0.001835
6862.55322 0.001902
6863.72705 0.001979
6864.90088 0.002055
6866.07617 0.002132
6867.25000 0.002208
6868.42480 0.002285
6869.60107 0.002361
6870.77588 0.002438
6871.95215 0.002516
6873.12695 0.002627
6874.30322 0.002738
6875.47900 0.002849
6876.65576 0.00296
6877.83301 0.00307
6879.00879 0.003181
6880.18604 0.003292
6881.36279 0.003403
6882.54102 0.003537
6883.71777 0.00369
6884.89600 0.003843
6886.07422 0.003997
6887.25195 0.00415
6888.43018 0.004303
6889.60889 0.004456
6890.78809 0.004609
6891.96680 0.004765
6893.14600 0.00497
6894.32520 0.005175
6895.50488 0.005381
6896.68506 0.005586
6897.86523 0.005791
6899.04492 0.005995
6900.22510 0.0062
6901.40576 0.006405
6902.58594 0.006661
6903.76807 0.006952
6904.94922 0.007244
6906.12988 0.007535
6907.31201 0.007827
6908.49414 0.008118
6909.67578 0.008409
6910.85791 0.0087
6912.04004 0.009006
6913.22314 0.009426
6914.40576 0.009846
6915.58887 0.010266
6916.77197 0.010686
6917.95508 0.011106
6919.13916 0.011526
6920.32324 0.011945
6921.50684 0.012363
6922.69092 0.012884
6923.87500 0.013458
6925.06006 0.014032
6926.24512 0.014605
6927.43018 0.015178
6928.61523 0.01575
6929.80078 0.016323
6930.98584 0.016896
6932.17188 0.017516
6933.35791 0.018301
6934.54395 0.019086
6935.73096 0.019871
6936.91699 0.020655
6938.10400 0.02144
6939.29199 0.022223
6940.47900 0.023006
6941.66699 0.023787
6942.85400 0.024806
6944.04199 0.025887
6945.22998 0.026968
6946.41797 0.028048
6947.60693 0.029128
6948.79492 0.030206
6949.98389 0.031285
6951.17285 0.032366
6952.36279 0.033588
6953.55176 0.035047
6954.74219 0.036505
6955.93213 0.037963
6957.12207 0.03942
6958.31299 0.040877
6959.50293 0.042333
6960.69385 0.043789
6961.88477 0.045244
6963.07617 0.047085
6964.26709 0.048937
6965.45801 0.050788
6966.64990 0.052639
6967.84180 0.054489
6969.03516 0.056339
6970.22705 0.058187
6971.41895 0.060028
6972.61182 0.062103
6973.80518 0.064347
6974.99902 0.06659
6976.19189 0.068832
6977.38477 0.071071
6978.57910 0.073311
6979.77295 0.075548
6980.96680 0.077792
6982.16211 0.080107
6983.35596 0.082711
6984.55078 0.085315
6985.74609 0.087916
6986.94092 0.090518
6988.13721 0.093118
6989.33301 0.095718
6990.52783 0.098317
6991.72412 0.100914
6992.91992 0.10374
6994.11719 0.106613
6995.31299 0.109484
6996.50977 0.112354
6997.70801 0.115224
6998.90479 0.118093
7000.10303 0.120959
7001.29980 0.123804
7002.49805 0.12663
7003.69580 0.129432
7004.89404 0.132233
7006.09277 0.135032
7007.29199 0.13783
7008.49023 0.140625
7009.68896 0.143418
7010.88916 0.146221
7012.08789 0.148992
7013.28809 0.151523
7014.48779 0.154053
7015.68799 0.156582
7016.88916 0.159111
7018.08887 0.161637
7019.29004 0.164162
7020.49121 0.16668
7021.69189 0.169186
7022.89307 0.171384
7024.09521 0.173504
7025.29688 0.175622
7026.49902 0.177738
7027.70117 0.179853
7028.90283 0.181967
7030.10596 0.18408
7031.30908 0.186202
7032.51221 0.188133
7033.71484 0.189855
7034.91797 0.191576
7036.12207 0.193296
7037.32617 0.195014
7038.52979 0.196732
7039.73389 0.198449
7040.93799 0.200165
7042.14307 0.201793
7043.34814 0.202992
7044.55322 0.20419
7045.75781 0.205387
7046.96387 0.206584
7048.16895 0.207779
7049.37500 0.208975
7050.58203 0.210158
7051.78809 0.21133
7052.99512 0.212171
7054.20117 0.212962
7055.40820 0.213752
7056.61523 0.214542
7057.82324 0.215331
7059.02979 0.216119
7060.23779 0.216911
7061.44580 0.217721
7062.65381 0.21838
7063.86182 0.21893
7065.07080 0.219481
7066.27979 0.220031
7067.48877 0.220581
7068.69824 0.22113
7069.90820 0.221679
7071.11719 0.222206
7072.32715 0.222668
7073.53711 0.222989
7074.74707 0.223309
7075.95801 0.22363
7077.16797 0.22395
7078.37891 0.22427
7079.58984 0.22459
7080.80176 0.224925
7082.01318 0.225264
7083.22510 0.225525
7084.43701 0.225786
7085.64893 0.226047
7086.86084 0.226307
7088.07422 0.226568
7089.28613 0.226828
7090.50000 0.227078
7091.71191 0.227314
7092.92578 0.227481
7094.13916 0.227631
7095.35303 0.227781
7096.56689 0.227931
7097.78076 0.22808
7098.99609 0.228229
7100.20996 0.228382
7101.42480 0.228555
7102.64014 0.228716
7103.85498 0.228868
7105.07080 0.229019
7106.28613 0.22917
7107.50195 0.229321
7108.71777 0.229471
7109.93506 0.229622
7111.15088 0.229773
7112.36816 0.229912
7113.58398 0.230028
7114.80176 0.230144
7116.01904 0.23026
7117.23584 0.230376
7118.45410 0.230491
7119.67188 0.230607
7120.89014 0.230704
7122.10791 0.230793
7123.32715 0.23087
7124.54590 0.230947
7125.76514 0.231024
7126.98389 0.2311
7128.20410 0.231177
7129.42285 0.231253
7130.64307 0.231343
7131.86279 0.231443
7133.08301 0.231515
7134.30420 0.231584
7135.52393 0.231653
7136.74512 0.231722
7137.96582 0.231791
7139.18799 0.23186
7140.40918 0.231921
7141.62988 0.231965
7142.85303 0.231999
7144.07520 0.232031
7145.29688 0.232062
7146.52002 0.232093
7147.74219 0.232124
7148.96484 0.232155
7150.18799 0.23219
7151.41211 0.232246
7152.63477 0.232303
7153.85889 0.23236
7155.08301 0.232417
7156.30713 0.232473
7157.53076 0.23253
7158.75586 0.232587
7159.98096 0.232644
7161.20605 0.232676
7162.43115 0.232693
7163.65723 0.232684
7164.88184 0.232676
7166.10791 0.232667
7167.33398 0.232659
7168.56104 0.23265
7169.78711 0.232642
7171.01416 0.232654
7172.24121 0.232667
7173.46777 0.23267
7174.69482 0.232673
7175.92285 0.232676
7177.14990 0.232679
7178.37793 0.232682
7179.60596 0.232684
7180.83496 0.232687
7182.06299 0.232687
7183.29199 0.232647
7184.52100 0.232606
7185.75000 0.232565
7186.97998 0.232525
7188.20996 0.232484
7189.43896 0.232443
7190.66992 0.232389
7191.89990 0.232323
7193.12988 0.232205
7194.36084 0.232084
7195.59180 0.231962
7196.82324 0.231841
7198.05518 0.231719
7199.28613 0.231598
7200.51807 0.231487
7201.75000 0.231391
7202.98193 0.231301
7204.21387 0.231212
7205.44678 0.231124
7206.68018 0.231035
7207.91309 0.230947
7209.14600 0.230858
7210.37891 0.230762
7211.61279 0.230649
7212.84717 0.230492
7214.08105 0.230317
7215.31494 0.230141
7216.54980 0.229966
7217.78516 0.229791
7219.02002 0.229615
7220.25488 0.229445
7221.49023 0.229295
7222.72607 0.22914
7223.96094 0.228982
7225.19678 0.228824
7226.43408 0.228666
7227.66992 0.228508
7228.90723 0.22835
7230.14404 0.228188
7231.37988 0.227994
7232.61816 0.227807
7233.85498 0.227628
7235.09277 0.227448
7236.33105 0.227268
7237.56885 0.227088
7238.80713 0.226908
7240.04492 0.22673
7241.28418 0.226575
7242.52295 0.226407
7243.76221 0.226222
7245.00195 0.226038
7246.24121 0.225853
7247.48096 0.225668
7248.72119 0.225484
7249.96094 0.225299
7251.20215 0.225091
7252.44189 0.224889
7253.68311 0.224697
7254.92383 0.224506
7256.16602 0.224315
7257.40723 0.224124
7258.64893 0.223933
7259.89111 0.223742
7261.13281 0.223573
7262.37500 0.223405
7263.61816 0.223234
7264.85986 0.223063
7266.10400 0.222892
7267.34717 0.222721
7268.58984 0.22255
7269.83398 0.222379
7271.07812 0.222209
7272.32178 0.222047
7273.56592 0.221909
7274.81104 0.221771
7276.05518 0.221633
7277.29980 0.221495
7278.54492 0.221357
7279.79102 0.221219
7281.03613 0.221061
7282.28223 0.220897
7283.52783 0.220725
7284.77393 0.220554
7286.02002 0.220382
7287.26709 0.220211
7288.51416 0.220039
7289.76123 0.219868
7291.00781 0.219716
7292.25488 0.219575
7293.50293 0.219463
7294.75098 0.21935
7295.99902 0.219237
7297.24707 0.219124
7298.49609 0.219011
7299.74512 0.218899
7300.99414 0.218767
7302.24316 0.218636
7303.49219 0.218526
7304.74219 0.218417
7305.99121 0.218307
7307.24121 0.218198
7308.49219 0.218088
7309.74219 0.217979
7310.99316 0.217889
7312.24414 0.2178
7313.49512 0.217698
7314.74609 0.217596
7315.99805 0.217494
7317.24902 0.217392
7318.50098 0.21729
7319.75293 0.217188
7321.00586 0.217067
7322.25781 0.216952
7323.51123 0.216885
7324.76416 0.216818
7326.01709 0.21675
7327.27100 0.216683
7328.52393 0.216616
7329.77783 0.216549
7331.03223 0.216501
7332.28711 0.216457
7333.54102 0.216413
7334.79590 0.216368
7336.05078 0.216324
7337.30615 0.21628
7338.56201 0.216235
7339.81689 0.216191
7341.07324 0.216126
7342.32910 0.216065
7343.58496 0.216027
7344.84082 0.21599
7346.09814 0.215952
7347.35498 0.215914
7348.61182 0.215876
7349.86914 0.215839
7351.12695 0.215822
7352.38477 0.215803
7353.64307 0.215769
7354.90088 0.215735
7356.15918 0.2157
7357.41797 0.215666
7358.67676 0.215632
7359.93604 0.215598
7361.19482 0.215541
7362.45410 0.215481
7363.71387 0.21542
7364.97412 0.215358
7366.23389 0.215296
7367.49414 0.215233
7368.75488 0.215171
7370.01611 0.21511
7371.27588 0.215071
7372.53809 0.215049
7373.79883 0.21505
7375.06104 0.215051
7376.32324 0.215052
7377.58398 0.215052
7378.84717 0.215053
7380.10889 0.215052
7381.37207 0.215028
7382.63477 0.214996
7383.89795 0.214952
7385.16211 0.214909
7386.42480 0.214866
7387.68896 0.214822
7388.95312 0.214779
7390.21680 0.21474
7391.48096 0.21472
7392.74609 0.21469
7394.01123 0.214652
7395.27588 0.214614
7396.54199 0.214575
7397.80713 0.214537
7399.07324 0.214499
7400.33789 0.214454
7401.60400 0.214392
7402.87109 0.214327
7404.13818 0.214262
7405.40381 0.214196
7406.67090 0.214131
7407.93799 0.214066
7409.20605 0.214
7410.47412 0.213944
7411.74219 0.213902
7413.00977 0.213833
7414.27783 0.213756
7415.54688 0.213679
7416.81494 0.213602
7418.08398 0.213524
7419.35400 0.213447
7420.62305 0.213358
7421.89307 0.213257
7423.16309 0.213163
7424.43311 0.21307
7425.70312 0.212977
7426.97314 0.212883
7428.24414 0.21279
7429.51514 0.212697
7430.78613 0.212627
7432.05811 0.212572
7433.32910 0.212475
7434.60107 0.212378
7435.87305 0.212282
7437.14502 0.212185
7438.41699 0.212088
7439.68994 0.211991
7440.96289 0.211877
7442.23584 0.21176
7443.50977 0.211667
7444.78320 0.211574
7446.05713 0.211481
7447.33105 0.211388
7448.60498 0.211295
7449.87891 0.211202
7451.15381 0.211131
7452.42920 0.211054
7453.70410 0.210957
7454.97900 0.21086
7456.25488 0.210763
7457.53076 0.210666
7458.80713 0.210568
7460.08301 0.21047
7461.35889 0.210349
7462.63623 0.210214
7463.91309 0.210062
7465.18896 0.20991
7466.46680 0.209758
7467.74414 0.209606
7469.02197 0.209454
7470.29980 0.209308
7471.57812 0.20918
7472.85596 0.209058
7474.13477 0.208939
7475.41406 0.208819
7476.69189 0.2087
7477.97217 0.208581
7479.25098 0.208462
7480.53076 0.208334
7481.81104 0.208191
7483.09082 0.208058
7484.37109 0.207926
7485.65186 0.207794
7486.93311 0.207663
7488.21289 0.207531
7489.49512 0.2074
7490.77588 0.207283
7492.05811 0.207176
7493.33887 0.207073
7494.62207 0.206971
7495.90381 0.206869
7497.18701 0.206767
7498.46924 0.206665
7499.75195 0.206562
7501.03516 0.206415
7502.31885 0.206252
7503.60205 0.206069
7504.88623 0.205887
7506.16992 0.205705
7507.45508 0.205523
7508.73877 0.205341
7510.02295 0.205159
7511.30908 0.205001
7512.59424 0.204849
7513.87891 0.204705
7515.16504 0.204562
7516.45020 0.204418
7517.73584 0.204274
7519.02197 0.204131
7520.30908 0.203982
7521.59619 0.203815
7522.88281 0.203661
7524.16992 0.203515
7525.45703 0.203369
7526.74512 0.203223
7528.03320 0.203076
7529.32080 0.20293
7530.60889 0.202795
7531.89697 0.202672
7533.18604 0.202543
7534.47510 0.202413
7535.76416 0.202283
7537.05322 0.202153
7538.34277 0.202023
7539.63184 0.201893
7540.92188 0.201747
7542.21289 0.201595
7543.50293 0.20145
7544.79395 0.201306
7546.08398 0.201162
7547.37598 0.201018
7548.66699 0.200874
7549.95801 0.20073
7551.25000 0.200608
7552.54199 0.200492
7553.83398 0.200384
7555.12695 0.200277
7556.41895 0.200169
7557.71191 0.200062
7559.00488 0.199954
7560.29883 0.199841
7561.59180 0.19971
7562.88623 0.199576
7564.18018 0.19944
7565.47412 0.199304
7566.76904 0.199168
7568.06299 0.199032
7569.35791 0.198897
7570.65283 0.198772
7571.94922 0.198659
7573.24414 0.198578
7574.54004 0.198499
7575.83594 0.198422
7577.13184 0.198344
7578.42822 0.198265
7579.72510 0.198187
7581.02197 0.198091
7582.31885 0.19799
7583.61621 0.19789
7584.91406 0.19779
7586.21094 0.197689
7587.50879 0.197589
7588.80811 0.197488
7590.10596 0.19739
7591.40479 0.197312
7592.70410 0.197228
7594.00195 0.197136
7595.30176 0.197045
7596.60205 0.196953
7597.90088 0.196861
7599.20117 0.196769
7600.50098 0.196668
7601.80176 0.196554
7603.10303 0.196455
7604.40283 0.196361
7605.70410 0.196268
7607.00488 0.196174
7608.30713 0.19608
7609.60889 0.195986
7610.91113 0.195892
7612.21289 0.195796
7613.51514 0.195681
7614.81787 0.195566
7616.12109 0.195451
7617.42383 0.195336
7618.72705 0.195222
7620.03076 0.195107
7621.33398 0.195015
7622.63916 0.194932
7623.94287 0.194862
7625.24707 0.194792
7626.55176 0.194722
7627.85596 0.194652
7629.16211 0.194582
7630.46680 0.194494
7631.77197 0.194372
7633.07812 0.194251
7634.38379 0.194129
7635.68994 0.194008
7636.99707 0.193886
7638.30420 0.193765
7639.60986 0.193643
7640.91699 0.193538
7642.22510 0.193436
7643.53223 0.193305
7644.83984 0.193174
7646.14795 0.193044
7647.45605 0.192913
7648.76514 0.192783
7650.07324 0.192651
7651.38184 0.192498
7652.69092 0.192349
7654.00000 0.192205
7655.31006 0.192061
7656.62012 0.191917
7657.93018 0.191773
7659.24023 0.191629
7660.55078 0.191495
7661.86084 0.191373
7663.17188 0.191243
7664.48291 0.191111
7665.79492 0.190979
7667.10596 0.190847
7668.41797 0.190715
7669.72998 0.190583
7671.04199 0.190433
7672.35498 0.190283
7673.66699 0.190149
7674.97998 0.190015
7676.29297 0.189881
7677.60693 0.189747
7678.92090 0.189612
7680.23389 0.189482
7681.54785 0.189371
7682.86279 0.189249
7684.17676 0.189121
7685.49219 0.188992
7686.80713 0.188863
7688.12207 0.188734
7689.43701 0.188606
7690.75293 0.188464
7692.06885 0.188314
7693.38477 0.188178
7694.70117 0.188044
7696.01807 0.187909
7697.33398 0.187774
7698.65088 0.18764
7699.96924 0.187505
7701.28613 0.187371
7702.60400 0.18722
7703.92188 0.187041
7705.24023 0.186863
7706.55811 0.186685
7707.87695 0.186507
7709.19482 0.186329
7710.51514 0.186159
7711.83301 0.186003
7713.15283 0.185878
7714.47314 0.185761
7715.79297 0.185643
7717.11279 0.185526
7718.43311 0.185409
7719.75391 0.185292
7721.07520 0.185157
7722.39600 0.185009
7723.71680 0.184822
7725.03906 0.184635
7726.35986 0.184448
7727.68213 0.184262
7729.00391 0.184076
7730.32715 0.183895
7731.64893 0.18373
7732.97217 0.183589
7734.29492 0.183459
7735.61914 0.18333
7736.94189 0.183201
7738.26611 0.183072
7739.58984 0.182944
7740.91406 0.1828
7742.23779 0.182646
7743.56299 0.182461
7744.88818 0.182276
7746.21289 0.18209
7747.53809 0.181905
7748.86377 0.18172
7750.18896 0.181538
7751.51611 0.181375
7752.84180 0.181224
7754.16797 0.181084
7755.49512 0.180944
7756.82178 0.180804
7758.14893 0.180664
7759.47705 0.180524
7760.80420 0.180371
7762.13184 0.180209
7763.45996 0.180047
7764.78809 0.179884
7766.11719 0.179721
7767.44482 0.179559
7768.77393 0.179396
7770.10400 0.179234
7771.43311 0.179071
7772.76318 0.178913
7774.09277 0.178758
7775.42285 0.178604
7776.75293 0.17845
7778.08301 0.178296
7779.41504 0.178142
7780.74609 0.178
7782.07715 0.177867
7783.40820 0.177709
7784.74023 0.17755
7786.07178 0.177392
7787.40381 0.177233
7788.73584 0.177075
7790.06885 0.176915
7791.40186 0.176735
7792.73486 0.176575
7794.06787 0.176439
7795.40186 0.176303
7796.73486 0.176167
7798.06885 0.176031
7799.40381 0.175895
7800.73779 0.17577
7802.07324 0.175656
7803.40820 0.175525
7804.74316 0.175394
7806.07812 0.175262
7807.41406 0.175131
7808.75000 0.175
7810.08496 0.174867
7811.42188 0.174715
