threeML/data/optical_filters/HST/WFC3_UVIS2-FQ508N.ecsv
# %ECSV 0.9
# ---
# datatype:
# - {name: wavelength, unit: Angstrom, datatype: float32}
# - {name: response, datatype: float32}
# meta: !!omap
# - {band_name: FQ508N}
# - {group_name: WFC3_UVIS2}
wavelength response
4492.95361 0.0
4992.17090 0.000439
4993.02490 0.000491
4993.87891 0.00056
4994.73291 0.000631
4995.58789 0.00071
4996.44287 0.000803
4997.29785 0.000911
4998.15283 0.001032
4999.00781 0.001166
4999.86279 0.001329
5000.71924 0.001509
5001.57422 0.001721
5002.43018 0.001986
5003.28613 0.002246
5004.14209 0.002591
5004.99805 0.002974
5005.85400 0.003407
5006.71094 0.003933
5007.56689 0.004523
5008.42383 0.005258
5009.28076 0.006093
5010.13818 0.007075
5010.99609 0.008253
5011.85303 0.009536
5012.70996 0.011204
5013.56787 0.013141
5014.42578 0.015432
5015.28418 0.018048
5016.14209 0.020944
5017.00000 0.02471
5017.85791 0.02919
5018.71680 0.03424
5019.57617 0.040276
5020.43506 0.046517
5021.29297 0.054666
5022.15186 0.063878
5023.01221 0.073874
5023.87109 0.084811
5024.73096 0.096122
5025.58984 0.10919
5026.45020 0.122946
5027.31104 0.136302
5028.16992 0.149676
5029.03076 0.161166
5029.89111 0.173373
5030.75195 0.184044
5031.61279 0.192865
5032.47412 0.200413
5033.33398 0.205801
5034.19580 0.210894
5035.05713 0.214502
5035.91797 0.216894
5036.77979 0.218078
5037.64209 0.219135
5038.50391 0.219487
5039.36621 0.219228
5040.22803 0.219152
5041.08984 0.218269
5041.95312 0.218098
5042.81494 0.217313
5043.67822 0.216362
5044.54102 0.216052
5045.40381 0.215402
5046.26807 0.215007
5047.13086 0.214411
5047.99512 0.213997
5048.85791 0.21375
5049.72217 0.213625
5050.58594 0.213874
5051.45020 0.213494
5052.31396 0.213133
5053.17920 0.213487
5054.04297 0.213367
5054.90820 0.213403
5055.77295 0.213829
5056.63818 0.213687
5057.50293 0.214105
5058.36914 0.214398
5059.23389 0.214576
5060.10010 0.215064
5060.96484 0.215405
5061.83105 0.215638
5062.69678 0.21643
5063.56299 0.216355
5064.43018 0.217065
5065.29590 0.217388
5066.16309 0.217842
5067.02979 0.21821
5067.89600 0.218572
5068.76416 0.218893
5069.63086 0.218906
5070.49902 0.2192
5071.36621 0.219729
5072.23291 0.219731
5073.10205 0.219925
5073.96924 0.220379
5074.83691 0.220421
5075.70605 0.220416
5076.57422 0.22031
5077.44287 0.220181
5078.31201 0.220476
5079.18115 0.220326
5080.04883 0.219828
5080.91797 0.219907
5081.78809 0.219708
5082.65723 0.220031
5083.52686 0.219967
5084.39697 0.219564
5085.26709 0.219169
5086.13721 0.218969
5087.00684 0.218635
5087.87695 0.218489
5088.74805 0.218185
5089.61914 0.217712
5090.48877 0.217632
5091.35986 0.217284
5092.23096 0.217136
5093.10303 0.216708
5093.97412 0.216527
5094.84619 0.216495
5095.71680 0.216275
5096.58887 0.215751
5097.46094 0.215926
5098.33301 0.215839
5099.20605 0.215727
5100.07812 0.215435
5100.95117 0.215409
5101.82324 0.215044
5102.69580 0.215131
5103.56885 0.214934
5104.44189 0.215375
5105.31592 0.214916
5106.18896 0.215333
5107.06299 0.214878
5107.93701 0.215137
5108.81104 0.215234
5109.68506 0.214966
5110.55908 0.21514
5111.43408 0.215076
5112.30811 0.214908
5113.18311 0.21501
5114.05811 0.214892
5114.93311 0.214738
5115.80811 0.214639
5116.68311 0.214285
5117.55811 0.214112
5118.43408 0.214225
5119.31006 0.213607
5120.18604 0.213374
5121.06201 0.213166
5121.93799 0.212858
5122.81396 0.212598
5123.68994 0.212084
5124.56689 0.21153
5125.44385 0.211191
5126.32080 0.210843
5127.19824 0.21015
5128.07520 0.209852
5128.95312 0.209318
5129.83008 0.209082
5130.70801 0.208607
5131.58496 0.208348
5132.46387 0.208264
5133.34180 0.207868
5134.22021 0.207773
5135.09912 0.207836
5135.97705 0.208005
5136.85596 0.207969
5137.73486 0.208286
5138.61377 0.208697
5139.49316 0.209235
5140.37207 0.209591
5141.25195 0.210242
5142.13086 0.210981
5143.01123 0.211448
5143.89111 0.211634
5144.77100 0.211914
5145.65088 0.211707
5146.53223 0.211256
5147.41309 0.209849
5148.29297 0.207333
5149.17383 0.203798
5150.05518 0.199852
5150.93604 0.193711
5151.81689 0.185727
5152.69922 0.176757
5153.58105 0.166164
5154.46191 0.155494
5155.34424 0.142678
5156.22607 0.129711
5157.10791 0.115746
5157.99121 0.10267
5158.87305 0.091312
5159.75586 0.079631
5160.63916 0.069267
5161.52100 0.059128
5162.40479 0.050539
5163.28809 0.043628
5164.17090 0.037245
5165.05518 0.031918
5165.93799 0.027029
5166.82324 0.022912
5167.70703 0.019632
5168.59082 0.01677
5169.47510 0.014493
5170.35889 0.012347
5171.24414 0.010554
5172.12891 0.009055
5173.01416 0.007814
5173.89893 0.006825
5174.78418 0.005879
5175.66895 0.005053
5176.55518 0.004394
5177.44092 0.003809
5178.32715 0.003356
5179.21191 0.002937
5180.09912 0.002552
5180.98486 0.002237
5181.87207 0.001956
5182.75781 0.001728
5183.64502 0.001517
5184.53223 0.00134
5185.41797 0.001181
5186.30615 0.00105
5187.19287 0.000929
5188.08105 0.000825
5188.96777 0.000736
5189.85596 0.000653
5190.74414 0.000579
5191.63184 0.000522
5192.52100 0.000469
5193.40918 0.00042
5712.75000 0.0
