threeML/data/optical_filters/HST/WFC3_IR-F110W.ecsv
# %ECSV 0.9
# ---
# datatype:
# - {name: wavelength, unit: Angstrom, datatype: float32}
# - {name: response, datatype: float32}
# meta: !!omap
# - {band_name: F110W}
# - {group_name: WFC3_IR}
wavelength response
7855.70703 0.0
8728.56348 0.000401
8729.27148 0.000407
8729.97852 0.000414
8730.68652 0.00042
8731.39648 0.000426
8732.10352 0.000432
8732.81152 0.000436
8733.52148 0.000437
8734.22852 0.000438
8734.93652 0.00044
8735.64648 0.000441
8736.35352 0.000443
8737.06348 0.000444
8737.77246 0.000446
8738.48047 0.000447
8739.18945 0.000448
8739.89844 0.00045
8740.60742 0.000451
8741.31641 0.000453
8742.02539 0.000454
8742.73535 0.000459
8743.44434 0.000469
8744.15332 0.000478
8744.86328 0.000488
8745.57227 0.000498
8746.28223 0.000507
8746.99121 0.000517
8747.70117 0.000526
8748.41016 0.000536
8749.12012 0.000546
8749.83008 0.000555
8750.54004 0.000565
8751.25000 0.000575
8751.95996 0.000584
8752.66992 0.000597
8753.37988 0.000615
8754.08984 0.000633
8754.79980 0.00065
8755.50977 0.000668
8756.22070 0.000686
8756.93066 0.000704
8757.64062 0.000722
8758.35156 0.00074
8759.06152 0.000758
8759.77246 0.000776
8760.48340 0.000794
8761.19336 0.000811
8761.90430 0.000829
8762.61523 0.000847
8763.32617 0.000865
8764.03711 0.000883
8764.74805 0.000901
8765.45898 0.000919
8766.16992 0.000937
8766.88086 0.000955
8767.59277 0.000973
8768.30371 0.000992
8769.01465 0.00101
8769.72656 0.001028
8770.43848 0.001046
8771.14941 0.001064
8771.86035 0.001082
8772.57227 0.0011
8773.28418 0.001118
8773.99609 0.001136
8774.70703 0.001154
8775.41895 0.001172
8776.13086 0.00119
8776.84277 0.001209
8777.55469 0.001227
8778.26758 0.001245
8778.97852 0.001263
8779.69141 0.001281
8780.40332 0.001299
8781.11621 0.001318
8781.82812 0.001336
8782.54102 0.001356
8783.25293 0.001388
8783.96582 0.001419
8784.67871 0.001451
8785.39062 0.001482
8786.10352 0.001514
8786.81641 0.001545
8787.52930 0.001577
8788.24219 0.001608
8788.95508 0.00164
8789.66797 0.001672
8790.38086 0.001703
8791.09375 0.001735
8791.80762 0.001767
8792.52148 0.0018
8793.23340 0.001839
8793.94727 0.001878
8794.66016 0.001918
8795.37402 0.001957
8796.08789 0.001996
8796.80078 0.002036
8797.51465 0.002075
8798.22852 0.002115
8798.94238 0.002154
8799.65625 0.002194
8800.37012 0.002233
8801.08398 0.002273
8801.79785 0.002312
8802.51172 0.002354
8803.22559 0.002407
8803.93945 0.00246
8804.65430 0.002514
8805.36816 0.002567
8806.08301 0.00262
8806.79688 0.002674
8807.51172 0.002727
8808.22559 0.002781
8808.94043 0.002834
8809.65527 0.002888
8810.37012 0.002942
8811.08398 0.002995
8811.79883 0.003049
8812.51367 0.003105
8813.22852 0.003178
8813.94336 0.003251
8814.65918 0.003324
8815.37402 0.003397
8816.08887 0.003469
8816.80469 0.003542
8817.51953 0.003615
8818.23438 0.003688
8818.95020 0.003762
8819.66504 0.003835
8820.38086 0.003908
8821.09668 0.003981
8821.81348 0.004055
8822.52734 0.004133
8823.24316 0.004236
8823.95898 0.00434
8824.67480 0.004444
8825.39062 0.004548
8826.10645 0.004652
8826.82324 0.004756
8827.53906 0.00486
8828.25488 0.004965
8828.97168 0.005069
8829.68848 0.005174
8830.40332 0.005278
8831.12012 0.005384
8831.83691 0.005489
8832.55273 0.005601
8833.26953 0.00574
8833.98633 0.00588
8834.70312 0.006019
8835.41895 0.006159
8836.13574 0.006299
8836.85254 0.006439
8837.56934 0.006579
8838.28711 0.00672
8839.00391 0.00686
8839.72070 0.007001
8840.43848 0.007142
8841.15527 0.007283
8841.87207 0.007424
8842.58984 0.007576
8843.30664 0.007765
8844.02441 0.007955
8844.74121 0.008145
8845.45898 0.008336
8846.17676 0.008526
8846.89453 0.008717
8847.61230 0.008908
8848.33008 0.009099
8849.04785 0.00929
8849.76562 0.009482
8850.48340 0.009673
8851.20117 0.009865
8851.91895 0.010057
8852.63770 0.010268
8853.35547 0.010524
8854.07422 0.010781
8854.79199 0.011038
8855.51074 0.011295
8856.22852 0.011552
8856.94727 0.01181
8857.66602 0.012068
8858.38379 0.012326
8859.10254 0.012585
8859.82129 0.012843
8860.54004 0.013102
8861.25879 0.013362
8861.97754 0.013621
8862.69727 0.013911
8863.41602 0.014251
8864.13477 0.014591
8864.85352 0.014932
8865.57324 0.015273
8866.29199 0.015614
8867.01172 0.015956
8867.73047 0.016298
8868.45020 0.016641
8869.16992 0.016984
8869.88867 0.017327
8870.60840 0.01767
8871.32812 0.018014
8872.04785 0.018358
8872.76758 0.018747
8873.48730 0.019188
8874.20703 0.01963
8874.92676 0.020072
8875.64746 0.020515
8876.36719 0.020958
8877.08691 0.021401
8877.80762 0.021845
8878.52734 0.022289
8879.24805 0.022734
8879.96777 0.023179
8880.68848 0.023624
8881.40918 0.024071
8882.12891 0.024517
8882.84961 0.025035
8883.57031 0.025607
8884.29102 0.026179
8885.01172 0.026752
8885.73242 0.027326
8886.45312 0.0279
8887.17480 0.028475
8887.89648 0.02905
8888.61621 0.029626
8889.33691 0.030202
8890.05859 0.030779
8890.77930 0.031356
8891.50098 0.031935
8892.22266 0.032514
8892.94336 0.033206
8893.66504 0.033948
8894.38672 0.034691
8895.10840 0.035435
8895.83008 0.03618
8896.55078 0.036924
8897.27344 0.037671
8897.99512 0.038417
8898.71680 0.039164
8899.43848 0.039912
8900.16016 0.040658
8900.88281 0.041397
8901.60352 0.042134
8902.32617 0.042872
8903.04883 0.043743
8903.77148 0.044638
8904.49316 0.045535
8905.21582 0.046432
8905.93848 0.047329
8906.66016 0.048226
8907.38281 0.049124
8908.10547 0.050022
8908.82812 0.050921
8909.55078 0.05182
8910.27344 0.052719
8910.99707 0.05362
8911.71973 0.05452
8912.44238 0.05542
8913.16504 0.056448
8913.88867 0.057479
8914.61133 0.058509
8915.33496 0.05954
8916.05762 0.060571
8916.78125 0.061603
8917.50488 0.062636
8918.22852 0.063669
8918.95117 0.0647
8919.67480 0.065734
8920.39844 0.06677
8921.12207 0.067809
8921.84570 0.068848
8922.56934 0.069913
8923.29395 0.071114
8924.01758 0.072314
8924.74121 0.073514
8925.46582 0.074716
8926.18945 0.075917
8926.91309 0.077119
8927.63770 0.078323
8928.36230 0.079527
8929.08594 0.080731
8929.81055 0.081936
8930.53516 0.083139
8931.25977 0.08434
8931.98438 0.085542
8932.70898 0.086809
8933.43359 0.088195
8934.15820 0.08958
8934.88281 0.090967
8935.60742 0.092354
8936.33203 0.093741
8937.05762 0.09513
8937.78223 0.096519
8938.50781 0.097909
8939.23242 0.099298
8939.95801 0.10069
8940.68262 0.10208
8941.40820 0.103473
8942.13379 0.104866
8942.85938 0.106336
8943.58398 0.107865
8944.30957 0.109396
8945.03516 0.110928
8945.76074 0.112461
8946.48730 0.113996
8947.21289 0.11553
8947.93848 0.117064
8948.66406 0.118599
8949.39062 0.120136
8950.11621 0.121673
8950.84277 0.123219
8951.56836 0.124763
8952.29492 0.12631
8953.02148 0.127938
8953.74707 0.129591
8954.47363 0.131245
8955.20020 0.132901
8955.92676 0.134556
8956.65332 0.136213
8957.37988 0.137871
8958.10645 0.139529
8958.83301 0.141188
8959.55957 0.142847
8960.28613 0.144505
8961.01367 0.146159
8961.74023 0.147812
8962.46680 0.149467
8963.19434 0.151211
8963.92188 0.152956
8964.64844 0.154699
8965.37598 0.156445
8966.10352 0.158191
8966.83008 0.159936
8967.55762 0.161684
8968.28516 0.163432
8969.01270 0.165182
8969.74023 0.166931
8970.46777 0.168688
8971.19629 0.170452
8971.92383 0.172214
8972.65137 0.173992
8973.37891 0.175817
8974.10742 0.177644
8974.83496 0.17947
8975.56348 0.1813
8976.29102 0.183127
8977.01953 0.184958
8977.74805 0.18679
8978.47656 0.188623
8979.20410 0.190454
8979.93262 0.192288
8980.66113 0.194113
8981.38965 0.195937
8982.11816 0.197762
8982.84766 0.199586
8983.57617 0.201405
8984.30469 0.203224
8985.03320 0.205043
8985.76270 0.206866
8986.49121 0.208687
8987.22070 0.210511
8987.94922 0.212333
8988.67871 0.214158
8989.40723 0.215982
8990.13672 0.217808
8990.86621 0.219636
8991.59570 0.221463
8992.32520 0.223292
8993.05469 0.225064
8993.78418 0.226822
8994.51367 0.228581
8995.24316 0.230341
8995.97266 0.232101
8996.70312 0.233865
8997.43262 0.235626
8998.16211 0.237388
8998.89258 0.239153
8999.62207 0.240917
9000.35254 0.242671
9001.08301 0.244411
9001.81152 0.246149
9002.54297 0.247878
9003.27344 0.249507
9004.00391 0.251135
9004.73438 0.252764
9005.46484 0.254393
9006.19531 0.256022
9006.92578 0.257651
9007.65625 0.259281
9008.38770 0.260913
9009.11816 0.262543
9009.84863 0.264173
9010.58008 0.265793
9011.31055 0.267408
9012.04199 0.269024
9012.77246 0.270569
9013.50391 0.272013
9014.23535 0.273457
9014.96680 0.274902
9015.69824 0.276346
9016.42871 0.277788
9017.16016 0.279232
9017.89160 0.280677
9018.62402 0.282123
9019.35547 0.283568
9020.08691 0.285014
9020.81836 0.286476
9021.55078 0.28794
9022.28223 0.289403
9023.01465 0.290754
9023.74609 0.292063
9024.47852 0.293374
9025.20996 0.294683
9025.94238 0.295994
9026.67480 0.297305
9027.40723 0.298617
9028.13965 0.299928
9028.87207 0.30124
9029.60352 0.302552
9030.33691 0.303864
9031.06934 0.305177
9031.80176 0.306491
9032.53418 0.307788
9033.26758 0.308889
9034.00000 0.309989
9034.73242 0.311089
9035.46582 0.31219
9036.19922 0.313292
9036.93164 0.314392
9037.66504 0.315494
9038.39844 0.316596
9039.13086 0.317697
9039.86426 0.3188
9040.59766 0.319903
9041.33105 0.321006
9042.06445 0.322109
9042.79785 0.323109
9043.53223 0.323972
9044.26562 0.324834
9044.99902 0.325697
9045.73242 0.326559
9046.46680 0.327423
9047.20020 0.328286
9047.93457 0.32915
9048.66895 0.330014
9049.40234 0.330877
9050.13672 0.331746
9050.87109 0.332631
9051.60547 0.333516
9052.33887 0.334401
9053.07324 0.335097
9053.80762 0.335745
9054.54297 0.336395
9055.27734 0.337045
9056.01172 0.337694
9056.74609 0.338344
9057.48145 0.338994
9058.21582 0.339644
9058.95020 0.340294
9059.68555 0.340945
9060.42090 0.341585
9061.15527 0.342215
9061.89062 0.342846
9062.62598 0.343441
9063.36035 0.343882
9064.09570 0.344324
9064.83105 0.344766
9065.56641 0.345208
9066.30176 0.34565
9067.03809 0.346093
9067.77344 0.346535
9068.50879 0.346977
9069.24414 0.34742
9069.98047 0.347863
9070.71582 0.348326
9071.45215 0.348791
9072.18652 0.349255
9072.92383 0.349605
9073.65918 0.349874
9074.39648 0.350144
9075.13184 0.350414
9075.86816 0.350683
9076.60352 0.350953
9077.34082 0.351223
9078.07715 0.351493
9078.81348 0.351764
9079.54980 0.352034
9080.28613 0.352296
9081.02344 0.352545
9081.75977 0.352794
9082.49609 0.353042
9083.23340 0.353136
9083.96973 0.353229
9084.70703 0.353322
9085.44434 0.353416
9086.18066 0.353509
9086.91797 0.353602
9087.65527 0.353696
9088.39258 0.353789
9089.12988 0.353883
9089.86719 0.353976
9090.60352 0.35407
9091.34180 0.354164
9092.07910 0.354258
9092.81738 0.354304
9093.55469 0.354288
9094.29199 0.354272
9095.03027 0.354256
9095.76758 0.35424
9096.50586 0.354224
9097.24414 0.354207
9097.98145 0.354191
9098.71973 0.354175
9099.45801 0.354159
9100.19629 0.354149
9100.93457 0.354155
9101.67285 0.35416
9102.41113 0.354166
9103.14941 0.354121
9103.88770 0.354069
9104.62598 0.354017
9105.36523 0.353965
9106.10352 0.353913
9106.84277 0.353861
9107.58105 0.353809
9108.32031 0.353757
9109.05859 0.353705
9109.79785 0.353652
9110.53711 0.353585
9111.27539 0.353511
9112.01465 0.353437
9112.75391 0.353363
9113.49316 0.353285
9114.23242 0.353208
9114.97168 0.35313
9115.71191 0.353053
9116.45117 0.352975
9117.19043 0.352898
9117.93066 0.35282
9118.66992 0.352743
9119.40918 0.352665
9120.14941 0.352592
9120.88965 0.352536
9121.62891 0.352481
9122.36914 0.352425
9123.10938 0.352386
9123.84961 0.352352
9124.58984 0.352317
9125.32910 0.352282
9126.07031 0.352247
9126.81055 0.352212
9127.55078 0.352177
9128.29102 0.352142
9129.03125 0.352107
9129.77246 0.352072
9130.51270 0.352022
9131.25391 0.351966
9131.99414 0.351909
9132.73535 0.351867
9133.47559 0.351855
9134.21680 0.351843
9134.95801 0.351831
9135.69922 0.35182
9136.43945 0.351808
9137.18066 0.351796
9137.92188 0.351784
9138.66406 0.351772
9139.40527 0.35176
9140.14648 0.351753
9140.88770 0.351763
9141.62988 0.351773
9142.37109 0.351784
9143.11230 0.351859
9143.85352 0.35195
9144.59570 0.352041
9145.33789 0.352132
9146.08008 0.352223
9146.82227 0.352314
9147.56348 0.352405
9148.30566 0.352496
9149.04785 0.352587
9149.79004 0.352678
9150.53223 0.352753
9151.27441 0.352823
9152.01758 0.352892
9152.75977 0.352996
9153.50195 0.353167
9154.24512 0.353338
9154.98730 0.35351
9155.72852 0.353681
9156.47266 0.353852
9157.21582 0.354024
9157.95801 0.354195
9158.70117 0.354367
9159.44434 0.354538
9160.18652 0.354715
9160.93066 0.354909
9161.67383 0.355103
9162.41699 0.355297
9163.16016 0.355572
9163.90332 0.355859
9164.64648 0.356147
9165.39062 0.356434
9166.13379 0.356722
9166.87695 0.357009
9167.62109 0.357297
9168.36426 0.357585
9169.10840 0.357873
9169.85254 0.358161
9170.59570 0.358431
9171.33984 0.358697
9172.08398 0.358964
9172.82812 0.359258
9173.57227 0.359593
9174.31641 0.359928
9175.06055 0.360263
9175.80469 0.360597
9176.54980 0.360933
9177.29395 0.361268
9178.03809 0.361602
9178.78320 0.361938
9179.52734 0.362273
9180.27246 0.362617
9181.01660 0.362975
9181.76172 0.363333
9182.50684 0.363692
9183.25098 0.364117
9183.99609 0.364543
9184.74121 0.364969
9185.48633 0.365396
9186.23145 0.365823
9186.97656 0.36625
9187.72168 0.366677
9188.46777 0.367104
9189.21289 0.367531
9189.95801 0.367959
9190.70410 0.368365
9191.44922 0.36877
9192.19531 0.369175
9192.94043 0.369603
9193.68652 0.370048
9194.43262 0.370493
9195.17773 0.370938
9195.92383 0.371384
9196.66992 0.371829
9197.41602 0.372275
9198.16211 0.372721
9198.90820 0.373167
9199.65430 0.373612
9200.40137 0.374061
9201.14746 0.374512
9201.89355 0.374963
9202.64062 0.375415
9203.38672 0.375868
9204.13379 0.376322
9204.87988 0.376775
9205.62695 0.377229
9206.37305 0.377682
9207.12012 0.378136
9207.86719 0.37859
9208.61426 0.379045
9209.36133 0.379499
9210.10840 0.37995
9210.85547 0.380381
9211.60254 0.380812
9212.34961 0.381243
9213.09766 0.381654
9213.84473 0.382057
9214.59180 0.382461
9215.33984 0.382865
9216.08691 0.383268
9216.83496 0.383672
9217.58203 0.384076
9218.33008 0.38448
9219.07812 0.384884
9219.82617 0.385288
9220.57422 0.385711
9221.32227 0.38614
9222.07031 0.386569
9222.81836 0.386977
9223.56641 0.387354
9224.31445 0.387732
9225.06348 0.388109
9225.81152 0.388486
9226.55957 0.388863
9227.30762 0.389241
9228.05664 0.389619
9228.80469 0.389996
9229.55371 0.390374
9230.30273 0.390753
9231.05176 0.391132
9231.79980 0.391512
9232.54883 0.39189
9233.29785 0.392197
9234.04688 0.392504
9234.79590 0.392811
9235.54492 0.393119
9236.29492 0.393426
9237.04395 0.393734
9237.79297 0.394041
9238.54297 0.394349
9239.29199 0.394657
9240.04199 0.394966
9240.79102 0.395299
9241.54102 0.395632
9242.29004 0.395965
9243.04004 0.396237
9243.79004 0.396479
9244.54004 0.396722
9245.29004 0.396964
9246.04004 0.397207
9246.79004 0.39745
9247.54004 0.397692
9248.29004 0.397935
9249.04004 0.398178
9249.79102 0.398421
9250.54102 0.398646
9251.29199 0.398865
9252.04199 0.399083
9252.79297 0.399266
9253.54297 0.39938
9254.29395 0.399494
9255.04492 0.399608
9255.79492 0.399722
9256.54590 0.399836
9257.29688 0.39995
9258.04785 0.400064
9258.79883 0.400179
9259.54980 0.400293
9260.30176 0.400418
9261.05273 0.400557
9261.80371 0.400697
9262.55566 0.400835
9263.30664 0.400873
9264.05762 0.400911
9264.80957 0.400949
9265.56152 0.400987
9266.31348 0.401025
9267.06445 0.401063
9267.81641 0.401101
9268.56836 0.401139
9269.32031 0.401177
9270.07227 0.401213
9270.82422 0.401226
9271.57617 0.401239
9272.32812 0.401252
9273.08008 0.401204
9273.83301 0.401132
9274.58496 0.40106
9275.33691 0.400988
9276.08984 0.400916
9276.84277 0.400844
9277.59473 0.400772
9278.34766 0.4007
9279.10059 0.400628
9279.85254 0.400556
9280.60547 0.400504
9281.35840 0.400458
9282.11133 0.400411
9282.86426 0.400338
9283.61719 0.400227
9284.37109 0.400117
9285.12402 0.400006
9285.87695 0.399895
9286.62988 0.399785
9287.38379 0.399674
9288.13672 0.399563
9288.89062 0.399452
9289.64453 0.399341
9290.39746 0.399217
9291.15137 0.399081
9291.90527 0.398945
9292.65918 0.398802
9293.41309 0.398623
9294.16699 0.398443
9294.92090 0.398264
9295.67480 0.398084
9296.42871 0.397905
9297.18262 0.397725
9297.93848 0.397545
9298.69141 0.397365
9299.44531 0.397186
9300.20020 0.397012
9300.95410 0.396858
9301.70898 0.396703
9302.46387 0.396548
9303.21875 0.396387
9303.97266 0.396226
9304.72754 0.396064
9305.48242 0.395902
9306.23730 0.395741
9306.99219 0.395579
9307.74707 0.395417
9308.50293 0.395255
9309.25781 0.395093
9310.01270 0.39493
9310.76758 0.394743
9311.52344 0.394555
9312.27832 0.394368
9313.03418 0.394196
9313.79004 0.394033
9314.54492 0.393869
9315.30078 0.393706
