threeML/data/optical_filters/HST/WFC3_UVIS2-FQ232N.ecsv
# %ECSV 0.9
# ---
# datatype:
# - {name: wavelength, unit: Angstrom, datatype: float32}
# - {name: response, datatype: float32}
# meta: !!omap
# - {band_name: FQ232N}
# - {group_name: WFC3_UVIS2}
wavelength response
2064.26611 0.0
2293.62891 0.000406
2294.02197 0.000436
2294.41406 0.000476
2294.80688 0.000523
2295.19897 0.000563
2295.59204 0.000627
2295.98511 0.000688
2296.37793 0.00075
2296.77100 0.000807
2297.16406 0.000876
2297.55688 0.00097
2297.94995 0.001048
2298.34302 0.001164
2298.73608 0.001268
2299.12891 0.001381
2299.52295 0.001532
2299.91602 0.001708
2300.31006 0.001872
2300.70288 0.002122
2301.09692 0.002309
2301.48999 0.002538
2301.88403 0.002818
2302.27808 0.003153
2302.67212 0.003457
2303.06592 0.003871
2303.45996 0.00426
2303.85400 0.00476
2304.24805 0.005371
2304.64209 0.005901
2305.03711 0.006658
2305.43091 0.007372
2305.82495 0.008121
2306.21997 0.00909
2306.61499 0.00996
2307.00903 0.011002
2307.40405 0.012141
2307.79907 0.013166
2308.19409 0.01452
2308.58789 0.015843
2308.98291 0.017096
2309.37793 0.018697
2309.77295 0.019894
2310.16895 0.021079
2310.56396 0.022532
2310.95898 0.023578
2311.35498 0.024882
2311.75000 0.026088
2312.14600 0.026914
2312.54102 0.027952
2312.93701 0.028739
2313.33301 0.029539
2313.72803 0.030365
2314.12402 0.030833
2314.52002 0.031306
2314.91602 0.031795
2315.31201 0.03214
2315.70801 0.03254
2316.10400 0.032828
2316.50098 0.033117
2316.89697 0.033438
2317.29297 0.033785
2317.68994 0.034006
2318.08594 0.034272
2318.48291 0.034572
2318.87988 0.034847
2319.27588 0.035203
2319.67310 0.035443
2320.07007 0.035726
2320.46704 0.036084
2320.86401 0.036327
2321.26099 0.036756
2321.65796 0.037169
2322.05493 0.037485
2322.45288 0.037897
2322.85010 0.038154
2323.24707 0.038519
2323.64502 0.038876
2324.04199 0.039283
2324.43994 0.039629
2324.83789 0.039945
2325.23511 0.04024
2325.63306 0.040586
2326.03101 0.040835
2326.42896 0.041197
2326.82690 0.041404
2327.22510 0.041633
2327.62305 0.04186
2328.02197 0.042116
2328.41992 0.042246
2328.81812 0.042456
2329.21704 0.042595
2329.61499 0.042744
2330.01392 0.042861
2330.41211 0.042974
2330.81104 0.043059
2331.20996 0.043148
2331.60889 0.043245
2332.00806 0.043296
2332.40698 0.043334
2332.80591 0.043328
2333.20508 0.043355
2333.60400 0.043305
2334.00293 0.043234
2334.40308 0.043092
2334.80200 0.042947
2335.20093 0.042641
2335.60107 0.042221
2336.00000 0.041922
2336.39990 0.041507
2336.80005 0.04077
2337.19995 0.040167
2337.60010 0.039237
2338.00000 0.038339
2338.39893 0.037352
2338.80005 0.036049
2339.19995 0.034794
2339.60010 0.033188
2340.00000 0.031725
2340.40088 0.030281
2340.80103 0.028445
2341.20093 0.026771
2341.60205 0.025094
2342.00293 0.02332
2342.40308 0.021895
2342.80396 0.020218
2343.20508 0.018632
2343.60596 0.017173
2344.00708 0.015651
2344.40796 0.014376
2344.80908 0.013186
2345.20996 0.011917
2345.61108 0.010927
2346.01196 0.009852
2346.41406 0.008967
2346.81494 0.008245
2347.21704 0.007459
2347.61792 0.006779
2348.02002 0.006223
2348.42212 0.005591
2348.82300 0.00515
2349.22510 0.004693
2349.62695 0.004248
2350.02905 0.003873
2350.43091 0.00353
2350.83301 0.003249
2351.23608 0.003004
2351.63794 0.002726
2352.04004 0.002528
2352.44312 0.002315
2352.84497 0.002122
2353.24805 0.001971
2353.64990 0.001795
2354.05298 0.001673
2354.45605 0.001535
2354.85889 0.001415
2355.26099 0.00132
2355.66504 0.001233
2356.06689 0.001148
2356.46997 0.001066
2356.87402 0.000979
2357.27710 0.000907
2357.67993 0.000855
2358.08398 0.000788
2358.48706 0.000741
2358.89111 0.000692
2359.29395 0.000655
2359.69800 0.000606
2360.10205 0.000563
2360.50488 0.000522
2360.90894 0.000507
2361.31299 0.000464
2361.71704 0.00043
2362.12109 0.000406
2598.33325 0.0
