threeML/data/optical_filters/HST/WFC3_UVIS1-F625W.ecsv
# %ECSV 0.9
# ---
# datatype:
# - {name: wavelength, unit: Angstrom, datatype: float32}
# - {name: response, datatype: float32}
# meta: !!omap
# - {band_name: F625W}
# - {group_name: WFC3_UVIS1}
wavelength response
[from data line 804]
6171.91992 0.265204
6172.97607 0.265356
6174.03223 0.265508
6175.08789 0.26566
6176.14502 0.265812
6177.20215 0.265964
6178.25781 0.266116
6179.31494 0.266268
6180.37305 0.26642
6181.43018 0.266572
6182.48779 0.266641
6183.54492 0.26668
6184.60400 0.266719
6185.66211 0.266757
6186.72021 0.266796
6187.77783 0.266835
6188.83691 0.266873
6189.89600 0.266912
6190.95508 0.266951
6192.01416 0.266967
6193.07422 0.266926
6194.13281 0.266885
6195.19287 0.266844
6196.25293 0.266803
6197.31299 0.266762
6198.37402 0.266721
6199.43408 0.26668
6200.49512 0.266628
6201.55615 0.266563
6202.61719 0.266516
6203.67822 0.266471
6204.73877 0.266427
6205.80078 0.266382
6206.86279 0.266338
6207.92480 0.266293
6208.98682 0.266248
6210.04883 0.266205
6211.11182 0.266185
6212.17383 0.266177
6213.23682 0.266187
6214.29980 0.266196
6215.36377 0.266205
6216.42676 0.266215
6217.49121 0.266224
6218.55420 0.266234
6219.61816 0.266243
6220.68311 0.266253
6221.74707 0.26626
6222.81201 0.266171
6223.87598 0.266083
6224.94092 0.265994
6226.00586 0.265905
6227.07080 0.265817
6228.13721 0.265728
6229.20215 0.265639
6230.26807 0.265551
6231.33398 0.265464
6232.39990 0.265313
6233.46582 0.265124
6234.53320 0.264935
6235.60010 0.264745
6236.66699 0.264556
6237.73291 0.264367
6238.80078 0.264178
6239.86816 0.263988
6240.93604 0.263778
6242.00293 0.263566
6243.07178 0.263358
6244.14014 0.263151
6245.20801 0.262944
6246.27588 0.262736
6247.34521 0.262529
6248.41406 0.262322
6249.48291 0.262114
6250.55176 0.261919
6251.62207 0.261735
6252.69092 0.261655
6253.76123 0.261585
6254.83203 0.261516
6255.90088 0.261446
6256.97217 0.261377
6258.04199 0.261307
6259.11279 0.261238
6260.18408 0.261168
6261.25488 0.261099
6262.32617 0.26107
6263.39795 0.261073
6264.46924 0.261077
6265.54102 0.261081
6266.61279 0.261084
6267.68604 0.261088
6268.75781 0.261092
6269.83105 0.261095
6270.90283 0.261099
6271.97607 0.261087
6273.04883 0.261021
6274.12305 0.260956
6275.19580 0.26089
6276.27002 0.260824
6277.34277 0.260758
6278.41699 0.260692
6279.49219 0.260627
6280.56592 0.260561
6281.64111 0.260495
6282.71484 0.260399
6283.79004 0.2603
6284.86523 0.260201
6285.93994 0.260102
6287.01611 0.260003
6288.09180 0.259904
6289.16699 0.259804
6290.24414 0.2597
6291.31982 0.259577
6292.39600 0.259461
6293.47314 0.259351
6294.54980 0.259241
6295.62598 0.259131
6296.70410 0.259021
6297.78076 0.258911
6298.85889 0.2588
6299.93701 0.25869
6301.01416 0.258602
6302.09180 0.258562
6303.16992 0.25862
6304.24902 0.258677
6305.32812 0.258734
6306.40576 0.258791
6307.48486 0.258848
6308.56396 0.258905
6309.64404 0.258962
6310.72412 0.259019
6311.80322 0.25908
6312.88281 0.259213
6313.96289 0.259346
6315.04297 0.259479
6316.12402 0.259612
6317.20508 0.259745
6318.28613 0.259878
6319.36719 0.260011
6320.44824 0.260144
6321.52881 0.260277
6322.61084 0.260365
6323.69189 0.260441
6324.77393 0.260517
6325.85596 0.260593
6326.93896 0.260669
6328.02100 0.260746
6329.10400 0.260822
6330.18701 0.260894
6331.27002 0.260946
6332.35303 0.260949
6333.43701 0.260914
6334.52100 0.260879
6335.60400 0.260843
6336.68799 0.260808
6337.77197 0.260773
6338.85596 0.260737
6339.94092 0.260702
6341.02588 0.260689
6342.11084 0.26067
6343.19580 0.260634
6344.28076 0.260597
6345.36719 0.260561
6346.45215 0.260525
6347.53809 0.260489
6348.62402 0.260453
6349.70996 0.260416
6350.79688 0.26038
6351.88281 0.260353
6352.97021 0.2604
6354.05713 0.260446
6355.14502 0.260492
6356.23096 0.260538
6357.31885 0.260584
6358.40723 0.26063
6359.49512 0.260676
6360.58301 0.260723
6361.67090 0.260769
6362.75879 0.260838
6363.84814 0.260909
6364.93701 0.260981
6366.02588 0.261052
6367.11523 0.261123
6368.20508 0.261195
6369.29395 0.261266
6370.38379 0.261329
6371.47412 0.261376
6372.56396 0.261413
6373.65381 0.261448
6374.74512 0.261483
6375.83496 0.261517
6376.92578 0.261552
6378.01807 0.261586
6379.10791 0.261621
6380.20020 0.26166
6381.29199 0.261719
6382.38281 0.261699
6383.47607 0.26162
6384.56689 0.261541
6385.66016 0.261461
6386.75195 0.261382
6387.84521 0.261302
6388.93799 0.261223
6390.03076 0.261144
6391.12500 0.261064
6392.21777 0.260954
6393.31201 0.2608
6394.40576 0.260647
6395.50000 0.260494
6396.59424 0.26034
6397.68799 0.260187
6398.78320 0.260033
6399.87793 0.259879
6400.97314 0.259726
6402.06787 0.259595
6403.16309 0.259526
6404.25879 0.259458
6405.35400 0.259389
6406.45117 0.25932
6407.54590 0.259251
6408.64307 0.259182
6409.73877 0.259114
6410.83594 0.259026
6411.93311 0.258943
6413.02979 0.258922
6414.12695 0.2589
6415.22510 0.258878
6416.32178 0.258856
6417.41992 0.258835
6418.51807 0.258813
6419.61621 0.258791
6420.71387 0.258785
6421.81299 0.258788
6422.91211 0.258812
6424.01123 0.258836
6425.10986 0.25886
6426.20898 0.258884
6427.30908 0.258908
6428.40820 0.258932
6429.50781 0.258956
6430.60791 0.258978
6431.70801 0.258996
6432.80908 0.258937
6433.91016 0.258873
6435.00977 0.258809
6436.11084 0.258745
6437.21191 0.25868
6438.31396 0.258616
6439.41602 0.258552
6440.51709 0.258487
6441.61914 0.258423
6442.72119 0.258325
6443.82422 0.258221
6444.92578 0.258117
6446.02881 0.258012
6447.13184 0.257908
6448.23486 0.257804
6449.33789 0.2577
6450.44092 0.257586
6451.54492 0.257458
6452.64893 0.25736
6453.75293 0.25727
6454.85693 0.257181
6455.96094 0.257091
6457.06592 0.257002
6458.17090 0.256912
6459.27588 0.256822
6460.38086 0.256741
6461.48584 0.256676
6462.59180 0.256735
6463.69678 0.25684
6464.80322 0.256946
6465.91016 0.257051
6467.01611 0.257157
6468.12207 0.257262
6469.22900 0.257368
6470.33594 0.257473
6471.44287 0.257578
6472.54980 0.257747
6473.65723 0.257944
6474.76514 0.258141
6475.87305 0.258338
6476.98096 0.258536
6478.08887 0.258733
6479.19678 0.25893
6480.30615 0.259127
6481.41504 0.259324
6482.52295 0.259496
6483.63281 0.259654
6484.74219 0.259812
6485.85205 0.25997
6486.96094 0.260129
6488.07080 0.260287
6489.18115 0.260445
6490.29199 0.260597
6491.40186 0.26073
6492.51318 0.260831
6493.62402 0.260915
6494.73389 0.260998
6495.84619 0.261082
6496.95703 0.261165
6498.06885 0.261249
6499.18018 0.261332
6500.29199 0.26141
6501.40479 0.261471
6502.51709 0.261523
6503.62891 0.26157
6504.74219 0.261617
6505.85498 0.261664
6506.96777 0.261711
6508.08203 0.261759
6509.19482 0.261806
6510.30908 0.261853
6511.42188 0.261899
6512.53711 0.262032
6513.65088 0.262209
6514.76514 0.262385
6515.87988 0.262562
6516.99512 0.262738
6518.10986 0.262915
6519.22510 0.263091
6520.33984 0.263259
6521.45605 0.26341
6522.57178 0.263604
6523.68799 0.263818
6524.80420 0.264031
6525.91992 0.264244
6527.03711 0.264457
6528.15381 0.26467
6529.27100 0.264883
6530.38818 0.265104
6531.50488 0.265342
6532.62305 0.265581
6533.74023 0.26582
6534.85791 0.266059
6535.97607 0.266298
6537.09424 0.266537
6538.21289 0.266776
6539.33203 0.267015
6540.45020 0.267254
6541.56885 0.267492
6542.68799 0.267653
6543.80811 0.267792
6544.92822 0.267931
6546.04688 0.26807
6547.16699 0.268209
6548.28809 0.268348
6549.40820 0.268488
6550.52881 0.268627
6551.64893 0.268765
6552.77100 0.268836
6553.89209 0.268895
6555.01318 0.268955
6556.13379 0.269014
6557.25586 0.269073
6558.37793 0.269132
6559.50000 0.269191
6560.62305 0.269236
6561.74512 0.269269
6562.86816 0.269279
6563.99023 0.269287
6565.11279 0.269295
6566.23682 0.269303
6567.35986 0.269311
6568.48389 0.269319
6569.60693 0.269327
6570.73096 0.269352
6571.85596 0.269385
6572.97998 0.26942
6574.10498 0.269454
6575.22900 0.269489
6576.35400 0.269524
6577.47998 0.269558
6578.60498 0.269593
6579.73096 0.269627
6580.85596 0.269662
6581.98193 0.269693
6583.10889 0.269709
6584.23486 0.269725
6585.36084 0.269741
6586.48779 0.269757
6587.61523 0.269773
6588.74219 0.269788
6589.87012 0.269804
6590.99707 0.269797
6592.12500 0.26975
6593.25195 0.269607
6594.38086 0.269463
6595.50879 0.26932
6596.63721 0.269177
6597.76611 0.269033
6598.89502 0.26889
6600.02393 0.268747
6601.15283 0.26863
6602.28320 0.268464
6603.41211 0.268226
6604.54199 0.267988
6605.67188 0.26775
6606.80176 0.267512
6607.93311 0.267274
6609.06299 0.267037
6610.19385 0.266799
6611.32520 0.266561
6612.45605 0.26631
6613.58691 0.266049
6614.71924 0.265788
6615.85107 0.265526
6616.98193 0.265265
6618.11523 0.265004
6619.24707 0.264743
6620.37891 0.264481
6621.51221 0.26422
6622.64502 0.263965
6623.77783 0.263712
6624.91211 0.26346
6626.04492 0.263207
6627.17920 0.262954
6628.31299 0.262702
6629.44678 0.262449
6630.58105 0.262178
6631.71484 0.261888
6632.85010 0.261641
6633.98486 0.261399
6635.12012 0.261157
6636.25488 0.260916
6637.39111 0.260674
6638.52588 0.260433
6639.66211 0.260191
6640.79785 0.259968
6641.93408 0.259744
6643.07080 0.259446
6644.20703 0.259148
6645.34424 0.258849
6646.48096 0.258551
6647.61816 0.258253
6648.75488 0.257955
6649.89307 0.257657
6651.03076 0.257359
6652.16895 0.257043
6653.30713 0.256685
6654.44482 0.256327
6655.58398 0.255969
6656.72314 0.255611
6657.86084 0.255254
6659.00000 0.254896
6660.14014 0.254536
6661.27881 0.254153
6662.41895 0.253763
6663.55908 0.253366
6664.69922 0.252969
6665.83887 0.252572
6666.97998 0.252175
6668.12109 0.251779
6669.26221 0.251382
6670.40283 0.250995
6671.54395 0.250623
6672.68604 0.250314
6673.82715 0.250028
6674.96924 0.249742
6676.11084 0.249455
6677.25293 0.249169
6678.39600 0.248883
6679.53809 0.248596
6680.68115 0.24831
6681.82422 0.248024
6682.96680 0.247904
6684.11084 0.247787
6685.25391 0.247671
6686.39795 0.247554
6687.54199 0.247437
6688.68701 0.247321
6689.83105 0.247204
6690.97607 0.247066
6692.12012 0.24694
6693.26514 0.246859
6694.41016 0.246779
6695.55615 0.246698
6696.70117 0.246617
6697.84717 0.246537
6698.99316 0.246456
6700.13916 0.246379
6701.28613 0.246322
6702.43213 0.246264
6703.57910 0.246202
6704.72607 0.246141
6705.87305 0.24608
6707.02100 0.246019
6708.16797 0.245957
6709.31494 0.245896
6710.46289 0.245835
6711.61182 0.245773
6712.75977 0.245696
6713.90918 0.245614
6715.05713 0.245533
6716.20605 0.245451
6717.35498 0.245369
6718.50391 0.245287
6719.65381 0.245206
6720.80420 0.245107
6721.95410 0.245004
6723.10400 0.244931
6724.25391 0.244858
6725.40381 0.244785
6726.55518 0.244712
6727.70605 0.24464
6728.85693 0.244567
6730.00781 0.244494
6731.16016 0.244445
6732.31201 0.244435
6733.46289 0.244482
6734.61523 0.24453
6735.76807 0.244578
6736.91992 0.244626
6738.07324 0.244674
6739.22607 0.244721
6740.37793 0.244769
6741.53223 0.244816
6742.68604 0.244974
6743.83887 0.245175
6744.99316 0.245376
6746.14697 0.245577
6747.30078 0.245778
6748.45605 0.245978
6749.60986 0.246179
6750.76514 0.246364
6751.91992 0.24654
6753.07520 0.246732
6754.22998 0.246924
6755.38623 0.247116
6756.54199 0.247308
6757.69824 0.2475
6758.85400 0.247692
6760.01123 0.247883
6761.16699 0.248099
6762.32422 0.248297
6763.48096 0.248468
6764.63818 0.248639
6765.79492 0.248809
6766.95312 0.248979
6768.11084 0.24915
6769.26904 0.24932
6770.42676 0.24949
6771.58496 0.24966
6772.74414 0.249766
6773.90283 0.24985
6775.06201 0.249935
6776.22119 0.250019
6777.37988 0.250103
6778.54004 0.250188
6779.70020 0.250272
6780.85986 0.250337
6782.02002 0.250387
6783.18018 0.250375
6784.34082 0.250363
6785.50098 0.250352
6786.66309 0.250339
6787.82422 0.250327
6788.98486 0.250315
6790.14600 0.250306
6791.30908 0.250319
6792.47021 0.250338
6793.63184 0.250364
6794.79492 0.250389
6795.95801 0.250414
6797.12012 0.250439
6798.28320 0.250464
6799.44580 0.250489
6800.60889 0.250514
6801.77295 0.250539
6802.93701 0.250537
6804.10107 0.250533
6805.26514 0.250528
6806.42920 0.250524
6807.59424 0.25052
6808.75879 0.250515
6809.92285 0.250511
6811.08887 0.250483
6812.25391 0.250433
6813.41895 0.250339
6814.58496 0.250245
6815.75098 0.250152
6816.91699 0.250058
6818.08301 0.249964
6819.25000 0.249871
6820.41699 0.249786
6821.58398 0.249718
6822.75098 0.249555
6823.91797 0.24936
6825.08594 0.249165
6826.25391 0.24897
6827.42090 0.248775
6828.58984 0.24858
6829.75781 0.248386
6830.92676 0.248196
6832.09521 0.247986
6833.26416 0.247676
6834.43408 0.247366
6835.60303 0.247056
6836.77197 0.246746
6837.94189 0.246436
6839.11182 0.246126
6840.28223 0.24581
6841.45312 0.245476
6842.62305 0.245132
6843.79395 0.244782
6844.96484 0.244432
6846.13623 0.244083
6847.30713 0.243734
6848.47900 0.243385
6849.64990 0.243035
6850.82178 0.242704
6851.99512 0.242382
6853.16699 0.242085
6854.33887 0.241788
6855.51221 0.241491
6856.68506 0.241194
6857.85791 0.240897
6859.03223 0.240601
6860.20508 0.2403
6861.37891 0.239979
6862.55322 0.239692
6863.72705 0.239432
6864.90088 0.239172
6866.07617 0.238913
6867.25000 0.238653
6868.42480 0.238394
6869.60107 0.238134
6870.77588 0.237891
6871.95215 0.237655
6873.12695 0.237413
6874.30322 0.237171
6875.47900 0.236928
6876.65576 0.236686
6877.83301 0.236444
6879.00879 0.236202
6880.18604 0.23596
6881.36279 0.235718
6882.54102 0.235468
6883.71777 0.235209
6884.89600 0.234951
6886.07422 0.234693
6887.25195 0.234435
6888.43018 0.234177
6889.60889 0.233919
6890.78809 0.233646
6891.96680 0.233365
6893.14600 0.233096
6894.32520 0.232827
6895.50488 0.232558
6896.68506 0.232289
6897.86523 0.23202
6899.04492 0.231752
6900.22510 0.231488
6901.40576 0.231243
6902.58594 0.231024
6903.76807 0.230824
6904.94922 0.230624
6906.12988 0.230424
6907.31201 0.230224
6908.49414 0.230024
6909.67578 0.229824
6910.85791 0.229624
6912.04004 0.229439
6913.22314 0.229375
6914.40576 0.22931
6915.58887 0.229246
6916.77197 0.229182
6917.95508 0.229117
6919.13916 0.229053
6920.32324 0.228982
6921.50684 0.228894
6922.69092 0.228865
6923.87500 0.228866
6925.06006 0.228867
6926.24512 0.228868
6927.43018 0.228869
6928.61523 0.22887
6929.80078 0.228871
6930.98584 0.228892
6932.17188 0.228916
6933.35791 0.228936
6934.54395 0.228957
6935.73096 0.228978
6936.91699 0.228998
6938.10400 0.229019
6939.29199 0.229039
6940.47900 0.22905
6941.66699 0.229047
6942.85400 0.228992
6944.04199 0.228923
6945.22998 0.228855
6946.41797 0.228786
6947.60693 0.228717
6948.79492 0.228649
6949.98389 0.22858
6951.17285 0.228535
6952.36279 0.228465
6953.55176 0.228356
6954.74219 0.228246
6955.93213 0.228136
6957.12207 0.228027
6958.31299 0.227917
6959.50293 0.227807
6960.69385 0.227698
6961.88477 0.227588
6963.07617 0.227474
6964.26709 0.227359
6965.45801 0.227245
6966.64990 0.227131
6967.84180 0.227016
6969.03516 0.226902
6970.22705 0.226783
6971.41895 0.226645
6972.61182 0.226551
6973.80518 0.226489
6974.99902 0.226427
6976.19189 0.226365
6977.38477 0.226303
6978.57910 0.226241
6979.77295 0.226179
6980.96680 0.226136
6982.16211 0.226131
6983.35596 0.226261
6984.55078 0.226392
6985.74609 0.226522
6986.94092 0.226653
6988.13721 0.226783
6989.33301 0.226914
6990.52783 0.227044
6991.72412 0.227174
6992.91992 0.227453
6994.11719 0.227763
6995.31299 0.228072
6996.50977 0.228381
6997.70801 0.22869
6998.90479 0.228999
7000.10303 0.229303
7001.29980 0.229557
7002.49805 0.22987
7003.69580 0.230247
7004.89404 0.230623
7006.09277 0.230999
7007.29199 0.231375
7008.49023 0.231751
7009.68896 0.232126
7010.88916 0.232518
7012.08789 0.232902
7013.28809 0.233182
7014.48779 0.233462
7015.68799 0.233742
7016.88916 0.234021
7018.08887 0.2343
7019.29004 0.23458
7020.49121 0.234849
7021.69189 0.235103
7022.89307 0.234779
7024.09521 0.234307
7025.29688 0.233836
7026.49902 0.233365
7027.70117 0.232895
7028.90283 0.232424
7030.10596 0.231956
7031.30908 0.2315
7032.51221 0.2303
7033.71484 0.228282
7034.91797 0.226264
7036.12207 0.224248
7037.32617 0.222234
7038.52979 0.220221
7039.73389 0.218209
7040.93799 0.216198
7042.14307 0.213824
7043.34814 0.209639
7044.55322 0.205456
7045.75781 0.201278
7046.96387 0.197101
7048.16895 0.192927
7049.37500 0.188755
7050.58203 0.184577
7051.78809 0.180391
7052.99512 0.174781
7054.20117 0.168965
7055.40820 0.163152
7056.61523 0.157346
7057.82324 0.151543
7059.02979 0.145746
7060.23779 0.139958
7061.44580 0.134184
7062.65381 0.12845
7063.86182 0.122748
7065.07080 0.117046
7066.27979 0.111351
7067.48877 0.105659
7068.69824 0.099968
7069.90820 0.094283
7071.11719 0.088593
7072.32715 0.083386
7073.53711 0.079238
7074.74707 0.075094
7075.95801 0.070953
7077.16797 0.066814
7078.37891 0.06268
7079.58984 0.05855
7080.80176 0.054426
