threeML/data/optical_filters/HST/WFC3_UVIS1-F200LP.ecsv
# %ECSV 0.9
# ---
# datatype:
# - {name: wavelength, unit: Angstrom, datatype: float32}
# - {name: response, datatype: float32}
# meta: !!omap
# - {band_name: F200LP}
# - {group_name: WFC3_UVIS1}
wavelength response
[from data line 806]
2282.73804 0.22762
2283.12793 0.227806
2283.51904 0.227991
2283.90894 0.228177
2284.29907 0.228362
2284.68994 0.228548
2285.08008 0.228734
2285.47095 0.22892
2285.86108 0.229106
2286.25195 0.229292
2286.64307 0.229478
2287.03394 0.229665
2287.42505 0.229851
2287.81494 0.230038
2288.20703 0.230224
2288.59692 0.230411
2288.98901 0.230598
2289.37988 0.230785
2289.77100 0.230972
2290.16309 0.231161
2290.55396 0.231355
2290.94507 0.231548
2291.33691 0.231742
2291.72900 0.231935
2292.12012 0.232129
2292.51196 0.232323
2292.90405 0.232517
2293.29590 0.232711
2293.68799 0.232906
2294.08008 0.2331
2294.47192 0.233294
2294.86401 0.233489
2295.25610 0.233684
2295.64795 0.233878
2296.04102 0.234073
2296.43311 0.234268
2296.82593 0.234463
2297.21802 0.234659
2297.61108 0.234854
2298.00391 0.235049
2298.39600 0.235245
2298.78906 0.23544
2299.18188 0.235636
2299.57495 0.235832
2299.96802 0.236028
2300.36108 0.236173
2300.75391 0.236315
2301.14697 0.236459
2301.54102 0.236603
2301.93408 0.236747
2302.32788 0.236891
2302.72095 0.237035
2303.11499 0.23718
2303.50806 0.237324
2303.90210 0.237469
2304.29590 0.237613
2304.68994 0.237758
2305.08301 0.237902
2305.47803 0.238047
2305.87207 0.238192
2306.26611 0.238337
2306.65991 0.238482
2307.05396 0.238627
2307.44800 0.238772
2307.84302 0.238918
2308.23706 0.239063
2308.63208 0.239208
2309.02588 0.239354
2309.42090 0.239499
2309.81592 0.239645
2310.20996 0.23979
2310.60498 0.239933
2311.00000 0.240077
2311.39502 0.240221
2311.79004 0.240365
2312.18506 0.240508
2312.58008 0.240652
2312.97607 0.240796
2313.37109 0.240941
2313.76611 0.241085
2314.16211 0.241229
2314.55688 0.241374
2314.95288 0.241518
2315.34912 0.241663
2315.74390 0.241807
2316.13989 0.241952
2316.53589 0.242097
2316.93188 0.242241
2317.32788 0.242386
2317.72412 0.242531
2318.12012 0.242676
2318.51611 0.242822
2318.91309 0.242967
2319.30908 0.243112
2319.70508 0.243257
2320.10205 0.2434
2320.49805 0.243534
2320.89502 0.243668
2321.29199 0.2438
2321.68799 0.243933
2322.08496 0.244065
2322.48193 0.244198
2322.87891 0.24433
2323.27588 0.244463
2323.67310 0.244596
2324.07007 0.244728
2324.46704 0.244861
2324.86499 0.244994
2325.26196 0.245127
2325.65894 0.24526
2326.05688 0.245393
2326.45410 0.245527
2326.85205 0.24566
2327.25000 0.245793
2327.64697 0.245926
2328.04492 0.24606
2328.44312 0.246193
2328.84106 0.246327
2329.23901 0.24646
2329.63696 0.246594
2330.03491 0.246728
2330.43408 0.246869
2330.83203 0.24701
2331.22998 0.247151
2331.62891 0.247293
2332.02710 0.247434
2332.42603 0.247575
2332.82397 0.247717
2333.22290 0.247858
2333.62207 0.248
2334.02100 0.248141
2334.41992 0.248283
2334.81909 0.248425
2335.21802 0.248567
2335.61694 0.248709
2336.01611 0.248851
2336.41504 0.248993
2336.81494 0.249135
2337.21411 0.249277
2337.61401 0.249419
2338.01294 0.249561
2338.41309 0.249704
2338.81201 0.249846
2339.21191 0.249989
2339.61206 0.250132
2340.01196 0.250274
2340.41211 0.250415
2340.81201 0.250556
2341.21191 0.250695
2341.61206 0.250834
2342.01196 0.250973
2342.41211 0.251112
2342.81299 0.251252
2343.21289 0.251391
2343.61401 0.251531
2344.01392 0.25167
2344.41504 0.25181
2344.81494 0.251949
2345.21606 0.252089
2345.61694 0.252229
2346.01807 0.252369
2346.41895 0.252509
2346.82007 0.252649
2347.22095 0.252789
2347.62207 0.252929
2348.02295 0.253069
2348.42505 0.253209
2348.82593 0.25335
2349.22803 0.25349
2349.62891 0.25363
2350.03101 0.253771
2350.43188 0.25391
2350.83398 0.254049
2351.23608 0.254188
2351.63794 0.254327
2352.04004 0.254466
2352.44189 0.254605
2352.84399 0.254745
2353.24609 0.254884
2353.64795 0.255023
2354.05005 0.255163
2354.45288 0.255302
2354.85498 0.255442
2355.25806 0.255582
2355.65991 0.255721
2356.06299 0.255861
2356.46509 0.256001
2356.86792 0.256141
2357.27100 0.256281
2357.67407 0.256421
2358.07690 0.256561
2358.47998 0.256702
2358.88306 0.256842
2359.28589 0.256982
2359.68896 0.257123
2360.09302 0.257261
2360.49609 0.25739
2360.89893 0.257521
2361.30298 0.257653
2361.70703 0.257786
2362.11011 0.25792
2362.51392 0.258053
2362.91699 0.258186
2363.32202 0.258319
2363.72510 0.258452
2364.12891 0.258586
2364.53296 0.258719
2364.93799 0.258852
2365.34204 0.258986
2365.74609 0.259119
2366.14990 0.259253
2366.55493 0.259386
2366.95898 0.25952
2367.36401 0.259654
2367.76807 0.259788
2368.17310 0.259922
2368.57788 0.260055
2368.98291 0.260189
2369.38696 0.260323
2369.79199 0.260458
2370.19800 0.260596
2370.60303 0.260738
2371.00806 0.260881
2371.41309 0.261024
2371.81812 0.261166
2372.22412 0.261309
2372.62891 0.261452
2373.03491 0.261595
2373.43994 0.261738
2373.84595 0.261881
2374.25098 0.262024
2374.65698 0.262167
2375.06299 0.26231
2375.46899 0.262454
2375.87500 0.262597
2376.28101 0.26274
2376.68701 0.262884
2377.09399 0.263027
2377.50000 0.263171
2377.90601 0.263315
2378.31299 0.263458
2378.71899 0.263602
2379.12598 0.263746
2379.53198 0.26389
2379.93896 0.264034
2380.34595 0.264177
2380.75195 0.26432
2381.15894 0.264463
2381.56592 0.264607
2381.97290 0.26475
2382.38110 0.264894
2382.78809 0.265038
2383.19507 0.265182
2383.60205 0.265325
2384.01001 0.265469
2384.41699 0.265614
2384.82495 0.265757
2385.23193 0.265902
2385.63989 0.266046
2386.04810 0.26619
2386.45605 0.266334
2386.86304 0.266479
2387.27100 0.266623
2387.67896 0.266767
2388.08691 0.266912
2388.49609 0.267057
2388.90405 0.267201
2389.31201 0.267346
2389.71997 0.267491
2390.12891 0.267632
2390.53711 0.267766
2390.94604 0.2679
2391.35400 0.268033
2391.76294 0.268167
2392.17212 0.268301
2392.58105 0.268435
2392.98999 0.268568
2393.39893 0.268703
2393.80811 0.268836
2394.21704 0.268971
2394.62598 0.269105
2395.03491 0.269239
2395.44507 0.269373
2395.85400 0.269507
2396.26392 0.269641
2396.67310 0.269776
2397.08301 0.26991
2397.49292 0.270045
2397.90210 0.270179
2398.31201 0.270314
2398.72192 0.270448
2399.13208 0.270583
2399.54199 0.270718
2399.95190 0.270853
2400.36206 0.27087
2400.77295 0.270871
2401.18311 0.270872
2401.59302 0.270873
2402.00391 0.270874
2402.41406 0.270875
2402.82495 0.270876
2403.23608 0.270877
2403.64600 0.270878
2404.05688 0.270879
2404.46802 0.27088
2404.87891 0.270881
2405.29004 0.270882
2405.70093 0.270882
2406.11206 0.270883
2406.52295 0.270884
2406.93506 0.270885
2407.34595 0.270886
2407.75806 0.270887
2408.16895 0.270888
2408.58105 0.270888
2408.99194 0.270889
2409.40405 0.27089
2409.81592 0.270891
2410.22803 0.270891
2410.63989 0.270891
2411.05200 0.27089
2411.46411 0.27089
2411.87598 0.27089
2412.28809 0.27089
2412.69995 0.27089
2413.11304 0.270889
2413.52490 0.270889
2413.93799 0.270889
2414.35010 0.270888
2414.76294 0.270888
2415.17603 0.270888
2415.58911 0.270887
2416.00098 0.270887
2416.41406 0.270887
2416.82690 0.270886
2417.23999 0.270886
2417.65405 0.270886
2418.06689 0.270885
2418.47998 0.270885
2418.89307 0.270884
2419.30688 0.270884
2419.71997 0.270883
2420.13403 0.270883
2420.54712 0.270881
2420.96094 0.27088
2421.37500 0.270877
2421.78906 0.270875
2422.20288 0.270873
2422.61694 0.27087
2423.03101 0.270868
2423.44507 0.270866
2423.85889 0.270863
2424.27295 0.270861
2424.68799 0.270859
2425.10205 0.270856
2425.51709 0.270854
2425.93091 0.270851
2426.34595 0.270849
2426.76001 0.270846
2427.17505 0.270844
2427.59009 0.270841
2428.00488 0.270839
2428.41992 0.270836
2428.83496 0.270834
2429.25000 0.270831
2429.66504 0.270829
2430.08105 0.270821
2430.49609 0.270792
2430.91089 0.270762
2431.32690 0.270732
2431.74194 0.270703
2432.15796 0.270673
2432.57300 0.270644
2432.98901 0.270614
2433.40503 0.270585
2433.82104 0.270555
2434.23706 0.270525
2434.65308 0.270496
2435.06909 0.270466
2435.48511 0.270436
2435.90210 0.270407
2436.31812 0.270377
2436.73389 0.270347
2437.15088 0.270318
2437.56689 0.270288
2437.98389 0.270258
2438.40088 0.270228
2438.81689 0.270199
2439.23389 0.270169
2439.65088 0.270139
2440.06812 0.270111
2440.48511 0.270091
2440.90210 0.270073
2441.31909 0.270059
2441.73706 0.270044
2442.15405 0.270029
2442.57104 0.270014
2442.98901 0.27
2443.40601 0.269985
2443.82397 0.26997
2444.24194 0.269955
2444.65894 0.26994
2445.07690 0.269925
2445.49512 0.26991
2445.91309 0.269896
2446.33105 0.269881
2446.74902 0.269866
2447.16699 0.269851
2447.58594 0.269836
2448.00391 0.269821
2448.42212 0.269806
2448.84106 0.269791
2449.25903 0.269776
2449.67798 0.269761
2450.09692 0.269746
2450.51489 0.26973
2450.93408 0.269715
2451.35303 0.2697
2451.77197 0.269684
2452.19092 0.269669
2452.61011 0.269653
2453.03003 0.269638
2453.44897 0.269622
2453.86792 0.269607
2454.28711 0.269591
2454.70703 0.269576
2455.12598 0.26956
2455.54590 0.269545
2455.96606 0.269529
2456.38501 0.269513
2456.80493 0.269498
2457.22510 0.269482
2457.64502 0.269467
2458.06494 0.269451
2458.48511 0.269435
2458.90601 0.26942
2459.32593 0.269404
2459.74609 0.269388
2460.16699 0.269368
2460.58691 0.269342
2461.00806 0.269311
2461.42798 0.269278
2461.84912 0.269246
2462.27002 0.269213
2462.68994 0.26918
2463.11108 0.269147
2463.53198 0.269114
2463.95288 0.269081
2464.37500 0.269048
2464.79590 0.269015
2465.21704 0.268982
2465.63794 0.268949
2466.06006 0.268916
2466.48096 0.268883
2466.90308 0.26885
2467.32397 0.268817
2467.74609 0.268784
2468.16797 0.26875
2468.59009 0.268717
2469.01099 0.268684
2469.43408 0.268651
2469.85596 0.268618
2470.27808 0.268592
2470.69995 0.268569
2471.12207 0.268546
2471.54492 0.268523
2471.96704 0.2685
2472.38892 0.268478
2472.81201 0.268455
2473.23511 0.268432
2473.65698 0.268409
2474.08008 0.268386
2474.50293 0.268363
2474.92603 0.26834
2475.34912 0.268318
2475.77197 0.268295
2476.19507 0.268272
2476.61792 0.268249
2477.04199 0.268226
2477.46509 0.268203
2477.88794 0.26818
2478.31201 0.268157
2478.73608 0.268134
2479.15894 0.268111
2479.58301 0.268088
2480.00708 0.268065
2480.42993 0.268042
2480.85400 0.26802
2481.27905 0.268002
2481.70288 0.267984
2482.12695 0.267966
2482.55103 0.267948
2482.97510 0.26793
2483.39990 0.267912
2483.82397 0.267894
2484.24902 0.267876
2484.67310 0.267858
2485.09790 0.26784
2485.52197 0.267821
2485.94702 0.267804
2486.37207 0.267785
2486.79712 0.267767
2487.22192 0.267749
2487.64697 0.267731
2488.07300 0.267713
2488.49805 0.267694
2488.92310 0.267676
2489.34790 0.267658
2489.77393 0.26764
2490.19897 0.267617
2490.62500 0.267588
2491.05103 0.267559
2491.47705 0.267531
2491.90210 0.267502
2492.32788 0.267473
2492.75391 0.267445
2493.17993 0.267416
2493.60596 0.267387
2494.03198 0.267359
2494.45898 0.26733
2494.88501 0.267301
2495.31201 0.267273
2495.73804 0.267244
2496.16504 0.267215
2496.59106 0.267186
2497.01807 0.267157
2497.44507 0.267129
2497.87207 0.2671
2498.29810 0.267071
2498.72510 0.267042
2499.15210 0.267013
2499.58008 0.266984
2500.00708 0.266955
2500.43408 0.266898
2500.86108 0.266842
2501.28906 0.26679
2501.71606 0.266737
2502.14404 0.266685
2502.57202 0.266633
2502.99902 0.266581
2503.42700 0.266529
2503.85498 0.266476
2504.28296 0.266424
2504.71094 0.266371
2505.13892 0.266319
2505.56689 0.266267
2505.99512 0.266214
2506.42407 0.266162
2506.85205 0.266109
2507.28101 0.266057
2507.70898 0.266004
2508.13794 0.265952
2508.56592 0.265899
2508.99512 0.265846
2509.42407 0.265794
2509.85303 0.265741
2510.28198 0.265688
2510.71094 0.265636
2511.13989 0.265583
2511.56909 0.265531
2511.99805 0.265478
2512.42798 0.265426
2512.85693 0.265373
2513.28711 0.26532
2513.71606 0.265268
2514.14600 0.265215
2514.57495 0.265162
2515.00488 0.265109
2515.43506 0.265057
2515.86499 0.265004
2516.29492 0.264951
2516.72510 0.264898
2517.15503 0.264845
2517.58496 0.264792
2518.01611 0.264739
2518.44604 0.264686
2518.87598 0.264633
2519.30688 0.26458
2519.73804 0.264527
2520.16797 0.26447
2520.59912 0.264407
2521.03003 0.264341
2521.46094 0.264274
2521.89209 0.264208
2522.32300 0.264141
2522.75391 0.264074
2523.18506 0.264007
2523.61597 0.26394
2524.04712 0.263873
2524.47900 0.263806
2524.90991 0.263739
2525.34204 0.263672
2525.77295 0.263605
2526.20508 0.263538
2526.63696 0.263471
2527.06909 0.263404
2527.50098 0.263336
2527.93311 0.263269
2528.36499 0.263202
2528.79712 0.263135
2529.22900 0.263068
2529.66089 0.263
2530.09399 0.262935
2530.52588 0.262879
2530.95801 0.262822
2531.39111 0.262766
2531.82397 0.262709
2532.25708 0.262652
2532.68896 0.262596
2533.12207 0.262539
2533.55493 0.262482
2533.98804 0.262425
2534.42090 0.262368
2534.85400 0.262312
2535.28809 0.262255
2535.72095 0.262198
2536.15405 0.262141
2536.58789 0.262084
2537.02100 0.262027
2537.45508 0.26197
2537.88892 0.261913
2538.32202 0.261856
2538.75610 0.261799
2539.18994 0.261742
2539.62402 0.261684
2540.05811 0.261627
2540.49194 0.26157
2540.92700 0.261512
2541.36108 0.261453
2541.79492 0.261394
2542.22900 0.261334
2542.66406 0.261275
2543.09912 0.261215
2543.53296 0.261156
2543.96802 0.261096
2544.40308 0.261037
2544.83789 0.260977
2545.27197 0.260918
2545.70801 0.260858
2546.14307 0.260798
2546.57788 0.260738
2547.01294 0.260679
2547.44800 0.260619
2547.88403 0.260559
2548.31909 0.260499
2548.75488 0.26044
2549.18994 0.26038
2549.62598 0.26032
2550.06201 0.260258
2550.49805 0.260188
2550.93408 0.260118
2551.37012 0.260048
2551.80591 0.259977
2552.24194 0.259907
2552.67798 0.259837
2553.11401 0.259767
2553.55103 0.259696
2553.98706 0.259626
2554.42407 0.259555
2554.86011 0.259485
2555.29712 0.259415
2555.73389 0.259344
2556.16992 0.259274
2556.60693 0.259203
2557.04395 0.259132
2557.48096 0.259062
2557.91797 0.258991
2558.35498 0.258921
2558.79297 0.25885
2559.22998 0.258779
2559.66699 0.258709
2560.10498 0.25864
2560.54199 0.25858
2560.97998 0.258519
2561.41797 0.258457
2561.85596 0.258395
2562.29297 0.258333
2562.73096 0.258271
2563.16895 0.258209
2563.60693 0.258147
2564.04590 0.258085
2564.48389 0.258023
2564.92212 0.257961
2565.36108 0.257899
2565.79907 0.257837
2566.23804 0.257775
2566.67603 0.257712
2567.11499 0.25765
2567.55298 0.257588
2567.99194 0.257525
2568.43091 0.257463
2568.87012 0.2574
2569.30908 0.257338
2569.74902 0.257276
2570.18799 0.257213
2570.62695 0.257151
2571.06592 0.257089
2571.50610 0.257026
2571.94507 0.256964
2572.38501 0.256901
2572.82397 0.256839
2573.26392 0.256776
2573.70410 0.256714
2574.14404 0.256651
2574.58398 0.256589
2575.02393 0.256526
2575.46411 0.256464
2575.90405 0.256401
2576.34399 0.256338
2576.78491 0.256275
2577.22510 0.256213
2577.66602 0.25615
2578.10596 0.256087
2578.54712 0.256024
2578.98804 0.255961
2579.42798 0.255898
2579.86890 0.255835
2580.31006 0.255765
2580.75098 0.255692
2581.19189 0.255624
2581.63306 0.255555
2582.07397 0.255487
2582.51611 0.255418
2582.95703 0.25535
2583.39893 0.255281
2583.84009 0.255213
2584.28198 0.255144
2584.72412 0.255076
2585.16504 0.255007
2585.60693 0.254938
2586.04907 0.25487
2586.49097 0.254801
2586.93311 0.254732
2587.37500 0.254663
2587.81689 0.254594
2588.26001 0.254526
2588.70190 0.254457
2589.14502 0.254388
2589.58691 0.254319
2590.03003 0.254251
2590.47192 0.254192
2590.91504 0.254134
2591.35791 0.254075
2591.80103 0.254017
2592.24390 0.253958
2592.68701 0.2539
2593.12988 0.253841
2593.57300 0.253782
2594.01611 0.253723
2594.45996 0.253665
2594.90308 0.253606
2595.34692 0.253547
2595.79004 0.253488
2596.23389 0.253429
2596.67798 0.253371
2597.12109 0.253312
2597.56494 0.253253
2598.00903 0.253194
2598.45288 0.253135
2598.89697 0.253076
2599.34204 0.253017
2599.78589 0.252958
2600.22998 0.25287
2600.67505 0.252757
2601.11890 0.252643
2601.56396 0.252528
2602.00806 0.252414
2602.45288 0.252299
2602.89795 0.252185
2603.34302 0.25207
2603.78809 0.251955
2604.23291 0.25184
2604.67798 0.251725
2605.12305 0.25161
2605.56812 0.251495
2606.01294 0.25138
2606.45898 0.251265
2606.90405 0.25115
2607.35010 0.251035
2607.79590 0.250919
2608.24097 0.250804
2608.68701 0.250689
2609.13306 0.250573
2609.57910 0.250458
2610.02490 0.250342
2610.47095 0.250216
2610.91699 0.25009
2611.36304 0.249965
2611.81006 0.249839
2612.25610 0.249713
2612.70190 0.249587
2613.14893 0.249461
2613.59595 0.249335
2614.04199 0.249209
2614.48901 0.249083
2614.93604 0.248957
2615.38306 0.248831
2615.83008 0.248704
2616.27710 0.248578
2616.72412 0.248452
2617.17090 0.248325
2617.61890 0.248199
2618.06592 0.248072
2618.51294 0.247946
