threeML/data/optical_filters/HST/WFC3_UVIS2-F689M.ecsv
# %ECSV 0.9
# ---
# datatype:
# - {name: wavelength, unit: Angstrom, datatype: float32}
# - {name: response, datatype: float32}
# meta: !!omap
# - {band_name: F689M}
# - {group_name: WFC3_UVIS2}
wavelength response
5772.71436 0.0
6414.12695 0.000404
6415.22510 0.000426
6416.32178 0.000449
6417.41992 0.000471
6418.51807 0.000494
6419.61621 0.000516
6420.71387 0.000539
6421.81299 0.000562
6422.91211 0.000601
6424.01123 0.000639
6425.10986 0.000678
6426.20898 0.000717
6427.30908 0.000755
6428.40820 0.000794
6429.50781 0.000833
6430.60791 0.000871
6431.70801 0.00091
6432.80908 0.000979
6433.91016 0.00105
6435.00977 0.001121
6436.11084 0.001191
6437.21191 0.001262
6438.31396 0.001333
6439.41602 0.001404
6440.51709 0.001475
6441.61914 0.001546
6442.72119 0.001662
6443.82422 0.001786
6444.92578 0.00191
6446.02881 0.002034
6447.13184 0.002159
6448.23486 0.002283
6449.33789 0.002407
6450.44092 0.002531
6451.54492 0.002655
6452.64893 0.002837
6453.75293 0.003035
6454.85693 0.003233
6455.96094 0.003431
6457.06592 0.003629
6458.17090 0.003827
6459.27588 0.004025
6460.38086 0.004223
6461.48584 0.004422
6462.59180 0.00471
6463.69678 0.005031
6464.80322 0.005352
6465.91016 0.005674
6467.01611 0.005995
6468.12207 0.006317
6469.22900 0.006638
6470.33594 0.00696
6471.44287 0.007282
6472.54980 0.007761
6473.65723 0.008312
6474.76514 0.008863
6475.87305 0.009414
6476.98096 0.009966
6478.08887 0.010517
6479.19678 0.011069
6480.30615 0.011621
6481.41504 0.012172
6482.52295 0.013037
6483.63281 0.014062
6484.74219 0.015087
6485.85205 0.016112
6486.96094 0.017138
6488.07080 0.018164
6489.18115 0.01919
6490.29199 0.020216
6491.40186 0.02124
6492.51318 0.022787
6493.62402 0.024617
6494.73389 0.026447
6495.84619 0.028278
6496.95703 0.030108
6498.06885 0.031939
6499.18018 0.033769
6500.29199 0.035599
6501.40479 0.037426
6502.51709 0.039887
6503.62891 0.042693
6504.74219 0.045498
6505.85498 0.048303
6506.96777 0.051108
6508.08203 0.053911
6509.19482 0.056714
6510.30908 0.059516
6511.42188 0.062318
6512.53711 0.065726
6513.65088 0.069442
6514.76514 0.073156
6515.87988 0.076871
6516.99512 0.080584
6518.10986 0.084297
6519.22510 0.088009
6520.33984 0.091717
6521.45605 0.095418
6522.57178 0.099435
6523.68799 0.103594
6524.80420 0.10775
6525.91992 0.111904
6527.03711 0.116057
6528.15381 0.120208
6529.27100 0.124356
6530.38818 0.128508
6531.50488 0.132666
6532.62305 0.136868
6533.74023 0.141085
6534.85791 0.145299
6535.97607 0.149514
6537.09424 0.153727
6538.21289 0.157941
6539.33203 0.162152
6540.45020 0.166362
6541.56885 0.170572
6542.68799 0.174374
6543.80811 0.178066
6544.92822 0.181757
6546.04688 0.185446
6547.16699 0.189135
6548.28809 0.192823
6549.40820 0.196511
6550.52881 0.200198
6551.64893 0.203883
6552.77100 0.206487
6553.89209 0.208909
6555.01318 0.21133
6556.13379 0.213752
6557.25586 0.216172
6558.37793 0.218593
6559.50000 0.221013
6560.62305 0.22342
6561.74512 0.225816
6562.86816 0.226957
6563.99023 0.228017
6565.11279 0.229077
6566.23682 0.230136
6567.35986 0.231195
6568.48389 0.232254
6569.60693 0.233311
6570.73096 0.234383
6571.85596 0.23544
6572.97998 0.2359
6574.10498 0.236359
6575.22900 0.236818
6576.35400 0.237277
6577.47998 0.237735
6578.60498 0.238194
6579.73096 0.238653
6580.85596 0.239111
6581.98193 0.239545
6583.10889 0.239842
6584.23486 0.240138
6585.36084 0.240434
6586.48779 0.240731
6587.61523 0.241027
6588.74219 0.241323
6589.87012 0.241619
6590.99707 0.241893
6592.12500 0.242123
6593.25195 0.24224
6594.38086 0.242356
6595.50879 0.242472
6596.63721 0.242589
6597.76611 0.242705
6598.89502 0.242821
6600.02393 0.242937
6601.15283 0.243076
6602.28320 0.243169
6603.41211 0.243193
6604.54199 0.243217
6605.67188 0.243241
6606.80176 0.243266
6607.93311 0.24329
6609.06299 0.243314
6610.19385 0.243338
6611.32520 0.243362
6612.45605 0.243366
6613.58691 0.243354
6614.71924 0.243343
6615.85107 0.243331
6616.98193 0.243319
6618.11523 0.243308
6619.24707 0.243296
6620.37891 0.243284
6621.51221 0.243273
6622.64502 0.243313
6623.77783 0.243373
6624.91211 0.243433
6626.04492 0.243493
6627.17920 0.243554
6628.31299 0.243614
6629.44678 0.243674
6630.58105 0.243716
6631.71484 0.243741
6632.85010 0.243867
6633.98486 0.244004
6635.12012 0.244141
6636.25488 0.244278
6637.39111 0.244415
6638.52588 0.244552
6639.66211 0.244688
6640.79785 0.244841
6641.93408 0.245
6643.07080 0.24514
6644.20703 0.245281
6645.34424 0.245422
6646.48096 0.245562
6647.61816 0.245702
6648.75488 0.245843
6649.89307 0.245983
6651.03076 0.246123
6652.16895 0.246238
6653.30713 0.246294
6654.44482 0.24635
6655.58398 0.246405
6656.72314 0.246461
6657.86084 0.246516
6659.00000 0.246572
6660.14014 0.246624
6661.27881 0.246655
6662.41895 0.246638
6663.55908 0.246574
6664.69922 0.24651
6665.83887 0.246447
6666.97998 0.246383
6668.12109 0.246319
6669.26221 0.246255
6670.40283 0.2462
6671.54395 0.24616
6672.68604 0.24613
6673.82715 0.246104
6674.96924 0.246078
6676.11084 0.246051
6677.25293 0.246025
6678.39600 0.245998
6679.53809 0.245972
6680.68115 0.245945
6681.82422 0.245919
6682.96680 0.246024
6684.11084 0.246131
6685.25391 0.246238
6686.39795 0.246345
6687.54199 0.246452
6688.68701 0.246559
6689.83105 0.246666
6690.97607 0.246753
6692.12012 0.246848
6693.26514 0.246985
6694.41016 0.247122
6695.55615 0.247258
6696.70117 0.247395
6697.84717 0.247532
6698.99316 0.247668
6700.13916 0.247807
6701.28613 0.247968
6702.43213 0.248099
6703.57910 0.248202
6704.72607 0.248306
6705.87305 0.248408
6707.02100 0.248511
6708.16797 0.248614
6709.31494 0.248717
6710.46289 0.24882
6711.61182 0.248922
6712.75977 0.248911
6713.90918 0.248868
6715.05713 0.248826
6716.20605 0.248784
6717.35498 0.248742
6718.50391 0.2487
6719.65381 0.248657
6720.80420 0.248598
6721.95410 0.248518
6723.10400 0.248298
6724.25391 0.248078
6725.40381 0.247858
6726.55518 0.247639
6727.70605 0.247419
6728.85693 0.247199
6730.00781 0.24698
6731.16016 0.246785
6732.31201 0.246589
6733.46289 0.24639
6734.61523 0.246191
6735.76807 0.245992
6736.91992 0.245794
6738.07324 0.245595
6739.22607 0.245397
6740.37793 0.245198
6741.53223 0.245
6742.68604 0.244824
6743.83887 0.244658
6744.99316 0.244493
6746.14697 0.244327
6747.30078 0.244161
6748.45605 0.243995
6749.60986 0.24383
6750.76514 0.243648
6751.91992 0.24346
6753.07520 0.243305
6754.22998 0.243151
6755.38623 0.242997
6756.54199 0.242843
6757.69824 0.242689
6758.85400 0.242535
6760.01123 0.242381
6761.16699 0.242252
6762.32422 0.242119
6763.48096 0.241982
6764.63818 0.241845
6765.79492 0.241708
6766.95312 0.241571
6768.11084 0.241435
6769.26904 0.241298
6770.42676 0.241161
6771.58496 0.241024
6772.74414 0.240852
6773.90283 0.240669
6775.06201 0.240485
6776.22119 0.240302
6777.37988 0.240118
6778.54004 0.239935
6779.70020 0.239751
6780.85986 0.23955
6782.02002 0.239338
6783.18018 0.239094
6784.34082 0.23885
6785.50098 0.238605
6786.66309 0.238361
6787.82422 0.238118
6788.98486 0.237874
6790.14600 0.237633
6791.30908 0.237413
6792.47021 0.237211
6793.63184 0.237026
6794.79492 0.236841
6795.95801 0.236656
6797.12012 0.236471
6798.28320 0.236287
6799.44580 0.236102
6800.60889 0.235917
6801.77295 0.235732
6802.93701 0.235584
6804.10107 0.235438
6805.26514 0.235293
6806.42920 0.235148
6807.59424 0.235003
6808.75879 0.234858
6809.92285 0.234713
6811.08887 0.234545
6812.25391 0.234396
6813.41895 0.234286
6814.58496 0.234176
6815.75098 0.234066
6816.91699 0.233957
6818.08301 0.233847
6819.25000 0.233737
6820.41699 0.233636
6821.58398 0.23355
6822.75098 0.233514
6823.91797 0.233494
6825.08594 0.233475
6826.25391 0.233456
6827.42090 0.233436
6828.58984 0.233417
6829.75781 0.233397
6830.92676 0.233383
6832.09521 0.233377
6833.26416 0.233402
6834.43408 0.233428
6835.60303 0.233453
6836.77197 0.233478
6837.94189 0.233503
6839.11182 0.233529
6840.28223 0.233548
6841.45312 0.233549
6842.62305 0.233574
6843.79395 0.233613
6844.96484 0.233651
6846.13623 0.23369
6847.30713 0.233728
6848.47900 0.233766
6849.64990 0.233804
6850.82178 0.233859
6851.99512 0.233924
6853.16699 0.234017
6854.33887 0.23411
6855.51221 0.234203
6856.68506 0.234296
6857.85791 0.234389
6859.03223 0.234482
6860.20508 0.234571
6861.37891 0.234639
6862.55322 0.234731
6863.72705 0.234841
6864.90088 0.234951
6866.07617 0.235061
6867.25000 0.235171
6868.42480 0.23528
6869.60107 0.23539
6870.77588 0.235515
6871.95215 0.23565
6873.12695 0.235818
6874.30322 0.235986
6875.47900 0.236154
6876.65576 0.236322
6877.83301 0.236489
6879.00879 0.236657
6880.18604 0.236824
6881.36279 0.236992
6882.54102 0.237159
6883.71777 0.237326
6884.89600 0.237493
6886.07422 0.23766
6887.25195 0.237827
6888.43018 0.237994
6889.60889 0.238161
6890.78809 0.238312
6891.96680 0.238454
6893.14600 0.238598
6894.32520 0.238742
6895.50488 0.238886
6896.68506 0.23903
6897.86523 0.239173
6899.04492 0.239317
6900.22510 0.239465
6901.40576 0.239633
6902.58594 0.239783
6903.76807 0.23992
6904.94922 0.240057
6906.12988 0.240194
6907.31201 0.240331
6908.49414 0.240468
6909.67578 0.240604
6910.85791 0.240741
6912.04004 0.240877
6913.22314 0.241004
6914.40576 0.241131
6915.58887 0.241258
6916.77197 0.241384
6917.95508 0.241511
6919.13916 0.241638
6920.32324 0.241758
6921.50684 0.24186
6922.69092 0.24193
6923.87500 0.241985
6925.06006 0.24204
6926.24512 0.242095
6927.43018 0.242149
6928.61523 0.242204
6929.80078 0.242258
6930.98584 0.242334
6932.17188 0.242404
6933.35791 0.242442
6934.54395 0.242481
6935.73096 0.242519
6936.91699 0.242557
6938.10400 0.242595
6939.29199 0.242634
6940.47900 0.242662
6941.66699 0.242674
6942.85400 0.242635
6944.04199 0.242582
6945.22998 0.242529
6946.41797 0.242476
6947.60693 0.242423
6948.79492 0.242369
6949.98389 0.242316
6951.17285 0.242288
6952.36279 0.242237
6953.55176 0.242148
6954.74219 0.24206
6955.93213 0.241971
6957.12207 0.241883
6958.31299 0.241794
6959.50293 0.241706
6960.69385 0.241617
6961.88477 0.241529
6963.07617 0.241442
6964.26709 0.241354
6965.45801 0.241267
6966.64990 0.241179
6967.84180 0.241092
6969.03516 0.241004
6970.22705 0.240912
6971.41895 0.2408
6972.61182 0.240665
6973.80518 0.240512
6974.99902 0.24036
6976.19189 0.240208
6977.38477 0.240056
6978.57910 0.239904
6979.77295 0.239752
6980.96680 0.23962
6982.16211 0.239497
6983.35596 0.239387
6984.55078 0.239277
6985.74609 0.239167
6986.94092 0.239057
6988.13721 0.238947
6989.33301 0.238837
6990.52783 0.238728
6991.72412 0.238618
6992.91992 0.238471
6994.11719 0.238317
6995.31299 0.238163
6996.50977 0.238009
6997.70801 0.237855
6998.90479 0.237701
7000.10303 0.237543
7001.29980 0.237349
7002.49805 0.23715
7003.69580 0.236946
7004.89404 0.236741
7006.09277 0.236537
7007.29199 0.236333
7008.49023 0.236129
7009.68896 0.235926
7010.88916 0.23574
7012.08789 0.235562
7013.28809 0.23539
7014.48779 0.235218
7015.68799 0.235046
7016.88916 0.234874
7018.08887 0.234703
7019.29004 0.234531
7020.49121 0.234349
7021.69189 0.234153
7022.89307 0.233994
7024.09521 0.233844
7025.29688 0.233694
7026.49902 0.233544
7027.70117 0.233394
7028.90283 0.233244
7030.10596 0.233096
7031.30908 0.23296
7032.51221 0.232848
7033.71484 0.232759
7034.91797 0.232671
7036.12207 0.232582
7037.32617 0.232494
7038.52979 0.232406
7039.73389 0.232317
7040.93799 0.232229
7042.14307 0.232146
7043.34814 0.232086
7044.55322 0.232026
7045.75781 0.231967
7046.96387 0.231907
7048.16895 0.231848
7049.37500 0.231788
7050.58203 0.231717
7051.78809 0.231633
7052.99512 0.231591
7054.20117 0.231555
7055.40820 0.231519
7056.61523 0.231483
7057.82324 0.231447
7059.02979 0.231411
7060.23779 0.23138
7061.44580 0.231368
7062.65381 0.231374
7063.86182 0.231391
7065.07080 0.231409
7066.27979 0.231426
7067.48877 0.231444
7068.69824 0.231461
7069.90820 0.231479
7071.11719 0.231474
7072.32715 0.231471
7073.53711 0.231478
7074.74707 0.231485
7075.95801 0.231491
7077.16797 0.231498
7078.37891 0.231504
7079.58984 0.231511
7080.80176 0.231533
7082.01318 0.231565
7083.22510 0.231609
7084.43701 0.231653
7085.64893 0.231697
7086.86084 0.231741
7088.07422 0.231785
7089.28613 0.231829
7090.50000 0.231862
7091.71191 0.231882
7092.92578 0.231872
7094.13916 0.231854
7095.35303 0.231836
7096.56689 0.231818
7097.78076 0.2318
7098.99609 0.231782
7100.20996 0.231768
7101.42480 0.231775
7102.64014 0.231822
7103.85498 0.2319
7105.07080 0.231978
7106.28613 0.232055
7107.50195 0.232133
7108.71777 0.232211
7109.93506 0.232288
7111.15088 0.232366
7112.36816 0.232411
7113.58398 0.232393
7114.80176 0.232375
7116.01904 0.232357
7117.23584 0.232339
7118.45410 0.23232
7119.67188 0.232302
7120.89014 0.232266
7122.10791 0.232219
7123.32715 0.232143
7124.54590 0.232068
7125.76514 0.231992
7126.98389 0.231916
7128.20410 0.231841
7129.42285 0.231765
7130.64307 0.231702
7131.86279 0.231651
7133.08301 0.231559
7134.30420 0.231462
7135.52393 0.231365
7136.74512 0.231269
7137.96582 0.231172
7139.18799 0.231076
7140.40918 0.230971
7141.62988 0.23085
7142.85303 0.230686
7144.07520 0.230506
7145.29688 0.230325
7146.52002 0.230145
7147.74219 0.229965
7148.96484 0.229786
7150.18799 0.22961
7151.41211 0.229455
7152.63477 0.229262
7153.85889 0.229038
7155.08301 0.228814
7156.30713 0.228591
7157.53076 0.228367
7158.75586 0.228143
7159.98096 0.22792
7161.20605 0.227672
7162.43115 0.227362
7163.65723 0.226948
7164.88184 0.226533
7166.10791 0.226119
7167.33398 0.225705
7168.56104 0.225291
7169.78711 0.224877
7171.01416 0.224484
7172.24121 0.224059
7173.46777 0.223501
7174.69482 0.222944
7175.92285 0.222387
7177.14990 0.22183
7178.37793 0.221274
7179.60596 0.220718
7180.83496 0.220162
7182.06299 0.219597
7183.29199 0.218906
7184.52100 0.218214
7185.75000 0.217524
7186.97998 0.216833
7188.20996 0.216143
7189.43896 0.215453
7190.66992 0.214751
7191.89990 0.214039
7193.12988 0.213165
7194.36084 0.21228
7195.59180 0.211395
7196.82324 0.210511
7198.05518 0.209628
7199.28613 0.208745
7200.51807 0.207873
7201.75000 0.207014
7202.98193 0.20576
7204.21387 0.204413
7205.44678 0.203067
7206.68018 0.201722
7207.91309 0.200377
7209.14600 0.199034
7210.37891 0.197684
7211.61279 0.19632
7212.84717 0.194086
7214.08105 0.191474
7215.31494 0.188863
7216.54980 0.186255
7217.78516 0.183649
7219.02002 0.181045
7220.25488 0.178446
7221.49023 0.175865
7222.72607 0.172443
7223.96094 0.16845
7225.19678 0.164461
7226.43408 0.160472
7227.66992 0.156487
7228.90723 0.152502
7230.14404 0.148518
7231.37988 0.144517
7232.61816 0.140279
7233.85498 0.13581
7235.09277 0.131344
7236.33105 0.126883
7237.56885 0.122424
7238.80713 0.11797
7240.04492 0.113522
7241.28418 0.109088
7242.52295 0.10488
7243.76221 0.100979
7245.00195 0.097079
7246.24121 0.093183
7247.48096 0.089289
7248.72119 0.085397
7249.96094 0.081508
7251.20215 0.077615
7252.44189 0.074009
7253.68311 0.070918
7254.92383 0.067829
7256.16602 0.064743
7257.40723 0.06166
7258.64893 0.05858
7259.89111 0.055503
7261.13281 0.052433
7262.37500 0.049585
7263.61816 0.047248
7264.85986 0.044912
7266.10400 0.042577
7267.34717 0.040244
7268.58984 0.037912
7269.83398 0.035583
7271.07812 0.033255
7272.32178 0.031122
7273.56592 0.029555
7274.81104 0.027988
7276.05518 0.026423
7277.29980 0.02486
7278.54492 0.023296
7279.79102 0.021734
7281.03613 0.020172
7282.28223 0.018744
7283.52783 0.017788
7284.77393 0.016834
7286.02002 0.015881
7287.26709 0.014928
7288.51416 0.013976
7289.76123 0.013025
7291.00781 0.012076
7292.25488 0.011205
7293.50293 0.010646
7294.75098 0.010088
7295.99902 0.009529
7297.24707 0.008972
7298.49609 0.008414
7299.74512 0.007857
7300.99414 0.0073
7302.24316 0.006786
7303.49219 0.006464
7304.74219 0.006141
7305.99121 0.005819
7307.24121 0.005497
7308.49219 0.005175
7309.74219 0.004854
7310.99316 0.004534
7312.24414 0.004237
7313.49512 0.004045
7314.74609 0.003853
7315.99805 0.003662
7317.24902 0.003471
7318.50098 0.003279
7319.75293 0.003088
7321.00586 0.002897
7322.25781 0.00272
7323.51123 0.002603
7324.76416 0.002487
7326.01709 0.00237
7327.27100 0.002254
7328.52393 0.002137
7329.77783 0.002021
7331.03223 0.001905
7332.28711 0.001798
7333.54102 0.001724
7334.79590 0.001649
7336.05078 0.001575
7337.30615 0.001501
7338.56201 0.001426
7339.81689 0.001352
7341.07324 0.001278
7342.32910 0.001209
7343.58496 0.001158
7344.84082 0.001106
7346.09814 0.001055
7347.35498 0.001004
7348.61182 0.000952
7349.86914 0.000901
7351.12695 0.00085
7352.38477 0.000804
7353.64307 0.00077
7354.90088 0.000736
7356.15918 0.000703
7357.41797 0.000669
7358.67676 0.000635
7359.93604 0.000601
7361.19482 0.000568
7362.45410 0.000538
7363.71387 0.000516
7364.97412 0.000495
7366.23389 0.000473
7367.49414 0.000451
7368.75488 0.00043
7370.01611 0.000408
8107.01758 0.0
