threeML/data/optical_filters/HST/WFC3_UVIS1-F625W.ecsv
# %ECSV 0.9
# ---
# datatype:
# - {name: wavelength, unit: Angstrom, datatype: float32}
# - {name: response, datatype: float32}
# meta: !!omap
# - {band_name: F625W}
# - {group_name: WFC3_UVIS1}
wavelength response
4841.73096 0.0
5379.70117 0.000404
5380.62109 0.000421
5381.54199 0.000438
5382.46191 0.000467
5383.38379 0.000495
5384.30518 0.000523
5385.22607 0.000551
5386.14697 0.000579
5387.06885 0.000608
5387.99023 0.000636
5388.91211 0.000664
5389.83398 0.000692
5390.75586 0.000721
5391.67920 0.000753
5392.60107 0.000803
5393.52393 0.000853
5394.44678 0.000903
5395.37012 0.000953
5396.29297 0.001003
5397.21582 0.001053
5398.14014 0.001103
5399.06299 0.001153
5399.98682 0.001203
5400.91113 0.001253
5401.83496 0.001319
5402.75879 0.00141
5403.68408 0.001502
5404.60791 0.001594
5405.53320 0.001686
5406.45801 0.001777
5407.38281 0.001869
5408.30811 0.001961
5409.23291 0.002053
5410.15918 0.002144
5411.08398 0.002236
5412.00977 0.002368
5412.93604 0.002532
5413.86182 0.002697
5414.78906 0.002861
5415.71484 0.003026
5416.64209 0.00319
5417.56787 0.003355
5418.49512 0.003519
5419.42188 0.003684
5420.35010 0.003848
5421.27686 0.004013
5422.20508 0.004275
5423.13184 0.00457
5424.06006 0.004864
5424.98779 0.005159
5425.91602 0.005453
5426.84521 0.005748
5427.77295 0.006043
5428.70215 0.006337
5429.62988 0.006632
5430.56006 0.006927
5431.48877 0.007222
5432.41797 0.007763
5433.34717 0.008309
5434.27686 0.008855
5435.20703 0.009401
5436.13721 0.009948
5437.06689 0.010495
5437.99707 0.011041
5438.92676 0.011588
5439.85791 0.012135
5440.78906 0.012682
5441.72021 0.013329
5442.65088 0.014327
5443.58203 0.015325
5444.51318 0.016322
5445.44482 0.01732
5446.37598 0.018318
5447.30811 0.019316
5448.24023 0.020315
5449.17188 0.021313
5450.10498 0.022312
5451.03711 0.023311
5451.97021 0.024665
5452.90283 0.026394
5453.83594 0.028123
5454.76904 0.029852
5455.70215 0.031581
5456.63623 0.03331
5457.56885 0.03504
5458.50293 0.036769
5459.43701 0.038499
5460.37109 0.04023
5461.30518 0.04196
5462.24023 0.044444
5463.17383 0.047149
5464.10889 0.049854
5465.04395 0.05256
5465.97900 0.055265
5466.91406 0.057973
5467.84912 0.060679
5468.78516 0.063386
5469.72119 0.066095
5470.65576 0.068802
5471.59180 0.071592
5472.52783 0.075365
5473.46484 0.079139
5474.40088 0.082913
5475.33789 0.086687
5476.27490 0.090463
5477.21191 0.094239
5478.14893 0.098014
5479.08594 0.101789
5480.02295 0.105566
5480.96094 0.109343
5481.89893 0.113357
5482.83691 0.11772
5483.77490 0.122084
5484.71289 0.126449
5485.65088 0.130812
5486.58984 0.135179
5487.52881 0.139544
5488.46777 0.143911
5489.40723 0.148277
5490.34619 0.152646
5491.28516 0.157012
5492.22510 0.161031
5493.16504 0.164927
5494.10400 0.168825
5495.04395 0.172723
5495.98486 0.176623
5496.92480 0.180521
5497.86523 0.18442
5498.80615 0.188321
5499.74707 0.192222
5500.68799 0.196124
5501.62891 0.199909
5502.56982 0.202725
5503.51221 0.205541
5504.45410 0.208359
5505.39502 0.211175
5506.33691 0.213992
5507.27881 0.216811
5508.22217 0.21963
5509.16406 0.222448
5510.10596 0.225267
5511.04883 0.228087
5511.99219 0.230362
5512.93506 0.232071
5513.87793 0.233779
5514.82178 0.235488
5515.76611 0.237198
5516.70898 0.238907
5517.65283 0.240616
5518.59717 0.242327
5519.54199 0.244037
5520.48584 0.245747
5521.43018 0.247457
5522.37500 0.248447
5523.31982 0.249349
5524.26514 0.250251
5525.20996 0.251153
5526.15479 0.252056
5527.10107 0.252958
5528.04590 0.25386
5528.99219 0.254763
5529.93799 0.255666
5530.88379 0.256569
5531.83105 0.257322
5532.77686 0.257745
5533.72412 0.258167
5534.66992 0.25859
5535.61816 0.259013
5536.56396 0.259436
5537.51221 0.259859
5538.45898 0.260282
5539.40723 0.260705
5540.35400 0.261128
5541.30322 0.261551
5542.25000 0.261889
5543.19922 0.262199
5544.14697 0.262509
5545.09619 0.262819
5546.04395 0.263128
5546.99414 0.263439
5547.94189 0.263748
5548.89209 0.264058
5549.84082 0.264369
5550.79102 0.264679
5551.74023 0.264997
5552.68994 0.265344
5553.64014 0.265692
5554.58984 0.26604
5555.54102 0.266388
5556.49121 0.266736
5557.44189 0.267084
5558.39307 0.267432
5559.34424 0.26778
5560.29492 0.268128
5561.24707 0.268476
5562.19824 0.268795
5563.14893 0.269102
5564.10205 0.269408
5565.05420 0.269715
5566.00586 0.270022
5566.95801 0.270328
5567.91113 0.270635
5568.86279 0.270942
5569.81592 0.271248
5570.76904 0.271537
5571.72217 0.271824
5572.67480 0.272117
5573.62891 0.272411
5574.58301 0.272705
5575.53613 0.272998
5576.49023 0.273292
5577.44385 0.273585
5578.39795 0.273878
5579.35303 0.274172
5580.30811 0.274473
5581.26221 0.274788
5582.21680 0.275042
5583.17188 0.275269
5584.12695 0.275496
5585.08301 0.275723
5586.03906 0.27595
5586.99414 0.276177
5587.95020 0.276404
5588.90576 0.276632
5589.86182 0.276859
5590.81885 0.277086
5591.77490 0.277301
5592.73193 0.277475
5593.68896 0.277649
5594.64600 0.277823
5595.60303 0.277997
5596.56104 0.278171
5597.51807 0.278345
5598.47607 0.278519
5599.43408 0.278694
5600.39209 0.278868
5601.35010 0.279042
5602.30811 0.279118
5603.26709 0.279166
5604.22607 0.279216
5605.18506 0.279265
5606.14404 0.279314
5607.10303 0.279363
5608.06201 0.279412
5609.02100 0.279461
5609.98096 0.27951
5610.94092 0.279559
5611.90088 0.279555
5612.86084 0.279455
5613.82080 0.279355
5614.78223 0.279255
5615.74316 0.279155
5616.70410 0.279054
5617.66504 0.278954
5618.62500 0.278855
5619.58691 0.278754
5620.54785 0.278654
5621.50977 0.278554
5622.47217 0.278407
5623.43408 0.278258
5624.39600 0.278108
5625.35791 0.277959
5626.32080 0.277809
5627.28320 0.27766
5628.24609 0.27751
5629.20898 0.277361
5630.17188 0.27721
5631.13477 0.277053
5632.09912 0.276834
5633.06201 0.276567
5634.02588 0.2763
5634.99023 0.276032
5635.95508 0.275765
5636.91797 0.275497
5637.88281 0.275229
5638.84814 0.274962
5639.81299 0.274694
5640.77686 0.274427
5641.74316 0.274148
5642.70801 0.273821
5643.67285 0.273495
5644.63916 0.273168
5645.60400 0.272841
5646.57080 0.272514
5647.53711 0.272187
5648.50293 0.271861
5649.46924 0.271534
5650.43604 0.271207
5651.40283 0.27088
5652.37012 0.270499
5653.33691 0.270107
5654.30420 0.269716
5655.27100 0.269324
5656.23877 0.268932
5657.20703 0.26854
5658.17480 0.268149
5659.14307 0.267757
5660.11084 0.267365
5661.08008 0.266973
5662.04785 0.266637
5663.01709 0.266359
5663.98584 0.26608
5664.95508 0.265802
5665.92383 0.265524
5666.89404 0.265246
5667.86279 0.264967
5668.83301 0.264689
5669.80322 0.26441
5670.77197 0.264132
5671.74316 0.263869
5672.71289 0.26368
5673.68408 0.26349
5674.65479 0.263301
5675.62500 0.263111
5676.59717 0.262922
5677.56787 0.262733
5678.53906 0.262543
5679.51123 0.262354
5680.48193 0.262165
5681.45508 0.261975
5682.42578 0.261829
5683.39893 0.261688
5684.37109 0.261548
5685.34424 0.261408
5686.31592 0.261268
5687.29004 0.261128
5688.26221 0.260987
5689.23584 0.260847
5690.20898 0.260707
5691.18311 0.260566
5692.15576 0.260448
5693.12988 0.260344
5694.10400 0.260241
5695.07910 0.260137
5696.05322 0.260033
5697.02686 0.25993
5698.00195 0.259826
5698.97705 0.259722
5699.95215 0.259619
5700.92676 0.259515
5701.90283 0.259457
5702.87793 0.259491
5703.85400 0.259526
5704.83008 0.25956
5705.80615 0.259595
5706.78223 0.259629
5707.75879 0.259663
5708.73486 0.259698
5709.71191 0.259732
5710.68896 0.259767
5711.66602 0.259815
5712.64307 0.26001
5713.62109 0.260205
5714.59814 0.2604
5715.57617 0.260596
5716.55420 0.260791
5717.53223 0.260986
5718.50977 0.261182
5719.48779 0.261377
5720.46680 0.261562
5721.44580 0.261736
5722.42480 0.262003
5723.40381 0.262286
5724.38281 0.262569
5725.36182 0.262852
5726.34180 0.263136
5727.32178 0.263419
5728.30176 0.263702
5729.28223 0.263985
5730.26221 0.264273
5731.24316 0.264578
5732.22314 0.264875
5733.20410 0.265169
5734.18506 0.265462
5735.16602 0.265755
5736.14697 0.266049
5737.12793 0.266342
5738.10986 0.266635
5739.09180 0.266929
5740.07422 0.267222
5741.05615 0.267515
5742.03809 0.267808
5743.02100 0.2681
5744.00293 0.268392
5744.98584 0.268684
5745.96924 0.268975
5746.95215 0.269267
5747.93506 0.269559
5748.91797 0.269851
5749.90186 0.270143
5750.88623 0.270435
5751.87012 0.270751
5752.85400 0.271127
5753.83789 0.271504
5754.82324 0.271881
5755.80811 0.272258
5756.79199 0.272635
5757.77686 0.273012
5758.76221 0.273389
5759.74805 0.273766
5760.73291 0.274143
5761.71924 0.274512
5762.70508 0.274823
5763.68994 0.275134
5764.67676 0.275446
5765.66309 0.275757
5766.64893 0.276068
5767.63623 0.27638
5768.62305 0.276691
5769.60986 0.277003
5770.59717 0.277314
5771.58398 0.277626
5772.57178 0.277821
5773.56006 0.278015
5774.54688 0.278208
5775.53516 0.278402
5776.52295 0.278595
5777.51221 0.278789
5778.50000 0.278983
5779.48877 0.279176
5780.47803 0.27937
5781.46680 0.279564
5782.45605 0.279656
5783.44482 0.279732
5784.43506 0.279808
5785.42383 0.279883
5786.41504 0.279959
5787.40381 0.280035
5788.39502 0.280111
5789.38477 0.280187
5790.37500 0.280263
5791.36621 0.280339
5792.35693 0.280354
5793.34814 0.28035
5794.33887 0.280346
5795.33105 0.280342
5796.32178 0.280339
5797.31396 0.280335
5798.30615 0.280331
5799.29785 0.280327
5800.29004 0.280323
5801.28320 0.280319
5802.27490 0.280214
5803.26807 0.280058
5804.26123 0.279902
5805.25391 0.279747
5806.24707 0.279591
5807.24023 0.279436
5808.23389 0.27928
5809.22803 0.279124
5810.22217 0.278969
5811.21582 0.278813
5812.20996 0.278569
5813.20508 0.278266
5814.19922 0.277963
5815.19385 0.277661
5816.18896 0.277358
5817.18408 0.277056
5818.17920 0.276753
5819.17480 0.27645
5820.16992 0.276144
5821.16602 0.275818
5822.16211 0.275459
5823.15820 0.275073
5824.15479 0.274687
5825.15088 0.274301
5826.14697 0.273916
5827.14502 0.27353
5828.14209 0.273144
5829.13916 0.272759
5830.13623 0.272377
5831.13281 0.272018
5832.13086 0.271676
5833.12891 0.27135
5834.12695 0.271024
5835.12500 0.270698
5836.12402 0.270371
5837.12207 0.270045
5838.12109 0.269719
5839.12012 0.269392
5840.11914 0.269066
5841.11816 0.26874
5842.11719 0.268419
5843.11719 0.268104
5844.11719 0.267789
5845.11719 0.267474
5846.11719 0.267159
5847.11719 0.266844
5848.11719 0.266528
5849.11816 0.266213
5850.11914 0.265898
5851.12012 0.265583
5852.12109 0.265251
5853.12207 0.264904
5854.12305 0.264556
5855.12500 0.264208
5856.12598 0.26386
5857.12793 0.263512
5858.13086 0.263164
5859.13281 0.262816
5860.13623 0.262467
5861.13818 0.262119
5862.14111 0.261789
5863.14404 0.261474
5864.14697 0.26116
5865.14990 0.260846
5866.15381 0.260531
5867.15820 0.260217
5868.16211 0.259902
5869.16602 0.259588
5870.16895 0.259273
5871.17383 0.258958
5872.17920 0.258727
5873.18311 0.258563
5874.18799 0.2584
5875.19287 0.258236
5876.19824 0.258072
5877.20410 0.257909
5878.20898 0.257745
5879.21484 0.257582
5880.22119 0.257418
5881.22705 0.257254
5882.23291 0.257208
5883.24023 0.25724
5884.24609 0.257272
5885.25293 0.257304
5886.25977 0.257335
5887.26709 0.257368
5888.27393 0.257399
5889.28223 0.257431
5890.29004 0.257463
5891.29688 0.257495
5892.30518 0.257576
5893.31299 0.257682
5894.32178 0.257787
5895.33008 0.257892
5896.33887 0.257998
5897.34814 0.258103
5898.35596 0.258209
5899.36621 0.258314
5900.37500 0.258411
5901.38477 0.258495
5902.39502 0.258579
5903.40381 0.258663
5904.41406 0.258747
5905.42383 0.258831
5906.43506 0.258915
5907.44482 0.258999
5908.45605 0.259084
5909.46680 0.259168
5910.47803 0.259263
5911.48877 0.259369
5912.50098 0.259538
5913.51221 0.259718
5914.52393 0.259898
5915.53613 0.260078
5916.54785 0.260258
5917.56104 0.260438
5918.57324 0.260618
5919.58496 0.260798
5920.59814 0.260978
5921.61084 0.261159
5922.62500 0.261474
5923.63818 0.261792
5924.65088 0.262112
5925.66504 0.262431
5926.67920 0.26275
5927.69287 0.263069
5928.70703 0.263388
5929.72217 0.263707
5930.73584 0.264026
5931.75000 0.264354
5932.76611 0.264755
5933.78076 0.265156
5934.79590 0.265557
5935.81201 0.265958
5936.82715 0.266359
5937.84277 0.26676
5938.85791 0.267161
5939.87500 0.267562
5940.89111 0.267964
5941.90723 0.268351
5942.92383 0.268697
5943.94092 0.269043
5944.95801 0.269389
5945.97510 0.269736
5946.99219 0.270082
5948.00977 0.270428
5949.02686 0.270775
5950.04492 0.271121
5951.06299 0.271468
5952.08203 0.271772
5953.10010 0.27202
5954.11914 0.272268
5955.13721 0.272516
5956.15576 0.272765
5957.17480 0.273013
5958.19385 0.273261
5959.21387 0.273509
5960.23291 0.273757
5961.25293 0.274006
5962.27295 0.27423
5963.29297 0.274438
5964.31299 0.274647
5965.33398 0.274855
5966.35400 0.275064
5967.37500 0.275272
5968.39600 0.275481
5969.41699 0.275689
5970.43896 0.275888
5971.45996 0.276073
5972.48193 0.276205
5973.50391 0.276326
5974.52588 0.276447
5975.54785 0.276567
5976.57080 0.276688
5977.59277 0.276808
5978.61621 0.276929
5979.63916 0.277049
5980.66211 0.277185
5981.68506 0.277327
5982.70801 0.27736
5983.73193 0.277393
5984.75586 0.277427
5985.77979 0.27746
5986.80420 0.277493
5987.82812 0.277526
5988.85303 0.277559
5989.87695 0.277593
5990.90186 0.277626
5991.92676 0.277608
5992.95312 0.277447
5993.97803 0.277286
5995.00293 0.277125
5996.02881 0.276964
5997.05518 0.276803
5998.08105 0.276642
5999.10693 0.276481
6000.13379 0.276322
6001.16016 0.276182
6002.18701 0.276005
6003.21387 0.275791
6004.24121 0.275578
6005.26904 0.275364
6006.29590 0.27515
6007.32422 0.274936
6008.35205 0.274723
6009.37891 0.274509
6010.40820 0.274295
6011.43604 0.274081
6012.46387 0.273851
6013.49316 0.273617
6014.52197 0.273382
6015.55078 0.273147
6016.58008 0.272913
6017.60986 0.272678
6018.63916 0.272443
6019.66895 0.272208
6020.69922 0.271973
6021.72900 0.271737
6022.75879 0.271481
6023.79004 0.271226
6024.81982 0.270971
6025.85107 0.270715
6026.88184 0.270459
6027.91406 0.270203
6028.94482 0.269948
6029.97607 0.269692
6031.00781 0.26941
6032.04004 0.269084
6033.07178 0.26868
6034.10400 0.268276
6035.13721 0.267873
6036.16895 0.267469
6037.20215 0.267065
6038.23486 0.266661
6039.26807 0.266257
6040.30078 0.26586
6041.33398 0.26548
6042.36816 0.265069
6043.40186 0.264644
6044.43604 0.264219
6045.47021 0.263794
6046.50391 0.263368
6047.53906 0.262943
6048.57422 0.262517
6049.60889 0.262091
6050.64404 0.261665
6051.67920 0.26124
6052.71387 0.26095
6053.75000 0.260661
6054.78613 0.260371
6055.82178 0.260082
6056.85791 0.259792
6057.89404 0.259502
6058.93115 0.259213
6059.96680 0.258923
6061.00391 0.258633
6062.04102 0.25838
6063.07812 0.258197
6064.11621 0.258014
6065.15283 0.257831
6066.19092 0.257648
6067.22900 0.257465
6068.26709 0.257282
6069.30518 0.257098
6070.34277 0.256915
6071.38184 0.256732
6072.42090 0.256607
6073.45996 0.256506
6074.49902 0.256405
6075.53809 0.256304
6076.57812 0.256203
6077.61816 0.256101
6078.65723 0.256
6079.69678 0.255899
6080.73682 0.255797
6081.77783 0.255694
6082.81787 0.255574
6083.85889 0.255454
6084.89990 0.255334
6085.94092 0.255214
6086.98193 0.255093
6088.02393 0.254973
6089.06494 0.254853
6090.10693 0.25473
6091.14893 0.254587
6092.19092 0.254461
6093.23389 0.254352
6094.27588 0.254243
6095.31885 0.254134
6096.36182 0.254025
6097.40479 0.253916
6098.44824 0.253807
6099.49219 0.253698
6100.53516 0.2536
6101.57910 0.253513
6102.62305 0.253546
6103.66699 0.253593
6104.71094 0.25364
6105.75586 0.253687
6106.79980 0.253734
6107.84521 0.253781
6108.89014 0.253828
6109.93604 0.253875
6110.98096 0.253922
6112.02588 0.254022
6113.07178 0.254234
6114.11816 0.254447
6115.16406 0.254659
6116.20996 0.254872
6117.25684 0.255084
6118.30420 0.255297
6119.35107 0.25551
6120.39697 0.255723
6121.44385 0.255935
6122.49219 0.256167
6123.54004 0.256405
6124.58691 0.256643
6125.63477 0.256881
6126.68311 0.257119
6127.73096 0.257358
6128.77979 0.257596
6129.82812 0.257834
6130.87695 0.258072
6131.92578 0.258293
6132.97510 0.258452
6134.02393 0.25861
6135.07422 0.258769
6136.12402 0.258927
6137.17285 0.259086
6138.22412 0.259245
6139.27393 0.259404
6140.32422 0.259563
6141.37500 0.259722
6142.42578 0.259875
6143.47705 0.260026
6144.52783 0.260178
6145.57910 0.260329
6146.62988 0.260481
6147.68213 0.260632
6148.73389 0.260784
6149.78613 0.260935
6150.83789 0.261068
6151.89111 0.261202
6152.94287 0.261362
6153.99609 0.261522
6155.04883 0.261682
6156.10205 0.261842
6157.15479 0.262001
6158.20801 0.262161
6159.26221 0.262322
6160.31592 0.262489
6161.37012 0.262672
6162.42383 0.262906
6163.47900 0.263164
6164.53320 0.263421
6165.58789 0.263679
6166.64307 0.263936
6167.69824 0.264194
6168.75293 0.264452
6169.80908 0.26471
