threeML/data/optical_filters/HST/WFC3_UVIS2-F475W.ecsv
# %ECSV 0.9
# ---
# datatype:
# - {name: wavelength, unit: Angstrom, datatype: float32}
# - {name: response, datatype: float32}
# meta: !!omap
# - {band_name: F475W}
# - {group_name: WFC3_UVIS2}
wavelength response
[from data line 805]
4496.68701 0.244981
4497.45703 0.245149
4498.22705 0.245317
4498.99609 0.245485
4499.76611 0.245654
4500.53613 0.245814
4501.30615 0.245969
4502.07617 0.246104
4502.84619 0.246238
4503.61719 0.246373
4504.38721 0.246507
4505.15820 0.246642
4505.92920 0.246777
4506.69922 0.246912
4507.47119 0.247047
4508.24219 0.247181
4509.01318 0.247316
4509.78516 0.247451
4510.55615 0.247598
4511.32812 0.247744
4512.10010 0.24784
4512.87207 0.247936
4513.64404 0.248032
4514.41602 0.248128
4515.18799 0.248224
4515.96094 0.24832
4516.73389 0.248416
4517.50586 0.248511
4518.27881 0.248608
4519.05176 0.248704
4519.82617 0.2488
4520.59912 0.248883
4521.37305 0.248961
4522.14600 0.249028
4522.91895 0.249095
4523.69287 0.249162
4524.46680 0.249229
4525.24219 0.249296
4526.01611 0.249363
4526.79004 0.249431
4527.56494 0.249498
4528.33887 0.249565
4529.11377 0.249632
4529.88916 0.249699
4530.66406 0.249766
4531.43896 0.24983
4532.21387 0.24988
4532.99023 0.24993
4533.76611 0.24998
4534.54199 0.25003
4535.31689 0.25008
4536.09277 0.25013
4536.86914 0.25018
4537.64600 0.250231
4538.42188 0.250281
4539.19824 0.250331
4539.97510 0.250381
4540.75098 0.250431
4541.52881 0.250476
4542.30615 0.250509
4543.08301 0.250542
4543.85986 0.250576
4544.63818 0.250609
4545.41504 0.250642
4546.19287 0.250676
4546.97119 0.250709
4547.74902 0.250743
4548.52686 0.250776
4549.30518 0.250809
4550.08301 0.250843
4550.86182 0.250876
4551.64014 0.250916
4552.41895 0.250964
4553.19824 0.251012
4553.97705 0.25106
4554.75586 0.251108
4555.53613 0.251156
4556.31494 0.251204
4557.09521 0.251252
4557.87402 0.251299
4558.65381 0.251347
4559.43408 0.251395
4560.21387 0.251448
4560.99414 0.251512
4561.77490 0.251565
4562.55518 0.251611
4563.33594 0.251656
4564.11719 0.251702
4564.89697 0.251747
4565.67920 0.251793
4566.45898 0.251839
4567.24121 0.251884
4568.02197 0.25193
4568.80420 0.251976
4569.58496 0.252021
4570.36816 0.252059
4571.14893 0.252088
4571.93213 0.252116
4572.71387 0.252144
4573.49609 0.252171
4574.27881 0.252199
4575.06104 0.252227
4575.84424 0.252254
4576.62695 0.252282
4577.41016 0.25231
4578.19287 0.252337
4578.97705 0.252365
4579.75977 0.252393
4580.54297 0.25242
4581.32715 0.252448
4582.11084 0.252473
4582.89502 0.252499
4583.67920 0.252524
4584.46289 0.252549
4585.24805 0.252574
4586.03223 0.2526
4586.81689 0.252625
4587.60205 0.252651
4588.38721 0.252676
4589.17090 0.252701
4589.95703 0.252727
4590.74219 0.252752
4591.52686 0.25277
4592.31299 0.252772
4593.09912 0.252774
4593.88477 0.252776
4594.67090 0.252778
4595.45703 0.25278
4596.24316 0.252782
4597.02881 0.252784
4597.81592 0.252786
4598.60303 0.252788
4599.39014 0.25279
4600.17578 0.252792
4600.96289 0.252794
4601.75000 0.252794
4602.53809 0.252792
4603.32520 0.25279
4604.11279 0.252789
4604.90088 0.252787
4605.68799 0.252786
4606.47705 0.252784
4607.26514 0.252782
4608.05322 0.252781
4608.84082 0.252779
4609.62988 0.252777
4610.41895 0.252785
4611.20801 0.2528
4611.99707 0.252772
4612.78613 0.252738
4613.57520 0.252705
4614.36377 0.252671
4615.15381 0.252638
4615.94287 0.252604
4616.73291 0.25257
4617.52295 0.252537
4618.31299 0.252503
4619.10303 0.25247
4619.89404 0.252436
4620.68408 0.252388
4621.47510 0.252335
4622.26514 0.252277
4623.05615 0.252219
4623.84717 0.25216
4624.63818 0.252102
4625.42920 0.252043
4626.22119 0.251985
4627.01221 0.251926
4627.80420 0.251868
4628.59619 0.251809
4629.38818 0.251751
4630.18018 0.251691
4630.97217 0.251628
4631.76416 0.251553
4632.55713 0.25147
4633.34912 0.251386
4634.14209 0.251303
4634.93506 0.251219
4635.72803 0.251136
4636.52100 0.251052
4637.31396 0.250968
4638.10791 0.250885
4638.90088 0.250801
4639.69482 0.250717
4640.48877 0.250634
4641.28320 0.25055
4642.07715 0.250466
4642.87109 0.250383
4643.66602 0.250299
4644.45996 0.250215
4645.25488 0.250131
4646.04883 0.250047
4646.84424 0.249964
4647.64014 0.24988
4648.43506 0.249796
4649.22998 0.249712
4650.02490 0.249628
4650.82080 0.249544
4651.61719 0.24946
4652.41309 0.249377
4653.20801 0.249293
4654.00488 0.249209
4654.80078 0.249125
4655.59717 0.249041
4656.39404 0.248957
4657.18994 0.248873
4657.98682 0.248789
4658.78418 0.248706
4659.58203 0.248622
4660.37891 0.248537
4661.17578 0.248453
4661.97412 0.248387
4662.77100 0.248325
4663.56885 0.248262
4664.36719 0.248199
4665.16504 0.248136
4665.96289 0.248073
4666.76123 0.24801
4667.56006 0.247948
4668.35791 0.247885
4669.15723 0.247822
4669.95605 0.247759
4670.75488 0.247712
4671.55420 0.247677
4672.35400 0.247667
4673.15283 0.247658
4673.95312 0.247648
4674.75195 0.247638
4675.55176 0.247628
4676.35205 0.247619
4677.15186 0.247609
4677.95215 0.247599
4678.75293 0.247589
4679.55322 0.24758
4680.35400 0.247562
4681.15479 0.247536
4681.95605 0.247527
4682.75684 0.247521
4683.55811 0.247516
4684.35889 0.247511
4685.16113 0.247505
4685.96191 0.2475
4686.76416 0.247495
4687.56592 0.24749
4688.36816 0.247484
4689.16992 0.247479
4689.97217 0.247474
4690.77490 0.247469
4691.57715 0.247483
4692.37988 0.247536
4693.18311 0.24759
4693.98584 0.247643
4694.78906 0.247696
4695.59180 0.24775
4696.39600 0.247804
4697.19922 0.247857
4698.00293 0.247911
4698.80713 0.247964
4699.60986 0.248018
4700.41504 0.248071
4701.21924 0.248125
4702.02295 0.24821
4702.82812 0.248299
4703.63184 0.248388
4704.43701 0.248477
4705.24219 0.248567
4706.04688 0.248656
4706.85205 0.248745
4707.65820 0.248835
4708.46289 0.248924
4709.26904 0.249013
4710.07422 0.249103
4710.87988 0.249192
4711.68604 0.249292
4712.49219 0.249403
4713.29785 0.249515
4714.10498 0.249626
4714.91211 0.249738
4715.71777 0.249849
4716.52490 0.249961
4717.33203 0.250072
4718.13916 0.250184
4718.94580 0.250296
4719.75391 0.250407
4720.56201 0.250519
4721.36914 0.250634
4722.17676 0.250788
4722.98486 0.250942
4723.79297 0.251096
4724.60107 0.25125
4725.40918 0.251405
4726.21777 0.251559
4727.02588 0.251714
4727.83496 0.251868
4728.64404 0.252022
4729.45312 0.252177
4730.26221 0.252332
4731.07178 0.252486
4731.88086 0.252629
4732.69092 0.252766
4733.50000 0.252903
4734.31104 0.25304
4735.12109 0.253177
4735.93115 0.253314
4736.74121 0.253452
4737.55078 0.253589
4738.36182 0.253726
4739.17188 0.253863
4739.98291 0.254001
4740.79395 0.254155
4741.60498 0.254313
4742.41699 0.254475
4743.22803 0.254637
4744.04004 0.254799
4744.85205 0.254962
4745.66309 0.255124
4746.47510 0.255286
4747.28711 0.255449
4748.10010 0.255611
4748.91211 0.255774
4749.72510 0.255937
4750.53711 0.256088
4751.35010 0.256233
4752.16309 0.256373
4752.97607 0.256514
4753.78906 0.256654
4754.60303 0.256795
4755.41602 0.256935
4756.22900 0.257076
4757.04297 0.257217
4757.85693 0.257358
4758.67090 0.257499
4759.48486 0.257639
4760.29980 0.25778
4761.11377 0.257921
4761.92920 0.258037
4762.74414 0.258145
4763.55908 0.258252
4764.37402 0.25836
4765.18799 0.258467
4766.00391 0.258575
4766.81885 0.258682
4767.63477 0.25879
4768.45117 0.258898
4769.26709 0.259005
4770.08301 0.259113
4770.89795 0.259221
4771.71484 0.259325
4772.53076 0.259427
4773.34814 0.259528
4774.16504 0.259629
4774.98096 0.259731
4775.79785 0.259832
4776.61523 0.259934
4777.43311 0.260035
4778.25000 0.260137
4779.06689 0.260238
4779.88477 0.26034
4780.70312 0.260441
4781.52100 0.260531
4782.33887 0.260579
4783.15723 0.260626
4783.97607 0.260674
4784.79395 0.260722
4785.61279 0.26077
4786.43213 0.260817
4787.25000 0.260865
4788.06982 0.260913
4788.88916 0.260961
4789.70801 0.261009
4790.52783 0.261057
4791.34717 0.261105
4792.16699 0.261167
4792.98682 0.261229
4793.80713 0.261292
4794.62695 0.261354
4795.44824 0.261417
4796.26807 0.261479
4797.08887 0.261541
4797.91016 0.261604
4798.72998 0.261667
4799.55078 0.261729
4800.37305 0.261792
4801.19385 0.261854
4802.01611 0.261896
4802.83691 0.261935
4803.65918 0.261972
4804.47998 0.26201
4805.30322 0.262049
4806.12500 0.262087
4806.94678 0.262125
4807.77002 0.262163
4808.59180 0.262201
4809.41504 0.262239
4810.23779 0.262282
4811.06104 0.262339
4811.88379 0.262389
4812.70703 0.262435
4813.53076 0.262482
4814.35400 0.262528
4815.17822 0.262575
4816.00098 0.262622
4816.82617 0.262668
4817.64990 0.262715
4818.47412 0.262762
4819.29785 0.262808
4820.12305 0.262852
4820.94824 0.262881
4821.77197 0.262925
4822.59814 0.262983
4823.42285 0.263042
4824.24805 0.263101
4825.07324 0.263159
4825.89893 0.263218
4826.72510 0.263277
4827.54980 0.263336
4828.37598 0.263395
4829.20312 0.263453
4830.02881 0.263512
4830.85498 0.263568
4831.68213 0.263617
4832.50781 0.263654
4833.33496 0.26369
4834.16211 0.263727
4834.98877 0.263763
4835.81592 0.2638
4836.64404 0.263837
4837.47119 0.263873
4838.29883 0.26391
4839.12695 0.263947
4839.95508 0.263984
4840.78320 0.26402
4841.61084 0.264065
4842.43896 0.264128
4843.26807 0.26419
4844.09717 0.264253
4844.92480 0.264315
4845.75391 0.264378
4846.58301 0.26444
4847.41309 0.264503
4848.24219 0.264565
4849.07178 0.264628
4849.90088 0.26469
4850.73096 0.264753
4851.56104 0.264816
4852.39111 0.264882
4853.22119 0.264947
4854.05176 0.265013
4854.88184 0.265079
4855.71289 0.265144
4856.54297 0.26521
4857.37500 0.265275
4858.20605 0.265341
4859.03711 0.265407
4859.86816 0.265472
4860.70020 0.265538
4861.53076 0.265602
4862.36279 0.265661
4863.19482 0.265719
4864.02686 0.265778
4864.85889 0.265837
4865.69092 0.265896
4866.52393 0.265954
4867.35693 0.266013
4868.18896 0.266072
4869.02197 0.26613
4869.85498 0.266189
4870.68799 0.266248
4871.52197 0.266303
4872.35498 0.266343
4873.18896 0.266384
4874.02295 0.266424
4874.85693 0.266464
4875.69092 0.266505
4876.52490 0.266545
4877.35889 0.266585
4878.19385 0.266626
4879.02783 0.266666
4879.86279 0.266707
4880.69824 0.266747
4881.53320 0.266783
4882.36914 0.266801
4883.20410 0.266818
4884.04004 0.266836
4884.87500 0.266854
4885.71094 0.266871
4886.54688 0.266889
4887.38281 0.266907
4888.21924 0.266925
4889.05518 0.266942
4889.89209 0.26696
4890.72900 0.266994
4891.56494 0.267025
4892.40186 0.267036
4893.23877 0.267047
4894.07617 0.267059
4894.91406 0.26707
4895.75098 0.267082
4896.58887 0.267093
4897.42676 0.267104
4898.26514 0.267116
4899.10303 0.267127
4899.94092 0.267138
4900.77881 0.267132
4901.61816 0.267112
4902.45703 0.267062
4903.29492 0.267012
4904.13379 0.266962
4904.97314 0.266912
4905.81299 0.266863
4906.65186 0.266813
4907.49121 0.266763
4908.33105 0.266713
4909.16992 0.266663
4910.01123 0.266613
4910.85107 0.266563
4911.69092 0.266504
4912.53076 0.26643
4913.37207 0.266355
4914.21191 0.266281
4915.05322 0.266206
4915.89404 0.266132
4916.73486 0.266057
4917.57715 0.265983
4918.41797 0.265908
4919.25879 0.265834
4920.10107 0.265759
4920.94287 0.265684
4921.78516 0.265593
4922.62695 0.265482
4923.46924 0.265372
4924.31201 0.265261
4925.15381 0.265151
4925.99707 0.265041
4926.83887 0.26493
4927.68213 0.26482
4928.52490 0.264709
4929.36914 0.264599
4930.21191 0.264488
4931.05615 0.264378
4931.89893 0.264257
4932.74316 0.26413
4933.58691 0.264004
4934.43115 0.263877
4935.27490 0.26375
4936.12012 0.263623
4936.96387 0.263495
4937.80908 0.263369
4938.65381 0.263241
4939.49902 0.263114
4940.34424 0.262987
4941.18896 0.26286
4942.03516 0.262721
4942.87988 0.262579
4943.72607 0.262437
4944.57178 0.262295
4945.41797 0.262152
4946.26416 0.26201
4947.10986 0.261868
4947.95703 0.261725
4948.80322 0.261583
4949.64990 0.261441
4950.49707 0.261298
4951.34424 0.261156
4952.19092 0.261001
4953.03809 0.260846
4953.88623 0.26069
4954.73291 0.260535
4955.58105 0.26038
4956.42920 0.260225
4957.27686 0.260069
4958.12500 0.259914
4958.97314 0.259758
4959.82178 0.259603
4960.66992 0.259447
4961.51904 0.259297
4962.36816 0.259174
4963.21680 0.25905
4964.06592 0.258927
4964.91602 0.258803
4965.76514 0.25868
4966.61523 0.258557
4967.46387 0.258433
4968.31396 0.25831
4969.16504 0.258186
4970.01514 0.258062
4970.86523 0.257939
4971.71484 0.257815
4972.56592 0.257692
4973.41699 0.257569
4974.26807 0.257446
4975.11914 0.257323
4975.97021 0.2572
4976.82080 0.257076
4977.67285 0.256953
4978.52393 0.25683
4979.37598 0.256707
4980.22803 0.256583
4981.08105 0.25646
4981.93311 0.256352
4982.78516 0.256253
4983.63818 0.256155
4984.49023 0.256056
4985.34277 0.255957
4986.19580 0.255858
4987.04883 0.255759
4987.90186 0.25566
4988.75586 0.255561
4989.60889 0.255462
4990.46289 0.255373
4991.31689 0.255292
4992.17090 0.255258
4993.02490 0.255227
4993.87891 0.255197
4994.73291 0.255166
4995.58789 0.255136
4996.44287 0.255105
4997.29785 0.255075
4998.15283 0.255044
4999.00781 0.255014
4999.86279 0.254983
5000.71924 0.254931
5001.57422 0.254874
5002.43018 0.254814
5003.28613 0.254753
5004.14209 0.254693
5004.99805 0.254633
5005.85400 0.254573
5006.71094 0.254512
5007.56689 0.254452
5008.42383 0.254392
5009.28076 0.254332
5010.13818 0.254271
5010.99609 0.254211
5011.85303 0.254181
5012.70996 0.254177
5013.56787 0.254173
5014.42578 0.254169
5015.28418 0.254164
5016.14209 0.25416
5017.00000 0.254156
5017.85791 0.254152
5018.71680 0.254148
5019.57617 0.254144
5020.43506 0.25414
5021.29297 0.254136
5022.15186 0.254154
5023.01221 0.254176
5023.87109 0.254198
5024.73096 0.254219
5025.58984 0.254241
5026.45020 0.254263
5027.31104 0.254284
5028.16992 0.254306
5029.03076 0.254327
5029.89111 0.254349
5030.75195 0.254366
5031.61279 0.25438
5032.47412 0.254382
5033.33398 0.254385
5034.19580 0.254387
5035.05713 0.25439
5035.91797 0.254393
5036.77979 0.254395
5037.64209 0.254398
5038.50391 0.254401
5039.36621 0.254403
5040.22803 0.254406
5041.08984 0.254409
5041.95312 0.254431
5042.81494 0.254464
5043.67822 0.254497
5044.54102 0.25453
5045.40381 0.254564
5046.26807 0.254597
5047.13086 0.25463
5047.99512 0.254663
5048.85791 0.254696
5049.72217 0.25473
5050.58594 0.254763
5051.45020 0.254797
5052.31396 0.254848
5053.17920 0.254899
5054.04297 0.25495
5054.90820 0.255001
5055.77295 0.255052
5056.63818 0.255103
5057.50293 0.255155
5058.36914 0.255206
5059.23389 0.255257
5060.10010 0.255308
5060.96484 0.255359
5061.83105 0.255399
5062.69678 0.255427
5063.56299 0.255455
5064.43018 0.255483
5065.29590 0.25551
5066.16309 0.255538
5067.02979 0.255566
5067.89600 0.255594
5068.76416 0.255622
5069.63086 0.25565
5070.49902 0.255678
5071.36621 0.255705
5072.23291 0.255749
5073.10205 0.255793
5073.96924 0.255837
5074.83691 0.255881
5075.70605 0.255926
5076.57422 0.25597
5077.44287 0.256014
5078.31201 0.256059
5079.18115 0.256103
5080.04883 0.256147
5080.91797 0.256191
5081.78809 0.256227
5082.65723 0.256251
5083.52686 0.256275
5084.39697 0.256299
5085.26709 0.256323
5086.13721 0.256348
5087.00684 0.256372
5087.87695 0.256396
5088.74805 0.25642
5089.61914 0.256444
5090.48877 0.256468
5091.35986 0.256493
5092.23096 0.256513
5093.10303 0.256533
5093.97412 0.256552
5094.84619 0.256572
5095.71680 0.256592
5096.58887 0.256612
5097.46094 0.256631
5098.33301 0.256651
5099.20605 0.256671
5100.07812 0.256691
5100.95117 0.25671
5101.82324 0.256729
5102.69580 0.256745
5103.56885 0.256762
5104.44189 0.256778
5105.31592 0.256794
5106.18896 0.256811
5107.06299 0.256827
5107.93701 0.256844
5108.81104 0.25686
5109.68506 0.256877
5110.55908 0.256893
5111.43408 0.256909
5112.30811 0.256917
5113.18311 0.256924
5114.05811 0.256932
5114.93311 0.256939
5115.80811 0.256947
5116.68311 0.256954
5117.55811 0.256962
5118.43408 0.256969
5119.31006 0.256976
5120.18604 0.256984
5121.06201 0.256991
5121.93799 0.256991
5122.81396 0.256986
5123.68994 0.256981
5124.56689 0.256976
5125.44385 0.25697
5126.32080 0.256965
5127.19824 0.25696
5128.07520 0.256955
5128.95312 0.25695
5129.83008 0.256945
5130.70801 0.256955
5131.58496 0.256971
5132.46387 0.256997
5133.34180 0.257022
5134.22021 0.257048
5135.09912 0.257074
5135.97705 0.257099
5136.85596 0.257125
5137.73486 0.257151
5138.61377 0.257177
5139.49316 0.257203
5140.37207 0.25722
5141.25195 0.257227
5142.13086 0.257213
5143.01123 0.257194
5143.89111 0.257174
5144.77100 0.257154
5145.65088 0.257135
5146.53223 0.257115
5147.41309 0.257096
5148.29297 0.257076
5149.17383 0.257057
5150.05518 0.257037
5150.93604 0.257017
5151.81689 0.256989
5152.69922 0.256951
5153.58105 0.256912
5154.46191 0.256873
5155.34424 0.256834
5156.22607 0.256796
5157.10791 0.256757
5157.99121 0.256718
5158.87305 0.256679
