threeML/data/optical_filters/HST/WFC3_IR-F125W.ecsv
# %ECSV 0.9
# ---
# datatype:
# - {name: wavelength, unit: Angstrom, datatype: float32}
# - {name: response, datatype: float32}
# meta: !!omap
# - {band_name: F125W}
# - {group_name: WFC3_IR}
wavelength response
[from data line 3065]
13747.66016 0.526704
13748.76953 0.526556
13749.88965 0.5264
13751.00000 0.5262
13752.12012 0.525996
13753.23047 0.525791
13754.34961 0.525574
13755.45996 0.525346
13756.58008 0.525118
13757.70020 0.52489
13758.80957 0.524662
13759.92969 0.524432
13761.04004 0.524201
13762.16016 0.52397
13763.28027 0.52374
13764.38965 0.523537
13765.50977 0.523356
13766.62988 0.523175
13767.74023 0.522994
13768.86035 0.522802
13769.98047 0.5225
13771.08984 0.522197
13772.20996 0.521895
13773.33008 0.521592
13774.45020 0.52133
13775.55957 0.521093
13776.67969 0.520857
13777.79980 0.520621
13778.91992 0.520375
13780.03027 0.520066
13781.15039 0.519758
13782.26953 0.51945
13783.38965 0.519141
13784.50977 0.51884
13785.62012 0.518541
13786.74023 0.518243
13787.86035 0.517944
13788.98047 0.517639
13790.09961 0.517304
13791.21973 0.516969
13792.33984 0.516634
13793.45996 0.516299
13794.57031 0.515924
13795.69043 0.515532
13796.80957 0.515141
13797.92969 0.51475
13799.04980 0.514352
13800.16992 0.513939
13801.29004 0.513554
13802.41016 0.513169
13803.53027 0.512784
13804.65039 0.512355
13805.76953 0.511913
13806.88965 0.511472
13808.00977 0.511031
13809.12988 0.510594
13810.25000 0.510164
13811.37012 0.509735
13812.49023 0.509306
13813.61035 0.508877
13814.73047 0.50841
13815.84961 0.507937
13816.96973 0.507464
13818.08984 0.506991
13819.20996 0.506518
13820.33008 0.506047
13821.45996 0.505575
13822.58008 0.505104
13823.70020 0.504632
13824.82031 0.504152
13825.94043 0.503671
13827.05957 0.50319
13828.17969 0.502709
13829.30957 0.502233
13830.42969 0.501849
13831.54980 0.501602
13832.66992 0.501355
13833.79004 0.501107
13834.91992 0.50086
13836.04004 0.500613
13837.16016 0.500365
13838.28027 0.500117
13839.41016 0.499864
13840.53027 0.499607
13841.65039 0.49935
13842.78027 0.499093
13843.90039 0.498833
13845.01953 0.498555
13846.13965 0.498277
13847.26953 0.497999
13848.38965 0.497721
13849.50977 0.497474
13850.63965 0.497271
13851.75977 0.497088
13852.87988 0.496904
13854.00977 0.496733
13855.12988 0.496617
13856.25977 0.496501
13857.37988 0.496384
13858.50000 0.496267
13859.62988 0.496197
13860.75000 0.496111
13861.87988 0.496011
13863.00000 0.49591
13864.12988 0.495832
13865.25000 0.495806
13866.37988 0.49578
13867.50000 0.495754
13868.62988 0.495728
13869.75000 0.495729
13870.87988 0.495735
13872.00000 0.495741
13873.12988 0.495746
13874.25000 0.495759
13875.37988 0.49578
13876.50000 0.495801
13877.62988 0.495822
13878.75000 0.495844
13879.87988 0.49602
13881.00977 0.496202
13882.12988 0.496383
13883.25977 0.496565
13884.38965 0.496777
13885.50977 0.497018
13886.63965 0.497258
13887.75977 0.497499
13888.88965 0.497747
13890.01953 0.498069
13891.13965 0.498391
13892.26953 0.498714
13893.40039 0.499036
13894.53027 0.499416
13895.65039 0.499828
13896.78027 0.50024
13897.91016 0.500652
13899.04004 0.501069
13900.16016 0.501502
13901.29004 0.501936
13902.41992 0.50237
13903.54980 0.502804
13904.66992 0.50325
13905.79980 0.503699
13906.92969 0.504148
13908.05957 0.504597
13909.19043 0.505024
13910.30957 0.505405
13911.44043 0.505786
13912.57031 0.506168
13913.70020 0.50655
13914.83008 0.506871
13915.95996 0.507186
13917.08984 0.507501
13918.21973 0.507817
13919.33984 0.508041
13920.46973 0.508166
13921.59961 0.508292
13922.73047 0.508417
13923.86035 0.508529
13924.99023 0.508385
13926.12012 0.508239
13927.25000 0.508094
13928.37988 0.507949
13929.50977 0.507571
13930.63965 0.507053
13931.76953 0.506534
13932.90039 0.506016
13934.03027 0.505401
13935.16016 0.504399
13936.29004 0.503397
13937.41992 0.502394
13938.54980 0.501391
13939.67969 0.500036
13940.80957 0.498578
13941.95020 0.497119
13943.08008 0.495659
13944.20996 0.494015
13945.33984 0.492029
13946.46973 0.490043
13947.59961 0.488054
13948.73047 0.486067
13949.86035 0.483637
13951.00000 0.481173
13952.12988 0.478708
13953.25977 0.476242
13954.38965 0.473445
13955.51953 0.470329
13956.66016 0.467213
13957.79004 0.464092
13958.91992 0.46092
13960.04980 0.457235
13961.17969 0.453551
13962.32031 0.449862
13963.45020 0.446171
13964.58008 0.4421
13965.71973 0.437845
13966.84961 0.433588
13967.98047 0.429329
13969.12012 0.424909
13970.25000 0.420052
13971.37988 0.415193
13972.50977 0.410327
13973.65039 0.405459
13974.78027 0.40034
13975.91992 0.39517
13977.04980 0.389998
13978.17969 0.384823
13979.32031 0.379251
13980.45020 0.373179
13981.58008 0.367104
13982.71973 0.361021
13983.84961 0.354937
13984.99023 0.348688
13986.12012 0.342442
13987.25977 0.336188
13988.38965 0.329931
13989.53027 0.323554
13990.66016 0.317102
13991.79980 0.310642
13992.92969 0.304184
13994.07031 0.29776
13995.20020 0.291462
13996.33984 0.285166
13997.46973 0.278863
13998.61035 0.272556
13999.74023 0.266452
14000.87988 0.260372
14002.01953 0.254284
14003.15039 0.248195
14004.29004 0.242065
14005.41992 0.235877
14006.55957 0.229682
14007.70020 0.223492
14008.83008 0.217295
14009.96973 0.211416
14011.09961 0.205541
14012.24023 0.19966
14013.37988 0.193777
14014.50977 0.188038
14015.65039 0.182395
14016.79004 0.176745
14017.92969 0.171099
14019.05957 0.165538
14020.20020 0.160335
14021.33984 0.155125
14022.48047 0.149915
14023.61035 0.144708
14024.75000 0.140033
14025.88965 0.135487
14027.03027 0.13094
14028.16016 0.126387
14029.29980 0.122039
14030.44043 0.11798
14031.58008 0.113915
14032.71973 0.109853
14033.84961 0.105798
14034.99023 0.102388
14036.12988 0.098977
14037.26953 0.095566
14038.41016 0.092154
14039.54980 0.089054
14040.69043 0.086142
14041.83008 0.083227
14042.95996 0.080313
14044.09961 0.077507
14045.24023 0.075066
14046.37988 0.072622
14047.51953 0.070177
14048.66016 0.067732
14049.79980 0.06555
14050.94043 0.063416
14052.08008 0.061282
14053.21973 0.059147
14054.36035 0.057149
14055.50000 0.055317
14056.63965 0.053483
14057.78027 0.05165
14058.91992 0.049832
14060.05957 0.048239
14061.20020 0.046645
14062.33984 0.045051
14063.48047 0.043456
14064.62988 0.041985
14065.76953 0.040573
14066.91016 0.03916
14068.04980 0.037746
14069.19043 0.036396
14070.33008 0.035193
14071.46973 0.033992
14072.61035 0.032791
14073.75977 0.031589
14074.90039 0.030521
14076.04004 0.029464
14077.17969 0.028406
14078.32031 0.027348
14079.45996 0.026386
14080.61035 0.025505
14081.75000 0.024622
14082.88965 0.023739
14084.03027 0.022893
14085.17969 0.022238
14086.32031 0.021582
14087.45996 0.020926
14088.61035 0.02027
14089.75000 0.019614
14090.88965 0.018959
14092.03027 0.018302
14093.17969 0.017646
14094.32031 0.017056
14095.45996 0.01656
14096.61035 0.016065
14097.75000 0.015569
14098.88965 0.015077
14100.04004 0.014654
14101.17969 0.014231
14102.33008 0.013809
14103.46973 0.013386
14104.61035 0.013029
14105.75977 0.012705
14106.90039 0.012382
14108.04980 0.012059
14109.19043 0.011718
14110.33984 0.011338
14111.48047 0.010958
14112.62988 0.010578
14113.76953 0.010197
14114.91992 0.009918
14116.05957 0.009647
14117.20996 0.009376
14118.34961 0.009105
14119.50000 0.008856
14120.63965 0.008624
14121.79004 0.008393
14122.92969 0.008161
14124.08008 0.007933
14125.21973 0.007723
14126.37012 0.007513
14127.51953 0.007304
14128.66016 0.007094
14129.80957 0.006905
14130.95020 0.00672
14132.09961 0.006536
14133.25000 0.006351
14134.38965 0.006176
14135.54004 0.006011
14136.69043 0.005846
14137.83008 0.00568
14138.98047 0.005517
14140.12988 0.00537
14141.26953 0.005223
14142.41992 0.005076
14143.57031 0.004928
14144.71973 0.004779
14145.86035 0.004629
14147.00977 0.004479
14148.16016 0.004329
14149.30957 0.004203
14150.45996 0.004115
14151.59961 0.004027
14152.75000 0.003938
14153.90039 0.003851
14155.04980 0.00379
14156.20020 0.003728
14157.33984 0.003667
14158.49023 0.003606
14159.63965 0.003551
14160.79004 0.0035
14161.94043 0.003449
14163.08984 0.003398
14164.24023 0.003326
14165.37988 0.003213
14166.53027 0.003099
14167.67969 0.002985
14168.83008 0.002871
14169.98047 0.002788
14171.12988 0.002707
14172.28027 0.002625
14173.42969 0.002543
14174.58008 0.002476
14175.73047 0.002417
14176.87988 0.002358
14178.03027 0.002299
14179.17969 0.002242
14180.33008 0.002189
14181.48047 0.002137
14182.62988 0.002085
14183.78027 0.002032
14184.92969 0.001984
14186.08008 0.001937
14187.23047 0.00189
14188.38965 0.001843
14189.54004 0.001799
14190.69043 0.001757
14191.83984 0.001715
14192.99023 0.001673
14194.13965 0.001632
14195.29004 0.001593
14196.44043 0.001554
14197.59961 0.001514
14198.75000 0.001475
14199.90039 0.001432
14201.04980 0.001388
14202.20020 0.001344
14203.36035 0.0013
14204.50977 0.00125
14205.66016 0.001195
14206.80957 0.00114
14207.95996 0.001085
14209.12012 0.001032
14210.26953 0.000987
14211.41992 0.000942
14212.58008 0.000897
14213.73047 0.000853
14214.87988 0.000875
14216.04004 0.000908
14217.19043 0.000941
14218.33984 0.000974
14219.50000 0.000987
14220.65039 0.000981
14221.79980 0.000975
14222.95996 0.00097
14224.11035 0.000965
14225.25977 0.000964
14226.41992 0.000962
14227.57031 0.000961
14228.73047 0.00096
14229.87988 0.000952
14231.03027 0.000943
14232.19043 0.000934
14233.33984 0.000925
14234.50000 0.000889
14235.65039 0.00083
14236.80957 0.00077
14237.95996 0.00071
14239.12012 0.000659
14240.26953 0.000641
14241.42969 0.000624
14242.58008 0.000606
14243.74023 0.000589
14244.88965 0.000578
14246.04980 0.000568
14247.20996 0.000558
14248.36035 0.000548
14249.51953 0.000537
14250.66992 0.000525
14251.83008 0.000512
14252.99023 0.000499
14254.13965 0.000487
14255.29980 0.000476
14256.45020 0.000464
14257.61035 0.000453
14258.76953 0.000442
14259.91992 0.000433
14261.08008 0.000425
14262.24023 0.000416
14263.38965 0.000408
14264.54980 0.000401
15691.00488 0.0
