threeML/data/optical_filters/HST/WFC3_UVIS2-F275W.ecsv
# %ECSV 0.9
# ---
# datatype:
# - {name: wavelength, unit: Angstrom, datatype: float32}
# - {name: response, datatype: float32}
# meta: !!omap
# - {band_name: F275W}
# - {group_name: WFC3_UVIS2}
wavelength response
[from data line 806]
2556.29102 0.122283
2556.72705 0.122511
2557.16309 0.122738
2557.59912 0.122965
2558.03589 0.123191
2558.47192 0.123417
2558.90796 0.123643
2559.34497 0.123869
2559.78101 0.124094
2560.21802 0.124322
2560.65503 0.124551
2561.09106 0.124733
2561.52808 0.124896
2561.96509 0.12506
2562.40210 0.125224
2562.83911 0.125387
2563.27588 0.12555
2563.71289 0.125713
2564.15088 0.125875
2564.58789 0.126037
2565.02490 0.126199
2565.46289 0.126361
2565.89990 0.126523
2566.33789 0.126684
2566.77588 0.126845
2567.21411 0.127006
2567.65210 0.127166
2568.08911 0.127327
2568.52710 0.127487
2568.96606 0.127647
2569.40405 0.127806
2569.84204 0.127966
2570.28003 0.128125
2570.71899 0.128284
2571.15698 0.128366
2571.59595 0.128438
2572.03394 0.12851
2572.47290 0.128581
2572.91211 0.128653
2573.35107 0.128724
2573.79004 0.128795
2574.22900 0.128866
2574.66699 0.128937
2575.10693 0.129007
2575.54590 0.129078
2575.98511 0.129148
2576.42505 0.129218
2576.86401 0.129288
2577.30298 0.129358
2577.74292 0.129428
2578.18311 0.129497
2578.62207 0.129567
2579.06201 0.129636
2579.50195 0.129705
2579.94189 0.129774
2580.38208 0.129838
2580.82202 0.129893
2581.26196 0.129887
2581.70288 0.12988
2582.14307 0.129873
2582.58301 0.129866
2583.02393 0.129859
2583.46411 0.129852
2583.90503 0.129845
2584.34595 0.129838
2584.78711 0.12983
2585.22803 0.129823
2585.66797 0.129815
2586.10889 0.129807
2586.55103 0.1298
2586.99194 0.129792
2587.43311 0.129784
2587.87402 0.129776
2588.31592 0.129768
2588.75708 0.129759
2589.19897 0.129751
2589.63989 0.129742
2590.08203 0.129735
2590.52393 0.129731
2590.96606 0.129709
2591.40698 0.129661
2591.84912 0.129614
2592.29199 0.129566
2592.73389 0.129518
2593.17603 0.12947
2593.61792 0.129422
2594.06104 0.129374
2594.50293 0.129326
2594.94604 0.129278
2595.38794 0.12923
2595.83105 0.129182
2596.27295 0.129134
2596.71606 0.129085
2597.15894 0.129037
2597.60205 0.128989
2598.04492 0.12894
2598.48804 0.128892
2598.93188 0.128843
2599.37500 0.128794
2599.81812 0.128746
2600.26196 0.128692
2600.70508 0.128635
2601.14893 0.128555
2601.59204 0.12847
2602.03589 0.128385
2602.47998 0.1283
2602.92407 0.128215
2603.36792 0.12813
2603.81201 0.128045
2604.25610 0.12796
2604.69995 0.127875
2605.14404 0.12779
2605.58911 0.127705
2606.03296 0.12762
2606.47803 0.127534
2606.92212 0.127449
2607.36694 0.127364
2607.81201 0.127279
2608.25610 0.127193
2608.70093 0.127108
2609.14600 0.127023
2609.59106 0.126937
2610.03589 0.126851
2610.48096 0.126761
2610.92700 0.12666
2611.37207 0.126538
2611.81689 0.126415
2612.26294 0.126293
2612.70801 0.126171
2613.15405 0.126049
2613.60010 0.125927
2614.04492 0.125804
2614.49097 0.125682
2614.93701 0.12556
2615.38306 0.125438
2615.82910 0.125316
2616.27490 0.125194
2616.72192 0.125072
2617.16797 0.12495
2617.61401 0.124828
2618.06104 0.124706
2618.50708 0.124584
2618.95410 0.124462
2619.40088 0.12434
2619.84692 0.124218
2620.29395 0.124099
2620.74097 0.123983
2621.18799 0.123833
2621.63501 0.123681
2622.08301 0.123528
2622.53003 0.123376
2622.97705 0.123224
2623.42407 0.123072
2623.87207 0.122919
2624.31909 0.122767
2624.76709 0.122615
2625.21509 0.122463
2625.66211 0.122311
2626.11011 0.122159
2626.55811 0.122007
2627.00610 0.121855
2627.45410 0.121704
2627.90210 0.121552
2628.35107 0.1214
2628.79907 0.121248
2629.24707 0.121097
2629.69604 0.120945
2630.14404 0.120795
2630.59302 0.120646
2631.04199 0.120478
2631.48999 0.120297
2631.93896 0.120116
2632.38794 0.119935
2632.83691 0.119754
2633.28589 0.119573
2633.73511 0.119392
2634.18408 0.119212
2634.63403 0.119031
2635.08301 0.118851
2635.53198 0.11867
2635.98193 0.11849
2636.43091 0.11831
2636.88110 0.118129
2637.33105 0.117949
2637.78101 0.117769
2638.23096 0.117589
2638.68091 0.117409
2639.13110 0.11723
2639.58105 0.11705
2640.03101 0.11687
2640.48096 0.116686
2640.93188 0.116499
2641.38208 0.116304
2641.83301 0.116109
2642.28296 0.115915
2642.73389 0.115721
2643.18506 0.115526
2643.63501 0.115332
2644.08594 0.115138
2644.53711 0.114945
2644.98804 0.114751
2645.43896 0.114557
2645.89111 0.114364
2646.34204 0.11417
2646.79297 0.113977
2647.24512 0.113784
2647.69604 0.113591
2648.14795 0.113398
2648.60010 0.113205
2649.05103 0.113013
2649.50293 0.11282
2649.95508 0.112628
2650.40698 0.112439
2650.85889 0.112254
2651.31104 0.112077
2651.76294 0.1119
2652.21606 0.111723
2652.66797 0.111547
2653.12012 0.11137
2653.57300 0.111194
2654.02588 0.111017
2654.47803 0.110841
2654.93091 0.110665
2655.38403 0.110489
2655.83691 0.110312
2656.29004 0.110136
2656.74292 0.109961
2657.19604 0.109785
2657.64893 0.109609
2658.10205 0.109434
2658.55591 0.109258
2659.00903 0.109083
2659.46289 0.108908
2659.91602 0.108732
2660.37012 0.108557
2660.82397 0.108384
2661.27808 0.108232
2661.73096 0.10808
2662.18604 0.107929
2662.63989 0.107777
2663.09399 0.107625
2663.54810 0.107474
2664.00195 0.107322
2664.45703 0.107171
2664.91089 0.10702
2665.36499 0.106868
2665.82007 0.106717
2666.27490 0.106566
2666.72998 0.106415
2667.18506 0.106264
2667.63892 0.106113
2668.09399 0.105962
2668.55005 0.105811
2669.00488 0.10566
2669.45996 0.105509
2669.91504 0.105359
2670.37109 0.105204
2670.82593 0.105052
2671.28101 0.104924
2671.73706 0.104797
2672.19312 0.10467
2672.64893 0.104543
2673.10400 0.104416
2673.56006 0.104289
2674.01611 0.104162
2674.47192 0.104035
2674.92896 0.103908
2675.38501 0.103781
2675.84106 0.103655
2676.29810 0.103528
2676.75391 0.103401
2677.20996 0.103275
2677.66699 0.103148
2678.12402 0.103021
2678.58105 0.102895
2679.03809 0.102768
2679.49390 0.102641
2679.95093 0.102515
2680.40894 0.102392
2680.86597 0.102272
2681.32300 0.102163
2681.78003 0.102053
2682.23804 0.101944
2682.69507 0.101834
2683.15308 0.101725
2683.61011 0.101616
2684.06812 0.101506
2684.52588 0.101397
2684.98389 0.101287
2685.44189 0.101178
2685.89990 0.101069
2686.35791 0.100959
2686.81592 0.10085
2687.27393 0.10074
2687.73291 0.100631
2688.19092 0.100522
2688.64990 0.100413
2689.10791 0.100303
2689.56689 0.100194
2690.02588 0.100085
2690.48389 0.099975
2690.94312 0.099864
2691.40210 0.099747
2691.86108 0.099629
2692.32007 0.099512
2692.78003 0.099395
2693.23901 0.099278
2693.69800 0.099161
2694.15796 0.099044
2694.61694 0.098927
2695.07690 0.09881
2695.53589 0.098693
2695.99609 0.098576
2696.45605 0.098459
2696.91602 0.098342
2697.37598 0.098226
2697.83594 0.098109
2698.29590 0.097992
2698.75610 0.097875
2699.21704 0.097758
2699.67700 0.097641
2700.13696 0.097545
2700.59790 0.097496
2701.05908 0.097434
2701.51904 0.097361
2701.97998 0.097289
2702.44092 0.097217
2702.90210 0.097145
2703.36304 0.097072
2703.82397 0.097
2704.28491 0.096928
2704.74609 0.096855
2705.20801 0.096783
2705.66895 0.096711
2706.13110 0.096639
2706.59204 0.096566
2707.05396 0.096494
2707.51611 0.096422
2707.97705 0.09635
2708.43896 0.096277
2708.90088 0.096205
2709.36304 0.096133
2709.82495 0.096061
2710.28809 0.095991
2710.75000 0.095923
2711.21191 0.095837
2711.67505 0.095749
2712.13696 0.095662
2712.60010 0.095574
2713.06201 0.095486
2713.52490 0.095398
2713.98804 0.09531
2714.45093 0.095223
2714.91406 0.095135
2715.37695 0.095047
2715.84009 0.094959
2716.30298 0.094871
2716.76611 0.094783
2717.22998 0.094695
2717.69312 0.094608
2718.15698 0.09452
2718.62012 0.094432
2719.08398 0.094344
2719.54810 0.094256
2720.01196 0.094168
2720.47607 0.09408
2720.93994 0.09399
2721.40405 0.093892
2721.86792 0.093795
2722.33203 0.093698
2722.79590 0.0936
2723.26099 0.093503
2723.72510 0.093406
2724.18994 0.093308
2724.65503 0.093211
2725.11890 0.093113
2725.58398 0.093016
2726.04907 0.092919
2726.51392 0.092821
2726.97900 0.092724
2727.44409 0.092627
2727.90894 0.092529
2728.37500 0.092432
2728.84009 0.092334
2729.30493 0.092237
2729.77100 0.092139
2730.23608 0.09204
2730.70190 0.091939
2731.16797 0.091839
2731.63403 0.091741
2732.10010 0.091642
2732.56494 0.091543
2733.03101 0.091444
2733.49805 0.091346
2733.96411 0.091247
2734.42993 0.091148
2734.89697 0.09105
2735.36304 0.090951
2735.83008 0.090852
2736.29590 0.090753
2736.76294 0.090655
2737.22998 0.090556
2737.69702 0.090457
2738.16406 0.090358
2738.63110 0.09026
2739.09790 0.090161
2739.56494 0.090062
2740.03198 0.089964
2740.50000 0.089869
2740.96704 0.089779
2741.43408 0.089699
2741.90210 0.089619
2742.37012 0.089538
2742.83691 0.089458
2743.30493 0.089378
2743.77295 0.089298
2744.24097 0.089218
2744.70898 0.089137
2745.17700 0.089057
2745.64600 0.088977
2746.11401 0.088897
2746.58203 0.088816
2747.05103 0.088736
2747.51904 0.088656
2747.98804 0.088576
2748.45703 0.088495
2748.92505 0.088415
2749.39404 0.088335
2749.86304 0.088254
2750.33203 0.088171
2750.80103 0.088087
2751.27100 0.088017
2751.73999 0.087946
2752.20898 0.087876
2752.67798 0.087806
2753.14795 0.087735
2753.61694 0.087665
2754.08691 0.087595
2754.55688 0.087524
2755.02710 0.087454
2755.49707 0.087384
2755.96704 0.087314
2756.43701 0.087243
2756.90698 0.087173
2757.37695 0.087103
2757.84692 0.087032
2758.31812 0.086962
2758.78809 0.086892
2759.25903 0.086821
2759.72900 0.086751
2760.19995 0.086682
2760.67090 0.086616
2761.14209 0.086549
2761.61304 0.086483
2762.08301 0.086416
2762.55493 0.08635
2763.02588 0.086283
2763.49707 0.086217
2763.96899 0.08615
2764.43994 0.086084
2764.91089 0.086017
2765.38306 0.085951
2765.85498 0.085884
2766.32593 0.085818
2766.79810 0.085751
2767.27002 0.085685
2767.74194 0.085618
2768.21411 0.085552
2768.68604 0.085485
2769.15894 0.085419
2769.63110 0.085352
2770.10303 0.085286
2770.57593 0.085219
2771.04810 0.085146
2771.52100 0.085065
2771.99390 0.084985
2772.46606 0.084905
2772.93896 0.084825
2773.41211 0.084744
2773.88501 0.084664
2774.35791 0.084584
2774.83203 0.084503
2775.30493 0.084423
2775.77808 0.084343
2776.25195 0.084262
2776.72510 0.084182
2777.19897 0.084102
2777.67212 0.084021
2778.14600 0.083941
2778.62012 0.08386
2779.09399 0.08378
2779.56812 0.0837
2780.04199 0.083619
2780.51611 0.083535
2780.98999 0.083444
2781.46509 0.08334
2781.93896 0.083236
2782.41406 0.083133
2782.88794 0.083029
2783.36304 0.082925
2783.83789 0.082821
2784.31201 0.082718
2784.78711 0.082614
2785.26196 0.08251
2785.73706 0.082406
2786.21289 0.082303
2786.68799 0.082199
2787.16309 0.082095
2787.63794 0.081991
2788.11401 0.081888
2788.58911 0.081784
2789.06494 0.08168
2789.54102 0.081577
2790.01709 0.081473
2790.49194 0.081373
2790.96802 0.081266
2791.44409 0.081142
2791.91992 0.081018
2792.39697 0.080895
2792.87305 0.080771
2793.34912 0.080647
2793.82593 0.080523
2794.30200 0.0804
2794.77905 0.080276
2795.25610 0.080152
2795.73193 0.080028
2796.20898 0.079905
2796.68604 0.079781
2797.16309 0.079657
2797.63989 0.079534
2798.11694 0.07941
2798.59399 0.079286
2799.07202 0.079162
2799.54907 0.079039
2800.02710 0.078916
2800.50391 0.07882
2800.98193 0.078719
2801.45996 0.078609
2801.93701 0.078499
2802.41602 0.078389
2802.89404 0.078278
2803.37207 0.078168
2803.85010 0.078058
2804.32788 0.077947
2804.80591 0.077837
2805.28491 0.077726
2805.76294 0.077615
2806.24194 0.077504
2806.71997 0.077393
2807.19897 0.077282
2807.67798 0.077171
2808.15698 0.07706
2808.63599 0.076949
2809.11499 0.076837
2809.59399 0.076726
2810.07300 0.076614
2810.55200 0.076499
2811.03198 0.076385
2811.51099 0.076273
2811.99097 0.076161
2812.46997 0.076049
2812.94995 0.075937
2813.42993 0.075825
2813.90991 0.075712
2814.38989 0.0756
2814.87012 0.075487
2815.35010 0.075375
2815.83008 0.075262
2816.31006 0.075149
2816.79102 0.075037
2817.27100 0.074924
2817.75098 0.074811
2818.23193 0.074698
2818.71289 0.074585
2819.19312 0.074472
2819.67407 0.074358
2820.15503 0.074246
2820.63599 0.074136
2821.11694 0.074036
2821.59790 0.073943
2822.08008 0.073849
2822.56104 0.073756
2823.04199 0.073662
2823.52393 0.073569
2824.00610 0.073475
2824.48706 0.073382
2824.96899 0.073288
2825.45093 0.073194
2825.93311 0.0731
2826.41504 0.073006
2826.89697 0.072912
2827.37891 0.072818
2827.86108 0.072724
2828.34399 0.072629
2828.82593 0.072535
2829.30811 0.072441
2829.79102 0.072346
2830.27393 0.072248
2830.75610 0.072146
2831.23901 0.072068
2831.72192 0.071994
2832.20508 0.071921
2832.68799 0.071847
2833.17090 0.071773
2833.65503 0.071699
2834.13794 0.071625
2834.62109 0.071551
2835.10498 0.071477
2835.58789 0.071403
2836.07202 0.071328
2836.55591 0.071254
2837.03906 0.07118
2837.52295 0.071106
2838.00708 0.071031
2838.49097 0.070957
2838.97510 0.070883
2839.45996 0.070808
2839.94409 0.070734
2840.42798 0.070662
2840.91309 0.070595
2841.39697 0.070553
2841.88208 0.07051
2842.36694 0.070468
2842.85205 0.070425
2843.33594 0.070382
2843.82104 0.07034
2844.30591 0.070297
2844.79199 0.070254
2845.27710 0.070212
2845.76196 0.070169
2846.24707 0.070126
2846.73291 0.070083
2847.21802 0.07004
2847.70410 0.069998
2848.18994 0.069955
2848.67603 0.069912
2849.16089 0.069869
2849.64697 0.069826
2850.13306 0.069783
2850.61890 0.06974
2851.10596 0.069706
2851.59204 0.069681
2852.07788 0.069655
2852.56494 0.06963
2853.05103 0.069604
2853.53809 0.069579
2854.02490 0.069553
2854.51099 0.069528
2854.99805 0.069502
2855.48511 0.069476
2855.97192 0.069451
2856.45898 0.069425
2856.94702 0.069399
2857.43408 0.069374
2857.92090 0.069348
2858.40894 0.069322
2858.89600 0.069296
2859.38403 0.069271
2859.87207 0.069245
2860.35889 0.069217
2860.84692 0.069188
2861.33496 0.069164
2861.82300 0.06914
2862.31104 0.069116
2862.79907 0.069092
2863.28809 0.069069
2863.77588 0.069045
2864.26392 0.069021
2864.75293 0.068997
2865.24194 0.068973
2865.72998 0.068949
2866.21899 0.068925
2866.70801 0.068901
2867.19702 0.068877
2867.68604 0.068853
2868.17505 0.068829
2868.66406 0.068805
2869.15405 0.068781
2869.64307 0.068756
2870.13208 0.068733
2870.62207 0.068712
2871.11206 0.068686
2871.60107 0.068655
2872.09106 0.068625
2872.58105 0.068594
2873.07104 0.068564
2873.56104 0.068533
2874.05103 0.068503
2874.54102 0.068472
2875.03101 0.068441
2875.52197 0.068411
2876.01196 0.06838
2876.50293 0.068349
2876.99292 0.068318
2877.48389 0.068288
2877.97510 0.068257
2878.46606 0.068226
2878.95703 0.068195
2879.44800 0.068164
2879.93896 0.068134
2880.42993 0.0681
2880.92090 0.068063
2881.41309 0.068008
2881.90405 0.067954
2882.39600 0.067899
2882.88696 0.067845
2883.37891 0.06779
2883.87109 0.067736
2884.36304 0.067681
2884.85498 0.067626
2885.34692 0.067571
2885.83911 0.067517
2886.33105 0.067462
2886.82300 0.067407
2887.31592 0.067352
2887.80811 0.067297
2888.30103 0.067242
2888.79297 0.067187
2889.28589 0.067132
2889.77905 0.067077
2890.27197 0.067024
2890.76489 0.066972
2891.25806 0.066903
2891.75098 0.066831
2892.24390 0.066759
2892.73804 0.066687
2893.23096 0.066615
2893.72412 0.066543
2894.21802 0.066471
2894.71094 0.066399
2895.20508 0.066326
2895.69897 0.066254
2896.19312 0.066182
2896.68701 0.066109
2897.18091 0.066037
2897.67505 0.065964
2898.16895 0.065891
2898.66406 0.065819
2899.15796 0.065746
2899.65308 0.065673
2900.14697 0.065605
2900.64209 0.065545
2901.13599 0.065477
2901.63110 0.065403
2902.12598 0.065329
2902.62109 0.065254
2903.11597 0.06518
2903.61108 0.065105
2904.10693 0.06503
2904.60205 0.064955
2905.09692 0.064881
2905.59302 0.064806
2906.08789 0.06473
2906.58398 0.064655
2907.08008 0.06458
2907.57593 0.064505
2908.07202 0.064429
2908.56812 0.064354
2909.06396 0.064278
2909.56006 0.064202
2910.05591 0.064126
2910.55200 0.064047
2911.04907 0.063968
2911.54492 0.063889
2912.04199 0.06381
2912.53906 0.063731
2913.03491 0.063652
2913.53198 0.063573
2914.02905 0.063494
2914.52588 0.063414
2915.02295 0.063335
2915.52100 0.063255
2916.01807 0.063176
2916.51489 0.063096
2917.01294 0.063016
2917.51001 0.062936
2918.00806 0.062856
2918.50488 0.062776
2919.00293 0.062696
2919.50098 0.062615
2919.99902 0.062535
2920.49707 0.062457
2920.99512 0.062382
2921.49292 0.062312
2921.99194 0.062242
2922.48999 0.062172
2922.98901 0.062102
2923.48706 0.062032
2923.98608 0.061961
2924.48389 0.061891
2924.98291 0.06182
2925.48193 0.06175
2925.98096 0.061679
2926.47998 0.061608
2926.97900 0.061538
2927.47900 0.061467
2927.97803 0.061396
2928.47705 0.061325
2928.97705 0.061253
2929.47607 0.061182
2929.97607 0.061111
2930.47607 0.061037
2930.97607 0.060965
