threeML/data/optical_filters/HST/WFC3_IR-G102.ecsv
# %ECSV 0.9
# ---
# datatype:
# - {name: wavelength, unit: Angstrom, datatype: float32}
# - {name: response, datatype: float32}
# meta: !!omap
# - {band_name: G102}
# - {group_name: WFC3_IR}
wavelength response
[from data line 5581]
10537.04004 0.39598
10537.55957 0.396048
10538.08008 0.396116
10538.59961 0.396184
10539.12012 0.396252
10539.63965 0.39632
10540.16016 0.396388
10540.67969 0.396456
10541.20020 0.396524
10541.71973 0.396592
10542.24023 0.39666
10542.75977 0.396728
10543.29004 0.396796
10543.80957 0.396864
10544.33008 0.396932
10544.84961 0.397
10545.37012 0.397069
10545.88965 0.397137
10546.41016 0.397205
10546.92969 0.397273
10547.45020 0.397341
10547.96973 0.397409
10548.49023 0.397477
10549.00977 0.397545
10549.53027 0.397613
10550.04980 0.397681
10550.58008 0.397749
10551.09961 0.397817
10551.62012 0.397885
10552.13965 0.397954
10552.66016 0.398021
10553.17969 0.398089
10553.70020 0.398158
10554.21973 0.398226
10554.74023 0.398294
10555.25977 0.398362
10555.79004 0.39843
10556.30957 0.398498
10556.83008 0.398566
10557.34961 0.398634
10557.87012 0.398703
10558.38965 0.398771
10558.91016 0.398839
10559.42969 0.398907
10559.95996 0.398975
10560.48047 0.399043
10561.00000 0.399112
10561.51953 0.39918
10562.04004 0.399248
10562.55957 0.399316
10563.08008 0.399384
10563.59961 0.399452
10564.12988 0.39952
10564.65039 0.399589
10565.16992 0.399657
10565.69043 0.399725
10566.20996 0.399793
10566.73047 0.399861
10567.25977 0.399929
10567.78027 0.399998
10568.29980 0.400066
10568.82031 0.400134
10569.33984 0.400202
10569.87012 0.40027
10570.38965 0.400339
10570.91016 0.400407
10571.42969 0.400475
10571.95020 0.400543
10572.46973 0.400611
10573.00000 0.400679
10573.51953 0.400748
10574.04004 0.400816
10574.55957 0.400884
10575.08008 0.400952
10575.61035 0.40102
10576.12988 0.401089
10576.65039 0.401157
10577.16992 0.401225
10577.70020 0.401293
10578.21973 0.401361
10578.74023 0.40143
10579.25977 0.401498
10579.78027 0.401566
10580.30957 0.401634
10580.83008 0.401703
10581.34961 0.401771
10581.87012 0.401839
10582.40039 0.401907
10582.91992 0.401976
10583.44043 0.402044
10583.95996 0.402112
10584.49023 0.40218
10585.00977 0.402249
10585.53027 0.402317
10586.04980 0.402385
10586.58008 0.402454
10587.09961 0.402522
10587.62012 0.40259
10588.13965 0.402658
10588.66992 0.402727
10589.19043 0.402795
10589.70996 0.402863
10590.24023 0.402931
10590.75977 0.403
10591.28027 0.403068
10591.79980 0.403136
10592.33008 0.403205
10592.84961 0.403273
10593.37012 0.403341
10593.90039 0.40341
10594.41992 0.403478
10594.94043 0.403546
10595.46973 0.403615
10595.99023 0.403683
10596.50977 0.403751
10597.04004 0.40382
10597.55957 0.403888
10598.08008 0.403956
10598.59961 0.404025
10599.12988 0.404093
10599.65039 0.404162
10600.16992 0.40423
10600.70020 0.404296
10601.21973 0.404363
10601.74023 0.40443
10602.26953 0.404497
10602.79004 0.404564
10603.30957 0.404543
10603.83984 0.404499
10604.36035 0.404454
10604.88965 0.404409
10605.41016 0.404365
10605.92969 0.40432
10606.45996 0.404276
10606.98047 0.404231
10607.50000 0.404187
10608.03027 0.404142
10608.54980 0.404097
10609.07031 0.404053
10609.59961 0.404008
10610.12012 0.403964
10610.65039 0.403919
10611.16992 0.403875
10611.69043 0.40383
10612.21973 0.403785
10612.74023 0.403741
10613.26953 0.403696
10613.79004 0.403651
10614.30957 0.403606
10614.83984 0.403562
10615.36035 0.403517
10615.88965 0.403472
10616.41016 0.403428
10616.92969 0.403383
10617.45996 0.403338
10617.98047 0.403294
10618.50977 0.403249
10619.03027 0.403204
10619.54980 0.40316
10620.08008 0.403115
10620.59961 0.40307
10621.12988 0.403026
10621.65039 0.402981
10622.17969 0.402936
10622.70020 0.402891
10623.23047 0.402847
10623.75000 0.402802
10624.26953 0.402757
10624.79980 0.402712
10625.32031 0.402668
10625.84961 0.402623
10626.37012 0.402578
10626.90039 0.402533
10627.41992 0.402489
10627.95020 0.402444
10628.46973 0.402399
10629.00000 0.402354
10629.51953 0.402309
10630.04980 0.402265
10630.57031 0.40222
10631.09961 0.402175
10631.62012 0.40213
10632.15039 0.402085
10632.66992 0.402041
10633.20020 0.401996
10633.71973 0.401951
10634.25000 0.401906
10634.76953 0.401861
10635.29004 0.401817
10635.82031 0.401772
10636.34961 0.401727
10636.87012 0.401682
10637.40039 0.401637
10637.91992 0.401593
10638.45020 0.401548
10638.96973 0.401503
10639.50000 0.401458
10640.01953 0.401413
10640.54980 0.401368
10641.07031 0.401323
10641.59961 0.401279
10642.12012 0.401234
10642.65039 0.401189
10643.16992 0.401144
10643.70020 0.401099
10644.21973 0.401054
10644.75000 0.401009
10645.28027 0.400964
10645.79980 0.400919
10646.33008 0.400874
10646.84961 0.40083
10647.37988 0.400784
10647.90039 0.40074
10648.42969 0.400695
10648.95996 0.40065
10649.48047 0.400605
10650.00977 0.40056
10650.53027 0.400515
10651.05957 0.40047
10651.58008 0.400425
10652.11035 0.40038
10652.63965 0.400335
10653.16016 0.40029
10653.69043 0.400245
10654.20996 0.4002
10654.74023 0.400155
10655.26953 0.40011
10655.79004 0.400065
10656.32031 0.40002
10656.83984 0.399975
10657.37012 0.39993
10657.90039 0.399885
10658.41992 0.39984
10658.95020 0.399795
10659.48047 0.39975
10660.00000 0.399705
10660.53027 0.39966
10661.04980 0.399615
10661.58008 0.39957
10662.11035 0.399525
10662.62988 0.39948
10663.16016 0.399435
10663.69043 0.39939
10664.20996 0.399345
10664.74023 0.3993
10665.26953 0.399255
10665.79004 0.39921
10666.32031 0.399165
10666.84961 0.39912
10667.37012 0.399075
10667.90039 0.39903
10668.42969 0.398985
10668.95020 0.39894
10669.48047 0.398894
10670.00977 0.398849
10670.53027 0.398804
10671.05957 0.398759
10671.58984 0.398714
10672.11035 0.398669
10672.63965 0.398624
10673.16992 0.398579
10673.69043 0.398534
10674.21973 0.398489
10674.75000 0.398444
10675.26953 0.398399
10675.79980 0.398353
10676.33008 0.398308
10676.86035 0.398263
10677.37988 0.398218
10677.91016 0.398173
10678.44043 0.398128
10678.95996 0.398083
10679.49023 0.398038
10680.01953 0.397993
10680.54980 0.397966
10681.07031 0.397939
10681.59961 0.397912
10682.12988 0.397885
10682.66016 0.397858
10683.17969 0.39783
10683.70996 0.397803
10684.24023 0.397776
10684.76953 0.397749
10685.29004 0.397722
10685.82031 0.397695
10686.34961 0.397668
10686.87988 0.397641
10687.40039 0.397613
10687.92969 0.397586
10688.45996 0.397559
10688.99023 0.397532
10689.50977 0.397504
10690.04004 0.397476
10690.57031 0.397431
10691.09961 0.397386
10691.62012 0.39734
10692.15039 0.397295
10692.67969 0.39725
10693.20996 0.397205
10693.74023 0.397159
10694.25977 0.397114
10694.79004 0.397069
10695.32031 0.397024
10695.84961 0.396978
10696.37988 0.396933
10696.91016 0.396888
10697.42969 0.396843
10697.95996 0.396797
10698.49023 0.396752
10699.01953 0.396707
10699.54980 0.396662
10700.07031 0.396616
10700.59961 0.396571
10701.12988 0.396526
10701.66016 0.39648
10702.19043 0.396435
10702.71973 0.39639
10703.24023 0.3964
10703.76953 0.396448
10704.29980 0.396496
10704.83008 0.396545
10705.36035 0.396593
10705.88965 0.396641
10706.41992 0.396689
10706.94043 0.396738
10707.46973 0.396786
10708.00000 0.396834
10708.53027 0.396883
10709.05957 0.396931
10709.58984 0.396979
10710.12012 0.397027
10710.63965 0.397076
10711.16992 0.397124
10711.70020 0.397172
10712.23047 0.39722
10712.75977 0.397269
10713.29004 0.397317
10713.82031 0.397365
10714.34961 0.397414
10714.87012 0.397462
10715.40039 0.39751
10715.92969 0.397559
10716.45996 0.397607
10716.99023 0.397655
10717.51953 0.397704
10718.04980 0.397752
10718.58008 0.397801
10719.11035 0.397849
10719.63965 0.397897
10720.16992 0.397946
10720.70020 0.397994
10721.23047 0.398043
10721.75000 0.398091
10722.28027 0.398139
10722.80957 0.398188
10723.33984 0.398236
10723.87012 0.398285
10724.40039 0.398333
10724.92969 0.398381
10725.45996 0.39843
10725.99023 0.398478
10726.51953 0.398527
10727.04980 0.398575
10727.58008 0.398624
10728.11035 0.398672
10728.63965 0.39872
10729.16992 0.398769
10729.70020 0.398817
10730.23047 0.398866
10730.75977 0.398915
10731.29004 0.398963
10731.82031 0.399011
10732.34961 0.39906
10732.87988 0.399108
10733.41016 0.399157
10733.94043 0.399205
10734.46973 0.399254
10735.00000 0.399303
10735.53027 0.399351
10736.05957 0.3994
10736.58984 0.399448
10737.12012 0.399497
10737.65039 0.399545
10738.17969 0.399594
10738.70996 0.399642
10739.24023 0.399691
10739.76953 0.399739
10740.29980 0.399788
10740.83008 0.399837
10741.36035 0.399885
10741.88965 0.399934
10742.41992 0.399982
10742.95020 0.400031
10743.48047 0.40008
10744.00977 0.400128
10744.54004 0.400177
10745.07031 0.400226
10745.59961 0.400274
10746.12988 0.400323
10746.66016 0.400371
10747.19043 0.40042
10747.71973 0.400469
10748.25000 0.400517
10748.78027 0.400566
10749.30957 0.400614
10749.84961 0.400663
10750.37988 0.400712
10750.91016 0.400761
10751.44043 0.400809
10751.96973 0.400858
10752.50000 0.400907
10753.03027 0.400956
10753.55957 0.401004
10754.08984 0.401053
10754.62012 0.401102
10755.15039 0.401151
10755.67969 0.401199
10756.21973 0.401248
10756.75000 0.401297
10757.28027 0.401346
10757.80957 0.401394
10758.33984 0.401443
10758.87012 0.401492
10759.40039 0.401541
10759.92969 0.401589
10760.45996 0.401638
10761.00000 0.401687
10761.53027 0.401736
10762.05957 0.401785
10762.58984 0.401834
10763.12012 0.401882
10763.65039 0.401931
10764.17969 0.40198
10764.71973 0.402029
10765.25000 0.402078
10765.78027 0.402127
10766.30957 0.402176
10766.83984 0.402224
10767.37012 0.402273
10767.91016 0.402322
10768.44043 0.402371
10768.96973 0.40242
10769.50000 0.402469
10770.03027 0.402518
10770.55957 0.402567
10771.08984 0.402616
10771.62988 0.402665
10772.16016 0.402714
10772.69043 0.402763
10773.21973 0.402812
10773.75000 0.402861
10774.29004 0.402909
10774.82031 0.402958
10775.34961 0.403007
10775.87988 0.403056
10776.41016 0.403105
10776.95020 0.403154
10777.48047 0.403203
10778.00977 0.403252
10778.54004 0.403301
10779.07031 0.40335
10779.61035 0.403399
10780.13965 0.403448
10780.66992 0.403497
10781.20020 0.403546
10781.74023 0.403596
10782.26953 0.403645
10782.79980 0.403694
10783.33008 0.403743
10783.87012 0.403792
10784.40039 0.403841
10784.92969 0.40389
10785.45996 0.403939
10786.00000 0.403988
10786.53027 0.404038
10787.05957 0.404087
10787.58984 0.404136
10788.12012 0.404185
10788.66016 0.404234
10789.19043 0.404283
10789.71973 0.404332
10790.25977 0.404382
10790.79004 0.404431
10791.32031 0.40448
10791.84961 0.404529
10792.38965 0.404579
10792.91992 0.404628
10793.45020 0.404677
10793.99023 0.404726
10794.51953 0.404776
10795.04980 0.404825
10795.58008 0.404874
10796.12012 0.404923
10796.65039 0.404973
10797.17969 0.405022
10797.71973 0.405071
10798.25000 0.40512
10798.78027 0.40517
10799.32031 0.405219
10799.84961 0.405268
10800.37988 0.405318
10800.91992 0.405369
10801.45020 0.405419
10801.98047 0.405469
10802.50977 0.40552
10803.04980 0.40556
10803.58008 0.40555
10804.12012 0.405539
10804.65039 0.405529
10805.17969 0.405519
10805.70996 0.405509
10806.25000 0.405499
10806.78027 0.405488
10807.32031 0.405478
10807.84961 0.405468
10808.37988 0.405458
10808.91992 0.405448
10809.45020 0.405437
10809.98047 0.405427
10810.51953 0.405417
10811.04980 0.405407
10811.58008 0.405397
10812.12012 0.405386
10812.65039 0.405376
10813.19043 0.405366
10813.71973 0.405356
10814.25000 0.405346
10814.79004 0.405336
10815.32031 0.405326
10815.86035 0.405315
10816.38965 0.405305
10816.91992 0.405295
10817.45996 0.405285
10817.99023 0.405275
10818.53027 0.405265
10819.05957 0.405255
10819.58984 0.405245
10820.12988 0.405234
10820.66016 0.405224
10821.20020 0.405214
10821.73047 0.405204
10822.26953 0.405194
10822.79980 0.405184
10823.33008 0.405174
10823.87012 0.405164
10824.40039 0.405154
10824.94043 0.405144
10825.46973 0.405133
10826.00977 0.405123
10826.54004 0.405113
10827.08008 0.405103
10827.61035 0.405093
10828.13965 0.405083
10828.67969 0.405073
10829.20996 0.405063
10829.75000 0.405053
10830.28027 0.405043
10830.82031 0.405033
10831.34961 0.405023
10831.88965 0.405013
10832.41992 0.405003
10832.95996 0.404993
10833.49023 0.404983
10834.03027 0.404973
10834.55957 0.404963
10835.09961 0.404952
10835.62988 0.404942
10836.16992 0.404932
10836.70020 0.404922
10837.24023 0.404912
10837.76953 0.404902
10838.30957 0.404892
10838.83984 0.404882
10839.37988 0.404872
10839.91016 0.404862
10840.45020 0.404852
10840.98047 0.404842
10841.51953 0.404832
10842.04980 0.404822
10842.58984 0.404812
10843.12012 0.404803
10843.66016 0.404793
10844.19043 0.404783
10844.73047 0.404773
10845.25977 0.404763
10845.79980 0.404753
10846.33008 0.404743
10846.87012 0.404733
10847.41016 0.404723
10847.94043 0.404713
10848.48047 0.404703
10849.00977 0.404693
10849.54980 0.404683
10850.08008 0.404673
10850.62012 0.404664
10851.16016 0.404654
10851.69043 0.404644
10852.23047 0.404634
10852.75977 0.404624
10853.29980 0.404614
10853.83008 0.404604
10854.37012 0.404595
10854.91016 0.404585
10855.44043 0.404575
10855.98047 0.404565
10856.50977 0.404555
10857.04980 0.404545
10857.58984 0.404535
10858.12012 0.404525
10858.66016 0.404516
10859.19043 0.404506
10859.73047 0.404496
10860.26953 0.404495
10860.79980 0.404504
10861.33984 0.404513
10861.87988 0.404522
10862.41016 0.404531
10862.95020 0.40454
10863.48047 0.404549
10864.01953 0.404558
10864.55957 0.404566
10865.08984 0.404575
10865.62988 0.404584
10866.16992 0.404593
10866.70020 0.404602
10867.24023 0.404611
10867.78027 0.40462
10868.30957 0.404629
10868.84961 0.404637
10869.38965 0.404646
10869.91992 0.404655
10870.45996 0.404648
10871.00000 0.404639
10871.53027 0.404629
10872.07031 0.404619
10872.61035 0.40461
10873.13965 0.4046
10873.67969 0.40459
10874.21973 0.404581
10874.75000 0.404571
10875.29004 0.404561
10875.83008 0.404552
10876.36035 0.404542
10876.90039 0.404532
10877.44043 0.404523
10877.96973 0.404513
10878.50977 0.404503
10879.04980 0.404494
10879.58984 0.404484
10880.12012 0.404474
10880.66016 0.404465
10881.20020 0.404455
10881.73047 0.404445
10882.26953 0.404436
10882.80957 0.404426
10883.34961 0.404417
10883.87988 0.404407
10884.41992 0.404397
10884.95996 0.404388
10885.50000 0.404378
10886.03027 0.404369
10886.57031 0.404359
10887.11035 0.404349
10887.65039 0.40434
10888.17969 0.40433
10888.71973 0.40432
10889.25977 0.404311
10889.79980 0.404301
10890.33008 0.404292
10890.87012 0.404282
10891.41016 0.404273
10891.95020 0.404263
10892.48047 0.404254
10893.01953 0.404244
10893.55957 0.404235
10894.09961 0.404226
10894.63965 0.404216
10895.16992 0.404207
10895.70996 0.404197
10896.25000 0.404187
10896.79004 0.404178
10897.33008 0.404169
10897.86035 0.404159
10898.40039 0.40415
10898.94043 0.40414
10899.48047 0.404131
10900.01953 0.404121
10900.54980 0.404112
10901.08984 0.404102
10901.62988 0.404093
10902.16992 0.404084
10902.70996 0.404074
10903.25000 0.404024
10903.78027 0.40393
10904.32031 0.403835
10904.86035 0.403741
10905.40039 0.403647
10905.94043 0.403552
10906.46973 0.403458
10907.00977 0.403363
10907.54980 0.403269
10908.08984 0.403174
10908.62988 0.40308
10909.16992 0.402986
10909.70996 0.402891
10910.25000 0.402797
10910.78027 0.402703
10911.32031 0.402608
10911.86035 0.402514
10912.40039 0.40242
10912.94043 0.402325
10913.48047 0.402231
10914.01953 0.402136
10914.54980 0.402042
10915.08984 0.401948
10915.62988 0.401853
10916.16992 0.401759
10916.70996 0.401664
10917.25000 0.40157
10917.79004 0.401475
10918.33008 0.401381
10918.87012 0.401286
10919.41016 0.401192
10919.94043 0.401098
10920.48047 0.401003
10921.01953 0.400909
10921.55957 0.400815
10922.09961 0.40072
10922.63965 0.400626
10923.17969 0.400532
10923.71973 0.400437
10924.25977 0.400343
10924.79980 0.400248
10925.33984 0.400154
10925.87988 0.40006
10926.41992 0.399965
10926.95996 0.399871
10927.49023 0.399776
10928.03027 0.399682
10928.57031 0.399588
10929.11035 0.399493
10929.65039 0.399398
10930.19043 0.399304
10930.73047 0.39921
10931.26953 0.399116
10931.80957 0.399021
10932.34961 0.398927
10932.88965 0.398832
10933.42969 0.398738
10933.96973 0.398643
10934.50977 0.398549
10935.04980 0.398455
10935.58984 0.39836
10936.12988 0.398266
10936.66992 0.398172
10937.20996 0.398077
10937.75000 0.397983
10938.29004 0.397888
10938.83008 0.397794
10939.37012 0.397699
10939.91016 0.397605
10940.45020 0.39751
10940.99023 0.397416
10941.53027 0.397322
10942.07031 0.397227
10942.61035 0.397133
