threeML/data/optical_filters/HST/WFC3_UVIS1-FQ436N.ecsv
# %ECSV 0.9
# ---
# datatype:
# - {name: wavelength, unit: Angstrom, datatype: float32}
# - {name: response, datatype: float32}
# meta: !!omap
# - {band_name: FQ436N}
# - {group_name: WFC3_UVIS1}
wavelength response
3896.09912 0.0
4328.99902 0.000431
4329.74023 0.000527
4330.47998 0.000644
4331.22119 0.000792
4331.96191 0.000992
4332.70410 0.00124
4333.44482 0.00156
4334.18604 0.001921
4334.92822 0.00244
4335.66895 0.003134
4336.41113 0.003944
4337.15283 0.005192
4337.89502 0.00681
4338.63721 0.008595
4339.37891 0.011384
4340.12207 0.015256
4340.86377 0.019745
4341.60693 0.026543
4342.35010 0.035329
4343.09277 0.045273
4343.83594 0.058551
4344.57910 0.075334
4345.32178 0.092709
4346.06592 0.111985
4346.81006 0.130863
4347.55322 0.146971
4348.29688 0.160287
4349.04102 0.170698
4349.78516 0.177591
4350.52881 0.181126
4351.27295 0.182729
4352.01807 0.182909
4352.76318 0.182715
4353.50684 0.182252
4354.25195 0.18173
4354.99707 0.181822
4355.74219 0.18216
4356.48682 0.182693
4357.23193 0.183549
4357.97803 0.184588
4358.72412 0.185743
4359.46924 0.186973
4360.21484 0.188364
4360.96094 0.189635
4361.70801 0.190533
4362.45410 0.191427
4363.20020 0.19216
4363.94580 0.192708
4364.69287 0.193203
4365.43994 0.193239
4366.18701 0.193193
4366.93408 0.192757
4367.68115 0.192201
4368.42822 0.19149
4369.17578 0.190609
4369.92285 0.189847
4370.67090 0.188805
4371.41797 0.18778
4372.16699 0.186903
4372.91504 0.185968
4373.66309 0.185184
4374.41113 0.18455
4375.15918 0.184102
4375.90820 0.183774
4376.65723 0.183774
4377.40479 0.183851
4378.15381 0.184279
4378.90283 0.185196
4379.65186 0.185931
4380.40186 0.186753
4381.15088 0.187574
4381.90088 0.187961
4382.64990 0.18749
4383.39990 0.185443
4384.14990 0.182179
4384.89990 0.175765
4385.64990 0.166382
4386.40088 0.155144
4387.15088 0.140058
4387.90186 0.123369
4388.65283 0.106415
4389.40283 0.088761
4390.15381 0.07223
4390.90576 0.057859
4391.65723 0.046156
4392.40820 0.036343
4393.16016 0.028062
4393.91113 0.021737
4394.66309 0.01697
4395.41504 0.01317
4396.16699 0.010237
4396.91895 0.00816
4397.67090 0.006346
4398.42383 0.004951
4399.17578 0.004046
4399.92920 0.003207
4400.68213 0.002547
4401.43506 0.002098
4402.18701 0.001681
4402.94092 0.001368
4403.69385 0.001124
4404.44824 0.00092
4405.20117 0.000751
4405.95508 0.000624
4406.70801 0.000518
4407.46191 0.000442
4848.20801 0.0
