threeML/data/optical_filters/HST/WFC3_UVIS2-FQ937N.ecsv
# %ECSV 0.9
# ---
# datatype:
# - {name: wavelength, unit: Angstrom, datatype: float32}
# - {name: response, datatype: float32}
# meta: !!omap
# - {band_name: FQ937N}
# - {group_name: WFC3_UVIS2}
wavelength response
8278.05273 0.0
9197.83691 0.000404
9199.41016 0.000408
9200.98438 0.000413
9202.55859 0.000417
9204.13281 0.000421
9205.70801 0.000426
9207.28320 0.00043
9208.85840 0.000434
9210.43359 0.000438
9212.00977 0.000443
9213.58594 0.000447
9215.16211 0.000451
9216.73926 0.000455
9218.31543 0.00046
9219.89258 0.000464
9221.47070 0.000468
9223.04785 0.000472
9224.62598 0.000476
9226.20410 0.00048
9227.78320 0.000485
9229.36230 0.000489
9230.94141 0.000493
9232.52148 0.000497
9234.09961 0.000501
9235.67969 0.000505
9237.25977 0.000509
9238.84082 0.000513
9240.42090 0.000517
9242.00195 0.000521
9243.58301 0.000525
9245.16504 0.000529
9246.74707 0.000533
9248.32910 0.000537
9249.91113 0.000541
9251.49414 0.000545
9253.07715 0.000549
9254.66016 0.000553
9256.24316 0.000557
9257.82715 0.000484
9259.41113 0.000502
9260.99512 0.000622
9262.58008 0.00078
9264.16406 0.000865
9265.74902 0.000904
9267.33496 0.000839
9268.91992 0.000762
9270.50586 0.000933
9272.09277 0.000808
9273.67871 0.000807
9275.26562 0.000813
9276.85254 0.000753
9278.43945 0.000625
9280.02734 0.000633
9281.61523 0.000872
9283.20312 0.001018
9284.79102 0.000925
9286.37988 0.001073
9287.96875 0.001059
9289.55762 0.001251
9291.14746 0.001365
9292.73633 0.001179
9294.32715 0.001299
9295.91699 0.001584
9297.50781 0.001736
9299.09863 0.001789
9300.68945 0.001904
9302.28027 0.002534
9303.87207 0.002794
9305.46387 0.003291
9307.05566 0.003972
9308.64844 0.004552
9310.24121 0.005141
9311.83398 0.006151
9313.42676 0.0074
9315.02148 0.008942
9316.61426 0.010924
9318.20801 0.013053
9319.80273 0.015994
9321.39746 0.019126
9322.99219 0.022888
9324.58691 0.028403
9326.18262 0.033593
9327.77832 0.040386
9329.37402 0.047305
9330.97070 0.053884
9332.56738 0.060474
9334.16406 0.065736
9335.76074 0.06964
9337.35840 0.07236
9338.95605 0.073919
9340.55371 0.074206
9342.15137 0.073879
9343.75000 0.072813
9345.34863 0.07136
9346.94727 0.069939
9348.54688 0.069053
9350.14648 0.067453
9351.74609 0.066575
9353.34570 0.065949
9354.94629 0.065498
9356.54688 0.065627
9358.14746 0.065797
9359.74902 0.0662
9361.35059 0.066662
9362.95215 0.067272
9364.55371 0.068427
9366.15625 0.069074
9367.75879 0.069963
9369.36133 0.070763
9370.96484 0.071445
9372.56738 0.072299
9374.17188 0.072671
9375.77539 0.07298
9377.37988 0.073269
9378.98340 0.073467
9380.58887 0.073411
9382.19336 0.073147
9383.79883 0.072693
9385.40430 0.072169
9387.00977 0.071644
9388.61621 0.071143
9390.22266 0.070678
9391.82910 0.070607
9393.43555 0.070339
9395.04297 0.06988
9396.65039 0.069614
9398.25781 0.069415
9399.86621 0.069364
9401.47461 0.068965
9403.08301 0.068254
9404.69141 0.067446
9406.30078 0.065767
9407.91016 0.064249
9409.51953 0.061702
9411.12988 0.05829
9412.74023 0.054574
9414.35059 0.049932
9415.96094 0.045153
9417.57227 0.04038
9419.18359 0.035506
9420.79492 0.030513
9422.40723 0.026063
9424.01953 0.022056
9425.63184 0.018993
9427.24414 0.01618
9428.85742 0.013281
9430.47070 0.011593
9432.08398 0.009543
9433.69727 0.008062
9435.31152 0.00684
9436.92578 0.005663
9438.54102 0.004712
9440.15527 0.004047
9441.77148 0.003554
9443.38574 0.003214
9445.00195 0.002915
9446.61816 0.002462
9448.23438 0.002131
9449.85059 0.00189
9451.46777 0.001655
9453.08496 0.001419
9454.70215 0.001236
9456.31934 0.00125
9457.93848 0.001168
9459.55566 0.001074
9461.17383 0.001015
9462.79297 0.001003
9464.41211 0.00094
9466.03125 0.000871
9467.65137 0.000845
9469.27148 0.00084
9470.89062 0.000831
9472.51172 0.000823
9474.13184 0.000814
9475.75293 0.000805
9477.37402 0.000797
9478.99609 0.000788
9480.61719 0.000779
9482.23926 0.000771
9483.86230 0.000762
9485.48438 0.000754
9487.10742 0.000745
9488.73047 0.000737
9490.35352 0.000728
9491.97754 0.00072
9493.60156 0.000711
9495.22656 0.000703
9496.85059 0.000695
9498.47559 0.000686
9500.10059 0.000678
9501.72656 0.00067
9503.35156 0.000662
9504.97754 0.000654
9506.60352 0.000647
9508.23047 0.000639
9509.85742 0.000631
9511.48438 0.000623
9513.11230 0.000616
9514.73926 0.000608
9516.36719 0.0006
9517.99609 0.000593
9519.62402 0.000585
9521.25293 0.000577
9522.88184 0.00057
9524.51172 0.000562
9526.14062 0.000554
9527.77148 0.000547
9529.40137 0.000539
9531.03125 0.000532
9532.66211 0.000524
9534.29297 0.000517
9535.92480 0.00051
9537.55566 0.000502
9539.18848 0.000495
9540.81934 0.000487
9542.45215 0.00048
9544.08496 0.000473
9545.71777 0.000465
9547.35059 0.000458
9548.98438 0.000451
9550.61816 0.000444
9552.25195 0.000436
9553.88672 0.000429
9555.52148 0.000422
9557.15625 0.000415
9558.79102 0.000408
9560.42676 0.000401
10516.46973 0.0
