threeML/data/optical_filters/HST/WFC3_UVIS1-F814W.ecsv
# %ECSV 0.9
# ---
# datatype:
# - {name: wavelength, unit: Angstrom, datatype: float32}
# - {name: response, datatype: float32}
# meta: !!omap
# - {band_name: F814W}
# - {group_name: WFC3_UVIS1}
wavelength response
[from data line 1609]
9138.23535 0.087906
9139.79883 0.087812
9141.36230 0.087717
9142.92676 0.08762
9144.49121 0.087518
9146.05566 0.087416
9147.62012 0.087314
9149.18555 0.087212
9150.75098 0.087109
9152.31641 0.087007
9153.88184 0.086901
9155.44824 0.086795
9157.01465 0.086688
9158.58203 0.086582
9160.14844 0.086475
9161.71582 0.086368
9163.28320 0.086261
9164.85156 0.086155
9166.41895 0.086048
9167.98730 0.085941
9169.55566 0.085834
9171.12500 0.085727
9172.69434 0.08562
9174.26367 0.085514
9175.83301 0.085409
9177.40332 0.085303
9178.97363 0.085197
9180.54395 0.085095
9182.11426 0.085002
9183.68555 0.084901
9185.25684 0.084798
9186.82812 0.084694
9188.40039 0.08459
9189.97266 0.084486
9191.54492 0.084368
9193.11719 0.08425
9194.69043 0.08413
9196.26367 0.084009
9197.83691 0.083889
9199.41016 0.083768
9200.98438 0.083642
9202.55859 0.083513
9204.13281 0.08339
9205.70801 0.083266
9207.28320 0.083142
9208.85840 0.083019
9210.43359 0.082895
9212.00977 0.082771
9213.58594 0.082637
9215.16211 0.082498
9216.73926 0.082359
9218.31543 0.08222
9219.89258 0.08208
9221.47070 0.081941
9223.04785 0.081799
9224.62598 0.081651
9226.20410 0.081504
9227.78320 0.081356
9229.36230 0.081208
9230.94141 0.081063
9232.52148 0.080921
9234.09961 0.080784
9235.67969 0.080648
9237.25977 0.080511
9238.84082 0.080374
9240.42090 0.080237
9242.00195 0.0801
9243.58301 0.07996
9245.16504 0.079819
9246.74707 0.079678
9248.32910 0.079537
9249.91113 0.079395
9251.49414 0.079254
9253.07715 0.079111
9254.66016 0.078964
9256.24316 0.078817
9257.82715 0.078669
9259.41113 0.078522
9260.99512 0.078375
9262.58008 0.078227
9264.16406 0.078076
9265.74902 0.077924
9267.33496 0.077773
9268.91992 0.077621
9270.50586 0.077469
9272.09277 0.077318
9273.67871 0.07717
9275.26562 0.077024
9276.85254 0.076878
9278.43945 0.076731
9280.02734 0.076585
9281.61523 0.076439
9283.20312 0.07629
9284.79102 0.076137
9286.37988 0.075985
9287.96875 0.075832
9289.55762 0.075679
9291.14746 0.075527
9292.73633 0.075375
9294.32715 0.075231
9295.91699 0.075088
9297.50781 0.074944
9299.09863 0.0748
9300.68945 0.074661
9302.28027 0.074529
9303.87207 0.074396
9305.46387 0.074262
9307.05566 0.074128
9308.64844 0.073994
9310.24121 0.073859
9311.83398 0.073713
9313.42676 0.073568
9315.02148 0.073423
9316.61426 0.073278
9318.20801 0.073133
9319.80273 0.072987
9321.39746 0.072842
9322.99219 0.072698
9324.58691 0.072559
9326.18262 0.07242
9327.77832 0.07228
9329.37402 0.072141
9330.97070 0.072001
9332.56738 0.071862
9334.16406 0.071734
9335.76074 0.071607
9337.35840 0.071479
9338.95605 0.071351
9340.55371 0.071223
9342.15137 0.071095
9343.75000 0.070964
9345.34863 0.070833
9346.94727 0.070701
9348.54688 0.070569
9350.14648 0.070437
9351.74609 0.070305
9353.34570 0.070176
9354.94629 0.070051
9356.54688 0.069925
9358.14746 0.069799
9359.74902 0.069673
9361.35059 0.069547
9362.95215 0.069422
9364.55371 0.069301
9366.15625 0.06918
9367.75879 0.069059
9369.36133 0.068938
9370.96484 0.068817
9372.56738 0.068695
9374.17188 0.06858
9375.77539 0.068465
9377.37988 0.06835
9378.98340 0.068234
9380.58887 0.068119
9382.19336 0.068003
9383.79883 0.067886
9385.40430 0.067768
9387.00977 0.067651
9388.61621 0.067533
9390.22266 0.067415
9391.82910 0.067296
9393.43555 0.067178
9395.04297 0.067059
9396.65039 0.06694
9398.25781 0.066821
9399.86621 0.066701
9401.47461 0.066572
9403.08301 0.066441
9404.69141 0.06631
9406.30078 0.066179
9407.91016 0.066049
9409.51953 0.065917
9411.12988 0.065786
9412.74023 0.065654
9414.35059 0.065516
9415.96094 0.065378
9417.57227 0.065239
9419.18359 0.0651
9420.79492 0.064962
9422.40723 0.064823
9424.01953 0.064674
9425.63184 0.064524
9427.24414 0.064374
9428.85742 0.064224
9430.47070 0.064076
9432.08398 0.063932
9433.69727 0.06378
9435.31152 0.063624
9436.92578 0.063467
9438.54102 0.063311
9440.15527 0.063155
9441.77148 0.062998
9443.38574 0.062836
9445.00195 0.062667
9446.61816 0.062498
9448.23438 0.062329
9449.85059 0.062161
9451.46777 0.061992
9453.08496 0.061819
9454.70215 0.061638
9456.31934 0.061456
9457.93848 0.061275
9459.55566 0.061094
9461.17383 0.060913
9462.79297 0.06073
9464.41211 0.060537
9466.03125 0.060345
9467.65137 0.060153
9469.27148 0.05996
9470.89062 0.059768
9472.51172 0.059576
9474.13184 0.059371
9475.75293 0.059165
9477.37402 0.05896
9478.99609 0.058754
9480.61719 0.058549
9482.23926 0.058344
9483.86230 0.05813
9485.48438 0.057914
9487.10742 0.057698
9488.73047 0.057483
9490.35352 0.057267
9491.97754 0.057052
9493.60156 0.056832
9495.22656 0.05661
9496.85059 0.056388
9498.47559 0.056166
9500.10059 0.055948
9501.72656 0.055784
9503.35156 0.055615
9504.97754 0.055442
9506.60352 0.055269
9508.23047 0.055096
9509.85742 0.054923
9511.48438 0.05475
9513.11230 0.054574
9514.73926 0.05439
9516.36719 0.054205
9517.99609 0.054021
9519.62402 0.053837
9521.25293 0.053653
9522.88184 0.053469
9524.51172 0.053276
9526.14062 0.053084
9527.77148 0.052892
9529.40137 0.0527
9531.03125 0.052509
9532.66211 0.052317
9534.29297 0.052084
9535.92480 0.051852
9537.55566 0.05162
9539.18848 0.051389
9540.81934 0.051158
9542.45215 0.050927
9544.08496 0.05064
9545.71777 0.050348
9547.35059 0.050056
9548.98438 0.049765
9550.61816 0.049474
9552.25195 0.049184
9553.88672 0.048833
9555.52148 0.048464
9557.15625 0.048097
9558.79102 0.047731
9560.42676 0.047365
9562.06152 0.047
9563.69824 0.046537
9565.33496 0.046024
9566.97168 0.045512
9568.60840 0.045002
9570.24512 0.044493
9571.88281 0.043985
9573.52148 0.04337
9575.15820 0.042668
9576.79688 0.041968
9578.43555 0.04127
9580.07422 0.040574
9581.71289 0.039881
9583.35254 0.039138
9584.99219 0.038334
9586.63184 0.037532
9588.27246 0.036733
9589.91309 0.035936
9591.55371 0.035142
9593.19434 0.034302
9594.83594 0.033373
9596.47754 0.032447
9598.12012 0.031524
9599.76172 0.030604
9601.40430 0.02969
9603.04688 0.028758
9604.69043 0.027763
9606.33301 0.026772
9607.97656 0.025784
9609.62109 0.024799
9611.26465 0.023811
9612.90918 0.022842
9614.55371 0.021964
9616.19922 0.021089
9617.84473 0.020217
9619.49023 0.019349
9621.13574 0.018486
9622.78223 0.017637
9624.42871 0.016884
9626.07520 0.016133
9627.72168 0.015386
9629.36914 0.014641
9631.01660 0.013899
9632.66504 0.013161
9634.31152 0.012535
9635.96094 0.01191
9637.60938 0.011288
9639.25879 0.010668
9640.90820 0.010051
9642.55762 0.009436
9644.20703 0.008983
9645.85742 0.008541
9647.50781 0.0081
9649.15820 0.007662
9650.80957 0.007224
9652.45996 0.006789
9654.11230 0.006454
9655.76367 0.006132
9657.41602 0.005812
9659.06836 0.005493
9660.72070 0.005176
9662.37402 0.004859
9664.02637 0.004605
9665.68066 0.004363
9667.33398 0.004123
9668.98828 0.003883
9670.64258 0.003645
9672.29688 0.003407
9673.95215 0.003229
9675.60645 0.003069
9677.26270 0.002908
9678.91797 0.002749
9680.57422 0.00259
9682.23047 0.002431
9683.88672 0.002308
9685.54395 0.002198
9687.20117 0.002088
9688.85840 0.001979
9690.51660 0.00187
9692.17383 0.001761
9693.83203 0.001672
9695.49121 0.00159
9697.14941 0.001508
9698.80859 0.001427
9700.46875 0.001347
9702.12793 0.001266
9703.78809 0.001201
9705.44824 0.001143
9707.10840 0.001086
9708.76953 0.001028
9710.43066 0.000971
9712.09180 0.000914
9713.75391 0.000868
9715.41602 0.000829
9717.07812 0.00079
9718.74023 0.000751
9720.40332 0.000712
9722.06641 0.000673
9723.72852 0.000641
9725.39355 0.000613
9727.05762 0.000585
9728.72168 0.000558
9730.38672 0.00053
9732.05078 0.000502
9733.71582 0.000479
9735.38184 0.000457
9737.04688 0.000435
9738.71289 0.000414
10712.58398 0.0
