threeML/data/optical_filters/HST/WFC3_UVIS1-F275W.ecsv
# %ECSV 0.9
# ---
# datatype:
# - {name: wavelength, unit: Angstrom, datatype: float32}
# - {name: response, datatype: float32}
# meta: !!omap
# - {band_name: F275W}
# - {group_name: WFC3_UVIS1}
wavelength response
[from data line 1609]
2938.48291 0.058615
2938.98389 0.058548
2939.48608 0.058482
2939.98706 0.058415
2940.48804 0.05835
2940.98999 0.058287
2941.49097 0.058227
2941.99292 0.058166
2942.49512 0.058106
2942.99707 0.058045
2943.49902 0.057985
2944.00098 0.057924
2944.50293 0.057864
2945.00488 0.057803
2945.50806 0.057742
2946.01001 0.057681
2946.51196 0.05762
2947.01489 0.057559
2947.51807 0.057498
2948.02002 0.057437
2948.52295 0.057375
2949.02588 0.057314
2949.52905 0.057253
2950.03198 0.057191
2950.53491 0.057129
2951.03906 0.057067
2951.54199 0.057004
2952.04492 0.05694
2952.54907 0.056877
2953.05200 0.056813
2953.55591 0.05675
2954.06006 0.056686
2954.56396 0.056622
2955.06812 0.056558
2955.57202 0.056494
2956.07593 0.05643
2956.58008 0.056366
2957.08398 0.056302
2957.58789 0.056238
2958.09302 0.056173
2958.59692 0.056109
2959.10205 0.056044
2959.60693 0.05598
2960.11206 0.055915
2960.61597 0.055847
2961.12109 0.055773
2961.62598 0.055693
2962.13208 0.055612
2962.63696 0.055531
2963.14209 0.05545
2963.64697 0.055369
2964.15308 0.055288
2964.65894 0.055207
2965.16406 0.055126
2965.66992 0.055044
2966.17603 0.054963
2966.68188 0.054882
2967.18799 0.0548
2967.69409 0.054718
2968.19995 0.054637
2968.70605 0.054555
2969.21289 0.054473
2969.71899 0.054391
2970.22607 0.05431
2970.73193 0.05423
2971.23901 0.054138
2971.74609 0.054042
2972.25195 0.053945
2972.76001 0.053849
2973.26611 0.053752
2973.77393 0.053655
2974.28101 0.053558
2974.78809 0.05346
2975.29492 0.053363
2975.80298 0.053266
2976.31104 0.053168
2976.81812 0.053071
2977.32593 0.052973
2977.83398 0.052875
2978.34204 0.052777
2978.85010 0.052679
2979.35791 0.052581
2979.86597 0.052483
2980.37402 0.052383
2980.88208 0.052282
2981.39111 0.052172
2981.89893 0.052062
2982.40796 0.051952
2982.91699 0.051842
2983.42505 0.051732
2983.93408 0.051622
2984.44312 0.051511
2984.95190 0.051401
2985.46094 0.05129
2985.96997 0.05118
2986.47998 0.051069
2986.98901 0.050958
2987.49902 0.050847
2988.00806 0.050736
2988.51807 0.050625
2989.02808 0.050513
2989.53711 0.050402
2990.04712 0.050291
2990.55688 0.050181
2991.06689 0.05007
2991.57690 0.049956
2992.08789 0.049841
2992.59790 0.049727
2993.10791 0.049612
2993.61890 0.049498
2994.12988 0.049383
2994.63989 0.049268
2995.15088 0.049153
2995.66211 0.049038
2996.17310 0.048922
2996.68408 0.048807
2997.19507 0.048692
2997.70605 0.048576
2998.21704 0.04846
2998.72900 0.048344
2999.23999 0.048228
2999.75195 0.048112
3000.26294 0.047987
3000.77490 0.047852
3001.28711 0.047717
3001.79907 0.047581
3002.31104 0.047446
3002.82300 0.04731
3003.33496 0.047174
3003.84692 0.047038
3004.36011 0.046903
3004.87207 0.046767
3005.38501 0.046631
3005.89697 0.046495
3006.40991 0.046359
3006.92310 0.046223
3007.43604 0.046087
3007.94800 0.045951
3008.46094 0.045815
3008.97510 0.045679
3009.48804 0.045544
3010.00098 0.045407
3010.51489 0.045273
3011.02808 0.045136
3011.54199 0.044988
3012.05493 0.044841
3012.56909 0.044693
3013.08301 0.044545
3013.59692 0.044398
3014.11108 0.04425
3014.62500 0.044102
3015.13892 0.043955
3015.65308 0.043807
3016.16797 0.043659
3016.68188 0.043511
3017.19702 0.043363
3017.71094 0.043215
3018.22607 0.043067
3018.74097 0.042919
3019.25610 0.042771
3019.77100 0.042623
3020.28589 0.042475
3020.80103 0.042327
3021.31592 0.042137
3021.83105 0.041939
3022.34692 0.041741
3022.86206 0.041544
3023.37793 0.041346
3023.89307 0.041148
3024.40894 0.04095
3024.92505 0.040752
3025.44092 0.040554
3025.95703 0.040356
3026.47290 0.040158
3026.98901 0.03996
3027.50610 0.039762
3028.02197 0.039564
3028.53809 0.039365
3029.05493 0.039167
3029.57202 0.038969
3030.08789 0.03877
3030.60498 0.03857
3031.12207 0.038328
3031.63892 0.038038
3032.15601 0.037748
3032.67310 0.037457
3033.18994 0.037167
3033.70801 0.036877
3034.22510 0.036587
3034.74292 0.036297
3035.26001 0.036006
3035.77808 0.035716
3036.29590 0.035426
3036.81396 0.035135
3037.33203 0.034845
3037.85010 0.034554
3038.36792 0.034264
3038.88599 0.033973
3039.40503 0.033682
3039.92310 0.033392
3040.44092 0.033102
3040.95996 0.032801
3041.47900 0.032426
3041.99707 0.032051
3042.51611 0.031676
3043.03491 0.031301
3043.55396 0.030926
3044.07300 0.030551
3044.59302 0.030176
3045.11206 0.029801
3045.63110 0.029425
3046.15088 0.02905
3046.66992 0.028674
3047.18994 0.028298
3047.70898 0.027923
3048.22900 0.027547
3048.74902 0.027171
3049.26904 0.026795
3049.78906 0.026419
3050.31006 0.026041
3050.83008 0.025664
3051.35010 0.025271
3051.87109 0.024876
3052.39111 0.024482
3052.91211 0.024087
3053.43188 0.023692
3053.95288 0.023297
3054.47412 0.022902
3054.99512 0.022507
3055.51611 0.022112
3056.03711 0.021716
3056.55908 0.021321
3057.08008 0.020926
3057.60107 0.02053
3058.12305 0.020135
3058.64404 0.019739
3059.16602 0.019344
3059.68799 0.018948
3060.20996 0.018553
3060.73193 0.018158
3061.25391 0.017809
3061.77588 0.017481
3062.29810 0.017152
3062.82007 0.016823
3063.34302 0.016494
3063.86499 0.016166
3064.38794 0.015837
3064.90991 0.015508
3065.43311 0.015179
3065.95605 0.014849
3066.47900 0.01452
3067.00195 0.014191
3067.52490 0.013861
3068.04810 0.013532
3068.57202 0.013202
3069.09497 0.012873
3069.61792 0.012543
3070.14209 0.012213
3070.66602 0.011883
3071.18896 0.011608
3071.71289 0.011376
3072.23706 0.011144
3072.76099 0.010912
3073.28491 0.01068
3073.80908 0.010448
3074.33301 0.010216
3074.85791 0.009984
3075.38208 0.009752
3075.90698 0.009519
3076.43188 0.009287
3076.95605 0.009055
3077.48096 0.008822
3078.00610 0.00859
3078.53101 0.008358
3079.05591 0.008125
3079.58105 0.007893
3080.10596 0.00766
3080.63208 0.007428
3081.15698 0.007238
3081.68311 0.007091
3082.20801 0.006943
3082.73389 0.006796
3083.26001 0.006648
3083.78589 0.0065
3084.31201 0.006353
3084.83789 0.006205
3085.36401 0.006057
3085.88989 0.005909
3086.41699 0.005762
3086.94312 0.005614
3087.46899 0.005466
3087.99609 0.005318
3088.52295 0.00517
3089.05005 0.005022
3089.57593 0.004874
3090.10303 0.004726
3090.62988 0.004578
3091.15698 0.004458
3091.68506 0.004369
3092.21191 0.004279
3092.73999 0.004189
3093.26709 0.0041
3093.79492 0.00401
3094.32202 0.00392
3094.85010 0.003831
3095.37793 0.003741
3095.90601 0.003651
3096.43408 0.003561
3096.96191 0.003472
3097.48999 0.003382
3098.01904 0.003292
3098.54712 0.003202
3099.07495 0.003112
3099.60400 0.003023
3100.13306 0.002933
3100.66089 0.002843
3101.18994 0.002773
3101.71899 0.002719
3102.24805 0.002665
3102.77710 0.002611
3103.30688 0.002556
3103.83594 0.002502
3104.36499 0.002448
3104.89502 0.002394
3105.42407 0.00234
3105.95410 0.002286
3106.48389 0.002231
3107.01392 0.002177
3107.54297 0.002123
3108.07300 0.002069
3108.60400 0.002014
3109.13403 0.00196
3109.66406 0.001906
3110.19507 0.001851
3110.72510 0.001797
3111.25610 0.001757
3111.78589 0.001724
3112.31689 0.001692
3112.84790 0.001659
3113.37891 0.001626
3113.90991 0.001593
3114.44092 0.00156
3114.97192 0.001528
3115.50293 0.001495
3116.03491 0.001462
3116.56592 0.001429
3117.09790 0.001396
3117.62891 0.001363
3118.16089 0.001331
3118.69312 0.001298
3119.22510 0.001265
3119.75708 0.001232
3120.28906 0.001199
3120.82104 0.001166
3121.35400 0.001143
3121.88599 0.001123
3122.41797 0.001102
3122.95093 0.001082
3123.48389 0.001061
3124.01611 0.00104
3124.54907 0.00102
3125.08203 0.000999
3125.61499 0.000978
3126.14795 0.000958
3126.68091 0.000937
3127.21509 0.000917
3127.74805 0.000896
3128.28101 0.000875
3128.81494 0.000855
3129.34912 0.000834
3129.88306 0.000813
3130.41699 0.000793
3130.94995 0.000773
3131.48389 0.00076
3132.01904 0.000747
3132.55298 0.000734
3133.08691 0.000722
3133.62109 0.000709
3134.15601 0.000696
3134.68994 0.000683
3135.22510 0.00067
3135.76001 0.000658
3136.29492 0.000645
3136.83008 0.000632
3137.36499 0.000619
3137.89990 0.000606
3138.43506 0.000594
3138.96997 0.000581
3139.50610 0.000568
3140.04102 0.000555
3140.57690 0.000542
3141.11206 0.000531
3141.64795 0.000522
3142.18408 0.000514
3142.71997 0.000505
3143.25610 0.000496
3143.79199 0.000487
3144.32788 0.000479
3144.86499 0.00047
3145.40088 0.000461
3145.93701 0.000453
3146.47412 0.000444
3147.01001 0.000435
3147.54712 0.000426
3148.08398 0.000418
3148.62109 0.000409
3149.15796 0.0004
3464.07373 0.0
