threeML/data/optical_filters/HST/WFC3_IR-G141.ecsv
# %ECSV 0.9
# ---
# datatype:
# - {name: wavelength, unit: Angstrom, datatype: float32}
# - {name: response, datatype: float32}
# meta: !!omap
# - {band_name: G141}
# - {group_name: WFC3_IR}
wavelength response
[from data line 1533]
10979.61035 0.20961
10980.29004 0.210069
10980.95996 0.210522
10981.62988 0.210975
10982.29980 0.211428
10982.98047 0.211881
10983.65039 0.212334
10984.32031 0.212786
10985.00000 0.21324
10985.66992 0.213693
10986.33984 0.214146
10987.01953 0.214599
10987.69043 0.215053
10988.36035 0.215506
10989.04004 0.215959
10989.70996 0.216413
10990.37988 0.216864
10991.05957 0.217315
10991.73047 0.217766
10992.41016 0.218217
10993.08008 0.218668
10993.75000 0.219119
10994.42969 0.21957
10995.09961 0.22002
10995.78027 0.220471
10996.45020 0.220922
10997.12012 0.221373
10997.79980 0.221824
10998.46973 0.222276
10999.15039 0.222726
10999.82031 0.223178
11000.49023 0.223631
11001.16992 0.224083
11001.83984 0.224536
11002.51953 0.22499
11003.19043 0.225434
11003.87012 0.225853
11004.54004 0.226272
11005.20996 0.226691
11005.88965 0.227111
11006.55957 0.22753
11007.24023 0.22795
11007.91016 0.228369
11008.58984 0.228788
11009.25977 0.229208
11009.94043 0.229628
11010.61035 0.230047
11011.29004 0.230467
11011.95996 0.230886
11012.63965 0.231307
11013.30957 0.231726
11013.99023 0.232146
11014.66016 0.232566
11015.33984 0.232986
11016.00977 0.233406
11016.69043 0.233826
11017.36035 0.234246
11018.04004 0.234666
11018.70996 0.235086
11019.38965 0.235506
11020.05957 0.235927
11020.74023 0.236346
11021.41016 0.236767
11022.08984 0.237188
11022.76953 0.237608
11023.44043 0.238028
11024.12012 0.238449
11024.79004 0.238869
11025.46973 0.23929
11026.13965 0.239711
11026.82031 0.240131
11027.50000 0.240552
11028.16992 0.240973
11028.84961 0.241393
11029.51953 0.241815
11030.20020 0.242235
11030.87012 0.242656
11031.54980 0.243078
11032.23047 0.243498
11032.90039 0.243919
11033.58008 0.244341
11034.25977 0.244761
11034.92969 0.245183
11035.61035 0.245604
11036.29004 0.246026
11036.95996 0.246447
11037.63965 0.246868
11038.30957 0.247289
11038.99023 0.247711
11039.66992 0.248133
11040.33984 0.248554
11041.01953 0.248976
11041.70020 0.249397
11042.37012 0.249819
11043.04980 0.250241
11043.73047 0.250663
11044.41016 0.251085
11045.08008 0.251506
11045.75977 0.251928
11046.44043 0.25235
11047.11035 0.252772
11047.79004 0.253194
11048.46973 0.253616
11049.13965 0.254039
11049.82031 0.25446
11050.50000 0.254883
11051.17969 0.255305
11051.84961 0.255728
11052.53027 0.25615
11053.20996 0.256572
11053.88965 0.256995
11054.55957 0.257417
11055.24023 0.25784
11055.91992 0.258262
11056.59961 0.258685
11057.26953 0.259107
11057.95020 0.25953
11058.62988 0.259953
11059.30957 0.260376
11059.98047 0.260798
11060.66016 0.261237
11061.33984 0.261675
11062.01953 0.262113
11062.70020 0.262551
11063.37988 0.26299
11064.04980 0.263429
11064.73047 0.263867
11065.41016 0.264306
11066.08984 0.264744
11066.76953 0.265184
11067.44043 0.265622
11068.12012 0.266062
11068.79980 0.266501
11069.48047 0.26694
11070.16016 0.267376
11070.83984 0.2678
11071.50977 0.268224
11072.19043 0.268648
11072.87012 0.269072
11073.54980 0.269497
11074.23047 0.269921
11074.91016 0.270345
11075.58984 0.270769
11076.26953 0.271193
11076.94043 0.271618
11077.62012 0.272042
11078.29980 0.272466
11078.98047 0.272891
11079.66016 0.273315
11080.33984 0.27374
11081.01953 0.274164
11081.70020 0.274589
11082.37988 0.275014
11083.05957 0.275438
11083.74023 0.275863
11084.41992 0.276288
11085.08984 0.276713
11085.76953 0.277138
11086.45020 0.277563
11087.12988 0.277988
11087.80957 0.278413
11088.49023 0.278838
11089.16992 0.279263
11089.84961 0.279688
11090.53027 0.280113
11091.20996 0.280539
11091.88965 0.280964
11092.57031 0.28139
11093.25000 0.281815
11093.92969 0.28224
11094.61035 0.282666
11095.29004 0.283091
11095.96973 0.283517
11096.65039 0.283942
11097.33008 0.284368
11098.00977 0.284794
11098.69043 0.28522
11099.37012 0.285646
11100.04980 0.286071
11100.73047 0.286498
11101.41016 0.286924
11102.08984 0.287349
11102.76953 0.287775
11103.45020 0.288042
11104.12988 0.288205
11104.80957 0.288369
11105.50000 0.288532
11106.17969 0.288695
11106.86035 0.288859
11107.54004 0.289022
11108.21973 0.289185
11108.90039 0.289349
11109.58008 0.289512
11110.25977 0.289676
11110.94043 0.28984
11111.62012 0.290003
11112.29980 0.290166
11112.98047 0.29033
11113.66992 0.290494
11114.34961 0.290657
11115.03027 0.290821
11115.70996 0.290984
11116.38965 0.291148
11117.07031 0.291312
11117.75000 0.291475
11118.42969 0.291639
11119.12012 0.291803
11119.79980 0.291966
11120.48047 0.29213
11121.16016 0.292294
11121.83984 0.292458
11122.51953 0.292622
11123.20996 0.292785
11123.88965 0.292949
11124.57031 0.293113
11125.25000 0.293277
11125.92969 0.293441
11126.62012 0.293604
11127.29980 0.293768
11127.98047 0.293932
11128.66016 0.294096
11129.33984 0.29426
11130.03027 0.294424
11130.70996 0.294588
11131.38965 0.294752
11132.07031 0.294916
11132.75000 0.29508
11133.44043 0.295244
11134.12012 0.295409
11134.79980 0.295573
11135.48047 0.295737
11136.16992 0.295901
11136.84961 0.296065
11137.53027 0.296229
11138.20996 0.296393
11138.90039 0.296557
11139.58008 0.296722
11140.25977 0.296893
11140.95020 0.297074
11141.62988 0.297256
11142.30957 0.297438
11142.99023 0.297619
11143.67969 0.297801
11144.36035 0.297983
11145.04004 0.298165
11145.73047 0.298347
11146.41016 0.298529
11147.08984 0.298711
11147.78027 0.298893
11148.45996 0.299075
11149.13965 0.299257
11149.83008 0.299439
11150.50977 0.299608
11151.19043 0.299773
11151.87988 0.299938
11152.55957 0.300102
11153.24023 0.300267
11153.92969 0.300432
11154.61035 0.300596
11155.29004 0.300761
11155.98047 0.300926
11156.66016 0.301091
11157.33984 0.301255
11158.03027 0.30142
11158.70996 0.301585
11159.40039 0.30175
11160.08008 0.301915
11160.75977 0.30208
11161.45020 0.302245
11162.12988 0.30241
11162.82031 0.302575
11163.50000 0.302739
11164.19043 0.302905
11164.87012 0.303069
11165.54980 0.303235
11166.24023 0.303399
11166.91992 0.303565
11167.61035 0.30373
11168.29004 0.303895
11168.98047 0.30406
11169.66016 0.304225
11170.33984 0.30439
11171.03027 0.304555
11171.70996 0.304721
11172.40039 0.304886
11173.08008 0.305051
11173.76953 0.305216
11174.45020 0.305381
11175.13965 0.305546
11175.82031 0.305712
11176.50977 0.305877
11177.19043 0.306042
11177.87988 0.306208
11178.55957 0.306373
11179.25000 0.306538
11179.92969 0.306704
11180.62012 0.306869
11181.29980 0.307035
11181.99023 0.3072
11182.66992 0.307365
11183.36035 0.307531
11184.04980 0.307696
11184.73047 0.307862
11185.41992 0.308027
11186.09961 0.308193
11186.79004 0.308358
11187.46973 0.308524
11188.16016 0.30869
11188.84961 0.308855
11189.53027 0.309021
11190.21973 0.309186
11190.90039 0.309352
11191.58984 0.309518
11192.26953 0.309683
11192.95996 0.309849
11193.65039 0.310015
11194.33008 0.310181
11195.01953 0.310346
11195.70996 0.310512
11196.38965 0.310678
11197.08008 0.310844
11197.75977 0.31101
11198.45020 0.311175
11199.13965 0.311341
11199.82031 0.311507
11200.50977 0.311688
11201.20020 0.311873
11201.87988 0.312058
11202.57031 0.312244
11203.25977 0.312392
11203.94043 0.312441
11204.62988 0.312489
11205.32031 0.312538
11206.00000 0.312587
11206.69043 0.312636
11207.37988 0.312685
11208.05957 0.312733
11208.75000 0.312782
11209.44043 0.312831
11210.12012 0.312877
11210.80957 0.312907
11211.50000 0.312937
11212.19043 0.312968
11212.87012 0.312998
11213.55957 0.313029
11214.25000 0.313059
11214.92969 0.31309
11215.62012 0.31312
11216.30957 0.313151
11217.00000 0.313181
11217.67969 0.313212
11218.37012 0.313242
11219.05957 0.313273
11219.75000 0.313303
11220.42969 0.313333
11221.12012 0.313364
11221.80957 0.313395
11222.50000 0.313425
11223.19043 0.313455
11223.87012 0.313486
11224.55957 0.313516
11225.25000 0.313547
11225.94043 0.313578
11226.62988 0.313608
11227.30957 0.313638
11228.00000 0.313669
11228.69043 0.3137
11229.37988 0.31373
11230.07031 0.313761
11230.75000 0.313791
11231.44043 0.313822
11232.12988 0.313852
11232.82031 0.313883
11233.50977 0.313913
11234.20020 0.313944
11234.88965 0.313974
11235.57031 0.314005
11236.25977 0.314036
11236.95020 0.314066
11237.63965 0.314097
11238.33008 0.314127
11239.01953 0.314158
11239.70996 0.314188
11240.40039 0.314219
11241.08008 0.31425
11241.76953 0.31428
11242.45996 0.314311
11243.15039 0.314341
11243.83984 0.314372
11244.53027 0.314402
11245.21973 0.314433
11245.91016 0.314464
11246.59961 0.314494
11247.29004 0.314525
11247.98047 0.314555
11248.66992 0.314586
11249.36035 0.314617
11250.04004 0.314647
11250.73047 0.314678
11251.41992 0.314709
11252.11035 0.314739
11252.79980 0.31477
11253.49023 0.3148
11254.17969 0.314831
11254.87012 0.314862
11255.55957 0.314892
11256.25000 0.314923
11256.94043 0.314954
11257.62988 0.314984
11258.32031 0.315015
11259.00977 0.315046
11259.70020 0.315076
11260.38965 0.315107
11261.08008 0.315138
11261.76953 0.315168
11262.45996 0.315199
11263.15039 0.31523
11263.83984 0.31526
11264.53027 0.315291
11265.21973 0.315322
11265.91016 0.315352
11266.59961 0.315383
11267.29980 0.315414
11267.99023 0.315445
11268.67969 0.315475
11269.37012 0.315506
11270.05957 0.315538
11270.75000 0.315588
11271.44043 0.315637
11272.12988 0.315686
11272.82031 0.315736
11273.50977 0.315785
11274.20020 0.315835
11274.88965 0.315884
11275.58008 0.315933
11276.28027 0.315983
11276.96973 0.316032
11277.66016 0.316082
11278.34961 0.316131
11279.04004 0.316181
11279.73047 0.31623
11280.41992 0.316268
11281.12012 0.316299
11281.80957 0.31633
11282.50000 0.316361
11283.19043 0.316392
11283.87988 0.316422
11284.57031 0.316453
11285.25977 0.316484
11285.95996 0.316515
11286.65039 0.316545
11287.33984 0.316576
11288.03027 0.316607
11288.71973 0.316638
11289.41992 0.316669
11290.11035 0.3167
11290.79980 0.316731
11291.49023 0.316761
11292.17969 0.316792
11292.87012 0.316823
11293.57031 0.316854
11294.25977 0.316885
11294.95020 0.316916
11295.63965 0.316947
11296.33984 0.316977
11297.03027 0.317008
11297.71973 0.317039
11298.41016 0.31707
11299.11035 0.317101
11299.79980 0.317132
11300.49023 0.317163
11301.17969 0.317193
11301.87988 0.317224
11302.57031 0.317255
11303.25977 0.31729
11303.95996 0.317338
11304.65039 0.317385
11305.33984 0.317433
11306.03027 0.317481
11306.73047 0.317528
11307.41992 0.317576
11308.11035 0.317624
11308.80957 0.317671
11309.50000 0.317719
11310.19043 0.317767
11310.87988 0.317814
11311.58008 0.317862
11312.26953 0.31791
11312.95996 0.317958
11313.66016 0.318005
11314.34961 0.318053
11315.04004 0.318101
11315.74023 0.318148
11316.42969 0.318196
11317.12988 0.318244
11317.82031 0.318292
11318.50977 0.318339
11319.20996 0.318387
11319.90039 0.318435
11320.58984 0.318483
11321.29004 0.31853
11321.98047 0.318578
11322.67969 0.318626
11323.37012 0.318674
11324.05957 0.318721
11324.75977 0.318769
11325.45020 0.318817
11326.15039 0.318865
11326.83984 0.318913
11327.54004 0.31896
11328.23047 0.319008
11328.91992 0.319056
11329.62012 0.319104
11330.30957 0.31916
11331.00977 0.319227
11331.70020 0.319294
11332.40039 0.319361
11333.08984 0.319427
11333.79004 0.319494
11334.48047 0.319561
11335.16992 0.319628
11335.87012 0.319695
11336.55957 0.319762
11337.25977 0.319829
11337.95020 0.319896
11338.65039 0.319962
11339.33984 0.32003
11340.04004 0.320095
11340.73047 0.320143
11341.42969 0.320191
11342.12012 0.320239
11342.82031 0.320287
11343.50977 0.320335
11344.20996 0.320383
11344.91016 0.320431
11345.59961 0.320479
11346.29980 0.320527
11346.99023 0.320575
11347.69043 0.320623
11348.37988 0.320671
11349.08008 0.320719
11349.76953 0.320767
11350.46973 0.320815
11351.16016 0.320863
11351.86035 0.320911
11352.55957 0.320959
11353.25000 0.321007
11353.95020 0.321055
11354.63965 0.321103
11355.33984 0.321151
11356.04004 0.321199
11356.73047 0.321248
11357.42969 0.321296
11358.12012 0.321344
11358.82031 0.321392
11359.51953 0.32144
11360.20996 0.321488
11360.91016 0.321536
11361.59961 0.321584
11362.29980 0.321632
11363.00000 0.32168
11363.69043 0.321728
11364.38965 0.321777
11365.08984 0.321825
11365.78027 0.321873
11366.48047 0.321921
11367.17969 0.321969
11367.87012 0.322017
11368.57031 0.322065
11369.26953 0.322114
11369.95996 0.322162
11370.66016 0.32221
11371.36035 0.322258
11372.04980 0.322306
11372.75000 0.322354
11373.45020 0.322403
11374.15039 0.322451
11374.83984 0.322499
11375.54004 0.322547
11376.24023 0.322595
11376.92969 0.322644
11377.62988 0.322692
11378.33008 0.32274
11379.03027 0.322788
11379.71973 0.322837
11380.41992 0.322896
11381.12012 0.322964
11381.82031 0.323032
11382.50977 0.323099
11383.20996 0.323166
11383.91016 0.323234
11384.61035 0.323302
11385.30957 0.323369
11386.00000 0.323437
11386.70020 0.323504
11387.40039 0.323572
11388.09961 0.32364
11388.79004 0.323707
11389.49023 0.323775
11390.19043 0.323837
11390.88965 0.323886
11391.58984 0.323934
11392.29004 0.323982
11392.98047 0.324031
11393.67969 0.324079
11394.37988 0.324128
11395.08008 0.324176
11395.78027 0.324224
11396.48047 0.324273
11397.16992 0.324321
11397.87012 0.32437
11398.57031 0.324418
11399.26953 0.324466
11399.96973 0.324515
11400.66992 0.324565
11401.37012 0.324615
11402.05957 0.324665
11402.75977 0.324715
11403.45996 0.324742
11404.16016 0.324745
11404.86035 0.324748
11405.55957 0.32475
11406.25977 0.324753
11406.95996 0.324756
11407.66016 0.324759
11408.36035 0.324762
11409.05957 0.324764
11409.75000 0.324767
11410.45020 0.32477
11411.15039 0.324773
11411.84961 0.324775
11412.54980 0.324778
11413.25000 0.324781
11413.95020 0.324784
11414.65039 0.324787
11415.34961 0.324789
11416.04980 0.324792
11416.75000 0.324795
11417.45020 0.324798
11418.15039 0.324801
11418.84961 0.324803
11419.54980 0.324806
11420.25000 0.324809
11420.95020 0.324812
11421.65039 0.324815
11422.34961 0.324817
11423.04980 0.32482
11423.75000 0.324823
11424.45020 0.324826
11425.15039 0.324829
11425.84961 0.324831
11426.54980 0.324834
11427.25000 0.324837
11427.95020 0.32484
11428.65039 0.324842
11429.34961 0.324845
11430.04980 0.324848
11430.75000 0.324851
11431.45020 0.324854
11432.15039 0.324856
11432.84961 0.324859
11433.55957 0.324862
11434.25977 0.324865
11434.95996 0.324867
11435.66016 0.32487
11436.36035 0.324873
11437.05957 0.324876
11437.75977 0.324879
11438.45996 0.324881
11439.16016 0.324884
11439.86035 0.324887
11440.57031 0.324905
11441.26953 0.324928
11441.96973 0.32495
11442.66992 0.324972
11443.37012 0.324994
11444.07031 0.325016
11444.76953 0.325039
11445.46973 0.325061
11446.17969 0.325083
11446.87988 0.325105
11447.58008 0.325128
11448.28027 0.32515
11448.98047 0.325172
11449.67969 0.325195
11450.38965 0.325206
11451.08984 0.325209
11451.79004 0.325212
11452.49023 0.325214
11453.19043 0.325217
11453.90039 0.32522
11454.59961 0.325223
11455.29980 0.325226
11456.00000 0.325228
11456.70020 0.325231
11457.41016 0.325234
11458.11035 0.325237
11458.80957 0.32524
11459.50977 0.325242
11460.20996 0.325245
11460.91992 0.325248
11461.62012 0.325251
11462.32031 0.325253
11463.03027 0.325256
11463.73047 0.325259
11464.42969 0.325262
11465.12988 0.325265
11465.83984 0.325267
11466.54004 0.32527
11467.24023 0.325273
11467.94043 0.325276
11468.65039 0.325278
11469.34961 0.325281
11470.04980 0.325284
11470.75977 0.325287
11471.45996 0.32529
11472.16016 0.325292
11472.87012 0.325295
11473.57031 0.325298
11474.26953 0.325301
11474.96973 0.325304
11475.67969 0.325306
11476.37988 0.325309
11477.08008 0.325312
11477.79004 0.325315
11478.49023 0.325317
11479.20020 0.32532
11479.90039 0.325323
11480.59961 0.325326
11481.30957 0.325329
11482.00977 0.325331
11482.70996 0.325334
11483.41992 0.325337
11484.12012 0.32534
11484.83008 0.325342
11485.53027 0.325345
11486.23047 0.325348
11486.94043 0.325351
11487.63965 0.325353
11488.34961 0.325356
11489.04980 0.325359
11489.75000 0.325362
11490.45996 0.325377
11491.16016 0.3254
11491.87012 0.325422
11492.57031 0.325444
11493.28027 0.325467
11493.98047 0.325489
11494.67969 0.325511
11495.38965 0.325534
11496.08984 0.325556
11496.79980 0.325578
11497.50000 0.325601
11498.20996 0.325623
11498.91016 0.325645
11499.62012 0.325668
11500.32031 0.325681
11501.03027 0.325682
11501.73047 0.325684
11502.44043 0.325685
11503.13965 0.325687
11503.84961 0.325727
11504.54980 0.325768
11505.25977 0.325809
11505.95996 0.325849
