threeML/data/optical_filters/HST/WFC3_UVIS1-F487N.ecsv
# %ECSV 0.9
# ---
# datatype:
# - {name: wavelength, unit: Angstrom, datatype: float32}
# - {name: response, datatype: float32}
# meta: !!omap
# - {band_name: F487N}
# - {group_name: WFC3_UVIS1}
wavelength response
4337.98730 0.0
4819.98584 0.000435
4820.81104 0.000512
4821.63623 0.000607
4822.45996 0.000735
4823.28613 0.000889
4824.11084 0.00107
4824.93604 0.001291
4825.76221 0.001579
4826.58691 0.001947
4827.41309 0.002417
4828.23877 0.00302
4829.06494 0.003768
4829.89111 0.004682
4830.71777 0.005839
4831.54395 0.007506
4832.37109 0.009637
4833.19678 0.012323
4834.02393 0.015707
4834.85205 0.02003
4835.67920 0.026045
4836.50586 0.034167
4837.33301 0.044363
4838.16113 0.05716
4838.98877 0.072986
4839.81689 0.092023
4840.64502 0.113995
4841.47314 0.137292
4842.30078 0.160649
4843.12988 0.182503
4843.95801 0.201599
4844.78711 0.217325
4845.61621 0.228474
4846.44482 0.236209
4847.27393 0.241306
4848.10400 0.244376
4848.93311 0.246064
4849.76318 0.247054
4850.59180 0.247564
4851.42188 0.247773
4852.25195 0.247918
4853.08301 0.248147
4853.91309 0.248471
4854.74316 0.248672
4855.57422 0.248879
4856.40381 0.248663
4857.23486 0.248629
4858.06592 0.248545
4858.89697 0.248003
4859.72900 0.247444
4860.56006 0.246486
4861.39209 0.245678
4862.22412 0.24499
4863.05518 0.244277
4863.88721 0.243524
4864.72021 0.243311
4865.55176 0.242552
4866.38379 0.242098
4867.21680 0.241972
4868.04980 0.242011
4868.88184 0.242086
4869.71484 0.242499
4870.54883 0.242931
4871.38184 0.243512
4872.21484 0.244275
4873.04883 0.245279
4873.88281 0.246421
4874.71680 0.246913
4875.55078 0.248024
4876.38477 0.248988
4877.21924 0.249837
4878.05420 0.25058
4878.88818 0.251209
4879.72314 0.251852
4880.55811 0.25191
4881.39307 0.251969
4882.22803 0.251983
4883.06299 0.251879
4883.89795 0.251526
4884.73389 0.250559
4885.56982 0.249565
4886.40576 0.248545
4887.24219 0.247343
4888.07812 0.245871
4888.91406 0.244105
4889.75000 0.242031
4890.58691 0.240127
4891.42383 0.23743
4892.26123 0.234581
4893.09814 0.231411
4893.93506 0.227552
4894.77197 0.22319
4895.60986 0.217635
4896.44678 0.210821
4897.28516 0.202508
4898.12305 0.192535
4898.96094 0.180907
4899.79883 0.16781
4900.63721 0.152445
4901.47607 0.136027
4902.31396 0.118904
4903.15283 0.101994
4903.99219 0.08599
4904.83105 0.071067
4905.66992 0.058115
4906.50879 0.046936
4907.34912 0.037573
4908.18799 0.02989
4909.02783 0.023654
4909.86816 0.018683
4910.70801 0.014962
4911.54785 0.012034
4912.38916 0.009673
4913.22900 0.007778
4914.06982 0.006263
4914.91113 0.005054
4915.75098 0.004078
4916.59180 0.003324
4917.43408 0.002725
4918.27490 0.002231
4919.11621 0.001826
4919.95801 0.001499
4920.79980 0.00122
4921.64209 0.001021
4922.48389 0.000848
4923.32617 0.000705
4924.16797 0.000592
4925.01123 0.000503
4925.85303 0.000423
5418.43848 0.0
