threeML/data/optical_filters/HST/WFC3_UVIS1-FQ750N.ecsv
# %ECSV 0.9
# ---
# datatype:
# - {name: wavelength, unit: Angstrom, datatype: float32}
# - {name: response, datatype: float32}
# meta: !!omap
# - {band_name: FQ750N}
# - {group_name: WFC3_UVIS1}
wavelength response
6677.41846 0.0
7419.35400 0.000422
7420.62305 0.000461
7421.89307 0.00051
7423.16309 0.000563
7424.43311 0.000628
7425.70312 0.000706
7426.97314 0.000781
7428.24414 0.000861
7429.51514 0.00098
7430.78613 0.001084
7432.05811 0.001216
7433.32910 0.001368
7434.60107 0.00154
7435.87305 0.001728
7437.14502 0.001983
7438.41699 0.002239
7439.68994 0.002527
7440.96289 0.002909
7442.23584 0.003329
7443.50977 0.003811
7444.78320 0.004423
7446.05713 0.005106
7447.33105 0.005928
7448.60498 0.006873
7449.87891 0.00808
7451.15381 0.009521
7452.42920 0.011186
7453.70410 0.013174
7454.97900 0.01562
7456.25488 0.018715
7457.53076 0.022245
7458.80713 0.026806
7460.08301 0.031998
7461.35889 0.038052
7462.63623 0.045607
7463.91309 0.05458
7465.18896 0.065027
7466.46680 0.07607
7467.74414 0.088747
7469.02197 0.102381
7470.29980 0.115544
7471.57812 0.129416
7472.85596 0.141665
7474.13477 0.152075
7475.41406 0.160886
7476.69189 0.16769
7477.97217 0.172486
7479.25098 0.175991
7480.53076 0.177622
7481.81104 0.178598
7483.09082 0.179213
7484.37109 0.179019
7485.65186 0.179128
7486.93311 0.179089
7488.21289 0.179278
7489.49512 0.17945
7490.77588 0.179869
7492.05811 0.180432
7493.33887 0.181166
7494.62207 0.181909
7495.90381 0.182596
7497.18701 0.1829
7498.46924 0.183356
7499.75195 0.183929
7501.03516 0.184055
7502.31885 0.183499
7503.60205 0.183395
7504.88623 0.182711
7506.16992 0.182234
7507.45508 0.18126
7508.73877 0.18044
7510.02295 0.179521
7511.30908 0.178532
7512.59424 0.177842
7513.87891 0.177187
7515.16504 0.176609
7516.45020 0.1765
7517.73584 0.176446
7519.02197 0.176336
7520.30908 0.176372
7521.59619 0.176264
7522.88281 0.175606
7524.16992 0.174857
7525.45703 0.172666
7526.74512 0.169539
7528.03320 0.164846
7529.32080 0.158388
7530.60889 0.150293
7531.89697 0.139935
7533.18604 0.128391
7534.47510 0.115398
7535.76416 0.102562
7537.05322 0.089977
7538.34277 0.077412
7539.63184 0.066191
7540.92188 0.055946
7542.21289 0.047397
7543.50293 0.040097
7544.79395 0.033607
7546.08398 0.028267
7547.37598 0.023644
7548.66699 0.019991
7549.95801 0.016953
7551.25000 0.014367
7552.54199 0.012249
7553.83398 0.010391
7555.12695 0.008959
7556.41895 0.007682
7557.71191 0.006654
7559.00488 0.005761
7560.29883 0.004966
7561.59180 0.004364
7562.88623 0.003784
7564.18018 0.003327
7565.47412 0.002912
7566.76904 0.002566
7568.06299 0.002283
7569.35791 0.002024
7570.65283 0.00181
7571.94922 0.001611
7573.24414 0.001427
7574.54004 0.001279
7575.83594 0.001139
7577.13184 0.001022
7578.42822 0.000932
7579.72510 0.00083
7581.02197 0.000759
7582.31885 0.000687
7583.61621 0.00062
7584.91406 0.000559
7586.21094 0.000511
7587.50879 0.000471
7588.80811 0.000429
8347.68848 0.0
