threeML/data/optical_filters/HST/WFC3_UVIS2-F555W.ecsv
# %ECSV 0.9
# ---
# datatype:
# - {name: wavelength, unit: Angstrom, datatype: float32}
# - {name: response, datatype: float32}
# meta: !!omap
# - {band_name: F555W}
# - {group_name: WFC3_UVIS2}
wavelength response
3922.94971 0.0
4358.83301 0.000419
4359.57910 0.000442
4360.32520 0.000465
4361.07080 0.000489
4361.81689 0.000537
4362.56299 0.000592
4363.31006 0.000648
4364.05713 0.000703
4364.80322 0.000758
4365.54980 0.000813
4366.29688 0.000868
4367.04395 0.000924
4367.79102 0.000979
4368.53906 0.001034
4369.28613 0.00109
4370.03418 0.001145
4370.78076 0.0012
4371.52881 0.001282
4372.27686 0.001404
4373.02490 0.001525
4373.77295 0.001647
4374.52100 0.001768
4375.27002 0.00189
4376.01904 0.002011
4376.76709 0.002133
4377.51611 0.002255
4378.26514 0.002377
4379.01416 0.002499
4379.76318 0.002621
4380.51318 0.002742
4381.26221 0.002869
4382.01221 0.003113
4382.76221 0.003356
4383.51123 0.003599
4384.26123 0.003842
4385.01221 0.004086
4385.76221 0.004329
4386.51221 0.004573
4387.26318 0.004817
4388.01318 0.00506
4388.76416 0.005304
4389.51514 0.005548
4390.26611 0.005792
4391.01709 0.006036
4391.76904 0.006422
4392.52002 0.006866
4393.27100 0.00731
4394.02295 0.007754
4394.77490 0.008198
4395.52686 0.008642
4396.27881 0.009087
4397.03076 0.009532
4397.78320 0.009976
4398.53613 0.010421
4399.28906 0.010866
4400.04102 0.011311
4400.79395 0.011757
4401.54688 0.012308
4402.29980 0.01301
4403.05322 0.013712
4403.80713 0.014415
4404.56006 0.015117
4405.31299 0.01582
4406.06689 0.016523
4406.82080 0.017227
4407.57520 0.01793
4408.32910 0.018634
4409.08301 0.019338
4409.83789 0.020042
4410.59180 0.020746
4411.34717 0.021494
4412.10205 0.022505
4412.85596 0.023516
4413.61084 0.024527
4414.36719 0.025539
4415.12207 0.026552
4415.87695 0.027564
4416.63281 0.028576
4417.38916 0.02959
4418.14502 0.030603
4418.89990 0.031616
4419.65576 0.03263
4420.41309 0.033646
4421.16895 0.034663
4421.92480 0.035956
4422.68213 0.037278
4423.43799 0.038602
4424.19482 0.039926
4424.95215 0.041251
4425.70898 0.042577
4426.46680 0.043903
4427.22412 0.04523
4427.98096 0.046557
4428.73877 0.047885
4429.49707 0.049212
4430.25391 0.050541
4431.01318 0.051869
4431.77100 0.053376
4432.52881 0.054964
4433.28809 0.056553
4434.04590 0.058142
4434.80518 0.059731
4435.56299 0.061322
4436.32178 0.062912
4437.08105 0.064503
4437.83984 0.066095
4438.60010 0.067688
4439.35889 0.06928
4440.11914 0.070874
4440.87793 0.072469
4441.63818 0.074095
4442.39795 0.075752
4443.15820 0.07741
4443.91797 0.079068
4444.67920 0.080727
4445.43896 0.082386
4446.20020 0.084046
4446.95996 0.085707
4447.72119 0.087368
4448.48193 0.089031
4449.24316 0.090692
4450.00488 0.092356
4450.76611 0.09402
4451.52686 0.095691
4452.28906 0.097378
4453.05078 0.099065
4453.81299 0.100753
4454.57520 0.10244
4455.33691 0.104129
4456.09912 0.105818
4456.86182 0.107509
4457.62402 0.109199
4458.38721 0.11089
4459.14990 0.112583
4459.91309 0.114275
4460.67578 0.115974
4461.43896 0.117656
4462.20215 0.119279
4462.96582 0.120902
4463.72900 0.122527
4464.49316 0.124152
4465.25684 0.125777
4466.02100 0.127404
4466.78516 0.129031
4467.54883 0.13066
4468.31299 0.132288
4469.07812 0.133918
4469.84277 0.135549
4470.60693 0.137173
4471.37305 0.138773
4472.13721 0.140245
4472.90186 0.141718
4473.66797 0.143192
4474.43311 0.144666
4475.19922 0.146141
4475.96387 0.147616
4476.72998 0.149092
4477.49609 0.150568
4478.26221 0.152045
4479.02783 0.153522
4479.79492 0.155001
4480.56201 0.15648
4481.32812 0.157935
4482.09521 0.159157
4482.86084 0.16038
4483.62793 0.161603
4484.39600 0.162827
4485.16309 0.164051
4485.93018 0.165275
4486.69824 0.166501
4487.46484 0.167726
4488.23291 0.168952
4489.00098 0.170178
4489.76904 0.171405
4490.53809 0.172633
4491.30615 0.173851
4492.07422 0.174922
4492.84277 0.175992
4493.61084 0.177063
4494.37988 0.178135
4495.14893 0.179207
4495.91797 0.18028
4496.68701 0.181352
4497.45703 0.182425
4498.22705 0.183499
4498.99609 0.184573
4499.76611 0.185647
4500.53613 0.186716
4501.30615 0.187774
4502.07617 0.188711
4502.84619 0.189649
4503.61719 0.190586
4504.38721 0.191524
4505.15820 0.192462
4505.92920 0.1934
4506.69922 0.194338
4507.47119 0.195277
4508.24219 0.196216
4509.01318 0.197155
4509.78516 0.198095
4510.55615 0.199044
4511.32812 0.199983
4512.10010 0.200762
4512.87207 0.201541
4513.64404 0.202321
4514.41602 0.203101
4515.18799 0.203882
4515.96094 0.204662
4516.73389 0.205444
4517.50586 0.206225
4518.27881 0.207007
4519.05176 0.207788
4519.82617 0.208571
4520.59912 0.209343
4521.37305 0.210091
4522.14600 0.2107
4522.91895 0.211309
4523.69287 0.211918
4524.46680 0.212528
4525.24219 0.213138
4526.01611 0.213748
4526.79004 0.214358
4527.56494 0.214969
4528.33887 0.215579
4529.11377 0.21619
4529.88916 0.216801
4530.66406 0.217412
4531.43896 0.218008
4532.21387 0.218547
4532.99023 0.219087
4533.76611 0.219626
4534.54199 0.220166
4535.31689 0.220706
4536.09277 0.221246
4536.86914 0.221786
4537.64600 0.222327
4538.42188 0.222867
4539.19824 0.223408
4539.97510 0.223949
4540.75098 0.22449
4541.52881 0.224989
4542.30615 0.225402
4543.08301 0.225816
4543.85986 0.226229
4544.63818 0.226643
4545.41504 0.227056
4546.19287 0.22747
4546.97119 0.227884
4547.74902 0.228298
4548.52686 0.228712
4549.30518 0.229126
4550.08301 0.22954
4550.86182 0.229955
4551.64014 0.230353
4552.41895 0.230732
4553.19824 0.231112
4553.97705 0.231492
4554.75586 0.231872
4555.53613 0.232252
4556.31494 0.232632
4557.09521 0.233012
4557.87402 0.233392
4558.65381 0.233772
4559.43408 0.234153
4560.21387 0.234538
4560.99414 0.234934
4561.77490 0.235294
4562.55518 0.235633
4563.33594 0.235973
4564.11719 0.236312
4564.89697 0.236652
4565.67920 0.236991
4566.45898 0.237331
4567.24121 0.237671
4568.02197 0.238011
4568.80420 0.238352
4569.58496 0.238692
4570.36816 0.239025
4571.14893 0.23935
4571.93213 0.239604
4572.71387 0.239844
4573.49609 0.240084
4574.27881 0.240324
4575.06104 0.240564
4575.84424 0.240805
4576.62695 0.241045
4577.41016 0.241285
4578.19287 0.241526
4578.97705 0.241766
4579.75977 0.242007
4580.54297 0.242248
4581.32715 0.242485
4582.11084 0.24267
4582.89502 0.242855
4583.67920 0.24304
4584.46289 0.243226
4585.24805 0.243411
4586.03223 0.243596
4586.81689 0.243781
4587.60205 0.243967
4588.38721 0.244152
4589.17090 0.244337
4589.95703 0.244523
4590.74219 0.244708
4591.52686 0.244885
4592.31299 0.24504
4593.09912 0.245195
4593.88477 0.24535
4594.67090 0.245506
4595.45703 0.245661
4596.24316 0.245817
4597.02881 0.245972
4597.81592 0.246128
4598.60303 0.246283
4599.39014 0.246439
4600.17578 0.246594
4600.96289 0.24675
4601.75000 0.246921
4602.53809 0.247103
4603.32520 0.247284
4604.11279 0.247466
4604.90088 0.247647
4605.68799 0.247829
4606.47705 0.248011
4607.26514 0.248192
4608.05322 0.248374
4608.84082 0.248556
4609.62988 0.248738
4610.41895 0.248929
4611.20801 0.249128
4611.99707 0.249285
4612.78613 0.249437
4613.57520 0.24959
4614.36377 0.249742
4615.15381 0.249895
4615.94287 0.250048
4616.73291 0.2502
4617.52295 0.250353
4618.31299 0.250506
4619.10303 0.250659
4619.89404 0.250812
4620.68408 0.25095
4621.47510 0.251084
4622.26514 0.25121
4623.05615 0.251335
4623.84717 0.251461
4624.63818 0.251587
4625.42920 0.251713
4626.22119 0.251839
4627.01221 0.251965
4627.80420 0.252091
4628.59619 0.252217
4629.38818 0.252343
4630.18018 0.252468
4630.97217 0.252589
4631.76416 0.252714
4632.55713 0.252842
4633.34912 0.252969
4634.14209 0.253096
4634.93506 0.253224
4635.72803 0.253351
4636.52100 0.253478
4637.31396 0.253606
4638.10791 0.253734
4638.90088 0.253861
4639.69482 0.253989
4640.48877 0.254116
4641.28320 0.254244
4642.07715 0.254348
4642.87109 0.254452
4643.66602 0.254557
4644.45996 0.254661
4645.25488 0.254765
4646.04883 0.254869
4646.84424 0.254973
4647.64014 0.255078
4648.43506 0.255182
4649.22998 0.255286
4650.02490 0.25539
4650.82080 0.255495
4651.61719 0.255593
4652.41309 0.255681
4653.20801 0.25577
4654.00488 0.255858
4654.80078 0.255947
4655.59717 0.256036
4656.39404 0.256124
4657.18994 0.256213
4657.98682 0.256301
4658.78418 0.25639
4659.58203 0.256479
4660.37891 0.256567
4661.17578 0.256656
4661.97412 0.256787
4662.77100 0.256926
4663.56885 0.257065
4664.36719 0.257205
4665.16504 0.257344
4665.96289 0.257483
4666.76123 0.257622
4667.56006 0.257762
4668.35791 0.257901
4669.15723 0.25804
4669.95605 0.25818
4670.75488 0.258336
4671.55420 0.258474
4672.35400 0.25857
4673.15283 0.258666
4673.95312 0.258762
4674.75195 0.258858
4675.55176 0.258954
4676.35205 0.25905
4677.15186 0.259146
4677.95215 0.259242
4678.75293 0.259339
4679.55322 0.259435
4680.35400 0.259523
4681.15479 0.259602
4681.95605 0.259665
4682.75684 0.259725
4683.55811 0.259784
4684.35889 0.259844
4685.16113 0.259903
4685.96191 0.259962
4686.76416 0.260022
4687.56592 0.260082
4688.36816 0.260141
4689.16992 0.260201
4689.97217 0.26026
4690.77490 0.26032
4691.57715 0.260378
4692.37988 0.260432
4693.18311 0.260487
4693.98584 0.260542
4694.78906 0.260596
4695.59180 0.260651
4696.39600 0.260706
4697.19922 0.260761
4698.00293 0.260815
4698.80713 0.26087
4699.60986 0.260925
4700.41504 0.26098
4701.21924 0.261035
4702.02295 0.261056
4702.82812 0.261073
4703.63184 0.261091
4704.43701 0.261108
4705.24219 0.261125
4706.04688 0.261142
4706.85205 0.26116
4707.65820 0.261177
4708.46289 0.261194
4709.26904 0.261211
4710.07422 0.261229
4710.87988 0.261246
4711.68604 0.261296
4712.49219 0.261385
4713.29785 0.261473
4714.10498 0.261562
4714.91211 0.261651
4715.71777 0.26174
4716.52490 0.261828
4717.33203 0.261917
4718.13916 0.262006
4718.94580 0.262095
4719.75391 0.262184
4720.56201 0.262273
4721.36914 0.262361
4722.17676 0.262435
4722.98486 0.26251
4723.79297 0.262585
4724.60107 0.26266
4725.40918 0.262735
4726.21777 0.26281
4727.02588 0.262885
4727.83496 0.26296
4728.64404 0.263034
4729.45312 0.263109
4730.26221 0.263184
4731.07178 0.263259
4731.88086 0.263341
4732.69092 0.263426
4733.50000 0.263512
4734.31104 0.263597
4735.12109 0.263682
4735.93115 0.263767
4736.74121 0.263852
4737.55078 0.263938
4738.36182 0.264023
4739.17188 0.264108
4739.98291 0.264194
4740.79395 0.264297
4741.60498 0.264386
4742.41699 0.264447
4743.22803 0.264507
4744.04004 0.264568
4744.85205 0.264629
4745.66309 0.26469
4746.47510 0.264751
4747.28711 0.264812
4748.10010 0.264873
4748.91211 0.264934
4749.72510 0.264995
4750.53711 0.265043
4751.35010 0.265087
4752.16309 0.265184
4752.97607 0.26528
4753.78906 0.265376
4754.60303 0.265473
4755.41602 0.265569
4756.22900 0.265665
4757.04297 0.265762
4757.85693 0.265858
4758.67090 0.265955
4759.48486 0.266051
4760.29980 0.266147
4761.11377 0.266244
4761.92920 0.266299
4762.74414 0.266338
4763.55908 0.266378
4764.37402 0.266418
4765.18799 0.266458
4766.00391 0.266498
4766.81885 0.266537
4767.63477 0.266577
4768.45117 0.266617
4769.26709 0.266657
4770.08301 0.266697
4770.89795 0.266737
4771.71484 0.266777
4772.53076 0.266819
4773.34814 0.26686
4774.16504 0.266902
4774.98096 0.266944
4775.79785 0.266985
4776.61523 0.267026
4777.43311 0.267068
4778.25000 0.26711
4779.06689 0.267151
4779.88477 0.267193
4780.70312 0.267234
4781.52100 0.267285
4782.33887 0.267365
4783.15723 0.267445
4783.97607 0.267525
4784.79395 0.267605
4785.61279 0.267685
4786.43213 0.267766
4787.25000 0.267846
4788.06982 0.267926
4788.88916 0.268006
4789.70801 0.268087
4790.52783 0.268167
4791.34717 0.268247
4792.16699 0.268317
4792.98682 0.268387
4793.80713 0.268458
4794.62695 0.268528
4795.44824 0.268598
4796.26807 0.268668
4797.08887 0.268739
4797.91016 0.268809
4798.72998 0.268879
4799.55078 0.26895
4800.37305 0.26902
4801.19385 0.269091
4802.01611 0.26917
4802.83691 0.269251
4803.65918 0.269332
4804.47998 0.269413
4805.30322 0.269494
4806.12500 0.269576
4806.94678 0.269657
4807.77002 0.269738
4808.59180 0.269819
4809.41504 0.269901
4810.23779 0.269987
4811.06104 0.270087
4811.88379 0.270163
4812.70703 0.270224
4813.53076 0.270286
4814.35400 0.270348
4815.17822 0.270409
4816.00098 0.270471
4816.82617 0.270533
4817.64990 0.270595
4818.47412 0.270656
4819.29785 0.270718
4820.12305 0.270777
4820.94824 0.27082
4821.77197 0.270879
4822.59814 0.270952
4823.42285 0.271026
4824.24805 0.271099
4825.07324 0.271172
4825.89893 0.271246
4826.72510 0.271319
4827.54980 0.271393
4828.37598 0.271466
4829.20312 0.27154
4830.02881 0.271614
4830.85498 0.271685
4831.68213 0.271748
4832.50781 0.2718
4833.33496 0.271852
4834.16211 0.271904
4834.98877 0.271956
4835.81592 0.272009
4836.64404 0.272061
4837.47119 0.272113
4838.29883 0.272165
4839.12695 0.272217
4839.95508 0.272269
4840.78320 0.272322
4841.61084 0.272379
4842.43896 0.272448
4843.26807 0.272517
4844.09717 0.272586
4844.92480 0.272655
4845.75391 0.272724
4846.58301 0.272793
4847.41309 0.272863
4848.24219 0.272932
4849.07178 0.273001
4849.90088 0.27307
4850.73096 0.273139
4851.56104 0.273194
4852.39111 0.273207
4853.22119 0.273221
4854.05176 0.273234
4854.88184 0.273247
4855.71289 0.273261
4856.54297 0.273274
4857.37500 0.273287
4858.20605 0.2733
4859.03711 0.273314
4859.86816 0.273327
4860.70020 0.27334
4861.53076 0.273351
4862.36279 0.273355
4863.19482 0.273358
4864.02686 0.273361
4864.85889 0.273365
4865.69092 0.273368
4866.52393 0.273371
4867.35693 0.273375
4868.18896 0.273378
4869.02197 0.273381
4869.85498 0.273385
4870.68799 0.273388
4871.52197 0.2734
4872.35498 0.273451
4873.18896 0.273502
4874.02295 0.273553
4874.85693 0.273604
4875.69092 0.273655
4876.52490 0.273706
4877.35889 0.273757
4878.19385 0.273807
4879.02783 0.273858
4879.86279 0.273909
4880.69824 0.27396
4881.53320 0.274009
4882.36914 0.274047
4883.20410 0.274084
4884.04004 0.274122
4884.87500 0.27416
4885.71094 0.274197
4886.54688 0.274235
4887.38281 0.274273
4888.21924 0.274311
4889.05518 0.274349
4889.89209 0.274386
4890.72900 0.274441
4891.56494 0.274498
4892.40186 0.274554
4893.23877 0.274609
4894.07617 0.274664
4894.91406 0.27472
4895.75098 0.274775
4896.58887 0.274831
4897.42676 0.274886
4898.26514 0.274942
4899.10303 0.274997
4899.94092 0.275053
4900.77881 0.27509
4901.61816 0.275131
4902.45703 0.275184
4903.29492 0.275238
4904.13379 0.275291
4904.97314 0.275344
4905.81299 0.275397
4906.65186 0.27545
4907.49121 0.275503
4908.33105 0.275556
4909.16992 0.275609
4910.01123 0.275663
4910.85107 0.275716
4911.69092 0.275762
4912.53076 0.275797
4913.37207 0.275833
4914.21191 0.275868
4915.05322 0.275904
4915.89404 0.275939
4916.73486 0.275974
4917.57715 0.27601
4918.41797 0.276045
4919.25879 0.27608
4920.10107 0.276116
4920.94287 0.276151
4921.78516 0.276173
4922.62695 0.276182
4923.46924 0.276189
4924.31201 0.276198
4925.15381 0.276206
4925.99707 0.276214
4926.83887 0.276222
4927.68213 0.27623
4928.52490 0.276238
4929.36914 0.276246
4930.21191 0.276254
4931.05615 0.276262
4931.89893 0.276308
4932.74316 0.276377
4933.58691 0.276445
4934.43115 0.276514
4935.27490 0.276583
4936.12012 0.276651
4936.96387 0.27672
4937.80908 0.276789
4938.65381 0.276858
4939.49902 0.276927
4940.34424 0.276995
4941.18896 0.277064
4942.03516 0.277097
4942.87988 0.277119
4943.72607 0.277141
4944.57178 0.277162
4945.41797 0.277184
4946.26416 0.277206
4947.10986 0.277228
4947.95703 0.27725
4948.80322 0.277272
4949.64990 0.277294
4950.49707 0.277316
4951.34424 0.277338
4952.19092 0.277378
4953.03809 0.27742
4953.88623 0.277462
4954.73291 0.277503
4955.58105 0.277545
4956.42920 0.277586
4957.27686 0.277628
4958.12500 0.277669
4958.97314 0.277711
4959.82178 0.277752
4960.66992 0.277794
4961.51904 0.277839
4962.36816 0.277901
4963.21680 0.277963
4964.06592 0.278024
4964.91602 0.278086
4965.76514 0.278148
4966.61523 0.27821
4967.46387 0.278272
4968.31396 0.278334
4969.16504 0.278396
4970.01514 0.278458
4970.86523 0.27852
4971.71484 0.278566
4972.56592 0.278587
4973.41699 0.278608
4974.26807 0.278629
4975.11914 0.27865
4975.97021 0.278671
4976.82080 0.278691
4977.67285 0.278712
4978.52393 0.278733
4979.37598 0.278754
4980.22803 0.278775
4981.08105 0.278796
4981.93311 0.278837
4982.78516 0.27889
4983.63818 0.278942
4984.49023 0.278995
4985.34277 0.279047
4986.19580 0.2791
4987.04883 0.279152
4987.90186 0.279205
4988.75586 0.279258
4989.60889 0.27931
4990.46289 0.279374
4991.31689 0.279447
4992.17090 0.27946
4993.02490 0.279469
4993.87891 0.279477
4994.73291 0.279485
4995.58789 0.279493
4996.44287 0.279501
4997.29785 0.279509
4998.15283 0.279517
4999.00781 0.279525
4999.86279 0.279533
