threeML/data/optical_filters/HST/WFC3_UVIS1-F300X.ecsv
# %ECSV 0.9
# ---
# datatype:
# - {name: wavelength, unit: Angstrom, datatype: float32}
# - {name: response, datatype: float32}
# meta: !!omap
# - {band_name: F300X}
# - {group_name: WFC3_UVIS1}
wavelength response
[from data line 805]
2346.02905 0.030637
2346.42993 0.030876
2346.83203 0.031116
2347.23291 0.031356
2347.63501 0.031596
2348.03711 0.031836
2348.43799 0.032077
2348.84009 0.032318
2349.24194 0.032559
2349.64404 0.032801
2350.04590 0.033043
2350.44800 0.033285
2350.85010 0.03354
2351.25195 0.033824
2351.65503 0.034108
2352.05688 0.034392
2352.45898 0.034676
2352.86206 0.034961
2353.26392 0.035246
2353.66699 0.035532
2354.07007 0.035818
2354.47290 0.036104
2354.87500 0.03639
2355.27808 0.036677
2355.68091 0.036964
2356.08398 0.037252
2356.48804 0.03754
2356.89111 0.037828
2357.29395 0.038117
2357.69702 0.038405
2358.10107 0.038695
2358.50391 0.038984
2358.90796 0.039274
2359.31104 0.039564
2359.71509 0.039855
2360.11890 0.040145
2360.52197 0.040435
2360.92603 0.040751
2361.33008 0.041092
2361.73389 0.041433
2362.13794 0.041775
2362.54199 0.042117
2362.94702 0.04246
2363.35107 0.042803
2363.75488 0.043146
2364.15991 0.04349
2364.56396 0.043834
2364.96899 0.044179
2365.37402 0.044524
2365.77808 0.044869
2366.18311 0.045215
2366.58789 0.045561
2366.99292 0.045907
2367.39795 0.046254
2367.80298 0.046601
2368.20801 0.046949
2368.61304 0.047297
2369.01807 0.047645
2369.42407 0.047994
2369.82910 0.048343
2370.23389 0.048693
2370.63989 0.049044
2371.04590 0.049437
2371.45093 0.049841
2371.85693 0.050245
2372.26294 0.050651
2372.66895 0.051056
2373.07495 0.051462
2373.48096 0.051868
2373.88696 0.052275
2374.29297 0.052682
2374.69897 0.05309
2375.10498 0.053498
2375.51196 0.053906
2375.91797 0.054315
2376.32495 0.054725
2376.73096 0.055135
2377.13794 0.055545
2377.54492 0.055956
2377.95093 0.056368
2378.35791 0.05678
2378.76489 0.057192
2379.17212 0.057605
2379.57910 0.058019
2379.98706 0.058432
2380.39404 0.058846
2380.80103 0.05927
2381.20801 0.059731
2381.61597 0.060194
2382.02295 0.060656
2382.43091 0.06112
2382.83789 0.061584
2383.24609 0.062048
2383.65405 0.062513
2384.06201 0.062978
2384.46899 0.063444
2384.87695 0.063911
2385.28589 0.064378
2385.69409 0.064846
2386.10205 0.065314
2386.51001 0.065783
2386.91797 0.066252
2387.32690 0.066721
2387.73511 0.067192
2388.14404 0.067663
2388.55200 0.068134
2388.96094 0.068606
2389.37012 0.069078
2389.77905 0.069551
2390.18799 0.070023
2390.59595 0.070494
2391.00488 0.070992
2391.41504 0.071502
2391.82397 0.072013
2392.23291 0.072524
2392.64209 0.073036
2393.05200 0.073548
2393.46094 0.074061
2393.87109 0.074575
2394.28003 0.075089
2394.68994 0.075603
2395.09912 0.076119
2395.50903 0.076634
2395.91895 0.077151
2396.32910 0.077667
2396.73901 0.078185
2397.14893 0.078703
2397.55908 0.079221
2397.96899 0.07974
2398.37988 0.080259
2398.79004 0.080779
2399.19995 0.0813
2399.61108 0.081821
2400.02100 0.08234
2400.43188 0.082822
2400.84302 0.08331
2401.25391 0.083814
2401.66504 0.084319
2402.07495 0.084823
2402.48608 0.085328
2402.89697 0.085833
2403.30908 0.086338
2403.71997 0.086843
2404.13110 0.087348
2404.54199 0.087852
2404.95410 0.088358
2405.36499 0.088863
2405.77710 0.089368
2406.18799 0.089873
2406.60010 0.090378
2407.01196 0.090884
2407.42407 0.091389
2407.83496 0.091894
2408.24805 0.0924
2408.65991 0.092906
2409.07202 0.093411
2409.48389 0.093917
2409.89600 0.094422
2410.30811 0.094928
2410.72095 0.095433
2411.13306 0.095937
2411.54590 0.09644
2411.95801 0.096943
2412.37109 0.097446
2412.78394 0.09795
2413.19702 0.098453
2413.61011 0.098957
2414.02197 0.09946
2414.43604 0.099964
2414.84912 0.100467
2415.26196 0.100971
2415.67505 0.101474
2416.08789 0.101978
2416.50195 0.102482
2416.91504 0.102986
2417.32910 0.10349
2417.74194 0.103994
2418.15601 0.104498
2418.57007 0.105002
2418.98291 0.105506
2419.39697 0.10601
2419.81104 0.106514
2420.22510 0.107018
2420.63892 0.107522
2421.05298 0.108006
2421.46802 0.108483
2421.88208 0.108961
2422.29590 0.109439
2422.71094 0.109917
2423.12500 0.110395
2423.54004 0.110872
2423.95508 0.11135
2424.36890 0.111828
2424.78394 0.112306
2425.19897 0.112784
2425.61401 0.113262
2426.02905 0.11374
2426.44409 0.114218
2426.85889 0.114696
2427.27393 0.115175
2427.68994 0.115653
2428.10498 0.116131
2428.52100 0.11661
2428.93604 0.117088
2429.35205 0.117566
2429.76709 0.118045
2430.18311 0.118518
2430.59912 0.118985
2431.01489 0.119417
2431.43091 0.119832
2431.84595 0.120247
2432.26294 0.120663
2432.67896 0.121077
2433.09497 0.121492
2433.51099 0.121907
2433.92798 0.122322
2434.34399 0.122737
2434.76001 0.123151
2435.17700 0.123566
2435.59399 0.123981
2436.01001 0.124395
2436.42700 0.12481
2436.84399 0.125224
2437.26099 0.125639
2437.67798 0.126053
2438.09497 0.126467
2438.51196 0.126882
2438.92896 0.127296
2439.34692 0.12771
2439.76392 0.128124
2440.18188 0.12854
2440.59912 0.128959
2441.01709 0.129336
2441.43408 0.129692
2441.85205 0.130048
2442.27002 0.130404
2442.68799 0.13076
2443.10596 0.131115
2443.52393 0.131471
2443.94189 0.131827
2444.36011 0.132183
2444.77808 0.132538
2445.19604 0.132894
2445.61499 0.13325
2446.03296 0.133605
2446.45190 0.133961
2446.87012 0.134317
2447.28906 0.134672
2447.70801 0.135028
2448.12598 0.135383
2448.54492 0.135739
2448.96411 0.136094
2449.38306 0.13645
2449.80200 0.136805
2450.22095 0.137161
2450.64111 0.137516
2451.06006 0.13781
2451.47900 0.138085
2451.89893 0.138359
2452.31812 0.138634
2452.73804 0.138908
2453.15698 0.139183
2453.57690 0.139457
2453.99707 0.139732
2454.41699 0.140006
2454.83691 0.140281
2455.25708 0.140555
2455.67700 0.140829
2456.09692 0.141104
2456.51709 0.141378
2456.93701 0.141653
2457.35791 0.141927
2457.77808 0.142201
2458.19897 0.142476
2458.61890 0.14275
2459.04004 0.143024
2459.46094 0.143298
2459.88208 0.143573
2460.30200 0.143843
2460.72290 0.144111
2461.14502 0.144312
2461.56494 0.144508
2461.98706 0.144705
2462.40796 0.144901
2462.82910 0.145098
2463.25000 0.145294
2463.67212 0.145491
2464.09399 0.145687
2464.51489 0.145883
2464.93701 0.14608
2465.35889 0.146276
2465.78003 0.146473
2466.20190 0.146669
2466.62402 0.146865
2467.04590 0.147061
2467.46802 0.147257
2467.89111 0.147454
2468.31299 0.14765
2468.73511 0.147846
2469.15698 0.148042
2469.58008 0.148238
2470.00195 0.148434
2470.42505 0.148636
2470.84790 0.148821
2471.27100 0.148953
2471.69312 0.149086
2472.11597 0.149218
2472.53906 0.149351
2472.96191 0.149483
2473.38501 0.149616
2473.80908 0.149748
2474.23193 0.14988
2474.65503 0.150013
2475.07788 0.150145
2475.50195 0.150278
2475.92603 0.15041
2476.34912 0.150542
2476.77295 0.150675
2477.19702 0.150807
2477.62012 0.150939
2478.04395 0.151072
2478.46802 0.151204
2478.89209 0.151336
2479.31592 0.151468
2479.74097 0.151601
2480.16504 0.151733
2480.58911 0.151865
2481.01392 0.151961
2481.43799 0.152036
2481.86304 0.152111
2482.28711 0.152185
2482.71191 0.152259
2483.13696 0.152334
2483.56201 0.152408
2483.98706 0.152483
2484.41211 0.152557
2484.83691 0.152632
2485.26196 0.152706
2485.68701 0.152781
2486.11206 0.152855
2486.53809 0.152929
2486.96289 0.153004
2487.38892 0.153078
2487.81396 0.153152
2488.23999 0.153227
2488.66602 0.153301
2489.09106 0.153375
2489.51709 0.15345
2489.94312 0.153524
2490.36890 0.153593
2490.79492 0.153657
2491.22095 0.153682
2491.64795 0.153706
2492.07397 0.153731
2492.50000 0.153756
2492.92700 0.15378
2493.35303 0.153805
2493.78003 0.15383
2494.20703 0.153854
2494.63306 0.153879
2495.06006 0.153904
2495.48706 0.153928
2495.91406 0.153953
2496.34106 0.153977
2496.76807 0.154002
2497.19507 0.154027
2497.62305 0.154051
2498.05005 0.154076
2498.47705 0.1541
2498.90503 0.154125
2499.33203 0.154149
2499.76001 0.154173
2500.18799 0.154191
2500.61499 0.154199
2501.04297 0.154181
2501.47095 0.154152
2501.89893 0.154122
2502.32690 0.154093
2502.75488 0.154063
2503.18408 0.154034
2503.61206 0.154004
2504.04004 0.153975
2504.46899 0.153945
2504.89697 0.153916
2505.32593 0.153886
2505.75391 0.153856
2506.18311 0.153827
2506.61206 0.153797
2507.04102 0.153767
2507.46997 0.153737
2507.89893 0.153708
2508.32788 0.153678
2508.75708 0.153648
2509.18604 0.153618
2509.61499 0.153589
2510.04492 0.153559
2510.47412 0.153529
2510.90405 0.153493
2511.33301 0.153443
2511.76294 0.153394
2512.19312 0.153344
2512.62305 0.153295
2513.05298 0.153245
2513.48291 0.153195
2513.91309 0.153146
2514.34302 0.153096
2514.77295 0.153046
2515.20288 0.152997
2515.63403 0.152947
2516.06396 0.152897
2516.49390 0.152848
2516.92505 0.152798
2517.35596 0.152748
2517.78589 0.152699
2518.21704 0.152649
2518.64795 0.152599
2519.07910 0.15255
2519.51001 0.1525
2519.94092 0.15245
2520.37207 0.152395
2520.80298 0.152338
2521.23511 0.152271
2521.66602 0.152203
2522.09692 0.152136
2522.52905 0.152068
2522.96094 0.152001
2523.39209 0.151933
2523.82397 0.151865
2524.25610 0.151798
2524.68799 0.15173
2525.12012 0.151663
2525.55200 0.151595
2525.98389 0.151528
2526.41602 0.15146
2526.84790 0.151393
2527.28101 0.151325
2527.71289 0.151257
2528.14600 0.15119
2528.57788 0.151122
2529.01099 0.151055
2529.44312 0.150987
2529.87598 0.15092
2530.30908 0.150856
2530.74194 0.150795
2531.17505 0.150718
2531.60791 0.150641
2532.04102 0.150563
2532.47412 0.150486
2532.90698 0.150409
2533.34106 0.150331
2533.77393 0.150254
2534.20801 0.150176
2534.64209 0.150099
2535.07495 0.150021
2535.50903 0.149944
2535.94312 0.149867
2536.37695 0.149789
2536.81104 0.149712
2537.24512 0.149634
2537.67896 0.149557
2538.11304 0.149479
2538.54712 0.149402
2538.98096 0.149325
2539.41602 0.149247
2539.85010 0.14917
2540.28491 0.149092
2540.71899 0.149015
2541.15405 0.148935
2541.58911 0.148854
2542.02393 0.148773
2542.45898 0.148692
2542.89404 0.148611
2543.32910 0.14853
2543.76392 0.148449
2544.19897 0.148368
2544.63501 0.148288
2545.07007 0.148207
2545.50488 0.148126
2545.94092 0.148045
2546.37598 0.147964
2546.81201 0.147883
2547.24805 0.147802
2547.68408 0.147721
2548.12012 0.147641
2548.55591 0.14756
2548.99194 0.147479
2549.42798 0.147398
2549.86401 0.147317
2550.30005 0.147232
2550.73706 0.147146
2551.17310 0.147058
2551.60889 0.14697
2552.04590 0.146883
2552.48291 0.146795
2552.91895 0.146707
2553.35596 0.14662
2553.79297 0.146532
2554.22998 0.146445
2554.66699 0.146357
2555.10400 0.146269
2555.54102 0.146182
2555.97900 0.146094
2556.41602 0.146007
2556.85303 0.145919
2557.29102 0.145831
2557.72803 0.145744
2558.16602 0.145656
2558.60400 0.145569
2559.04102 0.145481
2559.47900 0.145394
2559.91699 0.145306
2560.35498 0.145223
2560.79297 0.145142
2561.23096 0.145063
2561.66895 0.144984
2562.10791 0.144905
2562.54590 0.144826
2562.98511 0.144747
2563.42310 0.144667
2563.86206 0.144588
2564.30005 0.144509
2564.73901 0.14443
2565.17798 0.144351
2565.61694 0.144272
2566.05591 0.144193
2566.49512 0.144114
2566.93408 0.144035
2567.37305 0.143955
2567.81201 0.143876
2568.25195 0.143797
2568.69092 0.143718
2569.13110 0.143639
2569.57007 0.14356
2570.01001 0.143481
2570.44897 0.143402
2570.88892 0.143322
2571.32910 0.143239
2571.76904 0.143156
2572.20898 0.143073
2572.64893 0.14299
2573.08911 0.142907
2573.53003 0.142824
2573.96997 0.142741
2574.40991 0.142658
2574.85107 0.142575
2575.29102 0.142492
2575.73193 0.142409
2576.17310 0.142326
2576.61304 0.142243
2577.05396 0.14216
2577.49512 0.142077
2577.93604 0.141994
2578.37695 0.141911
2578.81812 0.141828
2579.26001 0.141746
2579.70093 0.141663
2580.14209 0.141578
2580.58398 0.141489
2581.02490 0.141403
2581.46704 0.141318
2581.90796 0.141233
2582.35010 0.141148
2582.79199 0.141062
2583.23389 0.140977
2583.67603 0.140892
2584.11792 0.140807
2584.56006 0.140722
2585.00195 0.140637
2585.44507 0.140552
2585.88696 0.140467
2586.32910 0.140382
2586.77197 0.140297
2587.21411 0.140212
2587.65698 0.140127
2588.10010 0.140042
2588.54297 0.139957
2588.98608 0.139872
2589.42798 0.139787
2589.87207 0.139702
2590.31494 0.139621
2590.75806 0.139542
2591.20093 0.139471
2591.64502 0.139401
2592.08789 0.13933
2592.53101 0.13926
2592.97510 0.139189
2593.41797 0.139119
2593.86206 0.139048
2594.30591 0.138977
2594.75000 0.138907
2595.19409 0.138836
2595.63794 0.138766
2596.08203 0.138695
2596.52588 0.138625
2596.96997 0.138554
2597.41504 0.138483
2597.85889 0.138413
2598.30396 0.138342
2598.74805 0.138272
2599.19312 0.138201
2599.63696 0.138131
2600.08203 0.138054
2600.52710 0.137954
2600.97192 0.137854
2601.41699 0.137752
2601.86206 0.137651
2602.30688 0.137549
2602.75293 0.137447
2603.19800 0.137346
2603.64307 0.137244
2604.08911 0.137143
2604.53394 0.137041
2604.97998 0.13694
2605.42603 0.136838
2605.87207 0.136737
2606.31689 0.136635
2606.76294 0.136533
2607.20898 0.136432
2607.65503 0.13633
2608.10205 0.136229
2608.54810 0.136127
2608.99390 0.136026
2609.43994 0.135924
2609.88696 0.135823
2610.33301 0.135717
2610.78003 0.13561
2611.22705 0.135514
2611.67407 0.135418
2612.12012 0.135322
2612.56689 0.135226
2613.01392 0.135131
2613.46094 0.135035
2613.90796 0.134939
2614.35596 0.134843
2614.80298 0.134747
2615.25000 0.134651
2615.69800 0.134555
2616.14502 0.134459
2616.59302 0.134363
2617.04102 0.134267
2617.48804 0.134171
2617.93604 0.134075
2618.38403 0.13398
2618.83203 0.133884
2619.28003 0.133788
2619.72803 0.133692
2620.17700 0.133598
2620.62500 0.133508
2621.07300 0.133415
2621.52197 0.133321
2621.96997 0.133226
2622.41895 0.133132
2622.86694 0.133038
2623.31592 0.132943
2623.76489 0.132849
2624.21411 0.132755
2624.66309 0.13266
2625.11206 0.132566
2625.56104 0.132471
2626.01001 0.132377
2626.45996 0.132283
2626.90894 0.132188
2627.35889 0.132094
2627.80811 0.132
2628.25806 0.131905
2628.70703 0.131811
2629.15698 0.131716
2629.60693 0.131622
2630.05688 0.131528
2630.50708 0.131437
2630.95703 0.131347
2631.40698 0.131259
2631.85693 0.131172
2632.30811 0.131085
2632.75806 0.130997
2633.20801 0.13091
2633.65894 0.130823
2634.11011 0.130735
2634.56006 0.130648
2635.01099 0.13056
2635.46191 0.130473
2635.91309 0.130385
2636.36401 0.130298
2636.81494 0.130211
2637.26611 0.130123
2637.71704 0.130036
2638.16797 0.129948
2638.62012 0.129861
2639.07104 0.129773
2639.52295 0.129686
2639.97412 0.129598
2640.42603 0.129506
2640.87793 0.129414
2641.33008 0.129328
2641.78198 0.129241
2642.23389 0.129154
2642.68604 0.129067
2643.13794 0.12898
2643.59009 0.128893
2644.04199 0.128807
2644.49512 0.12872
2644.94702 0.128633
2645.39990 0.128546
2645.85205 0.128459
2646.30493 0.128373
2646.75806 0.128286
2647.21094 0.128199
2647.66406 0.128112
2648.11694 0.128025
2648.57007 0.127938
2649.02295 0.127851
2649.47607 0.127764
2649.92896 0.127677
2650.38306 0.127595
2650.83594 0.127514
2651.29004 0.127436
2651.74292 0.127358
2652.19702 0.12728
2652.65088 0.127203
2653.10498 0.127125
2653.55908 0.127047
2654.01294 0.126969
2654.46704 0.126891
2654.92090 0.126813
2655.37500 0.126736
2655.83008 0.126658
2656.28394 0.12658
2656.73804 0.126502
2657.19312 0.126424
2657.64697 0.126346
2658.10205 0.126268
2658.55688 0.12619
2659.01196 0.126112
2659.46704 0.126034
2659.92212 0.125955
2660.37695 0.125877
2660.83203 0.125799
2661.28711 0.125716
2661.74292 0.125632
2662.19800 0.125549
2662.65405 0.125465
2663.10889 0.125382
2663.56494 0.125299
2664.02100 0.125215
2664.47607 0.125132
2664.93188 0.125048
2665.38794 0.124965
2665.84399 0.124881
2666.30005 0.124798
2666.75708 0.124714
2667.21289 0.124631
2667.66895 0.124547
2668.12500 0.124463
2668.58203 0.12438
2669.03906 0.124296
2669.49512 0.124213
2669.95190 0.124129
2670.40894 0.124041
2670.86597 0.123953
2671.32300 0.12387
2671.78003 0.123788
2672.23706 0.123705
2672.69409 0.123623
2673.15088 0.12354
2673.60889 0.123458
2674.06592 0.123375
2674.52393 0.123292
2674.98096 0.12321
2675.43896 0.123127
2675.89697 0.123045
2676.35400 0.122962
2676.81201 0.122879
2677.27100 0.122796
2677.72900 0.122714
2678.18701 0.122631
2678.64502 0.122548
2679.10303 0.122465
2679.56201 0.122383
2680.02002 0.1223
2680.47900 0.122222
2680.93701 0.122145
2681.39600 0.122067
2681.85498 0.12199
2682.31299 0.121913
2682.77197 0.121835
2683.23096 0.121758
2683.68994 0.12168
2684.14990 0.121603
2684.60889 0.121525
2685.06812 0.121448
2685.52808 0.12137
2685.98706 0.121293
2686.44702 0.121215
2686.90601 0.121137
2687.36597 0.12106
2687.82593 0.120982
2688.28589 0.120904
2688.74609 0.120827
2689.20605 0.120749
2689.66602 0.120671
2690.12598 0.120594
2690.58594 0.120516
2691.04712 0.120436
2691.50708 0.120354
