threeML/data/optical_filters/HST/WFC3_UVIS1-F600LP.ecsv
# %ECSV 0.9
# ---
# datatype:
# - {name: wavelength, unit: Angstrom, datatype: float32}
# - {name: response, datatype: float32}
# meta: !!omap
# - {band_name: F600LP}
# - {group_name: WFC3_UVIS1}
wavelength response
[from data line 2414]
8887.28711 0.108017
8888.80762 0.107912
8890.32812 0.107807
8891.84863 0.107702
8893.37012 0.107613
8894.89160 0.107534
8896.41309 0.107455
8897.93457 0.107376
8899.45703 0.107297
8900.97852 0.107218
8902.50195 0.107139
8904.02441 0.107062
8905.54785 0.106984
8907.07129 0.106907
8908.59473 0.106829
8910.11816 0.106751
8911.64258 0.106674
8913.16699 0.106589
8914.69238 0.106498
8916.21680 0.106407
8917.74219 0.106316
8919.26758 0.106224
8920.79297 0.106133
8922.31934 0.106041
8923.84570 0.105925
8925.37207 0.105806
8926.89941 0.105687
8928.42578 0.105567
8929.95312 0.105448
8931.48047 0.105329
8933.00879 0.10523
8934.53711 0.105169
8936.06543 0.105107
8937.59375 0.105045
8939.12305 0.104982
8940.65234 0.104926
8942.18164 0.104879
8943.71094 0.104778
8945.24121 0.104665
8946.77148 0.104551
8948.30176 0.104438
8949.83203 0.104324
8951.36328 0.104197
8952.89453 0.104097
8954.42578 0.10407
8955.95801 0.104042
8957.49023 0.104015
8959.02246 0.103987
8960.55469 0.103959
8962.08691 0.10393
8963.62012 0.103816
8965.15332 0.103674
8966.68848 0.103531
8968.22168 0.103389
8969.75586 0.103247
8971.29004 0.103104
8972.82422 0.102978
8974.35938 0.102903
8975.89453 0.102827
8977.42969 0.102752
8978.96582 0.102676
8980.50195 0.1026
8982.03809 0.102525
8983.57422 0.102415
8985.11133 0.102292
8986.64844 0.102168
8988.18555 0.102045
8989.72266 0.101921
8991.26074 0.101798
8992.79883 0.101678
8994.33691 0.10157
8995.87598 0.101462
8997.41406 0.101354
8998.95410 0.101246
9000.49316 0.101131
9002.03223 0.101002
9003.57227 0.100891
9005.11230 0.100786
9006.65332 0.100682
9008.19336 0.100577
9009.73438 0.100472
9011.27637 0.10038
9012.81738 0.100287
9014.35938 0.100179
9015.90137 0.100071
9017.44336 0.099964
9018.98633 0.099856
9020.52930 0.099743
9022.07227 0.09962
9023.61523 0.099497
9025.15918 0.099374
9026.70312 0.099252
9028.24707 0.099129
9029.79102 0.099006
9031.33594 0.098892
9032.88086 0.098779
9034.42578 0.09867
9035.97168 0.098561
9037.51758 0.098451
9039.06348 0.098341
9040.60938 0.098232
9042.15625 0.098122
9043.70312 0.09801
9045.25000 0.097898
9046.79688 0.097785
9048.34473 0.097672
9049.89258 0.097559
9051.44043 0.097447
9052.98926 0.097334
9054.53711 0.097222
9056.08594 0.097109
9057.63574 0.096997
9059.18457 0.096884
9060.73438 0.096771
9062.28418 0.096659
9063.83496 0.096549
9065.38574 0.096439
9066.93555 0.096328
9068.48730 0.096218
9070.03809 0.096108
9071.58984 0.095997
9073.14160 0.095886
9074.69336 0.095772
9076.24609 0.095657
9077.79883 0.095543
9079.35156 0.095429
9080.90430 0.095323
9082.45801 0.095223
9084.01172 0.095123
9085.56543 0.095023
9087.12012 0.094922
9088.67383 0.094822
9090.22852 0.094719
9091.78418 0.094604
9093.33887 0.094487
9094.89453 0.094368
9096.45020 0.094248
9098.00684 0.094129
9099.56152 0.09401
9101.11914 0.09389
9102.67676 0.093771
9104.23340 0.093658
9105.79102 0.093544
9107.34863 0.09343
9108.90625 0.093316
9110.46484 0.093202
9112.02344 0.093088
9113.58203 0.092973
9115.14062 0.092859
9116.70020 0.092744
9118.25977 0.092629
9119.81934 0.092514
9121.37988 0.092399
9122.93945 0.092284
9124.50000 0.092173
9126.06152 0.09206
9127.62207 0.091948
9129.18359 0.091836
9130.74512 0.091723
9132.30762 0.091611
9133.86914 0.091493
9135.43164 0.091374
9136.99512 0.091255
9138.55762 0.091136
9140.12109 0.091016
9141.68457 0.090897
9143.24805 0.090776
9144.81348 0.090654
9146.37695 0.090532
9147.94141 0.09041
9149.50586 0.090288
9151.07129 0.090166
9152.63672 0.090044
9154.20215 0.08993
9155.76855 0.089816
9157.33496 0.089702
9158.90137 0.089587
9160.46777 0.089473
9162.03516 0.089358
9163.60156 0.089241
9165.16992 0.089122
9166.73730 0.089002
9168.30566 0.088883
9169.87402 0.088764
9171.44238 0.088644
9173.01172 0.088523
9174.58008 0.088398
9176.14941 0.088274
9177.71973 0.088149
9179.28906 0.088024
9180.85938 0.087906
9182.43066 0.087795
9184.00098 0.08769
9185.57227 0.087586
9187.14355 0.087482
9188.71484 0.087377
9190.28711 0.08727
9191.85840 0.087151
9193.43164 0.087029
9195.00391 0.086905
9196.57715 0.08678
9198.15039 0.086656
9199.72363 0.086531
9201.29688 0.086399
9202.87109 0.086267
9204.44531 0.086141
9206.01953 0.086014
9207.59473 0.085887
9209.16992 0.085761
9210.74512 0.085634
9212.32031 0.085507
9213.89648 0.085367
9215.47266 0.085226
9217.04883 0.085084
9218.62598 0.084943
9220.20312 0.084801
9221.78027 0.084659
9223.35742 0.084528
9224.93555 0.084406
9226.51367 0.084284
9228.09180 0.084162
9229.66992 0.08404
9231.24902 0.083922
9232.82812 0.083802
9234.40723 0.083667
9235.98730 0.083531
9237.56738 0.083396
9239.14746 0.08326
9240.72754 0.083125
9242.30859 0.082989
9243.88965 0.082857
9245.47070 0.082726
9247.05273 0.082595
9248.63379 0.082464
9250.21680 0.082332
9251.79883 0.0822
9253.38086 0.082073
9254.96387 0.081948
9256.54785 0.081824
9258.13086 0.081699
9259.71484 0.081574
9261.29883 0.081449
9262.88281 0.081321
9264.46777 0.081186
9266.05176 0.08105
9267.63770 0.080915
9269.22266 0.080779
9270.80859 0.080643
9272.39453 0.080507
9273.98047 0.08038
9275.56641 0.080254
9277.15332 0.080128
9278.74023 0.080001
9280.32715 0.079875
9281.91504 0.079748
9283.50293 0.07962
9285.09082 0.079492
9286.67969 0.079363
9288.26758 0.079234
9289.85645 0.079105
9291.44629 0.078976
9293.03516 0.078845
9294.62500 0.07871
9296.21484 0.078575
9297.80469 0.07844
9299.39648 0.078304
9300.98633 0.078176
9302.57715 0.078053
9304.16895 0.077926
9305.76074 0.0778
9307.35254 0.077672
9308.94434 0.077545
9310.53711 0.077414
9312.12988 0.077274
9313.72266 0.077141
9315.31543 0.07701
9316.90918 0.076879
9318.50293 0.076748
9320.09668 0.076617
9321.69141 0.076485
9323.28613 0.076353
9324.88086 0.07622
9326.47559 0.076087
9328.07129 0.075954
9329.66699 0.07582
9331.26270 0.075687
9332.85938 0.075552
9334.45508 0.075411
9336.05273 0.075271
9337.64941 0.07513
9339.24707 0.074989
9340.84473 0.074847
9342.44238 0.074706
9344.04004 0.074567
9345.63867 0.074427
9347.23730 0.074288
9348.83594 0.074148
9350.43555 0.074008
9352.03516 0.073868
9353.63477 0.073729
9355.23535 0.07359
9356.83496 0.073451
9358.43555 0.073311
9360.03711 0.073172
9361.63770 0.073033
9363.23926 0.072893
9364.84082 0.072752
9366.44336 0.072611
9368.04492 0.072469
9369.64746 0.072328
9371.25000 0.072187
9372.85352 0.072045
9374.45703 0.071907
9376.06055 0.071768
9377.66406 0.07163
9379.26855 0.071491
9380.87305 0.071352
9382.47754 0.071212
9384.08301 0.071071
9385.68652 0.070929
9387.29395 0.070787
9388.89941 0.070645
9390.50586 0.070503
9392.11133 0.070361
9393.71875 0.070222
9395.32520 0.070086
9396.93262 0.069948
9398.54004 0.069811
9400.14746 0.069673
9401.75586 0.069523
9403.36426 0.069369
9404.97266 0.06921
9406.58105 0.06905
9408.19043 0.068891
9409.79980 0.068731
9411.40918 0.068571
9413.01953 0.068414
9414.62988 0.068261
9416.24023 0.068107
9417.85059 0.067954
9419.46191 0.067801
9421.07324 0.067647
9422.68457 0.067494
9424.29688 0.067335
9425.90918 0.067177
9427.52148 0.067018
9429.13379 0.06686
9430.74707 0.066704
9432.36035 0.066553
9433.97363 0.066403
9435.58789 0.066253
9437.20117 0.066104
9438.81543 0.065954
9440.43066 0.065804
9442.04492 0.065654
9443.66016 0.065502
9445.27637 0.065349
9446.89160 0.065196
9448.50781 0.065043
9450.12402 0.06489
9451.74023 0.064737
9453.35742 0.064583
9454.97461 0.06443
9456.59180 0.064276
9458.20996 0.064122
9459.82715 0.063968
9461.44531 0.063814
9463.06445 0.063661
9464.68262 0.06351
9466.30176 0.063359
9467.92090 0.063208
9469.54102 0.063056
9471.16113 0.062905
9472.78125 0.062753
9474.40137 0.062597
9476.02246 0.062442
9477.64355 0.062287
9479.26465 0.062131
9480.88574 0.061976
9482.50781 0.06182
9484.12988 0.061665
9485.75195 0.061509
9487.37500 0.061354
9488.99805 0.061198
9490.62109 0.061043
9492.24414 0.060887
9493.86816 0.060734
9495.49219 0.060581
9497.11621 0.060429
9498.74121 0.060276
9500.36621 0.060136
9501.99121 0.060044
9503.61719 0.059949
9505.24219 0.059852
9506.86816 0.059755
9508.49512 0.059658
9510.12109 0.059561
9511.74805 0.059464
9513.37500 0.059367
9515.00293 0.05927
9516.62988 0.059174
9518.25781 0.059077
9519.88672 0.05898
9521.51465 0.058884
9523.14355 0.058786
9524.77246 0.058688
9526.40234 0.058589
9528.03125 0.05849
9529.66113 0.058391
9531.29199 0.058292
9532.92188 0.058194
9534.55273 0.058101
9536.18359 0.058008
9537.81543 0.057914
9539.44629 0.057821
9541.07812 0.057727
9542.71094 0.057633
9544.34277 0.057532
9545.97559 0.05743
9547.60840 0.057329
9549.24219 0.057227
9550.87500 0.057126
9552.50879 0.057024
9554.14355 0.056928
9555.77734 0.056833
9557.41211 0.056737
9559.04688 0.056642
9560.68262 0.056546
9562.31738 0.05645
9563.95312 0.056352
9565.58984 0.056253
9567.22559 0.056154
9568.86230 0.056055
9570.49902 0.055956
9572.13672 0.055857
9573.77344 0.055755
9575.41113 0.055652
9577.04980 0.055548
9578.68652 0.055445
9580.32617 0.055341
9581.96484 0.055238
9583.60352 0.055138
9585.24414 0.05504
9586.88379 0.054942
9588.52344 0.054844
9590.16309 0.054747
9591.80371 0.054649
9593.44531 0.054549
9595.08594 0.054448
9596.72754 0.054347
9598.36914 0.054246
9600.01074 0.054145
9601.65332 0.054049
9603.29590 0.053953
9604.93848 0.053857
9606.58105 0.05376
9608.22461 0.053663
9609.86816 0.053566
9611.51172 0.053452
9613.15625 0.053337
9614.80078 0.053224
9616.44531 0.05311
9618.09082 0.052997
9619.73535 0.052883
9621.38086 0.052777
9623.02734 0.052672
9624.67285 0.052564
9626.31934 0.052457
9627.96680 0.052349
9629.61328 0.052241
9631.26074 0.052133
9632.90820 0.052026
9634.55566 0.051924
9636.20410 0.051821
9637.85254 0.051719
9639.50098 0.051616
9641.15039 0.051514
9642.79980 0.05141
9644.44922 0.051295
9646.09863 0.051181
9647.74902 0.051067
9649.39941 0.050952
9651.04980 0.050837
9652.70117 0.050723
9654.35156 0.050618
9656.00391 0.050512
9657.65527 0.050406
9659.30762 0.050301
9660.95996 0.050195
9662.61230 0.050089
9664.26562 0.049982
9665.91797 0.049875
9667.57227 0.049767
9669.22559 0.04966
9670.87988 0.049552
9672.53418 0.049445
9674.18848 0.049333
9675.84375 0.049221
9677.49902 0.049109
9679.15430 0.048996
9680.80957 0.048884
9682.46582 0.048772
9684.12207 0.048662
9685.77832 0.048553
9687.43555 0.048443
9689.09277 0.048334
9690.75000 0.048224
9692.40820 0.048115
9694.06543 0.048005
9695.72461 0.047894
9697.38281 0.047784
9699.04199 0.047674
9700.70117 0.047563
9702.36035 0.047452
9704.01953 0.047344
9705.67969 0.047236
9707.33984 0.047128
9709.00098 0.047019
9710.66113 0.046911
9712.32227 0.046802
9713.98438 0.04669
9715.64648 0.046577
9717.30762 0.046464
9718.96973 0.046351
9720.63281 0.046238
9722.29492 0.046125
9723.95801 0.046012
9725.62207 0.045899
9727.28516 0.045785
9728.94922 0.045672
9730.61426 0.045559
9732.27832 0.045446
9733.94336 0.045334
9735.60840 0.045223
9737.27344 0.045112
9738.93945 0.045001
9740.60547 0.04489
9742.27148 0.044779
9743.93848 0.044666
9745.60352 0.044554
9747.27246 0.044441
9748.93945 0.044329
9750.60742 0.044216
9752.27539 0.044103
9753.94336 0.043988
9755.61133 0.043874
9757.28027 0.043758
9758.94922 0.043643
9760.61914 0.043528
9762.28906 0.043413
9763.95898 0.043298
9765.62891 0.043184
9767.29980 0.043069
9768.97070 0.042955
9770.64160 0.04284
9772.31348 0.042725
9773.98438 0.04261
9775.65625 0.042494
9777.32910 0.042379
9779.00098 0.042263
9780.67383 0.042147
9782.34668 0.042031
9784.02148 0.041917
9785.69434 0.041803
9787.36816 0.04169
9789.04199 0.041576
9790.71680 0.041462
9792.39160 0.041347
9794.06641 0.041232
9795.74219 0.041116
9797.41797 0.041
9799.09375 0.040884
9800.77148 0.040767
9802.44629 0.040647
9804.12305 0.040526
9805.80078 0.040406
9807.47754 0.040286
9809.15527 0.040166
9810.83398 0.040045
9812.51172 0.039925
9814.19043 0.039804
9815.86914 0.039683
9817.54883 0.039561
9819.22754 0.03944
9820.90723 0.039319
9822.58789 0.039197
9824.26758 0.039076
9825.94824 0.038955
9827.62891 0.038834
9829.31055 0.038713
9830.99219 0.038594
9832.67383 0.038475
9834.35547 0.038356
9836.03809 0.038236
9837.72070 0.038117
9839.40332 0.037998
9841.08594 0.037878
9842.76953 0.037759
9844.45312 0.037638
9846.13770 0.037518
9847.82227 0.037397
9849.50684 0.037276
9851.19141 0.037156
9852.87598 0.037035
9854.56152 0.036917
9856.24805 0.036798
9857.93359 0.03668
9859.62012 0.036561
9861.30664 0.036442
9862.99316 0.036323
9864.68066 0.036202
9866.36816 0.03608
9868.05566 0.035959
9869.74414 0.035837
9871.43262 0.035715
9873.12109 0.035594
9874.80957 0.035475
9876.49902 0.035356
9878.18848 0.035236
9879.87793 0.035117
9881.56836 0.034997
9883.25879 0.034877
9884.94922 0.034754
9886.64062 0.034631
9888.33203 0.034508
9890.02344 0.034385
9891.71484 0.034261
9893.40723 0.034139
9895.09961 0.034018
9896.79199 0.033897
9898.48535 0.033776
9900.17871 0.033655
9901.87207 0.033527
9903.56543 0.033399
9905.25977 0.03327
9906.95410 0.033141
9908.64844 0.033011
9910.34375 0.032883
9912.03906 0.032759
9913.73438 0.032636
9915.43066 0.032512
9917.12695 0.032388
9918.82324 0.032263
9920.51953 0.032139
9922.21680 0.032015
9923.91406 0.031892
9925.61230 0.031769
9927.30957 0.031646
9929.00781 0.031523
9930.70605 0.0314
9932.40527 0.031277
9934.10352 0.031152
9935.80371 0.031027
9937.50293 0.030902
9939.20312 0.030777
9940.90332 0.030652
9942.60352 0.030527
9944.30469 0.030405
9946.00586 0.030282
9947.70703 0.03016
9949.40918 0.030038
9951.11035 0.029915
9952.81348 0.029792
9954.51562 0.029667
9956.21875 0.029541
9957.92188 0.029416
9959.62500 0.02929
9961.32910 0.029165
9963.03320 0.029039
9964.73730 0.028915
9966.44141 0.028791
9968.14648 0.028667
9969.85156 0.028542
9971.55762 0.028418
9973.26270 0.028293
9974.96875 0.028167
9976.67480 0.028042
9978.38184 0.027916
9980.08887 0.027791
9981.79590 0.027665
9983.50391 0.027539
9985.21094 0.027413
9986.91992 0.027288
9988.62793 0.027162
9990.33691 0.027036
9992.04590 0.02691
9993.75488 0.026784
9995.46387 0.026658
9997.17383 0.026532
9998.88379 0.026406
10000.58984 0.026286
10002.30957 0.026179
10004.01953 0.02607
10005.73047 0.025962
10007.44043 0.025854
10009.15039 0.025746
10010.86035 0.025637
10012.58008 0.025529
10014.29004 0.025419
10016.00000 0.025309
10017.70996 0.025199
10019.42969 0.025089
10021.13965 0.024979
10022.86035 0.024868
10024.57031 0.024759
10026.29004 0.02465
10028.00000 0.024541
10029.71973 0.024432
10031.42969 0.024319
10033.15039 0.024206
10034.87012 0.024094
10036.58008 0.023982
10038.29980 0.02387
10040.01953 0.023759
10041.73047 0.023651
10043.45020 0.023544
10045.16992 0.023436
10046.88965 0.023328
10048.61035 0.02322
10050.32031 0.023112
10052.04004 0.023004
10053.75977 0.022895
10055.48047 0.022784
10057.20020 0.022674
10058.91992 0.022564
10060.63965 0.022453
10062.37012 0.022343
10064.08984 0.022234
10065.80957 0.022126
10067.53027 0.022018
10069.25000 0.02191
10070.96973 0.021801
10072.70020 0.021693
10074.41992 0.021584
10076.13965 0.021476
10077.87012 0.021367
10079.58984 0.021259
10081.32031 0.02115
10083.04004 0.021041
10084.76953 0.020931
10086.49023 0.020821
10088.21973 0.020711
10089.94043 0.020601
10091.66992 0.020491
10093.38965 0.020381
10095.12012 0.020272
10096.84961 0.020162
10098.57031 0.020053
10100.29980 0.019944
10102.03027 0.019834
10103.75977 0.019724
10105.49023 0.019614
10107.20996 0.019504
10108.94043 0.019394
10110.66992 0.019284
10112.40039 0.019174
10114.12988 0.019064
10115.86035 0.018955
10117.58984 0.018846
10119.32031 0.018737
10121.04980 0.018626
10122.79004 0.018513
10124.51953 0.0184
10126.25000 0.018288
10127.98047 0.018176
10129.70996 0.018064
10131.45020 0.017954
10133.17969 0.017846
10134.91016 0.017738
10136.65039 0.01763
10138.37988 0.017521
10140.12012 0.017413
10141.84961 0.017305
10143.58008 0.017196
10145.32031 0.017085
10147.05957 0.016975
10148.79004 0.016864
10150.53027 0.016754
10152.25977 0.016643
10154.00000 0.016533
10155.74023 0.016423
10157.46973 0.016314
10159.20996 0.016204
10160.95020 0.016094
10162.69043 0.015984
10164.42969 0.015876
10166.16992 0.015767
10167.90039 0.015658
10169.63965 0.015549
10171.37988 0.01544
10173.12012 0.015331
10174.86035 0.01522
10176.59961 0.01511
10178.33984 0.015
10180.08984 0.014889
10181.83008 0.014779
10183.57031 0.014669
