threeML/data/optical_filters/HST/WFC3_UVIS1-F475W.ecsv
# %ECSV 0.9
# ---
# datatype:
# - {name: wavelength, unit: Angstrom, datatype: float32}
# - {name: response, datatype: float32}
# meta: !!omap
# - {band_name: F475W}
# - {group_name: WFC3_UVIS1}
wavelength response
[from data line 1609]
5160.63916 0.257363
5161.52100 0.257326
5162.40479 0.25731
5163.28809 0.257295
5164.17090 0.257279
5165.05518 0.257263
5165.93799 0.257248
5166.82324 0.257232
5167.70703 0.257217
5168.59082 0.257201
5169.47510 0.257185
5170.35889 0.25717
5171.24414 0.257154
5172.12891 0.257144
5173.01416 0.257136
5173.89893 0.257129
5174.78418 0.257121
5175.66895 0.257113
5176.55518 0.257105
5177.44092 0.257097
5178.32715 0.257089
5179.21191 0.257082
5180.09912 0.257074
5180.98486 0.257066
5181.87207 0.25704
5182.75781 0.256994
5183.64502 0.256949
5184.53223 0.256903
5185.41797 0.256857
5186.30615 0.256812
5187.19287 0.256766
5188.08105 0.25672
5188.96777 0.256675
5189.85596 0.256629
5190.74414 0.256583
5191.63184 0.256545
5192.52100 0.256533
5193.40918 0.256521
5194.29688 0.256509
5195.18604 0.256497
5196.07520 0.256485
5196.96387 0.256472
5197.85303 0.25646
5198.74316 0.256448
5199.63184 0.256436
5200.52100 0.256424
5201.41211 0.256412
5202.30078 0.256428
5203.19092 0.256445
5204.08203 0.256463
5204.97217 0.25648
5205.86279 0.256497
5206.75293 0.256514
5207.64404 0.256532
5208.53516 0.256549
5209.42578 0.256566
5210.31787 0.256583
5211.20898 0.256601
5212.10107 0.256606
5212.99316 0.256607
5213.88379 0.256608
5214.77588 0.256609
5215.66797 0.25661
5216.56104 0.256611
5217.45410 0.256612
5218.34619 0.256613
5219.23877 0.256615
5220.13184 0.256616
5221.02490 0.256617
5221.91797 0.256623
5222.81201 0.256634
5223.70605 0.256646
5224.59912 0.256657
5225.49316 0.256668
5226.38721 0.256679
5227.28076 0.256691
5228.17578 0.256702
5229.06982 0.256713
5229.96484 0.256725
5230.85986 0.256737
5231.75488 0.256765
5232.64990 0.256825
5233.54492 0.256885
5234.43994 0.256944
5235.33594 0.257003
5236.23193 0.257063
5237.12793 0.257123
5238.02393 0.257182
5238.91992 0.257242
5239.81592 0.257301
5240.71289 0.257361
5241.60889 0.257418
5242.50586 0.257462
5243.40283 0.257506
5244.29980 0.25755
5245.19824 0.257594
5246.09521 0.257639
5246.99316 0.257683
5247.89111 0.257727
5248.78906 0.257771
5249.68701 0.257815
5250.58398 0.25786
5251.48291 0.257903
5252.38086 0.257918
5253.27979 0.257933
5254.17920 0.257948
5255.07812 0.257963
5255.97705 0.257978
5256.87598 0.257993
5257.77588 0.258008
5258.67480 0.258023
5259.57520 0.258038
5260.47510 0.258053
5261.37500 0.258068
5262.27490 0.258103
5263.17480 0.258141
5264.07617 0.25818
5264.97705 0.258217
5265.87695 0.258256
5266.77783 0.258294
5267.68018 0.258332
5268.58105 0.25837
5269.48193 0.258408
5270.38379 0.258446
5271.28613 0.258484
5272.18701 0.258474
5273.08887 0.258453
5273.99219 0.258431
5274.89404 0.25841
5275.79590 0.258388
5276.69922 0.258367
5277.60205 0.258345
5278.50488 0.258324
5279.40820 0.258302
5280.31201 0.258281
5281.21484 0.258259
5282.11816 0.258197
5283.02197 0.258119
5283.92578 0.258041
5284.83008 0.257962
5285.73389 0.257884
5286.63916 0.257806
5287.54297 0.257728
5288.44824 0.257649
5289.35303 0.257571
5290.25781 0.257493
5291.16309 0.257415
5292.06787 0.257327
5292.97412 0.257234
5293.87891 0.257141
5294.78516 0.257048
5295.69092 0.256955
5296.59717 0.256862
5297.50293 0.256769
5298.40918 0.256676
5299.31592 0.256583
5300.22314 0.25649
5301.12891 0.256397
5302.03711 0.256238
5302.94287 0.25604
5303.85107 0.255842
5304.75781 0.255644
5305.66602 0.255445
5306.57422 0.255247
5307.48096 0.255048
5308.39014 0.25485
5309.29785 0.254651
5310.20703 0.254453
5311.11523 0.254254
5312.02295 0.254032
5312.93311 0.253795
5313.84082 0.253558
5314.75000 0.253321
5315.66016 0.253083
5316.56885 0.252846
5317.47900 0.252609
5318.38916 0.252372
5319.29883 0.252134
5320.20898 0.251897
5321.11914 0.251659
5322.02979 0.251415
5322.93994 0.251166
5323.85107 0.250917
5324.76221 0.250668
5325.67285 0.250419
5326.58398 0.25017
5327.49512 0.249921
5328.40723 0.249672
5329.31787 0.249423
5330.22998 0.249174
5331.14209 0.248925
5332.05420 0.248662
5332.96680 0.248391
5333.87891 0.24812
5334.79199 0.24785
5335.70508 0.247579
5336.61719 0.247308
5337.52979 0.247037
5338.44385 0.246765
5339.35693 0.246494
5340.27100 0.246223
5341.18408 0.245952
5342.09814 0.245671
5343.01221 0.245386
5343.92578 0.245101
5344.84082 0.244815
5345.75488 0.24453
5346.66992 0.244245
5347.58398 0.243959
5348.50000 0.243674
5349.41504 0.243388
5350.33008 0.243102
5351.24512 0.242817
5352.16113 0.242592
5353.07715 0.242389
5353.99219 0.242185
5354.90918 0.241982
5355.82520 0.241779
5356.74121 0.241576
5357.65820 0.241373
5358.57422 0.24117
5359.49121 0.240966
5360.40820 0.240763
5361.32520 0.24056
5362.24219 0.240403
5363.16016 0.240257
5364.07812 0.240111
5364.99512 0.239965
5365.91309 0.239818
5366.83105 0.239672
5367.75000 0.239526
5368.66797 0.239379
5369.58594 0.239233
5370.50488 0.239087
5371.42383 0.23894
5372.34277 0.238814
5373.26221 0.238689
5374.18213 0.238564
5375.10107 0.238439
5376.02100 0.238315
5376.93994 0.23819
5377.85986 0.238065
5378.78076 0.23794
5379.70117 0.237815
5380.62109 0.23769
5381.54199 0.237568
5382.46191 0.237503
5383.38379 0.237437
5384.30518 0.237372
5385.22607 0.237307
5386.14697 0.237241
5387.06885 0.237176
5387.99023 0.237111
5388.91211 0.237045
5389.83398 0.23698
5390.75586 0.236914
5391.67920 0.236859
5392.60107 0.236843
5393.52393 0.236828
5394.44678 0.236813
5395.37012 0.236798
5396.29297 0.236783
5397.21582 0.236767
5398.14014 0.236752
5399.06299 0.236737
5399.98682 0.236722
5400.91113 0.236706
5401.83496 0.236676
5402.75879 0.236617
5403.68408 0.23656
5404.60791 0.236501
5405.53320 0.236443
5406.45801 0.236385
5407.38281 0.236327
5408.30811 0.236269
5409.23291 0.236211
5410.15918 0.236153
5411.08398 0.236095
5412.00977 0.236032
5412.93604 0.235964
5413.86182 0.235897
5414.78906 0.23583
5415.71484 0.235763
5416.64209 0.235696
5417.56787 0.235628
5418.49512 0.235561
5419.42188 0.235494
5420.35010 0.235427
5421.27686 0.235359
5422.20508 0.235252
5423.13184 0.235131
5424.06006 0.23501
5424.98779 0.234889
5425.91602 0.234768
5426.84521 0.234647
5427.77295 0.234526
5428.70215 0.234405
5429.62988 0.234284
5430.56006 0.234162
5431.48877 0.234041
5432.41797 0.233879
5433.34717 0.233717
5434.27686 0.233554
5435.20703 0.233392
5436.13721 0.233229
5437.06689 0.233066
5437.99707 0.232904
5438.92676 0.232741
5439.85791 0.232578
5440.78906 0.232415
5441.72021 0.23225
5442.65088 0.232077
5443.58203 0.231904
5444.51318 0.231731
5445.44482 0.231557
5446.37598 0.231384
5447.30811 0.231211
5448.24023 0.231037
5449.17188 0.230864
5450.10498 0.230691
5451.03711 0.230517
5451.97021 0.230354
5452.90283 0.230203
5453.83594 0.230052
5454.76904 0.229901
5455.70215 0.22975
5456.63623 0.229599
5457.56885 0.229447
5458.50293 0.229296
5459.43701 0.229145
5460.37109 0.228993
5461.30518 0.228842
5462.24023 0.228614
5463.17383 0.228365
5464.10889 0.228115
5465.04395 0.227865
5465.97900 0.227616
5466.91406 0.227366
5467.84912 0.227116
5468.78516 0.226866
5469.72119 0.226616
5470.65576 0.226366
5471.59180 0.226085
5472.52783 0.225432
5473.46484 0.224779
5474.40088 0.224126
5475.33789 0.223473
5476.27490 0.22282
5477.21191 0.222166
5478.14893 0.221513
5479.08594 0.220859
5480.02295 0.220206
5480.96094 0.219552
5481.89893 0.218498
5482.83691 0.216846
5483.77490 0.215194
5484.71289 0.213542
5485.65088 0.21189
5486.58984 0.210237
5487.52881 0.208585
5488.46777 0.206932
5489.40723 0.205279
5490.34619 0.203625
5491.28516 0.201972
5492.22510 0.199235
5493.16504 0.196128
5494.10400 0.193019
5495.04395 0.189911
5495.98486 0.186801
5496.92480 0.183693
5497.86523 0.180583
5498.80615 0.177472
5499.74707 0.174361
5500.68799 0.171251
5501.62891 0.168018
5502.56982 0.163763
5503.51221 0.159508
5504.45410 0.155251
5505.39502 0.150996
5506.33691 0.146739
5507.27881 0.14248
5508.22217 0.138221
5509.16406 0.133962
5510.10596 0.129704
5511.04883 0.125443
5511.99219 0.121213
5512.93506 0.117014
5513.87793 0.112814
5514.82178 0.108614
5515.76611 0.104412
5516.70898 0.100211
5517.65283 0.096009
5518.59717 0.091805
5519.54199 0.087602
5520.48584 0.083398
5521.43018 0.079194
5522.37500 0.076022
5523.31982 0.072977
5524.26514 0.069931
5525.20996 0.066885
5526.15479 0.063838
5527.10107 0.060791
5528.04590 0.057743
5528.99219 0.054695
5529.93799 0.051648
5530.88379 0.048598
5531.83105 0.045885
5532.77686 0.043917
5533.72412 0.041947
5534.66992 0.039978
5535.61816 0.038008
5536.56396 0.036039
5537.51221 0.034069
5538.45898 0.032097
5539.40723 0.030127
5540.35400 0.028157
5541.30322 0.026185
5542.25000 0.024871
5543.19922 0.023774
5544.14697 0.022677
5545.09619 0.02158
5546.04395 0.020483
5546.99414 0.019386
5547.94189 0.018289
5548.89209 0.017191
5549.84082 0.016093
5550.79102 0.014996
5551.74023 0.014005
5552.68994 0.013421
5553.64014 0.012838
5554.58984 0.012254
5555.54102 0.011669
5556.49121 0.011086
5557.44189 0.010501
5558.39307 0.009917
5559.34424 0.009333
5560.29492 0.008748
5561.24707 0.008164
5562.19824 0.007762
5563.14893 0.007442
5564.10205 0.007123
5565.05420 0.006804
5566.00586 0.006484
5566.95801 0.006165
5567.91113 0.005846
5568.86279 0.005526
5569.81592 0.005207
5570.76904 0.004887
5571.72217 0.004593
5572.67480 0.004416
5573.62891 0.004239
5574.58301 0.004062
5575.53613 0.003885
5576.49023 0.003708
5577.44385 0.003531
5578.39795 0.003354
5579.35303 0.003177
5580.30811 0.003
5581.26221 0.002823
5582.21680 0.002699
5583.17188 0.002596
5584.12695 0.002494
5585.08301 0.002392
5586.03906 0.00229
5586.99414 0.002188
5587.95020 0.002085
5588.90576 0.001983
5589.86182 0.001881
5590.81885 0.001779
5591.77490 0.001686
5592.73193 0.001626
5593.68896 0.001565
5594.64600 0.001504
5595.60303 0.001444
5596.56104 0.001383
5597.51807 0.001323
5598.47607 0.001262
5599.43408 0.001201
5600.39209 0.001141
5601.35010 0.00108
5602.30811 0.001039
5603.26709 0.001002
5604.22607 0.000966
5605.18506 0.00093
5606.14404 0.000893
5607.10303 0.000857
5608.06201 0.000821
5609.02100 0.000784
5609.98096 0.000748
5610.94092 0.000712
5611.90088 0.00068
5612.86084 0.000658
5613.82080 0.000637
5614.78223 0.000615
5615.74316 0.000593
5616.70410 0.000571
5617.66504 0.000549
5618.62500 0.000527
5619.58691 0.000505
5620.54785 0.000483
5621.50977 0.000461
5622.47217 0.000446
5623.43408 0.000431
5624.39600 0.000417
5625.35791 0.000402
6187.89355 0.0
