threeML/data/optical_filters/HST/WFC3_UVIS2-F475W.ecsv
# %ECSV 0.9
# ---
# datatype:
# - {name: wavelength, unit: Angstrom, datatype: float32}
# - {name: response, datatype: float32}
# meta: !!omap
# - {band_name: F475W}
# - {group_name: WFC3_UVIS2}
wavelength response
[from data line 1610]
5160.63916 0.256601
5161.52100 0.256565
5162.40479 0.256549
5163.28809 0.256533
5164.17090 0.256518
5165.05518 0.256502
5165.93799 0.256486
5166.82324 0.256471
5167.70703 0.256455
5168.59082 0.256439
5169.47510 0.256423
5170.35889 0.256408
5171.24414 0.256392
5172.12891 0.256382
5173.01416 0.256374
5173.89893 0.256366
5174.78418 0.256358
5175.66895 0.256351
5176.55518 0.256343
5177.44092 0.256335
5178.32715 0.256327
5179.21191 0.256319
5180.09912 0.256311
5180.98486 0.256303
5181.87207 0.256277
5182.75781 0.256231
5183.64502 0.256186
5184.53223 0.25614
5185.41797 0.256095
5186.30615 0.256049
5187.19287 0.256003
5188.08105 0.255958
5188.96777 0.255912
5189.85596 0.255867
5190.74414 0.255821
5191.63184 0.255782
5192.52100 0.25577
5193.40918 0.255758
5194.29688 0.255746
5195.18604 0.255734
5196.07520 0.255722
5196.96387 0.25571
5197.85303 0.255698
5198.74316 0.255686
5199.63184 0.255674
5200.52100 0.255661
5201.41211 0.255649
5202.30078 0.255665
5203.19092 0.255682
5204.08203 0.255699
5204.97217 0.255717
5205.86279 0.255734
5206.75293 0.255751
5207.64404 0.255768
5208.53516 0.255785
5209.42578 0.255802
5210.31787 0.255819
5211.20898 0.255836
5212.10107 0.255841
5212.99316 0.255842
5213.88379 0.255843
5214.77588 0.255844
5215.66797 0.255845
5216.56104 0.255846
5217.45410 0.255847
5218.34619 0.255848
5219.23877 0.255849
5220.13184 0.25585
5221.02490 0.255851
5221.91797 0.255857
5222.81201 0.255868
5223.70605 0.25588
5224.59912 0.255891
5225.49316 0.255902
5226.38721 0.255913
5227.28076 0.255924
5228.17578 0.255935
5229.06982 0.255947
5229.96484 0.255958
5230.85986 0.25597
5231.75488 0.255998
5232.64990 0.256058
5233.54492 0.256117
5234.43994 0.256176
5235.33594 0.256235
5236.23193 0.256295
5237.12793 0.256354
5238.02393 0.256413
5238.91992 0.256473
5239.81592 0.256532
5240.71289 0.256591
5241.60889 0.256648
5242.50586 0.256692
5243.40283 0.256736
5244.29980 0.25678
5245.19824 0.256823
5246.09521 0.256868
5246.99316 0.256912
5247.89111 0.256955
5248.78906 0.256999
5249.68701 0.257043
5250.58398 0.257087
5251.48291 0.25713
5252.38086 0.257145
5253.27979 0.25716
5254.17920 0.257175
5255.07812 0.25719
5255.97705 0.257205
5256.87598 0.257219
5257.77588 0.257234
5258.67480 0.257249
5259.57520 0.257264
5260.47510 0.257279
5261.37500 0.257294
5262.27490 0.257329
5263.17480 0.257367
5264.07617 0.257405
5264.97705 0.257443
5265.87695 0.257481
5266.77783 0.257518
5267.68018 0.257556
5268.58105 0.257594
5269.48193 0.257632
5270.38379 0.25767
5271.28613 0.257708
5272.18701 0.257698
5273.08887 0.257676
5273.99219 0.257655
5274.89404 0.257633
5275.79590 0.257612
5276.69922 0.25759
5277.60205 0.257569
5278.50488 0.257547
5279.40820 0.257526
5280.31201 0.257504
5281.21484 0.257483
5282.11816 0.25742
5283.02197 0.257342
5283.92578 0.257264
5284.83008 0.257186
5285.73389 0.257108
5286.63916 0.25703
5287.54297 0.256952
5288.44824 0.256874
5289.35303 0.256796
5290.25781 0.256718
5291.16309 0.25664
5292.06787 0.256552
5292.97412 0.256459
5293.87891 0.256366
5294.78516 0.256273
5295.69092 0.256181
5296.59717 0.256088
5297.50293 0.255995
5298.40918 0.255902
5299.31592 0.25581
5300.22314 0.255717
5301.12891 0.255624
5302.03711 0.255466
5302.94287 0.255268
5303.85107 0.25507
5304.75781 0.254872
5305.66602 0.254675
5306.57422 0.254477
5307.48096 0.254279
5308.39014 0.254081
5309.29785 0.253883
5310.20703 0.253685
5311.11523 0.253487
5312.02295 0.253265
5312.93311 0.253029
5313.84082 0.252792
5314.75000 0.252556
5315.66016 0.252319
5316.56885 0.252082
5317.47900 0.251845
5318.38916 0.251609
5319.29883 0.251372
5320.20898 0.251135
5321.11914 0.250898
5322.02979 0.250655
5322.93994 0.250407
5323.85107 0.250158
5324.76221 0.24991
5325.67285 0.249662
5326.58398 0.249414
5327.49512 0.249165
5328.40723 0.248917
5329.31787 0.248668
5330.22998 0.24842
5331.14209 0.248171
5332.05420 0.24791
5332.96680 0.247639
5333.87891 0.247369
5334.79199 0.247099
5335.70508 0.246829
5336.61719 0.246558
5337.52979 0.246288
5338.44385 0.246018
5339.35693 0.245747
5340.27100 0.245477
5341.18408 0.245206
5342.09814 0.244926
5343.01221 0.244642
5343.92578 0.244357
5344.84082 0.244073
5345.75488 0.243788
5346.66992 0.243504
5347.58398 0.243219
5348.50000 0.242934
5349.41504 0.242649
5350.33008 0.242365
5351.24512 0.24208
5352.16113 0.241855
5353.07715 0.241653
5353.99219 0.24145
5354.90918 0.241248
5355.82520 0.241045
5356.74121 0.240842
5357.65820 0.24064
5358.57422 0.240437
5359.49121 0.240234
5360.40820 0.240031
5361.32520 0.239829
5362.24219 0.239672
5363.16016 0.239527
5364.07812 0.239381
5364.99512 0.239235
5365.91309 0.239089
5366.83105 0.238943
5367.75000 0.238797
5368.66797 0.238651
5369.58594 0.238505
5370.50488 0.238359
5371.42383 0.238213
5372.34277 0.238087
5373.26221 0.237962
5374.18213 0.237838
5375.10107 0.237713
5376.02100 0.237589
5376.93994 0.237464
5377.85986 0.23734
5378.78076 0.237215
5379.70117 0.237091
5380.62109 0.236966
5381.54199 0.236844
5382.46191 0.236779
5383.38379 0.236714
5384.30518 0.236648
5385.22607 0.236583
5386.14697 0.236518
5387.06885 0.236453
5387.99023 0.236387
5388.91211 0.236322
5389.83398 0.236257
5390.75586 0.236191
5391.67920 0.236136
5392.60107 0.236121
5393.52393 0.236105
5394.44678 0.23609
5395.37012 0.236075
5396.29297 0.23606
5397.21582 0.236044
5398.14014 0.236029
5399.06299 0.236014
5399.98682 0.235998
5400.91113 0.235983
5401.83496 0.235952
5402.75879 0.235894
5403.68408 0.235836
5404.60791 0.235778
5405.53320 0.23572
5406.45801 0.235662
5407.38281 0.235604
5408.30811 0.235546
5409.23291 0.235488
5410.15918 0.23543
5411.08398 0.235372
5412.00977 0.235309
5412.93604 0.235242
5413.86182 0.235175
5414.78906 0.235108
5415.71484 0.235041
5416.64209 0.234974
5417.56787 0.234907
5418.49512 0.23484
5419.42188 0.234772
5420.35010 0.234706
5421.27686 0.234638
5422.20508 0.234531
5423.13184 0.23441
5424.06006 0.234289
5424.98779 0.234169
5425.91602 0.234048
5426.84521 0.233927
5427.77295 0.233807
5428.70215 0.233686
5429.62988 0.233565
5430.56006 0.233444
5431.48877 0.233323
5432.41797 0.233162
5433.34717 0.233
5434.27686 0.232838
5435.20703 0.232675
5436.13721 0.232513
5437.06689 0.232351
5437.99707 0.232189
5438.92676 0.232026
5439.85791 0.231864
5440.78906 0.231702
5441.72021 0.231537
5442.65088 0.231364
5443.58203 0.231191
5444.51318 0.231019
5445.44482 0.230846
5446.37598 0.230673
5447.30811 0.2305
5448.24023 0.230327
5449.17188 0.230154
5450.10498 0.229981
5451.03711 0.229808
5451.97021 0.229646
5452.90283 0.229495
5453.83594 0.229344
5454.76904 0.229193
5455.70215 0.229043
5456.63623 0.228892
5457.56885 0.228741
5458.50293 0.22859
5459.43701 0.228439
5460.37109 0.228288
5461.30518 0.228137
5462.24023 0.22791
5463.17383 0.227661
5464.10889 0.227412
5465.04395 0.227163
5465.97900 0.226914
5466.91406 0.226665
5467.84912 0.226416
5468.78516 0.226167
5469.72119 0.225917
5470.65576 0.225668
5471.59180 0.225388
5472.52783 0.224737
5473.46484 0.224086
5474.40088 0.223435
5475.33789 0.222783
5476.27490 0.222132
5477.21191 0.221481
5478.14893 0.220829
5479.08594 0.220178
5480.02295 0.219526
5480.96094 0.218874
5481.89893 0.217823
5482.83691 0.216176
5483.77490 0.21453
5484.71289 0.212882
5485.65088 0.211236
5486.58984 0.209588
5487.52881 0.20794
5488.46777 0.206292
5489.40723 0.204644
5490.34619 0.202996
5491.28516 0.201348
5492.22510 0.198619
5493.16504 0.195521
5494.10400 0.192422
5495.04395 0.189324
5495.98486 0.186223
5496.92480 0.183125
5497.86523 0.180025
5498.80615 0.176923
5499.74707 0.173822
5500.68799 0.17072
5501.62891 0.167496
5502.56982 0.163253
5503.51221 0.15901
5504.45410 0.154765
5505.39502 0.150522
5506.33691 0.146277
5507.27881 0.142031
5508.22217 0.137784
5509.16406 0.133538
5510.10596 0.129292
5511.04883 0.125044
5511.99219 0.120826
5512.93506 0.11664
5513.87793 0.112453
5514.82178 0.108265
5515.76611 0.104076
5516.70898 0.099888
5517.65283 0.095699
5518.59717 0.091508
5519.54199 0.087317
5520.48584 0.083126
5521.43018 0.078936
5522.37500 0.075774
5523.31982 0.072738
5524.26514 0.069702
5525.20996 0.066664
5526.15479 0.063627
5527.10107 0.06059
5528.04590 0.057552
5528.99219 0.054514
5529.93799 0.051476
5530.88379 0.048436
5531.83105 0.045732
5532.77686 0.04377
5533.72412 0.041807
5534.66992 0.039844
5535.61816 0.03788
5536.56396 0.035917
5537.51221 0.033953
5538.45898 0.031988
5539.40723 0.030025
5540.35400 0.028061
5541.30322 0.026095
5542.25000 0.024786
5543.19922 0.023693
5544.14697 0.022599
5545.09619 0.021506
5546.04395 0.020413
5546.99414 0.019319
5547.94189 0.018225
5548.89209 0.017132
5549.84082 0.016037
5550.79102 0.014943
5551.74023 0.013956
5552.68994 0.013374
5553.64014 0.012793
5554.58984 0.012211
5555.54102 0.011628
5556.49121 0.011046
5557.44189 0.010464
5558.39307 0.009882
5559.34424 0.0093
5560.29492 0.008717
5561.24707 0.008134
5562.19824 0.007734
5563.14893 0.007416
5564.10205 0.007097
5565.05420 0.006779
5566.00586 0.006461
5566.95801 0.006143
5567.91113 0.005825
5568.86279 0.005506
5569.81592 0.005188
5570.76904 0.004869
5571.72217 0.004577
5572.67480 0.0044
5573.62891 0.004224
5574.58301 0.004047
5575.53613 0.003871
5576.49023 0.003694
5577.44385 0.003518
5578.39795 0.003342
5579.35303 0.003165
5580.30811 0.002989
5581.26221 0.002813
5582.21680 0.002689
5583.17188 0.002587
5584.12695 0.002485
5585.08301 0.002383
5586.03906 0.002281
5586.99414 0.002179
5587.95020 0.002078
5588.90576 0.001976
5589.86182 0.001874
5590.81885 0.001772
5591.77490 0.00168
5592.73193 0.001619
5593.68896 0.001559
5594.64600 0.001499
5595.60303 0.001438
5596.56104 0.001378
5597.51807 0.001318
5598.47607 0.001257
5599.43408 0.001197
5600.39209 0.001136
5601.35010 0.001076
5602.30811 0.001035
5603.26709 0.000998
5604.22607 0.000962
5605.18506 0.000926
5606.14404 0.00089
5607.10303 0.000854
5608.06201 0.000817
5609.02100 0.000781
5609.98096 0.000745
5610.94092 0.000709
5611.90088 0.000678
5612.86084 0.000656
5613.82080 0.000634
5614.78223 0.000612
5615.74316 0.00059
5616.70410 0.000568
5617.66504 0.000547
5618.62500 0.000525
5619.58691 0.000503
5620.54785 0.000481
5621.50977 0.000459
5622.47217 0.000444
5623.43408 0.00043
5624.39600 0.000415
5625.35791 0.0004
6187.89355 0.0
