threeML/data/optical_filters/HST/WFC3_UVIS2-F645N.ecsv
# %ECSV 0.9
# ---
# datatype:
# - {name: wavelength, unit: Angstrom, datatype: float32}
# - {name: response, datatype: float32}
# meta: !!omap
# - {band_name: F645N}
# - {group_name: WFC3_UVIS2}
wavelength response
5736.28857 0.0
6373.65381 0.000464
6374.74512 0.000582
6375.83496 0.000701
6376.92578 0.000819
6378.01807 0.000938
6379.10791 0.001056
6380.20020 0.001174
6381.29199 0.001293
6382.38281 0.001827
6383.47607 0.00268
6384.56689 0.003531
6385.66016 0.004384
6386.75195 0.005236
6387.84521 0.006089
6388.93799 0.006942
6390.03076 0.007795
6391.12500 0.008648
6392.21777 0.010838
6393.31201 0.014924
6394.40576 0.019015
6395.50000 0.023104
6396.59424 0.027195
6397.68799 0.031288
6398.78320 0.035381
6399.87793 0.039477
6400.97314 0.043571
6402.06787 0.04894
6403.16309 0.057699
6404.25879 0.066463
6405.35400 0.075228
6406.45117 0.083997
6407.54590 0.092763
6408.64307 0.101538
6409.73877 0.11031
6410.83594 0.119078
6411.93311 0.127804
6413.02979 0.136274
6414.12695 0.144748
6415.22510 0.153224
6416.32178 0.1617
6417.41992 0.170175
6418.51807 0.178653
6419.61621 0.18713
6420.71387 0.195618
6421.81299 0.203951
6422.91211 0.207705
6424.01123 0.211462
6425.10986 0.215219
6426.20898 0.218976
6427.30908 0.222735
6428.40820 0.226495
6429.50781 0.230256
6430.60791 0.234015
6431.70801 0.237773
6432.80908 0.238611
6433.91016 0.239253
6435.00977 0.239896
6436.11084 0.240539
6437.21191 0.241182
6438.31396 0.241825
6439.41602 0.242469
6440.51709 0.243112
6441.61914 0.243755
6442.72119 0.243614
6443.82422 0.243339
6444.92578 0.243064
6446.02881 0.242789
6447.13184 0.242514
6448.23486 0.242239
6449.33789 0.241964
6450.44092 0.241679
6451.54492 0.241381
6452.64893 0.240848
6453.75293 0.240251
6454.85693 0.239654
6455.96094 0.239057
6457.06592 0.238459
6458.17090 0.237862
6459.27588 0.237265
6460.38086 0.236675
6461.48584 0.2361
6462.59180 0.235675
6463.69678 0.235305
6464.80322 0.234935
6465.91016 0.234565
6467.01611 0.234195
6468.12207 0.233824
6469.22900 0.233454
6470.33594 0.233083
6471.44287 0.232713
6472.54980 0.231665
6473.65723 0.230309
6474.76514 0.228953
6475.87305 0.227596
6476.98096 0.22624
6478.08887 0.224883
6479.19678 0.223526
6480.30615 0.222168
6481.41504 0.22081
6482.52295 0.216164
6483.63281 0.209828
6484.74219 0.203492
6485.85205 0.197156
6486.96094 0.190817
6488.07080 0.184477
6489.18115 0.178138
6490.29199 0.171791
6491.40186 0.165432
6492.51318 0.156624
6493.62402 0.146486
6494.73389 0.136349
6495.84619 0.126209
6496.95703 0.116071
6498.06885 0.10593
6499.18018 0.095795
6500.29199 0.08565
6501.40479 0.0755
6502.51709 0.06782
6503.62891 0.061481
6504.74219 0.055141
6505.85498 0.048804
6506.96777 0.042466
6508.08203 0.036131
6509.19482 0.029798
6510.30908 0.023464
6511.42188 0.017134
6512.53711 0.01404
6513.65088 0.012599
6514.76514 0.011158
6515.87988 0.009718
6516.99512 0.008278
6518.10986 0.006837
6519.22510 0.005398
6520.33984 0.003959
6521.45605 0.002519
6522.57178 0.001946
6523.68799 0.00176
6524.80420 0.001573
6525.91992 0.001387
6527.03711 0.001201
6528.15381 0.001016
6529.27100 0.00083
6530.38818 0.000644
6531.50488 0.000459
7184.65527 0.0
