threeML/data/optical_filters/HST/WFC3_UVIS1-F350LP.ecsv
# %ECSV 0.9
# ---
# datatype:
# - {name: wavelength, unit: Angstrom, datatype: float32}
# - {name: response, datatype: float32}
# meta: !!omap
# - {band_name: F350LP}
# - {group_name: WFC3_UVIS1}
wavelength response
[from data line 805]
3633.42407 0.198457
3634.04590 0.198526
3634.66699 0.198596
3635.28906 0.198665
3635.91089 0.198735
3636.53296 0.198805
3637.15601 0.198874
3637.77808 0.198944
3638.39990 0.199014
3639.02295 0.199083
3639.64502 0.199153
3640.26807 0.199228
3640.89111 0.199308
3641.51392 0.199383
3642.13696 0.199456
3642.76001 0.199529
3643.38306 0.199602
3644.00708 0.199675
3644.62988 0.199748
3645.25391 0.199821
3645.87695 0.199895
3646.50098 0.199968
3647.12500 0.200041
3647.74902 0.200114
3648.37305 0.200187
3648.99707 0.200261
3649.62207 0.200334
3650.24609 0.200403
3650.87109 0.200466
3651.49512 0.200535
3652.12012 0.200606
3652.74512 0.200677
3653.37012 0.200748
3653.99512 0.20082
3654.62012 0.200891
3655.24512 0.200963
3655.87109 0.201034
3656.49609 0.201105
3657.12207 0.201177
3657.74805 0.201248
3658.37402 0.20132
3658.99902 0.201392
3659.62500 0.201463
3660.25098 0.201539
3660.87793 0.201622
3661.50391 0.201695
3662.13110 0.201765
3662.75708 0.201835
3663.38403 0.201905
3664.01099 0.201975
3664.63696 0.202045
3665.26489 0.202115
3665.89209 0.202185
3666.51904 0.202255
3667.14600 0.202325
3667.77393 0.202395
3668.40088 0.202465
3669.02905 0.202536
3669.65601 0.202606
3670.28394 0.202671
3670.91211 0.20273
3671.54102 0.202798
3672.16895 0.202869
3672.79712 0.202939
3673.42505 0.20301
3674.05396 0.20308
3674.68188 0.20315
3675.31104 0.203221
3675.93994 0.203292
3676.56909 0.203362
3677.19800 0.203433
3677.82690 0.203503
3678.45605 0.203574
3679.08594 0.203645
3679.71509 0.203715
3680.34497 0.203786
3680.97412 0.203857
3681.60400 0.203914
3682.23389 0.203969
3682.86401 0.204024
3683.49390 0.204079
3684.12500 0.204135
3684.75488 0.20419
3685.38501 0.204245
3686.01611 0.204301
3686.64600 0.204356
3687.27710 0.204411
3687.90796 0.204467
3688.53906 0.204522
3689.16992 0.204578
3689.80103 0.204633
3690.43311 0.204696
3691.06396 0.204763
3691.69604 0.204824
3692.32690 0.204886
3692.95898 0.204948
3693.59106 0.205009
3694.22290 0.205071
3694.85498 0.205132
3695.48706 0.205194
3696.11890 0.205256
3696.75195 0.205318
3697.38403 0.205379
3698.01709 0.205441
3698.64893 0.205503
3699.28198 0.205565
3699.91504 0.205627
3700.54810 0.205679
3701.18091 0.205731
3701.81494 0.205788
3702.44800 0.205845
3703.08203 0.205902
3703.71509 0.205959
3704.34912 0.206016
3704.98193 0.206073
3705.61597 0.206131
3706.25000 0.206188
3706.88501 0.206245
3707.51904 0.206302
3708.15308 0.20636
3708.78809 0.206417
3709.42212 0.206474
3710.05688 0.206533
3710.69189 0.206601
3711.32593 0.206674
3711.96094 0.206751
3712.59595 0.206827
3713.23193 0.206904
3713.86694 0.206981
3714.50195 0.207058
3715.13794 0.207135
3715.77393 0.207212
3716.40894 0.207289
3717.04492 0.207366
3717.68091 0.207443
3718.31689 0.20752
3718.95288 0.207597
3719.59009 0.207674
3720.22607 0.207747
3720.86304 0.207813
3721.49902 0.207861
3722.13599 0.207902
3722.77295 0.207943
3723.40991 0.207984
3724.04712 0.208025
3724.68408 0.208066
3725.32104 0.208107
3725.95898 0.208148
3726.59595 0.208189
3727.23389 0.20823
3727.87207 0.208271
3728.50903 0.208313
3729.14697 0.208354
3729.78491 0.208395
3730.42310 0.208436
3731.06201 0.208477
3731.69995 0.208534
3732.33911 0.208592
3732.97705 0.208649
3733.61597 0.208706
3734.25488 0.208763
3734.89404 0.208821
3735.53198 0.208878
3736.17212 0.208935
3736.81104 0.208993
3737.44995 0.20905
3738.09009 0.209108
3738.72900 0.209165
3739.36890 0.209223
3740.00903 0.20928
3740.64893 0.209349
3741.28906 0.209417
3741.92896 0.209481
3742.56909 0.209545
3743.20898 0.20961
3743.85010 0.209674
3744.48999 0.209739
3745.13110 0.209803
3745.77197 0.209868
3746.41309 0.209932
3747.05298 0.209997
3747.69507 0.210061
3748.33594 0.210126
3748.97705 0.210191
3749.61890 0.210255
3750.26001 0.210315
3750.90210 0.210368
3751.54395 0.210412
3752.18604 0.210452
3752.82690 0.210492
3753.46899 0.210533
3754.11206 0.210573
3754.75391 0.210613
3755.39600 0.210654
3756.03906 0.210694
3756.68188 0.210734
3757.32397 0.210775
3757.96704 0.210815
3758.61011 0.210856
3759.25293 0.210896
3759.89600 0.210937
3760.54004 0.210987
3761.18311 0.211042
3761.82690 0.211114
3762.46997 0.211185
3763.11401 0.211256
3763.75806 0.211327
3764.40210 0.211398
3765.04590 0.21147
3765.68994 0.211541
3766.33398 0.211612
3766.97900 0.211683
3767.62305 0.211755
3768.26807 0.211826
3768.91309 0.211897
3769.55688 0.211969
3770.20190 0.212037
3770.84692 0.212096
3771.49292 0.212145
3772.13794 0.212189
3772.78296 0.212233
3773.42896 0.212277
3774.07397 0.212321
3774.71997 0.212365
3775.36597 0.212408
3776.01196 0.212452
3776.65796 0.212496
3777.30396 0.21254
3777.94995 0.212584
3778.59692 0.212628
3779.24292 0.212672
3779.88989 0.212716
3780.53711 0.21276
3781.18408 0.212803
3781.83105 0.212845
3782.47803 0.212888
3783.12500 0.21293
3783.77197 0.212972
3784.41895 0.213014
3785.06689 0.213057
3785.71411 0.213099
3786.36206 0.213141
3787.01001 0.213184
3787.65796 0.213226
3788.30591 0.213268
3788.95410 0.213311
3789.60205 0.213353
3790.25098 0.2134
3790.89893 0.213454
3791.54810 0.21351
3792.19702 0.213567
3792.84497 0.213624
3793.49390 0.213681
3794.14307 0.213738
3794.79199 0.213795
3795.44189 0.213852
3796.09106 0.213909
3796.74097 0.213966
3797.38989 0.214023
3798.04004 0.21408
3798.68994 0.214137
3799.34009 0.214194
3799.98999 0.214251
3800.63989 0.214349
3801.29004 0.21445
3801.94092 0.214553
3802.59106 0.214655
3803.24194 0.214758
3803.89209 0.214861
3804.54297 0.214964
3805.19409 0.215067
3805.84497 0.21517
3806.49609 0.215273
3807.14795 0.215376
3807.79907 0.215479
3808.44995 0.215582
3809.10205 0.215685
3809.75391 0.215788
3810.40601 0.215891
3811.05811 0.215994
3811.70996 0.2161
3812.36206 0.216205
3813.01392 0.216311
3813.66699 0.216417
3814.31909 0.216522
3814.97192 0.216628
3815.62402 0.216734
3816.27710 0.21684
3816.92993 0.216946
3817.58301 0.217052
3818.23608 0.217158
3818.88989 0.217264
3819.54297 0.21737
3820.19702 0.217479
3820.85010 0.217598
3821.50391 0.217709
3822.15796 0.217816
3822.81201 0.217922
3823.46606 0.218029
3824.12012 0.218136
3824.77393 0.218243
3825.42798 0.21835
3826.08301 0.218457
3826.73804 0.218564
3827.39209 0.218671
3828.04712 0.218778
3828.70190 0.218885
3829.35693 0.218993
3830.01196 0.2191
3830.66797 0.219194
3831.32300 0.219294
3831.97900 0.219404
3832.63403 0.219513
3833.29004 0.219622
3833.94604 0.219732
3834.60205 0.219841
3835.25806 0.219951
3835.91406 0.22006
3836.57007 0.22017
3837.22705 0.220279
3837.88306 0.220389
3838.54004 0.220499
3839.19702 0.220608
3839.85400 0.220718
3840.51001 0.220838
3841.16797 0.22096
3841.82495 0.221078
3842.48193 0.221197
3843.13989 0.221316
3843.79712 0.221435
3844.45508 0.221554
3845.11304 0.221673
3845.77100 0.221792
3846.42798 0.221911
3847.08691 0.22203
3847.74512 0.222149
3848.40308 0.222269
3849.06201 0.222388
3849.71997 0.222507
3850.37891 0.222619
3851.03809 0.222726
3851.69702 0.222826
3852.35498 0.222924
3853.01489 0.223023
3853.67407 0.223122
3854.33301 0.223221
3854.99292 0.22332
3855.65210 0.223419
3856.31201 0.223518
3856.97192 0.223617
3857.63208 0.223716
3858.29199 0.223815
3858.95190 0.223914
3859.61206 0.224013
3860.27197 0.224112
3860.93311 0.224211
3861.59302 0.224316
3862.25391 0.224422
3862.91504 0.224528
3863.57593 0.224634
3864.23706 0.22474
3864.89795 0.224846
3865.55908 0.224952
3866.22095 0.225059
3866.88208 0.225165
3867.54395 0.225271
3868.20508 0.225378
3868.86694 0.225484
3869.52905 0.225591
3870.19092 0.225701
3870.85400 0.22582
3871.51611 0.225935
3872.17798 0.226048
3872.84106 0.22616
3873.50293 0.226272
3874.16602 0.226385
3874.82910 0.226497
3875.49194 0.22661
3876.15503 0.226723
3876.81812 0.226835
3877.48096 0.226948
3878.14502 0.227061
3878.80811 0.227174
3879.47192 0.227287
3880.13599 0.227397
3880.80005 0.227497
3881.46411 0.227599
3882.12793 0.227703
3882.79199 0.227807
3883.45605 0.227911
3884.12109 0.228016
3884.78491 0.22812
3885.44995 0.228224
3886.11499 0.228328
3886.78003 0.228433
3887.44507 0.228537
3888.11011 0.228642
3888.77490 0.228746
3889.43994 0.228851
3890.10596 0.228955
3890.77100 0.22906
3891.43701 0.229163
3892.10303 0.229265
3892.76904 0.229368
3893.43506 0.22947
3894.10107 0.229572
3894.76709 0.229675
3895.43408 0.229777
3896.10010 0.22988
3896.76709 0.229982
3897.43311 0.230085
3898.10010 0.230187
3898.76709 0.23029
3899.43408 0.230393
3900.10107 0.230497
3900.76904 0.230613
3901.43604 0.230725
3902.10400 0.230833
3902.77100 0.230942
3903.43896 0.23105
3904.10693 0.231158
3904.77490 0.231267
3905.44312 0.231375
3906.11108 0.231484
3906.77905 0.231592
3907.44800 0.231701
3908.11597 0.231809
3908.78491 0.231918
3909.45410 0.232026
3910.12305 0.232133
3910.79199 0.232228
3911.46094 0.232335
3912.12988 0.232453
3912.79907 0.232571
3913.46899 0.232688
3914.13794 0.232806
3914.80811 0.232924
3915.47803 0.233042
3916.14795 0.23316
3916.81812 0.233278
3917.48804 0.233397
3918.15796 0.233515
3918.82910 0.233633
3919.49902 0.233752
3920.16992 0.23387
3920.84009 0.233988
3921.51099 0.234089
3922.18188 0.234178
3922.85303 0.234267
3923.52393 0.234356
3924.19604 0.234445
3924.86694 0.234534
3925.53906 0.234623
3926.20996 0.234712
3926.88208 0.234801
3927.55396 0.234891
3928.22607 0.23498
3928.89795 0.235069
3929.57007 0.235158
3930.24194 0.235252
3930.91504 0.235355
3931.58691 0.235476
3932.26001 0.235604
3932.93311 0.235733
3933.60596 0.235862
3934.27905 0.23599
3934.95190 0.236119
3935.62500 0.236247
3936.29907 0.236376
3936.97192 0.236505
3937.64600 0.236634
3938.31909 0.236763
3938.99292 0.236892
3939.66699 0.237021
3940.34106 0.237143
3941.01489 0.237258
3941.68994 0.237345
3942.36401 0.237426
3943.03906 0.237507
3943.71289 0.237588
3944.38794 0.237669
3945.06299 0.23775
3945.73804 0.237831
3946.41309 0.237912
3947.08789 0.237993
3947.76294 0.238075
3948.43896 0.238156
3949.11499 0.238237
3949.79004 0.238318
3950.46606 0.238399
3951.14209 0.238481
3951.81812 0.238584
3952.49390 0.238687
3953.16992 0.23879
3953.84595 0.238893
3954.52295 0.238996
3955.19995 0.239099
3955.87598 0.239202
3956.55298 0.239305
3957.22998 0.239408
3957.90698 0.239511
3958.58398 0.239614
3959.26196 0.239718
3959.93896 0.239821
3960.61694 0.239937
3961.29395 0.240056
3961.97192 0.240183
3962.64990 0.24031
3963.32788 0.240437
3964.00610 0.240564
3964.68408 0.240691
3965.36304 0.240819
3966.04102 0.240946
3966.71899 0.241073
3967.39795 0.241201
3968.07690 0.241328
3968.75610 0.241455
3969.43506 0.241583
3970.11401 0.241708
3970.79297 0.241821
3971.47290 0.241921
3972.15210 0.242009
3972.83203 0.242096
3973.51099 0.242183
3974.19092 0.242271
3974.87109 0.242358
3975.55200 0.242446
3976.23193 0.242533
3976.91211 0.242621
3977.59204 0.242708
3978.27295 0.242796
3978.95410 0.242884
3979.63403 0.242971
3980.31494 0.243059
3980.99609 0.243146
3981.67700 0.243258
3982.35889 0.243376
3983.04004 0.243495
3983.72095 0.243613
3984.40308 0.243731
3985.08496 0.243849
3985.76709 0.243968
3986.44800 0.244086
3987.13110 0.244204
3987.81299 0.244323
3988.49512 0.244441
3989.17700 0.24456
3989.86011 0.244678
3990.54297 0.244808
3991.22510 0.244937
3991.90796 0.245044
3992.59106 0.24515
3993.27393 0.245257
3993.95801 0.245364
3994.64111 0.24547
3995.32397 0.245577
3996.00806 0.245684
3996.69189 0.24579
3997.37500 0.245897
3998.06006 0.246004
3998.74292 0.246111
3999.42798 0.246218
4000.11206 0.246312
4000.79590 0.246341
4001.48096 0.246375
4002.16602 0.246413
4002.85010 0.246451
4003.53491 0.24649
4004.21997 0.246528
4004.90503 0.246566
4005.59009 0.246604
4006.27588 0.246642
4006.96094 0.24668
4007.64697 0.246719
4008.33301 0.246757
4009.01807 0.246795
4009.70410 0.246833
4010.38989 0.246871
4011.07593 0.24691
4011.76294 0.246938
4012.44897 0.246965
4013.13501 0.246992
4013.82202 0.24702
4014.50903 0.247047
4015.19604 0.247074
4015.88306 0.247102
4016.57007 0.247129
4017.25708 0.247157
4017.94409 0.247184
4018.63208 0.247211
4019.31909 0.247239
4020.00708 0.247266
4020.69507 0.247308
4021.38306 0.247358
4022.07104 0.247421
4022.75903 0.247485
4023.44702 0.247549
4024.13599 0.247613
4024.82397 0.247677
4025.51294 0.247741
4026.20190 0.247805
4026.88989 0.247869
4027.57910 0.247933
4028.26904 0.247997
4028.95801 0.248061
4029.64697 0.248125
4030.33594 0.248187
4031.02588 0.248247
4031.71606 0.248295
4032.40601 0.24834
4033.09497 0.248386
4033.78491 0.248431
4034.47607 0.248477
4035.16602 0.248522
4035.85596 0.248568
4036.54712 0.248613
4037.23804 0.248659
4037.92798 0.248704
4038.61890 0.24875
4039.31006 0.248796
4040.00098 0.248841
4040.69189 0.248887
4041.38403 0.248934
4042.07495 0.248983
4042.76709 0.249033
4043.45801 0.249083
4044.14990 0.249133
4044.84204 0.249183
4045.53394 0.249233
4046.22705 0.249283
4046.91895 0.249333
4047.61108 0.249383
4048.30396 0.249433
4048.99609 0.249482
4049.68896 0.249532
4050.38208 0.24959
4051.07495 0.249655
4051.76807 0.249712
4052.46094 0.249768
4053.15503 0.249824
4053.84790 0.24988
4054.54199 0.249936
4055.23511 0.249991
4055.92896 0.250047
4056.62305 0.250103
4057.31689 0.250159
4058.01099 0.250215
4058.70605 0.250271
4059.39990 0.250327
4060.09497 0.250381
4060.78906 0.250422
4061.48389 0.250468
4062.17896 0.250519
4062.87402 0.25057
4063.56909 0.250621
4064.26392 0.250673
4064.95996 0.250724
4065.65503 0.250775
4066.35107 0.250826
4067.04712 0.250877
4067.74194 0.250928
4068.43799 0.25098
4069.13501 0.251031
4069.83105 0.251082
4070.52710 0.251133
4071.22412 0.251184
4071.91992 0.251237
4072.61694 0.251289
4073.31396 0.251341
4074.01001 0.251394
4074.70801 0.251446
4075.40503 0.251499
4076.10205 0.251551
4076.79907 0.251604
4077.49707 0.251656
4078.19507 0.251709
4078.89209 0.251761
4079.59009 0.251814
4080.28809 0.251872
4080.98608 0.25194
4081.68506 0.251991
4082.38306 0.252037
4083.08105 0.252083
4083.78003 0.252129
4084.47900 0.252175
4085.17700 0.252221
4085.87598 0.252267
4086.57495 0.252313
4087.27490 0.25236
4087.97412 0.252406
4088.67310 0.252452
4089.37305 0.252498
4090.07300 0.252543
4090.77197 0.252573
4091.47192 0.252615
4092.17212 0.252668
4092.87305 0.252722
4093.57300 0.252776
4094.27295 0.25283
4094.97412 0.252884
4095.67407 0.252938
4096.37500 0.252992
4097.07617 0.253046
4097.77686 0.2531
4098.47803 0.253154
4099.17920 0.253208
4099.88086 0.253262
4100.58203 0.253316
4101.28418 0.253369
4101.98486 0.253416
4102.68701 0.253463
4103.38916 0.25351
4104.09082 0.253557
4104.79297 0.253604
4105.49609 0.253651
4106.19824 0.253699
4106.90088 0.253746
4107.60400 0.253793
4108.30615 0.253841
4109.00879 0.253888
4109.71191 0.253935
4110.41504 0.253991
4111.11914 0.254054
4111.82178 0.25412
4112.52490 0.254187
4113.22900 0.254254
4113.93311 0.254321
4114.63721 0.254388
4115.34082 0.254454
4116.04492 0.254522
4116.74902 0.254588
4117.45312 0.254655
4118.15820 0.254722
4118.86182 0.254789
4119.56689 0.254856
4120.27197 0.254918
4120.97705 0.254969
4121.68213 0.255016
4122.38721 0.255061
4123.09180 0.255107
4123.79785 0.255153
4124.50293 0.255198
4125.20898 0.255244
4125.91504 0.255289
4126.62109 0.255335
4127.32715 0.255381
4128.03320 0.255426
4128.73877 0.255472
4129.44580 0.255518
4130.15186 0.255563
4130.85889 0.255609
4131.56592 0.255643
4132.27197 0.255668
4132.97900 0.255694
4133.68701 0.255719
4134.39404 0.255745
4135.10205 0.25577
4135.80908 0.255796
4136.51709 0.255821
4137.22412 0.255847
4137.93213 0.255872
4138.64014 0.255898
4139.34814 0.255923
4140.05713 0.255949
4140.76514 0.255974
4141.47314 0.256014
4142.18213 0.256074
4142.89111 0.256134
4143.59912 0.256194
4144.30811 0.256253
4145.01807 0.256313
4145.72705 0.256373
4146.43604 0.256433
4147.14600 0.256493
4147.85498 0.256552
4148.56396 0.256612
4149.27393 0.256672
4149.98389 0.256732
4150.69385 0.256807
4151.40381 0.256878
4152.11523 0.25694
4152.82520 0.257002
4153.53613 0.257064
4154.24609 0.257126
4154.95703 0.257189
4155.66797 0.257251
4156.37891 0.257313
4157.08984 0.257375
4157.80078 0.257437
4158.51318 0.257499
4159.22412 0.257562
4159.93604 0.257624
4160.64697 0.257672
4161.35889 0.257716
4162.07080 0.257754
4162.78418 0.257792
4163.49609 0.257829
4164.20801 0.257867
4164.91992 0.257905
4165.63281 0.257943
4166.34619 0.257981
4167.05908 0.258018
