threeML/data/optical_filters/HST/WFC3_IR-F127M.ecsv
# %ECSV 0.9
# ---
# datatype:
# - {name: wavelength, unit: Angstrom, datatype: float32}
# - {name: response, datatype: float32}
# meta: !!omap
# - {band_name: F127M}
# - {group_name: WFC3_IR}
wavelength response
10949.13867 0.0
12165.70996 0.000406
12166.70020 0.000423
12167.69043 0.000441
12168.66992 0.000458
12169.66016 0.000476
12170.65039 0.000493
12171.63965 0.000511
12172.62012 0.000528
12173.61035 0.000545
12174.59961 0.000563
12175.58984 0.00058
12176.57031 0.000598
12177.55957 0.000615
12178.54980 0.000633
12179.54004 0.00065
12180.53027 0.000668
12181.50977 0.000685
12182.50000 0.000703
12183.49023 0.000721
12184.48047 0.000741
12185.46973 0.000761
12186.45996 0.000781
12187.44043 0.000801
12188.42969 0.000822
12189.41992 0.000842
12190.41016 0.000862
12191.40039 0.000882
12192.38965 0.000903
12193.37988 0.000923
12194.37012 0.000943
12195.36035 0.000963
12196.34961 0.000983
12197.33008 0.001004
12198.32031 0.001024
12199.30957 0.001044
12200.29980 0.001064
12201.29004 0.001084
12202.28027 0.001105
12203.26953 0.001125
12204.25977 0.001148
12205.25000 0.001171
12206.24023 0.001195
12207.23047 0.001218
12208.21973 0.001242
12209.20996 0.001265
12210.20020 0.001288
12211.19043 0.001312
12212.19043 0.001335
12213.17969 0.001359
12214.16992 0.001383
12215.16016 0.001406
12216.15039 0.00143
12217.13965 0.001453
12218.12988 0.001477
12219.12012 0.0015
12220.11035 0.001524
12221.09961 0.001547
12222.09961 0.001571
12223.08984 0.001594
12224.08008 0.001645
12225.07031 0.001706
12226.05957 0.001767
12227.04980 0.001828
12228.04980 0.001889
12229.04004 0.001949
12230.03027 0.00201
12231.01953 0.002071
12232.00977 0.002132
12233.00977 0.002193
12234.00000 0.002254
12234.99023 0.002314
12235.98047 0.002375
12236.98047 0.002436
12237.96973 0.002497
12238.95996 0.002558
12239.95996 0.002619
12240.95020 0.00268
12241.94043 0.002741
12242.92969 0.002802
12243.92969 0.00288
12244.91992 0.002972
12245.91016 0.003064
12246.91016 0.003156
12247.90039 0.003248
12248.88965 0.00334
12249.88965 0.003432
12250.87988 0.003524
12251.87988 0.003616
12252.87012 0.003708
12253.86035 0.003801
12254.86035 0.003893
12255.84961 0.003985
12256.84961 0.004078
12257.83984 0.00417
12258.83008 0.004263
12259.83008 0.004355
12260.82031 0.004447
12261.82031 0.004539
12262.80957 0.004631
12263.80957 0.004764
12264.79980 0.004947
12265.79980 0.005129
12266.79004 0.005311
12267.79004 0.005493
12268.78027 0.005675
12269.78027 0.005857
12270.76953 0.006039
12271.76953 0.006221
12272.75977 0.006403
12273.75977 0.006586
12274.75977 0.006768
12275.75000 0.00695
12276.75000 0.007132
12277.74023 0.007315
12278.74023 0.007497
12279.74023 0.00768
12280.73047 0.007862
12281.73047 0.008044
12282.71973 0.008227
12283.71973 0.008473
12284.71973 0.00883
12285.70996 0.009187
12286.70996 0.009544
12287.70996 0.009901
12288.70020 0.010259
12289.70020 0.010616
12290.70020 0.010974
12291.69043 0.011332
12292.69043 0.011691
12293.69043 0.012049
12294.69043 0.012408
12295.67969 0.012767
12296.67969 0.013126
12297.67969 0.013485
12298.67969 0.013844
12299.66992 0.014203
12300.66992 0.014562
12301.66992 0.01492
12302.66992 0.015278
12303.66992 0.015743
12304.66016 0.016455
12305.66016 0.017167
12306.66016 0.017879
12307.66016 0.01859
12308.66016 0.019303
12309.66016 0.020015
12310.65039 0.020728
12311.65039 0.02144
12312.65039 0.022153
12313.65039 0.022865
12314.65039 0.023578
12315.65039 0.024291
12316.65039 0.025004
12317.65039 0.025717
12318.65039 0.02643
12319.63965 0.027143
12320.63965 0.027857
12321.63965 0.02857
12322.63965 0.029284
12323.63965 0.030192
12324.63965 0.031622
12325.63965 0.033052
12326.63965 0.034483
12327.63965 0.035913
12328.63965 0.037344
12329.63965 0.038775
12330.63965 0.040208
12331.63965 0.041642
12332.63965 0.043078
12333.63965 0.044513
12334.63965 0.04595
12335.63965 0.047386
12336.65039 0.048824
12337.65039 0.050261
12338.65039 0.0517
12339.65039 0.053138
12340.65039 0.054574
12341.65039 0.056008
12342.65039 0.057443
12343.65039 0.059236
12344.65039 0.061961
12345.66016 0.064686
12346.66016 0.067414
12347.66016 0.070143
12348.66016 0.072868
12349.66016 0.075597
12350.66016 0.078325
12351.66992 0.081054
12352.66992 0.083783
12353.66992 0.086512
12354.66992 0.089242
12355.66992 0.091974
12356.67969 0.094704
12357.67969 0.097433
12358.67969 0.100166
12359.67969 0.102899
12360.69043 0.105629
12361.69043 0.108362
12362.69043 0.111095
12363.70020 0.114451
12364.70020 0.119175
12365.70020 0.123899
12366.70020 0.128624
12367.70996 0.133353
12368.70996 0.138078
12369.70996 0.142803
12370.71973 0.147542
12371.71973 0.152286
12372.71973 0.157026
12373.73047 0.161772
12374.73047 0.166518
12375.74023 0.171266
12376.74023 0.176015
12377.74023 0.180765
12378.75000 0.185516
12379.75000 0.190273
12380.75977 0.195014
12381.75977 0.199756
12382.76953 0.204493
12383.76953 0.209828
12384.76953 0.216115
12385.78027 0.222408
12386.78027 0.228702
12387.79004 0.234996
12388.79004 0.241291
12389.79980 0.247585
12390.79980 0.253881
12391.80957 0.260183
12392.80957 0.266479
12393.82031 0.272781
12394.83008 0.279078
12395.83008 0.285381
12396.83984 0.291679
12397.83984 0.297983
12398.84961 0.304287
12399.84961 0.310592
12400.86035 0.3169
12401.87012 0.32321
12402.87012 0.329526
12403.87988 0.335435
12404.87988 0.340915
12405.88965 0.346401
12406.90039 0.351882
12407.90039 0.357369
12408.91016 0.362856
12409.91992 0.368338
12410.91992 0.373855
12411.92969 0.379376
12412.94043 0.384898
12413.94043 0.390421
12414.95020 0.395952
12415.95996 0.401478
12416.95996 0.407006
12417.96973 0.41254
12418.98047 0.418071
12419.99023 0.423608
12421.00000 0.429111
12422.00000 0.434614
12423.00977 0.440112
12424.01953 0.444159
12425.03027 0.447293
12426.03027 0.450429
12427.04004 0.453563
12428.04980 0.456697
12429.05957 0.459834
12430.07031 0.462969
12431.08008 0.466107
12432.08008 0.469242
12433.08984 0.472381
12434.09961 0.475519
12435.11035 0.478658
12436.12012 0.481797
12437.12988 0.484937
12438.13965 0.488077
12439.13965 0.491217
12440.15039 0.494357
12441.16016 0.4975
12442.16992 0.500641
12443.17969 0.503785
12444.19043 0.505287
12445.20020 0.506325
12446.20996 0.507364
12447.21973 0.508402
12448.23047 0.509441
12449.24023 0.51048
12450.25000 0.511529
12451.25977 0.512612
12452.26953 0.513695
12453.28027 0.514778
12454.29004 0.515862
12455.29980 0.516946
12456.30957 0.51803
12457.32031 0.519114
12458.33008 0.5202
12459.33984 0.521285
12460.34961 0.522355
12461.36035 0.523397
12462.37012 0.524439
12463.38965 0.525482
12464.40039 0.525656
12465.41016 0.52581
12466.41992 0.525964
12467.42969 0.526118
12468.44043 0.526272
12469.45020 0.526426
12470.45996 0.52658
12471.48047 0.526734
12472.49023 0.526889
12473.50000 0.527043
12474.50977 0.527197
12475.51953 0.527351
12476.54004 0.527505
12477.54980 0.52766
12478.55957 0.527814
12479.57031 0.527968
12480.58008 0.528123
12481.59961 0.528277
12482.61035 0.528431
12483.62012 0.528518
12484.62988 0.528344
12485.65039 0.528171
12486.66016 0.527997
12487.66992 0.527823
12488.69043 0.527649
12489.70020 0.527476
12490.70996 0.527333
12491.73047 0.527204
12492.74023 0.527075
12493.75000 0.526945
12494.76953 0.526816
12495.78027 0.526686
12496.79004 0.526557
12497.80957 0.526427
12498.82031 0.526298
12499.83008 0.526168
12500.84961 0.525991
12501.86035 0.525805
12502.87988 0.525618
12503.88965 0.525387
12504.91016 0.525103
12505.91992 0.52482
12506.94043 0.524537
12507.95020 0.524254
12508.95996 0.52397
12509.98047 0.523687
12510.99023 0.523403
12512.00977 0.52312
12513.01953 0.522836
12514.04004 0.522553
12515.04980 0.522269
12516.07031 0.521986
12517.08008 0.521702
12518.09961 0.521418
12519.12012 0.521135
12520.12988 0.520851
12521.15039 0.520567
12522.16016 0.520283
12523.17969 0.519999
12524.19043 0.519728
12525.20996 0.519461
12526.23047 0.519194
12527.24023 0.518926
12528.25977 0.518659
12529.28027 0.518392
12530.29004 0.518137
12531.30957 0.517913
12532.33008 0.517689
12533.33984 0.517466
12534.36035 0.517242
12535.37012 0.517019
12536.38965 0.516795
12537.41016 0.516571
12538.42969 0.516347
12539.44043 0.516122
12540.45996 0.515879
12541.48047 0.51561
12542.50000 0.515343
12543.50977 0.515073
12544.53027 0.514782
12545.54980 0.514492
12546.57031 0.514201
12547.58008 0.513911
12548.59961 0.51362
12549.62012 0.51333
12550.63965 0.513039
12551.66016 0.512749
12552.66992 0.512458
12553.69043 0.512167
12554.70996 0.511877
12555.73047 0.511586
12556.75000 0.511295
12557.76953 0.511004
12558.78027 0.510714
12559.79980 0.510422
12560.82031 0.510166
12561.83984 0.509919
12562.86035 0.509671
12563.87988 0.509451
12564.90039 0.509267
12565.91992 0.509084
12566.94043 0.5089
12567.95996 0.508716
12568.98047 0.508532
12570.00000 0.508348
12571.01953 0.508121
12572.04004 0.507893
12573.05957 0.507666
12574.08008 0.507438
12575.09961 0.507211
12576.12012 0.506983
12577.13965 0.506756
12578.16016 0.506528
12579.17969 0.506301
12580.20020 0.506073
12581.21973 0.505845
12582.24023 0.505618
12583.25977 0.50539
12584.28027 0.505201
12585.29980 0.505021
12586.32031 0.504841
12587.33984 0.50466
12588.36035 0.50448
12589.37988 0.5043
12590.41016 0.504119
12591.42969 0.503939
12592.45020 0.503758
12593.46973 0.503578
12594.49023 0.503397
12595.50977 0.503217
12596.54004 0.503036
12597.55957 0.502856
12598.58008 0.502675
12599.59961 0.502494
12600.62012 0.502339
12601.65039 0.502199
12602.66992 0.502058
12603.69043 0.50193
12604.70996 0.501841
12605.74023 0.501751
12606.75977 0.501661
12607.78027 0.501571
12608.79980 0.501481
12609.83008 0.501391
12610.84961 0.501266
12611.87012 0.501133
12612.90039 0.501
12613.91992 0.500867
12614.94043 0.500735
12615.95996 0.500602
12616.99023 0.500469
12618.00977 0.500336
12619.04004 0.500203
12620.05957 0.50007
12621.08008 0.499938
12622.11035 0.499805
12623.12988 0.499672
12624.15039 0.499635
12625.17969 0.499642
12626.20020 0.49965
12627.23047 0.499657
12628.25000 0.499665
12629.28027 0.499672
12630.29980 0.499679
12631.33008 0.499686
12632.34961 0.499694
12633.37012 0.499701
12634.40039 0.499709
12635.41992 0.499716
12636.45020 0.499723
12637.46973 0.499731
12638.50000 0.499738
12639.53027 0.499745
12640.54980 0.499776
12641.58008 0.499826
12642.59961 0.499876
12643.62988 0.499939
12644.65039 0.500071
12645.67969 0.500202
12646.70020 0.500334
12647.73047 0.500466
12648.75977 0.500597
12649.78027 0.500729
12650.80957 0.500827
12651.83008 0.500916
12652.86035 0.501005
12653.88965 0.501094
12654.91016 0.501183
12655.94043 0.501272
12656.96973 0.501361
12657.99023 0.50145
12659.01953 0.50154
12660.04980 0.501629
12661.08008 0.501718
12662.09961 0.501807
12663.12988 0.501896
12664.16016 0.502053
12665.17969 0.502244
12666.20996 0.502434
12667.24023 0.502625
12668.26953 0.502816
12669.29004 0.503007
12670.32031 0.503197
12671.34961 0.503388
12672.37988 0.503579
12673.41016 0.503769
12674.42969 0.50396
12675.45996 0.504151
12676.49023 0.504341
12677.51953 0.504533
12678.54980 0.504723
12679.58008 0.504914
12680.59961 0.50513
12681.62988 0.505364
12682.66016 0.505599
12683.69043 0.505846
12684.71973 0.506139
12685.75000 0.506433
12686.78027 0.506727
12687.80957 0.507021
12688.83984 0.507315
12689.87012 0.507609
12690.88965 0.507865
12691.91992 0.508116
12692.95020 0.508367
12693.98047 0.508617
12695.00977 0.508868
12696.04004 0.509119
12697.07031 0.50937
12698.09961 0.509621
12699.12988 0.509871
12700.16016 0.510122
12701.19043 0.510373
12702.21973 0.510624
12703.25000 0.510875
12704.29004 0.511162
12705.32031 0.511458
12706.34961 0.511754
12707.37988 0.512051
12708.41016 0.512347
12709.44043 0.512644
12710.46973 0.51294
12711.50000 0.513236
12712.53027 0.513533
12713.55957 0.51383
12714.58984 0.514126
12715.62988 0.514423
12716.66016 0.514719
12717.69043 0.515016
12718.71973 0.515313
12719.75000 0.51561
12720.78027 0.51594
12721.82031 0.516281
12722.84961 0.516622
12723.87988 0.516951
12724.91016 0.517262
12725.95020 0.517572
12726.98047 0.517882
12728.00977 0.518193
12729.04004 0.518503
12730.08008 0.518811
12731.11035 0.519077
12732.13965 0.519343
12733.16992 0.519609
12734.20996 0.519875
12735.24023 0.520141
12736.26953 0.520408
12737.30957 0.520674
12738.33984 0.52094
12739.37012 0.521207
12740.41016 0.521473
12741.44043 0.52174
12742.46973 0.522006
12743.50977 0.522271
12744.54004 0.522475
12745.57031 0.522679
12746.61035 0.522883
12747.63965 0.523087
12748.67969 0.523291
12749.70996 0.523495
12750.75000 0.523699
12751.78027 0.523903
12752.80957 0.524107
12753.84961 0.524311
12754.87988 0.524516
12755.91992 0.52472
12756.95020 0.524924
12757.99023 0.525128
12759.01953 0.525332
12760.05957 0.525536
12761.08984 0.525741
12762.12988 0.525945
12763.16016 0.52615
12764.20020 0.526336
12765.23047 0.526515
12766.26953 0.526694
12767.29980 0.526872
12768.33984 0.527051
12769.37988 0.52723
12770.41016 0.527427
12771.45020 0.527651
12772.48047 0.527875
12773.51953 0.5281
12774.55957 0.528324
12775.58984 0.528549
12776.62988 0.528773
12777.66992 0.528998
12778.70020 0.529222
12779.74023 0.529447
12780.78027 0.529638
12781.80957 0.529817
12782.84961 0.529996
12783.88965 0.530121
12784.91992 0.530154
12785.95996 0.530188
12787.00000 0.530221
12788.04004 0.530255
12789.07031 0.530288
12790.11035 0.530322
12791.15039 0.530355
12792.19043 0.530389
12793.21973 0.530422
12794.25977 0.530456
12795.29980 0.530489
12796.33984 0.530523
12797.37012 0.530557
12798.41016 0.53059
12799.45020 0.530624
12800.49023 0.530653
12801.53027 0.530678
12802.57031 0.530702
12803.59961 0.530725
12804.63965 0.530738
12805.67969 0.530752
12806.71973 0.530764
12807.75977 0.530777
12808.79980 0.530791
12809.83984 0.530803
12810.87988 0.530855
12811.91992 0.530914
12812.95996 0.530973
12814.00000 0.531032
12815.04004 0.531091
12816.07031 0.53115
12817.11035 0.531208
12818.15039 0.531268
12819.19043 0.531326
12820.23047 0.531375
12821.26953 0.531388
12822.30957 0.531401
12823.34961 0.531414
12824.38965 0.531417
12825.42969 0.531419
12826.46973 0.53142
12827.51953 0.531422
12828.55957 0.531424
12829.59961 0.531425
12830.63965 0.531427
12831.67969 0.531428
12832.71973 0.53143
12833.75977 0.531431
12834.79980 0.531433
12835.83984 0.531435
12836.87988 0.531436
12837.91992 0.531438
12838.96973 0.531439
12840.00977 0.531441
12841.04980 0.531443
12842.08984 0.531444
12843.12988 0.531446
12844.16992 0.531435
12845.21973 0.531416
12846.25977 0.531397
12847.29980 0.531379
12848.33984 0.53136
12849.38965 0.531342
12850.42969 0.531342
12851.46973 0.531369
12852.50977 0.531397
12853.55957 0.531424
12854.59961 0.531452
12855.63965 0.531479
12856.67969 0.531506
12857.73047 0.531534
12858.76953 0.531561
12859.80957 0.531589
12860.86035 0.531578
12861.90039 0.53156
12862.94043 0.531541
12863.99023 0.531532
12865.03027 0.531533
12866.07031 0.531535
12867.12012 0.531536
12868.16016 0.531538
12869.20996 0.531539
12870.25000 0.531541
12871.29004 0.531543
12872.33984 0.531544
12873.37988 0.531546
12874.42969 0.531547
12875.46973 0.531549
12876.50977 0.53155
12877.55957 0.531552
12878.59961 0.531554
12879.65039 0.531555
12880.69043 0.531557
12881.74023 0.531558
12882.78027 0.53156
12883.83008 0.531564
12884.87012 0.531574
12885.91992 0.531584
12886.95996 0.531594
12888.00977 0.531605
12889.05957 0.531615
12890.09961 0.53163
12891.15039 0.531686
12892.19043 0.531742
12893.24023 0.531798
12894.28027 0.531855
12895.33008 0.531911
12896.37988 0.531968
12897.41992 0.532024
12898.46973 0.53208
12899.51953 0.532137
12900.55957 0.532168
12901.61035 0.532178
12902.65039 0.532189
12903.70020 0.532207
12904.75000 0.53227
12905.79004 0.532332
12906.83984 0.532394
12907.88965 0.532457
12908.94043 0.532519
12909.98047 0.532581
12911.03027 0.532644
12912.08008 0.532706
12913.12988 0.532768
12914.16992 0.53283
12915.21973 0.532893
12916.26953 0.532955
12917.32031 0.533017
12918.36035 0.53308
12919.41016 0.533142
12920.45996 0.533204
12921.50977 0.533267
12922.55957 0.533329
12923.59961 0.533388
12924.65039 0.533404
12925.70020 0.53342
12926.75000 0.533436
12927.79980 0.533452
12928.84961 0.533468
12929.90039 0.533485
12930.95020 0.533542
12931.99023 0.533605
12933.04004 0.533667
12934.08984 0.533729
12935.13965 0.533792
12936.19043 0.533854
12937.24023 0.533917
12938.29004 0.533979
12939.33984 0.534042
12940.38965 0.534087
12941.44043 0.534103
12942.49023 0.534119
12943.54004 0.534135
