threeML/data/optical_filters/HST/WFC3_IR-F105W.ecsv
# %ECSV 0.9
# ---
# datatype:
# - {name: wavelength, unit: Angstrom, datatype: float32}
# - {name: response, datatype: float32}
# meta: !!omap
# - {band_name: F105W}
# - {group_name: WFC3_IR}
wavelength response
[from data line 805]
9454.61621 0.426516
9455.38281 0.426499
9456.15039 0.426481
9456.91699 0.426463
9457.68457 0.426446
9458.45215 0.426428
9459.21875 0.426411
9459.98633 0.426393
9460.75391 0.426375
9461.52148 0.426357
9462.28906 0.426339
9463.05664 0.426241
9463.82422 0.426089
9464.59180 0.425938
9465.35938 0.425786
9466.12793 0.425633
9466.89648 0.425482
9467.66309 0.425329
9468.43164 0.425177
9469.19922 0.425025
9469.96777 0.424873
9470.73633 0.424694
9471.50391 0.424514
9472.27246 0.424334
9473.04102 0.424154
9473.80957 0.423973
9474.57812 0.423793
9475.34668 0.423613
9476.11523 0.423432
9476.88379 0.423252
9477.65234 0.423072
9478.42188 0.422891
9479.19043 0.422711
9479.95996 0.42253
9480.72852 0.422375
9481.49805 0.422222
9482.26660 0.422069
9483.03613 0.421942
9483.80566 0.421836
9484.57520 0.42173
9485.34375 0.421625
9486.11328 0.421519
9486.88281 0.421413
9487.65234 0.421306
9488.42285 0.4212
9489.19238 0.421094
9489.96191 0.420988
9490.73145 0.420882
9491.50195 0.420775
9492.27148 0.420669
9493.04199 0.420562
9493.81152 0.420456
9494.58203 0.420349
9495.35254 0.420242
9496.12207 0.420136
9496.89258 0.420029
9497.66309 0.419922
9498.43359 0.419815
9499.20410 0.419708
9499.97461 0.419601
9500.74512 0.419463
9501.51660 0.419323
9502.28711 0.419184
9503.05762 0.419108
9503.82910 0.419078
9504.59961 0.419048
9505.37109 0.419018
9506.14160 0.418988
9506.91309 0.418958
9507.68457 0.418928
9508.45605 0.418898
9509.22656 0.418868
9509.99805 0.418837
9510.76953 0.418835
9511.54102 0.418832
9512.31348 0.418829
9513.08496 0.418826
9513.85645 0.418823
9514.62793 0.41882
9515.40039 0.418817
9516.17188 0.418814
9516.94434 0.418811
9517.71582 0.418807
9518.48828 0.418805
9519.25977 0.418801
9520.03223 0.418797
9520.80469 0.418767
9521.57715 0.418736
9522.34961 0.418706
9523.12207 0.418762
9523.89453 0.418864
9524.66699 0.418966
9525.43945 0.419068
9526.21289 0.41917
9526.98535 0.419272
9527.75781 0.419374
9528.53125 0.419476
9529.30371 0.419578
9530.07715 0.419683
9530.85059 0.419813
9531.62305 0.419942
9532.39648 0.420071
9533.16992 0.420201
9533.94336 0.42033
9534.71680 0.42046
9535.49023 0.42059
9536.26367 0.420719
9537.03711 0.420849
9537.81055 0.420978
9538.58496 0.421108
9539.35840 0.421238
9540.13184 0.421368
9540.90625 0.421498
9541.67969 0.421627
9542.45410 0.421757
9543.22852 0.421901
9544.00293 0.422048
9544.77637 0.422195
9545.55078 0.422342
9546.32520 0.422489
9547.09961 0.422636
9547.87402 0.422783
9548.64844 0.422931
9549.42383 0.423078
9550.19824 0.423219
9550.97266 0.423338
9551.74805 0.423458
9552.52246 0.423577
9553.29785 0.423697
9554.07227 0.423816
9554.84766 0.423936
9555.62305 0.424055
9556.39746 0.424175
9557.17285 0.424295
9557.94824 0.424414
9558.72363 0.424534
9559.49902 0.424654
9560.27441 0.424783
9561.04980 0.424931
9561.82617 0.425078
9562.60156 0.425226
9563.37695 0.425319
9564.15332 0.425412
9564.92871 0.425504
9565.70508 0.425596
9566.48047 0.425688
9567.25684 0.42578
9568.03320 0.425872
9568.80957 0.425964
9569.58496 0.426057
9570.36133 0.426149
9571.13770 0.426241
9571.91406 0.426333
9572.69141 0.426425
9573.46777 0.426517
9574.24414 0.426609
9575.02148 0.426701
9575.79785 0.426793
9576.57422 0.426886
9577.35156 0.426978
9578.12793 0.42707
9578.90527 0.427162
9579.68262 0.427255
9580.45898 0.42733
9581.23633 0.427394
9582.01367 0.427458
9582.79102 0.42749
9583.56836 0.427402
9584.34570 0.427314
9585.12402 0.427226
9585.90137 0.427138
9586.67871 0.42705
9587.45605 0.426962
9588.23438 0.426874
9589.01172 0.426786
9589.79004 0.426698
9590.56738 0.42663
9591.34570 0.42657
9592.12402 0.42651
9592.90234 0.426449
9593.68066 0.426389
9594.45898 0.426329
9595.23730 0.426268
9596.01562 0.426208
9596.79395 0.426147
9597.57227 0.426087
9598.35059 0.426026
9599.12988 0.425966
9599.90820 0.425905
9600.68652 0.425834
9601.46582 0.425761
9602.24512 0.425688
9603.02344 0.425573
9603.80273 0.425418
9604.58203 0.425262
9605.36133 0.425107
9606.13965 0.424951
9606.91895 0.424796
9607.69824 0.42464
9608.47852 0.424484
9609.25781 0.424328
9610.03711 0.424171
9610.81641 0.423987
9611.59668 0.423802
9612.37598 0.423618
9613.15625 0.423434
9613.93555 0.42325
9614.71582 0.423065
9615.49512 0.422881
9616.27539 0.422696
9617.05566 0.422512
9617.83594 0.422327
9618.61621 0.422143
9619.39648 0.421958
9620.17676 0.42178
9620.95703 0.421623
9621.73730 0.421466
9622.51855 0.421309
9623.29883 0.421164
9624.07910 0.42102
9624.86035 0.420877
9625.64062 0.420734
9626.42188 0.420591
9627.20312 0.420448
9627.98340 0.420305
9628.76465 0.420161
9629.54590 0.420018
9630.32715 0.41988
9631.10840 0.419749
9631.88965 0.419619
9632.67090 0.419488
9633.45215 0.419357
9634.23340 0.419226
9635.01562 0.419095
9635.79688 0.418965
9636.57910 0.418834
9637.36035 0.418703
9638.14258 0.418571
9638.92383 0.41844
9639.70605 0.418309
9640.48828 0.41816
9641.27148 0.418001
9642.05176 0.417842
9642.83398 0.417715
9643.61621 0.41769
9644.39941 0.417665
9645.18164 0.41764
9645.96387 0.417615
9646.74609 0.41759
9647.52930 0.417564
9648.31152 0.417539
9649.09375 0.417514
9649.87695 0.417489
9650.66016 0.417487
9651.44238 0.417489
9652.22559 0.417492
9653.00879 0.417494
9653.79199 0.417496
9654.57520 0.417499
9655.35840 0.417501
9656.14160 0.417504
9656.92480 0.417506
9657.70801 0.417508
9658.49121 0.417511
9659.27539 0.417513
9660.05859 0.417515
9660.84180 0.417517
9661.62598 0.417519
9662.41016 0.417521
9663.19336 0.417629
9663.97754 0.417784
9664.76172 0.417939
9665.54590 0.418094
9666.32910 0.418248
9667.11328 0.418403
9667.89746 0.418558
9668.68262 0.418713
9669.46680 0.418868
9670.25098 0.419015
9671.03516 0.419141
9671.82031 0.419268
9672.60352 0.419395
9673.38965 0.419522
9674.17383 0.419649
9674.95898 0.419776
9675.74316 0.419903
9676.52832 0.42003
9677.31348 0.420157
9678.09863 0.420284
9678.88379 0.420411
9679.66895 0.420538
9680.45410 0.420681
9681.23926 0.420836
9682.02441 0.420991
9682.81055 0.421168
9683.59570 0.421434
9684.38086 0.421699
9685.16699 0.421965
9685.95215 0.422231
9686.73828 0.422497
9687.52441 0.422764
9688.30957 0.423029
9689.09570 0.423296
9689.88184 0.423562
9690.66797 0.423828
9691.45410 0.424094
9692.24023 0.424361
9693.02637 0.424627
9693.81348 0.424893
9694.59961 0.42516
9695.38574 0.425426
9696.17188 0.425693
9696.95898 0.42596
9697.74512 0.426226
9698.53223 0.426493
9699.31934 0.42676
9700.10547 0.427023
9700.89258 0.427262
9701.67969 0.4275
9702.46680 0.427738
9703.25391 0.427956
9704.04102 0.428167
9704.82812 0.428379
9705.61523 0.42859
9706.40234 0.428801
9707.19043 0.429013
9707.97754 0.429225
9708.76562 0.429436
9709.55273 0.429648
9710.34082 0.429872
9711.12793 0.430112
9711.91602 0.430352
9712.70410 0.430593
9713.49219 0.430833
9714.27930 0.431073
9715.06738 0.431314
9715.85547 0.431554
9716.64355 0.431795
9717.43262 0.432036
9718.22070 0.432277
9719.00879 0.432517
9719.79785 0.432758
9720.58594 0.432999
9721.37402 0.433239
9722.16309 0.43348
9722.95215 0.43369
9723.74023 0.433844
9724.52930 0.433999
9725.31836 0.434153
9726.10742 0.434308
9726.89648 0.434462
9727.68555 0.434617
9728.47461 0.434771
9729.26367 0.434926
9730.05273 0.435078
9730.84180 0.435204
9731.63184 0.435329
9732.42090 0.435454
9733.21094 0.435579
9734.00000 0.435704
9734.79004 0.43583
9735.57910 0.435955
9736.36914 0.43608
9737.15918 0.436205
9737.94922 0.43633
9738.73926 0.436456
9739.52930 0.436581
9740.31934 0.436718
9741.10938 0.436872
9741.89941 0.437027
9742.68945 0.437179
9743.48047 0.437223
9744.27148 0.437267
9745.06055 0.437311
9745.85156 0.437355
9746.64160 0.437399
9747.43262 0.437443
9748.22363 0.437487
9749.01465 0.437531
9749.80469 0.437575
9750.59570 0.437619
9751.38672 0.437662
9752.17773 0.437706
9752.96973 0.43775
9753.76074 0.437794
9754.55176 0.437837
9755.34277 0.437881
9756.13477 0.437925
9756.92578 0.437969
9757.71777 0.438012
9758.50879 0.438056
9759.30078 0.4381
9760.09180 0.438143
9760.88379 0.438187
9761.67578 0.43823
9762.46777 0.438273
9763.25977 0.438318
9764.05176 0.438363
9764.84375 0.438409
9765.63574 0.438454
9766.42773 0.438499
9767.22070 0.438544
9768.01270 0.438589
9768.80469 0.438634
9769.59766 0.43868
9770.39062 0.43871
9771.18262 0.438725
9771.97559 0.43874
9772.76855 0.438756
9773.56055 0.438771
9774.35352 0.438786
9775.14648 0.438801
9775.93945 0.438816
9776.73242 0.438831
9777.52539 0.438846
9778.31934 0.438861
9779.11230 0.438876
9779.90527 0.438891
9780.69922 0.438932
9781.49219 0.438976
9782.28613 0.439021
9783.07910 0.439082
9783.87305 0.439159
9784.66699 0.439236
9785.46094 0.439313
9786.25391 0.439391
9787.04785 0.439468
9787.84180 0.439545
9788.63574 0.439623
9789.43066 0.4397
9790.22461 0.439777
9791.01855 0.439854
9791.81348 0.439931
9792.60742 0.440008
9793.40137 0.440085
9794.19629 0.440162
9794.99023 0.440239
9795.78516 0.440316
9796.58008 0.440393
9797.37500 0.44047
9798.16895 0.440547
9798.96387 0.440624
9799.75879 0.440701
9800.55371 0.440765
9801.34961 0.440823
9802.14453 0.440882
9802.93945 0.440979
9803.73438 0.44116
9804.53027 0.441341
9805.32520 0.441523
9806.12109 0.441704
9806.91602 0.441886
9807.71191 0.442067
9808.50781 0.442249
9809.30273 0.44243
9810.09863 0.442608
9810.89453 0.442759
9811.69043 0.44291
9812.48633 0.443061
9813.28223 0.443212
9814.07910 0.443363
9814.87500 0.443514
9815.67090 0.443665
9816.46777 0.443817
9817.26367 0.443968
9818.06055 0.444119
9818.85645 0.44427
9819.65332 0.444421
9820.44922 0.444589
9821.24609 0.44477
9822.04297 0.444951
9822.83984 0.445144
9823.63672 0.445393
9824.43359 0.445642
9825.23047 0.445892
9826.02734 0.446141
9826.82520 0.44639
9827.62207 0.44664
9828.41895 0.446889
9829.21680 0.447138
9830.01367 0.447388
9830.81152 0.447655
9831.60840 0.447923
9832.40625 0.44819
9833.20410 0.448458
9834.00195 0.448725
9834.79980 0.448993
9835.59766 0.449261
9836.39648 0.449529
9837.19336 0.449797
9837.99121 0.450065
9838.78906 0.450333
9839.58691 0.450601
9840.38574 0.450869
9841.18359 0.451136
9841.98242 0.451404
9842.78027 0.451669
9843.57910 0.451909
9844.37793 0.45215
9845.17578 0.45239
9845.97461 0.45263
9846.77344 0.452871
9847.57227 0.453112
9848.37109 0.453352
9849.16992 0.453593
9849.96875 0.453834
9850.76855 0.454044
9851.56738 0.454253
9852.36621 0.454462
9853.16602 0.454672
9853.96484 0.454881
9854.76465 0.45509
9855.56348 0.4553
9856.36328 0.455509
9857.16309 0.455719
9857.96289 0.455928
9858.76270 0.456138
9859.56152 0.456347
9860.36230 0.456571
9861.16211 0.456811
9861.96191 0.457051
9862.76172 0.457281
9863.56152 0.457377
9864.36230 0.457472
9865.16211 0.457568
9865.96289 0.457664
9866.76270 0.45776
9867.56348 0.457856
9868.36426 0.457952
9869.16406 0.458047
9869.96484 0.458143
9870.76562 0.458239
9871.56641 0.458334
9872.36719 0.458429
9873.16797 0.458525
9873.96875 0.45862
9874.76953 0.458715
9875.57129 0.458811
9876.37207 0.458906
9877.17383 0.459002
9877.97461 0.459097
9878.77637 0.459193
9879.57715 0.459288
9880.37891 0.459384
9881.18066 0.459479
9881.98145 0.459574
9882.78320 0.459652
9883.58496 0.459564
9884.38672 0.459476
9885.18848 0.459389
9885.99121 0.459301
9886.79297 0.459213
9887.59473 0.459126
9888.39648 0.459038
9889.19922 0.45895
9890.00098 0.458862
9890.80371 0.458742
9891.60645 0.458622
9892.40820 0.458502
9893.21094 0.458382
9894.01367 0.458262
9894.81641 0.458141
9895.61914 0.458021
9896.42188 0.457901
9897.22461 0.457781
9898.02734 0.457661
9898.83008 0.457541
9899.63281 0.457421
9900.43652 0.457317
9901.23926 0.457228
9902.04297 0.457138
9902.84570 0.457028
9903.64941 0.456815
9904.45312 0.456602
9905.25586 0.456389
9906.05957 0.456176
9906.86328 0.455963
9907.66699 0.455749
9908.47070 0.455536
9909.27441 0.455322
9910.07812 0.455109
9910.88281 0.454894
9911.68652 0.45468
9912.49023 0.454466
9913.29492 0.454251
9914.09863 0.454037
9914.90332 0.453822
9915.70703 0.453607
9916.51172 0.453393
9917.31641 0.453178
9918.12109 0.452963
9918.92480 0.452748
9919.72852 0.452533
9920.53418 0.452318
9921.33984 0.452102
9922.14453 0.451886
9922.94922 0.451678
9923.75391 0.451493
9924.55957 0.451306
9925.36426 0.451121
9926.16992 0.450934
9926.97461 0.450748
9927.78027 0.450562
9928.58496 0.450376
9929.39062 0.45019
9930.19629 0.450003
9931.00195 0.449816
9931.80762 0.449629
9932.61328 0.449442
9933.41895 0.449254
9934.22461 0.449067
9935.03027 0.44888
9935.83691 0.448692
9936.64258 0.448505
9937.44824 0.448317
9938.25488 0.44813
9939.06152 0.447942
9939.86719 0.447754
9940.67383 0.44754
9941.48047 0.447321
9942.28613 0.447101
9943.09277 0.446916
9943.89941 0.446773
9944.70605 0.446629
9945.51270 0.446485
9946.32031 0.44634
9947.12695 0.446196
9947.93359 0.446052
9948.74121 0.445908
9949.54785 0.445764
9950.35352 0.445633
9951.16211 0.445519
9951.96973 0.445405
9952.77637 0.445291
9953.58398 0.445176
9954.39160 0.445062
9955.19922 0.444948
9956.00684 0.444833
9956.81445 0.444719
9957.62207 0.444605
9958.42969 0.44449
9959.23730 0.444376
9960.04590 0.444261
9960.85352 0.444146
9961.66211 0.444031
9962.46973 0.443915
9963.27832 0.443899
9964.08594 0.443929
9964.89453 0.44396
9965.70312 0.44399
9966.51172 0.444021
9967.32031 0.444051
9968.12891 0.444082
9968.93652 0.444112
9969.74609 0.444142
9970.55469 0.444173
9971.36328 0.444202
9972.17188 0.444232
9972.98145 0.444262
9973.79004 0.444292
9974.59961 0.444322
9975.40820 0.444352
9976.21777 0.444381
9977.02734 0.444411
9977.83691 0.444441
9978.64648 0.444471
9979.45508 0.444501
9980.26465 0.44453
9981.07422 0.444559
9981.88379 0.444588
9982.69434 0.444618
9983.50391 0.444704
9984.31348 0.444794
9985.12402 0.444884
9985.93359 0.444974
9986.74414 0.445064
9987.55371 0.445154
9988.36426 0.445244
9989.17480 0.445334
9989.98438 0.445424
9990.79492 0.445483
9991.60547 0.445542
9992.41602 0.4456
9993.22656 0.445659
9994.03711 0.445717
9994.84863 0.445776
9995.65918 0.445834
9996.46973 0.445893
9997.28125 0.445951
9998.09180 0.44601
9998.90332 0.446068
9999.71387 0.446126
10000.53027 0.446218
10001.33984 0.446327
10002.15039 0.446436
10002.95996 0.446556
10003.76953 0.446705
10004.58008 0.446855
10005.38965 0.447004
10006.20996 0.447154
10007.01953 0.447303
10007.83008 0.447453
10008.63965 0.447603
10009.45020 0.447752
10010.25977 0.447902
10011.08008 0.448051
10011.88965 0.4482
10012.70020 0.448349
10013.50977 0.448499
10014.33008 0.448648
10015.13965 0.448797
10015.95020 0.448946
10016.75977 0.449096
10017.58008 0.449245
10018.38965 0.449395
10019.20020 0.449544
10020.00977 0.449694
10020.83008 0.449843
10021.63965 0.449992
10022.45020 0.450141
10023.26953 0.450226
10024.08008 0.450276
10024.88965 0.450325
10025.70996 0.450375
10026.51953 0.450424
10027.33008 0.450474
10028.15039 0.450523
10028.95996 0.450572
10029.76953 0.450622
10030.58984 0.450671
10031.40039 0.45072
10032.20996 0.450769
10033.03027 0.450818
10033.83984 0.450866
10034.66016 0.450915
10035.46973 0.450964
10036.28027 0.451013
10037.09961 0.451062
10037.91016 0.451111
10038.73047 0.45116
10039.54004 0.451209
10040.34961 0.451244
10041.16992 0.451261
10041.98047 0.451278
10042.79980 0.451287
10043.61035 0.451167
10044.42969 0.451047
10045.24023 0.450927
10046.05957 0.450807
10046.87012 0.450687
10047.69043 0.450566
10048.50000 0.450446
10049.32031 0.450326
10050.12988 0.450211
10050.95020 0.450122
10051.75977 0.450033
10052.58008 0.449943
10053.38965 0.449854
10054.20996 0.449764
10055.03027 0.449674
10055.83984 0.449585
10056.66016 0.449495
10057.46973 0.449406
10058.29004 0.449316
10059.11035 0.449226
10059.91992 0.449137
10060.74023 0.449047
10061.54980 0.448956
10062.37012 0.448866
10063.19043 0.448726
10064.00000 0.448543
10064.82031 0.44836
10065.62988 0.448176
10066.45020 0.447992
10067.26953 0.447808
10068.08008 0.447625
10068.90039 0.447441
10069.71973 0.447257
10070.54004 0.447073
10071.34961 0.446888
10072.16992 0.446703
10072.99023 0.446518
10073.79980 0.446334
10074.62012 0.446149
10075.44043 0.445964
10076.25977 0.445779
10077.07031 0.445594
10077.88965 0.445408
10078.70996 0.445223
10079.53027 0.445038
10080.33984 0.444853
10081.16016 0.444666
10081.98047 0.444481
10082.79980 0.444296
10083.61035 0.444149
10084.42969 0.444001
10085.25000 0.443854
10086.07031 0.443707
