threeML/data/optical_filters/HST/WFPC2-f606w.ecsv
# %ECSV 0.9
# ---
# datatype:
# - {name: wavelength, unit: Angstrom, datatype: float32}
# - {name: response, datatype: float32}
# meta: !!omap
# - {band_name: f606w}
# - {group_name: WFPC2}
wavelength response
4203.00000 0.0
4670.00000 0.010338
4680.00000 0.021974
4720.00000 0.127181
4722.00000 0.138198
4724.00000 0.149017
4726.00000 0.159345
4728.00000 0.169476
4730.00000 0.179411
4732.00000 0.18905
4734.00000 0.19869
4736.00000 0.208034
4738.00000 0.21728
4740.00000 0.226526
4742.00000 0.23587
4744.00000 0.245116
4746.00000 0.25446
4748.00000 0.264198
4750.00000 0.274035
4752.00000 0.284166
4754.00000 0.294592
4756.00000 0.305412
4758.00000 0.316428
4760.00000 0.327838
4762.00000 0.33974
4764.00000 0.351937
4766.00000 0.364527
4768.00000 0.37751
4770.00000 0.390888
4772.00000 0.404461
4774.00000 0.418527
4776.00000 0.432789
4778.00000 0.447347
4780.00000 0.462298
4782.00000 0.477544
4784.00000 0.493085
4786.00000 0.508724
4788.00000 0.524462
4790.00000 0.540102
4792.00000 0.555544
4794.00000 0.570987
4796.00000 0.586233
4798.00000 0.601184
4800.00000 0.615643
4802.00000 0.629512
4804.00000 0.643086
4806.00000 0.655971
4808.00000 0.668365
4810.00000 0.679971
4812.00000 0.69089
4814.00000 0.701021
4816.00000 0.710267
4818.00000 0.718824
4820.00000 0.726594
4822.00000 0.733578
4824.00000 0.739775
4826.00000 0.745283
4828.00000 0.749906
4830.00000 0.753841
4832.00000 0.757087
4834.00000 0.759841
4836.00000 0.762005
4838.00000 0.763578
4840.00000 0.76466
4842.00000 0.765349
4844.00000 0.765742
4846.00000 0.765841
4848.00000 0.765644
4850.00000 0.765251
4852.00000 0.76466
4854.00000 0.763873
4856.00000 0.762988
4858.00000 0.761906
4860.00000 0.760923
4862.00000 0.759939
4864.00000 0.759054
4866.00000 0.758267
4868.00000 0.757578
4870.00000 0.756988
4872.00000 0.756398
4874.00000 0.755906
4876.00000 0.755513
4878.00000 0.755316
4880.00000 0.755316
4882.00000 0.755414
4884.00000 0.755611
4886.00000 0.755906
4888.00000 0.756398
4890.00000 0.757283
4892.00000 0.758267
4894.00000 0.759447
4896.00000 0.760726
4898.00000 0.7623
4900.00000 0.76407
4902.00000 0.765841
4904.00000 0.767611
4906.00000 0.769579
4908.00000 0.771644
4910.00000 0.773906
4912.00000 0.776169
4914.00000 0.778529
4916.00000 0.78089
4918.00000 0.783349
4920.00000 0.785808
4922.00000 0.788366
4924.00000 0.791218
4926.00000 0.793874
4928.00000 0.796628
4930.00000 0.799579
4932.00000 0.802234
4934.00000 0.80489
4936.00000 0.807644
4938.00000 0.8103
4940.00000 0.812956
4942.00000 0.815415
4944.00000 0.817677
4946.00000 0.819939
4948.00000 0.822103
4950.00000 0.824366
4952.00000 0.82653
4954.00000 0.8283
4956.00000 0.830071
4958.00000 0.831841
4960.00000 0.833513
4962.00000 0.835087
4964.00000 0.836562
4966.00000 0.837939
4968.00000 0.839021
4970.00000 0.840005
4972.00000 0.840989
4974.00000 0.841874
4976.00000 0.842661
4978.00000 0.843251
4980.00000 0.843743
4982.00000 0.844136
4984.00000 0.84453
4986.00000 0.844726
4988.00000 0.844825
4990.00000 0.844825
4992.00000 0.844825
4994.00000 0.844825
4996.00000 0.844726
4998.00000 0.844628
5000.00000 0.84453
5002.00000 0.844431
5004.00000 0.844333
5006.00000 0.844235
5008.00000 0.844235
5010.00000 0.844136
5012.00000 0.844136
5014.00000 0.844136
5016.00000 0.844235
5018.00000 0.844333
5020.00000 0.844431
5022.00000 0.84453
5024.00000 0.844628
5026.00000 0.844923
5028.00000 0.845218
5030.00000 0.845513
5032.00000 0.845808
5034.00000 0.846202
5036.00000 0.846694
5038.00000 0.84748
5040.00000 0.848464
5042.00000 0.849546
5044.00000 0.850628
5046.00000 0.851808
5048.00000 0.85289
5050.00000 0.854071
5052.00000 0.855349
5054.00000 0.856825
5056.00000 0.8583
5058.00000 0.859973
5060.00000 0.861645
5062.00000 0.863415
5064.00000 0.865284
5066.00000 0.867251
5068.00000 0.86912
5070.00000 0.871186
5072.00000 0.87335
5074.00000 0.875415
5076.00000 0.877776
5078.00000 0.880136
5080.00000 0.882399
5082.00000 0.884661
5084.00000 0.886923
5086.00000 0.889284
5088.00000 0.891645
5090.00000 0.894006
5092.00000 0.896464
5094.00000 0.898923
5096.00000 0.901284
5098.00000 0.903645
5100.00000 0.906006
5102.00000 0.908268
5104.00000 0.91053
5106.00000 0.912694
5108.00000 0.91476
5110.00000 0.916825
5112.00000 0.918596
5114.00000 0.920366
5116.00000 0.922038
5118.00000 0.923415
5120.00000 0.924694
5122.00000 0.925973
5124.00000 0.927055
5126.00000 0.928137
5128.00000 0.92912
5130.00000 0.930104
5132.00000 0.930694
5134.00000 0.931088
5136.00000 0.931383
5138.00000 0.931481
5140.00000 0.931383
5142.00000 0.931186
5144.00000 0.930793
5146.00000 0.930301
5148.00000 0.929711
5150.00000 0.929022
5152.00000 0.928137
5154.00000 0.926956
5156.00000 0.925678
5158.00000 0.924202
5160.00000 0.922432
5162.00000 0.920858
5164.00000 0.919186
5166.00000 0.917317
5168.00000 0.915251
5170.00000 0.912989
5172.00000 0.91053
5174.00000 0.908169
5176.00000 0.905514
5178.00000 0.902858
5180.00000 0.899907
5182.00000 0.896956
5184.00000 0.893907
5186.00000 0.890956
5188.00000 0.888104
5190.00000 0.88535
5192.00000 0.882399
5194.00000 0.879546
5196.00000 0.876792
5198.00000 0.87394
5200.00000 0.870989
5202.00000 0.868038
5204.00000 0.864989
5206.00000 0.862136
5208.00000 0.859087
5210.00000 0.85594
5212.00000 0.852792
5214.00000 0.849645
5216.00000 0.846694
5218.00000 0.843939
5220.00000 0.841284
5222.00000 0.838825
5224.00000 0.836562
5226.00000 0.8343
5228.00000 0.832136
5230.00000 0.830169
5232.00000 0.8283
5234.00000 0.82653
5236.00000 0.824857
5238.00000 0.823185
5240.00000 0.82171
5242.00000 0.820333
5244.00000 0.818956
5246.00000 0.817579
5248.00000 0.816398
5250.00000 0.815218
5252.00000 0.814136
5254.00000 0.813054
5256.00000 0.812071
5258.00000 0.811382
5260.00000 0.810693
5262.00000 0.8103
5264.00000 0.810103
5266.00000 0.8103
5268.00000 0.810595
5270.00000 0.811087
5272.00000 0.811775
5274.00000 0.812464
5276.00000 0.813447
5278.00000 0.81453
5280.00000 0.81571
5282.00000 0.81689
5284.00000 0.818071
5286.00000 0.819152
5288.00000 0.820333
5290.00000 0.82171
5292.00000 0.823185
5294.00000 0.824661
5296.00000 0.826234
5298.00000 0.827907
5300.00000 0.829775
5302.00000 0.831841
5304.00000 0.834103
5306.00000 0.836464
5308.00000 0.839021
5310.00000 0.841677
5312.00000 0.844431
5314.00000 0.847284
5316.00000 0.850333
5318.00000 0.853382
5320.00000 0.85653
5322.00000 0.859579
5324.00000 0.862628
5326.00000 0.865579
5328.00000 0.868432
5330.00000 0.871284
5332.00000 0.874136
5334.00000 0.877186
5336.00000 0.880333
5338.00000 0.883481
5340.00000 0.886432
5342.00000 0.889579
5344.00000 0.892628
5346.00000 0.895678
5348.00000 0.898629
5350.00000 0.901678
5352.00000 0.904825
5354.00000 0.907973
5356.00000 0.910923
5358.00000 0.913973
5360.00000 0.917022
5362.00000 0.919776
5364.00000 0.922235
5366.00000 0.924793
5368.00000 0.927448
5370.00000 0.929809
5372.00000 0.932071
5374.00000 0.934235
5376.00000 0.936104
5378.00000 0.937973
5380.00000 0.939645
5382.00000 0.941317
5384.00000 0.942891
5386.00000 0.944366
5388.00000 0.945645
5390.00000 0.946825
5392.00000 0.947907
5394.00000 0.948793
5396.00000 0.949678
5398.00000 0.950366
5400.00000 0.950956
5402.00000 0.951448
5404.00000 0.951743
5406.00000 0.952039
5408.00000 0.952137
5410.00000 0.952137
5412.00000 0.951842
5414.00000 0.951645
5416.00000 0.951252
5418.00000 0.95076
5420.00000 0.950268
5422.00000 0.949875
5424.00000 0.949383
5426.00000 0.948793
5428.00000 0.948006
5430.00000 0.947415
5432.00000 0.946432
5434.00000 0.945448
5436.00000 0.944366
5438.00000 0.943088
5440.00000 0.941907
5442.00000 0.940825
5444.00000 0.939547
5446.00000 0.938366
5448.00000 0.937088
5450.00000 0.935809
5452.00000 0.93453
5454.00000 0.933153
5456.00000 0.931678
5458.00000 0.930301
5460.00000 0.92912
5462.00000 0.928038
5464.00000 0.926956
5466.00000 0.925875
5468.00000 0.924694
5470.00000 0.923514
5472.00000 0.922432
5474.00000 0.921448
5476.00000 0.920661
5478.00000 0.919874
5480.00000 0.919186
5482.00000 0.918497
5484.00000 0.917612
5486.00000 0.916924
5488.00000 0.916432
5490.00000 0.91594
5492.00000 0.915448
5494.00000 0.915055
5496.00000 0.914661
5498.00000 0.914268
5500.00000 0.913973
5502.00000 0.913776
5504.00000 0.913776
5506.00000 0.913776
5508.00000 0.914071
5510.00000 0.914366
5512.00000 0.914661
5514.00000 0.914858
5516.00000 0.91535
5518.00000 0.91594
5520.00000 0.916628
5522.00000 0.917317
5524.00000 0.918104
5526.00000 0.918989
5528.00000 0.919874
5530.00000 0.92076
5532.00000 0.921743
5534.00000 0.922825
5536.00000 0.923907
5538.00000 0.925087
5540.00000 0.926071
5542.00000 0.927153
5544.00000 0.928334
5546.00000 0.929612
5548.00000 0.930694
5550.00000 0.931973
5552.00000 0.933448
5554.00000 0.935022
5556.00000 0.936497
5558.00000 0.937973
5560.00000 0.939547
5562.00000 0.941022
5564.00000 0.942399
5566.00000 0.943776
5568.00000 0.94535
5570.00000 0.947022
5572.00000 0.948596
5574.00000 0.949875
5576.00000 0.951153
5578.00000 0.952334
5580.00000 0.953711
5582.00000 0.954891
5584.00000 0.956071
5586.00000 0.956956
5588.00000 0.95794
5590.00000 0.958924
5592.00000 0.959908
5594.00000 0.960793
5596.00000 0.96158
5598.00000 0.962367
5600.00000 0.962957
5602.00000 0.963448
5604.00000 0.96394
5606.00000 0.964334
5608.00000 0.964629
5610.00000 0.964826
5612.00000 0.964924
5614.00000 0.964924
5616.00000 0.964826
5618.00000 0.964432
5620.00000 0.964039
5622.00000 0.963645
5624.00000 0.963153
5626.00000 0.962465
5628.00000 0.961678
5630.00000 0.960891
5632.00000 0.959908
5634.00000 0.958825
5636.00000 0.957744
5638.00000 0.956563
5640.00000 0.955284
5642.00000 0.953907
5644.00000 0.952334
5646.00000 0.950661
5648.00000 0.948891
5650.00000 0.947121
5652.00000 0.94535
5654.00000 0.943481
5656.00000 0.941415
5658.00000 0.939448
5660.00000 0.937383
5662.00000 0.935219
5664.00000 0.932956
5666.00000 0.930793
5668.00000 0.92853
5670.00000 0.926268
5672.00000 0.923809
5674.00000 0.921547
5676.00000 0.919186
5678.00000 0.91653
5680.00000 0.913973
5682.00000 0.911415
5684.00000 0.90876
5686.00000 0.906104
5688.00000 0.903448
5690.00000 0.900891
5692.00000 0.898432
5694.00000 0.896464
5696.00000 0.895383
5698.00000 0.894989
5700.00000 0.89194
5702.00000 0.890268
5704.00000 0.887907
5706.00000 0.885645
5708.00000 0.883579
5710.00000 0.881612
5712.00000 0.879645
5714.00000 0.877776
5716.00000 0.876005
5718.00000 0.874136
5720.00000 0.872268
5722.00000 0.8703
5724.00000 0.868333
5726.00000 0.866563
5728.00000 0.864891
5730.00000 0.863218
5732.00000 0.861645
5734.00000 0.860071
5736.00000 0.858595
5738.00000 0.857218
5740.00000 0.85594
5742.00000 0.854759
5744.00000 0.853481
5746.00000 0.852497
5748.00000 0.85171
5750.00000 0.85112
5752.00000 0.850628
5754.00000 0.850136
5756.00000 0.849743
5758.00000 0.849448
5760.00000 0.849349
5762.00000 0.849251
5764.00000 0.849251
5766.00000 0.849349
5768.00000 0.849546
5770.00000 0.849645
5772.00000 0.849743
5774.00000 0.84994
5776.00000 0.850136
5778.00000 0.850431
5780.00000 0.850825
5782.00000 0.851317
5784.00000 0.852005
5786.00000 0.852595
5788.00000 0.853382
5790.00000 0.854169
5792.00000 0.855054
5794.00000 0.856136
5796.00000 0.857317
5798.00000 0.858595
5800.00000 0.859874
5802.00000 0.861349
5804.00000 0.862923
5806.00000 0.864595
5808.00000 0.866268
5810.00000 0.868136
5812.00000 0.870005
5814.00000 0.871874
5816.00000 0.873841
5818.00000 0.87571
5820.00000 0.877677
5822.00000 0.879448
5824.00000 0.881219
5826.00000 0.882989
5828.00000 0.884858
5830.00000 0.886923
5832.00000 0.888891
5834.00000 0.890956
5836.00000 0.89312
5838.00000 0.895284
5840.00000 0.897448
5842.00000 0.899907
5844.00000 0.902169
5846.00000 0.904333
5848.00000 0.906399
5850.00000 0.908661
5852.00000 0.910825
5854.00000 0.913088
5856.00000 0.915153
5858.00000 0.917415
5860.00000 0.919579
5862.00000 0.921743
5864.00000 0.923809
5866.00000 0.925678
5868.00000 0.927448
5870.00000 0.929219
5872.00000 0.931186
5874.00000 0.933153
5876.00000 0.935022
5878.00000 0.936694
5880.00000 0.938366
5882.00000 0.940038
5884.00000 0.941907
5886.00000 0.943481
5888.00000 0.944957
5890.00000 0.946432
5892.00000 0.947809
5894.00000 0.949186
5896.00000 0.950563
5898.00000 0.951842
5900.00000 0.952924
5902.00000 0.953907
5904.00000 0.954891
5906.00000 0.955875
5908.00000 0.95676
5910.00000 0.957547
5912.00000 0.958235
5914.00000 0.958727
5916.00000 0.959219
5918.00000 0.959514
5920.00000 0.959809
5922.00000 0.960202
5924.00000 0.960399
5926.00000 0.960399
5928.00000 0.960399
5930.00000 0.960399
5932.00000 0.960399
5934.00000 0.960104
5936.00000 0.959908
5938.00000 0.959809
5940.00000 0.959612
5942.00000 0.959317
5944.00000 0.958924
5946.00000 0.958334
5948.00000 0.957744
5950.00000 0.957153
5952.00000 0.956563
5954.00000 0.955875
5956.00000 0.955284
5958.00000 0.954498
5960.00000 0.953711
5962.00000 0.952825
5964.00000 0.952039
5966.00000 0.95135
5968.00000 0.950563
5970.00000 0.94958
5972.00000 0.948694
5974.00000 0.947612
5976.00000 0.946629
5978.00000 0.945645
5980.00000 0.944662
5982.00000 0.94358
5984.00000 0.942596
5986.00000 0.941612
5988.00000 0.940629
5990.00000 0.939645
5992.00000 0.938563
5994.00000 0.93758
5996.00000 0.936596
5998.00000 0.935711
6000.00000 0.934924
6002.00000 0.934235
6004.00000 0.933547
6006.00000 0.932956
6008.00000 0.93217
6010.00000 0.931383
6012.00000 0.930891
6014.00000 0.930202
6016.00000 0.929514
6018.00000 0.928727
6020.00000 0.928038
6022.00000 0.927547
6024.00000 0.926858
6026.00000 0.926071
6028.00000 0.925383
6030.00000 0.924891
6032.00000 0.924399
6034.00000 0.923809
6036.00000 0.923415
6038.00000 0.923219
6040.00000 0.922727
6042.00000 0.922432
6044.00000 0.922432
6046.00000 0.922432
6048.00000 0.92253
6050.00000 0.922432
6052.00000 0.922629
6054.00000 0.922727
6056.00000 0.923022
6058.00000 0.923219
6060.00000 0.92371
6062.00000 0.924301
6064.00000 0.924793
6066.00000 0.925186
6068.00000 0.925579
6070.00000 0.925875
6072.00000 0.926268
6074.00000 0.926661
6076.00000 0.927153
6078.00000 0.927743
6080.00000 0.928334
6082.00000 0.929022
6084.00000 0.929612
6086.00000 0.929907
6088.00000 0.930301
6090.00000 0.930989
6092.00000 0.931776
6094.00000 0.932563
6096.00000 0.933448
6098.00000 0.934629
6100.00000 0.935612
6102.00000 0.936399
6104.00000 0.937186
6106.00000 0.93817
6108.00000 0.939153
6110.00000 0.940235
6112.00000 0.941317
6114.00000 0.942399
6116.00000 0.943481
6118.00000 0.944563
6120.00000 0.945743
6122.00000 0.946727
6124.00000 0.947711
6126.00000 0.948596
6128.00000 0.94958
6130.00000 0.950465
6132.00000 0.951448
6134.00000 0.952334
6136.00000 0.953219
6138.00000 0.954301
6140.00000 0.955186
6142.00000 0.95617
6144.00000 0.956956
6146.00000 0.957744
6148.00000 0.958727
6150.00000 0.959416
6152.00000 0.960006
6154.00000 0.960694
6156.00000 0.96158
6158.00000 0.962465
6160.00000 0.963153
6162.00000 0.963743
6164.00000 0.964235
6166.00000 0.964727
6168.00000 0.965121
6170.00000 0.965416
6172.00000 0.965809
6174.00000 0.966202
6176.00000 0.966498
6178.00000 0.966694
6180.00000 0.966793
6182.00000 0.966891
6184.00000 0.966891
6186.00000 0.966891
6188.00000 0.966891
6190.00000 0.966793
6192.00000 0.966596
6194.00000 0.966498
6196.00000 0.966301
6198.00000 0.966006
6200.00000 0.965612
6202.00000 0.965317
6204.00000 0.965121
6206.00000 0.964727
6208.00000 0.964137
6210.00000 0.963743
6212.00000 0.96335
6214.00000 0.96276
6216.00000 0.962071
6218.00000 0.961284
6220.00000 0.960596
6222.00000 0.959809
6224.00000 0.958924
6226.00000 0.95794
6228.00000 0.957055
6230.00000 0.95617
6232.00000 0.955383
6234.00000 0.954498
6236.00000 0.953514
6238.00000 0.952432
6240.00000 0.95135
6242.00000 0.950268
6244.00000 0.949186
6246.00000 0.948006
6248.00000 0.946924
6250.00000 0.945743
6252.00000 0.944465
6254.00000 0.943186
6256.00000 0.941907
6258.00000 0.940629
6260.00000 0.93935
6262.00000 0.938268
6264.00000 0.936989
6266.00000 0.935907
6268.00000 0.934825
6270.00000 0.933547
6272.00000 0.932071
6274.00000 0.930694
6276.00000 0.929415
6278.00000 0.928137
6280.00000 0.926956
6282.00000 0.925776
6284.00000 0.924694
6286.00000 0.92371
6288.00000 0.92253
6290.00000 0.92135
6292.00000 0.920169
6294.00000 0.918989
6296.00000 0.917809
6298.00000 0.916727
6300.00000 0.915645
6302.00000 0.914563
6304.00000 0.913579
6306.00000 0.912694
6308.00000 0.91171
6310.00000 0.910727
6312.00000 0.909743
6314.00000 0.90876
6316.00000 0.907973
6318.00000 0.907186
6320.00000 0.906399
6322.00000 0.90571
