threeML/data/optical_filters/HST/WFPC2-f336w.ecsv
# %ECSV 0.9
# ---
# datatype:
# - {name: wavelength, unit: Angstrom, datatype: float32}
# - {name: response, datatype: float32}
# meta: !!omap
# - {band_name: f336w}
# - {group_name: WFPC2}
wavelength response
2653.19995 0.0
2948.00000 0.004509
2950.00000 0.005306
2952.00000 0.006105
2954.00000 0.007021
2956.00000 0.008007
2958.00000 0.009066
2960.00000 0.010216
2962.00000 0.011456
2964.00000 0.012866
2966.00000 0.014275
2968.00000 0.015872
2970.00000 0.017514
2972.00000 0.019248
2974.00000 0.021126
2976.00000 0.023072
2978.00000 0.025139
2980.00000 0.027346
2982.00000 0.02967
2984.00000 0.032086
2986.00000 0.034597
2988.00000 0.037226
2990.00000 0.039927
2992.00000 0.042771
2994.00000 0.045561
2996.00000 0.048449
2998.00000 0.051384
3000.00000 0.05446
3002.00000 0.057582
3004.00000 0.060679
3006.00000 0.063845
3008.00000 0.067132
3010.00000 0.070468
3012.00000 0.07392
3014.00000 0.077293
3016.00000 0.080711
3018.00000 0.084349
3020.00000 0.088179
3022.00000 0.092026
3024.00000 0.096013
3026.00000 0.100334
3028.00000 0.104793
3030.00000 0.109318
3032.00000 0.113975
3034.00000 0.119106
3036.00000 0.124722
3038.00000 0.130692
3040.00000 0.136937
3042.00000 0.143548
3044.00000 0.150357
3046.00000 0.157782
3048.00000 0.165926
3050.00000 0.174724
3052.00000 0.184159
3054.00000 0.194177
3056.00000 0.204749
3058.00000 0.216076
3060.00000 0.228399
3062.00000 0.241473
3064.00000 0.255476
3066.00000 0.270376
3068.00000 0.286074
3070.00000 0.302715
3072.00000 0.320274
3074.00000 0.338436
3076.00000 0.357189
3078.00000 0.376467
3080.00000 0.396184
3082.00000 0.416404
3084.00000 0.436937
3086.00000 0.457156
3088.00000 0.476927
3090.00000 0.496401
3092.00000 0.515098
3094.00000 0.533045
3096.00000 0.550054
3098.00000 0.565982
3100.00000 0.58057
3102.00000 0.593963
3104.00000 0.605965
3106.00000 0.616504
3108.00000 0.625826
3110.00000 0.633929
3112.00000 0.640899
3114.00000 0.647008
3116.00000 0.652365
3118.00000 0.657253
3120.00000 0.661342
3122.00000 0.664528
3124.00000 0.667051
3126.00000 0.669459
3128.00000 0.67214
3130.00000 0.675059
3132.00000 0.677908
3134.00000 0.680565
3136.00000 0.682761
3138.00000 0.685172
3140.00000 0.688298
3142.00000 0.691442
3144.00000 0.694414
3146.00000 0.697455
3148.00000 0.701453
3150.00000 0.705544
3152.00000 0.709003
3154.00000 0.712627
3156.00000 0.716637
3158.00000 0.720856
3160.00000 0.72558
3162.00000 0.730279
3164.00000 0.734975
3166.00000 0.739819
3168.00000 0.744277
3170.00000 0.748235
3172.00000 0.75239
3174.00000 0.756933
3176.00000 0.761189
3178.00000 0.764419
3180.00000 0.767916
3182.00000 0.771496
3184.00000 0.774835
3186.00000 0.778127
3188.00000 0.780751
3190.00000 0.782926
3192.00000 0.785392
3194.00000 0.787934
3196.00000 0.790097
3198.00000 0.791876
3200.00000 0.79373
3202.00000 0.795785
3204.00000 0.79765
3206.00000 0.799033
3208.00000 0.800273
3210.00000 0.801467
3212.00000 0.802594
3214.00000 0.803505
3216.00000 0.804608
3218.00000 0.805619
3220.00000 0.806534
3222.00000 0.807331
3224.00000 0.80825
3226.00000 0.809526
3228.00000 0.810324
3230.00000 0.810546
3232.00000 0.811438
3234.00000 0.812764
3236.00000 0.814019
3238.00000 0.814889
3240.00000 0.815496
3242.00000 0.816125
3244.00000 0.817277
3246.00000 0.818596
3248.00000 0.819439
3250.00000 0.820119
3252.00000 0.820941
3254.00000 0.822264
3256.00000 0.823233
3258.00000 0.823157
3260.00000 0.823057
3262.00000 0.823119
3264.00000 0.823233
3266.00000 0.823402
3268.00000 0.823066
3270.00000 0.823255
3272.00000 0.823735
3274.00000 0.823999
3276.00000 0.823809
3278.00000 0.82324
3280.00000 0.822866
3282.00000 0.822728
3284.00000 0.822638
3286.00000 0.822286
3288.00000 0.821455
3290.00000 0.821103
3292.00000 0.820851
3294.00000 0.820504
3296.00000 0.819989
3298.00000 0.81907
3300.00000 0.817722
3302.00000 0.816444
3304.00000 0.815599
3306.00000 0.815161
3308.00000 0.814437
3310.00000 0.813712
3312.00000 0.812771
3314.00000 0.811954
3316.00000 0.811235
3318.00000 0.810152
3320.00000 0.809093
3322.00000 0.808129
3324.00000 0.807137
3326.00000 0.80612
3328.00000 0.805105
3330.00000 0.80431
3332.00000 0.803751
3334.00000 0.803215
3336.00000 0.802464
3338.00000 0.801688
3340.00000 0.801032
3342.00000 0.800182
3344.00000 0.799594
3346.00000 0.799487
3348.00000 0.798974
3350.00000 0.798218
3352.00000 0.797867
3354.00000 0.797728
3356.00000 0.797493
3358.00000 0.797114
3360.00000 0.796833
3362.00000 0.796432
3364.00000 0.796315
3366.00000 0.796504
3368.00000 0.796745
3370.00000 0.796817
3372.00000 0.796718
3374.00000 0.796692
3376.00000 0.797025
3378.00000 0.797425
3380.00000 0.797561
3382.00000 0.798195
3384.00000 0.798924
3386.00000 0.799056
3388.00000 0.799522
3390.00000 0.800273
3392.00000 0.801284
3394.00000 0.802481
3396.00000 0.803565
3398.00000 0.803896
3400.00000 0.803709
3402.00000 0.804431
3404.00000 0.805459
3406.00000 0.806921
3408.00000 0.808093
3410.00000 0.809196
3412.00000 0.810562
3414.00000 0.811997
3416.00000 0.813309
3418.00000 0.814383
3420.00000 0.815605
3422.00000 0.816825
3424.00000 0.817831
3426.00000 0.81884
3428.00000 0.819896
3430.00000 0.820999
3432.00000 0.822106
3434.00000 0.823048
3436.00000 0.823797
3438.00000 0.824382
3440.00000 0.824925
3442.00000 0.82535
3444.00000 0.825804
3446.00000 0.825923
3448.00000 0.82595
3450.00000 0.825574
3452.00000 0.825106
3454.00000 0.82445
3456.00000 0.823513
3458.00000 0.822412
3460.00000 0.821052
3462.00000 0.819219
3464.00000 0.817364
3466.00000 0.815467
3468.00000 0.81329
3470.00000 0.810712
3472.00000 0.807972
3474.00000 0.80471
3476.00000 0.800929
3478.00000 0.797055
3480.00000 0.792999
3482.00000 0.788662
3484.00000 0.783849
3486.00000 0.778683
3488.00000 0.773455
3490.00000 0.767777
3492.00000 0.761794
3494.00000 0.755554
3496.00000 0.748982
3498.00000 0.742082
3500.00000 0.734899
3502.00000 0.72746
3504.00000 0.719928
3506.00000 0.711991
3508.00000 0.703799
3510.00000 0.69556
3512.00000 0.687158
3514.00000 0.678519
3516.00000 0.669812
3518.00000 0.660939
3520.00000 0.652114
3522.00000 0.643266
3524.00000 0.633971
3526.00000 0.624556
3528.00000 0.61533
3530.00000 0.60606
3532.00000 0.596741
3534.00000 0.587446
3536.00000 0.578056
3538.00000 0.568571
3540.00000 0.559181
3542.00000 0.550609
3544.00000 0.541574
3546.00000 0.532136
3548.00000 0.522651
3550.00000 0.513591
3552.00000 0.504626
3554.00000 0.495659
3556.00000 0.486481
3558.00000 0.477373
3560.00000 0.468358
3562.00000 0.459322
3564.00000 0.450424
3566.00000 0.441621
3568.00000 0.432699
3570.00000 0.423896
3572.00000 0.415377
3574.00000 0.406998
3576.00000 0.398311
3578.00000 0.389837
3580.00000 0.381457
3582.00000 0.373148
3584.00000 0.364838
3586.00000 0.356551
3588.00000 0.348264
3590.00000 0.340189
3592.00000 0.332161
3594.00000 0.324157
3596.00000 0.316175
3598.00000 0.30843
3600.00000 0.300755
3602.00000 0.293079
3604.00000 0.285426
3606.00000 0.277751
3608.00000 0.270144
3610.00000 0.262656
3612.00000 0.255238
3614.00000 0.247891
3616.00000 0.240543
3618.00000 0.233477
3620.00000 0.226483
3622.00000 0.219533
3624.00000 0.212773
3626.00000 0.206084
3628.00000 0.199511
3630.00000 0.193031
3632.00000 0.186787
3634.00000 0.180684
3636.00000 0.174745
3638.00000 0.1689
3640.00000 0.163219
3642.00000 0.157655
3644.00000 0.152279
3646.00000 0.147068
3648.00000 0.141974
3650.00000 0.13695
3652.00000 0.132138
3654.00000 0.127514
3656.00000 0.122936
3658.00000 0.118476
3660.00000 0.114156
3662.00000 0.110001
3664.00000 0.10594
3666.00000 0.10202
3668.00000 0.098194
3670.00000 0.094555
3672.00000 0.091057
3674.00000 0.087607
3676.00000 0.084273
3678.00000 0.081081
3680.00000 0.078029
3682.00000 0.075048
3684.00000 0.072418
3686.00000 0.069719
3688.00000 0.067066
3690.00000 0.064484
3692.00000 0.062089
3694.00000 0.059719
3696.00000 0.057512
3698.00000 0.055376
3700.00000 0.053335
3702.00000 0.051339
3704.00000 0.049367
3706.00000 0.047559
3708.00000 0.045752
3710.00000 0.044015
3712.00000 0.042347
3714.00000 0.040774
3716.00000 0.039249
3718.00000 0.037793
3720.00000 0.036361
3722.00000 0.035023
3724.00000 0.033733
3726.00000 0.032442
3728.00000 0.031198
3730.00000 0.03
3732.00000 0.028874
3734.00000 0.027724
3736.00000 0.026691
3738.00000 0.025681
3740.00000 0.024709
3750.00000 0.020058
3760.00000 0.016592
3770.00000 0.013228
3780.00000 0.010724
3790.00000 0.008314
3800.00000 0.006545
3810.00000 0.004873
4191.00000 0.0
