threeML/data/optical_filters/HST/WFPC2-f380w.ecsv
# %ECSV 0.9
# ---
# datatype:
# - {name: wavelength, unit: Angstrom, datatype: float32}
# - {name: response, datatype: float32}
# meta: !!omap
# - {band_name: f380w}
# - {group_name: WFPC2}
wavelength response
2898.00000 0.0
3220.00000 0.004123
3230.00000 0.006288
3240.00000 0.009675
3250.00000 0.013516
3260.00000 0.019029
3270.00000 0.024862
3290.00000 0.030254
3292.00000 0.031735
3294.00000 0.033275
3296.00000 0.034776
3298.00000 0.036217
3300.00000 0.037777
3302.00000 0.039378
3304.00000 0.040919
3306.00000 0.04252
3308.00000 0.04422
3310.00000 0.045941
3312.00000 0.047602
3314.00000 0.049223
3316.00000 0.050944
3318.00000 0.052804
3320.00000 0.054665
3322.00000 0.056526
3324.00000 0.058387
3326.00000 0.060268
3328.00000 0.062329
3330.00000 0.06427
3332.00000 0.066131
3334.00000 0.068152
3336.00000 0.070333
3338.00000 0.072554
3340.00000 0.074695
3342.00000 0.076766
3344.00000 0.079017
3346.00000 0.081418
3348.00000 0.083839
3350.00000 0.0862
3352.00000 0.088461
3354.00000 0.090922
3356.00000 0.093333
3358.00000 0.095734
3360.00000 0.098326
3362.00000 0.101047
3364.00000 0.103648
3366.00000 0.106349
3368.00000 0.109251
3370.00000 0.112152
3372.00000 0.115153
3374.00000 0.117955
3376.00000 0.120756
3378.00000 0.123757
3380.00000 0.126859
3382.00000 0.13006
3384.00000 0.133362
3386.00000 0.136463
3388.00000 0.139765
3390.00000 0.143066
3392.00000 0.146268
3394.00000 0.149569
3396.00000 0.15217
3398.00000 0.153271
3400.00000 0.160074
3402.00000 0.163376
3404.00000 0.166877
3406.00000 0.170579
3408.00000 0.174281
3410.00000 0.177882
3412.00000 0.181584
3414.00000 0.185186
3416.00000 0.188988
3418.00000 0.192789
3420.00000 0.196591
3422.00000 0.200193
3424.00000 0.203895
3426.00000 0.207696
3428.00000 0.211498
3430.00000 0.2151
3432.00000 0.218701
3434.00000 0.222303
3436.00000 0.225905
3438.00000 0.229506
3440.00000 0.233008
3442.00000 0.23661
3444.00000 0.240211
3446.00000 0.243813
3448.00000 0.247314
3450.00000 0.250816
3452.00000 0.254218
3454.00000 0.257419
3456.00000 0.260621
3458.00000 0.263722
3460.00000 0.266724
3462.00000 0.269625
3464.00000 0.272626
3466.00000 0.275528
3468.00000 0.278429
3470.00000 0.28133
3472.00000 0.284232
3474.00000 0.287033
3476.00000 0.289634
3478.00000 0.292135
3480.00000 0.294637
3482.00000 0.297038
3484.00000 0.299539
3486.00000 0.30204
3488.00000 0.304541
3490.00000 0.306842
3492.00000 0.309043
3494.00000 0.311344
3496.00000 0.313545
3498.00000 0.315846
3500.00000 0.318047
3502.00000 0.320248
3504.00000 0.322249
3506.00000 0.32425
3508.00000 0.326351
3510.00000 0.328352
3512.00000 0.330353
3514.00000 0.332354
3516.00000 0.334255
3518.00000 0.336156
3520.00000 0.338357
3522.00000 0.340558
3524.00000 0.342659
3526.00000 0.34486
3528.00000 0.346961
3530.00000 0.348862
3532.00000 0.350963
3534.00000 0.352963
3536.00000 0.355065
3538.00000 0.357166
3540.00000 0.359266
3542.00000 0.361467
3544.00000 0.363768
3546.00000 0.36587
3548.00000 0.36797
3550.00000 0.370071
3552.00000 0.372372
3554.00000 0.374574
3556.00000 0.376875
3558.00000 0.379176
3560.00000 0.381577
3562.00000 0.384078
3564.00000 0.386379
3566.00000 0.38868
3568.00000 0.390981
3570.00000 0.393582
3572.00000 0.396184
3574.00000 0.398585
3576.00000 0.401286
3578.00000 0.404087
3580.00000 0.406788
3582.00000 0.40919
3584.00000 0.411591
3586.00000 0.414192
3588.00000 0.416693
3590.00000 0.419294
3592.00000 0.421996
3594.00000 0.424697
3596.00000 0.427198
3598.00000 0.429699
3600.00000 0.4322
3602.00000 0.434801
3604.00000 0.437403
3606.00000 0.440004
3608.00000 0.442505
3610.00000 0.445106
3612.00000 0.447908
3614.00000 0.450709
3616.00000 0.45331
3618.00000 0.455611
3620.00000 0.458012
3622.00000 0.460513
3624.00000 0.462915
3626.00000 0.465315
3628.00000 0.467617
3630.00000 0.470118
3632.00000 0.472319
3634.00000 0.47452
3636.00000 0.476821
3638.00000 0.479022
3640.00000 0.481123
3642.00000 0.483024
3644.00000 0.484925
3646.00000 0.486826
3648.00000 0.488726
3650.00000 0.490627
3652.00000 0.492528
3654.00000 0.494329
3656.00000 0.49583
3658.00000 0.49753
3660.00000 0.499231
3662.00000 0.500932
3664.00000 0.502533
3666.00000 0.504033
3668.00000 0.505334
3670.00000 0.506735
3672.00000 0.508135
3674.00000 0.509536
3676.00000 0.510937
3678.00000 0.512337
3680.00000 0.513738
3682.00000 0.514939
3684.00000 0.516139
3686.00000 0.51714
3688.00000 0.51804
3690.00000 0.519141
3692.00000 0.520141
3694.00000 0.520941
3696.00000 0.521942
3698.00000 0.523042
3700.00000 0.524243
3702.00000 0.525243
3704.00000 0.526144
3706.00000 0.526944
3708.00000 0.527945
3710.00000 0.528945
3712.00000 0.529845
3714.00000 0.530846
3716.00000 0.531746
3718.00000 0.532447
3720.00000 0.533347
3722.00000 0.534247
3724.00000 0.534948
3726.00000 0.535848
3728.00000 0.536749
3730.00000 0.537649
3732.00000 0.53845
3734.00000 0.53935
3736.00000 0.54015
3738.00000 0.541051
3740.00000 0.542051
3742.00000 0.543052
3744.00000 0.544052
3746.00000 0.545153
3748.00000 0.546053
3750.00000 0.546953
3752.00000 0.547954
3754.00000 0.549154
3756.00000 0.550255
3758.00000 0.551255
3760.00000 0.552356
3762.00000 0.553356
3764.00000 0.554457
3766.00000 0.555557
3768.00000 0.556458
3770.00000 0.557558
3772.00000 0.558759
3774.00000 0.55996
3776.00000 0.56116
3778.00000 0.562361
3780.00000 0.563661
3782.00000 0.564962
3784.00000 0.565962
3786.00000 0.567263
3788.00000 0.568463
3790.00000 0.569664
3792.00000 0.570864
3794.00000 0.572365
3796.00000 0.573866
3798.00000 0.575167
3800.00000 0.576467
3802.00000 0.577668
3804.00000 0.578968
3806.00000 0.580369
3808.00000 0.58177
3810.00000 0.58297
3812.00000 0.584271
3814.00000 0.585471
3816.00000 0.586572
3818.00000 0.587972
3820.00000 0.589473
3822.00000 0.590874
3824.00000 0.592174
3826.00000 0.593475
3828.00000 0.594976
3830.00000 0.596276
3832.00000 0.597577
3834.00000 0.598877
3836.00000 0.600078
3838.00000 0.601379
3840.00000 0.602579
3842.00000 0.60358
3844.00000 0.60478
3846.00000 0.606181
3848.00000 0.607381
3850.00000 0.608582
3852.00000 0.609783
3854.00000 0.610883
3856.00000 0.611984
3858.00000 0.613384
3860.00000 0.614985
3862.00000 0.616286
3864.00000 0.617486
3866.00000 0.618587
3868.00000 0.619687
3870.00000 0.620788
3872.00000 0.621788
3874.00000 0.622788
3876.00000 0.623889
3878.00000 0.62489
3880.00000 0.62569
3882.00000 0.62669
3884.00000 0.627691
3886.00000 0.628691
3888.00000 0.629692
3890.00000 0.630592
3892.00000 0.631593
3894.00000 0.632493
3896.00000 0.633193
3898.00000 0.633894
3900.00000 0.634894
3902.00000 0.635695
3904.00000 0.636595
3906.00000 0.637495
3908.00000 0.638196
3910.00000 0.638796
3912.00000 0.639296
3914.00000 0.639896
3916.00000 0.640697
3918.00000 0.641497
3920.00000 0.641997
3922.00000 0.642398
3924.00000 0.642898
3926.00000 0.643498
3928.00000 0.643998
3930.00000 0.644399
3932.00000 0.644999
3934.00000 0.645699
3936.00000 0.645999
3938.00000 0.646299
3940.00000 0.646699
3942.00000 0.6471
3944.00000 0.6474
3946.00000 0.6476
3948.00000 0.6478
3950.00000 0.6481
3952.00000 0.6485
3954.00000 0.648901
3956.00000 0.649201
3958.00000 0.649401
3960.00000 0.649601
3962.00000 0.649901
3964.00000 0.650001
3966.00000 0.650001
3968.00000 0.650001
3970.00000 0.650001
3972.00000 0.650001
3974.00000 0.650101
3976.00000 0.650301
3978.00000 0.650401
3980.00000 0.650401
3982.00000 0.650401
3984.00000 0.650301
3986.00000 0.650201
3988.00000 0.650301
3990.00000 0.650101
3992.00000 0.649801
3994.00000 0.649601
3996.00000 0.649501
3998.00000 0.649501
4000.00000 0.649401
4002.00000 0.649101
4004.00000 0.648901
4006.00000 0.648901
4008.00000 0.648801
4010.00000 0.6485
4012.00000 0.6483
4014.00000 0.6481
4016.00000 0.6479
4018.00000 0.6477
4020.00000 0.6474
4022.00000 0.6471
4024.00000 0.646699
4026.00000 0.646199
4028.00000 0.645799
4030.00000 0.645499
4032.00000 0.645199
4034.00000 0.644999
4036.00000 0.644899
4038.00000 0.644499
4040.00000 0.644098
4042.00000 0.643998
4044.00000 0.643898
4046.00000 0.643698
4048.00000 0.643498
4050.00000 0.643398
4052.00000 0.643198
4054.00000 0.642998
4056.00000 0.642698
4058.00000 0.642498
4060.00000 0.642097
4062.00000 0.641797
4064.00000 0.641597
4066.00000 0.641397
4068.00000 0.641197
4070.00000 0.640997
4072.00000 0.640897
4074.00000 0.640897
4076.00000 0.640797
4078.00000 0.640497
4080.00000 0.640297
4082.00000 0.640097
4084.00000 0.639596
4086.00000 0.639296
4088.00000 0.639096
4090.00000 0.638896
4092.00000 0.638796
4094.00000 0.638796
4096.00000 0.638696
4098.00000 0.638396
4100.00000 0.637996
4102.00000 0.637695
4104.00000 0.637495
4106.00000 0.637395
4108.00000 0.637295
4110.00000 0.637095
4112.00000 0.636895
4114.00000 0.636495
4116.00000 0.636095
4118.00000 0.635795
4120.00000 0.635594
4122.00000 0.635294
4124.00000 0.634994
4126.00000 0.634594
4128.00000 0.634094
4130.00000 0.633794
4132.00000 0.633594
4134.00000 0.633193
4136.00000 0.632693
4138.00000 0.632293
4140.00000 0.632193
4142.00000 0.631893
4144.00000 0.631493
4146.00000 0.631092
4148.00000 0.630892
4150.00000 0.630492
4152.00000 0.630092
4154.00000 0.629692
4156.00000 0.629091
4158.00000 0.628691
4160.00000 0.628291
4162.00000 0.627791
4164.00000 0.627091
4166.00000 0.62659
4168.00000 0.62589
4170.00000 0.62519
4172.00000 0.624589
4174.00000 0.624089
4176.00000 0.623489
4178.00000 0.622788
4180.00000 0.621988
4182.00000 0.621088
4184.00000 0.620287
4186.00000 0.619387
4188.00000 0.618286
4190.00000 0.617286
4192.00000 0.616286
4194.00000 0.615185
4196.00000 0.614185
4198.00000 0.612784
4200.00000 0.611483
4202.00000 0.610083
4204.00000 0.608682
4206.00000 0.607181
4208.00000 0.605681
4210.00000 0.60408
4212.00000 0.602579
4214.00000 0.600878
4216.00000 0.599178
4218.00000 0.597477
4220.00000 0.595576
4222.00000 0.593575
4224.00000 0.591474
4226.00000 0.589573
4228.00000 0.587472
4230.00000 0.585471
4232.00000 0.58327
4234.00000 0.580969
4236.00000 0.578568
4238.00000 0.576367
4240.00000 0.574266
4242.00000 0.572165
4244.00000 0.569964
4246.00000 0.567563
4248.00000 0.565362
4250.00000 0.562961
4252.00000 0.56066
4254.00000 0.558259
4256.00000 0.555958
4258.00000 0.553656
4260.00000 0.551556
4262.00000 0.549354
4264.00000 0.547454
4266.00000 0.545453
4268.00000 0.543452
4270.00000 0.541451
4272.00000 0.53965
4274.00000 0.537849
4276.00000 0.536148
4278.00000 0.534348
4280.00000 0.532747
4282.00000 0.531046
4284.00000 0.529345
4286.00000 0.527644
4288.00000 0.525844
4290.00000 0.524243
4292.00000 0.522842
4294.00000 0.521642
4296.00000 0.520241
4298.00000 0.519041
4300.00000 0.51784
4302.00000 0.516539
4304.00000 0.515339
4306.00000 0.514138
4308.00000 0.513138
4310.00000 0.512137
4312.00000 0.511237
4314.00000 0.510436
4316.00000 0.509736
4318.00000 0.509036
4320.00000 0.508336
4322.00000 0.507735
4324.00000 0.507135
4326.00000 0.506635
4328.00000 0.506135
4330.00000 0.505834
4332.00000 0.505634
4334.00000 0.505334
4336.00000 0.505334
4338.00000 0.505234
4340.00000 0.505334
4342.00000 0.505334
4344.00000 0.505434
4346.00000 0.505534
4348.00000 0.505634
4350.00000 0.505834
4352.00000 0.506135
4354.00000 0.506435
4356.00000 0.506735
4358.00000 0.507035
4360.00000 0.507335
4362.00000 0.507735
4364.00000 0.508135
4366.00000 0.508336
4368.00000 0.508536
4370.00000 0.508636
4372.00000 0.508736
4374.00000 0.508536
4376.00000 0.508336
4378.00000 0.508235
4380.00000 0.507935
4382.00000 0.507335
4384.00000 0.506635
4386.00000 0.505734
4388.00000 0.504434
4390.00000 0.503133
4392.00000 0.501532
4394.00000 0.499632
4396.00000 0.49733
4398.00000 0.494829
4400.00000 0.492028
4402.00000 0.488926
4404.00000 0.485225
4406.00000 0.481323
4408.00000 0.477021
4410.00000 0.472219
4412.00000 0.467116
4414.00000 0.461714
4416.00000 0.455811
4418.00000 0.449508
4420.00000 0.442905
4422.00000 0.435602
4424.00000 0.427998
4426.00000 0.420095
4428.00000 0.411891
4430.00000 0.403387
4432.00000 0.394583
4434.00000 0.385579
4436.00000 0.376274
4438.00000 0.36667
4440.00000 0.356965
4442.00000 0.347061
4444.00000 0.337156
4446.00000 0.327252
4448.00000 0.317247
4450.00000 0.307342
4452.00000 0.297338
4454.00000 0.287333
4456.00000 0.277529
4458.00000 0.267724
4460.00000 0.25802
4462.00000 0.248415
4464.00000 0.239111
4466.00000 0.229907
4468.00000 0.220902
4470.00000 0.212198
4472.00000 0.203794
4474.00000 0.195491
4476.00000 0.187487
4478.00000 0.179783
4480.00000 0.17228
4482.00000 0.165076
4484.00000 0.158173
4486.00000 0.15137
4488.00000 0.144767
4490.00000 0.138564
4492.00000 0.132561
4494.00000 0.126859
4496.00000 0.121356
4498.00000 0.116054
4500.00000 0.111051
4502.00000 0.106149
4504.00000 0.101547
4506.00000 0.097165
4508.00000 0.093033
4510.00000 0.089041
4512.00000 0.08528
4514.00000 0.081658
4516.00000 0.078196
4518.00000 0.074905
4520.00000 0.071753
4522.00000 0.068702
4524.00000 0.065851
4526.00000 0.063129
4528.00000 0.060498
4530.00000 0.057957
4532.00000 0.055586
4534.00000 0.053345
4536.00000 0.051214
4538.00000 0.049133
4540.00000 0.047162
4542.00000 0.045261
4544.00000 0.04349
4546.00000 0.041809
4548.00000 0.040149
4550.00000 0.038558
4552.00000 0.037017
4554.00000 0.035586
4556.00000 0.034246
4558.00000 0.032925
4580.00000 0.024751
4590.00000 0.020389
4600.00000 0.017258
4610.00000 0.014337
4620.00000 0.012216
4630.00000 0.010195
4640.00000 0.008717
4650.00000 0.007301
4660.00000 0.006253
4670.00000 0.005246
4680.00000 0.004495
5148.00000 0.0
