threeML/data/optical_filters/HST/WFPC2-f791w.ecsv
# %ECSV 0.9
# ---
# datatype:
# - {name: wavelength, unit: Angstrom, datatype: float32}
# - {name: response, datatype: float32}
# meta: !!omap
# - {band_name: f791w}
# - {group_name: WFPC2}
wavelength response
6147.00000 0.0
6830.00000 0.004277
6840.00000 0.00529
6850.00000 0.006339
6860.00000 0.007868
6870.00000 0.009489
6880.00000 0.011815
6890.00000 0.014141
6900.00000 0.01556
6910.00000 0.019247
6920.00000 0.023977
6930.00000 0.029498
6940.00000 0.03637
6950.00000 0.044411
6960.00000 0.054305
6970.00000 0.065627
6980.00000 0.079382
6990.00000 0.094777
7000.00000 0.11303
7010.00000 0.133107
7020.00000 0.156177
7030.00000 0.180984
7040.00000 0.208493
7050.00000 0.237354
7060.00000 0.268531
7070.00000 0.299805
7080.00000 0.334554
7090.00000 0.367372
7100.00000 0.40299
7110.00000 0.435808
7120.00000 0.47104
7130.00000 0.502989
7140.00000 0.535808
7150.00000 0.565151
7160.00000 0.595943
7170.00000 0.622583
7180.00000 0.649996
7190.00000 0.673066
7200.00000 0.696811
7210.00000 0.716695
7220.00000 0.737255
7230.00000 0.754533
7240.00000 0.772004
7250.00000 0.785903
7260.00000 0.801251
7270.00000 0.814088
7280.00000 0.826637
7290.00000 0.836579
7300.00000 0.8471
7310.00000 0.855883
7320.00000 0.86486
7330.00000 0.872389
7340.00000 0.879821
7350.00000 0.885613
7360.00000 0.892273
7370.00000 0.897775
7380.00000 0.902408
7390.00000 0.906559
7400.00000 0.911192
7410.00000 0.913895
7420.00000 0.917466
7430.00000 0.920651
7440.00000 0.922389
7450.00000 0.924223
7460.00000 0.926539
7470.00000 0.927987
7480.00000 0.928373
7490.00000 0.929628
7500.00000 0.930786
7510.00000 0.931462
7520.00000 0.932234
7530.00000 0.931462
7540.00000 0.931655
7550.00000 0.932234
7560.00000 0.932234
7570.00000 0.931366
7580.00000 0.930594
7590.00000 0.929918
7600.00000 0.928953
7610.00000 0.929242
7620.00000 0.929146
7630.00000 0.927698
7640.00000 0.927022
7650.00000 0.927505
7660.00000 0.926732
7670.00000 0.925574
7680.00000 0.925188
7690.00000 0.925285
7700.00000 0.924995
7710.00000 0.924898
7720.00000 0.924802
7730.00000 0.925092
7740.00000 0.925285
7750.00000 0.925092
7760.00000 0.925671
7770.00000 0.926636
7780.00000 0.927311
7790.00000 0.927601
7800.00000 0.928373
7810.00000 0.928953
7820.00000 0.930786
7830.00000 0.931269
7840.00000 0.932524
7850.00000 0.933875
7860.00000 0.936095
7870.00000 0.936674
7880.00000 0.937833
7890.00000 0.940053
7900.00000 0.940922
7910.00000 0.942176
7920.00000 0.943721
7930.00000 0.945072
7940.00000 0.945941
7950.00000 0.948257
7960.00000 0.949898
7970.00000 0.95067
7980.00000 0.951636
7990.00000 0.95347
8000.00000 0.954532
8010.00000 0.955497
8020.00000 0.956752
8030.00000 0.957234
8040.00000 0.95791
8050.00000 0.957524
8060.00000 0.958972
8070.00000 0.958199
8080.00000 0.959551
8090.00000 0.958779
8100.00000 0.959454
8110.00000 0.958392
8120.00000 0.958006
8130.00000 0.957813
8140.00000 0.956655
8150.00000 0.956752
8160.00000 0.955497
8170.00000 0.9554
8180.00000 0.953952
8190.00000 0.951732
8200.00000 0.952215
8210.00000 0.95096
8220.00000 0.950284
8230.00000 0.949223
8240.00000 0.947678
8250.00000 0.947099
8260.00000 0.94623
8270.00000 0.945555
8280.00000 0.945555
8290.00000 0.944203
8300.00000 0.945458
8310.00000 0.945169
8320.00000 0.946327
8330.00000 0.945362
8340.00000 0.945844
8350.00000 0.945844
8360.00000 0.946906
8370.00000 0.946713
8380.00000 0.948547
8390.00000 0.94874
8400.00000 0.951057
8410.00000 0.951539
8420.00000 0.951829
8430.00000 0.954338
8440.00000 0.954049
8450.00000 0.955304
8460.00000 0.955304
8470.00000 0.954435
8480.00000 0.955014
8490.00000 0.953566
8500.00000 0.952505
8510.00000 0.950574
8520.00000 0.947968
8530.00000 0.94459
8540.00000 0.939474
8550.00000 0.935034
8560.00000 0.92847
8570.00000 0.922003
8580.00000 0.915053
8590.00000 0.905787
8600.00000 0.896327
8610.00000 0.887737
8620.00000 0.876829
8630.00000 0.866212
8640.00000 0.854436
8650.00000 0.84237
8660.00000 0.831077
8670.00000 0.818335
8680.00000 0.805498
8690.00000 0.793915
8700.00000 0.782139
8710.00000 0.76795
8720.00000 0.758876
8730.00000 0.747004
8740.00000 0.738413
8750.00000 0.72934
8760.00000 0.721232
8770.00000 0.714958
8780.00000 0.708394
8790.00000 0.70434
8800.00000 0.701155
8810.00000 0.699031
8820.00000 0.699321
8830.00000 0.700769
8840.00000 0.702988
8850.00000 0.708876
8860.00000 0.71322
8870.00000 0.720846
8880.00000 0.728182
8890.00000 0.738124
8900.00000 0.746811
8910.00000 0.756753
8920.00000 0.763509
8930.00000 0.77181
8940.00000 0.773644
8950.00000 0.773838
8960.00000 0.766502
8970.00000 0.750961
8980.00000 0.729436
8990.00000 0.696328
9000.00000 0.657815
9010.00000 0.608298
9020.00000 0.558877
9030.00000 0.502314
9040.00000 0.449322
9050.00000 0.393724
9060.00000 0.345268
9070.00000 0.296716
9080.00000 0.256466
9090.00000 0.218049
9100.00000 0.186099
9110.00000 0.15637
9120.00000 0.132721
9130.00000 0.110327
9140.00000 0.092972
9150.00000 0.076708
9160.00000 0.064034
9280.00000 0.022683
9290.00000 0.020164
9300.00000 0.018224
9310.00000 0.016293
9320.00000 0.014807
9330.00000 0.013301
9340.00000 0.012114
9350.00000 0.010936
9360.00000 0.00999
9370.00000 0.009052
9380.00000 0.008282
9390.00000 0.007531
9400.00000 0.006941
9410.00000 0.006318
9420.00000 0.005824
9430.00000 0.005352
9440.00000 0.004941
9450.00000 0.004566
9460.00000 0.004224
10406.00000 0.0
