threeML/data/optical_filters/HST/WFPC2-f702w.ecsv
# %ECSV 0.9
# ---
# datatype:
# - {name: wavelength, unit: Angstrom, datatype: float32}
# - {name: response, datatype: float32}
# meta: !!omap
# - {band_name: f702w}
# - {group_name: WFPC2}
wavelength response
[from data line 805]
7458.00000 0.8824
7460.00000 0.882302
7462.00000 0.882302
7464.00000 0.882302
7466.00000 0.882498
7468.00000 0.882793
7470.00000 0.883185
7472.00000 0.883578
7474.00000 0.88397
7476.00000 0.884363
7478.00000 0.884559
7480.00000 0.884853
7482.00000 0.885442
7484.00000 0.885933
7486.00000 0.88662
7488.00000 0.887307
7490.00000 0.888092
7492.00000 0.888877
7494.00000 0.889858
7496.00000 0.890643
7498.00000 0.891526
7500.00000 0.892508
7502.00000 0.893391
7504.00000 0.894372
7506.00000 0.895353
7508.00000 0.896335
7510.00000 0.897512
7512.00000 0.898592
7514.00000 0.899671
7516.00000 0.900947
7518.00000 0.902223
7520.00000 0.903498
7522.00000 0.90497
7524.00000 0.906344
7526.00000 0.90762
7528.00000 0.908798
7530.00000 0.910171
7532.00000 0.911447
7534.00000 0.912723
7536.00000 0.913998
7538.00000 0.915176
7540.00000 0.916255
7542.00000 0.917433
7544.00000 0.91861
7546.00000 0.919886
7548.00000 0.921064
7550.00000 0.922241
7552.00000 0.923615
7554.00000 0.924793
7556.00000 0.925676
7558.00000 0.926657
7560.00000 0.927639
7562.00000 0.928914
7564.00000 0.930092
7566.00000 0.931368
7568.00000 0.932447
7570.00000 0.933527
7572.00000 0.934802
7574.00000 0.93598
7576.00000 0.937059
7578.00000 0.937844
7580.00000 0.938924
7582.00000 0.939905
7584.00000 0.941083
7586.00000 0.94226
7588.00000 0.943438
7590.00000 0.944419
7592.00000 0.945303
7594.00000 0.946284
7596.00000 0.947167
7598.00000 0.947952
7600.00000 0.948933
7602.00000 0.949915
7604.00000 0.950896
7606.00000 0.951779
7608.00000 0.952662
7610.00000 0.953349
7612.00000 0.954134
7614.00000 0.955018
7616.00000 0.955999
7618.00000 0.956686
7620.00000 0.957176
7622.00000 0.957569
7624.00000 0.958059
7626.00000 0.95855
7628.00000 0.959335
7630.00000 0.959826
7632.00000 0.960218
7634.00000 0.960611
7636.00000 0.961102
7638.00000 0.961592
7640.00000 0.962279
7642.00000 0.962868
7644.00000 0.96326
7646.00000 0.963359
7648.00000 0.963555
7650.00000 0.963849
7652.00000 0.964046
7654.00000 0.964046
7656.00000 0.963849
7658.00000 0.963555
7660.00000 0.963457
7662.00000 0.963555
7664.00000 0.963751
7666.00000 0.963849
7668.00000 0.963653
7670.00000 0.96326
7672.00000 0.96277
7674.00000 0.962279
7676.00000 0.961985
7678.00000 0.961789
7680.00000 0.961396
7682.00000 0.960905
7684.00000 0.960415
7686.00000 0.959826
7688.00000 0.958943
7690.00000 0.958059
7692.00000 0.957275
7694.00000 0.956391
7696.00000 0.955704
7698.00000 0.955116
7700.00000 0.95433
7702.00000 0.953447
7704.00000 0.952662
7706.00000 0.951583
7708.00000 0.950209
7710.00000 0.949129
7712.00000 0.947952
7714.00000 0.94648
7716.00000 0.945303
7718.00000 0.944027
7720.00000 0.942751
7722.00000 0.941475
7724.00000 0.940396
7726.00000 0.939022
7728.00000 0.937648
7730.00000 0.936373
7732.00000 0.934901
7734.00000 0.933428
7736.00000 0.931956
7738.00000 0.930386
7740.00000 0.928816
7742.00000 0.92754
7744.00000 0.926363
7746.00000 0.925087
7748.00000 0.923615
7750.00000 0.922045
7752.00000 0.920279
7754.00000 0.918709
7756.00000 0.917237
7758.00000 0.915863
7760.00000 0.914489
7762.00000 0.913115
7764.00000 0.911643
7766.00000 0.910171
7768.00000 0.908798
7770.00000 0.907227
7772.00000 0.905657
7774.00000 0.904087
7776.00000 0.902615
7778.00000 0.901143
7780.00000 0.899573
7782.00000 0.898199
7784.00000 0.896825
7786.00000 0.895353
7788.00000 0.893783
7790.00000 0.892213
7792.00000 0.890545
7794.00000 0.888779
7796.00000 0.886914
7798.00000 0.88505
7800.00000 0.883185
7802.00000 0.881517
7804.00000 0.880045
7806.00000 0.878377
7808.00000 0.876708
7810.00000 0.874844
7812.00000 0.872783
7814.00000 0.87082
7816.00000 0.868858
7818.00000 0.866797
7820.00000 0.864932
7822.00000 0.863166
7824.00000 0.861105
7826.00000 0.859045
7828.00000 0.857082
7830.00000 0.855021
7832.00000 0.852961
7834.00000 0.8509
7836.00000 0.848643
7838.00000 0.846484
7840.00000 0.844816
7842.00000 0.843344
7844.00000 0.841773
7846.00000 0.840105
7848.00000 0.838241
7850.00000 0.836376
7852.00000 0.83461
7854.00000 0.832745
7856.00000 0.831077
7858.00000 0.829605
7860.00000 0.827937
7862.00000 0.826269
7864.00000 0.824797
7866.00000 0.823521
7868.00000 0.822344
7870.00000 0.82097
7872.00000 0.819792
7874.00000 0.818516
7876.00000 0.817142
7878.00000 0.815867
7880.00000 0.814885
7882.00000 0.813806
7884.00000 0.812727
7886.00000 0.811843
7888.00000 0.810862
7890.00000 0.809979
7892.00000 0.809194
7894.00000 0.808114
7896.00000 0.807133
7898.00000 0.80625
7900.00000 0.805563
7902.00000 0.804974
7904.00000 0.804287
7906.00000 0.80311
7908.00000 0.802128
7910.00000 0.801343
7912.00000 0.800656
7914.00000 0.800068
7916.00000 0.799479
7918.00000 0.79889
7920.00000 0.798203
7922.00000 0.79732
7924.00000 0.796535
7926.00000 0.796044
7928.00000 0.79575
7930.00000 0.795357
7932.00000 0.794965
7934.00000 0.79467
7936.00000 0.794474
7938.00000 0.794081
7940.00000 0.793885
7942.00000 0.793787
7944.00000 0.793689
7946.00000 0.793885
7948.00000 0.793983
7950.00000 0.794081
7952.00000 0.794376
7954.00000 0.794474
7956.00000 0.794572
7958.00000 0.794965
7960.00000 0.795652
7962.00000 0.796142
7964.00000 0.796633
7966.00000 0.79732
7968.00000 0.798301
7970.00000 0.798988
7972.00000 0.799773
7974.00000 0.800558
7976.00000 0.801245
7978.00000 0.80203
7980.00000 0.802913
7982.00000 0.803698
7984.00000 0.804484
7986.00000 0.805367
7988.00000 0.806152
7990.00000 0.807133
7992.00000 0.808016
7994.00000 0.808801
7996.00000 0.809292
7998.00000 0.80939
8000.00000 0.805367
8002.00000 0.805367
8004.00000 0.80517
8006.00000 0.804876
8008.00000 0.80468
8010.00000 0.80468
8012.00000 0.804778
8014.00000 0.804287
8016.00000 0.803306
8018.00000 0.802128
8020.00000 0.801049
8022.00000 0.800068
8024.00000 0.799577
8026.00000 0.799184
8028.00000 0.798694
8030.00000 0.798203
8032.00000 0.797811
8034.00000 0.796927
8036.00000 0.79575
8038.00000 0.794768
8040.00000 0.793885
8042.00000 0.793002
8044.00000 0.791923
8046.00000 0.791138
8048.00000 0.790941
8050.00000 0.790745
8052.00000 0.790549
8054.00000 0.790451
8056.00000 0.790254
8058.00000 0.78996
8060.00000 0.789469
8062.00000 0.788979
8064.00000 0.78839
8066.00000 0.787212
8068.00000 0.785937
8070.00000 0.785544
8072.00000 0.785642
8074.00000 0.785446
8076.00000 0.784759
8078.00000 0.783876
8080.00000 0.782698
8082.00000 0.781324
8084.00000 0.779362
8086.00000 0.776516
8088.00000 0.773278
8090.00000 0.769941
8092.00000 0.766605
8094.00000 0.76317
8096.00000 0.759343
8098.00000 0.754927
8100.00000 0.750315
8102.00000 0.745114
8104.00000 0.73903
8106.00000 0.732651
8108.00000 0.72588
8110.00000 0.719011
8112.00000 0.711749
8114.00000 0.703604
8116.00000 0.695361
8118.00000 0.687511
8120.00000 0.679758
8122.00000 0.672006
8124.00000 0.663861
8126.00000 0.655029
8128.00000 0.645608
8130.00000 0.636089
8132.00000 0.626571
8134.00000 0.616856
8136.00000 0.606944
8138.00000 0.597033
8140.00000 0.587514
8142.00000 0.577995
8144.00000 0.568379
8146.00000 0.559056
8148.00000 0.550224
8150.00000 0.541392
8152.00000 0.532462
8154.00000 0.523336
8156.00000 0.51421
8158.00000 0.505672
8160.00000 0.497429
8162.00000 0.489285
8164.00000 0.48163
8166.00000 0.474565
8168.00000 0.467695
8170.00000 0.460826
8172.00000 0.454251
8174.00000 0.447971
8176.00000 0.441887
8178.00000 0.435705
8180.00000 0.429522
8182.00000 0.423242
8184.00000 0.416863
8186.00000 0.410387
8188.00000 0.404106
8190.00000 0.39763
8192.00000 0.390858
8194.00000 0.383793
8196.00000 0.376433
8198.00000 0.369269
8200.00000 0.362204
8202.00000 0.354844
8204.00000 0.347288
8206.00000 0.339928
8208.00000 0.33247
8210.00000 0.324718
8212.00000 0.316671
8214.00000 0.309115
8216.00000 0.301362
8218.00000 0.293806
8220.00000 0.286544
8222.00000 0.279577
8224.00000 0.272708
8226.00000 0.265642
8228.00000 0.258675
8230.00000 0.252002
8232.00000 0.245525
8234.00000 0.239343
8236.00000 0.233063
8238.00000 0.226881
8240.00000 0.220796
8242.00000 0.214712
8244.00000 0.208824
8246.00000 0.203231
8248.00000 0.19803
8250.00000 0.192731
8252.00000 0.18753
8254.00000 0.182034
8256.00000 0.176735
8258.00000 0.171632
8260.00000 0.166922
8262.00000 0.162604
8264.00000 0.158188
8266.00000 0.153576
8268.00000 0.149356
8270.00000 0.145333
8272.00000 0.141408
8274.00000 0.137286
8276.00000 0.133067
8278.00000 0.129338
8280.00000 0.126001
8282.00000 0.122566
8284.00000 0.119328
8286.00000 0.116188
8288.00000 0.113146
8290.00000 0.110202
8292.00000 0.107552
8294.00000 0.104903
8296.00000 0.102057
8298.00000 0.099407
8300.00000 0.097023
8302.00000 0.094834
8304.00000 0.092666
8306.00000 0.090654
8308.00000 0.08879
8310.00000 0.087082
8312.00000 0.085384
8314.00000 0.083294
8316.00000 0.081332
8318.00000 0.079791
8320.00000 0.078437
8322.00000 0.076984
8324.00000 0.075522
8326.00000 0.074099
8328.00000 0.072725
8330.00000 0.071136
8332.00000 0.069624
8334.00000 0.068359
8336.00000 0.067024
8338.00000 0.065287
8340.00000 0.063815
8342.00000 0.062785
8344.00000 0.061676
8346.00000 0.060371
8348.00000 0.058977
8350.00000 0.0578
8352.00000 0.056681
8354.00000 0.055493
8356.00000 0.054316
8358.00000 0.053089
8360.00000 0.05201
8362.00000 0.051028
8364.00000 0.050018
8366.00000 0.048644
8368.00000 0.047476
8370.00000 0.046534
8372.00000 0.045543
8374.00000 0.044434
8376.00000 0.043335
8378.00000 0.042452
8380.00000 0.041549
8382.00000 0.040685
8384.00000 0.039841
8386.00000 0.038978
8388.00000 0.038075
8390.00000 0.037369
8392.00000 0.03677
8394.00000 0.036073
8396.00000 0.035406
8398.00000 0.034562
8400.00000 0.033797
8402.00000 0.033169
8404.00000 0.03259
8406.00000 0.03203
8408.00000 0.031559
8410.00000 0.03098
8412.00000 0.030352
8414.00000 0.029704
8416.00000 0.029165
8418.00000 0.028664
8420.00000 0.028272
8422.00000 0.027869
8424.00000 0.027281
8426.00000 0.026741
8428.00000 0.026358
8440.00000 0.023179
8450.00000 0.020961
8460.00000 0.019253
8470.00000 0.017517
8480.00000 0.016172
8490.00000 0.014828
8500.00000 0.013768
8510.00000 0.012669
8520.00000 0.011805
8530.00000 0.010942
8540.00000 0.010216
8550.00000 0.009502
8560.00000 0.008927
8570.00000 0.008306
8580.00000 0.007805
8590.00000 0.007253
8600.00000 0.006817
8610.00000 0.006359
8620.00000 0.006014
8630.00000 0.005631
8640.00000 0.005335
8650.00000 0.005042
8660.00000 0.004806
8670.00000 0.004584
8680.00000 0.004334
8690.00000 0.004159
9559.00000 0.0
