threeML/data/optical_filters/HST/WFPC2-f814w.ecsv
# %ECSV 0.9
# ---
# datatype:
# - {name: wavelength, unit: Angstrom, datatype: float32}
# - {name: response, datatype: float32}
# meta: !!omap
# - {band_name: f814w}
# - {group_name: WFPC2}
wavelength response
[from data line 805]
8532.00000 0.935724
8534.00000 0.935148
8536.00000 0.93582
8538.00000 0.934955
8540.00000 0.934859
8542.00000 0.934091
8544.00000 0.933802
8546.00000 0.933898
8548.00000 0.933322
8550.00000 0.932457
8552.00000 0.931881
8554.00000 0.931016
8556.00000 0.93092
8558.00000 0.930535
8560.00000 0.931112
8562.00000 0.931304
8564.00000 0.930631
8566.00000 0.930824
8568.00000 0.930343
8570.00000 0.928806
8572.00000 0.927941
8574.00000 0.92698
8576.00000 0.92698
8578.00000 0.926884
8580.00000 0.926211
8582.00000 0.925731
8584.00000 0.92525
8586.00000 0.924193
8588.00000 0.923425
8590.00000 0.922848
8592.00000 0.922272
8594.00000 0.922656
8596.00000 0.922368
8598.00000 0.921503
8600.00000 0.921791
8602.00000 0.921599
8604.00000 0.921118
8606.00000 0.920638
8608.00000 0.920061
8610.00000 0.919197
8612.00000 0.91814
8614.00000 0.917755
8616.00000 0.917467
8618.00000 0.916891
8620.00000 0.915833
8622.00000 0.91593
8624.00000 0.915353
8626.00000 0.914488
8628.00000 0.914008
8630.00000 0.913335
8632.00000 0.912855
8634.00000 0.912759
8636.00000 0.91199
8638.00000 0.91199
8640.00000 0.911317
8642.00000 0.910645
8644.00000 0.909203
8646.00000 0.908242
8648.00000 0.906513
8650.00000 0.906321
8652.00000 0.906129
8654.00000 0.906417
8656.00000 0.90584
8658.00000 0.905071
8660.00000 0.903822
8662.00000 0.90315
8664.00000 0.903053
8666.00000 0.902093
8668.00000 0.901997
8670.00000 0.901132
8672.00000 0.901132
8674.00000 0.900555
8676.00000 0.898633
8678.00000 0.897192
8680.00000 0.896808
8682.00000 0.896327
8684.00000 0.895463
8686.00000 0.894694
8688.00000 0.894405
8690.00000 0.894309
8692.00000 0.894021
8694.00000 0.893252
8696.00000 0.892387
8698.00000 0.891042
8700.00000 0.889889
8702.00000 0.888352
8704.00000 0.888352
8706.00000 0.887583
8708.00000 0.887391
8710.00000 0.887007
8712.00000 0.88643
8714.00000 0.885565
8716.00000 0.884892
8718.00000 0.884892
8720.00000 0.8847
8722.00000 0.883836
8724.00000 0.883163
8726.00000 0.882202
8728.00000 0.881914
8730.00000 0.881625
8732.00000 0.8798
8734.00000 0.878743
8736.00000 0.877782
8738.00000 0.87807
8740.00000 0.877398
8742.00000 0.877013
8744.00000 0.876821
8746.00000 0.876533
8748.00000 0.876244
8750.00000 0.875091
8752.00000 0.874034
8754.00000 0.872977
8756.00000 0.872497
8758.00000 0.872113
8760.00000 0.871632
8762.00000 0.871728
8764.00000 0.871152
8766.00000 0.870191
8768.00000 0.869614
8770.00000 0.869134
8772.00000 0.868557
8774.00000 0.867981
8776.00000 0.867596
8778.00000 0.866731
8780.00000 0.865579
8782.00000 0.86481
8784.00000 0.864425
8786.00000 0.864521
8788.00000 0.863945
8790.00000 0.863368
8792.00000 0.862792
8794.00000 0.861735
8796.00000 0.861158
8798.00000 0.860582
8800.00000 0.860582
8802.00000 0.860294
8804.00000 0.859813
8806.00000 0.859621
8808.00000 0.859525
8810.00000 0.859525
8812.00000 0.858468
8814.00000 0.857603
8816.00000 0.857315
8818.00000 0.857027
8820.00000 0.857027
8822.00000 0.856738
8824.00000 0.856642
8826.00000 0.855873
8828.00000 0.854816
8830.00000 0.854624
8832.00000 0.854528
8834.00000 0.854432
8836.00000 0.85424
8838.00000 0.853759
8840.00000 0.853183
8842.00000 0.853567
8844.00000 0.853856
8846.00000 0.853375
8848.00000 0.853856
8850.00000 0.853663
8852.00000 0.852702
8854.00000 0.851741
8856.00000 0.851549
8858.00000 0.851646
8860.00000 0.852222
8862.00000 0.852894
8864.00000 0.852799
8866.00000 0.853087
8868.00000 0.852702
8870.00000 0.85203
8872.00000 0.851549
8874.00000 0.850877
8876.00000 0.850588
8878.00000 0.850588
8880.00000 0.850973
8882.00000 0.851261
8884.00000 0.850973
8886.00000 0.851261
8888.00000 0.850973
8890.00000 0.850973
8892.00000 0.850396
8894.00000 0.850012
8896.00000 0.850781
8898.00000 0.851549
8900.00000 0.852126
8902.00000 0.85251
8904.00000 0.852318
8906.00000 0.852894
8908.00000 0.853567
8910.00000 0.853759
8912.00000 0.853663
8914.00000 0.853183
8916.00000 0.852894
8918.00000 0.851741
8920.00000 0.851549
8922.00000 0.85251
8924.00000 0.853856
8926.00000 0.85472
8928.00000 0.855297
8930.00000 0.856066
8932.00000 0.85597
8934.00000 0.855105
8936.00000 0.855489
8938.00000 0.856066
8940.00000 0.856546
8942.00000 0.856642
8944.00000 0.85645
8946.00000 0.856738
8948.00000 0.857315
8950.00000 0.857699
8952.00000 0.858276
8954.00000 0.858948
8956.00000 0.859525
8958.00000 0.859429
8960.00000 0.859236
8962.00000 0.859717
8964.00000 0.860774
8966.00000 0.861735
8968.00000 0.862888
8970.00000 0.86308
8972.00000 0.863368
8974.00000 0.863272
8976.00000 0.863272
8978.00000 0.863657
8980.00000 0.863849
8982.00000 0.865579
8984.00000 0.866924
8986.00000 0.866828
8988.00000 0.867116
8990.00000 0.867212
8992.00000 0.867404
8994.00000 0.867404
8996.00000 0.868365
8998.00000 0.869903
9000.00000 0.871728
9002.00000 0.872497
9004.00000 0.873266
9006.00000 0.873458
9008.00000 0.874034
9010.00000 0.873842
9012.00000 0.87413
9014.00000 0.875476
9016.00000 0.877205
9018.00000 0.878743
9020.00000 0.879896
9022.00000 0.880088
9024.00000 0.88028
9026.00000 0.879992
9028.00000 0.880953
9030.00000 0.882202
9032.00000 0.88374
9034.00000 0.884604
9036.00000 0.885661
9038.00000 0.886334
9040.00000 0.88643
9042.00000 0.885853
9044.00000 0.88643
9046.00000 0.887007
9048.00000 0.888256
9050.00000 0.889697
9052.00000 0.890274
9054.00000 0.890658
9056.00000 0.891235
9058.00000 0.892003
9060.00000 0.892195
9062.00000 0.892099
9064.00000 0.893637
9066.00000 0.894982
9068.00000 0.895559
9070.00000 0.896712
9072.00000 0.897865
9074.00000 0.898922
9076.00000 0.89969
9078.00000 0.900844
9080.00000 0.901324
9082.00000 0.901804
9084.00000 0.901612
9086.00000 0.902285
9088.00000 0.902669
9090.00000 0.904687
9092.00000 0.905744
9094.00000 0.906513
9096.00000 0.908531
9098.00000 0.90978
9100.00000 0.910164
9102.00000 0.910549
9104.00000 0.910645
9106.00000 0.911317
9108.00000 0.91247
9110.00000 0.913431
9112.00000 0.914008
9114.00000 0.914104
9116.00000 0.914681
9118.00000 0.914584
9120.00000 0.916602
9122.00000 0.917852
9124.00000 0.919677
9126.00000 0.921118
9128.00000 0.921503
9130.00000 0.921791
9132.00000 0.921791
9134.00000 0.921311
9136.00000 0.922079
9138.00000 0.923232
9140.00000 0.923809
9142.00000 0.92525
9144.00000 0.92698
9146.00000 0.927749
9148.00000 0.927268
9150.00000 0.926788
9152.00000 0.927172
9154.00000 0.927556
9156.00000 0.928133
9158.00000 0.928421
9160.00000 0.929286
9162.00000 0.930247
9164.00000 0.93092
9166.00000 0.932457
9168.00000 0.934379
9170.00000 0.935724
9172.00000 0.936685
9174.00000 0.937069
9176.00000 0.936012
9178.00000 0.935628
9180.00000 0.93534
9182.00000 0.93582
9184.00000 0.936877
9186.00000 0.937838
9188.00000 0.93803
9190.00000 0.938703
9192.00000 0.938991
9194.00000 0.938991
9196.00000 0.938607
9198.00000 0.938703
9200.00000 0.939568
9202.00000 0.940048
9204.00000 0.941201
9206.00000 0.941874
9208.00000 0.94197
9210.00000 0.941778
9212.00000 0.941586
9214.00000 0.941586
9216.00000 0.942354
9218.00000 0.943219
9220.00000 0.944084
9222.00000 0.944853
9224.00000 0.944564
9226.00000 0.944372
9228.00000 0.943892
9230.00000 0.943988
9232.00000 0.943988
9234.00000 0.9437
9236.00000 0.943988
9238.00000 0.945045
9240.00000 0.946102
9242.00000 0.94639
9244.00000 0.946582
9246.00000 0.946678
9248.00000 0.946774
9250.00000 0.946774
9252.00000 0.94639
9254.00000 0.945717
9256.00000 0.945525
9258.00000 0.944468
9260.00000 0.943892
9262.00000 0.9437
9264.00000 0.944757
9266.00000 0.946198
9268.00000 0.947255
9270.00000 0.947543
9272.00000 0.947735
9274.00000 0.947159
9276.00000 0.947159
9278.00000 0.947159
9280.00000 0.946774
9282.00000 0.946198
9284.00000 0.946102
9286.00000 0.945621
9288.00000 0.945333
9290.00000 0.945429
9292.00000 0.945525
9294.00000 0.945141
9296.00000 0.943796
9298.00000 0.943507
9300.00000 0.943123
9302.00000 0.943892
9304.00000 0.9437
9306.00000 0.944372
9308.00000 0.945333
9310.00000 0.944949
9312.00000 0.943988
9314.00000 0.943219
9316.00000 0.942931
9318.00000 0.94245
9320.00000 0.942162
9322.00000 0.942835
9324.00000 0.943411
9326.00000 0.943796
9328.00000 0.94418
9330.00000 0.9437
9332.00000 0.943892
9334.00000 0.943507
9336.00000 0.943219
9338.00000 0.942258
9340.00000 0.942162
9342.00000 0.942258
9344.00000 0.942739
9346.00000 0.943219
9348.00000 0.944084
9350.00000 0.943219
9352.00000 0.943315
9354.00000 0.942739
9356.00000 0.942066
9358.00000 0.941201
9360.00000 0.941105
9362.00000 0.940625
9364.00000 0.940144
9366.00000 0.941297
9368.00000 0.942162
9370.00000 0.943411
9372.00000 0.944372
9374.00000 0.944564
9376.00000 0.944564
9378.00000 0.944661
9380.00000 0.942739
9382.00000 0.941489
9384.00000 0.941393
9386.00000 0.941297
9388.00000 0.941874
9390.00000 0.942739
9392.00000 0.943315
9394.00000 0.943027
9396.00000 0.943123
9398.00000 0.9437
9400.00000 0.943796
9402.00000 0.943315
9404.00000 0.9437
9406.00000 0.943604
9408.00000 0.942931
9410.00000 0.943123
9412.00000 0.942931
9414.00000 0.943315
9416.00000 0.943123
9418.00000 0.943411
9420.00000 0.94418
9422.00000 0.944372
9424.00000 0.944468
9426.00000 0.945045
9428.00000 0.944949
9430.00000 0.944564
9432.00000 0.943892
9434.00000 0.94418
9436.00000 0.94418
9438.00000 0.944853
9440.00000 0.945237
9442.00000 0.944949
9444.00000 0.944661
9446.00000 0.944661
9448.00000 0.943988
9450.00000 0.943796
9452.00000 0.943315
9454.00000 0.94245
9456.00000 0.942643
9458.00000 0.94245
9460.00000 0.941201
9462.00000 0.941586
9464.00000 0.940817
9466.00000 0.939856
9468.00000 0.938895
9470.00000 0.938415
9472.00000 0.937646
9474.00000 0.93755
9476.00000 0.937454
9478.00000 0.936781
9480.00000 0.936205
9482.00000 0.935052
9484.00000 0.934091
9486.00000 0.932553
9488.00000 0.931208
9490.00000 0.929863
9492.00000 0.92919
9494.00000 0.927556
9496.00000 0.926692
9498.00000 0.924962
9500.00000 0.922944
9502.00000 0.920926
9504.00000 0.918812
9506.00000 0.916506
9508.00000 0.913239
9510.00000 0.910741
9512.00000 0.908338
9514.00000 0.90584
9516.00000 0.903726
9518.00000 0.900747
9520.00000 0.897961
9522.00000 0.894694
9524.00000 0.891715
9526.00000 0.888544
9528.00000 0.885277
9530.00000 0.881722
9532.00000 0.876917
9534.00000 0.872881
9536.00000 0.868365
9538.00000 0.864329
9540.00000 0.860101
9542.00000 0.856258
9544.00000 0.850781
9546.00000 0.845111
9548.00000 0.839346
9550.00000 0.833196
9552.00000 0.827431
9554.00000 0.822242
9556.00000 0.817437
9558.00000 0.810134
9560.00000 0.803408
9562.00000 0.797451
9564.00000 0.791493
9566.00000 0.784671
9568.00000 0.777656
9570.00000 0.770738
9572.00000 0.76305
9574.00000 0.755363
9576.00000 0.747676
9578.00000 0.740469
9580.00000 0.732782
9582.00000 0.724807
9584.00000 0.717312
9586.00000 0.708952
9588.00000 0.700496
9590.00000 0.691656
9592.00000 0.683104
9594.00000 0.674071
9596.00000 0.664462
9598.00000 0.655622
9600.00000 0.647166
9602.00000 0.638902
9604.00000 0.630062
9606.00000 0.621606
9608.00000 0.613054
9610.00000 0.603253
9612.00000 0.593163
9614.00000 0.583362
9616.00000 0.574041
9618.00000 0.564625
9620.00000 0.555592
9622.00000 0.546368
9624.00000 0.536663
9626.00000 0.52763
9628.00000 0.518309
9630.00000 0.508412
9632.00000 0.498227
9634.00000 0.488714
9636.00000 0.479297
9638.00000 0.469399
9640.00000 0.460559
9642.00000 0.452103
9644.00000 0.44384
9646.00000 0.435864
9648.00000 0.427312
9650.00000 0.418952
9652.00000 0.409824
9654.00000 0.401176
9656.00000 0.393296
9658.00000 0.385417
9660.00000 0.377538
9662.00000 0.369466
9664.00000 0.361875
9666.00000 0.354572
9668.00000 0.346981
9670.00000 0.339774
9672.00000 0.332279
9674.00000 0.324976
9676.00000 0.317577
9678.00000 0.310851
9680.00000 0.303932
9682.00000 0.297302
9684.00000 0.290768
9686.00000 0.284714
9688.00000 0.277892
9690.00000 0.271358
9692.00000 0.265208
9694.00000 0.259539
9696.00000 0.253678
9698.00000 0.248489
9700.00000 0.243011
9702.00000 0.237246
9704.00000 0.231481
9706.00000 0.226484
9708.00000 0.221295
9710.00000 0.216202
9712.00000 0.211782
9714.00000 0.20717
9716.00000 0.202558
9718.00000 0.19833
9720.00000 0.193621
9722.00000 0.189393
9724.00000 0.185358
9726.00000 0.181226
9728.00000 0.176902
9730.00000 0.172482
9732.00000 0.168542
9734.00000 0.164794
9736.00000 0.161047
9738.00000 0.157107
9740.00000 0.154032
9742.00000 0.150669
9744.00000 0.147114
9746.00000 0.143462
9748.00000 0.140003
9750.00000 0.136928
9752.00000 0.133853
9754.00000 0.130875
9756.00000 0.128184
9758.00000 0.125397
9760.00000 0.122899
9762.00000 0.11992
9764.00000 0.117038
9766.00000 0.114347
9768.00000 0.111849
9770.00000 0.109447
9772.00000 0.10714
9774.00000 0.105026
9776.00000 0.10272
9778.00000 0.100222
9780.00000 0.097916
9782.00000 0.095811
9784.00000 0.093496
9786.00000 0.091497
9788.00000 0.089441
9790.00000 0.08724
9792.00000 0.085213
9794.00000 0.0838
9796.00000 0.081667
9798.00000 0.07988
9800.00000 0.078102
9802.00000 0.07644
9804.00000 0.075037
9806.00000 0.073317
9808.00000 0.071414
9810.00000 0.070069
9812.00000 0.068358
9814.00000 0.066715
9816.00000 0.065245
9818.00000 0.064159
9820.00000 0.062804
9822.00000 0.061488
9824.00000 0.060162
9826.00000 0.059067
9828.00000 0.057817
9830.00000 0.056261
9832.00000 0.054983
9834.00000 0.054166
9836.00000 0.052898
9838.00000 0.051773
9840.00000 0.050793
9842.00000 0.04989
9844.00000 0.048967
9846.00000 0.047411
9848.00000 0.046565
9850.00000 0.045845
9852.00000 0.045018
9854.00000 0.044153
9856.00000 0.043116
9858.00000 0.042126
9860.00000 0.041107
9862.00000 0.040463
9864.00000 0.03956
9866.00000 0.038705
9868.00000 0.038301
9870.00000 0.03736
9872.00000 0.03661
9874.00000 0.03587
9876.00000 0.035342
9878.00000 0.034439
9880.00000 0.033987
9882.00000 0.033286
9884.00000 0.032594
9886.00000 0.031979
9888.00000 0.031402
9890.00000 0.030682
9892.00000 0.030278
9894.00000 0.029807
9896.00000 0.029211
9898.00000 0.028654
9930.00000 0.023177
9940.00000 0.021332
9950.00000 0.019449
9960.00000 0.01794
9970.00000 0.01647
9980.00000 0.015249
9990.00000 0.013991
10000.00000 0.01303
10010.00000 0.012011
10020.00000 0.011194
10030.00000 0.01033
10040.00000 0.009667
10050.00000 0.00897
10060.00000 0.008404
10070.00000 0.007794
10080.00000 0.007312
10090.00000 0.006826
10100.00000 0.006425
10110.00000 0.006012
10120.00000 0.005664
10130.00000 0.005312
10140.00000 0.005014
10150.00000 0.004699
10160.00000 0.004458
10170.00000 0.004215
11187.00000 0.0
