threeML/data/optical_filters/HST/WFPC2-f410m.ecsv
# %ECSV 0.9
# ---
# datatype:
# - {name: wavelength, unit: Angstrom, datatype: float32}
# - {name: response, datatype: float32}
# meta: !!omap
# - {band_name: f410m}
# - {group_name: WFPC2}
wavelength response
3501.00000 0.0
3890.00000 0.005796
3900.00000 0.009583
3910.00000 0.016245
3920.00000 0.025096
3948.00000 0.026243
3950.00000 0.029395
3952.00000 0.033069
3954.00000 0.037157
3956.00000 0.041707
3958.00000 0.04672
3960.00000 0.052399
3962.00000 0.058984
3964.00000 0.066234
3966.00000 0.074612
3968.00000 0.083376
3970.00000 0.093826
3972.00000 0.10528
3974.00000 0.118295
3976.00000 0.13266
3978.00000 0.148279
3980.00000 0.165729
3982.00000 0.184915
3984.00000 0.205258
3986.00000 0.22801
3988.00000 0.251534
3990.00000 0.276697
3992.00000 0.302921
3994.00000 0.32953
3996.00000 0.357296
3998.00000 0.383327
4000.00000 0.410804
4002.00000 0.436546
4004.00000 0.460166
4006.00000 0.482726
4008.00000 0.50519
4010.00000 0.52399
4012.00000 0.541536
4014.00000 0.55648
4016.00000 0.570267
4018.00000 0.581836
4020.00000 0.592248
4022.00000 0.599576
4024.00000 0.60777
4026.00000 0.613555
4028.00000 0.619436
4030.00000 0.623967
4032.00000 0.628981
4034.00000 0.632066
4036.00000 0.636115
4038.00000 0.638043
4040.00000 0.641225
4042.00000 0.643635
4044.00000 0.646817
4046.00000 0.649709
4048.00000 0.651926
4050.00000 0.655011
4052.00000 0.657711
4054.00000 0.661567
4056.00000 0.663399
4058.00000 0.666677
4060.00000 0.669569
4062.00000 0.671787
4064.00000 0.67439
4066.00000 0.677861
4068.00000 0.680656
4070.00000 0.682488
4072.00000 0.686634
4074.00000 0.688176
4076.00000 0.689237
4078.00000 0.692515
4080.00000 0.693865
4082.00000 0.696179
4084.00000 0.696854
4086.00000 0.697721
4088.00000 0.699167
4090.00000 0.700228
4092.00000 0.700228
4094.00000 0.700421
4096.00000 0.700131
4098.00000 0.701481
4100.00000 0.699939
4102.00000 0.699842
4104.00000 0.699746
4106.00000 0.699746
4108.00000 0.699167
4110.00000 0.6983
4112.00000 0.697625
4114.00000 0.696854
4116.00000 0.696082
4118.00000 0.695311
4120.00000 0.695889
4122.00000 0.694636
4124.00000 0.693575
4126.00000 0.693383
4128.00000 0.691551
4130.00000 0.69078
4132.00000 0.689719
4134.00000 0.68808
4136.00000 0.684995
4138.00000 0.682585
4140.00000 0.67921
4142.00000 0.67439
4144.00000 0.668605
4146.00000 0.662531
4148.00000 0.654626
4150.00000 0.645563
4152.00000 0.63409
4154.00000 0.6204
4156.00000 0.605456
4158.00000 0.58791
4160.00000 0.569881
4162.00000 0.549828
4164.00000 0.527557
4166.00000 0.503262
4168.00000 0.478966
4170.00000 0.453996
4172.00000 0.427098
4174.00000 0.401549
4176.00000 0.375132
4178.00000 0.349391
4180.00000 0.324131
4182.00000 0.299161
4184.00000 0.276408
4186.00000 0.253752
4188.00000 0.233024
4190.00000 0.214127
4192.00000 0.196677
4194.00000 0.179998
4196.00000 0.16438
4198.00000 0.150111
4200.00000 0.137385
4202.00000 0.12543
4204.00000 0.114825
4206.00000 0.104605
4208.00000 0.095437
4210.00000 0.087386
4212.00000 0.079654
4214.00000 0.072896
4216.00000 0.066648
4218.00000 0.060941
4220.00000 0.055976
4222.00000 0.051445
4224.00000 0.047299
4226.00000 0.043462
4228.00000 0.039952
4230.00000 0.036867
4232.00000 0.033907
4234.00000 0.03115
4236.00000 0.028856
4238.00000 0.026812
4240.00000 0.024787
4242.00000 0.022994
4244.00000 0.021374
4246.00000 0.019899
4248.00000 0.018472
4250.00000 0.015223
4260.00000 0.010991
4270.00000 0.008106
4280.00000 0.0061
4290.00000 0.004672
4719.00000 0.0
