threeML/data/optical_filters/HST/WFPC2-f300w.ecsv
# %ECSV 0.9
# ---
# datatype:
# - {name: wavelength, unit: Angstrom, datatype: float32}
# - {name: response, datatype: float32}
# meta: !!omap
# - {band_name: f300w}
# - {group_name: WFPC2}
wavelength response
2088.00000 0.0
2320.00000 0.004327
2330.00000 0.006876
2340.00000 0.011008
2350.00000 0.015544
2360.00000 0.022587
2370.00000 0.031249
2380.00000 0.04209
2390.00000 0.054511
2400.00000 0.069465
2410.00000 0.085537
2420.00000 0.103689
2430.00000 0.122768
2440.00000 0.143825
2450.00000 0.164835
2460.00000 0.187144
2470.00000 0.208334
2480.00000 0.231439
2490.00000 0.252629
2500.00000 0.275267
2510.00000 0.295189
2520.00000 0.316764
2530.00000 0.334853
2540.00000 0.354297
2550.00000 0.370182
2560.00000 0.387571
2570.00000 0.401015
2580.00000 0.415481
2590.00000 0.426488
2600.00000 0.437602
2610.00000 0.446851
2620.00000 0.45597
2630.00000 0.463901
2640.00000 0.47107
2650.00000 0.476776
2660.00000 0.481146
2670.00000 0.484752
2680.00000 0.488187
2690.00000 0.491623
2700.00000 0.496945
2710.00000 0.500995
2720.00000 0.504557
2730.00000 0.506253
2740.00000 0.507292
2750.00000 0.507737
2760.00000 0.508098
2770.00000 0.507736
2780.00000 0.507143
2790.00000 0.505806
2800.00000 0.504809
2810.00000 0.503325
2820.00000 0.501524
2830.00000 0.499657
2840.00000 0.498088
2850.00000 0.497048
2860.00000 0.495097
2870.00000 0.494016
2880.00000 0.492066
2890.00000 0.490561
2900.00000 0.487972
2910.00000 0.485153
2920.00000 0.483287
2930.00000 0.480657
2940.00000 0.477774
2950.00000 0.475463
2960.00000 0.472833
2970.00000 0.470416
2980.00000 0.467066
2990.00000 0.464521
3000.00000 0.461361
3010.00000 0.458243
3020.00000 0.455212
3030.00000 0.452371
3040.00000 0.448935
3050.00000 0.445605
3060.00000 0.441851
3070.00000 0.43831
3080.00000 0.434346
3090.00000 0.430357
3100.00000 0.426139
3110.00000 0.422046
3120.00000 0.41738
3130.00000 0.41231
3140.00000 0.407116
3150.00000 0.402343
3160.00000 0.396468
3170.00000 0.391187
3180.00000 0.385205
3190.00000 0.379542
3200.00000 0.372945
3210.00000 0.367134
3220.00000 0.360263
3230.00000 0.35405
3240.00000 0.346924
3250.00000 0.340539
3260.00000 0.333008
3270.00000 0.326009
3280.00000 0.318161
3290.00000 0.311372
3300.00000 0.303721
3310.00000 0.29659
3320.00000 0.288468
3330.00000 0.281255
3340.00000 0.273068
3350.00000 0.266196
3360.00000 0.258348
3370.00000 0.251119
3380.00000 0.243251
3390.00000 0.236888
3400.00000 0.227012
3410.00000 0.219973
3420.00000 0.21335
3430.00000 0.206295
3440.00000 0.199758
3450.00000 0.192872
3460.00000 0.186632
3470.00000 0.180108
3480.00000 0.174229
3490.00000 0.167936
3500.00000 0.162314
3510.00000 0.156296
3520.00000 0.150969
3530.00000 0.145209
3540.00000 0.140115
3550.00000 0.134628
3560.00000 0.129875
3570.00000 0.124771
3580.00000 0.120124
3590.00000 0.115275
3600.00000 0.11086
3610.00000 0.106159
3620.00000 0.101978
3630.00000 0.097553
3640.00000 0.093585
3650.00000 0.089392
3660.00000 0.085594
3670.00000 0.081592
3680.00000 0.077964
3690.00000 0.074195
3700.00000 0.070822
3710.00000 0.067302
3720.00000 0.063975
3730.00000 0.060562
3740.00000 0.057342
3750.00000 0.054055
3760.00000 0.050942
3770.00000 0.047719
3780.00000 0.044669
3790.00000 0.041575
3800.00000 0.038608
3810.00000 0.035599
3830.00000 0.025958
3840.00000 0.023718
3850.00000 0.021266
3860.00000 0.019212
3870.00000 0.016974
3880.00000 0.015118
3890.00000 0.013112
3900.00000 0.011508
3910.00000 0.00981
3920.00000 0.008456
3930.00000 0.00706
3940.00000 0.005989
3950.00000 0.004914
3960.00000 0.004098
4356.00000 0.0
