threeML/data/optical_filters/HST/WFPC2-f569w.ecsv
# %ECSV 0.9
# ---
# datatype:
# - {name: wavelength, unit: Angstrom, datatype: float32}
# - {name: response, datatype: float32}
# meta: !!omap
# - {band_name: f569w}
# - {group_name: WFPC2}
wavelength response
4329.00000 0.0
4810.00000 0.004093
4820.00000 0.007604
4830.00000 0.012592
4840.00000 0.020496
4850.00000 0.032863
4860.00000 0.05085
4870.00000 0.071346
4880.00000 0.10041
4890.00000 0.130631
4900.00000 0.170456
4910.00000 0.209358
4920.00000 0.256963
4930.00000 0.300575
4940.00000 0.351353
4950.00000 0.395784
4960.00000 0.445539
4970.00000 0.48782
4980.00000 0.533889
4990.00000 0.571256
5000.00000 0.611285
5010.00000 0.643636
5020.00000 0.677522
5030.00000 0.704857
5040.00000 0.732805
5050.00000 0.754918
5060.00000 0.777953
5070.00000 0.796483
5080.00000 0.81491
5090.00000 0.829448
5100.00000 0.844292
5110.00000 0.855963
5120.00000 0.867839
5130.00000 0.877155
5140.00000 0.886676
5150.00000 0.894252
5160.00000 0.901623
5170.00000 0.907356
5180.00000 0.913294
5190.00000 0.917696
5200.00000 0.9222
5210.00000 0.925783
5220.00000 0.929264
5230.00000 0.932131
5240.00000 0.93469
5250.00000 0.93684
5260.00000 0.938478
5270.00000 0.939297
5280.00000 0.94073
5290.00000 0.941242
5300.00000 0.941959
5310.00000 0.942164
5320.00000 0.942061
5330.00000 0.941754
5340.00000 0.941242
5350.00000 0.940628
5360.00000 0.939399
5370.00000 0.93858
5380.00000 0.937249
5390.00000 0.935816
5400.00000 0.933871
5410.00000 0.932233
5420.00000 0.929674
5430.00000 0.927933
5440.00000 0.925374
5450.00000 0.922814
5460.00000 0.919948
5470.00000 0.917081
5480.00000 0.91401
5490.00000 0.911041
5500.00000 0.907151
5510.00000 0.90367
5520.00000 0.899882
5530.00000 0.896197
5540.00000 0.891692
5550.00000 0.8877
5560.00000 0.883093
5570.00000 0.878588
5580.00000 0.873162
5590.00000 0.868658
5600.00000 0.863334
5610.00000 0.858216
5620.00000 0.852175
5630.00000 0.846749
5640.00000 0.840709
5650.00000 0.834976
5660.00000 0.828629
5670.00000 0.822282
5680.00000 0.815525
5690.00000 0.810099
5700.00000 0.803342
5710.00000 0.796585
5720.00000 0.789931
5730.00000 0.782458
5740.00000 0.775291
5750.00000 0.766999
5760.00000 0.76014
5770.00000 0.751847
5780.00000 0.744374
5790.00000 0.735672
5800.00000 0.728096
5810.00000 0.718882
5820.00000 0.711102
5830.00000 0.701785
5840.00000 0.6938
5850.00000 0.684177
5860.00000 0.675782
5870.00000 0.666261
5880.00000 0.657662
5890.00000 0.647833
5900.00000 0.639131
5910.00000 0.629304
5920.00000 0.620397
5930.00000 0.610569
5940.00000 0.601457
5950.00000 0.591117
5960.00000 0.582313
5970.00000 0.572178
5980.00000 0.563066
5990.00000 0.552624
6000.00000 0.54341
6010.00000 0.533275
6020.00000 0.524061
6030.00000 0.513721
6040.00000 0.504405
6050.00000 0.493553
6060.00000 0.484544
6070.00000 0.474102
6080.00000 0.465093
6090.00000 0.454651
6100.00000 0.445744
6110.00000 0.435302
6120.00000 0.426395
6130.00000 0.41626
6140.00000 0.40766
6150.00000 0.397423
6160.00000 0.388823
6170.00000 0.378995
6180.00000 0.370498
6190.00000 0.360874
6200.00000 0.352377
6210.00000 0.342754
6220.00000 0.334564
6230.00000 0.325248
6240.00000 0.317365
6250.00000 0.308356
6260.00000 0.300575
6270.00000 0.291668
6280.00000 0.284195
6290.00000 0.275698
6300.00000 0.268327
6310.00000 0.260137
6320.00000 0.25297
6330.00000 0.245087
6340.00000 0.238331
6350.00000 0.230448
6360.00000 0.223896
6370.00000 0.216422
6380.00000 0.210177
6390.00000 0.202909
6400.00000 0.196664
6410.00000 0.189702
6420.00000 0.183764
6430.00000 0.177212
6440.00000 0.171582
6450.00000 0.165439
6460.00000 0.160013
6470.00000 0.153973
6480.00000 0.148957
6490.00000 0.143428
6500.00000 0.138514
6510.00000 0.133396
6520.00000 0.128379
6530.00000 0.123772
6540.00000 0.119165
6550.00000 0.114558
6560.00000 0.110259
6570.00000 0.105857
6580.00000 0.101843
6590.00000 0.097646
6600.00000 0.093919
6610.00000 0.089927
6620.00000 0.086426
6630.00000 0.082883
6640.00000 0.079505
6650.00000 0.076188
6660.00000 0.073055
6670.00000 0.069923
6680.00000 0.066995
6690.00000 0.064005
6700.00000 0.061282
6710.00000 0.058538
6720.00000 0.055938
6730.00000 0.05342
6740.00000 0.051045
6750.00000 0.048731
6760.00000 0.046458
6770.00000 0.044288
6780.00000 0.04222
6790.00000 0.040254
6800.00000 0.038309
6810.00000 0.036487
6820.00000 0.034705
6830.00000 0.033006
6840.00000 0.031368
6940.00000 0.024202
6950.00000 0.023055
6960.00000 0.021786
6970.00000 0.020731
6980.00000 0.019584
6990.00000 0.018632
7000.00000 0.017588
7010.00000 0.016728
7020.00000 0.015776
7030.00000 0.014988
7040.00000 0.014128
7050.00000 0.013421
7060.00000 0.012654
7070.00000 0.012019
7080.00000 0.011323
7090.00000 0.010739
7100.00000 0.010118
7110.00000 0.009607
7120.00000 0.009036
7130.00000 0.008568
7140.00000 0.008063
7150.00000 0.007643
7160.00000 0.007191
7170.00000 0.006814
7180.00000 0.006406
7190.00000 0.006069
7200.00000 0.005701
7210.00000 0.005398
7220.00000 0.005077
7230.00000 0.004804
7240.00000 0.004515
7250.00000 0.00427
7260.00000 0.004013
7986.00000 0.0
