threeML/data/optical_filters/HST/WFPC2-f785lp.ecsv
# %ECSV 0.9
# ---
# datatype:
# - {name: wavelength, unit: Angstrom, datatype: float32}
# - {name: response, datatype: float32}
# meta: !!omap
# - {band_name: f785lp}
# - {group_name: WFPC2}
wavelength response
6723.00000 0.0
7470.00000 0.004747
7480.00000 0.005648
7490.00000 0.006864
7500.00000 0.008113
7510.00000 0.009779
7520.00000 0.011479
7530.00000 0.013715
7540.00000 0.015966
7550.00000 0.019728
7576.00000 0.020376
7578.00000 0.021029
7580.00000 0.021644
7582.00000 0.022296
7584.00000 0.023023
7586.00000 0.023657
7588.00000 0.024384
7590.00000 0.02513
7592.00000 0.025876
7594.00000 0.026659
7596.00000 0.027423
7598.00000 0.028225
7600.00000 0.029026
7602.00000 0.029865
7604.00000 0.030704
7606.00000 0.031562
7608.00000 0.032438
7610.00000 0.03337
7612.00000 0.034302
7614.00000 0.03529
7616.00000 0.03626
7618.00000 0.037267
7620.00000 0.038292
7622.00000 0.039336
7624.00000 0.040399
7626.00000 0.04148
7628.00000 0.04258
7630.00000 0.043698
7632.00000 0.044836
7634.00000 0.046047
7636.00000 0.047241
7638.00000 0.048415
7640.00000 0.049645
7642.00000 0.050876
7644.00000 0.052161
7646.00000 0.053449
7648.00000 0.05479
7650.00000 0.056133
7652.00000 0.057476
7654.00000 0.058837
7656.00000 0.060291
7658.00000 0.061689
7660.00000 0.063143
7662.00000 0.064672
7664.00000 0.066219
7666.00000 0.067766
7668.00000 0.069388
7670.00000 0.07101
7672.00000 0.07267
7674.00000 0.074328
7676.00000 0.075969
7678.00000 0.077647
7680.00000 0.079363
7682.00000 0.081114
7684.00000 0.082905
7686.00000 0.084656
7688.00000 0.086446
7690.00000 0.088273
7692.00000 0.090193
7694.00000 0.09202
7696.00000 0.093961
7698.00000 0.0959
7700.00000 0.097839
7702.00000 0.099834
7704.00000 0.101772
7706.00000 0.103767
7708.00000 0.105781
7710.00000 0.10785
7712.00000 0.110013
7714.00000 0.112138
7716.00000 0.114282
7718.00000 0.116426
7720.00000 0.118682
7722.00000 0.1209
7724.00000 0.123119
7726.00000 0.125449
7728.00000 0.127761
7730.00000 0.130054
7732.00000 0.132403
7734.00000 0.134826
7736.00000 0.137213
7738.00000 0.139543
7740.00000 0.141948
7742.00000 0.144334
7744.00000 0.146795
7746.00000 0.1492
7748.00000 0.151698
7750.00000 0.154122
7752.00000 0.156583
7754.00000 0.159137
7756.00000 0.161616
7758.00000 0.164152
7760.00000 0.166762
7762.00000 0.169391
7764.00000 0.172075
7766.00000 0.174648
7768.00000 0.177258
7770.00000 0.179905
7772.00000 0.182571
7774.00000 0.185331
7776.00000 0.188052
7778.00000 0.190867
7780.00000 0.193664
7782.00000 0.196386
7784.00000 0.199238
7786.00000 0.201941
7788.00000 0.204794
7790.00000 0.207683
7792.00000 0.210536
7794.00000 0.213463
7796.00000 0.216185
7798.00000 0.219056
7800.00000 0.221983
7802.00000 0.224761
7804.00000 0.227706
7806.00000 0.230596
7808.00000 0.233411
7810.00000 0.236263
7812.00000 0.239246
7814.00000 0.242248
7816.00000 0.24523
7818.00000 0.24812
7820.00000 0.250972
7822.00000 0.253881
7824.00000 0.256883
7826.00000 0.259847
7828.00000 0.262848
7830.00000 0.265924
7832.00000 0.269
7834.00000 0.272058
7836.00000 0.275097
7838.00000 0.27808
7840.00000 0.281118
7842.00000 0.284269
7844.00000 0.287345
7846.00000 0.290533
7848.00000 0.29346
7850.00000 0.296499
7852.00000 0.299407
7854.00000 0.302446
7856.00000 0.305448
7858.00000 0.308486
7860.00000 0.3116
7862.00000 0.314639
7864.00000 0.317752
7866.00000 0.320772
7868.00000 0.323774
7870.00000 0.326813
7872.00000 0.329665
7874.00000 0.33276
7876.00000 0.335854
7878.00000 0.33893
7880.00000 0.341951
7882.00000 0.344934
7884.00000 0.347935
7886.00000 0.351123
7888.00000 0.354106
7890.00000 0.357201
7892.00000 0.360258
7894.00000 0.36339
7896.00000 0.366448
7898.00000 0.36943
7900.00000 0.372432
7902.00000 0.375415
7904.00000 0.378323
7906.00000 0.381306
7908.00000 0.384252
7910.00000 0.387086
7912.00000 0.390068
7914.00000 0.3932
7916.00000 0.396202
7918.00000 0.39911
7920.00000 0.402224
7922.00000 0.404946
7924.00000 0.408022
7926.00000 0.410725
7928.00000 0.413596
7930.00000 0.416523
7932.00000 0.419338
7934.00000 0.422451
7936.00000 0.425304
7938.00000 0.428324
7940.00000 0.431158
7942.00000 0.43401
7944.00000 0.436956
7946.00000 0.439901
7948.00000 0.44253
7950.00000 0.445401
7952.00000 0.448179
7954.00000 0.451087
7956.00000 0.453977
7958.00000 0.456661
7960.00000 0.459495
7962.00000 0.462236
7964.00000 0.465051
7966.00000 0.467698
7968.00000 0.470513
7970.00000 0.47344
7972.00000 0.476162
7974.00000 0.479014
7976.00000 0.481531
7978.00000 0.484104
7980.00000 0.486733
7982.00000 0.489399
7984.00000 0.491915
7986.00000 0.494395
7988.00000 0.497079
7990.00000 0.499559
7992.00000 0.502262
7994.00000 0.505003
7996.00000 0.507557
7998.00000 0.510148
8000.00000 0.52592
8002.00000 0.528195
8004.00000 0.530227
8006.00000 0.532371
8008.00000 0.534664
8010.00000 0.536714
8012.00000 0.539008
8014.00000 0.541245
8016.00000 0.543445
8018.00000 0.545775
8020.00000 0.547826
8022.00000 0.54997
8024.00000 0.552095
8026.00000 0.554314
8028.00000 0.556346
8030.00000 0.558601
8032.00000 0.560428
8034.00000 0.562572
8036.00000 0.564455
8038.00000 0.566618
8040.00000 0.568874
8042.00000 0.571148
8044.00000 0.573236
8046.00000 0.575697
8048.00000 0.577636
8050.00000 0.579948
8052.00000 0.581793
8054.00000 0.583993
8056.00000 0.586249
8058.00000 0.58843
8060.00000 0.590481
8062.00000 0.592662
8064.00000 0.594694
8066.00000 0.597099
8068.00000 0.599038
8070.00000 0.601294
8072.00000 0.603568
8074.00000 0.605414
8076.00000 0.607502
8078.00000 0.609721
8080.00000 0.611697
8082.00000 0.613729
8084.00000 0.61563
8086.00000 0.617607
8088.00000 0.619751
8090.00000 0.621484
8092.00000 0.623218
8094.00000 0.625232
8096.00000 0.627115
8098.00000 0.629314
8100.00000 0.63116
8102.00000 0.63323
8104.00000 0.635094
8106.00000 0.637126
8108.00000 0.63899
8110.00000 0.641004
8112.00000 0.642644
8114.00000 0.644565
8116.00000 0.646392
8118.00000 0.648237
8120.00000 0.650158
8122.00000 0.651891
8124.00000 0.653588
8126.00000 0.65521
8128.00000 0.656757
8130.00000 0.658491
8132.00000 0.66043
8134.00000 0.662257
8136.00000 0.664214
8138.00000 0.665967
8140.00000 0.667663
8142.00000 0.669266
8144.00000 0.670851
8146.00000 0.672343
8148.00000 0.673946
8150.00000 0.675531
8152.00000 0.677563
8154.00000 0.67911
8156.00000 0.680769
8158.00000 0.68241
8160.00000 0.683771
8162.00000 0.68502
8164.00000 0.686381
8166.00000 0.687686
8168.00000 0.689159
8170.00000 0.690799
8172.00000 0.692365
8174.00000 0.69423
8176.00000 0.695572
8178.00000 0.696896
8180.00000 0.698312
8182.00000 0.69986
8184.00000 0.701388
8186.00000 0.702414
8188.00000 0.703943
8190.00000 0.705322
8192.00000 0.706832
8194.00000 0.708342
8196.00000 0.709517
8198.00000 0.710915
8200.00000 0.711903
8202.00000 0.713003
8204.00000 0.714401
8206.00000 0.715706
8208.00000 0.717011
8210.00000 0.718298
8212.00000 0.719696
8214.00000 0.721075
8216.00000 0.722306
8218.00000 0.723294
8220.00000 0.724543
8222.00000 0.72568
8224.00000 0.727041
8226.00000 0.728104
8228.00000 0.72926
8230.00000 0.730285
8232.00000 0.731105
8234.00000 0.731963
8236.00000 0.733212
8238.00000 0.734051
8240.00000 0.7353
8242.00000 0.736475
8244.00000 0.737668
8246.00000 0.738656
8248.00000 0.7397
8250.00000 0.740651
8252.00000 0.741807
8254.00000 0.743112
8256.00000 0.744118
8258.00000 0.745312
8260.00000 0.746094
8262.00000 0.747213
8264.00000 0.747884
8266.00000 0.748854
8268.00000 0.750028
8270.00000 0.751389
8272.00000 0.752676
8274.00000 0.753906
8276.00000 0.754782
8278.00000 0.755845
8280.00000 0.756535
8282.00000 0.757429
8284.00000 0.758324
8286.00000 0.759406
8288.00000 0.760506
8290.00000 0.761531
8292.00000 0.762314
8294.00000 0.763134
8296.00000 0.763936
8298.00000 0.764756
8300.00000 0.766005
8302.00000 0.767348
8304.00000 0.768354
8306.00000 0.76951
8308.00000 0.770107
8310.00000 0.771076
8312.00000 0.771747
8314.00000 0.772474
8316.00000 0.773295
8318.00000 0.774451
8320.00000 0.775551
8322.00000 0.776483
8324.00000 0.777322
8326.00000 0.777881
8328.00000 0.778571
8330.00000 0.779204
8332.00000 0.780193
8334.00000 0.781386
8336.00000 0.782336
8338.00000 0.783287
8340.00000 0.784182
8342.00000 0.784965
8344.00000 0.785692
8346.00000 0.786308
8348.00000 0.787091
8350.00000 0.787724
8352.00000 0.788563
8354.00000 0.789272
8356.00000 0.790055
8358.00000 0.790931
8360.00000 0.791677
8362.00000 0.792217
8364.00000 0.792926
8366.00000 0.793821
8368.00000 0.79479
8370.00000 0.795498
8372.00000 0.796468
8374.00000 0.797121
8376.00000 0.797848
8378.00000 0.798519
8380.00000 0.799227
8382.00000 0.799954
8384.00000 0.800514
8386.00000 0.801129
8388.00000 0.801856
8390.00000 0.802658
8392.00000 0.80331
8394.00000 0.803925
8396.00000 0.804615
8398.00000 0.805473
8400.00000 0.806181
8402.00000 0.807337
8404.00000 0.807579
8406.00000 0.808213
8408.00000 0.808698
8410.00000 0.809071
8412.00000 0.809686
8414.00000 0.810059
8416.00000 0.810693
8418.00000 0.811438
8420.00000 0.811904
8422.00000 0.812557
8424.00000 0.813004
8426.00000 0.813825
8428.00000 0.814645
8430.00000 0.815353
8432.00000 0.816062
8434.00000 0.816808
8436.00000 0.816994
8438.00000 0.817609
8440.00000 0.817945
8442.00000 0.818448
8444.00000 0.81897
8446.00000 0.819436
8448.00000 0.819902
8450.00000 0.820368
8452.00000 0.820835
8454.00000 0.821543
8456.00000 0.822009
8458.00000 0.822568
8460.00000 0.823109
8462.00000 0.823948
8464.00000 0.824563
8466.00000 0.825253
8468.00000 0.825551
8470.00000 0.826278
8472.00000 0.826614
8474.00000 0.826856
8476.00000 0.827192
8478.00000 0.827639
8480.00000 0.82859
8482.00000 0.829205
8484.00000 0.829783
8486.00000 0.830305
8488.00000 0.830771
8490.00000 0.831125
8492.00000 0.831573
8494.00000 0.832356
8496.00000 0.833102
8498.00000 0.833568
8500.00000 0.833903
8502.00000 0.834202
8504.00000 0.834145
8506.00000 0.834388
8508.00000 0.834705
8510.00000 0.835693
8512.00000 0.83629
8514.00000 0.836812
8516.00000 0.837408
8518.00000 0.837818
8520.00000 0.838117
8522.00000 0.838415
8524.00000 0.83903
8526.00000 0.839589
8528.00000 0.840037
8530.00000 0.840615
8532.00000 0.84095
8534.00000 0.841174
8536.00000 0.841733
8538.00000 0.841882
8540.00000 0.842274
8542.00000 0.842833
8544.00000 0.843001
8546.00000 0.843672
8548.00000 0.844213
8550.00000 0.844604
8552.00000 0.84494
8554.00000 0.845052
8556.00000 0.845443
8558.00000 0.845294
8560.00000 0.845723
8562.00000 0.846543
8564.00000 0.84714
8566.00000 0.847587
8568.00000 0.848109
8570.00000 0.84837
8572.00000 0.848408
8574.00000 0.848743
8576.00000 0.84934
8578.00000 0.849675
8580.00000 0.850179
8582.00000 0.850682
8584.00000 0.850812
8586.00000 0.851148
8588.00000 0.851297
8590.00000 0.851446
8592.00000 0.851875
8594.00000 0.852528
8596.00000 0.852584
8598.00000 0.852956
8600.00000 0.853441
8602.00000 0.853404
8604.00000 0.853702
8606.00000 0.854467
8608.00000 0.854933
8610.00000 0.855324
8612.00000 0.85566
8614.00000 0.856051
8616.00000 0.855883
8618.00000 0.856349
8620.00000 0.856704
8622.00000 0.8573
8624.00000 0.857524
8626.00000 0.857692
8628.00000 0.857878
8630.00000 0.858251
8632.00000 0.858251
8634.00000 0.858959
8636.00000 0.85937
8638.00000 0.859575
8640.00000 0.859892
8642.00000 0.860003
8644.00000 0.860171
8646.00000 0.860619
8648.00000 0.860842
8650.00000 0.860786
8652.00000 0.861271
8654.00000 0.861588
8656.00000 0.862054
8658.00000 0.862669
8660.00000 0.862688
8662.00000 0.862874
8664.00000 0.862931
8666.00000 0.862856
8668.00000 0.863285
8670.00000 0.863863
8672.00000 0.864571
8674.00000 0.865242
8676.00000 0.865224
8678.00000 0.865596
8680.00000 0.865373
8682.00000 0.865429
8684.00000 0.865727
8686.00000 0.865839
8688.00000 0.866249
8690.00000 0.86679
8692.00000 0.866808
8694.00000 0.866976
8696.00000 0.866864
8698.00000 0.866939
8700.00000 0.867461
8702.00000 0.867908
8704.00000 0.868505
8706.00000 0.868635
8708.00000 0.868729
8710.00000 0.869045
8712.00000 0.86925
8714.00000 0.869567
8716.00000 0.869474
8718.00000 0.869772
8720.00000 0.869959
8722.00000 0.870033
8724.00000 0.870406
8726.00000 0.870537
8728.00000 0.871283
8730.00000 0.871264
8732.00000 0.871581
8734.00000 0.872233
8736.00000 0.872811
8738.00000 0.872942
8740.00000 0.872979
8742.00000 0.872793
8744.00000 0.872718
8746.00000 0.873259
8748.00000 0.873464
8750.00000 0.873855
8752.00000 0.87406
8754.00000 0.874657
8756.00000 0.874545
8758.00000 0.874601
8760.00000 0.874433
8762.00000 0.874545
8764.00000 0.874974
8766.00000 0.875664
8768.00000 0.876055
8770.00000 0.876465
8772.00000 0.87695
8774.00000 0.876521
8776.00000 0.876521
8778.00000 0.876484
8780.00000 0.876614
8782.00000 0.876577
8784.00000 0.877062
8786.00000 0.877472
8788.00000 0.877733
8790.00000 0.877901
8792.00000 0.878236
8794.00000 0.878348
8796.00000 0.87874
8798.00000 0.879057
8800.00000 0.879486
8802.00000 0.879653
8804.00000 0.879448
8806.00000 0.879448
8808.00000 0.879541
8810.00000 0.879672
8812.00000 0.87997
8814.00000 0.879933
8816.00000 0.880455
8818.00000 0.880641
8820.00000 0.881014
8822.00000 0.88135
8824.00000 0.881741
8826.00000 0.881648
8828.00000 0.881834
8830.00000 0.881834
8832.00000 0.882263
8834.00000 0.88286
8836.00000 0.882841
8838.00000 0.882972
8840.00000 0.88327
8842.00000 0.882841
8844.00000 0.883196
8846.00000 0.883084
8848.00000 0.883139
8850.00000 0.883046
8852.00000 0.883438
8854.00000 0.883699
8856.00000 0.883606
8858.00000 0.884053
8860.00000 0.88409
8862.00000 0.884351
8864.00000 0.884556
8866.00000 0.884873
8868.00000 0.884873
8870.00000 0.885023
8872.00000 0.884911
8874.00000 0.884948
8876.00000 0.885116
8878.00000 0.885339
8880.00000 0.885414
8882.00000 0.88547
8884.00000 0.885712
8886.00000 0.886122
8888.00000 0.886458
8890.00000 0.886514
8892.00000 0.886775
8894.00000 0.887054
8896.00000 0.887129
8898.00000 0.887204
8900.00000 0.887222
8902.00000 0.887241
8904.00000 0.886961
8906.00000 0.886961
8908.00000 0.887222
8910.00000 0.887651
8912.00000 0.888434
8914.00000 0.888341
8916.00000 0.888322
8918.00000 0.888639
8920.00000 0.88918
8922.00000 0.889161
8924.00000 0.889049
8926.00000 0.889348
8928.00000 0.88946
8930.00000 0.889534
8932.00000 0.889702
8934.00000 0.889721
8936.00000 0.889515
8938.00000 0.889534
8940.00000 0.889721
8942.00000 0.889926
8944.00000 0.890355
8946.00000 0.890541
8948.00000 0.890765
8950.00000 0.890839
8952.00000 0.890709
8954.00000 0.890914
8956.00000 0.891305
8958.00000 0.891231
8960.00000 0.891715
8962.00000 0.891491
8964.00000 0.891529
8966.00000 0.89138
8968.00000 0.89151
8970.00000 0.89192
8972.00000 0.891995
8974.00000 0.892275
8976.00000 0.892181
8978.00000 0.892386
8980.00000 0.892442
8982.00000 0.892871
8984.00000 0.892741
8986.00000 0.893039
8988.00000 0.893132
8990.00000 0.89371
8992.00000 0.89302
8994.00000 0.893281
8996.00000 0.893281
8998.00000 0.893114
9000.00000 0.893691
9002.00000 0.893468
9004.00000 0.894381
9006.00000 0.893766
9008.00000 0.895164
9010.00000 0.894736
9012.00000 0.89468
9014.00000 0.894251
9016.00000 0.895164
9018.00000 0.894624
9020.00000 0.894885
9022.00000 0.895034
9024.00000 0.894885
9026.00000 0.895258
9028.00000 0.894754
9030.00000 0.895388
9032.00000 0.896134
9034.00000 0.895873
9036.00000 0.895425
9038.00000 0.895836
9040.00000 0.895425
9042.00000 0.895612
9044.00000 0.895388
9046.00000 0.89563
9048.00000 0.896134
9050.00000 0.896674
9052.00000 0.8966
9054.00000 0.896786
9056.00000 0.896973
9058.00000 0.897103
9060.00000 0.896842
9062.00000 0.896879
9064.00000 0.896786
9066.00000 0.896712
9068.00000 0.896954
9070.00000 0.896898
9072.00000 0.896805
9074.00000 0.896693
9076.00000 0.897252
9078.00000 0.897737
9080.00000 0.898352
9082.00000 0.898445
9084.00000 0.898091
9086.00000 0.897942
9088.00000 0.897942
9090.00000 0.897942
9092.00000 0.897942
9094.00000 0.898334
9096.00000 0.898706
9098.00000 0.898893
9100.00000 0.898744
9102.00000 0.899079
9104.00000 0.899284
9106.00000 0.89949
9108.00000 0.899284
9110.00000 0.899415
9112.00000 0.899676
9114.00000 0.899844
9116.00000 0.899844
9118.00000 0.900011
9120.00000 0.899918
9122.00000 0.899713
9124.00000 0.899508
9126.00000 0.89949
9128.00000 0.899284
9130.00000 0.899732
9132.00000 0.900161
9134.00000 0.900683
9136.00000 0.900869
9138.00000 0.900925
9140.00000 0.900701
9142.00000 0.900739
9144.00000 0.900422
9146.00000 0.900198
9148.00000 0.900496
9150.00000 0.901018
9152.00000 0.900813
9154.00000 0.90085
9156.00000 0.900906
9158.00000 0.900832
9160.00000 0.900571
9162.00000 0.900757
9164.00000 0.901111
