threeML/data/optical_filters/HST/WFPC2-f439w.ecsv
# %ECSV 0.9
# ---
# datatype:
# - {name: wavelength, unit: Angstrom, datatype: float32}
# - {name: response, datatype: float32}
# meta: !!omap
# - {band_name: f439w}
# - {group_name: WFPC2}
wavelength response
3501.00000 0.0
3890.00000 0.004994
3900.00000 0.010194
3910.00000 0.019995
3920.00000 0.021307
3922.00000 0.024676
3924.00000 0.02861
3926.00000 0.03307
3928.00000 0.038248
3930.00000 0.044508
3932.00000 0.051007
3934.00000 0.0599
3936.00000 0.068916
3938.00000 0.079531
3940.00000 0.091611
3942.00000 0.104618
3944.00000 0.120316
3946.00000 0.136588
3948.00000 0.154966
3950.00000 0.174683
3952.00000 0.196315
3954.00000 0.220149
3956.00000 0.243025
3958.00000 0.266571
3960.00000 0.289448
3962.00000 0.312132
3964.00000 0.3352
3966.00000 0.355875
3968.00000 0.374731
3970.00000 0.391864
3972.00000 0.406701
3974.00000 0.420005
3976.00000 0.431395
3978.00000 0.441254
3980.00000 0.448912
3982.00000 0.45542
3984.00000 0.461642
3986.00000 0.465279
3988.00000 0.468533
3990.00000 0.472171
3992.00000 0.474755
3994.00000 0.475999
3996.00000 0.477627
3998.00000 0.478967
4000.00000 0.481168
4002.00000 0.482317
4004.00000 0.48471
4006.00000 0.485667
4008.00000 0.488156
4010.00000 0.489017
4012.00000 0.490931
4014.00000 0.493228
4016.00000 0.494569
4018.00000 0.495813
4020.00000 0.498589
4022.00000 0.500216
4024.00000 0.501652
4026.00000 0.503949
4028.00000 0.50548
4030.00000 0.507586
4032.00000 0.51017
4034.00000 0.512563
4036.00000 0.514669
4038.00000 0.517732
4040.00000 0.520221
4042.00000 0.521848
4044.00000 0.524719
4046.00000 0.526921
4048.00000 0.529026
4050.00000 0.532664
4052.00000 0.534004
4054.00000 0.537258
4056.00000 0.540704
4058.00000 0.543193
4060.00000 0.545203
4062.00000 0.547979
4064.00000 0.550084
4066.00000 0.553147
4068.00000 0.555827
4070.00000 0.559369
4072.00000 0.561092
4074.00000 0.56492
4076.00000 0.567792
4078.00000 0.569898
4080.00000 0.574013
4082.00000 0.576119
4084.00000 0.580044
4086.00000 0.583202
4088.00000 0.584638
4090.00000 0.588945
4092.00000 0.592104
4094.00000 0.594401
4096.00000 0.597272
4098.00000 0.60091
4100.00000 0.603877
4102.00000 0.6056
4104.00000 0.609237
4106.00000 0.61297
4108.00000 0.615746
4110.00000 0.617947
4112.00000 0.621872
4114.00000 0.624935
4116.00000 0.627902
4118.00000 0.630295
4120.00000 0.633262
4122.00000 0.636899
4124.00000 0.637474
4126.00000 0.641972
4128.00000 0.645322
4130.00000 0.646471
4132.00000 0.650587
4134.00000 0.652788
4136.00000 0.654128
4138.00000 0.657
4140.00000 0.658627
4142.00000 0.66169
4144.00000 0.663317
4146.00000 0.664753
4148.00000 0.666571
4150.00000 0.668486
4152.00000 0.670496
4154.00000 0.672219
4156.00000 0.673176
4158.00000 0.674707
4160.00000 0.67576
4162.00000 0.676622
4164.00000 0.678345
4166.00000 0.679493
4168.00000 0.679493
4170.00000 0.680259
4172.00000 0.680546
4174.00000 0.681886
4176.00000 0.682173
4178.00000 0.681982
4180.00000 0.681599
4182.00000 0.681503
4184.00000 0.68179
4186.00000 0.68179
4188.00000 0.68112
4190.00000 0.680642
4192.00000 0.680929
4194.00000 0.680546
4196.00000 0.679398
4198.00000 0.678632
4200.00000 0.679493
4202.00000 0.678057
4204.00000 0.676143
4206.00000 0.676048
4208.00000 0.675282
4210.00000 0.674516
4212.00000 0.674707
4214.00000 0.674516
4216.00000 0.672697
4218.00000 0.672984
4220.00000 0.671166
4222.00000 0.670879
4224.00000 0.66973
4226.00000 0.669347
4228.00000 0.66839
4230.00000 0.667624
4232.00000 0.666859
4234.00000 0.666954
4236.00000 0.665519
4238.00000 0.665519
4240.00000 0.664849
4242.00000 0.664274
4244.00000 0.663604
4246.00000 0.664179
4248.00000 0.662551
4250.00000 0.663604
4252.00000 0.66236
4254.00000 0.662073
4256.00000 0.663126
4258.00000 0.662169
4260.00000 0.662551
4262.00000 0.663509
4264.00000 0.664083
4266.00000 0.6637
4268.00000 0.664466
4270.00000 0.663221
4272.00000 0.664657
4274.00000 0.664274
4276.00000 0.664657
4278.00000 0.666667
4280.00000 0.664753
4282.00000 0.666476
4284.00000 0.666859
4286.00000 0.666667
4288.00000 0.667337
4290.00000 0.667816
4292.00000 0.66906
4294.00000 0.668582
4296.00000 0.669156
4298.00000 0.668869
4300.00000 0.669922
4302.00000 0.669539
4304.00000 0.669347
4306.00000 0.670017
4308.00000 0.669634
4310.00000 0.66973
4312.00000 0.669922
4314.00000 0.669539
4316.00000 0.66906
4318.00000 0.669539
4320.00000 0.669252
4322.00000 0.668677
4324.00000 0.667816
4326.00000 0.668103
4328.00000 0.667146
4330.00000 0.66772
4332.00000 0.666859
4334.00000 0.665136
4336.00000 0.664753
4338.00000 0.664179
4340.00000 0.663317
4342.00000 0.662456
4344.00000 0.66303
4346.00000 0.660446
4348.00000 0.660446
4350.00000 0.659871
4352.00000 0.65767
4354.00000 0.658053
4356.00000 0.65633
4358.00000 0.655947
4360.00000 0.654703
4362.00000 0.653076
4364.00000 0.652214
4366.00000 0.651161
4368.00000 0.651831
4370.00000 0.64963
4372.00000 0.647332
4374.00000 0.646375
4376.00000 0.645705
4378.00000 0.644174
4380.00000 0.643025
4382.00000 0.642642
4384.00000 0.640919
4386.00000 0.639484
4388.00000 0.639675
4390.00000 0.637378
4392.00000 0.636325
4394.00000 0.634698
4396.00000 0.633836
4398.00000 0.632592
4400.00000 0.630678
4402.00000 0.629529
4404.00000 0.628668
4406.00000 0.627615
4408.00000 0.626562
4410.00000 0.62503
4412.00000 0.623882
4414.00000 0.622542
4416.00000 0.620819
4418.00000 0.619862
4420.00000 0.618617
4422.00000 0.617277
4424.00000 0.615267
4426.00000 0.61364
4428.00000 0.6123
4430.00000 0.611151
4432.00000 0.609237
4434.00000 0.607897
4436.00000 0.6056
4438.00000 0.60426
4440.00000 0.602633
4442.00000 0.601484
4444.00000 0.59957
4446.00000 0.597368
4448.00000 0.59622
4450.00000 0.59421
4452.00000 0.591912
4454.00000 0.589902
4456.00000 0.588467
4458.00000 0.585691
4460.00000 0.585117
4462.00000 0.581671
4464.00000 0.580714
4466.00000 0.578799
4468.00000 0.577268
4470.00000 0.574396
4472.00000 0.572482
4474.00000 0.570089
4476.00000 0.568462
4478.00000 0.565686
4480.00000 0.564346
4482.00000 0.562527
4484.00000 0.559847
4486.00000 0.558316
4488.00000 0.556306
4490.00000 0.55353
4492.00000 0.552669
4494.00000 0.54884
4496.00000 0.547308
4498.00000 0.545107
4500.00000 0.54281
4502.00000 0.54013
4504.00000 0.538981
4506.00000 0.536493
4508.00000 0.534482
4510.00000 0.531802
4512.00000 0.529792
4514.00000 0.527782
4516.00000 0.526155
4518.00000 0.523284
4520.00000 0.520891
4522.00000 0.519455
4524.00000 0.515818
4526.00000 0.513233
4528.00000 0.511032
4530.00000 0.508447
4532.00000 0.506246
4534.00000 0.503279
4536.00000 0.49945
4538.00000 0.497057
4540.00000 0.493803
4542.00000 0.491123
4544.00000 0.487485
4546.00000 0.48471
4548.00000 0.48203
4550.00000 0.478967
4552.00000 0.475521
4554.00000 0.471118
4556.00000 0.468342
4558.00000 0.464896
4560.00000 0.461068
4562.00000 0.457335
4564.00000 0.453506
4566.00000 0.45006
4568.00000 0.446327
4570.00000 0.442786
4572.00000 0.438766
4574.00000 0.435128
4576.00000 0.431778
4578.00000 0.427663
4580.00000 0.42393
4582.00000 0.420579
4584.00000 0.417325
4586.00000 0.413018
4588.00000 0.409859
4590.00000 0.406892
4592.00000 0.403733
4594.00000 0.40067
4596.00000 0.39799
4598.00000 0.395597
4600.00000 0.393109
4602.00000 0.390812
4604.00000 0.388802
4606.00000 0.386217
4608.00000 0.384494
4610.00000 0.383633
4612.00000 0.381527
4614.00000 0.380665
4616.00000 0.379708
4618.00000 0.37923
4620.00000 0.378751
4622.00000 0.378943
4624.00000 0.378847
4626.00000 0.379517
4628.00000 0.379613
4630.00000 0.381527
4632.00000 0.38191
4634.00000 0.383346
4636.00000 0.384398
4638.00000 0.386026
4640.00000 0.387366
4642.00000 0.389089
4644.00000 0.390429
4646.00000 0.391482
4648.00000 0.392056
4650.00000 0.392822
4652.00000 0.392439
4654.00000 0.392343
4656.00000 0.390333
4658.00000 0.388802
4660.00000 0.384111
4662.00000 0.378655
4664.00000 0.372721
4666.00000 0.363532
4668.00000 0.355301
4670.00000 0.343432
4672.00000 0.331084
4674.00000 0.316248
4676.00000 0.301699
4678.00000 0.28648
4680.00000 0.269921
4682.00000 0.252309
4684.00000 0.234123
4686.00000 0.217277
4688.00000 0.199761
4690.00000 0.182628
4692.00000 0.166547
4694.00000 0.151328
4696.00000 0.137449
4698.00000 0.123953
4700.00000 0.111606
4702.00000 0.100311
4704.00000 0.090433
4706.00000 0.08112
4708.00000 0.073166
4710.00000 0.065394
4712.00000 0.058713
4714.00000 0.052759
4716.00000 0.047303
4718.00000 0.042527
4720.00000 0.03821
4722.00000 0.03441
4724.00000 0.031003
4726.00000 0.028102
4728.00000 0.025336
4730.00000 0.022962
4732.00000 0.020694
4734.00000 0.018885
4736.00000 0.017114
4738.00000 0.015573
4740.00000 0.014042
4742.00000 0.012845
4744.00000 0.01161
4746.00000 0.010577
4748.00000 0.009725
4760.00000 0.00627
4770.00000 0.004264
5247.00000 0.0
