threeML/data/optical_filters/HST/WFPC2-f467m.ecsv
# %ECSV 0.9
# ---
# datatype:
# - {name: wavelength, unit: Angstrom, datatype: float32}
# - {name: response, datatype: float32}
# meta: !!omap
# - {band_name: f467m}
# - {group_name: WFPC2}
wavelength response
4014.00000 0.0
4460.00000 0.004308
4470.00000 0.006968
4480.00000 0.010966
4490.00000 0.017932
4510.00000 0.029444
4512.00000 0.033002
4514.00000 0.03705
4516.00000 0.0414
4518.00000 0.046594
4520.00000 0.052581
4522.00000 0.058908
4524.00000 0.066266
4526.00000 0.074681
4528.00000 0.084154
4530.00000 0.094922
4532.00000 0.106916
4534.00000 0.120775
4536.00000 0.135482
4538.00000 0.152899
4540.00000 0.171663
4542.00000 0.192178
4544.00000 0.214972
4546.00000 0.238999
4548.00000 0.266095
4550.00000 0.293324
4552.00000 0.323611
4554.00000 0.354766
4556.00000 0.386814
4558.00000 0.419569
4560.00000 0.451599
4562.00000 0.483158
4564.00000 0.513351
4566.00000 0.541389
4568.00000 0.568702
4570.00000 0.59239
4572.00000 0.613602
4574.00000 0.632667
4576.00000 0.649341
4578.00000 0.663501
4580.00000 0.674724
4582.00000 0.683659
4584.00000 0.693611
4586.00000 0.698704
4588.00000 0.703863
4590.00000 0.706537
4592.00000 0.710077
4594.00000 0.711753
4596.00000 0.714257
4598.00000 0.716253
4600.00000 0.716705
4602.00000 0.717214
4604.00000 0.717534
4606.00000 0.717233
4608.00000 0.718476
4610.00000 0.718042
4612.00000 0.719097
4614.00000 0.719907
4616.00000 0.719285
4618.00000 0.71953
4620.00000 0.720679
4622.00000 0.72194
4624.00000 0.721093
4626.00000 0.721677
4628.00000 0.722524
4630.00000 0.722656
4632.00000 0.723465
4634.00000 0.724407
4636.00000 0.724369
4638.00000 0.725085
4640.00000 0.725574
4642.00000 0.726083
4644.00000 0.72725
4646.00000 0.728116
4648.00000 0.728116
4650.00000 0.72742
4652.00000 0.72887
4654.00000 0.729284
4656.00000 0.729905
4658.00000 0.729943
4660.00000 0.730131
4662.00000 0.729265
4664.00000 0.730527
4666.00000 0.729905
4668.00000 0.728738
4670.00000 0.730357
4672.00000 0.729529
4674.00000 0.729284
4676.00000 0.729868
4678.00000 0.729265
4680.00000 0.730564
4682.00000 0.730169
4684.00000 0.730395
4686.00000 0.730602
4688.00000 0.731854
4690.00000 0.732146
4692.00000 0.732617
4694.00000 0.733351
4696.00000 0.733897
4698.00000 0.734688
4700.00000 0.734537
4702.00000 0.736081
4704.00000 0.73659
4706.00000 0.736289
4708.00000 0.738002
4710.00000 0.738209
4712.00000 0.74045
4714.00000 0.741429
4716.00000 0.742634
4718.00000 0.745365
4720.00000 0.746475
4722.00000 0.748189
4724.00000 0.750901
4726.00000 0.750807
4728.00000 0.75284
4730.00000 0.752388
4732.00000 0.752332
4734.00000 0.750204
4736.00000 0.747568
4738.00000 0.744122
4740.00000 0.738435
4742.00000 0.731816
4744.00000 0.723108
4746.00000 0.713071
4748.00000 0.70086
4750.00000 0.686182
4752.00000 0.669612
4754.00000 0.650198
4756.00000 0.628694
4758.00000 0.604855
4760.00000 0.577825
4762.00000 0.549693
4764.00000 0.520337
4766.00000 0.488995
4768.00000 0.45849
4770.00000 0.427666
4772.00000 0.396578
4774.00000 0.366374
4776.00000 0.336708
4778.00000 0.308934
4780.00000 0.283843
4782.00000 0.259834
4784.00000 0.237097
4786.00000 0.216158
4788.00000 0.196679
4790.00000 0.17848
4792.00000 0.162634
4794.00000 0.147994
4796.00000 0.134418
4798.00000 0.122348
4800.00000 0.110974
4802.00000 0.100947
4804.00000 0.091969
4806.00000 0.083687
4808.00000 0.075837
4810.00000 0.068923
4812.00000 0.062839
4814.00000 0.057247
4816.00000 0.052201
4818.00000 0.047742
4820.00000 0.043617
4822.00000 0.039946
4824.00000 0.03654
4826.00000 0.033509
4828.00000 0.030914
4830.00000 0.028446
4832.00000 0.026224
4834.00000 0.024173
4836.00000 0.022424
4838.00000 0.020767
4850.00000 0.015647
4860.00000 0.01127
4870.00000 0.00796
4880.00000 0.005981
4890.00000 0.004396
5379.00000 0.0
