threeML/data/optical_filters/HST/WFPC2-f1042m.ecsv
# %ECSV 0.9
# ---
# datatype:
# - {name: wavelength, unit: Angstrom, datatype: float32}
# - {name: response, datatype: float32}
# meta: !!omap
# - {band_name: f1042m}
# - {group_name: WFPC2}
wavelength response
8901.00000 0.0
9890.00000 0.004095
9900.00000 0.005911
9920.00000 0.008934
9930.00000 0.014549
9940.00000 0.024193
9950.00000 0.039853
9960.00000 0.06775
9970.00000 0.112391
9980.00000 0.185017
9990.00000 0.285559
10000.00000 0.401322
10010.00000 0.497558
10020.00000 0.555101
10030.00000 0.579441
10040.00000 0.589839
10050.00000 0.600958
10060.00000 0.619653
10070.00000 0.647468
10080.00000 0.68055
10090.00000 0.716404
10100.00000 0.749203
10110.00000 0.780192
10120.00000 0.800697
10130.00000 0.813592
10140.00000 0.816406
10150.00000 0.813961
10160.00000 0.805064
10170.00000 0.793619
10180.00000 0.783718
10190.00000 0.772488
10200.00000 0.76408
10210.00000 0.757877
10220.00000 0.754359
10230.00000 0.753896
10240.00000 0.753313
10250.00000 0.754994
10260.00000 0.760871
10270.00000 0.765607
10280.00000 0.771312
10290.00000 0.776417
10300.00000 0.781102
10310.00000 0.786181
10320.00000 0.790702
10330.00000 0.795386
10340.00000 0.799016
10350.00000 0.79971
10360.00000 0.802465
10370.00000 0.802224
10380.00000 0.804652
10390.00000 0.804824
10400.00000 0.80376
10410.00000 0.804412
10420.00000 0.804584
10430.00000 0.803039
10440.00000 0.8037
10450.00000 0.801907
10460.00000 0.801941
10470.00000 0.800637
10480.00000 0.801315
10490.00000 0.801555
10500.00000 0.800466
10510.00000 0.800362
10520.00000 0.798183
10530.00000 0.797231
10540.00000 0.794228
10550.00000 0.792529
10560.00000 0.791062
10570.00000 0.78908
10580.00000 0.786464
10590.00000 0.78582
10600.00000 0.783598
10610.00000 0.783581
10620.00000 0.783083
10630.00000 0.780321
10640.00000 0.779369
10650.00000 0.776529
10660.00000 0.774161
10670.00000 0.771904
10680.00000 0.769305
10690.00000 0.769442
10700.00000 0.769073
10710.00000 0.76728
10720.00000 0.765547
10730.00000 0.761592
10740.00000 0.754823
10750.00000 0.745703
10760.00000 0.733957
10770.00000 0.721963
10780.00000 0.71353
10790.00000 0.706838
10800.00000 0.708433
10810.00000 0.715511
10820.00000 0.732559
10830.00000 0.757542
10840.00000 0.784319
10850.00000 0.80811
10860.00000 0.807209
10870.00000 0.761137
10880.00000 0.663228
10890.00000 0.516201
10900.00000 0.375121
10910.00000 0.247338
10920.00000 0.162392
10930.00000 0.101847
10940.00000 0.066835
10950.00000 0.042826
10960.00000 0.028932
10970.00000 0.019062
10980.00000 0.013217
10990.00000 0.008926
11000.00000 0.006517
12100.00000 0.0
