threeML/data/optical_filters/HST/WFPC2-f547m.ecsv
# %ECSV 0.9
# ---
# datatype:
# - {name: wavelength, unit: Angstrom, datatype: float32}
# - {name: response, datatype: float32}
# meta: !!omap
# - {band_name: f547m}
# - {group_name: WFPC2}
wavelength response
4485.60010 0.0
4984.00000 0.004022
4986.00000 0.004678
4988.00000 0.00533
4990.00000 0.006025
4992.00000 0.006997
4994.00000 0.007836
4996.00000 0.008931
4998.00000 0.010134
5000.00000 0.011314
5002.00000 0.012769
5004.00000 0.014478
5006.00000 0.016059
5008.00000 0.017894
5010.00000 0.019908
5012.00000 0.022164
5014.00000 0.024653
5016.00000 0.027321
5018.00000 0.030136
5020.00000 0.03311
5022.00000 0.036357
5024.00000 0.0399
5026.00000 0.043549
5028.00000 0.047671
5030.00000 0.051942
5032.00000 0.05636
5034.00000 0.06121
5036.00000 0.066209
5038.00000 0.071386
5040.00000 0.077133
5042.00000 0.082637
5044.00000 0.088784
5046.00000 0.095016
5048.00000 0.101617
5050.00000 0.108186
5052.00000 0.115251
5054.00000 0.122526
5056.00000 0.129802
5058.00000 0.137816
5060.00000 0.14467
5062.00000 0.153422
5064.00000 0.161435
5066.00000 0.169976
5068.00000 0.178834
5070.00000 0.187691
5072.00000 0.196759
5074.00000 0.206355
5076.00000 0.215634
5078.00000 0.225229
5080.00000 0.234614
5082.00000 0.24442
5084.00000 0.254437
5086.00000 0.264349
5088.00000 0.274155
5090.00000 0.2847
5092.00000 0.294822
5094.00000 0.305051
5096.00000 0.314857
5098.00000 0.32519
5100.00000 0.335208
5102.00000 0.345225
5104.00000 0.356086
5106.00000 0.365365
5108.00000 0.375909
5110.00000 0.385399
5112.00000 0.395417
5114.00000 0.406066
5116.00000 0.415556
5118.00000 0.425574
5120.00000 0.435485
5122.00000 0.445081
5124.00000 0.455414
5126.00000 0.464588
5128.00000 0.473973
5130.00000 0.483673
5132.00000 0.492214
5134.00000 0.502021
5136.00000 0.510562
5138.00000 0.519525
5140.00000 0.528487
5142.00000 0.536817
5144.00000 0.545675
5146.00000 0.553899
5148.00000 0.56223
5150.00000 0.57077
5152.00000 0.578573
5154.00000 0.586587
5156.00000 0.594812
5158.00000 0.601666
5160.00000 0.609258
5162.00000 0.616639
5164.00000 0.624442
5166.00000 0.631296
5168.00000 0.637833
5170.00000 0.645003
5172.00000 0.651857
5174.00000 0.659238
5176.00000 0.665038
5178.00000 0.671681
5180.00000 0.677059
5182.00000 0.683807
5184.00000 0.689396
5186.00000 0.696355
5188.00000 0.701732
5190.00000 0.707321
5192.00000 0.713015
5194.00000 0.719447
5196.00000 0.724087
5198.00000 0.72957
5200.00000 0.734947
5202.00000 0.739798
5204.00000 0.74507
5206.00000 0.749815
5208.00000 0.754771
5210.00000 0.759938
5212.00000 0.763839
5214.00000 0.76869
5216.00000 0.772802
5218.00000 0.777336
5220.00000 0.781132
5222.00000 0.785666
5224.00000 0.789568
5226.00000 0.794418
5228.00000 0.798109
5230.00000 0.802326
5232.00000 0.805701
5234.00000 0.810024
5236.00000 0.812871
5238.00000 0.816245
5240.00000 0.820674
5242.00000 0.823837
5244.00000 0.827528
5246.00000 0.830058
5248.00000 0.833116
5250.00000 0.836912
5252.00000 0.839759
5254.00000 0.842184
5256.00000 0.845559
5258.00000 0.848722
5260.00000 0.851358
5262.00000 0.853467
5264.00000 0.856314
5266.00000 0.859055
5268.00000 0.862008
5270.00000 0.864539
5272.00000 0.866015
5274.00000 0.868967
5276.00000 0.870127
5278.00000 0.872763
5280.00000 0.875399
5282.00000 0.876665
5284.00000 0.87909
5286.00000 0.881726
5288.00000 0.881726
5290.00000 0.885311
5292.00000 0.886366
5294.00000 0.886998
5296.00000 0.88974
5298.00000 0.890583
5300.00000 0.89227
5302.00000 0.894168
5304.00000 0.89575
5306.00000 0.896594
5308.00000 0.897754
5310.00000 0.898597
5312.00000 0.899652
5314.00000 0.900811
5316.00000 0.90155
5318.00000 0.903869
5320.00000 0.904186
5322.00000 0.90408
5324.00000 0.906295
5326.00000 0.905346
5328.00000 0.907244
5330.00000 0.907771
5332.00000 0.908193
5334.00000 0.909247
5336.00000 0.909458
5338.00000 0.90988
5340.00000 0.910091
5342.00000 0.910829
5344.00000 0.910618
5346.00000 0.911567
5348.00000 0.911989
5350.00000 0.9122
5352.00000 0.911778
5354.00000 0.912516
5356.00000 0.911672
5358.00000 0.912516
5360.00000 0.913359
5362.00000 0.913254
5364.00000 0.912727
5366.00000 0.913254
5368.00000 0.912621
5370.00000 0.911883
5372.00000 0.911672
5374.00000 0.912938
5376.00000 0.91241
5378.00000 0.911145
5380.00000 0.912832
5382.00000 0.912094
5384.00000 0.912305
5386.00000 0.911461
5388.00000 0.911461
5390.00000 0.912621
5392.00000 0.911672
5394.00000 0.911778
5396.00000 0.911356
5398.00000 0.91125
5400.00000 0.912094
5402.00000 0.91104
5404.00000 0.910618
5406.00000 0.911145
5408.00000 0.911778
5410.00000 0.90988
5412.00000 0.910301
5414.00000 0.909669
5416.00000 0.90988
5418.00000 0.909774
5420.00000 0.910301
5422.00000 0.90872
5424.00000 0.909774
5426.00000 0.909142
5428.00000 0.908931
5430.00000 0.909036
5432.00000 0.908614
5434.00000 0.907665
5436.00000 0.908404
5438.00000 0.907455
5440.00000 0.907665
5442.00000 0.907138
5444.00000 0.907665
5446.00000 0.905662
5448.00000 0.906927
5450.00000 0.906822
5452.00000 0.906611
5454.00000 0.907244
5456.00000 0.906189
5458.00000 0.905873
5460.00000 0.905451
5462.00000 0.904924
5464.00000 0.905767
5466.00000 0.90524
5468.00000 0.904713
5470.00000 0.90524
5472.00000 0.905978
5474.00000 0.903975
5476.00000 0.904713
5478.00000 0.903975
5480.00000 0.903131
5482.00000 0.903658
5484.00000 0.903764
5486.00000 0.903448
5488.00000 0.901971
5490.00000 0.903342
5492.00000 0.902182
5494.00000 0.900495
5496.00000 0.90176
5498.00000 0.901444
5500.00000 0.900811
5502.00000 0.900073
5504.00000 0.900706
5506.00000 0.900179
5508.00000 0.898175
5510.00000 0.897965
5512.00000 0.898175
5514.00000 0.897543
5516.00000 0.897437
5518.00000 0.896805
5520.00000 0.89691
5522.00000 0.894801
5524.00000 0.895012
5526.00000 0.894907
5528.00000 0.893536
5530.00000 0.893747
5532.00000 0.893009
5534.00000 0.891743
5536.00000 0.89206
5538.00000 0.890162
5540.00000 0.889634
5542.00000 0.88974
5544.00000 0.88974
5546.00000 0.888264
5548.00000 0.886471
5550.00000 0.886787
5552.00000 0.884889
5554.00000 0.884468
5556.00000 0.884257
5558.00000 0.883835
5560.00000 0.883097
5562.00000 0.88141
5564.00000 0.881093
5566.00000 0.880355
5568.00000 0.878352
5570.00000 0.877614
5572.00000 0.87561
5574.00000 0.876348
5576.00000 0.87445
5578.00000 0.873501
5580.00000 0.872236
5582.00000 0.871287
5584.00000 0.870549
5586.00000 0.869284
5588.00000 0.86844
5590.00000 0.867596
5592.00000 0.866542
5594.00000 0.865488
5596.00000 0.864855
5598.00000 0.863484
5600.00000 0.862219
5602.00000 0.861481
5604.00000 0.860321
5606.00000 0.858528
5608.00000 0.858001
5610.00000 0.856736
5612.00000 0.855259
5614.00000 0.853783
5616.00000 0.853572
5618.00000 0.852623
5620.00000 0.850725
5622.00000 0.849355
5624.00000 0.848511
5626.00000 0.847351
5628.00000 0.84598
5630.00000 0.844399
5632.00000 0.84229
5634.00000 0.841763
5636.00000 0.840497
5638.00000 0.839021
5640.00000 0.837018
5642.00000 0.837123
5644.00000 0.835436
5646.00000 0.834592
5648.00000 0.831956
5650.00000 0.831956
5652.00000 0.830164
5654.00000 0.827528
5656.00000 0.827528
5658.00000 0.825313
5660.00000 0.824259
5662.00000 0.822888
5664.00000 0.821623
5666.00000 0.820357
5668.00000 0.818249
5670.00000 0.817405
5672.00000 0.815612
5674.00000 0.813714
5676.00000 0.813082
5678.00000 0.811395
5680.00000 0.809391
5682.00000 0.807915
5684.00000 0.805595
5686.00000 0.805068
5688.00000 0.802221
5690.00000 0.801377
5692.00000 0.798741
5694.00000 0.797687
5696.00000 0.795789
5698.00000 0.793047
5700.00000 0.794945
5702.00000 0.792942
5704.00000 0.791255
5706.00000 0.790095
5708.00000 0.787142
5710.00000 0.784823
5712.00000 0.78303
5714.00000 0.780289
5716.00000 0.778601
5718.00000 0.775333
5720.00000 0.772064
5722.00000 0.769744
5724.00000 0.767003
5726.00000 0.764788
5728.00000 0.761941
5730.00000 0.758356
5732.00000 0.755087
5734.00000 0.751818
5736.00000 0.748339
5738.00000 0.74507
5740.00000 0.740536
5742.00000 0.736635
5744.00000 0.732628
5746.00000 0.728304
5748.00000 0.723349
5750.00000 0.718287
5752.00000 0.713437
5754.00000 0.707848
5756.00000 0.700889
5758.00000 0.696355
5760.00000 0.690134
5762.00000 0.682331
5764.00000 0.676953
5766.00000 0.669888
5768.00000 0.662085
5770.00000 0.654493
5772.00000 0.645531
5774.00000 0.637517
5776.00000 0.628765
5778.00000 0.61917
5780.00000 0.609996
5782.00000 0.60019
5784.00000 0.589223
5786.00000 0.579733
5788.00000 0.568873
5790.00000 0.558223
5792.00000 0.547467
5794.00000 0.535447
5796.00000 0.523215
5798.00000 0.511511
5800.00000 0.499701
5802.00000 0.486626
5804.00000 0.4745
5806.00000 0.462585
5808.00000 0.448771
5810.00000 0.436329
5812.00000 0.423781
5814.00000 0.410706
5816.00000 0.398053
5818.00000 0.384872
5820.00000 0.372219
5822.00000 0.360093
5824.00000 0.347123
5826.00000 0.334997
5828.00000 0.32266
5830.00000 0.310323
5832.00000 0.298724
5834.00000 0.286914
5836.00000 0.275526
5838.00000 0.264665
5840.00000 0.25391
5842.00000 0.243577
5844.00000 0.233032
5846.00000 0.223753
5848.00000 0.213736
5850.00000 0.204668
5852.00000 0.19581
5854.00000 0.186531
5856.00000 0.178412
5858.00000 0.170609
5860.00000 0.163123
5862.00000 0.155847
5864.00000 0.148466
5866.00000 0.141612
5868.00000 0.135074
5870.00000 0.128642
5872.00000 0.122843
5874.00000 0.117043
5876.00000 0.11156
5878.00000 0.106182
5880.00000 0.101279
5882.00000 0.096629
5884.00000 0.091948
5886.00000 0.08755
5888.00000 0.083565
5890.00000 0.079621
5892.00000 0.075762
5894.00000 0.072145
5896.00000 0.068549
5898.00000 0.065439
5900.00000 0.062402
5902.00000 0.059355
5904.00000 0.056539
5906.00000 0.05404
5908.00000 0.051299
5910.00000 0.048958
5912.00000 0.046659
5914.00000 0.04455
5916.00000 0.042578
5918.00000 0.040575
5920.00000 0.03873
5922.00000 0.037011
5924.00000 0.035324
5926.00000 0.033827
5928.00000 0.032308
5930.00000 0.030684
5932.00000 0.02924
5934.00000 0.027964
5936.00000 0.026667
5938.00000 0.025391
5940.00000 0.02634
5950.00000 0.020783
5960.00000 0.016987
5970.00000 0.01355
5980.00000 0.011156
5990.00000 0.00897
6000.00000 0.007448
6010.00000 0.006057
6020.00000 0.005076
6030.00000 0.004168
6633.00000 0.0
