threeML/data/optical_filters/HST/WFPC2-f850lp.ecsv
# %ECSV 0.9
# ---
# datatype:
# - {name: wavelength, unit: Angstrom, datatype: float32}
# - {name: response, datatype: float32}
# meta: !!omap
# - {band_name: f850lp}
# - {group_name: WFPC2}
wavelength response
7488.00000 0.0
8320.00000 0.010104
8330.00000 0.016565
8340.00000 0.024992
8350.00000 0.033948
8360.00000 0.045093
8370.00000 0.056681
8380.00000 0.071362
8390.00000 0.085502
8400.00000 0.10365
8410.00000 0.121261
8420.00000 0.141222
8430.00000 0.162007
8440.00000 0.184602
8450.00000 0.207215
8460.00000 0.232557
8470.00000 0.256364
8480.00000 0.282672
8490.00000 0.307616
8500.00000 0.334587
8510.00000 0.35937
8520.00000 0.386445
8530.00000 0.411001
8540.00000 0.436513
8550.00000 0.459448
8560.00000 0.483748
8570.00000 0.505745
8580.00000 0.527743
8590.00000 0.546766
8600.00000 0.567115
8610.00000 0.585058
8620.00000 0.603873
8630.00000 0.620698
8640.00000 0.637731
8650.00000 0.651676
8660.00000 0.667108
8670.00000 0.680191
8680.00000 0.693256
8690.00000 0.705798
8700.00000 0.717451
8710.00000 0.728914
8720.00000 0.738994
8730.00000 0.7486
8740.00000 0.758149
8750.00000 0.765823
8760.00000 0.775088
8770.00000 0.782515
8780.00000 0.788995
8790.00000 0.795778
8800.00000 0.802486
8810.00000 0.807923
8820.00000 0.812755
8830.00000 0.816715
8840.00000 0.822513
8850.00000 0.826473
8860.00000 0.829125
8870.00000 0.83354
8880.00000 0.837045
8890.00000 0.841251
8900.00000 0.843639
8910.00000 0.847997
8920.00000 0.850232
8930.00000 0.852544
8940.00000 0.855329
8950.00000 0.856788
8960.00000 0.858853
8970.00000 0.86179
8980.00000 0.861809
8990.00000 0.865257
9000.00000 0.866603
9010.00000 0.866167
9020.00000 0.869047
9030.00000 0.871093
9040.00000 0.871946
9050.00000 0.873632
9060.00000 0.874958
9070.00000 0.874466
9080.00000 0.876209
9090.00000 0.87691
9100.00000 0.87763
9110.00000 0.879278
9120.00000 0.879183
9130.00000 0.880036
9140.00000 0.881059
9150.00000 0.880548
9160.00000 0.882651
9170.00000 0.881628
9180.00000 0.882954
9190.00000 0.882935
9200.00000 0.883863
9210.00000 0.884053
9220.00000 0.885076
9230.00000 0.88627
9240.00000 0.885947
9250.00000 0.886232
9260.00000 0.885853
9270.00000 0.887312
9280.00000 0.886194
9290.00000 0.885796
9300.00000 0.887956
9310.00000 0.886251
9320.00000 0.887994
9330.00000 0.887028
9340.00000 0.889017
9350.00000 0.887861
9360.00000 0.888221
9370.00000 0.889623
9380.00000 0.888903
9390.00000 0.887842
9400.00000 0.889377
9410.00000 0.888221
9420.00000 0.88879
9430.00000 0.890002
9440.00000 0.889661
9450.00000 0.889699
9460.00000 0.889244
9470.00000 0.890969
9480.00000 0.890684
9490.00000 0.889567
9500.00000 0.890286
9510.00000 0.890552
9520.00000 0.8904
9530.00000 0.889794
9540.00000 0.890305
9550.00000 0.890267
9560.00000 0.891613
9570.00000 0.889093
9580.00000 0.889907
9590.00000 0.89076
9600.00000 0.89023
9610.00000 0.889851
9620.00000 0.890002
9630.00000 0.890627
9640.00000 0.890571
9650.00000 0.890969
9660.00000 0.890949
9670.00000 0.8904
9680.00000 0.888676
9690.00000 0.891082
9700.00000 0.891347
9710.00000 0.890362
9720.00000 0.891632
9730.00000 0.889775
9740.00000 0.88987
9750.00000 0.890381
9760.00000 0.891196
9770.00000 0.892162
9780.00000 0.890684
9790.00000 0.891556
9800.00000 0.891196
9810.00000 0.890002
9820.00000 0.891177
9830.00000 0.890703
9840.00000 0.889434
9850.00000 0.891082
9860.00000 0.890684
9870.00000 0.891442
9880.00000 0.891272
9890.00000 0.891556
9900.00000 0.890969
9910.00000 0.8904
9920.00000 0.8904
9930.00000 0.890874
9940.00000 0.890722
9950.00000 0.890798
9960.00000 0.891025
9970.00000 0.890173
9980.00000 0.891651
9990.00000 0.89131
10000.00000 0.891158
10010.00000 0.891594
10020.00000 0.892181
10030.00000 0.892295
10040.00000 0.890703
10050.00000 0.891291
10060.00000 0.890874
10070.00000 0.889282
10080.00000 0.890154
10090.00000 0.889983
10100.00000 0.889604
10110.00000 0.888733
10120.00000 0.889718
10130.00000 0.89112
10140.00000 0.890627
10150.00000 0.890495
10160.00000 0.890286
10170.00000 0.890533
10180.00000 0.890912
10190.00000 0.890627
10200.00000 0.890381
10210.00000 0.88968
10220.00000 0.890646
10230.00000 0.891044
10240.00000 0.891442
10250.00000 0.890779
10260.00000 0.888752
10270.00000 0.889756
10280.00000 0.889074
10290.00000 0.889491
10300.00000 0.890059
10310.00000 0.889945
10320.00000 0.88879
10330.00000 0.889547
10340.00000 0.889604
10350.00000 0.889339
10360.00000 0.889888
10370.00000 0.889225
10380.00000 0.889529
10390.00000 0.888619
10400.00000 0.889188
10410.00000 0.888752
10420.00000 0.888221
10430.00000 0.887748
10440.00000 0.888354
10450.00000 0.888922
10460.00000 0.888884
10470.00000 0.890267
10480.00000 0.888411
10490.00000 0.888827
10500.00000 0.888259
10510.00000 0.888164
10520.00000 0.887293
10530.00000 0.887861
10540.00000 0.888562
10550.00000 0.888827
10560.00000 0.887274
10570.00000 0.888088
10580.00000 0.886611
10590.00000 0.887766
10600.00000 0.886857
10610.00000 0.887387
10620.00000 0.888411
10630.00000 0.886611
10640.00000 0.887406
10650.00000 0.887672
10660.00000 0.887956
10670.00000 0.887653
10680.00000 0.885569
10690.00000 0.887179
10700.00000 0.886402
10710.00000 0.886251
10720.00000 0.885588
10730.00000 0.886611
10740.00000 0.886743
10750.00000 0.887937
10760.00000 0.888221
10770.00000 0.887729
10780.00000 0.886743
10790.00000 0.886876
10800.00000 0.886402
10810.00000 0.886251
10820.00000 0.886971
10830.00000 0.887804
10840.00000 0.884735
10850.00000 0.885569
10860.00000 0.885493
10870.00000 0.885095
10880.00000 0.885663
10890.00000 0.885815
10900.00000 0.886952
10910.00000 0.885227
10920.00000 0.885682
10930.00000 0.88519
10940.00000 0.884337
10950.00000 0.883863
10960.00000 0.884868
10970.00000 0.884849
10980.00000 0.885663
10990.00000 0.884526
11000.00000 0.885606
12100.00000 0.0
