threeML/data/optical_filters/HST/WFPC2-f953n.ecsv
# %ECSV 0.9
# ---
# datatype:
# - {name: wavelength, unit: Angstrom, datatype: float32}
# - {name: response, datatype: float32}
# meta: !!omap
# - {band_name: f953n}
# - {group_name: WFPC2}
wavelength response
8517.59961 0.0
9464.00000 0.004082
9465.00000 0.00496
9466.00000 0.00349
9467.00000 0.003705
9468.00000 0.004096
9469.00000 0.003736
9470.00000 0.003734
9471.00000 0.004508
9472.00000 0.004371
9473.00000 0.004108
9474.00000 0.005976
9475.00000 0.004799
9476.00000 0.00558
9477.00000 0.004794
9478.00000 0.005136
9479.00000 0.005092
9480.00000 0.006042
9481.00000 0.006341
9482.00000 0.005908
9483.00000 0.006591
9484.00000 0.007917
9485.00000 0.00847
9486.00000 0.008674
9487.00000 0.010376
9488.00000 0.012029
9489.00000 0.012886
9490.00000 0.015214
9491.00000 0.016135
9492.00000 0.019446
9493.00000 0.024387
9494.00000 0.027127
9495.00000 0.031158
9496.00000 0.04013
9497.00000 0.04743
9498.00000 0.055461
9499.00000 0.065808
9500.00000 0.078567
9501.00000 0.098881
9502.00000 0.117438
9503.00000 0.136694
9504.00000 0.1587
9505.00000 0.195942
9506.00000 0.241331
9507.00000 0.274975
9508.00000 0.313169
9509.00000 0.365752
9510.00000 0.429232
9511.00000 0.482026
9512.00000 0.532176
9513.00000 0.585393
9514.00000 0.655539
9515.00000 0.707381
9516.00000 0.74367
9517.00000 0.782922
9518.00000 0.832331
9519.00000 0.865764
9520.00000 0.88777
9521.00000 0.90618
9522.00000 0.925118
9523.00000 0.940036
9524.00000 0.948394
9525.00000 0.952414
9526.00000 0.955059
9527.00000 0.954953
9528.00000 0.956011
9529.00000 0.955483
9530.00000 0.954742
9531.00000 0.954213
9532.00000 0.954001
9533.00000 0.952309
9534.00000 0.952414
9535.00000 0.952732
9536.00000 0.951356
9537.00000 0.952309
9538.00000 0.953049
9539.00000 0.95252
9540.00000 0.952414
9541.00000 0.952097
9542.00000 0.951885
9543.00000 0.951674
9544.00000 0.951039
9545.00000 0.950404
9546.00000 0.949029
9547.00000 0.949029
9548.00000 0.946807
9549.00000 0.945855
9550.00000 0.943527
9551.00000 0.943421
9552.00000 0.941411
9553.00000 0.939824
9554.00000 0.938025
9555.00000 0.935804
9556.00000 0.935698
9557.00000 0.934217
9558.00000 0.93464
9559.00000 0.934957
9560.00000 0.936227
9561.00000 0.936438
9562.00000 0.93866
9563.00000 0.940036
9564.00000 0.940776
9565.00000 0.942363
9566.00000 0.941728
9567.00000 0.940353
9568.00000 0.937602
9569.00000 0.928821
9570.00000 0.915278
9571.00000 0.897398
9572.00000 0.878248
9573.00000 0.853914
9574.00000 0.814557
9575.00000 0.7661
9576.00000 0.727166
9577.00000 0.685797
9578.00000 0.63459
9579.00000 0.563175
9580.00000 0.507524
9581.00000 0.459491
9582.00000 0.406696
9583.00000 0.338667
9584.00000 0.290104
9585.00000 0.254767
9586.00000 0.218054
9587.00000 0.176792
9588.00000 0.143359
9589.00000 0.121565
9590.00000 0.105314
9591.00000 0.084841
9592.00000 0.065448
9593.00000 0.054604
9594.00000 0.048054
9595.00000 0.040236
9596.00000 0.031973
9597.00000 0.026154
9598.00000 0.02317
9599.00000 0.020769
9600.00000 0.016632
9601.00000 0.013119
9602.00000 0.012685
9603.00000 0.01186
9604.00000 0.009738
9605.00000 0.008994
9606.00000 0.007353
9607.00000 0.007233
9608.00000 0.006896
9609.00000 0.006845
9610.00000 0.00619
9611.00000 0.005389
9612.00000 0.004411
9613.00000 0.004692
9614.00000 0.004505
9615.00000 0.004323
9616.00000 0.00506
10577.59961 0.0
