threeML/data/optical_filters/HST/WFPC2-f675w.ecsv
# %ECSV 0.9
# ---
# datatype:
# - {name: wavelength, unit: Angstrom, datatype: float32}
# - {name: response, datatype: float32}
# meta: !!omap
# - {band_name: f675w}
# - {group_name: WFPC2}
wavelength response
5337.00000 0.0
5930.00000 0.004185
5940.00000 0.00666
5942.00000 0.00566
5944.00000 0.006271
5946.00000 0.006864
5948.00000 0.007693
5950.00000 0.0085
5952.00000 0.009333
5954.00000 0.010255
5956.00000 0.011243
5958.00000 0.012466
5960.00000 0.013602
5962.00000 0.014944
5964.00000 0.016286
5966.00000 0.017727
5968.00000 0.019336
5970.00000 0.020896
5972.00000 0.022663
5974.00000 0.024647
5976.00000 0.026621
5978.00000 0.028842
5980.00000 0.031043
5982.00000 0.033471
5984.00000 0.035978
5986.00000 0.038544
5988.00000 0.041308
5990.00000 0.044289
5992.00000 0.047448
5994.00000 0.050507
5996.00000 0.053607
5998.00000 0.0572
6000.00000 0.060743
6002.00000 0.064681
6004.00000 0.0686
6006.00000 0.072716
6008.00000 0.076901
6010.00000 0.081244
6012.00000 0.085873
6014.00000 0.090493
6016.00000 0.095547
6018.00000 0.100581
6020.00000 0.105812
6022.00000 0.111438
6024.00000 0.117163
6026.00000 0.122987
6028.00000 0.129106
6030.00000 0.135621
6032.00000 0.142333
6034.00000 0.148847
6036.00000 0.155658
6038.00000 0.162469
6040.00000 0.170168
6042.00000 0.177373
6044.00000 0.185171
6046.00000 0.192574
6048.00000 0.20047
6050.00000 0.208465
6052.00000 0.216066
6054.00000 0.224752
6056.00000 0.232648
6058.00000 0.240841
6060.00000 0.248836
6062.00000 0.257127
6064.00000 0.265319
6066.00000 0.273512
6068.00000 0.281705
6070.00000 0.289897
6072.00000 0.297793
6074.00000 0.305887
6076.00000 0.314376
6078.00000 0.32168
6080.00000 0.329577
6082.00000 0.337473
6084.00000 0.346159
6086.00000 0.353858
6088.00000 0.362347
6090.00000 0.369848
6092.00000 0.377646
6094.00000 0.386431
6096.00000 0.393636
6098.00000 0.401631
6100.00000 0.409429
6102.00000 0.417918
6104.00000 0.42532
6106.00000 0.434007
6108.00000 0.441706
6110.00000 0.449503
6112.00000 0.456709
6114.00000 0.464408
6116.00000 0.472699
6118.00000 0.480398
6120.00000 0.486715
6122.00000 0.493723
6124.00000 0.500534
6126.00000 0.507542
6128.00000 0.514747
6130.00000 0.520966
6132.00000 0.526888
6134.00000 0.533107
6136.00000 0.539029
6138.00000 0.544161
6140.00000 0.551268
6142.00000 0.556598
6144.00000 0.562225
6146.00000 0.567555
6148.00000 0.572786
6150.00000 0.577623
6152.00000 0.583446
6154.00000 0.587789
6156.00000 0.593119
6158.00000 0.597857
6160.00000 0.602398
6162.00000 0.608024
6164.00000 0.612071
6166.00000 0.617302
6168.00000 0.621546
6170.00000 0.624804
6172.00000 0.630627
6174.00000 0.636253
6176.00000 0.638129
6178.00000 0.650269
6180.00000 0.651158
6182.00000 0.653428
6184.00000 0.658758
6186.00000 0.66399
6188.00000 0.668925
6190.00000 0.672774
6192.00000 0.678697
6194.00000 0.68304
6196.00000 0.687778
6198.00000 0.69291
6200.00000 0.696661
6202.00000 0.700412
6204.00000 0.705347
6206.00000 0.708999
6208.00000 0.713243
6210.00000 0.718475
6212.00000 0.72114
6214.00000 0.725582
6216.00000 0.730813
6218.00000 0.733577
6220.00000 0.737031
6222.00000 0.741473
6224.00000 0.745027
6226.00000 0.748876
6228.00000 0.752035
6230.00000 0.756476
6232.00000 0.758845
6234.00000 0.760819
6236.00000 0.764866
6238.00000 0.768518
6240.00000 0.77217
6242.00000 0.775625
6244.00000 0.779771
6246.00000 0.782831
6248.00000 0.785496
6250.00000 0.789148
6252.00000 0.791813
6254.00000 0.795761
6256.00000 0.798722
6258.00000 0.802078
6260.00000 0.805335
6262.00000 0.809185
6264.00000 0.812442
6266.00000 0.814614
6268.00000 0.817871
6270.00000 0.821424
6272.00000 0.82557
6274.00000 0.828827
6276.00000 0.831394
6278.00000 0.834059
6280.00000 0.838007
6282.00000 0.840178
6284.00000 0.843238
6286.00000 0.846989
6288.00000 0.850147
6290.00000 0.851924
6292.00000 0.854491
6294.00000 0.85755
6296.00000 0.858834
6298.00000 0.8614
6300.00000 0.864657
6302.00000 0.866039
6304.00000 0.867914
6306.00000 0.869987
6308.00000 0.872356
6310.00000 0.874824
6312.00000 0.876798
6314.00000 0.879068
6316.00000 0.880746
6318.00000 0.881832
6320.00000 0.885188
6322.00000 0.88499
6324.00000 0.886866
6326.00000 0.888445
6328.00000 0.890123
6330.00000 0.891999
6332.00000 0.89338
6334.00000 0.893874
6336.00000 0.89496
6338.00000 0.895651
6340.00000 0.895651
6342.00000 0.897131
6344.00000 0.897329
6346.00000 0.899401
6348.00000 0.899796
6350.00000 0.900191
6352.00000 0.901869
6354.00000 0.903251
6356.00000 0.901178
6358.00000 0.902165
6360.00000 0.903942
6362.00000 0.902856
6364.00000 0.903251
6366.00000 0.904929
6368.00000 0.903251
6370.00000 0.904337
6372.00000 0.905718
6374.00000 0.906212
6376.00000 0.906212
6378.00000 0.904041
6380.00000 0.904041
6382.00000 0.904435
6384.00000 0.905028
6386.00000 0.906015
6388.00000 0.904534
6390.00000 0.904238
6392.00000 0.905028
6394.00000 0.905126
6396.00000 0.905817
6398.00000 0.905225
6400.00000 0.904337
6402.00000 0.90483
6404.00000 0.905028
6406.00000 0.90483
6408.00000 0.903547
6410.00000 0.904534
6412.00000 0.904337
6414.00000 0.904337
6416.00000 0.904534
6418.00000 0.903152
6420.00000 0.903448
6422.00000 0.902362
6424.00000 0.903053
6426.00000 0.901672
6428.00000 0.901869
6430.00000 0.901968
6432.00000 0.900388
6434.00000 0.900586
6436.00000 0.899303
6438.00000 0.899895
6440.00000 0.899895
6442.00000 0.899698
6444.00000 0.899994
6446.00000 0.900487
6448.00000 0.899698
6450.00000 0.899796
6452.00000 0.898809
6454.00000 0.897921
6456.00000 0.898809
6458.00000 0.898118
6460.00000 0.897822
6462.00000 0.897131
6464.00000 0.898118
6466.00000 0.898414
6468.00000 0.899204
6470.00000 0.89871
6472.00000 0.898809
6474.00000 0.900882
6476.00000 0.899698
6478.00000 0.900981
6480.00000 0.902461
6482.00000 0.902362
6484.00000 0.90335
6486.00000 0.903646
6488.00000 0.903251
6490.00000 0.904337
6492.00000 0.904337
6494.00000 0.904435
6496.00000 0.906311
6498.00000 0.906903
6500.00000 0.906903
6502.00000 0.906903
6504.00000 0.908581
6506.00000 0.90868
6508.00000 0.910062
6510.00000 0.911246
6512.00000 0.910654
6514.00000 0.910851
6516.00000 0.911246
6518.00000 0.912036
6520.00000 0.913023
6522.00000 0.912134
6524.00000 0.913319
6526.00000 0.912431
6528.00000 0.912233
6530.00000 0.912134
6532.00000 0.914108
6534.00000 0.915096
6536.00000 0.915688
6538.00000 0.91628
6540.00000 0.918254
6542.00000 0.918155
6544.00000 0.917662
6546.00000 0.918155
6548.00000 0.918945
6550.00000 0.919735
6552.00000 0.92013
6554.00000 0.920821
6556.00000 0.921117
6558.00000 0.922301
6560.00000 0.9224
6562.00000 0.923288
6564.00000 0.924078
6566.00000 0.925953
6568.00000 0.926545
6570.00000 0.928322
6572.00000 0.928519
6574.00000 0.929605
6576.00000 0.931481
6578.00000 0.932172
6580.00000 0.933553
6582.00000 0.933849
6584.00000 0.934738
6586.00000 0.93533
6588.00000 0.937502
6590.00000 0.938192
6592.00000 0.940167
6594.00000 0.94145
6596.00000 0.943226
6598.00000 0.944214
6600.00000 0.944115
6602.00000 0.945793
6604.00000 0.947569
6606.00000 0.949346
6608.00000 0.94905
6610.00000 0.950136
6612.00000 0.951123
6614.00000 0.95211
6616.00000 0.953393
6618.00000 0.95438
6620.00000 0.954578
6622.00000 0.955466
6624.00000 0.955959
6626.00000 0.957144
6628.00000 0.957144
6630.00000 0.957144
6632.00000 0.957243
6634.00000 0.958427
6636.00000 0.960302
6638.00000 0.959908
6640.00000 0.95971
6642.00000 0.959513
6644.00000 0.960204
6646.00000 0.961092
6648.00000 0.960302
6650.00000 0.96277
6652.00000 0.962869
6654.00000 0.963165
6656.00000 0.963856
6658.00000 0.964448
6660.00000 0.964349
6662.00000 0.965435
6664.00000 0.964349
6666.00000 0.966521
6668.00000 0.967014
6670.00000 0.966324
6672.00000 0.96662
6674.00000 0.967409
6676.00000 0.967212
6678.00000 0.967212
6680.00000 0.968495
6682.00000 0.968396
6684.00000 0.968791
6686.00000 0.969581
6688.00000 0.970074
6690.00000 0.970272
6692.00000 0.971061
6694.00000 0.970765
6696.00000 0.970864
6698.00000 0.972443
6700.00000 0.971456
6702.00000 0.970963
6704.00000 0.971259
6706.00000 0.97195
6708.00000 0.972246
6710.00000 0.971456
6712.00000 0.972344
6714.00000 0.971851
6716.00000 0.970568
6718.00000 0.971851
6720.00000 0.970173
6722.00000 0.970765
6724.00000 0.972542
6726.00000 0.972246
6728.00000 0.971061
6730.00000 0.971456
6732.00000 0.970963
6734.00000 0.97195
6736.00000 0.97195
6738.00000 0.970963
6740.00000 0.970666
6742.00000 0.97116
6744.00000 0.971851
6746.00000 0.970963
6748.00000 0.97116
6750.00000 0.969877
6752.00000 0.970272
6754.00000 0.970371
6756.00000 0.970864
6758.00000 0.970568
6760.00000 0.971555
6762.00000 0.970864
6764.00000 0.971456
6766.00000 0.972246
6768.00000 0.971061
6770.00000 0.971752
6772.00000 0.971555
6774.00000 0.971061
6776.00000 0.972443
6778.00000 0.972246
6780.00000 0.972739
6782.00000 0.972641
6784.00000 0.972344
6786.00000 0.972739
6788.00000 0.971851
6790.00000 0.970371
6792.00000 0.972246
6794.00000 0.971654
6796.00000 0.972838
6798.00000 0.970568
6800.00000 0.970765
6802.00000 0.970371
6804.00000 0.970272
6806.00000 0.969877
6808.00000 0.970963
6810.00000 0.970469
6812.00000 0.970765
6814.00000 0.970272
6816.00000 0.969778
6818.00000 0.970765
6820.00000 0.96968
6822.00000 0.969087
6824.00000 0.968199
6826.00000 0.968298
6828.00000 0.96889
6830.00000 0.968396
6832.00000 0.967804
6834.00000 0.96968
6836.00000 0.968791
6838.00000 0.96968
6840.00000 0.968692
6842.00000 0.969976
6844.00000 0.970666
6846.00000 0.970666
6848.00000 0.970469
6850.00000 0.96889
6852.00000 0.969976
6854.00000 0.969976
6856.00000 0.969778
6858.00000 0.970765
6860.00000 0.970864
6862.00000 0.969877
6864.00000 0.970864
6866.00000 0.969877
6868.00000 0.972048
6870.00000 0.970666
6872.00000 0.971456
6874.00000 0.969778
6876.00000 0.970074
6878.00000 0.971851
6880.00000 0.970074
6882.00000 0.969877
6884.00000 0.969581
6886.00000 0.968791
6888.00000 0.969383
6890.00000 0.969877
6892.00000 0.967508
6894.00000 0.968001
6896.00000 0.968594
6898.00000 0.967113
6900.00000 0.966718
6902.00000 0.967113
6904.00000 0.967212
6906.00000 0.967014
6908.00000 0.967409
6910.00000 0.966916
6912.00000 0.967212
6914.00000 0.963955
6916.00000 0.965435
6918.00000 0.964547
6920.00000 0.964547
6922.00000 0.963856
6924.00000 0.962968
6926.00000 0.964547
6928.00000 0.962968
6930.00000 0.962474
6932.00000 0.961586
6934.00000 0.960105
6936.00000 0.959315
6938.00000 0.960204
6940.00000 0.958625
6942.00000 0.959414
6944.00000 0.958625
6946.00000 0.958032
6948.00000 0.95665
6950.00000 0.956453
6952.00000 0.956749
6954.00000 0.953591
6956.00000 0.953689
6958.00000 0.952998
6960.00000 0.950531
6962.00000 0.94905
6964.00000 0.94826
6966.00000 0.946879
6968.00000 0.945003
6970.00000 0.943226
6972.00000 0.94293
6974.00000 0.940561
6976.00000 0.938883
6978.00000 0.9376
6980.00000 0.937304
6982.00000 0.93612
6984.00000 0.933257
6986.00000 0.932073
6988.00000 0.931184
6990.00000 0.931382
6992.00000 0.928026
6994.00000 0.925657
6996.00000 0.925657
6998.00000 0.92546
7000.00000 0.922794
7002.00000 0.921018
7004.00000 0.919044
7006.00000 0.917464
7008.00000 0.917267
7010.00000 0.916181
7012.00000 0.914997
7014.00000 0.914207
7016.00000 0.914997
7018.00000 0.913417
7020.00000 0.91174
7022.00000 0.912431
7024.00000 0.911345
7026.00000 0.910851
7028.00000 0.908384
7030.00000 0.908976
7032.00000 0.90789
7034.00000 0.908384
7036.00000 0.907199
7038.00000 0.905817
7040.00000 0.906804
7042.00000 0.905916
7044.00000 0.904732
7046.00000 0.903942
7048.00000 0.902856
7050.00000 0.90029
7052.00000 0.899303
7054.00000 0.897131
7056.00000 0.895947
7058.00000 0.893183
7060.00000 0.890715
7062.00000 0.889333
7064.00000 0.887261
7066.00000 0.884398
7068.00000 0.881437
7070.00000 0.876897
7072.00000 0.875219
7074.00000 0.873146
7076.00000 0.870974
7078.00000 0.866236
7080.00000 0.863177
7082.00000 0.859426
7084.00000 0.855774
7086.00000 0.853503
7088.00000 0.849555
7090.00000 0.845212
7092.00000 0.842547
7094.00000 0.840869
7096.00000 0.838007
7098.00000 0.836427
7100.00000 0.833072
7102.00000 0.831295
7104.00000 0.829617
7106.00000 0.827741
7108.00000 0.825965
7110.00000 0.82557
7112.00000 0.823399
7114.00000 0.822609
7116.00000 0.821819
7118.00000 0.822214
7120.00000 0.822214
7122.00000 0.822905
7124.00000 0.822806
7126.00000 0.824089
7128.00000 0.823695
7130.00000 0.824978
7132.00000 0.827051
7134.00000 0.828334
7136.00000 0.830703
7138.00000 0.830604
7140.00000 0.832085
7142.00000 0.83317
7144.00000 0.835144
7146.00000 0.838105
7148.00000 0.839784
7150.00000 0.839487
7152.00000 0.842054
7154.00000 0.844521
7156.00000 0.845607
7158.00000 0.845212
7160.00000 0.846298
7162.00000 0.848173
7164.00000 0.849259
7166.00000 0.848272
7168.00000 0.847581
7170.00000 0.847976
7172.00000 0.847285
7174.00000 0.847779
7176.00000 0.848272
7178.00000 0.84847
7180.00000 0.847186
7182.00000 0.845113
7184.00000 0.84541
7186.00000 0.843337
7188.00000 0.843929
7190.00000 0.842745
7192.00000 0.842152
7194.00000 0.841461
7196.00000 0.841363
7198.00000 0.839388
7200.00000 0.83929
7202.00000 0.839388
7204.00000 0.838895
7206.00000 0.839093
7208.00000 0.8385
7210.00000 0.838895
7212.00000 0.838895
7214.00000 0.839586
7216.00000 0.839685
7218.00000 0.843929
7220.00000 0.845903
7222.00000 0.844423
7224.00000 0.847285
7226.00000 0.84689
7228.00000 0.849753
7230.00000 0.852714
7232.00000 0.855379
7234.00000 0.857452
7236.00000 0.860906
7238.00000 0.864855
7240.00000 0.868013
7242.00000 0.87127
7244.00000 0.876008
7246.00000 0.878377
7248.00000 0.884004
7250.00000 0.888445
7252.00000 0.891406
7254.00000 0.89417
7256.00000 0.89802
7258.00000 0.903843
7260.00000 0.907002
7262.00000 0.909075
7264.00000 0.912036
7266.00000 0.916675
7268.00000 0.922005
7270.00000 0.924769
7272.00000 0.926348
7274.00000 0.931086
7276.00000 0.933356
7278.00000 0.937008
7280.00000 0.941154
7282.00000 0.944411
7284.00000 0.944411
7286.00000 0.945595
7288.00000 0.947964
7290.00000 0.948951
7292.00000 0.950629
7294.00000 0.9529
7296.00000 0.955663
7298.00000 0.955071
7300.00000 0.955565
7302.00000 0.95438
7304.00000 0.955367
7306.00000 0.956058
7308.00000 0.953196
7310.00000 0.951123
7312.00000 0.950531
7314.00000 0.948063
7316.00000 0.944411
7318.00000 0.942535
7320.00000 0.937896
7322.00000 0.933356
7324.00000 0.928618
7326.00000 0.923979
7328.00000 0.918155
7330.00000 0.913319
7332.00000 0.904732
7334.00000 0.897723
7336.00000 0.88963
7338.00000 0.882918
7340.00000 0.873541
7342.00000 0.866039
7344.00000 0.854589
7346.00000 0.845113
7348.00000 0.834947
7350.00000 0.822017
7352.00000 0.812541
7354.00000 0.798821
7356.00000 0.785989
7358.00000 0.775625
7360.00000 0.764175
7362.00000 0.749271
7364.00000 0.735255
7366.00000 0.723213
7368.00000 0.709394
7370.00000 0.693897
7372.00000 0.680967
7374.00000 0.666753
7376.00000 0.651553
7378.00000 0.636056
7380.00000 0.621053
7382.00000 0.606642
7384.00000 0.589763
7386.00000 0.574464
7388.00000 0.559362
7390.00000 0.542878
7392.00000 0.527875
7394.00000 0.511194
7396.00000 0.493625
7398.00000 0.476845
7400.00000 0.460558
7402.00000 0.444371
7404.00000 0.430354
7406.00000 0.414364
7408.00000 0.398177
7410.00000 0.383173
7412.00000 0.368565
7414.00000 0.354549
7416.00000 0.340237
7418.00000 0.327109
7420.00000 0.314277
7422.00000 0.301544
7424.00000 0.289305
7426.00000 0.278546
7428.00000 0.267392
7430.00000 0.256633
7432.00000 0.246072
7434.00000 0.236695
7436.00000 0.226627
7438.00000 0.217645
7440.00000 0.208465
7442.00000 0.201457
7444.00000 0.193363
7446.00000 0.187244
7448.00000 0.180334
7450.00000 0.173721
7452.00000 0.167503
7454.00000 0.161284
7456.00000 0.155757
7458.00000 0.151216
7460.00000 0.146084
7462.00000 0.141642
7464.00000 0.137496
7466.00000 0.133745
7468.00000 0.129501
7470.00000 0.12575
7472.00000 0.121999
7474.00000 0.118446
7476.00000 0.115485
7478.00000 0.113313
7480.00000 0.109859
7482.00000 0.106799
7484.00000 0.104134
7486.00000 0.101765
7488.00000 0.098705
7490.00000 0.096534
7492.00000 0.094046
7494.00000 0.092023
7496.00000 0.090029
7498.00000 0.087364
7500.00000 0.084729
7502.00000 0.082508
7504.00000 0.080119
7506.00000 0.077809
7508.00000 0.075095
7510.00000 0.072963
7512.00000 0.070781
7514.00000 0.068028
7516.00000 0.065945
7518.00000 0.063556
7520.00000 0.061493
7522.00000 0.059164
7524.00000 0.05714
7526.00000 0.055137
7528.00000 0.053163
7530.00000 0.051001
7532.00000 0.049056
7534.00000 0.047398
7536.00000 0.045602
7538.00000 0.04421
7540.00000 0.041969
7542.00000 0.040499
7544.00000 0.039275
7546.00000 0.037745
7548.00000 0.036146
7550.00000 0.03503
7552.00000 0.033856
7554.00000 0.032543
7556.00000 0.031329
7558.00000 0.030253
7590.00000 0.022179
7600.00000 0.019267
7610.00000 0.017125
7620.00000 0.015072
7630.00000 0.013513
7640.00000 0.011933
7650.00000 0.010729
7660.00000 0.009487
7670.00000 0.008514
7680.00000 0.007536
7690.00000 0.006782
7700.00000 0.006039
7710.00000 0.00547
7720.00000 0.004912
7730.00000 0.004485
7740.00000 0.004061
8514.00000 0.0
