threeML/data/optical_filters/HST/WFPC2-f785lp.ecsv
# %ECSV 0.9
# ---
# datatype:
# - {name: wavelength, unit: Angstrom, datatype: float32}
# - {name: response, datatype: float32}
# meta: !!omap
# - {band_name: f785lp}
# - {group_name: WFPC2}
wavelength response
[from data line 806]
9168.00000 0.901969
9170.00000 0.902416
9172.00000 0.90223
9174.00000 0.902081
9176.00000 0.901298
9178.00000 0.901279
9180.00000 0.901093
9182.00000 0.901484
9184.00000 0.901895
9186.00000 0.902118
9188.00000 0.901932
9190.00000 0.901745
9192.00000 0.90195
9194.00000 0.902062
9196.00000 0.902304
9198.00000 0.902491
9200.00000 0.903162
9202.00000 0.903199
9204.00000 0.903125
9206.00000 0.90305
9208.00000 0.903125
9210.00000 0.902752
9212.00000 0.90251
9214.00000 0.902584
9216.00000 0.902808
9218.00000 0.903013
9220.00000 0.902659
9222.00000 0.902957
9224.00000 0.903218
9226.00000 0.903852
9228.00000 0.904113
9230.00000 0.904281
9232.00000 0.904299
9234.00000 0.904318
9236.00000 0.904057
9238.00000 0.903964
9240.00000 0.903554
9242.00000 0.904057
9244.00000 0.903964
9246.00000 0.904318
9248.00000 0.904132
9250.00000 0.904374
9252.00000 0.904225
9254.00000 0.904169
9256.00000 0.903926
9258.00000 0.903945
9260.00000 0.904057
9262.00000 0.904262
9264.00000 0.904859
9266.00000 0.904915
9268.00000 0.905101
9270.00000 0.905437
9272.00000 0.905306
9274.00000 0.905194
9276.00000 0.905381
9278.00000 0.905287
9280.00000 0.905213
9282.00000 0.905287
9284.00000 0.905437
9286.00000 0.905381
9288.00000 0.905194
9290.00000 0.905474
9292.00000 0.905753
9294.00000 0.906071
9296.00000 0.906089
9298.00000 0.906276
9300.00000 0.905698
9302.00000 0.905753
9304.00000 0.905548
9306.00000 0.905437
9308.00000 0.905679
9310.00000 0.906071
9312.00000 0.905735
9314.00000 0.906182
9316.00000 0.906201
9318.00000 0.906257
9320.00000 0.906331
9322.00000 0.90635
9324.00000 0.90635
9326.00000 0.906555
9328.00000 0.906406
9330.00000 0.906555
9332.00000 0.906593
9334.00000 0.90663
9336.00000 0.906835
9338.00000 0.906928
9340.00000 0.907115
9342.00000 0.907096
9344.00000 0.906816
9346.00000 0.906518
9348.00000 0.906499
9350.00000 0.906462
9352.00000 0.906276
9354.00000 0.906518
9356.00000 0.907077
9358.00000 0.907543
9360.00000 0.907674
9362.00000 0.908177
9364.00000 0.908158
9366.00000 0.908214
9368.00000 0.908158
9370.00000 0.907804
9372.00000 0.908252
9374.00000 0.908196
9376.00000 0.908569
9378.00000 0.908886
9380.00000 0.908345
9382.00000 0.908326
9384.00000 0.907506
9386.00000 0.907357
9388.00000 0.907376
9390.00000 0.907879
9392.00000 0.908606
9394.00000 0.909109
9396.00000 0.909109
9398.00000 0.909333
9400.00000 0.908997
9402.00000 0.908643
9404.00000 0.908438
9406.00000 0.908606
9408.00000 0.908494
9410.00000 0.908736
9412.00000 0.909035
9414.00000 0.908718
9416.00000 0.908848
9418.00000 0.908308
9420.00000 0.908382
9422.00000 0.908401
9424.00000 0.908774
9426.00000 0.908718
9428.00000 0.908997
9430.00000 0.909389
9432.00000 0.909613
9434.00000 0.90937
9436.00000 0.909668
9438.00000 0.909296
9440.00000 0.909165
9442.00000 0.909314
9444.00000 0.908941
9446.00000 0.909463
9448.00000 0.909557
9450.00000 0.909799
9452.00000 0.909874
9454.00000 0.910153
9456.00000 0.910135
9458.00000 0.910116
9460.00000 0.909389
9462.00000 0.909408
9464.00000 0.908997
9466.00000 0.908941
9468.00000 0.909352
9470.00000 0.909575
9472.00000 0.910135
9474.00000 0.910396
9476.00000 0.910619
9478.00000 0.910377
9480.00000 0.909948
9482.00000 0.909706
9484.00000 0.909538
9486.00000 0.909892
9488.00000 0.909874
9490.00000 0.910209
9492.00000 0.910265
9494.00000 0.910191
9496.00000 0.910023
9498.00000 0.909706
9500.00000 0.909762
9502.00000 0.910079
9504.00000 0.910377
9506.00000 0.910955
9508.00000 0.911235
9510.00000 0.911328
9512.00000 0.911738
9514.00000 0.911645
9516.00000 0.911719
9518.00000 0.911589
9520.00000 0.911048
9522.00000 0.910675
9524.00000 0.910451
9526.00000 0.910209
9528.00000 0.910508
9530.00000 0.910675
9532.00000 0.910675
9534.00000 0.911328
9536.00000 0.910768
9538.00000 0.911458
9540.00000 0.911458
9542.00000 0.911663
9544.00000 0.911645
9546.00000 0.911552
9548.00000 0.912018
9550.00000 0.912521
9552.00000 0.91185
9554.00000 0.911831
9556.00000 0.911924
9558.00000 0.912241
9560.00000 0.912297
9562.00000 0.911253
9564.00000 0.910918
9566.00000 0.911179
9568.00000 0.910619
9570.00000 0.911011
9572.00000 0.911067
9574.00000 0.911533
9576.00000 0.912111
9578.00000 0.912502
9580.00000 0.912335
9582.00000 0.912726
9584.00000 0.912689
9586.00000 0.912241
9588.00000 0.912484
9590.00000 0.911887
9592.00000 0.911552
9594.00000 0.911421
9596.00000 0.911533
9598.00000 0.91198
9600.00000 0.912353
9602.00000 0.912241
9604.00000 0.912484
9606.00000 0.912353
9608.00000 0.912241
9610.00000 0.912577
9612.00000 0.912912
9614.00000 0.913285
9616.00000 0.91377
9618.00000 0.913658
9620.00000 0.913192
9622.00000 0.91295
9624.00000 0.912968
9626.00000 0.912763
9628.00000 0.913267
9630.00000 0.912856
9632.00000 0.912819
9634.00000 0.912372
9636.00000 0.912409
9638.00000 0.912521
9640.00000 0.91239
9642.00000 0.912856
9644.00000 0.913173
9646.00000 0.91336
9648.00000 0.913397
9650.00000 0.913285
9652.00000 0.912987
9654.00000 0.912856
9656.00000 0.913006
9658.00000 0.913211
9660.00000 0.913435
9662.00000 0.913453
9664.00000 0.913173
9666.00000 0.913285
9668.00000 0.913248
9670.00000 0.913658
9672.00000 0.913826
9674.00000 0.913584
9676.00000 0.91349
9678.00000 0.912968
9680.00000 0.912353
9682.00000 0.912428
9684.00000 0.912689
9686.00000 0.913211
9688.00000 0.91377
9690.00000 0.913378
9692.00000 0.913602
9694.00000 0.913528
9696.00000 0.913192
9698.00000 0.913378
9700.00000 0.913789
9702.00000 0.914068
9704.00000 0.913695
9706.00000 0.91349
9708.00000 0.913323
9710.00000 0.913938
9712.00000 0.913956
9714.00000 0.914292
9716.00000 0.914012
9718.00000 0.914423
9720.00000 0.914124
9722.00000 0.914087
9724.00000 0.914199
9726.00000 0.914012
9728.00000 0.914106
9730.00000 0.913621
9732.00000 0.91377
9734.00000 0.913994
9736.00000 0.913826
9738.00000 0.914106
9740.00000 0.914031
9742.00000 0.914348
9744.00000 0.914161
9746.00000 0.914404
9748.00000 0.914273
9750.00000 0.914646
9752.00000 0.914497
9754.00000 0.914292
9756.00000 0.914106
9758.00000 0.913956
9760.00000 0.913621
9762.00000 0.913435
9764.00000 0.913677
9766.00000 0.914255
9768.00000 0.915168
9770.00000 0.91528
9772.00000 0.915168
9774.00000 0.915168
9776.00000 0.914963
9778.00000 0.914945
9780.00000 0.915261
9782.00000 0.914758
9784.00000 0.913901
9786.00000 0.913863
9788.00000 0.913901
9790.00000 0.914292
9792.00000 0.914833
9794.00000 0.91528
9796.00000 0.915746
9798.00000 0.915523
9800.00000 0.915672
9802.00000 0.915224
9804.00000 0.915429
9806.00000 0.915355
9808.00000 0.915317
9810.00000 0.915392
9812.00000 0.915299
9814.00000 0.915094
9816.00000 0.914982
9818.00000 0.91474
9820.00000 0.914553
9822.00000 0.915019
9824.00000 0.914945
9826.00000 0.915112
9828.00000 0.914814
9830.00000 0.914758
9832.00000 0.915373
9834.00000 0.915504
9836.00000 0.915355
9838.00000 0.915765
9840.00000 0.915485
9842.00000 0.915634
9844.00000 0.915336
9846.00000 0.915597
9848.00000 0.914777
9850.00000 0.914497
9852.00000 0.914795
9854.00000 0.914516
9856.00000 0.915336
9858.00000 0.915578
9860.00000 0.91569
9862.00000 0.915914
9864.00000 0.915988
9866.00000 0.916156
9868.00000 0.916231
9870.00000 0.915578
9872.00000 0.915541
9874.00000 0.915187
9876.00000 0.915019
9878.00000 0.915243
9880.00000 0.915317
9882.00000 0.915653
9884.00000 0.915821
9886.00000 0.916138
9888.00000 0.916007
9890.00000 0.915933
9892.00000 0.91569
9894.00000 0.915373
9896.00000 0.915765
9898.00000 0.916138
9900.00000 0.916212
9902.00000 0.91638
9904.00000 0.916119
9906.00000 0.915877
9908.00000 0.915597
9910.00000 0.915709
9912.00000 0.915448
9914.00000 0.915765
9916.00000 0.91597
9918.00000 0.915541
9920.00000 0.915578
9922.00000 0.9161
9924.00000 0.916082
9926.00000 0.915858
9928.00000 0.915709
9930.00000 0.915858
9932.00000 0.91597
9934.00000 0.916007
9936.00000 0.915821
9938.00000 0.915914
9940.00000 0.915672
9942.00000 0.915317
9944.00000 0.915634
9946.00000 0.915541
9948.00000 0.915821
9950.00000 0.915709
9952.00000 0.915616
9954.00000 0.915653
9956.00000 0.916548
9958.00000 0.916622
9960.00000 0.916734
9962.00000 0.916511
9964.00000 0.916194
9966.00000 0.916063
9968.00000 0.916287
9970.00000 0.915858
9972.00000 0.915746
9974.00000 0.915988
9976.00000 0.915802
9978.00000 0.915504
9980.00000 0.915877
9982.00000 0.915802
9984.00000 0.915914
9986.00000 0.916119
9988.00000 0.91625
9990.00000 0.916007
9992.00000 0.915634
9994.00000 0.915168
9996.00000 0.915672
9998.00000 0.915746
10000.00000 0.915597
10002.00000 0.915914
10004.00000 0.915821
10006.00000 0.915877
10008.00000 0.91625
10010.00000 0.915951
10012.00000 0.915653
10014.00000 0.915634
10016.00000 0.91597
10018.00000 0.916063
10020.00000 0.915988
10022.00000 0.915802
10024.00000 0.915373
10026.00000 0.915541
10028.00000 0.915746
10030.00000 0.915634
10032.00000 0.915914
10034.00000 0.915653
10036.00000 0.914851
10038.00000 0.915094
10040.00000 0.915448
10042.00000 0.915951
10044.00000 0.915616
10046.00000 0.915765
10048.00000 0.915094
10050.00000 0.915187
10052.00000 0.915038
10054.00000 0.914889
10056.00000 0.915206
10058.00000 0.915523
10060.00000 0.915728
10062.00000 0.916082
10064.00000 0.915821
10066.00000 0.91556
10068.00000 0.915877
10070.00000 0.915634
10072.00000 0.915616
10074.00000 0.915951
10076.00000 0.916063
10078.00000 0.915783
10080.00000 0.915821
10082.00000 0.915802
10084.00000 0.915634
10086.00000 0.915672
10088.00000 0.916007
10090.00000 0.916287
10092.00000 0.916436
10094.00000 0.91666
10096.00000 0.916529
10098.00000 0.916511
10100.00000 0.916007
10102.00000 0.915765
10104.00000 0.915821
10106.00000 0.915783
10108.00000 0.915728
10110.00000 0.916045
10112.00000 0.915317
10114.00000 0.915653
10116.00000 0.915802
10118.00000 0.915355
10120.00000 0.915783
10122.00000 0.915466
10124.00000 0.915728
10126.00000 0.915448
10128.00000 0.915411
10130.00000 0.915504
10132.00000 0.91569
10134.00000 0.915765
10136.00000 0.915672
10138.00000 0.915466
10140.00000 0.915131
10142.00000 0.91528
10144.00000 0.915728
10146.00000 0.915802
10148.00000 0.915988
10150.00000 0.915914
10152.00000 0.916231
10154.00000 0.915933
10156.00000 0.91569
10158.00000 0.915523
10160.00000 0.915336
10162.00000 0.915317
10164.00000 0.915448
10166.00000 0.915448
10168.00000 0.916082
10170.00000 0.916305
10172.00000 0.916082
10174.00000 0.916287
10176.00000 0.91597
10178.00000 0.915933
10180.00000 0.915988
10182.00000 0.91556
10184.00000 0.915616
10186.00000 0.915056
10188.00000 0.914795
10190.00000 0.914851
10192.00000 0.915038
10194.00000 0.915168
10196.00000 0.914963
10198.00000 0.915392
10200.00000 0.915094
10202.00000 0.914814
10204.00000 0.915168
10206.00000 0.915038
10208.00000 0.915224
10210.00000 0.91556
10212.00000 0.915839
10214.00000 0.915728
10216.00000 0.915709
10218.00000 0.915355
10220.00000 0.914963
10222.00000 0.914963
10224.00000 0.915
10226.00000 0.915
10228.00000 0.914665
10230.00000 0.914516
10232.00000 0.914758
10234.00000 0.915448
10236.00000 0.915317
10238.00000 0.915504
10240.00000 0.915877
10242.00000 0.915895
10244.00000 0.915541
10246.00000 0.915299
10248.00000 0.914665
10250.00000 0.91474
10252.00000 0.914665
10254.00000 0.914423
10256.00000 0.914721
10258.00000 0.914683
10260.00000 0.914665
10262.00000 0.914945
10264.00000 0.914926
10266.00000 0.915038
10268.00000 0.914945
10270.00000 0.915206
10272.00000 0.914889
10274.00000 0.915131
10276.00000 0.915206
10278.00000 0.914814
10280.00000 0.914777
10282.00000 0.914926
10284.00000 0.914646
10286.00000 0.914628
10288.00000 0.914516
10290.00000 0.914161
10292.00000 0.914366
10294.00000 0.913751
10296.00000 0.913994
10298.00000 0.914889
10300.00000 0.915019
10302.00000 0.915373
10304.00000 0.914814
10306.00000 0.914385
10308.00000 0.914218
10310.00000 0.91418
10312.00000 0.913882
10314.00000 0.913807
10316.00000 0.914068
10318.00000 0.914124
10320.00000 0.91446
10322.00000 0.914124
10324.00000 0.913789
10326.00000 0.914199
10328.00000 0.914143
10330.00000 0.913826
10332.00000 0.913677
10334.00000 0.913789
10336.00000 0.914012
10338.00000 0.913826
10340.00000 0.91349
10342.00000 0.913584
10344.00000 0.914143
10346.00000 0.914553
10348.00000 0.914273
10350.00000 0.91405
10352.00000 0.914963
10354.00000 0.91474
10356.00000 0.915019
10358.00000 0.91418
10360.00000 0.914236
10362.00000 0.914106
10364.00000 0.913602
10366.00000 0.913435
10368.00000 0.913695
10370.00000 0.91349
10372.00000 0.913938
10374.00000 0.913956
10376.00000 0.914012
10378.00000 0.913901
10380.00000 0.913826
10382.00000 0.91377
10384.00000 0.91377
10386.00000 0.913844
10388.00000 0.913397
10390.00000 0.913341
10392.00000 0.913378
10394.00000 0.913304
10396.00000 0.913192
10398.00000 0.913435
10400.00000 0.913435
10402.00000 0.913509
10404.00000 0.91377
10406.00000 0.913528
10408.00000 0.91364
10410.00000 0.913248
10412.00000 0.912726
10414.00000 0.912763
10416.00000 0.912819
10418.00000 0.912558
10420.00000 0.913006
10422.00000 0.913099
10424.00000 0.913509
10426.00000 0.913826
10428.00000 0.913528
10430.00000 0.913528
10432.00000 0.913733
10434.00000 0.913341
10436.00000 0.91336
10438.00000 0.913323
10440.00000 0.913323
10442.00000 0.913155
10444.00000 0.913118
10446.00000 0.912838
10448.00000 0.913192
10450.00000 0.91364
10452.00000 0.914068
10454.00000 0.913807
10456.00000 0.913546
10458.00000 0.913453
10460.00000 0.913099
10462.00000 0.912838
10464.00000 0.91295
10466.00000 0.912968
10468.00000 0.913024
10470.00000 0.912539
10472.00000 0.912372
10474.00000 0.912577
10476.00000 0.912782
10478.00000 0.912614
10480.00000 0.912968
10482.00000 0.912968
10484.00000 0.912745
10486.00000 0.912856
10488.00000 0.912819
10490.00000 0.912801
10492.00000 0.913099
10494.00000 0.912838
10496.00000 0.913621
10498.00000 0.913584
10500.00000 0.912763
10502.00000 0.912726
10504.00000 0.912577
10506.00000 0.912446
10508.00000 0.912577
10510.00000 0.912782
10512.00000 0.913155
10514.00000 0.913006
10516.00000 0.912838
10518.00000 0.912502
10520.00000 0.912577
10522.00000 0.912092
10524.00000 0.911589
10526.00000 0.911813
10528.00000 0.91185
10530.00000 0.912036
10532.00000 0.912018
10534.00000 0.912372
10536.00000 0.912465
10538.00000 0.911738
10540.00000 0.912465
10542.00000 0.912018
10544.00000 0.912074
10546.00000 0.911999
10548.00000 0.911402
10550.00000 0.911291
10552.00000 0.911067
10554.00000 0.910992
10556.00000 0.911365
10558.00000 0.911085
10560.00000 0.910862
10562.00000 0.910936
10564.00000 0.910768
10566.00000 0.910768
10568.00000 0.910638
10570.00000 0.910899
10572.00000 0.91116
10574.00000 0.911514
10576.00000 0.911328
10578.00000 0.911309
10580.00000 0.910862
10582.00000 0.91103
10584.00000 0.91088
10586.00000 0.910843
10588.00000 0.911104
10590.00000 0.911067
10592.00000 0.910825
10594.00000 0.911048
10596.00000 0.911141
10598.00000 0.911291
10600.00000 0.911048
10602.00000 0.910657
10604.00000 0.91075
10606.00000 0.910396
10608.00000 0.910228
10610.00000 0.910153
10612.00000 0.909762
10614.00000 0.910451
10616.00000 0.910451
10618.00000 0.910545
10620.00000 0.910657
10622.00000 0.910191
10624.00000 0.910768
10626.00000 0.91034
10628.00000 0.911011
10630.00000 0.910526
10632.00000 0.910508
10634.00000 0.909445
10636.00000 0.909296
10638.00000 0.909333
10640.00000 0.909165
10642.00000 0.90937
10644.00000 0.909258
10646.00000 0.910191
10648.00000 0.910265
10650.00000 0.910023
10652.00000 0.910396
10654.00000 0.910172
10656.00000 0.910209
10658.00000 0.910601
10660.00000 0.909986
10662.00000 0.909892
10664.00000 0.90952
10666.00000 0.90937
10668.00000 0.909296
10670.00000 0.909408
10672.00000 0.909091
10674.00000 0.909053
10676.00000 0.908923
10678.00000 0.908587
10680.00000 0.909109
10682.00000 0.909035
10684.00000 0.909146
10686.00000 0.909501
10688.00000 0.909557
10690.00000 0.909557
10692.00000 0.90937
10694.00000 0.909016
10696.00000 0.909221
10698.00000 0.908755
10700.00000 0.908923
10702.00000 0.908755
10704.00000 0.90855
10706.00000 0.908233
10708.00000 0.908345
10710.00000 0.90814
10712.00000 0.908177
10714.00000 0.90842
10716.00000 0.908718
10718.00000 0.909035
10720.00000 0.909016
10722.00000 0.908755
10724.00000 0.908718
10726.00000 0.908979
10728.00000 0.908997
10730.00000 0.908699
10732.00000 0.90855
10734.00000 0.908624
