threeML/data/optical_filters/HST/WFPC2-f785lp.ecsv
# %ECSV 0.9
# ---
# datatype:
# - {name: wavelength, unit: Angstrom, datatype: float32}
# - {name: response, datatype: float32}
# meta: !!omap
# - {band_name: f785lp}
# - {group_name: WFPC2}
wavelength response
[from data line 1591]
10738.00000 0.907823
10740.00000 0.90773
10742.00000 0.908196
10744.00000 0.907823
10746.00000 0.908047
10748.00000 0.908252
10750.00000 0.90855
10752.00000 0.908811
10754.00000 0.908699
10756.00000 0.90814
10758.00000 0.907972
10760.00000 0.90773
10762.00000 0.906928
10764.00000 0.906611
10766.00000 0.906947
10768.00000 0.906499
10770.00000 0.906816
10772.00000 0.907021
10774.00000 0.907376
10776.00000 0.907394
10778.00000 0.90745
10780.00000 0.907338
10782.00000 0.907096
10784.00000 0.907543
10786.00000 0.907264
10788.00000 0.907208
10790.00000 0.907413
10792.00000 0.907058
10794.00000 0.906835
10796.00000 0.906462
10798.00000 0.906052
10800.00000 0.906555
10802.00000 0.906331
10804.00000 0.906071
10806.00000 0.906257
10808.00000 0.906331
10810.00000 0.906779
10812.00000 0.906164
10814.00000 0.906387
10816.00000 0.906574
10818.00000 0.90635
10820.00000 0.906052
10822.00000 0.906089
10824.00000 0.905958
10826.00000 0.905865
10828.00000 0.90553
10830.00000 0.90512
10832.00000 0.905194
10834.00000 0.90553
10836.00000 0.905642
10838.00000 0.906033
10840.00000 0.906089
10842.00000 0.905977
10844.00000 0.905623
10846.00000 0.90594
10848.00000 0.905437
10850.00000 0.905138
10852.00000 0.904989
10854.00000 0.90525
10856.00000 0.905474
10858.00000 0.905623
10860.00000 0.905399
10862.00000 0.905642
10864.00000 0.905437
10866.00000 0.905642
10868.00000 0.905772
10870.00000 0.905381
10872.00000 0.905343
10874.00000 0.905157
10876.00000 0.904989
10878.00000 0.904598
10880.00000 0.904691
10882.00000 0.904206
10884.00000 0.904281
10886.00000 0.904094
10888.00000 0.904635
10890.00000 0.904877
10892.00000 0.904896
10894.00000 0.905679
10896.00000 0.905157
10898.00000 0.904766
10900.00000 0.904374
10902.00000 0.904337
10904.00000 0.903703
10906.00000 0.903833
10908.00000 0.903572
10910.00000 0.903628
10912.00000 0.903684
10914.00000 0.903703
10916.00000 0.903889
10918.00000 0.903479
10920.00000 0.903498
10922.00000 0.903572
10924.00000 0.903442
10926.00000 0.903666
10928.00000 0.90374
10930.00000 0.903926
10932.00000 0.903759
10934.00000 0.903405
10936.00000 0.903125
10938.00000 0.902771
10940.00000 0.902789
10942.00000 0.902416
10944.00000 0.902789
10946.00000 0.903013
10948.00000 0.90305
10950.00000 0.903311
10952.00000 0.903069
10954.00000 0.902957
10956.00000 0.90305
10958.00000 0.903032
10960.00000 0.902584
10962.00000 0.902249
10964.00000 0.902118
10966.00000 0.901913
10968.00000 0.901969
10970.00000 0.901857
10972.00000 0.902043
10974.00000 0.901652
10976.00000 0.901652
10978.00000 0.901895
10980.00000 0.902193
10982.00000 0.902081
10984.00000 0.902043
10986.00000 0.902267
10988.00000 0.901857
10990.00000 0.901484
10992.00000 0.901186
10994.00000 0.900906
10996.00000 0.900664
10998.00000 0.899918
11000.00000 0.900664
12100.00000 0.0
