threeML/data/optical_filters/HST/WFPC2-f702w.ecsv
# %ECSV 0.9
# ---
# datatype:
# - {name: wavelength, unit: Angstrom, datatype: float32}
# - {name: response, datatype: float32}
# meta: !!omap
# - {band_name: f702w}
# - {group_name: WFPC2}
wavelength response
5265.00000 0.0
5850.00000 0.005058
5852.00000 0.00553
5854.00000 0.00608
5856.00000 0.00663
5858.00000 0.007218
5860.00000 0.007905
5862.00000 0.008611
5864.00000 0.009395
5866.00000 0.010196
5868.00000 0.011079
5870.00000 0.012021
5872.00000 0.013032
5874.00000 0.01417
5876.00000 0.015338
5878.00000 0.016633
5880.00000 0.018056
5882.00000 0.019558
5884.00000 0.021216
5886.00000 0.023012
5888.00000 0.024945
5890.00000 0.027035
5892.00000 0.029341
5894.00000 0.031804
5896.00000 0.034483
5898.00000 0.037447
5900.00000 0.040676
5902.00000 0.044228
5904.00000 0.048094
5906.00000 0.052314
5908.00000 0.056897
5910.00000 0.061921
5912.00000 0.067289
5914.00000 0.073069
5916.00000 0.07931
5918.00000 0.085993
5920.00000 0.093186
5922.00000 0.100879
5924.00000 0.109024
5926.00000 0.11766
5928.00000 0.126786
5930.00000 0.136501
5932.00000 0.146707
5934.00000 0.157698
5936.00000 0.169277
5938.00000 0.181642
5940.00000 0.194693
5942.00000 0.208628
5944.00000 0.223053
5946.00000 0.238264
5948.00000 0.254161
5950.00000 0.270647
5952.00000 0.288213
5954.00000 0.306465
5956.00000 0.325503
5958.00000 0.345129
5960.00000 0.365246
5962.00000 0.385952
5964.00000 0.406952
5966.00000 0.428443
5968.00000 0.450326
5970.00000 0.472013
5972.00000 0.4937
5974.00000 0.514897
5976.00000 0.535701
5978.00000 0.555916
5980.00000 0.57515
5982.00000 0.593402
5984.00000 0.610575
5986.00000 0.626767
5988.00000 0.641683
5990.00000 0.655029
5992.00000 0.667099
5994.00000 0.677894
5996.00000 0.687314
5998.00000 0.695263
6000.00000 0.702034
6002.00000 0.707627
6004.00000 0.712043
6006.00000 0.71538
6008.00000 0.717637
6010.00000 0.719011
6012.00000 0.719599
6014.00000 0.719599
6016.00000 0.718815
6018.00000 0.717441
6020.00000 0.715674
6022.00000 0.713515
6024.00000 0.71116
6026.00000 0.708413
6028.00000 0.705665
6030.00000 0.702819
6032.00000 0.699973
6034.00000 0.697029
6036.00000 0.69438
6038.00000 0.691828
6040.00000 0.689473
6042.00000 0.687314
6044.00000 0.685352
6046.00000 0.683683
6048.00000 0.682408
6050.00000 0.681328
6052.00000 0.680543
6054.00000 0.680249
6056.00000 0.680151
6058.00000 0.680347
6060.00000 0.680838
6062.00000 0.681623
6064.00000 0.682604
6066.00000 0.683585
6068.00000 0.684567
6070.00000 0.685352
6072.00000 0.686235
6074.00000 0.687118
6076.00000 0.687903
6078.00000 0.68859
6080.00000 0.689179
6082.00000 0.689767
6084.00000 0.69016
6086.00000 0.690553
6088.00000 0.690847
6090.00000 0.691338
6092.00000 0.691926
6094.00000 0.69281
6096.00000 0.693791
6098.00000 0.695067
6100.00000 0.69644
6102.00000 0.698011
6104.00000 0.699777
6106.00000 0.701838
6108.00000 0.703997
6110.00000 0.706548
6112.00000 0.709492
6114.00000 0.712632
6116.00000 0.715969
6118.00000 0.719599
6120.00000 0.723525
6122.00000 0.727745
6124.00000 0.732062
6126.00000 0.736674
6128.00000 0.741483
6130.00000 0.746586
6132.00000 0.751885
6134.00000 0.75738
6136.00000 0.763072
6138.00000 0.768764
6140.00000 0.774455
6142.00000 0.780147
6144.00000 0.785838
6146.00000 0.791236
6148.00000 0.796535
6150.00000 0.801539
6152.00000 0.806348
6154.00000 0.811058
6156.00000 0.815867
6158.00000 0.820381
6160.00000 0.824699
6162.00000 0.828722
6164.00000 0.832549
6166.00000 0.836376
6168.00000 0.840105
6170.00000 0.843736
6172.00000 0.847269
6174.00000 0.8509
6176.00000 0.854334
6178.00000 0.857867
6180.00000 0.8614
6182.00000 0.864834
6184.00000 0.868269
6186.00000 0.871704
6188.00000 0.875138
6190.00000 0.878573
6192.00000 0.881909
6194.00000 0.885344
6196.00000 0.888779
6198.00000 0.891919
6200.00000 0.894961
6202.00000 0.898101
6204.00000 0.901339
6206.00000 0.904578
6208.00000 0.907522
6210.00000 0.910367
6212.00000 0.913115
6214.00000 0.915667
6216.00000 0.917924
6218.00000 0.920181
6220.00000 0.922143
6222.00000 0.924008
6224.00000 0.925676
6226.00000 0.92705
6228.00000 0.928522
6230.00000 0.929896
6232.00000 0.931171
6234.00000 0.932251
6236.00000 0.933134
6238.00000 0.933723
6240.00000 0.93441
6242.00000 0.934802
6244.00000 0.935097
6246.00000 0.935391
6248.00000 0.935685
6250.00000 0.935784
6252.00000 0.935685
6254.00000 0.935489
6256.00000 0.935293
6258.00000 0.935097
6260.00000 0.934998
6262.00000 0.934802
6264.00000 0.93441
6266.00000 0.934017
6268.00000 0.933723
6270.00000 0.933232
6272.00000 0.932545
6274.00000 0.93176
6276.00000 0.930975
6278.00000 0.930288
6280.00000 0.9297
6282.00000 0.929012
6284.00000 0.928522
6286.00000 0.927835
6288.00000 0.927148
6290.00000 0.926363
6292.00000 0.925578
6294.00000 0.924989
6296.00000 0.9244
6298.00000 0.923615
6300.00000 0.92283
6302.00000 0.922143
6304.00000 0.921653
6306.00000 0.921064
6308.00000 0.920377
6310.00000 0.919788
6312.00000 0.919101
6314.00000 0.918414
6316.00000 0.917825
6318.00000 0.917139
6320.00000 0.916255
6322.00000 0.915667
6324.00000 0.915078
6326.00000 0.914391
6328.00000 0.913606
6330.00000 0.912821
6332.00000 0.911938
6334.00000 0.911054
6336.00000 0.910367
6338.00000 0.909681
6340.00000 0.908994
6342.00000 0.908111
6344.00000 0.907325
6346.00000 0.90654
6348.00000 0.905853
6350.00000 0.905265
6352.00000 0.904872
6354.00000 0.904381
6356.00000 0.903989
6358.00000 0.903597
6360.00000 0.903302
6362.00000 0.903204
6364.00000 0.903204
6366.00000 0.903302
6368.00000 0.903498
6370.00000 0.903793
6372.00000 0.904185
6374.00000 0.90448
6376.00000 0.904774
6378.00000 0.905265
6380.00000 0.905853
6382.00000 0.906442
6384.00000 0.907227
6386.00000 0.907914
6388.00000 0.908503
6390.00000 0.90919
6392.00000 0.909779
6394.00000 0.910564
6396.00000 0.911251
6398.00000 0.912036
6400.00000 0.912821
6402.00000 0.913704
6404.00000 0.914587
6406.00000 0.915372
6408.00000 0.916157
6410.00000 0.91704
6412.00000 0.917825
6414.00000 0.918512
6416.00000 0.919297
6418.00000 0.920083
6420.00000 0.921064
6422.00000 0.921947
6424.00000 0.922732
6426.00000 0.923713
6428.00000 0.924597
6430.00000 0.92548
6432.00000 0.926265
6434.00000 0.927246
6436.00000 0.928326
6438.00000 0.929503
6440.00000 0.930583
6442.00000 0.93176
6444.00000 0.93284
6446.00000 0.933821
6448.00000 0.934704
6450.00000 0.935882
6452.00000 0.937059
6454.00000 0.938139
6456.00000 0.93912
6458.00000 0.9402
6460.00000 0.941279
6462.00000 0.942457
6464.00000 0.94383
6466.00000 0.945106
6468.00000 0.946186
6470.00000 0.947167
6472.00000 0.948246
6474.00000 0.949326
6476.00000 0.950601
6478.00000 0.951877
6480.00000 0.952957
6482.00000 0.954036
6484.00000 0.955018
6486.00000 0.955901
6488.00000 0.956784
6490.00000 0.957667
6492.00000 0.95855
6494.00000 0.959335
6496.00000 0.960218
6498.00000 0.9612
6500.00000 0.962083
6502.00000 0.962868
6504.00000 0.963555
6506.00000 0.964144
6508.00000 0.964831
6510.00000 0.965518
6512.00000 0.966106
6514.00000 0.966597
6516.00000 0.966891
6518.00000 0.966891
6520.00000 0.966597
6522.00000 0.966008
6524.00000 0.965125
6526.00000 0.964536
6528.00000 0.964732
6530.00000 0.965616
6532.00000 0.967087
6534.00000 0.96856
6536.00000 0.970032
6538.00000 0.970915
6540.00000 0.971013
6542.00000 0.970718
6544.00000 0.970424
6546.00000 0.970326
6548.00000 0.970326
6550.00000 0.97013
6552.00000 0.969933
6554.00000 0.969737
6556.00000 0.969541
6558.00000 0.969443
6560.00000 0.969148
6562.00000 0.968952
6564.00000 0.968658
6566.00000 0.968363
6568.00000 0.968167
6570.00000 0.967775
6572.00000 0.967382
6574.00000 0.967087
6576.00000 0.966695
6578.00000 0.966205
6580.00000 0.965714
6582.00000 0.965125
6584.00000 0.964634
6586.00000 0.964144
6588.00000 0.963555
6590.00000 0.962966
6592.00000 0.962475
6594.00000 0.961887
6596.00000 0.961102
6598.00000 0.960513
6600.00000 0.959826
6602.00000 0.959041
6604.00000 0.958256
6606.00000 0.957471
6608.00000 0.956784
6610.00000 0.955999
6612.00000 0.955508
6614.00000 0.954821
6616.00000 0.954036
6618.00000 0.953153
6620.00000 0.952368
6622.00000 0.951583
6624.00000 0.950798
6626.00000 0.950111
6628.00000 0.949424
6630.00000 0.948541
6632.00000 0.947854
6634.00000 0.947167
6636.00000 0.946382
6638.00000 0.945597
6640.00000 0.945008
6642.00000 0.944419
6644.00000 0.94383
6646.00000 0.94334
6648.00000 0.942751
6650.00000 0.942162
6652.00000 0.941475
6654.00000 0.940886
6656.00000 0.940396
6658.00000 0.939905
6660.00000 0.939513
6662.00000 0.93912
6664.00000 0.938629
6666.00000 0.938139
6668.00000 0.937746
6670.00000 0.937157
6672.00000 0.936863
6674.00000 0.936765
6676.00000 0.936569
6678.00000 0.936274
6680.00000 0.93598
6682.00000 0.935784
6684.00000 0.935587
6686.00000 0.935391
6688.00000 0.935195
6690.00000 0.934998
6692.00000 0.934901
6694.00000 0.934802
6696.00000 0.934704
6698.00000 0.934606
6700.00000 0.934606
6702.00000 0.934508
6704.00000 0.934606
6706.00000 0.934606
6708.00000 0.934606
6710.00000 0.934704
6712.00000 0.934802
6714.00000 0.934998
6716.00000 0.935293
6718.00000 0.935489
6720.00000 0.935685
6722.00000 0.935882
6724.00000 0.936176
6726.00000 0.936569
6728.00000 0.937059
6730.00000 0.937452
6732.00000 0.937942
6734.00000 0.938433
6736.00000 0.938826
6738.00000 0.939316
6740.00000 0.939807
6742.00000 0.940101
6744.00000 0.940494
6746.00000 0.941083
6748.00000 0.94177
6750.00000 0.94226
6752.00000 0.942849
6754.00000 0.943438
6756.00000 0.944027
6758.00000 0.944615
6760.00000 0.945303
6762.00000 0.945891
6764.00000 0.946676
6766.00000 0.947265
6768.00000 0.947952
6770.00000 0.948639
6772.00000 0.949326
6774.00000 0.949718
6776.00000 0.950209
6778.00000 0.950994
6780.00000 0.951779
6782.00000 0.952466
6784.00000 0.953153
6786.00000 0.95384
6788.00000 0.954429
6790.00000 0.955018
6792.00000 0.955508
6794.00000 0.956195
6796.00000 0.956686
6798.00000 0.957275
6800.00000 0.957961
6802.00000 0.958648
6804.00000 0.959335
6806.00000 0.959924
6808.00000 0.960513
6810.00000 0.960905
6812.00000 0.961298
6814.00000 0.961789
6816.00000 0.962279
6818.00000 0.962672
6820.00000 0.963162
6822.00000 0.963751
6824.00000 0.964242
6826.00000 0.964732
6828.00000 0.965321
6830.00000 0.965812
6832.00000 0.966008
6834.00000 0.966205
6836.00000 0.966401
6838.00000 0.966793
6840.00000 0.967087
6842.00000 0.96748
6844.00000 0.967677
6846.00000 0.967971
6848.00000 0.968265
6850.00000 0.968461
6852.00000 0.968461
6854.00000 0.968461
6856.00000 0.968658
6858.00000 0.968854
6860.00000 0.968854
6862.00000 0.968756
6864.00000 0.968461
6866.00000 0.968167
6868.00000 0.967873
6870.00000 0.967677
6872.00000 0.967284
6874.00000 0.96699
6876.00000 0.966793
6878.00000 0.966401
6880.00000 0.966106
6882.00000 0.965812
6884.00000 0.965518
6886.00000 0.965321
6888.00000 0.964929
6890.00000 0.964634
6892.00000 0.964438
6894.00000 0.964046
6896.00000 0.963653
6898.00000 0.963162
6900.00000 0.962672
6902.00000 0.962181
6904.00000 0.961691
6906.00000 0.961004
6908.00000 0.960317
6910.00000 0.95963
6912.00000 0.958845
6914.00000 0.958158
6916.00000 0.957373
6918.00000 0.956686
6920.00000 0.955999
6922.00000 0.955214
6924.00000 0.954429
6926.00000 0.953742
6928.00000 0.952957
6930.00000 0.952368
6932.00000 0.951485
6934.00000 0.950798
6936.00000 0.950013
6938.00000 0.949129
6940.00000 0.948443
6942.00000 0.947559
6944.00000 0.946676
6946.00000 0.945793
6948.00000 0.944714
6950.00000 0.943634
6952.00000 0.942653
6954.00000 0.941966
6956.00000 0.941279
6958.00000 0.940592
6960.00000 0.939807
6962.00000 0.938924
6964.00000 0.937746
6966.00000 0.936569
6968.00000 0.935293
6970.00000 0.934017
6972.00000 0.933134
6974.00000 0.932251
6976.00000 0.931466
6978.00000 0.930779
6980.00000 0.929994
6982.00000 0.929307
6984.00000 0.928522
6986.00000 0.927835
6988.00000 0.927246
6990.00000 0.926559
6992.00000 0.926069
6994.00000 0.925382
6996.00000 0.924793
6998.00000 0.924106
7000.00000 0.923615
7002.00000 0.923026
7004.00000 0.922634
7006.00000 0.922143
7008.00000 0.921849
7010.00000 0.921456
7012.00000 0.921162
7014.00000 0.920868
7016.00000 0.920573
7018.00000 0.920279
7020.00000 0.920181
7022.00000 0.919886
7024.00000 0.919494
7026.00000 0.919199
7028.00000 0.919003
7030.00000 0.918807
7032.00000 0.91861
7034.00000 0.918316
7036.00000 0.918218
7038.00000 0.91812
7040.00000 0.918022
7042.00000 0.918022
7044.00000 0.917924
7046.00000 0.917825
7048.00000 0.917825
7050.00000 0.917924
7052.00000 0.918022
7054.00000 0.918218
7056.00000 0.91861
7058.00000 0.91861
7060.00000 0.91861
7062.00000 0.918807
7064.00000 0.918807
7066.00000 0.918905
7068.00000 0.919297
7070.00000 0.91969
7072.00000 0.919984
7074.00000 0.920377
7076.00000 0.92077
7078.00000 0.920966
7080.00000 0.92126
7082.00000 0.921751
7084.00000 0.922143
7086.00000 0.922634
7088.00000 0.923321
7090.00000 0.923812
7092.00000 0.924204
7094.00000 0.924695
7096.00000 0.925185
7098.00000 0.925578
7100.00000 0.926167
7102.00000 0.926952
7104.00000 0.927835
7106.00000 0.928816
7108.00000 0.929503
7110.00000 0.929994
7112.00000 0.930779
7114.00000 0.931466
7116.00000 0.932055
7118.00000 0.932742
7120.00000 0.933527
7122.00000 0.934508
7124.00000 0.935685
7126.00000 0.936765
7128.00000 0.937746
7130.00000 0.938531
7132.00000 0.939316
7134.00000 0.940003
7136.00000 0.940788
7138.00000 0.941868
7140.00000 0.942849
7142.00000 0.943732
7144.00000 0.944714
7146.00000 0.945695
7148.00000 0.946676
7150.00000 0.947756
7152.00000 0.948737
7154.00000 0.949522
7156.00000 0.950111
7158.00000 0.950994
7160.00000 0.951877
7162.00000 0.952662
7164.00000 0.953447
7166.00000 0.95433
7168.00000 0.955214
7170.00000 0.955901
7172.00000 0.956489
7174.00000 0.957078
7176.00000 0.957765
7178.00000 0.95855
7180.00000 0.959237
7182.00000 0.959728
7184.00000 0.960218
7186.00000 0.960807
7188.00000 0.961494
7190.00000 0.962083
7192.00000 0.962672
7194.00000 0.963162
7196.00000 0.963555
7198.00000 0.963947
7200.00000 0.964536
7202.00000 0.964929
7204.00000 0.965321
7206.00000 0.965616
7208.00000 0.96591
7210.00000 0.966205
7212.00000 0.966303
7214.00000 0.966499
7216.00000 0.966793
7218.00000 0.967087
7220.00000 0.967284
7222.00000 0.96748
7224.00000 0.967578
7226.00000 0.967578
7228.00000 0.967677
7230.00000 0.967578
7232.00000 0.967382
7234.00000 0.967087
7236.00000 0.966891
7238.00000 0.966793
7240.00000 0.966597
7242.00000 0.966303
7244.00000 0.966106
7246.00000 0.965714
7248.00000 0.965419
7250.00000 0.964929
7252.00000 0.964438
7254.00000 0.963751
7256.00000 0.963162
7258.00000 0.96277
7260.00000 0.962475
7262.00000 0.961985
7264.00000 0.961396
7266.00000 0.960709
7268.00000 0.959924
7270.00000 0.959041
7272.00000 0.958158
7274.00000 0.957275
7276.00000 0.956391
7278.00000 0.95541
7280.00000 0.954723
7282.00000 0.954036
7284.00000 0.953153
7286.00000 0.952172
7288.00000 0.951092
7290.00000 0.950111
7292.00000 0.949129
7294.00000 0.948148
7296.00000 0.947167
7298.00000 0.946186
7300.00000 0.945204
7302.00000 0.944027
7304.00000 0.942751
7306.00000 0.941573
7308.00000 0.940396
7310.00000 0.939218
7312.00000 0.938041
7314.00000 0.936863
7316.00000 0.935685
7318.00000 0.934606
7320.00000 0.93333
7322.00000 0.932055
7324.00000 0.930583
7326.00000 0.929012
7328.00000 0.927639
7330.00000 0.926461
7332.00000 0.925185
7334.00000 0.924106
7336.00000 0.923026
7338.00000 0.921849
7340.00000 0.920475
7342.00000 0.919101
7344.00000 0.917727
7346.00000 0.916648
7348.00000 0.915372
7350.00000 0.913802
7352.00000 0.912527
7354.00000 0.911349
7356.00000 0.910269
7358.00000 0.909092
7360.00000 0.908111
7362.00000 0.907031
7364.00000 0.90605
7366.00000 0.90497
7368.00000 0.903989
7370.00000 0.902811
7372.00000 0.901634
7374.00000 0.900554
7376.00000 0.899671
7378.00000 0.898788
7380.00000 0.898297
7382.00000 0.897709
7384.00000 0.896923
7386.00000 0.89604
7388.00000 0.895157
7390.00000 0.89447
7392.00000 0.893685
7394.00000 0.893096
7396.00000 0.892508
7398.00000 0.891919
7400.00000 0.891232
7402.00000 0.890643
7404.00000 0.890152
7406.00000 0.889662
7408.00000 0.889073
7410.00000 0.888582
7412.00000 0.888092
7414.00000 0.887895
7416.00000 0.887601
7418.00000 0.887208
7420.00000 0.887012
7422.00000 0.88662
7424.00000 0.885933
7426.00000 0.88554
7428.00000 0.885344
7430.00000 0.88505
7432.00000 0.884657
7434.00000 0.884363
7436.00000 0.883872
7438.00000 0.883774
7440.00000 0.883676
7442.00000 0.883381
7444.00000 0.883185
7446.00000 0.882989
7448.00000 0.882793
7450.00000 0.882596
7452.00000 0.8824
7454.00000 0.882498
