threeML/data/optical_filters/HST/WFPC2-f218w.ecsv
# %ECSV 0.9
# ---
# datatype:
# - {name: wavelength, unit: Angstrom, datatype: float32}
# - {name: response, datatype: float32}
# meta: !!omap
# - {band_name: f218w}
# - {group_name: WFPC2}
wavelength response
1665.00000 0.0
1850.00000 0.032003
1852.00000 0.039245
1854.00000 0.032819
1856.00000 0.0342
1858.00000 0.037515
1860.00000 0.038449
1862.00000 0.040493
1864.00000 0.03899
1866.00000 0.041197
1868.00000 0.039855
1870.00000 0.040286
1872.00000 0.044456
1874.00000 0.046308
1876.00000 0.046467
1878.00000 0.050856
1880.00000 0.051943
1882.00000 0.052921
1884.00000 0.054732
1886.00000 0.056686
1888.00000 0.055633
1890.00000 0.057977
1892.00000 0.059626
1894.00000 0.064182
1896.00000 0.0654
1898.00000 0.067464
1900.00000 0.069935
1902.00000 0.070833
1904.00000 0.071897
1906.00000 0.074965
1908.00000 0.076678
1910.00000 0.079832
1912.00000 0.081164
1914.00000 0.083132
1916.00000 0.085214
1918.00000 0.087386
1920.00000 0.090306
1922.00000 0.092271
1924.00000 0.093369
1926.00000 0.096686
1928.00000 0.099166
1930.00000 0.102344
1932.00000 0.103861
1934.00000 0.105328
1936.00000 0.10972
1938.00000 0.111492
1940.00000 0.114956
1942.00000 0.117287
1944.00000 0.118877
1946.00000 0.120727
1948.00000 0.122682
1950.00000 0.126328
1952.00000 0.12924
1954.00000 0.131814
1956.00000 0.132968
1958.00000 0.134685
1960.00000 0.138412
1962.00000 0.140695
1964.00000 0.142693
1966.00000 0.145811
1968.00000 0.149131
1970.00000 0.151322
1972.00000 0.152237
1974.00000 0.154926
1976.00000 0.158856
1978.00000 0.159171
1980.00000 0.16221
1982.00000 0.164124
1984.00000 0.16488
1986.00000 0.168346
1988.00000 0.169938
1990.00000 0.171647
1992.00000 0.174296
1994.00000 0.176795
1996.00000 0.176812
1998.00000 0.180001
2000.00000 0.180944
2002.00000 0.181516
2004.00000 0.18519
2006.00000 0.18577
2008.00000 0.186905
2010.00000 0.188591
2012.00000 0.190933
2014.00000 0.19209
2016.00000 0.192002
2018.00000 0.193416
2020.00000 0.194291
2022.00000 0.195715
2024.00000 0.196322
2026.00000 0.198722
2028.00000 0.199693
2030.00000 0.1999
2032.00000 0.201368
2034.00000 0.201219
2036.00000 0.202609
2038.00000 0.203595
2040.00000 0.203192
2042.00000 0.204602
2044.00000 0.205498
2046.00000 0.205161
2048.00000 0.206248
2050.00000 0.207637
2052.00000 0.207186
2054.00000 0.20798
2056.00000 0.208903
2058.00000 0.209892
2060.00000 0.209421
2062.00000 0.209469
2064.00000 0.209414
2066.00000 0.210467
2068.00000 0.210435
2070.00000 0.210157
2072.00000 0.209853
2074.00000 0.210806
2076.00000 0.210776
2078.00000 0.210453
2080.00000 0.210494
2082.00000 0.211018
2084.00000 0.211199
2086.00000 0.210976
2088.00000 0.210852
2090.00000 0.211097
2092.00000 0.211312
2094.00000 0.210011
2096.00000 0.210666
2098.00000 0.210909
2100.00000 0.210374
2102.00000 0.210557
2104.00000 0.210748
2106.00000 0.210323
2108.00000 0.210402
2110.00000 0.209542
2112.00000 0.210276
2114.00000 0.209037
2116.00000 0.209768
2118.00000 0.209322
2120.00000 0.208633
2122.00000 0.209022
2124.00000 0.208458
2126.00000 0.208268
2128.00000 0.208027
2130.00000 0.208055
2132.00000 0.206632
2134.00000 0.207753
2136.00000 0.206274
2138.00000 0.205865
2140.00000 0.205824
2142.00000 0.205087
2144.00000 0.205316
2146.00000 0.20387
2148.00000 0.203732
2150.00000 0.203159
2152.00000 0.203301
2154.00000 0.20302
2156.00000 0.202652
2158.00000 0.201787
2160.00000 0.201414
2162.00000 0.200564
2164.00000 0.199778
2166.00000 0.199303
2168.00000 0.198753
2170.00000 0.19741
2172.00000 0.197548
2174.00000 0.197585
2176.00000 0.196861
2178.00000 0.195894
2180.00000 0.195091
2182.00000 0.19483
2184.00000 0.193969
2186.00000 0.193021
2188.00000 0.192977
2190.00000 0.191818
2192.00000 0.19113
2194.00000 0.190598
2196.00000 0.18982
2198.00000 0.189015
2200.00000 0.187973
2202.00000 0.187286
2204.00000 0.18666
2206.00000 0.185497
2208.00000 0.184792
2210.00000 0.183998
2212.00000 0.183049
2214.00000 0.18203
2216.00000 0.181235
2218.00000 0.180627
2220.00000 0.179633
2222.00000 0.17878
2224.00000 0.177669
2226.00000 0.176775
2228.00000 0.176062
2230.00000 0.175219
2232.00000 0.174302
2234.00000 0.17297
2236.00000 0.171919
2238.00000 0.171144
2240.00000 0.169162
2242.00000 0.169183
2244.00000 0.167879
2246.00000 0.16661
2248.00000 0.16566
2250.00000 0.164503
2252.00000 0.163475
2254.00000 0.162269
2256.00000 0.161136
2258.00000 0.159951
2260.00000 0.158982
2262.00000 0.157428
2264.00000 0.156423
2266.00000 0.154813
2268.00000 0.153516
2270.00000 0.152758
2272.00000 0.151705
2274.00000 0.150327
2276.00000 0.149342
2278.00000 0.147453
2280.00000 0.146618
2282.00000 0.145402
2284.00000 0.143769
2286.00000 0.142931
2288.00000 0.141468
2290.00000 0.139938
2292.00000 0.138455
2294.00000 0.137655
2296.00000 0.135982
2298.00000 0.134365
2300.00000 0.133429
2302.00000 0.131737
2304.00000 0.130137
2306.00000 0.128842
2308.00000 0.127527
2310.00000 0.126406
2312.00000 0.125275
2314.00000 0.122976
2316.00000 0.12195
2318.00000 0.120592
2320.00000 0.119053
2322.00000 0.117222
2324.00000 0.115664
2326.00000 0.114562
2328.00000 0.113071
2330.00000 0.111835
2332.00000 0.109931
2334.00000 0.108677
2336.00000 0.106808
2338.00000 0.105721
2340.00000 0.104121
2342.00000 0.102617
2344.00000 0.101246
2346.00000 0.099307
2348.00000 0.098238
2350.00000 0.096453
2352.00000 0.095001
2354.00000 0.093266
2356.00000 0.092202
2358.00000 0.090599
2360.00000 0.089269
2362.00000 0.087538
2364.00000 0.086221
2366.00000 0.084557
2368.00000 0.083182
2370.00000 0.081789
2372.00000 0.080487
2374.00000 0.079025
2376.00000 0.077487
2378.00000 0.076024
2380.00000 0.074709
2382.00000 0.07326
2384.00000 0.071854
2386.00000 0.070434
2388.00000 0.069234
2390.00000 0.067731
2392.00000 0.066505
2394.00000 0.065108
2396.00000 0.063783
2398.00000 0.06247
2400.00000 0.061304
2402.00000 0.060229
2404.00000 0.058716
2406.00000 0.057737
2408.00000 0.056202
2410.00000 0.055112
2412.00000 0.054007
2414.00000 0.052833
2416.00000 0.051666
2418.00000 0.050565
2420.00000 0.049274
2422.00000 0.04836
2424.00000 0.047289
2426.00000 0.04641
2428.00000 0.045319
2430.00000 0.044302
2432.00000 0.043331
2434.00000 0.042343
2436.00000 0.041199
2438.00000 0.040486
2440.00000 0.039522
2442.00000 0.038472
2444.00000 0.037745
2446.00000 0.036779
2448.00000 0.03598
2450.00000 0.035084
2452.00000 0.034445
2454.00000 0.033358
2456.00000 0.032671
2458.00000 0.032002
2460.00000 0.031267
2462.00000 0.030454
2464.00000 0.029749
2466.00000 0.029287
2468.00000 0.02841
2470.00000 0.027477
2480.00000 0.024636
2490.00000 0.02173
2500.00000 0.019475
2510.00000 0.01717
2520.00000 0.015391
2530.00000 0.013594
2540.00000 0.012186
2550.00000 0.010766
2560.00000 0.009682
2570.00000 0.008577
2580.00000 0.007716
2590.00000 0.006857
2600.00000 0.006198
2610.00000 0.005525
2620.00000 0.005009
2630.00000 0.00448
2640.00000 0.00407
2904.00000 0.0
