threeML/data/optical_filters/HST/WFPC2-f450w.ecsv
# %ECSV 0.9
# ---
# datatype:
# - {name: wavelength, unit: Angstrom, datatype: float32}
# - {name: response, datatype: float32}
# meta: !!omap
# - {band_name: f450w}
# - {group_name: WFPC2}
wavelength response
3204.00000 0.0
3560.00000 0.004048
3570.00000 0.006748
3580.00000 0.01059
3590.00000 0.015543
3600.00000 0.020273
3640.00000 0.029904
3642.00000 0.031767
3644.00000 0.033789
3646.00000 0.035828
3648.00000 0.037828
3650.00000 0.039917
3652.00000 0.042047
3654.00000 0.044208
3656.00000 0.046441
3658.00000 0.049049
3660.00000 0.051704
3662.00000 0.054412
3664.00000 0.057237
3666.00000 0.060146
3668.00000 0.06326
3670.00000 0.066331
3672.00000 0.069456
3674.00000 0.072772
3676.00000 0.076191
3678.00000 0.079564
3680.00000 0.083054
3682.00000 0.086854
3684.00000 0.090683
3686.00000 0.094466
3688.00000 0.098298
3690.00000 0.102413
3692.00000 0.106617
3694.00000 0.110891
3696.00000 0.115285
3698.00000 0.1197
3700.00000 0.124074
3702.00000 0.128508
3704.00000 0.133063
3706.00000 0.137678
3708.00000 0.142293
3710.00000 0.147039
3712.00000 0.151694
3714.00000 0.156289
3716.00000 0.160783
3718.00000 0.165559
3720.00000 0.170505
3722.00000 0.17508
3724.00000 0.179765
3726.00000 0.1844
3728.00000 0.189005
3730.00000 0.19363
3732.00000 0.198255
3734.00000 0.202921
3736.00000 0.207726
3738.00000 0.212321
3740.00000 0.216725
3742.00000 0.22126
3744.00000 0.225554
3746.00000 0.229928
3748.00000 0.234192
3750.00000 0.238346
3752.00000 0.242529
3754.00000 0.246633
3756.00000 0.250806
3758.00000 0.25502
3760.00000 0.259013
3762.00000 0.263036
3764.00000 0.267009
3766.00000 0.270922
3768.00000 0.274614
3770.00000 0.278366
3772.00000 0.282329
3774.00000 0.286442
3776.00000 0.290335
3778.00000 0.294127
3780.00000 0.2981
3782.00000 0.301993
3784.00000 0.305585
3786.00000 0.309437
3788.00000 0.31347
3790.00000 0.317383
3792.00000 0.321316
3794.00000 0.325228
3796.00000 0.329161
3798.00000 0.333114
3800.00000 0.337127
3802.00000 0.341411
3804.00000 0.345715
3806.00000 0.349748
3808.00000 0.353511
3810.00000 0.357734
3812.00000 0.361968
3814.00000 0.366202
3816.00000 0.370325
3818.00000 0.374599
3820.00000 0.379164
3822.00000 0.383849
3824.00000 0.388605
3826.00000 0.39336
3828.00000 0.397755
3830.00000 0.402319
3832.00000 0.407135
3834.00000 0.411911
3836.00000 0.416716
3838.00000 0.421411
3840.00000 0.426027
3842.00000 0.430842
3844.00000 0.435758
3846.00000 0.440835
3848.00000 0.445801
3850.00000 0.450546
3852.00000 0.455683
3854.00000 0.46086
3856.00000 0.465876
3858.00000 0.471013
3860.00000 0.476411
3862.00000 0.481497
3864.00000 0.486473
3866.00000 0.49153
3868.00000 0.496366
3870.00000 0.501021
3872.00000 0.505856
3874.00000 0.511053
3876.00000 0.51611
3878.00000 0.520715
3880.00000 0.52539
3882.00000 0.530065
3884.00000 0.534941
3886.00000 0.539396
3888.00000 0.54387
3890.00000 0.548616
3892.00000 0.5529
3894.00000 0.557354
3896.00000 0.561889
3898.00000 0.565842
3900.00000 0.569815
3902.00000 0.574038
3904.00000 0.578322
3906.00000 0.582516
3908.00000 0.585937
3910.00000 0.589288
3912.00000 0.593
3914.00000 0.596461
3916.00000 0.599321
3918.00000 0.602661
3920.00000 0.606474
3922.00000 0.609945
3924.00000 0.613075
3926.00000 0.615985
3928.00000 0.618413
3930.00000 0.621443
3932.00000 0.624493
3934.00000 0.627161
3936.00000 0.629449
3938.00000 0.631947
3940.00000 0.634656
3942.00000 0.637314
3944.00000 0.639873
3946.00000 0.641819
3948.00000 0.643504
3950.00000 0.645932
3952.00000 0.648561
3954.00000 0.650758
3956.00000 0.652514
3958.00000 0.653938
3960.00000 0.655825
3962.00000 0.658252
3964.00000 0.660098
3966.00000 0.661573
3968.00000 0.66365
3970.00000 0.665817
3972.00000 0.667462
3974.00000 0.668596
3976.00000 0.670302
3978.00000 0.672298
3980.00000 0.674385
3982.00000 0.676211
3984.00000 0.678077
3986.00000 0.679742
3988.00000 0.681227
3990.00000 0.682863
3992.00000 0.684628
3994.00000 0.686585
3996.00000 0.688651
3998.00000 0.690798
4000.00000 0.692845
4002.00000 0.694932
4004.00000 0.696918
4006.00000 0.698484
4008.00000 0.700309
4010.00000 0.702356
4012.00000 0.704322
4014.00000 0.705988
4016.00000 0.707553
4018.00000 0.7098
4020.00000 0.712208
4022.00000 0.714155
4024.00000 0.71584
4026.00000 0.717846
4028.00000 0.719953
4030.00000 0.72194
4032.00000 0.723605
4034.00000 0.726093
4036.00000 0.728702
4038.00000 0.730427
4040.00000 0.732514
4042.00000 0.735173
4044.00000 0.737701
4046.00000 0.739818
4048.00000 0.741503
4050.00000 0.742948
4052.00000 0.745085
4054.00000 0.747724
4056.00000 0.750473
4058.00000 0.75276
4060.00000 0.754385
4062.00000 0.756121
4064.00000 0.758358
4066.00000 0.760606
4068.00000 0.762793
4070.00000 0.764839
4072.00000 0.766916
4074.00000 0.769234
4076.00000 0.77134
4078.00000 0.772946
4080.00000 0.77431
4082.00000 0.775905
4084.00000 0.777862
4086.00000 0.78031
4088.00000 0.782818
4090.00000 0.784323
4092.00000 0.785687
4094.00000 0.787413
4096.00000 0.789249
4098.00000 0.790533
4100.00000 0.791948
4102.00000 0.793392
4104.00000 0.794636
4106.00000 0.796141
4108.00000 0.797666
4110.00000 0.79875
4112.00000 0.800395
4114.00000 0.802241
4116.00000 0.803385
4118.00000 0.804328
4120.00000 0.80497
4122.00000 0.805712
4124.00000 0.806675
4126.00000 0.807458
4128.00000 0.80812
4130.00000 0.809344
4132.00000 0.810508
4134.00000 0.81124
4136.00000 0.811592
4138.00000 0.811772
4140.00000 0.812494
4142.00000 0.813488
4144.00000 0.813538
4146.00000 0.813859
4148.00000 0.814742
4150.00000 0.815474
4152.00000 0.815755
4154.00000 0.815554
4156.00000 0.815344
4158.00000 0.815203
4160.00000 0.815554
4162.00000 0.815875
4164.00000 0.815956
4166.00000 0.816176
4168.00000 0.816397
4170.00000 0.816457
4172.00000 0.816638
4174.00000 0.816477
4176.00000 0.816076
4178.00000 0.815966
4180.00000 0.816447
4182.00000 0.816016
4184.00000 0.815695
4186.00000 0.815936
4188.00000 0.815966
4190.00000 0.815976
4192.00000 0.816176
4194.00000 0.816136
4196.00000 0.816377
4198.00000 0.816056
4200.00000 0.815314
4202.00000 0.815073
4204.00000 0.814872
4206.00000 0.815273
4208.00000 0.816036
4210.00000 0.815855
4212.00000 0.815514
4214.00000 0.815815
4216.00000 0.816016
4218.00000 0.815936
4220.00000 0.815655
4222.00000 0.815956
4224.00000 0.816397
4226.00000 0.816628
4228.00000 0.81725
4230.00000 0.817661
4232.00000 0.81732
4234.00000 0.81739
4236.00000 0.818012
4238.00000 0.818574
4240.00000 0.818915
4242.00000 0.819477
4244.00000 0.819738
4246.00000 0.820109
4248.00000 0.820761
4250.00000 0.821353
4252.00000 0.822216
4254.00000 0.823179
4256.00000 0.823771
4258.00000 0.824473
4260.00000 0.825095
4262.00000 0.8264
4264.00000 0.827644
4266.00000 0.828727
4268.00000 0.829941
4270.00000 0.830262
4272.00000 0.831235
4274.00000 0.83276
4276.00000 0.834024
4278.00000 0.835108
4280.00000 0.836152
4282.00000 0.837185
4284.00000 0.838489
4286.00000 0.839573
4288.00000 0.841067
4290.00000 0.842432
4292.00000 0.844117
4294.00000 0.846144
4296.00000 0.847438
4298.00000 0.848462
4300.00000 0.850107
4302.00000 0.851832
4304.00000 0.853077
4306.00000 0.854391
4308.00000 0.855946
4310.00000 0.85712
4312.00000 0.858464
4314.00000 0.86017
4316.00000 0.861755
4318.00000 0.863099
4320.00000 0.864403
4322.00000 0.865788
4324.00000 0.867494
4326.00000 0.868537
4328.00000 0.86962
4330.00000 0.871145
4332.00000 0.87271
4334.00000 0.874155
4336.00000 0.875399
4338.00000 0.876362
4340.00000 0.877496
4342.00000 0.879252
4344.00000 0.880536
4346.00000 0.88174
4348.00000 0.883606
4350.00000 0.88485
4352.00000 0.885572
4354.00000 0.886796
4356.00000 0.88804
4358.00000 0.888642
4360.00000 0.889254
4362.00000 0.890418
4364.00000 0.891381
4366.00000 0.891532
4368.00000 0.892194
4370.00000 0.892966
4372.00000 0.893368
4374.00000 0.893709
4376.00000 0.89427
4378.00000 0.89397
4380.00000 0.893719
4382.00000 0.893719
4384.00000 0.8942
4386.00000 0.89405
4388.00000 0.89417
4390.00000 0.89422
4392.00000 0.893889
4394.00000 0.893087
4396.00000 0.892746
4398.00000 0.892184
4400.00000 0.891792
4402.00000 0.891451
4404.00000 0.890809
4406.00000 0.889696
4408.00000 0.889355
4410.00000 0.888793
4412.00000 0.88781
4414.00000 0.886967
4416.00000 0.886505
4418.00000 0.885602
4420.00000 0.884539
4422.00000 0.883676
4424.00000 0.882673
4426.00000 0.880967
4428.00000 0.879302
4430.00000 0.878349
4432.00000 0.877406
4434.00000 0.875891
4436.00000 0.874145
4438.00000 0.87265
4440.00000 0.871446
4442.00000 0.870293
4444.00000 0.868848
4446.00000 0.867965
4448.00000 0.867002
4450.00000 0.865276
4452.00000 0.86341
4454.00000 0.861966
4456.00000 0.86022
4458.00000 0.858956
4460.00000 0.858073
4462.00000 0.856668
4464.00000 0.854802
4466.00000 0.853127
4468.00000 0.851541
4470.00000 0.850297
4472.00000 0.849214
4474.00000 0.848522
4476.00000 0.847318
4478.00000 0.845993
4480.00000 0.84499
4482.00000 0.843847
4484.00000 0.842703
4486.00000 0.842
4488.00000 0.840917
4490.00000 0.839583
4492.00000 0.83884
4494.00000 0.838148
4496.00000 0.837085
4498.00000 0.836182
4500.00000 0.835228
4502.00000 0.833904
4504.00000 0.833322
4506.00000 0.832991
4508.00000 0.83263
4510.00000 0.832389
4512.00000 0.832369
4514.00000 0.832269
4516.00000 0.83261
4518.00000 0.833011
4520.00000 0.833112
4522.00000 0.83277
4524.00000 0.832209
4526.00000 0.83259
4528.00000 0.833493
4530.00000 0.833593
4532.00000 0.833693
4534.00000 0.833713
4536.00000 0.833814
4538.00000 0.833704
4540.00000 0.833964
4542.00000 0.834747
4544.00000 0.836131
4546.00000 0.837586
4548.00000 0.837937
4550.00000 0.838298
4552.00000 0.839382
4554.00000 0.841078
4556.00000 0.842321
4558.00000 0.843225
4560.00000 0.843616
4562.00000 0.844438
4564.00000 0.846134
4566.00000 0.847579
4568.00000 0.848472
4570.00000 0.849796
4572.00000 0.8512
4574.00000 0.852485
4576.00000 0.853468
4578.00000 0.855013
4580.00000 0.85707
4582.00000 0.859317
4584.00000 0.860621
4586.00000 0.861594
4588.00000 0.862738
4590.00000 0.864323
4592.00000 0.86627
4594.00000 0.867985
4596.00000 0.86944
4598.00000 0.871125
4600.00000 0.873092
4602.00000 0.874717
4604.00000 0.876001
4606.00000 0.877526
4608.00000 0.879472
4610.00000 0.881459
4612.00000 0.883305
4614.00000 0.884348
4616.00000 0.88499
4618.00000 0.886315
4620.00000 0.888081
4622.00000 0.889786
4624.00000 0.891471
4626.00000 0.893197
4628.00000 0.89408
4630.00000 0.894762
4632.00000 0.896197
4634.00000 0.897862
4636.00000 0.899227
4638.00000 0.899478
4640.00000 0.899999
4642.00000 0.901253
4644.00000 0.901986
4646.00000 0.902006
4648.00000 0.902598
4650.00000 0.903511
4652.00000 0.904052
4654.00000 0.904955
4656.00000 0.905808
4658.00000 0.905929
4660.00000 0.90639
4662.00000 0.907273
4664.00000 0.907293
4666.00000 0.906681
4668.00000 0.906711
4670.00000 0.90643
4672.00000 0.906009
4674.00000 0.905286
4676.00000 0.904885
4678.00000 0.904564
4680.00000 0.903872
4682.00000 0.902748
4684.00000 0.901885
4686.00000 0.901013
4688.00000 0.900772
4690.00000 0.900069
4692.00000 0.899036
4694.00000 0.89725
4696.00000 0.895615
4698.00000 0.894571
4700.00000 0.893789
4702.00000 0.892384
4704.00000 0.89086
4706.00000 0.889194
4708.00000 0.887729
4710.00000 0.886144
4712.00000 0.883997
4714.00000 0.882031
4716.00000 0.880566
4718.00000 0.878319
4720.00000 0.875971
4722.00000 0.873694
4724.00000 0.871707
4726.00000 0.870002
4728.00000 0.867835
4730.00000 0.865948
4732.00000 0.864143
4734.00000 0.862196
4736.00000 0.86025
4738.00000 0.858303
4740.00000 0.855956
4742.00000 0.853879
4744.00000 0.852123
4746.00000 0.850297
4748.00000 0.84799
4750.00000 0.846385
4752.00000 0.844348
4754.00000 0.841719
4756.00000 0.839552
4758.00000 0.837887
4760.00000 0.83561
4762.00000 0.833102
4764.00000 0.831075
4766.00000 0.82945
4768.00000 0.827343
4770.00000 0.825597
4772.00000 0.824082
4774.00000 0.822316
4776.00000 0.820651
4778.00000 0.819407
4780.00000 0.817762
4782.00000 0.816227
4784.00000 0.814642
4786.00000 0.813006
4788.00000 0.812003
4790.00000 0.81106
4792.00000 0.809736
4794.00000 0.808331
4796.00000 0.807288
4798.00000 0.806445
4800.00000 0.80512
4802.00000 0.804037
4804.00000 0.802873
4806.00000 0.80195
4808.00000 0.800927
4810.00000 0.799783
4812.00000 0.799111
4814.00000 0.799241
4816.00000 0.79882
4818.00000 0.797736
4820.00000 0.796994
4822.00000 0.796412
4824.00000 0.796091
4826.00000 0.796051
4828.00000 0.79575
4830.00000 0.794947
4832.00000 0.794867
4834.00000 0.794967
4836.00000 0.794927
4838.00000 0.795128
4840.00000 0.795369
4842.00000 0.794827
4844.00000 0.794686
4846.00000 0.795148
4848.00000 0.795409
4850.00000 0.795248
4852.00000 0.795278
4854.00000 0.795359
4856.00000 0.795991
4858.00000 0.796312
4860.00000 0.796242
4862.00000 0.796432
4864.00000 0.796713
4866.00000 0.797165
4868.00000 0.798027
4870.00000 0.79874
4872.00000 0.799221
4874.00000 0.799632
4876.00000 0.800285
4878.00000 0.800987
4880.00000 0.801348
4882.00000 0.80181
4884.00000 0.802532
4886.00000 0.803114
4888.00000 0.803465
4890.00000 0.804157
4892.00000 0.805
4894.00000 0.805903
4896.00000 0.806675
4898.00000 0.806776
4900.00000 0.807277
4902.00000 0.808542
4904.00000 0.809736
4906.00000 0.810157
4908.00000 0.810207
4910.00000 0.810879
4912.00000 0.811782
4914.00000 0.812575
4916.00000 0.813377
4918.00000 0.813919
4920.00000 0.814642
4922.00000 0.815574
4924.00000 0.816257
4926.00000 0.817059
4928.00000 0.817481
4930.00000 0.818043
4932.00000 0.818664
4934.00000 0.819307
4936.00000 0.819848
4938.00000 0.82035
4940.00000 0.820751
4942.00000 0.821062
4944.00000 0.821815
4946.00000 0.822698
4948.00000 0.82352
4950.00000 0.824082
4952.00000 0.824724
4954.00000 0.825968
4956.00000 0.826771
4958.00000 0.827052
4960.00000 0.827393
4962.00000 0.828577
4964.00000 0.8297
4966.00000 0.830202
4968.00000 0.830965
4970.00000 0.832128
4972.00000 0.833382
4974.00000 0.834506
4976.00000 0.835349
4978.00000 0.836091
4980.00000 0.837135
4982.00000 0.838258
4984.00000 0.839783
4986.00000 0.841108
4988.00000 0.842311
4990.00000 0.843756
4992.00000 0.845301
4994.00000 0.847007
4996.00000 0.848813
4998.00000 0.850719
5000.00000 0.852555
5002.00000 0.85407
5004.00000 0.855675
5006.00000 0.857481
5008.00000 0.859788
5010.00000 0.862196
5012.00000 0.864163
5014.00000 0.866189
5016.00000 0.868456
5018.00000 0.870844
5020.00000 0.873132
5022.00000 0.875841
5024.00000 0.878389
5026.00000 0.880155
5028.00000 0.882372
5030.00000 0.885432
5032.00000 0.888422
5034.00000 0.891411
5036.00000 0.893117
5038.00000 0.894872
5040.00000 0.897892
5042.00000 0.900802
5044.00000 0.902829
5046.00000 0.905036
5048.00000 0.906801
5050.00000 0.908768
5052.00000 0.910533
5054.00000 0.911637
5056.00000 0.912199
5058.00000 0.913062
5060.00000 0.913754
5062.00000 0.913905
5064.00000 0.913022
5066.00000 0.912018
5068.00000 0.911135
5070.00000 0.909269
5072.00000 0.906721
5074.00000 0.903711
5076.00000 0.899668
5078.00000 0.895575
5080.00000 0.890559
5082.00000 0.884749
5084.00000 0.878439
5086.00000 0.870985
5088.00000 0.862567
5090.00000 0.853709
5092.00000 0.844218
5094.00000 0.833172
5096.00000 0.821153
5098.00000 0.809164
5100.00000 0.796191
5102.00000 0.782085
5104.00000 0.767317
5106.00000 0.752148
5108.00000 0.737059
5110.00000 0.721027
5112.00000 0.70358
5114.00000 0.686083
5116.00000 0.668265
5118.00000 0.649745
5120.00000 0.631285
5122.00000 0.613095
5124.00000 0.594204
5126.00000 0.575152
5128.00000 0.55614
5130.00000 0.537178
5132.00000 0.518166
5134.00000 0.499556
5136.00000 0.481367
5138.00000 0.463489
5140.00000 0.445811
5142.00000 0.428675
5144.00000 0.41172
5146.00000 0.395146
5148.00000 0.379074
5150.00000 0.363503
5152.00000 0.348434
5154.00000 0.333827
5156.00000 0.31952
5158.00000 0.305805
5160.00000 0.292512
5162.00000 0.279911
5164.00000 0.268032
5166.00000 0.256545
5168.00000 0.245308
5170.00000 0.234664
5172.00000 0.224481
5174.00000 0.214588
5176.00000 0.204987
5178.00000 0.195837
5180.00000 0.187189
5182.00000 0.178902
5184.00000 0.170946
5186.00000 0.163432
5188.00000 0.156188
5190.00000 0.149376
5192.00000 0.142865
5194.00000 0.136514
5196.00000 0.130535
5198.00000 0.124886
5200.00000 0.119499
5202.00000 0.114292
5204.00000 0.109446
5206.00000 0.104761
5208.00000 0.100253
5210.00000 0.096069
5212.00000 0.092047
5214.00000 0.088138
5216.00000 0.084508
5218.00000 0.081005
5220.00000 0.07764
5222.00000 0.074493
5224.00000 0.071512
5226.00000 0.068589
5228.00000 0.065863
5230.00000 0.063279
5232.00000 0.060735
5234.00000 0.058351
5236.00000 0.055966
5238.00000 0.053803
5240.00000 0.051738
5242.00000 0.049716
5244.00000 0.047755
5246.00000 0.045915
5248.00000 0.044233
5250.00000 0.042606
5252.00000 0.041063
5254.00000 0.039524
5256.00000 0.038025
5258.00000 0.036658
5260.00000 0.035312
5262.00000 0.034012
5264.00000 0.03283
5266.00000 0.031729
5268.00000 0.030626
5270.00000 0.023956
5280.00000 0.020301
5290.00000 0.017299
5300.00000 0.014819
5310.00000 0.012763
5320.00000 0.011044
5330.00000 0.009601
5340.00000 0.008381
5350.00000 0.007352
5360.00000 0.006479
5370.00000 0.00573
5380.00000 0.005081
5390.00000 0.004522
5400.00000 0.00404
5940.00000 0.0
