threeML/data/optical_filters/HST/WFPC2-f814w.ecsv
# %ECSV 0.9
# ---
# datatype:
# - {name: wavelength, unit: Angstrom, datatype: float32}
# - {name: response, datatype: float32}
# meta: !!omap
# - {band_name: f814w}
# - {group_name: WFPC2}
wavelength response
6231.60010 0.0
6924.00000 0.004241
6926.00000 0.004549
6928.00000 0.004894
6930.00000 0.00522
6932.00000 0.005584
6934.00000 0.006006
6936.00000 0.006427
6938.00000 0.006869
6940.00000 0.007349
6942.00000 0.007886
6944.00000 0.008405
6946.00000 0.008979
6948.00000 0.009609
6950.00000 0.010243
6952.00000 0.010973
6954.00000 0.011704
6956.00000 0.012472
6958.00000 0.013328
6960.00000 0.014212
6962.00000 0.015153
6964.00000 0.01621
6966.00000 0.017277
6968.00000 0.018468
6970.00000 0.01966
6972.00000 0.020967
6974.00000 0.022322
6976.00000 0.023801
6978.00000 0.025358
6980.00000 0.02704
6982.00000 0.028817
6984.00000 0.030701
6986.00000 0.032738
6988.00000 0.034842
6990.00000 0.037072
6992.00000 0.039483
6994.00000 0.041991
6996.00000 0.044663
6998.00000 0.047478
7000.00000 0.050543
7002.00000 0.05382
7004.00000 0.057289
7006.00000 0.060969
7008.00000 0.064938
7010.00000 0.06906
7012.00000 0.073374
7014.00000 0.077977
7016.00000 0.082964
7018.00000 0.088211
7020.00000 0.093813
7022.00000 0.099741
7024.00000 0.105891
7026.00000 0.112521
7028.00000 0.119728
7030.00000 0.127127
7032.00000 0.135006
7034.00000 0.14327
7036.00000 0.152014
7038.00000 0.161239
7040.00000 0.170944
7042.00000 0.181322
7044.00000 0.192084
7046.00000 0.20323
7048.00000 0.214857
7050.00000 0.226965
7052.00000 0.239744
7054.00000 0.253005
7056.00000 0.266938
7058.00000 0.281351
7060.00000 0.296245
7062.00000 0.311524
7064.00000 0.32709
7066.00000 0.343329
7068.00000 0.359953
7070.00000 0.376865
7072.00000 0.394257
7074.00000 0.412226
7076.00000 0.430387
7078.00000 0.448548
7080.00000 0.466805
7082.00000 0.485351
7084.00000 0.504088
7086.00000 0.522826
7088.00000 0.541083
7090.00000 0.559532
7092.00000 0.577501
7094.00000 0.595085
7096.00000 0.612285
7098.00000 0.629389
7100.00000 0.645821
7102.00000 0.661868
7104.00000 0.677242
7106.00000 0.691944
7108.00000 0.706069
7110.00000 0.719522
7112.00000 0.732206
7114.00000 0.743736
7116.00000 0.755171
7118.00000 0.765837
7120.00000 0.776023
7122.00000 0.785728
7124.00000 0.794376
7126.00000 0.802736
7128.00000 0.810423
7130.00000 0.817437
7132.00000 0.823875
7134.00000 0.829929
7136.00000 0.835598
7138.00000 0.840403
7140.00000 0.845015
7142.00000 0.848955
7144.00000 0.852799
7146.00000 0.85597
7148.00000 0.85914
7150.00000 0.862023
7152.00000 0.864618
7154.00000 0.866828
7156.00000 0.868846
7158.00000 0.871056
7160.00000 0.872881
7162.00000 0.874419
7164.00000 0.875764
7166.00000 0.877109
7168.00000 0.878262
7170.00000 0.879704
7172.00000 0.880857
7174.00000 0.881914
7176.00000 0.883067
7178.00000 0.88422
7180.00000 0.885085
7182.00000 0.885853
7184.00000 0.886814
7186.00000 0.887775
7188.00000 0.888448
7190.00000 0.889409
7192.00000 0.89037
7194.00000 0.891235
7196.00000 0.892387
7198.00000 0.893444
7200.00000 0.894501
7202.00000 0.895655
7204.00000 0.896712
7206.00000 0.897865
7208.00000 0.898826
7210.00000 0.899883
7212.00000 0.900747
7214.00000 0.9019
7216.00000 0.903053
7218.00000 0.903918
7220.00000 0.904975
7222.00000 0.906129
7224.00000 0.907185
7226.00000 0.908531
7228.00000 0.909876
7230.00000 0.910933
7232.00000 0.912086
7234.00000 0.913047
7236.00000 0.914104
7238.00000 0.915353
7240.00000 0.916506
7242.00000 0.917563
7244.00000 0.918524
7246.00000 0.919581
7248.00000 0.920446
7250.00000 0.921118
7252.00000 0.922079
7254.00000 0.92304
7256.00000 0.923905
7258.00000 0.924674
7260.00000 0.925731
7262.00000 0.926307
7264.00000 0.927076
7266.00000 0.927845
7268.00000 0.928229
7270.00000 0.92871
7272.00000 0.929382
7274.00000 0.930055
7276.00000 0.930247
7278.00000 0.930535
7280.00000 0.930824
7282.00000 0.931304
7284.00000 0.931592
7286.00000 0.931784
7288.00000 0.932073
7290.00000 0.932265
7292.00000 0.932073
7294.00000 0.931881
7296.00000 0.931881
7298.00000 0.931496
7300.00000 0.931112
7302.00000 0.931112
7304.00000 0.931016
7306.00000 0.930824
7308.00000 0.930631
7310.00000 0.929959
7312.00000 0.929574
7314.00000 0.928998
7316.00000 0.928325
7318.00000 0.928037
7320.00000 0.92746
7322.00000 0.92698
7324.00000 0.926211
7326.00000 0.925442
7328.00000 0.924674
7330.00000 0.924289
7332.00000 0.923617
7334.00000 0.922944
7336.00000 0.922079
7338.00000 0.921022
7340.00000 0.919869
7342.00000 0.919005
7344.00000 0.918236
7346.00000 0.917563
7348.00000 0.916987
7350.00000 0.916122
7352.00000 0.915353
7354.00000 0.914488
7356.00000 0.913431
7358.00000 0.912566
7360.00000 0.911702
7362.00000 0.910645
7364.00000 0.90978
7366.00000 0.908819
7368.00000 0.907666
7370.00000 0.906705
7372.00000 0.906032
7374.00000 0.905264
7376.00000 0.904303
7378.00000 0.903822
7380.00000 0.902765
7382.00000 0.902093
7384.00000 0.901324
7386.00000 0.900651
7388.00000 0.899787
7390.00000 0.899114
7392.00000 0.898249
7394.00000 0.89748
7396.00000 0.896712
7398.00000 0.896135
7400.00000 0.89527
7402.00000 0.89479
7404.00000 0.894213
7406.00000 0.893733
7408.00000 0.893348
7410.00000 0.89258
7412.00000 0.892099
7414.00000 0.891523
7416.00000 0.890946
7418.00000 0.890274
7420.00000 0.889889
7422.00000 0.889697
7424.00000 0.889505
7426.00000 0.889024
7428.00000 0.888832
7430.00000 0.888352
7432.00000 0.888159
7434.00000 0.887871
7436.00000 0.887775
7438.00000 0.887679
7440.00000 0.887583
7442.00000 0.887487
7444.00000 0.887391
7446.00000 0.887103
7448.00000 0.887103
7450.00000 0.887199
7452.00000 0.887007
7454.00000 0.887295
7456.00000 0.887391
7458.00000 0.887295
7460.00000 0.887391
7462.00000 0.887391
7464.00000 0.887487
7466.00000 0.887679
7468.00000 0.887967
7470.00000 0.888159
7472.00000 0.888352
7474.00000 0.888736
7476.00000 0.889024
7478.00000 0.889217
7480.00000 0.889505
7482.00000 0.890081
7484.00000 0.890466
7486.00000 0.890658
7488.00000 0.891331
7490.00000 0.891811
7492.00000 0.892195
7494.00000 0.89258
7496.00000 0.892868
7498.00000 0.89306
7500.00000 0.893637
7502.00000 0.893925
7504.00000 0.894501
7506.00000 0.89527
7508.00000 0.895559
7510.00000 0.896231
7512.00000 0.896904
7514.00000 0.897576
7516.00000 0.898057
7518.00000 0.89873
7520.00000 0.899114
7522.00000 0.899787
7524.00000 0.900651
7526.00000 0.901324
7528.00000 0.9019
7530.00000 0.902669
7532.00000 0.903246
7534.00000 0.903822
7536.00000 0.904207
7538.00000 0.904687
7540.00000 0.904879
7542.00000 0.905552
7544.00000 0.906129
7546.00000 0.906705
7548.00000 0.907474
7550.00000 0.908338
7552.00000 0.908819
7554.00000 0.909492
7556.00000 0.910549
7558.00000 0.911029
7560.00000 0.911509
7562.00000 0.912374
7564.00000 0.912855
7566.00000 0.913431
7568.00000 0.914008
7570.00000 0.914873
7572.00000 0.91593
7574.00000 0.916602
7576.00000 0.917179
7578.00000 0.917179
7580.00000 0.917755
7582.00000 0.918236
7584.00000 0.918716
7586.00000 0.9191
7588.00000 0.919677
7590.00000 0.92035
7592.00000 0.921022
7594.00000 0.921503
7596.00000 0.921887
7598.00000 0.922272
7600.00000 0.922944
7602.00000 0.923425
7604.00000 0.923905
7606.00000 0.924289
7608.00000 0.92477
7610.00000 0.925442
7612.00000 0.925731
7614.00000 0.926404
7616.00000 0.926884
7618.00000 0.927268
7620.00000 0.928037
7622.00000 0.928325
7624.00000 0.928806
7626.00000 0.929286
7628.00000 0.929767
7630.00000 0.929959
7632.00000 0.930439
7634.00000 0.930535
7636.00000 0.930824
7638.00000 0.931496
7640.00000 0.931784
7642.00000 0.932265
7644.00000 0.932457
7646.00000 0.932841
7648.00000 0.93313
7650.00000 0.933226
7652.00000 0.933322
7654.00000 0.933418
7656.00000 0.933802
7658.00000 0.934091
7660.00000 0.934571
7662.00000 0.935052
7664.00000 0.93534
7666.00000 0.935532
7668.00000 0.93582
7670.00000 0.936012
7672.00000 0.936205
7674.00000 0.936301
7676.00000 0.936589
7678.00000 0.936973
7680.00000 0.937069
7682.00000 0.937358
7684.00000 0.93755
7686.00000 0.93755
7688.00000 0.937838
7690.00000 0.937934
7692.00000 0.938319
7694.00000 0.938415
7696.00000 0.938895
7698.00000 0.938799
7700.00000 0.938991
7702.00000 0.939183
7704.00000 0.939087
7706.00000 0.939087
7708.00000 0.939279
7710.00000 0.939087
7712.00000 0.939472
7714.00000 0.939568
7716.00000 0.939568
7718.00000 0.939376
7720.00000 0.939664
7722.00000 0.939856
7724.00000 0.93976
7726.00000 0.939856
7728.00000 0.93976
7730.00000 0.939952
7732.00000 0.940144
7734.00000 0.94024
7736.00000 0.940337
7738.00000 0.940625
7740.00000 0.940529
7742.00000 0.940337
7744.00000 0.940433
7746.00000 0.940625
7748.00000 0.940721
7750.00000 0.940817
7752.00000 0.940817
7754.00000 0.940625
7756.00000 0.940529
7758.00000 0.940433
7760.00000 0.940433
7762.00000 0.940433
7764.00000 0.940337
7766.00000 0.940337
7768.00000 0.940144
7770.00000 0.94024
7772.00000 0.940625
7774.00000 0.940529
7776.00000 0.940721
7778.00000 0.940817
7780.00000 0.940625
7782.00000 0.940625
7784.00000 0.94024
7786.00000 0.939952
7788.00000 0.939952
7790.00000 0.939856
7792.00000 0.93976
7794.00000 0.93976
7796.00000 0.939952
7798.00000 0.93976
7800.00000 0.939472
7802.00000 0.939472
7804.00000 0.938991
7806.00000 0.939183
7808.00000 0.938991
7810.00000 0.938991
7812.00000 0.938895
7814.00000 0.938799
7816.00000 0.938607
7818.00000 0.938511
7820.00000 0.938511
7822.00000 0.938415
7824.00000 0.938222
7826.00000 0.938126
7828.00000 0.937934
7830.00000 0.93803
7832.00000 0.937646
7834.00000 0.937838
7836.00000 0.937838
7838.00000 0.93755
7840.00000 0.937261
7842.00000 0.936973
7844.00000 0.936493
7846.00000 0.936589
7848.00000 0.936205
7850.00000 0.936109
7852.00000 0.936012
7854.00000 0.935724
7856.00000 0.935724
7858.00000 0.935724
7860.00000 0.936109
7862.00000 0.936012
7864.00000 0.93582
7866.00000 0.935724
7868.00000 0.935436
7870.00000 0.935148
7872.00000 0.934859
7874.00000 0.934667
7876.00000 0.934379
7878.00000 0.934475
7880.00000 0.933706
7882.00000 0.933418
7884.00000 0.933226
7886.00000 0.933034
7888.00000 0.932841
7890.00000 0.932841
7892.00000 0.932937
7894.00000 0.933034
7896.00000 0.932937
7898.00000 0.932745
7900.00000 0.932649
7902.00000 0.932553
7904.00000 0.932457
7906.00000 0.932073
7908.00000 0.931784
7910.00000 0.9314
7912.00000 0.931208
7914.00000 0.930727
7916.00000 0.930727
7918.00000 0.930727
7920.00000 0.930631
7922.00000 0.930247
7924.00000 0.929959
7926.00000 0.929863
7928.00000 0.929574
7930.00000 0.92967
7932.00000 0.929574
7934.00000 0.92919
7936.00000 0.929094
7938.00000 0.92871
7940.00000 0.928517
7942.00000 0.928037
7944.00000 0.928037
7946.00000 0.927653
7948.00000 0.927172
7950.00000 0.927364
7952.00000 0.927172
7954.00000 0.927268
7956.00000 0.927364
7958.00000 0.927364
7960.00000 0.927268
7962.00000 0.927268
7964.00000 0.927268
7966.00000 0.926884
7968.00000 0.926884
7970.00000 0.926692
7972.00000 0.926404
7974.00000 0.926404
7976.00000 0.926115
7978.00000 0.925731
7980.00000 0.925635
7982.00000 0.925346
7984.00000 0.924866
7986.00000 0.924578
7988.00000 0.924578
7990.00000 0.924866
7992.00000 0.924866
7994.00000 0.925058
7996.00000 0.925058
7998.00000 0.924866
8000.00000 0.922464
8002.00000 0.922848
8004.00000 0.923136
8006.00000 0.923136
8008.00000 0.921887
8010.00000 0.921599
8012.00000 0.921407
8014.00000 0.921695
8016.00000 0.922079
8018.00000 0.921983
8020.00000 0.921695
8022.00000 0.921311
8024.00000 0.921022
8026.00000 0.920926
8028.00000 0.921599
8030.00000 0.922176
8032.00000 0.921791
8034.00000 0.92256
8036.00000 0.922272
8038.00000 0.921887
8040.00000 0.921791
8042.00000 0.921887
8044.00000 0.921887
8046.00000 0.922752
8048.00000 0.923136
8050.00000 0.923136
8052.00000 0.923425
8054.00000 0.923905
8056.00000 0.923617
8058.00000 0.923617
8060.00000 0.923328
8062.00000 0.922848
8064.00000 0.923425
8066.00000 0.923617
8068.00000 0.924097
8070.00000 0.924482
8072.00000 0.924962
8074.00000 0.92477
8076.00000 0.924289
8078.00000 0.924482
8080.00000 0.924001
8082.00000 0.923521
8084.00000 0.923713
8086.00000 0.924289
8088.00000 0.92525
8090.00000 0.926307
8092.00000 0.926692
8094.00000 0.926596
8096.00000 0.926211
8098.00000 0.926307
8100.00000 0.926019
8102.00000 0.926019
8104.00000 0.926115
8106.00000 0.9265
8108.00000 0.926884
8110.00000 0.927556
8112.00000 0.927653
8114.00000 0.927653
8116.00000 0.927364
8118.00000 0.927268
8120.00000 0.92746
8122.00000 0.927268
8124.00000 0.927653
8126.00000 0.927941
8128.00000 0.928229
8130.00000 0.928421
8132.00000 0.928902
8134.00000 0.929574
8136.00000 0.930151
8138.00000 0.930247
8140.00000 0.930151
8142.00000 0.930824
8144.00000 0.931016
8146.00000 0.930631
8148.00000 0.93092
8150.00000 0.930824
8152.00000 0.931208
8154.00000 0.931304
8156.00000 0.932073
8158.00000 0.932265
8160.00000 0.933034
8162.00000 0.933322
8164.00000 0.933898
8166.00000 0.934667
8168.00000 0.934571
8170.00000 0.934667
8172.00000 0.934571
8174.00000 0.934283
8176.00000 0.934091
8178.00000 0.934283
8180.00000 0.934379
8182.00000 0.934763
8184.00000 0.935148
8186.00000 0.936301
8188.00000 0.936493
8190.00000 0.936301
8192.00000 0.936493
8194.00000 0.936493
8196.00000 0.935916
8198.00000 0.935052
8200.00000 0.936012
8202.00000 0.936589
8204.00000 0.937358
8206.00000 0.937742
8208.00000 0.93803
8210.00000 0.938319
8212.00000 0.938799
8214.00000 0.938895
8216.00000 0.938991
8218.00000 0.938991
8220.00000 0.938799
8222.00000 0.938799
8224.00000 0.939087
8226.00000 0.939376
8228.00000 0.939376
8230.00000 0.939472
8232.00000 0.940337
8234.00000 0.940337
8236.00000 0.940529
8238.00000 0.941297
8240.00000 0.941201
8242.00000 0.941201
8244.00000 0.940433
8246.00000 0.940913
8248.00000 0.940913
8250.00000 0.941489
8252.00000 0.942258
8254.00000 0.942835
8256.00000 0.943219
8258.00000 0.943027
8260.00000 0.943411
8262.00000 0.943507
8264.00000 0.943315
8266.00000 0.943507
8268.00000 0.943604
8270.00000 0.943604
8272.00000 0.943411
8274.00000 0.943411
8276.00000 0.943027
8278.00000 0.9437
8280.00000 0.943315
8282.00000 0.943411
8284.00000 0.943411
8286.00000 0.943315
8288.00000 0.943315
8290.00000 0.943604
8292.00000 0.943604
8294.00000 0.943988
8296.00000 0.944468
8298.00000 0.945333
8300.00000 0.946102
8302.00000 0.945814
8304.00000 0.94591
8306.00000 0.946198
8308.00000 0.945045
8310.00000 0.944853
8312.00000 0.944661
8314.00000 0.944661
8316.00000 0.945141
8318.00000 0.946198
8320.00000 0.946006
8322.00000 0.946102
8324.00000 0.946582
8326.00000 0.945814
8328.00000 0.945237
8330.00000 0.944949
8332.00000 0.945141
8334.00000 0.945717
8336.00000 0.94639
8338.00000 0.946967
8340.00000 0.947543
8342.00000 0.947639
8344.00000 0.947255
8346.00000 0.946582
8348.00000 0.946102
8350.00000 0.945814
8352.00000 0.94591
8354.00000 0.946198
8356.00000 0.946967
8358.00000 0.947063
8360.00000 0.946967
8362.00000 0.946967
8364.00000 0.946006
8366.00000 0.946198
8368.00000 0.945429
8370.00000 0.944949
8372.00000 0.945333
8374.00000 0.945621
8376.00000 0.946294
8378.00000 0.946678
8380.00000 0.947543
8382.00000 0.94812
8384.00000 0.947639
8386.00000 0.948312
8388.00000 0.947639
8390.00000 0.947063
8392.00000 0.946294
8394.00000 0.946678
8396.00000 0.946486
8398.00000 0.946294
8400.00000 0.947063
8402.00000 0.946006
8404.00000 0.945525
8406.00000 0.945237
8408.00000 0.945333
8410.00000 0.944853
8412.00000 0.945525
8414.00000 0.945525
8416.00000 0.945814
8418.00000 0.945429
8420.00000 0.945141
8422.00000 0.945429
8424.00000 0.945717
8426.00000 0.945717
8428.00000 0.946294
8430.00000 0.946102
8432.00000 0.945717
8434.00000 0.945045
8436.00000 0.944564
8438.00000 0.943507
8440.00000 0.943988
8442.00000 0.944661
8444.00000 0.946006
8446.00000 0.945717
8448.00000 0.945525
8450.00000 0.944757
8452.00000 0.944468
8454.00000 0.943315
8456.00000 0.943219
8458.00000 0.943027
8460.00000 0.943411
8462.00000 0.943604
8464.00000 0.942931
8466.00000 0.942546
8468.00000 0.943027
8470.00000 0.943411
8472.00000 0.942931
8474.00000 0.942739
8476.00000 0.942643
8478.00000 0.94245
8480.00000 0.942546
8482.00000 0.942931
8484.00000 0.942739
8486.00000 0.942354
8488.00000 0.94245
8490.00000 0.942354
8492.00000 0.941586
8494.00000 0.941105
8496.00000 0.940817
8498.00000 0.940433
8500.00000 0.93976
8502.00000 0.939087
8504.00000 0.939472
8506.00000 0.93976
8508.00000 0.93976
8510.00000 0.940048
8512.00000 0.939856
8514.00000 0.939183
8516.00000 0.938319
8518.00000 0.938222
8520.00000 0.938319
8522.00000 0.937838
8524.00000 0.937454
8526.00000 0.936973
8528.00000 0.937358
