threeML/data/optical_filters/HST/WFPC2-f606w.ecsv
# %ECSV 0.9
# ---
# datatype:
# - {name: wavelength, unit: Angstrom, datatype: float32}
# - {name: response, datatype: float32}
# meta: !!omap
# - {band_name: f606w}
# - {group_name: WFPC2}
wavelength response
[from data line 806]
6326.00000 0.904727
6328.00000 0.904235
6330.00000 0.903645
6332.00000 0.903153
6334.00000 0.902661
6336.00000 0.902465
6338.00000 0.902169
6340.00000 0.901973
6342.00000 0.901776
6344.00000 0.901579
6346.00000 0.901382
6348.00000 0.901284
6350.00000 0.901186
6352.00000 0.901186
6354.00000 0.901087
6356.00000 0.901087
6358.00000 0.900989
6360.00000 0.900891
6362.00000 0.900989
6364.00000 0.901087
6366.00000 0.901382
6368.00000 0.901678
6370.00000 0.901874
6372.00000 0.902169
6374.00000 0.902465
6376.00000 0.902858
6378.00000 0.903448
6380.00000 0.90394
6382.00000 0.904432
6384.00000 0.905022
6386.00000 0.90571
6388.00000 0.9063
6390.00000 0.906891
6392.00000 0.907579
6394.00000 0.908268
6396.00000 0.909055
6398.00000 0.909743
6400.00000 0.910628
6402.00000 0.91171
6404.00000 0.912694
6406.00000 0.913481
6408.00000 0.914465
6410.00000 0.915448
6412.00000 0.916235
6414.00000 0.91712
6416.00000 0.917907
6418.00000 0.918792
6420.00000 0.919776
6422.00000 0.920661
6424.00000 0.921547
6426.00000 0.922334
6428.00000 0.92312
6430.00000 0.923907
6432.00000 0.924793
6434.00000 0.925776
6436.00000 0.92676
6438.00000 0.927842
6440.00000 0.928924
6442.00000 0.930006
6444.00000 0.930989
6446.00000 0.931875
6448.00000 0.932956
6450.00000 0.933842
6452.00000 0.934727
6454.00000 0.935711
6456.00000 0.936793
6458.00000 0.937776
6460.00000 0.938563
6462.00000 0.939448
6464.00000 0.940432
6466.00000 0.941415
6468.00000 0.942104
6470.00000 0.942694
6472.00000 0.943383
6474.00000 0.94417
6476.00000 0.944957
6478.00000 0.945743
6480.00000 0.946334
6482.00000 0.946924
6484.00000 0.947317
6486.00000 0.947612
6488.00000 0.947907
6490.00000 0.948104
6492.00000 0.948497
6494.00000 0.948891
6496.00000 0.949186
6498.00000 0.949481
6500.00000 0.949776
6502.00000 0.95017
6504.00000 0.950366
6506.00000 0.950465
6508.00000 0.950465
6510.00000 0.950563
6512.00000 0.950661
6514.00000 0.950661
6516.00000 0.950366
6518.00000 0.949875
6520.00000 0.949088
6522.00000 0.947809
6524.00000 0.946432
6526.00000 0.94535
6528.00000 0.944957
6530.00000 0.945252
6532.00000 0.94594
6534.00000 0.946825
6536.00000 0.947514
6538.00000 0.947809
6540.00000 0.947415
6542.00000 0.946825
6544.00000 0.946039
6546.00000 0.94535
6548.00000 0.944858
6550.00000 0.944268
6552.00000 0.94358
6554.00000 0.942891
6556.00000 0.942104
6558.00000 0.941514
6560.00000 0.940924
6562.00000 0.940137
6564.00000 0.939448
6566.00000 0.938661
6568.00000 0.937875
6570.00000 0.936989
6572.00000 0.936104
6574.00000 0.935219
6576.00000 0.934432
6578.00000 0.933547
6580.00000 0.932563
6582.00000 0.931579
6584.00000 0.930497
6586.00000 0.929514
6588.00000 0.928629
6590.00000 0.927842
6592.00000 0.927055
6594.00000 0.92617
6596.00000 0.925284
6598.00000 0.924399
6600.00000 0.92371
6602.00000 0.923022
6604.00000 0.922235
6606.00000 0.921547
6608.00000 0.920956
6610.00000 0.920465
6612.00000 0.919874
6614.00000 0.919284
6616.00000 0.918891
6618.00000 0.918301
6620.00000 0.917809
6622.00000 0.917219
6624.00000 0.916825
6626.00000 0.916432
6628.00000 0.916038
6630.00000 0.915645
6632.00000 0.915153
6634.00000 0.914858
6636.00000 0.914366
6638.00000 0.913874
6640.00000 0.913382
6642.00000 0.913088
6644.00000 0.912891
6646.00000 0.912596
6648.00000 0.912399
6650.00000 0.912104
6652.00000 0.911809
6654.00000 0.911612
6656.00000 0.911415
6658.00000 0.911415
6660.00000 0.911514
6662.00000 0.911514
6664.00000 0.911514
6666.00000 0.91171
6668.00000 0.91171
6670.00000 0.911907
6672.00000 0.912399
6674.00000 0.912792
6676.00000 0.913186
6678.00000 0.913579
6680.00000 0.914071
6682.00000 0.91476
6684.00000 0.915448
6686.00000 0.916038
6688.00000 0.916727
6690.00000 0.917219
6692.00000 0.917907
6694.00000 0.918694
6696.00000 0.919383
6698.00000 0.920071
6700.00000 0.920661
6702.00000 0.92135
6704.00000 0.922038
6706.00000 0.922727
6708.00000 0.923415
6710.00000 0.924104
6712.00000 0.924793
6714.00000 0.925481
6716.00000 0.92617
6718.00000 0.926858
6720.00000 0.927448
6722.00000 0.92794
6724.00000 0.92853
6726.00000 0.929317
6728.00000 0.930104
6730.00000 0.930694
6732.00000 0.931383
6734.00000 0.931973
6736.00000 0.932465
6738.00000 0.932956
6740.00000 0.93335
6742.00000 0.933547
6744.00000 0.933743
6746.00000 0.934038
6748.00000 0.934334
6750.00000 0.93453
6752.00000 0.934629
6754.00000 0.934629
6756.00000 0.934629
6758.00000 0.934432
6760.00000 0.934235
6762.00000 0.93394
6764.00000 0.933547
6766.00000 0.933153
6768.00000 0.932661
6770.00000 0.931973
6772.00000 0.931088
6774.00000 0.930104
6776.00000 0.92912
6778.00000 0.928038
6780.00000 0.926956
6782.00000 0.925678
6784.00000 0.924301
6786.00000 0.922825
6788.00000 0.921055
6790.00000 0.919186
6792.00000 0.91712
6794.00000 0.915055
6796.00000 0.912891
6798.00000 0.91053
6800.00000 0.907973
6802.00000 0.905219
6804.00000 0.902465
6806.00000 0.899514
6808.00000 0.896268
6810.00000 0.892825
6812.00000 0.889481
6814.00000 0.885645
6816.00000 0.88171
6818.00000 0.877677
6820.00000 0.873645
6822.00000 0.869514
6824.00000 0.865087
6826.00000 0.860661
6828.00000 0.856136
6830.00000 0.851415
6832.00000 0.846399
6834.00000 0.841382
6836.00000 0.836366
6838.00000 0.831546
6840.00000 0.826628
6842.00000 0.822005
6844.00000 0.816693
6846.00000 0.811972
6848.00000 0.806956
6850.00000 0.801743
6852.00000 0.796431
6854.00000 0.790923
6856.00000 0.785611
6858.00000 0.7803
6860.00000 0.77489
6862.00000 0.76948
6864.00000 0.763873
6866.00000 0.757972
6868.00000 0.752169
6870.00000 0.746562
6872.00000 0.740857
6874.00000 0.735152
6876.00000 0.729349
6878.00000 0.723545
6880.00000 0.717644
6882.00000 0.711742
6884.00000 0.70584
6886.00000 0.699939
6888.00000 0.694037
6890.00000 0.688234
6892.00000 0.68243
6894.00000 0.676725
6896.00000 0.671021
6898.00000 0.665315
6900.00000 0.65961
6902.00000 0.653807
6904.00000 0.648397
6906.00000 0.643086
6908.00000 0.637774
6910.00000 0.632364
6912.00000 0.62725
6914.00000 0.622332
6916.00000 0.61761
6918.00000 0.612987
6920.00000 0.608463
6922.00000 0.604036
6924.00000 0.599709
6926.00000 0.595577
6928.00000 0.591545
6930.00000 0.587708
6932.00000 0.584069
6934.00000 0.580627
6936.00000 0.577184
6938.00000 0.573839
6940.00000 0.570495
6942.00000 0.567249
6944.00000 0.5642
6946.00000 0.561151
6948.00000 0.558102
6950.00000 0.555249
6952.00000 0.552397
6954.00000 0.549643
6956.00000 0.547085
6958.00000 0.544528
6960.00000 0.542069
6962.00000 0.539511
6964.00000 0.536954
6966.00000 0.534495
6968.00000 0.532233
6970.00000 0.52997
6972.00000 0.528003
6974.00000 0.526134
6976.00000 0.524364
6978.00000 0.522888
6980.00000 0.52161
6982.00000 0.520429
6984.00000 0.519347
6986.00000 0.51856
6988.00000 0.51797
6990.00000 0.517577
6992.00000 0.517478
6994.00000 0.51738
6996.00000 0.517577
6998.00000 0.51797
7000.00000 0.51856
7002.00000 0.519446
7004.00000 0.520724
7006.00000 0.522102
7008.00000 0.523675
7010.00000 0.525544
7012.00000 0.527511
7014.00000 0.529675
7016.00000 0.531938
7018.00000 0.534594
7020.00000 0.537348
7022.00000 0.540298
7024.00000 0.543446
7026.00000 0.546692
7028.00000 0.550134
7030.00000 0.553675
7032.00000 0.557315
7034.00000 0.561348
7036.00000 0.565479
7038.00000 0.569807
7040.00000 0.574331
7042.00000 0.579151
7044.00000 0.584167
7046.00000 0.589282
7048.00000 0.594889
7050.00000 0.600791
7052.00000 0.606692
7054.00000 0.613282
7056.00000 0.620168
7058.00000 0.62725
7060.00000 0.634725
7062.00000 0.642496
7064.00000 0.650758
7066.00000 0.659512
7068.00000 0.66866
7070.00000 0.678299
7072.00000 0.68843
7074.00000 0.698955
7076.00000 0.709775
7078.00000 0.720693
7080.00000 0.731906
7082.00000 0.743414
7084.00000 0.755218
7086.00000 0.767316
7088.00000 0.779513
7090.00000 0.791611
7092.00000 0.803513
7094.00000 0.815218
7096.00000 0.826726
7098.00000 0.838136
7100.00000 0.848956
7102.00000 0.859284
7104.00000 0.868923
7106.00000 0.878071
7108.00000 0.886333
7110.00000 0.893514
7112.00000 0.899612
7114.00000 0.904432
7116.00000 0.907874
7118.00000 0.909842
7120.00000 0.910432
7122.00000 0.909547
7124.00000 0.906694
7126.00000 0.901874
7128.00000 0.894891
7130.00000 0.885841
7132.00000 0.874825
7134.00000 0.861743
7136.00000 0.84689
7138.00000 0.830366
7140.00000 0.811874
7142.00000 0.79171
7144.00000 0.770365
7146.00000 0.747742
7148.00000 0.723939
7150.00000 0.699152
7152.00000 0.673578
7154.00000 0.647512
7156.00000 0.621151
7158.00000 0.594889
7160.00000 0.568922
7162.00000 0.543151
7164.00000 0.517774
7166.00000 0.492987
7168.00000 0.468986
7170.00000 0.445773
7172.00000 0.423445
7174.00000 0.402199
7176.00000 0.381838
7178.00000 0.362461
7180.00000 0.343674
7182.00000 0.325674
7184.00000 0.308362
7186.00000 0.292035
7188.00000 0.276592
7190.00000 0.261838
7192.00000 0.247969
7194.00000 0.234887
7196.00000 0.222395
7198.00000 0.210591
7200.00000 0.199477
7202.00000 0.188952
7204.00000 0.179116
7206.00000 0.169771
7208.00000 0.161017
7210.00000 0.152657
7212.00000 0.144984
7214.00000 0.137607
7216.00000 0.130722
7218.00000 0.12423
7220.00000 0.118132
7222.00000 0.112427
7224.00000 0.106919
7226.00000 0.101804
7228.00000 0.096906
7230.00000 0.092342
7232.00000 0.087994
7234.00000 0.083853
7236.00000 0.079958
7238.00000 0.07624
7240.00000 0.072846
7242.00000 0.069561
7244.00000 0.066512
7246.00000 0.0636
7248.00000 0.060797
7250.00000 0.058181
7252.00000 0.055682
7254.00000 0.053272
7256.00000 0.05101
7258.00000 0.048836
7260.00000 0.0468
7262.00000 0.044853
7264.00000 0.042994
7266.00000 0.041213
7268.00000 0.039512
7270.00000 0.03783
7272.00000 0.036305
7274.00000 0.03484
7276.00000 0.033472
7278.00000 0.032164
7280.00000 0.030866
7282.00000 0.029695
7284.00000 0.028515
7286.00000 0.027423
7288.00000 0.026351
7290.00000 0.023872
7300.00000 0.020007
7310.00000 0.016898
7320.00000 0.014361
7330.00000 0.012266
7340.00000 0.010525
7350.00000 0.009532
7360.00000 0.008244
7370.00000 0.007155
7380.00000 0.006235
7390.00000 0.005459
7400.00000 0.004801
7410.00000 0.004238
8151.00000 0.0
