threeML/data/optical_filters/IAC80/CAMELOT-R.ecsv
# %ECSV 0.9
# ---
# datatype:
# - {name: wavelength, unit: Angstrom, datatype: float32}
# - {name: response, datatype: float32}
# meta: !!omap
# - {band_name: R}
# - {group_name: CAMELOT}
wavelength response
[from data line 806]
7838.00000 0.06586
7841.00000 0.065363
7844.00000 0.064808
7847.00000 0.064186
7850.00000 0.063597
7853.00000 0.063201
7856.00000 0.062657
7859.00000 0.062195
7862.00000 0.061664
7865.00000 0.061112
7868.00000 0.060651
7871.00000 0.060145
7874.00000 0.059629
7877.00000 0.059139
7880.00000 0.058729
7883.00000 0.058261
7886.00000 0.057744
7889.00000 0.057282
7892.00000 0.056723
7895.00000 0.056308
7898.00000 0.055907
7901.00000 0.055364
7904.00000 0.054843
7907.00000 0.054448
7910.00000 0.053996
7913.00000 0.053581
7916.00000 0.053138
7919.00000 0.052632
7922.00000 0.052228
7925.00000 0.051821
7928.00000 0.051313
7931.00000 0.050927
7934.00000 0.050461
7937.00000 0.050057
7940.00000 0.049641
7943.00000 0.049092
7946.00000 0.048757
7949.00000 0.04848
7952.00000 0.047957
7955.00000 0.047552
7958.00000 0.047211
7961.00000 0.046687
7964.00000 0.046381
7967.00000 0.045938
7970.00000 0.045527
7973.00000 0.045258
7976.00000 0.044882
7979.00000 0.044393
7982.00000 0.044048
7985.00000 0.043603
7988.00000 0.043279
7991.00000 0.042848
7994.00000 0.042543
7997.00000 0.042154
8000.00000 0.04159
8003.00000 0.041303
8006.00000 0.040798
8009.00000 0.04056
8012.00000 0.040294
8015.00000 0.039972
8018.00000 0.0396
8021.00000 0.039298
8024.00000 0.03894
8027.00000 0.038515
8030.00000 0.038382
8033.00000 0.037935
8036.00000 0.037641
8039.00000 0.037329
8042.00000 0.037
8045.00000 0.036636
8048.00000 0.036514
8051.00000 0.036115
8054.00000 0.035894
8057.00000 0.035462
8060.00000 0.035291
8063.00000 0.034935
8066.00000 0.034661
8069.00000 0.034222
8072.00000 0.033905
8075.00000 0.033826
8078.00000 0.033387
8081.00000 0.033157
8084.00000 0.032965
8087.00000 0.032567
8090.00000 0.032274
8093.00000 0.03189
8096.00000 0.031922
8099.00000 0.03146
8102.00000 0.03123
8105.00000 0.030953
8108.00000 0.030623
8111.00000 0.030219
8114.00000 0.030236
8117.00000 0.029863
8120.00000 0.029495
8123.00000 0.029294
8126.00000 0.029092
8129.00000 0.02868
8132.00000 0.028597
8135.00000 0.028236
8138.00000 0.028054
8141.00000 0.02765
8144.00000 0.027412
8147.00000 0.027466
8150.00000 0.026989
8153.00000 0.026758
8156.00000 0.02644
8159.00000 0.026334
8162.00000 0.025876
8165.00000 0.025736
8168.00000 0.025557
8171.00000 0.025384
8174.00000 0.0253
8177.00000 0.024867
8180.00000 0.024667
8183.00000 0.024437
8186.00000 0.024133
8189.00000 0.023926
8192.00000 0.023559
8195.00000 0.023498
8198.00000 0.023214
8201.00000 0.023012
8204.00000 0.022833
8207.00000 0.022558
8210.00000 0.022484
8213.00000 0.022214
8216.00000 0.021982
8219.00000 0.021742
8222.00000 0.02159
8225.00000 0.021367
8228.00000 0.021185
8231.00000 0.020924
8234.00000 0.020748
8237.00000 0.020645
8240.00000 0.020359
8243.00000 0.020123
8246.00000 0.019971
8249.00000 0.019824
8252.00000 0.019525
8255.00000 0.019392
8258.00000 0.019217
8261.00000 0.019065
8264.00000 0.018836
8267.00000 0.018627
8270.00000 0.018439
8273.00000 0.01828
8276.00000 0.018115
8279.00000 0.017833
8282.00000 0.018062
8285.00000 0.017636
8288.00000 0.017396
8291.00000 0.017262
8294.00000 0.017122
8297.00000 0.017022
8300.00000 0.016848
8303.00000 0.016743
8306.00000 0.016389
8309.00000 0.016203
8312.00000 0.016149
8315.00000 0.015985
8318.00000 0.015825
8321.00000 0.015643
8324.00000 0.015507
8327.00000 0.015368
8330.00000 0.015183
8333.00000 0.014962
8336.00000 0.015017
8339.00000 0.014777
8342.00000 0.014636
8345.00000 0.014439
8348.00000 0.014214
8351.00000 0.014402
8354.00000 0.013913
8357.00000 0.014065
8360.00000 0.013713
8363.00000 0.01361
8366.00000 0.013536
8369.00000 0.013349
8372.00000 0.013171
8375.00000 0.013206
8378.00000 0.012983
8381.00000 0.012813
8384.00000 0.012632
8387.00000 0.012549
8390.00000 0.012456
8393.00000 0.012191
8396.00000 0.012305
8399.00000 0.012281
8402.00000 0.011965
8405.00000 0.011835
8408.00000 0.011755
8411.00000 0.011602
8414.00000 0.011557
8417.00000 0.011483
8420.00000 0.011257
8423.00000 0.011155
8426.00000 0.010985
8429.00000 0.010852
8432.00000 0.010858
8435.00000 0.01059
8438.00000 0.010614
8441.00000 0.010524
8444.00000 0.01026
8447.00000 0.010343
8450.00000 0.010244
8453.00000 0.010057
8456.00000 0.009848
8459.00000 0.01007
8462.00000 0.009778
8465.00000 0.009719
8468.00000 0.009556
8471.00000 0.009532
8474.00000 0.009553
8477.00000 0.009265
8480.00000 0.009165
8483.00000 0.009157
8486.00000 0.008961
8489.00000 0.008871
8492.00000 0.008809
8495.00000 0.008843
8498.00000 0.008635
8501.00000 0.008637
8504.00000 0.008363
8507.00000 0.008386
8510.00000 0.008414
8513.00000 0.008254
8516.00000 0.008215
8519.00000 0.0081
8522.00000 0.007938
8525.00000 0.007922
8528.00000 0.007853
8531.00000 0.007754
8534.00000 0.007587
8537.00000 0.007608
8540.00000 0.007541
8543.00000 0.007449
8546.00000 0.00735
8549.00000 0.007302
8552.00000 0.007245
8555.00000 0.007167
8558.00000 0.00702
8561.00000 0.006967
8564.00000 0.006924
8567.00000 0.00686
8570.00000 0.006712
8573.00000 0.006755
8576.00000 0.006637
8579.00000 0.006578
8582.00000 0.006509
8585.00000 0.006487
8588.00000 0.00636
8591.00000 0.006208
8594.00000 0.006255
8597.00000 0.006181
8600.00000 0.006095
8603.00000 0.006046
8606.00000 0.006001
8609.00000 0.005907
8612.00000 0.00585
8615.00000 0.005828
8618.00000 0.005779
8621.00000 0.005603
8624.00000 0.005604
8627.00000 0.005712
8630.00000 0.005437
8633.00000 0.005478
8636.00000 0.005393
8639.00000 0.005337
8642.00000 0.005365
8645.00000 0.005215
8648.00000 0.005103
8651.00000 0.00518
8654.00000 0.005065
8657.00000 0.004993
8660.00000 0.004946
8663.00000 0.004923
8666.00000 0.004874
8669.00000 0.004699
8672.00000 0.004776
8675.00000 0.004707
8678.00000 0.004682
8681.00000 0.004491
8684.00000 0.004582
8687.00000 0.004574
8690.00000 0.004461
8693.00000 0.004382
8696.00000 0.00438
8699.00000 0.004365
8702.00000 0.004312
8705.00000 0.00416
8708.00000 0.004216
8711.00000 0.004081
8714.00000 0.004107
8717.00000 0.004006
8720.00000 0.004016
8723.00000 0.004008
9595.29980 0.0
