threeML/data/optical_filters/IAC80/CAMELOT-U.ecsv
# %ECSV 0.9
# ---
# datatype:
# - {name: wavelength, unit: Angstrom, datatype: float32}
# - {name: response, datatype: float32}
# meta: !!omap
# - {band_name: U}
# - {group_name: CAMELOT}
wavelength response
2847.60010 0.0
3164.00000 0.004526
3167.00000 0.005333
3170.00000 0.006238
3173.00000 0.007112
3176.00000 0.008184
3179.00000 0.009402
3182.00000 0.010664
3185.00000 0.01209
3188.00000 0.01358
3191.00000 0.015283
3194.00000 0.017066
3197.00000 0.019107
3200.00000 0.02119
3203.00000 0.023292
3206.00000 0.025806
3209.00000 0.028385
3212.00000 0.031113
3215.00000 0.033888
3218.00000 0.036986
3221.00000 0.040173
3224.00000 0.043609
3227.00000 0.047031
3230.00000 0.050637
3233.00000 0.054427
3236.00000 0.058711
3239.00000 0.062822
3242.00000 0.066841
3245.00000 0.071325
3248.00000 0.07607
3251.00000 0.081018
3254.00000 0.085914
3257.00000 0.090752
3260.00000 0.095986
3263.00000 0.101447
3266.00000 0.106982
3269.00000 0.112203
3272.00000 0.117801
3275.00000 0.123539
3278.00000 0.12952
3281.00000 0.135156
3284.00000 0.141269
3287.00000 0.147374
3290.00000 0.153726
3293.00000 0.159971
3296.00000 0.165749
3299.00000 0.172275
3302.00000 0.178852
3305.00000 0.185325
3308.00000 0.191594
3311.00000 0.197768
3314.00000 0.204547
3317.00000 0.211157
3320.00000 0.217535
3323.00000 0.223421
3326.00000 0.230329
3329.00000 0.236918
3332.00000 0.243569
3335.00000 0.25024
3338.00000 0.256408
3341.00000 0.262995
3344.00000 0.270098
3347.00000 0.276058
3350.00000 0.282476
3353.00000 0.28914
3356.00000 0.295335
3359.00000 0.301657
3362.00000 0.307611
3365.00000 0.313807
3368.00000 0.319995
3371.00000 0.326801
3374.00000 0.33263
3377.00000 0.338232
3380.00000 0.344269
3383.00000 0.350067
3386.00000 0.356001
3389.00000 0.36187
3392.00000 0.367604
3395.00000 0.373223
3398.00000 0.378705
3401.00000 0.385028
3404.00000 0.389716
3407.00000 0.395222
3410.00000 0.400792
3413.00000 0.406715
3416.00000 0.411476
3419.00000 0.416585
3422.00000 0.420844
3425.00000 0.426885
3428.00000 0.431824
3431.00000 0.43605
3434.00000 0.441652
3437.00000 0.446514
3440.00000 0.451442
3443.00000 0.455499
3446.00000 0.460397
3449.00000 0.4652
3452.00000 0.469168
3455.00000 0.474161
3458.00000 0.477663
3461.00000 0.48201
3464.00000 0.486897
3467.00000 0.490791
3470.00000 0.494597
3473.00000 0.499309
3476.00000 0.503092
3479.00000 0.507246
3482.00000 0.511623
3485.00000 0.514484
3488.00000 0.518825
3491.00000 0.522344
3494.00000 0.525843
3497.00000 0.529329
3500.00000 0.532595
3503.00000 0.536663
3506.00000 0.539819
3509.00000 0.543127
3512.00000 0.546772
3515.00000 0.550318
3518.00000 0.552191
3521.00000 0.55601
3524.00000 0.558384
3527.00000 0.563034
3530.00000 0.564774
3533.00000 0.567363
3536.00000 0.570911
3539.00000 0.572868
3542.00000 0.575633
3545.00000 0.578457
3548.00000 0.580877
3551.00000 0.58305
3554.00000 0.585329
3557.00000 0.587738
3560.00000 0.591062
3563.00000 0.592939
3566.00000 0.595517
3569.00000 0.597478
3572.00000 0.600052
3575.00000 0.602152
3578.00000 0.604131
3581.00000 0.605605
3584.00000 0.607984
3587.00000 0.609435
3590.00000 0.611168
3593.00000 0.613041
3596.00000 0.615371
3599.00000 0.616192
3602.00000 0.618605
3605.00000 0.620041
3608.00000 0.620459
3611.00000 0.623096
3614.00000 0.624184
3617.00000 0.625849
3620.00000 0.627505
3623.00000 0.628179
3626.00000 0.629668
3629.00000 0.631374
3632.00000 0.632008
3635.00000 0.633055
3638.00000 0.634052
3641.00000 0.635443
3644.00000 0.635958
3647.00000 0.637326
3650.00000 0.637793
3653.00000 0.639229
3656.00000 0.640194
3659.00000 0.640319
3662.00000 0.641202
3665.00000 0.642235
3668.00000 0.64267
3671.00000 0.643043
3674.00000 0.643928
3677.00000 0.644024
3680.00000 0.644744
3683.00000 0.645203
3686.00000 0.645196
3689.00000 0.645558
3692.00000 0.645967
3695.00000 0.645761
3698.00000 0.645788
3701.00000 0.645511
3704.00000 0.646115
3707.00000 0.646295
3710.00000 0.645535
3713.00000 0.645517
3716.00000 0.645164
3719.00000 0.643943
3722.00000 0.644437
3725.00000 0.644029
3728.00000 0.643548
3731.00000 0.642533
3734.00000 0.641638
3737.00000 0.64135
3740.00000 0.640365
3743.00000 0.639148
3746.00000 0.638864
3749.00000 0.6369
3752.00000 0.636187
3755.00000 0.634669
3758.00000 0.633294
3761.00000 0.631948
3764.00000 0.630293
3767.00000 0.628635
3770.00000 0.627421
3773.00000 0.625187
3776.00000 0.623054
3779.00000 0.620795
3782.00000 0.619039
3785.00000 0.616478
3788.00000 0.614565
3791.00000 0.611704
3794.00000 0.609085
3797.00000 0.606656
3800.00000 0.603788
3803.00000 0.600844
3806.00000 0.598133
3809.00000 0.594799
3812.00000 0.592011
3815.00000 0.588419
3818.00000 0.584871
3821.00000 0.581194
3824.00000 0.577275
3827.00000 0.573192
3830.00000 0.569307
3833.00000 0.565545
3836.00000 0.561144
3839.00000 0.557111
3842.00000 0.552405
3845.00000 0.547974
3848.00000 0.543141
3851.00000 0.538666
3854.00000 0.533304
3857.00000 0.527711
3860.00000 0.522794
3863.00000 0.517809
3866.00000 0.512135
3869.00000 0.506493
3872.00000 0.500954
3875.00000 0.494888
3878.00000 0.488572
3881.00000 0.482663
3884.00000 0.475912
3887.00000 0.469775
3890.00000 0.463307
3893.00000 0.456673
3896.00000 0.44983
3899.00000 0.44302
3902.00000 0.435934
3905.00000 0.428821
3908.00000 0.421373
3911.00000 0.414166
3914.00000 0.406953
3917.00000 0.399507
3920.00000 0.391994
3923.00000 0.384214
3926.00000 0.376266
3929.00000 0.369125
3932.00000 0.361398
3935.00000 0.353364
3938.00000 0.345065
3941.00000 0.337433
3944.00000 0.329725
3947.00000 0.321753
3950.00000 0.313792
3953.00000 0.305906
3956.00000 0.29856
3959.00000 0.290412
3962.00000 0.282373
3965.00000 0.274483
3968.00000 0.266991
3971.00000 0.259339
3974.00000 0.25162
3977.00000 0.243788
3980.00000 0.23636
3983.00000 0.22913
3986.00000 0.221668
3989.00000 0.214158
3992.00000 0.207177
3995.00000 0.200128
3998.00000 0.193404
4001.00000 0.186295
4004.00000 0.179571
4007.00000 0.172897
4010.00000 0.166749
4013.00000 0.160341
4016.00000 0.154006
4019.00000 0.147912
4022.00000 0.142122
4025.00000 0.136441
4028.00000 0.130732
4031.00000 0.12499
4034.00000 0.119812
4037.00000 0.114832
4040.00000 0.109725
4043.00000 0.104616
4046.00000 0.099764
4049.00000 0.095419
4052.00000 0.091036
4055.00000 0.086695
4058.00000 0.082464
4061.00000 0.078508
4064.00000 0.074713
4067.00000 0.070915
4070.00000 0.067308
4073.00000 0.063749
4076.00000 0.060639
4079.00000 0.057498
4082.00000 0.054351
4085.00000 0.051362
4088.00000 0.048656
4091.00000 0.046045
4094.00000 0.043338
4097.00000 0.040926
4100.00000 0.038541
4103.00000 0.03635
4106.00000 0.034351
4109.00000 0.032244
4112.00000 0.030273
4115.00000 0.028474
4118.00000 0.026794
4121.00000 0.025098
4124.00000 0.023512
4127.00000 0.022028
4130.00000 0.020698
4133.00000 0.019406
4136.00000 0.018109
4139.00000 0.016911
4142.00000 0.015833
4145.00000 0.014816
4148.00000 0.01385
4151.00000 0.012898
4154.00000 0.012025
4157.00000 0.011239
4160.00000 0.010479
4163.00000 0.009777
4166.00000 0.009086
4169.00000 0.008465
4172.00000 0.00793
4175.00000 0.007372
4178.00000 0.00685
4181.00000 0.006347
4184.00000 0.005906
4187.00000 0.005526
4190.00000 0.005122
4193.00000 0.00475
4196.00000 0.004422
4199.00000 0.004119
4618.89990 0.0
