threeML/data/optical_filters/IAC80/CAMELOT-IZ1.ecsv
# %ECSV 0.9
# ---
# datatype:
# - {name: wavelength, unit: Angstrom, datatype: float32}
# - {name: response, datatype: float32}
# meta: !!omap
# - {band_name: IZ1}
# - {group_name: CAMELOT}
wavelength response
6318.00000 0.0
7020.00000 0.005594
7030.00000 0.007697
7040.00000 0.010629
7050.00000 0.014149
7060.00000 0.018722
7070.00000 0.024172
7080.00000 0.030658
7090.00000 0.038512
7100.00000 0.047523
7110.00000 0.05782
7120.00000 0.069441
7130.00000 0.0824
7140.00000 0.096775
7150.00000 0.11241
7160.00000 0.12922
7170.00000 0.147411
7180.00000 0.167233
7190.00000 0.187651
7200.00000 0.209329
7210.00000 0.231591
7220.00000 0.254823
7230.00000 0.277641
7240.00000 0.301209
7250.00000 0.324834
7260.00000 0.34859
7270.00000 0.371668
7280.00000 0.39488
7290.00000 0.417567
7300.00000 0.439329
7310.00000 0.460796
7320.00000 0.481565
7330.00000 0.502292
7340.00000 0.521504
7350.00000 0.540236
7360.00000 0.557905
7370.00000 0.574692
7380.00000 0.589516
7390.00000 0.604902
7400.00000 0.618917
7410.00000 0.63191
7420.00000 0.643641
7430.00000 0.655622
7440.00000 0.665558
7450.00000 0.675311
7460.00000 0.684606
7470.00000 0.692815
7480.00000 0.700376
7490.00000 0.707271
7500.00000 0.714077
7510.00000 0.719997
7520.00000 0.726052
7530.00000 0.73128
7540.00000 0.73639
7550.00000 0.740093
7560.00000 0.745364
7570.00000 0.749179
7580.00000 0.752951
7590.00000 0.755762
7600.00000 0.75936
7610.00000 0.762133
7620.00000 0.764402
7630.00000 0.767448
7640.00000 0.768804
7650.00000 0.770629
7660.00000 0.772609
7670.00000 0.774083
7680.00000 0.77528
7690.00000 0.776835
7700.00000 0.77718
7710.00000 0.778157
7720.00000 0.778366
7730.00000 0.779344
7740.00000 0.779374
7750.00000 0.779807
7760.00000 0.779411
7770.00000 0.778847
7780.00000 0.778597
7790.00000 0.779051
7800.00000 0.778251
7810.00000 0.777385
7820.00000 0.777192
7830.00000 0.776745
7840.00000 0.776565
7850.00000 0.777135
7860.00000 0.777131
7870.00000 0.776525
7880.00000 0.778066
7890.00000 0.778051
7900.00000 0.779674
7910.00000 0.78064
7920.00000 0.783042
7930.00000 0.784019
7940.00000 0.786341
7950.00000 0.787459
7960.00000 0.790936
7970.00000 0.792976
7980.00000 0.795716
7990.00000 0.798942
8000.00000 0.800637
8010.00000 0.802623
8020.00000 0.803837
8030.00000 0.806246
8040.00000 0.807799
8050.00000 0.810289
8060.00000 0.811382
8070.00000 0.813869
8080.00000 0.815342
8090.00000 0.817044
8100.00000 0.818825
8110.00000 0.819322
8120.00000 0.821547
8130.00000 0.823319
8140.00000 0.824705
8150.00000 0.826054
8160.00000 0.82779
8170.00000 0.828845
8180.00000 0.82994
8190.00000 0.830599
8200.00000 0.832079
8210.00000 0.832495
8220.00000 0.833945
8230.00000 0.833628
8240.00000 0.83492
8250.00000 0.834973
8260.00000 0.835647
8270.00000 0.835778
8280.00000 0.836328
8290.00000 0.83632
8300.00000 0.836938
8310.00000 0.836862
8320.00000 0.836683
8330.00000 0.837024
8340.00000 0.836381
8350.00000 0.83628
8360.00000 0.835679
8370.00000 0.836013
8380.00000 0.835231
8390.00000 0.835447
8400.00000 0.834185
8410.00000 0.834387
8420.00000 0.833234
8430.00000 0.83342
8440.00000 0.832677
8450.00000 0.831884
8460.00000 0.831511
8470.00000 0.830794
8480.00000 0.829547
8490.00000 0.829366
8500.00000 0.829356
8510.00000 0.8275
8520.00000 0.82711
8530.00000 0.825857
8540.00000 0.826154
8550.00000 0.824185
8560.00000 0.824369
8570.00000 0.823067
8580.00000 0.822591
8590.00000 0.821306
8600.00000 0.820552
8610.00000 0.820208
8620.00000 0.818481
8630.00000 0.817848
8640.00000 0.816784
8650.00000 0.815843
8660.00000 0.815054
8670.00000 0.813826
8680.00000 0.81273
8690.00000 0.811804
8700.00000 0.810556
8710.00000 0.810076
8720.00000 0.80865
8730.00000 0.80746
8740.00000 0.80666
8750.00000 0.805731
8760.00000 0.803997
8770.00000 0.803275
8780.00000 0.802347
8790.00000 0.800745
8800.00000 0.799642
8810.00000 0.798734
8820.00000 0.79762
8830.00000 0.796259
8840.00000 0.795311
8850.00000 0.793412
8860.00000 0.792626
8870.00000 0.791356
8880.00000 0.790092
8890.00000 0.788788
8900.00000 0.787557
8910.00000 0.786094
8920.00000 0.784938
8930.00000 0.783498
8940.00000 0.782305
8950.00000 0.780916
8960.00000 0.779675
8970.00000 0.778261
8980.00000 0.776716
8990.00000 0.775655
9000.00000 0.774049
9010.00000 0.772822
9020.00000 0.771048
9030.00000 0.769998
9040.00000 0.768731
9050.00000 0.766892
9060.00000 0.765132
9070.00000 0.764164
9080.00000 0.762527
9090.00000 0.761098
9100.00000 0.759496
9110.00000 0.757841
9120.00000 0.756152
9130.00000 0.754706
9140.00000 0.753298
9150.00000 0.75145
9160.00000 0.749871
9170.00000 0.748092
9180.00000 0.746757
9190.00000 0.745153
9200.00000 0.743297
9210.00000 0.741651
9220.00000 0.739986
9230.00000 0.738297
9240.00000 0.736464
9250.00000 0.734898
9260.00000 0.732895
9270.00000 0.731488
9280.00000 0.729295
9290.00000 0.727717
9300.00000 0.726052
9310.00000 0.72404
9320.00000 0.721996
9330.00000 0.720184
9340.00000 0.71836
9350.00000 0.716545
9360.00000 0.714656
9370.00000 0.712467
9380.00000 0.710655
9390.00000 0.708431
9400.00000 0.706543
9410.00000 0.704446
9420.00000 0.702828
9430.00000 0.700357
9440.00000 0.698499
9450.00000 0.696114
9460.00000 0.693994
9470.00000 0.691403
9480.00000 0.690005
9490.00000 0.687154
9500.00000 0.684883
9510.00000 0.68295
9520.00000 0.680402
9530.00000 0.677913
9540.00000 0.675673
9550.00000 0.673611
9560.00000 0.670995
9570.00000 0.668318
9580.00000 0.665981
9590.00000 0.663356
9600.00000 0.66098
9610.00000 0.658881
9620.00000 0.655893
9630.00000 0.653298
9640.00000 0.650576
9650.00000 0.647704
9660.00000 0.645419
9670.00000 0.642457
9680.00000 0.639903
9690.00000 0.6368
9700.00000 0.634576
9710.00000 0.631109
9720.00000 0.628633
9730.00000 0.62557
9740.00000 0.623139
9750.00000 0.619445
9760.00000 0.61722
9770.00000 0.61389
9780.00000 0.610929
9790.00000 0.607954
9800.00000 0.604829
9810.00000 0.601586
9820.00000 0.598619
9830.00000 0.595196
9840.00000 0.591882
9850.00000 0.589006
9860.00000 0.585403
9870.00000 0.582574
9880.00000 0.578761
9890.00000 0.575746
9900.00000 0.571987
9910.00000 0.569005
9920.00000 0.565035
9930.00000 0.562118
9940.00000 0.557988
9950.00000 0.554966
9960.00000 0.551194
9970.00000 0.547609
9980.00000 0.544009
9990.00000 0.540183
10000.00000 0.53651
10010.00000 0.532776
10020.00000 0.529371
10030.00000 0.525169
10040.00000 0.521646
10050.00000 0.517656
10060.00000 0.513675
10070.00000 0.509729
10080.00000 0.506245
10090.00000 0.502028
10100.00000 0.498057
10110.00000 0.494098
10120.00000 0.490302
10130.00000 0.486061
10140.00000 0.482321
10150.00000 0.478172
10160.00000 0.473616
10170.00000 0.46993
10180.00000 0.465441
10190.00000 0.461442
10200.00000 0.457216
10210.00000 0.453218
10220.00000 0.448762
10230.00000 0.444623
10240.00000 0.440191
10250.00000 0.436061
10260.00000 0.431787
10270.00000 0.427465
10280.00000 0.422924
10290.00000 0.418338
10300.00000 0.414335
10310.00000 0.409812
10320.00000 0.405321
10330.00000 0.400861
10340.00000 0.396598
10350.00000 0.39177
10360.00000 0.387965
10370.00000 0.382968
10380.00000 0.378661
10390.00000 0.373748
10400.00000 0.369676
10410.00000 0.36464
10420.00000 0.36029
10430.00000 0.355718
10440.00000 0.351178
10450.00000 0.346539
10460.00000 0.342095
10470.00000 0.337463
10480.00000 0.332694
10490.00000 0.328538
10500.00000 0.323842
10510.00000 0.31924
10520.00000 0.314648
10530.00000 0.310144
10540.00000 0.305418
10550.00000 0.301161
10560.00000 0.29633
10570.00000 0.291872
10580.00000 0.287613
10590.00000 0.283237
10600.00000 0.278389
10610.00000 0.274198
10620.00000 0.269783
10630.00000 0.265213
10640.00000 0.260898
10650.00000 0.256716
10660.00000 0.252055
10670.00000 0.247859
10680.00000 0.243822
10690.00000 0.239186
10700.00000 0.235062
10710.00000 0.230813
10720.00000 0.226686
10730.00000 0.222346
10740.00000 0.218545
10750.00000 0.214403
10760.00000 0.210118
10770.00000 0.206274
10780.00000 0.202368
10790.00000 0.198243
10800.00000 0.194414
10810.00000 0.190654
10820.00000 0.18668
10830.00000 0.182935
10840.00000 0.179089
10850.00000 0.175336
10860.00000 0.171674
10870.00000 0.168125
10880.00000 0.164476
10890.00000 0.160893
10900.00000 0.157482
10910.00000 0.15387
10920.00000 0.150406
10930.00000 0.147221
10940.00000 0.143854
10950.00000 0.140396
10960.00000 0.13744
10970.00000 0.134134
10980.00000 0.13089
10990.00000 0.127906
11000.00000 0.124388
12100.00000 0.0
