threeML/data/optical_filters/IAC80/CAMELOT-I.ecsv
# %ECSV 0.9
# ---
# datatype:
# - {name: wavelength, unit: Angstrom, datatype: float32}
# - {name: response, datatype: float32}
# meta: !!omap
# - {band_name: I}
# - {group_name: CAMELOT}
wavelength response
[from data line 805]
9398.00000 0.754058
9401.00000 0.753162
9404.00000 0.752793
9407.00000 0.752143
9410.00000 0.751171
9413.00000 0.750714
9416.00000 0.749943
9419.00000 0.749622
9422.00000 0.748554
9425.00000 0.748208
9428.00000 0.747449
9431.00000 0.74682
9434.00000 0.745851
9437.00000 0.74531
9440.00000 0.744597
9443.00000 0.743875
9446.00000 0.743311
9449.00000 0.742579
9452.00000 0.74207
9455.00000 0.740976
9458.00000 0.740556
9461.00000 0.739827
9464.00000 0.739487
9467.00000 0.738494
9470.00000 0.737586
9473.00000 0.736824
9476.00000 0.736243
9479.00000 0.735457
9482.00000 0.734788
9485.00000 0.734156
9488.00000 0.733074
9491.00000 0.732524
9494.00000 0.731944
9497.00000 0.731362
9500.00000 0.730315
9503.00000 0.729804
9506.00000 0.728719
9509.00000 0.728001
9512.00000 0.727438
9515.00000 0.726674
9518.00000 0.7259
9521.00000 0.72505
9524.00000 0.724287
9527.00000 0.72364
9530.00000 0.723172
9533.00000 0.722076
9536.00000 0.721496
9539.00000 0.720514
9542.00000 0.719832
9545.00000 0.719089
9548.00000 0.718192
9551.00000 0.71729
9554.00000 0.716473
9557.00000 0.715687
9560.00000 0.715078
9563.00000 0.714227
9566.00000 0.713486
9569.00000 0.71272
9572.00000 0.71165
9575.00000 0.711201
9578.00000 0.710225
9581.00000 0.709423
9584.00000 0.70861
9587.00000 0.707884
9590.00000 0.706493
9593.00000 0.706255
9596.00000 0.705291
9599.00000 0.704323
9602.00000 0.703521
9605.00000 0.702795
9608.00000 0.701951
9611.00000 0.701051
9614.00000 0.700304
9617.00000 0.699326
9620.00000 0.698758
9623.00000 0.697741
9626.00000 0.696838
9629.00000 0.695823
9632.00000 0.695122
9635.00000 0.694124
9638.00000 0.693404
9641.00000 0.692597
9644.00000 0.691374
9647.00000 0.690805
9650.00000 0.689831
9653.00000 0.689196
9656.00000 0.688138
9659.00000 0.68724
9662.00000 0.686184
9665.00000 0.685408
9668.00000 0.684421
9671.00000 0.683672
9674.00000 0.682608
9677.00000 0.681573
9680.00000 0.680796
9683.00000 0.67987
9686.00000 0.679001
9689.00000 0.678004
9692.00000 0.677163
9695.00000 0.676273
9698.00000 0.675465
9701.00000 0.674447
9704.00000 0.673432
9707.00000 0.672572
9710.00000 0.67169
9713.00000 0.670743
9716.00000 0.669577
9719.00000 0.668833
9722.00000 0.667715
9725.00000 0.66683
9728.00000 0.66564
9731.00000 0.664793
9734.00000 0.66402
9737.00000 0.663089
9740.00000 0.662139
9743.00000 0.660934
9746.00000 0.659828
9749.00000 0.659003
9752.00000 0.657863
9755.00000 0.656963
9758.00000 0.656074
9761.00000 0.654993
9764.00000 0.654183
9767.00000 0.652997
9770.00000 0.652401
9773.00000 0.650968
9776.00000 0.650014
9779.00000 0.64888
9782.00000 0.648069
9785.00000 0.647096
9788.00000 0.646095
9791.00000 0.645015
9794.00000 0.643929
9797.00000 0.642748
9800.00000 0.64178
9803.00000 0.64082
9806.00000 0.639712
9809.00000 0.638899
9812.00000 0.637659
9815.00000 0.636473
9818.00000 0.63546
9821.00000 0.634402
9824.00000 0.633408
9827.00000 0.632512
9830.00000 0.631326
9833.00000 0.630201
9836.00000 0.629024
9839.00000 0.62802
9842.00000 0.627112
9845.00000 0.625683
9848.00000 0.624919
9851.00000 0.623509
9854.00000 0.622526
9857.00000 0.62149
9860.00000 0.620507
9863.00000 0.619244
9866.00000 0.617977
9869.00000 0.617182
9872.00000 0.615975
9875.00000 0.614894
9878.00000 0.613654
9881.00000 0.612468
9884.00000 0.611181
9887.00000 0.610273
9890.00000 0.608932
9893.00000 0.607865
9896.00000 0.606778
9899.00000 0.605714
9902.00000 0.604321
9905.00000 0.603395
9908.00000 0.602324
9911.00000 0.60107
9914.00000 0.600022
9917.00000 0.598536
9920.00000 0.597589
9923.00000 0.596304
9926.00000 0.595463
9929.00000 0.593823
9932.00000 0.592836
9935.00000 0.59152
9938.00000 0.590421
9941.00000 0.589378
9944.00000 0.588055
9947.00000 0.586902
9950.00000 0.58543
9953.00000 0.58416
9956.00000 0.583246
9959.00000 0.582045
9962.00000 0.580679
9965.00000 0.579522
9968.00000 0.578442
9971.00000 0.577096
9974.00000 0.575921
9977.00000 0.574803
9980.00000 0.573284
9983.00000 0.572271
9986.00000 0.571096
9989.00000 0.569508
9992.00000 0.568475
9995.00000 0.56712
9998.00000 0.56587
10001.00000 0.564591
10004.00000 0.563402
10007.00000 0.562207
10010.00000 0.560889
10013.00000 0.559511
10016.00000 0.558361
10019.00000 0.557157
10022.00000 0.555702
10025.00000 0.55457
10028.00000 0.553119
10031.00000 0.551728
10034.00000 0.550544
10037.00000 0.549318
10040.00000 0.547884
10043.00000 0.546664
10046.00000 0.545336
10049.00000 0.544071
10052.00000 0.542864
10055.00000 0.541458
10058.00000 0.540174
10061.00000 0.538836
10064.00000 0.537498
10067.00000 0.536136
10070.00000 0.534943
10073.00000 0.5333
10076.00000 0.532187
10079.00000 0.530927
10082.00000 0.529475
10085.00000 0.528325
10088.00000 0.526781
10091.00000 0.525433
10094.00000 0.52412
10097.00000 0.522767
10100.00000 0.521297
10103.00000 0.520046
10106.00000 0.518687
10109.00000 0.517359
10112.00000 0.515628
10115.00000 0.514468
10118.00000 0.513158
10121.00000 0.511857
10124.00000 0.51041
10127.00000 0.509048
10130.00000 0.50769
10133.00000 0.506347
10136.00000 0.504893
10139.00000 0.503414
10142.00000 0.50224
10145.00000 0.500861
10148.00000 0.499188
10151.00000 0.497752
10154.00000 0.496594
10157.00000 0.494953
10160.00000 0.493658
10163.00000 0.492198
10166.00000 0.490897
10169.00000 0.489444
10172.00000 0.487905
10175.00000 0.486534
10178.00000 0.484959
10181.00000 0.483729
10184.00000 0.482393
10187.00000 0.480701
10190.00000 0.479369
10193.00000 0.478112
10196.00000 0.476272
10199.00000 0.474958
10202.00000 0.473722
10205.00000 0.472243
10208.00000 0.470693
10211.00000 0.469314
10214.00000 0.467876
10217.00000 0.466282
10220.00000 0.464971
10223.00000 0.463567
10226.00000 0.461902
10229.00000 0.460573
10232.00000 0.459116
10235.00000 0.457682
10238.00000 0.456172
10241.00000 0.454868
10244.00000 0.453211
10247.00000 0.451669
10250.00000 0.450391
10253.00000 0.448892
10256.00000 0.447276
10259.00000 0.445839
10262.00000 0.444348
10265.00000 0.442724
10268.00000 0.441157
10271.00000 0.439809
10274.00000 0.43835
10277.00000 0.436875
10280.00000 0.435304
10283.00000 0.433875
10286.00000 0.432289
10289.00000 0.430865
10292.00000 0.42945
10295.00000 0.428075
10298.00000 0.426564
10301.00000 0.425021
10304.00000 0.423523
10307.00000 0.421867
10310.00000 0.420639
10313.00000 0.418889
10316.00000 0.417264
10319.00000 0.415864
10322.00000 0.414442
10325.00000 0.41282
10328.00000 0.41131
10331.00000 0.410004
10334.00000 0.408189
10337.00000 0.40666
10340.00000 0.405349
10343.00000 0.403551
10346.00000 0.402037
10349.00000 0.400445
10352.00000 0.398819
10355.00000 0.397208
10358.00000 0.395872
10361.00000 0.394254
10364.00000 0.392749
10367.00000 0.391194
10370.00000 0.389562
10373.00000 0.388002
10376.00000 0.386555
10379.00000 0.385003
10382.00000 0.383337
10385.00000 0.381717
10388.00000 0.380211
10391.00000 0.378733
10394.00000 0.377027
10397.00000 0.375638
10400.00000 0.374094
10403.00000 0.37238
10406.00000 0.370939
10409.00000 0.3695
10412.00000 0.367838
10415.00000 0.366101
10418.00000 0.364726
10421.00000 0.362902
10424.00000 0.361443
10427.00000 0.359939
10430.00000 0.358375
10433.00000 0.35678
10436.00000 0.355104
10439.00000 0.353552
10442.00000 0.351961
10445.00000 0.350359
10448.00000 0.349063
10451.00000 0.347475
10454.00000 0.345684
10457.00000 0.344188
10460.00000 0.342604
10463.00000 0.340895
10466.00000 0.339369
10469.00000 0.337887
10472.00000 0.336255
10475.00000 0.334649
10478.00000 0.333248
10481.00000 0.331744
10484.00000 0.330229
10487.00000 0.32866
10490.00000 0.326907
10493.00000 0.325234
10496.00000 0.323824
10499.00000 0.322408
10502.00000 0.320782
10505.00000 0.319007
10508.00000 0.317528
10511.00000 0.315982
10514.00000 0.314382
10517.00000 0.312949
10520.00000 0.311338
10523.00000 0.309752
10526.00000 0.308254
10529.00000 0.306781
10532.00000 0.304997
10535.00000 0.303523
10538.00000 0.30212
10541.00000 0.300388
10544.00000 0.298864
10547.00000 0.297437
10550.00000 0.295667
10553.00000 0.294243
10556.00000 0.292743
10559.00000 0.291119
10562.00000 0.289562
10565.00000 0.28819
10568.00000 0.286626
10571.00000 0.284984
10574.00000 0.283557
10577.00000 0.282002
10580.00000 0.280436
10583.00000 0.278838
10586.00000 0.277473
10589.00000 0.275948
10592.00000 0.27434
10595.00000 0.27295
10598.00000 0.271373
10601.00000 0.269824
10604.00000 0.268373
10607.00000 0.267024
10610.00000 0.265101
10613.00000 0.263816
10616.00000 0.262319
10619.00000 0.260843
10622.00000 0.259354
10625.00000 0.257986
10628.00000 0.256337
10631.00000 0.254925
10634.00000 0.253683
10637.00000 0.252036
10640.00000 0.250649
10643.00000 0.249057
10646.00000 0.247736
10649.00000 0.246121
10652.00000 0.244674
10655.00000 0.243362
10658.00000 0.241793
10661.00000 0.240328
10664.00000 0.23897
10667.00000 0.237476
10670.00000 0.236052
10673.00000 0.234692
10676.00000 0.233244
10679.00000 0.231681
10682.00000 0.230199
10685.00000 0.229096
10688.00000 0.227618
10691.00000 0.226197
10694.00000 0.224701
10697.00000 0.223231
10700.00000 0.221846
10703.00000 0.220572
10706.00000 0.218981
10709.00000 0.217604
10712.00000 0.216276
10715.00000 0.214932
10718.00000 0.21364
10721.00000 0.212123
10724.00000 0.210859
10727.00000 0.209452
10730.00000 0.208123
10733.00000 0.206594
10736.00000 0.205347
10739.00000 0.203855
10742.00000 0.202592
10745.00000 0.201308
10748.00000 0.199935
10751.00000 0.198724
10754.00000 0.197383
10757.00000 0.195937
10760.00000 0.194541
10763.00000 0.193335
10766.00000 0.191899
10769.00000 0.190573
10772.00000 0.18963
10775.00000 0.188022
10778.00000 0.186829
10781.00000 0.18556
10784.00000 0.184313
10787.00000 0.182762
10790.00000 0.1817
10793.00000 0.180447
10796.00000 0.179151
10799.00000 0.177764
10802.00000 0.176623
10805.00000 0.175415
10808.00000 0.174118
10811.00000 0.172751
10814.00000 0.171532
10817.00000 0.170279
10820.00000 0.169219
10823.00000 0.168011
10826.00000 0.166763
10829.00000 0.165455
10832.00000 0.164323
10835.00000 0.162987
10838.00000 0.161702
10841.00000 0.160761
10844.00000 0.15937
10847.00000 0.158233
10850.00000 0.157142
10853.00000 0.155812
10856.00000 0.154785
10859.00000 0.153436
10862.00000 0.152424
10865.00000 0.151296
10868.00000 0.150097
10871.00000 0.148952
10874.00000 0.147786
10877.00000 0.146643
10880.00000 0.145709
10883.00000 0.144337
10886.00000 0.143333
10889.00000 0.142184
10892.00000 0.141121
10895.00000 0.139911
10898.00000 0.138884
10901.00000 0.137781
10904.00000 0.136614
10907.00000 0.135588
10910.00000 0.134696
10913.00000 0.133431
10916.00000 0.132349
10919.00000 0.131314
10922.00000 0.130209
10925.00000 0.129124
10928.00000 0.128052
10931.00000 0.127105
10934.00000 0.126171
10937.00000 0.124974
10940.00000 0.124019
10943.00000 0.122942
10946.00000 0.121934
10949.00000 0.121121
10952.00000 0.120007
10955.00000 0.11886
10958.00000 0.117966
10961.00000 0.116996
10964.00000 0.116104
10967.00000 0.11503
10970.00000 0.11411
10973.00000 0.113002
10976.00000 0.112001
10979.00000 0.111147
10982.00000 0.110125
10985.00000 0.10922
10988.00000 0.108321
10991.00000 0.107308
10994.00000 0.10636
10997.00000 0.105523
11000.00000 0.10423
12100.00000 0.0
