threeML/data/optical_filters/IAC80/CAMELOT-sdss_r.ecsv
# %ECSV 0.9
# ---
# datatype:
# - {name: wavelength, unit: Angstrom, datatype: float32}
# - {name: response, datatype: float32}
# meta: !!omap
# - {band_name: sdss_r}
# - {group_name: CAMELOT}
wavelength response
4780.79980 0.0
5312.00000 0.004161
5315.00000 0.004829
5318.00000 0.00565
5321.00000 0.006599
5324.00000 0.007682
5327.00000 0.008839
5330.00000 0.010109
5333.00000 0.011535
5336.00000 0.01315
5339.00000 0.01493
5342.00000 0.016758
5345.00000 0.018788
5348.00000 0.021007
5351.00000 0.023489
5354.00000 0.025981
5357.00000 0.02861
5360.00000 0.031568
5363.00000 0.034744
5366.00000 0.0382
5369.00000 0.041723
5372.00000 0.045478
5375.00000 0.04978
5378.00000 0.054327
5381.00000 0.05905
5384.00000 0.06376
5387.00000 0.069145
5390.00000 0.074838
5393.00000 0.080851
5396.00000 0.086919
5399.00000 0.093498
5402.00000 0.100588
5405.00000 0.108392
5408.00000 0.116369
5411.00000 0.124249
5414.00000 0.133143
5417.00000 0.142465
5420.00000 0.152101
5423.00000 0.161357
5426.00000 0.171247
5429.00000 0.181804
5432.00000 0.192722
5435.00000 0.203775
5438.00000 0.214808
5441.00000 0.22659
5444.00000 0.239049
5447.00000 0.2518
5450.00000 0.263555
5453.00000 0.275637
5456.00000 0.288075
5459.00000 0.30045
5462.00000 0.311623
5465.00000 0.322281
5468.00000 0.333132
5471.00000 0.343407
5474.00000 0.353435
5477.00000 0.362647
5480.00000 0.371591
5483.00000 0.380929
5486.00000 0.390485
5489.00000 0.399528
5492.00000 0.408304
5495.00000 0.417434
5498.00000 0.426953
5501.00000 0.435845
5504.00000 0.444215
5507.00000 0.452197
5510.00000 0.460121
5513.00000 0.467639
5516.00000 0.474836
5519.00000 0.481503
5522.00000 0.488517
5525.00000 0.496116
5528.00000 0.504304
5531.00000 0.51235
5534.00000 0.521492
5537.00000 0.532028
5540.00000 0.542639
5543.00000 0.553349
5546.00000 0.564408
5549.00000 0.576118
5552.00000 0.588049
5555.00000 0.599625
5558.00000 0.610579
5561.00000 0.622135
5564.00000 0.633943
5567.00000 0.645386
5570.00000 0.657014
5573.00000 0.668271
5576.00000 0.680311
5579.00000 0.692374
5582.00000 0.704217
5585.00000 0.715605
5588.00000 0.725931
5591.00000 0.736981
5594.00000 0.747718
5597.00000 0.757084
5600.00000 0.765025
5603.00000 0.773254
5606.00000 0.779917
5609.00000 0.785741
5612.00000 0.790262
5615.00000 0.793983
5618.00000 0.796747
5621.00000 0.798957
5624.00000 0.800397
5627.00000 0.800418
5630.00000 0.799391
5633.00000 0.798295
5636.00000 0.795698
5639.00000 0.792784
5642.00000 0.789014
5645.00000 0.784824
5648.00000 0.780396
5651.00000 0.776868
5654.00000 0.773183
5657.00000 0.76985
5660.00000 0.767285
5663.00000 0.76463
5666.00000 0.762495
5669.00000 0.760786
5672.00000 0.758532
5675.00000 0.756412
5678.00000 0.754672
5681.00000 0.753211
5684.00000 0.751452
5687.00000 0.750679
5690.00000 0.750855
5693.00000 0.751213
5696.00000 0.752994
5699.00000 0.754863
5702.00000 0.757999
5705.00000 0.761468
5708.00000 0.765479
5711.00000 0.769231
5714.00000 0.773933
5717.00000 0.778692
5720.00000 0.783236
5723.00000 0.788199
5726.00000 0.793909
5729.00000 0.799987
5732.00000 0.806895
5735.00000 0.813644
5738.00000 0.820791
5741.00000 0.828416
5744.00000 0.835725
5747.00000 0.84254
5750.00000 0.848894
5753.00000 0.854806
5756.00000 0.860833
5759.00000 0.865895
5762.00000 0.870465
5765.00000 0.875282
5768.00000 0.880348
5771.00000 0.885081
5774.00000 0.889562
5777.00000 0.893568
5780.00000 0.898033
5783.00000 0.901347
5786.00000 0.904754
5789.00000 0.907037
5792.00000 0.909328
5795.00000 0.911122
5798.00000 0.912792
5801.00000 0.913768
5804.00000 0.914118
5807.00000 0.91466
5810.00000 0.915296
5813.00000 0.91571
5816.00000 0.915319
5819.00000 0.915581
5822.00000 0.915036
5825.00000 0.914949
5828.00000 0.914788
5831.00000 0.914503
5834.00000 0.914312
5837.00000 0.914582
5840.00000 0.914904
5843.00000 0.915995
5846.00000 0.917052
5849.00000 0.918299
5852.00000 0.919794
5855.00000 0.92057
5858.00000 0.921963
5861.00000 0.923664
5864.00000 0.92479
5867.00000 0.925588
5870.00000 0.926658
5873.00000 0.927084
5876.00000 0.92868
5879.00000 0.929359
5882.00000 0.930732
5885.00000 0.931999
5888.00000 0.933489
5891.00000 0.934839
5894.00000 0.93556
5897.00000 0.936764
5900.00000 0.936964
5903.00000 0.937889
5906.00000 0.937497
5909.00000 0.937671
5912.00000 0.937187
5915.00000 0.936997
5918.00000 0.935803
5921.00000 0.934637
5924.00000 0.933429
5927.00000 0.93239
5930.00000 0.931132
5933.00000 0.929665
5936.00000 0.928862
5939.00000 0.927677
5942.00000 0.926752
5945.00000 0.925061
5948.00000 0.923844
5951.00000 0.922318
5954.00000 0.920795
5957.00000 0.918645
5960.00000 0.91689
5963.00000 0.914856
5966.00000 0.912713
5969.00000 0.910961
5972.00000 0.909443
5975.00000 0.908432
5978.00000 0.9081
5981.00000 0.908491
5984.00000 0.909068
5987.00000 0.909954
5990.00000 0.911027
5993.00000 0.912992
5996.00000 0.914302
5999.00000 0.91642
6002.00000 0.917691
6005.00000 0.919128
6008.00000 0.919916
6011.00000 0.921457
6014.00000 0.922815
6017.00000 0.924018
6020.00000 0.92558
6023.00000 0.927527
6026.00000 0.929542
6029.00000 0.932153
6032.00000 0.934587
6035.00000 0.937278
6038.00000 0.940335
6041.00000 0.942493
6044.00000 0.944799
6047.00000 0.946636
6050.00000 0.948294
6053.00000 0.949265
6056.00000 0.950086
6059.00000 0.950545
6062.00000 0.950533
6065.00000 0.949913
6068.00000 0.948613
6071.00000 0.947712
6074.00000 0.946229
6077.00000 0.943561
6080.00000 0.941075
6083.00000 0.938459
6086.00000 0.936113
6089.00000 0.933825
6092.00000 0.930944
6095.00000 0.928105
6098.00000 0.924631
6101.00000 0.921478
6104.00000 0.917923
6107.00000 0.91383
6110.00000 0.909306
6113.00000 0.904435
6116.00000 0.899329
6119.00000 0.893873
6122.00000 0.888429
6125.00000 0.88365
6128.00000 0.879181
6131.00000 0.874885
6134.00000 0.871839
6137.00000 0.869173
6140.00000 0.867708
6143.00000 0.866529
6146.00000 0.865572
6149.00000 0.865099
6152.00000 0.864462
6155.00000 0.863989
6158.00000 0.863026
6161.00000 0.862099
6164.00000 0.86062
6167.00000 0.859127
6170.00000 0.857525
6173.00000 0.85655
6176.00000 0.856357
6179.00000 0.856859
6182.00000 0.858294
6185.00000 0.861212
6188.00000 0.864402
6191.00000 0.868107
6194.00000 0.872787
6197.00000 0.877227
6200.00000 0.882195
6203.00000 0.887136
6206.00000 0.891331
6209.00000 0.895609
6212.00000 0.899595
6215.00000 0.902865
6218.00000 0.906184
6221.00000 0.908951
6224.00000 0.912192
6227.00000 0.915518
6230.00000 0.918576
6233.00000 0.921554
6236.00000 0.925082
6239.00000 0.928699
6242.00000 0.932588
6245.00000 0.9361
6248.00000 0.938995
6251.00000 0.942003
6254.00000 0.944123
6257.00000 0.946145
6260.00000 0.947417
6263.00000 0.948267
6266.00000 0.948554
6269.00000 0.948287
6272.00000 0.947342
6275.00000 0.946531
6278.00000 0.944956
6281.00000 0.942712
6284.00000 0.94084
6287.00000 0.938796
6290.00000 0.936408
6293.00000 0.933657
6296.00000 0.931208
6299.00000 0.928548
6302.00000 0.92653
6305.00000 0.923953
6308.00000 0.921427
6311.00000 0.918337
6314.00000 0.91498
6317.00000 0.911933
6320.00000 0.908162
6323.00000 0.903644
6326.00000 0.899325
6329.00000 0.895193
6332.00000 0.890551
6335.00000 0.88643
6338.00000 0.882944
6341.00000 0.880058
6344.00000 0.877404
6347.00000 0.87563
6350.00000 0.874819
6353.00000 0.874438
6356.00000 0.874431
6359.00000 0.874825
6362.00000 0.875418
6365.00000 0.875312
6368.00000 0.876111
6371.00000 0.876323
6374.00000 0.876152
6377.00000 0.875116
6380.00000 0.874846
6383.00000 0.874275
6386.00000 0.873834
6389.00000 0.873471
6392.00000 0.874043
6395.00000 0.874893
6398.00000 0.87707
6401.00000 0.879094
6404.00000 0.881985
6407.00000 0.885416
6410.00000 0.889056
6413.00000 0.893507
6416.00000 0.897435
6419.00000 0.901337
6422.00000 0.904835
6425.00000 0.908278
6428.00000 0.911412
6431.00000 0.914669
6434.00000 0.917258
6437.00000 0.919505
6440.00000 0.922459
6443.00000 0.924791
6446.00000 0.926584
6449.00000 0.928997
6452.00000 0.931537
6455.00000 0.93386
6458.00000 0.936554
6461.00000 0.938882
6464.00000 0.940921
6467.00000 0.943198
6470.00000 0.945331
6473.00000 0.946733
6476.00000 0.948607
6479.00000 0.94904
6482.00000 0.950482
6485.00000 0.951064
6488.00000 0.951259
6491.00000 0.951405
6494.00000 0.951082
6497.00000 0.950256
6500.00000 0.949568
6503.00000 0.948278
6506.00000 0.946489
6509.00000 0.944886
6512.00000 0.942439
6515.00000 0.940202
6518.00000 0.937917
6521.00000 0.935677
6524.00000 0.93312
6527.00000 0.930605
6530.00000 0.928729
6533.00000 0.927086
6536.00000 0.924869
6539.00000 0.92274
6542.00000 0.921144
6545.00000 0.919036
6548.00000 0.916187
6551.00000 0.912864
6554.00000 0.909891
6557.00000 0.906358
6560.00000 0.902743
6563.00000 0.8988
6566.00000 0.895084
6569.00000 0.891929
6572.00000 0.88954
6575.00000 0.887058
6578.00000 0.885422
6581.00000 0.884428
6584.00000 0.88426
6587.00000 0.884394
6590.00000 0.88442
6593.00000 0.885357
6596.00000 0.885203
6599.00000 0.885525
6602.00000 0.885411
6605.00000 0.885054
6608.00000 0.884301
6611.00000 0.883109
6614.00000 0.882513
6617.00000 0.880963
6620.00000 0.880454
6623.00000 0.879844
6626.00000 0.880569
6629.00000 0.881525
6632.00000 0.883421
6635.00000 0.885827
6638.00000 0.888624
6641.00000 0.891609
6644.00000 0.895176
6647.00000 0.898343
6650.00000 0.901327
6653.00000 0.904083
6656.00000 0.906527
6659.00000 0.908612
6662.00000 0.910209
6665.00000 0.912115
6668.00000 0.913309
6671.00000 0.915004
6674.00000 0.916962
6677.00000 0.918817
6680.00000 0.920956
6683.00000 0.923739
6686.00000 0.926449
6689.00000 0.929544
6692.00000 0.932007
6695.00000 0.934878
6698.00000 0.936992
6701.00000 0.939019
6704.00000 0.940447
6707.00000 0.941613
6710.00000 0.942404
6713.00000 0.942814
6716.00000 0.943536
6719.00000 0.943417
6722.00000 0.944659
6725.00000 0.944806
6728.00000 0.945467
6731.00000 0.94583
6734.00000 0.945642
6737.00000 0.945495
6740.00000 0.945327
6743.00000 0.944498
6746.00000 0.943397
6749.00000 0.941565
6752.00000 0.939327
6755.00000 0.937456
6758.00000 0.935359
6761.00000 0.933366
6764.00000 0.931342
6767.00000 0.930198
6770.00000 0.92836
6773.00000 0.927428
6776.00000 0.926422
6779.00000 0.925191
6782.00000 0.923478
6785.00000 0.921817
6788.00000 0.920122
6791.00000 0.918469
6794.00000 0.916212
6797.00000 0.913468
6800.00000 0.911235
6803.00000 0.909633
6806.00000 0.9077
6809.00000 0.905989
6812.00000 0.904407
6815.00000 0.903914
6818.00000 0.903167
6821.00000 0.902974
6824.00000 0.902549
6827.00000 0.90248
6830.00000 0.902275
6833.00000 0.901809
6836.00000 0.901328
6839.00000 0.900883
6842.00000 0.90015
6845.00000 0.899289
6848.00000 0.898732
6851.00000 0.898113
6854.00000 0.897414
6857.00000 0.896901
6860.00000 0.89665
6863.00000 0.894832
6866.00000 0.893251
6869.00000 0.890768
6872.00000 0.888067
6875.00000 0.883861
6878.00000 0.880456
6881.00000 0.87662
6884.00000 0.873137
6887.00000 0.869266
6890.00000 0.867176
6893.00000 0.865486
6896.00000 0.864376
6899.00000 0.863056
6902.00000 0.862474
6905.00000 0.860736
6908.00000 0.857896
6911.00000 0.852309
6914.00000 0.843605
6917.00000 0.830774
6920.00000 0.814711
6923.00000 0.794713
6926.00000 0.76886
6929.00000 0.736945
6932.00000 0.701011
6935.00000 0.661812
6938.00000 0.61585
6941.00000 0.563882
6944.00000 0.507214
6947.00000 0.450818
6950.00000 0.395992
6953.00000 0.340438
6956.00000 0.287719
6959.00000 0.241053
6962.00000 0.202736
6965.00000 0.168414
6968.00000 0.13921
6971.00000 0.114322
6974.00000 0.09506
6977.00000 0.079267
6980.00000 0.065302
6983.00000 0.053811
6986.00000 0.044543
6989.00000 0.037093
6992.00000 0.030836
6995.00000 0.025558
6998.00000 0.02105
7001.00000 0.017638
7004.00000 0.014896
7007.00000 0.01247
7010.00000 0.010496
7013.00000 0.008873
7016.00000 0.00756
7019.00000 0.006473
7022.00000 0.005593
7025.00000 0.004782
7028.00000 0.004132
7730.79980 0.0
