threeML/data/optical_filters/IAC80/CAMELOT-Brg.ecsv
# %ECSV 0.9
# ---
# datatype:
# - {name: wavelength, unit: Angstrom, datatype: float32}
# - {name: response, datatype: float32}
# meta: !!omap
# - {band_name: Brg}
# - {group_name: CAMELOT}
wavelength response
3233.69995 0.0
3593.00000 0.0041
3596.00000 0.004735
3599.00000 0.005483
3602.00000 0.006273
3605.00000 0.007038
3608.00000 0.008002
3611.00000 0.009016
3614.00000 0.010132
3617.00000 0.011329
3620.00000 0.012603
3623.00000 0.014114
3626.00000 0.015579
3629.00000 0.017268
3632.00000 0.018994
3635.00000 0.0208
3638.00000 0.022777
3641.00000 0.025028
3644.00000 0.027166
3647.00000 0.029357
3650.00000 0.031871
3653.00000 0.03459
3656.00000 0.037338
3659.00000 0.04008
3662.00000 0.043098
3665.00000 0.046177
3668.00000 0.049426
3671.00000 0.052693
3674.00000 0.056087
3677.00000 0.05988
3680.00000 0.063657
3683.00000 0.067586
3686.00000 0.07123
3689.00000 0.075242
3692.00000 0.079696
3695.00000 0.084141
3698.00000 0.088479
3701.00000 0.092773
3704.00000 0.097373
3707.00000 0.102316
3710.00000 0.107077
3713.00000 0.111773
3716.00000 0.116489
3719.00000 0.121756
3722.00000 0.126981
3725.00000 0.132025
3728.00000 0.137052
3731.00000 0.142457
3734.00000 0.147973
3737.00000 0.153303
3740.00000 0.158436
3743.00000 0.163843
3746.00000 0.169527
3749.00000 0.175266
3752.00000 0.180626
3755.00000 0.185935
3758.00000 0.191566
3761.00000 0.197353
3764.00000 0.20292
3767.00000 0.208496
3770.00000 0.214329
3773.00000 0.219832
3776.00000 0.225854
3779.00000 0.231346
3782.00000 0.236726
3785.00000 0.242866
3788.00000 0.248328
3791.00000 0.254303
3794.00000 0.259416
3797.00000 0.265235
3800.00000 0.270928
3803.00000 0.276691
3806.00000 0.281938
3809.00000 0.287637
3812.00000 0.293413
3815.00000 0.299126
3818.00000 0.304454
3821.00000 0.309754
3824.00000 0.315463
3827.00000 0.320766
3830.00000 0.326352
3833.00000 0.331445
3836.00000 0.336359
3839.00000 0.341839
3842.00000 0.3473
3845.00000 0.352749
3848.00000 0.357374
3851.00000 0.362587
3854.00000 0.368163
3857.00000 0.373239
3860.00000 0.378344
3863.00000 0.383157
3866.00000 0.388117
3869.00000 0.39336
3872.00000 0.39825
3875.00000 0.402755
3878.00000 0.407699
3881.00000 0.412386
3884.00000 0.417314
3887.00000 0.421695
3890.00000 0.426423
3893.00000 0.431341
3896.00000 0.436141
3899.00000 0.440491
3902.00000 0.445045
3905.00000 0.449381
3908.00000 0.453915
3911.00000 0.458482
3914.00000 0.46266
3917.00000 0.466895
3920.00000 0.47142
3923.00000 0.47574
3926.00000 0.479786
3929.00000 0.483675
3932.00000 0.48789
3935.00000 0.491788
3938.00000 0.496062
3941.00000 0.499804
3944.00000 0.503081
3947.00000 0.507209
3950.00000 0.5115
3953.00000 0.514954
3956.00000 0.518526
3959.00000 0.521766
3962.00000 0.525603
3965.00000 0.529405
3968.00000 0.532489
3971.00000 0.535912
3974.00000 0.539259
3977.00000 0.542163
3980.00000 0.545748
3983.00000 0.548434
3986.00000 0.551721
3989.00000 0.555034
3992.00000 0.558242
3995.00000 0.561175
3998.00000 0.563996
4001.00000 0.567129
4004.00000 0.570148
4007.00000 0.572936
4010.00000 0.575603
4013.00000 0.578767
4016.00000 0.581393
4019.00000 0.584074
4022.00000 0.586515
4025.00000 0.589195
4028.00000 0.591566
4031.00000 0.594342
4034.00000 0.596728
4037.00000 0.599209
4040.00000 0.60144
4043.00000 0.604244
4046.00000 0.606381
4049.00000 0.608693
4052.00000 0.611158
4055.00000 0.613753
4058.00000 0.615715
4061.00000 0.617844
4064.00000 0.619815
4067.00000 0.621883
4070.00000 0.624376
4073.00000 0.626438
4076.00000 0.628591
4079.00000 0.630444
4082.00000 0.632485
4085.00000 0.63489
4088.00000 0.636864
4091.00000 0.638574
4094.00000 0.64061
4097.00000 0.642496
4100.00000 0.64417
4103.00000 0.64611
4106.00000 0.647386
4109.00000 0.649329
4112.00000 0.650939
4115.00000 0.652769
4118.00000 0.654196
4121.00000 0.655853
4124.00000 0.657723
4127.00000 0.659282
4130.00000 0.660773
4133.00000 0.66247
4136.00000 0.66386
4139.00000 0.665311
4142.00000 0.666824
4145.00000 0.668144
4148.00000 0.669439
4151.00000 0.670794
4154.00000 0.672522
4157.00000 0.673456
4160.00000 0.674912
4163.00000 0.67627
4166.00000 0.677794
4169.00000 0.678919
4172.00000 0.680351
4175.00000 0.681407
4178.00000 0.682939
4181.00000 0.684118
4184.00000 0.685091
4187.00000 0.686437
4190.00000 0.687578
4193.00000 0.68874
4196.00000 0.690041
4199.00000 0.690978
4202.00000 0.691862
4205.00000 0.692873
4208.00000 0.693992
4211.00000 0.694834
4214.00000 0.695786
4217.00000 0.696482
4220.00000 0.697307
4223.00000 0.698412
4226.00000 0.698822
4229.00000 0.69939
4232.00000 0.700304
4235.00000 0.700996
4238.00000 0.700909
4241.00000 0.702057
4244.00000 0.702407
4247.00000 0.702902
4250.00000 0.703421
4253.00000 0.704086
4256.00000 0.704334
4259.00000 0.70482
4262.00000 0.70535
4265.00000 0.705465
4268.00000 0.705945
4271.00000 0.706377
4274.00000 0.7069
4277.00000 0.707082
4280.00000 0.707454
4283.00000 0.708092
4286.00000 0.708183
4289.00000 0.708807
4292.00000 0.708722
4295.00000 0.709384
4298.00000 0.709634
4301.00000 0.709886
4304.00000 0.710178
4307.00000 0.710108
4310.00000 0.710399
4313.00000 0.710529
4316.00000 0.710348
4319.00000 0.71071
4322.00000 0.710441
4325.00000 0.711077
4328.00000 0.710889
4331.00000 0.711042
4334.00000 0.710694
4337.00000 0.710991
4340.00000 0.710987
4343.00000 0.710504
4346.00000 0.710601
4349.00000 0.710315
4352.00000 0.710122
4355.00000 0.710148
4358.00000 0.710268
4361.00000 0.709792
4364.00000 0.709705
4367.00000 0.70978
4370.00000 0.709281
4373.00000 0.709378
4376.00000 0.709465
4379.00000 0.709205
4382.00000 0.708766
4385.00000 0.708879
4388.00000 0.708521
4391.00000 0.708341
4394.00000 0.708188
4397.00000 0.707918
4400.00000 0.707798
4403.00000 0.707569
4406.00000 0.707435
4409.00000 0.706721
4412.00000 0.706894
4415.00000 0.706224
4418.00000 0.705614
4421.00000 0.705568
4424.00000 0.705354
4427.00000 0.70462
4430.00000 0.704336
4433.00000 0.703434
4436.00000 0.702955
4439.00000 0.702605
4442.00000 0.70201
4445.00000 0.701565
4448.00000 0.700793
4451.00000 0.700033
4454.00000 0.699385
4457.00000 0.698572
4460.00000 0.697366
4463.00000 0.696689
4466.00000 0.695614
4469.00000 0.694541
4472.00000 0.693708
4475.00000 0.692711
4478.00000 0.691845
4481.00000 0.690616
4484.00000 0.689519
4487.00000 0.688443
4490.00000 0.687472
4493.00000 0.686078
4496.00000 0.685027
4499.00000 0.683902
4502.00000 0.682481
4505.00000 0.681505
4508.00000 0.680243
4511.00000 0.679308
4514.00000 0.677962
4517.00000 0.676928
4520.00000 0.675748
4523.00000 0.674991
4526.00000 0.673609
4529.00000 0.672525
4532.00000 0.671363
4535.00000 0.669846
4538.00000 0.668948
4541.00000 0.667659
4544.00000 0.66613
4547.00000 0.664886
4550.00000 0.664034
4553.00000 0.662538
4556.00000 0.661012
4559.00000 0.659899
4562.00000 0.658223
4565.00000 0.656999
4568.00000 0.65542
4571.00000 0.65353
4574.00000 0.652167
4577.00000 0.650528
4580.00000 0.648472
4583.00000 0.646714
4586.00000 0.644794
4589.00000 0.643235
4592.00000 0.641304
4595.00000 0.639146
4598.00000 0.637158
4601.00000 0.635386
4604.00000 0.633208
4607.00000 0.63135
4610.00000 0.628957
4613.00000 0.626813
4616.00000 0.62449
4619.00000 0.622197
4622.00000 0.619775
4625.00000 0.617059
4628.00000 0.614944
4631.00000 0.61228
4634.00000 0.609764
4637.00000 0.607179
4640.00000 0.604392
4643.00000 0.601659
4646.00000 0.598847
4649.00000 0.595824
4652.00000 0.592676
4655.00000 0.589783
4658.00000 0.586794
4661.00000 0.583315
4664.00000 0.579895
4667.00000 0.576475
4670.00000 0.573081
4673.00000 0.569703
4676.00000 0.566174
4679.00000 0.562425
4682.00000 0.55875
4685.00000 0.555187
4688.00000 0.551313
4691.00000 0.547382
4694.00000 0.54327
4697.00000 0.539199
4700.00000 0.535137
4703.00000 0.531178
4706.00000 0.52713
4709.00000 0.523008
4712.00000 0.518865
4715.00000 0.514564
4718.00000 0.510631
4721.00000 0.506118
4724.00000 0.502204
4727.00000 0.497692
4730.00000 0.493332
4733.00000 0.488907
4736.00000 0.484891
4739.00000 0.480741
4742.00000 0.476183
4745.00000 0.471653
4748.00000 0.467453
4751.00000 0.463296
4754.00000 0.458821
4757.00000 0.454422
4760.00000 0.449805
4763.00000 0.445738
4766.00000 0.441278
4769.00000 0.436737
4772.00000 0.432113
4775.00000 0.427779
4778.00000 0.423521
4781.00000 0.418911
4784.00000 0.414089
4787.00000 0.409602
4790.00000 0.405256
4793.00000 0.400686
4796.00000 0.396137
4799.00000 0.391421
4802.00000 0.386896
4805.00000 0.382332
4808.00000 0.377598
4811.00000 0.373013
4814.00000 0.368254
4817.00000 0.363908
4820.00000 0.359322
4823.00000 0.354662
4826.00000 0.350028
4829.00000 0.345579
4832.00000 0.341131
4835.00000 0.336521
4838.00000 0.331873
4841.00000 0.327287
4844.00000 0.32309
4847.00000 0.318601
4850.00000 0.313979
4853.00000 0.309637
4856.00000 0.305356
4859.00000 0.30119
4862.00000 0.296875
4865.00000 0.292555
4868.00000 0.288357
4871.00000 0.284343
4874.00000 0.280255
4877.00000 0.276094
4880.00000 0.272031
4883.00000 0.268144
4886.00000 0.264356
4889.00000 0.260313
4892.00000 0.256503
4895.00000 0.252525
4898.00000 0.249015
4901.00000 0.245444
4904.00000 0.241719
4907.00000 0.238151
4910.00000 0.234541
4913.00000 0.231317
4916.00000 0.22783
4919.00000 0.224392
4922.00000 0.221088
4925.00000 0.21798
4928.00000 0.214917
4931.00000 0.211677
4934.00000 0.208632
4937.00000 0.205674
4940.00000 0.202829
4943.00000 0.199895
4946.00000 0.197022
4949.00000 0.194218
4952.00000 0.191653
4955.00000 0.189007
4958.00000 0.186411
4961.00000 0.18393
4964.00000 0.181373
4967.00000 0.179053
4970.00000 0.176595
4973.00000 0.174239
4976.00000 0.171842
4979.00000 0.169684
4982.00000 0.167373
4985.00000 0.165097
4988.00000 0.162697
4991.00000 0.160556
4994.00000 0.158364
4997.00000 0.15621
5000.00000 0.153792
5003.00000 0.15154
5006.00000 0.149394
5009.00000 0.147156
5012.00000 0.144728
5015.00000 0.142169
5018.00000 0.139889
5021.00000 0.137568
5024.00000 0.135101
5027.00000 0.132499
5030.00000 0.130059
5033.00000 0.127672
5036.00000 0.1252
5039.00000 0.122636
5042.00000 0.12001
5045.00000 0.117575
5048.00000 0.11517
5051.00000 0.112615
5054.00000 0.110015
5057.00000 0.107526
5060.00000 0.105168
5063.00000 0.10286
5066.00000 0.100473
5069.00000 0.098115
5072.00000 0.095894
5075.00000 0.093751
5078.00000 0.091569
5081.00000 0.089438
5084.00000 0.087315
5087.00000 0.085412
5090.00000 0.083471
5093.00000 0.08154
5096.00000 0.079609
5099.00000 0.077921
5102.00000 0.076228
5105.00000 0.074535
5108.00000 0.07284
5111.00000 0.071183
5114.00000 0.069646
5117.00000 0.06822
5120.00000 0.06663
5123.00000 0.065107
5126.00000 0.063625
5129.00000 0.062298
5132.00000 0.060838
5135.00000 0.059464
5138.00000 0.05811
5141.00000 0.056818
5144.00000 0.055512
5147.00000 0.05421
5150.00000 0.052864
5153.00000 0.051601
5156.00000 0.050374
5159.00000 0.049153
5162.00000 0.047881
5165.00000 0.046648
5168.00000 0.045513
5171.00000 0.044327
5174.00000 0.043155
5177.00000 0.042007
5180.00000 0.040925
5183.00000 0.039838
5186.00000 0.03872
5189.00000 0.037643
5192.00000 0.036543
5195.00000 0.0356
5198.00000 0.034578
5201.00000 0.033534
5204.00000 0.03254
5207.00000 0.031587
5210.00000 0.030718
5213.00000 0.029775
5216.00000 0.028862
5219.00000 0.027962
5222.00000 0.027178
5225.00000 0.026323
5228.00000 0.025474
5231.00000 0.024679
5234.00000 0.02392
5237.00000 0.023226
5240.00000 0.022464
5243.00000 0.021711
5246.00000 0.021059
5249.00000 0.020404
5252.00000 0.019771
5255.00000 0.019156
5258.00000 0.018528
5261.00000 0.017973
5264.00000 0.01747
5267.00000 0.016912
5270.00000 0.016343
5273.00000 0.015824
5276.00000 0.015395
5279.00000 0.01493
5282.00000 0.014519
5285.00000 0.014051
5288.00000 0.013639
5291.00000 0.013283
5294.00000 0.012911
5297.00000 0.012555
5300.00000 0.01219
5303.00000 0.0119
5306.00000 0.011582
5309.00000 0.011278
5312.00000 0.011004
5315.00000 0.01074
5318.00000 0.010474
5321.00000 0.010232
5324.00000 0.010011
5327.00000 0.009804
5330.00000 0.009577
5333.00000 0.009392
5336.00000 0.009193
5339.00000 0.009027
5342.00000 0.00886
5345.00000 0.008692
5348.00000 0.008552
5351.00000 0.008392
5354.00000 0.008275
5357.00000 0.008142
5360.00000 0.008024
5363.00000 0.007903
5366.00000 0.007802
5369.00000 0.007688
5372.00000 0.007615
5375.00000 0.00754
5378.00000 0.007449
5381.00000 0.007369
5384.00000 0.007319
5387.00000 0.007251
5390.00000 0.007164
5393.00000 0.00713
5396.00000 0.007098
5399.00000 0.007071
5402.00000 0.007008
5405.00000 0.00697
5408.00000 0.006951
5411.00000 0.006943
5414.00000 0.006913
5417.00000 0.006919
5420.00000 0.006886
5423.00000 0.00689
5426.00000 0.0069
5429.00000 0.006923
5432.00000 0.006927
5435.00000 0.006965
5438.00000 0.006977
5441.00000 0.007017
5444.00000 0.007044
5447.00000 0.007093
5450.00000 0.007118
5453.00000 0.007211
5456.00000 0.007273
5459.00000 0.00736
5462.00000 0.007416
5465.00000 0.007484
5468.00000 0.007596
5471.00000 0.007672
5474.00000 0.00777
5477.00000 0.007871
5480.00000 0.008001
5483.00000 0.008097
5486.00000 0.008239
5489.00000 0.008361
5492.00000 0.008478
5495.00000 0.008619
5498.00000 0.008795
5501.00000 0.008936
5504.00000 0.009103
5507.00000 0.009251
5510.00000 0.00942
5513.00000 0.009597
5516.00000 0.009756
5519.00000 0.009937
5522.00000 0.010094
5525.00000 0.010295
5528.00000 0.010465
5531.00000 0.01063
5534.00000 0.010809
5537.00000 0.010998
5540.00000 0.011165
5543.00000 0.011336
5546.00000 0.011493
5549.00000 0.011628
5552.00000 0.011807
5555.00000 0.011957
5558.00000 0.012098
5561.00000 0.012212
5564.00000 0.012315
5567.00000 0.012489
5570.00000 0.012558
5573.00000 0.012641
5576.00000 0.012733
5579.00000 0.012812
5582.00000 0.01288
5585.00000 0.012904
5588.00000 0.012979
5591.00000 0.012979
5594.00000 0.012961
5597.00000 0.012976
5600.00000 0.012966
5603.00000 0.012952
5606.00000 0.012899
5609.00000 0.012838
5612.00000 0.012805
5615.00000 0.012754
5618.00000 0.012667
5621.00000 0.012554
5624.00000 0.012462
5627.00000 0.012378
5630.00000 0.012252
5633.00000 0.012136
5636.00000 0.011967
5639.00000 0.011855
5642.00000 0.01168
5645.00000 0.011519
5648.00000 0.011352
5651.00000 0.011165
5654.00000 0.01098
5657.00000 0.010799
5660.00000 0.010598
5663.00000 0.010372
5666.00000 0.010184
5669.00000 0.009975
5672.00000 0.009732
5675.00000 0.009501
5678.00000 0.009281
5681.00000 0.009067
5684.00000 0.008825
5687.00000 0.0086
5690.00000 0.00835
5693.00000 0.008117
5696.00000 0.007889
5699.00000 0.00764
5702.00000 0.007403
5705.00000 0.007152
5708.00000 0.006918
5711.00000 0.00669
5714.00000 0.006446
5717.00000 0.00619
5720.00000 0.005997
5723.00000 0.005761
5726.00000 0.005533
5729.00000 0.005288
5732.00000 0.005102
5735.00000 0.004892
5738.00000 0.00467
5741.00000 0.004498
5744.00000 0.00428
5747.00000 0.004086
6321.70020 0.0
