threeML/data/optical_filters/IAC80/CAMELOT-I.ecsv
# %ECSV 0.9
# ---
# datatype:
# - {name: wavelength, unit: Angstrom, datatype: float32}
# - {name: response, datatype: float32}
# meta: !!omap
# - {band_name: I}
# - {group_name: CAMELOT}
wavelength response
6287.39990 0.0
6986.00000 0.004364
6989.00000 0.004937
6992.00000 0.005563
6995.00000 0.006284
6998.00000 0.007079
7001.00000 0.007946
7004.00000 0.008839
7007.00000 0.009876
7010.00000 0.011026
7013.00000 0.012284
7016.00000 0.013569
7019.00000 0.015002
7022.00000 0.016534
7025.00000 0.018245
7028.00000 0.020072
7031.00000 0.021912
7034.00000 0.023993
7037.00000 0.026198
7040.00000 0.028614
7043.00000 0.030954
7046.00000 0.033626
7049.00000 0.036446
7052.00000 0.039483
7055.00000 0.042536
7058.00000 0.045733
7061.00000 0.049161
7064.00000 0.052911
7067.00000 0.056787
7070.00000 0.060653
7073.00000 0.064698
7076.00000 0.069137
7079.00000 0.073766
7082.00000 0.078468
7085.00000 0.083107
7088.00000 0.08824
7091.00000 0.093558
7094.00000 0.099103
7097.00000 0.104541
7100.00000 0.110106
7103.00000 0.11615
7106.00000 0.122512
7109.00000 0.128802
7112.00000 0.134862
7115.00000 0.141618
7118.00000 0.148613
7121.00000 0.155656
7124.00000 0.162481
7127.00000 0.169716
7130.00000 0.177094
7133.00000 0.184757
7136.00000 0.192489
7139.00000 0.199885
7142.00000 0.207806
7145.00000 0.215978
7148.00000 0.224395
7151.00000 0.232114
7154.00000 0.240442
7157.00000 0.248944
7160.00000 0.257575
7163.00000 0.266198
7166.00000 0.274743
7169.00000 0.283177
7172.00000 0.292312
7175.00000 0.301325
7178.00000 0.309594
7181.00000 0.318203
7184.00000 0.327341
7187.00000 0.3366
7190.00000 0.345358
7193.00000 0.353947
7196.00000 0.363139
7199.00000 0.372294
7202.00000 0.381363
7205.00000 0.389954
7208.00000 0.398412
7211.00000 0.407578
7214.00000 0.416711
7217.00000 0.425588
7220.00000 0.433732
7223.00000 0.442253
7226.00000 0.451527
7229.00000 0.460126
7232.00000 0.468589
7235.00000 0.476983
7238.00000 0.485387
7241.00000 0.493926
7244.00000 0.50219
7247.00000 0.509981
7250.00000 0.518396
7253.00000 0.526691
7256.00000 0.534767
7259.00000 0.54239
7262.00000 0.549747
7265.00000 0.557615
7268.00000 0.565391
7271.00000 0.572976
7274.00000 0.580201
7277.00000 0.587731
7280.00000 0.59517
7283.00000 0.602407
7286.00000 0.609319
7289.00000 0.615865
7292.00000 0.623225
7295.00000 0.629874
7298.00000 0.636332
7301.00000 0.642773
7304.00000 0.64944
7307.00000 0.655735
7310.00000 0.662452
7313.00000 0.668304
7316.00000 0.673926
7319.00000 0.680492
7322.00000 0.686258
7325.00000 0.69219
7328.00000 0.69717
7331.00000 0.702977
7334.00000 0.70862
7337.00000 0.714194
7340.00000 0.719641
7343.00000 0.72448
7346.00000 0.729614
7349.00000 0.734691
7352.00000 0.739102
7355.00000 0.743824
7358.00000 0.748702
7361.00000 0.753805
7364.00000 0.758432
7367.00000 0.76226
7370.00000 0.766684
7373.00000 0.771359
7376.00000 0.775725
7379.00000 0.779936
7382.00000 0.783751
7385.00000 0.787347
7388.00000 0.791198
7391.00000 0.795207
7394.00000 0.798984
7397.00000 0.802366
7400.00000 0.80623
7403.00000 0.809433
7406.00000 0.81271
7409.00000 0.815991
7412.00000 0.818779
7415.00000 0.821969
7418.00000 0.825331
7421.00000 0.828272
7424.00000 0.831004
7427.00000 0.833786
7430.00000 0.836301
7433.00000 0.839565
7436.00000 0.841832
7439.00000 0.844463
7442.00000 0.847217
7445.00000 0.849771
7448.00000 0.852248
7451.00000 0.854835
7454.00000 0.856593
7457.00000 0.858625
7460.00000 0.861017
7463.00000 0.863221
7466.00000 0.865501
7469.00000 0.867446
7472.00000 0.869226
7475.00000 0.87072
7478.00000 0.872823
7481.00000 0.87458
7484.00000 0.876655
7487.00000 0.877936
7490.00000 0.879902
7493.00000 0.881803
7496.00000 0.883204
7499.00000 0.885235
7502.00000 0.886393
7505.00000 0.887598
7508.00000 0.888955
7511.00000 0.890838
7514.00000 0.891786
7517.00000 0.89357
7520.00000 0.894398
7523.00000 0.895966
7526.00000 0.89717
7529.00000 0.898299
7532.00000 0.899292
7535.00000 0.900678
7538.00000 0.901823
7541.00000 0.903033
7544.00000 0.903653
7547.00000 0.90511
7550.00000 0.906027
7553.00000 0.906791
7556.00000 0.907627
7559.00000 0.909017
7562.00000 0.909528
7565.00000 0.90998
7568.00000 0.910918
7571.00000 0.912046
7574.00000 0.912623
7577.00000 0.913145
7580.00000 0.914719
7583.00000 0.914788
7586.00000 0.916179
7589.00000 0.916535
7592.00000 0.917053
7595.00000 0.917643
7598.00000 0.918083
7601.00000 0.918385
7604.00000 0.919564
7607.00000 0.920107
7610.00000 0.920735
7613.00000 0.920519
7616.00000 0.921288
7619.00000 0.922076
7622.00000 0.922808
7625.00000 0.92332
7628.00000 0.923758
7631.00000 0.924193
7634.00000 0.924866
7637.00000 0.924668
7640.00000 0.92455
7643.00000 0.925606
7646.00000 0.926575
7649.00000 0.92661
7652.00000 0.927148
7655.00000 0.927539
7658.00000 0.927784
7661.00000 0.9278
7664.00000 0.927357
7667.00000 0.928036
7670.00000 0.92832
7673.00000 0.92887
7676.00000 0.929516
7679.00000 0.929435
7682.00000 0.929708
7685.00000 0.930192
7688.00000 0.930137
7691.00000 0.930796
7694.00000 0.930751
7697.00000 0.930899
7700.00000 0.930967
7703.00000 0.931029
7706.00000 0.931025
7709.00000 0.931082
7712.00000 0.932111
7715.00000 0.932125
7718.00000 0.932106
7721.00000 0.932174
7724.00000 0.932598
7727.00000 0.932604
7730.00000 0.9325
7733.00000 0.932691
7736.00000 0.933066
7739.00000 0.932528
7742.00000 0.933054
7745.00000 0.932769
7748.00000 0.932593
7751.00000 0.932536
7754.00000 0.933221
7757.00000 0.933854
7760.00000 0.933421
7763.00000 0.933459
7766.00000 0.934078
7769.00000 0.933876
7772.00000 0.933687
7775.00000 0.933614
7778.00000 0.93351
7781.00000 0.933767
7784.00000 0.93349
7787.00000 0.933521
7790.00000 0.933812
7793.00000 0.933622
7796.00000 0.934431
7799.00000 0.934594
7802.00000 0.933457
7805.00000 0.934445
7808.00000 0.9339
7811.00000 0.93367
7814.00000 0.934183
7817.00000 0.934073
7820.00000 0.933277
7823.00000 0.933697
7826.00000 0.934084
7829.00000 0.933843
7832.00000 0.933951
7835.00000 0.93357
7838.00000 0.934265
7841.00000 0.934493
7844.00000 0.934422
7847.00000 0.933342
7850.00000 0.933866
7853.00000 0.934016
7856.00000 0.933605
7859.00000 0.933833
7862.00000 0.933898
7865.00000 0.933479
7868.00000 0.933418
7871.00000 0.933501
7874.00000 0.933883
7877.00000 0.933703
7880.00000 0.933817
7883.00000 0.933513
7886.00000 0.932805
7889.00000 0.932872
7892.00000 0.932836
7895.00000 0.932879
7898.00000 0.932961
7901.00000 0.932917
7904.00000 0.932675
7907.00000 0.93253
7910.00000 0.932334
7913.00000 0.9321
7916.00000 0.932912
7919.00000 0.932661
7922.00000 0.932722
7925.00000 0.93272
7928.00000 0.93143
7931.00000 0.9324
7934.00000 0.93145
7937.00000 0.931973
7940.00000 0.930778
7943.00000 0.931671
7946.00000 0.932319
7949.00000 0.931367
7952.00000 0.931802
7955.00000 0.931157
7958.00000 0.931689
7961.00000 0.930709
7964.00000 0.930803
7967.00000 0.930917
7970.00000 0.930532
7973.00000 0.930583
7976.00000 0.93049
7979.00000 0.931039
7982.00000 0.930486
7985.00000 0.930852
7988.00000 0.930711
7991.00000 0.92987
7994.00000 0.930022
7997.00000 0.930227
8000.00000 0.926351
8003.00000 0.92687
8006.00000 0.926432
8009.00000 0.927261
8012.00000 0.926669
8015.00000 0.926857
8018.00000 0.926379
8021.00000 0.926159
8024.00000 0.926211
8027.00000 0.925982
8030.00000 0.925871
8033.00000 0.925419
8036.00000 0.925791
8039.00000 0.925516
8042.00000 0.925037
8045.00000 0.925147
8048.00000 0.925107
8051.00000 0.92474
8054.00000 0.924805
8057.00000 0.92496
8060.00000 0.924538
8063.00000 0.924596
8066.00000 0.924011
8069.00000 0.923935
8072.00000 0.923726
8075.00000 0.923746
8078.00000 0.923279
8081.00000 0.923297
8084.00000 0.923137
8087.00000 0.923316
8090.00000 0.923015
8093.00000 0.922878
8096.00000 0.922882
8099.00000 0.92267
8102.00000 0.922417
8105.00000 0.92266
8108.00000 0.922167
8111.00000 0.921751
8114.00000 0.921684
8117.00000 0.921892
8120.00000 0.921799
8123.00000 0.921634
8126.00000 0.921516
8129.00000 0.921076
8132.00000 0.921001
8135.00000 0.921176
8138.00000 0.920755
8141.00000 0.920502
8144.00000 0.92051
8147.00000 0.920148
8150.00000 0.919678
8153.00000 0.919753
8156.00000 0.919639
8159.00000 0.92242
8162.00000 0.919265
8165.00000 0.919316
8168.00000 0.919044
8171.00000 0.919403
8174.00000 0.918724
8177.00000 0.918006
8180.00000 0.918158
8183.00000 0.917558
8186.00000 0.918008
8189.00000 0.917415
8192.00000 0.917349
8195.00000 0.917132
8198.00000 0.91681
8201.00000 0.916692
8204.00000 0.916574
8207.00000 0.916831
8210.00000 0.916254
8213.00000 0.916007
8216.00000 0.915897
8219.00000 0.915227
8222.00000 0.915113
8225.00000 0.915333
8228.00000 0.914755
8231.00000 0.914456
8234.00000 0.914446
8237.00000 0.914065
8240.00000 0.91398
8243.00000 0.913654
8246.00000 0.913271
8249.00000 0.913005
8252.00000 0.913593
8255.00000 0.913181
8258.00000 0.912678
8261.00000 0.912636
8264.00000 0.912193
8267.00000 0.911846
8270.00000 0.911657
8273.00000 0.911026
8276.00000 0.911101
8279.00000 0.910955
8282.00000 0.910926
8285.00000 0.910671
8288.00000 0.910158
8291.00000 0.910055
8294.00000 0.909774
8297.00000 0.909633
8300.00000 0.909579
8303.00000 0.908736
8306.00000 0.908734
8309.00000 0.908621
8312.00000 0.908218
8315.00000 0.907803
8318.00000 0.908162
8321.00000 0.907497
8324.00000 0.907272
8327.00000 0.907033
8330.00000 0.906589
8333.00000 0.906514
8336.00000 0.906219
8339.00000 0.9059
8342.00000 0.905776
8345.00000 0.905474
8348.00000 0.904928
8351.00000 0.904754
8354.00000 0.904823
8357.00000 0.904313
8360.00000 0.903995
8363.00000 0.903475
8366.00000 0.903647
8369.00000 0.903403
8372.00000 0.90312
8375.00000 0.902849
8378.00000 0.902651
8381.00000 0.901999
8384.00000 0.901431
8387.00000 0.901325
8390.00000 0.901429
8393.00000 0.901425
8396.00000 0.900607
8399.00000 0.900755
8402.00000 0.899845
8405.00000 0.899786
8408.00000 0.899841
8411.00000 0.899742
8414.00000 0.898896
8417.00000 0.89887
8420.00000 0.898419
8423.00000 0.898547
8426.00000 0.89788
8429.00000 0.897586
8432.00000 0.897416
8435.00000 0.897183
8438.00000 0.896771
8441.00000 0.896592
8444.00000 0.896559
8447.00000 0.897149
8450.00000 0.895542
8453.00000 0.895464
8456.00000 0.895344
8459.00000 0.894861
8462.00000 0.894444
8465.00000 0.894097
8468.00000 0.893794
8471.00000 0.893501
8474.00000 0.893608
8477.00000 0.893075
8480.00000 0.892481
8483.00000 0.892155
8486.00000 0.891958
8489.00000 0.89183
8492.00000 0.891647
8495.00000 0.89141
8498.00000 0.890907
8501.00000 0.890513
8504.00000 0.890106
8507.00000 0.889873
8510.00000 0.889254
8513.00000 0.889311
8516.00000 0.889157
8519.00000 0.888588
8522.00000 0.888867
8525.00000 0.888224
8528.00000 0.887949
8531.00000 0.887424
8534.00000 0.887226
8537.00000 0.886909
8540.00000 0.886654
8543.00000 0.886701
8546.00000 0.88586
8549.00000 0.885714
8552.00000 0.884879
8555.00000 0.885246
8558.00000 0.884874
8561.00000 0.884441
8564.00000 0.884006
8567.00000 0.883927
8570.00000 0.883345
8573.00000 0.882972
8576.00000 0.882515
8579.00000 0.882154
8582.00000 0.882043
8585.00000 0.881163
8588.00000 0.881635
8591.00000 0.881168
8594.00000 0.881059
8597.00000 0.880315
8600.00000 0.880299
8603.00000 0.879744
8606.00000 0.879271
8609.00000 0.879074
8612.00000 0.878805
8615.00000 0.877849
8618.00000 0.878253
8621.00000 0.877872
8624.00000 0.876949
8627.00000 0.876941
8630.00000 0.876561
8633.00000 0.876369
8636.00000 0.875639
8639.00000 0.875741
8642.00000 0.875266
8645.00000 0.875018
8648.00000 0.874205
8651.00000 0.8742
8654.00000 0.873787
8657.00000 0.873313
8660.00000 0.873017
8663.00000 0.872848
8666.00000 0.872401
8669.00000 0.872383
8672.00000 0.871735
8675.00000 0.871145
8678.00000 0.871032
8681.00000 0.870567
8684.00000 0.870191
8687.00000 0.869784
8690.00000 0.869718
8693.00000 0.869062
8696.00000 0.86849
8699.00000 0.868557
8702.00000 0.868227
8705.00000 0.867825
8708.00000 0.867247
8711.00000 0.867143
8714.00000 0.866504
8717.00000 0.866254
8720.00000 0.86564
8723.00000 0.865399
8726.00000 0.865089
8729.00000 0.864555
8732.00000 0.864212
8735.00000 0.863728
8738.00000 0.863584
8741.00000 0.862968
8744.00000 0.862653
8747.00000 0.862235
8750.00000 0.862247
8753.00000 0.861792
8756.00000 0.861196
8759.00000 0.860932
8762.00000 0.860692
8765.00000 0.86017
8768.00000 0.859711
8771.00000 0.859538
8774.00000 0.85886
8777.00000 0.858592
8780.00000 0.858136
8783.00000 0.857708
8786.00000 0.857557
8789.00000 0.857292
8792.00000 0.856538
8795.00000 0.856401
8798.00000 0.855801
8801.00000 0.855766
8804.00000 0.854785
8807.00000 0.8544
8810.00000 0.854158
8813.00000 0.853685
8816.00000 0.853442
8819.00000 0.853005
8822.00000 0.853041
8825.00000 0.851876
8828.00000 0.851874
8831.00000 0.851408
8834.00000 0.851092
8837.00000 0.850431
8840.00000 0.850177
8843.00000 0.84966
8846.00000 0.849236
8849.00000 0.849026
8852.00000 0.848398
8855.00000 0.848221
8858.00000 0.847364
8861.00000 0.847355
8864.00000 0.846766
8867.00000 0.846425
8870.00000 0.845692
8873.00000 0.845402
8876.00000 0.845093
8879.00000 0.844872
8882.00000 0.844441
8885.00000 0.84377
8888.00000 0.843649
8891.00000 0.842862
8894.00000 0.842699
8897.00000 0.842023
8900.00000 0.841624
8903.00000 0.841271
8906.00000 0.841004
8909.00000 0.840533
8912.00000 0.840199
8915.00000 0.839728
8918.00000 0.838997
8921.00000 0.838502
8924.00000 0.838127
8927.00000 0.837832
8930.00000 0.83723
8933.00000 0.837017
8936.00000 0.836468
8939.00000 0.836126
8942.00000 0.835438
8945.00000 0.835307
8948.00000 0.834639
8951.00000 0.834381
8954.00000 0.833968
8957.00000 0.833498
8960.00000 0.832788
8963.00000 0.832556
8966.00000 0.832198
8969.00000 0.831598
8972.00000 0.831175
8975.00000 0.830499
8978.00000 0.830086
8981.00000 0.829666
8984.00000 0.829436
8987.00000 0.828969
8990.00000 0.8286
8993.00000 0.828042
8996.00000 0.827475
8999.00000 0.826799
9002.00000 0.826484
9005.00000 0.826025
9008.00000 0.825362
9011.00000 0.825031
9014.00000 0.824341
9017.00000 0.823991
9020.00000 0.823498
9023.00000 0.823237
9026.00000 0.822736
9029.00000 0.822392
9032.00000 0.821811
9035.00000 0.821242
9038.00000 0.821059
9041.00000 0.820399
9044.00000 0.819966
9047.00000 0.819292
9050.00000 0.819032
9053.00000 0.818358
9056.00000 0.817861
9059.00000 0.817349
9062.00000 0.8172
9065.00000 0.816608
9068.00000 0.816361
9071.00000 0.81565
9074.00000 0.814898
9077.00000 0.814472
9080.00000 0.813975
9083.00000 0.813763
9086.00000 0.813067
9089.00000 0.812648
9092.00000 0.812031
9095.00000 0.811563
9098.00000 0.810856
9101.00000 0.810608
9104.00000 0.810203
9107.00000 0.809681
9110.00000 0.809203
9113.00000 0.808678
9116.00000 0.807767
9119.00000 0.807339
9122.00000 0.806892
9125.00000 0.806309
9128.00000 0.805883
9131.00000 0.805636
9134.00000 0.804839
9137.00000 0.804769
9140.00000 0.803648
9143.00000 0.803354
9146.00000 0.802975
9149.00000 0.80227
9152.00000 0.801789
9155.00000 0.801288
9158.00000 0.801077
9161.00000 0.800362
9164.00000 0.799516
9167.00000 0.799026
9170.00000 0.798747
9173.00000 0.798154
9176.00000 0.79758
9179.00000 0.797025
9182.00000 0.796512
9185.00000 0.79615
9188.00000 0.795643
9191.00000 0.794693
9194.00000 0.794146
9197.00000 0.793837
9200.00000 0.793261
9203.00000 0.792715
9206.00000 0.792329
9209.00000 0.791771
9212.00000 0.791218
9215.00000 0.790439
9218.00000 0.789886
9221.00000 0.789492
9224.00000 0.788842
9227.00000 0.788142
9230.00000 0.787729
9233.00000 0.787302
9236.00000 0.786714
9239.00000 0.786118
9242.00000 0.785501
9245.00000 0.784975
9248.00000 0.78432
9251.00000 0.783955
9254.00000 0.78325
9257.00000 0.782645
9260.00000 0.781984
9263.00000 0.78132
9266.00000 0.781108
9269.00000 0.780384
9272.00000 0.779631
9275.00000 0.779197
9278.00000 0.778779
9281.00000 0.778038
9284.00000 0.777456
9287.00000 0.777153
9290.00000 0.77634
9293.00000 0.775771
9296.00000 0.775305
9299.00000 0.774583
9302.00000 0.773998
9305.00000 0.773445
9308.00000 0.772902
9311.00000 0.772137
9314.00000 0.771751
9317.00000 0.771075
9320.00000 0.770523
9323.00000 0.769533
9326.00000 0.769301
9329.00000 0.768711
9332.00000 0.768071
9335.00000 0.767592
9338.00000 0.766806
9341.00000 0.766098
9344.00000 0.765499
9347.00000 0.765061
9350.00000 0.764514
9353.00000 0.763777
9356.00000 0.762797
9359.00000 0.762226
9362.00000 0.761674
9365.00000 0.761096
9368.00000 0.760509
9371.00000 0.759964
9374.00000 0.759062
9377.00000 0.758607
9380.00000 0.757942
9383.00000 0.757046
9386.00000 0.756609
9389.00000 0.755767
9392.00000 0.755485
