threeML/data/optical_filters/IAC80/CAMELOT-V.ecsv
# %ECSV 0.9
# ---
# datatype:
# - {name: wavelength, unit: Angstrom, datatype: float32}
# - {name: response, datatype: float32}
# meta: !!omap
# - {band_name: V}
# - {group_name: CAMELOT}
wavelength response
4321.79980 0.0
4802.00000 0.004188
4805.00000 0.004787
4808.00000 0.005485
4811.00000 0.006328
4814.00000 0.007311
4817.00000 0.00828
4820.00000 0.009514
4823.00000 0.010896
4826.00000 0.01255
4829.00000 0.014271
4832.00000 0.016212
4835.00000 0.018486
4838.00000 0.021078
4841.00000 0.024032
4844.00000 0.027017
4847.00000 0.030514
4850.00000 0.034536
4853.00000 0.038974
4856.00000 0.043672
4859.00000 0.048773
4862.00000 0.054493
4865.00000 0.060873
4868.00000 0.067806
4871.00000 0.074798
4874.00000 0.082534
4877.00000 0.091154
4880.00000 0.100415
4883.00000 0.109835
4886.00000 0.119752
4889.00000 0.130595
4892.00000 0.1421
4895.00000 0.154078
4898.00000 0.165955
4901.00000 0.178662
4904.00000 0.192135
4907.00000 0.20643
4910.00000 0.220229
4913.00000 0.234184
4916.00000 0.249189
4919.00000 0.2646
4922.00000 0.280135
4925.00000 0.29511
4928.00000 0.310778
4931.00000 0.32651
4934.00000 0.342839
4937.00000 0.358546
4940.00000 0.373767
4943.00000 0.389757
4946.00000 0.405888
4949.00000 0.421778
4952.00000 0.436585
4955.00000 0.45199
4958.00000 0.467575
4961.00000 0.482605
4964.00000 0.496833
4967.00000 0.510999
4970.00000 0.525101
4973.00000 0.539226
4976.00000 0.552924
4979.00000 0.565595
4982.00000 0.578107
4985.00000 0.590797
4988.00000 0.603268
4991.00000 0.614699
4994.00000 0.62588
4997.00000 0.637074
5000.00000 0.64771
5003.00000 0.658004
5006.00000 0.667651
5009.00000 0.676767
5012.00000 0.686426
5015.00000 0.694956
5018.00000 0.703546
5021.00000 0.711434
5024.00000 0.719246
5027.00000 0.727076
5030.00000 0.734562
5033.00000 0.741261
5036.00000 0.747638
5039.00000 0.75396
5042.00000 0.760241
5045.00000 0.765566
5048.00000 0.770814
5051.00000 0.776216
5054.00000 0.781298
5057.00000 0.786242
5060.00000 0.790549
5063.00000 0.795007
5066.00000 0.799265
5069.00000 0.803262
5072.00000 0.806996
5075.00000 0.810827
5078.00000 0.813921
5081.00000 0.817144
5084.00000 0.820099
5087.00000 0.823084
5090.00000 0.825938
5093.00000 0.828188
5096.00000 0.830886
5099.00000 0.833033
5102.00000 0.835574
5105.00000 0.838146
5108.00000 0.840071
5111.00000 0.841765
5114.00000 0.843378
5117.00000 0.845262
5120.00000 0.846694
5123.00000 0.848452
5126.00000 0.849644
5129.00000 0.851181
5132.00000 0.852016
5135.00000 0.853891
5138.00000 0.85511
5141.00000 0.855844
5144.00000 0.857134
5147.00000 0.858359
5150.00000 0.859129
5153.00000 0.8596
5156.00000 0.860366
5159.00000 0.861194
5162.00000 0.861605
5165.00000 0.862291
5168.00000 0.862895
5171.00000 0.863737
5174.00000 0.863877
5177.00000 0.864292
5180.00000 0.865329
5183.00000 0.865482
5186.00000 0.865871
5189.00000 0.866161
5192.00000 0.866077
5195.00000 0.866492
5198.00000 0.866602
5201.00000 0.866721
5204.00000 0.866694
5207.00000 0.866841
5210.00000 0.866821
5213.00000 0.867027
5216.00000 0.867062
5219.00000 0.867069
5222.00000 0.867201
5225.00000 0.867007
5228.00000 0.866586
5231.00000 0.866315
5234.00000 0.866224
5237.00000 0.865848
5240.00000 0.865777
5243.00000 0.865105
5246.00000 0.865336
5249.00000 0.864838
5252.00000 0.864674
5255.00000 0.864183
5258.00000 0.863657
5261.00000 0.863397
5264.00000 0.863065
5267.00000 0.862492
5270.00000 0.862011
5273.00000 0.861346
5276.00000 0.860746
5279.00000 0.860373
5282.00000 0.859674
5285.00000 0.859458
5288.00000 0.858611
5291.00000 0.857837
5294.00000 0.857149
5297.00000 0.856608
5300.00000 0.855884
5303.00000 0.855062
5306.00000 0.854281
5309.00000 0.853989
5312.00000 0.852939
5315.00000 0.851671
5318.00000 0.851323
5321.00000 0.850159
5324.00000 0.849671
5327.00000 0.848704
5330.00000 0.847951
5333.00000 0.846713
5336.00000 0.845704
5339.00000 0.844844
5342.00000 0.84388
5345.00000 0.842572
5348.00000 0.841769
5351.00000 0.840328
5354.00000 0.839335
5357.00000 0.838356
5360.00000 0.837129
5363.00000 0.836277
5366.00000 0.834577
5369.00000 0.833418
5372.00000 0.832265
5375.00000 0.830777
5378.00000 0.82965
5381.00000 0.828886
5384.00000 0.827092
5387.00000 0.825771
5390.00000 0.824175
5393.00000 0.822701
5396.00000 0.821179
5399.00000 0.82019
5402.00000 0.818605
5405.00000 0.817015
5408.00000 0.815527
5411.00000 0.813602
5414.00000 0.812439
5417.00000 0.810793
5420.00000 0.80904
5423.00000 0.807405
5426.00000 0.805862
5429.00000 0.803928
5432.00000 0.802465
5435.00000 0.800408
5438.00000 0.799115
5441.00000 0.796975
5444.00000 0.795034
5447.00000 0.793576
5450.00000 0.791342
5453.00000 0.789755
5456.00000 0.787725
5459.00000 0.785777
5462.00000 0.783799
5465.00000 0.781891
5468.00000 0.779886
5471.00000 0.777973
5474.00000 0.775809
5477.00000 0.773635
5480.00000 0.771578
5483.00000 0.769416
5486.00000 0.767154
5489.00000 0.764978
5492.00000 0.762705
5495.00000 0.760714
5498.00000 0.758806
5501.00000 0.756113
5504.00000 0.754236
5507.00000 0.751847
5510.00000 0.749301
5513.00000 0.747031
5516.00000 0.744225
5519.00000 0.742224
5522.00000 0.739984
5525.00000 0.73734
5528.00000 0.734886
5531.00000 0.732408
5534.00000 0.729837
5537.00000 0.727179
5540.00000 0.724832
5543.00000 0.721999
5546.00000 0.719963
5549.00000 0.716924
5552.00000 0.714144
5555.00000 0.711439
5558.00000 0.708925
5561.00000 0.706268
5564.00000 0.703186
5567.00000 0.700721
5570.00000 0.697801
5573.00000 0.695056
5576.00000 0.692468
5579.00000 0.68944
5582.00000 0.686403
5585.00000 0.683439
5588.00000 0.681015
5591.00000 0.677809
5594.00000 0.674767
5597.00000 0.671705
5600.00000 0.668804
5603.00000 0.66568
5606.00000 0.662619
5609.00000 0.659487
5612.00000 0.656577
5615.00000 0.653628
5618.00000 0.650534
5621.00000 0.647371
5624.00000 0.643809
5627.00000 0.641115
5630.00000 0.637873
5633.00000 0.634102
5636.00000 0.63076
5639.00000 0.627681
5642.00000 0.624316
5645.00000 0.621105
5648.00000 0.617813
5651.00000 0.614181
5654.00000 0.611215
5657.00000 0.607748
5660.00000 0.604228
5663.00000 0.600507
5666.00000 0.597551
5669.00000 0.594077
5672.00000 0.590395
5675.00000 0.586516
5678.00000 0.583242
5681.00000 0.579671
5684.00000 0.57638
5687.00000 0.572782
5690.00000 0.568988
5693.00000 0.565505
5696.00000 0.561588
5699.00000 0.558181
5702.00000 0.554565
5705.00000 0.550556
5708.00000 0.547364
5711.00000 0.543794
5714.00000 0.539979
5717.00000 0.53611
5720.00000 0.532734
5723.00000 0.529266
5726.00000 0.525439
5729.00000 0.521528
5732.00000 0.517838
5735.00000 0.514049
5738.00000 0.510291
5741.00000 0.506544
5744.00000 0.502605
5747.00000 0.499051
5750.00000 0.495447
5753.00000 0.491527
5756.00000 0.487779
5759.00000 0.484016
5762.00000 0.48055
5765.00000 0.476722
5768.00000 0.472817
5771.00000 0.468693
5774.00000 0.464971
5777.00000 0.461346
5780.00000 0.457381
5783.00000 0.453621
5786.00000 0.44979
5789.00000 0.446171
5792.00000 0.442435
5795.00000 0.438806
5798.00000 0.434727
5801.00000 0.431042
5804.00000 0.42722
5807.00000 0.423306
5810.00000 0.419447
5813.00000 0.415672
5816.00000 0.411965
5819.00000 0.40814
5822.00000 0.404301
5825.00000 0.40047
5828.00000 0.396746
5831.00000 0.392984
5834.00000 0.38929
5837.00000 0.385373
5840.00000 0.381575
5843.00000 0.377804
5846.00000 0.374017
5849.00000 0.37019
5852.00000 0.366001
5855.00000 0.36264
5858.00000 0.358809
5861.00000 0.355009
5864.00000 0.351172
5867.00000 0.347702
5870.00000 0.343939
5873.00000 0.340255
5876.00000 0.33637
5879.00000 0.332606
5882.00000 0.32914
5885.00000 0.325439
5888.00000 0.321446
5891.00000 0.317913
5894.00000 0.314295
5897.00000 0.310746
5900.00000 0.307267
5903.00000 0.303519
5906.00000 0.299886
5909.00000 0.296445
5912.00000 0.293083
5915.00000 0.289441
5918.00000 0.285737
5921.00000 0.282447
5924.00000 0.27907
5927.00000 0.275414
5930.00000 0.271899
5933.00000 0.268491
5936.00000 0.265124
5939.00000 0.261894
5942.00000 0.258382
5945.00000 0.254997
5948.00000 0.251602
5951.00000 0.248611
5954.00000 0.245329
5957.00000 0.241928
5960.00000 0.23871
5963.00000 0.235638
5966.00000 0.232488
5969.00000 0.229187
5972.00000 0.225986
5975.00000 0.222799
5978.00000 0.219872
5981.00000 0.216792
5984.00000 0.213678
5987.00000 0.210531
5990.00000 0.207642
5993.00000 0.204749
5996.00000 0.201721
5999.00000 0.198664
6002.00000 0.195815
6005.00000 0.193037
6008.00000 0.190173
6011.00000 0.187217
6014.00000 0.184333
6017.00000 0.181631
6020.00000 0.178937
6023.00000 0.176184
6026.00000 0.173321
6029.00000 0.170567
6032.00000 0.168028
6035.00000 0.165393
6038.00000 0.162675
6041.00000 0.160084
6044.00000 0.157442
6047.00000 0.154951
6050.00000 0.152364
6053.00000 0.149762
6056.00000 0.147177
6059.00000 0.144921
6062.00000 0.142445
6065.00000 0.13989
6068.00000 0.137351
6071.00000 0.135095
6074.00000 0.132964
6077.00000 0.13059
6080.00000 0.128138
6083.00000 0.125996
6086.00000 0.123873
6089.00000 0.121696
6092.00000 0.119326
6095.00000 0.117046
6098.00000 0.114964
6101.00000 0.112969
6104.00000 0.110805
6107.00000 0.108712
6110.00000 0.106675
6113.00000 0.104804
6116.00000 0.102756
6119.00000 0.100826
6122.00000 0.098777
6125.00000 0.096984
6128.00000 0.095144
6131.00000 0.093226
6134.00000 0.091319
6137.00000 0.089562
6140.00000 0.087905
6143.00000 0.086095
6146.00000 0.084363
6149.00000 0.082595
6152.00000 0.081013
6155.00000 0.079381
6158.00000 0.077705
6161.00000 0.076051
6164.00000 0.074478
6167.00000 0.073055
6170.00000 0.071482
6173.00000 0.069961
6176.00000 0.068446
6179.00000 0.067063
6182.00000 0.065631
6185.00000 0.064236
6188.00000 0.062808
6191.00000 0.061492
6194.00000 0.060175
6197.00000 0.05886
6200.00000 0.057568
6203.00000 0.056225
6206.00000 0.055
6209.00000 0.053822
6212.00000 0.052608
6215.00000 0.0514
6218.00000 0.050242
6221.00000 0.049097
6224.00000 0.047993
6227.00000 0.046872
6230.00000 0.045763
6233.00000 0.0447
6236.00000 0.043695
6239.00000 0.042657
6242.00000 0.041591
6245.00000 0.040623
6248.00000 0.039693
6251.00000 0.038716
6254.00000 0.037764
6257.00000 0.036827
6260.00000 0.035981
6263.00000 0.03506
6266.00000 0.034199
6269.00000 0.033328
6272.00000 0.032477
6275.00000 0.031721
6278.00000 0.03091
6281.00000 0.030069
6284.00000 0.029302
6287.00000 0.028588
6290.00000 0.027836
6293.00000 0.027096
6296.00000 0.026367
6299.00000 0.025689
6302.00000 0.025073
6305.00000 0.024395
6308.00000 0.023673
6311.00000 0.023064
6314.00000 0.022464
6317.00000 0.021855
6320.00000 0.021244
6323.00000 0.020656
6326.00000 0.020105
6329.00000 0.019569
6332.00000 0.019026
6335.00000 0.018465
6338.00000 0.017935
6341.00000 0.017467
6344.00000 0.016989
6347.00000 0.016497
6350.00000 0.016038
6353.00000 0.015577
6356.00000 0.015157
6359.00000 0.014696
6362.00000 0.014267
6365.00000 0.013839
6368.00000 0.013476
6371.00000 0.013075
6374.00000 0.012689
6377.00000 0.0123
6380.00000 0.011934
6383.00000 0.011586
6386.00000 0.011253
6389.00000 0.01089
6392.00000 0.010556
6395.00000 0.010266
6398.00000 0.009948
6401.00000 0.009657
6404.00000 0.009342
6407.00000 0.009061
6410.00000 0.008777
6413.00000 0.008532
6416.00000 0.008255
6419.00000 0.007985
6422.00000 0.007752
6425.00000 0.007493
6428.00000 0.007269
6431.00000 0.007019
6434.00000 0.006807
6437.00000 0.006601
6440.00000 0.006381
6443.00000 0.006171
6446.00000 0.005977
6449.00000 0.005777
6452.00000 0.005585
6455.00000 0.005396
6458.00000 0.005219
6461.00000 0.005046
6464.00000 0.004892
6467.00000 0.004725
6470.00000 0.004554
6473.00000 0.004405
6476.00000 0.004273
6479.00000 0.0041
7126.89990 0.0
