threeML/data/optical_filters/IAC80/CAMELOT-sdss_u.ecsv
# %ECSV 0.9
# ---
# datatype:
# - {name: wavelength, unit: Angstrom, datatype: float32}
# - {name: response, datatype: float32}
# meta: !!omap
# - {band_name: sdss_u}
# - {group_name: CAMELOT}
wavelength response
2731.50000 0.0
3035.00000 0.004066
3038.00000 0.004962
3041.00000 0.00611
3044.00000 0.007547
3047.00000 0.009327
3050.00000 0.011331
3053.00000 0.013391
3056.00000 0.015694
3059.00000 0.018172
3062.00000 0.020624
3065.00000 0.022847
3068.00000 0.025083
3071.00000 0.027456
3074.00000 0.030074
3077.00000 0.032889
3080.00000 0.036032
3083.00000 0.040012
3086.00000 0.044914
3089.00000 0.050898
3092.00000 0.057374
3095.00000 0.065187
3098.00000 0.074558
3101.00000 0.08542
3104.00000 0.096527
3107.00000 0.107497
3110.00000 0.119137
3113.00000 0.130609
3116.00000 0.141055
3119.00000 0.14995
3122.00000 0.158416
3125.00000 0.166889
3128.00000 0.175228
3131.00000 0.183913
3134.00000 0.192744
3137.00000 0.203467
3140.00000 0.215744
3143.00000 0.228962
3146.00000 0.242423
3149.00000 0.257449
3152.00000 0.273713
3155.00000 0.289433
3158.00000 0.304086
3161.00000 0.317519
3164.00000 0.329646
3167.00000 0.34012
3170.00000 0.349302
3173.00000 0.356739
3176.00000 0.363773
3179.00000 0.37056
3182.00000 0.37793
3185.00000 0.385914
3188.00000 0.394927
3191.00000 0.405231
3194.00000 0.416276
3197.00000 0.429295
3200.00000 0.440764
3203.00000 0.452736
3206.00000 0.463659
3209.00000 0.473375
3212.00000 0.480553
3215.00000 0.484614
3218.00000 0.486813
3221.00000 0.487026
3224.00000 0.485019
3227.00000 0.482509
3230.00000 0.480194
3233.00000 0.478466
3236.00000 0.477909
3239.00000 0.479017
3242.00000 0.482458
3245.00000 0.488908
3248.00000 0.497657
3251.00000 0.509185
3254.00000 0.522019
3257.00000 0.535824
3260.00000 0.552078
3263.00000 0.569084
3266.00000 0.58242
3269.00000 0.594823
3272.00000 0.604354
3275.00000 0.611188
3278.00000 0.613321
3281.00000 0.612392
3284.00000 0.609268
3287.00000 0.60385
3290.00000 0.597756
3293.00000 0.591199
3296.00000 0.586021
3299.00000 0.58197
3302.00000 0.580341
3305.00000 0.58156
3308.00000 0.584693
3311.00000 0.591762
3314.00000 0.600075
3317.00000 0.612426
3320.00000 0.624626
3323.00000 0.638451
3326.00000 0.654809
3329.00000 0.669571
3332.00000 0.683409
3335.00000 0.693372
3338.00000 0.701562
3341.00000 0.707539
3344.00000 0.710192
3347.00000 0.709091
3350.00000 0.705749
3353.00000 0.700635
3356.00000 0.694744
3359.00000 0.689794
3362.00000 0.684053
3365.00000 0.680551
3368.00000 0.678266
3371.00000 0.678527
3374.00000 0.680573
3377.00000 0.68429
3380.00000 0.691007
3383.00000 0.699307
3386.00000 0.709105
3389.00000 0.71857
3392.00000 0.729293
3395.00000 0.740333
3398.00000 0.747155
3401.00000 0.754288
3404.00000 0.757171
3407.00000 0.759261
3410.00000 0.756349
3413.00000 0.750414
3416.00000 0.743208
3419.00000 0.734046
3422.00000 0.724259
3425.00000 0.712287
3428.00000 0.70062
3431.00000 0.692148
3434.00000 0.684363
3437.00000 0.678472
3440.00000 0.673967
3443.00000 0.671719
3446.00000 0.672628
3449.00000 0.675781
3452.00000 0.682577
3455.00000 0.689721
3458.00000 0.699621
3461.00000 0.710021
3464.00000 0.724869
3467.00000 0.73597
3470.00000 0.748349
3473.00000 0.759856
3476.00000 0.769844
3479.00000 0.778446
3482.00000 0.783483
3485.00000 0.787362
3488.00000 0.786686
3491.00000 0.784136
3494.00000 0.780027
3497.00000 0.774015
3500.00000 0.767603
3503.00000 0.760333
3506.00000 0.752318
3509.00000 0.746862
3512.00000 0.743481
3515.00000 0.739026
3518.00000 0.73898
3521.00000 0.73784
3524.00000 0.739799
3527.00000 0.742569
3530.00000 0.746791
3533.00000 0.753562
3536.00000 0.758473
3539.00000 0.763006
3542.00000 0.769642
3545.00000 0.773656
3548.00000 0.776867
3551.00000 0.777526
3554.00000 0.776179
3557.00000 0.773996
3560.00000 0.768648
3563.00000 0.762014
3566.00000 0.753518
3569.00000 0.743474
3572.00000 0.731128
3575.00000 0.720027
3578.00000 0.709512
3581.00000 0.698767
3584.00000 0.688652
3587.00000 0.680355
3590.00000 0.673665
3593.00000 0.669328
3596.00000 0.666331
3599.00000 0.664668
3602.00000 0.665974
3605.00000 0.668461
3608.00000 0.672776
3611.00000 0.679216
3614.00000 0.686668
3617.00000 0.69504
3620.00000 0.704718
3623.00000 0.714252
3626.00000 0.722866
3629.00000 0.729756
3632.00000 0.737379
3635.00000 0.742186
3638.00000 0.744646
3641.00000 0.742896
3644.00000 0.739125
3647.00000 0.732986
3650.00000 0.723032
3653.00000 0.710487
3656.00000 0.69671
3659.00000 0.681434
3662.00000 0.665277
3665.00000 0.647507
3668.00000 0.630561
3671.00000 0.61495
3674.00000 0.599501
3677.00000 0.584376
3680.00000 0.570894
3683.00000 0.559957
3686.00000 0.550284
3689.00000 0.541771
3692.00000 0.534993
3695.00000 0.530225
3698.00000 0.526245
3701.00000 0.52487
3704.00000 0.524024
3707.00000 0.525228
3710.00000 0.527382
3713.00000 0.529908
3716.00000 0.533266
3719.00000 0.538147
3722.00000 0.542969
3725.00000 0.547635
3728.00000 0.552067
3731.00000 0.556495
3734.00000 0.560315
3737.00000 0.563034
3740.00000 0.564666
3743.00000 0.565886
3746.00000 0.564963
3749.00000 0.563636
3752.00000 0.561105
3755.00000 0.556625
3758.00000 0.551627
3761.00000 0.545226
3764.00000 0.538119
3767.00000 0.53046
3770.00000 0.521973
3773.00000 0.513521
3776.00000 0.504271
3779.00000 0.495984
3782.00000 0.487117
3785.00000 0.477631
3788.00000 0.468531
3791.00000 0.459712
3794.00000 0.451537
3797.00000 0.44288
3800.00000 0.433864
3803.00000 0.424815
3806.00000 0.416354
3809.00000 0.407547
3812.00000 0.398821
3815.00000 0.388891
3818.00000 0.379593
3821.00000 0.369923
3824.00000 0.359819
3827.00000 0.348788
3830.00000 0.337985
3833.00000 0.327616
3836.00000 0.316527
3839.00000 0.304692
3842.00000 0.292826
3845.00000 0.28132
3848.00000 0.269816
3851.00000 0.257932
3854.00000 0.24613
3857.00000 0.234651
3860.00000 0.22359
3863.00000 0.21291
3866.00000 0.202196
3869.00000 0.19147
3872.00000 0.181834
3875.00000 0.172554
3878.00000 0.163186
3881.00000 0.154116
3884.00000 0.145318
3887.00000 0.137329
3890.00000 0.129649
3893.00000 0.121923
3896.00000 0.114391
3899.00000 0.107483
3902.00000 0.10122
3905.00000 0.094671
3908.00000 0.088158
3911.00000 0.082324
3914.00000 0.076797
3917.00000 0.071504
3920.00000 0.066215
3923.00000 0.061094
3926.00000 0.056433
3929.00000 0.052156
3932.00000 0.047734
3935.00000 0.043552
3938.00000 0.039692
3941.00000 0.036318
3944.00000 0.032989
3947.00000 0.02982
3950.00000 0.026783
3953.00000 0.024231
3956.00000 0.021815
3959.00000 0.019537
3962.00000 0.01739
3965.00000 0.015501
3968.00000 0.01382
3971.00000 0.012295
3974.00000 0.010835
3977.00000 0.009498
3980.00000 0.008405
3983.00000 0.007451
3986.00000 0.006494
3989.00000 0.005703
3992.00000 0.004971
3995.00000 0.004339
4394.50000 0.0
