threeML/data/optical_filters/IAC80/CAMELOT-sdss_g.ecsv
# %ECSV 0.9
# ---
# datatype:
# - {name: wavelength, unit: Angstrom, datatype: float32}
# - {name: response, datatype: float32}
# meta: !!omap
# - {band_name: sdss_g}
# - {group_name: CAMELOT}
wavelength response
3471.30005 0.0
3857.00000 0.004474
3860.00000 0.005426
3863.00000 0.006474
3866.00000 0.007833
3869.00000 0.009399
3872.00000 0.011051
3875.00000 0.013018
3878.00000 0.015292
3881.00000 0.017904
3884.00000 0.020786
3887.00000 0.023811
3890.00000 0.027157
3893.00000 0.031121
3896.00000 0.035362
3899.00000 0.039724
3902.00000 0.044283
3905.00000 0.049598
3908.00000 0.055208
3911.00000 0.061091
3914.00000 0.067003
3917.00000 0.073352
3920.00000 0.080344
3923.00000 0.087766
3926.00000 0.095095
3929.00000 0.102433
3932.00000 0.110664
3935.00000 0.119405
3938.00000 0.128237
3941.00000 0.136843
3944.00000 0.146223
3947.00000 0.155782
3950.00000 0.165542
3953.00000 0.175473
3956.00000 0.185154
3959.00000 0.195377
3962.00000 0.205929
3965.00000 0.216363
3968.00000 0.226057
3971.00000 0.236345
3974.00000 0.246802
3977.00000 0.257426
3980.00000 0.266906
3983.00000 0.276844
3986.00000 0.286924
3989.00000 0.297003
3992.00000 0.306836
3995.00000 0.31598
3998.00000 0.325402
4001.00000 0.3354
4004.00000 0.34523
4007.00000 0.354563
4010.00000 0.363453
4013.00000 0.372783
4016.00000 0.38192
4019.00000 0.391058
4022.00000 0.399507
4025.00000 0.407926
4028.00000 0.416612
4031.00000 0.424931
4034.00000 0.432557
4037.00000 0.439895
4040.00000 0.447812
4043.00000 0.455125
4046.00000 0.462229
4049.00000 0.4685
4052.00000 0.475038
4055.00000 0.481415
4058.00000 0.487563
4061.00000 0.493121
4064.00000 0.498823
4067.00000 0.503997
4070.00000 0.50916
4073.00000 0.514724
4076.00000 0.51889
4079.00000 0.523967
4082.00000 0.529095
4085.00000 0.534147
4088.00000 0.539055
4091.00000 0.543678
4094.00000 0.549108
4097.00000 0.554259
4100.00000 0.559001
4103.00000 0.564308
4106.00000 0.569132
4109.00000 0.573609
4112.00000 0.579173
4115.00000 0.583582
4118.00000 0.587949
4121.00000 0.592171
4124.00000 0.59682
4127.00000 0.60065
4130.00000 0.604846
4133.00000 0.608605
4136.00000 0.61274
4139.00000 0.616589
4142.00000 0.619894
4145.00000 0.622791
4148.00000 0.625851
4151.00000 0.629281
4154.00000 0.632503
4157.00000 0.635163
4160.00000 0.638221
4163.00000 0.641179
4166.00000 0.64403
4169.00000 0.647068
4172.00000 0.649827
4175.00000 0.653178
4178.00000 0.656897
4181.00000 0.660747
4184.00000 0.66455
4187.00000 0.668484
4190.00000 0.673343
4193.00000 0.677842
4196.00000 0.682322
4199.00000 0.686838
4202.00000 0.691909
4205.00000 0.697093
4208.00000 0.701992
4211.00000 0.706431
4214.00000 0.711065
4217.00000 0.715865
4220.00000 0.72047
4223.00000 0.724014
4226.00000 0.727554
4229.00000 0.731129
4232.00000 0.73342
4235.00000 0.735683
4238.00000 0.737787
4241.00000 0.739011
4244.00000 0.739207
4247.00000 0.738915
4250.00000 0.738091
4253.00000 0.736799
4256.00000 0.734521
4259.00000 0.73223
4262.00000 0.728935
4265.00000 0.725618
4268.00000 0.72151
4271.00000 0.717848
4274.00000 0.713697
4277.00000 0.710034
4280.00000 0.706264
4283.00000 0.702231
4286.00000 0.698399
4289.00000 0.694908
4292.00000 0.692264
4295.00000 0.689262
4298.00000 0.687102
4301.00000 0.68483
4304.00000 0.683857
4307.00000 0.683063
4310.00000 0.682552
4313.00000 0.683068
4316.00000 0.684242
4319.00000 0.686065
4322.00000 0.688329
4325.00000 0.691159
4328.00000 0.695419
4331.00000 0.69924
4334.00000 0.70352
4337.00000 0.708796
4340.00000 0.714851
4343.00000 0.720777
4346.00000 0.726852
4349.00000 0.733313
4352.00000 0.739815
4355.00000 0.746933
4358.00000 0.753499
4361.00000 0.759776
4364.00000 0.765846
4367.00000 0.771977
4370.00000 0.777825
4373.00000 0.781903
4376.00000 0.786712
4379.00000 0.790308
4382.00000 0.793031
4385.00000 0.794918
4388.00000 0.795744
4391.00000 0.795397
4394.00000 0.794975
4397.00000 0.793181
4400.00000 0.790709
4403.00000 0.787416
4406.00000 0.783274
4409.00000 0.778592
4412.00000 0.773246
4415.00000 0.767996
4418.00000 0.762439
4421.00000 0.756207
4424.00000 0.749994
4427.00000 0.744259
4430.00000 0.738057
4433.00000 0.732258
4436.00000 0.726062
4439.00000 0.721424
4442.00000 0.716703
4445.00000 0.712236
4448.00000 0.708049
4451.00000 0.704654
4454.00000 0.701824
4457.00000 0.699417
4460.00000 0.697992
4463.00000 0.696772
4466.00000 0.696661
4469.00000 0.696924
4472.00000 0.697936
4475.00000 0.699445
4478.00000 0.702
4481.00000 0.704335
4484.00000 0.708394
4487.00000 0.712312
4490.00000 0.716947
4493.00000 0.722166
4496.00000 0.727869
4499.00000 0.734262
4502.00000 0.740858
4505.00000 0.747927
4508.00000 0.754506
4511.00000 0.762181
4514.00000 0.770227
4517.00000 0.778399
4520.00000 0.785676
4523.00000 0.793545
4526.00000 0.80172
4529.00000 0.809447
4532.00000 0.816671
4535.00000 0.823607
4538.00000 0.83048
4541.00000 0.836726
4544.00000 0.842237
4547.00000 0.847177
4550.00000 0.851432
4553.00000 0.855301
4556.00000 0.858057
4559.00000 0.859887
4562.00000 0.861378
4565.00000 0.862073
4568.00000 0.862233
4571.00000 0.86195
4574.00000 0.860755
4577.00000 0.85933
4580.00000 0.857548
4583.00000 0.854969
4586.00000 0.852499
4589.00000 0.849589
4592.00000 0.846138
4595.00000 0.84285
4598.00000 0.838634
4601.00000 0.835574
4604.00000 0.831643
4607.00000 0.828444
4610.00000 0.824975
4613.00000 0.822497
4616.00000 0.819619
4619.00000 0.817172
4622.00000 0.815041
4625.00000 0.813213
4628.00000 0.811757
4631.00000 0.810817
4634.00000 0.81006
4637.00000 0.809406
4640.00000 0.80936
4643.00000 0.809493
4646.00000 0.809612
4649.00000 0.810541
4652.00000 0.811882
4655.00000 0.813163
4658.00000 0.814885
4661.00000 0.817284
4664.00000 0.819704
4667.00000 0.822372
4670.00000 0.825011
4673.00000 0.828306
4676.00000 0.831348
4679.00000 0.835152
4682.00000 0.838233
4685.00000 0.841757
4688.00000 0.845217
4691.00000 0.848491
4694.00000 0.851873
4697.00000 0.855039
4700.00000 0.857513
4703.00000 0.860951
4706.00000 0.863742
4709.00000 0.86637
4712.00000 0.869171
4715.00000 0.871613
4718.00000 0.873873
4721.00000 0.87577
4724.00000 0.877514
4727.00000 0.878945
4730.00000 0.880666
4733.00000 0.881282
4736.00000 0.882288
4739.00000 0.882664
4742.00000 0.882858
4745.00000 0.882904
4748.00000 0.882732
4751.00000 0.882905
4754.00000 0.882288
4757.00000 0.881845
4760.00000 0.881479
4763.00000 0.880602
4766.00000 0.879906
4769.00000 0.879509
4772.00000 0.878189
4775.00000 0.877218
4778.00000 0.876497
4781.00000 0.875961
4784.00000 0.87509
4787.00000 0.874501
4790.00000 0.873559
4793.00000 0.87298
4796.00000 0.872232
4799.00000 0.87171
4802.00000 0.871374
4805.00000 0.87152
4808.00000 0.871406
4811.00000 0.87148
4814.00000 0.871535
4817.00000 0.871574
4820.00000 0.872141
4823.00000 0.872543
4826.00000 0.87345
4829.00000 0.873515
4832.00000 0.874565
4835.00000 0.875395
4838.00000 0.876217
4841.00000 0.876919
4844.00000 0.877779
4847.00000 0.879211
4850.00000 0.88055
4853.00000 0.881262
4856.00000 0.882275
4859.00000 0.883404
4862.00000 0.88463
4865.00000 0.885943
4868.00000 0.886905
4871.00000 0.888657
4874.00000 0.889814
4877.00000 0.890757
4880.00000 0.892097
4883.00000 0.893338
4886.00000 0.893935
4889.00000 0.895171
4892.00000 0.895842
4895.00000 0.896879
4898.00000 0.89748
4901.00000 0.898119
4904.00000 0.898462
4907.00000 0.899278
4910.00000 0.899707
4913.00000 0.899894
4916.00000 0.900574
4919.00000 0.901264
4922.00000 0.901632
4925.00000 0.901652
4928.00000 0.901802
4931.00000 0.902027
4934.00000 0.902022
4937.00000 0.901721
4940.00000 0.901723
4943.00000 0.901178
4946.00000 0.900818
4949.00000 0.900567
4952.00000 0.900391
4955.00000 0.899991
4958.00000 0.898902
4961.00000 0.898808
4964.00000 0.898211
4967.00000 0.897649
4970.00000 0.897102
4973.00000 0.896715
4976.00000 0.896057
4979.00000 0.895443
4982.00000 0.894784
4985.00000 0.893332
4988.00000 0.893001
4991.00000 0.89195
4994.00000 0.891178
4997.00000 0.890394
5000.00000 0.889547
5003.00000 0.888713
5006.00000 0.887899
5009.00000 0.887171
5012.00000 0.886468
5015.00000 0.88613
5018.00000 0.885868
5021.00000 0.885106
5024.00000 0.88422
5027.00000 0.884255
5030.00000 0.88322
5033.00000 0.882841
5036.00000 0.882036
5039.00000 0.881769
5042.00000 0.880935
5045.00000 0.880533
5048.00000 0.8803
5051.00000 0.879927
5054.00000 0.880018
5057.00000 0.880165
5060.00000 0.880218
5063.00000 0.880141
5066.00000 0.880737
5069.00000 0.880751
5072.00000 0.881042
5075.00000 0.881259
5078.00000 0.881459
5081.00000 0.881759
5084.00000 0.881692
5087.00000 0.882316
5090.00000 0.882913
5093.00000 0.882853
5096.00000 0.883811
5099.00000 0.884087
5102.00000 0.884816
5105.00000 0.88562
5108.00000 0.886162
5111.00000 0.88669
5114.00000 0.887013
5117.00000 0.887553
5120.00000 0.888133
5123.00000 0.888717
5126.00000 0.889043
5129.00000 0.889215
5132.00000 0.889359
5135.00000 0.88943
5138.00000 0.889505
5141.00000 0.88973
5144.00000 0.889622
5147.00000 0.889616
5150.00000 0.889621
5153.00000 0.889453
5156.00000 0.889114
5159.00000 0.889149
5162.00000 0.888333
5165.00000 0.888129
5168.00000 0.887795
5171.00000 0.886832
5174.00000 0.886353
5177.00000 0.885478
5180.00000 0.884593
5183.00000 0.883692
5186.00000 0.882667
5189.00000 0.882027
5192.00000 0.881194
5195.00000 0.88053
5198.00000 0.879456
5201.00000 0.878585
5204.00000 0.877447
5207.00000 0.876449
5210.00000 0.87582
5213.00000 0.874518
5216.00000 0.873867
5219.00000 0.873144
5222.00000 0.871908
5225.00000 0.871376
5228.00000 0.870382
5231.00000 0.86965
5234.00000 0.868879
5237.00000 0.868494
5240.00000 0.867361
5243.00000 0.866484
5246.00000 0.866252
5249.00000 0.8661
5252.00000 0.86526
5255.00000 0.864773
5258.00000 0.864532
5261.00000 0.863829
5264.00000 0.863616
5267.00000 0.863225
5270.00000 0.863046
5273.00000 0.862561
5276.00000 0.862328
5279.00000 0.861914
5282.00000 0.861477
5285.00000 0.861119
5288.00000 0.861164
5291.00000 0.860216
5294.00000 0.859858
5297.00000 0.859104
5300.00000 0.858742
5303.00000 0.858802
5306.00000 0.858172
5309.00000 0.857629
5312.00000 0.856925
5315.00000 0.856358
5318.00000 0.855678
5321.00000 0.855022
5324.00000 0.853942
5327.00000 0.853134
5330.00000 0.852584
5333.00000 0.851438
5336.00000 0.850581
5339.00000 0.849682
5342.00000 0.848334
5345.00000 0.84714
5348.00000 0.846168
5351.00000 0.844393
5354.00000 0.843268
5357.00000 0.841665
5360.00000 0.839904
5363.00000 0.838347
5366.00000 0.836643
5369.00000 0.834922
5372.00000 0.832456
5375.00000 0.82992
5378.00000 0.82704
5381.00000 0.824257
5384.00000 0.821414
5387.00000 0.817819
5390.00000 0.814016
5393.00000 0.810065
5396.00000 0.80592
5399.00000 0.801523
5402.00000 0.796487
5405.00000 0.79103
5408.00000 0.785424
5411.00000 0.780052
5414.00000 0.773843
5417.00000 0.766007
5420.00000 0.758388
5423.00000 0.75043
5426.00000 0.741598
5429.00000 0.731933
5432.00000 0.721509
5435.00000 0.710478
5438.00000 0.699428
5441.00000 0.686669
5444.00000 0.67263
5447.00000 0.657583
5450.00000 0.642156
5453.00000 0.625142
5456.00000 0.60644
5459.00000 0.585673
5462.00000 0.564351
5465.00000 0.542882
5468.00000 0.518528
5471.00000 0.492884
5474.00000 0.465559
5477.00000 0.439253
5480.00000 0.41176
5483.00000 0.382981
5486.00000 0.35358
5489.00000 0.325451
5492.00000 0.299308
5495.00000 0.272505
5498.00000 0.245936
5501.00000 0.221372
5504.00000 0.199549
5507.00000 0.178379
5510.00000 0.158982
5513.00000 0.14046
5516.00000 0.124468
5519.00000 0.110541
5522.00000 0.097588
5525.00000 0.085664
5528.00000 0.075059
5531.00000 0.066401
5534.00000 0.058445
5537.00000 0.051291
5540.00000 0.044888
5543.00000 0.039509
5546.00000 0.034925
5549.00000 0.030742
5552.00000 0.026962
5555.00000 0.023669
5558.00000 0.021004
5561.00000 0.018576
5564.00000 0.016371
5567.00000 0.014424
5570.00000 0.012806
5573.00000 0.011396
5576.00000 0.010097
5579.00000 0.00897
5582.00000 0.007933
5585.00000 0.007103
5588.00000 0.006372
5591.00000 0.00565
5594.00000 0.005016
5597.00000 0.004513
5600.00000 0.004059
6160.00000 0.0
