threeML/data/optical_filters/IAC80/CAMELOT-stromgren_y.ecsv
# %ECSV 0.9
# ---
# datatype:
# - {name: wavelength, unit: Angstrom, datatype: float32}
# - {name: response, datatype: float32}
# meta: !!omap
# - {band_name: stromgren_y}
# - {group_name: CAMELOT}
wavelength response
4626.00000 0.0
5140.00000 0.004143
5145.00000 0.004447
5150.00000 0.004808
5155.00000 0.005188
5160.00000 0.005667
5165.00000 0.006143
5170.00000 0.006659
5175.00000 0.007279
5180.00000 0.007961
5185.00000 0.008767
5190.00000 0.009639
5195.00000 0.010594
5200.00000 0.011773
5205.00000 0.013034
5210.00000 0.014521
5215.00000 0.016252
5220.00000 0.018151
5225.00000 0.02039
5230.00000 0.023083
5235.00000 0.026035
5240.00000 0.029658
5245.00000 0.033801
5250.00000 0.038555
5255.00000 0.044493
5260.00000 0.05106
5265.00000 0.059163
5270.00000 0.069101
5275.00000 0.080157
5280.00000 0.094292
5285.00000 0.110888
5290.00000 0.130263
5295.00000 0.154256
5300.00000 0.181794
5305.00000 0.215832
5310.00000 0.255914
5315.00000 0.300639
5320.00000 0.353983
5325.00000 0.413638
5330.00000 0.476513
5335.00000 0.546508
5340.00000 0.614823
5345.00000 0.680277
5350.00000 0.743924
5355.00000 0.794899
5360.00000 0.837855
5365.00000 0.871729
5370.00000 0.893296
5375.00000 0.907953
5380.00000 0.914994
5385.00000 0.91771
5390.00000 0.917165
5395.00000 0.914736
5400.00000 0.911678
5405.00000 0.908657
5410.00000 0.90607
5415.00000 0.904604
5420.00000 0.903846
5425.00000 0.903591
5430.00000 0.904358
5435.00000 0.906107
5440.00000 0.908129
5445.00000 0.910081
5450.00000 0.91219
5455.00000 0.914118
5460.00000 0.915715
5465.00000 0.917272
5470.00000 0.918302
5475.00000 0.919013
5480.00000 0.91873
5485.00000 0.918542
5490.00000 0.91682
5495.00000 0.914278
5500.00000 0.910214
5505.00000 0.904798
5510.00000 0.896136
5515.00000 0.88383
5520.00000 0.869361
5525.00000 0.848803
5530.00000 0.824054
5535.00000 0.793738
5540.00000 0.756187
5545.00000 0.715127
5550.00000 0.668131
5555.00000 0.616084
5560.00000 0.564563
5565.00000 0.508855
5570.00000 0.456394
5575.00000 0.404984
5580.00000 0.355645
5585.00000 0.312559
5590.00000 0.271226
5595.00000 0.235062
5600.00000 0.204338
5605.00000 0.176037
5610.00000 0.152398
5615.00000 0.132008
5620.00000 0.113709
5625.00000 0.09904
5630.00000 0.0859
5635.00000 0.07459
5640.00000 0.065487
5645.00000 0.057203
5650.00000 0.050212
5655.00000 0.044288
5660.00000 0.038908
5665.00000 0.034592
5670.00000 0.030718
5675.00000 0.02728
5680.00000 0.024513
5685.00000 0.021898
5690.00000 0.019559
5695.00000 0.017788
5700.00000 0.016028
5705.00000 0.014551
5710.00000 0.013196
5715.00000 0.011988
5720.00000 0.010994
5725.00000 0.01006
5730.00000 0.009194
5735.00000 0.008499
5740.00000 0.007809
5745.00000 0.007186
5750.00000 0.006672
5755.00000 0.006206
5760.00000 0.00575
5765.00000 0.005349
5770.00000 0.00499
5775.00000 0.004648
5780.00000 0.004343
5785.00000 0.004089
6363.50000 0.0
