threeML/data/optical_filters/IAC80/TCP-V.ecsv
# %ECSV 0.9
# ---
# datatype:
# - {name: wavelength, unit: Angstrom, datatype: float32}
# - {name: response, datatype: float32}
# meta: !!omap
# - {band_name: V}
# - {group_name: TCP}
wavelength response
4261.50000 0.0
4735.00000 0.004941
4740.00000 0.006155
4745.00000 0.007787
4750.00000 0.009585
4755.00000 0.011885
4760.00000 0.0147
4765.00000 0.017976
4770.00000 0.021978
4775.00000 0.026573
4780.00000 0.032037
4785.00000 0.038536
4790.00000 0.045557
4795.00000 0.054209
4800.00000 0.063833
4805.00000 0.074582
4810.00000 0.087004
4815.00000 0.100335
4820.00000 0.114898
4825.00000 0.131942
4830.00000 0.148736
4835.00000 0.167923
4840.00000 0.188642
4845.00000 0.209402
4850.00000 0.232373
4855.00000 0.255822
4860.00000 0.279783
4865.00000 0.305534
4870.00000 0.330036
4875.00000 0.356058
4880.00000 0.382593
4885.00000 0.407476
4890.00000 0.433592
4895.00000 0.459076
4900.00000 0.483808
4905.00000 0.509175
4910.00000 0.532267
4915.00000 0.55536
4920.00000 0.578051
4925.00000 0.59944
4930.00000 0.620319
4935.00000 0.639877
4940.00000 0.658227
4945.00000 0.676309
4950.00000 0.693511
4955.00000 0.709481
4960.00000 0.724632
4965.00000 0.738092
4970.00000 0.751599
4975.00000 0.764511
4980.00000 0.775376
4985.00000 0.786929
4990.00000 0.796416
4995.00000 0.806016
5000.00000 0.815131
5005.00000 0.823229
5010.00000 0.830934
5015.00000 0.83746
5020.00000 0.843832
5025.00000 0.84966
5030.00000 0.854975
5035.00000 0.860228
5040.00000 0.864363
5045.00000 0.868998
5050.00000 0.872997
5055.00000 0.876118
5060.00000 0.878932
5065.00000 0.882027
5070.00000 0.884978
5075.00000 0.887137
5080.00000 0.889482
5085.00000 0.891698
5090.00000 0.893322
5095.00000 0.894619
5100.00000 0.896342
5105.00000 0.897598
5110.00000 0.898848
5115.00000 0.899322
5120.00000 0.900118
5125.00000 0.90036
5130.00000 0.90127
5135.00000 0.901841
5140.00000 0.90213
5145.00000 0.902421
5150.00000 0.902885
5155.00000 0.902583
5160.00000 0.902764
5165.00000 0.902538
5170.00000 0.902513
5175.00000 0.902282
5180.00000 0.90184
5185.00000 0.901635
5190.00000 0.901259
5195.00000 0.900671
5200.00000 0.900048
5205.00000 0.89925
5210.00000 0.898769
5215.00000 0.898025
5220.00000 0.896924
5225.00000 0.896566
5230.00000 0.895097
5235.00000 0.893873
5240.00000 0.892783
5245.00000 0.891763
5250.00000 0.890297
5255.00000 0.888832
5260.00000 0.887318
5265.00000 0.886208
5270.00000 0.884671
5275.00000 0.883238
5280.00000 0.881641
5285.00000 0.880234
5290.00000 0.878037
5295.00000 0.876113
5300.00000 0.875072
5305.00000 0.873151
5310.00000 0.870546
5315.00000 0.868747
5320.00000 0.866668
5325.00000 0.864822
5330.00000 0.862247
5335.00000 0.860282
5340.00000 0.857674
5345.00000 0.856053
5350.00000 0.853476
5355.00000 0.851179
5360.00000 0.848395
5365.00000 0.845374
5370.00000 0.842918
5375.00000 0.840257
5380.00000 0.837261
5385.00000 0.834654
5390.00000 0.831487
5395.00000 0.828724
5400.00000 0.825503
5405.00000 0.822905
5410.00000 0.819121
5415.00000 0.815878
5420.00000 0.812392
5425.00000 0.80917
5430.00000 0.805692
5435.00000 0.802097
5440.00000 0.798547
5445.00000 0.794537
5450.00000 0.791064
5455.00000 0.787071
5460.00000 0.783116
5465.00000 0.779586
5470.00000 0.775242
5475.00000 0.771021
5480.00000 0.76714
5485.00000 0.762787
5490.00000 0.758568
5495.00000 0.754256
5500.00000 0.749681
5505.00000 0.745107
5510.00000 0.740714
5515.00000 0.736042
5520.00000 0.731364
5525.00000 0.726296
5530.00000 0.72171
5535.00000 0.716709
5540.00000 0.711769
5545.00000 0.706921
5550.00000 0.702125
5555.00000 0.696734
5560.00000 0.691292
5565.00000 0.68617
5570.00000 0.681315
5575.00000 0.675565
5580.00000 0.669978
5585.00000 0.664519
5590.00000 0.659176
5595.00000 0.653155
5600.00000 0.647991
5605.00000 0.642001
5610.00000 0.636448
5615.00000 0.630587
5620.00000 0.624588
5625.00000 0.618758
5630.00000 0.612839
5635.00000 0.606385
5640.00000 0.600106
5645.00000 0.594318
5650.00000 0.588014
5655.00000 0.582033
5660.00000 0.575337
5665.00000 0.569536
5670.00000 0.562589
5675.00000 0.556216
5680.00000 0.549827
5685.00000 0.543565
5690.00000 0.536848
5695.00000 0.530985
5700.00000 0.523885
5705.00000 0.517499
5710.00000 0.511025
5715.00000 0.504124
5720.00000 0.497667
5725.00000 0.490943
5730.00000 0.484492
5735.00000 0.478031
5740.00000 0.471222
5745.00000 0.464746
5750.00000 0.457857
5755.00000 0.450933
5760.00000 0.444543
5765.00000 0.438234
5770.00000 0.431013
5775.00000 0.424809
5780.00000 0.418039
5785.00000 0.411341
5790.00000 0.404893
5795.00000 0.398398
5800.00000 0.391469
5805.00000 0.38535
5810.00000 0.378372
5815.00000 0.372161
5820.00000 0.365359
5825.00000 0.35911
5830.00000 0.35274
5835.00000 0.346108
5840.00000 0.339776
5845.00000 0.333281
5850.00000 0.326809
5855.00000 0.320792
5860.00000 0.314303
5865.00000 0.308001
5870.00000 0.301986
5875.00000 0.295644
5880.00000 0.289701
5885.00000 0.283748
5890.00000 0.277413
5895.00000 0.271646
5900.00000 0.265823
5905.00000 0.25985
5910.00000 0.254263
5915.00000 0.248455
5920.00000 0.242804
5925.00000 0.237279
5930.00000 0.231521
5935.00000 0.2263
5940.00000 0.220814
5945.00000 0.215476
5950.00000 0.210413
5955.00000 0.205229
5960.00000 0.200034
5965.00000 0.195002
5970.00000 0.189948
5975.00000 0.185205
5980.00000 0.180427
5985.00000 0.175661
5990.00000 0.171099
5995.00000 0.166533
6000.00000 0.161924
6005.00000 0.157652
6010.00000 0.153159
6015.00000 0.149019
6020.00000 0.144797
6025.00000 0.140601
6030.00000 0.136652
6035.00000 0.132617
6040.00000 0.128662
6045.00000 0.124988
6050.00000 0.121112
6055.00000 0.117511
6060.00000 0.113972
6065.00000 0.110253
6070.00000 0.106905
6075.00000 0.103479
6080.00000 0.100062
6085.00000 0.096928
6090.00000 0.093679
6095.00000 0.090631
6100.00000 0.087601
6105.00000 0.08456
6110.00000 0.081781
6115.00000 0.07895
6120.00000 0.076154
6125.00000 0.073644
6130.00000 0.070986
6135.00000 0.068442
6140.00000 0.066004
6145.00000 0.063595
6150.00000 0.061277
6155.00000 0.05904
6160.00000 0.056827
6165.00000 0.054736
6170.00000 0.052728
6175.00000 0.050699
6180.00000 0.04877
6185.00000 0.046893
6190.00000 0.045041
6195.00000 0.043334
6200.00000 0.041597
6205.00000 0.039982
6210.00000 0.038401
6215.00000 0.036831
6220.00000 0.035388
6225.00000 0.033859
6230.00000 0.032479
6235.00000 0.031165
6240.00000 0.029859
6245.00000 0.028627
6250.00000 0.027388
6255.00000 0.026185
6260.00000 0.025104
6265.00000 0.023987
6270.00000 0.022923
6275.00000 0.021941
6280.00000 0.020934
6285.00000 0.019993
6290.00000 0.019126
6295.00000 0.01821
6300.00000 0.01736
6305.00000 0.01655
6310.00000 0.015787
6315.00000 0.015056
6320.00000 0.014321
6325.00000 0.013652
6330.00000 0.013011
6335.00000 0.012341
6340.00000 0.011774
6345.00000 0.011223
6350.00000 0.010645
6355.00000 0.010102
6360.00000 0.009614
6365.00000 0.009131
6370.00000 0.008679
6375.00000 0.008219
6380.00000 0.007789
6385.00000 0.007406
6390.00000 0.007019
6395.00000 0.00665
6400.00000 0.006339
6405.00000 0.005968
6410.00000 0.005671
6415.00000 0.005378
6420.00000 0.005107
6425.00000 0.004823
6430.00000 0.004546
6435.00000 0.00433
6440.00000 0.004091
7084.00000 0.0
