threeML/data/optical_filters/IAC80/TCP-I.ecsv
# %ECSV 0.9
# ---
# datatype:
# - {name: wavelength, unit: Angstrom, datatype: float32}
# - {name: response, datatype: float32}
# meta: !!omap
# - {band_name: I}
# - {group_name: TCP}
wavelength response
6304.50000 0.0
7005.00000 0.004647
7010.00000 0.00571
7015.00000 0.006917
7020.00000 0.008278
7025.00000 0.009915
7030.00000 0.011697
7035.00000 0.013808
7040.00000 0.016157
7045.00000 0.01872
7050.00000 0.021849
7055.00000 0.025034
7060.00000 0.028607
7065.00000 0.032744
7070.00000 0.036914
7075.00000 0.041726
7080.00000 0.046987
7085.00000 0.052448
7090.00000 0.058531
7095.00000 0.064806
7100.00000 0.071621
7105.00000 0.079117
7110.00000 0.086462
7115.00000 0.09465
7120.00000 0.103196
7125.00000 0.111924
7130.00000 0.12142
7135.00000 0.130947
7140.00000 0.140853
7145.00000 0.151769
7150.00000 0.162034
7155.00000 0.173151
7160.00000 0.184743
7165.00000 0.19605
7170.00000 0.207963
7175.00000 0.219972
7180.00000 0.232121
7185.00000 0.245021
7190.00000 0.257064
7195.00000 0.269816
7200.00000 0.282745
7205.00000 0.295152
7210.00000 0.308359
7215.00000 0.321445
7220.00000 0.333931
7225.00000 0.347216
7230.00000 0.360095
7235.00000 0.37271
7240.00000 0.385955
7245.00000 0.398125
7250.00000 0.410769
7255.00000 0.423339
7260.00000 0.435418
7265.00000 0.447809
7270.00000 0.459805
7275.00000 0.471258
7280.00000 0.483322
7285.00000 0.494209
7290.00000 0.505131
7295.00000 0.516728
7300.00000 0.526835
7305.00000 0.53751
7310.00000 0.548125
7315.00000 0.557875
7320.00000 0.568236
7325.00000 0.577525
7330.00000 0.587245
7335.00000 0.596698
7340.00000 0.605383
7345.00000 0.614366
7350.00000 0.622799
7355.00000 0.631417
7360.00000 0.638942
7365.00000 0.646801
7370.00000 0.654347
7375.00000 0.66206
7380.00000 0.668776
7385.00000 0.67574
7390.00000 0.682835
7395.00000 0.688953
7400.00000 0.69529
7405.00000 0.701232
7410.00000 0.707538
7415.00000 0.71286
7420.00000 0.718577
7425.00000 0.723661
7430.00000 0.729079
7435.00000 0.733743
7440.00000 0.738437
7445.00000 0.742701
7450.00000 0.746688
7455.00000 0.75148
7460.00000 0.755236
7465.00000 0.758829
7470.00000 0.763286
7475.00000 0.766013
7480.00000 0.769979
7485.00000 0.772864
7490.00000 0.776222
7495.00000 0.779337
7500.00000 0.781345
7505.00000 0.784681
7510.00000 0.78809
7515.00000 0.789958
7520.00000 0.792883
7525.00000 0.794294
7530.00000 0.796122
7535.00000 0.798803
7540.00000 0.800462
7545.00000 0.803483
7550.00000 0.804977
7555.00000 0.806682
7560.00000 0.807855
7565.00000 0.809647
7570.00000 0.810965
7575.00000 0.812819
7580.00000 0.814067
7585.00000 0.815613
7590.00000 0.816669
7595.00000 0.817967
7600.00000 0.819481
7605.00000 0.820244
7610.00000 0.821315
7615.00000 0.821781
7620.00000 0.822878
7625.00000 0.824074
7630.00000 0.825095
7635.00000 0.826028
7640.00000 0.826844
7645.00000 0.827545
7650.00000 0.828018
7655.00000 0.828237
7660.00000 0.828764
7665.00000 0.829555
7670.00000 0.829927
7675.00000 0.830785
7680.00000 0.830766
7685.00000 0.83137
7690.00000 0.832334
7695.00000 0.832183
7700.00000 0.831889
7705.00000 0.832639
7710.00000 0.832821
7715.00000 0.833417
7720.00000 0.83356
7725.00000 0.834078
7730.00000 0.834021
7735.00000 0.833741
7740.00000 0.834296
7745.00000 0.834286
7750.00000 0.834619
7755.00000 0.834704
7760.00000 0.834582
7765.00000 0.834413
7770.00000 0.834988
7775.00000 0.835337
7780.00000 0.83547
7785.00000 0.83464
7790.00000 0.835634
7795.00000 0.835041
7800.00000 0.835056
7805.00000 0.835178
7810.00000 0.835092
7815.00000 0.834654
7820.00000 0.835368
7825.00000 0.836107
7830.00000 0.834869
7835.00000 0.83496
7840.00000 0.834866
7845.00000 0.834603
7850.00000 0.83453
7855.00000 0.835113
7860.00000 0.834644
7865.00000 0.834627
7870.00000 0.834343
7875.00000 0.833976
7880.00000 0.834225
7885.00000 0.833771
7890.00000 0.833267
7895.00000 0.833527
7900.00000 0.833535
7905.00000 0.833074
7910.00000 0.833409
7915.00000 0.833288
7920.00000 0.833197
7925.00000 0.832419
7930.00000 0.832566
7935.00000 0.83194
7940.00000 0.831981
7945.00000 0.832167
7950.00000 0.832119
7955.00000 0.831381
7960.00000 0.830946
7965.00000 0.831204
7970.00000 0.830647
7975.00000 0.830419
7980.00000 0.830179
7985.00000 0.829586
7990.00000 0.829286
7995.00000 0.825974
8000.00000 0.826188
8005.00000 0.826027
8010.00000 0.826086
8015.00000 0.825399
8020.00000 0.82555
8025.00000 0.825658
8030.00000 0.824706
8035.00000 0.824447
8040.00000 0.824399
8045.00000 0.824266
8050.00000 0.82378
8055.00000 0.823702
8060.00000 0.823292
8065.00000 0.820468
8070.00000 0.82271
8075.00000 0.822616
8080.00000 0.822425
8085.00000 0.822172
8090.00000 0.822094
8095.00000 0.821714
8100.00000 0.821506
8105.00000 0.820961
8110.00000 0.820668
8115.00000 0.820414
8120.00000 0.819875
8125.00000 0.819881
8130.00000 0.81969
8135.00000 0.818285
8140.00000 0.819353
8145.00000 0.818577
8150.00000 0.81851
8155.00000 0.817905
8160.00000 0.817924
8165.00000 0.817501
8170.00000 0.817373
8175.00000 0.816933
8180.00000 0.817056
8185.00000 0.816556
8190.00000 0.815795
8195.00000 0.815779
8200.00000 0.815236
8205.00000 0.815129
8210.00000 0.814656
8215.00000 0.814698
8220.00000 0.814056
8225.00000 0.814072
8230.00000 0.813464
8235.00000 0.812916
8240.00000 0.812678
8245.00000 0.812765
8250.00000 0.812569
8255.00000 0.811711
8260.00000 0.811953
8265.00000 0.811446
8270.00000 0.811206
8275.00000 0.810775
8280.00000 0.810072
8285.00000 0.810106
8290.00000 0.810055
8295.00000 0.808883
8300.00000 0.808843
8305.00000 0.808711
8310.00000 0.807886
8315.00000 0.808306
8320.00000 0.807574
8325.00000 0.80733
8330.00000 0.806635
8335.00000 0.806473
8340.00000 0.806336
8345.00000 0.805991
8350.00000 0.805403
8355.00000 0.805261
8360.00000 0.804793
8365.00000 0.804446
8370.00000 0.804011
8375.00000 0.803588
8380.00000 0.803081
8385.00000 0.803357
8390.00000 0.802352
8395.00000 0.802265
8400.00000 0.802329
8405.00000 0.801575
8410.00000 0.801284
8415.00000 0.800809
8420.00000 0.800636
8425.00000 0.800027
8430.00000 0.799761
8435.00000 0.79924
8440.00000 0.798962
8445.00000 0.79859
8450.00000 0.797863
8455.00000 0.797501
8460.00000 0.797222
8465.00000 0.797012
8470.00000 0.79684
8475.00000 0.79623
8480.00000 0.795612
8485.00000 0.795436
8490.00000 0.795055
8495.00000 0.794571
8500.00000 0.794227
8505.00000 0.793846
8510.00000 0.793585
8515.00000 0.793209
8520.00000 0.792516
8525.00000 0.792155
8530.00000 0.791932
8535.00000 0.79134
8540.00000 0.790892
8545.00000 0.790639
8550.00000 0.790123
8555.00000 0.789576
8560.00000 0.789423
8565.00000 0.788773
8570.00000 0.788109
8575.00000 0.787763
8580.00000 0.787536
8585.00000 0.787428
8590.00000 0.786673
8595.00000 0.786618
8600.00000 0.785629
8605.00000 0.785706
8610.00000 0.785094
8615.00000 0.784608
8620.00000 0.784515
8625.00000 0.784068
8630.00000 0.783059
8635.00000 0.782994
8640.00000 0.782642
8645.00000 0.78204
8650.00000 0.781415
8655.00000 0.781059
8660.00000 0.780782
8665.00000 0.780226
8670.00000 0.779729
8675.00000 0.779401
8680.00000 0.778818
8685.00000 0.77856
8690.00000 0.77789
8695.00000 0.777504
8700.00000 0.777049
8705.00000 0.776514
8710.00000 0.776244
8715.00000 0.775559
8720.00000 0.775039
8725.00000 0.774928
8730.00000 0.774252
8735.00000 0.773813
8740.00000 0.773357
8745.00000 0.77262
8750.00000 0.772452
8755.00000 0.771469
8760.00000 0.771123
8765.00000 0.770851
8770.00000 0.770434
8775.00000 0.769793
8780.00000 0.769508
8785.00000 0.768846
8790.00000 0.767881
8795.00000 0.767741
8800.00000 0.767905
8805.00000 0.767156
8810.00000 0.766549
8815.00000 0.765846
8820.00000 0.76538
8825.00000 0.764926
8830.00000 0.764492
8835.00000 0.763831
8840.00000 0.763242
8845.00000 0.762655
8850.00000 0.762318
8855.00000 0.761632
8860.00000 0.76129
8865.00000 0.760601
8870.00000 0.760057
8875.00000 0.759598
8880.00000 0.759285
8885.00000 0.758719
8890.00000 0.758004
8895.00000 0.757755
8900.00000 0.75713
8905.00000 0.756443
8910.00000 0.755821
8915.00000 0.755298
8920.00000 0.754778
8925.00000 0.754525
8930.00000 0.75407
8935.00000 0.753257
8940.00000 0.752442
8945.00000 0.752062
8950.00000 0.751836
8955.00000 0.750958
8960.00000 0.750392
8965.00000 0.749687
8970.00000 0.749668
8975.00000 0.74907
8980.00000 0.748142
8985.00000 0.747591
8990.00000 0.746971
8995.00000 0.746138
9000.00000 0.74559
9005.00000 0.745313
9010.00000 0.744744
9015.00000 0.744317
9020.00000 0.743505
9025.00000 0.742847
9030.00000 0.742615
9035.00000 0.741701
9040.00000 0.741039
9045.00000 0.740216
9050.00000 0.739718
9055.00000 0.739256
9060.00000 0.738773
9065.00000 0.738488
9070.00000 0.737389
9075.00000 0.736705
9080.00000 0.736138
9085.00000 0.735884
9090.00000 0.735067
9095.00000 0.734297
9100.00000 0.733608
9105.00000 0.733398
9110.00000 0.732432
9115.00000 0.731678
9120.00000 0.731038
9125.00000 0.730863
9130.00000 0.729679
9135.00000 0.729033
9140.00000 0.728266
9145.00000 0.728068
9150.00000 0.727461
9155.00000 0.726301
9160.00000 0.725957
9165.00000 0.725068
9170.00000 0.724723
9175.00000 0.724253
9180.00000 0.723577
9185.00000 0.722835
9190.00000 0.722041
9195.00000 0.721712
9200.00000 0.720818
9205.00000 0.720081
9210.00000 0.719271
9215.00000 0.71842
9220.00000 0.718137
9225.00000 0.71723
9230.00000 0.716191
9235.00000 0.716006
9240.00000 0.715103
9245.00000 0.714611
9250.00000 0.714068
9255.00000 0.71303
9260.00000 0.712516
9265.00000 0.711723
9270.00000 0.711199
9275.00000 0.7103
9280.00000 0.70986
9285.00000 0.709057
9290.00000 0.708245
9295.00000 0.707471
9300.00000 0.706661
9305.00000 0.706268
9310.00000 0.70542
9315.00000 0.704507
9320.00000 0.704128
9325.00000 0.70311
9330.00000 0.702487
9335.00000 0.701631
9340.00000 0.701054
9345.00000 0.699588
9350.00000 0.699205
9355.00000 0.698635
9360.00000 0.697736
9365.00000 0.697103
9370.00000 0.696252
9375.00000 0.695479
9380.00000 0.694597
9385.00000 0.693734
9390.00000 0.693094
9395.00000 0.692248
9400.00000 0.691357
9405.00000 0.690894
9410.00000 0.689717
9415.00000 0.688963
9420.00000 0.688053
9425.00000 0.687661
9430.00000 0.68659
9435.00000 0.685722
9440.00000 0.684749
9445.00000 0.684024
9450.00000 0.683236
9455.00000 0.682259
9460.00000 0.681352
9465.00000 0.680482
9470.00000 0.679839
9475.00000 0.678875
9480.00000 0.677909
9485.00000 0.677057
9490.00000 0.676199
9495.00000 0.675221
9500.00000 0.674244
9505.00000 0.673304
9510.00000 0.67277
9515.00000 0.671635
9520.00000 0.670697
9525.00000 0.670037
9530.00000 0.668841
9535.00000 0.668069
9540.00000 0.667073
9545.00000 0.665882
9550.00000 0.665053
9555.00000 0.664314
9560.00000 0.663377
9565.00000 0.662257
9570.00000 0.661128
9575.00000 0.660355
9580.00000 0.658974
9585.00000 0.658385
9590.00000 0.657445
9595.00000 0.65641
9600.00000 0.655046
9605.00000 0.654242
9610.00000 0.653056
9615.00000 0.65194
9620.00000 0.651295
9625.00000 0.650078
9630.00000 0.648911
9635.00000 0.64793
9640.00000 0.646946
9645.00000 0.645619
9650.00000 0.644825
9655.00000 0.644106
9660.00000 0.642601
9665.00000 0.641669
9670.00000 0.640395
9675.00000 0.63934
9680.00000 0.638387
9685.00000 0.637225
9690.00000 0.636045
9695.00000 0.635008
9700.00000 0.633677
9705.00000 0.632529
9710.00000 0.631408
9715.00000 0.630294
9720.00000 0.629347
9725.00000 0.628188
9730.00000 0.626692
9735.00000 0.625611
9740.00000 0.62433
9745.00000 0.623435
9750.00000 0.622356
9755.00000 0.621127
9760.00000 0.619639
9765.00000 0.618305
9770.00000 0.616931
9775.00000 0.61615
9780.00000 0.615031
9785.00000 0.613619
9790.00000 0.612557
9795.00000 0.611003
9800.00000 0.609859
9805.00000 0.608568
9810.00000 0.607167
9815.00000 0.606353
9820.00000 0.604892
9825.00000 0.603417
9830.00000 0.602085
9835.00000 0.600924
9840.00000 0.599685
9845.00000 0.598379
9850.00000 0.59688
9855.00000 0.595272
9860.00000 0.594153
9865.00000 0.593083
9870.00000 0.591528
9875.00000 0.59036
9880.00000 0.58879
9885.00000 0.587327
9890.00000 0.585946
9895.00000 0.584648
9900.00000 0.583232
9905.00000 0.581798
9910.00000 0.580568
9915.00000 0.579179
9920.00000 0.577789
9925.00000 0.576114
9930.00000 0.574753
9935.00000 0.573338
9940.00000 0.572028
9945.00000 0.570553
9950.00000 0.569138
9955.00000 0.567354
9960.00000 0.56616
9965.00000 0.564773
9970.00000 0.563167
9975.00000 0.561341
9980.00000 0.560052
9985.00000 0.55841
9990.00000 0.556739
9995.00000 0.555328
10000.00000 0.554259
10005.00000 0.552272
10010.00000 0.550779
10015.00000 0.549259
10020.00000 0.547706
10025.00000 0.546124
10030.00000 0.544628
10035.00000 0.543239
10040.00000 0.54134
10045.00000 0.53985
10050.00000 0.538142
10055.00000 0.536462
10060.00000 0.534979
10065.00000 0.533467
10070.00000 0.53159
10075.00000 0.530248
10080.00000 0.528503
10085.00000 0.526418
10090.00000 0.525154
10095.00000 0.523439
10100.00000 0.521851
10105.00000 0.520156
10110.00000 0.518586
10115.00000 0.516875
10120.00000 0.514981
10125.00000 0.513537
10130.00000 0.511478
10135.00000 0.510068
10140.00000 0.508259
10145.00000 0.506528
10150.00000 0.504826
10155.00000 0.502822
10160.00000 0.501367
10165.00000 0.499201
10170.00000 0.497646
10175.00000 0.496103
10180.00000 0.494195
10185.00000 0.492488
10190.00000 0.490531
10195.00000 0.488978
10200.00000 0.486832
10205.00000 0.484843
10210.00000 0.483316
10215.00000 0.481313
10220.00000 0.479313
10225.00000 0.47787
10230.00000 0.475996
10235.00000 0.474165
10240.00000 0.472123
10245.00000 0.470408
10250.00000 0.468478
10255.00000 0.46684
10260.00000 0.464641
10265.00000 0.462988
10270.00000 0.461042
10275.00000 0.459032
10280.00000 0.457191
10285.00000 0.455518
10290.00000 0.453581
10295.00000 0.451148
10300.00000 0.449292
10305.00000 0.44742
10310.00000 0.445189
10315.00000 0.443789
10320.00000 0.441733
10325.00000 0.439738
10330.00000 0.437792
10335.00000 0.435622
10340.00000 0.433373
10345.00000 0.431425
10350.00000 0.429733
10355.00000 0.427549
10360.00000 0.425441
10365.00000 0.423503
10370.00000 0.421449
10375.00000 0.419638
10380.00000 0.41768
10385.00000 0.415387
10390.00000 0.413492
10395.00000 0.411117
10400.00000 0.40904
10405.00000 0.407306
10410.00000 0.405109
10415.00000 0.403187
10420.00000 0.401148
10425.00000 0.398935
10430.00000 0.396473
10435.00000 0.394563
10440.00000 0.392851
10445.00000 0.390621
10450.00000 0.388379
10455.00000 0.386135
10460.00000 0.384227
10465.00000 0.381927
10470.00000 0.379899
10475.00000 0.378246
10480.00000 0.375997
10485.00000 0.373722
10490.00000 0.371389
10495.00000 0.369242
10500.00000 0.367081
10505.00000 0.365144
10510.00000 0.363167
10515.00000 0.360882
10520.00000 0.358582
10525.00000 0.356625
10530.00000 0.354281
10535.00000 0.352122
10540.00000 0.350217
10545.00000 0.347978
10550.00000 0.345666
10555.00000 0.343613
10560.00000 0.341403
10565.00000 0.339249
10570.00000 0.33714
10575.00000 0.33501
10580.00000 0.33266
10585.00000 0.330486
10590.00000 0.328288
10595.00000 0.326293
10600.00000 0.324568
10605.00000 0.322188
10610.00000 0.319998
10615.00000 0.317736
10620.00000 0.315525
10625.00000 0.313363
10630.00000 0.311611
10635.00000 0.309513
10640.00000 0.307212
10645.00000 0.305022
10650.00000 0.302822
10655.00000 0.300613
10660.00000 0.298534
10665.00000 0.296575
10670.00000 0.294367
10675.00000 0.292277
10680.00000 0.289995
10685.00000 0.287812
10690.00000 0.28584
10695.00000 0.283784
10700.00000 0.281739
10705.00000 0.27941
10710.00000 0.277313
10715.00000 0.275176
10720.00000 0.273022
10725.00000 0.271055
10730.00000 0.268923
10735.00000 0.2669
10740.00000 0.264736
10745.00000 0.262406
10750.00000 0.260527
10755.00000 0.258465
10760.00000 0.256524
10765.00000 0.254436
10770.00000 0.252252
10775.00000 0.250328
10780.00000 0.248142
10785.00000 0.246144
10790.00000 0.244194
10795.00000 0.242123
10800.00000 0.239995
10805.00000 0.237991
10810.00000 0.235962
10815.00000 0.23406
10820.00000 0.232162
10825.00000 0.230236
10830.00000 0.228077
10835.00000 0.226094
10840.00000 0.223926
10845.00000 0.222048
10850.00000 0.220168
10855.00000 0.218265
10860.00000 0.216313
10865.00000 0.214338
10870.00000 0.21225
10875.00000 0.210267
10880.00000 0.208403
10885.00000 0.206455
10890.00000 0.204788
10895.00000 0.202853
10900.00000 0.200937
10905.00000 0.198942
10910.00000 0.196912
10915.00000 0.19527
10920.00000 0.193392
10925.00000 0.191582
10930.00000 0.189697
10935.00000 0.187938
10940.00000 0.186049
10945.00000 0.184002
10950.00000 0.182469
10955.00000 0.180519
10960.00000 0.178778
10965.00000 0.176945
10970.00000 0.17523
10975.00000 0.173481
10980.00000 0.171702
10985.00000 0.170008
10990.00000 0.168335
10995.00000 0.166626
11000.00000 0.164788
11005.00000 0.162961
11010.00000 0.161594
11015.00000 0.159872
11020.00000 0.158194
11025.00000 0.156426
11030.00000 0.154658
11035.00000 0.153056
11040.00000 0.151438
11045.00000 0.149925
11050.00000 0.148267
11055.00000 0.146542
11060.00000 0.144957
11065.00000 0.143409
11070.00000 0.141714
11075.00000 0.140337
11080.00000 0.138828
11085.00000 0.137173
11090.00000 0.135615
11095.00000 0.134016
11100.00000 0.132555
11105.00000 0.131206
11110.00000 0.12962
11115.00000 0.127984
11120.00000 0.126645
11125.00000 0.125065
11130.00000 0.123608
11135.00000 0.122228
11140.00000 0.120917
11145.00000 0.11944
11150.00000 0.117941
11155.00000 0.116473
11160.00000 0.115155
11165.00000 0.113833
11170.00000 0.11236
11175.00000 0.111131
11180.00000 0.109698
11185.00000 0.108223
11190.00000 0.106816
11195.00000 0.105667
11200.00000 0.104406
11205.00000 0.103152
11210.00000 0.101822
11215.00000 0.100447
11220.00000 0.099094
11225.00000 0.097733
11230.00000 0.096793
11235.00000 0.095517
11240.00000 0.094255
11245.00000 0.092864
11250.00000 0.091619
11255.00000 0.090419
11260.00000 0.089278
11265.00000 0.088249
11270.00000 0.087104
11275.00000 0.085908
11280.00000 0.08465
11285.00000 0.083526
11290.00000 0.082417
11295.00000 0.081349
11300.00000 0.080098
11305.00000 0.079202
11310.00000 0.077994
11315.00000 0.076963
11320.00000 0.075914
11325.00000 0.074828
11330.00000 0.073929
11335.00000 0.072789
11340.00000 0.071686
11345.00000 0.070627
11350.00000 0.069714
11355.00000 0.068702
11360.00000 0.067727
11365.00000 0.066737
11370.00000 0.065796
11375.00000 0.064591
11380.00000 0.064138
11385.00000 0.062976
11390.00000 0.06213
11395.00000 0.061107
11400.00000 0.060179
11405.00000 0.059381
11410.00000 0.058433
11415.00000 0.057521
11420.00000 0.05676
11425.00000 0.056049
11430.00000 0.055082
11435.00000 0.054233
11440.00000 0.053487
11445.00000 0.052601
11450.00000 0.051988
11455.00000 0.051259
11460.00000 0.050348
11465.00000 0.049542
11470.00000 0.048905
11475.00000 0.048119
11480.00000 0.04733
11485.00000 0.046612
11490.00000 0.046005
11495.00000 0.045255
11500.00000 0.044491
11505.00000 0.043754
11510.00000 0.04309
11515.00000 0.042467
11520.00000 0.041892
11525.00000 0.041169
11530.00000 0.0405
11535.00000 0.039794
11540.00000 0.039243
11545.00000 0.038522
11550.00000 0.037856
11555.00000 0.037676
11560.00000 0.036788
11565.00000 0.036079
11570.00000 0.035456
11575.00000 0.034999
11580.00000 0.03448
11585.00000 0.033946
11590.00000 0.033384
11595.00000 0.032772
11600.00000 0.032252
11605.00000 0.031863
11610.00000 0.031319
11615.00000 0.030725
11620.00000 0.030224
11625.00000 0.029753
11630.00000 0.029209
11635.00000 0.028699
11640.00000 0.028258
11645.00000 0.027866
11650.00000 0.027344
11655.00000 0.026769
11660.00000 0.026439
11665.00000 0.026019
11670.00000 0.025584
11675.00000 0.025176
11680.00000 0.024671
11685.00000 0.024259
11690.00000 0.023757
11695.00000 0.023314
11700.00000 0.023094
11705.00000 0.022819
11710.00000 0.022283
11715.00000 0.022001
11720.00000 0.021521
11725.00000 0.021116
11730.00000 0.020861
11735.00000 0.020568
11740.00000 0.020221
11745.00000 0.019759
11750.00000 0.019409
11755.00000 0.019029
11760.00000 0.018786
11765.00000 0.018386
11770.00000 0.018156
11775.00000 0.017883
11780.00000 0.0175
11785.00000 0.017252
11790.00000 0.016983
11795.00000 0.016582
11800.00000 0.016339
11805.00000 0.016113
11810.00000 0.015765
11815.00000 0.015448
11820.00000 0.015209
11825.00000 0.014969
11830.00000 0.014755
11835.00000 0.014528
11840.00000 0.014254
11845.00000 0.013981
11850.00000 0.013752
11855.00000 0.013469
11860.00000 0.013257
11865.00000 0.013003
11870.00000 0.012768
11875.00000 0.012576
11880.00000 0.012314
11885.00000 0.012128
11890.00000 0.011867
11895.00000 0.011698
11900.00000 0.011448
11905.00000 0.011314
11910.00000 0.011142
11915.00000 0.010809
11920.00000 0.010756
11925.00000 0.010445
11930.00000 0.010241
11935.00000 0.010045
11940.00000 0.009896
11945.00000 0.00973
11950.00000 0.009652
11955.00000 0.009453
11960.00000 0.009319
11965.00000 0.009136
11970.00000 0.008961
11975.00000 0.008822
11980.00000 0.00869
11985.00000 0.008571
11990.00000 0.008351
11995.00000 0.00828
12000.00000 0.008004
13200.00000 0.0
