threeML/data/optical_filters/IAC80/TCP-U.ecsv
# %ECSV 0.9
# ---
# datatype:
# - {name: wavelength, unit: Angstrom, datatype: float32}
# - {name: response, datatype: float32}
# meta: !!omap
# - {band_name: U}
# - {group_name: TCP}
wavelength response
2817.00000 0.0
3130.00000 0.004362
3135.00000 0.005386
3140.00000 0.006682
3145.00000 0.008091
3150.00000 0.009841
3155.00000 0.011864
3160.00000 0.014001
3165.00000 0.016446
3170.00000 0.019452
3175.00000 0.022609
3180.00000 0.026336
3185.00000 0.030053
3190.00000 0.034335
3195.00000 0.039151
3200.00000 0.044123
3205.00000 0.049545
3210.00000 0.055689
3215.00000 0.061598
3220.00000 0.068347
3225.00000 0.075261
3230.00000 0.082995
3235.00000 0.090806
3240.00000 0.09881
3245.00000 0.10757
3250.00000 0.117023
3255.00000 0.125592
3260.00000 0.135591
3265.00000 0.145141
3270.00000 0.155507
3275.00000 0.165907
3280.00000 0.175813
3285.00000 0.186509
3290.00000 0.197429
3295.00000 0.208357
3300.00000 0.219299
3305.00000 0.230829
3310.00000 0.241454
3315.00000 0.252572
3320.00000 0.264201
3325.00000 0.274115
3330.00000 0.287033
3335.00000 0.297011
3340.00000 0.307484
3345.00000 0.318906
3350.00000 0.330603
3355.00000 0.341363
3360.00000 0.351464
3365.00000 0.361096
3370.00000 0.372539
3375.00000 0.381954
3380.00000 0.391738
3385.00000 0.400694
3390.00000 0.411953
3395.00000 0.420001
3400.00000 0.429931
3405.00000 0.437316
3410.00000 0.447935
3415.00000 0.45561
3420.00000 0.465373
3425.00000 0.472527
3430.00000 0.480929
3435.00000 0.48992
3440.00000 0.495801
3445.00000 0.503319
3450.00000 0.51168
3455.00000 0.518532
3460.00000 0.525997
3465.00000 0.532404
3470.00000 0.539866
3475.00000 0.547689
3480.00000 0.554381
3485.00000 0.559677
3490.00000 0.566012
3495.00000 0.558043
3500.00000 0.562775
3505.00000 0.56875
3510.00000 0.574476
3515.00000 0.579281
3520.00000 0.584183
3525.00000 0.588214
3530.00000 0.594197
3535.00000 0.59849
3540.00000 0.602506
3545.00000 0.60635
3550.00000 0.611148
3555.00000 0.615156
3560.00000 0.61815
3565.00000 0.622089
3570.00000 0.625802
3575.00000 0.629325
3580.00000 0.632138
3585.00000 0.635663
3590.00000 0.637846
3595.00000 0.641035
3600.00000 0.644293
3605.00000 0.646724
3610.00000 0.649738
3615.00000 0.651887
3620.00000 0.653436
3625.00000 0.655303
3630.00000 0.657345
3635.00000 0.658723
3640.00000 0.660796
3645.00000 0.661994
3650.00000 0.662964
3655.00000 0.66493
3660.00000 0.665207
3665.00000 0.667116
3670.00000 0.667721
3675.00000 0.668038
3680.00000 0.668156
3685.00000 0.668202
3690.00000 0.668578
3695.00000 0.668657
3700.00000 0.668302
3705.00000 0.666998
3710.00000 0.666684
3715.00000 0.66698
3720.00000 0.665063
3725.00000 0.662959
3730.00000 0.662473
3735.00000 0.659979
3740.00000 0.658724
3745.00000 0.65581
3750.00000 0.653352
3755.00000 0.649351
3760.00000 0.647093
3765.00000 0.643648
3770.00000 0.640034
3775.00000 0.636483
3780.00000 0.632343
3785.00000 0.627325
3790.00000 0.62215
3795.00000 0.617659
3800.00000 0.610895
3805.00000 0.605052
3810.00000 0.598896
3815.00000 0.591851
3820.00000 0.584501
3825.00000 0.57757
3830.00000 0.568707
3835.00000 0.560303
3840.00000 0.551824
3845.00000 0.542902
3850.00000 0.533604
3855.00000 0.52323
3860.00000 0.513457
3865.00000 0.502813
3870.00000 0.491171
3875.00000 0.480064
3880.00000 0.468335
3885.00000 0.45578
3890.00000 0.443725
3895.00000 0.430373
3900.00000 0.417426
3905.00000 0.404212
3910.00000 0.390684
3915.00000 0.377589
3920.00000 0.36303
3925.00000 0.348996
3930.00000 0.335295
3935.00000 0.320547
3940.00000 0.306665
3945.00000 0.29234
3950.00000 0.277978
3955.00000 0.264531
3960.00000 0.251148
3965.00000 0.237246
3970.00000 0.224165
3975.00000 0.210923
3980.00000 0.198672
3985.00000 0.186105
3990.00000 0.174138
3995.00000 0.162827
4000.00000 0.151507
4005.00000 0.140703
4010.00000 0.13094
4015.00000 0.120814
4020.00000 0.111523
4025.00000 0.102968
4030.00000 0.094256
4035.00000 0.086681
4040.00000 0.079278
4045.00000 0.072208
4050.00000 0.06613
4055.00000 0.059897
4060.00000 0.054342
4065.00000 0.049182
4070.00000 0.044202
4075.00000 0.039934
4080.00000 0.035874
4085.00000 0.032103
4090.00000 0.028777
4095.00000 0.025584
4100.00000 0.022862
4105.00000 0.020323
4110.00000 0.017901
4115.00000 0.015932
4120.00000 0.014078
4125.00000 0.012332
4130.00000 0.010923
4135.00000 0.009558
4140.00000 0.008369
4145.00000 0.007331
4150.00000 0.00639
4155.00000 0.005528
4160.00000 0.004881
4165.00000 0.004196
4581.50000 0.0
