threeML/data/optical_filters/IAC80/TCP-B.ecsv
# %ECSV 0.9
# ---
# datatype:
# - {name: wavelength, unit: Angstrom, datatype: float32}
# - {name: response, datatype: float32}
# meta: !!omap
# - {band_name: B}
# - {group_name: TCP}
wavelength response
3226.50000 0.0
3585.00000 0.005093
3590.00000 0.006313
3595.00000 0.007945
3600.00000 0.009723
3605.00000 0.011746
3610.00000 0.014167
3615.00000 0.016937
3620.00000 0.019799
3625.00000 0.023277
3630.00000 0.026996
3635.00000 0.030983
3640.00000 0.035626
3645.00000 0.040167
3650.00000 0.045673
3655.00000 0.051087
3660.00000 0.056963
3665.00000 0.06327
3670.00000 0.069833
3675.00000 0.076695
3680.00000 0.084334
3685.00000 0.091709
3690.00000 0.099548
3695.00000 0.107757
3700.00000 0.115832
3705.00000 0.124771
3710.00000 0.133275
3715.00000 0.142636
3720.00000 0.151943
3725.00000 0.16066
3730.00000 0.170157
3735.00000 0.179805
3740.00000 0.188833
3745.00000 0.198958
3750.00000 0.208397
3755.00000 0.21754
3760.00000 0.227724
3765.00000 0.237065
3770.00000 0.246651
3775.00000 0.256557
3780.00000 0.265938
3785.00000 0.275412
3790.00000 0.28498
3795.00000 0.293945
3800.00000 0.303441
3805.00000 0.312872
3810.00000 0.321821
3815.00000 0.330693
3820.00000 0.339438
3825.00000 0.347848
3830.00000 0.356761
3835.00000 0.36482
3840.00000 0.373844
3845.00000 0.381969
3850.00000 0.38996
3855.00000 0.397944
3860.00000 0.406155
3865.00000 0.413853
3870.00000 0.421335
3875.00000 0.428839
3880.00000 0.43639
3885.00000 0.443409
3890.00000 0.450665
3895.00000 0.457808
3900.00000 0.464744
3905.00000 0.471396
3910.00000 0.47845
3915.00000 0.484434
3920.00000 0.490932
3925.00000 0.497632
3930.00000 0.502777
3935.00000 0.509251
3940.00000 0.514519
3945.00000 0.519971
3950.00000 0.525861
3955.00000 0.530904
3960.00000 0.536654
3965.00000 0.541286
3970.00000 0.546367
3975.00000 0.551464
3980.00000 0.555956
3985.00000 0.560102
3990.00000 0.56444
3995.00000 0.56892
4000.00000 0.572995
4005.00000 0.576689
4010.00000 0.580875
4015.00000 0.584776
4020.00000 0.58834
4025.00000 0.591531
4030.00000 0.595301
4035.00000 0.598658
4040.00000 0.601823
4045.00000 0.605533
4050.00000 0.608054
4055.00000 0.611631
4060.00000 0.614648
4065.00000 0.617078
4070.00000 0.620698
4075.00000 0.622796
4080.00000 0.625067
4085.00000 0.628441
4090.00000 0.630778
4095.00000 0.632989
4100.00000 0.635784
4105.00000 0.637203
4110.00000 0.640487
4115.00000 0.641956
4120.00000 0.644693
4125.00000 0.646157
4130.00000 0.648194
4135.00000 0.650324
4140.00000 0.65187
4145.00000 0.653692
4150.00000 0.655168
4155.00000 0.656886
4160.00000 0.658628
4165.00000 0.66035
4170.00000 0.661403
4175.00000 0.663556
4180.00000 0.664746
4185.00000 0.666672
4190.00000 0.667908
4195.00000 0.66924
4200.00000 0.670409
4205.00000 0.671655
4210.00000 0.673048
4215.00000 0.673712
4220.00000 0.673817
4225.00000 0.675664
4230.00000 0.675977
4235.00000 0.676174
4240.00000 0.677463
4245.00000 0.677087
4250.00000 0.677661
4255.00000 0.67788
4260.00000 0.677974
4265.00000 0.678039
4270.00000 0.678988
4275.00000 0.678975
4280.00000 0.679445
4285.00000 0.679401
4290.00000 0.679771
4295.00000 0.680006
4300.00000 0.679804
4305.00000 0.679581
4310.00000 0.679822
4315.00000 0.679622
4320.00000 0.67928
4325.00000 0.678886
4330.00000 0.677997
4335.00000 0.678369
4340.00000 0.677575
4345.00000 0.677635
4350.00000 0.676965
4355.00000 0.676181
4360.00000 0.675945
4365.00000 0.675583
4370.00000 0.674946
4375.00000 0.674264
4380.00000 0.673714
4385.00000 0.67351
4390.00000 0.672948
4395.00000 0.672111
4400.00000 0.671376
4405.00000 0.670733
4410.00000 0.670592
4415.00000 0.669574
4420.00000 0.668698
4425.00000 0.667438
4430.00000 0.66641
4435.00000 0.665341
4440.00000 0.664459
4445.00000 0.663739
4450.00000 0.662084
4455.00000 0.660503
4460.00000 0.658723
4465.00000 0.657497
4470.00000 0.655663
4475.00000 0.654097
4480.00000 0.652044
4485.00000 0.649528
4490.00000 0.647863
4495.00000 0.6458
4500.00000 0.643816
4505.00000 0.641978
4510.00000 0.639676
4515.00000 0.637765
4520.00000 0.636044
4525.00000 0.633792
4530.00000 0.631969
4535.00000 0.629762
4540.00000 0.627873
4545.00000 0.625668
4550.00000 0.62354
4555.00000 0.621296
4560.00000 0.618631
4565.00000 0.61642
4570.00000 0.613871
4575.00000 0.611014
4580.00000 0.608229
4585.00000 0.604954
4590.00000 0.602256
4595.00000 0.59887
4600.00000 0.595819
4605.00000 0.592125
4610.00000 0.588286
4615.00000 0.584756
4620.00000 0.58152
4625.00000 0.57765
4630.00000 0.573696
4635.00000 0.569184
4640.00000 0.564529
4645.00000 0.560349
4650.00000 0.555099
4655.00000 0.550056
4660.00000 0.545064
4665.00000 0.53972
4670.00000 0.534354
4675.00000 0.528592
4680.00000 0.522562
4685.00000 0.51656
4690.00000 0.51017
4695.00000 0.503997
4700.00000 0.49766
4705.00000 0.490776
4710.00000 0.484631
4715.00000 0.477544
4720.00000 0.470935
4725.00000 0.46416
4730.00000 0.457148
4735.00000 0.45033
4740.00000 0.443268
4745.00000 0.436375
4750.00000 0.42969
4755.00000 0.422583
4760.00000 0.415473
4765.00000 0.408551
4770.00000 0.401324
4775.00000 0.394483
4780.00000 0.387499
4785.00000 0.379965
4790.00000 0.373087
4795.00000 0.365621
4800.00000 0.358302
4805.00000 0.35131
4810.00000 0.343731
4815.00000 0.336587
4820.00000 0.329295
4825.00000 0.32187
4830.00000 0.314931
4835.00000 0.307824
4840.00000 0.300495
4845.00000 0.293769
4850.00000 0.286767
4855.00000 0.279802
4860.00000 0.272966
4865.00000 0.266328
4870.00000 0.259766
4875.00000 0.253309
4880.00000 0.247009
4885.00000 0.241094
4890.00000 0.235011
4895.00000 0.228884
4900.00000 0.223306
4905.00000 0.217454
4910.00000 0.21225
4915.00000 0.206792
4920.00000 0.201474
4925.00000 0.196507
4930.00000 0.191692
4935.00000 0.186868
4940.00000 0.182503
4945.00000 0.178045
4950.00000 0.173851
4955.00000 0.169673
4960.00000 0.165664
4965.00000 0.16206
4970.00000 0.158101
4975.00000 0.154645
4980.00000 0.151135
4985.00000 0.147604
4990.00000 0.144287
4995.00000 0.140904
5000.00000 0.137236
5005.00000 0.133885
5010.00000 0.130397
5015.00000 0.126747
5020.00000 0.123123
5025.00000 0.119374
5030.00000 0.115651
5035.00000 0.11184
5040.00000 0.10798
5045.00000 0.10426
5050.00000 0.100423
5055.00000 0.096505
5060.00000 0.092909
5065.00000 0.089252
5070.00000 0.085745
5075.00000 0.082465
5080.00000 0.079077
5085.00000 0.076014
5090.00000 0.073139
5095.00000 0.070274
5100.00000 0.067667
5105.00000 0.065115
5110.00000 0.062537
5115.00000 0.060292
5120.00000 0.057896
5125.00000 0.055813
5130.00000 0.053643
5135.00000 0.051605
5140.00000 0.049624
5145.00000 0.047636
5150.00000 0.045631
5155.00000 0.043883
5160.00000 0.041962
5165.00000 0.040178
5170.00000 0.03845
5175.00000 0.0367
5180.00000 0.035049
5185.00000 0.033449
5190.00000 0.031835
5195.00000 0.030371
5200.00000 0.028902
5205.00000 0.027411
5210.00000 0.026059
5215.00000 0.024735
5220.00000 0.023472
5225.00000 0.022268
5230.00000 0.021091
5235.00000 0.019992
5240.00000 0.018911
5245.00000 0.017922
5250.00000 0.01696
5255.00000 0.016055
5260.00000 0.015225
5265.00000 0.014431
5270.00000 0.013643
5275.00000 0.012986
5280.00000 0.012243
5285.00000 0.011681
5290.00000 0.011095
5295.00000 0.010565
5300.00000 0.010083
5305.00000 0.009609
5310.00000 0.009182
5315.00000 0.008833
5320.00000 0.008478
5325.00000 0.008117
5330.00000 0.007825
5335.00000 0.00756
5340.00000 0.007324
5345.00000 0.007086
5350.00000 0.006889
5355.00000 0.006742
5360.00000 0.00654
5365.00000 0.006393
5370.00000 0.006261
5375.00000 0.00611
5380.00000 0.005995
5385.00000 0.005963
5390.00000 0.005827
5395.00000 0.005782
5400.00000 0.005735
5405.00000 0.005678
5410.00000 0.005641
5415.00000 0.005653
5420.00000 0.005632
5425.00000 0.005632
5430.00000 0.005648
5435.00000 0.005681
5440.00000 0.005745
5445.00000 0.005771
5450.00000 0.005863
5455.00000 0.005945
5460.00000 0.006072
5465.00000 0.006171
5470.00000 0.006286
5475.00000 0.006465
5480.00000 0.006625
5485.00000 0.00681
5490.00000 0.006987
5495.00000 0.007214
5500.00000 0.007421
5505.00000 0.007663
5510.00000 0.007917
5515.00000 0.008198
5520.00000 0.008368
5525.00000 0.008677
5530.00000 0.008946
5535.00000 0.0092
5540.00000 0.009502
5545.00000 0.009771
5550.00000 0.009988
5555.00000 0.010242
5560.00000 0.010411
5565.00000 0.010693
5570.00000 0.010798
5575.00000 0.010975
5580.00000 0.011091
5585.00000 0.01116
5590.00000 0.011282
5595.00000 0.011295
5600.00000 0.01127
5605.00000 0.01128
5610.00000 0.011203
5615.00000 0.011147
5620.00000 0.011036
5625.00000 0.01093
5630.00000 0.010726
5635.00000 0.010533
5640.00000 0.010364
5645.00000 0.010161
5650.00000 0.009911
5655.00000 0.009655
5660.00000 0.009333
5665.00000 0.00901
5670.00000 0.008729
5675.00000 0.008391
5680.00000 0.008101
5685.00000 0.007719
5690.00000 0.007385
5695.00000 0.007043
5700.00000 0.006695
5705.00000 0.006352
5710.00000 0.005982
5715.00000 0.005621
5720.00000 0.00531
5725.00000 0.004953
5730.00000 0.004634
5735.00000 0.004301
5740.00000 0.004017
6314.00000 0.0
