threeML/data/optical_filters/Spitzer/IRAC-I2.ecsv
# %ECSV 0.9
# ---
# datatype:
# - {name: wavelength, unit: Angstrom, datatype: float32}
# - {name: response, datatype: float32}
# meta: !!omap
# - {band_name: I2}
# - {group_name: IRAC}
wavelength response
33502.41016 0.0
37224.89844 0.001201
37251.60156 0.001099
37278.39844 0.001117
37305.19922 0.001213
37332.10156 0.001211
37359.00000 0.001253
37385.89844 0.001231
37412.89844 0.001209
37439.89844 0.001237
37466.89844 0.001197
37494.00000 0.001128
37521.19922 0.001091
37548.30078 0.001037
37575.50000 0.000956
37602.80078 0.000858
37630.10156 0.000717
37657.39844 0.000602
37684.80078 0.000578
37712.19922 0.000587
37739.60156 0.000474
37767.10156 0.000377
37794.60156 0.000317
37822.19922 0.000233
37849.80078 0.00023
37877.50000 0.000157
37905.10156 0.000228
37932.89844 0.000424
37960.60156 0.000474
37988.39844 0.000563
38016.30078 0.000633
38044.19922 0.000451
38072.10156 0.000464
38100.10156 0.00085
38128.10156 0.000942
38156.19922 0.000812
38184.30078 0.001039
38212.39844 0.001136
38240.60156 0.00104
38268.80078 0.001322
38297.10156 0.001361
38325.39844 0.001194
38353.69922 0.001184
38382.10156 0.001108
38410.50000 0.001127
38439.00000 0.001191
38467.50000 0.001142
38496.10156 0.001138
38524.69922 0.000946
38553.30078 0.000972
38582.00000 0.001021
38610.69922 0.000773
38639.50000 0.000693
38668.30078 0.000647
38697.19922 0.000523
38726.10156 0.000451
38755.00000 0.000366
38784.00000 0.000398
38813.00000 0.000391
38842.10156 0.000223
38871.19922 0.000226
38900.39844 0.000307
38929.60156 0.000401
38958.89844 0.000664
38988.10156 0.001206
39017.50000 0.001624
39046.89844 0.00192
39076.30078 0.002697
39105.80078 0.003559
39135.30078 0.004236
39164.80078 0.005163
39194.39844 0.006273
39224.10156 0.007327
39253.80078 0.008786
39283.50000 0.01068
39313.30078 0.01237
39343.10156 0.01432
39373.00000 0.01668
39402.89844 0.01937
39432.89844 0.02232
39462.89844 0.02581
39492.89844 0.02994
39523.00000 0.03479
39553.19922 0.04024
39583.39844 0.0469
39613.60156 0.05481
39643.89844 0.06381
39674.19922 0.07436
39704.60156 0.08669
39735.00000 0.101
39765.50000 0.1175
39796.00000 0.1358
39826.60156 0.1573
39857.19922 0.1793
39887.89844 0.2023
39918.60156 0.2281
39949.30078 0.2522
39980.10156 0.2775
40011.00000 0.3004
40041.89844 0.3207
40072.80078 0.339
40103.80078 0.355
40134.89844 0.3669
40165.89844 0.3755
40197.10156 0.3805
40228.30078 0.3837
40259.50000 0.3854
40290.80078 0.3846
40322.10156 0.3824
40353.50000 0.3798
40384.89844 0.3781
40416.39844 0.3743
40447.89844 0.3695
40479.50000 0.3657
40511.10156 0.3607
40542.80078 0.3568
40574.50000 0.3531
40606.30078 0.3488
40638.10156 0.3443
40670.00000 0.3402
40701.89844 0.3367
40733.89844 0.3337
40765.89844 0.3308
40798.00000 0.3283
40830.10156 0.3268
40862.30078 0.3262
40894.50000 0.3254
40926.80078 0.3249
40959.10156 0.3251
40991.50000 0.326
41023.89844 0.3283
41056.39844 0.3303
41088.89844 0.3324
41121.50000 0.3351
41154.19922 0.3386
41186.80078 0.3448
41219.60156 0.3507
41252.39844 0.3552
41285.19922 0.3617
41318.10156 0.3689
41351.10156 0.3764
41384.10156 0.3838
41417.10156 0.3916
41450.19922 0.3995
41483.39844 0.4085
41516.60156 0.4181
41549.89844 0.4269
41583.19922 0.4349
41616.60156 0.4411
41650.00000 0.4473
41683.50000 0.4545
41717.00000 0.4605
41750.60156 0.466
41784.19922 0.4709
41817.89844 0.4755
41851.69922 0.4798
41885.50000 0.4841
41919.30078 0.4885
41953.30078 0.4908
41987.19922 0.4922
42021.30078 0.4948
42055.30078 0.4967
42089.50000 0.4972
42123.69922 0.4974
42157.89844 0.497
42192.19922 0.4972
42226.60156 0.4963
42261.00000 0.4942
42295.50000 0.4923
42330.00000 0.4904
42364.60156 0.4883
42399.19922 0.4873
42433.89844 0.4847
42468.69922 0.4805
42503.50000 0.4773
42538.30078 0.4749
42573.30078 0.4728
42608.19922 0.4704
42643.30078 0.468
42678.39844 0.4674
42713.50000 0.4664
42748.69922 0.4646
42784.00000 0.4651
42819.30078 0.4659
42854.69922 0.4657
42890.19922 0.4662
42925.69922 0.4677
42961.30078 0.4714
42996.89844 0.4744
43032.60156 0.4773
43068.30078 0.4807
43104.10156 0.4832
43140.00000 0.4864
43175.89844 0.4902
43211.89844 0.4929
43247.89844 0.4954
43284.00000 0.4983
43320.19922 0.5014
43356.39844 0.5046
43392.69922 0.5069
43429.00000 0.509
43465.39844 0.5108
43501.89844 0.5128
43538.39844 0.5148
43575.00000 0.5156
43611.60156 0.5162
43648.30078 0.5194
43685.10156 0.5228
43721.89844 0.5237
43758.80078 0.5252
43795.80078 0.5279
43832.80078 0.5299
43869.89844 0.5313
43907.10156 0.5336
43944.30078 0.5368
43981.50000 0.5391
44018.89844 0.5407
44056.30078 0.5423
44093.69922 0.5438
44131.30078 0.5459
44168.89844 0.5473
44206.50000 0.547
44244.19922 0.5471
44282.00000 0.5479
44319.89844 0.548
44357.80078 0.5481
44395.69922 0.5481
44433.80078 0.5464
44471.89844 0.5462
44510.10156 0.5467
44548.30078 0.5443
44586.60156 0.5419
44625.00000 0.5417
44663.39844 0.5418
44701.89844 0.54
44740.50000 0.5375
44779.10156 0.5365
44817.80078 0.5351
44856.60156 0.5323
44895.39844 0.531
44934.30078 0.5297
44973.30078 0.5266
45012.39844 0.5235
45051.50000 0.5218
45090.60156 0.5191
45129.89844 0.5165
45169.19922 0.5155
45208.60156 0.5135
45248.00000 0.511
45287.50000 0.5099
45327.10156 0.5082
45366.80078 0.5067
45406.50000 0.5069
45446.30078 0.5069
45486.19922 0.5052
45526.10156 0.504
45566.10156 0.5037
45606.19922 0.5032
45646.30078 0.5034
45686.50000 0.5032
45726.80078 0.5018
45767.19922 0.5006
45807.60156 0.4998
45848.10156 0.4981
45888.69922 0.4955
45929.30078 0.4939
45970.10156 0.493
46010.89844 0.4911
46051.69922 0.4889
46092.69922 0.486
46133.69922 0.4836
46174.69922 0.4812
46215.89844 0.4777
46257.10156 0.4752
46298.39844 0.4725
46339.80078 0.4697
46381.19922 0.4705
46422.80078 0.4717
46464.39844 0.4726
46506.00000 0.4744
46547.80078 0.4751
46589.60156 0.4765
46631.50000 0.4797
46673.50000 0.4826
46715.50000 0.4845
46757.60156 0.4863
46799.80078 0.4889
46842.10156 0.491
46884.50000 0.4923
46926.89844 0.4941
46969.39844 0.4955
47012.00000 0.497
47054.69922 0.4983
47097.39844 0.4985
47140.19922 0.4979
47183.10156 0.4966
47226.10156 0.4946
47269.10156 0.4938
47312.30078 0.4923
47355.50000 0.4891
47398.69922 0.4853
47442.10156 0.4833
47485.60156 0.4805
47529.10156 0.4767
47572.69922 0.4738
47616.39844 0.4707
47660.10156 0.4671
47704.00000 0.4648
47747.89844 0.4622
47791.89844 0.4582
47836.00000 0.4543
47880.19922 0.4513
47924.39844 0.4496
47968.80078 0.4485
48013.19922 0.4467
48057.69922 0.4452
48102.30078 0.4436
48146.89844 0.4421
48191.69922 0.4421
48236.50000 0.4421
48281.39844 0.4405
48326.39844 0.4399
48371.50000 0.441
48416.60156 0.4411
48461.89844 0.4405
48507.19922 0.4409
48552.69922 0.441
48598.19922 0.4406
48643.69922 0.4411
48689.39844 0.441
48735.19922 0.4411
48781.00000 0.4414
48827.00000 0.4418
48873.00000 0.4435
48919.10156 0.4441
48965.30078 0.4446
49011.60156 0.4454
49057.89844 0.4461
49104.39844 0.446
49150.89844 0.4438
49197.60156 0.4419
49244.30078 0.4391
49291.10156 0.4344
49338.00000 0.4271
49385.00000 0.4187
49432.10156 0.4108
49479.19922 0.4023
49526.50000 0.3936
49573.80078 0.3861
49621.30078 0.38
49668.80078 0.3764
49716.39844 0.3743
49764.10156 0.3726
49811.89844 0.3716
49859.80078 0.3728
49907.80078 0.3686
49955.89844 0.3562
50004.10156 0.3303
50052.30078 0.2932
50100.69922 0.2478
50149.19922 0.1927
50197.69922 0.139
50246.30078 0.09684
50295.10156 0.06535
50343.89844 0.04236
50392.80078 0.02735
50441.89844 0.01749
50491.00000 0.01081
50540.19922 0.006694
50589.50000 0.003758
50638.89844 0.001993
50688.39844 0.000901
50738.00000 0.000591
50787.69922 0.000486
50837.50000 0.000303
50887.39844 0.0003
50937.39844 0.000369
50987.39844 0.000303
51037.60156 0.000205
51087.89844 0.00018
51138.30078 9.6e-05
51188.80078 0.000108
51239.39844 0.000118
51290.00000 0.00019
51340.80078 0.000274
51391.69922 0.000265
51442.69922 0.000305
51493.80078 0.000315
51545.00000 0.000283
51596.30078 0.000371
51647.60156 0.000458
51699.10156 0.000466
51750.69922 0.00046
51802.39844 0.0005
51854.19922 0.000489
51906.10156 0.000411
51958.10156 0.000421
52010.30078 0.000477
52062.50000 0.000431
52114.80078 0.000384
52167.19922 0.000402
52219.80078 0.000386
57441.78125 0.0
