threeML/data/optical_filters/Spitzer/IRAC-I1.ecsv
# %ECSV 0.9
# ---
# datatype:
# - {name: wavelength, unit: Angstrom, datatype: float32}
# - {name: response, datatype: float32}
# meta: !!omap
# - {band_name: I1}
# - {group_name: IRAC}
wavelength response
27729.53906 0.0
30810.59961 0.00049
30828.90039 0.000586
30847.30078 0.000453
30865.59961 0.000458
30884.00000 0.000439
30902.40039 0.000531
30920.80078 0.000641
30939.30078 0.000442
30957.80078 0.000535
30976.19922 0.000655
30994.80078 0.000525
31013.30078 0.000631
31031.90039 0.000618
31050.40039 0.000496
31069.00000 0.0007
31087.69922 0.000895
31106.30078 0.000873
31125.00000 0.001045
31143.69922 0.001294
31162.40039 0.00139
31181.09961 0.001683
31199.90039 0.002132
31218.69922 0.002413
31237.50000 0.002782
31256.30078 0.003343
31275.19922 0.003846
31294.00000 0.004596
31312.90039 0.00576
31331.90039 0.006889
31350.80078 0.008313
31369.80078 0.01017
31388.80078 0.01218
31407.80078 0.01482
31426.80078 0.01816
31445.90039 0.02181
31464.90039 0.02646
31484.09961 0.03197
31503.19922 0.03857
31522.30078 0.0465
31541.50000 0.05522
31560.69922 0.06533
31579.90039 0.0774
31599.19922 0.09147
31618.40039 0.1061
31637.69922 0.122
31657.00000 0.1406
31676.40039 0.1589
31695.69922 0.1788
31715.09961 0.2002
31734.50000 0.2205
31754.00000 0.2412
31773.40039 0.2618
31792.90039 0.2822
31812.40039 0.2986
31831.90039 0.314
31851.50000 0.3304
31871.09961 0.3431
31890.69922 0.3529
31910.30078 0.3606
31929.90039 0.3685
31949.59961 0.3723
31969.30078 0.3737
31989.00000 0.375
32008.80078 0.3744
32028.59961 0.3718
32048.40039 0.3703
32068.19922 0.3686
32088.00000 0.3653
32107.90039 0.3619
32127.80078 0.358
32147.69922 0.3541
32167.59961 0.3513
32187.59961 0.3495
32207.59961 0.3484
32227.59961 0.3452
32247.69922 0.3437
32267.69922 0.3446
32287.80078 0.3436
32307.90039 0.3436
32328.09961 0.3443
32348.19922 0.3448
32368.40039 0.3474
32388.69922 0.3496
32408.90039 0.3512
32429.19922 0.3541
32449.50000 0.3578
32469.80078 0.3623
32490.09961 0.3661
32510.50000 0.3698
32530.90039 0.3748
32551.30078 0.3795
32571.80078 0.3841
32592.19922 0.3895
32612.69922 0.3936
32633.19922 0.3974
32653.80078 0.4007
32674.40039 0.4034
32695.00000 0.4065
32715.59961 0.4104
32736.30078 0.4125
32756.90039 0.4137
32777.60156 0.4158
32798.39844 0.4158
32819.10156 0.4163
32839.89844 0.4165
32860.69922 0.4153
32881.60156 0.4145
32902.39844 0.4143
32923.30078 0.4145
32944.19922 0.4134
32965.19922 0.4125
32986.19922 0.4117
33007.10156 0.4091
33028.19922 0.4086
33049.19922 0.4091
33070.30078 0.4069
33091.39844 0.406
33112.50000 0.4056
33133.69922 0.405
33154.89844 0.4055
33176.10156 0.4044
33197.30078 0.4024
33218.60156 0.4027
33239.89844 0.4036
33261.19922 0.4042
33282.60156 0.4047
33303.89844 0.4043
33325.30078 0.4047
33346.80078 0.4066
33368.19922 0.4068
33389.69922 0.4066
33411.19922 0.407
33432.80078 0.4067
33454.30078 0.4065
33475.89844 0.4067
33497.60156 0.4072
33519.19922 0.407
33540.89844 0.4066
33562.60156 0.4063
33584.30078 0.4051
33606.10156 0.4051
33627.89844 0.4049
33649.69922 0.4039
33671.60156 0.4048
33693.50000 0.4041
33715.39844 0.4016
33737.30078 0.4033
33759.30078 0.4056
33781.30078 0.4056
33803.30078 0.4063
33825.30078 0.4071
33847.39844 0.408
33869.50000 0.4109
33891.69922 0.4135
33913.80078 0.416
33936.00000 0.4187
33958.19922 0.4208
33980.50000 0.4245
34002.80078 0.4273
34025.10156 0.4291
34047.39844 0.4321
34069.80078 0.4333
34092.19922 0.4335
34114.60156 0.4353
34137.10156 0.4367
34159.60156 0.4354
34182.10156 0.4344
34204.60156 0.4356
34227.19922 0.4351
34249.80078 0.4343
34272.50000 0.434
34295.10156 0.4303
34317.80078 0.4265
34340.60156 0.4254
34363.30078 0.4243
34386.10156 0.4221
34408.89844 0.4202
34431.80078 0.4179
34454.60156 0.4163
34477.50000 0.4157
34500.50000 0.4143
34523.50000 0.4139
34546.50000 0.414
34569.50000 0.4131
34592.60156 0.4134
34615.60156 0.4145
34638.80078 0.4158
34661.89844 0.4176
34685.10156 0.4186
34708.30078 0.4194
34731.60156 0.4218
34754.80078 0.4248
34778.19922 0.4271
34801.50000 0.4305
34824.89844 0.4343
34848.30078 0.4369
34871.69922 0.4402
34895.19922 0.4434
34918.69922 0.4451
34942.19922 0.4477
34965.80078 0.4506
34989.39844 0.4529
35013.00000 0.4557
35036.60156 0.4572
35060.30078 0.4564
35084.10156 0.4564
35107.80078 0.4583
35131.60156 0.4599
35155.39844 0.4605
35179.30078 0.4614
35203.10156 0.4615
35227.10156 0.4615
35251.00000 0.4616
35275.00000 0.4615
35299.00000 0.4621
35323.00000 0.4629
35347.10156 0.462
35371.19922 0.4596
35395.39844 0.458
35419.60156 0.4582
35443.80078 0.4571
35468.00000 0.4555
35492.30078 0.4555
35516.60156 0.4547
35540.89844 0.4537
35565.30078 0.4528
35589.69922 0.4518
35614.19922 0.4521
35638.60156 0.4526
35663.19922 0.4526
35687.69922 0.4515
35712.30078 0.4505
35736.89844 0.4503
35761.50000 0.4508
35786.19922 0.4522
35810.89844 0.4528
35835.69922 0.4528
35860.50000 0.4544
35885.30078 0.4562
35910.10156 0.4574
35935.00000 0.4586
35959.89844 0.4595
35984.89844 0.4602
36009.89844 0.4602
36034.89844 0.4596
36060.00000 0.4595
36085.10156 0.4588
36110.19922 0.4591
36135.39844 0.4597
36160.60156 0.4584
36185.80078 0.4576
36211.10156 0.4568
36236.39844 0.4558
36261.69922 0.4553
36287.10156 0.4536
36312.50000 0.4509
36337.89844 0.4487
36363.39844 0.4469
36388.89844 0.4456
36414.50000 0.4448
36440.10156 0.4425
36465.69922 0.4406
36491.39844 0.4401
36517.10156 0.4381
36542.80078 0.4369
36568.60156 0.4376
36594.39844 0.4364
36620.19922 0.4352
36646.10156 0.4355
36672.00000 0.4357
36698.00000 0.4367
36724.00000 0.4382
36750.00000 0.4389
36776.10156 0.439
36802.19922 0.4405
36828.30078 0.4441
36854.50000 0.446
36880.69922 0.4468
36906.89844 0.4495
36933.19922 0.4525
36959.50000 0.4551
36985.89844 0.4572
37012.30078 0.459
37038.69922 0.4602
37065.19922 0.4623
37091.69922 0.4658
37118.30078 0.4688
37144.89844 0.4702
37171.50000 0.4705
37198.19922 0.4705
37224.89844 0.471
37251.60156 0.4721
37278.39844 0.4732
37305.19922 0.4734
37332.10156 0.4727
37359.00000 0.473
37385.89844 0.4728
37412.89844 0.4728
37439.89844 0.4732
37466.89844 0.4723
37494.00000 0.471
37521.19922 0.4697
37548.30078 0.4694
37575.50000 0.4697
37602.80078 0.4675
37630.10156 0.4647
37657.39844 0.4637
37684.80078 0.4635
37712.19922 0.4622
37739.60156 0.4604
37767.10156 0.4601
37794.60156 0.4596
37822.19922 0.4584
37849.80078 0.4567
37877.50000 0.4568
37905.10156 0.4575
37932.89844 0.4568
37960.60156 0.4571
37988.39844 0.4571
38016.30078 0.4556
38044.19922 0.4564
38072.10156 0.4569
38100.10156 0.4541
38128.10156 0.453
38156.19922 0.4529
38184.30078 0.4511
38212.39844 0.4495
38240.60156 0.447
38268.80078 0.4443
38297.10156 0.443
38325.39844 0.4413
38353.69922 0.4385
38382.10156 0.4374
38410.50000 0.4352
38439.00000 0.4317
38467.50000 0.4302
38496.10156 0.4294
38524.69922 0.428
38553.30078 0.428
38582.00000 0.428
38610.69922 0.4282
38639.50000 0.4301
38668.30078 0.433
38697.19922 0.4364
38726.10156 0.4396
38755.00000 0.4423
38784.00000 0.4445
38813.00000 0.4461
38842.10156 0.4471
38871.19922 0.4483
38900.39844 0.4473
38929.60156 0.4437
38958.89844 0.4347
38988.10156 0.4211
39017.50000 0.405
39046.89844 0.3835
39076.30078 0.3559
39105.80078 0.3286
39135.30078 0.2937
39164.80078 0.2563
39194.39844 0.2215
39224.10156 0.1869
39253.80078 0.1522
39283.50000 0.1237
39313.30078 0.0989
39343.10156 0.0775
39373.00000 0.05869
39402.89844 0.04485
39432.89844 0.03373
39462.89844 0.02515
39492.89844 0.01877
39523.00000 0.01376
39553.19922 0.00961
39583.39844 0.006888
39613.60156 0.004779
39643.89844 0.002983
39674.19922 0.002031
39704.60156 0.001633
39735.00000 0.001354
39765.50000 0.001214
39796.00000 0.001186
39826.60156 0.001077
39857.19922 0.001128
39887.89844 0.001287
39918.60156 0.001269
39949.30078 0.001177
39980.10156 0.001125
40011.00000 0.001074
40041.89844 0.000936
40072.80078 0.000751
40103.80078 0.00059
44114.17969 0.0
