threeML/data/optical_filters/Spitzer/MIPS-f_160mu.ecsv
# %ECSV 0.9
# ---
# datatype:
# - {name: wavelength, unit: Angstrom, datatype: float32}
# - {name: response, datatype: float32}
# meta: !!omap
# - {band_name: f_160mu}
# - {group_name: MIPS}
wavelength response
900765.87500 0.0
1000851.00000 0.000447
1002105.00000 0.000474
1003363.00000 0.000367
1004623.00000 0.000407
1005887.00000 0.000472
1007154.00000 0.000494
1008424.00000 0.000539
1009697.00000 0.000589
1010974.00000 0.000553
1012253.00000 0.000548
1013536.00000 0.00068
1014822.00000 0.0007
1016112.00000 0.000596
1017405.00000 0.000557
1018701.00000 0.000641
1020000.00000 0.000724
1021303.00000 0.000677
1022609.00000 0.000715
1023918.00000 0.000766
1025231.00000 0.000665
1026547.00000 0.000725
1027866.00000 0.000715
1029189.00000 0.000719
1030516.00000 0.000799
1031845.00000 0.000749
1033178.00000 0.000752
1034515.00000 0.000789
1035855.00000 0.000822
1037199.00000 0.000846
1038546.00000 0.000819
1039896.00000 0.000786
1041250.00000 0.000797
1042608.00000 0.0009
1043969.00000 0.000966
1045334.00000 0.000952
1046702.00000 0.000808
1048074.00000 0.000738
1049449.00000 0.000819
1050828.00000 0.000927
1052211.00000 0.000932
1053597.00000 0.000831
1054987.00000 0.000792
1056381.00000 0.000796
1057778.00000 0.000819
1059179.00000 0.00087
1060584.00000 0.000904
1061992.00000 0.000924
1063404.00000 0.000889
1064820.00000 0.000901
1066240.00000 0.000943
1067664.00000 0.000881
1069091.00000 0.000796
1070522.00000 0.000866
1071957.00000 0.000943
1073396.00000 0.000932
1074839.00000 0.001009
1076286.00000 0.000936
1077736.00000 0.000803
1079190.00000 0.000997
1080649.00000 0.001114
1082111.00000 0.001061
1083577.00000 0.001021
1085048.00000 0.000981
1086522.00000 0.000917
1088000.00000 0.000933
1089482.00000 0.000937
1090969.00000 0.000876
1092459.00000 0.000864
1093954.00000 0.000883
1095452.00000 0.001011
1096955.00000 0.001149
1098462.00000 0.001216
1099973.00000 0.001242
1101488.00000 0.001255
1103007.00000 0.001211
1104531.00000 0.001216
1106058.00000 0.001288
1107590.00000 0.001282
1109126.00000 0.001384
1110667.00000 0.001455
1112212.00000 0.001513
1113761.00000 0.001442
1115314.00000 0.001455
1116872.00000 0.001539
1118434.00000 0.001477
1120000.00000 0.001562
1121571.00000 0.001587
1123146.00000 0.001518
1124726.00000 0.001472
1126310.00000 0.00151
1127899.00000 0.001489
1129492.00000 0.001518
1131089.00000 0.001668
1132691.00000 0.001809
1134298.00000 0.001797
1135909.00000 0.001851
1137525.00000 0.001818
1139145.00000 0.002091
1140771.00000 0.002203
1142400.00000 0.002179
1144035.00000 0.002222
1145674.00000 0.002193
1147317.00000 0.002368
1148966.00000 0.002635
1150619.00000 0.002708
1152277.00000 0.002766
1153940.00000 0.003203
1155607.00000 0.00352
1157279.00000 0.003654
1158957.00000 0.003983
1160639.00000 0.004197
1162326.00000 0.004252
1164018.00000 0.004276
1165714.00000 0.004526
1167416.00000 0.004801
1169123.00000 0.005002
1170835.00000 0.005536
1172552.00000 0.005423
1174273.00000 0.005623
1176000.00000 0.005942
1177732.00000 0.006242
1179469.00000 0.006348
1181211.00000 0.006335
1182959.00000 0.006441
1184711.00000 0.006615
1186469.00000 0.00724
1188232.00000 0.007551
1190000.00000 0.008008
1191774.00000 0.008284
1193552.00000 0.00864
1195337.00000 0.008983
1197126.00000 0.009191
1198921.00000 0.009407
1200721.00000 0.009608
1202527.00000 0.009991
1204338.00000 0.010152
1206154.00000 0.010587
1207976.00000 0.011319
1209804.00000 0.011818
1211637.00000 0.012091
1213475.00000 0.012364
1215319.00000 0.012936
1217169.00000 0.013422
1219025.00000 0.014121
1220886.00000 0.014813
1222752.00000 0.015229
1224625.00000 0.016504
1226503.00000 0.017405
1228387.00000 0.017946
1230277.00000 0.018605
1232173.00000 0.019464
1234074.00000 0.020663
1235982.00000 0.021828
1237895.00000 0.022674
1239814.00000 0.023727
1241739.00000 0.025979
1243670.00000 0.027942
1245608.00000 0.029283
1247551.00000 0.030681
1249500.00000 0.032541
1251456.00000 0.034293
1253417.00000 0.036261
1255385.00000 0.038157
1257359.00000 0.040349
1259339.00000 0.043315
1261325.00000 0.046326
1263318.00000 0.049115
1265317.00000 0.051696
1267322.00000 0.054633
1269334.00000 0.057837
1271352.00000 0.060863
1273376.00000 0.063607
1275407.00000 0.06696
1277444.00000 0.071232
1279488.00000 0.076605
1281539.00000 0.080961
1283596.00000 0.085566
1285659.00000 0.089646
1287730.00000 0.094342
1289807.00000 0.099703
1291890.00000 0.104491
1293981.00000 0.109402
1296078.00000 0.114945
1298182.00000 0.120442
1300293.00000 0.127514
1302411.00000 0.134596
1304535.00000 0.138864
1306667.00000 0.146123
1308805.00000 0.150331
1310951.00000 0.157503
1313104.00000 0.162007
1315263.00000 0.170009
1317430.00000 0.17437
1319604.00000 0.182098
1321785.00000 0.187804
1323974.00000 0.195749
1326169.00000 0.200513
1328372.00000 0.208706
1330583.00000 0.213323
1332800.00000 0.222323
1335025.00000 0.226949
1337258.00000 0.231259
1339498.00000 0.239267
1341745.00000 0.241975
1344000.00000 0.249969
1346263.00000 0.259455
1348533.00000 0.268523
1350811.00000 0.277311
1353097.00000 0.285225
1355390.00000 0.293649
1357691.00000 0.302112
1360000.00000 0.310823
1362317.00000 0.318801
1364642.00000 0.322865
1366975.00000 0.334176
1369315.00000 0.34868
1371664.00000 0.356199
1374021.00000 0.370831
1376386.00000 0.385731
1378759.00000 0.400423
1381140.00000 0.414583
1383530.00000 0.429878
1385927.00000 0.445
1388334.00000 0.457952
1390748.00000 0.465973
1393171.00000 0.480237
1395602.00000 0.495482
1398042.00000 0.509854
1400491.00000 0.532226
1402948.00000 0.547751
1405413.00000 0.562369
1407888.00000 0.584999
1410371.00000 0.608022
1412862.00000 0.62929
1415363.00000 0.645116
1417873.00000 0.65841
1420391.00000 0.671591
1422918.00000 0.675774
1425455.00000 0.688479
1428000.00000 0.700292
1430555.00000 0.702498
1433119.00000 0.715888
1435691.00000 0.72826
1438274.00000 0.740454
1440865.00000 0.741969
1443466.00000 0.754591
1446076.00000 0.757151
1448696.00000 0.768715
1451325.00000 0.770594
1453964.00000 0.784353
1456612.00000 0.786992
1459270.00000 0.798593
1461938.00000 0.80432
1464616.00000 0.812317
1467303.00000 0.813238
1470000.00000 0.823684
1472707.00000 0.834649
1475425.00000 0.847635
1478152.00000 0.859012
1480889.00000 0.868908
1483637.00000 0.879965
1486394.00000 0.891054
1489162.00000 0.898551
1491941.00000 0.900832
1494729.00000 0.912081
1497528.00000 0.923489
1500338.00000 0.933271
1503158.00000 0.942213
1505989.00000 0.951861
1508830.00000 0.961771
1511683.00000 0.972094
1514546.00000 0.981395
1517420.00000 0.994476
1520304.00000 0.999749
1523200.00000 0.999151
1526107.00000 0.997548
1529025.00000 0.9957
1531954.00000 0.995062
1534895.00000 0.993676
1537846.00000 1.0
1540809.00000 0.998353
1543784.00000 0.997502
1546770.00000 0.995063
1549768.00000 0.993275
1552777.00000 0.992945
1555798.00000 0.980701
1558831.00000 0.977739
1561875.00000 0.975756
1564932.00000 0.965544
1568000.00000 0.963634
1571081.00000 0.96077
1574173.00000 0.954258
1577278.00000 0.957757
1580396.00000 0.955337
1583525.00000 0.952607
1586667.00000 0.950778
1589821.00000 0.95971
1592988.00000 0.957048
1596168.00000 0.954059
1599360.00000 0.950879
1602565.00000 0.949385
1605783.00000 0.947378
1609014.00000 0.946668
1612258.00000 0.946953
1615515.00000 0.947891
1618786.00000 0.955765
1622069.00000 0.9535
1625366.00000 0.954159
1628676.00000 0.956026
1632000.00000 0.956026
1635338.00000 0.964962
1638689.00000 0.965461
1642054.00000 0.965031
1645432.00000 0.963797
1648825.00000 0.953418
1652232.00000 0.951826
1655652.00000 0.949067
1659087.00000 0.944964
1662537.00000 0.931234
1666000.00000 0.926587
1669478.00000 0.920868
1672971.00000 0.91358
1676478.00000 0.898548
1680000.00000 0.880514
1683537.00000 0.861504
1687089.00000 0.852693
1690656.00000 0.833905
1694238.00000 0.82043
1697835.00000 0.797571
1701447.00000 0.784459
1705075.00000 0.759877
1708718.00000 0.740617
1712377.00000 0.711354
1716052.00000 0.684708
1719742.00000 0.657276
1723449.00000 0.629894
1727171.00000 0.610668
1730909.00000 0.583345
1734664.00000 0.555174
1738435.00000 0.527646
1742223.00000 0.4969
1746026.00000 0.471499
1749847.00000 0.445906
1753684.00000 0.419362
1757539.00000 0.3933
1761410.00000 0.368825
1765298.00000 0.344754
1769204.00000 0.325955
1773127.00000 0.3036
1777067.00000 0.282585
1781025.00000 0.265238
1785000.00000 0.250196
1788994.00000 0.234194
1793005.00000 0.219211
1797034.00000 0.203229
1801081.00000 0.189903
1805147.00000 0.177366
1809231.00000 0.16602
1813334.00000 0.15316
1817455.00000 0.143091
1821595.00000 0.133721
1825754.00000 0.125481
1829932.00000 0.116889
1834129.00000 0.109056
1838345.00000 0.102276
1842581.00000 0.095799
1846836.00000 0.088747
1851111.00000 0.083556
1855406.00000 0.078206
1859721.00000 0.072986
1864056.00000 0.068567
1868412.00000 0.064252
1872787.00000 0.059304
1877183.00000 0.054956
1881600.00000 0.051705
1886038.00000 0.047743
1890497.00000 0.044662
1894977.00000 0.041159
1899478.00000 0.038585
1904000.00000 0.035677
1908544.00000 0.033044
1913110.00000 0.030634
1917698.00000 0.028746
1922308.00000 0.026742
1926940.00000 0.02463
1931595.00000 0.022829
1936271.00000 0.020896
1940971.00000 0.019406
1945694.00000 0.018199
1950439.00000 0.016901
1955208.00000 0.016001
1960000.00000 0.014935
1964816.00000 0.013881
1969655.00000 0.013061
1974519.00000 0.012065
1979406.00000 0.01121
1984318.00000 0.01045
1989254.00000 0.009667
1994215.00000 0.009083
1999200.00000 0.008501
2199120.00000 0.0
