threeML/data/optical_filters/Spitzer/MIPS-f_24mu.ecsv
# %ECSV 0.9
# ---
# datatype:
# - {name: wavelength, unit: Angstrom, datatype: float32}
# - {name: response, datatype: float32}
# meta: !!omap
# - {band_name: f_24mu}
# - {group_name: MIPS}
wavelength response
162045.00000 0.0
180050.00000 0.000237
180680.00000 0.000231
181310.00000 0.000173
181940.00000 1.17e-05
182580.00000 0.000229
183230.00000 0.000228
183880.00000 0.000237
184530.00000 0.000241
185190.00000 0.000245
185860.00000 0.000573
186520.00000 0.000595
187200.00000 0.000401
187880.00000 0.000135
188560.00000 0.000275
189250.00000 0.000277
189940.00000 0.000185
190640.00000 0.00019
191340.00000 0.000644
192050.00000 0.000764
192770.00000 0.000557
193480.00000 0.000657
194210.00000 0.000736
194940.00000 0.001573
195670.00000 0.002129
196420.00000 0.003627
197160.00000 0.004662
197920.00000 0.00671
198670.00000 0.008835
199440.00000 0.012914
200210.00000 0.0145
200980.00000 0.019532
201770.00000 0.024468
202550.00000 0.031953
203350.00000 0.050973
204150.00000 0.076447
204960.00000 0.120929
205770.00000 0.177656
206590.00000 0.252554
207420.00000 0.377777
208250.00000 0.528659
209090.00000 0.735924
209930.00000 0.813463
210790.00000 0.857335
211650.00000 0.882477
212520.00000 0.907091
213390.00000 0.932828
214270.00000 0.957009
215160.00000 0.973634
216060.00000 0.984957
216960.00000 0.991663
217870.00000 0.997749
218790.00000 1.0
219720.00000 0.998522
220650.00000 0.988564
221600.00000 0.970058
222550.00000 0.935205
223510.00000 0.926258
224480.00000 0.899796
225450.00000 0.880798
226440.00000 0.865925
227430.00000 0.856114
228430.00000 0.857699
229440.00000 0.856779
230460.00000 0.850509
231490.00000 0.83452
232530.00000 0.815473
233580.00000 0.795473
234630.00000 0.775875
235700.00000 0.752764
236780.00000 0.746808
237860.00000 0.777653
238960.00000 0.798943
240060.00000 0.839877
241180.00000 0.876265
242310.00000 0.911819
243450.00000 0.929431
244590.00000 0.924876
245750.00000 0.917978
246920.00000 0.897806
248100.00000 0.879948
249300.00000 0.859096
250500.00000 0.833534
251720.00000 0.803216
252950.00000 0.77089
254190.00000 0.736609
255440.00000 0.695704
256700.00000 0.649479
257980.00000 0.602661
259270.00000 0.558191
260570.00000 0.519174
261890.00000 0.486209
263220.00000 0.455974
264560.00000 0.428693
265920.00000 0.406171
267290.00000 0.381986
268670.00000 0.354378
270070.00000 0.326682
271490.00000 0.296838
272920.00000 0.261178
274360.00000 0.225878
275820.00000 0.195445
277290.00000 0.170226
278780.00000 0.148445
280290.00000 0.130555
281810.00000 0.117945
283350.00000 0.107676
284910.00000 0.097827
286490.00000 0.088869
288080.00000 0.080512
289690.00000 0.072124
291310.00000 0.060997
292960.00000 0.051086
294620.00000 0.042525
296310.00000 0.035384
298010.00000 0.029764
299730.00000 0.025596
301480.00000 0.021807
303240.00000 0.01919
305020.00000 0.016606
306830.00000 0.013779
308650.00000 0.011002
310500.00000 0.008476
312370.00000 0.006381
314270.00000 0.004758
316180.00000 0.003471
318120.00000 0.002394
320090.00000 0.001482
322070.00000 0.000727
354277.00000 0.0
