threeML/data/optical_filters/AKARI/IRC-N4.ecsv
# %ECSV 0.9
# ---
# datatype:
# - {name: wavelength, unit: Angstrom, datatype: float32}
# - {name: response, datatype: float32}
# meta: !!omap
# - {band_name: N4}
# - {group_name: IRC}
wavelength response
29232.00000 0.0
32480.00000 0.0012282
32490.00000 0.00091864
32501.00000 0.00075596
32511.00000 0.00070456
32521.00000 0.001003
32531.00000 0.0010877
32541.00000 0.00073669
32552.00000 0.00069728
32562.00000 0.0010403
32572.00000 0.0011524
32582.00000 0.0012138
32592.00000 0.0011646
32603.00000 0.00066994
32613.00000 0.00080135
32623.00000 0.001187
32634.00000 0.0011853
32644.00000 0.0011895
32654.00000 0.00095092
32664.00000 0.0011571
32675.00000 0.0011603
32685.00000 0.0008978
32695.00000 0.0012115
32706.00000 0.0012709
32716.00000 0.0011841
32726.00000 0.0011149
32736.00000 0.0011049
32747.00000 0.0013172
32757.00000 0.0012618
32768.00000 0.001289
32778.00000 0.0011893
32788.00000 0.00089782
32799.00000 0.0010255
32809.00000 0.001223
32819.00000 0.001187
32830.00000 0.001178
32840.00000 0.0012817
32850.00000 0.0013386
32861.00000 0.0012806
32871.00000 0.0011736
32882.00000 0.0011438
32892.00000 0.0012723
32903.00000 0.0011653
32913.00000 0.0012216
32924.00000 0.0015279
32934.00000 0.0013955
32945.00000 0.0013664
32955.00000 0.0015925
32965.00000 0.001601
32976.00000 0.0017194
32986.00000 0.00154
32997.00000 0.001365
33007.00000 0.0015872
33018.00000 0.001372
33028.00000 0.0013864
33039.00000 0.0016869
33049.00000 0.0014426
33060.00000 0.0013349
33070.00000 0.0015185
33081.00000 0.0015252
33092.00000 0.001478
33102.00000 0.0014961
33113.00000 0.0014659
33123.00000 0.0015826
33134.00000 0.0018547
33145.00000 0.001764
33155.00000 0.0017162
33166.00000 0.0016844
33176.00000 0.0014311
33187.00000 0.0017397
33198.00000 0.0019166
33208.00000 0.0016579
33219.00000 0.0018814
33229.00000 0.0020169
33240.00000 0.0018189
33251.00000 0.0018431
33261.00000 0.0018273
33272.00000 0.0020817
33283.00000 0.0024571
33293.00000 0.0020704
33304.00000 0.0020502
33315.00000 0.0023162
33326.00000 0.0019143
33336.00000 0.0021958
33347.00000 0.0024881
33358.00000 0.0021027
33368.00000 0.0024318
33379.00000 0.0025968
33390.00000 0.0023006
33401.00000 0.002653
33412.00000 0.0027292
33422.00000 0.0024108
33433.00000 0.0027573
33444.00000 0.0030569
33455.00000 0.0027783
33465.00000 0.0028561
33476.00000 0.0031268
33487.00000 0.0028622
33498.00000 0.0028958
33509.00000 0.0032157
33519.00000 0.0031817
33530.00000 0.0032996
33541.00000 0.0033125
33552.00000 0.0032842
33563.00000 0.0036518
33574.00000 0.0038204
33585.00000 0.0037949
33595.00000 0.0039854
33606.00000 0.0042109
33617.00000 0.0042192
33628.00000 0.0042587
33639.00000 0.0042708
33650.00000 0.0039809
33661.00000 0.0042627
33672.00000 0.004886
33683.00000 0.0048215
33694.00000 0.0047682
33705.00000 0.005129
33716.00000 0.0051856
33727.00000 0.0049958
33737.00000 0.0050033
33749.00000 0.0052488
33760.00000 0.0055965
33770.00000 0.00576
33781.00000 0.005956
33793.00000 0.0062313
33804.00000 0.0061292
33814.00000 0.0063841
33826.00000 0.0068088
33837.00000 0.0066038
33848.00000 0.0068405
33859.00000 0.0073512
33870.00000 0.0072377
33881.00000 0.0072234
33892.00000 0.007678
33903.00000 0.0079952
33914.00000 0.0080708
33925.00000 0.0083695
33936.00000 0.0086856
33947.00000 0.0089094
33958.00000 0.009392
33970.00000 0.0095432
33981.00000 0.0095713
33992.00000 0.010057
34003.00000 0.010532
34014.00000 0.010856
34025.00000 0.010859
34037.00000 0.01104
34048.00000 0.011638
34059.00000 0.011788
34070.00000 0.012071
34081.00000 0.012619
34092.00000 0.012756
34104.00000 0.012943
34115.00000 0.013481
34126.00000 0.014218
34137.00000 0.014544
34149.00000 0.014685
34160.00000 0.015373
34171.00000 0.01587
34182.00000 0.01616
34194.00000 0.016748
34205.00000 0.017099
34216.00000 0.017311
34227.00000 0.017815
34239.00000 0.018245
34250.00000 0.018543
34261.00000 0.01923
34273.00000 0.019943
34284.00000 0.020381
34295.00000 0.021135
34307.00000 0.021883
34318.00000 0.02225
34329.00000 0.023009
34341.00000 0.024116
34352.00000 0.024663
34364.00000 0.02516
34375.00000 0.026243
34386.00000 0.027135
34398.00000 0.027765
34409.00000 0.028499
34421.00000 0.029334
34432.00000 0.030199
34443.00000 0.030882
34455.00000 0.031699
34466.00000 0.032671
34478.00000 0.033471
34489.00000 0.034381
34501.00000 0.03534
34512.00000 0.036108
34524.00000 0.037022
34535.00000 0.038096
34547.00000 0.038969
34558.00000 0.039915
34570.00000 0.041007
34581.00000 0.04192
34593.00000 0.042734
34604.00000 0.043689
34616.00000 0.044897
34627.00000 0.046123
34639.00000 0.047205
34651.00000 0.048124
34662.00000 0.049185
34674.00000 0.050629
34685.00000 0.051851
34697.00000 0.052972
34709.00000 0.054174
34720.00000 0.055334
34732.00000 0.056606
34743.00000 0.057695
34755.00000 0.059057
34767.00000 0.060633
34778.00000 0.061787
34790.00000 0.063091
34802.00000 0.064763
34813.00000 0.066311
34825.00000 0.067749
34837.00000 0.069403
34848.00000 0.070652
34860.00000 0.071874
34872.00000 0.073908
34884.00000 0.075695
34895.00000 0.077145
34907.00000 0.078856
34919.00000 0.080712
34931.00000 0.08244
34942.00000 0.08429
34954.00000 0.086144
34966.00000 0.088022
34978.00000 0.089874
34990.00000 0.091792
35001.00000 0.093648
35013.00000 0.09561
35025.00000 0.097454
35037.00000 0.099498
35049.00000 0.10197
35061.00000 0.10402
35072.00000 0.10608
35084.00000 0.10857
35096.00000 0.11056
35108.00000 0.11239
35120.00000 0.11544
35132.00000 0.11916
35144.00000 0.12235
35156.00000 0.12579
35168.00000 0.12966
35180.00000 0.13315
35191.00000 0.1368
35203.00000 0.14086
35215.00000 0.14442
35227.00000 0.14793
35239.00000 0.15227
35251.00000 0.15627
35263.00000 0.15996
35275.00000 0.16456
35287.00000 0.16883
35299.00000 0.17285
35311.00000 0.17785
35323.00000 0.18268
35335.00000 0.18758
35347.00000 0.19295
35359.00000 0.19727
35371.00000 0.20186
35384.00000 0.20789
35396.00000 0.2135
35408.00000 0.21904
35420.00000 0.22515
35432.00000 0.23082
35444.00000 0.23707
35456.00000 0.2438
35468.00000 0.24992
35480.00000 0.25664
35492.00000 0.26375
35505.00000 0.27028
35517.00000 0.27743
35529.00000 0.28523
35541.00000 0.2924
35553.00000 0.29961
35566.00000 0.30764
35578.00000 0.31553
35590.00000 0.32347
35602.00000 0.33204
35614.00000 0.34053
35627.00000 0.34884
35639.00000 0.35732
35651.00000 0.36587
35663.00000 0.37426
35676.00000 0.38343
35688.00000 0.39324
35700.00000 0.40158
35712.00000 0.41019
35725.00000 0.42023
35737.00000 0.42904
35749.00000 0.43766
35762.00000 0.44719
35774.00000 0.45596
35786.00000 0.46468
35799.00000 0.47424
35811.00000 0.48312
35824.00000 0.49095
35836.00000 0.49968
35848.00000 0.50858
35861.00000 0.5162
35873.00000 0.52462
35886.00000 0.5331
35898.00000 0.53999
35910.00000 0.54751
35923.00000 0.55508
35935.00000 0.56119
35948.00000 0.56823
35960.00000 0.57512
35973.00000 0.57978
35985.00000 0.58564
35998.00000 0.59229
36010.00000 0.59634
36023.00000 0.60115
36035.00000 0.60707
36048.00000 0.61097
36060.00000 0.61425
36073.00000 0.61785
36085.00000 0.62107
36098.00000 0.62424
36110.00000 0.62783
36123.00000 0.63017
36136.00000 0.63153
36148.00000 0.63417
36161.00000 0.63559
36173.00000 0.63612
36186.00000 0.63851
36199.00000 0.63962
36211.00000 0.63974
36224.00000 0.64154
36237.00000 0.64167
36249.00000 0.6406
36262.00000 0.6422
36275.00000 0.64256
36287.00000 0.64078
36300.00000 0.64141
36313.00000 0.64185
36326.00000 0.6399
36338.00000 0.63948
36351.00000 0.64035
36364.00000 0.63876
36376.00000 0.63701
36389.00000 0.63729
36402.00000 0.63624
36415.00000 0.63457
36428.00000 0.63417
36440.00000 0.63236
36453.00000 0.63071
36466.00000 0.63153
36479.00000 0.63058
36492.00000 0.6283
36504.00000 0.62804
36517.00000 0.62661
36530.00000 0.62493
36543.00000 0.62538
36556.00000 0.62393
36569.00000 0.62202
36582.00000 0.62251
36595.00000 0.62183
36607.00000 0.62009
36621.00000 0.61988
36633.00000 0.61929
36646.00000 0.61786
36659.00000 0.61765
36672.00000 0.61736
36685.00000 0.61612
36698.00000 0.61615
36711.00000 0.61632
36724.00000 0.61515
36737.00000 0.61543
36750.00000 0.61645
36763.00000 0.61566
36776.00000 0.61551
36789.00000 0.61599
36802.00000 0.61547
36816.00000 0.61625
36828.00000 0.61753
36842.00000 0.61739
36855.00000 0.61786
36868.00000 0.61908
36881.00000 0.61886
36894.00000 0.61873
36907.00000 0.62047
36920.00000 0.62092
36934.00000 0.62118
36947.00000 0.6242
36960.00000 0.62543
36973.00000 0.62511
36986.00000 0.62693
36999.00000 0.62778
37013.00000 0.62815
37026.00000 0.63062
37039.00000 0.63256
37052.00000 0.63331
37065.00000 0.635
37079.00000 0.63653
37092.00000 0.63781
37105.00000 0.64077
37118.00000 0.64241
37132.00000 0.64255
37145.00000 0.64562
37158.00000 0.64814
37172.00000 0.64832
37185.00000 0.651
37198.00000 0.65426
37212.00000 0.65544
37225.00000 0.65748
37239.00000 0.66008
37252.00000 0.66113
37265.00000 0.66309
37279.00000 0.66677
37292.00000 0.66876
37306.00000 0.67079
37319.00000 0.67455
37332.00000 0.67618
37346.00000 0.67754
37359.00000 0.68136
37373.00000 0.68388
37386.00000 0.68614
37400.00000 0.6898
37413.00000 0.69127
37427.00000 0.69292
37440.00000 0.69625
37454.00000 0.69854
37467.00000 0.70136
37481.00000 0.70457
37494.00000 0.70689
37508.00000 0.70911
37521.00000 0.71161
37535.00000 0.71482
37549.00000 0.71741
37562.00000 0.72045
37576.00000 0.72413
37589.00000 0.72542
37603.00000 0.72778
37617.00000 0.73163
37630.00000 0.73272
37644.00000 0.73482
37658.00000 0.73896
37671.00000 0.74072
37685.00000 0.74284
37699.00000 0.74654
37712.00000 0.74894
37726.00000 0.75114
37740.00000 0.75348
37754.00000 0.75544
37767.00000 0.75801
37781.00000 0.76064
37795.00000 0.76261
37809.00000 0.76439
37822.00000 0.76725
37836.00000 0.77022
37850.00000 0.77108
37864.00000 0.77334
37878.00000 0.77753
37892.00000 0.77854
37905.00000 0.77956
37919.00000 0.78255
37933.00000 0.78396
37947.00000 0.78639
37961.00000 0.78918
37975.00000 0.78972
37989.00000 0.79198
38003.00000 0.79452
38017.00000 0.79515
38031.00000 0.79784
38045.00000 0.80065
38058.00000 0.80055
38072.00000 0.80192
38086.00000 0.80456
38100.00000 0.80578
38114.00000 0.80721
38128.00000 0.80926
38142.00000 0.8101
38156.00000 0.81064
38170.00000 0.81273
38184.00000 0.81389
38199.00000 0.81432
38213.00000 0.81693
38227.00000 0.81752
38241.00000 0.8168
38255.00000 0.81937
38269.00000 0.82124
38283.00000 0.8208
38297.00000 0.82175
38312.00000 0.82321
38326.00000 0.82283
38340.00000 0.8242
38354.00000 0.82628
38368.00000 0.82571
38382.00000 0.82669
38397.00000 0.8283
38411.00000 0.82785
38425.00000 0.829
38439.00000 0.83064
38454.00000 0.83058
38468.00000 0.8309
38482.00000 0.83184
38496.00000 0.83292
38511.00000 0.83501
38525.00000 0.83532
38539.00000 0.83394
38554.00000 0.83528
38568.00000 0.83637
38582.00000 0.83544
38597.00000 0.83604
38611.00000 0.83777
38625.00000 0.83834
38640.00000 0.83831
38654.00000 0.83926
38669.00000 0.83937
38683.00000 0.83935
38698.00000 0.84059
38712.00000 0.84004
38726.00000 0.84013
38741.00000 0.84275
38755.00000 0.84264
38770.00000 0.84202
38784.00000 0.84366
38799.00000 0.84408
38813.00000 0.84446
38828.00000 0.84522
38842.00000 0.84515
38857.00000 0.84531
38872.00000 0.84565
38886.00000 0.8462
38901.00000 0.84606
38915.00000 0.84675
38930.00000 0.84826
38944.00000 0.84715
38959.00000 0.84754
38974.00000 0.84962
38988.00000 0.84926
39003.00000 0.84951
39018.00000 0.85056
39032.00000 0.85055
39047.00000 0.84976
39062.00000 0.8497
39077.00000 0.85114
39091.00000 0.85145
39106.00000 0.85185
39121.00000 0.8523
39135.00000 0.85107
39150.00000 0.85136
39165.00000 0.85247
39180.00000 0.85264
39195.00000 0.85309
39209.00000 0.8536
39224.00000 0.85344
39239.00000 0.85259
39254.00000 0.85391
39269.00000 0.85547
39284.00000 0.85421
39299.00000 0.85411
39314.00000 0.85428
39328.00000 0.85421
39343.00000 0.85437
39358.00000 0.85397
39373.00000 0.85654
39388.00000 0.85752
39403.00000 0.85544
39418.00000 0.85675
39433.00000 0.85705
39448.00000 0.85574
39463.00000 0.85753
39478.00000 0.85746
39493.00000 0.85535
39508.00000 0.85627
39523.00000 0.85743
39538.00000 0.85716
39553.00000 0.85778
39569.00000 0.85819
39584.00000 0.85771
39599.00000 0.85766
39614.00000 0.85836
39629.00000 0.85833
39644.00000 0.85723
39659.00000 0.85769
39674.00000 0.85862
39690.00000 0.85841
39705.00000 0.8587
39720.00000 0.85856
39735.00000 0.8575
39750.00000 0.85777
39766.00000 0.85824
39781.00000 0.85801
39796.00000 0.85853
39812.00000 0.85912
39827.00000 0.85881
39842.00000 0.859
39857.00000 0.85987
39873.00000 0.85928
39888.00000 0.85895
39904.00000 0.86018
39919.00000 0.85993
39934.00000 0.8595
39950.00000 0.86026
39965.00000 0.85984
39980.00000 0.85929
39996.00000 0.86036
40011.00000 0.85995
40027.00000 0.85774
40042.00000 0.8588
40058.00000 0.86117
40073.00000 0.86084
40089.00000 0.86045
40104.00000 0.86115
40120.00000 0.86179
40135.00000 0.86084
40151.00000 0.86057
40166.00000 0.86247
40182.00000 0.86209
40197.00000 0.86045
40213.00000 0.86064
40229.00000 0.86181
40244.00000 0.86181
40260.00000 0.8605
40275.00000 0.86173
40291.00000 0.86273
40307.00000 0.8614
40322.00000 0.86298
40338.00000 0.8644
40354.00000 0.86355
40370.00000 0.86385
40385.00000 0.86407
40401.00000 0.86398
40417.00000 0.8644
40432.00000 0.86537
40448.00000 0.86562
40464.00000 0.86469
40480.00000 0.86514
40496.00000 0.86589
40511.00000 0.86649
40527.00000 0.86775
40543.00000 0.86737
40559.00000 0.86734
40575.00000 0.86865
40591.00000 0.86882
40607.00000 0.86876
40623.00000 0.86914
40638.00000 0.8695
40654.00000 0.87045
40670.00000 0.87094
40686.00000 0.8711
40702.00000 0.87146
40718.00000 0.87193
40734.00000 0.87344
40750.00000 0.87409
40766.00000 0.87385
40782.00000 0.87517
40798.00000 0.87614
40814.00000 0.87563
40830.00000 0.87616
40847.00000 0.87776
40863.00000 0.87846
40879.00000 0.87941
40895.00000 0.88063
40911.00000 0.88058
40927.00000 0.88204
40943.00000 0.88356
40959.00000 0.88318
40976.00000 0.88492
40992.00000 0.88633
41008.00000 0.88569
41024.00000 0.88644
41040.00000 0.88798
41057.00000 0.88905
41073.00000 0.88946
41089.00000 0.88949
41105.00000 0.88977
41122.00000 0.89095
41138.00000 0.8924
41154.00000 0.89307
41171.00000 0.89421
41187.00000 0.89497
41203.00000 0.89456
41220.00000 0.89534
41236.00000 0.89692
41253.00000 0.89797
41269.00000 0.89824
41286.00000 0.89849
41302.00000 0.89973
41318.00000 0.90087
41335.00000 0.90186
41351.00000 0.90259
41368.00000 0.90293
41384.00000 0.90354
41401.00000 0.9043
41417.00000 0.90498
41434.00000 0.90503
41451.00000 0.90596
41467.00000 0.90722
41484.00000 0.90715
41500.00000 0.90838
41517.00000 0.90915
41533.00000 0.90899
41550.00000 0.91049
41567.00000 0.91074
41583.00000 0.91061
41600.00000 0.91223
41617.00000 0.91382
41634.00000 0.91414
41650.00000 0.91345
41667.00000 0.91382
41684.00000 0.91451
41701.00000 0.91485
41717.00000 0.91576
41734.00000 0.91623
41751.00000 0.91673
41768.00000 0.91663
41785.00000 0.91565
41801.00000 0.91641
41818.00000 0.91772
41835.00000 0.91775
41852.00000 0.91774
41869.00000 0.91784
41886.00000 0.91766
41903.00000 0.91736
41920.00000 0.91768
41937.00000 0.91747
41954.00000 0.91647
41971.00000 0.91598
41988.00000 0.91403
42004.00000 0.91122
42021.00000 0.90917
42039.00000 0.90502
42056.00000 0.90043
42073.00000 0.89789
42090.00000 0.89402
42107.00000 0.89103
42124.00000 0.89192
42141.00000 0.89039
42158.00000 0.88701
42175.00000 0.88798
42193.00000 0.8895
42210.00000 0.88736
42227.00000 0.8855
42244.00000 0.88601
42261.00000 0.88546
42278.00000 0.88519
42296.00000 0.88561
42313.00000 0.88397
42330.00000 0.88326
42348.00000 0.88404
42365.00000 0.883
42382.00000 0.88192
42400.00000 0.8823
42417.00000 0.88235
42434.00000 0.8826
42452.00000 0.88299
42469.00000 0.88348
42486.00000 0.88405
42504.00000 0.8847
42521.00000 0.88533
42539.00000 0.88601
42556.00000 0.88666
42574.00000 0.88734
42591.00000 0.88797
42608.00000 0.8886
42626.00000 0.88926
42644.00000 0.88991
42661.00000 0.89051
42679.00000 0.89113
42696.00000 0.89171
42714.00000 0.89231
42731.00000 0.89287
42749.00000 0.89345
42767.00000 0.89401
42784.00000 0.89454
42802.00000 0.89508
42820.00000 0.8956
42837.00000 0.89609
42855.00000 0.89663
42873.00000 0.8972
42891.00000 0.89778
42908.00000 0.89839
42926.00000 0.89913
42944.00000 0.90014
42962.00000 0.90103
42979.00000 0.90168
42997.00000 0.90247
43015.00000 0.90347
43033.00000 0.90315
