threeML/data/optical_filters/AKARI/IRC-N2.ecsv
# %ECSV 0.9
# ---
# datatype:
# - {name: wavelength, unit: Angstrom, datatype: float32}
# - {name: response, datatype: float32}
# meta: !!omap
# - {band_name: N2}
# - {group_name: IRC}
wavelength response
14868.00000 0.0
16520.00000 0.00014173
16522.00000 0.00026365
16525.00000 0.00026814
16527.00000 0.00019439
16530.00000 0.00010738
16533.00000 0.00014685
16535.00000 0.0002758
16538.00000 0.00020362
16540.00000 0.00022944
16543.00000 0.00042843
16546.00000 0.00036486
16549.00000 0.00023033
16551.00000 0.0003226
16554.00000 0.00030002
16556.00000 0.00021858
16559.00000 0.00025474
16562.00000 0.00027823
16564.00000 0.00041389
16567.00000 0.00046126
16570.00000 0.00032232
16572.00000 0.00032601
16575.00000 0.00040939
16578.00000 0.00041706
16580.00000 0.00039813
16583.00000 0.00039626
16586.00000 0.00052453
16588.00000 0.00056032
16591.00000 0.00050814
16594.00000 0.00047536
16596.00000 0.00052264
16599.00000 0.00052105
16601.00000 0.00041006
16604.00000 0.00041808
16607.00000 0.00047457
16609.00000 0.00058415
16612.00000 0.00066813
16615.00000 0.00058543
16617.00000 0.00060468
16620.00000 0.00063281
16623.00000 0.00055271
16625.00000 0.00060274
16628.00000 0.00068231
16631.00000 0.00078971
16633.00000 0.000889
16636.00000 0.00083265
16639.00000 0.00079745
16641.00000 0.00089104
16644.00000 0.00095039
16647.00000 0.00090104
16649.00000 0.00099535
16652.00000 0.0011727
16655.00000 0.0011463
16657.00000 0.0010955
16660.00000 0.0011504
16663.00000 0.0011721
16666.00000 0.0011936
16668.00000 0.0012142
16671.00000 0.0012252
16674.00000 0.0013862
16676.00000 0.0015713
16679.00000 0.0015577
16681.00000 0.001517
16684.00000 0.0016669
16687.00000 0.0017843
16690.00000 0.0017762
16692.00000 0.0019328
16695.00000 0.0020149
16698.00000 0.0019723
16700.00000 0.0021507
16703.00000 0.0021887
16706.00000 0.0021871
16708.00000 0.002409
16711.00000 0.002503
16714.00000 0.0026144
16717.00000 0.0028214
16719.00000 0.0028416
16722.00000 0.0028206
16725.00000 0.0029645
16727.00000 0.003244
16730.00000 0.0033621
16733.00000 0.0034209
16735.00000 0.0036769
16738.00000 0.0038696
16741.00000 0.0038962
16744.00000 0.003958
16746.00000 0.0041821
16749.00000 0.0044678
16752.00000 0.0046171
16754.00000 0.0048177
16757.00000 0.00511
16760.00000 0.0052684
16762.00000 0.0054628
16765.00000 0.0057442
16768.00000 0.0060648
16771.00000 0.0063866
16773.00000 0.0065833
16776.00000 0.0067889
16779.00000 0.0071617
16781.00000 0.0076404
16784.00000 0.0080285
16787.00000 0.0082475
16790.00000 0.0085871
16792.00000 0.0090112
16795.00000 0.0092919
16798.00000 0.0097128
16801.00000 0.010284
16803.00000 0.010685
16806.00000 0.011092
16809.00000 0.011668
16811.00000 0.012227
16814.00000 0.012711
16817.00000 0.013242
16819.00000 0.013869
16822.00000 0.014451
16825.00000 0.01508
16828.00000 0.015818
16830.00000 0.016322
16833.00000 0.016797
16836.00000 0.017777
16839.00000 0.018755
16841.00000 0.019312
16844.00000 0.020022
16847.00000 0.020914
16850.00000 0.021714
16852.00000 0.02249
16855.00000 0.02325
16858.00000 0.024212
16861.00000 0.025091
16863.00000 0.025749
16866.00000 0.026704
16869.00000 0.027655
16872.00000 0.028485
16874.00000 0.029503
16877.00000 0.030442
16880.00000 0.031315
16882.00000 0.032317
16885.00000 0.033275
16888.00000 0.034076
16891.00000 0.034989
16894.00000 0.035937
16896.00000 0.036629
16899.00000 0.037388
16902.00000 0.038195
16904.00000 0.038862
16907.00000 0.039718
16910.00000 0.040579
16913.00000 0.041261
16916.00000 0.042092
16918.00000 0.042801
16921.00000 0.043208
16924.00000 0.043786
16927.00000 0.044465
16929.00000 0.044991
16932.00000 0.045528
16935.00000 0.046114
16938.00000 0.046701
16940.00000 0.047182
16943.00000 0.047555
16946.00000 0.047991
16949.00000 0.048335
16952.00000 0.04851
16954.00000 0.048831
16957.00000 0.049166
16960.00000 0.04922
16963.00000 0.049448
16965.00000 0.049761
16968.00000 0.049784
16971.00000 0.049993
16974.00000 0.050411
16976.00000 0.050518
16979.00000 0.050562
16982.00000 0.050756
16985.00000 0.050831
16988.00000 0.0509
16990.00000 0.050961
16993.00000 0.050895
16996.00000 0.050863
16999.00000 0.050872
17002.00000 0.050818
17004.00000 0.050884
17007.00000 0.050873
17010.00000 0.050675
17013.00000 0.050602
17016.00000 0.050642
17018.00000 0.050634
17021.00000 0.050623
17024.00000 0.050659
17027.00000 0.050548
17029.00000 0.05046
17032.00000 0.050802
17035.00000 0.050823
17038.00000 0.050357
17041.00000 0.050508
17043.00000 0.050622
17046.00000 0.05017
17049.00000 0.050018
17052.00000 0.049884
17055.00000 0.049628
17057.00000 0.049867
17060.00000 0.050074
17063.00000 0.04982
17066.00000 0.049692
17069.00000 0.049795
17071.00000 0.049674
17074.00000 0.049403
17077.00000 0.04936
17080.00000 0.049361
17083.00000 0.049274
17085.00000 0.049306
17088.00000 0.049193
17091.00000 0.049138
17094.00000 0.049347
17097.00000 0.049177
17100.00000 0.048967
17102.00000 0.049062
17105.00000 0.048908
17108.00000 0.048713
17111.00000 0.048633
17114.00000 0.048475
17117.00000 0.048467
17119.00000 0.048486
17122.00000 0.04846
17125.00000 0.0484
17128.00000 0.048243
17131.00000 0.048327
17134.00000 0.048277
17136.00000 0.047993
17139.00000 0.04807
17142.00000 0.048081
17145.00000 0.047865
17148.00000 0.04781
17150.00000 0.047635
17153.00000 0.047567
17156.00000 0.047626
17159.00000 0.04739
17162.00000 0.047343
17165.00000 0.047415
17168.00000 0.047236
17170.00000 0.047207
17173.00000 0.047228
17176.00000 0.047107
17179.00000 0.047042
17182.00000 0.047
17185.00000 0.046764
17188.00000 0.046349
17190.00000 0.046215
17193.00000 0.046069
17196.00000 0.045907
17199.00000 0.045978
17202.00000 0.0459
17205.00000 0.045678
17207.00000 0.04552
17210.00000 0.045561
17213.00000 0.045663
17216.00000 0.045513
17219.00000 0.045455
17222.00000 0.045406
17225.00000 0.045085
17227.00000 0.044841
17230.00000 0.04457
17233.00000 0.044283
17236.00000 0.044082
17239.00000 0.04388
17242.00000 0.043705
17245.00000 0.043481
17248.00000 0.043341
17250.00000 0.043114
17253.00000 0.04277
17256.00000 0.042745
17259.00000 0.042729
17262.00000 0.042385
17265.00000 0.042303
17268.00000 0.042384
17270.00000 0.042365
17273.00000 0.042253
17276.00000 0.041787
17279.00000 0.041305
17282.00000 0.041093
17285.00000 0.040826
17288.00000 0.040607
17291.00000 0.040759
17293.00000 0.040753
17296.00000 0.040385
17299.00000 0.040244
17302.00000 0.04007
17305.00000 0.039582
17308.00000 0.039398
17311.00000 0.039279
17314.00000 0.039202
17317.00000 0.039391
17320.00000 0.039016
17322.00000 0.038591
17325.00000 0.038605
17328.00000 0.038265
17331.00000 0.037979
17334.00000 0.037924
17337.00000 0.037854
17340.00000 0.037878
17343.00000 0.037569
17346.00000 0.037439
17349.00000 0.037614
17351.00000 0.037373
17354.00000 0.037082
17357.00000 0.03683
17360.00000 0.036474
17363.00000 0.036367
17366.00000 0.03649
17369.00000 0.036536
17372.00000 0.036314
17375.00000 0.036123
17378.00000 0.035987
17380.00000 0.035718
17383.00000 0.035701
17386.00000 0.035757
17389.00000 0.035306
17392.00000 0.034863
17395.00000 0.034964
17398.00000 0.034994
17401.00000 0.035019
17404.00000 0.035163
17407.00000 0.034909
17410.00000 0.03449
17413.00000 0.034631
17415.00000 0.03495
17418.00000 0.035037
17421.00000 0.035019
17424.00000 0.034829
17427.00000 0.034477
17430.00000 0.034116
17433.00000 0.034026
17436.00000 0.034057
17439.00000 0.033928
17442.00000 0.033949
17445.00000 0.034144
17448.00000 0.034026
17451.00000 0.034091
17454.00000 0.034336
17457.00000 0.034166
17459.00000 0.034038
17462.00000 0.03415
17465.00000 0.034227
17468.00000 0.034317
17471.00000 0.034379
17474.00000 0.034385
17477.00000 0.03441
17480.00000 0.034538
17483.00000 0.03471
17486.00000 0.034643
17489.00000 0.034597
17492.00000 0.034672
17495.00000 0.034559
17498.00000 0.034614
17501.00000 0.034884
17504.00000 0.034864
17507.00000 0.034912
17510.00000 0.035105
17513.00000 0.035129
17515.00000 0.03526
17518.00000 0.035417
17521.00000 0.035509
17524.00000 0.035863
17527.00000 0.0363
17530.00000 0.036676
17533.00000 0.036731
17536.00000 0.036629
17539.00000 0.036703
17542.00000 0.036805
17545.00000 0.037087
17548.00000 0.037214
17551.00000 0.037148
17554.00000 0.037571
17557.00000 0.038069
17560.00000 0.038263
17563.00000 0.038595
17566.00000 0.038902
17569.00000 0.038954
17572.00000 0.039042
17575.00000 0.03922
17578.00000 0.03945
17581.00000 0.039795
17584.00000 0.040111
17587.00000 0.040462
17590.00000 0.041113
17593.00000 0.041619
17596.00000 0.04173
17599.00000 0.041986
17602.00000 0.042179
17605.00000 0.042281
17608.00000 0.042787
17611.00000 0.043343
17614.00000 0.043843
17617.00000 0.044326
17620.00000 0.04446
17623.00000 0.044791
17626.00000 0.045465
17629.00000 0.045957
17632.00000 0.046297
17635.00000 0.046521
17638.00000 0.0469
17641.00000 0.047371
17644.00000 0.047751
17647.00000 0.048669
17650.00000 0.049452
17653.00000 0.049603
17656.00000 0.050135
17659.00000 0.050849
17662.00000 0.051414
17665.00000 0.052251
17668.00000 0.05299
17671.00000 0.053112
17674.00000 0.053341
17677.00000 0.053696
17680.00000 0.054034
17683.00000 0.054867
17686.00000 0.055719
17689.00000 0.056252
17692.00000 0.056937
17695.00000 0.057701
17698.00000 0.058622
17701.00000 0.059544
17704.00000 0.059732
17707.00000 0.060076
17710.00000 0.060846
17713.00000 0.061493
17716.00000 0.062671
17719.00000 0.063864
17722.00000 0.064165
17725.00000 0.064395
17728.00000 0.065145
17731.00000 0.066229
17734.00000 0.067153
17737.00000 0.067835
17740.00000 0.068581
17743.00000 0.069152
17746.00000 0.069991
17749.00000 0.071311
17752.00000 0.072309
17755.00000 0.073207
17758.00000 0.074328
17761.00000 0.074751
17765.00000 0.075149
17767.00000 0.076295
17771.00000 0.077232
17774.00000 0.07775
17777.00000 0.078451
17780.00000 0.07929
17783.00000 0.079853
17786.00000 0.081001
17789.00000 0.082536
17792.00000 0.083335
17795.00000 0.084009
17798.00000 0.084761
17801.00000 0.085515
17804.00000 0.086488
17807.00000 0.087358
17810.00000 0.088498
17813.00000 0.089597
17816.00000 0.090386
17819.00000 0.091441
17823.00000 0.092784
17826.00000 0.093828
17829.00000 0.094227
17832.00000 0.094961
17835.00000 0.096116
17838.00000 0.096979
17841.00000 0.098143
17844.00000 0.098817
17847.00000 0.099245
17850.00000 0.1002
17853.00000 0.10073
17856.00000 0.10173
17859.00000 0.10321
17862.00000 0.104
17866.00000 0.10498
17869.00000 0.1062
17872.00000 0.10709
17875.00000 0.10827
17878.00000 0.10946
17881.00000 0.11047
17884.00000 0.11101
17887.00000 0.11115
17890.00000 0.11211
17893.00000 0.11358
17896.00000 0.11491
17899.00000 0.11588
17902.00000 0.11617
17906.00000 0.11693
17909.00000 0.1177
17912.00000 0.11784
17915.00000 0.11868
17918.00000 0.11983
17921.00000 0.12047
17924.00000 0.12156
17927.00000 0.12301
17930.00000 0.12361
17933.00000 0.12408
17937.00000 0.12486
17940.00000 0.12531
17943.00000 0.12633
17946.00000 0.12753
17949.00000 0.12818
17952.00000 0.12907
17955.00000 0.12973
17958.00000 0.13012
17961.00000 0.13158
17965.00000 0.13325
17968.00000 0.13381
17971.00000 0.13396
17974.00000 0.13478
17977.00000 0.13581
17980.00000 0.13602
17983.00000 0.13589
17986.00000 0.13725
17989.00000 0.13885
17993.00000 0.13901
17996.00000 0.14061
17999.00000 0.14248
18002.00000 0.14198
18005.00000 0.14238
18008.00000 0.14273
18011.00000 0.14198
18014.00000 0.14324
18018.00000 0.14531
18021.00000 0.14704
18024.00000 0.14808
18027.00000 0.14872
18030.00000 0.14979
18033.00000 0.15021
18036.00000 0.15067
18039.00000 0.15172
18043.00000 0.15236
18046.00000 0.15272
18049.00000 0.15346
18052.00000 0.15451
18055.00000 0.15478
18058.00000 0.15566
18061.00000 0.15782
18065.00000 0.15864
18068.00000 0.15911
18071.00000 0.16015
18074.00000 0.16157
18077.00000 0.16339
18080.00000 0.16424
18084.00000 0.16497
18087.00000 0.16527
18090.00000 0.16569
18093.00000 0.16788
18096.00000 0.1693
18099.00000 0.16975
18103.00000 0.17044
18106.00000 0.17072
18109.00000 0.17159
18112.00000 0.17264
18115.00000 0.17358
18118.00000 0.17525
18122.00000 0.17673
18125.00000 0.17762
18128.00000 0.17831
18131.00000 0.179
18134.00000 0.18038
18137.00000 0.18214
18140.00000 0.18286
18144.00000 0.18334
18147.00000 0.18474
18150.00000 0.18666
18153.00000 0.18849
18156.00000 0.1897
18160.00000 0.1908
18163.00000 0.19297
18166.00000 0.19566
18169.00000 0.19704
18172.00000 0.19736
18175.00000 0.19666
18179.00000 0.19616
18182.00000 0.19874
18185.00000 0.20155
18188.00000 0.20182
18191.00000 0.20275
18195.00000 0.20509
18198.00000 0.20655
18201.00000 0.20775
18204.00000 0.20892
18207.00000 0.20934
18211.00000 0.21018
18214.00000 0.21088
18217.00000 0.21275
18220.00000 0.21692
18223.00000 0.21904
18227.00000 0.21919
18230.00000 0.22031
18233.00000 0.22184
18236.00000 0.2224
18239.00000 0.2232
18243.00000 0.22587
18246.00000 0.22716
18249.00000 0.22728
18252.00000 0.22984
18255.00000 0.23083
18259.00000 0.23099
18262.00000 0.23384
18265.00000 0.23557
18268.00000 0.23579
18271.00000 0.2365
18275.00000 0.23914
18278.00000 0.24224
18281.00000 0.24121
18284.00000 0.24159
18288.00000 0.24486
18291.00000 0.24599
18294.00000 0.24769
18297.00000 0.24953
18300.00000 0.25118
18304.00000 0.2521
18307.00000 0.25213
18310.00000 0.25519
18313.00000 0.25607
18317.00000 0.25574
18320.00000 0.25898
18323.00000 0.26053
18326.00000 0.26007
18330.00000 0.2604
18333.00000 0.26159
18336.00000 0.26345
18339.00000 0.26611
18343.00000 0.26784
18346.00000 0.26768
18349.00000 0.26898
18352.00000 0.27082
18356.00000 0.27087
18359.00000 0.27183
18362.00000 0.2742
18365.00000 0.2746
18369.00000 0.27501
18372.00000 0.27769
18375.00000 0.27803
18378.00000 0.27858
18382.00000 0.28031
18385.00000 0.27858
18388.00000 0.27922
18391.00000 0.28219
18395.00000 0.28239
18398.00000 0.28487
18401.00000 0.28722
18405.00000 0.28548
18408.00000 0.28482
18411.00000 0.28501
18414.00000 0.28516
18418.00000 0.28738
18421.00000 0.29001
18424.00000 0.29009
18427.00000 0.28951
18431.00000 0.28957
18434.00000 0.28936
18437.00000 0.29111
18441.00000 0.29216
18444.00000 0.29121
18447.00000 0.29135
18450.00000 0.29211
18454.00000 0.29374
18457.00000 0.29383
18460.00000 0.29348
18463.00000 0.2938
18467.00000 0.29501
18470.00000 0.29876
18473.00000 0.29577
18477.00000 0.29177
18480.00000 0.29607
18483.00000 0.2974
18486.00000 0.29553
18490.00000 0.29554
18493.00000 0.2958
18496.00000 0.29547
18500.00000 0.29345
18503.00000 0.29334
18506.00000 0.29578
18510.00000 0.2973
18513.00000 0.29603
18516.00000 0.29375
18520.00000 0.29536
18523.00000 0.29559
18526.00000 0.29399
18529.00000 0.29745
18533.00000 0.29682
18536.00000 0.29433
18539.00000 0.29734
18543.00000 0.29504
18546.00000 0.29397
18549.00000 0.29606
18553.00000 0.29217
18556.00000 0.29303
18559.00000 0.29525
18563.00000 0.2931
18566.00000 0.29442
18569.00000 0.29455
18573.00000 0.2928
18576.00000 0.29247
18579.00000 0.29227
18583.00000 0.29258
18586.00000 0.29158
18589.00000 0.29046
18592.00000 0.29174
18596.00000 0.29302
18599.00000 0.29129
18602.00000 0.28948
18606.00000 0.29069
18609.00000 0.29036
18613.00000 0.28824
18616.00000 0.28773
18619.00000 0.28775
18623.00000 0.28798
18626.00000 0.28827
18629.00000 0.28852
18633.00000 0.28867
18636.00000 0.28687
18639.00000 0.28569
18643.00000 0.287
18646.00000 0.28739
18649.00000 0.28614
18653.00000 0.28531
18656.00000 0.28503
18659.00000 0.28469
18663.00000 0.28496
18666.00000 0.28501
18670.00000 0.28418
18673.00000 0.2831
18676.00000 0.28297
18680.00000 0.28526
18683.00000 0.2855
18686.00000 0.28397
18690.00000 0.2847
18693.00000 0.2834
18696.00000 0.28308
18700.00000 0.2842
18703.00000 0.28106
18707.00000 0.28156
18710.00000 0.28603
18713.00000 0.28469
18717.00000 0.28209
18720.00000 0.28256
18723.00000 0.28127
18727.00000 0.28058
18730.00000 0.28322
18734.00000 0.28307
18737.00000 0.28175
18740.00000 0.28284
18744.00000 0.28179
18747.00000 0.28131
18750.00000 0.2821
18754.00000 0.28041
18757.00000 0.28131
18761.00000 0.28183
18764.00000 0.27851
18767.00000 0.27975
18771.00000 0.2821
18774.00000 0.28026
18778.00000 0.27992
18781.00000 0.28088
18785.00000 0.28065
18788.00000 0.28032
18791.00000 0.28044
18795.00000 0.28124
18798.00000 0.28189
18801.00000 0.28089
18805.00000 0.2806
18808.00000 0.28166
18812.00000 0.2811
18815.00000 0.2813
18819.00000 0.28221
18822.00000 0.2816
18825.00000 0.28195
18829.00000 0.28245
18832.00000 0.28264
