threeML/data/optical_filters/AKARI/IRC-N2.ecsv
# %ECSV 0.9
# ---
# datatype:
# - {name: wavelength, unit: Angstrom, datatype: float32}
# - {name: response, datatype: float32}
# meta: !!omap
# - {band_name: N2}
# - {group_name: IRC}
wavelength response
[from data line 774]
18839.00000 0.28381
18843.00000 0.28577
18846.00000 0.28444
18849.00000 0.28253
18853.00000 0.28479
18856.00000 0.28578
18860.00000 0.28559
18863.00000 0.28721
18866.00000 0.28707
18870.00000 0.28629
18873.00000 0.28703
18877.00000 0.28716
18880.00000 0.2877
18884.00000 0.28863
18887.00000 0.28855
18891.00000 0.28922
18894.00000 0.29012
18897.00000 0.28998
18901.00000 0.29019
18904.00000 0.29091
18908.00000 0.29157
18911.00000 0.29211
18915.00000 0.29234
18918.00000 0.29348
18922.00000 0.29442
18925.00000 0.29424
18929.00000 0.29501
18932.00000 0.29561
18935.00000 0.29629
18939.00000 0.2975
18942.00000 0.29694
18946.00000 0.2969
18949.00000 0.29856
18953.00000 0.29965
18956.00000 0.30002
18960.00000 0.30058
18963.00000 0.3017
18967.00000 0.3025
18970.00000 0.3018
18973.00000 0.30173
18977.00000 0.30423
18980.00000 0.30505
18984.00000 0.30535
18987.00000 0.30703
18991.00000 0.30703
18994.00000 0.30903
18998.00000 0.31027
19001.00000 0.30831
19005.00000 0.30956
19008.00000 0.31085
19012.00000 0.31018
19015.00000 0.31126
19019.00000 0.31288
19022.00000 0.31345
19026.00000 0.31497
19029.00000 0.3167
19033.00000 0.31597
19036.00000 0.31606
19040.00000 0.31744
19043.00000 0.3176
19047.00000 0.3175
19050.00000 0.31821
19054.00000 0.32021
19057.00000 0.32129
19061.00000 0.32104
19064.00000 0.3223
19068.00000 0.3249
19071.00000 0.3256
19075.00000 0.32395
19078.00000 0.32455
19082.00000 0.32582
19085.00000 0.32528
19089.00000 0.32646
19092.00000 0.32779
19096.00000 0.32813
19099.00000 0.32943
19103.00000 0.33023
19106.00000 0.33075
19110.00000 0.33137
19113.00000 0.33187
19117.00000 0.33372
19120.00000 0.33457
19124.00000 0.33407
19128.00000 0.33451
19131.00000 0.33559
19135.00000 0.33817
19138.00000 0.33906
19142.00000 0.33772
19145.00000 0.33837
19149.00000 0.33925
19152.00000 0.34
19156.00000 0.34078
19159.00000 0.3414
19163.00000 0.34297
19166.00000 0.34282
19170.00000 0.34218
19173.00000 0.34333
19177.00000 0.34493
19181.00000 0.34567
19184.00000 0.34566
19188.00000 0.34585
19191.00000 0.3462
19195.00000 0.34806
19198.00000 0.34928
19202.00000 0.34903
19205.00000 0.35104
19209.00000 0.3514
19212.00000 0.3499
19216.00000 0.35012
19220.00000 0.34982
19223.00000 0.3497
19227.00000 0.35112
19230.00000 0.35292
19234.00000 0.35254
19238.00000 0.35254
19241.00000 0.35542
19245.00000 0.35512
19248.00000 0.35365
19252.00000 0.35514
19255.00000 0.35551
19259.00000 0.35566
19262.00000 0.35684
19266.00000 0.35698
19270.00000 0.35721
19273.00000 0.35855
19277.00000 0.35875
19280.00000 0.35816
19284.00000 0.35949
19288.00000 0.36059
19291.00000 0.35987
19295.00000 0.36006
19298.00000 0.36142
19302.00000 0.36222
19305.00000 0.36282
19309.00000 0.36302
19313.00000 0.36275
19316.00000 0.36373
19320.00000 0.36453
19324.00000 0.36406
19327.00000 0.36496
19331.00000 0.36665
19334.00000 0.36653
19338.00000 0.36627
19341.00000 0.36723
19345.00000 0.36768
19349.00000 0.36777
19352.00000 0.36786
19356.00000 0.36811
19360.00000 0.36923
19363.00000 0.36955
19367.00000 0.36973
19370.00000 0.37063
19374.00000 0.37129
19378.00000 0.37248
19381.00000 0.37248
19385.00000 0.37177
19389.00000 0.373
19392.00000 0.37368
19396.00000 0.37394
19399.00000 0.37521
19403.00000 0.37556
19407.00000 0.37541
19410.00000 0.37564
19414.00000 0.37616
19418.00000 0.37719
19421.00000 0.37794
19425.00000 0.3783
19428.00000 0.37892
19432.00000 0.37964
19436.00000 0.38015
19439.00000 0.38081
19443.00000 0.38185
19447.00000 0.3828
19450.00000 0.38375
19454.00000 0.38472
19458.00000 0.38492
19461.00000 0.38534
19465.00000 0.38688
19469.00000 0.38785
19472.00000 0.38838
19476.00000 0.3891
19480.00000 0.38943
19483.00000 0.39004
19487.00000 0.39053
19490.00000 0.39098
19494.00000 0.39194
19498.00000 0.39299
19502.00000 0.394
19505.00000 0.39453
19509.00000 0.39531
19512.00000 0.39638
19516.00000 0.39747
19520.00000 0.39883
19524.00000 0.39887
19527.00000 0.39929
19531.00000 0.4014
19535.00000 0.40255
19538.00000 0.40355
19542.00000 0.40445
19546.00000 0.40462
19549.00000 0.40589
19553.00000 0.40688
19557.00000 0.40772
19560.00000 0.40989
19564.00000 0.41117
19568.00000 0.41158
19571.00000 0.41266
19575.00000 0.41344
19579.00000 0.41429
19583.00000 0.4158
19586.00000 0.41669
19590.00000 0.41825
19594.00000 0.4203
19597.00000 0.42116
19601.00000 0.4221
19605.00000 0.42262
19609.00000 0.4233
19612.00000 0.42522
19616.00000 0.42679
19620.00000 0.42786
19623.00000 0.42901
19627.00000 0.43059
19631.00000 0.43158
19634.00000 0.43243
19638.00000 0.43439
19642.00000 0.43596
19646.00000 0.43708
19649.00000 0.43823
19653.00000 0.43973
19657.00000 0.44123
19661.00000 0.44164
19664.00000 0.44293
19668.00000 0.44512
19672.00000 0.44651
19675.00000 0.44801
19679.00000 0.44957
19683.00000 0.45061
19687.00000 0.45171
19690.00000 0.45327
19694.00000 0.45452
19698.00000 0.45605
19702.00000 0.45791
19705.00000 0.45902
19709.00000 0.46054
19713.00000 0.4619
19717.00000 0.46276
19720.00000 0.46424
19724.00000 0.46613
19728.00000 0.46777
19732.00000 0.46901
19735.00000 0.47046
19739.00000 0.47154
19743.00000 0.47242
19747.00000 0.47448
19750.00000 0.47593
19754.00000 0.47713
19758.00000 0.47954
19762.00000 0.48129
19765.00000 0.48214
19769.00000 0.48342
19773.00000 0.4848
19777.00000 0.48552
19780.00000 0.48667
19784.00000 0.48868
19788.00000 0.49009
19792.00000 0.49143
19796.00000 0.49345
19799.00000 0.49468
19803.00000 0.4956
19807.00000 0.49676
19811.00000 0.49791
19814.00000 0.49982
19818.00000 0.50141
19822.00000 0.50236
19826.00000 0.50428
19830.00000 0.50595
19834.00000 0.50668
19837.00000 0.50804
19841.00000 0.50974
19845.00000 0.51116
19849.00000 0.51256
19852.00000 0.51338
19856.00000 0.51417
19860.00000 0.51613
19864.00000 0.51772
19868.00000 0.51876
19871.00000 0.52045
19875.00000 0.52128
19879.00000 0.52181
19883.00000 0.52343
19887.00000 0.52422
19891.00000 0.52485
19894.00000 0.5268
19898.00000 0.52826
19902.00000 0.52859
19906.00000 0.52971
19910.00000 0.53143
19913.00000 0.53202
19917.00000 0.53309
19921.00000 0.53465
19925.00000 0.53492
19929.00000 0.53548
19933.00000 0.53702
19936.00000 0.5385
19940.00000 0.53953
19944.00000 0.54042
19948.00000 0.54115
19952.00000 0.54135
19956.00000 0.54243
19959.00000 0.54433
19963.00000 0.54551
19967.00000 0.54625
19971.00000 0.54715
19975.00000 0.54752
19979.00000 0.54765
19983.00000 0.54912
19986.00000 0.55083
19990.00000 0.55158
19994.00000 0.55263
19998.00000 0.55297
20002.00000 0.55314
20006.00000 0.55438
20010.00000 0.55529
20013.00000 0.55562
20017.00000 0.55626
20021.00000 0.55725
20025.00000 0.55765
20029.00000 0.55744
20033.00000 0.55875
20036.00000 0.56028
20040.00000 0.56049
20044.00000 0.56117
20048.00000 0.56201
20052.00000 0.56309
20056.00000 0.56386
20060.00000 0.56321
20064.00000 0.56392
20068.00000 0.56541
20071.00000 0.56575
20075.00000 0.56639
20079.00000 0.56667
20083.00000 0.56691
20087.00000 0.5678
20091.00000 0.56774
20095.00000 0.5679
20099.00000 0.56928
20103.00000 0.56953
20106.00000 0.56917
20110.00000 0.56992
20114.00000 0.57076
20118.00000 0.57093
20122.00000 0.57139
20126.00000 0.57201
20130.00000 0.57238
20134.00000 0.57264
20138.00000 0.57302
20142.00000 0.5739
20145.00000 0.57435
20149.00000 0.57469
20153.00000 0.57483
20157.00000 0.57465
20161.00000 0.57534
20165.00000 0.57522
20169.00000 0.57511
20173.00000 0.57631
20177.00000 0.5765
20181.00000 0.57721
20185.00000 0.57825
20189.00000 0.5777
20193.00000 0.57759
20196.00000 0.57781
20201.00000 0.57795
20204.00000 0.57923
20208.00000 0.58008
20212.00000 0.57941
20216.00000 0.57967
20220.00000 0.58033
20224.00000 0.58019
20228.00000 0.58097
20232.00000 0.58131
20236.00000 0.58102
20240.00000 0.58178
20244.00000 0.58162
20248.00000 0.58098
20252.00000 0.58108
20256.00000 0.58158
20260.00000 0.5823
20264.00000 0.58266
20268.00000 0.58291
20271.00000 0.58288
20275.00000 0.5831
20280.00000 0.58327
20283.00000 0.58327
20287.00000 0.58392
20291.00000 0.58374
20295.00000 0.58349
20299.00000 0.58423
20303.00000 0.5841
20307.00000 0.58422
20311.00000 0.58443
20315.00000 0.58382
20319.00000 0.58443
20323.00000 0.58564
20327.00000 0.58616
20331.00000 0.58604
20335.00000 0.58581
20339.00000 0.58615
20343.00000 0.58568
20347.00000 0.58566
20351.00000 0.58701
20355.00000 0.58672
20359.00000 0.58587
20363.00000 0.58615
20367.00000 0.58593
20371.00000 0.58602
20375.00000 0.58706
20379.00000 0.58771
20383.00000 0.5882
20387.00000 0.58822
20391.00000 0.5869
20395.00000 0.58702
20399.00000 0.58799
20403.00000 0.58721
20407.00000 0.58778
20411.00000 0.58828
20415.00000 0.58747
20419.00000 0.58794
20423.00000 0.58763
20427.00000 0.58733
20431.00000 0.58866
20435.00000 0.58924
20439.00000 0.58921
20443.00000 0.58919
20447.00000 0.58889
20451.00000 0.58853
20456.00000 0.58836
20459.00000 0.58878
20464.00000 0.58884
20468.00000 0.58843
20472.00000 0.58838
20476.00000 0.58833
20480.00000 0.58862
20484.00000 0.58955
20488.00000 0.58902
20492.00000 0.58806
20496.00000 0.5891
20500.00000 0.58903
20504.00000 0.58761
20508.00000 0.58772
20512.00000 0.58798
20516.00000 0.58791
20520.00000 0.58769
20524.00000 0.58718
20528.00000 0.58731
20532.00000 0.58732
20536.00000 0.58713
20540.00000 0.58727
20545.00000 0.58709
20549.00000 0.58729
20553.00000 0.58749
20557.00000 0.58687
20561.00000 0.58689
20565.00000 0.58669
20569.00000 0.58552
20573.00000 0.58546
20577.00000 0.58541
20581.00000 0.58486
20585.00000 0.58509
20589.00000 0.58466
20594.00000 0.58381
20598.00000 0.58371
20602.00000 0.58334
20606.00000 0.58293
20610.00000 0.58315
20614.00000 0.58307
20618.00000 0.58262
20622.00000 0.58237
20626.00000 0.58189
20630.00000 0.58158
20635.00000 0.58156
20639.00000 0.58058
20643.00000 0.57953
20647.00000 0.57935
20651.00000 0.57915
20655.00000 0.57915
20659.00000 0.57928
20663.00000 0.57919
20667.00000 0.57876
20672.00000 0.57791
20676.00000 0.57732
20680.00000 0.57646
20684.00000 0.57569
20688.00000 0.57564
20692.00000 0.57524
20696.00000 0.57439
20700.00000 0.57404
20705.00000 0.5742
20709.00000 0.5735
20713.00000 0.57195
20717.00000 0.57143
20721.00000 0.57175
20725.00000 0.57158
20729.00000 0.57137
20733.00000 0.57198
20738.00000 0.57179
20742.00000 0.57119
20746.00000 0.57152
20750.00000 0.57158
20754.00000 0.57153
20758.00000 0.57205
20763.00000 0.57197
20767.00000 0.5717
20771.00000 0.57179
20775.00000 0.57206
20779.00000 0.57223
20783.00000 0.57203
20788.00000 0.57208
20792.00000 0.57184
20796.00000 0.57132
20800.00000 0.57108
20804.00000 0.57072
20808.00000 0.57077
20813.00000 0.5712
20817.00000 0.5713
20821.00000 0.57132
20825.00000 0.57119
20829.00000 0.57113
20833.00000 0.57135
20838.00000 0.57134
20842.00000 0.57086
20846.00000 0.57094
20850.00000 0.57116
20854.00000 0.57033
20859.00000 0.57007
20863.00000 0.57075
20867.00000 0.57076
20871.00000 0.57047
20875.00000 0.57057
20880.00000 0.57039
20884.00000 0.56988
20888.00000 0.57017
20892.00000 0.57045
20896.00000 0.56995
20901.00000 0.57029
20905.00000 0.57048
20909.00000 0.56962
20913.00000 0.56949
20917.00000 0.5696
20922.00000 0.56932
20926.00000 0.5692
20930.00000 0.56914
20934.00000 0.56911
20939.00000 0.56909
20943.00000 0.56936
20947.00000 0.56949
20951.00000 0.56909
20956.00000 0.56896
20960.00000 0.56879
20964.00000 0.56833
20968.00000 0.56875
20972.00000 0.56915
20977.00000 0.5685
20981.00000 0.56844
20985.00000 0.5685
20989.00000 0.56802
20994.00000 0.56857
20998.00000 0.56877
21002.00000 0.56825
21007.00000 0.56868
21011.00000 0.56884
21015.00000 0.56857
21019.00000 0.56876
21024.00000 0.56886
21028.00000 0.56882
21032.00000 0.56897
21036.00000 0.56901
21041.00000 0.56859
21045.00000 0.56846
21049.00000 0.56886
21053.00000 0.56943
21058.00000 0.56979
21062.00000 0.5691
21066.00000 0.56821
21070.00000 0.56849
21075.00000 0.56891
21079.00000 0.56867
21083.00000 0.56862
21088.00000 0.56917
21092.00000 0.56962
21096.00000 0.5702
21100.00000 0.57007
21105.00000 0.56906
21109.00000 0.56973
21113.00000 0.57067
21118.00000 0.57033
21122.00000 0.57038
21126.00000 0.57045
21131.00000 0.57049
21135.00000 0.57087
21139.00000 0.57113
21144.00000 0.57132
21148.00000 0.57121
21152.00000 0.5715
21156.00000 0.57203
21161.00000 0.57189
21165.00000 0.57165
21170.00000 0.57193
21174.00000 0.57223
21178.00000 0.57261
21182.00000 0.57323
21187.00000 0.57293
21191.00000 0.57324
21195.00000 0.57427
21200.00000 0.57423
21204.00000 0.57446
21208.00000 0.5745
21213.00000 0.57446
21217.00000 0.57501
21221.00000 0.57484
21226.00000 0.57516
21230.00000 0.57573
21235.00000 0.57565
21239.00000 0.57632
21243.00000 0.57695
21247.00000 0.5767
21252.00000 0.57649
21256.00000 0.57673
21261.00000 0.57721
21265.00000 0.57761
21269.00000 0.57834
21274.00000 0.57849
21278.00000 0.57826
21282.00000 0.57914
21287.00000 0.57958
21291.00000 0.57946
21295.00000 0.58004
21300.00000 0.58032
21304.00000 0.58015
21309.00000 0.58024
21313.00000 0.58086
21317.00000 0.58127
21322.00000 0.58115
21326.00000 0.58162
21331.00000 0.58206
21335.00000 0.58216
21339.00000 0.58252
21344.00000 0.58258
21348.00000 0.58276
21353.00000 0.58346
21357.00000 0.58381
21361.00000 0.58401
21366.00000 0.5842
21370.00000 0.58401
21374.00000 0.58426
21379.00000 0.58499
21383.00000 0.58528
21388.00000 0.58542
21392.00000 0.58557
21397.00000 0.58545
21401.00000 0.58533
21405.00000 0.58551
21410.00000 0.58583
21414.00000 0.58646
21419.00000 0.58683
21423.00000 0.58648
21428.00000 0.58658
21432.00000 0.58722
21436.00000 0.58735
21441.00000 0.58734
21445.00000 0.5878
21450.00000 0.58789
21454.00000 0.58771
21459.00000 0.58802
21463.00000 0.58784
21467.00000 0.58804
21472.00000 0.58871
21476.00000 0.58804
21481.00000 0.58771
21485.00000 0.58812
21490.00000 0.58835
21494.00000 0.58875
21499.00000 0.58853
21503.00000 0.58845
21507.00000 0.5885
21512.00000 0.58785
21516.00000 0.5881
21521.00000 0.58856
21525.00000 0.5883
21530.00000 0.58822
21534.00000 0.58795
21539.00000 0.5876
21543.00000 0.58795
21548.00000 0.58812
21552.00000 0.58804
21557.00000 0.58786
21561.00000 0.58772
21566.00000 0.58796
21570.00000 0.58743
21575.00000 0.58646
21579.00000 0.58683
21584.00000 0.58717
21588.00000 0.58643
21593.00000 0.5864
21597.00000 0.58678
21602.00000 0.58606
21606.00000 0.58554
21611.00000 0.58544
21615.00000 0.58492
21620.00000 0.58465
21624.00000 0.58459
21629.00000 0.58428
21633.00000 0.58404
21638.00000 0.58428
21642.00000 0.58414
21647.00000 0.58344
21651.00000 0.58331
21656.00000 0.58304
21660.00000 0.58221
21665.00000 0.58167
21669.00000 0.5814
21674.00000 0.58124
21678.00000 0.58098
21683.00000 0.58084
21687.00000 0.58049
21692.00000 0.57984
21697.00000 0.57947
21701.00000 0.57887
21706.00000 0.5783
21710.00000 0.57803
21715.00000 0.57771
21719.00000 0.57743
21724.00000 0.57705
21728.00000 0.57643
21733.00000 0.57557
21737.00000 0.57493
21742.00000 0.57472
21746.00000 0.57446
21751.00000 0.57393
21756.00000 0.57339
21760.00000 0.57328
21765.00000 0.57296
21769.00000 0.57235
21774.00000 0.5722
21779.00000 0.57188
21783.00000 0.57097
21788.00000 0.5702
21792.00000 0.56999
21797.00000 0.56976
21801.00000 0.56909
21806.00000 0.56855
21811.00000 0.56795
21815.00000 0.56721
21820.00000 0.56743
21824.00000 0.56772
21829.00000 0.56686
21834.00000 0.56585
21838.00000 0.56562
21843.00000 0.56571
21847.00000 0.56513
21852.00000 0.5644
21857.00000 0.56445
21861.00000 0.56443
21866.00000 0.56386
21870.00000 0.56334
21875.00000 0.56268
21880.00000 0.56214
21884.00000 0.56226
21889.00000 0.5621
21893.00000 0.56129
21898.00000 0.56072
21903.00000 0.56061
21907.00000 0.56034
21912.00000 0.55976
21917.00000 0.55944
21921.00000 0.55942
21926.00000 0.559
21930.00000 0.5583
21935.00000 0.55853
21940.00000 0.55874
21944.00000 0.55799
21949.00000 0.55769
21954.00000 0.55773
21958.00000 0.55729
21963.00000 0.5567
21968.00000 0.55682
21972.00000 0.55705
21977.00000 0.5566
21982.00000 0.55659
21986.00000 0.55623
21991.00000 0.55554
21996.00000 0.55583
22000.00000 0.55569
22005.00000 0.55559
22010.00000 0.55584
22014.00000 0.55528
22019.00000 0.55515
22024.00000 0.55563
22028.00000 0.55546
22033.00000 0.55486
22038.00000 0.55475
22042.00000 0.55475
22047.00000 0.55452
22052.00000 0.55446
