threeML/data/optical_filters/AKARI/IRC-L24.ecsv
# %ECSV 0.9
# ---
# datatype:
# - {name: wavelength, unit: Angstrom, datatype: float32}
# - {name: response, datatype: float32}
# meta: !!omap
# - {band_name: L24}
# - {group_name: IRC}
wavelength response
155564.09375 0.0
172849.00000 0.00041079
173137.00000 0.0011712
173427.00000 0.0023821
173717.00000 0.00081696
174009.00000 0.0010202
174301.00000 0.0034104
174595.00000 0.0023466
174889.00000 0.00032068
175184.00000 0.0004947
175481.00000 0.0017263
175778.00000 0.00060767
176077.00000 0.0017454
176376.00000 0.0012108
176677.00000 0.0026381
176978.00000 0.00076406
177281.00000 0.0
177584.00000 0.0019448
177889.00000 0.0031796
178195.00000 0.0025287
178501.00000 0.0025207
178809.00000 0.0043073
179118.00000 0.0045042
179428.00000 0.0027167
179739.00000 0.0020862
180051.00000 0.0028102
180364.00000 0.0045951
180678.00000 0.0056192
180993.00000 0.0046171
181310.00000 0.0051901
181627.00000 0.0066469
181946.00000 0.0050049
182266.00000 0.0060266
182587.00000 0.008122
182909.00000 0.0080746
183232.00000 0.0077405
183556.00000 0.0077333
183881.00000 0.0093812
184208.00000 0.010785
184536.00000 0.012268
184865.00000 0.01157
185195.00000 0.0095125
185526.00000 0.011295
185859.00000 0.011792
186192.00000 0.0095782
186527.00000 0.012876
186863.00000 0.01438
187201.00000 0.011955
187539.00000 0.011949
187879.00000 0.010837
188220.00000 0.012651
188562.00000 0.017421
188906.00000 0.015102
189250.00000 0.013221
189596.00000 0.014991
189944.00000 0.01711
190292.00000 0.020528
190642.00000 0.020228
190993.00000 0.018311
191345.00000 0.018853
191699.00000 0.020721
192054.00000 0.023654
192410.00000 0.024067
192768.00000 0.025137
193127.00000 0.028471
193487.00000 0.028845
193849.00000 0.031171
194212.00000 0.034565
194576.00000 0.038077
194942.00000 0.043016
195309.00000 0.046109
195678.00000 0.050556
196048.00000 0.055894
196419.00000 0.059778
196792.00000 0.064281
197166.00000 0.067829
197541.00000 0.075015
197918.00000 0.083052
198297.00000 0.087353
198677.00000 0.094857
199058.00000 0.10502
199441.00000 0.11636
199825.00000 0.12896
200211.00000 0.14156
200598.00000 0.15834
200987.00000 0.17993
201377.00000 0.20345
201769.00000 0.22893
202162.00000 0.25711
202557.00000 0.28593
202953.00000 0.31701
203351.00000 0.35238
203751.00000 0.39039
204152.00000 0.43083
204555.00000 0.46963
204959.00000 0.51167
205365.00000 0.55398
205772.00000 0.59202
206181.00000 0.62681
206592.00000 0.66151
207004.00000 0.69139
207418.00000 0.71517
207834.00000 0.74091
208251.00000 0.77133
208670.00000 0.78938
209091.00000 0.8022
209513.00000 0.82329
209938.00000 0.83477
210364.00000 0.84679
210791.00000 0.86588
211220.00000 0.88
211651.00000 0.89061
212084.00000 0.90889
212519.00000 0.92256
212955.00000 0.92969
213393.00000 0.94414
213833.00000 0.96271
214275.00000 0.96634
214719.00000 0.96694
215164.00000 0.97841
215612.00000 0.98483
216061.00000 0.98279
216512.00000 0.9903
216965.00000 0.99952
217420.00000 0.99806
217876.00000 0.99651
218335.00000 0.99815
218796.00000 1.0
219258.00000 0.99669
219723.00000 0.99621
220189.00000 0.99392
220658.00000 0.98113
221128.00000 0.97978
221601.00000 0.98191
222075.00000 0.97369
222552.00000 0.97154
223030.00000 0.97189
223511.00000 0.96884
223994.00000 0.96915
224479.00000 0.97264
224966.00000 0.96587
225455.00000 0.95172
225946.00000 0.95402
226439.00000 0.94672
226935.00000 0.93043
227432.00000 0.9249
227932.00000 0.92396
228434.00000 0.92518
228939.00000 0.91994
229445.00000 0.92063
229954.00000 0.92345
230465.00000 0.92441
230978.00000 0.94114
231494.00000 0.95638
232012.00000 0.96173
232532.00000 0.97099
233054.00000 0.97448
233579.00000 0.97406
234107.00000 0.9774
234636.00000 0.98494
235168.00000 0.97954
235703.00000 0.9617
236240.00000 0.95776
236779.00000 0.9463
237321.00000 0.92991
237865.00000 0.92018
238412.00000 0.90788
238961.00000 0.89349
239513.00000 0.88741
240068.00000 0.87832
240625.00000 0.86326
241184.00000 0.85293
241746.00000 0.85025
242311.00000 0.83689
242879.00000 0.82355
243449.00000 0.81941
244022.00000 0.80411
244597.00000 0.7856
245175.00000 0.78091
245756.00000 0.7764
246340.00000 0.76416
246927.00000 0.76219
247516.00000 0.76468
248108.00000 0.75398
248703.00000 0.74802
249301.00000 0.75314
249902.00000 0.74947
250505.00000 0.7201
251112.00000 0.69403
251721.00000 0.66598
252334.00000 0.6381
252949.00000 0.61493
253568.00000 0.5899
254189.00000 0.55937
254814.00000 0.53395
255441.00000 0.52272
256072.00000 0.51194
256706.00000 0.50645
257343.00000 0.50193
257983.00000 0.48415
258626.00000 0.46142
259273.00000 0.44469
259923.00000 0.42796
260576.00000 0.41228
261232.00000 0.3995
261892.00000 0.38611
262555.00000 0.37295
263221.00000 0.3769
263891.00000 0.37723
264564.00000 0.3719
265241.00000 0.36709
265921.00000 0.35158
266605.00000 0.32858
267292.00000 0.30257
267982.00000 0.28117
268677.00000 0.26331
269375.00000 0.24297
270076.00000 0.22332
270781.00000 0.21806
271490.00000 0.20961
272203.00000 0.20028
272919.00000 0.19437
273639.00000 0.18303
274363.00000 0.17133
275091.00000 0.16404
275822.00000 0.1581
276558.00000 0.15039
277297.00000 0.1442
278041.00000 0.13895
278788.00000 0.133
279540.00000 0.12684
280295.00000 0.117
281055.00000 0.10114
281818.00000 0.086308
282586.00000 0.073087
283358.00000 0.060039
284135.00000 0.046922
284915.00000 0.03525
285700.00000 0.033459
286490.00000 0.032176
287283.00000 0.0
