threeML/data/optical_filters/AKARI/IRC-N3.ecsv
# %ECSV 0.9
# ---
# datatype:
# - {name: wavelength, unit: Angstrom, datatype: float32}
# - {name: response, datatype: float32}
# meta: !!omap
# - {band_name: N3}
# - {group_name: IRC}
wavelength response
[from data line 789]
30458.00000 0.8029
30467.00000 0.80325
30476.00000 0.80339
30485.00000 0.80481
30494.00000 0.8061
30503.00000 0.80517
30512.00000 0.80585
30521.00000 0.80715
30530.00000 0.80621
30539.00000 0.80739
30548.00000 0.80839
30557.00000 0.80682
30566.00000 0.80707
30575.00000 0.80758
30584.00000 0.80653
30593.00000 0.8075
30602.00000 0.809
30611.00000 0.80811
30620.00000 0.80822
30629.00000 0.80948
30638.00000 0.80923
30647.00000 0.80906
30656.00000 0.80934
30665.00000 0.80838
30674.00000 0.80855
30683.00000 0.80988
30692.00000 0.80877
30701.00000 0.80836
30710.00000 0.80966
30719.00000 0.80887
30729.00000 0.80865
30738.00000 0.80945
30747.00000 0.80828
30756.00000 0.80665
30765.00000 0.80681
30774.00000 0.80652
30783.00000 0.80548
30793.00000 0.80628
30802.00000 0.80574
30811.00000 0.80489
30820.00000 0.80577
30829.00000 0.80431
30838.00000 0.80322
30847.00000 0.80419
30857.00000 0.80333
30866.00000 0.80186
30875.00000 0.80185
30884.00000 0.80156
30893.00000 0.79955
30903.00000 0.79918
30912.00000 0.79994
30921.00000 0.79808
30930.00000 0.79755
30940.00000 0.79803
30949.00000 0.79566
30958.00000 0.79484
30967.00000 0.79483
30977.00000 0.79275
30986.00000 0.79249
30995.00000 0.7928
31004.00000 0.79071
31014.00000 0.78923
31023.00000 0.78921
31032.00000 0.78767
31041.00000 0.78601
31051.00000 0.78646
31060.00000 0.7856
31069.00000 0.78324
31079.00000 0.78291
31088.00000 0.78184
31097.00000 0.77955
31107.00000 0.77957
31116.00000 0.77859
31125.00000 0.77601
31135.00000 0.77579
31144.00000 0.77554
31153.00000 0.77365
31163.00000 0.77232
31172.00000 0.77127
31181.00000 0.76954
31191.00000 0.76868
31200.00000 0.76755
31209.00000 0.76482
31219.00000 0.76413
31228.00000 0.76342
31238.00000 0.76038
31247.00000 0.75919
31256.00000 0.75916
31266.00000 0.75746
31275.00000 0.75602
31285.00000 0.75533
31294.00000 0.75306
31304.00000 0.7509
31313.00000 0.7505
31323.00000 0.74892
31332.00000 0.74709
31342.00000 0.74693
31351.00000 0.74533
31360.00000 0.74267
31370.00000 0.74194
31379.00000 0.74077
31389.00000 0.73895
31398.00000 0.73849
31408.00000 0.73626
31418.00000 0.73351
31427.00000 0.73365
31437.00000 0.73291
31446.00000 0.73013
31456.00000 0.72937
31465.00000 0.72883
31475.00000 0.72616
31484.00000 0.72511
31494.00000 0.72417
31503.00000 0.7214
31513.00000 0.72027
31523.00000 0.71931
31532.00000 0.71762
31542.00000 0.71723
31551.00000 0.71593
31561.00000 0.7133
31570.00000 0.71192
31580.00000 0.71127
31590.00000 0.7094
31599.00000 0.70799
31609.00000 0.70768
31619.00000 0.70552
31628.00000 0.70347
31638.00000 0.70326
31648.00000 0.70151
31657.00000 0.69965
31667.00000 0.69958
31677.00000 0.69816
31686.00000 0.69595
31696.00000 0.69539
31706.00000 0.69451
31715.00000 0.69271
31725.00000 0.69161
31735.00000 0.69016
31744.00000 0.68885
31754.00000 0.68848
31764.00000 0.68684
31774.00000 0.68451
31783.00000 0.68406
31793.00000 0.68366
31803.00000 0.68158
31813.00000 0.68086
31822.00000 0.68035
31832.00000 0.67785
31842.00000 0.67714
31852.00000 0.67693
31862.00000 0.67448
31871.00000 0.67333
31881.00000 0.67319
31891.00000 0.6709
31901.00000 0.66912
31911.00000 0.66926
31920.00000 0.66763
31930.00000 0.6661
31940.00000 0.66651
31950.00000 0.66479
31960.00000 0.66307
31969.00000 0.66304
31979.00000 0.66198
31989.00000 0.66085
31999.00000 0.66021
32009.00000 0.65906
32019.00000 0.65839
32029.00000 0.65868
32039.00000 0.65783
32049.00000 0.65605
32058.00000 0.65656
32068.00000 0.65679
32078.00000 0.65468
32088.00000 0.65465
32098.00000 0.65546
32108.00000 0.65389
32118.00000 0.65359
32128.00000 0.65381
32138.00000 0.65166
32148.00000 0.6512
32158.00000 0.65184
32168.00000 0.6502
32178.00000 0.64976
32188.00000 0.6499
32198.00000 0.64775
32208.00000 0.64704
32218.00000 0.6477
32228.00000 0.64587
32238.00000 0.645
32248.00000 0.64581
32258.00000 0.64416
32268.00000 0.64261
32278.00000 0.64275
32288.00000 0.64241
32298.00000 0.64128
32308.00000 0.64043
32318.00000 0.63986
32328.00000 0.63854
32338.00000 0.6381
32348.00000 0.63789
32359.00000 0.63568
32369.00000 0.63474
32379.00000 0.63505
32389.00000 0.63351
32399.00000 0.63235
32409.00000 0.63205
32419.00000 0.63036
32429.00000 0.62988
32439.00000 0.63033
32450.00000 0.62938
32460.00000 0.62994
32470.00000 0.63204
32480.00000 0.63179
32490.00000 0.63305
32501.00000 0.6351
32511.00000 0.6349
32521.00000 0.63572
32531.00000 0.63718
32541.00000 0.63675
32552.00000 0.6364
32562.00000 0.63712
32572.00000 0.63672
32582.00000 0.63639
32592.00000 0.63691
32603.00000 0.63664
32613.00000 0.63661
32623.00000 0.6376
32634.00000 0.63713
32644.00000 0.63578
32654.00000 0.63674
32664.00000 0.63704
32675.00000 0.63558
32685.00000 0.6364
32695.00000 0.63656
32706.00000 0.63558
32716.00000 0.63739
32726.00000 0.63756
32736.00000 0.63489
32747.00000 0.63542
32757.00000 0.63665
32768.00000 0.63489
32778.00000 0.63507
32788.00000 0.63673
32799.00000 0.63563
32809.00000 0.63486
32819.00000 0.63561
32830.00000 0.63469
32840.00000 0.63399
32850.00000 0.63498
32861.00000 0.63437
32871.00000 0.63342
32882.00000 0.63455
32892.00000 0.63414
32903.00000 0.6332
32913.00000 0.6343
32924.00000 0.63376
32934.00000 0.63258
32945.00000 0.6336
32955.00000 0.63337
32965.00000 0.63243
32976.00000 0.63342
32986.00000 0.63327
32997.00000 0.63176
33007.00000 0.63215
33018.00000 0.63213
33028.00000 0.63055
33039.00000 0.63136
33049.00000 0.63161
33060.00000 0.62924
33070.00000 0.63
33081.00000 0.63099
33092.00000 0.62887
33102.00000 0.62888
33113.00000 0.62898
33123.00000 0.62686
33134.00000 0.627
33145.00000 0.62718
33155.00000 0.62521
33166.00000 0.62465
33176.00000 0.62472
33187.00000 0.62315
33198.00000 0.62199
33208.00000 0.6216
33219.00000 0.61993
33229.00000 0.61924
33240.00000 0.62141
33251.00000 0.62119
33261.00000 0.62143
33272.00000 0.62416
33283.00000 0.62478
33293.00000 0.62444
33304.00000 0.62515
33315.00000 0.62457
33326.00000 0.62378
33336.00000 0.62493
33347.00000 0.62528
33358.00000 0.62454
33368.00000 0.62529
33379.00000 0.62565
33390.00000 0.6239
33401.00000 0.62367
33412.00000 0.62455
33422.00000 0.62346
33433.00000 0.62339
33444.00000 0.62395
33455.00000 0.62261
33465.00000 0.62275
33476.00000 0.62371
33487.00000 0.62217
33498.00000 0.62143
33509.00000 0.62262
33519.00000 0.62168
33530.00000 0.62084
33541.00000 0.62193
33552.00000 0.62093
33563.00000 0.61983
33574.00000 0.62086
33585.00000 0.62031
33595.00000 0.61933
33606.00000 0.62015
33617.00000 0.61944
33628.00000 0.6181
33639.00000 0.61896
33650.00000 0.61855
33661.00000 0.61672
33672.00000 0.61753
33683.00000 0.61752
33694.00000 0.61535
33705.00000 0.61572
33716.00000 0.61631
33727.00000 0.61487
33737.00000 0.6152
33749.00000 0.61544
33760.00000 0.61366
33770.00000 0.61355
33781.00000 0.614
33793.00000 0.61272
33804.00000 0.61236
33814.00000 0.61353
33826.00000 0.61295
33837.00000 0.61291
33848.00000 0.61474
33859.00000 0.61383
33870.00000 0.61317
33881.00000 0.61504
33892.00000 0.61455
33903.00000 0.6141
33914.00000 0.61562
33925.00000 0.61515
33936.00000 0.61486
33947.00000 0.6164
33958.00000 0.61569
33970.00000 0.61493
33981.00000 0.61629
33992.00000 0.61576
34003.00000 0.61515
34014.00000 0.61639
34025.00000 0.61565
34037.00000 0.61445
34048.00000 0.61534
34059.00000 0.61533
34070.00000 0.61408
34081.00000 0.61441
34092.00000 0.61461
34104.00000 0.61319
34115.00000 0.61346
34126.00000 0.61397
34137.00000 0.61194
34149.00000 0.61153
34160.00000 0.61245
34171.00000 0.61054
34182.00000 0.60965
34194.00000 0.61041
34205.00000 0.60921
34216.00000 0.60881
34227.00000 0.60903
34239.00000 0.60744
34250.00000 0.60666
34261.00000 0.60689
34273.00000 0.60623
34284.00000 0.60611
34295.00000 0.60785
34307.00000 0.61077
34318.00000 0.61502
34329.00000 0.62073
34341.00000 0.62469
34352.00000 0.62682
34364.00000 0.63056
34375.00000 0.6334
34386.00000 0.63393
34398.00000 0.63611
34409.00000 0.63844
34421.00000 0.63955
34432.00000 0.64179
34443.00000 0.64337
34455.00000 0.64339
34466.00000 0.64502
34478.00000 0.64711
34489.00000 0.64728
34501.00000 0.64883
34512.00000 0.65147
34524.00000 0.6518
34535.00000 0.65282
34547.00000 0.65555
34558.00000 0.65618
34570.00000 0.65692
34581.00000 0.65968
34593.00000 0.66054
34604.00000 0.66093
34616.00000 0.66342
34627.00000 0.66448
34639.00000 0.6652
34651.00000 0.6676
34662.00000 0.66809
34674.00000 0.66862
34685.00000 0.67205
34697.00000 0.67312
34709.00000 0.67235
34720.00000 0.67489
34732.00000 0.67672
34743.00000 0.67659
34755.00000 0.67887
34767.00000 0.68064
34778.00000 0.68028
34790.00000 0.68198
34802.00000 0.68417
34813.00000 0.68387
34825.00000 0.68538
34837.00000 0.68848
34848.00000 0.6884
34860.00000 0.68923
34872.00000 0.69204
34884.00000 0.6925
34895.00000 0.69306
34907.00000 0.69479
34919.00000 0.69543
34931.00000 0.69442
34942.00000 0.6964
34954.00000 0.69641
34966.00000 0.69688
34978.00000 0.69895
34990.00000 0.69888
35001.00000 0.6985
35013.00000 0.70019
35025.00000 0.70059
35037.00000 0.6997
35049.00000 0.70073
35061.00000 0.7012
35072.00000 0.69998
35084.00000 0.7007
35096.00000 0.70028
35108.00000 0.69867
35120.00000 0.70027
35132.00000 0.70207
35144.00000 0.70494
35156.00000 0.71232
35168.00000 0.71866
35180.00000 0.721
35191.00000 0.72389
35203.00000 0.72749
35215.00000 0.7289
35227.00000 0.73046
35239.00000 0.73278
35251.00000 0.73333
35263.00000 0.73497
35275.00000 0.73797
35287.00000 0.73818
35299.00000 0.73866
35311.00000 0.74159
35323.00000 0.74298
35335.00000 0.74396
35347.00000 0.74615
35359.00000 0.74657
35371.00000 0.7468
35384.00000 0.74915
35396.00000 0.75055
35408.00000 0.75078
35420.00000 0.7526
35432.00000 0.75384
35444.00000 0.754
35456.00000 0.75612
35468.00000 0.75793
35480.00000 0.75805
35492.00000 0.7595
35505.00000 0.76083
35517.00000 0.76078
35529.00000 0.76255
35541.00000 0.76439
35553.00000 0.76398
35566.00000 0.76503
35578.00000 0.76667
35590.00000 0.76725
35602.00000 0.76939
35614.00000 0.77072
35627.00000 0.77028
35639.00000 0.77165
35651.00000 0.77354
35663.00000 0.77308
35676.00000 0.77425
35688.00000 0.77742
35700.00000 0.7773
35712.00000 0.77739
35725.00000 0.77986
35737.00000 0.78041
35749.00000 0.78094
35762.00000 0.78266
35774.00000 0.78318
35786.00000 0.78362
35799.00000 0.78534
35811.00000 0.78653
35824.00000 0.78665
35836.00000 0.78802
35848.00000 0.78949
35861.00000 0.78971
35873.00000 0.79106
35886.00000 0.79256
35898.00000 0.79302
35910.00000 0.79478
35923.00000 0.796
35935.00000 0.79517
35948.00000 0.79674
35960.00000 0.79909
35973.00000 0.79874
35985.00000 0.79997
35998.00000 0.80276
36010.00000 0.80234
36023.00000 0.80247
36035.00000 0.80532
36048.00000 0.80554
36060.00000 0.80536
36073.00000 0.80784
36085.00000 0.8087
36098.00000 0.80908
36110.00000 0.81155
36123.00000 0.81234
36136.00000 0.81222
36148.00000 0.81437
36161.00000 0.81527
36173.00000 0.81521
36186.00000 0.8174
36199.00000 0.81852
36211.00000 0.81925
36224.00000 0.82159
36237.00000 0.82166
36249.00000 0.82153
36262.00000 0.82496
36275.00000 0.82667
36287.00000 0.82558
36300.00000 0.82768
36313.00000 0.83005
36326.00000 0.82919
36338.00000 0.83069
36351.00000 0.83412
36364.00000 0.83439
36376.00000 0.8347
36389.00000 0.837
36402.00000 0.8377
36415.00000 0.83848
36428.00000 0.84063
36440.00000 0.84046
36453.00000 0.84128
36466.00000 0.84529
36479.00000 0.84623
36492.00000 0.84577
36504.00000 0.8483
36517.00000 0.84974
36530.00000 0.85006
36543.00000 0.85266
36556.00000 0.85446
36569.00000 0.85436
36582.00000 0.85617
36595.00000 0.85849
36607.00000 0.85974
36621.00000 0.86241
36633.00000 0.86353
36646.00000 0.86319
36659.00000 0.86584
36672.00000 0.86788
36685.00000 0.86826
36698.00000 0.87067
36711.00000 0.87307
36724.00000 0.8741
36737.00000 0.87623
36750.00000 0.879
36763.00000 0.87947
36776.00000 0.88059
36789.00000 0.8838
36802.00000 0.88471
36816.00000 0.88671
36828.00000 0.89057
36842.00000 0.89125
36855.00000 0.89267
36868.00000 0.89589
36881.00000 0.89691
36894.00000 0.89811
36907.00000 0.90105
36920.00000 0.903
36934.00000 0.90484
36947.00000 0.90891
36960.00000 0.91111
36973.00000 0.91166
36986.00000 0.91502
36999.00000 0.91649
37013.00000 0.91674
37026.00000 0.92125
37039.00000 0.92485
37052.00000 0.92538
37065.00000 0.92799
37079.00000 0.93114
37092.00000 0.93272
37105.00000 0.93613
37118.00000 0.93866
37132.00000 0.93916
37145.00000 0.94334
37158.00000 0.94772
37172.00000 0.94819
37185.00000 0.94995
37198.00000 0.95345
37212.00000 0.95525
37225.00000 0.95774
37239.00000 0.96112
37252.00000 0.96175
37265.00000 0.96377
37279.00000 0.96835
37292.00000 0.96938
37306.00000 0.97151
37319.00000 0.9767
37332.00000 0.97741
37346.00000 0.97829
37359.00000 0.98245
37373.00000 0.98407
37386.00000 0.98584
37400.00000 0.9889
37413.00000 0.98968
37427.00000 0.99072
37440.00000 0.99309
37454.00000 0.99489
37467.00000 0.99584
37481.00000 0.99717
37494.00000 0.9986
37508.00000 0.99863
37521.00000 0.999
37535.00000 1.0
37549.00000 0.99995
37562.00000 0.99993
37576.00000 0.99958
37589.00000 0.99769
37603.00000 0.99638
37617.00000 0.9962
37630.00000 0.9932
37644.00000 0.98953
37658.00000 0.98886
37671.00000 0.98537
37685.00000 0.98017
37699.00000 0.97743
37712.00000 0.97295
37726.00000 0.96752
37740.00000 0.96216
37754.00000 0.95518
37767.00000 0.94865
37781.00000 0.94229
37795.00000 0.93362
37809.00000 0.92454
37822.00000 0.91717
37836.00000 0.90673
37850.00000 0.89431
37864.00000 0.88598
37878.00000 0.87603
37892.00000 0.86212
37905.00000 0.84956
37919.00000 0.83706
37933.00000 0.82322
37947.00000 0.80987
37961.00000 0.79642
37975.00000 0.78127
37989.00000 0.76537
38003.00000 0.74956
38017.00000 0.73399
38031.00000 0.71887
38045.00000 0.703
38058.00000 0.68548
38072.00000 0.66777
38086.00000 0.65212
38100.00000 0.6357
38114.00000 0.6169
38128.00000 0.60067
38142.00000 0.58443
38156.00000 0.56661
38170.00000 0.55087
38184.00000 0.5341
38199.00000 0.51623
38213.00000 0.50042
38227.00000 0.4845
38241.00000 0.46788
38255.00000 0.45305
38269.00000 0.43854
38283.00000 0.42266
38297.00000 0.40805
38312.00000 0.39398
38326.00000 0.37952
38340.00000 0.36645
38354.00000 0.35271
38368.00000 0.33887
38382.00000 0.3271
38397.00000 0.31566
38411.00000 0.30393
38425.00000 0.2923
38439.00000 0.28085
38454.00000 0.27013
38468.00000 0.25999
38482.00000 0.25009
38496.00000 0.24057
38511.00000 0.23174
38525.00000 0.22289
38539.00000 0.21396
38554.00000 0.20576
38568.00000 0.19747
38582.00000 0.18927
38597.00000 0.18208
38611.00000 0.1752
38625.00000 0.1684
38640.00000 0.16221
38654.00000 0.15618
38669.00000 0.14975
38683.00000 0.14438
38698.00000 0.13973
38712.00000 0.13335
38726.00000 0.12749
38741.00000 0.12376
38755.00000 0.11883
38770.00000 0.11358
38784.00000 0.1098
38799.00000 0.1055
38813.00000 0.10126
38828.00000 0.097494
38842.00000 0.093264
38857.00000 0.090351
38872.00000 0.087272
38886.00000 0.083409
38901.00000 0.08108
38915.00000 0.078162
38930.00000 0.074818
38944.00000 0.072652
38959.00000 0.069864
38974.00000 0.06674
38988.00000 0.064547
39003.00000 0.062574
39018.00000 0.059748
39032.00000 0.057211
39047.00000 0.055548
39062.00000 0.053501
39077.00000 0.051577
39091.00000 0.050243
39106.00000 0.049136
39121.00000 0.047426
39135.00000 0.044471
39150.00000 0.042449
39165.00000 0.042203
39180.00000 0.04081
39195.00000 0.038514
39209.00000 0.03736
39224.00000 0.03636
39239.00000 0.035338
39254.00000 0.034347
39269.00000 0.033258
39284.00000 0.03219
39299.00000 0.030214
39314.00000 0.02926
39328.00000 0.02914
39343.00000 0.028221
39358.00000 0.027954
39373.00000 0.026652
39388.00000 0.024781
39403.00000 0.024782
39418.00000 0.024747
39433.00000 0.023574
39448.00000 0.022274
39463.00000 0.022125
39478.00000 0.021502
39493.00000 0.020182
39508.00000 0.020167
39523.00000 0.019779
39538.00000 0.018917
39553.00000 0.018062
39569.00000 0.017346
39584.00000 0.017286
39599.00000 0.016388
39614.00000 0.015825
39629.00000 0.016359
39644.00000 0.016321
39659.00000 0.015218
39674.00000 0.014111
39690.00000 0.014491
39705.00000 0.014621
39720.00000 0.01359
39735.00000 0.012939
39750.00000 0.012335
39766.00000 0.012074
39781.00000 0.011915
39796.00000 0.011386
39812.00000 0.011213
