threeML/data/optical_filters/AKARI/IRC-N2.ecsv
# %ECSV 0.9
# ---
# datatype:
# - {name: wavelength, unit: Angstrom, datatype: float32}
# - {name: response, datatype: float32}
# meta: !!omap
# - {band_name: N2}
# - {group_name: IRC}
wavelength response
[from data line 2383]
26619.00000 0.88921
26626.00000 0.88506
26633.00000 0.88169
26640.00000 0.87896
26647.00000 0.89204
26654.00000 0.89428
26660.00000 0.88109
26667.00000 0.89938
26674.00000 0.89915
26681.00000 0.88398
26688.00000 0.88617
26695.00000 0.88156
26702.00000 0.90403
26709.00000 0.91198
26715.00000 0.87874
26722.00000 0.88067
26729.00000 0.89097
26736.00000 0.88377
26743.00000 0.88472
26750.00000 0.88752
26757.00000 0.89163
26764.00000 0.89618
26771.00000 0.90342
26778.00000 0.89942
26784.00000 0.88535
26791.00000 0.89414
26798.00000 0.89671
26805.00000 0.88666
26812.00000 0.89
26819.00000 0.88722
26826.00000 0.89072
26833.00000 0.89958
26840.00000 0.89691
26847.00000 0.89572
26854.00000 0.89114
26861.00000 0.89512
26868.00000 0.90038
26875.00000 0.8891
26882.00000 0.89067
26889.00000 0.89827
26895.00000 0.89346
26902.00000 0.89068
26909.00000 0.89246
26916.00000 0.8973
26923.00000 0.89548
26930.00000 0.89646
26937.00000 0.91124
26944.00000 0.90608
26951.00000 0.90113
26958.00000 0.91177
26965.00000 0.90355
26972.00000 0.89916
26979.00000 0.90381
26986.00000 0.90446
26994.00000 0.90816
27001.00000 0.90559
27008.00000 0.9131
27015.00000 0.92201
27022.00000 0.91084
27029.00000 0.90726
27036.00000 0.91081
27043.00000 0.90947
27050.00000 0.9139
27057.00000 0.91419
27064.00000 0.91283
27071.00000 0.91658
27078.00000 0.91217
27085.00000 0.92046
27092.00000 0.93112
27099.00000 0.91867
27106.00000 0.92167
27113.00000 0.93005
27121.00000 0.92048
27128.00000 0.91983
27135.00000 0.92369
27142.00000 0.92252
27149.00000 0.9244
27156.00000 0.92589
27163.00000 0.92458
27170.00000 0.92915
27178.00000 0.93395
27185.00000 0.92997
27192.00000 0.92971
27199.00000 0.93574
27206.00000 0.94296
27213.00000 0.94654
27220.00000 0.93747
27227.00000 0.92899
27235.00000 0.93603
27242.00000 0.94299
27249.00000 0.94063
27256.00000 0.94304
27263.00000 0.94114
27270.00000 0.93513
27278.00000 0.93859
27285.00000 0.93935
27292.00000 0.93854
27299.00000 0.94028
27306.00000 0.94174
27313.00000 0.94337
27321.00000 0.94357
27328.00000 0.94613
27335.00000 0.9422
27342.00000 0.94545
27350.00000 0.95728
27357.00000 0.95029
27364.00000 0.9456
27371.00000 0.94851
27378.00000 0.95009
27386.00000 0.95935
27393.00000 0.96445
27400.00000 0.96041
27407.00000 0.95759
27415.00000 0.96605
27422.00000 0.97044
27429.00000 0.95958
27436.00000 0.957
27444.00000 0.96097
27451.00000 0.96136
27458.00000 0.96139
27465.00000 0.95991
27473.00000 0.95929
27480.00000 0.96128
27487.00000 0.96425
27494.00000 0.96349
27502.00000 0.95969
27509.00000 0.96222
27516.00000 0.96991
27524.00000 0.96908
27531.00000 0.9645
27538.00000 0.96552
27546.00000 0.97468
27553.00000 0.98855
27560.00000 0.98222
27568.00000 0.96913
27575.00000 0.97282
27582.00000 0.97343
27590.00000 0.96973
27597.00000 0.97342
27604.00000 0.97557
27612.00000 0.97464
27619.00000 0.98172
27626.00000 0.98401
27634.00000 0.98057
27641.00000 0.98739
27648.00000 0.98003
27656.00000 0.9731
27663.00000 0.98127
27671.00000 0.97452
27678.00000 0.98115
27685.00000 0.98896
27693.00000 0.97467
27700.00000 0.98879
27708.00000 1.0
27715.00000 0.98692
27722.00000 0.99196
27730.00000 0.99145
27737.00000 0.98397
27745.00000 0.98837
27752.00000 0.98909
27759.00000 0.98847
27767.00000 0.99427
27774.00000 0.99418
27782.00000 0.99131
27789.00000 0.99503
27797.00000 0.99036
27804.00000 0.99123
27812.00000 0.99766
27819.00000 0.99089
27826.00000 0.99209
27834.00000 0.99339
27841.00000 0.98791
27849.00000 0.98445
27856.00000 0.98855
27864.00000 0.99903
27871.00000 0.99456
27879.00000 0.99236
27886.00000 0.98905
27894.00000 0.97574
27901.00000 0.97569
27909.00000 0.97476
27916.00000 0.968
27924.00000 0.96632
27931.00000 0.96597
27939.00000 0.96177
27946.00000 0.95618
27954.00000 0.95431
27961.00000 0.94918
27969.00000 0.94234
27977.00000 0.93918
27984.00000 0.93362
27992.00000 0.92502
27999.00000 0.92198
28007.00000 0.91539
28014.00000 0.90723
28022.00000 0.91078
28029.00000 0.90605
28037.00000 0.8963
28045.00000 0.88709
28052.00000 0.87014
28060.00000 0.86196
28067.00000 0.85373
28075.00000 0.83978
28083.00000 0.83293
28090.00000 0.82438
28098.00000 0.81052
28105.00000 0.80054
28113.00000 0.79024
28121.00000 0.77593
28128.00000 0.76581
28136.00000 0.75435
28144.00000 0.74217
28151.00000 0.73317
28159.00000 0.71749
28166.00000 0.70218
28174.00000 0.69009
28182.00000 0.6778
28189.00000 0.66706
28197.00000 0.65312
28205.00000 0.63911
28212.00000 0.62469
28220.00000 0.60799
28228.00000 0.59344
28236.00000 0.57843
28243.00000 0.56403
28251.00000 0.55214
28259.00000 0.53853
28266.00000 0.52582
28274.00000 0.51582
28282.00000 0.50239
28289.00000 0.48757
28297.00000 0.47529
28305.00000 0.46189
28313.00000 0.44886
28320.00000 0.43765
28328.00000 0.42571
28336.00000 0.4145
28344.00000 0.40357
28351.00000 0.39141
28359.00000 0.37979
28367.00000 0.36849
28375.00000 0.35724
28382.00000 0.34738
28390.00000 0.33737
28398.00000 0.32653
28406.00000 0.31616
28414.00000 0.30605
28421.00000 0.29687
28429.00000 0.28801
28437.00000 0.27887
28445.00000 0.27061
28452.00000 0.26186
28460.00000 0.25295
28468.00000 0.24575
28476.00000 0.23809
28484.00000 0.2304
28491.00000 0.2239
28499.00000 0.21634
28507.00000 0.20888
28515.00000 0.2025
28523.00000 0.19588
28531.00000 0.18984
28539.00000 0.18437
28546.00000 0.17856
28554.00000 0.17243
28562.00000 0.16637
28570.00000 0.16117
28578.00000 0.15635
28586.00000 0.1513
28594.00000 0.14656
28602.00000 0.14214
28609.00000 0.13763
28617.00000 0.13312
28625.00000 0.12872
28633.00000 0.12501
28641.00000 0.12146
28649.00000 0.11666
28657.00000 0.11284
28665.00000 0.11035
28673.00000 0.10687
28681.00000 0.10323
28689.00000 0.099771
28696.00000 0.096554
28705.00000 0.094158
28712.00000 0.091483
28720.00000 0.088714
28728.00000 0.086239
28736.00000 0.083599
28744.00000 0.080824
28752.00000 0.078317
28760.00000 0.076242
28768.00000 0.073969
28776.00000 0.071788
28784.00000 0.069672
28792.00000 0.067526
28800.00000 0.066076
28808.00000 0.06414
28816.00000 0.061833
28824.00000 0.060082
28832.00000 0.058145
28840.00000 0.056796
28848.00000 0.055621
28856.00000 0.053752
28864.00000 0.052197
28872.00000 0.050904
28880.00000 0.049362
28888.00000 0.04769
28896.00000 0.046554
28905.00000 0.045712
28912.00000 0.044135
28921.00000 0.042741
28929.00000 0.041653
28937.00000 0.040601
28945.00000 0.03976
28953.00000 0.03859
28961.00000 0.0379
28969.00000 0.036956
28977.00000 0.035381
28985.00000 0.034898
28993.00000 0.034129
29001.00000 0.032905
29010.00000 0.032466
29018.00000 0.031685
29026.00000 0.030804
29034.00000 0.03016
29042.00000 0.029334
29050.00000 0.028659
29058.00000 0.027899
29067.00000 0.026858
29075.00000 0.026192
29083.00000 0.025906
29091.00000 0.025374
29099.00000 0.024821
29107.00000 0.024559
29115.00000 0.024039
29124.00000 0.023181
29132.00000 0.02277
29140.00000 0.02256
29148.00000 0.021821
29156.00000 0.021235
29165.00000 0.02074
29173.00000 0.020171
29181.00000 0.019798
29189.00000 0.019586
29197.00000 0.019457
29206.00000 0.018699
29214.00000 0.018093
29222.00000 0.018111
29230.00000 0.017609
29239.00000 0.017263
29247.00000 0.017223
29255.00000 0.017008
29263.00000 0.016667
29272.00000 0.016141
29280.00000 0.016012
29288.00000 0.015663
29296.00000 0.015145
29305.00000 0.015113
29313.00000 0.014795
29321.00000 0.014306
29330.00000 0.013894
29338.00000 0.013116
29346.00000 0.012674
29354.00000 0.013048
29363.00000 0.013139
29371.00000 0.012547
29379.00000 0.012262
29388.00000 0.012641
29396.00000 0.012919
29404.00000 0.011983
29413.00000 0.01127
29421.00000 0.011963
29429.00000 0.011782
29438.00000 0.010836
29446.00000 0.010788
29455.00000 0.010816
29463.00000 0.010702
29471.00000 0.010531
29480.00000 0.010065
29488.00000 0.0099289
29496.00000 0.010058
29505.00000 0.0095005
29513.00000 0.009011
29522.00000 0.0094569
29530.00000 0.0094198
29538.00000 0.0092042
29547.00000 0.0093854
29555.00000 0.0088578
29564.00000 0.0085575
29572.00000 0.0085641
29581.00000 0.0083327
29589.00000 0.008243
29597.00000 0.0076296
29606.00000 0.0073306
29614.00000 0.0077235
29623.00000 0.0074922
29631.00000 0.0075908
29640.00000 0.0081292
29648.00000 0.0078296
29657.00000 0.0075339
29665.00000 0.0071929
29674.00000 0.0067425
29682.00000 0.0072598
29691.00000 0.0072746
29699.00000 0.006576
29708.00000 0.0065442
29716.00000 0.0065193
29725.00000 0.0064783
29733.00000 0.0066318
29742.00000 0.0064701
29750.00000 0.006069
29759.00000 0.0058267
29767.00000 0.0057968
29776.00000 0.0058037
29784.00000 0.0060661
29793.00000 0.0061157
29801.00000 0.0057103
29810.00000 0.0057775
29819.00000 0.0058711
29827.00000 0.0055818
29836.00000 0.005376
29844.00000 0.0051729
29853.00000 0.0051641
29862.00000 0.0052822
29870.00000 0.0053364
29879.00000 0.0053371
29887.00000 0.0050356
29896.00000 0.0048916
29905.00000 0.0051622
29913.00000 0.0049259
29922.00000 0.0046594
29931.00000 0.0047941
29939.00000 0.0043017
29948.00000 0.0043465
29956.00000 0.0049671
29965.00000 0.0046355
29974.00000 0.0045582
29982.00000 0.0045701
29991.00000 0.0043203
30000.00000 0.004746
30008.00000 0.004525
30017.00000 0.0038111
30026.00000 0.0041007
30034.00000 0.004192
30043.00000 0.0035162
30052.00000 0.0035904
30061.00000 0.0038508
30069.00000 0.0037856
30078.00000 0.0041717
30087.00000 0.0043221
30096.00000 0.0040378
30104.00000 0.0038915
30113.00000 0.0037817
30122.00000 0.0035929
30131.00000 0.0033913
30139.00000 0.0038286
30148.00000 0.0044351
30157.00000 0.0041254
30166.00000 0.0039737
30174.00000 0.0041123
30183.00000 0.003801
30192.00000 0.0038288
30201.00000 0.0036773
30210.00000 0.0037939
30218.00000 0.0037676
30227.00000 0.002717
30236.00000 0.0032037
30245.00000 0.0040474
30254.00000 0.0033687
30262.00000 0.0036347
30271.00000 0.0042038
30280.00000 0.00358
30289.00000 0.0029335
30298.00000 0.0032824
30307.00000 0.0033901
30315.00000 0.0029065
30324.00000 0.0031592
30333.00000 0.0032126
30342.00000 0.0029928
30351.00000 0.0029974
30360.00000 0.003035
30369.00000 0.0036313
30378.00000 0.0034156
30387.00000 0.0029821
30395.00000 0.0033563
30404.00000 0.002763
30413.00000 0.0030513
30422.00000 0.0037162
30431.00000 0.0032345
30440.00000 0.0036082
30449.00000 0.0035774
30458.00000 0.0030674
30467.00000 0.0034433
30476.00000 0.0034687
30485.00000 0.0034042
30494.00000 0.0033082
30503.00000 0.0033874
30512.00000 0.0037649
30521.00000 0.0034603
30530.00000 0.0031235
30539.00000 0.0029579
30548.00000 0.0027077
30557.00000 0.0026358
30566.00000 0.0029982
30575.00000 0.0034843
30584.00000 0.0033964
30593.00000 0.0029815
30602.00000 0.0029141
30611.00000 0.0031733
30620.00000 0.003562
30629.00000 0.0034972
30638.00000 0.0031471
30647.00000 0.0029654
30656.00000 0.0032444
30665.00000 0.0033641
30674.00000 0.0030857
30683.00000 0.0032282
30692.00000 0.002906
30701.00000 0.0027098
30710.00000 0.0034065
30719.00000 0.0032098
30729.00000 0.0028314
30738.00000 0.0032207
30747.00000 0.0031901
30756.00000 0.0032112
30765.00000 0.0034762
30774.00000 0.0034893
30783.00000 0.0031947
30793.00000 0.0029496
30802.00000 0.0034303
30811.00000 0.0032854
30820.00000 0.0027368
30829.00000 0.0028882
30838.00000 0.0027877
30847.00000 0.0030775
30857.00000 0.0036808
30866.00000 0.0031672
30875.00000 0.0030041
30884.00000 0.0036891
30893.00000 0.0035708
30903.00000 0.0029826
30912.00000 0.002656
30921.00000 0.0026915
30930.00000 0.0032911
30940.00000 0.003499
30949.00000 0.0032187
30958.00000 0.0029281
30967.00000 0.0027391
30977.00000 0.0031159
30986.00000 0.0034666
30995.00000 0.0034287
31004.00000 0.0035175
31014.00000 0.0034979
31023.00000 0.0029451
31032.00000 0.0026829
31041.00000 0.0035022
31051.00000 0.0037901
31060.00000 0.0032041
31069.00000 0.0031844
31079.00000 0.0031871
31088.00000 0.0034793
31097.00000 0.0040357
31107.00000 0.0035393
31116.00000 0.0032139
31125.00000 0.003516
31135.00000 0.0034245
31144.00000 0.003383
31153.00000 0.0032131
31163.00000 0.003105
31172.00000 0.0032913
31181.00000 0.0028968
31191.00000 0.0030705
31200.00000 0.0036849
31209.00000 0.0031419
31219.00000 0.0030729
31228.00000 0.0032584
31238.00000 0.0030365
31247.00000 0.0034849
31256.00000 0.00346
31266.00000 0.0029753
31275.00000 0.0033679
31285.00000 0.0040158
31294.00000 0.0036633
31304.00000 0.00296
31313.00000 0.00333
31323.00000 0.0035473
31332.00000 0.0030818
31342.00000 0.0031356
31351.00000 0.0032347
31360.00000 0.0035282
31370.00000 0.0036476
31379.00000 0.003146
31389.00000 0.0028258
31398.00000 0.0028272
31408.00000 0.0034078
31418.00000 0.0038515
31427.00000 0.0033478
31437.00000 0.00306
31446.00000 0.0031674
31456.00000 0.0029597
31465.00000 0.0032154
31475.00000 0.0035156
31484.00000 0.0031924
31494.00000 0.0033322
31503.00000 0.00304
31513.00000 0.0024475
31523.00000 0.0030873
31532.00000 0.003348
31542.00000 0.0029504
31551.00000 0.0029502
31561.00000 0.0029788
31570.00000 0.0032417
31580.00000 0.0033567
31590.00000 0.0031189
31599.00000 0.0031144
31609.00000 0.0031793
31619.00000 0.0029935
31628.00000 0.0031001
31638.00000 0.0033921
31648.00000 0.003573
31657.00000 0.0032749
31667.00000 0.0027493
31677.00000 0.0029454
31686.00000 0.003475
31696.00000 0.0032872
31706.00000 0.0029345
31715.00000 0.0031259
31725.00000 0.0031099
31735.00000 0.0030194
31744.00000 0.0033473
31754.00000 0.0032337
31764.00000 0.0031064
31774.00000 0.003281
31783.00000 0.0029452
31793.00000 0.0031789
31803.00000 0.0031576
31813.00000 0.0023687
31822.00000 0.0026742
31832.00000 0.0027258
31842.00000 0.0026246
31852.00000 0.0032217
31862.00000 0.0030033
31871.00000 0.0027081
31881.00000 0.0028899
31891.00000 0.0028427
31901.00000 0.0030429
31911.00000 0.0031762
31920.00000 0.0025764
31930.00000 0.0022946
31940.00000 0.0031251
31950.00000 0.0033803
31960.00000 0.0027249
31969.00000 0.0025812
31979.00000 0.0028749
31989.00000 0.0028919
31999.00000 0.002986
32009.00000 0.0032303
32019.00000 0.0027364
32029.00000 0.0024742
32039.00000 0.0029456
32049.00000 0.0027266
32058.00000 0.0026543
32068.00000 0.0031737
32078.00000 0.0029308
32088.00000 0.0028457
32098.00000 0.0027871
32108.00000 0.0021115
32118.00000 0.0024028
32128.00000 0.0027077
32138.00000 0.0024881
32148.00000 0.0027183
32158.00000 0.0024634
32168.00000 0.002257
32178.00000 0.0025776
32188.00000 0.0025323
32198.00000 0.0028131
32208.00000 0.0030725
32218.00000 0.0028084
32228.00000 0.0028571
32238.00000 0.0027349
32248.00000 0.0023685
32258.00000 0.0025793
32268.00000 0.0029248
32278.00000 0.0029372
32288.00000 0.0026578
32298.00000 0.0023867
32308.00000 0.0024537
32318.00000 0.0025293
32328.00000 0.0027587
32338.00000 0.00279
32348.00000 0.0022432
32359.00000 0.0023586
32369.00000 0.0024348
32379.00000 0.0021396
32389.00000 0.0023437
32399.00000 0.0023295
32409.00000 0.0025158
32419.00000 0.0024621
35660.89844 0.0
