threeML/data/optical_filters/AKARI/IRC-L15.ecsv
# %ECSV 0.9
# ---
# datatype:
# - {name: wavelength, unit: Angstrom, datatype: float32}
# - {name: response, datatype: float32}
# meta: !!omap
# - {band_name: L15}
# - {group_name: IRC}
wavelength response
106794.00000 0.0
118660.00000 0.00092022
118796.00000 0.0010544
118933.00000 0.001196
119069.00000 0.0011959
119206.00000 0.0011608
119343.00000 0.0012393
119481.00000 0.0014509
119618.00000 0.0017395
119757.00000 0.0019226
119895.00000 0.0019256
120034.00000 0.0019887
120173.00000 0.0022252
120312.00000 0.0024733
120452.00000 0.0026484
120592.00000 0.0028928
120732.00000 0.0033275
120873.00000 0.0038354
121014.00000 0.0043549
121156.00000 0.0048773
121297.00000 0.0053906
121439.00000 0.0059119
121582.00000 0.0065318
121724.00000 0.0073169
121867.00000 0.0082268
122011.00000 0.0092083
122155.00000 0.010313
122299.00000 0.011547
122443.00000 0.012852
122588.00000 0.014384
122733.00000 0.016307
122878.00000 0.01847
123024.00000 0.020762
123170.00000 0.023555
123316.00000 0.026837
123463.00000 0.030523
123610.00000 0.034736
123758.00000 0.039657
123906.00000 0.045322
124054.00000 0.051973
124203.00000 0.059699
124352.00000 0.068239
124501.00000 0.077496
124650.00000 0.087971
124801.00000 0.10033
124951.00000 0.11442
125101.00000 0.1298
125253.00000 0.147
125404.00000 0.16727
125556.00000 0.18965
125708.00000 0.21484
125861.00000 0.24215
126014.00000 0.27096
126167.00000 0.30245
126321.00000 0.3361
126475.00000 0.37007
126629.00000 0.40396
126784.00000 0.43762
126939.00000 0.47006
127095.00000 0.50127
127250.00000 0.53093
127407.00000 0.55917
127564.00000 0.58338
127721.00000 0.6038
127878.00000 0.62234
128036.00000 0.63658
128194.00000 0.64826
128353.00000 0.65965
128512.00000 0.66649
128671.00000 0.6706
128831.00000 0.67624
128991.00000 0.67994
129152.00000 0.68014
129313.00000 0.68169
129475.00000 0.6837
129636.00000 0.68331
129799.00000 0.68363
129961.00000 0.68397
130124.00000 0.68228
130288.00000 0.68108
130452.00000 0.68137
130616.00000 0.68123
130781.00000 0.68027
130946.00000 0.68036
131111.00000 0.68175
131277.00000 0.68122
131444.00000 0.68058
131611.00000 0.68305
131778.00000 0.6842
131945.00000 0.68306
132114.00000 0.68412
132282.00000 0.68582
132451.00000 0.68813
132620.00000 0.6922
132790.00000 0.69621
132961.00000 0.70002
133131.00000 0.7039
133302.00000 0.70906
133474.00000 0.71397
133646.00000 0.71737
133818.00000 0.7222
133991.00000 0.72777
134164.00000 0.73246
134338.00000 0.73816
134513.00000 0.74559
134687.00000 0.75074
134862.00000 0.75443
135038.00000 0.75825
135214.00000 0.75971
135391.00000 0.76078
135568.00000 0.76423
135745.00000 0.76684
135923.00000 0.76701
136101.00000 0.76891
136280.00000 0.77179
136459.00000 0.77573
136639.00000 0.78114
136819.00000 0.78895
137000.00000 0.7942
137182.00000 0.79883
137363.00000 0.80554
137545.00000 0.8113
137728.00000 0.81358
137911.00000 0.81725
138095.00000 0.82232
138279.00000 0.82311
138463.00000 0.82547
138649.00000 0.83102
138834.00000 0.83289
139020.00000 0.83545
139207.00000 0.84328
139394.00000 0.84866
139582.00000 0.85335
139770.00000 0.85933
139958.00000 0.86385
140147.00000 0.86563
140337.00000 0.8679
140527.00000 0.86957
140718.00000 0.8686
140909.00000 0.86693
141101.00000 0.86808
141293.00000 0.8685
141486.00000 0.86744
141679.00000 0.86857
141873.00000 0.86832
142067.00000 0.87146
142262.00000 0.87813
142458.00000 0.8855
142654.00000 0.88804
142850.00000 0.89164
143047.00000 0.89907
143245.00000 0.90309
143443.00000 0.90411
143642.00000 0.90795
143841.00000 0.91208
144040.00000 0.91264
144241.00000 0.91393
144442.00000 0.91767
144643.00000 0.91833
144845.00000 0.91849
145048.00000 0.92233
145251.00000 0.92477
145455.00000 0.9245
145659.00000 0.92602
145864.00000 0.92798
146069.00000 0.92669
146275.00000 0.92778
146482.00000 0.9285
146689.00000 0.92493
146897.00000 0.92327
147105.00000 0.92274
147314.00000 0.91894
147524.00000 0.91632
147734.00000 0.91705
147945.00000 0.91638
148156.00000 0.91487
148368.00000 0.91563
148581.00000 0.91867
148794.00000 0.91821
149007.00000 0.91827
149222.00000 0.92061
149437.00000 0.92059
149653.00000 0.92193
149869.00000 0.92456
150086.00000 0.92494
150303.00000 0.92717
150521.00000 0.93297
150740.00000 0.93734
150960.00000 0.93849
151180.00000 0.94082
151400.00000 0.94437
151622.00000 0.94337
151844.00000 0.94228
152066.00000 0.94656
152289.00000 0.94764
152514.00000 0.94529
152738.00000 0.94644
152963.00000 0.94875
153189.00000 0.94825
153416.00000 0.94983
153643.00000 0.95514
153871.00000 0.95658
154100.00000 0.95591
154329.00000 0.96158
154559.00000 0.9624
154790.00000 0.95905
155021.00000 0.95948
155253.00000 0.9534
155486.00000 0.94631
155719.00000 0.94134
155954.00000 0.93701
156188.00000 0.93183
156424.00000 0.93027
156660.00000 0.93091
156897.00000 0.92879
157135.00000 0.92472
157374.00000 0.92428
157613.00000 0.92319
157853.00000 0.91896
158093.00000 0.91389
158335.00000 0.90912
158577.00000 0.90317
158820.00000 0.89714
159063.00000 0.89348
159307.00000 0.88612
159553.00000 0.87562
159798.00000 0.86836
160045.00000 0.86355
160292.00000 0.86242
160541.00000 0.86422
160789.00000 0.86607
161039.00000 0.86349
161290.00000 0.86214
161541.00000 0.86537
161793.00000 0.86236
162046.00000 0.85721
162299.00000 0.85676
162554.00000 0.85139
162809.00000 0.84395
163065.00000 0.84462
163321.00000 0.84489
163579.00000 0.83896
163838.00000 0.83952
164097.00000 0.84385
164357.00000 0.84663
164618.00000 0.84968
164879.00000 0.85538
165142.00000 0.86061
165405.00000 0.86566
165670.00000 0.87361
165935.00000 0.8811
166201.00000 0.88378
166467.00000 0.88987
166735.00000 0.8981
167003.00000 0.90129
167273.00000 0.90765
167543.00000 0.9187
167814.00000 0.92707
168086.00000 0.93259
168359.00000 0.94149
168633.00000 0.95351
168908.00000 0.96287
169183.00000 0.97309
169459.00000 0.98552
169737.00000 0.99186
170015.00000 0.99519
170294.00000 0.99922
170574.00000 1.0
170855.00000 0.99486
171137.00000 0.9947
171420.00000 0.99437
171704.00000 0.99099
171989.00000 0.99393
172274.00000 0.99372
172561.00000 0.98922
172849.00000 0.98813
173137.00000 0.98691
173427.00000 0.98415
173717.00000 0.98176
174009.00000 0.9827
174301.00000 0.98169
174595.00000 0.97577
174889.00000 0.97663
175184.00000 0.97692
175481.00000 0.96715
175778.00000 0.96247
176077.00000 0.96323
176376.00000 0.95896
176677.00000 0.95508
176978.00000 0.95826
177281.00000 0.95688
177584.00000 0.94828
177889.00000 0.94571
178195.00000 0.94547
178501.00000 0.9384
178809.00000 0.93414
179118.00000 0.93109
179428.00000 0.92197
179739.00000 0.91625
180051.00000 0.91642
180364.00000 0.91491
180678.00000 0.90807
180993.00000 0.90788
181310.00000 0.91259
181627.00000 0.90961
181946.00000 0.90743
182266.00000 0.90975
182587.00000 0.90552
182909.00000 0.90112
183232.00000 0.90318
183556.00000 0.90005
183881.00000 0.89281
184208.00000 0.89118
184536.00000 0.89077
184865.00000 0.88656
185195.00000 0.88217
185526.00000 0.87806
185859.00000 0.86653
186192.00000 0.85587
186527.00000 0.85194
186863.00000 0.8403
187201.00000 0.82294
187539.00000 0.81266
187879.00000 0.79999
188220.00000 0.78189
188562.00000 0.76912
188906.00000 0.75893
189250.00000 0.73731
189596.00000 0.71689
189944.00000 0.70362
190292.00000 0.67875
190642.00000 0.64808
190993.00000 0.62468
191345.00000 0.59759
191699.00000 0.56569
192054.00000 0.53994
192410.00000 0.5145
192768.00000 0.48387
193127.00000 0.4547
193487.00000 0.42804
193849.00000 0.40049
194212.00000 0.3744
194576.00000 0.35131
194942.00000 0.3281
195309.00000 0.30285
195678.00000 0.28119
196048.00000 0.25871
196419.00000 0.23515
196792.00000 0.217
197166.00000 0.20032
197541.00000 0.18164
197918.00000 0.16546
198297.00000 0.15212
198677.00000 0.13897
199058.00000 0.12744
199441.00000 0.11702
199825.00000 0.1064
200211.00000 0.098442
200598.00000 0.09334
200987.00000 0.088219
201377.00000 0.082534
201769.00000 0.07689
202162.00000 0.071375
202557.00000 0.065871
202953.00000 0.061343
203351.00000 0.058101
203751.00000 0.054638
204152.00000 0.050939
204555.00000 0.048011
204959.00000 0.045385
205365.00000 0.042356
205772.00000 0.039525
206181.00000 0.036246
206592.00000 0.032997
207004.00000 0.030591
207418.00000 0.028859
207834.00000 0.027214
208251.00000 0.025506
208670.00000 0.024092
209091.00000 0.022632
209513.00000 0.020861
209938.00000 0.019243
210364.00000 0.017538
210791.00000 0.015811
211220.00000 0.015071
211651.00000 0.014939
212084.00000 0.014651
212519.00000 0.013878
212955.00000 0.012835
213393.00000 0.012096
213833.00000 0.01142
214275.00000 0.010586
214719.00000 0.0099458
215164.00000 0.0092729
215612.00000 0.0086116
216061.00000 0.0083111
216512.00000 0.0080667
216965.00000 0.0077235
217420.00000 0.0074942
217876.00000 0.0074904
218335.00000 0.007839
218796.00000 0.0080054
219258.00000 0.0073359
219723.00000 0.0065741
220189.00000 0.0065243
220658.00000 0.0068425
221128.00000 0.0067451
221601.00000 0.006187
222075.00000 0.0056651
222552.00000 0.004984
223030.00000 0.0038056
223511.00000 0.0023926
223994.00000 0.0016805
224479.00000 0.0026244
224966.00000 0.0043944
225455.00000 0.0048906
225946.00000 0.0033907
226439.00000 0.0015398
226935.00000 0.0013725
227432.00000 0.0024908
227932.00000 0.003168
228434.00000 0.0030251
228939.00000 0.00207
229445.00000 0.0010794
229954.00000 0.0015796
230465.00000 0.0030113
230978.00000 0.0039595
231494.00000 0.0040502
232012.00000 0.0025278
232532.00000 0.00020909
233054.00000 0.0
