threeML/data/optical_filters/AKARI/IRC-N3.ecsv
# %ECSV 0.9
# ---
# datatype:
# - {name: wavelength, unit: Angstrom, datatype: float32}
# - {name: response, datatype: float32}
# meta: !!omap
# - {band_name: N3}
# - {group_name: IRC}
wavelength response
[from data line 1591]
39842.00000 0.010728
39857.00000 0.010576
39873.00000 0.0098503
39888.00000 0.0091011
39904.00000 0.009637
39919.00000 0.0097696
39934.00000 0.0090968
39950.00000 0.0093792
39965.00000 0.0091818
39980.00000 0.0085875
39996.00000 0.008959
40011.00000 0.0083652
40027.00000 0.0078381
40042.00000 0.0083037
40058.00000 0.0073032
40073.00000 0.0070561
40089.00000 0.008474
40104.00000 0.007944
40120.00000 0.0073381
40135.00000 0.0084403
40151.00000 0.0077253
40166.00000 0.0063887
40182.00000 0.0066808
40197.00000 0.0066395
40213.00000 0.0061358
40229.00000 0.0060079
40244.00000 0.0067417
40260.00000 0.0069405
40275.00000 0.005284
40291.00000 0.004821
40307.00000 0.005498
40322.00000 0.0055946
40338.00000 0.0057961
40354.00000 0.0053969
40370.00000 0.0056528
40385.00000 0.0058267
40401.00000 0.004814
40417.00000 0.0053604
40432.00000 0.0058818
40448.00000 0.005085
40464.00000 0.0052729
40480.00000 0.005939
40496.00000 0.006059
40511.00000 0.0056093
40527.00000 0.0047862
40543.00000 0.0053877
40559.00000 0.0052157
40575.00000 0.004121
40591.00000 0.0050674
40607.00000 0.0052953
40623.00000 0.004615
40638.00000 0.0053381
40654.00000 0.005129
40670.00000 0.0047288
40686.00000 0.0056755
40702.00000 0.0056344
40718.00000 0.0046057
40734.00000 0.0042192
40750.00000 0.0047163
40766.00000 0.0050399
40782.00000 0.0045189
40798.00000 0.0048404
40814.00000 0.0044123
40830.00000 0.0028345
40847.00000 0.0039063
40863.00000 0.0053923
40879.00000 0.0041356
40895.00000 0.0038836
40911.00000 0.0050882
40927.00000 0.0046614
40943.00000 0.0041553
40959.00000 0.0046918
40976.00000 0.0048155
40992.00000 0.0048434
41008.00000 0.0045867
41024.00000 0.003998
41040.00000 0.0041323
41057.00000 0.0041057
41073.00000 0.0041893
41089.00000 0.0040814
41105.00000 0.0036106
41122.00000 0.0046199
41138.00000 0.0048754
41154.00000 0.0039904
41171.00000 0.0042229
41187.00000 0.004235
41203.00000 0.0041389
41220.00000 0.0041689
41236.00000 0.0040496
41253.00000 0.0041708
41269.00000 0.0044693
41286.00000 0.0048875
41302.00000 0.0047115
41318.00000 0.0047136
41335.00000 0.004621
41351.00000 0.0033274
41368.00000 0.0032881
41384.00000 0.0049085
41401.00000 0.0046001
41417.00000 0.0028993
41434.00000 0.0036263
41451.00000 0.0053012
41467.00000 0.0047378
41484.00000 0.0044551
41500.00000 0.0050492
41517.00000 0.0049011
41533.00000 0.0042532
41550.00000 0.0042688
41567.00000 0.0051634
41583.00000 0.0050407
41600.00000 0.0039742
41617.00000 0.0036659
45778.69922 0.0
