threeML/data/optical_filters/AKARI/IRC-N4.ecsv
# %ECSV 0.9
# ---
# datatype:
# - {name: wavelength, unit: Angstrom, datatype: float32}
# - {name: response, datatype: float32}
# meta: !!omap
# - {band_name: N4}
# - {group_name: IRC}
wavelength response
[from data line 786]
43069.00000 0.90463
43087.00000 0.90432
43104.00000 0.90378
43122.00000 0.90377
43140.00000 0.90553
43158.00000 0.90644
43176.00000 0.90647
43194.00000 0.90745
43212.00000 0.9077
43230.00000 0.90746
43248.00000 0.90815
43266.00000 0.90949
43284.00000 0.91007
43302.00000 0.90925
43320.00000 0.90904
43339.00000 0.91055
43357.00000 0.91013
43375.00000 0.90908
43393.00000 0.91213
43411.00000 0.91392
43429.00000 0.9133
43447.00000 0.91453
43466.00000 0.91464
43484.00000 0.9154
43502.00000 0.9173
43520.00000 0.91745
43539.00000 0.91758
43557.00000 0.91792
43575.00000 0.91918
43594.00000 0.92018
43612.00000 0.9199
43630.00000 0.92172
43649.00000 0.92259
43667.00000 0.92178
43685.00000 0.92288
43704.00000 0.92369
43722.00000 0.92456
43741.00000 0.92497
43759.00000 0.92497
43778.00000 0.92675
43796.00000 0.92571
43815.00000 0.92388
43833.00000 0.92628
43852.00000 0.92878
43870.00000 0.92968
43889.00000 0.93141
43907.00000 0.93321
43926.00000 0.93369
43945.00000 0.93572
43963.00000 0.93788
43982.00000 0.93755
44001.00000 0.93851
44019.00000 0.93945
44038.00000 0.94044
44057.00000 0.94179
44075.00000 0.94076
44094.00000 0.94331
44113.00000 0.947
44132.00000 0.94602
44150.00000 0.94742
44169.00000 0.94905
44188.00000 0.94882
44207.00000 0.95058
44226.00000 0.95079
44244.00000 0.9532
44263.00000 0.95704
44282.00000 0.95583
44301.00000 0.95626
44320.00000 0.95911
44339.00000 0.96029
44358.00000 0.96111
44377.00000 0.96189
44396.00000 0.96304
44415.00000 0.96384
44434.00000 0.9646
44453.00000 0.96515
44472.00000 0.96697
44491.00000 0.97001
44510.00000 0.97098
44530.00000 0.97312
44549.00000 0.97388
44568.00000 0.97311
44587.00000 0.97739
44606.00000 0.97956
44625.00000 0.97766
44644.00000 0.97796
44664.00000 0.97952
44683.00000 0.98118
44702.00000 0.9811
44721.00000 0.98056
44741.00000 0.98299
44760.00000 0.98512
44779.00000 0.98542
44799.00000 0.98571
44818.00000 0.98561
44837.00000 0.98587
44857.00000 0.9877
44876.00000 0.98989
44896.00000 0.99113
44915.00000 0.991
44935.00000 0.99058
44954.00000 0.99111
44974.00000 0.99185
44993.00000 0.99194
45013.00000 0.9924
45032.00000 0.99337
45052.00000 0.99449
45071.00000 0.99534
45091.00000 0.99449
45111.00000 0.99488
45130.00000 0.99588
45150.00000 0.99538
45170.00000 0.99642
45189.00000 0.99652
45209.00000 0.99692
45229.00000 0.99903
45248.00000 0.99853
45268.00000 0.9986
45288.00000 0.99794
45308.00000 0.99707
45327.00000 0.9987
45347.00000 0.99804
45367.00000 0.99852
45387.00000 0.99933
45407.00000 0.99778
45427.00000 0.99854
45447.00000 0.99826
45466.00000 0.99803
45486.00000 1.0
45506.00000 0.99851
45526.00000 0.99743
45546.00000 0.99866
45566.00000 0.99641
45587.00000 0.99564
45606.00000 0.99825
45627.00000 0.99726
45647.00000 0.99659
45667.00000 0.99872
45687.00000 0.99797
45707.00000 0.99702
45727.00000 0.99638
45747.00000 0.9939
45767.00000 0.99475
45788.00000 0.99677
45808.00000 0.99617
45828.00000 0.99673
45848.00000 0.99632
45869.00000 0.99497
45889.00000 0.99536
45909.00000 0.99388
45930.00000 0.99349
45950.00000 0.995
45970.00000 0.99276
45991.00000 0.99062
46011.00000 0.99112
46032.00000 0.99136
46052.00000 0.99056
46073.00000 0.98863
46093.00000 0.98777
46114.00000 0.98947
46134.00000 0.99044
46154.00000 0.98927
46175.00000 0.98793
46196.00000 0.98744
46216.00000 0.98845
46237.00000 0.98788
46257.00000 0.98744
46278.00000 0.98786
46299.00000 0.98455
46319.00000 0.98665
46340.00000 0.99049
46361.00000 0.98736
46382.00000 0.98853
46402.00000 0.98898
46423.00000 0.98588
46444.00000 0.98684
46465.00000 0.98617
46486.00000 0.98734
46506.00000 0.98916
46527.00000 0.98856
46548.00000 0.99032
46569.00000 0.98808
46590.00000 0.9872
46611.00000 0.98971
46632.00000 0.98522
46653.00000 0.98536
46674.00000 0.9898
46695.00000 0.9853
46716.00000 0.98426
46737.00000 0.98762
46758.00000 0.98498
46779.00000 0.98516
46800.00000 0.98796
46821.00000 0.98549
46842.00000 0.98523
46864.00000 0.98777
46885.00000 0.98619
46906.00000 0.98449
46927.00000 0.9851
46948.00000 0.98384
46970.00000 0.98182
46991.00000 0.98256
47012.00000 0.98333
47034.00000 0.9804
47055.00000 0.97913
47076.00000 0.98152
47098.00000 0.98189
47119.00000 0.98162
47140.00000 0.981
47162.00000 0.97958
47183.00000 0.98049
47205.00000 0.9811
47226.00000 0.97932
47248.00000 0.97639
47270.00000 0.97609
47291.00000 0.97887
47313.00000 0.97886
47334.00000 0.9776
47356.00000 0.97834
47377.00000 0.97943
47399.00000 0.97869
47421.00000 0.97677
47442.00000 0.97751
47464.00000 0.97827
47486.00000 0.97488
47508.00000 0.97278
47529.00000 0.97384
47551.00000 0.9715
47573.00000 0.97006
47595.00000 0.96918
47617.00000 0.96378
47639.00000 0.96332
47660.00000 0.96391
47682.00000 0.9609
47704.00000 0.95999
47726.00000 0.95684
47748.00000 0.95598
47770.00000 0.95809
47792.00000 0.95544
47814.00000 0.9543
47836.00000 0.95489
47858.00000 0.95173
47881.00000 0.9508
47903.00000 0.95319
47925.00000 0.95161
47947.00000 0.94998
47969.00000 0.94978
47991.00000 0.94618
48014.00000 0.94813
48036.00000 0.95313
48058.00000 0.9517
48080.00000 0.95051
48103.00000 0.95093
48125.00000 0.952
48147.00000 0.9539
48170.00000 0.95442
48192.00000 0.95404
48214.00000 0.95286
48237.00000 0.95384
48259.00000 0.95477
48282.00000 0.95208
48304.00000 0.95012
48327.00000 0.95026
48349.00000 0.95245
48372.00000 0.95242
48394.00000 0.95127
48417.00000 0.95402
48440.00000 0.95178
48462.00000 0.94767
48485.00000 0.94848
48508.00000 0.94596
48530.00000 0.94454
48553.00000 0.94783
48576.00000 0.9461
48598.00000 0.94346
48621.00000 0.94511
48644.00000 0.94358
48667.00000 0.94174
48690.00000 0.94286
48713.00000 0.9399
48735.00000 0.93422
48758.00000 0.93398
48781.00000 0.93505
48804.00000 0.93091
48827.00000 0.92913
48850.00000 0.93075
48873.00000 0.92867
48896.00000 0.92573
48919.00000 0.92354
48942.00000 0.92066
48966.00000 0.91794
48989.00000 0.91496
49012.00000 0.91384
49035.00000 0.91432
49058.00000 0.91146
49082.00000 0.90688
49105.00000 0.90529
49128.00000 0.90507
49151.00000 0.90311
49175.00000 0.90039
49198.00000 0.89748
49221.00000 0.89279
49245.00000 0.88859
49268.00000 0.88775
49291.00000 0.88667
49315.00000 0.88322
49338.00000 0.88048
49362.00000 0.877
49385.00000 0.87382
49409.00000 0.87155
49432.00000 0.86705
49456.00000 0.86441
49480.00000 0.86422
49503.00000 0.86267
49527.00000 0.85965
49550.00000 0.85632
49574.00000 0.85372
49598.00000 0.84896
49622.00000 0.84513
49645.00000 0.84297
49669.00000 0.83919
49693.00000 0.83842
49717.00000 0.83487
49741.00000 0.82876
49764.00000 0.82729
49788.00000 0.82367
49812.00000 0.81995
49836.00000 0.81868
49860.00000 0.81538
49884.00000 0.81201
49908.00000 0.80894
49932.00000 0.80557
49956.00000 0.80291
49980.00000 0.80073
50004.00000 0.79748
50029.00000 0.79422
50053.00000 0.79148
50077.00000 0.78588
50101.00000 0.78239
50125.00000 0.77972
50149.00000 0.77385
50174.00000 0.77281
50198.00000 0.77299
50222.00000 0.76592
50247.00000 0.7595
50271.00000 0.75774
50295.00000 0.75462
50320.00000 0.75033
50344.00000 0.74719
50369.00000 0.74223
50393.00000 0.73727
50418.00000 0.73496
50442.00000 0.73391
50467.00000 0.73125
50491.00000 0.72631
50516.00000 0.72412
50540.00000 0.72105
50565.00000 0.7152
50590.00000 0.71433
50615.00000 0.71325
50639.00000 0.70839
50664.00000 0.70468
50689.00000 0.69921
50714.00000 0.69353
50738.00000 0.69121
50763.00000 0.68778
50788.00000 0.68208
50813.00000 0.68182
50838.00000 0.68145
50863.00000 0.67458
50888.00000 0.67034
50913.00000 0.66755
50938.00000 0.66402
50963.00000 0.66234
50988.00000 0.65891
51013.00000 0.65467
51038.00000 0.65188
51063.00000 0.6495
51088.00000 0.64644
51113.00000 0.64337
51139.00000 0.6408
51164.00000 0.63704
51189.00000 0.63361
51214.00000 0.63042
51240.00000 0.62661
51265.00000 0.62421
51290.00000 0.62108
51316.00000 0.61797
51341.00000 0.61532
51367.00000 0.61151
51392.00000 0.60884
51417.00000 0.60355
51443.00000 0.59938
51469.00000 0.60184
51494.00000 0.59883
51520.00000 0.59141
51545.00000 0.5896
51571.00000 0.58604
51597.00000 0.5802
51622.00000 0.57756
51648.00000 0.57431
51674.00000 0.57089
51700.00000 0.56823
51725.00000 0.56451
51751.00000 0.56149
51777.00000 0.55706
51803.00000 0.5518
51829.00000 0.54892
51855.00000 0.54581
51880.00000 0.54175
51906.00000 0.53848
51933.00000 0.53382
51958.00000 0.52853
51985.00000 0.52762
52011.00000 0.52524
52037.00000 0.52025
52063.00000 0.51657
52089.00000 0.51016
52115.00000 0.51028
52141.00000 0.51188
52168.00000 0.50219
52194.00000 0.49728
52220.00000 0.49633
52246.00000 0.49118
52273.00000 0.48797
52299.00000 0.48392
52326.00000 0.48103
52352.00000 0.47971
52378.00000 0.47492
52405.00000 0.47096
52431.00000 0.468
52458.00000 0.46466
52484.00000 0.46349
52511.00000 0.46225
52538.00000 0.45865
52564.00000 0.45492
52591.00000 0.45148
52618.00000 0.44857
52644.00000 0.44647
52671.00000 0.44409
52698.00000 0.44119
52724.00000 0.43832
52751.00000 0.43655
52778.00000 0.43447
52805.00000 0.43037
52832.00000 0.42693
52859.00000 0.42334
52886.00000 0.42046
52913.00000 0.41984
52940.00000 0.41699
52967.00000 0.41369
52994.00000 0.41137
53021.00000 0.40836
53048.00000 0.40652
53075.00000 0.40304
53102.00000 0.3997
53130.00000 0.39846
53157.00000 0.39462
53184.00000 0.39171
53211.00000 0.39054
53239.00000 0.387
53266.00000 0.38443
53293.00000 0.38306
53321.00000 0.37977
53348.00000 0.37724
53376.00000 0.37517
53403.00000 0.37254
53431.00000 0.37097
53458.00000 0.36925
53486.00000 0.36843
53513.00000 0.36531
53541.00000 0.35888
53569.00000 0.35448
53597.00000 0.35039
53624.00000 0.34548
53652.00000 0.34215
53680.00000 0.33963
53707.00000 0.33561
53735.00000 0.33087
53763.00000 0.32687
53791.00000 0.32308
53819.00000 0.31982
53847.00000 0.31641
53875.00000 0.31221
53903.00000 0.30796
53931.00000 0.30436
53959.00000 0.30141
53987.00000 0.29873
54015.00000 0.29589
54043.00000 0.29191
54071.00000 0.28812
54100.00000 0.28558
54128.00000 0.28272
54156.00000 0.27815
54184.00000 0.275
54213.00000 0.27435
54241.00000 0.27018
54270.00000 0.26436
54298.00000 0.2607
54326.00000 0.25689
54355.00000 0.25349
54383.00000 0.25006
54412.00000 0.24691
54440.00000 0.24452
54469.00000 0.24116
54498.00000 0.23751
54526.00000 0.23489
54555.00000 0.23229
54584.00000 0.22806
54612.00000 0.22564
54641.00000 0.22474
54670.00000 0.22106
54699.00000 0.21642
54728.00000 0.21229
54757.00000 0.21029
54786.00000 0.20908
54815.00000 0.20467
54844.00000 0.20147
54873.00000 0.19923
54902.00000 0.19518
54931.00000 0.19245
54960.00000 0.18988
54989.00000 0.1873
55018.00000 0.18555
55047.00000 0.18249
55077.00000 0.17938
55106.00000 0.17706
55135.00000 0.17476
55164.00000 0.17219
55194.00000 0.16964
55223.00000 0.16737
55253.00000 0.16418
55282.00000 0.16127
55312.00000 0.15897
55341.00000 0.15562
55371.00000 0.153
55400.00000 0.15111
55430.00000 0.14828
55459.00000 0.14643
55489.00000 0.14511
55519.00000 0.14191
55549.00000 0.13922
55578.00000 0.13749
55608.00000 0.13443
55638.00000 0.13181
55668.00000 0.13036
55698.00000 0.12742
55728.00000 0.1241
55758.00000 0.12241
55788.00000 0.12044
55818.00000 0.11784
55848.00000 0.1154
55878.00000 0.11209
55908.00000 0.10982
55938.00000 0.10822
55968.00000 0.10542
55999.00000 0.10401
56029.00000 0.10256
56059.00000 0.099146
56089.00000 0.096494
56120.00000 0.094981
56150.00000 0.093558
56181.00000 0.09128
56211.00000 0.088673
56241.00000 0.08637
56272.00000 0.084144
56302.00000 0.082688
56333.00000 0.080442
56364.00000 0.077751
56394.00000 0.076233
56425.00000 0.074444
56456.00000 0.072337
56487.00000 0.070043
56517.00000 0.068057
56548.00000 0.066727
56579.00000 0.064457
56610.00000 0.06202
56641.00000 0.060291
56672.00000 0.05825
56703.00000 0.056069
56734.00000 0.054416
56765.00000 0.052649
56796.00000 0.050284
56827.00000 0.04834
56858.00000 0.046704
56889.00000 0.044887
56920.00000 0.043125
56952.00000 0.041005
56983.00000 0.039088
57014.00000 0.037398
57046.00000 0.035383
57077.00000 0.033897
57109.00000 0.032393
57140.00000 0.030345
57172.00000 0.028652
57203.00000 0.027026
57235.00000 0.025257
57266.00000 0.023405
57298.00000 0.02144
57330.00000 0.0198
57361.00000 0.018301
57393.00000 0.016521
57425.00000 0.014717
57457.00000 0.013116
57488.00000 0.011426
57520.00000 0.0097025
57552.00000 0.0081061
57584.00000 0.0064651
57616.00000 0.0048626
57648.00000 0.0033084
57680.00000 0.0016949
57712.00000 0.00010263
57744.00000 0.0
