threeML/data/optical_filters/AKARI/IRC-N2.ecsv
# %ECSV 0.9
# ---
# datatype:
# - {name: wavelength, unit: Angstrom, datatype: float32}
# - {name: response, datatype: float32}
# meta: !!omap
# - {band_name: N2}
# - {group_name: IRC}
wavelength response
[from data line 1578]
22061.00000 0.55446
22066.00000 0.55466
22071.00000 0.55449
22075.00000 0.55484
22080.00000 0.55489
22085.00000 0.55477
22089.00000 0.55517
22094.00000 0.55493
22099.00000 0.55481
22103.00000 0.55561
22108.00000 0.55577
22113.00000 0.55525
22118.00000 0.55527
22122.00000 0.55535
22127.00000 0.55533
22132.00000 0.55566
22136.00000 0.55551
22141.00000 0.55528
22146.00000 0.55573
22151.00000 0.5559
22155.00000 0.5561
22160.00000 0.55666
22165.00000 0.55717
22170.00000 0.55718
22174.00000 0.55713
22179.00000 0.5574
22184.00000 0.5573
22188.00000 0.55753
22193.00000 0.55814
22198.00000 0.55867
22203.00000 0.55884
22208.00000 0.55833
22212.00000 0.55858
22217.00000 0.55915
22222.00000 0.55922
22227.00000 0.55983
22231.00000 0.56007
22236.00000 0.55974
22241.00000 0.55992
22246.00000 0.56056
22250.00000 0.56102
22255.00000 0.56127
22260.00000 0.56185
22265.00000 0.56213
22269.00000 0.56208
22274.00000 0.56231
22279.00000 0.56267
22284.00000 0.56314
22289.00000 0.56297
22294.00000 0.56281
22298.00000 0.56371
22303.00000 0.56454
22308.00000 0.56482
22313.00000 0.56511
22317.00000 0.56565
22322.00000 0.56612
22327.00000 0.56651
22332.00000 0.56663
22337.00000 0.56656
22341.00000 0.56717
22346.00000 0.56729
22351.00000 0.56692
22356.00000 0.56784
22361.00000 0.56852
22366.00000 0.56778
22370.00000 0.56778
22375.00000 0.5687
22380.00000 0.56893
22385.00000 0.56895
22390.00000 0.56925
22395.00000 0.56939
22399.00000 0.5694
22404.00000 0.5695
22409.00000 0.56972
22414.00000 0.56997
22419.00000 0.57006
22424.00000 0.57014
22429.00000 0.57042
22433.00000 0.57074
22438.00000 0.57078
22443.00000 0.57106
22448.00000 0.57153
22453.00000 0.57119
22458.00000 0.57097
22462.00000 0.5712
22467.00000 0.5709
22472.00000 0.5711
22477.00000 0.57154
22482.00000 0.57152
22487.00000 0.57154
22492.00000 0.57144
22497.00000 0.57122
22501.00000 0.57102
22506.00000 0.57106
22511.00000 0.57091
22516.00000 0.57027
22521.00000 0.57039
22526.00000 0.57066
22531.00000 0.57005
22536.00000 0.56981
22541.00000 0.57021
22545.00000 0.56989
22550.00000 0.56936
22555.00000 0.56937
22560.00000 0.56915
22565.00000 0.56878
22570.00000 0.56861
22575.00000 0.56835
22580.00000 0.56787
22585.00000 0.56737
22590.00000 0.56716
22595.00000 0.56687
22599.00000 0.56622
22604.00000 0.56592
22609.00000 0.56583
22614.00000 0.56526
22619.00000 0.56459
22624.00000 0.56438
22629.00000 0.56416
22634.00000 0.56343
22639.00000 0.56265
22644.00000 0.56193
22649.00000 0.56144
22654.00000 0.56137
22659.00000 0.56082
22664.00000 0.55979
22669.00000 0.5595
22674.00000 0.55916
22679.00000 0.55828
22683.00000 0.55753
22689.00000 0.55674
22694.00000 0.55585
22698.00000 0.5554
22703.00000 0.55527
22708.00000 0.55442
22713.00000 0.55322
22718.00000 0.55249
22723.00000 0.55196
22728.00000 0.55148
22733.00000 0.55038
22738.00000 0.5493
22743.00000 0.54903
22748.00000 0.54823
22753.00000 0.54711
22758.00000 0.5463
22763.00000 0.54535
22768.00000 0.54463
22773.00000 0.54392
22778.00000 0.54312
22783.00000 0.54247
22788.00000 0.54157
22793.00000 0.54074
22798.00000 0.53974
22803.00000 0.53861
22808.00000 0.53815
22813.00000 0.53711
22818.00000 0.53581
22823.00000 0.5353
22828.00000 0.53404
22833.00000 0.53293
22838.00000 0.53235
22843.00000 0.53127
22848.00000 0.5304
22854.00000 0.52953
22859.00000 0.52892
22864.00000 0.52782
22869.00000 0.52628
22874.00000 0.52609
22879.00000 0.5253
22884.00000 0.5238
22889.00000 0.52311
22894.00000 0.52209
22899.00000 0.52125
22904.00000 0.52102
22909.00000 0.52007
22914.00000 0.51864
22919.00000 0.5172
22924.00000 0.51642
22929.00000 0.51651
22934.00000 0.51576
22939.00000 0.5143
22945.00000 0.51368
22950.00000 0.51314
22955.00000 0.5119
22960.00000 0.51074
22965.00000 0.50999
22970.00000 0.5092
22975.00000 0.50827
22980.00000 0.50745
22985.00000 0.50656
22990.00000 0.50603
22995.00000 0.50557
23001.00000 0.50451
23006.00000 0.50382
23011.00000 0.50342
23016.00000 0.50243
23021.00000 0.50137
23026.00000 0.50034
23031.00000 0.4993
23036.00000 0.49883
23041.00000 0.49888
23047.00000 0.4983
23052.00000 0.49701
23057.00000 0.49625
23062.00000 0.49574
23067.00000 0.49504
23072.00000 0.49488
23077.00000 0.49407
23082.00000 0.49265
23087.00000 0.49235
23093.00000 0.49218
23098.00000 0.49154
23103.00000 0.49106
23108.00000 0.49039
23113.00000 0.48994
23118.00000 0.48967
23124.00000 0.4889
23129.00000 0.48823
23134.00000 0.48806
23139.00000 0.48765
23144.00000 0.48719
23149.00000 0.48697
23154.00000 0.48666
23160.00000 0.48658
23165.00000 0.48583
23170.00000 0.48497
23175.00000 0.48514
23180.00000 0.48491
23186.00000 0.48482
23191.00000 0.48489
23196.00000 0.48415
23201.00000 0.48396
23206.00000 0.4837
23212.00000 0.48323
23217.00000 0.48314
23222.00000 0.48294
23227.00000 0.48307
23232.00000 0.48266
23238.00000 0.48243
23243.00000 0.48299
23248.00000 0.4825
23253.00000 0.48241
23258.00000 0.48303
23264.00000 0.48248
23269.00000 0.4824
23274.00000 0.4831
23279.00000 0.48268
23284.00000 0.48243
23290.00000 0.48292
23295.00000 0.48271
23300.00000 0.48286
23305.00000 0.4833
23311.00000 0.48299
23316.00000 0.48311
23321.00000 0.48393
23326.00000 0.48422
23332.00000 0.4842
23337.00000 0.48477
23342.00000 0.48493
23347.00000 0.48453
23353.00000 0.4851
23358.00000 0.48573
23363.00000 0.48575
23368.00000 0.48629
23374.00000 0.48728
23379.00000 0.48757
23384.00000 0.48769
23389.00000 0.48833
23395.00000 0.48866
23400.00000 0.48897
23405.00000 0.48941
23411.00000 0.49002
23416.00000 0.49103
23421.00000 0.49144
23426.00000 0.49132
23432.00000 0.49171
23437.00000 0.49271
23442.00000 0.49366
23448.00000 0.49428
23453.00000 0.49481
23458.00000 0.49585
23464.00000 0.49699
23469.00000 0.49713
23474.00000 0.49758
23480.00000 0.49873
23485.00000 0.49932
23490.00000 0.50004
23496.00000 0.50063
23501.00000 0.50157
23506.00000 0.50281
23512.00000 0.50326
23517.00000 0.5048
23522.00000 0.50615
23528.00000 0.50634
23533.00000 0.50793
23538.00000 0.5091
23544.00000 0.50956
23549.00000 0.51105
23554.00000 0.51187
23560.00000 0.51272
23565.00000 0.51417
23570.00000 0.51504
23576.00000 0.51609
23581.00000 0.5175
23586.00000 0.51908
23592.00000 0.52084
23597.00000 0.52209
23602.00000 0.52324
23608.00000 0.52441
23613.00000 0.52546
23619.00000 0.52678
23624.00000 0.52829
23629.00000 0.52991
23635.00000 0.53144
23640.00000 0.53292
23646.00000 0.53457
23651.00000 0.53604
23656.00000 0.53722
23662.00000 0.53858
23667.00000 0.54034
23672.00000 0.54211
23678.00000 0.54321
23683.00000 0.54441
23689.00000 0.54644
23694.00000 0.54825
23700.00000 0.55006
23705.00000 0.55192
23710.00000 0.55339
23716.00000 0.55539
23721.00000 0.55701
23727.00000 0.55821
23732.00000 0.56039
23737.00000 0.56267
23743.00000 0.5643
23748.00000 0.56611
23754.00000 0.56805
23759.00000 0.56949
23765.00000 0.57168
23770.00000 0.57426
23776.00000 0.57588
23781.00000 0.57813
23786.00000 0.58057
23792.00000 0.58255
23797.00000 0.58504
23803.00000 0.58702
23808.00000 0.58866
23814.00000 0.59055
23819.00000 0.59233
23825.00000 0.5946
23830.00000 0.59756
23836.00000 0.59982
23841.00000 0.60166
23847.00000 0.60436
23852.00000 0.60639
23858.00000 0.60842
23863.00000 0.61145
23869.00000 0.61378
23874.00000 0.61629
23880.00000 0.61923
23885.00000 0.62119
23891.00000 0.62291
23896.00000 0.62477
23902.00000 0.62751
23907.00000 0.63081
23913.00000 0.63286
23918.00000 0.6352
23924.00000 0.6382
23929.00000 0.64054
23935.00000 0.64306
23940.00000 0.64643
23946.00000 0.65007
23951.00000 0.65316
23957.00000 0.65547
23962.00000 0.6575
23968.00000 0.65935
23974.00000 0.662
23979.00000 0.66611
23984.00000 0.66947
23990.00000 0.67177
23996.00000 0.67471
24001.00000 0.67614
24007.00000 0.6771
24012.00000 0.68065
24018.00000 0.68373
24023.00000 0.68607
24029.00000 0.68894
24035.00000 0.69186
24040.00000 0.69618
24046.00000 0.70152
24051.00000 0.70497
24057.00000 0.70769
24063.00000 0.71015
24068.00000 0.71122
24074.00000 0.71299
24079.00000 0.7157
24085.00000 0.719
24090.00000 0.72337
24096.00000 0.72784
24102.00000 0.73079
24107.00000 0.73183
24113.00000 0.73385
24118.00000 0.7371
24124.00000 0.73957
24130.00000 0.74346
24135.00000 0.74853
24141.00000 0.75307
24146.00000 0.75628
24152.00000 0.75759
24158.00000 0.75877
24163.00000 0.75999
24169.00000 0.76184
24175.00000 0.76504
24180.00000 0.76882
24186.00000 0.7722
24192.00000 0.77393
24197.00000 0.77591
24203.00000 0.7804
24209.00000 0.78424
24214.00000 0.78963
24220.00000 0.79582
24225.00000 0.7988
24231.00000 0.8024
24237.00000 0.80584
24242.00000 0.8086
24248.00000 0.81152
24254.00000 0.81438
24260.00000 0.81583
24265.00000 0.81579
24271.00000 0.81559
24276.00000 0.81658
24282.00000 0.81939
24288.00000 0.82384
24294.00000 0.828
24299.00000 0.83227
24305.00000 0.8359
24311.00000 0.83569
24316.00000 0.83613
24322.00000 0.83939
24328.00000 0.84158
24334.00000 0.84826
24339.00000 0.85562
24345.00000 0.85528
24351.00000 0.85443
24356.00000 0.85766
24362.00000 0.86125
24368.00000 0.8661
24374.00000 0.87179
24379.00000 0.87309
24385.00000 0.86949
24391.00000 0.86752
24396.00000 0.87006
24402.00000 0.87399
24408.00000 0.88021
24414.00000 0.88548
24419.00000 0.88501
24425.00000 0.88471
24431.00000 0.88853
24437.00000 0.89229
24442.00000 0.89439
24448.00000 0.89577
24454.00000 0.89537
24460.00000 0.89534
24465.00000 0.89801
24471.00000 0.90215
24477.00000 0.90602
24483.00000 0.90752
24489.00000 0.90682
24494.00000 0.90702
24500.00000 0.90796
24506.00000 0.90917
24512.00000 0.91161
24518.00000 0.91361
24523.00000 0.91512
24529.00000 0.9213
24535.00000 0.92757
24541.00000 0.92966
24547.00000 0.93114
24552.00000 0.92718
24558.00000 0.92373
24564.00000 0.92361
24570.00000 0.92417
24576.00000 0.92502
24581.00000 0.925
24587.00000 0.92572
24593.00000 0.92789
24599.00000 0.93024
24605.00000 0.93276
24611.00000 0.93534
24616.00000 0.93636
24622.00000 0.93705
24628.00000 0.93845
24634.00000 0.93893
24640.00000 0.93746
24646.00000 0.93719
24652.00000 0.93744
24657.00000 0.93695
24663.00000 0.9376
24669.00000 0.93873
24675.00000 0.94007
24681.00000 0.9406
24687.00000 0.93932
24693.00000 0.93837
24699.00000 0.939
24704.00000 0.94024
24710.00000 0.94112
24716.00000 0.94306
24722.00000 0.94459
24728.00000 0.94215
24734.00000 0.94025
24740.00000 0.9428
24746.00000 0.94493
24752.00000 0.94639
24757.00000 0.94782
24763.00000 0.94402
24769.00000 0.94012
24775.00000 0.94021
24781.00000 0.94106
24787.00000 0.94096
24793.00000 0.94062
24799.00000 0.93962
24805.00000 0.93824
24811.00000 0.93753
24817.00000 0.93693
24823.00000 0.93664
24829.00000 0.93674
24835.00000 0.93709
24841.00000 0.93914
24846.00000 0.93941
24852.00000 0.93653
24858.00000 0.93589
24864.00000 0.93725
24870.00000 0.93812
24876.00000 0.93988
24882.00000 0.93955
24888.00000 0.93582
24894.00000 0.93368
24900.00000 0.93434
24906.00000 0.9349
24912.00000 0.9347
24918.00000 0.93391
24924.00000 0.93149
24930.00000 0.92857
24936.00000 0.92678
24942.00000 0.92742
24948.00000 0.92841
24954.00000 0.92679
24960.00000 0.92529
24966.00000 0.92492
24972.00000 0.92405
24978.00000 0.92591
24984.00000 0.92732
24990.00000 0.92539
24996.00000 0.9238
25002.00000 0.92249
25008.00000 0.92125
25014.00000 0.92156
25020.00000 0.92294
25026.00000 0.9242
25032.00000 0.92282
25038.00000 0.9196
25045.00000 0.9174
25050.00000 0.91577
25057.00000 0.91528
25063.00000 0.91522
25069.00000 0.91475
25075.00000 0.91561
25081.00000 0.91749
25087.00000 0.91778
25093.00000 0.91584
25099.00000 0.91426
25105.00000 0.9137
25111.00000 0.91366
25117.00000 0.91333
25123.00000 0.91276
25129.00000 0.91072
25136.00000 0.90819
25142.00000 0.90868
25148.00000 0.91108
25154.00000 0.91233
25160.00000 0.91261
25166.00000 0.91264
25172.00000 0.91124
25178.00000 0.90887
25184.00000 0.90797
25190.00000 0.90902
25197.00000 0.90955
25203.00000 0.90949
25209.00000 0.91229
25215.00000 0.91421
25221.00000 0.91223
25227.00000 0.9092
25233.00000 0.90815
25240.00000 0.90932
25246.00000 0.91037
25252.00000 0.91376
25258.00000 0.91575
25264.00000 0.91349
25270.00000 0.91156
25276.00000 0.90772
25283.00000 0.90395
25289.00000 0.904
25295.00000 0.906
25301.00000 0.90803
25307.00000 0.91005
25313.00000 0.9182
25320.00000 0.92021
25326.00000 0.91603
25332.00000 0.9171
25338.00000 0.90991
25344.00000 0.90384
25351.00000 0.90254
25357.00000 0.90335
25363.00000 0.90949
25369.00000 0.90697
25375.00000 0.90421
25382.00000 0.90877
25388.00000 0.9094
25394.00000 0.90807
25400.00000 0.9062
25406.00000 0.90566
25413.00000 0.90645
25419.00000 0.90455
25425.00000 0.91007
25431.00000 0.91357
25438.00000 0.90556
25444.00000 0.90458
25450.00000 0.90661
25456.00000 0.90509
25463.00000 0.9041
25469.00000 0.90651
25475.00000 0.91623
25481.00000 0.91761
25488.00000 0.91326
25494.00000 0.9113
25500.00000 0.90738
25506.00000 0.91389
25513.00000 0.91276
25519.00000 0.90471
25525.00000 0.91534
25532.00000 0.918
25538.00000 0.90969
25544.00000 0.91194
25550.00000 0.91401
25557.00000 0.91305
25563.00000 0.91245
25569.00000 0.90869
25576.00000 0.91004
25582.00000 0.91204
25588.00000 0.90989
25595.00000 0.91464
25601.00000 0.91444
25607.00000 0.92294
25614.00000 0.93078
25620.00000 0.92217
25626.00000 0.93586
25633.00000 0.9322
25639.00000 0.919
25645.00000 0.93455
25652.00000 0.92481
25658.00000 0.91462
25664.00000 0.92021
25671.00000 0.91572
25677.00000 0.91984
25683.00000 0.92039
25690.00000 0.92016
25696.00000 0.93263
25702.00000 0.92889
25709.00000 0.92046
25715.00000 0.92638
25721.00000 0.92267
25728.00000 0.93184
25734.00000 0.95142
25741.00000 0.9333
25747.00000 0.92667
25754.00000 0.93204
25760.00000 0.92098
25766.00000 0.93785
25773.00000 0.95092
25779.00000 0.93021
25786.00000 0.92529
25792.00000 0.92972
25798.00000 0.92169
25805.00000 0.92719
25811.00000 0.94002
25818.00000 0.93191
25824.00000 0.92483
25830.00000 0.92882
25837.00000 0.93611
25843.00000 0.93976
25850.00000 0.93227
25856.00000 0.928
25863.00000 0.92988
25869.00000 0.93869
25875.00000 0.94222
25882.00000 0.92827
25889.00000 0.93168
25895.00000 0.94134
25901.00000 0.9342
25908.00000 0.93675
25914.00000 0.93623
25921.00000 0.93997
25927.00000 0.94843
25934.00000 0.93126
25940.00000 0.94424
25947.00000 0.96728
25953.00000 0.94201
25960.00000 0.93362
25966.00000 0.93373
25973.00000 0.92862
25979.00000 0.93457
25986.00000 0.92827
25992.00000 0.92642
25999.00000 0.92932
26005.00000 0.92488
26012.00000 0.93391
26018.00000 0.93954
26025.00000 0.92673
26031.00000 0.93068
26038.00000 0.94286
26044.00000 0.93162
26051.00000 0.9344
26058.00000 0.94559
26064.00000 0.93214
26071.00000 0.93366
26077.00000 0.94102
26084.00000 0.92303
26090.00000 0.92101
26097.00000 0.93311
26103.00000 0.92562
26110.00000 0.92108
26117.00000 0.92322
26123.00000 0.9247
26130.00000 0.93339
26136.00000 0.93112
26143.00000 0.92347
26150.00000 0.92487
26156.00000 0.92173
26163.00000 0.92619
26169.00000 0.93797
26176.00000 0.93021
26183.00000 0.92128
26189.00000 0.91836
26196.00000 0.9163
26202.00000 0.92511
26209.00000 0.9252
26216.00000 0.91631
26222.00000 0.9148
26229.00000 0.91222
26236.00000 0.9081
26242.00000 0.90799
26249.00000 0.90855
26256.00000 0.90703
26262.00000 0.91408
26269.00000 0.91993
26275.00000 0.90892
26282.00000 0.90424
26289.00000 0.90861
26295.00000 0.90899
26302.00000 0.91366
26309.00000 0.9144
26315.00000 0.90672
26322.00000 0.90285
26329.00000 0.90133
26335.00000 0.90375
26342.00000 0.90614
26349.00000 0.90336
26356.00000 0.90481
26362.00000 0.90711
26369.00000 0.90601
26376.00000 0.90104
26382.00000 0.89625
26389.00000 0.89412
26396.00000 0.89224
26402.00000 0.89303
26409.00000 0.89206
26416.00000 0.89477
26423.00000 0.89753
26430.00000 0.89003
26436.00000 0.88931
26443.00000 0.88925
26450.00000 0.88807
26456.00000 0.89708
26463.00000 0.89429
26470.00000 0.88669
26477.00000 0.88558
26483.00000 0.88363
26490.00000 0.88577
26497.00000 0.88636
26504.00000 0.89087
26511.00000 0.8944
26517.00000 0.89437
26524.00000 0.90088
26531.00000 0.89482
26538.00000 0.88261
26544.00000 0.88212
26551.00000 0.88937
26558.00000 0.88974
26565.00000 0.88146
26572.00000 0.88157
26579.00000 0.88314
26585.00000 0.87782
26592.00000 0.88389
26599.00000 0.8909
26606.00000 0.88083
