threeML/data/optical_filters/AKARI/IRC-S9W.ecsv
# %ECSV 0.9
# ---
# datatype:
# - {name: wavelength, unit: Angstrom, datatype: float32}
# - {name: response, datatype: float32}
# meta: !!omap
# - {band_name: S9W}
# - {group_name: IRC}
wavelength response
[from data line 743]
68185.00000 0.38543
68230.00000 0.38672
68275.00000 0.38852
68320.00000 0.38642
68365.00000 0.3862
68410.00000 0.38741
68455.00000 0.38686
68500.00000 0.38846
68545.00000 0.38847
68591.00000 0.38885
68636.00000 0.39148
68682.00000 0.3895
68727.00000 0.38741
68773.00000 0.38767
68818.00000 0.38693
68864.00000 0.38719
68910.00000 0.38752
68956.00000 0.38651
69001.00000 0.3864
69047.00000 0.3868
69093.00000 0.3858
69139.00000 0.38465
69186.00000 0.38458
69232.00000 0.38399
69278.00000 0.38295
69324.00000 0.38263
69371.00000 0.38159
69417.00000 0.38085
69464.00000 0.38098
69510.00000 0.37929
69557.00000 0.3805
69603.00000 0.38329
69650.00000 0.37984
69697.00000 0.37763
69744.00000 0.37863
69791.00000 0.37797
69838.00000 0.37763
69885.00000 0.3777
69932.00000 0.37843
69979.00000 0.37779
70026.00000 0.37674
70074.00000 0.37776
70121.00000 0.37757
70169.00000 0.3786
70216.00000 0.37996
70264.00000 0.3794
70311.00000 0.3798
70359.00000 0.37894
70407.00000 0.38117
70455.00000 0.38516
70503.00000 0.38289
70550.00000 0.38261
70598.00000 0.38462
70647.00000 0.3845
70695.00000 0.3863
70743.00000 0.38821
70791.00000 0.38955
70840.00000 0.39094
70888.00000 0.39276
70937.00000 0.39516
70985.00000 0.39677
71034.00000 0.39887
71082.00000 0.40043
71131.00000 0.40241
71180.00000 0.40566
71229.00000 0.40715
71278.00000 0.40907
71327.00000 0.41169
71376.00000 0.4133
71425.00000 0.4169
71474.00000 0.42029
71524.00000 0.4211
71573.00000 0.42284
71622.00000 0.42524
71672.00000 0.4284
71721.00000 0.43178
71771.00000 0.43372
71821.00000 0.43704
71871.00000 0.44217
71920.00000 0.44625
71970.00000 0.44845
72020.00000 0.45329
72070.00000 0.45913
72120.00000 0.46002
72171.00000 0.46241
72221.00000 0.46734
72271.00000 0.47061
72322.00000 0.47403
72372.00000 0.47712
72423.00000 0.48038
72473.00000 0.48413
72524.00000 0.48777
72575.00000 0.49141
72625.00000 0.49471
72676.00000 0.49843
72727.00000 0.50232
72778.00000 0.50603
72829.00000 0.50935
72881.00000 0.51315
72932.00000 0.51723
72983.00000 0.51993
73035.00000 0.52413
73086.00000 0.52828
73138.00000 0.5304
73189.00000 0.5343
73241.00000 0.53698
73293.00000 0.53964
73345.00000 0.54459
73396.00000 0.54742
73448.00000 0.55089
73500.00000 0.55481
73553.00000 0.55741
73605.00000 0.56106
73657.00000 0.56376
73709.00000 0.56639
73762.00000 0.57036
73814.00000 0.57395
73867.00000 0.57699
73920.00000 0.58002
73972.00000 0.58282
74025.00000 0.58561
74078.00000 0.58914
74131.00000 0.5918
74184.00000 0.59378
74237.00000 0.59659
74290.00000 0.5998
74344.00000 0.6025
74397.00000 0.60424
74450.00000 0.60637
74504.00000 0.60898
74557.00000 0.61111
74611.00000 0.61364
74665.00000 0.61594
74718.00000 0.61751
74772.00000 0.61949
74826.00000 0.6212
74880.00000 0.62243
74934.00000 0.62377
74989.00000 0.62529
75043.00000 0.62736
75097.00000 0.62838
75152.00000 0.62931
75206.00000 0.63113
75261.00000 0.63194
75315.00000 0.63299
75370.00000 0.63397
75425.00000 0.63432
75480.00000 0.63496
75535.00000 0.63516
75590.00000 0.63559
75645.00000 0.63602
75700.00000 0.63692
75755.00000 0.63856
75811.00000 0.63834
75866.00000 0.63806
75922.00000 0.63887
75977.00000 0.63882
76033.00000 0.6393
76089.00000 0.64022
76145.00000 0.64084
76201.00000 0.64126
76257.00000 0.64132
76313.00000 0.64207
76369.00000 0.64288
76425.00000 0.64348
76482.00000 0.64397
76538.00000 0.64378
76595.00000 0.6439
76651.00000 0.64444
76708.00000 0.64509
76765.00000 0.64516
76822.00000 0.64534
76879.00000 0.64637
76936.00000 0.64654
76993.00000 0.64701
77050.00000 0.64747
77107.00000 0.64713
77165.00000 0.64774
77222.00000 0.64835
77280.00000 0.64859
77337.00000 0.6487
77395.00000 0.64905
77453.00000 0.65042
77511.00000 0.65086
77569.00000 0.65177
77627.00000 0.65379
77685.00000 0.6545
77743.00000 0.65551
77801.00000 0.65666
77860.00000 0.6573
77918.00000 0.65879
77977.00000 0.66097
78035.00000 0.66327
78094.00000 0.66451
78153.00000 0.66647
78212.00000 0.66915
78271.00000 0.66978
78330.00000 0.67155
78389.00000 0.67469
78449.00000 0.67687
78508.00000 0.67887
78568.00000 0.68127
78627.00000 0.68451
78687.00000 0.68687
78747.00000 0.68894
78806.00000 0.69255
78866.00000 0.69533
78926.00000 0.69774
78986.00000 0.70057
79047.00000 0.70264
79107.00000 0.70549
79167.00000 0.70921
79228.00000 0.71214
79288.00000 0.71465
79349.00000 0.71789
79410.00000 0.72099
79471.00000 0.72352
79532.00000 0.7268
79593.00000 0.7298
79654.00000 0.73296
79715.00000 0.73703
79776.00000 0.74013
79838.00000 0.74377
79899.00000 0.74794
79961.00000 0.75097
80023.00000 0.75455
80084.00000 0.75637
80146.00000 0.75684
80208.00000 0.75959
80270.00000 0.76196
80332.00000 0.76281
80395.00000 0.76436
80457.00000 0.76642
80520.00000 0.76822
80582.00000 0.76903
80645.00000 0.77045
80708.00000 0.77197
80770.00000 0.77257
80833.00000 0.77378
80896.00000 0.7748
80960.00000 0.7757
81023.00000 0.77714
81086.00000 0.77833
81150.00000 0.77877
81213.00000 0.77911
81277.00000 0.7804
81341.00000 0.78101
81404.00000 0.78165
81468.00000 0.78306
81532.00000 0.78341
81597.00000 0.78437
81661.00000 0.78643
81725.00000 0.78739
81790.00000 0.78811
81854.00000 0.78879
81919.00000 0.78927
81984.00000 0.79023
82048.00000 0.79062
82113.00000 0.79131
82178.00000 0.79275
82244.00000 0.79312
82309.00000 0.79317
82374.00000 0.79466
82440.00000 0.79686
82505.00000 0.79771
82571.00000 0.79813
82637.00000 0.7988
82703.00000 0.79948
82769.00000 0.80079
82835.00000 0.80148
82901.00000 0.8026
82967.00000 0.80473
83034.00000 0.80584
83100.00000 0.80698
83167.00000 0.80848
83234.00000 0.80989
83301.00000 0.81095
83368.00000 0.81135
83435.00000 0.81287
83502.00000 0.8141
83569.00000 0.81474
83636.00000 0.81648
83704.00000 0.81743
83772.00000 0.81784
83839.00000 0.81994
83907.00000 0.82208
83975.00000 0.82234
84043.00000 0.82308
84111.00000 0.82478
84180.00000 0.82508
84248.00000 0.8258
84316.00000 0.8277
84385.00000 0.82879
84454.00000 0.82971
84523.00000 0.83045
84592.00000 0.83087
84661.00000 0.83171
84730.00000 0.83238
84799.00000 0.83297
84868.00000 0.83368
84938.00000 0.83384
85008.00000 0.83445
85077.00000 0.83612
85147.00000 0.83689
85217.00000 0.83805
85287.00000 0.83907
85357.00000 0.83866
85428.00000 0.83951
85498.00000 0.84172
85569.00000 0.84215
85639.00000 0.84247
85710.00000 0.84422
85781.00000 0.84509
85852.00000 0.84513
85923.00000 0.84605
85994.00000 0.84698
86066.00000 0.84656
86137.00000 0.84722
86209.00000 0.84907
86281.00000 0.84867
86352.00000 0.84848
86424.00000 0.85068
86496.00000 0.85134
86569.00000 0.85106
86641.00000 0.85262
86713.00000 0.85366
86786.00000 0.85337
86859.00000 0.85437
86931.00000 0.85591
87004.00000 0.85642
87077.00000 0.85804
87151.00000 0.85995
87224.00000 0.86059
87297.00000 0.86246
87371.00000 0.86444
87444.00000 0.86566
87518.00000 0.86769
87592.00000 0.86914
87666.00000 0.87061
87740.00000 0.87321
87815.00000 0.87569
87889.00000 0.87836
87964.00000 0.88041
88038.00000 0.88202
88113.00000 0.88469
88188.00000 0.88702
88263.00000 0.88867
88338.00000 0.89087
88414.00000 0.89279
88489.00000 0.89454
88565.00000 0.89667
88640.00000 0.89905
88716.00000 0.90111
88792.00000 0.90314
88868.00000 0.90561
88944.00000 0.90735
89021.00000 0.90971
89097.00000 0.91379
89174.00000 0.91756
89251.00000 0.91976
89327.00000 0.9219
89404.00000 0.92463
89482.00000 0.92717
89559.00000 0.9306
89636.00000 0.93322
89714.00000 0.93516
89791.00000 0.93865
89869.00000 0.94153
89947.00000 0.94525
90025.00000 0.94944
90104.00000 0.95201
90182.00000 0.95504
90260.00000 0.95664
90339.00000 0.95844
90418.00000 0.96144
90497.00000 0.96247
90576.00000 0.96294
90655.00000 0.96449
90734.00000 0.96601
90814.00000 0.96613
90893.00000 0.96679
90973.00000 0.96773
91053.00000 0.96694
91133.00000 0.96708
91213.00000 0.96769
91293.00000 0.96676
91374.00000 0.966
91454.00000 0.96722
91535.00000 0.96851
91616.00000 0.96757
91697.00000 0.9674
91778.00000 0.9674
91859.00000 0.96589
91941.00000 0.96551
92022.00000 0.96521
92104.00000 0.96331
92186.00000 0.96125
92268.00000 0.96021
92350.00000 0.96006
92432.00000 0.95879
92515.00000 0.95684
92597.00000 0.95716
92680.00000 0.95692
92763.00000 0.95411
92846.00000 0.95348
92929.00000 0.95407
93013.00000 0.95183
93096.00000 0.94965
93180.00000 0.94893
93264.00000 0.94775
93348.00000 0.94745
93432.00000 0.94823
93516.00000 0.94743
93600.00000 0.94527
93685.00000 0.94489
93770.00000 0.9453
93854.00000 0.94438
93939.00000 0.94417
94025.00000 0.94382
94110.00000 0.94278
94195.00000 0.94359
94281.00000 0.94416
94367.00000 0.94372
94453.00000 0.94237
94539.00000 0.94192
94625.00000 0.9432
94712.00000 0.94246
94798.00000 0.94291
94885.00000 0.94453
94972.00000 0.94329
95059.00000 0.94338
95146.00000 0.94539
95233.00000 0.94695
95321.00000 0.9481
95409.00000 0.94958
95496.00000 0.95155
95584.00000 0.95354
95673.00000 0.9562
95761.00000 0.95847
95850.00000 0.96002
95938.00000 0.96267
96027.00000 0.9653
96116.00000 0.96654
96205.00000 0.96769
96294.00000 0.97004
96384.00000 0.97159
96474.00000 0.97184
96563.00000 0.97381
96653.00000 0.9766
96744.00000 0.9779
96834.00000 0.97884
96924.00000 0.9799
97015.00000 0.98073
97106.00000 0.98173
97197.00000 0.98296
97288.00000 0.98336
97380.00000 0.98341
97471.00000 0.98486
97563.00000 0.98548
97655.00000 0.98482
97747.00000 0.98614
97839.00000 0.98719
97931.00000 0.98678
98024.00000 0.98761
98117.00000 0.98835
98209.00000 0.98726
98303.00000 0.98582
98396.00000 0.98674
98489.00000 0.98881
98583.00000 0.9888
98677.00000 0.98961
98771.00000 0.99124
98865.00000 0.99108
98959.00000 0.99201
99054.00000 0.99382
99148.00000 0.99457
99243.00000 0.99531
99338.00000 0.99619
99434.00000 0.99592
99529.00000 0.99584
99625.00000 0.99793
99720.00000 0.99952
99816.00000 0.99971
99913.00000 1.0
100009.00000 0.99923
100105.00000 0.99619
100202.00000 0.99384
100299.00000 0.99146
100396.00000 0.98923
100493.00000 0.9859
100591.00000 0.98351
100689.00000 0.9822
100786.00000 0.9782
100884.00000 0.97466
100983.00000 0.97344
101081.00000 0.97146
101180.00000 0.96935
101278.00000 0.96754
101377.00000 0.96519
101477.00000 0.96273
101576.00000 0.96156
101676.00000 0.96078
101775.00000 0.95777
101875.00000 0.95489
101976.00000 0.95384
102076.00000 0.95156
102177.00000 0.94866
102277.00000 0.94793
102378.00000 0.94642
102479.00000 0.94329
102581.00000 0.94096
102682.00000 0.93778
102784.00000 0.93451
102886.00000 0.93234
102988.00000 0.92955
103091.00000 0.92677
103193.00000 0.92422
103296.00000 0.92169
103399.00000 0.91887
103502.00000 0.91496
103606.00000 0.9117
103709.00000 0.90949
103813.00000 0.90514
103917.00000 0.89988
104021.00000 0.89619
104126.00000 0.89191
104230.00000 0.8876
104335.00000 0.8845
104440.00000 0.88036
104546.00000 0.87521
104651.00000 0.87139
104757.00000 0.86754
104863.00000 0.86154
104969.00000 0.85654
105075.00000 0.85504
105182.00000 0.85252
105289.00000 0.85194
105396.00000 0.85296
105503.00000 0.852
105610.00000 0.85072
105718.00000 0.85031
105826.00000 0.85011
105934.00000 0.84923
106042.00000 0.8489
106151.00000 0.84931
106259.00000 0.84793
106368.00000 0.84693
106478.00000 0.84743
106587.00000 0.84715
106697.00000 0.84699
106807.00000 0.84687
106917.00000 0.84618
107027.00000 0.84712
107138.00000 0.84824
107248.00000 0.84786
107359.00000 0.84857
107471.00000 0.84999
107582.00000 0.85143
107694.00000 0.85334
107806.00000 0.85399
107918.00000 0.85469
108030.00000 0.85633
108143.00000 0.85643
108256.00000 0.85705
108369.00000 0.85929
108482.00000 0.85929
108596.00000 0.85882
108710.00000 0.86036
108824.00000 0.86121
108938.00000 0.86261
109053.00000 0.86444
109168.00000 0.86404
109283.00000 0.86363
109398.00000 0.8633
109513.00000 0.8627
109629.00000 0.86254
109745.00000 0.86299
109861.00000 0.8636
109978.00000 0.86179
110095.00000 0.85871
110212.00000 0.85748
110329.00000 0.8548
110446.00000 0.85162
110564.00000 0.84967
110682.00000 0.84728
110800.00000 0.8445
110919.00000 0.84138
111038.00000 0.83771
111157.00000 0.8359
111276.00000 0.8342
111395.00000 0.82999
111515.00000 0.82665
111635.00000 0.82378
111756.00000 0.81989
111876.00000 0.8176
111997.00000 0.81411
112118.00000 0.8086
112239.00000 0.80517
112361.00000 0.80086
112483.00000 0.7946
112605.00000 0.78947
112727.00000 0.78424
112850.00000 0.77751
112973.00000 0.77009
113096.00000 0.76286
113220.00000 0.7546
113343.00000 0.74468
113467.00000 0.73516
113592.00000 0.72474
113716.00000 0.71275
113841.00000 0.70073
113966.00000 0.68751
114092.00000 0.67233
114217.00000 0.65579
114343.00000 0.6381
114469.00000 0.61902
114596.00000 0.59962
114723.00000 0.57982
114850.00000 0.55955
114977.00000 0.5396
115105.00000 0.51859
115232.00000 0.4975
115361.00000 0.47667
115489.00000 0.45562
115618.00000 0.43441
115747.00000 0.41264
115876.00000 0.39073
116006.00000 0.36893
116136.00000 0.34785
116266.00000 0.32753
116396.00000 0.30714
116527.00000 0.28687
116658.00000 0.26718
116790.00000 0.24844
116921.00000 0.23039
117053.00000 0.21269
117186.00000 0.19597
117318.00000 0.18057
117451.00000 0.16604
117584.00000 0.15272
117718.00000 0.14049
117851.00000 0.12862
117985.00000 0.11764
118120.00000 0.10756
118254.00000 0.098194
118389.00000 0.089849
118525.00000 0.081989
118660.00000 0.074745
118796.00000 0.06835
118933.00000 0.062323
119069.00000 0.05696
119206.00000 0.052097
119343.00000 0.04725
119481.00000 0.042922
119618.00000 0.039342
119757.00000 0.036202
119895.00000 0.033261
120034.00000 0.030414
120173.00000 0.027821
120312.00000 0.025494
120452.00000 0.023206
120592.00000 0.021101
120732.00000 0.019577
120873.00000 0.018491
121014.00000 0.017245
121156.00000 0.015609
121297.00000 0.014081
121439.00000 0.01293
121582.00000 0.01185
121724.00000 0.010838
121867.00000 0.010059
122011.00000 0.0093961
122155.00000 0.0086539
122299.00000 0.0078096
122443.00000 0.0070576
122588.00000 0.0064837
122733.00000 0.0060255
122878.00000 0.0056665
123024.00000 0.0052398
123170.00000 0.0046884
123317.00000 0.0044067
123463.00000 0.0044298
123610.00000 0.0041112
123758.00000 0.0033056
123906.00000 0.002664
124054.00000 0.0025158
124203.00000 0.0025041
124352.00000 0.0024099
124501.00000 0.0023594
124650.00000 0.002393
124800.00000 0.0023252
124951.00000 0.0018846
125102.00000 0.0012533
125253.00000 0.0010302
125404.00000 0.0013007
125556.00000 0.0016035
125708.00000 0.0015757
125861.00000 0.0011707
126014.00000 0.0007422
126167.00000 0.00069602
126321.00000 0.00096412
126475.00000 0.0012294
126629.00000 0.0013354
126784.00000 0.0013594
126939.00000 0.001391
127095.00000 0.0012603
127251.00000 0.00083599
127407.00000 0.00046254
127564.00000 0.00038777
127721.00000 0.00030852
127878.00000 0.00022547
128036.00000 0.00049925
128194.00000 0.00085722
128353.00000 0.00086436
128512.00000 0.00071308
128671.00000 0.000591
128831.00000 0.00035658
128992.00000 0.0001014
129152.00000 7.2773e-05
129313.00000 0.00022794
129475.00000 0.00041864
129636.00000 0.00053008
129799.00000 0.00039927
129961.00000 0.00010347
130124.00000 0.0
