threeML/data/optical_filters/AKARI/IRC-N3.ecsv
# %ECSV 0.9
# ---
# datatype:
# - {name: wavelength, unit: Angstrom, datatype: float32}
# - {name: response, datatype: float32}
# meta: !!omap
# - {band_name: N3}
# - {group_name: IRC}
wavelength response
22260.59961 0.0
24734.00000 0.0020142
24740.00000 0.0020437
24746.00000 0.0020571
24752.00000 0.002007
24757.00000 0.0019952
24763.00000 0.0021464
24769.00000 0.002072
24775.00000 0.0022364
24781.00000 0.0023517
24787.00000 0.0020993
24793.00000 0.0023002
24799.00000 0.0025381
24805.00000 0.0025813
24811.00000 0.0025722
24817.00000 0.002379
24823.00000 0.0024252
24829.00000 0.0024807
24835.00000 0.0024175
24841.00000 0.0023168
24846.00000 0.0021692
24852.00000 0.0024729
24858.00000 0.002583
24864.00000 0.0023425
24870.00000 0.002596
24876.00000 0.0029081
24882.00000 0.0028354
24888.00000 0.0026882
24894.00000 0.0028416
24900.00000 0.0028744
24906.00000 0.0026915
24912.00000 0.0028889
24918.00000 0.0031061
24924.00000 0.0034021
24930.00000 0.0034404
24936.00000 0.0031461
24942.00000 0.0034937
24948.00000 0.0035125
24954.00000 0.0031462
24960.00000 0.0036553
24966.00000 0.0036787
24972.00000 0.0032899
24978.00000 0.0037126
24984.00000 0.0038679
24990.00000 0.0036235
24996.00000 0.0036548
25002.00000 0.0038347
25008.00000 0.0040907
25014.00000 0.0040144
25020.00000 0.0038985
25026.00000 0.0041152
25032.00000 0.0042459
25038.00000 0.004262
25045.00000 0.0042781
25050.00000 0.0044842
25057.00000 0.004531
25063.00000 0.0044218
25069.00000 0.00473
25075.00000 0.0049952
25081.00000 0.0047878
25087.00000 0.0046372
25093.00000 0.0047602
25099.00000 0.0045516
25105.00000 0.004758
25111.00000 0.0054641
25117.00000 0.0051864
25123.00000 0.004908
25129.00000 0.0051894
25136.00000 0.0053556
25142.00000 0.0056799
25148.00000 0.0055881
25154.00000 0.0055386
25160.00000 0.0057832
25166.00000 0.0057639
25172.00000 0.0060151
25178.00000 0.0060549
25184.00000 0.0059747
25190.00000 0.0063822
25197.00000 0.0063627
25203.00000 0.0061968
25209.00000 0.0065616
25215.00000 0.0066584
25221.00000 0.0066204
25227.00000 0.0069298
25233.00000 0.0070776
25240.00000 0.00709
25246.00000 0.0070713
25252.00000 0.0070783
25258.00000 0.007506
25264.00000 0.0079693
25270.00000 0.0080435
25276.00000 0.0080189
25283.00000 0.0080266
25289.00000 0.0081287
25295.00000 0.0079265
25301.00000 0.0079559
25307.00000 0.0086006
25313.00000 0.0087088
25320.00000 0.0087281
25326.00000 0.0092164
25332.00000 0.0093355
25338.00000 0.0093196
25344.00000 0.009401
25351.00000 0.0096398
25357.00000 0.0098051
25363.00000 0.0096092
25369.00000 0.0099029
25375.00000 0.010374
25382.00000 0.010386
25388.00000 0.010508
25394.00000 0.010513
25400.00000 0.010668
25406.00000 0.011162
25413.00000 0.011145
25419.00000 0.010977
25425.00000 0.011258
25431.00000 0.011707
25438.00000 0.011939
25444.00000 0.012086
25450.00000 0.012337
25456.00000 0.012508
25463.00000 0.012993
25469.00000 0.013387
25475.00000 0.013236
25481.00000 0.0136
25488.00000 0.013969
25494.00000 0.013997
25500.00000 0.014358
25506.00000 0.014405
25513.00000 0.014367
25519.00000 0.014808
25525.00000 0.015161
25532.00000 0.0154
25538.00000 0.01574
25544.00000 0.016
25550.00000 0.016161
25557.00000 0.016373
25563.00000 0.016782
25569.00000 0.016996
25576.00000 0.017068
25582.00000 0.01754
25588.00000 0.017867
25595.00000 0.017982
25601.00000 0.018461
25607.00000 0.019252
25614.00000 0.019576
25620.00000 0.019584
25626.00000 0.02023
25633.00000 0.020512
25639.00000 0.020791
25645.00000 0.021736
25652.00000 0.021579
25658.00000 0.021493
25664.00000 0.022202
25671.00000 0.022436
25677.00000 0.022885
25683.00000 0.023582
25690.00000 0.023982
25696.00000 0.024435
25702.00000 0.024794
25709.00000 0.025098
25715.00000 0.025641
25721.00000 0.026185
25728.00000 0.02705
25734.00000 0.028042
25741.00000 0.027953
25747.00000 0.028145
25754.00000 0.029069
25760.00000 0.029461
25766.00000 0.03024
25773.00000 0.031154
25779.00000 0.031286
25786.00000 0.031612
25792.00000 0.032332
25798.00000 0.032865
25805.00000 0.033336
25811.00000 0.034438
25818.00000 0.035288
25824.00000 0.035555
25830.00000 0.036411
25837.00000 0.037445
25843.00000 0.038158
25850.00000 0.038674
25856.00000 0.039237
25863.00000 0.040255
25869.00000 0.041446
25875.00000 0.042354
25882.00000 0.042589
25889.00000 0.043305
25895.00000 0.044722
25901.00000 0.045382
25908.00000 0.046299
25914.00000 0.047524
25921.00000 0.048751
25927.00000 0.050144
25934.00000 0.050365
25940.00000 0.051994
25947.00000 0.054494
25953.00000 0.054351
25960.00000 0.055005
25966.00000 0.056176
25973.00000 0.056845
25979.00000 0.058408
25986.00000 0.059525
25992.00000 0.060647
25999.00000 0.0619
26005.00000 0.063166
26012.00000 0.065232
26018.00000 0.066897
26025.00000 0.067937
26031.00000 0.069713
26038.00000 0.07187
26044.00000 0.072843
26051.00000 0.074667
26058.00000 0.077107
26064.00000 0.077567
26071.00000 0.079756
26077.00000 0.082572
26084.00000 0.082421
26090.00000 0.084286
26097.00000 0.087673
26103.00000 0.088859
26110.00000 0.090652
26117.00000 0.092927
26123.00000 0.095012
26130.00000 0.098288
26136.00000 0.10065
26143.00000 0.10203
26150.00000 0.10446
26156.00000 0.107
26163.00000 0.11003
26169.00000 0.114
26176.00000 0.11617
26183.00000 0.11777
26189.00000 0.12023
26196.00000 0.12294
26202.00000 0.12712
26209.00000 0.13066
26216.00000 0.13252
26222.00000 0.13528
26229.00000 0.13844
26236.00000 0.14109
26242.00000 0.14444
26249.00000 0.14846
26256.00000 0.15185
26262.00000 0.15678
26269.00000 0.16206
26275.00000 0.16391
26282.00000 0.1668
26289.00000 0.17182
26295.00000 0.17633
26302.00000 0.18203
26309.00000 0.18673
26315.00000 0.18954
26322.00000 0.19347
26329.00000 0.19788
26335.00000 0.20365
26342.00000 0.20951
26349.00000 0.21362
26356.00000 0.21944
26362.00000 0.22556
26369.00000 0.23024
26376.00000 0.23465
26382.00000 0.23934
26389.00000 0.2445
26396.00000 0.25016
26402.00000 0.25646
26409.00000 0.26186
26416.00000 0.26903
26423.00000 0.27664
26430.00000 0.28042
26436.00000 0.28683
26443.00000 0.29397
26450.00000 0.30006
26456.00000 0.31008
26463.00000 0.31635
26470.00000 0.32006
26477.00000 0.32678
26483.00000 0.33386
26490.00000 0.34183
26497.00000 0.34926
26504.00000 0.35849
26511.00000 0.36715
26517.00000 0.37484
26524.00000 0.38571
26531.00000 0.39059
26538.00000 0.39243
26544.00000 0.39984
26551.00000 0.41078
26558.00000 0.41867
26565.00000 0.42241
26572.00000 0.42979
26579.00000 0.43814
26585.00000 0.44289
26592.00000 0.45312
26599.00000 0.4643
26606.00000 0.46641
26613.00000 0.47395
26619.00000 0.48524
26626.00000 0.48985
26633.00000 0.49463
26640.00000 0.50042
26647.00000 0.51502
26654.00000 0.52233
26660.00000 0.52075
26667.00000 0.53871
26674.00000 0.54446
26681.00000 0.54013
26688.00000 0.54734
26695.00000 0.54996
26702.00000 0.5697
26709.00000 0.5803
26715.00000 0.56324
26722.00000 0.56925
26729.00000 0.58052
26736.00000 0.57969
26743.00000 0.58436
26750.00000 0.59011
26757.00000 0.59668
26764.00000 0.60286
26771.00000 0.61073
26778.00000 0.61096
26784.00000 0.60384
26791.00000 0.61268
26798.00000 0.61677
26805.00000 0.61178
26812.00000 0.61598
26819.00000 0.6154
26826.00000 0.61946
26833.00000 0.62686
26840.00000 0.62569
26847.00000 0.62568
26854.00000 0.62311
26861.00000 0.62692
26868.00000 0.63087
26875.00000 0.62238
26882.00000 0.62385
26889.00000 0.62927
26895.00000 0.62534
26902.00000 0.62289
26909.00000 0.62361
26916.00000 0.62627
26923.00000 0.62399
26930.00000 0.62419
26937.00000 0.63377
26944.00000 0.62881
26951.00000 0.62411
26958.00000 0.63029
26965.00000 0.6233
26972.00000 0.61835
26979.00000 0.62027
26986.00000 0.61964
26994.00000 0.61978
27001.00000 0.61604
27008.00000 0.6199
27015.00000 0.62412
27022.00000 0.61417
27029.00000 0.61005
27036.00000 0.61134
27043.00000 0.60825
27050.00000 0.60914
27057.00000 0.60742
27064.00000 0.60408
27071.00000 0.60519
27078.00000 0.6004
27085.00000 0.60334
27092.00000 0.60932
27099.00000 0.59935
27106.00000 0.59869
27113.00000 0.6023
27121.00000 0.59367
27128.00000 0.59113
27135.00000 0.59229
27142.00000 0.58976
27149.00000 0.58865
27156.00000 0.58747
27163.00000 0.58524
27170.00000 0.58671
27178.00000 0.5883
27185.00000 0.58389
27192.00000 0.58127
27199.00000 0.58358
27206.00000 0.58677
27213.00000 0.58713
27220.00000 0.57974
27227.00000 0.57283
27235.00000 0.57586
27242.00000 0.57889
27249.00000 0.57599
27256.00000 0.57579
27263.00000 0.57304
27270.00000 0.56811
27278.00000 0.56883
27285.00000 0.56805
27292.00000 0.56612
27299.00000 0.56581
27306.00000 0.56595
27313.00000 0.56556
27321.00000 0.56421
27328.00000 0.56514
27335.00000 0.56193
27342.00000 0.56251
27350.00000 0.56833
27357.00000 0.56312
27364.00000 0.55935
27371.00000 0.56034
27378.00000 0.56057
27386.00000 0.56532
27393.00000 0.56756
27400.00000 0.56414
27407.00000 0.56197
27415.00000 0.56673
27422.00000 0.56847
27429.00000 0.56108
27436.00000 0.55879
27444.00000 0.56039
27451.00000 0.55987
27458.00000 0.55963
27465.00000 0.55847
27473.00000 0.55749
27480.00000 0.55838
27487.00000 0.55934
27494.00000 0.5581
27502.00000 0.55595
27509.00000 0.55728
27516.00000 0.56158
27524.00000 0.56094
27531.00000 0.55743
27538.00000 0.5576
27546.00000 0.56339
27553.00000 0.57136
27560.00000 0.5672
27568.00000 0.55946
27575.00000 0.56121
27582.00000 0.56115
27590.00000 0.5589
27597.00000 0.56103
27604.00000 0.56204
27612.00000 0.56098
27619.00000 0.5654
27626.00000 0.56735
27634.00000 0.56476
27641.00000 0.56833
27648.00000 0.56437
27656.00000 0.56032
27663.00000 0.56521
27671.00000 0.5616
27678.00000 0.56569
27685.00000 0.57041
27693.00000 0.56215
27700.00000 0.57076
27708.00000 0.57753
27715.00000 0.56987
27722.00000 0.57329
27730.00000 0.57336
27737.00000 0.56909
27745.00000 0.57195
27752.00000 0.5728
27759.00000 0.57303
27767.00000 0.57678
27774.00000 0.57707
27782.00000 0.57634
27789.00000 0.57947
27797.00000 0.57753
27804.00000 0.57899
27812.00000 0.58377
27819.00000 0.5807
27826.00000 0.58221
27834.00000 0.58396
27841.00000 0.58209
27849.00000 0.58157
27856.00000 0.58521
27864.00000 0.59266
27871.00000 0.59185
27879.00000 0.59243
27886.00000 0.592
27894.00000 0.58579
27901.00000 0.58787
27909.00000 0.58951
27916.00000 0.58798
27924.00000 0.58984
27931.00000 0.59228
27939.00000 0.59235
27946.00000 0.59201
27954.00000 0.59382
27961.00000 0.5939
27969.00000 0.5937
27977.00000 0.59544
27984.00000 0.59609
27992.00000 0.59549
27999.00000 0.59759
28007.00000 0.59783
28014.00000 0.59795
28022.00000 0.60566
28029.00000 0.60832
28037.00000 0.60815
28045.00000 0.60773
28052.00000 0.60172
28060.00000 0.60315
28067.00000 0.60507
28075.00000 0.60234
28083.00000 0.60498
28090.00000 0.60714
28098.00000 0.60558
28105.00000 0.60641
28113.00000 0.60778
28121.00000 0.60663
28128.00000 0.60796
28136.00000 0.60873
28144.00000 0.60969
28151.00000 0.61338
28159.00000 0.61171
28166.00000 0.61056
28174.00000 0.61181
28182.00000 0.61259
28189.00000 0.61587
28197.00000 0.61651
28205.00000 0.61638
28212.00000 0.61633
28220.00000 0.61494
28228.00000 0.61579
28236.00000 0.61474
28243.00000 0.61344
28251.00000 0.61544
28259.00000 0.61485
28266.00000 0.61467
28274.00000 0.61871
28282.00000 0.61934
28289.00000 0.61785
28297.00000 0.61903
28305.00000 0.6192
28313.00000 0.61969
28320.00000 0.62128
28328.00000 0.62172
28336.00000 0.62296
28344.00000 0.62445
28351.00000 0.62436
28359.00000 0.62404
28367.00000 0.62438
28375.00000 0.62494
28382.00000 0.62649
28390.00000 0.62694
28398.00000 0.62515
28406.00000 0.62511
28414.00000 0.6265
28421.00000 0.62697
28429.00000 0.62705
28437.00000 0.62726
28445.00000 0.62765
28452.00000 0.62768
28460.00000 0.62804
28468.00000 0.62936
28476.00000 0.62937
28484.00000 0.62979
28491.00000 0.63261
28499.00000 0.632
28507.00000 0.6295
28515.00000 0.63066
28523.00000 0.6313
28531.00000 0.63206
28539.00000 0.63467
28546.00000 0.63471
28554.00000 0.63363
28562.00000 0.63359
28570.00000 0.63402
28578.00000 0.63407
28586.00000 0.63442
28594.00000 0.63601
28602.00000 0.63611
28609.00000 0.63571
28617.00000 0.6362
28625.00000 0.6359
28633.00000 0.63637
28641.00000 0.6371
28649.00000 0.63649
28657.00000 0.63707
28665.00000 0.63901
28673.00000 0.63903
28681.00000 0.63842
28689.00000 0.63958
28696.00000 0.63936
28705.00000 0.63918
28712.00000 0.64156
28720.00000 0.64248
28728.00000 0.64248
28736.00000 0.64292
28744.00000 0.64243
28752.00000 0.64272
28760.00000 0.64329
28768.00000 0.64342
28776.00000 0.64423
28784.00000 0.6445
28792.00000 0.644
28800.00000 0.64462
28808.00000 0.64582
28816.00000 0.64611
28824.00000 0.64617
28832.00000 0.64672
28840.00000 0.64754
28848.00000 0.6481
28856.00000 0.64857
28864.00000 0.64904
28872.00000 0.64938
28880.00000 0.65028
28888.00000 0.65102
28896.00000 0.65082
28905.00000 0.6513
28912.00000 0.65173
28921.00000 0.65149
28929.00000 0.65231
28937.00000 0.6532
28945.00000 0.65337
28953.00000 0.65405
28961.00000 0.6549
28969.00000 0.65481
28977.00000 0.65548
28985.00000 0.65682
28993.00000 0.65586
29001.00000 0.65754
29010.00000 0.66072
29018.00000 0.65889
29026.00000 0.65809
29034.00000 0.65924
29042.00000 0.65972
29050.00000 0.66086
29058.00000 0.66084
29067.00000 0.66074
29075.00000 0.66169
29083.00000 0.66267
29091.00000 0.66306
29099.00000 0.66364
29107.00000 0.66437
29115.00000 0.664
29124.00000 0.66449
29132.00000 0.6661
29140.00000 0.66686
29148.00000 0.66717
29156.00000 0.66794
29165.00000 0.66892
29173.00000 0.66902
29181.00000 0.66933
29189.00000 0.67023
29197.00000 0.67079
29206.00000 0.67192
29214.00000 0.6728
29222.00000 0.67243
29230.00000 0.67408
29239.00000 0.67629
29247.00000 0.67544
29255.00000 0.67578
29263.00000 0.67778
29272.00000 0.67753
29280.00000 0.67754
29288.00000 0.67929
29296.00000 0.67943
29305.00000 0.67936
29313.00000 0.68142
29321.00000 0.6819
29330.00000 0.68208
29338.00000 0.68404
29346.00000 0.6842
29354.00000 0.68467
29363.00000 0.68689
29371.00000 0.68737
29379.00000 0.68773
29388.00000 0.68908
29396.00000 0.68909
29404.00000 0.69009
29413.00000 0.69236
29421.00000 0.69281
29429.00000 0.69375
29438.00000 0.69515
29446.00000 0.69544
29455.00000 0.6961
29463.00000 0.69698
29471.00000 0.69812
29480.00000 0.69841
29488.00000 0.69884
29496.00000 0.70046
29505.00000 0.7004
29513.00000 0.70085
29522.00000 0.7031
29530.00000 0.7035
29538.00000 0.70397
29547.00000 0.70552
29555.00000 0.70582
29564.00000 0.70643
29572.00000 0.70805
29581.00000 0.70863
29589.00000 0.70895
29597.00000 0.71013
29606.00000 0.71073
29614.00000 0.71108
29623.00000 0.71194
29631.00000 0.71244
29640.00000 0.71325
29648.00000 0.71471
29657.00000 0.71529
29665.00000 0.71584
29674.00000 0.71735
29682.00000 0.71797
29691.00000 0.71839
29699.00000 0.72039
29708.00000 0.72168
29716.00000 0.72195
29725.00000 0.72343
29733.00000 0.72457
29742.00000 0.72475
29750.00000 0.72674
29759.00000 0.72879
29767.00000 0.72855
29776.00000 0.72996
29784.00000 0.73219
29793.00000 0.73183
29801.00000 0.73293
29810.00000 0.73538
29819.00000 0.73583
29827.00000 0.73714
29836.00000 0.73878
29844.00000 0.7387
29853.00000 0.73979
29862.00000 0.74185
29870.00000 0.74231
29879.00000 0.74295
29887.00000 0.74465
29896.00000 0.74527
29905.00000 0.74595
29913.00000 0.74791
29922.00000 0.74897
29931.00000 0.74922
29939.00000 0.75098
29948.00000 0.75213
29956.00000 0.75202
29965.00000 0.75422
29974.00000 0.75547
29982.00000 0.75502
29991.00000 0.75703
30000.00000 0.75801
30008.00000 0.75793
30017.00000 0.76005
30026.00000 0.76108
30034.00000 0.76097
30043.00000 0.76237
30052.00000 0.76403
30061.00000 0.76515
30069.00000 0.76669
30078.00000 0.76761
30087.00000 0.7679
30096.00000 0.7693
30104.00000 0.76992
30113.00000 0.76994
30122.00000 0.77204
30131.00000 0.77342
30139.00000 0.77338
30148.00000 0.77508
30157.00000 0.77642
30166.00000 0.777
30174.00000 0.77901
30183.00000 0.77991
30192.00000 0.78002
30201.00000 0.78129
30210.00000 0.78241
30218.00000 0.7834
30227.00000 0.78396
30236.00000 0.78502
30245.00000 0.78611
30254.00000 0.78598
30262.00000 0.787
30271.00000 0.78836
30280.00000 0.78886
30289.00000 0.79047
30298.00000 0.79119
30307.00000 0.79086
30315.00000 0.79215
30324.00000 0.79367
30333.00000 0.79349
30342.00000 0.7943
30351.00000 0.79623
30360.00000 0.79588
30369.00000 0.79666
30378.00000 0.79896
30387.00000 0.79832
30395.00000 0.7983
30404.00000 0.79991
30413.00000 0.79957
30422.00000 0.80025
30431.00000 0.80175
30440.00000 0.80157
