threeML/data/optical_filters/AKARI/IRC-L18W.ecsv
# %ECSV 0.9
# ---
# datatype:
# - {name: wavelength, unit: Angstrom, datatype: float32}
# - {name: response, datatype: float32}
# meta: !!omap
# - {band_name: L18W}
# - {group_name: IRC}
wavelength response
120591.89844 0.0
133991.00000 0.0013151
134164.00000 0.0012246
134338.00000 0.0011259
134513.00000 0.0016087
134687.00000 0.0017099
134862.00000 0.0023619
135038.00000 0.0034993
135214.00000 0.0039681
135391.00000 0.0045091
135568.00000 0.0053747
135745.00000 0.0064509
135923.00000 0.0081819
136101.00000 0.010214
136280.00000 0.012127
136459.00000 0.015472
136639.00000 0.019568
136819.00000 0.02366
137000.00000 0.029604
137182.00000 0.037725
137363.00000 0.048014
137545.00000 0.060406
137728.00000 0.076178
137911.00000 0.096999
138095.00000 0.12366
138279.00000 0.1568
138463.00000 0.19683
138649.00000 0.16261
138834.00000 0.20267
139020.00000 0.24958
139207.00000 0.30297
139394.00000 0.36056
139582.00000 0.41884
139770.00000 0.47379
139958.00000 0.52284
140147.00000 0.56361
140337.00000 0.59607
140527.00000 0.61953
140718.00000 0.63496
140909.00000 0.64521
141101.00000 0.65108
141293.00000 0.65432
141486.00000 0.6566
141679.00000 0.65852
141873.00000 0.66004
142067.00000 0.66614
142262.00000 0.67287
142458.00000 0.67956
142654.00000 0.68584
142850.00000 0.69248
143047.00000 0.70008
143245.00000 0.70799
143443.00000 0.71538
143642.00000 0.72212
143841.00000 0.72844
144040.00000 0.73502
144241.00000 0.73917
144442.00000 0.74247
144643.00000 0.74525
144845.00000 0.74847
145048.00000 0.75158
145251.00000 0.75323
145455.00000 0.75572
145659.00000 0.75985
145864.00000 0.76332
146069.00000 0.76583
146275.00000 0.76876
146482.00000 0.77048
146689.00000 0.77172
146897.00000 0.77242
147105.00000 0.77248
147314.00000 0.77303
147524.00000 0.77447
147734.00000 0.77604
147945.00000 0.77749
148156.00000 0.78142
148368.00000 0.78491
148581.00000 0.78789
148794.00000 0.79153
149007.00000 0.79592
149222.00000 0.8
149437.00000 0.80232
149653.00000 0.80366
149869.00000 0.80573
150086.00000 0.81075
150303.00000 0.81709
150521.00000 0.82144
150740.00000 0.82542
150960.00000 0.83118
151180.00000 0.83587
151400.00000 0.8388
151622.00000 0.84126
151844.00000 0.8441
152066.00000 0.84712
152289.00000 0.8493
152514.00000 0.85088
152738.00000 0.85335
152963.00000 0.85787
153189.00000 0.86276
153416.00000 0.86718
153643.00000 0.8708
153871.00000 0.87477
154100.00000 0.87884
154329.00000 0.88349
154559.00000 0.8864
154790.00000 0.88774
155021.00000 0.8888
155253.00000 0.88457
155486.00000 0.88024
155719.00000 0.87673
155954.00000 0.87349
156188.00000 0.86925
156424.00000 0.86707
156660.00000 0.86534
156897.00000 0.86463
157135.00000 0.86416
157374.00000 0.8633
157613.00000 0.86194
157853.00000 0.86054
158093.00000 0.85805
158335.00000 0.85421
158577.00000 0.85055
158820.00000 0.8473
159063.00000 0.8435
159307.00000 0.83898
159553.00000 0.83453
159798.00000 0.83109
160045.00000 0.8309
160292.00000 0.8351
160541.00000 0.83905
160789.00000 0.8428
161039.00000 0.84636
161290.00000 0.85009
161541.00000 0.85422
161793.00000 0.85561
162046.00000 0.85492
162299.00000 0.85447
162554.00000 0.85454
162809.00000 0.8544
163065.00000 0.85362
163321.00000 0.85183
163579.00000 0.85013
163838.00000 0.85438
164097.00000 0.85916
164357.00000 0.86282
164618.00000 0.86592
164879.00000 0.86985
165142.00000 0.87671
165405.00000 0.88545
165670.00000 0.89199
165935.00000 0.8973
166201.00000 0.90254
166467.00000 0.90786
166735.00000 0.91301
167003.00000 0.91879
167273.00000 0.92473
167543.00000 0.93015
167814.00000 0.93768
168086.00000 0.94595
168359.00000 0.95449
168633.00000 0.96334
168908.00000 0.97135
169183.00000 0.9798
169459.00000 0.989
169737.00000 0.99656
170015.00000 1.0
170294.00000 0.99684
170574.00000 0.99474
170855.00000 0.99347
171137.00000 0.99193
171420.00000 0.98986
171704.00000 0.9878
171989.00000 0.9876
172274.00000 0.98702
172561.00000 0.9865
172849.00000 0.98624
173137.00000 0.9851
173427.00000 0.98365
173717.00000 0.98246
174009.00000 0.9828
174301.00000 0.98426
174595.00000 0.9845
174889.00000 0.98378
175184.00000 0.98211
175481.00000 0.98046
175778.00000 0.97892
176077.00000 0.97639
176376.00000 0.97628
176677.00000 0.97685
176978.00000 0.97672
177281.00000 0.9763
177584.00000 0.97541
177889.00000 0.97413
178195.00000 0.973
178501.00000 0.96983
178809.00000 0.96508
179118.00000 0.9605
179428.00000 0.95608
179739.00000 0.9523
180051.00000 0.94858
180364.00000 0.9474
180678.00000 0.9461
180993.00000 0.9447
181310.00000 0.94431
181627.00000 0.9441
181946.00000 0.94355
182266.00000 0.94252
182587.00000 0.94044
182909.00000 0.93663
183232.00000 0.93353
183556.00000 0.93139
183881.00000 0.92992
184208.00000 0.92987
184536.00000 0.92925
184865.00000 0.92862
185195.00000 0.92804
185526.00000 0.92678
185859.00000 0.92459
186192.00000 0.92237
186527.00000 0.91957
186863.00000 0.91629
187201.00000 0.91312
187539.00000 0.90999
187879.00000 0.907
188220.00000 0.90809
188562.00000 0.90883
188906.00000 0.90908
189250.00000 0.91071
189596.00000 0.91366
189944.00000 0.91686
190292.00000 0.91705
190642.00000 0.91376
190993.00000 0.90936
191345.00000 0.90539
191699.00000 0.90266
192054.00000 0.90149
192410.00000 0.90166
192768.00000 0.90051
193127.00000 0.89748
193487.00000 0.89641
193849.00000 0.89656
194212.00000 0.8982
194576.00000 0.89921
194942.00000 0.89871
195309.00000 0.89204
195678.00000 0.88408
196048.00000 0.87479
196419.00000 0.8646
196792.00000 0.85509
197166.00000 0.84324
197541.00000 0.82938
197918.00000 0.81664
198297.00000 0.80508
198677.00000 0.79451
199058.00000 0.78672
199441.00000 0.77786
199825.00000 0.76794
200211.00000 0.76821
200598.00000 0.77755
200987.00000 0.78669
201377.00000 0.79473
201769.00000 0.79948
202162.00000 0.80189
202557.00000 0.80539
202953.00000 0.81117
203351.00000 0.81705
203751.00000 0.82229
204152.00000 0.8275
204555.00000 0.83267
204959.00000 0.84093
205365.00000 0.84014
205772.00000 0.83788
206181.00000 0.83515
206592.00000 0.83228
207004.00000 0.82969
207418.00000 0.82747
207834.00000 0.82382
208251.00000 0.81809
208670.00000 0.81228
209091.00000 0.80671
209513.00000 0.8019
209938.00000 0.7981
210364.00000 0.79844
210791.00000 0.7997
211220.00000 0.80443
211651.00000 0.8081
212084.00000 0.81106
212519.00000 0.81432
212955.00000 0.81992
213393.00000 0.82563
213833.00000 0.83265
214275.00000 0.83751
214719.00000 0.83842
215164.00000 0.83912
215612.00000 0.84161
216061.00000 0.84589
216512.00000 0.85109
216965.00000 0.85558
217420.00000 0.85957
217876.00000 0.86223
218335.00000 0.86226
218796.00000 0.86227
219258.00000 0.86159
219723.00000 0.86153
220189.00000 0.85986
220658.00000 0.85583
221128.00000 0.8529
221601.00000 0.85044
222075.00000 0.84793
222552.00000 0.84623
223030.00000 0.8459
223511.00000 0.84561
223994.00000 0.84404
224479.00000 0.84183
224966.00000 0.84016
225455.00000 0.83595
225946.00000 0.83297
226439.00000 0.82833
226935.00000 0.82163
227432.00000 0.81615
227932.00000 0.81527
228434.00000 0.81461
228939.00000 0.81237
229445.00000 0.80759
229954.00000 0.80347
230465.00000 0.80923
230978.00000 0.8175
231494.00000 0.82461
232012.00000 0.828
232532.00000 0.82999
233054.00000 0.83297
233579.00000 0.83574
234107.00000 0.8372
234636.00000 0.83946
235168.00000 0.83693
235703.00000 0.82372
236240.00000 0.81349
236779.00000 0.8031
237321.00000 0.79332
237865.00000 0.78354
238412.00000 0.77373
238961.00000 0.76332
239513.00000 0.75174
240068.00000 0.7376
240625.00000 0.72913
241184.00000 0.7221
241746.00000 0.71403
242311.00000 0.70486
242879.00000 0.69458
243449.00000 0.6846
244022.00000 0.67419
244597.00000 0.66116
245175.00000 0.6494
245756.00000 0.64242
246340.00000 0.63536
246927.00000 0.62824
247516.00000 0.6209
248108.00000 0.61338
248703.00000 0.60791
249301.00000 0.60347
249902.00000 0.59844
250505.00000 0.57314
251112.00000 0.54485
251721.00000 0.51713
252334.00000 0.49021
252949.00000 0.46363
253568.00000 0.43744
254189.00000 0.41213
254814.00000 0.38718
255441.00000 0.3711
256072.00000 0.35873
256706.00000 0.34582
257343.00000 0.33313
257983.00000 0.31852
258626.00000 0.30153
259273.00000 0.28552
259923.00000 0.2707
260576.00000 0.2586
261232.00000 0.24644
261892.00000 0.2354
262555.00000 0.22516
263221.00000 0.21956
263891.00000 0.21356
264564.00000 0.20801
265241.00000 0.19988
265921.00000 0.18559
266605.00000 0.17104
267292.00000 0.15661
267982.00000 0.14321
268677.00000 0.13104
269375.00000 0.11949
270076.00000 0.10912
270781.00000 0.10492
271490.00000 0.10033
272203.00000 0.095394
272919.00000 0.090497
273639.00000 0.084607
274363.00000 0.079431
275091.00000 0.075004
275822.00000 0.071729
276558.00000 0.068351
277297.00000 0.06495
278041.00000 0.061781
278788.00000 0.05875
279540.00000 0.055736
280295.00000 0.051032
281055.00000 0.043919
281818.00000 0.037327
282586.00000 0.031123
283358.00000 0.025272
284135.00000 0.019802
284915.00000 0.014706
285700.00000 0.013794
286490.00000 0.013388
287283.00000 0.0
