threeML/data/optical_filters/AKARI/IRC-S9W.ecsv
# %ECSV 0.9
# ---
# datatype:
# - {name: wavelength, unit: Angstrom, datatype: float32}
# - {name: response, datatype: float32}
# meta: !!omap
# - {band_name: S9W}
# - {group_name: IRC}
wavelength response
41245.19922 0.0
45828.00000 7.3318e-06
45848.00000 8.286e-06
45869.00000 9.2552e-06
45889.00000 9.7876e-06
45909.00000 9.9436e-06
45930.00000 1.0466e-05
45950.00000 1.1523e-05
45970.00000 1.2503e-05
45991.00000 1.3207e-05
46011.00000 1.3848e-05
46032.00000 1.3968e-05
46052.00000 1.3736e-05
46072.00000 1.4375e-05
46093.00000 1.563e-05
46113.00000 1.6717e-05
46134.00000 1.7349e-05
46155.00000 1.7913e-05
46175.00000 1.8819e-05
46196.00000 1.981e-05
46216.00000 2.0411e-05
46237.00000 2.0687e-05
46257.00000 2.1258e-05
46278.00000 2.2144e-05
46299.00000 2.2635e-05
46319.00000 2.258e-05
46340.00000 2.2593e-05
46361.00000 2.2959e-05
46382.00000 2.3548e-05
46402.00000 2.4121e-05
46423.00000 2.5197e-05
46444.00000 2.6619e-05
46465.00000 2.8227e-05
46486.00000 2.9413e-05
46506.00000 3.0172e-05
46527.00000 3.1518e-05
46548.00000 3.3611e-05
46569.00000 3.5166e-05
46590.00000 3.5518e-05
46611.00000 3.6032e-05
46632.00000 3.766e-05
46653.00000 3.9452e-05
46674.00000 4.0564e-05
46695.00000 4.1473e-05
46716.00000 4.2332e-05
46737.00000 4.279e-05
46758.00000 4.3378e-05
46779.00000 4.5232e-05
46800.00000 4.8066e-05
46821.00000 5.022e-05
46842.00000 5.1204e-05
46864.00000 5.1272e-05
46885.00000 5.1948e-05
46906.00000 5.5371e-05
46927.00000 5.8476e-05
46948.00000 5.9601e-05
46970.00000 6.0852e-05
46991.00000 6.2801e-05
47012.00000 6.4929e-05
47034.00000 6.7184e-05
47055.00000 6.8983e-05
47076.00000 7.0923e-05
47098.00000 7.4367e-05
47119.00000 7.7131e-05
47141.00000 7.7915e-05
47162.00000 7.9279e-05
47183.00000 8.2761e-05
47205.00000 8.6485e-05
47226.00000 8.7679e-05
47248.00000 8.6869e-05
47269.00000 8.8474e-05
47291.00000 9.3273e-05
47313.00000 9.6566e-05
47334.00000 9.7291e-05
47356.00000 9.9868e-05
47377.00000 0.00010496
47399.00000 0.00010768
47421.00000 0.00010717
47442.00000 0.00010742
47464.00000 0.00010952
47486.00000 0.00011182
47508.00000 0.00011399
47529.00000 0.00011666
47551.00000 0.00012274
47573.00000 0.00012913
47595.00000 0.00013027
47617.00000 0.00012851
47639.00000 0.00013076
47660.00000 0.00013842
47682.00000 0.00014639
47704.00000 0.00015067
47726.00000 0.00015216
47748.00000 0.00015499
47770.00000 0.00016045
47792.00000 0.00016542
47814.00000 0.00016838
47836.00000 0.00017049
47858.00000 0.00017435
47881.00000 0.00018084
47903.00000 0.00018723
47925.00000 0.00019226
47947.00000 0.00019609
47969.00000 0.00019761
47991.00000 0.0001971
48014.00000 0.00019634
48036.00000 0.00020122
48058.00000 0.00020918
48080.00000 0.00021054
48103.00000 0.00021017
48125.00000 0.00021551
48147.00000 0.00022484
48170.00000 0.0002305
48192.00000 0.00023009
48214.00000 0.00023045
48237.00000 0.00023631
48259.00000 0.00024136
48282.00000 0.00024375
48304.00000 0.00025196
48327.00000 0.00026384
48349.00000 0.00027046
48372.00000 0.0002747
48394.00000 0.00028064
48417.00000 0.00028718
48440.00000 0.00029376
48462.00000 0.00029466
48485.00000 0.00028848
48508.00000 0.0002843
48530.00000 0.00029077
48553.00000 0.00030323
48576.00000 0.00031057
48598.00000 0.0003128
48621.00000 0.00031596
48644.00000 0.00032155
48667.00000 0.00032515
48690.00000 0.00032573
48713.00000 0.00032929
48736.00000 0.0003404
48758.00000 0.00035281
48781.00000 0.00035914
48804.00000 0.00036538
48827.00000 0.00037687
48850.00000 0.00038775
48873.00000 0.00039158
48896.00000 0.00039104
48919.00000 0.00039454
48943.00000 0.00040369
48966.00000 0.00041348
48989.00000 0.00041972
49012.00000 0.00042208
49035.00000 0.00042173
49058.00000 0.00042387
49081.00000 0.00043132
49105.00000 0.00043542
49128.00000 0.00043514
49151.00000 0.00043923
49175.00000 0.0004446
49198.00000 0.00044968
49221.00000 0.000464
49245.00000 0.00047769
49268.00000 0.00047726
49291.00000 0.00048014
49315.00000 0.00049563
49338.00000 0.00051246
49362.00000 0.00052348
49385.00000 0.00052334
49409.00000 0.00053158
49432.00000 0.00055969
49456.00000 0.00057797
49480.00000 0.00057204
49503.00000 0.00056364
49527.00000 0.0005682
49550.00000 0.00057889
49574.00000 0.00059113
49598.00000 0.0006045
49622.00000 0.00061994
49645.00000 0.00063398
49669.00000 0.00063632
49693.00000 0.00063029
49717.00000 0.00063089
49741.00000 0.00064291
49764.00000 0.00065607
49788.00000 0.00065941
49812.00000 0.0006588
49836.00000 0.00067016
49860.00000 0.00069094
49884.00000 0.00070337
49908.00000 0.00070443
49932.00000 0.0007062
49956.00000 0.00071433
49980.00000 0.00072001
50004.00000 0.0007206
50029.00000 0.00073179
50053.00000 0.00075592
50077.00000 0.00077121
50101.00000 0.00076648
50125.00000 0.00076567
50150.00000 0.00078289
50174.00000 0.00079505
50198.00000 0.0007894
50222.00000 0.00079117
50247.00000 0.00082332
50271.00000 0.00086013
50295.00000 0.00086193
50320.00000 0.00083621
50344.00000 0.00081999
50369.00000 0.00082205
50393.00000 0.00082221
50418.00000 0.00081992
50442.00000 0.00083308
50467.00000 0.0008636
50491.00000 0.00088758
50516.00000 0.00088224
50541.00000 0.00086595
50565.00000 0.00087086
50590.00000 0.00088496
50615.00000 0.00089139
50639.00000 0.00090235
50664.00000 0.00092031
50689.00000 0.00094969
50714.00000 0.0009754
50738.00000 0.00096729
50763.00000 0.00094212
50788.00000 0.00094832
50813.00000 0.0009945
50838.00000 0.0010396
50863.00000 0.0010507
50888.00000 0.0010441
50913.00000 0.0010428
50938.00000 0.0010368
50963.00000 0.0010175
50988.00000 0.0010173
51013.00000 0.0010522
51038.00000 0.0010732
51063.00000 0.0010606
51088.00000 0.0010593
51113.00000 0.0010761
51139.00000 0.0010851
51164.00000 0.001088
51189.00000 0.0010993
51214.00000 0.0011246
51240.00000 0.0011544
51265.00000 0.0011679
51290.00000 0.0011567
51316.00000 0.0011485
51341.00000 0.0011686
51367.00000 0.0011898
51392.00000 0.001186
51418.00000 0.0011729
51443.00000 0.0011642
51469.00000 0.0011525
51494.00000 0.0011405
51520.00000 0.0011652
51545.00000 0.0012324
51571.00000 0.0012945
51597.00000 0.0013125
51622.00000 0.0012793
51648.00000 0.0012334
51674.00000 0.0012206
51699.00000 0.0012336
51725.00000 0.0012452
51751.00000 0.0012473
51777.00000 0.0012534
51803.00000 0.0012728
51829.00000 0.0012805
51855.00000 0.0012503
51881.00000 0.0012148
51906.00000 0.0012169
51932.00000 0.0012312
51959.00000 0.0012339
51985.00000 0.0012459
52011.00000 0.001276
52037.00000 0.0013164
52063.00000 0.0013448
52089.00000 0.0013415
52115.00000 0.0013338
52141.00000 0.0013421
52168.00000 0.0013471
52194.00000 0.0013435
52220.00000 0.0013507
52246.00000 0.0013892
52273.00000 0.0014242
52299.00000 0.0014102
52326.00000 0.0013896
52352.00000 0.0013983
52378.00000 0.001401
52405.00000 0.0013895
52431.00000 0.0013927
52458.00000 0.0014085
52484.00000 0.0014227
52511.00000 0.0014319
52538.00000 0.0014246
52564.00000 0.0014196
52591.00000 0.001454
52618.00000 0.0014973
52644.00000 0.0015007
52671.00000 0.0014757
52698.00000 0.0014593
52725.00000 0.0014568
52751.00000 0.0014555
52778.00000 0.0014484
52805.00000 0.0014386
52832.00000 0.0014234
52859.00000 0.0013985
52886.00000 0.0014111
52913.00000 0.001473
52940.00000 0.0015132
52967.00000 0.0015167
52994.00000 0.0015065
53021.00000 0.001505
53048.00000 0.0015411
53075.00000 0.0015651
53102.00000 0.0015338
53130.00000 0.0014994
53157.00000 0.0015012
53184.00000 0.0015205
53211.00000 0.0015305
53239.00000 0.0015211
53266.00000 0.001518
53294.00000 0.0015597
53321.00000 0.0016142
53348.00000 0.0016065
53376.00000 0.0015515
53403.00000 0.0015416
53431.00000 0.001577
53458.00000 0.0015766
53486.00000 0.0015539
53514.00000 0.0015737
53541.00000 0.0016096
53569.00000 0.0016134
53596.00000 0.0015983
53624.00000 0.0016042
53652.00000 0.001643
53680.00000 0.0016767
53707.00000 0.0016662
53735.00000 0.001624
53763.00000 0.0016147
53791.00000 0.0016513
53819.00000 0.0016573
53847.00000 0.0016358
53875.00000 0.0016708
53903.00000 0.0017265
53931.00000 0.0017108
53959.00000 0.0016594
53987.00000 0.001658
54015.00000 0.0016967
54043.00000 0.0017179
54072.00000 0.0017182
54100.00000 0.0017191
54128.00000 0.001719
54156.00000 0.001721
54185.00000 0.0017361
54213.00000 0.0017473
54241.00000 0.001735
54270.00000 0.0017252
54298.00000 0.0017106
54326.00000 0.0016687
54355.00000 0.0016427
54383.00000 0.0016687
54412.00000 0.001718
54441.00000 0.0017444
54469.00000 0.0017453
54498.00000 0.0017477
54526.00000 0.0017601
54555.00000 0.0017538
54584.00000 0.0017112
54613.00000 0.0016984
54641.00000 0.0017566
54670.00000 0.0018196
54699.00000 0.0018165
54728.00000 0.0017482
54757.00000 0.0017083
54786.00000 0.0017208
54815.00000 0.001731
54844.00000 0.0017755
54873.00000 0.001849
54902.00000 0.0018702
54931.00000 0.0018431
54960.00000 0.0018106
54989.00000 0.0017994
55018.00000 0.0018104
55047.00000 0.0018186
55077.00000 0.0018063
55106.00000 0.0017844
55135.00000 0.0017818
55164.00000 0.0017936
55194.00000 0.0018137
55223.00000 0.0018451
55253.00000 0.00185
55282.00000 0.0018138
55312.00000 0.001766
55341.00000 0.0017117
55371.00000 0.0016815
55400.00000 0.0017104
55430.00000 0.0017485
55459.00000 0.0017479
55489.00000 0.001739
55519.00000 0.0017672
55549.00000 0.0018277
55578.00000 0.0018408
55608.00000 0.0017862
55638.00000 0.0017646
55668.00000 0.0018173
55698.00000 0.0018515
55728.00000 0.0018261
55758.00000 0.0018306
55788.00000 0.0018825
55818.00000 0.0018883
55848.00000 0.0018168
55878.00000 0.0017314
55908.00000 0.0017117
55938.00000 0.0017569
55968.00000 0.0017966
55998.00000 0.0017871
56029.00000 0.0017495
56059.00000 0.0017173
56089.00000 0.0016878
56120.00000 0.0016748
56150.00000 0.001698
56180.00000 0.0017273
56211.00000 0.0017429
56241.00000 0.0017204
56272.00000 0.0016742
56302.00000 0.0016725
56333.00000 0.0016673
56364.00000 0.0016249
56394.00000 0.0016284
56425.00000 0.0016976
56456.00000 0.0017735
56486.00000 0.0017756
56517.00000 0.0016929
56548.00000 0.0016207
56579.00000 0.0016076
56610.00000 0.0016321
56641.00000 0.0016529
56672.00000 0.0016406
56703.00000 0.0016265
56734.00000 0.0016738
56765.00000 0.0017377
56796.00000 0.0017268
56827.00000 0.0017154
56858.00000 0.0017439
56889.00000 0.0017162
56921.00000 0.0016332
56952.00000 0.0015735
56983.00000 0.0015898
57014.00000 0.001637
57046.00000 0.0016402
57077.00000 0.0016222
57109.00000 0.0016197
57140.00000 0.0016516
57172.00000 0.0017172
57203.00000 0.0017841
57235.00000 0.0018426
57266.00000 0.0018784
57298.00000 0.0019022
57330.00000 0.0019663
57361.00000 0.0020546
57393.00000 0.00213
57425.00000 0.0021976
57457.00000 0.0022637
57488.00000 0.0022953
57520.00000 0.0023544
57552.00000 0.0025052
57584.00000 0.0026561
57616.00000 0.0028135
57648.00000 0.0030085
57680.00000 0.0031287
57712.00000 0.0032078
57745.00000 0.0033273
57777.00000 0.0034595
57809.00000 0.0035763
57841.00000 0.0037028
57873.00000 0.0038916
57906.00000 0.0041214
57938.00000 0.0043557
57970.00000 0.0045956
58003.00000 0.0048042
58035.00000 0.004999
58068.00000 0.0052464
58100.00000 0.005557
58133.00000 0.0058798
58166.00000 0.0062121
58198.00000 0.00656
58231.00000 0.0068734
58264.00000 0.0071741
58296.00000 0.0075273
58329.00000 0.0079341
58362.00000 0.0084027
58395.00000 0.0089478
58428.00000 0.0095011
58461.00000 0.010006
58494.00000 0.010444
58527.00000 0.010851
58560.00000 0.011387
58593.00000 0.01205
58626.00000 0.012694
58659.00000 0.013376
58692.00000 0.014144
58725.00000 0.014851
58759.00000 0.015699
58792.00000 0.016825
58825.00000 0.017695
58859.00000 0.018417
58892.00000 0.019366
58926.00000 0.0204
58959.00000 0.021647
58993.00000 0.022815
59026.00000 0.023854
59060.00000 0.025208
59094.00000 0.026595
59127.00000 0.028079
59161.00000 0.029791
59195.00000 0.031455
59229.00000 0.033276
59262.00000 0.035081
59296.00000 0.03689
59330.00000 0.039213
59364.00000 0.041699
59398.00000 0.044071
59432.00000 0.046407
59466.00000 0.048962
59500.00000 0.052068
59535.00000 0.055033
59569.00000 0.057977
59603.00000 0.061312
59637.00000 0.064786
59672.00000 0.06911
59706.00000 0.073341
59740.00000 0.076702
59775.00000 0.081202
59809.00000 0.086446
59844.00000 0.090881
59878.00000 0.096031
59913.00000 0.10185
59948.00000 0.10674
59982.00000 0.11215
60017.00000 0.11864
60052.00000 0.12494
60086.00000 0.13174
60121.00000 0.13951
60156.00000 0.14654
60191.00000 0.15289
60226.00000 0.16028
60261.00000 0.16778
60296.00000 0.17532
60331.00000 0.18327
60366.00000 0.19082
60401.00000 0.19843
60437.00000 0.20619
60472.00000 0.21509
60507.00000 0.22299
60542.00000 0.22821
60578.00000 0.23435
60613.00000 0.24096
60649.00000 0.24758
60684.00000 0.25382
60720.00000 0.25892
60755.00000 0.26462
60791.00000 0.26862
60827.00000 0.27228
60862.00000 0.27706
60898.00000 0.27988
60934.00000 0.2829
60970.00000 0.28536
61005.00000 0.28709
61041.00000 0.2907
61077.00000 0.29171
61113.00000 0.29301
61149.00000 0.29629
61185.00000 0.29494
61221.00000 0.29373
61258.00000 0.29472
61294.00000 0.29528
61330.00000 0.29598
61366.00000 0.29561
61403.00000 0.29628
61439.00000 0.29672
61476.00000 0.29519
61512.00000 0.29392
61548.00000 0.2938
61585.00000 0.29469
61622.00000 0.29387
61658.00000 0.29229
61695.00000 0.29176
61732.00000 0.29158
61768.00000 0.29082
61805.00000 0.29045
61842.00000 0.29167
61879.00000 0.29029
61916.00000 0.28837
61953.00000 0.28879
61990.00000 0.28825
62027.00000 0.28781
62064.00000 0.28757
62101.00000 0.28722
62139.00000 0.2869
62176.00000 0.28582
62213.00000 0.2855
62250.00000 0.28533
62288.00000 0.28483
62325.00000 0.28475
62363.00000 0.28448
62400.00000 0.28434
62438.00000 0.28462
62475.00000 0.28433
62513.00000 0.28398
62551.00000 0.28405
62589.00000 0.28355
62626.00000 0.28288
62664.00000 0.28296
62702.00000 0.28327
62740.00000 0.28296
62778.00000 0.28301
62816.00000 0.28339
62854.00000 0.2835
62892.00000 0.28389
62930.00000 0.28397
62969.00000 0.28385
63007.00000 0.28382
63045.00000 0.2841
63083.00000 0.28418
63122.00000 0.2842
63160.00000 0.2849
63199.00000 0.28536
63237.00000 0.28581
63276.00000 0.28643
63315.00000 0.28712
63353.00000 0.28719
63392.00000 0.2878
63431.00000 0.29006
63470.00000 0.28989
63508.00000 0.28885
63547.00000 0.2905
63586.00000 0.29203
63625.00000 0.29189
63664.00000 0.29324
63703.00000 0.29565
63743.00000 0.29542
63782.00000 0.29518
63821.00000 0.29586
63860.00000 0.29699
63900.00000 0.29861
63939.00000 0.29885
63979.00000 0.29939
64018.00000 0.29938
64058.00000 0.30103
64097.00000 0.30404
64137.00000 0.30367
64176.00000 0.30586
64216.00000 0.30714
64256.00000 0.30423
64296.00000 0.30658
64336.00000 0.30956
64376.00000 0.30873
64416.00000 0.30918
64456.00000 0.3109
64496.00000 0.31298
64536.00000 0.31342
64576.00000 0.31347
64616.00000 0.31466
64657.00000 0.31524
64697.00000 0.31757
64737.00000 0.31816
64778.00000 0.31554
64818.00000 0.3157
64859.00000 0.31393
64899.00000 0.30906
64940.00000 0.3092
64981.00000 0.31207
65021.00000 0.31462
65062.00000 0.31973
65103.00000 0.32452
65144.00000 0.32789
65185.00000 0.33217
65226.00000 0.33389
65267.00000 0.33427
65308.00000 0.33649
65349.00000 0.33717
65390.00000 0.33876
65432.00000 0.34165
65473.00000 0.34178
65514.00000 0.34319
65556.00000 0.34554
65597.00000 0.34544
65639.00000 0.34643
65680.00000 0.34894
65722.00000 0.35134
65764.00000 0.35285
65805.00000 0.35087
65847.00000 0.35078
65889.00000 0.35535
65931.00000 0.35614
65973.00000 0.35579
66015.00000 0.35714
66057.00000 0.35646
66099.00000 0.35872
66141.00000 0.36031
66183.00000 0.35937
66226.00000 0.36191
66268.00000 0.36302
66310.00000 0.36279
66353.00000 0.36481
66395.00000 0.36541
66438.00000 0.36449
66480.00000 0.36428
66523.00000 0.36499
66566.00000 0.36684
66608.00000 0.36676
66651.00000 0.3659
66694.00000 0.36938
66737.00000 0.36996
66780.00000 0.36865
66823.00000 0.37219
66866.00000 0.37238
66909.00000 0.37112
66952.00000 0.37311
66996.00000 0.37337
67039.00000 0.37359
67082.00000 0.37633
67126.00000 0.37749
67169.00000 0.37663
67213.00000 0.37824
67256.00000 0.37942
67300.00000 0.37834
67344.00000 0.37926
67387.00000 0.38038
67431.00000 0.38045
67475.00000 0.38174
67519.00000 0.38248
67563.00000 0.38263
67607.00000 0.38334
67651.00000 0.38306
67695.00000 0.3849
67740.00000 0.3866
67784.00000 0.38428
67828.00000 0.3848
67873.00000 0.3869
67917.00000 0.38703
67961.00000 0.3875
68006.00000 0.38647
68051.00000 0.38561
68095.00000 0.3863
