threeML/data/optical_filters/LCO/CCD3x3-LC_3016.ecsv
# %ECSV 0.9
# ---
# datatype:
# - {name: wavelength, unit: Angstrom, datatype: float32}
# - {name: response, datatype: float32}
# meta: !!omap
# - {band_name: LC_3016}
# - {group_name: CCD3x3}
wavelength response
2700.00000 0.0
3000.00000 1.7e-05
3050.00000 1.6e-05
3100.00000 6e-06
3150.00000 1.5e-05
3200.00000 1.2e-05
3250.00000 1.6e-05
3300.00000 1.2e-05
3350.00000 1.8e-05
3400.00000 1.4e-05
3450.00000 1.8e-05
3500.00000 6e-06
3550.00000 5e-06
3600.00000 1.4e-05
3650.00000 1e-05
3700.00000 1.4e-05
3750.00000 1.2e-05
3800.00000 5e-06
3850.00000 1.7e-05
3900.00000 1.1e-05
3950.00000 1e-05
4000.00000 2.1e-05
4050.00000 5e-06
4100.00000 2e-06
4150.00000 1.7e-05
4200.00000 3e-06
4250.00000 7e-06
4300.00000 1.2e-05
4350.00000 1.5e-05
4400.00000 1.7e-05
4450.00000 3e-05
4500.00000 6e-06
4550.00000 2e-05
4600.00000 2.1e-05
4650.00000 5e-06
4700.00000 5e-06
4750.00000 1.6e-05
4800.00000 2.1e-05
4850.00000 1.5e-05
4900.00000 1.7e-05
4950.00000 8e-06
5000.00000 6e-06
5050.00000 9e-06
5100.00000 2.8e-05
5150.00000 1.7e-05
5200.00000 1.7e-05
5250.00000 1.6e-05
5300.00000 2e-05
5350.00000 1.7e-05
5400.00000 2.6e-05
5450.00000 2e-05
5500.00000 2.1e-05
5550.00000 1.9e-05
5600.00000 2e-05
5650.00000 1e-05
5700.00000 3e-06
5750.00000 1.9e-05
5800.00000 1.7e-05
5850.00000 1.7e-05
5900.00000 1.5e-05
5950.00000 2.4e-05
6000.00000 1.5e-05
6050.00000 1.2e-05
6100.00000 6e-06
6150.00000 1e-05
6200.00000 2.9e-05
6250.00000 1.5e-05
6300.00000 1.4e-05
6350.00000 1.6e-05
6400.00000 2.2e-05
6450.00000 1.5e-05
6500.00000 8e-06
6550.00000 1.5e-05
6600.00000 2.2e-05
6650.00000 1.6e-05
6700.00000 2.1e-05
6750.00000 1.4e-05
6800.00000 1.6e-05
6850.00000 6e-06
6900.00000 3e-05
6950.00000 0.000177
7000.00000 0.002397
7050.00000 0.016957
7100.00000 0.063515
7150.00000 0.155409
7200.00000 0.281579
7250.00000 0.425282
7300.00000 0.56003
7350.00000 0.669715
7400.00000 0.754101
7450.00000 0.813908
7500.00000 0.856457
7550.00000 0.883998
7600.00000 0.901954
7650.00000 0.91268
7700.00000 0.920298
7750.00000 0.924604
7800.00000 0.926099
7850.00000 0.926826
7900.00000 0.926495
7950.00000 0.924775
8000.00000 0.919359
8050.00000 0.91764
8100.00000 0.915745
8150.00000 0.913359
8200.00000 0.910855
8250.00000 0.908146
8300.00000 0.90516
8350.00000 0.901722
8400.00000 0.898274
8450.00000 0.894501
8500.00000 0.890627
8550.00000 0.886294
8600.00000 0.881809
8650.00000 0.877001
8700.00000 0.872245
8750.00000 0.866887
8800.00000 0.861536
8850.00000 0.855911
8900.00000 0.84984
8950.00000 0.843633
9000.00000 0.837014
9050.00000 0.830373
9100.00000 0.823496
9150.00000 0.815977
9200.00000 0.808051
9250.00000 0.799576
9300.00000 0.790904
9350.00000 0.781835
9400.00000 0.772146
9450.00000 0.761919
9500.00000 0.75096
9550.00000 0.739459
9600.00000 0.727315
9650.00000 0.714615
9700.00000 0.701108
9750.00000 0.686673
9800.00000 0.671583
9850.00000 0.655365
9900.00000 0.63883
9950.00000 0.6219
10000.00000 0.603675
10050.00000 0.584132
10100.00000 0.563183
10150.00000 0.542171
10200.00000 0.520263
10250.00000 0.497399
10300.00000 0.474321
10350.00000 0.450304
10400.00000 0.425761
10450.00000 0.4008
10500.00000 0.375562
10550.00000 0.350824
10600.00000 0.325953
10650.00000 0.301516
10700.00000 0.277373
10750.00000 0.253931
10800.00000 0.23189
10850.00000 0.210366
10900.00000 0.18935
10950.00000 0.169158
11000.00000 0.15025
11050.00000 0.132882
11100.00000 0.11721
11150.00000 0.102315
11200.00000 0.088657
11250.00000 0.07616
11300.00000 0.065191
11350.00000 0.055508
11400.00000 0.046988
11450.00000 0.03961
11500.00000 0.033335
11550.00000 0.027791
11600.00000 0.023076
11650.00000 0.019103
11700.00000 0.015876
11750.00000 0.013012
11800.00000 0.010624
11850.00000 0.008698
11900.00000 0.007119
11950.00000 0.005792
12000.00000 0.004746
13200.00000 0.0
