threeML/data/optical_filters/LCO/CSP-Y.ecsv
# %ECSV 0.9
# ---
# datatype:
# - {name: wavelength, unit: Angstrom, datatype: float32}
# - {name: response, datatype: float32}
# meta: !!omap
# - {band_name: Y}
# - {group_name: CSP}
wavelength response
9012.00000 0.0
9016.00000 4.9e-05
9020.00000 0.000166
9024.00000 0.000283
9028.00000 0.000403
9032.00000 0.000522
9036.00000 0.000662
9040.00000 0.000811
9044.00000 0.000944
9048.00000 0.001058
9052.00000 0.001192
9056.00000 0.00132
9060.00000 0.00144
9064.00000 0.001566
9068.00000 0.001659
9072.00000 0.001733
9076.00000 0.001765
9080.00000 0.001896
9084.00000 0.002047
9088.00000 0.002152
9092.00000 0.002302
9096.00000 0.002446
9100.00000 0.002578
9104.00000 0.002427
9108.00000 0.002289
9112.00000 0.002174
9116.00000 0.002132
9120.00000 0.002066
9124.00000 0.001883
9128.00000 0.001802
9132.00000 0.001694
9136.00000 0.0015
9140.00000 0.001354
9144.00000 0.001284
9148.00000 0.001254
9152.00000 0.001157
9156.00000 0.00099
9160.00000 0.000818
9164.00000 0.000743
9168.00000 0.000683
9172.00000 0.000578
9176.00000 0.000446
9180.00000 0.000316
9184.00000 0.000215
9188.00000 0.000112
9192.00000 0.0
9196.00000 0.0
9200.00000 0.0
9204.00000 0.0
9208.00000 8.7e-05
9212.00000 0.000249
9216.00000 0.000407
9220.00000 0.000557
9224.00000 0.000712
9228.00000 0.000886
9232.00000 0.00105
9236.00000 0.001209
9240.00000 0.001359
9244.00000 0.001504
9248.00000 0.001653
9252.00000 0.001801
9256.00000 0.001974
9260.00000 0.002157
9264.00000 0.002316
9268.00000 0.002464
9272.00000 0.00266
9276.00000 0.002814
9280.00000 0.002897
9284.00000 0.002931
9288.00000 0.003034
9292.00000 0.003166
9296.00000 0.003294
9300.00000 0.003305
9304.00000 0.003039
9308.00000 0.002915
9312.00000 0.002813
9316.00000 0.00265
9320.00000 0.002445
9324.00000 0.00215
9328.00000 0.002043
9332.00000 0.001956
9336.00000 0.001996
9340.00000 0.001769
9344.00000 0.001563
9348.00000 0.001339
9352.00000 0.00148
9356.00000 0.002033
9360.00000 0.001956
9364.00000 0.001967
9368.00000 0.002496
9372.00000 0.002609
9376.00000 0.002501
9380.00000 0.002863
9384.00000 0.003021
9388.00000 0.003171
9392.00000 0.003802
9396.00000 0.004602
9400.00000 0.005284
9404.00000 0.005434
9408.00000 0.005512
9412.00000 0.00584
9416.00000 0.005883
9420.00000 0.006287
9424.00000 0.006727
9428.00000 0.006879
9432.00000 0.006172
9436.00000 0.006164
9440.00000 0.007535
9444.00000 0.006798
9448.00000 0.005958
9452.00000 0.007805
9456.00000 0.009536
9460.00000 0.00923
9464.00000 0.008643
9468.00000 0.00944
9472.00000 0.011038
9476.00000 0.011893
9480.00000 0.012596
9484.00000 0.012352
9488.00000 0.012194
9492.00000 0.014803
9496.00000 0.016115
9500.00000 0.013999
9504.00000 0.013969
9508.00000 0.01676
9512.00000 0.023424
9516.00000 0.028765
9520.00000 0.029325
9524.00000 0.027412
9528.00000 0.028761
9532.00000 0.033599
9536.00000 0.039107
9540.00000 0.04343
9544.00000 0.044915
9548.00000 0.044305
9552.00000 0.04833
9556.00000 0.059584
9560.00000 0.063922
9564.00000 0.071731
9568.00000 0.081876
9572.00000 0.083442
9576.00000 0.096602
9580.00000 0.116867
9584.00000 0.122216
9588.00000 0.122243
9592.00000 0.128501
9596.00000 0.122701
9600.00000 0.134261
9604.00000 0.164885
9608.00000 0.188922
9612.00000 0.204725
9616.00000 0.231416
9620.00000 0.253209
9624.00000 0.258983
9628.00000 0.263759
9632.00000 0.28926
9636.00000 0.332044
9640.00000 0.346128
9644.00000 0.335073
9648.00000 0.352136
9652.00000 0.371316
9656.00000 0.41261
9660.00000 0.442486
9664.00000 0.445894
9668.00000 0.437366
9672.00000 0.455313
9676.00000 0.490013
9680.00000 0.532071
9684.00000 0.549691
9688.00000 0.552843
9692.00000 0.584725
9696.00000 0.609045
9700.00000 0.622908
9704.00000 0.618543
9708.00000 0.61515
9712.00000 0.635889
9716.00000 0.646421
9720.00000 0.642653
9724.00000 0.647802
9728.00000 0.651674
9732.00000 0.650798
9736.00000 0.65863
9740.00000 0.643955
9744.00000 0.63583
9748.00000 0.653549
9752.00000 0.663307
9756.00000 0.668066
9760.00000 0.665513
9764.00000 0.662253
9768.00000 0.670043
9772.00000 0.692056
9776.00000 0.719461
9780.00000 0.719546
9784.00000 0.708901
9788.00000 0.705277
9792.00000 0.718548
9796.00000 0.716704
9800.00000 0.712412
9804.00000 0.725878
9808.00000 0.728691
9812.00000 0.750732
9816.00000 0.769292
9820.00000 0.770881
9824.00000 0.771887
9828.00000 0.76903
9832.00000 0.765561
9836.00000 0.777486
9840.00000 0.79046
9844.00000 0.800477
9848.00000 0.801953
9852.00000 0.800137
9856.00000 0.802674
9860.00000 0.812804
9864.00000 0.820179
9868.00000 0.824005
9872.00000 0.824867
9876.00000 0.824703
9880.00000 0.826971
9884.00000 0.832562
9888.00000 0.837699
9892.00000 0.84072
9896.00000 0.842549
9900.00000 0.842781
9904.00000 0.842126
9908.00000 0.844759
9912.00000 0.847975
9916.00000 0.849495
9920.00000 0.851015
9924.00000 0.852186
9928.00000 0.852542
9932.00000 0.851848
9936.00000 0.853293
9940.00000 0.856338
9944.00000 0.858103
9948.00000 0.859365
9952.00000 0.860446
9956.00000 0.860971
9960.00000 0.861332
9964.00000 0.862109
9968.00000 0.863255
9972.00000 0.863895
9976.00000 0.86455
9980.00000 0.865114
9984.00000 0.865546
9988.00000 0.866585
9992.00000 0.867413
9996.00000 0.867879
10000.00000 0.868141
10004.00000 0.869202
10008.00000 0.870541
10012.00000 0.871706
10016.00000 0.871723
10020.00000 0.870647
10024.00000 0.869679
10028.00000 0.871454
10032.00000 0.874297
10036.00000 0.876449
10040.00000 0.876898
10044.00000 0.876614
10048.00000 0.877824
10052.00000 0.878433
10056.00000 0.877025
10060.00000 0.87531
10064.00000 0.874582
10068.00000 0.873712
10072.00000 0.872455
10076.00000 0.871139
10080.00000 0.869403
10084.00000 0.867267
10088.00000 0.866489
10092.00000 0.864934
10096.00000 0.861998
10100.00000 0.860351
10104.00000 0.858974
10108.00000 0.857267
10112.00000 0.854967
10116.00000 0.852274
10120.00000 0.849046
10124.00000 0.845278
10128.00000 0.842811
10132.00000 0.840811
10136.00000 0.838007
10140.00000 0.835329
10144.00000 0.832332
10148.00000 0.828965
10152.00000 0.827153
10156.00000 0.826293
10160.00000 0.825118
10164.00000 0.824645
10168.00000 0.823893
10172.00000 0.822609
10176.00000 0.821563
10180.00000 0.820779
10184.00000 0.820165
10188.00000 0.819301
10192.00000 0.817927
10196.00000 0.815687
10200.00000 0.814804
10204.00000 0.818688
10208.00000 0.821564
10212.00000 0.824355
10216.00000 0.826927
10220.00000 0.829131
10224.00000 0.831976
10228.00000 0.834879
10232.00000 0.837078
10236.00000 0.839373
10240.00000 0.841156
10244.00000 0.843527
10248.00000 0.84762
10252.00000 0.850995
10256.00000 0.85356
10260.00000 0.855818
10264.00000 0.858276
10268.00000 0.860875
10272.00000 0.863253
10276.00000 0.864915
10280.00000 0.867034
10284.00000 0.870257
10288.00000 0.872855
10292.00000 0.875253
10296.00000 0.877975
10300.00000 0.880516
10304.00000 0.880287
10308.00000 0.880078
10312.00000 0.879753
10316.00000 0.879186
10320.00000 0.878825
10324.00000 0.878965
10328.00000 0.878917
10332.00000 0.878649
10336.00000 0.878264
10340.00000 0.878022
10344.00000 0.877907
10348.00000 0.877698
10352.00000 0.877238
10356.00000 0.876557
10360.00000 0.875859
10364.00000 0.875144
10368.00000 0.874489
10372.00000 0.873845
10376.00000 0.873173
10380.00000 0.872496
10384.00000 0.871819
10388.00000 0.871142
10392.00000 0.870465
10396.00000 0.869788
10400.00000 0.869111
10404.00000 0.87083
10408.00000 0.87255
10412.00000 0.874269
10416.00000 0.875989
10420.00000 0.877708
10424.00000 0.879427
10428.00000 0.881146
10432.00000 0.882864
10436.00000 0.884583
10440.00000 0.886302
10444.00000 0.88802
10448.00000 0.889738
10452.00000 0.891736
10456.00000 0.894012
10460.00000 0.896288
10464.00000 0.898564
10468.00000 0.900839
10472.00000 0.903115
10476.00000 0.90539
10480.00000 0.907665
10484.00000 0.90994
10488.00000 0.912194
10492.00000 0.914305
10496.00000 0.916249
10500.00000 0.918422
10504.00000 0.921061
10508.00000 0.923813
10512.00000 0.926474
10516.00000 0.928979
10520.00000 0.931378
10524.00000 0.933794
10528.00000 0.936332
10532.00000 0.938907
10536.00000 0.941435
10540.00000 0.943947
10544.00000 0.946471
10548.00000 0.949008
10552.00000 0.951108
10556.00000 0.952757
10560.00000 0.954369
10564.00000 0.956003
10568.00000 0.957661
10572.00000 0.959296
10576.00000 0.960912
10580.00000 0.96254
10584.00000 0.964183
10588.00000 0.965807
10592.00000 0.967387
10596.00000 0.969002
10600.00000 0.970682
10604.00000 0.971128
10608.00000 0.971552
10612.00000 0.971964
10616.00000 0.972364
10620.00000 0.972747
10624.00000 0.973023
10628.00000 0.973108
10632.00000 0.973294
10636.00000 0.973905
10640.00000 0.97451
10644.00000 0.974912
10648.00000 0.974933
10652.00000 0.973951
10656.00000 0.972824
10660.00000 0.971789
10664.00000 0.970566
10668.00000 0.969398
10672.00000 0.967904
10676.00000 0.966005
10680.00000 0.963828
10684.00000 0.96264
10688.00000 0.961695
10692.00000 0.960287
10696.00000 0.95875
10700.00000 0.957244
10704.00000 0.956539
10708.00000 0.956369
10712.00000 0.956725
10716.00000 0.956287
10720.00000 0.955028
10724.00000 0.953445
10728.00000 0.952511
10732.00000 0.952465
10736.00000 0.952984
10740.00000 0.953279
10744.00000 0.952142
10748.00000 0.947809
10752.00000 0.944488
10756.00000 0.947337
10760.00000 0.948663
10764.00000 0.947339
10768.00000 0.945323
10772.00000 0.943144
10776.00000 0.936319
10780.00000 0.932523
10784.00000 0.937222
10788.00000 0.938617
10792.00000 0.938754
10796.00000 0.937779
10800.00000 0.934049
10804.00000 0.9284
10808.00000 0.925514
10812.00000 0.926419
10816.00000 0.923367
10820.00000 0.922905
10824.00000 0.926633
10828.00000 0.928445
10832.00000 0.926502
10836.00000 0.915129
10840.00000 0.904795
10844.00000 0.911348
10848.00000 0.915828
10852.00000 0.917895
10856.00000 0.919177
10860.00000 0.913366
10864.00000 0.894918
10868.00000 0.890831
10872.00000 0.908761
10876.00000 0.916672
10880.00000 0.91993
10884.00000 0.922262
10888.00000 0.923
10892.00000 0.92158
10896.00000 0.918556
10900.00000 0.920266
10904.00000 0.915099
10908.00000 0.903304
10912.00000 0.915963
10916.00000 0.932682
10920.00000 0.93682
10924.00000 0.930175
10928.00000 0.902393
10932.00000 0.890704
10936.00000 0.91723
10940.00000 0.930855
10944.00000 0.933238
10948.00000 0.926305
10952.00000 0.913917
10956.00000 0.917969
10960.00000 0.913163
10964.00000 0.897142
10968.00000 0.905361
10972.00000 0.918795
10976.00000 0.913677
10980.00000 0.888972
10984.00000 0.874885
10988.00000 0.881681
10992.00000 0.875135
10996.00000 0.861399
11000.00000 0.836604
11004.00000 0.823985
11008.00000 0.820374
11012.00000 0.79702
11016.00000 0.784137
11020.00000 0.766249
11024.00000 0.729321
11028.00000 0.711425
11032.00000 0.695739
11036.00000 0.681542
11040.00000 0.675239
11044.00000 0.646186
11048.00000 0.610445
11052.00000 0.604583
11056.00000 0.591176
11060.00000 0.555922
11064.00000 0.513131
11068.00000 0.48129
11072.00000 0.476086
11076.00000 0.466147
11080.00000 0.431395
11084.00000 0.38675
11088.00000 0.354357
11092.00000 0.337714
11096.00000 0.324555
11100.00000 0.304572
11104.00000 0.28766
11108.00000 0.257453
11112.00000 0.229109
11116.00000 0.210262
11120.00000 0.200799
11124.00000 0.195456
11128.00000 0.176306
11132.00000 0.146446
11136.00000 0.115088
11140.00000 0.102103
11144.00000 0.099702
11148.00000 0.093859
11152.00000 0.076703
11156.00000 0.061301
11160.00000 0.060249
11164.00000 0.054411
11168.00000 0.036861
11172.00000 0.032041
11176.00000 0.035917
11180.00000 0.039091
11184.00000 0.038207
11188.00000 0.030584
11192.00000 0.023365
11196.00000 0.017484
11200.00000 0.016818
11204.00000 0.016666
11208.00000 0.015535
11212.00000 0.017093
11216.00000 0.015606
11220.00000 0.012263
11224.00000 0.008391
11228.00000 0.005976
11232.00000 0.007244
11236.00000 0.008993
11240.00000 0.006915
11244.00000 0.006548
11248.00000 0.007083
11252.00000 0.006293
11256.00000 0.00422
11260.00000 0.002755
11264.00000 0.003431
11268.00000 0.004241
11272.00000 0.004828
11276.00000 0.00425
11280.00000 0.003216
11284.00000 0.003169
11288.00000 0.003373
11292.00000 0.003083
11296.00000 0.002722
11300.00000 0.002217
11304.00000 0.002137
11308.00000 0.002729
11312.00000 0.003239
11316.00000 0.003235
11320.00000 0.003032
11324.00000 0.002783
11328.00000 0.002415
11332.00000 0.002219
11336.00000 0.001765
11340.00000 0.001268
11344.00000 0.001022
11348.00000 0.000656
11352.00000 0.000403
11356.00000 0.000734
11360.00000 0.001186
11364.00000 0.001151
11368.00000 0.001307
11372.00000 0.001551
11376.00000 0.001485
11380.00000 0.001275
11384.00000 0.001203
11388.00000 0.001052
11392.00000 0.001067
11396.00000 0.001152
11400.00000 0.000979
11404.00000 0.000887
11408.00000 0.000956
11412.00000 0.000889
11416.00000 0.000875
11420.00000 0.000938
11424.00000 0.001008
11428.00000 0.00107
11432.00000 0.001152
11436.00000 0.001189
11440.00000 0.001058
11444.00000 0.000844
11448.00000 0.000796
11452.00000 0.000884
11456.00000 0.000882
11460.00000 0.000879
11464.00000 0.00088
11468.00000 0.000766
11472.00000 0.000642
11476.00000 0.000623
11480.00000 0.000725
11484.00000 0.00096
11488.00000 0.000967
11492.00000 0.000821
11496.00000 0.000808
11500.00000 0.000667
11504.00000 0.000577
11508.00000 0.000652
11512.00000 0.000598
11516.00000 0.000508
11520.00000 0.000445
11524.00000 0.000339
11528.00000 0.000238
11532.00000 0.000179
11536.00000 0.000132
11540.00000 4.7e-05
11544.00000 0.0
11548.00000 0.0
11552.00000 0.0
11556.00000 2e-06
11560.00000 0.000103
11564.00000 0.00021
11568.00000 0.000337
11572.00000 0.000463
11576.00000 0.000567
11580.00000 0.000634
11584.00000 0.000752
11588.00000 0.000915
11592.00000 0.001
11596.00000 0.001113
11600.00000 0.00126
11604.00000 0.001106
11608.00000 0.000962
11612.00000 0.000912
11616.00000 0.000827
11620.00000 0.000711
11624.00000 0.000592
11628.00000 0.000471
11632.00000 0.000375
11636.00000 0.000256
11640.00000 0.000125
11644.00000 1e-06
11648.00000 0.0
11652.00000 0.0
11656.00000 0.0
11660.00000 2.2e-05
11664.00000 0.000102
11668.00000 0.000187
11672.00000 0.000268
11676.00000 0.000355
11680.00000 0.000444
11684.00000 0.000524
11688.00000 0.000603
11692.00000 0.000698
11696.00000 0.000792
11700.00000 0.000883
11704.00000 0.000685
11708.00000 0.000475
11712.00000 0.000276
11716.00000 8.1e-05
11720.00000 0.0
11724.00000 0.0
11728.00000 0.0
11732.00000 0.0
11736.00000 0.0
11740.00000 0.0
11744.00000 0.0
11748.00000 0.0
11752.00000 0.0
11756.00000 0.0
11760.00000 0.0
11764.00000 0.0
11768.00000 0.0
11772.00000 0.0
11776.00000 0.0
11780.00000 0.0
11784.00000 0.0
11788.00000 0.0
11792.00000 0.0
11796.00000 0.0
11800.00000 0.0
11804.00000 0.0
11808.00000 0.0
11812.00000 0.0
11816.00000 3.9e-05
11820.00000 0.000159
11824.00000 0.000266
11828.00000 0.000412
11832.00000 0.000581
11836.00000 0.000737
11840.00000 0.000871
11844.00000 0.000977
11848.00000 0.00107
11852.00000 0.001162
11856.00000 0.001278
11860.00000 0.001419
11864.00000 0.001514
11868.00000 0.001581
11872.00000 0.001649
11876.00000 0.001702
11880.00000 0.001695
11884.00000 0.001725
11888.00000 0.001828
11892.00000 0.002006
11896.00000 0.002131
11900.00000 0.002261
11904.00000 0.002076
11908.00000 0.001857
11912.00000 0.001659
11916.00000 0.001486
11920.00000 0.001309
11924.00000 0.001122
11928.00000 0.000942
11932.00000 0.000745
11936.00000 0.00054
11940.00000 0.000349
11944.00000 0.000169
11948.00000 0.0
11952.00000 0.0
11956.00000 0.0
11960.00000 0.0
11964.00000 2.4e-05
11968.00000 6.4e-05
11972.00000 0.000106
11976.00000 0.000144
11980.00000 0.000181
11984.00000 0.000225
11988.00000 0.000261
11992.00000 0.000287
11996.00000 0.000328
12000.00000 0.000381
12004.00000 0.000274
12008.00000 0.000163
12012.00000 5.3e-05
12016.00000 0.0
12020.00000 0.0
12024.00000 0.0
12028.00000 0.0
12032.00000 0.0
12036.00000 0.0
12040.00000 0.0
12044.00000 0.0
12048.00000 0.0
12052.00000 0.0
12056.00000 0.0
12060.00000 0.0
12064.00000 0.0
12068.00000 0.0
12072.00000 0.0
12076.00000 0.0
12080.00000 0.0
12084.00000 0.0
12088.00000 0.0
12092.00000 0.0
12096.00000 0.0
12100.00000 0.0
12104.00000 0.0
12108.00000 0.0
12112.00000 0.0
12116.00000 9e-06
12120.00000 3e-05
12124.00000 5.2e-05
12128.00000 7.3e-05
12132.00000 9.6e-05
12136.00000 0.000119
12140.00000 0.00014
12144.00000 0.000159
12148.00000 0.000179
12152.00000 0.00015
12156.00000 7.2e-05
12160.00000 0.0
12164.00000 0.0
12168.00000 0.0
12172.00000 0.0
12176.00000 0.0
12180.00000 0.0
12184.00000 0.0
12188.00000 0.0
12192.00000 0.0
12196.00000 0.0
12200.00000 0.0
12204.00000 0.0
12208.00000 0.0
12212.00000 0.0
12216.00000 0.0
12220.00000 0.0
12224.00000 0.0
12228.00000 0.0
12232.00000 0.0
12236.00000 0.0
12240.00000 8.6e-05
12244.00000 0.000177
13468.40039 0.0
