threeML/data/optical_filters/LCO/CSP-K.ecsv
# %ECSV 0.9
# ---
# datatype:
# - {name: wavelength, unit: Angstrom, datatype: float32}
# - {name: response, datatype: float32}
# meta: !!omap
# - {band_name: K}
# - {group_name: CSP}
wavelength response
19000.00000 0.0
19010.00000 1.16735e-05
19020.00000 5.16217e-05
19030.00000 7.09043e-06
19040.00000 8.61826e-05
19050.00000 1.15646e-05
19060.00000 0.0
19070.00000 2.05899e-05
19080.00000 0.000310901
19090.00000 0.000184657
19100.00000 0.00017069
19110.00000 3.64118e-05
19120.00000 5.04365e-05
19130.00000 5.9572e-05
19140.00000 5.62632e-06
19150.00000 9.33575e-05
19160.00000 6.95262e-05
19170.00000 0.000148603
19180.00000 0.000993602
19190.00000 0.000539752
19200.00000 0.0
19210.00000 4.57915e-06
19220.00000 0.000817425
19230.00000 0.00124611
19240.00000 0.000107651
19250.00000 0.00128593
19260.00000 0.00177887
19270.00000 0.000288589
19280.00000 0.000660305
19290.00000 0.000787743
19300.00000 0.000739897
19310.00000 0.000335266
19320.00000 0.000910582
19330.00000 0.000761701
19340.00000 0.000309595
19350.00000 0.00120097
19360.00000 0.000600779
19370.00000 0.00086498
19380.00000 0.000912203
19390.00000 0.000845469
19400.00000 0.00207414
19410.00000 0.00316388
19420.00000 0.00740743
19430.00000 0.0131486
19440.00000 0.00849066
19450.00000 0.0094655
19460.00000 0.0178152
19470.00000 0.0184691
19480.00000 0.0179776
19490.00000 0.0193255
19500.00000 0.023876
19510.00000 0.0265629
19520.00000 0.0308811
19530.00000 0.0147071
19540.00000 0.0155091
19550.00000 0.0152154
19560.00000 0.0111833
19570.00000 0.0098977
19580.00000 0.0100108
19590.00000 0.00780427
19600.00000 0.0132248
19610.00000 0.0128382
19620.00000 0.0128907
19630.00000 0.0115886
19640.00000 0.0119884
19650.00000 0.0185394
19660.00000 0.0178598
19670.00000 0.0275702
19680.00000 0.0279283
19690.00000 0.0321009
19700.00000 0.0438686
19710.00000 0.039791
19720.00000 0.0378013
19730.00000 0.0558167
19740.00000 0.0515575
19750.00000 0.0648141
19760.00000 0.0678995
19770.00000 0.0804984
19780.00000 0.0863829
19790.00000 0.0885628
19800.00000 0.0631665
19810.00000 0.0967333
19820.00000 0.120083
19830.00000 0.118206
19840.00000 0.140009
19850.00000 0.138159
19860.00000 0.147972
19870.00000 0.115003
19880.00000 0.167421
19890.00000 0.184562
19900.00000 0.154904
19910.00000 0.189217
19920.00000 0.219654
19930.00000 0.233549
19940.00000 0.211899
19950.00000 0.231325
19960.00000 0.220509
19970.00000 0.212498
19980.00000 0.186002
19990.00000 0.184661
20000.00000 0.154341
20010.00000 0.111057
20020.00000 0.0820241
20030.00000 0.124917
20040.00000 0.0841251
20050.00000 0.113401
20060.00000 0.099382
20070.00000 0.126349
20080.00000 0.197567
20090.00000 0.260275
20100.00000 0.179997
20110.00000 0.186209
20120.00000 0.145084
20130.00000 0.163677
20140.00000 0.149722
20150.00000 0.14327
20160.00000 0.187801
20170.00000 0.174491
20180.00000 0.193486
20190.00000 0.227024
20200.00000 0.238125
20210.00000 0.261615
20220.00000 0.290382
20230.00000 0.300641
20240.00000 0.321579
20250.00000 0.337484
20260.00000 0.37196
20270.00000 0.370322
20280.00000 0.353922
20290.00000 0.371163
20300.00000 0.396539
20310.00000 0.397044
20320.00000 0.409034
20330.00000 0.396444
20340.00000 0.405071
20350.00000 0.413608
20360.00000 0.414868
20370.00000 0.414857
20380.00000 0.402745
20390.00000 0.415116
20400.00000 0.382428
20410.00000 0.401803
20420.00000 0.399758
20430.00000 0.404234
20440.00000 0.395272
20450.00000 0.404148
20460.00000 0.413486
20470.00000 0.398787
20480.00000 0.372409
20490.00000 0.35658
20500.00000 0.335751
20510.00000 0.34369
20520.00000 0.293721
20530.00000 0.307223
20540.00000 0.254154
20550.00000 0.283402
20560.00000 0.286552
20570.00000 0.287463
20580.00000 0.301427
20590.00000 0.324286
20600.00000 0.386959
20610.00000 0.366332
20620.00000 0.313381
20630.00000 0.306802
20640.00000 0.314961
20650.00000 0.303317
20660.00000 0.295888
20670.00000 0.317526
20680.00000 0.317484
20690.00000 0.343282
20700.00000 0.345981
20710.00000 0.340197
20720.00000 0.348219
20730.00000 0.376061
20740.00000 0.377176
20750.00000 0.377238
20760.00000 0.38934
20770.00000 0.391401
20780.00000 0.389213
20790.00000 0.423
20800.00000 0.430679
20810.00000 0.428489
20820.00000 0.422652
20830.00000 0.413374
20840.00000 0.414346
20850.00000 0.403255
20860.00000 0.417263
20870.00000 0.423518
20880.00000 0.426063
20890.00000 0.425686
20900.00000 0.423723
20910.00000 0.433298
20920.00000 0.43537
20930.00000 0.431705
20940.00000 0.423242
20950.00000 0.441906
20960.00000 0.443591
20970.00000 0.442604
20980.00000 0.435342
20990.00000 0.416607
21000.00000 0.439262
21010.00000 0.434707
21020.00000 0.421517
21030.00000 0.446795
21040.00000 0.447117
21050.00000 0.445321
21060.00000 0.448428
21070.00000 0.447511
21080.00000 0.447193
21090.00000 0.444845
21100.00000 0.439084
21110.00000 0.44518
21120.00000 0.432253
21130.00000 0.4503
21140.00000 0.452979
21150.00000 0.451402
21160.00000 0.450377
21170.00000 0.452338
21180.00000 0.445804
21190.00000 0.43251
21200.00000 0.444198
21210.00000 0.452413
21220.00000 0.456784
21230.00000 0.45684
21240.00000 0.447013
21250.00000 0.443201
21260.00000 0.458777
21270.00000 0.45
21280.00000 0.435281
21290.00000 0.458687
21300.00000 0.459079
21310.00000 0.459022
21320.00000 0.459076
21330.00000 0.458315
21340.00000 0.458496
21350.00000 0.455892
21360.00000 0.449904
21370.00000 0.457326
21380.00000 0.456959
21390.00000 0.455687
21400.00000 0.455734
21410.00000 0.456107
21420.00000 0.455535
21430.00000 0.453531
21440.00000 0.454761
21450.00000 0.454319
21460.00000 0.454068
21470.00000 0.452919
21480.00000 0.450336
21490.00000 0.450403
21500.00000 0.447044
21510.00000 0.437588
21520.00000 0.427521
21530.00000 0.435588
21540.00000 0.442687
21550.00000 0.443504
21560.00000 0.44909
21570.00000 0.450334
21580.00000 0.447345
21590.00000 0.437893
21600.00000 0.44402
21610.00000 0.438305
21620.00000 0.445681
21630.00000 0.433565
21640.00000 0.425376
21650.00000 0.44755
21660.00000 0.444111
21670.00000 0.437465
21680.00000 0.437764
21690.00000 0.426625
21700.00000 0.444642
21710.00000 0.446447
21720.00000 0.439924
21730.00000 0.434983
21740.00000 0.428303
21750.00000 0.437974
21760.00000 0.430086
21770.00000 0.440472
21780.00000 0.438374
21790.00000 0.421012
21800.00000 0.437728
21810.00000 0.444029
21820.00000 0.442832
21830.00000 0.40876
21840.00000 0.414648
21850.00000 0.407553
21860.00000 0.441592
21870.00000 0.432433
21880.00000 0.421194
21890.00000 0.437545
21900.00000 0.434464
21910.00000 0.430278
21920.00000 0.442151
21930.00000 0.442194
21940.00000 0.423979
21950.00000 0.42305
21960.00000 0.437733
21970.00000 0.434394
21980.00000 0.409473
21990.00000 0.407229
22000.00000 0.379628
22010.00000 0.406242
22020.00000 0.414584
22030.00000 0.421959
22040.00000 0.42697
22050.00000 0.405952
22060.00000 0.425155
22070.00000 0.431318
22080.00000 0.435955
22090.00000 0.44052
22100.00000 0.436517
22110.00000 0.435296
22120.00000 0.44045
22130.00000 0.441239
22140.00000 0.4368
22150.00000 0.42841
22160.00000 0.416216
22170.00000 0.430579
22180.00000 0.436085
22190.00000 0.438446
22200.00000 0.438033
22210.00000 0.425883
22220.00000 0.425769
22230.00000 0.436852
22240.00000 0.436516
22250.00000 0.430589
22260.00000 0.429629
22270.00000 0.418365
22280.00000 0.431956
22290.00000 0.437233
22300.00000 0.43865
22310.00000 0.431816
22320.00000 0.414896
22330.00000 0.424839
22340.00000 0.427984
22350.00000 0.43381
22360.00000 0.427109
22370.00000 0.426007
22380.00000 0.422706
22390.00000 0.435068
22400.00000 0.427999
22410.00000 0.425986
22420.00000 0.425994
22430.00000 0.429169
22440.00000 0.417372
22450.00000 0.433778
22460.00000 0.419217
22470.00000 0.397333
22480.00000 0.425238
22490.00000 0.429274
22500.00000 0.42334
22510.00000 0.420774
22520.00000 0.420838
22530.00000 0.420802
22540.00000 0.405764
22550.00000 0.411279
22560.00000 0.405609
22570.00000 0.397189
22580.00000 0.412736
22590.00000 0.42285
22600.00000 0.409776
22610.00000 0.395298
22620.00000 0.389956
22630.00000 0.415159
22640.00000 0.395689
22650.00000 0.39992
22660.00000 0.424087
22670.00000 0.424832
22680.00000 0.394001
22690.00000 0.385944
22700.00000 0.407049
22710.00000 0.411331
22720.00000 0.397879
22730.00000 0.409
22740.00000 0.417759
22750.00000 0.38899
22760.00000 0.371367
22770.00000 0.402648
22780.00000 0.414701
22790.00000 0.422176
22800.00000 0.407371
22810.00000 0.387265
22820.00000 0.401961
22830.00000 0.375634
22840.00000 0.385973
22850.00000 0.388398
22860.00000 0.406167
22870.00000 0.405674
22880.00000 0.401079
22890.00000 0.37747
22900.00000 0.356214
22910.00000 0.388042
22920.00000 0.379418
22930.00000 0.371918
22940.00000 0.368091
22950.00000 0.354132
22960.00000 0.345877
22970.00000 0.365175
22980.00000 0.337681
22990.00000 0.329546
23000.00000 0.322276
23010.00000 0.323981
23020.00000 0.325238
23030.00000 0.316322
23040.00000 0.294205
23050.00000 0.291371
23060.00000 0.296428
23070.00000 0.278335
23080.00000 0.281955
23090.00000 0.274504
23100.00000 0.268756
23110.00000 0.266748
23120.00000 0.251388
23130.00000 0.246689
23140.00000 0.237565
23150.00000 0.222649
23160.00000 0.180135
23170.00000 0.145044
23180.00000 0.140546
23190.00000 0.153704
23200.00000 0.155352
23210.00000 0.150208
23220.00000 0.137759
23230.00000 0.130824
23240.00000 0.131697
23250.00000 0.126049
23260.00000 0.115536
23270.00000 0.112537
23280.00000 0.0993185
23290.00000 0.0946983
23300.00000 0.0930194
23310.00000 0.0826027
23320.00000 0.0758306
23330.00000 0.0749038
23340.00000 0.0687058
23350.00000 0.0628809
23360.00000 0.0602401
23370.00000 0.0584847
23380.00000 0.051548
23390.00000 0.0465341
23400.00000 0.039415
23410.00000 0.0380498
23420.00000 0.0385562
23430.00000 0.0376251
23440.00000 0.0352669
23450.00000 0.0324947
23460.00000 0.0310531
23470.00000 0.0282542
23480.00000 0.0268049
23490.00000 0.0247057
23500.00000 0.0216048
23510.00000 0.0196651
23520.00000 0.016877
23530.00000 0.0200068
23540.00000 0.0193966
23550.00000 0.0172808
23560.00000 0.0149554
23570.00000 0.0152226
23580.00000 0.0128739
23590.00000 0.0122281
23600.00000 0.0137759
23610.00000 0.0130503
23620.00000 0.0118101
23630.00000 0.0119272
23640.00000 0.0101469
23650.00000 0.010348
23660.00000 0.0102067
23670.00000 0.00870639
23680.00000 0.0082328
23690.00000 0.00791005
23700.00000 0.00633313
23710.00000 0.00427289
23720.00000 0.00550723
23730.00000 0.00603226
23740.00000 0.00611708
23750.00000 0.00588264
23760.00000 0.00480057
23770.00000 0.00412908
23780.00000 0.00381444
23790.00000 0.00411913
23800.00000 0.00372486
23810.00000 0.00367322
23820.00000 0.00375974
23830.00000 0.00274294
23840.00000 0.00245735
23850.00000 0.00310976
23860.00000 0.0027143
23870.00000 0.00278035
23880.00000 0.00260957
23890.00000 0.00282898
23900.00000 0.00272336
23910.00000 0.00244152
23920.00000 0.00202624
23930.00000 0.00239498
23940.00000 0.00214339
23950.00000 0.0019719
23960.00000 0.00177009
23970.00000 0.00124955
23980.00000 0.00132529
23990.00000 0.00137939
24000.00000 0.00110671
24010.00000 0.00104242
24020.00000 0.000978662
24030.00000 0.000860414
24040.00000 0.000582819
24050.00000 0.000565797
24060.00000 0.000540264
24070.00000 0.000411596
24080.00000 0.000427237
24090.00000 0.000396155
24100.00000 0.000330174
24110.00000 0.000355734
24120.00000 0.000272131
24130.00000 0.000258678
24140.00000 0.000217619
24150.00000 0.000189982
24160.00000 0.00010871
24170.00000 0.000134303
24180.00000 7.61722e-05
24190.00000 1.54552e-05
24200.00000 0.0
