threeML/data/optical_filters/LCO/CSP-WIRC_H.ecsv
# %ECSV 0.9
# ---
# datatype:
# - {name: wavelength, unit: Angstrom, datatype: float32}
# - {name: response, datatype: float32}
# meta: !!omap
# - {band_name: WIRC_H}
# - {group_name: CSP}
wavelength response
12600.00000 0.0
14000.00000 0.00011
14004.00000 2.6e-05
14008.00000 1e-05
14012.00000 9e-06
14016.00000 2.3e-05
14020.00000 0.000126
14024.00000 0.000481
14028.00000 0.000849
14032.00000 0.000719
14036.00000 0.000551
14040.00000 0.000545
14044.00000 0.000281
14048.00000 7.5e-05
14052.00000 3e-05
14056.00000 0.000113
14060.00000 0.000377
14064.00000 0.000619
14068.00000 0.000563
14072.00000 0.000241
14076.00000 8.6e-05
14080.00000 0.000277
14084.00000 0.000541
14088.00000 0.000524
14092.00000 0.000325
14096.00000 0.0001
14100.00000 8e-05
14104.00000 0.000246
14108.00000 0.000425
14112.00000 0.00054
14116.00000 0.00055
14120.00000 0.000668
14124.00000 0.000655
14128.00000 0.000662
14132.00000 0.001215
14136.00000 0.001341
14140.00000 0.000767
14144.00000 0.000328
14148.00000 0.000156
14152.00000 0.000191
14156.00000 0.000398
14160.00000 0.000891
14164.00000 0.001646
14168.00000 0.001874
14172.00000 0.0015
14176.00000 0.001277
14180.00000 0.001117
14184.00000 0.001282
14188.00000 0.001334
14192.00000 0.000677
14196.00000 0.000227
14200.00000 0.000426
14204.00000 0.000959
14208.00000 0.001296
14212.00000 0.001563
14216.00000 0.002007
14220.00000 0.002435
14224.00000 0.003097
14228.00000 0.003151
14232.00000 0.002342
14236.00000 0.001651
14240.00000 0.001441
14244.00000 0.002014
14248.00000 0.003552
14252.00000 0.003812
14256.00000 0.002857
14260.00000 0.002057
14264.00000 0.002748
14268.00000 0.004032
14272.00000 0.003866
14276.00000 0.002625
14280.00000 0.001804
14284.00000 0.001538
14288.00000 0.001424
14292.00000 0.001796
14296.00000 0.002733
14300.00000 0.002929
14304.00000 0.003258
14308.00000 0.004406
14312.00000 0.004088
14316.00000 0.002404
14320.00000 0.001549
14324.00000 0.001542
14328.00000 0.001514
14332.00000 0.002458
14336.00000 0.004316
14340.00000 0.004707
14344.00000 0.003481
14348.00000 0.002767
14352.00000 0.004011
14356.00000 0.005053
14360.00000 0.005351
14364.00000 0.004402
14368.00000 0.004324
14372.00000 0.004839
14376.00000 0.003296
14380.00000 0.00183
14384.00000 0.002872
14388.00000 0.005149
14392.00000 0.005898
14396.00000 0.004546
14400.00000 0.003669
14404.00000 0.005307
14408.00000 0.006098
14412.00000 0.006008
14416.00000 0.005282
14420.00000 0.005344
14424.00000 0.007272
14428.00000 0.007418
14432.00000 0.006098
14436.00000 0.007958
14440.00000 0.011038
14444.00000 0.010492
14448.00000 0.010015
14452.00000 0.010781
14456.00000 0.007512
14460.00000 0.003558
14464.00000 0.005181
14468.00000 0.009453
14472.00000 0.009863
14476.00000 0.009631
14480.00000 0.012882
14484.00000 0.014103
14488.00000 0.01357
14492.00000 0.014307
14496.00000 0.01499
14500.00000 0.012779
14504.00000 0.008711
14508.00000 0.004703
14512.00000 0.003908
14516.00000 0.008828
14520.00000 0.015445
14524.00000 0.015623
14528.00000 0.016378
14532.00000 0.018334
14536.00000 0.020783
14540.00000 0.025966
14544.00000 0.027602
14548.00000 0.02626
14552.00000 0.02393
14556.00000 0.018509
14560.00000 0.02157
14564.00000 0.030185
14568.00000 0.03467
14572.00000 0.035659
14576.00000 0.034624
14580.00000 0.03372
14584.00000 0.038661
14588.00000 0.044892
14592.00000 0.047015
14596.00000 0.048856
14600.00000 0.047657
14604.00000 0.040395
14608.00000 0.036502
14612.00000 0.046085
14616.00000 0.047689
14620.00000 0.051879
14624.00000 0.064735
14628.00000 0.068472
14632.00000 0.053878
14636.00000 0.042062
14640.00000 0.060275
14644.00000 0.082049
14648.00000 0.092151
14652.00000 0.081806
14656.00000 0.061616
14660.00000 0.071581
14664.00000 0.0759
14668.00000 0.066346
14672.00000 0.065909
14676.00000 0.080933
14680.00000 0.095476
14684.00000 0.11201
14688.00000 0.136962
14692.00000 0.140742
14696.00000 0.112096
14700.00000 0.090214
14704.00000 0.113739
14708.00000 0.101814
14712.00000 0.068013
14716.00000 0.099034
14720.00000 0.151296
14724.00000 0.146801
14728.00000 0.121236
14732.00000 0.162049
14736.00000 0.193131
14740.00000 0.191639
14744.00000 0.233427
14748.00000 0.299807
14752.00000 0.331501
14756.00000 0.331907
14760.00000 0.26789
14764.00000 0.252126
14768.00000 0.316107
14772.00000 0.302785
14776.00000 0.302335
14780.00000 0.301724
14784.00000 0.28936
14788.00000 0.410025
14792.00000 0.476005
14796.00000 0.427821
14800.00000 0.397544
14804.00000 0.370463
14808.00000 0.308585
14812.00000 0.408527
14816.00000 0.511272
14820.00000 0.417428
14824.00000 0.377384
14828.00000 0.503563
14832.00000 0.599661
14836.00000 0.611848
14840.00000 0.634955
14844.00000 0.592102
14848.00000 0.508389
14852.00000 0.559272
14856.00000 0.605608
14860.00000 0.608727
14864.00000 0.591581
14868.00000 0.505995
14872.00000 0.467135
14876.00000 0.523982
14880.00000 0.56349
14884.00000 0.556729
14888.00000 0.616336
14892.00000 0.695481
14896.00000 0.690109
14900.00000 0.63857
14904.00000 0.688872
14908.00000 0.765679
14912.00000 0.750327
14916.00000 0.645669
14920.00000 0.595259
14924.00000 0.654588
14928.00000 0.684614
14932.00000 0.687983
14936.00000 0.711938
14940.00000 0.737567
14944.00000 0.71707
14948.00000 0.709285
14952.00000 0.686738
14956.00000 0.664976
14960.00000 0.676406
14964.00000 0.684797
14968.00000 0.66953
14972.00000 0.708826
14976.00000 0.764372
14980.00000 0.738682
14984.00000 0.694152
14988.00000 0.710629
14992.00000 0.73658
14996.00000 0.732423
15000.00000 0.733154
15004.00000 0.760574
15008.00000 0.781888
15012.00000 0.782298
15016.00000 0.784203
15020.00000 0.75578
15024.00000 0.743701
15028.00000 0.750882
15032.00000 0.729588
15036.00000 0.718408
15040.00000 0.676789
15044.00000 0.651882
15048.00000 0.67246
15052.00000 0.696255
15056.00000 0.752165
15060.00000 0.782775
15064.00000 0.796397
15068.00000 0.81076
15072.00000 0.804504
15076.00000 0.785435
15080.00000 0.793921
15084.00000 0.778248
15088.00000 0.716237
15092.00000 0.694446
15096.00000 0.754009
15100.00000 0.815703
15104.00000 0.827311
15108.00000 0.824961
15112.00000 0.827613
15116.00000 0.833562
15120.00000 0.846666
15124.00000 0.848758
15128.00000 0.835554
15132.00000 0.828124
15136.00000 0.835635
15140.00000 0.834521
15144.00000 0.831702
15148.00000 0.851404
15152.00000 0.862275
15156.00000 0.87347
15160.00000 0.880292
15164.00000 0.870952
15168.00000 0.855801
15172.00000 0.855172
15176.00000 0.861227
15180.00000 0.861745
15184.00000 0.878396
15188.00000 0.885703
15192.00000 0.876483
15196.00000 0.871052
15200.00000 0.889279
15204.00000 0.897643
15208.00000 0.897717
15212.00000 0.906248
15216.00000 0.91113
15220.00000 0.905756
15224.00000 0.904826
15228.00000 0.911833
15232.00000 0.9137
15236.00000 0.909044
15240.00000 0.907771
15244.00000 0.910686
15248.00000 0.906093
15252.00000 0.903684
15256.00000 0.904278
15260.00000 0.9004
15264.00000 0.89935
15268.00000 0.897917
15272.00000 0.894461
15276.00000 0.896873
15280.00000 0.901998
15284.00000 0.907709
15288.00000 0.905993
15292.00000 0.902999
15296.00000 0.906611
15300.00000 0.905947
15304.00000 0.903694
15308.00000 0.904319
15312.00000 0.90635
15316.00000 0.902817
15320.00000 0.904047
15324.00000 0.909206
15328.00000 0.910754
15332.00000 0.910619
15336.00000 0.910306
15340.00000 0.908535
15344.00000 0.906316
15348.00000 0.906219
15352.00000 0.903995
15356.00000 0.904455
15360.00000 0.909926
15364.00000 0.914319
15368.00000 0.916924
15372.00000 0.917207
15376.00000 0.919231
15380.00000 0.924321
15384.00000 0.927722
15388.00000 0.929003
15392.00000 0.92915
15396.00000 0.92893
15400.00000 0.931144
15404.00000 0.930756
15408.00000 0.92931
15412.00000 0.929922
15416.00000 0.930654
15420.00000 0.930428
15424.00000 0.928547
15428.00000 0.929538
15432.00000 0.932639
15436.00000 0.934729
15440.00000 0.935106
15444.00000 0.932563
15448.00000 0.931966
15452.00000 0.935855
15456.00000 0.937528
15460.00000 0.936855
15464.00000 0.936765
15468.00000 0.937334
15472.00000 0.938301
15476.00000 0.939068
15480.00000 0.939043
15484.00000 0.939107
15488.00000 0.939763
15492.00000 0.940193
15496.00000 0.940246
15500.00000 0.940144
15504.00000 0.938701
15508.00000 0.937221
15512.00000 0.935242
15516.00000 0.933419
15520.00000 0.931341
15524.00000 0.928531
15528.00000 0.927757
15532.00000 0.927401
15536.00000 0.926264
15540.00000 0.924688
15544.00000 0.922694
15548.00000 0.920943
15552.00000 0.919737
15556.00000 0.918282
15560.00000 0.916516
15564.00000 0.914466
15568.00000 0.912419
15572.00000 0.910941
15576.00000 0.909472
15580.00000 0.907719
15584.00000 0.905718
15588.00000 0.903737
15592.00000 0.901966
15596.00000 0.90043
15600.00000 0.898522
15604.00000 0.897264
15608.00000 0.89617
15612.00000 0.894817
15616.00000 0.89367
15620.00000 0.892341
15624.00000 0.890097
15628.00000 0.888184
15632.00000 0.887699
15636.00000 0.886987
15640.00000 0.885579
15644.00000 0.88369
15648.00000 0.881915
15652.00000 0.881079
15656.00000 0.879653
15660.00000 0.877397
15664.00000 0.875119
15668.00000 0.873325
15672.00000 0.871052
15676.00000 0.868689
15680.00000 0.865674
15684.00000 0.862019
15688.00000 0.858502
15692.00000 0.854861
15696.00000 0.85047
15700.00000 0.842843
15704.00000 0.835428
15708.00000 0.833629
15712.00000 0.829246
15716.00000 0.814773
15720.00000 0.806966
15724.00000 0.801781
15728.00000 0.795615
15732.00000 0.80412
15736.00000 0.813685
15740.00000 0.819151
15744.00000 0.823367
15748.00000 0.831307
15752.00000 0.844042
15756.00000 0.851696
15760.00000 0.848858
15764.00000 0.840384
15768.00000 0.832272
15772.00000 0.82822
15776.00000 0.830178
15780.00000 0.82559
15784.00000 0.826516
15788.00000 0.838403
15792.00000 0.843069
15796.00000 0.838065
15800.00000 0.835982
15804.00000 0.848699
15808.00000 0.851496
15812.00000 0.851967
15816.00000 0.85678
15820.00000 0.86074
15824.00000 0.866389
15828.00000 0.876505
15832.00000 0.880442
15836.00000 0.883956
15840.00000 0.890671
15844.00000 0.894796
15848.00000 0.897466
15852.00000 0.899734
15856.00000 0.901636
15860.00000 0.903086
15864.00000 0.905346
15868.00000 0.907514
15872.00000 0.909031
15876.00000 0.910765
15880.00000 0.913681
15884.00000 0.91634
15888.00000 0.918396
15892.00000 0.920407
15896.00000 0.922382
15900.00000 0.924146
15904.00000 0.923138
15908.00000 0.922505
15912.00000 0.922492
15916.00000 0.921921
15920.00000 0.920738
15924.00000 0.920293
15928.00000 0.919894
15932.00000 0.91998
15936.00000 0.920141
15940.00000 0.919662
15944.00000 0.918374
15948.00000 0.917122
15952.00000 0.91728
15956.00000 0.917312
15960.00000 0.916619
15964.00000 0.915168
15968.00000 0.913952
15972.00000 0.91289
15976.00000 0.910991
15980.00000 0.910423
15984.00000 0.909642
15988.00000 0.906672
15992.00000 0.903644
15996.00000 0.900455
16000.00000 0.895165
16004.00000 0.884649
16008.00000 0.872196
16012.00000 0.862141
16016.00000 0.856778
16020.00000 0.854464
16024.00000 0.838368
16028.00000 0.826132
16032.00000 0.8311
16036.00000 0.842904
16040.00000 0.847862
16044.00000 0.860001
16048.00000 0.87096
16052.00000 0.877265
16056.00000 0.882586
16060.00000 0.886966
16064.00000 0.885735
16068.00000 0.877051
16072.00000 0.868762
16076.00000 0.866463
16080.00000 0.864085
16084.00000 0.854591
16088.00000 0.85153
16092.00000 0.859529
16096.00000 0.866011
16100.00000 0.867168
16104.00000 0.862901
16108.00000 0.859301
16112.00000 0.865356
16116.00000 0.874543
16120.00000 0.878174
16124.00000 0.878473
16128.00000 0.880798
16132.00000 0.883234
16136.00000 0.880561
16140.00000 0.877993
16144.00000 0.884604
16148.00000 0.888888
16152.00000 0.890135
16156.00000 0.891699
16160.00000 0.893448
16164.00000 0.89448
16168.00000 0.894953
16172.00000 0.896439
16176.00000 0.898409
16180.00000 0.8999
16184.00000 0.901022
16188.00000 0.901814
16192.00000 0.902747
16196.00000 0.905026
16200.00000 0.906928
16204.00000 0.906789
16208.00000 0.906492
16212.00000 0.906138
16216.00000 0.905693
16220.00000 0.905426
16224.00000 0.905419
16228.00000 0.90524
16232.00000 0.904982
16236.00000 0.90465
16240.00000 0.904008
16244.00000 0.903666
16248.00000 0.903674
16252.00000 0.903824
16256.00000 0.904169
16260.00000 0.904244
16264.00000 0.904338
16268.00000 0.905187
16272.00000 0.905563
16276.00000 0.905315
16280.00000 0.906034
16284.00000 0.906282
16288.00000 0.90645
16292.00000 0.907461
16296.00000 0.908464
16300.00000 0.909099
16304.00000 0.908734
16308.00000 0.907042
16312.00000 0.907556
16316.00000 0.909353
16320.00000 0.910017
16324.00000 0.909569
16328.00000 0.90805
16332.00000 0.906804
16336.00000 0.907627
16340.00000 0.909651
16344.00000 0.911136
16348.00000 0.911277
16352.00000 0.908984
16356.00000 0.901539
16360.00000 0.900539
16364.00000 0.907534
16368.00000 0.909731
16372.00000 0.908984
16376.00000 0.903666
16380.00000 0.893036
16384.00000 0.89659
16388.00000 0.90509
16392.00000 0.905223
16396.00000 0.902574
16400.00000 0.899963
16404.00000 0.895183
16408.00000 0.892485
16412.00000 0.899933
16416.00000 0.903857
16420.00000 0.906246
16424.00000 0.908057
16428.00000 0.902705
16432.00000 0.889329
16436.00000 0.894101
16440.00000 0.907045
16444.00000 0.91299
16448.00000 0.916011
16452.00000 0.914154
16456.00000 0.898556
16460.00000 0.887222
16464.00000 0.906321
16468.00000 0.919639
16472.00000 0.922762
16476.00000 0.923426
16480.00000 0.91946
16484.00000 0.905936
16488.00000 0.902421
16492.00000 0.915433
16496.00000 0.921914
16500.00000 0.925162
16504.00000 0.927757
16508.00000 0.923858
16512.00000 0.913111
16516.00000 0.915859
16520.00000 0.925757
16524.00000 0.927388
16528.00000 0.931227
16532.00000 0.933853
16536.00000 0.927313
16540.00000 0.91496
16544.00000 0.92166
16548.00000 0.934509
16552.00000 0.93632
16556.00000 0.935132
16560.00000 0.934159
16564.00000 0.930128
16568.00000 0.920275
16572.00000 0.923065
16576.00000 0.932948
16580.00000 0.936352
16584.00000 0.938038
16588.00000 0.938928
16592.00000 0.936125
16596.00000 0.926893
16600.00000 0.926389
16604.00000 0.936329
16608.00000 0.940713
16612.00000 0.940602
16616.00000 0.9379
16620.00000 0.937281
16624.00000 0.93563
16628.00000 0.934324
16632.00000 0.939541
16636.00000 0.941804
16640.00000 0.94194
16644.00000 0.943409
16648.00000 0.94423
16652.00000 0.938583
16656.00000 0.912098
16660.00000 0.876856
16664.00000 0.876031
16668.00000 0.894976
16672.00000 0.909329
16676.00000 0.920377
16680.00000 0.92803
16684.00000 0.928781
16688.00000 0.92647
16692.00000 0.92596
16696.00000 0.925599
16700.00000 0.924836
16704.00000 0.923988
16708.00000 0.921937
16712.00000 0.919467
16716.00000 0.916283
16720.00000 0.915286
16724.00000 0.916062
16728.00000 0.915425
16732.00000 0.913881
16736.00000 0.911811
16740.00000 0.909006
16744.00000 0.903026
16748.00000 0.896058
16752.00000 0.899641
16756.00000 0.901507
16760.00000 0.900811
16764.00000 0.904699
16768.00000 0.904878
16772.00000 0.900652
16776.00000 0.895327
16780.00000 0.890466
16784.00000 0.897797
16788.00000 0.903723
16792.00000 0.906628
16796.00000 0.908152
16800.00000 0.90797
16804.00000 0.906361
16808.00000 0.901885
16812.00000 0.896497
16816.00000 0.899696
16820.00000 0.902421
16824.00000 0.902875
16828.00000 0.902611
16832.00000 0.9017
16836.00000 0.899783
16840.00000 0.891941
16844.00000 0.881037
16848.00000 0.887323
16852.00000 0.895315
16856.00000 0.895484
16860.00000 0.894459
16864.00000 0.893314
16868.00000 0.891763
16872.00000 0.888039
16876.00000 0.881971
16880.00000 0.883257
16884.00000 0.886916
16888.00000 0.887275
16892.00000 0.885682
16896.00000 0.882945
16900.00000 0.881352
16904.00000 0.879122
16908.00000 0.866144
16912.00000 0.865289
16916.00000 0.875806
16920.00000 0.878719
16924.00000 0.882998
16928.00000 0.88613
16932.00000 0.888515
16936.00000 0.889293
16940.00000 0.887191
16944.00000 0.882789
16948.00000 0.884473
16952.00000 0.88823
16956.00000 0.891489
16960.00000 0.89423
16964.00000 0.894363
16968.00000 0.886972
16972.00000 0.873602
16976.00000 0.868612
16980.00000 0.882713
16984.00000 0.896272
16988.00000 0.899605
16992.00000 0.900224
16996.00000 0.896793
17000.00000 0.891425
17004.00000 0.893995
17008.00000 0.893519
17012.00000 0.882224
17016.00000 0.884034
17020.00000 0.894523
17024.00000 0.896397
17028.00000 0.893738
17032.00000 0.890582
17036.00000 0.888878
17040.00000 0.887464
17044.00000 0.890288
17048.00000 0.891761
17052.00000 0.891955
17056.00000 0.890196
