threeML/data/optical_filters/LCO/CSP-g.ecsv
# %ECSV 0.9
# ---
# datatype:
# - {name: wavelength, unit: Angstrom, datatype: float32}
# - {name: response, datatype: float32}
# meta: !!omap
# - {band_name: g}
# - {group_name: CSP}
wavelength response
3700.00000 0.0
3720.00000 0.00151088
3740.00000 0.00302588
3760.00000 0.00305241
3780.00000 0.00383897
3800.00000 0.00505648
3820.00000 0.00568848
3840.00000 0.00573517
3860.00000 0.00639463
3880.00000 0.0101826
3900.00000 0.0249161
3920.00000 0.0620847
3940.00000 0.127569
3960.00000 0.210991
3980.00000 0.290646
4000.00000 0.350858
4020.00000 0.39655
4040.00000 0.427424
4060.00000 0.447161
4080.00000 0.453615
4100.00000 0.460623
4120.00000 0.471869
4140.00000 0.486805
4160.00000 0.502179
4180.00000 0.509761
4200.00000 0.510284
4220.00000 0.515513
4240.00000 0.526015
4260.00000 0.542894
4280.00000 0.55503
4300.00000 0.56025
4320.00000 0.563772
4340.00000 0.568955
4360.00000 0.578591
4380.00000 0.580311
4400.00000 0.580283
4420.00000 0.578552
4440.00000 0.583595
4460.00000 0.590765
4480.00000 0.598282
4500.00000 0.601154
4520.00000 0.601257
4540.00000 0.605815
4560.00000 0.613863
4580.00000 0.62109
4600.00000 0.622707
4620.00000 0.625252
4640.00000 0.628796
4660.00000 0.63713
4680.00000 0.648433
4700.00000 0.661116
4720.00000 0.669138
4740.00000 0.672536
4760.00000 0.675574
4780.00000 0.679001
4800.00000 0.684373
4820.00000 0.691763
4840.00000 0.696206
4860.00000 0.694054
4880.00000 0.694062
4900.00000 0.694506
4920.00000 0.694634
4940.00000 0.695917
4960.00000 0.699997
4980.00000 0.703861
5000.00000 0.707539
5020.00000 0.709796
5040.00000 0.709696
5060.00000 0.709773
5080.00000 0.709565
5100.00000 0.712243
5120.00000 0.711337
5140.00000 0.712713
5160.00000 0.711603
5180.00000 0.709981
5200.00000 0.70554
5220.00000 0.700528
5240.00000 0.699902
5260.00000 0.70219
5280.00000 0.706132
5300.00000 0.711095
5320.00000 0.716727
5340.00000 0.721261
5360.00000 0.722259
5380.00000 0.72352
5400.00000 0.718408
5420.00000 0.701771
5440.00000 0.663836
5460.00000 0.591834
5480.00000 0.476847
5500.00000 0.33232
5520.00000 0.196512
5540.00000 0.102629
5560.00000 0.0507375
5580.00000 0.0252882
5600.00000 0.0129787
5620.00000 0.00701267
5640.00000 0.00391683
5660.00000 0.00222525
5680.00000 0.00124885
5700.00000 0.000631027
5720.00000 0.000232134
5740.00000 0.0
