threeML/data/optical_filters/LCO/CSP-V_LC3009.ecsv
# %ECSV 0.9
# ---
# datatype:
# - {name: wavelength, unit: Angstrom, datatype: float32}
# - {name: response, datatype: float32}
# meta: !!omap
# - {band_name: V_LC3009}
# - {group_name: CSP}
wavelength response
4490.00000 0.0
4510.00000 0.000174664
4530.00000 0.000894459
4550.00000 0.00044964
4570.00000 0.000398018
4590.00000 0.000312557
4610.00000 0.000545373
4630.00000 0.00141368
4650.00000 0.000515414
4670.00000 0.000841528
4690.00000 0.00167553
4710.00000 0.00303929
4730.00000 0.00530976
4750.00000 0.00890119
4770.00000 0.0154365
4790.00000 0.0302361
4810.00000 0.0507354
4830.00000 0.0823907
4850.00000 0.127972
4870.00000 0.178274
4890.00000 0.234124
4910.00000 0.293219
4930.00000 0.346835
4950.00000 0.400095
4970.00000 0.4499
4990.00000 0.482846
5010.00000 0.520581
5030.00000 0.55295
5050.00000 0.578259
5070.00000 0.601456
5090.00000 0.615743
5110.00000 0.630061
5130.00000 0.644302
5150.00000 0.653309
5170.00000 0.661026
5190.00000 0.666789
5210.00000 0.671817
5230.00000 0.674413
5250.00000 0.676722
5270.00000 0.67781
5290.00000 0.675496
5310.00000 0.67512
5330.00000 0.673292
5350.00000 0.669022
5370.00000 0.664103
5390.00000 0.660368
5410.00000 0.652357
5430.00000 0.645362
5450.00000 0.637001
5470.00000 0.628105
5490.00000 0.618244
5510.00000 0.609431
5530.00000 0.597097
5550.00000 0.58436
5570.00000 0.568907
5590.00000 0.554297
5610.00000 0.539777
5630.00000 0.522267
5650.00000 0.506574
5670.00000 0.487631
5690.00000 0.470132
5710.00000 0.450801
5730.00000 0.431862
5750.00000 0.412289
5770.00000 0.392192
5790.00000 0.371399
5810.00000 0.350991
5830.00000 0.334042
5850.00000 0.310353
5870.00000 0.294337
5890.00000 0.275041
5910.00000 0.255444
5930.00000 0.237484
5950.00000 0.218144
5970.00000 0.200031
5990.00000 0.184976
6010.00000 0.17018
6030.00000 0.155415
6050.00000 0.139489
6070.00000 0.125649
6090.00000 0.113674
6110.00000 0.0985471
6130.00000 0.0875471
6150.00000 0.0806798
6170.00000 0.0693977
6190.00000 0.0599165
6210.00000 0.0522203
6230.00000 0.0461807
6250.00000 0.0397066
6270.00000 0.0349286
6290.00000 0.029222
6310.00000 0.0246588
6330.00000 0.0204044
6350.00000 0.0169272
6370.00000 0.0136652
6390.00000 0.0112613
6410.00000 0.0100285
6430.00000 0.00828923
6450.00000 0.00715743
6470.00000 0.00579487
6490.00000 0.00443955
6510.00000 0.00350951
6530.00000 0.00218412
6550.00000 0.0
