threeML/data/optical_filters/LCO/CSP-V_LC3014.ecsv
# %ECSV 0.9
# ---
# datatype:
# - {name: wavelength, unit: Angstrom, datatype: float32}
# - {name: response, datatype: float32}
# meta: !!omap
# - {band_name: V_LC3014}
# - {group_name: CSP}
wavelength response
4490.00000 0.0
4510.00000 0.000119058
4530.00000 0.000457312
4550.00000 0.000546214
4570.00000 0.000392586
4590.00000 0.000688551
4610.00000 0.000357963
4630.00000 0.000428716
4650.00000 0.000754213
4670.00000 0.00148594
4690.00000 0.00269681
4710.00000 0.0075478
4730.00000 0.0177503
4750.00000 0.0324491
4770.00000 0.0621965
4790.00000 0.105491
4810.00000 0.157231
4830.00000 0.215546
4850.00000 0.286742
4870.00000 0.347099
4890.00000 0.400538
4910.00000 0.445314
4930.00000 0.483739
4950.00000 0.522799
4970.00000 0.549127
4990.00000 0.573638
5010.00000 0.596133
5030.00000 0.6138
5050.00000 0.626503
5070.00000 0.638093
5090.00000 0.647436
5110.00000 0.65392
5130.00000 0.660198
5150.00000 0.664156
5170.00000 0.668272
5190.00000 0.66994
5210.00000 0.671266
5230.00000 0.671454
5250.00000 0.671703
5270.00000 0.670546
5290.00000 0.668318
5310.00000 0.665362
5330.00000 0.662242
5350.00000 0.657279
5370.00000 0.652643
5390.00000 0.647551
5410.00000 0.638723
5430.00000 0.631937
5450.00000 0.623535
5470.00000 0.614652
5490.00000 0.603926
5510.00000 0.591164
5530.00000 0.582421
5550.00000 0.566218
5570.00000 0.556287
5590.00000 0.539794
5610.00000 0.525348
5630.00000 0.506332
5650.00000 0.491037
5670.00000 0.473233
5690.00000 0.455376
5710.00000 0.437129
5730.00000 0.418726
5750.00000 0.401573
5770.00000 0.380808
5790.00000 0.358528
5810.00000 0.338415
5830.00000 0.317539
5850.00000 0.30187
5870.00000 0.281662
5890.00000 0.26077
5910.00000 0.242758
5930.00000 0.226781
5950.00000 0.2091
5970.00000 0.19188
5990.00000 0.177006
6010.00000 0.15938
6030.00000 0.145265
6050.00000 0.131879
6070.00000 0.118377
6090.00000 0.105834
6110.00000 0.0946159
6130.00000 0.0832821
6150.00000 0.0713675
6170.00000 0.0618109
6190.00000 0.0549531
6210.00000 0.0472853
6230.00000 0.0400776
6250.00000 0.034451
6270.00000 0.0298708
6290.00000 0.02582
6310.00000 0.0212306
6330.00000 0.0186252
6350.00000 0.0156052
6370.00000 0.0126984
6390.00000 0.0108352
6410.00000 0.00860401
6430.00000 0.00698485
6450.00000 0.00556081
6470.00000 0.00443005
6490.00000 0.00373732
6510.00000 0.00333422
6530.00000 0.00233286
6550.00000 0.0
