threeML/data/optical_filters/LCO/CSP-WIRC_H.ecsv
# %ECSV 0.9
# ---
# datatype:
# - {name: wavelength, unit: Angstrom, datatype: float32}
# - {name: response, datatype: float32}
# meta: !!omap
# - {band_name: WIRC_H}
# - {group_name: CSP}
wavelength response
[from data line 767]
17064.00000 0.887112
17068.00000 0.885783
17072.00000 0.887118
17076.00000 0.889369
17080.00000 0.888236
17084.00000 0.885799
17088.00000 0.864565
17092.00000 0.858159
17096.00000 0.889069
17100.00000 0.905734
17104.00000 0.909262
17108.00000 0.907132
17112.00000 0.909471
17116.00000 0.917059
17120.00000 0.921178
17124.00000 0.921682
17128.00000 0.923095
17132.00000 0.926328
17136.00000 0.927093
17140.00000 0.920788
17144.00000 0.896301
17148.00000 0.879927
17152.00000 0.907201
17156.00000 0.932548
17160.00000 0.930477
17164.00000 0.911122
17168.00000 0.919812
17172.00000 0.94084
17176.00000 0.947212
17180.00000 0.949986
17184.00000 0.951452
17188.00000 0.952618
17192.00000 0.954195
17196.00000 0.955756
17200.00000 0.956023
17204.00000 0.953288
17208.00000 0.949061
17212.00000 0.921255
17216.00000 0.867265
17220.00000 0.881675
17224.00000 0.931628
17228.00000 0.944508
17232.00000 0.940443
17236.00000 0.916835
17240.00000 0.892795
17244.00000 0.898137
17248.00000 0.884775
17252.00000 0.893292
17256.00000 0.924173
17260.00000 0.934699
17264.00000 0.923455
17268.00000 0.922761
17272.00000 0.933365
17276.00000 0.935102
17280.00000 0.935079
17284.00000 0.929293
17288.00000 0.909386
17292.00000 0.894075
17296.00000 0.91124
17300.00000 0.930485
17304.00000 0.934221
17308.00000 0.932133
17312.00000 0.930235
17316.00000 0.926458
17320.00000 0.889442
17324.00000 0.812425
17328.00000 0.806458
17332.00000 0.883274
17336.00000 0.925505
17340.00000 0.930654
17344.00000 0.928871
17348.00000 0.927363
17352.00000 0.926234
17356.00000 0.912135
17360.00000 0.879581
17364.00000 0.863837
17368.00000 0.861526
17372.00000 0.862767
17376.00000 0.904565
17380.00000 0.932377
17384.00000 0.934681
17388.00000 0.937418
17392.00000 0.940363
17396.00000 0.931878
17400.00000 0.896134
17404.00000 0.890632
17408.00000 0.923971
17412.00000 0.905695
17416.00000 0.836198
17420.00000 0.849944
17424.00000 0.920295
17428.00000 0.957188
17432.00000 0.965082
17436.00000 0.9681
17440.00000 0.967664
17444.00000 0.935766
17448.00000 0.888303
17452.00000 0.92522
17456.00000 0.97172
17460.00000 0.979703
17464.00000 0.962838
17468.00000 0.876608
17472.00000 0.757332
17476.00000 0.76383
17480.00000 0.872621
17484.00000 0.96169
17488.00000 0.987933
17492.00000 0.990944
17496.00000 0.990444
17500.00000 0.992358
17504.00000 0.990056
17508.00000 0.984209
17512.00000 0.966162
17516.00000 0.900326
17520.00000 0.852498
17524.00000 0.91998
17528.00000 0.959431
17532.00000 0.958659
17536.00000 0.962742
17540.00000 0.964205
17544.00000 0.959644
17548.00000 0.942055
17552.00000 0.866375
17556.00000 0.799937
17560.00000 0.861862
17564.00000 0.900879
17568.00000 0.855942
17572.00000 0.777552
17576.00000 0.743715
17580.00000 0.764281
17584.00000 0.839804
17588.00000 0.866817
17592.00000 0.862575
17596.00000 0.854577
17600.00000 0.845023
17604.00000 0.822822
17608.00000 0.788736
17612.00000 0.720833
17616.00000 0.69462
17620.00000 0.724175
17624.00000 0.704069
17628.00000 0.641881
17632.00000 0.600404
17636.00000 0.59867
17640.00000 0.628352
17644.00000 0.630313
17648.00000 0.612384
17652.00000 0.586325
17656.00000 0.519566
17660.00000 0.376509
17664.00000 0.323722
17668.00000 0.425592
17672.00000 0.477302
17676.00000 0.470099
17680.00000 0.451584
17684.00000 0.427457
17688.00000 0.407515
17692.00000 0.388825
17696.00000 0.360884
17700.00000 0.328432
17704.00000 0.312928
17708.00000 0.291045
17712.00000 0.268432
17716.00000 0.27852
17720.00000 0.27891
17724.00000 0.264005
17728.00000 0.245114
17732.00000 0.228962
17736.00000 0.212829
17740.00000 0.183047
17744.00000 0.147239
17748.00000 0.137584
17752.00000 0.144064
17756.00000 0.144757
17760.00000 0.13086
17764.00000 0.107876
17768.00000 0.103296
17772.00000 0.113755
17776.00000 0.115139
17780.00000 0.108547
17784.00000 0.095389
17788.00000 0.075456
17792.00000 0.060479
17796.00000 0.065532
17800.00000 0.072381
17804.00000 0.07292
17808.00000 0.0691
17812.00000 0.057617
17816.00000 0.043153
17820.00000 0.044962
17824.00000 0.052194
17828.00000 0.05285
17832.00000 0.049936
17836.00000 0.045824
17840.00000 0.040623
17844.00000 0.033219
17848.00000 0.024203
17852.00000 0.01831
17856.00000 0.022286
17860.00000 0.0239
17864.00000 0.022147
17868.00000 0.023651
17872.00000 0.022055
17876.00000 0.019176
17880.00000 0.020557
17884.00000 0.021818
17888.00000 0.020267
17892.00000 0.017753
17896.00000 0.017339
17900.00000 0.016736
17904.00000 0.015209
17908.00000 0.012202
17912.00000 0.010094
17916.00000 0.01029
17920.00000 0.010862
17924.00000 0.010065
17928.00000 0.008972
17932.00000 0.008712
17936.00000 0.007797
17940.00000 0.00589
17944.00000 0.00597
17948.00000 0.007318
17952.00000 0.007248
17956.00000 0.006212
17960.00000 0.006151
17964.00000 0.0057
17968.00000 0.005052
17972.00000 0.004256
17976.00000 0.004216
17980.00000 0.004448
17984.00000 0.003696
17988.00000 0.003653
17992.00000 0.003858
17996.00000 0.003232
18000.00000 0.001939
18004.00000 0.001077
18008.00000 0.000858
18012.00000 0.000785
18016.00000 0.000664
18020.00000 0.000859
18024.00000 0.000934
18028.00000 0.000878
18032.00000 0.001103
18036.00000 0.001298
18040.00000 0.00111
18044.00000 0.00121
18048.00000 0.001447
18052.00000 0.001553
18056.00000 0.001414
18060.00000 0.000832
18064.00000 0.000342
18068.00000 0.000255
18072.00000 0.000507
18076.00000 0.000567
18080.00000 0.00051
18084.00000 0.000726
18088.00000 0.000769
18092.00000 0.000567
18096.00000 0.000495
18100.00000 0.000522
18104.00000 0.00036
18108.00000 0.000141
18112.00000 3.7e-05
18116.00000 6e-06
18120.00000 0.0
18124.00000 0.0
18128.00000 0.0
18132.00000 0.0
18136.00000 0.0
18140.00000 0.0
18144.00000 0.0
18148.00000 0.0
18152.00000 0.0
18156.00000 0.0
18160.00000 0.0
18164.00000 0.0
18168.00000 0.0
18172.00000 0.0
18176.00000 0.0
18180.00000 0.0
18184.00000 0.0
18188.00000 0.0
18192.00000 0.0
18196.00000 0.0
18200.00000 0.0
18204.00000 0.0
18208.00000 0.0
18212.00000 0.0
18216.00000 0.0
18220.00000 0.0
18224.00000 0.0
18228.00000 0.0
18232.00000 0.0
18236.00000 0.0
18240.00000 0.0
18244.00000 0.0
18248.00000 2.4e-05
18252.00000 0.000157
18256.00000 0.000208
18260.00000 0.000217
18264.00000 0.000113
18268.00000 4.7e-05
18272.00000 0.000182
18276.00000 0.000494
18280.00000 0.000578
18284.00000 0.000359
18288.00000 0.000128
18292.00000 6.7e-05
18296.00000 0.00022
18300.00000 0.000386
18304.00000 0.000226
18308.00000 0.000157
18312.00000 0.00015
18316.00000 0.0001
18320.00000 0.00025
18324.00000 0.000414
18328.00000 0.000264
18332.00000 0.000128
18336.00000 0.000275
18340.00000 0.000518
18344.00000 0.000456
18348.00000 0.000184
18352.00000 3.7e-05
18356.00000 9e-06
18360.00000 9e-06
18364.00000 5e-06
18368.00000 3e-06
18372.00000 9e-06
18376.00000 8e-06
18380.00000 2e-06
18384.00000 2e-06
18388.00000 1.5e-05
18392.00000 3.4e-05
18396.00000 2.6e-05
18400.00000 7e-06
18404.00000 1e-06
18408.00000 2e-06
18412.00000 6e-06
18416.00000 6e-06
18420.00000 2e-06
18424.00000 0.0
18428.00000 3e-06
18432.00000 1.8e-05
18436.00000 3.5e-05
18440.00000 3.2e-05
18444.00000 5e-05
18448.00000 0.000119
18452.00000 0.000176
18456.00000 0.000175
18460.00000 0.000118
18464.00000 4.9e-05
18468.00000 1.4e-05
18472.00000 2e-06
18476.00000 0.0
18480.00000 0.0
18484.00000 0.0
18488.00000 0.0
18492.00000 2e-06
18496.00000 1.5e-05
18500.00000 4e-05
18504.00000 2.5e-05
18508.00000 6e-06
18512.00000 4e-06
18516.00000 0.0
18520.00000 0.0
18524.00000 0.0
18528.00000 0.0
18532.00000 0.0
18536.00000 0.0
18540.00000 -0.0
18544.00000 0.0
18548.00000 0.0
18552.00000 0.0
18556.00000 0.0
18560.00000 0.0
18564.00000 0.0
18568.00000 0.0
18572.00000 0.0
18576.00000 0.0
18580.00000 0.0
18584.00000 0.0
18588.00000 0.0
18592.00000 0.0
18596.00000 0.0
18600.00000 0.0
18604.00000 0.0
18608.00000 0.0
18612.00000 0.0
18616.00000 0.0
18620.00000 0.0
18624.00000 0.0
18628.00000 0.0
18632.00000 0.0
18636.00000 0.0
18640.00000 0.0
18644.00000 0.0
18648.00000 0.0
18652.00000 0.0
18656.00000 0.0
18660.00000 0.0
18664.00000 0.0
18668.00000 0.0
18672.00000 2.5e-05
18676.00000 1.7e-05
18680.00000 3e-06
18684.00000 1e-06
18688.00000 5e-06
18692.00000 1.1e-05
18696.00000 1e-05
18700.00000 4e-06
18704.00000 1e-06
18708.00000 0.0
18712.00000 0.0
18716.00000 0.0
18720.00000 2e-06
18724.00000 6e-06
18728.00000 7e-06
18732.00000 2e-06
18736.00000 0.0
18740.00000 0.0
18744.00000 1e-06
18748.00000 3e-06
18752.00000 3e-06
18756.00000 1e-06
18760.00000 1e-06
18764.00000 1e-06
18768.00000 0.0
