threeML/data/optical_filters/LCO/CSP-J.ecsv
# %ECSV 0.9
# ---
# datatype:
# - {name: wavelength, unit: Angstrom, datatype: float32}
# - {name: response, datatype: float32}
# meta: !!omap
# - {band_name: J}
# - {group_name: CSP}
wavelength response
9450.00000 0.0
10500.00000 0.001114
10504.00000 0.001217
10508.00000 0.001319
10512.00000 0.001422
10516.00000 0.001524
10520.00000 0.001627
10524.00000 0.001729
10528.00000 0.001831
10532.00000 0.001934
10536.00000 0.002036
10540.00000 0.002138
10544.00000 0.002241
10548.00000 0.002343
10552.00000 0.002376
10556.00000 0.002339
10560.00000 0.002302
10564.00000 0.002265
10568.00000 0.002228
10572.00000 0.002191
10576.00000 0.002154
10580.00000 0.002118
10584.00000 0.002081
10588.00000 0.002044
10592.00000 0.002007
10596.00000 0.00197
10600.00000 0.001933
10604.00000 0.001928
10608.00000 0.001923
10612.00000 0.001918
10616.00000 0.001913
10620.00000 0.001908
10624.00000 0.001903
10628.00000 0.001897
10632.00000 0.001892
10636.00000 0.001887
10640.00000 0.001883
10644.00000 0.001878
10648.00000 0.001872
10652.00000 0.001822
10656.00000 0.00173
10660.00000 0.001638
10664.00000 0.001546
10668.00000 0.001454
10672.00000 0.001361
10676.00000 0.001268
10680.00000 0.001175
10684.00000 0.001083
10688.00000 0.000991
10692.00000 0.000898
10696.00000 0.000806
10700.00000 0.000713
10704.00000 0.000816
10708.00000 0.00092
10712.00000 0.001024
10716.00000 0.001127
10720.00000 0.00123
10724.00000 0.001331
10728.00000 0.001434
10732.00000 0.001537
10736.00000 0.001642
10740.00000 0.001747
10744.00000 0.001849
10748.00000 0.001944
10752.00000 0.002094
10756.00000 0.002312
10760.00000 0.002528
10764.00000 0.002738
10768.00000 0.002945
10772.00000 0.003151
10776.00000 0.00334
10780.00000 0.003539
10784.00000 0.00377
10788.00000 0.003989
10792.00000 0.004204
10796.00000 0.004415
10800.00000 0.004612
10804.00000 0.004874
10808.00000 0.005149
10812.00000 0.005444
10816.00000 0.005716
10820.00000 0.006003
10824.00000 0.006319
10828.00000 0.006625
10832.00000 0.006903
10836.00000 0.007108
10840.00000 0.007314
10844.00000 0.007656
10848.00000 0.007985
10852.00000 0.008288
10856.00000 0.008578
10860.00000 0.008801
10864.00000 0.008894
10868.00000 0.009123
10872.00000 0.009582
10876.00000 0.009942
10880.00000 0.010255
10884.00000 0.01056
10888.00000 0.010846
10892.00000 0.011108
10896.00000 0.011348
10900.00000 0.011646
10904.00000 0.012394
10908.00000 0.013037
10912.00000 0.014034
10916.00000 0.015118
10920.00000 0.016017
10924.00000 0.01673
10928.00000 0.017031
10932.00000 0.017601
10936.00000 0.018939
10940.00000 0.020045
10944.00000 0.020924
10948.00000 0.02159
10952.00000 0.022372
10956.00000 0.023818
10960.00000 0.025046
10964.00000 0.025949
10968.00000 0.027555
10972.00000 0.029366
10976.00000 0.030611
10980.00000 0.031167
10984.00000 0.032048
10988.00000 0.033698
10992.00000 0.034852
10996.00000 0.035701
11000.00000 0.036043
11004.00000 0.038097
11008.00000 0.04063
11012.00000 0.042215
11016.00000 0.044355
11020.00000 0.046231
11024.00000 0.046884
11028.00000 0.048683
11032.00000 0.050641
11036.00000 0.052732
11040.00000 0.055506
11044.00000 0.05641
11048.00000 0.056576
11052.00000 0.059966
11056.00000 0.063297
11060.00000 0.064304
11064.00000 0.06419
11068.00000 0.065198
11072.00000 0.069953
11076.00000 0.074434
11080.00000 0.075034
11084.00000 0.073475
11088.00000 0.073769
11092.00000 0.077332
11096.00000 0.082119
11100.00000 0.085611
11104.00000 0.088795
11108.00000 0.087458
11112.00000 0.085878
11116.00000 0.087247
11120.00000 0.092605
11124.00000 0.100671
11128.00000 0.102017
11132.00000 0.095894
11136.00000 0.086053
11140.00000 0.088173
11144.00000 0.100902
11148.00000 0.113491
11152.00000 0.107371
11156.00000 0.094619
11160.00000 0.1028
11164.00000 0.102951
11168.00000 0.077643
11172.00000 0.075494
11176.00000 0.095216
11180.00000 0.117446
11184.00000 0.131267
11188.00000 0.121536
11192.00000 0.108974
11196.00000 0.097589
11200.00000 0.115374
11204.00000 0.126187
11208.00000 0.130027
11212.00000 0.158518
11216.00000 0.160807
11220.00000 0.140901
11224.00000 0.107987
11228.00000 0.086629
11232.00000 0.119075
11236.00000 0.169088
11240.00000 0.150322
11244.00000 0.166897
11248.00000 0.215592
11252.00000 0.219248
11256.00000 0.158504
11260.00000 0.111652
11264.00000 0.150218
11268.00000 0.200901
11272.00000 0.247788
11276.00000 0.236815
11280.00000 0.195001
11284.00000 0.209612
11288.00000 0.24426
11292.00000 0.245316
11296.00000 0.239043
11300.00000 0.216107
11304.00000 0.220888
11308.00000 0.299381
11312.00000 0.377674
11316.00000 0.401335
11320.00000 0.400957
11324.00000 0.392694
11328.00000 0.364377
11332.00000 0.35879
11336.00000 0.306449
11340.00000 0.23714
11344.00000 0.206393
11348.00000 0.14371
11352.00000 0.09431
11356.00000 0.181411
11360.00000 0.309889
11364.00000 0.31842
11368.00000 0.383535
11372.00000 0.484158
11376.00000 0.494289
11380.00000 0.453979
11384.00000 0.459508
11388.00000 0.432638
11392.00000 0.474707
11396.00000 0.556497
11400.00000 0.51698
11404.00000 0.462298
11408.00000 0.491692
11412.00000 0.451371
11416.00000 0.438796
11420.00000 0.464717
11424.00000 0.493589
11428.00000 0.51824
11432.00000 0.551287
11436.00000 0.562833
11440.00000 0.49551
11444.00000 0.390977
11448.00000 0.365125
11452.00000 0.407407
11456.00000 0.415692
11460.00000 0.424102
11464.00000 0.434636
11468.00000 0.387135
11472.00000 0.332737
11476.00000 0.330682
11480.00000 0.394401
11484.00000 0.536159
11488.00000 0.554205
11492.00000 0.483466
11496.00000 0.488746
11500.00000 0.415036
11504.00000 0.398031
11508.00000 0.503793
11512.00000 0.524949
11516.00000 0.51507
11520.00000 0.533525
11524.00000 0.496767
11528.00000 0.4463
11532.00000 0.466457
11536.00000 0.561008
11540.00000 0.526308
11544.00000 0.468155
11548.00000 0.499333
11552.00000 0.566803
11556.00000 0.582708
11560.00000 0.551772
11564.00000 0.570529
11568.00000 0.613419
11572.00000 0.636251
11576.00000 0.625558
11580.00000 0.58564
11584.00000 0.597563
11588.00000 0.638603
11592.00000 0.622491
11596.00000 0.625879
11600.00000 0.646358
11604.00000 0.625434
11608.00000 0.606316
11612.00000 0.648129
11616.00000 0.673039
11620.00000 0.677269
11624.00000 0.677845
11628.00000 0.675079
11632.00000 0.719454
11636.00000 0.736174
11640.00000 0.716345
11644.00000 0.720775
11648.00000 0.735237
11652.00000 0.715833
11656.00000 0.690851
11660.00000 0.68447
11664.00000 0.695986
11668.00000 0.720474
11672.00000 0.719806
11676.00000 0.732754
11680.00000 0.743776
11684.00000 0.740986
11688.00000 0.737451
11692.00000 0.752512
11696.00000 0.763334
11700.00000 0.770513
11704.00000 0.775119
11708.00000 0.761958
11712.00000 0.759108
11716.00000 0.772797
11720.00000 0.786534
11724.00000 0.777256
11728.00000 0.768265
11732.00000 0.772144
11736.00000 0.770169
11740.00000 0.740986
11744.00000 0.706564
11748.00000 0.744809
11752.00000 0.789555
11756.00000 0.779659
11760.00000 0.782609
11764.00000 0.815186
11768.00000 0.826902
11772.00000 0.821546
11776.00000 0.788895
11780.00000 0.738853
11784.00000 0.754675
11788.00000 0.791365
11792.00000 0.817998
11796.00000 0.812901
11800.00000 0.785735
11804.00000 0.807128
11808.00000 0.83301
11812.00000 0.827714
11816.00000 0.800008
11820.00000 0.739133
11824.00000 0.699544
11828.00000 0.756247
11832.00000 0.819238
11836.00000 0.844727
11840.00000 0.841193
11844.00000 0.815543
11848.00000 0.787331
11852.00000 0.779851
11856.00000 0.804621
11860.00000 0.840776
11864.00000 0.847455
11868.00000 0.838668
11872.00000 0.831245
11876.00000 0.817583
11880.00000 0.777585
11884.00000 0.757201
11888.00000 0.769236
11892.00000 0.810599
11896.00000 0.828484
11900.00000 0.846681
11904.00000 0.848769
11908.00000 0.835666
11912.00000 0.830572
11916.00000 0.838037
11920.00000 0.844941
11924.00000 0.847562
11928.00000 0.856399
11932.00000 0.85167
11936.00000 0.830299
11940.00000 0.821396
11944.00000 0.846305
11948.00000 0.852339
11952.00000 0.844952
11956.00000 0.834715
11960.00000 0.829062
11964.00000 0.833444
11968.00000 0.838855
11972.00000 0.84758
11976.00000 0.838412
11980.00000 0.824209
11984.00000 0.839302
11988.00000 0.827411
11992.00000 0.79009
11996.00000 0.796963
12000.00000 0.829163
12004.00000 0.834682
12008.00000 0.830177
12012.00000 0.825378
12016.00000 0.820507
12020.00000 0.805459
12024.00000 0.807186
12028.00000 0.829011
12032.00000 0.827964
12036.00000 0.802798
12040.00000 0.745931
12044.00000 0.745077
12048.00000 0.798012
12052.00000 0.8025
12056.00000 0.800617
12060.00000 0.827146
12064.00000 0.835055
12068.00000 0.82376
12072.00000 0.812409
12076.00000 0.805375
12080.00000 0.809874
12084.00000 0.807279
12088.00000 0.808576
12092.00000 0.809759
12096.00000 0.801936
12100.00000 0.810507
12104.00000 0.812794
12108.00000 0.823861
12112.00000 0.820182
12116.00000 0.792593
12120.00000 0.786687
12124.00000 0.793991
12128.00000 0.79262
12132.00000 0.803654
12136.00000 0.811219
12140.00000 0.804445
12144.00000 0.785754
12148.00000 0.777736
12152.00000 0.778188
12156.00000 0.783077
12160.00000 0.793735
12164.00000 0.802488
12168.00000 0.795043
12172.00000 0.786645
12176.00000 0.795636
12180.00000 0.799584
12184.00000 0.792307
12188.00000 0.792339
12192.00000 0.787785
12196.00000 0.780834
12200.00000 0.785227
12204.00000 0.788719
12208.00000 0.790458
12212.00000 0.795672
12216.00000 0.789534
12220.00000 0.777529
12224.00000 0.781666
12228.00000 0.785955
12232.00000 0.78609
12236.00000 0.789444
12240.00000 0.786836
12244.00000 0.78925
12248.00000 0.793733
12252.00000 0.796182
12256.00000 0.793494
12260.00000 0.793134
12264.00000 0.794124
12268.00000 0.792098
12272.00000 0.784025
12276.00000 0.781822
12280.00000 0.790796
12284.00000 0.796838
12288.00000 0.797624
12292.00000 0.794714
12296.00000 0.791261
12300.00000 0.789559
12304.00000 0.795578
12308.00000 0.800805
12312.00000 0.803673
12316.00000 0.805146
12320.00000 0.8066
12324.00000 0.808715
12328.00000 0.809685
12332.00000 0.808651
12336.00000 0.810021
12340.00000 0.81446
12344.00000 0.818858
12348.00000 0.820916
12352.00000 0.822196
12356.00000 0.823571
12360.00000 0.825728
12364.00000 0.828111
12368.00000 0.829485
12372.00000 0.83042
12376.00000 0.832794
12380.00000 0.835373
12384.00000 0.837226
12388.00000 0.838867
12392.00000 0.840789
12396.00000 0.843003
12400.00000 0.844907
12404.00000 0.847105
12408.00000 0.848795
12412.00000 0.850866
12416.00000 0.853874
12420.00000 0.856937
12424.00000 0.859546
12428.00000 0.862038
12432.00000 0.864511
12436.00000 0.866958
12440.00000 0.869294
12444.00000 0.871335
12448.00000 0.873618
12452.00000 0.876077
12456.00000 0.877887
12460.00000 0.879556
12464.00000 0.881215
12468.00000 0.882793
12472.00000 0.884391
12476.00000 0.886071
12480.00000 0.887552
12484.00000 0.888767
12488.00000 0.890512
12492.00000 0.892419
12496.00000 0.893298
12500.00000 0.893879
12504.00000 0.897503
12508.00000 0.900546
12512.00000 0.90037
12516.00000 0.901388
12520.00000 0.907482
12524.00000 0.911304
12528.00000 0.911394
12532.00000 0.913584
12536.00000 0.919377
12540.00000 0.92265
12544.00000 0.923285
12548.00000 0.925878
12552.00000 0.930274
12556.00000 0.932087
12560.00000 0.931954
12564.00000 0.933731
12568.00000 0.9374
12572.00000 0.936286
12576.00000 0.924701
12580.00000 0.923655
12584.00000 0.938765
12588.00000 0.944925
12592.00000 0.94355
12596.00000 0.941962
12600.00000 0.943687
12604.00000 0.945145
12608.00000 0.939931
12612.00000 0.925339
12616.00000 0.924706
12620.00000 0.936749
12624.00000 0.94616
12628.00000 0.939165
12632.00000 0.927326
12636.00000 0.924417
12640.00000 0.931991
12644.00000 0.926292
12648.00000 0.922686
12652.00000 0.936238
12656.00000 0.937165
12660.00000 0.936665
12664.00000 0.928449
12668.00000 0.929037
12672.00000 0.933214
12676.00000 0.949425
12680.00000 0.954774
12684.00000 0.936816
12688.00000 0.865151
12692.00000 0.817058
12696.00000 0.874138
12700.00000 0.936523
12704.00000 0.958733
12708.00000 0.967019
12712.00000 0.96677
12716.00000 0.967481
12720.00000 0.965794
12724.00000 0.962506
12728.00000 0.965093
12732.00000 0.962318
12736.00000 0.971786
12740.00000 0.973896
12744.00000 0.973462
12748.00000 0.980921
12752.00000 0.981242
12756.00000 0.985929
12760.00000 0.990781
12764.00000 0.984289
12768.00000 0.980171
12772.00000 0.983534
12776.00000 0.980778
12780.00000 0.985084
12784.00000 0.992002
12788.00000 0.991083
12792.00000 0.993879
12796.00000 0.994065
12800.00000 0.993023
12804.00000 0.994894
12808.00000 0.994497
12812.00000 0.992386
12816.00000 0.994521
12820.00000 0.996901
12824.00000 0.996189
12828.00000 0.993939
12832.00000 0.994636
12836.00000 0.995419
12840.00000 0.994943
12844.00000 0.993523
12848.00000 0.99251
12852.00000 0.992909
12856.00000 0.99337
12860.00000 0.992476
12864.00000 0.99049
12868.00000 0.986783
12872.00000 0.983857
12876.00000 0.983534
12880.00000 0.983288
12884.00000 0.97905
12888.00000 0.974167
12892.00000 0.970827
12896.00000 0.971143
12900.00000 0.974662
12904.00000 0.976183
12908.00000 0.977313
12912.00000 0.978572
12916.00000 0.975901
12920.00000 0.96788
12924.00000 0.966407
12928.00000 0.970404
12932.00000 0.972361
12936.00000 0.975663
12940.00000 0.973033
12944.00000 0.970403
12948.00000 0.973272
12952.00000 0.972484
12956.00000 0.965604
12960.00000 0.955639
12964.00000 0.958961
12968.00000 0.964166
12972.00000 0.956589
12976.00000 0.943541
12980.00000 0.948066
12984.00000 0.959919
12988.00000 0.965361
12992.00000 0.966972
12996.00000 0.959255
13000.00000 0.94972
13004.00000 0.946977
13008.00000 0.934003
13012.00000 0.925785
13016.00000 0.938142
13020.00000 0.958256
13024.00000 0.959684
13028.00000 0.945469
13032.00000 0.929612
13036.00000 0.918038
13040.00000 0.904445
13044.00000 0.88981
13048.00000 0.892257
13052.00000 0.935646
13056.00000 0.95193
13060.00000 0.946241
13064.00000 0.944697
13068.00000 0.90936
13072.00000 0.886511
13076.00000 0.923098
13080.00000 0.942374
13084.00000 0.91959
13088.00000 0.931479
13092.00000 0.957482
13096.00000 0.944423
13100.00000 0.897614
13104.00000 0.884621
13108.00000 0.889783
13112.00000 0.910532
13116.00000 0.950984
13120.00000 0.960343
13124.00000 0.925494
13128.00000 0.894847
13132.00000 0.893621
13136.00000 0.874988
13140.00000 0.83805
13144.00000 0.857212
13148.00000 0.886637
13152.00000 0.888284
13156.00000 0.889459
13160.00000 0.891227
13164.00000 0.92168
13168.00000 0.931026
13172.00000 0.881754
13176.00000 0.883036
13180.00000 0.93426
13184.00000 0.915276
13188.00000 0.866321
13192.00000 0.859154
13196.00000 0.870135
13200.00000 0.865326
13204.00000 0.818596
13208.00000 0.822557
13212.00000 0.885848
13216.00000 0.866927
13220.00000 0.856925
13224.00000 0.889794
13228.00000 0.876211
13232.00000 0.82954
13236.00000 0.824713
13240.00000 0.868648
13244.00000 0.85636
13248.00000 0.875899
13252.00000 0.925436
13256.00000 0.894282
13260.00000 0.861941
13264.00000 0.893009
13268.00000 0.902604
13272.00000 0.864909
13276.00000 0.843443
13280.00000 0.865053
13284.00000 0.830578
13288.00000 0.763376
13292.00000 0.74589
13296.00000 0.784462
13300.00000 0.847591
13304.00000 0.834856
13308.00000 0.807436
13312.00000 0.758207
13316.00000 0.683817
13320.00000 0.673511
13324.00000 0.685518
13328.00000 0.699579
13332.00000 0.767219
13336.00000 0.799277
13340.00000 0.706177
13344.00000 0.698917
13348.00000 0.811557
13352.00000 0.829523
13356.00000 0.849935
13360.00000 0.80397
13364.00000 0.713527
13368.00000 0.799537
13372.00000 0.815537
13376.00000 0.730953
13380.00000 0.704634
13384.00000 0.744234
13388.00000 0.813898
13392.00000 0.806422
13396.00000 0.800966
13400.00000 0.829684
13404.00000 0.727897
13408.00000 0.628131
13412.00000 0.7311
13416.00000 0.759472
13420.00000 0.733076
13424.00000 0.798394
13428.00000 0.800209
13432.00000 0.750151
13436.00000 0.749001
13440.00000 0.671732
13444.00000 0.479827
13448.00000 0.408976
13452.00000 0.521156
13456.00000 0.620821
13460.00000 0.566137
13464.00000 0.534984
13468.00000 0.496294
13472.00000 0.507185
13476.00000 0.492976
13480.00000 0.312611
13484.00000 0.18731
13488.00000 0.198073
13492.00000 0.261582
13496.00000 0.359679
13500.00000 0.391846
13504.00000 0.260077
13508.00000 0.140246
13512.00000 0.171455
13516.00000 0.203087
13520.00000 0.152832
13524.00000 0.146898
13528.00000 0.134087
13532.00000 0.08871
13536.00000 0.056801
13540.00000 0.069496
13544.00000 0.07276
13548.00000 0.030998
13552.00000 0.010143
13556.00000 0.017324
13560.00000 0.021502
13564.00000 0.028831
13568.00000 0.054631
13572.00000 0.049382
13576.00000 0.01951
13580.00000 0.01257
13584.00000 0.017682
13588.00000 0.013697
13592.00000 0.013791
13596.00000 0.01176
13600.00000 0.006795
13604.00000 0.010002
13608.00000 0.008517
13612.00000 0.002941
13616.00000 0.000455
13620.00000 7.8e-05
13624.00000 4.7e-05
13628.00000 0.000858
13632.00000 0.006596
13636.00000 0.015747
13640.00000 0.014446
13644.00000 0.006668
13648.00000 0.001363
13652.00000 0.00022
13656.00000 0.000773
13660.00000 0.004746
13664.00000 0.012169
13668.00000 0.014241
13672.00000 0.008557
13676.00000 0.002939
13680.00000 0.000844
13684.00000 0.000182
13688.00000 0.000214
13692.00000 0.00105
13696.00000 0.002588
13700.00000 0.00267
13704.00000 0.00133
13708.00000 0.000913
13712.00000 0.000587
13716.00000 0.000785
13720.00000 0.001607
13724.00000 0.00224
13728.00000 0.004557
13732.00000 0.006012
13736.00000 0.005536
13740.00000 0.007156
13744.00000 0.007155
13748.00000 0.004289
13752.00000 0.003763
13756.00000 0.008004
13760.00000 0.009267
13764.00000 0.005499
13768.00000 0.004572
13772.00000 0.003422
13776.00000 0.004992
13780.00000 0.009936
13784.00000 0.008878
13788.00000 0.00357
13792.00000 0.001581
13796.00000 0.003107
13800.00000 0.004272
13804.00000 0.002566
13808.00000 0.000573
13812.00000 0.000188
13816.00000 0.000782
13820.00000 0.00122
13824.00000 0.0006
13828.00000 0.000133
13832.00000 5e-05
13836.00000 0.000109
13840.00000 0.000181
13844.00000 0.00045
13848.00000 0.000716
13852.00000 0.000503
13856.00000 0.000287
13860.00000 0.000447
13864.00000 0.000591
13868.00000 0.000962
13872.00000 0.001827
13876.00000 0.001986
13880.00000 0.001068
13884.00000 0.00032
13888.00000 0.000625
13892.00000 0.001519
13896.00000 0.002167
13900.00000 0.001821
13904.00000 0.001446
13908.00000 0.001613
13912.00000 0.001382
13916.00000 0.001561
13920.00000 0.001249
13924.00000 0.000439
13928.00000 0.000116
13932.00000 0.000374
13936.00000 0.000989
13940.00000 0.001128
13944.00000 0.000887
13948.00000 0.000615
13952.00000 0.000211
13956.00000 2.9e-05
13960.00000 1.8e-05
13964.00000 3.5e-05
13968.00000 6.7e-05
13972.00000 0.00024
13976.00000 0.000702
13980.00000 0.00143
13984.00000 0.001492
13988.00000 0.001296
13992.00000 0.001261
13996.00000 0.000691
15395.59961 0.0
