threeML/data/optical_filters/LCO/FourStar-J3.ecsv
# %ECSV 0.9
# ---
# datatype:
# - {name: wavelength, unit: Angstrom, datatype: float32}
# - {name: response, datatype: float32}
# meta: !!omap
# - {band_name: J3}
# - {group_name: FourStar}
wavelength response
11940.00000 0.0
11950.00000 0.0006
11960.00000 0.0014
11970.00000 0.0024
11980.00000 0.0036
11990.00000 0.0051
12000.00000 0.0069
12010.00000 0.0091
12020.00000 0.0118
12030.00000 0.015
12040.00000 0.0187
12050.00000 0.0232
12060.00000 0.0286
12070.00000 0.0351
12080.00000 0.0431
12090.00000 0.053
12100.00000 0.0656
12110.00000 0.0815
12120.00000 0.1017
12130.00000 0.1275
12140.00000 0.1606
12150.00000 0.2024
12160.00000 0.2541
12170.00000 0.3155
12180.00000 0.3849
12190.00000 0.4591
12200.00000 0.5321
12210.00000 0.5965
12220.00000 0.6476
12230.00000 0.6824
12240.00000 0.7021
12250.00000 0.7112
12260.00000 0.7137
12270.00000 0.7126
12280.00000 0.7105
12290.00000 0.7089
12300.00000 0.7085
12310.00000 0.7094
12320.00000 0.7112
12330.00000 0.7138
12340.00000 0.7169
12350.00000 0.7201
12360.00000 0.7228
12370.00000 0.7251
12380.00000 0.7274
12390.00000 0.7288
12400.00000 0.73
12410.00000 0.7308
12420.00000 0.7313
12430.00000 0.7314
12440.00000 0.731
12450.00000 0.7309
12460.00000 0.7304
12470.00000 0.7301
12480.00000 0.7295
12490.00000 0.7285
12500.00000 0.7273
12510.00000 0.7256
12520.00000 0.7236
12530.00000 0.7211
12540.00000 0.7185
12550.00000 0.7159
12560.00000 0.7132
12570.00000 0.7109
12580.00000 0.7088
12590.00000 0.7071
12600.00000 0.7055
12610.00000 0.7043
12620.00000 0.7029
12630.00000 0.7022
12640.00000 0.7012
12650.00000 0.7002
12660.00000 0.6991
12670.00000 0.6981
12680.00000 0.6966
12690.00000 0.6946
12700.00000 0.6918
12710.00000 0.6886
12720.00000 0.6843
12730.00000 0.6797
12740.00000 0.6743
12750.00000 0.6686
12760.00000 0.6626
12770.00000 0.6568
12780.00000 0.6511
12790.00000 0.6453
12800.00000 0.64
12810.00000 0.6351
12820.00000 0.6308
12830.00000 0.627
12840.00000 0.6239
12850.00000 0.6219
12860.00000 0.6207
12870.00000 0.6205
12880.00000 0.6215
12890.00000 0.6234
12900.00000 0.6259
12910.00000 0.6291
12920.00000 0.6333
12930.00000 0.6376
12940.00000 0.6427
12950.00000 0.648
12960.00000 0.6534
12970.00000 0.6595
12980.00000 0.6654
12990.00000 0.671
13000.00000 0.6764
13010.00000 0.6812
13020.00000 0.6854
13030.00000 0.689
13040.00000 0.692
13050.00000 0.6943
13060.00000 0.6962
13070.00000 0.6976
13080.00000 0.6989
13090.00000 0.7
13100.00000 0.7009
13110.00000 0.7018
13120.00000 0.7026
13130.00000 0.7036
13140.00000 0.705
13150.00000 0.7068
13160.00000 0.7089
13170.00000 0.7114
13180.00000 0.7149
13190.00000 0.7187
13200.00000 0.7232
13210.00000 0.7278
13220.00000 0.7321
13230.00000 0.7369
13240.00000 0.7413
13250.00000 0.7455
13260.00000 0.749
13270.00000 0.7519
13280.00000 0.7545
13290.00000 0.7564
13300.00000 0.7577
13310.00000 0.7583
13320.00000 0.7582
13330.00000 0.7575
13340.00000 0.7563
13350.00000 0.7546
13360.00000 0.7533
13370.00000 0.7514
13380.00000 0.7497
13390.00000 0.7482
13400.00000 0.7471
13410.00000 0.7463
13420.00000 0.7459
13430.00000 0.7452
13440.00000 0.7447
13450.00000 0.7435
13460.00000 0.7414
13470.00000 0.7372
13480.00000 0.7306
13490.00000 0.72
13500.00000 0.7048
13510.00000 0.6837
13520.00000 0.6567
13530.00000 0.6227
13540.00000 0.5822
13550.00000 0.5355
13560.00000 0.4839
13570.00000 0.4291
13580.00000 0.3736
13590.00000 0.3201
13600.00000 0.2703
13610.00000 0.2255
13620.00000 0.1864
13630.00000 0.1525
13640.00000 0.1241
13650.00000 0.1005
13660.00000 0.0814
13670.00000 0.0659
13680.00000 0.0534
13690.00000 0.0433
13700.00000 0.0352
13710.00000 0.0288
13720.00000 0.0235
13730.00000 0.0193
13740.00000 0.0159
13750.00000 0.0131
13760.00000 0.0108
13770.00000 0.009
13780.00000 0.0075
13790.00000 0.0062
13800.00000 0.0052
13810.00000 0.0043
13820.00000 0.0036
13830.00000 0.0031
13840.00000 0.0026
13850.00000 0.0022
13860.00000 0.0019
13870.00000 0.0016
13880.00000 0.0014
13890.00000 0.0013
13900.00000 0.0011
13910.00000 0.001
13920.00000 0.0009
13930.00000 0.0008
13940.00000 0.0008
13950.00000 0.0007
13960.00000 0.0006
13970.00000 0.0006
13980.00000 0.0005
13990.00000 0.0005
14000.00000 0.0005
15400.00000 0.0
