threeML/data/optical_filters/LCO/FourStar-NB209.ecsv
# %ECSV 0.9
# ---
# datatype:
# - {name: wavelength, unit: Angstrom, datatype: float32}
# - {name: response, datatype: float32}
# meta: !!omap
# - {band_name: NB209}
# - {group_name: FourStar}
wavelength response
18540.00000 0.0
20600.00000 1.4e-05
20605.00000 1.5e-05
20610.00000 1.7e-05
20615.00000 1.9e-05
20620.00000 2.1e-05
20625.00000 2.3e-05
20630.00000 2.6e-05
20635.00000 2.9e-05
20640.00000 3.2e-05
20645.00000 3.6e-05
20650.00000 4.1e-05
20655.00000 4.6e-05
20660.00000 5.2e-05
20665.00000 5.8e-05
20670.00000 6.6e-05
20675.00000 7.5e-05
20680.00000 8.6e-05
20685.00000 9.8e-05
20690.00000 0.000112
20695.00000 0.000129
20700.00000 0.000149
20705.00000 0.000171
20710.00000 0.000198
20715.00000 0.00023
20720.00000 0.000268
20725.00000 0.000313
20730.00000 0.000367
20735.00000 0.000432
20740.00000 0.00051
20745.00000 0.000603
20750.00000 0.000718
20755.00000 0.000857
20760.00000 0.001028
20765.00000 0.001238
20770.00000 0.001499
20775.00000 0.001825
20780.00000 0.002233
20785.00000 0.002749
20790.00000 0.003404
20795.00000 0.004244
20800.00000 0.005327
20805.00000 0.006736
20810.00000 0.008585
20815.00000 0.011032
20820.00000 0.014298
20825.00000 0.018692
20830.00000 0.024648
20835.00000 0.032756
20840.00000 0.043839
20845.00000 0.058986
20850.00000 0.079481
20855.00000 0.106668
20860.00000 0.141673
20865.00000 0.184865
20870.00000 0.235477
20875.00000 0.291737
20880.00000 0.351363
20885.00000 0.412118
20890.00000 0.472281
20895.00000 0.530541
20900.00000 0.585616
20905.00000 0.636311
20910.00000 0.681354
20915.00000 0.719519
20920.00000 0.749774
20925.00000 0.771714
20930.00000 0.786068
20935.00000 0.79451
20940.00000 0.798718
20945.00000 0.800446
20950.00000 0.800907
20955.00000 0.800782
20960.00000 0.800561
20965.00000 0.800589
20970.00000 0.800702
20975.00000 0.800681
20980.00000 0.800667
20985.00000 0.8009
20990.00000 0.801072
20995.00000 0.801171
21000.00000 0.801195
21005.00000 0.80113
21010.00000 0.800998
21015.00000 0.800931
21020.00000 0.80075
21025.00000 0.800068
21030.00000 0.798931
21035.00000 0.797121
21040.00000 0.793635
21045.00000 0.787344
21050.00000 0.776653
21055.00000 0.759842
21060.00000 0.735633
21065.00000 0.703503
21070.00000 0.663861
21075.00000 0.617685
21080.00000 0.56647
21085.00000 0.511657
21090.00000 0.454471
21095.00000 0.396145
21100.00000 0.338049
21105.00000 0.281696
21110.00000 0.228834
21115.00000 0.181167
21120.00000 0.140122
21125.00000 0.106372
21130.00000 0.079735
21135.00000 0.059359
21140.00000 0.044144
21145.00000 0.032933
21150.00000 0.024711
21155.00000 0.018683
21160.00000 0.014243
21165.00000 0.010949
21170.00000 0.008491
21175.00000 0.006642
21180.00000 0.005239
21185.00000 0.004164
21190.00000 0.003335
21195.00000 0.00269
21200.00000 0.002185
21205.00000 0.001786
21210.00000 0.001468
21215.00000 0.001215
21220.00000 0.00101
21225.00000 0.000845
21230.00000 0.00071
21235.00000 0.000599
21240.00000 0.000508
21245.00000 0.000433
21250.00000 0.00037
21255.00000 0.000318
21260.00000 0.000274
21265.00000 0.000237
21270.00000 0.000205
21275.00000 0.000179
21280.00000 0.000156
21285.00000 0.000137
21290.00000 0.00012
21295.00000 0.000106
21300.00000 9.3e-05
21305.00000 8.3e-05
21310.00000 7.3e-05
21315.00000 6.5e-05
21320.00000 5.8e-05
21325.00000 5.2e-05
21330.00000 4.7e-05
21335.00000 4.2e-05
21340.00000 3.8e-05
21345.00000 3.4e-05
21350.00000 3.1e-05
21355.00000 2.8e-05
21360.00000 2.5e-05
21365.00000 2.3e-05
21370.00000 2.1e-05
21375.00000 1.9e-05
21380.00000 1.7e-05
21385.00000 1.6e-05
21390.00000 1.4e-05
21395.00000 1.3e-05
21400.09961 1.2e-05
23540.10938 0.0
