threeML/data/optical_filters/LCO/FourStar-H.ecsv
# %ECSV 0.9
# ---
# datatype:
# - {name: wavelength, unit: Angstrom, datatype: float32}
# - {name: response, datatype: float32}
# meta: !!omap
# - {band_name: H}
# - {group_name: FourStar}
wavelength response
12870.00000 0.0
14300.00000 0.0003
14310.00000 0.0002
14320.00000 0.0006
14330.00000 0.0004
14340.00000 0.0002
14350.00000 0.0004
14360.00000 0.0004
14370.00000 0.0006
14380.00000 0.0007
14390.00000 0.0007
14400.00000 0.0009
14410.00000 0.0009
14420.00000 0.0012
14430.00000 0.0013
14440.00000 0.0017
14450.00000 0.002
14460.00000 0.0023
14470.00000 0.0027
14480.00000 0.0033
14490.00000 0.0038
14500.00000 0.0044
14510.00000 0.0053
14520.00000 0.0061
14530.00000 0.0071
14540.00000 0.0082
14550.00000 0.0098
14560.00000 0.0113
14570.00000 0.0129
14580.00000 0.0151
14590.00000 0.0176
14600.00000 0.0202
14610.00000 0.0237
14620.00000 0.0283
14630.00000 0.0331
14640.00000 0.0392
14650.00000 0.0468
14660.00000 0.0564
14670.00000 0.0681
14680.00000 0.0833
14690.00000 0.1022
14700.00000 0.1258
14710.00000 0.1555
14720.00000 0.1937
14730.00000 0.2389
14740.00000 0.2937
14750.00000 0.3587
14760.00000 0.4291
14770.00000 0.5044
14780.00000 0.582
14790.00000 0.654
14800.00000 0.7159
14810.00000 0.7686
14820.00000 0.8064
14830.00000 0.8323
14840.00000 0.85
14850.00000 0.8602
14860.00000 0.8654
14870.00000 0.869
14880.00000 0.8693
14890.00000 0.8696
14900.00000 0.8694
14910.00000 0.8699
14920.00000 0.871
14930.00000 0.8716
14940.00000 0.8711
14950.00000 0.8715
14960.00000 0.8701
14970.00000 0.87
14980.00000 0.8708
14990.00000 0.8709
15000.00000 0.8694
15010.00000 0.8693
15020.00000 0.8684
15030.00000 0.867
15040.00000 0.8672
15050.00000 0.8676
15060.00000 0.8674
15070.00000 0.8674
15080.00000 0.8677
15090.00000 0.8669
15100.00000 0.8671
15110.00000 0.8672
15120.00000 0.8673
15130.00000 0.8659
15140.00000 0.866
15150.00000 0.8652
15160.00000 0.8642
15170.00000 0.8636
15180.00000 0.8624
15190.00000 0.8614
15200.00000 0.8616
15210.00000 0.8607
15220.00000 0.8613
15230.00000 0.8623
15240.00000 0.8633
15250.00000 0.8653
15260.00000 0.8668
15270.00000 0.8698
15280.00000 0.8727
15290.00000 0.8754
15300.00000 0.8782
15310.00000 0.8818
15320.00000 0.8834
15330.00000 0.887
15340.00000 0.8893
15350.00000 0.8913
15360.00000 0.8924
15370.00000 0.8933
15380.00000 0.8928
15390.00000 0.8939
15400.00000 0.8945
15410.00000 0.8946
15420.00000 0.8938
15430.00000 0.8932
15440.00000 0.8919
15450.00000 0.8923
15460.00000 0.8929
15470.00000 0.8935
15480.00000 0.8939
15490.00000 0.8947
15500.00000 0.8946
15510.00000 0.8942
15520.00000 0.8962
15530.00000 0.8961
15540.00000 0.8962
15550.00000 0.8956
15560.00000 0.8943
15570.00000 0.892
15580.00000 0.8906
15590.00000 0.8875
15600.00000 0.8851
15610.00000 0.88
15620.00000 0.8758
15630.00000 0.8701
15640.00000 0.8646
15650.00000 0.8583
15660.00000 0.8524
15670.00000 0.8456
15680.00000 0.8405
15690.00000 0.8346
15700.00000 0.8294
15710.00000 0.8258
15720.00000 0.822
15730.00000 0.8193
15740.00000 0.8181
15750.00000 0.8192
15760.00000 0.82
15770.00000 0.8225
15780.00000 0.825
15790.00000 0.8288
15800.00000 0.8322
15810.00000 0.8385
15820.00000 0.8449
15830.00000 0.8521
15840.00000 0.8577
15850.00000 0.8639
15860.00000 0.869
15870.00000 0.8761
15880.00000 0.8819
15890.00000 0.8879
15900.00000 0.8932
15910.00000 0.896
15920.00000 0.8999
15930.00000 0.9026
15940.00000 0.9038
15950.00000 0.9047
15960.00000 0.905
15970.00000 0.9042
15980.00000 0.9034
15990.00000 0.9006
16000.00000 0.8993
16010.00000 0.8971
16020.00000 0.8951
16030.00000 0.8929
16040.00000 0.8922
16050.00000 0.8893
16060.00000 0.8882
16070.00000 0.8863
16080.00000 0.8853
16090.00000 0.8842
16100.00000 0.8839
16110.00000 0.8828
16120.00000 0.8819
16130.00000 0.8811
16140.00000 0.8802
16150.00000 0.8791
16160.00000 0.8779
16170.00000 0.8771
16180.00000 0.8753
16190.00000 0.8744
16200.00000 0.8717
16210.00000 0.8696
16220.00000 0.8681
16230.00000 0.8665
16240.00000 0.8636
16250.00000 0.863
16260.00000 0.861
16270.00000 0.8602
16280.00000 0.8587
16290.00000 0.8587
16300.00000 0.8586
16310.00000 0.8593
16320.00000 0.8605
16330.00000 0.8626
16340.00000 0.8627
16350.00000 0.8654
16360.00000 0.8679
16370.00000 0.8715
16380.00000 0.8749
16390.00000 0.8786
16400.00000 0.8818
16410.00000 0.8846
16420.00000 0.8878
16430.00000 0.8921
16440.00000 0.8963
16450.00000 0.8994
16460.00000 0.9028
16470.00000 0.9026
16480.00000 0.9048
16490.00000 0.9065
16500.00000 0.9071
16510.00000 0.9079
16520.00000 0.9082
16530.00000 0.9054
16540.00000 0.9042
16550.00000 0.9023
16560.00000 0.9005
16570.00000 0.8984
16580.00000 0.8968
16590.00000 0.8942
16600.00000 0.8921
16610.00000 0.8894
16620.00000 0.8879
16630.00000 0.8859
16640.00000 0.8839
16650.00000 0.8829
16660.00000 0.8819
16670.00000 0.8822
16680.00000 0.8817
16690.00000 0.881
16700.00000 0.8803
16710.00000 0.8806
16720.00000 0.8805
16730.00000 0.8845
16740.00000 0.8853
16750.00000 0.8868
16760.00000 0.8867
16770.00000 0.8876
16780.00000 0.8892
16790.00000 0.8913
16800.00000 0.8928
16810.00000 0.8945
16820.00000 0.8936
16830.00000 0.894
16840.00000 0.8954
16850.00000 0.8961
16860.00000 0.8977
16870.00000 0.8984
16880.00000 0.8981
16890.00000 0.898
16900.00000 0.8984
16910.00000 0.8989
16920.00000 0.9005
16930.00000 0.8998
16940.00000 0.8997
16950.00000 0.8992
16960.00000 0.8995
16970.00000 0.8996
16980.00000 0.9001
16990.00000 0.8999
17000.00000 0.9009
17010.00000 0.8997
17020.00000 0.9009
17030.00000 0.9006
17040.00000 0.8998
17050.00000 0.9001
17060.00000 0.8998
17070.00000 0.8986
17080.00000 0.8983
17090.00000 0.8974
17100.00000 0.8964
17110.00000 0.8945
17120.00000 0.8917
17130.00000 0.8913
17140.00000 0.8897
17150.00000 0.8887
17160.00000 0.8871
17170.00000 0.885
17180.00000 0.8817
17190.00000 0.8809
17200.00000 0.88
17210.00000 0.8798
17220.00000 0.8779
17230.00000 0.8774
17240.00000 0.8767
17250.00000 0.8756
17260.00000 0.876
17270.00000 0.8766
17280.00000 0.8769
17290.00000 0.879
17300.00000 0.8786
17310.00000 0.8791
17320.00000 0.8812
17330.00000 0.8816
17340.00000 0.8842
17350.00000 0.8865
17360.00000 0.8882
17370.00000 0.8892
17380.00000 0.8911
17390.00000 0.892
17400.00000 0.895
17410.00000 0.8963
17420.00000 0.8988
17430.00000 0.8998
17440.00000 0.8993
17450.00000 0.8977
17460.00000 0.8966
17470.00000 0.8918
17480.00000 0.8858
17490.00000 0.8754
17500.00000 0.8605
17510.00000 0.8407
17520.00000 0.8145
17530.00000 0.7824
17540.00000 0.7445
17550.00000 0.7014
17560.00000 0.6508
17570.00000 0.5963
17580.00000 0.5416
17590.00000 0.4833
17600.00000 0.4259
17610.00000 0.3745
17620.00000 0.3235
17630.00000 0.2782
17640.00000 0.2388
17650.00000 0.2035
17660.00000 0.1715
17670.00000 0.1458
17680.00000 0.1237
17690.00000 0.1042
17700.00000 0.0888
17710.00000 0.0755
17720.00000 0.0642
17730.00000 0.0549
17740.00000 0.0469
17750.00000 0.0402
17760.00000 0.0346
17770.00000 0.0301
17780.00000 0.0259
17790.00000 0.0224
17800.00000 0.0196
17810.00000 0.017
17820.00000 0.0149
17830.00000 0.0132
17840.00000 0.0115
17850.00000 0.0102
17860.00000 0.0089
17870.00000 0.0079
17880.00000 0.0069
17890.00000 0.0062
17900.00000 0.0056
17910.00000 0.005
17920.00000 0.0044
17930.00000 0.004
17940.00000 0.0035
17950.00000 0.0029
17960.00000 0.0027
17970.00000 0.0025
17980.00000 0.0023
17990.00000 0.0021
18000.00000 0.0018
18010.00000 0.0016
18020.00000 0.0015
18030.00000 0.0014
18040.00000 0.0012
18050.00000 0.0011
18060.00000 0.0009
18070.00000 0.0009
18080.00000 0.0008
18090.00000 0.0007
18100.00000 0.0007
18110.00000 0.0006
18120.00000 0.0006
18130.00000 0.0005
18140.00000 0.0005
18150.00000 0.0005
18160.00000 0.0003
18170.00000 0.0004
18180.00000 0.0004
18190.00000 0.0004
18200.00000 0.0003
20020.00000 0.0
