threeML/data/optical_filters/LCO/FourStar-Hlong.ecsv
# %ECSV 0.9
# ---
# datatype:
# - {name: wavelength, unit: Angstrom, datatype: float32}
# - {name: response, datatype: float32}
# meta: !!omap
# - {band_name: Hlong}
# - {group_name: FourStar}
wavelength response
15850.00000 0.0
15860.00000 0.0002
15870.00000 0.0008
15880.00000 0.001
15890.00000 0.0009
15900.00000 0.0012
15910.00000 0.001
15920.00000 0.001
15930.00000 0.0021
15940.00000 0.0029
15950.00000 0.0024
15960.00000 0.0032
15970.00000 0.0035
15980.00000 0.0041
15990.00000 0.0054
16000.00000 0.0062
16010.00000 0.007
16020.00000 0.0086
16030.00000 0.0108
16040.00000 0.014
16050.00000 0.0154
16060.00000 0.0191
16070.00000 0.0233
16080.00000 0.0271
16090.00000 0.0344
16100.00000 0.0397
16110.00000 0.0464
16120.00000 0.0564
16130.00000 0.0651
16140.00000 0.079
16150.00000 0.0939
16160.00000 0.106
16170.00000 0.1244
16180.00000 0.1446
16190.00000 0.167
16200.00000 0.1923
16210.00000 0.2218
16220.00000 0.2586
16230.00000 0.2861
16240.00000 0.3334
16250.00000 0.3773
16260.00000 0.4265
16270.00000 0.4814
16280.00000 0.5324
16290.00000 0.5851
16300.00000 0.6351
16310.00000 0.6813
16320.00000 0.721
16330.00000 0.7572
16340.00000 0.788
16350.00000 0.8041
16360.00000 0.8246
16370.00000 0.8361
16380.00000 0.8467
16390.00000 0.8539
16400.00000 0.8596
16410.00000 0.8642
16420.00000 0.8656
16430.00000 0.8713
16440.00000 0.8739
16450.00000 0.8771
16460.00000 0.8775
16470.00000 0.8818
16480.00000 0.8828
16490.00000 0.883
16500.00000 0.8852
16510.00000 0.8857
16520.00000 0.8852
16530.00000 0.885
16540.00000 0.8861
16550.00000 0.8844
16560.00000 0.8848
16570.00000 0.8829
16580.00000 0.8831
16590.00000 0.8826
16600.00000 0.8826
16610.00000 0.8823
16620.00000 0.8826
16630.00000 0.8834
16640.00000 0.8839
16650.00000 0.8839
16660.00000 0.8833
16670.00000 0.8845
16680.00000 0.8853
16690.00000 0.8854
16700.00000 0.8858
16710.00000 0.8863
16720.00000 0.8854
16730.00000 0.886
16740.00000 0.8854
16750.00000 0.8834
16760.00000 0.8835
16770.00000 0.8846
16780.00000 0.8829
16790.00000 0.8818
16800.00000 0.8824
16810.00000 0.8808
16820.00000 0.8805
16830.00000 0.882
16840.00000 0.8814
16850.00000 0.8815
16860.00000 0.8824
16870.00000 0.8817
16880.00000 0.8822
16890.00000 0.882
16900.00000 0.8809
16910.00000 0.8803
16920.00000 0.8808
16930.00000 0.8802
16940.00000 0.8778
16950.00000 0.8811
16960.00000 0.8779
16970.00000 0.8764
16980.00000 0.8749
16990.00000 0.8747
17000.00000 0.874
17010.00000 0.8723
17020.00000 0.8701
17030.00000 0.8692
17040.00000 0.8679
17050.00000 0.8673
17060.00000 0.8659
17070.00000 0.8651
17080.00000 0.8638
17090.00000 0.8636
17100.00000 0.8626
17110.00000 0.8631
17120.00000 0.8627
17130.00000 0.8624
17140.00000 0.8627
17150.00000 0.863
17160.00000 0.8642
17170.00000 0.8647
17180.00000 0.8654
17190.00000 0.8669
17200.00000 0.8675
17210.00000 0.8698
17220.00000 0.8715
17230.00000 0.8725
17240.00000 0.8753
17250.00000 0.8773
17260.00000 0.8792
17270.00000 0.8811
17280.00000 0.8828
17290.00000 0.884
17300.00000 0.8846
17310.00000 0.8858
17320.00000 0.886
17330.00000 0.8864
17340.00000 0.8869
17350.00000 0.8868
17360.00000 0.8849
17370.00000 0.8843
17380.00000 0.883
17390.00000 0.8809
17400.00000 0.8791
17410.00000 0.8775
17420.00000 0.8744
17430.00000 0.8717
17440.00000 0.8713
17450.00000 0.868
17460.00000 0.8679
17470.00000 0.8674
17480.00000 0.8672
17490.00000 0.867
17500.00000 0.8673
17510.00000 0.8688
17520.00000 0.8705
17530.00000 0.8702
17540.00000 0.8717
17550.00000 0.8736
17560.00000 0.8749
17570.00000 0.8783
17580.00000 0.8792
17590.00000 0.8807
17600.00000 0.8799
17610.00000 0.8823
17620.00000 0.8827
17630.00000 0.883
17640.00000 0.882
17650.00000 0.8813
17660.00000 0.8788
17670.00000 0.8775
17680.00000 0.8745
17690.00000 0.87
17700.00000 0.8647
17710.00000 0.8579
17720.00000 0.8462
17730.00000 0.8339
17740.00000 0.8143
17750.00000 0.7936
17760.00000 0.7599
17770.00000 0.7254
17780.00000 0.6814
17790.00000 0.6301
17800.00000 0.5793
17810.00000 0.5176
17820.00000 0.461
17830.00000 0.4052
17840.00000 0.3535
17850.00000 0.3081
17860.00000 0.2537
17870.00000 0.2208
17880.00000 0.1872
17890.00000 0.1581
17900.00000 0.1361
17910.00000 0.1144
17920.00000 0.0968
17930.00000 0.0824
17940.00000 0.0728
17950.00000 0.0607
17960.00000 0.0539
17970.00000 0.0454
17980.00000 0.0391
17990.00000 0.0344
18000.00000 0.0302
18010.00000 0.024
18020.00000 0.0222
18030.00000 0.0203
18040.00000 0.0171
18050.00000 0.0151
18060.00000 0.0134
18070.00000 0.0117
18080.00000 0.0105
18090.00000 0.0086
18100.00000 0.0078
18110.00000 0.0068
18120.00000 0.0064
18130.00000 0.0053
18140.00000 0.0046
18150.00000 0.0038
18160.00000 0.0031
18170.00000 0.0045
18180.00000 0.0025
18190.00000 0.0024
18200.00000 0.0033
20020.00000 0.0
