threeML/data/optical_filters/LCO/FourStar-J2.ecsv
# %ECSV 0.9
# ---
# datatype:
# - {name: wavelength, unit: Angstrom, datatype: float32}
# - {name: response, datatype: float32}
# meta: !!omap
# - {band_name: J2}
# - {group_name: FourStar}
wavelength response
9710.00000 0.0
9720.00000 0.0003
9730.00000 0.0003
9740.00000 0.0003
9750.00000 0.0003
9760.00000 0.0003
9770.00000 0.0003
9780.00000 0.0003
9790.00000 0.0003
9800.00000 0.0002
9810.00000 0.0002
9820.00000 0.0003
9830.00000 0.0003
9840.00000 0.0003
9850.00000 0.0004
9860.00000 0.0004
9870.00000 0.0003
9880.00000 0.0003
9890.00000 0.0003
9900.00000 0.0002
9910.00000 0.0003
9920.00000 0.0003
9930.00000 0.0003
9940.00000 0.0003
9950.00000 0.0003
9960.00000 0.0003
9970.00000 0.0003
9980.00000 0.0003
9990.00000 0.0003
10000.00000 0.0003
10010.00000 0.0003
10020.00000 0.0003
10030.00000 0.0003
10040.00000 0.0003
10050.00000 0.0003
10060.00000 0.0003
10070.00000 0.0004
10080.00000 0.0003
10090.00000 0.0003
10100.00000 0.0003
10110.00000 0.0003
10120.00000 0.0004
10130.00000 0.0002
10140.00000 0.0003
10150.00000 0.0003
10160.00000 0.0003
10170.00000 0.0003
10180.00000 0.0003
10190.00000 0.0003
10200.00000 0.0003
10210.00000 0.0004
10220.00000 0.0004
10230.00000 0.0003
10240.00000 0.0003
10250.00000 0.0003
10260.00000 0.0003
10270.00000 0.0004
10280.00000 0.0003
10290.00000 0.0003
10300.00000 0.0003
10310.00000 0.0004
10320.00000 0.0004
10330.00000 0.0003
10340.00000 0.0004
10350.00000 0.0004
10360.00000 0.0004
10370.00000 0.0005
10380.00000 0.0004
10390.00000 0.0006
10400.00000 0.0006
10410.00000 0.0007
10420.00000 0.0006
10430.00000 0.0007
10440.00000 0.0007
10450.00000 0.0007
10460.00000 0.0008
10470.00000 0.0008
10480.00000 0.0009
10490.00000 0.001
10500.00000 0.0012
10510.00000 0.0011
10520.00000 0.0015
10530.00000 0.0016
10540.00000 0.0019
10550.00000 0.0023
10560.00000 0.0028
10570.00000 0.0036
10580.00000 0.0047
10590.00000 0.006
10600.00000 0.0083
10610.00000 0.0111
10620.00000 0.0158
10630.00000 0.0204
10640.00000 0.0293
10650.00000 0.0416
10660.00000 0.0539
10670.00000 0.071
10680.00000 0.0912
10690.00000 0.1187
10700.00000 0.1425
10710.00000 0.1729
10720.00000 0.2051
10730.00000 0.2565
10740.00000 0.3093
10750.00000 0.3824
10760.00000 0.4555
10770.00000 0.5369
10780.00000 0.6236
10790.00000 0.7013
10800.00000 0.761
10810.00000 0.7968
10820.00000 0.8044
10830.00000 0.7988
10840.00000 0.7858
10850.00000 0.7663
10860.00000 0.7471
10870.00000 0.7333
10880.00000 0.7223
10890.00000 0.7177
10900.00000 0.7173
10910.00000 0.7183
10920.00000 0.7201
10930.00000 0.7209
10940.00000 0.7212
10950.00000 0.7199
10960.00000 0.7188
10970.00000 0.7196
10980.00000 0.722
10990.00000 0.7258
11000.00000 0.7332
11010.00000 0.7383
11020.00000 0.7455
11030.00000 0.7531
11040.00000 0.7643
11050.00000 0.7767
11060.00000 0.7889
11070.00000 0.8028
11080.00000 0.8114
11090.00000 0.8197
11100.00000 0.8237
11110.00000 0.826
11120.00000 0.8266
11130.00000 0.8261
11140.00000 0.8233
11150.00000 0.8205
11160.00000 0.8178
11170.00000 0.8154
11180.00000 0.8131
11190.00000 0.8118
11200.00000 0.8136
11210.00000 0.8136
11220.00000 0.8173
11230.00000 0.8168
11240.00000 0.8171
11250.00000 0.8169
11260.00000 0.8165
11270.00000 0.8148
11280.00000 0.8137
11290.00000 0.812
11300.00000 0.8083
11310.00000 0.8061
11320.00000 0.8028
11330.00000 0.7978
11340.00000 0.7942
11350.00000 0.7912
11360.00000 0.789
11370.00000 0.7885
11380.00000 0.7901
11390.00000 0.7923
11400.00000 0.7956
11410.00000 0.7998
11420.00000 0.8044
11430.00000 0.8092
11440.00000 0.8153
11450.00000 0.821
11460.00000 0.8268
11470.00000 0.8328
11480.00000 0.8354
11490.00000 0.8397
11500.00000 0.843
11510.00000 0.8451
11520.00000 0.8463
11530.00000 0.8481
11540.00000 0.848
11550.00000 0.8479
11560.00000 0.8477
11570.00000 0.8467
11580.00000 0.8446
11590.00000 0.8426
11600.00000 0.8409
11610.00000 0.839
11620.00000 0.8381
11630.00000 0.8368
11640.00000 0.8356
11650.00000 0.8345
11660.00000 0.8335
11670.00000 0.8325
11680.00000 0.831
11690.00000 0.8295
11700.00000 0.8275
11710.00000 0.8262
11720.00000 0.8243
11730.00000 0.8218
11740.00000 0.8203
11750.00000 0.8184
11760.00000 0.8167
11770.00000 0.816
11780.00000 0.8154
11790.00000 0.8148
11800.00000 0.8152
11810.00000 0.8153
11820.00000 0.8161
11830.00000 0.817
11840.00000 0.8183
11850.00000 0.8196
11860.00000 0.821
11870.00000 0.8239
11880.00000 0.8262
11890.00000 0.8298
11900.00000 0.8335
11910.00000 0.837
11920.00000 0.8402
11930.00000 0.8431
11940.00000 0.845
11950.00000 0.8459
11960.00000 0.8467
11970.00000 0.845
11980.00000 0.8423
11990.00000 0.8356
12000.00000 0.8276
12010.00000 0.8168
12020.00000 0.8009
12030.00000 0.7826
12040.00000 0.76
12050.00000 0.7307
12060.00000 0.7013
12070.00000 0.6617
12080.00000 0.6263
12090.00000 0.5821
12100.00000 0.5378
12110.00000 0.4892
12120.00000 0.4432
12130.00000 0.3974
12140.00000 0.3532
12150.00000 0.3136
12160.00000 0.2734
12170.00000 0.238
12180.00000 0.2066
12190.00000 0.1789
12200.00000 0.1548
12210.00000 0.132
12220.00000 0.1137
12230.00000 0.0969
12240.00000 0.0827
12250.00000 0.0443
12260.00000 0.059
12270.00000 0.0519
12280.00000 0.0432
12290.00000 0.0371
12300.00000 0.0311
12310.00000 0.0263
12320.00000 0.0225
12330.00000 0.0187
12340.00000 0.0165
12350.00000 0.0141
12360.00000 0.0118
12370.00000 0.01
12380.00000 0.0086
12390.00000 0.0073
12400.00000 0.0063
12410.00000 0.0055
12420.00000 0.0047
12430.00000 0.004
12440.00000 0.0035
12450.00000 0.0031
12460.00000 0.0028
12470.00000 0.0024
12480.00000 0.0022
12490.00000 0.0019
12500.00000 0.0017
12510.00000 0.0015
12520.00000 0.0014
12530.00000 0.0012
12540.00000 0.0012
12550.00000 0.0011
12560.00000 0.001
12570.00000 0.0009
12580.00000 0.0008
12590.00000 0.0007
12600.00000 0.0007
12610.00000 0.0006
12620.00000 0.0007
12630.00000 0.0005
12640.00000 0.0006
12650.00000 0.0006
12660.00000 0.0006
12670.00000 0.0005
12680.00000 0.0005
12690.00000 0.0004
12700.00000 0.0004
12710.00000 0.0004
12720.00000 0.0004
12730.00000 0.0003
12740.00000 0.0004
12750.00000 0.0004
12760.00000 0.0004
12770.00000 0.0003
12780.00000 0.0003
12790.00000 0.0003
12800.00000 0.0003
12810.00000 0.0004
12820.00000 0.0003
12830.00000 0.0003
12840.00000 0.0003
12850.00000 0.0003
12860.00000 0.0003
12870.00000 0.0004
12880.00000 0.0003
12890.00000 0.0003
12900.00000 0.0003
12910.00000 0.0003
12920.00000 0.0003
12930.00000 0.0002
12940.00000 0.0003
12950.00000 0.0003
12960.00000 0.0003
12970.00000 0.0004
12980.00000 0.0003
12990.00000 0.0002
13000.00000 0.0003
13010.00000 0.0003
13020.00000 0.0004
13030.00000 0.0002
13040.00000 0.0003
13050.00000 0.0003
13060.00000 0.0003
13070.00000 0.0002
13080.00000 0.0003
13090.00000 0.0
