threeML/data/optical_filters/LCO/FourStar-J1.ecsv
# %ECSV 0.9
# ---
# datatype:
# - {name: wavelength, unit: Angstrom, datatype: float32}
# - {name: response, datatype: float32}
# meta: !!omap
# - {band_name: J1}
# - {group_name: FourStar}
wavelength response
9010.00000 0.0
9020.00000 0.0002
9030.00000 0.0002
9040.00000 0.0001
9050.00000 0.0002
9060.00000 0.0002
9070.00000 0.0001
9080.00000 0.0003
9090.00000 0.0002
9100.00000 0.0002
9110.00000 0.0003
9120.00000 0.0002
9130.00000 0.0002
9140.00000 0.0001
9150.00000 0.0002
9160.00000 0.0003
9170.00000 0.0002
9180.00000 0.0002
9190.00000 0.0002
9200.00000 0.0002
9210.00000 0.0003
9220.00000 0.0001
9230.00000 0.0002
9240.00000 0.0002
9250.00000 0.0002
9260.00000 0.0002
9270.00000 0.0002
9280.00000 0.0003
9290.00000 0.0002
9300.00000 0.0003
9310.00000 0.0002
9320.00000 0.0002
9330.00000 0.0002
9340.00000 0.0002
9350.00000 0.0002
9360.00000 0.0002
9370.00000 0.0002
9380.00000 0.0002
9390.00000 0.0002
9400.00000 0.0003
9410.00000 0.0002
9420.00000 0.0002
9430.00000 0.0003
9440.00000 0.0001
9450.00000 0.0001
9460.00000 0.0002
9470.00000 0.0002
9480.00000 0.0002
9490.00000 0.0002
9500.00000 0.0002
9510.00000 0.0002
9520.00000 0.0002
9530.00000 0.0001
9540.00000 0.0003
9550.00000 0.0002
9560.00000 0.0001
9570.00000 0.0002
9580.00000 0.0002
9590.00000 0.0002
9600.00000 0.0002
9610.00000 0.0002
9620.00000 0.0002
9630.00000 0.0002
9640.00000 0.0003
9650.00000 0.0003
9660.00000 0.0003
9670.00000 0.0002
9680.00000 0.0003
9690.00000 0.0003
9700.00000 0.0003
9710.00000 0.0004
9720.00000 0.0004
9730.00000 0.0004
9740.00000 0.0005
9750.00000 0.0006
9760.00000 0.0007
9770.00000 0.0007
9780.00000 0.0008
9790.00000 0.0009
9800.00000 0.001
9810.00000 0.001
9820.00000 0.0013
9830.00000 0.0014
9840.00000 0.0016
9850.00000 0.0019
9860.00000 0.0023
9870.00000 0.0029
9880.00000 0.0037
9890.00000 0.0049
9900.00000 0.0062
9910.00000 0.0087
9920.00000 0.0123
9930.00000 0.0179
9940.00000 0.0255
9950.00000 0.0409
9960.00000 0.0563
9970.00000 0.0783
9980.00000 0.1049
9990.00000 0.1347
10000.00000 0.1765
10010.00000 0.2104
10020.00000 0.2482
10030.00000 0.2877
10040.00000 0.3347
10050.00000 0.3899
10060.00000 0.4452
10070.00000 0.5064
10080.00000 0.5655
10090.00000 0.6201
10100.00000 0.666
10110.00000 0.6982
10120.00000 0.7163
10130.00000 0.723
10140.00000 0.7255
10150.00000 0.7242
10160.00000 0.7231
10170.00000 0.7262
10180.00000 0.7304
10190.00000 0.7381
10200.00000 0.7504
10210.00000 0.7545
10220.00000 0.7566
10230.00000 0.7569
10240.00000 0.7551
10250.00000 0.7551
10260.00000 0.7544
10270.00000 0.7528
10280.00000 0.7512
10290.00000 0.7533
10300.00000 0.755
10310.00000 0.757
10320.00000 0.7603
10330.00000 0.7622
10340.00000 0.767
10350.00000 0.7715
10360.00000 0.7757
10370.00000 0.7789
10380.00000 0.783
10390.00000 0.7859
10400.00000 0.7921
10410.00000 0.7957
10420.00000 0.7957
10430.00000 0.7949
10440.00000 0.7963
10450.00000 0.7954
10460.00000 0.7942
10470.00000 0.7953
10480.00000 0.7937
10490.00000 0.7937
10500.00000 0.7966
10510.00000 0.7933
10520.00000 0.7895
10530.00000 0.7866
10540.00000 0.7829
10550.00000 0.7806
10560.00000 0.7793
10570.00000 0.7742
10580.00000 0.7687
10590.00000 0.7636
10600.00000 0.7586
10610.00000 0.7547
10620.00000 0.7536
10630.00000 0.7517
10640.00000 0.7509
10650.00000 0.7503
10660.00000 0.7502
10670.00000 0.751
10680.00000 0.7557
10690.00000 0.7616
10700.00000 0.7691
10710.00000 0.7771
10720.00000 0.7818
10730.00000 0.7891
10740.00000 0.7961
10750.00000 0.8009
10760.00000 0.8059
10770.00000 0.8112
10780.00000 0.8135
10790.00000 0.8155
10800.00000 0.8197
10810.00000 0.8192
10820.00000 0.818
10830.00000 0.8174
10840.00000 0.8141
10850.00000 0.8102
10860.00000 0.8075
10870.00000 0.8021
10880.00000 0.7961
10890.00000 0.7925
10900.00000 0.79
10910.00000 0.7885
10920.00000 0.7881
10930.00000 0.7869
10940.00000 0.7837
10950.00000 0.7796
10960.00000 0.7704
10970.00000 0.7584
10980.00000 0.7406
10990.00000 0.7141
11000.00000 0.669
11010.00000 0.6298
11020.00000 0.5627
11030.00000 0.5035
11040.00000 0.422
11050.00000 0.3563
11060.00000 0.2906
11070.00000 0.2264
11080.00000 0.1845
11090.00000 0.143
11100.00000 0.1189
11110.00000 0.0897
11120.00000 0.07
11130.00000 0.0541
11140.00000 0.0419
11150.00000 0.034
11160.00000 0.026
11170.00000 0.0203
11180.00000 0.0162
11190.00000 0.0124
11200.00000 0.0101
11210.00000 0.0081
11220.00000 0.0069
11230.00000 0.0054
11240.00000 0.0045
11250.00000 0.0038
11260.00000 0.0031
11270.00000 0.0026
11280.00000 0.0022
11290.00000 0.002
11300.00000 0.0017
11310.00000 0.0014
11320.00000 0.0012
11330.00000 0.0011
11340.00000 0.001
11350.00000 0.0009
11360.00000 0.0008
11370.00000 0.0007
11380.00000 0.0007
11390.00000 0.0006
11400.00000 0.0006
11410.00000 0.0005
11420.00000 0.0005
11430.00000 0.0004
11440.00000 0.0004
11450.00000 0.0003
11460.00000 0.0003
11470.00000 0.0004
11480.00000 0.0004
11490.00000 0.0004
11500.00000 0.0003
11510.00000 0.0004
11520.00000 0.0003
11530.00000 0.0003
11540.00000 0.0003
11550.00000 0.0003
11560.00000 0.0003
11570.00000 0.0003
11580.00000 0.0002
11590.00000 0.0002
11600.00000 0.0003
11610.00000 0.0003
11620.00000 0.0002
11630.00000 0.0002
11640.00000 0.0003
11650.00000 0.0003
11660.00000 0.0003
11670.00000 0.0003
11680.00000 0.0002
11690.00000 0.0002
11700.00000 0.0002
11710.00000 0.0002
11720.00000 0.0002
11730.00000 0.0003
11740.00000 0.0002
11750.00000 0.0002
11760.00000 0.0002
11770.00000 0.0002
11780.00000 0.0002
11790.00000 0.0002
11800.00000 0.0002
11810.00000 0.0002
11820.00000 0.0002
11830.00000 0.0002
11840.00000 0.0002
11850.00000 0.0001
11860.00000 0.0001
11870.00000 0.0003
11880.00000 0.0002
11890.00000 0.0002
11900.00000 0.0002
11910.00000 0.0002
11920.00000 0.0002
11930.00000 0.0002
11940.00000 0.0
