threeML/data/optical_filters/LCO/IMACS-WB4800.ecsv
# %ECSV 0.9
# ---
# datatype:
# - {name: wavelength, unit: Angstrom, datatype: float32}
# - {name: response, datatype: float32}
# meta: !!omap
# - {band_name: WB4800}
# - {group_name: IMACS}
wavelength response
[from data line 891]
6235.60010 0.98217
6239.00000 0.98203
6242.39990 0.98251
6245.79980 0.9829
6249.20020 0.98279
6252.60010 0.98219
6256.10010 0.98171
6259.50000 0.98115
6262.89990 0.98128
6266.29980 0.98104
6269.70020 0.9808
6273.10010 0.98089
6276.50000 0.98083
6279.89990 0.98039
6283.29980 0.98047
6286.70020 0.98037
6290.10010 0.98028
6293.50000 0.98035
6297.00000 0.98
6300.39990 0.9796
6303.79980 0.97948
6307.20020 0.9793
6310.60010 0.97909
6314.00000 0.97908
6317.39990 0.97859
6320.79980 0.97851
6324.20020 0.9778
6327.60010 0.97764
6331.00000 0.97757
6334.39990 0.97803
6337.79980 0.97745
6341.20020 0.97797
6344.60010 0.97725
6348.00000 0.97673
6351.39990 0.97626
6354.79980 0.9764
6358.20020 0.97583
6361.60010 0.97587
6365.00000 0.97654
6368.39990 0.97669
6371.79980 0.97694
6375.20020 0.97769
6378.60010 0.97822
6382.00000 0.97785
6385.39990 0.97779
6388.70020 0.97782
6392.10010 0.97724
6395.50000 0.97769
6398.89990 0.97802
6402.29980 0.9783
6405.70020 0.97865
6409.10010 0.97903
6412.50000 0.97856
6415.89990 0.97856
6419.29980 0.97891
6422.70020 0.97884
6426.10010 0.97919
6429.39990 0.97928
6432.79980 0.97932
6436.20020 0.97969
6439.60010 0.97938
6443.00000 0.97957
6446.39990 0.98004
6449.79980 0.97983
6453.20020 0.97907
6456.50000 0.97997
6459.89990 0.97995
6463.29980 0.98031
6466.70020 0.98115
6470.10010 0.98147
6473.50000 0.98164
6476.79980 0.98219
6480.20020 0.98175
6483.60010 0.98164
6487.00000 0.98195
6490.39990 0.98151
6493.79980 0.98129
6497.10010 0.98129
6500.50000 0.98138
6503.89990 0.98152
6507.29980 0.98197
6510.60010 0.98181
6514.00000 0.98197
6517.39990 0.98211
6520.79980 0.98192
6524.20020 0.9812
6527.50000 0.98137
6530.89990 0.98158
6534.29980 0.98135
6537.70020 0.98146
6541.00000 0.98183
6544.39990 0.98181
6547.79980 0.9815
6551.20020 0.98169
6554.50000 0.98168
6557.89990 0.98187
6561.29980 0.98171
6564.60010 0.98154
6568.00000 0.98145
6571.39990 0.98162
6574.79980 0.98133
6578.10010 0.9814
6581.50000 0.98191
6584.89990 0.98174
6588.20020 0.98169
6591.60010 0.98177
6595.00000 0.98166
6598.29980 0.98168
6601.70020 0.98165
6605.10010 0.98129
6608.39990 0.98106
6611.79980 0.98142
6615.20020 0.98108
6618.50000 0.98092
6621.89990 0.98108
6625.29980 0.98115
6628.60010 0.98046
6632.00000 0.98022
6635.29980 0.9798
6638.70020 0.98003
6642.10010 0.9803
6645.39990 0.98057
6648.79980 0.98054
6652.10010 0.9809
6655.50000 0.98027
6658.89990 0.98019
6662.20020 0.98014
6665.60010 0.98066
6668.89990 0.98135
6672.29980 0.98177
6675.70020 0.98188
6679.00000 0.98195
6682.39990 0.98173
6685.70020 0.98139
6689.10010 0.98187
6692.39990 0.98204
6695.79980 0.98258
6699.10010 0.98288
6702.50000 0.98261
6705.89990 0.98233
6709.20020 0.98224
6712.60010 0.98248
6715.89990 0.98277
6719.29980 0.98349
6722.60010 0.98392
6726.00000 0.98438
6729.29980 0.98454
6732.70020 0.9846
6736.00000 0.98469
6739.39990 0.98463
6742.70020 0.98488
6746.10010 0.98508
6749.39990 0.98555
6752.79980 0.98597
6756.10010 0.98597
6759.39990 0.98613
6762.79980 0.98598
6766.10010 0.98624
6769.50000 0.98604
6772.79980 0.98692
6776.20020 0.98741
6779.50000 0.98744
6782.89990 0.98757
6786.20020 0.98844
6789.50000 0.9883
6792.89990 0.98775
6796.20020 0.98782
6799.60010 0.98743
6802.89990 0.98713
6806.20020 0.9875
6809.60010 0.98787
6812.89990 0.98827
6816.29980 0.98869
6819.60010 0.98864
6822.89990 0.98865
6826.29980 0.98897
6829.60010 0.98917
6833.00000 0.98951
6836.29980 0.98998
6839.60010 0.99035
6843.00000 0.99026
6846.29980 0.99012
6849.60010 0.98976
6853.00000 0.98928
6856.29980 0.98926
6859.60010 0.98878
6863.00000 0.98852
6866.29980 0.98856
6869.60010 0.98865
6873.00000 0.98809
6876.29980 0.98882
6879.60010 0.98897
6883.00000 0.98916
6886.29980 0.989
6889.60010 0.98939
6892.89990 0.98931
6896.29980 0.9896
6899.60010 0.9896
6902.89990 0.99044
6906.20020 0.9909
6909.60010 0.9908
6912.89990 0.99106
6916.20020 0.99126
6919.60010 0.99064
6922.89990 0.98998
6926.20020 0.98999
6929.50000 0.98973
6932.89990 0.98957
6936.20020 0.98982
6939.50000 0.98998
6942.79980 0.99018
6946.10010 0.99063
6949.50000 0.99049
6952.79980 0.99042
6956.10010 0.9908
6959.39990 0.99115
6962.70020 0.99093
6966.10010 0.99133
6969.39990 0.99177
6972.70020 0.99162
6976.00000 0.99135
6979.29980 0.99168
6982.70020 0.99186
6986.00000 0.99181
6989.29980 0.99192
6992.60010 0.99223
6995.89990 0.99234
6999.20020 0.99183
7002.50000 0.99193
7005.89990 0.99212
7009.20020 0.99201
7012.50000 0.9918
7015.79980 0.99215
7019.10010 0.99216
7022.39990 0.99194
7025.70020 0.99213
7029.00000 0.99225
7032.39990 0.99286
7035.70020 0.99325
7039.00000 0.99342
7042.29980 0.99317
7045.60010 0.99315
7048.89990 0.99278
7052.20020 0.99244
7055.50000 0.9926
7058.79980 0.99258
7062.10010 0.99241
7065.39990 0.99232
7068.70020 0.9925
7072.00000 0.99259
7075.39990 0.99306
7078.70020 0.9935
7082.00000 0.99313
7085.29980 0.99289
7088.60010 0.99218
7091.89990 0.99194
7095.20020 0.99166
7098.50000 0.99257
7101.79980 0.99292
7105.10010 0.99316
7108.39990 0.99302
7111.70020 0.99304
7115.00000 0.99291
7118.29980 0.9929
7121.60010 0.99358
7124.89990 0.99372
7128.20020 0.99437
7131.50000 0.99416
7134.79980 0.99372
7138.10010 0.99346
7141.39990 0.99319
7144.70020 0.99293
7148.00000 0.9927
7151.20020 0.99302
7154.50000 0.99261
7157.79980 0.99275
7161.10010 0.9927
7164.39990 0.99302
7167.70020 0.99306
7171.00000 0.99369
7174.29980 0.99382
7177.60010 0.99339
7180.89990 0.99249
7184.20020 0.99199
7187.50000 0.99172
7190.79980 0.99158
7194.00000 0.99177
7197.29980 0.99264
7200.60010 0.99279
7203.89990 0.99261
7207.20020 0.99295
7210.50000 0.99336
7213.79980 0.99335
7217.10010 0.99345
7220.29980 0.99389
7223.60010 0.99363
7226.89990 0.99285
7230.20020 0.99255
7233.50000 0.99243
7236.79980 0.99193
7240.00000 0.99226
7243.29980 0.99258
7246.60010 0.99261
7249.89990 0.99305
7253.20020 0.99257
7256.50000 0.99145
7259.70020 0.99125
7263.00000 0.99081
7266.29980 0.99018
7269.60010 0.9897
7272.89990 0.9895
7276.10010 0.98883
7279.39990 0.98857
7282.70020 0.98772
7286.00000 0.98741
7289.20020 0.98727
7292.50000 0.98638
7295.79980 0.98529
7299.10010 0.98463
7302.29980 0.98398
7305.60010 0.98247
7308.89990 0.98164
7312.20020 0.98104
7315.39990 0.98007
7318.70020 0.97849
7322.00000 0.97755
7325.29980 0.97676
7328.50000 0.97549
7331.79980 0.97463
7335.10010 0.97384
7338.29980 0.97278
7341.60010 0.97122
7344.89990 0.96993
7348.10010 0.96896
7351.39990 0.96793
7354.70020 0.96747
7357.89990 0.96672
7361.20020 0.96572
7364.50000 0.96441
7367.70020 0.96351
7371.00000 0.96216
7374.29980 0.9613
7377.50000 0.9608
7380.79980 0.95994
7384.10010 0.95842
7387.29980 0.95741
7390.60010 0.95676
7393.89990 0.95549
7397.10010 0.95453
7400.39990 0.95429
7403.60010 0.95366
7406.89990 0.9524
7410.20020 0.9514
7413.39990 0.95093
7416.70020 0.95025
7419.89990 0.9493
7423.20020 0.94886
7426.50000 0.94855
7429.70020 0.94769
7433.00000 0.94724
7436.20020 0.94696
7439.50000 0.94639
7442.79980 0.94627
7446.00000 0.94645
7449.29980 0.9463
7452.50000 0.94669
7455.79980 0.94674
7459.00000 0.94639
7462.29980 0.9461
7465.50000 0.94623
7468.79980 0.9465
7472.00000 0.94747
7475.29980 0.94826
7478.50000 0.94904
7481.79980 0.94943
7485.00000 0.94956
7488.29980 0.94939
7491.50000 0.95042
7494.79980 0.95142
7498.00000 0.95242
7501.29980 0.95326
7504.50000 0.9548
7507.79980 0.95557
7511.00000 0.95605
7514.29980 0.95804
7517.50000 0.95951
7520.79980 0.96055
7524.00000 0.96224
7527.29980 0.96355
7530.50000 0.96378
7533.70020 0.96502
7537.00000 0.96611
7540.20020 0.96614
7543.50000 0.96761
7546.70020 0.96886
7550.00000 0.96933
7553.20020 0.97043
7556.39990 0.97241
7559.70020 0.97351
7562.89990 0.97485
7566.20020 0.97653
7569.39990 0.97759
7572.60010 0.9781
7575.89990 0.97836
7579.10010 0.97785
7582.39990 0.97858
7585.60010 0.97941
7588.79980 0.97961
7592.10010 0.98001
7595.29980 0.98113
7598.50000 0.981
7601.79980 0.98065
7605.00000 0.98138
7608.20020 0.98153
7611.50000 0.98198
7614.70020 0.98217
7617.89990 0.98264
7621.20020 0.98204
7624.39990 0.98207
7627.60010 0.98151
7630.89990 0.9811
7634.10010 0.97999
7637.29980 0.97958
7640.60010 0.97908
7643.79980 0.97893
7647.00000 0.97802
7650.20020 0.97702
7653.50000 0.97602
7656.70020 0.97487
7659.89990 0.97337
7663.20020 0.97249
7666.39990 0.97154
7669.60010 0.97043
7672.79980 0.9695
7676.10010 0.96824
7679.29980 0.96634
7682.50000 0.96508
7685.70020 0.96403
7689.00000 0.96309
7692.20020 0.96197
7695.39990 0.96085
7698.60010 0.95944
7701.79980 0.9578
7705.10010 0.9556
7708.29980 0.95416
7711.50000 0.95254
7714.70020 0.95177
7717.89990 0.95065
7721.20020 0.94939
7724.39990 0.94719
7727.60010 0.94581
7730.79980 0.94364
7734.00000 0.94063
7737.20020 0.93779
7740.50000 0.935
7743.70020 0.93139
7746.89990 0.92702
7750.10010 0.92371
7753.29980 0.92012
7756.50000 0.91499
7759.70020 0.90993
7763.00000 0.90447
7766.20020 0.89737
7769.39990 0.88882
7772.60010 0.88142
7775.79980 0.87294
7779.00000 0.86316
7782.20020 0.85266
7785.39990 0.84161
7788.70020 0.82854
7791.89990 0.81497
7795.10010 0.80063
7798.29980 0.78613
7801.50000 0.77085
7804.70020 0.75486
7807.89990 0.7373
7811.10010 0.7196
7814.29980 0.70035
7817.50000 0.68046
7820.70020 0.65963
7823.89990 0.63883
7827.10010 0.61735
7830.29980 0.59497
7833.50000 0.57296
7836.70020 0.55093
7839.89990 0.52826
7843.10010 0.50637
7846.39990 0.48505
7849.60010 0.46277
7852.79980 0.44217
7856.00000 0.42212
7859.20020 0.40226
7862.39990 0.38207
7865.60010 0.3632
7868.79980 0.34502
7871.89990 0.32734
7875.10010 0.31053
7878.29980 0.29409
7881.50000 0.27819
7884.70020 0.26309
7887.89990 0.24879
7891.10010 0.23474
7894.29980 0.2223
7897.50000 0.20993
7900.70020 0.19823
7903.89990 0.18744
7907.10010 0.17735
7910.29980 0.16741
7913.50000 0.1583
7916.70020 0.14975
7919.89990 0.14171
7923.10010 0.13402
7926.29980 0.12698
7929.39990 0.12015
7932.60010 0.11335
7935.79980 0.10726
7939.00000 0.10153
7942.20020 0.09579
7945.39990 0.09067
7948.60010 0.08608
7951.79980 0.08175
7955.00000 0.07765
7958.10010 0.07405
7961.29980 0.07034
7964.50000 0.06707
7967.70020 0.06363
7970.89990 0.06043
7974.10010 0.0574
7977.29980 0.05493
7980.39990 0.052
7983.60010 0.04955
7986.79980 0.04757
7990.00000 0.04546
7993.20020 0.04294
7996.29980 0.0412
7999.50000 0.03954
8002.70020 0.03756
8005.89990 0.03573
8009.10010 0.03443
8012.20020 0.03312
8015.39990 0.03149
8018.60010 0.03006
8021.79980 0.02886
8025.00000 0.0276
8028.10010 0.02624
8031.29980 0.02565
8034.50000 0.02494
8037.70020 0.02414
8040.79980 0.02301
8044.00000 0.02206
8047.20020 0.0208
8050.39990 0.02009
8053.50000 0.01947
8056.70020 0.01906
8059.89990 0.01867
8063.10010 0.01814
8066.20020 0.0173
8069.39990 0.01627
8072.60010 0.01523
8075.70020 0.01424
8078.89990 0.01349
8082.10010 0.01307
8085.20020 0.01298
8088.39990 0.01305
8091.60010 0.013
8094.79980 0.01303
8097.89990 0.01292
8101.10010 0.0127
8104.29980 0.01245
8107.39990 0.0123
8110.60010 0.01219
8113.70020 0.01188
8116.89990 0.01167
8120.10010 0.01116
8123.20020 0.01062
8126.39990 0.00995
8129.60010 0.0093
8132.70020 0.00876
8135.89990 0.00824
8139.10010 0.00784
8142.20020 0.00738
8145.39990 0.00724
8148.50000 0.00697
8151.70020 0.00705
8154.89990 0.00692
8158.00000 0.00686
8161.20020 0.0068
8164.29980 0.00675
8167.50000 0.00666
8170.60010 0.00668
8173.79980 0.00669
8177.00000 0.0067
8180.10010 0.00669
8183.29980 0.0067
8186.39990 0.0067
8189.60010 0.00668
8192.70020 0.00656
8195.90039 0.00659
8199.00000 0.00657
8202.20020 0.00657
8205.40039 0.00658
8208.50000 0.00664
8211.70020 0.00663
8214.79980 0.00661
8218.00000 0.00657
8221.09961 0.00652
8224.29980 0.00652
8227.40039 0.00645
8230.59961 0.00644
8233.70020 0.00634
8236.90039 0.00619
8240.00000 0.00627
8243.20020 0.00628
8246.29980 0.00625
8249.40039 0.00619
8252.59961 0.00617
8255.70020 0.00595
8258.90039 0.00592
8262.00000 0.00547
8265.20020 0.00554
8268.29980 0.00541
8271.50000 0.0049
9098.65039 0.0
