threeML/data/optical_filters/LCO/IMACS-MMTF5290.ecsv
# %ECSV 0.9
# ---
# datatype:
# - {name: wavelength, unit: Angstrom, datatype: float32}
# - {name: response, datatype: float32}
# meta: !!omap
# - {band_name: MMTF5290}
# - {group_name: IMACS}
wavelength response
4575.60010 0.0
5084.00000 4e-05
5086.00000 0.00013
5087.00000 0.00016
5088.00000 0.0002
5090.00000 0.00023
5091.00000 0.00022
5093.00000 0.00031
5094.00000 0.00037
5096.00000 0.00044
5097.00000 0.00058
5098.00000 0.00073
5100.00000 0.00083
5101.00000 0.00084
5103.00000 0.00096
5104.00000 0.00114
5106.00000 0.00136
5107.00000 0.00173
5109.00000 0.00201
5110.00000 0.00228
5111.00000 0.00237
5113.00000 0.00262
5114.00000 0.00283
5116.00000 0.00308
5117.00000 0.00335
5119.00000 0.00362
5120.00000 0.00382
5121.00000 0.00402
5123.00000 0.00408
5124.00000 0.00414
5126.00000 0.00422
5127.00000 0.00447
5129.00000 0.00448
5130.00000 0.00458
5131.00000 0.00478
5133.00000 0.00501
5134.00000 0.00532
5136.00000 0.00556
5137.00000 0.00591
5139.00000 0.0063
5140.00000 0.00674
5141.00000 0.00719
5143.00000 0.00764
5144.00000 0.00803
5146.00000 0.00851
5147.00000 0.00886
5148.00000 0.00935
5150.00000 0.00971
5151.00000 0.01026
5153.00000 0.01079
5154.00000 0.01132
5156.00000 0.01181
5157.00000 0.01234
5158.00000 0.01308
5160.00000 0.01395
5161.00000 0.01479
5163.00000 0.0157
5164.00000 0.01651
5166.00000 0.01756
5167.00000 0.01865
5168.00000 0.01962
5170.00000 0.02077
5171.00000 0.02215
5173.00000 0.02358
5174.00000 0.0249
5176.00000 0.02629
5177.00000 0.02784
5178.00000 0.02959
5180.00000 0.0315
5181.00000 0.03351
5183.00000 0.03558
5184.00000 0.03805
5185.00000 0.04044
5187.00000 0.04304
5188.00000 0.04601
5190.00000 0.04922
5191.00000 0.05258
5193.00000 0.05623
5194.00000 0.06016
5195.00000 0.06437
5197.00000 0.06877
5198.00000 0.07365
5200.00000 0.07878
5201.00000 0.08457
5202.00000 0.09063
5204.00000 0.09717
5205.00000 0.10424
5207.00000 0.11208
5208.00000 0.12029
5210.00000 0.12911
5211.00000 0.13866
5212.00000 0.14914
5214.00000 0.16033
5215.00000 0.1724
5217.00000 0.1852
5218.00000 0.19912
5219.00000 0.21375
5221.00000 0.22944
5222.00000 0.246
5224.00000 0.26342
5225.00000 0.28184
5227.00000 0.30147
5228.00000 0.32205
5229.00000 0.3433
5231.00000 0.36538
5232.00000 0.38833
5234.00000 0.41187
5235.00000 0.4361
5236.00000 0.46058
5238.00000 0.48538
5239.00000 0.51032
5241.00000 0.53529
5242.00000 0.55991
5243.00000 0.58447
5245.00000 0.60882
5246.00000 0.63201
5248.00000 0.65416
5249.00000 0.67565
5250.00000 0.69585
5252.00000 0.71503
5253.00000 0.73275
5255.00000 0.74905
5256.00000 0.76418
5258.00000 0.77836
5259.00000 0.79097
5260.00000 0.80196
5262.00000 0.8121
5263.00000 0.821
5265.00000 0.82865
5266.00000 0.83567
5267.00000 0.8417
5269.00000 0.84689
5270.00000 0.85172
5272.00000 0.85577
5273.00000 0.85918
5274.00000 0.86209
5276.00000 0.86514
5277.00000 0.86738
5279.00000 0.86952
5280.00000 0.87112
5281.00000 0.87242
5283.00000 0.87352
5284.00000 0.87421
5286.00000 0.87488
5287.00000 0.87548
5288.00000 0.87565
5290.00000 0.87584
5291.00000 0.87584
5293.00000 0.87598
5294.00000 0.87595
5295.00000 0.87633
5297.00000 0.87679
5298.00000 0.87705
5300.00000 0.87742
5301.00000 0.87767
5302.00000 0.87789
5304.00000 0.87806
5305.00000 0.87789
5307.00000 0.8772
5308.00000 0.87657
5309.00000 0.87622
5311.00000 0.87532
5312.00000 0.87423
5314.00000 0.87291
5315.00000 0.8714
5316.00000 0.87025
5318.00000 0.86855
5319.00000 0.86686
5321.00000 0.86555
5322.00000 0.8647
5323.00000 0.86385
5325.00000 0.86258
5326.00000 0.86143
5328.00000 0.85967
5329.00000 0.85848
5330.00000 0.85675
5332.00000 0.85489
5333.00000 0.85368
5335.00000 0.85179
5336.00000 0.84977
5337.00000 0.84753
5339.00000 0.84525
5340.00000 0.84272
5342.00000 0.84022
5343.00000 0.83816
5344.00000 0.83594
5346.00000 0.83446
5347.00000 0.83272
5349.00000 0.83054
5350.00000 0.82931
5351.00000 0.82797
5353.00000 0.82659
5354.00000 0.82448
5356.00000 0.8228
5357.00000 0.82044
5358.00000 0.81756
5360.00000 0.81449
5361.00000 0.81044
5363.00000 0.80605
5364.00000 0.80157
5365.00000 0.79612
5367.00000 0.78949
5368.00000 0.7824
5369.00000 0.77466
5371.00000 0.76559
5372.00000 0.75626
5374.00000 0.74571
5375.00000 0.73433
5376.00000 0.72185
5378.00000 0.70787
5379.00000 0.69284
5381.00000 0.67714
5382.00000 0.66027
5383.00000 0.64178
5385.00000 0.62244
5386.00000 0.60263
5388.00000 0.582
5389.00000 0.5609
5390.00000 0.53835
5392.00000 0.51648
5393.00000 0.49345
5394.00000 0.47054
5396.00000 0.44799
5397.00000 0.42563
5399.00000 0.40329
5400.00000 0.38204
5401.00000 0.36118
5403.00000 0.34044
5404.00000 0.32079
5406.00000 0.30256
5407.00000 0.28468
5408.00000 0.2675
5410.00000 0.25101
5411.00000 0.23492
5412.00000 0.22013
5414.00000 0.20589
5415.00000 0.19233
5417.00000 0.17999
5418.00000 0.16833
5419.00000 0.15743
5421.00000 0.14731
5422.00000 0.13746
5424.00000 0.12809
5425.00000 0.11936
5426.00000 0.1118
5428.00000 0.10415
5429.00000 0.09732
5430.00000 0.09109
5432.00000 0.08507
5433.00000 0.0796
5435.00000 0.07481
5436.00000 0.07005
5437.00000 0.06549
5439.00000 0.06149
5440.00000 0.05798
5441.00000 0.05427
5443.00000 0.051
5444.00000 0.04769
5446.00000 0.04447
5447.00000 0.04183
5448.00000 0.03939
5450.00000 0.03704
5451.00000 0.03459
5453.00000 0.03279
5454.00000 0.03061
5455.00000 0.02844
5457.00000 0.02637
5458.00000 0.02464
5459.00000 0.02311
5461.00000 0.02181
5462.00000 0.02057
5464.00000 0.01934
5465.00000 0.01806
5466.00000 0.0171
5468.00000 0.0161
5469.00000 0.01563
5470.00000 0.01488
5472.00000 0.01424
5473.00000 0.01361
5475.00000 0.01305
5476.00000 0.0123
5477.00000 0.01123
5479.00000 0.0101
5480.00000 0.00886
5481.00000 0.00763
5483.00000 0.00644
5484.00000 0.00511
5485.00000 0.00449
5487.00000 0.00357
5488.00000 0.00269
5490.00000 0.00182
5491.00000 0.00123
5492.00000 0.0009
5494.00000 0.00061
5495.00000 0.00051
5496.00000 0.0003
5498.00000 0.00027
5499.00000 0.0003
6048.89990 0.0
