threeML/data/optical_filters/LCO/IMACS-WB3800.ecsv
# %ECSV 0.9
# ---
# datatype:
# - {name: wavelength, unit: Angstrom, datatype: float32}
# - {name: response, datatype: float32}
# meta: !!omap
# - {band_name: WB3800}
# - {group_name: IMACS}
wavelength response
[from data line 896]
5160.00000 0.916
5161.00000 0.9162
5163.00000 0.9161
5164.00000 0.9162
5166.00000 0.9164
5167.00000 0.9165
5168.00000 0.9169
5170.00000 0.9168
5171.00000 0.9161
5173.00000 0.9159
5174.00000 0.9162
5176.00000 0.9153
5177.00000 0.9151
5178.00000 0.9156
5180.00000 0.9154
5181.00000 0.9151
5183.00000 0.9165
5184.00000 0.9168
5185.00000 0.9171
5187.00000 0.917
5188.00000 0.9167
5190.00000 0.9153
5191.00000 0.9151
5193.00000 0.9151
5194.00000 0.9151
5195.00000 0.9158
5197.00000 0.9165
5198.00000 0.9171
5200.00000 0.9173
5201.00000 0.9174
5202.00000 0.9169
5204.00000 0.9167
5205.00000 0.9168
5207.00000 0.9171
5208.00000 0.9178
5210.00000 0.918
5211.00000 0.9188
5212.00000 0.9189
5214.00000 0.9186
5215.00000 0.919
5217.00000 0.9202
5218.00000 0.9201
5219.00000 0.92
5221.00000 0.9209
5222.00000 0.921
5224.00000 0.921
5225.00000 0.9215
5227.00000 0.9218
5228.00000 0.9224
5229.00000 0.9229
5231.00000 0.923
5232.00000 0.923
5234.00000 0.9235
5235.00000 0.9229
5236.00000 0.9231
5238.00000 0.9242
5239.00000 0.9249
5241.00000 0.9258
5242.00000 0.927
5243.00000 0.9277
5245.00000 0.9276
5246.00000 0.9284
5248.00000 0.9283
5249.00000 0.9282
5250.00000 0.9282
5252.00000 0.9287
5253.00000 0.9285
5255.00000 0.9296
5256.00000 0.9304
5258.00000 0.9305
5259.00000 0.9304
5260.00000 0.931
5262.00000 0.9302
5263.00000 0.9295
5265.00000 0.9303
5266.00000 0.9308
5267.00000 0.9317
5269.00000 0.9328
5270.00000 0.9339
5272.00000 0.9344
5273.00000 0.9353
5274.00000 0.9348
5276.00000 0.9348
5277.00000 0.9351
5279.00000 0.9359
5280.00000 0.9358
5281.00000 0.9353
5283.00000 0.9357
5284.00000 0.9363
5286.00000 0.9363
5287.00000 0.9377
5288.00000 0.9395
5290.00000 0.9405
5291.00000 0.941
5293.00000 0.9412
5294.00000 0.9409
5295.00000 0.9419
5297.00000 0.9418
5298.00000 0.9413
5300.00000 0.942
5301.00000 0.9418
5302.00000 0.941
5304.00000 0.9422
5305.00000 0.9439
5307.00000 0.9445
5308.00000 0.9448
5309.00000 0.9443
5311.00000 0.9441
5312.00000 0.9437
5314.00000 0.9433
5315.00000 0.9444
5316.00000 0.946
5318.00000 0.947
5319.00000 0.9465
5321.00000 0.9471
5322.00000 0.9463
5323.00000 0.9452
5325.00000 0.9439
5326.00000 0.9448
5328.00000 0.9443
5329.00000 0.9454
5330.00000 0.9463
5332.00000 0.9467
5333.00000 0.9466
5335.00000 0.948
5336.00000 0.9482
5337.00000 0.9487
5339.00000 0.9485
5340.00000 0.949
5342.00000 0.9487
5343.00000 0.9488
5344.00000 0.9484
5346.00000 0.9495
5347.00000 0.9502
5349.00000 0.9494
5350.00000 0.9492
5351.00000 0.9499
5353.00000 0.9499
5354.00000 0.9505
5356.00000 0.9516
5357.00000 0.952
5358.00000 0.951
5360.00000 0.9504
5361.00000 0.9491
5363.00000 0.948
5364.00000 0.9458
5365.00000 0.9455
5367.00000 0.9455
5368.00000 0.9458
5369.00000 0.9465
5371.00000 0.9482
5372.00000 0.9482
5374.00000 0.9487
5375.00000 0.9486
5376.00000 0.9479
5378.00000 0.9473
5379.00000 0.947
5381.00000 0.9468
5382.00000 0.9467
5383.00000 0.9475
5385.00000 0.9483
5386.00000 0.9492
5388.00000 0.9488
5389.00000 0.948
5390.00000 0.9468
5392.00000 0.9455
5393.00000 0.9456
5394.00000 0.9456
5396.00000 0.9457
5397.00000 0.9466
5399.00000 0.947
5400.00000 0.9465
5401.00000 0.9459
5403.00000 0.9464
5404.00000 0.9462
5406.00000 0.9462
5407.00000 0.9449
5408.00000 0.9445
5410.00000 0.945
5411.00000 0.9444
5412.00000 0.9443
5414.00000 0.945
5415.00000 0.9458
5417.00000 0.9435
5418.00000 0.9427
5419.00000 0.9426
5421.00000 0.9437
5422.00000 0.9436
5424.00000 0.945
5425.00000 0.9446
5426.00000 0.9446
5428.00000 0.9442
5429.00000 0.9432
5430.00000 0.9422
5432.00000 0.9425
5433.00000 0.9425
5435.00000 0.9421
5436.00000 0.943
5437.00000 0.9436
5439.00000 0.9439
5440.00000 0.9433
5441.00000 0.9418
5443.00000 0.9412
5444.00000 0.9401
5446.00000 0.9416
5447.00000 0.9415
5448.00000 0.9422
5450.00000 0.9429
5451.00000 0.9445
5453.00000 0.9442
5454.00000 0.9442
5455.00000 0.9445
5457.00000 0.944
5458.00000 0.9424
5459.00000 0.9415
5461.00000 0.9414
5462.00000 0.9399
5464.00000 0.9401
5465.00000 0.9396
5466.00000 0.9378
5468.00000 0.9393
5469.00000 0.9408
5470.00000 0.9407
5472.00000 0.9414
5473.00000 0.9425
5475.00000 0.9409
5476.00000 0.9408
5477.00000 0.9411
5479.00000 0.9417
5480.00000 0.942
5481.00000 0.9425
5483.00000 0.9422
5484.00000 0.9416
5485.00000 0.9417
5487.00000 0.9423
5488.00000 0.9428
5490.00000 0.9426
5491.00000 0.9415
5492.00000 0.9425
5494.00000 0.9424
5495.00000 0.9413
5496.00000 0.9426
5498.00000 0.9446
5499.00000 0.9439
5501.00000 0.9435
5502.00000 0.9433
5503.00000 0.9428
5505.00000 0.9437
5506.00000 0.9431
5507.00000 0.9432
5509.00000 0.9423
5510.00000 0.9414
5512.00000 0.9419
5513.00000 0.9409
5514.00000 0.9419
5516.00000 0.9434
5517.00000 0.9452
5518.00000 0.945
5520.00000 0.9477
5521.00000 0.9488
5522.00000 0.9488
5524.00000 0.948
5525.00000 0.9455
5527.00000 0.9436
5528.00000 0.9429
5529.00000 0.9436
5531.00000 0.9441
5532.00000 0.9447
5533.00000 0.9455
5535.00000 0.9421
5536.00000 0.9401
5537.00000 0.9396
5539.00000 0.9414
5540.00000 0.9402
5542.00000 0.941
5543.00000 0.9418
5544.00000 0.9413
5546.00000 0.9406
5547.00000 0.9425
5548.00000 0.9444
5550.00000 0.9457
5551.00000 0.9467
5552.00000 0.9469
5554.00000 0.9457
5555.00000 0.947
5557.00000 0.9485
5558.00000 0.9498
5559.00000 0.9498
5561.00000 0.9536
5562.00000 0.9533
5563.00000 0.951
5565.00000 0.9498
5566.00000 0.95
5567.00000 0.9481
5569.00000 0.9486
5570.00000 0.9497
5572.00000 0.95
5573.00000 0.9493
5574.00000 0.9499
5576.00000 0.9484
5577.00000 0.9479
5578.00000 0.9493
5580.00000 0.9491
5581.00000 0.9476
5582.00000 0.9485
5584.00000 0.9507
5585.00000 0.951
5586.00000 0.9529
5588.00000 0.9525
5589.00000 0.9504
5591.00000 0.9494
5592.00000 0.9491
5593.00000 0.949
5595.00000 0.9494
5596.00000 0.9531
5597.00000 0.9515
5599.00000 0.9519
5600.00000 0.9525
5601.00000 0.9548
5603.00000 0.9531
5604.00000 0.954
5605.00000 0.9517
5607.00000 0.953
5608.00000 0.9502
5609.00000 0.9503
5611.00000 0.9542
5612.00000 0.9568
5614.00000 0.9556
5615.00000 0.9596
5616.00000 0.9637
5618.00000 0.9601
5619.00000 0.9569
5620.00000 0.9577
5622.00000 0.9553
5623.00000 0.9565
5624.00000 0.9585
5626.00000 0.9621
5627.00000 0.9603
5628.00000 0.9603
5630.00000 0.9544
5631.00000 0.9517
5632.00000 0.9489
5634.00000 0.953
5635.00000 0.9535
5636.00000 0.9583
5638.00000 0.9629
5639.00000 0.9657
5641.00000 0.9614
5642.00000 0.9561
5643.00000 0.9485
5645.00000 0.9463
5646.00000 0.9459
5647.00000 0.9484
5649.00000 0.9538
5650.00000 0.9572
5651.00000 0.9552
5653.00000 0.9541
5654.00000 0.9506
5655.00000 0.9509
5657.00000 0.9519
5658.00000 0.9535
5659.00000 0.9541
5661.00000 0.9577
5662.00000 0.9589
5663.00000 0.9544
5665.00000 0.9577
5666.00000 0.9586
5667.00000 0.9564
5669.00000 0.9524
5670.00000 0.9565
5671.00000 0.9545
5673.00000 0.9551
5674.00000 0.9603
5675.00000 0.9608
5677.00000 0.9596
5678.00000 0.9551
5679.00000 0.9513
5681.00000 0.9407
5682.00000 0.9401
5684.00000 0.9435
5685.00000 0.9475
5686.00000 0.9507
5688.00000 0.958
5689.00000 0.961
5690.00000 0.9613
5692.00000 0.9638
5693.00000 0.9658
5694.00000 0.9666
5696.00000 0.9647
5697.00000 0.96
5698.00000 0.9524
5700.00000 0.9452
5988.70020 0.98032
5992.10010 0.97548
5995.60010 0.9758
5999.00000 0.97483
6002.50000 0.97391
6005.89990 0.97336
6009.29980 0.97291
6012.79980 0.97182
6016.20020 0.97168
6019.70020 0.97193
6023.10010 0.97285
6026.60010 0.97361
6030.00000 0.97377
6033.39990 0.97366
6036.89990 0.9746
6040.29980 0.97444
6043.70020 0.97414
6047.20020 0.97446
6050.60010 0.97528
6054.10010 0.97528
6057.50000 0.97526
6060.89990 0.97509
6064.39990 0.97499
6067.79980 0.9745
6071.20020 0.97443
6074.70020 0.97369
6078.10010 0.97399
6081.50000 0.9748
6085.00000 0.9751
6088.39990 0.97483
6091.79980 0.97573
6095.29980 0.97644
6098.70020 0.97608
6102.10010 0.9758
6105.60010 0.97638
6109.00000 0.97687
6112.39990 0.977
6115.79980 0.97736
6119.29980 0.97788
6122.70020 0.97739
6126.10010 0.97725
6129.60010 0.97704
6133.00000 0.97727
6136.39990 0.97719
6139.79980 0.97775
6143.29980 0.9779
6146.70020 0.97846
6150.10010 0.97931
6153.50000 0.98052
6157.00000 0.98089
6160.39990 0.98127
6163.79980 0.98128
6167.20020 0.98082
6170.60010 0.98075
6174.10010 0.98103
6177.50000 0.98129
6180.89990 0.98087
6184.29980 0.98089
6187.79980 0.98056
6191.20020 0.97977
6194.60010 0.97897
6198.00000 0.97915
6201.39990 0.97947
6204.79980 0.97965
6208.29980 0.98109
6211.70020 0.98192
6215.10010 0.98232
6218.50000 0.9824
6221.89990 0.98274
6225.29980 0.98171
6228.79980 0.98132
6232.20020 0.98138
6235.60010 0.98093
6239.00000 0.98059
6242.39990 0.98128
6245.79980 0.98153
6249.20020 0.98157
6252.60010 0.98186
6256.10010 0.98169
6259.50000 0.98097
6262.89990 0.98057
6266.29980 0.98033
6269.70020 0.9802
6273.10010 0.98008
6276.50000 0.98002
6279.89990 0.98006
6283.29980 0.97993
6286.70020 0.97952
6290.10010 0.97962
6293.50000 0.97923
6297.00000 0.9794
6300.39990 0.9792
6303.79980 0.97944
6307.20020 0.97937
6310.60010 0.98022
6314.00000 0.9798
6317.39990 0.97945
6320.79980 0.97947
6324.20020 0.97936
6327.60010 0.979
6331.00000 0.97913
6334.39990 0.97915
6337.79980 0.97937
6341.20020 0.97918
6344.60010 0.9791
6348.00000 0.97927
6351.39990 0.97931
6354.79980 0.97867
6358.20020 0.97853
6361.60010 0.97831
6365.00000 0.9783
6368.39990 0.9783
6371.79980 0.97819
6375.20020 0.97812
6378.60010 0.97802
6382.00000 0.97834
6385.39990 0.97831
6388.70020 0.97863
6392.10010 0.97916
6395.50000 0.98028
6398.89990 0.9796
6402.29980 0.97997
6405.70020 0.98019
6409.10010 0.98029
6412.50000 0.97962
6415.89990 0.98041
6419.29980 0.97986
6422.70020 0.98045
6426.10010 0.98084
6429.39990 0.98103
6432.79980 0.98065
6436.20020 0.98202
6439.60010 0.98236
6443.00000 0.98245
6446.39990 0.9832
6449.79980 0.98376
6453.20020 0.98401
6456.50000 0.98407
6459.89990 0.98483
6463.29980 0.98445
6466.70020 0.98474
6470.10010 0.98487
6473.50000 0.9854
6476.79980 0.98521
6480.20020 0.9862
6483.60010 0.98654
6487.00000 0.98694
6490.39990 0.98712
6493.79980 0.98795
6497.10010 0.98849
6500.50000 0.98871
6503.89990 0.98902
6507.29980 0.9891
6510.60010 0.98906
6514.00000 0.98835
6517.39990 0.98851
6520.79980 0.98901
6524.20020 0.98981
6527.50000 0.98976
6530.89990 0.99046
6534.29980 0.99103
6537.70020 0.99072
6541.00000 0.99037
6544.39990 0.99094
6547.79980 0.99142
6551.20020 0.99154
6554.50000 0.99198
6557.89990 0.99193
6561.29980 0.99136
6564.60010 0.99061
6568.00000 0.99051
6571.39990 0.98983
6574.79980 0.98927
6578.10010 0.98924
6581.50000 0.98931
6584.89990 0.98878
6588.20020 0.9888
6591.60010 0.98892
6595.00000 0.98887
6598.29980 0.98851
6601.70020 0.98883
6605.10010 0.98849
6608.39990 0.98766
6611.79980 0.98742
6615.20020 0.9869
6618.50000 0.98572
6621.89990 0.98545
6625.29980 0.98552
6628.60010 0.98473
6632.00000 0.98422
6635.29980 0.98405
6638.70020 0.98374
6642.10010 0.9834
6645.39990 0.9835
6648.79980 0.98389
6652.10010 0.98324
6655.50000 0.98254
6658.89990 0.98162
6662.20020 0.98057
6665.60010 0.97917
6668.89990 0.97941
6672.29980 0.97905
6675.70020 0.97895
6679.00000 0.97889
6682.39990 0.9795
6685.70020 0.97873
6689.10010 0.97875
6692.39990 0.97896
6695.79980 0.97921
6699.10010 0.97874
6702.50000 0.97909
6705.89990 0.97897
6709.20020 0.97899
6712.60010 0.97925
6715.89990 0.97984
6719.29980 0.9797
6722.60010 0.98047
6726.00000 0.98112
6729.29980 0.98166
6732.70020 0.98189
6736.00000 0.983
6739.39990 0.98388
6742.70020 0.98416
6746.10010 0.98463
6749.39990 0.98544
6752.79980 0.98587
6756.10010 0.98582
6759.39990 0.98604
6762.79980 0.98605
6766.10010 0.98563
6769.50000 0.98611
6772.79980 0.98551
6776.20020 0.98518
6779.50000 0.98486
6782.89990 0.98462
6786.20020 0.98313
6789.50000 0.98236
6792.89990 0.98088
6796.20020 0.9793
6799.60010 0.97698
6802.89990 0.97453
6806.20020 0.97192
6809.60010 0.96878
6812.89990 0.96437
6816.29980 0.96019
6819.60010 0.95498
6822.89990 0.94951
6826.29980 0.94355
6829.60010 0.937
6833.00000 0.9299
6836.29980 0.92226
6839.60010 0.91307
6843.00000 0.90325
6846.29980 0.89324
6849.60010 0.88206
6853.00000 0.87015
6856.29980 0.85817
6859.60010 0.84523
6863.00000 0.83131
6866.29980 0.81661
6869.60010 0.80126
6873.00000 0.78499
6876.29980 0.7689
6879.60010 0.7515
6883.00000 0.73341
6886.29980 0.7149
6889.60010 0.69652
6892.89990 0.67785
6896.29980 0.65923
6899.60010 0.64036
6902.89990 0.62156
6906.20020 0.60236
6909.60010 0.58342
6912.89990 0.5645
6916.20020 0.54574
6919.60010 0.52699
6922.89990 0.50804
6926.20020 0.48962
6929.50000 0.47141
6932.89990 0.45325
6936.20020 0.43579
6939.50000 0.41878
6942.79980 0.40154
6946.10010 0.38502
6949.50000 0.36931
6952.79980 0.35336
6956.10010 0.33834
6959.39990 0.324
6962.70020 0.31048
6966.10010 0.29691
6969.39990 0.28425
6972.70020 0.27178
6976.00000 0.25983
6979.29980 0.24784
6982.70020 0.23674
6986.00000 0.22623
6989.29980 0.21581
6992.60010 0.20607
6995.89990 0.19691
6999.20020 0.18773
7002.50000 0.17914
7005.89990 0.1715
7009.20020 0.16382
7012.50000 0.15668
7015.79980 0.15012
7019.10010 0.14345
7022.39990 0.13711
7025.70020 0.1311
7029.00000 0.12537
7032.39990 0.11974
7035.70020 0.1146
7039.00000 0.10953
7042.29980 0.10493
7045.60010 0.10045
7048.89990 0.09596
7052.20020 0.09174
7055.50000 0.08781
7058.79980 0.08406
7062.10010 0.08064
7065.39990 0.07765
7068.70020 0.07458
7072.00000 0.07148
7075.39990 0.06856
7078.70020 0.06563
7082.00000 0.06287
7085.29980 0.06052
7088.60010 0.05822
7091.89990 0.05582
7095.20020 0.05367
7098.50000 0.05151
7101.79980 0.04943
7105.10010 0.0474
7108.39990 0.04578
7111.70020 0.04398
7115.00000 0.04247
7118.29980 0.04108
7121.60010 0.03968
7124.89990 0.03828
7128.20020 0.03709
7131.50000 0.03579
7134.79980 0.03437
7138.10010 0.0332
7141.39990 0.03213
7144.70020 0.03077
7148.00000 0.02948
7151.20020 0.02852
7154.50000 0.02751
7157.79980 0.02643
7161.10010 0.02586
7164.39990 0.02511
7167.70020 0.02431
7171.00000 0.02347
7174.29980 0.02274
7177.60010 0.0218
7180.89990 0.02109
7184.20020 0.02033
7187.50000 0.01967
7190.79980 0.01903
7194.00000 0.0186
7197.29980 0.01826
7200.60010 0.01796
7203.89990 0.01758
7207.20020 0.01716
7210.50000 0.01652
7213.79980 0.01584
7217.10010 0.01517
7220.29980 0.01463
7223.60010 0.01417
7226.89990 0.01391
7230.20020 0.01366
7233.50000 0.01339
7236.79980 0.01325
7240.00000 0.0129
7243.29980 0.01249
7246.60010 0.01191
7249.89990 0.01121
7253.20020 0.01054
7256.50000 0.01015
7259.70020 0.00967
7263.00000 0.00939
7266.29980 0.00936
7269.60010 0.00925
7272.89990 0.0091
7276.10010 0.00908
7279.39990 0.00908
7282.70020 0.00907
7286.00000 0.00903
7289.20020 0.00891
7292.50000 0.00884
7295.79980 0.00877
7299.10010 0.00873
7302.29980 0.00859
7305.60010 0.00863
7308.89990 0.00847
7312.20020 0.00832
7315.39990 0.00798
7318.70020 0.00767
7322.00000 0.00724
7325.29980 0.00691
7328.50000 0.00641
7331.79980 0.00616
7335.10010 0.00593
7338.29980 0.00568
7341.60010 0.00561
7344.89990 0.00551
7348.10010 0.00521
7351.39990 0.00501
8086.54004 0.0
