threeML/data/optical_filters/LCO/IMACS-Z1_430.ecsv
# %ECSV 0.9
# ---
# datatype:
# - {name: wavelength, unit: Angstrom, datatype: float32}
# - {name: response, datatype: float32}
# meta: !!omap
# - {band_name: Z1_430}
# - {group_name: IMACS}
wavelength response
3760.19995 0.0
4178.00000 0.0108
4180.00000 0.011
4181.00000 0.0112
4183.00000 0.0116
4184.00000 0.0114
4186.00000 0.012
4187.00000 0.0122
4189.00000 0.0133
4191.00000 0.014
4192.00000 0.0154
4194.00000 0.0162
4195.00000 0.0173
4197.00000 0.0176
4198.00000 0.0187
4200.00000 0.0193
4202.00000 0.0201
4203.00000 0.0215
4205.00000 0.0235
4206.00000 0.0248
4208.00000 0.0263
4209.00000 0.0276
4211.00000 0.0293
4213.00000 0.0306
4214.00000 0.0322
4216.00000 0.0339
4217.00000 0.0365
4219.00000 0.0386
4220.00000 0.0406
4222.00000 0.0423
4223.00000 0.045
4225.00000 0.0475
4227.00000 0.0502
4228.00000 0.0535
4230.00000 0.0569
4231.00000 0.0604
4233.00000 0.0635
4234.00000 0.0669
4236.00000 0.0705
4237.00000 0.0743
4239.00000 0.0776
4241.00000 0.0813
4242.00000 0.0856
4244.00000 0.0895
4245.00000 0.0939
4247.00000 0.099
4248.00000 0.1037
4250.00000 0.1081
4251.00000 0.1135
4253.00000 0.1188
4255.00000 0.124
4256.00000 0.1297
4258.00000 0.1352
4259.00000 0.1407
4261.00000 0.1467
4262.00000 0.153
4264.00000 0.1593
4265.00000 0.1658
4267.00000 0.1719
4269.00000 0.1778
4270.00000 0.1845
4272.00000 0.1908
4273.00000 0.1977
4275.00000 0.2044
4276.00000 0.2115
4278.00000 0.2194
4279.00000 0.2265
4281.00000 0.2341
4283.00000 0.2421
4284.00000 0.2491
4286.00000 0.2565
4287.00000 0.2638
4289.00000 0.2713
4290.00000 0.2785
4292.00000 0.286
4293.00000 0.2945
4295.00000 0.3026
4296.00000 0.3104
4298.00000 0.3177
4300.00000 0.3256
4301.00000 0.3331
4303.00000 0.3404
4304.00000 0.3486
4306.00000 0.3562
4307.00000 0.3632
4309.00000 0.37
4310.00000 0.3775
4312.00000 0.3847
4314.00000 0.3921
4315.00000 0.4002
4317.00000 0.4081
4318.00000 0.4156
4320.00000 0.4232
4321.00000 0.4305
4323.00000 0.4378
4324.00000 0.4443
4326.00000 0.4518
4327.00000 0.4578
4329.00000 0.4644
4331.00000 0.471
4332.00000 0.4784
4334.00000 0.4846
4335.00000 0.4914
4337.00000 0.4979
4338.00000 0.5047
4340.00000 0.5114
4341.00000 0.5178
4343.00000 0.5244
4344.00000 0.5311
4346.00000 0.5379
4347.00000 0.5441
4349.00000 0.5507
4351.00000 0.557
4352.00000 0.5628
4354.00000 0.5693
4355.00000 0.5747
4357.00000 0.5804
4358.00000 0.5859
4360.00000 0.5918
4361.00000 0.5964
4363.00000 0.6019
4364.00000 0.6071
4366.00000 0.6131
4368.00000 0.6187
4369.00000 0.6242
4371.00000 0.63
4372.00000 0.6361
4374.00000 0.6411
4375.00000 0.6469
4377.00000 0.6526
4378.00000 0.6573
4380.00000 0.6619
4381.00000 0.6671
4383.00000 0.6719
4384.00000 0.6764
4386.00000 0.6808
4388.00000 0.6851
4389.00000 0.6892
4391.00000 0.6932
4392.00000 0.6966
4394.00000 0.7015
4395.00000 0.7052
4397.00000 0.7098
4398.00000 0.7145
4400.00000 0.719
4401.00000 0.7233
4403.00000 0.7277
4404.00000 0.7316
4406.00000 0.7346
4407.00000 0.7385
4409.00000 0.7415
4411.00000 0.744
4412.00000 0.7476
4414.00000 0.7515
4415.00000 0.7551
4417.00000 0.7583
4418.00000 0.7624
4420.00000 0.765
4421.00000 0.7682
4423.00000 0.7708
4424.00000 0.7741
4426.00000 0.777
4427.00000 0.7792
4429.00000 0.7816
4430.00000 0.7845
4432.00000 0.7867
4434.00000 0.789
4435.00000 0.7925
4437.00000 0.7954
4438.00000 0.7985
4440.00000 0.8014
4441.00000 0.8034
4443.00000 0.8054
4444.00000 0.8069
4446.00000 0.8086
4447.00000 0.8097
4449.00000 0.812
4450.00000 0.8144
4452.00000 0.8172
4453.00000 0.8188
4455.00000 0.8207
4456.00000 0.8228
4458.00000 0.8236
4459.00000 0.8243
4461.00000 0.8259
4463.00000 0.8273
4464.00000 0.8281
4466.00000 0.8298
4467.00000 0.8311
4469.00000 0.8323
4470.00000 0.8337
4472.00000 0.835
4473.00000 0.8357
4475.00000 0.8368
4476.00000 0.8374
4478.00000 0.8383
4479.00000 0.8391
4481.00000 0.8408
4482.00000 0.8418
4484.00000 0.8431
4485.00000 0.8445
4487.00000 0.8447
4488.00000 0.8455
4490.00000 0.8465
4491.00000 0.8476
4493.00000 0.8481
4495.00000 0.8493
4496.00000 0.8496
4498.00000 0.85
4499.00000 0.8506
4501.00000 0.8512
4502.00000 0.8519
4504.00000 0.853
4505.00000 0.8534
4507.00000 0.8534
4508.00000 0.8546
4510.00000 0.855
4511.00000 0.8555
4513.00000 0.8569
4514.00000 0.8584
4516.00000 0.8593
4517.00000 0.8608
4519.00000 0.8619
4520.00000 0.8628
4522.00000 0.8635
4523.00000 0.8634
4525.00000 0.8637
4526.00000 0.865
4528.00000 0.8657
4529.00000 0.8662
4531.00000 0.8679
4532.00000 0.8684
4534.00000 0.8687
4536.00000 0.8692
4537.00000 0.8702
4539.00000 0.8708
4540.00000 0.8719
4542.00000 0.8722
4543.00000 0.8737
4545.00000 0.8743
4546.00000 0.8746
4548.00000 0.8754
4549.00000 0.877
4551.00000 0.8779
4552.00000 0.8785
4554.00000 0.8793
4555.00000 0.8798
4557.00000 0.8799
4558.00000 0.88
4560.00000 0.8812
4561.00000 0.8828
4563.00000 0.8836
4564.00000 0.8844
4566.00000 0.8857
4567.00000 0.8865
4569.00000 0.8869
4570.00000 0.8881
4572.00000 0.889
4573.00000 0.8897
4575.00000 0.8904
4576.00000 0.8918
4578.00000 0.8925
4579.00000 0.8932
4581.00000 0.8937
4582.00000 0.8939
4584.00000 0.8941
4585.00000 0.8953
4587.00000 0.896
4588.00000 0.8967
4590.00000 0.8977
4591.00000 0.8984
4593.00000 0.8987
4594.00000 0.8997
4596.00000 0.8997
4597.00000 0.9003
4599.00000 0.9012
4600.00000 0.9015
4602.00000 0.9021
4603.00000 0.9034
4605.00000 0.9045
4606.00000 0.9045
4608.00000 0.9046
4610.00000 0.9046
4611.00000 0.9048
4613.00000 0.9046
4614.00000 0.9054
4616.00000 0.9065
4617.00000 0.9075
4619.00000 0.9083
4620.00000 0.9089
4622.00000 0.9086
4623.00000 0.9091
4625.00000 0.9096
4626.00000 0.9096
4628.00000 0.9102
4629.00000 0.9103
4631.00000 0.9097
4632.00000 0.9102
4634.00000 0.9111
4635.00000 0.9111
4637.00000 0.912
4638.00000 0.9131
4640.00000 0.9131
4641.00000 0.9127
4643.00000 0.9138
4644.00000 0.9139
4646.00000 0.9145
4647.00000 0.9152
4649.00000 0.9154
4650.00000 0.9154
4652.00000 0.9164
4653.00000 0.9165
4655.00000 0.9164
4656.00000 0.917
4658.00000 0.9168
4659.00000 0.9165
4661.00000 0.9172
4662.00000 0.9177
4664.00000 0.9188
4665.00000 0.9197
4667.00000 0.9204
4668.00000 0.9205
4670.00000 0.9205
4671.00000 0.9212
4673.00000 0.9212
4674.00000 0.9216
4675.00000 0.9217
4677.00000 0.922
4678.00000 0.9218
4680.00000 0.9218
4681.00000 0.9213
4683.00000 0.9216
4684.00000 0.9221
4686.00000 0.922
4687.00000 0.9224
4689.00000 0.9231
4690.00000 0.9234
4692.00000 0.9237
4693.00000 0.9241
4695.00000 0.9241
4696.00000 0.9238
4698.00000 0.9244
4699.00000 0.9244
4701.00000 0.9246
4702.00000 0.9255
4704.00000 0.9259
4705.00000 0.926
4707.00000 0.927
4708.00000 0.9276
4710.00000 0.9282
4711.00000 0.9288
4713.00000 0.9288
4714.00000 0.9281
4716.00000 0.9284
4717.00000 0.9279
4719.00000 0.9282
4720.00000 0.9289
4722.00000 0.9296
4723.00000 0.9296
4725.00000 0.9299
4726.00000 0.9302
4728.00000 0.9301
4729.00000 0.9303
4731.00000 0.9309
4732.00000 0.9313
4734.00000 0.9315
4735.00000 0.932
4737.00000 0.9321
4738.00000 0.932
4740.00000 0.9322
4741.00000 0.9322
4743.00000 0.9322
4744.00000 0.933
4746.00000 0.9336
4747.00000 0.9339
4748.00000 0.9339
4750.00000 0.9346
4751.00000 0.9341
4753.00000 0.9346
4754.00000 0.9351
4756.00000 0.9354
4757.00000 0.935
4759.00000 0.9354
4760.00000 0.935
4762.00000 0.9346
4763.00000 0.9347
4765.00000 0.9359
4766.00000 0.9359
4768.00000 0.9357
4769.00000 0.9352
4771.00000 0.936
4772.00000 0.9356
4774.00000 0.9351
4775.00000 0.9355
4777.00000 0.9374
4778.00000 0.9362
4780.00000 0.9356
4781.00000 0.9359
4783.00000 0.9356
4784.00000 0.9352
4786.00000 0.9362
4787.00000 0.9365
4788.00000 0.9371
4790.00000 0.9381
4791.00000 0.9369
4793.00000 0.937
4794.00000 0.9369
4796.00000 0.9366
4797.00000 0.937
4799.00000 0.9382
4800.00000 0.938
4802.00000 0.9374
4803.00000 0.9385
4805.00000 0.938
4806.00000 0.9379
4808.00000 0.9379
4809.00000 0.939
4811.00000 0.9388
4812.00000 0.9378
4814.00000 0.9379
4815.00000 0.938
4817.00000 0.9382
4818.00000 0.937
4819.00000 0.9376
4821.00000 0.938
4822.00000 0.938
4824.00000 0.9381
4825.00000 0.9386
4827.00000 0.9384
4828.00000 0.9381
4830.00000 0.9386
4831.00000 0.9387
4833.00000 0.9391
4834.00000 0.9395
4836.00000 0.9395
4837.00000 0.9395
4839.00000 0.9391
4840.00000 0.939
4842.00000 0.9392
4843.00000 0.9391
4845.00000 0.939
4846.00000 0.9391
4847.00000 0.939
4849.00000 0.9387
4850.00000 0.9391
4852.00000 0.9389
4853.00000 0.9388
4855.00000 0.9386
4856.00000 0.9392
4858.00000 0.9396
4859.00000 0.94
4861.00000 0.9407
4862.00000 0.9413
4864.00000 0.9412
4865.00000 0.9406
4867.00000 0.9403
4868.00000 0.9404
4869.00000 0.9398
4871.00000 0.9398
4872.00000 0.94
4874.00000 0.9404
4875.00000 0.9401
4877.00000 0.9405
4878.00000 0.9406
4880.00000 0.9406
4881.00000 0.9402
4883.00000 0.9407
4884.00000 0.9412
4886.00000 0.9413
4887.00000 0.9417
4889.00000 0.942
4890.00000 0.9421
4891.00000 0.9422
4893.00000 0.9425
4894.00000 0.9425
4896.00000 0.9423
4897.00000 0.942
4899.00000 0.9416
4900.00000 0.9415
4902.00000 0.9412
4903.00000 0.9422
4905.00000 0.942
4906.00000 0.9421
4908.00000 0.9425
4909.00000 0.9433
4910.00000 0.9434
4912.00000 0.9438
4913.00000 0.9439
4915.00000 0.9439
4916.00000 0.9437
4918.00000 0.9437
4919.00000 0.9442
4921.00000 0.9447
4922.00000 0.9448
4924.00000 0.9449
4925.00000 0.9453
4927.00000 0.9455
4928.00000 0.9455
4929.00000 0.9455
4931.00000 0.9459
4932.00000 0.9459
4934.00000 0.9466
4935.00000 0.9468
4937.00000 0.9472
4938.00000 0.947
4940.00000 0.947
4941.00000 0.9466
4943.00000 0.9461
4944.00000 0.946
4945.00000 0.9462
4947.00000 0.9464
4948.00000 0.9466
4950.00000 0.9469
4951.00000 0.9479
4953.00000 0.9482
4954.00000 0.9484
4956.00000 0.9483
4957.00000 0.9489
4959.00000 0.9485
4960.00000 0.9483
4961.00000 0.9483
4963.00000 0.9488
4964.00000 0.9488
4966.00000 0.9491
4967.00000 0.9496
4969.00000 0.9495
4970.00000 0.9494
4972.00000 0.9491
4973.00000 0.9491
4975.00000 0.9487
4976.00000 0.9491
4977.00000 0.9496
4979.00000 0.9505
4980.00000 0.951
4982.00000 0.9517
4983.00000 0.9521
4985.00000 0.9524
4986.00000 0.9521
4988.00000 0.9522
4989.00000 0.9517
4990.00000 0.9516
4992.00000 0.951
4993.00000 0.951
4995.00000 0.9508
4996.00000 0.951
4998.00000 0.9509
4999.00000 0.9508
5001.00000 0.9512
5002.00000 0.9517
5003.00000 0.9524
5005.00000 0.9524
5006.00000 0.9527
5008.00000 0.952
5009.00000 0.952
5011.00000 0.9518
5012.00000 0.9516
5014.00000 0.9517
5015.00000 0.9517
5017.00000 0.9511
5018.00000 0.9507
5019.00000 0.9509
5021.00000 0.9508
5022.00000 0.9508
5024.00000 0.9508
5025.00000 0.9505
5027.00000 0.9501
5028.00000 0.9505
5029.00000 0.9507
5031.00000 0.9504
5032.00000 0.9506
5034.00000 0.9514
5035.00000 0.9506
5037.00000 0.9504
5038.00000 0.9506
5040.00000 0.9506
5041.00000 0.9499
5042.00000 0.9501
5044.00000 0.9498
5045.00000 0.9503
5047.00000 0.9504
5048.00000 0.9504
5050.00000 0.9503
5051.00000 0.9507
5053.00000 0.9496
5054.00000 0.9489
5055.00000 0.9489
5057.00000 0.9489
5058.00000 0.949
5060.00000 0.9495
5061.00000 0.9503
5063.00000 0.9506
5064.00000 0.9503
5065.00000 0.9503
5067.00000 0.95
5068.00000 0.9496
5070.00000 0.9493
5071.00000 0.9498
5073.00000 0.9496
5074.00000 0.9493
5076.00000 0.9491
5077.00000 0.9489
5078.00000 0.9486
5080.00000 0.9482
5081.00000 0.9478
5083.00000 0.9481
5084.00000 0.9482
5086.00000 0.9484
5087.00000 0.9485
5088.00000 0.9492
5090.00000 0.9487
5091.00000 0.9482
5093.00000 0.948
5094.00000 0.948
5096.00000 0.9478
5097.00000 0.9481
5098.00000 0.9482
5100.00000 0.9482
5101.00000 0.948
5103.00000 0.9482
5104.00000 0.948
5106.00000 0.948
5107.00000 0.9477
5109.00000 0.9479
5110.00000 0.9472
5111.00000 0.9475
5113.00000 0.9475
5114.00000 0.9473
5116.00000 0.9465
5117.00000 0.9461
5119.00000 0.9452
5120.00000 0.945
5121.00000 0.9451
5123.00000 0.945
5124.00000 0.9454
5126.00000 0.9455
5127.00000 0.9451
5129.00000 0.945
5130.00000 0.9453
5131.00000 0.9451
5133.00000 0.9451
5134.00000 0.945
5136.00000 0.9454
5137.00000 0.9446
5139.00000 0.9438
5140.00000 0.9438
5141.00000 0.9441
5143.00000 0.9436
5144.00000 0.944
5146.00000 0.9444
5147.00000 0.9442
5148.00000 0.9443
5150.00000 0.9436
5151.00000 0.9432
5153.00000 0.9432
5154.00000 0.9439
5156.00000 0.9441
5157.00000 0.9443
5158.00000 0.9445
5160.00000 0.9452
5161.00000 0.9444
5163.00000 0.944
5164.00000 0.9441
5166.00000 0.9438
5167.00000 0.9429
5168.00000 0.9429
5170.00000 0.9427
5171.00000 0.9428
5173.00000 0.9435
5174.00000 0.9438
5176.00000 0.9437
5177.00000 0.9443
5178.00000 0.9441
5180.00000 0.9441
5181.00000 0.9441
5183.00000 0.9448
5184.00000 0.9442
5185.00000 0.9442
5187.00000 0.9444
5188.00000 0.9447
5190.00000 0.9445
5191.00000 0.9445
5193.00000 0.9447
5194.00000 0.9446
5195.00000 0.944
5197.00000 0.9441
5198.00000 0.9445
5200.00000 0.9451
5201.00000 0.945
5202.00000 0.9453
5204.00000 0.9446
5205.00000 0.9444
5207.00000 0.9444
5208.00000 0.9449
5210.00000 0.9448
5211.00000 0.9461
5212.00000 0.9463
5214.00000 0.9458
5215.00000 0.9454
5217.00000 0.9461
5218.00000 0.9455
5219.00000 0.9455
5221.00000 0.9451
5222.00000 0.9452
5224.00000 0.9447
5225.00000 0.9446
5227.00000 0.9443
5228.00000 0.9449
5229.00000 0.9452
5231.00000 0.9459
5232.00000 0.9464
5234.00000 0.9463
5235.00000 0.9455
5236.00000 0.9457
5238.00000 0.9451
5239.00000 0.9452
5241.00000 0.9461
5242.00000 0.9476
5243.00000 0.9471
5245.00000 0.9476
5246.00000 0.9474
5248.00000 0.9477
5249.00000 0.9473
5250.00000 0.9473
5252.00000 0.9479
5253.00000 0.9481
5255.00000 0.9474
5256.00000 0.9473
5258.00000 0.9473
5259.00000 0.9469
5260.00000 0.9481
5262.00000 0.949
5263.00000 0.9487
5265.00000 0.949
5266.00000 0.9489
5267.00000 0.9483
5269.00000 0.9484
5270.00000 0.9494
5272.00000 0.9493
5273.00000 0.9497
5274.00000 0.9491
5276.00000 0.949
5277.00000 0.9489
5279.00000 0.9499
5280.00000 0.9497
5281.00000 0.9499
5283.00000 0.949
5284.00000 0.9489
5286.00000 0.9483
5287.00000 0.9474
5288.00000 0.948
5290.00000 0.9505
5291.00000 0.9516
5293.00000 0.9518
5294.00000 0.9543
5295.00000 0.9547
5297.00000 0.9532
5298.00000 0.9522
5300.00000 0.9528
5301.00000 0.9518
5302.00000 0.9515
5304.00000 0.9509
5305.00000 0.9519
5307.00000 0.9507
5308.00000 0.9504
5309.00000 0.9512
5311.00000 0.952
5312.00000 0.952
5314.00000 0.9527
5315.00000 0.953
5316.00000 0.9522
5318.00000 0.9519
5319.00000 0.9519
5321.00000 0.9532
5322.00000 0.954
5323.00000 0.9546
5325.00000 0.956
5326.00000 0.9557
5328.00000 0.9547
5329.00000 0.955
5330.00000 0.954
5332.00000 0.953
5333.00000 0.9545
5335.00000 0.9556
5336.00000 0.9552
5337.00000 0.9562
5339.00000 0.9562
5340.00000 0.9558
5342.00000 0.9548
5343.00000 0.9553
5344.00000 0.9549
5346.00000 0.9552
5347.00000 0.9542
5349.00000 0.9554
5350.00000 0.9554
5351.00000 0.9547
5353.00000 0.9551
5354.00000 0.9558
5356.00000 0.9561
5357.00000 0.9552
5358.00000 0.9554
5360.00000 0.9551
5361.00000 0.9548
5363.00000 0.9532
5364.00000 0.9535
5365.00000 0.9543
5367.00000 0.9549
5368.00000 0.9541
5369.00000 0.9542
5371.00000 0.9556
5372.00000 0.9572
5374.00000 0.9562
5375.00000 0.9576
5376.00000 0.9589
5378.00000 0.9576
5379.00000 0.9567
5381.00000 0.9575
5382.00000 0.9571
5383.00000 0.9569
5385.00000 0.9569
5386.00000 0.9562
5388.00000 0.9553
5389.00000 0.9541
5390.00000 0.9539
5392.00000 0.9544
5393.00000 0.9546
5394.00000 0.9551
5396.00000 0.9553
5397.00000 0.9562
5399.00000 0.9566
5400.00000 0.9571
5401.00000 0.958
5403.00000 0.9587
5404.00000 0.9566
5406.00000 0.9566
5407.00000 0.9558
5408.00000 0.9554
5410.00000 0.9555
5411.00000 0.9551
5412.00000 0.955
5414.00000 0.9562
5415.00000 0.9555
5417.00000 0.9556
5418.00000 0.958
5419.00000 0.9564
5421.00000 0.9561
5422.00000 0.9568
5424.00000 0.9558
5425.00000 0.9549
5426.00000 0.9566
5428.00000 0.9554
5429.00000 0.9554
5430.00000 0.9564
5432.00000 0.9558
5433.00000 0.9535
5435.00000 0.9527
5436.00000 0.9521
5437.00000 0.9528
5439.00000 0.9547
5440.00000 0.9558
5441.00000 0.9565
5443.00000 0.957
5444.00000 0.9566
5446.00000 0.9545
5447.00000 0.9545
5448.00000 0.9551
5450.00000 0.9523
5451.00000 0.9529
5453.00000 0.952
5454.00000 0.9511
5455.00000 0.951
5457.00000 0.9536
5458.00000 0.9518
5459.00000 0.954
5461.00000 0.9554
5462.00000 0.9554
5464.00000 0.9554
5465.00000 0.955
5466.00000 0.9542
5468.00000 0.9551
5469.00000 0.9552
5470.00000 0.9534
5472.00000 0.9534
5473.00000 0.9529
5475.00000 0.9512
5476.00000 0.9494
5477.00000 0.9506
5479.00000 0.9505
5480.00000 0.9496
5481.00000 0.9501
5483.00000 0.9514
5484.00000 0.9516
5485.00000 0.9517
5487.00000 0.953
5488.00000 0.9519
5490.00000 0.9523
