threeML/data/optical_filters/LCO/IMACS-MMTF6815.ecsv
# %ECSV 0.9
# ---
# datatype:
# - {name: wavelength, unit: Angstrom, datatype: float32}
# - {name: response, datatype: float32}
# meta: !!omap
# - {band_name: MMTF6815}
# - {group_name: IMACS}
wavelength response
5777.36963 0.0
6419.29980 0.00025
6422.70020 0.00027
6426.10010 0.00025
6429.39990 0.00027
6432.79980 0.00028
6436.20020 0.00027
6439.60010 0.00027
6443.00000 0.00027
6446.39990 0.00029
6449.79980 0.00029
6453.20020 0.00031
6456.50000 0.00037
6459.89990 0.00037
6463.29980 0.00043
6466.70020 0.00044
6470.10010 0.00051
6473.50000 0.00056
6476.79980 0.0007
6480.20020 0.0008
6483.60010 0.00084
6487.00000 0.00094
6490.39990 0.00102
6493.79980 0.00112
6497.10010 0.00126
6500.50000 0.00142
6503.89990 0.00158
6507.29980 0.0017
6510.60010 0.00188
6514.00000 0.0021
6517.39990 0.00235
6520.79980 0.00262
6524.20020 0.00285
6527.50000 0.00311
6530.89990 0.00336
6534.29980 0.00359
6537.70020 0.00376
6541.00000 0.00397
6544.39990 0.00412
6547.79980 0.0043
6551.20020 0.00433
6554.50000 0.00435
6557.89990 0.00444
6561.29980 0.00451
6564.60010 0.0047
6568.00000 0.00501
6571.39990 0.00532
6574.79980 0.00573
6578.10010 0.00611
6581.50000 0.0065
6584.89990 0.00692
6588.20020 0.0076
6591.60010 0.00833
6595.00000 0.00912
6598.29980 0.00986
6601.70020 0.01056
6605.10010 0.01134
6608.39990 0.0122
6611.79980 0.01309
6615.20020 0.01426
6618.50000 0.01547
6621.89990 0.01689
6625.29980 0.01828
6628.60010 0.01988
6632.00000 0.02168
6635.29980 0.02373
6638.70020 0.02607
6642.10010 0.02851
6645.39990 0.03133
6648.79980 0.03461
6652.10010 0.03807
6655.50000 0.04216
6658.89990 0.04659
6662.20020 0.05157
6665.60010 0.0573
6668.89990 0.06382
6672.29980 0.07115
6675.70020 0.07938
6679.00000 0.08877
6682.39990 0.09941
6685.70020 0.11126
6689.10010 0.12473
6692.39990 0.13974
6695.79980 0.15687
6699.10010 0.17621
6702.50000 0.19816
6705.89990 0.22219
6709.20020 0.24909
6712.60010 0.27837
6715.89990 0.31033
6719.29980 0.34488
6722.60010 0.38127
6726.00000 0.41935
6729.29980 0.45903
6732.70020 0.50001
6736.00000 0.54098
6739.39990 0.58205
6742.70020 0.62224
6746.10010 0.6615
6749.39990 0.69899
6752.79980 0.73391
6756.10010 0.76684
6759.39990 0.79635
6762.79980 0.82288
6766.10010 0.84621
6769.50000 0.8659
6772.79980 0.88277
6776.20020 0.89699
6779.50000 0.90865
6782.89990 0.91785
6786.20020 0.92477
6789.50000 0.93012
6792.89990 0.93386
6796.20020 0.93689
6799.60010 0.93889
6802.89990 0.94053
6806.20020 0.94151
6809.60010 0.94221
6812.89990 0.94233
6816.29980 0.94276
6819.60010 0.943
6822.89990 0.94335
6826.29980 0.94394
6829.60010 0.94447
6833.00000 0.94469
6836.29980 0.945
6839.60010 0.94493
6843.00000 0.94523
6846.29980 0.94563
6849.60010 0.94618
6853.00000 0.94622
6856.29980 0.94595
6859.60010 0.9457
6863.00000 0.94515
6866.29980 0.94488
6869.60010 0.94429
6873.00000 0.94354
6876.29980 0.9426
6879.60010 0.94159
6883.00000 0.94009
6886.29980 0.93804
6889.60010 0.93569
6892.89990 0.93298
6896.29980 0.9295
6899.60010 0.92509
6902.89990 0.91934
6906.20020 0.91261
6909.60010 0.90404
6912.89990 0.8934
6916.20020 0.88072
6919.60010 0.86579
6922.89990 0.84844
6926.20020 0.82828
6929.50000 0.80553
6932.89990 0.78017
6936.20020 0.75202
6939.50000 0.72172
6942.79980 0.68898
6946.10010 0.65412
6949.50000 0.61804
6952.79980 0.58074
6956.10010 0.54304
6959.39990 0.50512
6962.70020 0.46709
6966.10010 0.43089
6969.39990 0.39588
6972.70020 0.36149
6976.00000 0.3291
6979.29980 0.29907
6982.70020 0.27058
6986.00000 0.24476
6989.29980 0.22081
6992.60010 0.19892
6995.89990 0.17895
6999.20020 0.1612
7002.50000 0.1454
7005.89990 0.13097
7009.20020 0.11781
7012.50000 0.10636
7015.79980 0.09609
7019.10010 0.08689
7022.39990 0.07872
7025.70020 0.07147
7029.00000 0.06489
7032.39990 0.05888
7035.70020 0.0534
7039.00000 0.04855
7042.29980 0.04411
7045.60010 0.04028
7048.89990 0.03673
7052.20020 0.03348
7055.50000 0.03056
7058.79980 0.02786
7062.10010 0.02552
7065.39990 0.0235
7068.70020 0.02155
7072.00000 0.01978
7075.39990 0.01807
7078.70020 0.01664
7082.00000 0.01517
7085.29980 0.01377
7088.60010 0.01251
7091.89990 0.01124
7095.20020 0.01017
7098.50000 0.00922
7101.79980 0.00836
7105.10010 0.00761
7108.39990 0.00704
7111.70020 0.00654
7115.00000 0.006
7118.29980 0.00541
7121.60010 0.00486
7124.89990 0.00436
7128.20020 0.00397
7131.50000 0.00361
7134.79980 0.00315
7138.10010 0.00266
7141.39990 0.00222
7144.70020 0.00179
7148.00000 0.0014
7151.20020 0.00102
7154.50000 0.00083
7157.79980 0.00064
7161.10010 0.00053
7164.39990 0.00045
7167.70020 0.00034
7171.00000 0.00036
7174.29980 0.00036
7177.60010 0.00036
7180.89990 0.00034
7184.20020 0.00026
7187.50000 0.00022
7190.79980 0.00017
7194.00000 0.00017
7197.29980 0.00017
7917.02979 0.0
