threeML/data/optical_filters/LCO/IMACS-Bessell_V2.ecsv
# %ECSV 0.9
# ---
# datatype:
# - {name: wavelength, unit: Angstrom, datatype: float32}
# - {name: response, datatype: float32}
# meta: !!omap
# - {band_name: Bessell_V2}
# - {group_name: IMACS}
wavelength response
4293.89990 0.0
4771.00000 0.004
4772.00000 0.0041
4774.00000 0.0042
4775.00000 0.0043
4777.00000 0.0042
4778.00000 0.0042
4780.00000 0.0042
4781.00000 0.0042
4783.00000 0.0043
4784.00000 0.0044
4786.00000 0.0045
4787.00000 0.0047
4788.00000 0.0048
4790.00000 0.0053
4791.00000 0.0059
4793.00000 0.0066
4794.00000 0.0072
4796.00000 0.0079
4797.00000 0.0082
4799.00000 0.0084
4800.00000 0.0086
4802.00000 0.0092
4803.00000 0.0099
4805.00000 0.0107
4806.00000 0.0115
4808.00000 0.0121
4809.00000 0.0125
4811.00000 0.013
4812.00000 0.0137
4814.00000 0.0146
4815.00000 0.0155
4817.00000 0.0167
4818.00000 0.0176
4819.00000 0.0187
4821.00000 0.0196
4822.00000 0.0205
4824.00000 0.0217
4825.00000 0.023
4827.00000 0.024
4828.00000 0.0256
4830.00000 0.0272
4831.00000 0.0288
4833.00000 0.0305
4834.00000 0.0324
4836.00000 0.0342
4837.00000 0.0363
4839.00000 0.0385
4840.00000 0.0408
4842.00000 0.043
4843.00000 0.0454
4845.00000 0.0478
4846.00000 0.0503
4847.00000 0.0528
4849.00000 0.0558
4850.00000 0.0586
4852.00000 0.0618
4853.00000 0.0649
4855.00000 0.0683
4856.00000 0.0717
4858.00000 0.0755
4859.00000 0.079
4861.00000 0.0828
4862.00000 0.0869
4864.00000 0.0911
4865.00000 0.0953
4867.00000 0.1002
4868.00000 0.1052
4869.00000 0.11
4871.00000 0.115
4872.00000 0.12
4874.00000 0.125
4875.00000 0.1302
4877.00000 0.1356
4878.00000 0.1414
4880.00000 0.147
4881.00000 0.1528
4883.00000 0.1591
4884.00000 0.1655
4886.00000 0.1717
4887.00000 0.1786
4889.00000 0.1855
4890.00000 0.192
4891.00000 0.1987
4893.00000 0.2059
4894.00000 0.2125
4896.00000 0.2197
4897.00000 0.2272
4899.00000 0.2346
4900.00000 0.2419
4902.00000 0.2499
4903.00000 0.2574
4905.00000 0.2654
4906.00000 0.2729
4908.00000 0.281
4909.00000 0.2889
4910.00000 0.2968
4912.00000 0.3047
4913.00000 0.3131
4915.00000 0.3211
4916.00000 0.3291
4918.00000 0.3374
4919.00000 0.3457
4921.00000 0.3539
4922.00000 0.3622
4924.00000 0.3707
4925.00000 0.3794
4927.00000 0.3876
4928.00000 0.3962
4929.00000 0.4048
4931.00000 0.4129
4932.00000 0.421
4934.00000 0.4293
4935.00000 0.437
4937.00000 0.4447
4938.00000 0.4534
4940.00000 0.4616
4941.00000 0.47
4943.00000 0.4786
4944.00000 0.4868
4945.00000 0.4943
4947.00000 0.5013
4948.00000 0.5086
4950.00000 0.5155
4951.00000 0.5233
4953.00000 0.5308
4954.00000 0.5387
4956.00000 0.5461
4957.00000 0.5534
4959.00000 0.5608
4960.00000 0.5676
4961.00000 0.5743
4963.00000 0.581
4964.00000 0.5878
4966.00000 0.5947
4967.00000 0.6013
4969.00000 0.6083
4970.00000 0.6148
4972.00000 0.6214
4973.00000 0.6273
4975.00000 0.6339
4976.00000 0.6401
4977.00000 0.646
4979.00000 0.6518
4980.00000 0.6578
4982.00000 0.6636
4983.00000 0.6687
4985.00000 0.6743
4986.00000 0.68
4988.00000 0.6852
4989.00000 0.69
4990.00000 0.6953
4992.00000 0.7005
4993.00000 0.705
4995.00000 0.7103
4996.00000 0.7152
4998.00000 0.7201
4999.00000 0.7246
5001.00000 0.7293
5002.00000 0.7336
5003.00000 0.7381
5005.00000 0.7424
5006.00000 0.7463
5008.00000 0.7505
5009.00000 0.7545
5011.00000 0.7586
5012.00000 0.7621
5014.00000 0.7662
5015.00000 0.7696
5017.00000 0.773
5018.00000 0.7769
5019.00000 0.781
5021.00000 0.7849
5022.00000 0.7883
5024.00000 0.7913
5025.00000 0.7935
5027.00000 0.7963
5028.00000 0.7997
5029.00000 0.8029
5031.00000 0.8058
5032.00000 0.8089
5034.00000 0.812
5035.00000 0.8143
5037.00000 0.8166
5038.00000 0.8195
5040.00000 0.8223
5041.00000 0.8251
5042.00000 0.8276
5044.00000 0.8306
5045.00000 0.8331
5047.00000 0.8356
5048.00000 0.8377
5050.00000 0.8401
5051.00000 0.8421
5053.00000 0.8441
5054.00000 0.846
5055.00000 0.8479
5057.00000 0.8494
5058.00000 0.8516
5060.00000 0.8535
5061.00000 0.8553
5063.00000 0.8565
5064.00000 0.8583
5065.00000 0.8592
5067.00000 0.861
5068.00000 0.8625
5070.00000 0.8648
5071.00000 0.8661
5073.00000 0.8681
5074.00000 0.8697
5076.00000 0.8712
5077.00000 0.8723
5078.00000 0.8736
5080.00000 0.8745
5081.00000 0.8758
5083.00000 0.8772
5084.00000 0.8784
5086.00000 0.8798
5087.00000 0.8817
5088.00000 0.8819
5090.00000 0.8828
5091.00000 0.8836
5093.00000 0.8849
5094.00000 0.8856
5096.00000 0.8874
5097.00000 0.8885
5098.00000 0.8894
5100.00000 0.8903
5101.00000 0.8917
5103.00000 0.8922
5104.00000 0.8929
5106.00000 0.8944
5107.00000 0.895
5109.00000 0.8955
5110.00000 0.8969
5111.00000 0.8974
5113.00000 0.8976
5114.00000 0.8987
5116.00000 0.8992
5117.00000 0.8997
5119.00000 0.9013
5120.00000 0.9022
5121.00000 0.9025
5123.00000 0.9033
5124.00000 0.9038
5126.00000 0.9043
5127.00000 0.9049
5129.00000 0.9058
5130.00000 0.9057
5131.00000 0.906
5133.00000 0.9057
5134.00000 0.9062
5136.00000 0.9062
5137.00000 0.9072
5139.00000 0.9074
5140.00000 0.9083
5141.00000 0.9087
5143.00000 0.9087
5144.00000 0.9085
5146.00000 0.9086
5147.00000 0.9089
5148.00000 0.9095
5150.00000 0.9103
5151.00000 0.9108
5153.00000 0.9117
5154.00000 0.9121
5156.00000 0.9125
5157.00000 0.9126
5158.00000 0.913
5160.00000 0.9128
5161.00000 0.9128
5163.00000 0.9125
5164.00000 0.9122
5166.00000 0.9124
5167.00000 0.9126
5168.00000 0.9126
5170.00000 0.9127
5171.00000 0.9136
5173.00000 0.9143
5174.00000 0.9153
5176.00000 0.9156
5177.00000 0.9157
5178.00000 0.9159
5180.00000 0.916
5181.00000 0.9156
5183.00000 0.9153
5184.00000 0.9152
5185.00000 0.9147
5187.00000 0.9149
5188.00000 0.9147
5190.00000 0.9151
5191.00000 0.915
5193.00000 0.9154
5194.00000 0.9152
5195.00000 0.9155
5197.00000 0.9156
5198.00000 0.9171
5200.00000 0.9174
5201.00000 0.9171
5202.00000 0.9169
5204.00000 0.9168
5205.00000 0.9159
5207.00000 0.9154
5208.00000 0.9156
5210.00000 0.9159
5211.00000 0.9159
5212.00000 0.9157
5214.00000 0.9158
5215.00000 0.9155
5217.00000 0.9154
5218.00000 0.9153
5219.00000 0.9156
5221.00000 0.9156
5222.00000 0.9149
5224.00000 0.9143
5225.00000 0.9143
5227.00000 0.914
5228.00000 0.9142
5229.00000 0.9149
5231.00000 0.9153
5232.00000 0.9153
5234.00000 0.9155
5235.00000 0.9149
5236.00000 0.9147
5238.00000 0.9149
5239.00000 0.9146
5241.00000 0.9138
5242.00000 0.9139
5243.00000 0.9137
5245.00000 0.9127
5246.00000 0.913
5248.00000 0.9134
5249.00000 0.9135
5250.00000 0.9137
5252.00000 0.9135
5253.00000 0.9127
5255.00000 0.9128
5256.00000 0.9126
5258.00000 0.9133
5259.00000 0.9132
5260.00000 0.9129
5262.00000 0.9122
5263.00000 0.9115
5265.00000 0.9096
5266.00000 0.9097
5267.00000 0.9091
5269.00000 0.9082
5270.00000 0.9089
5272.00000 0.9092
5273.00000 0.9087
5274.00000 0.9092
5276.00000 0.9096
5277.00000 0.9085
5279.00000 0.9086
5280.00000 0.9083
5281.00000 0.9079
5283.00000 0.9074
5284.00000 0.907
5286.00000 0.9064
5287.00000 0.9062
5288.00000 0.906
5290.00000 0.906
5291.00000 0.9057
5293.00000 0.9047
5294.00000 0.9045
5295.00000 0.9038
5297.00000 0.9028
5298.00000 0.9022
5300.00000 0.9031
5301.00000 0.9025
5302.00000 0.9027
5304.00000 0.9029
5305.00000 0.9033
5307.00000 0.9023
5308.00000 0.9011
5309.00000 0.9005
5311.00000 0.8996
5312.00000 0.9001
5314.00000 0.8993
5315.00000 0.8995
5316.00000 0.8993
5318.00000 0.8989
5319.00000 0.8988
5321.00000 0.898
5322.00000 0.8977
5323.00000 0.897
5325.00000 0.8973
5326.00000 0.8949
5328.00000 0.8949
5329.00000 0.895
5330.00000 0.8949
5332.00000 0.8944
5333.00000 0.8946
5335.00000 0.895
5336.00000 0.8949
5337.00000 0.8938
5339.00000 0.8938
5340.00000 0.8933
5342.00000 0.8929
5343.00000 0.8914
5344.00000 0.8908
5346.00000 0.8899
5347.00000 0.8903
5349.00000 0.8899
5350.00000 0.8895
5351.00000 0.8899
5353.00000 0.8885
5354.00000 0.8872
5356.00000 0.8869
5357.00000 0.8874
5358.00000 0.8867
5360.00000 0.8866
5361.00000 0.8866
5363.00000 0.8846
5364.00000 0.8836
5365.00000 0.8842
5367.00000 0.885
5368.00000 0.8841
5369.00000 0.8848
5371.00000 0.8849
5372.00000 0.8827
5374.00000 0.8817
5375.00000 0.8809
5376.00000 0.8788
5378.00000 0.877
5379.00000 0.8764
5381.00000 0.8762
5382.00000 0.8766
5383.00000 0.8772
5385.00000 0.8762
5386.00000 0.8758
5388.00000 0.8742
5389.00000 0.8732
5390.00000 0.8726
5392.00000 0.8727
5393.00000 0.872
5394.00000 0.8717
5396.00000 0.8717
5397.00000 0.872
5399.00000 0.8707
5400.00000 0.8706
5401.00000 0.8696
5403.00000 0.8686
5404.00000 0.8668
5406.00000 0.8665
5407.00000 0.8646
5408.00000 0.8648
5410.00000 0.8647
5411.00000 0.8638
5412.00000 0.8644
5414.00000 0.865
5415.00000 0.8635
5417.00000 0.8632
5418.00000 0.8623
5419.00000 0.8618
5421.00000 0.8621
5422.00000 0.8629
5424.00000 0.8609
5425.00000 0.8612
5426.00000 0.8606
5428.00000 0.8602
5429.00000 0.858
5430.00000 0.8583
5432.00000 0.8577
5433.00000 0.8567
5435.00000 0.8549
5436.00000 0.8552
5437.00000 0.8546
5439.00000 0.8549
5440.00000 0.8547
5441.00000 0.8547
5443.00000 0.8534
5444.00000 0.8524
5446.00000 0.8502
5447.00000 0.8496
5448.00000 0.8487
5450.00000 0.848
5451.00000 0.8458
5453.00000 0.8463
5454.00000 0.8459
5455.00000 0.8447
5457.00000 0.8439
5458.00000 0.8436
5459.00000 0.8415
5461.00000 0.84
5462.00000 0.8384
5464.00000 0.8371
5465.00000 0.8376
5466.00000 0.8375
5468.00000 0.837
5469.00000 0.8365
5470.00000 0.836
5472.00000 0.8337
5473.00000 0.8332
5475.00000 0.8326
5476.00000 0.8329
5477.00000 0.8317
5479.00000 0.8314
5480.00000 0.8308
5481.00000 0.8293
5483.00000 0.8276
5484.00000 0.8267
5485.00000 0.8269
5487.00000 0.826
5488.00000 0.8254
5490.00000 0.8235
5491.00000 0.8248
5492.00000 0.8241
5494.00000 0.8236
5495.00000 0.8225
5496.00000 0.823
5498.00000 0.8215
5499.00000 0.8198
5501.00000 0.819
5502.00000 0.8189
5503.00000 0.8189
5505.00000 0.8183
5506.00000 0.8168
5507.00000 0.8161
5509.00000 0.8139
5510.00000 0.8122
5512.00000 0.8105
5513.00000 0.8105
5514.00000 0.8087
5516.00000 0.8097
5517.00000 0.8086
5518.00000 0.8084
5520.00000 0.8075
5521.00000 0.8068
5522.00000 0.8054
5524.00000 0.8055
5525.00000 0.8026
5527.00000 0.801
5528.00000 0.7984
5529.00000 0.7964
5531.00000 0.7963
5532.00000 0.7971
5533.00000 0.7957
5535.00000 0.7952
5536.00000 0.7952
5537.00000 0.7939
5539.00000 0.7934
5540.00000 0.7923
5542.00000 0.7922
5543.00000 0.7907
5544.00000 0.7903
5546.00000 0.7906
5547.00000 0.7923
5548.00000 0.7939
5550.00000 0.793
5551.00000 0.79
5552.00000 0.7853
5554.00000 0.784
5555.00000 0.7811
5557.00000 0.7797
5558.00000 0.7781
5559.00000 0.7792
5561.00000 0.7777
5562.00000 0.7757
5563.00000 0.7753
5565.00000 0.7741
5566.00000 0.7708
5567.00000 0.769
5569.00000 0.7677
5570.00000 0.7669
5572.00000 0.7681
5573.00000 0.7706
5574.00000 0.7715
5576.00000 0.7697
5577.00000 0.7696
5578.00000 0.7675
5580.00000 0.7637
5581.00000 0.7594
5582.00000 0.7602
5584.00000 0.7578
5585.00000 0.7555
5586.00000 0.7568
5588.00000 0.7572
5589.00000 0.7555
5591.00000 0.7565
5592.00000 0.756
5593.00000 0.7523
5595.00000 0.7531
5596.00000 0.7524
5597.00000 0.7479
5599.00000 0.7447
5600.00000 0.7435
5601.00000 0.7391
5603.00000 0.7371
5604.00000 0.7394
5605.00000 0.7434
5607.00000 0.7432
5608.00000 0.7436
5609.00000 0.741
5611.00000 0.7371
5612.00000 0.7319
5614.00000 0.7296
5615.00000 0.728
5616.00000 0.7308
5618.00000 0.7319
5619.00000 0.735
5620.00000 0.7352
5622.00000 0.7369
5623.00000 0.7288
5624.00000 0.7259
5626.00000 0.7203
5627.00000 0.7197
5628.00000 0.718
5630.00000 0.7225
5631.00000 0.7225
5632.00000 0.7211
5634.00000 0.7201
5635.00000 0.7164
5636.00000 0.7121
5638.00000 0.7086
5639.00000 0.7059
5641.00000 0.7033
5642.00000 0.7016
5643.00000 0.704
5645.00000 0.702
5646.00000 0.7053
5647.00000 0.7022
5649.00000 0.7016
5650.00000 0.6984
5651.00000 0.7014
5653.00000 0.6948
5654.00000 0.6964
5655.00000 0.6938
5657.00000 0.693
5658.00000 0.6889
5659.00000 0.6927
5661.00000 0.6922
5662.00000 0.6929
5663.00000 0.6916
5665.00000 0.6881
5666.00000 0.684
5667.00000 0.6821
5669.00000 0.6787
5670.00000 0.6816
5671.00000 0.6826
5673.00000 0.6803
5674.00000 0.6788
5675.00000 0.6815
5677.00000 0.6756
5678.00000 0.6744
5679.00000 0.6741
5681.00000 0.6719
5682.00000 0.671
5684.00000 0.6705
5685.00000 0.669
5686.00000 0.6691
5688.00000 0.6687
5689.00000 0.6627
5690.00000 0.6566
5692.00000 0.6519
5693.00000 0.6481
5694.00000 0.6461
5696.00000 0.6433
5697.00000 0.6472
5698.00000 0.6492
5700.00000 0.6525
5988.70020 0.28002
5992.10010 0.28846
5995.60010 0.2886
5999.00000 0.2871
6002.50000 0.2858
6005.89990 0.28469
6009.29980 0.28153
6012.79980 0.27811
6016.20020 0.27505
6019.70020 0.27137
6023.10010 0.26751
6026.60010 0.26393
6030.00000 0.26056
6033.39990 0.25697
6036.89990 0.25332
6040.29980 0.24999
6043.70020 0.24679
6047.20020 0.24315
6050.60010 0.23949
6054.10010 0.23635
6057.50000 0.23292
6060.89990 0.22933
6064.39990 0.22611
6067.79980 0.22344
6071.20020 0.22057
6074.70020 0.21758
6078.10010 0.21463
6081.50000 0.21161
6085.00000 0.20817
6088.39990 0.20487
6091.79980 0.20171
6095.29980 0.1984
6098.70020 0.19532
6102.10010 0.19247
6105.60010 0.18947
6109.00000 0.18691
6112.39990 0.18411
6115.79980 0.18113
6119.29980 0.17812
6122.70020 0.1752
6126.10010 0.17215
6129.60010 0.16969
6133.00000 0.16703
6136.39990 0.16441
6139.79980 0.16169
6143.29980 0.15908
6146.70020 0.15604
6150.10010 0.15332
6153.50000 0.15089
6157.00000 0.1485
6160.39990 0.14587
6163.79980 0.14358
6167.20020 0.1412
6170.60010 0.13855
6174.10010 0.13622
6177.50000 0.13411
6180.89990 0.13183
6184.29980 0.12949
6187.79980 0.12718
6191.20020 0.12464
6194.60010 0.12239
6198.00000 0.12022
6201.39990 0.11806
6204.79980 0.11585
6208.29980 0.11378
6211.70020 0.11159
6215.10010 0.10941
6218.50000 0.10716
6221.89990 0.10511
6225.29980 0.10324
6228.79980 0.10123
6232.20020 0.09927
6235.60010 0.09735
6239.00000 0.09557
6242.39990 0.09365
6245.79980 0.09151
6249.20020 0.08975
6252.60010 0.08825
6256.10010 0.0868
6259.50000 0.08488
6262.89990 0.08351
6266.29980 0.08162
6269.70020 0.07976
6273.10010 0.0778
6276.50000 0.0766
6279.89990 0.07488
6283.29980 0.07347
6286.70020 0.07202
6290.10010 0.07062
6293.50000 0.06884
6297.00000 0.0675
6300.39990 0.06637
6303.79980 0.065
6307.20020 0.06343
6310.60010 0.0624
6314.00000 0.06115
6317.39990 0.05959
6320.79980 0.0582
6324.20020 0.05725
6327.60010 0.05583
6331.00000 0.05447
6334.39990 0.05324
6337.79980 0.05201
6341.20020 0.05068
6344.60010 0.04963
6348.00000 0.04846
6351.39990 0.04729
6354.79980 0.04627
6358.20020 0.04523
6361.60010 0.04395
6365.00000 0.04302
6368.39990 0.04198
6371.79980 0.04097
6375.20020 0.03985
6378.60010 0.03906
6382.00000 0.0382
6385.39990 0.03744
6388.70020 0.03658
6392.10010 0.03569
6395.50000 0.03464
6398.89990 0.0338
6402.29980 0.0332
6405.70020 0.03264
6409.10010 0.032
6412.50000 0.03119
6415.89990 0.03027
6419.29980 0.02935
6422.70020 0.02837
6426.10010 0.02772
6429.39990 0.02724
6432.79980 0.02663
6436.20020 0.02584
6439.60010 0.02516
6443.00000 0.02432
6446.39990 0.02369
6449.79980 0.02316
6453.20020 0.02287
6456.50000 0.02244
6459.89990 0.02215
6463.29980 0.02159
6466.70020 0.02091
6470.10010 0.02
6473.50000 0.01928
6476.79980 0.01866
6480.20020 0.01814
6483.60010 0.0178
6487.00000 0.01768
6490.39990 0.01746
6493.79980 0.01712
6497.10010 0.01669
6500.50000 0.01603
6503.89990 0.01523
6507.29980 0.01453
6510.60010 0.01382
6514.00000 0.01338
6517.39990 0.01314
6520.79980 0.01317
6524.20020 0.01304
6527.50000 0.01298
6530.89990 0.01271
6534.29980 0.01262
6537.70020 0.01227
6541.00000 0.01196
6544.39990 0.01133
6547.79980 0.01083
6551.20020 0.01007
6554.50000 0.00952
6557.89990 0.00898
6561.29980 0.00886
6564.60010 0.00866
6568.00000 0.00866
6571.39990 0.00856
6574.79980 0.0085
6578.10010 0.00839
6581.50000 0.00833
6584.89990 0.00809
6588.20020 0.008
6591.60010 0.00764
6595.00000 0.00731
6598.29980 0.00693
6601.70020 0.00651
7261.87012 0.0
