threeML/data/optical_filters/LCO/IMACS-WB5650.ecsv
# %ECSV 0.9
# ---
# datatype:
# - {name: wavelength, unit: Angstrom, datatype: float32}
# - {name: response, datatype: float32}
# meta: !!omap
# - {band_name: WB5650}
# - {group_name: IMACS}
wavelength response
[from data line 869]
7559.70020 0.95916
7562.89990 0.95854
7566.20020 0.95764
7569.39990 0.95657
7572.60010 0.95615
7575.89990 0.95527
7579.10010 0.95466
7582.39990 0.95407
7585.60010 0.95355
7588.79980 0.953
7592.10010 0.95261
7595.29980 0.95187
7598.50000 0.95156
7601.79980 0.95092
7605.00000 0.9506
7608.20020 0.95035
7611.50000 0.95032
7614.70020 0.94927
7617.89990 0.94898
7621.20020 0.94838
7624.39990 0.94778
7627.60010 0.94707
7630.89990 0.94689
7634.10010 0.94633
7637.29980 0.94562
7640.60010 0.94536
7643.79980 0.94424
7647.00000 0.94336
7650.20020 0.94321
7653.50000 0.94262
7656.70020 0.94195
7659.89990 0.94155
7663.20020 0.94074
7666.39990 0.93925
7669.60010 0.93889
7672.79980 0.93854
7676.10010 0.93831
7679.29980 0.9382
7682.50000 0.93783
7685.70020 0.93689
7689.00000 0.93555
7692.20020 0.9347
7695.39990 0.9337
7698.60010 0.93358
7701.79980 0.93362
7705.10010 0.93385
7708.29980 0.93315
7711.50000 0.93301
7714.70020 0.93244
7717.89990 0.93177
7721.20020 0.93067
7724.39990 0.93015
7727.60010 0.92975
7730.79980 0.92917
7734.00000 0.92859
7737.20020 0.92839
7740.50000 0.92833
7743.70020 0.92812
7746.89990 0.92759
7750.10010 0.9272
7753.29980 0.92674
7756.50000 0.92671
7759.70020 0.92636
7763.00000 0.92634
7766.20020 0.92668
7769.39990 0.92626
7772.60010 0.92626
7775.79980 0.92641
7779.00000 0.92636
7782.20020 0.92598
7785.39990 0.92656
7788.70020 0.92641
7791.89990 0.92563
7795.10010 0.92572
7798.29980 0.92588
7801.50000 0.92554
7804.70020 0.92539
7807.89990 0.92616
7811.10010 0.92663
7814.29980 0.92699
7817.50000 0.92705
7820.70020 0.9274
7823.89990 0.92731
7827.10010 0.92726
7830.29980 0.92744
7833.50000 0.92748
7836.70020 0.92747
7839.89990 0.92804
7843.10010 0.92782
7846.39990 0.92797
7849.60010 0.92848
7852.79980 0.92846
7856.00000 0.92851
7859.20020 0.92909
7862.39990 0.92915
7865.60010 0.92938
7868.79980 0.93033
7871.89990 0.93039
7875.10010 0.93079
7878.29980 0.93153
7881.50000 0.93247
7884.70020 0.93276
7887.89990 0.93394
7891.10010 0.93457
7894.29980 0.93488
7897.50000 0.93494
7900.70020 0.93514
7903.89990 0.93505
7907.10010 0.93542
7910.29980 0.93584
7913.50000 0.93657
7916.70020 0.93718
7919.89990 0.93814
7923.10010 0.93911
7926.29980 0.93962
7929.39990 0.93946
7932.60010 0.93959
7935.79980 0.94003
7939.00000 0.94058
7942.20020 0.94126
7945.39990 0.94255
7948.60010 0.94333
7951.79980 0.94384
7955.00000 0.94372
7958.10010 0.94429
7961.29980 0.94469
7964.50000 0.94515
7967.70020 0.9455
7970.89990 0.94566
7974.10010 0.94581
7977.29980 0.94625
7980.39990 0.94722
7983.60010 0.94735
7986.79980 0.94781
7990.00000 0.94791
7993.20020 0.94816
7996.29980 0.94781
7999.50000 0.94849
8002.70020 0.94905
8005.89990 0.94968
8009.10010 0.94968
8012.20020 0.95039
8015.39990 0.95077
8018.60010 0.95169
8021.79980 0.95226
8025.00000 0.95349
8028.10010 0.95373
8031.29980 0.95366
8034.50000 0.95283
8037.70020 0.95308
8040.79980 0.95301
8044.00000 0.95338
8047.20020 0.95411
8050.39990 0.95466
8053.50000 0.95461
8056.70020 0.95427
8059.89990 0.95428
8063.10010 0.95435
8066.20020 0.95535
8069.39990 0.95602
8072.60010 0.95623
8075.70020 0.95596
8078.89990 0.95561
8082.10010 0.95526
8085.20020 0.95459
8088.39990 0.95436
8091.60010 0.95463
8094.79980 0.95466
8097.89990 0.95374
8101.10010 0.95312
8104.29980 0.95288
8107.39990 0.95297
8110.60010 0.95223
8113.70020 0.95257
8116.89990 0.95258
8120.10010 0.95168
8123.20020 0.95082
8126.39990 0.95094
8129.60010 0.95046
8132.70020 0.95066
8135.89990 0.95087
8139.10010 0.95035
8142.20020 0.95013
8145.39990 0.94962
8148.50000 0.9488
8151.70020 0.94797
8154.89990 0.94814
8158.00000 0.94775
8161.20020 0.94717
8164.29980 0.94717
8167.50000 0.94749
8170.60010 0.94672
8173.79980 0.94618
8177.00000 0.9459
8180.10010 0.94513
8183.29980 0.94479
8186.39990 0.94441
8189.60010 0.94432
8192.70020 0.94344
8195.90039 0.94262
8199.00000 0.9415
8202.20020 0.94068
8205.40039 0.93932
8208.50000 0.93931
8211.70020 0.93862
8214.79980 0.93851
8218.00000 0.93837
8221.09961 0.938
8224.29980 0.93688
8227.40039 0.93726
8230.59961 0.9364
8233.70020 0.93535
8236.90039 0.9348
8240.00000 0.93459
8243.20020 0.93318
8246.29980 0.93203
8249.40039 0.93113
8252.59961 0.93054
8255.70020 0.92954
8258.90039 0.92938
8262.00000 0.92888
8265.20020 0.92888
8268.29980 0.92776
8271.50000 0.92685
8274.59961 0.92641
8277.70020 0.92675
8280.90039 0.92637
8284.00000 0.92653
8287.20020 0.92735
8290.29980 0.92736
8293.50000 0.92718
8296.59961 0.92696
8299.70020 0.92675
8302.90039 0.9259
8306.00000 0.92543
8309.09961 0.925
8312.29980 0.92437
8315.40039 0.92437
8318.59961 0.92484
8321.70020 0.9248
8324.79980 0.92503
8328.00000 0.92581
8331.09961 0.9255
8334.20020 0.9253
8337.40039 0.92517
8340.50000 0.92509
8343.59961 0.9251
8346.79980 0.92534
8349.90039 0.92511
8353.00000 0.92452
8356.20020 0.92477
8359.29980 0.92395
8362.40039 0.92415
8365.59961 0.92483
8368.70020 0.92563
8371.79980 0.92507
8374.90039 0.92583
8378.09961 0.92607
8381.20020 0.9265
8384.29980 0.92671
8387.50000 0.92724
8390.59961 0.92764
8393.70020 0.92729
8396.79980 0.92731
8400.00000 0.92792
8403.09961 0.92887
8406.20020 0.92956
8409.29980 0.9305
8412.50000 0.93079
8415.59961 0.93064
8418.70020 0.93039
8421.79980 0.93051
8425.00000 0.93149
8428.09961 0.93267
8431.20020 0.93356
8434.29980 0.93483
8437.40039 0.93575
8440.59961 0.93611
8443.70020 0.93648
8446.79980 0.93649
8449.90039 0.93673
8453.00000 0.93679
8456.20020 0.93729
8459.29980 0.93736
8462.40039 0.93798
8465.50000 0.93838
8468.59961 0.93954
8471.70020 0.94032
8474.90039 0.94085
8478.00000 0.94232
8481.09961 0.94316
8484.20020 0.94335
8487.29980 0.94373
8490.40039 0.94435
8493.50000 0.94447
8496.59961 0.94501
8499.79980 0.94579
8502.90039 0.94644
8506.00000 0.94707
8509.09961 0.94763
8512.20020 0.94833
8515.29980 0.94831
8518.40039 0.94936
8521.50000 0.94989
8524.59961 0.95115
8527.70020 0.95126
8530.90039 0.95228
8534.00000 0.95217
8537.09961 0.95307
8540.20020 0.95262
8543.29980 0.95307
8546.40039 0.95347
8549.50000 0.95349
8552.59961 0.95388
8555.70020 0.95429
8558.79980 0.9546
8561.90039 0.95421
8565.00000 0.95431
8568.09961 0.95425
8571.20020 0.95459
8574.29980 0.95509
8577.40039 0.95603
8580.50000 0.95703
8583.59961 0.95756
8586.70020 0.958
8589.79980 0.95863
8592.90039 0.95838
8596.00000 0.95834
8599.09961 0.9579
8602.20020 0.95726
8605.29980 0.95677
8608.40039 0.95718
8611.50000 0.95688
8614.59961 0.95657
8617.70020 0.95661
8620.79980 0.95647
8623.90039 0.9559
8627.00000 0.95578
8630.09961 0.95593
8633.20020 0.95593
8636.20020 0.95539
8639.29980 0.95514
8642.40039 0.95405
8645.50000 0.95313
8648.59961 0.95247
8651.70020 0.95225
8654.79980 0.95056
8657.90039 0.95056
8661.00000 0.95007
8664.09961 0.94936
8667.09961 0.94868
8670.20020 0.94897
8673.29980 0.94869
8676.40039 0.94804
8679.50000 0.94756
8682.59961 0.94644
8685.70020 0.94583
8688.79980 0.94472
8691.79980 0.94434
8694.90039 0.94335
8698.00000 0.94288
8701.09961 0.94241
8704.20020 0.94229
8707.29980 0.94073
8710.29980 0.94097
8713.40039 0.94006
8716.50000 0.93852
8719.59961 0.9369
8722.70020 0.93678
8725.70020 0.93598
8728.79980 0.93513
8731.90039 0.93483
8735.00000 0.93455
8738.09961 0.93291
8741.09961 0.93135
8744.20020 0.93115
8747.29980 0.93043
8750.40039 0.92895
8753.40039 0.92919
8756.50000 0.92815
8759.59961 0.92653
8762.70020 0.92568
8765.70020 0.92545
8768.79980 0.92448
8771.90039 0.92408
8775.00000 0.92368
8778.00000 0.92384
8781.09961 0.92352
8784.20020 0.92312
8787.29980 0.92382
8790.29980 0.92326
8793.40039 0.92171
8796.50000 0.92058
8799.50000 0.91974
8802.59961 0.91856
8805.70020 0.91826
8808.70020 0.91774
8811.79980 0.91775
8814.90039 0.91821
8817.90039 0.91763
8821.00000 0.917
8824.09961 0.91733
8827.09961 0.91754
8830.20020 0.91691
8833.29980 0.91605
8836.29980 0.91592
8839.40039 0.91577
8842.50000 0.91511
8845.50000 0.9147
8848.59961 0.91487
8851.59961 0.91522
8854.70020 0.91448
8857.79980 0.91411
8860.79980 0.91341
8863.90039 0.91332
8867.00000 0.91265
8870.00000 0.91239
8873.09961 0.91184
8876.09961 0.91177
8879.20020 0.91197
8882.20020 0.91203
8885.29980 0.91239
8888.40039 0.9124
8891.40039 0.91234
8894.50000 0.91158
8897.50000 0.91181
8900.59961 0.9116
8903.59961 0.91196
8906.70020 0.91259
8909.70020 0.91169
8912.79980 0.91037
8915.90039 0.90987
8918.90039 0.90863
8922.00000 0.90808
8925.00000 0.90749
8928.09961 0.90693
8931.09961 0.90499
8934.20020 0.90434
8937.20020 0.90185
8940.29980 0.90138
8943.29980 0.89945
8946.40039 0.89846
8949.40039 0.89575
8952.50000 0.89432
8955.50000 0.89105
8958.50000 0.88951
8961.59961 0.88669
8964.59961 0.88452
8967.70020 0.8815
8970.70020 0.88031
8973.79980 0.87767
8976.79980 0.87444
8979.90039 0.87115
8982.90039 0.86726
8986.00000 0.86246
8989.00000 0.8586
8992.00000 0.85515
8995.09961 0.85129
8998.09961 0.84665
9001.20020 0.84217
9004.20020 0.836
9007.20020 0.83024
9010.29980 0.82366
9013.29980 0.81832
9016.40039 0.81232
9019.40039 0.80635
9022.40039 0.80014
9025.50000 0.79332
9028.50000 0.7863
9031.50000 0.77781
9034.59961 0.76987
9037.59961 0.76106
9040.70020 0.75386
9043.70020 0.74569
9046.70020 0.73843
9049.79980 0.73023
9052.79980 0.72139
9055.79980 0.71166
9058.90039 0.70224
9061.90039 0.69183
9064.90039 0.68177
9067.90039 0.67175
9071.00000 0.66176
9074.00000 0.65113
9077.00000 0.6417
9080.09961 0.63192
9083.09961 0.62182
9086.09961 0.61181
9089.20020 0.60155
9092.20020 0.5907
9095.20020 0.57929
9098.20020 0.56863
9101.29980 0.55723
9104.29980 0.54686
9107.29980 0.5362
9110.29980 0.52634
9113.40039 0.51538
9116.40039 0.50491
9119.40039 0.49368
9122.40039 0.48308
9125.50000 0.47314
9128.50000 0.46364
9131.50000 0.45431
9134.50000 0.4445
9137.50000 0.43405
9140.59961 0.42395
9143.59961 0.4136
9146.59961 0.40363
9149.59961 0.39399
9152.59961 0.38485
9155.70020 0.37551
9158.70020 0.36711
9161.70020 0.35815
9164.70020 0.34996
9167.70020 0.34136
9170.79980 0.33273
9173.79980 0.32321
9176.79980 0.31514
9179.79980 0.3076
9182.79980 0.29987
9185.79980 0.29227
9188.79980 0.28539
9191.90039 0.2782
9194.90039 0.27064
9197.90039 0.26431
9200.90039 0.25826
9203.90039 0.25194
9206.90039 0.24557
9209.90039 0.23938
9212.90039 0.2329
9215.90039 0.22631
9219.00000 0.22053
9222.00000 0.21467
9225.00000 0.20916
9228.00000 0.20347
9231.00000 0.1986
9234.00000 0.19358
9237.00000 0.18909
9240.00000 0.18459
9243.00000 0.17995
9246.00000 0.17509
9249.00000 0.17075
9252.00000 0.16561
9255.00000 0.16112
9258.00000 0.15688
9261.00000 0.15322
9264.00000 0.14866
9267.09961 0.14553
9270.09961 0.14246
9273.09961 0.1395
9276.09961 0.13485
9279.09961 0.13198
9282.09961 0.12876
9285.09961 0.12503
9288.09961 0.1216
9291.09961 0.11976
9294.09961 0.11692
9297.09961 0.11372
9300.00000 0.11091
9303.00000 0.10855
9306.00000 0.10661
9309.00000 0.10441
9312.00000 0.10278
9315.00000 0.10073
9318.00000 0.09843
9321.00000 0.09599
9324.00000 0.09294
9327.00000 0.08995
9330.00000 0.08779
9333.00000 0.08678
9336.00000 0.08497
9339.00000 0.08342
9342.00000 0.08106
9345.00000 0.07946
9348.00000 0.07706
9350.90039 0.07482
9353.90039 0.07261
9356.90039 0.07115
9359.90039 0.06947
9362.90039 0.06843
9365.90039 0.06743
9368.90039 0.06674
9371.90039 0.06582
9374.90039 0.06402
9377.79980 0.06108
9380.79980 0.05952
9383.79980 0.05926
9386.79980 0.06074
9389.79980 0.06127
9392.79980 0.06023
9395.70020 0.0569
9398.70020 0.05505
9401.70020 0.05085
9404.70020 0.04631
9407.70020 0.04485
9410.70020 0.04496
9413.59961 0.04366
9416.59961 0.0431
9419.59961 0.04346
9422.59961 0.04365
9425.59961 0.04477
9428.50000 0.04467
9431.50000 0.04434
9434.50000 0.04476
9437.50000 0.04487
9440.50000 0.04369
9443.40039 0.04326
9446.40039 0.04405
9449.40039 0.04307
9452.40039 0.04257
9455.29980 0.04198
9458.29980 0.04135
9461.29980 0.03999
9464.29980 0.04021
9467.20020 0.03922
9470.20020 0.03928
9473.20020 0.0389
9476.09961 0.03807
9479.09961 0.03713
9482.09961 0.03698
9485.09961 0.03588
9488.00000 0.03592
9491.00000 0.03655
9494.00000 0.03632
9496.90039 0.03493
9499.90039 0.03413
9502.90039 0.03295
9505.79980 0.03165
9508.79980 0.03088
9511.79980 0.03088
9514.70020 0.03026
9517.70020 0.03033
9520.70020 0.02996
9523.59961 0.02971
9526.59961 0.02882
9529.59961 0.02915
9532.50000 0.02829
9535.50000 0.02838
9538.50000 0.0279
9541.40039 0.02824
9544.40039 0.02744
9547.29980 0.02728
9550.29980 0.0268
9553.29980 0.02663
9556.20020 0.02565
9559.20020 0.02549
9562.09961 0.02504
9565.09961 0.02472
9568.09961 0.02407
9571.00000 0.02354
9574.00000 0.02233
9576.90039 0.02164
9579.90039 0.02083
9582.90039 0.02062
9585.79980 0.0203
9588.79980 0.02052
9591.70020 0.02089
9594.70020 0.02046
9597.59961 0.01972
9600.59961 0.01996
9603.50000 0.02033
9606.50000 0.01929
9609.40039 0.01947
9612.40039 0.01995
9615.29980 0.01971
9618.29980 0.01911
9621.20020 0.01927
9624.20020 0.01932
9627.09961 0.01829
9630.09961 0.01793
9633.00000 0.01772
9636.00000 0.01744
9638.90039 0.01666
9641.90039 0.01735
9644.79980 0.0174
9647.79980 0.01707
9650.70020 0.01663
9653.70020 0.01647
9656.59961 0.01549
9659.59961 0.01477
9662.50000 0.01424
9665.50000 0.01374
9668.40039 0.0122
9671.29980 0.01152
9674.29980 0.0112
9677.20020 0.01112
9680.20020 0.01118
9683.09961 0.0109
9686.09961 0.01076
9689.00000 0.01168
9691.90039 0.01212
9694.90039 0.01129
9697.79980 0.01258
9700.79980 0.01252
9703.70020 0.01197
9706.59961 0.01012
9709.59961 0.01098
9712.50000 0.01029
9715.40039 0.01035
9718.40039 0.00989
9721.29980 0.01053
9724.29980 0.01006
9727.20020 0.00956
9730.09961 0.00913
9733.09961 0.00864
9736.00000 0.009
9738.90039 0.00729
9741.90039 0.00681
9744.79980 0.00587
9747.70020 0.0054
9750.70020 0.00386
9753.59961 0.00541
9756.50000 0.00567
9759.40039 0.00602
9762.40039 0.0055
9765.29980 0.00546
9768.20020 0.00514
9771.20020 0.00429
9774.09961 0.00458
9777.00000 0.00453
9779.90039 0.0046
9782.90039 0.00434
9785.79980 0.00463
9788.70020 0.00416
9791.59961 0.00423
9794.59961 0.00438
9797.50000 0.00405
9800.40039 0.00419
9803.29980 0.0047
9806.29980 0.00486
9809.20020 0.00409
9812.09961 0.00318
9815.00000 0.00327
9818.00000 0.00234
9820.90039 0.00199
9823.79980 0.00281
9826.70020 0.00289
9829.59961 0.00261
9832.59961 0.00247
9835.50000 0.00285
9838.40039 0.00204
9841.29980 0.00242
9844.20020 0.00296
9847.20020 0.0038
9850.09961 0.00367
9853.00000 0.00452
9855.90039 0.00463
9858.79980 0.00365
9861.70020 0.00281
9864.59961 0.00228
9867.59961 0.00166
9870.50000 0.00159
9873.40039 0.00191
9876.29980 0.00232
9879.20020 0.00241
9882.09961 0.00307
9885.00000 0.00269
9887.90039 0.00262
9890.90039 0.00272
9893.79980 0.00338
9896.70020 0.00225
9899.59961 0.00267
9902.50000 0.00252
9905.40039 0.00221
9908.29980 0.00205
9911.20020 0.00224
9914.09961 0.00182
9917.00000 0.00201
9919.90039 0.0021
9922.79980 0.00151
9925.79980 0.00186
9928.70020 0.00205
9931.59961 0.00162
9934.50000 0.00154
9937.40039 0.00191
9940.29980 0.0021
9943.20020 0.00193
9946.09961 0.00239
9949.00000 0.00223
9951.90039 0.0027
9954.79980 0.00308
9957.70020 0.00386
9960.59961 0.00314
9963.50000 0.00363
9966.40039 0.00318
9969.29980 0.00311
9972.20020 0.00264
9975.09961 0.00314
9978.00000 0.00297
9980.90039 0.00289
9983.79980 0.00211
9986.70020 0.00173
9989.59961 0.00124
9992.50000 0.00145
9995.40039 0.00095
9998.29980 0.00178
10998.12988 0.0
