threeML/data/optical_filters/LCO/IMACS-Roman_OIII.ecsv
# %ECSV 0.9
# ---
# datatype:
# - {name: wavelength, unit: Angstrom, datatype: float32}
# - {name: response, datatype: float32}
# meta: !!omap
# - {band_name: Roman_OIII}
# - {group_name: IMACS}
wavelength response
4432.50000 0.0
4925.00000 0.0019
4927.00000 0.0017
4928.00000 0.0017
4929.00000 0.0016
4931.00000 0.0018
4932.00000 0.0016
4934.00000 0.0014
4935.00000 0.0017
4937.00000 0.0017
4938.00000 0.0017
4940.00000 0.0019
4941.00000 0.0019
4943.00000 0.0021
4944.00000 0.0021
4945.00000 0.0022
4947.00000 0.002
4948.00000 0.0021
4950.00000 0.0021
4951.00000 0.002
4953.00000 0.0021
4954.00000 0.0021
4956.00000 0.002
4957.00000 0.002
4959.00000 0.0019
4960.00000 0.002
4961.00000 0.0019
4963.00000 0.002
4964.00000 0.002
4966.00000 0.0021
4967.00000 0.0025
4969.00000 0.0032
4970.00000 0.0038
4972.00000 0.0047
4973.00000 0.0056
4975.00000 0.0062
4976.00000 0.0065
4977.00000 0.0071
4979.00000 0.008
4980.00000 0.0089
4982.00000 0.01
4983.00000 0.0113
4985.00000 0.0131
4986.00000 0.0144
4988.00000 0.0163
4989.00000 0.0183
4990.00000 0.0209
4992.00000 0.0239
4993.00000 0.0277
4995.00000 0.0319
4996.00000 0.0375
4998.00000 0.0437
4999.00000 0.0513
5001.00000 0.0603
5002.00000 0.0717
5003.00000 0.0849
5005.00000 0.1007
5006.00000 0.1196
5008.00000 0.143
5009.00000 0.171
5011.00000 0.2043
5012.00000 0.2426
5014.00000 0.2874
5015.00000 0.3381
5017.00000 0.3926
5018.00000 0.4495
5019.00000 0.5073
5021.00000 0.5633
5022.00000 0.6132
5024.00000 0.6575
5025.00000 0.6968
5027.00000 0.7303
5028.00000 0.7552
5029.00000 0.7745
5031.00000 0.7898
5032.00000 0.8005
5034.00000 0.8072
5035.00000 0.811
5037.00000 0.8122
5038.00000 0.8116
5040.00000 0.8113
5041.00000 0.8093
5042.00000 0.8113
5044.00000 0.8138
5045.00000 0.8173
5047.00000 0.8166
5048.00000 0.8177
5050.00000 0.8174
5051.00000 0.8209
5053.00000 0.8204
5054.00000 0.8214
5055.00000 0.8212
5057.00000 0.8197
5058.00000 0.8148
5060.00000 0.8112
5061.00000 0.8082
5063.00000 0.8063
5064.00000 0.8061
5065.00000 0.8043
5067.00000 0.8029
5068.00000 0.8004
5070.00000 0.7984
5071.00000 0.7952
5073.00000 0.7938
5074.00000 0.7926
5076.00000 0.7889
5077.00000 0.7806
5078.00000 0.7689
5080.00000 0.7525
5081.00000 0.7324
5083.00000 0.7072
5084.00000 0.6758
5086.00000 0.6384
5087.00000 0.5949
5088.00000 0.5453
5090.00000 0.4924
5091.00000 0.4392
5093.00000 0.3875
5094.00000 0.3386
5096.00000 0.2928
5097.00000 0.2513
5098.00000 0.215
5100.00000 0.1824
5101.00000 0.1548
5103.00000 0.1313
5104.00000 0.1117
5106.00000 0.0955
5107.00000 0.0819
5109.00000 0.0699
5110.00000 0.06
5111.00000 0.0516
5113.00000 0.0443
5114.00000 0.0381
5116.00000 0.033
5117.00000 0.0285
5119.00000 0.0246
5120.00000 0.0214
5121.00000 0.0186
5123.00000 0.0164
5124.00000 0.0145
5126.00000 0.0128
5127.00000 0.0112
5129.00000 0.0103
5130.00000 0.0092
5131.00000 0.0082
5133.00000 0.0077
5134.00000 0.0069
5136.00000 0.0061
5137.00000 0.0053
5139.00000 0.0045
5140.00000 0.0036
5141.00000 0.0032
5143.00000 0.0029
5144.00000 0.0027
5146.00000 0.0025
5147.00000 0.0025
5148.00000 0.0024
5150.00000 0.0025
5151.00000 0.0024
5153.00000 0.0024
5154.00000 0.0021
5156.00000 0.0023
5157.00000 0.0024
5158.00000 0.0024
5160.00000 0.0021
5161.00000 0.0023
5163.00000 0.0021
5164.00000 0.002
5166.00000 0.002
5167.00000 0.0024
5168.00000 0.0023
5684.79980 0.0
