threeML/data/optical_filters/LCO/IMACS-WB5650.ecsv
# %ECSV 0.9
# ---
# datatype:
# - {name: wavelength, unit: Angstrom, datatype: float32}
# - {name: response, datatype: float32}
# meta: !!omap
# - {band_name: WB5650}
# - {group_name: IMACS}
wavelength response
4635.89990 0.0
5151.00000 0.0001
5153.00000 0.0001
5154.00000 0.0
5156.00000 0.0001
5157.00000 0.0
5158.00000 0.0
5160.00000 0.0001
5161.00000 0.0002
5163.00000 0.0001
5164.00000 0.0002
5166.00000 0.0001
5167.00000 0.0001
5168.00000 0.0001
5170.00000 0.0002
5171.00000 0.0001
5173.00000 0.0001
5174.00000 0.0001
5176.00000 0.0001
5177.00000 0.0001
5178.00000 0.0001
5180.00000 0.0001
5181.00000 0.0001
5183.00000 0.0001
5184.00000 0.0002
5185.00000 0.0002
5187.00000 0.0002
5188.00000 0.0002
5190.00000 0.0002
5191.00000 0.0001
5193.00000 0.0001
5194.00000 0.0001
5195.00000 0.0001
5197.00000 0.0001
5198.00000 0.0002
5200.00000 0.0001
5201.00000 0.0002
5202.00000 0.0002
5204.00000 0.0002
5205.00000 0.0001
5207.00000 0.0003
5208.00000 0.0003
5210.00000 0.0003
5211.00000 0.0003
5212.00000 0.0005
5214.00000 0.0004
5215.00000 0.0004
5217.00000 0.0004
5218.00000 0.0004
5219.00000 0.0004
5221.00000 0.0006
5222.00000 0.0007
5224.00000 0.0009
5225.00000 0.0009
5227.00000 0.001
5228.00000 0.001
5229.00000 0.0011
5231.00000 0.0011
5232.00000 0.0013
5234.00000 0.0015
5235.00000 0.0021
5236.00000 0.0027
5238.00000 0.0034
5239.00000 0.004
5241.00000 0.0048
5242.00000 0.0053
5243.00000 0.0061
5245.00000 0.007
5246.00000 0.0078
5248.00000 0.0082
5249.00000 0.0084
5250.00000 0.0085
5252.00000 0.0086
5253.00000 0.0086
5255.00000 0.0088
5256.00000 0.0088
5258.00000 0.0089
5259.00000 0.0089
5260.00000 0.0092
5262.00000 0.0096
5263.00000 0.0101
5265.00000 0.0112
5266.00000 0.0126
5267.00000 0.0139
5269.00000 0.0152
5270.00000 0.0165
5272.00000 0.0173
5273.00000 0.0179
5274.00000 0.0185
5276.00000 0.0192
5277.00000 0.0196
5279.00000 0.0206
5280.00000 0.0216
5281.00000 0.0232
5283.00000 0.025
5284.00000 0.027
5286.00000 0.0283
5287.00000 0.0294
5288.00000 0.0301
5290.00000 0.0311
5291.00000 0.0328
5293.00000 0.0345
5294.00000 0.0369
5295.00000 0.039
5297.00000 0.0409
5298.00000 0.0421
5300.00000 0.0438
5301.00000 0.0458
5302.00000 0.0481
5304.00000 0.0505
5305.00000 0.0527
5307.00000 0.0543
5308.00000 0.0559
5309.00000 0.0579
5311.00000 0.0603
5312.00000 0.063
5314.00000 0.0658
5315.00000 0.0685
5316.00000 0.0717
5318.00000 0.0742
5319.00000 0.0769
5321.00000 0.0794
5322.00000 0.0817
5323.00000 0.0843
5325.00000 0.0876
5326.00000 0.0906
5328.00000 0.095
5329.00000 0.0987
5330.00000 0.1024
5332.00000 0.1057
5333.00000 0.109
5335.00000 0.1117
5336.00000 0.1155
5337.00000 0.1191
5339.00000 0.1226
5340.00000 0.1263
5342.00000 0.1302
5343.00000 0.1337
5344.00000 0.1373
5346.00000 0.1409
5347.00000 0.1441
5349.00000 0.1476
5350.00000 0.1522
5351.00000 0.1562
5353.00000 0.1608
5354.00000 0.1659
5356.00000 0.1715
5357.00000 0.1757
5358.00000 0.1795
5360.00000 0.1834
5361.00000 0.188
5363.00000 0.1921
5364.00000 0.196
5365.00000 0.2004
5367.00000 0.2051
5368.00000 0.2092
5369.00000 0.2136
5371.00000 0.218
5372.00000 0.2235
5374.00000 0.2289
5375.00000 0.2343
5376.00000 0.2389
5378.00000 0.2439
5379.00000 0.2481
5381.00000 0.2534
5382.00000 0.2585
5383.00000 0.2643
5385.00000 0.2698
5386.00000 0.2751
5388.00000 0.2801
5389.00000 0.2846
5390.00000 0.289
5392.00000 0.2938
5393.00000 0.2984
5394.00000 0.3026
5396.00000 0.3078
5397.00000 0.3129
5399.00000 0.3188
5400.00000 0.3252
5401.00000 0.3297
5403.00000 0.3345
5404.00000 0.3392
5406.00000 0.3438
5407.00000 0.3486
5408.00000 0.3544
5410.00000 0.3596
5411.00000 0.3657
5412.00000 0.3696
5414.00000 0.374
5415.00000 0.3785
5417.00000 0.3837
5418.00000 0.3884
5419.00000 0.3944
5421.00000 0.3996
5422.00000 0.4049
5424.00000 0.4096
5425.00000 0.4143
5426.00000 0.4204
5428.00000 0.4255
5429.00000 0.4305
5430.00000 0.4356
5432.00000 0.4422
5433.00000 0.4473
5435.00000 0.4521
5436.00000 0.4583
5437.00000 0.4636
5439.00000 0.4675
5440.00000 0.4721
5441.00000 0.4779
5443.00000 0.4817
5444.00000 0.4872
5446.00000 0.4915
5447.00000 0.4963
5448.00000 0.5002
5450.00000 0.5052
5451.00000 0.5094
5453.00000 0.5156
5454.00000 0.5202
5455.00000 0.5251
5457.00000 0.5296
5458.00000 0.5353
5459.00000 0.5391
5461.00000 0.5445
5462.00000 0.5505
5464.00000 0.5564
5465.00000 0.5616
5466.00000 0.5676
5468.00000 0.5717
5469.00000 0.5754
5470.00000 0.5815
5472.00000 0.586
5473.00000 0.5898
5475.00000 0.5943
5476.00000 0.5987
5477.00000 0.601
5479.00000 0.6056
5480.00000 0.609
5481.00000 0.6133
5483.00000 0.6186
5484.00000 0.6244
5485.00000 0.6285
5487.00000 0.6333
5488.00000 0.639
5490.00000 0.6429
5491.00000 0.6452
5492.00000 0.6502
5494.00000 0.6559
5495.00000 0.6589
5496.00000 0.6632
5498.00000 0.6677
5499.00000 0.6692
5501.00000 0.6712
5502.00000 0.6754
5503.00000 0.6786
5505.00000 0.6832
5506.00000 0.6882
5507.00000 0.6932
5509.00000 0.6965
5510.00000 0.6995
5512.00000 0.7026
5513.00000 0.7061
5514.00000 0.7089
5516.00000 0.712
5517.00000 0.716
5518.00000 0.719
5520.00000 0.7244
5521.00000 0.7284
5522.00000 0.7323
5524.00000 0.7374
5525.00000 0.7423
5527.00000 0.7438
5528.00000 0.7468
5529.00000 0.7498
5531.00000 0.7516
5532.00000 0.753
5533.00000 0.7562
5535.00000 0.7593
5536.00000 0.7643
5537.00000 0.7665
5539.00000 0.7693
5540.00000 0.7732
5542.00000 0.7764
5543.00000 0.7791
5544.00000 0.7842
5546.00000 0.7882
5547.00000 0.7902
5548.00000 0.794
5550.00000 0.7934
5551.00000 0.7957
5552.00000 0.7983
5554.00000 0.8007
5555.00000 0.8027
5557.00000 0.8069
5558.00000 0.808
5559.00000 0.8102
5561.00000 0.8152
5562.00000 0.8202
5563.00000 0.8221
5565.00000 0.8262
5566.00000 0.8291
5567.00000 0.8259
5569.00000 0.8252
5570.00000 0.8275
5572.00000 0.8286
5573.00000 0.8296
5574.00000 0.8353
5576.00000 0.8384
5577.00000 0.8417
5578.00000 0.8457
5580.00000 0.8468
5581.00000 0.8472
5582.00000 0.8436
5584.00000 0.8442
5585.00000 0.8428
5586.00000 0.8457
5588.00000 0.8463
5589.00000 0.8538
5591.00000 0.8575
5592.00000 0.8619
5593.00000 0.8646
5595.00000 0.8659
5596.00000 0.8636
5597.00000 0.8611
5599.00000 0.8604
5600.00000 0.8606
5601.00000 0.8655
5603.00000 0.8692
5604.00000 0.871
5605.00000 0.873
5607.00000 0.8738
5608.00000 0.8744
5609.00000 0.8758
5611.00000 0.8776
5612.00000 0.878
5614.00000 0.8805
5615.00000 0.8806
5616.00000 0.8818
5618.00000 0.8842
5619.00000 0.8864
5620.00000 0.8865
5622.00000 0.8876
5623.00000 0.8871
5624.00000 0.887
5626.00000 0.8848
5627.00000 0.8844
5628.00000 0.886
5630.00000 0.8855
5631.00000 0.8875
5632.00000 0.8884
5634.00000 0.8909
5635.00000 0.8898
5636.00000 0.8918
5638.00000 0.8902
5639.00000 0.8913
5641.00000 0.8879
5642.00000 0.89
5643.00000 0.8921
5645.00000 0.8983
5646.00000 0.9016
5647.00000 0.9063
5649.00000 0.906
5650.00000 0.901
5651.00000 0.8946
5653.00000 0.8926
5654.00000 0.8915
5655.00000 0.8904
5657.00000 0.8963
5658.00000 0.9002
5659.00000 0.9063
5661.00000 0.9099
5662.00000 0.9109
5663.00000 0.9117
5665.00000 0.9145
5666.00000 0.9077
5667.00000 0.9052
5669.00000 0.9001
5670.00000 0.8953
5671.00000 0.8886
5673.00000 0.891
5674.00000 0.8926
5675.00000 0.8976
5677.00000 0.8978
5678.00000 0.9005
5679.00000 0.9026
5681.00000 0.9058
5682.00000 0.9077
5684.00000 0.9081
5685.00000 0.9028
5686.00000 0.9049
5688.00000 0.9027
5689.00000 0.9034
5690.00000 0.9045
5692.00000 0.9117
5693.00000 0.9094
5694.00000 0.9089
5696.00000 0.9058
5697.00000 0.9084
5698.00000 0.9099
5700.00000 0.9065
5988.70020 0.97994
5992.10010 0.97464
5995.60010 0.97458
5999.00000 0.97499
6002.50000 0.97501
6005.89990 0.97492
6009.29980 0.97488
6012.79980 0.97446
6016.20020 0.97418
6019.70020 0.97447
6023.10010 0.97404
6026.60010 0.97403
6030.00000 0.97426
6033.39990 0.97356
6036.89990 0.97227
6040.29980 0.9723
6043.70020 0.97217
6047.20020 0.97139
6050.60010 0.97136
6054.10010 0.972
6057.50000 0.97112
6060.89990 0.97041
6064.39990 0.97022
6067.79980 0.96943
6071.20020 0.96812
6074.70020 0.96793
6078.10010 0.96814
6081.50000 0.96794
6085.00000 0.96732
6088.39990 0.96719
6091.79980 0.96648
6095.29980 0.96541
6098.70020 0.96491
6102.10010 0.96558
6105.60010 0.96533
6109.00000 0.96558
6112.39990 0.96557
6115.79980 0.96502
6119.29980 0.96405
6122.70020 0.96326
6126.10010 0.96202
6129.60010 0.96136
6133.00000 0.9613
6136.39990 0.96157
6139.79980 0.96175
6143.29980 0.96207
6146.70020 0.96262
6150.10010 0.96247
6153.50000 0.96188
6157.00000 0.96231
6160.39990 0.96249
6163.79980 0.96137
6167.20020 0.96076
6170.60010 0.96037
6174.10010 0.95979
6177.50000 0.95981
6180.89990 0.96101
6184.29980 0.96178
6187.79980 0.9631
6191.20020 0.96414
6194.60010 0.96432
6198.00000 0.96424
6201.39990 0.96483
6204.79980 0.96437
6208.29980 0.96431
6211.70020 0.96418
6215.10010 0.96483
6218.50000 0.96498
6221.89990 0.96632
6225.29980 0.96653
6228.79980 0.96786
6232.20020 0.96784
6235.60010 0.96879
6239.00000 0.96855
6242.39990 0.96918
6245.79980 0.96969
6249.20020 0.97064
6252.60010 0.97109
6256.10010 0.97122
6259.50000 0.97136
6262.89990 0.97109
6266.29980 0.97126
6269.70020 0.97143
6273.10010 0.97322
6276.50000 0.97421
6279.89990 0.97522
6283.29980 0.97632
6286.70020 0.97684
6290.10010 0.97637
6293.50000 0.97707
6297.00000 0.97716
6300.39990 0.97707
6303.79980 0.97746
6307.20020 0.97816
6310.60010 0.97858
6314.00000 0.97999
6317.39990 0.98129
6320.79980 0.98197
6324.20020 0.98233
6327.60010 0.9822
6331.00000 0.98207
6334.39990 0.9817
6337.79980 0.98152
6341.20020 0.98209
6344.60010 0.98302
6348.00000 0.98293
6351.39990 0.98304
6354.79980 0.98344
6358.20020 0.98334
6361.60010 0.98347
6365.00000 0.98392
6368.39990 0.98387
6371.79980 0.98338
6375.20020 0.98332
6378.60010 0.98284
6382.00000 0.98291
6385.39990 0.98284
6388.70020 0.98298
6392.10010 0.98346
6395.50000 0.983
6398.89990 0.9822
6402.29980 0.98213
6405.70020 0.9819
6409.10010 0.98134
6412.50000 0.98154
6415.89990 0.98141
6419.29980 0.9811
6422.70020 0.98089
6426.10010 0.98078
6429.39990 0.98035
6432.79980 0.98068
6436.20020 0.98017
6439.60010 0.97987
6443.00000 0.97951
6446.39990 0.97938
6449.79980 0.97854
6453.20020 0.9786
6456.50000 0.97844
6459.89990 0.978
6463.29980 0.97677
6466.70020 0.97604
6470.10010 0.97539
6473.50000 0.97517
6476.79980 0.97473
6480.20020 0.97458
6483.60010 0.97488
6487.00000 0.97447
6490.39990 0.97384
6493.79980 0.97328
6497.10010 0.973
6500.50000 0.97229
6503.89990 0.97224
6507.29980 0.97206
6510.60010 0.97199
6514.00000 0.97213
6517.39990 0.972
6520.79980 0.97172
6524.20020 0.97118
6527.50000 0.97131
6530.89990 0.971
6534.29980 0.97088
6537.70020 0.97076
6541.00000 0.97036
6544.39990 0.96971
6547.79980 0.96929
6551.20020 0.96906
6554.50000 0.96918
6557.89990 0.97001
6561.29980 0.97007
6564.60010 0.9704
6568.00000 0.97088
6571.39990 0.97083
6574.79980 0.97021
6578.10010 0.9699
6581.50000 0.96982
6584.89990 0.96957
6588.20020 0.9697
6591.60010 0.96984
6595.00000 0.97
6598.29980 0.97036
6601.70020 0.97052
6605.10010 0.9701
6608.39990 0.96999
6611.79980 0.97011
6615.20020 0.97029
6618.50000 0.96999
6621.89990 0.96999
6625.29980 0.97022
6628.60010 0.97037
6632.00000 0.97008
6635.29980 0.97023
6638.70020 0.97124
6642.10010 0.9716
6645.39990 0.97179
6648.79980 0.97218
6652.10010 0.97229
6655.50000 0.97188
6658.89990 0.97199
6662.20020 0.97175
6665.60010 0.97155
6668.89990 0.97226
6672.29980 0.97213
6675.70020 0.97209
6679.00000 0.97225
6682.39990 0.9729
6685.70020 0.97265
6689.10010 0.97294
6692.39990 0.9735
6695.79980 0.97417
6699.10010 0.9739
6702.50000 0.97432
6705.89990 0.97474
6709.20020 0.97486
6712.60010 0.97531
6715.89990 0.97582
6719.29980 0.97576
6722.60010 0.97596
6726.00000 0.97593
6729.29980 0.97633
6732.70020 0.97634
6736.00000 0.9764
6739.39990 0.97605
6742.70020 0.97645
6746.10010 0.97631
6749.39990 0.97644
6752.79980 0.97654
6756.10010 0.97701
6759.39990 0.97692
6762.79980 0.97668
6766.10010 0.97663
6769.50000 0.97684
6772.79980 0.97715
6776.20020 0.97724
6779.50000 0.97709
6782.89990 0.97735
6786.20020 0.97805
6789.50000 0.97786
6792.89990 0.97806
6796.20020 0.97861
6799.60010 0.97866
6802.89990 0.97843
6806.20020 0.97843
6809.60010 0.97803
6812.89990 0.97771
6816.29980 0.97728
6819.60010 0.97646
6822.89990 0.97632
6826.29980 0.97669
6829.60010 0.9767
6833.00000 0.97695
6836.29980 0.97745
6839.60010 0.97792
6843.00000 0.97811
6846.29980 0.97807
6849.60010 0.97805
6853.00000 0.97812
6856.29980 0.97789
6859.60010 0.97771
6863.00000 0.97813
6866.29980 0.9782
6869.60010 0.97796
6873.00000 0.97769
6876.29980 0.97713
6879.60010 0.97659
6883.00000 0.97601
6886.29980 0.97576
6889.60010 0.97576
6892.89990 0.97631
6896.29980 0.97638
6899.60010 0.97658
6902.89990 0.97616
6906.20020 0.97582
6909.60010 0.97533
6912.89990 0.97497
6916.20020 0.97492
6919.60010 0.97543
6922.89990 0.97571
6926.20020 0.97554
6929.50000 0.97563
6932.89990 0.9754
6936.20020 0.97479
6939.50000 0.97417
6942.79980 0.97403
6946.10010 0.97368
6949.50000 0.97371
6952.79980 0.97427
6956.10010 0.97489
6959.39990 0.97519
6962.70020 0.97494
6966.10010 0.97458
6969.39990 0.97395
6972.70020 0.97431
6976.00000 0.97443
6979.29980 0.97454
6982.70020 0.97466
6986.00000 0.97471
6989.29980 0.97366
6992.60010 0.97303
6995.89990 0.97305
6999.20020 0.97241
7002.50000 0.97264
7005.89990 0.97322
7009.20020 0.97322
7012.50000 0.97331
7015.79980 0.97375
7019.10010 0.97324
7022.39990 0.97229
7025.70020 0.97172
7029.00000 0.97152
7032.39990 0.97111
7035.70020 0.97101
7039.00000 0.97113
7042.29980 0.97127
7045.60010 0.97133
7048.89990 0.97151
7052.20020 0.97115
7055.50000 0.97083
7058.79980 0.97082
7062.10010 0.97019
7065.39990 0.96986
7068.70020 0.97003
7072.00000 0.97015
7075.39990 0.96967
7078.70020 0.96919
7082.00000 0.96887
7085.29980 0.96848
7088.60010 0.96823
7091.89990 0.96808
7095.20020 0.96817
7098.50000 0.96809
7101.79980 0.96802
7105.10010 0.96764
7108.39990 0.96735
7111.70020 0.96753
7115.00000 0.9672
7118.29980 0.96701
7121.60010 0.96659
7124.89990 0.96642
7128.20020 0.96574
7131.50000 0.96592
7134.79980 0.966
7138.10010 0.96605
7141.39990 0.9665
7144.70020 0.96623
7148.00000 0.96591
7151.20020 0.96508
7154.50000 0.96499
7157.79980 0.96441
7161.10010 0.96483
7164.39990 0.96436
7167.70020 0.96472
7171.00000 0.9645
7174.29980 0.96426
7177.60010 0.96348
7180.89990 0.96382
7184.20020 0.96377
7187.50000 0.96364
7190.79980 0.96385
7194.00000 0.96392
7197.29980 0.96339
7200.60010 0.9631
7203.89990 0.96281
7207.20020 0.96166
7210.50000 0.96182
7213.79980 0.96202
7217.10010 0.96146
7220.29980 0.96128
7223.60010 0.96176
7226.89990 0.96159
7230.20020 0.96134
7233.50000 0.96128
7236.79980 0.96117
7240.00000 0.96074
7243.29980 0.9603
7246.60010 0.96003
7249.89990 0.96012
7253.20020 0.95983
7256.50000 0.96008
7259.70020 0.95978
7263.00000 0.95975
7266.29980 0.95982
7269.60010 0.96006
7272.89990 0.95998
7276.10010 0.96069
7279.39990 0.96103
7282.70020 0.96062
7286.00000 0.96048
7289.20020 0.96095
7292.50000 0.96057
7295.79980 0.96012
7299.10010 0.96057
7302.29980 0.96055
7305.60010 0.96013
7308.89990 0.96009
7312.20020 0.96003
7315.39990 0.95984
7318.70020 0.95994
7322.00000 0.9602
7325.29980 0.96027
7328.50000 0.96031
7331.79980 0.96067
7335.10010 0.96083
7338.29980 0.96072
7341.60010 0.96095
7344.89990 0.96162
7348.10010 0.96194
7351.39990 0.96217
7354.70020 0.9627
7357.89990 0.96283
7361.20020 0.96312
7364.50000 0.96258
7367.70020 0.96284
7371.00000 0.96238
7374.29980 0.96276
7377.50000 0.96292
7380.79980 0.96358
7384.10010 0.96372
7387.29980 0.96395
7390.60010 0.96361
7393.89990 0.96317
7397.10010 0.96357
7400.39990 0.96346
7403.60010 0.96394
7406.89990 0.96441
7410.20020 0.96467
7413.39990 0.96425
7416.70020 0.96415
7419.89990 0.9642
7423.20020 0.96437
7426.50000 0.96439
7429.70020 0.96441
7433.00000 0.96492
7436.20020 0.9654
7439.50000 0.96482
7442.79980 0.96464
7446.00000 0.96509
7449.29980 0.96514
7452.50000 0.96453
7455.79980 0.96483
7459.00000 0.96511
7462.29980 0.96474
7465.50000 0.96425
7468.79980 0.96431
7472.00000 0.96452
7475.29980 0.96468
7478.50000 0.9645
7481.79980 0.96473
7485.00000 0.96403
7488.29980 0.96335
7491.50000 0.96235
7494.79980 0.96253
7498.00000 0.96248
7501.29980 0.96297
7504.50000 0.96308
7507.79980 0.9638
7511.00000 0.96314
7514.29980 0.96295
7517.50000 0.96286
7520.79980 0.96254
7524.00000 0.96158
7527.29980 0.96128
7530.50000 0.9608
7533.70020 0.96032
7537.00000 0.96022
7540.20020 0.96016
7543.50000 0.96053
7546.70020 0.96056
7550.00000 0.96058
7553.20020 0.96054
