threeML/data/optical_filters/LCO/IMACS-WB3600.ecsv
# %ECSV 0.9
# ---
# datatype:
# - {name: wavelength, unit: Angstrom, datatype: float32}
# - {name: response, datatype: float32}
# meta: !!omap
# - {band_name: WB3600}
# - {group_name: IMACS}
wavelength response
3560.00000 0.0
3569.00000 0.2898
3571.00000 0.2854
3572.00000 0.2843
3574.00000 0.2814
3576.00000 0.2846
3577.00000 0.2822
3579.00000 0.2875
3581.00000 0.2867
3582.00000 0.2859
3584.00000 0.2981
3586.00000 0.3175
3587.00000 0.3259
3589.00000 0.3449
3590.00000 0.3659
3592.00000 0.3774
3594.00000 0.3841
3595.00000 0.4001
3597.00000 0.4005
3599.00000 0.396
3600.00000 0.3862
3602.00000 0.3823
3604.00000 0.3924
3605.00000 0.4097
3607.00000 0.4379
3609.00000 0.4707
3610.00000 0.4946
3612.00000 0.5039
3613.00000 0.5199
3615.00000 0.5413
3617.00000 0.5643
3618.00000 0.5945
3620.00000 0.6214
3622.00000 0.6429
3623.00000 0.6545
3625.00000 0.6616
3627.00000 0.6733
3628.00000 0.6904
3630.00000 0.7028
3632.00000 0.7153
3633.00000 0.7295
3635.00000 0.7426
3636.00000 0.7446
3638.00000 0.7663
3640.00000 0.7768
3641.00000 0.79
3643.00000 0.7889
3645.00000 0.7966
3646.00000 0.7886
3648.00000 0.7884
3650.00000 0.7839
3651.00000 0.7836
3653.00000 0.7794
3654.00000 0.7775
3656.00000 0.7801
3658.00000 0.7771
3659.00000 0.7742
3661.00000 0.781
3663.00000 0.7859
3664.00000 0.7828
3666.00000 0.7832
3668.00000 0.7884
3669.00000 0.7873
3671.00000 0.7871
3672.00000 0.789
3674.00000 0.7929
3676.00000 0.7943
3677.00000 0.795
3679.00000 0.799
3681.00000 0.805
3682.00000 0.8123
3684.00000 0.8126
3686.00000 0.8139
3687.00000 0.8132
3689.00000 0.8108
3690.00000 0.8058
3692.00000 0.811
3694.00000 0.8163
3695.00000 0.8271
3697.00000 0.8337
3699.00000 0.8436
3700.00000 0.8466
3702.00000 0.8507
3703.00000 0.8456
3705.00000 0.8473
3707.00000 0.8429
3708.00000 0.8423
3710.00000 0.8402
3712.00000 0.8403
3713.00000 0.8406
3715.00000 0.8418
3717.00000 0.8406
3718.00000 0.8396
3720.00000 0.8398
3721.00000 0.841
3723.00000 0.8417
3725.00000 0.8459
3726.00000 0.8485
3728.00000 0.8488
3730.00000 0.8442
3731.00000 0.8412
3733.00000 0.8337
3734.00000 0.8275
3736.00000 0.8253
3738.00000 0.8251
3739.00000 0.8228
3741.00000 0.8276
3743.00000 0.8282
3744.00000 0.827
3746.00000 0.8244
3747.00000 0.8272
3749.00000 0.8263
3751.00000 0.8262
3752.00000 0.8251
3754.00000 0.8263
3756.00000 0.8269
3757.00000 0.8273
3759.00000 0.8336
3760.00000 0.8339
3762.00000 0.8366
3764.00000 0.8363
3765.00000 0.8367
3767.00000 0.8343
3769.00000 0.8375
3770.00000 0.8357
3772.00000 0.8393
3773.00000 0.8407
3775.00000 0.8443
3777.00000 0.8479
3778.00000 0.8522
3780.00000 0.8552
3781.00000 0.8555
3783.00000 0.854
3785.00000 0.8504
3786.00000 0.851
3788.00000 0.8497
3790.00000 0.8521
3791.00000 0.8555
3793.00000 0.8586
3794.00000 0.8587
3796.00000 0.8582
3798.00000 0.8585
3799.00000 0.8591
3801.00000 0.8616
3803.00000 0.8609
3804.00000 0.8604
3806.00000 0.8576
3807.00000 0.852
3809.00000 0.849
3811.00000 0.8496
3812.00000 0.8494
3814.00000 0.8497
3815.00000 0.8507
3817.00000 0.8497
3819.00000 0.8468
3820.00000 0.8438
3822.00000 0.8421
3824.00000 0.8419
3825.00000 0.8408
3827.00000 0.84
3828.00000 0.8379
3830.00000 0.8369
3832.00000 0.833
3833.00000 0.8311
3835.00000 0.8291
3836.00000 0.8298
3838.00000 0.8275
3840.00000 0.8278
3841.00000 0.8294
3843.00000 0.8291
3845.00000 0.8276
3846.00000 0.8302
3848.00000 0.8302
3849.00000 0.8284
3851.00000 0.8279
3853.00000 0.829
3854.00000 0.8268
3856.00000 0.8277
3857.00000 0.8287
3859.00000 0.8296
3861.00000 0.8318
3862.00000 0.8328
3864.00000 0.8339
3865.00000 0.8361
3867.00000 0.8379
3869.00000 0.8403
3870.00000 0.8434
3872.00000 0.8455
3873.00000 0.8479
3875.00000 0.8516
3877.00000 0.852
3878.00000 0.8536
3880.00000 0.8562
3882.00000 0.8559
3883.00000 0.8557
3885.00000 0.8588
3886.00000 0.8606
3888.00000 0.8611
3890.00000 0.8622
3891.00000 0.8643
3893.00000 0.8639
3894.00000 0.8645
3896.00000 0.8645
3898.00000 0.8662
3899.00000 0.8657
3901.00000 0.8651
3902.00000 0.8656
3904.00000 0.8673
3906.00000 0.8665
3907.00000 0.8661
3909.00000 0.8655
3910.00000 0.8636
3912.00000 0.8613
3914.00000 0.8573
3915.00000 0.8566
3917.00000 0.8556
3918.00000 0.8548
3920.00000 0.8541
3922.00000 0.8553
3923.00000 0.8542
3925.00000 0.8531
3926.00000 0.8505
3928.00000 0.8497
3930.00000 0.849
3931.00000 0.8473
3933.00000 0.8462
3934.00000 0.8442
3936.00000 0.8435
3938.00000 0.8413
3939.00000 0.8422
3941.00000 0.8403
3942.00000 0.8417
3944.00000 0.8401
3946.00000 0.8412
3947.00000 0.8382
3949.00000 0.8385
3950.00000 0.8372
3952.00000 0.8358
3954.00000 0.834
3955.00000 0.8352
3957.00000 0.8341
3958.00000 0.8349
3960.00000 0.8347
3962.00000 0.834
3963.00000 0.8329
3965.00000 0.8346
3966.00000 0.8343
3968.00000 0.836
3970.00000 0.8381
3971.00000 0.8397
3973.00000 0.8399
3974.00000 0.8425
3976.00000 0.8434
3978.00000 0.8452
3979.00000 0.8471
3981.00000 0.8497
3982.00000 0.8506
3984.00000 0.8529
3985.00000 0.8542
3987.00000 0.8574
3989.00000 0.8591
3990.00000 0.8613
3992.00000 0.8638
3993.00000 0.8672
3995.00000 0.8682
3997.00000 0.8711
3998.00000 0.8737
4000.00000 0.8766
4001.00000 0.8797
4003.00000 0.8831
4005.00000 0.8855
4006.00000 0.8888
4008.00000 0.8898
4009.00000 0.8916
4011.00000 0.893
4013.00000 0.8946
4014.00000 0.8961
4016.00000 0.8995
4017.00000 0.9014
4019.00000 0.9041
4020.00000 0.9067
4022.00000 0.9081
4024.00000 0.9087
4025.00000 0.9106
4027.00000 0.911
4028.00000 0.9126
4030.00000 0.9123
4032.00000 0.9137
4033.00000 0.9138
4035.00000 0.915
4036.00000 0.9149
4038.00000 0.9172
4039.00000 0.9174
4041.00000 0.918
4043.00000 0.9183
4044.00000 0.9184
4046.00000 0.9181
4047.00000 0.9183
4049.00000 0.9176
4051.00000 0.9168
4052.00000 0.9159
4054.00000 0.915
4055.00000 0.9126
4057.00000 0.9117
4058.00000 0.9116
4060.00000 0.9109
4062.00000 0.9092
4063.00000 0.9095
4065.00000 0.908
4066.00000 0.9045
4068.00000 0.9027
4070.00000 0.9016
4071.00000 0.8997
4073.00000 0.8988
4074.00000 0.8986
4076.00000 0.8966
4077.00000 0.8962
4079.00000 0.894
4081.00000 0.8927
4082.00000 0.8909
4084.00000 0.889
4085.00000 0.8877
4087.00000 0.887
4089.00000 0.8853
4090.00000 0.8846
4092.00000 0.8846
4093.00000 0.8826
4095.00000 0.8824
4096.00000 0.8818
4098.00000 0.8817
4100.00000 0.8807
4101.00000 0.8807
4103.00000 0.879
4104.00000 0.8773
4106.00000 0.8766
4107.00000 0.8767
4109.00000 0.876
4111.00000 0.8773
4112.00000 0.8783
4114.00000 0.878
4115.00000 0.8782
4117.00000 0.8783
4118.00000 0.8784
4120.00000 0.8785
4122.00000 0.8787
4123.00000 0.8788
4125.00000 0.8788
4126.00000 0.8784
4128.00000 0.8799
4129.00000 0.879
4131.00000 0.8795
4133.00000 0.8805
4134.00000 0.881
4136.00000 0.8811
4137.00000 0.8833
4139.00000 0.8841
4140.00000 0.8854
4142.00000 0.8861
4144.00000 0.8867
4145.00000 0.8886
4147.00000 0.8908
4148.00000 0.8928
4150.00000 0.8955
4151.00000 0.898
4153.00000 0.8993
4155.00000 0.9006
4156.00000 0.9018
4158.00000 0.9038
4159.00000 0.905
4161.00000 0.9064
4162.00000 0.9081
4164.00000 0.909
4166.00000 0.9099
4167.00000 0.9119
4169.00000 0.9135
4170.00000 0.9139
4172.00000 0.9145
4173.00000 0.9153
4175.00000 0.9165
4177.00000 0.918
4178.00000 0.92
4180.00000 0.9222
4181.00000 0.9245
4183.00000 0.9253
4184.00000 0.9268
4186.00000 0.9274
4187.00000 0.9293
4189.00000 0.9298
4191.00000 0.931
4192.00000 0.9316
4194.00000 0.9328
4195.00000 0.9335
4197.00000 0.9347
4198.00000 0.9348
4200.00000 0.9346
4202.00000 0.9354
4203.00000 0.9357
4205.00000 0.9362
4206.00000 0.9376
4208.00000 0.9392
4209.00000 0.9394
4211.00000 0.9403
4213.00000 0.9397
4214.00000 0.9391
4216.00000 0.9379
4217.00000 0.9383
4219.00000 0.9373
4220.00000 0.938
4222.00000 0.9385
4223.00000 0.9387
4225.00000 0.9373
4227.00000 0.9374
4228.00000 0.9369
4230.00000 0.9371
4231.00000 0.9376
4233.00000 0.9372
4234.00000 0.9364
4236.00000 0.9362
4237.00000 0.9352
4239.00000 0.9345
4241.00000 0.9351
4242.00000 0.9349
4244.00000 0.9332
4245.00000 0.9329
4247.00000 0.9326
4248.00000 0.9323
4250.00000 0.9321
4251.00000 0.9317
4253.00000 0.9307
4255.00000 0.9293
4256.00000 0.928
4258.00000 0.9283
4259.00000 0.9289
4261.00000 0.9293
4262.00000 0.9299
4264.00000 0.93
4265.00000 0.9294
4267.00000 0.9291
4269.00000 0.9284
4270.00000 0.9291
4272.00000 0.9283
4273.00000 0.9283
4275.00000 0.9284
4276.00000 0.9283
4278.00000 0.9274
4279.00000 0.9283
4281.00000 0.9281
4283.00000 0.9284
4284.00000 0.9285
4286.00000 0.9292
4287.00000 0.9304
4289.00000 0.9298
4290.00000 0.9301
4292.00000 0.9303
4293.00000 0.93
4295.00000 0.9297
4296.00000 0.9308
4298.00000 0.931
4300.00000 0.9325
4301.00000 0.9333
4303.00000 0.9335
4304.00000 0.9342
4306.00000 0.9342
4307.00000 0.9347
4309.00000 0.9349
4310.00000 0.9354
4312.00000 0.9356
4314.00000 0.9362
4315.00000 0.9373
4317.00000 0.9381
4318.00000 0.939
4320.00000 0.9392
4321.00000 0.9402
4323.00000 0.9395
4324.00000 0.9393
4326.00000 0.94
4327.00000 0.9412
4329.00000 0.9415
4331.00000 0.9421
4332.00000 0.9431
4334.00000 0.9432
4335.00000 0.9434
4337.00000 0.9442
4338.00000 0.9452
4340.00000 0.9457
4341.00000 0.9464
4343.00000 0.9468
4344.00000 0.947
4346.00000 0.9467
4347.00000 0.9463
4349.00000 0.9462
4351.00000 0.9464
4352.00000 0.9459
4354.00000 0.946
4355.00000 0.9465
4357.00000 0.9468
4358.00000 0.9472
4360.00000 0.9477
4361.00000 0.9477
4363.00000 0.9479
4364.00000 0.9469
4366.00000 0.9468
4368.00000 0.947
4369.00000 0.9475
4371.00000 0.9477
4372.00000 0.9485
4374.00000 0.9487
4375.00000 0.948
4377.00000 0.9474
4378.00000 0.9467
4380.00000 0.9468
4381.00000 0.9464
4383.00000 0.9464
4384.00000 0.9463
4386.00000 0.9462
4388.00000 0.9463
4389.00000 0.9459
4391.00000 0.9456
4392.00000 0.9456
4394.00000 0.9461
4395.00000 0.9451
4397.00000 0.9454
4398.00000 0.9458
4400.00000 0.9461
4401.00000 0.9458
4403.00000 0.946
4404.00000 0.9456
4406.00000 0.9456
4407.00000 0.9452
4409.00000 0.9449
4411.00000 0.9454
4412.00000 0.9459
4414.00000 0.9456
4415.00000 0.946
4417.00000 0.9461
4418.00000 0.946
4420.00000 0.9458
4421.00000 0.9464
4423.00000 0.9458
4424.00000 0.9465
4426.00000 0.9464
4427.00000 0.9467
4429.00000 0.947
4430.00000 0.9476
4432.00000 0.9481
4434.00000 0.9484
4435.00000 0.9482
4437.00000 0.9488
4438.00000 0.9492
4440.00000 0.9485
4441.00000 0.9487
4443.00000 0.949
4444.00000 0.9489
4446.00000 0.9496
4447.00000 0.9507
4449.00000 0.9509
4450.00000 0.9513
4452.00000 0.9515
4453.00000 0.9516
4455.00000 0.9519
4456.00000 0.9528
4458.00000 0.9537
4459.00000 0.9546
4461.00000 0.9546
4463.00000 0.955
4464.00000 0.9552
4466.00000 0.9557
4467.00000 0.956
4469.00000 0.9567
4470.00000 0.9568
4472.00000 0.9566
4473.00000 0.9564
4475.00000 0.9563
4476.00000 0.9567
4478.00000 0.9573
4479.00000 0.9583
4481.00000 0.959
4482.00000 0.9593
4484.00000 0.9598
4485.00000 0.96
4487.00000 0.9594
4488.00000 0.9596
4490.00000 0.96
4491.00000 0.9601
4493.00000 0.9598
4495.00000 0.9602
4496.00000 0.96
4498.00000 0.9594
4499.00000 0.9591
4501.00000 0.9591
4502.00000 0.9589
4504.00000 0.9589
4505.00000 0.959
4507.00000 0.9591
4508.00000 0.9597
4510.00000 0.9598
4511.00000 0.9604
4513.00000 0.961
4514.00000 0.9603
4516.00000 0.9594
4517.00000 0.9589
4519.00000 0.958
4520.00000 0.957
4522.00000 0.9568
4523.00000 0.9565
4525.00000 0.9557
4526.00000 0.9554
4528.00000 0.9548
4529.00000 0.9549
4531.00000 0.9547
4532.00000 0.955
4534.00000 0.9544
4536.00000 0.9548
4537.00000 0.9537
4539.00000 0.9528
4540.00000 0.9524
4542.00000 0.953
4543.00000 0.9522
4545.00000 0.9514
4546.00000 0.951
4548.00000 0.9512
4549.00000 0.9496
4551.00000 0.9485
4552.00000 0.9489
4554.00000 0.948
4555.00000 0.9464
4557.00000 0.9464
4558.00000 0.9462
4560.00000 0.9452
4561.00000 0.9452
4563.00000 0.9449
4564.00000 0.9446
4566.00000 0.9447
4567.00000 0.9448
4569.00000 0.9448
4570.00000 0.9448
4572.00000 0.9443
4573.00000 0.9442
4575.00000 0.9441
4576.00000 0.9441
4578.00000 0.944
4579.00000 0.944
4581.00000 0.9435
4582.00000 0.9435
4584.00000 0.9444
4585.00000 0.9447
4587.00000 0.9455
4588.00000 0.9466
4590.00000 0.9469
4591.00000 0.9463
4593.00000 0.9466
4594.00000 0.9466
4596.00000 0.9464
4597.00000 0.9469
4599.00000 0.947
4600.00000 0.9466
4602.00000 0.9468
4603.00000 0.9473
4605.00000 0.9477
4606.00000 0.9478
4608.00000 0.9488
4610.00000 0.9494
4611.00000 0.9492
4613.00000 0.9496
4614.00000 0.9502
4616.00000 0.9512
4617.00000 0.9518
4619.00000 0.953
4620.00000 0.9533
4622.00000 0.954
4623.00000 0.9541
4625.00000 0.954
4626.00000 0.9541
4628.00000 0.9547
4629.00000 0.9551
4631.00000 0.9557
4632.00000 0.9563
4634.00000 0.9569
4635.00000 0.9571
4637.00000 0.9575
4638.00000 0.9579
4640.00000 0.9586
4641.00000 0.9588
4643.00000 0.9594
4644.00000 0.9598
4646.00000 0.9592
4647.00000 0.959
4649.00000 0.9596
4650.00000 0.9601
4652.00000 0.9609
4653.00000 0.9617
4655.00000 0.9615
4656.00000 0.9617
4658.00000 0.9614
4659.00000 0.9606
4661.00000 0.9607
4662.00000 0.9616
4664.00000 0.9618
4665.00000 0.9618
4667.00000 0.9615
4668.00000 0.9614
4670.00000 0.9615
4671.00000 0.9611
4673.00000 0.9621
4674.00000 0.9627
4675.00000 0.9631
4677.00000 0.9629
4678.00000 0.963
4680.00000 0.9626
4681.00000 0.9622
4683.00000 0.9617
4684.00000 0.9613
4686.00000 0.9605
4687.00000 0.9601
4689.00000 0.9604
4690.00000 0.9602
4692.00000 0.9602
4693.00000 0.9602
4695.00000 0.9595
4696.00000 0.9589
4698.00000 0.9584
4699.00000 0.9579
4701.00000 0.9578
4702.00000 0.9578
4704.00000 0.9573
4705.00000 0.9577
4707.00000 0.9579
4708.00000 0.9573
4710.00000 0.957
4711.00000 0.9568
4713.00000 0.9559
4714.00000 0.9544
4716.00000 0.9545
4717.00000 0.9541
4719.00000 0.9537
4720.00000 0.9537
4722.00000 0.9543
4723.00000 0.9542
4725.00000 0.954
4726.00000 0.9536
4728.00000 0.9533
4729.00000 0.9527
4731.00000 0.9523
4732.00000 0.9522
4734.00000 0.9518
4735.00000 0.9519
4737.00000 0.9519
4738.00000 0.9516
4740.00000 0.9514
4741.00000 0.9514
4743.00000 0.9503
4744.00000 0.9498
4746.00000 0.9498
4747.00000 0.9494
4748.00000 0.9496
4750.00000 0.9503
4751.00000 0.9504
4753.00000 0.9508
4754.00000 0.9509
4756.00000 0.9505
4757.00000 0.9498
4759.00000 0.9499
4760.00000 0.9494
4762.00000 0.9491
4763.00000 0.9489
4765.00000 0.9507
4766.00000 0.9505
4768.00000 0.95
4769.00000 0.95
4771.00000 0.95
4772.00000 0.9494
4774.00000 0.9493
4775.00000 0.9508
4777.00000 0.9522
4778.00000 0.9515
4780.00000 0.9498
4781.00000 0.9514
4783.00000 0.9502
4784.00000 0.9491
4786.00000 0.9501
4787.00000 0.9512
4788.00000 0.95
4790.00000 0.9517
4791.00000 0.9512
4793.00000 0.9518
4794.00000 0.9522
4796.00000 0.9526
4797.00000 0.9521
4799.00000 0.9531
4800.00000 0.9529
4802.00000 0.9524
4803.00000 0.9529
4805.00000 0.953
4806.00000 0.9538
4808.00000 0.9539
4809.00000 0.9538
4811.00000 0.9542
4812.00000 0.9533
4814.00000 0.9533
4815.00000 0.9537
4817.00000 0.9544
4818.00000 0.9531
4819.00000 0.9532
4821.00000 0.9532
4822.00000 0.9529
4824.00000 0.9532
4825.00000 0.9537
4827.00000 0.9542
4828.00000 0.954
4830.00000 0.9542
4831.00000 0.9541
4833.00000 0.9546
4834.00000 0.954
4836.00000 0.9538
4837.00000 0.9534
4839.00000 0.9525
4840.00000 0.9515
4842.00000 0.9514
4843.00000 0.9512
4845.00000 0.9512
4846.00000 0.9516
4847.00000 0.9516
4849.00000 0.9515
4850.00000 0.9513
4852.00000 0.9507
4853.00000 0.9504
4855.00000 0.9503
4856.00000 0.9496
4858.00000 0.9488
4859.00000 0.9484
4861.00000 0.9471
4862.00000 0.9461
4864.00000 0.9452
4865.00000 0.944
4867.00000 0.9434
4868.00000 0.9425
4869.00000 0.9418
4871.00000 0.9414
4872.00000 0.9407
4874.00000 0.9398
4875.00000 0.9397
4877.00000 0.939
4878.00000 0.9382
4880.00000 0.9374
4881.00000 0.9363
4883.00000 0.935
4884.00000 0.9343
4886.00000 0.9332
4887.00000 0.9324
4889.00000 0.9318
4890.00000 0.9309
4891.00000 0.9298
4893.00000 0.929
4894.00000 0.9281
4896.00000 0.9268
4897.00000 0.9259
4899.00000 0.9249
4900.00000 0.9238
4902.00000 0.9228
4903.00000 0.9223
4905.00000 0.9215
4906.00000 0.9208
4908.00000 0.9197
4909.00000 0.919
4910.00000 0.9175
4912.00000 0.9161
4913.00000 0.915
4915.00000 0.9139
4916.00000 0.9125
4918.00000 0.9118
4919.00000 0.9109
4921.00000 0.9096
4922.00000 0.9084
4924.00000 0.9078
4925.00000 0.907
4927.00000 0.9062
4928.00000 0.9058
4929.00000 0.9054
4931.00000 0.9048
4932.00000 0.9043
4934.00000 0.9039
4935.00000 0.9036
4937.00000 0.9032
4938.00000 0.9023
4940.00000 0.9015
4941.00000 0.901
4943.00000 0.9003
4944.00000 0.9003
4945.00000 0.9002
4947.00000 0.9
4948.00000 0.8999
4950.00000 0.8998
4951.00000 0.8993
4953.00000 0.8989
4954.00000 0.8986
