threeML/data/optical_filters/LCO/IMACS-WB3800.ecsv
# %ECSV 0.9
# ---
# datatype:
# - {name: wavelength, unit: Angstrom, datatype: float32}
# - {name: response, datatype: float32}
# meta: !!omap
# - {band_name: WB3800}
# - {group_name: IMACS}
wavelength response
3790.00000 0.0
3799.00000 0.056
3801.00000 0.0552
3803.00000 0.0569
3804.00000 0.06
3806.00000 0.0622
3807.00000 0.0655
3809.00000 0.0697
3811.00000 0.0733
3812.00000 0.0774
3814.00000 0.0824
3815.00000 0.0869
3817.00000 0.0891
3819.00000 0.0906
3820.00000 0.0963
3822.00000 0.1023
3824.00000 0.1104
3825.00000 0.1217
3827.00000 0.1381
3828.00000 0.1475
3830.00000 0.16
3832.00000 0.1764
3833.00000 0.1951
3835.00000 0.2122
3836.00000 0.2367
3838.00000 0.2624
3840.00000 0.2889
3841.00000 0.3152
3843.00000 0.3428
3845.00000 0.3713
3846.00000 0.4021
3848.00000 0.4319
3849.00000 0.463
3851.00000 0.4928
3853.00000 0.52
3854.00000 0.5454
3856.00000 0.5692
3857.00000 0.59
3859.00000 0.6097
3861.00000 0.6238
3862.00000 0.6349
3864.00000 0.6475
3865.00000 0.6562
3867.00000 0.6641
3869.00000 0.6749
3870.00000 0.6829
3872.00000 0.6889
3873.00000 0.6934
3875.00000 0.6973
3877.00000 0.6991
3878.00000 0.7044
3880.00000 0.7094
3882.00000 0.715
3883.00000 0.7194
3885.00000 0.7242
3886.00000 0.7279
3888.00000 0.7297
3890.00000 0.7311
3891.00000 0.7359
3893.00000 0.7376
3894.00000 0.7369
3896.00000 0.7382
3898.00000 0.7412
3899.00000 0.7424
3901.00000 0.7457
3902.00000 0.7487
3904.00000 0.7534
3906.00000 0.7555
3907.00000 0.7592
3909.00000 0.7637
3910.00000 0.7672
3912.00000 0.7695
3914.00000 0.7751
3915.00000 0.78
3917.00000 0.7826
3918.00000 0.7868
3920.00000 0.7907
3922.00000 0.7922
3923.00000 0.794
3925.00000 0.7974
3926.00000 0.8002
3928.00000 0.803
3930.00000 0.8082
3931.00000 0.8115
3933.00000 0.8158
3934.00000 0.8213
3936.00000 0.8256
3938.00000 0.829
3939.00000 0.833
3941.00000 0.8368
3942.00000 0.8408
3944.00000 0.8437
3946.00000 0.8458
3947.00000 0.8496
3949.00000 0.8508
3950.00000 0.8522
3952.00000 0.8545
3954.00000 0.8571
3955.00000 0.8605
3957.00000 0.864
3958.00000 0.8661
3960.00000 0.8692
3962.00000 0.871
3963.00000 0.8711
3965.00000 0.8722
3966.00000 0.8735
3968.00000 0.8739
3970.00000 0.875
3971.00000 0.8755
3973.00000 0.8775
3974.00000 0.8778
3976.00000 0.8801
3978.00000 0.8825
3979.00000 0.8822
3981.00000 0.8811
3982.00000 0.8816
3984.00000 0.8804
3985.00000 0.8797
3987.00000 0.8799
3989.00000 0.8794
3990.00000 0.8789
3992.00000 0.8791
3993.00000 0.8789
3995.00000 0.8803
3997.00000 0.88
3998.00000 0.8808
4000.00000 0.8807
4001.00000 0.8821
4003.00000 0.8827
4005.00000 0.8841
4006.00000 0.8842
4008.00000 0.8858
4009.00000 0.8869
4011.00000 0.8877
4013.00000 0.8901
4014.00000 0.893
4016.00000 0.8953
4017.00000 0.8968
4019.00000 0.898
4020.00000 0.8993
4022.00000 0.9008
4024.00000 0.9016
4025.00000 0.9025
4027.00000 0.9032
4028.00000 0.9053
4030.00000 0.9064
4032.00000 0.908
4033.00000 0.9096
4035.00000 0.9121
4036.00000 0.9121
4038.00000 0.9126
4039.00000 0.913
4041.00000 0.9141
4043.00000 0.9144
4044.00000 0.9164
4046.00000 0.9167
4047.00000 0.9178
4049.00000 0.9196
4051.00000 0.9212
4052.00000 0.9214
4054.00000 0.9233
4055.00000 0.9243
4057.00000 0.9235
4058.00000 0.9232
4060.00000 0.9239
4062.00000 0.9235
4063.00000 0.9233
4065.00000 0.9238
4066.00000 0.9225
4068.00000 0.9218
4070.00000 0.9234
4071.00000 0.9233
4073.00000 0.9227
4074.00000 0.9238
4076.00000 0.9241
4077.00000 0.9226
4079.00000 0.9227
4081.00000 0.9223
4082.00000 0.9232
4084.00000 0.9224
4085.00000 0.9224
4087.00000 0.9229
4089.00000 0.9242
4090.00000 0.9234
4092.00000 0.9237
4093.00000 0.9243
4095.00000 0.9242
4096.00000 0.9228
4098.00000 0.923
4100.00000 0.9234
4101.00000 0.9223
4103.00000 0.9226
4104.00000 0.9235
4106.00000 0.9227
4107.00000 0.9216
4109.00000 0.9221
4111.00000 0.9209
4112.00000 0.9195
4114.00000 0.9202
4115.00000 0.9205
4117.00000 0.9201
4118.00000 0.9199
4120.00000 0.9209
4122.00000 0.9205
4123.00000 0.9206
4125.00000 0.9209
4126.00000 0.9211
4128.00000 0.9206
4129.00000 0.9203
4131.00000 0.9195
4133.00000 0.9186
4134.00000 0.9181
4136.00000 0.918
4137.00000 0.9181
4139.00000 0.9182
4140.00000 0.9193
4142.00000 0.9199
4144.00000 0.9195
4145.00000 0.9202
4147.00000 0.9211
4148.00000 0.9215
4150.00000 0.9214
4151.00000 0.9222
4153.00000 0.9222
4155.00000 0.9224
4156.00000 0.9212
4158.00000 0.9216
4159.00000 0.9218
4161.00000 0.922
4162.00000 0.9229
4164.00000 0.9249
4166.00000 0.9263
4167.00000 0.927
4169.00000 0.9277
4170.00000 0.9276
4172.00000 0.928
4173.00000 0.9284
4175.00000 0.9291
4177.00000 0.9295
4178.00000 0.9302
4180.00000 0.9306
4181.00000 0.9298
4183.00000 0.9304
4184.00000 0.9303
4186.00000 0.9303
4187.00000 0.9313
4189.00000 0.9334
4191.00000 0.934
4192.00000 0.9353
4194.00000 0.937
4195.00000 0.9373
4197.00000 0.9363
4198.00000 0.9368
4200.00000 0.9372
4202.00000 0.9369
4203.00000 0.9382
4205.00000 0.9392
4206.00000 0.9396
4208.00000 0.94
4209.00000 0.941
4211.00000 0.94
4213.00000 0.9403
4214.00000 0.9407
4216.00000 0.9414
4217.00000 0.9415
4219.00000 0.9418
4220.00000 0.9426
4222.00000 0.9424
4223.00000 0.9422
4225.00000 0.942
4227.00000 0.9421
4228.00000 0.9421
4230.00000 0.9425
4231.00000 0.943
4233.00000 0.944
4234.00000 0.9443
4236.00000 0.9438
4237.00000 0.944
4239.00000 0.9433
4241.00000 0.9425
4242.00000 0.9422
4244.00000 0.9412
4245.00000 0.9406
4247.00000 0.9402
4248.00000 0.9397
4250.00000 0.9403
4251.00000 0.9411
4253.00000 0.9404
4255.00000 0.9401
4256.00000 0.9394
4258.00000 0.9382
4259.00000 0.9372
4261.00000 0.9365
4262.00000 0.9356
4264.00000 0.935
4265.00000 0.9342
4267.00000 0.9336
4269.00000 0.934
4270.00000 0.9347
4272.00000 0.9341
4273.00000 0.9342
4275.00000 0.9344
4276.00000 0.9336
4278.00000 0.933
4279.00000 0.9325
4281.00000 0.9319
4283.00000 0.9308
4284.00000 0.9306
4286.00000 0.9292
4287.00000 0.9298
4289.00000 0.9291
4290.00000 0.9295
4292.00000 0.9295
4293.00000 0.9294
4295.00000 0.929
4296.00000 0.9292
4298.00000 0.9286
4300.00000 0.9281
4301.00000 0.9282
4303.00000 0.9274
4304.00000 0.9273
4306.00000 0.9272
4307.00000 0.9275
4309.00000 0.9278
4310.00000 0.9292
4312.00000 0.9295
4314.00000 0.9306
4315.00000 0.9312
4317.00000 0.9317
4318.00000 0.9313
4320.00000 0.9314
4321.00000 0.931
4323.00000 0.9312
4324.00000 0.9314
4326.00000 0.9319
4327.00000 0.9325
4329.00000 0.934
4331.00000 0.9343
4332.00000 0.9344
4334.00000 0.9341
4335.00000 0.9355
4337.00000 0.9351
4338.00000 0.9365
4340.00000 0.9375
4341.00000 0.9397
4343.00000 0.9392
4344.00000 0.94
4346.00000 0.9407
4347.00000 0.9416
4349.00000 0.9419
4351.00000 0.9436
4352.00000 0.9447
4354.00000 0.9457
4355.00000 0.9467
4357.00000 0.9478
4358.00000 0.9478
4360.00000 0.949
4361.00000 0.9497
4363.00000 0.9518
4364.00000 0.9519
4366.00000 0.9532
4368.00000 0.954
4369.00000 0.9541
4371.00000 0.9527
4372.00000 0.9532
4374.00000 0.9537
4375.00000 0.9545
4377.00000 0.9553
4378.00000 0.9563
4380.00000 0.9573
4381.00000 0.9586
4383.00000 0.9591
4384.00000 0.9603
4386.00000 0.9611
4388.00000 0.9616
4389.00000 0.9619
4391.00000 0.9622
4392.00000 0.9614
4394.00000 0.9619
4395.00000 0.9617
4397.00000 0.9622
4398.00000 0.9621
4400.00000 0.9628
4401.00000 0.9631
4403.00000 0.9638
4404.00000 0.9632
4406.00000 0.9636
4407.00000 0.9635
4409.00000 0.9637
4411.00000 0.9642
4412.00000 0.9649
4414.00000 0.9644
4415.00000 0.9646
4417.00000 0.9642
4418.00000 0.9639
4420.00000 0.9633
4421.00000 0.9636
4423.00000 0.9635
4424.00000 0.963
4426.00000 0.9627
4427.00000 0.9628
4429.00000 0.9623
4430.00000 0.9625
4432.00000 0.9632
4434.00000 0.9627
4435.00000 0.9628
4437.00000 0.9628
4438.00000 0.9622
4440.00000 0.9619
4441.00000 0.9623
4443.00000 0.9627
4444.00000 0.9631
4446.00000 0.9629
4447.00000 0.9624
4449.00000 0.9624
4450.00000 0.962
4452.00000 0.9618
4453.00000 0.9622
4455.00000 0.962
4456.00000 0.9617
4458.00000 0.9611
4459.00000 0.9606
4461.00000 0.9606
4463.00000 0.9598
4464.00000 0.9595
4466.00000 0.9594
4467.00000 0.9593
4469.00000 0.9587
4470.00000 0.9591
4472.00000 0.9587
4473.00000 0.9586
4475.00000 0.9583
4476.00000 0.9584
4478.00000 0.9586
4479.00000 0.9587
4481.00000 0.9588
4482.00000 0.959
4484.00000 0.9586
4485.00000 0.9587
4487.00000 0.9585
4488.00000 0.9585
4490.00000 0.958
4491.00000 0.958
4493.00000 0.9578
4495.00000 0.9583
4496.00000 0.9581
4498.00000 0.9582
4499.00000 0.9583
4501.00000 0.9579
4502.00000 0.9584
4504.00000 0.958
4505.00000 0.9584
4507.00000 0.9579
4508.00000 0.9589
4510.00000 0.958
4511.00000 0.9581
4513.00000 0.9583
4514.00000 0.9587
4516.00000 0.9585
4517.00000 0.9588
4519.00000 0.9594
4520.00000 0.9591
4522.00000 0.9593
4523.00000 0.9594
4525.00000 0.9598
4526.00000 0.96
4528.00000 0.9607
4529.00000 0.9604
4531.00000 0.9598
4532.00000 0.9597
4534.00000 0.9592
4536.00000 0.9594
4537.00000 0.9605
4539.00000 0.9617
4540.00000 0.9618
4542.00000 0.9617
4543.00000 0.9613
4545.00000 0.9606
4546.00000 0.9608
4548.00000 0.9603
4549.00000 0.9604
4551.00000 0.9605
4552.00000 0.9602
4554.00000 0.9591
4555.00000 0.9592
4557.00000 0.9591
4558.00000 0.9587
4560.00000 0.9584
4561.00000 0.9589
4563.00000 0.9594
4564.00000 0.9595
4566.00000 0.9604
4567.00000 0.9616
4569.00000 0.9609
4570.00000 0.9611
4572.00000 0.961
4573.00000 0.9605
4575.00000 0.9601
4576.00000 0.96
4578.00000 0.9598
4579.00000 0.9604
4581.00000 0.961
4582.00000 0.9602
4584.00000 0.9611
4585.00000 0.9609
4587.00000 0.9608
4588.00000 0.9609
4590.00000 0.9615
4591.00000 0.9614
4593.00000 0.9611
4594.00000 0.9612
4596.00000 0.961
4597.00000 0.9611
4599.00000 0.9611
4600.00000 0.9613
4602.00000 0.9613
4603.00000 0.9619
4605.00000 0.9614
4606.00000 0.9617
4608.00000 0.9622
4610.00000 0.962
4611.00000 0.9618
4613.00000 0.9628
4614.00000 0.9621
4616.00000 0.9619
4617.00000 0.9618
4619.00000 0.9616
4620.00000 0.9607
4622.00000 0.961
4623.00000 0.9608
4625.00000 0.9608
4626.00000 0.9614
4628.00000 0.9624
4629.00000 0.962
4631.00000 0.9625
4632.00000 0.9626
4634.00000 0.962
4635.00000 0.9614
4637.00000 0.9616
4638.00000 0.9615
4640.00000 0.9619
4641.00000 0.9617
4643.00000 0.9622
4644.00000 0.9619
4646.00000 0.9616
4647.00000 0.9623
4649.00000 0.9623
4650.00000 0.9619
4652.00000 0.9622
4653.00000 0.9626
4655.00000 0.962
4656.00000 0.9629
4658.00000 0.9627
4659.00000 0.9627
4661.00000 0.9631
4662.00000 0.9632
4664.00000 0.9624
4665.00000 0.962
4667.00000 0.9618
4668.00000 0.9614
4670.00000 0.9609
4671.00000 0.961
4673.00000 0.9619
4674.00000 0.9621
4675.00000 0.962
4677.00000 0.962
4678.00000 0.962
4680.00000 0.9618
4681.00000 0.9619
4683.00000 0.9612
4684.00000 0.961
4686.00000 0.9607
4687.00000 0.9601
4689.00000 0.9601
4690.00000 0.9607
4692.00000 0.9605
4693.00000 0.9605
4695.00000 0.9603
4696.00000 0.9603
4698.00000 0.9601
4699.00000 0.9602
4701.00000 0.9605
4702.00000 0.9608
4704.00000 0.9606
4705.00000 0.9605
4707.00000 0.96
4708.00000 0.9593
4710.00000 0.959
4711.00000 0.9588
4713.00000 0.958
4714.00000 0.9577
4716.00000 0.9575
4717.00000 0.9569
4719.00000 0.9564
4720.00000 0.9564
4722.00000 0.9566
4723.00000 0.9569
4725.00000 0.9572
4726.00000 0.9578
4728.00000 0.9584
4729.00000 0.9588
4731.00000 0.9589
4732.00000 0.9592
4734.00000 0.9585
4735.00000 0.9578
4737.00000 0.9573
4738.00000 0.9575
4740.00000 0.9573
4741.00000 0.9576
4743.00000 0.9578
4744.00000 0.9576
4746.00000 0.9571
4747.00000 0.9572
4748.00000 0.9573
4750.00000 0.9576
4751.00000 0.9578
4753.00000 0.9579
4754.00000 0.9578
4756.00000 0.9579
4757.00000 0.9575
4759.00000 0.9585
4760.00000 0.9581
4762.00000 0.958
4763.00000 0.9579
4765.00000 0.9592
4766.00000 0.9586
4768.00000 0.9592
4769.00000 0.9594
4771.00000 0.9596
4772.00000 0.9587
4774.00000 0.9586
4775.00000 0.959
4777.00000 0.9594
4778.00000 0.959
4780.00000 0.9589
4781.00000 0.9595
4783.00000 0.9593
4784.00000 0.9585
4786.00000 0.9588
4787.00000 0.9589
4788.00000 0.9585
4790.00000 0.9592
4791.00000 0.9598
4793.00000 0.9599
4794.00000 0.9602
4796.00000 0.9603
4797.00000 0.9604
4799.00000 0.9604
4800.00000 0.9607
4802.00000 0.9607
4803.00000 0.9614
4805.00000 0.9617
4806.00000 0.9623
4808.00000 0.963
4809.00000 0.9635
4811.00000 0.9635
4812.00000 0.9632
4814.00000 0.9637
4815.00000 0.9637
4817.00000 0.9642
4818.00000 0.9649
4819.00000 0.9652
4821.00000 0.9653
4822.00000 0.9656
4824.00000 0.9659
4825.00000 0.9657
4827.00000 0.9659
4828.00000 0.9662
4830.00000 0.9666
4831.00000 0.967
4833.00000 0.9675
4834.00000 0.9674
4836.00000 0.9671
4837.00000 0.9668
4839.00000 0.9669
4840.00000 0.9667
4842.00000 0.9676
4843.00000 0.9684
4845.00000 0.9688
4846.00000 0.9689
4847.00000 0.97
4849.00000 0.9698
4850.00000 0.9699
4852.00000 0.9703
4853.00000 0.9704
4855.00000 0.9697
4856.00000 0.97
4858.00000 0.9697
4859.00000 0.9698
4861.00000 0.9697
4862.00000 0.9693
4864.00000 0.9689
4865.00000 0.9692
4867.00000 0.9693
4868.00000 0.9695
4869.00000 0.9703
4871.00000 0.9708
4872.00000 0.9705
4874.00000 0.9701
4875.00000 0.9704
4877.00000 0.9703
4878.00000 0.9706
4880.00000 0.9705
4881.00000 0.9708
4883.00000 0.9704
4884.00000 0.9703
4886.00000 0.9697
4887.00000 0.9697
4889.00000 0.9698
4890.00000 0.9699
4891.00000 0.9699
4893.00000 0.97
4894.00000 0.9706
4896.00000 0.9705
4897.00000 0.9698
4899.00000 0.9691
4900.00000 0.9691
4902.00000 0.9685
4903.00000 0.968
4905.00000 0.9683
4906.00000 0.9681
4908.00000 0.9679
4909.00000 0.9677
4910.00000 0.9671
4912.00000 0.9669
4913.00000 0.9665
4915.00000 0.9663
4916.00000 0.9663
4918.00000 0.9665
4919.00000 0.9657
4921.00000 0.9655
4922.00000 0.9652
4924.00000 0.9645
4925.00000 0.9644
4927.00000 0.9647
4928.00000 0.9646
4929.00000 0.9647
4931.00000 0.9647
4932.00000 0.9639
4934.00000 0.9636
4935.00000 0.9637
4937.00000 0.963
4938.00000 0.9626
4940.00000 0.9622
4941.00000 0.9616
4943.00000 0.9606
4944.00000 0.9599
4945.00000 0.9595
4947.00000 0.9601
4948.00000 0.9597
4950.00000 0.96
4951.00000 0.96
4953.00000 0.9601
4954.00000 0.9592
4956.00000 0.959
4957.00000 0.9582
4959.00000 0.9578
4960.00000 0.9573
4961.00000 0.9571
4963.00000 0.9564
4964.00000 0.9562
4966.00000 0.9557
4967.00000 0.9552
4969.00000 0.9548
4970.00000 0.9546
4972.00000 0.9543
4973.00000 0.9547
4975.00000 0.9538
4976.00000 0.954
4977.00000 0.9537
4979.00000 0.9537
4980.00000 0.9532
4982.00000 0.9532
4983.00000 0.9526
4985.00000 0.9526
4986.00000 0.9525
4988.00000 0.9521
4989.00000 0.9516
4990.00000 0.9513
4992.00000 0.9512
4993.00000 0.9501
4995.00000 0.9496
4996.00000 0.9495
4998.00000 0.9489
4999.00000 0.9481
5001.00000 0.9481
5002.00000 0.9481
5003.00000 0.948
5005.00000 0.9483
5006.00000 0.9484
5008.00000 0.9481
5009.00000 0.9478
5011.00000 0.9474
5012.00000 0.9465
5014.00000 0.9456
5015.00000 0.9455
5017.00000 0.9451
5018.00000 0.9452
5019.00000 0.945
5021.00000 0.9457
5022.00000 0.9456
5024.00000 0.9454
5025.00000 0.9447
5027.00000 0.9442
5028.00000 0.9431
5029.00000 0.9424
5031.00000 0.942
5032.00000 0.9419
5034.00000 0.9419
5035.00000 0.9423
5037.00000 0.942
5038.00000 0.9416
5040.00000 0.9415
5041.00000 0.9411
5042.00000 0.9408
5044.00000 0.9408
5045.00000 0.9409
5047.00000 0.9406
5048.00000 0.9406
5050.00000 0.9402
5051.00000 0.9404
5053.00000 0.9394
5054.00000 0.9387
5055.00000 0.9378
5057.00000 0.9374
5058.00000 0.9365
5060.00000 0.9362
5061.00000 0.9357
5063.00000 0.9359
5064.00000 0.9354
5065.00000 0.9348
5067.00000 0.9345
5068.00000 0.9342
5070.00000 0.9338
5071.00000 0.9335
5073.00000 0.9334
5074.00000 0.9336
5076.00000 0.9335
5077.00000 0.9335
5078.00000 0.9332
5080.00000 0.9326
5081.00000 0.9321
5083.00000 0.9317
5084.00000 0.9311
5086.00000 0.9308
5087.00000 0.9305
5088.00000 0.93
5090.00000 0.9299
5091.00000 0.9301
5093.00000 0.9298
5094.00000 0.9295
5096.00000 0.9294
5097.00000 0.9285
5098.00000 0.9278
5100.00000 0.9271
5101.00000 0.9263
5103.00000 0.9264
5104.00000 0.9257
5106.00000 0.9251
5107.00000 0.925
5109.00000 0.9257
5110.00000 0.9249
5111.00000 0.9251
5113.00000 0.9249
5114.00000 0.9251
5116.00000 0.9242
5117.00000 0.9237
5119.00000 0.923
5120.00000 0.9226
5121.00000 0.9216
5123.00000 0.9215
5124.00000 0.9214
5126.00000 0.9215
5127.00000 0.9215
5129.00000 0.9224
5130.00000 0.9221
5131.00000 0.9217
5133.00000 0.921
5134.00000 0.9208
5136.00000 0.9194
5137.00000 0.9187
5139.00000 0.9186
5140.00000 0.9188
5141.00000 0.9181
5143.00000 0.9179
5144.00000 0.9183
5146.00000 0.918
5147.00000 0.9178
5148.00000 0.9181
5150.00000 0.9179
5151.00000 0.9175
5153.00000 0.9173
5154.00000 0.9168
5156.00000 0.9165
5157.00000 0.9164
