threeML/data/optical_filters/LCO/IMACS-OG570.ecsv
# %ECSV 0.9
# ---
# datatype:
# - {name: wavelength, unit: Angstrom, datatype: float32}
# - {name: response, datatype: float32}
# meta: !!omap
# - {band_name: OG570}
# - {group_name: IMACS}
wavelength response
[from data line 857]
8277.70020 0.92621
8280.90039 0.92642
8284.00000 0.92636
8287.20020 0.92583
8290.29980 0.92513
8293.50000 0.92446
8296.59961 0.924
8299.70020 0.92409
8302.90039 0.92473
8306.00000 0.92516
8309.09961 0.92568
8312.29980 0.92566
8315.40039 0.92586
8318.59961 0.92582
8321.70020 0.92618
8324.79980 0.92618
8328.00000 0.92555
8331.09961 0.92532
8334.20020 0.92518
8337.40039 0.92439
8340.50000 0.92393
8343.59961 0.92331
8346.79980 0.92356
8349.90039 0.92275
8353.00000 0.92251
8356.20020 0.92177
8359.29980 0.92203
8362.40039 0.92169
8365.59961 0.92209
8368.70020 0.92169
8371.79980 0.9224
8374.90039 0.92225
8378.09961 0.92166
8381.20020 0.92106
8384.29980 0.92078
8387.50000 0.92049
8390.59961 0.92048
8393.70020 0.92063
8396.79980 0.92133
8400.00000 0.92162
8403.09961 0.92115
8406.20020 0.92127
8409.29980 0.92161
8412.50000 0.92087
8415.59961 0.92094
8418.70020 0.92109
8421.79980 0.92119
8425.00000 0.92064
8428.09961 0.92081
8431.20020 0.92043
8434.29980 0.91994
8437.40039 0.91903
8440.59961 0.91904
8443.70020 0.91868
8446.79980 0.91791
8449.90039 0.91804
8453.00000 0.91842
8456.20020 0.91773
8459.29980 0.91763
8462.40039 0.91846
8465.50000 0.91754
8468.59961 0.91722
8471.70020 0.91763
8474.90039 0.9163
8478.00000 0.91604
8481.09961 0.91664
8484.20020 0.91688
8487.29980 0.91618
8490.40039 0.91739
8493.50000 0.9171
8496.59961 0.91698
8499.79980 0.91682
8502.90039 0.91688
8506.00000 0.91604
8509.09961 0.91597
8512.20020 0.91548
8515.29980 0.91498
8518.40039 0.91456
8521.50000 0.91527
8524.59961 0.91525
8527.70020 0.91518
8530.90039 0.91441
8534.00000 0.9144
8537.09961 0.91437
8540.20020 0.91427
8543.29980 0.91416
8546.40039 0.91434
8549.50000 0.91483
8552.59961 0.91428
8555.70020 0.91442
8558.79980 0.9152
8561.90039 0.9156
8565.00000 0.91519
8568.09961 0.91542
8571.20020 0.91487
8574.29980 0.9143
8577.40039 0.91442
8580.50000 0.91444
8583.59961 0.9133
8586.70020 0.91266
8589.79980 0.91259
8592.90039 0.91201
8596.00000 0.91196
8599.09961 0.91208
8602.20020 0.91265
8605.29980 0.91211
8608.40039 0.91249
8611.50000 0.91246
8614.59961 0.91235
8617.70020 0.9117
8620.79980 0.91126
8623.90039 0.91055
8627.00000 0.91037
8630.09961 0.91054
8633.20020 0.91077
8636.20020 0.91103
8639.29980 0.91156
8642.40039 0.91074
8645.50000 0.91061
8648.59961 0.91013
8651.70020 0.9095
8654.79980 0.90912
8657.90039 0.90989
8661.00000 0.9094
8664.09961 0.90931
8667.09961 0.91017
8670.20020 0.90944
8673.29980 0.90824
8676.40039 0.90783
8679.50000 0.90784
8682.59961 0.90752
8685.70020 0.9077
8688.79980 0.90853
8691.79980 0.90947
8694.90039 0.90936
8698.00000 0.90945
8701.09961 0.90939
8704.20020 0.9093
8707.29980 0.90886
8710.29980 0.90862
8713.40039 0.90756
8716.50000 0.90715
8719.59961 0.9063
8722.70020 0.90655
8725.70020 0.90628
8728.79980 0.9064
8731.90039 0.90632
8735.00000 0.9063
8738.09961 0.90533
8741.09961 0.90463
8744.20020 0.90463
8747.29980 0.9045
8750.40039 0.90364
8753.40039 0.9035
8756.50000 0.90379
8759.59961 0.90374
8762.70020 0.90385
8765.70020 0.90419
8768.79980 0.90443
8771.90039 0.90475
8775.00000 0.90477
8778.00000 0.90429
8781.09961 0.90463
8784.20020 0.90479
8787.29980 0.90452
8790.29980 0.90369
8793.40039 0.90422
8796.50000 0.90338
8799.50000 0.90233
8802.59961 0.90185
8805.70020 0.90187
8808.70020 0.90006
8811.79980 0.90037
8814.90039 0.89947
8817.90039 0.89883
8821.00000 0.899
8824.09961 0.8998
8827.09961 0.89922
8830.20020 0.89978
8833.29980 0.89965
8836.29980 0.8992
8839.40039 0.89933
8842.50000 0.89952
8845.50000 0.89915
8848.59961 0.89954
8851.59961 0.89882
8854.70020 0.89842
8857.79980 0.89843
8860.79980 0.89862
8863.90039 0.8984
8867.00000 0.89944
8870.00000 0.8994
8873.09961 0.89908
8876.09961 0.89918
8879.20020 0.89892
8882.20020 0.8982
8885.29980 0.89793
8888.40039 0.89814
8891.40039 0.89803
8894.50000 0.89765
8897.50000 0.89729
8900.59961 0.89705
8903.59961 0.89635
8906.70020 0.8959
8909.70020 0.89615
8912.79980 0.89508
8915.90039 0.89546
8918.90039 0.89584
8922.00000 0.89661
8925.00000 0.89561
8928.09961 0.89689
8931.09961 0.89606
8934.20020 0.89579
8937.20020 0.89517
8940.29980 0.89624
8943.29980 0.89562
8946.40039 0.89558
8949.40039 0.89511
8952.50000 0.89445
8955.50000 0.89435
8958.50000 0.89533
8961.59961 0.89569
8964.59961 0.89502
8967.70020 0.89472
8970.70020 0.89427
8973.79980 0.89272
8976.79980 0.89237
8979.90039 0.89309
8982.90039 0.89232
8986.00000 0.89104
8989.00000 0.89087
8992.00000 0.89081
8995.09961 0.88998
8998.09961 0.89044
9001.20020 0.89116
9004.20020 0.8918
9007.20020 0.8905
9010.29980 0.88999
9013.29980 0.89016
9016.40039 0.89053
9019.40039 0.88929
9022.40039 0.89035
9025.50000 0.89034
9028.50000 0.88987
9031.50000 0.88957
9034.59961 0.88973
9037.59961 0.8894
9040.70020 0.8895
9043.70020 0.8887
9046.70020 0.88819
9049.79980 0.88879
9052.79980 0.88838
9055.79980 0.88821
9058.90039 0.88811
9061.90039 0.88744
9064.90039 0.88725
9067.90039 0.88742
9071.00000 0.88735
9074.00000 0.88848
9077.00000 0.8891
9080.09961 0.88944
9083.09961 0.88889
9086.09961 0.88887
9089.20020 0.88898
9092.20020 0.88779
9095.20020 0.88685
9098.20020 0.88655
9101.29980 0.88567
9104.29980 0.88505
9107.29980 0.88545
9110.29980 0.88499
9113.40039 0.88527
9116.40039 0.88511
9119.40039 0.88426
9122.40039 0.8843
9125.50000 0.88345
9128.50000 0.88337
9131.50000 0.88365
9134.50000 0.88319
9137.50000 0.88416
9140.59961 0.88462
9143.59961 0.88449
9146.59961 0.88594
9149.59961 0.88643
9152.59961 0.88565
9155.70020 0.88587
9158.70020 0.88557
9161.70020 0.88472
9164.70020 0.88409
9167.70020 0.88343
9170.79980 0.88299
9173.79980 0.88248
9176.79980 0.88248
9179.79980 0.88326
9182.79980 0.88317
9185.79980 0.88398
9188.79980 0.88435
9191.90039 0.8829
9194.90039 0.88217
9197.90039 0.8826
9200.90039 0.88254
9203.90039 0.88217
9206.90039 0.88289
9209.90039 0.88301
9212.90039 0.88302
9215.90039 0.88216
9219.00000 0.882
9222.00000 0.88144
9225.00000 0.88159
9228.00000 0.88002
9231.00000 0.88034
9234.00000 0.88019
9237.00000 0.88004
9240.00000 0.87972
9243.00000 0.87986
9246.00000 0.87864
9249.00000 0.87841
9252.00000 0.87931
9255.00000 0.8794
9258.00000 0.87989
9261.00000 0.88055
9264.00000 0.88113
9267.09961 0.87986
9270.09961 0.87979
9273.09961 0.87913
9276.09961 0.87908
9279.09961 0.87907
9282.09961 0.87954
9285.09961 0.87885
9288.09961 0.87884
9291.09961 0.8788
9294.09961 0.87861
9297.09961 0.8783
9300.00000 0.8772
9303.00000 0.87637
9306.00000 0.87503
9309.00000 0.87355
9312.00000 0.87314
9315.00000 0.87341
9318.00000 0.87391
9321.00000 0.87508
9324.00000 0.87496
9327.00000 0.87508
9330.00000 0.87555
9333.00000 0.87603
9336.00000 0.87563
9339.00000 0.87651
9342.00000 0.87628
9345.00000 0.87627
9348.00000 0.87589
9350.90039 0.87548
9353.90039 0.87436
9356.90039 0.8738
9359.90039 0.87321
9362.90039 0.87264
9365.90039 0.87317
9368.90039 0.87298
9371.90039 0.87333
9374.90039 0.87481
9377.79980 0.87615
9380.79980 0.87637
9383.79980 0.87775
9386.79980 0.87626
9389.79980 0.87511
9392.79980 0.87508
9395.70020 0.87317
9398.70020 0.87211
9401.70020 0.87608
9404.70020 0.87549
9407.70020 0.87504
9410.70020 0.87509
9413.59961 0.87499
9416.59961 0.87044
9419.59961 0.86938
9422.59961 0.86785
9425.59961 0.86619
9428.50000 0.86591
9431.50000 0.86805
9434.50000 0.86844
9437.50000 0.86715
9440.50000 0.86959
9443.40039 0.867
9446.40039 0.86488
9449.40039 0.86635
9452.40039 0.86683
9455.29980 0.86684
9458.29980 0.87194
9461.29980 0.87127
9464.29980 0.87166
9467.20020 0.87107
9470.20020 0.86939
9473.20020 0.86727
9476.09961 0.86928
9479.09961 0.86746
9482.09961 0.86799
9485.09961 0.86899
9488.00000 0.86896
9491.00000 0.86699
9494.00000 0.86632
9496.90039 0.86613
9499.90039 0.86478
9502.90039 0.86293
9505.79980 0.86583
9508.79980 0.8669
9511.79980 0.86777
9514.70020 0.86747
9517.70020 0.86815
9520.70020 0.86733
9523.59961 0.86883
9526.59961 0.86734
9529.59961 0.8675
9532.50000 0.86731
9535.50000 0.86437
9538.50000 0.86142
9541.40039 0.86184
9544.40039 0.86043
9547.29980 0.85984
9550.29980 0.86072
9553.29980 0.86302
9556.20020 0.86457
9559.20020 0.86691
9562.09961 0.86853
9565.09961 0.86899
9568.09961 0.86776
9571.00000 0.86551
9574.00000 0.86513
9576.90039 0.86379
9579.90039 0.86233
9582.90039 0.86232
9585.79980 0.86188
9588.79980 0.86222
9591.70020 0.86207
9594.70020 0.86301
9597.59961 0.8631
9600.59961 0.86351
9603.50000 0.86058
9606.50000 0.85981
9609.40039 0.8606
9612.40039 0.85978
9615.29980 0.86065
9618.29980 0.86213
9621.20020 0.86361
9624.20020 0.86187
9627.09961 0.86211
9630.09961 0.86137
9633.00000 0.86183
9636.00000 0.86064
9638.90039 0.86194
9641.90039 0.862
9644.79980 0.86221
9647.79980 0.86154
9650.70020 0.86184
9653.70020 0.86193
9656.59961 0.86186
9659.59961 0.86096
9662.50000 0.8611
9665.50000 0.86114
9668.40039 0.86043
9671.29980 0.8607
9674.29980 0.86119
9677.20020 0.86039
9680.20020 0.86069
9683.09961 0.86008
9686.09961 0.85943
9689.00000 0.85837
9691.90039 0.85823
9694.90039 0.85721
9697.79980 0.85685
9700.79980 0.85543
9703.70020 0.85501
9706.59961 0.85585
9709.59961 0.85594
9712.50000 0.85698
9715.40039 0.85874
9718.40039 0.86038
9721.29980 0.86004
9724.29980 0.86009
9727.20020 0.85974
9730.09961 0.86036
9733.09961 0.85964
9736.00000 0.85907
9738.90039 0.85822
9741.90039 0.85738
9744.79980 0.8553
9747.70020 0.8552
9750.70020 0.85534
9753.59961 0.8556
9756.50000 0.85624
9759.40039 0.85709
9762.40039 0.85687
9765.29980 0.85692
9768.20020 0.85651
9771.20020 0.856
9774.09961 0.85465
9777.00000 0.85418
9779.90039 0.85398
9782.90039 0.85545
9785.79980 0.85495
9788.70020 0.85407
9791.59961 0.85503
9794.59961 0.85477
9797.50000 0.85201
9800.40039 0.8522
9803.29980 0.85249
9806.29980 0.85161
9809.20020 0.84993
9812.09961 0.85028
9815.00000 0.84964
9818.00000 0.85015
9820.90039 0.84871
9823.79980 0.84977
9826.70020 0.85075
9829.59961 0.85069
9832.59961 0.85215
9835.50000 0.85367
9838.40039 0.85335
9841.29980 0.85242
9844.20020 0.85228
9847.20020 0.85151
9850.09961 0.85139
9853.00000 0.85198
9855.90039 0.85315
9858.79980 0.85375
9861.70020 0.85334
9864.59961 0.85284
9867.59961 0.85227
9870.50000 0.85251
9873.40039 0.85374
9876.29980 0.85406
9879.20020 0.85372
9882.09961 0.85372
9885.00000 0.85137
9887.90039 0.85046
9890.90039 0.84893
9893.79980 0.84895
9896.70020 0.84757
9899.59961 0.84838
9902.50000 0.84734
9905.40039 0.84592
9908.29980 0.84572
9911.20020 0.84781
9914.09961 0.84766
9917.00000 0.8468
9919.90039 0.84856
9922.79980 0.84823
9925.79980 0.84683
9928.70020 0.84803
9931.59961 0.84885
9934.50000 0.84867
9937.40039 0.84832
9940.29980 0.84835
9943.20020 0.84824
9946.09961 0.84722
9949.00000 0.8471
9951.90039 0.84877
9954.79980 0.84945
9957.70020 0.84889
9960.59961 0.84917
9963.50000 0.84923
9966.40039 0.84646
9969.29980 0.84622
9972.20020 0.8451
9975.09961 0.84521
9978.00000 0.84466
9980.90039 0.84558
9983.79980 0.84405
9986.70020 0.84415
9989.59961 0.84383
9992.50000 0.84361
9995.40039 0.84305
9998.29980 0.8431
10001.09961 0.84237
11001.20996 0.0
