threeML/data/optical_filters/LCO/IMACS-MMTF5102.ecsv
# %ECSV 0.9
# ---
# datatype:
# - {name: wavelength, unit: Angstrom, datatype: float32}
# - {name: response, datatype: float32}
# meta: !!omap
# - {band_name: MMTF5102}
# - {group_name: IMACS}
wavelength response
4365.00000 0.0
4850.00000 0.0002
4852.00000 0.00021
4853.00000 0.0002
4855.00000 0.00019
4856.00000 0.00016
4858.00000 0.00017
4859.00000 0.00016
4861.00000 0.00015
4862.00000 0.00012
4864.00000 0.00013
4865.00000 0.00016
4867.00000 0.00017
4868.00000 0.00018
4869.00000 0.00019
4871.00000 0.0002
4872.00000 0.00021
4874.00000 0.00022
4875.00000 0.00023
4877.00000 0.00025
4878.00000 0.00028
4880.00000 0.00029
4881.00000 0.00026
4883.00000 0.00025
4884.00000 0.00024
4886.00000 0.00025
4887.00000 0.00024
4889.00000 0.00027
4890.00000 0.0003
4891.00000 0.00035
4893.00000 0.00043
4894.00000 0.00048
4896.00000 0.00051
4897.00000 0.00056
4899.00000 0.00062
4900.00000 0.00061
4902.00000 0.00066
4903.00000 0.00073
4905.00000 0.00074
4906.00000 0.0008
4908.00000 0.00087
4909.00000 0.00095
4910.00000 0.001
4912.00000 0.00109
4913.00000 0.00119
4915.00000 0.00131
4916.00000 0.0016
4918.00000 0.00178
4919.00000 0.00196
4921.00000 0.00221
4922.00000 0.00254
4924.00000 0.00264
4925.00000 0.00289
4927.00000 0.00316
4928.00000 0.00339
4929.00000 0.00359
4931.00000 0.00384
4932.00000 0.00398
4934.00000 0.00416
4935.00000 0.00431
4937.00000 0.00445
4938.00000 0.00443
4940.00000 0.00463
4941.00000 0.00464
4943.00000 0.00468
4944.00000 0.00473
4945.00000 0.00482
4947.00000 0.0049
4948.00000 0.00496
4950.00000 0.00517
4951.00000 0.00541
4953.00000 0.00573
4954.00000 0.0061
4956.00000 0.00653
4957.00000 0.00695
4959.00000 0.00739
4960.00000 0.00786
4961.00000 0.00827
4963.00000 0.00866
4964.00000 0.00909
4966.00000 0.00941
4967.00000 0.00987
4969.00000 0.01039
4970.00000 0.01089
4972.00000 0.01133
4973.00000 0.01182
4975.00000 0.01255
4976.00000 0.01331
4977.00000 0.01419
4979.00000 0.01504
4980.00000 0.01592
4982.00000 0.01704
4983.00000 0.01813
4985.00000 0.01914
4986.00000 0.02037
4988.00000 0.02166
4989.00000 0.023
4990.00000 0.02441
4992.00000 0.02587
4993.00000 0.02756
4995.00000 0.02943
4996.00000 0.03156
4998.00000 0.03362
4999.00000 0.03581
5001.00000 0.03834
5002.00000 0.04103
5003.00000 0.04402
5005.00000 0.04724
5006.00000 0.05061
5008.00000 0.05441
5009.00000 0.05844
5011.00000 0.06291
5012.00000 0.06772
5014.00000 0.07301
5015.00000 0.0789
5017.00000 0.08511
5018.00000 0.09171
5019.00000 0.099
5021.00000 0.10715
5022.00000 0.11597
5024.00000 0.1254
5025.00000 0.13567
5027.00000 0.14711
5028.00000 0.15952
5029.00000 0.17301
5031.00000 0.18738
5032.00000 0.203
5034.00000 0.21996
5035.00000 0.23833
5037.00000 0.25777
5038.00000 0.27841
5040.00000 0.3005
5041.00000 0.32393
5042.00000 0.34869
5044.00000 0.37483
5045.00000 0.40181
5047.00000 0.42988
5048.00000 0.45848
5050.00000 0.48745
5051.00000 0.51707
5053.00000 0.54699
5054.00000 0.57689
5055.00000 0.6066
5057.00000 0.63556
5058.00000 0.66327
5060.00000 0.68999
5061.00000 0.71548
5063.00000 0.73939
5064.00000 0.76136
5065.00000 0.78182
5067.00000 0.80029
5068.00000 0.81715
5070.00000 0.8321
5071.00000 0.84493
5073.00000 0.8564
5074.00000 0.86686
5076.00000 0.8756
5077.00000 0.88327
5078.00000 0.89008
5080.00000 0.89591
5081.00000 0.90055
5083.00000 0.90438
5084.00000 0.90733
5086.00000 0.90986
5087.00000 0.91225
5088.00000 0.91446
5090.00000 0.91584
5091.00000 0.91685
5093.00000 0.91749
5094.00000 0.91769
5096.00000 0.91784
5097.00000 0.91804
5098.00000 0.91803
5100.00000 0.91817
5101.00000 0.91834
5103.00000 0.91827
5104.00000 0.91827
5106.00000 0.91819
5107.00000 0.91863
5109.00000 0.9189
5110.00000 0.91926
5111.00000 0.91988
5113.00000 0.9211
5114.00000 0.92201
5116.00000 0.92271
5117.00000 0.92318
5119.00000 0.92348
5120.00000 0.92334
5121.00000 0.92333
5123.00000 0.92293
5124.00000 0.92258
5126.00000 0.9224
5127.00000 0.92186
5129.00000 0.92074
5130.00000 0.92017
5131.00000 0.9196
5133.00000 0.91898
5134.00000 0.91867
5136.00000 0.91821
5137.00000 0.9179
5139.00000 0.91777
5140.00000 0.91758
5141.00000 0.91762
5143.00000 0.9174
5144.00000 0.91708
5146.00000 0.91653
5147.00000 0.91613
5148.00000 0.91582
5150.00000 0.91538
5151.00000 0.91525
5153.00000 0.91464
5154.00000 0.91409
5156.00000 0.91321
5157.00000 0.91208
5158.00000 0.91113
5160.00000 0.91049
5161.00000 0.9098
5163.00000 0.90861
5164.00000 0.90727
5166.00000 0.90564
5167.00000 0.90338
5168.00000 0.90104
5170.00000 0.89787
5171.00000 0.89425
5173.00000 0.88968
5174.00000 0.88418
5176.00000 0.87757
5177.00000 0.86969
5178.00000 0.86062
5180.00000 0.85001
5181.00000 0.83781
5183.00000 0.82453
5184.00000 0.80953
5185.00000 0.79304
5187.00000 0.77523
5188.00000 0.75578
5190.00000 0.73461
5191.00000 0.71223
5193.00000 0.68856
5194.00000 0.66369
5195.00000 0.63769
5197.00000 0.61121
5198.00000 0.584
5200.00000 0.55619
5201.00000 0.52824
5202.00000 0.50013
5204.00000 0.47187
5205.00000 0.44422
5207.00000 0.41732
5208.00000 0.39155
5210.00000 0.36661
5211.00000 0.34251
5212.00000 0.31939
5214.00000 0.29737
5215.00000 0.27655
5217.00000 0.25711
5218.00000 0.23894
5219.00000 0.2217
5221.00000 0.20563
5222.00000 0.19066
5224.00000 0.17688
5225.00000 0.16427
5227.00000 0.15243
5228.00000 0.14145
5229.00000 0.13144
5231.00000 0.12215
5232.00000 0.11347
5234.00000 0.10544
5235.00000 0.09813
5236.00000 0.09141
5238.00000 0.08521
5239.00000 0.07948
5241.00000 0.07406
5242.00000 0.06909
5243.00000 0.06453
5245.00000 0.06015
5246.00000 0.05638
5248.00000 0.0528
5249.00000 0.04941
5250.00000 0.04647
5252.00000 0.04352
5253.00000 0.04081
5255.00000 0.03838
5256.00000 0.03613
5258.00000 0.034
5259.00000 0.03186
5260.00000 0.03006
5262.00000 0.02831
5263.00000 0.02678
5265.00000 0.02529
5266.00000 0.02358
5267.00000 0.02225
5269.00000 0.02104
5270.00000 0.01982
5272.00000 0.01872
5273.00000 0.01773
5274.00000 0.01692
5276.00000 0.01603
5277.00000 0.01513
5279.00000 0.01418
5280.00000 0.01331
5281.00000 0.01271
5283.00000 0.01205
5284.00000 0.01141
5286.00000 0.01078
5287.00000 0.01015
5288.00000 0.0096
5290.00000 0.00917
5291.00000 0.00885
5293.00000 0.00851
5294.00000 0.00833
5295.00000 0.00821
5297.00000 0.00802
5298.00000 0.00789
5300.00000 0.00785
5301.00000 0.00751
5302.00000 0.00724
5304.00000 0.00684
5305.00000 0.00638
5307.00000 0.00599
5308.00000 0.00548
5309.00000 0.00491
5311.00000 0.00453
5312.00000 0.00416
5314.00000 0.00358
5315.00000 0.00302
5316.00000 0.0027
5318.00000 0.00238
5319.00000 0.0021
5321.00000 0.00189
5322.00000 0.0016
5323.00000 0.00146
5325.00000 0.00133
5326.00000 0.00111
5328.00000 0.00101
5329.00000 0.00099
5330.00000 0.00089
5332.00000 0.00084
5333.00000 0.00069
5335.00000 0.00068
5336.00000 0.00066
5337.00000 0.0006
5339.00000 0.00054
5340.00000 0.00052
5342.00000 0.00055
5343.00000 0.00044
5344.00000 0.00042
5346.00000 0.0004
5347.00000 0.00043
5349.00000 0.00041
5350.00000 0.00039
5351.00000 0.00037
5886.10010 0.0
