threeML/data/optical_filters/LCO/IMACS-Bessell_B2.ecsv
# %ECSV 0.9
# ---
# datatype:
# - {name: wavelength, unit: Angstrom, datatype: float32}
# - {name: response, datatype: float32}
# meta: !!omap
# - {band_name: Bessell_B2}
# - {group_name: IMACS}
wavelength response
3650.00000 0.0
3700.00000 0.2739
3702.00000 0.2731
3703.00000 0.2711
3705.00000 0.2696
3707.00000 0.2693
3708.00000 0.2729
3710.00000 0.2818
3712.00000 0.2898
3713.00000 0.2949
3715.00000 0.3032
3717.00000 0.3073
3718.00000 0.307
3720.00000 0.3067
3721.00000 0.3112
3723.00000 0.3107
3725.00000 0.3108
3726.00000 0.3116
3728.00000 0.3154
3730.00000 0.3185
3731.00000 0.3238
3733.00000 0.3272
3734.00000 0.3341
3736.00000 0.3384
3738.00000 0.3404
3739.00000 0.3392
3741.00000 0.3401
3743.00000 0.3352
3744.00000 0.3325
3746.00000 0.3343
3747.00000 0.34
3749.00000 0.3466
3751.00000 0.3537
3752.00000 0.3615
3754.00000 0.3635
3756.00000 0.3629
3757.00000 0.3623
3759.00000 0.3615
3760.00000 0.3633
3762.00000 0.3676
3764.00000 0.3733
3765.00000 0.3777
3767.00000 0.3812
3769.00000 0.3802
3770.00000 0.3817
3772.00000 0.3824
3773.00000 0.3844
3775.00000 0.3896
3777.00000 0.3961
3778.00000 0.3973
3780.00000 0.4019
3781.00000 0.4011
3783.00000 0.4013
3785.00000 0.4014
3786.00000 0.4047
3788.00000 0.4027
3790.00000 0.4074
3791.00000 0.4102
3793.00000 0.4141
3794.00000 0.4159
3796.00000 0.4223
3798.00000 0.4235
3799.00000 0.4257
3801.00000 0.4269
3803.00000 0.4281
3804.00000 0.4273
3806.00000 0.4293
3807.00000 0.4322
3809.00000 0.4328
3811.00000 0.435
3812.00000 0.4397
3814.00000 0.4433
3815.00000 0.4444
3817.00000 0.4458
3819.00000 0.4506
3820.00000 0.451
3822.00000 0.4528
3824.00000 0.4551
3825.00000 0.459
3827.00000 0.4599
3828.00000 0.4604
3830.00000 0.4614
3832.00000 0.4635
3833.00000 0.4648
3835.00000 0.4676
3836.00000 0.4721
3838.00000 0.4747
3840.00000 0.4766
3841.00000 0.4793
3843.00000 0.4789
3845.00000 0.4788
3846.00000 0.4804
3848.00000 0.4827
3849.00000 0.4852
3851.00000 0.4895
3853.00000 0.4926
3854.00000 0.4941
3856.00000 0.4956
3857.00000 0.4969
3859.00000 0.4974
3861.00000 0.5003
3862.00000 0.5042
3864.00000 0.5065
3865.00000 0.5092
3867.00000 0.511
3869.00000 0.5122
3870.00000 0.5126
3872.00000 0.5141
3873.00000 0.5153
3875.00000 0.5171
3877.00000 0.5195
3878.00000 0.5208
3880.00000 0.5222
3882.00000 0.5229
3883.00000 0.5248
3885.00000 0.526
3886.00000 0.5296
3888.00000 0.5313
3890.00000 0.5328
3891.00000 0.5348
3893.00000 0.5357
3894.00000 0.5359
3896.00000 0.538
3898.00000 0.5405
3899.00000 0.5419
3901.00000 0.5439
3902.00000 0.5461
3904.00000 0.5469
3906.00000 0.5492
3907.00000 0.5504
3909.00000 0.5514
3910.00000 0.5527
3912.00000 0.5551
3914.00000 0.5554
3915.00000 0.5569
3917.00000 0.5583
3918.00000 0.5592
3920.00000 0.5609
3922.00000 0.5643
3923.00000 0.5653
3925.00000 0.5675
3926.00000 0.5677
3928.00000 0.5686
3930.00000 0.5689
3931.00000 0.5714
3933.00000 0.5724
3934.00000 0.5755
3936.00000 0.5771
3938.00000 0.5785
3939.00000 0.5789
3941.00000 0.5807
3942.00000 0.5824
3944.00000 0.5834
3946.00000 0.5845
3947.00000 0.5878
3949.00000 0.5884
3950.00000 0.5886
3952.00000 0.5899
3954.00000 0.5906
3955.00000 0.5894
3957.00000 0.59
3958.00000 0.5921
3960.00000 0.5932
3962.00000 0.5955
3963.00000 0.5977
3965.00000 0.5993
3966.00000 0.6005
3968.00000 0.602
3970.00000 0.602
3971.00000 0.6021
3973.00000 0.6044
3974.00000 0.6047
3976.00000 0.6071
3978.00000 0.6096
3979.00000 0.6124
3981.00000 0.6121
3982.00000 0.6136
3984.00000 0.6142
3985.00000 0.6137
3987.00000 0.6143
3989.00000 0.6164
3990.00000 0.6178
3992.00000 0.6186
3993.00000 0.6199
3995.00000 0.6205
3997.00000 0.6212
3998.00000 0.6217
4000.00000 0.6223
4001.00000 0.6235
4003.00000 0.6248
4005.00000 0.626
4006.00000 0.6268
4008.00000 0.6277
4009.00000 0.6276
4011.00000 0.628
4013.00000 0.6281
4014.00000 0.6294
4016.00000 0.6309
4017.00000 0.6326
4019.00000 0.6338
4020.00000 0.6357
4022.00000 0.6365
4024.00000 0.6368
4025.00000 0.6373
4027.00000 0.638
4028.00000 0.6391
4030.00000 0.6401
4032.00000 0.6415
4033.00000 0.6432
4035.00000 0.6439
4036.00000 0.644
4038.00000 0.6436
4039.00000 0.6438
4041.00000 0.6443
4043.00000 0.6447
4044.00000 0.6457
4046.00000 0.647
4047.00000 0.648
4049.00000 0.6493
4051.00000 0.6505
4052.00000 0.6518
4054.00000 0.652
4055.00000 0.6524
4057.00000 0.6535
4058.00000 0.6541
4060.00000 0.6539
4062.00000 0.6556
4063.00000 0.657
4065.00000 0.657
4066.00000 0.6581
4068.00000 0.6583
4070.00000 0.6592
4071.00000 0.6596
4073.00000 0.6607
4074.00000 0.6609
4076.00000 0.6613
4077.00000 0.662
4079.00000 0.6631
4081.00000 0.6627
4082.00000 0.6638
4084.00000 0.6642
4085.00000 0.6642
4087.00000 0.6643
4089.00000 0.6657
4090.00000 0.6663
4092.00000 0.6678
4093.00000 0.6678
4095.00000 0.6677
4096.00000 0.6671
4098.00000 0.6676
4100.00000 0.6683
4101.00000 0.669
4103.00000 0.6708
4104.00000 0.6723
4106.00000 0.673
4107.00000 0.6732
4109.00000 0.6735
4111.00000 0.6735
4112.00000 0.6742
4114.00000 0.6748
4115.00000 0.6756
4117.00000 0.6768
4118.00000 0.6778
4120.00000 0.6776
4122.00000 0.6778
4123.00000 0.6774
4125.00000 0.6789
4126.00000 0.6791
4128.00000 0.6803
4129.00000 0.6805
4131.00000 0.6817
4133.00000 0.6813
4134.00000 0.6818
4136.00000 0.6814
4137.00000 0.6825
4139.00000 0.6831
4140.00000 0.6838
4142.00000 0.6843
4144.00000 0.686
4145.00000 0.6864
4147.00000 0.6864
4148.00000 0.6862
4150.00000 0.6857
4151.00000 0.6856
4153.00000 0.6865
4155.00000 0.6877
4156.00000 0.6891
4158.00000 0.6903
4159.00000 0.6914
4161.00000 0.6917
4162.00000 0.6915
4164.00000 0.6914
4166.00000 0.6915
4167.00000 0.6917
4169.00000 0.6913
4170.00000 0.6917
4172.00000 0.6929
4173.00000 0.6942
4175.00000 0.6948
4177.00000 0.6952
4178.00000 0.6957
4180.00000 0.6958
4181.00000 0.6959
4183.00000 0.6964
4184.00000 0.6979
4186.00000 0.6989
4187.00000 0.6993
4189.00000 0.6995
4191.00000 0.6999
4192.00000 0.7
4194.00000 0.7005
4195.00000 0.7023
4197.00000 0.7034
4198.00000 0.7033
4200.00000 0.7039
4202.00000 0.7048
4203.00000 0.7041
4205.00000 0.7043
4206.00000 0.7053
4208.00000 0.7057
4209.00000 0.7051
4211.00000 0.7061
4213.00000 0.706
4214.00000 0.7058
4216.00000 0.7069
4217.00000 0.7072
4219.00000 0.7069
4220.00000 0.7083
4222.00000 0.7092
4223.00000 0.7085
4225.00000 0.7095
4227.00000 0.71
4228.00000 0.7101
4230.00000 0.7096
4231.00000 0.7107
4233.00000 0.7114
4234.00000 0.7115
4236.00000 0.7118
4237.00000 0.7119
4239.00000 0.7109
4241.00000 0.7106
4242.00000 0.7109
4244.00000 0.7101
4245.00000 0.7108
4247.00000 0.7118
4248.00000 0.7117
4250.00000 0.7119
4251.00000 0.7124
4253.00000 0.7128
4255.00000 0.7132
4256.00000 0.7132
4258.00000 0.7134
4259.00000 0.7134
4261.00000 0.7131
4262.00000 0.7123
4264.00000 0.7113
4265.00000 0.7115
4267.00000 0.7117
4269.00000 0.712
4270.00000 0.7135
4272.00000 0.715
4273.00000 0.7144
4275.00000 0.7138
4276.00000 0.7133
4278.00000 0.7129
4279.00000 0.7126
4281.00000 0.7132
4283.00000 0.7142
4284.00000 0.7145
4286.00000 0.7146
4287.00000 0.7153
4289.00000 0.715
4290.00000 0.7152
4292.00000 0.7157
4293.00000 0.7153
4295.00000 0.715
4296.00000 0.7158
4298.00000 0.7158
4300.00000 0.7158
4301.00000 0.7158
4303.00000 0.7151
4304.00000 0.716
4306.00000 0.7151
4307.00000 0.7152
4309.00000 0.7156
4310.00000 0.7161
4312.00000 0.7154
4314.00000 0.7163
4315.00000 0.7166
4317.00000 0.7164
4318.00000 0.7165
4320.00000 0.7157
4321.00000 0.7154
4323.00000 0.7148
4324.00000 0.715
4326.00000 0.7151
4327.00000 0.7147
4329.00000 0.7141
4331.00000 0.7145
4332.00000 0.7142
4334.00000 0.7142
4335.00000 0.7147
4337.00000 0.7145
4338.00000 0.7142
4340.00000 0.714
4341.00000 0.7141
4343.00000 0.7139
4344.00000 0.7148
4346.00000 0.7153
4347.00000 0.7147
4349.00000 0.7141
4351.00000 0.7137
4352.00000 0.7134
4354.00000 0.7132
4355.00000 0.7142
4357.00000 0.7149
4358.00000 0.7159
4360.00000 0.7158
4361.00000 0.715
4363.00000 0.715
4364.00000 0.7143
4366.00000 0.7143
4368.00000 0.7146
4369.00000 0.7157
4371.00000 0.7161
4372.00000 0.7165
4374.00000 0.7166
4375.00000 0.7165
4377.00000 0.7159
4378.00000 0.7148
4380.00000 0.7146
4381.00000 0.7149
4383.00000 0.7146
4384.00000 0.7149
4386.00000 0.7159
4388.00000 0.7167
4389.00000 0.716
4391.00000 0.7166
4392.00000 0.7162
4394.00000 0.7157
4395.00000 0.7146
4397.00000 0.7149
4398.00000 0.7147
4400.00000 0.715
4401.00000 0.7154
4403.00000 0.7159
4404.00000 0.7161
4406.00000 0.7161
4407.00000 0.7162
4409.00000 0.716
4411.00000 0.7153
4412.00000 0.7157
4414.00000 0.7158
4415.00000 0.7157
4417.00000 0.7152
4418.00000 0.7155
4420.00000 0.7147
4421.00000 0.7143
4423.00000 0.7138
4424.00000 0.7139
4426.00000 0.7137
4427.00000 0.7131
4429.00000 0.7134
4430.00000 0.7134
4432.00000 0.7131
4434.00000 0.7132
4435.00000 0.7131
4437.00000 0.7123
4438.00000 0.7122
4440.00000 0.7124
4441.00000 0.7116
4443.00000 0.7122
4444.00000 0.7124
4446.00000 0.7121
4447.00000 0.7117
4449.00000 0.7114
4450.00000 0.7115
4452.00000 0.7114
4453.00000 0.7115
4455.00000 0.7113
4456.00000 0.7113
4458.00000 0.71
4459.00000 0.7094
4461.00000 0.7087
4463.00000 0.708
4464.00000 0.7073
4466.00000 0.7075
4467.00000 0.7069
4469.00000 0.7063
4470.00000 0.7064
4472.00000 0.7062
4473.00000 0.7052
4475.00000 0.7047
4476.00000 0.7037
4478.00000 0.7031
4479.00000 0.7022
4481.00000 0.7019
4482.00000 0.7015
4484.00000 0.7012
4485.00000 0.7007
4487.00000 0.7008
4488.00000 0.7003
4490.00000 0.7
4491.00000 0.7004
4493.00000 0.7
4495.00000 0.699
4496.00000 0.6987
4498.00000 0.6979
4499.00000 0.6967
4501.00000 0.696
4502.00000 0.6957
4504.00000 0.6952
4505.00000 0.6944
4507.00000 0.6939
4508.00000 0.6934
4510.00000 0.693
4511.00000 0.692
4513.00000 0.691
4514.00000 0.6909
4516.00000 0.6907
4517.00000 0.6898
4519.00000 0.6895
4520.00000 0.6889
4522.00000 0.6875
4523.00000 0.6869
4525.00000 0.6864
4526.00000 0.6851
4528.00000 0.685
4529.00000 0.6851
4531.00000 0.6849
4532.00000 0.6848
4534.00000 0.6851
4536.00000 0.6839
4537.00000 0.6831
4539.00000 0.6823
4540.00000 0.6812
4542.00000 0.6803
4543.00000 0.6799
4545.00000 0.6796
4546.00000 0.6785
4548.00000 0.6778
4549.00000 0.6777
4551.00000 0.6772
4552.00000 0.6761
4554.00000 0.675
4555.00000 0.6748
4557.00000 0.6739
4558.00000 0.6735
4560.00000 0.6731
4561.00000 0.6724
4563.00000 0.6718
4564.00000 0.6707
4566.00000 0.67
4567.00000 0.6687
4569.00000 0.6685
4570.00000 0.6675
4572.00000 0.6671
4573.00000 0.6666
4575.00000 0.6661
4576.00000 0.6651
4578.00000 0.6637
4579.00000 0.6629
4581.00000 0.6617
4582.00000 0.6611
4584.00000 0.6602
4585.00000 0.6601
4587.00000 0.6592
4588.00000 0.6588
4590.00000 0.6579
4591.00000 0.6568
4593.00000 0.6556
4594.00000 0.654
4596.00000 0.6525
4597.00000 0.6513
4599.00000 0.6503
4600.00000 0.6497
4602.00000 0.6491
4603.00000 0.6482
4605.00000 0.6475
4606.00000 0.6468
4608.00000 0.6454
4610.00000 0.6444
4611.00000 0.6434
4613.00000 0.6418
4614.00000 0.6413
4616.00000 0.6405
4617.00000 0.6391
4619.00000 0.6381
4620.00000 0.6375
4622.00000 0.6361
4623.00000 0.6347
4625.00000 0.6339
4626.00000 0.6327
4628.00000 0.6319
4629.00000 0.6306
4631.00000 0.6294
4632.00000 0.6278
4634.00000 0.6271
4635.00000 0.6253
4637.00000 0.6243
4638.00000 0.6235
4640.00000 0.6228
4641.00000 0.6215
4643.00000 0.6205
4644.00000 0.6185
4646.00000 0.6174
4647.00000 0.6162
4649.00000 0.6144
4650.00000 0.6125
4652.00000 0.6116
4653.00000 0.6098
4655.00000 0.6079
4656.00000 0.6067
4658.00000 0.6056
4659.00000 0.6038
4661.00000 0.6026
4662.00000 0.6007
4664.00000 0.5993
4665.00000 0.598
4667.00000 0.5967
4668.00000 0.5952
4670.00000 0.5942
4671.00000 0.5931
4673.00000 0.5912
4674.00000 0.5896
4675.00000 0.588
4677.00000 0.5862
4678.00000 0.5838
4680.00000 0.5821
4681.00000 0.5806
4683.00000 0.5788
4684.00000 0.5769
4686.00000 0.5756
4687.00000 0.5738
4689.00000 0.5718
4690.00000 0.5702
4692.00000 0.5686
4693.00000 0.5661
4695.00000 0.564
4696.00000 0.562
4698.00000 0.5599
4699.00000 0.5578
4701.00000 0.5562
4702.00000 0.5543
4704.00000 0.5527
4705.00000 0.5511
4707.00000 0.5494
4708.00000 0.5473
4710.00000 0.5455
4711.00000 0.5435
4713.00000 0.5412
4714.00000 0.5392
4716.00000 0.5371
4717.00000 0.5351
4719.00000 0.5329
4720.00000 0.5311
4722.00000 0.529
4723.00000 0.5274
4725.00000 0.5253
4726.00000 0.5233
4728.00000 0.5211
4729.00000 0.519
4731.00000 0.5168
4732.00000 0.5149
4734.00000 0.5131
4735.00000 0.5111
4737.00000 0.509
4738.00000 0.5068
4740.00000 0.5049
4741.00000 0.5028
4743.00000 0.5005
4744.00000 0.4987
4746.00000 0.4965
4747.00000 0.4944
4748.00000 0.4923
4750.00000 0.4908
4751.00000 0.4883
4753.00000 0.4866
4754.00000 0.4846
4756.00000 0.4824
4757.00000 0.48
4759.00000 0.4786
4760.00000 0.4765
4762.00000 0.4744
4763.00000 0.4726
4765.00000 0.4706
4766.00000 0.4675
4768.00000 0.4652
4769.00000 0.4629
4771.00000 0.4608
4772.00000 0.4587
4774.00000 0.4566
4775.00000 0.4546
4777.00000 0.4521
4778.00000 0.4496
4780.00000 0.4469
4781.00000 0.4448
4783.00000 0.4423
4784.00000 0.4403
4786.00000 0.4381
4787.00000 0.4361
4788.00000 0.4336
4790.00000 0.4316
4791.00000 0.4287
4793.00000 0.4263
4794.00000 0.4233
4796.00000 0.4208
4797.00000 0.4179
4799.00000 0.4159
4800.00000 0.4135
4802.00000 0.4115
4803.00000 0.4096
4805.00000 0.4074
4806.00000 0.4052
4808.00000 0.4026
4809.00000 0.4005
4811.00000 0.3983
4812.00000 0.3953
4814.00000 0.3926
4815.00000 0.3902
4817.00000 0.3876
4818.00000 0.3847
4819.00000 0.3824
4821.00000 0.38
4822.00000 0.3778
4824.00000 0.3753
4825.00000 0.3728
4827.00000 0.3703
4828.00000 0.3681
4830.00000 0.3657
4831.00000 0.3636
4833.00000 0.3615
4834.00000 0.3589
4836.00000 0.3564
4837.00000 0.3539
4839.00000 0.3512
4840.00000 0.3488
4842.00000 0.3466
4843.00000 0.3445
4845.00000 0.342
4846.00000 0.3396
4847.00000 0.3372
4849.00000 0.335
4850.00000 0.3323
4852.00000 0.3297
4853.00000 0.3273
4855.00000 0.325
4856.00000 0.3228
4858.00000 0.3206
4859.00000 0.3185
4861.00000 0.3163
4862.00000 0.3139
4864.00000 0.3115
4865.00000 0.3094
4867.00000 0.3071
4868.00000 0.3049
4869.00000 0.3026
4871.00000 0.3002
4872.00000 0.2978
4874.00000 0.2956
4875.00000 0.2933
4877.00000 0.291
4878.00000 0.2892
4880.00000 0.2872
4881.00000 0.285
4883.00000 0.2829
4884.00000 0.281
4886.00000 0.2785
4887.00000 0.2763
4889.00000 0.2739
4890.00000 0.272
4891.00000 0.2696
4893.00000 0.2679
4894.00000 0.2661
4896.00000 0.2642
4897.00000 0.262
4899.00000 0.2603
4900.00000 0.2583
4902.00000 0.2562
4903.00000 0.2542
4905.00000 0.2523
4906.00000 0.2503
4908.00000 0.2482
4909.00000 0.2463
4910.00000 0.2444
4912.00000 0.2425
4913.00000 0.2404
4915.00000 0.2384
4916.00000 0.2365
4918.00000 0.2346
4919.00000 0.2328
4921.00000 0.2314
4922.00000 0.2301
4924.00000 0.2284
4925.00000 0.2268
4927.00000 0.2254
4928.00000 0.2237
4929.00000 0.2219
4931.00000 0.2206
4932.00000 0.2192
4934.00000 0.2174
4935.00000 0.2158
4937.00000 0.214
4938.00000 0.2123
4940.00000 0.2106
4941.00000 0.2092
4943.00000 0.2078
4944.00000 0.2065
4945.00000 0.2047
4947.00000 0.2032
4948.00000 0.2018
4950.00000 0.2003
4951.00000 0.199
4953.00000 0.198
4954.00000 0.1969
4956.00000 0.1954
4957.00000 0.1942
4959.00000 0.1929
4960.00000 0.1914
4961.00000 0.1898
4963.00000 0.1885
4964.00000 0.1871
4966.00000 0.1857
4967.00000 0.1845
4969.00000 0.1836
4970.00000 0.1823
4972.00000 0.181
4973.00000 0.1798
4975.00000 0.1786
4976.00000 0.1774
4977.00000 0.1765
4979.00000 0.1754
4980.00000 0.1742
4982.00000 0.1729
4983.00000 0.1717
4985.00000 0.1702
4986.00000 0.1689
4988.00000 0.1677
4989.00000 0.1663
4990.00000 0.1651
4992.00000 0.164
4993.00000 0.1628
4995.00000 0.1616
4996.00000 0.1607
4998.00000 0.1594
4999.00000 0.1583
5001.00000 0.157
5002.00000 0.156
5003.00000 0.1549
5005.00000 0.1539
5006.00000 0.153
5008.00000 0.152
5009.00000 0.1507
5011.00000 0.1493
5012.00000 0.148
5014.00000 0.1465
5015.00000 0.1452
5017.00000 0.1443
5018.00000 0.1431
5019.00000 0.1421
5021.00000 0.1409
5022.00000 0.1396
5024.00000 0.1383
5025.00000 0.1371
5027.00000 0.1356
5028.00000 0.1342
5029.00000 0.133
5031.00000 0.1314
5032.00000 0.1303
5034.00000 0.1293
5035.00000 0.1281
5037.00000 0.1267
5038.00000 0.1261
5040.00000 0.1247
5041.00000 0.1235
5042.00000 0.1223
5044.00000 0.1212
5045.00000 0.1195
5047.00000 0.1183
5048.00000 0.1173
5050.00000 0.116
5051.00000 0.1146
5053.00000 0.1136
5054.00000 0.1123
5055.00000 0.1108
5057.00000 0.1094
5058.00000 0.1082
5060.00000 0.1071
5061.00000 0.1059
5063.00000 0.1047
5064.00000 0.1036
5065.00000 0.1027
5067.00000 0.1013
5068.00000 0.1
