threeML/data/optical_filters/LCO/IMACS-Bessell_B1.ecsv
# %ECSV 0.9
# ---
# datatype:
# - {name: wavelength, unit: Angstrom, datatype: float32}
# - {name: response, datatype: float32}
# meta: !!omap
# - {band_name: Bessell_B1}
# - {group_name: IMACS}
wavelength response
3195.89990 0.0
3551.00000 0.0043
3553.00000 0.0015
3554.00000 0.0067
3556.00000 0.0014
3558.00000 0.0064
3559.00000 0.009
3561.00000 0.0089
3562.00000 0.0166
3564.00000 0.0189
3566.00000 0.0164
3567.00000 0.0187
3569.00000 0.0286
3571.00000 0.0209
3572.00000 0.0233
3574.00000 0.0275
3576.00000 0.0321
3577.00000 0.0266
3579.00000 0.031
3581.00000 0.0387
3582.00000 0.0495
3584.00000 0.0477
3586.00000 0.0491
3587.00000 0.0521
3589.00000 0.0578
3590.00000 0.0568
3592.00000 0.0668
3594.00000 0.0722
3595.00000 0.0743
3597.00000 0.073
3599.00000 0.0716
3600.00000 0.0679
3602.00000 0.072
3604.00000 0.0803
3605.00000 0.0861
3607.00000 0.0937
3609.00000 0.1015
3610.00000 0.1122
3612.00000 0.12
3613.00000 0.1275
3615.00000 0.1363
3617.00000 0.1437
3618.00000 0.1467
3620.00000 0.1451
3622.00000 0.1464
3623.00000 0.1444
3625.00000 0.1451
3627.00000 0.143
3628.00000 0.1442
3630.00000 0.143
3632.00000 0.1444
3633.00000 0.1424
3635.00000 0.1438
3636.00000 0.1422
3638.00000 0.1419
3640.00000 0.1416
3641.00000 0.1429
3643.00000 0.142
3645.00000 0.1391
3646.00000 0.1383
3648.00000 0.1405
3650.00000 0.1371
3651.00000 0.1478
3653.00000 0.1574
3654.00000 0.1591
3656.00000 0.16
3658.00000 0.1724
3659.00000 0.1723
3661.00000 0.1751
3663.00000 0.187
3664.00000 0.1965
3666.00000 0.2035
3668.00000 0.2087
3669.00000 0.2142
3671.00000 0.2149
3672.00000 0.2176
3674.00000 0.2166
3676.00000 0.2186
3677.00000 0.219
3679.00000 0.2212
3681.00000 0.2176
3682.00000 0.2162
3684.00000 0.2118
3686.00000 0.2093
3687.00000 0.2058
3689.00000 0.2058
3690.00000 0.2035
3692.00000 0.2076
3694.00000 0.2142
3695.00000 0.2245
3697.00000 0.2292
3699.00000 0.2408
3700.00000 0.2439
3702.00000 0.2498
3703.00000 0.2516
3705.00000 0.2588
3707.00000 0.2589
3708.00000 0.2629
3710.00000 0.2611
3712.00000 0.2608
3713.00000 0.2589
3715.00000 0.2584
3717.00000 0.2595
3718.00000 0.2654
3720.00000 0.2684
3721.00000 0.2745
3723.00000 0.2813
3725.00000 0.2885
3726.00000 0.2911
3728.00000 0.2963
3730.00000 0.2989
3731.00000 0.2997
3733.00000 0.2985
3734.00000 0.2982
3736.00000 0.2969
3738.00000 0.2958
3739.00000 0.2992
3741.00000 0.2996
3743.00000 0.304
3744.00000 0.3087
3746.00000 0.3154
3747.00000 0.319
3749.00000 0.3259
3751.00000 0.3265
3752.00000 0.3278
3754.00000 0.332
3756.00000 0.3334
3757.00000 0.3331
3759.00000 0.3396
3760.00000 0.3444
3762.00000 0.3452
3764.00000 0.3475
3765.00000 0.3499
3767.00000 0.3494
3769.00000 0.3511
3770.00000 0.35
3772.00000 0.3527
3773.00000 0.3577
3775.00000 0.3607
3777.00000 0.3626
3778.00000 0.366
3780.00000 0.3687
3781.00000 0.3701
3783.00000 0.3726
3785.00000 0.3745
3786.00000 0.378
3788.00000 0.3798
3790.00000 0.3806
3791.00000 0.3813
3793.00000 0.3818
3794.00000 0.3819
3796.00000 0.3841
3798.00000 0.388
3799.00000 0.3917
3801.00000 0.3952
3803.00000 0.3992
3804.00000 0.4007
3806.00000 0.4031
3807.00000 0.4059
3809.00000 0.4088
3811.00000 0.4108
3812.00000 0.4137
3814.00000 0.4166
3815.00000 0.4173
3817.00000 0.4189
3819.00000 0.4211
3820.00000 0.4228
3822.00000 0.4236
3824.00000 0.4275
3825.00000 0.4304
3827.00000 0.4338
3828.00000 0.4366
3830.00000 0.4385
3832.00000 0.4395
3833.00000 0.4413
3835.00000 0.4427
3836.00000 0.4427
3838.00000 0.4453
3840.00000 0.4472
3841.00000 0.4495
3843.00000 0.4498
3845.00000 0.4525
3846.00000 0.4538
3848.00000 0.4553
3849.00000 0.4554
3851.00000 0.4577
3853.00000 0.46
3854.00000 0.4615
3856.00000 0.4625
3857.00000 0.4646
3859.00000 0.4657
3861.00000 0.4684
3862.00000 0.4714
3864.00000 0.4755
3865.00000 0.4788
3867.00000 0.4816
3869.00000 0.4828
3870.00000 0.4837
3872.00000 0.4845
3873.00000 0.487
3875.00000 0.4885
3877.00000 0.4892
3878.00000 0.4906
3880.00000 0.4927
3882.00000 0.4916
3883.00000 0.4936
3885.00000 0.4962
3886.00000 0.4976
3888.00000 0.4993
3890.00000 0.5033
3891.00000 0.5059
3893.00000 0.5078
3894.00000 0.5092
3896.00000 0.5098
3898.00000 0.5101
3899.00000 0.5125
3901.00000 0.5136
3902.00000 0.516
3904.00000 0.518
3906.00000 0.52
3907.00000 0.5212
3909.00000 0.5234
3910.00000 0.5249
3912.00000 0.5274
3914.00000 0.5298
3915.00000 0.5302
3917.00000 0.5306
3918.00000 0.5325
3920.00000 0.5329
3922.00000 0.5332
3923.00000 0.5345
3925.00000 0.5368
3926.00000 0.5374
3928.00000 0.5392
3930.00000 0.5418
3931.00000 0.5434
3933.00000 0.5442
3934.00000 0.546
3936.00000 0.5464
3938.00000 0.548
3939.00000 0.5501
3941.00000 0.5524
3942.00000 0.5546
3944.00000 0.5571
3946.00000 0.5573
3947.00000 0.559
3949.00000 0.5596
3950.00000 0.5607
3952.00000 0.5624
3954.00000 0.564
3955.00000 0.5646
3957.00000 0.5651
3958.00000 0.5658
3960.00000 0.5671
3962.00000 0.5683
3963.00000 0.5694
3965.00000 0.571
3966.00000 0.5718
3968.00000 0.5729
3970.00000 0.5744
3971.00000 0.5761
3973.00000 0.5778
3974.00000 0.5787
3976.00000 0.581
3978.00000 0.5819
3979.00000 0.5827
3981.00000 0.5838
3982.00000 0.5846
3984.00000 0.5844
3985.00000 0.5856
3987.00000 0.5861
3989.00000 0.5872
3990.00000 0.5887
3992.00000 0.5893
3993.00000 0.5903
3995.00000 0.5916
3997.00000 0.5917
3998.00000 0.5934
4000.00000 0.595
4001.00000 0.595
4003.00000 0.5956
4005.00000 0.5979
4006.00000 0.5986
4008.00000 0.5992
4009.00000 0.6006
4011.00000 0.6011
4013.00000 0.6019
4014.00000 0.6033
4016.00000 0.6039
4017.00000 0.6054
4019.00000 0.6066
4020.00000 0.6081
4022.00000 0.6089
4024.00000 0.6099
4025.00000 0.6109
4027.00000 0.612
4028.00000 0.6132
4030.00000 0.6135
4032.00000 0.6146
4033.00000 0.6151
4035.00000 0.6165
4036.00000 0.616
4038.00000 0.6172
4039.00000 0.6177
4041.00000 0.619
4043.00000 0.6194
4044.00000 0.6207
4046.00000 0.6204
4047.00000 0.6213
4049.00000 0.6215
4051.00000 0.6212
4052.00000 0.6216
4054.00000 0.6228
4055.00000 0.6239
4057.00000 0.6251
4058.00000 0.6268
4060.00000 0.6274
4062.00000 0.6291
4063.00000 0.629
4065.00000 0.6297
4066.00000 0.6297
4068.00000 0.6306
4070.00000 0.6312
4071.00000 0.6329
4073.00000 0.633
4074.00000 0.6335
4076.00000 0.6341
4077.00000 0.6338
4079.00000 0.6342
4081.00000 0.6354
4082.00000 0.6363
4084.00000 0.6374
4085.00000 0.6382
4087.00000 0.6387
4089.00000 0.6393
4090.00000 0.6397
4092.00000 0.6396
4093.00000 0.6411
4095.00000 0.6428
4096.00000 0.6426
4098.00000 0.6437
4100.00000 0.6452
4101.00000 0.6441
4103.00000 0.6439
4104.00000 0.6456
4106.00000 0.6465
4107.00000 0.6471
4109.00000 0.6489
4111.00000 0.6496
4112.00000 0.6497
4114.00000 0.6503
4115.00000 0.6509
4117.00000 0.6511
4118.00000 0.6508
4120.00000 0.6518
4122.00000 0.652
4123.00000 0.652
4125.00000 0.652
4126.00000 0.653
4128.00000 0.6538
4129.00000 0.6542
4131.00000 0.6551
4133.00000 0.6561
4134.00000 0.6571
4136.00000 0.657
4137.00000 0.658
4139.00000 0.6585
4140.00000 0.6587
4142.00000 0.6586
4144.00000 0.6603
4145.00000 0.6611
4147.00000 0.6613
4148.00000 0.6627
4150.00000 0.6637
4151.00000 0.6635
4153.00000 0.6645
4155.00000 0.6653
4156.00000 0.6656
4158.00000 0.6667
4159.00000 0.6668
4161.00000 0.6662
4162.00000 0.6674
4164.00000 0.6686
4166.00000 0.6691
4167.00000 0.6692
4169.00000 0.6701
4170.00000 0.6703
4172.00000 0.6703
4173.00000 0.6701
4175.00000 0.6718
4177.00000 0.6719
4178.00000 0.6722
4180.00000 0.6725
4181.00000 0.6736
4183.00000 0.6732
4184.00000 0.6737
4186.00000 0.6748
4187.00000 0.6757
4189.00000 0.6764
4191.00000 0.677
4192.00000 0.6779
4194.00000 0.6772
4195.00000 0.6786
4197.00000 0.6792
4198.00000 0.6797
4200.00000 0.6803
4202.00000 0.6817
4203.00000 0.6825
4205.00000 0.6826
4206.00000 0.6831
4208.00000 0.6836
4209.00000 0.6836
4211.00000 0.6827
4213.00000 0.6833
4214.00000 0.684
4216.00000 0.6848
4217.00000 0.6857
4219.00000 0.6865
4220.00000 0.6874
4222.00000 0.6882
4223.00000 0.6881
4225.00000 0.6882
4227.00000 0.6883
4228.00000 0.6879
4230.00000 0.6874
4231.00000 0.6873
4233.00000 0.6877
4234.00000 0.6883
4236.00000 0.689
4237.00000 0.6894
4239.00000 0.6899
4241.00000 0.6901
4242.00000 0.6902
4244.00000 0.6898
4245.00000 0.6903
4247.00000 0.6903
4248.00000 0.6905
4250.00000 0.6903
4251.00000 0.6912
4253.00000 0.6916
4255.00000 0.6926
4256.00000 0.6923
4258.00000 0.6931
4259.00000 0.6923
4261.00000 0.6921
4262.00000 0.6924
4264.00000 0.6932
4265.00000 0.6941
4267.00000 0.6945
4269.00000 0.6943
4270.00000 0.6934
4272.00000 0.6934
4273.00000 0.6926
4275.00000 0.6927
4276.00000 0.6929
4278.00000 0.6938
4279.00000 0.6937
4281.00000 0.6932
4283.00000 0.6927
4284.00000 0.6935
4286.00000 0.6932
4287.00000 0.6934
4289.00000 0.6938
4290.00000 0.6941
4292.00000 0.6944
4293.00000 0.695
4295.00000 0.6957
4296.00000 0.6959
4298.00000 0.6969
4300.00000 0.6973
4301.00000 0.6974
4303.00000 0.6963
4304.00000 0.6966
4306.00000 0.6967
4307.00000 0.6963
4309.00000 0.6957
4310.00000 0.6962
4312.00000 0.696
4314.00000 0.6956
4315.00000 0.696
4317.00000 0.6962
4318.00000 0.6966
4320.00000 0.6972
4321.00000 0.6974
4323.00000 0.6966
4324.00000 0.6965
4326.00000 0.6962
4327.00000 0.6962
4329.00000 0.6961
4331.00000 0.6965
4332.00000 0.6969
4334.00000 0.6969
4335.00000 0.6964
4337.00000 0.6967
4338.00000 0.6971
4340.00000 0.6975
4341.00000 0.6977
4343.00000 0.6974
4344.00000 0.6976
4346.00000 0.697
4347.00000 0.6962
4349.00000 0.6961
4351.00000 0.6967
4352.00000 0.6966
4354.00000 0.6969
4355.00000 0.6972
4357.00000 0.6972
4358.00000 0.6966
4360.00000 0.6971
4361.00000 0.6977
4363.00000 0.6982
4364.00000 0.6979
4366.00000 0.6982
4368.00000 0.6985
4369.00000 0.6976
4371.00000 0.6968
4372.00000 0.6974
4374.00000 0.6978
4375.00000 0.6979
4377.00000 0.6993
4378.00000 0.7001
4380.00000 0.7006
4381.00000 0.7012
4383.00000 0.7008
4384.00000 0.7004
4386.00000 0.701
4388.00000 0.7003
4389.00000 0.6995
4391.00000 0.6999
4392.00000 0.6988
4394.00000 0.6987
4395.00000 0.699
4397.00000 0.7001
4398.00000 0.7
4400.00000 0.7006
4401.00000 0.7005
4403.00000 0.701
4404.00000 0.7012
4406.00000 0.7013
4407.00000 0.7016
4409.00000 0.7014
4411.00000 0.701
4412.00000 0.7009
4414.00000 0.7015
4415.00000 0.702
4417.00000 0.7018
4418.00000 0.7018
4420.00000 0.7009
4421.00000 0.7009
4423.00000 0.7006
4424.00000 0.7009
4426.00000 0.7007
4427.00000 0.701
4429.00000 0.6999
4430.00000 0.6995
4432.00000 0.6993
4434.00000 0.7001
4435.00000 0.7004
4437.00000 0.7007
4438.00000 0.7015
4440.00000 0.7016
4441.00000 0.7004
4443.00000 0.7002
4444.00000 0.7
4446.00000 0.6994
4447.00000 0.6991
4449.00000 0.6993
4450.00000 0.6987
4452.00000 0.6985
4453.00000 0.6975
4455.00000 0.6969
4456.00000 0.697
4458.00000 0.697
4459.00000 0.6966
4461.00000 0.6966
4463.00000 0.6962
4464.00000 0.6954
4466.00000 0.6949
4467.00000 0.6948
4469.00000 0.6945
4470.00000 0.6942
4472.00000 0.6945
4473.00000 0.6941
4475.00000 0.6933
4476.00000 0.6926
4478.00000 0.6917
4479.00000 0.6909
4481.00000 0.6908
4482.00000 0.6904
4484.00000 0.69
4485.00000 0.6902
4487.00000 0.69
4488.00000 0.6898
4490.00000 0.6892
4491.00000 0.6888
4493.00000 0.6878
4495.00000 0.6872
4496.00000 0.6862
4498.00000 0.6859
4499.00000 0.6857
4501.00000 0.6855
4502.00000 0.6852
4504.00000 0.6845
4505.00000 0.6841
4507.00000 0.6834
4508.00000 0.6828
4510.00000 0.6822
4511.00000 0.6814
4513.00000 0.6808
4514.00000 0.6801
4516.00000 0.6797
4517.00000 0.6786
4519.00000 0.6783
4520.00000 0.678
4522.00000 0.6773
4523.00000 0.6766
4525.00000 0.6763
4526.00000 0.6755
4528.00000 0.6745
4529.00000 0.6749
4531.00000 0.6748
4532.00000 0.6747
4534.00000 0.6749
4536.00000 0.6741
4537.00000 0.6725
4539.00000 0.6716
4540.00000 0.6709
4542.00000 0.6706
4543.00000 0.6703
4545.00000 0.6703
4546.00000 0.6697
4548.00000 0.6688
4549.00000 0.6683
4551.00000 0.668
4552.00000 0.6674
4554.00000 0.6664
4555.00000 0.6661
4557.00000 0.6649
4558.00000 0.664
4560.00000 0.6633
4561.00000 0.6631
4563.00000 0.6619
4564.00000 0.6607
4566.00000 0.6607
4567.00000 0.6596
4569.00000 0.6592
4570.00000 0.6594
4572.00000 0.6587
4573.00000 0.6571
4575.00000 0.6568
4576.00000 0.6558
4578.00000 0.6548
4579.00000 0.6546
4581.00000 0.6539
4582.00000 0.6529
4584.00000 0.6527
4585.00000 0.6521
4587.00000 0.6515
4588.00000 0.6514
4590.00000 0.6507
4591.00000 0.6497
4593.00000 0.6489
4594.00000 0.6478
4596.00000 0.6461
4597.00000 0.6453
4599.00000 0.6444
4600.00000 0.6429
4602.00000 0.6424
4603.00000 0.6418
4605.00000 0.6411
4606.00000 0.6394
4608.00000 0.6383
4610.00000 0.6374
4611.00000 0.6365
4613.00000 0.6351
4614.00000 0.6346
4616.00000 0.6347
4617.00000 0.6331
4619.00000 0.6321
4620.00000 0.6309
4622.00000 0.6301
4623.00000 0.6286
4625.00000 0.6281
4626.00000 0.6267
4628.00000 0.6263
4629.00000 0.6248
4631.00000 0.6235
4632.00000 0.6221
4634.00000 0.6209
4635.00000 0.6194
4637.00000 0.6187
4638.00000 0.6174
4640.00000 0.6166
4641.00000 0.6158
4643.00000 0.6148
4644.00000 0.6134
4646.00000 0.6126
4647.00000 0.6116
4649.00000 0.6104
4650.00000 0.609
4652.00000 0.6071
4653.00000 0.6054
4655.00000 0.604
4656.00000 0.6031
4658.00000 0.6017
4659.00000 0.6001
4661.00000 0.599
4662.00000 0.5971
4664.00000 0.595
4665.00000 0.5938
4667.00000 0.5925
4668.00000 0.5904
4670.00000 0.5887
4671.00000 0.5875
4673.00000 0.5856
4674.00000 0.5844
4675.00000 0.5835
4677.00000 0.5816
4678.00000 0.5799
4680.00000 0.578
4681.00000 0.5766
4683.00000 0.5747
4684.00000 0.573
4686.00000 0.5714
4687.00000 0.5697
4689.00000 0.5681
4690.00000 0.5664
4692.00000 0.565
4693.00000 0.5628
4695.00000 0.5609
4696.00000 0.5588
4698.00000 0.5571
4699.00000 0.5556
4701.00000 0.5539
4702.00000 0.5521
4704.00000 0.5505
4705.00000 0.5485
4707.00000 0.5463
4708.00000 0.5444
4710.00000 0.5431
4711.00000 0.541
4713.00000 0.5392
4714.00000 0.5372
4716.00000 0.5356
4717.00000 0.5335
4719.00000 0.5315
4720.00000 0.5295
4722.00000 0.527
4723.00000 0.5247
4725.00000 0.5225
4726.00000 0.5205
4728.00000 0.5187
4729.00000 0.5174
4731.00000 0.5157
4732.00000 0.5138
4734.00000 0.5123
4735.00000 0.5104
4737.00000 0.508
4738.00000 0.5061
4740.00000 0.5044
4741.00000 0.5023
4743.00000 0.5
4744.00000 0.4982
4746.00000 0.4956
4747.00000 0.4933
4748.00000 0.4911
4750.00000 0.4894
4751.00000 0.4873
4753.00000 0.4858
4754.00000 0.4841
4756.00000 0.4823
4757.00000 0.48
4759.00000 0.4785
4760.00000 0.4766
4762.00000 0.4741
4763.00000 0.4717
4765.00000 0.4699
4766.00000 0.4673
4768.00000 0.465
4769.00000 0.4627
4771.00000 0.4613
4772.00000 0.459
4774.00000 0.4571
4775.00000 0.4552
4777.00000 0.4538
4778.00000 0.4511
4780.00000 0.4489
4781.00000 0.4465
4783.00000 0.4438
4784.00000 0.4414
4786.00000 0.4394
4787.00000 0.4371
4788.00000 0.4347
4790.00000 0.4328
4791.00000 0.4299
4793.00000 0.4275
4794.00000 0.4251
4796.00000 0.4225
4797.00000 0.4202
4799.00000 0.4178
4800.00000 0.4158
4802.00000 0.4131
4803.00000 0.4111
4805.00000 0.4087
4806.00000 0.4067
4808.00000 0.4043
4809.00000 0.4023
4811.00000 0.3998
4812.00000 0.397
4814.00000 0.3947
4815.00000 0.3921
4817.00000 0.3896
4818.00000 0.3872
4819.00000 0.3849
4821.00000 0.3824
4822.00000 0.3797
4824.00000 0.3776
4825.00000 0.3754
4827.00000 0.3732
4828.00000 0.3707
4830.00000 0.3685
4831.00000 0.3659
4833.00000 0.3636
4834.00000 0.3607
4836.00000 0.3584
4837.00000 0.3561
4839.00000 0.3537
4840.00000 0.351
4842.00000 0.3489
4843.00000 0.3466
4845.00000 0.344
4846.00000 0.3417
4847.00000 0.3393
4849.00000 0.337
4850.00000 0.3345
4852.00000 0.3324
4853.00000 0.3301
4855.00000 0.3281
4856.00000 0.326
4858.00000 0.3239
4859.00000 0.3213
4861.00000 0.3191
4862.00000 0.3165
4864.00000 0.314
4865.00000 0.3118
4867.00000 0.3099
4868.00000 0.3078
4869.00000 0.3055
4871.00000 0.3032
4872.00000 0.3008
4874.00000 0.2985
4875.00000 0.2963
4877.00000 0.2943
4878.00000 0.2921
4880.00000 0.2901
4881.00000 0.2879
4883.00000 0.2857
4884.00000 0.2834
4886.00000 0.2814
4887.00000 0.2793
4889.00000 0.2772
4890.00000 0.2754
4891.00000 0.2733
4893.00000 0.2713
4894.00000 0.2692
4896.00000 0.2671
4897.00000 0.2648
4899.00000 0.263
4900.00000 0.2608
4902.00000 0.2591
4903.00000 0.2573
4905.00000 0.2556
4906.00000 0.2537
4908.00000 0.2521
4909.00000 0.25
4910.00000 0.2483
4912.00000 0.2463
4913.00000 0.2446
4915.00000 0.2428
4916.00000 0.2411
4918.00000 0.2392
4919.00000 0.2376
4921.00000 0.2357
4922.00000 0.234
4924.00000 0.2321
4925.00000 0.2307
4927.00000 0.229
4928.00000 0.2275
4929.00000 0.2262
4931.00000 0.2245
4932.00000 0.2226
4934.00000 0.221
4935.00000 0.2195
4937.00000 0.2172
