threeML/data/optical_filters/LCO/IMACS-RhoadsA.ecsv
# %ECSV 0.9
# ---
# datatype:
# - {name: wavelength, unit: Angstrom, datatype: float32}
# - {name: response, datatype: float32}
# meta: !!omap
# - {band_name: RhoadsA}
# - {group_name: IMACS}
wavelength response
8101.08008 0.0
9001.20020 0.00104
9004.20020 0.00113
9007.20020 0.0013
9010.29980 0.00137
9013.29980 0.0016
9016.40039 0.00187
9019.40039 0.00198
9022.40039 0.00208
9025.50000 0.00217
9028.50000 0.00238
9031.50000 0.00247
9034.59961 0.00266
9037.59961 0.00275
9040.70020 0.00282
9043.70020 0.003
9046.70020 0.0029
9049.79980 0.00315
9052.79980 0.00334
9055.79980 0.00358
9058.90039 0.00392
9061.90039 0.00417
9064.90039 0.00456
9067.90039 0.00468
9071.00000 0.00505
9074.00000 0.00544
9077.00000 0.00612
9080.09961 0.00709
9083.09961 0.00781
9086.09961 0.00917
9089.20020 0.01056
9092.20020 0.01233
9095.20020 0.01489
9098.20020 0.01842
9101.29980 0.0228
9104.29980 0.02863
9107.29980 0.03647
9110.29980 0.04681
9113.40039 0.06066
9116.40039 0.07914
9119.40039 0.10368
9122.40039 0.13467
9125.50000 0.17313
9128.50000 0.2193
9131.50000 0.2713
9134.50000 0.32958
9137.50000 0.39171
9140.59961 0.45468
9143.59961 0.51788
9146.59961 0.57936
9149.59961 0.63655
9152.59961 0.69028
9155.70020 0.73727
9158.70020 0.776
9161.70020 0.80654
9164.70020 0.82932
9167.70020 0.846
9170.79980 0.85782
9173.79980 0.86482
9176.79980 0.86895
9179.79980 0.87051
9182.79980 0.86998
9185.79980 0.86772
9188.79980 0.86432
9191.90039 0.85909
9194.90039 0.85165
9197.90039 0.83994
9200.90039 0.8228
9203.90039 0.79883
9206.90039 0.76812
9209.90039 0.72877
9212.90039 0.68324
9215.90039 0.63156
9219.00000 0.57502
9222.00000 0.51477
9225.00000 0.45179
9228.00000 0.38872
9231.00000 0.32803
9234.00000 0.27178
9237.00000 0.22058
9240.00000 0.176
9243.00000 0.13826
9246.00000 0.10766
9249.00000 0.08325
9252.00000 0.06434
9255.00000 0.0499
9258.00000 0.03844
9261.00000 0.02979
9264.00000 0.02355
9267.09961 0.01895
9270.09961 0.01566
9273.09961 0.01301
9276.09961 0.01097
9279.09961 0.0094
9282.09961 0.00865
9285.09961 0.00749
9288.09961 0.00657
9291.09961 0.00602
9294.09961 0.00568
9297.09961 0.00536
9300.00000 0.00485
9303.00000 0.00427
9306.00000 0.00382
9309.00000 0.0036
9312.00000 0.00326
9315.00000 0.00267
9318.00000 0.00249
9321.00000 0.00235
9324.00000 0.00234
9327.00000 0.00219
9330.00000 0.00196
9333.00000 0.00171
9336.00000 0.00175
9339.00000 0.0015
9342.00000 0.00115
9345.00000 0.00112
9348.00000 0.0012
9350.90039 0.00118
9353.90039 0.00116
9356.90039 0.00103
9359.90039 0.0009
10295.89062 0.0
