threeML/data/optical_filters/LCO/IMACS-GG455.ecsv
# %ECSV 0.9
# ---
# datatype:
# - {name: wavelength, unit: Angstrom, datatype: float32}
# - {name: response, datatype: float32}
# meta: !!omap
# - {band_name: GG455}
# - {group_name: IMACS}
wavelength response
3916.80005 0.0
4352.00000 0.0012
4354.00000 0.0012
4355.00000 0.0011
4357.00000 0.0013
4358.00000 0.0013
4360.00000 0.0015
4361.00000 0.0017
4363.00000 0.0018
4364.00000 0.0013
4366.00000 0.0012
4368.00000 0.0016
4369.00000 0.0016
4371.00000 0.0013
4372.00000 0.0011
4374.00000 0.0006
4375.00000 0.0001
4377.00000 0.0001
4378.00000 0.0006
4380.00000 0.0011
4381.00000 0.0017
4383.00000 0.0023
4384.00000 0.002
4386.00000 0.0018
4388.00000 0.0018
4389.00000 0.0019
4391.00000 0.0017
4392.00000 0.0022
4394.00000 0.0025
4395.00000 0.0024
4397.00000 0.0022
4398.00000 0.0022
4400.00000 0.0021
4401.00000 0.002
4403.00000 0.0021
4404.00000 0.0023
4406.00000 0.0022
4407.00000 0.0023
4409.00000 0.0027
4411.00000 0.0029
4412.00000 0.0038
4414.00000 0.0049
4415.00000 0.006
4417.00000 0.0069
4418.00000 0.0081
4420.00000 0.0087
4421.00000 0.0101
4423.00000 0.0113
4424.00000 0.0124
4426.00000 0.0138
4427.00000 0.0154
4429.00000 0.0167
4430.00000 0.0183
4432.00000 0.0201
4434.00000 0.0221
4435.00000 0.0239
4437.00000 0.0263
4438.00000 0.029
4440.00000 0.0315
4441.00000 0.0343
4443.00000 0.0375
4444.00000 0.0406
4446.00000 0.044
4447.00000 0.0481
4449.00000 0.0514
4450.00000 0.0557
4452.00000 0.0601
4453.00000 0.0643
4455.00000 0.0689
4456.00000 0.0738
4458.00000 0.0789
4459.00000 0.084
4461.00000 0.0894
4463.00000 0.0949
4464.00000 0.101
4466.00000 0.1074
4467.00000 0.114
4469.00000 0.1215
4470.00000 0.1281
4472.00000 0.1351
4473.00000 0.1422
4475.00000 0.1495
4476.00000 0.1572
4478.00000 0.1652
4479.00000 0.1729
4481.00000 0.1816
4482.00000 0.1913
4484.00000 0.1998
4485.00000 0.2092
4487.00000 0.2187
4488.00000 0.228
4490.00000 0.2375
4491.00000 0.2476
4493.00000 0.2576
4495.00000 0.2673
4496.00000 0.2769
4498.00000 0.2867
4499.00000 0.2971
4501.00000 0.3071
4502.00000 0.3176
4504.00000 0.3281
4505.00000 0.3392
4507.00000 0.3499
4508.00000 0.3603
4510.00000 0.3711
4511.00000 0.3814
4513.00000 0.3913
4514.00000 0.4023
4516.00000 0.414
4517.00000 0.4243
4519.00000 0.4344
4520.00000 0.4447
4522.00000 0.454
4523.00000 0.4643
4525.00000 0.475
4526.00000 0.4847
4528.00000 0.4947
4529.00000 0.5055
4531.00000 0.5158
4532.00000 0.527
4534.00000 0.5371
4536.00000 0.5463
4537.00000 0.5552
4539.00000 0.5643
4540.00000 0.5724
4542.00000 0.5807
4543.00000 0.5889
4545.00000 0.5978
4546.00000 0.6066
4548.00000 0.6151
4549.00000 0.6241
4551.00000 0.6322
4552.00000 0.6411
4554.00000 0.649
4555.00000 0.6571
4557.00000 0.6647
4558.00000 0.6713
4560.00000 0.6782
4561.00000 0.6849
4563.00000 0.6917
4564.00000 0.6979
4566.00000 0.7052
4567.00000 0.7116
4569.00000 0.7184
4570.00000 0.7239
4572.00000 0.7297
4573.00000 0.7355
4575.00000 0.7413
4576.00000 0.7465
4578.00000 0.7527
4579.00000 0.7585
4581.00000 0.7637
4582.00000 0.7689
4584.00000 0.7745
4585.00000 0.7793
4587.00000 0.7842
4588.00000 0.7894
4590.00000 0.794
4591.00000 0.7983
4593.00000 0.8025
4594.00000 0.807
4596.00000 0.811
4597.00000 0.8148
4599.00000 0.818
4600.00000 0.8219
4602.00000 0.8246
4603.00000 0.8282
4605.00000 0.8322
4606.00000 0.8365
4608.00000 0.8395
4610.00000 0.8429
4611.00000 0.8463
4613.00000 0.8487
4614.00000 0.8517
4616.00000 0.8549
4617.00000 0.8582
4619.00000 0.8612
4620.00000 0.8641
4622.00000 0.8664
4623.00000 0.8692
4625.00000 0.8712
4626.00000 0.873
4628.00000 0.8751
4629.00000 0.8777
4631.00000 0.8795
4632.00000 0.8821
4634.00000 0.8848
4635.00000 0.887
4637.00000 0.8879
4638.00000 0.8901
4640.00000 0.8922
4641.00000 0.8934
4643.00000 0.8954
4644.00000 0.8974
4646.00000 0.899
4647.00000 0.9003
4649.00000 0.9021
4650.00000 0.9033
4652.00000 0.9053
4653.00000 0.9066
4655.00000 0.9086
4656.00000 0.9102
4658.00000 0.9115
4659.00000 0.9131
4661.00000 0.9145
4662.00000 0.9152
4664.00000 0.9161
4665.00000 0.918
4667.00000 0.9194
4668.00000 0.9211
4670.00000 0.9223
4671.00000 0.9237
4673.00000 0.9245
4674.00000 0.9252
4675.00000 0.9258
4677.00000 0.9274
4678.00000 0.9285
4680.00000 0.9297
4681.00000 0.9313
4683.00000 0.9324
4684.00000 0.933
4686.00000 0.9343
4687.00000 0.9349
4689.00000 0.9354
4690.00000 0.936
4692.00000 0.9367
4693.00000 0.9371
4695.00000 0.9375
4696.00000 0.9384
4698.00000 0.9389
4699.00000 0.9401
4701.00000 0.9414
4702.00000 0.9423
4704.00000 0.9427
4705.00000 0.9434
4707.00000 0.9435
4708.00000 0.9436
4710.00000 0.9441
4711.00000 0.9449
4713.00000 0.9457
4714.00000 0.9464
4716.00000 0.9472
4717.00000 0.9483
4719.00000 0.9486
4720.00000 0.9498
4722.00000 0.9504
4723.00000 0.9508
4725.00000 0.9511
4726.00000 0.9521
4728.00000 0.9519
4729.00000 0.9524
4731.00000 0.9526
4732.00000 0.953
4734.00000 0.9533
4735.00000 0.9544
4737.00000 0.9551
4738.00000 0.9562
4740.00000 0.9568
4741.00000 0.9568
4743.00000 0.9572
4744.00000 0.9577
4746.00000 0.9571
4747.00000 0.9573
4748.00000 0.9578
4750.00000 0.9583
4751.00000 0.9582
4753.00000 0.9592
4754.00000 0.9593
4756.00000 0.9594
4757.00000 0.9592
4759.00000 0.9602
4760.00000 0.9615
4762.00000 0.9617
4763.00000 0.9622
4765.00000 0.9636
4766.00000 0.9636
4768.00000 0.9629
4769.00000 0.9625
4771.00000 0.963
4772.00000 0.9626
4774.00000 0.962
4775.00000 0.9624
4777.00000 0.9643
4778.00000 0.9637
4780.00000 0.9629
4781.00000 0.9638
4783.00000 0.9639
4784.00000 0.9634
4786.00000 0.9646
4787.00000 0.9652
4788.00000 0.9654
4790.00000 0.9669
4791.00000 0.966
4793.00000 0.9658
4794.00000 0.9657
4796.00000 0.9656
4797.00000 0.9656
4799.00000 0.967
4800.00000 0.9677
4802.00000 0.9677
4803.00000 0.9689
4805.00000 0.9686
4806.00000 0.969
4808.00000 0.9686
4809.00000 0.9688
4811.00000 0.9685
4812.00000 0.9674
4814.00000 0.9672
4815.00000 0.9675
4817.00000 0.9681
4818.00000 0.9677
4819.00000 0.9685
4821.00000 0.9694
4822.00000 0.9696
4824.00000 0.9698
4825.00000 0.9705
4827.00000 0.9707
4828.00000 0.9702
4830.00000 0.9705
4831.00000 0.9712
4833.00000 0.9717
4834.00000 0.9722
4836.00000 0.9727
4837.00000 0.9735
4839.00000 0.9733
4840.00000 0.9733
4842.00000 0.9738
4843.00000 0.974
4845.00000 0.9737
4846.00000 0.9743
4847.00000 0.9741
4849.00000 0.9734
4850.00000 0.9737
4852.00000 0.9745
4853.00000 0.9742
4855.00000 0.9751
4856.00000 0.9756
4858.00000 0.9755
4859.00000 0.9747
4861.00000 0.9753
4862.00000 0.9749
4864.00000 0.975
4865.00000 0.975
4867.00000 0.9756
4868.00000 0.9754
4869.00000 0.9754
4871.00000 0.976
4872.00000 0.9765
4874.00000 0.977
4875.00000 0.9773
4877.00000 0.9777
4878.00000 0.9773
4880.00000 0.9768
4881.00000 0.9769
4883.00000 0.9772
4884.00000 0.9771
4886.00000 0.9778
4887.00000 0.9783
4889.00000 0.9781
4890.00000 0.9782
4891.00000 0.9784
4893.00000 0.9783
4894.00000 0.9783
4896.00000 0.9788
4897.00000 0.9792
4899.00000 0.9797
4900.00000 0.9797
4902.00000 0.9801
4903.00000 0.9802
4905.00000 0.9799
4906.00000 0.9796
4908.00000 0.9795
4909.00000 0.9796
4910.00000 0.9796
4912.00000 0.9796
4913.00000 0.9803
4915.00000 0.9806
4916.00000 0.9804
4918.00000 0.9799
4919.00000 0.9801
4921.00000 0.9799
4922.00000 0.9802
4924.00000 0.9808
4925.00000 0.9813
4927.00000 0.9808
4928.00000 0.9808
4929.00000 0.9806
4931.00000 0.9803
4932.00000 0.9805
4934.00000 0.9812
4935.00000 0.9813
4937.00000 0.9815
4938.00000 0.9816
4940.00000 0.9817
4941.00000 0.9815
4943.00000 0.9811
4944.00000 0.9811
4945.00000 0.9811
4947.00000 0.9809
4948.00000 0.9809
4950.00000 0.9814
4951.00000 0.9811
4953.00000 0.9813
4954.00000 0.9813
4956.00000 0.9818
4957.00000 0.9816
4959.00000 0.982
4960.00000 0.9819
4961.00000 0.9828
4963.00000 0.9829
4964.00000 0.9834
4966.00000 0.9839
4967.00000 0.9843
4969.00000 0.9839
4970.00000 0.9841
4972.00000 0.984
4973.00000 0.9843
4975.00000 0.9847
4976.00000 0.9848
4977.00000 0.9849
4979.00000 0.9856
4980.00000 0.9853
4982.00000 0.9847
4983.00000 0.9851
4985.00000 0.9853
4986.00000 0.9852
4988.00000 0.9853
4989.00000 0.9863
4990.00000 0.9863
4992.00000 0.9858
4993.00000 0.9855
4995.00000 0.9852
4996.00000 0.9846
4998.00000 0.9845
4999.00000 0.9848
5001.00000 0.9847
5002.00000 0.9849
5003.00000 0.9847
5005.00000 0.9845
5006.00000 0.9847
5008.00000 0.9856
5009.00000 0.9862
5011.00000 0.9867
5012.00000 0.9871
5014.00000 0.9873
5015.00000 0.987
5017.00000 0.987
5018.00000 0.9869
5019.00000 0.9867
5021.00000 0.9862
5022.00000 0.9865
5024.00000 0.9862
5025.00000 0.9864
5027.00000 0.9865
5028.00000 0.9869
5029.00000 0.9866
5031.00000 0.9867
5032.00000 0.987
5034.00000 0.9876
5035.00000 0.9875
5037.00000 0.9876
5038.00000 0.9879
5040.00000 0.9877
5041.00000 0.9868
5042.00000 0.9869
5044.00000 0.9869
5045.00000 0.9869
5047.00000 0.9873
5048.00000 0.9882
5050.00000 0.9877
5051.00000 0.9876
5053.00000 0.9872
5054.00000 0.9865
5055.00000 0.9864
5057.00000 0.9871
5058.00000 0.9877
5060.00000 0.9886
5061.00000 0.9892
5063.00000 0.9895
5064.00000 0.9898
5065.00000 0.9896
5067.00000 0.9897
5068.00000 0.9898
5070.00000 0.9894
5071.00000 0.9893
5073.00000 0.9891
5074.00000 0.9888
5076.00000 0.9884
5077.00000 0.9886
5078.00000 0.9885
5080.00000 0.9888
5081.00000 0.9888
5083.00000 0.9891
5084.00000 0.9894
5086.00000 0.9895
5087.00000 0.9895
5088.00000 0.9897
5090.00000 0.99
5091.00000 0.99
5093.00000 0.9899
5094.00000 0.99
5096.00000 0.9898
5097.00000 0.9894
5098.00000 0.989
5100.00000 0.9892
5101.00000 0.9893
5103.00000 0.9898
5104.00000 0.9896
5106.00000 0.9902
5107.00000 0.99
5109.00000 0.9899
5110.00000 0.9897
5111.00000 0.9902
5113.00000 0.9899
5114.00000 0.9902
5116.00000 0.9902
5117.00000 0.9903
5119.00000 0.9902
5120.00000 0.9903
5121.00000 0.9905
5123.00000 0.9903
5124.00000 0.99
5126.00000 0.9902
5127.00000 0.9902
5129.00000 0.9901
5130.00000 0.9901
5131.00000 0.99
5133.00000 0.99
5134.00000 0.9899
5136.00000 0.9901
5137.00000 0.9906
5139.00000 0.991
5140.00000 0.9915
5141.00000 0.9917
5143.00000 0.9912
5144.00000 0.991
5146.00000 0.9901
5147.00000 0.9895
5148.00000 0.99
5150.00000 0.9898
5151.00000 0.9896
5153.00000 0.9898
5154.00000 0.9897
5156.00000 0.9894
5157.00000 0.9904
5158.00000 0.9913
5160.00000 0.9921
5161.00000 0.9925
5163.00000 0.992
5164.00000 0.9915
5166.00000 0.9913
5167.00000 0.9911
5168.00000 0.9913
5170.00000 0.9914
5171.00000 0.9916
5173.00000 0.9907
5174.00000 0.9902
5176.00000 0.9902
5177.00000 0.9906
5178.00000 0.9906
5180.00000 0.9908
5181.00000 0.9911
5183.00000 0.9913
5184.00000 0.9912
5185.00000 0.9906
5187.00000 0.991
5188.00000 0.9915
5190.00000 0.9918
5191.00000 0.9921
5193.00000 0.9926
5194.00000 0.9922
5195.00000 0.9919
5197.00000 0.9913
5198.00000 0.9909
5200.00000 0.9908
5201.00000 0.9906
5202.00000 0.9909
5204.00000 0.9916
5205.00000 0.992
5207.00000 0.9933
5208.00000 0.9937
5210.00000 0.9938
5211.00000 0.9935
5212.00000 0.9933
5214.00000 0.9924
5215.00000 0.9927
5217.00000 0.9919
5218.00000 0.9921
5219.00000 0.9928
5221.00000 0.9927
5222.00000 0.9926
5224.00000 0.9929
5225.00000 0.9929
5227.00000 0.9925
5228.00000 0.9928
5229.00000 0.993
5231.00000 0.9931
5232.00000 0.9922
5234.00000 0.9923
5235.00000 0.9916
5236.00000 0.9913
5238.00000 0.9916
5239.00000 0.9925
5241.00000 0.9923
5242.00000 0.9925
5243.00000 0.9932
5245.00000 0.9929
5246.00000 0.9924
5248.00000 0.9926
5249.00000 0.993
5250.00000 0.9921
5252.00000 0.992
5253.00000 0.992
5255.00000 0.9924
5256.00000 0.9922
5258.00000 0.9926
5259.00000 0.9929
5260.00000 0.9935
5262.00000 0.9922
5263.00000 0.9922
5265.00000 0.9919
5266.00000 0.9915
5267.00000 0.9903
5269.00000 0.9909
5270.00000 0.9912
5272.00000 0.9912
5273.00000 0.9918
5274.00000 0.9928
5276.00000 0.9928
5277.00000 0.9923
5279.00000 0.9925
5280.00000 0.9926
5281.00000 0.9936
5283.00000 0.9935
5284.00000 0.9946
5286.00000 0.9941
5287.00000 0.9932
5288.00000 0.9921
5290.00000 0.9927
5291.00000 0.9933
5293.00000 0.9937
5294.00000 0.9945
5295.00000 0.9945
5297.00000 0.9944
5298.00000 0.9916
5300.00000 0.9918
5301.00000 0.9914
5302.00000 0.9907
5304.00000 0.9915
5305.00000 0.9933
5307.00000 0.9927
5308.00000 0.9924
5309.00000 0.9924
5311.00000 0.9927
5312.00000 0.9923
5314.00000 0.9929
5315.00000 0.9927
5316.00000 0.9921
5318.00000 0.9919
5319.00000 0.9928
5321.00000 0.9935
5322.00000 0.9946
5323.00000 0.9945
5325.00000 0.9944
5326.00000 0.9945
5328.00000 0.9946
5329.00000 0.9947
5330.00000 0.9935
5332.00000 0.9941
5333.00000 0.9936
5335.00000 0.9935
5336.00000 0.9948
5337.00000 0.9945
5339.00000 0.9944
5340.00000 0.994
5342.00000 0.9939
5343.00000 0.993
5344.00000 0.992
5346.00000 0.9919
5347.00000 0.9915
5349.00000 0.9912
5350.00000 0.9918
5351.00000 0.9926
5353.00000 0.9936
5354.00000 0.9936
5356.00000 0.9947
5357.00000 0.9941
5358.00000 0.9938
5360.00000 0.993
5361.00000 0.9938
5363.00000 0.9947
5364.00000 0.9948
5365.00000 0.9944
5367.00000 0.994
5368.00000 0.9938
5369.00000 0.9933
5371.00000 0.9935
5372.00000 0.9918
5374.00000 0.9915
5375.00000 0.9922
5376.00000 0.9933
5378.00000 0.9925
5379.00000 0.9936
5381.00000 0.9943
5382.00000 0.994
5383.00000 0.9942
5385.00000 0.9946
5386.00000 0.9948
5388.00000 0.9946
5389.00000 0.9946
5390.00000 0.9936
5392.00000 0.9915
5393.00000 0.992
5394.00000 0.9913
5396.00000 0.9916
5397.00000 0.9918
5399.00000 0.9931
5400.00000 0.9914
5401.00000 0.9924
5403.00000 0.992
5404.00000 0.9918
5406.00000 0.9923
5407.00000 0.9928
5408.00000 0.9916
5410.00000 0.9921
5411.00000 0.9922
5412.00000 0.9922
5414.00000 0.9931
5415.00000 0.994
5417.00000 0.9937
5418.00000 0.9938
5419.00000 0.9942
5421.00000 0.9923
5422.00000 0.9905
5424.00000 0.9897
5425.00000 0.9903
5426.00000 0.9905
5428.00000 0.9914
5429.00000 0.994
5430.00000 0.9941
5432.00000 0.9936
5433.00000 0.9931
5435.00000 0.9941
5436.00000 0.9943
5437.00000 0.9942
5439.00000 0.994
5440.00000 0.994
5441.00000 0.9939
5443.00000 0.9922
5444.00000 0.9909
5446.00000 0.9902
5447.00000 0.9904
5448.00000 0.9913
5450.00000 0.9921
5451.00000 0.9932
5453.00000 0.9931
5454.00000 0.9929
5455.00000 0.993
5457.00000 0.9947
5458.00000 0.9938
5459.00000 0.9917
5461.00000 0.9921
5462.00000 0.991
5464.00000 0.9933
5465.00000 0.9938
5466.00000 0.994
5468.00000 0.993
5469.00000 0.9942
5470.00000 0.9935
5472.00000 0.9928
5473.00000 0.9928
5475.00000 0.993
5476.00000 0.993
5477.00000 0.9933
5479.00000 0.9936
5480.00000 0.9938
5481.00000 0.994
5483.00000 0.9941
5484.00000 0.9945
5485.00000 0.9947
5487.00000 0.9944
5488.00000 0.9949
5490.00000 0.9947
5491.00000 0.9946
5492.00000 0.9945
5494.00000 0.9943
5495.00000 0.9942
5496.00000 0.9943
5498.00000 0.9944
5499.00000 0.9943
5501.00000 0.9942
5502.00000 0.9943
5503.00000 0.9944
5505.00000 0.9942
5506.00000 0.9943
5507.00000 0.9949
5509.00000 0.994
5510.00000 0.9913
5512.00000 0.9904
5513.00000 0.9916
5514.00000 0.9912
5516.00000 0.9915
5517.00000 0.9928
5518.00000 0.9915
5520.00000 0.9927
5521.00000 0.9924
5522.00000 0.9923
5524.00000 0.9893
5525.00000 0.99
5527.00000 0.9892
5528.00000 0.9895
5529.00000 0.9915
5531.00000 0.992
5532.00000 0.993
5533.00000 0.994
5535.00000 0.9942
5536.00000 0.9924
5537.00000 0.9942
5539.00000 0.9942
5540.00000 0.9941
5542.00000 0.9942
5543.00000 0.9945
5544.00000 0.9927
5546.00000 0.993
5547.00000 0.9919
5548.00000 0.9922
5550.00000 0.9934
5551.00000 0.9935
5552.00000 0.9936
5554.00000 0.9937
5555.00000 0.9945
5557.00000 0.9929
5558.00000 0.9913
5559.00000 0.9904
5561.00000 0.9924
5562.00000 0.9936
5563.00000 0.9933
5565.00000 0.9931
5566.00000 0.9928
5567.00000 0.9925
5569.00000 0.9926
5570.00000 0.9927
5572.00000 0.9909
5573.00000 0.9877
5574.00000 0.9885
5576.00000 0.9885
5577.00000 0.9879
5578.00000 0.9879
5580.00000 0.9888
5581.00000 0.9887
5582.00000 0.9896
5584.00000 0.9905
5585.00000 0.993
5586.00000 0.9944
5588.00000 0.9943
5589.00000 0.9944
5591.00000 0.9944
5592.00000 0.9939
5593.00000 0.9918
5595.00000 0.9917
5596.00000 0.9933
5597.00000 0.9938
5599.00000 0.9938
5600.00000 0.9932
6003.00000 0.9835
6006.00000 0.9831
6009.00000 0.984
6013.00000 0.9834
6016.00000 0.9837
6020.00000 0.984
6023.00000 0.9848
6027.00000 0.9842
6030.00000 0.9853
6033.00000 0.9854
6037.00000 0.985
6040.00000 0.985
6044.00000 0.9847
6047.00000 0.9839
6051.00000 0.9833
6054.00000 0.9838
6058.00000 0.9836
6061.00000 0.9839
6064.00000 0.9849
6068.00000 0.9854
6071.00000 0.9855
6075.00000 0.9857
6078.00000 0.9854
6082.00000 0.9846
6085.00000 0.9848
6088.00000 0.9846
6092.00000 0.9843
6095.00000 0.9845
6099.00000 0.9855
6102.00000 0.9848
