threeML/data/optical_filters/LCO/IMACS-WBP6226.ecsv
# %ECSV 0.9
# ---
# datatype:
# - {name: wavelength, unit: Angstrom, datatype: float32}
# - {name: response, datatype: float32}
# meta: !!omap
# - {band_name: WBP6226}
# - {group_name: IMACS}
wavelength response
5386.68018 0.0
5985.20020 0.00578
5988.70020 0.00573
5992.10010 0.00595
5995.60010 0.00603
5999.00000 0.00613
6002.50000 0.00633
6005.89990 0.00654
6009.29980 0.00694
6012.79980 0.00707
6016.20020 0.00756
6019.70020 0.00796
6023.10010 0.00843
6026.60010 0.0089
6030.00000 0.00936
6033.39990 0.01013
6036.89990 0.01086
6040.29980 0.01153
6043.70020 0.01217
6047.20020 0.01269
6050.60010 0.01356
6054.10010 0.01432
6057.50000 0.01515
6060.89990 0.01612
6064.39990 0.01732
6067.79980 0.01844
6071.20020 0.01954
6074.70020 0.02085
6078.10010 0.02222
6081.50000 0.02385
6085.00000 0.02556
6088.39990 0.02737
6091.79980 0.02929
6095.29980 0.0315
6098.70020 0.03388
6102.10010 0.03636
6105.60010 0.03906
6109.00000 0.04193
6112.39990 0.04501
6115.79980 0.04846
6119.29980 0.05209
6122.70020 0.05612
6126.10010 0.06039
6129.60010 0.06493
6133.00000 0.06991
6136.39990 0.07536
6139.79980 0.08117
6143.29980 0.08756
6146.70020 0.09454
6150.10010 0.10186
6153.50000 0.10986
6157.00000 0.11854
6160.39990 0.12785
6163.79980 0.13791
6167.20020 0.14874
6170.60010 0.16036
6174.10010 0.17289
6177.50000 0.18615
6180.89990 0.20057
6184.29980 0.21572
6187.79980 0.23209
6191.20020 0.2496
6194.60010 0.26787
6198.00000 0.28733
6201.39990 0.30772
6204.79980 0.32894
6208.29980 0.35131
6211.70020 0.37441
6215.10010 0.39846
6218.50000 0.42305
6221.89990 0.44799
6225.29980 0.47349
6228.79980 0.49916
6232.20020 0.52521
6235.60010 0.55115
6239.00000 0.57694
6242.39990 0.60236
6245.79980 0.62713
6249.20020 0.65146
6252.60010 0.6752
6256.10010 0.69803
6259.50000 0.7202
6262.89990 0.74105
6266.29980 0.76098
6269.70020 0.77982
6273.10010 0.79744
6276.50000 0.81352
6279.89990 0.82857
6283.29980 0.84227
6286.70020 0.85459
6290.10010 0.86558
6293.50000 0.87569
6297.00000 0.88478
6300.39990 0.89273
6303.79980 0.89982
6307.20020 0.90597
6310.60010 0.91102
6314.00000 0.91545
6317.39990 0.91939
6320.79980 0.92245
6324.20020 0.92511
6327.60010 0.92739
6331.00000 0.92949
6334.39990 0.93097
6337.79980 0.93203
6341.20020 0.93292
6344.60010 0.93346
6348.00000 0.93391
6351.39990 0.93442
6354.79980 0.93479
6358.20020 0.93514
6361.60010 0.93513
6365.00000 0.93508
6368.39990 0.93475
6371.79980 0.93464
6375.20020 0.93478
6378.60010 0.93455
6382.00000 0.93469
6385.39990 0.93468
6388.70020 0.93467
6392.10010 0.93432
6395.50000 0.93421
6398.89990 0.93449
6402.29980 0.93462
6405.70020 0.93491
6409.10010 0.93507
6412.50000 0.93505
6415.89990 0.93552
6419.29980 0.93569
6422.70020 0.9361
6426.10010 0.9362
6429.39990 0.93686
6432.79980 0.93722
6436.20020 0.93761
6439.60010 0.93816
6443.00000 0.93866
6446.39990 0.93934
6449.79980 0.93989
6453.20020 0.94016
6456.50000 0.94035
6459.89990 0.94072
6463.29980 0.94111
6466.70020 0.94135
6470.10010 0.94173
6473.50000 0.94205
6476.79980 0.94227
6480.20020 0.94262
6483.60010 0.94285
6487.00000 0.94335
6490.39990 0.94399
6493.79980 0.94468
6497.10010 0.94498
6500.50000 0.94532
6503.89990 0.94562
6507.29980 0.94606
6510.60010 0.94628
6514.00000 0.94641
6517.39990 0.94663
6520.79980 0.94681
6524.20020 0.94695
6527.50000 0.94686
6530.89990 0.94647
6534.29980 0.94662
6537.70020 0.9464
6541.00000 0.94644
6544.39990 0.94607
6547.79980 0.94582
6551.20020 0.94587
6554.50000 0.94554
6557.89990 0.94527
6561.29980 0.9451
6564.60010 0.94481
6568.00000 0.94446
6571.39990 0.94417
6574.79980 0.94398
6578.10010 0.94335
6581.50000 0.9429
6584.89990 0.94234
6588.20020 0.94202
6591.60010 0.94162
6595.00000 0.94092
6598.29980 0.93997
6601.70020 0.9391
6605.10010 0.939
6608.39990 0.93796
6611.79980 0.93745
6615.20020 0.93661
6618.50000 0.93631
6621.89990 0.93537
6625.29980 0.93414
6628.60010 0.93409
6632.00000 0.93371
6635.29980 0.9329
6638.70020 0.9326
6642.10010 0.93181
6645.39990 0.93127
6648.79980 0.93067
6652.10010 0.93014
6655.50000 0.92912
6658.89990 0.92912
6662.20020 0.92905
6665.60010 0.9278
6668.89990 0.92716
6672.29980 0.92692
6675.70020 0.92626
6679.00000 0.92615
6682.39990 0.92546
6685.70020 0.92476
6689.10010 0.92469
6692.39990 0.92473
6695.79980 0.92461
6699.10010 0.92436
6702.50000 0.92471
6705.89990 0.92463
6709.20020 0.92491
6712.60010 0.92523
6715.89990 0.92502
6719.29980 0.92586
6722.60010 0.92644
6726.00000 0.92686
6729.29980 0.92717
6732.70020 0.92764
6736.00000 0.92821
6739.39990 0.92846
6742.70020 0.92918
6746.10010 0.92977
6749.39990 0.93026
6752.79980 0.931
6756.10010 0.93162
6759.39990 0.93225
6762.79980 0.93288
6766.10010 0.93381
6769.50000 0.93446
6772.79980 0.93514
6776.20020 0.9359
6779.50000 0.93636
6782.89990 0.937
6786.20020 0.93795
6789.50000 0.93849
6792.89990 0.93907
6796.20020 0.93967
6799.60010 0.94033
6802.89990 0.94082
6806.20020 0.94092
6809.60010 0.94116
6812.89990 0.94144
6816.29980 0.94173
6819.60010 0.94192
6822.89990 0.94173
6826.29980 0.94166
6829.60010 0.94133
6833.00000 0.94125
6836.29980 0.94114
6839.60010 0.94108
6843.00000 0.94124
6846.29980 0.94102
6849.60010 0.94056
6853.00000 0.94043
6856.29980 0.94027
6859.60010 0.93996
6863.00000 0.93943
6866.29980 0.93929
6869.60010 0.9389
6873.00000 0.93854
6876.29980 0.9377
6879.60010 0.93711
6883.00000 0.93662
6886.29980 0.93608
6889.60010 0.93553
6892.89990 0.93453
6896.29980 0.93388
6899.60010 0.93374
6902.89990 0.93303
6906.20020 0.93237
6909.60010 0.93155
6912.89990 0.93101
6916.20020 0.93025
6919.60010 0.92986
6922.89990 0.92954
6926.20020 0.92896
6929.50000 0.9286
6932.89990 0.92819
6936.20020 0.92753
6939.50000 0.92726
6942.79980 0.92709
6946.10010 0.92708
6949.50000 0.92703
6952.79980 0.92713
6956.10010 0.92679
6959.39990 0.92696
6962.70020 0.92686
6966.10010 0.927
6969.39990 0.92717
6972.70020 0.92758
6976.00000 0.92794
6979.29980 0.92808
6982.70020 0.92819
6986.00000 0.92873
6989.29980 0.9288
6992.60010 0.92917
6995.89990 0.92923
6999.20020 0.92959
7002.50000 0.93007
7005.89990 0.9304
7009.20020 0.93064
7012.50000 0.93081
7015.79980 0.93089
7019.10010 0.93102
7022.39990 0.93071
7025.70020 0.9309
7029.00000 0.93101
7032.39990 0.93083
7035.70020 0.93086
7039.00000 0.93061
7042.29980 0.9304
7045.60010 0.93002
7048.89990 0.92959
7052.20020 0.92916
7055.50000 0.92875
7058.79980 0.92818
7062.10010 0.9275
7065.39990 0.92678
7068.70020 0.92604
7072.00000 0.92503
7075.39990 0.92411
7078.70020 0.92321
7082.00000 0.92219
7085.29980 0.92082
7088.60010 0.91959
7091.89990 0.91804
7095.20020 0.91652
7098.50000 0.91475
7101.79980 0.91234
7105.10010 0.9097
7108.39990 0.90652
7111.70020 0.90254
7115.00000 0.89791
7118.29980 0.89215
7121.60010 0.8858
7124.89990 0.87797
7128.20020 0.86871
7131.50000 0.85798
7134.79980 0.84553
7138.10010 0.83133
7141.39990 0.81522
7144.70020 0.79742
7148.00000 0.77755
7151.20020 0.75522
7154.50000 0.73099
7157.79980 0.70462
7161.10010 0.67674
7164.39990 0.64718
7167.70020 0.61618
7171.00000 0.58409
7174.29980 0.55121
7177.60010 0.51786
7180.89990 0.48453
7184.20020 0.45152
7187.50000 0.4192
7190.79980 0.38745
7194.00000 0.35675
7197.29980 0.32747
7200.60010 0.29968
7203.89990 0.27346
7207.20020 0.2487
7210.50000 0.22596
7213.79980 0.20505
7217.10010 0.18559
7220.29980 0.16798
7223.60010 0.15199
7226.89990 0.13746
7230.20020 0.12423
7233.50000 0.11229
7236.79980 0.10132
7240.00000 0.09144
7243.29980 0.08256
7246.60010 0.07456
7249.89990 0.06736
7253.20020 0.06095
7256.50000 0.05506
7259.70020 0.04988
7263.00000 0.04515
7266.29980 0.04106
7269.60010 0.03717
7272.89990 0.03386
7276.10010 0.03093
7279.39990 0.02829
7282.70020 0.0259
7286.00000 0.02377
7289.20020 0.02178
7292.50000 0.02001
7295.79980 0.01828
7299.10010 0.01687
7302.29980 0.01551
7305.60010 0.01438
7308.89990 0.01325
7312.20020 0.01205
7315.39990 0.0109
7318.70020 0.00996
7322.00000 0.00904
7325.29980 0.00824
7328.50000 0.0075
7331.79980 0.00699
7335.10010 0.00653
7338.29980 0.00605
7341.60010 0.0056
7344.89990 0.00529
7348.10010 0.00513
7351.39990 0.005
7354.70020 0.00483
7357.89990 0.00462
7361.20020 0.00446
7364.50000 0.0042
7367.70020 0.00384
7371.00000 0.00355
7374.29980 0.00329
7377.50000 0.00302
7380.79980 0.00272
7384.10010 0.00236
7387.29980 0.00211
7390.60010 0.0019
7393.89990 0.00167
7397.10010 0.00136
7400.39990 0.00121
7403.60010 0.00114
7406.89990 0.001
7410.20020 0.00079
7413.39990 0.00064
7416.70020 0.00053
7419.89990 0.00046
7423.20020 0.00036
7426.50000 0.00029
7429.70020 0.00026
7433.00000 0.00027
7436.20020 0.00022
7439.50000 0.00019
7442.79980 0.00017
8187.07959 0.0
