threeML/data/optical_filters/LCO/IMACS-WBP4791.ecsv
# %ECSV 0.9
# ---
# datatype:
# - {name: wavelength, unit: Angstrom, datatype: float32}
# - {name: response, datatype: float32}
# meta: !!omap
# - {band_name: WBP4791}
# - {group_name: IMACS}
wavelength response
[from data line 848]
5698.00000 0.92309
5700.00000 0.92373
5701.00000 0.92413
5702.00000 0.92605
5704.00000 0.92726
5705.00000 0.92796
5706.00000 0.92719
5708.00000 0.92611
5709.00000 0.92599
5710.00000 0.92556
5712.00000 0.9263
5713.00000 0.92698
5714.00000 0.92842
5716.00000 0.9298
5717.00000 0.92879
5718.00000 0.92876
5720.00000 0.92945
5721.00000 0.92943
5722.00000 0.92857
5724.00000 0.92763
5725.00000 0.92661
5726.00000 0.92494
5728.00000 0.92507
5729.00000 0.92352
5730.00000 0.92191
5732.00000 0.92098
5733.00000 0.92119
5734.00000 0.92117
5736.00000 0.92117
5737.00000 0.9238
5738.00000 0.92483
5740.00000 0.92642
5741.00000 0.92942
5742.00000 0.92937
5744.00000 0.93048
5745.00000 0.93079
5746.00000 0.93212
5748.00000 0.93221
5749.00000 0.93328
5750.00000 0.93343
5752.00000 0.93217
5753.00000 0.93167
5754.00000 0.93108
5756.00000 0.92996
5757.00000 0.92859
5758.00000 0.92742
5760.00000 0.9291
5761.00000 0.92985
5762.00000 0.93012
5764.00000 0.92862
5765.00000 0.92851
5766.00000 0.92794
5768.00000 0.92884
5769.00000 0.92984
5770.00000 0.92895
5772.00000 0.92742
5773.00000 0.92631
5774.00000 0.92482
5775.00000 0.92188
5777.00000 0.92047
5778.00000 0.91983
5779.00000 0.91967
5781.00000 0.92146
5782.00000 0.92017
5783.00000 0.91913
5785.00000 0.91803
5786.00000 0.91919
5787.00000 0.91942
5789.00000 0.91939
5790.00000 0.9202
5791.00000 0.92064
5793.00000 0.92313
5794.00000 0.92181
5795.00000 0.91974
5797.00000 0.92055
5798.00000 0.91836
5799.00000 0.91929
5801.00000 0.91923
5985.20020 0.90718
5988.70020 0.90812
5992.10010 0.90828
5995.60010 0.90896
5999.00000 0.9093
6002.50000 0.90905
6005.89990 0.90895
6009.29980 0.90841
6012.79980 0.90813
6016.20020 0.90784
6019.70020 0.90758
6023.10010 0.9072
6026.60010 0.9066
6030.00000 0.9062
6033.39990 0.90548
6036.89990 0.90456
6040.29980 0.90433
6043.70020 0.90364
6047.20020 0.90339
6050.60010 0.90287
6054.10010 0.90234
6057.50000 0.90178
6060.89990 0.90178
6064.39990 0.90167
6067.79980 0.90152
6071.20020 0.9017
6074.70020 0.90192
6078.10010 0.90194
6081.50000 0.9022
6085.00000 0.90243
6088.39990 0.90274
6091.79980 0.90335
6095.29980 0.90395
6098.70020 0.90443
6102.10010 0.90503
6105.60010 0.90545
6109.00000 0.90557
6112.39990 0.90602
6115.79980 0.90637
6119.29980 0.90693
6122.70020 0.90726
6126.10010 0.90763
6129.60010 0.90805
6133.00000 0.90813
6136.39990 0.90825
6139.79980 0.90829
6143.29980 0.90812
6146.70020 0.90822
6150.10010 0.90804
6153.50000 0.90785
6157.00000 0.90778
6160.39990 0.90769
6163.79980 0.90767
6167.20020 0.90731
6170.60010 0.90691
6174.10010 0.90628
6177.50000 0.90535
6180.89990 0.90498
6184.29980 0.90409
6187.79980 0.90346
6191.20020 0.90259
6194.60010 0.90158
6198.00000 0.90073
6201.39990 0.89983
6204.79980 0.89913
6208.29980 0.89861
6211.70020 0.89799
6215.10010 0.8976
6218.50000 0.89704
6221.89990 0.89685
6225.29980 0.89658
6228.79980 0.89653
6232.20020 0.89639
6235.60010 0.89642
6239.00000 0.89614
6242.39990 0.89579
6245.79980 0.89546
6249.20020 0.89525
6252.60010 0.8951
6256.10010 0.89514
6259.50000 0.89485
6262.89990 0.89441
6266.29980 0.89432
6269.70020 0.89431
6273.10010 0.89397
6276.50000 0.89392
6279.89990 0.89379
6283.29980 0.89378
6286.70020 0.89411
6290.10010 0.8943
6293.50000 0.89399
6297.00000 0.89424
6300.39990 0.89442
6303.79980 0.89445
6307.20020 0.89466
6310.60010 0.89498
6314.00000 0.89523
6317.39990 0.89523
6320.79980 0.89514
6324.20020 0.89417
6327.60010 0.89291
6331.00000 0.89105
6334.39990 0.88811
6337.79980 0.88414
6341.20020 0.87887
6344.60010 0.87195
6348.00000 0.86324
6351.39990 0.85254
6354.79980 0.8396
6358.20020 0.8245
6361.60010 0.80726
6365.00000 0.78757
6368.39990 0.76549
6371.79980 0.74128
6375.20020 0.71508
6378.60010 0.68635
6382.00000 0.65615
6385.39990 0.62453
6388.70020 0.59234
6392.10010 0.55957
6395.50000 0.52629
6398.89990 0.49307
6402.29980 0.4607
6405.70020 0.42859
6409.10010 0.39794
6412.50000 0.36832
6415.89990 0.34056
6419.29980 0.31405
6422.70020 0.28875
6426.10010 0.26529
6429.39990 0.24355
6432.79980 0.22331
6436.20020 0.20456
6439.60010 0.1873
6443.00000 0.17161
6446.39990 0.15738
6449.79980 0.14426
6453.20020 0.13234
6456.50000 0.12162
6459.89990 0.11197
6463.29980 0.10296
6466.70020 0.09471
6470.10010 0.0872
6473.50000 0.08034
6476.79980 0.07408
6480.20020 0.0683
6483.60010 0.06296
6487.00000 0.05823
6490.39990 0.0538
6493.79980 0.04982
6497.10010 0.04604
6500.50000 0.04265
6503.89990 0.03949
6507.29980 0.03658
6510.60010 0.0338
6514.00000 0.03145
6517.39990 0.02926
6520.79980 0.02717
6524.20020 0.02523
6527.50000 0.02344
6530.89990 0.02167
6534.29980 0.02014
6537.70020 0.01866
6541.00000 0.01747
6544.39990 0.01632
6547.79980 0.01538
6551.20020 0.01425
6554.50000 0.01315
6557.89990 0.01226
6561.29980 0.01146
6564.60010 0.01073
6568.00000 0.01008
6571.39990 0.00943
6574.79980 0.00885
6578.10010 0.00823
6581.50000 0.0075
6584.89990 0.00685
6588.20020 0.0064
6591.60010 0.00603
6595.00000 0.00564
6598.29980 0.00529
6601.70020 0.00495
6605.10010 0.00465
6608.39990 0.0044
6611.79980 0.00424
6615.20020 0.00406
6618.50000 0.00401
6621.89990 0.00392
6625.29980 0.00386
6628.60010 0.00381
6632.00000 0.00369
6635.29980 0.0035
6638.70020 0.00331
6642.10010 0.00304
6645.39990 0.00286
6648.79980 0.00265
6652.10010 0.00242
6655.50000 0.00219
6658.89990 0.00197
6662.20020 0.00182
6665.60010 0.00164
6668.89990 0.00151
6672.29980 0.00142
6675.70020 0.00126
6679.00000 0.00119
6682.39990 0.00106
6685.70020 0.00093
6689.10010 0.00088
6692.39990 0.00088
6695.79980 0.00084
6699.10010 0.00073
6702.50000 0.00058
7372.75000 0.0
