threeML/data/optical_filters/LCO/IMACS-f_676nm.ecsv
# %ECSV 0.9
# ---
# datatype:
# - {name: wavelength, unit: Angstrom, datatype: float32}
# - {name: response, datatype: float32}
# meta: !!omap
# - {band_name: f_676nm}
# - {group_name: IMACS}
wavelength response
5905.16992 0.0
6561.29980 6e-05
6564.60010 5e-05
6568.00000 6e-05
6571.39990 7e-05
6574.79980 8e-05
6578.10010 9e-05
6581.50000 0.00011
6584.89990 9e-05
6588.20020 9e-05
6591.60010 9e-05
6595.00000 9e-05
6598.29980 9e-05
6601.70020 0.00011
6605.10010 0.0001
6608.39990 9e-05
6611.79980 0.0001
6615.20020 9e-05
6618.50000 5e-05
6621.89990 0.00011
6625.29980 0.00016
6628.60010 0.00026
6632.00000 0.00027
6635.29980 0.00033
6638.70020 0.00043
6642.10010 0.00071
6645.39990 0.00101
6648.79980 0.00131
6652.10010 0.00166
6655.50000 0.00205
6658.89990 0.00246
6662.20020 0.00312
6665.60010 0.00373
6668.89990 0.00469
6672.29980 0.00579
6675.70020 0.00712
6679.00000 0.00881
6682.39990 0.01105
6685.70020 0.01399
6689.10010 0.01795
6692.39990 0.02312
6695.79980 0.03008
6699.10010 0.03922
6702.50000 0.05202
6705.89990 0.06901
6709.20020 0.09247
6712.60010 0.12325
6715.89990 0.16252
6719.29980 0.21191
6722.60010 0.26994
6726.00000 0.33479
6729.29980 0.40438
6732.70020 0.47524
6736.00000 0.54405
6739.39990 0.60889
6742.70020 0.6672
6746.10010 0.71705
6749.39990 0.75698
6752.79980 0.78532
6756.10010 0.80163
6759.39990 0.80615
6762.79980 0.79996
6766.10010 0.78411
6769.50000 0.76134
6772.79980 0.73219
6776.20020 0.69689
6779.50000 0.65657
6782.89990 0.61147
6786.20020 0.56158
6789.50000 0.50847
6792.89990 0.45265
6796.20020 0.39579
6799.60010 0.33934
6802.89990 0.28469
6806.20020 0.23313
6809.60010 0.18645
6812.89990 0.1451
6816.29980 0.11051
6819.60010 0.08283
6822.89990 0.06132
6826.29980 0.04516
6829.60010 0.03325
6833.00000 0.02463
6836.29980 0.01842
6839.60010 0.01395
6843.00000 0.01086
6846.29980 0.00853
6849.60010 0.00676
6853.00000 0.00536
6856.29980 0.00422
6859.60010 0.00342
6863.00000 0.00272
6866.29980 0.00223
6869.60010 0.00187
6873.00000 0.00145
6876.29980 0.00109
6879.60010 0.00068
6883.00000 0.00046
6886.29980 0.00026
6889.60010 0.00021
6892.89990 0.00018
6896.29980 0.00015
6899.60010 0.00016
6902.89990 0.00015
6906.20020 0.00012
6909.60010 0.00013
6912.89990 0.00012
6916.20020 0.00013
6919.60010 0.00012
6922.89990 0.00013
6926.20020 0.0001
6929.50000 0.00011
6932.89990 0.0001
6936.20020 9e-05
6939.50000 6e-05
6942.79980 7e-05
6946.10010 6e-05
6949.50000 5e-05
6952.79980 4e-05
6956.10010 5e-05
7651.70996 0.0
