threeML/data/optical_filters/LCO/IMACS-Bessell_R2.ecsv
# %ECSV 0.9
# ---
# datatype:
# - {name: wavelength, unit: Angstrom, datatype: float32}
# - {name: response, datatype: float32}
# meta: !!omap
# - {band_name: Bessell_R2}
# - {group_name: IMACS}
wavelength response
[from data line 856]
8315.40039 0.06939
8318.59961 0.06872
8321.70020 0.06827
8324.79980 0.06762
8328.00000 0.06762
8331.09961 0.06706
8334.20020 0.06661
8337.40039 0.06596
8340.50000 0.06553
8343.59961 0.06477
8346.79980 0.06435
8349.90039 0.06377
8353.00000 0.06345
8356.20020 0.06287
8359.29980 0.06241
8362.40039 0.06192
8365.59961 0.06165
8368.70020 0.06137
8371.79980 0.06151
8374.90039 0.06139
8378.09961 0.06155
8381.20020 0.06131
8384.29980 0.06111
8387.50000 0.06009
8390.59961 0.05948
8393.70020 0.05851
8396.79980 0.05776
8400.00000 0.05705
8403.09961 0.05692
8406.20020 0.0565
8409.29980 0.0563
8412.50000 0.05585
8415.59961 0.05586
8418.70020 0.05562
8421.79980 0.05564
8425.00000 0.05522
8428.09961 0.05547
8431.20020 0.05472
8434.29980 0.05422
8437.40039 0.05327
8440.59961 0.0529
8443.70020 0.05209
8446.79980 0.05172
8449.90039 0.05135
8453.00000 0.05124
8456.20020 0.05068
8459.29980 0.05036
8462.40039 0.05009
8465.50000 0.04983
8468.59961 0.04951
8471.70020 0.04952
8474.90039 0.04931
8478.00000 0.0491
8481.09961 0.04899
8484.20020 0.04886
8487.29980 0.0484
8490.40039 0.04811
8493.50000 0.04791
8496.59961 0.04761
8499.79980 0.04723
8502.90039 0.04695
8506.00000 0.04618
8509.09961 0.04538
8512.20020 0.04455
8515.29980 0.04428
8518.40039 0.04361
8521.50000 0.04374
8524.59961 0.04377
8527.70020 0.0437
8530.90039 0.04336
8534.00000 0.04378
8537.09961 0.04347
8540.20020 0.04313
8543.29980 0.04289
8546.40039 0.0426
8549.50000 0.0415
8552.59961 0.04109
8555.70020 0.04055
8558.79980 0.04015
8561.90039 0.03957
8565.00000 0.03926
8568.09961 0.03884
8571.20020 0.03859
8574.29980 0.03806
8577.40039 0.03795
8580.50000 0.03777
8583.59961 0.03774
8586.70020 0.03766
8589.79980 0.03796
8592.90039 0.03772
8596.00000 0.03795
8599.09961 0.03786
8602.20020 0.03786
8605.29980 0.03745
8608.40039 0.03762
8611.50000 0.03691
8614.59961 0.03682
8617.70020 0.03629
8620.79980 0.0362
8623.90039 0.03546
8627.00000 0.03536
8630.09961 0.03436
8633.20020 0.03393
8636.20020 0.03307
8639.29980 0.03285
8642.40039 0.0325
8645.50000 0.03267
8648.59961 0.03269
8651.70020 0.03289
8654.79980 0.0326
8657.90039 0.03271
8661.00000 0.0325
8664.09961 0.03254
8667.09961 0.0324
8670.20020 0.03266
8673.29980 0.03243
8676.40039 0.03189
8679.50000 0.03172
8682.59961 0.03156
8685.70020 0.03056
8688.79980 0.03045
8691.79980 0.03057
8694.90039 0.03001
8698.00000 0.02926
8701.09961 0.02914
8704.20020 0.02808
8707.29980 0.02767
8710.29980 0.02711
8713.40039 0.02697
8716.50000 0.0269
8719.59961 0.02713
8722.70020 0.02686
8725.70020 0.02713
8728.79980 0.02709
8731.90039 0.02715
8735.00000 0.02716
8738.09961 0.02734
8741.09961 0.02732
8744.20020 0.0274
8747.29980 0.02735
8750.40039 0.02743
8753.40039 0.02741
8756.50000 0.02722
8759.59961 0.02693
8762.70020 0.02705
8765.70020 0.02692
8768.79980 0.02657
8771.90039 0.02617
8775.00000 0.02581
8778.00000 0.02495
8781.09961 0.02452
8784.20020 0.02423
8787.29980 0.02426
8790.29980 0.02408
8793.40039 0.02377
8796.50000 0.02312
8799.50000 0.02268
8802.59961 0.02183
8805.70020 0.02165
8808.70020 0.02148
8811.79980 0.02135
8814.90039 0.02159
8817.90039 0.02159
8821.00000 0.02123
8824.09961 0.02122
8827.09961 0.02123
8830.20020 0.0206
8833.29980 0.02028
8836.29980 0.02026
8839.40039 0.02017
8842.50000 0.0201
8845.50000 0.02003
8848.59961 0.02026
8851.59961 0.02019
8854.70020 0.02038
8857.79980 0.02035
8860.79980 0.0205
8863.90039 0.02074
8867.00000 0.02091
8870.00000 0.02041
8873.09961 0.02052
8876.09961 0.02043
8879.20020 0.02031
8882.20020 0.01999
8885.29980 0.02028
8888.40039 0.02004
8891.40039 0.02004
8894.50000 0.0199
8897.50000 0.02017
8900.59961 0.02022
8903.59961 0.02026
8906.70020 0.01965
8909.70020 0.01953
8912.79980 0.01923
8915.90039 0.01903
8918.90039 0.0187
8922.00000 0.01896
8925.00000 0.01857
8928.09961 0.01832
8931.09961 0.01733
8934.20020 0.01737
8937.20020 0.01665
8940.29980 0.01612
8943.29980 0.01571
8946.40039 0.01625
8949.40039 0.01574
8952.50000 0.01606
8955.50000 0.01606
8958.50000 0.01629
8961.59961 0.01581
8964.59961 0.01555
8967.70020 0.01512
8970.70020 0.01527
8973.79980 0.0144
8976.79980 0.01408
8979.90039 0.01356
8982.90039 0.01325
8986.00000 0.01271
8989.00000 0.01288
8992.00000 0.01258
8995.09961 0.01287
8998.09961 0.01287
9001.20020 0.01275
9004.20020 0.01228
9007.20020 0.01246
9010.29980 0.01191
9013.29980 0.01178
9016.40039 0.0116
9019.40039 0.0119
9022.40039 0.01168
9025.50000 0.01193
9028.50000 0.01187
9031.50000 0.01187
9034.59961 0.01162
9037.59961 0.01184
9040.70020 0.01161
9043.70020 0.01169
9046.70020 0.01155
9049.79980 0.01187
9052.79980 0.01168
9055.79980 0.012
9058.90039 0.01207
9061.90039 0.01234
9064.90039 0.01196
9067.90039 0.01194
9071.00000 0.01167
9074.00000 0.01148
9077.00000 0.01135
9080.09961 0.01163
9083.09961 0.01149
9086.09961 0.01175
9089.20020 0.01184
9092.20020 0.01192
9095.20020 0.0119
9098.20020 0.01228
9101.29980 0.01216
9104.29980 0.01214
9107.29980 0.01214
9110.29980 0.01226
9113.40039 0.01193
9116.40039 0.01215
9119.40039 0.01202
9122.40039 0.01217
9125.50000 0.01202
9128.50000 0.01205
9131.50000 0.0118
9134.50000 0.01226
9137.50000 0.01226
9140.59961 0.01246
9143.59961 0.01247
9146.59961 0.01265
9149.59961 0.01205
9152.59961 0.01225
9155.70020 0.01195
9158.70020 0.01214
9161.70020 0.01188
9164.70020 0.01204
9167.70020 0.01151
9170.79980 0.01171
9173.79980 0.01134
9176.79980 0.01165
9179.79980 0.01176
9182.79980 0.01203
9185.79980 0.01152
9188.79980 0.01173
9191.90039 0.01147
9194.90039 0.0113
9197.90039 0.01104
9200.90039 0.01152
9203.90039 0.01127
9206.90039 0.01152
9209.90039 0.01127
9212.90039 0.01158
9215.90039 0.01141
9219.00000 0.01135
9222.00000 0.01072
9225.00000 0.01106
9228.00000 0.01066
9231.00000 0.01051
9234.00000 0.01039
9237.00000 0.01102
9240.00000 0.01054
9243.00000 0.01096
9246.00000 0.01049
9249.00000 0.01062
9252.00000 0.00992
9255.00000 0.01025
9258.00000 0.00955
9261.00000 0.00951
9264.00000 0.00868
9267.09961 0.0084
9270.09961 0.00798
9273.09961 0.00848
9276.09961 0.00855
9279.09961 0.00921
9282.09961 0.00891
9285.09961 0.00822
9288.09961 0.00726
9291.09961 0.00738
9294.09961 0.00651
9297.09961 0.00621
9300.00000 0.00633
9303.00000 0.00574
9306.00000 0.00486
9309.00000 0.00468
9312.00000 0.0048
9315.00000 0.00489
9318.00000 0.00456
9321.00000 0.00423
9324.00000 0.00437
9327.00000 0.00419
9330.00000 0.00355
9333.00000 0.00417
9336.00000 0.00384
9339.00000 0.00366
9342.00000 0.00348
9345.00000 0.00348
9348.00000 0.00276
9350.90039 0.0031
9353.90039 0.00349
9356.90039 0.00389
9359.90039 0.00372
9362.90039 0.00396
9365.90039 0.00358
9368.90039 0.0027
9371.90039 0.00152
9374.90039 0.00145
9377.79980 0.00113
9380.79980 0.00156
9383.79980 0.0015
9386.79980 0.00226
9389.79980 0.0019
9392.79980 0.00213
9395.70020 0.00142
9398.70020 0.00196
9401.70020 0.00152
9404.70020 0.00245
9407.70020 0.00198
9410.70020 0.00331
9413.59961 0.00282
9416.59961 0.00305
9419.59961 0.00252
9422.59961 0.00354
9425.59961 0.00259
9428.50000 0.00403
9431.50000 0.00345
9434.50000 0.0049
9437.50000 0.0047
9440.50000 0.00486
9443.40039 0.00342
9446.40039 0.00439
9449.40039 0.00256
9452.40039 0.00233
9455.29980 0.00174
9458.29980 0.00269
9461.29980 0.0021
9464.29980 0.00263
9467.20020 0.00205
9470.20020 0.00332
9473.20020 0.00236
9476.09961 0.00321
9479.09961 0.00336
9482.09961 0.00417
9485.09961 0.00361
9488.00000 0.00372
9491.00000 0.00251
9494.00000 0.00263
9496.90039 0.0021
9499.90039 0.00188
9502.90039 0.00202
10453.19043 0.0
