threeML/data/optical_filters/LCO/IMACS-Rauch.ecsv
# %ECSV 0.9
# ---
# datatype:
# - {name: wavelength, unit: Angstrom, datatype: float32}
# - {name: response, datatype: float32}
# meta: !!omap
# - {band_name: Rauch}
# - {group_name: IMACS}
wavelength response
3759.30005 0.0
4177.00000 0.0001
4178.00000 0.0001
4180.00000 0.0001
4181.00000 0.0001
4183.00000 0.0001
4184.00000 0.0001
4186.00000 0.0001
4187.00000 0.0002
4189.00000 0.0003
4191.00000 0.0003
4192.00000 0.0003
4194.00000 0.0002
4195.00000 0.0002
4197.00000 0.0006
4198.00000 0.0009
4200.00000 0.0014
4202.00000 0.0025
4203.00000 0.0034
4205.00000 0.0042
4206.00000 0.0053
4208.00000 0.0065
4209.00000 0.0073
4211.00000 0.0081
4213.00000 0.0088
4214.00000 0.0094
4216.00000 0.0111
4217.00000 0.013
4219.00000 0.0157
4220.00000 0.0195
4222.00000 0.0241
4223.00000 0.0294
4225.00000 0.0363
4227.00000 0.0442
4228.00000 0.0555
4230.00000 0.069
4231.00000 0.0857
4233.00000 0.1062
4234.00000 0.1317
4236.00000 0.1631
4237.00000 0.2003
4239.00000 0.2441
4241.00000 0.2942
4242.00000 0.3494
4244.00000 0.407
4245.00000 0.4665
4247.00000 0.5217
4248.00000 0.5751
4250.00000 0.6212
4251.00000 0.6609
4253.00000 0.6927
4255.00000 0.7199
4256.00000 0.7399
4258.00000 0.7544
4259.00000 0.765
4261.00000 0.7732
4262.00000 0.7792
4264.00000 0.7828
4265.00000 0.7863
4267.00000 0.7889
4269.00000 0.7912
4270.00000 0.7924
4272.00000 0.7934
4273.00000 0.7941
4275.00000 0.7945
4276.00000 0.7948
4278.00000 0.7951
4279.00000 0.7951
4281.00000 0.7965
4283.00000 0.7971
4284.00000 0.7978
4286.00000 0.7983
4287.00000 0.7995
4289.00000 0.7987
4290.00000 0.7984
4292.00000 0.798
4293.00000 0.7968
4295.00000 0.7957
4296.00000 0.7944
4298.00000 0.7937
4300.00000 0.7924
4301.00000 0.7907
4303.00000 0.7881
4304.00000 0.7862
4306.00000 0.7839
4307.00000 0.7812
4309.00000 0.7807
4310.00000 0.7805
4312.00000 0.7811
4314.00000 0.7816
4315.00000 0.7835
4317.00000 0.7839
4318.00000 0.7835
4320.00000 0.7813
4321.00000 0.7758
4323.00000 0.7646
4324.00000 0.747
4326.00000 0.7216
4327.00000 0.687
4329.00000 0.6433
4331.00000 0.5902
4332.00000 0.5307
4334.00000 0.4681
4335.00000 0.4092
4337.00000 0.3503
4338.00000 0.2938
4340.00000 0.2448
4341.00000 0.202
4343.00000 0.1662
4344.00000 0.1364
4346.00000 0.1098
4347.00000 0.0894
4349.00000 0.0727
4351.00000 0.0591
4352.00000 0.0481
4354.00000 0.039
4355.00000 0.032
4357.00000 0.0262
4358.00000 0.0219
4360.00000 0.0179
4361.00000 0.0149
4363.00000 0.0123
4364.00000 0.0108
4366.00000 0.009
4368.00000 0.008
4369.00000 0.0074
4371.00000 0.0068
4372.00000 0.0057
4374.00000 0.0048
4375.00000 0.0036
4377.00000 0.0025
4378.00000 0.0015
4380.00000 0.0011
4381.00000 0.0015
4383.00000 0.0012
4384.00000 0.0011
4386.00000 0.001
4388.00000 0.0008
4389.00000 0.0
