threeML/data/optical_filters/LCO/IMACS-Z2_520.ecsv
# %ECSV 0.9
# ---
# datatype:
# - {name: wavelength, unit: Angstrom, datatype: float32}
# - {name: response, datatype: float32}
# meta: !!omap
# - {band_name: Z2_520}
# - {group_name: IMACS}
wavelength response
4365.00000 0.0
4850.00000 0.0003
4852.00000 0.0003
4853.00000 0.0004
4855.00000 0.0004
4856.00000 0.0004
4858.00000 0.0002
4859.00000 0.0002
4861.00000 0.0002
4862.00000 0.0002
4864.00000 0.0002
4865.00000 0.0002
4867.00000 0.0004
4868.00000 0.0005
4869.00000 0.0005
4871.00000 0.0006
4872.00000 0.0007
4874.00000 0.0006
4875.00000 0.0005
4877.00000 0.0005
4878.00000 0.0004
4880.00000 0.0004
4881.00000 0.0006
4883.00000 0.0009
4884.00000 0.0011
4886.00000 0.0014
4887.00000 0.0016
4889.00000 0.0017
4890.00000 0.002
4891.00000 0.0024
4893.00000 0.0028
4894.00000 0.0033
4896.00000 0.0037
4897.00000 0.0039
4899.00000 0.004
4900.00000 0.0041
4902.00000 0.0041
4903.00000 0.0043
4905.00000 0.0045
4906.00000 0.0046
4908.00000 0.0045
4909.00000 0.0046
4910.00000 0.0046
4912.00000 0.0047
4913.00000 0.0047
4915.00000 0.0048
4916.00000 0.0051
4918.00000 0.0056
4919.00000 0.0062
4921.00000 0.007
4922.00000 0.0078
4924.00000 0.0085
4925.00000 0.009
4927.00000 0.0093
4928.00000 0.0094
4929.00000 0.0096
4931.00000 0.0101
4932.00000 0.011
4934.00000 0.0119
4935.00000 0.0127
4937.00000 0.0137
4938.00000 0.0141
4940.00000 0.0146
4941.00000 0.0153
4943.00000 0.0162
4944.00000 0.017
4945.00000 0.0181
4947.00000 0.0192
4948.00000 0.0201
4950.00000 0.0212
4951.00000 0.0223
4953.00000 0.0234
4954.00000 0.0243
4956.00000 0.0254
4957.00000 0.0264
4959.00000 0.028
4960.00000 0.0294
4961.00000 0.0308
4963.00000 0.0321
4964.00000 0.034
4966.00000 0.0354
4967.00000 0.0368
4969.00000 0.0385
4970.00000 0.0404
4972.00000 0.0422
4973.00000 0.044
4975.00000 0.0464
4976.00000 0.0484
4977.00000 0.0503
4979.00000 0.0524
4980.00000 0.0548
4982.00000 0.0568
4983.00000 0.0591
4985.00000 0.0615
4986.00000 0.0639
4988.00000 0.0664
4989.00000 0.0688
4990.00000 0.0716
4992.00000 0.0743
4993.00000 0.0772
4995.00000 0.08
4996.00000 0.0829
4998.00000 0.0858
4999.00000 0.0886
5001.00000 0.0916
5002.00000 0.0947
5003.00000 0.0977
5005.00000 0.101
5006.00000 0.1045
5008.00000 0.108
5009.00000 0.1115
5011.00000 0.1156
5012.00000 0.1193
5014.00000 0.1228
5015.00000 0.1267
5017.00000 0.1305
5018.00000 0.1343
5019.00000 0.1382
5021.00000 0.1421
5022.00000 0.146
5024.00000 0.1502
5025.00000 0.1543
5027.00000 0.1586
5028.00000 0.1633
5029.00000 0.1679
5031.00000 0.1725
5032.00000 0.177
5034.00000 0.1818
5035.00000 0.1861
5037.00000 0.1908
5038.00000 0.195
5040.00000 0.2
5041.00000 0.2046
5042.00000 0.2096
5044.00000 0.2145
5045.00000 0.2196
5047.00000 0.2244
5048.00000 0.2295
5050.00000 0.2346
5051.00000 0.2401
5053.00000 0.2456
5054.00000 0.251
5055.00000 0.2565
5057.00000 0.2619
5058.00000 0.2667
5060.00000 0.272
5061.00000 0.2773
5063.00000 0.2829
5064.00000 0.2883
5065.00000 0.2941
5067.00000 0.2997
5068.00000 0.3052
5070.00000 0.3105
5071.00000 0.3165
5073.00000 0.3221
5074.00000 0.3278
5076.00000 0.3336
5077.00000 0.3392
5078.00000 0.3443
5080.00000 0.3499
5081.00000 0.3554
5083.00000 0.361
5084.00000 0.367
5086.00000 0.373
5087.00000 0.3787
5088.00000 0.3842
5090.00000 0.39
5091.00000 0.3952
5093.00000 0.401
5094.00000 0.4066
5096.00000 0.4125
5097.00000 0.4182
5098.00000 0.4238
5100.00000 0.4289
5101.00000 0.4349
5103.00000 0.4403
5104.00000 0.4456
5106.00000 0.4512
5107.00000 0.457
5109.00000 0.462
5110.00000 0.4676
5111.00000 0.4733
5113.00000 0.479
5114.00000 0.4846
5116.00000 0.4903
5117.00000 0.4953
5119.00000 0.5004
5120.00000 0.5056
5121.00000 0.5104
5123.00000 0.5152
5124.00000 0.5207
5126.00000 0.5261
5127.00000 0.5315
5129.00000 0.5373
5130.00000 0.5425
5131.00000 0.5471
5133.00000 0.5525
5134.00000 0.5574
5136.00000 0.5621
5137.00000 0.5671
5139.00000 0.5721
5140.00000 0.5765
5141.00000 0.5811
5143.00000 0.5852
5144.00000 0.5896
5146.00000 0.5945
5147.00000 0.5991
5148.00000 0.6037
5150.00000 0.6083
5151.00000 0.6131
5153.00000 0.6173
5154.00000 0.6219
5156.00000 0.6262
5157.00000 0.6305
5158.00000 0.6344
5160.00000 0.6385
5161.00000 0.6425
5163.00000 0.6467
5164.00000 0.6507
5166.00000 0.6549
5167.00000 0.6587
5168.00000 0.6625
5170.00000 0.6665
5171.00000 0.6705
5173.00000 0.6738
5174.00000 0.6776
5176.00000 0.6812
5177.00000 0.6845
5178.00000 0.6884
5180.00000 0.6926
5181.00000 0.696
5183.00000 0.6995
5184.00000 0.7021
5185.00000 0.7052
5187.00000 0.708
5188.00000 0.7109
5190.00000 0.7137
5191.00000 0.7169
5193.00000 0.72
5194.00000 0.7234
5195.00000 0.7264
5197.00000 0.7288
5198.00000 0.7322
5200.00000 0.7349
5201.00000 0.7372
5202.00000 0.7399
5204.00000 0.7429
5205.00000 0.7451
5207.00000 0.7474
5208.00000 0.7493
5210.00000 0.7516
5211.00000 0.7537
5212.00000 0.7556
5214.00000 0.7573
5215.00000 0.7593
5217.00000 0.7615
5218.00000 0.764
5219.00000 0.7661
5221.00000 0.7685
5222.00000 0.7712
5224.00000 0.7736
5225.00000 0.7755
5227.00000 0.7769
5228.00000 0.7791
5229.00000 0.7809
5231.00000 0.7831
5232.00000 0.7841
5234.00000 0.7866
5235.00000 0.7878
5236.00000 0.7892
5238.00000 0.7901
5239.00000 0.7927
5241.00000 0.7937
5242.00000 0.7949
5243.00000 0.7963
5245.00000 0.7973
5246.00000 0.7983
5248.00000 0.7996
5249.00000 0.8007
5250.00000 0.802
5252.00000 0.8032
5253.00000 0.8049
5255.00000 0.8068
5256.00000 0.8084
5258.00000 0.81
5259.00000 0.812
5260.00000 0.813
5262.00000 0.8138
5263.00000 0.8154
5265.00000 0.8158
5266.00000 0.8158
5267.00000 0.817
5269.00000 0.8179
5270.00000 0.8194
5272.00000 0.8207
5273.00000 0.8218
5274.00000 0.8221
5276.00000 0.8237
5277.00000 0.8233
5279.00000 0.8233
5280.00000 0.8248
5281.00000 0.8265
5283.00000 0.8272
5284.00000 0.8288
5286.00000 0.8306
5287.00000 0.8313
5288.00000 0.8313
5290.00000 0.8323
5291.00000 0.8337
5293.00000 0.8346
5294.00000 0.8351
5295.00000 0.8371
5297.00000 0.8373
5298.00000 0.8376
5300.00000 0.8384
5301.00000 0.8401
5302.00000 0.8401
5304.00000 0.8415
5305.00000 0.8422
5307.00000 0.8427
5308.00000 0.8436
5309.00000 0.844
5311.00000 0.8449
5312.00000 0.8461
5314.00000 0.8469
5315.00000 0.8476
5316.00000 0.8495
5318.00000 0.8499
5319.00000 0.8509
5321.00000 0.8522
5322.00000 0.8533
5323.00000 0.8538
5325.00000 0.856
5326.00000 0.8564
5328.00000 0.8569
5329.00000 0.8566
5330.00000 0.8565
5332.00000 0.8565
5333.00000 0.8584
5335.00000 0.8587
5336.00000 0.8614
5337.00000 0.8634
5339.00000 0.8638
5340.00000 0.8637
5342.00000 0.8655
5343.00000 0.8655
5344.00000 0.8663
5346.00000 0.867
5347.00000 0.8673
5349.00000 0.8677
5350.00000 0.8687
5351.00000 0.8691
5353.00000 0.8707
5354.00000 0.8712
5356.00000 0.8735
5357.00000 0.875
5358.00000 0.8763
5360.00000 0.8765
5361.00000 0.879
5363.00000 0.8793
5364.00000 0.8794
5365.00000 0.8801
5367.00000 0.8808
5368.00000 0.8817
5369.00000 0.8822
5371.00000 0.8836
5372.00000 0.8849
5374.00000 0.8869
5375.00000 0.887
5376.00000 0.8875
5378.00000 0.8869
5379.00000 0.8883
5381.00000 0.8878
5382.00000 0.8885
5383.00000 0.8894
5385.00000 0.89
5386.00000 0.8891
5388.00000 0.8912
5389.00000 0.8917
5390.00000 0.8931
5392.00000 0.8956
5393.00000 0.8976
5394.00000 0.8978
5396.00000 0.8984
5397.00000 0.8994
5399.00000 0.8994
5400.00000 0.8998
5401.00000 0.8995
5403.00000 0.9001
5404.00000 0.9008
5406.00000 0.9014
5407.00000 0.9019
5408.00000 0.903
5410.00000 0.904
5411.00000 0.9035
5412.00000 0.9038
5414.00000 0.9045
5415.00000 0.9054
5417.00000 0.9057
5418.00000 0.9066
5419.00000 0.9068
5421.00000 0.9092
5422.00000 0.9104
5424.00000 0.9103
5425.00000 0.9101
5426.00000 0.9106
5428.00000 0.9092
5429.00000 0.9083
5430.00000 0.9093
5432.00000 0.9113
5433.00000 0.912
5435.00000 0.9127
5436.00000 0.9138
5437.00000 0.915
5439.00000 0.913
5440.00000 0.9129
5441.00000 0.9129
5443.00000 0.9129
5444.00000 0.911
5446.00000 0.9126
5447.00000 0.9128
5448.00000 0.9119
5450.00000 0.9132
5451.00000 0.9139
5453.00000 0.9148
5454.00000 0.9147
5455.00000 0.9159
5457.00000 0.915
5458.00000 0.9151
5459.00000 0.914
5461.00000 0.9156
5462.00000 0.9151
5464.00000 0.9142
5465.00000 0.9152
5466.00000 0.9153
5468.00000 0.913
5469.00000 0.9156
5470.00000 0.9156
5472.00000 0.9166
5473.00000 0.9166
5475.00000 0.9169
5476.00000 0.914
5477.00000 0.9142
5479.00000 0.914
5480.00000 0.9142
5481.00000 0.9158
5483.00000 0.9165
5484.00000 0.9182
5485.00000 0.9186
5487.00000 0.9185
5488.00000 0.9183
5490.00000 0.919
5491.00000 0.9191
5492.00000 0.919
5494.00000 0.9199
5495.00000 0.9198
5496.00000 0.9196
5498.00000 0.9192
5499.00000 0.9189
5501.00000 0.9183
5502.00000 0.9188
5503.00000 0.9169
5505.00000 0.9162
5506.00000 0.9156
5507.00000 0.9158
5509.00000 0.9143
5510.00000 0.9156
5512.00000 0.9142
5513.00000 0.9137
5514.00000 0.9135
5516.00000 0.9139
5517.00000 0.9146
5518.00000 0.916
5520.00000 0.9146
5521.00000 0.9133
5522.00000 0.9126
5524.00000 0.9106
5525.00000 0.913
5527.00000 0.9165
5528.00000 0.9159
5529.00000 0.9154
5531.00000 0.9153
5532.00000 0.9121
5533.00000 0.9094
5535.00000 0.9105
5536.00000 0.9113
5537.00000 0.9128
5539.00000 0.9109
5540.00000 0.9103
5542.00000 0.9097
5543.00000 0.9114
5544.00000 0.9115
5546.00000 0.9164
5547.00000 0.9165
5548.00000 0.9202
5550.00000 0.9179
5551.00000 0.9167
5552.00000 0.9143
5554.00000 0.9164
5555.00000 0.9122
5557.00000 0.913
5558.00000 0.9131
5559.00000 0.9135
5561.00000 0.9116
5562.00000 0.9131
5563.00000 0.9122
5565.00000 0.9127
5566.00000 0.9109
5567.00000 0.9139
5569.00000 0.9152
5570.00000 0.9161
5572.00000 0.9153
5573.00000 0.9186
5574.00000 0.9172
5576.00000 0.9202
5577.00000 0.9201
5578.00000 0.9249
5580.00000 0.9258
5581.00000 0.9256
5582.00000 0.9217
5584.00000 0.9229
5585.00000 0.9218
5586.00000 0.9184
5588.00000 0.9184
5589.00000 0.9187
5591.00000 0.9175
5592.00000 0.9151
5593.00000 0.916
5595.00000 0.9155
5596.00000 0.9152
5597.00000 0.9165
5599.00000 0.9149
5600.00000 0.9188
5601.00000 0.9212
5603.00000 0.9271
5604.00000 0.9259
5605.00000 0.9311
5607.00000 0.9309
5608.00000 0.932
5609.00000 0.9233
5611.00000 0.9269
5612.00000 0.9237
5614.00000 0.923
5615.00000 0.9212
5616.00000 0.9228
5618.00000 0.9188
5619.00000 0.9162
5620.00000 0.9157
5622.00000 0.9183
5623.00000 0.9224
5624.00000 0.9259
5626.00000 0.9314
5627.00000 0.9304
5628.00000 0.9284
5630.00000 0.9302
5631.00000 0.9307
5632.00000 0.9306
5634.00000 0.9312
5635.00000 0.9305
5636.00000 0.9263
5638.00000 0.9272
5639.00000 0.927
5641.00000 0.9287
5642.00000 0.9305
5643.00000 0.9318
5645.00000 0.93
5646.00000 0.9299
5647.00000 0.9284
5649.00000 0.9271
5650.00000 0.9288
5651.00000 0.9318
5653.00000 0.9351
5654.00000 0.9375
5655.00000 0.9393
5657.00000 0.9405
5658.00000 0.9447
5659.00000 0.9421
5661.00000 0.9383
5662.00000 0.9395
5663.00000 0.9384
5665.00000 0.9342
5666.00000 0.9346
5667.00000 0.9384
5669.00000 0.9372
5670.00000 0.9375
5671.00000 0.9385
5673.00000 0.9402
5674.00000 0.9372
5675.00000 0.9359
5677.00000 0.9306
5678.00000 0.9292
5679.00000 0.9294
5681.00000 0.933
5682.00000 0.9315
5684.00000 0.9384
5685.00000 0.9414
5686.00000 0.9393
5688.00000 0.9357
5689.00000 0.9413
5690.00000 0.9428
5692.00000 0.948
5693.00000 0.9515
5694.00000 0.9529
5696.00000 0.9474
5697.00000 0.9454
5698.00000 0.9326
5700.00000 0.9284
5988.70020 0.97352
5992.10010 0.97018
5995.60010 0.96943
5999.00000 0.96916
6002.50000 0.96814
6005.89990 0.96786
6009.29980 0.96711
6012.79980 0.96646
6016.20020 0.96638
6019.70020 0.96661
6023.10010 0.9664
6026.60010 0.96613
6030.00000 0.96665
6033.39990 0.96574
6036.89990 0.96523
6040.29980 0.96382
6043.70020 0.96218
6047.20020 0.96073
6050.60010 0.96045
6054.10010 0.95998
6057.50000 0.96037
6060.89990 0.96142
6064.39990 0.96125
6067.79980 0.96103
6071.20020 0.96041
6074.70020 0.95956
6078.10010 0.95861
6081.50000 0.95822
6085.00000 0.9572
6088.39990 0.9569
6091.79980 0.95692
6095.29980 0.95706
6098.70020 0.95678
6102.10010 0.95631
6105.60010 0.95581
6109.00000 0.95465
6112.39990 0.95401
6115.79980 0.95368
6119.29980 0.95324
6122.70020 0.95325
6126.10010 0.9531
6129.60010 0.95276
6133.00000 0.95281
6136.39990 0.95341
6139.79980 0.95303
6143.29980 0.95327
6146.70020 0.95349
6150.10010 0.95296
6153.50000 0.9525
6157.00000 0.9523
6160.39990 0.95182
6163.79980 0.95147
6167.20020 0.95217
6170.60010 0.95235
6174.10010 0.95332
6177.50000 0.95456
6180.89990 0.95508
6184.29980 0.95479
6187.79980 0.95486
6191.20020 0.95467
6194.60010 0.95425
6198.00000 0.95497
6201.39990 0.95588
6204.79980 0.95714
6208.29980 0.95787
6211.70020 0.95919
6215.10010 0.95904
6218.50000 0.95945
6221.89990 0.95973
6225.29980 0.95998
6228.79980 0.96021
6232.20020 0.96146
6235.60010 0.96216
6239.00000 0.96288
6242.39990 0.96368
6245.79980 0.96451
6249.20020 0.96489
6252.60010 0.96513
6256.10010 0.96588
6259.50000 0.96653
6262.89990 0.96656
6266.29980 0.96729
6269.70020 0.96819
6273.10010 0.96855
6276.50000 0.96878
6279.89990 0.96964
6283.29980 0.97014
6286.70020 0.97058
6290.10010 0.97101
6293.50000 0.97135
6297.00000 0.97087
6300.39990 0.9711
6303.79980 0.97042
6307.20020 0.97088
6310.60010 0.97162
6314.00000 0.97246
6317.39990 0.97308
6320.79980 0.97394
6324.20020 0.97381
6327.60010 0.97361
6331.00000 0.97429
6334.39990 0.97345
6337.79980 0.97314
6341.20020 0.973
6344.60010 0.97323
6348.00000 0.97322
6351.39990 0.97369
6354.79980 0.97417
6358.20020 0.97482
6361.60010 0.97462
6365.00000 0.97445
6368.39990 0.97445
6371.79980 0.974
6375.20020 0.97322
6378.60010 0.97256
6382.00000 0.97195
6385.39990 0.97112
6388.70020 0.97067
6392.10010 0.97049
6395.50000 0.97077
6398.89990 0.97046
6402.29980 0.97006
6405.70020 0.96994
6409.10010 0.9696
6412.50000 0.96864
6415.89990 0.96816
6419.29980 0.968
6422.70020 0.9679
6426.10010 0.96722
6429.39990 0.96673
6432.79980 0.96608
6436.20020 0.96555
6439.60010 0.96482
6443.00000 0.96411
6446.39990 0.9641
6449.79980 0.96345
6453.20020 0.96336
6456.50000 0.96301
6459.89990 0.9627
6463.29980 0.96214
6466.70020 0.96247
6470.10010 0.96199
6473.50000 0.96176
6476.79980 0.96162
6480.20020 0.96166
6483.60010 0.96142
6487.00000 0.96108
6490.39990 0.96096
6493.79980 0.96111
6497.10010 0.96108
6500.50000 0.96082
6503.89990 0.96069
6507.29980 0.96041
6510.60010 0.96016
6514.00000 0.95967
6517.39990 0.95969
6520.79980 0.95938
6524.20020 0.9594
6527.50000 0.95996
6530.89990 0.96006
6534.29980 0.95956
6537.70020 0.96014
6541.00000 0.9605
6544.39990 0.96013
6547.79980 0.96068
6551.20020 0.96187
6554.50000 0.9623
6557.89990 0.96206
6561.29980 0.96199
6564.60010 0.96164
6568.00000 0.96122
6571.39990 0.96108
6574.79980 0.96153
6578.10010 0.96189
6581.50000 0.96178
6584.89990 0.96214
6588.20020 0.96229
6591.60010 0.96264
6595.00000 0.96303
6598.29980 0.96368
6601.70020 0.96371
6605.10010 0.96377
6608.39990 0.96356
6611.79980 0.96344
6615.20020 0.96355
6618.50000 0.96385
6621.89990 0.96431
6625.29980 0.96483
6628.60010 0.96519
6632.00000 0.96562
6635.29980 0.96529
6638.70020 0.96563
6642.10010 0.96599
6645.39990 0.96582
6648.79980 0.96565
6652.10010 0.96646
6655.50000 0.9663
6658.89990 0.9664
6662.20020 0.96678
6665.60010 0.96723
6668.89990 0.96737
6672.29980 0.96723
6675.70020 0.96688
6679.00000 0.96696
6682.39990 0.96691
6685.70020 0.96653
6689.10010 0.96731
6692.39990 0.96769
6695.79980 0.96793
6699.10010 0.96791
6702.50000 0.96823
6705.89990 0.96821
6709.20020 0.9683
6712.60010 0.96802
6715.89990 0.96797
6719.29980 0.96781
6722.60010 0.96707
6726.00000 0.96627
6729.29980 0.96651
6732.70020 0.96628
6736.00000 0.96612
6739.39990 0.96643
6742.70020 0.96681
6746.10010 0.96686
6749.39990 0.9676
6752.79980 0.96773
6756.10010 0.96753
6759.39990 0.96737
6762.79980 0.96723
6766.10010 0.96709
6769.50000 0.96732
6772.79980 0.96703
6776.20020 0.96677
6779.50000 0.96609
6782.89990 0.96534
6786.20020 0.96499
6789.50000 0.96482
6792.89990 0.96527
6796.20020 0.96576
6799.60010 0.96609
6802.89990 0.96572
6806.20020 0.9664
6809.60010 0.96619
6812.89990 0.96592
6816.29980 0.96602
6819.60010 0.96579
6822.89990 0.96565
6826.29980 0.96572
6829.60010 0.96572
6833.00000 0.96534
6836.29980 0.96571
6839.60010 0.96562
6843.00000 0.96563
6846.29980 0.96553
6849.60010 0.96542
6853.00000 0.96581
6856.29980 0.96552
6859.60010 0.96591
6863.00000 0.96679
6866.29980 0.967
6869.60010 0.96685
6873.00000 0.96731
6876.29980 0.96711
6879.60010 0.96699
6883.00000 0.96718
6886.29980 0.96747
6889.60010 0.96783
6892.89990 0.9679
6896.29980 0.96823
6899.60010 0.96817
6902.89990 0.96801
6906.20020 0.96802
