threeML/data/optical_filters/LCO/IMACS-WBP5694.ecsv
# %ECSV 0.9
# ---
# datatype:
# - {name: wavelength, unit: Angstrom, datatype: float32}
# - {name: response, datatype: float32}
# meta: !!omap
# - {band_name: WBP5694}
# - {group_name: IMACS}
wavelength response
[from data line 848]
7939.00000 0.97022
7942.20020 0.97021
7945.39990 0.9708
7948.60010 0.97099
7951.79980 0.97089
7955.00000 0.97045
7958.10010 0.96993
7961.29980 0.96983
7964.50000 0.96958
7967.70020 0.96969
7970.89990 0.96953
7974.10010 0.96966
7977.29980 0.96958
7980.39990 0.96886
7983.60010 0.96865
7986.79980 0.96837
7990.00000 0.9684
7993.20020 0.96839
7996.29980 0.96821
7999.50000 0.96864
8002.70020 0.96899
8005.89990 0.96921
8009.10010 0.96922
8012.20020 0.96918
8015.39990 0.96936
8018.60010 0.96943
8021.79980 0.9694
8025.00000 0.9697
8028.10010 0.96991
8031.29980 0.96972
8034.50000 0.96923
8037.70020 0.96891
8040.79980 0.96894
8044.00000 0.96873
8047.20020 0.96872
8050.39990 0.96888
8053.50000 0.96887
8056.70020 0.96873
8059.89990 0.96851
8063.10010 0.96815
8066.20020 0.96834
8069.39990 0.96819
8072.60010 0.96784
8075.70020 0.96715
8078.89990 0.96717
8082.10010 0.96696
8085.20020 0.96654
8088.39990 0.96604
8091.60010 0.96583
8094.79980 0.96559
8097.89990 0.96584
8101.10010 0.96563
8104.29980 0.96541
8107.39990 0.96486
8110.60010 0.96487
8113.70020 0.96466
8116.89990 0.96398
8120.10010 0.96345
8123.20020 0.96355
8126.39990 0.96339
8129.60010 0.96308
8132.70020 0.96233
8135.89990 0.96205
8139.10010 0.9618
8142.20020 0.96179
8145.39990 0.96086
8148.50000 0.96009
8151.70020 0.96006
8154.89990 0.95975
8158.00000 0.95943
8161.20020 0.95915
8164.29980 0.95892
8167.50000 0.9587
8170.60010 0.95788
8173.79980 0.95733
8177.00000 0.95702
8180.10010 0.95718
8183.29980 0.95687
8186.39990 0.95656
8189.60010 0.95604
8192.70020 0.95569
8195.90039 0.95519
8199.00000 0.95479
8202.20020 0.95475
8205.40039 0.95485
8208.50000 0.9547
8211.70020 0.9545
8214.79980 0.95403
8218.00000 0.95344
8221.09961 0.95331
8224.29980 0.95352
8227.40039 0.95292
8230.59961 0.95277
8233.70020 0.95222
8236.90039 0.95184
8240.00000 0.95187
8243.20020 0.9517
8246.29980 0.95158
8249.40039 0.95142
8252.59961 0.95165
8255.70020 0.95138
8258.90039 0.95134
8262.00000 0.95112
8265.20020 0.95078
8268.29980 0.95088
8271.50000 0.95086
8274.59961 0.9502
8277.70020 0.95021
8280.90039 0.95
8284.00000 0.95035
8287.20020 0.95075
8290.29980 0.95078
8293.50000 0.95077
8296.59961 0.95143
8299.70020 0.95207
8302.90039 0.95215
8306.00000 0.95189
8309.09961 0.95263
8312.29980 0.95264
8315.40039 0.95231
8318.59961 0.95229
8321.70020 0.9522
8324.79980 0.95233
8328.00000 0.95255
8331.09961 0.95227
8334.20020 0.95198
8337.40039 0.95193
8340.50000 0.95235
8343.59961 0.95245
8346.79980 0.95301
8349.90039 0.95365
8353.00000 0.95398
8356.20020 0.95416
8359.29980 0.9547
8362.40039 0.9549
8365.59961 0.95521
8368.70020 0.95547
8371.79980 0.956
8374.90039 0.95667
8378.09961 0.95644
8381.20020 0.95655
8384.29980 0.95713
8387.50000 0.95712
8390.59961 0.95746
8393.70020 0.95771
8396.79980 0.95804
8400.00000 0.95832
8403.09961 0.95866
8406.20020 0.95931
8409.29980 0.9592
8412.50000 0.95991
8415.59961 0.96031
8418.70020 0.9598
8421.79980 0.9604
8425.00000 0.96054
8428.09961 0.96044
8431.20020 0.96026
8434.29980 0.96052
8437.40039 0.96105
8440.59961 0.96109
8443.70020 0.96105
8446.79980 0.96083
8449.90039 0.96081
8453.00000 0.96179
8456.20020 0.96168
8459.29980 0.96176
8462.40039 0.96174
8465.50000 0.96189
8468.59961 0.96211
8471.70020 0.96187
8474.90039 0.96221
8478.00000 0.96229
8481.09961 0.96285
8484.20020 0.96251
8487.29980 0.96243
8490.40039 0.96258
8493.50000 0.96232
8496.59961 0.96251
8499.79980 0.96267
8502.90039 0.96283
8506.00000 0.96292
8509.09961 0.96298
8512.20020 0.9634
8515.29980 0.96313
8518.40039 0.96354
8521.50000 0.96332
8524.59961 0.96318
8527.70020 0.96361
8530.90039 0.96361
8534.00000 0.96307
8537.09961 0.96284
8540.20020 0.96232
8543.29980 0.96172
8546.40039 0.96129
8549.50000 0.96104
8552.59961 0.96051
8555.70020 0.96023
8558.79980 0.95997
8561.90039 0.96001
8565.00000 0.96029
8568.09961 0.96108
8571.20020 0.96132
8574.29980 0.96171
8577.40039 0.96204
8580.50000 0.96236
8583.59961 0.96279
8586.70020 0.96286
8589.79980 0.96311
8592.90039 0.96334
8596.00000 0.96291
8599.09961 0.96258
8602.20020 0.96185
8605.29980 0.96134
8608.40039 0.96109
8611.50000 0.9605
8614.59961 0.96027
8617.70020 0.95968
8620.79980 0.96018
8623.90039 0.95971
8627.00000 0.95943
8630.09961 0.95926
8633.20020 0.95853
8636.20020 0.95898
8639.29980 0.959
8642.40039 0.9588
8645.50000 0.959
8648.59961 0.9587
8651.70020 0.95857
8654.79980 0.95748
8657.90039 0.95765
8661.00000 0.95723
8664.09961 0.95672
8667.09961 0.95697
8670.20020 0.95628
8673.29980 0.9556
8676.40039 0.95607
8679.50000 0.95575
8682.59961 0.95528
8685.70020 0.95477
8688.79980 0.95471
8691.79980 0.95445
8694.90039 0.95477
8698.00000 0.95509
8701.09961 0.95524
8704.20020 0.95503
8707.29980 0.95515
8710.29980 0.95479
8713.40039 0.95443
8716.50000 0.95423
8719.59961 0.95509
8722.70020 0.95549
8725.70020 0.95548
8728.79980 0.95546
8731.90039 0.95601
8735.00000 0.95565
8738.09961 0.95595
8741.09961 0.95591
8744.20020 0.95541
8747.29980 0.9559
8750.40039 0.95607
8753.40039 0.95563
8756.50000 0.95577
8759.59961 0.95568
8762.70020 0.95519
8765.70020 0.95458
8768.79980 0.9549
8771.90039 0.95483
8775.00000 0.95527
8778.00000 0.95558
8781.09961 0.95526
8784.20020 0.95539
8787.29980 0.95564
8790.29980 0.9555
8793.40039 0.95575
8796.50000 0.95602
8799.50000 0.95594
8802.59961 0.95629
8805.70020 0.95666
8808.70020 0.95678
8811.79980 0.95718
8814.90039 0.95721
8817.90039 0.95747
8821.00000 0.95777
8824.09961 0.95795
8827.09961 0.95775
8830.20020 0.95813
8833.29980 0.95869
8836.29980 0.9582
8839.40039 0.95821
8842.50000 0.9584
8845.50000 0.95871
8848.59961 0.9594
8851.59961 0.96008
8854.70020 0.95984
8857.79980 0.96033
8860.79980 0.96098
8863.90039 0.96134
8867.00000 0.96114
8870.00000 0.96136
8873.09961 0.96149
8876.09961 0.96193
8879.20020 0.96111
8882.20020 0.9608
8885.29980 0.96053
8888.40039 0.96081
8891.40039 0.96013
8894.50000 0.96027
8897.50000 0.96016
8900.59961 0.96052
8903.59961 0.96098
8906.70020 0.961
8909.70020 0.96065
8912.79980 0.96166
8915.90039 0.96117
8918.90039 0.96141
8922.00000 0.96097
8925.00000 0.96124
8928.09961 0.96077
8931.09961 0.96098
8934.20020 0.96098
8937.20020 0.96065
8940.29980 0.96104
8943.29980 0.96058
8946.40039 0.96008
8949.40039 0.96058
8952.50000 0.96046
8955.50000 0.96038
8958.50000 0.96056
8961.59961 0.96067
8964.59961 0.96051
8967.70020 0.96039
8970.70020 0.96012
8973.79980 0.96024
8976.79980 0.96037
8979.90039 0.96057
8982.90039 0.96074
8986.00000 0.96043
8989.00000 0.96073
8992.00000 0.96069
8995.09961 0.96097
8998.09961 0.96163
9001.20020 0.96177
9004.20020 0.96198
9007.20020 0.96234
9010.29980 0.9622
9013.29980 0.96206
9016.40039 0.96159
9019.40039 0.96213
9022.40039 0.96173
9025.50000 0.96135
9028.50000 0.96141
9031.50000 0.96006
9034.59961 0.95935
9037.59961 0.9591
9040.70020 0.9578
9043.70020 0.95721
9046.70020 0.95686
9049.79980 0.95634
9052.79980 0.95558
9055.79980 0.95577
9058.90039 0.956
9061.90039 0.95532
9064.90039 0.95559
9067.90039 0.95531
9071.00000 0.95534
9074.00000 0.95565
9077.00000 0.95591
9080.09961 0.956
9083.09961 0.95615
9086.09961 0.95599
9089.20020 0.95518
9092.20020 0.95455
9095.20020 0.95458
9098.20020 0.95386
9101.29980 0.95413
9104.29980 0.9541
9107.29980 0.95356
9110.29980 0.95361
9113.40039 0.95294
9116.40039 0.95272
9119.40039 0.95235
9122.40039 0.95219
9125.50000 0.9522
9128.50000 0.9516
9131.50000 0.95121
9134.50000 0.95067
9137.50000 0.9498
9140.59961 0.94925
9143.59961 0.94844
9146.59961 0.94904
9149.59961 0.94914
9152.59961 0.94915
9155.70020 0.94942
9158.70020 0.94923
9161.70020 0.9491
9164.70020 0.94872
9167.70020 0.94823
9170.79980 0.94812
9173.79980 0.94774
9176.79980 0.94812
9179.79980 0.94708
9182.79980 0.94625
9185.79980 0.94546
9188.79980 0.94456
9191.90039 0.94435
9194.90039 0.94374
9197.90039 0.94319
9200.90039 0.94346
9203.90039 0.94291
9206.90039 0.94256
9209.90039 0.94102
9212.90039 0.94062
9215.90039 0.94143
9219.00000 0.94126
9222.00000 0.94119
9225.00000 0.94049
9228.00000 0.94082
9231.00000 0.94131
9234.00000 0.94066
9237.00000 0.94029
9240.00000 0.9412
9243.00000 0.94181
9246.00000 0.94251
9249.00000 0.94127
9252.00000 0.94112
9255.00000 0.94136
9258.00000 0.94125
9261.00000 0.94056
9264.00000 0.94011
9267.09961 0.94033
9270.09961 0.94074
9273.09961 0.93983
9276.09961 0.94025
9279.09961 0.93947
9282.09961 0.93971
9285.09961 0.9397
9288.09961 0.93945
9291.09961 0.93979
9294.09961 0.93915
9297.09961 0.94042
9300.00000 0.94019
9303.00000 0.94035
9306.00000 0.9408
9309.00000 0.94028
9312.00000 0.94067
9315.00000 0.94057
9318.00000 0.94101
9321.00000 0.94022
9324.00000 0.94072
9327.00000 0.94096
9330.00000 0.94029
9333.00000 0.94008
9336.00000 0.93984
9339.00000 0.94025
9342.00000 0.94074
9345.00000 0.93973
9348.00000 0.93977
9350.90039 0.93934
9353.90039 0.94021
9356.90039 0.93933
9359.90039 0.94053
9362.90039 0.93957
9365.90039 0.94033
9368.90039 0.94034
9371.90039 0.93916
9374.90039 0.93768
9377.79980 0.93828
9380.79980 0.9378
9383.79980 0.93911
9386.79980 0.93973
9389.79980 0.94081
9392.79980 0.94035
9395.70020 0.94145
9398.70020 0.93918
9401.70020 0.93886
9404.70020 0.93959
9407.70020 0.94237
9410.70020 0.94255
9413.59961 0.94303
9416.59961 0.94206
9419.59961 0.94192
9422.59961 0.9412
9425.59961 0.93998
9428.50000 0.93943
9431.50000 0.94312
9434.50000 0.94664
9437.50000 0.94764
9440.50000 0.94539
9443.40039 0.94535
9446.40039 0.94529
9449.40039 0.94538
9452.40039 0.94673
9455.29980 0.9466
9458.29980 0.94777
9461.29980 0.94725
9464.29980 0.94727
9467.20020 0.94553
9470.20020 0.9456
9473.20020 0.94718
9476.09961 0.94602
9479.09961 0.94803
9482.09961 0.9493
9485.09961 0.94934
9488.00000 0.95069
9491.00000 0.95338
9494.00000 0.95371
9496.90039 0.95336
9499.90039 0.95322
9502.90039 0.95139
9505.79980 0.95012
9508.79980 0.95092
9511.79980 0.95188
9514.70020 0.95195
9517.70020 0.95142
9520.70020 0.95071
9523.59961 0.9491
9526.59961 0.95125
9529.59961 0.95186
9532.50000 0.95184
9535.50000 0.95311
9538.50000 0.95545
9541.40039 0.95644
9544.40039 0.95535
9547.29980 0.95528
9550.29980 0.95499
9553.29980 0.95482
9556.20020 0.95564
9559.20020 0.95522
9562.09961 0.95568
9565.09961 0.95532
9568.09961 0.95575
9571.00000 0.95594
9574.00000 0.95632
9576.90039 0.95738
9579.90039 0.95591
9582.90039 0.95652
9585.79980 0.95596
9588.79980 0.95482
9591.70020 0.95427
9594.70020 0.95383
9597.59961 0.95439
9600.59961 0.95382
9603.50000 0.95321
9606.50000 0.95294
9609.40039 0.95265
9612.40039 0.95343
9615.29980 0.95318
9618.29980 0.95331
9621.20020 0.95314
9624.20020 0.95258
9627.09961 0.95256
9630.09961 0.9529
9633.00000 0.95246
9636.00000 0.95085
9638.90039 0.95072
9641.90039 0.95057
9644.79980 0.95035
9647.79980 0.9496
9650.70020 0.94906
9653.70020 0.94797
9656.59961 0.94725
9659.59961 0.94666
9662.50000 0.94509
9665.50000 0.94446
9668.40039 0.94463
9671.29980 0.94392
9674.29980 0.94205
9677.20020 0.94088
9680.20020 0.94107
9683.09961 0.94124
9686.09961 0.94132
9689.00000 0.94184
9691.90039 0.94064
9694.90039 0.9404
9697.79980 0.94075
9700.79980 0.94012
9703.70020 0.9397
9706.59961 0.94008
9709.59961 0.93993
9712.50000 0.93894
9715.40039 0.93784
9718.40039 0.93659
9721.29980 0.9347
9724.29980 0.93385
9727.20020 0.9332
9730.09961 0.9297
9733.09961 0.92672
9736.00000 0.92289
9738.90039 0.91778
9741.90039 0.91333
9744.79980 0.90791
9747.70020 0.90097
9750.70020 0.89443
9753.59961 0.88713
9756.50000 0.87762
9759.40039 0.86722
9762.40039 0.85741
9765.29980 0.84585
9768.20020 0.83266
9771.20020 0.82041
9774.09961 0.80671
9777.00000 0.79143
9779.90039 0.77536
9782.90039 0.75828
9785.79980 0.74097
9788.70020 0.72308
9791.59961 0.70383
9794.59961 0.68331
9797.50000 0.66278
9800.40039 0.6425
9803.29980 0.62169
9806.29980 0.59948
9809.20020 0.57783
9812.09961 0.55706
9815.00000 0.53442
9818.00000 0.5129
9820.90039 0.49085
9823.79980 0.47026
9826.70020 0.44941
9829.59961 0.42995
9832.59961 0.40955
9835.50000 0.38972
9838.40039 0.3712
9841.29980 0.3527
9844.20020 0.33518
9847.20020 0.31949
9850.09961 0.30213
9853.00000 0.2872
9855.90039 0.27086
9858.79980 0.25604
9861.70020 0.24152
9864.59961 0.22921
9867.59961 0.21691
9870.50000 0.20388
9873.40039 0.19222
9876.29980 0.18151
9879.20020 0.17171
9882.09961 0.16184
9885.00000 0.15136
9887.90039 0.14255
9890.90039 0.13463
9893.79980 0.12737
9896.70020 0.12009
9899.59961 0.11347
9902.50000 0.10735
9905.40039 0.10175
9908.29980 0.09573
9911.20020 0.08961
9914.09961 0.0848
9917.00000 0.08004
9919.90039 0.07567
9922.79980 0.0715
9925.79980 0.06734
9928.70020 0.06328
9931.59961 0.05969
9934.50000 0.05756
9937.40039 0.05512
9940.29980 0.05396
9943.20020 0.05256
9946.09961 0.05153
9949.00000 0.05123
9951.90039 0.05076
9954.79980 0.04965
9957.70020 0.04905
9960.59961 0.04795
9963.50000 0.04756
9966.40039 0.04623
9969.29980 0.04476
9972.20020 0.04331
9975.09961 0.04155
9978.00000 0.03898
9980.90039 0.03738
9983.79980 0.03424
9986.70020 0.03203
9989.59961 0.02902
9992.50000 0.02624
9995.40039 0.02261
9998.29980 0.02053
10001.09961 0.01812
10004.00000 0.01465
10006.90039 0.01272
10009.79980 0.01135
10012.70020 0.00993
10015.59961 0.0096
10018.50000 0.00896
10021.40039 0.00808
10024.29980 0.00769
10027.20020 0.00817
10030.09961 0.00722
10033.00000 0.00687
10035.79980 0.00675
10038.70020 0.00584
10041.59961 0.00573
10044.50000 0.00479
10047.40039 0.00437
10050.29980 0.004
10053.20020 0.00415
10056.09961 0.00406
10058.90039 0.00362
10061.79980 0.00352
10064.70020 0.00338
10067.59961 0.0039
10070.50000 0.00375
10073.40039 0.00396
10076.20020 0.00349
10079.09961 0.00369
10082.00000 0.00385
10084.90039 0.00373
10087.79980 0.00357
10090.70020 0.00346
10093.50000 0.0033
10096.40039 0.00352
10099.29980 0.00269
10102.20020 0.00323
10105.00000 0.00306
10107.90039 0.00361
10110.79980 0.00345
10113.70020 0.00333
10116.59961 0.00351
10119.40039 0.00408
10122.29980 0.00355
10125.20020 0.00378
10128.09961 0.0036
10130.90039 0.0042
10133.79980 0.00366
10136.70020 0.00426
10139.59961 0.00372
10142.40039 0.00396
10145.29980 0.00378
10148.20020 0.00365
10151.00000 0.00385
10153.90039 0.00372
10156.79980 0.00352
10159.70020 0.00377
10162.50000 0.00357
10165.40039 0.00421
10168.29980 0.00322
10171.09961 0.00348
10174.00000 0.00286
10176.90039 0.00312
10179.70020 0.00291
10182.59961 0.00275
10185.50000 0.00254
10188.29980 0.00322
10191.20020 0.00301
10194.09961 0.00286
10196.90039 0.00221
10199.79980 0.00247
10202.70020 0.00268
10205.50000 0.00296
10208.40039 0.00272
10211.20020 0.003
10214.09961 0.00232
10217.00000 0.00306
10219.79980 0.00236
10222.70020 0.00311
10225.59961 0.00286
10228.40039 0.00315
10231.29980 0.00291
10234.09961 0.00273
10237.00000 0.00248
10239.79980 0.00279
10242.70020 0.00301
10245.59961 0.00332
10248.40039 0.00206
10251.29980 0.00236
10254.09961 0.00158
10257.00000 0.0029
10259.79980 0.00263
10262.70020 0.00294
10265.59961 0.00267
10268.40039 0.00507
10271.29980 0.00482
10274.09961 0.00517
10277.00000 0.00544
10279.79980 0.00634
10282.70020 0.00608
10285.50000 0.00645
10288.40039 0.00508
10291.20020 0.00543
10294.09961 0.00515
10296.90039 0.0055
10299.79980 0.00294
10302.59961 0.00329
11332.85938 0.0
