threeML/data/optical_filters/LCO/IMACS-GG495.ecsv
# %ECSV 0.9
# ---
# datatype:
# - {name: wavelength, unit: Angstrom, datatype: float32}
# - {name: response, datatype: float32}
# meta: !!omap
# - {band_name: GG495}
# - {group_name: IMACS}
wavelength response
4356.00000 0.0
4840.00000 0.0003
4842.00000 0.0009
4843.00000 0.0017
4845.00000 0.0024
4846.00000 0.0031
4847.00000 0.0037
4849.00000 0.0045
4850.00000 0.0055
4852.00000 0.0063
4853.00000 0.0073
4855.00000 0.0083
4856.00000 0.0094
4858.00000 0.0104
4859.00000 0.0115
4861.00000 0.0127
4862.00000 0.0143
4864.00000 0.0155
4865.00000 0.0169
4867.00000 0.0185
4868.00000 0.0203
4869.00000 0.0222
4871.00000 0.0243
4872.00000 0.0265
4874.00000 0.0288
4875.00000 0.0313
4877.00000 0.0336
4878.00000 0.0364
4880.00000 0.0391
4881.00000 0.0421
4883.00000 0.0452
4884.00000 0.0484
4886.00000 0.0517
4887.00000 0.0552
4889.00000 0.0586
4890.00000 0.0627
4891.00000 0.0671
4893.00000 0.0715
4894.00000 0.0758
4896.00000 0.0807
4897.00000 0.0853
4899.00000 0.09
4900.00000 0.095
4902.00000 0.1004
4903.00000 0.1059
4905.00000 0.1116
4906.00000 0.1175
4908.00000 0.1238
4909.00000 0.1297
4910.00000 0.1358
4912.00000 0.1418
4913.00000 0.1479
4915.00000 0.1544
4916.00000 0.1612
4918.00000 0.1681
4919.00000 0.1753
4921.00000 0.1828
4922.00000 0.1899
4924.00000 0.1974
4925.00000 0.205
4927.00000 0.2127
4928.00000 0.2204
4929.00000 0.2286
4931.00000 0.2365
4932.00000 0.2447
4934.00000 0.2529
4935.00000 0.2613
4937.00000 0.2697
4938.00000 0.2784
4940.00000 0.2872
4941.00000 0.296
4943.00000 0.3044
4944.00000 0.3131
4945.00000 0.3214
4947.00000 0.3293
4948.00000 0.3381
4950.00000 0.3468
4951.00000 0.3553
4953.00000 0.364
4954.00000 0.3729
4956.00000 0.3813
4957.00000 0.3902
4959.00000 0.399
4960.00000 0.4074
4961.00000 0.4167
4963.00000 0.4249
4964.00000 0.4335
4966.00000 0.4418
4967.00000 0.4504
4969.00000 0.4588
4970.00000 0.4676
4972.00000 0.4759
4973.00000 0.4847
4975.00000 0.4934
4976.00000 0.5013
4977.00000 0.5089
4979.00000 0.5168
4980.00000 0.5246
4982.00000 0.532
4983.00000 0.5398
4985.00000 0.5474
4986.00000 0.5547
4988.00000 0.5621
4989.00000 0.5696
4990.00000 0.5766
4992.00000 0.584
4993.00000 0.591
4995.00000 0.5975
4996.00000 0.6047
4998.00000 0.6113
4999.00000 0.6176
5001.00000 0.6245
5002.00000 0.6312
5003.00000 0.6371
5005.00000 0.6436
5006.00000 0.6502
5008.00000 0.6559
5009.00000 0.6621
5011.00000 0.6678
5012.00000 0.6733
5014.00000 0.6792
5015.00000 0.6853
5017.00000 0.6906
5018.00000 0.6959
5019.00000 0.7013
5021.00000 0.7063
5022.00000 0.7114
5024.00000 0.7166
5025.00000 0.7218
5027.00000 0.7271
5028.00000 0.7318
5029.00000 0.7364
5031.00000 0.7408
5032.00000 0.7452
5034.00000 0.749
5035.00000 0.7535
5037.00000 0.758
5038.00000 0.7623
5040.00000 0.7669
5041.00000 0.7713
5042.00000 0.775
5044.00000 0.7784
5045.00000 0.7822
5047.00000 0.7862
5048.00000 0.7904
5050.00000 0.794
5051.00000 0.7981
5053.00000 0.8014
5054.00000 0.8046
5055.00000 0.8075
5057.00000 0.8105
5058.00000 0.8136
5060.00000 0.8166
5061.00000 0.82
5063.00000 0.8228
5064.00000 0.8258
5065.00000 0.8287
5067.00000 0.8315
5068.00000 0.8342
5070.00000 0.8374
5071.00000 0.8404
5073.00000 0.843
5074.00000 0.8453
5076.00000 0.8479
5077.00000 0.8499
5078.00000 0.8526
5080.00000 0.8553
5081.00000 0.8576
5083.00000 0.8593
5084.00000 0.8624
5086.00000 0.8648
5087.00000 0.8664
5088.00000 0.8687
5090.00000 0.871
5091.00000 0.8725
5093.00000 0.8736
5094.00000 0.8754
5096.00000 0.8769
5097.00000 0.8788
5098.00000 0.8805
5100.00000 0.8823
5101.00000 0.8845
5103.00000 0.8864
5104.00000 0.8879
5106.00000 0.8895
5107.00000 0.8909
5109.00000 0.892
5110.00000 0.8938
5111.00000 0.8951
5113.00000 0.8968
5114.00000 0.8986
5116.00000 0.9004
5117.00000 0.9021
5119.00000 0.9041
5120.00000 0.9051
5121.00000 0.9057
5123.00000 0.9074
5124.00000 0.9083
5126.00000 0.9089
5127.00000 0.9101
5129.00000 0.9117
5130.00000 0.9126
5131.00000 0.9132
5133.00000 0.9143
5134.00000 0.9156
5136.00000 0.9164
5137.00000 0.917
5139.00000 0.9188
5140.00000 0.92
5141.00000 0.9201
5143.00000 0.921
5144.00000 0.922
5146.00000 0.9227
5147.00000 0.9232
5148.00000 0.925
5150.00000 0.9262
5151.00000 0.927
5153.00000 0.9271
5154.00000 0.9283
5156.00000 0.9291
5157.00000 0.9293
5158.00000 0.93
5160.00000 0.9315
5161.00000 0.9312
5163.00000 0.9316
5164.00000 0.9327
5166.00000 0.9338
5167.00000 0.934
5168.00000 0.9356
5170.00000 0.9366
5171.00000 0.9376
5173.00000 0.9382
5174.00000 0.9388
5176.00000 0.9394
5177.00000 0.9398
5178.00000 0.9402
5180.00000 0.941
5181.00000 0.9417
5183.00000 0.9423
5184.00000 0.9433
5185.00000 0.9435
5187.00000 0.9436
5188.00000 0.9443
5190.00000 0.9447
5191.00000 0.9449
5193.00000 0.9456
5194.00000 0.9466
5195.00000 0.9472
5197.00000 0.948
5198.00000 0.9483
5200.00000 0.9481
5201.00000 0.9482
5202.00000 0.9483
5204.00000 0.9487
5205.00000 0.9495
5207.00000 0.9502
5208.00000 0.9505
5210.00000 0.9514
5211.00000 0.9517
5212.00000 0.952
5214.00000 0.9524
5215.00000 0.9528
5217.00000 0.9528
5218.00000 0.9531
5219.00000 0.9532
5221.00000 0.9538
5222.00000 0.9543
5224.00000 0.9546
5225.00000 0.9555
5227.00000 0.9558
5228.00000 0.9563
5229.00000 0.9565
5231.00000 0.9562
5232.00000 0.956
5234.00000 0.9562
5235.00000 0.9561
5236.00000 0.9566
5238.00000 0.9573
5239.00000 0.9572
5241.00000 0.9582
5242.00000 0.9583
5243.00000 0.9591
5245.00000 0.96
5246.00000 0.9614
5248.00000 0.962
5249.00000 0.9635
5250.00000 0.9629
5252.00000 0.9632
5253.00000 0.963
5255.00000 0.9625
5256.00000 0.962
5258.00000 0.963
5259.00000 0.9623
5260.00000 0.9619
5262.00000 0.962
5263.00000 0.9611
5265.00000 0.9608
5266.00000 0.9614
5267.00000 0.9625
5269.00000 0.9623
5270.00000 0.9635
5272.00000 0.9641
5273.00000 0.9645
5274.00000 0.9649
5276.00000 0.9654
5277.00000 0.9661
5279.00000 0.9665
5280.00000 0.9665
5281.00000 0.9666
5283.00000 0.9673
5284.00000 0.9682
5286.00000 0.9691
5287.00000 0.9687
5288.00000 0.9681
5290.00000 0.968
5291.00000 0.9674
5293.00000 0.9665
5294.00000 0.9675
5295.00000 0.968
5297.00000 0.9678
5298.00000 0.9675
5300.00000 0.9672
5301.00000 0.9676
5302.00000 0.9683
5304.00000 0.9692
5305.00000 0.9707
5307.00000 0.9702
5308.00000 0.9697
5309.00000 0.9696
5311.00000 0.9691
5312.00000 0.9671
5314.00000 0.968
5315.00000 0.9683
5316.00000 0.9685
5318.00000 0.9687
5319.00000 0.9705
5321.00000 0.9717
5322.00000 0.971
5323.00000 0.9712
5325.00000 0.9716
5326.00000 0.9707
5328.00000 0.9699
5329.00000 0.9711
5330.00000 0.9702
5332.00000 0.9698
5333.00000 0.97
5335.00000 0.9695
5336.00000 0.9695
5337.00000 0.9693
5339.00000 0.969
5340.00000 0.9682
5342.00000 0.9687
5343.00000 0.9686
5344.00000 0.9697
5346.00000 0.9706
5347.00000 0.9709
5349.00000 0.9717
5350.00000 0.9728
5351.00000 0.9724
5353.00000 0.9717
5354.00000 0.9727
5356.00000 0.9724
5357.00000 0.9721
5358.00000 0.9729
5360.00000 0.9745
5361.00000 0.9748
5363.00000 0.9754
5364.00000 0.9752
5365.00000 0.9761
5367.00000 0.9758
5368.00000 0.9754
5369.00000 0.974
5371.00000 0.974
5372.00000 0.9733
5374.00000 0.9727
5375.00000 0.973
5376.00000 0.9751
5378.00000 0.9753
5379.00000 0.9755
5381.00000 0.977
5382.00000 0.978
5383.00000 0.9777
5385.00000 0.9781
5386.00000 0.978
5388.00000 0.9778
5389.00000 0.9768
5390.00000 0.9764
5392.00000 0.9765
5393.00000 0.9775
5394.00000 0.977
5396.00000 0.9771
5397.00000 0.9777
5399.00000 0.9782
5400.00000 0.977
5401.00000 0.9754
5403.00000 0.976
5404.00000 0.9762
5406.00000 0.9765
5407.00000 0.9776
5408.00000 0.9796
5410.00000 0.9793
5411.00000 0.9793
5412.00000 0.979
5414.00000 0.979
5415.00000 0.9784
5417.00000 0.9788
5418.00000 0.9791
5419.00000 0.9796
5421.00000 0.9793
5422.00000 0.9803
5424.00000 0.9802
5425.00000 0.9791
5426.00000 0.9785
5428.00000 0.9788
5429.00000 0.9783
5430.00000 0.978
5432.00000 0.9778
5433.00000 0.9781
5435.00000 0.9792
5436.00000 0.9791
5437.00000 0.9791
5439.00000 0.9792
5440.00000 0.9804
5441.00000 0.9801
5443.00000 0.9805
5444.00000 0.9814
5446.00000 0.9811
5447.00000 0.9803
5448.00000 0.9795
5450.00000 0.9794
5451.00000 0.9813
5453.00000 0.9837
5454.00000 0.9837
5455.00000 0.9824
5457.00000 0.9839
5458.00000 0.9819
5459.00000 0.9806
5461.00000 0.9812
5462.00000 0.9817
5464.00000 0.9809
5465.00000 0.9815
5466.00000 0.9817
5468.00000 0.981
5469.00000 0.9809
5470.00000 0.9809
5472.00000 0.9801
5473.00000 0.9802
5475.00000 0.9803
5476.00000 0.981
5477.00000 0.982
5479.00000 0.9818
5480.00000 0.982
5481.00000 0.9832
5483.00000 0.9836
5484.00000 0.9805
5485.00000 0.9815
5487.00000 0.9805
5488.00000 0.9782
5490.00000 0.9786
5491.00000 0.9801
5492.00000 0.9786
5494.00000 0.9808
5495.00000 0.9821
5496.00000 0.9808
5498.00000 0.9792
5499.00000 0.9794
5501.00000 0.9789
5502.00000 0.9791
5503.00000 0.9787
5505.00000 0.9799
5506.00000 0.9792
5507.00000 0.9779
5509.00000 0.9762
5510.00000 0.9773
5512.00000 0.979
5513.00000 0.9792
5514.00000 0.9788
5516.00000 0.9781
5517.00000 0.9796
5518.00000 0.9781
5520.00000 0.9793
5521.00000 0.9798
5522.00000 0.9809
5524.00000 0.9784
5525.00000 0.9792
5527.00000 0.9773
5528.00000 0.9775
5529.00000 0.9773
5531.00000 0.9757
5532.00000 0.9762
5533.00000 0.98
5535.00000 0.9809
5536.00000 0.9816
5537.00000 0.9837
5539.00000 0.984
5540.00000 0.982
5542.00000 0.9811
5543.00000 0.9822
5544.00000 0.9829
5546.00000 0.9824
5547.00000 0.9808
5548.00000 0.9811
5550.00000 0.9806
5551.00000 0.9806
5552.00000 0.9792
5554.00000 0.9791
5555.00000 0.9794
5557.00000 0.98
5558.00000 0.9791
5559.00000 0.9802
5561.00000 0.9835
5562.00000 0.9834
5563.00000 0.9838
5565.00000 0.9841
5566.00000 0.9836
5567.00000 0.9812
5569.00000 0.9816
5570.00000 0.9783
5572.00000 0.9799
5573.00000 0.9807
5574.00000 0.9806
5576.00000 0.9832
5577.00000 0.9855
5578.00000 0.9849
5580.00000 0.9858
5581.00000 0.9867
5582.00000 0.9812
5584.00000 0.9801
5585.00000 0.9785
5586.00000 0.9778
5588.00000 0.9787
5589.00000 0.9816
5591.00000 0.9816
5592.00000 0.983
5593.00000 0.9792
5595.00000 0.979
5596.00000 0.9783
5597.00000 0.9803
5599.00000 0.9785
5600.00000 0.98
5601.00000 0.9793
5603.00000 0.9826
5604.00000 0.9819
5605.00000 0.9817
5607.00000 0.9816
5608.00000 0.9773
5609.00000 0.9736
5611.00000 0.9722
5612.00000 0.9709
5614.00000 0.9732
5615.00000 0.978
5616.00000 0.9773
5618.00000 0.9779
5619.00000 0.9827
5620.00000 0.9851
5622.00000 0.9838
5623.00000 0.9843
5624.00000 0.9861
5626.00000 0.9867
5627.00000 0.9847
5628.00000 0.9873
5630.00000 0.9858
5631.00000 0.9825
5632.00000 0.979
5634.00000 0.9762
5635.00000 0.9754
5636.00000 0.9766
5638.00000 0.9785
5639.00000 0.9799
5641.00000 0.9818
5642.00000 0.9803
5643.00000 0.9795
5645.00000 0.9801
5646.00000 0.9806
5647.00000 0.9819
5649.00000 0.9855
5650.00000 0.9869
5651.00000 0.9854
5653.00000 0.9884
5654.00000 0.9868
5655.00000 0.9815
5657.00000 0.9806
5658.00000 0.9829
5659.00000 0.9805
5661.00000 0.9751
5662.00000 0.9766
5663.00000 0.9773
5665.00000 0.9755
5666.00000 0.9754
5667.00000 0.9832
5669.00000 0.9855
5670.00000 0.9838
5671.00000 0.9853
5673.00000 0.9811
5674.00000 0.9776
5675.00000 0.9723
5677.00000 0.973
5678.00000 0.9752
5679.00000 0.9802
5681.00000 0.9828
5682.00000 0.9871
5684.00000 0.9879
5685.00000 0.9871
5686.00000 0.9852
5688.00000 0.9852
5689.00000 0.9815
5690.00000 0.9779
5692.00000 0.9734
5693.00000 0.9716
5694.00000 0.9679
5696.00000 0.9723
5697.00000 0.9712
5698.00000 0.9691
5700.00000 0.9716
6003.00000 0.9854
6006.00000 0.9849
6009.00000 0.9856
6013.00000 0.9852
6016.00000 0.9868
6020.00000 0.9863
6023.00000 0.9867
6027.00000 0.9866
6030.00000 0.9865
6033.00000 0.9852
6037.00000 0.9849
6040.00000 0.9841
6044.00000 0.9835
6047.00000 0.9835
6051.00000 0.9845
6054.00000 0.9847
6058.00000 0.985
6061.00000 0.9856
6064.00000 0.9862
6068.00000 0.9862
6071.00000 0.9868
6075.00000 0.9873
6078.00000 0.9875
6082.00000 0.9869
6085.00000 0.9864
6088.00000 0.9864
6092.00000 0.9863
6095.00000 0.9867
6099.00000 0.9866
6102.00000 0.9865
6106.00000 0.9862
6109.00000 0.9864
6112.00000 0.9854
6116.00000 0.9863
6119.00000 0.9865
6123.00000 0.986
6126.00000 0.9862
6130.00000 0.9864
6133.00000 0.9855
6136.00000 0.9854
6140.00000 0.9859
6143.00000 0.986
6147.00000 0.9857
6150.00000 0.9858
6154.00000 0.9859
6157.00000 0.9859
6160.00000 0.9858
6164.00000 0.986
6167.00000 0.9863
6171.00000 0.9866
6174.00000 0.9865
6178.00000 0.987
6181.00000 0.9876
6184.00000 0.9873
6188.00000 0.9868
6191.00000 0.987
6195.00000 0.9862
6198.00000 0.9857
6201.00000 0.9862
6205.00000 0.9862
6208.00000 0.9863
6212.00000 0.9866
6215.00000 0.9871
6219.00000 0.9869
6222.00000 0.9867
6225.00000 0.9862
6229.00000 0.9857
6232.00000 0.9846
6236.00000 0.9839
6239.00000 0.9836
6242.00000 0.9838
6246.00000 0.9842
6249.00000 0.9845
6253.00000 0.9853
6256.00000 0.9859
6260.00000 0.9866
6263.00000 0.9867
6266.00000 0.9871
6270.00000 0.9864
6273.00000 0.9863
6277.00000 0.9853
6280.00000 0.9847
6283.00000 0.985
6287.00000 0.9852
6290.00000 0.9851
6294.00000 0.9849
6297.00000 0.9847
6300.00000 0.985
6304.00000 0.9845
6307.00000 0.9844
6311.00000 0.985
6314.00000 0.9852
6317.00000 0.9842
6321.00000 0.9844
6324.00000 0.9844
6328.00000 0.9836
6331.00000 0.9835
6334.00000 0.9841
6338.00000 0.9842
6341.00000 0.9844
6345.00000 0.9852
6348.00000 0.9852
6351.00000 0.9852
6355.00000 0.9852
6358.00000 0.9854
6362.00000 0.9853
6365.00000 0.9853
6368.00000 0.9851
6372.00000 0.9852
6375.00000 0.9848
6379.00000 0.9844
6382.00000 0.9844
6385.00000 0.9841
6389.00000 0.9839
6392.00000 0.9837
6396.00000 0.9839
6399.00000 0.9836
6402.00000 0.9836
6406.00000 0.9835
6409.00000 0.9828
6413.00000 0.9828
6416.00000 0.983
6419.00000 0.9831
6423.00000 0.9832
6426.00000 0.9838
6429.00000 0.9835
6433.00000 0.983
6436.00000 0.9824
6440.00000 0.9821
6443.00000 0.9824
6446.00000 0.9831
6450.00000 0.9833
6453.00000 0.9836
6457.00000 0.984
6460.00000 0.9837
6463.00000 0.9828
6467.00000 0.9831
6470.00000 0.9826
6474.00000 0.9823
6477.00000 0.982
6480.00000 0.9825
6484.00000 0.9826
6487.00000 0.9835
6490.00000 0.9837
6494.00000 0.9838
6497.00000 0.984
6501.00000 0.9835
6504.00000 0.9828
6507.00000 0.9828
6511.00000 0.9828
6514.00000 0.9819
6517.00000 0.9815
6521.00000 0.9815
6524.00000 0.9811
6528.00000 0.9809
6531.00000 0.9816
6534.00000 0.9823
6538.00000 0.9826
6541.00000 0.9822
6544.00000 0.9825
6548.00000 0.9827
6551.00000 0.9824
6555.00000 0.9825
6558.00000 0.9827
6561.00000 0.9827
6565.00000 0.982
6568.00000 0.9819
6571.00000 0.9817
6575.00000 0.9823
6578.00000 0.9826
6582.00000 0.9829
6585.00000 0.983
6588.00000 0.9829
6592.00000 0.9824
6595.00000 0.9817
6598.00000 0.9814
6602.00000 0.9811
6605.00000 0.981
6608.00000 0.9807
6612.00000 0.9803
6615.00000 0.9804
6619.00000 0.9809
6622.00000 0.9809
6625.00000 0.981
6629.00000 0.9816
6632.00000 0.982
6635.00000 0.982
6639.00000 0.9818
6642.00000 0.9819
6645.00000 0.9822
6649.00000 0.9817
6652.00000 0.9813
6656.00000 0.9814
6659.00000 0.9815
6662.00000 0.9809
6666.00000 0.9802
6669.00000 0.9801
6672.00000 0.9797
6676.00000 0.9793
6679.00000 0.9792
6682.00000 0.9798
6686.00000 0.9793
6689.00000 0.9787
6692.00000 0.9792
6696.00000 0.9792
6699.00000 0.9792
6703.00000 0.9797
6706.00000 0.9803
6709.00000 0.9805
6713.00000 0.9805
6716.00000 0.9805
6719.00000 0.9805
6723.00000 0.9808
6726.00000 0.9806
6729.00000 0.9806
6733.00000 0.9805
6736.00000 0.98
6739.00000 0.9794
6743.00000 0.9789
6746.00000 0.9787
6749.00000 0.9779
6753.00000 0.9782
6756.00000 0.9782
6759.00000 0.9781
6763.00000 0.9787
6766.00000 0.9792
6770.00000 0.979
6773.00000 0.9788
6776.00000 0.9787
6780.00000 0.978
6783.00000 0.9782
6786.00000 0.978
6790.00000 0.9779
6793.00000 0.9775
6796.00000 0.977
6800.00000 0.9766
6803.00000 0.9767
6806.00000 0.9771
6810.00000 0.9772
6813.00000 0.978
6816.00000 0.9777
6820.00000 0.9772
6823.00000 0.9766
6826.00000 0.9763
6830.00000 0.976
6833.00000 0.9759
6836.00000 0.9764
6840.00000 0.9768
6843.00000 0.9767
6846.00000 0.9767
6850.00000 0.9766
6853.00000 0.976
6856.00000 0.9758
6860.00000 0.9756
6863.00000 0.9753
6866.00000 0.9755
6870.00000 0.9754
6873.00000 0.9752
6876.00000 0.975
6880.00000 0.9743
6883.00000 0.9738
6886.00000 0.9737
6890.00000 0.9738
6893.00000 0.974
6896.00000 0.9743
6900.00000 0.9744
6903.00000 0.9743
6906.00000 0.9742
6910.00000 0.9745
6913.00000 0.9748
6916.00000 0.9742
6920.00000 0.9741
6923.00000 0.9735
6926.00000 0.9732
6930.00000 0.9727
6933.00000 0.9729
6936.00000 0.973
6940.00000 0.9734
6943.00000 0.9731
6946.00000 0.9734
6950.00000 0.9735
