threeML/data/optical_filters/LCO/IMACS-WB6300.ecsv
# %ECSV 0.9
# ---
# datatype:
# - {name: wavelength, unit: Angstrom, datatype: float32}
# - {name: response, datatype: float32}
# meta: !!omap
# - {band_name: WB6300}
# - {group_name: IMACS}
wavelength response
[from data line 847]
8747.29980 0.93733
8750.40039 0.93597
8753.40039 0.93563
8756.50000 0.93529
8759.59961 0.93466
8762.70020 0.93364
8765.70020 0.93374
8768.79980 0.93349
8771.90039 0.93224
8775.00000 0.93076
8778.00000 0.92909
8781.09961 0.92784
8784.20020 0.92669
8787.29980 0.92786
8790.29980 0.92723
8793.40039 0.92664
8796.50000 0.92554
8799.50000 0.92377
8802.59961 0.92142
8805.70020 0.92018
8808.70020 0.9181
8811.79980 0.9165
8814.90039 0.91488
8817.90039 0.9127
8821.00000 0.91126
8824.09961 0.90979
8827.09961 0.90811
8830.20020 0.90647
8833.29980 0.90467
8836.29980 0.90319
8839.40039 0.90144
8842.50000 0.89985
8845.50000 0.89854
8848.59961 0.89644
8851.59961 0.89468
8854.70020 0.89297
8857.79980 0.89096
8860.79980 0.8892
8863.90039 0.88651
8867.00000 0.88441
8870.00000 0.88257
8873.09961 0.88101
8876.09961 0.87882
8879.20020 0.87858
8882.20020 0.87657
8885.29980 0.87509
8888.40039 0.87346
8891.40039 0.87231
8894.50000 0.87072
8897.50000 0.86981
8900.59961 0.86828
8903.59961 0.8665
8906.70020 0.86442
8909.70020 0.86251
8912.79980 0.86033
8915.90039 0.8582
8918.90039 0.85684
8922.00000 0.85576
8925.00000 0.85463
8928.09961 0.85225
8931.09961 0.85098
8934.20020 0.8494
8937.20020 0.84845
8940.29980 0.84615
8943.29980 0.84475
8946.40039 0.84284
8949.40039 0.84128
8952.50000 0.83912
8955.50000 0.83896
8958.50000 0.83921
8961.59961 0.83957
8964.59961 0.839
8967.70020 0.83849
8970.70020 0.83719
8973.79980 0.83616
8976.79980 0.83522
8979.90039 0.83441
8982.90039 0.83303
8986.00000 0.83247
8989.00000 0.8321
8992.00000 0.83116
8995.09961 0.83072
8998.09961 0.83196
9001.20020 0.8325
9004.20020 0.83242
9007.20020 0.83298
9010.29980 0.83399
9013.29980 0.83407
9016.40039 0.8337
9019.40039 0.83425
9022.40039 0.83501
9025.50000 0.83516
9028.50000 0.83461
9031.50000 0.83614
9034.59961 0.83651
9037.59961 0.83682
9040.70020 0.83726
9043.70020 0.83797
9046.70020 0.8388
9049.79980 0.83947
9052.79980 0.84049
9055.79980 0.84199
9058.90039 0.84447
9061.90039 0.84501
9064.90039 0.84659
9067.90039 0.84815
9071.00000 0.84964
9074.00000 0.85079
9077.00000 0.85276
9080.09961 0.855
9083.09961 0.85608
9086.09961 0.85715
9089.20020 0.85816
9092.20020 0.85956
9095.20020 0.86035
9098.20020 0.86229
9101.29980 0.86373
9104.29980 0.86459
9107.29980 0.86554
9110.29980 0.86667
9113.40039 0.86796
9116.40039 0.87009
9119.40039 0.87387
9122.40039 0.87633
9125.50000 0.87842
9128.50000 0.88079
9131.50000 0.88275
9134.50000 0.8833
9137.50000 0.88492
9140.59961 0.88752
9143.59961 0.88996
9146.59961 0.89218
9149.59961 0.89405
9152.59961 0.8961
9155.70020 0.89812
9158.70020 0.89967
9161.70020 0.9016
9164.70020 0.90354
9167.70020 0.90508
9170.79980 0.90574
9173.79980 0.90637
9176.79980 0.90715
9179.79980 0.90859
9182.79980 0.9092
9185.79980 0.9114
9188.79980 0.91319
9191.90039 0.91458
9194.90039 0.91563
9197.90039 0.91727
9200.90039 0.91863
9203.90039 0.92018
9206.90039 0.92103
9209.90039 0.92221
9212.90039 0.92304
9215.90039 0.9239
9219.00000 0.92413
9222.00000 0.92429
9225.00000 0.92448
9228.00000 0.92558
9231.00000 0.9251
9234.00000 0.92519
9237.00000 0.92612
9240.00000 0.92742
9243.00000 0.92708
9246.00000 0.92688
9249.00000 0.92678
9252.00000 0.92671
9255.00000 0.92503
9258.00000 0.92538
9261.00000 0.9249
9264.00000 0.92366
9267.09961 0.92305
9270.09961 0.92242
9273.09961 0.92095
9276.09961 0.91984
9279.09961 0.91842
9282.09961 0.9169
9285.09961 0.9164
9288.09961 0.91532
9291.09961 0.91338
9294.09961 0.91284
9297.09961 0.91175
9300.00000 0.91124
9303.00000 0.90946
9306.00000 0.909
9309.00000 0.90803
9312.00000 0.90617
9315.00000 0.90328
9318.00000 0.90087
9321.00000 0.89998
9324.00000 0.89786
9327.00000 0.89691
9330.00000 0.89541
9333.00000 0.89525
9336.00000 0.89164
9339.00000 0.88981
9342.00000 0.88742
9345.00000 0.88542
9348.00000 0.88347
9350.90039 0.88328
9353.90039 0.88176
9356.90039 0.8799
9359.90039 0.87894
9362.90039 0.87696
9365.90039 0.87539
9368.90039 0.87503
9371.90039 0.87309
9374.90039 0.87237
9377.79980 0.87157
9380.79980 0.8716
9383.79980 0.87092
9386.79980 0.87311
9389.79980 0.87143
9392.79980 0.87153
9395.70020 0.86793
9398.70020 0.86684
9401.70020 0.86818
9404.70020 0.8677
9407.70020 0.86607
9410.70020 0.86806
9413.59961 0.86758
9416.59961 0.86454
9419.59961 0.86557
9422.59961 0.86646
9425.59961 0.86507
9428.50000 0.86451
9431.50000 0.86321
9434.50000 0.86089
9437.50000 0.86009
9440.50000 0.86069
9443.40039 0.86119
9446.40039 0.86195
9449.40039 0.86547
9452.40039 0.86509
9455.29980 0.86507
9458.29980 0.86295
9461.29980 0.86278
9464.29980 0.85996
9467.20020 0.8582
9470.20020 0.85793
9473.20020 0.85909
9476.09961 0.85806
9479.09961 0.85944
9482.09961 0.86194
9485.09961 0.8614
9488.00000 0.85931
9491.00000 0.85888
9494.00000 0.85765
9496.90039 0.85353
9499.90039 0.84981
9502.90039 0.84924
9505.79980 0.84322
9508.79980 0.83703
9511.79980 0.83143
9514.70020 0.82672
9517.70020 0.81815
9520.70020 0.81225
9523.59961 0.80461
9526.59961 0.79838
9529.59961 0.79007
9532.50000 0.78334
9535.50000 0.77422
9538.50000 0.76473
9541.40039 0.75332
9544.40039 0.74301
9547.29980 0.73038
9550.29980 0.71944
9553.29980 0.70778
9556.20020 0.69771
9559.20020 0.68513
9562.09961 0.67254
9565.09961 0.65727
9568.09961 0.64332
9571.00000 0.627
9574.00000 0.61067
9576.90039 0.59332
9579.90039 0.57776
9582.90039 0.56097
9585.79980 0.54483
9588.79980 0.52914
9591.70020 0.51387
9594.70020 0.49741
9597.59961 0.48106
9600.59961 0.46498
9603.50000 0.44863
9606.50000 0.43306
9609.40039 0.41817
9612.40039 0.40357
9615.29980 0.38872
9618.29980 0.37414
9621.20020 0.36007
9624.20020 0.34562
9627.09961 0.33229
9630.09961 0.31878
9633.00000 0.30782
9636.00000 0.29561
9638.90039 0.28303
9641.90039 0.27082
9644.79980 0.26011
9647.79980 0.24791
9650.70020 0.23755
9653.70020 0.2281
9656.59961 0.21952
9659.59961 0.21173
9662.50000 0.20291
9665.50000 0.19493
9668.40039 0.18652
9671.29980 0.17797
9674.29980 0.16955
9677.20020 0.16299
9680.20020 0.15565
9683.09961 0.15072
9686.09961 0.14578
9689.00000 0.13869
9691.90039 0.13269
9694.90039 0.12828
9697.79980 0.12356
9700.79980 0.11872
9703.70020 0.11463
9706.59961 0.11086
9709.59961 0.1064
9712.50000 0.10173
9715.40039 0.09684
9718.40039 0.09265
9721.29980 0.0884
9724.29980 0.08493
9727.20020 0.08222
9730.09961 0.08031
9733.09961 0.07896
9736.00000 0.07718
9738.90039 0.07428
9741.90039 0.0709
9744.79980 0.06783
9747.70020 0.0654
9750.70020 0.06317
9753.59961 0.06153
9756.50000 0.06079
9759.40039 0.05842
9762.40039 0.05447
9765.29980 0.05085
9768.20020 0.04812
9771.20020 0.04466
9774.09961 0.04329
9777.00000 0.04329
9779.90039 0.0432
9782.90039 0.04268
9785.79980 0.04281
9788.70020 0.04274
9791.59961 0.04265
9794.59961 0.04237
9797.50000 0.04187
9800.40039 0.04156
9803.29980 0.03991
9806.29980 0.03765
9809.20020 0.03599
9812.09961 0.03341
9815.00000 0.03073
9818.00000 0.0293
9820.90039 0.02821
9823.79980 0.02636
9826.70020 0.02566
9829.59961 0.02461
9832.59961 0.02383
9835.50000 0.02351
9838.40039 0.0234
9841.29980 0.0233
9844.20020 0.02319
9847.20020 0.02298
9850.09961 0.02287
9853.00000 0.02294
9855.90039 0.02297
9858.79980 0.02327
9861.70020 0.02319
9864.59961 0.02332
9867.59961 0.02296
9870.50000 0.02284
9873.40039 0.02295
9876.29980 0.02307
9879.20020 0.0223
9882.09961 0.02243
9885.00000 0.02182
9887.90039 0.0215
9890.90039 0.02139
9893.79980 0.02173
9896.70020 0.02131
9899.59961 0.02221
9902.50000 0.02153
9905.40039 0.02144
9908.29980 0.02077
9911.20020 0.01967
9914.09961 0.01853
9917.00000 0.01788
9919.90039 0.01795
9922.79980 0.01833
9925.79980 0.01813
9928.70020 0.01582
9931.59961 0.01561
9934.50000 0.01356
9937.40039 0.01284
9940.29980 0.01321
9943.20020 0.01437
9946.09961 0.01419
9949.00000 0.01396
9951.90039 0.01204
9954.79980 0.01178
9957.70020 0.01045
9960.59961 0.00996
9963.50000 0.00919
9966.40039 0.009
9969.29980 0.0082
9972.20020 0.00854
9975.09961 0.00801
9978.00000 0.00835
9980.90039 0.00839
9983.79980 0.00815
9986.70020 0.0076
9989.59961 0.00703
9992.50000 0.00738
9995.40039 0.00774
9998.29980 0.00688
10001.09961 0.00694
10004.00000 0.00604
10006.90039 0.00482
10009.79980 0.00357
10012.70020 0.00359
10015.59961 0.00362
10018.50000 0.00463
10021.40039 0.00466
10024.29980 0.00535
10027.20020 0.00572
10030.09961 0.00542
10033.00000 0.00544
10035.79980 0.00481
10038.70020 0.00519
10041.59961 0.00487
10044.50000 0.00559
10047.40039 0.00494
10050.29980 0.00566
10053.20020 0.00569
10056.09961 0.00538
10058.90039 0.00435
10061.79980 0.00548
10064.70020 0.00553
10067.59961 0.00485
10070.50000 0.00526
10073.40039 0.00605
10076.20020 0.00649
10079.09961 0.0073
10082.00000 0.00772
10084.90039 0.00662
10087.79980 0.00588
10090.70020 0.00435
10093.50000 0.00282
10096.40039 0.00205
10099.29980 0.00327
10102.20020 0.00491
10105.00000 0.00495
10107.90039 0.00539
10110.79980 0.00543
10113.70020 0.00546
10116.59961 0.00341
10119.40039 0.003
10122.29980 0.0026
10125.20020 0.00261
10128.09961 0.00135
10130.90039 0.0018
10133.79980 0.00226
10136.70020 0.00184
10139.59961 0.00186
10142.40039 0.00187
10145.29980 0.00188
10148.20020 0.00144
10151.00000 0.00236
10153.90039 0.00192
10156.79980 0.00239
10159.70020 0.00241
10162.50000 0.00243
10165.40039 0.00293
10168.29980 0.0039
10171.09961 0.00345
10174.00000 0.003
10176.90039 0.00301
10179.70020 0.00156
10182.59961 0.00057
10185.50000 0.00109
10188.29980 0.00211
10191.20020 0.00162
10194.09961 0.00163
10196.90039 0.00164
10199.79980 0.00165
10202.70020 0.00167
11222.97070 0.0
