threeML/data/optical_filters/LCO/IMACS-MMTF640ib.ecsv
# %ECSV 0.9
# ---
# datatype:
# - {name: wavelength, unit: Angstrom, datatype: float32}
# - {name: response, datatype: float32}
# meta: !!omap
# - {band_name: MMTF640ib}
# - {group_name: IMACS}
wavelength response
5510.43018 0.0
6122.70020 0.00043
6126.10010 0.0005
6129.60010 0.00139
6133.00000 0.00133
6136.39990 0.00157
6139.79980 0.00117
6143.29980 0.00173
6146.70020 0.00198
6150.10010 0.00178
6153.50000 0.00123
6157.00000 0.00161
6160.39990 0.00275
6163.79980 0.00331
6167.20020 0.0037
6170.60010 0.00405
6174.10010 0.00457
6177.50000 0.00479
6180.89990 0.00474
6184.29980 0.00502
6187.79980 0.00474
6191.20020 0.00497
6194.60010 0.00548
6198.00000 0.0072
6201.39990 0.00853
6204.79980 0.00969
6208.29980 0.00965
6211.70020 0.0097
6215.10010 0.00975
6218.50000 0.01164
6221.89990 0.01302
6225.29980 0.01441
6228.79980 0.01542
6232.20020 0.01733
6235.60010 0.0186
6239.00000 0.02026
6242.39990 0.02216
6245.79980 0.0257
6249.20020 0.02878
6252.60010 0.03249
6256.10010 0.03664
6259.50000 0.04098
6262.89990 0.04569
6266.29980 0.05106
6269.70020 0.05791
6273.10010 0.06601
6276.50000 0.07516
6279.89990 0.0863
6283.29980 0.09864
6286.70020 0.11374
6290.10010 0.13024
6293.50000 0.1505
6297.00000 0.17345
6300.39990 0.19955
6303.79980 0.22898
6307.20020 0.26267
6310.60010 0.30176
6314.00000 0.34567
6317.39990 0.39303
6320.79980 0.44282
6324.20020 0.49492
6327.60010 0.54812
6331.00000 0.60066
6334.39990 0.65152
6337.79980 0.69975
6341.20020 0.74389
6344.60010 0.78233
6348.00000 0.81384
6351.39990 0.83887
6354.79980 0.85654
6358.20020 0.86906
6361.60010 0.878
6365.00000 0.88439
6368.39990 0.88643
6371.79980 0.88716
6375.20020 0.88509
6378.60010 0.88293
6382.00000 0.87828
6385.39990 0.87535
6388.70020 0.87236
6392.10010 0.8699
6395.50000 0.86878
6398.89990 0.86944
6402.29980 0.87112
6405.70020 0.87261
6409.10010 0.87362
6412.50000 0.87634
6415.89990 0.87764
6419.29980 0.88024
6422.70020 0.88185
6426.10010 0.88501
6429.39990 0.88714
6432.79980 0.88928
6436.20020 0.89173
6439.60010 0.8929
6443.00000 0.89292
6446.39990 0.89147
6449.79980 0.89138
6453.20020 0.88992
6456.50000 0.88996
6459.89990 0.88791
6463.29980 0.88677
6466.70020 0.88188
6470.10010 0.87663
6473.50000 0.86986
6476.79980 0.86301
6480.20020 0.85437
6483.60010 0.84438
6487.00000 0.83321
6490.39990 0.81936
6493.79980 0.80292
6497.10010 0.78293
6500.50000 0.76101
6503.89990 0.73646
6507.29980 0.71089
6510.60010 0.6831
6514.00000 0.65158
6517.39990 0.61733
6520.79980 0.58011
6524.20020 0.54389
6527.50000 0.50549
6530.89990 0.46725
6534.29980 0.42939
6537.70020 0.39383
6541.00000 0.35819
6544.39990 0.32351
6547.79980 0.2907
6551.20020 0.26124
6554.50000 0.23462
6557.89990 0.20938
6561.29980 0.1871
6564.60010 0.16704
6568.00000 0.14921
6571.39990 0.13349
6574.79980 0.11937
6578.10010 0.10721
6581.50000 0.09556
6584.89990 0.08516
6588.20020 0.07562
6591.60010 0.06818
6595.00000 0.06195
6598.29980 0.05643
6601.70020 0.0508
6605.10010 0.04533
6608.39990 0.04053
6611.79980 0.03668
6615.20020 0.03292
6618.50000 0.02997
6621.89990 0.02698
6625.29980 0.02527
6628.60010 0.02316
6632.00000 0.0212
6635.29980 0.01901
6638.70020 0.01734
6642.10010 0.01548
6645.39990 0.01435
6648.79980 0.01285
6652.10010 0.01246
6655.50000 0.01064
6658.89990 0.01019
6662.20020 0.00891
6665.60010 0.00896
6668.89990 0.00852
6672.29980 0.00843
6675.70020 0.00751
6679.00000 0.00654
6682.39990 0.00524
6685.70020 0.00491
6689.10010 0.00429
6692.39990 0.00461
6695.79980 0.00426
6699.10010 0.00447
6702.50000 0.00402
6705.89990 0.00423
6709.20020 0.00389
6712.60010 0.00423
6715.89990 0.00345
6719.29980 0.0034
6722.60010 0.00238
6726.00000 0.00204
6729.29980 0.0011
6732.70020 0.00097
7405.97021 0.0
