threeML/data/optical_filters/LCO/IMACS-f_6600nb.ecsv
# %ECSV 0.9
# ---
# datatype:
# - {name: wavelength, unit: Angstrom, datatype: float32}
# - {name: response, datatype: float32}
# meta: !!omap
# - {band_name: f_6600nb}
# - {group_name: IMACS}
wavelength response
5553.54004 0.0
6170.60010 0.00044
6174.10010 0.0004
6177.50000 0.0005
6180.89990 0.00061
6184.29980 0.00067
6187.79980 0.00059
6191.20020 0.0005
6194.60010 0.00041
6198.00000 0.00049
6201.39990 0.0004
6204.79980 0.00068
6208.29980 0.00057
6211.70020 0.00052
6215.10010 0.0003
6218.50000 0.0004
6221.89990 0.00046
6225.29980 0.0007
6228.79980 0.00089
6232.20020 0.00094
6235.60010 0.00066
6239.00000 0.00044
6242.39990 0.00028
6245.79980 0.00038
6249.20020 0.0003
6252.60010 0.00036
6256.10010 0.00045
6259.50000 0.00054
6262.89990 0.00058
6266.29980 0.00068
6269.70020 0.00089
6273.10010 0.00099
6276.50000 0.00106
6279.89990 0.00085
6283.29980 0.00062
6286.70020 0.00053
6290.10010 0.00077
6293.50000 0.00145
6297.00000 0.00164
6300.39990 0.00205
6303.79980 0.00198
6307.20020 0.00257
6310.60010 0.00341
6314.00000 0.00431
6317.39990 0.005
6320.79980 0.00525
6324.20020 0.00529
6327.60010 0.00522
6331.00000 0.00512
6334.39990 0.00522
6337.79980 0.00657
6341.20020 0.00777
6344.60010 0.00938
6348.00000 0.00959
6351.39990 0.01002
6354.79980 0.01134
6358.20020 0.01296
6361.60010 0.01472
6365.00000 0.01637
6368.39990 0.0178
6371.79980 0.02021
6375.20020 0.02221
6378.60010 0.02532
6382.00000 0.02843
6385.39990 0.03202
6388.70020 0.03611
6392.10010 0.03989
6395.50000 0.04502
6398.89990 0.05135
6402.29980 0.05964
6405.70020 0.06805
6409.10010 0.07693
6412.50000 0.08749
6415.89990 0.09964
6419.29980 0.11415
6422.70020 0.13051
6426.10010 0.14948
6429.39990 0.17097
6432.79980 0.1949
6436.20020 0.22279
6439.60010 0.25453
6443.00000 0.28943
6446.39990 0.32712
6449.79980 0.36835
6453.20020 0.41168
6456.50000 0.45731
6459.89990 0.50392
6463.29980 0.55074
6466.70020 0.597
6470.10010 0.64143
6473.50000 0.68276
6476.79980 0.72031
6480.20020 0.75152
6483.60010 0.77927
6487.00000 0.80144
6490.39990 0.81997
6493.79980 0.83176
6497.10010 0.84003
6500.50000 0.84481
6503.89990 0.84768
6507.29980 0.84953
6510.60010 0.84842
6514.00000 0.84677
6517.39990 0.842
6520.79980 0.83883
6524.20020 0.83464
6527.50000 0.83047
6530.89990 0.82658
6534.29980 0.82272
6537.70020 0.8208
6541.00000 0.81855
6544.39990 0.81679
6547.79980 0.81443
6551.20020 0.81233
6554.50000 0.81206
6557.89990 0.81278
6561.29980 0.81383
6564.60010 0.81452
6568.00000 0.81524
6571.39990 0.81699
6574.79980 0.81832
6578.10010 0.82017
6581.50000 0.82043
6584.89990 0.82268
6588.20020 0.82593
6591.60010 0.82956
6595.00000 0.83223
6598.29980 0.83511
6601.70020 0.83712
6605.10010 0.84031
6608.39990 0.84166
6611.79980 0.84575
6615.20020 0.84736
6618.50000 0.85068
6621.89990 0.85389
6625.29980 0.85629
6628.60010 0.85812
6632.00000 0.85825
6635.29980 0.85993
6638.70020 0.86065
6642.10010 0.86111
6645.39990 0.86144
6648.79980 0.86049
6652.10010 0.85981
6655.50000 0.85806
6658.89990 0.85717
6662.20020 0.85428
6665.60010 0.84947
6668.89990 0.843
6672.29980 0.83704
6675.70020 0.83017
6679.00000 0.82289
6682.39990 0.8118
6685.70020 0.80111
6689.10010 0.78838
6692.39990 0.7751
6695.79980 0.7588
6699.10010 0.74116
6702.50000 0.72194
6705.89990 0.70044
6709.20020 0.67923
6712.60010 0.65678
6715.89990 0.63331
6719.29980 0.60778
6722.60010 0.5808
6726.00000 0.55529
6729.29980 0.52756
6732.70020 0.5002
6736.00000 0.47173
6739.39990 0.4447
6742.70020 0.41683
6746.10010 0.38905
6749.39990 0.36329
6752.79980 0.33867
6756.10010 0.31524
6759.39990 0.2922
6762.79980 0.26997
6766.10010 0.24918
6769.50000 0.22918
6772.79980 0.21069
6776.20020 0.19325
6779.50000 0.17751
6782.89990 0.16312
6786.20020 0.15024
6789.50000 0.13812
6792.89990 0.12664
6796.20020 0.11606
6799.60010 0.10588
6802.89990 0.09708
6806.20020 0.08918
6809.60010 0.08201
6812.89990 0.07487
6816.29980 0.06874
6819.60010 0.06323
6822.89990 0.05855
6826.29980 0.05396
6829.60010 0.04947
6833.00000 0.04538
6836.29980 0.04187
6839.60010 0.03873
6843.00000 0.03611
6846.29980 0.03297
6849.60010 0.03065
6853.00000 0.02776
6856.29980 0.02617
6859.60010 0.02435
6863.00000 0.02268
6866.29980 0.02083
6869.60010 0.0193
6873.00000 0.01787
6876.29980 0.01621
6879.60010 0.01503
6883.00000 0.01415
6886.29980 0.01334
6889.60010 0.01162
6892.89990 0.01085
6896.29980 0.01013
6899.60010 0.01026
6902.89990 0.00964
6906.20020 0.00911
6909.60010 0.00816
6912.89990 0.00728
6916.20020 0.00624
6919.60010 0.00554
6922.89990 0.00528
6926.20020 0.00546
6929.50000 0.00537
6932.89990 0.00544
6936.20020 0.00523
6939.50000 0.00535
6942.79980 0.00461
6946.10010 0.00401
6949.50000 0.00324
6952.79980 0.0035
6956.10010 0.00345
6959.39990 0.00286
6962.70020 0.00159
6966.10010 0.00099
6969.39990 0.00074
6972.70020 0.00137
6976.00000 0.0013
6979.29980 0.0014
6982.70020 0.00076
6986.00000 0.00048
6989.29980 0.00021
6992.60010 0.00035
6995.89990 0.0003
6999.20020 0.00039
7002.50000 0.00022
7005.89990 0.00034
7009.20020 0.00027
7012.50000 0.00074
7015.79980 0.00095
7019.10010 0.00102
7022.39990 0.00059
7025.70020 0.00034
7029.00000 0.00022
7032.39990 0.0003
7035.70020 0.00017
7039.00000 0.00045
7042.29980 0.00043
7045.60010 0.00057
7048.89990 0.00062
7052.20020 0.00068
7055.50000 0.00077
7058.79980 0.00062
7062.10010 0.00048
7065.39990 0.0004
7068.70020 0.00025
7072.00000 0.00055
7075.39990 0.00061
7078.70020 0.00067
7082.00000 0.00039
7085.29980 0.00043
7088.60010 0.00054
7091.89990 0.00061
7095.20020 0.00041
7804.72021 0.0
