threeML/data/optical_filters/LCO/IMACS-Bessell_R1.ecsv
# %ECSV 0.9
# ---
# datatype:
# - {name: wavelength, unit: Angstrom, datatype: float32}
# - {name: response, datatype: float32}
# meta: !!omap
# - {band_name: Bessell_R1}
# - {group_name: IMACS}
wavelength response
4903.20020 0.0
5448.00000 0.001
5450.00000 0.0007
5451.00000 0.0007
5453.00000 0.0004
5454.00000 0.0003
5455.00000 0.0003
5457.00000 0.0003
5458.00000 0.0003
5459.00000 0.0005
5461.00000 0.0004
5462.00000 0.0006
5464.00000 0.0009
5465.00000 0.0008
5466.00000 0.0011
5468.00000 0.0014
5469.00000 0.0017
5470.00000 0.0016
5472.00000 0.0014
5473.00000 0.0011
5475.00000 0.0006
5476.00000 0.0003
5477.00000 0.0006
5479.00000 0.001
5480.00000 0.0013
5481.00000 0.0015
5483.00000 0.0015
5484.00000 0.0012
5485.00000 0.0013
5487.00000 0.0012
5488.00000 0.0012
5490.00000 0.0012
5491.00000 0.0014
5492.00000 0.0012
5494.00000 0.0012
5495.00000 0.0013
5496.00000 0.0011
5498.00000 0.0009
5499.00000 0.0007
5501.00000 0.0006
5502.00000 0.0009
5503.00000 0.0011
5505.00000 0.0015
5506.00000 0.0021
5507.00000 0.0021
5509.00000 0.0021
5510.00000 0.0019
5512.00000 0.0014
5513.00000 0.0012
5514.00000 0.0012
5516.00000 0.0008
5517.00000 0.0012
5518.00000 0.0014
5520.00000 0.0012
5521.00000 0.0016
5522.00000 0.0019
5524.00000 0.0015
5525.00000 0.0019
5527.00000 0.0026
5528.00000 0.0031
5529.00000 0.0033
5531.00000 0.0034
5532.00000 0.0043
5533.00000 0.0047
5535.00000 0.0051
5536.00000 0.0057
5537.00000 0.0086
5539.00000 0.0111
5540.00000 0.0131
5542.00000 0.0157
5543.00000 0.0191
5544.00000 0.0208
5546.00000 0.0212
5547.00000 0.0234
5548.00000 0.0248
5550.00000 0.0257
5551.00000 0.0263
5552.00000 0.0278
5554.00000 0.0284
5555.00000 0.0293
5557.00000 0.0293
5558.00000 0.0314
5559.00000 0.0322
5561.00000 0.0345
5562.00000 0.0377
5563.00000 0.0417
5565.00000 0.0461
5566.00000 0.0511
5567.00000 0.0544
5569.00000 0.0564
5570.00000 0.059
5572.00000 0.0595
5573.00000 0.0608
5574.00000 0.0623
5576.00000 0.0652
5577.00000 0.0701
5578.00000 0.0751
5580.00000 0.0803
5581.00000 0.0867
5582.00000 0.0918
5584.00000 0.0944
5585.00000 0.0969
5586.00000 0.1007
5588.00000 0.105
5589.00000 0.1087
5591.00000 0.115
5592.00000 0.1218
5593.00000 0.1274
5595.00000 0.132
5596.00000 0.1368
5597.00000 0.1399
5599.00000 0.1431
5600.00000 0.1468
5601.00000 0.1502
5603.00000 0.1567
5604.00000 0.1645
5605.00000 0.1717
5607.00000 0.1787
5608.00000 0.1854
5609.00000 0.1901
5611.00000 0.1943
5612.00000 0.2003
5614.00000 0.205
5615.00000 0.2115
5616.00000 0.2191
5618.00000 0.2257
5619.00000 0.2309
5620.00000 0.2368
5622.00000 0.2429
5623.00000 0.2479
5624.00000 0.256
5626.00000 0.265
5627.00000 0.2736
5628.00000 0.2818
5630.00000 0.2893
5631.00000 0.2947
5632.00000 0.2992
5634.00000 0.3042
5635.00000 0.3088
5636.00000 0.316
5638.00000 0.3255
5639.00000 0.3327
5641.00000 0.3414
5642.00000 0.3494
5643.00000 0.3566
5645.00000 0.3598
5646.00000 0.367
5647.00000 0.3705
5649.00000 0.3756
5650.00000 0.38
5651.00000 0.3878
5653.00000 0.3947
5654.00000 0.4035
5655.00000 0.4136
5657.00000 0.4225
5658.00000 0.4299
5659.00000 0.4356
5661.00000 0.442
5662.00000 0.4453
5663.00000 0.4496
5665.00000 0.452
5666.00000 0.4578
5667.00000 0.4626
5669.00000 0.4685
5670.00000 0.4763
5671.00000 0.4847
5673.00000 0.4904
5674.00000 0.4978
5675.00000 0.5059
5677.00000 0.513
5678.00000 0.5199
5679.00000 0.5268
5681.00000 0.5324
5682.00000 0.5357
5684.00000 0.5398
5685.00000 0.5436
5686.00000 0.5518
5688.00000 0.5579
5689.00000 0.5653
5690.00000 0.571
5692.00000 0.5777
5693.00000 0.5786
5694.00000 0.5831
5696.00000 0.5861
5697.00000 0.5912
5698.00000 0.5934
5700.00000 0.599
5701.00000 0.6038
5702.00000 0.6094
5704.00000 0.6115
5705.00000 0.6178
5706.00000 0.6201
5708.00000 0.6242
5709.00000 0.6297
5710.00000 0.6358
5712.00000 0.6407
5713.00000 0.6476
5714.00000 0.6494
5716.00000 0.6508
5717.00000 0.6558
5718.00000 0.6605
5720.00000 0.6642
5721.00000 0.6707
5722.00000 0.675
5724.00000 0.6791
5725.00000 0.6785
5726.00000 0.6777
5728.00000 0.6763
5729.00000 0.6775
5730.00000 0.6761
5732.00000 0.6796
5733.00000 0.6813
5734.00000 0.6876
5736.00000 0.6895
5737.00000 0.6918
5738.00000 0.6942
5740.00000 0.7001
5741.00000 0.7017
5742.00000 0.7021
5744.00000 0.7065
5745.00000 0.7119
5746.00000 0.7185
5748.00000 0.7239
5749.00000 0.7328
5750.00000 0.7371
5988.70020 0.86641
5992.10010 0.87536
5995.60010 0.87712
5999.00000 0.87673
6002.50000 0.87664
6005.89990 0.87772
6009.29980 0.87711
6012.79980 0.87661
6016.20020 0.87706
6019.70020 0.8773
6023.10010 0.87635
6026.60010 0.87635
6030.00000 0.87562
6033.39990 0.87465
6036.89990 0.87411
6040.29980 0.87312
6043.70020 0.87278
6047.20020 0.87246
6050.60010 0.87213
6054.10010 0.87082
6057.50000 0.87073
6060.89990 0.86984
6064.39990 0.8693
6067.79980 0.86888
6071.20020 0.86873
6074.70020 0.86822
6078.10010 0.86791
6081.50000 0.86783
6085.00000 0.86701
6088.39990 0.86674
6091.79980 0.86623
6095.29980 0.86545
6098.70020 0.86473
6102.10010 0.86416
6105.60010 0.86389
6109.00000 0.86291
6112.39990 0.86266
6115.79980 0.86141
6119.29980 0.86097
6122.70020 0.85988
6126.10010 0.85912
6129.60010 0.85822
6133.00000 0.85744
6136.39990 0.85594
6139.79980 0.85469
6143.29980 0.85362
6146.70020 0.85255
6150.10010 0.85155
6153.50000 0.85076
6157.00000 0.85023
6160.39990 0.84996
6163.79980 0.84962
6167.20020 0.84893
6170.60010 0.8486
6174.10010 0.84803
6177.50000 0.8476
6180.89990 0.84712
6184.29980 0.84659
6187.79980 0.84535
6191.20020 0.84443
6194.60010 0.84315
6198.00000 0.84179
6201.39990 0.84089
6204.79980 0.83998
6208.29980 0.83882
6211.70020 0.838
6215.10010 0.83692
6218.50000 0.83656
6221.89990 0.83615
6225.29980 0.83501
6228.79980 0.8343
6232.20020 0.83356
6235.60010 0.83227
6239.00000 0.83144
6242.39990 0.83081
6245.79980 0.82988
6249.20020 0.82861
6252.60010 0.82781
6256.10010 0.8266
6259.50000 0.82553
6262.89990 0.82373
6266.29980 0.82281
6269.70020 0.82143
6273.10010 0.81991
6276.50000 0.81867
6279.89990 0.81851
6283.29980 0.81788
6286.70020 0.81717
6290.10010 0.81646
6293.50000 0.81597
6297.00000 0.81422
6300.39990 0.81323
6303.79980 0.81197
6307.20020 0.81071
6310.60010 0.80949
6314.00000 0.80874
6317.39990 0.807
6320.79980 0.80648
6324.20020 0.80589
6327.60010 0.80483
6331.00000 0.8038
6334.39990 0.80284
6337.79980 0.80083
6341.20020 0.79992
6344.60010 0.79819
6348.00000 0.79702
6351.39990 0.79659
6354.79980 0.7956
6358.20020 0.79419
6361.60010 0.79402
6365.00000 0.79318
6368.39990 0.79164
6371.79980 0.79069
6375.20020 0.78967
6378.60010 0.78819
6382.00000 0.78734
6385.39990 0.78662
6388.70020 0.78588
6392.10010 0.7849
6395.50000 0.78423
6398.89990 0.78283
6402.29980 0.78131
6405.70020 0.78041
6409.10010 0.77919
6412.50000 0.77773
6415.89990 0.77684
6419.29980 0.776
6422.70020 0.77459
6426.10010 0.77375
6429.39990 0.77273
6432.79980 0.77154
6436.20020 0.77048
6439.60010 0.76921
6443.00000 0.76796
6446.39990 0.76697
6449.79980 0.76653
6453.20020 0.765
6456.50000 0.76416
6459.89990 0.76312
6463.29980 0.76193
6466.70020 0.75997
6470.10010 0.75892
6473.50000 0.75751
6476.79980 0.75644
6480.20020 0.75557
6483.60010 0.7545
6487.00000 0.75415
6490.39990 0.75327
6493.79980 0.752
6497.10010 0.75074
6500.50000 0.74949
6503.89990 0.74767
6507.29980 0.74643
6510.60010 0.74517
6514.00000 0.7437
6517.39990 0.74291
6520.79980 0.74181
6524.20020 0.74084
6527.50000 0.73974
6530.89990 0.73875
6534.29980 0.73738
6537.70020 0.73622
6541.00000 0.73473
6544.39990 0.73353
6547.79980 0.73248
6551.20020 0.73157
6554.50000 0.73076
6557.89990 0.72974
6561.29980 0.72895
6564.60010 0.72787
6568.00000 0.72661
6571.39990 0.72468
6574.79980 0.72349
6578.10010 0.72206
6581.50000 0.7208
6584.89990 0.71876
6588.20020 0.71787
6591.60010 0.71639
6595.00000 0.71481
6598.29980 0.71362
6601.70020 0.7137
6605.10010 0.71268
6608.39990 0.71172
6611.79980 0.71086
6615.20020 0.70918
6618.50000 0.7074
6621.89990 0.70613
6625.29980 0.70487
6628.60010 0.70348
6632.00000 0.70234
6635.29980 0.70079
6638.70020 0.69975
6642.10010 0.69845
6645.39990 0.69732
6648.79980 0.69616
6652.10010 0.69516
6655.50000 0.69306
6658.89990 0.69175
6662.20020 0.69033
6665.60010 0.68906
6668.89990 0.68802
6672.29980 0.6874
6675.70020 0.68593
6679.00000 0.68478
6682.39990 0.68367
6685.70020 0.68155
6689.10010 0.68019
6692.39990 0.67916
6695.79980 0.67759
6699.10010 0.6759
6702.50000 0.67467
6705.89990 0.67298
6709.20020 0.67157
6712.60010 0.67055
6715.89990 0.66907
6719.29980 0.66818
6722.60010 0.66713
6726.00000 0.66569
6729.29980 0.66436
6732.70020 0.66283
6736.00000 0.66108
6739.39990 0.65966
6742.70020 0.65815
6746.10010 0.65621
6749.39990 0.65474
6752.79980 0.65355
6756.10010 0.65224
6759.39990 0.65062
6762.79980 0.64943
6766.10010 0.64837
6769.50000 0.6467
6772.79980 0.64481
6776.20020 0.64351
6779.50000 0.64174
6782.89990 0.64005
6786.20020 0.63865
6789.50000 0.63688
6792.89990 0.63562
6796.20020 0.63405
6799.60010 0.63243
6802.89990 0.63084
6806.20020 0.62974
6809.60010 0.6276
6812.89990 0.62604
6816.29980 0.6241
6819.60010 0.62183
6822.89990 0.61994
6826.29980 0.61859
6829.60010 0.61738
6833.00000 0.61628
6836.29980 0.61528
6839.60010 0.61396
6843.00000 0.61209
6846.29980 0.60987
6849.60010 0.60823
6853.00000 0.60666
6856.29980 0.60475
6859.60010 0.60338
6863.00000 0.6022
6866.29980 0.60054
6869.60010 0.59858
6873.00000 0.59704
6876.29980 0.59517
6879.60010 0.59326
6883.00000 0.59185
6886.29980 0.59068
6889.60010 0.58901
6892.89990 0.5877
6896.29980 0.58627
6899.60010 0.58423
6902.89990 0.58235
6906.20020 0.58071
6909.60010 0.57917
6912.89990 0.57721
6916.20020 0.57623
6919.60010 0.57442
6922.89990 0.57317
6926.20020 0.57146
6929.50000 0.57023
6932.89990 0.56843
6936.20020 0.56717
6939.50000 0.56551
6942.79980 0.5641
6946.10010 0.56234
6949.50000 0.56055
6952.79980 0.5588
6956.10010 0.55706
6959.39990 0.55504
6962.70020 0.55372
6966.10010 0.55216
6969.39990 0.55084
6972.70020 0.54928
6976.00000 0.54761
6979.29980 0.54576
6982.70020 0.54406
6986.00000 0.54234
6989.29980 0.54048
6992.60010 0.53922
6995.89990 0.5375
6999.20020 0.53553
7002.50000 0.53394
7005.89990 0.53271
7009.20020 0.53107
7012.50000 0.52974
7015.79980 0.52883
7019.10010 0.52728
7022.39990 0.52542
7025.70020 0.52402
7029.00000 0.52246
7032.39990 0.52059
7035.70020 0.51865
7039.00000 0.51705
7042.29980 0.51515
7045.60010 0.51355
7048.89990 0.51191
7052.20020 0.5106
7055.50000 0.50915
7058.79980 0.50785
7062.10010 0.50634
7065.39990 0.50458
7068.70020 0.50296
7072.00000 0.50115
7075.39990 0.49942
7078.70020 0.49773
7082.00000 0.49628
7085.29980 0.49466
7088.60010 0.49324
7091.89990 0.49186
7095.20020 0.49046
7098.50000 0.48943
7101.79980 0.48816
7105.10010 0.48666
7108.39990 0.48506
7111.70020 0.48324
7115.00000 0.48129
7118.29980 0.47929
7121.60010 0.47772
7124.89990 0.47616
7128.20020 0.47455
7131.50000 0.47279
7134.79980 0.47152
7138.10010 0.46981
7141.39990 0.46817
7144.70020 0.46663
7148.00000 0.46514
7151.20020 0.46358
7154.50000 0.4618
7157.79980 0.46034
7161.10010 0.45873
7164.39990 0.45695
7167.70020 0.45538
7171.00000 0.45404
7174.29980 0.45224
7177.60010 0.45064
7180.89990 0.44908
7184.20020 0.44702
7187.50000 0.44507
7190.79980 0.44312
7194.00000 0.44168
7197.29980 0.44006
7200.60010 0.4384
7203.89990 0.43682
7207.20020 0.43526
7210.50000 0.43365
7213.79980 0.43214
7217.10010 0.431
7220.29980 0.42954
7223.60010 0.42804
7226.89990 0.42641
7230.20020 0.4248
7233.50000 0.42292
7236.79980 0.42147
7240.00000 0.42019
7243.29980 0.4183
7246.60010 0.41668
7249.89990 0.41501
7253.20020 0.41355
7256.50000 0.4117
7259.70020 0.41049
7263.00000 0.40914
7266.29980 0.40782
7269.60010 0.40648
7272.89990 0.4049
7276.10010 0.40324
7279.39990 0.40187
7282.70020 0.40044
7286.00000 0.39891
7289.20020 0.39807
7292.50000 0.39681
7295.79980 0.39507
7299.10010 0.39377
7302.29980 0.39243
7305.60010 0.39074
7308.89990 0.38936
7312.20020 0.3878
7315.39990 0.38655
7318.70020 0.3846
7322.00000 0.38318
7325.29980 0.3819
7328.50000 0.38072
7331.79980 0.37894
7335.10010 0.37815
7338.29980 0.37653
7341.60010 0.37474
7344.89990 0.37313
7348.10010 0.37154
7351.39990 0.36959
7354.70020 0.36804
7357.89990 0.36642
7361.20020 0.36479
7364.50000 0.36291
7367.70020 0.36163
7371.00000 0.36036
7374.29980 0.35931
7377.50000 0.35818
7380.79980 0.35714
7384.10010 0.35591
7387.29980 0.3543
7390.60010 0.35265
7393.89990 0.35113
7397.10010 0.3498
7400.39990 0.34768
7403.60010 0.34618
7406.89990 0.34468
7410.20020 0.34314
7413.39990 0.34119
7416.70020 0.33967
7419.89990 0.33809
7423.20020 0.33627
7426.50000 0.33469
7429.70020 0.33363
7433.00000 0.33253
7436.20020 0.33121
7439.50000 0.32973
7442.79980 0.32815
7446.00000 0.32624
7449.29980 0.32447
7452.50000 0.32307
7455.79980 0.32153
7459.00000 0.31978
7462.29980 0.31863
7465.50000 0.31719
7468.79980 0.31558
7472.00000 0.31427
7475.29980 0.31315
7478.50000 0.31183
7481.79980 0.31024
7485.00000 0.30841
7488.29980 0.30707
7491.50000 0.30572
7494.79980 0.30409
7498.00000 0.30295
7501.29980 0.30195
7504.50000 0.30048
7507.79980 0.29908
7511.00000 0.29793
7514.29980 0.29618
7517.50000 0.29436
7520.79980 0.29277
7524.00000 0.29136
7527.29980 0.28973
7530.50000 0.28857
7533.70020 0.28721
7537.00000 0.28602
7540.20020 0.28438
7543.50000 0.28286
7546.70020 0.28154
7550.00000 0.28035
7553.20020 0.27854
7556.39990 0.2772
7559.70020 0.27601
7562.89990 0.27449
7566.20020 0.2731
7569.39990 0.27211
7572.60010 0.27065
7575.89990 0.26917
7579.10010 0.2678
7582.39990 0.26625
7585.60010 0.2648
7588.79980 0.26379
7592.10010 0.26248
7595.29980 0.26108
7598.50000 0.25991
7601.79980 0.25827
7605.00000 0.25687
7608.20020 0.25549
7611.50000 0.25444
7614.70020 0.25281
7617.89990 0.25184
7621.20020 0.25026
7624.39990 0.24907
7627.60010 0.24762
7630.89990 0.24675
7634.10010 0.24524
7637.29980 0.24407
7640.60010 0.24275
7643.79980 0.24162
7647.00000 0.24048
7650.20020 0.23943
7653.50000 0.23807
7656.70020 0.23689
7659.89990 0.23542
7663.20020 0.23407
7666.39990 0.23273
7669.60010 0.23145
7672.79980 0.23015
7676.10010 0.22899
7679.29980 0.2279
7682.50000 0.22709
7685.70020 0.22619
7689.00000 0.22513
7692.20020 0.2242
7695.39990 0.22263
7698.60010 0.22115
7701.79980 0.22007
7705.10010 0.2187
7708.29980 0.21693
7711.50000 0.21604
7714.70020 0.2147
7717.89990 0.21298
7721.20020 0.21194
7724.39990 0.21093
7727.60010 0.20962
7730.79980 0.20867
7734.00000 0.20751
7737.20020 0.2062
7740.50000 0.2052
7743.70020 0.2039
7746.89990 0.20271
7750.10010 0.20186
7753.29980 0.20089
7756.50000 0.19973
7759.70020 0.19892
7763.00000 0.19783
7766.20020 0.19666
7769.39990 0.19546
7772.60010 0.19455
7775.79980 0.19345
7779.00000 0.19252
7782.20020 0.19157
7785.39990 0.19066
7788.70020 0.18966
7791.89990 0.18862
7795.10010 0.18771
7798.29980 0.18679
7801.50000 0.18567
7804.70020 0.18429
7807.89990 0.18328
7811.10010 0.18217
7814.29980 0.18106
7817.50000 0.18006
7820.70020 0.17963
7823.89990 0.17869
7827.10010 0.17737
7830.29980 0.17626
7833.50000 0.17503
7836.70020 0.17345
7839.89990 0.17225
7843.10010 0.17134
7846.39990 0.17032
7849.60010 0.16962
7852.79980 0.169
7856.00000 0.16816
7859.20020 0.1673
7862.39990 0.16618
7865.60010 0.16497
7868.79980 0.16373
7871.89990 0.16281
7875.10010 0.16164
7878.29980 0.16092
7881.50000 0.16014
7884.70020 0.15948
7887.89990 0.15855
7891.10010 0.15758
7894.29980 0.15685
7897.50000 0.15601
7900.70020 0.15521
7903.89990 0.15405
7907.10010 0.15337
7910.29980 0.15216
7913.50000 0.15118
7916.70020 0.15008
7919.89990 0.14939
7923.10010 0.14862
7926.29980 0.14812
7929.39990 0.14735
7932.60010 0.14617
7935.79980 0.14522
7939.00000 0.1442
7942.20020 0.14296
7945.39990 0.14197
7948.60010 0.14131
7951.79980 0.14063
7955.00000 0.14005
7958.10010 0.13943
7961.29980 0.13866
7964.50000 0.13778
7967.70020 0.1369
7970.89990 0.13596
7974.10010 0.13504
7977.29980 0.13428
7980.39990 0.13362
7983.60010 0.13297
7986.79980 0.13219
7990.00000 0.13129
7993.20020 0.13056
7996.29980 0.1298
7999.50000 0.12884
8002.70020 0.1279
8005.89990 0.12725
8009.10010 0.12653
8012.20020 0.12567
8015.39990 0.12484
8018.60010 0.12421
8021.79980 0.1237
8025.00000 0.12273
8028.10010 0.12227
8031.29980 0.12164
8034.50000 0.12097
8037.70020 0.11989
8040.79980 0.11905
8044.00000 0.11834
8047.20020 0.11797
8050.39990 0.11727
8053.50000 0.11683
8056.70020 0.11616
8059.89990 0.11526
8063.10010 0.11448
8066.20020 0.11377
8069.39990 0.113
8072.60010 0.11255
8075.70020 0.11179
8078.89990 0.11077
