threeML/data/optical_filters/LCO/IMACS-WB4800.ecsv
# %ECSV 0.9
# ---
# datatype:
# - {name: wavelength, unit: Angstrom, datatype: float32}
# - {name: response, datatype: float32}
# meta: !!omap
# - {band_name: WB4800}
# - {group_name: IMACS}
wavelength response
4131.89990 0.0
4591.00000 0.0068
4593.00000 0.0067
4594.00000 0.007
4596.00000 0.007
4597.00000 0.0072
4599.00000 0.0073
4600.00000 0.0074
4602.00000 0.0073
4603.00000 0.0074
4605.00000 0.0073
4606.00000 0.0072
4608.00000 0.0072
4610.00000 0.0074
4611.00000 0.0075
4613.00000 0.0078
4614.00000 0.0083
4616.00000 0.009
4617.00000 0.0089
4619.00000 0.0091
4620.00000 0.0093
4622.00000 0.0096
4623.00000 0.0096
4625.00000 0.0103
4626.00000 0.0105
4628.00000 0.0113
4629.00000 0.0116
4631.00000 0.0122
4632.00000 0.0125
4634.00000 0.013
4635.00000 0.0129
4637.00000 0.013
4638.00000 0.0127
4640.00000 0.0126
4641.00000 0.0126
4643.00000 0.0126
4644.00000 0.0125
4646.00000 0.0127
4647.00000 0.0129
4649.00000 0.0135
4650.00000 0.0139
4652.00000 0.0146
4653.00000 0.0152
4655.00000 0.0162
4656.00000 0.0165
4658.00000 0.0171
4659.00000 0.0175
4661.00000 0.0178
4662.00000 0.0178
4664.00000 0.0179
4665.00000 0.0184
4667.00000 0.0189
4668.00000 0.0196
4670.00000 0.0204
4671.00000 0.0211
4673.00000 0.0215
4674.00000 0.0218
4675.00000 0.022
4677.00000 0.022
4678.00000 0.0225
4680.00000 0.023
4681.00000 0.0234
4683.00000 0.0242
4684.00000 0.0252
4686.00000 0.0258
4687.00000 0.0265
4689.00000 0.0273
4690.00000 0.0279
4692.00000 0.0288
4693.00000 0.0297
4695.00000 0.0305
4696.00000 0.031
4698.00000 0.0314
4699.00000 0.0322
4701.00000 0.0327
4702.00000 0.0335
4704.00000 0.0347
4705.00000 0.0358
4707.00000 0.0367
4708.00000 0.0377
4710.00000 0.0384
4711.00000 0.0393
4713.00000 0.0401
4714.00000 0.041
4716.00000 0.0418
4717.00000 0.0433
4719.00000 0.0446
4720.00000 0.046
4722.00000 0.047
4723.00000 0.0483
4725.00000 0.0494
4726.00000 0.0509
4728.00000 0.0522
4729.00000 0.0537
4731.00000 0.0552
4732.00000 0.0568
4734.00000 0.0579
4735.00000 0.0595
4737.00000 0.0611
4738.00000 0.0626
4740.00000 0.0642
4741.00000 0.0661
4743.00000 0.0677
4744.00000 0.0698
4746.00000 0.0719
4747.00000 0.0739
4748.00000 0.0759
4750.00000 0.0785
4751.00000 0.0806
4753.00000 0.0831
4754.00000 0.0854
4756.00000 0.0879
4757.00000 0.0903
4759.00000 0.093
4760.00000 0.0957
4762.00000 0.0986
4763.00000 0.1015
4765.00000 0.1048
4766.00000 0.1078
4768.00000 0.1111
4769.00000 0.1143
4771.00000 0.118
4772.00000 0.1216
4774.00000 0.1254
4775.00000 0.1293
4777.00000 0.1335
4778.00000 0.137
4780.00000 0.1408
4781.00000 0.1451
4783.00000 0.1495
4784.00000 0.1538
4786.00000 0.1589
4787.00000 0.1639
4788.00000 0.1689
4790.00000 0.1746
4791.00000 0.1802
4793.00000 0.1855
4794.00000 0.1913
4796.00000 0.197
4797.00000 0.2031
4799.00000 0.2095
4800.00000 0.2164
4802.00000 0.2229
4803.00000 0.23
4805.00000 0.237
4806.00000 0.2448
4808.00000 0.252
4809.00000 0.2597
4811.00000 0.2678
4812.00000 0.2757
4814.00000 0.2838
4815.00000 0.2925
4817.00000 0.3014
4818.00000 0.3098
4819.00000 0.3188
4821.00000 0.3283
4822.00000 0.3379
4824.00000 0.3478
4825.00000 0.3581
4827.00000 0.3682
4828.00000 0.3782
4830.00000 0.3885
4831.00000 0.3995
4833.00000 0.4103
4834.00000 0.4212
4836.00000 0.4324
4837.00000 0.4434
4839.00000 0.4541
4840.00000 0.4654
4842.00000 0.4768
4843.00000 0.4881
4845.00000 0.4999
4846.00000 0.5117
4847.00000 0.5229
4849.00000 0.5346
4850.00000 0.5461
4852.00000 0.5576
4853.00000 0.5686
4855.00000 0.5801
4856.00000 0.5913
4858.00000 0.6021
4859.00000 0.6129
4861.00000 0.6238
4862.00000 0.6342
4864.00000 0.6443
4865.00000 0.655
4867.00000 0.6648
4868.00000 0.675
4869.00000 0.6852
4871.00000 0.6949
4872.00000 0.7038
4874.00000 0.7133
4875.00000 0.7223
4877.00000 0.731
4878.00000 0.7396
4880.00000 0.7486
4881.00000 0.7569
4883.00000 0.7644
4884.00000 0.7719
4886.00000 0.7797
4887.00000 0.7861
4889.00000 0.7923
4890.00000 0.7986
4891.00000 0.8048
4893.00000 0.8107
4894.00000 0.8167
4896.00000 0.8227
4897.00000 0.8284
4899.00000 0.8336
4900.00000 0.8385
4902.00000 0.8437
4903.00000 0.8484
4905.00000 0.853
4906.00000 0.8571
4908.00000 0.8616
4909.00000 0.8652
4910.00000 0.8691
4912.00000 0.8729
4913.00000 0.8773
4915.00000 0.8804
4916.00000 0.8832
4918.00000 0.8862
4919.00000 0.8886
4921.00000 0.8905
4922.00000 0.8933
4924.00000 0.8963
4925.00000 0.8987
4927.00000 0.9014
4928.00000 0.9041
4929.00000 0.9069
4931.00000 0.9092
4932.00000 0.9118
4934.00000 0.9138
4935.00000 0.9159
4937.00000 0.9176
4938.00000 0.9202
4940.00000 0.9219
4941.00000 0.9238
4943.00000 0.9259
4944.00000 0.9278
4945.00000 0.9289
4947.00000 0.9307
4948.00000 0.932
4950.00000 0.9323
4951.00000 0.9331
4953.00000 0.9336
4954.00000 0.9339
4956.00000 0.9346
4957.00000 0.9358
4959.00000 0.9371
4960.00000 0.9383
4961.00000 0.9391
4963.00000 0.9401
4964.00000 0.9405
4966.00000 0.9407
4967.00000 0.9411
4969.00000 0.9418
4970.00000 0.9418
4972.00000 0.9422
4973.00000 0.9428
4975.00000 0.9436
4976.00000 0.9432
4977.00000 0.9431
4979.00000 0.9433
4980.00000 0.9433
4982.00000 0.9428
4983.00000 0.943
4985.00000 0.9433
4986.00000 0.9431
4988.00000 0.9427
4989.00000 0.9426
4990.00000 0.9429
4992.00000 0.9432
4993.00000 0.9428
4995.00000 0.942
4996.00000 0.941
4998.00000 0.9399
4999.00000 0.9386
5001.00000 0.9384
5002.00000 0.9381
5003.00000 0.938
5005.00000 0.9374
5006.00000 0.9368
5008.00000 0.9356
5009.00000 0.9349
5011.00000 0.9337
5012.00000 0.9334
5014.00000 0.9327
5015.00000 0.9319
5017.00000 0.9316
5018.00000 0.9309
5019.00000 0.9301
5021.00000 0.9297
5022.00000 0.9293
5024.00000 0.928
5025.00000 0.9276
5027.00000 0.927
5028.00000 0.9261
5029.00000 0.9258
5031.00000 0.9258
5032.00000 0.9251
5034.00000 0.9245
5035.00000 0.9232
5037.00000 0.9227
5038.00000 0.9217
5040.00000 0.9206
5041.00000 0.9196
5042.00000 0.9199
5044.00000 0.9193
5045.00000 0.919
5047.00000 0.9188
5048.00000 0.9191
5050.00000 0.9189
5051.00000 0.9182
5053.00000 0.9179
5054.00000 0.918
5055.00000 0.9174
5057.00000 0.9166
5058.00000 0.9168
5060.00000 0.9171
5061.00000 0.9169
5063.00000 0.9169
5064.00000 0.9171
5065.00000 0.9172
5067.00000 0.9167
5068.00000 0.9167
5070.00000 0.9171
5071.00000 0.9177
5073.00000 0.9176
5074.00000 0.9176
5076.00000 0.9179
5077.00000 0.9181
5078.00000 0.9179
5080.00000 0.918
5081.00000 0.9183
5083.00000 0.9189
5084.00000 0.9189
5086.00000 0.9197
5087.00000 0.9204
5088.00000 0.9211
5090.00000 0.9214
5091.00000 0.9219
5093.00000 0.9223
5094.00000 0.9231
5096.00000 0.9231
5097.00000 0.9231
5098.00000 0.9239
5100.00000 0.9248
5101.00000 0.9253
5103.00000 0.9264
5104.00000 0.9281
5106.00000 0.9281
5107.00000 0.9283
5109.00000 0.9293
5110.00000 0.9299
5111.00000 0.9299
5113.00000 0.9312
5114.00000 0.9311
5116.00000 0.9314
5117.00000 0.9323
5119.00000 0.9327
5120.00000 0.9327
5121.00000 0.9344
5123.00000 0.9346
5124.00000 0.935
5126.00000 0.9359
5127.00000 0.9361
5129.00000 0.936
5130.00000 0.9366
5131.00000 0.937
5133.00000 0.9378
5134.00000 0.9389
5136.00000 0.9398
5137.00000 0.94
5139.00000 0.9404
5140.00000 0.94
5141.00000 0.9396
5143.00000 0.939
5144.00000 0.9397
5146.00000 0.94
5147.00000 0.9406
5148.00000 0.9408
5150.00000 0.9417
5151.00000 0.942
5153.00000 0.9419
5154.00000 0.9419
5156.00000 0.9424
5157.00000 0.9428
5158.00000 0.9423
5160.00000 0.9425
5161.00000 0.9423
5163.00000 0.942
5164.00000 0.9413
5166.00000 0.9414
5167.00000 0.941
5168.00000 0.9415
5170.00000 0.9417
5171.00000 0.9418
5173.00000 0.9416
5174.00000 0.9411
5176.00000 0.9407
5177.00000 0.9411
5178.00000 0.9407
5180.00000 0.9406
5181.00000 0.9413
5183.00000 0.9411
5184.00000 0.9401
5185.00000 0.9401
5187.00000 0.9398
5188.00000 0.9393
5190.00000 0.9393
5191.00000 0.9395
5193.00000 0.939
5194.00000 0.9392
5195.00000 0.9393
5197.00000 0.9392
5198.00000 0.939
5200.00000 0.9389
5201.00000 0.9387
5202.00000 0.938
5204.00000 0.9367
5205.00000 0.9365
5207.00000 0.9363
5208.00000 0.9356
5210.00000 0.9349
5211.00000 0.9354
5212.00000 0.9355
5214.00000 0.9349
5215.00000 0.9346
5217.00000 0.9344
5218.00000 0.9332
5219.00000 0.9323
5221.00000 0.9318
5222.00000 0.9312
5224.00000 0.9307
5225.00000 0.9305
5227.00000 0.9295
5228.00000 0.9296
5229.00000 0.929
5231.00000 0.9288
5232.00000 0.9282
5234.00000 0.9283
5235.00000 0.9269
5236.00000 0.9263
5238.00000 0.926
5239.00000 0.9255
5241.00000 0.9246
5242.00000 0.9244
5243.00000 0.9246
5245.00000 0.9238
5246.00000 0.9241
5248.00000 0.924
5249.00000 0.9236
5250.00000 0.9224
5252.00000 0.9223
5253.00000 0.9213
5255.00000 0.9205
5256.00000 0.9205
5258.00000 0.9203
5259.00000 0.9196
5260.00000 0.9192
5262.00000 0.9187
5263.00000 0.9181
5265.00000 0.9173
5266.00000 0.9161
5267.00000 0.9151
5269.00000 0.9144
5270.00000 0.9132
5272.00000 0.9132
5273.00000 0.9136
5274.00000 0.9136
5276.00000 0.9138
5277.00000 0.9136
5279.00000 0.9134
5280.00000 0.9132
5281.00000 0.9135
5283.00000 0.913
5284.00000 0.913
5286.00000 0.9128
5287.00000 0.9111
5288.00000 0.9099
5290.00000 0.9096
5291.00000 0.9094
5293.00000 0.9091
5294.00000 0.9098
5295.00000 0.9092
5297.00000 0.9086
5298.00000 0.9084
5300.00000 0.9077
5301.00000 0.9081
5302.00000 0.9081
5304.00000 0.9086
5305.00000 0.9083
5307.00000 0.907
5308.00000 0.9053
5309.00000 0.9052
5311.00000 0.9045
5312.00000 0.9031
5314.00000 0.9033
5315.00000 0.9045
5316.00000 0.9045
5318.00000 0.905
5319.00000 0.9057
5321.00000 0.9058
5322.00000 0.9049
5323.00000 0.9034
5325.00000 0.9025
5326.00000 0.903
5328.00000 0.9032
5329.00000 0.9026
5330.00000 0.904
5332.00000 0.904
5333.00000 0.9038
5335.00000 0.9041
5336.00000 0.9052
5337.00000 0.9055
5339.00000 0.9064
5340.00000 0.9054
5342.00000 0.905
5343.00000 0.9045
5344.00000 0.9044
5346.00000 0.9047
5347.00000 0.9053
5349.00000 0.9058
5350.00000 0.9067
5351.00000 0.9061
5353.00000 0.9054
5354.00000 0.9056
5356.00000 0.9074
5357.00000 0.9067
5358.00000 0.9079
5360.00000 0.9081
5361.00000 0.9079
5363.00000 0.9059
5364.00000 0.9073
5365.00000 0.906
5367.00000 0.9064
5368.00000 0.908
5369.00000 0.9083
5371.00000 0.9076
5372.00000 0.9096
5374.00000 0.9097
5375.00000 0.9092
5376.00000 0.9104
5378.00000 0.9116
5379.00000 0.9113
5381.00000 0.912
5382.00000 0.9126
5383.00000 0.9133
5385.00000 0.912
5386.00000 0.9123
5388.00000 0.9115
5389.00000 0.9119
5390.00000 0.9118
5392.00000 0.9135
5393.00000 0.9144
5394.00000 0.9157
5396.00000 0.9155
5397.00000 0.9176
5399.00000 0.9185
5400.00000 0.9196
5401.00000 0.9211
5403.00000 0.9215
5404.00000 0.9209
5406.00000 0.9223
5407.00000 0.9218
5408.00000 0.923
5410.00000 0.9238
5411.00000 0.924
5412.00000 0.9238
5414.00000 0.9248
5415.00000 0.9254
5417.00000 0.9271
5418.00000 0.9276
5419.00000 0.9276
5421.00000 0.9297
5422.00000 0.9289
5424.00000 0.9288
5425.00000 0.9313
5426.00000 0.9322
5428.00000 0.9319
5429.00000 0.9334
5430.00000 0.9344
5432.00000 0.9339
5433.00000 0.9354
5435.00000 0.9349
5436.00000 0.9347
5437.00000 0.934
5439.00000 0.9333
5440.00000 0.9325
5441.00000 0.9346
5443.00000 0.9361
5444.00000 0.9382
5446.00000 0.9404
5447.00000 0.9413
5448.00000 0.9396
5450.00000 0.9394
5451.00000 0.9396
5453.00000 0.9385
5454.00000 0.9393
5455.00000 0.9428
5457.00000 0.9443
5458.00000 0.9454
5459.00000 0.9489
5461.00000 0.9497
5462.00000 0.9472
5464.00000 0.9475
5465.00000 0.9475
5466.00000 0.9453
5468.00000 0.9456
5469.00000 0.9469
5470.00000 0.9478
5472.00000 0.9489
5473.00000 0.9507
5475.00000 0.9516
5476.00000 0.9528
5477.00000 0.9529
5479.00000 0.9533
5480.00000 0.9543
5481.00000 0.9544
5483.00000 0.9541
5484.00000 0.9537
5485.00000 0.9547
5487.00000 0.9555
5488.00000 0.9546
5490.00000 0.9552
5491.00000 0.9563
5492.00000 0.9546
5494.00000 0.9541
5495.00000 0.956
5496.00000 0.9569
5498.00000 0.9581
5499.00000 0.9594
5501.00000 0.9597
5502.00000 0.9588
5503.00000 0.9582
5505.00000 0.9579
5506.00000 0.9581
5507.00000 0.9595
5509.00000 0.9614
5510.00000 0.961
5512.00000 0.9602
5513.00000 0.9616
5514.00000 0.9606
5516.00000 0.9608
5517.00000 0.9624
5518.00000 0.9637
5520.00000 0.9611
5521.00000 0.9604
5522.00000 0.9604
5524.00000 0.9622
5525.00000 0.9613
5527.00000 0.9622
5528.00000 0.9625
5529.00000 0.9613
5531.00000 0.9597
5532.00000 0.9625
5533.00000 0.9647
5535.00000 0.9658
5536.00000 0.9645
5537.00000 0.9647
5539.00000 0.9623
5540.00000 0.964
5542.00000 0.9626
5543.00000 0.964
5544.00000 0.9653
5546.00000 0.966
5547.00000 0.9631
5548.00000 0.9638
5550.00000 0.9641
5551.00000 0.9621
5552.00000 0.9631
5554.00000 0.9638
5555.00000 0.9619
5557.00000 0.961
5558.00000 0.9619
5559.00000 0.9644
5561.00000 0.966
5562.00000 0.9697
5563.00000 0.9696
5565.00000 0.9695
5566.00000 0.9663
5567.00000 0.9647
5569.00000 0.9633
5570.00000 0.9624
5572.00000 0.9635
5573.00000 0.965
5574.00000 0.9644
5576.00000 0.9672
5577.00000 0.9699
5578.00000 0.9696
5580.00000 0.966
5581.00000 0.9673
5582.00000 0.9645
5584.00000 0.9641
5585.00000 0.9647
5586.00000 0.9696
5588.00000 0.9713
5589.00000 0.9723
5591.00000 0.9735
5592.00000 0.975
5593.00000 0.9735
5595.00000 0.9707
5596.00000 0.9701
5597.00000 0.9688
5599.00000 0.9672
5600.00000 0.9677
5601.00000 0.968
5603.00000 0.9672
5604.00000 0.967
5605.00000 0.9686
5607.00000 0.9643
5608.00000 0.9658
5609.00000 0.9641
5611.00000 0.9626
5612.00000 0.9634
5614.00000 0.9667
5615.00000 0.9652
5616.00000 0.9685
5618.00000 0.9701
5619.00000 0.9689
5620.00000 0.9695
5622.00000 0.9707
5623.00000 0.9718
5624.00000 0.972
5626.00000 0.9709
5627.00000 0.9695
5628.00000 0.971
5630.00000 0.9699
5631.00000 0.9721
5632.00000 0.9705
5634.00000 0.9686
5635.00000 0.9625
5636.00000 0.9613
5638.00000 0.9608
5639.00000 0.9596
5641.00000 0.9651
5642.00000 0.9686
5643.00000 0.9682
5645.00000 0.9676
5646.00000 0.9696
5647.00000 0.9652
5649.00000 0.9686
5650.00000 0.9686
5651.00000 0.9707
5653.00000 0.9701
5654.00000 0.9709
5655.00000 0.9676
5657.00000 0.9657
5658.00000 0.9618
5659.00000 0.9639
5661.00000 0.96
5662.00000 0.9616
5663.00000 0.967
5665.00000 0.9727
5666.00000 0.9733
5667.00000 0.9806
5669.00000 0.9813
5670.00000 0.9783
5671.00000 0.9706
5673.00000 0.9632
5674.00000 0.9574
5675.00000 0.9581
5677.00000 0.9615
5678.00000 0.966
5679.00000 0.9687
5681.00000 0.9713
5682.00000 0.963
5684.00000 0.9571
5685.00000 0.9526
5686.00000 0.9544
5688.00000 0.9513
5689.00000 0.9561
5690.00000 0.9586
5692.00000 0.9621
5693.00000 0.9652
5694.00000 0.9712
5696.00000 0.9729
5697.00000 0.979
5698.00000 0.9774
5700.00000 0.9755
5701.00000 0.9683
5702.00000 0.963
5704.00000 0.9531
5705.00000 0.95
5706.00000 0.9481
5708.00000 0.9516
5709.00000 0.9555
5710.00000 0.9572
5712.00000 0.9561
5713.00000 0.9518
5714.00000 0.9515
5716.00000 0.9527
5717.00000 0.95
5718.00000 0.9558
5720.00000 0.9594
5721.00000 0.958
5722.00000 0.9599
5724.00000 0.9668
5725.00000 0.9668
5726.00000 0.9701
5728.00000 0.9692
5729.00000 0.9667
5730.00000 0.965
5732.00000 0.9556
5733.00000 0.9488
5734.00000 0.9442
5736.00000 0.9323
5737.00000 0.9313
5738.00000 0.9362
5740.00000 0.9433
5741.00000 0.9494
5742.00000 0.9633
5744.00000 0.9611
5745.00000 0.9657
5746.00000 0.9549
5748.00000 0.9475
5749.00000 0.9354
5750.00000 0.9376
5988.70020 0.96271
5992.10010 0.96433
5995.60010 0.96343
5999.00000 0.96311
6002.50000 0.96264
6005.89990 0.96243
6009.29980 0.96161
6012.79980 0.96223
6016.20020 0.96273
6019.70020 0.96379
6023.10010 0.96475
6026.60010 0.96568
6030.00000 0.96571
6033.39990 0.96596
6036.89990 0.96537
6040.29980 0.9652
6043.70020 0.96523
6047.20020 0.96582
6050.60010 0.96551
6054.10010 0.96625
6057.50000 0.96686
6060.89990 0.96772
6064.39990 0.96797
6067.79980 0.96848
6071.20020 0.96873
6074.70020 0.96836
6078.10010 0.96882
6081.50000 0.96866
6085.00000 0.96934
6088.39990 0.96981
6091.79980 0.97017
6095.29980 0.97026
6098.70020 0.97106
6102.10010 0.97159
6105.60010 0.97241
6109.00000 0.9735
6112.39990 0.97441
6115.79980 0.97478
6119.29980 0.97497
6122.70020 0.9757
6126.10010 0.97599
6129.60010 0.97585
6133.00000 0.97619
6136.39990 0.97705
6139.79980 0.9774
6143.29980 0.97808
6146.70020 0.97869
6150.10010 0.97904
6153.50000 0.97981
6157.00000 0.97989
6160.39990 0.97979
6163.79980 0.98039
6167.20020 0.98119
6170.60010 0.98078
6174.10010 0.98075
6177.50000 0.98164
6180.89990 0.98172
6184.29980 0.98193
6187.79980 0.98278
6191.20020 0.983
6194.60010 0.98322
6198.00000 0.98348
6201.39990 0.98342
6204.79980 0.98291
6208.29980 0.98329
6211.70020 0.98273
6215.10010 0.98245
6218.50000 0.9828
6221.89990 0.98303
6225.29980 0.98253
6228.79980 0.98225
