threeML/data/optical_filters/LCO/IMACS-Bessell_R1.ecsv
# %ECSV 0.9
# ---
# datatype:
# - {name: wavelength, unit: Angstrom, datatype: float32}
# - {name: response, datatype: float32}
# meta: !!omap
# - {band_name: Bessell_R1}
# - {group_name: IMACS}
wavelength response
[from data line 859]
8085.20020 0.10971
8088.39990 0.10877
8091.60010 0.10813
8094.79980 0.10748
8097.89990 0.10691
8101.10010 0.10613
8104.29980 0.10586
8107.39990 0.10538
8110.60010 0.1047
8113.70020 0.10387
8116.89990 0.10295
8120.10010 0.102
8123.20020 0.10118
8126.39990 0.1007
8129.60010 0.10035
8132.70020 0.09974
8135.89990 0.09899
8139.10010 0.09806
8142.20020 0.09727
8145.39990 0.09636
8148.50000 0.09576
8151.70020 0.0953
8154.89990 0.09501
8158.00000 0.09463
8161.20020 0.09422
8164.29980 0.094
8167.50000 0.09368
8170.60010 0.09323
8173.79980 0.09242
8177.00000 0.09169
8180.10010 0.0907
8183.29980 0.09
8186.39990 0.08926
8189.60010 0.08877
8192.70020 0.08823
8195.90039 0.0878
8199.00000 0.08716
8202.20020 0.08677
8205.40039 0.08657
8208.50000 0.08586
8211.70020 0.08528
8214.79980 0.08467
8218.00000 0.08403
8221.09961 0.08314
8224.29980 0.08264
8227.40039 0.08211
8230.59961 0.08178
8233.70020 0.08139
8236.90039 0.08115
8240.00000 0.08088
8243.20020 0.08063
8246.29980 0.08024
8249.40039 0.07944
8252.59961 0.07873
8255.70020 0.07812
8258.90039 0.07763
8262.00000 0.07712
8265.20020 0.07691
8268.29980 0.07644
8271.50000 0.07604
8274.59961 0.07526
8277.70020 0.07455
8280.90039 0.07391
8284.00000 0.07337
8287.20020 0.07283
8290.29980 0.07246
8293.50000 0.07189
8296.59961 0.07126
8299.70020 0.07084
8302.90039 0.07011
8306.00000 0.06944
8309.09961 0.06915
8312.29980 0.06901
8315.40039 0.06872
8318.59961 0.06834
8321.70020 0.06832
8324.79980 0.068
8328.00000 0.06758
8331.09961 0.0671
8334.20020 0.06686
8337.40039 0.06613
8340.50000 0.06553
8343.59961 0.06501
8346.79980 0.06448
8349.90039 0.06373
8353.00000 0.0634
8356.20020 0.06312
8359.29980 0.06273
8362.40039 0.06226
8365.59961 0.06235
8368.70020 0.06183
8371.79980 0.06142
8374.90039 0.06074
8378.09961 0.06029
8381.20020 0.05944
8384.29980 0.05896
8387.50000 0.05827
8390.59961 0.05789
8393.70020 0.05746
8396.79980 0.0572
8400.00000 0.05706
8403.09961 0.05693
8406.20020 0.05694
8409.29980 0.05692
8412.50000 0.05682
8415.59961 0.0566
8418.70020 0.05604
8421.79980 0.05571
8425.00000 0.05516
8428.09961 0.0546
8431.20020 0.05435
8434.29980 0.05393
8437.40039 0.05345
8440.59961 0.05273
8443.70020 0.05217
8446.79980 0.05137
8449.90039 0.05114
8453.00000 0.05074
8456.20020 0.05071
8459.29980 0.05049
8462.40039 0.05044
8465.50000 0.05018
8468.59961 0.04975
8471.70020 0.04945
8474.90039 0.04919
8478.00000 0.04875
8481.09961 0.04842
8484.20020 0.04812
8487.29980 0.04777
8490.40039 0.0474
8493.50000 0.04684
8496.59961 0.0462
8499.79980 0.0456
8502.90039 0.04517
8506.00000 0.04482
8509.09961 0.04456
8512.20020 0.04456
8515.29980 0.04469
8518.40039 0.04458
8521.50000 0.04454
8524.59961 0.04458
8527.70020 0.04457
8530.90039 0.04433
8534.00000 0.04417
8537.09961 0.04397
8540.20020 0.04362
8543.29980 0.04311
8546.40039 0.04291
8549.50000 0.04225
8552.59961 0.04198
8555.70020 0.04154
8558.79980 0.04093
8561.90039 0.04011
8565.00000 0.03987
8568.09961 0.03927
8571.20020 0.03895
8574.29980 0.03876
8577.40039 0.03885
8580.50000 0.03873
8583.59961 0.03853
8586.70020 0.03846
8589.79980 0.03852
8592.90039 0.03834
8596.00000 0.03813
8599.09961 0.03817
8602.20020 0.03774
8605.29980 0.03743
8608.40039 0.03717
8611.50000 0.03705
8614.59961 0.03645
8617.70020 0.0365
8620.79980 0.03609
8623.90039 0.03513
8627.00000 0.03455
8630.09961 0.03399
8633.20020 0.0331
8636.20020 0.03283
8639.29980 0.0331
8642.40039 0.033
8645.50000 0.03305
8648.59961 0.03313
8651.70020 0.03309
8654.79980 0.03284
8657.90039 0.03284
8661.00000 0.03282
8664.09961 0.03291
8667.09961 0.03294
8670.20020 0.03324
8673.29980 0.0331
8676.40039 0.03317
8679.50000 0.03302
8682.59961 0.03293
8685.70020 0.03236
8688.79980 0.03197
8691.79980 0.03129
8694.90039 0.03105
8698.00000 0.03061
8701.09961 0.03055
8704.20020 0.03042
8707.29980 0.03033
8710.29980 0.0299
8713.40039 0.02973
8716.50000 0.02912
8719.59961 0.02857
8722.70020 0.02813
8725.70020 0.02791
8728.79980 0.02731
8731.90039 0.02747
8735.00000 0.02752
8738.09961 0.02764
8741.09961 0.02772
8744.20020 0.02781
8747.29980 0.02786
8750.40039 0.02797
8753.40039 0.02796
8756.50000 0.02793
8759.59961 0.02812
8762.70020 0.02669
8765.70020 0.0265
8768.79980 0.0264
8771.90039 0.02604
8775.00000 0.02576
8778.00000 0.02672
8781.09961 0.02618
8784.20020 0.02599
8787.29980 0.02596
8790.29980 0.0255
8793.40039 0.02551
8796.50000 0.02531
8799.50000 0.02472
8802.59961 0.02436
8805.70020 0.0242
8808.70020 0.02355
8811.79980 0.02295
8814.90039 0.0226
8817.90039 0.02251
8821.00000 0.0223
8824.09961 0.02212
8827.09961 0.02191
8830.20020 0.02179
8833.29980 0.02098
8836.29980 0.02071
8839.40039 0.02041
8842.50000 0.02058
8845.50000 0.02069
8848.59961 0.02088
8851.59961 0.02065
8854.70020 0.02063
8857.79980 0.02062
8860.79980 0.02034
8863.90039 0.02032
8867.00000 0.02033
8870.00000 0.02033
8873.09961 0.02023
8876.09961 0.02019
8879.20020 0.02015
8882.20020 0.02006
8885.29980 0.02023
8888.40039 0.02028
8891.40039 0.02043
8894.50000 0.02042
8897.50000 0.02053
8900.59961 0.02038
8903.59961 0.02051
8906.70020 0.02045
8909.70020 0.02046
8912.79980 0.02052
8915.90039 0.0206
8918.90039 0.02058
8922.00000 0.02071
8925.00000 0.02078
8928.09961 0.02081
8931.09961 0.02088
8934.20020 0.02091
8937.20020 0.02092
8940.29980 0.02097
8943.29980 0.02071
8946.40039 0.02065
8949.40039 0.02047
8952.50000 0.02049
8955.50000 0.02043
8958.50000 0.02076
8961.59961 0.02084
8964.59961 0.021
8967.70020 0.02081
8970.70020 0.02039
8973.79980 0.02032
8976.79980 0.01981
8979.90039 0.01958
8982.90039 0.01949
8986.00000 0.01977
8989.00000 0.01911
8992.00000 0.01952
8995.09961 0.01921
8998.09961 0.01888
9001.20020 0.0181
9004.20020 0.01831
9007.20020 0.01759
9010.29980 0.01692
9013.29980 0.0173
9016.40039 0.01753
9019.40039 0.01719
9022.40039 0.01689
9025.50000 0.01671
9028.50000 0.01615
9031.50000 0.01527
9034.59961 0.01481
9037.59961 0.01513
9040.70020 0.01527
9043.70020 0.0149
9046.70020 0.0152
9049.79980 0.01492
9052.79980 0.01396
9055.79980 0.01426
9058.90039 0.01381
9061.90039 0.01353
9064.90039 0.01412
9067.90039 0.01432
9071.00000 0.01352
9074.00000 0.01326
9077.00000 0.01294
9080.09961 0.01238
9083.09961 0.01213
9086.09961 0.01248
9089.20020 0.01261
9092.20020 0.01296
9095.20020 0.01282
9098.20020 0.01271
9101.29980 0.01227
9104.29980 0.01232
9107.29980 0.01211
9110.29980 0.01221
9113.40039 0.01262
9116.40039 0.01268
9119.40039 0.01248
9122.40039 0.0124
9125.50000 0.01231
9128.50000 0.01185
9131.50000 0.01186
9134.50000 0.01203
9137.50000 0.01206
9140.59961 0.01175
9143.59961 0.01203
9146.59961 0.01219
9149.59961 0.01198
9152.59961 0.01192
9155.70020 0.0121
9158.70020 0.0119
9161.70020 0.01179
9164.70020 0.01191
9167.70020 0.01198
9170.79980 0.01204
9173.79980 0.0122
9176.79980 0.01225
9179.79980 0.01229
9182.79980 0.0124
9185.79980 0.01237
9188.79980 0.0124
9191.90039 0.01241
9194.90039 0.01246
9197.90039 0.0125
9200.90039 0.0126
9203.90039 0.01263
9206.90039 0.01272
9209.90039 0.01265
9212.90039 0.01245
9215.90039 0.01223
9219.00000 0.01227
9222.00000 0.01229
9225.00000 0.01245
9228.00000 0.01244
9231.00000 0.01263
9234.00000 0.01241
9237.00000 0.0124
9240.00000 0.01249
9243.00000 0.01292
9246.00000 0.01314
9249.00000 0.01325
9252.00000 0.01337
9255.00000 0.0134
9258.00000 0.01326
9261.00000 0.01333
9264.00000 0.01307
9267.09961 0.01307
9270.09961 0.01313
9273.09961 0.01319
9276.09961 0.01319
9279.09961 0.01344
9282.09961 0.01301
9285.09961 0.01285
9288.09961 0.01281
9291.09961 0.0128
9294.09961 0.01313
9297.09961 0.01255
9300.00000 0.01245
9303.00000 0.01242
9306.00000 0.01205
9309.00000 0.01186
9312.00000 0.01297
9315.00000 0.01308
9318.00000 0.01346
9321.00000 0.01395
9324.00000 0.01399
9327.00000 0.01391
9330.00000 0.01459
9333.00000 0.01424
9336.00000 0.01325
9339.00000 0.01283
9342.00000 0.0127
9345.00000 0.01234
9348.00000 0.01207
9350.90039 0.01301
9353.90039 0.01356
9356.90039 0.01382
9359.90039 0.014
9362.90039 0.01413
9365.90039 0.01355
9368.90039 0.01345
9371.90039 0.01203
9374.90039 0.01106
9377.79980 0.01117
9380.79980 0.01165
9383.79980 0.01182
9386.79980 0.01381
9389.79980 0.01243
9392.79980 0.01169
9395.70020 0.00938
9398.70020 0.00766
9401.70020 0.00572
9404.70020 0.00668
9407.70020 0.00566
9410.70020 0.00742
9413.59961 0.00831
9416.59961 0.00892
9419.59961 0.01023
9422.59961 0.01166
9425.59961 0.01171
9428.50000 0.01103
9431.50000 0.00933
9434.50000 0.00856
9437.50000 0.00804
9440.50000 0.00806
9443.40039 0.00795
9446.40039 0.00923
9449.40039 0.00785
9452.40039 0.0062
9455.29980 0.00406
9458.29980 0.00449
9461.29980 0.00479
9464.29980 0.00402
9467.20020 0.0059
9470.20020 0.00781
9473.20020 0.00842
9476.09961 0.00759
9479.09961 0.00852
9482.09961 0.0077
9485.09961 0.00647
9488.00000 0.00643
9491.00000 0.00733
9494.00000 0.00692
9496.90039 0.00709
9499.90039 0.00734
9502.90039 0.00585
9505.79980 0.00452
9508.79980 0.00409
9511.79980 0.00377
9514.70020 0.00306
9517.70020 0.00366
9520.70020 0.00387
9523.59961 0.00474
9526.59961 0.00464
9529.59961 0.00576
9532.50000 0.00591
9535.50000 0.00669
9538.50000 0.00655
9541.40039 0.00676
9544.40039 0.00664
9547.29980 0.00633
9550.29980 0.00621
9553.29980 0.00591
9556.20020 0.00504
9559.20020 0.0055
9562.09961 0.0054
9565.09961 0.0054
9568.09961 0.00531
9571.00000 0.00675
9574.00000 0.00643
9576.90039 0.00642
9579.90039 0.0061
9582.90039 0.00679
9585.79980 0.00578
9588.79980 0.00555
9591.70020 0.00572
9594.70020 0.00662
9597.59961 0.00608
9600.59961 0.00675
9603.50000 0.00578
9606.50000 0.00666
9609.40039 0.00549
9612.40039 0.0055
9615.29980 0.00522
9618.29980 0.00631
9621.20020 0.00582
9624.20020 0.00563
9627.09961 0.00536
9630.09961 0.00558
9633.00000 0.0053
9636.00000 0.00489
9638.90039 0.00505
9641.90039 0.00486
9644.79980 0.00398
9647.79980 0.00358
9650.70020 0.00353
9653.70020 0.00334
9656.59961 0.00351
9659.59961 0.00436
9662.50000 0.00474
9665.50000 0.00497
9668.40039 0.00514
9671.29980 0.00557
9674.29980 0.00533
9677.20020 0.00494
9680.20020 0.00389
9683.09961 0.00391
9686.09961 0.00347
9689.00000 0.00371
9691.90039 0.00347
9694.90039 0.00391
9697.79980 0.00368
9700.79980 0.00351
9703.70020 0.00266
9706.59961 0.00331
9709.59961 0.0039
9712.50000 0.00474
9715.40039 0.00512
9718.40039 0.00535
9721.29980 0.00449
9724.29980 0.00411
9727.20020 0.00388
9730.09961 0.0033
9733.09961 0.0037
9736.00000 0.00395
9738.90039 0.00456
9741.90039 0.00336
9744.79980 0.00376
9747.70020 0.00381
9750.70020 0.00401
9753.59961 0.00383
9756.50000 0.00423
9759.40039 0.00426
9762.40039 0.00403
9765.29980 0.00365
9768.20020 0.00406
9771.20020 0.00475
9774.09961 0.00472
9777.00000 0.00497
9779.90039 0.00495
9782.90039 0.00326
9785.79980 0.0028
9788.70020 0.00198
9791.59961 0.00108
9794.59961 0.00155
9797.50000 0.00218
9800.40039 0.00178
9803.29980 0.00198
9806.29980 0.00291
9809.20020 0.0031
9812.09961 0.00315
9815.00000 0.00313
9818.00000 0.00294
9820.90039 0.00246
9823.79980 0.00228
9826.70020 0.00248
9829.59961 0.00298
9832.59961 0.00365
9835.50000 0.00324
9838.40039 0.00392
9841.29980 0.00281
9844.20020 0.00209
9847.20020 0.00236
9850.09961 0.0021
9853.00000 0.00097
9855.90039 0.00141
9858.79980 0.00216
9861.70020 0.00166
9864.59961 0.00194
9867.59961 0.0024
9870.50000 0.00268
9873.40039 0.00217
9876.29980 0.00198
9879.20020 0.00171
9882.09961 0.00126
9885.00000 0.00098
9887.90039 0.00128
9890.90039 0.001
9893.79980 0.00129
9896.70020 0.00151
9899.59961 0.00284
9902.50000 0.00333
9905.40039 0.00443
9908.29980 0.00442
9911.20020 0.00475
9914.09961 0.00422
9917.00000 0.00349
9919.90039 0.00293
9922.79980 0.00353
9925.79980 0.00324
9928.70020 0.00275
9931.59961 0.00245
9934.50000 0.0025
9937.40039 0.0022
9940.29980 0.00281
9943.20020 0.00278
9946.09961 0.00397
9949.00000 0.00366
9951.90039 0.00343
9954.79980 0.00255
9957.70020 0.00261
9960.59961 0.00114
9963.50000 0.00178
9966.40039 0.00175
9969.29980 0.00151
9972.20020 0.00088
9975.09961 0.00183
9978.00000 0.00119
9980.90039 0.00155
9983.79980 0.00212
9986.70020 0.0028
9989.59961 0.00215
9992.50000 0.00159
9995.40039 0.00124
9998.29980 0.00035
10998.12988 0.0
