threeML/data/optical_filters/LCO/IMACS-OG570.ecsv
# %ECSV 0.9
# ---
# datatype:
# - {name: wavelength, unit: Angstrom, datatype: float32}
# - {name: response, datatype: float32}
# meta: !!omap
# - {band_name: OG570}
# - {group_name: IMACS}
wavelength response
4929.29980 0.0
5477.00000 0.0002
5479.00000 0.0004
5480.00000 0.0007
5481.00000 0.0007
5483.00000 0.0007
5484.00000 0.0007
5485.00000 0.0005
5487.00000 0.0002
5488.00000 0.001
5490.00000 0.0018
5491.00000 0.0019
5492.00000 0.0024
5494.00000 0.0035
5495.00000 0.0027
5496.00000 0.0019
5498.00000 0.0027
5499.00000 0.0028
5501.00000 0.0034
5502.00000 0.0043
5503.00000 0.006
5505.00000 0.0061
5506.00000 0.0075
5507.00000 0.0079
5509.00000 0.0091
5510.00000 0.0104
5512.00000 0.0132
5513.00000 0.0143
5514.00000 0.0155
5516.00000 0.0181
5517.00000 0.0179
5518.00000 0.019
5520.00000 0.0213
5521.00000 0.0239
5522.00000 0.0238
5524.00000 0.0257
5525.00000 0.027
5527.00000 0.028
5528.00000 0.0289
5529.00000 0.0317
5531.00000 0.0333
5532.00000 0.0338
5533.00000 0.0345
5535.00000 0.0349
5536.00000 0.0345
5537.00000 0.0353
5539.00000 0.0358
5540.00000 0.0361
5542.00000 0.0363
5543.00000 0.0373
5544.00000 0.0374
5546.00000 0.0382
5547.00000 0.0388
5548.00000 0.0391
5550.00000 0.0393
5551.00000 0.0399
5552.00000 0.0408
5554.00000 0.0411
5555.00000 0.0418
5557.00000 0.0438
5558.00000 0.0475
5559.00000 0.0501
5561.00000 0.0529
5562.00000 0.0567
5563.00000 0.0617
5565.00000 0.0644
5566.00000 0.0674
5567.00000 0.072
5569.00000 0.0761
5570.00000 0.0778
5572.00000 0.0806
5573.00000 0.0847
5574.00000 0.0873
5576.00000 0.0896
5577.00000 0.092
5578.00000 0.0935
5580.00000 0.0941
5581.00000 0.0948
5582.00000 0.0959
5584.00000 0.0971
5585.00000 0.0986
5586.00000 0.101
5588.00000 0.1064
5589.00000 0.1089
5591.00000 0.1125
5592.00000 0.1176
5593.00000 0.1223
5595.00000 0.1276
5596.00000 0.1347
5597.00000 0.1415
5599.00000 0.1477
5600.00000 0.1539
5601.00000 0.1566
5603.00000 0.1606
5604.00000 0.1638
5605.00000 0.1662
5607.00000 0.1687
5608.00000 0.1711
5609.00000 0.1728
5611.00000 0.1735
5612.00000 0.1748
5614.00000 0.1756
5615.00000 0.1775
5616.00000 0.18
5618.00000 0.1852
5619.00000 0.1909
5620.00000 0.2002
5622.00000 0.2076
5623.00000 0.2163
5624.00000 0.2245
5626.00000 0.2304
5627.00000 0.2356
5628.00000 0.2429
5630.00000 0.2489
5631.00000 0.2522
5632.00000 0.2574
5634.00000 0.2591
5635.00000 0.2622
5636.00000 0.2638
5638.00000 0.2657
5639.00000 0.2701
5641.00000 0.2749
5642.00000 0.277
5643.00000 0.2814
5645.00000 0.2915
5646.00000 0.2952
5647.00000 0.2981
5649.00000 0.3033
5650.00000 0.311
5651.00000 0.3106
5653.00000 0.3204
5654.00000 0.3302
5655.00000 0.3373
5657.00000 0.3426
5658.00000 0.3527
5659.00000 0.3579
5661.00000 0.363
5662.00000 0.3691
5663.00000 0.3742
5665.00000 0.3778
5666.00000 0.3796
5667.00000 0.3824
5669.00000 0.3859
5670.00000 0.3899
5671.00000 0.3931
5673.00000 0.3989
5674.00000 0.4047
5675.00000 0.4111
5677.00000 0.415
5678.00000 0.4198
5679.00000 0.421
5681.00000 0.424
5682.00000 0.4262
5684.00000 0.4299
5685.00000 0.4327
5686.00000 0.4408
5688.00000 0.4491
5689.00000 0.4566
5690.00000 0.4638
5692.00000 0.4733
5693.00000 0.4771
5694.00000 0.4809
5696.00000 0.4851
5697.00000 0.4897
5698.00000 0.4908
5700.00000 0.4991
6002.50000 0.93855
6005.89990 0.93935
6009.29980 0.93958
6012.79980 0.94073
6016.20020 0.94149
6019.70020 0.94218
6023.10010 0.94202
6026.60010 0.94268
6030.00000 0.94305
6033.39990 0.94378
6036.89990 0.94395
6040.29980 0.94456
6043.70020 0.94482
6047.20020 0.94528
6050.60010 0.94513
6054.10010 0.94565
6057.50000 0.94608
6060.89990 0.94724
6064.39990 0.94697
6067.79980 0.94701
6071.20020 0.94743
6074.70020 0.94735
6078.10010 0.94691
6081.50000 0.94704
6085.00000 0.94733
6088.39990 0.94745
6091.79980 0.94737
6095.29980 0.94746
6098.70020 0.94783
6102.10010 0.94816
6105.60010 0.94823
6109.00000 0.94929
6112.39990 0.94942
6115.79980 0.94981
6119.29980 0.95
6122.70020 0.94996
6126.10010 0.9494
6129.60010 0.94937
6133.00000 0.9496
6136.39990 0.94951
6139.79980 0.94996
6143.29980 0.95062
6146.70020 0.95117
6150.10010 0.95098
6153.50000 0.95177
6157.00000 0.95103
6160.39990 0.95074
6163.79980 0.95042
6167.20020 0.95035
6170.60010 0.95056
6174.10010 0.9514
6177.50000 0.95169
6180.89990 0.95162
6184.29980 0.95175
6187.79980 0.95119
6191.20020 0.951
6194.60010 0.95049
6198.00000 0.95057
6201.39990 0.95073
6204.79980 0.95078
6208.29980 0.95074
6211.70020 0.95124
6215.10010 0.95155
6218.50000 0.95152
6221.89990 0.952
6225.29980 0.95237
6228.79980 0.95242
6232.20020 0.95224
6235.60010 0.95205
6239.00000 0.95189
6242.39990 0.95223
6245.79980 0.95247
6249.20020 0.95273
6252.60010 0.95299
6256.10010 0.95284
6259.50000 0.9525
6262.89990 0.95253
6266.29980 0.9527
6269.70020 0.95239
6273.10010 0.95219
6276.50000 0.95231
6279.89990 0.95218
6283.29980 0.95175
6286.70020 0.9524
6290.10010 0.95303
6293.50000 0.95226
6297.00000 0.9526
6300.39990 0.95339
6303.79980 0.95332
6307.20020 0.95279
6310.60010 0.9531
6314.00000 0.95327
6317.39990 0.95309
6320.79980 0.95296
6324.20020 0.9532
6327.60010 0.95435
6331.00000 0.95442
6334.39990 0.95412
6337.79980 0.95366
6341.20020 0.95357
6344.60010 0.95319
6348.00000 0.95302
6351.39990 0.95365
6354.79980 0.95401
6358.20020 0.95374
6361.60010 0.95348
6365.00000 0.95307
6368.39990 0.95265
6371.79980 0.95344
6375.20020 0.95367
6378.60010 0.95382
6382.00000 0.9538
6385.39990 0.95416
6388.70020 0.95363
6392.10010 0.95377
6395.50000 0.95403
6398.89990 0.95383
6402.29980 0.95295
6405.70020 0.95296
6409.10010 0.95323
6412.50000 0.95262
6415.89990 0.95319
6419.29980 0.95362
6422.70020 0.95337
6426.10010 0.9534
6429.39990 0.95387
6432.79980 0.95395
6436.20020 0.95416
6439.60010 0.95438
6443.00000 0.95447
6446.39990 0.95447
6449.79980 0.9542
6453.20020 0.95447
6456.50000 0.95473
6459.89990 0.95441
6463.29980 0.9547
6466.70020 0.95481
6470.10010 0.95476
6473.50000 0.95533
6476.79980 0.95616
6480.20020 0.95651
6483.60010 0.9567
6487.00000 0.9564
6490.39990 0.95595
6493.79980 0.95517
6497.10010 0.95442
6500.50000 0.95466
6503.89990 0.95486
6507.29980 0.95473
6510.60010 0.95515
6514.00000 0.95565
6517.39990 0.95556
6520.79980 0.95535
6524.20020 0.95516
6527.50000 0.95542
6530.89990 0.95532
6534.29980 0.95542
6537.70020 0.95577
6541.00000 0.95596
6544.39990 0.9562
6547.79980 0.95656
6551.20020 0.95629
6554.50000 0.95613
6557.89990 0.95679
6561.29980 0.95672
6564.60010 0.9565
6568.00000 0.9567
6571.39990 0.9575
6574.79980 0.95766
6578.10010 0.95757
6581.50000 0.95767
6584.89990 0.95758
6588.20020 0.95679
6591.60010 0.95691
6595.00000 0.95681
6598.29980 0.95718
6601.70020 0.95776
6605.10010 0.95805
6608.39990 0.95754
6611.79980 0.95725
6615.20020 0.95704
6618.50000 0.95701
6621.89990 0.95679
6625.29980 0.95654
6628.60010 0.95687
6632.00000 0.95632
6635.29980 0.9559
6638.70020 0.95689
6642.10010 0.95731
6645.39990 0.95726
6648.79980 0.95729
6652.10010 0.95797
6655.50000 0.95714
6658.89990 0.95722
6662.20020 0.95756
6665.60010 0.95785
6668.89990 0.95734
6672.29980 0.95715
6675.70020 0.95694
6679.00000 0.95672
6682.39990 0.95684
6685.70020 0.95629
6689.10010 0.95697
6692.39990 0.957
6695.79980 0.95667
6699.10010 0.95672
6702.50000 0.9569
6705.89990 0.95651
6709.20020 0.95639
6712.60010 0.95688
6715.89990 0.95709
6719.29980 0.95767
6722.60010 0.95782
6726.00000 0.95776
6729.29980 0.95807
6732.70020 0.95813
6736.00000 0.95822
6739.39990 0.95831
6742.70020 0.95869
6746.10010 0.95825
6749.39990 0.95811
6752.79980 0.95794
6756.10010 0.95815
6759.39990 0.95772
6762.79980 0.95737
6766.10010 0.95729
6769.50000 0.95729
6772.79980 0.95711
6776.20020 0.95738
6779.50000 0.95809
6782.89990 0.95807
6786.20020 0.95809
6789.50000 0.95809
6792.89990 0.95761
6796.20020 0.95707
6799.60010 0.95661
6802.89990 0.95675
6806.20020 0.95688
6809.60010 0.95735
6812.89990 0.95771
6816.29980 0.95842
6819.60010 0.95837
6822.89990 0.9585
6826.29980 0.95874
6829.60010 0.95882
6833.00000 0.95885
6836.29980 0.95887
6839.60010 0.95834
6843.00000 0.95788
6846.29980 0.95712
6849.60010 0.95667
6853.00000 0.95644
6856.29980 0.95665
6859.60010 0.9569
6863.00000 0.95785
6866.29980 0.95848
6869.60010 0.95917
6873.00000 0.95928
6876.29980 0.95958
6879.60010 0.95951
6883.00000 0.95903
6886.29980 0.95815
6889.60010 0.95799
6892.89990 0.95787
6896.29980 0.95807
6899.60010 0.95818
6902.89990 0.95802
6906.20020 0.95837
6909.60010 0.9587
6912.89990 0.95803
6916.20020 0.95793
6919.60010 0.95887
6922.89990 0.95875
6926.20020 0.95794
6929.50000 0.95782
6932.89990 0.95796
6936.20020 0.95747
6939.50000 0.95769
6942.79980 0.95825
6946.10010 0.95809
6949.50000 0.9577
6952.79980 0.95795
6956.10010 0.95766
6959.39990 0.95712
6962.70020 0.95727
6966.10010 0.95733
6969.39990 0.95686
6972.70020 0.95672
6976.00000 0.95675
6979.29980 0.9565
6982.70020 0.9563
6986.00000 0.95679
6989.29980 0.95704
6992.60010 0.95739
6995.89990 0.95798
6999.20020 0.95827
7002.50000 0.95807
7005.89990 0.95818
7009.20020 0.95783
7012.50000 0.95734
7015.79980 0.95751
7019.10010 0.95741
7022.39990 0.95666
7025.70020 0.95703
7029.00000 0.9571
7032.39990 0.95675
7035.70020 0.95639
7039.00000 0.95677
7042.29980 0.9564
7045.60010 0.95664
7048.89990 0.95696
7052.20020 0.9572
7055.50000 0.95806
7058.79980 0.95835
7062.10010 0.95814
7065.39990 0.95773
7068.70020 0.95781
7072.00000 0.95691
7075.39990 0.95663
7078.70020 0.95666
7082.00000 0.95698
7085.29980 0.9568
7088.60010 0.95692
7091.89990 0.95709
7095.20020 0.95719
7098.50000 0.95716
7101.79980 0.9572
7105.10010 0.95703
7108.39990 0.95703
7111.70020 0.95693
7115.00000 0.95688
7118.29980 0.95722
7121.60010 0.95719
7124.89990 0.95732
7128.20020 0.9577
7131.50000 0.95744
7134.79980 0.95736
7138.10010 0.95713
7141.39990 0.95708
7144.70020 0.95678
7148.00000 0.95651
7151.20020 0.95625
7154.50000 0.95664
7157.79980 0.95606
7161.10010 0.95591
7164.39990 0.95643
7167.70020 0.9567
7171.00000 0.95669
7174.29980 0.95694
7177.60010 0.95764
7180.89990 0.95764
7184.20020 0.95765
7187.50000 0.9572
7190.79980 0.95774
7194.00000 0.95728
7197.29980 0.95755
7200.60010 0.958
7203.89990 0.95849
7207.20020 0.95801
7210.50000 0.95792
7213.79980 0.95755
7217.10010 0.95735
7220.29980 0.95692
7223.60010 0.95679
7226.89990 0.95667
7230.20020 0.9568
7233.50000 0.95617
7236.79980 0.95611
7240.00000 0.95631
7243.29980 0.95613
7246.60010 0.95621
7249.89990 0.9562
7253.20020 0.95614
7256.50000 0.95639
7259.70020 0.95676
7263.00000 0.95648
7266.29980 0.9566
7269.60010 0.95703
7272.89990 0.95649
7276.10010 0.95627
7279.39990 0.95612
7282.70020 0.95567
7286.00000 0.95576
7289.20020 0.95591
7292.50000 0.95578
7295.79980 0.9562
7299.10010 0.95648
7302.29980 0.95599
7305.60010 0.95552
7308.89990 0.95544
7312.20020 0.95517
7315.39990 0.95532
7318.70020 0.95532
7322.00000 0.95565
7325.29980 0.95588
7328.50000 0.95541
7331.79980 0.95559
7335.10010 0.95546
7338.29980 0.9553
7341.60010 0.95503
7344.89990 0.9554
7348.10010 0.95493
7351.39990 0.95518
7354.70020 0.95562
7357.89990 0.95569
7361.20020 0.95526
7364.50000 0.95539
7367.70020 0.95534
7371.00000 0.95498
7374.29980 0.95505
7377.50000 0.95559
7380.79980 0.95574
7384.10010 0.95592
7387.29980 0.95591
7390.60010 0.95563
7393.89990 0.95533
7397.10010 0.95465
7400.39990 0.95427
7403.60010 0.95465
7406.89990 0.95486
7410.20020 0.9548
7413.39990 0.95499
7416.70020 0.95488
7419.89990 0.95418
7423.20020 0.95402
7426.50000 0.95393
7429.70020 0.95416
7433.00000 0.95453
7436.20020 0.95503
7439.50000 0.95492
7442.79980 0.95415
7446.00000 0.95402
7449.29980 0.95399
7452.50000 0.95309
7455.79980 0.95242
7459.00000 0.95248
7462.29980 0.95213
7465.50000 0.95187
7468.79980 0.95204
7472.00000 0.9525
7475.29980 0.95267
7478.50000 0.95231
7481.79980 0.95175
7485.00000 0.95158
7488.29980 0.95173
7491.50000 0.95188
7494.79980 0.95196
7498.00000 0.9525
7501.29980 0.95284
7504.50000 0.95285
7507.79980 0.95296
7511.00000 0.95277
7514.29980 0.95196
7517.50000 0.95146
7520.79980 0.95142
7524.00000 0.95112
7527.29980 0.95179
7530.50000 0.95228
7533.70020 0.95232
7537.00000 0.95188
7540.20020 0.95173
7543.50000 0.95103
7546.70020 0.95098
7550.00000 0.95117
7553.20020 0.95059
7556.39990 0.95016
7559.70020 0.94996
7562.89990 0.94941
7566.20020 0.9491
7569.39990 0.94874
7572.60010 0.94935
7575.89990 0.95001
7579.10010 0.9503
7582.39990 0.94956
7585.60010 0.95061
7588.79980 0.95041
7592.10010 0.94988
7595.29980 0.94978
7598.50000 0.95039
7601.79980 0.94985
7605.00000 0.94927
7608.20020 0.94868
7611.50000 0.94852
7614.70020 0.94808
7617.89990 0.9474
7621.20020 0.94723
7624.39990 0.94776
7627.60010 0.94734
7630.89990 0.94677
7634.10010 0.94759
7637.29980 0.94845
7640.60010 0.94772
7643.79980 0.94779
7647.00000 0.9484
7650.20020 0.94827
7653.50000 0.94748
7656.70020 0.94803
7659.89990 0.94842
7663.20020 0.94876
7666.39990 0.9485
7669.60010 0.94897
7672.79980 0.94866
7676.10010 0.94812
7679.29980 0.94774
7682.50000 0.94808
7685.70020 0.94801
7689.00000 0.94778
7692.20020 0.94726
7695.39990 0.94655
7698.60010 0.94599
7701.79980 0.94534
7705.10010 0.94527
7708.29980 0.94508
7711.50000 0.94509
7714.70020 0.94484
7717.89990 0.94479
7721.20020 0.94512
7724.39990 0.94532
7727.60010 0.94573
7730.79980 0.94569
7734.00000 0.94549
7737.20020 0.94531
7740.50000 0.9453
7743.70020 0.9454
7746.89990 0.94498
7750.10010 0.94444
7753.29980 0.94387
7756.50000 0.94394
7759.70020 0.9435
7763.00000 0.94337
7766.20020 0.94364
7769.39990 0.94373
7772.60010 0.94365
7775.79980 0.94337
7779.00000 0.94371
7782.20020 0.94406
7785.39990 0.94399
7788.70020 0.94416
7791.89990 0.9447
7795.10010 0.94441
7798.29980 0.94378
7801.50000 0.94366
7804.70020 0.94324
7807.89990 0.94323
7811.10010 0.94322
7814.29980 0.9435
7817.50000 0.94322
7820.70020 0.94237
7823.89990 0.94139
7827.10010 0.9409
7830.29980 0.94063
7833.50000 0.94023
7836.70020 0.94129
7839.89990 0.94207
7843.10010 0.94229
7846.39990 0.94218
7849.60010 0.9428
7852.79980 0.94186
7856.00000 0.94159
7859.20020 0.94156
7862.39990 0.94108
7865.60010 0.94036
7868.79980 0.94077
7871.89990 0.94039
7875.10010 0.94013
7878.29980 0.94009
7881.50000 0.94006
7884.70020 0.9394
7887.89990 0.93891
7891.10010 0.93904
7894.29980 0.93871
7897.50000 0.93921
7900.70020 0.93989
7903.89990 0.93954
7907.10010 0.93913
7910.29980 0.93973
7913.50000 0.93888
7916.70020 0.93797
7919.89990 0.9388
7923.10010 0.93898
7926.29980 0.93791
7929.39990 0.9384
7932.60010 0.93817
7935.79980 0.93785
7939.00000 0.93719
7942.20020 0.93796
7945.39990 0.93741
7948.60010 0.9377
7951.79980 0.93729
7955.00000 0.93722
7958.10010 0.93663
7961.29980 0.9366
7964.50000 0.93671
7967.70020 0.93666
7970.89990 0.93677
7974.10010 0.937
7977.29980 0.93717
7980.39990 0.9367
7983.60010 0.93612
7986.79980 0.936
7990.00000 0.93613
7993.20020 0.93574
7996.29980 0.9361
7999.50000 0.93627
8002.70020 0.93662
8005.89990 0.93617
8009.10010 0.93619
8012.20020 0.93601
8015.39990 0.93574
8018.60010 0.93508
8021.79980 0.93497
8025.00000 0.93485
8028.10010 0.93432
8031.29980 0.93447
8034.50000 0.93496
8037.70020 0.93457
8040.79980 0.93432
8044.00000 0.9344
8047.20020 0.93413
8050.39990 0.93308
8053.50000 0.93317
8056.70020 0.93313
8059.89990 0.93293
8063.10010 0.93254
8066.20020 0.93225
8069.39990 0.93202
8072.60010 0.93208
8075.70020 0.93245
8078.89990 0.93276
8082.10010 0.93324
8085.20020 0.93317
8088.39990 0.93306
8091.60010 0.93265
8094.79980 0.93332
8097.89990 0.93374
8101.10010 0.93353
8104.29980 0.93391
8107.39990 0.93377
8110.60010 0.93297
8113.70020 0.93251
8116.89990 0.93285
8120.10010 0.93232
8123.20020 0.9319
8126.39990 0.93194
8129.60010 0.93185
8132.70020 0.93185
8135.89990 0.93159
8139.10010 0.93186
8142.20020 0.93157
8145.39990 0.93178
8148.50000 0.93157
8151.70020 0.93156
8154.89990 0.93101
8158.00000 0.93084
8161.20020 0.93076
8164.29980 0.93067
8167.50000 0.93016
8170.60010 0.93074
8173.79980 0.93082
8177.00000 0.92998
8180.10010 0.92974
8183.29980 0.93006
8186.39990 0.93006
8189.60010 0.92977
8192.70020 0.92968
8195.90039 0.92963
8199.00000 0.92957
8202.20020 0.92865
8205.40039 0.92848
8208.50000 0.92849
8211.70020 0.92826
8214.79980 0.92769
8218.00000 0.92752
8221.09961 0.92799
8224.29980 0.92854
8227.40039 0.92869
8230.59961 0.92847
8233.70020 0.92908
8236.90039 0.92837
8240.00000 0.92725
8243.20020 0.92687
8246.29980 0.92703
8249.40039 0.92671
8252.59961 0.92657
8255.70020 0.92743
8258.90039 0.92739
8262.00000 0.92716
8265.20020 0.92706
8268.29980 0.92653
8271.50000 0.92596
