threeML/data/optical_filters/LCO/IMACS-MMTF6399.ecsv
# %ECSV 0.9
# ---
# datatype:
# - {name: wavelength, unit: Angstrom, datatype: float32}
# - {name: response, datatype: float32}
# meta: !!omap
# - {band_name: MMTF6399}
# - {group_name: IMACS}
wavelength response
5386.68018 0.0
5985.20020 0.00019
5988.70020 0.00024
5992.10010 0.00016
5995.60010 0.00035
5999.00000 0.00033
6002.50000 0.00044
6005.89990 0.00044
6009.29980 0.00046
6012.79980 0.00043
6016.20020 0.0004
6019.70020 0.00046
6023.10010 0.00042
6026.60010 0.00046
6030.00000 0.00049
6033.39990 0.00045
6036.89990 0.00062
6040.29980 0.00061
6043.70020 0.00068
6047.20020 0.00074
6050.60010 0.00086
6054.10010 0.00103
6057.50000 0.0011
6060.89990 0.0012
6064.39990 0.00123
6067.79980 0.00124
6071.20020 0.0014
6074.70020 0.00132
6078.10010 0.00136
6081.50000 0.00146
6085.00000 0.0016
6088.39990 0.00174
6091.79980 0.00181
6095.29980 0.00188
6098.70020 0.00213
6102.10010 0.00233
6105.60010 0.00257
6109.00000 0.00269
6112.39990 0.0029
6115.79980 0.00313
6119.29980 0.0033
6122.70020 0.00348
6126.10010 0.00357
6129.60010 0.00371
6133.00000 0.0039
6136.39990 0.00395
6139.79980 0.00408
6143.29980 0.00419
6146.70020 0.00427
6150.10010 0.00437
6153.50000 0.00444
6157.00000 0.00447
6160.39990 0.00447
6163.79980 0.00454
6167.20020 0.00463
6170.60010 0.0047
6174.10010 0.00502
6177.50000 0.00531
6180.89990 0.00574
6184.29980 0.00615
6187.79980 0.00658
6191.20020 0.00704
6194.60010 0.00755
6198.00000 0.00824
6201.39990 0.00906
6204.79980 0.00983
6208.29980 0.01062
6211.70020 0.01131
6215.10010 0.01225
6218.50000 0.01309
6221.89990 0.01432
6225.29980 0.0156
6228.79980 0.01711
6232.20020 0.01872
6235.60010 0.02056
6239.00000 0.02265
6242.39990 0.02514
6245.79980 0.02795
6249.20020 0.03109
6252.60010 0.03457
6256.10010 0.03871
6259.50000 0.04321
6262.89990 0.04855
6266.29980 0.05464
6269.70020 0.06165
6273.10010 0.06968
6276.50000 0.07878
6279.89990 0.08933
6283.29980 0.10161
6286.70020 0.11575
6290.10010 0.13225
6293.50000 0.1513
6297.00000 0.17321
6300.39990 0.19798
6303.79980 0.2263
6307.20020 0.25807
6310.60010 0.29313
6314.00000 0.33119
6317.39990 0.37246
6320.79980 0.41614
6324.20020 0.46166
6327.60010 0.50891
6331.00000 0.55672
6334.39990 0.60336
6337.79980 0.64826
6341.20020 0.69116
6344.60010 0.72986
6348.00000 0.76519
6351.39990 0.79574
6354.79980 0.82168
6358.20020 0.84284
6361.60010 0.85947
6365.00000 0.87204
6368.39990 0.88092
6371.79980 0.88681
6375.20020 0.89022
6378.60010 0.89158
6382.00000 0.89193
6385.39990 0.89094
6388.70020 0.88982
6392.10010 0.88839
6395.50000 0.88714
6398.89990 0.88629
6402.29980 0.88585
6405.70020 0.88602
6409.10010 0.8865
6412.50000 0.88729
6415.89990 0.88862
6419.29980 0.8901
6422.70020 0.8918
6426.10010 0.89359
6429.39990 0.89564
6432.79980 0.89744
6436.20020 0.89897
6439.60010 0.90035
6443.00000 0.90119
6446.39990 0.90183
6449.79980 0.90218
6453.20020 0.90169
6456.50000 0.90065
6459.89990 0.89924
6463.29980 0.89697
6466.70020 0.89373
6470.10010 0.88983
6473.50000 0.88496
6476.79980 0.87885
6480.20020 0.87175
6483.60010 0.86295
6487.00000 0.85287
6490.39990 0.84112
6493.79980 0.82741
6497.10010 0.8117
6500.50000 0.79386
6503.89990 0.77395
6507.29980 0.75155
6510.60010 0.72679
6514.00000 0.70021
6517.39990 0.67157
6520.79980 0.6413
6524.20020 0.60913
6527.50000 0.57557
6530.89990 0.54115
6534.29980 0.50603
6537.70020 0.47059
6541.00000 0.43593
6544.39990 0.40147
6547.79980 0.36841
6551.20020 0.33672
6554.50000 0.3064
6557.89990 0.27783
6561.29980 0.25122
6564.60010 0.22654
6568.00000 0.204
6571.39990 0.18324
6574.79980 0.1648
6578.10010 0.14774
6581.50000 0.13265
6584.89990 0.11909
6588.20020 0.10696
6591.60010 0.09616
6595.00000 0.08654
6598.29980 0.07794
6601.70020 0.07028
6605.10010 0.06344
6608.39990 0.05731
6611.79980 0.05183
6615.20020 0.04707
6618.50000 0.04269
6621.89990 0.03892
6625.29980 0.03537
6628.60010 0.03228
6632.00000 0.02951
6635.29980 0.02703
6638.70020 0.02485
6642.10010 0.02288
6645.39990 0.02104
6648.79980 0.01931
6652.10010 0.01783
6655.50000 0.01664
6658.89990 0.01542
6662.20020 0.01438
6665.60010 0.01331
6668.89990 0.0123
6672.29980 0.01148
6675.70020 0.01073
6679.00000 0.01007
6682.39990 0.0095
6685.70020 0.00899
6689.10010 0.00839
6692.39990 0.00773
6695.79980 0.00718
6699.10010 0.00668
6702.50000 0.00628
6705.89990 0.00593
6709.20020 0.00556
6712.60010 0.0052
6715.89990 0.00488
6719.29980 0.00464
6722.60010 0.00442
6726.00000 0.00428
6729.29980 0.00421
6732.70020 0.00413
6736.00000 0.0041
6739.39990 0.00407
6742.70020 0.00404
6746.10010 0.00401
6749.39990 0.00395
6752.79980 0.00385
6756.10010 0.00373
6759.39990 0.0036
6762.79980 0.0035
6766.10010 0.00335
6769.50000 0.00323
6772.79980 0.00316
6776.20020 0.00306
6779.50000 0.00282
6782.89990 0.00262
6786.20020 0.0024
6789.50000 0.00227
6792.89990 0.00213
6796.20020 0.00204
6799.60010 0.0019
6802.89990 0.00177
6806.20020 0.00159
6809.60010 0.00145
6812.89990 0.00137
6816.29980 0.0013
6819.60010 0.00129
6822.89990 0.0013
6826.29980 0.0012
6829.60010 0.00121
6833.00000 0.00112
6836.29980 0.00103
6839.60010 0.001
6843.00000 0.00114
6846.29980 0.00101
6849.60010 0.00094
6853.00000 0.00095
6856.29980 0.00086
6859.60010 0.00077
6863.00000 0.00073
6866.29980 0.00066
6869.60010 0.00063
6873.00000 0.00067
6876.29980 0.00065
6879.60010 0.00048
6883.00000 0.00046
6886.29980 0.00042
6889.60010 0.00047
6892.89990 0.00048
6896.29980 0.00047
6899.60010 0.00044
6902.89990 0.00038
6906.20020 0.00038
6909.60010 0.0003
6912.89990 0.00025
7604.18994 0.0
