threeML/data/optical_filters/LCO/IMACS-sloan_u.ecsv
# %ECSV 0.9
# ---
# datatype:
# - {name: wavelength, unit: Angstrom, datatype: float32}
# - {name: response, datatype: float32}
# meta: !!omap
# - {band_name: sloan_u}
# - {group_name: IMACS}
wavelength response
2894.39990 0.0
3216.00000 0.0013
3218.00000 0.0017
3220.00000 0.0023
3222.00000 0.0018
3223.00000 0.0013
3225.00000 0.0014
3227.00000 0.0021
3228.00000 0.0031
3230.00000 0.003
3232.00000 0.0033
3233.00000 0.004
3235.00000 0.0035
3237.00000 0.0039
3238.00000 0.0029
3240.00000 0.0036
3242.00000 0.0038
3244.00000 0.0025
3245.00000 0.0022
3247.00000 0.0024
3249.00000 0.0018
3250.00000 0.002
3252.00000 0.0024
3254.00000 0.0034
3255.00000 0.0028
3257.00000 0.0039
3259.00000 0.0034
3260.00000 0.0042
3262.00000 0.007
3264.00000 0.0077
3265.00000 0.0065
3267.00000 0.0079
3269.00000 0.0073
3271.00000 0.007
3272.00000 0.0073
3274.00000 0.0077
3276.00000 0.0072
3277.00000 0.0078
3279.00000 0.0084
3281.00000 0.0093
3282.00000 0.0092
3284.00000 0.0098
3286.00000 0.0094
3287.00000 0.0103
3289.00000 0.0103
3291.00000 0.0109
3292.00000 0.0114
3294.00000 0.012
3296.00000 0.0123
3298.00000 0.012
3299.00000 0.0095
3301.00000 0.009
3303.00000 0.0097
3304.00000 0.0113
3306.00000 0.0134
3308.00000 0.0146
3309.00000 0.0146
3311.00000 0.0157
3313.00000 0.0149
3314.00000 0.0158
3316.00000 0.0145
3318.00000 0.0145
3319.00000 0.0156
3321.00000 0.0169
3323.00000 0.0168
3324.00000 0.0169
3326.00000 0.0181
3328.00000 0.0203
3329.00000 0.0195
3331.00000 0.0212
3333.00000 0.0208
3334.00000 0.0225
3336.00000 0.0237
3338.00000 0.0246
3340.00000 0.0245
3341.00000 0.0245
3343.00000 0.0227
3345.00000 0.0208
3346.00000 0.0195
3348.00000 0.0203
3350.00000 0.0208
3351.00000 0.0249
3353.00000 0.0252
3355.00000 0.0262
3356.00000 0.0274
3358.00000 0.0291
3360.00000 0.0297
3361.00000 0.03
3363.00000 0.031
3365.00000 0.0302
3366.00000 0.0315
3368.00000 0.0323
3370.00000 0.0285
3371.00000 0.0284
3373.00000 0.0295
3375.00000 0.0284
3376.00000 0.0278
3378.00000 0.0272
3380.00000 0.0291
3381.00000 0.0322
3383.00000 0.0335
3385.00000 0.035
3386.00000 0.0342
3388.00000 0.0348
3390.00000 0.0361
3391.00000 0.034
3393.00000 0.0373
3395.00000 0.0397
3396.00000 0.0438
3398.00000 0.0491
3400.00000 0.0495
3401.00000 0.0526
3403.00000 0.0557
3405.00000 0.0618
3406.00000 0.0666
3408.00000 0.0758
3410.00000 0.0874
3411.00000 0.093
3413.00000 0.0976
3415.00000 0.1007
3417.00000 0.1027
3418.00000 0.1071
3420.00000 0.1127
3422.00000 0.1168
3423.00000 0.1202
3425.00000 0.1246
3427.00000 0.1228
3428.00000 0.1207
3430.00000 0.1237
3432.00000 0.1279
3433.00000 0.137
3435.00000 0.144
3437.00000 0.1518
3438.00000 0.1569
3440.00000 0.1607
3442.00000 0.1689
3443.00000 0.1731
3445.00000 0.1816
3446.00000 0.1883
3448.00000 0.1932
3450.00000 0.1957
3451.00000 0.195
3453.00000 0.1945
3455.00000 0.1973
3456.00000 0.2009
3458.00000 0.2026
3460.00000 0.2032
3461.00000 0.2081
3463.00000 0.2116
3465.00000 0.2171
3466.00000 0.2209
3468.00000 0.2266
3470.00000 0.2306
3471.00000 0.2368
3473.00000 0.2384
3475.00000 0.2424
3476.00000 0.2493
3478.00000 0.2521
3480.00000 0.2571
3481.00000 0.2613
3483.00000 0.2641
3485.00000 0.267
3486.00000 0.2717
3488.00000 0.276
3490.00000 0.281
3491.00000 0.2863
3493.00000 0.2894
3495.00000 0.2954
3496.00000 0.3016
3498.00000 0.3053
3500.00000 0.3107
3501.00000 0.3165
3503.00000 0.3222
3505.00000 0.3261
3506.00000 0.3326
3508.00000 0.3377
3510.00000 0.3431
3511.00000 0.348
3513.00000 0.3504
3515.00000 0.3543
3516.00000 0.3584
3518.00000 0.3611
3520.00000 0.3655
3521.00000 0.3693
3523.00000 0.3732
3524.00000 0.3763
3526.00000 0.381
3528.00000 0.385
3529.00000 0.3909
3531.00000 0.3954
3533.00000 0.3993
3534.00000 0.4025
3536.00000 0.4057
3538.00000 0.408
3539.00000 0.413
3541.00000 0.4166
3543.00000 0.4212
3544.00000 0.4248
3546.00000 0.4287
3548.00000 0.431
3549.00000 0.4341
3551.00000 0.4376
3553.00000 0.4418
3554.00000 0.4455
3556.00000 0.4495
3558.00000 0.4502
3559.00000 0.454
3561.00000 0.4566
3562.00000 0.4585
3564.00000 0.4613
3566.00000 0.465
3567.00000 0.4691
3569.00000 0.4713
3571.00000 0.4734
3572.00000 0.4766
3574.00000 0.4789
3576.00000 0.4833
3577.00000 0.4864
3579.00000 0.4897
3581.00000 0.4922
3582.00000 0.494
3584.00000 0.4963
3586.00000 0.4969
3587.00000 0.4991
3589.00000 0.502
3590.00000 0.503
3592.00000 0.5054
3594.00000 0.5074
3595.00000 0.5085
3597.00000 0.5093
3599.00000 0.5114
3600.00000 0.5119
3602.00000 0.5121
3604.00000 0.5135
3605.00000 0.515
3607.00000 0.5161
3609.00000 0.5184
3610.00000 0.5189
3612.00000 0.5193
3613.00000 0.5205
3615.00000 0.5214
3617.00000 0.5219
3618.00000 0.5239
3620.00000 0.5257
3622.00000 0.5269
3623.00000 0.527
3625.00000 0.5265
3627.00000 0.5256
3628.00000 0.5254
3630.00000 0.526
3632.00000 0.5254
3633.00000 0.5258
3635.00000 0.5255
3636.00000 0.5249
3638.00000 0.5246
3640.00000 0.5239
3641.00000 0.5241
3643.00000 0.524
3645.00000 0.5241
3646.00000 0.5242
3648.00000 0.5238
3650.00000 0.5236
3651.00000 0.5233
3653.00000 0.5226
3654.00000 0.5221
3656.00000 0.5214
3658.00000 0.521
3659.00000 0.5197
3661.00000 0.52
3663.00000 0.5196
3664.00000 0.5194
3666.00000 0.5181
3668.00000 0.5168
3669.00000 0.5153
3671.00000 0.5142
3672.00000 0.5124
3674.00000 0.5112
3676.00000 0.5099
3677.00000 0.5089
3679.00000 0.5061
3681.00000 0.5038
3682.00000 0.501
3684.00000 0.499
3686.00000 0.4967
3687.00000 0.4941
3689.00000 0.4915
3690.00000 0.4896
3692.00000 0.4866
3694.00000 0.4833
3695.00000 0.4797
3697.00000 0.4767
3699.00000 0.4739
3700.00000 0.471
3702.00000 0.4673
3703.00000 0.4639
3705.00000 0.4609
3707.00000 0.4575
3708.00000 0.4529
3710.00000 0.4486
3712.00000 0.4447
3713.00000 0.4408
3715.00000 0.4363
3717.00000 0.4315
3718.00000 0.4268
3720.00000 0.4222
3721.00000 0.4176
3723.00000 0.4129
3725.00000 0.408
3726.00000 0.4036
3728.00000 0.3989
3730.00000 0.3943
3731.00000 0.3894
3733.00000 0.3847
3734.00000 0.38
3736.00000 0.3757
3738.00000 0.3712
3739.00000 0.3667
3741.00000 0.362
3743.00000 0.3578
3744.00000 0.3534
3746.00000 0.3495
3747.00000 0.3452
3749.00000 0.3412
3751.00000 0.3375
3752.00000 0.3338
3754.00000 0.3297
3756.00000 0.3263
3757.00000 0.3228
3759.00000 0.3191
3760.00000 0.3152
3762.00000 0.3116
3764.00000 0.3078
3765.00000 0.3046
3767.00000 0.301
3769.00000 0.2977
3770.00000 0.2941
3772.00000 0.291
3773.00000 0.2876
3775.00000 0.2837
3777.00000 0.2795
3778.00000 0.2761
3780.00000 0.2724
3781.00000 0.269
3783.00000 0.2652
3785.00000 0.2615
3786.00000 0.2572
3788.00000 0.2532
3790.00000 0.2489
3791.00000 0.2448
3793.00000 0.2405
3794.00000 0.237
3796.00000 0.2326
3798.00000 0.2283
3799.00000 0.2238
3801.00000 0.2196
3803.00000 0.215
3804.00000 0.2108
3806.00000 0.2062
3807.00000 0.2018
3809.00000 0.1971
3811.00000 0.1928
3812.00000 0.1881
3814.00000 0.184
3815.00000 0.1798
3817.00000 0.1753
3819.00000 0.1707
3820.00000 0.1663
3822.00000 0.1619
3824.00000 0.1573
3825.00000 0.1532
3827.00000 0.149
3828.00000 0.1448
3830.00000 0.1405
3832.00000 0.1363
3833.00000 0.1323
3835.00000 0.1281
3836.00000 0.1243
3838.00000 0.1204
3840.00000 0.1164
3841.00000 0.1125
3843.00000 0.1088
3845.00000 0.1051
3846.00000 0.1014
3848.00000 0.0982
3849.00000 0.0949
3851.00000 0.0915
3853.00000 0.0883
3854.00000 0.085
3856.00000 0.0818
3857.00000 0.0786
3859.00000 0.0757
3861.00000 0.0729
3862.00000 0.0701
3864.00000 0.0675
3865.00000 0.0648
3867.00000 0.062
3869.00000 0.0594
3870.00000 0.0569
3872.00000 0.0546
3873.00000 0.0524
3875.00000 0.0502
3877.00000 0.048
3878.00000 0.0458
3880.00000 0.0437
3882.00000 0.0415
3883.00000 0.0396
3885.00000 0.0378
3886.00000 0.0358
3888.00000 0.0339
3890.00000 0.0321
3891.00000 0.0306
3893.00000 0.0289
3894.00000 0.0274
3896.00000 0.0259
3898.00000 0.0243
3899.00000 0.0232
3901.00000 0.0217
3902.00000 0.0204
3904.00000 0.0191
3906.00000 0.0179
3907.00000 0.0168
3909.00000 0.0156
3910.00000 0.0146
3912.00000 0.0136
3914.00000 0.0127
3915.00000 0.012
3917.00000 0.011
3918.00000 0.0101
3920.00000 0.0093
3922.00000 0.0087
3923.00000 0.0081
3925.00000 0.0077
3926.00000 0.0071
3928.00000 0.0065
3930.00000 0.0058
3931.00000 0.0054
3933.00000 0.0047
3934.00000 0.0043
3936.00000 0.004
3938.00000 0.0037
3939.00000 0.0034
3941.00000 0.003
3942.00000 0.0026
3944.00000 0.0022
3946.00000 0.002
3947.00000 0.0019
3949.00000 0.0017
3950.00000 0.0016
3952.00000 0.0017
3954.00000 0.0015
3955.00000 0.0014
3957.00000 0.0015
3958.00000 0.0015
3960.00000 0.0013
3962.00000 0.0013
3963.00000 0.0013
3965.00000 0.0012
3966.00000 0.0011
3968.00000 0.0012
4364.79980 0.0
