threeML/data/optical_filters/LCO/IMACS-Z3_608.ecsv
# %ECSV 0.9
# ---
# datatype:
# - {name: wavelength, unit: Angstrom, datatype: float32}
# - {name: response, datatype: float32}
# meta: !!omap
# - {band_name: Z3_608}
# - {group_name: IMACS}
wavelength response
5389.83008 0.0
5988.70020 0.05459
5992.10010 0.05396
5995.60010 0.05712
5999.00000 0.06022
6002.50000 0.0636
6005.89990 0.06839
6009.29980 0.07612
6012.79980 0.08463
6016.20020 0.09385
6019.70020 0.10369
6023.10010 0.11359
6026.60010 0.12439
6030.00000 0.13567
6033.39990 0.14768
6036.89990 0.16031
6040.29980 0.17415
6043.70020 0.18792
6047.20020 0.20227
6050.60010 0.21711
6054.10010 0.23254
6057.50000 0.24816
6060.89990 0.26435
6064.39990 0.28076
6067.79980 0.29753
6071.20020 0.31503
6074.70020 0.33184
6078.10010 0.3493
6081.50000 0.36705
6085.00000 0.38441
6088.39990 0.40158
6091.79980 0.41927
6095.29980 0.4366
6098.70020 0.45385
6102.10010 0.47096
6105.60010 0.48747
6109.00000 0.50368
6112.39990 0.5199
6115.79980 0.53631
6119.29980 0.55202
6122.70020 0.56771
6126.10010 0.58322
6129.60010 0.59807
6133.00000 0.612
6136.39990 0.62582
6139.79980 0.63999
6143.29980 0.6533
6146.70020 0.66603
6150.10010 0.67841
6153.50000 0.69074
6157.00000 0.70175
6160.39990 0.71301
6163.79980 0.7239
6167.20020 0.73455
6170.60010 0.74493
6174.10010 0.7548
6177.50000 0.76346
6180.89990 0.7725
6184.29980 0.78145
6187.79980 0.78927
6191.20020 0.79778
6194.60010 0.80588
6198.00000 0.81299
6201.39990 0.8208
6204.79980 0.82789
6208.29980 0.83428
6211.70020 0.84084
6215.10010 0.84763
6218.50000 0.85343
6221.89990 0.85997
6225.29980 0.86577
6228.79980 0.87134
6232.20020 0.87665
6235.60010 0.88101
6239.00000 0.8856
6242.39990 0.89019
6245.79980 0.89417
6249.20020 0.89811
6252.60010 0.90329
6256.10010 0.90783
6259.50000 0.91137
6262.89990 0.91466
6266.29980 0.91726
6269.70020 0.9198
6273.10010 0.92186
6276.50000 0.92473
6279.89990 0.92783
6283.29980 0.93122
6286.70020 0.9344
6290.10010 0.93732
6293.50000 0.93968
6297.00000 0.94254
6300.39990 0.94468
6303.79980 0.94643
6307.20020 0.94817
6310.60010 0.95003
6314.00000 0.95143
6317.39990 0.95275
6320.79980 0.95361
6324.20020 0.9545
6327.60010 0.95642
6331.00000 0.95785
6334.39990 0.95935
6337.79980 0.96154
6341.20020 0.96319
6344.60010 0.96389
6348.00000 0.96486
6351.39990 0.96662
6354.79980 0.96644
6358.20020 0.96707
6361.60010 0.96765
6365.00000 0.96849
6368.39990 0.96878
6371.79980 0.96995
6375.20020 0.97098
6378.60010 0.97188
6382.00000 0.97309
6385.39990 0.97395
6388.70020 0.97481
6392.10010 0.97494
6395.50000 0.97514
6398.89990 0.97524
6402.29980 0.97533
6405.70020 0.97565
6409.10010 0.97644
6412.50000 0.9769
6415.89990 0.97677
6419.29980 0.97715
6422.70020 0.97748
6426.10010 0.97819
6429.39990 0.97837
6432.79980 0.97896
6436.20020 0.97916
6439.60010 0.97933
6443.00000 0.97928
6446.39990 0.98043
6449.79980 0.9807
6453.20020 0.98098
6456.50000 0.98169
6459.89990 0.98153
6463.29980 0.98095
6466.70020 0.98126
6470.10010 0.98201
6473.50000 0.98165
6476.79980 0.98264
6480.20020 0.98358
6483.60010 0.98311
6487.00000 0.98321
6490.39990 0.98433
6493.79980 0.98454
6497.10010 0.98494
6500.50000 0.98594
6503.89990 0.98587
6507.29980 0.98568
6510.60010 0.98579
6514.00000 0.98615
6517.39990 0.98659
6520.79980 0.98791
6524.20020 0.98809
6527.50000 0.98798
6530.89990 0.98741
6534.29980 0.98706
6537.70020 0.9861
6541.00000 0.98598
6544.39990 0.98615
6547.79980 0.98651
6551.20020 0.98725
6554.50000 0.98791
6557.89990 0.98859
6561.29980 0.98933
6564.60010 0.98949
6568.00000 0.98949
6571.39990 0.98931
6574.79980 0.98925
6578.10010 0.9892
6581.50000 0.9894
6584.89990 0.99012
6588.20020 0.99069
6591.60010 0.99114
6595.00000 0.99145
6598.29980 0.99201
6601.70020 0.99155
6605.10010 0.99207
6608.39990 0.99223
6611.79980 0.99249
6615.20020 0.99249
6618.50000 0.9928
6621.89990 0.99228
6625.29980 0.99195
6628.60010 0.9915
6632.00000 0.99188
6635.29980 0.9922
6638.70020 0.99248
6642.10010 0.99299
6645.39990 0.99343
6648.79980 0.99389
6652.10010 0.99417
6655.50000 0.99466
6658.89990 0.99468
6662.20020 0.99442
6665.60010 0.9943
6668.89990 0.9945
6672.29980 0.99459
6675.70020 0.99499
6679.00000 0.99491
6682.39990 0.99462
6685.70020 0.99389
6689.10010 0.99367
6692.39990 0.99283
6695.79980 0.99337
6699.10010 0.99362
6702.50000 0.99382
6705.89990 0.9933
6709.20020 0.99371
6712.60010 0.9933
6715.89990 0.99252
6719.29980 0.99275
6722.60010 0.9933
6726.00000 0.99317
6729.29980 0.99354
6732.70020 0.99321
6736.00000 0.99255
6739.39990 0.99216
6742.70020 0.99224
6746.10010 0.99197
6749.39990 0.99271
6752.79980 0.99275
6756.10010 0.99231
6759.39990 0.99197
6762.79980 0.99221
6766.10010 0.99197
6769.50000 0.99205
6772.79980 0.99257
6776.20020 0.99289
6779.50000 0.99276
6782.89990 0.99226
6786.20020 0.99192
6789.50000 0.9913
6792.89990 0.99067
6796.20020 0.99016
6799.60010 0.98999
6802.89990 0.99022
6806.20020 0.98985
6809.60010 0.98967
6812.89990 0.98955
6816.29980 0.98909
6819.60010 0.98895
6822.89990 0.98919
6826.29980 0.98906
6829.60010 0.98922
6833.00000 0.98974
6836.29980 0.98947
6839.60010 0.98946
6843.00000 0.98955
6846.29980 0.98892
6849.60010 0.98869
6853.00000 0.98855
6856.29980 0.98774
6859.60010 0.98738
6863.00000 0.98752
6866.29980 0.98759
6869.60010 0.98753
6873.00000 0.98831
6876.29980 0.98868
6879.60010 0.98879
6883.00000 0.98858
6886.29980 0.98853
6889.60010 0.98773
6892.89990 0.98713
6896.29980 0.98689
6899.60010 0.98724
6902.89990 0.98728
6906.20020 0.98748
6909.60010 0.9876
6912.89990 0.9878
6916.20020 0.98748
6919.60010 0.98751
6922.89990 0.98827
6926.20020 0.98842
6929.50000 0.98823
6932.89990 0.98807
6936.20020 0.9877
6939.50000 0.9866
6942.79980 0.98638
6946.10010 0.98599
6949.50000 0.98612
6952.79980 0.98691
6956.10010 0.98708
6959.39990 0.98807
6962.70020 0.98902
6966.10010 0.9892
6969.39990 0.98919
6972.70020 0.98972
6976.00000 0.98915
6979.29980 0.98917
6982.70020 0.98957
6986.00000 0.98958
6989.29980 0.99013
6992.60010 0.99
6995.89990 0.98962
6999.20020 0.98923
7002.50000 0.98906
7005.89990 0.98899
7009.20020 0.98975
7012.50000 0.99034
7015.79980 0.99089
7019.10010 0.99126
7022.39990 0.99126
7025.70020 0.99056
7029.00000 0.99044
7032.39990 0.99003
7035.70020 0.99004
7039.00000 0.99014
7042.29980 0.99034
7045.60010 0.9897
7048.89990 0.98942
7052.20020 0.98895
7055.50000 0.98864
7058.79980 0.98841
7062.10010 0.98866
7065.39990 0.9891
7068.70020 0.98915
7072.00000 0.98989
7075.39990 0.99049
7078.70020 0.99121
7082.00000 0.99127
7085.29980 0.99135
7088.60010 0.99064
7091.89990 0.99068
7095.20020 0.98978
7098.50000 0.9896
7101.79980 0.98964
7105.10010 0.98993
7108.39990 0.99028
7111.70020 0.99071
7115.00000 0.9908
7118.29980 0.99061
7121.60010 0.99024
7124.89990 0.98922
7128.20020 0.98889
7131.50000 0.98913
7134.79980 0.98941
7138.10010 0.99017
7141.39990 0.99038
7144.70020 0.99079
7148.00000 0.99032
7151.20020 0.99059
7154.50000 0.99026
7157.79980 0.99038
7161.10010 0.99036
7164.39990 0.99019
7167.70020 0.98996
7171.00000 0.98989
7174.29980 0.98944
7177.60010 0.98886
7180.89990 0.98933
7184.20020 0.9897
7187.50000 0.98871
7190.79980 0.98933
7194.00000 0.9894
7197.29980 0.98876
7200.60010 0.98753
7203.89990 0.98784
7207.20020 0.98702
7210.50000 0.98688
7213.79980 0.98744
7217.10010 0.98814
7220.29980 0.9885
7223.60010 0.98945
7226.89990 0.98971
7230.20020 0.98972
7233.50000 0.98944
7236.79980 0.98934
7240.00000 0.98861
7243.29980 0.98884
7246.60010 0.98851
7249.89990 0.98851
7253.20020 0.9884
7256.50000 0.9884
7259.70020 0.9876
7263.00000 0.98715
7266.29980 0.98706
7269.60010 0.98698
7272.89990 0.98715
7276.10010 0.98708
7279.39990 0.98704
7282.70020 0.98708
7286.00000 0.98709
7289.20020 0.98703
7292.50000 0.987
7295.79980 0.98705
7299.10010 0.98716
7302.29980 0.98686
7305.60010 0.98691
7308.89990 0.98724
7312.20020 0.98719
7315.39990 0.98713
7318.70020 0.98753
7322.00000 0.98762
7325.29980 0.98805
7328.50000 0.98835
7331.79980 0.98871
7335.10010 0.98884
7338.29980 0.98786
7341.60010 0.98771
7344.89990 0.98747
7348.10010 0.98666
7351.39990 0.98556
7354.70020 0.98552
7357.89990 0.98487
7361.20020 0.98489
7364.50000 0.98487
7367.70020 0.98495
7371.00000 0.98535
7374.29980 0.98562
7377.50000 0.9856
7380.79980 0.98592
7384.10010 0.98665
7387.29980 0.98654
7390.60010 0.98674
7393.89990 0.98661
7397.10010 0.98661
7400.39990 0.98652
7403.60010 0.98653
7406.89990 0.98704
7410.20020 0.9876
7413.39990 0.98765
7416.70020 0.98733
7419.89990 0.98771
7423.20020 0.98653
7426.50000 0.98625
7429.70020 0.98597
7433.00000 0.98628
7436.20020 0.98634
7439.50000 0.98718
7442.79980 0.98733
7446.00000 0.9871
7449.29980 0.98708
7452.50000 0.98683
7455.79980 0.98592
7459.00000 0.98544
7462.29980 0.98537
7465.50000 0.98534
7468.79980 0.98533
7472.00000 0.98645
7475.29980 0.98671
7478.50000 0.98725
7481.79980 0.98778
7485.00000 0.98844
7488.29980 0.98768
7491.50000 0.98777
7494.79980 0.98701
7498.00000 0.98639
7501.29980 0.98632
7504.50000 0.98654
7507.79980 0.9869
7511.00000 0.98729
7514.29980 0.98722
7517.50000 0.98702
7520.79980 0.98719
7524.00000 0.98702
7527.29980 0.98747
7530.50000 0.98797
7533.70020 0.98835
7537.00000 0.98887
7540.20020 0.98885
7543.50000 0.98879
7546.70020 0.98868
7550.00000 0.98859
7553.20020 0.98801
7556.39990 0.98854
7559.70020 0.98837
7562.89990 0.98849
7566.20020 0.98888
7569.39990 0.98901
7572.60010 0.98837
7575.89990 0.98867
7579.10010 0.98833
7582.39990 0.98756
7585.60010 0.98716
7588.79980 0.98654
7592.10010 0.98619
7595.29980 0.98539
7598.50000 0.98478
7601.79980 0.98472
7605.00000 0.98444
7608.20020 0.98369
7611.50000 0.98449
7614.70020 0.98431
7617.89990 0.98372
7621.20020 0.98391
7624.39990 0.98448
7627.60010 0.98362
7630.89990 0.98362
7634.10010 0.9841
7637.29980 0.98409
7640.60010 0.98389
7643.79980 0.98426
7647.00000 0.98426
7650.20020 0.98407
7653.50000 0.98371
7656.70020 0.98313
7659.89990 0.98266
7663.20020 0.98221
7666.39990 0.98189
7669.60010 0.98171
7672.79980 0.98206
7676.10010 0.98138
7679.29980 0.98129
7682.50000 0.98124
7685.70020 0.98095
7689.00000 0.98027
7692.20020 0.98058
7695.39990 0.98065
7698.60010 0.97984
7701.79980 0.97976
7705.10010 0.97977
7708.29980 0.97942
7711.50000 0.97937
7714.70020 0.98029
7717.89990 0.98054
7721.20020 0.98116
7724.39990 0.98135
7727.60010 0.98068
7730.79980 0.9797
7734.00000 0.97964
7737.20020 0.97921
7740.50000 0.97883
7743.70020 0.97876
7746.89990 0.97909
7750.10010 0.97901
7753.29980 0.97863
7756.50000 0.97916
7759.70020 0.97976
7763.00000 0.97898
7766.20020 0.97783
7769.39990 0.97733
7772.60010 0.97687
7775.79980 0.97694
7779.00000 0.97795
7782.20020 0.97852
7785.39990 0.97896
7788.70020 0.97884
7791.89990 0.9781
7795.10010 0.97777
7798.29980 0.97858
7801.50000 0.97904
7804.70020 0.9793
7807.89990 0.9796
7811.10010 0.97969
7814.29980 0.97915
7817.50000 0.97837
7820.70020 0.97865
7823.89990 0.97833
7827.10010 0.97798
7830.29980 0.97795
7833.50000 0.97784
7836.70020 0.97772
7839.89990 0.97766
7843.10010 0.97802
7846.39990 0.97801
7849.60010 0.97793
7852.79980 0.97752
7856.00000 0.97723
7859.20020 0.9771
7862.39990 0.97622
7865.60010 0.97646
7868.79980 0.9764
7871.89990 0.9774
7875.10010 0.97672
7878.29980 0.97776
7881.50000 0.97883
7884.70020 0.97935
7887.89990 0.97906
7891.10010 0.97987
7894.29980 0.97941
7897.50000 0.97987
7900.70020 0.98028
7903.89990 0.9807
7907.10010 0.98045
7910.29980 0.98108
7913.50000 0.97967
7916.70020 0.9798
7919.89990 0.97918
7923.10010 0.97945
7926.29980 0.97962
7929.39990 0.98031
7932.60010 0.97964
7935.79980 0.97984
7939.00000 0.9803
7942.20020 0.9806
7945.39990 0.97999
7948.60010 0.98066
7951.79980 0.98112
7955.00000 0.98095
7958.10010 0.98108
7961.29980 0.98198
7964.50000 0.98203
7967.70020 0.98286
7970.89990 0.98383
7974.10010 0.98345
7977.29980 0.98328
7980.39990 0.98374
7983.60010 0.98361
7986.79980 0.98372
7990.00000 0.98372
7993.20020 0.98357
7996.29980 0.98315
7999.50000 0.98276
8002.70020 0.9817
8005.89990 0.98238
8009.10010 0.98316
8012.20020 0.98374
8015.39990 0.98418
8018.60010 0.98452
8021.79980 0.98435
8025.00000 0.98398
8028.10010 0.98346
8031.29980 0.98314
8034.50000 0.98326
8037.70020 0.98303
8040.79980 0.98277
8044.00000 0.98245
8047.20020 0.98154
8050.39990 0.98095
8053.50000 0.98068
8056.70020 0.98108
8059.89990 0.98087
8063.10010 0.98131
8066.20020 0.98095
8069.39990 0.98122
8072.60010 0.98107
8075.70020 0.98182
8078.89990 0.98162
8082.10010 0.98199
8085.20020 0.98113
8088.39990 0.9811
8091.60010 0.98089
8094.79980 0.98165
8097.89990 0.98186
8101.10010 0.98232
8104.29980 0.98214
8107.39990 0.98223
8110.60010 0.98173
8113.70020 0.98197
8116.89990 0.98183
8120.10010 0.98143
8123.20020 0.98039
8126.39990 0.98011
8129.60010 0.97952
8132.70020 0.97963
8135.89990 0.97918
8139.10010 0.97924
8142.20020 0.97906
8145.39990 0.97856
8148.50000 0.97774
8151.70020 0.97733
8154.89990 0.97645
8158.00000 0.97583
8161.20020 0.97616
8164.29980 0.97668
8167.50000 0.97662
8170.60010 0.977
8173.79980 0.97736
8177.00000 0.97687
8180.10010 0.97655
8183.29980 0.97615
8186.39990 0.97597
8189.60010 0.97623
8192.70020 0.9761
8195.90039 0.97546
8199.00000 0.97586
8202.20020 0.97602
8205.40039 0.97541
8208.50000 0.97599
8211.70020 0.97642
8214.79980 0.97691
8218.00000 0.97665
8221.09961 0.97723
8224.29980 0.97649
8227.40039 0.97676
8230.59961 0.97734
8233.70020 0.97769
8236.90039 0.97717
8240.00000 0.97698
8243.20020 0.97718
8246.29980 0.97716
8249.40039 0.97752
8252.59961 0.97831
8255.70020 0.97906
8258.90039 0.97916
8262.00000 0.97966
8265.20020 0.98029
8268.29980 0.98092
8271.50000 0.98095
8274.59961 0.98073
8277.70020 0.98071
8280.90039 0.98066
8284.00000 0.98049
8287.20020 0.98149
8290.29980 0.98254
8293.50000 0.98197
8296.59961 0.98269
8299.70020 0.98316
8302.90039 0.9836
8306.00000 0.98424
8309.09961 0.98557
8312.29980 0.98563
8315.40039 0.98636
8318.59961 0.98731
8321.70020 0.98781
8324.79980 0.98784
8328.00000 0.98875
8331.09961 0.98878
8334.20020 0.98857
8337.40039 0.98862
8340.50000 0.98923
8343.59961 0.98901
8346.79980 0.98833
8349.90039 0.98728
8353.00000 0.98634
8356.20020 0.98544
8359.29980 0.98407
8362.40039 0.98351
8365.59961 0.98341
8368.70020 0.98247
8371.79980 0.98146
8374.90039 0.98114
8378.09961 0.98091
8381.20020 0.9802
8384.29980 0.9803
8387.50000 0.97984
8390.59961 0.97923
8393.70020 0.97767
8396.79980 0.97625
8400.00000 0.97454
8403.09961 0.97224
8406.20020 0.96992
8409.29980 0.96876
8412.50000 0.96652
8415.59961 0.96365
8418.70020 0.95988
8421.79980 0.95679
8425.00000 0.95246
8428.09961 0.94862
8431.20020 0.94421
8434.29980 0.94142
8437.40039 0.93759
8440.59961 0.9334
8443.70020 0.92813
8446.79980 0.92355
8449.90039 0.91804
8453.00000 0.91174
8456.20020 0.90533
8459.29980 0.89906
8462.40039 0.89216
8465.50000 0.8858
8468.59961 0.87939
8471.70020 0.87204
8474.90039 0.865
8478.00000 0.85762
8481.09961 0.8486
8484.20020 0.83962
8487.29980 0.83037
8490.40039 0.82085
8493.50000 0.81133
8496.59961 0.80191
8499.79980 0.79274
8502.90039 0.78325
8506.00000 0.77329
8509.09961 0.76237
8512.20020 0.75181
8515.29980 0.73977
8518.40039 0.72863
8521.50000 0.7177
8524.59961 0.70596
8527.70020 0.69466
8530.90039 0.6836
8534.00000 0.67121
8537.09961 0.65882
8540.20020 0.6476
8543.29980 0.63543
8546.40039 0.62388
8549.50000 0.61297
8552.59961 0.60101
8555.70020 0.58916
8558.79980 0.57737
8561.90039 0.56478
8565.00000 0.55254
8568.09961 0.54099
8571.20020 0.52934
8574.29980 0.51718
8577.40039 0.50593
8580.50000 0.49429
8583.59961 0.48246
8586.70020 0.47065
8589.79980 0.45983
8592.90039 0.4488
8596.00000 0.43765
8599.09961 0.42752
8602.20020 0.4177
8605.29980 0.40659
8608.40039 0.39605
8611.50000 0.38663
8614.59961 0.37681
8617.70020 0.36632
8620.79980 0.35703
8623.90039 0.34774
8627.00000 0.33853
8630.09961 0.3294
8633.20020 0.32111
8636.20020 0.31328
8639.29980 0.30517
8642.40039 0.29759
8645.50000 0.28974
8648.59961 0.28216
8651.70020 0.27474
8654.79980 0.2671
8657.90039 0.25958
8661.00000 0.25286
8664.09961 0.24646
8667.09961 0.23951
8670.20020 0.23309
8673.29980 0.22629
8676.40039 0.22012
8679.50000 0.21356
8682.59961 0.20763
8685.70020 0.20213
8688.79980 0.1974
8691.79980 0.19215
8694.90039 0.18688
8698.00000 0.18242
8701.09961 0.17769
8704.20020 0.17296
8707.29980 0.1684
8710.29980 0.16413
8713.40039 0.15939
8716.50000 0.15546
8719.59961 0.15143
8722.70020 0.14718
8725.70020 0.14351
8728.79980 0.13964
8731.90039 0.13567
8735.00000 0.13139
8738.09961 0.12843
8741.09961 0.12536
8744.20020 0.12237
8747.29980 0.1195
8750.40039 0.11725
8753.40039 0.11354
8756.50000 0.11013
8759.59961 0.10766
8762.70020 0.10567
8765.70020 0.10287
8768.79980 0.10107
8771.90039 0.09826
8775.00000 0.09557
8778.00000 0.09233
8781.09961 0.09027
8784.20020 0.08823
8787.29980 0.08646
8790.29980 0.08459
8793.40039 0.08343
8796.50000 0.08178
8799.50000 0.07959
8802.59961 0.0777
8805.70020 0.07561
8808.70020 0.07309
8811.79980 0.07128
8814.90039 0.06985
8817.90039 0.0685
8821.00000 0.0668
8824.09961 0.06532
8827.09961 0.06336
8830.20020 0.06206
8833.29980 0.06049
8836.29980 0.05927
8839.40039 0.05766
8842.50000 0.05638
8845.50000 0.05455
8848.59961 0.05331
8851.59961 0.05224
8854.70020 0.05162
8857.79980 0.05135
8860.79980 0.05097
8863.90039 0.0506
8867.00000 0.05007
8870.00000 0.04883
8873.09961 0.04721
8876.09961 0.04597
8879.20020 0.04473
8882.20020 0.0433
8885.29980 0.04275
8888.40039 0.04191
8891.40039 0.04158
8894.50000 0.04079
8897.50000 0.04055
8900.59961 0.03949
8903.59961 0.03856
8906.70020 0.03664
8909.70020 0.03551
8912.79980 0.0339
8915.90039 0.03297
8918.90039 0.03257
8922.00000 0.03268
8925.00000 0.03253
8928.09961 0.03254
8931.09961 0.03225
8934.20020 0.03188
8937.20020 0.03136
8940.29980 0.03084
8943.29980 0.0303
8946.40039 0.02959
8949.40039 0.02829
8952.50000 0.02718
8955.50000 0.02568
8958.50000 0.02449
8961.59961 0.02403
8964.59961 0.02375
8967.70020 0.02328
8970.70020 0.02363
8973.79980 0.02326
8976.79980 0.0229
8979.90039 0.02271
8982.90039 0.02305
8986.00000 0.02294
8989.00000 0.02323
8992.00000 0.02307
8995.09961 0.02328
8998.09961 0.0232
9001.20020 0.0226
9004.20020 0.02203
9007.20020 0.02183
9010.29980 0.02126
9013.29980 0.02061
9016.40039 0.02029
9019.40039 0.01965
9022.40039 0.01856
9025.50000 0.01764
9028.50000 0.01704
9031.50000 0.01622
9034.59961 0.01574
9037.59961 0.01554
9040.70020 0.01541
9043.70020 0.01474
9046.70020 0.01424
9049.79980 0.01381
9052.79980 0.01327
9055.79980 0.01284
9058.90039 0.01247
9061.90039 0.01254
9064.90039 0.01237
9067.90039 0.0129
9071.00000 0.01318
9074.00000 0.0133
9077.00000 0.0135
9080.09961 0.01365
9083.09961 0.0133
9086.09961 0.01279
9089.20020 0.01277
9092.20020 0.01253
9095.20020 0.01274
9098.20020 0.01312
9101.29980 0.01312
9104.29980 0.0131
9107.29980 0.01298
9110.29980 0.01278
9113.40039 0.01245
9116.40039 0.01255
9119.40039 0.01243
9122.40039 0.01272
9125.50000 0.01291
9128.50000 0.01294
9131.50000 0.01292
9134.50000 0.01314
9137.50000 0.01303
9140.59961 0.01291
9143.59961 0.01302
9146.59961 0.01296
9149.59961 0.01281
9152.59961 0.01253
9155.70020 0.01196
9158.70020 0.01132
9161.70020 0.01115
9164.70020 0.01131
9167.70020 0.01136
9170.79980 0.01136
9173.79980 0.01087
9176.79980 0.0112
9179.79980 0.01071
9182.79980 0.01035
9185.79980 0.01054
9188.79980 0.01088
9191.90039 0.01047
9194.90039 0.01081
9197.90039 0.01117
9200.90039 0.01054
9203.90039 0.01052
9206.90039 0.00976
9209.90039 0.00898
9212.90039 0.00867
9215.90039 0.00875
9219.00000 0.00806
9222.00000 0.0079
9225.00000 0.00772
9228.00000 0.00742
9231.00000 0.00751
9234.00000 0.00775
9237.00000 0.00748
9240.00000 0.00748
9243.00000 0.00643
9246.00000 0.00562
9249.00000 0.00518
9252.00000 0.00486
9255.00000 0.00453
9258.00000 0.00501
9261.00000 0.00619
9264.00000 0.00614
9267.09961 0.00598
9270.09961 0.00609
9273.09961 0.00618
9276.09961 0.00542
9279.09961 0.00565
9282.09961 0.00587
9285.09961 0.00542
9288.09961 0.00553
9291.09961 0.00507
9294.09961 0.0046
9297.09961 0.00471
9300.00000 0.00468
9303.00000 0.00421
9306.00000 0.00373
9309.00000 0.00339
9312.00000 0.00304
9315.00000 0.00329
9318.00000 0.00308
9321.00000 0.00351
9324.00000 0.00395
9327.00000 0.00457
9330.00000 0.00424
9333.00000 0.00456
9336.00000 0.00455
9339.00000 0.0042
9342.00000 0.00351
9345.00000 0.00333
9348.00000 0.00259
9350.90039 0.00199
9353.90039 0.00177
10289.29004 0.0
