threeML/data/optical_filters/LCO/IMACS-WBP4791.ecsv
# %ECSV 0.9
# ---
# datatype:
# - {name: wavelength, unit: Angstrom, datatype: float32}
# - {name: response, datatype: float32}
# meta: !!omap
# - {band_name: WBP4791}
# - {group_name: IMACS}
wavelength response
4038.30005 0.0
4487.00000 0.00199
4488.00000 0.00195
4490.00000 0.00193
4491.00000 0.00185
4493.00000 0.00179
4495.00000 0.00185
4496.00000 0.00194
4498.00000 0.00185
4499.00000 0.00198
4501.00000 0.00197
4502.00000 0.00203
4504.00000 0.00205
4505.00000 0.00203
4507.00000 0.00214
4508.00000 0.00228
4510.00000 0.00216
4511.00000 0.00221
4513.00000 0.0021
4514.00000 0.00238
4516.00000 0.00229
4517.00000 0.00236
4519.00000 0.00223
4520.00000 0.00221
4522.00000 0.00222
4523.00000 0.00206
4525.00000 0.00193
4526.00000 0.00209
4528.00000 0.002
4529.00000 0.00205
4531.00000 0.00193
4532.00000 0.00202
4534.00000 0.00197
4536.00000 0.00199
4537.00000 0.00198
4539.00000 0.00199
4540.00000 0.00228
4542.00000 0.00236
4543.00000 0.00242
4545.00000 0.00245
4546.00000 0.00254
4548.00000 0.00254
4549.00000 0.00249
4551.00000 0.00258
4552.00000 0.00272
4554.00000 0.00279
4555.00000 0.00279
4557.00000 0.00258
4558.00000 0.00266
4560.00000 0.00268
4561.00000 0.00272
4563.00000 0.00267
4564.00000 0.00271
4566.00000 0.00289
4567.00000 0.00298
4569.00000 0.00318
4570.00000 0.00337
4572.00000 0.0035
4573.00000 0.00392
4575.00000 0.00408
4576.00000 0.00431
4578.00000 0.00458
4579.00000 0.00489
4581.00000 0.00517
4582.00000 0.00538
4584.00000 0.00557
4585.00000 0.0059
4587.00000 0.00608
4588.00000 0.00647
4590.00000 0.00657
4591.00000 0.00696
4593.00000 0.00714
4594.00000 0.00743
4596.00000 0.00768
4597.00000 0.00803
4599.00000 0.00835
4600.00000 0.00861
4602.00000 0.00859
4603.00000 0.00891
4605.00000 0.00907
4606.00000 0.00917
4608.00000 0.00909
4610.00000 0.00929
4611.00000 0.00973
4613.00000 0.01005
4614.00000 0.01031
4616.00000 0.01081
4617.00000 0.01128
4619.00000 0.01179
4620.00000 0.01224
4622.00000 0.01278
4623.00000 0.01329
4625.00000 0.01387
4626.00000 0.0143
4628.00000 0.01454
4629.00000 0.01493
4631.00000 0.01542
4632.00000 0.01578
4634.00000 0.01635
4635.00000 0.01682
4637.00000 0.0172
4638.00000 0.01767
4640.00000 0.01827
4641.00000 0.01881
4643.00000 0.0195
4644.00000 0.02029
4646.00000 0.02112
4647.00000 0.02174
4649.00000 0.02227
4650.00000 0.0229
4652.00000 0.02365
4653.00000 0.02441
4655.00000 0.02529
4656.00000 0.02608
4658.00000 0.02694
4659.00000 0.02798
4661.00000 0.02902
4662.00000 0.02982
4664.00000 0.03074
4665.00000 0.03181
4667.00000 0.03291
4668.00000 0.03405
4670.00000 0.03514
4671.00000 0.03607
4673.00000 0.0373
4674.00000 0.03862
4675.00000 0.03963
4677.00000 0.04056
4678.00000 0.04186
4680.00000 0.04325
4681.00000 0.04458
4683.00000 0.0459
4684.00000 0.04717
4686.00000 0.04866
4687.00000 0.05036
4689.00000 0.05199
4690.00000 0.05352
4692.00000 0.0552
4693.00000 0.05707
4695.00000 0.05878
4696.00000 0.06064
4698.00000 0.06247
4699.00000 0.06437
4701.00000 0.06651
4702.00000 0.06855
4704.00000 0.07067
4705.00000 0.07298
4707.00000 0.07531
4708.00000 0.07767
4710.00000 0.08007
4711.00000 0.08268
4713.00000 0.08526
4714.00000 0.08803
4716.00000 0.09114
4717.00000 0.09405
4719.00000 0.0971
4720.00000 0.10014
4722.00000 0.10338
4723.00000 0.10674
4725.00000 0.11031
4726.00000 0.11408
4728.00000 0.11786
4729.00000 0.12186
4731.00000 0.12607
4732.00000 0.13041
4734.00000 0.13494
4735.00000 0.13954
4737.00000 0.1443
4738.00000 0.14954
4740.00000 0.15484
4741.00000 0.16011
4743.00000 0.16587
4744.00000 0.1716
4746.00000 0.17773
4747.00000 0.1838
4748.00000 0.19035
4750.00000 0.19707
4751.00000 0.20399
4753.00000 0.21122
4754.00000 0.219
4756.00000 0.22673
4757.00000 0.23457
4759.00000 0.24272
4760.00000 0.25152
4762.00000 0.26043
4763.00000 0.26958
4765.00000 0.27868
4766.00000 0.28814
4768.00000 0.29778
4769.00000 0.30769
4771.00000 0.31839
4772.00000 0.32968
4774.00000 0.34103
4775.00000 0.35275
4777.00000 0.36395
4778.00000 0.37535
4780.00000 0.38628
4781.00000 0.39763
4783.00000 0.40921
4784.00000 0.42168
4786.00000 0.43416
4787.00000 0.4457
4788.00000 0.45768
4790.00000 0.47051
4791.00000 0.48222
4793.00000 0.49542
4794.00000 0.50856
4796.00000 0.52209
4797.00000 0.53504
4799.00000 0.54813
4800.00000 0.56124
4802.00000 0.57391
4803.00000 0.58661
4805.00000 0.59856
4806.00000 0.6105
4808.00000 0.623
4809.00000 0.63418
4811.00000 0.64583
4812.00000 0.65695
4814.00000 0.66805
4815.00000 0.67839
4817.00000 0.68818
4818.00000 0.69752
4819.00000 0.70745
4821.00000 0.71719
4822.00000 0.7261
4824.00000 0.73451
4825.00000 0.74289
4827.00000 0.75078
4828.00000 0.75881
4830.00000 0.76607
4831.00000 0.77313
4833.00000 0.77968
4834.00000 0.78601
4836.00000 0.7917
4837.00000 0.79705
4839.00000 0.80192
4840.00000 0.80689
4842.00000 0.81153
4843.00000 0.81567
4845.00000 0.8194
4846.00000 0.82331
4847.00000 0.8269
4849.00000 0.82996
4850.00000 0.83318
4852.00000 0.83596
4853.00000 0.83855
4855.00000 0.84107
4856.00000 0.84341
4858.00000 0.84555
4859.00000 0.84772
4861.00000 0.84975
4862.00000 0.85153
4864.00000 0.8531
4865.00000 0.85466
4867.00000 0.85617
4868.00000 0.85754
4869.00000 0.85883
4871.00000 0.85993
4872.00000 0.86072
4874.00000 0.86167
4875.00000 0.86216
4877.00000 0.86307
4878.00000 0.86392
4880.00000 0.86479
4881.00000 0.86556
4883.00000 0.86615
4884.00000 0.86673
4886.00000 0.86736
4887.00000 0.868
4889.00000 0.86886
4890.00000 0.86931
4891.00000 0.86994
4893.00000 0.87025
4894.00000 0.8707
4896.00000 0.87099
4897.00000 0.87162
4899.00000 0.87204
4900.00000 0.87268
4902.00000 0.87337
4903.00000 0.87418
4905.00000 0.87462
4906.00000 0.87519
4908.00000 0.87577
4909.00000 0.87634
4910.00000 0.87694
4912.00000 0.87768
4913.00000 0.87825
4915.00000 0.87895
4916.00000 0.87979
4918.00000 0.88024
4919.00000 0.88071
4921.00000 0.88126
4922.00000 0.88203
4924.00000 0.88299
4925.00000 0.88377
4927.00000 0.88443
4928.00000 0.8851
4929.00000 0.88579
4931.00000 0.88676
4932.00000 0.8875
4934.00000 0.88871
4935.00000 0.88972
4937.00000 0.89086
4938.00000 0.89139
4940.00000 0.89203
4941.00000 0.89303
4943.00000 0.89386
4944.00000 0.89467
4945.00000 0.89548
4947.00000 0.89627
4948.00000 0.89693
4950.00000 0.89733
4951.00000 0.8978
4953.00000 0.89852
4954.00000 0.89946
4956.00000 0.90011
4957.00000 0.90074
4959.00000 0.90178
4960.00000 0.90276
4961.00000 0.90348
4963.00000 0.90399
4964.00000 0.90476
4966.00000 0.90581
4967.00000 0.90672
4969.00000 0.90715
4970.00000 0.90788
4972.00000 0.90857
4973.00000 0.90903
4975.00000 0.9093
4976.00000 0.90955
4977.00000 0.90989
4979.00000 0.9104
4980.00000 0.91042
4982.00000 0.91043
4983.00000 0.91062
4985.00000 0.91098
4986.00000 0.9113
4988.00000 0.91171
4989.00000 0.91181
4990.00000 0.91188
4992.00000 0.91201
4993.00000 0.9122
4995.00000 0.91221
4996.00000 0.91266
4998.00000 0.91286
4999.00000 0.91287
5001.00000 0.91291
5002.00000 0.91285
5003.00000 0.91273
5005.00000 0.91271
5006.00000 0.91244
5008.00000 0.91216
5009.00000 0.912
5011.00000 0.91186
5012.00000 0.9115
5014.00000 0.91124
5015.00000 0.91103
5017.00000 0.91091
5018.00000 0.9107
5019.00000 0.91043
5021.00000 0.91058
5022.00000 0.91069
5024.00000 0.91085
5025.00000 0.91091
5027.00000 0.9109
5028.00000 0.91099
5029.00000 0.91103
5031.00000 0.91107
5032.00000 0.91104
5034.00000 0.91128
5035.00000 0.9114
5037.00000 0.9116
5038.00000 0.91181
5040.00000 0.91196
5041.00000 0.91193
5042.00000 0.91201
5044.00000 0.91208
5045.00000 0.91219
5047.00000 0.91244
5048.00000 0.91246
5050.00000 0.91224
5051.00000 0.91203
5053.00000 0.91187
5054.00000 0.91173
5055.00000 0.91169
5057.00000 0.91197
5058.00000 0.91207
5060.00000 0.91241
5061.00000 0.91252
5063.00000 0.91278
5064.00000 0.91318
5065.00000 0.91357
5067.00000 0.91405
5068.00000 0.91437
5070.00000 0.91477
5071.00000 0.91512
5073.00000 0.91532
5074.00000 0.91564
5076.00000 0.91576
5077.00000 0.91608
5078.00000 0.91604
5080.00000 0.9158
5081.00000 0.91565
5083.00000 0.91579
5084.00000 0.91592
5086.00000 0.9161
5087.00000 0.91609
5088.00000 0.91602
5090.00000 0.91588
5091.00000 0.916
5093.00000 0.91592
5094.00000 0.91596
5096.00000 0.9164
5097.00000 0.9165
5098.00000 0.91648
5100.00000 0.91643
5101.00000 0.91656
5103.00000 0.91654
5104.00000 0.91661
5106.00000 0.91687
5107.00000 0.91694
5109.00000 0.91697
5110.00000 0.91699
5111.00000 0.91692
5113.00000 0.91726
5114.00000 0.91732
5116.00000 0.91728
5117.00000 0.91732
5119.00000 0.9175
5120.00000 0.91784
5121.00000 0.91792
5123.00000 0.91788
5124.00000 0.91787
5126.00000 0.91822
5127.00000 0.91843
5129.00000 0.91836
5130.00000 0.91864
5131.00000 0.91886
5133.00000 0.91883
5134.00000 0.91877
5136.00000 0.91868
5137.00000 0.91879
5139.00000 0.91869
5140.00000 0.91893
5141.00000 0.91869
5143.00000 0.91839
5144.00000 0.91836
5146.00000 0.9181
5147.00000 0.91797
5148.00000 0.918
5150.00000 0.91782
5151.00000 0.91775
5153.00000 0.91747
5154.00000 0.91755
5156.00000 0.91733
5157.00000 0.91745
5158.00000 0.91737
5160.00000 0.9175
5161.00000 0.91751
5163.00000 0.91735
5164.00000 0.91705
5166.00000 0.9172
5167.00000 0.91682
5168.00000 0.91652
5170.00000 0.91609
5171.00000 0.91583
5173.00000 0.9155
5174.00000 0.91556
5176.00000 0.91508
5177.00000 0.91467
5178.00000 0.91453
5180.00000 0.91433
5181.00000 0.91385
5183.00000 0.91343
5184.00000 0.91313
5185.00000 0.91309
5187.00000 0.9124
5188.00000 0.91194
5190.00000 0.91134
5191.00000 0.91081
5193.00000 0.91047
5194.00000 0.90981
5195.00000 0.90974
5197.00000 0.90937
5198.00000 0.90923
5200.00000 0.90898
5201.00000 0.90868
5202.00000 0.90896
5204.00000 0.9087
5205.00000 0.90852
5207.00000 0.90833
5208.00000 0.90818
5210.00000 0.90808
5211.00000 0.90771
5212.00000 0.90791
5214.00000 0.90791
5215.00000 0.90784
5217.00000 0.90759
5218.00000 0.90738
5219.00000 0.90732
5221.00000 0.9071
5222.00000 0.90724
5224.00000 0.90725
5225.00000 0.90743
5227.00000 0.90722
5228.00000 0.90692
5229.00000 0.90687
5231.00000 0.90668
5232.00000 0.90655
5234.00000 0.9067
5235.00000 0.90665
5236.00000 0.9068
5238.00000 0.90693
5239.00000 0.90713
5241.00000 0.90728
5242.00000 0.90749
5243.00000 0.90787
5245.00000 0.90814
5246.00000 0.90875
5248.00000 0.9091
5249.00000 0.9088
5250.00000 0.90921
5252.00000 0.90949
5253.00000 0.90953
5255.00000 0.90952
5256.00000 0.90948
5258.00000 0.9095
5259.00000 0.90975
5260.00000 0.90992
5262.00000 0.90989
5263.00000 0.91011
5265.00000 0.9105
5266.00000 0.91068
5267.00000 0.91095
5269.00000 0.91115
5270.00000 0.91136
5272.00000 0.91162
5273.00000 0.91176
5274.00000 0.91133
5276.00000 0.91116
5277.00000 0.91174
5279.00000 0.91185
5280.00000 0.9118
5281.00000 0.91165
5283.00000 0.91169
5284.00000 0.91134
5286.00000 0.91147
5287.00000 0.91123
5288.00000 0.91132
5290.00000 0.91139
5291.00000 0.9116
5293.00000 0.91086
5294.00000 0.91055
5295.00000 0.91068
5297.00000 0.91075
5298.00000 0.91014
5300.00000 0.91042
5301.00000 0.91041
5302.00000 0.91087
5304.00000 0.91081
5305.00000 0.91086
5307.00000 0.91022
5308.00000 0.91018
5309.00000 0.9101
5311.00000 0.90984
5312.00000 0.90932
5314.00000 0.90939
5315.00000 0.90925
5316.00000 0.90868
5318.00000 0.90797
5319.00000 0.90758
5321.00000 0.90706
5322.00000 0.90715
5323.00000 0.90662
5325.00000 0.90619
5326.00000 0.90628
5328.00000 0.90576
5329.00000 0.90529
5330.00000 0.90463
5332.00000 0.90412
5333.00000 0.90393
5335.00000 0.90358
5336.00000 0.90297
5337.00000 0.90257
5339.00000 0.90236
5340.00000 0.90192
5342.00000 0.90092
5343.00000 0.90087
5344.00000 0.90049
5346.00000 0.90022
5347.00000 0.90001
5349.00000 0.89939
5350.00000 0.89893
5351.00000 0.89887
5353.00000 0.89854
5354.00000 0.89817
5356.00000 0.89795
5357.00000 0.8977
5358.00000 0.89761
5360.00000 0.89738
5361.00000 0.89728
5363.00000 0.89672
5364.00000 0.89637
5365.00000 0.89613
5367.00000 0.89578
5368.00000 0.8956
5369.00000 0.89523
5371.00000 0.89514
5372.00000 0.89486
5374.00000 0.89382
5375.00000 0.89311
5376.00000 0.89215
5378.00000 0.89191
5379.00000 0.8918
5381.00000 0.89102
5382.00000 0.8908
5383.00000 0.89036
5385.00000 0.89019
5386.00000 0.88961
5388.00000 0.88949
5389.00000 0.88986
5390.00000 0.89009
5392.00000 0.89042
5393.00000 0.89042
5394.00000 0.89
5396.00000 0.89015
5397.00000 0.88998
5399.00000 0.88997
5400.00000 0.88991
5401.00000 0.88964
5403.00000 0.88933
5404.00000 0.88882
5406.00000 0.88832
5407.00000 0.88825
5408.00000 0.88791
5410.00000 0.88764
5411.00000 0.88776
5412.00000 0.88787
5414.00000 0.8875
5415.00000 0.8875
5417.00000 0.88794
5418.00000 0.88808
5419.00000 0.88876
5421.00000 0.8893
5422.00000 0.88935
5424.00000 0.88969
5425.00000 0.89027
5426.00000 0.89042
5428.00000 0.89012
5429.00000 0.8902
5430.00000 0.88998
5432.00000 0.89002
5433.00000 0.89036
5435.00000 0.88974
5436.00000 0.88952
5437.00000 0.88964
5439.00000 0.88955
5440.00000 0.88983
5441.00000 0.89026
5443.00000 0.89123
5444.00000 0.89177
5446.00000 0.89241
5447.00000 0.89314
5448.00000 0.89354
5450.00000 0.89449
5451.00000 0.89462
5453.00000 0.89531
5454.00000 0.89562
5455.00000 0.89523
5457.00000 0.89543
5458.00000 0.89556
5459.00000 0.89576
5461.00000 0.89638
5462.00000 0.89688
5464.00000 0.89787
5465.00000 0.89834
5466.00000 0.89973
5468.00000 0.9005
5469.00000 0.90182
5470.00000 0.90335
5472.00000 0.90345
5473.00000 0.90396
5475.00000 0.90418
5476.00000 0.90432
5477.00000 0.90442
5479.00000 0.90437
5480.00000 0.90504
5481.00000 0.90499
5483.00000 0.90481
5484.00000 0.90449
5485.00000 0.90457
5487.00000 0.90497
5488.00000 0.90553
5490.00000 0.90697
5491.00000 0.90738
5492.00000 0.90777
5494.00000 0.90839
5495.00000 0.90902
5496.00000 0.91014
5498.00000 0.91091
5499.00000 0.91202
5501.00000 0.91296
5502.00000 0.91393
5503.00000 0.91418
5505.00000 0.91459
5506.00000 0.9154
5507.00000 0.91589
5509.00000 0.9159
5510.00000 0.91613
5512.00000 0.9163
5513.00000 0.91705
5514.00000 0.91742
5516.00000 0.91757
5517.00000 0.91788
5518.00000 0.91889
5520.00000 0.91897
5521.00000 0.9194
5522.00000 0.9193
5524.00000 0.91995
5525.00000 0.92013
5527.00000 0.91987
5528.00000 0.92006
5529.00000 0.92086
5531.00000 0.9209
5532.00000 0.92176
5533.00000 0.92165
5535.00000 0.92124
5536.00000 0.92146
5537.00000 0.92248
5539.00000 0.92252
5540.00000 0.92226
5542.00000 0.92271
5543.00000 0.92187
5544.00000 0.92142
5546.00000 0.9222
5547.00000 0.92169
5548.00000 0.92144
5550.00000 0.92184
5551.00000 0.92191
5552.00000 0.92156
5554.00000 0.92164
5555.00000 0.92247
5557.00000 0.92283
5558.00000 0.92388
5559.00000 0.92413
5561.00000 0.92353
5562.00000 0.92304
5563.00000 0.92304
5565.00000 0.92349
5566.00000 0.92315
5567.00000 0.92275
5569.00000 0.92189
5570.00000 0.92167
5572.00000 0.92116
5573.00000 0.92036
5574.00000 0.91988
5576.00000 0.91966
5577.00000 0.92039
5578.00000 0.91985
5580.00000 0.91972
5581.00000 0.92026
5582.00000 0.92077
5584.00000 0.92207
5585.00000 0.92226
5586.00000 0.92354
5588.00000 0.92425
5589.00000 0.92397
5591.00000 0.92374
5592.00000 0.9243
5593.00000 0.9258
5595.00000 0.92634
5596.00000 0.9261
5597.00000 0.92619
5599.00000 0.92525
5600.00000 0.92323
5601.00000 0.922
5603.00000 0.92155
5604.00000 0.92243
5605.00000 0.92287
5607.00000 0.92219
5608.00000 0.92088
5609.00000 0.92013
5611.00000 0.91968
5612.00000 0.92005
5614.00000 0.92011
5615.00000 0.9216
5616.00000 0.92108
5618.00000 0.92146
5619.00000 0.92046
5620.00000 0.92052
5622.00000 0.92072
5623.00000 0.92077
5624.00000 0.9209
5626.00000 0.92076
5627.00000 0.91956
5628.00000 0.91968
5630.00000 0.92009
5631.00000 0.92117
5632.00000 0.92033
5634.00000 0.92075
5635.00000 0.92046
5636.00000 0.92043
5638.00000 0.9206
5639.00000 0.92031
5641.00000 0.9212
5642.00000 0.92137
5643.00000 0.92225
5645.00000 0.9221
5646.00000 0.92137
5647.00000 0.92152
5649.00000 0.9219
5650.00000 0.92183
5651.00000 0.92157
5653.00000 0.92185
5654.00000 0.92286
5655.00000 0.92288
5657.00000 0.92275
5658.00000 0.92306
5659.00000 0.92239
5661.00000 0.92291
5662.00000 0.9235
5663.00000 0.92369
5665.00000 0.92431
5666.00000 0.92395
5667.00000 0.9238
5669.00000 0.92272
5670.00000 0.92273
5671.00000 0.9241
5673.00000 0.92399
5674.00000 0.92496
5675.00000 0.92565
5677.00000 0.92554
5678.00000 0.92427
5679.00000 0.92438
5681.00000 0.92534
5682.00000 0.92495
5684.00000 0.92491
5685.00000 0.92363
5686.00000 0.92249
5688.00000 0.9212
5689.00000 0.92013
5690.00000 0.91869
5692.00000 0.91993
5693.00000 0.92167
5694.00000 0.9219
5696.00000 0.92178
