threeML/data/optical_filters/LCO/IMACS-Z2_520.ecsv
# %ECSV 0.9
# ---
# datatype:
# - {name: wavelength, unit: Angstrom, datatype: float32}
# - {name: response, datatype: float32}
# meta: !!omap
# - {band_name: Z2_520}
# - {group_name: IMACS}
wavelength response
[from data line 880]
6912.89990 0.96787
6916.20020 0.96841
6919.60010 0.9684
6922.89990 0.96861
6926.20020 0.9687
6929.50000 0.96878
6932.89990 0.96821
6936.20020 0.9687
6939.50000 0.96789
6942.79980 0.96735
6946.10010 0.96771
6949.50000 0.96796
6952.79980 0.96757
6956.10010 0.96847
6959.39990 0.96867
6962.70020 0.96873
6966.10010 0.96877
6969.39990 0.96901
6972.70020 0.96827
6976.00000 0.96822
6979.29980 0.96805
6982.70020 0.96787
6986.00000 0.96743
6989.29980 0.96736
6992.60010 0.96666
6995.89990 0.96626
6999.20020 0.9659
7002.50000 0.96645
7005.89990 0.96696
7009.20020 0.96755
7012.50000 0.96757
7015.79980 0.96764
7019.10010 0.96635
7022.39990 0.96524
7025.70020 0.96428
7029.00000 0.9639
7032.39990 0.96316
7035.70020 0.96279
7039.00000 0.96279
7042.29980 0.96254
7045.60010 0.96184
7048.89990 0.96147
7052.20020 0.96114
7055.50000 0.9606
7058.79980 0.95996
7062.10010 0.95934
7065.39990 0.9584
7068.70020 0.9581
7072.00000 0.95743
7075.39990 0.95658
7078.70020 0.95604
7082.00000 0.95616
7085.29980 0.95567
7088.60010 0.95485
7091.89990 0.95498
7095.20020 0.95456
7098.50000 0.95375
7101.79980 0.95286
7105.10010 0.95269
7108.39990 0.95205
7111.70020 0.95166
7115.00000 0.95135
7118.29980 0.95125
7121.60010 0.95064
7124.89990 0.94994
7128.20020 0.94884
7131.50000 0.94786
7134.79980 0.94739
7138.10010 0.9473
7141.39990 0.9467
7144.70020 0.94643
7148.00000 0.94603
7151.20020 0.94533
7154.50000 0.94433
7157.79980 0.94372
7161.10010 0.94311
7164.39990 0.9429
7167.70020 0.94236
7171.00000 0.94203
7174.29980 0.94172
7177.60010 0.94188
7180.89990 0.94121
7184.20020 0.94106
7187.50000 0.94055
7190.79980 0.9404
7194.00000 0.94015
7197.29980 0.93985
7200.60010 0.93981
7203.89990 0.94016
7207.20020 0.93996
7210.50000 0.9399
7213.79980 0.94071
7217.10010 0.94083
7220.29980 0.9408
7223.60010 0.94108
7226.89990 0.94136
7230.20020 0.94151
7233.50000 0.94206
7236.79980 0.94194
7240.00000 0.9418
7243.29980 0.9417
7246.60010 0.94181
7249.89990 0.94113
7253.20020 0.94175
7256.50000 0.94238
7259.70020 0.94306
7263.00000 0.94327
7266.29980 0.94402
7269.60010 0.94434
7272.89990 0.94468
7276.10010 0.94524
7279.39990 0.94556
7282.70020 0.94576
7286.00000 0.94559
7289.20020 0.94632
7292.50000 0.9462
7295.79980 0.9463
7299.10010 0.94613
7302.29980 0.94736
7305.60010 0.94753
7308.89990 0.94797
7312.20020 0.94892
7315.39990 0.94973
7318.70020 0.94928
7322.00000 0.94939
7325.29980 0.94979
7328.50000 0.94958
7331.79980 0.95036
7335.10010 0.9509
7338.29980 0.95146
7341.60010 0.95117
7344.89990 0.95147
7348.10010 0.95128
7351.39990 0.95166
7354.70020 0.95162
7357.89990 0.95235
7361.20020 0.95257
7364.50000 0.95281
7367.70020 0.95275
7371.00000 0.95281
7374.29980 0.9524
7377.50000 0.95252
7380.79980 0.95215
7384.10010 0.9519
7387.29980 0.95165
7390.60010 0.95152
7393.89990 0.95097
7397.10010 0.95096
7400.39990 0.95022
7403.60010 0.94957
7406.89990 0.94892
7410.20020 0.9478
7413.39990 0.94623
7416.70020 0.94593
7419.89990 0.94514
7423.20020 0.94415
7426.50000 0.94398
7429.70020 0.94445
7433.00000 0.94399
7436.20020 0.94297
7439.50000 0.94279
7442.79980 0.94213
7446.00000 0.94092
7449.29980 0.93949
7452.50000 0.93977
7455.79980 0.93893
7459.00000 0.93785
7462.29980 0.93714
7465.50000 0.93674
7468.79980 0.93532
7472.00000 0.93452
7475.29980 0.93407
7478.50000 0.93289
7481.79980 0.93225
7485.00000 0.93157
7488.29980 0.93039
7491.50000 0.92978
7494.79980 0.92922
7498.00000 0.9284
7501.29980 0.92796
7504.50000 0.92743
7507.79980 0.92601
7511.00000 0.9253
7514.29980 0.92447
7517.50000 0.92292
7520.79980 0.92211
7524.00000 0.92245
7527.29980 0.92253
7530.50000 0.922
7533.70020 0.92228
7537.00000 0.92209
7540.20020 0.92174
7543.50000 0.92137
7546.70020 0.92138
7550.00000 0.9215
7553.20020 0.92193
7556.39990 0.92181
7559.70020 0.92179
7562.89990 0.9222
7566.20020 0.92209
7569.39990 0.92291
7572.60010 0.92349
7575.89990 0.92469
7579.10010 0.92569
7582.39990 0.92677
7585.60010 0.92746
7588.79980 0.92898
7592.10010 0.92969
7595.29980 0.93051
7598.50000 0.93178
7601.79980 0.93329
7605.00000 0.93432
7608.20020 0.93579
7611.50000 0.93699
7614.70020 0.93834
7617.89990 0.93892
7621.20020 0.93965
7624.39990 0.94038
7627.60010 0.94159
7630.89990 0.94177
7634.10010 0.94267
7637.29980 0.94321
7640.60010 0.94366
7643.79980 0.94407
7647.00000 0.94446
7650.20020 0.9439
7653.50000 0.94295
7656.70020 0.9417
7659.89990 0.94039
7663.20020 0.93919
7666.39990 0.93722
7669.60010 0.93492
7672.79980 0.93224
7676.10010 0.92852
7679.29980 0.92431
7682.50000 0.91986
7685.70020 0.91403
7689.00000 0.90742
7692.20020 0.90109
7695.39990 0.89399
7698.60010 0.88593
7701.79980 0.8774
7705.10010 0.86888
7708.29980 0.85897
7711.50000 0.84813
7714.70020 0.83754
7717.89990 0.8264
7721.20020 0.81377
7724.39990 0.80033
7727.60010 0.78642
7730.79980 0.77149
7734.00000 0.75649
7737.20020 0.74073
7740.50000 0.72425
7743.70020 0.70794
7746.89990 0.69134
7750.10010 0.67443
7753.29980 0.6567
7756.50000 0.63902
7759.70020 0.62149
7763.00000 0.60341
7766.20020 0.58483
7769.39990 0.56686
7772.60010 0.54847
7775.79980 0.53019
7779.00000 0.51268
7782.20020 0.49437
7785.39990 0.47658
7788.70020 0.4591
7791.89990 0.44175
7795.10010 0.42473
7798.29980 0.40867
7801.50000 0.39282
7804.70020 0.3778
7807.89990 0.36317
7811.10010 0.3486
7814.29980 0.3344
7817.50000 0.32085
7820.70020 0.30755
7823.89990 0.29481
7827.10010 0.2826
7830.29980 0.27088
7833.50000 0.25951
7836.70020 0.24866
7839.89990 0.23818
7843.10010 0.22818
7846.39990 0.21851
7849.60010 0.2097
7852.79980 0.20113
7856.00000 0.19296
7859.20020 0.18504
7862.39990 0.17688
7865.60010 0.1689
7868.79980 0.1618
7871.89990 0.15489
7875.10010 0.14853
7878.29980 0.14279
7881.50000 0.13717
7884.70020 0.13124
7887.89990 0.12606
7891.10010 0.12108
7894.29980 0.11615
7897.50000 0.11175
7900.70020 0.10751
7903.89990 0.1034
7907.10010 0.09911
7910.29980 0.09533
7913.50000 0.09119
7916.70020 0.08775
7919.89990 0.08402
7923.10010 0.08067
7926.29980 0.07745
7929.39990 0.07514
7932.60010 0.07245
7935.79980 0.06995
7939.00000 0.06745
7942.20020 0.06501
7945.39990 0.06215
7948.60010 0.05993
7951.79980 0.05756
7955.00000 0.05567
7958.10010 0.05374
7961.29980 0.05214
7964.50000 0.04991
7967.70020 0.0484
7970.89990 0.04696
7974.10010 0.04539
7977.29980 0.04335
7980.39990 0.04197
7983.60010 0.04076
7986.79980 0.03911
7990.00000 0.03775
7993.20020 0.03639
7996.29980 0.03516
7999.50000 0.03413
8002.70020 0.03351
8005.89990 0.0326
8009.10010 0.03188
8012.20020 0.03089
8015.39990 0.02943
8018.60010 0.02825
8021.79980 0.0274
8025.00000 0.02685
8028.10010 0.02624
8031.29980 0.02534
8034.50000 0.0242
8037.70020 0.02324
8040.79980 0.02225
8044.00000 0.02146
8047.20020 0.02118
8050.39990 0.02085
8053.50000 0.02066
8056.70020 0.02045
8059.89990 0.02005
8063.10010 0.0193
8066.20020 0.01872
8069.39990 0.01801
8072.60010 0.01711
8075.70020 0.01624
8078.89990 0.01579
8082.10010 0.01522
8085.20020 0.01444
8088.39990 0.01415
8091.60010 0.01406
8094.79980 0.01386
8097.89990 0.01396
8101.10010 0.01401
8104.29980 0.01385
8107.39990 0.01376
8110.60010 0.01346
8113.70020 0.01296
8116.89990 0.01233
8120.10010 0.0118
8123.20020 0.01125
8126.39990 0.01069
8129.60010 0.01011
8132.70020 0.00996
8135.89990 0.00945
8139.10010 0.0089
8142.20020 0.00871
8145.39990 0.00843
8148.50000 0.00811
8151.70020 0.00804
8154.89990 0.00785
8158.00000 0.00773
8161.20020 0.00762
8164.29980 0.00762
8167.50000 0.00747
8170.60010 0.00774
8173.79980 0.00782
8177.00000 0.00783
8180.10010 0.00776
8183.29980 0.00789
8186.39990 0.00763
8189.60010 0.00754
8192.70020 0.00761
8195.90039 0.00764
8199.00000 0.00745
8202.20020 0.00751
8205.40039 0.0076
8208.50000 0.00738
8211.70020 0.00723
8214.79980 0.00725
8218.00000 0.00722
8221.09961 0.00702
8224.29980 0.00703
8227.40039 0.007
8230.59961 0.00706
8233.70020 0.00701
8236.90039 0.00701
8240.00000 0.00675
8243.20020 0.00659
8246.29980 0.00624
8249.40039 0.00593
8252.59961 0.00544
8255.70020 0.00557
8258.90039 0.00532
8262.00000 0.00554
8265.20020 0.00539
8268.29980 0.00547
8271.50000 0.00486
8274.59961 0.0047
8277.70020 0.00424
8280.90039 0.00418
8284.00000 0.00383
8287.20020 0.00383
8290.29980 0.00409
8293.50000 0.00417
8296.59961 0.00409
8299.70020 0.00429
8302.90039 0.00422
8306.00000 0.00401
8309.09961 0.00359
8312.29980 0.00325
8315.40039 0.00285
8318.59961 0.00292
8321.70020 0.0025
8324.79980 0.00243
8328.00000 0.00249
8331.09961 0.00228
8334.20020 0.00208
8337.40039 0.00203
8340.50000 0.0021
8343.59961 0.00197
8346.79980 0.00224
8349.90039 0.00258
8353.00000 0.00258
8356.20020 0.00211
8359.29980 0.00211
8362.40039 0.00198
8365.59961 0.00164
8368.70020 0.00143
8371.79980 0.00149
8374.90039 0.0013
8378.09961 0.00122
8381.20020 0.00115
8384.29980 0.00122
8387.50000 0.00152
8390.59961 0.00157
8393.70020 0.00179
8396.79980 0.00158
8400.00000 0.00144
8403.09961 0.00136
8406.20020 0.00123
8409.29980 0.0008
8412.50000 0.00074
8415.59961 0.00081
8418.70020 0.0006
8421.79980 0.00045
8425.00000 0.00067
8428.09961 0.00073
8431.20020 0.00074
8434.29980 0.00087
8437.40039 0.00102
8440.59961 0.00073
8443.70020 0.00074
8446.79980 0.00095
8449.90039 0.00082
8453.00000 0.00074
8456.20020 0.00089
8459.29980 0.00081
8462.40039 0.00068
8465.50000 0.00067
8468.59961 0.00068
8471.70020 0.0006
9318.87012 0.0
