threeML/data/optical_filters/LCO/IMACS-WB6300.ecsv
# %ECSV 0.9
# ---
# datatype:
# - {name: wavelength, unit: Angstrom, datatype: float32}
# - {name: response, datatype: float32}
# meta: !!omap
# - {band_name: WB6300}
# - {group_name: IMACS}
wavelength response
5389.83008 0.0
5988.70020 0.01566
5992.10010 0.01435
5995.60010 0.01444
5999.00000 0.01459
6002.50000 0.01507
6005.89990 0.0151
6009.29980 0.01545
6012.79980 0.01599
6016.20020 0.01651
6019.70020 0.01672
6023.10010 0.01717
6026.60010 0.01767
6030.00000 0.01789
6033.39990 0.01806
6036.89990 0.01826
6040.29980 0.01822
6043.70020 0.01829
6047.20020 0.01839
6050.60010 0.01856
6054.10010 0.01891
6057.50000 0.01949
6060.89990 0.02018
6064.39990 0.02105
6067.79980 0.02176
6071.20020 0.02243
6074.70020 0.02289
6078.10010 0.02303
6081.50000 0.023
6085.00000 0.02302
6088.39990 0.02313
6091.79980 0.02354
6095.29980 0.02439
6098.70020 0.02535
6102.10010 0.02639
6105.60010 0.02721
6109.00000 0.02792
6112.39990 0.02829
6115.79980 0.02872
6119.29980 0.02913
6122.70020 0.02991
6126.10010 0.03071
6129.60010 0.03156
6133.00000 0.03226
6136.39990 0.03299
6139.79980 0.03359
6143.29980 0.03465
6146.70020 0.03565
6150.10010 0.03655
6153.50000 0.0376
6157.00000 0.03921
6160.39990 0.0401
6163.79980 0.04117
6167.20020 0.04235
6170.60010 0.0437
6174.10010 0.04459
6177.50000 0.04579
6180.89990 0.04709
6184.29980 0.04885
6187.79980 0.05041
6191.20020 0.05182
6194.60010 0.0534
6198.00000 0.05499
6201.39990 0.05671
6204.79980 0.05871
6208.29980 0.06069
6211.70020 0.06291
6215.10010 0.06511
6218.50000 0.06726
6221.89990 0.06929
6225.29980 0.07184
6228.79980 0.07431
6232.20020 0.07701
6235.60010 0.07949
6239.00000 0.08228
6242.39990 0.0853
6245.79980 0.08842
6249.20020 0.09164
6252.60010 0.09539
6256.10010 0.09918
6259.50000 0.10295
6262.89990 0.10667
6266.29980 0.11073
6269.70020 0.11519
6273.10010 0.11971
6276.50000 0.12427
6279.89990 0.12946
6283.29980 0.13488
6286.70020 0.13999
6290.10010 0.14567
6293.50000 0.15161
6297.00000 0.15773
6300.39990 0.16414
6303.79980 0.17095
6307.20020 0.17826
6310.60010 0.18603
6314.00000 0.19391
6317.39990 0.20192
6320.79980 0.21058
6324.20020 0.21934
6327.60010 0.22846
6331.00000 0.2383
6334.39990 0.24845
6337.79980 0.25896
6341.20020 0.26989
6344.60010 0.28133
6348.00000 0.29289
6351.39990 0.30513
6354.79980 0.31753
6358.20020 0.33102
6361.60010 0.34433
6365.00000 0.35832
6368.39990 0.37279
6371.79980 0.38749
6375.20020 0.40235
6378.60010 0.41754
6382.00000 0.43341
6385.39990 0.44963
6388.70020 0.46658
6392.10010 0.48324
6395.50000 0.50007
6398.89990 0.5167
6402.29980 0.53279
6405.70020 0.54911
6409.10010 0.56573
6412.50000 0.58226
6415.89990 0.59881
6419.29980 0.61537
6422.70020 0.63176
6426.10010 0.64735
6429.39990 0.66337
6432.79980 0.67855
6436.20020 0.69284
6439.60010 0.70741
6443.00000 0.7217
6446.39990 0.73526
6449.79980 0.7486
6453.20020 0.76103
6456.50000 0.77231
6459.89990 0.78301
6463.29980 0.79345
6466.70020 0.80273
6470.10010 0.81222
6473.50000 0.82125
6476.79980 0.82984
6480.20020 0.83724
6483.60010 0.8444
6487.00000 0.85051
6490.39990 0.85615
6493.79980 0.86097
6497.10010 0.86579
6500.50000 0.87044
6503.89990 0.87418
6507.29980 0.87743
6510.60010 0.88063
6514.00000 0.88301
6517.39990 0.88487
6520.79980 0.88706
6524.20020 0.88946
6527.50000 0.89115
6530.89990 0.89259
6534.29980 0.89347
6537.70020 0.89394
6541.00000 0.89364
6544.39990 0.89418
6547.79980 0.89464
6551.20020 0.8955
6554.50000 0.89581
6557.89990 0.89627
6561.29980 0.89631
6564.60010 0.89672
6568.00000 0.89654
6571.39990 0.89668
6574.79980 0.89755
6578.10010 0.89781
6581.50000 0.89795
6584.89990 0.89841
6588.20020 0.89889
6591.60010 0.89872
6595.00000 0.8988
6598.29980 0.89889
6601.70020 0.89901
6605.10010 0.8997
6608.39990 0.90021
6611.79980 0.90059
6615.20020 0.90185
6618.50000 0.90269
6621.89990 0.90329
6625.29980 0.90413
6628.60010 0.9051
6632.00000 0.90487
6635.29980 0.90523
6638.70020 0.90595
6642.10010 0.90652
6645.39990 0.90656
6648.79980 0.90773
6652.10010 0.90886
6655.50000 0.909
6658.89990 0.90967
6662.20020 0.91072
6665.60010 0.91118
6668.89990 0.91206
6672.29980 0.9133
6675.70020 0.91432
6679.00000 0.91552
6682.39990 0.91695
6685.70020 0.91685
6689.10010 0.91798
6692.39990 0.91858
6695.79980 0.91874
6699.10010 0.91897
6702.50000 0.92054
6705.89990 0.92096
6709.20020 0.92144
6712.60010 0.92295
6715.89990 0.92358
6719.29980 0.92387
6722.60010 0.92451
6726.00000 0.92588
6729.29980 0.92696
6732.70020 0.9268
6736.00000 0.92691
6739.39990 0.92678
6742.70020 0.9262
6746.10010 0.92535
6749.39990 0.92615
6752.79980 0.92647
6756.10010 0.92722
6759.39990 0.92759
6762.79980 0.92746
6766.10010 0.92794
6769.50000 0.92805
6772.79980 0.92778
6776.20020 0.92777
6779.50000 0.92788
6782.89990 0.92729
6786.20020 0.92748
6789.50000 0.92762
6792.89990 0.9275
6796.20020 0.92713
6799.60010 0.92674
6802.89990 0.92656
6806.20020 0.92616
6809.60010 0.92554
6812.89990 0.92535
6816.29980 0.92554
6819.60010 0.92521
6822.89990 0.92483
6826.29980 0.92494
6829.60010 0.92535
6833.00000 0.92505
6836.29980 0.92506
6839.60010 0.92497
6843.00000 0.9247
6846.29980 0.92462
6849.60010 0.92465
6853.00000 0.92422
6856.29980 0.92405
6859.60010 0.92395
6863.00000 0.92366
6866.29980 0.92334
6869.60010 0.92319
6873.00000 0.92343
6876.29980 0.92356
6879.60010 0.92359
6883.00000 0.92351
6886.29980 0.92347
6889.60010 0.92321
6892.89990 0.92296
6896.29980 0.92305
6899.60010 0.92326
6902.89990 0.92349
6906.20020 0.92385
6909.60010 0.92407
6912.89990 0.92398
6916.20020 0.92419
6919.60010 0.92441
6922.89990 0.92425
6926.20020 0.92495
6929.50000 0.92499
6932.89990 0.92467
6936.20020 0.92454
6939.50000 0.92465
6942.79980 0.92392
6946.10010 0.9238
6949.50000 0.92403
6952.79980 0.92416
6956.10010 0.92404
6959.39990 0.92421
6962.70020 0.9243
6966.10010 0.92392
6969.39990 0.9236
6972.70020 0.92331
6976.00000 0.92365
6979.29980 0.92347
6982.70020 0.92369
6986.00000 0.92368
6989.29980 0.92373
6992.60010 0.92321
6995.89990 0.92309
6999.20020 0.92312
7002.50000 0.92324
7005.89990 0.92308
7009.20020 0.9229
7012.50000 0.92266
7015.79980 0.92237
7019.10010 0.92184
7022.39990 0.92191
7025.70020 0.92123
7029.00000 0.92088
7032.39990 0.92057
7035.70020 0.92036
7039.00000 0.91967
7042.29980 0.91981
7045.60010 0.92015
7048.89990 0.92041
7052.20020 0.91997
7055.50000 0.91983
7058.79980 0.92015
7062.10010 0.91964
7065.39990 0.91846
7068.70020 0.91846
7072.00000 0.91806
7075.39990 0.91698
7078.70020 0.91592
7082.00000 0.91638
7085.29980 0.91611
7088.60010 0.9159
7091.89990 0.91586
7095.20020 0.91632
7098.50000 0.91563
7101.79980 0.91502
7105.10010 0.91508
7108.39990 0.91532
7111.70020 0.91493
7115.00000 0.91462
7118.29980 0.91433
7121.60010 0.91357
7124.89990 0.91233
7128.20020 0.91176
7131.50000 0.91132
7134.79980 0.91083
7138.10010 0.91065
7141.39990 0.91081
7144.70020 0.91044
7148.00000 0.90984
7151.20020 0.90948
7154.50000 0.90874
7157.79980 0.90813
7161.10010 0.90751
7164.39990 0.90741
7167.70020 0.90782
7171.00000 0.90796
7174.29980 0.90741
7177.60010 0.90739
7180.89990 0.90723
7184.20020 0.90643
7187.50000 0.90597
7190.79980 0.90632
7194.00000 0.9063
7197.29980 0.90617
7200.60010 0.90638
7203.89990 0.90635
7207.20020 0.90549
7210.50000 0.90583
7213.79980 0.90629
7217.10010 0.90622
7220.29980 0.9062
7223.60010 0.90706
7226.89990 0.90696
7230.20020 0.90609
7233.50000 0.90667
7236.79980 0.9068
7240.00000 0.90701
7243.29980 0.90663
7246.60010 0.90733
7249.89990 0.90729
7253.20020 0.90768
7256.50000 0.90807
7259.70020 0.90917
7263.00000 0.9096
7266.29980 0.90947
7269.60010 0.90993
7272.89990 0.91017
7276.10010 0.91025
7279.39990 0.91086
7282.70020 0.91142
7286.00000 0.91157
7289.20020 0.91184
7292.50000 0.91253
7295.79980 0.913
7299.10010 0.91374
7302.29980 0.91463
7305.60010 0.91519
7308.89990 0.91525
7312.20020 0.9152
7315.39990 0.91573
7318.70020 0.9163
7322.00000 0.91681
7325.29980 0.91781
7328.50000 0.91908
7331.79980 0.91932
7335.10010 0.91933
7338.29980 0.92008
7341.60010 0.92039
7344.89990 0.92031
7348.10010 0.9209
7351.39990 0.92143
7354.70020 0.92203
7357.89990 0.92223
7361.20020 0.92268
7364.50000 0.9229
7367.70020 0.92381
7371.00000 0.92432
7374.29980 0.92573
7377.50000 0.92689
7380.79980 0.92797
7384.10010 0.9286
7387.29980 0.92944
7390.60010 0.92949
7393.89990 0.92963
7397.10010 0.92987
7400.39990 0.93024
7403.60010 0.9297
7406.89990 0.92977
7410.20020 0.93031
7413.39990 0.93067
7416.70020 0.93102
7419.89990 0.93163
7423.20020 0.93244
7426.50000 0.93287
7429.70020 0.93353
7433.00000 0.93425
7436.20020 0.93434
7439.50000 0.93416
7442.79980 0.93436
7446.00000 0.93432
7449.29980 0.93389
7452.50000 0.93466
7455.79980 0.93482
7459.00000 0.93469
7462.29980 0.93504
7465.50000 0.93581
7468.79980 0.93607
7472.00000 0.93657
7475.29980 0.93629
7478.50000 0.93649
7481.79980 0.93625
7485.00000 0.9367
7488.29980 0.93681
7491.50000 0.93732
7494.79980 0.93726
7498.00000 0.9377
7501.29980 0.93711
7504.50000 0.93759
7507.79980 0.93783
7511.00000 0.93783
7514.29980 0.9373
7517.50000 0.93726
7520.79980 0.93664
7524.00000 0.93691
7527.29980 0.93641
7530.50000 0.93665
7533.70020 0.93625
7537.00000 0.93579
7540.20020 0.93522
7543.50000 0.93501
7546.70020 0.93457
7550.00000 0.93449
7553.20020 0.9342
7556.39990 0.93391
7559.70020 0.93393
7562.89990 0.93354
7566.20020 0.93307
7569.39990 0.93293
7572.60010 0.93235
7575.89990 0.93197
7579.10010 0.93135
7582.39990 0.93116
7585.60010 0.93125
7588.79980 0.9309
7592.10010 0.93013
7595.29980 0.93011
7598.50000 0.92922
7601.79980 0.92875
7605.00000 0.92842
7608.20020 0.92817
7611.50000 0.92808
7614.70020 0.92832
7617.89990 0.9275
7621.20020 0.92683
7624.39990 0.92693
7627.60010 0.92651
7630.89990 0.92617
7634.10010 0.92597
7637.29980 0.92633
7640.60010 0.92621
7643.79980 0.92582
7647.00000 0.92571
7650.20020 0.92504
7653.50000 0.92476
7656.70020 0.92422
7659.89990 0.92424
7663.20020 0.92393
7666.39990 0.92485
7669.60010 0.92502
7672.79980 0.92502
7676.10010 0.92476
7679.29980 0.92504
7682.50000 0.92466
7685.70020 0.92426
7689.00000 0.92407
7692.20020 0.92404
7695.39990 0.92319
7698.60010 0.92298
7701.79980 0.92304
7705.10010 0.92338
7708.29980 0.9234
7711.50000 0.92345
7714.70020 0.92376
7717.89990 0.92418
7721.20020 0.9239
7724.39990 0.92363
7727.60010 0.92381
7730.79980 0.92361
7734.00000 0.92347
7737.20020 0.92406
7740.50000 0.9239
7743.70020 0.92421
7746.89990 0.92405
7750.10010 0.92382
7753.29980 0.92298
7756.50000 0.92326
7759.70020 0.92381
7763.00000 0.92365
7766.20020 0.92387
7769.39990 0.92446
7772.60010 0.92492
7775.79980 0.92486
7779.00000 0.92544
7782.20020 0.92599
7785.39990 0.92623
7788.70020 0.92625
7791.89990 0.92593
7795.10010 0.92612
7798.29980 0.92615
7801.50000 0.92602
7804.70020 0.92594
7807.89990 0.92677
7811.10010 0.92715
7814.29980 0.92735
7817.50000 0.92805
7820.70020 0.92888
7823.89990 0.92932
7827.10010 0.92921
7830.29980 0.92915
7833.50000 0.92961
7836.70020 0.92937
7839.89990 0.9295
7843.10010 0.93024
7846.39990 0.93
7849.60010 0.9297
7852.79980 0.93046
7856.00000 0.93022
7859.20020 0.92995
7862.39990 0.93092
7865.60010 0.93153
7868.79980 0.93195
7871.89990 0.93201
7875.10010 0.93283
7878.29980 0.93313
7881.50000 0.93354
7884.70020 0.9338
7887.89990 0.934
7891.10010 0.93322
7894.29980 0.93383
7897.50000 0.93381
7900.70020 0.93384
7903.89990 0.93387
7907.10010 0.93434
7910.29980 0.93438
7913.50000 0.93511
7916.70020 0.93528
7919.89990 0.93602
7923.10010 0.93654
7926.29980 0.93619
7929.39990 0.93584
7932.60010 0.93492
7935.79980 0.93453
7939.00000 0.93481
7942.20020 0.93415
7945.39990 0.93377
7948.60010 0.93401
7951.79980 0.93425
7955.00000 0.93331
7958.10010 0.93376
7961.29980 0.93321
7964.50000 0.93312
7967.70020 0.9331
7970.89990 0.93357
7974.10010 0.9337
7977.29980 0.93402
7980.39990 0.93489
7983.60010 0.93495
7986.79980 0.93555
7990.00000 0.93519
7993.20020 0.93517
7996.29980 0.93456
7999.50000 0.93453
8002.70020 0.93388
8005.89990 0.93404
8009.10010 0.93408
8012.20020 0.93345
8015.39990 0.93325
8018.60010 0.9324
8021.79980 0.93204
8025.00000 0.93192
8028.10010 0.93228
8031.29980 0.93131
8034.50000 0.93182
8037.70020 0.93189
8040.79980 0.93131
8044.00000 0.93106
8047.20020 0.93143
8050.39990 0.93097
8053.50000 0.93087
8056.70020 0.93108
8059.89990 0.93152
8063.10010 0.93231
8066.20020 0.93251
8069.39990 0.93213
8072.60010 0.9316
8075.70020 0.93127
8078.89990 0.9307
8082.10010 0.93115
8085.20020 0.93175
8088.39990 0.93181
8091.60010 0.93133
8094.79980 0.93105
8097.89990 0.93016
8101.10010 0.92907
8104.29980 0.9289
8107.39990 0.9293
8110.60010 0.92896
8113.70020 0.92986
8116.89990 0.9303
8120.10010 0.93122
8123.20020 0.9315
8126.39990 0.93228
8129.60010 0.93174
8132.70020 0.93148
8135.89990 0.93094
8139.10010 0.93063
8142.20020 0.92994
8145.39990 0.93003
8148.50000 0.93128
8151.70020 0.93178
8154.89990 0.93195
8158.00000 0.93235
8161.20020 0.93249
8164.29980 0.93132
8167.50000 0.93106
8170.60010 0.93146
8173.79980 0.93213
8177.00000 0.93255
8180.10010 0.93315
8183.29980 0.93397
8186.39990 0.93376
8189.60010 0.93345
8192.70020 0.93345
8195.90039 0.93341
8199.00000 0.93317
8202.20020 0.93328
8205.40039 0.93308
8208.50000 0.93218
8211.70020 0.93313
8214.79980 0.93355
8218.00000 0.93336
8221.09961 0.93419
8224.29980 0.93526
8227.40039 0.93505
8230.59961 0.93567
8233.70020 0.93626
8236.90039 0.93617
8240.00000 0.9363
8243.20020 0.93656
8246.29980 0.93627
8249.40039 0.93587
8252.59961 0.93582
8255.70020 0.93549
8258.90039 0.93572
8262.00000 0.93543
8265.20020 0.93523
8268.29980 0.93509
8271.50000 0.93538
8274.59961 0.93498
8277.70020 0.93504
8280.90039 0.93506
8284.00000 0.93467
8287.20020 0.93438
8290.29980 0.93426
8293.50000 0.93373
8296.59961 0.93405
8299.70020 0.93448
8302.90039 0.93492
8306.00000 0.93405
8309.09961 0.93351
8312.29980 0.9331
8315.40039 0.93266
8318.59961 0.93184
8321.70020 0.93223
8324.79980 0.93266
8328.00000 0.93224
8331.09961 0.93128
8334.20020 0.93071
8337.40039 0.9306
8340.50000 0.93019
8343.59961 0.92911
8346.79980 0.92927
8349.90039 0.92868
8353.00000 0.92751
8356.20020 0.92668
8359.29980 0.92709
8362.40039 0.92576
8365.59961 0.92539
8368.70020 0.92522
8371.79980 0.92473
8374.90039 0.92354
8378.09961 0.9237
8381.20020 0.92316
8384.29980 0.92261
8387.50000 0.92224
8390.59961 0.92245
8393.70020 0.92259
8396.79980 0.92232
8400.00000 0.92144
8403.09961 0.92147
8406.20020 0.91968
8409.29980 0.91788
8412.50000 0.91752
8415.59961 0.91722
8418.70020 0.91679
8421.79980 0.91768
8425.00000 0.91816
8428.09961 0.91754
8431.20020 0.91696
8434.29980 0.91543
8437.40039 0.91459
8440.59961 0.91417
8443.70020 0.91423
8446.79980 0.91442
8449.90039 0.91337
8453.00000 0.91268
8456.20020 0.91132
8459.29980 0.91096
8462.40039 0.91066
8465.50000 0.91148
8468.59961 0.91172
8471.70020 0.9119
8474.90039 0.9114
8478.00000 0.91126
8481.09961 0.91166
8484.20020 0.91064
8487.29980 0.91098
8490.40039 0.91063
8493.50000 0.90933
8496.59961 0.90861
8499.79980 0.90978
8502.90039 0.91006
8506.00000 0.90993
8509.09961 0.91084
8512.20020 0.91158
8515.29980 0.91135
8518.40039 0.91148
8521.50000 0.91196
8524.59961 0.91207
8527.70020 0.91174
8530.90039 0.91173
8534.00000 0.91195
8537.09961 0.91224
8540.20020 0.91247
8543.29980 0.91305
8546.40039 0.91387
8549.50000 0.91376
8552.59961 0.9142
8555.70020 0.91452
8558.79980 0.91441
8561.90039 0.91465
8565.00000 0.91502
8568.09961 0.91542
8571.20020 0.91566
8574.29980 0.91613
8577.40039 0.91677
8580.50000 0.91679
8583.59961 0.91753
8586.70020 0.91792
8589.79980 0.91863
8592.90039 0.9185
8596.00000 0.9197
8599.09961 0.92082
8602.20020 0.92214
8605.29980 0.92313
8608.40039 0.92371
8611.50000 0.92494
8614.59961 0.92485
8617.70020 0.92578
8620.79980 0.9264
8623.90039 0.92754
8627.00000 0.92776
8630.09961 0.92907
8633.20020 0.92969
8636.20020 0.9307
8639.29980 0.93139
8642.40039 0.93206
8645.50000 0.9328
8648.59961 0.933
8651.70020 0.93289
8654.79980 0.93401
8657.90039 0.93398
8661.00000 0.93415
8664.09961 0.93464
8667.09961 0.93563
8670.20020 0.93642
8673.29980 0.93773
8676.40039 0.93807
8679.50000 0.93895
8682.59961 0.93904
8685.70020 0.93908
8688.79980 0.93983
8691.79980 0.9407
8694.90039 0.94038
8698.00000 0.94154
8701.09961 0.94182
8704.20020 0.94144
8707.29980 0.94119
8710.29980 0.94152
8713.40039 0.94137
8716.50000 0.94125
8719.59961 0.94148
8722.70020 0.94124
8725.70020 0.94109
8728.79980 0.94038
8731.90039 0.93961
8735.00000 0.93907
8738.09961 0.93826
8741.09961 0.93735
