threeML/data/optical_filters/LCO/IMACS-GG495.ecsv
# %ECSV 0.9
# ---
# datatype:
# - {name: wavelength, unit: Angstrom, datatype: float32}
# - {name: response, datatype: float32}
# meta: !!omap
# - {band_name: GG495}
# - {group_name: IMACS}
wavelength response
[from data line 896]
6956.00000 0.9734
6959.00000 0.9729
6963.00000 0.9727
6966.00000 0.9725
6969.00000 0.9726
6973.00000 0.9727
6976.00000 0.9726
6979.00000 0.9725
6983.00000 0.9722
6986.00000 0.9717
6989.00000 0.9719
6993.00000 0.9719
6996.00000 0.9719
6999.00000 0.972
7003.00000 0.9723
7006.00000 0.9715
7009.00000 0.9718
7013.00000 0.9715
7016.00000 0.9711
7019.00000 0.9706
7022.00000 0.9706
7026.00000 0.9705
7029.00000 0.971
7032.00000 0.9716
7036.00000 0.9716
7039.00000 0.9712
7042.00000 0.9709
7046.00000 0.9703
7049.00000 0.9696
7052.00000 0.9698
7056.00000 0.9703
7059.00000 0.9709
7062.00000 0.9712
7065.00000 0.9718
7069.00000 0.9713
7072.00000 0.9708
7075.00000 0.9703
7079.00000 0.9698
7082.00000 0.9687
7085.00000 0.9694
7089.00000 0.9693
7092.00000 0.9689
7095.00000 0.9689
7099.00000 0.9692
7102.00000 0.9683
7105.00000 0.9679
7108.00000 0.9679
7112.00000 0.9681
7115.00000 0.9681
7118.00000 0.9685
7122.00000 0.9688
7125.00000 0.9689
7128.00000 0.9685
7132.00000 0.9683
7135.00000 0.968
7138.00000 0.9676
7141.00000 0.9673
7145.00000 0.9672
7148.00000 0.967
7151.00000 0.9667
7155.00000 0.9667
7158.00000 0.9667
7161.00000 0.967
7164.00000 0.9673
7168.00000 0.9674
7171.00000 0.967
7174.00000 0.9669
7178.00000 0.9666
7181.00000 0.9661
7184.00000 0.9657
7188.00000 0.9658
7191.00000 0.9657
7194.00000 0.9654
7197.00000 0.9659
7201.00000 0.9658
7204.00000 0.966
7207.00000 0.9661
7211.00000 0.9657
7214.00000 0.9651
7217.00000 0.9651
7220.00000 0.9649
7224.00000 0.9653
7227.00000 0.9656
7230.00000 0.9658
7234.00000 0.9662
7237.00000 0.9661
7240.00000 0.9658
7243.00000 0.9655
7247.00000 0.9656
7250.00000 0.9648
7253.00000 0.9644
7257.00000 0.9642
7260.00000 0.9638
7263.00000 0.9632
7266.00000 0.964
7270.00000 0.9642
7273.00000 0.9644
7276.00000 0.965
7279.00000 0.9651
7283.00000 0.965
7286.00000 0.9654
7289.00000 0.965
7293.00000 0.9647
7296.00000 0.9649
7299.00000 0.9647
7302.00000 0.9643
7306.00000 0.9637
7309.00000 0.9635
7312.00000 0.963
7315.00000 0.963
7319.00000 0.9626
7322.00000 0.9628
7325.00000 0.9627
7329.00000 0.9625
7332.00000 0.9625
7335.00000 0.9626
7338.00000 0.9627
7342.00000 0.9623
7345.00000 0.9626
7348.00000 0.9626
7351.00000 0.9628
7355.00000 0.9631
7358.00000 0.9636
7361.00000 0.9636
7365.00000 0.9632
7368.00000 0.9628
7371.00000 0.962
7374.00000 0.9619
7378.00000 0.9617
7381.00000 0.9611
7384.00000 0.9615
7387.00000 0.9618
7391.00000 0.9617
7394.00000 0.9614
7397.00000 0.9617
7400.00000 0.9607
7404.00000 0.9604
7407.00000 0.9601
7410.00000 0.9598
7413.00000 0.9599
7417.00000 0.9596
7420.00000 0.9589
7423.00000 0.9593
7427.00000 0.9596
7430.00000 0.9594
7433.00000 0.9602
7436.00000 0.9605
7440.00000 0.9602
7443.00000 0.9603
7446.00000 0.9602
7449.00000 0.959
7453.00000 0.9589
7456.00000 0.9585
7459.00000 0.9582
7462.00000 0.9584
7466.00000 0.9584
7469.00000 0.9583
7472.00000 0.9586
7475.00000 0.9578
7479.00000 0.9574
7482.00000 0.9577
7485.00000 0.9575
7488.00000 0.9572
7492.00000 0.9577
7495.00000 0.9577
7498.00000 0.9578
7501.00000 0.958
7505.00000 0.9582
7508.00000 0.9581
7511.00000 0.9581
7514.00000 0.9579
7518.00000 0.9576
7521.00000 0.9574
7524.00000 0.9573
7527.00000 0.9571
7531.00000 0.9568
7534.00000 0.9567
7537.00000 0.9565
7540.00000 0.9563
7544.00000 0.9563
7547.00000 0.9568
7550.00000 0.9566
7553.00000 0.9563
7556.00000 0.956
7560.00000 0.9558
7563.00000 0.956
7566.00000 0.9566
7569.00000 0.9567
7573.00000 0.957
7576.00000 0.9567
7579.00000 0.9564
7582.00000 0.9561
7586.00000 0.9553
7589.00000 0.9554
7592.00000 0.955
7595.00000 0.9539
7599.00000 0.9532
7602.00000 0.9532
7605.00000 0.9533
7608.00000 0.9537
7612.00000 0.9546
7615.00000 0.9554
7618.00000 0.9556
7621.00000 0.9552
7624.00000 0.9552
7628.00000 0.9552
7631.00000 0.9547
7634.00000 0.955
7637.00000 0.9547
7641.00000 0.9545
7644.00000 0.9545
7647.00000 0.9545
7650.00000 0.9547
7654.00000 0.9546
7657.00000 0.9545
7660.00000 0.954
7663.00000 0.9543
7666.00000 0.9541
7670.00000 0.9538
7673.00000 0.9541
7676.00000 0.9537
7679.00000 0.9533
7683.00000 0.9532
7686.00000 0.953
7689.00000 0.9524
7692.00000 0.9532
7695.00000 0.9533
7699.00000 0.9534
7702.00000 0.9537
7705.00000 0.9542
7708.00000 0.9534
7712.00000 0.9525
7715.00000 0.9526
7718.00000 0.953
7721.00000 0.953
7724.00000 0.9537
7728.00000 0.9541
7731.00000 0.954
7734.00000 0.9535
7737.00000 0.9533
7741.00000 0.9524
7744.00000 0.9524
7747.00000 0.9519
7750.00000 0.9519
7753.00000 0.952
7757.00000 0.9525
7760.00000 0.9524
7763.00000 0.952
7766.00000 0.9514
7769.00000 0.9507
7773.00000 0.9504
7776.00000 0.9499
7779.00000 0.9492
7782.00000 0.9498
7785.00000 0.9499
7789.00000 0.9493
7792.00000 0.9499
7795.00000 0.951
7798.00000 0.9506
7802.00000 0.9508
7805.00000 0.9507
7808.00000 0.9501
7811.00000 0.9499
7814.00000 0.9499
7818.00000 0.9496
7821.00000 0.9501
7824.00000 0.9507
7827.00000 0.9507
7830.00000 0.9508
7834.00000 0.9515
7837.00000 0.951
7840.00000 0.9507
7843.00000 0.9513
7846.00000 0.9514
7850.00000 0.9509
7853.00000 0.9514
7856.00000 0.9506
7859.00000 0.9501
7862.00000 0.9499
7866.00000 0.9496
7869.00000 0.9494
7872.00000 0.95
7875.00000 0.9498
7878.00000 0.9497
7882.00000 0.9495
7885.00000 0.9498
7888.00000 0.9501
7891.00000 0.9499
7894.00000 0.9498
7898.00000 0.9499
7901.00000 0.9494
7904.00000 0.9481
7907.00000 0.9489
7910.00000 0.9489
7914.00000 0.9487
7917.00000 0.9487
7920.00000 0.9496
7923.00000 0.9484
7926.00000 0.9484
7929.00000 0.9484
7933.00000 0.9486
7936.00000 0.9489
7939.00000 0.9495
7942.00000 0.95
7945.00000 0.9501
7949.00000 0.9507
7952.00000 0.9502
7955.00000 0.9498
7958.00000 0.9491
7961.00000 0.9488
7965.00000 0.9481
7968.00000 0.9477
7971.00000 0.947
7974.00000 0.9476
7977.00000 0.9477
7980.00000 0.9477
7984.00000 0.947
7987.00000 0.9472
7990.00000 0.947
7993.00000 0.9469
7996.00000 0.9468
8000.00000 0.9473
8003.00000 0.9481
8006.00000 0.9484
8009.00000 0.9487
8012.00000 0.9491
8015.00000 0.9493
8019.00000 0.9494
8022.00000 0.9492
8025.00000 0.9491
8028.00000 0.9479
8031.00000 0.9468
8035.00000 0.9463
8038.00000 0.9457
8041.00000 0.9452
8044.00000 0.9455
8047.00000 0.9466
8050.00000 0.9468
8054.00000 0.9471
8057.00000 0.9478
8060.00000 0.9486
8063.00000 0.9484
8066.00000 0.9481
8069.00000 0.948
8073.00000 0.9477
8076.00000 0.9476
8079.00000 0.9478
8082.00000 0.9476
8085.00000 0.9474
8088.00000 0.9464
8092.00000 0.9456
8095.00000 0.9453
8098.00000 0.9455
8101.00000 0.9455
8104.00000 0.9464
8107.00000 0.9471
8111.00000 0.9471
8114.00000 0.9469
8117.00000 0.9473
8120.00000 0.9469
8123.00000 0.9464
8126.00000 0.9461
8130.00000 0.946
8133.00000 0.9462
8136.00000 0.9466
8139.00000 0.9465
8142.00000 0.9464
8145.00000 0.947
8149.00000 0.9466
8152.00000 0.9463
8155.00000 0.9457
8158.00000 0.9462
8161.00000 0.9461
8164.00000 0.9453
8168.00000 0.9459
8171.00000 0.9464
8174.00000 0.9465
8177.00000 0.9475
8180.00000 0.9472
8183.00000 0.9467
8186.00000 0.9468
8190.00000 0.9461
8193.00000 0.945
8196.00000 0.9456
8199.00000 0.9454
8202.00000 0.9459
8205.00000 0.9462
8209.00000 0.9464
8212.00000 0.9466
8215.00000 0.9471
8218.00000 0.9466
8221.00000 0.9468
8224.00000 0.9467
8227.00000 0.9466
8231.00000 0.9458
8234.00000 0.9451
8237.00000 0.9449
8240.00000 0.9442
8243.00000 0.9437
8246.00000 0.9435
8249.00000 0.944
8253.00000 0.9442
8256.00000 0.9445
8259.00000 0.9455
8262.00000 0.9464
8265.00000 0.9468
8268.00000 0.9466
8272.00000 0.9464
8275.00000 0.9459
8278.00000 0.945
8281.00000 0.9451
8284.00000 0.9453
8287.00000 0.9455
8290.00000 0.9453
8294.00000 0.9461
8297.00000 0.9455
8300.00000 0.9454
8303.00000 0.9457
8306.00000 0.9459
8309.00000 0.945
8312.00000 0.9461
8315.00000 0.9458
8319.00000 0.9453
8322.00000 0.9445
8325.00000 0.9448
8328.00000 0.9437
8331.00000 0.9436
8334.00000 0.9432
8337.00000 0.9433
8341.00000 0.9426
8344.00000 0.9422
8347.00000 0.9422
8350.00000 0.9431
8353.00000 0.9438
8356.00000 0.9446
8359.00000 0.9456
8362.00000 0.9461
8366.00000 0.9456
8369.00000 0.945
8372.00000 0.9453
8375.00000 0.9453
8378.00000 0.9445
8381.00000 0.9448
8384.00000 0.9455
8388.00000 0.9452
8391.00000 0.9454
8394.00000 0.9461
8397.00000 0.9462
8400.00000 0.9455
8403.00000 0.9449
8406.00000 0.9443
8409.00000 0.9434
8413.00000 0.9426
8416.00000 0.9431
8419.00000 0.9426
8422.00000 0.9428
8425.00000 0.9437
8428.00000 0.9446
8431.00000 0.9444
8434.00000 0.9454
8437.00000 0.9456
8441.00000 0.9452
8444.00000 0.9444
8447.00000 0.9437
8450.00000 0.9437
8453.00000 0.9434
8456.00000 0.9438
8459.00000 0.944
8462.00000 0.944
8466.00000 0.9436
8469.00000 0.9426
8472.00000 0.9418
8475.00000 0.9414
8478.00000 0.942
8481.00000 0.9425
8484.00000 0.9436
8487.00000 0.9439
8490.00000 0.9447
8494.00000 0.9447
8497.00000 0.9446
8500.00000 0.9445
8503.00000 0.9443
8506.00000 0.9439
8509.00000 0.944
8512.00000 0.9444
8515.00000 0.9448
8518.00000 0.9454
8522.00000 0.9459
8525.00000 0.9459
8528.00000 0.9453
8531.00000 0.9446
8534.00000 0.9446
8537.00000 0.9443
8540.00000 0.944
8543.00000 0.9444
8546.00000 0.944
8550.00000 0.9432
8553.00000 0.9433
8556.00000 0.9441
8559.00000 0.9439
8562.00000 0.9443
8565.00000 0.9446
8568.00000 0.9441
8571.00000 0.9435
8574.00000 0.9434
8577.00000 0.9441
8581.00000 0.9447
8584.00000 0.9447
8587.00000 0.9445
8590.00000 0.9444
8593.00000 0.9436
8596.00000 0.943
8599.00000 0.9436
8602.00000 0.944
8605.00000 0.9443
8608.00000 0.9449
8612.00000 0.9452
8615.00000 0.9449
8618.00000 0.9449
8621.00000 0.9445
8624.00000 0.9438
8627.00000 0.9431
8630.00000 0.9434
8633.00000 0.9433
8636.00000 0.9436
8639.00000 0.9445
8642.00000 0.9446
8646.00000 0.9444
8649.00000 0.9443
8652.00000 0.9442
8655.00000 0.9439
8658.00000 0.9442
8661.00000 0.9443
8664.00000 0.9445
8667.00000 0.9444
8670.00000 0.9437
8673.00000 0.9438
8676.00000 0.9429
8680.00000 0.9422
8683.00000 0.9427
8686.00000 0.9434
8689.00000 0.9438
8692.00000 0.9442
8695.00000 0.9445
8698.00000 0.9445
8701.00000 0.9442
8704.00000 0.9446
8707.00000 0.9451
8710.00000 0.945
8713.00000 0.9451
8717.00000 0.9449
8720.00000 0.9442
8723.00000 0.9438
8726.00000 0.9444
8729.00000 0.944
8732.00000 0.9444
8735.00000 0.9444
8738.00000 0.9445
8741.00000 0.9444
8744.00000 0.9445
8747.00000 0.9438
8750.00000 0.9438
8753.00000 0.9439
8757.00000 0.9434
8760.00000 0.9428
8763.00000 0.9431
8766.00000 0.9424
8769.00000 0.9416
8772.00000 0.9409
8775.00000 0.9411
8778.00000 0.941
8781.00000 0.9415
8784.00000 0.9418
8787.00000 0.9429
8790.00000 0.9425
8793.00000 0.9431
8797.00000 0.9426
8800.00000 0.9425
8803.00000 0.9421
8806.00000 0.9423
8809.00000 0.9425
8812.00000 0.9429
8815.00000 0.9425
8818.00000 0.9418
8821.00000 0.9422
8824.00000 0.9408
8827.00000 0.9402
8830.00000 0.9407
8833.00000 0.9415
8836.00000 0.941
8839.00000 0.9411
8843.00000 0.9418
8846.00000 0.9415
8849.00000 0.9412
8852.00000 0.9419
8855.00000 0.9427
8858.00000 0.9424
8861.00000 0.9438
8864.00000 0.944
8867.00000 0.9443
8870.00000 0.9443
8873.00000 0.945
8876.00000 0.9442
8879.00000 0.9451
8882.00000 0.9444
8885.00000 0.9437
8888.00000 0.9428
8891.00000 0.9428
8895.00000 0.9428
8898.00000 0.9421
8901.00000 0.9424
8904.00000 0.9427
8907.00000 0.9427
8910.00000 0.9418
8913.00000 0.9427
8916.00000 0.9435
8919.00000 0.9429
8922.00000 0.9433
8925.00000 0.9426
8928.00000 0.9421
8931.00000 0.9404
8934.00000 0.9413
8937.00000 0.941
8940.00000 0.9411
8943.00000 0.9414
8946.00000 0.9425
8949.00000 0.9419
8953.00000 0.9413
8956.00000 0.9422
8959.00000 0.9418
8962.00000 0.9414
8965.00000 0.9405
8968.00000 0.9413
8971.00000 0.9412
8974.00000 0.9412
8977.00000 0.9413
8980.00000 0.9421
8983.00000 0.9407
8986.00000 0.94
8989.00000 0.9405
8992.00000 0.9406
8995.00000 0.9399
8998.00000 0.9413
9001.00000 0.9406
9004.00000 0.9409
9007.00000 0.9415
9010.00000 0.9423
9013.00000 0.9413
9016.00000 0.9428
9019.00000 0.9425
9022.00000 0.9417
9026.00000 0.9411
9029.00000 0.9409
9032.00000 0.9397
9035.00000 0.9395
9038.00000 0.9388
9041.00000 0.9397
9044.00000 0.9396
9047.00000 0.9401
9050.00000 0.9395
9053.00000 0.94
9056.00000 0.94
9059.00000 0.9412
9062.00000 0.9419
9065.00000 0.9426
9068.00000 0.942
9071.00000 0.9416
9074.00000 0.9415
9077.00000 0.9414
9080.00000 0.9421
9083.00000 0.9437
9086.00000 0.9451
9089.00000 0.9449
9092.00000 0.9433
9095.00000 0.9437
9098.00000 0.9433
9101.00000 0.9421
9104.00000 0.9422
9107.00000 0.9428
9110.00000 0.9417
9113.00000 0.9411
9116.00000 0.9425
9119.00000 0.9428
9122.00000 0.9434
9126.00000 0.9436
9129.00000 0.9433
9132.00000 0.9417
9135.00000 0.9413
9138.00000 0.9409
9141.00000 0.9407
9144.00000 0.941
9147.00000 0.941
9150.00000 0.9409
9153.00000 0.9416
9156.00000 0.9413
9159.00000 0.9402
9162.00000 0.9405
9165.00000 0.9401
9168.00000 0.9399
9171.00000 0.9403
9174.00000 0.9403
9177.00000 0.9392
9180.00000 0.9388
9183.00000 0.9393
9186.00000 0.9387
9189.00000 0.9394
9192.00000 0.9397
9195.00000 0.9408
9198.00000 0.9392
9201.00000 0.9398
9204.00000 0.9401
9207.00000 0.9403
9210.00000 0.9392
9213.00000 0.94
9216.00000 0.9397
9219.00000 0.9391
9222.00000 0.9402
9225.00000 0.9406
9228.00000 0.9409
9231.00000 0.9403
9234.00000 0.9399
9237.00000 0.9387
9240.00000 0.9384
9243.00000 0.9385
9246.00000 0.9398
9249.00000 0.9411
9252.00000 0.9421
9255.00000 0.943
9258.00000 0.9429
9261.00000 0.9424
9264.00000 0.9417
9267.00000 0.9418
9270.00000 0.941
9273.00000 0.9397
9276.00000 0.9399
9279.00000 0.9393
9282.00000 0.9377
9285.00000 0.937
9288.00000 0.9386
9291.00000 0.9385
9294.00000 0.9393
9297.00000 0.9407
9300.00000 0.9412
9303.00000 0.9403
9306.00000 0.9395
9309.00000 0.9396
9312.00000 0.9397
9315.00000 0.9403
9318.00000 0.9405
9321.00000 0.941
9324.00000 0.941
9327.00000 0.9404
9330.00000 0.9406
9333.00000 0.9408
9336.00000 0.9412
9339.00000 0.9393
9342.00000 0.9389
9345.00000 0.9379
9348.00000 0.9384
9351.00000 0.938
9354.00000 0.9398
9357.00000 0.9394
9360.00000 0.9386
9363.00000 0.937
9366.00000 0.9356
9369.00000 0.9352
9372.00000 0.9368
9375.00000 0.937
9378.00000 0.9394
9381.00000 0.9416
9384.00000 0.9412
9387.00000 0.9383
9390.00000 0.9397
9393.00000 0.9378
9396.00000 0.9346
9399.00000 0.9355
9402.00000 0.9364
9405.00000 0.9349
9408.00000 0.9347
9411.00000 0.9359
9414.00000 0.9357
9417.00000 0.9372
9420.00000 0.9387
9423.00000 0.9381
9426.00000 0.9396
9429.00000 0.9418
9432.00000 0.9416
9435.00000 0.9422
9438.00000 0.9419
9441.00000 0.9422
9443.00000 0.9414
9446.00000 0.9432
9449.00000 0.9425
9452.00000 0.9431
9455.00000 0.9435
9458.00000 0.943
9461.00000 0.94
9464.00000 0.94
9467.00000 0.9419
9470.00000 0.9422
9473.00000 0.9411
9476.00000 0.9438
9479.00000 0.9441
9482.00000 0.941
9485.00000 0.9387
9488.00000 0.9384
9491.00000 0.9361
9494.00000 0.9355
9497.00000 0.9358
9500.00000 0.9354
9503.00000 0.9347
9506.00000 0.9343
9509.00000 0.9343
9512.00000 0.9351
9515.00000 0.9355
9518.00000 0.9372
9521.00000 0.937
9524.00000 0.9363
9527.00000 0.9386
9530.00000 0.9377
9533.00000 0.9366
9536.00000 0.9383
9539.00000 0.9401
9541.00000 0.9394
9544.00000 0.9407
9547.00000 0.9413
9550.00000 0.9409
9553.00000 0.9388
9556.00000 0.9378
9559.00000 0.9387
9562.00000 0.9387
9565.00000 0.9385
9568.00000 0.9387
9571.00000 0.9381
9574.00000 0.9379
9577.00000 0.9391
9580.00000 0.9406
9583.00000 0.9411
9586.00000 0.9432
9589.00000 0.9424
9592.00000 0.9423
9595.00000 0.9426
9598.00000 0.9436
9601.00000 0.9417
9604.00000 0.9421
9607.00000 0.941
9609.00000 0.9385
9612.00000 0.9373
9615.00000 0.937
9618.00000 0.9363
9621.00000 0.9356
9624.00000 0.936
9627.00000 0.9351
9630.00000 0.9341
9633.00000 0.9334
9636.00000 0.9343
9639.00000 0.9357
9642.00000 0.9367
9645.00000 0.938
9648.00000 0.9396
9651.00000 0.9385
9654.00000 0.9369
9657.00000 0.9371
9660.00000 0.9366
9663.00000 0.9357
9666.00000 0.9358
9668.00000 0.9357
9671.00000 0.9359
9674.00000 0.937
9677.00000 0.9373
9680.00000 0.9377
9683.00000 0.9369
9686.00000 0.9359
9689.00000 0.9348
9692.00000 0.936
9695.00000 0.9365
9698.00000 0.9368
9701.00000 0.9368
9704.00000 0.9381
9707.00000 0.9376
9710.00000 0.9363
9713.00000 0.9368
9715.00000 0.9364
9718.00000 0.9358
9721.00000 0.9366
9724.00000 0.937
9727.00000 0.9363
9730.00000 0.9367
9733.00000 0.9363
9736.00000 0.9349
9739.00000 0.9357
9742.00000 0.937
9745.00000 0.9376
