threeML/data/optical_filters/LCO/IMACS-Z1_430.ecsv
# %ECSV 0.9
# ---
# datatype:
# - {name: wavelength, unit: Angstrom, datatype: float32}
# - {name: response, datatype: float32}
# meta: !!omap
# - {band_name: Z1_430}
# - {group_name: IMACS}
wavelength response
[from data line 896]
5492.00000 0.952
5494.00000 0.9512
5495.00000 0.9508
5496.00000 0.9496
5498.00000 0.9486
5499.00000 0.9489
5501.00000 0.9515
5502.00000 0.9534
5503.00000 0.954
5505.00000 0.9546
5506.00000 0.9552
5507.00000 0.9515
5509.00000 0.9514
5510.00000 0.9502
5512.00000 0.9492
5513.00000 0.9483
5514.00000 0.9507
5516.00000 0.9508
5517.00000 0.9517
5518.00000 0.9523
5520.00000 0.9522
5521.00000 0.9523
5522.00000 0.9535
5524.00000 0.952
5525.00000 0.9524
5527.00000 0.9525
5528.00000 0.9517
5529.00000 0.9475
5531.00000 0.9487
5532.00000 0.9495
5533.00000 0.952
5535.00000 0.9523
5536.00000 0.9539
5537.00000 0.9548
5539.00000 0.9542
5540.00000 0.9502
5542.00000 0.9491
5543.00000 0.9496
5544.00000 0.9504
5546.00000 0.9497
5547.00000 0.9519
5548.00000 0.9521
5550.00000 0.9533
5551.00000 0.9534
5552.00000 0.9554
5554.00000 0.9544
5555.00000 0.9551
5557.00000 0.9536
5558.00000 0.9524
5559.00000 0.9521
5561.00000 0.952
5562.00000 0.9508
5563.00000 0.9488
5565.00000 0.9474
5566.00000 0.9457
5567.00000 0.9429
5569.00000 0.9432
5570.00000 0.9439
5572.00000 0.9464
5573.00000 0.9472
5574.00000 0.9528
5576.00000 0.9554
5577.00000 0.9577
5578.00000 0.9555
5580.00000 0.9546
5581.00000 0.952
5582.00000 0.9511
5584.00000 0.9498
5585.00000 0.9498
5586.00000 0.9495
5588.00000 0.9497
5589.00000 0.9478
5591.00000 0.9491
5592.00000 0.9496
5593.00000 0.95
5595.00000 0.9489
5596.00000 0.9489
5597.00000 0.9464
5599.00000 0.9502
5600.00000 0.9508
5601.00000 0.9524
5603.00000 0.9563
5604.00000 0.9597
5605.00000 0.9554
5607.00000 0.9565
5608.00000 0.9561
5609.00000 0.9534
5611.00000 0.9502
5612.00000 0.9483
5614.00000 0.9448
5615.00000 0.9453
5616.00000 0.9457
5618.00000 0.949
5619.00000 0.9528
5620.00000 0.9535
5622.00000 0.955
5623.00000 0.9539
5624.00000 0.9517
5626.00000 0.9508
5627.00000 0.9505
5628.00000 0.9523
5630.00000 0.9571
5631.00000 0.9579
5632.00000 0.9594
5634.00000 0.9629
5635.00000 0.9622
5636.00000 0.9587
5638.00000 0.9572
5639.00000 0.9538
5641.00000 0.9497
5642.00000 0.9525
5643.00000 0.9492
5645.00000 0.9501
5646.00000 0.9509
5647.00000 0.9551
5649.00000 0.9479
5650.00000 0.9483
5651.00000 0.9468
5653.00000 0.9493
5654.00000 0.9469
5655.00000 0.9522
5657.00000 0.9556
5658.00000 0.9605
5659.00000 0.9641
5661.00000 0.9698
5662.00000 0.9698
5663.00000 0.9696
5665.00000 0.965
5666.00000 0.9571
5667.00000 0.95
5669.00000 0.948
5670.00000 0.9477
5671.00000 0.9556
5673.00000 0.9592
5674.00000 0.9651
5675.00000 0.9616
5677.00000 0.9612
5678.00000 0.9527
5679.00000 0.9537
5681.00000 0.9492
5682.00000 0.9522
5684.00000 0.9526
5685.00000 0.9574
5686.00000 0.9624
5688.00000 0.9717
5689.00000 0.9735
5690.00000 0.9768
5692.00000 0.9795
5693.00000 0.9794
5694.00000 0.9742
5696.00000 0.9739
5697.00000 0.9694
5698.00000 0.9637
5700.00000 0.9554
6002.50000 0.95798
6005.89990 0.95813
6009.29980 0.95771
6012.79980 0.95766
6016.20020 0.95781
6019.70020 0.9577
6023.10010 0.95796
6026.60010 0.95776
6030.00000 0.95755
6033.39990 0.9568
6036.89990 0.95656
6040.29980 0.95624
6043.70020 0.95602
6047.20020 0.95631
6050.60010 0.95644
6054.10010 0.95607
6057.50000 0.95579
6060.89990 0.95587
6064.39990 0.95577
6067.79980 0.95668
6071.20020 0.95742
6074.70020 0.95743
6078.10010 0.95789
6081.50000 0.95839
6085.00000 0.95908
6088.39990 0.95911
6091.79980 0.95989
6095.29980 0.95989
6098.70020 0.95985
6102.10010 0.95922
6105.60010 0.95894
6109.00000 0.95864
6112.39990 0.95915
6115.79980 0.95912
6119.29980 0.95894
6122.70020 0.95923
6126.10010 0.95958
6129.60010 0.95919
6133.00000 0.95911
6136.39990 0.95944
6139.79980 0.96005
6143.29980 0.96065
6146.70020 0.96071
6150.10010 0.96096
6153.50000 0.96164
6157.00000 0.96186
6160.39990 0.96107
6163.79980 0.96249
6167.20020 0.96306
6170.60010 0.96291
6174.10010 0.9636
6177.50000 0.96425
6180.89990 0.96425
6184.29980 0.96482
6187.79980 0.96539
6191.20020 0.96581
6194.60010 0.96659
6198.00000 0.96649
6201.39990 0.96636
6204.79980 0.96667
6208.29980 0.96647
6211.70020 0.96686
6215.10010 0.96738
6218.50000 0.96832
6221.89990 0.96933
6225.29980 0.96978
6228.79980 0.96978
6232.20020 0.97043
6235.60010 0.97063
6239.00000 0.97018
6242.39990 0.97057
6245.79980 0.97091
6249.20020 0.97109
6252.60010 0.97139
6256.10010 0.97184
6259.50000 0.97182
6262.89990 0.97212
6266.29980 0.97237
6269.70020 0.97222
6273.10010 0.97264
6276.50000 0.97324
6279.89990 0.9741
6283.29980 0.97435
6286.70020 0.9747
6290.10010 0.97464
6293.50000 0.97384
6297.00000 0.97308
6300.39990 0.97272
6303.79980 0.97252
6307.20020 0.97268
6310.60010 0.97313
6314.00000 0.97376
6317.39990 0.97388
6320.79980 0.97417
6324.20020 0.97427
6327.60010 0.97448
6331.00000 0.97404
6334.39990 0.97338
6337.79980 0.97363
6341.20020 0.97322
6344.60010 0.97269
6348.00000 0.97231
6351.39990 0.97237
6354.79980 0.9715
6358.20020 0.97177
6361.60010 0.97165
6365.00000 0.97117
6368.39990 0.9711
6371.79980 0.97139
6375.20020 0.97064
6378.60010 0.97062
6382.00000 0.97101
6385.39990 0.97101
6388.70020 0.97058
6392.10010 0.97021
6395.50000 0.97034
6398.89990 0.97048
6402.29980 0.97082
6405.70020 0.97103
6409.10010 0.97191
6412.50000 0.97241
6415.89990 0.97301
6419.29980 0.97315
6422.70020 0.97325
6426.10010 0.97307
6429.39990 0.97332
6432.79980 0.97348
6436.20020 0.97367
6439.60010 0.97422
6443.00000 0.97499
6446.39990 0.97513
6449.79980 0.97582
6453.20020 0.97604
6456.50000 0.97579
6459.89990 0.9761
6463.29980 0.97621
6466.70020 0.97582
6470.10010 0.97615
6473.50000 0.97676
6476.79980 0.97689
6480.20020 0.97716
6483.60010 0.97751
6487.00000 0.97782
6490.39990 0.97797
6493.79980 0.97794
6497.10010 0.97835
6500.50000 0.97788
6503.89990 0.97719
6507.29980 0.97689
6510.60010 0.97612
6514.00000 0.9753
6517.39990 0.97527
6520.79980 0.97503
6524.20020 0.97457
6527.50000 0.97467
6530.89990 0.97397
6534.29980 0.9735
6537.70020 0.97304
6541.00000 0.9723
6544.39990 0.97174
6547.79980 0.97119
6551.20020 0.97012
6554.50000 0.96904
6557.89990 0.96832
6561.29980 0.96683
6564.60010 0.96603
6568.00000 0.96488
6571.39990 0.96408
6574.79980 0.96264
6578.10010 0.96194
6581.50000 0.96021
6584.89990 0.95871
6588.20020 0.95706
6591.60010 0.95583
6595.00000 0.95404
6598.29980 0.95313
6601.70020 0.952
6605.10010 0.94969
6608.39990 0.94783
6611.79980 0.94663
6615.20020 0.94451
6618.50000 0.94243
6621.89990 0.94155
6625.29980 0.94029
6628.60010 0.93901
6632.00000 0.93789
6635.29980 0.93679
6638.70020 0.93579
6642.10010 0.93409
6645.39990 0.93221
6648.79980 0.93068
6652.10010 0.92905
6655.50000 0.92808
6658.89990 0.92733
6662.20020 0.92628
6665.60010 0.92537
6668.89990 0.92444
6672.29980 0.92233
6675.70020 0.92048
6679.00000 0.91835
6682.39990 0.91597
6685.70020 0.91273
6689.10010 0.9104
6692.39990 0.90779
6695.79980 0.90498
6699.10010 0.90209
6702.50000 0.89965
6705.89990 0.89596
6709.20020 0.89217
6712.60010 0.88765
6715.89990 0.88266
6719.29980 0.87752
6722.60010 0.87191
6726.00000 0.86526
6729.29980 0.85802
6732.70020 0.85
6736.00000 0.84106
6739.39990 0.83153
6742.70020 0.82139
6746.10010 0.8104
6749.39990 0.79829
6752.79980 0.78549
6756.10010 0.77165
6759.39990 0.75656
6762.79980 0.74047
6766.10010 0.72395
6769.50000 0.70638
6772.79980 0.6881
6776.20020 0.6691
6779.50000 0.64968
6782.89990 0.62933
6786.20020 0.60879
6789.50000 0.58769
6792.89990 0.5662
6796.20020 0.54487
6799.60010 0.52359
6802.89990 0.50196
6806.20020 0.48018
6809.60010 0.459
6812.89990 0.43773
6816.29980 0.41667
6819.60010 0.39617
6822.89990 0.37595
6826.29980 0.35664
6829.60010 0.33805
6833.00000 0.31996
6836.29980 0.30236
6839.60010 0.28576
6843.00000 0.26992
6846.29980 0.25466
6849.60010 0.24022
6853.00000 0.22665
6856.29980 0.21383
6859.60010 0.20161
6863.00000 0.18997
6866.29980 0.17889
6869.60010 0.16825
6873.00000 0.15835
6876.29980 0.14901
6879.60010 0.14028
6883.00000 0.13223
6886.29980 0.12465
6889.60010 0.11735
6892.89990 0.11055
6896.29980 0.10429
6899.60010 0.09823
6902.89990 0.09265
6906.20020 0.08748
6909.60010 0.08271
6912.89990 0.07796
6916.20020 0.0738
6919.60010 0.0697
6922.89990 0.06587
6926.20020 0.06217
6929.50000 0.05892
6932.89990 0.05584
6936.20020 0.05295
6939.50000 0.05014
6942.79980 0.04754
6946.10010 0.04512
6949.50000 0.04249
6952.79980 0.0403
6956.10010 0.03827
6959.39990 0.03636
6962.70020 0.03463
6966.10010 0.03301
6969.39990 0.03119
6972.70020 0.02967
6976.00000 0.02826
6979.29980 0.02672
6982.70020 0.02545
6986.00000 0.0245
6989.29980 0.0233
6992.60010 0.02215
6995.89990 0.02101
6999.20020 0.02007
7002.50000 0.01916
7005.89990 0.01842
7009.20020 0.01766
7012.50000 0.01693
7015.79980 0.016
7019.10010 0.0151
7022.39990 0.01444
7025.70020 0.01412
7029.00000 0.01387
7032.39990 0.01335
7035.70020 0.01274
7039.00000 0.01189
7042.29980 0.01114
7045.60010 0.01043
7048.89990 0.01014
7052.20020 0.00985
7055.50000 0.00976
7058.79980 0.00951
7062.10010 0.00913
7065.39990 0.00868
7068.70020 0.00811
7072.00000 0.00731
7075.39990 0.00674
7078.70020 0.00619
7082.00000 0.00587
7085.29980 0.00575
7088.60010 0.00571
7091.89990 0.00551
7095.20020 0.00557
7098.50000 0.00542
7101.79980 0.00521
7105.10010 0.0051
7108.39990 0.00506
7111.70020 0.005
7115.00000 0.00496
7118.29980 0.00491
7121.60010 0.00502
7124.89990 0.00496
7128.20020 0.00475
7131.50000 0.00465
7134.79980 0.0047
7138.10010 0.00451
7141.39990 0.00452
7144.70020 0.00447
7148.00000 0.0044
7151.20020 0.00421
7154.50000 0.00409
7157.79980 0.00373
7161.10010 0.00343
7164.39990 0.00311
7167.70020 0.00293
7171.00000 0.00297
7174.29980 0.00293
7177.60010 0.00301
7180.89990 0.00284
7184.20020 0.00249
7187.50000 0.00192
7190.79980 0.00164
7194.00000 0.00125
7197.29980 0.00106
7200.60010 0.00098
7203.89990 0.00093
7207.20020 0.00085
7927.92041 0.0
