threeML/data/optical_filters/LCO/IMACS-MMTF7045.ecsv
# %ECSV 0.9
# ---
# datatype:
# - {name: wavelength, unit: Angstrom, datatype: float32}
# - {name: response, datatype: float32}
# meta: !!omap
# - {band_name: MMTF7045}
# - {group_name: IMACS}
wavelength response
5871.78027 0.0
6524.20020 0.00068
6527.50000 0.00073
6530.89990 0.00068
6534.29980 0.00054
6537.70020 0.00056
6541.00000 0.00056
6544.39990 0.00063
6547.79980 0.00073
6551.20020 0.00071
6554.50000 0.00065
6557.89990 0.00065
6561.29980 0.00065
6564.60010 0.00061
6568.00000 0.00068
6571.39990 0.00074
6574.79980 0.00074
6578.10010 0.00092
6581.50000 0.0009
6584.89990 0.00085
6588.20020 0.00092
6591.60010 0.0009
6595.00000 0.00088
6598.29980 0.00088
6601.70020 0.00094
6605.10010 0.00094
6608.39990 0.00099
6611.79980 0.00109
6615.20020 0.00099
6618.50000 0.00095
6621.89990 0.00094
6625.29980 0.0009
6628.60010 0.00097
6632.00000 0.00105
6635.29980 0.00108
6638.70020 0.0011
6642.10010 0.00117
6645.39990 0.00123
6648.79980 0.00123
6652.10010 0.00116
6655.50000 0.00133
6658.89990 0.00149
6662.20020 0.00157
6665.60010 0.0017
6668.89990 0.00183
6672.29980 0.00187
6675.70020 0.00202
6679.00000 0.00211
6682.39990 0.00226
6685.70020 0.00236
6689.10010 0.00262
6692.39990 0.0027
6695.79980 0.00284
6699.10010 0.00298
6702.50000 0.00307
6705.89990 0.00312
6709.20020 0.00333
6712.60010 0.00344
6715.89990 0.00355
6719.29980 0.00363
6722.60010 0.00373
6726.00000 0.00375
6729.29980 0.00385
6732.70020 0.00389
6736.00000 0.00394
6739.39990 0.00397
6742.70020 0.00405
6746.10010 0.00406
6749.39990 0.00407
6752.79980 0.0041
6756.10010 0.00413
6759.39990 0.00418
6762.79980 0.00422
6766.10010 0.00425
6769.50000 0.00433
6772.79980 0.00448
6776.20020 0.00473
6779.50000 0.00498
6782.89990 0.00534
6786.20020 0.00569
6789.50000 0.00608
6792.89990 0.0065
6796.20020 0.0069
6799.60010 0.00732
6802.89990 0.00778
6806.20020 0.0083
6809.60010 0.00881
6812.89990 0.00931
6816.29980 0.00986
6819.60010 0.01032
6822.89990 0.01084
6826.29980 0.01154
6829.60010 0.01229
6833.00000 0.01312
6836.29980 0.014
6839.60010 0.01507
6843.00000 0.01614
6846.29980 0.01723
6849.60010 0.0185
6853.00000 0.01982
6856.29980 0.02145
6859.60010 0.02321
6863.00000 0.02509
6866.29980 0.02719
6869.60010 0.02948
6873.00000 0.03208
6876.29980 0.03494
6879.60010 0.03827
6883.00000 0.04203
6886.29980 0.04603
6889.60010 0.05067
6892.89990 0.05573
6896.29980 0.06153
6899.60010 0.06806
6902.89990 0.07526
6906.20020 0.08375
6909.60010 0.09316
6912.89990 0.10376
6916.20020 0.11534
6919.60010 0.12848
6922.89990 0.14348
6926.20020 0.16055
6929.50000 0.17928
6932.89990 0.20007
6936.20020 0.2235
6939.50000 0.24922
6942.79980 0.27722
6946.10010 0.30832
6949.50000 0.34144
6952.79980 0.37742
6956.10010 0.41488
6959.39990 0.45397
6962.70020 0.49448
6966.10010 0.53506
6969.39990 0.5757
6972.70020 0.61694
6976.00000 0.65667
6979.29980 0.69464
6982.70020 0.73108
6986.00000 0.76445
6989.29980 0.79474
6992.60010 0.82236
6995.89990 0.84708
6999.20020 0.86781
7002.50000 0.88497
7005.89990 0.89953
7009.20020 0.91135
7012.50000 0.9206
7015.79980 0.92724
7019.10010 0.93202
7022.39990 0.93525
7025.70020 0.93747
7029.00000 0.93862
7032.39990 0.9389
7035.70020 0.93869
7039.00000 0.93864
7042.29980 0.93822
7045.60010 0.93773
7048.89990 0.93718
7052.20020 0.93726
7055.50000 0.93719
7058.79980 0.93721
7062.10010 0.93757
7065.39990 0.93772
7068.70020 0.93813
7072.00000 0.93877
7075.39990 0.93935
7078.70020 0.93976
7082.00000 0.9401
7085.29980 0.94103
7088.60010 0.94154
7091.89990 0.94201
7095.20020 0.94242
7098.50000 0.94243
7101.79980 0.94253
7105.10010 0.94235
7108.39990 0.94185
7111.70020 0.94086
7115.00000 0.93983
7118.29980 0.93834
7121.60010 0.93583
7124.89990 0.93307
7128.20020 0.92986
7131.50000 0.92574
7134.79980 0.92076
7138.10010 0.9148
7141.39990 0.90764
7144.70020 0.89948
7148.00000 0.88964
7151.20020 0.87766
7154.50000 0.86376
7157.79980 0.84795
7161.10010 0.82948
7164.39990 0.80876
7167.70020 0.78567
7171.00000 0.75999
7174.29980 0.73205
7177.60010 0.70211
7180.89990 0.67003
7184.20020 0.63662
7187.50000 0.60238
7190.79980 0.56701
7194.00000 0.53115
7197.29980 0.49591
7200.60010 0.46064
7203.89990 0.42615
7207.20020 0.39249
7210.50000 0.36037
7213.79980 0.32995
7217.10010 0.30125
7220.29980 0.27443
7223.60010 0.2496
7226.89990 0.22677
7230.20020 0.20576
7233.50000 0.18648
7236.79980 0.16899
7240.00000 0.15297
7243.29980 0.13865
7246.60010 0.12579
7249.89990 0.11396
7253.20020 0.10346
7256.50000 0.09398
7259.70020 0.08544
7263.00000 0.07785
7266.29980 0.07115
7269.60010 0.06493
7272.89990 0.05936
7276.10010 0.05449
7279.39990 0.04986
7282.70020 0.04585
7286.00000 0.0421
7289.20020 0.03881
7292.50000 0.03588
7295.79980 0.03308
7299.10010 0.03064
7302.29980 0.02833
7305.60010 0.02634
7308.89990 0.0244
7312.20020 0.02256
7315.39990 0.02108
7318.70020 0.01969
7322.00000 0.01853
7325.29980 0.01736
7328.50000 0.01604
7331.79980 0.01508
7335.10010 0.01415
7338.29980 0.01329
7341.60010 0.01251
7344.89990 0.01191
7348.10010 0.01129
7351.39990 0.01063
7354.70020 0.00999
7357.89990 0.0093
7361.20020 0.00861
7364.50000 0.00817
7367.70020 0.00769
7371.00000 0.00724
7374.29980 0.00676
7377.50000 0.00631
7380.79980 0.00596
7384.10010 0.00567
7387.29980 0.0054
7390.60010 0.00522
7393.89990 0.00516
7397.10010 0.00515
7400.39990 0.0051
7403.60010 0.00512
7406.89990 0.0051
7410.20020 0.00506
7413.39990 0.00498
7416.70020 0.00495
7419.89990 0.00484
7423.20020 0.00484
7426.50000 0.00477
7429.70020 0.00466
7433.00000 0.0046
7436.20020 0.00455
7439.50000 0.00448
7442.79980 0.00427
7446.00000 0.00411
7449.29980 0.00408
7452.50000 0.00383
7455.79980 0.0036
7459.00000 0.00331
7462.29980 0.00304
7465.50000 0.00277
7468.79980 0.0024
7472.00000 0.00218
7475.29980 0.00192
7478.50000 0.00177
7481.79980 0.00163
7485.00000 0.00143
7488.29980 0.00131
7491.50000 0.00126
7494.79980 0.00119
7498.00000 0.00117
7501.29980 0.00122
7504.50000 0.00131
7507.79980 0.00116
7511.00000 0.00103
7514.29980 0.00098
7517.50000 0.00093
7520.79980 0.00083
7524.00000 0.00078
7527.29980 0.00076
7530.50000 0.00065
7533.70020 0.0006
7537.00000 0.00045
7540.20020 0.00039
7543.50000 0.00042
7546.70020 0.00042
7550.00000 0.00039
7553.20020 0.00031
7556.39990 0.00029
8312.04004 0.0
