threeML/data/optical_filters/LCO/IMACS-Bessell_B1.ecsv
# %ECSV 0.9
# ---
# datatype:
# - {name: wavelength, unit: Angstrom, datatype: float32}
# - {name: response, datatype: float32}
# meta: !!omap
# - {band_name: Bessell_B1}
# - {group_name: IMACS}
wavelength response
[from data line 895]
4940.00000 0.214
4941.00000 0.2124
4943.00000 0.2107
4944.00000 0.2098
4945.00000 0.2083
4947.00000 0.207
4948.00000 0.2056
4950.00000 0.2042
4951.00000 0.2024
4953.00000 0.2013
4954.00000 0.2004
4956.00000 0.199
4957.00000 0.1977
4959.00000 0.1963
4960.00000 0.1949
4961.00000 0.1934
4963.00000 0.192
4964.00000 0.1907
4966.00000 0.1899
4967.00000 0.1883
4969.00000 0.1868
4970.00000 0.1856
4972.00000 0.1844
4973.00000 0.1828
4975.00000 0.1817
4976.00000 0.1806
4977.00000 0.1797
4979.00000 0.1784
4980.00000 0.1774
4982.00000 0.1763
4983.00000 0.1753
4985.00000 0.1742
4986.00000 0.173
4988.00000 0.172
4989.00000 0.1708
4990.00000 0.1693
4992.00000 0.1683
4993.00000 0.1671
4995.00000 0.1658
4996.00000 0.1645
4998.00000 0.1635
4999.00000 0.1621
5001.00000 0.1607
5002.00000 0.1595
5003.00000 0.1583
5005.00000 0.1573
5006.00000 0.1561
5008.00000 0.155
5009.00000 0.154
5011.00000 0.153
5012.00000 0.1516
5014.00000 0.1507
5015.00000 0.1496
5017.00000 0.1481
5018.00000 0.1468
5019.00000 0.1456
5021.00000 0.1442
5022.00000 0.143
5024.00000 0.1416
5025.00000 0.1404
5027.00000 0.1391
5028.00000 0.138
5029.00000 0.1368
5031.00000 0.1358
5032.00000 0.1344
5034.00000 0.1331
5035.00000 0.1318
5037.00000 0.1305
5038.00000 0.1292
5040.00000 0.1278
5041.00000 0.1265
5042.00000 0.1252
5044.00000 0.124
5045.00000 0.1228
5047.00000 0.1217
5048.00000 0.1205
5050.00000 0.1191
5051.00000 0.1179
5053.00000 0.1166
5054.00000 0.1151
5055.00000 0.1139
5057.00000 0.1126
5058.00000 0.1113
5060.00000 0.1099
5061.00000 0.1088
5063.00000 0.1074
5064.00000 0.1063
5065.00000 0.1052
5067.00000 0.1039
5068.00000 0.1029
5070.00000 0.1018
5071.00000 0.1007
5073.00000 0.0994
5074.00000 0.0984
5076.00000 0.0973
5077.00000 0.096
5078.00000 0.0948
5080.00000 0.0938
5081.00000 0.0926
5083.00000 0.0916
5084.00000 0.0909
5086.00000 0.0902
5087.00000 0.0893
5088.00000 0.0886
5090.00000 0.0876
5091.00000 0.0864
5093.00000 0.0852
5094.00000 0.0839
5096.00000 0.083
5097.00000 0.0822
5098.00000 0.0814
5100.00000 0.0808
5101.00000 0.0798
5103.00000 0.0787
5104.00000 0.0775
5106.00000 0.0762
5107.00000 0.075
5109.00000 0.0744
5110.00000 0.0738
5111.00000 0.0732
5113.00000 0.073
5114.00000 0.0724
5116.00000 0.0715
5117.00000 0.0707
5119.00000 0.0698
5120.00000 0.0687
5121.00000 0.0679
5123.00000 0.067
5124.00000 0.0663
5126.00000 0.0656
5127.00000 0.0649
5129.00000 0.0644
5130.00000 0.0638
5131.00000 0.0632
5133.00000 0.0627
5134.00000 0.062
5136.00000 0.0612
5137.00000 0.0605
5139.00000 0.0598
5140.00000 0.0589
5141.00000 0.0581
5143.00000 0.0574
5144.00000 0.0566
5146.00000 0.0559
5147.00000 0.0554
5148.00000 0.055
5150.00000 0.0544
5151.00000 0.0538
5153.00000 0.0531
5154.00000 0.0524
5156.00000 0.0516
5157.00000 0.0511
5158.00000 0.0505
5160.00000 0.0499
5161.00000 0.0491
5163.00000 0.0483
5164.00000 0.0476
5166.00000 0.0471
5167.00000 0.0468
5168.00000 0.0466
5170.00000 0.0461
5171.00000 0.0458
5173.00000 0.045
5174.00000 0.0441
5176.00000 0.0434
5177.00000 0.0429
5178.00000 0.042
5180.00000 0.0415
5181.00000 0.0411
5183.00000 0.0404
5184.00000 0.0394
5185.00000 0.0391
5187.00000 0.0386
5188.00000 0.0381
5190.00000 0.038
5191.00000 0.0378
5193.00000 0.0374
5194.00000 0.0366
5195.00000 0.0358
5197.00000 0.0351
5198.00000 0.0344
5200.00000 0.0339
5201.00000 0.0338
5202.00000 0.0338
5204.00000 0.0335
5205.00000 0.0333
5207.00000 0.033
5208.00000 0.0324
5210.00000 0.0314
5211.00000 0.0304
5212.00000 0.0295
5214.00000 0.0287
5215.00000 0.0282
5217.00000 0.0284
5218.00000 0.0283
5219.00000 0.0285
5221.00000 0.0277
5222.00000 0.0275
5224.00000 0.0268
5225.00000 0.0262
5227.00000 0.0253
5228.00000 0.0248
5229.00000 0.024
5231.00000 0.0236
5232.00000 0.0233
5234.00000 0.0229
5235.00000 0.023
5236.00000 0.0229
5238.00000 0.0229
5239.00000 0.0229
5241.00000 0.0229
5242.00000 0.0226
5243.00000 0.0224
5245.00000 0.0216
5246.00000 0.0212
5248.00000 0.0205
5249.00000 0.0198
5250.00000 0.0188
5252.00000 0.0185
5253.00000 0.018
5255.00000 0.0176
5256.00000 0.0175
5258.00000 0.0176
5259.00000 0.0175
5260.00000 0.0174
5262.00000 0.0174
5263.00000 0.0174
5265.00000 0.0175
5266.00000 0.0176
5267.00000 0.0176
5269.00000 0.0177
5270.00000 0.0179
5272.00000 0.0177
5273.00000 0.0173
5274.00000 0.0168
5276.00000 0.0164
5277.00000 0.0155
5279.00000 0.0153
5280.00000 0.0147
5281.00000 0.0143
5283.00000 0.0135
5284.00000 0.0129
5286.00000 0.0122
5287.00000 0.0116
5288.00000 0.0112
5290.00000 0.0108
5291.00000 0.0111
5293.00000 0.0108
5294.00000 0.0109
5295.00000 0.0108
5297.00000 0.0109
5298.00000 0.0105
5300.00000 0.0105
5301.00000 0.0106
5302.00000 0.0106
5304.00000 0.0107
5305.00000 0.0107
5307.00000 0.0106
5308.00000 0.0108
5309.00000 0.0108
5311.00000 0.0106
5312.00000 0.0107
5314.00000 0.0109
5315.00000 0.0108
5316.00000 0.0109
5318.00000 0.0111
5319.00000 0.011
5321.00000 0.011
5322.00000 0.0113
5323.00000 0.0114
5325.00000 0.0113
5326.00000 0.0112
5328.00000 0.011
5329.00000 0.0107
5330.00000 0.0108
5332.00000 0.0105
5333.00000 0.0109
5335.00000 0.0107
5336.00000 0.0106
5337.00000 0.0104
5339.00000 0.0103
5340.00000 0.0095
5342.00000 0.0095
5343.00000 0.0089
5344.00000 0.009
5346.00000 0.0086
5347.00000 0.0095
5349.00000 0.0094
5350.00000 0.0096
5351.00000 0.0083
5353.00000 0.0079
5354.00000 0.0064
5356.00000 0.0061
5357.00000 0.0057
5358.00000 0.006
5360.00000 0.0063
5361.00000 0.0062
5363.00000 0.006
5364.00000 0.0058
5365.00000 0.0062
5367.00000 0.0064
5368.00000 0.0066
5369.00000 0.0063
5371.00000 0.0061
5372.00000 0.0053
5374.00000 0.0055
5375.00000 0.0055
5376.00000 0.0051
5378.00000 0.005
5379.00000 0.0049
5381.00000 0.0038
5382.00000 0.0037
5383.00000 0.0033
5385.00000 0.0029
5386.00000 0.0029
5388.00000 0.0029
5389.00000 0.0028
5390.00000 0.0029
5392.00000 0.0031
5393.00000 0.0029
5394.00000 0.0028
5396.00000 0.0025
5397.00000 0.0027
5399.00000 0.0024
5400.00000 0.002
5401.00000 0.0017
5403.00000 0.0019
5404.00000 0.0021
5406.00000 0.0021
5407.00000 0.002
5408.00000 0.0018
5410.00000 0.0016
5411.00000 0.0015
5412.00000 0.0011
5414.00000 0.0011
5415.00000 0.001
5417.00000 0.0006
5418.00000 0.001
5419.00000 0.0015
5421.00000 0.0019
5422.00000 0.0019
5424.00000 0.0023
5425.00000 0.0019
5426.00000 0.0016
5428.00000 0.0014
5429.00000 0.002
5430.00000 0.002
5432.00000 0.0018
5433.00000 0.0018
5435.00000 0.0016
5436.00000 0.0015
5437.00000 0.0013
5439.00000 0.0011
5440.00000 0.0019
5441.00000 0.0025
5443.00000 0.0023
5444.00000 0.0019
5446.00000 0.0019
5447.00000 0.0011
5448.00000 0.0005
5450.00000 0.0009
5451.00000 0.0014
5453.00000 0.0014
5454.00000 0.0018
5455.00000 0.0018
5457.00000 0.0016
5458.00000 0.0014
5459.00000 0.0014
5461.00000 0.0008
5462.00000 0.0006
5464.00000 0.001
5465.00000 0.001
5466.00000 0.001
5468.00000 0.0012
5469.00000 0.0015
5470.00000 0.0008
5472.00000 0.0006
5473.00000 0.0006
5475.00000 0.0006
5476.00000 0.0006
6023.60010 0.0
