threeML/data/optical_filters/LCO/IMACS-GG455.ecsv
# %ECSV 0.9
# ---
# datatype:
# - {name: wavelength, unit: Angstrom, datatype: float32}
# - {name: response, datatype: float32}
# meta: !!omap
# - {band_name: GG455}
# - {group_name: IMACS}
wavelength response
[from data line 1789]
9001.00000 0.8918
9004.00000 0.8909
9007.00000 0.8907
9010.00000 0.8906
9013.00000 0.8904
9016.00000 0.892
9019.00000 0.8911
9022.00000 0.8907
9026.00000 0.8905
9029.00000 0.8897
9032.00000 0.8889
9035.00000 0.8896
9038.00000 0.8907
9041.00000 0.8911
9044.00000 0.8904
9047.00000 0.8911
9050.00000 0.8911
9053.00000 0.8901
9056.00000 0.889
9059.00000 0.8891
9062.00000 0.8876
9065.00000 0.8883
9068.00000 0.8884
9071.00000 0.8888
9074.00000 0.8893
9077.00000 0.89
9080.00000 0.8892
9083.00000 0.8891
9086.00000 0.8884
9089.00000 0.8874
9092.00000 0.8868
9095.00000 0.8863
9098.00000 0.8861
9101.00000 0.886
9104.00000 0.8868
9107.00000 0.8868
9110.00000 0.8866
9113.00000 0.8873
9116.00000 0.8872
9119.00000 0.8869
9122.00000 0.8865
9126.00000 0.8865
9129.00000 0.8848
9132.00000 0.8837
9135.00000 0.8831
9138.00000 0.8824
9141.00000 0.8817
9144.00000 0.8824
9147.00000 0.8832
9150.00000 0.883
9153.00000 0.8832
9156.00000 0.8832
9159.00000 0.8824
9162.00000 0.883
9165.00000 0.8834
9168.00000 0.8836
9171.00000 0.8843
9174.00000 0.8844
9177.00000 0.8831
9180.00000 0.8829
9183.00000 0.8824
9186.00000 0.8823
9189.00000 0.8815
9192.00000 0.8822
9195.00000 0.8815
9198.00000 0.8814
9201.00000 0.8811
9204.00000 0.8814
9207.00000 0.8809
9210.00000 0.8819
9213.00000 0.8817
9216.00000 0.8807
9219.00000 0.8806
9222.00000 0.8808
9225.00000 0.8798
9228.00000 0.8811
9231.00000 0.8815
9234.00000 0.8817
9237.00000 0.8805
9240.00000 0.8798
9243.00000 0.8789
9246.00000 0.8788
9249.00000 0.8783
9252.00000 0.879
9255.00000 0.8791
9258.00000 0.8792
9261.00000 0.8784
9264.00000 0.8777
9267.00000 0.8779
9270.00000 0.8787
9273.00000 0.8769
9276.00000 0.8776
9279.00000 0.8767
9282.00000 0.876
9285.00000 0.8756
9288.00000 0.8769
9291.00000 0.877
9294.00000 0.8794
9297.00000 0.8796
9300.00000 0.8795
9303.00000 0.8791
9306.00000 0.8785
9309.00000 0.8772
9312.00000 0.8769
9315.00000 0.8761
9318.00000 0.8759
9321.00000 0.8761
9324.00000 0.8765
9327.00000 0.8768
9330.00000 0.8778
9333.00000 0.8772
9336.00000 0.8769
9339.00000 0.8764
9342.00000 0.8756
9345.00000 0.8753
9348.00000 0.8748
9351.00000 0.8746
9354.00000 0.8754
9357.00000 0.8757
9360.00000 0.876
9363.00000 0.8781
9366.00000 0.8787
9369.00000 0.8786
9372.00000 0.877
9375.00000 0.8768
9378.00000 0.8743
9381.00000 0.8739
9384.00000 0.8739
9387.00000 0.8744
9390.00000 0.8731
9393.00000 0.8721
9396.00000 0.8716
9399.00000 0.871
9402.00000 0.8712
9405.00000 0.8703
9408.00000 0.8725
9411.00000 0.8719
9414.00000 0.8734
9417.00000 0.8745
9420.00000 0.8742
9423.00000 0.8749
9426.00000 0.8746
9429.00000 0.8729
9432.00000 0.8731
9435.00000 0.8737
9438.00000 0.872
9441.00000 0.873
9443.00000 0.8712
9446.00000 0.8683
9449.00000 0.8677
9452.00000 0.8663
9455.00000 0.8656
9458.00000 0.8675
9461.00000 0.8712
9464.00000 0.8734
9467.00000 0.8766
9470.00000 0.8756
9473.00000 0.8749
9476.00000 0.8717
9479.00000 0.8723
9482.00000 0.8696
9485.00000 0.8698
9488.00000 0.8686
9491.00000 0.8693
9494.00000 0.867
9497.00000 0.8674
9500.00000 0.8673
9503.00000 0.8677
9506.00000 0.8686
9509.00000 0.8695
9512.00000 0.8686
9515.00000 0.8694
9518.00000 0.8693
9521.00000 0.8665
9524.00000 0.8641
9527.00000 0.8646
9530.00000 0.8631
9533.00000 0.863
9536.00000 0.8652
9539.00000 0.8667
9541.00000 0.8656
9544.00000 0.8657
9547.00000 0.8653
9550.00000 0.8668
9553.00000 0.8653
9556.00000 0.8659
9559.00000 0.8671
9562.00000 0.8677
9565.00000 0.8668
9568.00000 0.8674
9571.00000 0.8672
9574.00000 0.8666
9577.00000 0.8666
9580.00000 0.8661
9583.00000 0.8667
9586.00000 0.8674
9589.00000 0.8675
9592.00000 0.8672
9595.00000 0.8662
9598.00000 0.865
9601.00000 0.8662
9604.00000 0.8674
9607.00000 0.8672
9609.00000 0.8677
9612.00000 0.8679
9615.00000 0.8658
9618.00000 0.863
9621.00000 0.862
9624.00000 0.861
9627.00000 0.8621
9630.00000 0.8631
9633.00000 0.8635
9636.00000 0.8646
9639.00000 0.8653
9642.00000 0.8648
9645.00000 0.8652
9648.00000 0.8656
9651.00000 0.8663
9654.00000 0.8669
9657.00000 0.867
9660.00000 0.8659
9663.00000 0.8657
9666.00000 0.8645
9668.00000 0.8633
9671.00000 0.8634
9674.00000 0.8632
9677.00000 0.8635
9680.00000 0.8628
9683.00000 0.8624
9686.00000 0.862
9689.00000 0.8607
9692.00000 0.8603
9695.00000 0.8606
9698.00000 0.8614
9701.00000 0.8601
9704.00000 0.8619
9707.00000 0.8623
9710.00000 0.8629
9713.00000 0.8623
9715.00000 0.8632
9718.00000 0.8635
9721.00000 0.8625
9724.00000 0.8603
9727.00000 0.8607
9730.00000 0.8601
9733.00000 0.8579
9736.00000 0.8566
9739.00000 0.8571
9742.00000 0.8564
9745.00000 0.8553
9748.00000 0.8543
9751.00000 0.8556
9754.00000 0.8567
9757.00000 0.8572
9759.00000 0.8581
9762.00000 0.8585
9765.00000 0.858
9768.00000 0.8585
9771.00000 0.8574
9774.00000 0.857
9777.00000 0.8587
9780.00000 0.8592
9783.00000 0.8574
9786.00000 0.858
9789.00000 0.8567
9792.00000 0.8564
9795.00000 0.8566
9798.00000 0.8583
9800.00000 0.8593
9803.00000 0.8607
9806.00000 0.861
9809.00000 0.8612
9812.00000 0.8585
9815.00000 0.8577
9818.00000 0.8568
9821.00000 0.8559
9824.00000 0.8565
9827.00000 0.8567
9830.00000 0.8568
9833.00000 0.859
9836.00000 0.8602
9838.00000 0.8574
9841.00000 0.8581
9844.00000 0.8571
9847.00000 0.8555
9850.00000 0.855
9853.00000 0.8569
9856.00000 0.8592
9859.00000 0.8583
9862.00000 0.8587
9865.00000 0.8597
9868.00000 0.8597
9871.00000 0.8567
9873.00000 0.8566
9876.00000 0.8563
9879.00000 0.8549
9882.00000 0.8544
9885.00000 0.8557
9888.00000 0.8573
9891.00000 0.8575
9894.00000 0.8568
9897.00000 0.8571
9900.00000 0.8556
9903.00000 0.8556
9905.00000 0.8565
9908.00000 0.8555
9911.00000 0.8555
9914.00000 0.8575
9917.00000 0.8563
9920.00000 0.856
9923.00000 0.8581
9926.00000 0.8596
9929.00000 0.8585
9932.00000 0.8593
9935.00000 0.8572
9937.00000 0.8572
9940.00000 0.854
9943.00000 0.8542
9946.00000 0.8532
9949.00000 0.854
9952.00000 0.8519
9955.00000 0.8511
9958.00000 0.8505
9961.00000 0.8515
9964.00000 0.851
9966.00000 0.8518
9969.00000 0.853
9972.00000 0.8524
9975.00000 0.8517
9978.00000 0.852
9981.00000 0.8515
9984.00000 0.8498
9987.00000 0.8514
9990.00000 0.8514
9993.00000 0.853
9995.00000 0.8534
9998.00000 0.8552
10001.00000 0.8535
11001.09961 0.0
