threeML/data/optical_filters/LCO/IMACS-WBP5694.ecsv
# %ECSV 0.9
# ---
# datatype:
# - {name: wavelength, unit: Angstrom, datatype: float32}
# - {name: response, datatype: float32}
# meta: !!omap
# - {band_name: WBP5694}
# - {group_name: IMACS}
wavelength response
4909.50000 0.0
5455.00000 0.00515
5457.00000 0.00566
5458.00000 0.00549
5459.00000 0.00511
5461.00000 0.00521
5462.00000 0.00558
5464.00000 0.00588
5465.00000 0.00618
5466.00000 0.00621
5468.00000 0.00603
5469.00000 0.00599
5470.00000 0.00608
5472.00000 0.00603
5473.00000 0.00604
5475.00000 0.0065
5476.00000 0.00682
5477.00000 0.00636
5479.00000 0.00618
5480.00000 0.00666
5481.00000 0.00663
5483.00000 0.00691
5484.00000 0.00712
5485.00000 0.00711
5487.00000 0.00694
5488.00000 0.00746
5490.00000 0.00734
5491.00000 0.00732
5492.00000 0.00729
5494.00000 0.00751
5495.00000 0.00723
5496.00000 0.00745
5498.00000 0.00717
5499.00000 0.00737
5501.00000 0.00757
5502.00000 0.00778
5503.00000 0.00783
5505.00000 0.00806
5506.00000 0.0082
5507.00000 0.00843
5509.00000 0.00831
5510.00000 0.00854
5512.00000 0.00841
5513.00000 0.00889
5514.00000 0.00919
5516.00000 0.00908
5517.00000 0.00914
5518.00000 0.00912
5520.00000 0.00926
5521.00000 0.00898
5522.00000 0.00922
5524.00000 0.00921
5525.00000 0.00874
5527.00000 0.00883
5528.00000 0.00854
5529.00000 0.00855
5531.00000 0.00882
5532.00000 0.00882
5533.00000 0.00881
5535.00000 0.0087
5536.00000 0.00926
5537.00000 0.00884
5539.00000 0.00919
5540.00000 0.00966
5542.00000 0.00994
5543.00000 0.01011
5544.00000 0.00944
5546.00000 0.0096
5547.00000 0.00932
5548.00000 0.00926
5550.00000 0.00889
5551.00000 0.00864
5552.00000 0.00954
5554.00000 0.00984
5555.00000 0.01043
5557.00000 0.01115
5558.00000 0.01164
5559.00000 0.0124
5561.00000 0.0126
5562.00000 0.01348
5563.00000 0.01416
5565.00000 0.0153
5566.00000 0.01531
5567.00000 0.01556
5569.00000 0.01615
5570.00000 0.01668
5572.00000 0.01766
5573.00000 0.01843
5574.00000 0.01882
5576.00000 0.02006
5577.00000 0.02146
5578.00000 0.02337
5580.00000 0.02504
5581.00000 0.02699
5582.00000 0.02843
5584.00000 0.03017
5585.00000 0.03146
5586.00000 0.03224
5588.00000 0.034
5589.00000 0.03615
5591.00000 0.03754
5592.00000 0.03846
5593.00000 0.03881
5595.00000 0.03944
5596.00000 0.04047
5597.00000 0.04128
5599.00000 0.0418
5600.00000 0.04305
5601.00000 0.04425
5603.00000 0.04543
5604.00000 0.04594
5605.00000 0.04624
5607.00000 0.04731
5608.00000 0.04835
5609.00000 0.04907
5611.00000 0.05148
5612.00000 0.05385
5614.00000 0.05636
5615.00000 0.05896
5616.00000 0.0615
5618.00000 0.06345
5619.00000 0.06697
5620.00000 0.07058
5622.00000 0.07341
5623.00000 0.0763
5624.00000 0.07965
5626.00000 0.08116
5627.00000 0.08311
5628.00000 0.08497
5630.00000 0.08617
5631.00000 0.08787
5632.00000 0.09044
5634.00000 0.09246
5635.00000 0.09567
5636.00000 0.09926
5638.00000 0.1028
5639.00000 0.10654
5641.00000 0.11144
5642.00000 0.11611
5643.00000 0.12045
5645.00000 0.12425
5646.00000 0.12865
5647.00000 0.13298
5649.00000 0.13783
5650.00000 0.14162
5651.00000 0.14656
5653.00000 0.1521
5654.00000 0.15767
5655.00000 0.16224
5657.00000 0.1668
5658.00000 0.17198
5659.00000 0.17834
5661.00000 0.18343
5662.00000 0.18965
5663.00000 0.19614
5665.00000 0.20352
5666.00000 0.20983
5667.00000 0.21605
5669.00000 0.2215
5670.00000 0.22804
5671.00000 0.23546
5673.00000 0.24453
5674.00000 0.25302
5675.00000 0.26322
5677.00000 0.27128
5678.00000 0.27873
5679.00000 0.28521
5681.00000 0.29318
5682.00000 0.30164
5684.00000 0.31161
5685.00000 0.32173
5686.00000 0.33189
5688.00000 0.33973
5689.00000 0.34889
5690.00000 0.35775
5692.00000 0.36829
5693.00000 0.37937
5694.00000 0.39063
5696.00000 0.40061
5697.00000 0.41008
5698.00000 0.41945
5700.00000 0.42765
5701.00000 0.43762
5702.00000 0.44885
5704.00000 0.4597
5705.00000 0.46958
5706.00000 0.47988
5708.00000 0.4897
5709.00000 0.4994
5710.00000 0.51023
5712.00000 0.52249
5713.00000 0.53396
5714.00000 0.54822
5716.00000 0.5607
5717.00000 0.57158
5718.00000 0.58189
5720.00000 0.59211
5721.00000 0.60108
5722.00000 0.61149
5724.00000 0.62283
5725.00000 0.63344
5726.00000 0.64294
5728.00000 0.65356
5729.00000 0.66184
5730.00000 0.6693
5732.00000 0.67706
5733.00000 0.68649
5734.00000 0.69484
5736.00000 0.70447
5737.00000 0.71417
5738.00000 0.72321
5740.00000 0.732
5741.00000 0.74027
5742.00000 0.74649
5744.00000 0.75185
5745.00000 0.75768
5746.00000 0.76572
5748.00000 0.77087
5749.00000 0.77864
5750.00000 0.78241
5752.00000 0.78571
5753.00000 0.79044
5754.00000 0.79571
5756.00000 0.80035
5757.00000 0.80498
5758.00000 0.81112
5760.00000 0.81746
5761.00000 0.82093
5762.00000 0.82538
5764.00000 0.82773
5765.00000 0.83231
5766.00000 0.83606
5768.00000 0.83605
5769.00000 0.83921
5770.00000 0.84152
5772.00000 0.84566
5773.00000 0.84627
5774.00000 0.84743
5775.00000 0.84918
5777.00000 0.85051
5778.00000 0.85423
5779.00000 0.85597
5781.00000 0.85958
5782.00000 0.86628
5783.00000 0.86785
5785.00000 0.86819
5786.00000 0.86537
5787.00000 0.86712
5789.00000 0.8681
5790.00000 0.86944
5791.00000 0.8732
5793.00000 0.87193
5794.00000 0.87435
5795.00000 0.87353
5797.00000 0.87199
5798.00000 0.86933
5799.00000 0.86846
5801.00000 0.86754
5981.79980 0.94388
5985.20020 0.94661
5988.70020 0.94637
5992.10010 0.94626
5995.60010 0.9461
5999.00000 0.94648
6002.50000 0.94678
6005.89990 0.94719
6009.29980 0.94763
6012.79980 0.94802
6016.20020 0.94878
6019.70020 0.94938
6023.10010 0.94993
6026.60010 0.95062
6030.00000 0.95119
6033.39990 0.95214
6036.89990 0.95284
6040.29980 0.95355
6043.70020 0.95438
6047.20020 0.95508
6050.60010 0.95553
6054.10010 0.95599
6057.50000 0.95619
6060.89990 0.95691
6064.39990 0.95737
6067.79980 0.95793
6071.20020 0.95807
6074.70020 0.95823
6078.10010 0.95839
6081.50000 0.95833
6085.00000 0.95803
6088.39990 0.958
6091.79980 0.95765
6095.29980 0.9575
6098.70020 0.95693
6102.10010 0.95663
6105.60010 0.95629
6109.00000 0.95597
6112.39990 0.95536
6115.79980 0.95469
6119.29980 0.95403
6122.70020 0.95364
6126.10010 0.95271
6129.60010 0.9521
6133.00000 0.95153
6136.39990 0.95089
6139.79980 0.95008
6143.29980 0.94954
6146.70020 0.94865
6150.10010 0.94813
6153.50000 0.94779
6157.00000 0.94741
6160.39990 0.94699
6163.79980 0.94714
6167.20020 0.94703
6170.60010 0.94702
6174.10010 0.94718
6177.50000 0.94737
6180.89990 0.94736
6184.29980 0.94795
6187.79980 0.94847
6191.20020 0.94869
6194.60010 0.94885
6198.00000 0.94927
6201.39990 0.94956
6204.79980 0.94984
6208.29980 0.95022
6211.70020 0.95054
6215.10010 0.95132
6218.50000 0.9518
6221.89990 0.95218
6225.29980 0.95256
6228.79980 0.95324
6232.20020 0.95398
6235.60010 0.95442
6239.00000 0.95499
6242.39990 0.95578
6245.79980 0.95604
6249.20020 0.95646
6252.60010 0.95678
6256.10010 0.9573
6259.50000 0.95778
6262.89990 0.95814
6266.29980 0.95794
6269.70020 0.95802
6273.10010 0.95821
6276.50000 0.95818
6279.89990 0.9582
6283.29980 0.95855
6286.70020 0.95852
6290.10010 0.95813
6293.50000 0.95779
6297.00000 0.95727
6300.39990 0.95679
6303.79980 0.95676
6307.20020 0.95619
6310.60010 0.95564
6314.00000 0.95522
6317.39990 0.95445
6320.79980 0.95365
6324.20020 0.95268
6327.60010 0.952
6331.00000 0.95132
6334.39990 0.95079
6337.79980 0.95007
6341.20020 0.94909
6344.60010 0.94842
6348.00000 0.94755
6351.39990 0.94678
6354.79980 0.94595
6358.20020 0.9452
6361.60010 0.94468
6365.00000 0.94443
6368.39990 0.94395
6371.79980 0.94323
6375.20020 0.9431
6378.60010 0.94317
6382.00000 0.94303
6385.39990 0.94313
6388.70020 0.94302
6392.10010 0.94317
6395.50000 0.94341
6398.89990 0.94394
6402.29980 0.944
6405.70020 0.94427
6409.10010 0.94494
6412.50000 0.94535
6415.89990 0.94585
6419.29980 0.9466
6422.70020 0.9471
6426.10010 0.94811
6429.39990 0.94895
6432.79980 0.94978
6436.20020 0.95048
6439.60010 0.95121
6443.00000 0.95203
6446.39990 0.95283
6449.79980 0.95348
6453.20020 0.95418
6456.50000 0.95486
6459.89990 0.956
6463.29980 0.95638
6466.70020 0.9572
6470.10010 0.95778
6473.50000 0.95846
6476.79980 0.95899
6480.20020 0.95934
6483.60010 0.96001
6487.00000 0.96069
6490.39990 0.96128
6493.79980 0.96173
6497.10010 0.96174
6500.50000 0.96234
6503.89990 0.96256
6507.29980 0.96321
6510.60010 0.96358
6514.00000 0.96393
6517.39990 0.96446
6520.79980 0.96448
6524.20020 0.96432
6527.50000 0.96432
6530.89990 0.9644
6534.29980 0.96449
6537.70020 0.96409
6541.00000 0.96393
6544.39990 0.96325
6547.79980 0.96275
6551.20020 0.96252
6554.50000 0.96203
6557.89990 0.96167
6561.29980 0.96133
6564.60010 0.96091
6568.00000 0.96055
6571.39990 0.9601
6574.79980 0.95986
6578.10010 0.95935
6581.50000 0.95903
6584.89990 0.95851
6588.20020 0.95792
6591.60010 0.95771
6595.00000 0.95732
6598.29980 0.95687
6601.70020 0.95624
6605.10010 0.95588
6608.39990 0.95581
6611.79980 0.95569
6615.20020 0.95526
6618.50000 0.95533
6621.89990 0.9552
6625.29980 0.95502
6628.60010 0.95515
6632.00000 0.95533
6635.29980 0.95537
6638.70020 0.95583
6642.10010 0.95618
6645.39990 0.95634
6648.79980 0.9568
6652.10010 0.95737
6655.50000 0.95746
6658.89990 0.95803
6662.20020 0.95875
6665.60010 0.95887
6668.89990 0.95926
6672.29980 0.95977
6675.70020 0.96007
6679.00000 0.96034
6682.39990 0.9605
6685.70020 0.96051
6689.10010 0.96099
6692.39990 0.96151
6695.79980 0.9621
6699.10010 0.96249
6702.50000 0.96328
6705.89990 0.96371
6709.20020 0.96422
6712.60010 0.96452
6715.89990 0.96487
6719.29980 0.96543
6722.60010 0.96593
6726.00000 0.96628
6729.29980 0.9666
6732.70020 0.96688
6736.00000 0.96699
6739.39990 0.96675
6742.70020 0.96652
6746.10010 0.96655
6749.39990 0.96675
6752.79980 0.96639
6756.10010 0.96635
6759.39990 0.96598
6762.79980 0.96572
6766.10010 0.96548
6769.50000 0.96501
6772.79980 0.96471
6776.20020 0.96436
6779.50000 0.96405
6782.89990 0.96365
6786.20020 0.96298
6789.50000 0.96278
6792.89990 0.96222
6796.20020 0.96195
6799.60010 0.96149
6802.89990 0.96101
6806.20020 0.96053
6809.60010 0.95989
6812.89990 0.95953
6816.29980 0.95915
6819.60010 0.9588
6822.89990 0.95865
6826.29980 0.95813
6829.60010 0.95771
6833.00000 0.9573
6836.29980 0.95686
6839.60010 0.95631
6843.00000 0.95603
6846.29980 0.95599
6849.60010 0.95567
6853.00000 0.95546
6856.29980 0.95528
6859.60010 0.95514
6863.00000 0.95512
6866.29980 0.95484
6869.60010 0.95483
6873.00000 0.95458
6876.29980 0.95473
6879.60010 0.95464
6883.00000 0.95448
6886.29980 0.95451
6889.60010 0.95459
6892.89990 0.9547
6896.29980 0.95476
6899.60010 0.9547
6902.89990 0.955
6906.20020 0.95499
6909.60010 0.95526
6912.89990 0.95536
6916.20020 0.95547
6919.60010 0.95563
6922.89990 0.9559
6926.20020 0.95612
6929.50000 0.9562
6932.89990 0.95619
6936.20020 0.95635
6939.50000 0.95664
6942.79980 0.95689
6946.10010 0.95723
6949.50000 0.95739
6952.79980 0.95782
6956.10010 0.95819
6959.39990 0.95842
6962.70020 0.9587
6966.10010 0.95903
6969.39990 0.95966
6972.70020 0.96035
6976.00000 0.96053
6979.29980 0.96103
6982.70020 0.96137
6986.00000 0.96183
6989.29980 0.96216
6992.60010 0.96257
6995.89990 0.96299
6999.20020 0.96317
7002.50000 0.9632
7005.89990 0.96311
7009.20020 0.96309
7012.50000 0.96342
7015.79980 0.96339
7019.10010 0.96341
7022.39990 0.96317
7025.70020 0.96288
7029.00000 0.96262
7032.39990 0.96233
7035.70020 0.96227
7039.00000 0.96235
7042.29980 0.96234
7045.60010 0.9622
7048.89990 0.96209
7052.20020 0.96208
7055.50000 0.96214
7058.79980 0.96215
7062.10010 0.96197
7065.39990 0.96196
7068.70020 0.96185
7072.00000 0.96148
7075.39990 0.9612
7078.70020 0.96096
7082.00000 0.9609
7085.29980 0.96048
7088.60010 0.96035
7091.89990 0.95989
7095.20020 0.95967
7098.50000 0.95974
7101.79980 0.95946
7105.10010 0.95917
7108.39990 0.95928
7111.70020 0.95917
7115.00000 0.95892
7118.29980 0.95856
7121.60010 0.95849
7124.89990 0.95825
7128.20020 0.95814
7131.50000 0.95802
7134.79980 0.95807
7138.10010 0.95831
7141.39990 0.95859
7144.70020 0.9589
7148.00000 0.95894
7151.20020 0.95901
7154.50000 0.95921
7157.79980 0.95932
7161.10010 0.9595
7164.39990 0.96001
7167.70020 0.96062
7171.00000 0.9607
7174.29980 0.96059
7177.60010 0.9606
7180.89990 0.96066
7184.20020 0.96117
7187.50000 0.96177
7190.79980 0.96235
7194.00000 0.96297
7197.29980 0.9634
7200.60010 0.96366
7203.89990 0.96371
7207.20020 0.964
7210.50000 0.96474
7213.79980 0.96548
7217.10010 0.96601
7220.29980 0.96633
7223.60010 0.96656
7226.89990 0.96684
7230.20020 0.96701
7233.50000 0.96734
7236.79980 0.96774
7240.00000 0.96842
7243.29980 0.96905
7246.60010 0.96932
7249.89990 0.96954
7253.20020 0.96933
7256.50000 0.96939
7259.70020 0.96977
7263.00000 0.96995
7266.29980 0.97032
7269.60010 0.97067
7272.89990 0.97056
7276.10010 0.97035
7279.39990 0.9703
7282.70020 0.97036
7286.00000 0.97017
7289.20020 0.97044
7292.50000 0.97056
7295.79980 0.97039
7299.10010 0.97004
7302.29980 0.96975
7305.60010 0.96957
7308.89990 0.96977
7312.20020 0.96963
7315.39990 0.96936
7318.70020 0.96897
7322.00000 0.96882
7325.29980 0.96872
7328.50000 0.96885
7331.79980 0.96855
7335.10010 0.96863
7338.29980 0.96836
7341.60010 0.9679
7344.89990 0.96761
7348.10010 0.96756
7351.39990 0.96708
7354.70020 0.96696
7357.89990 0.9668
7361.20020 0.96642
7364.50000 0.96569
7367.70020 0.96542
7371.00000 0.9648
7374.29980 0.96439
7377.50000 0.96376
7380.79980 0.96313
7384.10010 0.96246
7387.29980 0.96239
7390.60010 0.9619
7393.89990 0.9616
7397.10010 0.9613
7400.39990 0.96096
7403.60010 0.96078
7406.89990 0.96072
7410.20020 0.9607
7413.39990 0.9607
7416.70020 0.96053
7419.89990 0.96037
7423.20020 0.95995
7426.50000 0.95976
7429.70020 0.95933
7433.00000 0.9588
7436.20020 0.95873
7439.50000 0.9589
7442.79980 0.95892
7446.00000 0.95875
7449.29980 0.95866
7452.50000 0.95861
7455.79980 0.95864
7459.00000 0.95895
7462.29980 0.95907
7465.50000 0.95933
7468.79980 0.95974
7472.00000 0.95969
7475.29980 0.95951
7478.50000 0.95952
7481.79980 0.95964
7485.00000 0.95998
7488.29980 0.96015
7491.50000 0.96034
7494.79980 0.96028
7498.00000 0.96066
7501.29980 0.96085
7504.50000 0.96085
7507.79980 0.9613
7511.00000 0.96127
7514.29980 0.9614
7517.50000 0.96139
7520.79980 0.96134
7524.00000 0.96179
7527.29980 0.96217
7530.50000 0.96287
7533.70020 0.96311
7537.00000 0.96314
7540.20020 0.96346
7543.50000 0.964
7546.70020 0.96458
7550.00000 0.96497
7553.20020 0.9655
7556.39990 0.96572
7559.70020 0.9657
7562.89990 0.96583
7566.20020 0.9658
7569.39990 0.96595
7572.60010 0.96644
7575.89990 0.96683
7579.10010 0.96646
7582.39990 0.96624
7585.60010 0.96644
7588.79980 0.96656
7592.10010 0.96654
7595.29980 0.96683
7598.50000 0.96724
7601.79980 0.96746
7605.00000 0.96769
7608.20020 0.96779
7611.50000 0.96793
7614.70020 0.96836
7617.89990 0.96869
7621.20020 0.96883
7624.39990 0.96897
7627.60010 0.96956
7630.89990 0.96962
7634.10010 0.96963
7637.29980 0.96955
7640.60010 0.96943
7643.79980 0.96965
7647.00000 0.96933
7650.20020 0.96907
7653.50000 0.96914
7656.70020 0.96909
7659.89990 0.96892
7663.20020 0.96878
7666.39990 0.96889
7669.60010 0.96912
7672.79980 0.96906
7676.10010 0.96929
7679.29980 0.96915
7682.50000 0.96963
7685.70020 0.96966
7689.00000 0.96968
7692.20020 0.96961
7695.39990 0.9698
7698.60010 0.96966
7701.79980 0.96975
7705.10010 0.96955
7708.29980 0.96996
7711.50000 0.96993
7714.70020 0.96969
7717.89990 0.96939
7721.20020 0.9695
7724.39990 0.96965
7727.60010 0.9699
7730.79980 0.9701
7734.00000 0.97036
7737.20020 0.97003
7740.50000 0.96983
7743.70020 0.96971
7746.89990 0.9697
7750.10010 0.96993
7753.29980 0.97021
7756.50000 0.9702
7759.70020 0.97015
7763.00000 0.96992
7766.20020 0.96972
7769.39990 0.96953
7772.60010 0.96968
7775.79980 0.96984
7779.00000 0.96987
7782.20020 0.96977
7785.39990 0.96987
7788.70020 0.96995
7791.89990 0.97011
7795.10010 0.97011
7798.29980 0.97009
7801.50000 0.97012
7804.70020 0.97024
7807.89990 0.97064
7811.10010 0.97077
7814.29980 0.9708
7817.50000 0.9711
7820.70020 0.97143
7823.89990 0.97119
7827.10010 0.97105
7830.29980 0.97108
7833.50000 0.97141
7836.70020 0.97125
7839.89990 0.9716
7843.10010 0.97145
7846.39990 0.97119
7849.60010 0.97106
7852.79980 0.97086
7856.00000 0.97025
7859.20020 0.97002
7862.39990 0.97015
7865.60010 0.96997
7868.79980 0.96956
7871.89990 0.96929
7875.10010 0.96883
7878.29980 0.96895
7881.50000 0.96893
7884.70020 0.96858
7887.89990 0.96824
7891.10010 0.96809
7894.29980 0.96816
7897.50000 0.96784
7900.70020 0.96789
7903.89990 0.96786
7907.10010 0.96837
7910.29980 0.9685
7913.50000 0.96811
7916.70020 0.96834
7919.89990 0.96878
7923.10010 0.96911
7926.29980 0.96944
7929.39990 0.96977
7932.60010 0.96994
