threeML/data/optical_filters/LCO/IMACS-WB3600.ecsv
# %ECSV 0.9
# ---
# datatype:
# - {name: wavelength, unit: Angstrom, datatype: float32}
# - {name: response, datatype: float32}
# meta: !!omap
# - {band_name: WB3600}
# - {group_name: IMACS}
wavelength response
[from data line 896]
4957.00000 0.8977
4959.00000 0.8974
4960.00000 0.897
4961.00000 0.8968
4963.00000 0.8964
4964.00000 0.8961
4966.00000 0.8957
4967.00000 0.8963
4969.00000 0.8964
4970.00000 0.8967
4972.00000 0.897
4973.00000 0.8977
4975.00000 0.8977
4976.00000 0.8974
4977.00000 0.8974
4979.00000 0.897
4980.00000 0.8969
4982.00000 0.8963
4983.00000 0.8966
4985.00000 0.897
4986.00000 0.8973
4988.00000 0.8975
4989.00000 0.8982
4990.00000 0.8982
4992.00000 0.8982
4993.00000 0.8986
4995.00000 0.8989
4996.00000 0.8986
4998.00000 0.8992
4999.00000 0.8991
5001.00000 0.8994
5002.00000 0.8996
5003.00000 0.9006
5005.00000 0.901
5006.00000 0.9018
5008.00000 0.902
5009.00000 0.902
5011.00000 0.9017
5012.00000 0.9021
5014.00000 0.903
5015.00000 0.9036
5017.00000 0.9048
5018.00000 0.906
5019.00000 0.9068
5021.00000 0.9067
5022.00000 0.9078
5024.00000 0.9084
5025.00000 0.9088
5027.00000 0.9093
5028.00000 0.9101
5029.00000 0.9097
5031.00000 0.9101
5032.00000 0.9107
5034.00000 0.9112
5035.00000 0.9117
5037.00000 0.9129
5038.00000 0.9132
5040.00000 0.9137
5041.00000 0.9142
5042.00000 0.9151
5044.00000 0.9155
5045.00000 0.9161
5047.00000 0.9163
5048.00000 0.9161
5050.00000 0.916
5051.00000 0.9166
5053.00000 0.9163
5054.00000 0.9167
5055.00000 0.9171
5057.00000 0.9177
5058.00000 0.9183
5060.00000 0.9191
5061.00000 0.9198
5063.00000 0.9205
5064.00000 0.9211
5065.00000 0.9211
5067.00000 0.9213
5068.00000 0.9213
5070.00000 0.9217
5071.00000 0.922
5073.00000 0.922
5074.00000 0.9225
5076.00000 0.9233
5077.00000 0.9235
5078.00000 0.9232
5080.00000 0.9239
5081.00000 0.924
5083.00000 0.9239
5084.00000 0.9245
5086.00000 0.9253
5087.00000 0.9253
5088.00000 0.9251
5090.00000 0.9248
5091.00000 0.9246
5093.00000 0.9244
5094.00000 0.9245
5096.00000 0.9252
5097.00000 0.9262
5098.00000 0.927
5100.00000 0.9276
5101.00000 0.9278
5103.00000 0.9279
5104.00000 0.9278
5106.00000 0.9274
5107.00000 0.9273
5109.00000 0.9279
5110.00000 0.9282
5111.00000 0.9285
5113.00000 0.9292
5114.00000 0.9294
5116.00000 0.9288
5117.00000 0.9284
5119.00000 0.9283
5120.00000 0.9279
5121.00000 0.9281
5123.00000 0.9282
5124.00000 0.9284
5126.00000 0.9286
5127.00000 0.9286
5129.00000 0.9288
5130.00000 0.9298
5131.00000 0.9299
5133.00000 0.9297
5134.00000 0.93
5136.00000 0.9296
5137.00000 0.9296
5139.00000 0.9299
5140.00000 0.9307
5141.00000 0.9307
5143.00000 0.9306
5144.00000 0.9305
5146.00000 0.931
5147.00000 0.931
5148.00000 0.9314
5150.00000 0.9319
5151.00000 0.9319
5153.00000 0.9316
5154.00000 0.9313
5156.00000 0.9311
5157.00000 0.9315
5158.00000 0.9314
5160.00000 0.9314
5161.00000 0.932
5163.00000 0.9321
5164.00000 0.9318
5166.00000 0.9324
5167.00000 0.9334
5168.00000 0.9329
5170.00000 0.9337
5171.00000 0.9336
5173.00000 0.9328
5174.00000 0.9325
5176.00000 0.9333
5177.00000 0.9336
5178.00000 0.9347
5180.00000 0.9354
5181.00000 0.936
5183.00000 0.9359
5184.00000 0.9363
5185.00000 0.9362
5187.00000 0.9367
5188.00000 0.937
5190.00000 0.937
5191.00000 0.9368
5193.00000 0.937
5194.00000 0.9373
5195.00000 0.9372
5197.00000 0.9377
5198.00000 0.9379
5200.00000 0.9381
5201.00000 0.9379
5202.00000 0.9377
5204.00000 0.9374
5205.00000 0.9374
5207.00000 0.937
5208.00000 0.9373
5210.00000 0.9378
5211.00000 0.9375
5212.00000 0.937
5214.00000 0.9375
5215.00000 0.9369
5217.00000 0.9369
5218.00000 0.937
5219.00000 0.9373
5221.00000 0.9371
5222.00000 0.9376
5224.00000 0.9374
5225.00000 0.9378
5227.00000 0.9373
5228.00000 0.9372
5229.00000 0.9373
5231.00000 0.937
5232.00000 0.9365
5234.00000 0.9379
5235.00000 0.9376
5236.00000 0.937
5238.00000 0.9368
5239.00000 0.937
5241.00000 0.9352
5242.00000 0.9354
5243.00000 0.9352
5245.00000 0.9346
5246.00000 0.9341
5248.00000 0.9346
5249.00000 0.9339
5250.00000 0.934
5252.00000 0.9345
5253.00000 0.9342
5255.00000 0.9333
5256.00000 0.933
5258.00000 0.9326
5259.00000 0.9315
5260.00000 0.9314
5262.00000 0.9319
5263.00000 0.932
5265.00000 0.9312
5266.00000 0.9315
5267.00000 0.9309
5269.00000 0.9303
5270.00000 0.93
5272.00000 0.9303
5273.00000 0.9303
5274.00000 0.9298
5276.00000 0.9284
5277.00000 0.9276
5279.00000 0.9265
5280.00000 0.9261
5281.00000 0.9255
5283.00000 0.926
5284.00000 0.9247
5286.00000 0.9235
5287.00000 0.9225
5288.00000 0.9222
5290.00000 0.9217
5291.00000 0.9227
5293.00000 0.9234
5294.00000 0.9228
5295.00000 0.9221
5297.00000 0.9211
5298.00000 0.9202
5300.00000 0.9189
5301.00000 0.9193
5302.00000 0.9186
5304.00000 0.9179
5305.00000 0.917
5307.00000 0.9173
5308.00000 0.9162
5309.00000 0.9165
5311.00000 0.9162
5312.00000 0.9156
5314.00000 0.9154
5315.00000 0.9148
5316.00000 0.9135
5318.00000 0.9144
5319.00000 0.9149
5321.00000 0.9142
5322.00000 0.9135
5323.00000 0.9132
5325.00000 0.9123
5326.00000 0.9113
5328.00000 0.9105
5329.00000 0.9112
5330.00000 0.9111
5332.00000 0.9098
5333.00000 0.9094
5335.00000 0.9099
5336.00000 0.9094
5337.00000 0.9094
5339.00000 0.9109
5340.00000 0.9111
5342.00000 0.9113
5343.00000 0.9099
5344.00000 0.911
5346.00000 0.9109
5347.00000 0.9111
5349.00000 0.9117
5350.00000 0.9131
5351.00000 0.9128
5353.00000 0.9123
5354.00000 0.9126
5356.00000 0.912
5357.00000 0.9118
5358.00000 0.9122
5360.00000 0.9126
5361.00000 0.914
5363.00000 0.9144
5364.00000 0.915
5365.00000 0.9154
5367.00000 0.915
5368.00000 0.9139
5369.00000 0.9155
5371.00000 0.9167
5372.00000 0.9168
5374.00000 0.9184
5375.00000 0.9199
5376.00000 0.9201
5378.00000 0.9194
5379.00000 0.9198
5381.00000 0.9205
5382.00000 0.9218
5383.00000 0.9209
5385.00000 0.9212
5386.00000 0.9228
5388.00000 0.9244
5389.00000 0.9241
5390.00000 0.9251
5392.00000 0.9253
5393.00000 0.9259
5394.00000 0.9255
5396.00000 0.9246
5397.00000 0.9248
5399.00000 0.9255
5400.00000 0.9255
5401.00000 0.9246
5403.00000 0.926
5404.00000 0.9277
5406.00000 0.9292
5407.00000 0.9289
5408.00000 0.9307
5410.00000 0.9319
5411.00000 0.9316
5412.00000 0.931
5414.00000 0.9331
5415.00000 0.9337
5417.00000 0.9339
5418.00000 0.9354
5419.00000 0.9373
5421.00000 0.9377
5422.00000 0.9382
5424.00000 0.9394
5425.00000 0.9394
5426.00000 0.9393
5428.00000 0.94
5429.00000 0.9395
5430.00000 0.9384
5432.00000 0.9378
5433.00000 0.9382
5435.00000 0.9391
5436.00000 0.941
5437.00000 0.9422
5439.00000 0.9445
5440.00000 0.9469
5441.00000 0.9464
5443.00000 0.9452
5444.00000 0.9463
5446.00000 0.9451
5447.00000 0.9438
5448.00000 0.9443
5450.00000 0.9458
5451.00000 0.9444
5453.00000 0.9463
5454.00000 0.9457
5455.00000 0.9448
5457.00000 0.9426
5458.00000 0.9433
5459.00000 0.9402
5461.00000 0.9391
5462.00000 0.9387
5464.00000 0.9398
5465.00000 0.9392
5466.00000 0.9395
5468.00000 0.9406
5469.00000 0.9405
5470.00000 0.9396
5472.00000 0.9395
5473.00000 0.9398
5475.00000 0.9386
5476.00000 0.9389
5477.00000 0.9393
5479.00000 0.9388
5480.00000 0.9403
5481.00000 0.9411
5483.00000 0.9406
5484.00000 0.9395
5485.00000 0.9394
5487.00000 0.9377
5488.00000 0.9367
5490.00000 0.9367
5491.00000 0.9373
5492.00000 0.9364
5494.00000 0.937
5495.00000 0.9344
5496.00000 0.9323
5498.00000 0.9308
5499.00000 0.9319
5501.00000 0.9291
5502.00000 0.931
5503.00000 0.9315
5505.00000 0.9312
5506.00000 0.9286
5507.00000 0.9291
5509.00000 0.9261
5510.00000 0.9245
5512.00000 0.9224
5513.00000 0.9227
5514.00000 0.9225
5516.00000 0.924
5517.00000 0.9236
5518.00000 0.9245
5520.00000 0.9225
5521.00000 0.9209
5522.00000 0.9193
5524.00000 0.9193
5525.00000 0.9195
5527.00000 0.9202
5528.00000 0.9205
5529.00000 0.9224
5531.00000 0.9228
5532.00000 0.9213
5533.00000 0.9226
5535.00000 0.9228
5536.00000 0.9231
5537.00000 0.9233
5539.00000 0.9232
5540.00000 0.9214
5542.00000 0.9217
5543.00000 0.9215
5544.00000 0.9211
5546.00000 0.9241
5547.00000 0.9269
5548.00000 0.9293
5550.00000 0.9287
5551.00000 0.929
5552.00000 0.9291
5554.00000 0.9291
5555.00000 0.927
5557.00000 0.9268
5558.00000 0.9288
5559.00000 0.9295
5561.00000 0.9313
5562.00000 0.9335
5563.00000 0.9344
5565.00000 0.9366
5566.00000 0.9377
5567.00000 0.9363
5569.00000 0.9365
5570.00000 0.9382
5572.00000 0.9347
5573.00000 0.9356
5574.00000 0.9378
5576.00000 0.9384
5577.00000 0.9372
5578.00000 0.9407
5580.00000 0.9396
5581.00000 0.9404
5582.00000 0.9415
5584.00000 0.9423
5585.00000 0.9414
5586.00000 0.9433
5588.00000 0.9426
5589.00000 0.9408
5591.00000 0.9424
5592.00000 0.9427
5593.00000 0.9408
5595.00000 0.9378
5596.00000 0.9396
5597.00000 0.9377
5599.00000 0.9358
5600.00000 0.9342
5601.00000 0.9361
5603.00000 0.932
5604.00000 0.9338
5605.00000 0.933
5607.00000 0.9323
5608.00000 0.9306
5609.00000 0.932
5611.00000 0.9284
5612.00000 0.9243
5614.00000 0.9202
5615.00000 0.9172
5616.00000 0.9105
5618.00000 0.9058
5619.00000 0.9016
5620.00000 0.8973
5622.00000 0.8917
5623.00000 0.8877
5624.00000 0.8812
5626.00000 0.8752
5627.00000 0.8696
5628.00000 0.8599
5630.00000 0.8517
5631.00000 0.8438
5632.00000 0.8377
5634.00000 0.8293
5635.00000 0.8231
5636.00000 0.817
5638.00000 0.8099
5639.00000 0.801
5641.00000 0.7902
5642.00000 0.7783
5643.00000 0.7662
5645.00000 0.7567
5646.00000 0.747
5647.00000 0.7349
5649.00000 0.7259
5650.00000 0.7154
5651.00000 0.699
5653.00000 0.6859
5654.00000 0.6786
5655.00000 0.669
5657.00000 0.6606
5658.00000 0.6514
5659.00000 0.6411
5661.00000 0.6305
5662.00000 0.6159
5663.00000 0.599
5665.00000 0.5877
5666.00000 0.5783
5667.00000 0.569
5669.00000 0.5608
5670.00000 0.5501
5671.00000 0.5399
5673.00000 0.5268
5674.00000 0.5089
5675.00000 0.494
5677.00000 0.4842
5678.00000 0.4753
5679.00000 0.4666
5681.00000 0.4569
5682.00000 0.4483
5684.00000 0.4362
5685.00000 0.4229
5686.00000 0.4103
5688.00000 0.4047
5689.00000 0.3986
5690.00000 0.389
5692.00000 0.3792
5693.00000 0.3689
5694.00000 0.3555
5696.00000 0.3466
5697.00000 0.3416
5698.00000 0.3378
5700.00000 0.3344
5701.00000 0.3307
5702.00000 0.3193
5704.00000 0.3081
5705.00000 0.2967
5706.00000 0.2857
5708.00000 0.2767
5709.00000 0.2727
5710.00000 0.268
5712.00000 0.2658
5713.00000 0.2595
5714.00000 0.2528
5716.00000 0.2411
5717.00000 0.2356
5718.00000 0.2243
5720.00000 0.2174
5721.00000 0.2102
5722.00000 0.2099
5724.00000 0.2051
5725.00000 0.2062
5726.00000 0.2052
5728.00000 0.2079
5729.00000 0.2059
5730.00000 0.2059
5732.00000 0.2005
5733.00000 0.1982
5734.00000 0.1917
5736.00000 0.1875
5737.00000 0.1749
5738.00000 0.1675
5740.00000 0.1564
5741.00000 0.1496
5742.00000 0.1401
5744.00000 0.1411
5745.00000 0.1379
5746.00000 0.138
5748.00000 0.1337
5749.00000 0.135
5750.00000 0.1307
5752.00000 0.1304
5753.00000 0.1289
5754.00000 0.1304
5756.00000 0.1298
5757.00000 0.1332
5758.00000 0.1331
5760.00000 0.1356
5761.00000 0.1381
5762.00000 0.1378
5764.00000 0.1384
5765.00000 0.1413
5766.00000 0.1368
5768.00000 0.1342
5769.00000 0.1322
5770.00000 0.1288
5772.00000 0.1256
5773.00000 0.1313
5774.00000 0.1279
5775.00000 0.1303
5777.00000 0.1267
5778.00000 0.1295
5779.00000 0.1206
5781.00000 0.1217
5782.00000 0.1151
5783.00000 0.1185
5785.00000 0.1156
5786.00000 0.1175
5787.00000 0.1094
5789.00000 0.1152
5790.00000 0.1043
5791.00000 0.0938
5793.00000 0.0886
5794.00000 0.0863
5795.00000 0.0711
5797.00000 0.0686
5798.00000 0.0603
5799.00000 0.0558
5801.00000 0.0589
5802.00000 0.0579
5988.70020 0.01368
5992.10010 0.01383
5995.60010 0.01353
5999.00000 0.01341
6002.50000 0.01325
6005.89990 0.01314
6009.29980 0.01291
6012.79980 0.01278
6016.20020 0.01267
6019.70020 0.01261
6023.10010 0.0125
6026.60010 0.01245
6030.00000 0.01237
6033.39990 0.01233
6036.89990 0.01223
6040.29980 0.01225
6043.70020 0.01212
6047.20020 0.01209
6050.60010 0.01204
6054.10010 0.01202
6057.50000 0.01206
6060.89990 0.01216
6064.39990 0.01206
6067.79980 0.01204
6071.20020 0.012
6074.70020 0.01199
6078.10010 0.01184
6081.50000 0.0121
6085.00000 0.01227
6088.39990 0.01264
6091.79980 0.01274
6095.29980 0.01318
6098.70020 0.01347
6102.10010 0.01407
6105.60010 0.0145
6109.00000 0.01511
6112.39990 0.01552
6115.79980 0.016
6119.29980 0.01617
6122.70020 0.01633
6126.10010 0.01638
6129.60010 0.01666
6133.00000 0.01664
6136.39990 0.01661
6139.79980 0.01661
6143.29980 0.01684
6146.70020 0.01686
6150.10010 0.01765
6153.50000 0.01833
6157.00000 0.01921
6160.39990 0.01999
6163.79980 0.02087
6167.20020 0.02106
6170.60010 0.0214
6174.10010 0.02153
6177.50000 0.02168
6180.89990 0.02179
6184.29980 0.02231
6187.79980 0.02261
6191.20020 0.02336
6194.60010 0.02407
6198.00000 0.02494
6201.39990 0.02544
6204.79980 0.02619
6208.29980 0.02661
6211.70020 0.02695
6215.10010 0.02753
6218.50000 0.02853
6221.89990 0.02944
6225.29980 0.03029
6228.79980 0.03119
6232.20020 0.03166
6235.60010 0.03174
6239.00000 0.03204
6242.39990 0.03228
6245.79980 0.03284
6249.20020 0.03359
6252.60010 0.03429
6256.10010 0.03489
6259.50000 0.03539
6262.89990 0.03575
6266.29980 0.0359
6269.70020 0.03604
6273.10010 0.03613
6276.50000 0.03626
6279.89990 0.03618
6283.29980 0.03623
6286.70020 0.03628
6290.10010 0.03621
6293.50000 0.03617
6297.00000 0.0361
6300.39990 0.03596
6303.79980 0.03568
6307.20020 0.03543
6310.60010 0.03515
6314.00000 0.03489
6317.39990 0.03424
6320.79980 0.03364
6324.20020 0.03282
6327.60010 0.03199
6331.00000 0.03115
6334.39990 0.03076
6337.79980 0.03036
6341.20020 0.03013
6344.60010 0.02986
6348.00000 0.02935
6351.39990 0.02868
6354.79980 0.0279
6358.20020 0.027
6361.60010 0.02615
6365.00000 0.02562
6368.39990 0.0251
6371.79980 0.02476
6375.20020 0.02463
6378.60010 0.02444
6382.00000 0.02397
6385.39990 0.02357
6388.70020 0.02294
6392.10010 0.02218
6395.50000 0.02148
6398.89990 0.02087
6402.29980 0.02025
6405.70020 0.01977
6409.10010 0.01952
6412.50000 0.01926
6415.89990 0.0191
6419.29980 0.01901
6422.70020 0.01898
6426.10010 0.01887
6429.39990 0.01872
6432.79980 0.01866
6436.20020 0.01854
6439.60010 0.01832
6443.00000 0.01808
6446.39990 0.01786
6449.79980 0.0175
6453.20020 0.01732
6456.50000 0.01714
6459.89990 0.01691
6463.29980 0.01658
6466.70020 0.01634
6470.10010 0.01592
6473.50000 0.01546
6476.79980 0.0154
6480.20020 0.01538
6483.60010 0.01516
6487.00000 0.01501
6490.39990 0.01499
6493.79980 0.01494
6497.10010 0.01469
6500.50000 0.01476
6503.89990 0.01466
6507.29980 0.01468
6510.60010 0.01452
6514.00000 0.01457
6517.39990 0.01457
6520.79980 0.01474
6524.20020 0.01489
6527.50000 0.01495
6530.89990 0.01516
6534.29980 0.01523
6537.70020 0.01547
6541.00000 0.01555
6544.39990 0.01574
6547.79980 0.01587
6551.20020 0.01622
6554.50000 0.01642
6557.89990 0.01673
6561.29980 0.01691
6564.60010 0.01715
6568.00000 0.01719
6571.39990 0.01721
6574.79980 0.01726
6578.10010 0.0174
6581.50000 0.01745
6584.89990 0.01764
6588.20020 0.01796
6591.60010 0.01824
6595.00000 0.01838
6598.29980 0.01901
6601.70020 0.01957
6605.10010 0.01997
6608.39990 0.02038
6611.79980 0.02092
6615.20020 0.02104
6618.50000 0.02128
6621.89990 0.02189
6625.29980 0.02273
6628.60010 0.02342
6632.00000 0.02424
6635.29980 0.02495
6638.70020 0.02541
6642.10010 0.02565
6645.39990 0.02626
6648.79980 0.02679
6652.10010 0.02751
6655.50000 0.02817
6658.89990 0.02892
6662.20020 0.02956
6665.60010 0.03021
6668.89990 0.031
6672.29980 0.0318
6675.70020 0.03254
6679.00000 0.03309
6682.39990 0.0338
6685.70020 0.03408
6689.10010 0.03446
6692.39990 0.03492
6695.79980 0.03542
6699.10010 0.03571
6702.50000 0.036
6705.89990 0.03633
6709.20020 0.03655
6712.60010 0.03661
6715.89990 0.03654
6719.29980 0.0364
6722.60010 0.03609
6726.00000 0.03557
6729.29980 0.03499
6732.70020 0.03458
6736.00000 0.03421
6739.39990 0.03382
6742.70020 0.03339
6746.10010 0.03273
6749.39990 0.03194
6752.79980 0.03105
6756.10010 0.03005
6759.39990 0.0289
6762.79980 0.02801
6766.10010 0.02706
6769.50000 0.02627
6772.79980 0.02551
6776.20020 0.02482
6779.50000 0.02402
6782.89990 0.02326
6786.20020 0.02244
6789.50000 0.02131
6792.89990 0.02023
6796.20020 0.01933
6799.60010 0.01858
6802.89990 0.01783
6806.20020 0.01741
6809.60010 0.0171
6812.89990 0.01646
6816.29980 0.01576
6819.60010 0.01493
6822.89990 0.01415
6826.29980 0.01354
6829.60010 0.01318
6833.00000 0.01274
6836.29980 0.01238
6839.60010 0.01183
6843.00000 0.01114
6846.29980 0.01061
6849.60010 0.01005
6853.00000 0.00958
6856.29980 0.00926
6859.60010 0.00911
6863.00000 0.00894
6866.29980 0.00893
6869.60010 0.00882
6873.00000 0.00879
6876.29980 0.00873
6879.60010 0.00856
6883.00000 0.00826
6886.29980 0.00785
6889.60010 0.00729
6892.89990 0.00681
