threeML/data/optical_filters/LCO/IMACS-NB8200.ecsv
# %ECSV 0.9
# ---
# datatype:
# - {name: wavelength, unit: Angstrom, datatype: float32}
# - {name: response, datatype: float32}
# meta: !!omap
# - {band_name: NB8200}
# - {group_name: IMACS}
wavelength response
7202.43018 0.0
8002.70020 0.00042
8005.89990 0.0006
8009.10010 0.00094
8012.20020 0.00138
8015.39990 0.00152
8018.60010 0.0017
8021.79980 0.00152
8025.00000 0.00164
8028.10010 0.00159
8031.29980 0.00197
8034.50000 0.00212
8037.70020 0.0029
8040.79980 0.00319
8044.00000 0.00364
8047.20020 0.00431
8050.39990 0.00494
8053.50000 0.00526
8056.70020 0.00576
8059.89990 0.00616
8063.10010 0.00636
8066.20020 0.00726
8069.39990 0.00857
8072.60010 0.0101
8075.70020 0.0127
8078.89990 0.01597
8082.10010 0.02006
8085.20020 0.02571
8088.39990 0.03431
8091.60010 0.04644
8094.79980 0.06457
8097.89990 0.09103
8101.10010 0.12935
8104.29980 0.18233
8107.39990 0.25237
8110.60010 0.34047
8113.70020 0.44171
8116.89990 0.54892
8120.10010 0.65345
8123.20020 0.74616
8126.39990 0.82111
8129.60010 0.87577
8132.70020 0.91239
8135.89990 0.93588
8139.10010 0.94895
8142.20020 0.95588
8145.39990 0.95913
8148.50000 0.96088
8151.70020 0.96127
8154.89990 0.96229
8158.00000 0.96213
8161.20020 0.96267
8164.29980 0.96338
8167.50000 0.96388
8170.60010 0.96391
8173.79980 0.96437
8177.00000 0.96483
8180.10010 0.96482
8183.29980 0.96541
8186.39990 0.965
8189.60010 0.96467
8192.70020 0.96448
8195.90039 0.96453
8199.00000 0.96371
8202.20020 0.96328
8205.40039 0.96328
8208.50000 0.96313
8211.70020 0.96169
8214.79980 0.95974
8218.00000 0.95558
8221.09961 0.94826
8224.29980 0.93603
8227.40039 0.91704
8230.59961 0.88941
8233.70020 0.85069
8236.90039 0.79832
8240.00000 0.7326
8243.20020 0.65592
8246.29980 0.56974
8249.40039 0.48108
8252.59961 0.39458
8255.70020 0.31534
8258.90039 0.24644
8262.00000 0.18893
8265.20020 0.14343
8268.29980 0.10763
8271.50000 0.08064
8274.59961 0.06019
8277.70020 0.04481
8280.90039 0.03373
8284.00000 0.02563
8287.20020 0.02004
8290.29980 0.0157
8293.50000 0.01259
8296.59961 0.01005
8299.70020 0.00853
8302.90039 0.00687
8306.00000 0.00597
8309.09961 0.00534
8312.29980 0.00439
8315.40039 0.00366
8318.59961 0.00271
8321.70020 0.00194
8324.79980 0.0014
8328.00000 0.00111
8331.09961 0.00058
8334.20020 0.00057
8337.40039 0.00038
8340.50000 0.00036
8343.59961 0.00031
8346.79980 0.0005
8349.90039 0.00051
8353.00000 0.0005
8356.20020 0.00031
8359.29980 0.00037
8362.40039 0.00017
8365.59961 0.00016
8368.70020 0.00018
8371.79980 0.00016
8374.90039 0.00011
8378.09961 9e-05
8381.20020 4e-05
8384.29980 2e-05
8387.50000 4e-05
9226.25000 0.0
