threeML/data/optical_filters/LCO/IMACS-Bessell_B2.ecsv
# %ECSV 0.9
# ---
# datatype:
# - {name: wavelength, unit: Angstrom, datatype: float32}
# - {name: response, datatype: float32}
# meta: !!omap
# - {band_name: Bessell_B2}
# - {group_name: IMACS}
wavelength response
[from data line 895]
5071.00000 0.0978
5073.00000 0.0965
5074.00000 0.0955
5076.00000 0.0944
5077.00000 0.0932
5078.00000 0.0922
5080.00000 0.0912
5081.00000 0.09
5083.00000 0.089
5084.00000 0.0881
5086.00000 0.0872
5087.00000 0.0864
5088.00000 0.0857
5090.00000 0.0851
5091.00000 0.0843
5093.00000 0.0833
5094.00000 0.0819
5096.00000 0.0809
5097.00000 0.0796
5098.00000 0.0788
5100.00000 0.0778
5101.00000 0.0772
5103.00000 0.0762
5104.00000 0.0752
5106.00000 0.0742
5107.00000 0.0736
5109.00000 0.0729
5110.00000 0.072
5111.00000 0.0712
5113.00000 0.0703
5114.00000 0.0694
5116.00000 0.0688
5117.00000 0.0683
5119.00000 0.068
5120.00000 0.0673
5121.00000 0.0666
5123.00000 0.0657
5124.00000 0.065
5126.00000 0.0641
5127.00000 0.0634
5129.00000 0.0628
5130.00000 0.0619
5131.00000 0.061
5133.00000 0.0604
5134.00000 0.0598
5136.00000 0.0592
5137.00000 0.0586
5139.00000 0.0579
5140.00000 0.0572
5141.00000 0.0566
5143.00000 0.0558
5144.00000 0.0553
5146.00000 0.0546
5147.00000 0.0541
5148.00000 0.0531
5150.00000 0.0526
5151.00000 0.0522
5153.00000 0.052
5154.00000 0.0515
5156.00000 0.051
5157.00000 0.0504
5158.00000 0.0496
5160.00000 0.0486
5161.00000 0.048
5163.00000 0.0473
5164.00000 0.0467
5166.00000 0.0463
5167.00000 0.0459
5168.00000 0.045
5170.00000 0.0445
5171.00000 0.0438
5173.00000 0.0431
5174.00000 0.0427
5176.00000 0.0425
5177.00000 0.0421
5178.00000 0.0418
5180.00000 0.041
5181.00000 0.0403
5183.00000 0.0396
5184.00000 0.0391
5185.00000 0.0385
5187.00000 0.0382
5188.00000 0.038
5190.00000 0.0377
5191.00000 0.037
5193.00000 0.0364
5194.00000 0.0355
5195.00000 0.0347
5197.00000 0.034
5198.00000 0.0339
5200.00000 0.0336
5201.00000 0.0336
5202.00000 0.0332
5204.00000 0.0329
5205.00000 0.0321
5207.00000 0.0315
5208.00000 0.0307
5210.00000 0.0301
5211.00000 0.0295
5212.00000 0.0292
5214.00000 0.0288
5215.00000 0.0289
5217.00000 0.0287
5218.00000 0.0287
5219.00000 0.0285
5221.00000 0.0279
5222.00000 0.0273
5224.00000 0.0266
5225.00000 0.0256
5227.00000 0.0247
5228.00000 0.0242
5229.00000 0.0236
5231.00000 0.0235
5232.00000 0.0236
5234.00000 0.0237
5235.00000 0.0239
5236.00000 0.024
5238.00000 0.024
5239.00000 0.0241
5241.00000 0.0236
5242.00000 0.0231
5243.00000 0.0224
5245.00000 0.022
5246.00000 0.0211
5248.00000 0.0207
5249.00000 0.0202
5250.00000 0.0198
5252.00000 0.0191
5253.00000 0.0187
5255.00000 0.0183
5256.00000 0.018
5258.00000 0.018
5259.00000 0.0179
5260.00000 0.018
5262.00000 0.0181
5263.00000 0.0182
5265.00000 0.0183
5266.00000 0.0183
5267.00000 0.0182
5269.00000 0.018
5270.00000 0.0177
5272.00000 0.0172
5273.00000 0.0171
5274.00000 0.0167
5276.00000 0.0162
5277.00000 0.0159
5279.00000 0.0156
5280.00000 0.0149
5281.00000 0.0147
5283.00000 0.0144
5284.00000 0.0141
5286.00000 0.0135
5287.00000 0.0131
5288.00000 0.0127
5290.00000 0.0122
5291.00000 0.0118
5293.00000 0.0117
5294.00000 0.0115
5295.00000 0.0113
5297.00000 0.0113
5298.00000 0.0114
5300.00000 0.0114
5301.00000 0.0113
5302.00000 0.0113
5304.00000 0.0114
5305.00000 0.0114
5307.00000 0.0113
5308.00000 0.0115
5309.00000 0.0115
5311.00000 0.0116
5312.00000 0.0117
5314.00000 0.0119
5315.00000 0.0119
5316.00000 0.012
5318.00000 0.012
5319.00000 0.0121
5321.00000 0.012
5322.00000 0.0121
5323.00000 0.0122
5325.00000 0.0123
5326.00000 0.0121
5328.00000 0.0123
5329.00000 0.0122
5330.00000 0.0122
5332.00000 0.0122
5333.00000 0.0126
5335.00000 0.0128
5336.00000 0.0131
5337.00000 0.0133
5339.00000 0.0133
5340.00000 0.0133
5342.00000 0.0134
5343.00000 0.0133
5344.00000 0.0135
5346.00000 0.0134
5347.00000 0.0132
5349.00000 0.0132
5350.00000 0.0134
5351.00000 0.0131
5353.00000 0.0134
5354.00000 0.013
5356.00000 0.0127
5357.00000 0.0126
5358.00000 0.0126
5360.00000 0.0122
5361.00000 0.0123
5363.00000 0.012
5364.00000 0.0117
5365.00000 0.0119
5367.00000 0.0126
5368.00000 0.0123
5369.00000 0.0128
5371.00000 0.0126
5372.00000 0.0121
5374.00000 0.0115
5375.00000 0.0124
5376.00000 0.0121
5378.00000 0.0123
5379.00000 0.0118
5381.00000 0.0112
5382.00000 0.0104
5383.00000 0.0108
5385.00000 0.0111
5386.00000 0.0114
5388.00000 0.0111
5389.00000 0.0112
5390.00000 0.011
5392.00000 0.0103
5393.00000 0.0108
5394.00000 0.0107
5396.00000 0.0104
5397.00000 0.01
5399.00000 0.0098
5400.00000 0.0092
5401.00000 0.0102
5403.00000 0.0096
5404.00000 0.0095
5406.00000 0.0098
5407.00000 0.0095
5408.00000 0.0089
5410.00000 0.0089
5411.00000 0.0091
5412.00000 0.0083
5414.00000 0.0086
5415.00000 0.0086
5417.00000 0.0091
5418.00000 0.0093
5419.00000 0.01
5421.00000 0.0096
5422.00000 0.0098
5424.00000 0.0094
5425.00000 0.0091
5426.00000 0.0084
5428.00000 0.0087
5429.00000 0.0087
5430.00000 0.0098
5432.00000 0.0095
5433.00000 0.0094
5435.00000 0.0088
5436.00000 0.0089
5437.00000 0.0085
5439.00000 0.009
5440.00000 0.0094
5441.00000 0.0095
5443.00000 0.0089
5444.00000 0.008
5446.00000 0.0077
5447.00000 0.0083
5448.00000 0.0083
5450.00000 0.0082
5451.00000 0.0086
5453.00000 0.0085
5454.00000 0.0081
5455.00000 0.0078
5457.00000 0.0075
5458.00000 0.0072
5459.00000 0.0072
5461.00000 0.0059
5462.00000 0.0073
5464.00000 0.0086
5465.00000 0.0091
5466.00000 0.0099
5468.00000 0.0118
5469.00000 0.0107
5470.00000 0.0094
5472.00000 0.01
5473.00000 0.0087
5475.00000 0.0081
5476.00000 0.0086
5477.00000 0.0093
5479.00000 0.0095
5480.00000 0.01
5481.00000 0.0097
5483.00000 0.0091
5484.00000 0.0088
5485.00000 0.0071
5487.00000 0.0063
5488.00000 0.0062
5490.00000 0.0062
5491.00000 0.0066
5492.00000 0.0074
5494.00000 0.0075
5495.00000 0.0086
5496.00000 0.0085
5498.00000 0.009
5499.00000 0.0086
5501.00000 0.0083
5502.00000 0.007
5503.00000 0.0081
5505.00000 0.0071
6055.50000 0.0
