threeML/data/optical_filters/LCO/IMACS-Bessell_R2.ecsv
# %ECSV 0.9
# ---
# datatype:
# - {name: wavelength, unit: Angstrom, datatype: float32}
# - {name: response, datatype: float32}
# meta: !!omap
# - {band_name: Bessell_R2}
# - {group_name: IMACS}
wavelength response
4950.89990 0.0
5501.00000 0.001
5502.00000 0.0008
5503.00000 0.0013
5505.00000 0.0011
5506.00000 0.001
5507.00000 0.0008
5509.00000 0.0013
5510.00000 0.0018
5512.00000 0.0023
5513.00000 0.0024
5514.00000 0.0026
5516.00000 0.0027
5517.00000 0.0023
5518.00000 0.0018
5520.00000 0.002
5521.00000 0.0022
5522.00000 0.0021
5524.00000 0.0029
5525.00000 0.0038
5527.00000 0.0043
5528.00000 0.0059
5529.00000 0.0068
5531.00000 0.0071
5532.00000 0.008
5533.00000 0.0086
5535.00000 0.0096
5536.00000 0.0124
5537.00000 0.0152
5539.00000 0.0177
5540.00000 0.0209
5542.00000 0.0243
5543.00000 0.0264
5544.00000 0.0294
5546.00000 0.032
5547.00000 0.0348
5548.00000 0.0359
5550.00000 0.0375
5551.00000 0.0383
5552.00000 0.0396
5554.00000 0.04
5555.00000 0.041
5557.00000 0.0411
5558.00000 0.0417
5559.00000 0.0418
5561.00000 0.0428
5562.00000 0.0433
5563.00000 0.0452
5565.00000 0.0462
5566.00000 0.0494
5567.00000 0.053
5569.00000 0.0596
5570.00000 0.0665
5572.00000 0.074
5573.00000 0.0806
5574.00000 0.0865
5576.00000 0.0892
5577.00000 0.0913
5578.00000 0.0937
5580.00000 0.0947
5581.00000 0.0959
5582.00000 0.0989
5584.00000 0.1024
5585.00000 0.1068
5586.00000 0.1146
5588.00000 0.1234
5589.00000 0.1302
5591.00000 0.1372
5592.00000 0.1442
5593.00000 0.1486
5595.00000 0.1517
5596.00000 0.1566
5597.00000 0.1589
5599.00000 0.1607
5600.00000 0.1643
5601.00000 0.1675
5603.00000 0.1701
5604.00000 0.1742
5605.00000 0.18
5607.00000 0.1879
5608.00000 0.1982
5609.00000 0.2081
5611.00000 0.2176
5612.00000 0.2265
5614.00000 0.2297
5615.00000 0.232
5616.00000 0.2353
5618.00000 0.2411
5619.00000 0.2447
5620.00000 0.254
5622.00000 0.262
5623.00000 0.2725
5624.00000 0.2801
5626.00000 0.2925
5627.00000 0.2998
5628.00000 0.3078
5630.00000 0.3122
5631.00000 0.3186
5632.00000 0.3222
5634.00000 0.3254
5635.00000 0.329
5636.00000 0.3323
5638.00000 0.336
5639.00000 0.3415
5641.00000 0.3509
5642.00000 0.3614
5643.00000 0.3722
5645.00000 0.3841
5646.00000 0.391
5647.00000 0.3976
5649.00000 0.4028
5650.00000 0.4101
5651.00000 0.414
5653.00000 0.4215
5654.00000 0.4272
5655.00000 0.4337
5657.00000 0.4373
5658.00000 0.4427
5659.00000 0.4476
5661.00000 0.4533
5662.00000 0.4582
5663.00000 0.4641
5665.00000 0.4694
5666.00000 0.4754
5667.00000 0.4847
5669.00000 0.4902
5670.00000 0.4966
5671.00000 0.505
5673.00000 0.508
5674.00000 0.5095
5675.00000 0.5167
5677.00000 0.5228
5678.00000 0.5294
5679.00000 0.5349
5681.00000 0.5429
5682.00000 0.5463
5684.00000 0.5526
5685.00000 0.5588
5686.00000 0.5674
5688.00000 0.5743
5689.00000 0.5818
5690.00000 0.5906
5692.00000 0.5952
5693.00000 0.6058
5694.00000 0.6081
5696.00000 0.6136
5697.00000 0.6177
5698.00000 0.6213
5700.00000 0.6215
5988.70020 0.86939
5992.10010 0.86482
5995.60010 0.86161
5999.00000 0.86096
6002.50000 0.86085
6005.89990 0.86066
6009.29980 0.85912
6012.79980 0.85971
6016.20020 0.85936
6019.70020 0.85904
6023.10010 0.85883
6026.60010 0.85946
6030.00000 0.85941
6033.39990 0.85985
6036.89990 0.85866
6040.29980 0.85803
6043.70020 0.85746
6047.20020 0.85538
6050.60010 0.85379
6054.10010 0.85377
6057.50000 0.85365
6060.89990 0.85334
6064.39990 0.85398
6067.79980 0.85385
6071.20020 0.85356
6074.70020 0.85278
6078.10010 0.85195
6081.50000 0.85113
6085.00000 0.85048
6088.39990 0.84982
6091.79980 0.84892
6095.29980 0.84812
6098.70020 0.84768
6102.10010 0.84746
6105.60010 0.84668
6109.00000 0.84643
6112.39990 0.84565
6115.79980 0.84499
6119.29980 0.84383
6122.70020 0.84324
6126.10010 0.84223
6129.60010 0.84204
6133.00000 0.84075
6136.39990 0.84001
6139.79980 0.83958
6143.29980 0.8395
6146.70020 0.83863
6150.10010 0.83861
6153.50000 0.83796
6157.00000 0.8367
6160.39990 0.83534
6163.79980 0.83458
6167.20020 0.83326
6170.60010 0.83244
6174.10010 0.83176
6177.50000 0.83134
6180.89990 0.83047
6184.29980 0.82987
6187.79980 0.82895
6191.20020 0.82829
6194.60010 0.82697
6198.00000 0.82558
6201.39990 0.82461
6204.79980 0.82402
6208.29980 0.82316
6211.70020 0.82257
6215.10010 0.82177
6218.50000 0.8208
6221.89990 0.81956
6225.29980 0.81915
6228.79980 0.81789
6232.20020 0.8171
6235.60010 0.8162
6239.00000 0.81578
6242.39990 0.81414
6245.79980 0.8134
6249.20020 0.81289
6252.60010 0.81179
6256.10010 0.81041
6259.50000 0.80988
6262.89990 0.80955
6266.29980 0.80836
6269.70020 0.80758
6273.10010 0.80691
6276.50000 0.80541
6279.89990 0.80392
6283.29980 0.80272
6286.70020 0.80154
6290.10010 0.80083
6293.50000 0.80027
6297.00000 0.79894
6300.39990 0.79846
6303.79980 0.79789
6307.20020 0.79641
6310.60010 0.79516
6314.00000 0.79464
6317.39990 0.79342
6320.79980 0.79244
6324.20020 0.7921
6327.60010 0.79113
6331.00000 0.79025
6334.39990 0.78903
6337.79980 0.78836
6341.20020 0.78723
6344.60010 0.78594
6348.00000 0.78504
6351.39990 0.78436
6354.79980 0.78282
6358.20020 0.78126
6361.60010 0.7809
6365.00000 0.77924
6368.39990 0.77818
6371.79980 0.77735
6375.20020 0.77646
6378.60010 0.77525
6382.00000 0.77478
6385.39990 0.77336
6388.70020 0.77242
6392.10010 0.77141
6395.50000 0.7707
6398.89990 0.76949
6402.29980 0.76912
6405.70020 0.76827
6409.10010 0.7673
6412.50000 0.76606
6415.89990 0.7654
6419.29980 0.76415
6422.70020 0.76326
6426.10010 0.76188
6429.39990 0.76051
6432.79980 0.75894
6436.20020 0.75795
6439.60010 0.75659
6443.00000 0.75597
6446.39990 0.75501
6449.79980 0.75385
6453.20020 0.75262
6456.50000 0.75132
6459.89990 0.74987
6463.29980 0.74876
6466.70020 0.7482
6470.10010 0.74701
6473.50000 0.74649
6476.79980 0.74591
6480.20020 0.74489
6483.60010 0.74402
6487.00000 0.74312
6490.39990 0.74143
6493.79980 0.74018
6497.10010 0.73942
6500.50000 0.73756
6503.89990 0.73634
6507.29980 0.73521
6510.60010 0.73412
6514.00000 0.73258
6517.39990 0.73205
6520.79980 0.7313
6524.20020 0.73072
6527.50000 0.72993
6530.89990 0.72903
6534.29980 0.72772
6537.70020 0.72672
6541.00000 0.72512
6544.39990 0.72361
6547.79980 0.72269
6551.20020 0.7216
6554.50000 0.72006
6557.89990 0.71937
6561.29980 0.71831
6564.60010 0.71659
6568.00000 0.71518
6571.39990 0.71426
6574.79980 0.71321
6578.10010 0.71248
6581.50000 0.71221
6584.89990 0.71133
6588.20020 0.7102
6591.60010 0.70892
6595.00000 0.70734
6598.29980 0.70595
6601.70020 0.70467
6605.10010 0.70322
6608.39990 0.70157
6611.79980 0.70051
6615.20020 0.69915
6618.50000 0.69825
6621.89990 0.69726
6625.29980 0.69646
6628.60010 0.69519
6632.00000 0.69373
6635.29980 0.69195
6638.70020 0.69126
6642.10010 0.68962
6645.39990 0.68816
6648.79980 0.68694
6652.10010 0.68635
6655.50000 0.68439
6658.89990 0.68353
6662.20020 0.68214
6665.60010 0.68087
6668.89990 0.67909
6672.29980 0.67756
6675.70020 0.67607
6679.00000 0.67499
6682.39990 0.6736
6685.70020 0.67211
6689.10010 0.67129
6692.39990 0.67031
6695.79980 0.66903
6699.10010 0.66811
6702.50000 0.66634
6705.89990 0.66498
6709.20020 0.66324
6712.60010 0.66212
6715.89990 0.65978
6719.29980 0.65941
6722.60010 0.65753
6726.00000 0.6558
6729.29980 0.65469
6732.70020 0.65364
6736.00000 0.6515
6739.39990 0.65031
6742.70020 0.64931
6746.10010 0.64745
6749.39990 0.64609
6752.79980 0.64514
6756.10010 0.64367
6759.39990 0.64199
6762.79980 0.64003
6766.10010 0.63857
6769.50000 0.63678
6772.79980 0.63549
6776.20020 0.63426
6779.50000 0.63349
6782.89990 0.6323
6786.20020 0.63149
6789.50000 0.63001
6792.89990 0.62869
6796.20020 0.62705
6799.60010 0.62532
6802.89990 0.62343
6806.20020 0.62147
6809.60010 0.61973
6812.89990 0.61806
6816.29980 0.61645
6819.60010 0.61481
6822.89990 0.61337
6826.29980 0.61169
6829.60010 0.61012
6833.00000 0.60869
6836.29980 0.60749
6839.60010 0.60614
6843.00000 0.60484
6846.29980 0.60323
6849.60010 0.60171
6853.00000 0.59973
6856.29980 0.5981
6859.60010 0.59654
6863.00000 0.59497
6866.29980 0.59368
6869.60010 0.59208
6873.00000 0.59064
6876.29980 0.58879
6879.60010 0.58712
6883.00000 0.58508
6886.29980 0.58331
6889.60010 0.58178
6892.89990 0.58038
6896.29980 0.57919
6899.60010 0.57774
6902.89990 0.57668
6906.20020 0.57538
6909.60010 0.57368
6912.89990 0.57191
6916.20020 0.57075
6919.60010 0.56908
6922.89990 0.56741
6926.20020 0.56608
6929.50000 0.56466
6932.89990 0.56304
6936.20020 0.56201
6939.50000 0.5602
6942.79980 0.55867
6946.10010 0.5573
6949.50000 0.5556
6952.79980 0.55364
6956.10010 0.5519
6959.39990 0.55033
6962.70020 0.54857
6966.10010 0.5467
6969.39990 0.54526
6972.70020 0.54415
6976.00000 0.54222
6979.29980 0.54034
6982.70020 0.53891
6986.00000 0.53675
6989.29980 0.53491
6992.60010 0.53342
6995.89990 0.53232
6999.20020 0.53093
7002.50000 0.52976
7005.89990 0.52843
7009.20020 0.52699
7012.50000 0.52528
7015.79980 0.5237
7019.10010 0.52196
7022.39990 0.52031
7025.70020 0.51903
7029.00000 0.51738
7032.39990 0.51564
7035.70020 0.51407
7039.00000 0.51264
7042.29980 0.51077
7045.60010 0.50935
7048.89990 0.5082
7052.20020 0.50694
7055.50000 0.50554
7058.79980 0.50451
7062.10010 0.50291
7065.39990 0.50105
7068.70020 0.49932
7072.00000 0.49785
7075.39990 0.49578
7078.70020 0.49413
7082.00000 0.49276
7085.29980 0.49132
7088.60010 0.48906
7091.89990 0.48775
7095.20020 0.48661
7098.50000 0.48491
7101.79980 0.48352
7105.10010 0.48259
7108.39990 0.48121
7111.70020 0.47938
7115.00000 0.47758
7118.29980 0.47587
7121.60010 0.47425
7124.89990 0.47214
7128.20020 0.47025
7131.50000 0.46914
7134.79980 0.46735
7138.10010 0.46577
7141.39990 0.46449
7144.70020 0.46326
7148.00000 0.46141
7151.20020 0.46004
7154.50000 0.45836
7157.79980 0.45671
7161.10010 0.45493
7164.39990 0.45357
7167.70020 0.45227
7171.00000 0.45066
7174.29980 0.44942
7177.60010 0.44851
7180.89990 0.44705
7184.20020 0.44529
7187.50000 0.44365
7190.79980 0.44203
7194.00000 0.44
7197.29980 0.43868
7200.60010 0.43725
7203.89990 0.43582
7207.20020 0.43447
7210.50000 0.4329
7213.79980 0.43095
7217.10010 0.42906
7220.29980 0.42743
7223.60010 0.42556
7226.89990 0.4243
7230.20020 0.42294
7233.50000 0.42129
7236.79980 0.4197
7240.00000 0.41773
7243.29980 0.41613
7246.60010 0.41427
7249.89990 0.41296
7253.20020 0.41126
7256.50000 0.41007
7259.70020 0.40827
7263.00000 0.40703
7266.29980 0.40558
7269.60010 0.40435
7272.89990 0.40296
7276.10010 0.40157
7279.39990 0.39998
7282.70020 0.39841
7286.00000 0.39675
7289.20020 0.39583
7292.50000 0.39486
7295.79980 0.39361
7299.10010 0.39258
7302.29980 0.3916
7305.60010 0.39
7308.89990 0.38838
7312.20020 0.38692
7315.39990 0.38538
7318.70020 0.38378
7322.00000 0.38224
7325.29980 0.38089
7328.50000 0.37965
7331.79980 0.37838
7335.10010 0.37705
7338.29980 0.37558
7341.60010 0.37359
7344.89990 0.37181
7348.10010 0.37006
7351.39990 0.36857
7354.70020 0.36713
7357.89990 0.3658
7361.20020 0.36462
7364.50000 0.36285
7367.70020 0.36129
7371.00000 0.35952
7374.29980 0.35837
7377.50000 0.35669
7380.79980 0.35567
7384.10010 0.35386
7387.29980 0.35267
7390.60010 0.35111
7393.89990 0.34955
7397.10010 0.3476
7400.39990 0.34641
7403.60010 0.34467
7406.89990 0.34352
7410.20020 0.34241
7413.39990 0.34165
7416.70020 0.34055
7419.89990 0.33925
7423.20020 0.33731
7426.50000 0.33558
7429.70020 0.33363
7433.00000 0.33222
7436.20020 0.33085
7439.50000 0.32965
7442.79980 0.32819
7446.00000 0.32693
7449.29980 0.32509
7452.50000 0.32364
7455.79980 0.32178
7459.00000 0.3203
7462.29980 0.31871
7465.50000 0.31748
7468.79980 0.3157
7472.00000 0.31481
7475.29980 0.31334
7478.50000 0.31208
7481.79980 0.31046
7485.00000 0.30908
7488.29980 0.30728
7491.50000 0.30583
7494.79980 0.30416
7498.00000 0.30264
7501.29980 0.30148
7504.50000 0.30053
7507.79980 0.29931
7511.00000 0.29796
7514.29980 0.29663
7517.50000 0.29495
7520.79980 0.29325
7524.00000 0.29157
7527.29980 0.29037
7530.50000 0.28894
7533.70020 0.28763
7537.00000 0.2862
7540.20020 0.28485
7543.50000 0.28352
7546.70020 0.28229
7550.00000 0.28106
7553.20020 0.27947
7556.39990 0.27842
7559.70020 0.27691
7562.89990 0.27552
7566.20020 0.27385
7569.39990 0.27271
7572.60010 0.27092
7575.89990 0.26963
7579.10010 0.26814
7582.39990 0.26702
7585.60010 0.26545
7588.79980 0.26428
7592.10010 0.26277
7595.29980 0.26164
7598.50000 0.25994
7601.79980 0.25865
7605.00000 0.25739
7608.20020 0.25641
7611.50000 0.25489
7614.70020 0.25387
7617.89990 0.25295
7621.20020 0.25157
7624.39990 0.24995
7627.60010 0.24881
7630.89990 0.24734
7634.10010 0.24578
7637.29980 0.24439
7640.60010 0.24312
7643.79980 0.24197
7647.00000 0.241
7650.20020 0.23977
7653.50000 0.23848
7656.70020 0.23733
7659.89990 0.23594
7663.20020 0.23479
7666.39990 0.23361
7669.60010 0.23258
7672.79980 0.2314
7676.10010 0.23
7679.29980 0.22883
7682.50000 0.2277
7685.70020 0.22663
7689.00000 0.22536
7692.20020 0.22438
7695.39990 0.22317
7698.60010 0.22216
7701.79980 0.22064
7705.10010 0.21961
7708.29980 0.21825
7711.50000 0.21667
7714.70020 0.21532
7717.89990 0.21431
7721.20020 0.21296
7724.39990 0.21194
7727.60010 0.21086
7730.79980 0.20985
7734.00000 0.2087
7737.20020 0.20785
7740.50000 0.20659
7743.70020 0.20554
7746.89990 0.20418
7750.10010 0.20355
7753.29980 0.20221
7756.50000 0.20134
7759.70020 0.20042
7763.00000 0.19929
7766.20020 0.19764
7769.39990 0.19675
7772.60010 0.19544
7775.79980 0.19457
7779.00000 0.1934
7782.20020 0.1926
7785.39990 0.19128
7788.70020 0.19045
7791.89990 0.18953
7795.10010 0.18907
7798.29980 0.1878
7801.50000 0.1869
7804.70020 0.18594
7807.89990 0.18469
7811.10010 0.18308
7814.29980 0.18238
7817.50000 0.1812
7820.70020 0.1801
7823.89990 0.17896
7827.10010 0.17829
7830.29980 0.17672
7833.50000 0.1761
7836.70020 0.17478
7839.89990 0.17388
7843.10010 0.17249
7846.39990 0.17179
7849.60010 0.1708
7852.79980 0.17025
7856.00000 0.16933
7859.20020 0.16862
7862.39990 0.16782
7865.60010 0.16665
7868.79980 0.16544
7871.89990 0.16454
7875.10010 0.1636
7878.29980 0.16256
7881.50000 0.16171
7884.70020 0.16078
7887.89990 0.15981
7891.10010 0.1592
7894.29980 0.15834
7897.50000 0.15726
7900.70020 0.15632
7903.89990 0.15532
7907.10010 0.15398
7910.29980 0.1531
7913.50000 0.15232
7916.70020 0.15166
7919.89990 0.1508
7923.10010 0.15001
7926.29980 0.1492
7929.39990 0.14855
7932.60010 0.14778
7935.79980 0.14686
7939.00000 0.14613
7942.20020 0.14529
7945.39990 0.14398
7948.60010 0.14278
7951.79980 0.14233
7955.00000 0.14166
7958.10010 0.14055
7961.29980 0.13988
7964.50000 0.13888
7967.70020 0.13797
7970.89990 0.13701
7974.10010 0.13663
7977.29980 0.13587
7980.39990 0.1351
7983.60010 0.13385
7986.79980 0.1332
7990.00000 0.13206
7993.20020 0.13163
7996.29980 0.13092
7999.50000 0.13042
8002.70020 0.12926
8005.89990 0.12855
8009.10010 0.1276
8012.20020 0.12716
8015.39990 0.12647
8018.60010 0.12559
8021.79980 0.12465
8025.00000 0.12362
8028.10010 0.1226
8031.29980 0.12175
8034.50000 0.12137
8037.70020 0.12093
8040.79980 0.12049
8044.00000 0.11988
8047.20020 0.1194
8050.39990 0.11873
8053.50000 0.11784
8056.70020 0.11694
8059.89990 0.11623
8063.10010 0.11544
8066.20020 0.11441
8069.39990 0.11384
8072.60010 0.11289
8075.70020 0.11199
8078.89990 0.11106
8082.10010 0.11057
8085.20020 0.1099
8088.39990 0.1096
8091.60010 0.10907
8094.79980 0.10872
8097.89990 0.10809
8101.10010 0.10701
8104.29980 0.10622
8107.39990 0.10575
8110.60010 0.10476
8113.70020 0.10408
8116.89990 0.10388
8120.10010 0.10341
8123.20020 0.1026
8126.39990 0.10201
8129.60010 0.10118
8132.70020 0.10047
8135.89990 0.09949
8139.10010 0.09875
8142.20020 0.09816
8145.39990 0.09772
8148.50000 0.09687
8151.70020 0.09646
8154.89990 0.09617
8158.00000 0.09553
8161.20020 0.09463
8164.29980 0.09424
8167.50000 0.09355
8170.60010 0.09278
8173.79980 0.0923
8177.00000 0.09207
8180.10010 0.09155
8183.29980 0.09124
8186.39990 0.09071
8189.60010 0.09006
8192.70020 0.08928
8195.90039 0.08881
8199.00000 0.08775
8202.20020 0.08701
8205.40039 0.08647
8208.50000 0.08614
8211.70020 0.08545
8214.79980 0.08537
8218.00000 0.08471
8221.09961 0.08406
8224.29980 0.08336
8227.40039 0.08295
8230.59961 0.08205
8233.70020 0.08156
8236.90039 0.08098
8240.00000 0.08055
8243.20020 0.07987
8246.29980 0.07973
8249.40039 0.07928
8252.59961 0.07905
8255.70020 0.07844
8258.90039 0.0783
8262.00000 0.07773
8265.20020 0.07739
8268.29980 0.07651
8271.50000 0.07625
8274.59961 0.07547
8277.70020 0.07495
8280.90039 0.07445
8284.00000 0.07436
8287.20020 0.0738
8290.29980 0.07365
8293.50000 0.07317
8296.59961 0.07264
8299.70020 0.07212
8302.90039 0.07176
8306.00000 0.07093
8309.09961 0.07055
