threeML/data/optical_filters/LCO/IMACS-WBP4507.ecsv
# %ECSV 0.9
# ---
# datatype:
# - {name: wavelength, unit: Angstrom, datatype: float32}
# - {name: response, datatype: float32}
# meta: !!omap
# - {band_name: WBP4507}
# - {group_name: IMACS}
wavelength response
3735.89990 0.0
4151.00000 0.0034
4153.00000 0.00319
4155.00000 0.00299
4156.00000 0.00308
4158.00000 0.00305
4159.00000 0.0031
4161.00000 0.00287
4162.00000 0.00296
4164.00000 0.00305
4166.00000 0.00304
4167.00000 0.00303
4169.00000 0.00296
4170.00000 0.00285
4172.00000 0.00304
4173.00000 0.00289
4175.00000 0.003
4177.00000 0.00297
4178.00000 0.00297
4180.00000 0.00277
4181.00000 0.00255
4183.00000 0.00253
4184.00000 0.00261
4186.00000 0.00283
4187.00000 0.00277
4189.00000 0.00267
4191.00000 0.00279
4192.00000 0.00278
4194.00000 0.00271
4195.00000 0.00282
4197.00000 0.0028
4198.00000 0.00309
4200.00000 0.00302
4202.00000 0.00294
4203.00000 0.00262
4205.00000 0.00268
4206.00000 0.00271
4208.00000 0.00271
4209.00000 0.0028
4211.00000 0.00275
4213.00000 0.00281
4214.00000 0.00281
4216.00000 0.00263
4217.00000 0.00261
4219.00000 0.00264
4220.00000 0.00269
4222.00000 0.00274
4223.00000 0.00261
4225.00000 0.00252
4227.00000 0.00224
4228.00000 0.00224
4230.00000 0.00223
4231.00000 0.00217
4233.00000 0.00223
4234.00000 0.00241
4236.00000 0.00243
4237.00000 0.00242
4239.00000 0.00252
4241.00000 0.00269
4242.00000 0.00269
4244.00000 0.00297
4245.00000 0.00301
4247.00000 0.00281
4248.00000 0.00284
4250.00000 0.00285
4251.00000 0.00274
4253.00000 0.00271
4255.00000 0.00258
4256.00000 0.00238
4258.00000 0.00236
4259.00000 0.00229
4261.00000 0.00212
4262.00000 0.00212
4264.00000 0.00241
4265.00000 0.00245
4267.00000 0.00247
4269.00000 0.00259
4270.00000 0.00262
4272.00000 0.00272
4273.00000 0.0027
4275.00000 0.00259
4276.00000 0.00261
4278.00000 0.0026
4279.00000 0.00264
4281.00000 0.00247
4283.00000 0.00237
4284.00000 0.00217
4286.00000 0.00211
4287.00000 0.00211
4289.00000 0.00207
4290.00000 0.00222
4292.00000 0.00222
4293.00000 0.0023
4295.00000 0.00235
4296.00000 0.00232
4298.00000 0.0023
4300.00000 0.00235
4301.00000 0.0024
4303.00000 0.00258
4304.00000 0.00259
4306.00000 0.00272
4307.00000 0.00278
4309.00000 0.00293
4310.00000 0.00293
4312.00000 0.0032
4314.00000 0.0033
4315.00000 0.00329
4317.00000 0.00339
4318.00000 0.00372
4320.00000 0.00344
4321.00000 0.00357
4323.00000 0.00344
4324.00000 0.00343
4326.00000 0.00358
4327.00000 0.00403
4329.00000 0.00407
4331.00000 0.00431
4332.00000 0.00442
4334.00000 0.00467
4335.00000 0.00475
4337.00000 0.00517
4338.00000 0.00516
4340.00000 0.00549
4341.00000 0.00565
4343.00000 0.00578
4344.00000 0.00563
4346.00000 0.00588
4347.00000 0.00601
4349.00000 0.00644
4351.00000 0.00674
4352.00000 0.00708
4354.00000 0.0074
4355.00000 0.00799
4357.00000 0.00833
4358.00000 0.00863
4360.00000 0.00899
4361.00000 0.00926
4363.00000 0.00924
4364.00000 0.00946
4366.00000 0.00959
4368.00000 0.00964
4369.00000 0.0096
4371.00000 0.00956
4372.00000 0.00953
4374.00000 0.00979
4375.00000 0.00993
4377.00000 0.00971
4378.00000 0.01003
4380.00000 0.01058
4381.00000 0.01103
4383.00000 0.01165
4384.00000 0.01218
4386.00000 0.01284
4388.00000 0.01337
4389.00000 0.01382
4391.00000 0.01406
4392.00000 0.01459
4394.00000 0.01545
4395.00000 0.01618
4397.00000 0.0168
4398.00000 0.01752
4400.00000 0.01797
4401.00000 0.01868
4403.00000 0.01945
4404.00000 0.02035
4406.00000 0.02148
4407.00000 0.02264
4409.00000 0.02376
4411.00000 0.02497
4412.00000 0.02605
4414.00000 0.02729
4415.00000 0.02839
4417.00000 0.02997
4418.00000 0.03159
4420.00000 0.03312
4421.00000 0.03468
4423.00000 0.03634
4424.00000 0.03831
4426.00000 0.04022
4427.00000 0.04231
4429.00000 0.04427
4430.00000 0.04654
4432.00000 0.04912
4434.00000 0.05164
4435.00000 0.05457
4437.00000 0.0572
4438.00000 0.06033
4440.00000 0.06327
4441.00000 0.06665
4443.00000 0.07017
4444.00000 0.07371
4446.00000 0.07771
4447.00000 0.08222
4449.00000 0.08681
4450.00000 0.0914
4452.00000 0.09652
4453.00000 0.10165
4455.00000 0.10732
4456.00000 0.11318
4458.00000 0.1189
4459.00000 0.12508
4461.00000 0.13135
4463.00000 0.13833
4464.00000 0.14589
4466.00000 0.15371
4467.00000 0.16223
4469.00000 0.17182
4470.00000 0.18135
4472.00000 0.19056
4473.00000 0.20041
4475.00000 0.2104
4476.00000 0.2216
4478.00000 0.23312
4479.00000 0.24496
4481.00000 0.25763
4482.00000 0.27089
4484.00000 0.28426
4485.00000 0.29917
4487.00000 0.31414
4488.00000 0.32878
4490.00000 0.3437
4491.00000 0.35974
4493.00000 0.37593
4495.00000 0.39333
4496.00000 0.40944
4498.00000 0.42732
4499.00000 0.44494
4501.00000 0.46185
4502.00000 0.47981
4504.00000 0.49727
4505.00000 0.51591
4507.00000 0.53294
4508.00000 0.55073
4510.00000 0.56931
4511.00000 0.58891
4513.00000 0.60702
4514.00000 0.62489
4516.00000 0.64214
4517.00000 0.65845
4519.00000 0.67483
4520.00000 0.69125
4522.00000 0.70652
4523.00000 0.72141
4525.00000 0.73602
4526.00000 0.74995
4528.00000 0.76436
4529.00000 0.77759
4531.00000 0.78992
4532.00000 0.80107
4534.00000 0.81266
4536.00000 0.82333
4537.00000 0.83306
4539.00000 0.84199
4540.00000 0.85004
4542.00000 0.85806
4543.00000 0.86532
4545.00000 0.87227
4546.00000 0.87844
4548.00000 0.88431
4549.00000 0.88914
4551.00000 0.89394
4552.00000 0.89839
4554.00000 0.90255
4555.00000 0.90601
4557.00000 0.90983
4558.00000 0.91314
4560.00000 0.91534
4561.00000 0.91727
4563.00000 0.91896
4564.00000 0.92053
4566.00000 0.92237
4567.00000 0.92305
4569.00000 0.92393
4570.00000 0.92462
4572.00000 0.92557
4573.00000 0.92581
4575.00000 0.92602
4576.00000 0.92649
4578.00000 0.92664
4579.00000 0.92668
4581.00000 0.92633
4582.00000 0.92618
4584.00000 0.92611
4585.00000 0.92562
4587.00000 0.92502
4588.00000 0.92413
4590.00000 0.92367
4591.00000 0.92289
4593.00000 0.92234
4594.00000 0.92168
4596.00000 0.92106
4597.00000 0.92028
4599.00000 0.91916
4600.00000 0.9182
4602.00000 0.91752
4603.00000 0.91673
4605.00000 0.91618
4606.00000 0.91574
4608.00000 0.91488
4610.00000 0.91421
4611.00000 0.91418
4613.00000 0.9138
4614.00000 0.91346
4616.00000 0.91302
4617.00000 0.91262
4619.00000 0.91201
4620.00000 0.91135
4622.00000 0.91063
4623.00000 0.9096
4625.00000 0.90916
4626.00000 0.90873
4628.00000 0.90756
4629.00000 0.90688
4631.00000 0.90657
4632.00000 0.90643
4634.00000 0.90591
4635.00000 0.90583
4637.00000 0.90589
4638.00000 0.90588
4640.00000 0.90583
4641.00000 0.90558
4643.00000 0.90517
4644.00000 0.90498
4646.00000 0.90462
4647.00000 0.90424
4649.00000 0.9038
4650.00000 0.9035
4652.00000 0.9032
4653.00000 0.90286
4655.00000 0.90236
4656.00000 0.90194
4658.00000 0.90157
4659.00000 0.90099
4661.00000 0.90072
4662.00000 0.90039
4664.00000 0.90004
4665.00000 0.89986
4667.00000 0.9
4668.00000 0.90006
4670.00000 0.89974
4671.00000 0.89967
4673.00000 0.89991
4674.00000 0.90013
4675.00000 0.90056
4677.00000 0.90045
4678.00000 0.90026
4680.00000 0.9003
4681.00000 0.90019
4683.00000 0.90007
4684.00000 0.89993
4686.00000 0.9002
4687.00000 0.90067
4689.00000 0.90074
4690.00000 0.9005
4692.00000 0.90036
4693.00000 0.90065
4695.00000 0.90142
4696.00000 0.90158
4698.00000 0.90173
4699.00000 0.90174
4701.00000 0.90205
4702.00000 0.90219
4704.00000 0.90234
4705.00000 0.90244
4707.00000 0.90279
4708.00000 0.90327
4710.00000 0.90368
4711.00000 0.90393
4713.00000 0.9048
4714.00000 0.90529
4716.00000 0.90603
4717.00000 0.90647
4719.00000 0.90702
4720.00000 0.90728
4722.00000 0.90773
4723.00000 0.90852
4725.00000 0.90919
4726.00000 0.90958
4728.00000 0.91006
4729.00000 0.91012
4731.00000 0.91059
4732.00000 0.91085
4734.00000 0.91113
4735.00000 0.91144
4737.00000 0.91198
4738.00000 0.91269
4740.00000 0.91288
4741.00000 0.91313
4743.00000 0.91418
4744.00000 0.91471
4746.00000 0.91563
4747.00000 0.91626
4748.00000 0.91736
4750.00000 0.91824
4751.00000 0.91916
4753.00000 0.9199
4754.00000 0.92096
4756.00000 0.92174
4757.00000 0.92271
4759.00000 0.92301
4760.00000 0.9241
4762.00000 0.92442
4763.00000 0.92524
4765.00000 0.92546
4766.00000 0.9259
4768.00000 0.92643
4769.00000 0.92717
4771.00000 0.9279
4772.00000 0.92941
4774.00000 0.93006
4775.00000 0.93109
4777.00000 0.93112
4778.00000 0.9315
4780.00000 0.93133
4781.00000 0.93195
4783.00000 0.93289
4784.00000 0.93376
4786.00000 0.93448
4787.00000 0.93464
4788.00000 0.93478
4790.00000 0.93561
4791.00000 0.93556
4793.00000 0.93707
4794.00000 0.93841
4796.00000 0.93999
4797.00000 0.94085
4799.00000 0.94146
4800.00000 0.94223
4802.00000 0.94266
4803.00000 0.94302
4805.00000 0.9431
4806.00000 0.94358
4808.00000 0.94447
4809.00000 0.9442
4811.00000 0.94461
4812.00000 0.94488
4814.00000 0.9451
4815.00000 0.94532
4817.00000 0.94555
4818.00000 0.94605
4819.00000 0.94696
4821.00000 0.94778
4822.00000 0.94784
4824.00000 0.94828
4825.00000 0.94886
4827.00000 0.94923
4828.00000 0.94988
4830.00000 0.95053
4831.00000 0.95097
4833.00000 0.9512
4834.00000 0.95135
4836.00000 0.95161
4837.00000 0.95188
4839.00000 0.9524
4840.00000 0.95269
4842.00000 0.95289
4843.00000 0.95275
4845.00000 0.95266
4846.00000 0.95279
4847.00000 0.95299
4849.00000 0.95326
4850.00000 0.95355
4852.00000 0.95356
4853.00000 0.9536
4855.00000 0.95355
4856.00000 0.9538
4858.00000 0.95429
4859.00000 0.95498
4861.00000 0.95544
4862.00000 0.95583
4864.00000 0.9563
4865.00000 0.95654
4867.00000 0.95643
4868.00000 0.95631
4869.00000 0.95669
4871.00000 0.95697
4872.00000 0.95693
4874.00000 0.95689
4875.00000 0.95691
4877.00000 0.95687
4878.00000 0.95666
4880.00000 0.95651
4881.00000 0.95662
4883.00000 0.95739
4884.00000 0.95797
4886.00000 0.95811
4887.00000 0.95824
4889.00000 0.95833
4890.00000 0.9582
4891.00000 0.95803
4893.00000 0.95818
4894.00000 0.9582
4896.00000 0.95821
4897.00000 0.95807
4899.00000 0.95739
4900.00000 0.95695
4902.00000 0.95678
4903.00000 0.95671
4905.00000 0.95685
4906.00000 0.95688
4908.00000 0.95687
4909.00000 0.95665
4910.00000 0.95671
4912.00000 0.95654
4913.00000 0.95641
4915.00000 0.95644
4916.00000 0.95654
4918.00000 0.95637
4919.00000 0.95652
4921.00000 0.95638
4922.00000 0.95645
4924.00000 0.95639
4925.00000 0.95647
4927.00000 0.95648
4928.00000 0.9565
4929.00000 0.95638
4931.00000 0.95631
4932.00000 0.95604
4934.00000 0.95589
4935.00000 0.95545
4937.00000 0.95512
4938.00000 0.95483
4940.00000 0.95484
4941.00000 0.95506
4943.00000 0.95482
4944.00000 0.95454
4945.00000 0.95411
4947.00000 0.95408
4948.00000 0.95421
4950.00000 0.954
4951.00000 0.95389
4953.00000 0.95399
4954.00000 0.95406
4956.00000 0.95366
4957.00000 0.95278
4959.00000 0.95239
4960.00000 0.95207
4961.00000 0.95207
4963.00000 0.95178
4964.00000 0.95148
4966.00000 0.95132
4967.00000 0.9509
4969.00000 0.95054
4970.00000 0.95003
4972.00000 0.94948
4973.00000 0.94954
4975.00000 0.94956
4976.00000 0.94961
4977.00000 0.94975
4979.00000 0.94963
4980.00000 0.94959
4982.00000 0.94953
4983.00000 0.94938
4985.00000 0.94917
4986.00000 0.949
4988.00000 0.94936
4989.00000 0.94941
4990.00000 0.94944
4992.00000 0.94946
4993.00000 0.94894
4995.00000 0.94893
4996.00000 0.94851
4998.00000 0.94813
4999.00000 0.94803
5001.00000 0.94791
5002.00000 0.94793
5003.00000 0.94782
5005.00000 0.9475
5006.00000 0.94703
5008.00000 0.94652
5009.00000 0.94638
5011.00000 0.94608
5012.00000 0.94627
5014.00000 0.94635
5015.00000 0.94625
5017.00000 0.94606
5018.00000 0.94609
5019.00000 0.94618
5021.00000 0.94606
5022.00000 0.94594
5024.00000 0.94587
5025.00000 0.9459
5027.00000 0.94595
5028.00000 0.9458
5029.00000 0.94563
5031.00000 0.94572
5032.00000 0.94558
5034.00000 0.94521
5035.00000 0.94451
5037.00000 0.9441
5038.00000 0.94417
5040.00000 0.94425
5041.00000 0.94448
5042.00000 0.94457
5044.00000 0.94448
5045.00000 0.94463
5047.00000 0.94456
5048.00000 0.9445
5050.00000 0.94424
5051.00000 0.94435
5053.00000 0.94451
5054.00000 0.9446
5055.00000 0.94465
5057.00000 0.94424
5058.00000 0.94369
5060.00000 0.94335
5061.00000 0.94313
5063.00000 0.94286
5064.00000 0.94286
5065.00000 0.94295
5067.00000 0.94271
5068.00000 0.94229
5070.00000 0.94195
5071.00000 0.94156
5073.00000 0.94151
5074.00000 0.94204
5076.00000 0.94207
5077.00000 0.94212
5078.00000 0.94216
5080.00000 0.94215
5081.00000 0.94215
5083.00000 0.94243
5084.00000 0.94295
5086.00000 0.94331
5087.00000 0.94351
5088.00000 0.94369
5090.00000 0.94351
5091.00000 0.94348
5093.00000 0.94329
5094.00000 0.94346
5096.00000 0.94338
5097.00000 0.9432
5098.00000 0.94307
5100.00000 0.94305
5101.00000 0.9427
5103.00000 0.94226
5104.00000 0.94192
5106.00000 0.94147
5107.00000 0.94128
5109.00000 0.94127
5110.00000 0.94107
5111.00000 0.94092
5113.00000 0.941
5114.00000 0.94091
5116.00000 0.94051
5117.00000 0.94055
5119.00000 0.94087
5120.00000 0.94097
5121.00000 0.94107
5123.00000 0.94144
5124.00000 0.94167
5126.00000 0.94177
5127.00000 0.94199
5129.00000 0.9421
5130.00000 0.94243
5131.00000 0.94279
5133.00000 0.94313
5134.00000 0.94354
5136.00000 0.94359
5137.00000 0.94382
5139.00000 0.94366
5140.00000 0.94388
5141.00000 0.94416
5143.00000 0.94435
5144.00000 0.94474
5146.00000 0.94481
5147.00000 0.94479
5148.00000 0.94448
5150.00000 0.94416
5151.00000 0.94384
5153.00000 0.94375
5154.00000 0.94382
5156.00000 0.94341
5157.00000 0.94316
5158.00000 0.943
5160.00000 0.94249
5161.00000 0.94225
5163.00000 0.94214
5164.00000 0.94222
5166.00000 0.94203
5167.00000 0.94242
5168.00000 0.9422
5170.00000 0.94201
5171.00000 0.94192
5173.00000 0.94187
5174.00000 0.94162
5176.00000 0.94152
5177.00000 0.94109
5178.00000 0.94096
5180.00000 0.94083
5181.00000 0.94105
5183.00000 0.94112
5184.00000 0.94128
5185.00000 0.94138
5187.00000 0.94116
5188.00000 0.94057
5190.00000 0.94062
5191.00000 0.94081
5193.00000 0.94089
5194.00000 0.94044
5195.00000 0.94002
5197.00000 0.9396
5198.00000 0.93904
5200.00000 0.93859
5201.00000 0.93792
5202.00000 0.93743
5204.00000 0.93738
5205.00000 0.93706
5207.00000 0.93654
5208.00000 0.93622
5210.00000 0.93617
5211.00000 0.93619
5212.00000 0.93556
5214.00000 0.93504
5215.00000 0.93433
5217.00000 0.93429
5218.00000 0.93429
5219.00000 0.9339
5221.00000 0.9334
5222.00000 0.93272
5224.00000 0.93208
5225.00000 0.9315
5227.00000 0.9311
5228.00000 0.93078
5229.00000 0.9302
5231.00000 0.93018
5232.00000 0.92944
5234.00000 0.92838
5235.00000 0.92765
5236.00000 0.92694
5238.00000 0.92658
5239.00000 0.92636
5241.00000 0.92578
5242.00000 0.92487
5243.00000 0.92436
5245.00000 0.92428
5246.00000 0.92369
5248.00000 0.92327
5249.00000 0.92334
5250.00000 0.92322
5252.00000 0.92272
5253.00000 0.92231
5255.00000 0.92167
5256.00000 0.92098
5258.00000 0.92064
5259.00000 0.92007
5260.00000 0.91965
5262.00000 0.91887
5263.00000 0.91846
5265.00000 0.91785
5266.00000 0.91731
5267.00000 0.9171
5269.00000 0.91684
5270.00000 0.91678
5272.00000 0.91677
5273.00000 0.91638
5274.00000 0.91604
5276.00000 0.91567
5277.00000 0.91557
5279.00000 0.91548
5280.00000 0.91554
5281.00000 0.9151
5283.00000 0.9146
5284.00000 0.91427
5286.00000 0.91353
5287.00000 0.91304
5288.00000 0.91215
5290.00000 0.91164
5291.00000 0.91083
5293.00000 0.91028
5294.00000 0.90937
5295.00000 0.90851
5297.00000 0.90789
5298.00000 0.90771
5300.00000 0.90709
5301.00000 0.90648
5302.00000 0.90582
5304.00000 0.9056
5305.00000 0.90564
5307.00000 0.90537
5308.00000 0.90514
5309.00000 0.90502
5311.00000 0.9043
5312.00000 0.90384
5314.00000 0.90287
5315.00000 0.90221
5316.00000 0.90164
5318.00000 0.90109
5319.00000 0.89983
5321.00000 0.89849
5322.00000 0.89742
5323.00000 0.89632
5325.00000 0.89535
5326.00000 0.89483
5328.00000 0.89399
5329.00000 0.89307
5330.00000 0.89161
5332.00000 0.89035
5333.00000 0.88911
5335.00000 0.88816
5336.00000 0.88686
5337.00000 0.88522
5339.00000 0.88335
5340.00000 0.88148
5342.00000 0.87936
5343.00000 0.87685
5344.00000 0.87443
5346.00000 0.87244
5347.00000 0.87016
5349.00000 0.8675
5350.00000 0.86537
5351.00000 0.86287
5353.00000 0.86023
5354.00000 0.85814
5356.00000 0.85566
5357.00000 0.85322
5358.00000 0.85103
5360.00000 0.84877
5361.00000 0.84633
5363.00000 0.84409
5364.00000 0.84261
5365.00000 0.84064
5367.00000 0.83911
5368.00000 0.83764
5369.00000 0.83549
5371.00000 0.83341
5372.00000 0.83172
5374.00000 0.82989
5375.00000 0.82839
5376.00000 0.82687
5378.00000 0.8255
5379.00000 0.82351
5381.00000 0.82246
5382.00000 0.82121
5383.00000 0.82054
5385.00000 0.82019
5386.00000 0.81991
5388.00000 0.81924
5389.00000 0.81917
5390.00000 0.8185
5392.00000 0.81853
5393.00000 0.81854
5394.00000 0.81942
5396.00000 0.8196
5397.00000 0.81995
5399.00000 0.82069
5400.00000 0.82162
5401.00000 0.82276
5403.00000 0.82438
5404.00000 0.82588
5406.00000 0.82746
5407.00000 0.82847
5408.00000 0.82987
5410.00000 0.83103
5411.00000 0.83251
5412.00000 0.8332
5414.00000 0.8338
5415.00000 0.8345
5417.00000 0.83476
5418.00000 0.83439
5419.00000 0.8342
5421.00000 0.8345
5422.00000 0.83442
5424.00000 0.83405
5425.00000 0.8327
5426.00000 0.83076
5428.00000 0.82901
5429.00000 0.82568
5430.00000 0.82085
5432.00000 0.81536
5433.00000 0.80941
5435.00000 0.80217
5436.00000 0.79342
5437.00000 0.78412
5439.00000 0.77287
5440.00000 0.76029
5441.00000 0.74685
5443.00000 0.73235
5444.00000 0.71656
5446.00000 0.70056
5447.00000 0.6837
5448.00000 0.66563
5450.00000 0.6461
5451.00000 0.62618
5453.00000 0.60435
5454.00000 0.58276
5455.00000 0.56076
5457.00000 0.53813
5458.00000 0.51523
5459.00000 0.49267
5461.00000 0.46974
5462.00000 0.4469
5464.00000 0.42417
5465.00000 0.40224
5466.00000 0.38065
5468.00000 0.36019
5469.00000 0.33964
5470.00000 0.31998
5472.00000 0.30139
5473.00000 0.28314
5475.00000 0.266
5476.00000 0.24973
5477.00000 0.23462
5479.00000 0.21983
5480.00000 0.20629
5481.00000 0.19392
5483.00000 0.18151
5484.00000 0.1704
5485.00000 0.15957
5487.00000 0.14965
5488.00000 0.14011
5490.00000 0.13155
5491.00000 0.12343
5492.00000 0.11526
5494.00000 0.10811
5495.00000 0.10157
5496.00000 0.09503
5498.00000 0.08892
5499.00000 0.08335
5501.00000 0.07888
5502.00000 0.07425
5503.00000 0.06968
5505.00000 0.06488
5506.00000 0.06042
5507.00000 0.05698
5509.00000 0.0541
5510.00000 0.05138
5512.00000 0.04829
5513.00000 0.0457
5514.00000 0.0425
5516.00000 0.03921
5517.00000 0.03639
5518.00000 0.03462
5520.00000 0.03317
5521.00000 0.03172
5522.00000 0.03016
5524.00000 0.02865
5525.00000 0.027
5527.00000 0.02586
5528.00000 0.02519
5529.00000 0.02422
5531.00000 0.02373
5532.00000 0.0228
5533.00000 0.02149
5535.00000 0.0202
5536.00000 0.01877
5537.00000 0.0174
5539.00000 0.01593
5540.00000 0.01431
5542.00000 0.01239
5543.00000 0.01103
5544.00000 0.01016
5546.00000 0.00926
5547.00000 0.00837
5548.00000 0.00808
5550.00000 0.0075
5551.00000 0.00744
5552.00000 0.00664
5554.00000 0.0071
5555.00000 0.00694
5557.00000 0.00762
5558.00000 0.00702
5559.00000 0.00706
5561.00000 0.00679
5562.00000 0.00761
5563.00000 0.00769
5565.00000 0.00763
5566.00000 0.00724
5567.00000 0.00764
5569.00000 0.00656
5570.00000 0.00661
5572.00000 0.00691
5573.00000 0.00732
5574.00000 0.00727
5576.00000 0.00804
5577.00000 0.00739
5578.00000 0.00719
5580.00000 0.00689
5581.00000 0.00756
5582.00000 0.0075
5584.00000 0.00755
5585.00000 0.00723
5586.00000 0.0065
5588.00000 0.00684
5589.00000 0.00715
5591.00000 0.00683
5592.00000 0.00688
5593.00000 0.00749
5595.00000 0.00823
5596.00000 0.00776
6155.60010 0.0
