threeML/data/optical_filters/LCO/IMACS-GG455.ecsv
# %ECSV 0.9
# ---
# datatype:
# - {name: wavelength, unit: Angstrom, datatype: float32}
# - {name: response, datatype: float32}
# meta: !!omap
# - {band_name: GG455}
# - {group_name: IMACS}
wavelength response
[from data line 895]
6109.00000 0.9848
6112.00000 0.9856
6116.00000 0.9847
6119.00000 0.9855
6123.00000 0.9861
6126.00000 0.9863
6130.00000 0.9859
6133.00000 0.9868
6136.00000 0.9865
6140.00000 0.9866
6143.00000 0.9865
6147.00000 0.9866
6150.00000 0.9867
6154.00000 0.9861
6157.00000 0.9855
6160.00000 0.9857
6164.00000 0.9855
6167.00000 0.9852
6171.00000 0.986
6174.00000 0.9864
6178.00000 0.9862
6181.00000 0.9869
6184.00000 0.9869
6188.00000 0.9868
6191.00000 0.9875
6195.00000 0.9881
6198.00000 0.9875
6201.00000 0.9882
6205.00000 0.9882
6208.00000 0.9882
6212.00000 0.9879
6215.00000 0.9884
6219.00000 0.988
6222.00000 0.9884
6225.00000 0.9875
6229.00000 0.9874
6232.00000 0.9869
6236.00000 0.9867
6239.00000 0.987
6242.00000 0.9874
6246.00000 0.9877
6249.00000 0.9881
6253.00000 0.9884
6256.00000 0.9877
6260.00000 0.9878
6263.00000 0.9878
6266.00000 0.9873
6270.00000 0.9868
6273.00000 0.987
6277.00000 0.9868
6280.00000 0.9861
6283.00000 0.9865
6287.00000 0.9867
6290.00000 0.9868
6294.00000 0.9867
6297.00000 0.9876
6300.00000 0.9877
6304.00000 0.9882
6307.00000 0.9881
6311.00000 0.9884
6314.00000 0.9886
6317.00000 0.9893
6321.00000 0.989
6324.00000 0.9892
6328.00000 0.989
6331.00000 0.9887
6334.00000 0.9883
6338.00000 0.9883
6341.00000 0.9883
6345.00000 0.9885
6348.00000 0.9887
6351.00000 0.9887
6355.00000 0.9886
6358.00000 0.9891
6362.00000 0.9899
6365.00000 0.9897
6368.00000 0.9901
6372.00000 0.9909
6375.00000 0.9908
6379.00000 0.9902
6382.00000 0.9903
6385.00000 0.9899
6389.00000 0.9894
6392.00000 0.9893
6396.00000 0.9892
6399.00000 0.9895
6402.00000 0.9895
6406.00000 0.9902
6409.00000 0.9903
6413.00000 0.991
6416.00000 0.9911
6419.00000 0.9914
6423.00000 0.9904
6426.00000 0.9905
6429.00000 0.9894
6433.00000 0.9891
6436.00000 0.9888
6440.00000 0.9892
6443.00000 0.9894
6446.00000 0.9898
6450.00000 0.9898
6453.00000 0.9902
6457.00000 0.99
6460.00000 0.9901
6463.00000 0.9904
6467.00000 0.9907
6470.00000 0.9906
6474.00000 0.9912
6477.00000 0.9905
6480.00000 0.9907
6484.00000 0.9909
6487.00000 0.9914
6490.00000 0.9909
6494.00000 0.9913
6497.00000 0.9905
6501.00000 0.9906
6504.00000 0.9899
6507.00000 0.99
6511.00000 0.99
6514.00000 0.9911
6517.00000 0.9907
6521.00000 0.9907
6524.00000 0.9905
6528.00000 0.9904
6531.00000 0.9898
6534.00000 0.9902
6538.00000 0.9903
6541.00000 0.9905
6544.00000 0.9903
6548.00000 0.9902
6551.00000 0.9896
6555.00000 0.9896
6558.00000 0.9892
6561.00000 0.9891
6565.00000 0.9895
6568.00000 0.9899
6571.00000 0.9903
6575.00000 0.991
6578.00000 0.9916
6582.00000 0.9917
6585.00000 0.9918
6588.00000 0.9919
6592.00000 0.992
6595.00000 0.9917
6598.00000 0.9914
6602.00000 0.9912
6605.00000 0.9913
6608.00000 0.991
6612.00000 0.9908
6615.00000 0.9912
6619.00000 0.991
6622.00000 0.9911
6625.00000 0.9912
6629.00000 0.9915
6632.00000 0.9917
6635.00000 0.9917
6639.00000 0.9908
6642.00000 0.9911
6645.00000 0.9913
6649.00000 0.9915
6652.00000 0.9917
6656.00000 0.9924
6659.00000 0.9919
6662.00000 0.9917
6666.00000 0.9913
6669.00000 0.9911
6672.00000 0.9913
6676.00000 0.9916
6679.00000 0.9921
6682.00000 0.9919
6686.00000 0.9921
6689.00000 0.9921
6692.00000 0.9915
6696.00000 0.9914
6699.00000 0.9919
6703.00000 0.9917
6706.00000 0.9917
6709.00000 0.9922
6713.00000 0.9924
6716.00000 0.9921
6719.00000 0.9924
6723.00000 0.9919
6726.00000 0.992
6729.00000 0.9914
6733.00000 0.9916
6736.00000 0.9909
6739.00000 0.9908
6743.00000 0.9907
6746.00000 0.9911
6749.00000 0.9913
6753.00000 0.9916
6756.00000 0.9919
6759.00000 0.9912
6763.00000 0.9909
6766.00000 0.9901
6770.00000 0.9901
6773.00000 0.99
6776.00000 0.9907
6780.00000 0.9909
6783.00000 0.9912
6786.00000 0.9909
6790.00000 0.9908
6793.00000 0.9906
6796.00000 0.9903
6800.00000 0.9905
6803.00000 0.9906
6806.00000 0.9909
6810.00000 0.9905
6813.00000 0.9905
6816.00000 0.9907
6820.00000 0.9902
6823.00000 0.9901
6826.00000 0.9905
6830.00000 0.9909
6833.00000 0.9906
6836.00000 0.9911
6840.00000 0.9912
6843.00000 0.9909
6846.00000 0.9906
6850.00000 0.9903
6853.00000 0.9903
6856.00000 0.9902
6860.00000 0.9906
6863.00000 0.9906
6866.00000 0.9905
6870.00000 0.99
6873.00000 0.9904
6876.00000 0.9903
6880.00000 0.9906
6883.00000 0.9909
6886.00000 0.9913
6890.00000 0.991
6893.00000 0.9907
6896.00000 0.9908
6900.00000 0.9903
6903.00000 0.9895
6906.00000 0.989
6910.00000 0.989
6913.00000 0.9885
6916.00000 0.989
6920.00000 0.9903
6923.00000 0.9902
6926.00000 0.9903
6930.00000 0.99
6933.00000 0.9901
6936.00000 0.9896
6940.00000 0.9897
6943.00000 0.9898
6946.00000 0.9898
6950.00000 0.9894
6953.00000 0.9894
6956.00000 0.989
6959.00000 0.9886
6963.00000 0.9887
6966.00000 0.9886
6969.00000 0.9883
6973.00000 0.989
6976.00000 0.9892
6979.00000 0.9892
6983.00000 0.9893
6986.00000 0.9897
6989.00000 0.989
6993.00000 0.989
6996.00000 0.9893
6999.00000 0.9894
7003.00000 0.9888
7006.00000 0.9893
7009.00000 0.9894
7013.00000 0.9891
7016.00000 0.989
7019.00000 0.9887
7022.00000 0.989
7026.00000 0.9886
7029.00000 0.989
7032.00000 0.9888
7036.00000 0.989
7039.00000 0.9884
7042.00000 0.9877
7046.00000 0.987
7049.00000 0.987
7052.00000 0.9867
7056.00000 0.9874
7059.00000 0.9882
7062.00000 0.9882
7065.00000 0.9877
7069.00000 0.9873
7072.00000 0.9865
7075.00000 0.9862
7079.00000 0.9862
7082.00000 0.9864
7085.00000 0.9871
7089.00000 0.9876
7092.00000 0.9875
7095.00000 0.9877
7099.00000 0.9871
7102.00000 0.9867
7105.00000 0.9858
7108.00000 0.9863
7112.00000 0.9862
7115.00000 0.9866
7118.00000 0.9872
7122.00000 0.9875
7125.00000 0.9871
7128.00000 0.9865
7132.00000 0.9864
7135.00000 0.9856
7138.00000 0.985
7141.00000 0.9848
7145.00000 0.9846
7148.00000 0.9848
7151.00000 0.9849
7155.00000 0.9854
7158.00000 0.9852
7161.00000 0.9853
7164.00000 0.985
7168.00000 0.9846
7171.00000 0.9846
7174.00000 0.9845
7178.00000 0.9847
7181.00000 0.9843
7184.00000 0.9845
7188.00000 0.9845
7191.00000 0.9844
7194.00000 0.9845
7197.00000 0.985
7201.00000 0.9851
7204.00000 0.9851
7207.00000 0.985
7211.00000 0.9848
7214.00000 0.9846
7217.00000 0.9843
7220.00000 0.9841
7224.00000 0.9844
7227.00000 0.9844
7230.00000 0.9841
7234.00000 0.9842
7237.00000 0.9835
7240.00000 0.9831
7243.00000 0.9829
7247.00000 0.9825
7250.00000 0.9824
7253.00000 0.983
7257.00000 0.9831
7260.00000 0.9828
7263.00000 0.9833
7266.00000 0.9833
7270.00000 0.9823
7273.00000 0.982
7276.00000 0.9824
7279.00000 0.9824
7283.00000 0.9822
7286.00000 0.9825
7289.00000 0.9825
7293.00000 0.9819
7296.00000 0.9814
7299.00000 0.981
7302.00000 0.9806
7306.00000 0.9801
7309.00000 0.9803
7312.00000 0.9806
7315.00000 0.9808
7319.00000 0.9816
7322.00000 0.9818
7325.00000 0.9818
7329.00000 0.9815
7332.00000 0.9805
7335.00000 0.9797
7338.00000 0.98
7342.00000 0.9795
7345.00000 0.9793
7348.00000 0.9802
7351.00000 0.9811
7355.00000 0.9805
7358.00000 0.9808
7361.00000 0.9803
7365.00000 0.9799
7368.00000 0.9787
7371.00000 0.9784
7374.00000 0.9779
7378.00000 0.9777
7381.00000 0.9771
7384.00000 0.9771
7387.00000 0.9772
7391.00000 0.9774
7394.00000 0.9774
7397.00000 0.9773
7400.00000 0.9776
7404.00000 0.9777
7407.00000 0.9775
7410.00000 0.9777
7413.00000 0.9783
7417.00000 0.9783
7420.00000 0.9776
7423.00000 0.9776
7427.00000 0.9777
7430.00000 0.9778
7433.00000 0.9769
7436.00000 0.9767
7440.00000 0.9762
7443.00000 0.9759
7446.00000 0.9747
7449.00000 0.9753
7453.00000 0.9755
7456.00000 0.9759
7459.00000 0.9758
7462.00000 0.9758
7466.00000 0.9756
7469.00000 0.9759
7472.00000 0.9758
7475.00000 0.9758
7479.00000 0.9763
7482.00000 0.9762
7485.00000 0.9755
7488.00000 0.9746
7492.00000 0.9739
7495.00000 0.9734
7498.00000 0.9733
7501.00000 0.9737
7505.00000 0.974
7508.00000 0.9739
7511.00000 0.9732
7514.00000 0.9728
7518.00000 0.972
7521.00000 0.9716
7524.00000 0.9719
7527.00000 0.9726
7531.00000 0.9721
7534.00000 0.9725
7537.00000 0.9725
7540.00000 0.9726
7544.00000 0.9718
7547.00000 0.972
7550.00000 0.9715
7553.00000 0.972
7556.00000 0.9718
7560.00000 0.9721
7563.00000 0.9722
7566.00000 0.972
7569.00000 0.9715
7573.00000 0.9717
7576.00000 0.9715
7579.00000 0.9716
7582.00000 0.9719
7586.00000 0.9716
7589.00000 0.9703
7592.00000 0.9698
7595.00000 0.9688
7599.00000 0.9682
7602.00000 0.9683
7605.00000 0.9686
7608.00000 0.9689
7612.00000 0.9693
7615.00000 0.969
7618.00000 0.9691
7621.00000 0.9694
7624.00000 0.9692
7628.00000 0.969
7631.00000 0.969
7634.00000 0.9687
7637.00000 0.9685
7641.00000 0.9673
7644.00000 0.967
7647.00000 0.9667
7650.00000 0.9661
7654.00000 0.9656
7657.00000 0.9658
7660.00000 0.9655
7663.00000 0.9655
7666.00000 0.9651
7670.00000 0.9648
7673.00000 0.9646
7676.00000 0.9648
7679.00000 0.9644
7683.00000 0.9649
7686.00000 0.9649
7689.00000 0.9659
7692.00000 0.9656
7695.00000 0.9661
7699.00000 0.9652
7702.00000 0.9648
7705.00000 0.9633
7708.00000 0.9632
7712.00000 0.9632
7715.00000 0.9636
7718.00000 0.9635
7721.00000 0.9641
7724.00000 0.964
7728.00000 0.9637
7731.00000 0.963
7734.00000 0.9633
7737.00000 0.9634
7741.00000 0.9631
7744.00000 0.9628
7747.00000 0.9628
7750.00000 0.9629
7753.00000 0.9624
7757.00000 0.9623
7760.00000 0.962
7763.00000 0.9616
7766.00000 0.9609
7769.00000 0.9606
7773.00000 0.9602
7776.00000 0.9598
7779.00000 0.96
7782.00000 0.9594
7785.00000 0.9588
7789.00000 0.9589
7792.00000 0.959
7795.00000 0.9584
7798.00000 0.9586
7802.00000 0.9586
7805.00000 0.9592
7808.00000 0.9593
7811.00000 0.9589
7814.00000 0.9589
7818.00000 0.9592
7821.00000 0.958
7824.00000 0.9581
7827.00000 0.9586
7830.00000 0.9585
7834.00000 0.9584
7837.00000 0.9588
7840.00000 0.9578
7843.00000 0.9575
7846.00000 0.9571
7850.00000 0.9566
7853.00000 0.9564
7856.00000 0.9566
7859.00000 0.956
7862.00000 0.956
7866.00000 0.9562
7869.00000 0.9555
7872.00000 0.9549
7875.00000 0.9561
7878.00000 0.9558
7882.00000 0.9553
7885.00000 0.955
7888.00000 0.9556
7891.00000 0.9541
7894.00000 0.954
7898.00000 0.953
7901.00000 0.953
7904.00000 0.9525
7907.00000 0.9534
7910.00000 0.953
7914.00000 0.9532
7917.00000 0.9534
7920.00000 0.9532
7923.00000 0.9517
7926.00000 0.9516
7929.00000 0.9518
7933.00000 0.9515
7936.00000 0.951
7939.00000 0.9517
7942.00000 0.9519
7945.00000 0.952
7949.00000 0.9521
7952.00000 0.9517
7955.00000 0.9519
7958.00000 0.9508
7961.00000 0.9503
7965.00000 0.9494
7968.00000 0.9498
7971.00000 0.9487
7974.00000 0.9489
7977.00000 0.9485
7980.00000 0.9491
7984.00000 0.9487
7987.00000 0.9485
7990.00000 0.9486
7993.00000 0.9485
7996.00000 0.9484
8000.00000 0.9483
8003.00000 0.949
8006.00000 0.9493
8009.00000 0.9499
8012.00000 0.949
8015.00000 0.949
8019.00000 0.9477
8022.00000 0.9473
8025.00000 0.9469
8028.00000 0.9472
8031.00000 0.9469
8035.00000 0.9469
8038.00000 0.9467
8041.00000 0.9459
8044.00000 0.9457
8047.00000 0.9465
8050.00000 0.947
8054.00000 0.9467
8057.00000 0.9467
8060.00000 0.9464
8063.00000 0.9455
8066.00000 0.9448
8069.00000 0.9443
8073.00000 0.9449
8076.00000 0.945
8079.00000 0.9448
8082.00000 0.9447
8085.00000 0.9445
8088.00000 0.9435
8092.00000 0.9428
8095.00000 0.9427
8098.00000 0.9435
8101.00000 0.9444
8104.00000 0.9441
8107.00000 0.9438
8111.00000 0.944
8114.00000 0.9433
8117.00000 0.9424
8120.00000 0.9435
8123.00000 0.9435
8126.00000 0.9426
8130.00000 0.9422
8133.00000 0.9423
8136.00000 0.9425
8139.00000 0.9425
8142.00000 0.9425
8145.00000 0.9418
8149.00000 0.9417
8152.00000 0.9407
8155.00000 0.9406
8158.00000 0.9397
8161.00000 0.9405
8164.00000 0.9396
8168.00000 0.9393
8171.00000 0.9392
8174.00000 0.9394
8177.00000 0.9388
8180.00000 0.9392
8183.00000 0.9394
8186.00000 0.9394
8190.00000 0.9392
8193.00000 0.9391
8196.00000 0.9396
8199.00000 0.9391
8202.00000 0.9384
8205.00000 0.9383
8209.00000 0.9373
8212.00000 0.9365
8215.00000 0.9354
8218.00000 0.9352
8221.00000 0.9353
8224.00000 0.9355
8227.00000 0.9349
8231.00000 0.9346
8234.00000 0.9341
8237.00000 0.9335
8240.00000 0.9329
8243.00000 0.9329
8246.00000 0.9333
8249.00000 0.9338
8253.00000 0.9342
8256.00000 0.9359
8259.00000 0.9362
8262.00000 0.9363
8265.00000 0.9356
8268.00000 0.9356
8272.00000 0.9339
8275.00000 0.9336
8278.00000 0.9331
8281.00000 0.9334
8284.00000 0.9326
8287.00000 0.9318
8290.00000 0.9316
8294.00000 0.9314
8297.00000 0.9312
8300.00000 0.9315
8303.00000 0.9326
8306.00000 0.9318
8309.00000 0.9318
8312.00000 0.9314
8315.00000 0.9304
8319.00000 0.9297
8322.00000 0.93
8325.00000 0.9298
8328.00000 0.9303
8331.00000 0.9308
8334.00000 0.9309
8337.00000 0.9306
8341.00000 0.9306
8344.00000 0.9301
8347.00000 0.9298
8350.00000 0.9291
8353.00000 0.9291
8356.00000 0.9288
8359.00000 0.9282
8362.00000 0.9279
8366.00000 0.9287
8369.00000 0.9285
8372.00000 0.9282
8375.00000 0.929
8378.00000 0.929
8381.00000 0.9287
8384.00000 0.9288
8388.00000 0.9285
8391.00000 0.927
8394.00000 0.9267
8397.00000 0.9262
8400.00000 0.9264
8403.00000 0.9264
8406.00000 0.927
8409.00000 0.9264
8413.00000 0.9262
8416.00000 0.9254
8419.00000 0.9254
8422.00000 0.9248
8425.00000 0.9252
8428.00000 0.925
8431.00000 0.9254
8434.00000 0.9245
8437.00000 0.9246
8441.00000 0.9244
8444.00000 0.9234
8447.00000 0.9227
8450.00000 0.9236
8453.00000 0.9237
8456.00000 0.9236
8459.00000 0.9251
8462.00000 0.9253
8466.00000 0.9248
8469.00000 0.9248
8472.00000 0.9249
8475.00000 0.9235
8478.00000 0.9231
8481.00000 0.9223
8484.00000 0.9218
8487.00000 0.9209
8490.00000 0.921
8494.00000 0.9201
8497.00000 0.9201
8500.00000 0.9207
8503.00000 0.9209
8506.00000 0.9208
8509.00000 0.9209
8512.00000 0.9211
8515.00000 0.9203
8518.00000 0.9197
8522.00000 0.9194
8525.00000 0.9183
8528.00000 0.9177
8531.00000 0.9174
8534.00000 0.9175
8537.00000 0.9176
8540.00000 0.9188
8543.00000 0.9192
8546.00000 0.9192
8550.00000 0.9187
8553.00000 0.918
8556.00000 0.9181
8559.00000 0.9175
8562.00000 0.9174
8565.00000 0.9165
8568.00000 0.9168
8571.00000 0.9152
8574.00000 0.9152
8577.00000 0.9149
8581.00000 0.9154
8584.00000 0.9153
8587.00000 0.9158
8590.00000 0.9155
8593.00000 0.9155
8596.00000 0.9156
8599.00000 0.9154
8602.00000 0.9162
8605.00000 0.9164
8608.00000 0.916
8612.00000 0.9159
8615.00000 0.9156
8618.00000 0.915
8621.00000 0.9144
8624.00000 0.914
8627.00000 0.9138
8630.00000 0.9137
8633.00000 0.913
8636.00000 0.9135
8639.00000 0.9132
8642.00000 0.9128
8646.00000 0.9124
8649.00000 0.9124
8652.00000 0.9116
8655.00000 0.912
8658.00000 0.9121
8661.00000 0.9124
8664.00000 0.9119
8667.00000 0.9123
8670.00000 0.9119
8673.00000 0.9117
8676.00000 0.9116
8680.00000 0.9118
8683.00000 0.9111
8686.00000 0.9109
8689.00000 0.9105
8692.00000 0.9103
8695.00000 0.9107
8698.00000 0.9104
8701.00000 0.9099
8704.00000 0.9097
8707.00000 0.9087
8710.00000 0.9072
8713.00000 0.9066
8717.00000 0.9067
8720.00000 0.907
8723.00000 0.9071
8726.00000 0.9085
8729.00000 0.9086
8732.00000 0.9075
8735.00000 0.9073
8738.00000 0.9069
8741.00000 0.9061
8744.00000 0.9061
8747.00000 0.9066
8750.00000 0.9053
8753.00000 0.9053
8757.00000 0.9052
8760.00000 0.9053
8763.00000 0.9064
8766.00000 0.9075
8769.00000 0.9079
8772.00000 0.9076
8775.00000 0.9066
8778.00000 0.9058
8781.00000 0.9043
8784.00000 0.9039
8787.00000 0.9037
8790.00000 0.9047
8793.00000 0.9045
8797.00000 0.9052
8800.00000 0.9045
8803.00000 0.9043
8806.00000 0.9037
8809.00000 0.9026
8812.00000 0.9024
8815.00000 0.9021
8818.00000 0.9015
8821.00000 0.9004
8824.00000 0.9012
8827.00000 0.9004
8830.00000 0.9009
8833.00000 0.9007
8836.00000 0.9009
8839.00000 0.9005
8843.00000 0.9013
8846.00000 0.9013
8849.00000 0.9014
8852.00000 0.902
8855.00000 0.9011
8858.00000 0.8998
8861.00000 0.8988
8864.00000 0.8988
8867.00000 0.8985
8870.00000 0.8991
8873.00000 0.8994
8876.00000 0.8991
8879.00000 0.8991
8882.00000 0.8984
8885.00000 0.8976
8888.00000 0.8969
8891.00000 0.8969
8895.00000 0.8963
8898.00000 0.8966
8901.00000 0.8969
8904.00000 0.8976
8907.00000 0.8984
8910.00000 0.899
8913.00000 0.8988
8916.00000 0.8986
8919.00000 0.8985
8922.00000 0.8977
8925.00000 0.8963
8928.00000 0.8959
8931.00000 0.8956
8934.00000 0.8951
8937.00000 0.8958
8940.00000 0.8973
8943.00000 0.8979
8946.00000 0.8971
8949.00000 0.897
8953.00000 0.896
8956.00000 0.8949
8959.00000 0.8936
8962.00000 0.895
8965.00000 0.8946
8968.00000 0.8943
8971.00000 0.8935
8974.00000 0.894
8977.00000 0.8932
8980.00000 0.8932
8983.00000 0.8935
8986.00000 0.8934
8989.00000 0.8933
8992.00000 0.8926
8995.00000 0.8926
