threeML/data/optical_filters/LCO/IMACS-WB3600.ecsv
# %ECSV 0.9
# ---
# datatype:
# - {name: wavelength, unit: Angstrom, datatype: float32}
# - {name: response, datatype: float32}
# meta: !!omap
# - {band_name: WB3600}
# - {group_name: IMACS}
wavelength response
[from data line 1775]
6899.60010 0.00592
6902.89990 0.0055
6906.20020 0.00538
6909.60010 0.005
6912.89990 0.0049
6916.20020 0.00473
6919.60010 0.00475
6922.89990 0.0046
6926.20020 0.00466
6929.50000 0.00454
6932.89990 0.00453
6936.20020 0.00445
6939.50000 0.00448
6942.79980 0.00443
6946.10010 0.0044
6949.50000 0.00434
6952.79980 0.00442
6956.10010 0.00439
6959.39990 0.00439
6962.70020 0.00442
6966.10010 0.00448
6969.39990 0.00442
6972.70020 0.0044
6976.00000 0.00436
6979.29980 0.0043
6982.70020 0.00428
6986.00000 0.00426
6989.29980 0.0042
6992.60010 0.00416
6995.89990 0.00412
6999.20020 0.00411
7002.50000 0.00418
7005.89990 0.00421
7009.20020 0.00424
7012.50000 0.00435
7015.79980 0.00431
7019.10010 0.00428
7022.39990 0.00433
7025.70020 0.00434
7029.00000 0.00424
7032.39990 0.00413
7035.70020 0.00416
7039.00000 0.00419
7042.29980 0.00414
7045.60010 0.00419
7048.89990 0.00427
7052.20020 0.00424
7055.50000 0.0042
7058.79980 0.00427
7062.10010 0.00429
7065.39990 0.00436
7068.70020 0.00434
7072.00000 0.00436
7075.39990 0.00432
7078.70020 0.00435
7082.00000 0.00438
7085.29980 0.00439
7088.60010 0.00437
7091.89990 0.00442
7095.20020 0.0044
7098.50000 0.00441
7101.79980 0.00444
7105.10010 0.00444
7108.39990 0.00443
7111.70020 0.00443
7115.00000 0.00441
7118.29980 0.00444
7121.60010 0.00443
7124.89990 0.00445
7128.20020 0.00444
7131.50000 0.00445
7134.79980 0.00443
7138.10010 0.00445
7141.39990 0.00443
7144.70020 0.00445
7148.00000 0.00439
7151.20020 0.00436
7154.50000 0.00435
7157.79980 0.00432
7161.10010 0.0043
7164.39990 0.00436
7167.70020 0.00434
7171.00000 0.00436
7174.29980 0.00438
7177.60010 0.00435
7180.89990 0.00417
7184.20020 0.00415
7187.50000 0.00397
7190.79980 0.00391
7194.00000 0.00386
7197.29980 0.00398
7200.60010 0.0037
7203.89990 0.00345
7207.20020 0.00317
7210.50000 0.00291
7213.79980 0.00258
7217.10010 0.00264
7220.29980 0.00262
7223.60010 0.0025
7226.89990 0.0024
7230.20020 0.00218
7233.50000 0.0019
7236.79980 0.00178
7240.00000 0.00168
7243.29980 0.00142
7246.60010 0.00141
7249.89990 0.00128
7253.20020 0.00126
7256.50000 0.00105
7259.70020 0.00098
7263.00000 0.00081
7266.29980 0.0008
7269.60010 0.00059
7272.89990 0.00057
7276.10010 0.00068
7279.39990 0.00066
7282.70020 0.00055
8010.97021 0.0
