threeML/data/optical_filters/LCO/IMACS-Bessell_V1.ecsv
# %ECSV 0.9
# ---
# datatype:
# - {name: wavelength, unit: Angstrom, datatype: float32}
# - {name: response, datatype: float32}
# meta: !!omap
# - {band_name: Bessell_V1}
# - {group_name: IMACS}
wavelength response
4719.00000 0.0
4720.00000 0.0001
4722.00000 0.0002
4723.00000 0.0002
4725.00000 0.0003
4726.00000 0.0003
4728.00000 0.0002
4729.00000 0.0002
4731.00000 0.0001
4732.00000 0.0001
4734.00000 0.0001
4735.00000 0.0002
4737.00000 0.0002
4738.00000 0.0003
4740.00000 0.0004
4741.00000 0.0003
4743.00000 0.0003
4744.00000 0.0003
4746.00000 0.0004
4747.00000 0.0003
4748.00000 0.0005
4750.00000 0.0007
4751.00000 0.0009
4753.00000 0.001
4754.00000 0.0011
4756.00000 0.0013
4757.00000 0.0016
4759.00000 0.0016
4760.00000 0.0017
4762.00000 0.002
4763.00000 0.0022
4765.00000 0.0025
4766.00000 0.003
4768.00000 0.0036
4769.00000 0.0039
4771.00000 0.0041
4772.00000 0.0041
4774.00000 0.0043
4775.00000 0.0042
4777.00000 0.0043
4778.00000 0.0042
4780.00000 0.0042
4781.00000 0.0044
4783.00000 0.0045
4784.00000 0.0048
4786.00000 0.0053
4787.00000 0.0059
4788.00000 0.0064
4790.00000 0.0071
4791.00000 0.0077
4793.00000 0.0081
4794.00000 0.0084
4796.00000 0.0085
4797.00000 0.0087
4799.00000 0.0089
4800.00000 0.0093
4802.00000 0.0098
4803.00000 0.0107
4805.00000 0.0115
4806.00000 0.0124
4808.00000 0.013
4809.00000 0.014
4811.00000 0.0148
4812.00000 0.0157
4814.00000 0.0165
4815.00000 0.0177
4817.00000 0.0188
4818.00000 0.0198
4819.00000 0.0212
4821.00000 0.0227
4822.00000 0.0239
4824.00000 0.0251
4825.00000 0.0266
4827.00000 0.0279
4828.00000 0.0295
4830.00000 0.0312
4831.00000 0.0333
4833.00000 0.0352
4834.00000 0.0371
4836.00000 0.0393
4837.00000 0.0414
4839.00000 0.0437
4840.00000 0.0462
4842.00000 0.0488
4843.00000 0.0512
4845.00000 0.054
4846.00000 0.0565
4847.00000 0.0593
4849.00000 0.0622
4850.00000 0.0653
4852.00000 0.0687
4853.00000 0.0725
4855.00000 0.0763
4856.00000 0.0803
4858.00000 0.0843
4859.00000 0.0884
4861.00000 0.0923
4862.00000 0.0966
4864.00000 0.101
4865.00000 0.1055
4867.00000 0.11
4868.00000 0.1151
4869.00000 0.1198
4871.00000 0.1247
4872.00000 0.1301
4874.00000 0.1357
4875.00000 0.1411
4877.00000 0.1468
4878.00000 0.1526
4880.00000 0.1585
4881.00000 0.1646
4883.00000 0.1706
4884.00000 0.177
4886.00000 0.1833
4887.00000 0.1898
4889.00000 0.1963
4890.00000 0.2032
4891.00000 0.2099
4893.00000 0.217
4894.00000 0.2238
4896.00000 0.2312
4897.00000 0.2387
4899.00000 0.2459
4900.00000 0.2535
4902.00000 0.2612
4903.00000 0.2687
4905.00000 0.2766
4906.00000 0.2845
4908.00000 0.2924
4909.00000 0.3004
4910.00000 0.3087
4912.00000 0.3168
4913.00000 0.3253
4915.00000 0.3338
4916.00000 0.3419
4918.00000 0.3498
4919.00000 0.3576
4921.00000 0.3653
4922.00000 0.373
4924.00000 0.3808
4925.00000 0.3888
4927.00000 0.3972
4928.00000 0.4054
4929.00000 0.4138
4931.00000 0.4224
4932.00000 0.4303
4934.00000 0.438
4935.00000 0.446
4937.00000 0.4534
4938.00000 0.461
4940.00000 0.4695
4941.00000 0.4777
4943.00000 0.4855
4944.00000 0.4934
4945.00000 0.501
4947.00000 0.5078
4948.00000 0.5152
4950.00000 0.5226
4951.00000 0.5304
4953.00000 0.5377
4954.00000 0.5448
4956.00000 0.5518
4957.00000 0.5582
4959.00000 0.5649
4960.00000 0.5716
4961.00000 0.5785
4963.00000 0.5851
4964.00000 0.5922
4966.00000 0.5987
4967.00000 0.6051
4969.00000 0.6111
4970.00000 0.6165
4972.00000 0.622
4973.00000 0.6278
4975.00000 0.6336
4976.00000 0.64
4977.00000 0.6464
4979.00000 0.6525
4980.00000 0.6584
4982.00000 0.6642
4983.00000 0.6691
4985.00000 0.6735
4986.00000 0.6789
4988.00000 0.6837
4989.00000 0.688
4990.00000 0.6931
4992.00000 0.698
4993.00000 0.7025
4995.00000 0.7074
4996.00000 0.7124
4998.00000 0.7168
4999.00000 0.7217
5001.00000 0.7259
5002.00000 0.7305
5003.00000 0.7346
5005.00000 0.7387
5006.00000 0.7426
5008.00000 0.7461
5009.00000 0.7494
5011.00000 0.7528
5012.00000 0.7571
5014.00000 0.7605
5015.00000 0.7642
5017.00000 0.7678
5018.00000 0.7717
5019.00000 0.7746
5021.00000 0.7779
5022.00000 0.7808
5024.00000 0.7844
5025.00000 0.7876
5027.00000 0.7908
5028.00000 0.7943
5029.00000 0.7977
5031.00000 0.7999
5032.00000 0.8024
5034.00000 0.805
5035.00000 0.8073
5037.00000 0.8099
5038.00000 0.8125
5040.00000 0.8149
5041.00000 0.817
5042.00000 0.8195
5044.00000 0.8219
5045.00000 0.8241
5047.00000 0.8265
5048.00000 0.8289
5050.00000 0.831
5051.00000 0.8329
5053.00000 0.8353
5054.00000 0.8372
5055.00000 0.8388
5057.00000 0.8402
5058.00000 0.8418
5060.00000 0.8433
5061.00000 0.8449
5063.00000 0.8465
5064.00000 0.8482
5065.00000 0.8499
5067.00000 0.8517
5068.00000 0.8529
5070.00000 0.8545
5071.00000 0.856
5073.00000 0.8573
5074.00000 0.8588
5076.00000 0.8602
5077.00000 0.8617
5078.00000 0.8633
5080.00000 0.8651
5081.00000 0.8665
5083.00000 0.8679
5084.00000 0.8687
5086.00000 0.8701
5087.00000 0.8707
5088.00000 0.8712
5090.00000 0.8726
5091.00000 0.8737
5093.00000 0.8742
5094.00000 0.875
5096.00000 0.8764
5097.00000 0.8776
5098.00000 0.8788
5100.00000 0.8795
5101.00000 0.8808
5103.00000 0.8815
5104.00000 0.8815
5106.00000 0.8826
5107.00000 0.8839
5109.00000 0.8851
5110.00000 0.8852
5111.00000 0.8863
5113.00000 0.887
5114.00000 0.8872
5116.00000 0.8874
5117.00000 0.8885
5119.00000 0.8889
5120.00000 0.8886
5121.00000 0.89
5123.00000 0.8908
5124.00000 0.8909
5126.00000 0.8916
5127.00000 0.8924
5129.00000 0.8923
5130.00000 0.8928
5131.00000 0.8938
5133.00000 0.8939
5134.00000 0.8945
5136.00000 0.8953
5137.00000 0.8962
5139.00000 0.897
5140.00000 0.8978
5141.00000 0.8985
5143.00000 0.8982
5144.00000 0.8978
5146.00000 0.8974
5147.00000 0.8974
5148.00000 0.8976
5150.00000 0.8983
5151.00000 0.8985
5153.00000 0.8992
5154.00000 0.9001
5156.00000 0.9008
5157.00000 0.901
5158.00000 0.9018
5160.00000 0.902
5161.00000 0.902
5163.00000 0.9019
5164.00000 0.902
5166.00000 0.902
5167.00000 0.9021
5168.00000 0.9021
5170.00000 0.9023
5171.00000 0.9027
5173.00000 0.9026
5174.00000 0.9032
5176.00000 0.9035
5177.00000 0.9042
5178.00000 0.9043
5180.00000 0.9044
5181.00000 0.9039
5183.00000 0.9041
5184.00000 0.9034
5185.00000 0.9032
5187.00000 0.9024
5188.00000 0.9025
5190.00000 0.9021
5191.00000 0.9027
5193.00000 0.9034
5194.00000 0.9047
5195.00000 0.9045
5197.00000 0.9047
5198.00000 0.9041
5200.00000 0.904
5201.00000 0.9039
5202.00000 0.905
5204.00000 0.9055
5205.00000 0.9058
5207.00000 0.9054
5208.00000 0.9056
5210.00000 0.905
5211.00000 0.9044
5212.00000 0.9042
5214.00000 0.9044
5215.00000 0.9041
5217.00000 0.9033
5218.00000 0.9029
5219.00000 0.9028
5221.00000 0.9023
5222.00000 0.9021
5224.00000 0.902
5225.00000 0.9023
5227.00000 0.9025
5228.00000 0.9022
5229.00000 0.9023
5231.00000 0.9024
5232.00000 0.9023
5234.00000 0.9019
5235.00000 0.9024
5236.00000 0.9021
5238.00000 0.9024
5239.00000 0.9021
5241.00000 0.9019
5242.00000 0.9024
5243.00000 0.9019
5245.00000 0.9018
5246.00000 0.9018
5248.00000 0.9018
5249.00000 0.9004
5250.00000 0.9009
5252.00000 0.9002
5253.00000 0.9003
5255.00000 0.9001
5256.00000 0.9
5258.00000 0.8988
5259.00000 0.8994
5260.00000 0.8993
5262.00000 0.8994
5263.00000 0.899
5265.00000 0.8997
5266.00000 0.8987
5267.00000 0.8984
5269.00000 0.8983
5270.00000 0.8992
5272.00000 0.8984
5273.00000 0.8984
5274.00000 0.8976
5276.00000 0.8978
5277.00000 0.8966
5279.00000 0.8967
5280.00000 0.8956
5281.00000 0.8955
5283.00000 0.8945
5284.00000 0.8953
5286.00000 0.8952
5287.00000 0.8961
5288.00000 0.8959
5290.00000 0.8958
5291.00000 0.8944
5293.00000 0.8938
5294.00000 0.8925
5295.00000 0.8928
5297.00000 0.892
5298.00000 0.8921
5300.00000 0.8925
5301.00000 0.8929
5302.00000 0.8917
5304.00000 0.8918
5305.00000 0.8914
5307.00000 0.8907
5308.00000 0.8906
5309.00000 0.8904
5311.00000 0.8891
5312.00000 0.8889
5314.00000 0.8883
5315.00000 0.8871
5316.00000 0.8867
5318.00000 0.8869
5319.00000 0.887
5321.00000 0.8863
5322.00000 0.885
5323.00000 0.8843
5325.00000 0.8839
5326.00000 0.8828
5328.00000 0.8828
5329.00000 0.884
5330.00000 0.885
5332.00000 0.8844
5333.00000 0.8843
5335.00000 0.8841
5336.00000 0.8831
5337.00000 0.8813
5339.00000 0.8806
5340.00000 0.8791
5342.00000 0.8783
5343.00000 0.8779
5344.00000 0.8788
5346.00000 0.879
5347.00000 0.8784
5349.00000 0.8783
5350.00000 0.8778
5351.00000 0.8763
5353.00000 0.876
5354.00000 0.8775
5356.00000 0.8773
5357.00000 0.8763
5358.00000 0.8768
5360.00000 0.876
5361.00000 0.8757
5363.00000 0.8756
5364.00000 0.8755
5365.00000 0.8747
5367.00000 0.8736
5368.00000 0.8715
5369.00000 0.869
5371.00000 0.869
5372.00000 0.8685
5374.00000 0.8687
5375.00000 0.8684
5376.00000 0.8691
5378.00000 0.8678
5379.00000 0.8667
5381.00000 0.8655
5382.00000 0.8643
5383.00000 0.8631
5385.00000 0.8629
5386.00000 0.8632
5388.00000 0.8631
5389.00000 0.8637
5390.00000 0.8639
5392.00000 0.8635
5393.00000 0.8623
5394.00000 0.8622
5396.00000 0.8608
5397.00000 0.8596
5399.00000 0.859
5400.00000 0.8577
5401.00000 0.8571
5403.00000 0.8582
5404.00000 0.859
5406.00000 0.8578
5407.00000 0.8574
5408.00000 0.8559
5410.00000 0.8545
5411.00000 0.8533
5412.00000 0.8543
5414.00000 0.8549
5415.00000 0.8563
5417.00000 0.8556
5418.00000 0.856
5419.00000 0.8557
5421.00000 0.8551
5422.00000 0.853
5424.00000 0.8524
5425.00000 0.8513
5426.00000 0.8485
5428.00000 0.8479
5429.00000 0.8471
5430.00000 0.8459
5432.00000 0.845
5433.00000 0.8451
5435.00000 0.8431
5436.00000 0.8423
5437.00000 0.8423
5439.00000 0.8411
5440.00000 0.8395
5441.00000 0.8402
5443.00000 0.84
5444.00000 0.8378
5446.00000 0.8372
5447.00000 0.8368
5448.00000 0.8344
5450.00000 0.8334
5451.00000 0.835
5453.00000 0.8327
5454.00000 0.8317
5455.00000 0.832
5457.00000 0.8311
5458.00000 0.8294
5459.00000 0.8292
5461.00000 0.8304
5462.00000 0.8309
5464.00000 0.8298
5465.00000 0.8294
5466.00000 0.8295
5468.00000 0.8279
5469.00000 0.8267
5470.00000 0.8265
5472.00000 0.8242
5473.00000 0.8238
5475.00000 0.8224
5476.00000 0.8215
5477.00000 0.8209
5479.00000 0.821
5480.00000 0.8205
5481.00000 0.821
5483.00000 0.8201
5484.00000 0.8187
5485.00000 0.8173
5487.00000 0.8167
5488.00000 0.8167
5490.00000 0.8147
5491.00000 0.8154
5492.00000 0.8152
5494.00000 0.8135
5495.00000 0.8112
5496.00000 0.8128
5498.00000 0.8122
5499.00000 0.8117
5501.00000 0.8125
5502.00000 0.8116
5503.00000 0.8089
5505.00000 0.8053
5506.00000 0.8056
5507.00000 0.8034
5509.00000 0.802
5510.00000 0.8012
5512.00000 0.8028
5513.00000 0.8003
5514.00000 0.7997
5516.00000 0.7991
5517.00000 0.7982
5518.00000 0.7959
5520.00000 0.7954
5521.00000 0.7943
5522.00000 0.7923
5524.00000 0.7916
5525.00000 0.7904
5527.00000 0.7892
5528.00000 0.7865
5529.00000 0.7863
5531.00000 0.7856
5532.00000 0.7833
5533.00000 0.7821
5535.00000 0.7822
5536.00000 0.7813
5537.00000 0.7809
5539.00000 0.7823
5540.00000 0.7817
5542.00000 0.7817
5543.00000 0.7821
5544.00000 0.7782
5546.00000 0.7759
5547.00000 0.7741
5548.00000 0.7728
5550.00000 0.7736
5551.00000 0.775
5552.00000 0.7775
5554.00000 0.7764
5555.00000 0.7752
5557.00000 0.771
5558.00000 0.7696
5559.00000 0.7674
5561.00000 0.7669
5562.00000 0.7654
5563.00000 0.7661
5565.00000 0.765
5566.00000 0.7629
5567.00000 0.7615
5569.00000 0.7615
5570.00000 0.7593
5572.00000 0.7604
5573.00000 0.758
5574.00000 0.7561
5576.00000 0.7555
5577.00000 0.756
5578.00000 0.7533
5580.00000 0.7523
5581.00000 0.7502
5582.00000 0.7471
5584.00000 0.7446
5585.00000 0.7411
5586.00000 0.7416
5588.00000 0.7437
5589.00000 0.7448
5591.00000 0.7437
5592.00000 0.7433
5593.00000 0.742
5595.00000 0.7395
5596.00000 0.7356
5597.00000 0.7308
5599.00000 0.7276
5600.00000 0.725
5601.00000 0.726
5603.00000 0.7264
5604.00000 0.7293
5605.00000 0.7331
5607.00000 0.7337
5608.00000 0.7313
5609.00000 0.7319
5611.00000 0.73
5612.00000 0.7287
5614.00000 0.7275
5615.00000 0.7261
5616.00000 0.7229
5618.00000 0.7214
5619.00000 0.7173
5620.00000 0.7158
5622.00000 0.7131
5623.00000 0.7127
5624.00000 0.7105
5626.00000 0.7095
5627.00000 0.7071
5628.00000 0.708
5630.00000 0.7074
5631.00000 0.7084
5632.00000 0.7082
5634.00000 0.7042
5635.00000 0.6999
5636.00000 0.6982
5638.00000 0.6966
5639.00000 0.6958
5641.00000 0.6983
5642.00000 0.7029
5643.00000 0.7015
5645.00000 0.6971
5646.00000 0.6931
5647.00000 0.6894
5649.00000 0.682
5650.00000 0.6784
5651.00000 0.6774
5653.00000 0.6788
5654.00000 0.6797
5655.00000 0.6831
5657.00000 0.6858
5658.00000 0.6892
5659.00000 0.6894
5661.00000 0.686
5662.00000 0.6799
5663.00000 0.679
5665.00000 0.6712
5666.00000 0.6659
5667.00000 0.6637
5669.00000 0.6661
5670.00000 0.6635
5671.00000 0.6688
5673.00000 0.6691
5674.00000 0.6709
5675.00000 0.6669
5677.00000 0.663
5678.00000 0.6554
5679.00000 0.6565
5681.00000 0.6549
5682.00000 0.6569
5684.00000 0.6579
5685.00000 0.6619
5686.00000 0.6612
5688.00000 0.6605
5689.00000 0.6581
5690.00000 0.6599
5692.00000 0.6589
5693.00000 0.6541
5694.00000 0.6543
5696.00000 0.6545
5697.00000 0.6489
5698.00000 0.647
5700.00000 0.6458
5701.00000 0.6413
5702.00000 0.6379
5704.00000 0.6357
5705.00000 0.6326
5706.00000 0.6328
5708.00000 0.6307
5709.00000 0.6283
5710.00000 0.6323
5712.00000 0.6329
5713.00000 0.6313
5714.00000 0.6305
5716.00000 0.631
5717.00000 0.626
5718.00000 0.6195
5720.00000 0.6167
5721.00000 0.6136
5722.00000 0.6093
5724.00000 0.6054
5725.00000 0.6061
5726.00000 0.6061
5728.00000 0.6103
5729.00000 0.6096
5730.00000 0.6113
5732.00000 0.6139
5733.00000 0.6139
5734.00000 0.6166
5736.00000 0.6181
5737.00000 0.6169
5738.00000 0.6172
5740.00000 0.6128
5741.00000 0.6017
5742.00000 0.6009
5744.00000 0.5927
5745.00000 0.5854
5746.00000 0.5847
5748.00000 0.5824
5749.00000 0.5824
5750.00000 0.5886
5988.70020 0.28501
5992.10010 0.29038
5995.60010 0.29002
5999.00000 0.28889
6002.50000 0.28772
6005.89990 0.28567
6009.29980 0.28229
6012.79980 0.27869
6016.20020 0.27517
6019.70020 0.27121
6023.10010 0.26804
6026.60010 0.26478
6030.00000 0.26139
6033.39990 0.25809
6036.89990 0.25456
6040.29980 0.251
6043.70020 0.2473
6047.20020 0.24383
6050.60010 0.24035
6054.10010 0.23723
6057.50000 0.23363
6060.89990 0.2306
6064.39990 0.2273
6067.79980 0.22383
6071.20020 0.22038
6074.70020 0.21743
6078.10010 0.2142
6081.50000 0.21118
6085.00000 0.20819
6088.39990 0.20507
6091.79980 0.20209
6095.29980 0.19911
6098.70020 0.19584
6102.10010 0.19278
6105.60010 0.19012
6109.00000 0.1871
6112.39990 0.18413
6115.79980 0.18143
6119.29980 0.17875
6122.70020 0.17585
6126.10010 0.17327
6129.60010 0.17045
6133.00000 0.16765
6136.39990 0.16512
6139.79980 0.16251
6143.29980 0.15963
6146.70020 0.15708
6150.10010 0.15454
6153.50000 0.1516
6157.00000 0.14917
6160.39990 0.14675
6163.79980 0.1441
6167.20020 0.14155
6170.60010 0.13911
6174.10010 0.13638
6177.50000 0.13373
6180.89990 0.13157
6184.29980 0.12935
6187.79980 0.12699
6191.20020 0.12498
6194.60010 0.12288
6198.00000 0.12053
6201.39990 0.11842
6204.79980 0.1164
6208.29980 0.11395
6211.70020 0.11182
6215.10010 0.1098
6218.50000 0.10772
6221.89990 0.10576
6225.29980 0.10393
6228.79980 0.10216
6232.20020 0.10018
6235.60010 0.09816
6239.00000 0.09629
6242.39990 0.09461
6245.79980 0.09258
6249.20020 0.09094
6252.60010 0.08916
6256.10010 0.08712
6259.50000 0.08538
6262.89990 0.08393
6266.29980 0.08211
6892.92969 0.0
