threeML/data/optical_filters/LCO/MagIC-B.ecsv
# %ECSV 0.9
# ---
# datatype:
# - {name: wavelength, unit: Angstrom, datatype: float32}
# - {name: response, datatype: float32}
# meta: !!omap
# - {band_name: B}
# - {group_name: MagIC}
wavelength response
2495.00000 0.0
2500.00000 1e-05
2505.00000 0.0
2510.00000 0.0
2515.00000 0.0
2520.00000 0.0
2525.00000 0.0
2530.00000 0.0
2535.00000 0.0
2540.00000 0.0
2545.00000 0.0
2550.00000 1e-05
2555.00000 0.0
2560.00000 1e-05
2565.00000 0.0
2570.00000 0.0
2575.00000 1e-05
2580.00000 0.0
2585.00000 1e-05
2590.00000 0.0
2595.00000 0.0
2600.00000 1e-05
2605.00000 0.0
2610.00000 0.0
2615.00000 1e-05
2620.00000 0.0
2625.00000 0.0
2630.00000 1e-05
2635.00000 0.0
2640.00000 1e-05
2645.00000 0.0
2650.00000 0.0
2655.00000 1e-05
2660.00000 0.0
2665.00000 0.0
2670.00000 1e-05
2675.00000 1e-05
2680.00000 0.0
2685.00000 1e-05
2690.00000 0.0
2695.00000 1e-05
2700.00000 1e-05
2705.00000 1e-05
2710.00000 0.0
2715.00000 1e-05
2720.00000 0.0
2725.00000 0.0
2730.00000 1e-05
2735.00000 1e-05
2740.00000 1e-05
2745.00000 1e-05
2750.00000 1e-05
2755.00000 1e-05
2760.00000 1e-05
2765.00000 1e-05
2770.00000 2e-05
2775.00000 1e-05
2780.00000 1e-05
2785.00000 1e-05
2790.00000 1e-05
2795.00000 1e-05
2800.00000 2e-05
2805.00000 1e-05
2810.00000 1e-05
2815.00000 2e-05
2820.00000 2e-05
2825.00000 1e-05
2830.00000 2e-05
2835.00000 2e-05
2840.00000 1e-05
2845.00000 2e-05
2850.00000 2e-05
2855.00000 4e-05
2860.00000 1e-05
2865.00000 2e-05
2870.00000 1e-05
2875.00000 2e-05
2880.00000 2e-05
2885.00000 2e-05
2890.00000 3e-05
2895.00000 1e-05
2900.00000 2e-05
2905.00000 2e-05
2910.00000 2e-05
2915.00000 2e-05
2920.00000 2e-05
2925.00000 1e-05
2930.00000 2e-05
2935.00000 1e-05
2940.00000 2e-05
2945.00000 2e-05
2950.00000 2e-05
2955.00000 1e-05
2960.00000 2e-05
2965.00000 1e-05
2970.00000 2e-05
2975.00000 2e-05
2980.00000 2e-05
2985.00000 1e-05
2990.00000 2e-05
2995.00000 1e-05
3000.00000 2e-05
3005.00000 1e-05
3010.00000 1e-05
3015.00000 1e-05
3020.00000 2e-05
3025.00000 1e-05
3030.00000 2e-05
3035.00000 1e-05
3040.00000 2e-05
3045.00000 1e-05
3050.00000 1e-05
3055.00000 1e-05
3060.00000 1e-05
3065.00000 1e-05
3070.00000 2e-05
3075.00000 1e-05
3080.00000 1e-05
3085.00000 1e-05
3090.00000 1e-05
3095.00000 1e-05
3100.00000 1e-05
3105.00000 1e-05
3110.00000 2e-05
3115.00000 2e-05
3120.00000 1e-05
3125.00000 2e-05
3130.00000 0.0
3135.00000 1e-05
3140.00000 1e-05
3145.00000 1e-05
3150.00000 1e-05
3155.00000 1e-05
3160.00000 1e-05
3165.00000 1e-05
3170.00000 0.0
3175.00000 0.0
3180.00000 1e-05
3185.00000 1e-05
3190.00000 1e-05
3195.00000 0.0
3200.00000 1e-05
3205.00000 1e-05
3210.00000 0.0
3215.00000 1e-05
3220.00000 0.0
3225.00000 1e-05
3230.00000 0.0
3235.00000 1e-05
3240.00000 0.0
3245.00000 1e-05
3250.00000 1e-05
3255.00000 0.0
3260.00000 1e-05
3265.00000 0.0
3270.00000 2e-05
3275.00000 0.0
3280.00000 1e-05
3285.00000 1e-05
3290.00000 0.0
3295.00000 0.0
3300.00000 0.0
3305.00000 1e-05
3310.00000 0.0
3315.00000 0.0
3320.00000 0.0
3325.00000 0.0
3330.00000 0.0
3335.00000 1e-05
3340.00000 1e-05
3345.00000 0.0
3350.00000 1e-05
3355.00000 1e-05
3360.00000 0.0
3365.00000 0.0
3370.00000 0.0
3375.00000 1e-05
3380.00000 0.0
3385.00000 0.0
3390.00000 0.0
3395.00000 0.0
3400.00000 1e-05
3405.00000 0.0
3410.00000 1e-05
3415.00000 0.0
3420.00000 1e-05
3425.00000 0.0
3430.00000 1e-05
3435.00000 0.0
3440.00000 1e-05
3445.00000 2e-05
3450.00000 2e-05
3455.00000 3e-05
3460.00000 6e-05
3465.00000 0.0001
3470.00000 0.00015
3475.00000 0.00021
3480.00000 0.00034
3485.00000 0.00051
3490.00000 0.00075
3495.00000 0.00104
3500.00000 0.00142
3505.00000 0.00199
3510.00000 0.00275
3515.00000 0.00351
3520.00000 0.00467
3525.00000 0.00597
3530.00000 0.00748
3535.00000 0.00936
3540.00000 0.01148
3545.00000 0.01407
3550.00000 0.017
3555.00000 0.02036
3560.00000 0.02421
3565.00000 0.02831
3570.00000 0.03295
3575.00000 0.03808
3580.00000 0.04365
3585.00000 0.04949
3590.00000 0.056
3595.00000 0.06276
3600.00000 0.07
3605.00000 0.07773
3610.00000 0.0852
3615.00000 0.09362
3620.00000 0.10221
3625.00000 0.111
3630.00000 0.12009
3635.00000 0.1292
3640.00000 0.13848
3645.00000 0.14795
3650.00000 0.15743
3655.00000 0.16789
3660.00000 0.17752
3665.00000 0.18773
3670.00000 0.19761
3675.00000 0.20778
3680.00000 0.2177
3685.00000 0.22812
3690.00000 0.23752
3695.00000 0.24792
3700.00000 0.25788
3705.00000 0.26725
3710.00000 0.27697
3715.00000 0.28674
3720.00000 0.29595
3725.00000 0.30534
3730.00000 0.31464
3735.00000 0.32368
3740.00000 0.33273
3745.00000 0.341
3750.00000 0.34998
3755.00000 0.35854
3760.00000 0.36709
3765.00000 0.3757
3770.00000 0.3837
3775.00000 0.39164
3780.00000 0.39997
3785.00000 0.40756
3790.00000 0.41597
3795.00000 0.42281
3800.00000 0.43045
3805.00000 0.43787
3810.00000 0.44516
3815.00000 0.45252
3820.00000 0.45903
3825.00000 0.46616
3830.00000 0.47277
3835.00000 0.47915
3840.00000 0.48586
3845.00000 0.49217
3850.00000 0.49791
3855.00000 0.50408
3860.00000 0.51015
3865.00000 0.51529
3870.00000 0.52148
3875.00000 0.52672
3880.00000 0.53233
3885.00000 0.53795
3890.00000 0.54305
3895.00000 0.54811
3900.00000 0.55263
3905.00000 0.55762
3910.00000 0.5624
3915.00000 0.56683
3920.00000 0.57138
3925.00000 0.57573
3930.00000 0.5798
3935.00000 0.58438
3940.00000 0.5882
3945.00000 0.59202
3950.00000 0.59602
3955.00000 0.59921
3960.00000 0.60244
3965.00000 0.60648
3970.00000 0.60976
3975.00000 0.613
3980.00000 0.61618
3985.00000 0.61917
3990.00000 0.62184
3995.00000 0.62496
4000.00000 0.62814
4005.00000 0.63102
4010.00000 0.63351
4015.00000 0.63622
4020.00000 0.63853
4025.00000 0.64133
4030.00000 0.64326
4035.00000 0.64545
4040.00000 0.64773
4045.00000 0.65039
4050.00000 0.65241
4055.00000 0.65462
4060.00000 0.65679
4065.00000 0.65897
4070.00000 0.66046
4075.00000 0.66259
4080.00000 0.66423
4085.00000 0.66642
4090.00000 0.66799
4095.00000 0.66951
4100.00000 0.67124
4105.00000 0.67295
4110.00000 0.67462
4115.00000 0.67599
4120.00000 0.67712
4125.00000 0.67848
4130.00000 0.68035
4135.00000 0.68118
4140.00000 0.68208
4145.00000 0.68349
4150.00000 0.68471
4155.00000 0.68605
4160.00000 0.68688
4165.00000 0.68787
4170.00000 0.6891
4175.00000 0.69036
4180.00000 0.69132
4185.00000 0.69254
4190.00000 0.69344
4195.00000 0.69455
4200.00000 0.69536
4205.00000 0.69652
4210.00000 0.69722
4215.00000 0.6976
4220.00000 0.69815
4225.00000 0.69896
4230.00000 0.6992
4235.00000 0.69989
4240.00000 0.69974
4245.00000 0.69981
4250.00000 0.70013
4255.00000 0.70026
4260.00000 0.70028
4265.00000 0.70045
4270.00000 0.70018
4275.00000 0.70096
4280.00000 0.70071
4285.00000 0.70061
4290.00000 0.70095
4295.00000 0.70106
4300.00000 0.70035
4305.00000 0.70044
4310.00000 0.70054
4315.00000 0.69997
4320.00000 0.69967
4325.00000 0.69912
4330.00000 0.69919
4335.00000 0.69855
4340.00000 0.698
4345.00000 0.69742
4350.00000 0.69705
4355.00000 0.69645
4360.00000 0.69638
4365.00000 0.6951
4370.00000 0.69487
4375.00000 0.69438
4380.00000 0.6939
4385.00000 0.69314
4390.00000 0.69254
4395.00000 0.69204
4400.00000 0.69153
4405.00000 0.69076
4410.00000 0.69003
4415.00000 0.68911
4420.00000 0.6883
4425.00000 0.68778
4430.00000 0.68683
4435.00000 0.68586
4440.00000 0.68464
4445.00000 0.68339
4450.00000 0.68181
4455.00000 0.68096
4460.00000 0.67931
4465.00000 0.67756
4470.00000 0.67588
4475.00000 0.67422
4480.00000 0.67175
4485.00000 0.67035
4490.00000 0.66805
4495.00000 0.66595
4500.00000 0.66394
4505.00000 0.66238
4510.00000 0.66017
4515.00000 0.65805
4520.00000 0.6562
4525.00000 0.65438
4530.00000 0.65256
4535.00000 0.65064
4540.00000 0.64857
4545.00000 0.64604
4550.00000 0.64408
4555.00000 0.64162
4560.00000 0.63938
4565.00000 0.63723
4570.00000 0.63456
4575.00000 0.6319
4580.00000 0.62884
4585.00000 0.62591
4590.00000 0.62302
4595.00000 0.61953
4600.00000 0.61618
4605.00000 0.61329
4610.00000 0.60964
4615.00000 0.6062
4620.00000 0.60227
4625.00000 0.59842
4630.00000 0.59431
4635.00000 0.58982
4640.00000 0.58546
4645.00000 0.58086
4650.00000 0.57618
4655.00000 0.57093
4660.00000 0.5659
4665.00000 0.56055
4670.00000 0.55486
4675.00000 0.54888
4680.00000 0.54313
4685.00000 0.53645
4690.00000 0.5303
4695.00000 0.52403
4700.00000 0.51745
4705.00000 0.51028
4710.00000 0.50344
4715.00000 0.49666
4720.00000 0.48986
4725.00000 0.4834
4730.00000 0.47598
4735.00000 0.46919
4740.00000 0.46208
4745.00000 0.4548
4750.00000 0.448
4755.00000 0.44066
4760.00000 0.43345
4765.00000 0.42663
4770.00000 0.41922
4775.00000 0.41198
4780.00000 0.40469
4785.00000 0.39709
4790.00000 0.38987
4795.00000 0.38235
4800.00000 0.37509
4805.00000 0.3676
4810.00000 0.36015
4815.00000 0.35293
4820.00000 0.34552
4825.00000 0.33805
4830.00000 0.33096
4835.00000 0.32355
4840.00000 0.31646
4845.00000 0.30943
4850.00000 0.30203
4855.00000 0.29501
4860.00000 0.28801
4865.00000 0.28091
4870.00000 0.27418
4875.00000 0.26742
4880.00000 0.2608
4885.00000 0.25441
4890.00000 0.24788
4895.00000 0.24183
4900.00000 0.23586
4905.00000 0.22987
4910.00000 0.22416
4915.00000 0.21837
4920.00000 0.21294
4925.00000 0.2078
4930.00000 0.20264
4935.00000 0.19773
4940.00000 0.19292
4945.00000 0.18829
4950.00000 0.18393
4955.00000 0.17966
4960.00000 0.17545
4965.00000 0.17166
4970.00000 0.16762
4975.00000 0.1639
4980.00000 0.16026
4985.00000 0.15651
4990.00000 0.15302
4995.00000 0.14944
5000.00000 0.14581
5005.00000 0.1422
5010.00000 0.13845
5015.00000 0.13467
5020.00000 0.13102
5025.00000 0.12702
5030.00000 0.12313
5035.00000 0.1193
5040.00000 0.11513
5045.00000 0.11127
5050.00000 0.10728
5055.00000 0.10333
5060.00000 0.0996
5065.00000 0.09573
5070.00000 0.09201
5075.00000 0.08845
5080.00000 0.08499
5085.00000 0.08176
5090.00000 0.07854
5095.00000 0.07554
5100.00000 0.07271
5105.00000 0.06988
5110.00000 0.06734
5115.00000 0.06479
5120.00000 0.06231
5125.00000 0.06005
5130.00000 0.05773
5135.00000 0.05548
5140.00000 0.05338
5145.00000 0.05121
5150.00000 0.04923
5155.00000 0.04718
5160.00000 0.04531
5165.00000 0.0434
5170.00000 0.0415
5175.00000 0.03964
5180.00000 0.03796
5185.00000 0.03618
5190.00000 0.03455
5195.00000 0.03299
5200.00000 0.0313
5205.00000 0.0298
5210.00000 0.02834
5215.00000 0.02694
5220.00000 0.0256
5225.00000 0.02424
5230.00000 0.023
5235.00000 0.02178
5240.00000 0.02066
5245.00000 0.01961
5250.00000 0.0186
5255.00000 0.01759
5260.00000 0.01674
5265.00000 0.01586
5270.00000 0.01507
5275.00000 0.01432
5280.00000 0.01362
5285.00000 0.01296
5290.00000 0.01232
5295.00000 0.01173
5300.00000 0.01117
5305.00000 0.0107
5310.00000 0.01022
5315.00000 0.00979
5320.00000 0.0094
5325.00000 0.00905
5330.00000 0.00873
5335.00000 0.00841
5340.00000 0.00815
5345.00000 0.00791
5350.00000 0.00766
5355.00000 0.00745
5360.00000 0.00726
5365.00000 0.00712
5370.00000 0.00695
5375.00000 0.00682
5380.00000 0.00671
5385.00000 0.00661
5390.00000 0.0065
5395.00000 0.00644
5400.00000 0.0064
5405.00000 0.00633
5410.00000 0.00632
5415.00000 0.00629
5420.00000 0.00628
5425.00000 0.00628
5430.00000 0.00628
5435.00000 0.00632
5440.00000 0.00638
5445.00000 0.00644
5450.00000 0.00652
5455.00000 0.00662
5460.00000 0.00673
5465.00000 0.00686
5470.00000 0.00697
5475.00000 0.00716
5480.00000 0.00733
5485.00000 0.0075
5490.00000 0.00773
5495.00000 0.00796
5500.00000 0.00819
5505.00000 0.00842
5510.00000 0.00872
5515.00000 0.00898
5520.00000 0.00927
5525.00000 0.00955
5530.00000 0.00985
5535.00000 0.01016
5540.00000 0.01042
5545.00000 0.01071
5550.00000 0.01094
5555.00000 0.01122
5560.00000 0.01146
5565.00000 0.01166
5570.00000 0.01184
5575.00000 0.01202
5580.00000 0.01213
5585.00000 0.01225
5590.00000 0.0123
5595.00000 0.01232
5600.00000 0.01235
5605.00000 0.0123
5610.00000 0.01223
5615.00000 0.01216
5620.00000 0.01204
5625.00000 0.01185
5630.00000 0.0117
5635.00000 0.0115
5640.00000 0.01129
5645.00000 0.01103
5650.00000 0.01076
5655.00000 0.01048
5660.00000 0.01018
5665.00000 0.00988
5670.00000 0.00949
5675.00000 0.00914
5680.00000 0.00881
5685.00000 0.00843
5690.00000 0.00802
5695.00000 0.00771
5700.00000 0.00732
5705.00000 0.00696
5710.00000 0.00655
5715.00000 0.00621
5720.00000 0.00585
5725.00000 0.00548
5730.00000 0.0051
5735.00000 0.00472
5740.00000 0.00443
5745.00000 0.00409
5750.00000 0.00379
5755.00000 0.00351
5760.00000 0.0032
5765.00000 0.00295
5770.00000 0.00271
5775.00000 0.00247
5780.00000 0.00225
5785.00000 0.00206
5790.00000 0.00184
5795.00000 0.0017
5800.00000 0.00152
5805.00000 0.00137
5810.00000 0.00127
5815.00000 0.00111
5820.00000 0.00101
5825.00000 0.00091
5830.00000 0.0008
5835.00000 0.00073
5840.00000 0.00065
5845.00000 0.00059
5850.00000 0.00052
5855.00000 0.00048
5860.00000 0.00042
5865.00000 0.0004
5870.00000 0.00036
5875.00000 0.00033
5880.00000 0.00028
5885.00000 0.00028
5890.00000 0.00025
5895.00000 0.00024
5900.00000 0.00021
5905.00000 0.00019
5910.00000 0.0002
5915.00000 0.00017
5920.00000 0.0002
5925.00000 0.00016
5930.00000 0.00014
5935.00000 0.00017
5940.00000 0.00015
5945.00000 0.00015
5950.00000 0.00015
5955.00000 0.00017
5960.00000 0.00015
5965.00000 0.00014
5970.00000 0.00012
5975.00000 0.00014
5980.00000 0.00015
5985.00000 0.00014
5990.00000 0.00013
5995.00000 0.00017
6000.00000 0.00014
6600.00000 0.0
