threeML/data/optical_filters/LCO/MagIC-I.ecsv
# %ECSV 0.9
# ---
# datatype:
# - {name: wavelength, unit: Angstrom, datatype: float32}
# - {name: response, datatype: float32}
# meta: !!omap
# - {band_name: I}
# - {group_name: MagIC}
wavelength response
6004.00000 0.0
6007.00000 1e-05
6010.00000 1e-05
6013.00000 0.0
6016.00000 0.0
6019.00000 0.0
6022.00000 0.0
6025.00000 0.0
6028.00000 0.0
6031.00000 0.0
6034.00000 0.0
6037.00000 0.0
6040.00000 0.0
6043.00000 0.0
6046.00000 0.0
6049.00000 1e-05
6052.00000 0.0
6055.00000 0.0
6058.00000 0.0
6061.00000 2e-05
6064.00000 0.0
6067.00000 0.0
6070.00000 1e-05
6073.00000 1e-05
6076.00000 0.0
6079.00000 0.0
6082.00000 3e-05
6085.00000 0.0
6088.00000 0.0
6091.00000 1e-05
6094.00000 0.0
6097.00000 0.0
6100.00000 0.0
6103.00000 2e-05
6106.00000 0.0
6109.00000 0.0
6112.00000 0.0
6115.00000 0.0
6118.00000 0.0
6121.00000 1e-05
6124.00000 2e-05
6127.00000 0.0
6130.00000 0.0
6133.00000 0.0
6136.00000 0.0
6139.00000 1e-05
6142.00000 0.0
6145.00000 0.0
6148.00000 0.0
6151.00000 0.0
6154.00000 0.0
6157.00000 0.0
6160.00000 0.0
6163.00000 1e-05
6166.00000 0.0
6169.00000 0.0
6172.00000 0.0
6175.00000 0.0
6178.00000 1e-05
6181.00000 1e-05
6184.00000 0.0
6187.00000 2e-05
6190.00000 0.0
6193.00000 0.0
6196.00000 0.0
6199.00000 0.0
6202.00000 1e-05
6205.00000 0.0
6208.00000 0.0
6211.00000 0.0
6214.00000 1e-05
6217.00000 0.0
6220.00000 0.0
6223.00000 0.0
6226.00000 0.0
6229.00000 0.0
6232.00000 0.0
6235.00000 0.0
6238.00000 0.0
6241.00000 0.0
6244.00000 0.0
6247.00000 1e-05
6250.00000 0.0
6253.00000 0.0
6256.00000 0.0
6259.00000 0.0
6262.00000 1e-05
6265.00000 1e-05
6268.00000 0.0
6271.00000 0.0
6274.00000 0.0
6277.00000 0.0
6280.00000 0.0
6283.00000 1e-05
6286.00000 0.0
6289.00000 1e-05
6292.00000 1e-05
6295.00000 1e-05
6298.00000 0.0
6301.00000 1e-05
6304.00000 0.0
6307.00000 0.0
6310.00000 0.0
6313.00000 1e-05
6316.00000 0.0
6319.00000 0.0
6322.00000 0.0
6325.00000 0.0
6328.00000 0.0
6331.00000 0.0
6334.00000 0.0
6337.00000 0.0
6340.00000 0.0
6343.00000 0.0
6346.00000 1e-05
6349.00000 1e-05
6352.00000 1e-05
6355.00000 1e-05
6358.00000 0.0
6361.00000 0.0
6364.00000 0.0
6367.00000 1e-05
6370.00000 0.0
6373.00000 0.0
6376.00000 0.0
6379.00000 0.0
6382.00000 0.0
6385.00000 1e-05
6388.00000 0.0
6391.00000 0.0
6394.00000 0.0
6397.00000 0.0
6400.00000 0.0
6403.00000 0.0
6406.00000 2e-05
6409.00000 0.0
6412.00000 0.0
6415.00000 1e-05
6418.00000 3e-05
6421.00000 1e-05
6424.00000 0.0
6427.00000 1e-05
6430.00000 2e-05
6433.00000 0.0
6436.00000 1e-05
6439.00000 0.0
6442.00000 2e-05
6445.00000 0.0
6448.00000 1e-05
6451.00000 1e-05
6454.00000 1e-05
6457.00000 0.0
6460.00000 1e-05
6463.00000 2e-05
6466.00000 1e-05
6469.00000 2e-05
6472.00000 1e-05
6475.00000 1e-05
6478.00000 0.0
6481.00000 2e-05
6484.00000 0.0
6487.00000 1e-05
6490.00000 0.0
6493.00000 0.0
6496.00000 0.0
6499.00000 0.0
6502.00000 0.0
6505.00000 0.0
6508.00000 2e-05
6511.00000 0.0
6514.00000 1e-05
6517.00000 0.0
6520.00000 0.0
6523.00000 7e-05
6526.00000 1e-05
6529.00000 0.0
6532.00000 0.0
6535.00000 0.0
6538.00000 0.0
6541.00000 0.0
6544.00000 0.0
6547.00000 0.0
6550.00000 2e-05
6553.00000 2e-05
6556.00000 0.0
6559.00000 1e-05
6562.00000 1e-05
6565.00000 2e-05
6568.00000 2e-05
6571.00000 3e-05
6574.00000 1e-05
6577.00000 1e-05
6580.00000 2e-05
6583.00000 4e-05
6586.00000 0.0
6589.00000 3e-05
6592.00000 2e-05
6595.00000 3e-05
6598.00000 2e-05
6601.00000 0.0
6604.00000 2e-05
6607.00000 3e-05
6610.00000 2e-05
6613.00000 3e-05
6616.00000 2e-05
6619.00000 5e-05
6622.00000 5e-05
6625.00000 2e-05
6628.00000 3e-05
6631.00000 2e-05
6634.00000 2e-05
6637.00000 3e-05
6640.00000 2e-05
6643.00000 3e-05
6646.00000 3e-05
6649.00000 4e-05
6652.00000 3e-05
6655.00000 3e-05
6658.00000 3e-05
6661.00000 4e-05
6664.00000 4e-05
6667.00000 4e-05
6670.00000 3e-05
6673.00000 1e-05
6676.00000 4e-05
6679.00000 2e-05
6682.00000 4e-05
6685.00000 3e-05
6688.00000 5e-05
6691.00000 4e-05
6694.00000 4e-05
6697.00000 4e-05
6700.00000 4e-05
6703.00000 4e-05
6706.00000 5e-05
6709.00000 5e-05
6712.00000 5e-05
6715.00000 5e-05
6718.00000 3e-05
6721.00000 6e-05
6724.00000 5e-05
6727.00000 5e-05
6730.00000 5e-05
6733.00000 6e-05
6736.00000 6e-05
6739.00000 5e-05
6742.00000 6e-05
6745.00000 5e-05
6748.00000 6e-05
6751.00000 4e-05
6754.00000 5e-05
6757.00000 5e-05
6760.00000 6e-05
6763.00000 5e-05
6766.00000 5e-05
6769.00000 7e-05
6772.00000 6e-05
6775.00000 7e-05
6778.00000 7e-05
6781.00000 7e-05
6784.00000 7e-05
6787.00000 8e-05
6790.00000 7e-05
6793.00000 7e-05
6796.00000 7e-05
6799.00000 8e-05
6802.00000 8e-05
6805.00000 8e-05
6808.00000 8e-05
6811.00000 8e-05
6814.00000 9e-05
6817.00000 9e-05
6820.00000 9e-05
6823.00000 9e-05
6826.00000 0.00011
6829.00000 9e-05
6832.00000 0.0001
6835.00000 0.0001
6838.00000 0.00011
6841.00000 0.00011
6844.00000 0.0001
6847.00000 0.00012
6850.00000 0.00011
6853.00000 0.00012
6856.00000 0.00012
6859.00000 0.00013
6862.00000 0.00013
6865.00000 0.00014
6868.00000 0.00013
6871.00000 0.00015
6874.00000 0.00014
6877.00000 0.00014
6880.00000 0.00016
6883.00000 0.00016
6886.00000 0.00016
6889.00000 0.00016
6892.00000 0.00018
6895.00000 0.00018
6898.00000 0.0002
6901.00000 0.00019
6904.00000 0.00019
6907.00000 0.00021
6910.00000 0.00021
6913.00000 0.00022
6916.00000 0.00023
6919.00000 0.00024
6922.00000 0.00026
6925.00000 0.00025
6928.00000 0.00027
6931.00000 0.00028
6934.00000 0.00028
6937.00000 0.0003
6940.00000 0.00031
6943.00000 0.00033
6946.00000 0.00033
6949.00000 0.00035
6952.00000 0.00037
6955.00000 0.00037
6958.00000 0.00039
6961.00000 0.00043
6964.00000 0.00042
6967.00000 0.00045
6970.00000 0.00046
6973.00000 0.00048
6976.00000 0.00052
6979.00000 0.00053
6982.00000 0.00055
6985.00000 0.00059
6988.00000 0.0006
6991.00000 0.00064
6994.00000 0.00067
6997.00000 0.00069
7000.00000 0.00074
7003.00000 0.00077
7006.00000 0.00081
7009.00000 0.00084
7012.00000 0.00089
7015.00000 0.00094
7018.00000 0.001
7021.00000 0.00107
7024.00000 0.00108
7027.00000 0.00115
7030.00000 0.00123
7033.00000 0.00128
7036.00000 0.00136
7039.00000 0.00143
7042.00000 0.0015
7045.00000 0.00159
7048.00000 0.00169
7051.00000 0.00178
7054.00000 0.00188
7057.00000 0.002
7060.00000 0.00212
7063.00000 0.00227
7066.00000 0.00238
7069.00000 0.00254
7072.00000 0.00268
7075.00000 0.00286
7078.00000 0.00299
7081.00000 0.00322
7084.00000 0.00342
7087.00000 0.00363
7090.00000 0.00386
7093.00000 0.0041
7096.00000 0.00438
7099.00000 0.00467
7102.00000 0.00499
7105.00000 0.00532
7108.00000 0.00567
7111.00000 0.00607
7114.00000 0.00649
7117.00000 0.00693
7120.00000 0.0074
7123.00000 0.00792
7126.00000 0.00849
7129.00000 0.00908
7132.00000 0.00979
7135.00000 0.0105
7138.00000 0.01133
7141.00000 0.01214
7144.00000 0.01304
7147.00000 0.01401
7150.00000 0.01516
7153.00000 0.01638
7156.00000 0.01769
7159.00000 0.01909
7162.00000 0.02064
7165.00000 0.02227
7168.00000 0.02413
7171.00000 0.02613
7174.00000 0.02822
7177.00000 0.03065
7180.00000 0.03323
7183.00000 0.03622
7186.00000 0.03918
7189.00000 0.04285
7192.00000 0.04632
7195.00000 0.05064
7198.00000 0.05506
7201.00000 0.05987
7204.00000 0.06557
7207.00000 0.07139
7210.00000 0.07818
7213.00000 0.08511
7216.00000 0.09313
7219.00000 0.10214
7222.00000 0.11167
7225.00000 0.1223
7228.00000 0.13352
7231.00000 0.1466
7234.00000 0.16031
7237.00000 0.1762
7240.00000 0.19187
7243.00000 0.21053
7246.00000 0.23058
7249.00000 0.25136
7252.00000 0.27513
7255.00000 0.29873
7258.00000 0.32637
7261.00000 0.35462
7264.00000 0.38317
7267.00000 0.41378
7270.00000 0.44623
7273.00000 0.47838
7276.00000 0.51273
7279.00000 0.5469
7282.00000 0.5799
7285.00000 0.61548
7288.00000 0.65003
7291.00000 0.68212
7294.00000 0.71411
7297.00000 0.74537
7300.00000 0.7747
7303.00000 0.80277
7306.00000 0.82645
7309.00000 0.85046
7312.00000 0.87171
7315.00000 0.89068
7318.00000 0.90744
7321.00000 0.92146
7324.00000 0.93341
7327.00000 0.94522
7330.00000 0.9526
7333.00000 0.95955
7336.00000 0.96456
7339.00000 0.96757
7342.00000 0.96916
7345.00000 0.97039
7348.00000 0.97002
7351.00000 0.96759
7354.00000 0.96625
7357.00000 0.96379
7360.00000 0.96012
7363.00000 0.95813
7366.00000 0.9542
7369.00000 0.95058
7372.00000 0.94874
7375.00000 0.94396
7378.00000 0.94203
7381.00000 0.94056
7384.00000 0.93635
7387.00000 0.93555
7390.00000 0.9342
7393.00000 0.93228
7396.00000 0.93176
7399.00000 0.93203
7402.00000 0.9318
7405.00000 0.93203
7408.00000 0.93159
7411.00000 0.93016
7414.00000 0.93188
7417.00000 0.93266
7420.00000 0.93201
7423.00000 0.93263
7426.00000 0.93065
7429.00000 0.93051
7432.00000 0.93057
7435.00000 0.92831
7438.00000 0.92859
7441.00000 0.92644
7444.00000 0.92448
7447.00000 0.92402
7450.00000 0.92307
7453.00000 0.92067
7456.00000 0.91861
7459.00000 0.9177
7462.00000 0.91533
7465.00000 0.9155
7468.00000 0.91367
7471.00000 0.91262
7474.00000 0.91364
7477.00000 0.91206
7480.00000 0.9128
7483.00000 0.91403
7486.00000 0.91443
7489.00000 0.9154
7492.00000 0.91772
7495.00000 0.91979
7498.00000 0.92289
7501.00000 0.92526
7504.00000 0.92733
7507.00000 0.93004
7510.00000 0.93392
7513.00000 0.93344
7516.00000 0.93645
7519.00000 0.93872
7522.00000 0.93823
7525.00000 0.94084
7528.00000 0.94242
7531.00000 0.94036
7534.00000 0.94209
7537.00000 0.94063
7540.00000 0.93979
7543.00000 0.94045
7546.00000 0.93827
7549.00000 0.9349
7552.00000 0.93449
7555.00000 0.93304
7558.00000 0.93171
7561.00000 0.93063
7564.00000 0.92898
7567.00000 0.92964
7570.00000 0.9284
7573.00000 0.9278
7576.00000 0.92934
7579.00000 0.92922
7582.00000 0.92831
7585.00000 0.9308
7588.00000 0.93366
7591.00000 0.9353
7594.00000 0.9389
7597.00000 0.94127
7600.00000 0.9425
7603.00000 0.94659
7606.00000 0.94959
7609.00000 0.95367
7612.00000 0.95675
7615.00000 0.95998
7618.00000 0.96323
7621.00000 0.96635
7624.00000 0.9692
7627.00000 0.96906
7630.00000 0.97086
7633.00000 0.9715
7636.00000 0.9716
7639.00000 0.97209
7642.00000 0.96916
7645.00000 0.96901
7648.00000 0.96716
7651.00000 0.964
7654.00000 0.96345
7657.00000 0.96101
7660.00000 0.95766
7663.00000 0.95391
7666.00000 0.95276
7669.00000 0.94995
7672.00000 0.94759
7675.00000 0.94537
7678.00000 0.94362
7681.00000 0.94284
7684.00000 0.94115
7687.00000 0.93943
7690.00000 0.94083
7693.00000 0.94043
7696.00000 0.94095
7699.00000 0.94184
7702.00000 0.94254
7705.00000 0.94432
7708.00000 0.94812
7711.00000 0.94733
7714.00000 0.95116
7717.00000 0.95481
7720.00000 0.95552
7723.00000 0.95776
7726.00000 0.96098
7729.00000 0.96047
7732.00000 0.96363
7735.00000 0.96384
7738.00000 0.96337
7741.00000 0.96448
7744.00000 0.9632
7747.00000 0.9624
7750.00000 0.96153
7753.00000 0.9587
7756.00000 0.95749
7759.00000 0.95605
7762.00000 0.9509
7765.00000 0.94843
7768.00000 0.94462
7771.00000 0.94189
7774.00000 0.9385
7777.00000 0.93484
7780.00000 0.93156
7783.00000 0.9278
7786.00000 0.92569
7789.00000 0.92117
7792.00000 0.92136
7795.00000 0.91862
7798.00000 0.91776
7801.00000 0.91753
7804.00000 0.91707
7807.00000 0.91769
7810.00000 0.91891
7813.00000 0.91997
7816.00000 0.91922
7819.00000 0.92377
7822.00000 0.92442
7825.00000 0.926
7828.00000 0.9323
7831.00000 0.93338
7834.00000 0.93601
7837.00000 0.93948
7840.00000 0.94106
7843.00000 0.94429
7846.00000 0.94683
7849.00000 0.94842
7852.00000 0.95102
7855.00000 0.95509
7858.00000 0.95436
7861.00000 0.95665
7864.00000 0.95764
7867.00000 0.95785
7870.00000 0.96031
7873.00000 0.96001
7876.00000 0.95811
7879.00000 0.95984
7882.00000 0.95897
7885.00000 0.95703
7888.00000 0.95785
7891.00000 0.95535
7894.00000 0.95253
7897.00000 0.95398
7900.00000 0.95352
7903.00000 0.95107
7906.00000 0.95185
7909.00000 0.95129
7912.00000 0.95104
7915.00000 0.95041
7918.00000 0.95032
7921.00000 0.95016
7924.00000 0.95157
7927.00000 0.95008
7930.00000 0.95211
7933.00000 0.95258
7936.00000 0.95314
7939.00000 0.95396
7942.00000 0.95686
7945.00000 0.95609
7948.00000 0.95904
7951.00000 0.95986
7954.00000 0.96057
7957.00000 0.96283
7960.00000 0.96385
7963.00000 0.96344
7966.00000 0.9647
7969.00000 0.9661
7972.00000 0.9678
7975.00000 0.96902
7978.00000 0.96749
7981.00000 0.96808
7984.00000 0.96924
7987.00000 0.9668
7990.00000 0.96858
7993.00000 0.96784
7996.00000 0.96615
7999.00000 0.96521
8002.00000 0.96575
8005.00000 0.96623
8008.00000 0.96568
8011.00000 0.96646
8014.00000 0.96494
8017.00000 0.9622
8020.00000 0.96521
8023.00000 0.96496
8026.00000 0.9636
8029.00000 0.96481
8032.00000 0.96412
8035.00000 0.96458
8038.00000 0.9678
8041.00000 0.9685
8044.00000 0.96796
8047.00000 0.97081
8050.00000 0.97015
8053.00000 0.97113
8056.00000 0.97193
8059.00000 0.9725
8062.00000 0.97194
8065.00000 0.9739
8068.00000 0.97331
8071.00000 0.97616
8074.00000 0.97673
8077.00000 0.97478
8080.00000 0.975
8083.00000 0.97566
8086.00000 0.9738
8089.00000 0.97358
8092.00000 0.97336
8095.00000 0.97289
8098.00000 0.97124
8101.00000 0.96988
8104.00000 0.96539
8107.00000 0.96689
8110.00000 0.96575
8113.00000 0.96164
8116.00000 0.96381
8119.00000 0.96048
8122.00000 0.95848
8125.00000 0.95883
8128.00000 0.95612
8131.00000 0.95479
8134.00000 0.95586
8137.00000 0.95397
8140.00000 0.9524
8143.00000 0.95317
8146.00000 0.95049
8149.00000 0.95048
8152.00000 0.95241
8155.00000 0.95039
8158.00000 0.95193
8161.00000 0.95052
8164.00000 0.94903
8167.00000 0.94729
8170.00000 0.9497
8173.00000 0.94866
8176.00000 0.95051
8179.00000 0.95087
8182.00000 0.94751
8185.00000 0.95155
8188.00000 0.94782
8191.00000 0.94768
8194.00000 0.94947
8197.00000 0.94712
8200.00000 0.94668
8203.00000 0.94793
8206.00000 0.9459
8209.00000 0.94661
8212.00000 0.94394
8215.00000 0.94236
8218.00000 0.94258
8221.00000 0.93988
8224.00000 0.94047
8227.00000 0.93849
8230.00000 0.93787
8233.00000 0.93545
8236.00000 0.93599
8239.00000 0.93565
8242.00000 0.93283
8245.00000 0.93351
8248.00000 0.93397
8251.00000 0.93373
8254.00000 0.93531
8257.00000 0.93375
8260.00000 0.9349
8263.00000 0.93728
8266.00000 0.93582
8269.00000 0.93803
8272.00000 0.93848
8275.00000 0.94002
8278.00000 0.94031
8281.00000 0.94414
8284.00000 0.94189
8287.00000 0.94776
8290.00000 0.95044
8293.00000 0.94778
8296.00000 0.9532
8299.00000 0.95217
8302.00000 0.95549
8305.00000 0.95547
8308.00000 0.95875
8311.00000 0.9579
8314.00000 0.96067
8317.00000 0.95954
8320.00000 0.95903
8323.00000 0.95787
8326.00000 0.95969
8329.00000 0.95946
8332.00000 0.95768
8335.00000 0.95508
8338.00000 0.95248
8341.00000 0.95441
8344.00000 0.95078
8347.00000 0.9521
8350.00000 0.94933
8353.00000 0.94748
8356.00000 0.94682
8359.00000 0.94636
8362.00000 0.94475
8365.00000 0.94244
8368.00000 0.94206
8371.00000 0.93762
8374.00000 0.94049
8377.00000 0.93877
8380.00000 0.93623
8383.00000 0.93844
8386.00000 0.93878
8389.00000 0.93582
8392.00000 0.93929
8395.00000 0.93927
8398.00000 0.93816
8401.00000 0.94112
8404.00000 0.94186
8407.00000 0.9418
8410.00000 0.94752
8413.00000 0.94876
8416.00000 0.94579
8419.00000 0.94922
8422.00000 0.94846
8425.00000 0.94908
8428.00000 0.95457
8431.00000 0.95283
8434.00000 0.9584
8437.00000 0.95664
8440.00000 0.95615
8443.00000 0.96305
8446.00000 0.9594
8449.00000 0.95646
8452.00000 0.96075
8455.00000 0.95983
8458.00000 0.96104
8461.00000 0.9574
8464.00000 0.95917
8467.00000 0.95806
8470.00000 0.95772
8473.00000 0.95805
8476.00000 0.95827
8479.00000 0.95879
8482.00000 0.95357
8485.00000 0.95249
8488.00000 0.9544
8491.00000 0.95042
8494.00000 0.95612
8497.00000 0.95369
8500.00000 0.95451
8503.00000 0.95385
8506.00000 0.95049
8509.00000 0.9496
8512.00000 0.95574
8515.00000 0.9532
8518.00000 0.95125
8521.00000 0.95494
8524.00000 0.95374
8527.00000 0.95519
8530.00000 0.96105
8533.00000 0.96042
8536.00000 0.95669
8539.00000 0.95652
8542.00000 0.95931
8545.00000 0.9587
8548.00000 0.96236
8551.00000 0.95749
8554.00000 0.95946
8557.00000 0.96375
8560.00000 0.96206
8563.00000 0.9602
8566.00000 0.96438
8569.00000 0.95686
8572.00000 0.95579
8575.00000 0.96075
8578.00000 0.95623
8581.00000 0.94783
8584.00000 0.9585
8587.00000 0.94896
8590.00000 0.95319
8593.00000 0.94843
8596.00000 0.94329
8599.00000 0.9405
8602.00000 0.93888
8605.00000 0.93684
8608.00000 0.93723
8611.00000 0.93728
8614.00000 0.93484
8617.00000 0.93416
8620.00000 0.93761
8623.00000 0.93172
8626.00000 0.9316
8629.00000 0.92336
8632.00000 0.92008
8635.00000 0.92768
8638.00000 0.93412
8641.00000 0.92823
8644.00000 0.93128
8647.00000 0.92737
8650.00000 0.92913
8653.00000 0.92877
8656.00000 0.92319
8659.00000 0.92724
8662.00000 0.93237
8665.00000 0.93228
