threeML/data/optical_filters/LCO/MagIC-I.ecsv
# %ECSV 0.9
# ---
# datatype:
# - {name: wavelength, unit: Angstrom, datatype: float32}
# - {name: response, datatype: float32}
# meta: !!omap
# - {band_name: I}
# - {group_name: MagIC}
wavelength response
[from data line 889]
8671.00000 0.9408
8674.00000 0.93627
8677.00000 0.94291
8680.00000 0.93987
8683.00000 0.94238
8686.00000 0.94457
8689.00000 0.93806
8692.00000 0.94199
8695.00000 0.95192
8698.00000 0.94999
8701.00000 0.95383
8704.00000 0.9407
8707.00000 0.94881
8710.00000 0.94561
8713.00000 0.93884
8716.00000 0.9408
8719.00000 0.94304
8722.00000 0.94447
8725.00000 0.94348
8728.00000 0.95192
8731.00000 0.94354
8734.00000 0.93394
8737.00000 0.93623
8740.00000 0.94005
8743.00000 0.94154
8746.00000 0.93559
8749.00000 0.93754
8752.00000 0.93793
8755.00000 0.94426
8758.00000 0.93934
8761.00000 0.93697
8764.00000 0.94024
8767.00000 0.94139
8770.00000 0.95496
8773.00000 0.94331
8776.00000 0.93587
8779.00000 0.94925
8782.00000 0.95039
8785.00000 0.94242
8788.00000 0.95152
8791.00000 0.95223
8794.00000 0.94744
8797.00000 0.94775
8800.00000 0.94677
8803.00000 0.94833
8806.00000 0.94974
8809.00000 0.94935
8812.00000 0.95053
8815.00000 0.95185
8818.00000 0.94999
8821.00000 0.95122
8824.00000 0.95184
8827.00000 0.95046
8830.00000 0.95126
8833.00000 0.95123
8836.00000 0.94925
8839.00000 0.94982
8842.00000 0.94869
8845.00000 0.94641
8848.00000 0.94767
8851.00000 0.9458
8854.00000 0.94381
8857.00000 0.94411
8860.00000 0.94266
8863.00000 0.94069
8866.00000 0.94103
8869.00000 0.93918
8872.00000 0.93836
8875.00000 0.93932
8878.00000 0.93616
8881.00000 0.93602
8884.00000 0.93686
8887.00000 0.93489
8890.00000 0.93633
8893.00000 0.93688
8896.00000 0.93519
8899.00000 0.93657
8902.00000 0.93664
8905.00000 0.93631
8908.00000 0.93794
8911.00000 0.93914
8914.00000 0.93835
8917.00000 0.94156
8920.00000 0.94059
8923.00000 0.94177
8926.00000 0.94423
8929.00000 0.94306
8932.00000 0.94486
8935.00000 0.94641
8938.00000 0.94598
8941.00000 0.94693
8944.00000 0.94818
8947.00000 0.94795
8950.00000 0.94814
8953.00000 0.94982
8956.00000 0.94873
8959.00000 0.94956
8962.00000 0.95097
8965.00000 0.94916
8968.00000 0.95086
8971.00000 0.95107
8974.00000 0.94894
8977.00000 0.95176
8980.00000 0.95098
8983.00000 0.9505
8986.00000 0.95186
8989.00000 0.95107
8992.00000 0.9506
8995.00000 0.9517
8998.00000 0.95072
9001.00000 0.94995
9004.00000 0.95164
9007.00000 0.9498
9010.00000 0.94983
9013.00000 0.95071
9016.00000 0.94922
9019.00000 0.9489
9022.00000 0.94949
9025.00000 0.94725
9028.00000 0.94753
9031.00000 0.94681
9034.00000 0.94498
9037.00000 0.9448
9040.00000 0.94406
9043.00000 0.94129
9046.00000 0.94165
9049.00000 0.93998
9052.00000 0.93776
9055.00000 0.93746
9058.00000 0.93628
9061.00000 0.9331
9064.00000 0.93395
9067.00000 0.93151
9070.00000 0.92956
9073.00000 0.92986
9076.00000 0.92728
9079.00000 0.9261
9082.00000 0.92609
9085.00000 0.9239
9088.00000 0.92349
9091.00000 0.92418
9094.00000 0.92119
9097.00000 0.92236
9100.00000 0.9222
9103.00000 0.92122
9106.00000 0.92156
9109.00000 0.92238
9112.00000 0.92098
9115.00000 0.92221
9118.00000 0.92153
9121.00000 0.92105
9124.00000 0.92299
9127.00000 0.9227
9130.00000 0.92108
9133.00000 0.9223
9136.00000 0.92079
9139.00000 0.91908
9142.00000 0.91944
9145.00000 0.91729
9148.00000 0.91536
9151.00000 0.91491
9154.00000 0.91158
9157.00000 0.909
9160.00000 0.90773
9163.00000 0.90287
9166.00000 0.90102
9169.00000 0.898
9172.00000 0.8948
9175.00000 0.89286
9178.00000 0.88978
9181.00000 0.88635
9184.00000 0.88482
9187.00000 0.88327
9190.00000 0.88088
9193.00000 0.88084
9196.00000 0.88022
9199.00000 0.87935
9202.00000 0.88162
9205.00000 0.88206
9208.00000 0.88394
9211.00000 0.88739
9214.00000 0.88923
9217.00000 0.89244
9220.00000 0.89768
9223.00000 0.89926
9226.00000 0.90388
9229.00000 0.90804
9232.00000 0.90922
9235.00000 0.91068
9238.00000 0.91032
9241.00000 0.90645
9244.00000 0.90203
9247.00000 0.89282
9250.00000 0.87821
9253.00000 0.86514
9256.00000 0.83939
9259.00000 0.81012
9262.00000 0.78301
9265.00000 0.74269
9268.00000 0.69645
9271.00000 0.65372
9274.00000 0.60828
9277.00000 0.55024
9280.00000 0.50203
9283.00000 0.4583
9286.00000 0.40259
9289.00000 0.35704
9292.00000 0.32008
9295.00000 0.27662
9298.00000 0.23938
9301.00000 0.21089
9304.00000 0.18377
9307.00000 0.15699
9310.00000 0.13644
9313.00000 0.12027
9316.00000 0.10152
9319.00000 0.08768
9322.00000 0.07823
9325.00000 0.0667
9328.00000 0.05765
9331.00000 0.0513
9334.00000 0.04449
9337.00000 0.03823
9340.00000 0.03435
9343.00000 0.03041
9346.00000 0.02649
9349.00000 0.02421
9352.00000 0.02115
9355.00000 0.01848
9358.00000 0.01666
9361.00000 0.01476
9364.00000 0.01389
9367.00000 0.0124
9370.00000 0.01159
9373.00000 0.01046
9376.00000 0.00973
9379.00000 0.0087
9382.00000 0.00815
9385.00000 0.0075
9388.00000 0.00738
9391.00000 0.00649
9394.00000 0.00619
9397.00000 0.00587
9400.00000 0.00523
9403.00000 0.00543
9406.00000 0.00497
9409.00000 0.00466
9412.00000 0.00466
9415.00000 0.00449
9418.00000 0.00438
9421.00000 0.00399
9424.00000 0.00338
9427.00000 0.00397
9430.00000 0.00344
9433.00000 0.00322
9436.00000 0.00316
9439.00000 0.00349
9442.00000 0.00329
9445.00000 0.00317
9448.00000 0.00352
9451.00000 0.00333
9454.00000 0.00302
9457.00000 0.00304
9460.00000 0.00329
9463.00000 0.00324
9466.00000 0.00258
9469.00000 0.00288
9472.00000 0.00251
9475.00000 0.00274
9478.00000 0.00236
9481.00000 0.00211
9484.00000 0.00267
9487.00000 0.00315
9490.00000 0.00299
9493.00000 0.00223
9496.00000 0.00253
9499.00000 0.00212
9502.00000 0.00221
9505.00000 0.00213
9508.00000 0.00292
9511.00000 0.00274
9514.00000 0.00215
9517.00000 0.00242
9520.00000 0.00253
9523.00000 0.00268
9526.00000 0.00237
9529.00000 0.00225
9532.00000 0.00212
9535.00000 0.00265
9538.00000 0.00222
9541.00000 0.0023
9544.00000 0.00231
9547.00000 0.00208
9550.00000 0.00253
9553.00000 0.00213
9556.00000 0.00188
9559.00000 0.00199
9562.00000 0.00206
9565.00000 0.00224
9568.00000 0.00257
9571.00000 0.00257
9574.00000 0.00237
9577.00000 0.00227
9580.00000 0.00222
9583.00000 0.00272
9586.00000 0.00254
9589.00000 0.00242
9592.00000 0.00231
9595.00000 0.00227
9598.00000 0.00246
9601.00000 0.00197
9604.00000 0.00236
9607.00000 0.00294
9610.00000 0.00214
9613.00000 0.00236
9616.00000 0.00316
9619.00000 0.00219
9622.00000 0.00271
9625.00000 0.00187
9628.00000 0.00256
9631.00000 0.00238
9634.00000 0.00188
9637.00000 0.00241
9640.00000 0.00272
9643.00000 0.00161
9646.00000 0.0018
9649.00000 0.00197
9652.00000 0.00219
9655.00000 0.00237
9658.00000 0.00237
9661.00000 0.0019
9664.00000 0.00238
9667.00000 0.0022
9670.00000 0.00274
9673.00000 0.00246
9676.00000 0.00196
9679.00000 0.00206
9682.00000 0.0024
9685.00000 0.00244
9688.00000 0.00228
9691.00000 0.00274
9694.00000 0.00253
9697.00000 0.00219
9700.00000 0.00256
9703.00000 0.0028
9706.00000 0.00237
9709.00000 0.00198
9712.00000 0.00239
9715.00000 0.00195
9718.00000 0.00178
9721.00000 0.00231
9724.00000 0.00228
9727.00000 0.0026
9730.00000 0.00247
9733.00000 0.00221
9736.00000 0.00228
9739.00000 0.00244
9742.00000 0.00234
9745.00000 0.00228
9748.00000 0.00224
9751.00000 0.0024
9754.00000 0.0022
9757.00000 0.00201
9760.00000 0.00204
9763.00000 0.00253
9766.00000 0.00219
9769.00000 0.00229
9772.00000 0.00258
9775.00000 0.00233
9778.00000 0.00194
9781.00000 0.00271
9784.00000 0.00199
9787.00000 0.00228
9790.00000 0.00262
9793.00000 0.00259
9796.00000 0.00243
9799.00000 0.00235
9802.00000 0.00284
9805.00000 0.00247
9808.00000 0.00229
9811.00000 0.00229
9814.00000 0.00192
9817.00000 0.0023
9820.00000 0.00291
9823.00000 0.00202
9826.00000 0.00232
9829.00000 0.00228
9832.00000 0.00244
9835.00000 0.00231
9838.00000 0.00174
9841.00000 0.00231
9844.00000 0.00189
9847.00000 0.00206
9850.00000 0.00228
9853.00000 0.00226
9856.00000 0.0026
9859.00000 0.00236
9862.00000 0.00277
9865.00000 0.00177
9868.00000 0.00205
9871.00000 0.00247
9874.00000 0.00242
9877.00000 0.00244
9880.00000 0.00231
9883.00000 0.00242
9886.00000 0.00241
9889.00000 0.00275
9892.00000 0.00251
9895.00000 0.00239
9898.00000 0.00243
9901.00000 0.00239
9904.00000 0.00206
9907.00000 0.00241
9910.00000 0.00263
9913.00000 0.00257
9916.00000 0.00202
9919.00000 0.00261
9922.00000 0.00241
9925.00000 0.00168
9928.00000 0.00258
9931.00000 0.00208
9934.00000 0.00174
9937.00000 0.00198
9940.00000 0.00235
9943.00000 0.00205
9946.00000 0.0024
9949.00000 0.00209
9952.00000 0.00237
9955.00000 0.00204
9958.00000 0.00203
9961.00000 0.00273
9964.00000 0.00269
9967.00000 0.00242
9970.00000 0.00194
9973.00000 0.00255
9976.00000 0.00254
9979.00000 0.0024
9982.00000 0.00245
9985.00000 0.00245
9988.00000 0.00273
9991.00000 0.00249
9994.00000 0.00169
9997.00000 0.00263
10000.00000 0.00259
11000.00000 0.0
