threeML/data/optical_filters/LCO/MagIC-sdss_g.ecsv
# %ECSV 0.9
# ---
# datatype:
# - {name: wavelength, unit: Angstrom, datatype: float32}
# - {name: response, datatype: float32}
# meta: !!omap
# - {band_name: sdss_g}
# - {group_name: MagIC}
wavelength response
3148.19995 0.0
3498.00000 2e-05
3501.00000 1e-05
3504.00000 0.0
3507.00000 0.0
3510.00000 0.0
3513.00000 1e-05
3516.00000 0.0
3519.00000 0.0
3522.00000 0.0
3525.00000 0.0
3528.00000 1e-05
3531.00000 0.0
3534.00000 0.0
3537.00000 2e-05
3540.00000 0.0
3543.00000 2e-05
3546.00000 0.0
3549.00000 0.0
3552.00000 0.0
3555.00000 0.0
3558.00000 1e-05
3561.00000 0.0
3564.00000 1e-05
3567.00000 1e-05
3570.00000 2e-05
3573.00000 0.0
3576.00000 0.0
3579.00000 0.0
3582.00000 2e-05
3585.00000 2e-05
3588.00000 0.0
3591.00000 0.0
3594.00000 0.0
3597.00000 1e-05
3600.00000 0.0
3603.00000 1e-05
3606.00000 1e-05
3609.00000 1e-05
3612.00000 0.0
3615.00000 1e-05
3618.00000 0.0
3621.00000 0.0
3624.00000 1e-05
3627.00000 0.0
3630.00000 2e-05
3633.00000 1e-05
3636.00000 1e-05
3639.00000 2e-05
3642.00000 2e-05
3645.00000 1e-05
3648.00000 0.0
3651.00000 0.0
3654.00000 0.0
3657.00000 0.0
3660.00000 0.0
3663.00000 1e-05
3666.00000 2e-05
3669.00000 0.0
3672.00000 0.0
3675.00000 1e-05
3678.00000 0.0
3681.00000 0.0
3684.00000 0.0
3687.00000 0.0
3690.00000 0.0
3693.00000 0.0
3696.00000 1e-05
3699.00000 1e-05
3702.00000 2e-05
3705.00000 0.0
3708.00000 3e-05
3711.00000 1e-05
3714.00000 0.0
3717.00000 0.0
3720.00000 0.0
3723.00000 0.0
3726.00000 0.0
3729.00000 0.0
3732.00000 0.0
3735.00000 0.0
3738.00000 0.0
3741.00000 0.0
3744.00000 0.0
3747.00000 0.0
3750.00000 0.0
3753.00000 1e-05
3756.00000 1e-05
3759.00000 0.0
3762.00000 2e-05
3765.00000 1e-05
3768.00000 1e-05
3771.00000 1e-05
3774.00000 1e-05
3777.00000 0.0
3780.00000 0.0
3783.00000 0.0
3786.00000 3e-05
3789.00000 1e-05
3792.00000 0.0
3795.00000 0.0
3798.00000 1e-05
3801.00000 0.0
3804.00000 0.0
3807.00000 0.0
3810.00000 0.0
3813.00000 0.0
3816.00000 0.0
3819.00000 0.0
3822.00000 0.0
3825.00000 0.0
3828.00000 1e-05
3831.00000 2e-05
3834.00000 2e-05
3837.00000 2e-05
3840.00000 3e-05
3843.00000 2e-05
3846.00000 2e-05
3849.00000 2e-05
3852.00000 0.0
3855.00000 0.0
3858.00000 2e-05
3861.00000 1e-05
3864.00000 0.0
3867.00000 1e-05
3870.00000 0.0
3873.00000 0.0
3876.00000 0.0
3879.00000 1e-05
3882.00000 0.0
3885.00000 2e-05
3888.00000 2e-05
3891.00000 0.0
3894.00000 0.0
3897.00000 0.0
3900.00000 0.0
3903.00000 0.0
3906.00000 0.0
3909.00000 1e-05
3912.00000 0.0
3915.00000 0.0
3918.00000 0.0
3921.00000 0.0
3924.00000 0.0
3927.00000 1e-05
3930.00000 0.0
3933.00000 1e-05
3936.00000 1e-05
3939.00000 3e-05
3942.00000 2e-05
3945.00000 2e-05
3948.00000 1e-05
3951.00000 3e-05
3954.00000 1e-05
3957.00000 2e-05
3960.00000 4e-05
3963.00000 1e-05
3966.00000 1e-05
3969.00000 3e-05
3972.00000 2e-05
3975.00000 3e-05
3978.00000 1e-05
3981.00000 3e-05
3984.00000 3e-05
3987.00000 6e-05
3990.00000 3e-05
3993.00000 4e-05
3996.00000 8e-05
3999.00000 7e-05
4002.00000 8e-05
4005.00000 0.0001
4008.00000 0.00013
4011.00000 0.00014
4014.00000 0.00018
4017.00000 0.00026
4020.00000 0.00031
4023.00000 0.00034
4026.00000 0.00042
4029.00000 0.00048
4032.00000 0.00056
4035.00000 0.00063
4038.00000 0.00069
4041.00000 0.00076
4044.00000 0.00083
4047.00000 0.0009
4050.00000 0.00097
4053.00000 0.00108
4056.00000 0.00115
4059.00000 0.00129
4062.00000 0.0014
4065.00000 0.00161
4068.00000 0.00186
4071.00000 0.00214
4074.00000 0.00253
4077.00000 0.00298
4080.00000 0.00366
4083.00000 0.00447
4086.00000 0.00558
4089.00000 0.00698
4092.00000 0.00878
4095.00000 0.01131
4098.00000 0.01447
4101.00000 0.01845
4104.00000 0.02363
4107.00000 0.03054
4110.00000 0.0388
4113.00000 0.04902
4116.00000 0.06128
4119.00000 0.07609
4122.00000 0.09409
4125.00000 0.1151
4128.00000 0.13928
4131.00000 0.16678
4134.00000 0.20068
4137.00000 0.23788
4140.00000 0.27993
4143.00000 0.32435
4146.00000 0.37256
4149.00000 0.42099
4152.00000 0.46552
4155.00000 0.50402
4158.00000 0.53521
4161.00000 0.55776
4164.00000 0.57102
4167.00000 0.57803
4170.00000 0.57937
4173.00000 0.57872
4176.00000 0.5769
4179.00000 0.57532
4182.00000 0.57549
4185.00000 0.57715
4188.00000 0.58141
4191.00000 0.58766
4194.00000 0.59578
4197.00000 0.60497
4200.00000 0.61523
4203.00000 0.62617
4206.00000 0.63739
4209.00000 0.64793
4212.00000 0.65801
4215.00000 0.66759
4218.00000 0.67673
4221.00000 0.68349
4224.00000 0.68968
4227.00000 0.69511
4230.00000 0.69816
4233.00000 0.69995
4236.00000 0.70044
4239.00000 0.69903
4242.00000 0.69689
4245.00000 0.69359
4248.00000 0.68898
4251.00000 0.68415
4254.00000 0.67872
4257.00000 0.67236
4260.00000 0.6668
4263.00000 0.66158
4266.00000 0.65642
4269.00000 0.65194
4272.00000 0.64807
4275.00000 0.64567
4278.00000 0.64433
4281.00000 0.64234
4284.00000 0.64265
4287.00000 0.64311
4290.00000 0.64421
4293.00000 0.64578
4296.00000 0.64809
4299.00000 0.65046
4302.00000 0.65298
4305.00000 0.65563
4308.00000 0.65882
4311.00000 0.66255
4314.00000 0.66612
4317.00000 0.67002
4320.00000 0.67462
4323.00000 0.67936
4326.00000 0.68486
4329.00000 0.69134
4332.00000 0.69778
4335.00000 0.70479
4338.00000 0.71279
4341.00000 0.7202
4344.00000 0.72888
4347.00000 0.73714
4350.00000 0.74514
4353.00000 0.75396
4356.00000 0.76131
4359.00000 0.7675
4362.00000 0.77414
4365.00000 0.77901
4368.00000 0.78299
4371.00000 0.78611
4374.00000 0.78835
4377.00000 0.789
4380.00000 0.79012
4383.00000 0.78935
4386.00000 0.78871
4389.00000 0.78745
4392.00000 0.7856
4395.00000 0.784
4398.00000 0.78209
4401.00000 0.78005
4404.00000 0.77794
4407.00000 0.77557
4410.00000 0.77204
4413.00000 0.76857
4416.00000 0.76433
4419.00000 0.75899
4422.00000 0.75315
4425.00000 0.74633
4428.00000 0.73855
4431.00000 0.72985
4434.00000 0.72082
4437.00000 0.71118
4440.00000 0.70187
4443.00000 0.69107
4446.00000 0.68121
4449.00000 0.67181
4452.00000 0.66291
4455.00000 0.65463
4458.00000 0.64744
4461.00000 0.64173
4464.00000 0.63774
4467.00000 0.63448
4470.00000 0.63245
4473.00000 0.63275
4476.00000 0.63463
4479.00000 0.63761
4482.00000 0.64247
4485.00000 0.64803
4488.00000 0.65506
4491.00000 0.66308
4494.00000 0.67198
4497.00000 0.68265
4500.00000 0.69314
4503.00000 0.70341
4506.00000 0.71478
4509.00000 0.72596
4512.00000 0.73694
4515.00000 0.74706
4518.00000 0.75685
4521.00000 0.76639
4524.00000 0.77537
4527.00000 0.78342
4530.00000 0.79082
4533.00000 0.79713
4536.00000 0.80352
4539.00000 0.80894
4542.00000 0.81367
4545.00000 0.8175
4548.00000 0.8212
4551.00000 0.82493
4554.00000 0.82791
4557.00000 0.83007
4560.00000 0.83217
4563.00000 0.83354
4566.00000 0.8341
4569.00000 0.83406
4572.00000 0.83302
4575.00000 0.83147
4578.00000 0.82839
4581.00000 0.8249
4584.00000 0.82081
4587.00000 0.81509
4590.00000 0.80852
4593.00000 0.80205
4596.00000 0.79441
4599.00000 0.78597
4602.00000 0.77804
4605.00000 0.76919
4608.00000 0.76145
4611.00000 0.75328
4614.00000 0.7463
4617.00000 0.73939
4620.00000 0.73293
4623.00000 0.72735
4626.00000 0.72291
4629.00000 0.71912
4632.00000 0.71547
4635.00000 0.7135
4638.00000 0.71299
4641.00000 0.71257
4644.00000 0.71301
4647.00000 0.71447
4650.00000 0.71637
4653.00000 0.71818
4656.00000 0.72048
4659.00000 0.72299
4662.00000 0.72655
4665.00000 0.7282
4668.00000 0.73112
4671.00000 0.73351
4674.00000 0.7349
4677.00000 0.73628
4680.00000 0.73701
4683.00000 0.73659
4686.00000 0.73605
4689.00000 0.73546
4692.00000 0.73378
4695.00000 0.73157
4698.00000 0.72972
4701.00000 0.72707
4704.00000 0.72426
4707.00000 0.72149
4710.00000 0.71882
4713.00000 0.71599
4716.00000 0.71368
4719.00000 0.71185
4722.00000 0.71099
4725.00000 0.7093
4728.00000 0.70856
4731.00000 0.70963
4734.00000 0.70935
4737.00000 0.71048
4740.00000 0.71193
4743.00000 0.7143
4746.00000 0.71694
4749.00000 0.72032
4752.00000 0.72396
4755.00000 0.72847
4758.00000 0.73336
4761.00000 0.73792
4764.00000 0.74327
4767.00000 0.74871
4770.00000 0.75421
4773.00000 0.75997
4776.00000 0.76482
4779.00000 0.77107
4782.00000 0.77703
4785.00000 0.78249
4788.00000 0.78734
4791.00000 0.7926
4794.00000 0.79734
4797.00000 0.80239
4800.00000 0.80593
4803.00000 0.80982
4806.00000 0.81328
4809.00000 0.81593
4812.00000 0.81815
4815.00000 0.81995
4818.00000 0.8219
4821.00000 0.82243
4824.00000 0.82307
4827.00000 0.82336
4830.00000 0.82303
4833.00000 0.82312
4836.00000 0.8216
4839.00000 0.82033
4842.00000 0.81896
4845.00000 0.8172
4848.00000 0.81462
4851.00000 0.81273
4854.00000 0.80974
4857.00000 0.80695
4860.00000 0.80418
4863.00000 0.80131
4866.00000 0.79854
4869.00000 0.79598
4872.00000 0.7931
4875.00000 0.78983
4878.00000 0.78691
4881.00000 0.7842
4884.00000 0.78201
4887.00000 0.77976
4890.00000 0.77755
4893.00000 0.77607
4896.00000 0.77467
4899.00000 0.77308
4902.00000 0.77249
4905.00000 0.77168
4908.00000 0.77153
4911.00000 0.77184
4914.00000 0.77147
4917.00000 0.77237
4920.00000 0.77305
4923.00000 0.77496
4926.00000 0.77645
4929.00000 0.77841
4932.00000 0.78042
4935.00000 0.78295
4938.00000 0.78618
4941.00000 0.78862
4944.00000 0.79218
4947.00000 0.79577
4950.00000 0.79879
4953.00000 0.8036
4956.00000 0.80684
4959.00000 0.81107
4962.00000 0.8146
4965.00000 0.81868
4968.00000 0.82274
4971.00000 0.82602
4974.00000 0.82977
4977.00000 0.83374
4980.00000 0.83716
4983.00000 0.83986
4986.00000 0.84248
4989.00000 0.8446
4992.00000 0.84674
4995.00000 0.84818
4998.00000 0.84878
5001.00000 0.84944
5004.00000 0.84954
5007.00000 0.84884
5010.00000 0.84772
5013.00000 0.84591
5016.00000 0.84434
5019.00000 0.84198
5022.00000 0.83868
5025.00000 0.83456
5028.00000 0.83061
5031.00000 0.82611
5034.00000 0.82126
5037.00000 0.81657
5040.00000 0.81088
5043.00000 0.80513
5046.00000 0.8002
5049.00000 0.79444
5052.00000 0.78868
5055.00000 0.78338
5058.00000 0.77745
5061.00000 0.77141
5064.00000 0.76619
5067.00000 0.7614
5070.00000 0.75687
5073.00000 0.75271
5076.00000 0.74864
5079.00000 0.74532
5082.00000 0.74244
5085.00000 0.74009
5088.00000 0.73835
5091.00000 0.73721
5094.00000 0.73693
5097.00000 0.73686
5100.00000 0.73744
5103.00000 0.73898
5106.00000 0.74086
5109.00000 0.74323
5112.00000 0.74649
5115.00000 0.75016
5118.00000 0.75402
5121.00000 0.75874
5124.00000 0.76381
5127.00000 0.76911
5130.00000 0.77408
5133.00000 0.7796
5136.00000 0.7853
5139.00000 0.79054
5142.00000 0.79667
5145.00000 0.80129
5148.00000 0.80645
5151.00000 0.81132
5154.00000 0.81533
5157.00000 0.81918
5160.00000 0.82256
5163.00000 0.82444
5166.00000 0.82552
5169.00000 0.82735
5172.00000 0.82747
5175.00000 0.82647
5178.00000 0.82554
5181.00000 0.82394
5184.00000 0.82225
5187.00000 0.81959
5190.00000 0.81659
5193.00000 0.81281
5196.00000 0.80908
5199.00000 0.8048
5202.00000 0.80117
5205.00000 0.79719
5208.00000 0.79326
5211.00000 0.78927
5214.00000 0.78605
5217.00000 0.78313
5220.00000 0.78026
5223.00000 0.77726
5226.00000 0.77496
5229.00000 0.77289
5232.00000 0.77115
5235.00000 0.76955
5238.00000 0.76942
5241.00000 0.76895
5244.00000 0.76892
5247.00000 0.76873
5250.00000 0.76857
5253.00000 0.76974
5256.00000 0.77027
5259.00000 0.77155
5262.00000 0.77236
5265.00000 0.77374
5268.00000 0.77502
5271.00000 0.77589
5274.00000 0.77712
5277.00000 0.77793
5280.00000 0.77849
5283.00000 0.77895
5286.00000 0.77915
5289.00000 0.77905
5292.00000 0.77937
5295.00000 0.77884
5298.00000 0.77819
5301.00000 0.77777
5304.00000 0.77618
5307.00000 0.77455
5310.00000 0.77245
5313.00000 0.77034
5316.00000 0.76795
5319.00000 0.76557
5322.00000 0.76253
5325.00000 0.75962
5328.00000 0.75708
5331.00000 0.75325
5334.00000 0.74941
5337.00000 0.74591
5340.00000 0.74181
5343.00000 0.73664
5346.00000 0.73213
5349.00000 0.72688
5352.00000 0.72178
5355.00000 0.71626
5358.00000 0.70981
5361.00000 0.7036
5364.00000 0.69735
5367.00000 0.69055
5370.00000 0.68358
5373.00000 0.67642
5376.00000 0.66936
5379.00000 0.66232
5382.00000 0.65477
5385.00000 0.64706
5388.00000 0.64095
5391.00000 0.63549
5394.00000 0.63072
5397.00000 0.6264
5400.00000 0.6232
5403.00000 0.62141
5406.00000 0.62132
5409.00000 0.62312
5412.00000 0.62658
5415.00000 0.6317
5418.00000 0.63871
5421.00000 0.64766
5424.00000 0.65686
5427.00000 0.66641
5430.00000 0.67401
5433.00000 0.6784
5436.00000 0.67634
5439.00000 0.66523
5442.00000 0.64301
5445.00000 0.60886
5448.00000 0.56137
5451.00000 0.50166
5454.00000 0.43798
5457.00000 0.37323
5460.00000 0.30956
5463.00000 0.25056
5466.00000 0.20153
5469.00000 0.16033
5472.00000 0.12729
5475.00000 0.10064
5478.00000 0.07907
5481.00000 0.06267
5484.00000 0.05025
5487.00000 0.04029
5490.00000 0.0322
5493.00000 0.02605
5496.00000 0.0213
5499.00000 0.0174
5502.00000 0.01419
5505.00000 0.01176
5508.00000 0.00971
5511.00000 0.00816
5514.00000 0.00681
5517.00000 0.00573
5520.00000 0.00482
5523.00000 0.00407
5526.00000 0.0035
5529.00000 0.00296
5532.00000 0.00253
5535.00000 0.00217
5538.00000 0.00189
5541.00000 0.00164
5544.00000 0.00141
5547.00000 0.00123
5550.00000 0.00108
5553.00000 0.00093
5556.00000 0.00083
5559.00000 0.0007
5562.00000 0.00063
5565.00000 0.00057
5568.00000 0.0005
5571.00000 0.00043
5574.00000 0.00038
5577.00000 0.00037
5580.00000 0.00031
5583.00000 0.00028
5586.00000 0.00024
5589.00000 0.00022
5592.00000 0.00021
5595.00000 0.00017
5598.00000 0.00017
5601.00000 0.00014
5604.00000 0.0001
5607.00000 0.00011
5610.00000 0.0001
5613.00000 9e-05
5616.00000 9e-05
5619.00000 5e-05
5622.00000 7e-05
5625.00000 7e-05
5628.00000 9e-05
5631.00000 5e-05
5634.00000 5e-05
5637.00000 6e-05
5640.00000 1e-05
5643.00000 3e-05
5646.00000 5e-05
5649.00000 4e-05
5652.00000 2e-05
5655.00000 1e-05
5658.00000 4e-05
5661.00000 3e-05
5664.00000 0.0
5667.00000 0.0
5670.00000 0.0
5673.00000 1e-05
5676.00000 1e-05
5679.00000 1e-05
5682.00000 1e-05
5685.00000 1e-05
5688.00000 4e-05
5691.00000 2e-05
5694.00000 5e-05
5697.00000 4e-05
5700.00000 3e-05
5703.00000 0.0
5706.00000 3e-05
5709.00000 0.0
5712.00000 0.0
5715.00000 0.0
5718.00000 2e-05
5721.00000 2e-05
5724.00000 2e-05
5727.00000 0.0
5730.00000 0.0
5733.00000 0.0
5736.00000 1e-05
5739.00000 0.0
5742.00000 1e-05
5745.00000 0.0
5748.00000 1e-05
5751.00000 1e-05
5754.00000 1e-05
5757.00000 0.0
5760.00000 0.0
5763.00000 2e-05
5766.00000 0.0
5769.00000 0.0
5772.00000 0.0
5775.00000 1e-05
5778.00000 0.0
5781.00000 0.0
5784.00000 0.0
5787.00000 0.0
5790.00000 2e-05
5793.00000 5e-05
5796.00000 1e-05
5799.00000 0.0
5802.00000 0.0
5805.00000 0.0
5808.00000 2e-05
5811.00000 0.0
5814.00000 0.0
5817.00000 0.0
5820.00000 0.0
5823.00000 0.0
5826.00000 0.0
5829.00000 0.0
5832.00000 2e-05
5835.00000 0.0
5838.00000 0.0
5841.00000 1e-05
5844.00000 1e-05
5847.00000 0.0
5850.00000 0.0
5853.00000 0.0
5856.00000 4e-05
5859.00000 0.0
5862.00000 1e-05
5865.00000 1e-05
5868.00000 1e-05
5871.00000 0.0
5874.00000 1e-05
5877.00000 8e-05
5880.00000 6e-05
5883.00000 3e-05
5886.00000 0.0
5889.00000 0.0
5892.00000 3e-05
5895.00000 0.0
5898.00000 2e-05
5901.00000 0.0
5904.00000 0.0
5907.00000 0.0
5910.00000 0.0
5913.00000 1e-05
5916.00000 2e-05
5919.00000 1e-05
5922.00000 1e-05
5925.00000 0.0
5928.00000 2e-05
5931.00000 2e-05
5934.00000 0.0
5937.00000 0.0
5940.00000 1e-05
5943.00000 0.0
5946.00000 3e-05
5949.00000 0.0
5952.00000 0.0
5955.00000 1e-05
5958.00000 3e-05
5961.00000 0.0
5964.00000 0.0
5967.00000 1e-05
5970.00000 0.0
5973.00000 0.0
5976.00000 0.0
5979.00000 0.0
5982.00000 0.0
5985.00000 4e-05
5988.00000 3e-05
5991.00000 1e-05
5994.00000 3e-05
5997.00000 0.0
