threeML/data/optical_filters/LCO/MagIC-sdss_r.ecsv
# %ECSV 0.9
# ---
# datatype:
# - {name: wavelength, unit: Angstrom, datatype: float32}
# - {name: response, datatype: float32}
# meta: !!omap
# - {band_name: sdss_r}
# - {group_name: MagIC}
wavelength response
4504.14014 0.0
5004.60010 0.00089
5051.60010 0.00107
5120.50000 0.000899
5174.10010 0.000668
5236.29980 0.000907
5260.79980 0.001437
5277.39990 0.002373
5290.00000 0.005038
5300.60010 0.007695
5309.79980 0.011219
5316.39990 0.014733
5323.10010 0.017811
5329.00000 0.022195
5334.29980 0.028321
5339.60010 0.033138
5346.20020 0.041449
5356.79980 0.055445
5369.39990 0.079042
5378.60010 0.096958
5387.20020 0.116615
5392.50000 0.135823
5399.10010 0.153729
5405.70020 0.172942
5418.29980 0.215292
5423.60010 0.238425
5429.50000 0.256764
5436.79980 0.283829
5440.10010 0.299105
5444.00000 0.310023
5448.00000 0.324428
5452.60010 0.342326
5465.20020 0.381187
5473.79980 0.414799
5483.00000 0.443617
5490.89990 0.472429
5494.89990 0.485963
5504.79980 0.521326
5514.70020 0.559304
5527.89990 0.604709
5539.79980 0.646619
5553.70020 0.686357
5558.29980 0.697713
5564.29980 0.708203
5565.60010 0.715185
5569.50000 0.72305
5572.79980 0.730476
5575.50000 0.734411
5580.79980 0.741845
5586.70020 0.745793
5594.00000 0.753234
5600.00000 0.758927
5606.60010 0.764185
5613.89990 0.770318
5621.79980 0.778199
5630.39990 0.789134
5638.29980 0.799631
5646.29980 0.812744
5658.20020 0.83285
5668.10010 0.850331
5672.10010 0.859941
5678.00000 0.863452
5684.60010 0.872636
5689.89990 0.879634
5697.20020 0.88315
5700.50000 0.88578
5702.50000 0.889276
5703.79980 0.891898
5705.79980 0.894522
5714.39990 0.896735
5721.70020 0.897635
5729.00000 0.897663
5734.29980 0.897248
5736.89990 0.896822
5742.89990 0.895972
5752.20020 0.895572
5761.39990 0.896043
5770.70020 0.897387
5780.60010 0.900042
5791.89990 0.903138
5796.50000 0.906644
5806.39990 0.910171
5813.70020 0.913252
5822.29980 0.916337
5831.60010 0.918554
5841.50000 0.919028
5850.10010 0.918625
5854.79980 0.916462
5865.39990 0.913886
5876.00000 0.911746
5883.89990 0.910032
5891.79980 0.908318
5901.10010 0.908354
5909.10010 0.909693
5917.70020 0.910598
5924.29980 0.912804
5930.89990 0.915882
5936.20020 0.919391
5944.79980 0.922477
5952.70020 0.92556
5960.70020 0.929079
5969.89990 0.932167
5977.89990 0.934814
5989.10010 0.93573
5997.10010 0.93576
6007.70020 0.934929
6014.29980 0.934954
6022.89990 0.934115
6033.50000 0.933283
6040.10010 0.932873
6047.39990 0.932029
6055.39990 0.933803
6065.29980 0.93515
6073.20020 0.936925
6083.79980 0.939146
6094.39990 0.940931
6100.39990 0.94357
6109.00000 0.944039
6117.60010 0.944945
6125.50000 0.945411
6137.39990 0.946765
6153.29980 0.948134
6169.89990 0.950378
6180.50000 0.953036
6193.70020 0.955267
6206.29980 0.957932
6217.50000 0.958847
6228.79980 0.95889
6239.39990 0.958059
6248.00000 0.955911
6255.89990 0.952453
6261.89990 0.949423
6270.50000 0.94684
6279.10010 0.941204
6291.70020 0.935147
6302.29980 0.931698
6307.60010 0.929538
6316.20020 0.927391
6323.50000 0.926111
6332.10010 0.926144
6338.10010 0.926603
6347.29980 0.928819
6355.89990 0.931904
6361.89990 0.935852
6369.20020 0.938496
6375.79980 0.942447
6383.10010 0.945963
6391.00000 0.949483
6395.00000 0.952114
6400.29980 0.954751
6407.50000 0.95696
6412.20020 0.958286
6420.79980 0.960063
6430.70020 0.959229
6434.70020 0.957064
6442.60010 0.954042
6447.89990 0.951446
6450.60010 0.950584
6457.20020 0.944504
6467.10010 0.937564
6476.39990 0.92975
6485.00000 0.923242
6495.00000 0.91543
6506.20020 0.90806
6514.79980 0.903732
6524.10010 0.899843
6531.39990 0.898126
6538.70020 0.896846
6547.29980 0.896879
6557.89990 0.897792
6563.79980 0.899995
6570.39990 0.903073
6577.10010 0.905715
6583.70020 0.909229
6591.00000 0.913618
6598.20020 0.917571
6601.60010 0.920636
6607.50000 0.924584
6612.79980 0.929837
6619.39990 0.934224
6624.70020 0.939477
6632.70020 0.945177
6640.60010 0.949568
6648.50000 0.954396
6656.50000 0.957479
6665.70020 0.959259
6678.29980 0.959307
6688.29980 0.954548
6697.50000 0.948479
6709.50000 0.93893
6718.70020 0.928064
6728.00000 0.916761
6739.89990 0.900671
6750.50000 0.88414
6760.50000 0.869351
6773.10010 0.852392
6781.00000 0.838467
6791.00000 0.824114
6797.60010 0.809312
6809.50000 0.788862
6818.10010 0.770143
6824.79980 0.753597
6834.10010 0.737497
6840.00000 0.724437
6846.70020 0.71356
6853.29980 0.704427
6859.20020 0.69442
6863.20020 0.687894
6867.20020 0.679623
6872.50000 0.658711
6875.20020 0.640841
6881.10010 0.619496
6882.50000 0.601621
6887.10010 0.551924
6889.79980 0.51443
6893.79980 0.472581
6896.50000 0.427673
6899.20020 0.374044
6901.89990 0.329136
6905.89990 0.28249
6907.89990 0.248918
6909.89990 0.208805
6912.60010 0.175672
6916.50000 0.143416
6919.89990 0.109414
6925.20020 0.078035
6931.79980 0.052331
6940.50000 0.033612
6944.39990 0.024906
6950.39990 0.018823
6957.00000 0.012307
6963.00000 0.009277
6971.60010 0.005822
6981.50000 0.003243
6990.79980 0.002407
7002.00000 0.001578
7014.00000 0.000751
7022.60010 0.000784
7043.10010 0.000427
7072.89990 0.000105
7113.29980 0.0
7160.89990 7e-06
7204.60010 0.000175
7262.89990 0.0
7326.39990 0.000206
7400.60010 0.000927
7487.29980 0.000387
8236.02930 0.0
