threeML/data/optical_filters/LCO/MagIC-sdss_u.ecsv
# %ECSV 0.9
# ---
# datatype:
# - {name: wavelength, unit: Angstrom, datatype: float32}
# - {name: response, datatype: float32}
# meta: !!omap
# - {band_name: sdss_u}
# - {group_name: MagIC}
wavelength response
2906.00000 0.0
2908.00000 1e-05
2910.00000 0.0
2912.00000 1e-05
2914.00000 1e-05
2916.00000 0.0
2918.00000 0.0
2920.00000 0.0
2922.00000 0.0
2924.00000 0.0
2926.00000 1e-05
2928.00000 0.0
2930.00000 0.0
2932.00000 2e-05
2934.00000 1e-05
2936.00000 0.0
2938.00000 0.0
2940.00000 0.0
2942.00000 1e-05
2944.00000 1e-05
2946.00000 1e-05
2948.00000 0.0
2950.00000 0.0
2952.00000 1e-05
2954.00000 0.0
2956.00000 1e-05
2958.00000 0.0
2960.00000 1e-05
2962.00000 1e-05
2964.00000 0.0
2966.00000 0.0
2968.00000 1e-05
2970.00000 0.0
2972.00000 1e-05
2974.00000 1e-05
2976.00000 1e-05
2978.00000 1e-05
2980.00000 1e-05
2982.00000 0.0
2984.00000 1e-05
2986.00000 2e-05
2988.00000 1e-05
2990.00000 1e-05
2992.00000 1e-05
2994.00000 0.0
2996.00000 2e-05
2998.00000 2e-05
3000.00000 1e-05
3002.00000 1e-05
3004.00000 2e-05
3006.00000 2e-05
3008.00000 2e-05
3010.00000 1e-05
3012.00000 1e-05
3014.00000 2e-05
3016.00000 2e-05
3018.00000 0.0
3020.00000 3e-05
3022.00000 1e-05
3024.00000 5e-05
3026.00000 5e-05
3028.00000 5e-05
3030.00000 3e-05
3032.00000 4e-05
3034.00000 5e-05
3036.00000 5e-05
3038.00000 6e-05
3040.00000 8e-05
3042.00000 0.0001
3044.00000 0.0001
3046.00000 0.00012
3048.00000 0.00015
3050.00000 0.00017
3052.00000 0.0002
3054.00000 0.00022
3056.00000 0.00024
3058.00000 0.00029
3060.00000 0.00035
3062.00000 0.00039
3064.00000 0.00045
3066.00000 0.00051
3068.00000 0.00062
3070.00000 0.00069
3072.00000 0.00081
3074.00000 0.00089
3076.00000 0.00098
3078.00000 0.00115
3080.00000 0.00132
3082.00000 0.00151
3084.00000 0.00163
3086.00000 0.00192
3088.00000 0.00212
3090.00000 0.00233
3092.00000 0.00262
3094.00000 0.00288
3096.00000 0.00326
3098.00000 0.00361
3100.00000 0.00404
3102.00000 0.00445
3104.00000 0.0047
3106.00000 0.00525
3108.00000 0.0057
3110.00000 0.00641
3112.00000 0.00687
3114.00000 0.00749
3116.00000 0.00806
3118.00000 0.00886
3120.00000 0.00942
3122.00000 0.01032
3124.00000 0.01089
3126.00000 0.01191
3128.00000 0.01284
3130.00000 0.01373
3132.00000 0.0147
3134.00000 0.01563
3136.00000 0.01684
3138.00000 0.01795
3140.00000 0.01901
3142.00000 0.02049
3144.00000 0.02149
3146.00000 0.02282
3148.00000 0.02396
3150.00000 0.02573
3152.00000 0.02682
3154.00000 0.02842
3156.00000 0.0301
3158.00000 0.03187
3160.00000 0.03314
3162.00000 0.03493
3164.00000 0.03662
3166.00000 0.03843
3168.00000 0.04064
3170.00000 0.04235
3172.00000 0.04406
3174.00000 0.04627
3176.00000 0.04812
3178.00000 0.05043
3180.00000 0.05254
3182.00000 0.05483
3184.00000 0.05703
3186.00000 0.05906
3188.00000 0.06137
3190.00000 0.06367
3192.00000 0.0658
3194.00000 0.0684
3196.00000 0.07101
3198.00000 0.07367
3200.00000 0.07606
3202.00000 0.07875
3204.00000 0.08072
3206.00000 0.08343
3208.00000 0.08577
3210.00000 0.08894
3212.00000 0.09185
3214.00000 0.09449
3216.00000 0.09689
3218.00000 0.09975
3220.00000 0.10315
3222.00000 0.10544
3224.00000 0.10848
3226.00000 0.11122
3228.00000 0.1136
3230.00000 0.11783
3232.00000 0.11957
3234.00000 0.12283
3236.00000 0.12602
3238.00000 0.12835
3240.00000 0.13168
3242.00000 0.13454
3244.00000 0.1371
3246.00000 0.14027
3248.00000 0.14322
3250.00000 0.14569
3252.00000 0.1478
3254.00000 0.15097
3256.00000 0.15472
3258.00000 0.1569
3260.00000 0.15895
3262.00000 0.16287
3264.00000 0.16587
3266.00000 0.16847
3268.00000 0.17131
3270.00000 0.17513
3272.00000 0.17876
3274.00000 0.18128
3276.00000 0.18397
3278.00000 0.18646
3280.00000 0.19087
3282.00000 0.19336
3284.00000 0.1978
3286.00000 0.19964
3288.00000 0.20429
3290.00000 0.20675
3292.00000 0.21104
3294.00000 0.21429
3296.00000 0.21668
3298.00000 0.22152
3300.00000 0.22556
3302.00000 0.22775
3304.00000 0.23083
3306.00000 0.23566
3308.00000 0.23885
3310.00000 0.24242
3312.00000 0.24652
3314.00000 0.25058
3316.00000 0.25407
3318.00000 0.257
3320.00000 0.26245
3322.00000 0.26584
3324.00000 0.26972
3326.00000 0.27351
3328.00000 0.27824
3330.00000 0.28135
3332.00000 0.28537
3334.00000 0.28978
3336.00000 0.29287
3338.00000 0.29761
3340.00000 0.29964
3342.00000 0.30537
3344.00000 0.30786
3346.00000 0.31105
3348.00000 0.31504
3350.00000 0.31707
3352.00000 0.32052
3354.00000 0.32425
3356.00000 0.32859
3358.00000 0.33005
3360.00000 0.33329
3362.00000 0.33733
3364.00000 0.33811
3366.00000 0.34149
3368.00000 0.34565
3370.00000 0.34911
3372.00000 0.34979
3374.00000 0.35211
3376.00000 0.35539
3378.00000 0.35775
3380.00000 0.36059
3382.00000 0.36332
3384.00000 0.36388
3386.00000 0.36619
3388.00000 0.37159
3390.00000 0.37266
3392.00000 0.37435
3394.00000 0.37583
3396.00000 0.37809
3398.00000 0.38104
3400.00000 0.38359
3402.00000 0.38333
3404.00000 0.38627
3406.00000 0.38963
3408.00000 0.39329
3410.00000 0.39472
3412.00000 0.39741
3414.00000 0.3983
3416.00000 0.40141
3418.00000 0.40469
3420.00000 0.4064
3422.00000 0.4083
3424.00000 0.4104
3426.00000 0.41409
3428.00000 0.41543
3430.00000 0.42079
3432.00000 0.42102
3434.00000 0.42337
3436.00000 0.42743
3438.00000 0.42899
3440.00000 0.43282
3442.00000 0.43643
3444.00000 0.43872
3446.00000 0.44042
3448.00000 0.44446
3450.00000 0.4461
3452.00000 0.44678
3454.00000 0.44941
3456.00000 0.4519
3458.00000 0.45435
3460.00000 0.45835
3462.00000 0.458
3464.00000 0.45949
3466.00000 0.46177
3468.00000 0.46473
3470.00000 0.46781
3472.00000 0.46873
3474.00000 0.46871
3476.00000 0.47196
3478.00000 0.47281
3480.00000 0.47531
3482.00000 0.47476
3484.00000 0.47715
3486.00000 0.47922
3488.00000 0.48137
3490.00000 0.48162
3492.00000 0.47937
3494.00000 0.484
3496.00000 0.48502
3498.00000 0.48581
3500.00000 0.48022
3502.00000 0.48415
3504.00000 0.48637
3506.00000 0.48801
3508.00000 0.48671
3510.00000 0.4879
3512.00000 0.49128
3514.00000 0.49006
3516.00000 0.49061
3518.00000 0.49196
3520.00000 0.49287
3522.00000 0.49471
3524.00000 0.49578
3526.00000 0.49656
3528.00000 0.49738
3530.00000 0.50149
3532.00000 0.50132
3534.00000 0.4999
3536.00000 0.50349
3538.00000 0.5029
3540.00000 0.50551
3542.00000 0.50641
3544.00000 0.5102
3546.00000 0.50818
3548.00000 0.50969
3550.00000 0.51011
3552.00000 0.51208
3554.00000 0.51312
3556.00000 0.51511
3558.00000 0.51535
3560.00000 0.51674
3562.00000 0.5183
3564.00000 0.52088
3566.00000 0.51997
3568.00000 0.52258
3570.00000 0.52301
3572.00000 0.52328
3574.00000 0.52178
3576.00000 0.5243
3578.00000 0.52696
3580.00000 0.52633
3582.00000 0.52628
3584.00000 0.52773
3586.00000 0.52784
3588.00000 0.52936
3590.00000 0.5304
3592.00000 0.53091
3594.00000 0.53001
3596.00000 0.53068
3598.00000 0.53018
3600.00000 0.53105
3602.00000 0.52986
3604.00000 0.53167
3606.00000 0.5318
3608.00000 0.5307
3610.00000 0.5307
3612.00000 0.53096
3614.00000 0.53111
3616.00000 0.53039
3618.00000 0.52875
3620.00000 0.52914
3622.00000 0.52921
3624.00000 0.52873
3626.00000 0.52866
3628.00000 0.5262
3630.00000 0.52582
3632.00000 0.52638
3634.00000 0.52609
3636.00000 0.52595
3638.00000 0.52422
3640.00000 0.52495
3642.00000 0.52413
3644.00000 0.52358
3646.00000 0.52181
3648.00000 0.52183
3650.00000 0.5219
3652.00000 0.52053
3654.00000 0.52188
3656.00000 0.51952
3658.00000 0.5182
3660.00000 0.51726
3662.00000 0.51716
3664.00000 0.51663
3666.00000 0.51711
3668.00000 0.51646
3670.00000 0.51532
3672.00000 0.51449
3674.00000 0.51412
3676.00000 0.5132
3678.00000 0.51243
3680.00000 0.51243
3682.00000 0.5115
3684.00000 0.5103
3686.00000 0.50935
3688.00000 0.50948
3690.00000 0.50663
3692.00000 0.50537
3694.00000 0.50516
3696.00000 0.50523
3698.00000 0.50207
3700.00000 0.50193
3702.00000 0.50063
3704.00000 0.50011
3706.00000 0.49896
3708.00000 0.49603
3710.00000 0.49434
3712.00000 0.4938
3714.00000 0.49197
3716.00000 0.48952
3718.00000 0.48815
3720.00000 0.48561
3722.00000 0.4844
3724.00000 0.48251
3726.00000 0.48012
3728.00000 0.47799
3730.00000 0.47538
3732.00000 0.47164
3734.00000 0.46965
3736.00000 0.46668
3738.00000 0.46508
3740.00000 0.46192
3742.00000 0.45988
3744.00000 0.45567
3746.00000 0.45279
3748.00000 0.44996
3750.00000 0.44575
3752.00000 0.44246
3754.00000 0.43938
3756.00000 0.43588
3758.00000 0.4323
3760.00000 0.42864
3762.00000 0.42386
3764.00000 0.42066
3766.00000 0.41585
3768.00000 0.4124
3770.00000 0.40778
3772.00000 0.40341
3774.00000 0.39913
3776.00000 0.39477
3778.00000 0.39041
3780.00000 0.386
3782.00000 0.38126
3784.00000 0.37645
3786.00000 0.3717
3788.00000 0.36649
3790.00000 0.36172
3792.00000 0.35671
3794.00000 0.35198
3796.00000 0.34681
3798.00000 0.34203
3800.00000 0.33681
3802.00000 0.33118
3804.00000 0.32684
3806.00000 0.32101
3808.00000 0.31551
3810.00000 0.31053
3812.00000 0.3047
3814.00000 0.29954
3816.00000 0.29392
3818.00000 0.28872
3820.00000 0.28289
3822.00000 0.27763
3824.00000 0.27229
3826.00000 0.26713
3828.00000 0.26007
3830.00000 0.2549
3832.00000 0.25072
3834.00000 0.24462
3836.00000 0.23884
3838.00000 0.23394
3840.00000 0.22816
3842.00000 0.22302
3844.00000 0.21665
3846.00000 0.21236
3848.00000 0.20619
3850.00000 0.20125
3852.00000 0.1959
3854.00000 0.19078
3856.00000 0.18492
3858.00000 0.18071
3860.00000 0.17564
3862.00000 0.16911
3864.00000 0.16459
3866.00000 0.15959
3868.00000 0.15422
3870.00000 0.14954
3872.00000 0.14498
3874.00000 0.14026
3876.00000 0.13511
3878.00000 0.13072
3880.00000 0.12568
3882.00000 0.1214
3884.00000 0.1169
3886.00000 0.11268
3888.00000 0.10833
3890.00000 0.10409
3892.00000 0.09966
3894.00000 0.09574
3896.00000 0.09174
3898.00000 0.08782
3900.00000 0.08396
3902.00000 0.08077
3904.00000 0.07658
3906.00000 0.07329
3908.00000 0.06976
3910.00000 0.06657
3912.00000 0.06322
3914.00000 0.06035
3916.00000 0.05702
3918.00000 0.05408
3920.00000 0.05129
3922.00000 0.04875
3924.00000 0.0459
3926.00000 0.04354
3928.00000 0.0408
3930.00000 0.03844
3932.00000 0.03635
3934.00000 0.03411
3936.00000 0.03207
3938.00000 0.03033
3940.00000 0.02838
3942.00000 0.02662
3944.00000 0.02493
3946.00000 0.02327
3948.00000 0.02162
3950.00000 0.02017
3952.00000 0.01887
3954.00000 0.01764
3956.00000 0.01635
3958.00000 0.01518
3960.00000 0.01412
3962.00000 0.01306
3964.00000 0.0121
3966.00000 0.0112
3968.00000 0.01038
3970.00000 0.0095
3972.00000 0.00874
3974.00000 0.00807
3976.00000 0.00739
3978.00000 0.00677
3980.00000 0.00624
3982.00000 0.0057
3984.00000 0.00516
3986.00000 0.00475
3988.00000 0.00431
3990.00000 0.00393
3992.00000 0.00359
3994.00000 0.00323
3996.00000 0.00294
3998.00000 0.00268
4000.00000 0.00241
4002.00000 0.00218
4004.00000 0.00196
4006.00000 0.00177
4008.00000 0.00158
4010.00000 0.00144
4012.00000 0.00132
4014.00000 0.00116
4016.00000 0.00103
4018.00000 0.00093
4020.00000 0.00085
4022.00000 0.00077
4024.00000 0.00069
4026.00000 0.00059
4028.00000 0.00052
4030.00000 0.00047
4032.00000 0.00041
4034.00000 0.00037
4036.00000 0.00033
4038.00000 0.0003
4040.00000 0.00027
4042.00000 0.00024
4044.00000 0.0002
4046.00000 0.00017
4048.00000 0.00016
4050.00000 0.00015
4052.00000 0.00012
4054.00000 0.00011
4056.00000 9e-05
4058.00000 8e-05
4060.00000 9e-05
4062.00000 7e-05
4064.00000 5e-05
4066.00000 5e-05
4068.00000 5e-05
4070.00000 3e-05
4072.00000 4e-05
4074.00000 3e-05
4076.00000 3e-05
4078.00000 1e-05
4080.00000 2e-05
4082.00000 2e-05
4084.00000 1e-05
4086.00000 2e-05
4088.00000 1e-05
4090.00000 2e-05
4092.00000 1e-05
4094.00000 1e-05
4096.00000 2e-05
4098.00000 1e-05
4100.00000 2e-05
4102.00000 1e-05
4104.00000 1e-05
4106.00000 0.0
4108.00000 0.0
4110.00000 0.0
4112.00000 1e-05
4114.00000 0.0
4116.00000 1e-05
4118.00000 0.0
4120.00000 1e-05
4122.00000 0.0
4124.00000 0.0
4126.00000 0.0
4128.00000 0.0
4130.00000 0.0
4132.00000 0.0
4134.00000 0.0
4136.00000 0.0
4138.00000 0.0
4140.00000 1e-05
4142.00000 0.0
4144.00000 0.0
4146.00000 0.0
4148.00000 1e-05
4150.00000 0.0
4152.00000 0.0
4154.00000 0.0
4156.00000 0.0
4158.00000 0.0
4160.00000 0.0
4162.00000 0.0
4164.00000 0.0
4166.00000 0.0
4168.00000 0.0
4170.00000 0.0
4172.00000 0.0
4174.00000 0.0
4176.00000 0.0
4178.00000 0.0
4180.00000 1e-05
4182.00000 1e-05
4184.00000 1e-05
4186.00000 0.0
4188.00000 0.0
4190.00000 1e-05
4192.00000 0.0
