threeML/data/optical_filters/LCO/MMIRS-Hk3.ecsv
# %ECSV 0.9
# ---
# datatype:
# - {name: wavelength, unit: Angstrom, datatype: float32}
# - {name: response, datatype: float32}
# meta: !!omap
# - {band_name: Hk3}
# - {group_name: MMIRS}
wavelength response
[from data line 793]
12772.59961 0.860837
12782.70020 0.862824
12792.79980 0.865076
12802.90039 0.86762
12813.00000 0.870122
12823.20020 0.873174
12833.29980 0.876284
12843.40039 0.879138
12853.50000 0.882404
12863.59961 0.885377
12873.70020 0.888643
12883.79980 0.891539
12893.90039 0.894742
12904.00000 0.897784
12914.09961 0.900407
12924.20020 0.903114
12934.40039 0.905606
12944.50000 0.908189
12954.59961 0.910539
12964.70020 0.912931
12974.79980 0.914906
12984.90039 0.916693
12995.00000 0.918262
13005.09961 0.919591
13015.20020 0.920641
13025.29980 0.92149
13035.40039 0.921717
13045.59961 0.921428
13055.70020 0.920788
13065.79980 0.919569
13075.90039 0.917899
13086.00000 0.915664
13096.09961 0.912819
13106.20020 0.909667
13116.29980 0.905761
13126.40039 0.901522
13136.50000 0.897186
13146.59961 0.892306
13156.70020 0.887506
13166.90039 0.882673
13177.00000 0.877902
13187.09961 0.873271
13197.20020 0.869103
13207.29980 0.865213
13217.40039 0.861701
13227.50000 0.858914
13237.59961 0.856619
13247.70020 0.855004
13257.79980 0.853936
13267.90039 0.8535
13278.09961 0.853724
13288.20020 0.854675
13298.29980 0.856052
13308.40039 0.858112
13318.50000 0.860438
13328.59961 0.863172
13338.70020 0.86633
13348.79980 0.869743
13358.90039 0.873497
13369.00000 0.877076
13379.09961 0.880839
13389.29980 0.884463
13399.40039 0.88791
13409.50000 0.891446
13419.59961 0.894573
13429.70020 0.897542
13439.79980 0.90009
13449.90039 0.902589
13460.00000 0.904452
13470.09961 0.906456
13480.20020 0.908286
13490.29980 0.909977
13500.40039 0.911524
13510.59961 0.912943
13520.70020 0.914673
13530.79980 0.915988
13540.90039 0.917323
13551.00000 0.919108
13561.09961 0.920843
13571.20020 0.922613
13581.29980 0.924792
13591.40039 0.926898
13601.50000 0.929111
13611.59961 0.931576
13621.79980 0.933924
13631.90039 0.936299
13642.00000 0.938668
13652.09961 0.940608
13662.20020 0.942735
13672.29980 0.944692
13682.40039 0.946389
13692.50000 0.947867
13702.59961 0.948999
13712.70020 0.94993
13722.79980 0.95033
13733.00000 0.9506
13743.09961 0.950274
13753.20020 0.949927
13763.29980 0.949159
13773.40039 0.948552
13783.50000 0.947478
13793.59961 0.946132
13803.70020 0.944752
13813.79980 0.943427
13823.90039 0.942216
13834.00000 0.941016
13844.09961 0.940113
13854.29980 0.939214
13864.40039 0.93829
13874.50000 0.937576
13884.59961 0.937091
13894.70020 0.936645
13904.79980 0.936729
13914.90039 0.936961
13925.00000 0.937179
13935.09961 0.937404
13945.20020 0.937448
13955.29980 0.938074
13965.50000 0.938642
13975.59961 0.939174
13985.70020 0.939711
13995.79980 0.939817
14005.90039 0.940171
14016.00000 0.940182
14026.09961 0.94011
14036.20020 0.940209
14046.29980 0.93983
14056.40039 0.939725
14066.50000 0.939288
14076.59961 0.938896
14086.79980 0.938391
14096.90039 0.937961
14107.00000 0.937356
14117.09961 0.936968
14127.20020 0.936541
14137.29980 0.936406
14147.40039 0.936413
14157.50000 0.936548
14167.59961 0.93681
14177.70020 0.937125
14187.79980 0.937656
14198.00000 0.938411
14208.09961 0.93932
14218.20020 0.94027
14228.29980 0.941554
14238.40039 0.942872
14248.50000 0.944262
14258.59961 0.945476
14268.70020 0.946736
14278.79980 0.947761
14288.90039 0.949007
14299.00000 0.950295
14309.20020 0.951086
14319.29980 0.951952
14329.40039 0.952391
14339.50000 0.952467
14349.59961 0.952562
14359.70020 0.952589
14369.79980 0.952418
14379.90039 0.951967
14390.00000 0.951184
14400.09961 0.950229
14410.20020 0.94926
14420.29980 0.948179
14430.50000 0.947213
14440.59961 0.946298
14450.70020 0.945162
14460.79980 0.944049
14470.90039 0.943146
14481.00000 0.942192
14491.09961 0.941839
14501.20020 0.941458
14511.29980 0.941018
14521.40039 0.940859
14531.50000 0.941006
14541.70020 0.941378
14551.79980 0.942202
14561.90039 0.942677
14572.00000 0.943446
14582.09961 0.944557
14592.20020 0.945688
14602.29980 0.947099
14612.40039 0.948468
14622.50000 0.949744
14632.59961 0.951069
14642.70020 0.952473
14652.90039 0.953855
14663.00000 0.955254
14673.09961 0.95644
14683.20020 0.957291
14693.29980 0.958232
14703.40039 0.95915
14713.50000 0.959707
14723.59961 0.960539
14733.70020 0.960941
14743.79980 0.961111
14753.90039 0.961304
14764.00000 0.961593
14774.20020 0.96169
14784.29980 0.961697
14794.40039 0.96149
14804.50000 0.961356
14814.59961 0.961627
14824.70020 0.961598
14834.79980 0.961563
14844.90039 0.961432
14855.00000 0.961572
14865.09961 0.962085
14875.20020 0.962488
14885.40039 0.962747
14895.50000 0.963043
14905.59961 0.963552
14915.70020 0.964361
14925.79980 0.965148
14935.90039 0.965453
14946.00000 0.966152
14956.09961 0.966877
14966.20020 0.967558
14976.29980 0.968192
14986.40039 0.968377
14996.59961 0.96875
15006.70020 0.969437
15016.79980 0.96971
15026.90039 0.969432
15037.00000 0.969187
15047.09961 0.96911
15057.20020 0.969122
15067.29980 0.968654
15077.40039 0.967569
15087.50000 0.966703
15097.59961 0.966147
15107.70020 0.965258
15117.90039 0.963999
15128.00000 0.962793
15138.09961 0.962014
15148.20020 0.961067
15158.29980 0.959755
15168.40039 0.958368
15178.50000 0.957534
15188.59961 0.956833
15198.70020 0.955891
15208.79980 0.954764
15218.90039 0.954437
15229.09961 0.953985
15239.20020 0.953474
15249.29980 0.952835
15259.40039 0.952842
15269.50000 0.953392
15279.59961 0.95323
15289.70020 0.953023
15299.79980 0.953463
15309.90039 0.95403
15320.00000 0.9544
15330.09961 0.954618
15340.20020 0.955448
15350.40039 0.956132
15360.50000 0.956343
15370.59961 0.956681
15380.70020 0.95734
15390.79980 0.95796
15400.90039 0.958232
15411.00000 0.95866
15421.09961 0.959183
15431.20020 0.959415
15441.29980 0.959222
15451.40039 0.959302
15461.59961 0.959914
15471.70020 0.959816
15481.79980 0.959435
15491.90039 0.959397
15502.00000 0.959671
15512.09961 0.959156
15522.20020 0.9588
15532.29980 0.959057
15542.40039 0.959195
15552.50000 0.958791
15562.59961 0.9586
15572.79980 0.959121
15582.90039 0.959203
15593.00000 0.958796
15603.09961 0.95936
15613.20020 0.960121
15623.29980 0.960111
15633.40039 0.96031
15643.50000 0.961339
15653.59961 0.962052
15663.70020 0.962024
15673.79980 0.963026
15683.90039 0.964399
15694.09961 0.964578
15704.20020 0.964879
15714.29980 0.966319
15724.40039 0.966932
15734.50000 0.966789
15744.59961 0.967921
15754.70020 0.968862
15764.79980 0.968375
15774.90039 0.968556
15785.00000 0.969494
15795.09961 0.969111
15805.29980 0.96848
15815.40039 0.968907
15825.50000 0.968833
15835.59961 0.967419
15845.70020 0.967046
15855.79980 0.966695
15865.90039 0.96544
15876.00000 0.96459
15886.09961 0.964377
15896.20020 0.962888
15906.29980 0.961224
15916.50000 0.960963
15926.59961 0.959706
15936.70020 0.958056
15946.79980 0.957565
15956.90039 0.956916
15967.00000 0.955164
15977.09961 0.954723
15987.20020 0.954445
15997.29980 0.953069
16007.40039 0.952864
16017.50000 0.953205
16027.59961 0.95232
16037.79980 0.952374
16047.90039 0.953113
16058.00000 0.952645
16068.09961 0.953054
16078.20020 0.954332
16088.29980 0.954654
16098.40039 0.955122
16108.50000 0.956645
16118.59961 0.957135
16128.70020 0.957914
16138.79980 0.959744
16149.00000 0.960807
16159.09961 0.9613
16169.20020 0.963104
16179.29980 0.964072
16189.40039 0.964637
16199.50000 0.966219
16209.59961 0.967219
16219.70020 0.96752
16229.79980 0.968986
16239.90039 0.96958
16250.00000 0.969536
16260.20020 0.970539
16270.29980 0.9707
16280.40039 0.970517
16290.50000 0.971317
16300.59961 0.970781
16310.70020 0.970289
16320.79980 0.970479
16330.90039 0.969465
16341.00000 0.968669
16351.09961 0.968662
16361.20020 0.967396
16371.29980 0.966584
16381.50000 0.966098
16391.59961 0.964701
16401.69922 0.963891
16411.80078 0.96335
16421.90039 0.961919
16432.00000 0.961339
16442.09961 0.960794
16452.19922 0.959583
16462.30078 0.959063
16472.40039 0.958529
16482.50000 0.957754
16492.69922 0.957717
16502.80078 0.957409
16512.90039 0.956987
16523.00000 0.957227
16533.09961 0.957017
16543.19922 0.957157
16553.30078 0.957701
16563.40039 0.957716
16573.50000 0.958221
16583.59961 0.958977
16593.69922 0.95922
16603.80078 0.960164
16614.00000 0.960953
16624.09961 0.961444
16634.19922 0.962827
16644.30078 0.963343
16654.40039 0.964184
16664.50000 0.96536
16674.59961 0.965818
16684.69922 0.966809
16694.80078 0.967958
16704.90039 0.968562
16715.00000 0.969591
16725.19922 0.970274
16735.30078 0.97071
16745.40039 0.971379
16755.50000 0.971751
16765.59961 0.972266
16775.69922 0.972942
16785.80078 0.972887
16795.90039 0.973147
16806.00000 0.973473
16816.09961 0.973296
16826.19922 0.973649
16836.40039 0.973521
16846.50000 0.973454
16856.59961 0.973616
16866.69922 0.973075
16876.80078 0.973024
16886.90039 0.972984
16897.00000 0.972574
16907.09961 0.972715
16917.19922 0.972405
16927.30078 0.97217
16937.40039 0.972068
16947.50000 0.971816
16957.69922 0.971937
16967.80078 0.971743
16977.90039 0.971922
16988.00000 0.971844
16998.09961 0.971856
17008.19922 0.972061
17018.30078 0.972022
17028.40039 0.97241
17038.50000 0.972725
17048.59961 0.972846
17058.69922 0.973474
17068.90039 0.973613
17079.00000 0.973961
17089.09961 0.974716
17099.19922 0.974869
17109.30078 0.975747
17119.40039 0.976176
17129.50000 0.976338
17139.59961 0.977221
17149.69922 0.977512
17159.80078 0.978219
17169.90039 0.978797
17180.09961 0.979179
17190.19922 0.979642
17200.30078 0.979967
17210.40039 0.980331
17220.50000 0.980534
17230.59961 0.981045
17240.69922 0.981374
17250.80078 0.981514
17260.90039 0.981949
17271.00000 0.981647
17281.09961 0.981858
17291.19922 0.981887
17301.40039 0.981828
17311.50000 0.982206
17321.59961 0.981854
17331.69922 0.981734
17341.80078 0.981779
17351.90039 0.981379
17362.00000 0.981408
17372.09961 0.981115
17382.19922 0.981154
17392.30078 0.980819
17402.40039 0.980617
17412.59961 0.980395
17422.69922 0.980043
17432.80078 0.98018
17442.90039 0.979733
17453.00000 0.980096
17463.09961 0.97986
17473.19922 0.979563
17483.30078 0.979673
17493.40039 0.979259
17503.50000 0.97961
17513.59961 0.979601
17523.80078 0.979654
17533.90039 0.979539
17544.00000 0.979648
17554.09961 0.979763
17564.19922 0.979823
17574.30078 0.980165
17584.40039 0.980057
17594.50000 0.980399
17604.59961 0.980458
17614.69922 0.980348
17624.80078 0.980699
17634.90039 0.980441
17645.09961 0.980752
17655.19922 0.980873
17665.30078 0.980789
17675.40039 0.980795
17685.50000 0.980682
17695.59961 0.98053
17705.69922 0.980399
17715.80078 0.980536
17725.90039 0.980149
17736.00000 0.980145
17746.09961 0.97979
17756.30078 0.979307
17766.40039 0.979439
17776.50000 0.978841
17786.59961 0.978829
17796.69922 0.978306
17806.80078 0.97788
17816.90039 0.977475
17827.00000 0.976711
17837.09961 0.976359
17847.19922 0.976145
17857.30078 0.975867
17867.40039 0.97528
17877.59961 0.975128
17887.69922 0.974463
17897.80078 0.974114
17907.90039 0.973926
17918.00000 0.973678
17928.09961 0.97347
17938.19922 0.973403
17948.30078 0.973049
17958.40039 0.972784
17968.50000 0.972893
17978.59961 0.97276
17988.80078 0.97305
17998.90039 0.972984
18009.00000 0.973062
18019.09961 0.973172
18029.19922 0.973491
18039.30078 0.97359
18049.40039 0.973974
18059.50000 0.974284
18069.59961 0.974498
18079.69922 0.97503
18089.80078 0.974993
18100.00000 0.97546
18110.09961 0.975754
18120.19922 0.976241
18130.30078 0.976619
18140.40039 0.977024
18150.50000 0.977102
18160.59961 0.977505
18170.69922 0.977777
18180.80078 0.977978
18190.90039 0.97829
18201.00000 0.978354
18211.09961 0.978236
18221.30078 0.978507
18231.40039 0.978386
18241.50000 0.978266
18251.59961 0.978305
18261.69922 0.977998
18271.80078 0.978067
18281.90039 0.977844
18292.00000 0.977381
18302.09961 0.976988
18312.19922 0.97654
18322.30078 0.976111
18332.50000 0.976055
18342.59961 0.975402
18352.69922 0.974718
18362.80078 0.974328
18372.90039 0.973488
18383.00000 0.972928
18393.09961 0.972522
18403.19922 0.972014
18413.30078 0.971289
18423.40039 0.970883
18433.50000 0.970191
18443.69922 0.969701
18453.80078 0.969304
18463.90039 0.96887
18474.00000 0.968546
18484.09961 0.968237
18494.19922 0.967746
18504.30078 0.967599
18514.40039 0.967387
18524.50000 0.967131
18534.59961 0.967056
18544.69922 0.967032
18554.80078 0.966935
18565.00000 0.967135
18575.09961 0.966913
18585.19922 0.967068
18595.30078 0.967292
18605.40039 0.967409
18615.50000 0.967908
18625.59961 0.968168
18635.69922 0.968177
18645.80078 0.968668
18655.90039 0.968989
18666.00000 0.969266
18676.19922 0.969908
18686.30078 0.970312
18696.40039 0.970417
18706.50000 0.970795
18716.59961 0.970939
18726.69922 0.971196
18736.80078 0.971763
18746.90039 0.971903
18757.00000 0.972206
18767.09961 0.97237
18777.19922 0.97229
18787.40039 0.972566
18797.50000 0.972596
18807.59961 0.972653
18817.69922 0.972981
18827.80078 0.972759
18837.90039 0.972626
18848.00000 0.972607
18858.09961 0.972238
18868.19922 0.972168
18878.30078 0.9723
18888.40039 0.971897
18898.50000 0.971645
18908.69922 0.971209
18918.80078 0.970824
18928.90039 0.970529
18939.00000 0.970312
18949.09961 0.96997
18959.19922 0.969714
18969.30078 0.969231
18979.40039 0.968814
18989.50000 0.968536
18999.59961 0.96811
19009.69922 0.967749
19019.90039 0.967643
19030.00000 0.967341
19040.09961 0.966857
19050.19922 0.966674
19060.30078 0.966118
19070.40039 0.966051
19080.50000 0.966007
19090.59961 0.965897
19100.69922 0.965868
19110.80078 0.965751
19120.90039 0.965325
19131.00000 0.965574
19141.19922 0.96526
19151.30078 0.965424
19161.40039 0.965532
19171.50000 0.965419
19181.59961 0.965375
19191.69922 0.965615
19201.80078 0.965428
19211.90039 0.965751
19222.00000 0.965832
19232.09961 0.965958
19242.19922 0.966069
19252.40039 0.966101
19262.50000 0.966086
19272.59961 0.966398
19282.69922 0.966567
19292.80078 0.966503
19302.90039 0.966981
19313.00000 0.966798
19323.09961 0.966952
19333.19922 0.966927
19343.30078 0.967203
19353.40039 0.967184
19363.59961 0.967719
19373.69922 0.967325
19383.80078 0.967533
19393.90039 0.967534
19404.00000 0.967377
19414.09961 0.967673
19424.19922 0.967596
19434.30078 0.967739
19444.40039 0.967812
19454.50000 0.967779
19464.59961 0.96786
19474.69922 0.967846
19484.90039 0.967702
19495.00000 0.968072
19505.09961 0.968074
19515.19922 0.968153
19525.30078 0.967965
19535.40039 0.968313
19545.50000 0.968149
19555.59961 0.968492
19565.69922 0.968611
19575.80078 0.968602
19585.90039 0.968866
19596.09961 0.968817
19606.19922 0.969038
19616.30078 0.969068
19626.40039 0.969456
19636.50000 0.96932
19646.59961 0.96979
19656.69922 0.969712
19666.80078 0.969887
19676.90039 0.969984
19687.00000 0.970126
19697.09961 0.970372
19707.30078 0.970536
19717.40039 0.970613
19727.50000 0.970451
19737.59961 0.970647
19747.69922 0.970387
19757.80078 0.970634
19767.90039 0.970554
19778.00000 0.970529
19788.09961 0.970389
19798.19922 0.970149
19808.30078 0.969974
19818.40039 0.969781
19828.59961 0.969724
19838.69922 0.969235
19848.80078 0.969297
19858.90039 0.968723
19869.00000 0.968328
19879.09961 0.967856
19889.19922 0.967413
19899.30078 0.967121
19909.40039 0.966713
19919.50000 0.966178
19929.59961 0.965646
19939.80078 0.965146
19949.90039 0.964382
19960.00000 0.96417
19970.09961 0.963564
19980.19922 0.96297
19990.30078 0.962491
20000.40039 0.9621
20010.50000 0.961674
20020.59961 0.961041
20030.69922 0.960671
20040.80078 0.959992
20051.00000 0.95993
20061.09961 0.959548
20071.19922 0.959311
20081.30078 0.959176
20091.40039 0.958569
20101.50000 0.958447
20111.59961 0.958373
20121.69922 0.958423
20131.80078 0.958316
20141.90039 0.958393
20152.00000 0.958259
20162.09961 0.958395
20172.30078 0.958505
20182.40039 0.958571
20192.50000 0.958985
20202.59961 0.959177
20212.69922 0.959438
20222.80078 0.959793
20232.90039 0.959822
20243.00000 0.960267
20253.09961 0.960593
20263.19922 0.961059
20273.30078 0.961358
20283.50000 0.961843
20293.59961 0.961935
20303.69922 0.962202
20313.80078 0.962561
20323.90039 0.962582
20334.00000 0.963064
20344.09961 0.963051
20354.19922 0.963067
20364.30078 0.963196
20374.40039 0.963051
20384.50000 0.963083
20394.59961 0.962987
20404.80078 0.962842
20414.90039 0.962578
20425.00000 0.96246
20435.09961 0.961881
20445.19922 0.961339
20455.30078 0.960879
20465.40039 0.960126
20475.50000 0.959731
20485.59961 0.958926
20495.69922 0.958103
