threeML/data/optical_filters/LCO/MMIRS-Hk3.ecsv
# %ECSV 0.9
# ---
# datatype:
# - {name: wavelength, unit: Angstrom, datatype: float32}
# - {name: response, datatype: float32}
# meta: !!omap
# - {band_name: Hk3}
# - {group_name: MMIRS}
wavelength response
[from data line 1559]
20516.00000 0.956234
20526.09961 0.95539
20536.19922 0.95447
20546.30078 0.953548
20556.40039 0.95244
20566.50000 0.951373
20576.59961 0.950214
20586.69922 0.949068
20596.80078 0.948145
20606.90039 0.946833
20617.00000 0.945939
20627.19922 0.944746
20637.30078 0.943624
20647.40039 0.942624
20657.50000 0.941515
20667.59961 0.940546
20677.69922 0.939875
20687.80078 0.938965
20697.90039 0.938065
20708.00000 0.937238
20718.09961 0.936438
20728.19922 0.935763
20738.30078 0.935373
20748.50000 0.934818
20758.59961 0.934333
20768.69922 0.933995
20778.80078 0.933489
20788.90039 0.933336
20799.00000 0.933211
20809.09961 0.933077
20819.19922 0.933182
20829.30078 0.933166
20839.40039 0.933203
20849.50000 0.933283
20859.69922 0.933444
20869.80078 0.933695
20879.90039 0.934049
20890.00000 0.934371
20900.09961 0.934661
20910.19922 0.935019
20920.30078 0.935198
20930.40039 0.935703
20940.50000 0.936211
20950.59961 0.936358
20960.69922 0.936785
20970.90039 0.937025
20981.00000 0.93709
20991.09961 0.937428
21001.19922 0.937554
21011.30078 0.937732
21021.40039 0.938016
21031.50000 0.937808
21041.59961 0.937858
21051.69922 0.937747
21061.80078 0.937488
21071.90039 0.937506
21082.00000 0.937282
21092.19922 0.936963
21102.30078 0.936716
21112.40039 0.936216
21122.50000 0.935702
21132.59961 0.93536
21142.69922 0.934941
21152.80078 0.934417
21162.90039 0.93393
21173.00000 0.933376
21183.09961 0.932748
21193.19922 0.932229
21203.40039 0.931576
21213.50000 0.930992
21223.59961 0.930531
21233.69922 0.92977
21243.80078 0.929251
21253.90039 0.928645
21264.00000 0.927945
21274.09961 0.92748
21284.19922 0.926875
21294.30078 0.926411
21304.40039 0.925995
21314.59961 0.925469
21324.69922 0.924884
21334.80078 0.924575
21344.90039 0.924201
21355.00000 0.923967
21365.09961 0.923867
21375.19922 0.923495
21385.30078 0.92335
21395.40039 0.923295
21405.50000 0.923189
21415.59961 0.923272
21425.69922 0.923383
21435.90039 0.923445
21446.00000 0.923622
21456.09961 0.92383
21466.19922 0.923993
21476.30078 0.924395
21486.40039 0.924621
21496.50000 0.925067
21506.59961 0.925559
21516.69922 0.925882
21526.80078 0.926222
21536.90039 0.926645
21547.09961 0.927144
21557.19922 0.927793
21567.30078 0.928344
21577.40039 0.928584
21587.50000 0.929138
21597.59961 0.929487
21607.69922 0.929986
21617.80078 0.930529
21627.90039 0.930902
21638.00000 0.93123
21648.09961 0.931528
21658.19922 0.931631
21668.40039 0.931931
21678.50000 0.932143
21688.59961 0.932189
21698.69922 0.932357
21708.80078 0.932319
21718.90039 0.932217
21729.00000 0.932194
21739.09961 0.931841
21749.19922 0.931496
21759.30078 0.931377
21769.40039 0.931086
21779.59961 0.930636
21789.69922 0.930219
21799.80078 0.929568
21809.90039 0.928855
21820.00000 0.928569
21830.09961 0.927868
21840.19922 0.927137
21850.30078 0.926659
21860.40039 0.925765
21870.50000 0.925032
21880.59961 0.924548
21890.80078 0.923553
21900.90039 0.9231
21911.00000 0.922346
21921.09961 0.921461
21931.19922 0.921015
21941.30078 0.920183
21951.40039 0.919472
21961.50000 0.919053
21971.59961 0.918219
21981.69922 0.91779
21991.80078 0.917269
22001.90039 0.916352
22012.09961 0.916007
22022.19922 0.915595
22032.30078 0.91494
22042.40039 0.914835
22052.50000 0.914317
22062.59961 0.913777
22072.69922 0.913694
22082.80078 0.913101
22092.90039 0.912894
22103.00000 0.912767
22113.09961 0.912291
22123.30078 0.912206
22133.40039 0.911969
22143.50000 0.911596
22153.59961 0.911603
22163.69922 0.911383
22173.80078 0.91115
22183.90039 0.911167
22194.00000 0.910932
22204.09961 0.910708
22214.19922 0.910588
22224.30078 0.910376
22234.50000 0.910328
22244.59961 0.910302
22254.69922 0.910047
22264.80078 0.909894
22274.90039 0.909793
22285.00000 0.909477
22295.09961 0.909446
22305.19922 0.909434
22315.30078 0.909151
22325.40039 0.909078
22335.50000 0.908971
22345.59961 0.908697
22355.80078 0.908712
22365.90039 0.908544
22376.00000 0.908414
22386.09961 0.908497
22396.19922 0.908366
22406.30078 0.908269
22416.40039 0.908308
22426.50000 0.908181
22436.59961 0.908349
22446.69922 0.90851
22456.80078 0.908449
22467.00000 0.908646
22477.09961 0.908736
22487.19922 0.908794
22497.30078 0.909006
22507.40039 0.909248
22517.50000 0.90955
22527.59961 0.909921
22537.69922 0.910124
22547.80078 0.910341
22557.90039 0.910756
22568.00000 0.911053
22578.19922 0.911409
22588.30078 0.91179
22598.40039 0.912091
22608.50000 0.912457
22618.59961 0.912672
22628.69922 0.912877
22638.80078 0.913301
22648.90039 0.91347
22659.00000 0.913723
22669.09961 0.914009
22679.19922 0.913951
22689.30078 0.914032
22699.50000 0.91417
22709.59961 0.913999
22719.69922 0.914065
22729.80078 0.914089
22739.90039 0.913664
22750.00000 0.913522
22760.09961 0.913199
22770.19922 0.912724
22780.30078 0.912593
22790.40039 0.912173
22800.50000 0.911606
22810.69922 0.911236
22820.80078 0.910616
22830.90039 0.909931
22841.00000 0.90951
22851.09961 0.909029
22861.19922 0.908422
22871.30078 0.90797
22881.40039 0.907368
22891.50000 0.90679
22901.59961 0.906417
22911.69922 0.905996
22921.80078 0.905613
22932.00000 0.905485
22942.09961 0.905153
22952.19922 0.904926
22962.30078 0.905008
22972.40039 0.904844
22982.50000 0.905005
22992.59961 0.905445
23002.69922 0.905499
23012.80078 0.90581
23022.90039 0.906439
23033.00000 0.906498
23043.19922 0.907125
23053.30078 0.908128
23063.40039 0.908425
23073.50000 0.909275
23083.59961 0.910264
23093.69922 0.910499
23103.80078 0.911239
23113.90039 0.912355
23124.00000 0.912611
23134.09961 0.913203
23144.19922 0.914025
23154.40039 0.913864
23164.50000 0.91387
23174.59961 0.914024
23184.69922 0.913199
23194.80078 0.91246
23204.90039 0.911622
23215.00000 0.909507
23225.09961 0.907122
23235.19922 0.904328
23245.30078 0.900023
23255.40039 0.895014
23265.50000 0.889252
23275.69922 0.881573
23285.80078 0.872337
23295.90039 0.862121
23306.00000 0.848497
23316.09961 0.832516
23326.19922 0.815643
23336.30078 0.794157
23346.40039 0.77127
23356.50000 0.745124
23366.59961 0.715496
23376.69922 0.682582
23386.90039 0.646965
23397.00000 0.610673
23407.09961 0.570766
23417.19922 0.531527
23427.30078 0.490678
23437.40039 0.44894
23447.50000 0.408161
23457.59961 0.369275
23467.69922 0.332312
23477.80078 0.297175
23487.90039 0.265568
23498.09961 0.234942
23508.19922 0.207008
23518.30078 0.182073
23528.40039 0.159649
23538.50000 0.140359
23548.59961 0.122723
23558.69922 0.107686
23568.80078 0.0937882
23578.90039 0.0816644
23589.00000 0.0715018
23599.09961 0.0621991
23609.19922 0.0545878
23619.40039 0.0477879
23629.50000 0.0417011
23639.59961 0.0364845
23649.69922 0.0319428
23659.80078 0.0280283
23669.90039 0.024611
23680.00000 0.021663
23690.09961 0.0191202
23700.19922 0.0167904
23710.30078 0.014805
23720.40039 0.0130922
23730.59961 0.0115793
23740.69922 0.0102953
23750.80078 0.00914806
23760.90039 0.00810138
23771.00000 0.00717968
23781.09961 0.00638677
23791.19922 0.00568824
23801.30078 0.00509404
23811.40039 0.00455609
23821.50000 0.00408143
23831.59961 0.00364603
23841.80078 0.00325344
23851.90039 0.00293299
23862.00000 0.00264822
23872.09961 0.00236781
23882.19922 0.00214346
23892.30078 0.0019204
23902.40039 0.00173627
23912.50000 0.00157427
23922.59961 0.00140508
23932.69922 0.00127769
23942.80078 0.00115159
23952.90039 0.00105039
23963.09961 0.000993453
23973.19922 0.000901802
23983.30078 0.000819517
23993.40039 0.000752364
24003.50000 0.000684644
24013.59961 0.00062431
24023.69922 0.00057169
24033.80078 0.000525674
24043.90039 0.000472826
24054.00000 0.000440852
24064.09961 0.000404415
24074.30078 0.000365663
24084.40039 0.000339299
24094.50000 0.000305743
24104.59961 0.00028855
24114.69922 0.000261146
24124.80078 0.0002429
24134.90039 0.000228204
24145.00000 0.000206947
24155.09961 0.000193492
24165.19922 0.000181606
24175.30078 0.000165723
24185.40039 0.00014969
24195.59961 0.000141306
24205.69922 0.000128722
24215.80078 0.000121865
24225.90039 0.000113288
24236.00000 0.000105953
24246.09961 9.85099e-05
24256.19922 9.32092e-05
24266.30078 8.60235e-05
24276.40039 7.98285e-05
24286.50000 7.7219e-05
24296.59961 6.98883e-05
24306.80078 6.9893e-05
24316.90039 6.42018e-05
24327.00000 6.31362e-05
24337.09961 5.44578e-05
24347.19922 5.42794e-05
24357.30078 4.84796e-05
24367.40039 4.33772e-05
24377.50000 4.1906e-05
24387.59961 3.89883e-05
24397.69922 3.56813e-05
24407.80078 3.50983e-05
24418.00000 3.76911e-05
24428.09961 2.98128e-05
24438.19922 2.40231e-05
24448.30078 2.26601e-05
24458.40039 2.69581e-05
24468.50000 2.45461e-05
24478.59961 3.07814e-05
24488.69922 2.02781e-05
24498.80078 1.47253e-05
24508.90039 1.96337e-05
24519.00000 1.30207e-05
24529.09961 1.40017e-05
24539.30078 1.80301e-05
24549.40039 1.45044e-05
24559.50000 1.34793e-05
24569.59961 1.6441e-05
24579.69922 8.3615e-06
24589.80078 1.05109e-05
24599.90039 1.07366e-05
24610.00000 2.2181e-06
24620.09961 1.31102e-05
24630.19922 1.2206e-05
24640.30078 1.45347e-05
24650.50000 1.01928e-05
24660.59961 3.7225e-06
24670.69922 1.40046e-05
24680.80078 4.1071e-06
24690.90039 1.2827e-05
24701.00000 1.49062e-05
24711.09961 4.1723e-06
24721.19922 1.04681e-05
24731.30078 6.841e-07
24741.40039 5.9554e-06
24751.50000 6.0317e-06
24761.69922 9.2064e-06
24771.80078 8.0233e-06
24781.90039 5.3527e-06
24792.00000 6.278e-06
24802.09961 1e-10
24812.19922 2.8956e-06
24822.30078 2.0973e-06
24832.40039 3.1942e-06
24842.50000 9.0637e-06
24852.59961 3.9224e-06
24862.69922 7.3712e-06
24872.80078 1.00865e-05
24883.00000 7.8497e-06
24893.09961 4.726e-06
24903.19922 9.535e-07
24913.30078 1.9357e-06
24923.40039 7.1147e-06
24933.50000 1e-10
24943.59961 1.00677e-05
24953.69922 1e-10
24963.80078 6.781e-06
24973.90039 1.1311e-06
24984.00000 3.9898e-06
24994.19922 5.495e-06
25004.30078 3.5843e-06
25014.40039 1e-10
25024.50000 2.644e-07
25034.59961 1e-10
25044.69922 4.0374e-06
25054.80078 5.3238e-06
25064.90039 5.2912e-06
25075.00000 4.6184e-06
25085.09961 2.4027e-06
25095.19922 1.864e-06
25105.40039 1e-10
25115.50000 8.1855e-06
25125.59961 9.297e-06
25135.69922 7.2564e-06
25145.80078 4.1044e-06
25155.90039 2.3468e-06
25166.00000 1e-10
25176.09961 2.012e-06
25186.19922 6.3435e-06
25196.30078 1e-10
25206.40039 1.65e-08
25216.50000 1.24985e-05
25226.69922 1.5728e-06
25236.80078 1.42119e-05
25246.90039 1.1138e-06
25257.00000 1e-10
25267.09961 1e-10
25277.19922 1e-10
25287.30078 2.2599e-06
25297.40039 1e-10
25307.50000 6.1388e-06
25317.59961 9.4718e-06
25327.69922 5.2071e-06
25337.90039 5.5642e-06
25348.00000 2.6099e-06
25358.09961 1e-10
25368.19922 9.4074e-06
25378.30078 4.7857e-06
25388.40039 3.9594e-06
25398.50000 1e-10
25408.59961 1e-10
25418.69922 1e-10
25428.80078 3.5987e-06
25438.90039 8.21e-07
25449.00000 3.635e-07
25459.19922 1.32381e-05
25469.30078 3.0913e-06
25479.40039 7.1703e-06
25489.50000 1e-10
25499.59961 4.8724e-06
25509.69922 8.8402e-06
25519.80078 3.8926e-06
25529.90039 1e-10
25540.00000 5.9821e-06
25550.09961 7.54e-07
25560.19922 1.12318e-05
25570.40039 1.2879e-06
25580.50000 3.7789e-06
25590.59961 9.9397e-06
25600.69922 1e-10
25610.80078 6.5433e-06
25620.90039 3.2262e-06
25631.00000 1.21903e-05
25641.09961 2.4467e-06
25651.19922 2.3004e-06
25661.30078 6.0453e-06
25671.40039 1.0777e-06
25681.59961 1e-10
25691.69922 1e-10
25701.80078 1.1344e-05
25711.90039 2.2583e-06
25722.00000 1e-10
25732.09961 1e-10
25742.19922 1e-10
25752.30078 1e-10
25762.40039 9.7969e-06
25772.50000 1.35809e-05
25782.59961 4.3496e-06
25792.69922 1e-10
25802.90039 1.993e-06
25813.00000 3.988e-06
25823.09961 1e-10
25833.19922 1e-10
25843.30078 3.7943e-06
25853.40039 1e-10
25863.50000 1e-10
25873.59961 1e-10
25883.69922 1e-10
25893.80078 1.35851e-05
25903.90039 1.47089e-05
25914.09961 9.2231e-06
25924.19922 8.2613e-06
25934.30078 8.685e-07
25944.40039 6.9484e-06
25954.50000 1.72032e-05
25964.59961 5.3246e-06
25974.69922 1e-10
25984.80078 4.3738e-06
25994.90039 1e-10
26005.00000 1.3186e-06
26015.09961 1.4493e-06
26025.30078 1.57748e-05
26035.40039 1e-10
26045.50000 1e-10
26055.59961 4.6703e-06
26065.69922 2.3246e-06
26075.80078 1e-10
26085.90039 5.943e-06
26096.00000 6.8394e-06
26106.09961 1.03366e-05
26116.19922 1e-10
26126.30078 1e-10
26136.40039 1e-10
26146.59961 1.43925e-05
26156.69922 5.2729e-06
26166.80078 1e-10
26176.90039 1.1259e-06
26187.00000 1.56618e-05
26197.09961 5.3208e-06
26207.19922 9.4457e-06
26217.30078 1e-10
26227.40039 1e-10
26237.50000 1e-10
26247.59961 1e-10
26257.80078 1e-10
26267.90039 1e-10
26278.00000 9.567e-06
26288.09961 2.6762e-06
26298.19922 8.9204e-06
26308.30078 4.0186e-06
26318.40039 1e-10
26328.50000 1e-10
26338.59961 1.53265e-05
26348.69922 1e-10
26358.80078 2.7562e-06
26369.00000 1e-10
26379.09961 1e-10
26389.19922 7.613e-06
26399.30078 1.03826e-05
26409.40039 1e-10
26419.50000 1e-10
26429.59961 1e-10
26439.69922 1.66754e-05
26449.80078 1.29163e-05
26459.90039 1e-10
26470.00000 1e-10
26480.09961 1e-10
26490.30078 1e-10
26500.40039 9.0613e-06
26510.50000 5.2336e-06
26520.59961 1e-10
26530.69922 1.00676e-05
26540.80078 1e-10
26550.90039 1e-10
26561.00000 1.29749e-05
26571.09961 1e-10
26581.19922 1e-10
26591.30078 1e-10
26601.50000 1e-10
26611.59961 7.7111e-06
26621.69922 1e-10
26631.80078 1e-10
26641.90039 1e-10
26652.00000 3.12382e-05
26662.09961 2.09111e-05
26672.19922 1.07898e-05
26682.30078 1e-10
26692.40039 6.6912e-06
26702.50000 1.16281e-05
29372.75000 0.0
