threeML/data/optical_filters/LCO/MMIRS-H.ecsv
# %ECSV 0.9
# ---
# datatype:
# - {name: wavelength, unit: Angstrom, datatype: float32}
# - {name: response, datatype: float32}
# meta: !!omap
# - {band_name: H}
# - {group_name: MMIRS}
wavelength response
13150.00000 0.0
13160.00000 0.000171
13170.00000 0.000218
13180.00000 0.000243
13190.00000 0.000263
13200.00000 0.000316
13210.00000 0.000455
13220.00000 0.000632
13230.00000 0.000795
13240.00000 0.000822
13250.00000 0.000745
13260.00000 0.00031
13270.00000 0.000114
13280.00000 2.2e-05
13290.00000 0.0
13300.00000 6.7e-05
13310.00000 0.0
13320.00000 0.0
13330.00000 0.0
13340.00000 2e-05
13350.00000 0.0
13360.00000 0.0
13370.00000 0.0
13380.00000 0.0
13390.00000 0.0
13400.00000 0.0
13410.00000 0.0
13420.00000 0.0
13430.00000 0.000536
13440.00000 0.000541
13450.00000 0.0
13460.00000 0.0
13470.00000 0.0
13480.00000 0.0
13490.00000 0.0
13500.00000 0.000617
13510.00000 0.00049
13520.00000 0.0
13530.00000 0.0
13540.00000 0.0
13550.00000 0.0
13560.00000 0.0
13570.00000 0.0
13580.00000 3.8e-05
13590.00000 4.8e-05
13600.00000 0.000109
13610.00000 0.000161
13620.00000 2e-06
13630.00000 4.4e-05
13640.00000 0.000172
13650.00000 0.000145
13660.00000 4.9e-05
13670.00000 0.000174
13680.00000 9.1e-05
13690.00000 0.0
13700.00000 0.000397
13710.00000 0.000997
13720.00000 8.4e-05
13730.00000 0.0
13740.00000 0.0
13750.00000 0.0
13760.00000 0.000215
13770.00000 0.0
13780.00000 0.000129
13790.00000 0.000457
13800.00000 0.000426
13810.00000 0.000172
13820.00000 0.0
13830.00000 0.0
13840.00000 0.0
13850.00000 0.00027
13860.00000 0.000219
13870.00000 0.000297
13880.00000 0.000229
13890.00000 9.6e-05
13900.00000 0.0
13910.00000 0.0
13920.00000 0.000659
13930.00000 0.000669
13940.00000 0.000591
13950.00000 0.0
13960.00000 0.0
13970.00000 0.0
13980.00000 0.0
13990.00000 0.0
14000.00000 0.000547
14010.00000 0.000623
14020.00000 0.000427
14030.00000 0.0
14040.00000 0.0
14050.00000 7e-06
14060.00000 0.000375
14070.00000 0.000675
14080.00000 2e-05
14090.00000 0.000148
14100.00000 0.000164
14110.00000 0.000102
14120.00000 7.6e-05
14130.00000 0.000168
14140.00000 0.000133
14150.00000 0.000133
14160.00000 7e-05
14170.00000 0.000153
14180.00000 0.000213
14190.00000 0.000109
14200.00000 2.5e-05
14210.00000 0.0
14220.00000 0.0
14230.00000 0.0
14240.00000 0.0
14250.00000 0.000306
14260.00000 0.001115
14270.00000 0.001203
14280.00000 0.000727
14290.00000 0.000137
14300.00000 0.000167
14310.00000 0.000197
14320.00000 0.00026
14330.00000 0.000267
14340.00000 0.000182
14350.00000 0.000159
14360.00000 0.000128
14370.00000 8.6e-05
14380.00000 0.000174
14390.00000 0.000241
14400.00000 0.000551
14410.00000 0.00102
14420.00000 0.001085
14430.00000 0.000788
14440.00000 0.000192
14450.00000 0.00012
14460.00000 0.0
14470.00000 7.7e-05
14480.00000 0.000594
14490.00000 0.000697
14500.00000 0.001414
14510.00000 0.002154
14520.00000 0.002489
14530.00000 0.002838
14540.00000 0.00262
14550.00000 0.002545
14560.00000 0.003032
14570.00000 0.003563
14580.00000 0.00412
14590.00000 0.004808
14600.00000 0.005598
14610.00000 0.006435
14620.00000 0.007604
14630.00000 0.00873
14640.00000 0.009289
14650.00000 0.009716
14660.00000 0.01037
14670.00000 0.010955
14680.00000 0.011432
14690.00000 0.012114
14700.00000 0.012766
14710.00000 0.013327
14720.00000 0.014015
14730.00000 0.01489
14740.00000 0.015815
14750.00000 0.016863
14760.00000 0.018088
14770.00000 0.019528
14780.00000 0.021303
14790.00000 0.023688
14800.00000 0.027078
14810.00000 0.030643
14820.00000 0.034263
14830.00000 0.03831
14840.00000 0.043587
14850.00000 0.050425
14860.00000 0.058786
14870.00000 0.068901
14880.00000 0.081687
14890.00000 0.097489
14900.00000 0.1173
14910.00000 0.14222
14920.00000 0.1726
14930.00000 0.20878
14940.00000 0.2506
14950.00000 0.30006
14960.00000 0.3568
14970.00000 0.41654
14980.00000 0.47588
14990.00000 0.53043
15000.00000 0.57904
15010.00000 0.61776
15020.00000 0.64573
15030.00000 0.6638
15040.00000 0.67427
15050.00000 0.67997
15060.00000 0.68277
15070.00000 0.68484
15080.00000 0.68803
15090.00000 0.69257
15100.00000 0.69944
15110.00000 0.70885
15120.00000 0.72046
15130.00000 0.73444
15140.00000 0.75017
15150.00000 0.76743
15160.00000 0.78592
15170.00000 0.80472
15180.00000 0.82369
15190.00000 0.84197
15200.00000 0.86032
15210.00000 0.87684
15220.00000 0.892
15230.00000 0.90539
15240.00000 0.91677
15250.00000 0.92652
15260.00000 0.93436
15270.00000 0.94069
15280.00000 0.94559
15290.00000 0.94897
15300.00000 0.95202
15310.00000 0.95382
15320.00000 0.95539
15330.00000 0.9565
15340.00000 0.95759
15350.00000 0.95837
15360.00000 0.95909
15370.00000 0.95989
15380.00000 0.96054
15390.00000 0.96178
15400.00000 0.96261
15410.00000 0.96334
15420.00000 0.96432
15430.00000 0.96494
15440.00000 0.96525
15450.00000 0.96549
15460.00000 0.96562
15470.00000 0.96563
15480.00000 0.96565
15490.00000 0.96499
15500.00000 0.96438
15510.00000 0.9637
15520.00000 0.96298
15530.00000 0.96212
15540.00000 0.96108
15550.00000 0.96031
15560.00000 0.9591
15570.00000 0.9585
15580.00000 0.9575
15590.00000 0.95697
15600.00000 0.95598
15610.00000 0.95521
15620.00000 0.95486
15630.00000 0.95433
15640.00000 0.95419
15650.00000 0.95381
15660.00000 0.95378
15670.00000 0.95371
15680.00000 0.95363
15690.00000 0.95394
15700.00000 0.95411
15710.00000 0.95429
15720.00000 0.95465
15730.00000 0.955
15740.00000 0.95531
15750.00000 0.95584
15760.00000 0.95648
15770.00000 0.95672
15780.00000 0.95726
15790.00000 0.95755
15800.00000 0.95793
15810.00000 0.95836
15820.00000 0.95873
15830.00000 0.95927
15840.00000 0.95958
15850.00000 0.95978
15860.00000 0.96008
15870.00000 0.96025
15880.00000 0.96049
15890.00000 0.96077
15900.00000 0.96085
15910.00000 0.9611
15920.00000 0.96102
15930.00000 0.96142
15940.00000 0.96178
15950.00000 0.96198
15960.00000 0.96206
15970.00000 0.96212
15980.00000 0.96217
15990.00000 0.96246
16000.00000 0.96255
16010.00000 0.96282
16020.00000 0.96298
16030.00000 0.96318
16040.00000 0.96359
16050.00000 0.9639
16060.00000 0.96395
16070.00000 0.96404
16080.00000 0.96409
16090.00000 0.96415
16100.00000 0.96425
16110.00000 0.96416
16120.00000 0.9642
16130.00000 0.96415
16140.00000 0.96402
16150.00000 0.96372
16160.00000 0.96351
16170.00000 0.96341
16180.00000 0.96314
16190.00000 0.96285
16200.00000 0.96252
16210.00000 0.96207
16220.00000 0.96176
16230.00000 0.96162
16240.00000 0.96152
16250.00000 0.96145
16260.00000 0.96139
16270.00000 0.96141
16280.00000 0.96151
16290.00000 0.96162
16300.00000 0.96185
16310.00000 0.96207
16320.00000 0.96234
16330.00000 0.9625
16340.00000 0.96287
16350.00000 0.96341
16360.00000 0.96389
16370.00000 0.96427
16380.00000 0.96455
16390.00000 0.96483
16400.00000 0.96521
16410.00000 0.96556
16420.00000 0.9658
16430.00000 0.96603
16440.00000 0.96608
16450.00000 0.96624
16460.00000 0.96638
16470.00000 0.9663
16480.00000 0.96635
16490.00000 0.96639
16500.00000 0.96639
16510.00000 0.96629
16520.00000 0.96614
16530.00000 0.96603
16540.00000 0.96595
16550.00000 0.96581
16560.00000 0.96584
16570.00000 0.96597
16580.00000 0.96594
16590.00000 0.96602
16600.00000 0.9661
16610.00000 0.96612
16620.00000 0.9662
16630.00000 0.96629
16640.00000 0.96632
16650.00000 0.96632
16660.00000 0.9664
16670.00000 0.96626
16680.00000 0.96599
16690.00000 0.9657
16700.00000 0.96538
16710.00000 0.96494
16720.00000 0.96453
16730.00000 0.96388
16740.00000 0.963
16750.00000 0.96211
16760.00000 0.96113
16770.00000 0.95997
16780.00000 0.95889
16790.00000 0.95774
16800.00000 0.95659
16810.00000 0.95543
16820.00000 0.95412
16830.00000 0.95319
16840.00000 0.95192
16850.00000 0.95087
16860.00000 0.94993
16870.00000 0.94909
16880.00000 0.94856
16890.00000 0.948
16900.00000 0.94794
16910.00000 0.94781
16920.00000 0.94818
16930.00000 0.94869
16940.00000 0.9491
16950.00000 0.94987
16960.00000 0.95082
16970.00000 0.95187
16980.00000 0.95311
16990.00000 0.95454
17000.00000 0.95587
17010.00000 0.95727
17020.00000 0.95858
17030.00000 0.9598
17040.00000 0.9612
17050.00000 0.96229
17060.00000 0.96306
17070.00000 0.96378
17080.00000 0.96445
17090.00000 0.96492
17100.00000 0.96517
17110.00000 0.96514
17120.00000 0.96513
17130.00000 0.96459
17140.00000 0.9639
17150.00000 0.963
17160.00000 0.96209
17170.00000 0.96097
17180.00000 0.95992
17190.00000 0.95874
17200.00000 0.95779
17210.00000 0.95665
17220.00000 0.956
17230.00000 0.95512
17240.00000 0.954
17250.00000 0.95359
17260.00000 0.95328
17270.00000 0.95298
17280.00000 0.95307
17290.00000 0.95331
17300.00000 0.95361
17310.00000 0.95427
17320.00000 0.95517
17330.00000 0.95627
17340.00000 0.9574
17350.00000 0.95868
17360.00000 0.9598
17370.00000 0.96099
17380.00000 0.96234
17390.00000 0.96344
17400.00000 0.96427
17410.00000 0.96493
17420.00000 0.96534
17430.00000 0.96566
17440.00000 0.96509
17450.00000 0.96431
17460.00000 0.96343
17470.00000 0.96165
17480.00000 0.95948
17490.00000 0.95693
17500.00000 0.95403
17510.00000 0.95079
17520.00000 0.94714
17530.00000 0.94333
17540.00000 0.93901
17550.00000 0.93497
17560.00000 0.93075
17570.00000 0.92665
17580.00000 0.92234
17590.00000 0.9183
17600.00000 0.91459
17610.00000 0.91124
17620.00000 0.9084
17630.00000 0.90591
17640.00000 0.90398
17650.00000 0.90247
17660.00000 0.90151
17670.00000 0.90075
17680.00000 0.90041
17690.00000 0.90017
17700.00000 0.8996
17710.00000 0.89835
17720.00000 0.89589
17730.00000 0.89196
17740.00000 0.88564
17750.00000 0.87573
17760.00000 0.86199
17770.00000 0.8441
17780.00000 0.82088
17790.00000 0.79092
17800.00000 0.75677
17810.00000 0.71733
17820.00000 0.67335
17830.00000 0.62645
17840.00000 0.57509
17850.00000 0.52491
17860.00000 0.475
17870.00000 0.4268
17880.00000 0.38007
17890.00000 0.33716
17900.00000 0.29813
17910.00000 0.26299
17920.00000 0.23132
17930.00000 0.20307
17940.00000 0.17843
17950.00000 0.15685
17960.00000 0.13831
17970.00000 0.12216
17980.00000 0.10779
17990.00000 0.095447
18000.00000 0.084696
18010.00000 0.075379
18020.00000 0.067146
18030.00000 0.059899
18040.00000 0.053773
18050.00000 0.048467
18060.00000 0.043639
18070.00000 0.039445
18080.00000 0.035855
18090.00000 0.032942
18100.00000 0.030437
18110.00000 0.027624
18120.00000 0.02506
18130.00000 0.023043
18140.00000 0.021338
18150.00000 0.020137
18160.00000 0.018945
18170.00000 0.017394
18180.00000 0.015918
18190.00000 0.014795
18200.00000 0.013843
18210.00000 0.012968
18220.00000 0.012178
18230.00000 0.011497
18240.00000 0.010839
18250.00000 0.010292
18260.00000 0.010059
18270.00000 0.009467
18280.00000 0.008756
18290.00000 0.008259
18300.00000 0.007703
18310.00000 0.007188
18320.00000 0.006984
18330.00000 0.006962
18340.00000 0.006289
18350.00000 0.005629
18360.00000 0.005279
18370.00000 0.005031
18380.00000 0.005164
18390.00000 0.004967
18400.00000 0.004296
18410.00000 0.003801
18420.00000 0.003967
18430.00000 0.003968
18440.00000 0.003213
18450.00000 0.002752
18460.00000 0.002513
18470.00000 0.00222
18480.00000 0.001937
18490.00000 0.001734
18500.00000 0.001581
18510.00000 0.001145
18520.00000 0.000461
18530.00000 0.00072
18540.00000 0.001272
18550.00000 0.001361
18560.00000 0.001284
18570.00000 0.001314
18580.00000 0.001169
18590.00000 0.001135
18600.00000 0.001079
18610.00000 0.000945
18620.00000 0.000435
18630.00000 0.000376
18640.00000 0.000421
18650.00000 0.000451
18660.00000 0.000444
18670.00000 0.000459
18680.00000 0.00047
18690.00000 0.000485
18700.00000 0.000545
18710.00000 0.000519
18720.00000 0.000536
18730.00000 0.000463
18740.00000 0.00021
18750.00000 0.000166
18760.00000 9.9e-05
18770.00000 4.6e-05
18780.00000 0.0
18790.00000 0.0
18800.00000 0.000157
18810.00000 0.000489
18820.00000 8.3e-05
18830.00000 2.8e-05
18840.00000 0.0
18850.00000 0.0
18860.00000 0.000189
18870.00000 0.000456
18880.00000 3e-05
18890.00000 0.0
18900.00000 1.1e-05
18910.00000 0.000446
18920.00000 0.0
18930.00000 0.0
18940.00000 0.0
18950.00000 0.0
18960.00000 0.0
18970.00000 0.0
18980.00000 0.0
18990.00000 0.000239
19000.00000 0.00026
20900.00000 0.0
