threeML/data/optical_filters/LCO/MMIRS-Hk3.ecsv
# %ECSV 0.9
# ---
# datatype:
# - {name: wavelength, unit: Angstrom, datatype: float32}
# - {name: response, datatype: float32}
# meta: !!omap
# - {band_name: Hk3}
# - {group_name: MMIRS}
wavelength response
4289.75977 0.0
4766.39990 4.066e-07
4776.50000 5.33e-08
4786.70020 2.348e-07
4796.79980 1.5019e-06
4806.89990 1.94e-08
4817.00000 1e-10
4827.10010 3.9e-09
4837.20020 1e-10
4847.29980 4.357e-07
4857.39990 1e-10
4867.50000 6.979e-07
4877.60010 8.1e-08
4887.79980 1e-10
4897.89990 1e-10
4908.00000 4.774e-07
4918.10010 1.024e-07
4928.20020 1.944e-07
4938.29980 1e-10
4948.39990 2.727e-07
4958.50000 1e-10
4968.60010 1e-10
4978.70020 3.13e-07
4988.79980 1e-10
4998.89990 1e-10
5009.10010 1e-10
5019.20020 5.308e-07
5029.29980 1e-10
5039.39990 5.972e-07
5049.50000 1e-10
5059.60010 1e-10
5069.70020 5.249e-07
5079.79980 1e-10
5089.89990 1e-10
5100.00000 1.296e-07
5110.10010 1e-10
5120.20020 7.982e-07
5130.39990 1e-10
5140.50000 6.309e-07
5150.60010 1e-10
5160.70020 1e-10
5170.79980 1e-10
5180.89990 6.002e-07
5191.00000 7.326e-07
5201.10010 7.186e-07
5211.20020 1e-10
5221.29980 7.403e-07
5231.39990 1e-10
5241.60010 1e-10
5251.70020 9.24e-08
5261.79980 3.007e-07
5271.89990 3.48e-07
5282.00000 3.281e-07
5292.10010 6.02e-07
5302.20020 1e-10
5312.29980 9.47e-08
5322.39990 1.3672e-06
5332.50000 3.66e-07
5342.60010 3.071e-07
5352.79980 6.092e-07
5362.89990 1e-10
5373.00000 1e-10
5383.10010 2.827e-07
5393.20020 1e-10
5403.29980 6.712e-07
5413.39990 9.74e-08
5423.50000 1e-10
5433.60010 1e-10
5443.70020 1.561e-07
5453.79980 1e-10
5463.89990 1.5692e-06
5474.10010 6.591e-07
5484.20020 4.787e-07
5494.29980 1e-10
5504.39990 1e-10
5514.50000 2.36e-07
5524.60010 1e-10
5534.70020 3.575e-07
5544.79980 1e-10
5554.89990 1e-10
5565.00000 6.108e-07
5575.10010 1e-10
5585.29980 1e-10
5595.39990 4.645e-07
5605.50000 1e-10
5615.60010 1e-10
5625.70020 5.836e-07
5635.79980 6.376e-07
5645.89990 1e-10
5656.00000 1e-10
5666.10010 8.92e-08
5676.20020 2.175e-07
5686.39990 1.265e-07
5696.39990 1.938e-07
5706.60010 1e-10
5716.70020 2.437e-07
5726.79980 1e-10
5736.89990 2.273e-07
5747.00000 1e-10
5757.10010 3.569e-07
5767.20020 1.544e-07
5777.29980 1e-10
5787.39990 1e-10
5797.50000 7.111e-07
5807.60010 1e-10
5817.79980 1e-10
5827.89990 1e-10
5838.00000 6.35e-08
5848.10010 2.426e-07
5858.20020 3.705e-07
5868.29980 1.689e-07
5878.39990 1e-10
5888.50000 1e-10
5898.60010 9.919e-07
5908.70020 1e-10
5918.89990 7.31e-07
5929.00000 2.429e-07
5939.10010 9.87e-08
5949.20020 7.718e-07
5959.29980 1.822e-07
5969.39990 6.491e-07
5979.50000 8.15e-08
5989.60010 4.93e-07
5999.70020 1.958e-07
6009.79980 4.599e-07
6019.89990 1e-10
6030.00000 2.75e-07
6040.10010 2.515e-07
6050.29980 1.0373e-06
6060.39990 9.043e-07
6070.50000 1e-10
6080.60010 6.708e-07
6090.70020 4.81e-08
6100.79980 6.13e-08
6110.89990 1e-10
6121.00000 9.792e-07
6131.10010 1e-10
6141.20020 1.0905e-06
6151.39990 1e-10
6161.50000 1e-10
6171.60010 4.796e-07
6181.70020 7.42e-07
6191.79980 2.302e-07
6201.89990 6.396e-07
6212.00000 1e-10
6222.10010 5.182e-07
6232.20020 1e-10
6242.29980 6.582e-07
6252.39990 1e-10
6262.60010 1.122e-07
6272.70020 3.288e-07
6282.79980 2.493e-07
6292.89990 5.2e-09
6303.00000 2.231e-07
6313.10010 3.759e-07
6323.20020 1e-10
6333.29980 1e-10
6343.39990 2.593e-07
6353.50000 1.013e-07
6363.60010 4.608e-07
6373.70020 1e-10
6383.89990 3.457e-07
6394.00000 1e-10
6404.10010 7.924e-07
6414.20020 1.385e-07
6424.29980 1e-10
6434.39990 7.529e-07
6444.50000 1e-10
6454.60010 5.833e-07
6464.70020 4.878e-07
6474.79980 1e-10
6484.89990 2.161e-07
6495.10010 4.734e-07
6505.20020 1e-10
6515.29980 1e-10
6525.39990 1e-10
6535.50000 1e-10
6545.60010 1.0205e-06
6555.70020 2.156e-07
6565.79980 3.42e-07
6575.89990 1e-10
6586.00000 1e-10
6596.10010 5.338e-07
6606.20020 1e-10
6616.39990 2.226e-07
6626.50000 1e-10
6636.60010 1.648e-07
6646.70020 3.635e-07
6656.79980 3.329e-07
6666.89990 1.489e-07
6677.00000 1e-10
6687.10010 6.282e-07
6697.20020 5.059e-07
6707.29980 1.2421e-06
6717.39990 4.989e-07
6727.60010 1e-10
6737.70020 3.22e-07
6747.79980 1e-10
6757.89990 1e-10
6768.00000 1e-10
6778.10010 1.6012e-06
6788.20020 1e-10
6798.29980 5.648e-07
6808.39990 1e-10
6818.50000 1e-10
6828.60010 3.522e-07
6838.79980 1e-10
6848.89990 1e-10
6859.00000 3.507e-07
6869.10010 1e-10
6879.20020 1.8624e-06
6889.29980 1.6765e-06
6899.39990 1.3427e-06
6909.50000 4.03e-08
6919.60010 1e-10
6929.70020 2.78e-07
6939.79980 1e-10
6949.89990 1e-10
6960.10010 1e-10
6970.20020 1.507e-07
6980.29980 1.59e-07
6990.39990 1.4891e-06
7000.50000 3.1881e-06
7010.60010 1e-10
7020.70020 1e-10
7030.79980 1.4137e-06
7040.89990 1e-10
7051.00000 1e-10
7061.10010 1e-10
7071.20020 9.516e-07
7081.39990 1.9291e-06
7091.50000 1e-10
7101.60010 1e-10
7111.70020 1e-10
7121.79980 1e-10
7131.89990 4.4867e-06
7142.00000 1e-10
7152.10010 2.1414e-06
7162.20020 2.037e-06
7172.29980 1e-10
7182.39990 1e-10
7192.60010 2.2644e-06
7202.70020 1e-10
7212.79980 1e-10
7222.89990 1e-10
7233.00000 1e-10
7243.10010 1e-10
7253.20020 2.761e-07
7263.29980 1e-10
7273.39990 2.5585e-06
7283.50000 1e-10
7293.60010 5.2494e-06
7303.79980 7.881e-06
7313.89990 8.818e-07
7324.00000 1e-10
7334.10010 1.7481e-06
7344.20020 1.2648e-06
7354.29980 1e-10
7364.39990 1e-10
7374.50000 1e-10
7384.60010 1e-10
7394.70020 8.653e-07
7404.79980 4.35e-07
7414.89990 1e-10
7425.10010 4.7417e-06
7435.20020 7.6745e-06
7445.29980 3.9992e-06
7455.39990 1e-10
7465.50000 2.9799e-06
7475.60010 1e-10
7485.70020 1e-10
7495.79980 1e-10
7505.89990 4.8506e-06
7516.00000 8.8486e-06
7526.10010 1e-10
7536.29980 5.4369e-06
7546.39990 1e-10
7556.50000 1.8224e-06
7566.60010 3.8221e-06
7576.70020 1.7256e-06
7586.79980 1e-10
7596.89990 8.8169e-06
7607.00000 1e-10
7617.10010 1e-10
7627.20020 5.7731e-06
7637.29980 1e-10
7647.39990 1e-10
7657.60010 4.1849e-06
7667.70020 6.0806e-06
7677.79980 8.3228e-06
7687.89990 1e-10
7698.00000 1e-10
7708.10010 1e-10
7718.20020 1e-10
7728.29980 5.6403e-06
7738.39990 1e-10
7748.50000 1e-10
7758.60010 1e-10
7768.79980 2.503e-07
7778.89990 1e-10
7789.00000 1e-10
7799.10010 5.3875e-06
7809.20020 1e-10
7819.29980 1e-10
7829.39990 1e-10
7839.50000 1e-10
7849.60010 1e-10
7859.70020 3.7318e-06
7869.89990 8.2863e-06
7880.00000 1.51906e-05
7890.10010 9.7884e-06
7900.20020 1e-10
7910.29980 1.5609e-06
7920.39990 1e-10
7930.50000 2.071e-07
7940.60010 1e-10
7950.70020 2.0321e-06
7960.79980 2.6655e-06
7970.89990 1e-10
7981.00000 1e-10
7991.10010 1e-10
8001.29980 1e-10
8011.39990 1e-10
8021.50000 2.5867e-06
8031.60010 1.10444e-05
8041.70020 1e-10
8051.79980 1.23051e-05
8061.89990 1.68114e-05
8072.00000 1.95059e-05
8082.10010 1e-10
8092.20020 1e-10
8102.39990 1.86473e-05
8112.50000 1.41777e-05
8122.60010 1.698e-06
8132.70020 1e-10
8142.79980 4.11925e-05
8152.89990 1e-10
8163.00000 6.488e-06
8173.10010 1.42921e-05
8183.20020 3.40832e-05
8193.29980 1e-10
8203.40039 3.04093e-05
8213.50000 1e-10
8223.59961 1e-10
8233.79980 1e-10
8243.90039 1e-10
8254.00000 2.1958e-06
8264.09961 4.01088e-05
8274.20020 1.7946e-06
8284.29980 1e-10
8294.40039 1.12364e-05
8304.50000 1e-10
8314.59961 1e-10
8324.70020 1e-10
8334.90039 2.0824e-06
8345.00000 1e-10
8355.09961 6.8799e-06
8365.20020 2.5129e-06
8375.29980 7.0261e-06
8385.40039 1e-10
8395.50000 1e-10
8405.59961 1e-10
8415.70020 1e-10
8425.79980 1e-10
8435.90039 5.9097e-06
8446.00000 1e-10
8456.20020 1.5823e-06
8466.29980 6.5044e-06
8476.40039 3.6501e-06
8486.50000 9.9234e-06
8496.59961 9.926e-07
8506.70020 1e-10
8516.79980 9.601e-07
8526.90039 5.672e-07
8537.00000 5.9379e-06
8547.09961 1e-10
8557.20020 1e-10
8567.40039 6.9995e-06
8577.50000 1e-10
8587.59961 1e-10
8597.70020 1e-10
8607.79980 9.803e-07
8617.90039 2.4405e-06
8628.00000 5.5324e-06
8638.09961 3.8018e-06
8648.20020 9.078e-07
8658.29980 1e-10
8668.40039 3.8918e-06
8678.50000 3.7198e-06
8688.70020 3.282e-07
8698.79980 2.3544e-06
8708.90039 4.9003e-06
8719.00000 1e-10
8729.09961 1.3934e-06
8739.20020 3.9757e-06
8749.29980 1e-10
8759.40039 1e-10
8769.50000 1e-10
8779.59961 1.5157e-06
8789.79980 1e-10
8799.90039 2.4027e-06
8810.00000 6.36e-07
8820.09961 3.1596e-06
8830.20020 1.1352e-06
8840.29980 1e-10
8850.40039 1.5862e-06
8860.50000 1e-10
8870.59961 1e-10
8880.70020 1.1609e-06
8890.79980 1e-10
8900.90039 1.126e-06
8911.00000 1e-10
8921.20020 1e-10
8931.29980 1e-10
8941.40039 2.6039e-06
8951.50000 1e-10
8961.59961 2.7283e-06
8971.70020 1e-10
8981.79980 1e-10
8991.90039 1e-10
9002.00000 2.181e-07
9012.09961 9.72e-08
9022.20020 8.547e-07
9032.40039 9.633e-07
9042.50000 1e-10
9052.59961 3.737e-07
9062.70020 1.4299e-06
9072.79980 1e-10
9082.90039 1e-10
9093.00000 1e-10
9103.09961 1e-10
9113.20020 6.418e-07
9123.29980 5.73e-07
9133.50000 1e-10
9143.59961 1e-10
9153.70020 1e-10
9163.79980 1e-10
9173.90039 1e-10
9184.00000 1.3819e-06
9194.09961 1.3313e-06
9204.20020 1.3543e-06
9214.29980 1e-10
9224.40039 1.255e-06
9234.50000 1.401e-07
9244.59961 1e-10
9254.79980 1e-10
9264.90039 1e-10
9275.00000 1e-10
9285.09961 1.1525e-06
9295.20020 1e-10
9305.29980 8.441e-07
9315.40039 6.683e-07
9325.50000 1.1887e-06
9335.59961 5.931e-07
9345.70020 1e-10
9355.79980 9.06e-07
9366.00000 1e-10
9376.09961 1e-10
9386.20020 4.654e-07
9396.29980 2.344e-07
9406.40039 1e-10
9416.50000 1e-10
9426.59961 1e-10
9436.70020 1.042e-06
9446.79980 1.1931e-06
9456.90039 1e-10
9467.00000 3.772e-07
9477.09961 4.39e-07
9487.20020 1e-10
9497.40039 5.938e-07
9507.50000 1e-10
9517.59961 1.7802e-06
9527.70020 1e-10
9537.79980 1.2447e-06
9547.90039 1e-10
9558.00000 3.869e-07
9568.09961 1.4685e-06
9578.20020 1.2132e-06
9588.29980 1.7895e-06
9598.50000 1e-10
9608.59961 1e-10
9618.70020 3.316e-07
9628.79980 2.154e-07
9638.90039 1e-10
9649.00000 5.72e-07
9659.09961 1e-10
9669.20020 7.926e-07
9679.29980 1.118e-06
9689.40039 4.092e-07
9699.50000 1.37e-08
9709.59961 9.16e-07
9719.79980 4.97e-07
9729.90039 1.2286e-06
9740.00000 1e-10
9750.09961 2.355e-07
9760.20020 1e-10
9770.29980 1.1629e-06
9780.40039 1e-10
9790.50000 6.386e-07
9800.59961 9.987e-07
9810.70020 5.345e-07
9820.79980 1e-10
9831.00000 1e-10
9841.09961 8.288e-07
9851.20020 1e-10
9861.29980 1e-10
9871.40039 1.9939e-06
9881.50000 1e-10
9891.59961 1e-10
9901.70020 1e-10
9911.79980 1e-10
9921.90039 3.232e-07
9932.00000 1e-10
9942.09961 5.842e-07
9952.29980 1e-10
9962.40039 1e-10
9972.50000 1e-10
9982.59961 3.631e-07
9992.70020 4.779e-07
10002.79980 1e-10
10012.90039 1e-10
10023.00000 8.702e-07
10033.09961 1e-10
10043.20020 8.71e-07
10053.29980 1e-10
10063.50000 2.53e-08
10073.59961 1.3251e-06
10083.70020 6.485e-07
10093.79980 1.1224e-06
10103.90039 4.391e-07
10114.00000 1e-10
10124.09961 1e-10
10134.20020 3.898e-07
10144.29980 2.014e-07
10154.40039 1e-10
10164.50000 1e-10
10174.70020 1.945e-07
10184.79980 5.689e-07
10194.90039 1.619e-06
10205.00000 3.223e-07
10215.09961 6.082e-07
10225.20020 1.25e-08
10235.29980 1e-10
10245.40039 1.2578e-06
10255.50000 5.898e-07
10265.59961 1e-10
10275.70020 1e-10
10285.79980 1.7527e-06
10296.00000 6.1e-09
10306.09961 1e-10
10316.20020 1e-10
10326.29980 2.372e-07
10336.40039 9.204e-07
10346.50000 8.508e-07
10356.59961 1e-10
10366.70020 1e-10
10376.79980 1e-10
10386.90039 1e-10
10397.00000 1.7205e-06
10407.20020 1e-10
10417.29980 3.546e-07
10427.40039 5.462e-07
10437.50000 1.0657e-06
10447.59961 1e-10
10457.70020 1.2335e-06
10467.79980 1.1179e-06
10477.90039 3.71e-07
10488.00000 1e-10
10498.09961 1e-10
10508.20020 1e-10
10518.40039 1e-10
10528.50000 1.193e-07
10538.59961 1.3941e-06
10548.70020 1e-10
10558.79980 8.47e-08
10568.90039 2.46e-08
10579.00000 1e-10
10589.09961 1.811e-07
10599.20020 2.2221e-06
10609.29980 1.0885e-06
10619.40039 1.07e-07
10629.50000 1e-10
10639.70020 6.437e-07
10649.79980 1e-10
10659.90039 1.2235e-06
10670.00000 1.055e-07
10680.09961 3.074e-07
10690.20020 4.107e-07
10700.29980 5.4e-07
10710.40039 8.11e-07
10720.50000 2.363e-07
10730.59961 1e-10
10740.70020 1.0255e-06
10750.90039 1e-10
10761.00000 1e-10
10771.09961 4.935e-07
10781.20020 1e-10
10791.29980 5.45e-08
10801.40039 9.28e-08
10811.50000 1.7503e-06
10821.59961 2.2453e-06
10831.70020 9.397e-07
10841.79980 1.0955e-06
10851.90039 6.684e-07
10862.09961 1.0896e-06
10872.20020 1e-10
10882.29980 1.611e-07
10892.40039 9.922e-07
10902.50000 4.389e-07
10912.59961 7.831e-07
10922.70020 6.642e-07
10932.79980 6.97e-07
10942.90039 1.0997e-06
10953.00000 1.6829e-06
10963.09961 1.1237e-06
10973.20020 1e-10
10983.40039 1.3353e-06
10993.50000 6.173e-07
11003.59961 1.3334e-06
11013.70020 2.246e-06
11023.79980 1.0069e-06
11033.90039 1.2971e-06
11044.00000 4.978e-07
11054.09961 1.3492e-06
11064.20020 1.4617e-06
11074.29980 1.2475e-06
11084.40039 6.499e-07
11094.59961 1.7554e-06
11104.70020 1.1956e-06
11114.79980 1.4888e-06
11124.90039 1.7914e-06
11135.00000 2.071e-06
11145.09961 2.1067e-06
11155.20020 3.4048e-06
11165.29980 3.3195e-06
11175.40039 2.1604e-06
11185.50000 3.2892e-06
11195.59961 3.3342e-06
11205.79980 3.0346e-06
11215.90039 3.4274e-06
11226.00000 3.6584e-06
11236.09961 3.5462e-06
11246.20020 4.895e-06
11256.29980 4.7595e-06
11266.40039 4.6589e-06
11276.50000 5.6486e-06
11286.59961 4.9013e-06
11296.70020 5.8171e-06
11306.79980 7.3314e-06
11316.90039 6.8912e-06
11327.09961 7.4014e-06
11337.20020 8.357e-06
11347.29980 1.08305e-05
11357.40039 1.02387e-05
11367.50000 1.19713e-05
11377.59961 1.28296e-05
11387.70020 1.58085e-05
11397.79980 1.72441e-05
11407.90039 1.57494e-05
11418.00000 2.0688e-05
11428.09961 2.13532e-05
11438.29980 2.19356e-05
11448.40039 2.57253e-05
11458.50000 3.00113e-05
11468.59961 3.12001e-05
11478.70020 3.50845e-05
11488.79980 3.95006e-05
11498.90039 4.41159e-05
11509.00000 4.76647e-05
11519.09961 5.30901e-05
11529.20020 5.79916e-05
11539.29980 6.40264e-05
11549.40039 6.97275e-05
11559.59961 7.7764e-05
11569.70020 8.63609e-05
11579.79980 9.41951e-05
11589.90039 0.000103928
11600.00000 0.000113395
11610.09961 0.000123151
11620.20020 0.000136671
11630.29980 0.000150906
11640.40039 0.000164639
11650.50000 0.000179986
11660.59961 0.000198192
11670.79980 0.000215137
11680.90039 0.000236456
11691.00000 0.000258354
11701.09961 0.000283085
11711.20020 0.000308115
11721.29980 0.000337347
11731.40039 0.000369108
11741.50000 0.000401926
11751.59961 0.000438048
11761.70020 0.000478455
11771.79980 0.000523909
11782.00000 0.000574563
11792.09961 0.000624254
11802.20020 0.000680348
11812.29980 0.000743034
11822.40039 0.000810578
11832.50000 0.000896132
11842.59961 0.000983004
11852.70020 0.00104596
11862.79980 0.00119007
11872.90039 0.00129304
11883.00000 0.00140289
11893.09961 0.00153502
11903.29980 0.00168573
11913.40039 0.00186481
11923.50000 0.00202759
11933.59961 0.00223465
11943.70020 0.00246861
11953.79980 0.00269988
11963.90039 0.00294668
11974.00000 0.00325512
11984.09961 0.00360022
11994.20020 0.00396939
12004.29980 0.00432581
12014.50000 0.00479621
12024.59961 0.00526709
12034.70020 0.00580476
12044.79980 0.00640037
12054.90039 0.00705182
12065.00000 0.0077754
12075.09961 0.00852918
12085.20020 0.00940914
12095.29980 0.0103323
12105.40039 0.0113685
12115.50000 0.012558
12125.70020 0.013844
12135.79980 0.0152281
12145.90039 0.0166995
12156.00000 0.0183907
12166.09961 0.0201618
12176.20020 0.0222079
12186.29980 0.024474
12196.40039 0.0267818
12206.50000 0.0294677
12216.59961 0.0323385
12226.70020 0.0354391
12236.79980 0.0389189
12247.00000 0.0427208
12257.09961 0.0469344
12267.20020 0.0513697
12277.29980 0.0563643
12287.40039 0.0617327
12297.50000 0.0675557
12307.59961 0.0741561
12317.70020 0.0813589
12327.79980 0.0890111
12337.90039 0.0973934
12348.00000 0.106676
12358.20020 0.11641
12368.29980 0.12755
12378.40039 0.139927
12388.50000 0.152715
12398.59961 0.167344
12408.70020 0.182696
12418.79980 0.19953
12428.90039 0.217725
12439.00000 0.237959
12449.09961 0.260319
12459.20020 0.282449
12469.40039 0.308293
12479.50000 0.334561
12489.59961 0.362357
12499.70020 0.393134
12509.79980 0.425013
12519.90039 0.457711
12530.00000 0.491139
12540.09961 0.525719
12550.20020 0.558858
12560.29980 0.593367
12570.40039 0.627318
12580.50000 0.659053
12590.70020 0.688885
12600.79980 0.716071
12610.90039 0.741483
12621.00000 0.762847
12631.09961 0.782704
12641.20020 0.799392
12651.29980 0.812256
12661.40039 0.82336
12671.50000 0.831803
12681.59961 0.838399
12691.70020 0.843587
12701.90039 0.84742
12712.00000 0.850185
12722.09961 0.852294
12732.20020 0.854137
12742.29980 0.855838
12752.40039 0.857415
