threeML/data/optical_filters/LCO/MMIRS-K.ecsv
# %ECSV 0.9
# ---
# datatype:
# - {name: wavelength, unit: Angstrom, datatype: float32}
# - {name: response, datatype: float32}
# meta: !!omap
# - {band_name: K}
# - {group_name: MMIRS}
wavelength response
18000.00000 0.0
18010.00000 0.00025
18020.00000 0.000258
18030.00000 0.000269
18040.00000 0.000342
18050.00000 0.000552
18060.00000 0.0007
18070.00000 0.00026
18080.00000 0.0
18090.00000 0.0
18100.00000 0.0
18110.00000 0.0
18120.00000 6e-05
18130.00000 9.2e-05
18140.00000 0.000183
18150.00000 0.000394
18160.00000 0.000386
18170.00000 0.0
18180.00000 0.0
18190.00000 0.0
18200.00000 3e-06
18210.00000 0.000868
18220.00000 0.000979
18230.00000 0.00078
18240.00000 0.000225
18250.00000 0.0
18260.00000 0.0
18270.00000 0.0
18280.00000 0.000151
18290.00000 0.000246
18300.00000 0.000306
18310.00000 0.000363
18320.00000 0.000429
18330.00000 0.000146
18340.00000 0.0
18350.00000 0.0
18360.00000 9.4e-05
18370.00000 0.0
18380.00000 0.0
18390.00000 0.0
18400.00000 0.000338
18410.00000 0.002096
18420.00000 0.002452
18430.00000 0.001077
18440.00000 0.0
18450.00000 0.0
18460.00000 0.0
18470.00000 0.0
18480.00000 0.000906
18490.00000 0.001251
18500.00000 0.001023
18510.00000 0.000283
18520.00000 0.0
18530.00000 8.6e-05
18540.00000 0.000369
18550.00000 0.000281
18560.00000 0.0
18570.00000 0.0
18580.00000 0.0
18590.00000 0.0
18600.00000 0.000313
18610.00000 0.000935
18620.00000 0.000967
18630.00000 0.001022
18640.00000 0.00085
18650.00000 0.00046
18660.00000 0.0
18670.00000 0.0
18680.00000 0.0
18690.00000 0.0
18700.00000 0.0
18710.00000 0.0
18720.00000 0.0
18730.00000 5.3e-05
18740.00000 0.000133
18750.00000 0.000337
18760.00000 0.000801
18770.00000 0.001174
18780.00000 0.000944
18790.00000 7e-05
18800.00000 9e-06
18810.00000 0.000117
18820.00000 0.0
18830.00000 0.0
18840.00000 0.000363
18850.00000 0.000307
18860.00000 0.000427
18870.00000 0.0
18880.00000 0.0
18890.00000 0.0
18900.00000 0.00016
18910.00000 0.000435
18920.00000 0.000632
18930.00000 0.000737
18940.00000 0.000872
18950.00000 0.00052
18960.00000 0.0
18970.00000 0.0
18980.00000 0.0
18990.00000 0.000324
19000.00000 0.0007
19010.00000 8.4e-05
19020.00000 0.0
19030.00000 0.0
19040.00000 0.0
19050.00000 0.0
19060.00000 0.000599
19070.00000 0.001259
19080.00000 0.001218
19090.00000 0.000571
19100.00000 0.0
19110.00000 0.0
19120.00000 6.5e-05
19130.00000 0.000581
19140.00000 0.000854
19150.00000 0.000951
19160.00000 0.000635
19170.00000 0.000455
19180.00000 0.000329
19190.00000 0.000459
19200.00000 0.000605
19210.00000 0.000574
19220.00000 0.000968
19230.00000 0.001268
19240.00000 0.000879
19250.00000 0.000495
19260.00000 0.00085
19270.00000 0.001301
19280.00000 0.001616
19290.00000 0.001778
19300.00000 0.001889
19310.00000 0.002127
19320.00000 0.002752
19330.00000 0.002895
19340.00000 0.003059
19350.00000 0.0032
19360.00000 0.003311
19370.00000 0.003319
19380.00000 0.00348
19390.00000 0.004176
19400.00000 0.004624
19410.00000 0.004614
19420.00000 0.004721
19430.00000 0.005165
19440.00000 0.005455
19450.00000 0.005956
19460.00000 0.005961
19470.00000 0.005982
19480.00000 0.006143
19490.00000 0.006856
19500.00000 0.007534
19510.00000 0.007746
19520.00000 0.007843
19530.00000 0.008041
19540.00000 0.008527
19550.00000 0.0094
19560.00000 0.0102
19570.00000 0.010527
19580.00000 0.011256
19590.00000 0.012232
19600.00000 0.012846
19610.00000 0.013847
19620.00000 0.015086
19630.00000 0.015987
19640.00000 0.017277
19650.00000 0.018901
19660.00000 0.020581
19670.00000 0.022642
19680.00000 0.024526
19690.00000 0.026984
19700.00000 0.030094
19710.00000 0.033046
19720.00000 0.036129
19730.00000 0.039634
19740.00000 0.044126
19750.00000 0.049387
19760.00000 0.055192
19770.00000 0.061923
19780.00000 0.069153
19790.00000 0.077294
19800.00000 0.086775
19810.00000 0.097689
19820.00000 0.11008
19830.00000 0.12417
19840.00000 0.13965
19850.00000 0.15686
19860.00000 0.17575
19870.00000 0.197
19880.00000 0.22021
19890.00000 0.24471
19900.00000 0.27055
19910.00000 0.29797
19920.00000 0.32645
19930.00000 0.3549
19940.00000 0.38311
19950.00000 0.41061
19960.00000 0.4368
19970.00000 0.46213
19980.00000 0.48568
19990.00000 0.50699
20000.00000 0.52634
20010.00000 0.5437
20020.00000 0.55916
20030.00000 0.57283
20040.00000 0.5849
20050.00000 0.59567
20060.00000 0.60543
20070.00000 0.61471
20080.00000 0.62336
20090.00000 0.63146
20100.00000 0.63934
20110.00000 0.64711
20120.00000 0.65488
20130.00000 0.66265
20140.00000 0.67046
20150.00000 0.67838
20160.00000 0.68642
20170.00000 0.69435
20180.00000 0.70232
20190.00000 0.71027
20200.00000 0.71809
20210.00000 0.72577
20220.00000 0.73314
20230.00000 0.74017
20240.00000 0.74703
20250.00000 0.7535
20260.00000 0.75944
20270.00000 0.76469
20280.00000 0.76953
20290.00000 0.77383
20300.00000 0.77756
20310.00000 0.7808
20320.00000 0.7836
20330.00000 0.78569
20340.00000 0.7873
20350.00000 0.78846
20360.00000 0.78939
20370.00000 0.79008
20380.00000 0.79032
20390.00000 0.79019
20400.00000 0.79002
20410.00000 0.78962
20420.00000 0.78929
20430.00000 0.789
20440.00000 0.78859
20450.00000 0.78827
20460.00000 0.78784
20470.00000 0.78764
20480.00000 0.78755
20490.00000 0.78762
20500.00000 0.78792
20510.00000 0.78831
20520.00000 0.78872
20530.00000 0.78934
20540.00000 0.79012
20550.00000 0.79105
20560.00000 0.79223
20570.00000 0.79344
20580.00000 0.79465
20590.00000 0.79597
20600.00000 0.79749
20610.00000 0.79899
20620.00000 0.80057
20630.00000 0.80232
20640.00000 0.80381
20650.00000 0.80541
20660.00000 0.80689
20670.00000 0.80851
20680.00000 0.81017
20690.00000 0.81172
20700.00000 0.81297
20710.00000 0.81405
20720.00000 0.81527
20730.00000 0.8162
20740.00000 0.81717
20750.00000 0.8178
20760.00000 0.81854
20770.00000 0.819
20780.00000 0.81927
20790.00000 0.81962
20800.00000 0.8199
20810.00000 0.82016
20820.00000 0.82016
20830.00000 0.82008
20840.00000 0.82006
20850.00000 0.81991
20860.00000 0.81977
20870.00000 0.81952
20880.00000 0.81938
20890.00000 0.81928
20900.00000 0.81903
20910.00000 0.81865
20920.00000 0.81865
20930.00000 0.8185
20940.00000 0.81863
20950.00000 0.81857
20960.00000 0.81852
20970.00000 0.81858
20980.00000 0.81885
20990.00000 0.81911
21000.00000 0.8191
21010.00000 0.81962
21020.00000 0.8201
21030.00000 0.82065
21040.00000 0.82122
21050.00000 0.82172
21060.00000 0.82246
21070.00000 0.82312
21080.00000 0.82404
21090.00000 0.8249
21100.00000 0.82567
21110.00000 0.82648
21120.00000 0.82745
21130.00000 0.82823
21140.00000 0.82912
21150.00000 0.82998
21160.00000 0.83086
21170.00000 0.83184
21180.00000 0.83281
21190.00000 0.83381
21200.00000 0.83457
21210.00000 0.83537
21220.00000 0.83619
21230.00000 0.83687
21240.00000 0.83759
21250.00000 0.83828
21260.00000 0.83878
21270.00000 0.83944
21280.00000 0.83983
21290.00000 0.8401
21300.00000 0.84033
21310.00000 0.84059
21320.00000 0.84067
21330.00000 0.84084
21340.00000 0.84093
21350.00000 0.84095
21360.00000 0.84091
21370.00000 0.84058
21380.00000 0.8403
21390.00000 0.8402
21400.00000 0.84002
21410.00000 0.83969
21420.00000 0.83926
21430.00000 0.83895
21440.00000 0.83855
21450.00000 0.8382
21460.00000 0.83784
21470.00000 0.83751
21480.00000 0.83728
21490.00000 0.83697
21500.00000 0.83676
21510.00000 0.83657
21520.00000 0.83626
21530.00000 0.8358
21540.00000 0.83531
21550.00000 0.83504
21560.00000 0.83504
21570.00000 0.83484
21580.00000 0.8346
21590.00000 0.83439
21600.00000 0.83435
21610.00000 0.83426
21620.00000 0.83424
21630.00000 0.83395
21640.00000 0.8338
21650.00000 0.83391
21660.00000 0.83402
21670.00000 0.83426
21680.00000 0.83435
21690.00000 0.83441
21700.00000 0.83464
21710.00000 0.83463
21720.00000 0.83452
21730.00000 0.83479
21740.00000 0.83508
21750.00000 0.83533
21760.00000 0.83565
21770.00000 0.83593
21780.00000 0.83627
21790.00000 0.8366
21800.00000 0.83702
21810.00000 0.83765
21820.00000 0.83819
21830.00000 0.8386
21840.00000 0.83903
21850.00000 0.83939
21860.00000 0.83975
21870.00000 0.84017
21880.00000 0.84062
21890.00000 0.84103
21900.00000 0.84136
21910.00000 0.84176
21920.00000 0.84218
21930.00000 0.84264
21940.00000 0.84303
21950.00000 0.84333
21960.00000 0.84368
21970.00000 0.84402
21980.00000 0.84435
21990.00000 0.8445
22000.00000 0.84468
22010.00000 0.845
22020.00000 0.84517
22030.00000 0.84534
22040.00000 0.84557
22050.00000 0.84586
22060.00000 0.84627
22070.00000 0.8466
22080.00000 0.84682
22090.00000 0.84701
22100.00000 0.84723
22110.00000 0.84747
22120.00000 0.84781
22130.00000 0.84815
22140.00000 0.8484
22150.00000 0.84863
22160.00000 0.84885
22170.00000 0.84921
22180.00000 0.84957
22190.00000 0.84978
22200.00000 0.85008
22210.00000 0.85038
22220.00000 0.85063
22230.00000 0.85072
22240.00000 0.85096
22250.00000 0.8513
22260.00000 0.85139
22270.00000 0.85148
22280.00000 0.8516
22290.00000 0.85173
22300.00000 0.85192
22310.00000 0.85207
22320.00000 0.85213
22330.00000 0.8523
22340.00000 0.85232
22350.00000 0.85234
22360.00000 0.85238
22370.00000 0.85254
22380.00000 0.85262
22390.00000 0.85278
22400.00000 0.85298
22410.00000 0.85321
22420.00000 0.85322
22430.00000 0.85343
22440.00000 0.85353
22450.00000 0.85373
22460.00000 0.85412
22470.00000 0.85434
22480.00000 0.85446
22490.00000 0.85471
22500.00000 0.85504
22510.00000 0.85514
22520.00000 0.85536
22530.00000 0.85565
22540.00000 0.85613
22550.00000 0.85636
22560.00000 0.85647
22570.00000 0.85685
22580.00000 0.85718
22590.00000 0.85751
22600.00000 0.85769
22610.00000 0.85805
22620.00000 0.8583
22630.00000 0.85862
22640.00000 0.85855
22650.00000 0.85867
22660.00000 0.85892
22670.00000 0.85908
22680.00000 0.85901
22690.00000 0.85912
22700.00000 0.85916
22710.00000 0.85925
22720.00000 0.85889
22730.00000 0.85873
22740.00000 0.85864
22750.00000 0.85825
22760.00000 0.85773
22770.00000 0.85738
22780.00000 0.85697
22790.00000 0.85617
22800.00000 0.85529
22810.00000 0.8544
22820.00000 0.85346
22830.00000 0.85229
22840.00000 0.85094
22850.00000 0.84925
22860.00000 0.8472
22870.00000 0.84525
22880.00000 0.84289
22890.00000 0.84022
22900.00000 0.83691
22910.00000 0.83323
22920.00000 0.82891
22930.00000 0.82439
22940.00000 0.81904
22950.00000 0.81332
22960.00000 0.80698
22970.00000 0.79925
22980.00000 0.79102
22990.00000 0.78218
23000.00000 0.77193
23010.00000 0.76125
23020.00000 0.74948
23030.00000 0.73597
23040.00000 0.72175
23050.00000 0.70664
23060.00000 0.69046
23070.00000 0.67338
23080.00000 0.65459
23090.00000 0.6358
23100.00000 0.61496
23110.00000 0.59406
23120.00000 0.5726
23130.00000 0.55062
23140.00000 0.52839
23150.00000 0.50621
23160.00000 0.48375
23170.00000 0.46044
23180.00000 0.43759
23190.00000 0.41526
23200.00000 0.39313
23210.00000 0.37205
23220.00000 0.35123
23230.00000 0.33139
23240.00000 0.31216
23250.00000 0.2937
23260.00000 0.27616
23270.00000 0.2586
23280.00000 0.24232
23290.00000 0.22689
23300.00000 0.2124
23310.00000 0.1986
23320.00000 0.18556
23330.00000 0.17343
23340.00000 0.1621
23350.00000 0.15162
23360.00000 0.1417
23370.00000 0.13187
23380.00000 0.12309
23390.00000 0.11505
23400.00000 0.10743
23410.00000 0.10046
23420.00000 0.093949
23430.00000 0.087774
23440.00000 0.081528
23450.00000 0.076241
23460.00000 0.07133
23470.00000 0.066814
23480.00000 0.062605
23490.00000 0.058768
23500.00000 0.055286
23510.00000 0.0518
23520.00000 0.048117
23530.00000 0.045186
23540.00000 0.04247
23550.00000 0.039965
23560.00000 0.037658
23570.00000 0.035577
23580.00000 0.033672
23590.00000 0.031623
23600.00000 0.029387
23610.00000 0.027758
23620.00000 0.026238
23630.00000 0.024811
23640.00000 0.023527
23650.00000 0.022427
23660.00000 0.021373
23670.00000 0.020147
23680.00000 0.018688
23690.00000 0.017729
23700.00000 0.016836
23710.00000 0.016039
23720.00000 0.015302
23730.00000 0.014695
23740.00000 0.014125
23750.00000 0.013309
23760.00000 0.012314
23770.00000 0.011736
23780.00000 0.011237
23790.00000 0.010805
23800.00000 0.010408
23810.00000 0.010069
23820.00000 0.009442
23830.00000 0.008686
23840.00000 0.008324
23850.00000 0.007999
23860.00000 0.007745
23870.00000 0.007551
23880.00000 0.007349
23890.00000 0.006822
23900.00000 0.006243
23910.00000 0.005984
23920.00000 0.005723
23930.00000 0.005533
23940.00000 0.005394
23950.00000 0.005304
23960.00000 0.005259
23970.00000 0.004866
23980.00000 0.004387
23990.00000 0.004199
24000.00000 0.004079
24010.00000 0.004011
24020.00000 0.004028
24030.00000 0.00402
24040.00000 0.003599
24050.00000 0.003181
24060.00000 0.003089
24070.00000 0.003002
24080.00000 0.002922
24090.00000 0.002889
24100.00000 0.00294
24110.00000 0.002976
24120.00000 0.002592
24130.00000 0.002285
24140.00000 0.002251
24150.00000 0.002213
24160.00000 0.002216
24170.00000 0.002288
24180.00000 0.002333
24190.00000 0.001977
24200.00000 0.001689
24210.00000 0.001632
24220.00000 0.00164
24230.00000 0.001695
24240.00000 0.001772
24250.00000 0.00183
24260.00000 0.001461
24270.00000 0.00127
24280.00000 0.001304
24290.00000 0.001414
24300.00000 0.001511
24310.00000 0.001159
24320.00000 0.000973
24330.00000 0.000994
24340.00000 0.00108
24350.00000 0.001216
24360.00000 0.001299
24370.00000 0.000936
24380.00000 0.000802
24390.00000 0.000895
24400.00000 0.000995
24410.00000 0.001074
24420.00000 0.000747
24430.00000 0.000697
24440.00000 0.00086
24450.00000 0.000933
24460.00000 0.000611
24470.00000 0.000488
24480.00000 0.000596
24490.00000 0.000772
24500.00000 0.000903
24510.00000 0.000465
24520.00000 0.000356
24530.00000 0.000433
24540.00000 0.000555
24550.00000 0.000645
24560.00000 0.000789
24570.00000 0.000393
24580.00000 0.000287
24590.00000 0.000314
24600.00000 0.000373
24610.00000 0.000482
24620.00000 0.000628
24630.00000 0.000748
24640.00000 0.000302
24650.00000 0.000143
24660.00000 0.000235
24670.00000 0.000258
24680.00000 0.000348
24690.00000 0.000446
24700.00000 0.000638
24710.00000 0.000741
24720.00000 0.000279
24730.00000 0.000153
24740.00000 0.000146
24750.00000 0.000204
24760.00000 0.000228
24770.00000 0.000314
24780.00000 0.000461
24790.00000 0.000567
24800.00000 9.7e-05
24810.00000 7.9e-05
24820.00000 0.000142
24830.00000 0.000248
24840.00000 0.000397
24850.00000 0.000537
24860.00000 6e-05
24870.00000 1.5e-05
24880.00000 9.4e-05
24890.00000 0.000115
24900.00000 0.000153
24910.00000 0.000267
24920.00000 0.000416
24930.00000 0.000535
24940.00000 0.0
24950.00000 0.0
24960.00000 0.0
24970.00000 0.0
24980.00000 0.0
24990.00000 0.0
25000.00000 1.6e-05
27500.00000 0.0
