threeML/data/optical_filters/LCO/MMIRS-Hk.ecsv
# %ECSV 0.9
# ---
# datatype:
# - {name: wavelength, unit: Angstrom, datatype: float32}
# - {name: response, datatype: float32}
# meta: !!omap
# - {band_name: Hk}
# - {group_name: MMIRS}
wavelength response
9990.59961 0.0
10001.70020 3.4e-08
10012.79980 0.0
10023.90039 1.186e-07
10035.00000 0.0
10046.09961 0.0
10057.20020 0.0
10068.40039 7.58e-08
10079.50000 0.0
10090.59961 2.247e-07
10101.70020 0.0
10112.79980 0.0
10123.90039 0.0
10135.00000 0.0
10146.09961 0.0
10157.20020 4.61e-08
10168.40039 0.0
10179.50000 0.0
10190.59961 0.0
10201.70020 0.0
10212.79980 1.239e-07
10223.90039 0.0
10235.00000 0.0
10246.09961 0.0
10257.20020 0.0
10268.29980 0.0
10279.40039 0.0
10290.59961 9.049e-07
10301.70020 0.0
10312.79980 6.378e-07
10323.90039 0.0
10335.00000 0.0
10346.09961 1.3499e-06
10357.20020 0.0
10368.29980 2.265e-07
10379.40039 3.7543e-06
10390.59961 8.35e-07
10401.70020 0.0
10412.79980 0.0
10423.90039 0.0
10435.00000 0.0
10446.09961 0.0
10457.20020 0.0
10468.29980 0.0
10479.40039 3.0841e-06
10490.50000 0.0
10501.59961 1.8843e-06
10512.79980 0.0
10523.90039 0.0
10535.00000 0.0
10546.09961 0.0
10557.20020 0.0
10568.29980 0.0
10579.40039 0.0
10590.50000 0.0
10601.59961 0.0
10612.79980 6.6628e-06
10623.90039 0.0
10635.00000 0.0
10646.09961 0.0
10657.20020 0.0
10668.29980 3.1369e-06
10679.40039 1.3212e-06
10690.50000 0.0
10701.59961 7.2372e-06
10712.70020 0.0
10723.90039 0.0
10735.00000 1.0171e-06
10746.09961 1.4291e-05
10757.20020 0.0
10768.29980 0.0
10779.40039 2.46917e-05
10790.50000 9.0305e-06
10801.59961 0.0
10812.70020 2.036e-07
10823.79980 0.0
10834.90039 0.0
10846.09961 0.0
10857.20020 0.0
10868.29980 0.0
10879.40039 3.36925e-05
10890.50000 1.1039e-06
10901.59961 0.0
10912.70020 0.0
10923.79980 1.06292e-05
10934.90039 1.24563e-05
10946.00000 0.0
10957.20020 0.0
10968.29980 0.0
10979.40039 0.0
10990.50000 0.0
11001.59961 0.0
11012.70020 4.2227e-06
11023.79980 7.954e-06
11034.90039 0.0
11046.00000 0.0
11057.09961 2.61458e-05
11068.29980 0.0
11079.40039 2.19681e-05
11090.50000 3.88197e-05
11101.59961 0.0
11112.70020 0.0
11123.79980 0.0
11134.90039 0.0
11146.00000 0.0
11157.09961 0.0
11168.20020 4.88843e-05
11179.40039 1.65323e-05
11190.50000 0.0
11201.59961 0.0
11212.70020 0.0
11223.79980 0.0
11234.90039 1.33118e-05
11246.00000 5.03074e-05
11257.09961 2.01479e-05
11268.20020 3.38071e-05
11279.29980 0.0
11290.50000 2.79138e-05
11301.59961 7.38151e-05
11312.70020 0.0
11323.79980 0.0
11334.90039 5.62062e-05
11346.00000 3.0385e-06
11357.09961 0.0
11368.20020 1.02065e-05
11379.29980 0.0
11390.50000 0.0
11401.59961 0.0
11412.70020 3.07601e-05
11423.79980 8.57851e-05
11434.90039 5.87043e-05
11446.00000 0.0
11457.09961 5.15781e-05
11468.20020 0.0
11479.29980 0.0
11490.40039 5.3675e-05
11501.50000 0.0
11512.70020 0.0
11523.79980 0.0
11534.90039 0.0
11546.00000 1.8933e-06
11557.09961 4.4534e-05
11568.20020 0.0
11579.29980 2.42385e-05
11590.40039 5.9215e-06
11601.50000 0.0
11612.70020 3.0098e-05
11623.79980 2.4599e-05
11634.90039 4.69036e-05
11646.00000 5.94306e-05
11657.09961 2.67373e-05
11668.20020 0.00010726
11679.29980 4.09237e-05
11690.40039 2.67673e-05
11701.50000 2.99569e-05
11712.59961 0.000119214
11723.79980 8.40554e-05
11734.90039 7.0212e-05
11746.00000 4.6373e-05
11757.09961 7.41685e-05
11768.20020 0.000111264
11779.29980 0.000140915
11790.40039 0.000129151
11801.50000 0.000138634
11812.59961 0.000106584
11823.70020 8.78663e-05
11834.79980 0.000164102
11846.00000 0.000157469
11857.09961 0.000151906
11868.20020 0.000229697
11879.29980 0.000215057
11890.40039 0.000274112
11901.50000 0.000225567
11912.59961 0.000244129
11923.70020 0.000335313
11934.79980 0.000372239
11946.00000 0.000411141
11957.09961 0.000443727
11968.20020 0.000493158
11979.29980 0.000550741
11990.40039 0.000602164
12001.50000 0.000663834
12012.59961 0.000786628
12023.70020 0.000877663
12034.79980 0.000915259
12045.90039 0.00101636
12057.00000 0.00117181
12068.20020 0.00127995
12079.29980 0.00144275
12090.40039 0.00158745
12101.50000 0.00174965
12112.59961 0.00196776
12123.70020 0.00227437
12134.79980 0.0026506
12145.90039 0.00289398
12157.00000 0.00321836
12168.20020 0.0037533
12179.29980 0.00423141
12190.40039 0.00475584
12201.50000 0.0054164
12212.59961 0.00627269
12223.70020 0.00716701
12234.79980 0.00815654
12245.90039 0.00930749
12257.00000 0.0107362
12268.09961 0.0124585
12279.20020 0.0144354
12290.40039 0.0168275
12301.50000 0.0194978
12312.59961 0.0227274
12323.70020 0.0268654
12334.79980 0.0309978
12345.90039 0.0366843
12357.00000 0.0430495
12368.09961 0.0506681
12379.20020 0.05997
12390.40039 0.070761
12401.50000 0.0847491
12412.59961 0.0995075
12423.70020 0.117581
12434.79980 0.138392
12445.90039 0.164273
12457.00000 0.194432
12468.09961 0.226711
12479.20020 0.264323
12490.29980 0.303494
12501.50000 0.347918
12512.59961 0.390412
12523.70020 0.435655
12534.79980 0.481046
12545.90039 0.521417
12557.00000 0.559316
12568.09961 0.588783
12579.20020 0.616541
12590.29980 0.63492
12601.40039 0.651901
12612.59961 0.666141
12623.70020 0.672904
12634.79980 0.678989
12645.90039 0.682573
12657.00000 0.683671
12668.09961 0.684385
12679.20020 0.685205
12690.29980 0.688018
12701.40039 0.687936
12712.50000 0.686846
12723.59961 0.688672
12734.79980 0.688259
12745.90039 0.690693
12757.00000 0.694667
12768.09961 0.695095
12779.20020 0.694494
12790.29980 0.697406
12801.40039 0.698821
12812.50000 0.701628
12823.59961 0.703014
12834.79980 0.703838
12845.90039 0.705049
12857.00000 0.705278
12868.09961 0.706131
12879.20020 0.70596
12890.29980 0.706307
12901.40039 0.708094
12912.50000 0.709913
12923.59961 0.706208
12934.70020 0.705026
12945.90039 0.707431
12957.00000 0.708185
12968.09961 0.707264
12979.20020 0.70813
12990.29980 0.710489
13001.40039 0.707182
13012.50000 0.707619
13023.59961 0.70871
13034.70020 0.710304
13045.79980 0.7122
13056.90039 0.713482
13068.09961 0.713848
13079.20020 0.715024
13090.29980 0.715421
13101.40039 0.716952
13112.50000 0.718501
13123.59961 0.720679
13134.70020 0.722551
13145.79980 0.721427
13156.90039 0.722945
13168.09961 0.723691
13179.20020 0.725391
13190.29980 0.727092
13201.40039 0.727199
13212.50000 0.727547
13223.59961 0.727755
13234.70020 0.728326
13245.79980 0.72968
13256.90039 0.730975
13268.00000 0.729176
13279.09961 0.72979
13290.29980 0.731861
13301.40039 0.730868
13312.50000 0.73154
13323.59961 0.732094
13334.70020 0.7329
13345.79980 0.734276
13356.90039 0.735601
13368.00000 0.736164
13379.09961 0.736929
13390.20020 0.738514
13401.40039 0.739875
13412.50000 0.742956
13423.59961 0.744647
13434.70020 0.745547
13445.79980 0.746377
13456.90039 0.747416
13468.00000 0.749287
13479.09961 0.753884
13490.20020 0.753313
13501.40039 0.754454
13512.50000 0.757053
13523.59961 0.757203
13534.70020 0.757169
13545.79980 0.760054
13556.90039 0.760731
13568.00000 0.760812
13579.09961 0.762634
13590.20020 0.760057
13601.29980 0.758377
13612.40039 0.760958
13623.59961 0.761568
13634.70020 0.759509
13645.79980 0.758486
13656.90039 0.757808
13668.00000 0.757662
13679.09961 0.755095
13690.20020 0.757824
13701.29980 0.760088
13712.40039 0.755633
13723.50000 0.754687
13734.70020 0.755421
13745.79980 0.756205
13756.90039 0.755503
13768.00000 0.758614
13779.09961 0.758563
13790.20020 0.756219
13801.29980 0.757435
13812.40039 0.760261
13823.50000 0.760814
13834.59961 0.764945
13845.79980 0.767901
13856.90039 0.766937
13868.00000 0.767944
13879.09961 0.771707
13890.20020 0.772888
13901.29980 0.772905
13912.40039 0.775397
13923.50000 0.780838
13934.59961 0.781135
13945.79980 0.779154
13956.90039 0.781275
13968.00000 0.782905
13979.09961 0.785759
13990.20020 0.790556
14001.29980 0.786292
14012.40039 0.784399
14023.50000 0.786504
14034.59961 0.788499
14045.70020 0.787341
14056.79980 0.787046
14068.00000 0.788124
14079.09961 0.786452
14090.20020 0.782428
14101.29980 0.781952
14112.40039 0.783562
14123.50000 0.781193
14134.59961 0.779485
14145.70020 0.78184
14156.79980 0.779744
14168.00000 0.775441
14179.09961 0.774041
14190.20020 0.776915
14201.29980 0.775518
14212.40039 0.775112
14223.50000 0.774979
14234.59961 0.774019
14245.70020 0.774204
14256.79980 0.775291
14267.90039 0.774712
14279.00000 0.775334
14290.20020 0.778581
14301.29980 0.777977
14312.40039 0.777217
14323.50000 0.779474
14334.59961 0.782797
14345.70020 0.783986
14356.79980 0.786398
14367.90039 0.786886
14379.00000 0.787905
14390.20020 0.790986
14401.29980 0.792211
14412.40039 0.797395
14423.50000 0.798096
14434.59961 0.798918
14445.70020 0.801827
14456.79980 0.803432
14467.90039 0.803928
14479.00000 0.807052
14490.09961 0.811217
14501.20020 0.813349
14512.40039 0.811585
14523.50000 0.812077
14534.59961 0.814876
14545.70020 0.819497
14556.79980 0.820208
14567.90039 0.815992
14579.00000 0.818551
14590.09961 0.824335
14601.20020 0.822722
14612.29980 0.821525
14623.50000 0.822704
14634.59961 0.826147
14645.70020 0.825869
14656.79980 0.824936
14667.90039 0.825947
14679.00000 0.828078
14690.09961 0.82725
14701.20020 0.828012
14712.29980 0.830791
14723.50000 0.829714
14734.59961 0.828137
14745.70020 0.829484
14756.79980 0.830429
14767.90039 0.833824
14779.00000 0.836312
14790.09961 0.833576
14801.20020 0.831016
14812.29980 0.83474
14823.40039 0.836737
14834.50000 0.836794
14845.70020 0.839194
14856.79980 0.840832
14867.90039 0.83858
14879.00000 0.838736
14890.09961 0.843225
14901.20020 0.843104
14912.29980 0.841707
14923.40039 0.847802
14934.50000 0.84569
14945.70020 0.844779
14956.79980 0.84651
14967.90039 0.846632
14979.00000 0.84873
14990.09961 0.851016
15001.20020 0.851663
15012.29980 0.850988
15023.40039 0.850073
15034.50000 0.849846
15045.59961 0.853368
15056.79980 0.853411
15067.90039 0.853558
15079.00000 0.857265
15090.09961 0.852532
15101.20020 0.850774
15112.29980 0.856408
15123.40039 0.85633
15134.50000 0.855485
15145.59961 0.856495
15156.70020 0.855394
15167.90039 0.855144
15179.00000 0.855869
15190.09961 0.858254
15201.20020 0.856391
15212.29980 0.858317
15223.40039 0.858059
15234.50000 0.858116
15245.59961 0.855069
15256.70020 0.854496
15267.79980 0.860831
15279.00000 0.860863
15290.09961 0.856376
15301.20020 0.858161
15312.29980 0.858564
15323.40039 0.859044
15334.50000 0.858878
15345.59961 0.858734
15356.70020 0.86255
15367.79980 0.859029
15378.90039 0.857968
15390.09961 0.861079
15401.20020 0.858648
15412.29980 0.861679
15423.40039 0.862919
15434.50000 0.859569
15445.59961 0.860634
15456.70020 0.862329
15467.79980 0.861217
15478.90039 0.861972
15490.00000 0.863727
15501.09961 0.863649
15512.29980 0.86039
15523.40039 0.862979
15534.50000 0.864148
15545.59961 0.864275
15556.70020 0.865157
15567.79980 0.866484
15578.90039 0.866679
15590.00000 0.864193
15601.09961 0.865282
15612.20020 0.867222
15623.40039 0.868337
15634.50000 0.869908
15645.59961 0.869639
15656.70020 0.868809
15667.79980 0.87019
15678.90039 0.870774
15690.00000 0.871224
15701.09961 0.872841
15712.20020 0.874694
15723.40039 0.874915
15734.50000 0.873394
15745.59961 0.875038
15756.70020 0.877935
15767.79980 0.874335
15778.90039 0.877845
15790.00000 0.881669
15801.09961 0.87739
15812.20020 0.877391
15823.29980 0.881771
15834.40039 0.881322
15845.59961 0.879125
15856.70020 0.883415
15867.79980 0.883787
15878.90039 0.88411
15890.00000 0.883877
15901.09961 0.880343
15912.20020 0.885115
15923.29980 0.886384
15934.40039 0.887645
15945.59961 0.886957
15956.70020 0.88267
15967.79980 0.887199
15978.90039 0.88901
15990.00000 0.884915
16001.09961 0.888287
16012.20020 0.888736
16023.29980 0.889483
16034.40039 0.887708
16045.50000 0.888249
16056.59961 0.889953
16067.79980 0.890385
16078.90039 0.891684
16090.00000 0.892456
16101.09961 0.888404
16112.20020 0.887731
16123.29980 0.893297
16134.40039 0.895071
16145.50000 0.891189
16156.59961 0.893063
16167.79980 0.893426
16178.90039 0.892702
16190.00000 0.896584
16201.09961 0.894314
16212.20020 0.893814
16223.29980 0.896548
16234.40039 0.896995
16245.50000 0.894243
16256.59961 0.895228
16267.70020 0.895879
16278.90039 0.897746
16290.00000 0.899595
16301.09961 0.89829
16312.20020 0.89812
16323.29980 0.896867
16334.40039 0.897317
16345.50000 0.899759
16356.59961 0.900332
16367.70020 0.898813
16378.79980 0.901348
16389.90039 0.899919
16401.09961 0.895446
16412.19922 0.89975
16423.30078 0.903029
16434.40039 0.902342
16445.50000 0.899593
16456.59961 0.897433
16467.69922 0.898527
16478.80078 0.900962
16489.90039 0.901382
16501.00000 0.899096
16512.19922 0.899816
16523.30078 0.899023
16534.40039 0.901165
16545.50000 0.898837
16556.59961 0.897719
16567.69922 0.902719
16578.80078 0.899937
16589.90039 0.896734
16601.00000 0.902534
16612.09961 0.9011
16623.30078 0.897106
16634.40039 0.898067
16645.50000 0.901658
16656.59961 0.903464
16667.69922 0.898485
16678.80078 0.898337
16689.90039 0.900381
16701.00000 0.899242
16712.09961 0.902586
16723.19922 0.904622
16734.40039 0.901328
16745.50000 0.89958
16756.59961 0.900669
16767.69922 0.901863
16778.80078 0.904373
16789.90039 0.905469
16801.00000 0.90339
16812.09961 0.901993
16823.19922 0.905656
16834.30078 0.906083
16845.50000 0.90529
16856.59961 0.906017
16867.69922 0.907932
16878.80078 0.907981
16889.90039 0.90584
16901.00000 0.908931
16912.09961 0.908736
16923.19922 0.909897
16934.30078 0.910134
16945.50000 0.912544
16956.59961 0.909788
16967.69922 0.908873
16978.80078 0.914123
16989.90039 0.915052
17001.00000 0.910277
17012.09961 0.912834
17023.19922 0.915289
17034.30078 0.912015
17045.40039 0.913386
17056.50000 0.913191
17067.69922 0.914099
17078.80078 0.915686
17089.90039 0.916857
17101.00000 0.914602
17112.09961 0.913062
17123.19922 0.914582
17134.30078 0.915882
17145.40039 0.91605
17156.50000 0.916161
17167.69922 0.916549
17178.80078 0.91601
17189.90039 0.911344
17201.00000 0.914963
17212.09961 0.918222
17223.19922 0.91641
17234.30078 0.917551
17245.40039 0.916181
17256.50000 0.913759
17267.59961 0.914913
17278.80078 0.916714
17289.90039 0.917911
17301.00000 0.916538
17312.09961 0.915263
17323.19922 0.916375
17334.30078 0.914461
17345.40039 0.917585
17356.50000 0.919801
17367.59961 0.915974
17378.69922 0.916532
17389.80078 0.917708
17401.00000 0.918736
17412.09961 0.917497
17423.19922 0.916
17434.30078 0.919841
17445.40039 0.919285
17456.50000 0.916465
17467.59961 0.91917
17478.69922 0.918627
17489.80078 0.919716
17501.00000 0.919491
17512.09961 0.920916
17523.19922 0.919214
17534.30078 0.918757
17545.40039 0.919827
17556.50000 0.917283
17567.59961 0.921038
17578.69922 0.923911
17589.80078 0.92076
17600.90039 0.918457
17612.00000 0.920336
17623.19922 0.919402
17634.30078 0.92036
17645.40039 0.921072
17656.50000 0.923094
17667.59961 0.919228
17678.69922 0.916514
17689.80078 0.922418
17700.90039 0.920322
17712.00000 0.917337
17723.19922 0.92044
17734.30078 0.923294
17745.40039 0.917804
17756.50000 0.916284
17767.59961 0.918577
17778.69922 0.919942
17789.80078 0.919086
17800.90039 0.918001
17812.00000 0.917848
17823.09961 0.917221
17834.19922 0.919078
17845.40039 0.918001
17856.50000 0.916341
17867.59961 0.920798
17878.69922 0.918883
17889.80078 0.916752
17900.90039 0.915409
17912.00000 0.917775
17923.09961 0.919954
17934.19922 0.916034
17945.40039 0.918929
17956.50000 0.919767
17967.59961 0.915324
17978.69922 0.916173
17989.80078 0.917677
18000.90039 0.91905
18012.00000 0.918937
18023.09961 0.918774
18034.19922 0.918724
18045.30078 0.916405
18056.50000 0.920171
18067.59961 0.920012
18078.69922 0.918949
18089.80078 0.922464
18100.90039 0.923038
18112.00000 0.919355
18123.09961 0.919719
18134.19922 0.924757
18145.30078 0.922984
18156.40039 0.919719
18167.59961 0.923257
18178.69922 0.92402
18189.80078 0.923194
18200.90039 0.923811
18212.00000 0.924931
18223.09961 0.924146
18234.19922 0.922909
18245.30078 0.925858
18256.40039 0.925469
18267.50000 0.923148
18278.69922 0.924625
18289.80078 0.926003
18300.90039 0.925422
18312.00000 0.923745
18323.09961 0.92572
18334.19922 0.923504
18345.30078 0.922608
18356.40039 0.926463
18367.50000 0.926495
18378.59961 0.926229
18389.80078 0.922864
18400.90039 0.923031
18412.00000 0.92249
18423.09961 0.923089
18434.19922 0.926536
18445.30078 0.924455
18456.40039 0.921526
18467.50000 0.922405
18478.59961 0.920133
18489.69922 0.919646
18500.80078 0.924318
18512.00000 0.923069
18523.09961 0.92167
18534.19922 0.920058
18545.30078 0.920402
18556.40039 0.92051
18567.50000 0.920396
18578.59961 0.920302
