threeML/data/optical_filters/LCO/MMIRS-Hk.ecsv
# %ECSV 0.9
# ---
# datatype:
# - {name: wavelength, unit: Angstrom, datatype: float32}
# - {name: response, datatype: float32}
# meta: !!omap
# - {band_name: Hk}
# - {group_name: MMIRS}
wavelength response
[from data line 775]
18600.80078 0.919529
18612.00000 0.918747
18623.09961 0.91918
18634.19922 0.921132
18645.30078 0.919242
18656.40039 0.921767
18667.50000 0.917068
18678.59961 0.918094
18689.69922 0.921058
18700.80078 0.918542
18711.90039 0.920149
18723.00000 0.919322
18734.19922 0.921337
18745.30078 0.923315
18756.40039 0.920202
18767.50000 0.919131
18778.59961 0.921686
18789.69922 0.921315
18800.80078 0.923233
18811.90039 0.924176
18823.00000 0.92302
18834.19922 0.920375
18845.30078 0.921902
18856.40039 0.923548
18867.50000 0.925004
18878.59961 0.925209
18889.69922 0.925777
18900.80078 0.920105
18911.90039 0.922662
18923.00000 0.925639
18934.09961 0.924325
18945.19922 0.926893
18956.40039 0.926369
18967.50000 0.923872
18978.59961 0.922876
18989.69922 0.926046
19000.80078 0.926818
19011.90039 0.92609
19023.00000 0.923852
19034.09961 0.925015
19045.19922 0.926312
19056.30078 0.924019
19067.50000 0.92259
19078.59961 0.924906
19089.69922 0.926754
19100.80078 0.923604
19111.90039 0.924078
19123.00000 0.921487
19134.09961 0.922261
19145.19922 0.925114
19156.30078 0.923298
19167.40039 0.920508
19178.59961 0.921564
19189.69922 0.920869
19200.80078 0.918589
19211.90039 0.919364
19223.00000 0.919945
19234.09961 0.920986
19245.19922 0.919874
19256.30078 0.916987
19267.40039 0.914565
19278.50000 0.917112
19289.69922 0.91936
19300.80078 0.917367
19311.90039 0.912872
19323.00000 0.917003
19334.09961 0.915858
19345.19922 0.912478
19356.30078 0.913716
19367.40039 0.915934
19378.50000 0.915609
19389.59961 0.911966
19400.80078 0.911581
19411.90039 0.912855
19423.00000 0.91344
19434.09961 0.912837
19445.19922 0.912003
19456.30078 0.911962
19467.40039 0.911885
19478.50000 0.912676
19489.59961 0.911223
19500.80078 0.910472
19511.90039 0.913024
19523.00000 0.913467
19534.09961 0.910684
19545.19922 0.911747
19556.30078 0.912397
19567.40039 0.910819
19578.50000 0.911052
19589.59961 0.915879
19600.69922 0.91433
19611.80078 0.909668
19623.00000 0.91031
19634.09961 0.914427
19645.19922 0.914502
19656.30078 0.914162
19667.40039 0.914397
19678.50000 0.913054
19689.59961 0.911406
19700.69922 0.913129
19711.80078 0.913967
19723.00000 0.914685
19734.09961 0.915433
19745.19922 0.913285
19756.30078 0.912108
19767.40039 0.913261
19778.50000 0.914446
19789.59961 0.914959
19800.69922 0.912914
19811.80078 0.91338
19822.90039 0.913974
19834.00000 0.912433
19845.19922 0.914224
19856.30078 0.911745
19867.40039 0.911522
19878.50000 0.913978
19889.59961 0.915097
19900.69922 0.910059
19911.80078 0.90762
19922.90039 0.912726
19934.00000 0.911737
19945.19922 0.90874
19956.30078 0.909812
19967.40039 0.912507
19978.50000 0.906057
19989.59961 0.911543
20000.69922 0.907425
20011.80078 0.905745
20022.90039 0.907535
20034.00000 0.906831
20045.09961 0.904132
20056.19922 0.904247
20067.40039 0.904679
20078.50000 0.906054
20089.59961 0.90662
20100.69922 0.899998
20111.80078 0.900948
20122.90039 0.903604
20134.00000 0.903443
20145.09961 0.902009
20156.19922 0.902046
20167.30078 0.902072
20178.50000 0.901541
20189.59961 0.898604
20200.69922 0.901839
20211.80078 0.903966
20222.90039 0.900755
20234.00000 0.89967
20245.09961 0.899628
20256.19922 0.899065
20267.30078 0.899686
20278.50000 0.903223
20289.59961 0.901183
20300.69922 0.899459
20311.80078 0.898577
20322.90039 0.899525
20334.00000 0.900903
20345.09961 0.902403
20356.19922 0.902901
20367.30078 0.901374
20378.40039 0.901142
20389.50000 0.901332
20400.69922 0.900858
20411.80078 0.901936
20422.90039 0.904615
20434.00000 0.904072
20445.09961 0.902592
20456.19922 0.903631
20467.30078 0.902831
20478.40039 0.902764
20489.50000 0.905348
20500.69922 0.904934
20511.80078 0.903571
20522.90039 0.90526
20534.00000 0.904548
20545.09961 0.904666
20556.19922 0.903384
20567.30078 0.905232
20578.40039 0.908009
20589.50000 0.904978
20600.59961 0.902324
20611.80078 0.905189
20622.90039 0.905656
20634.00000 0.906441
20645.09961 0.905742
20656.19922 0.90415
20667.30078 0.903447
20678.40039 0.903998
20689.50000 0.905495
20700.59961 0.903481
20711.69922 0.901881
20722.80078 0.903605
20734.00000 0.903247
20745.09961 0.899376
20756.19922 0.901449
20767.30078 0.902553
20778.40039 0.900312
20789.50000 0.89958
20800.59961 0.899659
20811.69922 0.897286
20822.80078 0.89792
20834.00000 0.89785
20845.09961 0.895635
20856.19922 0.895695
20867.30078 0.897193
20878.40039 0.895973
20889.50000 0.891811
20900.59961 0.893942
20911.69922 0.89239
20922.80078 0.891496
20933.90039 0.892891
20945.09961 0.894981
20956.19922 0.8911
20967.30078 0.887124
20978.40039 0.886917
20989.50000 0.891366
21000.59961 0.89006
21011.69922 0.889296
21022.80078 0.888451
21033.90039 0.883756
21045.00000 0.8852
21056.09961 0.889133
21067.30078 0.888111
21078.40039 0.885162
21089.50000 0.886923
21100.59961 0.884593
21111.69922 0.884158
21122.80078 0.887542
21133.90039 0.885956
21145.00000 0.884821
21156.09961 0.885524
21167.19922 0.886095
21178.40039 0.884396
21189.50000 0.885729
21200.59961 0.886219
21211.69922 0.884752
21222.80078 0.886408
21233.90039 0.887917
21245.00000 0.885506
21256.09961 0.88504
21267.19922 0.884939
21278.30078 0.888418
21289.50000 0.888196
21300.59961 0.885439
21311.69922 0.887535
21322.80078 0.886514
21333.90039 0.88614
21345.00000 0.889277
21356.09961 0.890485
21367.19922 0.887347
21378.30078 0.887382
21389.50000 0.888027
21400.59961 0.887809
21411.69922 0.888758
21422.80078 0.889095
21433.90039 0.889536
21445.00000 0.890102
21456.09961 0.889043
21467.19922 0.886422
21478.30078 0.886691
21489.40039 0.890739
21500.50000 0.891843
21511.69922 0.88795
21522.80078 0.885661
21533.90039 0.88706
21545.00000 0.88771
21556.09961 0.887436
21567.19922 0.889864
21578.30078 0.887266
21589.40039 0.885626
21600.50000 0.88389
21611.69922 0.884903
21622.80078 0.88526
21633.90039 0.884119
21645.00000 0.884347
21656.09961 0.883203
21667.19922 0.881911
21678.30078 0.882105
21689.40039 0.881673
21700.50000 0.879985
21711.59961 0.879798
21722.80078 0.880366
21733.90039 0.879758
21745.00000 0.877484
21756.09961 0.87663
21767.19922 0.875538
21778.30078 0.87726
21789.40039 0.877296
21800.50000 0.874783
21811.59961 0.871951
21822.69922 0.871627
21833.90039 0.873013
21845.00000 0.872532
21856.09961 0.873154
21867.19922 0.87062
21878.30078 0.869874
21889.40039 0.87021
21900.50000 0.867178
21911.59961 0.868701
21922.69922 0.870068
21933.80078 0.867257
21944.90039 0.868833
21956.09961 0.867069
21967.19922 0.866178
21978.30078 0.864828
21989.40039 0.867296
22000.50000 0.869761
22011.59961 0.865571
22022.69922 0.864426
22033.80078 0.865477
22044.90039 0.866506
22056.00000 0.867113
22067.19922 0.864801
22078.30078 0.864788
22089.40039 0.867136
22100.50000 0.867776
22111.59961 0.866119
22122.69922 0.864601
22133.80078 0.866655
22144.90039 0.869106
22156.00000 0.869068
22167.19922 0.86871
22178.30078 0.864627
22189.40039 0.866711
22200.50000 0.868435
22211.59961 0.871597
22222.69922 0.870308
22233.80078 0.867364
22244.90039 0.869811
22256.00000 0.869732
22267.09961 0.868384
22278.19922 0.871953
22289.40039 0.872374
22300.50000 0.872226
22311.59961 0.871836
22322.69922 0.869456
22333.80078 0.869577
22344.90039 0.871964
22356.00000 0.875272
22367.09961 0.873119
22378.19922 0.869465
22389.30078 0.870003
22400.50000 0.873355
22411.59961 0.874545
22422.69922 0.869361
22433.80078 0.871104
22444.90039 0.873561
22456.00000 0.870019
22467.09961 0.870375
22478.19922 0.868359
22489.30078 0.869574
22500.50000 0.872292
22511.59961 0.869121
22522.69922 0.8673
22533.80078 0.867966
22544.90039 0.867947
22556.00000 0.86499
22567.09961 0.865685
22578.19922 0.867591
22589.30078 0.866811
22600.40039 0.862113
22611.59961 0.860434
22622.69922 0.86223
22633.80078 0.862402
22644.90039 0.86167
22656.00000 0.860652
22667.09961 0.859277
22678.19922 0.856503
22689.30078 0.854721
22700.40039 0.858435
22711.50000 0.856279
22722.59961 0.853724
22733.80078 0.855663
22744.90039 0.851553
22756.00000 0.85042
22767.09961 0.852774
22778.19922 0.852007
22789.30078 0.849742
22800.40039 0.852134
22811.50000 0.851299
22822.59961 0.845238
22833.80078 0.846746
22844.90039 0.851501
22856.00000 0.849817
22867.09961 0.847952
22878.19922 0.849413
22889.30078 0.845227
22900.40039 0.847483
22911.50000 0.846055
22922.59961 0.847373
22933.69922 0.848007
22944.90039 0.846941
22956.00000 0.849377
22967.09961 0.847754
22978.19922 0.843988
22989.30078 0.846949
23000.40039 0.849911
23011.50000 0.848521
23022.59961 0.849264
23033.69922 0.848266
23044.80078 0.846427
23055.90039 0.848783
23067.09961 0.852343
23078.19922 0.851406
23089.30078 0.849225
23100.40039 0.851874
23111.50000 0.852796
23122.59961 0.850718
23133.69922 0.850169
23144.80078 0.853456
23155.90039 0.855141
23167.00000 0.853524
23178.19922 0.85329
23189.30078 0.852941
23200.40039 0.851134
23211.50000 0.856223
23222.59961 0.857876
23233.69922 0.854868
23244.80078 0.853295
23255.90039 0.853444
23267.00000 0.854992
23278.19922 0.855726
23289.30078 0.85498
23300.40039 0.854523
23311.50000 0.85271
23322.59961 0.854079
23333.69922 0.854289
23344.80078 0.851798
23355.90039 0.851912
23367.00000 0.853852
23378.09961 0.851588
23389.19922 0.850752
23400.40039 0.848671
23411.50000 0.846306
23422.59961 0.848782
23433.69922 0.850358
23444.80078 0.846877
23455.90039 0.844271
23467.00000 0.843838
23478.09961 0.840876
23489.19922 0.84285
23500.30078 0.841664
23511.50000 0.839845
23522.59961 0.840343
23533.69922 0.836228
23544.80078 0.834969
23555.90039 0.83349
23567.00000 0.833957
23578.09961 0.835066
23589.19922 0.830306
23600.30078 0.830489
23611.50000 0.828133
23622.59961 0.82686
23633.69922 0.82738
23644.80078 0.827517
23655.90039 0.827239
23667.00000 0.824057
23678.09961 0.822554
23689.19922 0.823694
23700.30078 0.82338
23711.40039 0.823108
23722.59961 0.820179
23733.69922 0.822891
23744.80078 0.822598
23755.90039 0.821214
23767.00000 0.819315
23778.09961 0.820712
23789.19922 0.82331
23800.30078 0.822239
23811.40039 0.820516
23822.50000 0.820853
23833.59961 0.822409
23844.80078 0.824468
23855.90039 0.823988
23867.00000 0.823063
23878.09961 0.826063
23889.19922 0.82783
23900.30078 0.827141
23911.40039 0.824827
23922.50000 0.828277
23933.59961 0.83226
23944.80078 0.831703
23955.90039 0.832172
23967.00000 0.832294
23978.09961 0.831726
23989.19922 0.832997
24000.30078 0.837876
24011.40039 0.838266
24022.50000 0.836473
24033.59961 0.837581
24044.69922 0.836838
24055.80078 0.839775
24067.00000 0.840013
24078.09961 0.839072
24089.19922 0.839429
24100.30078 0.837346
24111.40039 0.841949
24122.50000 0.838048
24133.59961 0.8362
24144.69922 0.840798
24155.80078 0.838204
24167.00000 0.836058
24178.09961 0.833916
24189.19922 0.833785
24200.30078 0.830452
24211.40039 0.830578
24222.50000 0.827797
24233.59961 0.827705
24244.69922 0.825121
24255.80078 0.821939
24266.90039 0.818621
24278.00000 0.814838
24289.19922 0.8138
24300.30078 0.815273
24311.40039 0.809491
24322.50000 0.803175
24333.59961 0.803197
24344.69922 0.80208
24355.80078 0.797367
24366.90039 0.795383
24378.00000 0.794742
24389.19922 0.790743
24400.30078 0.787927
24411.40039 0.787771
24422.50000 0.785795
24433.59961 0.782956
24444.69922 0.783401
24455.80078 0.781925
24466.90039 0.78029
24478.00000 0.77974
24489.09961 0.78133
24500.19922 0.780998
24511.40039 0.780839
24522.50000 0.784922
24533.59961 0.783915
24544.69922 0.783301
24555.80078 0.787624
24566.90039 0.791733
24578.00000 0.792752
24589.09961 0.795961
24600.19922 0.799897
24611.40039 0.801499
24622.50000 0.804275
24633.59961 0.808949
24644.69922 0.810649
24655.80078 0.813646
24666.90039 0.816329
24678.00000 0.816951
24689.09961 0.813985
24700.19922 0.813206
24711.30078 0.815302
24722.40039 0.807971
24733.59961 0.799938
24744.69922 0.793634
24755.80078 0.782352
24766.90039 0.766728
24778.00000 0.751188
24789.09961 0.735231
24800.19922 0.713761
24811.30078 0.689467
24822.40039 0.665654
24833.50000 0.635899
24844.69922 0.606268
24855.80078 0.577461
24866.90039 0.546466
24878.00000 0.513798
24889.09961 0.480887
24900.19922 0.450132
24911.30078 0.416612
24922.40039 0.38785
24933.50000 0.35776
24944.69922 0.32975
24955.80078 0.304349
24966.90039 0.278756
24978.00000 0.255299
24989.09961 0.233472
25000.19922 0.2148
25011.30078 0.1956
25022.40039 0.177766
25033.50000 0.162845
25044.59961 0.148133
25055.80078 0.135047
25066.90039 0.123044
25078.00000 0.112526
25089.09961 0.102533
25100.19922 0.0934653
25111.30078 0.0855203
25122.40039 0.0777675
25133.50000 0.0713562
25144.59961 0.0654311
25155.69922 0.0599419
25166.80078 0.0547155
25178.00000 0.0500295
25189.09961 0.0459588
25200.19922 0.04229
25211.30078 0.0391152
25222.40039 0.0359855
25233.50000 0.0336483
25244.59961 0.0310024
25255.69922 0.0286454
25266.80078 0.0267696
25278.00000 0.0248489
25289.09961 0.0229394
25300.19922 0.021243
25311.30078 0.0196937
25322.40039 0.0181848
25333.50000 0.0169793
25344.59961 0.015748
25355.69922 0.0145934
25366.80078 0.0136909
25377.90039 0.0127568
25389.09961 0.0118512
25400.19922 0.0112478
25411.30078 0.0104402
25422.40039 0.00981332
25433.50000 0.00919956
25444.59961 0.00858129
25455.69922 0.00803436
25466.80078 0.00754063
25477.90039 0.00703652
25489.00000 0.00657795
25500.09961 0.00618595
25511.30078 0.00585635
25522.40039 0.00552414
25533.50000 0.00528425
25544.59961 0.00486199
25555.69922 0.00471557
25566.80078 0.00454101
25577.90039 0.00430076
25589.00000 0.00414999
25600.09961 0.00392162
25611.19922 0.00355336
25622.40039 0.00344604
25633.50000 0.00322836
25644.59961 0.0031295
25655.69922 0.00286368
25666.80078 0.00280804
25677.90039 0.00267732
25689.00000 0.00242979
25700.09961 0.0022796
25711.19922 0.00221372
25722.40039 0.00213065
25733.50000 0.00192878
25744.59961 0.00183548
25755.69922 0.00181895
25766.80078 0.0017498
25777.90039 0.00170332
25789.00000 0.00161612
25800.09961 0.00141702
25811.19922 0.00140536
25822.30078 0.00134121
25833.40039 0.00136957
25844.59961 0.00125453
25855.69922 0.00113738
25866.80078 0.0013003
25877.90039 0.00104381
25889.00000 0.000984734
25900.09961 0.000999876
25911.19922 0.000942445
25922.30078 0.000871879
25933.40039 0.000832658
25944.50000 0.000918877
25955.69922 0.000907089
25966.80078 0.000747821
25977.90039 0.000650857
25989.00000 0.000647381
26000.09961 0.000667293
26011.19922 0.000628009
26022.30078 0.000568634
26033.40039 0.000455016
26044.50000 0.000526779
26055.69922 0.000570535
26066.80078 0.000452022
26077.90039 0.000506087
26089.00000 0.00048916
26100.09961 0.000409944
26111.19922 0.000480331
26122.30078 0.000412502
26133.40039 0.000394831
26144.50000 0.000383957
26155.59961 0.00035536
26166.80078 0.000317232
26177.90039 0.000268103
26189.00000 0.000290949
26200.09961 0.000335804
26211.19922 0.000302063
26222.30078 0.000236778
26233.40039 0.000309722
26244.50000 0.000397528
26255.59961 0.000357959
26266.69922 0.000304179
26277.80078 0.000271401
26289.00000 0.000243125
26300.09961 0.00033022
26311.19922 0.000186624
26322.30078 0.000241251
26333.40039 0.000242754
26344.50000 0.000206394
26355.59961 0.000176898
26366.69922 0.000108941
26377.80078 0.000286317
26389.00000 0.000275099
26400.09961 0.000163148
26411.19922 0.000141869
26422.30078 0.00019738
26433.40039 0.000218288
26444.50000 0.000166252
26455.59961 0.000120127
26466.69922 0.000112082
26477.80078 0.000151292
26488.90039 0.00030744
26500.09961 0.000136699
26511.19922 8.42916e-05
26522.30078 7.33189e-05
26533.40039 0.000130301
26544.50000 0.000131348
26555.59961 0.000138397
26566.69922 0.000133867
26577.80078 0.000226864
26588.90039 0.0
26600.00000 0.00018448
26611.09961 0.000175799
26622.30078 0.0
26633.40039 8.23364e-05
26644.50000 7.70656e-05
26655.59961 3.74858e-05
26666.69922 0.000123829
26677.80078 0.0
26688.90039 5.97983e-05
26700.00000 0.000215218
26711.09961 0.000118702
26722.19922 2.90077e-05
26733.40039 0.000185094
26744.50000 0.000157029
26755.59961 0.000113639
26766.69922 8.22159e-05
26777.80078 0.0
26788.90039 0.000304973
26800.00000 0.0
26811.09961 0.0
26822.19922 0.000162976
26833.30078 0.000345712
26844.50000 6.56888e-05
26855.59961 0.0
26866.69922 0.0
26877.80078 5.4437e-06
26888.90039 0.000278477
26900.00000 4.27869e-05
26911.09961 0.0
