threeML/data/optical_filters/LCO/RetroCam-H.ecsv
# %ECSV 0.9
# ---
# datatype:
# - {name: wavelength, unit: Angstrom, datatype: float32}
# - {name: response, datatype: float32}
# meta: !!omap
# - {band_name: H}
# - {group_name: RetroCam}
wavelength response
[from data line 767]
17064.00000 0.944892
17068.00000 0.941668
17072.00000 0.94128
17076.00000 0.941864
17080.00000 0.938866
17084.00000 0.934502
17088.00000 0.910359
17092.00000 0.901892
17096.00000 0.932597
17100.00000 0.948271
17104.00000 0.952624
17108.00000 0.951049
17112.00000 0.954156
17116.00000 0.962773
17120.00000 0.967754
17124.00000 0.968938
17128.00000 0.971074
17132.00000 0.975126
17136.00000 0.976579
17140.00000 0.970579
17144.00000 0.945388
17148.00000 0.928724
17152.00000 0.956271
17156.00000 0.979805
17160.00000 0.974463
17164.00000 0.951103
17168.00000 0.957065
17172.00000 0.975772
17176.00000 0.979199
17180.00000 0.978884
17184.00000 0.977217
17188.00000 0.975243
17192.00000 0.973691
17196.00000 0.972121
17200.00000 0.969239
17204.00000 0.969537
17208.00000 0.9683
17212.00000 0.942908
17216.00000 0.890457
17220.00000 0.908112
17224.00000 0.962589
17228.00000 0.978972
17232.00000 0.977826
17236.00000 0.956275
17240.00000 0.934122
17244.00000 0.942657
17248.00000 0.931538
17252.00000 0.941103
17256.00000 0.971834
17260.00000 0.981075
17264.00000 0.967465
17268.00000 0.964929
17272.00000 0.974183
17276.00000 0.974155
17280.00000 0.972289
17284.00000 0.964438
17288.00000 0.94198
17292.00000 0.924349
17296.00000 0.940287
17300.00000 0.958297
17304.00000 0.960227
17308.00000 0.956166
17312.00000 0.952306
17316.00000 0.946533
17320.00000 0.906882
17324.00000 0.826681
17328.00000 0.818945
17332.00000 0.895125
17336.00000 0.936009
17340.00000 0.939291
17344.00000 0.935568
17348.00000 0.932126
17352.00000 0.930129
17356.00000 0.916163
17360.00000 0.883651
17364.00000 0.868016
17368.00000 0.865874
17372.00000 0.867302
17376.00000 0.909508
17380.00000 0.937666
17384.00000 0.940177
17388.00000 0.943124
17392.00000 0.946281
17396.00000 0.937934
17400.00000 0.902142
17404.00000 0.896509
17408.00000 0.929971
17412.00000 0.911482
17416.00000 0.841455
17420.00000 0.855199
17424.00000 0.925891
17428.00000 0.962911
17432.00000 0.970754
17436.00000 0.973692
17440.00000 0.973156
17444.00000 0.940984
17448.00000 0.893169
17452.00000 0.929643
17456.00000 0.975112
17460.00000 0.981861
17464.00000 0.963723
17468.00000 0.876292
17472.00000 0.756093
17476.00000 0.761607
17480.00000 0.868975
17484.00000 0.956455
17488.00000 0.981308
17492.00000 0.983052
17496.00000 0.981313
17500.00000 0.981968
17504.00000 0.98162
17508.00000 0.977754
17512.00000 0.961734
17516.00000 0.89799
17520.00000 0.851991
17524.00000 0.921285
17528.00000 0.962738
17532.00000 0.963919
17536.00000 0.970001
17540.00000 0.973469
17544.00000 0.970861
17548.00000 0.95504
17552.00000 0.87907
17556.00000 0.81136
17560.00000 0.873841
17564.00000 0.913052
17568.00000 0.86717
17572.00000 0.787438
17576.00000 0.752865
17580.00000 0.773364
17584.00000 0.849426
17588.00000 0.87637
17592.00000 0.871698
17596.00000 0.863227
17600.00000 0.853183
17604.00000 0.832655
17608.00000 0.800055
17612.00000 0.732992
17616.00000 0.708172
17620.00000 0.740314
17624.00000 0.721816
17628.00000 0.660035
17632.00000 0.619333
17636.00000 0.619597
17640.00000 0.652596
17644.00000 0.657056
17648.00000 0.640866
17652.00000 0.614135
17656.00000 0.542883
17660.00000 0.392376
17664.00000 0.336415
17668.00000 0.440936
17672.00000 0.492884
17676.00000 0.483715
17680.00000 0.462858
17684.00000 0.436267
17688.00000 0.413974
17692.00000 0.392954
17696.00000 0.362636
17700.00000 0.327926
17704.00000 0.313575
17708.00000 0.292796
17712.00000 0.271212
17716.00000 0.282741
17720.00000 0.284623
17724.00000 0.270984
17728.00000 0.253234
17732.00000 0.238283
17736.00000 0.223336
17740.00000 0.193911
17744.00000 0.15769
17748.00000 0.14924
17752.00000 0.157232
17756.00000 0.15763
17760.00000 0.142143
17764.00000 0.116858
17768.00000 0.111558
17772.00000 0.122442
17776.00000 0.123468
17780.00000 0.115909
17784.00000 0.101373
17788.00000 0.079753
17792.00000 0.063522
17796.00000 0.068326
17800.00000 0.074815
17804.00000 0.075464
17808.00000 0.071607
17812.00000 0.059796
17816.00000 0.044858
17820.00000 0.046823
17824.00000 0.054464
17828.00000 0.055274
17832.00000 0.05236
17836.00000 0.048189
17840.00000 0.042863
17844.00000 0.035189
17848.00000 0.025756
17852.00000 0.019603
17856.00000 0.024034
17860.00000 0.02598
17864.00000 0.024282
17868.00000 0.026176
17872.00000 0.024663
17876.00000 0.021689
17880.00000 0.023546
17884.00000 0.025346
17888.00000 0.023919
17892.00000 0.021331
17896.00000 0.021264
17900.00000 0.021012
17904.00000 0.018951
17908.00000 0.015081
17912.00000 0.012365
17916.00000 0.012482
17920.00000 0.013037
17924.00000 0.011939
17928.00000 0.010504
17932.00000 0.010053
17936.00000 0.008851
17940.00000 0.006564
17944.00000 0.006514
17948.00000 0.007794
17952.00000 0.00784
17956.00000 0.007136
17960.00000 0.007528
17964.00000 0.00746
17968.00000 0.007098
17972.00000 0.00645
17976.00000 0.006929
17980.00000 0.007977
17984.00000 0.007286
17988.00000 0.007988
17992.00000 0.009456
17996.00000 0.009003
18000.00000 0.006242
18004.00000 0.003466
18008.00000 0.00276
18012.00000 0.002523
18016.00000 0.002134
18020.00000 0.002759
18024.00000 0.002998
18028.00000 0.002817
18032.00000 0.003537
18036.00000 0.00416
18040.00000 0.003555
18044.00000 0.003875
18048.00000 0.004629
18052.00000 0.004915
18056.00000 0.00437
18060.00000 0.002505
18064.00000 0.001
18068.00000 0.000718
18072.00000 0.001374
18076.00000 0.001464
18080.00000 0.00124
18084.00000 0.001641
18088.00000 0.001584
18092.00000 0.001033
18096.00000 0.000759
18100.00000 0.000613
18104.00000 0.000644
18108.00000 0.000421
18112.00000 0.000234
18116.00000 0.000322
18120.00000 0.000622
18124.00000 0.000573
18128.00000 0.00039
18132.00000 0.000318
18136.00000 0.000558
18140.00000 0.001024
18144.00000 0.001631
18148.00000 0.001876
18152.00000 0.001327
18156.00000 0.000611
18160.00000 0.000299
18164.00000 0.000434
18168.00000 0.00082
18172.00000 0.001093
18176.00000 0.001322
18180.00000 0.001934
18184.00000 0.001808
18188.00000 0.000936
18192.00000 0.000849
18196.00000 0.001439
18200.00000 0.001164
18204.00000 0.000366
18208.00000 6.3e-05
18212.00000 7.4e-05
18216.00000 0.00013
18220.00000 8.2e-05
18224.00000 4.2e-05
18228.00000 6.6e-05
18232.00000 0.000161
18236.00000 0.000229
18240.00000 7.8e-05
18244.00000 0.0
18248.00000 0.0
18252.00000 0.0
18256.00000 0.0
18260.00000 0.0
18264.00000 8e-06
18268.00000 1e-05
18272.00000 5.8e-05
18276.00000 0.000193
18280.00000 0.000257
18284.00000 0.000175
18288.00000 6.7e-05
18292.00000 3.7e-05
18296.00000 0.000126
18300.00000 0.000228
18304.00000 0.00014
18308.00000 0.000103
18312.00000 0.000104
18316.00000 7.4e-05
18320.00000 0.000194
18324.00000 0.000341
18328.00000 0.000231
18332.00000 0.00012
18336.00000 0.000274
18340.00000 0.000554
18344.00000 0.000523
18348.00000 0.000228
18352.00000 4.8e-05
18356.00000 1.1e-05
18360.00000 1.2e-05
18364.00000 6e-06
18368.00000 4e-06
18372.00000 1.1e-05
18376.00000 1e-05
18380.00000 3e-06
18384.00000 3e-06
18388.00000 2e-05
18392.00000 4.7e-05
18396.00000 3.7e-05
18400.00000 1e-05
18404.00000 1e-06
18408.00000 0.0
18412.00000 0.0
18416.00000 0.0
18420.00000 0.0
18424.00000 0.0
18428.00000 0.0
18432.00000 0.0
18436.00000 0.0
18440.00000 0.0
18444.00000 0.0
18448.00000 0.0
18452.00000 0.0
18456.00000 0.0
18460.00000 0.0
18464.00000 0.0
18468.00000 0.0
18472.00000 0.0
18476.00000 -0.0
18480.00000 -0.0
18484.00000 -0.0
18488.00000 -0.0
18492.00000 0.0
18496.00000 0.0
18500.00000 0.0
18504.00000 0.0
18508.00000 0.0
18512.00000 0.0
18516.00000 0.0
18520.00000 6e-06
18524.00000 6.3e-05
18528.00000 6.3e-05
18532.00000 2.5e-05
18536.00000 4e-06
18540.00000 0.0
18544.00000 1e-06
18548.00000 1e-05
18552.00000 5e-05
18556.00000 0.000177
18560.00000 0.000276
18564.00000 0.000167
18568.00000 4.3e-05
18572.00000 6e-06
18576.00000 1.6e-05
18580.00000 0.000131
18584.00000 0.000418
18588.00000 0.00055
18592.00000 0.000369
18596.00000 0.000147
18600.00000 2.7e-05
18604.00000 2e-06
18608.00000 3e-06
18612.00000 5.1e-05
18616.00000 0.000394
18620.00000 0.001265
18624.00000 0.001982
18628.00000 0.001813
18632.00000 0.001012
18636.00000 0.000911
18640.00000 0.001148
18644.00000 0.00065
18648.00000 0.00017
18652.00000 0.000201
18656.00000 0.000697
18660.00000 0.001792
18664.00000 0.00265
18668.00000 0.002239
18672.00000 0.001086
18676.00000 0.000303
18680.00000 3.8e-05
18684.00000 7e-06
18688.00000 3.1e-05
18692.00000 5.6e-05
18696.00000 4.3e-05
18700.00000 1.4e-05
18704.00000 2e-06
18708.00000 1e-06
18712.00000 1e-06
18716.00000 1e-06
18720.00000 8e-06
18724.00000 3.3e-05
18728.00000 3.9e-05
18732.00000 1.4e-05
18736.00000 2e-06
18740.00000 1e-06
18744.00000 7e-06
18748.00000 3e-05
18752.00000 4.3e-05
18756.00000 2.4e-05
18760.00000 2.2e-05
18764.00000 3.6e-05
18768.00000 3.1e-05
18772.00000 1.3e-05
18776.00000 2.2e-05
18780.00000 0.0001
18784.00000 0.000204
18788.00000 0.000456
18792.00000 0.000883
18796.00000 0.000865
18800.00000 0.000786
18804.00000 0.000843
18808.00000 0.00044
18812.00000 0.000101
18816.00000 6.2e-05
18820.00000 0.00018
18824.00000 0.000418
18828.00000 0.000469
18832.00000 0.000304
18836.00000 0.000165
18840.00000 5e-05
18844.00000 5e-06
20728.40039 0.0
