threeML/data/optical_filters/LCO/RetroCam-H.ecsv
# %ECSV 0.9
# ---
# datatype:
# - {name: wavelength, unit: Angstrom, datatype: float32}
# - {name: response, datatype: float32}
# meta: !!omap
# - {band_name: H}
# - {group_name: RetroCam}
wavelength response
12600.00000 0.0
14000.00000 9.7e-05
14004.00000 2.2e-05
14008.00000 8e-06
14012.00000 7e-06
14016.00000 1.7e-05
14020.00000 9.3e-05
14024.00000 0.000339
14028.00000 0.000571
14032.00000 0.00046
14036.00000 0.000334
14040.00000 0.000311
14044.00000 0.00015
14048.00000 3.7e-05
14052.00000 1.5e-05
14056.00000 6e-05
14060.00000 0.000216
14064.00000 0.000378
14068.00000 0.000366
14072.00000 0.000166
14076.00000 6.2e-05
14080.00000 0.000212
14084.00000 0.000436
14088.00000 0.000443
14092.00000 0.000288
14096.00000 9.3e-05
14100.00000 7.7e-05
14104.00000 0.000243
14108.00000 0.000429
14112.00000 0.000555
14116.00000 0.000576
14120.00000 0.00071
14124.00000 0.000706
14128.00000 0.000723
14132.00000 0.001345
14136.00000 0.001501
14140.00000 0.000868
14144.00000 0.000374
14148.00000 0.00018
14152.00000 0.000218
14156.00000 0.000439
14160.00000 0.000952
14164.00000 0.001706
14168.00000 0.001883
14172.00000 0.001461
14176.00000 0.001205
14180.00000 0.001022
14184.00000 0.001137
14188.00000 0.001148
14192.00000 0.000565
14196.00000 0.000184
14200.00000 0.000335
14204.00000 0.000693
14208.00000 0.000867
14212.00000 0.000973
14216.00000 0.001166
14220.00000 0.001327
14224.00000 0.001587
14228.00000 0.001522
14232.00000 0.00107
14236.00000 0.000714
14240.00000 0.000592
14244.00000 0.000787
14248.00000 0.001323
14252.00000 0.001443
14256.00000 0.001169
14260.00000 0.000908
14264.00000 0.001305
14268.00000 0.002056
14272.00000 0.002113
14276.00000 0.001536
14280.00000 0.001129
14284.00000 0.001028
14288.00000 0.001016
14292.00000 0.001367
14296.00000 0.002217
14300.00000 0.002531
14304.00000 0.002645
14308.00000 0.003373
14312.00000 0.002962
14316.00000 0.001652
14320.00000 0.001013
14324.00000 0.000962
14328.00000 0.000903
14332.00000 0.001404
14336.00000 0.002366
14340.00000 0.002481
14344.00000 0.001766
14348.00000 0.001354
14352.00000 0.001942
14356.00000 0.002484
14360.00000 0.00267
14364.00000 0.002229
14368.00000 0.002221
14372.00000 0.002522
14376.00000 0.001742
14380.00000 0.000981
14384.00000 0.001561
14388.00000 0.002836
14392.00000 0.003292
14396.00000 0.002571
14400.00000 0.002102
14404.00000 0.002967
14408.00000 0.003335
14412.00000 0.003221
14416.00000 0.00278
14420.00000 0.002767
14424.00000 0.003707
14428.00000 0.003729
14432.00000 0.003026
14436.00000 0.003901
14440.00000 0.005349
14444.00000 0.005032
14448.00000 0.004756
14452.00000 0.005165
14456.00000 0.003693
14460.00000 0.001793
14464.00000 0.002672
14468.00000 0.004986
14472.00000 0.005315
14476.00000 0.005297
14480.00000 0.007225
14484.00000 0.00806
14488.00000 0.007896
14492.00000 0.00847
14496.00000 0.009024
14500.00000 0.007817
14504.00000 0.005267
14508.00000 0.002813
14512.00000 0.002316
14516.00000 0.005184
14520.00000 0.008997
14524.00000 0.009033
14528.00000 0.009405
14532.00000 0.010461
14536.00000 0.011787
14540.00000 0.014646
14544.00000 0.015488
14548.00000 0.014664
14552.00000 0.013381
14556.00000 0.010421
14560.00000 0.012218
14564.00000 0.017194
14568.00000 0.019848
14572.00000 0.020508
14576.00000 0.019996
14580.00000 0.01955
14584.00000 0.022494
14588.00000 0.026205
14592.00000 0.027528
14596.00000 0.028688
14600.00000 0.028058
14604.00000 0.024056
14608.00000 0.021955
14612.00000 0.027965
14616.00000 0.029167
14620.00000 0.031954
14624.00000 0.040125
14628.00000 0.042686
14632.00000 0.033764
14636.00000 0.026485
14640.00000 0.038119
14644.00000 0.052099
14648.00000 0.058731
14652.00000 0.052615
14656.00000 0.040154
14660.00000 0.047185
14664.00000 0.050538
14668.00000 0.044571
14672.00000 0.04463
14676.00000 0.055195
14680.00000 0.065533
14684.00000 0.07733
14688.00000 0.09506
14692.00000 0.098158
14696.00000 0.078529
14700.00000 0.063459
14704.00000 0.081776
14708.00000 0.074608
14712.00000 0.050678
14716.00000 0.074891
14720.00000 0.115929
14724.00000 0.113821
14728.00000 0.095007
14732.00000 0.128222
14736.00000 0.154167
14740.00000 0.154213
14744.00000 0.189233
14748.00000 0.244707
14752.00000 0.271918
14756.00000 0.273116
14760.00000 0.221058
14764.00000 0.208572
14768.00000 0.262092
14772.00000 0.251558
14776.00000 0.251649
14780.00000 0.251564
14784.00000 0.241629
14788.00000 0.342875
14792.00000 0.398571
14796.00000 0.358659
14800.00000 0.333651
14804.00000 0.31794
14808.00000 0.270503
14812.00000 0.365387
14816.00000 0.466121
14820.00000 0.387569
14824.00000 0.35654
14828.00000 0.483724
14832.00000 0.585267
14836.00000 0.60632
14840.00000 0.638465
14844.00000 0.603765
14848.00000 0.525417
14852.00000 0.582874
14856.00000 0.633507
14860.00000 0.639105
14864.00000 0.623353
14868.00000 0.535078
14872.00000 0.495732
14876.00000 0.558003
14880.00000 0.602148
14884.00000 0.596954
14888.00000 0.663097
14892.00000 0.750744
14896.00000 0.747402
14900.00000 0.693838
14904.00000 0.745262
14908.00000 0.824763
14912.00000 0.804703
14916.00000 0.689428
14920.00000 0.632805
14924.00000 0.692798
14928.00000 0.721356
14932.00000 0.721668
14936.00000 0.743444
14940.00000 0.766732
14944.00000 0.742045
14948.00000 0.730646
14952.00000 0.704534
14956.00000 0.679756
14960.00000 0.688943
14964.00000 0.694959
14968.00000 0.676989
14972.00000 0.714098
14976.00000 0.767224
14980.00000 0.738698
14984.00000 0.691589
14988.00000 0.705363
14992.00000 0.728381
14996.00000 0.721542
15000.00000 0.719529
15004.00000 0.744177
15008.00000 0.762707
15012.00000 0.760784
15016.00000 0.760309
15020.00000 0.73051
15024.00000 0.71663
15028.00000 0.721326
15032.00000 0.698711
15036.00000 0.685879
15040.00000 0.644143
15044.00000 0.618512
15048.00000 0.636051
15052.00000 0.657524
15056.00000 0.710309
15060.00000 0.739199
15064.00000 0.752047
15068.00000 0.765594
15072.00000 0.759671
15076.00000 0.741649
15080.00000 0.749646
15084.00000 0.734832
15088.00000 0.676267
15092.00000 0.655678
15096.00000 0.711902
15100.00000 0.770135
15104.00000 0.781336
15108.00000 0.779356
15112.00000 0.782099
15116.00000 0.787958
15120.00000 0.800584
15124.00000 0.802799
15128.00000 0.790541
15132.00000 0.783739
15136.00000 0.791075
15140.00000 0.790245
15144.00000 0.787799
15148.00000 0.806686
15152.00000 0.818637
15156.00000 0.832371
15160.00000 0.841986
15164.00000 0.836119
15168.00000 0.824575
15172.00000 0.826953
15176.00000 0.835799
15180.00000 0.839282
15184.00000 0.858522
15188.00000 0.868698
15192.00000 0.862645
15196.00000 0.860257
15200.00000 0.881264
15204.00000 0.89068
15208.00000 0.891881
15212.00000 0.901494
15216.00000 0.907494
15220.00000 0.903277
15224.00000 0.903484
15228.00000 0.911624
15232.00000 0.914634
15236.00000 0.911111
15240.00000 0.910971
15244.00000 0.915036
15248.00000 0.911553
15252.00000 0.909878
15256.00000 0.910845
15260.00000 0.907306
15264.00000 0.906615
15268.00000 0.905538
15272.00000 0.902419
15276.00000 0.905219
15280.00000 0.910761
15284.00000 0.916899
15288.00000 0.915537
15292.00000 0.912883
15296.00000 0.916906
15300.00000 0.916607
15304.00000 0.915222
15308.00000 0.916751
15312.00000 0.919706
15316.00000 0.917015
15320.00000 0.919158
15324.00000 0.925302
15328.00000 0.927777
15332.00000 0.92854
15336.00000 0.929119
15340.00000 0.928209
15344.00000 0.926835
15348.00000 0.92763
15352.00000 0.925849
15356.00000 0.926419
15360.00000 0.932124
15364.00000 0.936723
15368.00000 0.939492
15372.00000 0.939881
15376.00000 0.942054
15380.00000 0.94737
15384.00000 0.950956
15388.00000 0.952368
15392.00000 0.952617
15396.00000 0.95249
15400.00000 0.954859
15404.00000 0.9543
15408.00000 0.952657
15412.00000 0.953124
15416.00000 0.953713
15420.00000 0.953322
15424.00000 0.951234
15428.00000 0.952089
15432.00000 0.955104
15436.00000 0.957084
15440.00000 0.957309
15444.00000 0.954544
15448.00000 0.953773
15452.00000 0.957586
15456.00000 0.959123
15460.00000 0.958259
15464.00000 0.957993
15468.00000 0.958401
15472.00000 0.959215
15476.00000 0.959825
15480.00000 0.959625
15484.00000 0.959515
15488.00000 0.960011
15492.00000 0.960276
15496.00000 0.960156
15500.00000 0.959876
15504.00000 0.955687
15508.00000 0.951458
15512.00000 0.946724
15516.00000 0.94215
15520.00000 0.93732
15524.00000 0.93176
15528.00000 0.928243
15532.00000 0.925139
15536.00000 0.921251
15540.00000 0.916925
15544.00000 0.912186
15548.00000 0.907689
15552.00000 0.905182
15556.00000 0.903881
15560.00000 0.902275
15564.00000 0.900388
15568.00000 0.898505
15572.00000 0.897181
15576.00000 0.895867
15580.00000 0.894274
15584.00000 0.892436
15588.00000 0.890617
15592.00000 0.889005
15596.00000 0.887626
15600.00000 0.885879
15604.00000 0.884646
15608.00000 0.883576
15612.00000 0.88225
15616.00000 0.881127
15620.00000 0.879824
15624.00000 0.87762
15628.00000 0.875741
15632.00000 0.875272
15636.00000 0.874578
15640.00000 0.873198
15644.00000 0.871343
15648.00000 0.869601
15652.00000 0.869998
15656.00000 0.87103
15660.00000 0.87124
15664.00000 0.871427
15668.00000 0.872096
15672.00000 0.872286
15676.00000 0.872385
15680.00000 0.871824
15684.00000 0.870612
15688.00000 0.869529
15692.00000 0.868312
15696.00000 0.866321
15700.00000 0.861011
15704.00000 0.854408
15708.00000 0.853537
15712.00000 0.850014
15716.00000 0.836127
15720.00000 0.829053
15724.00000 0.824658
15728.00000 0.81924
15732.00000 0.828932
15736.00000 0.839737
15740.00000 0.846329
15744.00000 0.85164
15748.00000 0.860818
15752.00000 0.874542
15756.00000 0.882567
15760.00000 0.879719
15764.00000 0.87103
15768.00000 0.862714
15772.00000 0.858605
15776.00000 0.860724
15780.00000 0.856057
15784.00000 0.857107
15788.00000 0.869525
15792.00000 0.874454
15796.00000 0.869354
15800.00000 0.867282
15804.00000 0.881361
15808.00000 0.885149
15812.00000 0.886518
15816.00000 0.892409
15820.00000 0.897416
15824.00000 0.90419
15828.00000 0.915639
15832.00000 0.920644
15836.00000 0.925209
15840.00000 0.933133
15844.00000 0.938349
15848.00000 0.942043
15852.00000 0.944787
15856.00000 0.946617
15860.00000 0.947972
15864.00000 0.950177
15868.00000 0.952285
15872.00000 0.953711
15876.00000 0.955364
15880.00000 0.958257
15884.00000 0.96088
15888.00000 0.96287
15892.00000 0.964813
15896.00000 0.966719
15900.00000 0.968403
15904.00000 0.967955
15908.00000 0.9679
15912.00000 0.968497
15916.00000 0.968507
15920.00000 0.967874
15924.00000 0.968015
15928.00000 0.968206
15932.00000 0.968907
15936.00000 0.969688
15940.00000 0.969795
15944.00000 0.969048
15948.00000 0.968338
15952.00000 0.968662
15956.00000 0.968398
15960.00000 0.967369
15964.00000 0.965539
15968.00000 0.963959
15972.00000 0.962541
15976.00000 0.960241
15980.00000 0.959344
15984.00000 0.958223
15988.00000 0.954796
15992.00000 0.951311
15996.00000 0.947656
16000.00000 0.941794
16004.00000 0.928903
16008.00000 0.914023
16012.00000 0.901698
16016.00000 0.894307
16020.00000 0.890111
16024.00000 0.871592
16028.00000 0.857141
16032.00000 0.86055
16036.00000 0.870998
16040.00000 0.874333
16044.00000 0.885032
16048.00000 0.894463
16052.00000 0.900086
16056.00000 0.905705
16060.00000 0.910359
16064.00000 0.909255
16068.00000 0.900499
16072.00000 0.892145
16076.00000 0.88994
16080.00000 0.887654
16084.00000 0.878054
16088.00000 0.875063
16092.00000 0.883438
16096.00000 0.890256
16100.00000 0.891602
16104.00000 0.887033
16108.00000 0.883152
16112.00000 0.889194
16116.00000 0.89845
16120.00000 0.901996
16124.00000 0.902118
16128.00000 0.90432
16132.00000 0.906635
16136.00000 0.903706
16140.00000 0.900886
16144.00000 0.907482
16148.00000 0.911689
16152.00000 0.912245
16156.00000 0.912592
16160.00000 0.913125
16164.00000 0.912926
16168.00000 0.912156
16172.00000 0.91242
16176.00000 0.913175
16180.00000 0.913441
16184.00000 0.913331
16188.00000 0.912889
16192.00000 0.91259
16196.00000 0.91365
16200.00000 0.914327
16204.00000 0.911873
16208.00000 0.909261
16212.00000 0.906591
16216.00000 0.90383
16220.00000 0.901248
16224.00000 0.898924
16228.00000 0.896427
16232.00000 0.893852
16236.00000 0.891204
16240.00000 0.888251
16244.00000 0.885594
16248.00000 0.88328
16252.00000 0.881641
16256.00000 0.88073
16260.00000 0.879558
16264.00000 0.878404
16268.00000 0.877985
16272.00000 0.877105
16276.00000 0.875622
16280.00000 0.875077
16284.00000 0.874075
16288.00000 0.872996
16292.00000 0.87273
16296.00000 0.872453
16300.00000 0.871824
16304.00000 0.87223
16308.00000 0.871362
16312.00000 0.872611
16316.00000 0.875094
16320.00000 0.876489
16324.00000 0.876814
16328.00000 0.876102
16332.00000 0.875652
16336.00000 0.8772
16340.00000 0.879909
16344.00000 0.8821
16348.00000 0.882989
16352.00000 0.880908
16356.00000 0.873227
16360.00000 0.871793
16364.00000 0.878094
16368.00000 0.879747
16372.00000 0.878553
16376.00000 0.872943
16380.00000 0.86221
16384.00000 0.865174
16388.00000 0.872904
16392.00000 0.87256
16396.00000 0.869534
16400.00000 0.866548
16404.00000 0.859488
16408.00000 0.854454
16412.00000 0.859125
16416.00000 0.860407
16420.00000 0.860216
16424.00000 0.859471
16428.00000 0.85196
16432.00000 0.836934
16436.00000 0.839015
16440.00000 0.848721
16444.00000 0.851835
16448.00000 0.852201
16452.00000 0.849972
16456.00000 0.836883
16460.00000 0.827721
16464.00000 0.846959
16468.00000 0.860842
16472.00000 0.865205
16476.00000 0.867264
16480.00000 0.864968
16484.00000 0.853649
16488.00000 0.851732
16492.00000 0.865426
16496.00000 0.872971
16500.00000 0.877468
16504.00000 0.880093
16508.00000 0.876557
16512.00000 0.866521
16516.00000 0.86929
16520.00000 0.878847
16524.00000 0.880559
16528.00000 0.884367
16532.00000 0.887025
16536.00000 0.880975
16540.00000 0.869399
16544.00000 0.875927
16548.00000 0.888302
16552.00000 0.890911
16556.00000 0.891389
16560.00000 0.892068
16564.00000 0.889819
16568.00000 0.881975
16572.00000 0.886236
16576.00000 0.897328
16580.00000 0.90221
16584.00000 0.905446
16588.00000 0.907918
16592.00000 0.906814
16596.00000 0.899462
16600.00000 0.900563
16604.00000 0.911398
16608.00000 0.916844
16612.00000 0.917912
16616.00000 0.916448
16620.00000 0.917014
16624.00000 0.916566
16628.00000 0.916452
16632.00000 0.92274
16636.00000 0.926135
16640.00000 0.927441
16644.00000 0.93006
16648.00000 0.932043
16652.00000 0.927661
16656.00000 0.902671
16660.00000 0.86894
16664.00000 0.86927
16668.00000 0.889246
16672.00000 0.904706
16676.00000 0.916915
16680.00000 0.925771
16684.00000 0.927757
16688.00000 0.926687
16692.00000 0.927417
16696.00000 0.9283
16700.00000 0.928783
16704.00000 0.929657
16708.00000 0.929322
16712.00000 0.928561
16716.00000 0.927075
16720.00000 0.927798
16724.00000 0.930325
16728.00000 0.931423
16732.00000 0.9316
16736.00000 0.931239
16740.00000 0.930124
16744.00000 0.925749
16748.00000 0.920343
16752.00000 0.925817
16756.00000 0.929581
16760.00000 0.930705
16764.00000 0.936571
16768.00000 0.938605
16772.00000 0.936062
16776.00000 0.932357
16780.00000 0.929113
16784.00000 0.938596
16788.00000 0.946635
16792.00000 0.951529
16796.00000 0.954982
16800.00000 0.956642
16804.00000 0.956685
16808.00000 0.953692
16812.00000 0.94972
16816.00000 0.954845
16820.00000 0.95948
16824.00000 0.96171
16828.00000 0.96318
16832.00000 0.96396
16836.00000 0.963662
16840.00000 0.957004
16844.00000 0.947026
16848.00000 0.95552
16852.00000 0.964935
16856.00000 0.964979
16860.00000 0.963736
16864.00000 0.962365
16868.00000 0.960555
16872.00000 0.956406
16876.00000 0.949732
16880.00000 0.950979
16884.00000 0.95478
16888.00000 0.955027
16892.00000 0.953172
16896.00000 0.950087
16900.00000 0.948234
16904.00000 0.945711
16908.00000 0.931629
16912.00000 0.930588
16916.00000 0.941777
16920.00000 0.944787
16924.00000 0.949265
16928.00000 0.952508
16932.00000 0.954949
16936.00000 0.955662
16940.00000 0.95328
16944.00000 0.948428
16948.00000 0.950115
16952.00000 0.953849
16956.00000 0.956864
16960.00000 0.959321
16964.00000 0.958979
16968.00000 0.950575
16972.00000 0.935775
16976.00000 0.929962
16980.00000 0.944585
16984.00000 0.958614
16988.00000 0.961696
16992.00000 0.961877
16996.00000 0.957732
17000.00000 0.951525
17004.00000 0.954617
17008.00000 0.954457
17012.00000 0.942736
17016.00000 0.945015
17020.00000 0.956578
17024.00000 0.958934
17028.00000 0.95644
17032.00000 0.953413
17036.00000 0.951939
17040.00000 0.950774
17044.00000 0.95415
17048.00000 0.956081
17052.00000 0.955545
17056.00000 0.951828
