threeML/data/optical_filters/LCO/WIRC-J.ecsv
# %ECSV 0.9
# ---
# datatype:
# - {name: wavelength, unit: Angstrom, datatype: float32}
# - {name: response, datatype: float32}
# meta: !!omap
# - {band_name: J}
# - {group_name: WIRC}
wavelength response
[from data line 767]
13064.00000 0.889919
13068.00000 0.856787
13072.00000 0.835411
13076.00000 0.870048
13080.00000 0.888377
13084.00000 0.867056
13088.00000 0.878424
13092.00000 0.903109
13096.00000 0.890952
13100.00000 0.846945
13104.00000 0.836823
13108.00000 0.843861
13112.00000 0.865749
13116.00000 0.906524
13120.00000 0.917786
13124.00000 0.886743
13128.00000 0.85957
13132.00000 0.860586
13136.00000 0.844794
13140.00000 0.811196
13144.00000 0.831861
13148.00000 0.862611
13152.00000 0.866092
13156.00000 0.868793
13160.00000 0.872076
13164.00000 0.903483
13168.00000 0.914268
13172.00000 0.86742
13176.00000 0.870217
13180.00000 0.922322
13184.00000 0.905172
13188.00000 0.858262
13192.00000 0.852651
13196.00000 0.865057
13200.00000 0.861774
13204.00000 0.815324
13208.00000 0.819356
13212.00000 0.882496
13216.00000 0.863739
13220.00000 0.853865
13224.00000 0.886712
13228.00000 0.873269
13232.00000 0.826843
13236.00000 0.822119
13240.00000 0.866009
13244.00000 0.853849
13248.00000 0.873424
13252.00000 0.922534
13256.00000 0.890831
13260.00000 0.857992
13264.00000 0.888272
13268.00000 0.897167
13272.00000 0.859076
13276.00000 0.837149
13280.00000 0.857977
13284.00000 0.823189
13288.00000 0.756039
13292.00000 0.738188
13296.00000 0.775802
13300.00000 0.837631
13304.00000 0.824672
13308.00000 0.797226
13312.00000 0.748281
13316.00000 0.674559
13320.00000 0.664092
13324.00000 0.675626
13328.00000 0.689172
13332.00000 0.755463
13336.00000 0.786673
13340.00000 0.694727
13344.00000 0.687273
13348.00000 0.797674
13352.00000 0.815692
13356.00000 0.83688
13360.00000 0.792679
13364.00000 0.704445
13368.00000 0.790414
13372.00000 0.807307
13376.00000 0.724541
13380.00000 0.699385
13384.00000 0.739675
13388.00000 0.809991
13392.00000 0.80362
13396.00000 0.799246
13400.00000 0.829005
13404.00000 0.733314
13408.00000 0.638074
13412.00000 0.748898
13416.00000 0.784529
13420.00000 0.763703
13424.00000 0.838874
13428.00000 0.848036
13432.00000 0.801896
13436.00000 0.807679
13440.00000 0.730747
13444.00000 0.526623
13448.00000 0.452883
13452.00000 0.583633
13456.00000 0.704853
13460.00000 0.651829
13464.00000 0.624822
13468.00000 0.588148
13472.00000 0.61007
13476.00000 0.602065
13480.00000 0.387765
13484.00000 0.23606
13488.00000 0.253711
13492.00000 0.34067
13496.00000 0.476455
13500.00000 0.528176
13504.00000 0.355487
13508.00000 0.194506
13512.00000 0.241436
13516.00000 0.290566
13520.00000 0.222339
13524.00000 0.217475
13528.00000 0.202184
13532.00000 0.136368
13536.00000 0.089108
13540.00000 0.111386
13544.00000 0.119287
13548.00000 0.052052
13552.00000 0.01728
13556.00000 0.029633
13560.00000 0.036938
13564.00000 0.049759
13568.00000 0.094761
13572.00000 0.086121
13576.00000 0.034225
13580.00000 0.022191
13584.00000 0.031433
13588.00000 0.024536
13592.00000 0.024913
13596.00000 0.021442
13600.00000 0.012517
13604.00000 0.018253
13608.00000 0.015384
13612.00000 0.005252
13616.00000 0.000802
13620.00000 0.000137
13624.00000 8.1e-05
13628.00000 0.001444
13632.00000 0.01088
13636.00000 0.025384
13640.00000 0.022678
13644.00000 0.010147
13648.00000 0.001998
13652.00000 0.000314
13656.00000 0.001083
13660.00000 0.006519
13664.00000 0.016369
13668.00000 0.018713
13672.00000 0.010954
13676.00000 0.003653
13680.00000 0.001015
13684.00000 0.00021
13688.00000 0.000237
13692.00000 0.001102
13696.00000 0.00255
13700.00000 0.002437
13704.00000 0.001199
13708.00000 0.000812
13712.00000 0.000515
13716.00000 0.000678
13720.00000 0.001363
13724.00000 0.001862
13728.00000 0.003704
13732.00000 0.004765
13736.00000 0.004263
13740.00000 0.00533
13744.00000 0.005127
13748.00000 0.002935
13752.00000 0.002496
13756.00000 0.005248
13760.00000 0.006002
13764.00000 0.003514
13768.00000 0.002879
13772.00000 0.00212
13776.00000 0.003038
13780.00000 0.005929
13784.00000 0.005181
13788.00000 0.002032
13792.00000 0.000875
13796.00000 0.001664
13800.00000 0.002204
13804.00000 0.001337
13808.00000 0.000302
13812.00000 0.0001
13816.00000 0.000421
13820.00000 0.000666
13824.00000 0.000332
13828.00000 7.5e-05
13832.00000 2.9e-05
13836.00000 6.3e-05
13840.00000 0.000107
13844.00000 0.000272
13848.00000 0.000443
13852.00000 0.000319
13856.00000 0.000186
13860.00000 0.000298
13864.00000 0.000404
13868.00000 0.000677
13872.00000 0.001326
13876.00000 0.001489
13880.00000 0.000829
13884.00000 0.000258
13888.00000 0.000524
13892.00000 0.00133
13896.00000 0.001988
13900.00000 0.001758
13904.00000 0.001344
13908.00000 0.001442
13912.00000 0.001184
13916.00000 0.00128
13920.00000 0.000977
13924.00000 0.000326
13928.00000 8.2e-05
13932.00000 0.000248
13936.00000 0.000615
13940.00000 0.000655
13944.00000 0.000477
13948.00000 0.000305
13952.00000 9.8e-05
13956.00000 1.3e-05
13960.00000 8e-06
13964.00000 1.5e-05
13968.00000 2.7e-05
13972.00000 9.2e-05
13976.00000 0.000254
13980.00000 0.000487
13984.00000 0.000474
13988.00000 0.000379
13992.00000 0.000335
13996.00000 0.000164
15395.59961 0.0
