threeML/data/optical_filters/LCO/WIRC-J.ecsv
# %ECSV 0.9
# ---
# datatype:
# - {name: wavelength, unit: Angstrom, datatype: float32}
# - {name: response, datatype: float32}
# meta: !!omap
# - {band_name: J}
# - {group_name: WIRC}
wavelength response
9000.00000 0.0
10000.00000 0.00103
10004.00000 0.001043
10008.00000 0.001056
10012.00000 0.00107
10016.00000 0.001081
10020.00000 0.001091
10024.00000 0.001102
10028.00000 0.001116
10032.00000 0.001131
10036.00000 0.001145
10040.00000 0.001157
10044.00000 0.001168
10048.00000 0.001182
10052.00000 0.001195
10056.00000 0.001208
10060.00000 0.00122
10064.00000 0.001233
10068.00000 0.001246
10072.00000 0.001259
10076.00000 0.001272
10080.00000 0.001284
10084.00000 0.001295
10088.00000 0.001308
10092.00000 0.00132
10096.00000 0.001331
10100.00000 0.001343
10104.00000 0.001327
10108.00000 0.001311
10112.00000 0.001294
10116.00000 0.001276
10120.00000 0.001258
10124.00000 0.001238
10128.00000 0.001221
10132.00000 0.001204
10136.00000 0.001186
10140.00000 0.001168
10144.00000 0.00115
10148.00000 0.001131
10152.00000 0.001114
10156.00000 0.001096
10160.00000 0.001077
10164.00000 0.00106
10168.00000 0.001042
10172.00000 0.001023
10176.00000 0.001005
10180.00000 0.000987
10184.00000 0.000969
10188.00000 0.000951
10192.00000 0.000932
10196.00000 0.000913
10200.00000 0.000894
10204.00000 0.000895
10208.00000 0.000895
10212.00000 0.000894
10216.00000 0.000893
10220.00000 0.000892
10224.00000 0.000892
10228.00000 0.000891
10232.00000 0.00089
10236.00000 0.000889
10240.00000 0.000887
10244.00000 0.000886
10248.00000 0.000887
10252.00000 0.000887
10256.00000 0.000886
10260.00000 0.000885
10264.00000 0.000884
10268.00000 0.000883
10272.00000 0.000882
10276.00000 0.000881
10280.00000 0.000879
10284.00000 0.000879
10288.00000 0.000878
10292.00000 0.000877
10296.00000 0.000877
10300.00000 0.000876
10304.00000 0.000957
10308.00000 0.001039
10312.00000 0.00112
10316.00000 0.001202
10320.00000 0.001283
10324.00000 0.001365
10328.00000 0.001447
10332.00000 0.001528
10336.00000 0.00161
10340.00000 0.001691
10344.00000 0.001773
10348.00000 0.001854
10352.00000 0.001936
10356.00000 0.002018
10360.00000 0.002099
10364.00000 0.00218
10368.00000 0.002262
10372.00000 0.002344
10376.00000 0.002425
10380.00000 0.002507
10384.00000 0.002588
10388.00000 0.002669
10392.00000 0.002751
10396.00000 0.002832
10400.00000 0.002914
10404.00000 0.002919
10408.00000 0.002925
10412.00000 0.00293
10416.00000 0.002936
10420.00000 0.002942
10424.00000 0.002947
10428.00000 0.002953
10432.00000 0.002958
10436.00000 0.002964
10440.00000 0.002969
10444.00000 0.002975
10448.00000 0.00298
10452.00000 0.002986
10456.00000 0.002991
10460.00000 0.002997
10464.00000 0.003002
10468.00000 0.003008
10472.00000 0.003013
10476.00000 0.003019
10480.00000 0.003024
10484.00000 0.00303
10488.00000 0.003035
10492.00000 0.00304
10496.00000 0.003045
10500.00000 0.00305
10504.00000 0.003093
10508.00000 0.003137
10512.00000 0.00318
10516.00000 0.003223
10520.00000 0.003266
10524.00000 0.003308
10528.00000 0.003351
10532.00000 0.003394
10536.00000 0.003437
10540.00000 0.00348
10544.00000 0.003523
10548.00000 0.003566
10552.00000 0.003609
10556.00000 0.003652
10560.00000 0.003695
10564.00000 0.003738
10568.00000 0.003781
10572.00000 0.003824
10576.00000 0.003866
10580.00000 0.003909
10584.00000 0.003952
10588.00000 0.003995
10592.00000 0.004038
10596.00000 0.00408
10600.00000 0.004123
10604.00000 0.004036
10608.00000 0.003949
10612.00000 0.003862
10616.00000 0.003774
10620.00000 0.003687
10624.00000 0.003599
10628.00000 0.003511
10632.00000 0.003423
10636.00000 0.003336
10640.00000 0.00325
10644.00000 0.003163
10648.00000 0.003074
10652.00000 0.003083
10656.00000 0.003193
10660.00000 0.003303
10664.00000 0.003412
10668.00000 0.003521
10672.00000 0.003629
10676.00000 0.003736
10680.00000 0.003841
10684.00000 0.00395
10688.00000 0.00406
10692.00000 0.004169
10696.00000 0.004276
10700.00000 0.004384
10704.00000 0.004302
10708.00000 0.004222
10712.00000 0.004144
10716.00000 0.004063
10720.00000 0.003979
10724.00000 0.003893
10728.00000 0.00381
10732.00000 0.00373
10736.00000 0.003653
10740.00000 0.003575
10744.00000 0.003491
10748.00000 0.003396
10752.00000 0.003399
10756.00000 0.003518
10760.00000 0.003632
10764.00000 0.003736
10768.00000 0.003838
10772.00000 0.003939
10776.00000 0.004019
10780.00000 0.004112
10784.00000 0.004242
10788.00000 0.004358
10792.00000 0.004469
10796.00000 0.004575
10800.00000 0.004667
10804.00000 0.004707
10808.00000 0.00476
10812.00000 0.004832
10816.00000 0.004884
10820.00000 0.004949
10824.00000 0.005037
10828.00000 0.005115
10832.00000 0.005173
10836.00000 0.005177
10840.00000 0.005185
10844.00000 0.00529
10848.00000 0.005384
10852.00000 0.005533
10856.00000 0.005745
10860.00000 0.005911
10864.00000 0.005991
10868.00000 0.006161
10872.00000 0.006486
10876.00000 0.006746
10880.00000 0.006974
10884.00000 0.007195
10888.00000 0.007405
10892.00000 0.007597
10896.00000 0.007775
10900.00000 0.007993
10904.00000 0.007996
10908.00000 0.00794
10912.00000 0.008099
10916.00000 0.008295
10920.00000 0.008381
10924.00000 0.00837
10928.00000 0.008167
10932.00000 0.008108
10936.00000 0.008397
10940.00000 0.008571
10944.00000 0.008641
10948.00000 0.008625
10952.00000 0.008652
10956.00000 0.00893
10960.00000 0.009125
10964.00000 0.009203
10968.00000 0.009531
10972.00000 0.009922
10976.00000 0.010118
10980.00000 0.01009
10984.00000 0.010175
10988.00000 0.010504
10992.00000 0.010675
10996.00000 0.010756
11000.00000 0.010691
11004.00000 0.010979
11008.00000 0.011399
11012.00000 0.011549
11016.00000 0.011851
11020.00000 0.01208
11024.00000 0.011997
11028.00000 0.012213
11032.00000 0.012469
11036.00000 0.012755
11040.00000 0.013202
11044.00000 0.013204
11048.00000 0.013043
11052.00000 0.013748
11056.00000 0.014563
11060.00000 0.014843
11064.00000 0.014862
11068.00000 0.015138
11072.00000 0.016286
11076.00000 0.017373
11080.00000 0.017555
11084.00000 0.017228
11088.00000 0.017334
11092.00000 0.018208
11096.00000 0.019372
11100.00000 0.020232
11104.00000 0.021273
11108.00000 0.021217
11112.00000 0.021076
11116.00000 0.021642
11120.00000 0.0232
11124.00000 0.025454
11128.00000 0.026017
11132.00000 0.024652
11136.00000 0.022289
11140.00000 0.023
11144.00000 0.026496
11148.00000 0.029988
11152.00000 0.029041
11156.00000 0.026566
11160.00000 0.029846
11164.00000 0.030807
11168.00000 0.02388
11172.00000 0.023807
11176.00000 0.030723
11180.00000 0.038702
11184.00000 0.044106
11188.00000 0.041577
11192.00000 0.037908
11196.00000 0.03448
11200.00000 0.041361
11204.00000 0.04774
11208.00000 0.051566
11212.00000 0.065539
11216.00000 0.068997
11220.00000 0.062501
11224.00000 0.049361
11228.00000 0.040692
11232.00000 0.057339
11236.00000 0.083296
11240.00000 0.075616
11244.00000 0.08559
11248.00000 0.112556
11252.00000 0.118301
11256.00000 0.089468
11260.00000 0.065626
11264.00000 0.091587
11268.00000 0.126633
11272.00000 0.161008
11276.00000 0.15823
11280.00000 0.133681
11284.00000 0.147151
11288.00000 0.175291
11292.00000 0.179693
11296.00000 0.178474
11300.00000 0.164257
11304.00000 0.173386
11308.00000 0.242135
11312.00000 0.314094
11316.00000 0.342582
11320.00000 0.350717
11324.00000 0.351454
11328.00000 0.333223
11332.00000 0.334858
11336.00000 0.291559
11340.00000 0.22976
11344.00000 0.203449
11348.00000 0.143999
11352.00000 0.095968
11356.00000 0.187326
11360.00000 0.324547
11364.00000 0.338056
11368.00000 0.412576
11372.00000 0.527472
11376.00000 0.545157
11380.00000 0.506676
11384.00000 0.518768
11388.00000 0.493892
11392.00000 0.547785
11396.00000 0.648903
11400.00000 0.608958
11404.00000 0.545
11408.00000 0.580129
11412.00000 0.53299
11416.00000 0.518558
11420.00000 0.54963
11424.00000 0.584239
11428.00000 0.613898
11432.00000 0.65355
11436.00000 0.66775
11440.00000 0.588324
11444.00000 0.464561
11448.00000 0.434167
11452.00000 0.485301
11456.00000 0.496548
11460.00000 0.507993
11464.00000 0.522039
11468.00000 0.466251
11472.00000 0.401819
11476.00000 0.400409
11480.00000 0.478835
11484.00000 0.652662
11488.00000 0.6764
11492.00000 0.591601
11496.00000 0.59961
11500.00000 0.510487
11504.00000 0.489189
11508.00000 0.618691
11512.00000 0.644174
11516.00000 0.631567
11520.00000 0.653697
11524.00000 0.608198
11528.00000 0.545999
11532.00000 0.570232
11536.00000 0.685308
11540.00000 0.642444
11544.00000 0.57104
11548.00000 0.608625
11552.00000 0.689943
11556.00000 0.707936
11560.00000 0.669066
11564.00000 0.69049
11568.00000 0.740989
11572.00000 0.767119
11576.00000 0.752809
11580.00000 0.703455
11584.00000 0.716442
11588.00000 0.764229
11592.00000 0.743577
11596.00000 0.746255
11600.00000 0.76927
11604.00000 0.742718
11608.00000 0.718424
11612.00000 0.766276
11616.00000 0.79398
11620.00000 0.797221
11624.00000 0.796156
11628.00000 0.791182
11632.00000 0.841359
11636.00000 0.859049
11640.00000 0.834107
11644.00000 0.837459
11648.00000 0.85243
11652.00000 0.827807
11656.00000 0.796537
11660.00000 0.786835
11664.00000 0.7977
11668.00000 0.823324
11672.00000 0.820133
11676.00000 0.832427
11680.00000 0.842466
11684.00000 0.836846
11688.00000 0.830419
11692.00000 0.844906
11696.00000 0.854563
11700.00000 0.860095
11704.00000 0.862561
11708.00000 0.845298
11712.00000 0.839541
11716.00000 0.85205
11720.00000 0.864531
11724.00000 0.851713
11728.00000 0.839282
11732.00000 0.840939
11736.00000 0.836228
11740.00000 0.802089
11744.00000 0.762499
11748.00000 0.801329
11752.00000 0.846584
11756.00000 0.832832
11760.00000 0.832843
11764.00000 0.864254
11768.00000 0.873385
11772.00000 0.864472
11776.00000 0.827001
11780.00000 0.771638
11784.00000 0.785209
11788.00000 0.820297
11792.00000 0.844728
11796.00000 0.836321
11800.00000 0.805347
11804.00000 0.82423
11808.00000 0.84753
11812.00000 0.839043
11816.00000 0.807972
11820.00000 0.743744
11824.00000 0.701316
11828.00000 0.755371
11832.00000 0.815275
11836.00000 0.837545
11840.00000 0.830968
11844.00000 0.802661
11848.00000 0.772039
11852.00000 0.762246
11856.00000 0.784297
11860.00000 0.817285
11864.00000 0.821507
11868.00000 0.810745
11872.00000 0.801349
11876.00000 0.785995
11880.00000 0.74547
11884.00000 0.723912
11888.00000 0.733371
11892.00000 0.770652
11896.00000 0.785457
11900.00000 0.800465
11904.00000 0.802258
11908.00000 0.789695
11912.00000 0.784705
11916.00000 0.791579
11920.00000 0.79792
11924.00000 0.800215
11928.00000 0.808375
11932.00000 0.80373
11936.00000 0.783385
11940.00000 0.77481
11944.00000 0.798125
11948.00000 0.803634
11952.00000 0.797076
11956.00000 0.788403
11960.00000 0.784041
11964.00000 0.789168
11968.00000 0.795281
11972.00000 0.804553
11976.00000 0.796842
11980.00000 0.784317
11984.00000 0.799673
11988.00000 0.789322
11992.00000 0.754654
11996.00000 0.762163
12000.00000 0.79394
12004.00000 0.802978
12008.00000 0.802392
12012.00000 0.801494
12016.00000 0.800495
12020.00000 0.789491
12024.00000 0.794882
12028.00000 0.820187
12032.00000 0.822973
12036.00000 0.801679
12040.00000 0.748361
12044.00000 0.750982
12048.00000 0.808076
12052.00000 0.816356
12056.00000 0.818135
12060.00000 0.849066
12064.00000 0.861047
12068.00000 0.853215
12072.00000 0.845226
12076.00000 0.841646
12080.00000 0.850113
12084.00000 0.851147
12088.00000 0.856282
12092.00000 0.861313
12096.00000 0.856739
12100.00000 0.869687
12104.00000 0.875652
12108.00000 0.891152
12112.00000 0.89075
12116.00000 0.864262
12120.00000 0.861287
12124.00000 0.872799
12128.00000 0.874818
12132.00000 0.890588
12136.00000 0.902615
12140.00000 0.89871
12144.00000 0.881394
12148.00000 0.875946
12152.00000 0.879172
12156.00000 0.886586
12160.00000 0.900573
12164.00000 0.91245
12168.00000 0.90592
12172.00000 0.898268
12176.00000 0.91048
12180.00000 0.916957
12184.00000 0.910559
12188.00000 0.912547
12192.00000 0.909248
12196.00000 0.903158
12200.00000 0.910189
12204.00000 0.913869
12208.00000 0.915516
12212.00000 0.921184
12216.00000 0.913709
12220.00000 0.899454
12224.00000 0.903875
12228.00000 0.908468
12232.00000 0.908259
12236.00000 0.911766
12240.00000 0.908387
12244.00000 0.910806
12248.00000 0.915609
12252.00000 0.918391
12256.00000 0.915575
12260.00000 0.915442
12264.00000 0.916869
12268.00000 0.914814
12272.00000 0.905771
12276.00000 0.903507
12280.00000 0.914161
12284.00000 0.921432
12288.00000 0.922627
12292.00000 0.919547
12296.00000 0.915837
12300.00000 0.914151
12304.00000 0.919094
12308.00000 0.923103
12312.00000 0.92438
12316.00000 0.924052
12320.00000 0.923703
12324.00000 0.92411
12328.00000 0.923211
12332.00000 0.920036
12336.00000 0.919603
12340.00000 0.92265
12344.00000 0.925637
12348.00000 0.925971
12352.00000 0.925408
12356.00000 0.924935
12360.00000 0.925341
12364.00000 0.925997
12368.00000 0.925524
12372.00000 0.924565
12376.00000 0.925209
12380.00000 0.926077
12384.00000 0.926138
12388.00000 0.925965
12392.00000 0.926102
12396.00000 0.92656
12400.00000 0.926676
12404.00000 0.926407
12408.00000 0.925587
12412.00000 0.925186
12416.00000 0.925803
12420.00000 0.926476
12424.00000 0.926656
12428.00000 0.926709
12432.00000 0.926742
12436.00000 0.926747
12440.00000 0.926633
12444.00000 0.926206
12448.00000 0.926037
12452.00000 0.926461
12456.00000 0.926602
12460.00000 0.926592
12464.00000 0.926572
12468.00000 0.926468
12472.00000 0.926384
12476.00000 0.926386
12480.00000 0.92618
12484.00000 0.925698
12488.00000 0.925768
12492.00000 0.926007
12496.00000 0.925179
12500.00000 0.924045
12504.00000 0.925612
12508.00000 0.926578
12512.00000 0.924237
12516.00000 0.923133
12520.00000 0.927223
12524.00000 0.928982
12528.00000 0.92694
12532.00000 0.927042
12536.00000 0.930793
12540.00000 0.931985
12544.00000 0.930516
12548.00000 0.931025
12552.00000 0.933759
12556.00000 0.934311
12560.00000 0.932915
12564.00000 0.933433
12568.00000 0.935841
12572.00000 0.933474
12576.00000 0.92069
12580.00000 0.918421
12584.00000 0.932203
12588.00000 0.937073
12592.00000 0.934469
12596.00000 0.931663
12600.00000 0.932139
12604.00000 0.933301
12608.00000 0.927876
12612.00000 0.913202
12616.00000 0.912308
12620.00000 0.923918
12624.00000 0.932927
12628.00000 0.925759
12632.00000 0.913824
12636.00000 0.910693
12640.00000 0.91789
12644.00000 0.912015
12648.00000 0.908204
12652.00000 0.921658
12656.00000 0.923064
12660.00000 0.923063
12664.00000 0.915453
12668.00000 0.916519
12672.00000 0.921127
12676.00000 0.937623
12680.00000 0.943402
12684.00000 0.926144
12688.00000 0.855743
12692.00000 0.808596
12696.00000 0.865536
12700.00000 0.92779
12704.00000 0.950007
12708.00000 0.958434
12712.00000 0.958403
12716.00000 0.959323
12720.00000 0.957865
12724.00000 0.954818
12728.00000 0.957598
12732.00000 0.955057
12736.00000 0.964668
12740.00000 0.966977
12744.00000 0.966761
12748.00000 0.974384
12752.00000 0.975068
12756.00000 0.980244
12760.00000 0.985588
12764.00000 0.979647
12768.00000 0.976062
12772.00000 0.979928
12776.00000 0.977696
12780.00000 0.982505
12784.00000 0.989925
12788.00000 0.989527
12792.00000 0.992839
12796.00000 0.993545
12800.00000 0.993023
12804.00000 0.994499
12808.00000 0.993707
12812.00000 0.991203
12816.00000 0.99294
12820.00000 0.99492
12824.00000 0.993812
12828.00000 0.991172
12832.00000 0.99147
12836.00000 0.991854
12840.00000 0.990982
12844.00000 0.98917
12848.00000 0.987766
12852.00000 0.987515
12856.00000 0.987072
12860.00000 0.985281
12864.00000 0.982407
12868.00000 0.977828
12872.00000 0.974027
12876.00000 0.972804
12880.00000 0.971655
12884.00000 0.966563
12888.00000 0.960841
12892.00000 0.956646
12896.00000 0.956054
12900.00000 0.95861
12904.00000 0.957408
12908.00000 0.955815
12912.00000 0.954342
12916.00000 0.949038
12920.00000 0.938561
12924.00000 0.93446
12928.00000 0.93564
12932.00000 0.934836
12936.00000 0.93531
12940.00000 0.930095
12944.00000 0.924894
12948.00000 0.924933
12952.00000 0.922351
12956.00000 0.914859
12960.00000 0.904459
12964.00000 0.90664
12968.00000 0.910591
12972.00000 0.902471
12976.00000 0.889208
12980.00000 0.892514
12984.00000 0.902699
12988.00000 0.906838
12992.00000 0.907368
12996.00000 0.899149
13000.00000 0.889243
13004.00000 0.887059
13008.00000 0.875286
13012.00000 0.867962
13016.00000 0.879929
13020.00000 0.899185
13024.00000 0.900916
13028.00000 0.887956
13032.00000 0.873442
13036.00000 0.862942
13040.00000 0.850533
13044.00000 0.837133
13048.00000 0.839799
13052.00000 0.880908
13056.00000 0.896404
