threeML/data/optical_filters/INT/IPHAS-gI.ecsv
# %ECSV 0.9
# ---
# datatype:
# - {name: wavelength, unit: Angstrom, datatype: float32}
# - {name: response, datatype: float32}
# meta: !!omap
# - {band_name: gI}
# - {group_name: IPHAS}
wavelength response
5859.00000 0.0
6510.00000 5e-06
6515.00000 7e-06
6520.00000 2e-06
6525.00000 0.0
6530.00000 2e-06
6535.00000 4e-06
6540.00000 nan
6545.00000 nan
6550.00000 4e-06
6555.00000 3e-06
6560.00000 3e-06
6565.00000 4e-06
6570.00000 nan
6575.00000 5e-06
6580.00000 5e-06
6585.00000 5e-06
6590.00000 0.0
6595.00000 0.0
6600.00000 nan
6605.00000 5e-06
6610.00000 nan
6615.00000 3e-06
6620.00000 nan
6625.00000 1.4e-05
6630.00000 1.8e-05
6635.00000 2.6e-05
6640.00000 2.2e-05
6645.00000 4.4e-05
6650.00000 5.3e-05
6655.00000 7.8e-05
6660.00000 9.9e-05
6665.00000 0.000131
6670.00000 0.000183
6675.00000 0.000224
6680.00000 0.000299
6685.00000 0.000384
6690.00000 0.000509
6695.00000 0.000644
6700.00000 0.000837
6705.00000 0.001066
6710.00000 0.001359
6715.00000 0.001696
6720.00000 0.002153
6725.00000 0.00268
6730.00000 0.003395
6735.00000 0.004141
6740.00000 0.005179
6745.00000 0.006311
6750.00000 0.007782
6755.00000 0.009331
6760.00000 0.011338
6765.00000 0.0135
6770.00000 0.016247
6775.00000 0.01909
6780.00000 0.02254
6785.00000 0.026292
6790.00000 0.030735
6795.00000 0.03538
6800.00000 0.040831
6805.00000 0.04639
6810.00000 0.053144
6815.00000 0.059765
6820.00000 0.067502
6825.00000 0.075327
6830.00000 0.084356
6835.00000 0.093167
6840.00000 0.103091
6845.00000 0.112924
6850.00000 0.124234
6855.00000 0.13468
6860.00000 0.146915
6865.00000 0.158502
6870.00000 0.171382
6875.00000 0.183749
6880.00000 0.19688
6885.00000 0.209897
6890.00000 0.224289
6895.00000 0.237148
6900.00000 0.251939
6905.00000 0.265722
6910.00000 0.280117
6915.00000 0.294023
6920.00000 0.309452
6925.00000 0.322562
6930.00000 0.337546
6935.00000 0.351047
6940.00000 0.36563
6945.00000 0.379461
6950.00000 0.393571
6955.00000 0.406552
6960.00000 0.420238
6965.00000 0.433106
6970.00000 0.446189
6975.00000 0.458463
6980.00000 0.471602
6985.00000 0.482629
6990.00000 0.495781
6995.00000 0.507101
7000.00000 0.518907
7005.00000 0.529614
7010.00000 0.542185
7015.00000 0.553028
7020.00000 0.564104
7025.00000 0.575586
7030.00000 0.587016
7035.00000 0.597772
7040.00000 0.609616
7045.00000 0.619858
7050.00000 0.631494
7055.00000 0.642555
7060.00000 0.653567
7065.00000 0.664538
7070.00000 0.676284
7075.00000 0.685944
7080.00000 0.696877
7085.00000 0.707021
7090.00000 0.716997
7095.00000 0.726232
7100.00000 0.736881
7105.00000 0.744763
7110.00000 0.754058
7115.00000 0.761745
7120.00000 0.767889
7125.00000 0.773878
7130.00000 0.782209
7135.00000 0.785752
7140.00000 0.79055
7145.00000 0.795416
7150.00000 0.798526
7155.00000 0.801251
7160.00000 0.804828
7165.00000 0.806675
7170.00000 0.809059
7175.00000 0.810125
7180.00000 0.812201
7185.00000 0.813402
7190.00000 0.814327
7195.00000 0.816311
7200.00000 0.817363
7205.00000 0.819643
7210.00000 0.820984
7215.00000 0.822567
7220.00000 0.826974
7225.00000 0.828878
7230.00000 0.831597
7235.00000 0.834449
7240.00000 0.838328
7245.00000 0.841784
7250.00000 0.848047
7255.00000 0.851321
7260.00000 0.855687
7265.00000 0.860496
7270.00000 0.866066
7275.00000 0.870675
7280.00000 0.876665
7285.00000 0.881097
7290.00000 0.884406
7295.00000 0.890466
7300.00000 0.894686
7305.00000 0.898146
7310.00000 0.902082
7315.00000 0.905824
7320.00000 0.907894
7325.00000 0.909321
7330.00000 0.911177
7335.00000 0.910764
7340.00000 0.911831
7345.00000 0.911617
7350.00000 0.909803
7355.00000 0.908645
7360.00000 0.90767
7365.00000 0.904577
7370.00000 0.900521
7375.00000 0.900017
7380.00000 0.896567
7385.00000 0.893865
7390.00000 0.892272
7395.00000 0.889114
7400.00000 0.885916
7405.00000 0.883523
7410.00000 0.881658
7415.00000 0.878411
7420.00000 0.878601
7425.00000 0.877621
7430.00000 0.87703
7435.00000 0.876763
7440.00000 0.876599
7445.00000 0.878002
7450.00000 0.879232
7455.00000 0.880338
7460.00000 0.88171
7465.00000 0.884715
7470.00000 0.887798
7475.00000 0.889413
7480.00000 0.893623
7485.00000 0.896092
7490.00000 0.900033
7495.00000 0.90415
7500.00000 0.907058
7505.00000 0.910392
7510.00000 0.915741
7515.00000 0.918825
7520.00000 0.920651
7525.00000 0.92504
7530.00000 0.927027
7535.00000 0.928438
7540.00000 0.931637
7545.00000 0.931114
7550.00000 0.932979
7555.00000 0.933227
7560.00000 0.93287
7565.00000 0.933213
7570.00000 0.933344
7575.00000 0.932217
7580.00000 0.930741
7585.00000 0.930324
7590.00000 0.927883
7595.00000 0.926008
7600.00000 0.924714
7605.00000 0.922882
7610.00000 0.920846
7615.00000 0.920299
7620.00000 0.920568
7625.00000 0.917314
7630.00000 0.916318
7635.00000 0.916518
7640.00000 0.91457
7645.00000 0.914353
7650.00000 0.914783
7655.00000 0.915693
7660.00000 0.915976
7665.00000 0.916947
7670.00000 0.917824
7675.00000 0.918554
7680.00000 0.922363
7685.00000 0.921287
7690.00000 0.925839
7695.00000 0.926403
7700.00000 0.926435
7705.00000 0.931344
7710.00000 0.932656
7715.00000 0.933287
7720.00000 0.936934
7725.00000 0.936026
7730.00000 0.937601
7735.00000 0.938473
7740.00000 0.940158
7745.00000 0.940273
7750.00000 0.940892
7755.00000 0.938722
7760.00000 0.939253
7765.00000 0.936248
7770.00000 0.935738
7775.00000 0.933821
7780.00000 0.931782
7785.00000 0.931146
7790.00000 0.927275
7795.00000 0.924526
7800.00000 0.921267
7805.00000 0.920795
7810.00000 0.916171
7815.00000 0.912631
7820.00000 0.910043
7825.00000 0.908915
7830.00000 0.904959
7835.00000 0.903459
7840.00000 0.900696
7845.00000 0.89951
7850.00000 0.897658
7855.00000 0.896393
7860.00000 0.897751
7865.00000 0.897367
7870.00000 0.893897
7875.00000 0.894066
7880.00000 0.897167
7885.00000 0.895972
7890.00000 0.899437
7895.00000 0.89983
7900.00000 0.90274
7905.00000 0.903527
7910.00000 0.905469
7915.00000 0.909708
7920.00000 0.911231
7925.00000 0.913239
7930.00000 0.91656
7935.00000 0.921383
7940.00000 0.923793
7945.00000 0.925276
7950.00000 0.929501
7955.00000 0.929457
7960.00000 0.931124
7965.00000 0.935119
7970.00000 0.935253
7975.00000 0.933569
7980.00000 0.936855
7985.00000 0.93827
7990.00000 0.937417
7995.00000 0.93709
8000.00000 0.937752
8005.00000 0.934161
8010.00000 0.934519
8015.00000 0.933667
8020.00000 0.929438
8025.00000 0.927626
8030.00000 0.925467
8035.00000 0.92214
8040.00000 0.922133
8045.00000 0.918828
8050.00000 0.915782
8055.00000 0.914744
8060.00000 0.91293
8065.00000 0.910662
8070.00000 0.907587
8075.00000 0.909003
8080.00000 0.906109
8085.00000 0.905134
8090.00000 0.904981
8095.00000 0.904372
8100.00000 0.903914
8105.00000 0.90646
8110.00000 0.903913
8115.00000 0.907106
8120.00000 0.907085
8125.00000 0.908735
8130.00000 0.908259
8135.00000 0.912077
8140.00000 0.913711
8145.00000 0.916829
8150.00000 0.922179
8155.00000 0.919959
8160.00000 0.924855
8165.00000 0.926797
8170.00000 0.928726
8175.00000 0.932466
8180.00000 0.933283
8185.00000 0.934451
8190.00000 0.934836
8195.00000 0.938012
8200.00000 0.93578
8205.00000 0.939187
8210.00000 0.940659
8215.00000 0.94007
8220.00000 0.941361
8225.00000 0.938054
8230.00000 0.940949
8235.00000 0.936834
8240.00000 0.93674
8245.00000 0.9354
8250.00000 0.932686
8255.00000 0.930828
8260.00000 0.92566
8265.00000 0.925351
8270.00000 0.923673
8275.00000 0.919337
8280.00000 0.918213
8285.00000 0.909098
8290.00000 0.909994
8295.00000 0.907079
8300.00000 0.906484
8305.00000 0.903451
8310.00000 0.897051
8315.00000 0.895923
8320.00000 0.892955
8325.00000 0.890258
8330.00000 0.890192
8335.00000 0.890469
8340.00000 0.887853
8345.00000 0.886064
8350.00000 0.88461
8355.00000 0.883584
8360.00000 0.882599
8365.00000 0.885512
8370.00000 0.883289
8375.00000 0.887675
8380.00000 0.88566
8385.00000 0.890691
8390.00000 0.888204
8395.00000 0.896112
8400.00000 0.892834
8405.00000 0.899714
8410.00000 0.906447
8415.00000 0.906855
8420.00000 0.908507
8425.00000 0.914743
8430.00000 0.917051
8435.00000 0.914204
8440.00000 0.913467
8445.00000 0.909804
8450.00000 0.903589
8455.00000 0.892038
8460.00000 0.871768
8465.00000 0.849228
8470.00000 0.81509
8475.00000 0.778377
8480.00000 0.729602
8485.00000 0.680847
8490.00000 0.622274
8495.00000 0.565898
8500.00000 0.500782
8505.00000 0.444895
8510.00000 0.386299
8515.00000 0.335438
8520.00000 0.287139
8525.00000 0.24591
8530.00000 0.206358
8535.00000 0.176505
8540.00000 0.146424
8545.00000 0.124798
8550.00000 0.104075
8555.00000 0.086932
8560.00000 0.073693
8565.00000 0.063238
8570.00000 0.052267
8575.00000 0.044493
8580.00000 0.037896
8585.00000 0.032771
8590.00000 0.027684
8595.00000 0.024112
8600.00000 0.020393
8605.00000 0.017637
8610.00000 0.0149
8615.00000 0.01339
8620.00000 0.011269
8625.00000 0.00989
8630.00000 0.008592
8635.00000 0.007127
8640.00000 0.006687
8645.00000 0.005908
8650.00000 0.00499
8655.00000 0.004383
8660.00000 0.003731
8665.00000 0.003547
8670.00000 0.002818
8675.00000 0.002782
8680.00000 0.002218
8685.00000 0.002096
8690.00000 0.002033
8695.00000 0.001725
8700.00000 0.001523
8705.00000 0.001433
8710.00000 0.001117
8715.00000 0.0011
8720.00000 0.000956
8725.00000 0.000895
8730.00000 0.000733
8735.00000 0.000862
8740.00000 0.000573
8745.00000 0.000595
8750.00000 0.000587
8755.00000 0.00074
8760.00000 0.000458
8765.00000 0.000271
8770.00000 0.000345
8775.00000 0.000331
8780.00000 0.0002
8785.00000 0.000469
8790.00000 0.000299
8795.00000 0.000315
8800.00000 0.000136
8805.00000 0.00044
8810.00000 0.00027
8815.00000 0.000169
8820.00000 0.000238
8825.00000 0.000114
8830.00000 0.000229
8835.00000 0.000192
8840.00000 0.000208
8845.00000 0.000531
8850.00000 0.000279
8855.00000 8.8e-05
8860.00000 0.000257
8865.00000 0.000121
8870.00000 7.2e-05
8875.00000 0.00028
8880.00000 0.000903
8885.00000 0.000127
8890.00000 0.000244
8895.00000 0.000136
8900.00000 0.000256
8905.00000 0.000178
8910.00000 0.0
8915.00000 0.000565
8920.00000 0.000643
8925.00000 0.000106
8930.00000 7e-06
8935.00000 0.000222
8940.00000 0.000117
8945.00000 0.0
8950.00000 0.000646
8955.00000 0.000494
8960.00000 0.000348
8965.00000 0.0
8970.00000 0.000295
8975.00000 nan
8980.00000 0.0
8985.00000 0.00064
8990.00000 0.000523
8995.00000 0.000302
9000.00000 0.000391
9900.00000 0.0
