threeML/data/optical_filters/INT/OASIS-LR951.ecsv
# %ECSV 0.9
# ---
# datatype:
# - {name: wavelength, unit: Angstrom, datatype: float32}
# - {name: response, datatype: float32}
# meta: !!omap
# - {band_name: LR951}
# - {group_name: OASIS}
wavelength response
7632.00000 0.0
8480.00000 0.00554
8500.00000 0.00748
8520.00000 0.01117
8540.00000 0.01773
8560.00000 0.02997
8580.00000 0.05219
8600.00000 0.09503
8620.00000 0.17552
8640.00000 0.33475
8660.00000 0.55644
8680.00000 0.75488
8700.00000 0.87248
8720.00000 0.90401
8740.00000 0.89528
8760.00000 0.88504
8780.00000 0.88094
8800.00000 0.87781
8820.00000 0.87392
8840.00000 0.87537
8860.00000 0.88301
8880.00000 0.88829
8900.00000 0.88689
8920.00000 0.88318
8940.00000 0.88492
8960.00000 0.8943
8980.00000 0.9046
9000.00000 0.9113
9020.00000 0.91612
9040.00000 0.92087
9060.00000 0.92543
9080.00000 0.93022
9100.00000 0.93454
9120.00000 0.93547
9140.00000 0.93312
9160.00000 0.92953
9180.00000 0.92593
9200.00000 0.92241
9220.00000 0.92056
9240.00000 0.92032
9260.00000 0.91774
9280.00000 0.91251
9300.00000 0.90804
9320.00000 0.90846
9340.00000 0.91327
9360.00000 0.91797
9380.00000 0.92026
9400.00000 0.9205
9420.00000 0.92046
9440.00000 0.91995
9460.00000 0.9183
9480.00000 0.91473
9500.00000 0.90755
9520.00000 0.89609
9540.00000 0.87845
9560.00000 0.8586
9580.00000 0.84547
9600.00000 0.83966
9620.00000 0.83589
9640.00000 0.83038
9660.00000 0.825
9680.00000 0.82564
9700.00000 0.83589
9720.00000 0.85367
9740.00000 0.87169
9760.00000 0.88452
9780.00000 0.89362
9800.00000 0.90201
9820.00000 0.90929
9840.00000 0.91377
9860.00000 0.91486
9880.00000 0.9113
9900.00000 0.90312
9920.00000 0.89285
9940.00000 0.88426
9960.00000 0.88016
9980.00000 0.87947
10000.00000 0.88065
10020.00000 0.88335
10040.00000 0.88599
10060.00000 0.8869
10080.00000 0.88646
10100.00000 0.88828
10120.00000 0.89349
10140.00000 0.89748
10160.00000 0.89435
10180.00000 0.88487
10200.00000 0.87645
10220.00000 0.86836
10240.00000 0.84789
10260.00000 0.81195
10280.00000 0.77939
10300.00000 0.7617
10320.00000 0.73831
10340.00000 0.68309
10360.00000 0.59201
10380.00000 0.45987
10400.00000 0.29778
10420.00000 0.16212
10440.00000 0.08392
10460.00000 0.04485
10480.00000 0.02483
10500.00000 0.01408
10520.00000 0.00853
10540.00000 0.00555
11594.00000 0.0
