threeML/data/optical_filters/INT/WFC-Strom_b.ecsv
# %ECSV 0.9
# ---
# datatype:
# - {name: wavelength, unit: Angstrom, datatype: float32}
# - {name: response, datatype: float32}
# meta: !!omap
# - {band_name: Strom_b}
# - {group_name: WFC}
wavelength response
4250.00000 0.0
4255.00000 1e-06
4260.00000 1e-06
4265.00000 0.0
4270.00000 1e-06
4275.00000 0.0
4280.00000 0.0
4285.00000 4e-06
4290.00000 7e-06
4295.00000 0.0
4300.00000 4e-06
4305.00000 0.0
4310.00000 3e-06
4315.00000 0.0
4320.00000 4e-06
4325.00000 0.0
4330.00000 3e-06
4335.00000 4e-06
4340.00000 4e-06
4345.00000 7e-06
4350.00000 9e-06
4355.00000 1e-06
4360.00000 1e-06
4365.00000 7e-06
4370.00000 7e-06
4375.00000 1e-05
4380.00000 8e-06
4385.00000 1.4e-05
4390.00000 1.2e-05
4395.00000 1.4e-05
4400.00000 1.3e-05
4405.00000 1.5e-05
4410.00000 2e-05
4415.00000 1.3e-05
4420.00000 3e-05
4425.00000 2.5e-05
4430.00000 3.4e-05
4435.00000 4.1e-05
4440.00000 5.1e-05
4445.00000 6.4e-05
4450.00000 8e-05
4455.00000 8.5e-05
4460.00000 0.000111
4465.00000 0.000136
4470.00000 0.000177
4475.00000 0.000222
4480.00000 0.000298
4485.00000 0.000371
4490.00000 0.000476
4495.00000 0.000629
4500.00000 0.000827
4505.00000 0.001077
4510.00000 0.001444
4515.00000 0.001929
4520.00000 0.002608
4525.00000 0.003578
4530.00000 0.005017
4535.00000 0.006979
4540.00000 0.010109
4545.00000 0.014455
4550.00000 0.021301
4555.00000 0.031476
4560.00000 0.047249
4565.00000 0.070454
4570.00000 0.104831
4575.00000 0.152325
4580.00000 0.218097
4585.00000 0.296223
4590.00000 0.387735
4595.00000 0.480793
4600.00000 0.568373
4605.00000 0.639949
4610.00000 0.696053
4615.00000 0.733578
4620.00000 0.757517
4625.00000 0.770558
4630.00000 0.777673
4635.00000 0.778092
4640.00000 0.777573
4645.00000 0.776828
4650.00000 0.773567
4655.00000 0.773107
4660.00000 0.774515
4665.00000 0.773098
4670.00000 0.77479
4675.00000 0.777521
4680.00000 0.779411
4685.00000 0.782647
4690.00000 0.787647
4695.00000 0.789777
4700.00000 0.793276
4705.00000 0.798922
4710.00000 0.801184
4715.00000 0.80518
4720.00000 0.810612
4725.00000 0.812567
4730.00000 0.817007
4735.00000 0.822157
4740.00000 0.824032
4745.00000 0.828084
4750.00000 0.831444
4755.00000 0.830649
4760.00000 0.828325
4765.00000 0.821395
4770.00000 0.804209
4775.00000 0.774294
4780.00000 0.727859
4785.00000 0.662152
4790.00000 0.57856
4795.00000 0.487466
4800.00000 0.390829
4805.00000 0.302843
4810.00000 0.227099
4815.00000 0.166759
4820.00000 0.118909
4825.00000 0.085755
4830.00000 0.061035
4835.00000 0.043791
4840.00000 0.031686
4845.00000 0.023239
4850.00000 0.017101
4855.00000 0.012902
4860.00000 0.009711
4865.00000 0.007433
4870.00000 0.005708
4875.00000 0.004464
4880.00000 0.003474
4885.00000 0.002761
4890.00000 0.002211
4895.00000 0.001783
4900.00000 0.001452
4905.00000 0.001192
4910.00000 0.000966
4915.00000 0.000813
4920.00000 0.000676
4925.00000 0.000568
4930.00000 0.000477
4935.00000 0.000405
4940.00000 0.000348
4945.00000 0.0003
4950.00000 0.000253
4955.00000 0.000218
4960.00000 0.000193
4965.00000 0.000177
4970.00000 0.000147
4975.00000 0.00013
4980.00000 0.00012
4985.00000 0.000103
4990.00000 8.2e-05
4995.00000 7.8e-05
5000.00000 7e-05
5500.00000 0.0
