threeML/data/optical_filters/INT/WFC-Strom_u.ecsv
# %ECSV 0.9
# ---
# datatype:
# - {name: wavelength, unit: Angstrom, datatype: float32}
# - {name: response, datatype: float32}
# meta: !!omap
# - {band_name: Strom_u}
# - {group_name: WFC}
wavelength response
2700.00000 0.0
3000.00000 8e-06
3005.00000 1.3e-05
3010.00000 7e-06
3015.00000 6e-06
3020.00000 1e-05
3025.00000 1.3e-05
3030.00000 1.1e-05
3035.00000 9e-06
3040.00000 6e-06
3045.00000 1.1e-05
3050.00000 1.2e-05
3055.00000 1e-05
3060.00000 1.2e-05
3065.00000 1.9e-05
3070.00000 1.7e-05
3075.00000 1.8e-05
3080.00000 1.5e-05
3085.00000 1e-05
3090.00000 0.0
3095.00000 1.1e-05
3100.00000 1.1e-05
3105.00000 6e-06
3110.00000 1.7e-05
3115.00000 1.6e-05
3120.00000 1.7e-05
3125.00000 2.2e-05
3130.00000 2.5e-05
3135.00000 3.1e-05
3140.00000 5.1e-05
3145.00000 6.9e-05
3150.00000 0.000108
3155.00000 0.000184
3160.00000 0.000278
3165.00000 0.000444
3170.00000 0.000707
3175.00000 0.001072
3180.00000 0.001625
3185.00000 0.002371
3190.00000 0.003369
3195.00000 0.004756
3200.00000 0.006572
3205.00000 0.008764
3210.00000 0.011663
3215.00000 0.015214
3220.00000 0.019535
3225.00000 0.024694
3230.00000 0.03083
3235.00000 0.038028
3240.00000 0.045865
3245.00000 0.054316
3250.00000 0.064006
3255.00000 0.074051
3260.00000 0.085555
3265.00000 0.09734
3270.00000 0.11044
3275.00000 0.123855
3280.00000 0.137999
3285.00000 0.151998
3290.00000 0.167614
3295.00000 0.182145
3300.00000 0.19744
3305.00000 0.21304
3310.00000 0.228904
3315.00000 0.243473
3320.00000 0.258491
3325.00000 0.273378
3330.00000 0.287787
3335.00000 0.301054
3340.00000 0.315082
3345.00000 0.328058
3350.00000 0.340439
3355.00000 0.351798
3360.00000 0.364421
3365.00000 0.374237
3370.00000 0.384641
3375.00000 0.393803
3380.00000 0.402671
3385.00000 0.410591
3390.00000 0.418281
3395.00000 0.424926
3400.00000 0.431825
3405.00000 0.437697
3410.00000 0.442729
3415.00000 0.447342
3420.00000 0.451471
3425.00000 0.454452
3430.00000 0.458181
3435.00000 0.461606
3440.00000 0.463703
3445.00000 0.465993
3450.00000 0.467122
3455.00000 0.468089
3460.00000 0.469207
3465.00000 0.46969
3470.00000 0.469483
3475.00000 0.468338
3480.00000 0.467671
3485.00000 0.465911
3490.00000 0.465196
3495.00000 0.463174
3500.00000 0.460341
3505.00000 0.457141
3510.00000 0.454363
3515.00000 0.450808
3520.00000 0.446235
3525.00000 0.441714
3530.00000 0.437324
3535.00000 0.431896
3540.00000 0.426895
3545.00000 0.42101
3550.00000 0.414518
3555.00000 0.408743
3560.00000 0.401342
3565.00000 0.394403
3570.00000 0.387023
3575.00000 0.37916
3580.00000 0.370616
3585.00000 0.36291
3590.00000 0.353764
3595.00000 0.34503
3600.00000 0.335755
3605.00000 0.32553
3610.00000 0.315219
3615.00000 0.304869
3620.00000 0.294419
3625.00000 0.284215
3630.00000 0.273303
3635.00000 0.262078
3640.00000 0.250839
3645.00000 0.239804
3650.00000 0.227933
3655.00000 0.216781
3660.00000 0.20492
3665.00000 0.193426
3670.00000 0.18152
3675.00000 0.170251
3680.00000 0.158827
3685.00000 0.147565
3690.00000 0.142862
3695.00000 0.125672
3700.00000 0.115095
3705.00000 0.105128
3710.00000 0.095268
3715.00000 0.085732
3720.00000 0.076623
3725.00000 0.068318
3730.00000 0.060323
3735.00000 0.053011
3740.00000 0.045652
3745.00000 0.039579
3750.00000 0.033667
3755.00000 0.028434
3760.00000 0.023644
3765.00000 0.019565
3770.00000 0.015969
3775.00000 0.01296
3780.00000 0.010177
3785.00000 0.008018
3790.00000 0.006188
3795.00000 0.004715
3800.00000 0.003537
3805.00000 0.002616
3810.00000 0.001879
3815.00000 0.001351
3820.00000 0.000927
3825.00000 0.000638
3830.00000 0.000412
3835.00000 0.000278
3840.00000 0.000173
3845.00000 0.000105
3850.00000 6.6e-05
3855.00000 4.2e-05
3860.00000 1.8e-05
3865.00000 1.2e-05
3870.00000 7e-06
3875.00000 8e-06
3880.00000 5e-06
3885.00000 0.0
3890.00000 1e-06
3895.00000 7e-06
3900.00000 6e-06
3905.00000 2e-06
3910.00000 0.0
3915.00000 0.0
3920.00000 0.0
3925.00000 3e-06
3930.00000 6e-06
3935.00000 2e-06
3940.00000 0.0
3945.00000 3e-06
3950.00000 1e-06
3955.00000 2e-06
3960.00000 2e-06
3965.00000 0.0
3970.00000 0.0
3975.00000 2e-06
3980.00000 6e-06
3985.00000 3e-06
3990.00000 2e-06
3995.00000 2e-06
4000.00000 0.0
