threeML/data/optical_filters/INT/WFC-RGO_i.ecsv
# %ECSV 0.9
# ---
# datatype:
# - {name: wavelength, unit: Angstrom, datatype: float32}
# - {name: response, datatype: float32}
# meta: !!omap
# - {band_name: RGO_i}
# - {group_name: WFC}
wavelength response
6336.00000 0.0
7040.00000 0.00436
7050.00000 0.006535
7060.00000 0.009525
7070.00000 0.013477
7080.00000 0.018765
7090.00000 0.025313
7100.00000 0.033425
7110.00000 0.043093
7120.00000 0.054659
7130.00000 0.068377
7140.00000 0.083623
7150.00000 0.100983
7160.00000 0.12035
7170.00000 0.141459
7180.00000 0.149447
7190.00000 0.187803
7200.00000 0.213204
7210.00000 0.239604
7220.00000 0.266675
7230.00000 0.294835
7240.00000 0.323281
7250.00000 0.351944
7260.00000 0.380161
7270.00000 0.408715
7280.00000 0.43702
7290.00000 0.465031
7300.00000 0.491586
7310.00000 0.518971
7320.00000 0.544529
7330.00000 0.568273
7340.00000 0.59195
7350.00000 0.615234
7360.00000 0.63712
7370.00000 0.657692
7380.00000 0.676507
7390.00000 0.694664
7400.00000 0.711647
7410.00000 0.728607
7420.00000 0.743289
7430.00000 0.758156
7440.00000 0.771231
7450.00000 0.784088
7460.00000 0.795755
7470.00000 0.806025
7480.00000 0.814561
7490.00000 0.825007
7500.00000 0.833611
7510.00000 0.842809
7520.00000 0.8496
7530.00000 0.856478
7540.00000 0.861555
7550.00000 0.867448
7560.00000 0.872101
7570.00000 0.877748
7580.00000 0.881379
7590.00000 0.885127
7600.00000 0.88902
7610.00000 0.893717
7620.00000 0.896147
7630.00000 0.899924
7640.00000 0.901299
7650.00000 0.904087
7660.00000 0.904372
7670.00000 0.906739
7680.00000 0.907855
7690.00000 0.910509
7700.00000 0.913151
7710.00000 0.912123
7720.00000 0.914247
7730.00000 0.913106
7740.00000 0.915211
7750.00000 0.916111
7760.00000 0.917353
7770.00000 0.918166
7780.00000 0.919672
7790.00000 0.920245
7800.00000 0.919614
7810.00000 0.921863
7820.00000 0.918552
7830.00000 0.91994
7840.00000 0.919718
7850.00000 0.919544
7860.00000 0.918664
7870.00000 0.919607
7880.00000 0.917892
7890.00000 0.919379
7900.00000 0.920602
7910.00000 0.919047
7920.00000 0.921056
7930.00000 0.920606
7940.00000 0.919502
7950.00000 0.918206
7960.00000 0.917821
7970.00000 0.918657
7980.00000 0.918299
7990.00000 0.916209
8000.00000 0.915959
8010.00000 0.916433
8020.00000 0.916786
8030.00000 0.91462
8040.00000 0.916898
8050.00000 0.915087
8060.00000 0.915685
8070.00000 0.914584
8080.00000 0.912972
8090.00000 0.912397
8100.00000 0.912889
8110.00000 0.912869
8120.00000 0.910801
8130.00000 0.906299
8140.00000 0.910303
8150.00000 0.90766
8160.00000 0.910022
8170.00000 0.909033
8180.00000 0.907323
8190.00000 0.905531
8200.00000 0.907568
8210.00000 0.904231
8220.00000 0.904816
8230.00000 0.904622
8240.00000 0.903059
8250.00000 0.901116
8260.00000 0.899721
8270.00000 0.899175
8280.00000 0.90329
8290.00000 0.898897
8300.00000 0.896928
8310.00000 0.897723
8320.00000 0.898432
8330.00000 0.894761
8340.00000 0.896695
8350.00000 0.894775
8360.00000 0.895133
8370.00000 0.893897
8380.00000 0.889214
8390.00000 0.891663
8400.00000 0.887104
8410.00000 0.892538
8420.00000 0.890279
8430.00000 0.884902
8440.00000 0.885107
8450.00000 0.88438
8460.00000 0.885644
8470.00000 0.88599
8480.00000 0.883132
8490.00000 0.882244
8500.00000 0.876414
8510.00000 0.88166
8520.00000 0.880707
8530.00000 0.879247
8540.00000 0.872792
8550.00000 0.876157
8560.00000 0.871209
8570.00000 0.875138
8580.00000 0.875266
8590.00000 0.868823
8600.00000 0.872423
8610.00000 0.867368
8620.00000 0.873081
8630.00000 0.867205
8640.00000 0.87248
8650.00000 0.862276
8660.00000 0.856779
8670.00000 0.859918
8680.00000 0.852796
8690.00000 0.867096
8700.00000 0.860774
8710.00000 0.855503
8720.00000 0.861142
8730.00000 0.87001
8740.00000 0.853892
8750.00000 0.850951
8760.00000 0.837782
8770.00000 0.848979
8780.00000 0.845572
8790.00000 0.839683
8800.00000 0.856847
8810.00000 0.840093
8820.00000 0.834644
8830.00000 0.839002
8840.00000 0.823616
8850.00000 0.840054
8860.00000 0.843623
8870.00000 0.83267
8880.00000 0.820011
8890.00000 0.847995
8900.00000 0.835832
8910.00000 0.821938
8920.00000 0.842888
8930.00000 0.834214
8940.00000 0.837604
8950.00000 0.817759
8960.00000 0.821398
8970.00000 0.815928
8980.00000 0.825453
8990.00000 0.881528
9000.00000 0.850891
9900.00000 0.0
