threeML/data/optical_filters/INT/WFC-Strom_y.ecsv
# %ECSV 0.9
# ---
# datatype:
# - {name: wavelength, unit: Angstrom, datatype: float32}
# - {name: response, datatype: float32}
# meta: !!omap
# - {band_name: Strom_y}
# - {group_name: WFC}
wavelength response
4500.00000 0.0
5000.00000 2e-06
5005.00000 1e-06
5010.00000 3e-06
5015.00000 7e-06
5020.00000 0.0
5025.00000 0.0
5030.00000 3e-06
5035.00000 2e-06
5040.00000 0.0
5045.00000 2e-06
5050.00000 0.0
5055.00000 0.0
5060.00000 0.0
5065.00000 0.0
5070.00000 0.0
5075.00000 1e-06
5080.00000 0.0
5085.00000 4.8e-07
5090.00000 4.8e-07
5095.00000 3e-06
5100.00000 0.0
5105.00000 1.1e-05
5110.00000 0.0
5115.00000 1e-06
5120.00000 3e-06
5125.00000 7e-06
5130.00000 7e-06
5135.00000 8e-06
5140.00000 8e-06
5145.00000 5e-06
5150.00000 8e-06
5155.00000 1.1e-05
5160.00000 2e-06
5165.00000 3e-06
5170.00000 6e-06
5175.00000 8e-06
5180.00000 3e-06
5185.00000 1e-05
5190.00000 7e-06
5195.00000 1.2e-05
5200.00000 1.4e-05
5205.00000 1.4e-05
5210.00000 2.3e-05
5215.00000 1.9e-05
5220.00000 2.3e-05
5225.00000 3.2e-05
5230.00000 3.5e-05
5235.00000 3.5e-05
5240.00000 4.2e-05
5245.00000 4.3e-05
5250.00000 5.6e-05
5255.00000 7.5e-05
5260.00000 9.3e-05
5265.00000 0.000104
5270.00000 0.00013
5275.00000 0.00017
5280.00000 0.000209
5285.00000 0.000273
5290.00000 0.000342
5295.00000 0.000419
5300.00000 0.000536
5305.00000 0.0007
5310.00000 0.000935
5315.00000 0.001264
5320.00000 0.001672
5325.00000 0.002207
5330.00000 0.002998
5335.00000 0.004167
5340.00000 0.006072
5345.00000 0.008832
5350.00000 0.01302
5355.00000 0.019179
5360.00000 0.029307
5365.00000 0.046068
5370.00000 0.074956
5375.00000 0.120244
5380.00000 0.190708
5385.00000 0.28325
5390.00000 0.40119
5395.00000 0.52597
5400.00000 0.637077
5405.00000 0.714941
5410.00000 0.757674
5415.00000 0.771623
5420.00000 0.770321
5425.00000 0.762816
5430.00000 0.755995
5435.00000 0.752862
5440.00000 0.754513
5445.00000 0.759053
5450.00000 0.762863
5455.00000 0.765236
5460.00000 0.766073
5465.00000 0.766197
5470.00000 0.767167
5475.00000 0.768066
5480.00000 0.766913
5485.00000 0.764638
5490.00000 0.762323
5495.00000 0.758525
5500.00000 0.75495
5505.00000 0.752333
5510.00000 0.74932
5515.00000 0.745641
5520.00000 0.740899
5525.00000 0.734799
5530.00000 0.723783
5535.00000 0.712729
5540.00000 0.700429
5545.00000 0.689794
5550.00000 0.675773
5555.00000 0.655526
5560.00000 0.630184
5565.00000 0.606486
5570.00000 0.589552
5575.00000 0.580468
5580.00000 0.575847
5585.00000 0.572632
5590.00000 0.572311
5595.00000 0.583232
5600.00000 0.605962
5605.00000 0.627133
5610.00000 0.62895
5615.00000 0.600461
5620.00000 0.531603
5625.00000 0.432192
5630.00000 0.318819
5635.00000 0.217559
5640.00000 0.138764
5645.00000 0.088939
5650.00000 0.057691
5655.00000 0.037823
5660.00000 0.024309
5665.00000 0.016055
5670.00000 0.010698
5675.00000 0.007543
5680.00000 0.005488
5685.00000 0.0041
5690.00000 0.00357
5695.00000 0.002251
5700.00000 0.001654
5705.00000 0.001254
5710.00000 0.000976
5715.00000 0.00077
5720.00000 0.000616
5725.00000 0.000505
5730.00000 0.000401
5735.00000 0.000325
5740.00000 0.000259
5745.00000 0.000214
5750.00000 0.000181
5755.00000 0.000148
5760.00000 0.000122
5765.00000 0.000106
5770.00000 9.2e-05
5775.00000 7.8e-05
5780.00000 6.9e-05
5785.00000 5.7e-05
5790.00000 4.7e-05
5795.00000 4.3e-05
5800.00000 3.9e-05
5805.00000 4.6e-05
5810.00000 3.1e-05
5815.00000 2.8e-05
5820.00000 2.7e-05
5825.00000 2.3e-05
5830.00000 1.9e-05
5835.00000 1.8e-05
5840.00000 1.7e-05
5845.00000 1.6e-05
5850.00000 1.2e-05
5855.00000 1.3e-05
5860.00000 9e-06
5865.00000 9e-06
5870.00000 9e-06
5875.00000 9e-06
5880.00000 9e-06
5885.00000 1e-05
5890.00000 1e-05
5895.00000 9e-06
5900.00000 1.2e-05
5905.00000 1.1e-05
5910.00000 8e-06
5915.00000 5e-06
5920.00000 6e-06
5925.00000 2e-06
5930.00000 5e-06
5935.00000 1e-06
5940.00000 3e-06
5945.00000 5e-06
5950.00000 4e-06
5955.00000 8e-06
5960.00000 2e-06
5965.00000 8e-06
5970.00000 6e-06
5975.00000 2e-06
5980.00000 1.2e-05
5985.00000 2e-06
5990.00000 3e-06
5995.00000 0.0
