threeML/data/optical_filters/INT/WFC-B.ecsv
# %ECSV 0.9
# ---
# datatype:
# - {name: wavelength, unit: Angstrom, datatype: float32}
# - {name: response, datatype: float32}
# meta: !!omap
# - {band_name: B}
# - {group_name: WFC}
wavelength response
3447.00000 0.0
3830.00000 0.004784
3835.00000 0.006636
3840.00000 0.009299
3845.00000 0.013286
3850.00000 0.019086
3855.00000 0.028169
3860.00000 0.041828
3865.00000 0.063344
3870.00000 0.095949
3875.00000 0.144163
3880.00000 0.208862
3885.00000 0.293886
3890.00000 0.38647
3895.00000 0.477668
3900.00000 0.554829
3905.00000 0.607841
3910.00000 0.63979
3915.00000 0.651522
3920.00000 0.654936
3925.00000 0.656021
3930.00000 0.658848
3935.00000 0.667155
3940.00000 0.67929
3945.00000 0.693999
3950.00000 0.711262
3955.00000 0.728074
3960.00000 0.744282
3965.00000 0.756367
3970.00000 0.763606
3975.00000 0.764187
3980.00000 0.760626
3985.00000 0.753768
3990.00000 0.743428
3995.00000 0.733174
4000.00000 0.721541
4005.00000 0.711291
4010.00000 0.703644
4015.00000 0.69825
4020.00000 0.696668
4025.00000 0.698156
4030.00000 0.701531
4035.00000 0.708076
4040.00000 0.715949
4045.00000 0.725705
4050.00000 0.736377
4055.00000 0.744548
4060.00000 0.753635
4065.00000 0.759333
4070.00000 0.765103
4075.00000 0.767538
4080.00000 0.767998
4085.00000 0.766675
4090.00000 0.763566
4095.00000 0.761502
4100.00000 0.758587
4105.00000 0.756612
4110.00000 0.754759
4115.00000 0.754244
4120.00000 0.754417
4125.00000 0.756546
4130.00000 0.760589
4135.00000 0.763845
4140.00000 0.768745
4145.00000 0.772851
4150.00000 0.776234
4155.00000 0.779584
4160.00000 0.782383
4165.00000 0.783359
4170.00000 0.782772
4175.00000 0.780789
4180.00000 0.777363
4185.00000 0.773164
4190.00000 0.768208
4195.00000 0.762805
4200.00000 0.758216
4205.00000 0.75274
4210.00000 0.748619
4215.00000 0.745293
4220.00000 0.742853
4225.00000 0.742244
4230.00000 0.742361
4235.00000 0.743486
4240.00000 0.747192
4245.00000 0.750826
4250.00000 0.755379
4255.00000 0.759129
4260.00000 0.763088
4265.00000 0.767777
4270.00000 0.772249
4275.00000 0.775987
4280.00000 0.779481
4285.00000 0.781124
4290.00000 0.782725
4295.00000 0.783015
4300.00000 0.783694
4305.00000 0.783611
4310.00000 0.783215
4315.00000 0.782777
4320.00000 0.782137
4325.00000 0.781843
4330.00000 0.781813
4335.00000 0.782549
4340.00000 0.78317
4345.00000 0.784535
4350.00000 0.786159
4355.00000 0.788009
4360.00000 0.79048
4365.00000 0.791943
4370.00000 0.793691
4375.00000 0.796185
4380.00000 0.797861
4385.00000 0.799404
4390.00000 0.800011
4395.00000 0.801032
4400.00000 0.80117
4405.00000 0.800903
4410.00000 0.801427
4415.00000 0.800725
4420.00000 0.799671
4425.00000 0.799138
4430.00000 0.797859
4435.00000 0.798638
4440.00000 0.798608
4445.00000 0.798223
4450.00000 0.798708
4455.00000 0.798727
4460.00000 0.798937
4465.00000 0.80166
4470.00000 0.803225
4475.00000 0.803853
4480.00000 0.80543
4485.00000 0.806831
4490.00000 0.807907
4495.00000 0.808677
4500.00000 0.809599
4505.00000 0.809862
4510.00000 0.810015
4515.00000 0.810034
4520.00000 0.810111
4525.00000 0.809252
4530.00000 0.808656
4535.00000 0.807583
4540.00000 0.807106
4545.00000 0.806421
4550.00000 0.80642
4555.00000 0.80633
4560.00000 0.806937
4565.00000 0.807725
4570.00000 0.809004
4575.00000 0.810164
4580.00000 0.811198
4585.00000 0.813592
4590.00000 0.815324
4595.00000 0.817358
4600.00000 0.819174
4605.00000 0.820732
4610.00000 0.822771
4615.00000 0.824113
4620.00000 0.825386
4625.00000 0.826073
4630.00000 0.826461
4635.00000 0.826469
4640.00000 0.825983
4645.00000 0.825081
4650.00000 0.823521
4655.00000 0.821525
4660.00000 0.820645
4665.00000 0.818576
4670.00000 0.817225
4675.00000 0.816377
4680.00000 0.815152
4685.00000 0.814948
4690.00000 0.81422
4695.00000 0.814413
4700.00000 0.814521
4705.00000 0.815624
4710.00000 0.817517
4715.00000 0.819121
4720.00000 0.820938
4725.00000 0.82233
4730.00000 0.824308
4735.00000 0.826116
4740.00000 0.828744
4745.00000 0.829987
4750.00000 0.831976
4755.00000 0.833219
4760.00000 0.834066
4765.00000 0.83493
4770.00000 0.835285
4775.00000 0.835458
4780.00000 0.835858
4785.00000 0.835386
4790.00000 0.834936
4795.00000 0.835138
4800.00000 0.834851
4805.00000 0.834437
4810.00000 0.834258
4815.00000 0.833549
4820.00000 0.833219
4825.00000 0.833064
4830.00000 0.833155
4835.00000 0.83281
4840.00000 0.832115
4845.00000 0.831504
4850.00000 0.831687
4855.00000 0.831878
4860.00000 0.832428
4865.00000 0.832159
4870.00000 0.830821
4875.00000 0.827258
4880.00000 0.81909
4885.00000 0.802417
4890.00000 0.775225
4895.00000 0.732394
4900.00000 0.673212
4905.00000 0.599133
4910.00000 0.514512
4915.00000 0.425337
4920.00000 0.340384
4925.00000 0.263038
4930.00000 0.199277
4935.00000 0.148683
4940.00000 0.10931
4945.00000 0.080469
4950.00000 0.058843
4955.00000 0.043557
4960.00000 0.032293
4965.00000 0.024158
4970.00000 0.018245
4975.00000 0.013849
4980.00000 0.010604
4985.00000 0.008204
4990.00000 0.006366
4995.00000 0.004987
5494.50000 0.0
