threeML/data/optical_filters/INT/WFC-RGO_u.ecsv
# %ECSV 0.9
# ---
# datatype:
# - {name: wavelength, unit: Angstrom, datatype: float32}
# - {name: response, datatype: float32}
# meta: !!omap
# - {band_name: RGO_u}
# - {group_name: WFC}
wavelength response
2731.50000 0.0
3035.00000 0.004783
3040.00000 0.005941
3045.00000 0.007285
3050.00000 0.008916
3055.00000 0.010764
3060.00000 0.012907
3065.00000 0.015416
3070.00000 0.018227
3075.00000 0.021504
3080.00000 0.024918
3085.00000 0.028797
3090.00000 0.030657
3095.00000 0.039582
3100.00000 0.044942
3105.00000 0.050671
3110.00000 0.057251
3115.00000 0.064
3120.00000 0.071101
3125.00000 0.078907
3130.00000 0.086627
3135.00000 0.09543
3140.00000 0.104251
3145.00000 0.113905
3150.00000 0.123284
3155.00000 0.133317
3160.00000 0.143822
3165.00000 0.154265
3170.00000 0.16535
3175.00000 0.177071
3180.00000 0.188423
3185.00000 0.200102
3190.00000 0.212237
3195.00000 0.224283
3200.00000 0.236131
3205.00000 0.248983
3210.00000 0.260631
3215.00000 0.273735
3220.00000 0.286283
3225.00000 0.298703
3230.00000 0.310471
3235.00000 0.324362
3240.00000 0.335856
3245.00000 0.348696
3250.00000 0.361146
3255.00000 0.37319
3260.00000 0.385438
3265.00000 0.397937
3270.00000 0.409178
3275.00000 0.420253
3280.00000 0.431731
3285.00000 0.444101
3290.00000 0.454308
3295.00000 0.465529
3300.00000 0.476166
3305.00000 0.486929
3310.00000 0.498186
3315.00000 0.507239
3320.00000 0.516284
3325.00000 0.527747
3330.00000 0.537128
3335.00000 0.546183
3340.00000 0.555722
3345.00000 0.564285
3350.00000 0.571849
3355.00000 0.581562
3360.00000 0.589375
3365.00000 0.597529
3370.00000 0.605075
3375.00000 0.613185
3380.00000 0.620056
3385.00000 0.627789
3390.00000 0.633855
3395.00000 0.640119
3400.00000 0.647913
3405.00000 0.655057
3410.00000 0.660377
3415.00000 0.667065
3420.00000 0.671674
3425.00000 0.677479
3430.00000 0.683669
3435.00000 0.689318
3440.00000 0.693761
3445.00000 0.700015
3450.00000 0.704742
3455.00000 0.709113
3460.00000 0.714351
3465.00000 0.718265
3470.00000 0.723235
3475.00000 0.72666
3480.00000 0.731954
3485.00000 0.73457
3490.00000 0.73901
3495.00000 0.743788
3500.00000 0.745224
3505.00000 0.750163
3510.00000 0.753814
3515.00000 0.755876
3520.00000 0.759212
3525.00000 0.763835
3530.00000 0.764974
3535.00000 0.76809
3540.00000 0.771205
3545.00000 0.772507
3550.00000 0.774763
3555.00000 0.777784
3560.00000 0.778352
3565.00000 0.780851
3570.00000 0.783474
3575.00000 0.784783
3580.00000 0.786001
3585.00000 0.789342
3590.00000 0.788568
3595.00000 0.790049
3600.00000 0.791021
3605.00000 0.791709
3610.00000 0.792403
3615.00000 0.795501
3620.00000 0.794269
3625.00000 0.794035
3630.00000 0.795459
3635.00000 0.794568
3640.00000 0.794684
3645.00000 0.796382
3650.00000 0.795363
3655.00000 0.794049
3660.00000 0.795078
3665.00000 0.793362
3670.00000 0.791249
3675.00000 0.792458
3680.00000 0.790461
3685.00000 0.787785
3690.00000 0.788966
3695.00000 0.785592
3700.00000 0.781957
3705.00000 0.780067
3710.00000 0.778353
3715.00000 0.77563
3720.00000 0.770985
3725.00000 0.769507
3730.00000 0.764528
3735.00000 0.760231
3740.00000 0.757149
3745.00000 0.751218
3750.00000 0.745915
3755.00000 0.741786
3760.00000 0.735528
3765.00000 0.728686
3770.00000 0.723163
3775.00000 0.715294
3780.00000 0.707355
3785.00000 0.70085
3790.00000 0.692141
3795.00000 0.682233
3800.00000 0.675545
3805.00000 0.66515
3810.00000 0.654712
3815.00000 0.644872
3820.00000 0.633534
3825.00000 0.621944
3830.00000 0.611169
3835.00000 0.59808
3840.00000 0.585134
3845.00000 0.573054
3850.00000 0.559455
3855.00000 0.544049
3860.00000 0.530985
3865.00000 0.515065
3870.00000 0.500364
3875.00000 0.484698
3880.00000 0.468844
3885.00000 0.451605
3890.00000 0.436069
3895.00000 0.419009
3900.00000 0.401682
3905.00000 0.384943
3910.00000 0.368181
3915.00000 0.350004
3920.00000 0.334172
3925.00000 0.316795
3930.00000 0.300256
3935.00000 0.28388
3940.00000 0.26777
3945.00000 0.2514
3950.00000 0.236437
3955.00000 0.220631
3960.00000 0.206139
3965.00000 0.191818
3970.00000 0.17868
3975.00000 0.164947
3980.00000 0.15252
3985.00000 0.140358
3990.00000 0.129118
3995.00000 0.118099
4000.00000 0.108401
4005.00000 0.098437
4010.00000 0.089597
4015.00000 0.081032
4020.00000 0.073186
4025.00000 0.065963
4030.00000 0.059578
4035.00000 0.053144
4040.00000 0.047705
4045.00000 0.042559
4050.00000 0.037885
4055.00000 0.033544
4060.00000 0.029789
4065.00000 0.026222
4070.00000 0.023162
4075.00000 0.020283
4080.00000 0.017874
4085.00000 0.015514
4090.00000 0.013664
4095.00000 0.011852
4100.00000 0.010349
4105.00000 0.008984
4110.00000 0.007782
4115.00000 0.006719
4120.00000 0.005856
4125.00000 0.005019
4130.00000 0.004351
4543.00000 0.0
