threeML/data/optical_filters/INT/WFC-Strom_v.ecsv
# %ECSV 0.9
# ---
# datatype:
# - {name: wavelength, unit: Angstrom, datatype: float32}
# - {name: response, datatype: float32}
# meta: !!omap
# - {band_name: Strom_v}
# - {group_name: WFC}
wavelength response
3375.00000 0.0
3750.00000 2e-06
3755.00000 5e-06
3760.00000 0.0
3765.00000 3e-06
3770.00000 0.0
3775.00000 0.0
3780.00000 0.0
3785.00000 0.0
3790.00000 0.0
3795.00000 2e-06
3800.00000 0.0
3805.00000 4e-06
3810.00000 0.0
3815.00000 6e-06
3820.00000 9e-06
3825.00000 6e-06
3830.00000 6e-06
3835.00000 9e-06
3840.00000 1.1e-05
3845.00000 1.8e-05
3850.00000 2.7e-05
3855.00000 3.3e-05
3860.00000 4.1e-05
3865.00000 4.9e-05
3870.00000 5.7e-05
3875.00000 7.4e-05
3880.00000 9.9e-05
3885.00000 0.000116
3890.00000 0.000144
3895.00000 0.000183
3900.00000 0.000216
3905.00000 0.000281
3910.00000 0.000331
3915.00000 0.000433
3920.00000 0.000537
3925.00000 0.000667
3930.00000 0.000832
3935.00000 0.00106
3940.00000 0.00136
3945.00000 0.001737
3950.00000 0.002255
3955.00000 0.002927
3960.00000 0.003874
3965.00000 0.005147
3970.00000 0.006869
3975.00000 0.00926
3980.00000 0.012797
3985.00000 0.017573
3990.00000 0.024653
3995.00000 0.035018
4000.00000 0.050274
4005.00000 0.071777
4010.00000 0.103382
4015.00000 0.14637
4020.00000 0.205258
4025.00000 0.274035
4030.00000 0.353337
4035.00000 0.430267
4040.00000 0.500298
4045.00000 0.555056
4050.00000 0.593076
4055.00000 0.61566
4060.00000 0.629554
4065.00000 0.634866
4070.00000 0.636712
4075.00000 0.640441
4080.00000 0.643426
4085.00000 0.645382
4090.00000 0.650347
4095.00000 0.654894
4100.00000 0.658372
4105.00000 0.662223
4110.00000 0.665446
4115.00000 0.66679
4120.00000 0.668222
4125.00000 0.666777
4130.00000 0.661606
4135.00000 0.656544
4140.00000 0.644724
4145.00000 0.6271
4150.00000 0.60505
4155.00000 0.574475
4160.00000 0.534572
4165.00000 0.489691
4170.00000 0.43733
4175.00000 0.381583
4180.00000 0.324605
4185.00000 0.272167
4190.00000 0.221485
4195.00000 0.17857
4200.00000 0.141887
4205.00000 0.11198
4210.00000 0.08771
4215.00000 0.069094
4220.00000 0.053592
4225.00000 0.042258
4230.00000 0.033248
4235.00000 0.026263
4240.00000 0.020809
4245.00000 0.016777
4250.00000 0.013405
4255.00000 0.010896
4260.00000 0.008869
4265.00000 0.007276
4270.00000 0.005976
4275.00000 0.004987
4280.00000 0.004114
4285.00000 0.003464
4290.00000 0.002919
4295.00000 0.002472
4300.00000 0.002109
4305.00000 0.001804
4310.00000 0.001559
4315.00000 0.001345
4320.00000 0.001153
4325.00000 0.001015
4330.00000 0.000895
4335.00000 0.000777
4340.00000 0.00068
4345.00000 0.000604
4350.00000 0.000537
4355.00000 0.000487
4360.00000 0.000422
4365.00000 0.000385
4370.00000 0.000343
4375.00000 0.00031
4380.00000 0.000283
4385.00000 0.000266
4390.00000 0.000227
4395.00000 0.000209
4400.00000 0.000191
4405.00000 0.000184
4410.00000 0.000171
4415.00000 0.000154
4420.00000 0.000143
4425.00000 0.00013
4430.00000 0.000123
4435.00000 0.000113
4440.00000 0.000103
4445.00000 0.0001
4450.00000 8.9e-05
4455.00000 9.2e-05
4460.00000 7.9e-05
4465.00000 7e-05
4470.00000 6.7e-05
4475.00000 6.1e-05
4480.00000 6.7e-05
4485.00000 5.7e-05
4490.00000 5.2e-05
4495.00000 5.4e-05
4500.00000 4.6e-05
4950.00000 0.0
