threeML/data/optical_filters/INT/WFC-SII.ecsv
# %ECSV 0.9
# ---
# datatype:
# - {name: wavelength, unit: Angstrom, datatype: float32}
# - {name: response, datatype: float32}
# meta: !!omap
# - {band_name: SII}
# - {group_name: WFC}
wavelength response
5974.20020 0.0
6638.00000 0.004352
6640.00000 0.004999
6642.00000 0.005697
6644.00000 0.006525
6646.00000 0.007575
6648.00000 0.008705
6650.00000 0.01007
6652.00000 0.011811
6654.00000 0.013839
6656.00000 0.016259
6658.00000 0.01933
6660.00000 0.02309
6662.00000 0.027826
6664.00000 0.03335
6666.00000 0.04038
6668.00000 0.049124
6670.00000 0.060377
6672.00000 0.073591
6674.00000 0.089862
6676.00000 0.110056
6678.00000 0.135669
6680.00000 0.163539
6682.00000 0.197104
6684.00000 0.236654
6686.00000 0.282072
6688.00000 0.329212
6690.00000 0.381612
6692.00000 0.436751
6694.00000 0.49413
6696.00000 0.547801
6698.00000 0.598441
6700.00000 0.647425
6702.00000 0.69194
6704.00000 0.727576
6706.00000 0.756561
6708.00000 0.780429
6710.00000 0.798237
6712.00000 0.809792
6714.00000 0.818829
6716.00000 0.82397
6718.00000 0.828564
6720.00000 0.829766
6722.00000 0.83337
6724.00000 0.837025
6726.00000 0.83961
6728.00000 0.843209
6730.00000 0.847144
6732.00000 0.850639
6734.00000 0.852687
6736.00000 0.853722
6738.00000 0.853163
6740.00000 0.850649
6742.00000 0.847155
6744.00000 0.841828
6746.00000 0.838025
6748.00000 0.834183
6750.00000 0.828909
6752.00000 0.824646
6754.00000 0.820491
6756.00000 0.81507
6758.00000 0.805305
6760.00000 0.791998
6762.00000 0.774383
6764.00000 0.747288
6766.00000 0.715349
6768.00000 0.67469
6770.00000 0.629575
6772.00000 0.577004
6774.00000 0.519957
6776.00000 0.464146
6778.00000 0.408523
6780.00000 0.35346
6782.00000 0.30068
6784.00000 0.255868
6786.00000 0.214706
6788.00000 0.178653
6790.00000 0.147445
6792.00000 0.12238
6794.00000 0.100929
6796.00000 0.083501
6798.00000 0.068588
6800.00000 0.057018
6802.00000 0.047598
6804.00000 0.03949
6806.00000 0.032831
6808.00000 0.027723
6810.00000 0.023344
6812.00000 0.01972
6814.00000 0.016644
6816.00000 0.014274
6818.00000 0.012181
6820.00000 0.010497
6822.00000 0.009034
6824.00000 0.007826
6826.00000 0.006817
6828.00000 0.005971
6830.00000 0.005198
6832.00000 0.004622
6834.00000 0.004095
7517.39990 0.0
