threeML/data/optical_filters/INT/WFC-HeII.ecsv
# %ECSV 0.9
# ---
# datatype:
# - {name: wavelength, unit: Angstrom, datatype: float32}
# - {name: response, datatype: float32}
# meta: !!omap
# - {band_name: HeII}
# - {group_name: WFC}
wavelength response
4122.00000 0.0
4580.00000 0.004378
4582.00000 0.004938
4584.00000 0.005557
4586.00000 0.006323
4588.00000 0.007196
4590.00000 0.008191
4592.00000 0.009339
4594.00000 0.010741
4596.00000 0.01234
4598.00000 0.014267
4600.00000 0.016478
4602.00000 0.019201
4604.00000 0.022444
4606.00000 0.026367
4608.00000 0.030797
4610.00000 0.036532
4612.00000 0.043276
4614.00000 0.051445
4616.00000 0.061053
4618.00000 0.073233
4620.00000 0.087561
4622.00000 0.104954
4624.00000 0.124704
4626.00000 0.14863
4628.00000 0.176921
4630.00000 0.20906
4632.00000 0.243455
4634.00000 0.283317
4636.00000 0.325263
4638.00000 0.370378
4640.00000 0.415204
4642.00000 0.462104
4644.00000 0.50786
4646.00000 0.551737
4648.00000 0.591823
4650.00000 0.628935
4652.00000 0.662158
4654.00000 0.690516
4656.00000 0.713844
4658.00000 0.73304
4660.00000 0.748093
4662.00000 0.75939
4664.00000 0.767206
4666.00000 0.773251
4668.00000 0.777723
4670.00000 0.779259
4672.00000 0.779723
4674.00000 0.779309
4676.00000 0.777922
4678.00000 0.774478
4680.00000 0.771759
4682.00000 0.76778
4684.00000 0.761298
4686.00000 0.756352
4688.00000 0.750215
4690.00000 0.742212
4692.00000 0.734878
4694.00000 0.726833
4696.00000 0.717443
4698.00000 0.708571
4700.00000 0.699562
4702.00000 0.688968
4704.00000 0.679984
4706.00000 0.669393
4708.00000 0.656728
4710.00000 0.644156
4712.00000 0.631297
4714.00000 0.614883
4716.00000 0.597204
4718.00000 0.577567
4720.00000 0.555388
4722.00000 0.530586
4724.00000 0.503658
4726.00000 0.473122
4728.00000 0.442601
4730.00000 0.41042
4732.00000 0.375403
4734.00000 0.341638
4736.00000 0.309851
4738.00000 0.276023
4740.00000 0.245106
4742.00000 0.216087
4744.00000 0.189483
4746.00000 0.164809
4748.00000 0.142907
4750.00000 0.123145
4752.00000 0.1062
4754.00000 0.091413
4756.00000 0.078369
4758.00000 0.067099
4760.00000 0.05817
4762.00000 0.049739
4764.00000 0.042905
4766.00000 0.037183
4768.00000 0.03229
4770.00000 0.027933
4772.00000 0.024353
4774.00000 0.021278
4776.00000 0.018684
4778.00000 0.016422
4780.00000 0.014491
4782.00000 0.012748
4784.00000 0.011358
4786.00000 0.010113
4788.00000 0.008992
4790.00000 0.008036
4792.00000 0.007226
4794.00000 0.00645
4796.00000 0.005827
4798.00000 0.005248
4800.00000 0.004747
4802.00000 0.004307
5282.20020 0.0
