threeML/data/optical_filters/INT/WFC-V.ecsv
# %ECSV 0.9
# ---
# datatype:
# - {name: wavelength, unit: Angstrom, datatype: float32}
# - {name: response, datatype: float32}
# meta: !!omap
# - {band_name: V}
# - {group_name: WFC}
wavelength response
4365.00000 0.0
4850.00000 0.008734
4860.00000 0.018994
4870.00000 0.037166
4880.00000 0.066115
4890.00000 0.106256
4900.00000 0.157697
4910.00000 0.218398
4920.00000 0.284299
4930.00000 0.351942
4940.00000 0.419378
4950.00000 0.48235
4960.00000 0.539288
4970.00000 0.592053
4980.00000 0.636096
4990.00000 0.674682
5000.00000 0.710163
5010.00000 0.73718
5020.00000 0.75951
5030.00000 0.781789
5040.00000 0.798283
5050.00000 0.810644
5060.00000 0.824337
5070.00000 0.833717
5080.00000 0.840597
5090.00000 0.848598
5100.00000 0.855087
5110.00000 0.858293
5120.00000 0.863642
5130.00000 0.867366
5140.00000 0.867792
5150.00000 0.871824
5160.00000 0.873823
5170.00000 0.873268
5180.00000 0.875272
5190.00000 0.876427
5200.00000 0.87517
5210.00000 0.875794
5220.00000 0.876759
5230.00000 0.874995
5240.00000 0.874804
5250.00000 0.875312
5260.00000 0.872692
5270.00000 0.872051
5280.00000 0.87187
5290.00000 0.868356
5300.00000 0.86684
5310.00000 0.865973
5320.00000 0.862823
5330.00000 0.860148
5340.00000 0.860536
5350.00000 0.856361
5360.00000 0.853404
5370.00000 0.852393
5380.00000 0.84829
5390.00000 0.84541
5400.00000 0.843029
5410.00000 0.839167
5420.00000 0.834754
5430.00000 0.833026
5440.00000 0.828078
5450.00000 0.8232
5460.00000 0.821667
5470.00000 0.816285
5480.00000 0.810885
5490.00000 0.808386
5500.00000 0.802103
5510.00000 0.796014
5520.00000 0.793059
5530.00000 0.786379
5540.00000 0.779707
5550.00000 0.775822
5560.00000 0.769227
5570.00000 0.761552
5580.00000 0.756837
5590.00000 0.749223
5600.00000 0.741965
5610.00000 0.735892
5620.00000 0.728417
5630.00000 0.719875
5640.00000 0.714143
5650.00000 0.705718
5660.00000 0.696832
5670.00000 0.689177
5680.00000 0.68577
5690.00000 0.67258
5700.00000 0.663881
5710.00000 0.654737
5720.00000 0.64534
5730.00000 0.637406
5740.00000 0.626719
5750.00000 0.616843
5760.00000 0.608598
5770.00000 0.597735
5780.00000 0.587522
5790.00000 0.578236
5800.00000 0.567422
5810.00000 0.556935
5820.00000 0.547556
5830.00000 0.535841
5840.00000 0.525017
5850.00000 0.515433
5860.00000 0.503794
5870.00000 0.492719
5880.00000 0.482545
5890.00000 0.471271
5900.00000 0.459641
5910.00000 0.449786
5920.00000 0.438242
5930.00000 0.426379
5940.00000 0.416406
5950.00000 0.405167
5960.00000 0.39376
5970.00000 0.383046
5980.00000 0.372394
5990.00000 0.361152
6000.00000 0.350553
6010.00000 0.340261
6020.00000 0.329238
6030.00000 0.319126
6040.00000 0.308598
6050.00000 0.298027
6060.00000 0.288362
6070.00000 0.278466
6080.00000 0.267841
6090.00000 0.258562
6100.00000 0.248914
6110.00000 0.239064
6120.00000 0.230195
6130.00000 0.221502
6140.00000 0.212058
6150.00000 0.203431
6160.00000 0.195021
6170.00000 0.186442
6180.00000 0.178713
6190.00000 0.170708
6200.00000 0.162863
6210.00000 0.155544
6220.00000 0.148359
6230.00000 0.141053
6240.00000 0.134223
6250.00000 0.127797
6260.00000 0.121316
6270.00000 0.115102
6280.00000 0.109056
6290.00000 0.103201
6300.00000 0.097674
6310.00000 0.092361
6320.00000 0.087095
6330.00000 0.082335
6340.00000 0.077742
6350.00000 0.073051
6360.00000 0.068776
6370.00000 0.064643
6380.00000 0.060586
6390.00000 0.056857
6400.00000 0.053425
6410.00000 0.049898
6420.00000 0.046737
6430.00000 0.043746
6440.00000 0.040677
6450.00000 0.037995
6460.00000 0.035403
6470.00000 0.032892
6480.00000 0.030537
6490.00000 0.028336
6500.00000 0.0263
6510.00000 0.024326
6520.00000 0.022578
6530.00000 0.020892
6540.00000 0.019242
6550.00000 0.017767
6560.00000 0.016346
6570.00000 0.015087
6580.00000 0.01383
6590.00000 0.012756
6600.00000 0.011653
6610.00000 0.01074
6620.00000 0.009794
6630.00000 0.008936
6640.00000 0.008232
6650.00000 0.007514
6660.00000 0.006833
6670.00000 0.006196
6680.00000 0.005655
6690.00000 0.005156
6700.00000 0.004673
6710.00000 0.004233
7381.00000 0.0
