threeML/data/optical_filters/INT/WFC-OII.ecsv
# %ECSV 0.9
# ---
# datatype:
# - {name: wavelength, unit: Angstrom, datatype: float32}
# - {name: response, datatype: float32}
# meta: !!omap
# - {band_name: OII}
# - {group_name: WFC}
wavelength response
3252.60010 0.0
3614.00000 0.004135
3616.00000 0.004648
3618.00000 0.005161
3620.00000 0.005674
3622.00000 0.006746
3624.00000 0.007817
3626.00000 0.008889
3628.00000 0.00996
3630.00000 0.011032
3632.00000 0.013617
3634.00000 0.016202
3636.00000 0.018786
3638.00000 0.021372
3640.00000 0.023957
3642.00000 0.029527
3644.00000 0.035098
3646.00000 0.040669
3648.00000 0.04624
3650.00000 0.051811
3652.00000 0.062903
3654.00000 0.073997
3656.00000 0.08509
3658.00000 0.096184
3660.00000 0.107278
3662.00000 0.123168
3664.00000 0.13906
3666.00000 0.15495
3668.00000 0.170842
3670.00000 0.186734
3672.00000 0.193037
3674.00000 0.199341
3676.00000 0.205643
3678.00000 0.211947
3680.00000 0.21825
3682.00000 0.23897
3684.00000 0.259693
3686.00000 0.280412
3688.00000 0.301135
3690.00000 0.321858
3692.00000 0.329416
3694.00000 0.336976
3696.00000 0.344535
3698.00000 0.352094
3700.00000 0.359654
3702.00000 0.365412
3704.00000 0.371172
3706.00000 0.376931
3708.00000 0.38269
3710.00000 0.38845
3712.00000 0.393409
3714.00000 0.398369
3716.00000 0.403328
3718.00000 0.408288
3720.00000 0.413248
3722.00000 0.416485
3724.00000 0.419723
3726.00000 0.422961
3728.00000 0.426199
3730.00000 0.429437
3732.00000 0.429558
3734.00000 0.429679
3736.00000 0.4298
3738.00000 0.429921
3740.00000 0.430042
3742.00000 0.42347
3744.00000 0.416898
3746.00000 0.410326
3748.00000 0.403753
3750.00000 0.397181
3752.00000 0.381655
3754.00000 0.366127
3756.00000 0.350602
3758.00000 0.335074
3760.00000 0.319546
3762.00000 0.299685
3764.00000 0.279821
3766.00000 0.25996
3768.00000 0.240097
3770.00000 0.220233
3772.00000 0.202609
3774.00000 0.184982
3776.00000 0.167358
3778.00000 0.149731
3780.00000 0.132104
3782.00000 0.120588
3784.00000 0.10907
3786.00000 0.097554
3788.00000 0.086036
3790.00000 0.074518
3792.00000 0.067885
3794.00000 0.061251
3796.00000 0.054617
3798.00000 0.047983
3800.00000 0.041349
3802.00000 0.037971
3804.00000 0.034593
3806.00000 0.031216
3808.00000 0.027838
3810.00000 0.024459
3812.00000 0.02255
3814.00000 0.02064
3816.00000 0.018731
3818.00000 0.016821
3820.00000 0.014911
3822.00000 0.013839
3824.00000 0.012766
3826.00000 0.011693
3828.00000 0.010621
3830.00000 0.009548
3832.00000 0.008918
3834.00000 0.008289
3836.00000 0.00766
3838.00000 0.00703
3840.00000 0.006401
3842.00000 0.006012
3844.00000 0.005622
3846.00000 0.005233
3848.00000 0.004844
3850.00000 0.004455
3852.00000 0.004202
4237.20020 0.0
