threeML/data/optical_filters/SLOAN/SDSS-z.ecsv
# %ECSV 0.9
# ---
# datatype:
# - {name: wavelength, unit: Angstrom, datatype: float32}
# - {name: response, datatype: float32}
# meta: !!omap
# - {band_name: z}
# - {group_name: SDSS}
wavelength response
7755.00000 0.0
7780.00000 0.0001
7805.00000 0.0001
7830.00000 0.0001
7855.00000 0.0002
7880.00000 0.0002
7905.00000 0.0003
7930.00000 0.0005
7955.00000 0.0007
7980.00000 0.0011
8005.00000 0.0017
8030.00000 0.0027
8055.00000 0.004
8080.00000 0.0057
8105.00000 0.0079
8130.00000 0.0106
8155.00000 0.0139
8180.00000 0.0178
8205.00000 0.0222
8230.00000 0.0271
8255.00000 0.0324
8280.00000 0.0382
8305.00000 0.0446
8330.00000 0.0511
8355.00000 0.0564
8380.00000 0.0603
8405.00000 0.0637
8430.00000 0.0667
8455.00000 0.0694
8480.00000 0.0717
8505.00000 0.0736
8530.00000 0.0752
8555.00000 0.0765
8580.00000 0.0775
8605.00000 0.0782
8630.00000 0.0786
8655.00000 0.0787
8680.00000 0.0785
8705.00000 0.078
8730.00000 0.0772
8755.00000 0.0763
8780.00000 0.0751
8805.00000 0.0738
8830.00000 0.0723
8855.00000 0.0708
8880.00000 0.0693
8905.00000 0.0674
8930.00000 0.0632
8955.00000 0.0581
8980.00000 0.0543
9005.00000 0.0526
9030.00000 0.0523
9055.00000 0.0522
9080.00000 0.0512
9105.00000 0.0496
9130.00000 0.0481
9155.00000 0.0473
9180.00000 0.0476
9205.00000 0.0482
9230.00000 0.0476
9255.00000 0.0447
9280.00000 0.0391
9305.00000 0.0329
9330.00000 0.0283
9355.00000 0.0264
9380.00000 0.0271
9405.00000 0.0283
9430.00000 0.0275
9455.00000 0.0254
9480.00000 0.0252
9505.00000 0.0256
9530.00000 0.0246
9555.00000 0.0244
9580.00000 0.0252
9605.00000 0.0258
9630.00000 0.0265
9655.00000 0.0274
9680.00000 0.0279
9705.00000 0.0271
9730.00000 0.0252
9755.00000 0.0236
9780.00000 0.0227
9805.00000 0.0222
9830.00000 0.0216
9855.00000 0.0208
9880.00000 0.0196
9905.00000 0.0183
9930.00000 0.0171
9955.00000 0.016
9980.00000 0.0149
10005.00000 0.0138
10030.00000 0.0128
10055.00000 0.0118
10080.00000 0.0108
10105.00000 0.0099
10130.00000 0.0091
10155.00000 0.0083
10180.00000 0.0075
10205.00000 0.0068
10230.00000 0.0061
10255.00000 0.0055
10280.00000 0.005
10305.00000 0.0045
10330.00000 0.0041
10355.00000 0.0037
10380.00000 0.0033
10405.00000 0.003
10430.00000 0.0027
10455.00000 0.0025
10480.00000 0.0023
10505.00000 0.0021
10530.00000 0.0019
10555.00000 0.0018
10580.00000 0.0017
10605.00000 0.0016
10630.00000 0.0015
10655.00000 0.0014
10680.00000 0.0013
10705.00000 0.0012
10730.00000 0.0011
10755.00000 0.001
10780.00000 0.0009
10805.00000 0.0008
10830.00000 0.0008
10855.00000 0.0007
10880.00000 0.0006
10905.00000 0.0006
10930.00000 0.0006
10955.00000 0.0005
10980.00000 0.0005
11005.00000 0.0004
11030.00000 0.0004
11055.00000 0.0003
11080.00000 0.0003
11105.00000 0.0002
11130.00000 0.0002
11155.00000 0.0001
11180.00000 0.0001
11205.00000 0.0
