threeML/data/optical_filters/Paranal/FORS1-ESO1040.ecsv
# %ECSV 0.9
# ---
# datatype:
# - {name: wavelength, unit: Angstrom, datatype: float32}
# - {name: response, datatype: float32}
# meta: !!omap
# - {band_name: ESO1040}
# - {group_name: FORS1}
wavelength response
4149.00000 0.0
4610.00000 0.00404
4615.00000 0.00508
4620.00000 0.00643
4625.00000 0.00818
4630.00000 0.01054
4635.00000 0.01364
4640.00000 0.01786
4645.00000 0.0237
4650.00000 0.03161
4655.00000 0.0427
4660.00000 0.0581
4665.00000 0.07968
4670.00000 0.11039
4675.00000 0.15221
4680.00000 0.20834
4685.00000 0.28071
4690.00000 0.36599
4695.00000 0.46102
4700.00000 0.55604
4705.00000 0.64074
4710.00000 0.7074
4715.00000 0.75261
4720.00000 0.77865
4725.00000 0.79106
4730.00000 0.79565
4735.00000 0.79694
4740.00000 0.79836
4745.00000 0.80096
4750.00000 0.80506
4755.00000 0.81062
4760.00000 0.81663
4765.00000 0.82229
4770.00000 0.82686
4775.00000 0.82887
4780.00000 0.82814
4785.00000 0.82428
4790.00000 0.81755
4795.00000 0.80775
4800.00000 0.79551
4805.00000 0.7815
4810.00000 0.76676
4815.00000 0.75136
4820.00000 0.73599
4825.00000 0.72153
4830.00000 0.70799
4835.00000 0.69593
4840.00000 0.68567
4845.00000 0.67689
4850.00000 0.67016
4855.00000 0.6653
4860.00000 0.66224
4865.00000 0.66094
4870.00000 0.66122
4875.00000 0.66338
4880.00000 0.66701
4885.00000 0.67197
4890.00000 0.67816
4895.00000 0.68573
4900.00000 0.69423
4905.00000 0.70362
4910.00000 0.71339
4915.00000 0.72376
4920.00000 0.73448
4925.00000 0.7454
4930.00000 0.75634
4935.00000 0.76733
4940.00000 0.77812
4945.00000 0.78831
4950.00000 0.79789
4955.00000 0.80696
4960.00000 0.8153
4965.00000 0.82287
4970.00000 0.82972
4975.00000 0.83599
4980.00000 0.84151
4985.00000 0.84633
4990.00000 0.85027
4995.00000 0.85355
5000.00000 0.85626
5005.00000 0.85849
5010.00000 0.86009
5015.00000 0.86117
5020.00000 0.86182
5025.00000 0.862
5030.00000 0.86189
5035.00000 0.86153
5040.00000 0.86093
5045.00000 0.85996
5050.00000 0.8587
5055.00000 0.85744
5060.00000 0.85564
5065.00000 0.85408
5070.00000 0.85208
5075.00000 0.8499
5080.00000 0.84733
5085.00000 0.8448
5090.00000 0.84233
5095.00000 0.83945
5100.00000 0.83627
5105.00000 0.83308
5110.00000 0.82962
5115.00000 0.82598
5120.00000 0.82217
5125.00000 0.81804
5130.00000 0.81412
5135.00000 0.80965
5140.00000 0.80524
5145.00000 0.80067
5150.00000 0.79552
5155.00000 0.79052
5160.00000 0.7855
5165.00000 0.78022
5170.00000 0.77507
5175.00000 0.77023
5180.00000 0.76493
5185.00000 0.75979
5190.00000 0.75491
5195.00000 0.75025
5200.00000 0.74584
5205.00000 0.74157
5210.00000 0.73746
5215.00000 0.73409
5220.00000 0.7311
5225.00000 0.72875
5230.00000 0.7269
5235.00000 0.72559
5240.00000 0.72488
5245.00000 0.72525
5250.00000 0.72588
5255.00000 0.72742
5260.00000 0.72977
5265.00000 0.733
5270.00000 0.73672
5275.00000 0.74153
5280.00000 0.74675
5285.00000 0.75249
5290.00000 0.75906
5295.00000 0.76568
5300.00000 0.77308
5305.00000 0.78054
5310.00000 0.78789
5315.00000 0.79505
5320.00000 0.80177
5325.00000 0.80808
5330.00000 0.81371
5335.00000 0.81823
5340.00000 0.82137
5345.00000 0.8235
5350.00000 0.82455
5355.00000 0.82373
5360.00000 0.82203
5365.00000 0.81915
5370.00000 0.81497
5375.00000 0.80986
5380.00000 0.80411
5385.00000 0.79837
5390.00000 0.79263
5395.00000 0.78719
5400.00000 0.78212
5405.00000 0.77785
5410.00000 0.77462
5415.00000 0.77228
5420.00000 0.77079
5425.00000 0.7701
5430.00000 0.76981
5435.00000 0.76912
5440.00000 0.76642
5445.00000 0.761
5450.00000 0.75057
5455.00000 0.73376
5460.00000 0.70782
5465.00000 0.67252
5470.00000 0.6275
5475.00000 0.57404
5480.00000 0.51411
5485.00000 0.45136
5490.00000 0.38808
5495.00000 0.3291
5500.00000 0.27508
5505.00000 0.22753
5510.00000 0.18703
5515.00000 0.15296
5520.00000 0.12503
5525.00000 0.10209
5530.00000 0.08333
5535.00000 0.06838
5540.00000 0.05627
5545.00000 0.04641
5550.00000 0.03852
5555.00000 0.03209
5560.00000 0.02684
5565.00000 0.02257
5570.00000 0.01903
5575.00000 0.01614
5580.00000 0.01376
5585.00000 0.01174
5590.00000 0.01005
5595.00000 0.00863
5600.00000 0.00747
5605.00000 0.00648
5610.00000 0.00567
5615.00000 0.00495
5620.00000 0.00433
6182.00000 0.0
