threeML/data/optical_filters/Paranal/FORS1-ESO1038.ecsv
# %ECSV 0.9
# ---
# datatype:
# - {name: wavelength, unit: Angstrom, datatype: float32}
# - {name: response, datatype: float32}
# meta: !!omap
# - {band_name: ESO1038}
# - {group_name: FORS1}
wavelength response
2808.00000 0.0
3120.00000 0.00402
3125.00000 0.00532
3130.00000 0.00697
3135.00000 0.00898
3140.00000 0.01136
3145.00000 0.01423
3150.00000 0.01755
3155.00000 0.02136
3160.00000 0.0257
3165.00000 0.0306
3170.00000 0.03598
3175.00000 0.04191
3180.00000 0.04838
3185.00000 0.05531
3190.00000 0.06275
3195.00000 0.07055
3200.00000 0.07884
3205.00000 0.0876
3210.00000 0.09659
3215.00000 0.10602
3220.00000 0.11569
3225.00000 0.12543
3230.00000 0.13555
3235.00000 0.14574
3240.00000 0.15612
3245.00000 0.16675
3250.00000 0.17718
3255.00000 0.18771
3260.00000 0.19815
3265.00000 0.20866
3270.00000 0.21932
3275.00000 0.22954
3280.00000 0.23996
3285.00000 0.25002
3290.00000 0.26011
3295.00000 0.27021
3300.00000 0.27992
3305.00000 0.28938
3310.00000 0.2989
3315.00000 0.30793
3320.00000 0.3168
3325.00000 0.32557
3330.00000 0.33396
3335.00000 0.34225
3340.00000 0.35032
3345.00000 0.35787
3350.00000 0.36559
3355.00000 0.3727
3360.00000 0.37972
3365.00000 0.38658
3370.00000 0.39304
3375.00000 0.39926
3380.00000 0.40515
3385.00000 0.41105
3390.00000 0.41624
3395.00000 0.42169
3400.00000 0.42663
3405.00000 0.43123
3410.00000 0.43592
3415.00000 0.44018
3420.00000 0.44418
3425.00000 0.44789
3430.00000 0.45168
3435.00000 0.45515
3440.00000 0.4585
3445.00000 0.46132
3450.00000 0.46432
3455.00000 0.46703
3460.00000 0.46938
3465.00000 0.47153
3470.00000 0.47387
3475.00000 0.47571
3480.00000 0.47746
3485.00000 0.47875
3490.00000 0.48004
3495.00000 0.48109
3500.00000 0.48212
3505.00000 0.48226
3510.00000 0.48269
3520.00000 0.4829
3525.00000 0.4825
3530.00000 0.48186
3535.00000 0.48074
3540.00000 0.47986
3545.00000 0.47877
3550.00000 0.47716
3555.00000 0.47549
3560.00000 0.47309
3565.00000 0.47063
3570.00000 0.46837
3575.00000 0.46536
3580.00000 0.46187
3585.00000 0.45833
3590.00000 0.45481
3595.00000 0.45053
3600.00000 0.44645
3605.00000 0.4418
3610.00000 0.4365
3615.00000 0.43133
3620.00000 0.42538
3625.00000 0.41948
3630.00000 0.41297
3635.00000 0.40623
3640.00000 0.3991
3645.00000 0.39158
3650.00000 0.38365
3655.00000 0.37529
3660.00000 0.3667
3665.00000 0.35789
3670.00000 0.34858
3675.00000 0.33897
3680.00000 0.32902
3685.00000 0.31864
3690.00000 0.30802
3695.00000 0.29711
3700.00000 0.28604
3705.00000 0.27466
3710.00000 0.26298
3715.00000 0.25104
3720.00000 0.23905
3725.00000 0.22678
3730.00000 0.21452
3735.00000 0.20237
3740.00000 0.1899
3745.00000 0.1775
3750.00000 0.16523
3755.00000 0.15289
3760.00000 0.14098
3765.00000 0.1293
3770.00000 0.11787
3775.00000 0.10694
3780.00000 0.09614
3785.00000 0.08598
3790.00000 0.07638
3795.00000 0.06729
3800.00000 0.05891
3805.00000 0.05108
3810.00000 0.04388
3815.00000 0.03736
3820.00000 0.03153
3825.00000 0.02633
3830.00000 0.0218
3835.00000 0.01779
3840.00000 0.01439
3845.00000 0.01148
3850.00000 0.00905
3855.00000 0.00705
3860.00000 0.00543
3865.00000 0.0041
4251.50000 0.0
