threeML/data/optical_filters/Paranal/FORS2-ESO1074.ecsv
# %ECSV 0.9
# ---
# datatype:
# - {name: wavelength, unit: Angstrom, datatype: float32}
# - {name: response, datatype: float32}
# meta: !!omap
# - {band_name: ESO1074}
# - {group_name: FORS2}
wavelength response
3163.50000 0.0
3515.00000 0.00412
3520.00000 0.00531
3525.00000 0.00676
3530.00000 0.00848
3535.00000 0.0105
3540.00000 0.01288
3545.00000 0.0156
3550.00000 0.01866
3555.00000 0.02218
3560.00000 0.02605
3565.00000 0.0304
3570.00000 0.03511
3575.00000 0.04029
3580.00000 0.04587
3585.00000 0.05183
3590.00000 0.05822
3595.00000 0.06501
3600.00000 0.07207
3605.00000 0.07957
3610.00000 0.08736
3615.00000 0.09544
3620.00000 0.10381
3625.00000 0.11241
3630.00000 0.12128
3635.00000 0.13033
3640.00000 0.13943
3645.00000 0.14869
3650.00000 0.1583
3655.00000 0.16783
3660.00000 0.17734
3665.00000 0.18702
3670.00000 0.1966
3675.00000 0.20632
3680.00000 0.21589
3685.00000 0.22558
3690.00000 0.23517
3695.00000 0.24466
3700.00000 0.25415
3705.00000 0.26353
3710.00000 0.27294
3715.00000 0.28212
3720.00000 0.29128
3725.00000 0.30047
3730.00000 0.30926
3735.00000 0.31804
3740.00000 0.32684
3745.00000 0.33538
3750.00000 0.344
3755.00000 0.35246
3760.00000 0.36084
3765.00000 0.369
3770.00000 0.37695
3775.00000 0.38499
3780.00000 0.39282
3785.00000 0.40061
3790.00000 0.40823
3795.00000 0.41582
3800.00000 0.42314
3805.00000 0.43038
3810.00000 0.4376
3815.00000 0.44467
3820.00000 0.45149
3825.00000 0.45826
3830.00000 0.46489
3835.00000 0.47129
3840.00000 0.47758
3845.00000 0.48391
3850.00000 0.48998
3855.00000 0.49598
3860.00000 0.50191
3865.00000 0.50771
3870.00000 0.51302
3875.00000 0.51858
3880.00000 0.52367
3885.00000 0.52896
3890.00000 0.53406
3895.00000 0.53894
3900.00000 0.54355
3905.00000 0.54833
3910.00000 0.55301
3915.00000 0.55727
3920.00000 0.56157
3925.00000 0.56581
3930.00000 0.56961
3935.00000 0.57367
3940.00000 0.57733
3945.00000 0.58101
3950.00000 0.58452
3955.00000 0.58792
3960.00000 0.59117
3965.00000 0.59434
3970.00000 0.59735
3975.00000 0.60023
3980.00000 0.6031
3985.00000 0.60576
3990.00000 0.60839
3995.00000 0.61102
4000.00000 0.61342
4005.00000 0.61584
4010.00000 0.61813
4015.00000 0.62026
4020.00000 0.62226
4025.00000 0.6242
4030.00000 0.62624
4035.00000 0.62809
4040.00000 0.63005
4045.00000 0.63187
4050.00000 0.6335
4055.00000 0.6353
4060.00000 0.63702
4065.00000 0.63864
4070.00000 0.64025
4075.00000 0.64173
4080.00000 0.64317
4085.00000 0.64441
4090.00000 0.64583
4095.00000 0.64697
4100.00000 0.64813
4105.00000 0.64904
4110.00000 0.64989
4115.00000 0.651
4120.00000 0.65159
4125.00000 0.65259
4130.00000 0.65329
4135.00000 0.65396
4140.00000 0.65453
4145.00000 0.65528
4150.00000 0.65583
4155.00000 0.65653
4160.00000 0.65715
4165.00000 0.65797
4170.00000 0.65833
4175.00000 0.65911
4180.00000 0.65975
4185.00000 0.66034
4190.00000 0.66076
4195.00000 0.66153
4200.00000 0.66191
4215.00000 0.66234
4220.00000 0.66218
4225.00000 0.66201
4230.00000 0.66161
4235.00000 0.66112
4240.00000 0.66043
4245.00000 0.65985
4250.00000 0.65892
4255.00000 0.65817
4260.00000 0.65752
4265.00000 0.65651
4270.00000 0.65569
4275.00000 0.65515
4280.00000 0.65437
4285.00000 0.65379
4290.00000 0.65268
4295.00000 0.65211
4300.00000 0.65135
4305.00000 0.6504
4310.00000 0.64923
4315.00000 0.64811
4320.00000 0.6468
4325.00000 0.64555
4330.00000 0.644
4335.00000 0.64254
4340.00000 0.64111
4345.00000 0.6397
4350.00000 0.63798
4355.00000 0.63677
4360.00000 0.63514
4365.00000 0.63364
4370.00000 0.63222
4375.00000 0.63067
4380.00000 0.62917
4385.00000 0.62775
4390.00000 0.62609
4395.00000 0.62454
4400.00000 0.62283
4405.00000 0.62136
4410.00000 0.61946
4415.00000 0.61781
4420.00000 0.61579
4425.00000 0.61385
4430.00000 0.61183
4435.00000 0.60971
4440.00000 0.6074
4445.00000 0.605
4450.00000 0.60247
4455.00000 0.59965
4460.00000 0.59695
4465.00000 0.59374
4470.00000 0.59074
4475.00000 0.58747
4480.00000 0.58422
4485.00000 0.58068
4490.00000 0.57727
4495.00000 0.57395
4500.00000 0.57042
4505.00000 0.56693
4510.00000 0.56352
4515.00000 0.56024
4520.00000 0.5571
4525.00000 0.55389
4530.00000 0.55068
4535.00000 0.5474
4540.00000 0.54403
4545.00000 0.54069
4550.00000 0.5369
4555.00000 0.53351
4560.00000 0.52986
4565.00000 0.52591
4570.00000 0.52206
4575.00000 0.51784
4580.00000 0.51373
4585.00000 0.50921
4590.00000 0.50462
4595.00000 0.49988
4600.00000 0.49501
4605.00000 0.49012
4610.00000 0.48482
4615.00000 0.47948
4620.00000 0.47403
4625.00000 0.46843
4630.00000 0.46257
4635.00000 0.45674
4640.00000 0.45047
4645.00000 0.44403
4650.00000 0.43737
4655.00000 0.4304
4660.00000 0.42326
4665.00000 0.41585
4670.00000 0.40824
4675.00000 0.40045
4680.00000 0.39254
4685.00000 0.38442
4690.00000 0.3763
4695.00000 0.36804
4700.00000 0.35975
4705.00000 0.35141
4710.00000 0.3429
4715.00000 0.3346
4720.00000 0.32609
4725.00000 0.31778
4730.00000 0.30962
4735.00000 0.30139
4740.00000 0.29352
4745.00000 0.2855
4750.00000 0.27764
4755.00000 0.26981
4760.00000 0.26208
4765.00000 0.2543
4770.00000 0.24665
4775.00000 0.23899
4780.00000 0.23152
4785.00000 0.22397
4790.00000 0.21656
4795.00000 0.20925
4800.00000 0.20202
4805.00000 0.19481
4810.00000 0.18777
4815.00000 0.18074
4820.00000 0.17398
4825.00000 0.16733
4830.00000 0.16069
4835.00000 0.15425
4840.00000 0.14807
4845.00000 0.14201
4850.00000 0.1362
4855.00000 0.13046
4860.00000 0.12501
4865.00000 0.11965
4870.00000 0.1144
4875.00000 0.10951
4880.00000 0.10472
4885.00000 0.10014
4890.00000 0.09573
4895.00000 0.09146
4900.00000 0.08733
4905.00000 0.08344
4910.00000 0.07974
4915.00000 0.07623
4920.00000 0.07286
4925.00000 0.06964
4930.00000 0.06658
4935.00000 0.06366
4940.00000 0.06088
4945.00000 0.05826
4950.00000 0.05584
4955.00000 0.05355
4960.00000 0.05136
4965.00000 0.04924
4970.00000 0.04728
4975.00000 0.04538
4980.00000 0.04356
4985.00000 0.04181
4990.00000 0.04006
4995.00000 0.03838
5000.00000 0.03671
5005.00000 0.03506
5010.00000 0.03343
5015.00000 0.0318
5020.00000 0.03016
5025.00000 0.02854
5030.00000 0.02693
5035.00000 0.02535
5040.00000 0.02384
5045.00000 0.02232
5050.00000 0.0209
5055.00000 0.01948
5060.00000 0.01816
5065.00000 0.01693
5070.00000 0.01577
5075.00000 0.01469
5080.00000 0.01367
5085.00000 0.01273
5090.00000 0.01186
5095.00000 0.01105
5100.00000 0.01031
5105.00000 0.00961
5110.00000 0.00896
5115.00000 0.00836
5120.00000 0.0078
5125.00000 0.00727
5130.00000 0.00678
5135.00000 0.00632
5140.00000 0.00588
5145.00000 0.00546
5150.00000 0.00506
5155.00000 0.00469
5160.00000 0.00433
5676.00000 0.0
