threeML/data/optical_filters/Paranal/FORS1-ESO1115.ecsv
# %ECSV 0.9
# ---
# datatype:
# - {name: wavelength, unit: Angstrom, datatype: float32}
# - {name: response, datatype: float32}
# meta: !!omap
# - {band_name: ESO1115}
# - {group_name: FORS1}
wavelength response
3406.50000 0.0
3785.00000 0.00573
3790.00000 0.01032
3795.00000 0.01756
3800.00000 0.02844
3805.00000 0.04378
3810.00000 0.06426
3815.00000 0.0903
3820.00000 0.12132
3825.00000 0.15676
3830.00000 0.19547
3835.00000 0.23635
3840.00000 0.27838
3845.00000 0.3197
3850.00000 0.35905
3855.00000 0.39606
3860.00000 0.42981
3865.00000 0.46003
3870.00000 0.48681
3875.00000 0.51046
3880.00000 0.5313
3885.00000 0.54967
3890.00000 0.56591
3895.00000 0.58091
3900.00000 0.59454
3905.00000 0.60765
3910.00000 0.62013
3915.00000 0.63216
3920.00000 0.64349
3925.00000 0.65474
3930.00000 0.66491
3935.00000 0.6746
3940.00000 0.6835
3945.00000 0.69133
3950.00000 0.69801
3955.00000 0.70333
3960.00000 0.70775
3965.00000 0.71111
3970.00000 0.71364
3975.00000 0.71543
3980.00000 0.71671
3985.00000 0.71791
3990.00000 0.71908
3995.00000 0.7207
4000.00000 0.72242
4005.00000 0.72524
4010.00000 0.72839
4015.00000 0.73214
4020.00000 0.73665
4025.00000 0.7417
4030.00000 0.74708
4035.00000 0.75268
4040.00000 0.75844
4045.00000 0.76375
4050.00000 0.76881
4055.00000 0.77343
4060.00000 0.77732
4065.00000 0.78043
4070.00000 0.78261
4075.00000 0.78398
4080.00000 0.785
4085.00000 0.78489
4090.00000 0.78458
4095.00000 0.78417
4100.00000 0.78368
4105.00000 0.78325
4110.00000 0.78302
4115.00000 0.78336
4120.00000 0.78411
4125.00000 0.78541
4130.00000 0.78723
4135.00000 0.7895
4140.00000 0.7926
4145.00000 0.79598
4150.00000 0.79942
4155.00000 0.80346
4160.00000 0.8075
4165.00000 0.81169
4170.00000 0.81548
4175.00000 0.81907
4180.00000 0.82286
4185.00000 0.82546
4190.00000 0.82815
4195.00000 0.83017
4200.00000 0.83227
4205.00000 0.83385
4210.00000 0.83508
4215.00000 0.83593
4220.00000 0.83686
4225.00000 0.83756
4230.00000 0.83835
4235.00000 0.83877
4240.00000 0.8396
4245.00000 0.8404
4250.00000 0.8412
4255.00000 0.84212
4260.00000 0.84296
4265.00000 0.8438
4270.00000 0.84471
4275.00000 0.8456
4280.00000 0.84615
4285.00000 0.84681
4290.00000 0.84768
4295.00000 0.84801
4300.00000 0.84827
4305.00000 0.8488
4310.00000 0.84901
4315.00000 0.84949
4320.00000 0.84983
4325.00000 0.85048
4330.00000 0.85127
4335.00000 0.85215
4340.00000 0.85295
4345.00000 0.85431
4350.00000 0.85581
4355.00000 0.85754
4360.00000 0.85964
4365.00000 0.86156
4370.00000 0.86373
4375.00000 0.86579
4380.00000 0.86793
4385.00000 0.8697
4390.00000 0.87128
4395.00000 0.87275
4400.00000 0.87364
4405.00000 0.8743
4410.00000 0.87473
4415.00000 0.8741
4420.00000 0.87348
4425.00000 0.87238
4430.00000 0.87083
4435.00000 0.86922
4440.00000 0.86736
4445.00000 0.86521
4450.00000 0.86315
4455.00000 0.86138
4460.00000 0.85957
4465.00000 0.85816
4470.00000 0.85713
4475.00000 0.85646
4480.00000 0.85626
4485.00000 0.85664
4490.00000 0.8575
4495.00000 0.8586
4500.00000 0.86036
4505.00000 0.86235
4510.00000 0.86475
4515.00000 0.86759
4520.00000 0.87059
4525.00000 0.8737
4530.00000 0.8768
4535.00000 0.87978
4540.00000 0.88236
4545.00000 0.8853
4550.00000 0.8877
4555.00000 0.88993
4560.00000 0.89161
4565.00000 0.89315
4570.00000 0.89413
4575.00000 0.89512
4580.00000 0.8956
4585.00000 0.896
4590.00000 0.89613
4600.00000 0.89625
4610.00000 0.89638
4620.00000 0.89664
4625.00000 0.89674
4630.00000 0.89688
4635.00000 0.89741
4640.00000 0.89768
4645.00000 0.89798
4650.00000 0.89829
4655.00000 0.89839
4660.00000 0.89815
4665.00000 0.89791
4670.00000 0.89731
4675.00000 0.89624
4680.00000 0.89534
4685.00000 0.8938
4690.00000 0.89196
4695.00000 0.88975
4700.00000 0.88766
4705.00000 0.88501
4710.00000 0.88219
4715.00000 0.87966
4720.00000 0.87705
4725.00000 0.87418
4730.00000 0.87172
4735.00000 0.86968
4740.00000 0.86777
4745.00000 0.86671
4750.00000 0.86601
4760.00000 0.86549
4765.00000 0.86643
4770.00000 0.86776
4775.00000 0.86968
4780.00000 0.87181
4785.00000 0.87458
4790.00000 0.87802
4795.00000 0.88161
4800.00000 0.88544
4805.00000 0.88926
4810.00000 0.89333
4815.00000 0.89705
4820.00000 0.90092
4825.00000 0.90429
4830.00000 0.90754
4835.00000 0.91033
4840.00000 0.91266
4845.00000 0.91425
4850.00000 0.91543
4860.00000 0.91569
4865.00000 0.91471
4870.00000 0.91361
4875.00000 0.91201
4880.00000 0.91019
4885.00000 0.90789
4890.00000 0.90544
4895.00000 0.9027
4900.00000 0.89985
4905.00000 0.89737
4910.00000 0.89481
4915.00000 0.89275
4920.00000 0.89074
4925.00000 0.88886
4930.00000 0.88764
4935.00000 0.88649
4940.00000 0.88595
4945.00000 0.8858
4950.00000 0.88591
4955.00000 0.88647
4960.00000 0.88723
4965.00000 0.88844
4970.00000 0.88994
4975.00000 0.89156
4980.00000 0.89342
4985.00000 0.89583
4990.00000 0.89818
4995.00000 0.9003
5000.00000 0.90271
5005.00000 0.90511
5010.00000 0.90757
5015.00000 0.90964
5020.00000 0.91186
5025.00000 0.91393
5030.00000 0.91584
5035.00000 0.91732
5040.00000 0.91847
5045.00000 0.91975
5050.00000 0.92069
5055.00000 0.92131
5060.00000 0.92172
5065.00000 0.9216
5070.00000 0.92141
5075.00000 0.92091
5080.00000 0.92004
5085.00000 0.91884
5090.00000 0.91757
5095.00000 0.91601
5100.00000 0.91437
5105.00000 0.91224
5110.00000 0.91035
5115.00000 0.90821
5120.00000 0.90592
5125.00000 0.90384
5130.00000 0.90193
5135.00000 0.9002
5140.00000 0.89848
5145.00000 0.89709
5150.00000 0.89595
5155.00000 0.89503
5160.00000 0.8943
5170.00000 0.89452
5175.00000 0.89506
5180.00000 0.89587
5185.00000 0.89695
5190.00000 0.89818
5195.00000 0.89959
5200.00000 0.90126
5205.00000 0.90257
5210.00000 0.90397
5215.00000 0.9052
5220.00000 0.90577
5230.00000 0.90593
5235.00000 0.90479
5240.00000 0.90354
5245.00000 0.9017
5250.00000 0.89905
5255.00000 0.8961
5260.00000 0.89264
5265.00000 0.88864
5270.00000 0.88485
5275.00000 0.88058
5280.00000 0.87669
5285.00000 0.87286
5290.00000 0.86977
5295.00000 0.86715
5300.00000 0.8652
5305.00000 0.86413
5310.00000 0.86401
5315.00000 0.86475
5320.00000 0.86682
5325.00000 0.86952
5330.00000 0.87297
5335.00000 0.87688
5340.00000 0.88142
5345.00000 0.88598
5350.00000 0.89011
5355.00000 0.89404
5360.00000 0.89697
5365.00000 0.8989
5370.00000 0.89947
5375.00000 0.89843
5380.00000 0.89595
5385.00000 0.8923
5390.00000 0.88754
5395.00000 0.88236
5400.00000 0.87715
5405.00000 0.87185
5410.00000 0.86771
5415.00000 0.86401
5420.00000 0.86058
5425.00000 0.85655
5430.00000 0.85004
5435.00000 0.83865
5440.00000 0.81875
5445.00000 0.78656
5450.00000 0.73963
5455.00000 0.6759
5460.00000 0.59802
5465.00000 0.51074
5470.00000 0.42063
5475.00000 0.33581
5480.00000 0.26048
5485.00000 0.19767
5490.00000 0.14838
5495.00000 0.11065
5500.00000 0.08256
5505.00000 0.06171
5510.00000 0.04635
5515.00000 0.03513
5520.00000 0.02675
5525.00000 0.02059
5530.00000 0.01597
5535.00000 0.01246
5540.00000 0.00983
5545.00000 0.00779
5550.00000 0.00622
5555.00000 0.005
5560.00000 0.00405
6116.00000 0.0
