threeML/data/optical_filters/Paranal/FORS1-ESO1114.ecsv
# %ECSV 0.9
# ---
# datatype:
# - {name: wavelength, unit: Angstrom, datatype: float32}
# - {name: response, datatype: float32}
# meta: !!omap
# - {band_name: ESO1114}
# - {group_name: FORS1}
wavelength response
4320.00000 0.0
4800.00000 0.00418
4805.00000 0.00557
4810.00000 0.00739
4815.00000 0.00972
4820.00000 0.01272
4825.00000 0.01655
4830.00000 0.02136
4835.00000 0.02742
4840.00000 0.0348
4845.00000 0.04372
4850.00000 0.05429
4855.00000 0.06677
4860.00000 0.08128
4865.00000 0.09781
4870.00000 0.11639
4875.00000 0.13688
4880.00000 0.15887
4885.00000 0.18244
4890.00000 0.20759
4895.00000 0.23366
4900.00000 0.26067
4905.00000 0.28839
4910.00000 0.31608
4915.00000 0.34389
4920.00000 0.37217
4925.00000 0.40016
4930.00000 0.42837
4935.00000 0.45578
4940.00000 0.48273
4945.00000 0.50863
4950.00000 0.53347
4955.00000 0.55708
4960.00000 0.57948
4965.00000 0.60026
4970.00000 0.61979
4975.00000 0.6376
4980.00000 0.65387
4985.00000 0.66909
4990.00000 0.68316
4995.00000 0.69602
5000.00000 0.70819
5005.00000 0.71981
5010.00000 0.73099
5015.00000 0.7417
5020.00000 0.75258
5025.00000 0.76306
5030.00000 0.77341
5035.00000 0.78348
5040.00000 0.79328
5045.00000 0.80266
5050.00000 0.81181
5055.00000 0.81991
5060.00000 0.82749
5065.00000 0.83406
5070.00000 0.83957
5075.00000 0.84428
5080.00000 0.84801
5085.00000 0.85094
5090.00000 0.85301
5095.00000 0.8545
5100.00000 0.85564
5105.00000 0.85614
5110.00000 0.85697
5115.00000 0.85752
5120.00000 0.85816
5125.00000 0.85914
5130.00000 0.86017
5135.00000 0.86157
5140.00000 0.86335
5145.00000 0.86503
5150.00000 0.86701
5155.00000 0.8689
5160.00000 0.87074
5165.00000 0.87293
5170.00000 0.87497
5175.00000 0.87672
5180.00000 0.87838
5185.00000 0.8798
5190.00000 0.88121
5195.00000 0.88259
5200.00000 0.88381
5205.00000 0.88499
5210.00000 0.88636
5215.00000 0.88794
5220.00000 0.88956
5225.00000 0.89108
5230.00000 0.89301
5235.00000 0.8947
5240.00000 0.89713
5245.00000 0.89922
5250.00000 0.90152
5255.00000 0.90393
5260.00000 0.90608
5265.00000 0.90799
5270.00000 0.90992
5275.00000 0.91135
5280.00000 0.91259
5285.00000 0.91334
5300.00000 0.9141
5305.00000 0.91379
5310.00000 0.91313
5315.00000 0.91221
5320.00000 0.91142
5325.00000 0.91053
5330.00000 0.90967
5335.00000 0.90859
5340.00000 0.90816
5345.00000 0.90774
5350.00000 0.90723
5360.00000 0.90749
5365.00000 0.90789
5370.00000 0.90864
5375.00000 0.90959
5380.00000 0.91058
5385.00000 0.91165
5390.00000 0.91295
5395.00000 0.91426
5400.00000 0.91539
5405.00000 0.91622
5410.00000 0.91728
5415.00000 0.9184
5420.00000 0.91904
5425.00000 0.9195
5430.00000 0.91981
5440.00000 0.92
5445.00000 0.91984
5450.00000 0.91947
5455.00000 0.91914
5460.00000 0.91831
5465.00000 0.91762
5470.00000 0.91668
5475.00000 0.91577
5480.00000 0.91485
5485.00000 0.91383
5490.00000 0.9128
5495.00000 0.91173
5500.00000 0.91061
5505.00000 0.90945
5510.00000 0.90864
5515.00000 0.90756
5520.00000 0.90611
5525.00000 0.90518
5530.00000 0.90394
5535.00000 0.9031
5540.00000 0.90194
5545.00000 0.90085
5550.00000 0.89941
5555.00000 0.89841
5560.00000 0.89734
5565.00000 0.89642
5570.00000 0.89565
5575.00000 0.89483
5580.00000 0.89422
5585.00000 0.89367
5595.00000 0.89316
5600.00000 0.8933
5605.00000 0.89358
5610.00000 0.89427
5615.00000 0.89489
5620.00000 0.89579
5625.00000 0.89723
5630.00000 0.89879
5635.00000 0.90068
5640.00000 0.90265
5645.00000 0.90486
5650.00000 0.90734
5655.00000 0.90966
5660.00000 0.91228
5665.00000 0.91491
5670.00000 0.91742
5675.00000 0.91974
5680.00000 0.92221
5685.00000 0.92443
5690.00000 0.92644
5695.00000 0.92824
5700.00000 0.93003
5705.00000 0.93146
5710.00000 0.93247
5715.00000 0.9334
5720.00000 0.9338
5725.00000 0.93408
5730.00000 0.93426
5735.00000 0.93416
5745.00000 0.93388
5750.00000 0.93367
5755.00000 0.93315
5760.00000 0.93283
5765.00000 0.93239
5770.00000 0.93195
5775.00000 0.93139
5780.00000 0.93096
5785.00000 0.93044
5790.00000 0.92998
5795.00000 0.9296
5800.00000 0.92896
5805.00000 0.9282
5810.00000 0.92731
5815.00000 0.9262
5820.00000 0.92527
5825.00000 0.9238
5830.00000 0.92257
5835.00000 0.92102
5840.00000 0.91916
5845.00000 0.91735
5850.00000 0.91525
5855.00000 0.91315
5860.00000 0.91118
5865.00000 0.90919
5870.00000 0.90737
5875.00000 0.90552
5880.00000 0.90395
5885.00000 0.90236
5890.00000 0.90113
5895.00000 0.9002
5900.00000 0.8996
5905.00000 0.89905
5910.00000 0.8989
5915.00000 0.8991
5920.00000 0.89962
5925.00000 0.90007
5930.00000 0.90089
5935.00000 0.90182
5940.00000 0.90294
5945.00000 0.90412
5950.00000 0.90498
5955.00000 0.90599
5960.00000 0.90686
5965.00000 0.90762
5970.00000 0.90825
5975.00000 0.90864
5985.00000 0.90893
5990.00000 0.90862
5995.00000 0.90807
6000.00000 0.90756
6005.00000 0.90661
6010.00000 0.90549
6015.00000 0.90406
6020.00000 0.90233
6025.00000 0.90042
6030.00000 0.89841
6035.00000 0.89602
6040.00000 0.89343
6045.00000 0.89033
6050.00000 0.88678
6055.00000 0.88278
6060.00000 0.87816
6065.00000 0.87299
6070.00000 0.86715
6075.00000 0.86058
6080.00000 0.85332
6085.00000 0.84517
6090.00000 0.83622
6095.00000 0.82637
6100.00000 0.81545
6105.00000 0.80338
6110.00000 0.78995
6115.00000 0.77544
6120.00000 0.75939
6125.00000 0.74125
6130.00000 0.72084
6135.00000 0.69844
6140.00000 0.6726
6145.00000 0.64467
6150.00000 0.61355
6155.00000 0.57996
6160.00000 0.54318
6165.00000 0.50392
6170.00000 0.46275
6175.00000 0.42053
6180.00000 0.37853
6185.00000 0.33783
6190.00000 0.29852
6195.00000 0.26164
6200.00000 0.22781
6205.00000 0.19699
6210.00000 0.16973
6215.00000 0.14584
6220.00000 0.12507
6225.00000 0.10705
6230.00000 0.09157
6235.00000 0.07803
6240.00000 0.06684
6245.00000 0.05739
6250.00000 0.04958
6255.00000 0.043
6260.00000 0.03736
6265.00000 0.03245
6270.00000 0.02826
6275.00000 0.02468
6280.00000 0.02166
6285.00000 0.01905
6290.00000 0.01679
6295.00000 0.01481
6300.00000 0.01314
6305.00000 0.01167
6310.00000 0.01042
6315.00000 0.00932
6320.00000 0.00837
6325.00000 0.00751
6330.00000 0.00675
6335.00000 0.00609
6340.00000 0.0055
6345.00000 0.00498
6350.00000 0.00451
6355.00000 0.00409
6990.50000 0.0
