threeML/data/optical_filters/Paranal/FORS1-ESO1113.ecsv
# %ECSV 0.9
# ---
# datatype:
# - {name: wavelength, unit: Angstrom, datatype: float32}
# - {name: response, datatype: float32}
# meta: !!omap
# - {band_name: ESO1113}
# - {group_name: FORS1}
wavelength response
3406.50000 0.0
3785.00000 0.00593
3790.00000 0.0107
3795.00000 0.01819
3800.00000 0.02949
3805.00000 0.04524
3810.00000 0.06628
3815.00000 0.09289
3820.00000 0.12436
3825.00000 0.16002
3830.00000 0.19872
3835.00000 0.23937
3840.00000 0.28085
3845.00000 0.32172
3850.00000 0.36051
3855.00000 0.39728
3860.00000 0.43122
3865.00000 0.46199
3870.00000 0.48983
3875.00000 0.51514
3880.00000 0.5377
3885.00000 0.55769
3890.00000 0.57538
3895.00000 0.59154
3900.00000 0.60564
3905.00000 0.61867
3910.00000 0.63034
3915.00000 0.64064
3920.00000 0.64998
3925.00000 0.65879
3930.00000 0.66628
3935.00000 0.67347
3940.00000 0.6801
3945.00000 0.68624
3950.00000 0.69203
3955.00000 0.69736
3960.00000 0.70266
3965.00000 0.70779
3970.00000 0.71275
3975.00000 0.71775
3980.00000 0.72234
3985.00000 0.72691
3990.00000 0.73128
3995.00000 0.73584
4000.00000 0.73993
4005.00000 0.74422
4010.00000 0.74801
4015.00000 0.75154
4020.00000 0.75477
4025.00000 0.75805
4030.00000 0.76094
4035.00000 0.76367
4040.00000 0.76647
4045.00000 0.76892
4050.00000 0.77134
4055.00000 0.77387
4060.00000 0.77625
4065.00000 0.77873
4070.00000 0.78094
4075.00000 0.7832
4080.00000 0.78565
4085.00000 0.78772
4090.00000 0.78994
4095.00000 0.79218
4100.00000 0.79418
4105.00000 0.79602
4110.00000 0.79733
4115.00000 0.79882
4120.00000 0.79996
4125.00000 0.80079
4130.00000 0.80157
4135.00000 0.80206
4140.00000 0.80218
4145.00000 0.80229
4155.00000 0.80214
4160.00000 0.80228
4165.00000 0.80288
4170.00000 0.80316
4175.00000 0.80377
4180.00000 0.80474
4185.00000 0.80554
4190.00000 0.80713
4195.00000 0.80891
4200.00000 0.81128
4205.00000 0.81376
4210.00000 0.81651
4215.00000 0.81942
4220.00000 0.82236
4225.00000 0.82532
4230.00000 0.82846
4235.00000 0.83126
4240.00000 0.83401
4245.00000 0.8367
4250.00000 0.83906
4255.00000 0.84079
4260.00000 0.8425
4265.00000 0.84353
4270.00000 0.84459
4285.00000 0.84506
4290.00000 0.8447
4295.00000 0.84405
4300.00000 0.8433
4305.00000 0.84268
4310.00000 0.84186
4315.00000 0.84156
4320.00000 0.84088
4325.00000 0.84076
4330.00000 0.84094
4335.00000 0.84115
4340.00000 0.84179
4345.00000 0.84282
4350.00000 0.84408
4355.00000 0.84569
4360.00000 0.84815
4365.00000 0.85029
4370.00000 0.85274
4375.00000 0.85553
4380.00000 0.85833
4385.00000 0.86116
4390.00000 0.86395
4395.00000 0.86679
4400.00000 0.86925
4405.00000 0.87162
4410.00000 0.87374
4415.00000 0.87518
4420.00000 0.8766
4425.00000 0.87756
4430.00000 0.87815
4440.00000 0.87846
4445.00000 0.87794
4450.00000 0.87747
4455.00000 0.87691
4460.00000 0.87609
4465.00000 0.87505
4470.00000 0.87465
4475.00000 0.87378
4480.00000 0.87352
4490.00000 0.87315
4495.00000 0.87341
4500.00000 0.87387
4505.00000 0.87425
4510.00000 0.87487
4515.00000 0.87579
4520.00000 0.8764
4525.00000 0.87726
4530.00000 0.878
4535.00000 0.87863
4545.00000 0.87891
4550.00000 0.87869
4555.00000 0.87821
4560.00000 0.87741
4565.00000 0.87649
4570.00000 0.87516
4575.00000 0.87399
4580.00000 0.87246
4585.00000 0.87105
4590.00000 0.86976
4595.00000 0.86861
4600.00000 0.86781
4610.00000 0.86733
4615.00000 0.86805
4620.00000 0.86903
4625.00000 0.87051
4630.00000 0.87227
4635.00000 0.87485
4640.00000 0.87764
4645.00000 0.88046
4650.00000 0.88386
4655.00000 0.88674
4660.00000 0.88947
4665.00000 0.89233
4670.00000 0.89447
4675.00000 0.89612
4680.00000 0.89733
4685.00000 0.89765
4690.00000 0.89741
4695.00000 0.89642
4700.00000 0.89504
4705.00000 0.89324
4710.00000 0.89098
4715.00000 0.88844
4720.00000 0.88621
4725.00000 0.88347
4730.00000 0.88129
4735.00000 0.87943
4740.00000 0.87778
4745.00000 0.87672
4750.00000 0.87601
4755.00000 0.87501
4760.00000 0.87426
4765.00000 0.87307
4770.00000 0.87165
4775.00000 0.86956
4780.00000 0.86623
4785.00000 0.86201
4790.00000 0.85695
4795.00000 0.85084
4800.00000 0.8441
4805.00000 0.83726
4810.00000 0.83044
4815.00000 0.82483
4820.00000 0.82155
4825.00000 0.82081
4830.00000 0.82367
4835.00000 0.83063
4840.00000 0.84089
4845.00000 0.85314
4850.00000 0.8644
4855.00000 0.86915
4860.00000 0.86032
4865.00000 0.82968
4870.00000 0.77197
4875.00000 0.68717
4880.00000 0.58259
4885.00000 0.46997
4890.00000 0.36147
4895.00000 0.26795
4900.00000 0.19355
4905.00000 0.13807
4910.00000 0.0987
4915.00000 0.07089
4920.00000 0.05117
4925.00000 0.0374
4930.00000 0.02757
4935.00000 0.02059
4940.00000 0.01556
4945.00000 0.01189
4950.00000 0.00919
4955.00000 0.00716
4960.00000 0.00562
4965.00000 0.00446
5461.50000 0.0
