threeML/data/optical_filters/Paranal/FORS1-ESO1039.ecsv
# %ECSV 0.9
# ---
# datatype:
# - {name: wavelength, unit: Angstrom, datatype: float32}
# - {name: response, datatype: float32}
# meta: !!omap
# - {band_name: ESO1039}
# - {group_name: FORS1}
wavelength response
3136.50000 0.0
3485.00000 0.00529
3490.00000 0.00705
3495.00000 0.00923
3500.00000 0.01193
3505.00000 0.0151
3510.00000 0.01889
3515.00000 0.02334
3520.00000 0.0284
3525.00000 0.03422
3530.00000 0.04073
3535.00000 0.04791
3540.00000 0.05598
3545.00000 0.06464
3550.00000 0.07398
3555.00000 0.08416
3560.00000 0.09483
3565.00000 0.10636
3570.00000 0.11825
3575.00000 0.13077
3580.00000 0.14359
3585.00000 0.15682
3590.00000 0.17061
3595.00000 0.1845
3600.00000 0.19861
3605.00000 0.21294
3610.00000 0.22714
3615.00000 0.24158
3620.00000 0.25593
3625.00000 0.27016
3630.00000 0.2842
3635.00000 0.29823
3640.00000 0.31154
3645.00000 0.32477
3650.00000 0.33778
3655.00000 0.35035
3660.00000 0.36258
3665.00000 0.37448
3670.00000 0.38589
3675.00000 0.39686
3680.00000 0.40742
3685.00000 0.41775
3690.00000 0.42772
3695.00000 0.43711
3700.00000 0.44642
3705.00000 0.45521
3710.00000 0.46359
3715.00000 0.47163
3720.00000 0.47966
3725.00000 0.48731
3730.00000 0.49466
3735.00000 0.50166
3740.00000 0.50889
3745.00000 0.51537
3750.00000 0.52189
3755.00000 0.52817
3760.00000 0.53427
3765.00000 0.5399
3770.00000 0.54558
3775.00000 0.55096
3780.00000 0.55609
3785.00000 0.56093
3790.00000 0.56572
3795.00000 0.56997
3800.00000 0.57439
3805.00000 0.5785
3810.00000 0.58277
3815.00000 0.58631
3820.00000 0.58974
3825.00000 0.59291
3830.00000 0.59597
3835.00000 0.5989
3840.00000 0.60113
3845.00000 0.60405
3850.00000 0.60607
3855.00000 0.60815
3860.00000 0.60986
3865.00000 0.61143
3870.00000 0.6127
3875.00000 0.61399
3880.00000 0.61493
3885.00000 0.61566
3890.00000 0.61616
3895.00000 0.61645
3900.00000 0.61629
3905.00000 0.61612
3910.00000 0.61566
3915.00000 0.61478
3920.00000 0.6138
3925.00000 0.61246
3930.00000 0.61098
3935.00000 0.60906
3940.00000 0.60702
3945.00000 0.60463
3950.00000 0.60189
3955.00000 0.59906
3960.00000 0.59607
3965.00000 0.59239
3970.00000 0.58887
3975.00000 0.58507
3980.00000 0.58099
3985.00000 0.57647
3990.00000 0.57216
3995.00000 0.56734
4000.00000 0.56216
4005.00000 0.55695
4010.00000 0.55152
4015.00000 0.54606
4020.00000 0.5404
4025.00000 0.53434
4030.00000 0.52845
4035.00000 0.52207
4040.00000 0.51564
4045.00000 0.50929
4050.00000 0.50275
4055.00000 0.49592
4060.00000 0.48899
4065.00000 0.48201
4070.00000 0.47482
4075.00000 0.4676
4080.00000 0.46018
4085.00000 0.45248
4090.00000 0.44464
4095.00000 0.43676
4100.00000 0.4288
4105.00000 0.42019
4110.00000 0.41177
4115.00000 0.40293
4120.00000 0.39413
4125.00000 0.38515
4130.00000 0.37587
4135.00000 0.36652
4140.00000 0.35722
4145.00000 0.34767
4150.00000 0.33813
4155.00000 0.32836
4160.00000 0.31846
4165.00000 0.3086
4170.00000 0.29841
4175.00000 0.28849
4180.00000 0.2786
4185.00000 0.26887
4190.00000 0.2596
4195.00000 0.25076
4200.00000 0.24226
4205.00000 0.23446
4210.00000 0.22728
4215.00000 0.22062
4220.00000 0.21439
4225.00000 0.20867
4230.00000 0.2031
4235.00000 0.19771
4240.00000 0.19247
4245.00000 0.18712
4250.00000 0.18171
4255.00000 0.17625
4260.00000 0.17072
4265.00000 0.1652
4270.00000 0.15962
4275.00000 0.15411
4280.00000 0.14845
4285.00000 0.14305
4290.00000 0.13758
4295.00000 0.13214
4300.00000 0.12697
4305.00000 0.12192
4310.00000 0.11693
4315.00000 0.11226
4320.00000 0.10752
4325.00000 0.10304
4330.00000 0.09872
4335.00000 0.09462
4340.00000 0.09065
4345.00000 0.08692
4350.00000 0.08322
4355.00000 0.07972
4360.00000 0.07632
4365.00000 0.07313
4370.00000 0.07002
4375.00000 0.06703
4380.00000 0.06418
4385.00000 0.06143
4390.00000 0.05873
4395.00000 0.05622
4400.00000 0.05372
4405.00000 0.05138
4410.00000 0.04913
4415.00000 0.0469
4420.00000 0.04482
4425.00000 0.04274
4430.00000 0.04082
4435.00000 0.03892
4440.00000 0.03711
4445.00000 0.03538
4450.00000 0.03367
4455.00000 0.03205
4460.00000 0.03052
4465.00000 0.02902
4470.00000 0.02759
4475.00000 0.02622
4480.00000 0.02491
4485.00000 0.02366
4490.00000 0.02247
4495.00000 0.02133
4500.00000 0.02024
4505.00000 0.01923
4510.00000 0.01823
4515.00000 0.0173
4520.00000 0.01641
4525.00000 0.01559
4530.00000 0.01478
4535.00000 0.01403
4540.00000 0.0133
4545.00000 0.01262
4550.00000 0.01197
4555.00000 0.01135
4560.00000 0.01076
4565.00000 0.01021
4570.00000 0.00971
4575.00000 0.0092
4580.00000 0.00875
4585.00000 0.00832
4590.00000 0.00793
4595.00000 0.00755
4600.00000 0.00719
4605.00000 0.00686
4610.00000 0.00654
4615.00000 0.00623
4620.00000 0.00594
4625.00000 0.00566
4630.00000 0.00539
4635.00000 0.00513
4640.00000 0.00486
4645.00000 0.00461
4650.00000 0.00437
4655.00000 0.00413
5120.50000 0.0
