threeML/data/optical_filters/Paranal/FORS1-ESO1112.ecsv
# %ECSV 0.9
# ---
# datatype:
# - {name: wavelength, unit: Angstrom, datatype: float32}
# - {name: response, datatype: float32}
# meta: !!omap
# - {band_name: ESO1112}
# - {group_name: FORS1}
wavelength response
2853.00000 0.0
3170.00000 0.00684
3175.00000 0.01261
3180.00000 0.02141
3185.00000 0.03102
3190.00000 0.03762
3195.00000 0.03894
3200.00000 0.03589
3205.00000 0.03187
3210.00000 0.02965
3215.00000 0.03075
3220.00000 0.03566
3225.00000 0.04522
3230.00000 0.06119
3235.00000 0.084
3240.00000 0.11123
3245.00000 0.13636
3250.00000 0.15236
3255.00000 0.15572
3260.00000 0.14951
3265.00000 0.14039
3275.00000 0.13371
3280.00000 0.14157
3285.00000 0.15767
3290.00000 0.18295
3295.00000 0.21687
3300.00000 0.25648
3305.00000 0.29651
3310.00000 0.3297
3315.00000 0.35074
3320.00000 0.35889
3325.00000 0.35743
3330.00000 0.35275
3335.00000 0.35051
3340.00000 0.35509
3345.00000 0.36843
3350.00000 0.39044
3355.00000 0.42002
3360.00000 0.45454
3365.00000 0.49027
3370.00000 0.52224
3375.00000 0.54592
3380.00000 0.56057
3385.00000 0.56624
3390.00000 0.56612
3395.00000 0.564
3400.00000 0.56292
3405.00000 0.56603
3410.00000 0.57346
3415.00000 0.58554
3420.00000 0.60144
3425.00000 0.61922
3430.00000 0.63804
3435.00000 0.6552
3440.00000 0.67059
3445.00000 0.68278
3450.00000 0.69272
3455.00000 0.70085
3460.00000 0.70792
3465.00000 0.71485
3470.00000 0.72218
3475.00000 0.72974
3480.00000 0.73776
3485.00000 0.74547
3490.00000 0.75285
3495.00000 0.75932
3500.00000 0.7646
3505.00000 0.76866
3510.00000 0.77179
3515.00000 0.77426
3520.00000 0.77657
3525.00000 0.77865
3530.00000 0.78096
3535.00000 0.78342
3540.00000 0.78643
3545.00000 0.78993
3550.00000 0.79349
3555.00000 0.79711
3560.00000 0.80058
3565.00000 0.80358
3570.00000 0.80659
3575.00000 0.80907
3580.00000 0.8109
3585.00000 0.81261
3590.00000 0.81321
3610.00000 0.81377
3620.00000 0.81337
3625.00000 0.81403
3630.00000 0.8153
3635.00000 0.81687
3640.00000 0.81902
3645.00000 0.82159
3650.00000 0.82447
3655.00000 0.82729
3660.00000 0.82942
3665.00000 0.83058
3675.00000 0.83128
3680.00000 0.82964
3685.00000 0.82789
3690.00000 0.82505
3695.00000 0.82199
3700.00000 0.81921
3705.00000 0.81708
3710.00000 0.8155
3715.00000 0.81489
3720.00000 0.81568
3725.00000 0.81747
3730.00000 0.82017
3735.00000 0.82389
3740.00000 0.82846
3745.00000 0.83352
3750.00000 0.83905
3755.00000 0.84472
3760.00000 0.85006
3765.00000 0.85491
3770.00000 0.85941
3775.00000 0.86379
3780.00000 0.86755
3785.00000 0.87143
3790.00000 0.87455
3795.00000 0.87695
3800.00000 0.87912
3805.00000 0.87995
3810.00000 0.87946
3815.00000 0.87696
3820.00000 0.87206
3825.00000 0.86412
3830.00000 0.85184
3835.00000 0.83269
3840.00000 0.80267
3845.00000 0.75729
3850.00000 0.6921
3855.00000 0.60546
3860.00000 0.50214
3865.00000 0.39179
3870.00000 0.2874
3875.00000 0.19834
3880.00000 0.1311
3885.00000 0.08372
3890.00000 0.05297
3895.00000 0.03345
3900.00000 0.02126
3905.00000 0.01363
3910.00000 0.00887
3915.00000 0.00588
4306.50000 0.0
