threeML/data/optical_filters/Paranal/FORS1-ESO1033.ecsv
# %ECSV 0.9
# ---
# datatype:
# - {name: wavelength, unit: Angstrom, datatype: float32}
# - {name: response, datatype: float32}
# meta: !!omap
# - {band_name: ESO1033}
# - {group_name: FORS1}
wavelength response
2898.00000 0.0
3220.00000 0.00545
3225.00000 0.01007
3230.00000 0.01639
3235.00000 0.02323
3240.00000 0.02953
3245.00000 0.0351
3250.00000 0.04149
3255.00000 0.0505
3260.00000 0.06421
3265.00000 0.08382
3270.00000 0.10983
3275.00000 0.14175
3280.00000 0.17832
3285.00000 0.21659
3290.00000 0.25397
3295.00000 0.28686
3300.00000 0.31147
3305.00000 0.32856
3310.00000 0.33964
3315.00000 0.3474
3320.00000 0.35528
3325.00000 0.36293
3330.00000 0.37044
3335.00000 0.37572
3340.00000 0.37791
3345.00000 0.3775
3350.00000 0.37694
3355.00000 0.37869
3360.00000 0.38491
3365.00000 0.39743
3370.00000 0.41488
3375.00000 0.43492
3380.00000 0.45442
3385.00000 0.47006
3390.00000 0.4796
3400.00000 0.48365
3405.00000 0.48314
3410.00000 0.48447
3415.00000 0.48936
3420.00000 0.49778
3425.00000 0.50872
3430.00000 0.52048
3435.00000 0.53071
3440.00000 0.53857
3445.00000 0.54329
3450.00000 0.54602
3455.00000 0.54808
3460.00000 0.55064
3465.00000 0.55435
3470.00000 0.55965
3475.00000 0.56562
3480.00000 0.5725
3485.00000 0.57811
3490.00000 0.58295
3495.00000 0.58628
3500.00000 0.58884
3505.00000 0.59059
3510.00000 0.59243
3515.00000 0.59461
3520.00000 0.5974
3525.00000 0.6002
3530.00000 0.60298
3535.00000 0.60478
3540.00000 0.60596
3545.00000 0.60684
3550.00000 0.60716
3555.00000 0.60788
3560.00000 0.60922
3565.00000 0.61111
3570.00000 0.61343
3575.00000 0.6153
3580.00000 0.61645
3585.00000 0.61584
3590.00000 0.61298
3595.00000 0.60802
3600.00000 0.60136
3605.00000 0.5945
3610.00000 0.58804
3615.00000 0.58293
3620.00000 0.57975
3625.00000 0.5786
3630.00000 0.57924
3635.00000 0.58094
3640.00000 0.58275
3645.00000 0.58404
3650.00000 0.58383
3655.00000 0.58184
3660.00000 0.57839
3665.00000 0.5736
3670.00000 0.56886
3675.00000 0.56483
3680.00000 0.56148
3685.00000 0.55973
3690.00000 0.55897
3695.00000 0.5585
3700.00000 0.55765
3705.00000 0.55539
3710.00000 0.55094
3715.00000 0.54335
3720.00000 0.53351
3725.00000 0.52123
3730.00000 0.50792
3735.00000 0.49445
3740.00000 0.48194
3745.00000 0.47071
3750.00000 0.46102
3755.00000 0.45328
3760.00000 0.44662
3765.00000 0.44001
3770.00000 0.43292
3775.00000 0.42418
3780.00000 0.41311
3785.00000 0.40032
3790.00000 0.38508
3795.00000 0.36846
3800.00000 0.3512
3805.00000 0.33388
3810.00000 0.31742
3815.00000 0.30192
3820.00000 0.28793
3825.00000 0.27502
3830.00000 0.26306
3835.00000 0.25134
3840.00000 0.23916
3845.00000 0.22631
3850.00000 0.21252
3855.00000 0.19751
3860.00000 0.18182
3865.00000 0.16567
3870.00000 0.14964
3875.00000 0.1342
3880.00000 0.1198
3885.00000 0.10667
3890.00000 0.09497
3895.00000 0.08464
3900.00000 0.07552
3905.00000 0.06737
3910.00000 0.0601
3915.00000 0.05349
3920.00000 0.0475
3925.00000 0.0418
3930.00000 0.03661
3935.00000 0.03164
3940.00000 0.02703
3945.00000 0.02284
3950.00000 0.01908
3955.00000 0.01578
3960.00000 0.01296
3965.00000 0.01053
3970.00000 0.00853
3975.00000 0.00685
3980.00000 0.00549
3985.00000 0.00439
4383.50000 0.0
