threeML/data/optical_filters/Paranal/FORS2-Gunn_z.ecsv
# %ECSV 0.9
# ---
# datatype:
# - {name: wavelength, unit: Angstrom, datatype: float32}
# - {name: response, datatype: float32}
# meta: !!omap
# - {band_name: Gunn_z}
# - {group_name: FORS2}
wavelength response
7768.00000 0.0
7775.00000 0.0001
7783.00000 0.0001
7791.00000 0.0001
7799.00000 0.0001
7807.00000 0.0001
7814.00000 0.0001
7822.00000 0.0001
7830.00000 0.0001
7838.00000 0.0001
7846.00000 0.0002
7853.00000 0.0002
7861.00000 0.0002
7869.00000 0.0002
7877.00000 0.0002
7885.00000 0.0002
7892.00000 0.0003
7900.00000 0.0003
7908.00000 0.0004
7916.00000 0.0004
7924.00000 0.0005
7932.00000 0.0006
7939.00000 0.0007
7947.00000 0.0008
7955.00000 0.0009
7963.00000 0.001
7971.00000 0.0011
7978.00000 0.0011
7986.00000 0.0012
7994.00000 0.0013
8002.00000 0.0015
8010.00000 0.0018
8017.00000 0.0021
8025.00000 0.0024
8033.00000 0.0027
8041.00000 0.003
8049.00000 0.0033
8056.00000 0.0037
8064.00000 0.004
8072.00000 0.0043
8080.00000 0.0046
8088.00000 0.0049
8095.00000 0.0052
8103.00000 0.0062
8111.00000 0.008
8119.00000 0.0098
8127.00000 0.0115
8135.00000 0.0132
8142.00000 0.0149
8150.00000 0.0166
8158.00000 0.0182
8166.00000 0.0197
8174.00000 0.0216
8181.00000 0.0233
8189.00000 0.0252
8197.00000 0.027
8205.00000 0.0314
8213.00000 0.0372
8220.00000 0.0422
8228.00000 0.0459
8236.00000 0.0517
8244.00000 0.0587
8252.00000 0.0646
8259.00000 0.0697
8267.00000 0.0754
8275.00000 0.08
8283.00000 0.085
8291.00000 0.0906
8298.00000 0.0965
8306.00000 0.1104
8314.00000 0.1263
8322.00000 0.1414
8330.00000 0.158
8338.00000 0.174
8345.00000 0.1903
8353.00000 0.2062
8361.00000 0.2219
8369.00000 0.2379
8377.00000 0.2537
8384.00000 0.2695
8392.00000 0.2854
8400.00000 0.301
8408.00000 0.3143
8416.00000 0.3278
8423.00000 0.3415
8431.00000 0.3549
8439.00000 0.3683
8447.00000 0.3817
8455.00000 0.3951
8462.00000 0.4084
8470.00000 0.4217
8478.00000 0.4348
8486.00000 0.4479
8494.00000 0.4611
8502.00000 0.4738
8509.00000 0.4846
8517.00000 0.4955
8525.00000 0.5065
8533.00000 0.5174
8541.00000 0.5283
8548.00000 0.5391
8556.00000 0.5501
8564.00000 0.561
8572.00000 0.5718
8580.00000 0.5825
8587.00000 0.5932
8595.00000 0.6039
8603.00000 0.6127
8611.00000 0.6177
8619.00000 0.6228
8626.00000 0.6279
8634.00000 0.6329
8642.00000 0.6378
8650.00000 0.6428
8658.00000 0.6477
8665.00000 0.6525
8673.00000 0.6573
8681.00000 0.6621
8689.00000 0.6668
8697.00000 0.6715
8705.00000 0.6745
8712.00000 0.6763
8720.00000 0.6781
8728.00000 0.6798
8736.00000 0.6816
8744.00000 0.6835
8751.00000 0.6852
8759.00000 0.6868
8767.00000 0.6885
8775.00000 0.6901
8783.00000 0.6916
8790.00000 0.6932
8798.00000 0.6947
8806.00000 0.6948
8814.00000 0.6945
8822.00000 0.6942
8829.00000 0.694
8837.00000 0.6938
8845.00000 0.6935
8853.00000 0.6929
8861.00000 0.6924
8868.00000 0.692
8876.00000 0.6916
8884.00000 0.6913
8892.00000 0.691
8900.00000 0.6903
8908.00000 0.6901
8915.00000 0.6891
8923.00000 0.6878
8931.00000 0.6852
8939.00000 0.6835
8947.00000 0.6799
8954.00000 0.6722
8962.00000 0.6643
8970.00000 0.6579
8978.00000 0.6579
8986.00000 0.6453
8993.00000 0.6341
9001.00000 0.6449
9009.00000 0.6453
9017.00000 0.6432
9025.00000 0.6427
9032.00000 0.6548
9040.00000 0.6641
9048.00000 0.6625
9056.00000 0.6588
9064.00000 0.6494
9071.00000 0.6339
9079.00000 0.6298
9087.00000 0.6289
9095.00000 0.6309
9103.00000 0.6284
9111.00000 0.6305
9118.00000 0.6302
9126.00000 0.6246
9134.00000 0.6111
9142.00000 0.6167
9150.00000 0.6204
9157.00000 0.606
9165.00000 0.6163
9173.00000 0.6099
9181.00000 0.6052
9189.00000 0.6139
9196.00000 0.6146
9204.00000 0.617
9212.00000 0.613
9220.00000 0.608
9228.00000 0.6075
9235.00000 0.603
9243.00000 0.5976
9251.00000 0.595
9259.00000 0.5937
9267.00000 0.5912
9274.00000 0.5825
9282.00000 0.5662
9290.00000 0.5571
9298.00000 0.5398
9306.00000 0.5153
9314.00000 0.4844
9321.00000 0.4525
9329.00000 0.4458
9337.00000 0.4256
9345.00000 0.399
9353.00000 0.4196
9360.00000 0.4175
9368.00000 0.4254
9376.00000 0.4198
9384.00000 0.4323
9392.00000 0.4737
9399.00000 0.4958
9407.00000 0.4825
9415.00000 0.4725
9423.00000 0.4545
9431.00000 0.4222
9438.00000 0.4164
9446.00000 0.4114
9454.00000 0.4307
9462.00000 0.4119
9470.00000 0.4287
9477.00000 0.426
9485.00000 0.4188
9493.00000 0.4217
9501.00000 0.3917
9509.00000 0.4273
9517.00000 0.4229
9524.00000 0.395
9532.00000 0.4127
9540.00000 0.4158
9548.00000 0.4038
9556.00000 0.4001
9563.00000 0.3962
9571.00000 0.3999
9579.00000 0.4099
9587.00000 0.3952
9595.00000 0.3867
9602.00000 0.3971
9610.00000 0.3992
9618.00000 0.3948
9626.00000 0.3876
9634.00000 0.3952
9641.00000 0.3863
9649.00000 0.3861
9657.00000 0.3895
9665.00000 0.3813
9673.00000 0.3853
9680.00000 0.3885
9688.00000 0.388
9696.00000 0.3863
9704.00000 0.3806
9712.00000 0.3778
9720.00000 0.3725
9727.00000 0.3681
9735.00000 0.3609
9743.00000 0.354
9751.00000 0.3503
9759.00000 0.3455
9766.00000 0.3459
9774.00000 0.3473
9782.00000 0.3416
9790.00000 0.3367
9798.00000 0.3328
9805.00000 0.3314
9813.00000 0.3313
9821.00000 0.327
9829.00000 0.322
9837.00000 0.3196
9844.00000 0.3157
9852.00000 0.3116
9860.00000 0.309
9868.00000 0.305
9876.00000 0.3004
9883.00000 0.2969
9891.00000 0.2928
9899.00000 0.2884
9907.00000 0.2842
9915.00000 0.2801
9923.00000 0.2757
9930.00000 0.2713
9938.00000 0.2672
9946.00000 0.2629
9954.00000 0.2586
9962.00000 0.2543
9969.00000 0.25
9977.00000 0.2457
9985.00000 0.2413
9993.00000 0.2369
10001.00000 0.2327
10008.00000 0.229
10016.00000 0.2253
10024.00000 0.2217
10032.00000 0.2183
10040.00000 0.2148
10047.00000 0.2112
10055.00000 0.2076
10063.00000 0.204
10071.00000 0.2004
10079.00000 0.1968
10086.00000 0.1931
10094.00000 0.1895
10102.00000 0.1858
10110.00000 0.182
10118.00000 0.1782
10126.00000 0.1744
10133.00000 0.1706
10141.00000 0.1667
10149.00000 0.1629
10157.00000 0.1591
10165.00000 0.1553
10172.00000 0.1514
10180.00000 0.1476
10188.00000 0.1438
10196.00000 0.14
10204.00000 0.1363
10211.00000 0.1328
10219.00000 0.1292
10227.00000 0.1256
10235.00000 0.1219
10243.00000 0.1183
10250.00000 0.1148
10258.00000 0.1112
10266.00000 0.1076
10274.00000 0.1039
10282.00000 0.1003
10289.00000 0.0967
10297.00000 0.0931
10305.00000 0.0894
10313.00000 0.0856
10321.00000 0.0818
10329.00000 0.0781
10336.00000 0.0743
10344.00000 0.0706
10352.00000 0.0668
10360.00000 0.0631
10368.00000 0.0594
10375.00000 0.0557
10383.00000 0.0519
10391.00000 0.0482
10399.00000 0.0445
10407.00000 0.0436
10414.00000 0.0431
10422.00000 0.0426
10430.00000 0.0422
10438.00000 0.0417
10446.00000 0.0412
10453.00000 0.0407
10461.00000 0.0403
10469.00000 0.0398
10477.00000 0.0393
10485.00000 0.0389
10492.00000 0.0384
10500.00000 0.0379
10508.00000 0.0374
10516.00000 0.037
10524.00000 0.0365
10532.00000 0.036
10539.00000 0.0355
10547.00000 0.0351
10555.00000 0.0346
10563.00000 0.0341
10571.00000 0.0336
10578.00000 0.0331
10586.00000 0.0326
10594.00000 0.0322
10602.00000 0.0317
10610.00000 0.0312
10617.00000 0.0307
10625.00000 0.0302
10633.00000 0.0297
10641.00000 0.0292
10649.00000 0.0287
10656.00000 0.0282
10664.00000 0.0277
10672.00000 0.0272
10680.00000 0.0267
10688.00000 0.0262
10695.00000 0.0257
10703.00000 0.0253
10711.00000 0.0248
10719.00000 0.0243
10727.00000 0.0238
10735.00000 0.0233
10742.00000 0.0228
10750.00000 0.0222
10758.00000 0.0219
10766.00000 0.0214
10774.00000 0.0207
10781.00000 0.0203
10789.00000 0.0199
10797.00000 0.0193
10805.00000 0.0187
10813.00000 0.0183
10820.00000 0.0179
10828.00000 0.0174
10836.00000 0.0168
10844.00000 0.0164
10852.00000 0.0159
10859.00000 0.0152
10867.00000 0.0147
10875.00000 0.0145
10883.00000 0.014
10891.00000 0.0135
10898.00000 0.0129
10906.00000 0.0124
10914.00000 0.0121
10922.00000 0.0114
10930.00000 0.0108
10938.00000 0.0106
10945.00000 0.01
10953.00000 0.0095
10961.00000 0.009
10969.00000 0.0087
10977.00000 0.0081
10984.00000 0.0075
10992.00000 0.007
11000.00000 0.0064
11100.00000 0.0
