threeML/data/optical_filters/Paranal/FORS2-ESO1076.ecsv
# %ECSV 0.9
# ---
# datatype:
# - {name: wavelength, unit: Angstrom, datatype: float32}
# - {name: response, datatype: float32}
# meta: !!omap
# - {band_name: ESO1076}
# - {group_name: FORS2}
wavelength response
5017.50000 0.0
5575.00000 0.0051
5580.00000 0.00729
5585.00000 0.01028
5590.00000 0.0142
5595.00000 0.01942
5600.00000 0.02581
5605.00000 0.03373
5610.00000 0.04309
5615.00000 0.05452
5620.00000 0.06812
5625.00000 0.08383
5630.00000 0.10164
5635.00000 0.12178
5640.00000 0.14342
5645.00000 0.16735
5650.00000 0.19255
5655.00000 0.21937
5660.00000 0.24739
5665.00000 0.27636
5670.00000 0.30593
5675.00000 0.33581
5680.00000 0.36517
5685.00000 0.39492
5690.00000 0.42416
5695.00000 0.45324
5700.00000 0.48058
5705.00000 0.5071
5710.00000 0.53263
5715.00000 0.55738
5720.00000 0.58048
5725.00000 0.60267
5730.00000 0.62392
5735.00000 0.64315
5740.00000 0.66158
5745.00000 0.67873
5750.00000 0.69454
5755.00000 0.70969
5760.00000 0.72355
5765.00000 0.73624
5770.00000 0.74821
5775.00000 0.75915
5780.00000 0.76936
5785.00000 0.77895
5790.00000 0.78737
5795.00000 0.79562
5800.00000 0.80333
5805.00000 0.81051
5810.00000 0.81724
5815.00000 0.82336
5820.00000 0.82931
5825.00000 0.83486
5830.00000 0.83996
5835.00000 0.84509
5840.00000 0.85005
5845.00000 0.85464
5850.00000 0.85931
5855.00000 0.86369
5860.00000 0.86784
5865.00000 0.87191
5870.00000 0.87636
5875.00000 0.88032
5880.00000 0.884
5885.00000 0.88805
5890.00000 0.89162
5895.00000 0.89507
5900.00000 0.89855
5905.00000 0.90177
5910.00000 0.90525
5915.00000 0.90841
5920.00000 0.91124
5925.00000 0.91402
5930.00000 0.91676
5935.00000 0.91924
5940.00000 0.92162
5945.00000 0.92372
5950.00000 0.92572
5955.00000 0.92762
5960.00000 0.92933
5965.00000 0.93063
5970.00000 0.9319
5975.00000 0.93313
5980.00000 0.93383
5985.00000 0.93461
5990.00000 0.93494
5995.00000 0.93533
6000.00000 0.93549
6005.00000 0.93572
6010.00000 0.93531
6015.00000 0.93511
6020.00000 0.93475
6025.00000 0.93419
6030.00000 0.93326
6035.00000 0.93285
6040.00000 0.93185
6045.00000 0.93122
6050.00000 0.93024
6055.00000 0.9293
6060.00000 0.92851
6065.00000 0.92758
6070.00000 0.92658
6075.00000 0.92573
6080.00000 0.92502
6085.00000 0.92431
6090.00000 0.92362
6095.00000 0.9227
6100.00000 0.92221
6105.00000 0.92171
6110.00000 0.92153
6115.00000 0.9212
6120.00000 0.92106
6135.00000 0.92127
6140.00000 0.92164
6145.00000 0.92214
6150.00000 0.92274
6155.00000 0.92334
6160.00000 0.92416
6165.00000 0.92492
6170.00000 0.92586
6175.00000 0.92683
6180.00000 0.92788
6185.00000 0.92912
6190.00000 0.9301
6195.00000 0.93135
6200.00000 0.93305
6205.00000 0.93406
6210.00000 0.93559
6215.00000 0.93678
6220.00000 0.93806
6225.00000 0.93927
6230.00000 0.94069
6235.00000 0.94166
6240.00000 0.94305
6245.00000 0.94389
6250.00000 0.9448
6255.00000 0.9456
6260.00000 0.94655
6265.00000 0.94706
6270.00000 0.94764
6275.00000 0.94811
6280.00000 0.94855
6285.00000 0.94873
6290.00000 0.94911
6295.00000 0.94886
6305.00000 0.94874
6310.00000 0.94823
6315.00000 0.94782
6320.00000 0.9473
6325.00000 0.94663
6330.00000 0.94577
6335.00000 0.94496
6340.00000 0.9442
6345.00000 0.94327
6350.00000 0.94218
6355.00000 0.94123
6360.00000 0.94021
6365.00000 0.93901
6370.00000 0.93778
6375.00000 0.93662
6380.00000 0.93579
6385.00000 0.9347
6390.00000 0.93363
6395.00000 0.93267
6400.00000 0.93154
6405.00000 0.93067
6410.00000 0.92998
6415.00000 0.92913
6420.00000 0.92828
6425.00000 0.92758
6430.00000 0.92727
6435.00000 0.92671
6440.00000 0.92642
6445.00000 0.9262
6450.00000 0.92601
6455.00000 0.92616
6460.00000 0.92602
6465.00000 0.92624
6470.00000 0.9265
6475.00000 0.92708
6480.00000 0.92734
6485.00000 0.92793
6490.00000 0.92868
6495.00000 0.92923
6500.00000 0.92991
6505.00000 0.93101
6510.00000 0.93152
6515.00000 0.93239
6520.00000 0.93343
6525.00000 0.93444
6530.00000 0.93546
6535.00000 0.93655
6540.00000 0.93736
6545.00000 0.93823
6550.00000 0.93942
6555.00000 0.94035
6560.00000 0.94125
6565.00000 0.94206
6570.00000 0.94266
6575.00000 0.94343
6580.00000 0.94406
6585.00000 0.9446
6590.00000 0.94486
6600.00000 0.94553
6610.00000 0.94566
6615.00000 0.94543
6620.00000 0.94511
6625.00000 0.94471
6630.00000 0.94419
6635.00000 0.94343
6640.00000 0.94282
6645.00000 0.94168
6650.00000 0.94082
6655.00000 0.93998
6660.00000 0.93872
6665.00000 0.93726
6670.00000 0.93589
6675.00000 0.93454
6680.00000 0.93318
6685.00000 0.93144
6690.00000 0.93015
6695.00000 0.92822
6700.00000 0.92669
6705.00000 0.92506
6710.00000 0.92296
6715.00000 0.92144
6720.00000 0.91991
6725.00000 0.91825
6730.00000 0.91668
6735.00000 0.91488
6740.00000 0.9136
6745.00000 0.91185
6750.00000 0.91056
6755.00000 0.9093
6760.00000 0.90829
6765.00000 0.90718
6770.00000 0.9062
6775.00000 0.90543
6780.00000 0.90446
6785.00000 0.90392
6790.00000 0.90345
6795.00000 0.90324
6805.00000 0.90291
6815.00000 0.90307
6820.00000 0.90325
6825.00000 0.90391
6830.00000 0.90439
6835.00000 0.90523
6840.00000 0.90598
6845.00000 0.90713
6850.00000 0.90827
6855.00000 0.90952
6860.00000 0.91059
6865.00000 0.91195
6870.00000 0.91368
6875.00000 0.91527
6880.00000 0.91695
6885.00000 0.91865
6890.00000 0.92046
6895.00000 0.92244
6900.00000 0.92399
6905.00000 0.92548
6910.00000 0.92771
6915.00000 0.92928
6920.00000 0.93133
6925.00000 0.93319
6930.00000 0.93476
6935.00000 0.93654
6940.00000 0.93784
6945.00000 0.93965
6950.00000 0.94046
6955.00000 0.94168
6960.00000 0.94282
6965.00000 0.94389
6970.00000 0.94481
6975.00000 0.94569
6980.00000 0.94602
6985.00000 0.94633
6990.00000 0.94663
7000.00000 0.9464
7005.00000 0.94603
7010.00000 0.94556
7015.00000 0.94491
7020.00000 0.94399
7025.00000 0.94276
7030.00000 0.94176
7035.00000 0.94022
7040.00000 0.93902
7045.00000 0.93699
7050.00000 0.93552
7055.00000 0.93354
7060.00000 0.93166
7065.00000 0.92953
7070.00000 0.92733
7075.00000 0.92473
7080.00000 0.92285
7085.00000 0.9203
7090.00000 0.91781
7095.00000 0.9154
7100.00000 0.9129
7105.00000 0.91033
7110.00000 0.90781
7115.00000 0.90528
7120.00000 0.90296
7125.00000 0.90039
7130.00000 0.89792
7135.00000 0.89524
7140.00000 0.8927
7145.00000 0.89047
7150.00000 0.88777
7155.00000 0.88505
7160.00000 0.88218
7165.00000 0.87965
7170.00000 0.87689
7175.00000 0.87369
7180.00000 0.87062
7185.00000 0.8674
7190.00000 0.86397
7195.00000 0.86032
7200.00000 0.85604
7205.00000 0.85177
7210.00000 0.8472
7215.00000 0.8422
7220.00000 0.83663
7225.00000 0.83012
7230.00000 0.82375
7235.00000 0.81633
7240.00000 0.80887
7245.00000 0.80005
7250.00000 0.79068
7255.00000 0.7804
7260.00000 0.76934
7265.00000 0.75733
7270.00000 0.74445
7275.00000 0.73097
7280.00000 0.71609
7285.00000 0.70053
7290.00000 0.68453
7295.00000 0.66755
7300.00000 0.64999
7305.00000 0.63172
7310.00000 0.61275
7315.00000 0.59317
7320.00000 0.57306
7325.00000 0.5526
7330.00000 0.53238
7335.00000 0.51258
7340.00000 0.49264
7345.00000 0.47232
7350.00000 0.45203
7355.00000 0.43179
7360.00000 0.41216
7365.00000 0.39291
7370.00000 0.37386
7375.00000 0.35526
7380.00000 0.33747
7385.00000 0.32008
7390.00000 0.30338
7395.00000 0.28757
7400.00000 0.27223
7405.00000 0.25752
7410.00000 0.24369
7415.00000 0.23034
7420.00000 0.21768
7425.00000 0.20574
7430.00000 0.19433
7435.00000 0.18372
7440.00000 0.17363
7445.00000 0.16399
7450.00000 0.15506
7455.00000 0.14647
7460.00000 0.13845
7465.00000 0.13087
7470.00000 0.12369
7475.00000 0.11697
7480.00000 0.11052
7485.00000 0.10455
7490.00000 0.09895
7495.00000 0.09365
7500.00000 0.08866
7505.00000 0.08396
7510.00000 0.07956
7515.00000 0.07539
7520.00000 0.07151
7525.00000 0.06786
7530.00000 0.06437
7535.00000 0.06107
7540.00000 0.05798
7545.00000 0.05512
7550.00000 0.05245
7555.00000 0.04998
7560.00000 0.04764
7565.00000 0.04535
7570.00000 0.04318
7575.00000 0.04114
7580.00000 0.03924
7585.00000 0.03742
7590.00000 0.0357
7595.00000 0.03408
7600.00000 0.03256
7605.00000 0.03107
7610.00000 0.0297
7615.00000 0.0284
7620.00000 0.02718
7625.00000 0.02603
7630.00000 0.02494
7635.00000 0.02387
7640.00000 0.02288
7645.00000 0.02192
7650.00000 0.02102
7655.00000 0.02017
7660.00000 0.01938
7665.00000 0.0186
7670.00000 0.0179
7675.00000 0.01722
7680.00000 0.01654
7685.00000 0.01591
7690.00000 0.01532
7695.00000 0.01475
7700.00000 0.01421
7705.00000 0.01367
7710.00000 0.0132
7715.00000 0.01273
7720.00000 0.01226
7725.00000 0.01184
7730.00000 0.01143
7735.00000 0.01103
7740.00000 0.01065
7745.00000 0.01031
7750.00000 0.00994
7755.00000 0.00961
7760.00000 0.00929
7765.00000 0.009
7770.00000 0.0087
7775.00000 0.00847
7780.00000 0.00819
7785.00000 0.00793
7790.00000 0.00769
7795.00000 0.00745
7800.00000 0.00724
7805.00000 0.007
7810.00000 0.0068
7815.00000 0.0066
7820.00000 0.00642
7825.00000 0.00623
7830.00000 0.00604
7835.00000 0.00588
7840.00000 0.00571
7845.00000 0.00555
7850.00000 0.0054
7855.00000 0.00525
7860.00000 0.00512
7865.00000 0.00497
7870.00000 0.00484
7875.00000 0.00473
7880.00000 0.0046
7885.00000 0.00448
7890.00000 0.00437
7895.00000 0.00427
7900.00000 0.00416
7905.00000 0.00406
8695.50000 0.0
