threeML/data/optical_filters/Paranal/HAWKI-NB2090.ecsv
# %ECSV 0.9
# ---
# datatype:
# - {name: wavelength, unit: Angstrom, datatype: float32}
# - {name: response, datatype: float32}
# meta: !!omap
# - {band_name: NB2090}
# - {group_name: HAWKI}
wavelength response
18666.00000 0.0
20740.00000 0.004127
20742.00000 0.004563
20744.00000 0.003379
20746.00000 0.00436
20748.00000 0.003935
20750.00000 0.00435
20752.00000 0.005513
20754.00000 0.005672
20756.00000 0.005748
20758.00000 0.006576
20760.00000 0.006877
20762.00000 0.006637
20764.00000 0.007134
20766.00000 0.007283
20768.00000 0.008684
20769.00000 0.008995
20772.00000 0.010033
20773.00000 0.01133
20775.00000 0.011106
20777.00000 0.012795
20779.00000 0.012717
20781.00000 0.012469
20783.00000 0.015466
20785.00000 0.015033
20787.00000 0.016597
20789.00000 0.01859
20791.00000 0.020154
20793.00000 0.021198
20795.00000 0.023856
20797.00000 0.02514
20799.00000 0.027532
20801.00000 0.029903
20803.00000 0.032149
20805.00000 0.035566
20807.00000 0.03905
20809.00000 0.041241
20811.00000 0.047194
20813.00000 0.050079
20815.00000 0.055268
20817.00000 0.060365
20819.00000 0.065749
20821.00000 0.072837
20823.00000 0.077966
20825.00000 0.085386
20827.00000 0.093703
20829.00000 0.103662
20831.00000 0.11207
20833.00000 0.123272
20835.00000 0.133095
20837.00000 0.147123
20839.00000 0.158713
20841.00000 0.173495
20843.00000 0.18775
20845.00000 0.20438
20847.00000 0.222155
20849.00000 0.240001
20851.00000 0.26073
20853.00000 0.280496
20855.00000 0.304577
20857.00000 0.326127
20859.00000 0.35163
20861.00000 0.376877
20863.00000 0.402975
20865.00000 0.428164
20867.00000 0.456737
20869.00000 0.482662
20871.00000 0.512159
20873.00000 0.537949
20875.00000 0.564932
20877.00000 0.591996
20879.00000 0.618274
20881.00000 0.641164
20883.00000 0.66606
20885.00000 0.685524
20887.00000 0.703177
20889.00000 0.720861
20891.00000 0.733388
20893.00000 0.748937
20895.00000 0.758248
20897.00000 0.768345
20899.00000 0.775605
20901.00000 0.782743
20903.00000 0.78745
20905.00000 0.792872
20907.00000 0.793048
20909.00000 0.796267
20911.00000 0.798523
20913.00000 0.796117
20915.00000 0.799987
20917.00000 0.800116
20919.00000 0.799251
20921.00000 0.801478
20923.00000 0.801264
20925.00000 0.800052
20927.00000 0.802535
20929.00000 0.801908
20931.00000 0.801517
20933.00000 0.801278
20935.00000 0.799604
20937.00000 0.801093
20939.00000 0.801224
20941.00000 0.800231
20943.00000 0.800996
20945.00000 0.799815
20947.00000 0.79764
20949.00000 0.799562
20951.00000 0.79791
20953.00000 0.795913
20955.00000 0.795539
20957.00000 0.791945
20959.00000 0.792581
20961.00000 0.790338
20963.00000 0.786042
20965.00000 0.786476
20967.00000 0.782659
20969.00000 0.780836
20971.00000 0.779808
20973.00000 0.776027
20975.00000 0.773377
20977.00000 0.773829
20979.00000 0.769505
20981.00000 0.768809
20983.00000 0.766719
20985.00000 0.763638
20987.00000 0.764175
20989.00000 0.764035
20991.00000 0.760169
20993.00000 0.762094
20995.00000 0.760495
20997.00000 0.758703
20999.00000 0.759513
21001.00000 0.75707
21003.00000 0.757626
21005.00000 0.756311
21007.00000 0.754174
21009.00000 0.753009
21011.00000 0.753724
21013.00000 0.749003
21015.00000 0.748515
21017.00000 0.743344
21019.00000 0.73712
21021.00000 0.732283
21023.00000 0.722469
21025.00000 0.712207
21027.00000 0.700717
21029.00000 0.684807
21031.00000 0.669376
21033.00000 0.65163
21035.00000 0.626305
21037.00000 0.603731
21039.00000 0.576535
21041.00000 0.546466
21043.00000 0.51763
21045.00000 0.484796
21047.00000 0.452554
21049.00000 0.420182
21051.00000 0.388238
21053.00000 0.355073
21055.00000 0.32488
21057.00000 0.295208
21059.00000 0.268263
21061.00000 0.242534
21063.00000 0.218487
21065.00000 0.197193
21067.00000 0.178294
21069.00000 0.159453
21071.00000 0.142211
21073.00000 0.127764
21075.00000 0.113041
21077.00000 0.103291
21079.00000 0.091105
21081.00000 0.082394
21083.00000 0.074088
21085.00000 0.06637
21087.00000 0.061093
21089.00000 0.054219
21091.00000 0.050596
21093.00000 0.045545
21095.00000 0.040984
21097.00000 0.036126
21099.00000 0.033859
21101.00000 0.03127
21102.00000 0.027838
21104.00000 0.025108
21106.00000 0.023742
21108.00000 0.021684
21110.00000 0.019727
21112.00000 0.017438
21114.00000 0.016741
21116.00000 0.015781
21118.00000 0.014706
21120.00000 0.013542
21122.00000 0.01215
21124.00000 0.011698
21126.00000 0.010065
21128.00000 0.008836
21130.00000 0.008595
21132.00000 0.008364
21134.00000 0.007086
21136.00000 0.008012
21138.00000 0.006855
21140.00000 0.006806
21142.00000 0.005412
21144.00000 0.006545
21146.00000 0.005579
21148.00000 0.005547
23262.80078 0.0
