threeML/data/optical_filters/Paranal/HAWKI-BrGamma.ecsv
# %ECSV 0.9
# ---
# datatype:
# - {name: wavelength, unit: Angstrom, datatype: float32}
# - {name: response, datatype: float32}
# meta: !!omap
# - {band_name: BrGamma}
# - {group_name: HAWKI}
wavelength response
19199.69922 0.0
21333.00000 0.004147
21335.00000 0.004303
21337.00000 0.004615
21339.00000 0.004818
21341.00000 0.005069
21343.00000 0.005312
21345.00000 0.005594
21347.00000 0.005856
21349.00000 0.006234
21351.00000 0.006482
21353.00000 0.006848
21355.00000 0.007186
21357.00000 0.00761
21359.00000 0.00801
21361.00000 0.008331
21363.00000 0.008921
21365.00000 0.009263
21367.00000 0.009856
21369.00000 0.010333
21371.00000 0.01101
21373.00000 0.01145
21375.00000 0.012244
21377.00000 0.012803
21379.00000 0.013646
21381.00000 0.014368
21383.00000 0.015142
21385.00000 0.016033
21387.00000 0.016862
21389.00000 0.017846
21391.00000 0.018809
21392.00000 0.019996
21394.00000 0.020969
21396.00000 0.022497
21398.00000 0.023463
21400.00000 0.025118
21402.00000 0.02641
21404.00000 0.028103
21406.00000 0.029683
21408.00000 0.031326
21410.00000 0.033244
21412.00000 0.035319
21414.00000 0.037291
21416.00000 0.039179
21418.00000 0.042016
21420.00000 0.044022
21422.00000 0.047261
21424.00000 0.049426
21426.00000 0.053194
21428.00000 0.055901
21430.00000 0.059717
21432.00000 0.063189
21434.00000 0.066764
21436.00000 0.070903
21438.00000 0.07493
21440.00000 0.079785
21442.00000 0.083845
21444.00000 0.089784
21446.00000 0.094738
21448.00000 0.101344
21450.00000 0.105935
21452.00000 0.113605
21454.00000 0.118856
21456.00000 0.127116
21458.00000 0.134391
21460.00000 0.141683
21462.00000 0.150761
21464.00000 0.158281
21466.00000 0.167958
21468.00000 0.176522
21470.00000 0.186665
21472.00000 0.196503
21474.00000 0.208449
21476.00000 0.216963
21478.00000 0.230808
21480.00000 0.241182
21482.00000 0.255301
21484.00000 0.266601
21486.00000 0.279975
21488.00000 0.293556
21490.00000 0.30657
21492.00000 0.321088
21494.00000 0.334426
21496.00000 0.350075
21498.00000 0.36359
21500.00000 0.380839
21502.00000 0.392615
21504.00000 0.410926
21506.00000 0.423932
21508.00000 0.441589
21510.00000 0.454611
21512.00000 0.471894
21514.00000 0.486678
21516.00000 0.502529
21518.00000 0.516856
21520.00000 0.529093
21522.00000 0.546319
21524.00000 0.557696
21526.00000 0.573076
21528.00000 0.58466
21530.00000 0.599276
21532.00000 0.610006
21534.00000 0.624421
21536.00000 0.633487
21538.00000 0.64635
21540.00000 0.656572
21542.00000 0.666639
21544.00000 0.676764
21546.00000 0.683381
21548.00000 0.692862
21550.00000 0.700933
21552.00000 0.707363
21554.00000 0.714072
21556.00000 0.721431
21558.00000 0.725499
21560.00000 0.73199
21562.00000 0.73614
21564.00000 0.740308
21566.00000 0.744822
21568.00000 0.748274
21570.00000 0.750733
21572.00000 0.754101
21574.00000 0.75668
21576.00000 0.758792
21578.00000 0.761391
21580.00000 0.762141
21582.00000 0.764264
21584.00000 0.765534
21586.00000 0.766426
21588.00000 0.76788
21590.00000 0.768515
21592.00000 0.768632
21593.00000 0.770313
21595.00000 0.770079
21597.00000 0.770522
21599.00000 0.771238
21601.00000 0.771137
21603.00000 0.771767
21605.00000 0.772066
21607.00000 0.771587
21609.00000 0.772385
21611.00000 0.771888
21613.00000 0.771373
21615.00000 0.772308
21617.00000 0.771814
21619.00000 0.771475
21621.00000 0.772041
21623.00000 0.771255
21625.00000 0.771203
21627.00000 0.771561
21629.00000 0.770553
21631.00000 0.771251
21633.00000 0.770714
21635.00000 0.77032
21637.00000 0.770202
21639.00000 0.769715
21641.00000 0.768739
21643.00000 0.769286
21645.00000 0.768403
21647.00000 0.768078
21649.00000 0.767979
21651.00000 0.766797
21653.00000 0.76685
21655.00000 0.765944
21657.00000 0.765113
21659.00000 0.765133
21661.00000 0.764303
21663.00000 0.763401
21665.00000 0.763397
21667.00000 0.762091
21669.00000 0.761801
21671.00000 0.761523
21673.00000 0.760189
21675.00000 0.760164
21677.00000 0.759708
21679.00000 0.758084
21681.00000 0.758476
21683.00000 0.757288
21685.00000 0.75644
21687.00000 0.75691
21689.00000 0.755798
21691.00000 0.755326
21693.00000 0.755592
21695.00000 0.754236
21697.00000 0.754408
21699.00000 0.753959
21701.00000 0.752903
21703.00000 0.753567
21705.00000 0.753038
21707.00000 0.751971
21709.00000 0.752394
21711.00000 0.751368
21713.00000 0.750838
21715.00000 0.75104
21717.00000 0.750079
21719.00000 0.74966
21721.00000 0.748966
21723.00000 0.747082
21725.00000 0.747017
21727.00000 0.745463
21729.00000 0.743484
21731.00000 0.742208
21733.00000 0.739519
21735.00000 0.737245
21737.00000 0.734105
21739.00000 0.730565
21741.00000 0.726783
21743.00000 0.723367
21745.00000 0.716977
21747.00000 0.713041
21749.00000 0.705961
21751.00000 0.699239
21753.00000 0.691262
21755.00000 0.68365
21757.00000 0.673718
21759.00000 0.665214
21761.00000 0.654643
21763.00000 0.642579
21765.00000 0.631809
21767.00000 0.6172
21769.00000 0.606233
21771.00000 0.589374
21773.00000 0.575998
21775.00000 0.558442
21777.00000 0.545132
21779.00000 0.52591
21781.00000 0.510366
21783.00000 0.490931
21785.00000 0.473998
21787.00000 0.455817
21789.00000 0.436656
21791.00000 0.418785
21792.00000 0.399963
21794.00000 0.384725
21796.00000 0.363436
21798.00000 0.349133
21800.00000 0.32786
21802.00000 0.314732
21804.00000 0.294103
21806.00000 0.280043
21808.00000 0.262414
21810.00000 0.248188
21812.00000 0.234025
21814.00000 0.219769
21816.00000 0.206921
21818.00000 0.193091
21820.00000 0.182977
21822.00000 0.169707
21824.00000 0.160058
21826.00000 0.148675
21828.00000 0.141291
21830.00000 0.130468
21832.00000 0.122776
21834.00000 0.11375
21836.00000 0.106997
21838.00000 0.099569
21840.00000 0.093075
21842.00000 0.08687
21844.00000 0.081254
21846.00000 0.07678
21848.00000 0.071174
21850.00000 0.067307
21852.00000 0.062376
21854.00000 0.059258
21856.00000 0.054849
21858.00000 0.051762
21860.00000 0.047929
21862.00000 0.045537
21864.00000 0.042536
21866.00000 0.039895
21868.00000 0.037533
21870.00000 0.035444
21872.00000 0.033446
21874.00000 0.031284
21876.00000 0.029629
21878.00000 0.02769
21880.00000 0.026512
21882.00000 0.024723
21884.00000 0.023662
21886.00000 0.022066
21888.00000 0.021061
21890.00000 0.019718
24079.00000 0.0
