threeML/data/optical_filters/Paranal/HAWKI-NB1060.ecsv
# %ECSV 0.9
# ---
# datatype:
# - {name: wavelength, unit: Angstrom, datatype: float32}
# - {name: response, datatype: float32}
# meta: !!omap
# - {band_name: NB1060}
# - {group_name: HAWKI}
wavelength response
9456.29980 0.0
10507.00000 0.004923
10509.00000 0.004634
10511.00000 0.004851
10513.00000 0.006318
10515.00000 0.006263
10517.00000 0.007624
10519.00000 0.007621
10521.00000 0.009389
10523.00000 0.008899
10525.00000 0.010824
10527.00000 0.013872
10529.00000 0.016267
10531.00000 0.018156
10533.00000 0.022475
10535.00000 0.024509
10537.00000 0.029845
10539.00000 0.034045
10541.00000 0.041102
10543.00000 0.049484
10545.00000 0.056115
10547.00000 0.069726
10549.00000 0.079603
10551.00000 0.099363
10553.00000 0.113326
10555.00000 0.138903
10557.00000 0.161752
10559.00000 0.193595
10561.00000 0.22234
10563.00000 0.260863
10565.00000 0.29934
10567.00000 0.340915
10569.00000 0.384252
10571.00000 0.422002
10573.00000 0.471497
10575.00000 0.504287
10577.00000 0.546872
10579.00000 0.571146
10581.00000 0.606878
10583.00000 0.624446
10585.00000 0.647638
10587.00000 0.658988
10589.00000 0.673265
10591.00000 0.682199
10593.00000 0.688172
10595.00000 0.695485
10597.00000 0.699764
10599.00000 0.703142
10601.00000 0.706735
10603.00000 0.708295
10605.00000 0.709721
10607.00000 0.707859
10609.00000 0.706241
10611.00000 0.703476
10613.00000 0.701033
10615.00000 0.695189
10617.00000 0.689042
10619.00000 0.684235
10621.00000 0.677118
10623.00000 0.671059
10625.00000 0.665612
10627.00000 0.659257
10629.00000 0.655411
10631.00000 0.651774
10633.00000 0.648386
10635.00000 0.645968
10637.00000 0.645033
10639.00000 0.643637
10641.00000 0.643738
10643.00000 0.645554
10645.00000 0.647161
10647.00000 0.646476
10649.00000 0.64711
10651.00000 0.644456
10653.00000 0.638782
10655.00000 0.62844
10657.00000 0.617359
10659.00000 0.591388
10661.00000 0.567423
10663.00000 0.528453
10665.00000 0.497156
10667.00000 0.449411
10669.00000 0.403496
10671.00000 0.354139
10673.00000 0.308072
10675.00000 0.272443
10677.00000 0.226982
10679.00000 0.196864
10681.00000 0.163684
10683.00000 0.146034
10685.00000 0.117771
10687.00000 0.103566
10689.00000 0.084161
10691.00000 0.074548
10693.00000 0.060217
10695.00000 0.050977
10697.00000 0.043903
10699.00000 0.038225
10701.00000 0.03352
10703.00000 0.027404
10705.00000 0.025325
10707.00000 0.022301
10709.00000 0.018968
10711.00000 0.016418
10713.00000 0.014715
10715.00000 0.012276
10717.00000 0.009619
10719.00000 0.010157
10721.00000 0.008105
10723.00000 0.007585
10725.00000 0.006787
10727.00000 0.004983
10729.00000 0.004917
10731.00000 0.004739
10733.00000 0.004198
11806.29980 0.0
