threeML/data/optical_filters/Paranal/HAWKI-NB1190.ecsv
# %ECSV 0.9
# ---
# datatype:
# - {name: wavelength, unit: Angstrom, datatype: float32}
# - {name: response, datatype: float32}
# meta: !!omap
# - {band_name: NB1190}
# - {group_name: HAWKI}
wavelength response
10474.20020 0.0
11638.00000 0.005382
11640.00000 0.005539
11642.00000 0.004383
11644.00000 0.004034
11646.00000 0.005095
11648.00000 0.004847
11650.00000 0.005339
11652.00000 0.005085
11654.00000 0.004184
11656.00000 0.005152
11658.00000 0.004135
11660.00000 0.004492
11662.00000 0.005198
11664.00000 0.004781
11666.00000 0.004486
11668.00000 0.004729
11670.00000 0.004912
11672.00000 0.005636
11674.00000 0.004849
11676.00000 0.005598
11678.00000 0.004975
11680.00000 0.004982
11682.00000 0.005426
11684.00000 0.004827
11686.00000 0.005629
11688.00000 0.005752
11690.00000 0.005093
11692.00000 0.00522
11694.00000 0.005978
11696.00000 0.005373
11698.00000 0.005579
11700.00000 0.006055
11702.00000 0.005875
11704.00000 0.006237
11706.00000 0.006952
11708.00000 0.006772
11710.00000 0.006282
11712.00000 0.007008
11714.00000 0.006881
11716.00000 0.006891
11718.00000 0.00768
11720.00000 0.007013
11722.00000 0.00756
11724.00000 0.008039
11726.00000 0.007907
11728.00000 0.008221
11730.00000 0.008119
11732.00000 0.00888
11734.00000 0.008465
11736.00000 0.009832
11738.00000 0.010382
11740.00000 0.010548
11742.00000 0.011385
11744.00000 0.011461
11746.00000 0.012125
11748.00000 0.013576
11750.00000 0.014326
11752.00000 0.015809
11754.00000 0.016721
11756.00000 0.016466
11758.00000 0.018635
11760.00000 0.020436
11762.00000 0.023414
11764.00000 0.025316
11766.00000 0.026756
11768.00000 0.030694
11770.00000 0.033738
11772.00000 0.036737
11774.00000 0.042157
11776.00000 0.046632
11778.00000 0.053236
11780.00000 0.059176
11782.00000 0.068353
11784.00000 0.076967
11786.00000 0.089029
11788.00000 0.100465
11790.00000 0.114761
11792.00000 0.130422
11794.00000 0.150938
11796.00000 0.171554
11798.00000 0.19685
11800.00000 0.223579
11802.00000 0.255868
11804.00000 0.289913
11806.00000 0.32324
11808.00000 0.361061
11810.00000 0.399845
11812.00000 0.443568
11814.00000 0.478589
11816.00000 0.517578
11818.00000 0.550921
11820.00000 0.584054
11822.00000 0.607747
11824.00000 0.629762
11826.00000 0.646924
11828.00000 0.660798
11830.00000 0.672964
11832.00000 0.681422
11834.00000 0.688741
11836.00000 0.693237
11838.00000 0.69853
11840.00000 0.701147
11842.00000 0.704994
11844.00000 0.707779
11846.00000 0.71136
11848.00000 0.714026
11850.00000 0.716979
11852.00000 0.720259
11854.00000 0.723884
11856.00000 0.726038
11858.00000 0.72787
11860.00000 0.730384
11862.00000 0.731607
11864.00000 0.734754
11866.00000 0.733775
11868.00000 0.732773
11870.00000 0.732001
11872.00000 0.728405
11874.00000 0.72731
11876.00000 0.724797
11878.00000 0.722241
11880.00000 0.719149
11882.00000 0.716341
11884.00000 0.713017
11886.00000 0.711094
11888.00000 0.708783
11890.00000 0.706298
11892.00000 0.703065
11894.00000 0.700428
11896.00000 0.69554
11898.00000 0.687591
11900.00000 0.679199
11902.00000 0.667781
11904.00000 0.651667
11906.00000 0.628811
11908.00000 0.606247
11910.00000 0.576347
11912.00000 0.543437
11914.00000 0.502684
11916.00000 0.455427
11918.00000 0.416725
11920.00000 0.368883
11922.00000 0.326311
11924.00000 0.281493
11926.00000 0.247018
11928.00000 0.215292
11930.00000 0.184461
11932.00000 0.157915
11934.00000 0.134993
11936.00000 0.116025
11938.00000 0.099707
11940.00000 0.085765
11942.00000 0.073831
11944.00000 0.065046
11946.00000 0.056421
11948.00000 0.049725
11950.00000 0.04265
11952.00000 0.037849
11954.00000 0.033938
11956.00000 0.029428
11958.00000 0.026625
11960.00000 0.024034
11962.00000 0.021951
11964.00000 0.020747
11966.00000 0.018272
11968.00000 0.016719
11970.00000 0.015826
11972.00000 0.014315
11974.00000 0.012807
11976.00000 0.011025
11978.00000 0.012779
11980.00000 0.010756
11982.00000 0.010494
11984.00000 0.009588
11986.00000 0.008743
11988.00000 0.007946
11990.00000 0.009582
11992.00000 0.00854
11994.00000 0.007005
11996.00000 0.006698
11998.00000 0.00712
12000.00000 0.006948
12002.00000 0.006782
12004.00000 0.006903
12006.00000 0.006475
12008.00000 0.006725
12010.00000 0.005436
12012.00000 0.006416
12014.00000 0.006111
12016.00000 0.00581
12018.00000 0.006159
12020.00000 0.005623
12022.00000 0.00555
12024.00000 0.00562
12026.00000 0.005372
12028.00000 0.004588
12030.00000 0.00712
12032.00000 0.005674
12034.00000 0.004653
12036.00000 0.006103
12038.00000 0.005742
12040.00000 0.005321
12042.00000 0.005677
12044.00000 0.00579
12046.00000 0.005126
12048.00000 0.004641
12050.00000 0.004949
12052.00000 0.005747
12054.00000 0.005632
12056.00000 0.005194
12058.00000 0.004283
12060.00000 0.005436
12062.00000 0.006264
12064.00000 0.005554
12066.00000 0.005068
12068.00000 0.004714
12070.00000 0.005309
12072.00000 0.005306
12074.00000 0.005002
12076.00000 0.004212
12078.00000 0.005916
12080.00000 0.00482
12082.00000 0.004842
12084.00000 0.00433
12086.00000 0.005129
12088.00000 0.004829
12090.00000 0.004822
12092.00000 0.005194
12094.00000 0.004277
12096.00000 0.005185
12098.00000 0.005116
12100.00000 0.004461
12102.00000 0.004291
12104.00000 0.005977
12106.00000 0.005139
12108.00000 0.004398
12110.00000 0.004027
12112.00000 0.004987
12114.00000 0.004524
12116.00000 0.004218
12118.00000 0.005374
12120.00000 0.004763
12122.00000 0.004653
12124.00000 0.004335
12126.00000 0.004648
12128.00000 0.005134
12130.00000 0.005624
12132.00000 0.005139
12134.00000 0.004399
12136.00000 0.004575
12138.00000 0.004697
13351.79980 0.0
