threeML/data/optical_filters/Paranal/HAWKI-CH4.ecsv
# %ECSV 0.9
# ---
# datatype:
# - {name: wavelength, unit: Angstrom, datatype: float32}
# - {name: response, datatype: float32}
# meta: !!omap
# - {band_name: CH4}
# - {group_name: HAWKI}
wavelength response
13419.90039 0.0
14911.00000 0.004657
14913.00000 0.003823
14915.00000 0.004697
14917.00000 0.004483
14919.00000 0.004299
14921.00000 0.005032
14923.00000 0.005717
14925.00000 0.005938
14927.00000 0.006545
14929.00000 0.005564
14931.00000 0.006041
14933.00000 0.007158
14935.00000 0.005851
14937.00000 0.006792
14939.00000 0.006744
14941.00000 0.00739
14943.00000 0.007459
14945.00000 0.007473
14947.00000 0.007413
14949.00000 0.009186
14951.00000 0.008811
14953.00000 0.009257
14955.00000 0.009223
14957.00000 0.009886
14959.00000 0.010314
14961.00000 0.010613
14963.00000 0.011401
14965.00000 0.012286
14967.00000 0.011851
14969.00000 0.012107
14971.00000 0.013025
14973.00000 0.013433
14975.00000 0.014142
14977.00000 0.014977
14979.00000 0.015421
14981.00000 0.01587
14983.00000 0.016136
14985.00000 0.016066
14987.00000 0.017281
14989.00000 0.01785
14991.00000 0.018056
14993.00000 0.019652
14995.00000 0.020598
14997.00000 0.02125
14999.00000 0.022461
15001.00000 0.023256
15003.00000 0.023379
15005.00000 0.024951
15007.00000 0.025592
15009.00000 0.026412
15011.00000 0.027409
15013.00000 0.028628
15015.00000 0.028695
15017.00000 0.029745
15019.00000 0.031826
15021.00000 0.032238
15023.00000 0.034245
15025.00000 0.034876
15027.00000 0.036008
15029.00000 0.036069
15031.00000 0.037457
15033.00000 0.03907
15035.00000 0.041532
15037.00000 0.042313
15039.00000 0.044187
15041.00000 0.044425
15043.00000 0.046312
15045.00000 0.047862
15047.00000 0.048919
15049.00000 0.050992
15051.00000 0.052137
15053.00000 0.053534
15055.00000 0.055674
15057.00000 0.057418
15059.00000 0.058819
15061.00000 0.061531
15063.00000 0.063319
15065.00000 0.064929
15067.00000 0.067149
15069.00000 0.069066
15071.00000 0.07126
15073.00000 0.073558
15075.00000 0.075269
15077.00000 0.07773
15079.00000 0.080237
15081.00000 0.082234
15083.00000 0.08354
15085.00000 0.087218
15087.00000 0.090916
15089.00000 0.092673
15091.00000 0.095866
15093.00000 0.098401
15095.00000 0.102122
15097.00000 0.104248
15099.00000 0.108293
15101.00000 0.111554
15103.00000 0.114647
15105.00000 0.118354
15107.00000 0.122334
15109.00000 0.125965
15111.00000 0.130266
15113.00000 0.134695
15115.00000 0.138407
15117.00000 0.142864
15119.00000 0.148554
15121.00000 0.15287
15123.00000 0.158081
15125.00000 0.163371
15127.00000 0.169229
15129.00000 0.174192
15131.00000 0.180662
15133.00000 0.186084
15135.00000 0.193646
15137.00000 0.200968
15139.00000 0.206785
15141.00000 0.215482
15143.00000 0.221261
15145.00000 0.230377
15147.00000 0.238814
15149.00000 0.247055
15151.00000 0.256187
15153.00000 0.264012
15155.00000 0.275022
15157.00000 0.285267
15159.00000 0.295761
15161.00000 0.305281
15163.00000 0.319078
15165.00000 0.329186
15167.00000 0.341711
15169.00000 0.352369
15171.00000 0.366085
15173.00000 0.378432
15175.00000 0.392326
15177.00000 0.40601
15179.00000 0.418646
15181.00000 0.43507
15183.00000 0.449142
15185.00000 0.464839
15187.00000 0.478486
15189.00000 0.495219
15191.00000 0.51181
15193.00000 0.527614
15195.00000 0.542835
15197.00000 0.559714
15199.00000 0.574429
15201.00000 0.591974
15203.00000 0.607587
15205.00000 0.624336
15207.00000 0.640565
15209.00000 0.655654
15211.00000 0.671912
15213.00000 0.689285
15215.00000 0.704094
15217.00000 0.71869
15219.00000 0.734346
15221.00000 0.746089
15223.00000 0.759942
15225.00000 0.773232
15227.00000 0.78536
15229.00000 0.796665
15231.00000 0.807022
15233.00000 0.817712
15235.00000 0.827245
15237.00000 0.836931
15239.00000 0.844701
15241.00000 0.852991
15243.00000 0.85888
15245.00000 0.864523
15247.00000 0.869683
15249.00000 0.876017
15251.00000 0.880203
15253.00000 0.883611
15255.00000 0.887002
15257.00000 0.888936
15259.00000 0.891952
15261.00000 0.892746
15263.00000 0.89588
15265.00000 0.895248
15267.00000 0.897541
15269.00000 0.897046
15271.00000 0.895801
15273.00000 0.898481
15275.00000 0.897119
15277.00000 0.894886
15279.00000 0.895583
15281.00000 0.893129
15283.00000 0.892579
15285.00000 0.891669
15287.00000 0.890058
15289.00000 0.889415
15291.00000 0.887589
15293.00000 0.885972
15295.00000 0.883967
15297.00000 0.883333
15299.00000 0.882443
15301.00000 0.881085
15303.00000 0.878539
15305.00000 0.877574
15307.00000 0.876759
15309.00000 0.87707
15311.00000 0.875325
15313.00000 0.874147
15315.00000 0.873952
15317.00000 0.872995
15319.00000 0.871901
15321.00000 0.870795
15323.00000 0.871982
15325.00000 0.87
15327.00000 0.870441
15329.00000 0.868865
15331.00000 0.868142
15333.00000 0.869436
15335.00000 0.867722
15337.00000 0.86882
15339.00000 0.86879
15341.00000 0.870863
15343.00000 0.869551
15345.00000 0.870052
15347.00000 0.870703
15349.00000 0.871363
15351.00000 0.872394
15353.00000 0.872051
15355.00000 0.871365
15357.00000 0.872172
15359.00000 0.872175
15361.00000 0.87363
15363.00000 0.874905
15365.00000 0.874706
15367.00000 0.876868
15369.00000 0.877186
15371.00000 0.876815
15373.00000 0.878158
15375.00000 0.878083
15377.00000 0.879051
15379.00000 0.878764
15381.00000 0.878359
15383.00000 0.880945
15385.00000 0.882278
15387.00000 0.882014
15389.00000 0.883152
15391.00000 0.883179
15393.00000 0.883901
15395.00000 0.884763
15397.00000 0.88512
15399.00000 0.884988
15401.00000 0.883856
15403.00000 0.883616
15405.00000 0.885651
15407.00000 0.886325
15409.00000 0.886505
15411.00000 0.886637
15413.00000 0.886747
15415.00000 0.886026
15417.00000 0.887001
15419.00000 0.886055
15421.00000 0.885914
15423.00000 0.88638
15425.00000 0.884786
15427.00000 0.886373
15429.00000 0.886304
15431.00000 0.88665
15433.00000 0.885789
15435.00000 0.885792
15437.00000 0.884466
15439.00000 0.884757
15441.00000 0.885678
15443.00000 0.884019
15445.00000 0.884936
15447.00000 0.883531
15449.00000 0.885086
15451.00000 0.882891
15453.00000 0.883901
15455.00000 0.883919
15457.00000 0.883551
15459.00000 0.882624
15461.00000 0.881744
15463.00000 0.88127
15465.00000 0.881146
15467.00000 0.881741
15469.00000 0.879426
15471.00000 0.88002
15473.00000 0.878927
15475.00000 0.879072
15477.00000 0.879346
15479.00000 0.877435
15480.00000 0.879854
15482.00000 0.879204
15485.00000 0.878337
15487.00000 0.877537
15488.00000 0.877281
15490.00000 0.876848
15492.00000 0.877742
15494.00000 0.876461
15496.00000 0.876919
15498.00000 0.876778
15500.00000 0.877144
15502.00000 0.874904
15504.00000 0.875656
15506.00000 0.876584
15508.00000 0.87568
15510.00000 0.875914
15512.00000 0.875268
15514.00000 0.874782
15516.00000 0.874182
15518.00000 0.87436
15520.00000 0.874605
15522.00000 0.876592
15524.00000 0.875599
15526.00000 0.874659
15528.00000 0.875051
15530.00000 0.874535
15532.00000 0.87358
15534.00000 0.874157
15536.00000 0.873828
15538.00000 0.872532
15540.00000 0.873285
15542.00000 0.872998
15544.00000 0.872341
15546.00000 0.873147
15548.00000 0.872711
15550.00000 0.872682
15552.00000 0.872111
15554.00000 0.870728
15556.00000 0.871411
15558.00000 0.869778
15560.00000 0.871091
15562.00000 0.870876
15564.00000 0.870775
15566.00000 0.869762
15568.00000 0.86953
15570.00000 0.869892
15572.00000 0.868956
15574.00000 0.868217
15576.00000 0.867655
15578.00000 0.867123
15580.00000 0.867606
15582.00000 0.866376
15584.00000 0.865209
15586.00000 0.865069
15588.00000 0.865344
15590.00000 0.863299
15592.00000 0.862077
15594.00000 0.862757
15596.00000 0.860779
15598.00000 0.859975
15600.00000 0.860146
15602.00000 0.858915
15604.00000 0.857618
15606.00000 0.855835
15608.00000 0.856903
15610.00000 0.855077
15612.00000 0.854398
15614.00000 0.854178
15616.00000 0.854717
15618.00000 0.853021
15620.00000 0.852737
15622.00000 0.852673
15624.00000 0.84994
15626.00000 0.848992
15628.00000 0.847974
15630.00000 0.846615
15632.00000 0.84704
15634.00000 0.844805
15636.00000 0.844699
15638.00000 0.844376
15640.00000 0.843113
15642.00000 0.841539
15644.00000 0.84164
15646.00000 0.840912
15648.00000 0.840595
15650.00000 0.839294
15652.00000 0.839938
15654.00000 0.839269
15656.00000 0.837408
15658.00000 0.836567
15660.00000 0.836896
15662.00000 0.835155
15664.00000 0.834825
15666.00000 0.834452
15668.00000 0.833292
15670.00000 0.834647
15672.00000 0.833427
15674.00000 0.832763
15676.00000 0.832597
15678.00000 0.831047
15680.00000 0.831109
15682.00000 0.830968
15684.00000 0.82972
15686.00000 0.829156
15688.00000 0.828874
15690.00000 0.828485
15692.00000 0.830201
15694.00000 0.830044
15696.00000 0.830024
15698.00000 0.830692
15700.00000 0.830183
15702.00000 0.829815
15704.00000 0.830056
15706.00000 0.829423
15708.00000 0.830015
15710.00000 0.829784
15712.00000 0.829688
15714.00000 0.830293
15716.00000 0.829751
15718.00000 0.8304
15720.00000 0.831593
15722.00000 0.831564
15724.00000 0.832156
15726.00000 0.830889
15728.00000 0.831396
15730.00000 0.8316
15732.00000 0.831408
15734.00000 0.831125
15736.00000 0.832364
15738.00000 0.834401
15740.00000 0.835862
15742.00000 0.834828
15744.00000 0.834305
15746.00000 0.836
15748.00000 0.83606
15750.00000 0.836965
15752.00000 0.837473
15754.00000 0.836835
15756.00000 0.838055
15758.00000 0.837409
15760.00000 0.83828
15762.00000 0.839171
15764.00000 0.839878
15766.00000 0.840823
15768.00000 0.840265
15770.00000 0.840838
15772.00000 0.841154
15774.00000 0.840436
15776.00000 0.843309
15778.00000 0.842059
15780.00000 0.843104
15782.00000 0.843775
15784.00000 0.843016
15786.00000 0.844376
15788.00000 0.844336
15790.00000 0.845121
15792.00000 0.844611
15794.00000 0.844726
15796.00000 0.845241
15798.00000 0.844783
15800.00000 0.844632
15802.00000 0.845648
15804.00000 0.845234
15806.00000 0.846523
15808.00000 0.846454
15810.00000 0.845735
15812.00000 0.847234
15814.00000 0.847731
15816.00000 0.848002
15818.00000 0.847501
15820.00000 0.846549
15822.00000 0.844492
15824.00000 0.845366
15826.00000 0.845693
15828.00000 0.84557
15830.00000 0.846539
15832.00000 0.846586
15834.00000 0.845256
15836.00000 0.846057
15838.00000 0.845968
15840.00000 0.84644
15842.00000 0.845298
15844.00000 0.845311
15846.00000 0.844887
15848.00000 0.845429
15850.00000 0.845146
15852.00000 0.844484
15854.00000 0.843224
15856.00000 0.845554
15858.00000 0.844711
15860.00000 0.844142
15862.00000 0.844095
15864.00000 0.843666
15866.00000 0.843385
15868.00000 0.844374
15870.00000 0.843659
15872.00000 0.843841
15874.00000 0.842638
15876.00000 0.843153
15878.00000 0.84296
15880.00000 0.842858
15882.00000 0.843099
15884.00000 0.843274
15886.00000 0.842551
15888.00000 0.842336
15890.00000 0.843295
15892.00000 0.843571
15894.00000 0.842737
15896.00000 0.843848
15898.00000 0.843014
15900.00000 0.843476
15902.00000 0.844839
15904.00000 0.843562
15906.00000 0.845345
15908.00000 0.845362
15910.00000 0.845192
15912.00000 0.84547
15914.00000 0.844697
15916.00000 0.846296
15918.00000 0.846913
15920.00000 0.846755
15922.00000 0.845707
15924.00000 0.847105
15926.00000 0.846745
15928.00000 0.848821
15930.00000 0.84736
15932.00000 0.847292
15934.00000 0.849533
15936.00000 0.848701
15938.00000 0.849812
15940.00000 0.850122
15942.00000 0.851294
15944.00000 0.853083
15946.00000 0.852705
15948.00000 0.85237
15950.00000 0.852348
15952.00000 0.853805
15954.00000 0.8529
15956.00000 0.854735
15958.00000 0.85437
15960.00000 0.855917
15962.00000 0.856092
15964.00000 0.856133
15966.00000 0.855802
15968.00000 0.856618
15970.00000 0.856327
15972.00000 0.856279
15974.00000 0.856597
15976.00000 0.856344
15978.00000 0.858075
15980.00000 0.857362
15982.00000 0.857901
15984.00000 0.857535
15986.00000 0.857338
15988.00000 0.857928
15990.00000 0.85876
15992.00000 0.857651
15994.00000 0.857169
15996.00000 0.856265
15998.00000 0.858181
16000.00000 0.856463
16002.00000 0.857607
16004.00000 0.85569
16006.00000 0.855175
16008.00000 0.854277
16010.00000 0.854671
16012.00000 0.853312
16014.00000 0.851118
16016.00000 0.851459
16018.00000 0.849879
16020.00000 0.848932
16022.00000 0.848067
16024.00000 0.848522
16026.00000 0.846291
16028.00000 0.845826
16030.00000 0.843955
16032.00000 0.842018
16034.00000 0.841641
16036.00000 0.839936
16038.00000 0.838749
16040.00000 0.837019
16042.00000 0.835343
16044.00000 0.832554
16046.00000 0.830968
16048.00000 0.830277
16050.00000 0.826974
16052.00000 0.824561
16054.00000 0.824161
16056.00000 0.821186
16058.00000 0.819429
16060.00000 0.81864
16062.00000 0.815299
16064.00000 0.812521
16066.00000 0.811356
16068.00000 0.809162
16070.00000 0.807449
16072.00000 0.804626
16074.00000 0.802943
16076.00000 0.802198
16078.00000 0.799864
16080.00000 0.798111
16082.00000 0.796956
16084.00000 0.793231
16086.00000 0.791802
16088.00000 0.790069
16090.00000 0.787567
16092.00000 0.785302
16094.00000 0.7844
16096.00000 0.782008
16098.00000 0.781847
16100.00000 0.778494
16102.00000 0.777376
16104.00000 0.777148
16106.00000 0.774728
16108.00000 0.773113
16110.00000 0.772546
16112.00000 0.771036
16114.00000 0.769344
16116.00000 0.769272
16118.00000 0.767993
16120.00000 0.768329
16122.00000 0.767309
16124.00000 0.765195
16126.00000 0.764623
16128.00000 0.764059
16130.00000 0.764578
16132.00000 0.763252
16134.00000 0.763453
16136.00000 0.764026
16138.00000 0.764179
16140.00000 0.763208
16142.00000 0.764202
16144.00000 0.764478
16146.00000 0.764931
16148.00000 0.766396
16150.00000 0.766112
16152.00000 0.766521
16154.00000 0.768816
16156.00000 0.768672
16158.00000 0.769745
16160.00000 0.770685
16162.00000 0.772519
16164.00000 0.775779
16166.00000 0.776386
16168.00000 0.77802
16170.00000 0.778852
16172.00000 0.782013
16174.00000 0.785271
16176.00000 0.787665
16178.00000 0.789261
16180.00000 0.792324
16182.00000 0.794864
16184.00000 0.796417
16186.00000 0.800868
16188.00000 0.802444
16190.00000 0.806633
16192.00000 0.807905
16194.00000 0.810478
16196.00000 0.81367
16198.00000 0.818608
16200.00000 0.819281
16202.00000 0.824907
16204.00000 0.827626
16206.00000 0.828946
16208.00000 0.835138
16210.00000 0.835113
16212.00000 0.838991
16214.00000 0.843216
16216.00000 0.846357
16218.00000 0.848354
16220.00000 0.85068
16222.00000 0.851923
16224.00000 0.856694
16226.00000 0.857565
16228.00000 0.860108
16230.00000 0.862775
16232.00000 0.862372
16234.00000 0.86372
16236.00000 0.864283
16238.00000 0.865547
16240.00000 0.866437
16242.00000 0.86598
16244.00000 0.866171
16246.00000 0.86415
16248.00000 0.8624
16250.00000 0.859859
16252.00000 0.858492
16254.00000 0.855571
16256.00000 0.85183
16258.00000 0.849303
16260.00000 0.842428
16262.00000 0.838662
16264.00000 0.831952
16266.00000 0.827133
16268.00000 0.818774
16270.00000 0.812055
16272.00000 0.804235
16274.00000 0.798318
16276.00000 0.786241
16278.00000 0.777356
16280.00000 0.767798
16282.00000 0.756525
16284.00000 0.748503
16286.00000 0.734067
16288.00000 0.723203
16290.00000 0.710477
16292.00000 0.700179
16294.00000 0.686662
16296.00000 0.674603
16298.00000 0.660637
16300.00000 0.649063
16302.00000 0.633504
16304.00000 0.62042
16306.00000 0.604213
16308.00000 0.59047
16310.00000 0.577093
16312.00000 0.563394
16314.00000 0.549553
16316.00000 0.533953
16318.00000 0.525205
16320.00000 0.506093
16322.00000 0.496038
16324.00000 0.479691
16326.00000 0.469886
16328.00000 0.453669
16330.00000 0.442138
16332.00000 0.427267
16334.00000 0.415629
16336.00000 0.404329
16338.00000 0.390515
16340.00000 0.380157
16342.00000 0.366558
16344.00000 0.358438
16346.00000 0.344606
16348.00000 0.337296
16350.00000 0.324417
16352.00000 0.315372
16354.00000 0.303859
16356.00000 0.295953
16358.00000 0.285142
16360.00000 0.276229
16362.00000 0.267016
16364.00000 0.258006
16366.00000 0.25097
16368.00000 0.242016
16370.00000 0.23659
16372.00000 0.226618
16374.00000 0.220789
16376.00000 0.212095
16378.00000 0.205973
16380.00000 0.198579
16382.00000 0.192856
16384.00000 0.186274
16386.00000 0.180111
16388.00000 0.174121
16390.00000 0.167973
16392.00000 0.163399
16394.00000 0.15764
16396.00000 0.15279
16398.00000 0.14714
16400.00000 0.143906
16402.00000 0.137922
16404.00000 0.13447
16406.00000 0.130287
16408.00000 0.124416
16410.00000 0.120916
16412.00000 0.118124
16414.00000 0.114366
16416.00000 0.110221
16418.00000 0.106781
16420.00000 0.10354
16422.00000 0.101273
16424.00000 0.096539
16426.00000 0.094087
16428.00000 0.091238
16430.00000 0.088757
16432.00000 0.084222
16434.00000 0.083218
16436.00000 0.079535
16438.00000 0.077746
16440.00000 0.074466
16442.00000 0.072229
16444.00000 0.070261
16446.00000 0.068189
16448.00000 0.06614
16450.00000 0.064239
16452.00000 0.062267
16454.00000 0.060154
16456.00000 0.058138
16458.00000 0.056525
16460.00000 0.054424
16462.00000 0.051689
16464.00000 0.051771
16466.00000 0.049664
16468.00000 0.048036
16470.00000 0.045575
16472.00000 0.044381
16474.00000 0.043863
16476.00000 0.041346
16478.00000 0.041493
16480.00000 0.038759
16482.00000 0.037854
16483.00000 0.037032
16485.00000 0.036237
16488.00000 0.033948
16489.00000 0.034298
16491.00000 0.033082
16493.00000 0.03118
16495.00000 0.030901
16497.00000 0.030351
16499.00000 0.028998
16501.00000 0.027649
16503.00000 0.026662
16505.00000 0.02703
16507.00000 0.025478
16509.00000 0.025718
16511.00000 0.023042
16513.00000 0.022894
16515.00000 0.022288
16517.00000 0.022513
16519.00000 0.020695
16521.00000 0.019692
16523.00000 0.019027
16525.00000 0.019934
16527.00000 0.019786
16529.00000 0.017355
16531.00000 0.017349
16533.00000 0.017048
16535.00000 0.016669
16537.00000 0.01605
16539.00000 0.015222
16541.00000 0.015175
16543.00000 0.015433
16545.00000 0.013931
16547.00000 0.013213
16549.00000 0.014376
16551.00000 0.013042
16553.00000 0.012688
16555.00000 0.012275
16557.00000 0.012366
16559.00000 0.011124
16561.00000 0.0107
16563.00000 0.010533
16565.00000 0.009907
16567.00000 0.010225
16569.00000 0.010075
16571.00000 0.008419
16573.00000 0.008991
16575.00000 0.008814
16577.00000 0.008881
16579.00000 0.008596
16581.00000 0.007877
16583.00000 0.008272
16585.00000 0.007151
16587.00000 0.009184
16589.00000 0.007237
16591.00000 0.007254
16593.00000 0.007239
16595.00000 0.007474
16597.00000 0.007121
16599.00000 0.005731
16601.00000 0.006557
16603.00000 0.006562
16605.00000 0.005967
16607.00000 0.006074
16609.00000 0.005984
16611.00000 0.004999
16613.00000 0.005318
16615.00000 0.005441
16617.00000 0.005339
16619.00000 0.005359
16621.00000 0.004752
16623.00000 0.005133
16625.00000 0.00457
16627.00000 0.004969
16629.00000 0.005144
16631.00000 0.004326
18294.09961 0.0
