threeML/data/optical_filters/Paranal/HAWKI-J.ecsv
# %ECSV 0.9
# ---
# datatype:
# - {name: wavelength, unit: Angstrom, datatype: float32}
# - {name: response, datatype: float32}
# meta: !!omap
# - {band_name: J}
# - {group_name: HAWKI}
wavelength response
10393.20020 0.0
11548.00000 0.004621
11568.00000 0.006696
11588.00000 0.010186
11608.00000 0.016351
11628.00000 0.026577
11648.00000 0.043353
11668.00000 0.070081
11688.00000 0.106126
11708.00000 0.145287
11728.00000 0.18631
11748.00000 0.228539
11768.00000 0.280026
11788.00000 0.348784
11808.00000 0.438124
11828.00000 0.545488
11848.00000 0.660083
11868.00000 0.760599
11888.00000 0.82383
11908.00000 0.849901
11928.00000 0.856239
11948.00000 0.853973
11968.00000 0.853758
11988.00000 0.853958
12008.00000 0.857961
12028.00000 0.859049
12048.00000 0.859065
12068.00000 0.857812
12088.00000 0.854598
12108.00000 0.853703
12128.00000 0.852623
12148.00000 0.853872
12168.00000 0.856055
12188.00000 0.858607
12208.00000 0.862291
12228.00000 0.863022
12248.00000 0.865358
12268.00000 0.86548
12288.00000 0.865402
12308.00000 0.866461
12328.00000 0.866194
12348.00000 0.868303
12368.00000 0.869155
12388.00000 0.871349
12408.00000 0.873483
12428.00000 0.874854
12448.00000 0.877489
12468.00000 0.878191
12488.00000 0.880491
12507.00000 0.881644
12527.00000 0.882715
12547.00000 0.884421
12567.00000 0.884324
12587.00000 0.88594
12607.00000 0.884855
12627.00000 0.885018
12647.00000 0.884646
12667.00000 0.883445
12687.00000 0.884199
12707.00000 0.883589
12727.00000 0.884857
12747.00000 0.886152
12767.00000 0.887772
12787.00000 0.889586
12807.00000 0.89021
12827.00000 0.891896
12847.00000 0.891075
12867.00000 0.890905
12887.00000 0.890552
12907.00000 0.888575
12927.00000 0.888365
12947.00000 0.887603
12967.00000 0.88797
12987.00000 0.889696
13007.00000 0.891269
13027.00000 0.894192
13047.00000 0.896915
13067.00000 0.901091
13087.00000 0.903709
13107.00000 0.905891
13127.00000 0.907781
13147.00000 0.907624
13167.00000 0.907675
13187.00000 0.906567
13207.00000 0.905381
13227.00000 0.902544
13247.00000 0.894521
13267.00000 0.875101
13287.00000 0.830993
13307.00000 0.747881
13327.00000 0.627842
13347.00000 0.489092
13367.00000 0.356914
13387.00000 0.248533
13407.00000 0.169984
13427.00000 0.115609
13447.00000 0.080132
13467.00000 0.05643
13487.00000 0.040515
13506.00000 0.029863
13526.00000 0.022533
13546.00000 0.017259
13566.00000 0.013567
13586.00000 0.010704
13606.00000 0.008659
13626.00000 0.007053
13646.00000 0.005779
13666.00000 0.004737
15032.59961 0.0
