threeML/data/optical_filters/Paranal/HAWKI-Ks.ecsv
# %ECSV 0.9
# ---
# datatype:
# - {name: wavelength, unit: Angstrom, datatype: float32}
# - {name: response, datatype: float32}
# meta: !!omap
# - {band_name: Ks}
# - {group_name: HAWKI}
wavelength response
17319.59961 0.0
19244.00000 0.004092
19264.00000 0.004719
19284.00000 0.005363
19303.00000 0.005971
19323.00000 0.00665
19343.00000 0.0074
19363.00000 0.008185
19383.00000 0.009123
19403.00000 0.010084
19423.00000 0.011361
19443.00000 0.012872
19463.00000 0.014803
19482.00000 0.016989
19502.00000 0.019718
19522.00000 0.02317
19542.00000 0.027843
19562.00000 0.033511
19582.00000 0.040535
19602.00000 0.049724
19622.00000 0.061381
19641.00000 0.076299
19661.00000 0.09562
19681.00000 0.11992
19701.00000 0.151441
19721.00000 0.188898
19741.00000 0.233436
19761.00000 0.283781
19781.00000 0.335879
19800.00000 0.387428
19820.00000 0.43625
19840.00000 0.480822
19860.00000 0.515266
19880.00000 0.544181
19900.00000 0.567621
19920.00000 0.587735
19940.00000 0.605451
19960.00000 0.622213
19979.00000 0.639393
19999.00000 0.655671
20019.00000 0.672747
20039.00000 0.690064
20059.00000 0.705886
20079.00000 0.721667
20099.00000 0.7354
20119.00000 0.747657
20138.00000 0.757275
20158.00000 0.764611
20178.00000 0.770151
20198.00000 0.772692
20218.00000 0.774471
20238.00000 0.774904
20258.00000 0.773802
20278.00000 0.77277
20297.00000 0.771374
20317.00000 0.770816
20337.00000 0.76984
20357.00000 0.769821
20377.00000 0.770729
20397.00000 0.772116
20417.00000 0.774129
20437.00000 0.777027
20457.00000 0.779965
20476.00000 0.783401
20496.00000 0.786676
20516.00000 0.790208
20536.00000 0.793924
20556.00000 0.796736
20576.00000 0.799705
20596.00000 0.801859
20616.00000 0.803399
20635.00000 0.805139
20655.00000 0.805537
20675.00000 0.805883
20695.00000 0.806335
20715.00000 0.805885
20735.00000 0.805576
20755.00000 0.805038
20775.00000 0.804727
20794.00000 0.804133
20814.00000 0.803998
20834.00000 0.804295
20854.00000 0.804219
20874.00000 0.805041
20894.00000 0.805836
20914.00000 0.806782
20934.00000 0.808434
20954.00000 0.809909
20973.00000 0.811714
20993.00000 0.813773
21013.00000 0.815366
21033.00000 0.817463
21053.00000 0.81924
21073.00000 0.820868
21093.00000 0.822257
21113.00000 0.823537
21132.00000 0.824653
21152.00000 0.825138
21172.00000 0.825841
21192.00000 0.826139
21212.00000 0.825767
21232.00000 0.82567
21252.00000 0.825048
21272.00000 0.824093
21291.00000 0.823366
21311.00000 0.822455
21331.00000 0.82166
21351.00000 0.820357
21371.00000 0.819444
21391.00000 0.818331
21411.00000 0.817576
21431.00000 0.816831
21451.00000 0.816213
21470.00000 0.815788
21490.00000 0.815617
21510.00000 0.815571
21530.00000 0.816045
21550.00000 0.816148
21570.00000 0.816919
21590.00000 0.817598
21610.00000 0.81823
21629.00000 0.819752
21649.00000 0.820894
21669.00000 0.822492
21689.00000 0.823297
21709.00000 0.82511
21729.00000 0.82664
21749.00000 0.827869
21769.00000 0.829224
21788.00000 0.830143
21808.00000 0.831485
21828.00000 0.83208
21848.00000 0.832791
21868.00000 0.833866
21888.00000 0.834211
21908.00000 0.834641
21928.00000 0.835547
21948.00000 0.835783
21967.00000 0.83697
21987.00000 0.836947
22007.00000 0.838148
22027.00000 0.838697
22047.00000 0.839203
22067.00000 0.839969
22087.00000 0.840589
22107.00000 0.84115
22126.00000 0.841549
22146.00000 0.841638
22166.00000 0.842445
22186.00000 0.842636
22206.00000 0.843223
22226.00000 0.843759
22246.00000 0.843869
22266.00000 0.844823
22285.00000 0.844729
22305.00000 0.845598
22325.00000 0.846154
22345.00000 0.846594
22365.00000 0.847138
22385.00000 0.847915
22405.00000 0.848186
22425.00000 0.848552
22445.00000 0.848987
22464.00000 0.849377
22484.00000 0.849617
22504.00000 0.849636
22524.00000 0.849992
22544.00000 0.849781
22564.00000 0.849623
22584.00000 0.84922
22604.00000 0.849069
22623.00000 0.848822
22643.00000 0.847899
22663.00000 0.847239
22683.00000 0.846086
22703.00000 0.844456
22723.00000 0.842642
22743.00000 0.840222
22763.00000 0.836502
22782.00000 0.83216
22802.00000 0.824891
22822.00000 0.816848
22842.00000 0.805276
22862.00000 0.790971
22882.00000 0.772614
22902.00000 0.750201
22922.00000 0.723509
22942.00000 0.692577
22961.00000 0.655112
22981.00000 0.61386
23001.00000 0.570899
23021.00000 0.526108
23041.00000 0.479929
23061.00000 0.434709
23081.00000 0.389649
23101.00000 0.3466
23120.00000 0.305818
23140.00000 0.269378
23160.00000 0.236474
23180.00000 0.206357
23200.00000 0.180523
23220.00000 0.157756
23240.00000 0.138264
23260.00000 0.121272
23279.00000 0.105898
23299.00000 0.092828
23319.00000 0.081272
23339.00000 0.071141
23359.00000 0.062715
23379.00000 0.054966
23399.00000 0.048328
23419.00000 0.042917
23439.00000 0.038122
23458.00000 0.033789
23478.00000 0.030085
23498.00000 0.026816
23518.00000 0.024026
23538.00000 0.021635
23558.00000 0.019397
23578.00000 0.017481
23598.00000 0.015782
23617.00000 0.014202
23637.00000 0.01293
23657.00000 0.011737
23677.00000 0.010634
23697.00000 0.009654
23717.00000 0.008782
23737.00000 0.008009
23757.00000 0.007305
23776.00000 0.00674
23796.00000 0.006113
23816.00000 0.005585
23836.00000 0.00516
23856.00000 0.004714
23876.00000 0.004274
26263.59961 0.0
