threeML/data/optical_filters/Paranal/HAWKI-H.ecsv
# %ECSV 0.9
# ---
# datatype:
# - {name: wavelength, unit: Angstrom, datatype: float32}
# - {name: response, datatype: float32}
# meta: !!omap
# - {band_name: H}
# - {group_name: HAWKI}
wavelength response
12940.20020 0.0
14378.00000 0.004994
14398.00000 0.00664
14418.00000 0.008514
14438.00000 0.010554
14458.00000 0.012593
14478.00000 0.014697
14498.00000 0.016686
14518.00000 0.019144
14538.00000 0.022437
14558.00000 0.026732
14578.00000 0.032751
14598.00000 0.041536
14618.00000 0.054456
14638.00000 0.074068
14658.00000 0.104524
14678.00000 0.150133
14698.00000 0.220954
14718.00000 0.323059
14738.00000 0.46199
14758.00000 0.621894
14778.00000 0.751326
14798.00000 0.824902
14818.00000 0.845005
14838.00000 0.842003
14858.00000 0.834871
14878.00000 0.834423
14898.00000 0.844546
14918.00000 0.861081
14938.00000 0.881592
14958.00000 0.902703
14978.00000 0.919243
14997.00000 0.931876
15017.00000 0.940316
15037.00000 0.943021
15057.00000 0.944249
15077.00000 0.944128
15097.00000 0.943154
15117.00000 0.944593
15137.00000 0.946183
15157.00000 0.948625
15177.00000 0.952316
15197.00000 0.955746
15217.00000 0.959126
15237.00000 0.962587
15257.00000 0.96383
15277.00000 0.965099
15297.00000 0.965801
15317.00000 0.964395
15337.00000 0.964085
15357.00000 0.961942
15377.00000 0.96
15397.00000 0.959276
15417.00000 0.957333
15437.00000 0.956268
15457.00000 0.956353
15477.00000 0.95546
15497.00000 0.95654
15517.00000 0.957712
15537.00000 0.958374
15557.00000 0.960769
15577.00000 0.961994
15597.00000 0.963214
15617.00000 0.965203
15637.00000 0.966082
15656.00000 0.966764
15676.00000 0.968081
15696.00000 0.967474
15716.00000 0.967154
15736.00000 0.967107
15756.00000 0.966346
15776.00000 0.966074
15796.00000 0.965008
15816.00000 0.963678
15836.00000 0.963472
15856.00000 0.961824
15876.00000 0.960194
15896.00000 0.959843
15916.00000 0.957956
15936.00000 0.957013
15956.00000 0.956304
15976.00000 0.95479
15996.00000 0.954297
16016.00000 0.954133
16036.00000 0.953268
16056.00000 0.95452
16076.00000 0.953975
16096.00000 0.954777
16116.00000 0.95597
16136.00000 0.956074
16156.00000 0.957099
16176.00000 0.958312
16196.00000 0.958374
16216.00000 0.959823
16236.00000 0.960852
16256.00000 0.9611
16276.00000 0.962814
16296.00000 0.96338
16315.00000 0.964168
16335.00000 0.966634
16355.00000 0.966338
16375.00000 0.96887
16395.00000 0.969977
16415.00000 0.970651
16435.00000 0.97212
16455.00000 0.972628
16475.00000 0.972787
16495.00000 0.974081
16515.00000 0.972854
16535.00000 0.972736
16555.00000 0.973275
16575.00000 0.972301
16595.00000 0.97242
16615.00000 0.973083
16635.00000 0.972758
16655.00000 0.974728
16675.00000 0.975217
16695.00000 0.975398
16715.00000 0.978211
16735.00000 0.978322
16755.00000 0.978675
16775.00000 0.979219
16795.00000 0.978557
16815.00000 0.977723
16835.00000 0.976788
16855.00000 0.975428
16875.00000 0.973713
16895.00000 0.971836
16915.00000 0.970356
16935.00000 0.970214
16955.00000 0.969617
16975.00000 0.969272
16994.00000 0.971117
17014.00000 0.970929
17034.00000 0.971987
17054.00000 0.971615
17074.00000 0.973748
17094.00000 0.971844
17114.00000 0.970978
17134.00000 0.967534
17154.00000 0.966338
17174.00000 0.963961
17194.00000 0.960441
17214.00000 0.960105
17234.00000 0.958228
17254.00000 0.9589
17274.00000 0.960583
17294.00000 0.962274
17314.00000 0.965334
17334.00000 0.967427
17354.00000 0.969701
17374.00000 0.970847
17394.00000 0.969017
17414.00000 0.962944
17434.00000 0.954504
17454.00000 0.939966
17474.00000 0.921408
17494.00000 0.898307
17514.00000 0.868642
17534.00000 0.83288
17554.00000 0.790588
17574.00000 0.737578
17594.00000 0.675419
17614.00000 0.603859
17634.00000 0.525071
17653.00000 0.445657
17673.00000 0.370385
17693.00000 0.301455
17713.00000 0.242252
17733.00000 0.193777
17753.00000 0.154336
17773.00000 0.123751
17793.00000 0.099358
17813.00000 0.080568
17833.00000 0.066145
17853.00000 0.054916
17873.00000 0.045957
17893.00000 0.03878
17913.00000 0.032634
17933.00000 0.028219
17953.00000 0.024335
17973.00000 0.02112
17993.00000 0.018337
18013.00000 0.015988
18033.00000 0.013782
18053.00000 0.011891
18073.00000 0.010115
18093.00000 0.008542
18113.00000 0.007161
18133.00000 0.005828
18153.00000 0.004847
19968.30078 0.0
