threeML/data/optical_filters/Paranal/HAWKI-H2.ecsv
# %ECSV 0.9
# ---
# datatype:
# - {name: wavelength, unit: Angstrom, datatype: float32}
# - {name: response, datatype: float32}
# meta: !!omap
# - {band_name: H2}
# - {group_name: HAWKI}
wavelength response
18846.90039 0.0
20941.00000 0.004093
20943.00000 0.004338
20945.00000 0.004582
20947.00000 0.004819
20949.00000 0.005009
20951.00000 0.00531
20953.00000 0.005545
20955.00000 0.005813
20957.00000 0.006138
20959.00000 0.006454
20961.00000 0.006756
20963.00000 0.007129
20965.00000 0.007535
20967.00000 0.007889
20969.00000 0.008332
20971.00000 0.008765
20973.00000 0.009279
20975.00000 0.00983
20977.00000 0.010253
20979.00000 0.010854
20981.00000 0.011409
20983.00000 0.012059
20985.00000 0.012678
20987.00000 0.013391
20989.00000 0.014201
20991.00000 0.015047
20993.00000 0.015849
20995.00000 0.016808
20997.00000 0.017822
20999.00000 0.018763
21001.00000 0.019953
21003.00000 0.021039
21005.00000 0.022338
21007.00000 0.023851
21009.00000 0.025199
21011.00000 0.026642
21013.00000 0.028186
21015.00000 0.029992
21017.00000 0.031774
21019.00000 0.033803
21021.00000 0.035817
21023.00000 0.038221
21025.00000 0.040622
21027.00000 0.043253
21029.00000 0.046001
21031.00000 0.04875
21033.00000 0.051954
21035.00000 0.055183
21037.00000 0.058712
21039.00000 0.062253
21041.00000 0.06641
21043.00000 0.070665
21045.00000 0.07517
21047.00000 0.079681
21049.00000 0.085207
21051.00000 0.090324
21053.00000 0.096384
21055.00000 0.102091
21057.00000 0.108933
21059.00000 0.115591
21061.00000 0.123054
21063.00000 0.130425
21065.00000 0.138363
21067.00000 0.146915
21069.00000 0.155312
21071.00000 0.164916
21073.00000 0.173669
21075.00000 0.185422
21077.00000 0.195507
21079.00000 0.207821
21081.00000 0.218714
21083.00000 0.231166
21085.00000 0.243639
21087.00000 0.256519
21089.00000 0.269472
21091.00000 0.282929
21093.00000 0.297515
21095.00000 0.311739
21097.00000 0.327548
21099.00000 0.340142
21101.00000 0.357728
21102.00000 0.371663
21104.00000 0.389507
21106.00000 0.403306
21108.00000 0.42141
21110.00000 0.437609
21112.00000 0.453436
21114.00000 0.469511
21116.00000 0.484647
21118.00000 0.500991
21120.00000 0.515091
21122.00000 0.531638
21124.00000 0.543909
21126.00000 0.561524
21128.00000 0.574081
21130.00000 0.589648
21132.00000 0.60158
21134.00000 0.615634
21136.00000 0.627426
21138.00000 0.640858
21140.00000 0.651186
21142.00000 0.661295
21144.00000 0.672759
21146.00000 0.681435
21148.00000 0.690903
21150.00000 0.697511
21152.00000 0.706531
21154.00000 0.713536
21156.00000 0.721995
21158.00000 0.726347
21160.00000 0.732779
21162.00000 0.73786
21164.00000 0.744505
21166.00000 0.751056
21168.00000 0.753183
21170.00000 0.755546
21172.00000 0.759003
21174.00000 0.761674
21176.00000 0.764522
21178.00000 0.767746
21180.00000 0.770414
21182.00000 0.772969
21184.00000 0.773878
21186.00000 0.7758
21188.00000 0.77707
21190.00000 0.778218
21192.00000 0.779365
21194.00000 0.779814
21196.00000 0.779442
21198.00000 0.779467
21200.00000 0.782017
21202.00000 0.786373
21204.00000 0.788308
21206.00000 0.783762
21208.00000 0.777267
21210.00000 0.776797
21212.00000 0.781602
21214.00000 0.783101
21216.00000 0.783203
21218.00000 0.783359
21220.00000 0.783467
21222.00000 0.783272
21224.00000 0.783179
21226.00000 0.783562
21228.00000 0.783591
21230.00000 0.783127
21232.00000 0.78333
21234.00000 0.783281
21236.00000 0.78261
21238.00000 0.782452
21240.00000 0.782229
21242.00000 0.781157
21244.00000 0.78128
21246.00000 0.780934
21248.00000 0.780499
21250.00000 0.780616
21252.00000 0.780076
21254.00000 0.779297
21256.00000 0.778478
21258.00000 0.777953
21260.00000 0.777289
21262.00000 0.776864
21264.00000 0.776098
21266.00000 0.776182
21268.00000 0.774938
21270.00000 0.774367
21272.00000 0.774299
21274.00000 0.773812
21276.00000 0.772693
21278.00000 0.772404
21280.00000 0.77203
21282.00000 0.771228
21284.00000 0.770987
21286.00000 0.769422
21288.00000 0.770864
21290.00000 0.77113
21292.00000 0.770245
21294.00000 0.769316
21296.00000 0.76876
21298.00000 0.768788
21300.00000 0.768534
21302.00000 0.767782
21304.00000 0.769261
21306.00000 0.769356
21308.00000 0.769466
21310.00000 0.769586
21312.00000 0.769955
21314.00000 0.770325
21316.00000 0.770851
21318.00000 0.771009
21320.00000 0.771282
21322.00000 0.771283
21324.00000 0.771385
21326.00000 0.771057
21328.00000 0.770827
21330.00000 0.770734
21332.00000 0.770238
21334.00000 0.768576
21336.00000 0.767222
21338.00000 0.765691
21340.00000 0.763579
21342.00000 0.760515
21344.00000 0.757458
21346.00000 0.752541
21348.00000 0.748514
21350.00000 0.742979
21352.00000 0.736942
21354.00000 0.729785
21356.00000 0.722674
21358.00000 0.713827
21360.00000 0.704301
21362.00000 0.694112
21364.00000 0.682629
21366.00000 0.671403
21368.00000 0.655604
21370.00000 0.642006
21372.00000 0.625685
21374.00000 0.612867
21376.00000 0.594269
21378.00000 0.577839
21380.00000 0.558069
21382.00000 0.541378
21384.00000 0.52076
21386.00000 0.500461
21388.00000 0.481772
21390.00000 0.462183
21392.00000 0.444231
21394.00000 0.420869
21396.00000 0.403239
21398.00000 0.38147
21400.00000 0.364011
21402.00000 0.342362
21404.00000 0.325474
21406.00000 0.305864
21408.00000 0.28966
21410.00000 0.271803
21412.00000 0.25511
21414.00000 0.239718
21416.00000 0.224566
21418.00000 0.211431
21420.00000 0.196351
21422.00000 0.184735
21424.00000 0.171322
21426.00000 0.161707
21428.00000 0.149202
21430.00000 0.140773
21432.00000 0.130095
21434.00000 0.122008
21436.00000 0.112683
21437.00000 0.105305
21439.00000 0.097848
21441.00000 0.091254
21443.00000 0.085657
21445.00000 0.079587
21447.00000 0.075066
21449.00000 0.069331
21451.00000 0.065423
21453.00000 0.060241
21455.00000 0.056777
21457.00000 0.052685
21459.00000 0.049588
21461.00000 0.046021
21463.00000 0.043124
21465.00000 0.040493
21467.00000 0.037853
21469.00000 0.035746
21471.00000 0.033298
21473.00000 0.031521
21475.00000 0.029323
21477.00000 0.027914
21479.00000 0.026
21481.00000 0.024619
21483.00000 0.023083
21485.00000 0.021855
21487.00000 0.020577
21489.00000 0.019403
21491.00000 0.018263
21493.00000 0.017316
21495.00000 0.016384
21497.00000 0.015493
21499.00000 0.014706
21501.00000 0.013953
21503.00000 0.013283
21505.00000 0.01245
21507.00000 0.011851
21509.00000 0.011212
21511.00000 0.010709
21513.00000 0.010093
21515.00000 0.009693
21517.00000 0.009191
21519.00000 0.008754
21521.00000 0.008358
21523.00000 0.007902
21525.00000 0.007641
21527.00000 0.007273
21529.00000 0.006936
21531.00000 0.006592
21533.00000 0.006303
21535.00000 0.006044
23688.50000 0.0
