threeML/data/optical_filters/Paranal/ISAAC-NB328.ecsv
# %ECSV 0.9
# ---
# datatype:
# - {name: wavelength, unit: Angstrom, datatype: float32}
# - {name: response, datatype: float32}
# meta: !!omap
# - {band_name: NB328}
# - {group_name: ISAAC}
wavelength response
28626.30078 0.0
31807.00000 0.004
31817.00000 0.0042
31827.00000 0.0045
31837.00000 0.0047
31847.00000 0.0049
31857.00000 0.005
31867.00000 0.0052
31878.00000 0.0055
31888.00000 0.0059
31898.00000 0.0062
31908.00000 0.0066
31918.00000 0.007
31928.00000 0.0074
31939.00000 0.0078
31949.00000 0.0082
31959.00000 0.0087
31969.00000 0.0092
31980.00000 0.0097
31990.00000 0.0102
32000.00000 0.0108
32010.00000 0.0114
32020.00000 0.0121
32031.00000 0.0128
32041.00000 0.0136
32051.00000 0.0145
32062.00000 0.0154
32072.00000 0.0165
32082.00000 0.0176
32092.00000 0.0188
32103.00000 0.0201
32113.00000 0.0215
32123.00000 0.023
32134.00000 0.0246
32144.00000 0.0264
32154.00000 0.0283
32165.00000 0.0305
32175.00000 0.0328
32185.00000 0.0353
32196.00000 0.0381
32206.00000 0.041
32216.00000 0.0443
32227.00000 0.0479
32237.00000 0.0518
32248.00000 0.0561
32258.00000 0.0609
32268.00000 0.0661
32279.00000 0.0718
32289.00000 0.078
32300.00000 0.0849
32310.00000 0.0926
32321.00000 0.1011
32331.00000 0.1105
32342.00000 0.1208
32352.00000 0.1319
32362.00000 0.1441
32373.00000 0.1576
32383.00000 0.1724
32394.00000 0.1888
32404.00000 0.2063
32415.00000 0.2254
32425.00000 0.2459
32436.00000 0.2682
32446.00000 0.2921
32457.00000 0.3177
32468.00000 0.3446
32478.00000 0.3728
32489.00000 0.4022
32499.00000 0.4326
32510.00000 0.4634
32520.00000 0.494
32531.00000 0.5244
32541.00000 0.5544
32552.00000 0.5836
32563.00000 0.6115
32573.00000 0.6374
32584.00000 0.6611
32595.00000 0.6828
32605.00000 0.7027
32616.00000 0.7207
32626.00000 0.7367
32637.00000 0.7502
32648.00000 0.7618
32658.00000 0.7721
32669.00000 0.7812
32680.00000 0.7889
32690.00000 0.7953
32701.00000 0.8005
32712.00000 0.8054
32723.00000 0.8102
32733.00000 0.8149
32744.00000 0.8189
32755.00000 0.8223
32765.00000 0.825
32776.00000 0.8277
32787.00000 0.8301
32798.00000 0.8315
32808.00000 0.8315
32819.00000 0.8301
32830.00000 0.8274
32841.00000 0.8231
32852.00000 0.8169
32862.00000 0.8076
32873.00000 0.7952
32884.00000 0.78
32895.00000 0.7622
32906.00000 0.7414
32916.00000 0.7176
32927.00000 0.6904
32938.00000 0.6608
32949.00000 0.6294
32960.00000 0.5968
32971.00000 0.5628
32982.00000 0.528
32992.00000 0.493
33003.00000 0.4586
33014.00000 0.4257
33025.00000 0.3942
33036.00000 0.364
33047.00000 0.335
33058.00000 0.3077
33069.00000 0.2822
33080.00000 0.2588
33091.00000 0.2372
33102.00000 0.2172
33113.00000 0.1987
33124.00000 0.182
33135.00000 0.1667
33146.00000 0.1529
33156.00000 0.1401
33167.00000 0.1283
33179.00000 0.1177
33190.00000 0.1081
33201.00000 0.0995
33212.00000 0.0916
33223.00000 0.0844
33234.00000 0.0779
33245.00000 0.072
33256.00000 0.0666
33267.00000 0.0618
33278.00000 0.0573
33289.00000 0.0531
33300.00000 0.0493
33311.00000 0.0459
33322.00000 0.0427
33333.00000 0.0398
33344.00000 0.0371
33356.00000 0.0346
33367.00000 0.0323
33378.00000 0.0302
33389.00000 0.0283
33400.00000 0.0266
33411.00000 0.025
33422.00000 0.0235
33434.00000 0.0221
33445.00000 0.0209
33456.00000 0.0197
33467.00000 0.0185
33478.00000 0.0175
33490.00000 0.0165
33501.00000 0.0156
33512.00000 0.0148
33523.00000 0.014
33535.00000 0.0133
33546.00000 0.0126
33557.00000 0.0119
33568.00000 0.0113
33580.00000 0.0107
33591.00000 0.0101
33602.00000 0.0096
33613.00000 0.0091
33625.00000 0.0087
33636.00000 0.0083
33647.00000 0.0079
33659.00000 0.0076
33670.00000 0.0072
33681.00000 0.0069
33693.00000 0.0066
33704.00000 0.0063
33715.00000 0.006
33727.00000 0.0057
33738.00000 0.0054
33750.00000 0.0052
33761.00000 0.005
33772.00000 0.0048
33784.00000 0.0046
33795.00000 0.0044
33807.00000 0.0042
33818.00000 0.004
37199.80078 0.0
