threeML/data/optical_filters/Paranal/ISAAC-H.ecsv
# %ECSV 0.9
# ---
# datatype:
# - {name: wavelength, unit: Angstrom, datatype: float32}
# - {name: response, datatype: float32}
# meta: !!omap
# - {band_name: H}
# - {group_name: ISAAC}
wavelength response
[from data line 847]
16700.00000 0.8049
16703.00000 0.8072
16706.00000 0.8088
16708.00000 0.8091
16711.00000 0.8089
16714.00000 0.8087
16717.00000 0.8091
16720.00000 0.8098
16722.00000 0.81
16725.00000 0.8096
16728.00000 0.809
16731.00000 0.8081
16734.00000 0.8067
16736.00000 0.8049
16739.00000 0.803
16742.00000 0.802
16745.00000 0.8025
16748.00000 0.8039
16750.00000 0.8049
16753.00000 0.8048
16756.00000 0.8035
16759.00000 0.8019
16762.00000 0.8008
16764.00000 0.8001
16767.00000 0.7994
16770.00000 0.7989
16773.00000 0.7989
16776.00000 0.8
16779.00000 0.8024
16781.00000 0.8053
16784.00000 0.8081
16787.00000 0.8102
16790.00000 0.8116
16793.00000 0.8122
16795.00000 0.8122
16798.00000 0.8116
16801.00000 0.8105
16804.00000 0.8096
16807.00000 0.8089
16810.00000 0.8084
16812.00000 0.8083
16815.00000 0.8088
16818.00000 0.8103
16821.00000 0.8127
16824.00000 0.8149
16827.00000 0.8158
16829.00000 0.8152
16832.00000 0.8134
16835.00000 0.8117
16838.00000 0.8111
16841.00000 0.8115
16844.00000 0.8124
16846.00000 0.8138
16849.00000 0.8154
16852.00000 0.8171
16855.00000 0.8185
16858.00000 0.8194
16861.00000 0.82
16863.00000 0.8213
16866.00000 0.8231
16869.00000 0.8248
16872.00000 0.8253
16875.00000 0.8236
16878.00000 0.8203
16880.00000 0.817
16883.00000 0.8146
16886.00000 0.8132
16889.00000 0.8126
16892.00000 0.8121
16895.00000 0.8121
16898.00000 0.8131
16900.00000 0.8148
16903.00000 0.8167
16906.00000 0.8178
16909.00000 0.8176
16912.00000 0.8164
16915.00000 0.8147
16918.00000 0.8129
16920.00000 0.8113
16923.00000 0.8104
16926.00000 0.8106
16929.00000 0.812
16932.00000 0.8142
16935.00000 0.8162
16938.00000 0.8174
16941.00000 0.8179
16943.00000 0.818
16946.00000 0.818
16949.00000 0.8183
16952.00000 0.8192
16955.00000 0.8205
16958.00000 0.8223
16961.00000 0.8235
16964.00000 0.823
16966.00000 0.821
16969.00000 0.8181
16972.00000 0.8159
16975.00000 0.8155
16978.00000 0.8164
16981.00000 0.8174
16984.00000 0.8179
16987.00000 0.8178
16989.00000 0.8176
16992.00000 0.8177
16995.00000 0.8171
16998.00000 0.8154
17001.00000 0.8133
17004.00000 0.8118
17007.00000 0.8117
17010.00000 0.8131
17013.00000 0.8146
17015.00000 0.8154
17018.00000 0.8155
17021.00000 0.815
17024.00000 0.8141
17027.00000 0.8128
17030.00000 0.8103
17033.00000 0.8075
17036.00000 0.8054
17039.00000 0.8045
17042.00000 0.8045
17044.00000 0.8044
17047.00000 0.8036
17050.00000 0.8022
17053.00000 0.8014
17056.00000 0.8015
17059.00000 0.8026
17062.00000 0.8044
17065.00000 0.8064
17068.00000 0.8085
17071.00000 0.8104
17074.00000 0.8114
17077.00000 0.811
17079.00000 0.8097
17082.00000 0.8085
17085.00000 0.8082
17088.00000 0.809
17091.00000 0.8098
17094.00000 0.8099
17097.00000 0.8094
17100.00000 0.8083
17103.00000 0.8069
17106.00000 0.8055
17109.00000 0.8044
17112.00000 0.8041
17114.00000 0.8052
17117.00000 0.8071
17120.00000 0.8087
17123.00000 0.8092
17126.00000 0.8082
17129.00000 0.8066
17132.00000 0.8055
17135.00000 0.8047
17138.00000 0.8034
17141.00000 0.8017
17144.00000 0.8
17147.00000 0.7997
17150.00000 0.8012
17153.00000 0.803
17156.00000 0.8038
17159.00000 0.803
17161.00000 0.801
17164.00000 0.7996
17167.00000 0.7999
17170.00000 0.8011
17173.00000 0.8026
17176.00000 0.8037
17179.00000 0.8042
17182.00000 0.8044
17185.00000 0.8045
17188.00000 0.8042
17191.00000 0.804
17194.00000 0.8044
17197.00000 0.8054
17200.00000 0.8063
17203.00000 0.8066
17206.00000 0.8057
17209.00000 0.8047
17212.00000 0.8047
17215.00000 0.8051
17218.00000 0.8054
17221.00000 0.8045
17224.00000 0.8023
17227.00000 0.7998
17229.00000 0.7983
17232.00000 0.7975
17235.00000 0.7971
17238.00000 0.7967
17241.00000 0.7964
17244.00000 0.7968
17247.00000 0.7979
17250.00000 0.7985
17253.00000 0.7984
17256.00000 0.7981
17259.00000 0.7981
17262.00000 0.7993
17265.00000 0.8008
17268.00000 0.8011
17271.00000 0.7998
17274.00000 0.7975
17277.00000 0.795
17280.00000 0.7936
17283.00000 0.7933
17286.00000 0.7937
17289.00000 0.7953
17292.00000 0.798
17295.00000 0.8006
17298.00000 0.802
17301.00000 0.8012
17304.00000 0.7981
17307.00000 0.7949
17310.00000 0.7933
17313.00000 0.7934
17316.00000 0.7944
17319.00000 0.7951
17322.00000 0.7947
17325.00000 0.7942
17328.00000 0.7941
17331.00000 0.7939
17334.00000 0.7933
17337.00000 0.7923
17340.00000 0.7914
17343.00000 0.7914
17346.00000 0.792
17349.00000 0.7919
17352.00000 0.7904
17355.00000 0.7878
17358.00000 0.7847
17361.00000 0.7825
17364.00000 0.781
17367.00000 0.7799
17370.00000 0.7791
17373.00000 0.7787
17376.00000 0.7787
17379.00000 0.7789
17382.00000 0.7788
17385.00000 0.7777
17388.00000 0.7767
17391.00000 0.7762
17394.00000 0.7763
17397.00000 0.7767
17400.00000 0.7765
17403.00000 0.7755
17406.00000 0.7745
17409.00000 0.7741
17413.00000 0.7741
17416.00000 0.774
17419.00000 0.773
17422.00000 0.771
17425.00000 0.7689
17428.00000 0.7672
17431.00000 0.7661
17434.00000 0.7653
17437.00000 0.7647
17440.00000 0.7645
17443.00000 0.7651
17446.00000 0.7664
17449.00000 0.7681
17452.00000 0.7694
17455.00000 0.7697
17458.00000 0.7687
17461.00000 0.7666
17464.00000 0.764
17467.00000 0.7616
17470.00000 0.7598
17473.00000 0.7591
17476.00000 0.7591
17479.00000 0.7596
17483.00000 0.7613
17486.00000 0.7639
17489.00000 0.767
17492.00000 0.7695
17495.00000 0.7701
17498.00000 0.7687
17501.00000 0.7665
17504.00000 0.7645
17507.00000 0.7635
17510.00000 0.7633
17513.00000 0.7631
17516.00000 0.7628
17519.00000 0.763
17522.00000 0.7637
17525.00000 0.7648
17528.00000 0.7656
17532.00000 0.7654
17535.00000 0.7648
17538.00000 0.7645
17541.00000 0.7644
17544.00000 0.7641
17547.00000 0.7631
17550.00000 0.7614
17553.00000 0.7603
17556.00000 0.7604
17559.00000 0.7609
17562.00000 0.7612
17565.00000 0.7608
17569.00000 0.7605
17572.00000 0.7618
17575.00000 0.7654
17578.00000 0.7697
17581.00000 0.7732
17584.00000 0.7747
17587.00000 0.774
17590.00000 0.7721
17593.00000 0.7699
17596.00000 0.7675
17599.00000 0.7656
17603.00000 0.7648
17606.00000 0.7651
17609.00000 0.7662
17612.00000 0.7669
17615.00000 0.7663
17618.00000 0.7651
17621.00000 0.7649
17624.00000 0.7658
17627.00000 0.7675
17630.00000 0.7684
17634.00000 0.7674
17637.00000 0.7659
17640.00000 0.7655
17643.00000 0.7667
17646.00000 0.7689
17649.00000 0.7704
17652.00000 0.7698
17655.00000 0.7678
17658.00000 0.7649
17662.00000 0.762
17665.00000 0.7595
17668.00000 0.7576
17671.00000 0.7566
17674.00000 0.7568
17677.00000 0.7574
17680.00000 0.7571
17683.00000 0.7556
17687.00000 0.7535
17690.00000 0.7519
17693.00000 0.752
17696.00000 0.753
17699.00000 0.7535
17702.00000 0.7532
17705.00000 0.7524
17709.00000 0.7522
17712.00000 0.7531
17715.00000 0.7537
17718.00000 0.7528
17721.00000 0.7504
17724.00000 0.7472
17727.00000 0.7445
17730.00000 0.7431
17734.00000 0.7422
17737.00000 0.7412
17740.00000 0.7401
17743.00000 0.739
17746.00000 0.738
17749.00000 0.7372
17753.00000 0.7361
17756.00000 0.7348
17759.00000 0.7341
17762.00000 0.7338
17765.00000 0.7335
17768.00000 0.7326
17771.00000 0.7308
17775.00000 0.7286
17778.00000 0.7272
17781.00000 0.7267
17784.00000 0.727
17787.00000 0.7276
17790.00000 0.7279
17794.00000 0.7279
17797.00000 0.7277
17800.00000 0.7268
17803.00000 0.7254
17806.00000 0.7241
17809.00000 0.7236
17813.00000 0.7242
17816.00000 0.7256
17819.00000 0.7267
17822.00000 0.7267
17825.00000 0.7256
17828.00000 0.7239
17832.00000 0.7222
17835.00000 0.7208
17838.00000 0.7196
17841.00000 0.7185
17844.00000 0.7174
17848.00000 0.7162
17851.00000 0.7148
17854.00000 0.7133
17857.00000 0.7118
17860.00000 0.7107
17864.00000 0.7102
17867.00000 0.7099
17870.00000 0.7094
17873.00000 0.7087
17876.00000 0.7076
17879.00000 0.7061
17883.00000 0.7042
17886.00000 0.7018
17889.00000 0.699
17892.00000 0.6969
17895.00000 0.6957
17899.00000 0.6951
17902.00000 0.6942
17905.00000 0.6919
17908.00000 0.6881
17912.00000 0.6838
17915.00000 0.6795
17918.00000 0.6755
17921.00000 0.6714
17924.00000 0.6665
17928.00000 0.6606
17931.00000 0.6542
17934.00000 0.6474
17937.00000 0.6402
17940.00000 0.633
17944.00000 0.6259
17947.00000 0.6193
17950.00000 0.6131
17953.00000 0.6066
17957.00000 0.5987
17960.00000 0.5892
17963.00000 0.5784
17966.00000 0.5674
17969.00000 0.5572
17973.00000 0.5476
17976.00000 0.5378
17979.00000 0.5276
17982.00000 0.5166
17986.00000 0.5054
17989.00000 0.4945
17992.00000 0.4837
17995.00000 0.4728
17999.00000 0.4611
18002.00000 0.4486
18005.00000 0.4356
18008.00000 0.423
18012.00000 0.4115
18015.00000 0.4014
18018.00000 0.3922
18021.00000 0.3833
18025.00000 0.3739
18028.00000 0.3635
18031.00000 0.3523
18034.00000 0.3406
18038.00000 0.3288
18041.00000 0.3174
18044.00000 0.3066
18047.00000 0.2966
18051.00000 0.2872
18054.00000 0.2781
18057.00000 0.2689
18060.00000 0.2598
18064.00000 0.2508
18067.00000 0.2421
18070.00000 0.2339
18073.00000 0.2258
18077.00000 0.218
18080.00000 0.2106
18083.00000 0.2038
18086.00000 0.1974
18090.00000 0.191
18093.00000 0.184
18096.00000 0.1768
18100.00000 0.1699
18103.00000 0.164
18106.00000 0.1591
18109.00000 0.155
18113.00000 0.1509
18116.00000 0.1464
18119.00000 0.1415
18123.00000 0.1362
18126.00000 0.1306
18129.00000 0.1251
18132.00000 0.1202
18136.00000 0.1166
18139.00000 0.1143
18142.00000 0.1126
18146.00000 0.1104
18149.00000 0.1073
18152.00000 0.1032
18155.00000 0.099
18159.00000 0.0955
18162.00000 0.0926
18165.00000 0.0899
18169.00000 0.0869
18172.00000 0.0838
18175.00000 0.0811
18179.00000 0.0793
18182.00000 0.0778
18185.00000 0.0763
18188.00000 0.0742
18192.00000 0.0716
18195.00000 0.0689
18198.00000 0.066
18202.00000 0.0632
18205.00000 0.0606
18208.00000 0.0585
18212.00000 0.0572
18215.00000 0.0566
18218.00000 0.0559
18222.00000 0.0543
18225.00000 0.0516
18228.00000 0.0486
18232.00000 0.046
18235.00000 0.0448
18238.00000 0.0447
18242.00000 0.0448
18245.00000 0.0445
18248.00000 0.0434
18252.00000 0.042
18255.00000 0.0409
18258.00000 0.0404
18262.00000 0.0405
18265.00000 0.0403
18268.00000 0.0394
18272.00000 0.0375
18275.00000 0.035
18278.00000 0.033
18282.00000 0.0319
18285.00000 0.0316
18288.00000 0.0316
18292.00000 0.0311
18295.00000 0.0299
18298.00000 0.0285
18302.00000 0.0277
18305.00000 0.0279
18308.00000 0.029
18312.00000 0.03
18315.00000 0.0302
18318.00000 0.0293
18322.00000 0.0275
18325.00000 0.0256
18328.00000 0.024
18332.00000 0.0229
18335.00000 0.022
18339.00000 0.021
18342.00000 0.0196
18345.00000 0.018
18349.00000 0.0165
18352.00000 0.0158
18355.00000 0.016
18359.00000 0.0169
18362.00000 0.0179
18365.00000 0.0183
18369.00000 0.0178
18372.00000 0.0167
18376.00000 0.0154
18379.00000 0.0144
18382.00000 0.0136
18386.00000 0.013
18389.00000 0.0126
18392.00000 0.0125
18396.00000 0.0129
18399.00000 0.0133
18403.00000 0.0132
18406.00000 0.0124
18409.00000 0.0111
18413.00000 0.0098
18416.00000 0.009
18420.00000 0.0085
18423.00000 0.0082
18426.00000 0.0076
18430.00000 0.0069
18433.00000 0.0063
18437.00000 0.0061
18440.00000 0.0063
18443.00000 0.0067
18447.00000 0.0072
18450.00000 0.0075
18454.00000 0.0078
18457.00000 0.0078
18460.00000 0.0073
18464.00000 0.0064
18467.00000 0.0053
18471.00000 0.0044
18474.00000 0.0042
18477.00000 0.0048
18481.00000 0.0056
18484.00000 0.0062
18488.00000 0.0061
18491.00000 0.0056
18495.00000 0.0051
18498.00000 0.0049
18501.00000 0.005
18505.00000 0.0053
18508.00000 0.0054
18512.00000 0.005
18515.00000 0.004
20366.50000 0.0
