threeML/data/optical_filters/Paranal/ISAAC-NBm.ecsv
# %ECSV 0.9
# ---
# datatype:
# - {name: wavelength, unit: Angstrom, datatype: float32}
# - {name: response, datatype: float32}
# meta: !!omap
# - {band_name: NBm}
# - {group_name: ISAAC}
wavelength response
40927.50000 0.0
45475.00000 0.0043
45496.00000 0.0049
45517.00000 0.0056
45537.00000 0.0064
45558.00000 0.0073
45579.00000 0.0084
45600.00000 0.0096
45620.00000 0.0112
45641.00000 0.013
45662.00000 0.0152
45683.00000 0.0177
45704.00000 0.0208
45725.00000 0.0246
45746.00000 0.0292
45767.00000 0.0348
45788.00000 0.0417
45809.00000 0.05
45830.00000 0.0602
45851.00000 0.0729
45872.00000 0.0885
45893.00000 0.1078
45914.00000 0.1312
45935.00000 0.1593
45956.00000 0.1925
45977.00000 0.2317
45998.00000 0.2761
46019.00000 0.3249
46041.00000 0.3765
46062.00000 0.4285
46083.00000 0.4792
46104.00000 0.5263
46125.00000 0.5673
46147.00000 0.6
46168.00000 0.6245
46189.00000 0.6414
46211.00000 0.6524
46232.00000 0.6589
46253.00000 0.662
46275.00000 0.6625
46296.00000 0.6629
46318.00000 0.6643
46339.00000 0.6674
46361.00000 0.6721
46382.00000 0.6778
46404.00000 0.6844
46425.00000 0.6927
46447.00000 0.7024
46468.00000 0.7125
46490.00000 0.722
46512.00000 0.7298
46533.00000 0.736
46555.00000 0.7409
46577.00000 0.7438
46598.00000 0.7433
46620.00000 0.7395
46642.00000 0.7322
46664.00000 0.7224
46685.00000 0.7108
46707.00000 0.6973
46729.00000 0.6814
46751.00000 0.6641
46773.00000 0.6464
46795.00000 0.6291
46816.00000 0.6125
46838.00000 0.596
46860.00000 0.5793
46882.00000 0.5629
46904.00000 0.5471
46926.00000 0.5314
46948.00000 0.5151
46970.00000 0.4973
46992.00000 0.4776
47015.00000 0.4562
47037.00000 0.4329
47059.00000 0.4071
47081.00000 0.3786
47103.00000 0.3478
47125.00000 0.3155
47148.00000 0.283
47170.00000 0.2509
47192.00000 0.2197
47214.00000 0.1902
47237.00000 0.1631
47259.00000 0.1388
47281.00000 0.1177
47304.00000 0.0993
47326.00000 0.0837
47348.00000 0.0702
47371.00000 0.0592
47393.00000 0.0498
47416.00000 0.0421
47438.00000 0.0356
47461.00000 0.0303
47483.00000 0.0257
47506.00000 0.022
47529.00000 0.0188
47551.00000 0.0161
47574.00000 0.0139
47596.00000 0.012
47619.00000 0.0104
47642.00000 0.0091
47664.00000 0.0079
47687.00000 0.0069
47710.00000 0.006
47733.00000 0.0053
47755.00000 0.0047
47778.00000 0.0041
52555.80078 0.0
