threeML/data/optical_filters/Paranal/ISAAC-H.ecsv
# %ECSV 0.9
# ---
# datatype:
# - {name: wavelength, unit: Angstrom, datatype: float32}
# - {name: response, datatype: float32}
# meta: !!omap
# - {band_name: H}
# - {group_name: ISAAC}
wavelength response
13169.70020 0.0
14633.00000 0.0062
14635.00000 0.01
14637.00000 0.0139
14639.00000 0.0171
14641.00000 0.0188
14643.00000 0.0198
14646.00000 0.0205
14648.00000 0.0204
14650.00000 0.0192
14652.00000 0.0167
14654.00000 0.0139
14656.00000 0.0124
14658.00000 0.0131
14661.00000 0.0151
14663.00000 0.017
14665.00000 0.0176
14667.00000 0.0165
14669.00000 0.0144
14671.00000 0.0122
14674.00000 0.01
14676.00000 0.0085
14678.00000 0.0083
14680.00000 0.0094
14682.00000 0.0119
14684.00000 0.014
14686.00000 0.0143
14689.00000 0.0124
14691.00000 0.0095
14693.00000 0.0072
14695.00000 0.0073
14697.00000 0.0092
14699.00000 0.0118
14702.00000 0.0142
14704.00000 0.016
14706.00000 0.0174
14708.00000 0.0187
14710.00000 0.0191
14712.00000 0.018
14715.00000 0.0154
14717.00000 0.0122
14719.00000 0.0098
14721.00000 0.0092
14723.00000 0.0101
14725.00000 0.0121
14728.00000 0.0144
14730.00000 0.0165
14732.00000 0.018
14734.00000 0.0191
14736.00000 0.0201
14738.00000 0.0215
14741.00000 0.0235
14743.00000 0.026
14745.00000 0.0282
14747.00000 0.0293
14749.00000 0.0287
14751.00000 0.0267
14754.00000 0.0244
14756.00000 0.0224
14758.00000 0.0215
14760.00000 0.0218
14762.00000 0.023
14765.00000 0.0251
14767.00000 0.0273
14769.00000 0.0291
14771.00000 0.0299
14773.00000 0.0295
14775.00000 0.0284
14778.00000 0.0273
14780.00000 0.0267
14782.00000 0.027
14784.00000 0.0282
14786.00000 0.0304
14789.00000 0.033
14791.00000 0.0356
14793.00000 0.0374
14795.00000 0.038
14797.00000 0.0377
14799.00000 0.0376
14802.00000 0.0384
14804.00000 0.0401
14806.00000 0.042
14808.00000 0.0431
14810.00000 0.0434
14813.00000 0.0433
14815.00000 0.0432
14817.00000 0.0434
14819.00000 0.0442
14821.00000 0.0453
14824.00000 0.0474
14826.00000 0.0502
14828.00000 0.0533
14830.00000 0.0559
14832.00000 0.0575
14835.00000 0.0582
14837.00000 0.059
14839.00000 0.0601
14841.00000 0.0611
14843.00000 0.0618
14846.00000 0.0623
14848.00000 0.0634
14850.00000 0.0665
14852.00000 0.0714
14854.00000 0.0763
14857.00000 0.0793
14859.00000 0.079
14861.00000 0.0761
14863.00000 0.0731
14865.00000 0.0714
14868.00000 0.0722
14870.00000 0.0751
14872.00000 0.079
14874.00000 0.0836
14877.00000 0.0884
14879.00000 0.0928
14881.00000 0.0961
14883.00000 0.098
14885.00000 0.0984
14888.00000 0.0981
14890.00000 0.0975
14892.00000 0.0969
14894.00000 0.0966
14896.00000 0.097
14899.00000 0.0986
14901.00000 0.1019
14903.00000 0.1068
14905.00000 0.1126
14908.00000 0.1186
14910.00000 0.1243
14912.00000 0.1288
14914.00000 0.1321
14916.00000 0.134
14919.00000 0.1349
14921.00000 0.1362
14923.00000 0.1388
14925.00000 0.1431
14928.00000 0.1485
14930.00000 0.154
14932.00000 0.1584
14934.00000 0.162
14937.00000 0.1653
14939.00000 0.1685
14941.00000 0.1716
14943.00000 0.1742
14945.00000 0.1761
14948.00000 0.1779
14950.00000 0.18
14952.00000 0.1829
14954.00000 0.1867
14957.00000 0.1908
14959.00000 0.195
14961.00000 0.1991
14963.00000 0.2033
14966.00000 0.2077
14968.00000 0.2125
14970.00000 0.2176
14972.00000 0.223
14975.00000 0.2288
14977.00000 0.235
14979.00000 0.2415
14981.00000 0.2479
14984.00000 0.2539
14986.00000 0.2591
14988.00000 0.2634
14990.00000 0.2674
14993.00000 0.2721
14995.00000 0.2779
14997.00000 0.2848
14999.00000 0.2918
15002.00000 0.298
15004.00000 0.3029
15006.00000 0.3068
15008.00000 0.3103
15011.00000 0.3139
15013.00000 0.3182
15015.00000 0.3234
15017.00000 0.3297
15020.00000 0.3368
15022.00000 0.344
15024.00000 0.3503
15026.00000 0.3553
15029.00000 0.3594
15031.00000 0.3636
15033.00000 0.3688
15035.00000 0.3751
15038.00000 0.3823
15040.00000 0.3898
15042.00000 0.3971
15044.00000 0.4041
15047.00000 0.41
15049.00000 0.4149
15051.00000 0.4194
15053.00000 0.4245
15056.00000 0.4309
15058.00000 0.4388
15060.00000 0.4464
15063.00000 0.4525
15065.00000 0.4572
15067.00000 0.4616
15069.00000 0.4672
15072.00000 0.4748
15074.00000 0.483
15076.00000 0.4907
15078.00000 0.497
15081.00000 0.5022
15083.00000 0.5074
15085.00000 0.5128
15088.00000 0.5177
15090.00000 0.5221
15092.00000 0.526
15094.00000 0.53
15097.00000 0.5351
15099.00000 0.541
15101.00000 0.5468
15103.00000 0.5519
15106.00000 0.5558
15108.00000 0.5594
15110.00000 0.5635
15113.00000 0.5687
15115.00000 0.5749
15117.00000 0.5815
15119.00000 0.5874
15122.00000 0.5924
15124.00000 0.5966
15126.00000 0.6004
15129.00000 0.6041
15131.00000 0.6077
15133.00000 0.6113
15135.00000 0.6151
15138.00000 0.6194
15140.00000 0.6244
15142.00000 0.6297
15145.00000 0.6344
15147.00000 0.6378
15149.00000 0.6397
15152.00000 0.6407
15154.00000 0.6419
15156.00000 0.6439
15158.00000 0.6468
15161.00000 0.6505
15163.00000 0.6548
15165.00000 0.6596
15168.00000 0.6646
15170.00000 0.6696
15172.00000 0.6741
15175.00000 0.6779
15177.00000 0.6812
15179.00000 0.6839
15181.00000 0.6863
15184.00000 0.6885
15186.00000 0.6905
15188.00000 0.693
15191.00000 0.696
15193.00000 0.6994
15195.00000 0.7026
15198.00000 0.7051
15200.00000 0.7067
15202.00000 0.7081
15205.00000 0.7097
15207.00000 0.7116
15209.00000 0.7137
15211.00000 0.7158
15214.00000 0.7178
15216.00000 0.7197
15218.00000 0.7214
15221.00000 0.7226
15223.00000 0.7235
15225.00000 0.7243
15228.00000 0.7253
15230.00000 0.7267
15232.00000 0.7283
15235.00000 0.73
15237.00000 0.7317
15239.00000 0.7333
15242.00000 0.7345
15244.00000 0.7352
15246.00000 0.7357
15249.00000 0.7363
15251.00000 0.7379
15253.00000 0.7407
15256.00000 0.7442
15258.00000 0.7474
15260.00000 0.7496
15263.00000 0.7507
15265.00000 0.7513
15267.00000 0.7521
15270.00000 0.7534
15272.00000 0.7551
15274.00000 0.7569
15277.00000 0.7581
15279.00000 0.7585
15281.00000 0.7576
15284.00000 0.7555
15286.00000 0.7532
15288.00000 0.7519
15291.00000 0.752
15293.00000 0.7532
15295.00000 0.7541
15298.00000 0.7537
15300.00000 0.7524
15302.00000 0.7516
15305.00000 0.7525
15307.00000 0.7556
15309.00000 0.7599
15312.00000 0.7638
15314.00000 0.7662
15316.00000 0.7668
15319.00000 0.7663
15321.00000 0.7657
15323.00000 0.7659
15326.00000 0.7673
15328.00000 0.7694
15330.00000 0.7713
15333.00000 0.7723
15335.00000 0.7724
15337.00000 0.7728
15340.00000 0.7742
15342.00000 0.777
15344.00000 0.7801
15347.00000 0.7821
15349.00000 0.7829
15352.00000 0.7831
15354.00000 0.7836
15356.00000 0.7848
15359.00000 0.7862
15361.00000 0.7869
15363.00000 0.7871
15366.00000 0.7874
15368.00000 0.7879
15370.00000 0.7888
15373.00000 0.7892
15375.00000 0.7891
15378.00000 0.7894
15380.00000 0.7906
15382.00000 0.7924
15385.00000 0.7942
15387.00000 0.7951
15389.00000 0.7952
15392.00000 0.7959
15394.00000 0.7975
15396.00000 0.7997
15399.00000 0.8013
15401.00000 0.8013
15404.00000 0.7994
15406.00000 0.7969
15408.00000 0.7947
15411.00000 0.7935
15413.00000 0.7938
15415.00000 0.7954
15418.00000 0.7979
15420.00000 0.8007
15423.00000 0.8027
15425.00000 0.8034
15427.00000 0.8032
15430.00000 0.8029
15432.00000 0.8031
15434.00000 0.8037
15437.00000 0.8041
15439.00000 0.8038
15442.00000 0.8037
15444.00000 0.8045
15446.00000 0.8066
15449.00000 0.8095
15451.00000 0.8116
15454.00000 0.8124
15456.00000 0.812
15458.00000 0.8114
15461.00000 0.8117
15463.00000 0.8133
15466.00000 0.8158
15468.00000 0.8186
15470.00000 0.8207
15473.00000 0.8214
15475.00000 0.8206
15477.00000 0.8189
15480.00000 0.8174
15482.00000 0.8168
15485.00000 0.8173
15487.00000 0.8182
15489.00000 0.8186
15492.00000 0.8183
15494.00000 0.8175
15497.00000 0.8166
15499.00000 0.8159
15501.00000 0.8155
15504.00000 0.8154
15506.00000 0.816
15509.00000 0.8171
15511.00000 0.8185
15513.00000 0.8199
15516.00000 0.8212
15518.00000 0.8223
15521.00000 0.8232
15523.00000 0.8233
15526.00000 0.8219
15528.00000 0.8191
15530.00000 0.8162
15533.00000 0.8146
15535.00000 0.8152
15538.00000 0.8174
15540.00000 0.8196
15542.00000 0.8214
15545.00000 0.8225
15547.00000 0.8234
15550.00000 0.8245
15552.00000 0.8256
15555.00000 0.826
15557.00000 0.8265
15559.00000 0.8274
15562.00000 0.8288
15564.00000 0.8305
15567.00000 0.8315
15569.00000 0.8311
15571.00000 0.8302
15574.00000 0.8293
15576.00000 0.8285
15579.00000 0.8276
15581.00000 0.826
15584.00000 0.824
15586.00000 0.823
15588.00000 0.8233
15591.00000 0.8245
15593.00000 0.8261
15596.00000 0.8273
15598.00000 0.8283
15601.00000 0.8299
15603.00000 0.8318
15605.00000 0.8334
15608.00000 0.8341
15610.00000 0.8337
15613.00000 0.8326
15615.00000 0.8315
15618.00000 0.8306
15620.00000 0.8293
15623.00000 0.8277
15625.00000 0.8258
15627.00000 0.8238
15630.00000 0.8223
15632.00000 0.8212
15635.00000 0.8205
15637.00000 0.8204
15640.00000 0.8208
15642.00000 0.8215
15645.00000 0.8224
15647.00000 0.8236
15649.00000 0.825
15652.00000 0.8266
15654.00000 0.828
15657.00000 0.8283
15659.00000 0.8276
15662.00000 0.8263
15664.00000 0.8251
15667.00000 0.8246
15669.00000 0.8246
15672.00000 0.8246
15674.00000 0.8243
15676.00000 0.8241
15679.00000 0.8243
15681.00000 0.825
15684.00000 0.8264
15686.00000 0.8278
15689.00000 0.8294
15691.00000 0.831
15694.00000 0.8318
15696.00000 0.8311
15699.00000 0.829
15701.00000 0.826
15704.00000 0.8238
15706.00000 0.8231
15708.00000 0.8236
15711.00000 0.8249
15713.00000 0.8266
15716.00000 0.8286
15718.00000 0.8309
15721.00000 0.8327
15723.00000 0.8326
15726.00000 0.831
15728.00000 0.8289
15731.00000 0.8279
15733.00000 0.8286
15736.00000 0.8301
15738.00000 0.8303
15741.00000 0.8291
15743.00000 0.8272
15746.00000 0.8255
15748.00000 0.8245
15751.00000 0.8236
15753.00000 0.8219
15755.00000 0.8205
15758.00000 0.8204
15760.00000 0.8216
15763.00000 0.8233
15765.00000 0.8236
15768.00000 0.8218
15770.00000 0.8194
15773.00000 0.8179
15775.00000 0.8176
15778.00000 0.8182
15780.00000 0.8185
15783.00000 0.8183
15785.00000 0.8186
15788.00000 0.8199
15790.00000 0.8219
15793.00000 0.8238
15795.00000 0.8249
15798.00000 0.8253
15800.00000 0.8256
15803.00000 0.8254
15805.00000 0.8241
15808.00000 0.822
15810.00000 0.8198
15813.00000 0.8183
15815.00000 0.8183
15818.00000 0.8188
15820.00000 0.8185
15823.00000 0.8178
15825.00000 0.8175
15828.00000 0.8181
15830.00000 0.8196
15833.00000 0.8203
15835.00000 0.8193
15838.00000 0.8178
15840.00000 0.817
15843.00000 0.8176
15845.00000 0.8194
15848.00000 0.8205
15850.00000 0.8201
15853.00000 0.8189
15855.00000 0.8178
15858.00000 0.8174
15860.00000 0.8177
15863.00000 0.8178
15865.00000 0.8177
15868.00000 0.8178
15870.00000 0.8181
15873.00000 0.8183
15876.00000 0.8181
15878.00000 0.8175
15881.00000 0.8172
15883.00000 0.8179
15886.00000 0.8191
15888.00000 0.8201
15891.00000 0.8206
15893.00000 0.8203
15896.00000 0.8196
15898.00000 0.8191
15901.00000 0.8187
15903.00000 0.8182
15906.00000 0.8179
15908.00000 0.8177
15911.00000 0.8175
15913.00000 0.8173
15916.00000 0.817
15918.00000 0.8169
15921.00000 0.8174
15924.00000 0.8184
15926.00000 0.8189
15929.00000 0.8186
15931.00000 0.8176
15934.00000 0.8167
15936.00000 0.8168
15939.00000 0.8177
15941.00000 0.8183
15944.00000 0.8183
15946.00000 0.8175
15949.00000 0.8166
15952.00000 0.8165
15954.00000 0.8169
15957.00000 0.8174
15959.00000 0.8178
15962.00000 0.8182
15964.00000 0.8185
15967.00000 0.8187
15969.00000 0.8185
15972.00000 0.8178
15974.00000 0.8173
15977.00000 0.8174
15980.00000 0.8174
15982.00000 0.8173
15985.00000 0.8169
15987.00000 0.8171
15990.00000 0.8191
15992.00000 0.8225
15995.00000 0.8258
15997.00000 0.8275
16000.00000 0.8269
16003.00000 0.8246
16005.00000 0.8223
16008.00000 0.8205
16010.00000 0.8189
16013.00000 0.8175
16015.00000 0.8166
16018.00000 0.8167
16021.00000 0.8183
16023.00000 0.8205
16026.00000 0.8225
16028.00000 0.8242
16031.00000 0.8259
16033.00000 0.8278
16036.00000 0.8298
16038.00000 0.831
16041.00000 0.8309
16044.00000 0.8306
16046.00000 0.8304
16049.00000 0.8301
16051.00000 0.8291
16054.00000 0.8266
16057.00000 0.8232
16059.00000 0.8206
16062.00000 0.8198
16064.00000 0.8204
16067.00000 0.8216
16069.00000 0.8222
16072.00000 0.8226
16075.00000 0.824
16077.00000 0.8265
16080.00000 0.8291
16082.00000 0.8309
16085.00000 0.8309
16088.00000 0.8298
16090.00000 0.8286
16093.00000 0.8274
16095.00000 0.8261
16098.00000 0.8252
16100.00000 0.8246
16103.00000 0.825
16106.00000 0.8264
16108.00000 0.8278
16111.00000 0.8285
16113.00000 0.8286
16116.00000 0.8284
16119.00000 0.8279
16121.00000 0.827
16124.00000 0.8253
16126.00000 0.8231
16129.00000 0.8216
16132.00000 0.8212
16134.00000 0.8215
16137.00000 0.822
16139.00000 0.822
16142.00000 0.8221
16145.00000 0.8232
16147.00000 0.8252
16150.00000 0.8272
16152.00000 0.8285
16155.00000 0.8286
16158.00000 0.8277
16160.00000 0.827
16163.00000 0.8263
16166.00000 0.8257
16168.00000 0.8258
16171.00000 0.8267
16173.00000 0.8283
16176.00000 0.8297
16179.00000 0.8297
16181.00000 0.8277
16184.00000 0.8252
16186.00000 0.8236
16189.00000 0.8237
16192.00000 0.8248
16194.00000 0.8252
16197.00000 0.8241
16200.00000 0.8226
16202.00000 0.8218
16205.00000 0.8224
16207.00000 0.8239
16210.00000 0.825
16213.00000 0.8254
16215.00000 0.8254
16218.00000 0.825
16221.00000 0.8247
16223.00000 0.8242
16226.00000 0.8235
16228.00000 0.8232
16231.00000 0.8236
16234.00000 0.8245
16236.00000 0.8253
16239.00000 0.8259
16242.00000 0.8263
16244.00000 0.8267
16247.00000 0.8271
16250.00000 0.827
16252.00000 0.8265
16255.00000 0.8263
16258.00000 0.8269
16260.00000 0.8282
16263.00000 0.8295
16265.00000 0.8295
16268.00000 0.8281
16271.00000 0.8264
16273.00000 0.8256
16276.00000 0.826
16279.00000 0.8274
16281.00000 0.8287
16284.00000 0.8291
16287.00000 0.8288
16289.00000 0.8276
16292.00000 0.8258
16295.00000 0.8242
16297.00000 0.8236
16300.00000 0.8244
16303.00000 0.8263
16305.00000 0.8278
16308.00000 0.8275
16311.00000 0.8259
16313.00000 0.8243
16316.00000 0.8241
16319.00000 0.8259
16321.00000 0.8277
16324.00000 0.8281
16327.00000 0.8273
16329.00000 0.8258
16332.00000 0.8247
16335.00000 0.8245
16337.00000 0.824
16340.00000 0.8233
16343.00000 0.8235
16345.00000 0.8249
16348.00000 0.8273
16351.00000 0.8294
16353.00000 0.8294
16356.00000 0.8276
16359.00000 0.826
16361.00000 0.8253
16364.00000 0.8261
16367.00000 0.8275
16369.00000 0.8281
16372.00000 0.8282
16375.00000 0.8284
16377.00000 0.8286
16380.00000 0.8285
16383.00000 0.8276
16385.00000 0.826
16388.00000 0.8246
16391.00000 0.8247
16393.00000 0.8254
16396.00000 0.8263
16399.00000 0.8267
16402.00000 0.8266
16404.00000 0.8275
16407.00000 0.8294
16410.00000 0.8316
16412.00000 0.8327
16415.00000 0.8319
16418.00000 0.8296
16420.00000 0.8272
16423.00000 0.8259
16426.00000 0.826
16428.00000 0.8274
16431.00000 0.8292
16434.00000 0.8306
16437.00000 0.8314
16439.00000 0.8317
16442.00000 0.8319
16445.00000 0.8324
16447.00000 0.8332
16450.00000 0.834
16453.00000 0.8341
16455.00000 0.8334
16458.00000 0.8323
16461.00000 0.8316
16464.00000 0.8315
16466.00000 0.8319
16469.00000 0.8321
16472.00000 0.8315
16474.00000 0.8302
16477.00000 0.8286
16480.00000 0.8273
16483.00000 0.8269
16485.00000 0.8275
16488.00000 0.8287
16491.00000 0.8301
16493.00000 0.8307
16496.00000 0.8307
16499.00000 0.8303
16502.00000 0.8302
16504.00000 0.8309
16507.00000 0.8319
16510.00000 0.8324
16513.00000 0.8323
16515.00000 0.8318
16518.00000 0.8315
16521.00000 0.8316
16523.00000 0.8317
16526.00000 0.8311
16529.00000 0.8301
16532.00000 0.829
16534.00000 0.8286
16537.00000 0.8289
16540.00000 0.829
16543.00000 0.828
16545.00000 0.8262
16548.00000 0.8243
16551.00000 0.8233
16554.00000 0.8235
16556.00000 0.8243
16559.00000 0.8252
16562.00000 0.8259
16565.00000 0.8261
16567.00000 0.8256
16570.00000 0.8245
16573.00000 0.8229
16576.00000 0.8214
16578.00000 0.8204
16581.00000 0.8203
16584.00000 0.8205
16586.00000 0.8212
16589.00000 0.8221
16592.00000 0.8232
16595.00000 0.824
16598.00000 0.8235
16600.00000 0.8212
16603.00000 0.8178
16606.00000 0.8149
16609.00000 0.8135
16611.00000 0.8142
16614.00000 0.8157
16617.00000 0.817
16620.00000 0.8179
16622.00000 0.8184
16625.00000 0.8187
16628.00000 0.8184
16631.00000 0.8169
16633.00000 0.8142
16636.00000 0.8117
16639.00000 0.8101
16642.00000 0.8099
16644.00000 0.8103
16647.00000 0.81
16650.00000 0.8087
16653.00000 0.807
16656.00000 0.8056
16658.00000 0.8052
16661.00000 0.8058
16664.00000 0.8069
16667.00000 0.808
16669.00000 0.8088
16672.00000 0.8087
16675.00000 0.8078
16678.00000 0.8068
16681.00000 0.8063
16683.00000 0.8064
16686.00000 0.8068
16689.00000 0.8065
16692.00000 0.8051
16694.00000 0.8038
