threeML/data/optical_filters/Paranal/ISAAC-NB229.ecsv
# %ECSV 0.9
# ---
# datatype:
# - {name: wavelength, unit: Angstrom, datatype: float32}
# - {name: response, datatype: float32}
# meta: !!omap
# - {band_name: NB229}
# - {group_name: ISAAC}
wavelength response
20093.40039 0.0
22326.00000 0.0041
22331.00000 0.0043
22336.00000 0.0046
22341.00000 0.0047
22346.00000 0.0048
22351.00000 0.0049
22356.00000 0.005
22361.00000 0.0052
22366.00000 0.0054
22371.00000 0.0057
22376.00000 0.006
22381.00000 0.0062
22386.00000 0.0065
22391.00000 0.0067
22396.00000 0.007
22401.00000 0.0073
22406.00000 0.0077
22411.00000 0.008
22416.00000 0.0084
22422.00000 0.0087
22427.00000 0.0091
22432.00000 0.0095
22437.00000 0.01
22442.00000 0.0105
22447.00000 0.011
22452.00000 0.0115
22457.00000 0.0121
22462.00000 0.0127
22467.00000 0.0134
22472.00000 0.0141
22477.00000 0.0148
22482.00000 0.0156
22487.00000 0.0164
22492.00000 0.0172
22497.00000 0.0182
22502.00000 0.0192
22507.00000 0.0203
22512.00000 0.0214
22517.00000 0.0226
22523.00000 0.024
22528.00000 0.0254
22533.00000 0.027
22538.00000 0.0287
22543.00000 0.0305
22548.00000 0.0325
22553.00000 0.0346
22558.00000 0.0368
22563.00000 0.0392
22568.00000 0.0419
22573.00000 0.0448
22578.00000 0.0479
22584.00000 0.0513
22589.00000 0.0549
22594.00000 0.0587
22599.00000 0.0629
22604.00000 0.0675
22609.00000 0.0726
22614.00000 0.078
22619.00000 0.0838
22624.00000 0.0902
22630.00000 0.0972
22635.00000 0.1049
22640.00000 0.1132
22645.00000 0.1221
22650.00000 0.1317
22655.00000 0.1423
22660.00000 0.1538
22665.00000 0.1663
22671.00000 0.1797
22676.00000 0.1941
22681.00000 0.2096
22686.00000 0.2264
22691.00000 0.2444
22696.00000 0.2634
22701.00000 0.2832
22707.00000 0.3042
22712.00000 0.3262
22717.00000 0.3493
22722.00000 0.3729
22727.00000 0.3967
22732.00000 0.4207
22738.00000 0.4449
22743.00000 0.4691
22748.00000 0.493
22753.00000 0.5157
22758.00000 0.537
22763.00000 0.5573
22769.00000 0.5764
22774.00000 0.5941
22779.00000 0.6099
22784.00000 0.6234
22789.00000 0.6351
22795.00000 0.6455
22800.00000 0.6547
22805.00000 0.6621
22810.00000 0.668
22815.00000 0.6723
22821.00000 0.6757
22826.00000 0.679
22831.00000 0.6817
22836.00000 0.6833
22841.00000 0.6843
22847.00000 0.685
22852.00000 0.6859
22857.00000 0.6871
22862.00000 0.6881
22868.00000 0.6884
22873.00000 0.6885
22878.00000 0.6887
22883.00000 0.6891
22889.00000 0.6894
22894.00000 0.6888
22899.00000 0.6873
22904.00000 0.6853
22910.00000 0.683
22915.00000 0.6798
22920.00000 0.6752
22925.00000 0.6686
22931.00000 0.66
22936.00000 0.6501
22941.00000 0.6388
22946.00000 0.6252
22952.00000 0.6094
22957.00000 0.5912
22962.00000 0.5713
22967.00000 0.5502
22973.00000 0.5277
22978.00000 0.5036
22983.00000 0.4784
22989.00000 0.4525
22994.00000 0.4266
22999.00000 0.401
23004.00000 0.3756
23010.00000 0.3503
23015.00000 0.3257
23020.00000 0.3022
23026.00000 0.28
23031.00000 0.259
23036.00000 0.2392
23041.00000 0.2203
23047.00000 0.2029
23052.00000 0.1869
23057.00000 0.1722
23063.00000 0.1586
23068.00000 0.146
23073.00000 0.1343
23079.00000 0.1238
23084.00000 0.1141
23089.00000 0.1052
23095.00000 0.097
23100.00000 0.0895
23105.00000 0.0826
23111.00000 0.0764
23116.00000 0.0708
23121.00000 0.0656
23127.00000 0.0607
23132.00000 0.0563
23137.00000 0.0522
23143.00000 0.0485
23148.00000 0.0451
23154.00000 0.042
23159.00000 0.0391
23164.00000 0.0365
23170.00000 0.0341
23175.00000 0.0319
23180.00000 0.0299
23186.00000 0.0279
23191.00000 0.0261
23196.00000 0.0245
23202.00000 0.0229
23207.00000 0.0215
23213.00000 0.0202
23218.00000 0.019
23223.00000 0.0179
23229.00000 0.0169
23234.00000 0.016
23240.00000 0.0151
23245.00000 0.0143
23250.00000 0.0135
23256.00000 0.0128
23261.00000 0.012
23267.00000 0.0114
23272.00000 0.0108
23277.00000 0.0103
23283.00000 0.0098
23288.00000 0.0093
23294.00000 0.0087
23299.00000 0.0082
23305.00000 0.0078
23310.00000 0.0075
23315.00000 0.0072
23321.00000 0.007
23326.00000 0.0067
23332.00000 0.0064
23337.00000 0.0062
23343.00000 0.0059
23348.00000 0.0056
23354.00000 0.0052
23359.00000 0.0049
23364.00000 0.0046
23370.00000 0.0044
23375.00000 0.0042
23381.00000 0.004
25719.09961 0.0
