threeML/data/optical_filters/Paranal/ISAAC-NB207.ecsv
# %ECSV 0.9
# ---
# datatype:
# - {name: wavelength, unit: Angstrom, datatype: float32}
# - {name: response, datatype: float32}
# meta: !!omap
# - {band_name: NB207}
# - {group_name: ISAAC}
wavelength response
18148.50000 0.0
20165.00000 0.004
20169.00000 0.0041
20173.00000 0.0042
20178.00000 0.0042
20182.00000 0.0043
20186.00000 0.0044
20190.00000 0.0046
20194.00000 0.0048
20198.00000 0.005
20202.00000 0.0052
20206.00000 0.0053
20210.00000 0.0055
20214.00000 0.0057
20218.00000 0.0059
20222.00000 0.0061
20227.00000 0.0063
20231.00000 0.0065
20235.00000 0.0068
20239.00000 0.0071
20243.00000 0.0074
20247.00000 0.0077
20251.00000 0.0081
20255.00000 0.0083
20259.00000 0.0086
20263.00000 0.0088
20268.00000 0.0091
20272.00000 0.0094
20276.00000 0.0098
20280.00000 0.0102
20284.00000 0.0106
20288.00000 0.0111
20292.00000 0.0116
20296.00000 0.0121
20300.00000 0.0126
20305.00000 0.0131
20309.00000 0.0136
20313.00000 0.0142
20317.00000 0.0149
20321.00000 0.0155
20325.00000 0.0162
20329.00000 0.0169
20333.00000 0.0176
20338.00000 0.0183
20342.00000 0.0192
20346.00000 0.0201
20350.00000 0.0211
20354.00000 0.0221
20358.00000 0.0232
20362.00000 0.0244
20367.00000 0.0256
20371.00000 0.0269
20375.00000 0.0282
20379.00000 0.0296
20383.00000 0.0312
20387.00000 0.0328
20392.00000 0.0347
20396.00000 0.0366
20400.00000 0.0387
20404.00000 0.0409
20408.00000 0.0432
20412.00000 0.0457
20416.00000 0.0484
20421.00000 0.0511
20425.00000 0.0542
20429.00000 0.0575
20433.00000 0.061
20437.00000 0.0648
20442.00000 0.0689
20446.00000 0.0732
20450.00000 0.0779
20454.00000 0.0829
20458.00000 0.0884
20462.00000 0.0942
20467.00000 0.1004
20471.00000 0.107
20475.00000 0.1144
20479.00000 0.1223
20483.00000 0.1308
20488.00000 0.1398
20492.00000 0.1494
20496.00000 0.1598
20500.00000 0.1711
20504.00000 0.1833
20509.00000 0.1963
20513.00000 0.2101
20517.00000 0.2248
20521.00000 0.2408
20525.00000 0.2578
20530.00000 0.2758
20534.00000 0.2947
20538.00000 0.3147
20542.00000 0.3358
20547.00000 0.3582
20551.00000 0.3814
20555.00000 0.4051
20559.00000 0.4294
20563.00000 0.4546
20568.00000 0.4804
20572.00000 0.5065
20576.00000 0.5323
20580.00000 0.5575
20585.00000 0.5823
20589.00000 0.6068
20593.00000 0.6306
20597.00000 0.653
20602.00000 0.6738
20606.00000 0.6929
20610.00000 0.7109
20614.00000 0.7277
20619.00000 0.7427
20623.00000 0.7555
20627.00000 0.7665
20631.00000 0.7761
20636.00000 0.7846
20640.00000 0.792
20644.00000 0.7975
20648.00000 0.8015
20653.00000 0.8046
20657.00000 0.8073
20661.00000 0.8097
20665.00000 0.8115
20670.00000 0.8121
20674.00000 0.8121
20678.00000 0.8123
20683.00000 0.8125
20687.00000 0.8126
20691.00000 0.8122
20695.00000 0.8111
20700.00000 0.81
20704.00000 0.8093
20708.00000 0.8085
20713.00000 0.8072
20717.00000 0.805
20721.00000 0.8022
20725.00000 0.7992
20730.00000 0.796
20734.00000 0.7917
20738.00000 0.786
20743.00000 0.7789
20747.00000 0.7706
20751.00000 0.7614
20756.00000 0.7509
20760.00000 0.7382
20764.00000 0.7236
20768.00000 0.7073
20773.00000 0.6897
20777.00000 0.6707
20781.00000 0.6502
20786.00000 0.6277
20790.00000 0.604
20794.00000 0.5795
20799.00000 0.5544
20803.00000 0.5289
20807.00000 0.5028
20812.00000 0.4763
20816.00000 0.45
20820.00000 0.4243
20825.00000 0.3993
20829.00000 0.3748
20833.00000 0.351
20838.00000 0.3282
20842.00000 0.3065
20846.00000 0.2862
20851.00000 0.2669
20855.00000 0.2485
20859.00000 0.2312
20864.00000 0.2151
20868.00000 0.2001
20872.00000 0.1862
20877.00000 0.1732
20881.00000 0.161
20886.00000 0.1497
20890.00000 0.1392
20894.00000 0.1296
20899.00000 0.1206
20903.00000 0.1123
20907.00000 0.1046
20912.00000 0.0976
20916.00000 0.0911
20921.00000 0.0852
20925.00000 0.0796
20929.00000 0.0744
20934.00000 0.0695
20938.00000 0.065
20942.00000 0.0608
20947.00000 0.057
20951.00000 0.0534
20956.00000 0.0501
20960.00000 0.0471
20964.00000 0.0443
20969.00000 0.0416
20973.00000 0.0391
20978.00000 0.0368
20982.00000 0.0347
20986.00000 0.0327
20991.00000 0.0309
20995.00000 0.0292
21000.00000 0.0276
21004.00000 0.0261
21008.00000 0.0247
21013.00000 0.0234
21017.00000 0.0222
21022.00000 0.021
21026.00000 0.0199
21030.00000 0.0188
21035.00000 0.0179
21039.00000 0.017
21044.00000 0.0162
21048.00000 0.0155
21053.00000 0.0148
21057.00000 0.0141
21061.00000 0.0135
21066.00000 0.0129
21070.00000 0.0123
21075.00000 0.0117
21079.00000 0.0111
21084.00000 0.0106
21088.00000 0.0102
21093.00000 0.0098
21097.00000 0.0094
21101.00000 0.009
21106.00000 0.0086
21110.00000 0.0083
21115.00000 0.0079
21119.00000 0.0075
21124.00000 0.0072
21128.00000 0.0069
21133.00000 0.0067
21137.00000 0.0065
21142.00000 0.0062
21146.00000 0.006
21151.00000 0.0057
21155.00000 0.0054
21160.00000 0.0051
21164.00000 0.0049
21169.00000 0.0046
21173.00000 0.0045
21177.00000 0.0043
21182.00000 0.0042
21186.00000 0.0041
21191.00000 0.004
23310.09961 0.0
