threeML/data/optical_filters/Paranal/ISAAC-SZ.ecsv
# %ECSV 0.9
# ---
# datatype:
# - {name: wavelength, unit: Angstrom, datatype: float32}
# - {name: response, datatype: float32}
# meta: !!omap
# - {band_name: SZ}
# - {group_name: ISAAC}
wavelength response
[from data line 856]
10309.79980 0.8944
10310.59961 0.8944
10311.40039 0.8944
10312.20020 0.8944
10313.00000 0.8944
10313.79980 0.8944
10314.59961 0.8944
10315.40039 0.8944
10316.20020 0.8944
10317.00000 0.8944
10317.79980 0.8941
10318.59961 0.8939
10319.40039 0.8933
10320.20020 0.8933
10321.00000 0.8933
10321.90039 0.8933
10322.70020 0.8933
10323.50000 0.893
10324.29980 0.8927
10325.09961 0.8925
10325.90039 0.8922
10326.70020 0.8922
10327.50000 0.8922
10328.29980 0.8922
10329.09961 0.8922
10329.90039 0.8922
10330.70020 0.8922
10331.50000 0.8908
10332.29980 0.8905
10333.09961 0.8905
10333.90039 0.8905
10334.70020 0.8902
10335.50000 0.8902
10336.29980 0.8902
10337.09961 0.8902
10337.90039 0.8902
10338.70020 0.8902
10339.50000 0.8905
10340.29980 0.8905
10341.09961 0.891
10341.90039 0.8921
10342.70020 0.8921
10343.50000 0.8921
10344.29980 0.8921
10345.09961 0.8924
10345.90039 0.8924
10346.70020 0.8927
10347.50000 0.8927
10348.29980 0.8932
10349.09961 0.8932
10349.90039 0.8932
10350.70020 0.8941
10351.50000 0.8946
10352.29980 0.8949
10353.09961 0.8949
10353.90039 0.896
10354.70020 0.8971
10355.50000 0.8974
10356.29980 0.8974
10357.09961 0.8985
10357.90039 0.8991
10358.70020 0.8994
10359.50000 0.8994
10360.29980 0.9008
10361.09961 0.9016
10361.90039 0.9022
10362.70020 0.9024
10363.50000 0.9033
10364.29980 0.9038
10365.09961 0.9041
10365.90039 0.9044
10366.70020 0.9052
10367.50000 0.9064
10368.29980 0.9063
10369.09961 0.9066
10369.90039 0.9072
10370.70020 0.908
10371.50000 0.9083
10372.29980 0.9083
10373.09961 0.9091
10373.90039 0.91
10374.70020 0.9105
10375.50000 0.9105
10376.29980 0.9108
10377.09961 0.9114
10377.90039 0.9116
10378.70020 0.9119
10379.50000 0.9122
10380.29980 0.9122
10381.09961 0.9122
10381.90039 0.9122
10382.70020 0.9122
10383.50000 0.9116
10384.29980 0.9116
10385.09961 0.9111
10385.90039 0.9111
10386.70020 0.9111
10387.50000 0.9111
10388.29980 0.9108
10389.20020 0.9102
10390.00000 0.9094
10390.79980 0.9091
10391.59961 0.9088
10392.40039 0.9083
10393.20020 0.908
10394.00000 0.9071
10394.79980 0.9066
10395.59961 0.9057
10396.40039 0.9049
10397.20020 0.9046
10398.00000 0.904
10398.79980 0.9038
10399.59961 0.9032
10400.40039 0.9026
10401.20020 0.9024
10402.00000 0.9015
10402.79980 0.901
10403.59961 0.9004
10404.40039 0.8998
10405.20020 0.8993
10406.00000 0.8987
10406.79980 0.8979
10407.59961 0.897
10408.40039 0.8962
10409.20020 0.8951
10410.00000 0.8948
10410.79980 0.8948
10411.59961 0.8942
10412.40039 0.8931
10413.20020 0.8931
10414.00000 0.8931
10414.79980 0.8925
10415.59961 0.8925
10416.40039 0.8923
10417.20020 0.892
10418.00000 0.892
10418.79980 0.892
10419.59961 0.8911
10420.40039 0.8906
10421.20020 0.8903
10422.00000 0.89
10422.79980 0.89
10423.59961 0.8897
10424.40039 0.8897
10425.20020 0.8897
10426.00000 0.8897
10426.79980 0.8897
10427.59961 0.89
10428.40039 0.8903
10429.20020 0.8903
10430.00000 0.8903
10430.79980 0.8911
10431.59961 0.8922
10432.40039 0.8925
10433.20020 0.8925
10434.00000 0.8928
10434.79980 0.8931
10435.59961 0.8931
10436.40039 0.8931
10437.20020 0.8936
10438.00000 0.8942
10438.79980 0.8942
10439.59961 0.8942
10440.40039 0.8947
10441.20020 0.8953
10442.00000 0.8958
10442.79980 0.8964
10443.59961 0.897
10444.40039 0.8975
10445.20020 0.8978
10446.00000 0.8984
10446.79980 0.8989
10447.59961 0.8992
10448.40039 0.8992
10449.20020 0.8995
10450.00000 0.8997
10450.79980 0.9009
10451.59961 0.9011
10452.40039 0.9011
10453.20020 0.9014
10454.00000 0.9017
10454.79980 0.902
10455.70020 0.902
10456.50000 0.902
10457.29980 0.902
10458.09961 0.902
10458.90039 0.902
10459.70020 0.9022
10460.50000 0.9022
10461.29980 0.9022
10462.09961 0.9022
10462.90039 0.902
10463.70020 0.902
10464.50000 0.9019
10465.29980 0.9019
10466.09961 0.9019
10466.90039 0.9019
10467.70020 0.9017
10468.50000 0.9014
10469.29980 0.9014
10470.09961 0.9011
10470.90039 0.9008
10471.70020 0.9003
10472.50000 0.8994
10473.29980 0.8991
10474.09961 0.8991
10474.90039 0.8986
10475.70020 0.898
10476.50000 0.8974
10477.29980 0.8972
10478.09961 0.8972
10478.90039 0.8966
10479.70020 0.8958
10480.50000 0.8955
10481.29980 0.8952
10482.09961 0.8949
10482.90039 0.8946
10483.70020 0.8946
10484.50000 0.8944
10485.29980 0.8941
10486.09961 0.8941
10486.90039 0.8941
10487.70020 0.8935
10488.50000 0.8929
10489.29980 0.8929
10490.09961 0.8929
10490.90039 0.8929
10491.70020 0.8929
10492.50000 0.8929
10493.29980 0.8929
10494.09961 0.8929
10494.90039 0.8929
10495.70020 0.8929
10496.50000 0.8929
10497.29980 0.8932
10498.09961 0.894
10498.90039 0.894
10499.70020 0.894
10500.50000 0.894
10501.29980 0.8943
10502.09961 0.8949
10502.90039 0.8957
10503.70020 0.8963
10504.50000 0.8963
10505.29980 0.8965
10506.09961 0.8968
10506.90039 0.8968
10507.70020 0.8977
10508.50000 0.8988
10509.29980 0.8991
10510.09961 0.8991
10510.90039 0.8999
10511.70020 0.901
10512.50000 0.9013
10513.29980 0.9013
10514.09961 0.9024
10514.90039 0.9035
10515.70020 0.9035
10516.50000 0.9041
10517.29980 0.9052
10518.09961 0.906
10518.90039 0.906
10519.70020 0.9063
10520.50000 0.9069
10521.29980 0.9074
10522.20020 0.908
10523.00000 0.908
10523.79980 0.9085
10524.59961 0.9097
10525.40039 0.9099
10526.20020 0.9102
10527.00000 0.9105
10527.79980 0.9108
10528.59961 0.911
10529.40039 0.9113
10530.20020 0.9119
10531.00000 0.9119
10531.79980 0.9119
10532.59961 0.9119
10533.40039 0.9122
10534.20020 0.9122
10535.00000 0.9124
10535.79980 0.9124
10536.59961 0.9124
10537.40039 0.9127
10538.20020 0.9127
10539.00000 0.9124
10539.79980 0.9124
10540.59961 0.9121
10541.40039 0.9119
10542.20020 0.9119
10543.00000 0.9116
10543.79980 0.9107
10544.59961 0.9107
10545.40039 0.9107
10546.20020 0.9107
10547.00000 0.9104
10547.79980 0.9102
10548.59961 0.9096
10549.40039 0.9088
10550.20020 0.9079
10551.00000 0.9079
10551.79980 0.9074
10552.59961 0.9065
10553.40039 0.906
10554.20020 0.9057
10555.00000 0.9057
10555.79980 0.9048
10556.59961 0.9037
10557.40039 0.9034
10558.20020 0.9034
10559.00000 0.9031
10559.79980 0.9026
10560.59961 0.902
10561.40039 0.9017
10562.20020 0.9012
10563.00000 0.9006
10563.79980 0.9001
10564.59961 0.8992
10565.40039 0.8989
10566.20020 0.8987
10567.00000 0.8984
10567.79980 0.8984
10568.59961 0.8973
10569.40039 0.8967
10570.20020 0.8967
10571.00000 0.8967
10571.79980 0.8961
10572.59961 0.895
10573.40039 0.895
10574.20020 0.895
10575.00000 0.895
10575.79980 0.895
10576.59961 0.895
10577.40039 0.895
10578.20020 0.895
10579.00000 0.895
10579.79980 0.895
10580.59961 0.895
10581.40039 0.895
10582.20020 0.895
10583.00000 0.895
10583.79980 0.895
10584.59961 0.895
10585.40039 0.895
10586.20020 0.895
10587.00000 0.895
10587.79980 0.895
10588.59961 0.895
10589.50000 0.895
10590.29980 0.895
10591.09961 0.895
10591.90039 0.895
10592.70020 0.8955
10593.50000 0.8958
10594.29980 0.8961
10595.09961 0.8961
10595.90039 0.8961
10596.70020 0.8961
10597.50000 0.8958
10598.29980 0.8955
10599.09961 0.8952
10599.90039 0.8949
10600.70020 0.8949
10601.50000 0.8949
10602.29980 0.8949
10603.09961 0.8947
10603.90039 0.8944
10604.70020 0.8941
10605.50000 0.8941
10606.29980 0.8938
10607.09961 0.8927
10607.90039 0.8921
10608.70020 0.8921
10609.50000 0.8918
10610.29980 0.8918
10611.09961 0.8913
10611.90039 0.8907
10612.70020 0.8902
10613.50000 0.8893
10614.29980 0.8888
10615.09961 0.8882
10615.90039 0.8876
10616.70020 0.8868
10617.50000 0.886
10618.29980 0.8854
10619.09961 0.8854
10619.90039 0.8843
10620.70020 0.8832
10621.50000 0.8823
10622.29980 0.8818
10623.09961 0.8806
10623.90039 0.8789
10624.70020 0.8787
10625.50000 0.8787
10626.29980 0.8773
10627.09961 0.8761
10627.90039 0.8756
10628.70020 0.8747
10629.50000 0.8739
10630.29980 0.8728
10631.09961 0.8722
10631.90039 0.8719
10632.70020 0.8705
10633.50000 0.8697
10634.29980 0.8686
10635.09961 0.8683
10635.90039 0.8669
10636.70020 0.8658
10637.50000 0.8652
10638.29980 0.8652
10639.09961 0.8646
10639.90039 0.8635
10640.70020 0.8627
10641.50000 0.8624
10642.29980 0.8613
10643.09961 0.8596
10643.90039 0.8593
10644.70020 0.859
10645.50000 0.8588
10646.29980 0.8588
10647.09961 0.8585
10647.90039 0.8579
10648.70020 0.8571
10649.50000 0.8562
10650.29980 0.8562
10651.09961 0.856
10651.90039 0.8557
10652.70020 0.8557
10653.50000 0.8557
10654.29980 0.8557
10655.20020 0.8557
10656.00000 0.8557
10656.79980 0.8557
10657.59961 0.8557
10658.40039 0.8554
10659.20020 0.8554
10660.00000 0.8557
10660.79980 0.8557
10661.59961 0.8556
10662.40039 0.8556
10663.20020 0.8556
10664.00000 0.8556
10664.79980 0.8559
10665.59961 0.8562
10666.40039 0.8562
10667.20020 0.8562
10668.00000 0.8568
10668.79980 0.8576
10669.59961 0.8582
10670.40039 0.8581
10671.20020 0.8584
10672.00000 0.8593
10672.79980 0.8593
10673.59961 0.8601
10674.40039 0.8604
10675.20020 0.8607
10676.00000 0.8607
10676.79980 0.8609
10677.59961 0.8612
10678.40039 0.8618
10679.20020 0.862
10680.00000 0.8623
10680.79980 0.8623
10681.59961 0.8626
10682.40039 0.8626
10683.20020 0.8626
10684.00000 0.8629
10684.79980 0.8629
10685.59961 0.8629
10686.40039 0.8632
10687.20020 0.8631
10688.00000 0.8631
10688.79980 0.8631
10689.59961 0.8631
10690.40039 0.8629
10691.20020 0.8626
10692.00000 0.8626
10692.79980 0.8626
10693.59961 0.8623
10694.40039 0.862
10695.20020 0.8615
10696.00000 0.8612
10696.79980 0.8609
10697.59961 0.8606
10698.40039 0.8606
10699.20020 0.86
10700.00000 0.8598
10700.79980 0.8589
10701.59961 0.8589
10702.40039 0.8586
10703.20020 0.8581
10704.00000 0.8572
10704.79980 0.8564
10705.59961 0.8564
10706.40039 0.8561
10707.20020 0.8558
10708.00000 0.8553
10708.79980 0.855
10709.59961 0.8544
10710.40039 0.8539
10711.20020 0.8539
10712.00000 0.8533
10712.79980 0.8522
10713.59961 0.8513
10714.40039 0.8511
10715.20020 0.8499
10716.00000 0.8497
10716.79980 0.8494
10717.59961 0.8494
10718.40039 0.8491
10719.20020 0.8485
10720.00000 0.8474
10720.79980 0.8474
10721.59961 0.8468
10722.40039 0.8463
10723.29980 0.8454
10724.09961 0.8452
10724.90039 0.8452
10725.70020 0.8449
10726.50000 0.8446
10727.29980 0.8443
10728.09961 0.8443
10728.90039 0.8443
10729.70020 0.8438
10730.50000 0.8432
10731.29980 0.8432
10732.09961 0.8432
10732.90039 0.8429
10733.70020 0.8426
10734.50000 0.8426
10735.29980 0.8423
10736.09961 0.8421
10736.90039 0.8418
10737.70020 0.8418
10738.50000 0.8415
10739.29980 0.8412
10740.09961 0.8409
10740.90039 0.8409
10741.70020 0.8409
10742.50000 0.8409
10743.29980 0.8409
10744.09961 0.8409
10744.90039 0.8409
10745.70020 0.8409
10746.50000 0.8409
10747.29980 0.8409
10748.09961 0.8409
10748.90039 0.8409
10749.70020 0.8409
10750.50000 0.8409
10751.29980 0.8409
10752.09961 0.8406
10752.90039 0.8406
10753.70020 0.8403
10754.50000 0.8403
10755.29980 0.8403
10756.09961 0.8401
10756.90039 0.8401
10757.70020 0.8398
10758.50000 0.8398
10759.29980 0.8398
10760.09961 0.8398
10760.90039 0.8389
10761.70020 0.8384
10762.50000 0.8381
10763.29980 0.8381
10764.09961 0.8375
10764.90039 0.8364
10765.70020 0.8364
10766.50000 0.8364
10767.29980 0.8358
10768.09961 0.8358
10768.90039 0.8353
10769.70020 0.8344
10770.50000 0.8336
10771.29980 0.8333
10772.09961 0.833
10772.90039 0.8325
10773.70020 0.8314
10774.50000 0.8308
10775.29980 0.8305
10776.09961 0.8299
10776.90039 0.8283
10777.70020 0.8274
10778.50000 0.8269
10779.29980 0.8266
10780.09961 0.8252
10780.90039 0.8238
10781.70020 0.8232
10782.50000 0.8232
10783.29980 0.8215
10784.09961 0.8201
10784.90039 0.8201
10785.70020 0.8201
10786.50000 0.819
10787.29980 0.8179
10788.09961 0.8173
10789.00000 0.8168
10789.79980 0.8154
10790.59961 0.8137
10791.40039 0.8134
10792.20020 0.8128
10793.00000 0.8117
10793.79980 0.8109
10794.59961 0.81
10795.40039 0.8098
10796.20020 0.8081
10797.00000 0.807
10797.79980 0.8061
10798.59961 0.8053
10799.40039 0.8047
10800.20020 0.8033
10801.00000 0.8028
10801.79980 0.8028
10802.59961 0.8022
10803.40039 0.8019
10804.20020 0.8016
10805.00000 0.8014
10805.79980 0.8002
10806.59961 0.8
10807.40039 0.7994
10808.20020 0.7991
10809.00000 0.7985
10809.79980 0.798
10810.59961 0.7977
10811.40039 0.7977
10812.20020 0.7974
10813.00000 0.7971
10813.79980 0.7971
10814.59961 0.7971
10815.40039 0.7971
10816.20020 0.7971
10817.00000 0.7971
10817.79980 0.7971
10818.59961 0.7971
10819.40039 0.7971
10820.20020 0.7974
10821.00000 0.7974
10821.79980 0.7977
10822.59961 0.798
10823.40039 0.798
10824.20020 0.7982
10825.00000 0.7994
10825.79980 0.8002
10826.59961 0.8007
10827.40039 0.8013
10828.20020 0.8019
10829.00000 0.8021
10829.79980 0.8024
10830.59961 0.8027
10831.40039 0.8038
10832.20020 0.8049
10833.00000 0.8058
10833.79980 0.8072
10834.59961 0.8077
10835.40039 0.8094
10836.20020 0.8105
10837.00000 0.8105
10837.79980 0.8114
10838.59961 0.8119
10839.40039 0.813
10840.20020 0.8141
10841.00000 0.815
10841.79980 0.8167
10842.59961 0.8172
10843.40039 0.8178
10844.20020 0.8192
10845.00000 0.8203
10845.79980 0.8211
10846.59961 0.822
10847.40039 0.8231
10848.20020 0.8242
10849.00000 0.825
10849.79980 0.8256
10850.59961 0.827
10851.40039 0.8284
10852.20020 0.8289
10853.00000 0.8298
10853.79980 0.8309
10854.59961 0.8323
10855.40039 0.8326
10856.29980 0.8334
10857.09961 0.8343
10857.90039 0.8354
10858.70020 0.8356
10859.50000 0.8356
10860.29980 0.8373
10861.09961 0.8387
10861.90039 0.839
10862.70020 0.8401
10863.50000 0.8412
10864.29980 0.8423
10865.09961 0.8426
10865.90039 0.8437
10866.70020 0.8446
10867.50000 0.8457
10868.29980 0.8465
10869.09961 0.8471
10869.90039 0.8479
10870.70020 0.8491
10871.50000 0.8493
10872.29980 0.8496
10873.09961 0.8504
10873.90039 0.8513
10874.70020 0.8516
10875.50000 0.8518
10876.29980 0.8524
10877.09961 0.8541
10877.90039 0.8549
10878.70020 0.8555
10879.50000 0.8557
10880.29980 0.8566
10881.09961 0.8571
10881.90039 0.858
10882.70020 0.8591
10883.50000 0.8602
10884.29980 0.8608
10885.09961 0.8613
10885.90039 0.8624
10886.70020 0.8638
10887.50000 0.8644
10888.29980 0.8647
10889.09961 0.8658
10889.90039 0.8669
10890.70020 0.8672
10891.50000 0.8677
10892.29980 0.8686
10893.09961 0.8691
10893.90039 0.8694
10894.70020 0.8703
10895.50000 0.8717
10896.29980 0.8728
10897.09961 0.8736
10897.90039 0.8736
10898.70020 0.875
10899.50000 0.8758
10900.29980 0.8767
10901.09961 0.8772
10901.90039 0.8795
10902.70020 0.8812
10903.50000 0.8817
10904.29980 0.8825
10905.09961 0.8837
10905.90039 0.8848
10906.70020 0.8856
10907.50000 0.8862
10908.29980 0.8876
10909.09961 0.8901
10909.90039 0.8906
10910.70020 0.8912
10911.50000 0.8926
10912.29980 0.8948
10913.09961 0.8954
10913.90039 0.896
10914.70020 0.8976
10915.50000 0.8993
10916.29980 0.9001
10917.09961 0.901
10917.90039 0.9024
10918.70020 0.9043
10919.50000 0.9049
10920.29980 0.9055
10921.09961 0.9074
10921.90039 0.9085
10922.79980 0.9094
10923.59961 0.9105
10924.40039 0.9113
10925.20020 0.9122
10926.00000 0.9124
10926.79980 0.913
10927.59961 0.9136
10928.40039 0.9147
10929.20020 0.9149
10930.00000 0.9152
10930.79980 0.9172
10931.59961 0.9189
10932.40039 0.9191
10933.20020 0.92
10934.00000 0.9205
10934.79980 0.9211
10935.59961 0.9211
10936.40039 0.9216
10937.20020 0.923
10938.00000 0.9239
10938.79980 0.9244
10939.59961 0.9253
10940.40039 0.9256
10941.20020 0.9256
10942.00000 0.9256
10942.79980 0.9258
10943.59961 0.9267
10944.40039 0.9272
10945.20020 0.9272
10946.00000 0.9272
10946.79980 0.9275
10947.59961 0.9278
10948.40039 0.9283
10949.20020 0.9286
10950.00000 0.9289
10950.79980 0.9294
10951.59961 0.9294
10952.40039 0.9297
10953.20020 0.9297
10954.00000 0.9297
10954.79980 0.93
10955.59961 0.93
10956.40039 0.93
10957.20020 0.93
10958.00000 0.93
10958.79980 0.93
10959.59961 0.93
10960.40039 0.9297
10961.20020 0.9297
10962.00000 0.9294
10962.79980 0.9294
10963.59961 0.9294
10964.40039 0.9294
10965.20020 0.9294
10966.00000 0.9289
10966.79980 0.9286
10967.59961 0.928
10968.40039 0.9277
10969.20020 0.9277
10970.00000 0.9277
10970.79980 0.9274
10971.59961 0.9274
10972.40039 0.9272
10973.20020 0.9269
10974.00000 0.9266
10974.79980 0.9266
10975.59961 0.9266
10976.40039 0.9266
10977.20020 0.926
10978.00000 0.926
10978.79980 0.9255
10979.59961 0.9255
10980.40039 0.9249
10981.20020 0.9249
10982.00000 0.9243
10982.79980 0.9232
10983.59961 0.9232
10984.40039 0.9232
10985.20020 0.9232
10986.00000 0.9229
10986.79980 0.9227
10987.59961 0.9227
10988.40039 0.9224
