threeML/data/optical_filters/Paranal/ISAAC-SZ.ecsv
# %ECSV 0.9
# ---
# datatype:
# - {name: wavelength, unit: Angstrom, datatype: float32}
# - {name: response, datatype: float32}
# meta: !!omap
# - {band_name: SZ}
# - {group_name: ISAAC}
wavelength response
[from data line 1705]
10990.09961 0.9213
10990.90039 0.921
10991.70020 0.9207
10992.50000 0.9204
10993.29980 0.9201
10994.09961 0.9196
10994.90039 0.919
10995.70020 0.9182
10996.50000 0.9182
10997.29980 0.9182
10998.09961 0.9179
10998.90039 0.9176
10999.70020 0.9176
11000.50000 0.9176
11001.29980 0.9165
11002.09961 0.9159
11002.90039 0.9159
11003.70020 0.9159
11004.50000 0.9151
11005.29980 0.9139
11006.09961 0.9139
11006.90039 0.9137
11007.70020 0.9134
11008.50000 0.9128
11009.29980 0.9123
11010.09961 0.912
11010.90039 0.912
11011.70020 0.9117
11012.50000 0.9114
11013.29980 0.9114
11014.09961 0.9103
11014.90039 0.9094
11015.70020 0.9092
11016.50000 0.9092
11017.29980 0.9083
11018.09961 0.9072
11018.90039 0.9069
11019.70020 0.9069
11020.50000 0.9061
11021.29980 0.905
11022.09961 0.9047
11022.90039 0.9044
11023.70020 0.9036
11024.50000 0.9024
11025.29980 0.9022
11026.09961 0.9019
11026.90039 0.9016
11027.70020 0.8999
11028.50000 0.8991
11029.29980 0.8985
11030.09961 0.8982
11030.90039 0.8979
11031.70020 0.8977
11032.50000 0.8974
11033.29980 0.8963
11034.09961 0.8957
11034.90039 0.8954
11035.70020 0.8949
11036.50000 0.8943
11037.29980 0.8929
11038.09961 0.8923
11038.90039 0.8918
11039.70020 0.8912
11040.50000 0.8912
11041.29980 0.8904
11042.09961 0.8898
11042.90039 0.8887
11043.70020 0.8878
11044.50000 0.887
11045.29980 0.8867
11046.09961 0.8859
11046.90039 0.8848
11047.70020 0.8845
11048.50000 0.8845
11049.29980 0.8839
11050.09961 0.8828
11050.90039 0.8822
11051.70020 0.8822
11052.50000 0.8817
11053.29980 0.8808
11054.09961 0.8803
11054.90039 0.88
11055.70020 0.8797
11056.59961 0.8794
11057.40039 0.8786
11058.20020 0.8783
11059.00000 0.8777
11059.79980 0.8777
11060.59961 0.8772
11061.40039 0.8766
11062.20020 0.8761
11063.00000 0.8755
11063.79980 0.8752
11064.59961 0.8749
11065.40039 0.8749
11066.20020 0.8741
11067.00000 0.8741
11067.79980 0.8738
11068.59961 0.8738
11069.40039 0.8738
11070.20020 0.8738
11071.00000 0.8738
11071.79980 0.8738
11072.59961 0.8738
11073.40039 0.8738
11074.20020 0.8738
11075.00000 0.8738
11075.79980 0.8738
11076.59961 0.8738
11077.40039 0.8738
11078.20020 0.8741
11079.00000 0.8741
11079.79980 0.8746
11080.59961 0.8746
11081.40039 0.8749
11082.20020 0.8749
11083.00000 0.8749
11083.79980 0.8749
11084.59961 0.8755
11085.40039 0.8754
11086.20020 0.876
11087.00000 0.8766
11087.79980 0.8774
11088.59961 0.8777
11089.40039 0.878
11090.20020 0.8782
11091.00000 0.8785
11091.79980 0.8794
11092.59961 0.8794
11093.40039 0.8796
11094.20020 0.8799
11095.00000 0.8807
11095.79980 0.8813
11096.59961 0.8821
11097.40039 0.8824
11098.20020 0.883
11099.00000 0.8835
11099.79980 0.8838
11100.59961 0.8841
11101.40039 0.8844
11102.20020 0.8846
11103.00000 0.8849
11103.79980 0.8858
11104.59961 0.8866
11105.40039 0.8866
11106.20020 0.8866
11107.00000 0.8874
11107.79980 0.8886
11108.59961 0.8888
11109.40039 0.8891
11110.20020 0.8899
11111.00000 0.8905
11111.79980 0.8908
11112.59961 0.8911
11113.40039 0.8913
11114.20020 0.8916
11115.00000 0.8919
11115.79980 0.8922
11116.59961 0.8927
11117.40039 0.893
11118.20020 0.8933
11119.00000 0.8933
11119.79980 0.8933
11120.59961 0.8938
11121.40039 0.8941
11122.20020 0.8947
11123.09961 0.8955
11123.90039 0.8958
11124.70020 0.8958
11125.50000 0.8961
11126.29980 0.8961
11127.09961 0.8961
11127.90039 0.8961
11128.70020 0.8961
11129.50000 0.8961
11130.29980 0.8961
11131.09961 0.8963
11131.90039 0.8961
11132.70020 0.8961
11133.50000 0.896
11134.29980 0.896
11135.09961 0.8963
11135.90039 0.8963
11136.70020 0.8963
11137.50000 0.8963
11138.29980 0.896
11139.09961 0.896
11139.90039 0.896
11140.70020 0.896
11141.50000 0.896
11142.29980 0.896
11143.09961 0.896
11143.90039 0.896
11144.70020 0.896
11145.50000 0.896
11146.29980 0.8958
11147.09961 0.8958
11147.90039 0.8955
11148.70020 0.8955
11149.50000 0.8955
11150.29980 0.8955
11151.09961 0.8952
11151.90039 0.8952
11152.70020 0.8946
11153.50000 0.8946
11154.29980 0.8941
11155.09961 0.8941
11155.90039 0.8938
11156.70020 0.8938
11157.50000 0.8938
11158.29980 0.8938
11159.09961 0.8938
11159.90039 0.8938
11160.70020 0.8938
11161.50000 0.8938
11162.29980 0.8938
11163.09961 0.8938
11163.90039 0.8935
11164.70020 0.8935
11165.50000 0.8932
11166.29980 0.8932
11167.09961 0.8932
11167.90039 0.8932
11168.70020 0.8929
11169.50000 0.8929
11170.29980 0.8926
11171.09961 0.8926
11171.90039 0.8926
11172.70020 0.8926
11173.50000 0.8926
11174.29980 0.8926
11175.09961 0.8926
11175.90039 0.8926
11176.70020 0.8926
11177.50000 0.8926
11178.29980 0.8926
11179.09961 0.8926
11179.90039 0.8924
11180.70020 0.8924
11181.50000 0.8921
11182.29980 0.8921
11183.09961 0.8918
11183.90039 0.8918
11184.70020 0.8918
11185.50000 0.8918
11186.29980 0.8915
11187.09961 0.8915
11187.90039 0.8915
11188.70020 0.8915
11189.50000 0.8915
11190.40039 0.8915
11191.20020 0.8915
11192.00000 0.8915
11192.79980 0.8915
11193.59961 0.8915
11194.40039 0.8915
11195.20020 0.8915
11196.00000 0.8915
11196.79980 0.8915
11197.59961 0.8915
11198.40039 0.8915
11199.20020 0.8915
11200.00000 0.8915
11200.79980 0.8915
11201.59961 0.8915
11202.40039 0.8915
11203.20020 0.8915
11204.00000 0.8915
11204.79980 0.8915
11205.59961 0.8915
11206.40039 0.8915
11207.20020 0.8915
11208.00000 0.8915
11208.79980 0.8915
11209.59961 0.8915
11210.40039 0.8915
11211.20020 0.8915
11212.00000 0.8915
11212.79980 0.8915
11213.59961 0.8915
11214.40039 0.8915
11215.20020 0.8915
11216.00000 0.8915
11216.79980 0.8915
11217.59961 0.8915
11218.40039 0.8915
11219.20020 0.8915
11220.00000 0.8915
11220.79980 0.8915
11221.59961 0.8915
11222.40039 0.8915
11223.20020 0.8915
11224.00000 0.8915
11224.79980 0.8915
11225.59961 0.8915
11226.40039 0.8915
11227.20020 0.8915
11228.00000 0.8915
11228.79980 0.8915
11229.59961 0.8915
11230.40039 0.8915
11231.20020 0.8915
11232.00000 0.8915
11232.79980 0.8915
11233.59961 0.8915
11234.40039 0.8915
11235.20020 0.8915
11236.00000 0.8915
11236.79980 0.8915
11237.59961 0.8915
11238.40039 0.8915
11239.20020 0.8915
11240.00000 0.8915
11240.79980 0.8915
11241.59961 0.8915
11242.40039 0.8915
11243.20020 0.8915
11244.00000 0.8915
11244.79980 0.8915
11245.59961 0.8914
11246.40039 0.8914
11247.20020 0.8914
11248.00000 0.8914
11248.79980 0.8914
11249.59961 0.8914
11250.40039 0.8914
11251.20020 0.8914
11252.00000 0.8914
11252.79980 0.8914
11253.59961 0.8914
11254.40039 0.8914
11255.20020 0.8914
11256.00000 0.8914
11256.90039 0.8914
11257.70020 0.8914
11258.50000 0.8912
11259.29980 0.8912
11260.09961 0.8909
11260.90039 0.8909
11261.70020 0.89
11262.50000 0.89
11263.29980 0.8892
11264.09961 0.8892
11264.90039 0.8892
11265.70020 0.8892
11266.50000 0.8892
11267.29980 0.8892
11268.09961 0.8892
11268.90039 0.8892
11269.70020 0.8892
11270.50000 0.8892
11271.29980 0.8889
11272.09961 0.8889
11272.90039 0.8886
11273.70020 0.8886
11274.50000 0.8883
11275.29980 0.8883
11276.09961 0.8881
11276.90039 0.8881
11277.70020 0.8881
11278.50000 0.8881
11279.29980 0.8875
11280.09961 0.8875
11280.90039 0.8869
11281.70020 0.8869
11282.50000 0.8869
11283.29980 0.8869
11284.09961 0.8869
11284.90039 0.8869
11285.70020 0.8869
11286.50000 0.8869
11287.29980 0.8864
11288.09961 0.8864
11288.90039 0.8858
11289.70020 0.8858
11290.50000 0.8852
11291.29980 0.8852
11292.09961 0.8844
11292.90039 0.8844
11293.70020 0.8841
11294.50000 0.8841
11295.29980 0.8841
11296.09961 0.8841
11296.90039 0.8838
11297.70020 0.8838
11298.50000 0.8836
11299.29980 0.8836
11300.09961 0.8836
11300.90039 0.8836
11301.70020 0.883
11302.50000 0.883
11303.29980 0.8824
11304.09961 0.8824
11304.90039 0.8824
11305.70020 0.8824
11306.50000 0.8824
11307.29980 0.8824
11308.09961 0.8822
11308.90039 0.8822
11309.70020 0.8819
11310.50000 0.8819
11311.29980 0.8819
11312.09961 0.8819
11312.90039 0.8819
11313.70020 0.8819
11314.50000 0.8813
11315.29980 0.8813
11316.09961 0.8813
11316.90039 0.8813
11317.70020 0.8813
11318.50000 0.8813
11319.29980 0.8813
11320.09961 0.8813
11320.90039 0.8813
11321.70020 0.8813
11322.50000 0.8813
11323.40039 0.8813
11324.20020 0.8813
11325.00000 0.8813
11325.79980 0.8816
11326.59961 0.8816
11327.40039 0.8819
11328.20020 0.8819
11329.00000 0.8818
11329.79980 0.8818
11330.59961 0.8818
11331.40039 0.8818
11332.20020 0.8821
11333.00000 0.8821
11333.79980 0.8832
11334.59961 0.8832
11335.40039 0.8835
11336.20020 0.8835
11337.00000 0.8835
11337.79980 0.8835
11338.59961 0.8838
11339.40039 0.8838
11340.20020 0.8841
11341.00000 0.8841
11341.79980 0.8844
11342.59961 0.8844
11343.40039 0.8849
11344.20020 0.8849
11345.00000 0.8857
11345.79980 0.8857
11346.59961 0.8866
11347.40039 0.8866
11348.20020 0.8871
11349.00000 0.8871
11349.79980 0.8874
11350.59961 0.8874
11351.40039 0.8885
11352.20020 0.8885
11353.00000 0.8897
11353.79980 0.8897
11354.59961 0.8899
11355.40039 0.8899
11356.20020 0.8908
11357.00000 0.8908
11357.79980 0.8916
11358.59961 0.8916
11359.40039 0.893
11360.20020 0.893
11361.00000 0.8936
11361.79980 0.8936
11362.59961 0.8947
11363.40039 0.8947
11364.20020 0.8961
11365.00000 0.8961
11365.79980 0.8975
11366.59961 0.8975
11367.40039 0.898
11368.20020 0.898
11369.00000 0.8989
11369.79980 0.8989
11370.59961 0.9003
11371.40039 0.9003
11372.20020 0.9014
11373.00000 0.9014
11373.79980 0.9019
11374.59961 0.9019
11375.40039 0.9022
11376.20020 0.9022
11377.00000 0.9036
11377.79980 0.9036
11378.59961 0.9047
11379.40039 0.9047
11380.20020 0.9053
11381.00000 0.9053
11381.79980 0.9061
11382.59961 0.9061
11383.40039 0.9064
11384.20020 0.9064
11385.00000 0.9067
11385.79980 0.9067
11386.59961 0.9072
11387.40039 0.9072
11388.20020 0.9078
11389.00000 0.9078
11389.79980 0.9081
11390.70020 0.9081
11391.50000 0.9081
11392.29980 0.9081
11393.09961 0.9081
11393.90039 0.9081
11394.70020 0.9075
11395.50000 0.9075
11396.29980 0.9061
11397.09961 0.9061
11397.90039 0.9058
11398.70020 0.9058
11399.50000 0.9042
11400.29980 0.9042
11401.09961 0.9033
11401.90039 0.9033
11402.70020 0.9008
11403.50000 0.9008
11404.29980 0.8972
11405.09961 0.8972
11405.90039 0.8963
11406.70020 0.8963
11407.50000 0.8955
11408.29980 0.8955
11409.09961 0.8927
11409.90039 0.8927
11410.70020 0.8904
11411.50000 0.8904
11412.29980 0.889
11413.09961 0.889
11413.90039 0.8871
11414.70020 0.8871
11415.50000 0.879
11416.29980 0.8868
11417.09961 0.8778
11417.90039 0.8734
11418.70020 0.87
11419.50000 0.8658
11420.29980 0.8596
11421.09961 0.8552
11421.90039 0.8524
11422.70020 0.8359
11423.50000 0.8521
11424.29980 0.835
11425.09961 0.8317
11425.90039 0.8238
11426.70020 0.8188
11427.50000 0.8087
11428.29980 0.8048
11429.09961 0.8009
11429.90039 0.7928
11430.70020 0.7821
11431.50000 0.7788
11432.29980 0.7735
11433.09961 0.7494
11433.90039 0.7494
11434.70020 0.7723
11435.50000 0.7508
11436.29980 0.7508
11437.09961 0.7508
11437.90039 0.7438
11438.70020 0.7438
11439.50000 0.7438
11440.29980 0.7371
11441.09961 0.7371
11441.90039 0.7371
11442.70020 0.7253
11443.50000 0.7253
11444.29980 0.7253
11445.09961 0.7186
11445.90039 0.7186
11446.70020 0.7186
11447.50000 0.7108
11448.29980 0.7108
11449.09961 0.7108
11449.90039 0.7077
11450.70020 0.7077
11451.50000 0.7077
11452.29980 0.6822
11453.09961 0.6822
11453.90039 0.7021
11454.70020 0.6792
11455.50000 0.6792
11456.40039 0.6744
11457.20020 0.6744
11458.00000 0.6669
11458.79980 0.6669
11459.59961 0.6509
11460.40039 0.6629
11461.20020 0.6447
11462.00000 0.6414
11462.79980 0.6308
11463.59961 0.6014
11464.40039 0.6366
11465.20020 0.6011
11466.00000 0.5913
11466.79980 0.5796
11467.59961 0.5782
11468.40039 0.558
11469.20020 0.5507
11470.00000 0.5477
11470.79980 0.5465
11471.59961 0.5303
11472.40039 0.5219
11473.20020 0.5174
11474.00000 0.5132
11474.79980 0.4925
11475.59961 0.4883
11476.40039 0.4813
11477.20020 0.4634
11478.00000 0.4783
11478.79980 0.4584
11479.59961 0.4584
11480.40039 0.455
11481.20020 0.455
11482.00000 0.4455
11482.79980 0.4455
11483.59961 0.4226
11484.40039 0.4497
11485.20020 0.4187
11486.00000 0.4111
11486.79980 0.4024
11487.59961 0.401
11488.40039 0.3862
11489.20020 0.3781
11490.00000 0.3742
11490.79980 0.3605
11491.59961 0.3507
11492.40039 0.3412
11493.20020 0.337
11494.00000 0.333
11494.79980 0.3168
11495.59961 0.3137
11496.40039 0.309
11497.20020 0.2978
11498.00000 0.2978
11498.79980 0.3087
11499.59961 0.295
11500.40039 0.295
11501.20020 0.2922
11502.00000 0.2922
11502.79980 0.286
11503.59961 0.286
11504.40039 0.2698
11505.20020 0.286
11506.00000 0.269
11506.79980 0.265
11507.59961 0.2586
11508.40039 0.2516
11509.20020 0.2455
11510.00000 0.2407
11510.79980 0.2371
11511.59961 0.2287
11512.40039 0.2214
11513.20020 0.2169
11514.00000 0.2127
11514.79980 0.2085
11515.59961 0.2035
11516.40039 0.2001
11517.20020 0.1973
11518.00000 0.1926
11518.79980 0.187
11519.59961 0.1828
11520.40039 0.1794
11521.20020 0.1758
11522.00000 0.1699
11522.79980 0.1674
11523.59961 0.1646
11524.50000 0.1584
11525.29980 0.1531
11526.09961 0.1492
11526.90039 0.145
11527.70020 0.1442
11528.50000 0.1341
11529.29980 0.1327
11530.09961 0.1304
11530.90039 0.1265
11531.70020 0.124
11532.50000 0.122
11533.29980 0.1192
11534.09961 0.1187
11534.90039 0.1108
11535.70020 0.1094
11536.50000 0.1072
11537.29980 0.1038
11538.09961 0.1008
11538.90039 0.09909
11539.70020 0.09713
11540.50000 0.09377
11541.29980 0.09069
11542.09961 0.08845
11542.90039 0.08705
11543.70020 0.08425
11544.50000 0.08089
11545.29980 0.07893
11546.09961 0.07725
11546.90039 0.07501
11547.70020 0.07165
11548.50000 0.07109
11549.29980 0.06969
11550.09961 0.06801
11550.90039 0.06605
11551.70020 0.06521
11552.50000 0.06409
11553.29980 0.06213
11554.09961 0.05989
11554.90039 0.05849
11555.70020 0.05709
11556.50000 0.05513
11557.29980 0.05289
11558.09961 0.05177
11558.90039 0.05093
11559.70020 0.04925
11560.50000 0.04757
11561.29980 0.04645
11562.09961 0.04533
11562.90039 0.04393
11563.70020 0.04225
11564.50000 0.04168
11565.29980 0.04084
11566.09961 0.04
11566.90039 0.03972
11567.70020 0.03916
11568.50000 0.03832
11569.29980 0.03692
11570.09961 0.03552
11570.90039 0.03552
11571.70020 0.03495
11572.50000 0.03411
11573.29980 0.03355
11574.09961 0.03271
11574.90039 0.03243
11575.70020 0.03131
11576.50000 0.03075
11577.29980 0.03047
11578.09961 0.03018
11578.90039 0.02906
11579.70020 0.02878
11580.50000 0.02822
11581.29980 0.02766
11582.09961 0.0271
11582.90039 0.0257
11583.70020 0.02542
11584.50000 0.02542
11585.29980 0.02485
11586.09961 0.02485
11586.90039 0.02485
11587.70020 0.02457
11588.50000 0.02401
11589.29980 0.02317
11590.20020 0.02233
11591.00000 0.02232
11591.79980 0.02204
11592.59961 0.02176
11593.40039 0.02148
11594.20020 0.02148
11595.00000 0.02092
11595.79980 0.02036
11596.59961 0.02007
11597.40039 0.01979
11598.20020 0.01951
11599.00000 0.01923
11599.79980 0.01923
11600.59961 0.01923
11601.40039 0.01895
11602.20020 0.01866
11603.00000 0.0181
11603.79980 0.0181
11604.59961 0.01754
11605.40039 0.01726
11606.20020 0.01698
11607.00000 0.01698
11607.79980 0.01697
11608.59961 0.01641
11609.40039 0.01585
11610.20020 0.01585
11611.00000 0.01557
11611.79980 0.01529
11612.59961 0.01528
11613.40039 0.01528
11614.20020 0.015
11615.00000 0.01472
11615.79980 0.01472
11616.59961 0.01472
11617.40039 0.0136
11618.20020 0.01303
11619.00000 0.01303
11619.79980 0.01303
11620.59961 0.01275
11621.40039 0.01247
11622.20020 0.01247
11623.00000 0.01247
11623.79980 0.0119
11624.59961 0.01134
11625.40039 0.01134
11626.20020 0.01134
11627.00000 0.01106
11627.79980 0.01078
11628.59961 0.01077
11629.40039 0.01049
11630.20020 0.01049
11631.00000 0.01021
11631.79980 0.01021
11632.59961 0.01021
11633.40039 0.009645
11634.20020 0.009084
11635.00000 0.009083
11635.79980 0.009081
11636.59961 0.009079
11637.40039 0.008798
11638.20020 0.008516
11639.00000 0.008514
11639.79980 0.008233
11640.59961 0.007112
11641.40039 0.006831
11642.20020 0.006829
11643.00000 0.006827
11643.79980 0.006826
11644.59961 0.006544
11645.40039 0.006543
11646.20020 0.006261
11647.00000 0.00598
11647.79980 0.005978
11648.59961 0.005697
11649.40039 0.005695
11650.20020 0.005134
11651.00000 0.005132
11651.79980 0.004571
11652.59961 0.004569
11653.40039 0.004567
11654.20020 0.004566
11655.00000 0.004564
11655.79980 0.004562
11656.59961 0.004281
11657.50000 0.004279
11658.29980 0.004277
12824.12988 0.0
