threeML/data/optical_filters/Paranal/ISAAC-NB213.ecsv
# %ECSV 0.9
# ---
# datatype:
# - {name: wavelength, unit: Angstrom, datatype: float32}
# - {name: response, datatype: float32}
# meta: !!omap
# - {band_name: NB213}
# - {group_name: ISAAC}
wavelength response
18664.19922 0.0
20738.00000 0.004
20743.00000 0.0041
20747.00000 0.0043
20751.00000 0.0045
20756.00000 0.0046
20760.00000 0.0048
20764.00000 0.005
20768.00000 0.0051
20773.00000 0.0052
20777.00000 0.0053
20781.00000 0.0054
20786.00000 0.0056
20790.00000 0.0059
20794.00000 0.0061
20799.00000 0.0063
20803.00000 0.0066
20807.00000 0.0068
20812.00000 0.0071
20816.00000 0.0074
20820.00000 0.0077
20825.00000 0.0081
20829.00000 0.0083
20833.00000 0.0086
20838.00000 0.0089
20842.00000 0.0093
20846.00000 0.0097
20851.00000 0.0101
20855.00000 0.0104
20859.00000 0.0108
20864.00000 0.0112
20868.00000 0.0116
20872.00000 0.0121
20877.00000 0.0125
20881.00000 0.0129
20886.00000 0.0134
20890.00000 0.014
20894.00000 0.0147
20899.00000 0.0154
20903.00000 0.0161
20907.00000 0.0168
20912.00000 0.0176
20916.00000 0.0185
20921.00000 0.0194
20925.00000 0.0203
20929.00000 0.0213
20934.00000 0.0224
20938.00000 0.0235
20942.00000 0.0248
20947.00000 0.0261
20951.00000 0.0274
20956.00000 0.0288
20960.00000 0.0303
20964.00000 0.0319
20969.00000 0.0335
20973.00000 0.0353
20978.00000 0.0372
20982.00000 0.0393
20986.00000 0.0416
20991.00000 0.0441
20995.00000 0.0468
21000.00000 0.0495
21004.00000 0.0525
21008.00000 0.0556
21013.00000 0.0591
21017.00000 0.0627
21022.00000 0.0667
21026.00000 0.0709
21030.00000 0.0755
21035.00000 0.0805
21039.00000 0.0859
21044.00000 0.0917
21048.00000 0.0979
21053.00000 0.1045
21057.00000 0.1118
21061.00000 0.1195
21066.00000 0.1279
21070.00000 0.1367
21075.00000 0.1462
21079.00000 0.1565
21084.00000 0.1677
21088.00000 0.1796
21093.00000 0.1924
21097.00000 0.206
21101.00000 0.2205
21106.00000 0.2362
21110.00000 0.2529
21115.00000 0.2706
21119.00000 0.289
21124.00000 0.3084
21128.00000 0.3289
21133.00000 0.3505
21137.00000 0.3728
21142.00000 0.3956
21146.00000 0.4189
21151.00000 0.4428
21155.00000 0.4672
21160.00000 0.4917
21164.00000 0.5159
21169.00000 0.5395
21173.00000 0.5626
21177.00000 0.5852
21182.00000 0.607
21186.00000 0.6275
21191.00000 0.6464
21195.00000 0.6637
21200.00000 0.6799
21204.00000 0.6951
21209.00000 0.7086
21213.00000 0.7202
21218.00000 0.73
21222.00000 0.7386
21227.00000 0.7464
21231.00000 0.7533
21236.00000 0.7587
21240.00000 0.7629
21245.00000 0.7662
21249.00000 0.7692
21254.00000 0.7721
21259.00000 0.7745
21263.00000 0.7759
21268.00000 0.7768
21272.00000 0.7778
21277.00000 0.7791
21281.00000 0.7804
21286.00000 0.7813
21290.00000 0.7816
21295.00000 0.7819
21299.00000 0.7825
21304.00000 0.783
21308.00000 0.783
21313.00000 0.7821
21317.00000 0.7805
21322.00000 0.7784
21327.00000 0.776
21331.00000 0.7724
21336.00000 0.7672
21340.00000 0.7604
21345.00000 0.7521
21349.00000 0.7427
21354.00000 0.732
21358.00000 0.719
21363.00000 0.704
21368.00000 0.687
21372.00000 0.6685
21377.00000 0.6486
21381.00000 0.6271
21386.00000 0.6036
21390.00000 0.5789
21395.00000 0.5534
21400.00000 0.5275
21404.00000 0.5014
21409.00000 0.475
21413.00000 0.4485
21418.00000 0.4223
21422.00000 0.3969
21427.00000 0.3722
21432.00000 0.3484
21436.00000 0.3253
21441.00000 0.3032
21445.00000 0.2823
21450.00000 0.2628
21455.00000 0.2445
21459.00000 0.2272
21464.00000 0.211
21468.00000 0.1958
21473.00000 0.1818
21478.00000 0.1688
21482.00000 0.1567
21487.00000 0.1454
21492.00000 0.1351
21496.00000 0.1255
21501.00000 0.1168
21505.00000 0.1087
21510.00000 0.1012
21515.00000 0.0942
21519.00000 0.0877
21524.00000 0.0817
21529.00000 0.0762
21533.00000 0.0711
21538.00000 0.0663
21542.00000 0.0619
21547.00000 0.0579
21552.00000 0.0542
21556.00000 0.0507
21561.00000 0.0474
21566.00000 0.0444
21570.00000 0.0416
21575.00000 0.0391
21580.00000 0.0368
21584.00000 0.0347
21589.00000 0.0328
21594.00000 0.0309
21598.00000 0.0291
21603.00000 0.0274
21608.00000 0.0257
21612.00000 0.0242
21617.00000 0.0229
21622.00000 0.0216
21626.00000 0.0205
21631.00000 0.0194
21636.00000 0.0184
21640.00000 0.0174
21645.00000 0.0165
21650.00000 0.0157
21654.00000 0.0149
21659.00000 0.0142
21664.00000 0.0135
21668.00000 0.0129
21673.00000 0.0124
21678.00000 0.0118
21683.00000 0.0113
21687.00000 0.0107
21692.00000 0.0102
21697.00000 0.0097
21701.00000 0.0093
21706.00000 0.0088
21711.00000 0.0084
21716.00000 0.0081
21720.00000 0.0078
21725.00000 0.0076
21730.00000 0.0073
21734.00000 0.0069
21739.00000 0.0065
21744.00000 0.0062
21749.00000 0.0059
21753.00000 0.0057
21758.00000 0.0055
21763.00000 0.0052
21768.00000 0.005
21772.00000 0.0048
21777.00000 0.0046
21782.00000 0.0045
21786.00000 0.0044
21791.00000 0.0042
21796.00000 0.0041
21801.00000 0.0041
21805.00000 0.004
23985.50000 0.0
