threeML/data/optical_filters/Paranal/ISAAC-NB217.ecsv
# %ECSV 0.9
# ---
# datatype:
# - {name: wavelength, unit: Angstrom, datatype: float32}
# - {name: response, datatype: float32}
# meta: !!omap
# - {band_name: NB217}
# - {group_name: ISAAC}
wavelength response
19052.09961 0.0
21169.00000 0.004
21173.00000 0.0041
21177.00000 0.0043
21182.00000 0.0045
21186.00000 0.0047
21191.00000 0.0049
21195.00000 0.0051
21200.00000 0.0052
21204.00000 0.0054
21209.00000 0.0056
21213.00000 0.0058
21218.00000 0.0061
21222.00000 0.0063
21227.00000 0.0066
21231.00000 0.0069
21236.00000 0.0072
21240.00000 0.0075
21245.00000 0.0078
21249.00000 0.0081
21254.00000 0.0084
21259.00000 0.0088
21263.00000 0.0091
21268.00000 0.0095
21272.00000 0.0098
21277.00000 0.0102
21281.00000 0.0107
21286.00000 0.0111
21290.00000 0.0117
21295.00000 0.0122
21299.00000 0.0128
21304.00000 0.0134
21308.00000 0.014
21313.00000 0.0146
21317.00000 0.0154
21322.00000 0.0161
21327.00000 0.0169
21331.00000 0.0177
21336.00000 0.0186
21340.00000 0.0195
21345.00000 0.0205
21349.00000 0.0216
21354.00000 0.0229
21358.00000 0.0241
21363.00000 0.0255
21368.00000 0.0269
21372.00000 0.0284
21377.00000 0.0301
21381.00000 0.0319
21386.00000 0.0337
21390.00000 0.0357
21395.00000 0.0379
21400.00000 0.0401
21404.00000 0.0427
21409.00000 0.0453
21413.00000 0.0482
21418.00000 0.0513
21422.00000 0.0547
21427.00000 0.0584
21432.00000 0.0624
21436.00000 0.0666
21441.00000 0.0712
21445.00000 0.0762
21450.00000 0.0816
21455.00000 0.0875
21459.00000 0.0938
21464.00000 0.1007
21468.00000 0.108
21473.00000 0.1161
21478.00000 0.1248
21482.00000 0.1343
21487.00000 0.1444
21492.00000 0.1554
21496.00000 0.1672
21501.00000 0.1801
21505.00000 0.1937
21510.00000 0.2083
21515.00000 0.2238
21519.00000 0.2404
21524.00000 0.2583
21529.00000 0.2773
21533.00000 0.2972
21538.00000 0.3179
21542.00000 0.3395
21547.00000 0.3621
21552.00000 0.3854
21556.00000 0.4092
21561.00000 0.4331
21566.00000 0.457
21570.00000 0.4811
21575.00000 0.5051
21580.00000 0.5285
21584.00000 0.551
21589.00000 0.5723
21594.00000 0.5926
21598.00000 0.6121
21603.00000 0.6305
21608.00000 0.647
21612.00000 0.6619
21617.00000 0.6752
21622.00000 0.6872
21626.00000 0.698
21631.00000 0.7076
21636.00000 0.7153
21640.00000 0.7217
21645.00000 0.7271
21650.00000 0.7319
21654.00000 0.736
21659.00000 0.7391
21664.00000 0.741
21668.00000 0.7423
21673.00000 0.7436
21678.00000 0.7446
21683.00000 0.7451
21687.00000 0.7449
21692.00000 0.7441
21697.00000 0.7433
21701.00000 0.7425
21706.00000 0.7412
21711.00000 0.739
21716.00000 0.736
21720.00000 0.7323
21725.00000 0.7283
21730.00000 0.7237
21734.00000 0.7177
21739.00000 0.7102
21744.00000 0.7013
21749.00000 0.6912
21753.00000 0.68
21758.00000 0.6673
21763.00000 0.6526
21768.00000 0.6363
21772.00000 0.6186
21777.00000 0.5998
21782.00000 0.5799
21786.00000 0.5587
21791.00000 0.5362
21796.00000 0.513
21801.00000 0.4894
21805.00000 0.4656
21810.00000 0.4417
21815.00000 0.4177
21820.00000 0.3938
21825.00000 0.3705
21829.00000 0.348
21834.00000 0.3261
21839.00000 0.3049
21844.00000 0.2844
21848.00000 0.2649
21853.00000 0.2465
21858.00000 0.2291
21863.00000 0.2126
21867.00000 0.1971
21872.00000 0.1826
21877.00000 0.169
21882.00000 0.1566
21887.00000 0.1451
21891.00000 0.1343
21896.00000 0.1243
21901.00000 0.1151
21906.00000 0.1066
21911.00000 0.0989
21915.00000 0.0916
21920.00000 0.0849
21925.00000 0.0787
21930.00000 0.0731
21935.00000 0.0679
21939.00000 0.0631
21944.00000 0.0587
21949.00000 0.0546
21954.00000 0.0509
21959.00000 0.0474
21964.00000 0.0443
21968.00000 0.0413
21973.00000 0.0386
21978.00000 0.0361
21983.00000 0.0338
21988.00000 0.0317
21993.00000 0.0297
21997.00000 0.0278
22002.00000 0.026
22007.00000 0.0244
22012.00000 0.0229
22017.00000 0.0216
22022.00000 0.0204
22026.00000 0.0192
22031.00000 0.0181
22036.00000 0.0171
22041.00000 0.0162
22046.00000 0.0154
22051.00000 0.0146
22056.00000 0.0138
22060.00000 0.013
22065.00000 0.0124
22070.00000 0.0117
22075.00000 0.0111
22080.00000 0.0106
22085.00000 0.01
22090.00000 0.0096
22095.00000 0.0091
22099.00000 0.0087
22104.00000 0.0082
22109.00000 0.0079
22114.00000 0.0075
22119.00000 0.0072
22124.00000 0.0068
22129.00000 0.0065
22134.00000 0.0062
22139.00000 0.0059
22143.00000 0.0057
22148.00000 0.0053
22153.00000 0.0051
22158.00000 0.0048
22163.00000 0.0046
22168.00000 0.0044
22173.00000 0.0043
22178.00000 0.0041
22183.00000 0.004
24401.30078 0.0
