threeML/data/optical_filters/Paranal/ISAAC-NB407.ecsv
# %ECSV 0.9
# ---
# datatype:
# - {name: wavelength, unit: Angstrom, datatype: float32}
# - {name: response, datatype: float32}
# meta: !!omap
# - {band_name: NB407}
# - {group_name: ISAAC}
wavelength response
35475.30078 0.0
39417.00000 0.004
39432.00000 0.0041
39448.00000 0.0044
39463.00000 0.0046
39479.00000 0.0048
39494.00000 0.0051
39510.00000 0.0054
39526.00000 0.0058
39541.00000 0.0061
39557.00000 0.0065
39573.00000 0.0068
39588.00000 0.0072
39604.00000 0.0077
39620.00000 0.0081
39635.00000 0.0086
39651.00000 0.0092
39667.00000 0.0098
39683.00000 0.0104
39698.00000 0.011
39714.00000 0.0118
39730.00000 0.0126
39746.00000 0.0135
39761.00000 0.0144
39777.00000 0.0154
39793.00000 0.0165
39809.00000 0.0178
39825.00000 0.0191
39841.00000 0.0206
39857.00000 0.0223
39872.00000 0.0241
39888.00000 0.0261
39904.00000 0.0282
39920.00000 0.0306
39936.00000 0.0333
39952.00000 0.0363
39968.00000 0.0396
39984.00000 0.0432
40000.00000 0.0473
40016.00000 0.052
40032.00000 0.0571
40048.00000 0.0629
40064.00000 0.0694
40080.00000 0.0767
40096.00000 0.0849
40112.00000 0.0943
40128.00000 0.1048
40145.00000 0.1167
40161.00000 0.1299
40177.00000 0.1451
40193.00000 0.1621
40209.00000 0.1814
40225.00000 0.2028
40241.00000 0.2268
40258.00000 0.2534
40274.00000 0.2831
40290.00000 0.3155
40306.00000 0.3508
40323.00000 0.3884
40339.00000 0.4282
40355.00000 0.4697
40371.00000 0.5123
40388.00000 0.5548
40404.00000 0.5962
40420.00000 0.6353
40437.00000 0.6717
40453.00000 0.7048
40469.00000 0.734
40486.00000 0.7582
40502.00000 0.7779
40519.00000 0.7931
40535.00000 0.805
40552.00000 0.8138
40568.00000 0.82
40584.00000 0.8234
40601.00000 0.8253
40617.00000 0.8266
40634.00000 0.8277
40650.00000 0.8286
40667.00000 0.8293
40683.00000 0.8295
40700.00000 0.8299
40717.00000 0.8307
40733.00000 0.8312
40750.00000 0.8307
40766.00000 0.8286
40783.00000 0.8244
40800.00000 0.8181
40816.00000 0.809
40833.00000 0.796
40850.00000 0.7783
40866.00000 0.7558
40883.00000 0.7287
40900.00000 0.6974
40917.00000 0.6622
40933.00000 0.6232
40950.00000 0.5814
40967.00000 0.5383
40984.00000 0.4949
41000.00000 0.4523
41017.00000 0.411
41034.00000 0.3714
41051.00000 0.3342
41068.00000 0.3
41085.00000 0.2687
41102.00000 0.2405
41118.00000 0.2149
41135.00000 0.1919
41152.00000 0.1714
41169.00000 0.1533
41186.00000 0.1373
41203.00000 0.123
41220.00000 0.1104
41237.00000 0.0992
41254.00000 0.0893
41271.00000 0.0806
41288.00000 0.0728
41305.00000 0.0659
41322.00000 0.0598
41339.00000 0.0543
41356.00000 0.0495
41374.00000 0.0452
41391.00000 0.0413
41408.00000 0.0377
41425.00000 0.0346
41442.00000 0.0318
41459.00000 0.0293
41477.00000 0.027
41494.00000 0.0249
41511.00000 0.023
41528.00000 0.0213
41545.00000 0.0197
41563.00000 0.0183
41580.00000 0.017
41597.00000 0.0158
41615.00000 0.0147
41632.00000 0.0137
41649.00000 0.0129
41667.00000 0.012
41684.00000 0.0113
41701.00000 0.0106
41719.00000 0.0099
41736.00000 0.0094
41754.00000 0.0088
41771.00000 0.0083
41789.00000 0.0078
41806.00000 0.0074
41824.00000 0.007
41841.00000 0.0066
41859.00000 0.0062
41876.00000 0.0059
41894.00000 0.0056
41911.00000 0.0053
41929.00000 0.005
41946.00000 0.0048
41964.00000 0.0045
41982.00000 0.0043
41999.00000 0.0041
46198.89844 0.0
