threeML/data/optical_filters/Paranal/ISAAC-SZ.ecsv
# %ECSV 0.9
# ---
# datatype:
# - {name: wavelength, unit: Angstrom, datatype: float32}
# - {name: response, datatype: float32}
# meta: !!omap
# - {band_name: SZ}
# - {group_name: ISAAC}
wavelength response
8662.32031 0.0
9624.79980 0.00458
9625.59961 0.003179
9626.40039 0.002898
9627.20020 9.8e-05
9628.00000 0.001775
9628.79980 0.001774
9629.59961 0.001772
9630.40039 0.00233
9631.20020 0.002328
9632.00000 0.002886
9632.79980 0.002884
9633.59961 0.002882
9634.40039 0.002881
9635.20020 0.002879
9636.00000 0.003157
9636.79980 0.003155
9637.59961 0.003154
9638.40039 0.003432
9639.20020 0.00343
9640.00000 0.003428
9640.79980 0.003706
9641.59961 0.003705
9642.40039 0.003983
9643.20020 0.003981
9644.00000 0.003979
9644.79980 0.003978
9645.59961 0.003976
9646.40039 0.003974
9647.20020 0.004252
9648.00000 0.00453
9648.79980 0.004528
9649.59961 0.004807
9650.40039 0.004805
9651.20020 0.005363
9652.00000 0.005081
9652.90039 0.005079
9653.59961 0.005078
9654.50000 0.005076
9655.20020 0.005074
9656.09961 0.005073
9656.90039 0.005351
9657.70020 0.005629
9658.50000 0.005627
9659.29980 0.005625
9660.09961 0.005903
9660.90039 0.006181
9661.70020 0.00618
9662.50000 0.006178
9663.29980 0.006176
9664.09961 0.006175
9664.90039 0.006173
9665.70020 0.006171
9666.50000 0.00617
9667.29980 0.006168
9668.09961 0.006166
9668.90039 0.006164
9669.70020 0.006163
9670.50000 0.006161
9671.29980 0.006159
9672.09961 0.006437
9672.90039 0.006436
9673.70020 0.006714
9674.50000 0.006712
9675.29980 0.00671
9676.09961 0.006988
9676.90039 0.006987
9677.70020 0.006985
9678.50000 0.006983
9679.29980 0.007261
9680.09961 0.00726
9680.90039 0.007258
9681.70020 0.007256
9682.50000 0.007254
9683.29980 0.007253
9684.09961 0.007251
9684.90039 0.007249
9685.70020 0.007248
9686.50000 0.007246
9687.29980 0.007244
9688.09961 0.007242
9688.90039 0.007521
9689.70020 0.007519
9690.50000 0.007797
9691.29980 0.007795
9692.09961 0.008073
9692.90039 0.008072
9693.70020 0.00835
9694.50000 0.008348
9695.29980 0.008346
9696.09961 0.008344
9696.90039 0.008623
9697.70020 0.009738
9698.50000 0.01002
9699.29980 0.01001
9700.09961 0.01029
9700.90039 0.01057
9701.70020 0.01085
9702.50000 0.01113
9703.29980 0.0114
9704.09961 0.01196
9704.90039 0.01224
9705.70020 0.01224
9706.50000 0.01252
9707.29980 0.01279
9708.09961 0.01335
9708.90039 0.01391
9709.70020 0.01391
9710.50000 0.01447
9711.29980 0.01502
9712.09961 0.01558
9712.90039 0.01614
9713.70020 0.0167
9714.50000 0.01726
9715.29980 0.01725
9716.09961 0.01725
9716.90039 0.01837
9717.79980 0.01893
9718.59961 0.01893
9719.40039 0.01892
9720.09961 0.02004
9721.00000 0.02116
9721.79980 0.02116
9722.50000 0.02116
9723.40039 0.02171
9724.20020 0.02255
9725.00000 0.02283
9725.79980 0.02311
9726.59961 0.02394
9727.40039 0.02478
9728.20020 0.02534
9729.00000 0.02534
9729.79980 0.02562
9730.59961 0.02589
9731.40039 0.02617
9732.20020 0.02617
9733.00000 0.02673
9733.79980 0.02729
9734.59961 0.02756
9735.40039 0.02756
9736.20020 0.02812
9737.00000 0.0284
9737.79980 0.0284
9738.59961 0.02895
9739.40039 0.02979
9740.20020 0.03007
9741.00000 0.03007
9741.79980 0.03007
9742.59961 0.03034
9743.40039 0.03062
9744.20020 0.03062
9745.00000 0.03062
9745.79980 0.03146
9746.59961 0.03201
9747.40039 0.03229
9748.20020 0.03229
9749.00000 0.03313
9749.79980 0.03425
9750.59961 0.03424
9751.40039 0.03452
9752.20020 0.0348
9753.00000 0.03508
9753.79980 0.03508
9754.59961 0.03535
9755.40039 0.03619
9756.20020 0.03675
9757.00000 0.03675
9757.79980 0.03675
9758.59961 0.03702
9759.40039 0.0373
9760.20020 0.0387
9761.00000 0.03898
9761.79980 0.04009
9762.59961 0.04121
9763.40039 0.04149
9764.20020 0.04205
9765.00000 0.04317
9765.79980 0.04372
9766.59961 0.04456
9767.40039 0.04484
9768.20020 0.04624
9769.00000 0.04679
9769.79980 0.04735
9770.59961 0.04791
9771.40039 0.04931
9772.20020 0.05014
9773.00000 0.05126
9773.79980 0.05182
9774.59961 0.05378
9775.40039 0.05545
9776.20020 0.05629
9777.00000 0.05741
9777.79980 0.05852
9778.59961 0.06048
9779.40039 0.06132
9780.20020 0.06244
9781.00000 0.06495
9781.79980 0.06747
9782.59961 0.06914
9783.40039 0.07054
9784.20020 0.0725
9785.00000 0.07473
9785.90039 0.07585
9786.59961 0.07641
9787.40039 0.07893
9788.20020 0.08088
9789.09961 0.08172
9789.90039 0.0834
9790.59961 0.08619
9791.50000 0.08843
9792.29980 0.08955
9793.09961 0.09066
9793.90039 0.09318
9794.70020 0.09514
9795.50000 0.09653
9796.29980 0.09793
9797.09961 0.1007
9797.90039 0.1038
9798.70020 0.1046
9799.50000 0.1066
9800.29980 0.1105
9801.09961 0.1111
9801.90039 0.1125
9802.70020 0.1133
9803.50000 0.1155
9804.29980 0.1181
9805.09961 0.1192
9805.90039 0.1203
9806.70020 0.1225
9807.50000 0.1248
9808.29980 0.1262
9809.09961 0.1276
9809.90039 0.1301
9810.70020 0.1326
9811.50000 0.134
9812.29980 0.1351
9813.09961 0.1362
9813.90039 0.1373
9814.70020 0.1393
9815.50000 0.1401
9816.29980 0.144
9817.09961 0.1474
9817.90039 0.1496
9818.70020 0.1519
9819.50000 0.1538
9820.29980 0.1566
9821.09961 0.1569
9821.90039 0.158
9822.70020 0.1611
9823.50000 0.1633
9824.29980 0.165
9825.09961 0.167
9825.90039 0.1695
9826.70020 0.172
9827.50000 0.1745
9828.29980 0.1759
9829.09961 0.1812
9829.90039 0.1857
9830.70020 0.1885
9831.50000 0.1913
9832.29980 0.2
9833.09961 0.1921
9833.90039 0.2
9834.70020 0.2019
9835.50000 0.2042
9836.29980 0.2083
9837.09961 0.2114
9837.90039 0.2145
9838.70020 0.2167
9839.50000 0.2271
9840.29980 0.2179
9841.09961 0.2282
9841.90039 0.231
9842.70020 0.2349
9843.50000 0.2391
9844.29980 0.2447
9845.09961 0.2492
9845.90039 0.2511
9846.70020 0.2654
9847.50000 0.2511
9848.29980 0.2668
9849.09961 0.2699
9849.90039 0.2741
9850.70020 0.2783
9851.50000 0.2841
9852.40039 0.2894
9853.09961 0.2925
9854.00000 0.3152
9854.79980 0.295
9855.50000 0.3152
9856.40039 0.3015
9857.09961 0.3211
9858.00000 0.3278
9858.79980 0.3443
9859.59961 0.3278
9860.40039 0.3448
9861.20020 0.3482
9862.00000 0.3515
9862.79980 0.3588
9863.59961 0.3647
9864.40039 0.37
9865.20020 0.3761
9866.00000 0.3773
9866.79980 0.391
9867.59961 0.3952
9868.40039 0.4013
9869.20020 0.4184
9870.00000 0.4024
9870.79980 0.422
9871.59961 0.422
9872.40039 0.4268
9873.20020 0.4268
9874.00000 0.4338
9874.79980 0.4338
9875.59961 0.4503
9876.40039 0.4332
9877.20020 0.4522
9878.00000 0.4556
9878.79980 0.4606
9879.59961 0.474
9880.40039 0.4612
9881.20020 0.4746
9882.00000 0.4794
9882.79980 0.4849
9883.59961 0.4925
9884.40039 0.5
9885.20020 0.5023
9886.00000 0.507
9886.79980 0.5082
9887.59961 0.5207
9888.40039 0.5247
9889.20020 0.5294
9890.00000 0.5372
9890.79980 0.5451
9891.59961 0.5481
9892.40039 0.5518
9893.20020 0.5571
9894.00000 0.5644
9894.79980 0.568
9895.59961 0.5702
9896.40039 0.5809
9897.20020 0.5893
9898.00000 0.5915
9898.79980 0.5971
9899.59961 0.601
9900.40039 0.6069
9901.20020 0.6108
9902.00000 0.613
9902.79980 0.6245
9903.59961 0.6141
9904.40039 0.6248
9905.20020 0.6248
9906.00000 0.6287
9906.79980 0.6287
9907.59961 0.6312
9908.40039 0.6312
9909.20020 0.636
9910.00000 0.636
9910.79980 0.6418
9911.59961 0.6418
9912.40039 0.646
9913.20020 0.646
9914.00000 0.6488
9914.79980 0.6488
9915.59961 0.6623
9916.40039 0.6485
9917.20020 0.6645
9918.09961 0.669
9918.90039 0.6737
9919.59961 0.6782
9920.40039 0.6866
9921.20020 0.6902
9922.00000 0.6927
9922.90039 0.6994
9923.59961 0.7059
9924.50000 0.7109
9925.29980 0.7148
9926.09961 0.721
9926.90039 0.7285
9927.70020 0.7316
9928.50000 0.7352
9929.29980 0.7355
9930.09961 0.7489
9930.90039 0.7526
9931.70020 0.7579
9932.50000 0.7657
9933.29980 0.7722
9934.09961 0.7741
9934.90039 0.7777
9935.70020 0.7842
9936.50000 0.7901
9937.29980 0.7945
9938.09961 0.799
9938.90039 0.808
9939.70020 0.8163
9940.50000 0.8186
9941.29980 0.8233
9942.09961 0.8275
9942.90039 0.8323
9943.70020 0.8351
9944.50000 0.837
9945.29980 0.8407
9946.09961 0.8454
9946.90039 0.8477
9947.70020 0.8496
9948.50000 0.8527
9949.29980 0.856
9950.09961 0.8591
9950.90039 0.8605
9951.70020 0.8658
9952.50000 0.8698
9953.29980 0.8723
9954.09961 0.8753
9954.90039 0.8779
9955.70020 0.8807
9956.50000 0.8818
9957.29980 0.8832
9958.09961 0.8857
9958.90039 0.8871
9959.70020 0.8885
9960.50000 0.8896
9961.29980 0.8913
9962.09961 0.8935
9962.90039 0.8935
9963.70020 0.8941
9964.50000 0.8957
9965.29980 0.8977
9966.09961 0.898
9966.90039 0.8985
9967.70020 0.8997
9968.50000 0.9005
9969.29980 0.9013
9970.09961 0.9019
9970.90039 0.9024
9971.70020 0.9027
9972.50000 0.903
9973.29980 0.903
9974.09961 0.9033
9974.90039 0.9041
9975.70020 0.9041
9976.50000 0.9041
9977.29980 0.9041
9978.09961 0.9044
9978.90039 0.9044
9979.70020 0.9044
9980.50000 0.9047
9981.29980 0.9047
9982.09961 0.9047
9982.90039 0.9047
9983.70020 0.9047
9984.50000 0.9047
9985.40039 0.9044
9986.09961 0.9044
9987.00000 0.9044
9987.79980 0.9044
9988.59961 0.9044
9989.40039 0.9041
9990.09961 0.9041
9990.90039 0.9041
9991.79980 0.9041
9992.59961 0.9035
9993.40039 0.903
9994.20020 0.903
9995.00000 0.903
9995.79980 0.9029
9996.59961 0.9024
9997.40039 0.9024
9998.20020 0.9024
9999.00000 0.9021
9999.79980 0.901
10000.59961 0.9001
10001.40039 0.9001
10002.20020 0.9001
10003.00000 0.899
10003.79980 0.8979
10004.59961 0.8979
10005.40039 0.8979
10006.20020 0.8971
10007.00000 0.8962
10007.79980 0.8956
10008.59961 0.8956
10009.40039 0.8945
10010.20020 0.8934
10011.00000 0.8934
10011.79980 0.8934
10012.59961 0.8931
10013.40039 0.8926
10014.20020 0.8917
10015.00000 0.8917
10015.79980 0.8909
10016.59961 0.8903
10017.40039 0.8895
10018.20020 0.8892
10019.00000 0.8889
10019.79980 0.8889
10020.59961 0.8886
10021.40039 0.8883
10022.20020 0.8872
10023.00000 0.8867
10023.79980 0.8867
10024.59961 0.8864
10025.40039 0.8858
10026.20020 0.8847
10027.00000 0.8844
10027.79980 0.8844
10028.59961 0.8844
10029.40039 0.8841
10030.20020 0.8839
10031.00000 0.8839
10031.79980 0.8838
10032.59961 0.8836
10033.40039 0.883
10034.20020 0.8827
10035.00000 0.8827
10035.79980 0.8827
10036.59961 0.8824
10037.40039 0.8824
10038.20020 0.8822
10039.00000 0.8819
10039.79980 0.8816
10040.59961 0.8808
10041.40039 0.8805
10042.20020 0.8805
10043.00000 0.8805
10043.79980 0.8805
10044.59961 0.8802
10045.40039 0.8799
10046.20020 0.8799
10047.00000 0.8796
10047.79980 0.8796
10048.59961 0.8793
10049.40039 0.8793
10050.20020 0.8793
10051.00000 0.8791
10051.79980 0.8782
10052.59961 0.8782
10053.40039 0.8782
10054.20020 0.8776
10055.09961 0.8774
10055.90039 0.8774
10056.70020 0.8771
10057.50000 0.8765
10058.29980 0.8757
10059.09961 0.8754
10059.90039 0.8754
10060.70020 0.8748
10061.50000 0.8737
10062.29980 0.8737
10063.09961 0.8737
10063.90039 0.8732
10064.70020 0.8723
10065.50000 0.8717
10066.29980 0.8709
10067.09961 0.8709
10067.90039 0.8706
10068.70020 0.8703
10069.50000 0.8703
10070.29980 0.8689
10071.09961 0.8684
10071.90039 0.8678
10072.70020 0.867
10073.50000 0.8664
10074.29980 0.8653
10075.09961 0.865
10075.90039 0.8645
10076.70020 0.8642
10077.50000 0.8639
10078.29980 0.863
10079.09961 0.8628
10079.90039 0.8614
10080.70020 0.86
10081.50000 0.8597
10082.29980 0.8597
10083.09961 0.8588
10083.90039 0.8577
10084.70020 0.8574
10085.50000 0.8574
10086.29980 0.8572
10087.09961 0.8569
10087.90039 0.8569
10088.70020 0.8563
10089.50000 0.8563
10090.29980 0.856
10091.09961 0.8557
10091.90039 0.8557
10092.70020 0.8557
10093.50000 0.8557
10094.29980 0.8557
10095.09961 0.8557
10095.90039 0.8557
10096.70020 0.8557
10097.50000 0.8557
10098.29980 0.8557
10099.09961 0.8557
10099.90039 0.8557
10100.70020 0.8568
10101.50000 0.8568
10102.29980 0.8571
10103.09961 0.8574
10103.90039 0.8577
10104.70020 0.858
10105.50000 0.8588
10106.29980 0.8591
10107.09961 0.8593
10107.90039 0.8602
10108.70020 0.8607
10109.50000 0.8613
10110.29980 0.8619
10111.09961 0.8619
10111.90039 0.8627
10112.70020 0.8635
10113.50000 0.8641
10114.29980 0.8641
10115.09961 0.8649
10115.90039 0.8655
10116.70020 0.866
10117.50000 0.8663
10118.29980 0.8672
10119.09961 0.8674
10119.90039 0.8677
10120.70020 0.8686
10121.59961 0.8688
10122.40039 0.8688
10123.20020 0.8694
10124.00000 0.8699
10124.79980 0.8705
10125.59961 0.8705
10126.40039 0.8705
10127.20020 0.8708
10128.00000 0.8711
10128.79980 0.8711
10129.59961 0.8713
10130.40039 0.8716
10131.20020 0.8719
10132.00000 0.8719
10132.79980 0.8724
10133.59961 0.8724
10134.40039 0.8724
10135.20020 0.8722
10136.00000 0.8719
10136.79980 0.8719
10137.59961 0.8713
10138.40039 0.8713
10139.20020 0.871
10140.00000 0.8707
10140.79980 0.8705
10141.59961 0.8702
10142.40039 0.8702
10143.20020 0.8693
10144.00000 0.8688
10144.79980 0.8685
10145.59961 0.8685
10146.40039 0.8679
10147.20020 0.8671
10148.00000 0.8665
10148.79980 0.8665
10149.59961 0.866
10150.40039 0.8651
10151.20020 0.8649
10152.00000 0.8643
10152.79980 0.864
10153.59961 0.8637
10154.40039 0.8637
10155.20020 0.8634
10156.00000 0.8623
10156.79980 0.8618
10157.59961 0.8618
10158.40039 0.8615
10159.20020 0.8615
10160.00000 0.8612
10160.79980 0.8612
10161.59961 0.8612
10162.40039 0.8606
10163.20020 0.8601
10164.00000 0.8601
10164.79980 0.8601
10165.59961 0.8598
10166.40039 0.8598
10167.20020 0.8598
10168.00000 0.8598
10168.79980 0.8598
10169.59961 0.8598
10170.40039 0.8595
10171.20020 0.8595
10172.00000 0.8598
10172.79980 0.8598
10173.59961 0.8598
10174.40039 0.8598
10175.20020 0.86
10176.00000 0.86
10176.79980 0.86
10177.59961 0.86
10178.40039 0.8609
10179.20020 0.8612
10180.00000 0.8614
10180.79980 0.8617
10181.59961 0.8623
10182.40039 0.8637
10183.20020 0.8637
10184.00000 0.8639
10184.79980 0.8642
10185.59961 0.8651
10186.40039 0.8656
10187.20020 0.8662
10188.00000 0.8662
10188.90039 0.867
10189.70020 0.8676
10190.50000 0.8681
10191.29980 0.8684
10192.09961 0.8687
10192.90039 0.8692
10193.70020 0.8695
10194.50000 0.8704
10195.29980 0.8706
10196.09961 0.8712
10196.90039 0.8717
10197.70020 0.8726
10198.50000 0.8729
10199.29980 0.8731
10200.09961 0.8737
10200.90039 0.8745
10201.70020 0.8751
10202.50000 0.8754
10203.29980 0.8756
10204.09961 0.8762
10204.90039 0.8768
10205.70020 0.877
10206.50000 0.8773
10207.29980 0.8776
10208.09961 0.8779
10208.90039 0.8784
10209.70020 0.8787
10210.50000 0.879
10211.29980 0.879
10212.09961 0.8793
10212.90039 0.8795
10213.70020 0.8795
10214.50000 0.8798
10215.29980 0.8798
10216.09961 0.8801
10216.90039 0.8801
10217.70020 0.8801
10218.50000 0.8801
10219.29980 0.8801
10220.09961 0.8801
10220.90039 0.8804
10221.70020 0.8801
10222.50000 0.8801
10223.29980 0.8801
10224.09961 0.8801
10224.90039 0.8801
10225.70020 0.8801
10226.50000 0.8801
10227.29980 0.8801
10228.09961 0.8801
10228.90039 0.8801
10229.70020 0.8798
10230.50000 0.8798
10231.29980 0.8798
10232.09961 0.8795
10232.90039 0.8792
10233.70020 0.8789
10234.50000 0.8789
10235.29980 0.8789
10236.09961 0.8784
10236.90039 0.8778
10237.70020 0.8778
10238.50000 0.8778
10239.29980 0.8775
10240.09961 0.8772
10240.90039 0.877
10241.70020 0.8767
10242.50000 0.8758
10243.29980 0.8756
10244.09961 0.8756
10244.90039 0.8756
10245.70020 0.8756
10246.50000 0.8753
10247.29980 0.8753
10248.09961 0.875
10248.90039 0.875
10249.70020 0.8744
10250.50000 0.8744
10251.29980 0.8744
10252.09961 0.8744
10252.90039 0.8744
10253.70020 0.8744
10254.50000 0.8744
10255.40039 0.8744
10256.20020 0.8744
10257.00000 0.8744
10257.79980 0.8744
10258.59961 0.8744
10259.40039 0.8744
10260.20020 0.8744
10261.00000 0.8744
10261.79980 0.8744
10262.59961 0.8744
10263.40039 0.8744
10264.20020 0.8744
10265.00000 0.8747
10265.79980 0.875
10266.59961 0.875
10267.40039 0.875
10268.20020 0.8752
10269.00000 0.8758
10269.79980 0.8761
10270.59961 0.8766
10271.40039 0.8769
10272.20020 0.8777
10273.00000 0.8786
10273.79980 0.8786
10274.59961 0.8789
10275.40039 0.8789
10276.20020 0.8794
10277.00000 0.8794
10277.79980 0.8797
10278.59961 0.8802
10279.40039 0.8808
10280.20020 0.8814
10281.00000 0.8819
10281.79980 0.8828
10282.59961 0.8833
10283.40039 0.8836
10284.20020 0.8839
10285.00000 0.8844
10285.79980 0.8844
10286.59961 0.8844
10287.40039 0.8858
10288.20020 0.8861
10289.00000 0.8869
10289.79980 0.8875
10290.59961 0.8881
10291.40039 0.8892
10292.20020 0.8894
10293.00000 0.8897
10293.79980 0.8903
10294.59961 0.8906
10295.40039 0.8906
10296.20020 0.8908
10297.00000 0.8917
10297.79980 0.8925
10298.59961 0.8925
10299.40039 0.8928
10300.20020 0.8928
10301.00000 0.8931
10301.79980 0.8933
10302.59961 0.8933
10303.40039 0.8933
10304.20020 0.8936
10305.00000 0.8939
10305.79980 0.8945
10306.59961 0.8945
10307.40039 0.8945
10308.20020 0.8944
