threeML/data/optical_filters/Paranal/ISAAC-NB380.ecsv
# %ECSV 0.9
# ---
# datatype:
# - {name: wavelength, unit: Angstrom, datatype: float32}
# - {name: response, datatype: float32}
# meta: !!omap
# - {band_name: NB380}
# - {group_name: ISAAC}
wavelength response
33553.44141 0.0
37281.60156 0.031976
37284.00000 0.021949
37288.10156 0.020265
37292.60156 0.011614
37295.30078 0.012463
37298.89844 0.042457
37303.50000 0.043414
37305.69922 0.042362
37310.00000 0.028535
37315.80078 0.030973
37318.50000 0.034356
37321.60156 0.033727
37327.89844 0.015047
37335.00000 0.041773
37338.30078 0.042834
37341.50000 0.04041
37346.80078 0.025846
37352.80078 0.044546
37359.10156 0.025654
37365.69922 0.04277
37366.50000 0.037809
37368.69922 0.036967
37373.50000 0.029477
37381.30078 0.034769
37383.00000 0.040791
37387.39844 0.040375
37391.80078 0.034257
37397.00000 0.038067
37400.19922 0.043879
37402.30078 0.04705
37405.30078 0.047794
37410.00000 0.059733
37417.69922 0.033558
37425.00000 0.07549
37430.39844 0.068846
37433.39844 0.070329
37436.50000 0.083533
37441.89844 0.063161
37447.50000 0.060108
37453.69922 0.047129
37459.80078 0.074487
37467.80078 0.062884
37474.30078 0.086442
37482.39844 0.083603
37489.10156 0.086359
37496.19922 0.095028
37514.00000 0.110683
37521.10156 0.098657
37526.30078 0.114504
37531.10156 0.116095
37539.50000 0.140817
37542.69922 0.13512
37556.39844 0.129861
37568.50000 0.175707
37576.50000 0.163048
37579.89844 0.172768
37587.50000 0.152083
37602.10156 0.209654
37606.30078 0.203431
37613.00000 0.216324
37616.69922 0.216329
37624.60156 0.234187
37631.50000 0.241378
37650.39844 0.300222
37659.10156 0.282813
37660.89844 0.284083
37678.80078 0.347361
37682.80078 0.347472
37683.80078 0.344623
37692.19922 0.375153
37695.60156 0.390574
37699.60156 0.402196
37703.19922 0.406425
37706.80078 0.407803
37708.00000 0.411184
37710.39844 0.412349
37714.39844 0.427244
37718.30078 0.429996
37722.39844 0.449748
37727.80078 0.469925
37734.69922 0.499396
37739.10156 0.497396
37745.89844 0.521588
37751.00000 0.51262
37757.89844 0.557192
37761.89844 0.559837
37765.30078 0.560159
37772.69922 0.606738
37775.39844 0.609593
37780.10156 0.608227
37789.89844 0.659667
37793.30078 0.658827
37798.80078 0.66137
37814.19922 0.722849
37816.89844 0.723381
37821.80078 0.727718
37821.89844 0.722122
37823.30078 0.729198
37824.60156 0.735747
37828.30078 0.73871
37841.00000 0.772202
37845.39844 0.768513
37855.80078 0.820059
37858.69922 0.814889
37861.89844 0.810459
37870.30078 0.819237
37873.80078 0.815018
37879.19922 0.834561
37882.60156 0.844492
37885.69922 0.845025
37891.10156 0.872699
37899.10156 0.83966
37902.50000 0.851386
37904.10156 0.858569
37904.30078 0.853079
37906.60156 0.868816
37908.39844 0.871564
37913.60156 0.8721
37915.19922 0.87073
37921.80078 0.853422
37923.69922 0.852369
37929.10156 0.883
37932.89844 0.892298
37935.39844 0.886917
37937.89844 0.876466
37942.19922 0.873833
37943.30078 0.869083
37945.00000 0.874154
37951.00000 0.87881
37957.60156 0.850204
37963.80078 0.886643
37968.60156 0.892036
37971.80078 0.899538
37977.69922 0.885714
37986.50000 0.889529
37989.00000 0.889005
37994.39844 0.893871
38001.50000 0.891981
38002.80078 0.889026
38011.19922 0.900971
38019.10156 0.865926
38026.69922 0.869317
38036.19922 0.898792
38038.39844 0.897528
38041.60156 0.902496
38046.39844 0.897963
38052.00000 0.881182
38053.80078 0.881713
38054.69922 0.885093
38058.19922 0.892912
38061.60156 0.879507
38062.89844 0.877608
38073.60156 0.868544
38077.50000 0.872879
38077.69922 0.877314
38082.80078 0.893689
38091.00000 0.875223
38092.39844 0.880188
38095.10156 0.883043
38100.60156 0.88189
38102.69922 0.874396
38103.39844 0.880627
38106.80078 0.882955
38110.60156 0.889403
38114.30078 0.87811
38118.00000 0.875792
38119.30078 0.874738
38123.60156 0.886571
38127.69922 0.88436
38142.00000 0.842673
38145.60156 0.857672
38147.10156 0.860315
38149.19922 0.859262
38153.19922 0.862647
38156.89844 0.860963
38160.00000 0.861918
38163.19922 0.867731
38166.89844 0.85496
38171.69922 0.836699
38176.00000 0.837867
38179.10156 0.848115
38184.80078 0.829328
38188.00000 0.824898
38191.50000 0.831344
38199.10156 0.813088
38200.89844 0.81478
38215.00000 0.766229
38218.19922 0.763277
38221.89844 0.762121
38222.60156 0.758427
38223.39844 0.760857
38225.80078 0.753046
38234.10156 0.755276
38235.89844 0.753801
38239.30078 0.742191
38241.80078 0.740611
38252.39844 0.698812
38254.89844 0.697232
38258.19922 0.699665
38261.39844 0.697664
38263.60156 0.69545
38264.50000 0.693551
38272.69922 0.649319
38277.89844 0.652601
38284.10156 0.626529
38287.50000 0.624105
38291.30078 0.60711
38295.10156 0.605743
38302.69922 0.570276
38306.80078 0.568064
38313.69922 0.537453
38317.69922 0.535664
38332.39844 0.491548
38337.00000 0.490077
38339.89844 0.484696
38341.60156 0.478785
38342.39844 0.472979
38347.89844 0.449545
38350.69922 0.436984
38355.19922 0.430338
38361.19922 0.424012
38366.80078 0.397094
38368.39844 0.394668
38371.89844 0.377145
38375.10156 0.370814
38380.19922 0.37663
38382.80078 0.373043
38385.30078 0.358686
38390.19922 0.357427
38398.00000 0.315835
38401.39844 0.317635
38402.80078 0.311407
38406.19922 0.310462
38408.89844 0.311945
38412.80078 0.317019
38414.10156 0.312903
38420.19922 0.268246
38422.69922 0.264554
38425.10156 0.267092
38425.89844 0.274062
38428.30078 0.275016
38430.50000 0.273753
38430.89844 0.269424
38437.00000 0.248526
38438.30078 0.245043
38441.69922 0.243253
38446.39844 0.22816
38448.50000 0.230064
38449.50000 0.238619
38451.89844 0.243058
38453.30078 0.247917
38454.60156 0.244329
38455.30078 0.240106
38456.39844 0.23335
38458.30078 0.221421
38465.60156 0.186903
38466.69922 0.191234
38470.60156 0.195358
38475.69922 0.188291
38476.30078 0.191037
38478.60156 0.182382
38482.60156 0.184395
38486.60156 0.158953
38490.39844 0.154207
38497.69922 0.160237
38502.80078 0.141554
38510.30078 0.172083
38512.39844 0.162793
38514.60156 0.159523
38518.10156 0.154883
38526.39844 0.132087
38531.30078 0.134206
38535.00000 0.131889
38542.10156 0.119862
38548.10156 0.127263
38550.80078 0.118503
38555.00000 0.108267
38559.60156 0.111125
38561.50000 0.109438
38566.89844 0.087377
38572.69922 0.114841
38577.89844 0.103022
38583.80078 0.079061
38590.60156 0.088047
38599.69922 0.07011
38603.60156 0.073178
38608.50000 0.074559
38610.19922 0.068226
38615.80078 0.065172
38621.30078 0.079752
38624.69922 0.079758
38632.30078 0.047246
38639.69922 0.060035
38650.50000 0.059629
38655.39844 0.059319
38658.19922 0.057845
38659.50000 0.054574
38660.30078 0.049823
38661.39844 0.042645
38665.10156 0.039377
38670.69922 0.049312
38673.80078 0.04995
38676.00000 0.049108
38678.10156 0.03813
38679.10156 0.03528
38684.39844 0.032543
38685.80078 0.037825
38688.80078 0.039308
38694.39844 0.037521
38696.30078 0.035624
38698.60156 0.043863
38704.69922 0.059817
38707.69922 0.050213
38713.30078 0.035227
38716.50000 0.041251
38718.50000 0.034285
38721.39844 0.031966
38726.19922 0.037464
38732.89844 0.039164
38739.89844 0.028299
38745.19922 0.027673
38748.50000 0.017858
38759.19922 0.044484
38763.00000 0.042378
38765.50000 0.029816
38766.69922 0.028657
38771.30078 0.031304
38785.19922 0.01802
38790.00000 0.020984
38794.00000 0.020779
38795.80078 0.021943
38799.00000 0.032508
38801.69922 0.032406
38804.00000 0.029664
38804.69922 0.023963
38807.00000 0.018476
38814.69922 0.042035
38818.60156 0.024512
38821.10156 0.021243
38825.69922 0.020405
38829.19922 0.016187
38832.80078 0.019783
38839.19922 0.023277
38843.60156 0.03321
38853.39844 0.010522
38857.80078 0.006516
38858.89844 0.012537
42744.78906 0.0
