threeML/data/optical_filters/Paranal/OmegaCAM-Halpha_A.ecsv
# %ECSV 0.9
# ---
# datatype:
# - {name: wavelength, unit: Angstrom, datatype: float32}
# - {name: response, datatype: float32}
# meta: !!omap
# - {band_name: Halpha_A}
# - {group_name: OmegaCAM}
wavelength response
6120.60010 0.0
6150.89990 9.06e-07
6180.50000 9.104e-07
6210.79980 1.00629e-05
6241.00000 1.19504e-05
6270.60010 1.01599e-05
6300.89990 9.2808e-06
6331.10010 1.02578e-05
6360.70020 1.12428e-05
6390.89990 1.31788e-05
6421.10010 1.22953e-05
6451.29980 2.09053e-05
6480.89990 2.8638e-05
6511.10010 4.50751e-05
6541.20020 7.7079e-05
6571.39990 4.25889e-05
6576.39990 5.03709e-05
6581.39990 4.65318e-05
6586.50000 4.75374e-05
6591.50000 6.69916e-05
6596.50000 0.000102993
6601.00000 0.000105007
6606.00000 0.000142063
6611.00000 0.000160672
6616.10010 0.000150075
6621.10010 0.000187248
6626.10010 0.000219598
6631.10010 0.000875151
6636.20020 0.00096672
6641.20020 0.00113375
6646.20020 0.00138424
6651.20020 0.00189276
6656.29980 0.00230401
6661.29980 0.0029965
6666.29980 0.00378821
6671.29980 0.0049221
6676.29980 0.00637237
6681.39990 0.00852651
6686.39990 0.0114462
6691.39990 0.0161857
6696.39990 0.0223902
6701.50000 0.0313352
6706.50000 0.0450954
6711.50000 0.066423
6716.50000 0.0969562
6721.50000 0.144188
6726.60010 0.211656
6731.60010 0.299263
6736.60010 0.390255
6741.60010 0.48294
6746.70020 0.546201
6751.70020 0.580786
6756.70020 0.585107
6761.70020 0.577986
6766.70020 0.567913
6771.20020 0.559094
6776.20020 0.555431
6781.20020 0.553244
6786.29980 0.553034
6791.29980 0.555703
6796.29980 0.558156
6801.29980 0.559022
6806.29980 0.562777
6811.39990 0.564844
6816.39990 0.56635
6821.39990 0.563369
6826.39990 0.549167
6831.39990 0.519809
6836.39990 0.462727
6841.50000 0.385727
6846.50000 0.306285
6851.50000 0.222672
6856.50000 0.163236
6861.50000 0.115541
6866.50000 0.079274
6871.60010 0.0565789
6876.60010 0.0412355
6881.60010 0.0281594
6886.60010 0.020976
6891.60010 0.0156254
6896.60010 0.0112738
6901.70020 0.00913191
6906.70020 0.00700626
6911.70020 0.00522466
6916.70020 0.00419845
6921.70020 0.00321662
6926.70020 0.00267311
6931.70020 0.0023861
6936.79980 0.00161947
6941.79980 0.00127811
6946.79980 0.0010969
6951.79980 0.00100963
6956.79980 0.000842305
6961.79980 7.28062e-05
6966.79980 0.000194974
6971.89990 0.000180737
6976.89990 0.000121263
6981.89990 0.000119294
6986.89990 0.00011835
6991.89990 6.69416e-05
7022.00000 0.00011067
7052.10010 3.8433e-05
7082.10010 1.04316e-05
7112.20020 0.0
