threeML/data/optical_filters/Paranal/OmegaCAM-Halpha_B.ecsv
# %ECSV 0.9
# ---
# datatype:
# - {name: wavelength, unit: Angstrom, datatype: float32}
# - {name: response, datatype: float32}
# meta: !!omap
# - {band_name: Halpha_B}
# - {group_name: OmegaCAM}
wavelength response
6150.89990 0.0
6180.50000 9.195e-07
6210.79980 1.8481e-06
6241.00000 7.4283e-06
6270.60010 1.02625e-05
6300.89990 1.03119e-05
6331.10010 1.31872e-05
6360.70020 1.32489e-05
6390.89990 1.90169e-05
6421.10010 3.15261e-05
6451.29980 4.89512e-05
6480.89990 8.48525e-05
6511.10010 2.22806e-05
6516.10010 8.72523e-05
6521.10010 8.14983e-05
6526.20020 4.75773e-05
6531.20020 0.000103973
6536.20020 0.000108916
6541.20020 0.000101214
6546.29980 0.000127589
6551.29980 0.000194941
6556.29980 0.000210698
6561.29980 0.000546673
6566.39990 0.000585193
6571.39990 0.00123679
6576.39990 0.00130231
6581.39990 0.00172338
6586.50000 0.00202554
6591.50000 0.00260471
6596.50000 0.00331431
6601.00000 0.00410714
6606.00000 0.00560912
6611.00000 0.00731599
6616.10010 0.00965642
6621.10010 0.013148
6626.10010 0.0181927
6631.10010 0.0264731
6636.20020 0.0378218
6641.20020 0.0552565
6646.20020 0.0828569
6651.20020 0.123592
6656.29980 0.190592
6661.29980 0.279314
6666.29980 0.38897
6671.29980 0.498674
6676.29980 0.588152
6681.39990 0.636407
6686.39990 0.649133
6691.39990 0.642766
6696.39990 0.628702
6701.50000 0.616523
6706.50000 0.605554
6711.50000 0.598367
6716.50000 0.593958
6721.50000 0.588205
6726.60010 0.584027
6731.60010 0.580121
6736.60010 0.575522
6741.60010 0.574459
6746.70020 0.574862
6751.70020 0.576536
6756.70020 0.575334
6761.70020 0.562146
6766.70020 0.530318
6771.20020 0.473298
6776.20020 0.394374
6781.20020 0.304857
6786.29980 0.220908
6791.29980 0.15689
6796.29980 0.104382
6801.29980 0.0714922
6806.29980 0.0501486
6811.39990 0.035472
6816.39990 0.0250616
6821.39990 0.0184254
6826.39990 0.0141458
6831.39990 0.0105552
6836.39990 0.00826217
6841.50000 0.00625384
6846.50000 0.00483134
6851.50000 0.00400817
6856.50000 0.00314605
6861.50000 0.00256747
6866.50000 0.00223937
6871.60010 0.00189341
6876.60010 0.00148759
6881.60010 0.00114876
6886.60010 0.0010748
6891.60010 0.000895124
6896.60010 0.000913219
6901.70020 0.000541142
6906.70020 0.000110979
6911.70020 2.67365e-05
6916.70020 0.000193466
6921.70020 0.000208023
6926.70020 0.000140157
6931.70020 0.000105194
6961.79980 0.000141903
6991.89990 7.28183e-05
7022.00000 3.5521e-05
7052.10010 1.46889e-05
7082.10010 2.1074e-06
7112.20020 3.1745e-06
7142.20020 1.0626e-06
7172.20020 1.0671e-06
7202.29980 0.0
