threeML/data/optical_filters/Paranal/OmegaCAM-r_SDSS.ecsv
# %ECSV 0.9
# ---
# datatype:
# - {name: wavelength, unit: Angstrom, datatype: float32}
# - {name: response, datatype: float32}
# meta: !!omap
# - {band_name: r_SDSS}
# - {group_name: OmegaCAM}
wavelength response
4498.89990 0.0
4528.89990 5.82365e-05
4559.39990 5.06668e-05
4589.29980 5.53706e-05
4619.20020 6.52646e-05
4649.10010 6.49493e-05
4679.60010 6.24035e-05
4709.50000 6.5793e-05
4739.39990 7.07251e-05
4769.29980 6.73857e-05
4799.79980 6.24822e-05
4829.70020 6.74717e-05
4859.60010 7.2518e-05
4889.39990 7.21877e-05
4919.89990 6.63889e-05
4949.79980 6.6792e-05
4979.60010 7.11477e-05
5010.10010 8.43084e-05
5039.89990 0.000100013
5069.79980 0.000111068
5100.20020 0.000110925
5130.00000 0.000118089
5159.89990 0.000130245
5190.29980 0.000157379
5220.10010 0.000200548
5250.00000 0.000284206
5280.39990 0.000474462
5310.20020 0.000893588
5340.60010 0.00179316
5370.39990 0.00357224
5400.20020 0.00657117
5430.60010 0.011448
5460.39990 0.0197979
5490.70020 0.0364888
5520.50000 0.0698549
5550.89990 0.130712
5580.60010 0.226399
5611.00000 0.330224
5640.70020 0.414357
5671.10010 0.485568
5700.79980 0.549711
5731.20020 0.604384
5760.89990 0.636956
5791.20020 0.649885
5821.00000 0.653967
5851.20020 0.659513
5881.00000 0.665032
5911.29980 0.671094
5941.00000 0.674716
5971.29980 0.67786
6001.50000 0.684629
6031.20020 0.693541
6061.50000 0.702968
6091.20020 0.707545
6121.39990 0.706889
6151.70020 0.701713
6181.39990 0.695279
6211.60010 0.690025
6241.79980 0.685848
6271.50000 0.686206
6301.70020 0.690694
6331.89990 0.697803
6361.60010 0.707017
6391.79980 0.71587
6422.00000 0.721024
6452.20020 0.719162
6481.79980 0.714806
6512.00000 0.711888
6542.10010 0.712318
6572.29980 0.715049
6601.89990 0.721096
6632.10010 0.726193
6662.20020 0.72757
6692.39990 0.726353
6722.50000 0.722307
6752.60010 0.722511
6782.20020 0.72661
6812.29980 0.734889
6842.39990 0.741175
6872.50000 0.735312
6902.60010 0.696077
6932.70020 0.599709
6962.79980 0.452484
6992.89990 0.305767
7023.00000 0.202622
7053.00000 0.141599
7083.10010 0.112939
7113.20020 0.108316
7143.20020 0.115634
7173.29980 0.0895406
7203.29980 0.0349627
7233.29980 0.00996733
7263.29980 0.00324475
7293.39990 0.00125742
7323.39990 0.000551075
7353.39990 0.000264993
7383.39990 0.000137139
7413.39990 7.06136e-05
7443.39990 4.01762e-05
7473.29980 2.49147e-05
7503.29980 1.66764e-05
7533.29980 2.3919e-06
7563.79980 2.4015e-06
7593.70020 2.4111e-06
7623.70020 1.2103e-06
7653.60010 1.215e-06
7683.60010 1.2198e-06
7714.00000 1.2246e-06
7744.00000 1.2294e-06
7773.89990 1.2341e-06
7803.79980 0.0
