threeML/data/optical_filters/Paranal/OmegaCAM-g_SDSS.ecsv
# %ECSV 0.9
# ---
# datatype:
# - {name: wavelength, unit: Angstrom, datatype: float32}
# - {name: response, datatype: float32}
# meta: !!omap
# - {band_name: g_SDSS}
# - {group_name: OmegaCAM}
wavelength response
2696.76001 0.0
2996.39990 8.49209e-05
3026.50000 1.02416e-05
3056.60010 5.1717e-06
3086.69995 1.5015e-05
3116.80005 1.84573e-05
3146.89990 6.6555e-06
3176.89990 4.0315e-06
3207.00000 4.7479e-06
3237.10010 2.0539e-06
3267.19995 2.073e-06
3296.69995 2.0917e-06
3326.69995 2.1108e-06
3356.80005 2.1298e-06
3386.80005 2.8652e-06
3416.89990 3.6133e-06
3446.89990 3.6451e-06
3477.00000 2.2061e-06
3507.00000 7.417e-07
3537.10010 7.481e-07
3567.10010 1.5089e-06
3597.10010 1.5216e-06
3627.19995 2.3014e-06
3657.19995 3.8674e-06
3687.19995 2.3395e-06
3717.30005 3.1447e-06
3747.30005 7.05357e-05
3777.30005 0.000325945
3807.89990 0.000960785
3837.89990 0.00124352
3867.89990 0.00151665
3897.89990 0.00394306
3927.89990 0.0120158
3957.89990 0.0339671
3987.89990 0.0727175
4017.89990 0.13033
4047.89990 0.249289
4077.89990 0.421553
4107.79980 0.530837
4137.79980 0.564792
4168.29980 0.577157
4198.29980 0.579605
4228.29980 0.605884
4258.20020 0.623295
4288.20020 0.62178
4318.10010 0.648925
4348.10010 0.651053
4378.60010 0.650908
4408.60010 0.65547
4438.50000 0.676635
4468.39990 0.675542
4498.39990 0.670476
4528.29980 0.676178
4558.79980 0.689772
4588.70020 0.686175
4618.60010 0.70411
4648.50000 0.717913
4679.00000 0.696059
4708.89990 0.713563
4738.79980 0.734667
4768.70020 0.742373
4799.20020 0.74327
4829.00000 0.748157
4858.89990 0.75054
4888.79980 0.759676
4919.29980 0.77458
4949.10010 0.776976
4979.00000 0.784642
5009.39990 0.783513
5039.29980 0.776606
5069.10010 0.763557
5099.50000 0.773126
5129.39990 0.789378
5159.20020 0.792931
5189.60010 0.779039
5219.50000 0.729129
5249.29980 0.706146
5279.70020 0.737315
5309.50000 0.764857
5339.89990 0.741441
5369.70020 0.589127
5399.50000 0.345096
5429.79980 0.16576
5459.60010 0.0778367
5490.00000 0.0377199
5519.79980 0.0200234
5550.10010 0.0113075
5579.89990 0.00689902
5610.20020 0.00441038
5640.00000 0.00294392
5670.29980 0.00200515
5700.10010 0.00139602
5730.39990 0.00099259
5760.10010 0.000723638
5790.39990 0.000537623
5820.20020 0.000407443
5850.50000 0.000316762
5880.20020 0.000249971
5910.50000 0.000205007
5940.20020 0.000170861
5970.50000 0.000142688
6000.70020 9.89923e-05
6030.39990 5.10165e-05
6060.70020 2.6918e-05
6090.39990 1.03047e-05
6120.60010 1.2945e-06
6150.89990 2.6018e-06
6180.50000 1.3072e-06
6210.79980 1.3136e-06
6241.00000 1.3199e-06
6270.60010 1.3262e-06
6300.89990 1.3326e-06
6331.10010 1.339e-06
6360.70020 1.3453e-06
6390.89990 1.3517e-06
6421.10010 1.358e-06
6451.29980 1.3644e-06
6480.89990 1.3707e-06
6511.10010 1.3771e-06
6541.20020 1.3834e-06
6571.39990 1.3898e-06
6601.00000 1.3961e-06
6631.10010 1.4025e-06
6661.29980 1.4088e-06
6691.39990 1.4152e-06
6721.50000 1.4216e-06
6751.70020 1.428e-06
6781.20020 1.4342e-06
6811.39990 1.4406e-06
6841.50000 1.4469e-06
6871.60010 1.4533e-06
6901.70020 1.4597e-06
6931.70020 1.466e-06
6961.79980 1.4724e-06
6991.89990 1.4788e-06
7022.00000 1.4851e-06
7052.10010 1.4915e-06
7082.10010 1.4978e-06
7112.20020 1.5042e-06
7142.20020 1.5105e-06
7172.20020 1.5169e-06
7202.29980 1.5233e-06
7232.29980 0.0
