threeML/data/optical_filters/Paranal/OmegaCAM-i_SDSS.ecsv
# %ECSV 0.9
# ---
# datatype:
# - {name: wavelength, unit: Angstrom, datatype: float32}
# - {name: response, datatype: float32}
# meta: !!omap
# - {band_name: i_SDSS}
# - {group_name: OmegaCAM}
wavelength response
6090.39990 0.0
6120.60010 8.086e-07
6150.89990 8.126e-07
6180.50000 8.165e-07
6210.79980 8.205e-07
6241.00000 5.7713e-06
6270.60010 1.15975e-05
6300.89990 2.66362e-05
6331.10010 7.02552e-05
6360.70020 0.000216795
6390.89990 0.000753095
6421.10010 0.00219955
6451.29980 0.00337322
6480.89990 0.00330052
6511.10010 0.00329782
6541.20020 0.00384454
6571.39990 0.00508979
6601.00000 0.00742011
6631.10010 0.0116562
6661.29980 0.0191778
6691.39990 0.0324915
6721.50000 0.0544744
6751.70020 0.0899912
6781.20020 0.146435
6811.39990 0.232123
6841.50000 0.339682
6871.60010 0.447003
6901.70020 0.517123
6931.70020 0.539673
6961.79980 0.535715
6991.89990 0.527149
7022.00000 0.524387
7052.10010 0.529094
7082.10010 0.538753
7112.20020 0.550325
7142.20020 0.561768
7172.20020 0.571488
7202.29980 0.57736
7232.29980 0.575868
7262.29980 0.568077
7292.29980 0.555809
7322.29980 0.542485
7352.39990 0.531824
7382.29980 0.52584
7412.29980 0.524735
7442.29980 0.526699
7472.29980 0.528669
7502.29980 0.528876
7532.20020 0.527777
7562.70020 0.527258
7592.70020 0.528988
7622.60010 0.533902
7652.50000 0.54043
7682.50000 0.545758
7712.89990 0.547734
7742.89990 0.545225
7772.79980 0.540184
7802.70020 0.534901
7833.10010 0.530997
7863.00000 0.527824
7892.89990 0.524976
7922.70020 0.52131
7953.20020 0.516093
7983.00000 0.509411
8012.89990 0.502053
8043.29980 0.493969
8073.10010 0.485893
8103.50000 0.477576
8133.29980 0.46999
8163.10010 0.464299
8193.50000 0.460943
8223.29980 0.463033
8253.59961 0.465653
8283.40039 0.462326
8313.70020 0.44665
8343.50000 0.413377
8373.79980 0.358797
8403.59961 0.286221
8433.90039 0.204793
8463.59961 0.134514
8493.90039 0.0833784
8523.59961 0.0511316
8553.90039 0.0324
8583.59961 0.0215914
8613.79980 0.0149298
8644.09961 0.0110642
8673.79980 0.0088151
8704.00000 0.00723717
8734.20020 0.00599307
8763.90039 0.00509184
8794.09961 0.0041463
8824.29980 0.00306823
8854.50000 0.0021137
8884.09961 0.00140837
8914.29980 0.000887933
8944.40039 0.0005849
8974.59961 0.000403103
9004.20020 0.000273587
9034.29980 0.000204087
9064.50000 0.000160461
9094.59961 0.000126152
9124.70020 0.000112105
9154.79980 9.79618e-05
9184.90039 9.34303e-05
9214.40039 9.73826e-05
9244.50000 0.000103807
9274.59961 0.000123748
9304.70020 0.000146275
9334.70020 0.000159079
9364.79980 0.000149694
9394.79980 0.000105494
9424.79980 6.5989e-05
9454.79980 4.24674e-05
9484.79980 2.63131e-05
9514.79980 1.88545e-05
9545.40039 1.3871e-05
9575.40039 1.13847e-05
9605.29980 8.8825e-06
9635.29980 8.9102e-06
9665.29980 7.661e-06
9695.20020 7.6848e-06
9725.09961 1.0278e-05
9755.59961 1.28878e-05
9785.50000 2.06837e-05
9815.50000 2.72303e-05
9845.40039 1.82089e-05
9875.79980 7.8279e-06
9905.70020 2.6172e-06
9935.59961 1.3125e-06
9965.40039 0.0
