threeML/data/optical_filters/Paranal/OmegaCAM-z_SDSS.ecsv
# %ECSV 0.9
# ---
# datatype:
# - {name: wavelength, unit: Angstrom, datatype: float32}
# - {name: response, datatype: float32}
# meta: !!omap
# - {band_name: z_SDSS}
# - {group_name: OmegaCAM}
wavelength response
7532.20020 0.0
7562.70020 8.502e-07
7592.70020 8.536e-07
7622.60010 6.8556e-06
7652.50000 7.7429e-06
7682.50000 8.6368e-06
7712.89990 7.804e-06
7742.89990 6.0933e-06
7772.79980 9.6122e-06
7802.70020 8.7719e-06
7833.10010 9.6868e-06
7863.00000 1.41436e-05
7892.89990 2.30707e-05
7922.70020 3.56278e-05
7953.20020 5.81174e-05
7983.00000 9.24394e-05
8012.89990 0.000162149
8043.29980 0.000309251
8073.10010 0.000546373
8103.50000 0.000987538
8133.29980 0.00176747
8163.10010 0.00277885
8193.50000 0.0042501
8223.29980 0.00698168
8253.59961 0.0107533
8283.40039 0.0171469
8313.70020 0.03228
8343.50000 0.054417
8373.79980 0.0942111
8403.59961 0.168711
8433.90039 0.230717
8463.59961 0.306791
8493.90039 0.345333
8523.59961 0.360028
8553.90039 0.37972
8583.59961 0.380081
8613.79980 0.385366
8644.09961 0.385002
8673.79980 0.386728
8704.00000 0.381817
8734.20020 0.376209
8763.90039 0.363774
8794.09961 0.356554
8824.29980 0.346087
8854.50000 0.335469
8884.09961 0.326529
8914.29980 0.31288
8944.40039 0.304373
8974.59961 0.288159
9004.20020 0.280636
9034.29980 0.263719
9064.50000 0.256231
9094.59961 0.241025
9124.70020 0.232643
9154.79980 0.220354
9184.90039 0.21119
9214.40039 0.202976
9244.50000 0.199039
9274.59961 0.193642
9304.70020 0.189425
9334.70020 0.183623
9364.79980 0.178589
9394.79980 0.17224
9424.79980 0.165643
9454.79980 0.157901
9484.79980 0.148414
9514.79980 0.137225
9545.40039 0.12369
9575.40039 0.105905
9605.29980 0.0892814
9635.29980 0.0669519
9665.29980 0.0519597
9695.20020 0.0343054
9725.09961 0.0255226
9755.59961 0.016573
9785.50000 0.0115479
9815.50000 0.00798807
9845.40039 0.00511249
9875.79980 0.00384039
9905.70020 0.00238872
9935.59961 0.00184748
9965.40039 0.00124357
9995.79980 0.000869786
10025.70020 0.000684156
10055.50000 0.00043749
10085.90039 0.000356038
10115.70020 0.000247917
10146.09961 0.000172237
10175.90039 0.000141856
10206.20020 9.0645e-05
10236.00000 8.05527e-05
10266.29980 6.11705e-05
10296.09961 5.20878e-05
10326.29980 4.64365e-05
10356.09961 3.37635e-05
10386.40039 3.15268e-05
10416.09961 2.69331e-05
10446.29980 2.11393e-05
10476.59961 2.12005e-05
10506.29980 1.6536e-05
10536.50000 1.42145e-05
10566.20020 1.42545e-05
10596.40039 1.07215e-05
10626.59961 9.5573e-06
10656.79980 9.5845e-06
10686.40039 7.2084e-06
10716.59961 7.2287e-06
10746.70020 6.0409e-06
10776.90039 4.8463e-06
10807.00000 4.8598e-06
10836.59961 4.8731e-06
10866.70020 3.665e-06
10896.79980 3.6751e-06
10926.90039 3.6853e-06
10957.00000 2.4636e-06
10987.09961 2.4704e-06
11017.09961 2.4771e-06
11047.20020 1.242e-06
11077.20020 2.4907e-06
11107.20020 2.4974e-06
11137.29980 1.2521e-06
11167.29980 1.2555e-06
11197.29980 1.2588e-06
11227.29980 1.2622e-06
11257.20020 1.2656e-06
11287.20020 1.2689e-06
11317.70020 1.2724e-06
11347.59961 0.0
