threeML/data/optical_filters/Paranal/VIMOS-V.ecsv
# %ECSV 0.9
# ---
# datatype:
# - {name: wavelength, unit: Angstrom, datatype: float32}
# - {name: response, datatype: float32}
# meta: !!omap
# - {band_name: V}
# - {group_name: VIMOS}
wavelength response
4317.53369 0.0
4797.25977 0.001066
4802.52979 0.001514
4807.79980 0.001824
4813.06982 0.001919
4818.35010 0.001453
4823.62012 0.001066
4860.52002 0.001325
4865.79004 0.001853
4871.06982 0.002668
4876.33984 0.003593
4881.60986 0.005133
4886.87988 0.006755
4892.16016 0.008758
4897.43018 0.011006
4902.70020 0.014099
4907.97021 0.017878
4913.24023 0.024369
4918.52002 0.027731
4923.79004 0.031938
4929.06006 0.037551
4934.33008 0.042438
4939.60010 0.048076
4944.87988 0.054302
4950.14990 0.060994
4955.41992 0.068064
4960.68994 0.075371
4965.95996 0.082831
4971.24023 0.090381
4976.50977 0.097955
4981.77979 0.105513
4987.04980 0.112982
4992.31982 0.120386
4997.60010 0.12765
5002.87012 0.134545
5008.14014 0.141447
5013.41016 0.148148
5018.68018 0.154574
5023.95996 0.160789
5029.22998 0.16676
5034.50000 0.172498
5039.77002 0.178006
5045.04004 0.183295
5050.31982 0.188345
5055.58984 0.193174
5060.85986 0.197798
5066.12988 0.202201
5071.39990 0.206403
5076.68018 0.210408
5081.95020 0.214149
5087.22021 0.217872
5092.49023 0.221337
5097.75977 0.224558
5103.04004 0.227791
5108.31006 0.230689
5113.58008 0.23363
5118.85010 0.236257
5124.12012 0.238931
5129.39990 0.241289
5134.66992 0.243536
5139.93994 0.245854
5145.20996 0.247968
5150.47998 0.249878
5155.75977 0.251783
5161.02979 0.253592
5166.29980 0.255314
5171.56982 0.256834
5176.85010 0.258371
5182.12012 0.259832
5187.39014 0.261207
5192.66016 0.262496
5197.93018 0.263619
5203.20996 0.264763
5208.47998 0.265944
5213.75000 0.266741
5219.02002 0.267789
5224.29004 0.26856
5229.56982 0.269382
5234.83984 0.270134
5240.10986 0.270736
5245.37988 0.271383
5250.64990 0.271981
5255.93018 0.272421
5261.20020 0.273035
5266.47021 0.273386
5271.74023 0.273699
5277.00977 0.274084
5282.29004 0.274331
5287.56006 0.274763
5292.83008 0.274939
5298.10010 0.275216
5303.37012 0.275575
5308.64990 0.276265
5313.91992 0.276716
5319.18994 0.277147
5324.45996 0.27768
5329.72998 0.278073
5335.00977 0.278682
5340.27979 0.279055
5345.54980 0.279403
5350.81982 0.279863
5356.08984 0.280302
5361.37012 0.280623
5366.64014 0.281032
5371.91016 0.28132
5377.18018 0.281719
5382.45020 0.282093
5387.72998 0.282237
5393.00000 0.282711
5398.27002 0.283066
5403.54004 0.283161
5408.81006 0.283603
5414.08984 0.283924
5419.35986 0.283984
5424.62988 0.284281
5429.89990 0.284676
5435.16992 0.284587
5440.45020 0.284956
5445.72021 0.285201
5450.99023 0.285305
5456.25977 0.285504
5461.54004 0.285704
5466.81006 0.285759
5472.08008 0.285797
5477.35010 0.285934
5482.62012 0.286062
5487.89990 0.286036
5493.16992 0.286001
5498.43994 0.28618
5503.70996 0.28623
5508.97998 0.286607
5514.25977 0.286966
5519.52979 0.287285
5524.79980 0.287453
5530.06982 0.287585
5535.33984 0.287811
5540.62012 0.287983
5545.89014 0.288121
5551.16016 0.288103
5556.43018 0.288026
5561.70020 0.288044
5566.97998 0.288008
5572.25000 0.287937
5577.52002 0.287685
5582.79004 0.287403
5588.06006 0.28732
5593.33984 0.286828
5598.60986 0.286668
5603.87988 0.286109
5609.14990 0.285753
5614.41992 0.285382
5619.70020 0.284978
5624.97021 0.284435
5630.24023 0.283997
5635.50977 0.283431
5640.77979 0.282977
5646.06006 0.282404
5651.33008 0.282079
5656.60010 0.281527
5661.87012 0.281102
5667.14014 0.280466
5672.41992 0.280218
5677.68994 0.279766
5682.95996 0.279461
5688.22998 0.279208
5693.50000 0.278993
5698.77979 0.278819
5704.04980 0.27846
5709.31982 0.27851
5714.58984 0.278371
5719.85986 0.278387
5725.14014 0.278457
5730.41016 0.278519
5735.68018 0.278044
5740.95020 0.277724
5746.22998 0.277435
5751.50000 0.277058
5756.77002 0.276817
5762.04004 0.276597
5767.31006 0.276369
5772.58984 0.276112
5777.85986 0.27569
5783.12988 0.275426
5788.39990 0.274798
5793.66992 0.273994
5798.95020 0.273221
5804.22021 0.27193
5809.49023 0.270537
5814.75977 0.268484
5820.02979 0.266065
5825.31006 0.263186
5830.58008 0.259468
5835.85010 0.254319
5841.12012 0.248667
5846.39014 0.241954
5851.66992 0.234205
5856.93994 0.225306
5862.20996 0.215248
5867.47998 0.203625
5872.75000 0.190694
5878.02979 0.17597
5883.29980 0.159524
5888.56982 0.141346
5893.83984 0.121138
5899.10986 0.098736
5904.39014 0.077703
5909.66016 0.06346
5914.93018 0.048828
5920.20020 0.033854
5925.47021 0.021655
5930.75000 0.015352
5936.02002 0.012001
5941.29004 0.009653
5946.56006 0.007631
5951.83008 0.006058
5957.10986 0.004756
5962.37988 0.00384
5967.64990 0.003088
5972.91992 0.002427
5978.18994 0.001967
5983.47021 0.001673
5988.74023 0.001361
5994.00977 0.001115
6593.41064 0.0
