threeML/data/optical_filters/Paranal/VIMOS-B.ecsv
# %ECSV 0.9
# ---
# datatype:
# - {name: wavelength, unit: Angstrom, datatype: float32}
# - {name: response, datatype: float32}
# meta: !!omap
# - {band_name: B}
# - {group_name: VIMOS}
wavelength response
3292.64990 0.0
3658.50000 0.001277
3663.80005 0.001744
3669.00000 0.002613
3674.30005 0.003856
3679.60010 0.007371
3684.89990 0.008612
3690.10010 0.009934
3695.39990 0.011196
3700.69995 0.012544
3706.00000 0.013947
3711.19995 0.015716
3716.50000 0.017495
3721.80005 0.020541
3727.00000 0.023488
3732.30005 0.026221
3737.60010 0.029341
3742.89990 0.032832
3748.10010 0.036783
3753.39990 0.041798
3758.69995 0.048683
3763.89990 0.055453
3769.19995 0.063931
3774.50000 0.0749
3779.80005 0.084821
3785.00000 0.094996
3790.30005 0.106711
3795.60010 0.11719
3800.80005 0.126639
3806.10010 0.135055
3811.39990 0.142468
3816.69995 0.149223
3821.89990 0.15518
3827.19995 0.160351
3832.50000 0.165089
3837.80005 0.169219
3843.00000 0.172857
3848.30005 0.175999
3853.60010 0.178802
3858.80005 0.181256
3864.10010 0.183398
3869.39990 0.185273
3874.69995 0.186899
3879.89990 0.188314
3885.19995 0.189614
3890.50000 0.190555
3895.69995 0.191489
3901.00000 0.192375
3906.30005 0.192962
3911.60010 0.193597
3916.80005 0.194232
3922.10010 0.194744
3927.39990 0.195078
3932.60010 0.195578
3937.89990 0.195985
3943.19995 0.196372
3948.50000 0.196613
3953.69995 0.197049
3959.00000 0.197413
3964.30005 0.197779
3969.60010 0.198083
3974.80005 0.198527
3980.10010 0.19891
3985.39990 0.199369
3990.60010 0.199636
3995.89990 0.200047
4001.19995 0.200536
4006.50000 0.201305
4011.69995 0.202221
4017.00000 0.203012
4022.30005 0.203811
4027.50000 0.204824
4032.80005 0.205637
4038.10010 0.206455
4043.39990 0.207417
4048.60010 0.208241
4053.89990 0.209066
4059.19995 0.210032
4064.50000 0.210855
4069.69995 0.211673
4075.00000 0.212487
4080.30005 0.213511
4085.50000 0.214311
4090.80005 0.215104
4096.10010 0.216031
4101.39990 0.216804
4106.60010 0.217564
4111.89990 0.218458
4117.20020 0.219194
4122.39990 0.219915
4127.70020 0.220845
4133.00000 0.221537
4138.20020 0.222215
4143.50000 0.223026
4148.79980 0.223673
4154.10010 0.224304
4159.29980 0.225072
4164.60010 0.225672
4169.89990 0.226258
4175.20020 0.227059
4180.39990 0.227615
4185.70020 0.228157
4191.00000 0.228685
4196.20020 0.229354
4201.50000 0.229857
4206.79980 0.230347
4212.10010 0.230982
4217.29980 0.231449
4222.60010 0.231907
4227.89990 0.232593
4233.20020 0.233032
4238.39990 0.233463
4243.70020 0.234046
4249.00000 0.234463
4254.20020 0.234874
4259.50000 0.235439
4264.79980 0.235841
4270.10010 0.236237
4275.29980 0.236873
4280.60010 0.237264
4285.89990 0.237652
4291.10010 0.238038
4296.39990 0.238585
4301.70020 0.238969
4307.00000 0.239352
4312.20020 0.239898
4317.50000 0.240282
4322.79980 0.240665
4328.10010 0.241297
4333.29980 0.241682
4338.60010 0.242069
4343.89990 0.242621
4349.10010 0.24301
4354.39990 0.2434
4359.70020 0.243958
4364.89990 0.24435
4370.20020 0.244744
4375.50000 0.245392
4380.79980 0.245788
4386.00000 0.246185
4391.29980 0.246583
4396.60010 0.247151
4401.89990 0.24755
4407.10010 0.247949
4412.39990 0.248519
4417.70020 0.248918
4422.89990 0.249316
4428.20020 0.249972
4433.50000 0.250369
4438.79980 0.250764
4444.00000 0.251331
4449.29980 0.251723
4454.60010 0.252113
4459.89990 0.252675
4465.10010 0.253059
4470.39990 0.253439
4475.70020 0.254081
4480.89990 0.254454
4486.20020 0.254822
4491.50000 0.255185
4496.79980 0.255719
4502.00000 0.25607
4507.29980 0.256769
4512.60010 0.257461
4517.79980 0.257787
4523.10010 0.258462
4528.39990 0.258853
4533.70020 0.259506
4538.89990 0.260059
4544.20020 0.260407
4549.50000 0.261014
4554.70020 0.261601
4560.00000 0.2618
4565.29980 0.262339
4570.60010 0.262568
4575.79980 0.263044
4581.10010 0.263395
4586.39990 0.263509
4591.70020 0.263857
4596.89990 0.264151
4602.20020 0.264011
4607.50000 0.264174
4612.70020 0.26426
4618.00000 0.263974
4623.29980 0.263788
4628.60010 0.263294
4633.79980 0.262966
4639.10010 0.262414
4644.39990 0.261513
4649.60010 0.26073
4654.89990 0.259761
4660.20020 0.258218
4665.50000 0.256815
4670.70020 0.254879
4676.00000 0.252948
4681.29980 0.250632
4686.60010 0.247782
4691.79980 0.244841
4697.10010 0.241495
4702.39990 0.237365
4707.60010 0.233094
4712.89990 0.228292
4718.20020 0.222656
4723.39990 0.216587
4728.70020 0.209653
4734.00000 0.202222
4739.29980 0.193928
4744.50000 0.184592
4749.79980 0.174531
4755.10010 0.163438
4760.39990 0.15101
4765.60010 0.137614
4770.89990 0.122917
4776.20020 0.109478
4781.39990 0.097489
4786.70020 0.083257
4792.00000 0.067956
4797.29980 0.053119
4802.50000 0.039971
4807.79980 0.031409
4813.10010 0.022915
4818.39990 0.01425
4823.60010 0.009696
4828.89990 0.006975
4834.20020 0.005054
4839.39990 0.003713
4844.70020 0.002768
4850.00000 0.001925
4855.20020 0.001448
4860.50000 0.001074
5346.54980 0.0
