threeML/data/optical_filters/Paranal/VIMOS-U.ecsv
# %ECSV 0.9
# ---
# datatype:
# - {name: wavelength, unit: Angstrom, datatype: float32}
# - {name: response, datatype: float32}
# meta: !!omap
# - {band_name: U}
# - {group_name: VIMOS}
wavelength response
2996.10010 0.0
3329.00000 0.011558
3334.30005 0.012541
3339.50000 0.013329
3344.80005 0.01411
3350.10010 0.01608
3355.39990 0.01733
3360.60010 0.018541
3365.89990 0.020113
3371.19995 0.021555
3376.50000 0.022985
3381.69995 0.025158
3387.00000 0.026476
3392.30005 0.02788
3397.50000 0.029324
3402.80005 0.030902
3408.10010 0.03288
3413.39990 0.034997
3418.60010 0.036611
3423.89990 0.038624
3429.19995 0.040596
3434.39990 0.04259
3439.69995 0.044642
3445.00000 0.047102
3450.30005 0.049562
3455.50000 0.051219
3460.80005 0.053217
3466.10010 0.055266
3471.30005 0.057328
3476.60010 0.059367
3481.89990 0.061452
3487.19995 0.063451
3492.39990 0.065414
3497.69995 0.067325
3503.00000 0.069163
3508.19995 0.07109
3513.50000 0.0731
3518.80005 0.075102
3524.10010 0.076978
3529.30005 0.079079
3534.60010 0.0816
3539.89990 0.084094
3545.19995 0.086604
3550.39990 0.089111
3555.69995 0.091577
3561.00000 0.094097
3566.19995 0.09662
3571.50000 0.0991
3576.80005 0.101593
3582.10010 0.103992
3587.30005 0.10644
3592.60010 0.108862
3597.89990 0.11118
3603.19995 0.113519
3608.39990 0.115867
3613.69995 0.118071
3619.00000 0.120194
3624.19995 0.122379
3629.50000 0.12444
3634.80005 0.126389
3640.10010 0.12824
3645.30005 0.130147
3650.60010 0.131913
3655.89990 0.133564
3661.10010 0.135161
3666.39990 0.136753
3671.69995 0.138211
3677.00000 0.1396
3682.19995 0.140948
3687.50000 0.142235
3692.80005 0.143492
3698.00000 0.144615
3703.30005 0.145783
3708.60010 0.146991
3713.89990 0.148071
3719.10010 0.149117
3724.39990 0.150249
3729.69995 0.151459
3735.00000 0.152579
3740.19995 0.153699
3745.50000 0.155012
3750.80005 0.1563
3756.00000 0.157589
3761.30005 0.158974
3766.60010 0.160437
3771.89990 0.161933
3777.10010 0.16353
3782.39990 0.165143
3787.69995 0.166803
3792.89990 0.168513
3798.19995 0.170133
3803.50000 0.171839
3808.80005 0.173517
3814.00000 0.175167
3819.30005 0.176628
3824.60010 0.178067
3829.80005 0.179428
3835.10010 0.180467
3840.39990 0.181227
3845.69995 0.181886
3850.89990 0.182047
3856.19995 0.181781
3861.50000 0.181223
3866.80005 0.180049
3872.00000 0.178287
3877.30005 0.175901
3882.60010 0.172751
3887.80005 0.168808
3893.10010 0.163934
3898.39990 0.158169
3903.69995 0.151315
3908.89990 0.143808
3914.19995 0.135019
3919.50000 0.12424
3924.69995 0.11272
3930.00000 0.100623
3935.30005 0.089581
3940.60010 0.080411
3945.80005 0.071498
3951.10010 0.062625
3956.39990 0.053138
3961.60010 0.04316
3966.89990 0.032029
3972.19995 0.021748
3977.50000 0.013917
3982.69995 0.00805
3988.00000 0.004896
3993.30005 0.003172
3998.60010 0.002116
4003.80005 0.001499
4404.18018 0.0
