threeML/data/optical_filters/Paranal/VIMOS-R.ecsv
# %ECSV 0.9
# ---
# datatype:
# - {name: wavelength, unit: Angstrom, datatype: float32}
# - {name: response, datatype: float32}
# meta: !!omap
# - {band_name: R}
# - {group_name: VIMOS}
wavelength response
5037.63330 0.0
5597.37012 0.001568
5604.47998 0.002047
5611.58984 0.003053
5618.70020 0.004252
5625.81006 0.005767
5632.91992 0.007689
5640.04004 0.009958
5647.14990 0.012773
5654.25977 0.015052
5661.37012 0.018762
5668.47998 0.023128
5675.58984 0.027278
5682.70996 0.032528
5689.81982 0.038093
5696.93018 0.044084
5704.04004 0.050423
5711.14990 0.057003
5718.25977 0.063749
5725.37012 0.070657
5732.49023 0.07765
5739.60010 0.084685
5746.70996 0.091751
5753.81982 0.09875
5760.93018 0.105679
5768.04004 0.112466
5775.16016 0.119217
5782.27002 0.12579
5789.37988 0.132209
5796.49023 0.138453
5803.60010 0.144606
5810.70996 0.150481
5817.81982 0.156156
5824.93994 0.161676
5832.04980 0.166937
5839.16016 0.171987
5846.27002 0.176951
5853.37988 0.181636
5860.49023 0.186061
5867.60010 0.190332
5874.72021 0.194347
5881.83008 0.198222
5888.93994 0.201906
5896.04980 0.205336
5903.16016 0.208718
5910.27002 0.211785
5917.39014 0.214745
5924.50000 0.217541
5931.60986 0.220191
5938.72021 0.222673
5945.83008 0.224946
5952.93994 0.227215
5960.04980 0.22929
5967.16992 0.231231
5974.27979 0.233047
5981.39014 0.234757
5988.50000 0.236351
5995.60986 0.237768
6002.72021 0.239316
6009.83984 0.24054
6016.95020 0.241829
6024.06006 0.242968
6031.16992 0.244015
6038.27979 0.244992
6045.39014 0.245898
6052.50000 0.246821
6059.62012 0.247517
6066.72998 0.248399
6073.83984 0.248979
6080.95020 0.24967
6088.06006 0.250237
6095.16992 0.25083
6102.27979 0.251213
6109.39990 0.251801
6116.50977 0.252109
6123.62012 0.252541
6130.72998 0.25293
6137.83984 0.253127
6144.95020 0.25353
6152.06982 0.25367
6159.18018 0.254011
6166.29004 0.254163
6173.39990 0.254374
6180.50977 0.254471
6187.62012 0.254709
6194.72998 0.254675
6201.85010 0.254865
6208.95996 0.254873
6216.06982 0.254853
6223.18018 0.254893
6230.29004 0.254995
6237.39990 0.25484
6244.52002 0.254903
6251.62988 0.254865
6258.74023 0.254827
6265.85010 0.254675
6272.95996 0.254596
6280.06982 0.254493
6287.18018 0.254392
6294.29980 0.254344
6301.41016 0.254055
6308.52002 0.253982
6315.62988 0.253822
6322.74023 0.253662
6329.85010 0.253565
6336.97021 0.253288
6344.08008 0.253101
6351.18994 0.252978
6358.29980 0.252694
6365.41016 0.252566
6372.52002 0.252426
6379.62988 0.252128
6386.75000 0.251896
6393.85986 0.25175
6400.97021 0.251522
6408.08008 0.251372
6415.18994 0.25113
6422.29980 0.250976
6429.41016 0.25075
6436.52979 0.250596
6443.64014 0.250433
6450.75000 0.250129
6457.85986 0.249894
6464.97021 0.249742
6472.08008 0.249598
6479.20020 0.249448
6486.31006 0.249228
6493.41992 0.249089
6500.52979 0.248942
6507.64014 0.248796
6514.75000 0.248659
6521.85986 0.248523
6528.97998 0.248309
6536.08984 0.248172
6543.20020 0.248036
6550.31006 0.247898
6557.41992 0.24776
6564.52979 0.247618
6571.64990 0.247474
6578.75977 0.247327
6585.87012 0.247265
6592.97998 0.247109
6600.08984 0.246947
6607.20020 0.246788
6614.31006 0.246545
6621.43018 0.246371
6628.54004 0.246181
6635.64990 0.246071
6642.75977 0.245938
6649.87012 0.245727
6656.97998 0.245497
6664.08984 0.245262
6671.20996 0.245098
6678.31982 0.244839
6685.43018 0.244568
6692.54004 0.244284
6699.64990 0.244075
6706.75977 0.243764
6713.87988 0.243516
6720.99023 0.243259
6728.10010 0.242916
6735.20996 0.242619
6742.31982 0.242332
6749.43018 0.241944
6756.54004 0.241553
6763.66016 0.241232
6770.77002 0.240813
6777.87988 0.240535
6784.99023 0.240189
6792.10010 0.239749
6799.20996 0.239311
6806.33008 0.23895
6813.43994 0.238572
6820.54980 0.238203
6827.66016 0.237839
6834.77002 0.237397
6841.87988 0.237104
6848.99023 0.236743
6856.10986 0.236322
6863.22021 0.235979
6870.33008 0.235628
6877.43994 0.235298
6884.54980 0.234976
6891.66016 0.234724
6898.77002 0.234339
6905.89014 0.234022
6913.00000 0.233713
6920.10986 0.233395
6927.22021 0.233076
6934.33008 0.232812
6941.43994 0.23239
6948.56006 0.232015
6955.66992 0.23167
6962.77979 0.23122
6969.89014 0.230625
6977.00000 0.23018
6984.10986 0.22943
6991.22021 0.228707
6998.33984 0.227788
7005.45020 0.226644
7012.56006 0.225528
7019.66992 0.22399
7026.77979 0.222411
7033.89014 0.220339
7041.00977 0.217939
7048.12012 0.215365
7055.22998 0.212163
7062.33984 0.208669
7069.45020 0.204434
7076.56006 0.199767
7083.66992 0.194222
7090.79004 0.188009
7097.89990 0.180891
7105.00977 0.172845
7112.12012 0.163689
7119.22998 0.153367
7126.33984 0.141654
7133.45020 0.128619
7140.56982 0.113867
7147.68018 0.097454
7154.79004 0.079033
7161.89990 0.064793
7169.00977 0.048453
7176.12012 0.036816
7183.24023 0.02405
7190.35010 0.015567
7197.45996 0.010384
7204.56982 0.007558
7211.68018 0.005654
7218.79004 0.004115
7225.89990 0.00302
7233.02002 0.00234
7240.12988 0.001709
7247.24023 0.001386
7254.35010 0.001045
7979.78516 0.0
