threeML/data/optical_filters/Paranal/VISIR-J89.ecsv
# %ECSV 0.9
# ---
# datatype:
# - {name: wavelength, unit: Angstrom, datatype: float32}
# - {name: response, datatype: float32}
# meta: !!omap
# - {band_name: J89}
# - {group_name: VISIR}
wavelength response
71640.00000 0.0
79600.00000 0.004
79700.00000 0.004
79900.00000 0.004
80000.00000 0.005
80090.00000 0.006
80200.00000 0.006
80300.00000 0.007
80410.00000 0.008
80500.00000 0.009
80600.00000 0.011
80700.00000 0.013
80800.00000 0.017
81000.00000 0.02
81100.00000 0.024
81200.00000 0.029
81300.00000 0.034
81400.00000 0.04
81490.00000 0.047
81600.00000 0.055
81700.00000 0.066
81790.00000 0.078
81900.00000 0.091
82000.00000 0.106
82110.00000 0.123
82200.00000 0.142
82300.00000 0.162
82400.00000 0.184
82500.00000 0.208
82600.00000 0.233
82700.00000 0.257
82800.00000 0.285
82900.00000 0.313
83000.00000 0.341
83100.00000 0.371
83190.00000 0.401
83300.00000 0.43
83400.00000 0.459
83510.00000 0.488
83600.00000 0.516
83700.00000 0.543
83810.00000 0.569
83900.00000 0.594
84000.00000 0.62
84100.00000 0.642
84200.00000 0.665
84300.00000 0.686
84400.00000 0.705
84500.00000 0.723
84600.00000 0.74
84700.00000 0.757
84800.00000 0.773
84890.00000 0.789
85000.00000 0.803
85100.00000 0.818
85210.00000 0.831
85300.00000 0.842
85400.00000 0.854
85500.00000 0.864
85600.00000 0.873
85700.00000 0.881
85800.00000 0.888
85900.00000 0.894
86000.00000 0.9
86100.00000 0.904
86200.00000 0.907
86290.00000 0.91
86400.00000 0.911
86500.00000 0.912
86590.00000 0.912
86700.00000 0.911
86800.00000 0.907
86910.00000 0.897
87000.00000 0.886
87100.00000 0.873
87200.00000 0.861
87300.00000 0.85
87400.00000 0.845
87500.00000 0.844
87600.00000 0.844
87700.00000 0.848
87800.00000 0.852
87900.00000 0.858
87990.00000 0.865
88100.00000 0.873
88200.00000 0.882
88310.00000 0.89
88400.00000 0.899
88500.00000 0.908
88610.00000 0.916
88700.00000 0.924
88800.00000 0.935
88900.00000 0.948
89000.00000 0.961
89100.00000 0.975
89200.00000 0.986
89300.00000 0.99
89400.00000 0.986
89500.00000 0.977
89600.00000 0.96
89690.00000 0.94
89800.00000 0.915
89900.00000 0.887
90010.00000 0.855
90100.00000 0.82
90200.00000 0.782
90310.00000 0.743
90400.00000 0.701
90500.00000 0.658
90600.00000 0.614
90700.00000 0.568
90800.00000 0.523
90900.00000 0.477
91000.00000 0.43
91100.00000 0.386
91200.00000 0.344
91300.00000 0.303
91390.00000 0.265
91500.00000 0.23
91600.00000 0.198
91710.00000 0.168
91800.00000 0.141
91900.00000 0.117
92000.00000 0.097
92100.00000 0.079
92200.00000 0.064
92300.00000 0.053
92400.00000 0.044
92500.00000 0.036
92600.00000 0.03
92700.00000 0.026
92790.00000 0.022
92900.00000 0.018
93000.00000 0.015
93090.00000 0.014
93200.00000 0.011
93300.00000 0.009
93410.00000 0.009
93500.00000 0.007
93600.00000 0.007
93700.00000 0.006
93800.00000 0.006
93900.00000 0.005
94000.00000 0.004
94100.00000 0.004
103510.00000 0.0
