threeML/data/optical_filters/Paranal/VISIR-PAH1.ecsv
# %ECSV 0.9
# ---
# datatype:
# - {name: wavelength, unit: Angstrom, datatype: float32}
# - {name: response, datatype: float32}
# meta: !!omap
# - {band_name: PAH1}
# - {group_name: VISIR}
wavelength response
72540.00000 0.0
80600.00000 0.004165
80660.00000 0.004145
80720.00000 0.003739
80790.00000 0.003965
80850.00000 0.004235
80910.00000 0.003767
80970.00000 0.003562
81030.00000 0.003808
81090.00000 0.004207
81150.00000 0.005052
81210.00000 0.006175
81270.00000 0.007322
81330.00000 0.00814
81390.00000 0.008306
81450.00000 0.008386
81510.00000 0.00875
81570.00000 0.009046
81630.00000 0.009492
81690.00000 0.010341
81750.00000 0.011017
81810.00000 0.011776
81870.00000 0.013283
81930.00000 0.014893
81990.00000 0.016296
82050.00000 0.017982
82110.00000 0.019661
82170.00000 0.020789
82230.00000 0.021926
82290.00000 0.024193
82350.00000 0.027558
82410.00000 0.031166
82470.00000 0.034605
82530.00000 0.037836
82590.00000 0.041119
82650.00000 0.045029
82710.00000 0.04984
82770.00000 0.055209
82830.00000 0.060684
82890.00000 0.066471
82950.00000 0.073454
83010.00000 0.082088
83070.00000 0.091936
83130.00000 0.102671
83190.00000 0.114795
83250.00000 0.128799
83310.00000 0.144566
83370.00000 0.161966
83430.00000 0.181049
83490.00000 0.20221
83550.00000 0.225874
83610.00000 0.251518
83670.00000 0.278518
83730.00000 0.307577
83790.00000 0.338789
83850.00000 0.37135
83910.00000 0.405629
83970.00000 0.441985
84030.00000 0.479258
84090.00000 0.515614
84150.00000 0.549806
84210.00000 0.58109
84270.00000 0.609353
84330.00000 0.63544
84390.00000 0.659415
84450.00000 0.679598
84510.00000 0.695336
84570.00000 0.707926
84630.00000 0.718337
84690.00000 0.726894
84750.00000 0.733605
84810.00000 0.738835
84870.00000 0.743003
84930.00000 0.745308
84990.00000 0.745622
85050.00000 0.745794
85110.00000 0.746741
85170.00000 0.74794
85230.00000 0.748944
85290.00000 0.749528
85350.00000 0.749665
85410.00000 0.749683
85470.00000 0.749801
85530.00000 0.750452
85590.00000 0.752112
85650.00000 0.754197
85710.00000 0.755519
85770.00000 0.756403
85830.00000 0.757692
85890.00000 0.758686
85950.00000 0.75884
86010.00000 0.759048
86070.00000 0.759685
86130.00000 0.759894
86190.00000 0.759398
86250.00000 0.758703
86310.00000 0.757587
86370.00000 0.755312
86430.00000 0.752033
86490.00000 0.748454
86550.00000 0.744599
86610.00000 0.739594
86670.00000 0.732246
86730.00000 0.722682
86790.00000 0.71264
86850.00000 0.70337
86910.00000 0.693939
86970.00000 0.682685
87030.00000 0.669908
87090.00000 0.657086
87150.00000 0.643929
87210.00000 0.628771
87270.00000 0.611412
87330.00000 0.59346
87390.00000 0.575937
87450.00000 0.557892
87510.00000 0.538453
87570.00000 0.518653
87630.00000 0.499446
87690.00000 0.479849
87750.00000 0.45899
87810.00000 0.437552
87870.00000 0.416486
87930.00000 0.396095
87990.00000 0.375861
88050.00000 0.355069
88110.00000 0.333809
88170.00000 0.312856
88230.00000 0.292913
88290.00000 0.274328
88350.00000 0.256881
88410.00000 0.24019
88470.00000 0.224102
88530.00000 0.208422
88590.00000 0.192965
88650.00000 0.178056
88710.00000 0.164378
88770.00000 0.152383
88830.00000 0.141866
88890.00000 0.131949
88950.00000 0.122021
89010.00000 0.112277
89070.00000 0.103126
89130.00000 0.094723
89190.00000 0.087042
89250.00000 0.080088
89310.00000 0.073934
89370.00000 0.06832
89430.00000 0.062657
89490.00000 0.057134
89550.00000 0.052839
89610.00000 0.049949
89670.00000 0.047235
89730.00000 0.044015
89790.00000 0.04086
89850.00000 0.038113
89910.00000 0.035509
89970.00000 0.032983
90030.00000 0.030523
90090.00000 0.027944
90150.00000 0.0255
90210.00000 0.023758
90270.00000 0.022752
90330.00000 0.022007
90390.00000 0.020991
90450.00000 0.019391
90510.00000 0.017548
90570.00000 0.016204
90630.00000 0.015376
90690.00000 0.014434
90750.00000 0.013316
90820.00000 0.012462
90880.00000 0.011982
90940.00000 0.01172
91000.00000 0.011526
91060.00000 0.01112
91120.00000 0.010297
91180.00000 0.009234
91240.00000 0.008215
91300.00000 0.007406
91360.00000 0.006919
91420.00000 0.006794
91480.00000 0.006873
91540.00000 0.006813
91600.00000 0.006439
91660.00000 0.005959
91720.00000 0.005686
91780.00000 0.005546
91840.00000 0.005209
91900.00000 0.00464
91960.00000 0.004135
101156.00000 0.0
