threeML/data/optical_filters/Paranal/VISIR-Q3.ecsv
# %ECSV 0.9
# ---
# datatype:
# - {name: wavelength, unit: Angstrom, datatype: float32}
# - {name: response, datatype: float32}
# meta: !!omap
# - {band_name: Q3}
# - {group_name: VISIR}
wavelength response
171963.00000 0.0
191070.00000 0.004421
191130.00000 0.004917
191190.00000 0.005478
191250.00000 0.006113
191310.00000 0.006813
191370.00000 0.007599
191430.00000 0.008481
191490.00000 0.009446
191550.00000 0.010528
191610.00000 0.01175
191670.00000 0.013091
191730.00000 0.014586
191790.00000 0.016254
191850.00000 0.018055
191910.00000 0.020089
191970.00000 0.022441
192030.00000 0.025026
192090.00000 0.027993
192150.00000 0.03151
192210.00000 0.035506
192270.00000 0.040038
192330.00000 0.045214
192390.00000 0.051043
192450.00000 0.057461
192510.00000 0.064411
192570.00000 0.071878
192630.00000 0.079897
192690.00000 0.088487
192750.00000 0.097541
192810.00000 0.107196
192870.00000 0.117719
192930.00000 0.129117
192990.00000 0.141356
193050.00000 0.154577
193110.00000 0.168983
193170.00000 0.184407
193230.00000 0.200359
193290.00000 0.216853
193350.00000 0.233975
193410.00000 0.250824
193470.00000 0.266981
193530.00000 0.282819
193590.00000 0.297718
193650.00000 0.311151
193710.00000 0.323399
193770.00000 0.334418
193830.00000 0.344103
193890.00000 0.352401
193950.00000 0.359565
194010.00000 0.365836
194070.00000 0.371039
194130.00000 0.375392
194190.00000 0.379219
194250.00000 0.38244
194310.00000 0.38509
194370.00000 0.387348
194430.00000 0.389194
194490.00000 0.390631
194550.00000 0.391792
194610.00000 0.392693
194670.00000 0.393309
194730.00000 0.393742
194790.00000 0.394024
194850.00000 0.394116
194910.00000 0.394119
194970.00000 0.394111
195030.00000 0.394052
195090.00000 0.39394
195150.00000 0.393781
195210.00000 0.393576
195270.00000 0.393319
195330.00000 0.393003
195390.00000 0.392646
195450.00000 0.392221
195510.00000 0.391685
195570.00000 0.391062
195630.00000 0.390331
195690.00000 0.389421
195750.00000 0.388353
195810.00000 0.387125
195870.00000 0.385585
195930.00000 0.383669
195990.00000 0.381447
196050.00000 0.378791
196110.00000 0.375606
196170.00000 0.371973
196230.00000 0.367793
196290.00000 0.362964
196350.00000 0.357556
196410.00000 0.3515
196470.00000 0.344661
196530.00000 0.3371
196590.00000 0.328778
196650.00000 0.319548
196710.00000 0.309343
196770.00000 0.298232
196830.00000 0.286225
196890.00000 0.273252
196950.00000 0.259278
197010.00000 0.244636
197070.00000 0.229577
197130.00000 0.213768
197190.00000 0.197736
197250.00000 0.182136
197310.00000 0.166686
197370.00000 0.151585
197430.00000 0.137443
197490.00000 0.124419
197550.00000 0.112298
197610.00000 0.101227
197670.00000 0.091352
197730.00000 0.082632
197790.00000 0.074804
197850.00000 0.067675
197910.00000 0.061412
197970.00000 0.055812
198030.00000 0.050608
198090.00000 0.045852
198150.00000 0.041552
198210.00000 0.037606
198270.00000 0.033995
198330.00000 0.030748
198390.00000 0.027816
198450.00000 0.025184
198510.00000 0.022885
198570.00000 0.020833
198630.00000 0.018946
198690.00000 0.017277
198750.00000 0.015781
198810.00000 0.014379
198870.00000 0.013075
198930.00000 0.01188
198990.00000 0.010764
199050.00000 0.00971
199110.00000 0.00873
199170.00000 0.007831
199230.00000 0.007019
199290.00000 0.006296
199350.00000 0.005651
199410.00000 0.005069
199470.00000 0.004552
199530.00000 0.004103
219483.00000 0.0
