threeML/data/optical_filters/Paranal/VISIR-J79.ecsv
# %ECSV 0.9
# ---
# datatype:
# - {name: wavelength, unit: Angstrom, datatype: float32}
# - {name: response, datatype: float32}
# meta: !!omap
# - {band_name: J79}
# - {group_name: VISIR}
wavelength response
64800.00000 0.0
72000.00000 0.004
72100.00000 0.004
72210.00000 0.005
72300.00000 0.007
72400.00000 0.008
72500.00000 0.01
72600.00000 0.013
72700.00000 0.016
72800.00000 0.02
72900.00000 0.026
73000.00000 0.032
73100.00000 0.041
73200.00000 0.051
73300.00000 0.064
73400.00000 0.079
73500.00000 0.096
73590.00000 0.114
73700.00000 0.136
73800.00000 0.158
73910.00000 0.183
74000.00000 0.21
74100.00000 0.239
74200.00000 0.266
74300.00000 0.297
74400.00000 0.327
74500.00000 0.356
74600.00000 0.385
74700.00000 0.415
74800.00000 0.442
74900.00000 0.469
74990.00000 0.496
75100.00000 0.521
75200.00000 0.545
75290.00000 0.568
75400.00000 0.59
75500.00000 0.611
75610.00000 0.631
75700.00000 0.649
75800.00000 0.667
75900.00000 0.682
76000.00000 0.697
76100.00000 0.712
76200.00000 0.726
76300.00000 0.74
76400.00000 0.755
76500.00000 0.77
76600.00000 0.786
76690.00000 0.803
76800.00000 0.819
76900.00000 0.835
77010.00000 0.852
77100.00000 0.867
77200.00000 0.883
77310.00000 0.902
77400.00000 0.919
77500.00000 0.935
77600.00000 0.951
77700.00000 0.964
77800.00000 0.973
77900.00000 0.982
78000.00000 0.989
78100.00000 0.994
78200.00000 0.997
78300.00000 0.999
78390.00000 0.997
78500.00000 0.993
78600.00000 0.987
78710.00000 0.977
78800.00000 0.964
78900.00000 0.949
79000.00000 0.931
79100.00000 0.91
79200.00000 0.888
79300.00000 0.863
79400.00000 0.836
79500.00000 0.807
79600.00000 0.778
79700.00000 0.747
79790.00000 0.716
79900.00000 0.685
80000.00000 0.652
80090.00000 0.619
80200.00000 0.587
80300.00000 0.554
80410.00000 0.522
80500.00000 0.49
80600.00000 0.458
80700.00000 0.428
80800.00000 0.399
80900.00000 0.37
81000.00000 0.345
81100.00000 0.32
81200.00000 0.296
81300.00000 0.274
81400.00000 0.252
81490.00000 0.232
81600.00000 0.213
81700.00000 0.194
81790.00000 0.176
81900.00000 0.159
82000.00000 0.144
82110.00000 0.129
82200.00000 0.115
82300.00000 0.102
82400.00000 0.09
82500.00000 0.078
82600.00000 0.068
82700.00000 0.059
82800.00000 0.051
82900.00000 0.044
83000.00000 0.037
83100.00000 0.032
83190.00000 0.028
83300.00000 0.024
83400.00000 0.021
83510.00000 0.019
83600.00000 0.016
83700.00000 0.014
83810.00000 0.013
83900.00000 0.011
84000.00000 0.01
92400.00000 0.0
