threeML/data/optical_filters/Paranal/VISIR-Q2.ecsv
# %ECSV 0.9
# ---
# datatype:
# - {name: wavelength, unit: Angstrom, datatype: float32}
# - {name: response, datatype: float32}
# meta: !!omap
# - {band_name: Q2}
# - {group_name: VISIR}
wavelength response
159534.00000 0.0
177260.00000 0.004115
177320.00000 0.004342
177380.00000 0.004606
177440.00000 0.004902
177500.00000 0.005225
177560.00000 0.005579
177620.00000 0.005934
177680.00000 0.006289
177740.00000 0.006634
177800.00000 0.006932
177860.00000 0.007191
177920.00000 0.007394
177980.00000 0.007521
178040.00000 0.007581
178100.00000 0.007586
178160.00000 0.007524
178220.00000 0.007423
178280.00000 0.007327
178340.00000 0.007217
178400.00000 0.007146
178460.00000 0.00715
178520.00000 0.007213
178580.00000 0.007374
178640.00000 0.007647
178700.00000 0.008012
178760.00000 0.008461
178820.00000 0.009003
178880.00000 0.0096
178940.00000 0.010234
179000.00000 0.01091
179060.00000 0.011584
179120.00000 0.012248
179180.00000 0.012913
179240.00000 0.013575
179300.00000 0.014232
179360.00000 0.0149
179420.00000 0.015583
179480.00000 0.016279
179540.00000 0.017025
179600.00000 0.017824
179660.00000 0.018672
179720.00000 0.019575
179780.00000 0.020528
179840.00000 0.021543
179900.00000 0.022628
179960.00000 0.023779
180020.00000 0.024982
180080.00000 0.026231
180140.00000 0.027532
180200.00000 0.028897
180260.00000 0.030327
180320.00000 0.031812
180380.00000 0.033342
180440.00000 0.034919
180500.00000 0.036567
180560.00000 0.038295
180620.00000 0.040095
180680.00000 0.041966
180740.00000 0.043899
180800.00000 0.045912
180860.00000 0.048025
180920.00000 0.050235
180980.00000 0.052539
181040.00000 0.054929
181100.00000 0.057411
181160.00000 0.060033
181220.00000 0.06279
181280.00000 0.065696
181340.00000 0.068808
181400.00000 0.0721
181460.00000 0.075623
181520.00000 0.079434
181580.00000 0.083515
181640.00000 0.087867
181710.00000 0.092502
181770.00000 0.097411
181830.00000 0.102557
181890.00000 0.107947
181950.00000 0.113567
182010.00000 0.119378
182060.00000 0.12538
182120.00000 0.131588
182180.00000 0.138005
182240.00000 0.144624
182300.00000 0.151483
182360.00000 0.158593
182420.00000 0.165951
182480.00000 0.173596
182550.00000 0.181536
182610.00000 0.189763
182670.00000 0.198297
182730.00000 0.207142
182790.00000 0.216285
182850.00000 0.22572
182910.00000 0.235458
182970.00000 0.24546
183030.00000 0.255704
183090.00000 0.266203
183150.00000 0.276862
183210.00000 0.28767
183270.00000 0.29862
183330.00000 0.309579
183390.00000 0.320563
183450.00000 0.331546
183510.00000 0.342426
183570.00000 0.353226
183630.00000 0.363927
183690.00000 0.37449
183750.00000 0.384927
183810.00000 0.39523
183870.00000 0.405392
183930.00000 0.415423
183990.00000 0.425267
184050.00000 0.434917
184110.00000 0.444376
184170.00000 0.453562
184230.00000 0.462483
184290.00000 0.471123
184350.00000 0.47942
184410.00000 0.487369
184470.00000 0.494979
184530.00000 0.502236
184590.00000 0.509139
184650.00000 0.515694
184710.00000 0.521897
184770.00000 0.527743
184830.00000 0.533265
184890.00000 0.538486
184950.00000 0.543395
185010.00000 0.548016
185070.00000 0.552351
185130.00000 0.556403
185190.00000 0.560211
185250.00000 0.563783
185310.00000 0.567116
185370.00000 0.570216
185430.00000 0.573077
185490.00000 0.575712
185550.00000 0.578145
185610.00000 0.580372
185670.00000 0.582399
185730.00000 0.584232
185790.00000 0.585861
185850.00000 0.587316
185910.00000 0.588622
185970.00000 0.589768
186030.00000 0.590768
186090.00000 0.591629
186150.00000 0.592346
186210.00000 0.59294
186270.00000 0.593425
186330.00000 0.593793
186390.00000 0.594052
186450.00000 0.594199
186510.00000 0.594238
186570.00000 0.594192
186630.00000 0.594057
186690.00000 0.593838
186750.00000 0.593561
186810.00000 0.593219
186870.00000 0.592821
186930.00000 0.592399
186990.00000 0.591946
187050.00000 0.591471
187110.00000 0.590993
187170.00000 0.590509
187230.00000 0.590022
187290.00000 0.589537
187350.00000 0.589054
187410.00000 0.588571
187470.00000 0.58809
187530.00000 0.587612
187590.00000 0.587132
187650.00000 0.586643
187710.00000 0.586147
187770.00000 0.585646
187830.00000 0.58514
187890.00000 0.584631
187950.00000 0.58411
188010.00000 0.583572
188070.00000 0.583018
188130.00000 0.582448
188190.00000 0.581863
188250.00000 0.581266
188310.00000 0.58063
188370.00000 0.579941
188430.00000 0.579207
188490.00000 0.578433
188550.00000 0.57762
188610.00000 0.576767
188670.00000 0.575876
188730.00000 0.574938
188790.00000 0.573958
188850.00000 0.572964
188910.00000 0.571974
188970.00000 0.570974
189030.00000 0.569952
189090.00000 0.568905
189150.00000 0.567834
189210.00000 0.566739
189270.00000 0.565637
189330.00000 0.564512
189390.00000 0.563305
189450.00000 0.562023
189510.00000 0.56066
189570.00000 0.559129
189630.00000 0.557441
189690.00000 0.555585
189750.00000 0.553432
189810.00000 0.550946
189870.00000 0.548162
189930.00000 0.545052
189990.00000 0.541588
190050.00000 0.5378
190110.00000 0.533748
190170.00000 0.529435
190230.00000 0.524861
190290.00000 0.520106
190350.00000 0.515214
190410.00000 0.510148
190470.00000 0.504871
190530.00000 0.499403
190590.00000 0.493729
190650.00000 0.487741
190710.00000 0.481424
190770.00000 0.474793
190830.00000 0.46774
190890.00000 0.460221
190950.00000 0.452271
191010.00000 0.443873
191070.00000 0.434993
191130.00000 0.425655
191190.00000 0.415938
191250.00000 0.405857
191310.00000 0.395391
191370.00000 0.384709
191430.00000 0.373884
191490.00000 0.362853
191550.00000 0.351769
191610.00000 0.340724
191670.00000 0.32966
191740.00000 0.318632
191800.00000 0.307692
191860.00000 0.296815
191920.00000 0.285992
191980.00000 0.275215
192030.00000 0.264479
192090.00000 0.253811
192150.00000 0.243206
192210.00000 0.23263
192270.00000 0.22219
192330.00000 0.211985
192390.00000 0.201934
192450.00000 0.192164
192520.00000 0.182833
192580.00000 0.173896
192640.00000 0.165366
192700.00000 0.157289
192760.00000 0.149713
192820.00000 0.14254
192880.00000 0.135638
192940.00000 0.129061
193000.00000 0.122753
193060.00000 0.116561
193120.00000 0.110442
193180.00000 0.104456
193240.00000 0.098631
193300.00000 0.09293
193360.00000 0.087383
193420.00000 0.082131
193480.00000 0.077224
193540.00000 0.072614
193600.00000 0.068369
193660.00000 0.064549
193720.00000 0.061132
193780.00000 0.058017
193840.00000 0.055151
193900.00000 0.052589
193960.00000 0.050222
194020.00000 0.047953
194080.00000 0.04584
194140.00000 0.043823
194200.00000 0.041822
194260.00000 0.03985
194320.00000 0.037924
194380.00000 0.036043
194440.00000 0.034202
194500.00000 0.03241
194560.00000 0.030677
194620.00000 0.028991
194680.00000 0.027364
194740.00000 0.025836
194800.00000 0.024422
194860.00000 0.023108
194920.00000 0.021891
194980.00000 0.020773
195040.00000 0.019753
195100.00000 0.018826
195160.00000 0.017993
195220.00000 0.017264
195280.00000 0.016603
195340.00000 0.015973
195400.00000 0.015395
195460.00000 0.01485
195520.00000 0.01431
195580.00000 0.013786
195640.00000 0.013268
195700.00000 0.012726
195760.00000 0.012152
195820.00000 0.011558
195880.00000 0.010954
195940.00000 0.010337
196000.00000 0.009706
196060.00000 0.009082
196120.00000 0.008477
196180.00000 0.007877
196240.00000 0.007305
196300.00000 0.00678
196360.00000 0.006295
196420.00000 0.005847
196480.00000 0.005437
196540.00000 0.005071
196600.00000 0.004739
196660.00000 0.004428
196720.00000 0.004138
216392.00000 0.0
