threeML/data/optical_filters/Paranal/VISIR-PAH2_2.ecsv
# %ECSV 0.9
# ---
# datatype:
# - {name: wavelength, unit: Angstrom, datatype: float32}
# - {name: response, datatype: float32}
# meta: !!omap
# - {band_name: PAH2_2}
# - {group_name: VISIR}
wavelength response
103329.00000 0.0
114810.00000 0.00401
114820.00000 0.004156
114830.00000 0.004301
114850.00000 0.004447
114860.00000 0.004593
114870.00000 0.004739
114890.00000 0.004884
114900.00000 0.00503
114910.00000 0.005372
114920.00000 0.005753
114940.00000 0.006133
114950.00000 0.006513
114960.00000 0.006894
114980.00000 0.007274
114990.00000 0.007654
115000.00000 0.008035
115010.00000 0.008415
115030.00000 0.008795
115040.00000 0.009176
115050.00000 0.009537
115070.00000 0.009832
115080.00000 0.010127
115090.00000 0.010422
115110.00000 0.010717
115120.00000 0.011012
115130.00000 0.011308
115140.00000 0.011603
115160.00000 0.011898
115170.00000 0.012193
115180.00000 0.012488
115200.00000 0.012783
115210.00000 0.013257
115220.00000 0.013848
115230.00000 0.014439
115250.00000 0.01503
115260.00000 0.015621
115270.00000 0.016212
115280.00000 0.016803
115300.00000 0.017394
115310.00000 0.017986
115320.00000 0.018576
115340.00000 0.019168
115350.00000 0.019759
115360.00000 0.020413
115380.00000 0.021069
115390.00000 0.021724
115400.00000 0.022379
115410.00000 0.023035
115430.00000 0.02369
115440.00000 0.024345
115450.00000 0.025001
115470.00000 0.025656
115480.00000 0.026311
115490.00000 0.026967
115500.00000 0.027727
115520.00000 0.028665
115530.00000 0.029603
115540.00000 0.030541
115560.00000 0.031479
115570.00000 0.032417
115580.00000 0.033355
115590.00000 0.034293
115610.00000 0.035231
115620.00000 0.036169
115630.00000 0.037107
115650.00000 0.038045
115660.00000 0.038856
115670.00000 0.039626
115690.00000 0.040396
115700.00000 0.041166
115710.00000 0.041936
115720.00000 0.042706
115740.00000 0.043476
115750.00000 0.044246
115760.00000 0.045016
115780.00000 0.045786
115790.00000 0.046556
115800.00000 0.04733
115820.00000 0.04813
115830.00000 0.048929
115840.00000 0.049728
115850.00000 0.050528
115870.00000 0.051327
115880.00000 0.052126
115890.00000 0.052926
115910.00000 0.053725
115920.00000 0.054525
115930.00000 0.055324
115940.00000 0.056123
115960.00000 0.056723
115970.00000 0.057142
115980.00000 0.05756
116000.00000 0.057978
116010.00000 0.058396
116020.00000 0.058814
116030.00000 0.059233
116050.00000 0.059651
116060.00000 0.060069
116070.00000 0.060487
116090.00000 0.060906
116100.00000 0.061324
116110.00000 0.061624
116130.00000 0.061913
116140.00000 0.062202
116150.00000 0.062491
116160.00000 0.062779
116180.00000 0.063068
116190.00000 0.063357
116200.00000 0.063645
116210.00000 0.063934
116230.00000 0.064223
116240.00000 0.064511
116250.00000 0.064753
116270.00000 0.064878
116280.00000 0.065004
116290.00000 0.065129
116300.00000 0.065255
116320.00000 0.06538
116330.00000 0.065506
116340.00000 0.065631
116360.00000 0.065757
116370.00000 0.065882
116380.00000 0.066008
116400.00000 0.066133
116410.00000 0.06613
116420.00000 0.066066
116430.00000 0.066001
116450.00000 0.065937
116460.00000 0.065872
116470.00000 0.065807
116490.00000 0.065743
116500.00000 0.065678
116510.00000 0.065614
116520.00000 0.065549
116540.00000 0.065484
116550.00000 0.065419
116560.00000 0.065336
116580.00000 0.065253
116590.00000 0.065171
116600.00000 0.065088
116620.00000 0.065005
116630.00000 0.064922
116640.00000 0.06484
116650.00000 0.064757
116670.00000 0.064674
116680.00000 0.064592
116690.00000 0.064509
116710.00000 0.064472
116720.00000 0.064491
116730.00000 0.064511
116740.00000 0.064531
116760.00000 0.06455
116770.00000 0.06457
116780.00000 0.06459
116800.00000 0.06461
116810.00000 0.06463
116820.00000 0.064649
116840.00000 0.064669
116850.00000 0.064689
116860.00000 0.064514
116870.00000 0.064298
116890.00000 0.064082
116900.00000 0.063866
116910.00000 0.06365
116930.00000 0.063434
116940.00000 0.063218
116950.00000 0.063003
116960.00000 0.062787
116980.00000 0.062571
116990.00000 0.062355
117000.00000 0.062203
117020.00000 0.062292
117030.00000 0.062381
117040.00000 0.062469
117050.00000 0.062558
117070.00000 0.062647
117080.00000 0.062736
117090.00000 0.062825
117110.00000 0.062914
117120.00000 0.063003
117130.00000 0.063092
117140.00000 0.063181
117160.00000 0.063124
117170.00000 0.062967
117180.00000 0.06281
117200.00000 0.062653
117210.00000 0.062496
117220.00000 0.062339
117230.00000 0.062183
117250.00000 0.062026
117260.00000 0.061869
117270.00000 0.061712
117290.00000 0.061555
117300.00000 0.061399
117310.00000 0.06136
117330.00000 0.061325
117340.00000 0.061289
117350.00000 0.061254
117360.00000 0.061219
117380.00000 0.061183
117390.00000 0.061148
117400.00000 0.061112
117420.00000 0.061077
117430.00000 0.061042
117440.00000 0.061006
117450.00000 0.060926
117470.00000 0.060766
117480.00000 0.060605
117490.00000 0.060445
117510.00000 0.060285
117520.00000 0.060124
117530.00000 0.059964
117550.00000 0.059804
117560.00000 0.059644
117570.00000 0.059483
117580.00000 0.059323
117600.00000 0.059163
117610.00000 0.059115
117620.00000 0.059106
117640.00000 0.059096
117650.00000 0.059087
117660.00000 0.059078
117670.00000 0.059069
117690.00000 0.059059
117700.00000 0.05905
117710.00000 0.059041
117730.00000 0.059032
117740.00000 0.059022
117750.00000 0.058998
117770.00000 0.058868
117780.00000 0.058739
117790.00000 0.058609
117800.00000 0.05848
117820.00000 0.05835
117830.00000 0.058221
117840.00000 0.058091
117860.00000 0.057962
117870.00000 0.057832
117880.00000 0.057703
117890.00000 0.057573
117910.00000 0.057431
117920.00000 0.057276
117930.00000 0.057121
117940.00000 0.056966
117960.00000 0.056811
117970.00000 0.056656
117980.00000 0.056501
118000.00000 0.056345
118010.00000 0.05619
118020.00000 0.056036
118040.00000 0.05588
118050.00000 0.055725
118060.00000 0.055609
118070.00000 0.055497
118090.00000 0.055385
118100.00000 0.055273
118110.00000 0.055161
118130.00000 0.055049
118140.00000 0.054937
118150.00000 0.054825
118160.00000 0.054713
118180.00000 0.054601
118190.00000 0.054489
118200.00000 0.054468
118220.00000 0.054684
118230.00000 0.054899
118240.00000 0.055115
118250.00000 0.05533
118270.00000 0.055545
118280.00000 0.055761
118290.00000 0.055976
118310.00000 0.056192
118320.00000 0.056407
118330.00000 0.056622
118350.00000 0.056838
118360.00000 0.056797
118370.00000 0.056626
118380.00000 0.056455
118400.00000 0.056285
118410.00000 0.056114
118420.00000 0.055943
118440.00000 0.055772
118450.00000 0.055601
118460.00000 0.05543
118480.00000 0.055259
118490.00000 0.055088
118500.00000 0.054924
118510.00000 0.054894
118530.00000 0.054863
118540.00000 0.054833
118550.00000 0.054802
118570.00000 0.054772
118580.00000 0.054741
118590.00000 0.054711
118600.00000 0.05468
118620.00000 0.05465
118630.00000 0.054619
118640.00000 0.054589
118660.00000 0.054565
118670.00000 0.054552
118680.00000 0.054538
118690.00000 0.054524
118710.00000 0.05451
118720.00000 0.054496
118730.00000 0.054483
118750.00000 0.054469
118760.00000 0.054455
118770.00000 0.054441
118790.00000 0.054427
118800.00000 0.054414
118810.00000 0.054149
118820.00000 0.053827
118840.00000 0.053505
118850.00000 0.053183
118860.00000 0.052861
118870.00000 0.05254
118890.00000 0.052218
118900.00000 0.051896
118910.00000 0.051574
118930.00000 0.051252
118940.00000 0.05093
118950.00000 0.05057
118960.00000 0.050052
118980.00000 0.049535
118990.00000 0.049018
119000.00000 0.048501
119020.00000 0.047984
119030.00000 0.047467
119040.00000 0.046949
119060.00000 0.046432
119070.00000 0.045915
119080.00000 0.045398
119090.00000 0.04488
119110.00000 0.044248
119120.00000 0.043532
119130.00000 0.042816
119150.00000 0.0421
119160.00000 0.041384
119170.00000 0.040668
119180.00000 0.039952
119200.00000 0.039237
119210.00000 0.038521
119220.00000 0.037805
119240.00000 0.037089
119250.00000 0.036373
119260.00000 0.035538
119280.00000 0.034698
119290.00000 0.033858
119300.00000 0.033019
119310.00000 0.032179
119330.00000 0.03134
119340.00000 0.0305
119350.00000 0.02966
119370.00000 0.028821
119380.00000 0.027981
119390.00000 0.027142
119410.00000 0.026408
119420.00000 0.025871
119430.00000 0.025335
119440.00000 0.024799
119460.00000 0.024262
119470.00000 0.023726
119480.00000 0.023189
119500.00000 0.022653
119510.00000 0.022116
119520.00000 0.02158
119530.00000 0.021043
119550.00000 0.020507
119560.00000 0.019989
119570.00000 0.019479
119590.00000 0.018968
119600.00000 0.018458
119610.00000 0.017947
119620.00000 0.017437
119640.00000 0.016927
119650.00000 0.016416
119660.00000 0.015905
119680.00000 0.015395
119690.00000 0.014885
119700.00000 0.014372
119710.00000 0.013848
119730.00000 0.013323
119740.00000 0.012799
119750.00000 0.012274
119770.00000 0.011749
119780.00000 0.011225
119790.00000 0.0107
119800.00000 0.010176
119820.00000 0.009651
119830.00000 0.009127
119840.00000 0.008602
119860.00000 0.008218
119870.00000 0.007976
119880.00000 0.007733
119890.00000 0.007491
119910.00000 0.007248
119920.00000 0.007006
119930.00000 0.006763
119950.00000 0.00652
119960.00000 0.006278
119970.00000 0.006035
119990.00000 0.005793
120000.00000 0.00555
120010.00000 0.005288
120020.00000 0.005023
120040.00000 0.004758
120050.00000 0.004493
120060.00000 0.004228
120080.00000 0.003963
120090.00000 0.003698
120100.00000 0.003433
120110.00000 0.003168
120130.00000 0.002903
120140.00000 0.002638
120150.00000 0.002405
120170.00000 0.002258
120180.00000 0.002112
120190.00000 0.001966
120210.00000 0.00182
120220.00000 0.001673
120230.00000 0.001527
120240.00000 0.001381
120260.00000 0.001235
120270.00000 0.001089
120280.00000 0.000942
120300.00000 0.000796
120310.00000 0.000803
120320.00000 0.000892
120330.00000 0.000981
120350.00000 0.00107
120360.00000 0.001159
120370.00000 0.001248
120390.00000 0.001337
120400.00000 0.001426
120410.00000 0.001515
120430.00000 0.001604
120440.00000 0.001693
120450.00000 0.001773
120460.00000 0.001599
120480.00000 0.001424
120490.00000 0.001249
120500.00000 0.001075
120520.00000 0.0009
120530.00000 0.000726
120540.00000 0.000551
120550.00000 0.000376
120570.00000 0.000202
120580.00000 2.7e-05
132638.00000 0.0
