threeML/data/optical_filters/Paranal/VISIR-J98.ecsv
# %ECSV 0.9
# ---
# datatype:
# - {name: wavelength, unit: Angstrom, datatype: float32}
# - {name: response, datatype: float32}
# meta: !!omap
# - {band_name: J98}
# - {group_name: VISIR}
wavelength response
79020.00000 0.0
87800.00000 0.004
87900.00000 0.004
87990.00000 0.005
88100.00000 0.006
88200.00000 0.007
88310.00000 0.008
88400.00000 0.01
88500.00000 0.012
88610.00000 0.015
88700.00000 0.017
88800.00000 0.019
88900.00000 0.022
89000.00000 0.025
89100.00000 0.029
89200.00000 0.033
89300.00000 0.039
89400.00000 0.047
89500.00000 0.054
89600.00000 0.064
89690.00000 0.075
89800.00000 0.087
89900.00000 0.099
90010.00000 0.115
90100.00000 0.135
90200.00000 0.157
90310.00000 0.179
90400.00000 0.189
90500.00000 0.206
90600.00000 0.225
90700.00000 0.25
90800.00000 0.281
90900.00000 0.331
91000.00000 0.378
91100.00000 0.427
91200.00000 0.472
91300.00000 0.518
91390.00000 0.561
91500.00000 0.602
91600.00000 0.641
91710.00000 0.678
91800.00000 0.712
91900.00000 0.743
92000.00000 0.77
92100.00000 0.795
92200.00000 0.814
92300.00000 0.829
92400.00000 0.839
92500.00000 0.847
92600.00000 0.85
92700.00000 0.851
92790.00000 0.849
92900.00000 0.846
93000.00000 0.842
93090.00000 0.837
93200.00000 0.833
93300.00000 0.828
93410.00000 0.824
93500.00000 0.819
93600.00000 0.815
93700.00000 0.811
93800.00000 0.808
93900.00000 0.806
94000.00000 0.803
94100.00000 0.802
94200.00000 0.803
94300.00000 0.803
94400.00000 0.804
94490.00000 0.807
94600.00000 0.809
94700.00000 0.812
94810.00000 0.816
94900.00000 0.82
95000.00000 0.825
95110.00000 0.83
95200.00000 0.835
95300.00000 0.841
95400.00000 0.847
95500.00000 0.852
95600.00000 0.858
95700.00000 0.863
95800.00000 0.87
95900.00000 0.876
96000.00000 0.882
96100.00000 0.889
96190.00000 0.897
96300.00000 0.903
96400.00000 0.91
96510.00000 0.917
96600.00000 0.924
96700.00000 0.932
96800.00000 0.939
96900.00000 0.946
97000.00000 0.953
97100.00000 0.96
97200.00000 0.966
97300.00000 0.973
97400.00000 0.978
97500.00000 0.982
97600.00000 0.987
97700.00000 0.99
97800.00000 0.993
97890.00000 0.996
98000.00000 0.997
98100.00000 0.998
98210.00000 0.998
98300.00000 0.998
98400.00000 0.997
98500.00000 0.998
98600.00000 0.997
98700.00000 0.994
98800.00000 0.991
98900.00000 0.986
99000.00000 0.98
99100.00000 0.971
99200.00000 0.959
99290.00000 0.944
99400.00000 0.926
99500.00000 0.903
99590.00000 0.878
99700.00000 0.85
99800.00000 0.82
99910.00000 0.786
100000.00000 0.751
100100.00000 0.712
100200.00000 0.673
100300.00000 0.631
100400.00000 0.588
100500.00000 0.545
100600.00000 0.501
100700.00000 0.458
100800.00000 0.417
100900.00000 0.376
100990.00000 0.337
101100.00000 0.302
101200.00000 0.263
101310.00000 0.227
101400.00000 0.195
101500.00000 0.165
101610.00000 0.139
101700.00000 0.121
101800.00000 0.106
101900.00000 0.095
102000.00000 0.083
102100.00000 0.074
102200.00000 0.065
102300.00000 0.056
102400.00000 0.048
102500.00000 0.044
102600.00000 0.039
102690.00000 0.036
102800.00000 0.033
102900.00000 0.03
103010.00000 0.026
103100.00000 0.023
103200.00000 0.02
103300.00000 0.018
103400.00000 0.016
103500.00000 0.015
103600.00000 0.014
103700.00000 0.012
103800.00000 0.01
103900.00000 0.009
104000.00000 0.008
104090.00000 0.007
104200.00000 0.007
104300.00000 0.006
104390.00000 0.007
104500.00000 0.006
104600.00000 0.005
104710.00000 0.005
104800.00000 0.005
115280.00000 0.0
