threeML/data/optical_filters/Paranal/VISIR-B97.ecsv
# %ECSV 0.9
# ---
# datatype:
# - {name: wavelength, unit: Angstrom, datatype: float32}
# - {name: response, datatype: float32}
# meta: !!omap
# - {band_name: B97}
# - {group_name: VISIR}
wavelength response
78300.00000 0.0
87000.00000 0.004
87100.00000 0.005
87200.00000 0.005
87300.00000 0.006
87400.00000 0.006
87500.00000 0.006
87600.00000 0.006
87700.00000 0.007
87800.00000 0.006
87900.00000 0.007
87990.00000 0.007
88100.00000 0.007
88200.00000 0.007
88310.00000 0.008
88400.00000 0.008
88500.00000 0.009
88610.00000 0.01
88700.00000 0.01
88800.00000 0.011
88900.00000 0.011
89000.00000 0.012
89100.00000 0.012
89200.00000 0.013
89300.00000 0.014
89400.00000 0.016
89500.00000 0.017
89600.00000 0.017
89690.00000 0.019
89800.00000 0.02
89900.00000 0.021
90010.00000 0.023
90100.00000 0.026
90200.00000 0.028
90310.00000 0.03
90400.00000 0.032
90500.00000 0.035
90600.00000 0.036
90700.00000 0.039
90800.00000 0.042
90900.00000 0.045
91000.00000 0.048
91100.00000 0.051
91200.00000 0.055
91300.00000 0.059
91390.00000 0.064
91500.00000 0.068
91600.00000 0.074
91710.00000 0.079
91800.00000 0.09
91900.00000 0.095
92100.00000 0.102
92200.00000 0.111
92300.00000 0.119
92400.00000 0.123
92500.00000 0.134
92600.00000 0.142
92700.00000 0.152
92790.00000 0.163
92900.00000 0.175
93000.00000 0.188
93090.00000 0.201
93200.00000 0.215
93300.00000 0.23
93410.00000 0.246
93500.00000 0.262
93600.00000 0.279
93700.00000 0.297
93800.00000 0.316
93900.00000 0.335
94000.00000 0.354
94100.00000 0.374
94200.00000 0.397
94300.00000 0.423
94400.00000 0.449
94600.00000 0.477
94700.00000 0.504
94810.00000 0.527
94900.00000 0.548
95000.00000 0.569
95110.00000 0.589
95200.00000 0.608
95300.00000 0.628
95400.00000 0.645
95500.00000 0.663
95600.00000 0.679
95700.00000 0.696
95800.00000 0.712
95900.00000 0.728
96000.00000 0.741
96100.00000 0.756
96190.00000 0.769
96300.00000 0.783
96400.00000 0.796
96510.00000 0.809
96600.00000 0.821
96700.00000 0.833
96800.00000 0.844
96900.00000 0.854
97000.00000 0.864
97100.00000 0.873
97200.00000 0.882
97300.00000 0.89
97400.00000 0.898
97500.00000 0.907
97600.00000 0.914
97700.00000 0.922
97800.00000 0.929
97890.00000 0.936
98000.00000 0.941
98100.00000 0.947
98210.00000 0.953
98300.00000 0.958
98400.00000 0.963
98500.00000 0.968
98600.00000 0.972
98700.00000 0.976
98800.00000 0.98
98900.00000 0.984
99000.00000 0.988
99100.00000 0.99
99200.00000 0.992
99290.00000 0.994
99400.00000 0.994
99500.00000 0.995
99590.00000 0.997
99700.00000 0.998
99800.00000 0.998
99910.00000 0.998
100000.00000 0.998
100100.00000 0.998
100200.00000 0.997
100300.00000 0.995
100400.00000 0.992
100500.00000 0.989
100600.00000 0.983
100700.00000 0.977
100800.00000 0.97
100900.00000 0.962
100990.00000 0.954
101100.00000 0.944
101200.00000 0.932
101310.00000 0.92
101400.00000 0.905
101500.00000 0.889
101610.00000 0.873
101700.00000 0.849
101800.00000 0.824
101900.00000 0.797
102000.00000 0.769
102100.00000 0.739
102200.00000 0.714
102300.00000 0.686
102400.00000 0.658
102500.00000 0.629
102600.00000 0.597
102690.00000 0.567
102800.00000 0.537
102900.00000 0.506
103010.00000 0.476
103100.00000 0.447
103200.00000 0.418
103300.00000 0.39
103400.00000 0.362
103500.00000 0.336
103600.00000 0.31
103700.00000 0.286
103800.00000 0.264
103900.00000 0.243
104000.00000 0.223
104090.00000 0.205
104200.00000 0.188
104300.00000 0.172
104390.00000 0.158
104500.00000 0.145
104600.00000 0.133
104710.00000 0.122
104800.00000 0.112
104900.00000 0.102
105000.00000 0.095
105100.00000 0.087
105200.00000 0.079
105300.00000 0.074
105400.00000 0.068
105500.00000 0.062
105600.00000 0.056
105700.00000 0.052
105790.00000 0.048
105900.00000 0.044
106000.00000 0.041
106090.00000 0.038
106200.00000 0.035
106300.00000 0.032
106410.00000 0.03
106500.00000 0.028
106600.00000 0.026
106700.00000 0.024
106800.00000 0.022
106900.00000 0.021
107000.00000 0.02
107100.00000 0.018
107200.00000 0.017
107300.00000 0.017
107400.00000 0.013
107490.00000 0.013
107600.00000 0.016
107700.00000 0.015
107900.00000 0.015
108110.00000 0.016
108200.00000 0.014
108300.00000 0.01
108400.00000 0.009
108500.00000 0.009
108600.00000 0.008
108700.00000 0.007
108800.00000 0.007
108900.00000 0.007
109000.00000 0.007
109100.00000 0.007
109190.00000 0.006
109300.00000 0.007
109400.00000 0.007
109510.00000 0.007
120461.00000 0.0
