threeML/data/optical_filters/Paranal/VISIR-PAH2.ecsv
# %ECSV 0.9
# ---
# datatype:
# - {name: wavelength, unit: Angstrom, datatype: float32}
# - {name: response, datatype: float32}
# meta: !!omap
# - {band_name: PAH2}
# - {group_name: VISIR}
wavelength response
94608.00000 0.0
105120.00000 0.004015
105180.00000 0.004267
105240.00000 0.004428
105300.00000 0.00449
105360.00000 0.004543
105420.00000 0.004729
105480.00000 0.005133
105540.00000 0.005655
105600.00000 0.006075
105660.00000 0.006257
105720.00000 0.006289
105780.00000 0.00639
105840.00000 0.006702
105900.00000 0.00719
105960.00000 0.007705
106020.00000 0.008103
106080.00000 0.008343
106140.00000 0.008504
106200.00000 0.008731
106260.00000 0.009151
106320.00000 0.009795
106380.00000 0.010582
106440.00000 0.011377
106500.00000 0.012065
106560.00000 0.012607
106620.00000 0.013051
106680.00000 0.013502
106740.00000 0.014037
106800.00000 0.014666
106860.00000 0.01536
106920.00000 0.016122
106980.00000 0.017007
107040.00000 0.018073
107100.00000 0.01932
107160.00000 0.020679
107230.00000 0.022083
107290.00000 0.023502
107350.00000 0.02497
107410.00000 0.026524
107460.00000 0.028199
107520.00000 0.029995
107580.00000 0.031921
107640.00000 0.03399
107710.00000 0.036238
107770.00000 0.038696
107830.00000 0.041392
107890.00000 0.044341
107940.00000 0.047547
108000.00000 0.05101
108070.00000 0.054723
108130.00000 0.058713
108190.00000 0.063009
108250.00000 0.067672
108310.00000 0.072745
108370.00000 0.078294
108430.00000 0.084346
108490.00000 0.090923
108550.00000 0.098013
108610.00000 0.105613
108670.00000 0.113742
108730.00000 0.122464
108790.00000 0.1319
108850.00000 0.142205
108910.00000 0.153526
108970.00000 0.165923
109030.00000 0.17937
109090.00000 0.193779
109150.00000 0.209124
109210.00000 0.225453
109270.00000 0.242889
109330.00000 0.261548
109390.00000 0.281465
109450.00000 0.302602
109510.00000 0.324887
109570.00000 0.348243
109630.00000 0.372586
109690.00000 0.397767
109750.00000 0.423577
109810.00000 0.449796
109870.00000 0.476245
109930.00000 0.502807
109990.00000 0.529383
110050.00000 0.555757
110110.00000 0.581663
110170.00000 0.606709
110230.00000 0.630544
110290.00000 0.652815
110350.00000 0.673288
110410.00000 0.691827
110470.00000 0.708473
110530.00000 0.723323
110590.00000 0.736469
110650.00000 0.747906
110710.00000 0.757577
110770.00000 0.765497
110830.00000 0.771742
110890.00000 0.77649
110950.00000 0.779905
111010.00000 0.78216
111070.00000 0.783369
111130.00000 0.783626
111190.00000 0.783025
111250.00000 0.781706
111310.00000 0.779878
111370.00000 0.777747
111430.00000 0.775498
111490.00000 0.773193
111550.00000 0.770881
111610.00000 0.768536
111670.00000 0.766166
111730.00000 0.763696
111790.00000 0.761118
111850.00000 0.758461
111910.00000 0.755854
111970.00000 0.753418
112030.00000 0.751242
112090.00000 0.749338
112150.00000 0.74768
112210.00000 0.746223
112270.00000 0.744912
112330.00000 0.743702
112390.00000 0.742573
112450.00000 0.741541
112510.00000 0.740619
112570.00000 0.739776
112630.00000 0.738935
112690.00000 0.738018
112750.00000 0.737007
112810.00000 0.735946
112870.00000 0.7349
112930.00000 0.733887
112990.00000 0.732885
113050.00000 0.731863
113110.00000 0.730833
113170.00000 0.729779
113230.00000 0.728664
113290.00000 0.727371
113350.00000 0.725799
113410.00000 0.723879
113470.00000 0.721631
113530.00000 0.719121
113590.00000 0.716402
113650.00000 0.713509
113710.00000 0.710383
113770.00000 0.706986
113830.00000 0.703192
113890.00000 0.69894
113950.00000 0.69409
114010.00000 0.688589
114070.00000 0.682384
114130.00000 0.675545
114190.00000 0.668181
114250.00000 0.660421
114310.00000 0.652305
114370.00000 0.643731
114430.00000 0.634502
114490.00000 0.624418
114550.00000 0.613432
114610.00000 0.601675
114670.00000 0.589387
114730.00000 0.576792
114790.00000 0.563986
114850.00000 0.550982
114910.00000 0.537733
114970.00000 0.524201
115030.00000 0.510391
115090.00000 0.496364
115150.00000 0.482291
115210.00000 0.468348
115270.00000 0.454657
115330.00000 0.441138
115390.00000 0.427621
115450.00000 0.413951
115510.00000 0.400109
115570.00000 0.386163
115630.00000 0.372201
115690.00000 0.35825
115750.00000 0.344305
115810.00000 0.330371
115870.00000 0.316536
115930.00000 0.302936
115990.00000 0.289694
116050.00000 0.276874
116110.00000 0.264502
116170.00000 0.252555
116230.00000 0.241001
116290.00000 0.229791
116350.00000 0.218867
116410.00000 0.208187
116470.00000 0.197749
116530.00000 0.187592
116590.00000 0.177795
116650.00000 0.168397
116710.00000 0.159424
116770.00000 0.150865
116830.00000 0.142675
116890.00000 0.134852
116950.00000 0.12735
117010.00000 0.120208
117070.00000 0.113416
117130.00000 0.107027
117200.00000 0.101044
117260.00000 0.095452
117320.00000 0.09022
117380.00000 0.085272
117430.00000 0.080605
117490.00000 0.076185
117550.00000 0.072044
117610.00000 0.068153
117680.00000 0.064486
117740.00000 0.061005
117800.00000 0.057675
117860.00000 0.054518
117910.00000 0.05157
117970.00000 0.048898
118030.00000 0.046502
118100.00000 0.044318
118160.00000 0.042237
118220.00000 0.040151
118280.00000 0.038012
118340.00000 0.035879
118400.00000 0.033884
118460.00000 0.032135
118520.00000 0.030643
118580.00000 0.02934
118640.00000 0.028121
118700.00000 0.026899
118760.00000 0.025671
118820.00000 0.024467
118880.00000 0.023303
118940.00000 0.022149
119000.00000 0.020979
119060.00000 0.019796
119120.00000 0.018647
119180.00000 0.017635
119240.00000 0.016823
119300.00000 0.016214
119360.00000 0.015743
119420.00000 0.015309
119480.00000 0.014819
119540.00000 0.014218
119600.00000 0.013535
119660.00000 0.012832
119720.00000 0.012171
119780.00000 0.011584
119840.00000 0.011071
119900.00000 0.0106
119960.00000 0.010136
120020.00000 0.009665
120080.00000 0.00919
120140.00000 0.00873
120200.00000 0.008309
120260.00000 0.007951
120320.00000 0.007667
120380.00000 0.007442
120440.00000 0.007257
120500.00000 0.0071
120560.00000 0.00697
120620.00000 0.006889
120680.00000 0.006868
120740.00000 0.00687
120800.00000 0.006833
120860.00000 0.006692
120920.00000 0.006407
120980.00000 0.006
121040.00000 0.005539
121100.00000 0.005087
121160.00000 0.00469
121220.00000 0.004387
121280.00000 0.004215
121340.00000 0.004216
121400.00000 0.004386
121460.00000 0.004653
121520.00000 0.004894
121580.00000 0.004966
121640.00000 0.004774
121700.00000 0.004379
133870.00000 0.0
