threeML/data/optical_filters/Paranal/VISIR-SIV_1.ecsv
# %ECSV 0.9
# ---
# datatype:
# - {name: wavelength, unit: Angstrom, datatype: float32}
# - {name: response, datatype: float32}
# meta: !!omap
# - {band_name: SIV_1}
# - {group_name: VISIR}
wavelength response
87336.00000 0.0
97040.00000 0.004174
97050.00000 0.004501
97060.00000 0.004827
97070.00000 0.005153
97080.00000 0.00548
97090.00000 0.005806
97100.00000 0.006151
97110.00000 0.00674
97120.00000 0.007329
97130.00000 0.007919
97140.00000 0.008508
97150.00000 0.009098
97160.00000 0.009687
97170.00000 0.010276
97180.00000 0.010866
97190.00000 0.011455
97200.00000 0.012037
97210.00000 0.012527
97220.00000 0.013017
97230.00000 0.013508
97240.00000 0.013999
97250.00000 0.014489
97260.00000 0.01498
97270.00000 0.01547
97280.00000 0.015961
97290.00000 0.016452
97300.00000 0.016966
97310.00000 0.017717
97320.00000 0.018468
97330.00000 0.019218
97340.00000 0.019969
97350.00000 0.020719
97360.00000 0.021471
97370.00000 0.022222
97380.00000 0.022972
97390.00000 0.023723
97400.00000 0.024504
97410.00000 0.025551
97420.00000 0.026598
97430.00000 0.027645
97440.00000 0.028693
97450.00000 0.02974
97460.00000 0.030787
97470.00000 0.031835
97480.00000 0.032883
97490.00000 0.033929
97500.00000 0.035036
97510.00000 0.036617
97520.00000 0.0382
97530.00000 0.039782
97540.00000 0.041363
97550.00000 0.042946
97560.00000 0.044528
97570.00000 0.046109
97580.00000 0.047692
97590.00000 0.049273
97600.00000 0.050826
97610.00000 0.052161
97620.00000 0.053496
97630.00000 0.054831
97640.00000 0.056167
97650.00000 0.057501
97660.00000 0.058836
97670.00000 0.06017
97680.00000 0.061506
97690.00000 0.062841
97700.00000 0.064152
97710.00000 0.065309
97720.00000 0.066466
97730.00000 0.067622
97740.00000 0.068779
97750.00000 0.069934
97760.00000 0.071091
97770.00000 0.072248
97780.00000 0.073404
97790.00000 0.074561
97800.00000 0.075705
97810.00000 0.076767
97820.00000 0.077831
97830.00000 0.078894
97840.00000 0.079957
97850.00000 0.081021
97860.00000 0.082084
97870.00000 0.083147
97880.00000 0.084211
97890.00000 0.085274
97900.00000 0.086272
97910.00000 0.0869
97920.00000 0.087529
97930.00000 0.088158
97940.00000 0.088786
97950.00000 0.089415
97960.00000 0.090043
97970.00000 0.090672
97980.00000 0.0913
97990.00000 0.091928
98000.00000 0.092514
98010.00000 0.092873
98020.00000 0.093232
98030.00000 0.093591
98040.00000 0.093951
98050.00000 0.09431
98060.00000 0.094669
98070.00000 0.095028
98080.00000 0.095387
98090.00000 0.095746
98100.00000 0.096134
98110.00000 0.096666
98120.00000 0.097197
98130.00000 0.097728
98140.00000 0.09826
98150.00000 0.098791
98160.00000 0.099322
98170.00000 0.099853
98180.00000 0.100384
98190.00000 0.100916
98200.00000 0.101318
98210.00000 0.101136
98220.00000 0.100954
98230.00000 0.100773
98240.00000 0.100591
98250.00000 0.100409
98260.00000 0.100227
98270.00000 0.100045
98280.00000 0.099863
98290.00000 0.099682
98300.00000 0.099561
98310.00000 0.099701
98320.00000 0.099842
98330.00000 0.099982
98340.00000 0.100122
98350.00000 0.100262
98360.00000 0.100402
98370.00000 0.100542
98380.00000 0.100683
98390.00000 0.100823
98400.00000 0.100906
98410.00000 0.10076
98420.00000 0.100615
98430.00000 0.100469
98440.00000 0.100323
98450.00000 0.100178
98460.00000 0.100032
98470.00000 0.099886
98480.00000 0.099741
98490.00000 0.099595
98500.00000 0.099495
98510.00000 0.099565
98520.00000 0.099635
98530.00000 0.099704
98540.00000 0.099774
98550.00000 0.099844
98560.00000 0.099914
98570.00000 0.099984
98580.00000 0.100054
98590.00000 0.100124
98600.00000 0.10019
98610.00000 0.100243
98620.00000 0.100295
98630.00000 0.100348
98640.00000 0.100401
98650.00000 0.100454
98660.00000 0.100507
98670.00000 0.10056
98680.00000 0.100612
98690.00000 0.100665
98700.00000 0.100731
98710.00000 0.100837
98720.00000 0.100944
98730.00000 0.101051
98740.00000 0.101157
98750.00000 0.101264
98760.00000 0.101371
98770.00000 0.101477
98780.00000 0.101584
98790.00000 0.101691
98800.00000 0.101704
98810.00000 0.101422
98820.00000 0.10114
98830.00000 0.100858
98840.00000 0.100576
98850.00000 0.100294
98860.00000 0.100012
98870.00000 0.09973
98880.00000 0.099448
98890.00000 0.099166
98900.00000 0.098954
98910.00000 0.098949
98920.00000 0.098944
98930.00000 0.098939
98940.00000 0.098934
98950.00000 0.098929
98960.00000 0.098923
98970.00000 0.098918
98980.00000 0.098913
98990.00000 0.098908
99000.00000 0.098821
99010.00000 0.098499
99020.00000 0.098178
99030.00000 0.097856
99040.00000 0.097535
99050.00000 0.097213
99060.00000 0.096892
99070.00000 0.09657
99080.00000 0.096248
99090.00000 0.095927
99100.00000 0.095552
99110.00000 0.095032
99120.00000 0.094513
99130.00000 0.093993
99140.00000 0.093474
99150.00000 0.092954
99160.00000 0.092435
99170.00000 0.091916
99180.00000 0.091396
99190.00000 0.090877
99200.00000 0.09032
99210.00000 0.089668
99220.00000 0.089017
99230.00000 0.088365
99240.00000 0.087712
99250.00000 0.087061
99260.00000 0.086409
99270.00000 0.085757
99280.00000 0.085105
99290.00000 0.084453
99300.00000 0.083648
99310.00000 0.082465
99320.00000 0.081282
99330.00000 0.080101
99340.00000 0.078918
99350.00000 0.077735
99360.00000 0.076554
99370.00000 0.075371
99380.00000 0.074189
99390.00000 0.073007
99400.00000 0.071823
99410.00000 0.070638
99420.00000 0.069453
99430.00000 0.068267
99440.00000 0.067082
99450.00000 0.065896
99460.00000 0.064712
99470.00000 0.063526
99480.00000 0.06234
99490.00000 0.061156
99500.00000 0.060027
99510.00000 0.059025
99520.00000 0.058023
99530.00000 0.057021
99540.00000 0.05602
99550.00000 0.055017
99560.00000 0.054015
99570.00000 0.053013
99580.00000 0.052011
99590.00000 0.051009
99600.00000 0.049985
99610.00000 0.048912
99620.00000 0.04784
99630.00000 0.046767
99640.00000 0.045694
99650.00000 0.044623
99660.00000 0.04355
99670.00000 0.042477
99680.00000 0.041405
99690.00000 0.040332
99700.00000 0.039302
99710.00000 0.038355
99720.00000 0.037409
99730.00000 0.036463
99740.00000 0.035516
99750.00000 0.03457
99760.00000 0.033624
99770.00000 0.032677
99780.00000 0.031732
99790.00000 0.030785
99800.00000 0.029887
99810.00000 0.029084
99820.00000 0.02828
99830.00000 0.027476
99840.00000 0.026673
99850.00000 0.025869
99860.00000 0.025066
99870.00000 0.024262
99880.00000 0.023459
99890.00000 0.022655
99900.00000 0.021903
99910.00000 0.021247
99920.00000 0.020591
99930.00000 0.019934
99940.00000 0.019278
99950.00000 0.018621
99960.00000 0.017965
99970.00000 0.017309
99980.00000 0.016652
99990.00000 0.015995
100000.00000 0.015452
100010.00000 0.015107
100020.00000 0.014763
100030.00000 0.014418
100040.00000 0.014074
100050.00000 0.01373
100060.00000 0.013385
100070.00000 0.01304
100080.00000 0.012696
100090.00000 0.012352
100100.00000 0.012048
100110.00000 0.011814
100120.00000 0.011579
100130.00000 0.011345
100140.00000 0.011111
100150.00000 0.010876
100160.00000 0.010642
100170.00000 0.010408
100180.00000 0.010174
100190.00000 0.009939
100200.00000 0.009633
100210.00000 0.009211
100220.00000 0.008788
100230.00000 0.008365
100240.00000 0.007943
100250.00000 0.00752
100260.00000 0.007098
100270.00000 0.006675
100280.00000 0.006252
100290.00000 0.00583
100300.00000 0.005515
100310.00000 0.005369
100320.00000 0.005223
100330.00000 0.005077
100340.00000 0.00493
100350.00000 0.004784
100360.00000 0.004638
100370.00000 0.004492
100380.00000 0.004346
100390.00000 0.004199
100400.00000 0.004105
100410.00000 0.004086
100420.00000 0.004068
100430.00000 0.00405
100440.00000 0.004032
100450.00000 0.004014
110495.00000 0.0
