threeML/data/optical_filters/Paranal/VISIR-J122.ecsv
# %ECSV 0.9
# ---
# datatype:
# - {name: wavelength, unit: Angstrom, datatype: float32}
# - {name: response, datatype: float32}
# meta: !!omap
# - {band_name: J122}
# - {group_name: VISIR}
wavelength response
101700.00000 0.0
113000.00000 0.01
113100.00000 0.01
113200.00000 0.009
113300.00000 0.01
113500.00000 0.011
113600.00000 0.012
113700.00000 0.013
113800.00000 0.016
113900.00000 0.017
113990.00000 0.018
114100.00000 0.02
114200.00000 0.022
114310.00000 0.024
114400.00000 0.028
114500.00000 0.034
114610.00000 0.037
114700.00000 0.043
114800.00000 0.047
114900.00000 0.05
115000.00000 0.055
115100.00000 0.063
115200.00000 0.072
115300.00000 0.082
115400.00000 0.095
115500.00000 0.108
115600.00000 0.124
115690.00000 0.142
115800.00000 0.164
115900.00000 0.188
116010.00000 0.213
116100.00000 0.241
116200.00000 0.273
116300.00000 0.305
116400.00000 0.342
116500.00000 0.382
116600.00000 0.421
116700.00000 0.464
116800.00000 0.508
116900.00000 0.551
117000.00000 0.595
117090.00000 0.639
117200.00000 0.68
117300.00000 0.721
117390.00000 0.761
117500.00000 0.799
117600.00000 0.834
117710.00000 0.865
117800.00000 0.893
117900.00000 0.918
118000.00000 0.937
118100.00000 0.953
118200.00000 0.968
118300.00000 0.979
118400.00000 0.987
118500.00000 0.992
118600.00000 0.994
118700.00000 0.994
118790.00000 0.992
118900.00000 0.988
119000.00000 0.983
119110.00000 0.979
119200.00000 0.973
119300.00000 0.968
119410.00000 0.963
119500.00000 0.957
119600.00000 0.95
119700.00000 0.944
119800.00000 0.936
119900.00000 0.927
120000.00000 0.918
120100.00000 0.911
120200.00000 0.902
120300.00000 0.894
120400.00000 0.886
120490.00000 0.878
120600.00000 0.867
120700.00000 0.855
120810.00000 0.843
120900.00000 0.826
121000.00000 0.809
121100.00000 0.791
121200.00000 0.77
121300.00000 0.746
121400.00000 0.722
121500.00000 0.694
121600.00000 0.665
121700.00000 0.635
121800.00000 0.604
121900.00000 0.57
122000.00000 0.536
122100.00000 0.5
122190.00000 0.464
122300.00000 0.427
122400.00000 0.392
122510.00000 0.358
122600.00000 0.324
122700.00000 0.291
122800.00000 0.262
122900.00000 0.232
123000.00000 0.204
123100.00000 0.179
123200.00000 0.156
123300.00000 0.137
123400.00000 0.12
123500.00000 0.105
123590.00000 0.092
123700.00000 0.08
123800.00000 0.069
123890.00000 0.06
124000.00000 0.052
124100.00000 0.045
124210.00000 0.039
124300.00000 0.035
124400.00000 0.03
124500.00000 0.027
124600.00000 0.025
124700.00000 0.022
124800.00000 0.019
124900.00000 0.018
125000.00000 0.016
125100.00000 0.015
125200.00000 0.014
125290.00000 0.013
125400.00000 0.012
125500.00000 0.01
125610.00000 0.008
125700.00000 0.008
125800.00000 0.007
125910.00000 0.007
126000.00000 0.007
138600.00000 0.0
