threeML/data/optical_filters/Paranal/VISIR-SiC.ecsv
# %ECSV 0.9
# ---
# datatype:
# - {name: wavelength, unit: Angstrom, datatype: float32}
# - {name: response, datatype: float32}
# meta: !!omap
# - {band_name: SiC}
# - {group_name: VISIR}
wavelength response
89865.00000 0.0
99850.00000 0.004318
99910.00000 0.004725
99970.00000 0.004643
100030.00000 0.004679
100090.00000 0.006014
100150.00000 0.009199
100210.00000 0.013943
100270.00000 0.020576
100330.00000 0.029889
100390.00000 0.03996
100450.00000 0.044904
100510.00000 0.040065
100570.00000 0.027761
100630.00000 0.0156
100690.00000 0.008856
100750.00000 0.007025
100810.00000 0.007213
100870.00000 0.007672
100930.00000 0.008039
100990.00000 0.008239
101050.00000 0.008349
101110.00000 0.008799
101170.00000 0.009808
101230.00000 0.011045
101290.00000 0.011966
101350.00000 0.012366
101410.00000 0.012434
101470.00000 0.012605
101530.00000 0.0131
101590.00000 0.013895
101650.00000 0.014792
101710.00000 0.015647
101770.00000 0.016433
101830.00000 0.017171
101890.00000 0.017868
101950.00000 0.018568
102010.00000 0.019373
102070.00000 0.020384
102130.00000 0.021633
102190.00000 0.02307
102250.00000 0.024598
102310.00000 0.026098
102370.00000 0.027503
102430.00000 0.028851
102490.00000 0.030279
102550.00000 0.031886
102610.00000 0.033631
102670.00000 0.03542
102730.00000 0.03725
102790.00000 0.039242
102850.00000 0.041452
102910.00000 0.043776
102970.00000 0.046096
103030.00000 0.048454
103090.00000 0.051015
103160.00000 0.053861
103220.00000 0.056895
103280.00000 0.059949
103340.00000 0.062951
103390.00000 0.065959
103450.00000 0.069078
103510.00000 0.072373
103570.00000 0.075868
103640.00000 0.07954
103700.00000 0.083371
103760.00000 0.08734
103820.00000 0.09145
103870.00000 0.095703
103930.00000 0.100105
103990.00000 0.104706
104060.00000 0.109576
104120.00000 0.114779
104180.00000 0.120268
104240.00000 0.125957
104300.00000 0.13178
104360.00000 0.137774
104420.00000 0.143972
104480.00000 0.150337
104540.00000 0.156778
104600.00000 0.163239
104660.00000 0.169774
104720.00000 0.176492
104780.00000 0.183465
104840.00000 0.19066
104900.00000 0.197992
104960.00000 0.205411
105020.00000 0.212941
105080.00000 0.22062
105140.00000 0.228441
105200.00000 0.236362
105260.00000 0.244386
105320.00000 0.252558
105380.00000 0.260911
105440.00000 0.269384
105500.00000 0.277853
105560.00000 0.286223
105620.00000 0.294491
105680.00000 0.302731
105740.00000 0.311019
105800.00000 0.319394
105860.00000 0.32784
105920.00000 0.336329
105980.00000 0.344832
106040.00000 0.353321
106100.00000 0.361746
106160.00000 0.370031
106220.00000 0.378124
106280.00000 0.386027
106340.00000 0.393793
106400.00000 0.401485
106460.00000 0.409131
106520.00000 0.416732
106580.00000 0.42427
106640.00000 0.431702
106700.00000 0.438961
106760.00000 0.445983
106820.00000 0.452759
106880.00000 0.459363
106940.00000 0.465935
107000.00000 0.472593
107060.00000 0.479388
107120.00000 0.486286
107180.00000 0.493231
107240.00000 0.500159
107300.00000 0.507007
107360.00000 0.513699
107420.00000 0.5202
107480.00000 0.526535
107540.00000 0.532795
107600.00000 0.539049
107660.00000 0.5453
107720.00000 0.551468
107780.00000 0.55745
107840.00000 0.563171
107900.00000 0.568633
107960.00000 0.573926
108020.00000 0.579176
108080.00000 0.584448
108140.00000 0.589693
108200.00000 0.59481
108260.00000 0.599736
108320.00000 0.604466
108380.00000 0.609016
108440.00000 0.613385
108500.00000 0.617556
108560.00000 0.621511
108620.00000 0.625279
108680.00000 0.628936
108740.00000 0.632594
108800.00000 0.636331
108860.00000 0.640175
108920.00000 0.64407
108980.00000 0.647917
109040.00000 0.651622
109100.00000 0.655162
109160.00000 0.658579
109220.00000 0.661939
109280.00000 0.665285
109340.00000 0.668643
109400.00000 0.672035
109460.00000 0.675461
109520.00000 0.678883
109580.00000 0.682226
109640.00000 0.685426
109700.00000 0.688461
109760.00000 0.691357
109820.00000 0.69415
109880.00000 0.696865
109940.00000 0.699505
110000.00000 0.702088
110060.00000 0.704636
110120.00000 0.707157
110180.00000 0.709618
110240.00000 0.712007
110300.00000 0.71436
110360.00000 0.716744
110420.00000 0.719182
110480.00000 0.72165
110540.00000 0.724119
110600.00000 0.726594
110660.00000 0.729108
110720.00000 0.73167
110780.00000 0.734246
110840.00000 0.736782
110900.00000 0.739249
110960.00000 0.741681
111020.00000 0.74416
111080.00000 0.746764
111140.00000 0.749523
111200.00000 0.752395
111260.00000 0.755283
111320.00000 0.758082
111380.00000 0.760753
111440.00000 0.763356
111500.00000 0.766013
111560.00000 0.768809
111620.00000 0.77173
111680.00000 0.774694
111740.00000 0.777633
111800.00000 0.780537
111860.00000 0.783429
111920.00000 0.786294
111980.00000 0.78907
112040.00000 0.791701
112100.00000 0.794185
112160.00000 0.796586
112220.00000 0.798981
112280.00000 0.801423
112340.00000 0.803915
112400.00000 0.806433
112460.00000 0.808937
112520.00000 0.811401
112580.00000 0.81381
112640.00000 0.816161
112700.00000 0.818436
112760.00000 0.820598
112820.00000 0.822608
112880.00000 0.824474
112940.00000 0.826264
113000.00000 0.828076
113060.00000 0.82994
113120.00000 0.831784
113190.00000 0.833461
113250.00000 0.834881
113310.00000 0.836082
113360.00000 0.837245
113420.00000 0.838546
113480.00000 0.840079
113540.00000 0.841772
113610.00000 0.843463
113670.00000 0.844955
113730.00000 0.846114
113790.00000 0.846916
113840.00000 0.847407
113900.00000 0.847692
113960.00000 0.847847
114030.00000 0.84794
114090.00000 0.847972
114150.00000 0.847899
114210.00000 0.847604
114270.00000 0.846965
114330.00000 0.845901
114390.00000 0.844424
114450.00000 0.842621
114510.00000 0.840595
114570.00000 0.838414
114630.00000 0.836101
114690.00000 0.833663
114750.00000 0.831117
114810.00000 0.828508
114870.00000 0.825928
114930.00000 0.823538
114990.00000 0.821544
115050.00000 0.820139
115110.00000 0.819406
115170.00000 0.819294
115230.00000 0.819646
115290.00000 0.820283
115350.00000 0.821082
115410.00000 0.821965
115470.00000 0.822903
115530.00000 0.823852
115590.00000 0.824818
115650.00000 0.825811
115710.00000 0.826871
115770.00000 0.828041
115830.00000 0.829353
115890.00000 0.830842
115950.00000 0.832522
116010.00000 0.834396
116070.00000 0.836421
116130.00000 0.838529
116190.00000 0.840645
116250.00000 0.842712
116310.00000 0.844669
116370.00000 0.846455
116430.00000 0.848015
116490.00000 0.849319
116550.00000 0.850389
116610.00000 0.851284
116670.00000 0.852058
116730.00000 0.852711
116790.00000 0.853186
116850.00000 0.853399
116910.00000 0.853293
116970.00000 0.85288
117030.00000 0.852249
117090.00000 0.851553
117150.00000 0.85092
117210.00000 0.850416
117270.00000 0.850021
117330.00000 0.849693
117390.00000 0.849396
117450.00000 0.849125
117510.00000 0.84892
117570.00000 0.848809
117630.00000 0.848785
117690.00000 0.848788
117750.00000 0.848761
117810.00000 0.848672
117870.00000 0.848522
117930.00000 0.848348
117990.00000 0.848184
118050.00000 0.848032
118110.00000 0.847851
118170.00000 0.847582
118230.00000 0.847182
118290.00000 0.846641
118350.00000 0.84599
118410.00000 0.845284
118470.00000 0.844558
118530.00000 0.84378
118590.00000 0.842888
118650.00000 0.84184
118710.00000 0.840654
118770.00000 0.839408
118830.00000 0.838211
118890.00000 0.837113
118950.00000 0.83607
119010.00000 0.83501
119070.00000 0.833921
119130.00000 0.832881
119190.00000 0.832056
119250.00000 0.831645
119310.00000 0.831734
119370.00000 0.832257
119430.00000 0.833047
119490.00000 0.833901
119550.00000 0.834627
119610.00000 0.835101
119670.00000 0.835303
119730.00000 0.835305
119790.00000 0.835211
119850.00000 0.835108
119910.00000 0.835035
119970.00000 0.834958
120030.00000 0.834802
120090.00000 0.834541
120150.00000 0.834215
120210.00000 0.833887
120270.00000 0.83361
120330.00000 0.833391
120390.00000 0.833174
120450.00000 0.832929
120510.00000 0.832674
120570.00000 0.832456
120630.00000 0.832321
120690.00000 0.832266
120750.00000 0.832215
120810.00000 0.832089
120870.00000 0.831861
120930.00000 0.831561
120990.00000 0.831258
121050.00000 0.831042
121110.00000 0.830942
121170.00000 0.830936
121230.00000 0.830976
121290.00000 0.831004
121350.00000 0.830965
121410.00000 0.830798
121470.00000 0.830453
121530.00000 0.829905
121590.00000 0.829175
121650.00000 0.828338
121710.00000 0.827533
121770.00000 0.826893
121830.00000 0.826458
121890.00000 0.826191
121950.00000 0.82599
122010.00000 0.825719
122070.00000 0.825314
122130.00000 0.824795
122190.00000 0.824208
122250.00000 0.823593
122310.00000 0.82296
122370.00000 0.822261
122430.00000 0.821468
122490.00000 0.820584
122550.00000 0.819635
122610.00000 0.818672
122670.00000 0.817715
122730.00000 0.816762
122790.00000 0.815803
122850.00000 0.814829
122910.00000 0.813854
122970.00000 0.812875
123030.00000 0.811863
123090.00000 0.810755
123160.00000 0.809471
123220.00000 0.807949
123280.00000 0.806172
123340.00000 0.804184
123390.00000 0.802044
123450.00000 0.799817
123510.00000 0.797566
123570.00000 0.795305
123640.00000 0.79302
123700.00000 0.790684
123760.00000 0.788251
123820.00000 0.785708
123870.00000 0.783076
123930.00000 0.780395
123990.00000 0.777704
124060.00000 0.775032
124120.00000 0.772377
124180.00000 0.769723
124240.00000 0.767054
124300.00000 0.764358
124360.00000 0.761631
124420.00000 0.758876
124480.00000 0.756102
124540.00000 0.753325
124600.00000 0.750573
124660.00000 0.747862
124720.00000 0.745162
124780.00000 0.74242
124840.00000 0.739558
124900.00000 0.736504
124960.00000 0.733269
125020.00000 0.729912
125080.00000 0.726533
125140.00000 0.723255
125200.00000 0.720152
125260.00000 0.717217
125320.00000 0.714412
125380.00000 0.711659
125440.00000 0.708874
125500.00000 0.706037
125560.00000 0.70316
125620.00000 0.700288
125680.00000 0.69751
125740.00000 0.694859
125800.00000 0.692343
125860.00000 0.689945
125920.00000 0.68762
125980.00000 0.68536
126040.00000 0.68318
126100.00000 0.681109
126160.00000 0.679216
126220.00000 0.677554
126280.00000 0.676142
126340.00000 0.674977
126400.00000 0.673985
126460.00000 0.673069
126520.00000 0.672173
126580.00000 0.671268
126640.00000 0.670408
126700.00000 0.669691
126760.00000 0.669173
126820.00000 0.668886
126880.00000 0.668763
126940.00000 0.668664
127000.00000 0.668491
127060.00000 0.66816
127120.00000 0.667706
127180.00000 0.667253
127240.00000 0.66691
127300.00000 0.666791
127360.00000 0.666874
127420.00000 0.66706
127480.00000 0.667232
127540.00000 0.667235
127600.00000 0.667023
127660.00000 0.66658
127720.00000 0.66592
127780.00000 0.665103
127840.00000 0.664077
127900.00000 0.662791
127960.00000 0.661176
128020.00000 0.659097
128080.00000 0.656514
128140.00000 0.653402
128200.00000 0.649746
128260.00000 0.645571
128320.00000 0.640845
128380.00000 0.635535
128440.00000 0.629594
128500.00000 0.622925
128560.00000 0.615438
128620.00000 0.607068
128680.00000 0.597756
128740.00000 0.587524
128800.00000 0.576446
128860.00000 0.564607
128920.00000 0.552093
128980.00000 0.538938
129040.00000 0.525143
129100.00000 0.510665
129160.00000 0.495533
129220.00000 0.47981
129280.00000 0.463581
129340.00000 0.447052
129400.00000 0.430368
129460.00000 0.413627
129520.00000 0.396907
129580.00000 0.380198
129640.00000 0.363483
129700.00000 0.346771
129760.00000 0.330081
129820.00000 0.313546
129880.00000 0.297278
129940.00000 0.281434
130000.00000 0.266173
130060.00000 0.251575
130120.00000 0.237692
130180.00000 0.224513
130240.00000 0.211989
130300.00000 0.200073
130360.00000 0.188691
130420.00000 0.1778
130480.00000 0.167378
130540.00000 0.15741
130600.00000 0.147922
130660.00000 0.138944
130720.00000 0.130497
130780.00000 0.122606
130840.00000 0.11525
130900.00000 0.108399
130960.00000 0.102006
131020.00000 0.096035
131080.00000 0.090453
131140.00000 0.085233
131200.00000 0.080365
131260.00000 0.075775
131320.00000 0.071416
131380.00000 0.067245
131440.00000 0.063214
131500.00000 0.059348
131560.00000 0.055702
131620.00000 0.052307
131680.00000 0.049178
131740.00000 0.046324
131800.00000 0.043648
131860.00000 0.041133
131920.00000 0.038763
131980.00000 0.036514
132040.00000 0.034438
132100.00000 0.032544
132160.00000 0.030822
132220.00000 0.029253
132280.00000 0.027807
132340.00000 0.02644
132400.00000 0.025155
132460.00000 0.02395
132520.00000 0.022824
132580.00000 0.021779
132640.00000 0.020792
132700.00000 0.019838
132760.00000 0.018899
132820.00000 0.017974
132880.00000 0.017063
132940.00000 0.016188
133000.00000 0.015347
133060.00000 0.014536
133120.00000 0.013731
133190.00000 0.01291
133250.00000 0.012062
133310.00000 0.011184
133360.00000 0.010307
133420.00000 0.009454
133480.00000 0.008661
133540.00000 0.007957
133610.00000 0.007352
133670.00000 0.006853
133730.00000 0.006451
133790.00000 0.006134
133840.00000 0.005886
133900.00000 0.005682
133960.00000 0.00551
134030.00000 0.005348
134090.00000 0.005189
134150.00000 0.005025
134210.00000 0.004847
134270.00000 0.004641
134330.00000 0.004393
134390.00000 0.004085
147829.00000 0.0
