threeML/data/optical_filters/Paranal/VISIR-Q1.ecsv
# %ECSV 0.9
# ---
# datatype:
# - {name: wavelength, unit: Angstrom, datatype: float32}
# - {name: response, datatype: float32}
# meta: !!omap
# - {band_name: Q1}
# - {group_name: VISIR}
wavelength response
150120.00000 0.0
166800.00000 0.004135
166860.00000 0.004322
166920.00000 0.004508
166980.00000 0.004664
167040.00000 0.004796
167100.00000 0.00492
167160.00000 0.005032
167220.00000 0.005159
167280.00000 0.005318
167340.00000 0.005505
167400.00000 0.005736
167460.00000 0.006008
167520.00000 0.006295
167580.00000 0.006599
167640.00000 0.006901
167700.00000 0.007185
167760.00000 0.007457
167820.00000 0.007712
167880.00000 0.007951
167940.00000 0.008201
168000.00000 0.008462
168060.00000 0.008747
168120.00000 0.009071
168180.00000 0.009426
168240.00000 0.009815
168300.00000 0.01024
168360.00000 0.010666
168420.00000 0.01109
168480.00000 0.011505
168540.00000 0.011891
168600.00000 0.012259
168660.00000 0.012626
168720.00000 0.01298
168780.00000 0.013379
168840.00000 0.013835
168900.00000 0.014355
168960.00000 0.014972
169020.00000 0.015673
169080.00000 0.016443
169140.00000 0.017294
169200.00000 0.018175
169260.00000 0.019064
169320.00000 0.019959
169380.00000 0.020817
169440.00000 0.021645
169500.00000 0.022451
169560.00000 0.02322
169620.00000 0.02399
169680.00000 0.024786
169740.00000 0.025608
169800.00000 0.026524
169860.00000 0.027524
169920.00000 0.028632
169980.00000 0.029865
170040.00000 0.031212
170100.00000 0.032674
170160.00000 0.03425
170220.00000 0.035909
170280.00000 0.037644
170340.00000 0.039454
170400.00000 0.04133
170460.00000 0.043275
170520.00000 0.045301
170580.00000 0.047395
170640.00000 0.049606
170700.00000 0.051961
170760.00000 0.054452
170820.00000 0.057097
170880.00000 0.059892
170940.00000 0.062845
171010.00000 0.065965
171070.00000 0.069239
171130.00000 0.072645
171190.00000 0.076189
171250.00000 0.079916
171310.00000 0.083833
171370.00000 0.087937
171420.00000 0.092221
171480.00000 0.096692
171540.00000 0.101385
171600.00000 0.106286
171660.00000 0.111435
171720.00000 0.116841
171780.00000 0.122527
171840.00000 0.128645
171910.00000 0.135174
171970.00000 0.142165
172030.00000 0.14967
172090.00000 0.157648
172150.00000 0.166068
172210.00000 0.174958
172270.00000 0.184152
172330.00000 0.193594
172390.00000 0.203276
172450.00000 0.21308
172510.00000 0.223025
172570.00000 0.233117
172630.00000 0.243335
172690.00000 0.253724
172750.00000 0.264347
172810.00000 0.27519
172870.00000 0.286247
172930.00000 0.297528
172990.00000 0.309007
173050.00000 0.320648
173110.00000 0.332457
173170.00000 0.344482
173230.00000 0.356722
173290.00000 0.369207
173350.00000 0.382014
173410.00000 0.39513
173470.00000 0.408413
173530.00000 0.421923
173590.00000 0.435481
173650.00000 0.448819
173710.00000 0.46202
173770.00000 0.474828
173830.00000 0.487164
173890.00000 0.49907
173950.00000 0.510505
174010.00000 0.521475
174070.00000 0.532049
174130.00000 0.542251
174190.00000 0.552078
174250.00000 0.561552
174310.00000 0.570674
174370.00000 0.57938
174430.00000 0.587655
174490.00000 0.595498
174550.00000 0.602858
174610.00000 0.609749
174670.00000 0.616169
174730.00000 0.6221
174790.00000 0.627563
174850.00000 0.632602
174910.00000 0.637212
174970.00000 0.641408
175030.00000 0.645193
175090.00000 0.648578
175150.00000 0.651639
175210.00000 0.654354
175270.00000 0.656788
175330.00000 0.65899
175390.00000 0.660946
175450.00000 0.6628
175510.00000 0.664568
175570.00000 0.666248
175630.00000 0.66787
175690.00000 0.669428
175750.00000 0.670919
175810.00000 0.672361
175870.00000 0.673723
175930.00000 0.67495
175990.00000 0.676047
176050.00000 0.677032
176110.00000 0.677914
176170.00000 0.67869
176230.00000 0.679364
176290.00000 0.679923
176350.00000 0.680404
176410.00000 0.680842
176470.00000 0.681225
176530.00000 0.681543
176590.00000 0.681793
176650.00000 0.68198
176710.00000 0.682107
176770.00000 0.682177
176830.00000 0.682173
176890.00000 0.682078
176950.00000 0.681908
177010.00000 0.681691
177070.00000 0.681423
177130.00000 0.681112
177190.00000 0.680771
177250.00000 0.680395
177310.00000 0.679994
177370.00000 0.679578
177430.00000 0.679131
177490.00000 0.678624
177550.00000 0.678068
177610.00000 0.677443
177670.00000 0.676737
177730.00000 0.675955
177790.00000 0.675096
177850.00000 0.674154
177910.00000 0.673143
177970.00000 0.67208
178030.00000 0.670957
178090.00000 0.66979
178150.00000 0.668591
178210.00000 0.667348
178270.00000 0.666042
178330.00000 0.664689
178390.00000 0.663252
178450.00000 0.661702
178510.00000 0.660055
178570.00000 0.658241
178630.00000 0.656243
178690.00000 0.654062
178750.00000 0.651653
178810.00000 0.649026
178870.00000 0.646165
178930.00000 0.643048
178990.00000 0.639681
179050.00000 0.636082
179110.00000 0.632254
179170.00000 0.628198
179230.00000 0.623921
179290.00000 0.619413
179350.00000 0.614699
179410.00000 0.609797
179470.00000 0.604705
179530.00000 0.599417
179590.00000 0.593938
179650.00000 0.588266
179710.00000 0.5824
179770.00000 0.576351
179830.00000 0.57009
179890.00000 0.563587
179950.00000 0.55685
180010.00000 0.549878
180070.00000 0.542662
180130.00000 0.53521
180190.00000 0.527525
180250.00000 0.519599
180310.00000 0.511455
180370.00000 0.503124
180430.00000 0.494598
180490.00000 0.485884
180550.00000 0.476989
180610.00000 0.467911
180670.00000 0.458673
180730.00000 0.449274
180790.00000 0.439727
180850.00000 0.430063
180910.00000 0.420265
180970.00000 0.410387
181040.00000 0.40047
181100.00000 0.390494
181160.00000 0.380502
181220.00000 0.370518
181280.00000 0.360527
181340.00000 0.35053
181400.00000 0.340531
181450.00000 0.330526
181510.00000 0.320511
181570.00000 0.31047
181630.00000 0.300469
181690.00000 0.290548
181750.00000 0.28068
181810.00000 0.271
181880.00000 0.261545
181940.00000 0.252303
182000.00000 0.243351
182060.00000 0.23471
182120.00000 0.226348
182180.00000 0.218248
182240.00000 0.210428
182300.00000 0.202836
182360.00000 0.195434
182420.00000 0.188235
182480.00000 0.181212
182540.00000 0.174351
182600.00000 0.167661
182660.00000 0.16115
182720.00000 0.15482
182780.00000 0.148671
182840.00000 0.142706
182900.00000 0.136926
182960.00000 0.131326
183020.00000 0.125911
183080.00000 0.120678
183140.00000 0.115624
183200.00000 0.11074
183260.00000 0.10603
183320.00000 0.101509
183380.00000 0.097183
183440.00000 0.093046
183500.00000 0.089091
183560.00000 0.085322
183620.00000 0.08173
183680.00000 0.078304
183740.00000 0.075055
183800.00000 0.071953
183860.00000 0.068964
183920.00000 0.066097
183980.00000 0.063353
184040.00000 0.06073
184100.00000 0.058231
184160.00000 0.055847
184220.00000 0.053574
184280.00000 0.051415
184340.00000 0.049372
184400.00000 0.04746
184460.00000 0.045656
184520.00000 0.043922
184580.00000 0.042264
184640.00000 0.040675
184700.00000 0.039139
184760.00000 0.037664
184820.00000 0.036236
184880.00000 0.034837
184940.00000 0.033468
185000.00000 0.032147
185060.00000 0.030884
185120.00000 0.029673
185180.00000 0.028518
185240.00000 0.027416
185300.00000 0.026368
185360.00000 0.025383
185420.00000 0.024467
185480.00000 0.023613
185540.00000 0.022808
185600.00000 0.022052
185660.00000 0.021344
185720.00000 0.020678
185780.00000 0.020061
185840.00000 0.01948
185900.00000 0.018917
185960.00000 0.018381
186020.00000 0.017857
186080.00000 0.017333
186140.00000 0.016817
186200.00000 0.016292
186260.00000 0.015741
186320.00000 0.015172
186380.00000 0.014588
186440.00000 0.013986
186500.00000 0.013366
186560.00000 0.012751
186620.00000 0.012144
186680.00000 0.011543
186740.00000 0.010979
186800.00000 0.01046
186860.00000 0.00998
186920.00000 0.009556
186980.00000 0.009194
187040.00000 0.008885
187100.00000 0.008625
187160.00000 0.008419
187220.00000 0.008259
187280.00000 0.008123
187340.00000 0.00802
187400.00000 0.00794
187460.00000 0.007862
187520.00000 0.007793
187580.00000 0.007725
187640.00000 0.007643
187700.00000 0.007554
187760.00000 0.00745
187820.00000 0.007323
187880.00000 0.007175
187940.00000 0.007007
188000.00000 0.006817
188060.00000 0.006604
188120.00000 0.006376
188180.00000 0.006138
188240.00000 0.005885
188300.00000 0.005633
188360.00000 0.005394
188420.00000 0.005159
188480.00000 0.004941
188540.00000 0.004749
188600.00000 0.004579
188660.00000 0.004434
188720.00000 0.004318
188780.00000 0.004229
188840.00000 0.004161
188900.00000 0.00411
188960.00000 0.00408
189020.00000 0.004059
189080.00000 0.004042
189140.00000 0.004034
189200.00000 0.004019
208120.00000 0.0
