threeML/data/optical_filters/Paranal/VISIR-NeII_1.ecsv
# %ECSV 0.9
# ---
# datatype:
# - {name: wavelength, unit: Angstrom, datatype: float32}
# - {name: response, datatype: float32}
# meta: !!omap
# - {band_name: NeII_1}
# - {group_name: VISIR}
wavelength response
109053.00000 0.0
121170.00000 0.004515
121200.00000 0.005425
121230.00000 0.006335
121260.00000 0.007245
121290.00000 0.008155
121320.00000 0.009066
121350.00000 0.009976
121380.00000 0.01161
121410.00000 0.013244
121440.00000 0.014878
121470.00000 0.016513
121500.00000 0.018146
121530.00000 0.01978
121560.00000 0.021699
121590.00000 0.024168
121620.00000 0.026637
121650.00000 0.029106
121680.00000 0.031575
121710.00000 0.034044
121740.00000 0.036513
121770.00000 0.038991
121800.00000 0.041474
121830.00000 0.043958
121860.00000 0.046441
121890.00000 0.048924
121920.00000 0.051407
121950.00000 0.053876
121980.00000 0.055682
122010.00000 0.057488
122040.00000 0.059295
122070.00000 0.061101
122100.00000 0.062907
122130.00000 0.064713
122160.00000 0.066271
122190.00000 0.067388
122220.00000 0.068505
122250.00000 0.069623
122280.00000 0.07074
122310.00000 0.071857
122340.00000 0.072974
122370.00000 0.073517
122400.00000 0.073814
122430.00000 0.074111
122460.00000 0.074408
122490.00000 0.074705
122520.00000 0.075002
122550.00000 0.075269
122580.00000 0.074805
122610.00000 0.074342
122640.00000 0.073879
122670.00000 0.073415
122700.00000 0.072952
122730.00000 0.072488
122760.00000 0.07211
122790.00000 0.07187
122820.00000 0.07163
122850.00000 0.071391
122880.00000 0.071151
122910.00000 0.070911
122940.00000 0.070671
122970.00000 0.070034
123000.00000 0.069241
123030.00000 0.068449
123060.00000 0.067656
123090.00000 0.066864
123120.00000 0.066071
123150.00000 0.065286
123180.00000 0.064623
123210.00000 0.063959
123240.00000 0.063295
123270.00000 0.062632
123300.00000 0.061968
123330.00000 0.061304
123360.00000 0.060158
123390.00000 0.058289
123420.00000 0.056421
123450.00000 0.054553
123480.00000 0.052685
123510.00000 0.050816
123540.00000 0.048947
123570.00000 0.046505
123600.00000 0.043862
123630.00000 0.041219
123660.00000 0.038575
123690.00000 0.035933
123720.00000 0.03329
123750.00000 0.030674
123780.00000 0.028371
123810.00000 0.026068
123840.00000 0.023765
123870.00000 0.021462
123900.00000 0.01916
123930.00000 0.016857
123960.00000 0.014953
123990.00000 0.013599
124020.00000 0.012245
124050.00000 0.010892
124080.00000 0.009538
124110.00000 0.008184
124140.00000 0.00683
124170.00000 0.006064
124200.00000 0.005483
124230.00000 0.004902
124260.00000 0.004321
124290.00000 0.00374
124320.00000 0.00316
124350.00000 0.002622
124380.00000 0.00247
124410.00000 0.002319
124440.00000 0.002168
124470.00000 0.002016
124500.00000 0.001865
124530.00000 0.001714
124560.00000 0.001527
124590.00000 0.001295
124620.00000 0.001063
124650.00000 0.000831
124680.00000 0.000599
124710.00000 0.000367
124740.00000 0.000135
124770.00000 0.00013
124800.00000 0.00019
124830.00000 0.000249
124860.00000 0.000308
124890.00000 0.000367
124920.00000 0.000426
124950.00000 0.000479
124980.00000 0.00049
125010.00000 0.0005
125040.00000 0.000511
125070.00000 0.000522
125100.00000 0.000532
125130.00000 0.000543
125160.00000 0.000482
125190.00000 0.000336
125220.00000 0.000191
125250.00000 4.5e-05
137775.00000 0.0
