threeML/data/optical_filters/Paranal/VISTA-Ks.ecsv
# %ECSV 0.9
# ---
# datatype:
# - {name: wavelength, unit: Angstrom, datatype: float32}
# - {name: response, datatype: float32}
# meta: !!omap
# - {band_name: Ks}
# - {group_name: VISTA}
wavelength response
17091.00000 0.0
18990.00000 0.001328
19000.00000 0.002281
19010.00000 0.002166
19020.00000 0.002027
19030.00000 0.001844
19040.00000 0.001846
19050.00000 0.00146
19060.00000 0.0012
19070.00000 0.000329
19080.00000 0.000801
19090.00000 0.001555
19100.00000 0.001741
19110.00000 0.002046
19120.00000 0.002456
19130.00000 0.001091
19140.00000 0.001262
19150.00000 0.002274
19160.00000 0.003093
19170.00000 0.003389
19180.00000 0.003369
19190.00000 0.003436
19200.00000 0.003025
19210.00000 0.00434
19220.00000 0.004707
19230.00000 0.003666
19240.00000 0.005718
19250.00000 0.006515
19260.00000 0.005738
19270.00000 0.005953
19280.00000 0.00758
19290.00000 0.008632
19300.00000 0.009318
19310.00000 0.008624
19320.00000 0.008906
19330.00000 0.009129
19340.00000 0.010218
19350.00000 0.010223
19360.00000 0.010903
19370.00000 0.012344
19380.00000 0.013214
19390.00000 0.016507
19400.00000 0.017571
19410.00000 0.017276
19420.00000 0.016384
19430.00000 0.016079
19440.00000 0.019199
19450.00000 0.020101
19460.00000 0.022213
19470.00000 0.023513
19480.00000 0.024623
19490.00000 0.025908
19500.00000 0.028987
19510.00000 0.030738
19520.00000 0.031819
19530.00000 0.034743
19540.00000 0.036861
19550.00000 0.037143
19560.00000 0.040057
19570.00000 0.043516
19580.00000 0.047412
19590.00000 0.050775
19600.00000 0.053992
19610.00000 0.060281
19620.00000 0.065784
19630.00000 0.070465
19640.00000 0.074707
19650.00000 0.076885
19660.00000 0.083109
19670.00000 0.090237
19680.00000 0.095727
19690.00000 0.10237
19700.00000 0.10793
19710.00000 0.11968
19720.00000 0.12726
19730.00000 0.136
19740.00000 0.14735
19750.00000 0.15549
19760.00000 0.16939
19770.00000 0.18243
19780.00000 0.19661
19790.00000 0.21139
19800.00000 0.21948
19810.00000 0.23889
19820.00000 0.25628
19830.00000 0.27286
19840.00000 0.2943
19850.00000 0.30599
19860.00000 0.33082
19870.00000 0.35128
19880.00000 0.37147
19890.00000 0.4005
19900.00000 0.4157
19910.00000 0.44639
19920.00000 0.46513
19930.00000 0.48918
19940.00000 0.52273
19950.00000 0.53615
19960.00000 0.56704
19970.00000 0.58718
19980.00000 0.60443
19990.00000 0.63808
20000.00000 0.6428
20010.00000 0.67689
20020.00000 0.69552
20030.00000 0.70388
20040.00000 0.7355
20050.00000 0.73683
20060.00000 0.75844
20070.00000 0.77771
20080.00000 0.77462
20090.00000 0.80144
20100.00000 0.79758
20110.00000 0.80893
20120.00000 0.82438
20130.00000 0.81627
20140.00000 0.8354
20150.00000 0.83319
20160.00000 0.83152
20170.00000 0.8513
20180.00000 0.83669
20190.00000 0.84825
20200.00000 0.85286
20210.00000 0.84116
20220.00000 0.85716
20230.00000 0.8499
20240.00000 0.84692
20250.00000 0.86311
20260.00000 0.84777
20270.00000 0.85827
20280.00000 0.85979
20290.00000 0.84753
20300.00000 0.86504
20310.00000 0.85382
20320.00000 0.85347
20330.00000 0.86453
20340.00000 0.84981
20350.00000 0.86154
20360.00000 0.85814
20370.00000 0.84841
20380.00000 0.86609
20390.00000 0.85323
20400.00000 0.85857
20410.00000 0.86504
20420.00000 0.85116
20430.00000 0.86715
20440.00000 0.86065
20450.00000 0.85431
20460.00000 0.87192
20470.00000 0.85872
20480.00000 0.8665
20490.00000 0.87205
20500.00000 0.86014
20510.00000 0.87412
20520.00000 0.87087
20530.00000 0.86558
20540.00000 0.88004
20550.00000 0.86975
20560.00000 0.87474
20570.00000 0.88344
20580.00000 0.87183
20590.00000 0.88464
20600.00000 0.88409
20610.00000 0.87553
20620.00000 0.88951
20630.00000 0.88281
20640.00000 0.88269
20650.00000 0.89484
20660.00000 0.88285
20670.00000 0.88961
20680.00000 0.89641
20690.00000 0.88521
20700.00000 0.89793
20710.00000 0.89704
20720.00000 0.89107
20730.00000 0.90383
20740.00000 0.89588
20750.00000 0.89765
20760.00000 0.90749
20770.00000 0.89689
20780.00000 0.90541
20790.00000 0.90759
20800.00000 0.89884
20810.00000 0.91078
20820.00000 0.90665
20830.00000 0.90337
20840.00000 0.91495
20850.00000 0.90584
20860.00000 0.90886
20870.00000 0.91633
20880.00000 0.90489
20890.00000 0.91295
20900.00000 0.91641
20910.00000 0.90742
20920.00000 0.91941
20930.00000 0.91704
20940.00000 0.9099
20950.00000 0.9243
20960.00000 0.91926
20970.00000 0.91508
20980.00000 0.92517
20990.00000 0.91512
21000.00000 0.91671
21010.00000 0.92515
21020.00000 0.9161
21030.00000 0.92249
21040.00000 0.92669
21050.00000 0.91588
21060.00000 0.9237
21070.00000 0.92412
21080.00000 0.91674
21090.00000 0.93112
21100.00000 0.92682
21110.00000 0.91729
21120.00000 0.92729
21130.00000 0.91978
21140.00000 0.91943
21150.00000 0.92877
21160.00000 0.91913
21170.00000 0.92245
21180.00000 0.92879
21190.00000 0.91515
21200.00000 0.92259
21210.00000 0.92759
21220.00000 0.9186
21230.00000 0.9265
21240.00000 0.92481
21250.00000 0.91806
21260.00000 0.9289
21270.00000 0.92558
21280.00000 0.92043
21290.00000 0.93043
21300.00000 0.9221
21310.00000 0.91902
21320.00000 0.9298
21330.00000 0.92265
21340.00000 0.92144
21350.00000 0.93284
21360.00000 0.92324
21370.00000 0.92129
21380.00000 0.92997
21390.00000 0.92251
21400.00000 0.92411
21410.00000 0.92942
21420.00000 0.91869
21430.00000 0.921
21440.00000 0.92891
21450.00000 0.91859
21460.00000 0.92111
21470.00000 0.93129
21480.00000 0.92071
21490.00000 0.9241
21500.00000 0.92858
21510.00000 0.91658
21520.00000 0.92153
21530.00000 0.92628
21540.00000 0.91762
21550.00000 0.9236
21560.00000 0.92395
21570.00000 0.91584
21580.00000 0.9262
21590.00000 0.92725
21600.00000 0.9177
21610.00000 0.92565
21620.00000 0.92287
21630.00000 0.91661
21640.00000 0.92677
21650.00000 0.92629
21660.00000 0.91606
21670.00000 0.92522
21680.00000 0.9253
21690.00000 0.91781
21700.00000 0.92658
21710.00000 0.92646
21720.00000 0.91965
21730.00000 0.92709
21740.00000 0.92607
21750.00000 0.91843
21760.00000 0.92846
21770.00000 0.92822
21780.00000 0.92068
21790.00000 0.92758
21800.00000 0.93033
21810.00000 0.92074
21820.00000 0.92803
21830.00000 0.93099
21840.00000 0.92363
21850.00000 0.92975
21860.00000 0.93091
21870.00000 0.92402
21880.00000 0.93205
21890.00000 0.93757
21900.00000 0.92541
21910.00000 0.93061
21920.00000 0.93429
21930.00000 0.92615
21940.00000 0.93218
21950.00000 0.93677
21960.00000 0.92891
21970.00000 0.93271
21980.00000 0.9379
21990.00000 0.93073
22000.00000 0.93153
22010.00000 0.94083
22020.00000 0.93382
22030.00000 0.93519
22040.00000 0.93824
22050.00000 0.93173
22060.00000 0.93326
22070.00000 0.93958
22080.00000 0.93477
22090.00000 0.93311
22100.00000 0.93913
22110.00000 0.93391
22120.00000 0.93071
22130.00000 0.9418
22140.00000 0.93488
22150.00000 0.93088
22160.00000 0.93644
22170.00000 0.93731
22180.00000 0.92945
22190.00000 0.93301
22200.00000 0.93688
22210.00000 0.92866
22220.00000 0.93129
22230.00000 0.93554
22240.00000 0.93096
22250.00000 0.92947
22260.00000 0.93344
22270.00000 0.92768
22280.00000 0.92534
22290.00000 0.93267
22300.00000 0.92918
22310.00000 0.9248
22320.00000 0.92832
22330.00000 0.92582
22340.00000 0.92154
22350.00000 0.92633
22360.00000 0.92592
22370.00000 0.92176
22380.00000 0.92491
22390.00000 0.92517
22400.00000 0.91814
22410.00000 0.919
22420.00000 0.92517
22430.00000 0.92083
22440.00000 0.91993
22450.00000 0.92322
22460.00000 0.91945
22470.00000 0.91937
22480.00000 0.92369
22490.00000 0.92004
22500.00000 0.91792
22510.00000 0.92283
22520.00000 0.92548
22530.00000 0.92117
22540.00000 0.9227
22550.00000 0.92594
22560.00000 0.92319
22570.00000 0.92322
22580.00000 0.92929
22590.00000 0.92526
22600.00000 0.92489
22610.00000 0.92945
22620.00000 0.92961
22630.00000 0.92953
22640.00000 0.93207
22650.00000 0.93304
22660.00000 0.93076
22670.00000 0.9341
22680.00000 0.93521
22690.00000 0.93297
22700.00000 0.9335
22710.00000 0.93289
22720.00000 0.93102
22730.00000 0.92924
22740.00000 0.928
22750.00000 0.92382
22760.00000 0.91929
22770.00000 0.91642
22780.00000 0.91117
22790.00000 0.90224
22800.00000 0.89512
22810.00000 0.88795
22820.00000 0.87643
22830.00000 0.86501
22840.00000 0.85313
22850.00000 0.83763
22860.00000 0.82054
22870.00000 0.80431
22880.00000 0.78617
22890.00000 0.76679
22900.00000 0.74674
22910.00000 0.72536
22920.00000 0.70169
22930.00000 0.67732
22940.00000 0.653
22950.00000 0.6281
22960.00000 0.60246
22970.00000 0.57843
22980.00000 0.55289
22990.00000 0.52805
23000.00000 0.50286
23010.00000 0.47812
23020.00000 0.45253
23030.00000 0.42998
23040.00000 0.4079
23050.00000 0.38258
23060.00000 0.36141
23070.00000 0.34051
23080.00000 0.32087
23090.00000 0.30139
23100.00000 0.28301
23110.00000 0.2653
23120.00000 0.24768
23130.00000 0.23198
23140.00000 0.21658
23150.00000 0.20181
23160.00000 0.18902
23170.00000 0.17709
23180.00000 0.165
23190.00000 0.15473
23200.00000 0.14468
23210.00000 0.13573
23220.00000 0.12719
23230.00000 0.11916
23240.00000 0.11193
23250.00000 0.10456
23260.00000 0.098507
23270.00000 0.092965
23280.00000 0.087366
23290.00000 0.081925
23300.00000 0.076645
23310.00000 0.071447
23320.00000 0.066398
23330.00000 0.062585
23340.00000 0.05883
23350.00000 0.054297
23360.00000 0.050968
23370.00000 0.048127
23380.00000 0.044645
23390.00000 0.041688
23400.00000 0.039438
23410.00000 0.03753
23420.00000 0.035529
23430.00000 0.033971
23440.00000 0.032676
23450.00000 0.03108
23460.00000 0.029333
23470.00000 0.028023
23480.00000 0.02709
23490.00000 0.025615
23500.00000 0.024059
23510.00000 0.022604
23520.00000 0.020962
23530.00000 0.019654
23540.00000 0.018883
23550.00000 0.018009
23560.00000 0.016438
23570.00000 0.015283
23580.00000 0.014765
23590.00000 0.014328
23600.00000 0.013975
23610.00000 0.013395
23620.00000 0.012048
23630.00000 0.011132
23640.00000 0.010883
23650.00000 0.01032
23660.00000 0.009807
23670.00000 0.009767
23680.00000 0.008961
23690.00000 0.008579
23700.00000 0.009238
23710.00000 0.008881
23720.00000 0.008514
23730.00000 0.0085
23740.00000 0.007366
23750.00000 0.005766
23760.00000 0.005037
23770.00000 0.004876
23780.00000 0.004537
23790.00000 0.004424
23800.00000 0.004165
23810.00000 0.003478
23820.00000 0.004195
23830.00000 0.004621
23840.00000 0.003875
23850.00000 0.003789
23860.00000 0.003774
23870.00000 0.003741
23880.00000 0.004201
23890.00000 0.004567
23900.00000 0.004271
23910.00000 0.003474
23920.00000 0.002594
23930.00000 0.00233
23940.00000 0.001803
23950.00000 0.001796
23960.00000 0.002146
23970.00000 0.001897
23980.00000 0.001499
23990.00000 0.001446
24000.00000 0.001055
24010.00000 0.002823
24020.00000 0.003109
24030.00000 0.001847
24040.00000 0.001919
24050.00000 0.002258
24060.00000 0.002618
24070.00000 0.002606
24080.00000 0.001655
24090.00000 0.001916
24100.00000 0.001958
24110.00000 0.0015
24120.00000 0.001237
24130.00000 0.000773
24140.00000 0.000572
24150.00000 0.00026
24160.00000 0.00028
24170.00000 0.000656
24180.00000 0.00043
24190.00000 0.000612
24200.00000 0.001051
24210.00000 0.000821
24220.00000 0.000563
24230.00000 0.001872
24240.00000 0.002695
24250.00000 0.001852
24260.00000 0.00084
26686.00000 0.0
