threeML/data/optical_filters/Paranal/VISTA-Y.ecsv
# %ECSV 0.9
# ---
# datatype:
# - {name: wavelength, unit: Angstrom, datatype: float32}
# - {name: response, datatype: float32}
# meta: !!omap
# - {band_name: Y}
# - {group_name: VISTA}
wavelength response
8280.00000 0.0
9200.00000 0.003623
9210.00000 0.001825
9220.00000 0.001632
9230.00000 0.002501
9240.00000 0.002135
9250.00000 9.2e-05
9260.00000 0.001731
9270.00000 0.001331
9280.00000 0.001119
9290.00000 0.002347
9300.00000 0.002543
9310.00000 0.001534
9320.00000 0.003433
9330.00000 0.001793
9340.00000 0.00504
9350.00000 0.005454
9360.00000 0.00522
9370.00000 0.004429
9380.00000 0.006579
9390.00000 0.004046
9400.00000 0.005956
9410.00000 0.006114
9420.00000 0.007778
9430.00000 0.008501
9440.00000 0.009479
9450.00000 0.010633
9460.00000 0.013903
9470.00000 0.012411
9480.00000 0.014822
9490.00000 0.014993
9500.00000 0.01699
9510.00000 0.018068
9520.00000 0.024542
9530.00000 0.02394
9540.00000 0.026514
9550.00000 0.030159
9560.00000 0.033365
9570.00000 0.03791
9580.00000 0.04616
9590.00000 0.05183
9600.00000 0.059065
9610.00000 0.067982
9620.00000 0.076655
9630.00000 0.090057
9640.00000 0.10415
9650.00000 0.11992
9660.00000 0.13903
9670.00000 0.16107
9680.00000 0.18735
9690.00000 0.21951
9700.00000 0.25348
9710.00000 0.28919
9720.00000 0.33056
9730.00000 0.37474
9740.00000 0.4184
9750.00000 0.46618
9760.00000 0.51209
9770.00000 0.55529
9780.00000 0.59393
9790.00000 0.62669
9800.00000 0.65518
9810.00000 0.68131
9820.00000 0.69928
9830.00000 0.7133
9840.00000 0.72009
9850.00000 0.72378
9860.00000 0.72553
9870.00000 0.72446
9880.00000 0.72197
9890.00000 0.72111
9900.00000 0.71924
9910.00000 0.71786
9920.00000 0.71845
9930.00000 0.71976
9940.00000 0.72153
9950.00000 0.72304
9960.00000 0.72545
9970.00000 0.73026
9980.00000 0.73451
9990.00000 0.73776
10000.00000 0.74204
10010.00000 0.74911
10020.00000 0.75535
10030.00000 0.76152
10040.00000 0.76754
10050.00000 0.7738
10060.00000 0.78134
10070.00000 0.78624
10080.00000 0.79086
10090.00000 0.79484
10100.00000 0.79764
10110.00000 0.8003
10120.00000 0.80167
10130.00000 0.80283
10140.00000 0.80341
10150.00000 0.80394
10160.00000 0.80543
10170.00000 0.80637
10180.00000 0.80607
10190.00000 0.80341
10200.00000 0.80199
10210.00000 0.79944
10220.00000 0.79665
10230.00000 0.7927
10240.00000 0.78951
10250.00000 0.78553
10260.00000 0.78094
10270.00000 0.77687
10280.00000 0.77335
10290.00000 0.7693
10300.00000 0.76762
10310.00000 0.76592
10320.00000 0.76367
10330.00000 0.76192
10340.00000 0.75967
10350.00000 0.75818
10360.00000 0.75826
10370.00000 0.75859
10380.00000 0.75941
10390.00000 0.76078
10400.00000 0.76559
10410.00000 0.77051
10420.00000 0.7757
10430.00000 0.782
10440.00000 0.78905
10450.00000 0.79733
10460.00000 0.80562
10470.00000 0.81303
10480.00000 0.81984
10490.00000 0.82416
10500.00000 0.82704
10510.00000 0.82885
10520.00000 0.82521
10530.00000 0.81741
10540.00000 0.80886
10550.00000 0.79405
10560.00000 0.77311
10570.00000 0.751
10580.00000 0.72599
10590.00000 0.69423
10600.00000 0.66041
10610.00000 0.62522
10620.00000 0.58607
10630.00000 0.54837
10640.00000 0.51125
10650.00000 0.47387
10660.00000 0.43575
10670.00000 0.3991
10680.00000 0.36814
10690.00000 0.33582
10700.00000 0.30257
10710.00000 0.27368
10720.00000 0.24569
10730.00000 0.22096
10740.00000 0.19808
10750.00000 0.17546
10760.00000 0.15452
10770.00000 0.13431
10780.00000 0.1175
10790.00000 0.10249
10800.00000 0.087835
10810.00000 0.075915
10820.00000 0.065734
10830.00000 0.055799
10840.00000 0.047431
10850.00000 0.041356
10860.00000 0.035681
10870.00000 0.030274
10880.00000 0.026218
10890.00000 0.022439
10900.00000 0.019733
10910.00000 0.017299
10920.00000 0.014714
10930.00000 0.013612
10940.00000 0.012701
10950.00000 0.010582
10960.00000 0.00874
10970.00000 0.008494
10980.00000 0.008181
10990.00000 0.008035
11000.00000 0.006829
11010.00000 0.004136
11020.00000 0.003744
11030.00000 0.00455
11040.00000 0.003854
11050.00000 0.003858
11060.00000 0.004517
11070.00000 0.003222
11080.00000 0.00191
11090.00000 0.002518
11100.00000 0.003342
11110.00000 0.001862
11120.00000 0.004111
11130.00000 0.004267
11140.00000 0.004322
11150.00000 0.005058
11160.00000 0.004206
11170.00000 0.003296
11180.00000 0.002322
11190.00000 0.002869
11200.00000 0.002853
11210.00000 0.002182
11220.00000 0.0014
11230.00000 0.000665
11240.00000 0.00152
11250.00000 0.001341
11260.00000 0.000511
11270.00000 0.002197
11280.00000 0.002795
11290.00000 0.002119
11300.00000 0.00019
11310.00000 0.000378
11320.00000 0.000874
11330.00000 0.001951
11340.00000 0.000615
11350.00000 0.000653
11360.00000 0.001062
11370.00000 0.000987
11380.00000 0.001793
11390.00000 0.001742
11400.00000 0.000168
12540.00000 0.0
