threeML/data/optical_filters/Paranal/VISTA-NB980.ecsv
# %ECSV 0.9
# ---
# datatype:
# - {name: wavelength, unit: Angstrom, datatype: float32}
# - {name: response, datatype: float32}
# meta: !!omap
# - {band_name: NB980}
# - {group_name: VISTA}
wavelength response
8532.00000 0.0
9480.00000 5e-05
9485.00000 0.0002
9490.00000 5e-05
9495.00000 5e-05
9500.00000 0.00035
9505.00000 0.00045
9510.00000 0.0004
9515.00000 0.00075
9520.00000 0.0006
9525.00000 0.0001
9530.00000 0.0004
9535.00000 0.0005
9540.00000 0.0004
9545.00000 0.00075
9550.00000 0.00115
9555.00000 0.0007
9560.00000 0.00055
9565.00000 0.00105
9570.00000 0.0014
9575.00000 0.00085
9580.00000 0.0009
9585.00000 0.0014
9590.00000 0.0017
9595.00000 0.00215
9600.00000 0.0026
9605.00000 0.00315
9610.00000 0.00335
9615.00000 0.00395
9620.00000 0.0045
9625.00000 0.005
9630.00000 0.00585
9635.00000 0.0069
9640.00000 0.00735
9645.00000 0.0089
9650.00000 0.0106
9655.00000 0.0121
9660.00000 0.0136
9665.00000 0.017
9670.00000 0.0196
9675.00000 0.02415
9680.00000 0.0287
9685.00000 0.03825
9690.00000 0.0461
9695.00000 0.0632
9700.00000 0.0787
9705.00000 0.1102
9710.00000 0.1374
9715.00000 0.19145
9720.00000 0.23655
9725.00000 0.3153
9730.00000 0.3732
9735.00000 0.452
9740.00000 0.50505
9745.00000 0.58165
9750.00000 0.61575
9755.00000 0.6538
9760.00000 0.66955
9765.00000 0.6831
9770.00000 0.6887
9775.00000 0.6929
9780.00000 0.6947
9785.00000 0.6964
9790.00000 0.6953
9795.00000 0.69125
9800.00000 0.6855
9805.00000 0.66505
9810.00000 0.64185
9815.00000 0.5966
9820.00000 0.55835
9825.00000 0.48545
9830.00000 0.43305
9835.00000 0.3521
9840.00000 0.3004
9845.00000 0.2287
9850.00000 0.18565
9855.00000 0.13415
9860.00000 0.10625
9865.00000 0.07385
9870.00000 0.05865
9875.00000 0.04125
9880.00000 0.0322
9885.00000 0.0234
9890.00000 0.0183
9895.00000 0.0132
9900.00000 0.011
9905.00000 0.00865
9910.00000 0.00685
9915.00000 0.0051
9920.00000 0.00495
9925.00000 0.00395
9930.00000 0.003
9935.00000 0.0025
9940.00000 0.0021
9945.00000 0.00155
9950.00000 0.00165
9955.00000 0.00115
9960.00000 0.0009
9965.00000 0.0008
9970.00000 0.00095
9975.00000 0.00045
9980.00000 0.0004
9985.00000 0.00075
9990.00000 0.0005
9995.00000 0.00035
10000.00000 0.0003
10005.00000 0.00045
10010.00000 5e-05
10015.00000 5e-05
10020.00000 0.00065
10025.00000 0.00045
10030.00000 0.0004
10035.00000 0.0005
10040.00000 0.0005
10045.00000 0.00025
10050.00000 0.00055
10055.00000 0.0004
10060.00000 0.0003
10065.00000 0.00015
10070.00000 0.00035
10075.00000 0.0002
10080.00000 0.0
10085.00000 0.0001
11093.50000 0.0
