threeML/data/optical_filters/Hipparcos/Hipparcos-Hp.ecsv
# %ECSV 0.9
# ---
# datatype:
# - {name: wavelength, unit: Angstrom, datatype: float32}
# - {name: response, datatype: float32}
# meta: !!omap
# - {band_name: Hp}
# - {group_name: Hipparcos}
wavelength response
3350.00000 0.0
3400.00000 0.006
3450.00000 0.023
3500.00000 0.047
3550.00000 0.078
3600.00000 0.114
3650.00000 0.154
3700.00000 0.198
3750.00000 0.248
3800.00000 0.305
3850.00000 0.369
3900.00000 0.442
3950.00000 0.523
4000.00000 0.608
4050.00000 0.694
4100.00000 0.774
4150.00000 0.845
4200.00000 0.901
4250.00000 0.941
4300.00000 0.967
4350.00000 0.984
4400.00000 0.993
4450.00000 0.998
4500.00000 1.0
4550.00000 1.0
4600.00000 0.998
4650.00000 0.993
4700.00000 0.987
4750.00000 0.979
4800.00000 0.969
4850.00000 0.958
4900.00000 0.946
4950.00000 0.933
5000.00000 0.919
5050.00000 0.903
5100.00000 0.888
5150.00000 0.871
5200.00000 0.855
5250.00000 0.838
5300.00000 0.82
5350.00000 0.803
5400.00000 0.785
5450.00000 0.766
5500.00000 0.748
5550.00000 0.729
5600.00000 0.71
5650.00000 0.691
5700.00000 0.672
5750.00000 0.653
5800.00000 0.634
5850.00000 0.615
5900.00000 0.596
5950.00000 0.577
6000.00000 0.558
6050.00000 0.539
6100.00000 0.52
6150.00000 0.502
6200.00000 0.483
6250.00000 0.465
6300.00000 0.447
6350.00000 0.429
6400.00000 0.412
6450.00000 0.395
6500.00000 0.378
6550.00000 0.361
6600.00000 0.345
6650.00000 0.329
6700.00000 0.314
6750.00000 0.298
6800.00000 0.283
6850.00000 0.269
6900.00000 0.254
6950.00000 0.241
7000.00000 0.227
7050.00000 0.214
7100.00000 0.201
7150.00000 0.189
7200.00000 0.177
7250.00000 0.166
7300.00000 0.155
7350.00000 0.144
7400.00000 0.134
7450.00000 0.125
7500.00000 0.116
7550.00000 0.108
7600.00000 0.1
7650.00000 0.092
7700.00000 0.085
7750.00000 0.079
7800.00000 0.073
7850.00000 0.067
7900.00000 0.062
7950.00000 0.057
8000.00000 0.053
8050.00000 0.049
8100.00000 0.045
8150.00000 0.041
8200.00000 0.038
8250.00000 0.035
8300.00000 0.032
8350.00000 0.029
8400.00000 0.026
8450.00000 0.024
8500.00000 0.022
8550.00000 0.019
8600.00000 0.017
8650.00000 0.015
8700.00000 0.012
8750.00000 0.01
8800.00000 0.007
8850.00000 0.005
8900.00000 0.002
8950.00000 0.0
