threeML/data/optical_filters/CFHT/CFH12k-OIII.ecsv
# %ECSV 0.9
# ---
# datatype:
# - {name: wavelength, unit: Angstrom, datatype: float32}
# - {name: response, datatype: float32}
# meta: !!omap
# - {band_name: OIII}
# - {group_name: CFH12k}
wavelength response
4393.79980 0.0
4882.00000 0.00487
4884.00000 0.00511
4886.00000 0.00545
4888.00000 0.00569
4890.00000 0.00607
4892.00000 0.00645
4894.00000 0.0067
4896.00000 0.00705
4898.00000 0.00749
4900.00000 0.00797
4902.00000 0.00841
4904.00000 0.0088
4906.00000 0.00931
4908.00000 0.00983
4910.00000 0.01048
4912.00000 0.01123
4914.00000 0.01192
4916.00000 0.01268
4918.00000 0.01353
4920.00000 0.01436
4922.00000 0.01538
4924.00000 0.01659
4926.00000 0.0177
4928.00000 0.01898
4930.00000 0.02057
4932.00000 0.0222
4934.00000 0.02377
4936.00000 0.02551
4938.00000 0.02756
4940.00000 0.02982
4942.00000 0.03233
4944.00000 0.03516
4946.00000 0.03828
4948.00000 0.04193
4950.00000 0.04604
4952.00000 0.05009
4954.00000 0.05469
4956.00000 0.0602
4958.00000 0.06633
4960.00000 0.07324
4962.00000 0.08067
4964.00000 0.08922
4966.00000 0.09906
4968.00000 0.10966
4970.00000 0.12172
4972.00000 0.13605
4974.00000 0.15216
4976.00000 0.16994
4978.00000 0.18983
4980.00000 0.21249
4982.00000 0.23792
4984.00000 0.2662
4986.00000 0.29729
4988.00000 0.33064
4990.00000 0.36769
4992.00000 0.40819
4994.00000 0.45099
4996.00000 0.49516
4998.00000 0.53967
5000.00000 0.58331
5002.00000 0.62769
5004.00000 0.67061
5006.00000 0.70999
5008.00000 0.74608
5010.00000 0.77782
5012.00000 0.80516
5014.00000 0.827
5016.00000 0.8427
5018.00000 0.85435
5020.00000 0.86568
5022.00000 0.87415
5024.00000 0.87743
5026.00000 0.87749
5028.00000 0.87877
5030.00000 0.88092
5032.00000 0.881
5034.00000 0.88136
5036.00000 0.88405
5038.00000 0.8857
5040.00000 0.88712
5042.00000 0.89014
5044.00000 0.89227
5046.00000 0.89479
5048.00000 0.89684
5050.00000 0.89613
5052.00000 0.8933
5054.00000 0.88875
5056.00000 0.88033
5058.00000 0.86656
5060.00000 0.84663
5062.00000 0.82344
5064.00000 0.79601
5066.00000 0.76083
5068.00000 0.72289
5070.00000 0.6813
5072.00000 0.63663
5074.00000 0.59145
5076.00000 0.54408
5078.00000 0.49791
5080.00000 0.45293
5082.00000 0.40941
5084.00000 0.37039
5086.00000 0.33437
5088.00000 0.30037
5090.00000 0.26942
5092.00000 0.2422
5094.00000 0.21799
5096.00000 0.19565
5098.00000 0.17607
5100.00000 0.15816
5102.00000 0.14183
5104.00000 0.12828
5106.00000 0.11639
5108.00000 0.10527
5110.00000 0.09534
5112.00000 0.08678
5114.00000 0.07903
5116.00000 0.07222
5118.00000 0.06624
5120.00000 0.06065
5122.00000 0.05562
5124.00000 0.05106
5126.00000 0.04701
5128.00000 0.0434
5130.00000 0.04016
5132.00000 0.03717
5134.00000 0.03426
5136.00000 0.03195
5138.00000 0.02968
5140.00000 0.02768
5142.00000 0.02577
5144.00000 0.02394
5146.00000 0.02245
5148.00000 0.02101
5150.00000 0.01982
5152.00000 0.01854
5154.00000 0.01724
5156.00000 0.01624
5158.00000 0.01538
5160.00000 0.01442
5162.00000 0.01352
5164.00000 0.01285
5166.00000 0.01213
5168.00000 0.01137
5170.00000 0.0108
5172.00000 0.01024
5174.00000 0.00963
5176.00000 0.0092
5178.00000 0.00874
5180.00000 0.00832
5182.00000 0.00797
5184.00000 0.00761
5186.00000 0.00716
5188.00000 0.00677
5190.00000 0.00662
5192.00000 0.00638
5194.00000 0.00603
5196.00000 0.00569
5198.00000 0.00545
5200.00000 0.00533
5202.00000 0.00519
5204.00000 0.00502
5206.00000 0.00479
5726.60010 0.0
