threeML/data/optical_filters/CFHT/CFH12k-HBeta_on.ecsv
# %ECSV 0.9
# ---
# datatype:
# - {name: wavelength, unit: Angstrom, datatype: float32}
# - {name: response, datatype: float32}
# meta: !!omap
# - {band_name: HBeta_on}
# - {group_name: CFH12k}
wavelength response
4271.39990 0.0
4746.00000 0.00484
4748.00000 0.00502
4750.00000 0.00529
4752.00000 0.00562
4754.00000 0.00597
4756.00000 0.00645
4758.00000 0.00682
4760.00000 0.00723
4762.00000 0.00777
4764.00000 0.0083
4766.00000 0.0089
4768.00000 0.00951
4770.00000 0.01007
4772.00000 0.01076
4774.00000 0.01163
4776.00000 0.01253
4778.00000 0.0135
4780.00000 0.0145
4782.00000 0.01564
4784.00000 0.01688
4786.00000 0.0182
4788.00000 0.01982
4790.00000 0.02158
4792.00000 0.02333
4794.00000 0.02536
4796.00000 0.02757
4798.00000 0.02991
4800.00000 0.03268
4802.00000 0.03589
4804.00000 0.03957
4806.00000 0.04338
4808.00000 0.04745
4810.00000 0.0522
4812.00000 0.05754
4814.00000 0.06363
4816.00000 0.07062
4818.00000 0.07858
4820.00000 0.08734
4822.00000 0.09744
4824.00000 0.1091
4826.00000 0.12231
4828.00000 0.13745
4830.00000 0.1548
4832.00000 0.17458
4834.00000 0.19728
4836.00000 0.22313
4838.00000 0.25275
4840.00000 0.28674
4842.00000 0.3239
4844.00000 0.36386
4846.00000 0.40747
4848.00000 0.45454
4850.00000 0.50478
4852.00000 0.55656
4854.00000 0.60768
4856.00000 0.65662
4858.00000 0.70345
4860.00000 0.74706
4862.00000 0.78409
4864.00000 0.8147
4866.00000 0.83896
4868.00000 0.85718
4870.00000 0.86902
4872.00000 0.87569
4874.00000 0.87854
4876.00000 0.87808
4878.00000 0.87579
4880.00000 0.87109
4882.00000 0.86693
4884.00000 0.8638
4886.00000 0.85953
4888.00000 0.85622
4890.00000 0.8541
4892.00000 0.85173
4894.00000 0.85023
4896.00000 0.84923
4898.00000 0.84683
4900.00000 0.84468
4902.00000 0.83885
4904.00000 0.8306
4906.00000 0.82114
4908.00000 0.8067
4910.00000 0.78642
4912.00000 0.76097
4914.00000 0.733
4916.00000 0.70125
4918.00000 0.66417
4920.00000 0.62227
4922.00000 0.5791
4924.00000 0.53528
4926.00000 0.49028
4928.00000 0.44676
4930.00000 0.40533
4932.00000 0.36546
4934.00000 0.32904
4936.00000 0.29546
4938.00000 0.26454
4940.00000 0.23753
4942.00000 0.21327
4944.00000 0.19048
4946.00000 0.16986
4948.00000 0.15146
4950.00000 0.13545
4952.00000 0.12219
4954.00000 0.11035
4956.00000 0.09947
4958.00000 0.08997
4960.00000 0.08153
4962.00000 0.07405
4964.00000 0.0674
4966.00000 0.0614
4968.00000 0.05611
4970.00000 0.05156
4972.00000 0.04739
4974.00000 0.04344
4976.00000 0.04002
4978.00000 0.037
4980.00000 0.03421
4982.00000 0.03174
4984.00000 0.02934
4986.00000 0.02721
4988.00000 0.02539
4990.00000 0.02373
4992.00000 0.02206
4994.00000 0.02054
4996.00000 0.01929
4998.00000 0.01814
5000.00000 0.01701
5002.00000 0.01588
5004.00000 0.01497
5006.00000 0.0141
5008.00000 0.01334
5010.00000 0.01259
5012.00000 0.01186
5014.00000 0.01118
5016.00000 0.01057
5018.00000 0.01004
5020.00000 0.00957
5022.00000 0.00908
5024.00000 0.00861
5026.00000 0.00826
5028.00000 0.00778
5030.00000 0.00732
5032.00000 0.00702
5034.00000 0.00662
5036.00000 0.00636
5038.00000 0.00615
5040.00000 0.00587
5042.00000 0.00563
5044.00000 0.00526
5046.00000 0.00504
5048.00000 0.00487
5552.79980 0.0
