threeML/data/optical_filters/CFHT/CFH12k-I.ecsv
# %ECSV 0.9
# ---
# datatype:
# - {name: wavelength, unit: Angstrom, datatype: float32}
# - {name: response, datatype: float32}
# meta: !!omap
# - {band_name: I}
# - {group_name: CFH12k}
wavelength response
6228.00000 0.0
6920.00000 0.00224
6940.00000 0.00557
6960.00000 0.01239
6980.00000 0.02498
7000.00000 0.04576
7020.00000 0.07738
7040.00000 0.12137
7060.00000 0.17714
7080.00000 0.24237
7100.00000 0.31299
7120.00000 0.38414
7140.00000 0.45233
7160.00000 0.51517
7180.00000 0.5708
7200.00000 0.61984
7220.00000 0.66287
7240.00000 0.69991
7260.00000 0.73206
7280.00000 0.75903
7300.00000 0.78035
7320.00000 0.79695
7340.00000 0.80966
7360.00000 0.81978
7380.00000 0.82881
7400.00000 0.83784
7420.00000 0.8466
7440.00000 0.85518
7460.00000 0.86217
7480.00000 0.86653
7500.00000 0.86816
7520.00000 0.86621
7540.00000 0.86221
7560.00000 0.85753
7580.00000 0.85324
7600.00000 0.85104
7620.00000 0.85114
7640.00000 0.85301
7660.00000 0.85646
7680.00000 0.85941
7700.00000 0.86133
7720.00000 0.86131
7740.00000 0.85884
7760.00000 0.8557
7780.00000 0.85234
7800.00000 0.85027
7820.00000 0.85022
7840.00000 0.85236
7860.00000 0.85603
7880.00000 0.86015
7900.00000 0.86327
7920.00000 0.8643
7940.00000 0.86311
7960.00000 0.85944
7980.00000 0.8553
8000.00000 0.85101
8020.00000 0.84828
8040.00000 0.84708
8060.00000 0.84808
8080.00000 0.85164
8100.00000 0.8557
8120.00000 0.85985
8140.00000 0.86246
8160.00000 0.86125
8180.00000 0.85696
8200.00000 0.85085
8220.00000 0.84256
8240.00000 0.83565
8260.00000 0.83128
8280.00000 0.83218
8300.00000 0.82967
8320.00000 0.82936
8340.00000 0.83044
8360.00000 0.82565
8380.00000 0.83003
8400.00000 0.83153
8420.00000 0.83534
8440.00000 0.84283
8460.00000 0.84869
8480.00000 0.85794
8500.00000 0.85957
8520.00000 0.85957
8540.00000 0.85255
8560.00000 0.83569
8580.00000 0.82339
8600.00000 0.81172
8620.00000 0.80544
8640.00000 0.80927
8660.00000 0.81718
8680.00000 0.82605
8700.00000 0.84062
8720.00000 0.85139
8740.00000 0.85648
8760.00000 0.85995
8780.00000 0.85344
8800.00000 0.84601
8820.00000 0.83734
8840.00000 0.82812
8860.00000 0.82341
8880.00000 0.8226
8900.00000 0.82578
8920.00000 0.8324
8940.00000 0.84048
8960.00000 0.84908
8980.00000 0.8573
9000.00000 0.86375
9020.00000 0.86838
9040.00000 0.8728
9060.00000 0.87914
9080.00000 0.88646
9100.00000 0.89661
9120.00000 0.90639
9140.00000 0.91028
9160.00000 0.91307
9180.00000 0.91209
9200.00000 0.90533
9220.00000 0.88704
9240.00000 0.84332
9260.00000 0.76224
9280.00000 0.64192
9300.00000 0.49565
9320.00000 0.34477
9340.00000 0.21407
9360.00000 0.11827
9380.00000 0.05882
9400.00000 0.02721
9420.00000 0.01285
9440.00000 0.00629
9460.00000 0.00311
10406.00000 0.0
