threeML/data/optical_filters/CFHT/CFH12k-HBeta_off.ecsv
# %ECSV 0.9
# ---
# datatype:
# - {name: wavelength, unit: Angstrom, datatype: float32}
# - {name: response, datatype: float32}
# meta: !!omap
# - {band_name: HBeta_off}
# - {group_name: CFH12k}
wavelength response
4170.60010 0.0
4634.00000 0.00497
4636.00000 0.00528
4638.00000 0.00555
4640.00000 0.00589
4642.00000 0.00632
4644.00000 0.00662
4646.00000 0.00697
4648.00000 0.00749
4650.00000 0.00813
4652.00000 0.00867
4654.00000 0.00914
4656.00000 0.00986
4658.00000 0.01068
4660.00000 0.01143
4662.00000 0.01221
4664.00000 0.01311
4666.00000 0.01408
4668.00000 0.01524
4670.00000 0.0164
4672.00000 0.0177
4674.00000 0.01915
4676.00000 0.02077
4678.00000 0.02266
4680.00000 0.02455
4682.00000 0.02664
4684.00000 0.02896
4686.00000 0.03174
4688.00000 0.03461
4690.00000 0.03781
4692.00000 0.04152
4694.00000 0.04579
4696.00000 0.05069
4698.00000 0.05594
4700.00000 0.06189
4702.00000 0.06856
4704.00000 0.07645
4706.00000 0.08501
4708.00000 0.09453
4710.00000 0.1057
4712.00000 0.11833
4714.00000 0.1328
4716.00000 0.14886
4718.00000 0.16632
4720.00000 0.18575
4722.00000 0.20773
4724.00000 0.23206
4726.00000 0.25815
4728.00000 0.28604
4730.00000 0.31479
4732.00000 0.34491
4734.00000 0.37598
4736.00000 0.40645
4738.00000 0.43591
4740.00000 0.46483
4742.00000 0.49194
4744.00000 0.51637
4746.00000 0.5376
4748.00000 0.55511
4750.00000 0.57024
4752.00000 0.58403
4754.00000 0.59602
4756.00000 0.60504
4758.00000 0.61485
4760.00000 0.62544
4762.00000 0.63536
4764.00000 0.64438
4766.00000 0.65428
4768.00000 0.6655
4770.00000 0.67685
4772.00000 0.6888
4774.00000 0.70244
4776.00000 0.71783
4778.00000 0.73201
4780.00000 0.74521
4782.00000 0.75826
4784.00000 0.76971
4786.00000 0.77769
4788.00000 0.78105
4790.00000 0.77986
4792.00000 0.77219
4794.00000 0.75761
4796.00000 0.73604
4798.00000 0.70642
4800.00000 0.67181
4802.00000 0.63242
4804.00000 0.58815
4806.00000 0.5433
4808.00000 0.49678
4810.00000 0.45024
4812.00000 0.40756
4814.00000 0.3663
4816.00000 0.32687
4818.00000 0.29051
4820.00000 0.25832
4822.00000 0.23042
4824.00000 0.20569
4826.00000 0.18329
4828.00000 0.16327
4830.00000 0.14552
4832.00000 0.12962
4834.00000 0.11598
4836.00000 0.10406
4838.00000 0.09392
4840.00000 0.08449
4842.00000 0.07559
4844.00000 0.06862
4846.00000 0.06265
4848.00000 0.0569
4850.00000 0.05164
4852.00000 0.04694
4854.00000 0.04295
4856.00000 0.03949
4858.00000 0.03612
4860.00000 0.03317
4862.00000 0.0309
4864.00000 0.02858
4866.00000 0.02643
4868.00000 0.02458
4870.00000 0.0228
4872.00000 0.02116
4874.00000 0.01965
4876.00000 0.0184
4878.00000 0.01704
4880.00000 0.01584
4882.00000 0.01488
4884.00000 0.01402
4886.00000 0.0132
4888.00000 0.01241
4890.00000 0.01178
4892.00000 0.011
4894.00000 0.01024
4896.00000 0.00955
4898.00000 0.00905
4900.00000 0.00856
4902.00000 0.00801
4904.00000 0.00769
4906.00000 0.00728
4908.00000 0.0069
4910.00000 0.00671
4912.00000 0.00636
4914.00000 0.00587
4916.00000 0.0056
4918.00000 0.00545
4920.00000 0.00528
4922.00000 0.00507
4924.00000 0.00476
5416.39990 0.0
