threeML/data/optical_filters/CFHT/CFH12k-Bc.ecsv
# %ECSV 0.9
# ---
# datatype:
# - {name: wavelength, unit: Angstrom, datatype: float32}
# - {name: response, datatype: float32}
# meta: !!omap
# - {band_name: Bc}
# - {group_name: CFH12k}
wavelength response
3584.69995 0.0
3983.00000 0.00493
3984.00000 0.00504
3985.00000 0.00514
3986.00000 0.00526
3987.00000 0.00537
3988.00000 0.00549
3989.00000 0.00562
3990.00000 0.00574
3991.00000 0.00587
3992.00000 0.006
3993.00000 0.00613
3994.00000 0.00629
3995.00000 0.00642
3996.00000 0.00656
3997.00000 0.00673
3998.00000 0.00688
3999.00000 0.00703
4000.00000 0.0072
4001.00000 0.00739
4002.00000 0.00757
4003.00000 0.00775
4004.00000 0.00797
4005.00000 0.00816
4006.00000 0.00839
4007.00000 0.00862
4008.00000 0.00887
4009.00000 0.00914
4010.00000 0.00945
4011.00000 0.00977
4012.00000 0.01013
4013.00000 0.01051
4014.00000 0.01094
4015.00000 0.01141
4016.00000 0.01195
4017.00000 0.01254
4018.00000 0.0132
4019.00000 0.01392
4020.00000 0.01474
4021.00000 0.01564
4022.00000 0.01665
4023.00000 0.01778
4024.00000 0.01901
4025.00000 0.02039
4026.00000 0.02191
4027.00000 0.02361
4028.00000 0.02547
4029.00000 0.02753
4030.00000 0.02979
4031.00000 0.03224
4032.00000 0.03494
4033.00000 0.03784
4034.00000 0.04099
4035.00000 0.04442
4036.00000 0.04813
4037.00000 0.05208
4038.00000 0.05634
4039.00000 0.06085
4040.00000 0.06567
4041.00000 0.07083
4042.00000 0.07623
4043.00000 0.08195
4044.00000 0.08797
4045.00000 0.09428
4046.00000 0.10088
4047.00000 0.10777
4048.00000 0.11494
4049.00000 0.12239
4050.00000 0.13008
4051.00000 0.13797
4052.00000 0.14609
4053.00000 0.15443
4054.00000 0.16293
4055.00000 0.17162
4056.00000 0.18044
4057.00000 0.18932
4058.00000 0.19839
4059.00000 0.20749
4060.00000 0.21663
4061.00000 0.22581
4062.00000 0.23497
4063.00000 0.24411
4064.00000 0.2532
4065.00000 0.26224
4066.00000 0.27115
4067.00000 0.28001
4068.00000 0.2887
4069.00000 0.29723
4070.00000 0.30568
4071.00000 0.31395
4072.00000 0.32201
4073.00000 0.32994
4074.00000 0.33755
4075.00000 0.34502
4076.00000 0.35231
4077.00000 0.35931
4078.00000 0.36615
4079.00000 0.37282
4080.00000 0.37924
4081.00000 0.38547
4082.00000 0.39156
4083.00000 0.39745
4084.00000 0.40315
4085.00000 0.40878
4086.00000 0.41417
4087.00000 0.41948
4088.00000 0.42474
4089.00000 0.4299
4090.00000 0.43495
4091.00000 0.44
4092.00000 0.44492
4093.00000 0.44987
4094.00000 0.45486
4095.00000 0.45975
4096.00000 0.46461
4097.00000 0.46954
4098.00000 0.47447
4099.00000 0.47945
4100.00000 0.48447
4101.00000 0.4895
4102.00000 0.49455
4103.00000 0.4996
4104.00000 0.50473
4105.00000 0.50984
4106.00000 0.51498
4107.00000 0.52007
4108.00000 0.52525
4109.00000 0.53035
4110.00000 0.53539
4111.00000 0.54041
4112.00000 0.54547
4113.00000 0.55042
4114.00000 0.55525
4115.00000 0.55992
4116.00000 0.56454
4117.00000 0.56897
4118.00000 0.57335
4119.00000 0.57751
4120.00000 0.58145
4121.00000 0.58514
4122.00000 0.58876
4123.00000 0.59215
4124.00000 0.59523
4125.00000 0.5981
4126.00000 0.60069
4127.00000 0.60309
4128.00000 0.60512
4129.00000 0.6069
4130.00000 0.60844
4131.00000 0.60977
4132.00000 0.61079
4133.00000 0.61162
4134.00000 0.61212
4135.00000 0.6124
4136.00000 0.61241
4137.00000 0.61226
4138.00000 0.61185
4139.00000 0.61125
4140.00000 0.61053
4141.00000 0.60965
4142.00000 0.6086
4143.00000 0.60739
4144.00000 0.60619
4145.00000 0.60484
4146.00000 0.60345
4147.00000 0.60205
4148.00000 0.6006
4149.00000 0.59924
4150.00000 0.59784
4151.00000 0.59651
4152.00000 0.59528
4153.00000 0.59412
4154.00000 0.59308
4155.00000 0.59221
4156.00000 0.5914
4157.00000 0.59076
4158.00000 0.59027
4159.00000 0.58995
4160.00000 0.58974
4161.00000 0.58974
4162.00000 0.58994
4163.00000 0.5903
4164.00000 0.59085
4165.00000 0.59143
4166.00000 0.59227
4167.00000 0.59325
4168.00000 0.59438
4169.00000 0.59566
4170.00000 0.597
4171.00000 0.5984
4172.00000 0.59995
4173.00000 0.60161
4174.00000 0.60333
4175.00000 0.60507
4176.00000 0.6069
4177.00000 0.60869
4178.00000 0.61037
4179.00000 0.61201
4180.00000 0.61359
4181.00000 0.61514
4182.00000 0.61655
4183.00000 0.61787
4184.00000 0.61903
4185.00000 0.62006
4186.00000 0.62093
4187.00000 0.6216
4188.00000 0.62199
4189.00000 0.62206
4190.00000 0.62198
4191.00000 0.62161
4192.00000 0.62097
4193.00000 0.62003
4194.00000 0.61893
4195.00000 0.61754
4196.00000 0.61594
4197.00000 0.614
4198.00000 0.61176
4199.00000 0.60928
4200.00000 0.60655
4201.00000 0.60358
4202.00000 0.60027
4203.00000 0.59673
4204.00000 0.59308
4205.00000 0.58922
4206.00000 0.5851
4207.00000 0.5808
4208.00000 0.57628
4209.00000 0.57158
4210.00000 0.56677
4211.00000 0.56177
4212.00000 0.55666
4213.00000 0.55135
4214.00000 0.54599
4215.00000 0.54044
4216.00000 0.53473
4217.00000 0.52882
4218.00000 0.52296
4219.00000 0.51698
4220.00000 0.51074
4221.00000 0.50447
4222.00000 0.49812
4223.00000 0.49161
4224.00000 0.48503
4225.00000 0.4783
4226.00000 0.47147
4227.00000 0.46454
4228.00000 0.45737
4229.00000 0.45015
4230.00000 0.44281
4231.00000 0.43527
4232.00000 0.42766
4233.00000 0.41994
4234.00000 0.41197
4235.00000 0.40384
4236.00000 0.39566
4237.00000 0.38728
4238.00000 0.37871
4239.00000 0.37012
4240.00000 0.36133
4241.00000 0.35242
4242.00000 0.34335
4243.00000 0.33418
4244.00000 0.32494
4245.00000 0.31558
4246.00000 0.30615
4247.00000 0.29668
4248.00000 0.28709
4249.00000 0.27747
4250.00000 0.26788
4251.00000 0.25832
4252.00000 0.24872
4253.00000 0.2392
4254.00000 0.22972
4255.00000 0.22029
4256.00000 0.211
4257.00000 0.20183
4258.00000 0.19278
4259.00000 0.18388
4260.00000 0.17513
4261.00000 0.1666
4262.00000 0.1582
4263.00000 0.15004
4264.00000 0.14215
4265.00000 0.13454
4266.00000 0.12711
4267.00000 0.11998
4268.00000 0.11313
4269.00000 0.10654
4270.00000 0.1002
4271.00000 0.09415
4272.00000 0.08839
4273.00000 0.08292
4274.00000 0.07771
4275.00000 0.07278
4276.00000 0.06812
4277.00000 0.06371
4278.00000 0.05957
4279.00000 0.05568
4280.00000 0.05202
4281.00000 0.04858
4282.00000 0.04536
4283.00000 0.04233
4284.00000 0.03951
4285.00000 0.03688
4286.00000 0.03442
4287.00000 0.03215
4288.00000 0.03001
4289.00000 0.02805
4290.00000 0.0262
4291.00000 0.02449
4292.00000 0.0229
4293.00000 0.02141
4294.00000 0.02003
4295.00000 0.01874
4296.00000 0.01755
4297.00000 0.01643
4298.00000 0.01541
4299.00000 0.01447
4300.00000 0.01357
4301.00000 0.01274
4302.00000 0.01196
4303.00000 0.01125
4304.00000 0.01059
4305.00000 0.00995
4306.00000 0.00937
4307.00000 0.00882
4308.00000 0.00832
4309.00000 0.00784
4310.00000 0.00742
4311.00000 0.007
4312.00000 0.00662
4313.00000 0.00627
4314.00000 0.00592
4315.00000 0.00562
4316.00000 0.00531
4317.00000 0.00504
4318.00000 0.00476
4749.79980 0.0
