threeML/data/optical_filters/CFHT/CFHT-cfh6214.ecsv
# %ECSV 0.9
# ---
# datatype:
# - {name: wavelength, unit: Angstrom, datatype: float32}
# - {name: response, datatype: float32}
# meta: !!omap
# - {band_name: cfh6214}
# - {group_name: CFHT}
wavelength response
14980.50000 0.0
16645.00000 0.00526
16650.00000 0.00174
16655.00000 0.00174
16660.00000 0.00174
16665.00000 0.00056
16670.00000 0.0
16675.00000 0.0
16680.00000 0.00354
16685.00000 0.00056
16690.00000 0.00179
16695.00000 0.0006
16700.00000 0.00238
16705.00000 0.0006
16710.00000 0.00119
16715.00000 0.0
16720.00000 0.00119
16725.00000 0.00119
16730.00000 0.00121
16735.00000 0.00121
16740.00000 0.00363
16745.00000 0.00363
16750.00000 0.00058
16755.00000 0.00302
16760.00000 0.00363
16765.00000 0.00243
16770.00000 0.00182
16775.00000 0.00365
16780.00000 0.00061
16785.00000 0.00122
16790.00000 0.00243
16795.00000 0.00427
16800.00000 0.00305
16805.00000 0.00305
16810.00000 0.00369
16815.00000 0.00305
16820.00000 0.00432
16825.00000 0.00494
16830.00000 0.00743
16835.00000 0.00742
16840.00000 0.00372
16845.00000 0.00496
16850.00000 0.00806
16855.00000 0.00929
16860.00000 0.01059
16865.00000 0.01369
16870.00000 0.01437
16875.00000 0.01753
16880.00000 0.02388
16885.00000 0.02455
16890.00000 0.03409
16895.00000 0.03725
16900.00000 0.05382
16905.00000 0.06845
16910.00000 0.08655
16915.00000 0.10716
16920.00000 0.14322
16925.00000 0.17465
16930.00000 0.23697
16935.00000 0.28648
16940.00000 0.3611
16945.00000 0.41666
16950.00000 0.48628
16955.00000 0.52838
16960.00000 0.58075
16965.00000 0.6048
16970.00000 0.6331
16975.00000 0.64821
16980.00000 0.66823
16985.00000 0.67377
16990.00000 0.69197
16995.00000 0.69058
17000.00000 0.69507
17005.00000 0.69937
17010.00000 0.70163
17015.00000 0.70009
17020.00000 0.69856
17025.00000 0.69246
17030.00000 0.68857
17035.00000 0.68141
17040.00000 0.67424
17045.00000 0.66133
17050.00000 0.63835
17055.00000 0.62158
17060.00000 0.58568
17065.00000 0.55096
17070.00000 0.49567
17075.00000 0.44304
17080.00000 0.37137
17085.00000 0.31985
17090.00000 0.25365
17095.00000 0.20874
17100.00000 0.15962
17105.00000 0.13199
17110.00000 0.09828
17115.00000 0.07924
17120.00000 0.05771
17125.00000 0.048
17130.00000 0.03951
17135.00000 0.03178
17140.00000 0.02464
17145.00000 0.01877
17150.00000 0.01492
17155.00000 0.01106
17160.00000 0.01103
17165.00000 0.01169
17170.00000 0.01106
17175.00000 0.00848
17180.00000 0.00652
18898.00000 0.0
