threeML/data/optical_filters/CFHT/CFHT-cfh4608.ecsv
# %ECSV 0.9
# ---
# datatype:
# - {name: wavelength, unit: Angstrom, datatype: float32}
# - {name: response, datatype: float32}
# meta: !!omap
# - {band_name: cfh4608}
# - {group_name: CFHT}
wavelength response
5911.20020 0.0
6568.00000 0.0074
6569.00000 0.00751
6570.00000 0.00792
6571.00000 0.00827
6572.00000 0.00787
6573.00000 0.00763
6574.00000 0.00742
6575.00000 0.00844
6576.00000 0.00812
6577.00000 0.00824
6578.00000 0.00771
6579.00000 0.00761
6580.00000 0.00781
6581.00000 0.00835
6582.00000 0.00804
6583.00000 0.00882
6584.00000 0.00842
6585.00000 0.00813
6586.00000 0.00847
6587.00000 0.00882
6588.00000 0.00879
6589.00000 0.00815
6590.00000 0.00821
6591.00000 0.00877
6592.00000 0.00885
6593.00000 0.00932
6594.00000 0.0089
6595.00000 0.00926
6596.00000 0.00899
6597.00000 0.00877
6598.00000 0.0105
6599.00000 0.01028
6600.00000 0.01131
6601.00000 0.0118
6602.00000 0.01259
6603.00000 0.01411
6604.00000 0.01617
6605.00000 0.01933
6606.00000 0.0244
6607.00000 0.03035
6608.00000 0.0412
6609.00000 0.0574
6610.00000 0.08276
6611.00000 0.12259
6612.00000 0.18924
6613.00000 0.27289
6614.00000 0.38092
6615.00000 0.49573
6616.00000 0.6073
6617.00000 0.68282
6618.00000 0.71555
6619.00000 0.74184
6620.00000 0.74971
6621.00000 0.75504
6622.00000 0.76247
6623.00000 0.77034
6624.00000 0.77097
6625.00000 0.77345
6626.00000 0.76772
6627.00000 0.7583
6628.00000 0.74451
6629.00000 0.72231
6630.00000 0.68715
6631.00000 0.62187
6632.00000 0.5239
6633.00000 0.41666
6634.00000 0.30434
6635.00000 0.22357
6636.00000 0.14673
6637.00000 0.1004
6638.00000 0.06825
6639.00000 0.04947
6640.00000 0.03735
6641.00000 0.02753
6642.00000 0.02165
6643.00000 0.01859
6644.00000 0.01549
6645.00000 0.01434
6646.00000 0.01187
6647.00000 0.01242
6648.00000 0.01027
6649.00000 0.01082
6650.00000 0.01086
6651.00000 0.00996
6652.00000 0.0092
6653.00000 0.00967
6654.00000 0.01012
6655.00000 0.00891
6656.00000 0.0094
6657.00000 0.00937
6658.00000 0.00969
6659.00000 0.009
6660.00000 0.00957
6661.00000 0.00946
6662.00000 0.00885
6663.00000 0.00867
6664.00000 0.00847
6665.00000 0.00966
6666.00000 0.00838
6667.00000 0.00836
6668.00000 0.00868
6669.00000 0.00851
6670.00000 0.00928
6671.00000 0.00905
6672.00000 0.0092
6673.00000 0.00894
6674.00000 0.00848
6675.00000 0.00928
6676.00000 0.00887
6677.00000 0.00946
6678.00000 0.00864
6679.00000 0.00871
6680.00000 0.00891
7348.00000 0.0
