threeML/data/optical_filters/CFHT/CFHT-cfh2505.ecsv
# %ECSV 0.9
# ---
# datatype:
# - {name: wavelength, unit: Angstrom, datatype: float32}
# - {name: response, datatype: float32}
# meta: !!omap
# - {band_name: cfh2505}
# - {group_name: CFHT}
wavelength response
4032.00000 0.0
4480.00000 0.01065
4500.00000 0.03027
4520.00000 0.06735
4540.00000 0.12358
4560.00000 0.19525
4580.00000 0.27486
4600.00000 0.35449
4620.00000 0.42708
4640.00000 0.48969
4660.00000 0.54105
4680.00000 0.58078
4700.00000 0.61101
4720.00000 0.63438
4740.00000 0.6539
4760.00000 0.67162
4780.00000 0.68843
4800.00000 0.70413
4820.00000 0.71812
4840.00000 0.72963
4860.00000 0.73755
4880.00000 0.74133
4900.00000 0.74139
4920.00000 0.73849
4940.00000 0.73378
4960.00000 0.72864
4980.00000 0.72502
5000.00000 0.72394
5020.00000 0.72552
5040.00000 0.72911
5060.00000 0.73322
5080.00000 0.73668
5100.00000 0.73817
5120.00000 0.73692
5140.00000 0.73303
5160.00000 0.72711
5180.00000 0.72025
5200.00000 0.71356
5220.00000 0.70818
5240.00000 0.70465
5260.00000 0.70381
5280.00000 0.70569
5300.00000 0.71063
5320.00000 0.71803
5340.00000 0.72566
5360.00000 0.73289
5380.00000 0.7388
5400.00000 0.74211
5420.00000 0.74211
5440.00000 0.7386
5460.00000 0.73177
5480.00000 0.72244
5500.00000 0.71222
5520.00000 0.70262
5540.00000 0.6945
5560.00000 0.68938
5580.00000 0.68796
5600.00000 0.6902
5620.00000 0.69618
5640.00000 0.70537
5660.00000 0.71684
5680.00000 0.72968
5700.00000 0.74229
5720.00000 0.75238
5740.00000 0.75873
5760.00000 0.76044
5780.00000 0.75677
5800.00000 0.74849
5820.00000 0.73668
5840.00000 0.72272
5860.00000 0.7083
5880.00000 0.69498
5900.00000 0.68405
5920.00000 0.67645
5940.00000 0.67267
5960.00000 0.67287
5980.00000 0.67661
6000.00000 0.68286
6020.00000 0.69084
6040.00000 0.69914
6060.00000 0.70599
6080.00000 0.7095
6100.00000 0.70844
6120.00000 0.70178
6140.00000 0.68932
6160.00000 0.67172
6180.00000 0.64984
6200.00000 0.62473
6220.00000 0.59619
6240.00000 0.56311
6260.00000 0.52402
6280.00000 0.4774
6300.00000 0.42317
6320.00000 0.36273
6340.00000 0.29968
6360.00000 0.23888
6380.00000 0.18474
6400.00000 0.14023
6420.00000 0.1053
6440.00000 0.07845
6460.00000 0.05815
6480.00000 0.04324
6500.00000 0.03246
6520.00000 0.02469
6540.00000 0.01898
6560.00000 0.01469
6580.00000 0.01155
6600.00000 0.0092
6620.00000 0.00742
6640.00000 0.00603
6660.00000 0.00491
6680.00000 0.00406
7348.00000 0.0
