threeML/data/optical_filters/CFHT/CFHT-cfh6322.ecsv
# %ECSV 0.9
# ---
# datatype:
# - {name: wavelength, unit: Angstrom, datatype: float32}
# - {name: response, datatype: float32}
# meta: !!omap
# - {band_name: cfh6322}
# - {group_name: CFHT}
wavelength response
20680.19922 0.0
22978.00000 0.03352
22980.00000 0.03363
22982.00000 0.03375
22984.00000 0.03387
22986.00000 0.03398
22988.00000 0.0341
22990.00000 0.03423
22992.00000 0.03435
22994.00000 0.03447
22996.00000 0.03459
22998.00000 0.03473
23000.00000 0.03487
23002.00000 0.035
23004.00000 0.03514
23006.00000 0.03529
23008.00000 0.03545
23010.00000 0.0356
23012.00000 0.03575
23014.00000 0.0359
23016.00000 0.03607
23018.00000 0.03624
23020.00000 0.03642
23022.00000 0.03659
23024.00000 0.03677
23026.00000 0.03696
23028.00000 0.03716
23030.00000 0.03734
23032.00000 0.03755
23034.00000 0.03775
23036.00000 0.03796
23038.00000 0.03818
23040.00000 0.03839
23042.00000 0.03864
23044.00000 0.03886
23046.00000 0.03909
23048.00000 0.03935
23050.00000 0.03961
23052.00000 0.03987
23054.00000 0.04013
23056.00000 0.04042
23058.00000 0.0407
23060.00000 0.04099
23062.00000 0.04129
23064.00000 0.04161
23066.00000 0.04193
23068.00000 0.04227
23070.00000 0.0426
23072.00000 0.04295
23074.00000 0.04332
23076.00000 0.04369
23078.00000 0.04407
23080.00000 0.04448
23082.00000 0.04488
23084.00000 0.0453
23086.00000 0.04573
23088.00000 0.04619
23090.00000 0.04666
23092.00000 0.04713
23094.00000 0.04764
23096.00000 0.04816
23098.00000 0.04868
23100.00000 0.04922
23102.00000 0.0498
23104.00000 0.05038
23106.00000 0.05099
23108.00000 0.05162
23110.00000 0.05228
23112.00000 0.05295
23114.00000 0.05365
23116.00000 0.05438
23118.00000 0.05515
23120.00000 0.05592
23122.00000 0.05673
23124.00000 0.05757
23126.00000 0.05844
23128.00000 0.05936
23130.00000 0.06029
23132.00000 0.06126
23134.00000 0.06229
23136.00000 0.06335
23138.00000 0.06445
23140.00000 0.06558
23142.00000 0.06677
23144.00000 0.06801
23146.00000 0.06929
23148.00000 0.07063
23150.00000 0.07202
23152.00000 0.07347
23154.00000 0.07497
23156.00000 0.07652
23158.00000 0.07817
23160.00000 0.07986
23162.00000 0.08162
23164.00000 0.08345
23166.00000 0.08534
23168.00000 0.08733
23170.00000 0.08937
23172.00000 0.09152
23174.00000 0.09372
23176.00000 0.09602
23178.00000 0.09842
23180.00000 0.10091
23182.00000 0.10349
23184.00000 0.10619
23186.00000 0.10898
23188.00000 0.11189
23190.00000 0.11488
23192.00000 0.118
23194.00000 0.12123
23196.00000 0.12459
23198.00000 0.12808
23200.00000 0.13168
23202.00000 0.13542
23204.00000 0.1393
23206.00000 0.14328
23208.00000 0.14742
23210.00000 0.15169
23212.00000 0.1561
23214.00000 0.16063
23216.00000 0.16528
23218.00000 0.17006
23220.00000 0.17497
23222.00000 0.18001
23224.00000 0.18518
23226.00000 0.19048
23228.00000 0.19588
23230.00000 0.20139
23232.00000 0.20702
23234.00000 0.21272
23236.00000 0.21851
23238.00000 0.22438
23240.00000 0.23036
23242.00000 0.2364
23244.00000 0.24249
23246.00000 0.24866
23248.00000 0.25485
23250.00000 0.26112
23252.00000 0.26743
23254.00000 0.27374
23256.00000 0.28008
23258.00000 0.28639
23260.00000 0.29271
23262.00000 0.29901
23264.00000 0.30528
23266.00000 0.31152
23268.00000 0.31773
23270.00000 0.3239
23272.00000 0.32997
23274.00000 0.33595
23276.00000 0.34187
23278.00000 0.34766
23280.00000 0.35335
23282.00000 0.35892
23284.00000 0.36432
23286.00000 0.3696
23288.00000 0.37471
23290.00000 0.3797
23292.00000 0.38451
23294.00000 0.38914
23296.00000 0.39359
23298.00000 0.39787
23300.00000 0.40193
23302.00000 0.40584
23304.00000 0.40952
23306.00000 0.41302
23308.00000 0.41629
23310.00000 0.41939
23312.00000 0.42226
23314.00000 0.42496
23316.00000 0.42744
23318.00000 0.42975
23320.00000 0.43185
23322.00000 0.43375
23324.00000 0.43546
23326.00000 0.43698
23328.00000 0.43832
23330.00000 0.4395
23332.00000 0.44052
23334.00000 0.44138
23336.00000 0.44208
23338.00000 0.44263
23340.00000 0.44305
23342.00000 0.44334
23344.00000 0.44351
23346.00000 0.44357
23348.00000 0.44351
23350.00000 0.44337
23352.00000 0.44313
23354.00000 0.44283
23356.00000 0.44244
23358.00000 0.44199
23360.00000 0.44148
23362.00000 0.44092
23364.00000 0.44032
23366.00000 0.43968
23368.00000 0.43901
23370.00000 0.43831
23372.00000 0.43758
23374.00000 0.43683
23376.00000 0.43608
23378.00000 0.4353
23380.00000 0.43452
23382.00000 0.43375
23384.00000 0.43298
23386.00000 0.43219
23388.00000 0.4314
23390.00000 0.43062
23392.00000 0.42981
23394.00000 0.429
23396.00000 0.42819
23398.00000 0.42737
23400.00000 0.42653
23402.00000 0.42567
23404.00000 0.42479
23406.00000 0.4239
23408.00000 0.42297
23410.00000 0.42201
23412.00000 0.42099
23414.00000 0.41992
23416.00000 0.41879
23418.00000 0.41762
23420.00000 0.41638
23422.00000 0.41504
23424.00000 0.41364
23426.00000 0.41216
23428.00000 0.41055
23430.00000 0.40884
23432.00000 0.40706
23434.00000 0.40515
23436.00000 0.40312
23438.00000 0.40099
23440.00000 0.3987
23442.00000 0.39629
23444.00000 0.39375
23446.00000 0.39108
23448.00000 0.38826
23450.00000 0.38531
23452.00000 0.38219
23454.00000 0.37895
23456.00000 0.37555
23458.00000 0.37201
23460.00000 0.36835
23462.00000 0.36453
23464.00000 0.36058
23466.00000 0.35649
23468.00000 0.35223
23470.00000 0.34785
23472.00000 0.34334
23474.00000 0.33871
23476.00000 0.33395
23478.00000 0.3291
23480.00000 0.3241
23482.00000 0.319
23484.00000 0.3138
23486.00000 0.30852
23488.00000 0.30315
23490.00000 0.29771
23492.00000 0.29218
23494.00000 0.28659
23496.00000 0.28093
23498.00000 0.27525
23500.00000 0.26955
23502.00000 0.26381
23504.00000 0.25809
23506.00000 0.25233
23508.00000 0.24658
23510.00000 0.24083
23512.00000 0.23514
23514.00000 0.22946
23516.00000 0.22383
23518.00000 0.21828
23520.00000 0.21275
23522.00000 0.20729
23524.00000 0.20192
23526.00000 0.19662
23528.00000 0.19142
23530.00000 0.18631
23532.00000 0.18127
23534.00000 0.17635
23536.00000 0.17152
23538.00000 0.16679
23540.00000 0.1622
23542.00000 0.1577
23544.00000 0.15334
23546.00000 0.14906
23548.00000 0.14491
23550.00000 0.14084
23552.00000 0.13692
23554.00000 0.13309
23556.00000 0.12938
23558.00000 0.12578
23560.00000 0.12228
23562.00000 0.1189
23564.00000 0.1156
23566.00000 0.11243
23568.00000 0.10936
23570.00000 0.10638
23572.00000 0.10353
23574.00000 0.10075
23576.00000 0.09808
23578.00000 0.0955
23580.00000 0.09303
23582.00000 0.09064
23584.00000 0.08835
23586.00000 0.08614
23588.00000 0.08403
23590.00000 0.08197
23592.00000 0.08003
23594.00000 0.07816
23596.00000 0.07637
23598.00000 0.07466
23600.00000 0.07301
23602.00000 0.07143
23604.00000 0.06992
23606.00000 0.06847
23608.00000 0.06709
23610.00000 0.06575
23612.00000 0.06448
23614.00000 0.06325
23616.00000 0.06207
23618.00000 0.06094
23620.00000 0.05986
23622.00000 0.05881
23624.00000 0.0578
23626.00000 0.05684
23628.00000 0.05591
23630.00000 0.05501
23632.00000 0.05415
23634.00000 0.05333
23636.00000 0.05252
23638.00000 0.05176
23640.00000 0.05101
23642.00000 0.05029
23644.00000 0.04962
23646.00000 0.04895
23648.00000 0.04832
23650.00000 0.04771
23652.00000 0.04712
23654.00000 0.04655
23656.00000 0.04602
23658.00000 0.04547
23660.00000 0.04497
23662.00000 0.04448
23664.00000 0.04401
23666.00000 0.04355
23668.00000 0.04311
23670.00000 0.04269
23672.00000 0.0423
23674.00000 0.0419
23676.00000 0.04153
23678.00000 0.04117
23680.00000 0.04082
23682.00000 0.04048
23684.00000 0.04016
23686.00000 0.03986
23688.00000 0.03955
23690.00000 0.03926
23692.00000 0.03899
23694.00000 0.03871
23696.00000 0.03845
23698.00000 0.03819
23700.00000 0.03795
23702.00000 0.0377
23704.00000 0.03748
23706.00000 0.03725
23708.00000 0.03702
23710.00000 0.0368
23712.00000 0.03661
23714.00000 0.03639
23716.00000 0.03621
23718.00000 0.03603
23720.00000 0.03584
23722.00000 0.03566
23724.00000 0.03549
23726.00000 0.03532
23728.00000 0.03516
23730.00000 0.035
23732.00000 0.03485
23734.00000 0.0347
23736.00000 0.03456
23738.00000 0.03442
23740.00000 0.0343
23742.00000 0.03416
23744.00000 0.03404
23746.00000 0.03392
23748.00000 0.0338
23750.00000 0.03369
23752.00000 0.03357
23754.00000 0.03346
23756.00000 0.03336
23758.00000 0.03326
23760.00000 0.03317
23762.00000 0.03307
23764.00000 0.03297
23766.00000 0.03288
23768.00000 0.03279
23770.00000 0.03271
23772.00000 0.03264
23774.00000 0.03255
23776.00000 0.03247
26153.59961 0.0
