threeML/data/optical_filters/CFHT/CFHT-cfh5132.ecsv
# %ECSV 0.9
# ---
# datatype:
# - {name: wavelength, unit: Angstrom, datatype: float32}
# - {name: response, datatype: float32}
# meta: !!omap
# - {band_name: cfh5132}
# - {group_name: CFHT}
wavelength response
10224.00000 0.0
11360.00000 0.00401
11380.00000 0.00443
11400.00000 0.00499
11420.00000 0.0058
11440.00000 0.00687
11460.00000 0.00864
11480.00000 0.01141
11500.00000 0.01523
11520.00000 0.02106
11540.00000 0.02982
11560.00000 0.04207
11580.00000 0.06007
11600.00000 0.08783
11620.00000 0.13083
11640.00000 0.19785
11660.00000 0.29651
11680.00000 0.42946
11700.00000 0.58014
11720.00000 0.70892
11740.00000 0.78513
11760.00000 0.80949
11780.00000 0.80533
11800.00000 0.79492
11820.00000 0.78893
11840.00000 0.79002
11860.00000 0.79655
11880.00000 0.80536
11900.00000 0.8141
11920.00000 0.8214
11940.00000 0.82668
11960.00000 0.83014
11980.00000 0.83211
12000.00000 0.83318
12020.00000 0.83403
12040.00000 0.83487
12060.00000 0.83592
12080.00000 0.8372
12100.00000 0.83875
12120.00000 0.84109
12140.00000 0.84402
12160.00000 0.84717
12180.00000 0.85027
12200.00000 0.85274
12220.00000 0.8537
12240.00000 0.85231
12260.00000 0.84842
12280.00000 0.84174
12300.00000 0.83315
12320.00000 0.82343
12340.00000 0.81316
12360.00000 0.80359
12380.00000 0.79579
12400.00000 0.79083
12420.00000 0.78947
12440.00000 0.79176
12460.00000 0.79733
12480.00000 0.806
12500.00000 0.8174
12520.00000 0.83014
12540.00000 0.8432
12560.00000 0.85579
12580.00000 0.86809
12600.00000 0.87914
12620.00000 0.88744
12640.00000 0.89351
12660.00000 0.89777
12680.00000 0.90063
12700.00000 0.90215
12720.00000 0.90236
12740.00000 0.90146
12760.00000 0.89938
12780.00000 0.8959
12800.00000 0.89146
12820.00000 0.88658
12840.00000 0.88135
12860.00000 0.87599
12880.00000 0.87114
12900.00000 0.86732
12920.00000 0.86504
12940.00000 0.86472
12960.00000 0.86639
12980.00000 0.86969
13000.00000 0.87447
13020.00000 0.87962
13040.00000 0.88307
13060.00000 0.88377
13080.00000 0.88054
13100.00000 0.87262
13120.00000 0.86081
13140.00000 0.84724
13160.00000 0.83539
13180.00000 0.82896
13200.00000 0.82983
13220.00000 0.83665
13240.00000 0.84039
13260.00000 0.81976
13280.00000 0.74687
13300.00000 0.61354
13320.00000 0.44952
13340.00000 0.29964
13360.00000 0.19093
13380.00000 0.12129
13400.00000 0.07796
13420.00000 0.05194
13440.00000 0.03589
13460.00000 0.02567
13480.00000 0.01903
13500.00000 0.01468
13520.00000 0.01178
13540.00000 0.00967
13560.00000 0.00813
13580.00000 0.00702
13600.00000 0.00613
13620.00000 0.00549
13640.00000 0.00505
13660.00000 0.00464
13680.00000 0.00432
13700.00000 0.00412
15070.00000 0.0
