threeML/data/optical_filters/CFHT/CFHT-cfh5305.ecsv
# %ECSV 0.9
# ---
# datatype:
# - {name: wavelength, unit: Angstrom, datatype: float32}
# - {name: response, datatype: float32}
# meta: !!omap
# - {band_name: cfh5305}
# - {group_name: CFHT}
wavelength response
18094.50000 0.0
20105.00000 0.00673
20110.00000 0.00955
20115.00000 0.00287
20120.00000 0.00287
20125.00000 0.00578
20130.00000 0.00192
20135.00000 0.00577
20140.00000 0.00479
20145.00000 0.00385
20150.00000 0.00479
20155.00000 0.00385
20160.00000 0.00288
20165.00000 0.00578
20170.00000 0.00676
20175.00000 0.00676
20180.00000 0.0029
20185.00000 0.00385
20190.00000 0.00482
20195.00000 0.00676
20200.00000 0.00578
20205.00000 0.00484
20210.00000 0.00389
20215.00000 0.00096
20220.00000 0.00682
20225.00000 0.00583
20230.00000 0.00386
20235.00000 0.00096
20240.00000 0.00485
20245.00000 0.00584
20250.00000 0.00388
20255.00000 0.00487
20260.00000 0.00684
20265.00000 0.00389
20270.00000 0.00293
20275.00000 0.00098
20280.00000 0.00687
20285.00000 0.00394
20290.00000 0.0049
20295.00000 0.0
20300.00000 0.00587
20305.00000 0.00389
20310.00000 0.0
20315.00000 0.00586
20320.00000 0.00394
20325.00000 0.00195
20330.00000 0.00688
20335.00000 0.00296
20340.00000 0.00496
20345.00000 0.00595
20350.00000 0.00494
20355.00000 0.00395
20360.00000 0.0079
20365.00000 0.00494
20370.00000 0.00691
20375.00000 0.00894
20380.00000 0.00793
20385.00000 0.00696
20390.00000 0.00098
20395.00000 0.00595
20400.00000 0.00891
20405.00000 0.00497
20410.00000 0.00398
20415.00000 0.00398
20420.00000 0.006
20425.00000 0.00999
20430.00000 0.007
20435.00000 0.00902
20440.00000 0.006
20445.00000 0.00801
20450.00000 0.00902
20455.00000 0.00702
20460.00000 0.01302
20465.00000 0.01303
20470.00000 0.01903
20475.00000 0.01308
20480.00000 0.01813
20485.00000 0.01816
20490.00000 0.02219
20495.00000 0.01817
20500.00000 0.02338
20505.00000 0.02635
20510.00000 0.03052
20515.00000 0.0415
20520.00000 0.04596
20525.00000 0.052
20530.00000 0.06625
20535.00000 0.07518
20540.00000 0.09967
20545.00000 0.11926
20550.00000 0.1478
20555.00000 0.16324
20560.00000 0.21394
20565.00000 0.24838
20570.00000 0.29988
20575.00000 0.33244
20580.00000 0.40176
20585.00000 0.44518
20590.00000 0.49083
20595.00000 0.51512
20600.00000 0.56061
20605.00000 0.58682
20610.00000 0.59254
20615.00000 0.59782
20620.00000 0.62125
20625.00000 0.63428
20630.00000 0.63623
20635.00000 0.64706
20640.00000 0.66771
20645.00000 0.68001
20650.00000 0.69002
20655.00000 0.70386
20660.00000 0.72557
20665.00000 0.74403
20670.00000 0.76134
20675.00000 0.77301
20680.00000 0.79111
20685.00000 0.7997
20690.00000 0.80502
20695.00000 0.81018
20700.00000 0.81786
20705.00000 0.82483
20710.00000 0.82268
20715.00000 0.8159
20720.00000 0.81105
20725.00000 0.80956
20730.00000 0.80618
20735.00000 0.79633
20740.00000 0.79164
20745.00000 0.79544
20750.00000 0.79004
20755.00000 0.78889
20760.00000 0.78967
20765.00000 0.79335
20770.00000 0.77319
20775.00000 0.7585
20780.00000 0.73703
20785.00000 0.70789
20790.00000 0.64316
20795.00000 0.59843
20800.00000 0.52765
20805.00000 0.45776
20810.00000 0.3766
20815.00000 0.33136
20820.00000 0.26561
20825.00000 0.22337
20830.00000 0.17709
20835.00000 0.14946
20840.00000 0.1171
20845.00000 0.09773
20850.00000 0.07651
20855.00000 0.06831
20860.00000 0.0574
20865.00000 0.04654
20870.00000 0.04004
20875.00000 0.03433
20880.00000 0.02676
20885.00000 0.0256
20890.00000 0.01898
20895.00000 0.01787
20900.00000 0.0201
20905.00000 0.01463
20910.00000 0.01344
20915.00000 0.0135
20920.00000 0.01015
20925.00000 0.01126
20930.00000 0.01019
20935.00000 0.01247
20940.00000 0.00908
20945.00000 0.00912
20950.00000 0.00682
20955.00000 0.00912
20960.00000 0.00916
20965.00000 0.01028
20970.00000 0.00795
20975.00000 0.00572
20980.00000 0.008
20985.00000 0.01143
23083.50000 0.0
