threeML/data/optical_filters/CFHT/CFHT-cfh1620.ecsv
# %ECSV 0.9
# ---
# datatype:
# - {name: wavelength, unit: Angstrom, datatype: float32}
# - {name: response, datatype: float32}
# meta: !!omap
# - {band_name: cfh1620}
# - {group_name: CFHT}
wavelength response
5976.00000 0.0
6640.00000 0.00403
6641.00000 0.00433
6642.00000 0.00398
6643.00000 0.00459
6644.00000 0.00461
6645.00000 0.00558
6646.00000 0.00539
6647.00000 0.00516
6648.00000 0.00552
6649.00000 0.00606
6650.00000 0.00626
6651.00000 0.0061
6652.00000 0.00673
6653.00000 0.00699
6654.00000 0.00714
6655.00000 0.00792
6656.00000 0.00813
6657.00000 0.00813
6658.00000 0.00926
6659.00000 0.00925
6660.00000 0.01045
6661.00000 0.01073
6662.00000 0.01117
6663.00000 0.01149
6664.00000 0.01129
6665.00000 0.01353
6666.00000 0.01366
6667.00000 0.01353
6668.00000 0.01529
6669.00000 0.01624
6670.00000 0.01813
6671.00000 0.01802
6672.00000 0.01843
6673.00000 0.02103
6674.00000 0.02174
6675.00000 0.02313
6676.00000 0.02452
6677.00000 0.02702
6678.00000 0.02808
6679.00000 0.03058
6680.00000 0.03192
6681.00000 0.03401
6682.00000 0.03725
6683.00000 0.0397
6684.00000 0.04189
6685.00000 0.04521
6686.00000 0.04869
6687.00000 0.05231
6688.00000 0.0569
6689.00000 0.05963
6690.00000 0.06581
6691.00000 0.06943
6692.00000 0.0761
6693.00000 0.08197
6694.00000 0.08839
6695.00000 0.09689
6696.00000 0.10368
6697.00000 0.11252
6698.00000 0.12369
6699.00000 0.13219
6700.00000 0.145
6701.00000 0.15834
6702.00000 0.16743
6703.00000 0.18373
6704.00000 0.20053
6705.00000 0.21228
6706.00000 0.23199
6707.00000 0.2524
6708.00000 0.26929
6709.00000 0.28883
6710.00000 0.31354
6711.00000 0.33658
6712.00000 0.35648
6713.00000 0.38254
6714.00000 0.40417
6715.00000 0.42734
6716.00000 0.44583
6717.00000 0.46887
6718.00000 0.48883
6719.00000 0.50481
6720.00000 0.51802
6721.00000 0.53709
6722.00000 0.55197
6723.00000 0.565
6724.00000 0.57611
6725.00000 0.58334
6726.00000 0.59709
6727.00000 0.59454
6728.00000 0.60242
6729.00000 0.60663
6730.00000 0.61122
6731.00000 0.60876
6732.00000 0.60922
6733.00000 0.61243
6734.00000 0.61292
6735.00000 0.6136
6736.00000 0.60966
6737.00000 0.60806
6738.00000 0.60464
6739.00000 0.59964
6740.00000 0.59192
6741.00000 0.58968
6742.00000 0.58449
6743.00000 0.58005
6744.00000 0.56778
6745.00000 0.55389
6746.00000 0.54201
6747.00000 0.52655
6748.00000 0.50774
6749.00000 0.49522
6750.00000 0.47575
6751.00000 0.455
6752.00000 0.43318
6753.00000 0.41478
6754.00000 0.39021
6755.00000 0.36775
6756.00000 0.3452
6757.00000 0.32188
6758.00000 0.3037
6759.00000 0.28271
6760.00000 0.26794
6761.00000 0.24193
6762.00000 0.22476
6763.00000 0.2097
6764.00000 0.19226
6765.00000 0.18018
6766.00000 0.16287
6767.00000 0.14957
6768.00000 0.1398
6769.00000 0.12814
6770.00000 0.11803
6771.00000 0.10901
6772.00000 0.10184
6773.00000 0.09395
6774.00000 0.0872
6775.00000 0.07953
6776.00000 0.07448
6777.00000 0.06927
6778.00000 0.06364
6779.00000 0.05998
6780.00000 0.05597
6781.00000 0.05176
6782.00000 0.04901
6783.00000 0.04539
6784.00000 0.04211
6785.00000 0.03906
6786.00000 0.03664
6787.00000 0.03491
6788.00000 0.03198
6789.00000 0.03059
6790.00000 0.02995
6791.00000 0.0262
6792.00000 0.02489
6793.00000 0.02321
6794.00000 0.02299
6795.00000 0.02219
6796.00000 0.02023
6797.00000 0.01837
6798.00000 0.01814
6799.00000 0.01793
6800.00000 0.01572
6801.00000 0.01546
6802.00000 0.01492
6803.00000 0.0132
6804.00000 0.01305
6805.00000 0.01352
6806.00000 0.01215
6807.00000 0.01085
6808.00000 0.011
6809.00000 0.01042
6810.00000 0.00955
6811.00000 0.00911
6812.00000 0.00911
6813.00000 0.00824
6814.00000 0.0081
6815.00000 0.00732
6816.00000 0.00694
6817.00000 0.00668
6818.00000 0.00679
6819.00000 0.00621
6820.00000 0.00664
6821.00000 0.00623
6822.00000 0.0058
6823.00000 0.00615
6824.00000 0.00555
6825.00000 0.00551
6826.00000 0.00493
6827.00000 0.00404
6828.00000 0.00426
6829.00000 0.00424
7511.89990 0.0
