threeML/data/optical_filters/CFHT/CFHT-cfh6106.ecsv
# %ECSV 0.9
# ---
# datatype:
# - {name: wavelength, unit: Angstrom, datatype: float32}
# - {name: response, datatype: float32}
# meta: !!omap
# - {band_name: cfh6106}
# - {group_name: CFHT}
wavelength response
9702.00000 0.0
10780.00000 0.00443
10800.00000 0.00545
10820.00000 0.0071
10840.00000 0.0089
10860.00000 0.01012
10880.00000 0.01077
10900.00000 0.01157
10920.00000 0.0139
10940.00000 0.019
10960.00000 0.02536
10980.00000 0.02994
11000.00000 0.03302
11020.00000 0.03735
11040.00000 0.04495
11060.00000 0.05817
11080.00000 0.07449
11100.00000 0.088
11120.00000 0.09937
11140.00000 0.11411
11160.00000 0.13716
11180.00000 0.16823
11200.00000 0.20006
11220.00000 0.22643
11240.00000 0.24985
11260.00000 0.27733
11280.00000 0.31227
11300.00000 0.34958
11320.00000 0.37964
11340.00000 0.39922
11360.00000 0.41426
11380.00000 0.43263
11400.00000 0.45587
11420.00000 0.47977
11440.00000 0.49663
11460.00000 0.50444
11480.00000 0.50859
11500.00000 0.51526
11520.00000 0.52827
11540.00000 0.54295
11560.00000 0.55264
11580.00000 0.55592
11600.00000 0.55702
11620.00000 0.56294
11640.00000 0.57391
11660.00000 0.5847
11680.00000 0.59061
11700.00000 0.59033
11720.00000 0.58702
11740.00000 0.58498
11760.00000 0.58849
11780.00000 0.59698
11800.00000 0.60222
11820.00000 0.59822
11840.00000 0.58925
11860.00000 0.58243
11880.00000 0.57916
11900.00000 0.57774
11920.00000 0.57803
11940.00000 0.57867
11960.00000 0.57574
11980.00000 0.56982
12000.00000 0.56645
12020.00000 0.56705
12040.00000 0.56688
12060.00000 0.56345
12080.00000 0.56165
12100.00000 0.56601
12120.00000 0.5735
12140.00000 0.57841
12160.00000 0.58153
12180.00000 0.58669
12200.00000 0.59239
12220.00000 0.59647
12240.00000 0.60248
12260.00000 0.61562
12280.00000 0.63159
12300.00000 0.64157
12320.00000 0.64497
12340.00000 0.64447
12360.00000 0.63684
12380.00000 0.61298
12400.00000 0.57539
12420.00000 0.53242
12440.00000 0.48331
12460.00000 0.42764
12480.00000 0.36777
12500.00000 0.30565
12520.00000 0.24358
12540.00000 0.18794
12560.00000 0.14493
12580.00000 0.11406
12600.00000 0.09143
12620.00000 0.07375
12640.00000 0.05873
12660.00000 0.04565
12680.00000 0.03499
12700.00000 0.02696
12720.00000 0.02103
12740.00000 0.01692
12760.00000 0.01411
12780.00000 0.01187
12800.00000 0.0099
12820.00000 0.00813
12840.00000 0.00668
12860.00000 0.00551
12880.00000 0.00459
14168.00000 0.0
