threeML/data/optical_filters/CFHT/CFHT-cfh5321.ecsv
# %ECSV 0.9
# ---
# datatype:
# - {name: wavelength, unit: Angstrom, datatype: float32}
# - {name: response, datatype: float32}
# meta: !!omap
# - {band_name: cfh5321}
# - {group_name: CFHT}
wavelength response
17172.00000 0.0
19080.00000 0.00403
19100.00000 0.0043
19120.00000 0.00464
19140.00000 0.00516
19160.00000 0.00603
19180.00000 0.00676
19200.00000 0.007
19220.00000 0.00777
19240.00000 0.00883
19260.00000 0.00963
19280.00000 0.01053
19300.00000 0.01184
19320.00000 0.01309
19340.00000 0.01437
19360.00000 0.01605
19380.00000 0.01772
19400.00000 0.01959
19420.00000 0.0219
19440.00000 0.0242
19460.00000 0.02682
19480.00000 0.02975
19500.00000 0.03294
19520.00000 0.0363
19540.00000 0.04012
19560.00000 0.04419
19580.00000 0.04836
19600.00000 0.05305
19620.00000 0.05794
19640.00000 0.06329
19660.00000 0.06912
19680.00000 0.075
19700.00000 0.08186
19720.00000 0.08983
19740.00000 0.09834
19760.00000 0.1076
19780.00000 0.11757
19800.00000 0.12869
19820.00000 0.14108
19840.00000 0.15465
19860.00000 0.16978
19880.00000 0.18607
19900.00000 0.2039
19920.00000 0.22314
19940.00000 0.24397
19960.00000 0.26703
19980.00000 0.29169
20000.00000 0.31786
20020.00000 0.34521
20040.00000 0.37444
20060.00000 0.40489
20080.00000 0.43533
20100.00000 0.46609
20120.00000 0.49716
20140.00000 0.52721
20160.00000 0.55537
20180.00000 0.5822
20200.00000 0.60735
20220.00000 0.63017
20240.00000 0.65051
20260.00000 0.66795
20280.00000 0.68242
20300.00000 0.69455
20320.00000 0.70436
20340.00000 0.71205
20360.00000 0.71808
20380.00000 0.72311
20400.00000 0.72722
20420.00000 0.73048
20440.00000 0.73311
20460.00000 0.73524
20480.00000 0.73727
20500.00000 0.73914
20520.00000 0.74103
20540.00000 0.7431
20560.00000 0.74486
20580.00000 0.74634
20600.00000 0.74828
20620.00000 0.74985
20640.00000 0.7518
20660.00000 0.75391
20680.00000 0.75504
20700.00000 0.75648
20720.00000 0.75809
20740.00000 0.75931
20760.00000 0.76035
20780.00000 0.76094
20800.00000 0.7612
20820.00000 0.76157
20840.00000 0.76178
20860.00000 0.76201
20880.00000 0.76199
20900.00000 0.76202
20920.00000 0.76202
20940.00000 0.76164
20960.00000 0.7612
20980.00000 0.76054
21000.00000 0.76033
21020.00000 0.76041
21040.00000 0.76018
21060.00000 0.76001
21080.00000 0.76025
21100.00000 0.76059
21120.00000 0.76125
21140.00000 0.76176
21160.00000 0.76224
21180.00000 0.76331
21200.00000 0.76456
21220.00000 0.76572
21240.00000 0.76698
21260.00000 0.76855
21280.00000 0.77017
21300.00000 0.77174
21320.00000 0.77374
21340.00000 0.776
21360.00000 0.77782
21380.00000 0.77951
21400.00000 0.78125
21420.00000 0.78329
21440.00000 0.78577
21460.00000 0.78729
21480.00000 0.78915
21500.00000 0.79135
21520.00000 0.79202
21540.00000 0.79279
21560.00000 0.79396
21580.00000 0.79489
21600.00000 0.79541
21620.00000 0.79572
21640.00000 0.79659
21660.00000 0.79742
21680.00000 0.79709
21700.00000 0.79674
21720.00000 0.79691
21740.00000 0.7972
21760.00000 0.79646
21780.00000 0.7951
21800.00000 0.79486
21820.00000 0.79398
21840.00000 0.79308
21860.00000 0.79303
21880.00000 0.79269
21900.00000 0.79189
21920.00000 0.79117
21940.00000 0.79059
21960.00000 0.79008
21980.00000 0.78946
22000.00000 0.78894
22020.00000 0.78941
22040.00000 0.78981
22060.00000 0.78966
22080.00000 0.7899
22100.00000 0.7905
22120.00000 0.79086
22140.00000 0.79134
22160.00000 0.79239
22180.00000 0.79353
22200.00000 0.79411
22220.00000 0.79491
22240.00000 0.79607
22260.00000 0.79744
22280.00000 0.79861
22300.00000 0.79988
22320.00000 0.80144
22340.00000 0.80295
22360.00000 0.8047
22380.00000 0.80621
22400.00000 0.80745
22420.00000 0.80856
22440.00000 0.80994
22460.00000 0.81168
22480.00000 0.81273
22500.00000 0.81371
22520.00000 0.81485
22540.00000 0.81609
22560.00000 0.81703
22580.00000 0.81754
22600.00000 0.8183
22620.00000 0.81902
22640.00000 0.81963
22660.00000 0.81979
22680.00000 0.82033
22700.00000 0.82094
22720.00000 0.8208
22740.00000 0.82068
22760.00000 0.82034
22780.00000 0.81989
22800.00000 0.81932
22820.00000 0.81873
22840.00000 0.81805
22860.00000 0.81718
22880.00000 0.81665
22900.00000 0.81549
22920.00000 0.81422
22940.00000 0.81349
22960.00000 0.81229
22980.00000 0.81082
23000.00000 0.8092
23020.00000 0.80775
23040.00000 0.80611
23060.00000 0.80463
23080.00000 0.8035
23100.00000 0.80177
23120.00000 0.80025
23140.00000 0.79898
23160.00000 0.79768
23180.00000 0.7963
23200.00000 0.79472
23220.00000 0.79352
23240.00000 0.79251
23260.00000 0.79138
23280.00000 0.79013
23300.00000 0.78934
23320.00000 0.78839
23340.00000 0.7874
23360.00000 0.78639
23380.00000 0.78554
23400.00000 0.78561
23420.00000 0.78581
23440.00000 0.78549
23460.00000 0.78513
23480.00000 0.7849
23500.00000 0.78557
23520.00000 0.78606
23540.00000 0.78511
23560.00000 0.78529
23580.00000 0.78661
23600.00000 0.78749
23620.00000 0.78795
23640.00000 0.78902
23660.00000 0.79004
23680.00000 0.79063
23700.00000 0.79147
23720.00000 0.79262
23740.00000 0.79373
23760.00000 0.79465
23780.00000 0.79636
23800.00000 0.79791
23820.00000 0.79829
23840.00000 0.79976
23860.00000 0.80186
23880.00000 0.80263
23900.00000 0.80418
23920.00000 0.80609
23940.00000 0.80617
23960.00000 0.80646
23980.00000 0.80754
24000.00000 0.80852
24020.00000 0.80959
24040.00000 0.81052
24060.00000 0.81075
24080.00000 0.81114
24100.00000 0.81163
24120.00000 0.81145
24140.00000 0.81215
24160.00000 0.81172
24180.00000 0.81107
24200.00000 0.81209
24220.00000 0.81197
24240.00000 0.81082
24260.00000 0.81061
24280.00000 0.80956
24300.00000 0.80916
24320.00000 0.80847
24340.00000 0.80635
24360.00000 0.80563
24380.00000 0.80461
24400.00000 0.80397
24420.00000 0.80379
24440.00000 0.80225
24460.00000 0.80109
24480.00000 0.80023
24500.00000 0.79855
24520.00000 0.79762
24540.00000 0.79654
24560.00000 0.79536
24580.00000 0.79428
24600.00000 0.79353
24620.00000 0.79303
24640.00000 0.79164
24660.00000 0.79112
24680.00000 0.7907
24700.00000 0.79019
24720.00000 0.78938
24740.00000 0.7886
24760.00000 0.78903
24780.00000 0.78847
24800.00000 0.78833
24820.00000 0.78809
24840.00000 0.7874
24860.00000 0.78667
24880.00000 0.78677
24900.00000 0.7883
24920.00000 0.78926
24940.00000 0.78957
24960.00000 0.78952
24980.00000 0.79059
25000.00000 0.79146
25020.00000 0.79161
25040.00000 0.79169
25060.00000 0.79329
25080.00000 0.79469
25100.00000 0.79526
25120.00000 0.79628
25140.00000 0.79669
25160.00000 0.79759
25180.00000 0.79929
25200.00000 0.8008
25220.00000 0.80064
25240.00000 0.80031
25260.00000 0.80009
25280.00000 0.799
25300.00000 0.79956
25320.00000 0.79906
25340.00000 0.79816
25360.00000 0.79716
25380.00000 0.79234
25400.00000 0.78748
25420.00000 0.78534
25440.00000 0.77931
25460.00000 0.77039
25480.00000 0.76521
25500.00000 0.75746
25520.00000 0.74225
25540.00000 0.72937
25560.00000 0.71822
25580.00000 0.70807
25600.00000 0.69591
25620.00000 0.67131
25640.00000 0.659
25660.00000 0.64249
25680.00000 0.61588
25700.00000 0.59589
25720.00000 0.56934
25740.00000 0.53455
25760.00000 0.51082
25780.00000 0.49217
25800.00000 0.47009
25820.00000 0.45062
25840.00000 0.42136
25860.00000 0.39272
25880.00000 0.37067
25900.00000 0.35168
25920.00000 0.33081
25940.00000 0.30455
25960.00000 0.28358
25980.00000 0.26691
26000.00000 0.24657
26020.00000 0.23199
26040.00000 0.21298
26060.00000 0.19524
26080.00000 0.18582
26100.00000 0.17039
26120.00000 0.15836
26140.00000 0.14862
26160.00000 0.13721
26180.00000 0.12709
26200.00000 0.11465
26220.00000 0.1055
26240.00000 0.09975
26260.00000 0.09177
26280.00000 0.08456
26300.00000 0.07684
26320.00000 0.07202
26340.00000 0.06772
26360.00000 0.06247
26380.00000 0.05965
26400.00000 0.05582
26420.00000 0.05147
26440.00000 0.04753
26460.00000 0.04504
26480.00000 0.04207
26500.00000 0.03934
26520.00000 0.03603
26540.00000 0.03383
26560.00000 0.03229
26580.00000 0.0309
26600.00000 0.02937
26620.00000 0.02765
26640.00000 0.02713
26660.00000 0.02441
26680.00000 0.02026
26700.00000 0.02161
26720.00000 0.02164
26740.00000 0.01813
26760.00000 0.01903
26780.00000 0.01598
26800.00000 0.01317
26820.00000 0.01411
26840.00000 0.01311
26860.00000 0.01288
26880.00000 0.0127
26900.00000 0.01083
26920.00000 0.01042
26940.00000 0.00989
26960.00000 0.00858
26980.00000 0.0087
27000.00000 0.00879
27020.00000 0.00853
27040.00000 0.0079
27060.00000 0.00766
27080.00000 0.00766
27100.00000 0.00653
27120.00000 0.00566
27140.00000 0.0056
27160.00000 0.0056
27180.00000 0.00536
27200.00000 0.00499
27220.00000 0.00465
27240.00000 0.004
27260.00000 0.00403
27280.00000 0.00404
30008.00000 0.0
