threeML/data/optical_filters/CFHT/CFHT-cfh5330.ecsv
# %ECSV 0.9
# ---
# datatype:
# - {name: wavelength, unit: Angstrom, datatype: float32}
# - {name: response, datatype: float32}
# meta: !!omap
# - {band_name: cfh5330}
# - {group_name: CFHT}
wavelength response
18045.00000 0.0
20050.00000 0.00467
20055.00000 0.0
20060.00000 0.00465
20065.00000 0.0
20070.00000 0.0
20075.00000 0.0
20080.00000 0.0
20085.00000 0.00093
20090.00000 0.00093
20095.00000 0.0
20100.00000 0.0
20105.00000 0.00652
20110.00000 0.00279
20115.00000 0.00279
20120.00000 0.00279
20125.00000 0.00281
20130.00000 0.00092
20135.00000 0.0
20140.00000 0.00281
20145.00000 0.00093
20150.00000 0.00186
20155.00000 0.00282
20160.00000 0.00847
20165.00000 0.00467
20170.00000 0.0047
20175.00000 0.00188
20180.00000 0.0047
20185.00000 0.00661
20190.00000 0.00847
20195.00000 0.00658
20200.00000 0.00475
20205.00000 0.00757
20210.00000 0.00851
20215.00000 0.00757
20220.00000 0.00662
20225.00000 0.00475
20230.00000 0.00662
20235.00000 0.01048
20240.00000 0.01141
20245.00000 0.01617
20250.00000 0.01329
20255.00000 0.01428
20260.00000 0.01329
20265.00000 0.01814
20270.00000 0.0201
20275.00000 0.02295
20280.00000 0.02306
20285.00000 0.02679
20290.00000 0.02774
20295.00000 0.03241
20300.00000 0.03342
20305.00000 0.04205
20310.00000 0.04858
20315.00000 0.04982
20320.00000 0.05203
20325.00000 0.0616
20330.00000 0.06667
20335.00000 0.07401
20340.00000 0.08273
20345.00000 0.09618
20350.00000 0.10425
20355.00000 0.12151
20360.00000 0.13049
20365.00000 0.15182
20370.00000 0.16644
20375.00000 0.18953
20380.00000 0.20482
20385.00000 0.23405
20390.00000 0.25107
20395.00000 0.28709
20400.00000 0.30946
20405.00000 0.32915
20410.00000 0.35056
20415.00000 0.37621
20420.00000 0.39423
20425.00000 0.41756
20430.00000 0.42328
20435.00000 0.44691
20440.00000 0.45195
20445.00000 0.46014
20450.00000 0.45912
20455.00000 0.46095
20460.00000 0.46126
20465.00000 0.45529
20470.00000 0.45255
20475.00000 0.44441
20480.00000 0.44206
20485.00000 0.43098
20490.00000 0.42638
20495.00000 0.42168
20500.00000 0.41406
20505.00000 0.41393
20510.00000 0.4052
20515.00000 0.39542
20520.00000 0.39651
20525.00000 0.39232
20530.00000 0.38766
20535.00000 0.38904
20540.00000 0.38391
20545.00000 0.37897
20550.00000 0.37714
20555.00000 0.37302
20560.00000 0.37662
20565.00000 0.36484
20570.00000 0.35553
20575.00000 0.3575
20580.00000 0.3452
20585.00000 0.33832
20590.00000 0.32454
20595.00000 0.31908
20600.00000 0.29945
20605.00000 0.28842
20610.00000 0.27048
20615.00000 0.2562
20620.00000 0.24179
20625.00000 0.22275
20630.00000 0.20705
20635.00000 0.19337
20640.00000 0.17368
20645.00000 0.16383
20650.00000 0.1454
20655.00000 0.13628
20660.00000 0.11929
20665.00000 0.10626
20670.00000 0.10173
20675.00000 0.09142
20680.00000 0.08003
20685.00000 0.07272
20690.00000 0.06432
20695.00000 0.06407
20700.00000 0.05269
20705.00000 0.05278
20710.00000 0.04761
20715.00000 0.04259
20720.00000 0.03864
20725.00000 0.03232
20730.00000 0.03038
20735.00000 0.0314
20740.00000 0.02719
20745.00000 0.02507
20750.00000 0.02197
20755.00000 0.02188
20760.00000 0.01671
20765.00000 0.01668
20770.00000 0.01567
20775.00000 0.01677
20780.00000 0.01051
20785.00000 0.01364
20790.00000 0.01265
20795.00000 0.01056
20800.00000 0.01158
20805.00000 0.0116
20810.00000 0.01056
20815.00000 0.01262
20820.00000 0.00735
20825.00000 0.00633
20830.00000 0.01161
20835.00000 0.00636
22918.50000 0.0
