threeML/data/optical_filters/CFHT/CFHT-cfh1615.ecsv
# %ECSV 0.9
# ---
# datatype:
# - {name: wavelength, unit: Angstrom, datatype: float32}
# - {name: response, datatype: float32}
# meta: !!omap
# - {band_name: cfh1615}
# - {group_name: CFHT}
wavelength response
5875.20020 0.0
6528.00000 0.004
6529.00000 0.0032
6530.00000 0.00327
6531.00000 0.00374
6532.00000 0.00394
6533.00000 0.00452
6534.00000 0.00482
6535.00000 0.00452
6536.00000 0.00447
6537.00000 0.00545
6538.00000 0.00562
6539.00000 0.00597
6540.00000 0.00607
6541.00000 0.00655
6542.00000 0.00752
6543.00000 0.00739
6544.00000 0.00781
6545.00000 0.00813
6546.00000 0.00885
6547.00000 0.00946
6548.00000 0.01088
6549.00000 0.0112
6550.00000 0.01126
6551.00000 0.01257
6552.00000 0.01315
6553.00000 0.01437
6554.00000 0.01526
6555.00000 0.01695
6556.00000 0.01697
6557.00000 0.01923
6558.00000 0.02069
6559.00000 0.02275
6560.00000 0.02415
6561.00000 0.02556
6562.00000 0.02821
6563.00000 0.03049
6564.00000 0.03215
6565.00000 0.03604
6566.00000 0.03903
6567.00000 0.04279
6568.00000 0.04732
6569.00000 0.05235
6570.00000 0.05818
6571.00000 0.06248
6572.00000 0.06822
6573.00000 0.07635
6574.00000 0.0843
6575.00000 0.0938
6576.00000 0.10275
6577.00000 0.11623
6578.00000 0.12579
6579.00000 0.14339
6580.00000 0.15706
6581.00000 0.17596
6582.00000 0.19568
6583.00000 0.21619
6584.00000 0.24193
6585.00000 0.26405
6586.00000 0.29396
6587.00000 0.3306
6588.00000 0.36238
6589.00000 0.39873
6590.00000 0.43005
6591.00000 0.47379
6592.00000 0.51801
6593.00000 0.55875
6594.00000 0.5936
6595.00000 0.6306
6596.00000 0.66272
6597.00000 0.69983
6598.00000 0.72461
6599.00000 0.75366
6600.00000 0.76924
6601.00000 0.78682
6602.00000 0.80121
6603.00000 0.81024
6604.00000 0.81935
6605.00000 0.82651
6606.00000 0.82846
6607.00000 0.83003
6608.00000 0.82939
6609.00000 0.82733
6610.00000 0.82083
6611.00000 0.81172
6612.00000 0.80196
6613.00000 0.79669
6614.00000 0.77939
6615.00000 0.77119
6616.00000 0.74513
6617.00000 0.72519
6618.00000 0.69821
6619.00000 0.66953
6620.00000 0.64418
6621.00000 0.59811
6622.00000 0.56842
6623.00000 0.53183
6624.00000 0.49274
6625.00000 0.45598
6626.00000 0.41972
6627.00000 0.38486
6628.00000 0.3493
6629.00000 0.31955
6630.00000 0.28918
6631.00000 0.25641
6632.00000 0.23439
6633.00000 0.2113
6634.00000 0.19038
6635.00000 0.17221
6636.00000 0.15549
6637.00000 0.14032
6638.00000 0.12383
6639.00000 0.11519
6640.00000 0.10297
6641.00000 0.09384
6642.00000 0.08485
6643.00000 0.07651
6644.00000 0.0681
6645.00000 0.06367
6646.00000 0.05832
6647.00000 0.05324
6648.00000 0.04822
6649.00000 0.04451
6650.00000 0.04092
6651.00000 0.03789
6652.00000 0.03505
6653.00000 0.03204
6654.00000 0.02992
6655.00000 0.02744
6656.00000 0.02576
6657.00000 0.02376
6658.00000 0.0219
6659.00000 0.02066
6660.00000 0.01955
6661.00000 0.01814
6662.00000 0.0163
6663.00000 0.01559
6664.00000 0.01495
6665.00000 0.01375
6666.00000 0.01318
6667.00000 0.01253
6668.00000 0.01176
6669.00000 0.01064
6670.00000 0.01006
6671.00000 0.00943
6672.00000 0.00928
6673.00000 0.00879
6674.00000 0.00798
6675.00000 0.00758
6676.00000 0.00729
6677.00000 0.00673
6678.00000 0.00648
6679.00000 0.00604
6680.00000 0.00658
6681.00000 0.00612
6682.00000 0.0058
6683.00000 0.00554
6684.00000 0.00502
6685.00000 0.00439
6686.00000 0.0045
6687.00000 0.00435
7355.70020 0.0
