threeML/data/optical_filters/CFHT/CFHT-cfh5209.ecsv
# %ECSV 0.9
# ---
# datatype:
# - {name: wavelength, unit: Angstrom, datatype: float32}
# - {name: response, datatype: float32}
# meta: !!omap
# - {band_name: cfh5209}
# - {group_name: CFHT}
wavelength response
12978.00000 0.0
14420.00000 0.00403
14440.00000 0.00433
14460.00000 0.00471
14480.00000 0.00523
14500.00000 0.00581
14520.00000 0.0065
14540.00000 0.00742
14560.00000 0.00873
14580.00000 0.01041
14600.00000 0.01248
14620.00000 0.01521
14640.00000 0.0188
14660.00000 0.02357
14680.00000 0.02989
14700.00000 0.03835
14720.00000 0.04929
14740.00000 0.06326
14760.00000 0.08057
14780.00000 0.10159
14800.00000 0.1266
14820.00000 0.15527
14840.00000 0.18799
14860.00000 0.22473
14880.00000 0.2654
14900.00000 0.30951
14920.00000 0.35724
14940.00000 0.40906
14960.00000 0.46448
14980.00000 0.52242
15000.00000 0.58095
15020.00000 0.63802
15040.00000 0.69078
15060.00000 0.73709
15080.00000 0.77582
15100.00000 0.80646
15120.00000 0.82945
15140.00000 0.84578
15160.00000 0.85696
15180.00000 0.86424
15200.00000 0.86861
15220.00000 0.87096
15240.00000 0.87212
15260.00000 0.87277
15280.00000 0.87289
15300.00000 0.87247
15320.00000 0.87144
15340.00000 0.86981
15360.00000 0.86768
15380.00000 0.86467
15400.00000 0.86099
15420.00000 0.85703
15440.00000 0.85297
15460.00000 0.84894
15480.00000 0.84531
15500.00000 0.84206
15520.00000 0.83931
15540.00000 0.83745
15560.00000 0.83635
15580.00000 0.83597
15600.00000 0.8364
15620.00000 0.83748
15640.00000 0.83911
15660.00000 0.84105
15680.00000 0.84315
15700.00000 0.84543
15720.00000 0.84784
15740.00000 0.85042
15760.00000 0.85283
15780.00000 0.85521
15800.00000 0.85741
15820.00000 0.8595
15840.00000 0.86185
15860.00000 0.864
15880.00000 0.86581
15900.00000 0.86783
15920.00000 0.86993
15940.00000 0.87169
15960.00000 0.87337
15980.00000 0.87505
16000.00000 0.87633
16020.00000 0.87749
16040.00000 0.87849
16060.00000 0.87897
16080.00000 0.87914
16100.00000 0.87898
16120.00000 0.87854
16140.00000 0.87775
16160.00000 0.87666
16180.00000 0.87552
16200.00000 0.87425
16220.00000 0.87277
16240.00000 0.87123
16260.00000 0.86996
16280.00000 0.86888
16300.00000 0.86803
16320.00000 0.86775
16340.00000 0.8676
16360.00000 0.8676
16380.00000 0.86813
16400.00000 0.86906
16420.00000 0.87013
16440.00000 0.87157
16460.00000 0.87306
16480.00000 0.87433
16500.00000 0.87587
16520.00000 0.8772
16540.00000 0.87793
16560.00000 0.87839
16580.00000 0.87856
16600.00000 0.87825
16620.00000 0.87706
16640.00000 0.8752
16660.00000 0.87312
16680.00000 0.87044
16700.00000 0.86719
16720.00000 0.8634
16740.00000 0.85942
16760.00000 0.85547
16780.00000 0.85141
16800.00000 0.84731
16820.00000 0.84334
16840.00000 0.83978
16860.00000 0.83649
16880.00000 0.83363
16900.00000 0.83134
16920.00000 0.82974
16940.00000 0.82887
16960.00000 0.82875
16980.00000 0.82913
17000.00000 0.82977
17020.00000 0.83128
17040.00000 0.83376
17060.00000 0.83633
17080.00000 0.83878
17100.00000 0.8416
17120.00000 0.84492
17140.00000 0.84764
17160.00000 0.84949
17180.00000 0.851
17200.00000 0.85229
17220.00000 0.85318
17240.00000 0.85321
17260.00000 0.85251
17280.00000 0.85118
17300.00000 0.84943
17320.00000 0.84753
17340.00000 0.84555
17360.00000 0.84338
17380.00000 0.84126
17400.00000 0.83961
17420.00000 0.83842
17440.00000 0.83754
17460.00000 0.83716
17480.00000 0.83704
17500.00000 0.83708
17520.00000 0.83707
17540.00000 0.83649
17560.00000 0.83527
17580.00000 0.83281
17600.00000 0.82864
17620.00000 0.82263
17640.00000 0.81438
17660.00000 0.80287
17680.00000 0.78763
17700.00000 0.76836
17720.00000 0.7449
17740.00000 0.7179
17760.00000 0.6823
17780.00000 0.63521
17800.00000 0.57951
17820.00000 0.51645
17840.00000 0.44812
17860.00000 0.37814
17880.00000 0.31036
17900.00000 0.24884
17920.00000 0.19595
17940.00000 0.15237
17960.00000 0.11777
17980.00000 0.09042
18000.00000 0.06958
18020.00000 0.05368
18040.00000 0.04143
18060.00000 0.03224
18080.00000 0.02534
18100.00000 0.02
18120.00000 0.01591
18140.00000 0.01318
18160.00000 0.01099
18180.00000 0.00899
18200.00000 0.00743
18220.00000 0.00635
18240.00000 0.00565
18260.00000 0.00485
18280.00000 0.00418
20108.00000 0.0
