threeML/data/optical_filters/CFHT/CFHT-cfh5105.ecsv
# %ECSV 0.9
# ---
# datatype:
# - {name: wavelength, unit: Angstrom, datatype: float32}
# - {name: response, datatype: float32}
# meta: !!omap
# - {band_name: cfh5105}
# - {group_name: CFHT}
wavelength response
11326.50000 0.0
12585.00000 0.00436
12590.00000 0.00415
12595.00000 0.00438
12600.00000 0.00438
12605.00000 0.00525
12610.00000 0.00415
12615.00000 0.00482
12620.00000 0.00481
12625.00000 0.00438
12630.00000 0.00525
12635.00000 0.00569
12640.00000 0.00702
12645.00000 0.00636
12650.00000 0.00702
12655.00000 0.00682
12660.00000 0.00769
12665.00000 0.00792
12670.00000 0.0088
12675.00000 0.00903
12680.00000 0.01036
12685.00000 0.01125
12690.00000 0.01169
12695.00000 0.01302
12700.00000 0.01459
12705.00000 0.01703
12710.00000 0.01794
12715.00000 0.02037
12720.00000 0.02415
12725.00000 0.02637
12730.00000 0.03041
12735.00000 0.03352
12740.00000 0.03954
12745.00000 0.04401
12750.00000 0.05261
12755.00000 0.05998
12760.00000 0.07162
12765.00000 0.08223
12770.00000 0.09906
12775.00000 0.11258
12780.00000 0.13545
12785.00000 0.15228
12790.00000 0.17876
12795.00000 0.19958
12800.00000 0.23624
12805.00000 0.26128
12810.00000 0.29872
12815.00000 0.32712
12820.00000 0.36893
12825.00000 0.39714
12830.00000 0.44124
12835.00000 0.47153
12840.00000 0.51195
12845.00000 0.53767
12850.00000 0.57213
12855.00000 0.59106
12860.00000 0.614
12865.00000 0.6263
12870.00000 0.63857
12875.00000 0.64389
12880.00000 0.6501
12885.00000 0.65141
12890.00000 0.65215
12895.00000 0.65179
12900.00000 0.64777
12905.00000 0.64465
12910.00000 0.63741
12915.00000 0.62993
12920.00000 0.61797
12925.00000 0.60759
12930.00000 0.5869
12935.00000 0.57042
12940.00000 0.5444
12945.00000 0.52301
12950.00000 0.48866
12955.00000 0.46526
12960.00000 0.42488
12965.00000 0.39737
12970.00000 0.35674
12975.00000 0.33049
12980.00000 0.29137
12985.00000 0.26904
12990.00000 0.23466
12995.00000 0.21411
13000.00000 0.1864
13005.00000 0.16888
13010.00000 0.14664
13015.00000 0.13397
13020.00000 0.11436
13025.00000 0.10442
13030.00000 0.09048
13035.00000 0.08144
13040.00000 0.07082
13045.00000 0.06352
13050.00000 0.0549
13055.00000 0.05002
13060.00000 0.04367
13065.00000 0.04086
13070.00000 0.03419
13075.00000 0.03163
13080.00000 0.02873
13085.00000 0.02568
13090.00000 0.02208
13095.00000 0.0206
13100.00000 0.01851
13105.00000 0.01591
13110.00000 0.01436
13115.00000 0.01408
13120.00000 0.01228
13125.00000 0.01151
13130.00000 0.00993
13135.00000 0.00967
13140.00000 0.00757
13145.00000 0.00809
13150.00000 0.00833
13155.00000 0.00676
13160.00000 0.00623
13165.00000 0.00726
13170.00000 0.00439
13175.00000 0.00517
13180.00000 0.00414
13185.00000 0.00595
13190.00000 0.00491
13195.00000 0.00439
13200.00000 0.00414
13205.00000 0.00462
13210.00000 0.0041
13215.00000 0.00436
14536.50000 0.0
