threeML/data/optical_filters/CFHT/CFHT-cfh4802.ecsv
# %ECSV 0.9
# ---
# datatype:
# - {name: wavelength, unit: Angstrom, datatype: float32}
# - {name: response, datatype: float32}
# meta: !!omap
# - {band_name: cfh4802}
# - {group_name: CFHT}
wavelength response
6462.00000 0.0
7180.00000 0.0041
7200.00000 0.00626
7220.00000 0.00975
7240.00000 0.01556
7260.00000 0.02548
7280.00000 0.0426
7300.00000 0.07217
7320.00000 0.12259
7340.00000 0.20634
7360.00000 0.33531
7380.00000 0.50415
7400.00000 0.67955
7420.00000 0.82063
7440.00000 0.90668
7460.00000 0.94391
7480.00000 0.95341
7500.00000 0.95305
7520.00000 0.95142
7540.00000 0.95192
7560.00000 0.95483
7580.00000 0.95859
7600.00000 0.9626
7620.00000 0.96544
7640.00000 0.96649
7660.00000 0.96672
7680.00000 0.96521
7700.00000 0.96262
7720.00000 0.96053
7740.00000 0.95825
7760.00000 0.95688
7780.00000 0.95715
7800.00000 0.95799
7820.00000 0.96007
7840.00000 0.96327
7860.00000 0.96608
7880.00000 0.96849
7900.00000 0.97041
7920.00000 0.97131
7940.00000 0.97113
7960.00000 0.97002
7980.00000 0.96872
8000.00000 0.96721
8020.00000 0.96588
8040.00000 0.9649
8060.00000 0.96501
8080.00000 0.96619
8100.00000 0.96764
8120.00000 0.96982
8140.00000 0.97258
8160.00000 0.97588
8180.00000 0.97722
8200.00000 0.97716
8220.00000 0.97705
8240.00000 0.97449
8260.00000 0.97021
8280.00000 0.9655
8300.00000 0.96059
8320.00000 0.95644
8340.00000 0.9519
8360.00000 0.94814
8380.00000 0.94754
8400.00000 0.94772
8420.00000 0.94975
8440.00000 0.95384
8460.00000 0.95819
8480.00000 0.96272
8500.00000 0.9668
8520.00000 0.97079
8540.00000 0.97296
8560.00000 0.97324
8580.00000 0.9726
8600.00000 0.97026
8620.00000 0.96742
8640.00000 0.96432
8660.00000 0.96112
8680.00000 0.95932
8700.00000 0.95985
8720.00000 0.96138
8740.00000 0.96338
8760.00000 0.96634
8780.00000 0.9693
8800.00000 0.97089
8820.00000 0.97099
8840.00000 0.97044
8860.00000 0.96835
8880.00000 0.96468
8900.00000 0.95981
8920.00000 0.95497
8940.00000 0.95088
8960.00000 0.94861
8980.00000 0.9485
9000.00000 0.95108
9020.00000 0.95638
9040.00000 0.96233
9060.00000 0.96648
9080.00000 0.96777
9100.00000 0.96494
9120.00000 0.95702
9140.00000 0.94672
9160.00000 0.93684
9180.00000 0.93234
9200.00000 0.93657
9220.00000 0.94774
9240.00000 0.95135
9260.00000 0.91255
9280.00000 0.79431
9300.00000 0.60185
9320.00000 0.39584
9340.00000 0.23521
9360.00000 0.13458
9380.00000 0.07819
9400.00000 0.0466
9420.00000 0.02869
9440.00000 0.01855
9460.00000 0.01242
9480.00000 0.00838
9500.00000 0.00575
9520.00000 0.00418
10472.00000 0.0
