threeML/data/optical_filters/CFHT/CFHT-cfh6205.ecsv
# %ECSV 0.9
# ---
# datatype:
# - {name: wavelength, unit: Angstrom, datatype: float32}
# - {name: response, datatype: float32}
# meta: !!omap
# - {band_name: cfh6205}
# - {group_name: CFHT}
wavelength response
14040.00000 0.0
15600.00000 0.00447
15620.00000 0.00516
15640.00000 0.00603
15660.00000 0.00696
15680.00000 0.00806
15700.00000 0.00949
15720.00000 0.0112
15740.00000 0.01331
15760.00000 0.01593
15780.00000 0.0193
15800.00000 0.02354
15820.00000 0.02888
15840.00000 0.03581
15860.00000 0.04471
15880.00000 0.05621
15900.00000 0.07111
15920.00000 0.09023
15940.00000 0.11493
15960.00000 0.14662
15980.00000 0.18533
16000.00000 0.23082
16020.00000 0.28133
16040.00000 0.33308
16060.00000 0.38167
16080.00000 0.42137
16100.00000 0.44858
16120.00000 0.46321
16140.00000 0.46751
16160.00000 0.46489
16180.00000 0.4585
16200.00000 0.4511
16220.00000 0.4447
16240.00000 0.44032
16260.00000 0.43864
16280.00000 0.44011
16300.00000 0.44455
16320.00000 0.45154
16340.00000 0.46098
16360.00000 0.47282
16380.00000 0.48625
16400.00000 0.50008
16420.00000 0.51418
16440.00000 0.52814
16460.00000 0.54091
16480.00000 0.55142
16500.00000 0.55869
16520.00000 0.56221
16540.00000 0.56178
16560.00000 0.5576
16580.00000 0.54993
16600.00000 0.53944
16620.00000 0.52728
16640.00000 0.51428
16660.00000 0.50111
16680.00000 0.48865
16700.00000 0.4778
16720.00000 0.46907
16740.00000 0.46259
16760.00000 0.45871
16780.00000 0.45786
16800.00000 0.46021
16820.00000 0.46606
16840.00000 0.47559
16860.00000 0.48842
16880.00000 0.50449
16900.00000 0.52391
16920.00000 0.54524
16940.00000 0.56664
16960.00000 0.58519
16980.00000 0.59549
17000.00000 0.59262
17020.00000 0.57205
17040.00000 0.53214
17060.00000 0.47629
17080.00000 0.41066
17100.00000 0.34402
17120.00000 0.2822
17140.00000 0.22827
17160.00000 0.18399
17180.00000 0.14799
17200.00000 0.11914
17220.00000 0.09631
17240.00000 0.07846
17260.00000 0.06448
17280.00000 0.05334
17300.00000 0.04457
17320.00000 0.03752
17340.00000 0.03148
17360.00000 0.02673
17380.00000 0.0231
17400.00000 0.01991
17420.00000 0.01715
17440.00000 0.01491
17460.00000 0.01309
17480.00000 0.01144
17500.00000 0.01015
17520.00000 0.0092
17540.00000 0.00824
17560.00000 0.00739
17580.00000 0.00668
17600.00000 0.00598
17620.00000 0.00546
17640.00000 0.00504
17660.00000 0.00461
17680.00000 0.00435
17700.00000 0.0041
19470.00000 0.0
