threeML/data/optical_filters/CFHT/CFHT-cfh5401.ecsv
# %ECSV 0.9
# ---
# datatype:
# - {name: wavelength, unit: Angstrom, datatype: float32}
# - {name: response, datatype: float32}
# meta: !!omap
# - {band_name: cfh5401}
# - {group_name: CFHT}
wavelength response
13896.00000 0.0
15440.00000 0.00926
15460.00000 0.0097
15480.00000 0.01015
15500.00000 0.01056
15520.00000 0.01094
15540.00000 0.01134
15560.00000 0.01173
15580.00000 0.01219
15600.00000 0.01265
15620.00000 0.01315
15640.00000 0.01361
15660.00000 0.01392
15680.00000 0.01433
15700.00000 0.01485
15720.00000 0.01521
15740.00000 0.01559
15760.00000 0.01607
15780.00000 0.01657
15800.00000 0.01701
15820.00000 0.01746
15840.00000 0.01796
15860.00000 0.01839
15880.00000 0.01886
15900.00000 0.01939
15920.00000 0.01984
15940.00000 0.02025
15960.00000 0.02065
15980.00000 0.02113
16000.00000 0.02162
16020.00000 0.02206
16040.00000 0.02252
16060.00000 0.02299
16080.00000 0.02347
16100.00000 0.02396
16120.00000 0.02448
16140.00000 0.02499
16160.00000 0.02547
16180.00000 0.02589
16200.00000 0.02646
16220.00000 0.02704
16240.00000 0.02756
16260.00000 0.02815
16280.00000 0.0287
16300.00000 0.02931
16320.00000 0.02989
16340.00000 0.03041
16360.00000 0.03105
16380.00000 0.03172
16400.00000 0.03232
16420.00000 0.03291
16440.00000 0.0336
16460.00000 0.03448
16480.00000 0.03539
16500.00000 0.03596
16520.00000 0.03656
16540.00000 0.03741
16560.00000 0.03821
16580.00000 0.03888
16600.00000 0.03969
16620.00000 0.0405
16640.00000 0.04131
16660.00000 0.04225
16680.00000 0.04314
16700.00000 0.04387
16720.00000 0.04475
16740.00000 0.04579
16760.00000 0.04697
16780.00000 0.04813
16800.00000 0.04907
16820.00000 0.05019
16840.00000 0.05136
16860.00000 0.05238
16880.00000 0.05356
16900.00000 0.05479
16920.00000 0.05612
16940.00000 0.05751
16960.00000 0.05884
16980.00000 0.06009
17000.00000 0.06148
17020.00000 0.06288
17040.00000 0.06442
17060.00000 0.06596
17080.00000 0.06743
17100.00000 0.06921
17120.00000 0.07083
17140.00000 0.07222
17160.00000 0.07391
17180.00000 0.07574
17200.00000 0.07738
17220.00000 0.07907
17240.00000 0.0808
17260.00000 0.08272
17280.00000 0.08469
17300.00000 0.08638
17320.00000 0.08812
17340.00000 0.09006
17360.00000 0.092
17380.00000 0.09386
17400.00000 0.09572
17420.00000 0.09766
17440.00000 0.09975
17460.00000 0.10173
17480.00000 0.10376
17500.00000 0.10577
17520.00000 0.10767
17540.00000 0.10966
17560.00000 0.11168
17580.00000 0.11348
17600.00000 0.11526
17620.00000 0.11723
17640.00000 0.11911
17660.00000 0.12093
17680.00000 0.12248
17700.00000 0.12427
17720.00000 0.12628
17740.00000 0.12775
17760.00000 0.12918
17780.00000 0.13072
17800.00000 0.13246
17820.00000 0.13437
17840.00000 0.13596
17860.00000 0.13745
17880.00000 0.13899
17900.00000 0.14067
17920.00000 0.14209
17940.00000 0.14334
17960.00000 0.14476
17980.00000 0.14603
18000.00000 0.14726
18020.00000 0.14864
18040.00000 0.14996
18060.00000 0.15123
18080.00000 0.15251
18100.00000 0.15361
18120.00000 0.15465
18140.00000 0.1557
18160.00000 0.1568
18180.00000 0.15782
18200.00000 0.15843
18220.00000 0.15941
18240.00000 0.16113
18260.00000 0.16214
18280.00000 0.16266
18300.00000 0.16383
18320.00000 0.1649
18340.00000 0.1656
18360.00000 0.16685
18380.00000 0.16812
18400.00000 0.16902
18420.00000 0.17009
18440.00000 0.1712
18460.00000 0.17252
18480.00000 0.17343
18500.00000 0.17384
18520.00000 0.17429
18540.00000 0.17572
18560.00000 0.17732
18580.00000 0.17822
18600.00000 0.17914
18620.00000 0.17976
18640.00000 0.18047
18660.00000 0.18143
18680.00000 0.18298
18700.00000 0.18451
18720.00000 0.18494
18740.00000 0.18558
18760.00000 0.18724
18780.00000 0.18895
18800.00000 0.19034
18820.00000 0.19167
18840.00000 0.19241
18860.00000 0.19321
18880.00000 0.19481
18900.00000 0.19659
18920.00000 0.19803
18940.00000 0.19936
18960.00000 0.20061
18980.00000 0.20197
19000.00000 0.20308
19020.00000 0.20473
19040.00000 0.20702
19060.00000 0.20889
19080.00000 0.21101
19100.00000 0.21248
19120.00000 0.21335
19140.00000 0.21489
19160.00000 0.2173
19180.00000 0.21986
19200.00000 0.22255
19220.00000 0.22461
19240.00000 0.22546
19260.00000 0.22687
19280.00000 0.22885
19300.00000 0.23067
19320.00000 0.23311
19340.00000 0.23529
19360.00000 0.23724
19380.00000 0.23982
19400.00000 0.24252
19420.00000 0.24486
19440.00000 0.24724
19460.00000 0.25002
19480.00000 0.25258
19500.00000 0.25478
19520.00000 0.25729
19540.00000 0.26018
19560.00000 0.2628
19580.00000 0.26566
19600.00000 0.26854
19620.00000 0.27129
19640.00000 0.27393
19660.00000 0.2765
19680.00000 0.27963
19700.00000 0.28275
19720.00000 0.28551
19740.00000 0.28809
19760.00000 0.29091
19780.00000 0.29408
19800.00000 0.29718
19820.00000 0.30026
19840.00000 0.30336
19860.00000 0.30638
19880.00000 0.30931
19900.00000 0.31239
19920.00000 0.31551
19940.00000 0.31859
19960.00000 0.32152
19980.00000 0.32452
20000.00000 0.3277
20020.00000 0.33051
20040.00000 0.33348
20060.00000 0.33662
20080.00000 0.33961
20100.00000 0.34258
20120.00000 0.34541
20140.00000 0.34831
20160.00000 0.35094
20180.00000 0.3535
20200.00000 0.35643
20220.00000 0.35938
20240.00000 0.36208
20260.00000 0.36482
20280.00000 0.36766
20300.00000 0.37024
20320.00000 0.37286
20340.00000 0.37537
20360.00000 0.37747
20380.00000 0.38
20400.00000 0.38246
20420.00000 0.38472
20440.00000 0.38702
20460.00000 0.38924
20480.00000 0.39151
20500.00000 0.39343
20520.00000 0.39528
20540.00000 0.39723
20560.00000 0.39888
20580.00000 0.40056
20600.00000 0.40213
20620.00000 0.40364
20640.00000 0.4054
20660.00000 0.40698
20680.00000 0.40834
20700.00000 0.40938
20720.00000 0.41061
20740.00000 0.41185
20760.00000 0.4128
20780.00000 0.41379
20800.00000 0.4144
20820.00000 0.4151
20840.00000 0.41603
20860.00000 0.41675
20880.00000 0.41711
20900.00000 0.41742
20920.00000 0.41806
20940.00000 0.41867
20960.00000 0.41899
20980.00000 0.41908
21000.00000 0.41924
21020.00000 0.41948
21040.00000 0.41937
21060.00000 0.41924
21080.00000 0.41907
21100.00000 0.41891
21120.00000 0.41859
21140.00000 0.41798
21160.00000 0.41745
21180.00000 0.41721
21200.00000 0.41675
21220.00000 0.41606
21240.00000 0.41562
21260.00000 0.41484
21280.00000 0.41368
21300.00000 0.41208
21320.00000 0.41026
21340.00000 0.40875
21360.00000 0.4077
21380.00000 0.40727
21400.00000 0.40709
21420.00000 0.40683
21440.00000 0.4066
21460.00000 0.40628
21480.00000 0.40594
21500.00000 0.4052
21520.00000 0.40424
21540.00000 0.40282
21560.00000 0.40083
21580.00000 0.3987
21600.00000 0.39648
21620.00000 0.39491
21640.00000 0.39395
21660.00000 0.39319
21680.00000 0.39317
21700.00000 0.39374
21720.00000 0.39388
21740.00000 0.39363
21760.00000 0.39362
21780.00000 0.39285
21800.00000 0.39169
21820.00000 0.39053
21840.00000 0.38899
21860.00000 0.38745
21880.00000 0.38626
21900.00000 0.38522
21920.00000 0.38388
21940.00000 0.3833
21960.00000 0.38304
21980.00000 0.38235
22000.00000 0.3815
22020.00000 0.38062
22040.00000 0.37987
22060.00000 0.37881
22080.00000 0.37804
22100.00000 0.37753
22120.00000 0.37729
22140.00000 0.37683
22160.00000 0.3759
22180.00000 0.37581
22200.00000 0.37512
22220.00000 0.37433
22240.00000 0.37367
22260.00000 0.37268
22280.00000 0.37198
22300.00000 0.37181
22320.00000 0.37148
22340.00000 0.37091
22360.00000 0.37077
22380.00000 0.3708
22400.00000 0.37077
22420.00000 0.3705
22440.00000 0.37007
22460.00000 0.36971
22480.00000 0.3694
22500.00000 0.36884
22520.00000 0.36815
22540.00000 0.36725
22560.00000 0.36641
22580.00000 0.36546
22600.00000 0.36449
22620.00000 0.36401
22640.00000 0.3631
22660.00000 0.36192
22680.00000 0.36099
22700.00000 0.3604
22720.00000 0.35983
22740.00000 0.35918
22760.00000 0.3596
22780.00000 0.36018
22800.00000 0.36052
22820.00000 0.36092
22840.00000 0.36139
22860.00000 0.36179
22880.00000 0.36189
22900.00000 0.36208
22920.00000 0.36261
22940.00000 0.36319
22960.00000 0.364
22980.00000 0.36504
23000.00000 0.36572
23020.00000 0.36716
23040.00000 0.36903
23060.00000 0.37032
23080.00000 0.37172
23100.00000 0.37305
23120.00000 0.37399
23140.00000 0.37535
23160.00000 0.37715
23180.00000 0.37943
23200.00000 0.382
23220.00000 0.38515
23240.00000 0.38844
23260.00000 0.39104
23280.00000 0.3936
23300.00000 0.39639
23320.00000 0.39888
23340.00000 0.40128
23360.00000 0.40395
23380.00000 0.40666
23400.00000 0.40901
23420.00000 0.41141
23440.00000 0.41356
23460.00000 0.41573
23480.00000 0.41785
23500.00000 0.41975
23520.00000 0.42168
23540.00000 0.42398
23560.00000 0.42621
23580.00000 0.42786
23600.00000 0.42986
23620.00000 0.43175
23640.00000 0.43335
23660.00000 0.43503
23680.00000 0.43732
23700.00000 0.43907
23720.00000 0.44073
23740.00000 0.44263
23760.00000 0.44458
23780.00000 0.44666
23800.00000 0.44829
23820.00000 0.45003
23840.00000 0.45132
23860.00000 0.45244
23880.00000 0.45407
23900.00000 0.45599
23920.00000 0.4577
23940.00000 0.45905
23960.00000 0.46025
23980.00000 0.46162
24000.00000 0.46365
24020.00000 0.46574
24040.00000 0.46767
24060.00000 0.46986
24080.00000 0.47237
24100.00000 0.47527
24120.00000 0.47791
24140.00000 0.48038
24160.00000 0.48256
24180.00000 0.4845
24200.00000 0.48628
24220.00000 0.48756
24240.00000 0.48904
24260.00000 0.49019
24280.00000 0.4911
24300.00000 0.4924
24320.00000 0.49283
24340.00000 0.49312
24360.00000 0.49393
24380.00000 0.49489
24400.00000 0.49525
24420.00000 0.49396
24440.00000 0.49243
24460.00000 0.49101
24480.00000 0.48921
24500.00000 0.4873
24520.00000 0.48546
24540.00000 0.48396
24560.00000 0.48221
24580.00000 0.48082
24600.00000 0.47952
24620.00000 0.47878
24640.00000 0.47993
24660.00000 0.48149
24680.00000 0.48354
24700.00000 0.48642
24720.00000 0.48924
24740.00000 0.49136
24760.00000 0.49321
24780.00000 0.49524
24800.00000 0.4962
24820.00000 0.49603
24840.00000 0.49615
24860.00000 0.4962
24880.00000 0.49559
24900.00000 0.49556
24920.00000 0.49527
24940.00000 0.49417
24960.00000 0.49371
24980.00000 0.49403
25000.00000 0.49371
25020.00000 0.49223
25040.00000 0.49171
25060.00000 0.49199
25080.00000 0.49135
25100.00000 0.49081
25120.00000 0.49083
25140.00000 0.49055
25160.00000 0.49069
25180.00000 0.49057
25200.00000 0.49083
25220.00000 0.49135
25240.00000 0.49092
25260.00000 0.49104
25280.00000 0.49066
25300.00000 0.49039
25320.00000 0.49037
25340.00000 0.48886
25360.00000 0.48792
25380.00000 0.48912
25400.00000 0.49072
25420.00000 0.491
25440.00000 0.48897
25460.00000 0.48831
25480.00000 0.48878
25500.00000 0.48561
25520.00000 0.48643
25540.00000 0.48766
25560.00000 0.48283
25580.00000 0.48047
25600.00000 0.48126
25620.00000 0.48189
25640.00000 0.47517
25660.00000 0.46867
25680.00000 0.46994
25700.00000 0.47083
25720.00000 0.46909
25740.00000 0.46893
25760.00000 0.47363
25780.00000 0.47858
25800.00000 0.47617
25820.00000 0.47194
25840.00000 0.46486
25860.00000 0.46011
25880.00000 0.46375
25900.00000 0.46103
25920.00000 0.46053
25940.00000 0.47791
25960.00000 0.47778
25980.00000 0.46094
26000.00000 0.45908
26020.00000 0.46329
26040.00000 0.46756
26060.00000 0.46382
26080.00000 0.45673
26100.00000 0.45792
26120.00000 0.46045
26140.00000 0.45648
26160.00000 0.44653
26180.00000 0.43906
26200.00000 0.44034
26220.00000 0.44476
26240.00000 0.44949
26260.00000 0.44838
26280.00000 0.44186
26300.00000 0.43434
26320.00000 0.43745
26340.00000 0.4445
26360.00000 0.44382
26380.00000 0.44267
26400.00000 0.44156
26420.00000 0.44014
26440.00000 0.43835
26460.00000 0.43758
26480.00000 0.43741
26500.00000 0.43806
26520.00000 0.44203
26540.00000 0.4393
26560.00000 0.43095
26580.00000 0.42789
26600.00000 0.42818
26620.00000 0.4261
26640.00000 0.42181
26660.00000 0.43439
26680.00000 0.44278
26700.00000 0.4314
26720.00000 0.42227
26740.00000 0.42003
26760.00000 0.42784
26780.00000 0.42065
26800.00000 0.4055
26820.00000 0.40532
26840.00000 0.40909
26860.00000 0.41
26880.00000 0.40341
26900.00000 0.39778
26920.00000 0.39426
26940.00000 0.39328
26960.00000 0.39081
26980.00000 0.38489
27000.00000 0.3815
27020.00000 0.3773
27040.00000 0.37178
27060.00000 0.36778
27080.00000 0.36472
27100.00000 0.35622
27120.00000 0.3459
27140.00000 0.34035
27160.00000 0.33643
27180.00000 0.33066
27200.00000 0.32076
27220.00000 0.31055
27240.00000 0.30214
27260.00000 0.29239
27280.00000 0.28403
27300.00000 0.2782
27320.00000 0.27122
27340.00000 0.26237
27360.00000 0.25317
27380.00000 0.24509
27400.00000 0.23695
27420.00000 0.22487
27440.00000 0.21503
27460.00000 0.20885
27480.00000 0.20107
27500.00000 0.19345
27520.00000 0.18564
27540.00000 0.17831
27560.00000 0.17075
27580.00000 0.16197
27600.00000 0.15498
27620.00000 0.14922
27640.00000 0.1414
27660.00000 0.13304
27680.00000 0.12581
27700.00000 0.11967
27720.00000 0.11235
27740.00000 0.10451
27760.00000 0.09967
27780.00000 0.09431
27800.00000 0.08791
27820.00000 0.08206
27840.00000 0.07654
27860.00000 0.07219
27880.00000 0.0666
27900.00000 0.0612
27920.00000 0.05775
27940.00000 0.05463
27960.00000 0.05142
27980.00000 0.04747
28000.00000 0.04463
28020.00000 0.04286
28040.00000 0.04007
28060.00000 0.03674
28080.00000 0.03436
28100.00000 0.03242
28120.00000 0.03029
28140.00000 0.02875
28160.00000 0.02679
28180.00000 0.02487
28200.00000 0.02364
28220.00000 0.02194
28240.00000 0.02048
28260.00000 0.0195
28280.00000 0.01877
28300.00000 0.01756
28320.00000 0.01633
28340.00000 0.01527
28360.00000 0.01454
28380.00000 0.01385
28400.00000 0.01213
28420.00000 0.01138
28440.00000 0.01085
28460.00000 0.00987
28480.00000 0.00972
28500.00000 0.01001
28520.00000 0.00929
28540.00000 0.00803
28560.00000 0.0074
28580.00000 0.00752
28600.00000 0.00737
28620.00000 0.00674
28640.00000 0.00624
28660.00000 0.00639
28680.00000 0.00594
28700.00000 0.00523
28720.00000 0.00537
28740.00000 0.00476
28760.00000 0.0051
28780.00000 0.00551
28800.00000 0.00467
28820.00000 0.00433
28840.00000 0.00414
28860.00000 0.004
28880.00000 0.00403
31768.00000 0.0
