threeML/data/optical_filters/CFHT/CFHT-cfh5311.ecsv
# %ECSV 0.9
# ---
# datatype:
# - {name: wavelength, unit: Angstrom, datatype: float32}
# - {name: response, datatype: float32}
# meta: !!omap
# - {band_name: cfh5311}
# - {group_name: CFHT}
wavelength response
18072.00000 0.0
20080.00000 0.00436
20100.00000 0.00476
20120.00000 0.00514
20140.00000 0.00563
20160.00000 0.00627
20180.00000 0.00705
20200.00000 0.00764
20220.00000 0.00824
20240.00000 0.00909
20260.00000 0.00987
20280.00000 0.01048
20300.00000 0.01137
20320.00000 0.01248
20340.00000 0.01317
20360.00000 0.01413
20380.00000 0.01562
20400.00000 0.01665
20420.00000 0.01775
20440.00000 0.01921
20460.00000 0.02069
20480.00000 0.02228
20500.00000 0.02425
20520.00000 0.02686
20540.00000 0.02963
20560.00000 0.03287
20580.00000 0.03653
20600.00000 0.04083
20620.00000 0.04596
20640.00000 0.05145
20660.00000 0.05823
20680.00000 0.06619
20700.00000 0.07535
20720.00000 0.08612
20740.00000 0.09882
20760.00000 0.11343
20780.00000 0.12962
20800.00000 0.1483
20820.00000 0.16917
20840.00000 0.19269
20860.00000 0.21945
20880.00000 0.24759
20900.00000 0.2774
20920.00000 0.30899
20940.00000 0.34181
20960.00000 0.3752
20980.00000 0.40666
21000.00000 0.43733
21020.00000 0.46617
21040.00000 0.49185
21060.00000 0.5153
21080.00000 0.53624
21100.00000 0.55518
21120.00000 0.57146
21140.00000 0.58556
21160.00000 0.59866
21180.00000 0.61023
21200.00000 0.62062
21220.00000 0.63045
21240.00000 0.63931
21260.00000 0.64732
21280.00000 0.65446
21300.00000 0.66141
21320.00000 0.66805
21340.00000 0.67427
21360.00000 0.67967
21380.00000 0.68407
21400.00000 0.6884
21420.00000 0.6922
21440.00000 0.69499
21460.00000 0.69786
21480.00000 0.70033
21500.00000 0.70195
21520.00000 0.70386
21540.00000 0.7057
21560.00000 0.70729
21580.00000 0.70886
21600.00000 0.71039
21620.00000 0.71222
21640.00000 0.71419
21660.00000 0.71632
21680.00000 0.71849
21700.00000 0.72079
21720.00000 0.72325
21740.00000 0.72551
21760.00000 0.72827
21780.00000 0.7314
21800.00000 0.73395
21820.00000 0.73665
21840.00000 0.73938
21860.00000 0.74187
21880.00000 0.74417
21900.00000 0.74657
21920.00000 0.74876
21940.00000 0.75021
21960.00000 0.75195
21980.00000 0.75366
22000.00000 0.75471
22020.00000 0.75591
22040.00000 0.75674
22060.00000 0.75716
22080.00000 0.75742
22100.00000 0.75784
22120.00000 0.75836
22140.00000 0.75818
22160.00000 0.75835
22180.00000 0.75845
22200.00000 0.75856
22220.00000 0.75893
22240.00000 0.75966
22260.00000 0.76025
22280.00000 0.76051
22300.00000 0.76062
22320.00000 0.76102
22340.00000 0.76215
22360.00000 0.7628
22380.00000 0.7632
22400.00000 0.76411
22420.00000 0.76543
22440.00000 0.76651
22460.00000 0.76782
22480.00000 0.76942
22500.00000 0.7706
22520.00000 0.77185
22540.00000 0.77325
22560.00000 0.77438
22580.00000 0.77592
22600.00000 0.77776
22620.00000 0.77913
22640.00000 0.78038
22660.00000 0.7821
22680.00000 0.78444
22700.00000 0.78575
22720.00000 0.7868
22740.00000 0.78893
22760.00000 0.79012
22780.00000 0.79097
22800.00000 0.79265
22820.00000 0.79398
22840.00000 0.79482
22860.00000 0.79555
22880.00000 0.79636
22900.00000 0.79666
22920.00000 0.79715
22940.00000 0.79756
22960.00000 0.79684
22980.00000 0.79585
23000.00000 0.79507
23020.00000 0.7942
23040.00000 0.79256
23060.00000 0.79021
23080.00000 0.78777
23100.00000 0.78468
23120.00000 0.78111
23140.00000 0.77756
23160.00000 0.77362
23180.00000 0.76947
23200.00000 0.76479
23220.00000 0.75932
23240.00000 0.75446
23260.00000 0.7493
23280.00000 0.7435
23300.00000 0.73796
23320.00000 0.73196
23340.00000 0.72594
23360.00000 0.72006
23380.00000 0.71425
23400.00000 0.70844
23420.00000 0.70261
23440.00000 0.69679
23460.00000 0.69066
23480.00000 0.68501
23500.00000 0.68002
23520.00000 0.67526
23540.00000 0.67062
23560.00000 0.66579
23580.00000 0.66158
23600.00000 0.65709
23620.00000 0.6528
23640.00000 0.64961
23660.00000 0.64604
23680.00000 0.6424
23700.00000 0.63873
23720.00000 0.63467
23740.00000 0.63068
23760.00000 0.62708
23780.00000 0.623
23800.00000 0.61815
23820.00000 0.61302
23840.00000 0.60742
23860.00000 0.60028
23880.00000 0.59155
23900.00000 0.58183
23920.00000 0.57071
23940.00000 0.5575
23960.00000 0.54189
23980.00000 0.52402
24000.00000 0.50401
24020.00000 0.48201
24040.00000 0.45717
24060.00000 0.43051
24080.00000 0.40221
24100.00000 0.37234
24120.00000 0.34172
24140.00000 0.31093
24160.00000 0.28073
24180.00000 0.25087
24200.00000 0.2227
24220.00000 0.19725
24240.00000 0.17418
24260.00000 0.15247
24280.00000 0.13257
24300.00000 0.11572
24320.00000 0.10074
24340.00000 0.08719
24360.00000 0.07561
24380.00000 0.06589
24400.00000 0.05737
24420.00000 0.0498
24440.00000 0.04344
24460.00000 0.03766
24480.00000 0.03296
24500.00000 0.02869
24520.00000 0.0253
24540.00000 0.02293
24560.00000 0.02005
24580.00000 0.01765
24600.00000 0.01596
24620.00000 0.01428
24640.00000 0.01277
24660.00000 0.01102
24680.00000 0.00995
24700.00000 0.00902
24720.00000 0.00815
24740.00000 0.00743
24760.00000 0.00656
24780.00000 0.00613
24800.00000 0.00581
24820.00000 0.00534
24840.00000 0.00499
24860.00000 0.00456
24880.00000 0.00406
27368.00000 0.0
