threeML/data/optical_filters/CFHT/CFHT-cfh1802.ecsv
# %ECSV 0.9
# ---
# datatype:
# - {name: wavelength, unit: Angstrom, datatype: float32}
# - {name: response, datatype: float32}
# meta: !!omap
# - {band_name: cfh1802}
# - {group_name: CFHT}
wavelength response
6408.00000 0.0
7120.00000 0.00833
7140.00000 0.01646
7160.00000 0.0296
7180.00000 0.04884
7200.00000 0.07471
7220.00000 0.10748
7240.00000 0.14722
7260.00000 0.19359
7280.00000 0.24506
7300.00000 0.29927
7320.00000 0.35454
7340.00000 0.40977
7360.00000 0.46384
7380.00000 0.51521
7400.00000 0.56235
7420.00000 0.60533
7440.00000 0.64488
7460.00000 0.68066
7480.00000 0.71216
7500.00000 0.73912
7520.00000 0.76164
7540.00000 0.78052
7560.00000 0.79585
7580.00000 0.80763
7600.00000 0.81688
7620.00000 0.82408
7640.00000 0.82979
7660.00000 0.83379
7680.00000 0.83678
7700.00000 0.83823
7720.00000 0.83893
7740.00000 0.84032
7760.00000 0.8407
7780.00000 0.84033
7800.00000 0.83994
7820.00000 0.8401
7840.00000 0.84059
7860.00000 0.84039
7880.00000 0.84006
7900.00000 0.83929
7920.00000 0.83809
7940.00000 0.83675
7960.00000 0.8354
7980.00000 0.83325
8000.00000 0.83005
8020.00000 0.82747
8040.00000 0.82437
8060.00000 0.8203
8080.00000 0.81558
8100.00000 0.80998
8120.00000 0.80539
8140.00000 0.80098
8160.00000 0.79605
8180.00000 0.79077
8200.00000 0.78558
8220.00000 0.782
8240.00000 0.77794
8260.00000 0.77364
8280.00000 0.77077
8300.00000 0.76866
8320.00000 0.7672
8340.00000 0.76547
8360.00000 0.76373
8380.00000 0.76237
8400.00000 0.76082
8420.00000 0.76003
8440.00000 0.75974
8460.00000 0.75969
8480.00000 0.75987
8500.00000 0.75929
8520.00000 0.75847
8540.00000 0.75719
8560.00000 0.75558
8580.00000 0.7538
8600.00000 0.75119
8620.00000 0.74759
8640.00000 0.74326
8660.00000 0.73811
8680.00000 0.73155
8700.00000 0.72435
8720.00000 0.71655
8740.00000 0.70784
8760.00000 0.69897
8780.00000 0.68947
8800.00000 0.6794
8820.00000 0.66974
8840.00000 0.65994
8860.00000 0.64983
8880.00000 0.64024
8900.00000 0.63107
8920.00000 0.62189
8940.00000 0.6134
8960.00000 0.60574
8980.00000 0.59898
9000.00000 0.59261
9020.00000 0.58722
9040.00000 0.58316
9060.00000 0.57991
9080.00000 0.57797
9100.00000 0.57712
9120.00000 0.57744
9140.00000 0.57867
9160.00000 0.58063
9180.00000 0.58298
9200.00000 0.58531
9220.00000 0.58736
9240.00000 0.58797
9260.00000 0.58633
9280.00000 0.58141
9300.00000 0.57224
9320.00000 0.55807
9340.00000 0.53781
9360.00000 0.5112
9380.00000 0.4787
9400.00000 0.44104
9420.00000 0.40036
9440.00000 0.3582
9460.00000 0.31581
9480.00000 0.27539
9500.00000 0.23784
9520.00000 0.20537
9540.00000 0.17618
9560.00000 0.14841
9580.00000 0.12535
9600.00000 0.10706
9620.00000 0.09132
9640.00000 0.07796
9660.00000 0.06705
9680.00000 0.05762
9700.00000 0.04958
9720.00000 0.04289
9740.00000 0.03722
9760.00000 0.03229
9780.00000 0.02821
9800.00000 0.02489
9820.00000 0.02174
9840.00000 0.01881
9860.00000 0.01654
9880.00000 0.01472
9900.00000 0.01315
9920.00000 0.01163
9940.00000 0.01015
9960.00000 0.00909
9980.00000 0.00824
10000.00000 0.00742
10020.00000 0.00661
10040.00000 0.00601
10060.00000 0.00558
10080.00000 0.00502
10100.00000 0.00446
10120.00000 0.00407
11132.00000 0.0
