threeML/data/optical_filters/CFHT/CFHT-cfh1808.ecsv
# %ECSV 0.9
# ---
# datatype:
# - {name: wavelength, unit: Angstrom, datatype: float32}
# - {name: response, datatype: float32}
# meta: !!omap
# - {band_name: cfh1808}
# - {group_name: CFHT}
wavelength response
6462.00000 0.0
7180.00000 0.0051
7200.00000 0.00806
7220.00000 0.013
7240.00000 0.02139
7260.00000 0.03625
7280.00000 0.06215
7300.00000 0.10608
7320.00000 0.17761
7340.00000 0.28343
7360.00000 0.41916
7380.00000 0.56239
7400.00000 0.68419
7420.00000 0.77246
7440.00000 0.83055
7460.00000 0.86696
7480.00000 0.89079
7500.00000 0.90753
7520.00000 0.92001
7540.00000 0.9297
7560.00000 0.93713
7580.00000 0.94257
7600.00000 0.9462
7620.00000 0.94841
7640.00000 0.94969
7660.00000 0.95033
7680.00000 0.95
7700.00000 0.94884
7720.00000 0.94737
7740.00000 0.94563
7760.00000 0.94429
7780.00000 0.94279
7800.00000 0.94104
7820.00000 0.94058
7840.00000 0.94058
7860.00000 0.94075
7880.00000 0.94165
7900.00000 0.94302
7920.00000 0.9444
7940.00000 0.94543
7960.00000 0.94679
7980.00000 0.94839
8000.00000 0.94902
8020.00000 0.94922
8040.00000 0.94992
8060.00000 0.95047
8080.00000 0.95116
8100.00000 0.95181
8120.00000 0.95261
8140.00000 0.95436
8160.00000 0.95578
8180.00000 0.95677
8200.00000 0.95792
8220.00000 0.95944
8240.00000 0.96086
8260.00000 0.96036
8280.00000 0.96017
8300.00000 0.96075
8320.00000 0.96069
8340.00000 0.96016
8360.00000 0.959
8380.00000 0.95805
8400.00000 0.95844
8420.00000 0.95934
8440.00000 0.95947
8460.00000 0.95999
8480.00000 0.95987
8500.00000 0.95912
8520.00000 0.95866
8540.00000 0.95767
8560.00000 0.95642
8580.00000 0.95517
8600.00000 0.95471
8620.00000 0.95425
8640.00000 0.95349
8660.00000 0.95358
8680.00000 0.9541
8700.00000 0.95529
8720.00000 0.95728
8740.00000 0.95938
8760.00000 0.96036
8780.00000 0.95976
8800.00000 0.95819
8820.00000 0.95602
8840.00000 0.9523
8860.00000 0.94704
8880.00000 0.94247
8900.00000 0.9382
8920.00000 0.93399
8940.00000 0.93207
8960.00000 0.93335
8980.00000 0.93671
9000.00000 0.94196
9020.00000 0.94817
9040.00000 0.95328
9060.00000 0.95538
9080.00000 0.95238
9100.00000 0.94348
9120.00000 0.92946
9140.00000 0.91313
9160.00000 0.89972
9180.00000 0.89372
9200.00000 0.89928
9220.00000 0.91461
9240.00000 0.92419
9260.00000 0.89224
9280.00000 0.77766
9300.00000 0.58653
9320.00000 0.38396
9340.00000 0.228
9360.00000 0.13011
9380.00000 0.0751
9400.00000 0.04482
9420.00000 0.02789
9440.00000 0.01802
9460.00000 0.01204
9480.00000 0.00829
9500.00000 0.00601
9520.00000 0.00479
9540.00000 0.00415
10494.00000 0.0
