threeML/data/optical_filters/CFHT/CFHT-cfh5212.ecsv
# %ECSV 0.9
# ---
# datatype:
# - {name: wavelength, unit: Angstrom, datatype: float32}
# - {name: response, datatype: float32}
# meta: !!omap
# - {band_name: cfh5212}
# - {group_name: CFHT}
wavelength response
14940.00000 0.0
16600.00000 0.00436
16605.00000 0.00438
16610.00000 0.0034
16615.00000 0.00389
16620.00000 0.00439
16625.00000 0.00343
16630.00000 0.00294
16635.00000 0.00591
16640.00000 0.00345
16645.00000 0.00395
16650.00000 0.00395
16655.00000 0.00494
16660.00000 0.00148
16665.00000 0.00197
16670.00000 0.00447
16675.00000 0.00249
16680.00000 0.00049
16685.00000 0.00198
16690.00000 0.0025
16695.00000 0.00401
16700.00000 0.00452
16705.00000 0.00252
16710.00000 0.0025
16715.00000 0.00352
16720.00000 0.00404
16725.00000 0.00201
16730.00000 0.00304
16735.00000 0.0071
16740.00000 0.00356
16745.00000 0.00458
16750.00000 0.00305
16755.00000 0.00357
16760.00000 0.00307
16765.00000 0.0041
16770.00000 0.00464
16775.00000 0.00464
16780.00000 0.00412
16785.00000 0.00258
16790.00000 0.00568
16795.00000 0.00414
16800.00000 0.00621
16805.00000 0.00365
16810.00000 0.00468
16815.00000 0.00468
16820.00000 0.00417
16825.00000 0.00418
16830.00000 0.00574
16835.00000 0.00731
16840.00000 0.00786
16845.00000 0.00632
16850.00000 0.01161
16855.00000 0.01161
16860.00000 0.01163
16865.00000 0.0143
16870.00000 0.02013
16875.00000 0.02174
16880.00000 0.02713
16885.00000 0.03151
16890.00000 0.03964
16895.00000 0.04515
16900.00000 0.06033
16905.00000 0.07509
16910.00000 0.10464
16915.00000 0.1236
16920.00000 0.16475
16925.00000 0.20006
16930.00000 0.26395
16935.00000 0.30754
16940.00000 0.38368
16945.00000 0.43631
16950.00000 0.50728
16955.00000 0.54456
16960.00000 0.59099
16965.00000 0.61716
16970.00000 0.64311
16975.00000 0.65535
16980.00000 0.6721
16985.00000 0.67639
16990.00000 0.68405
16995.00000 0.68895
17000.00000 0.69432
17005.00000 0.69673
17010.00000 0.69757
17015.00000 0.69992
17020.00000 0.69475
17025.00000 0.69389
17030.00000 0.68861
17035.00000 0.68376
17040.00000 0.67209
17045.00000 0.66681
17050.00000 0.64207
17055.00000 0.62492
17060.00000 0.58206
17065.00000 0.54729
17070.00000 0.4778
17075.00000 0.43149
17080.00000 0.34953
17085.00000 0.2955
17090.00000 0.22789
17095.00000 0.19002
17100.00000 0.14259
17105.00000 0.11682
17110.00000 0.08777
17115.00000 0.07085
17120.00000 0.05333
17125.00000 0.04649
17130.00000 0.03386
17135.00000 0.03101
17140.00000 0.02278
17145.00000 0.01939
17150.00000 0.01773
17155.00000 0.01382
17160.00000 0.01273
17165.00000 0.0105
17170.00000 0.00829
17175.00000 0.00829
17180.00000 0.00609
17185.00000 0.00497
17190.00000 0.00607
17195.00000 0.00497
17200.00000 0.00829
17205.00000 0.00444
18925.50000 0.0
