threeML/data/optical_filters/CFHT/CFHT-cfh1511.ecsv
# %ECSV 0.9
# ---
# datatype:
# - {name: wavelength, unit: Angstrom, datatype: float32}
# - {name: response, datatype: float32}
# meta: !!omap
# - {band_name: cfh1511}
# - {group_name: CFHT}
wavelength response
4473.00000 0.0
4970.00000 0.00421
4971.00000 0.00439
4972.00000 0.00468
4973.00000 0.00516
4974.00000 0.00568
4975.00000 0.00568
4976.00000 0.0063
4977.00000 0.00626
4978.00000 0.00717
4979.00000 0.00754
4980.00000 0.00807
4981.00000 0.00867
4982.00000 0.00949
4983.00000 0.00986
4984.00000 0.01102
4985.00000 0.01164
4986.00000 0.01291
4987.00000 0.01407
4988.00000 0.01552
4989.00000 0.01639
4990.00000 0.01721
4991.00000 0.01956
4992.00000 0.02124
4993.00000 0.02374
4994.00000 0.02582
4995.00000 0.0291
4996.00000 0.03201
4997.00000 0.03593
4998.00000 0.03961
4999.00000 0.04497
5000.00000 0.05112
5001.00000 0.05801
5002.00000 0.06641
5003.00000 0.0753
5004.00000 0.08704
5005.00000 0.09926
5006.00000 0.11572
5007.00000 0.13249
5008.00000 0.15405
5009.00000 0.17877
5010.00000 0.20473
5011.00000 0.23936
5012.00000 0.27728
5013.00000 0.32121
5014.00000 0.36789
5015.00000 0.41653
5016.00000 0.4743
5017.00000 0.52724
5018.00000 0.58508
5019.00000 0.63622
5020.00000 0.68159
5021.00000 0.7218
5022.00000 0.7421
5023.00000 0.77072
5024.00000 0.78883
5025.00000 0.79796
5026.00000 0.80518
5027.00000 0.80934
5028.00000 0.81079
5029.00000 0.81104
5030.00000 0.80931
5031.00000 0.80984
5032.00000 0.81036
5033.00000 0.80569
5034.00000 0.79996
5035.00000 0.78296
5036.00000 0.7618
5037.00000 0.73341
5038.00000 0.70244
5039.00000 0.66313
5040.00000 0.61186
5041.00000 0.55838
5042.00000 0.50179
5043.00000 0.44089
5044.00000 0.38821
5045.00000 0.33676
5046.00000 0.29753
5047.00000 0.25493
5048.00000 0.21774
5049.00000 0.18721
5050.00000 0.16306
5051.00000 0.14159
5052.00000 0.11977
5053.00000 0.10306
5054.00000 0.08751
5055.00000 0.07727
5056.00000 0.06874
5057.00000 0.05914
5058.00000 0.05273
5059.00000 0.04559
5060.00000 0.04068
5061.00000 0.03705
5062.00000 0.03304
5063.00000 0.02962
5064.00000 0.02664
5065.00000 0.02379
5066.00000 0.02202
5067.00000 0.01987
5068.00000 0.01773
5069.00000 0.01656
5070.00000 0.01491
5071.00000 0.01418
5072.00000 0.0127
5073.00000 0.01195
5074.00000 0.01089
5075.00000 0.01021
5076.00000 0.00958
5077.00000 0.00891
5078.00000 0.00818
5079.00000 0.00751
5080.00000 0.00717
5081.00000 0.00658
5082.00000 0.00645
5083.00000 0.00635
5084.00000 0.00604
5085.00000 0.00536
5086.00000 0.00485
5087.00000 0.0049
5088.00000 0.00462
5089.00000 0.00438
5597.89990 0.0
