threeML/data/optical_filters/CFHT/CFHT-cfh5307.ecsv
# %ECSV 0.9
# ---
# datatype:
# - {name: wavelength, unit: Angstrom, datatype: float32}
# - {name: response, datatype: float32}
# meta: !!omap
# - {band_name: cfh5307}
# - {group_name: CFHT}
wavelength response
17712.00000 0.0
19680.00000 0.00412
19700.00000 0.00427
19720.00000 0.00439
19740.00000 0.0047
19760.00000 0.00493
19780.00000 0.00502
19800.00000 0.00525
19820.00000 0.00558
19840.00000 0.00607
19860.00000 0.00655
19880.00000 0.00691
19900.00000 0.00716
19920.00000 0.00755
19940.00000 0.00819
19960.00000 0.0087
19980.00000 0.00951
20000.00000 0.0105
20020.00000 0.01112
20040.00000 0.01199
20060.00000 0.01302
20080.00000 0.01421
20100.00000 0.01575
20120.00000 0.01762
20140.00000 0.01953
20160.00000 0.02141
20180.00000 0.02393
20200.00000 0.02701
20220.00000 0.03058
20240.00000 0.03416
20260.00000 0.03851
20280.00000 0.04399
20300.00000 0.05025
20320.00000 0.05743
20340.00000 0.0659
20360.00000 0.0759
20380.00000 0.08749
20400.00000 0.10127
20420.00000 0.11743
20440.00000 0.13638
20460.00000 0.15901
20480.00000 0.18541
20500.00000 0.21477
20520.00000 0.24905
20540.00000 0.29042
20560.00000 0.33821
20580.00000 0.3905
20600.00000 0.44751
20620.00000 0.50859
20640.00000 0.57095
20660.00000 0.63458
20680.00000 0.69464
20700.00000 0.74773
20720.00000 0.79311
20740.00000 0.82826
20760.00000 0.85405
20780.00000 0.87032
20800.00000 0.87762
20820.00000 0.87917
20840.00000 0.87605
20860.00000 0.86861
20880.00000 0.85872
20900.00000 0.84787
20920.00000 0.83708
20940.00000 0.82626
20960.00000 0.81674
20980.00000 0.80829
21000.00000 0.80092
21020.00000 0.79576
21040.00000 0.79141
21060.00000 0.78925
21080.00000 0.78862
21100.00000 0.78935
21120.00000 0.79141
21140.00000 0.79483
21160.00000 0.79936
21180.00000 0.80486
21200.00000 0.81161
21220.00000 0.81898
21240.00000 0.82622
21260.00000 0.83366
21280.00000 0.84195
21300.00000 0.85031
21320.00000 0.85817
21340.00000 0.86572
21360.00000 0.87315
21380.00000 0.87939
21400.00000 0.8842
21420.00000 0.88837
21440.00000 0.89189
21460.00000 0.89391
21480.00000 0.89487
21500.00000 0.89467
21520.00000 0.89342
21540.00000 0.89102
21560.00000 0.88779
21580.00000 0.8837
21600.00000 0.8792
21620.00000 0.87433
21640.00000 0.86874
21660.00000 0.86293
21680.00000 0.85695
21700.00000 0.85112
21720.00000 0.84512
21740.00000 0.83929
21760.00000 0.83405
21780.00000 0.82883
21800.00000 0.82359
21820.00000 0.81996
21840.00000 0.81696
21860.00000 0.81352
21880.00000 0.8112
21900.00000 0.80963
21920.00000 0.80898
21940.00000 0.80927
21960.00000 0.81044
21980.00000 0.81233
22000.00000 0.81433
22020.00000 0.81686
22040.00000 0.82034
22060.00000 0.82442
22080.00000 0.82896
22100.00000 0.83417
22120.00000 0.84038
22140.00000 0.84676
22160.00000 0.85243
22180.00000 0.85858
22200.00000 0.86525
22220.00000 0.87109
22240.00000 0.87581
22260.00000 0.87856
22280.00000 0.87979
22300.00000 0.87822
22320.00000 0.8728
22340.00000 0.86441
22360.00000 0.85161
22380.00000 0.83324
22400.00000 0.80968
22420.00000 0.78163
22440.00000 0.74809
22460.00000 0.70984
22480.00000 0.66879
22500.00000 0.62419
22520.00000 0.57684
22540.00000 0.53003
22560.00000 0.48328
22580.00000 0.43633
22600.00000 0.39252
22620.00000 0.35172
22640.00000 0.31366
22660.00000 0.27939
22680.00000 0.24779
22700.00000 0.21985
22720.00000 0.19554
22740.00000 0.17393
22760.00000 0.15517
22780.00000 0.13832
22800.00000 0.12294
22820.00000 0.10976
22840.00000 0.09854
22860.00000 0.0883
22880.00000 0.07912
22900.00000 0.07114
22920.00000 0.06438
22940.00000 0.0585
22960.00000 0.05295
22980.00000 0.04784
23000.00000 0.04359
23020.00000 0.03993
23040.00000 0.03627
23060.00000 0.0332
23080.00000 0.03076
23100.00000 0.02832
23120.00000 0.02594
23140.00000 0.02406
23160.00000 0.02242
23180.00000 0.0206
23200.00000 0.01933
23220.00000 0.01822
23240.00000 0.01707
23260.00000 0.0164
23280.00000 0.01564
23300.00000 0.0145
23320.00000 0.0134
23340.00000 0.01254
23360.00000 0.01196
23380.00000 0.01131
23400.00000 0.01083
23420.00000 0.0105
23440.00000 0.00987
23460.00000 0.00912
23480.00000 0.00871
23500.00000 0.00859
23520.00000 0.00807
23540.00000 0.00754
23560.00000 0.00745
23580.00000 0.00739
23600.00000 0.00682
23620.00000 0.00647
23640.00000 0.00636
23660.00000 0.00604
23680.00000 0.00594
23700.00000 0.00597
23720.00000 0.00591
23740.00000 0.00568
23760.00000 0.00551
23780.00000 0.00549
23800.00000 0.00504
23820.00000 0.00475
23840.00000 0.00478
23860.00000 0.0047
23880.00000 0.00473
23900.00000 0.00449
23920.00000 0.0045
23940.00000 0.00447
23960.00000 0.00432
23980.00000 0.00401
26378.00000 0.0
