threeML/data/optical_filters/CFHT/CFHT-R.ecsv
# %ECSV 0.9
# ---
# datatype:
# - {name: wavelength, unit: Angstrom, datatype: float32}
# - {name: response, datatype: float32}
# meta: !!omap
# - {band_name: R}
# - {group_name: CFHT}
wavelength response
5580.00000 0.0
5600.00000 2e-05
5620.00000 9e-05
5640.00000 0.00038
5660.00000 0.00127
5680.00000 0.00345
5700.00000 0.00809
5720.00000 0.01656
5740.00000 0.02998
5760.00000 0.04906
5780.00000 0.07394
5800.00000 0.10439
5820.00000 0.13982
5840.00000 0.17976
5860.00000 0.22369
5880.00000 0.2713
5900.00000 0.32184
5920.00000 0.37404
5940.00000 0.42598
5960.00000 0.47571
5980.00000 0.52138
6000.00000 0.5618
6020.00000 0.5968
6040.00000 0.62723
6060.00000 0.6548
6080.00000 0.68153
6100.00000 0.70876
6120.00000 0.73668
6140.00000 0.76448
6160.00000 0.79073
6180.00000 0.81339
6200.00000 0.83063
6220.00000 0.84155
6240.00000 0.84653
6260.00000 0.84753
6280.00000 0.84726
6300.00000 0.84814
6320.00000 0.85158
6340.00000 0.858
6360.00000 0.86647
6380.00000 0.87534
6400.00000 0.88268
6420.00000 0.88696
6440.00000 0.88756
6460.00000 0.88492
6480.00000 0.87999
6500.00000 0.87405
6520.00000 0.8681
6540.00000 0.86272
6560.00000 0.85841
6580.00000 0.85551
6600.00000 0.85487
6620.00000 0.8575
6640.00000 0.86383
6660.00000 0.87349
6680.00000 0.88557
6700.00000 0.89891
6720.00000 0.91174
6740.00000 0.92235
6760.00000 0.92865
6780.00000 0.92891
6800.00000 0.92307
6820.00000 0.91249
6840.00000 0.89957
6860.00000 0.88666
6880.00000 0.8757
6900.00000 0.86786
6920.00000 0.86374
6940.00000 0.8638
6960.00000 0.86786
6980.00000 0.87515
7000.00000 0.88405
7020.00000 0.89223
7040.00000 0.89807
7060.00000 0.90086
7080.00000 0.89859
7100.00000 0.88548
7120.00000 0.85301
7140.00000 0.79439
7160.00000 0.71074
7180.00000 0.60931
7200.00000 0.49973
7220.00000 0.38902
7240.00000 0.2816
7260.00000 0.18401
7280.00000 0.10477
7300.00000 0.05035
7320.00000 0.01971
7340.00000 0.00659
7360.00000 0.00244
7380.00000 0.00105
7400.00000 0.00049
7420.00000 0.00021
7440.00000 9e-05
7460.00000 2e-05
7480.00000 0.0
7500.00000 0.0
7520.00000 0.0
7540.00000 0.0
7560.00000 0.0
7580.00000 0.0
7600.00000 0.0
7620.00000 0.0
7640.00000 0.0
7660.00000 0.0
7680.00000 0.0
7700.00000 0.0
7720.00000 0.0
7740.00000 0.0
7760.00000 0.0
7780.00000 0.0
7800.00000 0.0
7820.00000 0.0
7840.00000 0.0
7860.00000 0.0
7880.00000 0.0
7900.00000 0.0
7920.00000 0.0
7940.00000 0.0
7960.00000 0.0
7980.00000 0.0
8000.00000 0.0
8020.00000 0.0
8040.00000 0.0
8060.00000 0.0
8080.00000 0.0
8100.00000 0.0
8120.00000 0.0
8140.00000 0.0
8160.00000 0.0
8180.00000 0.0
8200.00000 0.0
8220.00000 0.0
8240.00000 2e-05
8260.00000 0.00012
8280.00000 0.00012
8300.00000 0.0
8320.00000 0.0
8340.00000 0.0
8360.00000 0.0
8380.00000 0.0
8400.00000 0.0
8420.00000 0.0
8440.00000 0.0
8460.00000 0.0
8480.00000 0.0
8500.00000 0.0
8520.00000 0.0
8540.00000 0.0
8560.00000 0.0
8580.00000 0.0
8600.00000 0.0
8620.00000 0.0
8640.00000 0.0
8660.00000 0.0
8680.00000 0.0
8700.00000 0.0
8720.00000 0.0
8740.00000 0.0
8760.00000 0.0
8780.00000 0.0
8800.00000 0.0
8820.00000 0.0
8840.00000 0.0
8860.00000 0.0
8880.00000 0.0
8900.00000 0.0
8920.00000 0.0
8940.00000 0.0
8960.00000 0.0
8980.00000 0.0
9000.00000 0.0
9020.00000 0.0
9040.00000 0.0
9060.00000 0.0
9080.00000 0.0
9100.00000 0.0
9120.00000 6e-05
9140.00000 3e-05
9160.00000 0.00012
9180.00000 0.00017
9200.00000 0.00017
9220.00000 0.00017
9240.00000 0.00014
9260.00000 0.00021
9280.00000 0.0002
9300.00000 0.0002
10230.00000 0.0
