threeML/data/optical_filters/CFHT/CFHT-cfh5207.ecsv
# %ECSV 0.9
# ---
# datatype:
# - {name: wavelength, unit: Angstrom, datatype: float32}
# - {name: response, datatype: float32}
# meta: !!omap
# - {band_name: cfh5207}
# - {group_name: CFHT}
wavelength response
13248.00000 0.0
14720.00000 0.00406
14740.00000 0.00441
14760.00000 0.00482
14780.00000 0.00543
14800.00000 0.00606
14820.00000 0.00667
14840.00000 0.00743
14860.00000 0.00836
14880.00000 0.00945
14900.00000 0.01059
14920.00000 0.01208
14940.00000 0.0139
14960.00000 0.01608
14980.00000 0.01863
15000.00000 0.02159
15020.00000 0.02516
15040.00000 0.02937
15060.00000 0.03445
15080.00000 0.04033
15100.00000 0.04726
15120.00000 0.05537
15140.00000 0.06471
15160.00000 0.07558
15180.00000 0.08804
15200.00000 0.10214
15220.00000 0.11774
15240.00000 0.13499
15260.00000 0.15385
15280.00000 0.17429
15300.00000 0.19666
15320.00000 0.22079
15340.00000 0.24686
15360.00000 0.2747
15380.00000 0.30449
15400.00000 0.33667
15420.00000 0.37109
15440.00000 0.40793
15460.00000 0.44679
15480.00000 0.48741
15500.00000 0.52916
15520.00000 0.57114
15540.00000 0.61276
15560.00000 0.65297
15580.00000 0.69046
15600.00000 0.72343
15620.00000 0.75089
15640.00000 0.77254
15660.00000 0.78787
15680.00000 0.79718
15700.00000 0.80101
15720.00000 0.8
15740.00000 0.79552
15760.00000 0.78812
15780.00000 0.77925
15800.00000 0.76987
15820.00000 0.7605
15840.00000 0.75185
15860.00000 0.74425
15880.00000 0.73825
15900.00000 0.73395
15920.00000 0.73181
15940.00000 0.7317
15960.00000 0.73332
15980.00000 0.73691
16000.00000 0.74239
16020.00000 0.74965
16040.00000 0.75848
16060.00000 0.76886
16080.00000 0.78067
16100.00000 0.79355
16120.00000 0.80748
16140.00000 0.82216
16160.00000 0.83704
16180.00000 0.85194
16200.00000 0.86687
16220.00000 0.88115
16240.00000 0.89436
16260.00000 0.90642
16280.00000 0.91685
16300.00000 0.92554
16320.00000 0.9325
16340.00000 0.9373
16360.00000 0.94023
16380.00000 0.94171
16400.00000 0.94139
16420.00000 0.93939
16440.00000 0.93604
16460.00000 0.93178
16480.00000 0.9265
16500.00000 0.92059
16520.00000 0.91437
16540.00000 0.9077
16560.00000 0.90097
16580.00000 0.89413
16600.00000 0.88774
16620.00000 0.88174
16640.00000 0.87596
16660.00000 0.87054
16680.00000 0.86554
16700.00000 0.86118
16720.00000 0.85716
16740.00000 0.85387
16760.00000 0.85103
16780.00000 0.84845
16800.00000 0.84608
16820.00000 0.8438
16840.00000 0.8421
16860.00000 0.84059
16880.00000 0.83923
16900.00000 0.83795
16920.00000 0.83641
16940.00000 0.83463
16960.00000 0.83261
16980.00000 0.83051
17000.00000 0.82846
17020.00000 0.82607
17040.00000 0.82309
17060.00000 0.81966
17080.00000 0.81567
17100.00000 0.81123
17120.00000 0.80632
17140.00000 0.80089
17160.00000 0.79469
17180.00000 0.78804
17200.00000 0.78091
17220.00000 0.77316
17240.00000 0.7648
17260.00000 0.75591
17280.00000 0.74678
17300.00000 0.73706
17320.00000 0.72661
17340.00000 0.71593
17360.00000 0.70494
17380.00000 0.6938
17400.00000 0.6825
17420.00000 0.67078
17440.00000 0.65892
17460.00000 0.64716
17480.00000 0.63562
17500.00000 0.6246
17520.00000 0.61365
17540.00000 0.6026
17560.00000 0.59247
17580.00000 0.58299
17600.00000 0.57416
17620.00000 0.56584
17640.00000 0.55847
17660.00000 0.55252
17680.00000 0.54733
17700.00000 0.54305
17720.00000 0.54008
17740.00000 0.5378
17760.00000 0.53679
17780.00000 0.53792
17800.00000 0.54088
17820.00000 0.54594
17840.00000 0.55321
17860.00000 0.56273
17880.00000 0.57452
17900.00000 0.58922
17920.00000 0.6071
17940.00000 0.62773
17960.00000 0.65077
17980.00000 0.67557
18000.00000 0.70123
18020.00000 0.72661
18040.00000 0.74878
18060.00000 0.76353
18080.00000 0.76633
18100.00000 0.75371
18120.00000 0.72293
18140.00000 0.67441
18160.00000 0.61026
18180.00000 0.5372
18200.00000 0.46223
18220.00000 0.38759
18240.00000 0.32162
18260.00000 0.26547
18280.00000 0.21759
18300.00000 0.17833
18320.00000 0.14537
18340.00000 0.1199
18360.00000 0.09938
18380.00000 0.08185
18400.00000 0.06821
18420.00000 0.05733
18440.00000 0.0482
18460.00000 0.04071
18480.00000 0.03444
18500.00000 0.0294
18520.00000 0.02507
18540.00000 0.02122
18560.00000 0.01863
18580.00000 0.01642
18600.00000 0.01414
18620.00000 0.01247
18640.00000 0.01106
18660.00000 0.00964
18680.00000 0.00864
18700.00000 0.00777
18720.00000 0.00671
18740.00000 0.00575
18760.00000 0.00517
18780.00000 0.00484
18800.00000 0.00436
18820.00000 0.00406
20702.00000 0.0
