threeML/data/optical_filters/CFHT/CFHT-cfh4801.ecsv
# %ECSV 0.9
# ---
# datatype:
# - {name: wavelength, unit: Angstrom, datatype: float32}
# - {name: response, datatype: float32}
# meta: !!omap
# - {band_name: cfh4801}
# - {group_name: CFHT}
wavelength response
6462.00000 0.0
7180.00000 0.00549
7200.00000 0.00899
7220.00000 0.01498
7240.00000 0.0257
7260.00000 0.04555
7280.00000 0.08243
7300.00000 0.14862
7320.00000 0.26009
7340.00000 0.42267
7360.00000 0.61084
7380.00000 0.77208
7400.00000 0.87125
7420.00000 0.91628
7440.00000 0.93288
7460.00000 0.93927
7480.00000 0.94357
7500.00000 0.94736
7520.00000 0.95052
7540.00000 0.95284
7560.00000 0.95335
7580.00000 0.9529
7600.00000 0.95177
7620.00000 0.95082
7640.00000 0.95001
7660.00000 0.94934
7680.00000 0.94965
7700.00000 0.9496
7720.00000 0.94949
7740.00000 0.94972
7760.00000 0.94919
7780.00000 0.948
7800.00000 0.94673
7820.00000 0.94516
7840.00000 0.94289
7860.00000 0.94112
7880.00000 0.93881
7900.00000 0.93677
7920.00000 0.93536
7940.00000 0.93279
7960.00000 0.93114
7980.00000 0.93037
8000.00000 0.9301
8020.00000 0.93048
8040.00000 0.93132
8060.00000 0.93231
8080.00000 0.93407
8100.00000 0.93651
8120.00000 0.93904
8140.00000 0.94215
8160.00000 0.94519
8180.00000 0.94701
8200.00000 0.94894
8220.00000 0.95016
8240.00000 0.94951
8260.00000 0.94821
8280.00000 0.94748
8300.00000 0.94772
8320.00000 0.94565
8340.00000 0.94237
8360.00000 0.94194
8380.00000 0.94124
8400.00000 0.94073
8420.00000 0.94257
8440.00000 0.94392
8460.00000 0.94472
8480.00000 0.94533
8500.00000 0.94649
8520.00000 0.94725
8540.00000 0.94643
8560.00000 0.94418
8580.00000 0.94125
8600.00000 0.939
8620.00000 0.93546
8640.00000 0.93163
8660.00000 0.93018
8680.00000 0.92992
8700.00000 0.92931
8720.00000 0.92999
8740.00000 0.93407
8760.00000 0.938
8780.00000 0.94012
8800.00000 0.9431
8820.00000 0.94518
8840.00000 0.94556
8860.00000 0.9447
8880.00000 0.94191
8900.00000 0.93774
8920.00000 0.9344
8940.00000 0.93176
8960.00000 0.92876
8980.00000 0.92784
9000.00000 0.93025
9020.00000 0.93398
9040.00000 0.9377
9060.00000 0.94217
9080.00000 0.94557
9100.00000 0.94606
9120.00000 0.9436
9140.00000 0.93997
9160.00000 0.93619
9180.00000 0.93364
9200.00000 0.93433
9220.00000 0.93304
9240.00000 0.91414
9260.00000 0.84967
9280.00000 0.71582
9300.00000 0.53522
9320.00000 0.36061
9340.00000 0.22331
9360.00000 0.1313
9380.00000 0.07762
9400.00000 0.0477
9420.00000 0.03012
9440.00000 0.01921
9460.00000 0.0126
9480.00000 0.00891
9500.00000 0.00652
9520.00000 0.00467
10472.00000 0.0
