threeML/data/optical_filters/CFHT/CFHT-cfh5502.ecsv
# %ECSV 0.9
# ---
# datatype:
# - {name: wavelength, unit: Angstrom, datatype: float32}
# - {name: response, datatype: float32}
# meta: !!omap
# - {band_name: cfh5502}
# - {group_name: CFHT}
wavelength response
26550.00000 0.0
29500.00000 0.00433
29520.00000 0.00388
29540.00000 0.00383
29560.00000 0.00429
29580.00000 0.00435
29600.00000 0.00479
29620.00000 0.00583
29640.00000 0.00615
29660.00000 0.00629
29680.00000 0.00609
29700.00000 0.00656
29720.00000 0.00809
29740.00000 0.00916
29760.00000 0.01021
29780.00000 0.01201
29800.00000 0.0132
29820.00000 0.01413
29840.00000 0.01553
29860.00000 0.01881
29880.00000 0.02074
29900.00000 0.02075
29920.00000 0.02419
29940.00000 0.0284
29960.00000 0.02994
29980.00000 0.03267
30000.00000 0.03786
30020.00000 0.04448
30040.00000 0.05231
30060.00000 0.05983
30080.00000 0.06833
30100.00000 0.07854
30120.00000 0.0898
30140.00000 0.10237
30160.00000 0.1183
30180.00000 0.13704
30200.00000 0.15759
30220.00000 0.18108
30240.00000 0.20792
30260.00000 0.2379
30280.00000 0.27022
30300.00000 0.30605
30320.00000 0.34457
30340.00000 0.38519
30360.00000 0.42877
30380.00000 0.47173
30400.00000 0.51427
30420.00000 0.55716
30440.00000 0.59659
30460.00000 0.63303
30480.00000 0.6678
30500.00000 0.69868
30520.00000 0.72581
30540.00000 0.74977
30560.00000 0.76915
30580.00000 0.78452
30600.00000 0.79793
30620.00000 0.80841
30640.00000 0.81534
30660.00000 0.82208
30680.00000 0.82693
30700.00000 0.82925
30720.00000 0.83247
30740.00000 0.83333
30760.00000 0.83223
30780.00000 0.83176
30800.00000 0.83018
30820.00000 0.82706
30840.00000 0.82391
30860.00000 0.82014
30880.00000 0.81711
30900.00000 0.8139
30920.00000 0.81102
30940.00000 0.81023
30960.00000 0.8082
30980.00000 0.80502
31000.00000 0.80377
31020.00000 0.80525
31040.00000 0.81003
31060.00000 0.81322
31080.00000 0.81528
31100.00000 0.82167
31120.00000 0.82843
31140.00000 0.83376
31160.00000 0.83804
31180.00000 0.84537
31200.00000 0.84718
31220.00000 0.84164
31240.00000 0.83298
31260.00000 0.81705
31280.00000 0.79665
31300.00000 0.76756
31320.00000 0.7272
31340.00000 0.68242
31360.00000 0.63284
31380.00000 0.57559
31400.00000 0.51454
31420.00000 0.4568
31440.00000 0.40021
31460.00000 0.34734
31480.00000 0.29965
31500.00000 0.25702
31520.00000 0.21997
31540.00000 0.18579
31560.00000 0.15996
31580.00000 0.13922
31600.00000 0.1181
31620.00000 0.10252
31640.00000 0.08835
31660.00000 0.07611
31680.00000 0.06366
31700.00000 0.05261
31720.00000 0.04944
31740.00000 0.04105
31760.00000 0.0381
31780.00000 0.0376
31800.00000 0.03107
31820.00000 0.02481
31840.00000 0.02193
31860.00000 0.02106
31880.00000 0.01602
31900.00000 0.01656
31920.00000 0.01749
31940.00000 0.01195
31960.00000 0.01021
31980.00000 0.01201
32000.00000 0.01303
35200.00000 0.0
