threeML/data/optical_filters/CFHT/CFHT-cfh1316.ecsv
# %ECSV 0.9
# ---
# datatype:
# - {name: wavelength, unit: Angstrom, datatype: float32}
# - {name: response, datatype: float32}
# meta: !!omap
# - {band_name: cfh1316}
# - {group_name: CFHT}
wavelength response
2637.00000 0.0
2930.00000 0.00401
2932.00000 0.00427
2934.00000 0.00455
2936.00000 0.00484
2938.00000 0.00514
2940.00000 0.00545
2942.00000 0.00578
2944.00000 0.00613
2946.00000 0.00648
2948.00000 0.00687
2950.00000 0.00726
2952.00000 0.00768
2954.00000 0.0081
2956.00000 0.00854
2958.00000 0.00902
2960.00000 0.00951
2962.00000 0.01001
2964.00000 0.01053
2966.00000 0.01108
2968.00000 0.01164
2970.00000 0.01224
2972.00000 0.01285
2974.00000 0.01347
2976.00000 0.01413
2978.00000 0.0148
2980.00000 0.0155
2982.00000 0.01624
2984.00000 0.01698
2986.00000 0.01775
2988.00000 0.01854
2990.00000 0.01936
2992.00000 0.02022
2994.00000 0.02109
2996.00000 0.02199
2998.00000 0.02292
3000.00000 0.02386
3002.00000 0.02484
3004.00000 0.02583
3006.00000 0.02687
3008.00000 0.02792
3010.00000 0.02902
3012.00000 0.03014
3014.00000 0.03128
3016.00000 0.03244
3018.00000 0.03365
3020.00000 0.03488
3022.00000 0.03615
3024.00000 0.03743
3026.00000 0.03876
3028.00000 0.04012
3030.00000 0.0415
3032.00000 0.04292
3034.00000 0.04436
3036.00000 0.0459
3038.00000 0.04747
3040.00000 0.04907
3042.00000 0.0507
3044.00000 0.05238
3046.00000 0.05408
3048.00000 0.05582
3050.00000 0.05759
3052.00000 0.05939
3054.00000 0.06123
3056.00000 0.0631
3058.00000 0.06499
3060.00000 0.06693
3062.00000 0.06888
3064.00000 0.07088
3066.00000 0.07291
3068.00000 0.07491
3070.00000 0.07695
3072.00000 0.07901
3074.00000 0.0811
3076.00000 0.08322
3078.00000 0.08537
3080.00000 0.08754
3082.00000 0.08975
3084.00000 0.09198
3086.00000 0.09424
3088.00000 0.09654
3090.00000 0.09886
3092.00000 0.10121
3094.00000 0.10359
3096.00000 0.10599
3098.00000 0.10841
3100.00000 0.11087
3102.00000 0.11334
3104.00000 0.11584
3106.00000 0.11838
3108.00000 0.12093
3110.00000 0.1235
3112.00000 0.12611
3114.00000 0.12874
3116.00000 0.13139
3118.00000 0.13406
3120.00000 0.13676
3122.00000 0.13948
3124.00000 0.14221
3126.00000 0.14497
3128.00000 0.14775
3130.00000 0.15056
3132.00000 0.15338
3134.00000 0.15622
3136.00000 0.15907
3138.00000 0.16197
3140.00000 0.16487
3142.00000 0.16779
3144.00000 0.17072
3146.00000 0.17366
3148.00000 0.17664
3150.00000 0.17961
3152.00000 0.1826
3154.00000 0.18561
3156.00000 0.18864
3158.00000 0.19168
3160.00000 0.19473
3162.00000 0.1978
3164.00000 0.20085
3166.00000 0.20393
3168.00000 0.20703
3170.00000 0.21011
3172.00000 0.21323
3174.00000 0.21634
3176.00000 0.21945
3178.00000 0.22258
3180.00000 0.22571
3182.00000 0.22884
3184.00000 0.23198
3186.00000 0.23512
3188.00000 0.23825
3190.00000 0.24138
3192.00000 0.24452
3194.00000 0.24767
3196.00000 0.25081
3198.00000 0.25395
3200.00000 0.25708
3202.00000 0.26022
3204.00000 0.26335
3206.00000 0.26649
3208.00000 0.26964
3210.00000 0.27277
3212.00000 0.27589
3214.00000 0.27902
3216.00000 0.28215
3218.00000 0.28526
3220.00000 0.28838
3222.00000 0.2915
3224.00000 0.29462
3226.00000 0.29773
3228.00000 0.30084
3230.00000 0.30396
3232.00000 0.30707
3234.00000 0.31017
3236.00000 0.31326
3238.00000 0.31636
3240.00000 0.31946
3242.00000 0.32256
3244.00000 0.32564
3246.00000 0.32874
3248.00000 0.33183
3250.00000 0.33492
3252.00000 0.33798
3254.00000 0.34105
3256.00000 0.34412
3258.00000 0.34717
3260.00000 0.3502
3262.00000 0.35324
3264.00000 0.35626
3266.00000 0.35927
3268.00000 0.36227
3270.00000 0.36526
3272.00000 0.36823
3274.00000 0.37119
3276.00000 0.37413
3278.00000 0.37704
3280.00000 0.37996
3282.00000 0.38284
3284.00000 0.38573
3286.00000 0.38861
3288.00000 0.39145
3290.00000 0.39429
3292.00000 0.39713
3294.00000 0.39993
3296.00000 0.40274
3298.00000 0.40552
3300.00000 0.40828
3302.00000 0.41103
3304.00000 0.41376
3306.00000 0.41647
3308.00000 0.41917
3310.00000 0.42186
3312.00000 0.42451
3314.00000 0.42717
3316.00000 0.42979
3318.00000 0.4324
3320.00000 0.435
3322.00000 0.43758
3324.00000 0.44012
3326.00000 0.44264
3328.00000 0.44516
3330.00000 0.44766
3332.00000 0.45015
3334.00000 0.45261
3336.00000 0.45505
3338.00000 0.45747
3340.00000 0.45988
3342.00000 0.46228
3344.00000 0.46466
3346.00000 0.46701
3348.00000 0.46935
3350.00000 0.47166
3352.00000 0.47397
3354.00000 0.47624
3356.00000 0.47852
3358.00000 0.48076
3360.00000 0.48299
3362.00000 0.48518
3364.00000 0.48737
3366.00000 0.48952
3368.00000 0.49167
3370.00000 0.4938
3372.00000 0.49591
3374.00000 0.498
3376.00000 0.50008
3378.00000 0.50214
3380.00000 0.50418
3382.00000 0.5062
3384.00000 0.50819
3386.00000 0.51018
3388.00000 0.51213
3390.00000 0.51408
3392.00000 0.51602
3394.00000 0.51794
3396.00000 0.51984
3398.00000 0.52173
3400.00000 0.52361
3402.00000 0.52545
3404.00000 0.5273
3406.00000 0.52911
3408.00000 0.53091
3410.00000 0.5327
3412.00000 0.53447
3414.00000 0.53622
3416.00000 0.53798
3418.00000 0.5397
3420.00000 0.54141
3422.00000 0.54311
3424.00000 0.54478
3426.00000 0.54645
3428.00000 0.54811
3430.00000 0.54976
3432.00000 0.55139
3434.00000 0.55299
3436.00000 0.5546
3438.00000 0.55617
3440.00000 0.55774
3442.00000 0.55931
3444.00000 0.56085
3446.00000 0.56239
3448.00000 0.56389
3450.00000 0.5654
3452.00000 0.56691
3454.00000 0.56839
3456.00000 0.56984
3458.00000 0.57129
3460.00000 0.57272
3462.00000 0.57414
3464.00000 0.57555
3466.00000 0.57692
3468.00000 0.57829
3470.00000 0.57965
3472.00000 0.58098
3474.00000 0.58229
3476.00000 0.58359
3478.00000 0.58487
3480.00000 0.58614
3482.00000 0.58739
3484.00000 0.58862
3486.00000 0.58984
3488.00000 0.59105
3490.00000 0.59224
3492.00000 0.59341
3494.00000 0.59456
3496.00000 0.5957
3498.00000 0.59683
3500.00000 0.59795
3502.00000 0.59903
3504.00000 0.60011
3506.00000 0.6012
3508.00000 0.60223
3510.00000 0.60327
3512.00000 0.60429
3514.00000 0.60529
3516.00000 0.60626
3518.00000 0.60724
3520.00000 0.60818
3522.00000 0.6091
3524.00000 0.61002
3526.00000 0.61092
3528.00000 0.61179
3530.00000 0.61266
3532.00000 0.61351
3534.00000 0.61433
3536.00000 0.61514
3538.00000 0.61594
3540.00000 0.6167
3542.00000 0.61746
3544.00000 0.61819
3546.00000 0.61891
3548.00000 0.61961
3550.00000 0.6203
3552.00000 0.62097
3554.00000 0.62163
3556.00000 0.62225
3558.00000 0.62285
3560.00000 0.62341
3562.00000 0.62396
3564.00000 0.62447
3566.00000 0.62506
3568.00000 0.62561
3570.00000 0.62614
3572.00000 0.62666
3574.00000 0.62714
3576.00000 0.62758
3578.00000 0.62801
3580.00000 0.62842
3582.00000 0.62878
3584.00000 0.62914
3586.00000 0.62959
3588.00000 0.63004
3590.00000 0.63045
3592.00000 0.63081
3594.00000 0.63118
3596.00000 0.63152
3598.00000 0.63173
3600.00000 0.63191
3602.00000 0.63206
3604.00000 0.63219
3606.00000 0.63229
3608.00000 0.63239
3610.00000 0.63245
3612.00000 0.63245
3614.00000 0.63242
3616.00000 0.63235
3618.00000 0.63214
3620.00000 0.63191
3622.00000 0.63165
3624.00000 0.63135
3626.00000 0.631
3628.00000 0.63065
3630.00000 0.63025
3632.00000 0.62985
3634.00000 0.62939
3636.00000 0.62891
3638.00000 0.62839
3640.00000 0.62784
3642.00000 0.62724
3644.00000 0.62663
3646.00000 0.62598
3648.00000 0.62529
3650.00000 0.62457
3652.00000 0.62379
3654.00000 0.62299
3656.00000 0.62215
3658.00000 0.62128
3660.00000 0.62035
3662.00000 0.61938
3664.00000 0.61838
3666.00000 0.61734
3668.00000 0.61626
3670.00000 0.61511
3672.00000 0.61392
3674.00000 0.6127
3676.00000 0.61145
3678.00000 0.61015
3680.00000 0.60881
3682.00000 0.60739
3684.00000 0.60594
3686.00000 0.60443
3688.00000 0.60289
3690.00000 0.60132
3692.00000 0.59969
3694.00000 0.59799
3696.00000 0.59624
3698.00000 0.59444
3700.00000 0.59259
3702.00000 0.5907
3704.00000 0.58876
3706.00000 0.58675
3708.00000 0.58467
3710.00000 0.58255
3712.00000 0.58037
3714.00000 0.57816
3716.00000 0.57588
3718.00000 0.57355
3720.00000 0.57117
3722.00000 0.56871
3724.00000 0.56619
3726.00000 0.56363
3728.00000 0.56102
3730.00000 0.55833
3732.00000 0.5556
3734.00000 0.55281
3736.00000 0.54996
3738.00000 0.54704
3740.00000 0.54407
3742.00000 0.54103
3744.00000 0.53795
3746.00000 0.53481
3748.00000 0.53157
3750.00000 0.52827
3752.00000 0.52492
3754.00000 0.52151
3756.00000 0.51804
3758.00000 0.51451
3760.00000 0.51091
3762.00000 0.50725
3764.00000 0.50352
3766.00000 0.49974
3768.00000 0.49591
3770.00000 0.492
3772.00000 0.48804
3774.00000 0.48401
3776.00000 0.47993
3778.00000 0.4758
3780.00000 0.4716
3782.00000 0.46738
3784.00000 0.46307
3786.00000 0.45871
3788.00000 0.4543
3790.00000 0.44983
3792.00000 0.44531
3794.00000 0.44075
3796.00000 0.43613
3798.00000 0.43147
3800.00000 0.42676
3802.00000 0.422
3804.00000 0.41719
3806.00000 0.41235
3808.00000 0.40746
3810.00000 0.40253
3812.00000 0.39754
3814.00000 0.39253
3816.00000 0.38747
3818.00000 0.38239
3820.00000 0.37724
3822.00000 0.37209
3824.00000 0.36687
3826.00000 0.36165
3828.00000 0.35637
3830.00000 0.35106
3832.00000 0.34572
3834.00000 0.34035
3836.00000 0.33495
3838.00000 0.32951
3840.00000 0.32405
3842.00000 0.31857
3844.00000 0.31306
3846.00000 0.30754
3848.00000 0.302
3850.00000 0.29646
3852.00000 0.29091
3854.00000 0.28534
3856.00000 0.27979
3858.00000 0.27423
3860.00000 0.26868
3862.00000 0.26314
3864.00000 0.25761
3866.00000 0.25212
3868.00000 0.24663
3870.00000 0.24117
3872.00000 0.23572
3874.00000 0.2303
3876.00000 0.22493
3878.00000 0.21957
3880.00000 0.21425
3882.00000 0.20897
3884.00000 0.20372
3886.00000 0.19853
3888.00000 0.19339
3890.00000 0.18828
3892.00000 0.18321
3894.00000 0.17821
3896.00000 0.17325
3898.00000 0.16833
3900.00000 0.16348
3902.00000 0.15869
3904.00000 0.15396
3906.00000 0.14929
3908.00000 0.14468
3910.00000 0.14017
3912.00000 0.13571
3914.00000 0.13133
3916.00000 0.12703
3918.00000 0.12279
3920.00000 0.11862
3922.00000 0.11455
3924.00000 0.11055
3926.00000 0.10664
3928.00000 0.10281
3930.00000 0.09908
3932.00000 0.09541
3934.00000 0.09184
3936.00000 0.08836
3938.00000 0.08498
3940.00000 0.08167
3942.00000 0.07845
3944.00000 0.0753
3946.00000 0.07224
3948.00000 0.06924
3950.00000 0.06635
3952.00000 0.06354
3954.00000 0.06081
3956.00000 0.05817
3958.00000 0.05559
3960.00000 0.0531
3962.00000 0.05069
3964.00000 0.04836
3966.00000 0.04611
3968.00000 0.04393
3970.00000 0.04184
3972.00000 0.03981
3974.00000 0.03786
3976.00000 0.036
3978.00000 0.03419
3980.00000 0.03247
3982.00000 0.03081
3984.00000 0.02922
3986.00000 0.02768
3988.00000 0.02621
3990.00000 0.02481
3992.00000 0.02348
3994.00000 0.0222
3996.00000 0.02098
3998.00000 0.01981
4000.00000 0.01869
4002.00000 0.01762
4004.00000 0.0166
4006.00000 0.01564
4008.00000 0.01472
4010.00000 0.01384
4012.00000 0.01302
4014.00000 0.01222
4016.00000 0.01147
4018.00000 0.01076
4020.00000 0.01009
4022.00000 0.00945
4024.00000 0.00885
4026.00000 0.00827
4028.00000 0.00772
4030.00000 0.00722
4032.00000 0.00673
4034.00000 0.00627
4036.00000 0.00584
4038.00000 0.00543
4040.00000 0.00505
4042.00000 0.0047
4044.00000 0.00435
4046.00000 0.00404
4450.60010 0.0
