threeML/data/optical_filters/CFHT/CFHT-cfh8103.ecsv
# %ECSV 0.9
# ---
# datatype:
# - {name: wavelength, unit: Angstrom, datatype: float32}
# - {name: response, datatype: float32}
# meta: !!omap
# - {band_name: cfh8103}
# - {group_name: CFHT}
wavelength response
10315.79980 0.0
11462.00000 0.00533
11464.00000 0.0054
11466.00000 0.00551
11468.00000 0.00565
11470.00000 0.00574
11472.00000 0.00583
11474.00000 0.00594
11476.00000 0.00603
11478.00000 0.00609
11480.00000 0.00621
11482.00000 0.00633
11484.00000 0.00648
11486.00000 0.00665
11488.00000 0.00681
11490.00000 0.007
11492.00000 0.00717
11494.00000 0.00729
11496.00000 0.00745
11498.00000 0.00761
11500.00000 0.00777
11502.00000 0.00793
11504.00000 0.00815
11506.00000 0.00836
11508.00000 0.00861
11510.00000 0.00885
11512.00000 0.00903
11514.00000 0.00919
11516.00000 0.0094
11518.00000 0.00961
11520.00000 0.00984
11522.00000 0.01004
11524.00000 0.0103
11526.00000 0.01051
11528.00000 0.01074
11530.00000 0.01099
11532.00000 0.01122
11534.00000 0.01143
11536.00000 0.01166
11538.00000 0.01189
11540.00000 0.0121
11542.00000 0.01234
11544.00000 0.01263
11546.00000 0.01294
11548.00000 0.01317
11550.00000 0.01347
11552.00000 0.01375
11554.00000 0.01402
11556.00000 0.01428
11558.00000 0.01462
11560.00000 0.01495
11562.00000 0.01523
11564.00000 0.01556
11566.00000 0.01588
11568.00000 0.01619
11570.00000 0.01654
11572.00000 0.01692
11574.00000 0.01733
11576.00000 0.0177
11578.00000 0.01807
11580.00000 0.01849
11582.00000 0.01889
11584.00000 0.0193
11586.00000 0.01974
11588.00000 0.02023
11590.00000 0.02072
11592.00000 0.02124
11594.00000 0.02182
11596.00000 0.02238
11598.00000 0.02304
11600.00000 0.0237
11602.00000 0.02438
11604.00000 0.02513
11606.00000 0.02594
11608.00000 0.02676
11610.00000 0.02773
11612.00000 0.02869
11614.00000 0.02971
11616.00000 0.03084
11618.00000 0.03206
11620.00000 0.03336
11622.00000 0.03479
11624.00000 0.03625
11626.00000 0.03786
11628.00000 0.03963
11630.00000 0.04152
11632.00000 0.04362
11634.00000 0.04585
11636.00000 0.04817
11638.00000 0.05072
11640.00000 0.05347
11642.00000 0.0564
11644.00000 0.05954
11646.00000 0.0629
11648.00000 0.0665
11650.00000 0.07033
11652.00000 0.0743
11654.00000 0.07852
11656.00000 0.08304
11658.00000 0.08778
11660.00000 0.09273
11662.00000 0.09792
11664.00000 0.1033
11666.00000 0.10896
11668.00000 0.11491
11670.00000 0.12102
11672.00000 0.12735
11674.00000 0.1339
11676.00000 0.14066
11678.00000 0.14763
11680.00000 0.15482
11682.00000 0.1622
11684.00000 0.16985
11686.00000 0.1776
11688.00000 0.1855
11690.00000 0.19354
11692.00000 0.20177
11694.00000 0.2101
11696.00000 0.21857
11698.00000 0.22716
11700.00000 0.23579
11702.00000 0.24451
11704.00000 0.25334
11706.00000 0.26218
11708.00000 0.27104
11710.00000 0.27998
11712.00000 0.28882
11714.00000 0.29762
11716.00000 0.30643
11718.00000 0.31523
11720.00000 0.32397
11722.00000 0.33267
11724.00000 0.34125
11726.00000 0.34972
11728.00000 0.35814
11730.00000 0.36636
11732.00000 0.3745
11734.00000 0.38251
11736.00000 0.39038
11738.00000 0.39813
11740.00000 0.40576
11742.00000 0.41324
11744.00000 0.42061
11746.00000 0.42783
11748.00000 0.43492
11750.00000 0.44191
11752.00000 0.44879
11754.00000 0.45557
11756.00000 0.46228
11758.00000 0.46892
11760.00000 0.47543
11762.00000 0.48192
11764.00000 0.48836
11766.00000 0.4948
11768.00000 0.50119
11770.00000 0.50758
11772.00000 0.51392
11774.00000 0.52026
11776.00000 0.52657
11778.00000 0.53287
11780.00000 0.53918
11782.00000 0.54547
11784.00000 0.55183
11786.00000 0.55817
11788.00000 0.56454
11790.00000 0.57086
11792.00000 0.57727
11794.00000 0.58368
11796.00000 0.59007
11798.00000 0.59645
11800.00000 0.60283
11802.00000 0.60921
11804.00000 0.61559
11806.00000 0.62199
11808.00000 0.6284
11810.00000 0.6348
11812.00000 0.64114
11814.00000 0.64745
11816.00000 0.65359
11818.00000 0.65971
11820.00000 0.66577
11822.00000 0.67177
11824.00000 0.67761
11826.00000 0.68333
11828.00000 0.68895
11830.00000 0.69443
11832.00000 0.69974
11834.00000 0.7049
11836.00000 0.70984
11838.00000 0.71455
11840.00000 0.71915
11842.00000 0.72343
11844.00000 0.72748
11846.00000 0.73135
11848.00000 0.735
11850.00000 0.7384
11852.00000 0.74149
11854.00000 0.74435
11856.00000 0.74702
11858.00000 0.74937
11860.00000 0.7515
11862.00000 0.75334
11864.00000 0.75499
11866.00000 0.75638
11868.00000 0.7576
11870.00000 0.75862
11872.00000 0.75937
11874.00000 0.76003
11876.00000 0.76053
11878.00000 0.7608
11880.00000 0.76096
11882.00000 0.76102
11884.00000 0.76102
11886.00000 0.76088
11888.00000 0.76062
11890.00000 0.76031
11892.00000 0.75999
11894.00000 0.75964
11896.00000 0.75928
11898.00000 0.75887
11900.00000 0.75848
11902.00000 0.75809
11904.00000 0.75774
11906.00000 0.7574
11908.00000 0.75714
11910.00000 0.75691
11912.00000 0.75674
11914.00000 0.75662
11916.00000 0.75659
11918.00000 0.75668
11920.00000 0.75682
11922.00000 0.75711
11924.00000 0.75748
11926.00000 0.758
11928.00000 0.75854
11930.00000 0.75923
11932.00000 0.76003
11934.00000 0.76096
11936.00000 0.76201
11938.00000 0.76314
11940.00000 0.76439
11942.00000 0.76576
11944.00000 0.76727
11946.00000 0.76881
11948.00000 0.77045
11950.00000 0.77213
11952.00000 0.77391
11954.00000 0.77576
11956.00000 0.77759
11958.00000 0.77945
11960.00000 0.78134
11962.00000 0.78326
11964.00000 0.78523
11966.00000 0.78714
11968.00000 0.78906
11970.00000 0.79094
11972.00000 0.79283
11974.00000 0.79469
11976.00000 0.79649
11978.00000 0.79825
11980.00000 0.79999
11982.00000 0.80171
11984.00000 0.80341
11986.00000 0.80501
11988.00000 0.80658
11990.00000 0.80809
11992.00000 0.80956
11994.00000 0.81096
11996.00000 0.81224
11998.00000 0.81345
12000.00000 0.81462
12002.00000 0.8157
12004.00000 0.8167
12006.00000 0.81764
12008.00000 0.81856
12010.00000 0.8194
12012.00000 0.82014
12014.00000 0.82086
12016.00000 0.82146
12018.00000 0.82199
12020.00000 0.82251
12022.00000 0.82298
12024.00000 0.82341
12026.00000 0.82376
12028.00000 0.82407
12030.00000 0.82439
12032.00000 0.8246
12034.00000 0.82484
12036.00000 0.82506
12038.00000 0.82524
12040.00000 0.82533
12042.00000 0.82545
12044.00000 0.82555
12046.00000 0.82561
12048.00000 0.82568
12050.00000 0.82582
12052.00000 0.82591
12054.00000 0.82591
12056.00000 0.82599
12058.00000 0.82608
12060.00000 0.8262
12062.00000 0.82628
12064.00000 0.82643
12066.00000 0.82652
12068.00000 0.82663
12070.00000 0.82677
12072.00000 0.8269
12074.00000 0.82704
12076.00000 0.82718
12078.00000 0.82735
12080.00000 0.82753
12082.00000 0.82773
12084.00000 0.8279
12086.00000 0.82817
12088.00000 0.82843
12090.00000 0.82869
12092.00000 0.82895
12094.00000 0.82928
12096.00000 0.82957
12098.00000 0.82991
12100.00000 0.83025
12102.00000 0.83061
12104.00000 0.83105
12106.00000 0.8315
12108.00000 0.83206
12110.00000 0.83255
12112.00000 0.83304
12114.00000 0.83354
12116.00000 0.83411
12118.00000 0.83466
12120.00000 0.83514
12122.00000 0.83574
12124.00000 0.83632
12126.00000 0.83685
12128.00000 0.83743
12130.00000 0.83798
12132.00000 0.83861
12134.00000 0.83917
12136.00000 0.83971
12138.00000 0.84023
12140.00000 0.8407
12142.00000 0.84114
12144.00000 0.84164
12146.00000 0.84213
12148.00000 0.84258
12150.00000 0.84299
12152.00000 0.84346
12154.00000 0.84386
12156.00000 0.84424
12158.00000 0.84462
12160.00000 0.84502
12162.00000 0.8454
12164.00000 0.84572
12166.00000 0.84608
12168.00000 0.84641
12170.00000 0.84669
12172.00000 0.84698
12174.00000 0.84729
12176.00000 0.8475
12178.00000 0.8477
12180.00000 0.84789
12182.00000 0.84808
12184.00000 0.84827
12186.00000 0.84843
12188.00000 0.84865
12190.00000 0.84885
12192.00000 0.84901
12194.00000 0.84914
12196.00000 0.84929
12198.00000 0.8494
12200.00000 0.84955
12202.00000 0.84969
12204.00000 0.84976
12206.00000 0.84991
12208.00000 0.85005
12210.00000 0.85016
12212.00000 0.85031
12214.00000 0.8504
12216.00000 0.85048
12218.00000 0.85057
12220.00000 0.8506
12222.00000 0.85059
12224.00000 0.85062
12226.00000 0.85063
12228.00000 0.85063
12230.00000 0.85059
12232.00000 0.85056
12234.00000 0.85051
12236.00000 0.85051
12238.00000 0.85042
12240.00000 0.8503
12242.00000 0.85017
12244.00000 0.85005
12246.00000 0.84998
12248.00000 0.8499
12250.00000 0.84978
12252.00000 0.84962
12254.00000 0.84953
12256.00000 0.84943
12258.00000 0.84932
12260.00000 0.8492
12262.00000 0.84908
12264.00000 0.84897
12266.00000 0.84886
12268.00000 0.84879
12270.00000 0.84871
12272.00000 0.84868
12274.00000 0.84866
12276.00000 0.8486
12278.00000 0.84854
12280.00000 0.84846
12282.00000 0.84845
12284.00000 0.8484
12286.00000 0.84839
12288.00000 0.84834
12290.00000 0.84833
12292.00000 0.84834
12294.00000 0.84834
12296.00000 0.84834
12298.00000 0.84836
12300.00000 0.84837
12302.00000 0.84839
12304.00000 0.84848
12306.00000 0.84853
12308.00000 0.84866
12310.00000 0.84875
12312.00000 0.84889
12314.00000 0.84903
12316.00000 0.84918
12318.00000 0.84933
12320.00000 0.84949
12322.00000 0.84967
12324.00000 0.84979
12326.00000 0.85004
12328.00000 0.8502
12330.00000 0.85042
12332.00000 0.8506
12334.00000 0.8508
12336.00000 0.85098
12338.00000 0.85115
12340.00000 0.85133
12342.00000 0.85158
12344.00000 0.85179
12346.00000 0.85204
12348.00000 0.85223
12350.00000 0.85246
12352.00000 0.85272
12354.00000 0.85298
12356.00000 0.85329
12358.00000 0.85353
12360.00000 0.85382
12362.00000 0.85413
12364.00000 0.85445
12366.00000 0.85472
12368.00000 0.85506
12370.00000 0.85541
12372.00000 0.85568
12374.00000 0.85597
12376.00000 0.85625
12378.00000 0.85651
12380.00000 0.85684
12382.00000 0.85709
12384.00000 0.85742
12386.00000 0.85765
12388.00000 0.85791
12390.00000 0.85815
12392.00000 0.8584
12394.00000 0.85855
12396.00000 0.8587
12398.00000 0.85889
12400.00000 0.85902
12402.00000 0.85918
12404.00000 0.85933
12406.00000 0.85941
12408.00000 0.85956
12410.00000 0.85971
12412.00000 0.85982
12414.00000 0.85992
12416.00000 0.85995
12418.00000 0.86006
12420.00000 0.86011
12422.00000 0.86017
12424.00000 0.86018
12426.00000 0.86026
12428.00000 0.86032
12430.00000 0.86035
12432.00000 0.86035
12434.00000 0.86028
12436.00000 0.86021
12438.00000 0.86018
12440.00000 0.86014
12442.00000 0.86006
12444.00000 0.85999
12446.00000 0.85994
12448.00000 0.85985
12450.00000 0.85977
12452.00000 0.8597
12454.00000 0.85962
12456.00000 0.8595
12458.00000 0.85941
12460.00000 0.8593
12462.00000 0.85919
12464.00000 0.8591
12466.00000 0.85901
12468.00000 0.85893
12470.00000 0.85881
12472.00000 0.85866
12474.00000 0.85855
12476.00000 0.85841
12478.00000 0.85825
12480.00000 0.85809
12482.00000 0.85793
12484.00000 0.85779
12486.00000 0.85762
12488.00000 0.85748
12490.00000 0.85738
12492.00000 0.85727
12494.00000 0.85718
12496.00000 0.85709
12498.00000 0.85701
12500.00000 0.85692
12502.00000 0.85689
12504.00000 0.85684
12506.00000 0.85677
12508.00000 0.85675
12510.00000 0.85669
12512.00000 0.85664
12514.00000 0.85661
12516.00000 0.85654
12518.00000 0.85651
12520.00000 0.85651
12522.00000 0.85646
12524.00000 0.85635
12526.00000 0.85631
12528.00000 0.85625
12530.00000 0.85622
12532.00000 0.85617
12534.00000 0.85608
12536.00000 0.85602
12538.00000 0.85599
12540.00000 0.8559
12542.00000 0.85588
12544.00000 0.85582
12546.00000 0.85574
12548.00000 0.85576
12550.00000 0.85574
12552.00000 0.85567
12554.00000 0.85565
12556.00000 0.85568
12558.00000 0.85564
12560.00000 0.85561
12562.00000 0.85559
12564.00000 0.85553
12566.00000 0.85548
12568.00000 0.85548
12570.00000 0.85544
12572.00000 0.85544
12574.00000 0.85545
12576.00000 0.85547
12578.00000 0.85545
12580.00000 0.85541
12582.00000 0.85536
12584.00000 0.85533
12586.00000 0.85527
12588.00000 0.85516
12590.00000 0.85507
12592.00000 0.85501
12594.00000 0.85489
12596.00000 0.85483
12598.00000 0.85477
12600.00000 0.85463
12602.00000 0.85448
12604.00000 0.85429
12606.00000 0.8541
12608.00000 0.8539
12610.00000 0.85371
12612.00000 0.85347
12614.00000 0.85327
12616.00000 0.85303
12618.00000 0.85278
12620.00000 0.85251
12622.00000 0.85225
12624.00000 0.8519
12626.00000 0.85156
12628.00000 0.85124
12630.00000 0.85086
12632.00000 0.85049
12634.00000 0.85011
12636.00000 0.84976
12638.00000 0.84941
12640.00000 0.849
12642.00000 0.8486
12644.00000 0.84827
12646.00000 0.84781
12648.00000 0.84741
12650.00000 0.847
12652.00000 0.84662
12654.00000 0.84618
12656.00000 0.84576
12658.00000 0.84534
12660.00000 0.84492
12662.00000 0.84451
12664.00000 0.84407
12666.00000 0.84372
12668.00000 0.84334
12670.00000 0.84293
12672.00000 0.84253
12674.00000 0.84213
12676.00000 0.84174
12678.00000 0.84138
12680.00000 0.84105
12682.00000 0.84071
12684.00000 0.84039
12686.00000 0.8401
12688.00000 0.83987
12690.00000 0.83965
12692.00000 0.8394
12694.00000 0.8392
12696.00000 0.839
12698.00000 0.83876
12700.00000 0.83853
12702.00000 0.83835
12704.00000 0.83824
12706.00000 0.83813
12708.00000 0.83804
12710.00000 0.83794
12712.00000 0.83789
12714.00000 0.83789
12716.00000 0.83794
12718.00000 0.838
12720.00000 0.83806
12722.00000 0.8382
12724.00000 0.83833
12726.00000 0.83855
12728.00000 0.83879
12730.00000 0.83905
12732.00000 0.83934
12734.00000 0.83965
12736.00000 0.83998
12738.00000 0.84032
12740.00000 0.84068
12742.00000 0.84114
12744.00000 0.84155
12746.00000 0.84195
12748.00000 0.84239
12750.00000 0.84293
12752.00000 0.84343
12754.00000 0.84395
12756.00000 0.8445
12758.00000 0.84502
12760.00000 0.84563
12762.00000 0.84625
12764.00000 0.84688
12766.00000 0.84744
12768.00000 0.84805
12770.00000 0.84871
12772.00000 0.84932
12774.00000 0.84996
12776.00000 0.85059
12778.00000 0.85118
12780.00000 0.85176
12782.00000 0.85231
12784.00000 0.85286
12786.00000 0.85335
12788.00000 0.85385
12790.00000 0.85435
12792.00000 0.8548
12794.00000 0.85527
12796.00000 0.85574
12798.00000 0.85623
12800.00000 0.85667
12802.00000 0.85709
12804.00000 0.8575
12806.00000 0.8578
12808.00000 0.85815
12810.00000 0.85844
12812.00000 0.85875
12814.00000 0.85899
12816.00000 0.85924
12818.00000 0.85947
12820.00000 0.85963
12822.00000 0.8598
12824.00000 0.85991
12826.00000 0.85995
12828.00000 0.85997
12830.00000 0.85999
12832.00000 0.85995
12834.00000 0.85986
12836.00000 0.8598
12838.00000 0.85963
12840.00000 0.85948
12842.00000 0.85939
12844.00000 0.85916
12846.00000 0.85892
12848.00000 0.85872
12850.00000 0.85846
12852.00000 0.85817
12854.00000 0.85779
12856.00000 0.85744
12858.00000 0.8571
12860.00000 0.85669
12862.00000 0.8562
12864.00000 0.85571
12866.00000 0.85524
12868.00000 0.85468
12870.00000 0.85419
12872.00000 0.85362
12874.00000 0.85303
12876.00000 0.85248
12878.00000 0.85191
12880.00000 0.8513
12882.00000 0.85071
12884.00000 0.8501
12886.00000 0.84949
12888.00000 0.84886
12890.00000 0.84822
12892.00000 0.8476
12894.00000 0.84705
12896.00000 0.84645
12898.00000 0.84583
12900.00000 0.84523
12902.00000 0.84462
12904.00000 0.84404
12906.00000 0.84348
12908.00000 0.84291
12910.00000 0.84233
12912.00000 0.84175
12914.00000 0.84123
12916.00000 0.84073
12918.00000 0.84026
12920.00000 0.83983
12922.00000 0.8394
12924.00000 0.83902
12926.00000 0.83862
12928.00000 0.83829
12930.00000 0.83801
12932.00000 0.83775
12934.00000 0.83752
12936.00000 0.8373
12938.00000 0.83705
12940.00000 0.83682
12942.00000 0.83664
12944.00000 0.83644
12946.00000 0.83627
12948.00000 0.83612
12950.00000 0.83598
12952.00000 0.83589
12954.00000 0.83575
12956.00000 0.83566
12958.00000 0.83559
12960.00000 0.83549
12962.00000 0.83539
12964.00000 0.83533
12966.00000 0.83528
12968.00000 0.83521
12970.00000 0.83521
12972.00000 0.83513
12974.00000 0.83511
12976.00000 0.83511
12978.00000 0.83507
12980.00000 0.83505
12982.00000 0.83508
12984.00000 0.83505
12986.00000 0.8351
12988.00000 0.8351
12990.00000 0.83511
12992.00000 0.83516
12994.00000 0.83516
12996.00000 0.83519
12998.00000 0.83521
13000.00000 0.83525
13002.00000 0.83525
13004.00000 0.83528
13006.00000 0.8353
13008.00000 0.83531
13010.00000 0.83537
13012.00000 0.83537
13014.00000 0.83531
13016.00000 0.83528
13018.00000 0.83514
13020.00000 0.83505
13022.00000 0.83496
13024.00000 0.83482
13026.00000 0.8347
13028.00000 0.83452
13030.00000 0.83432
13032.00000 0.83412
13034.00000 0.83391
13036.00000 0.83371
13038.00000 0.83348
13040.00000 0.83321
13042.00000 0.8329
13044.00000 0.83261
13046.00000 0.83232
13048.00000 0.83203
13050.00000 0.83182
13052.00000 0.83157
13054.00000 0.8313
13056.00000 0.83099
13058.00000 0.83076
13060.00000 0.83047
13062.00000 0.8302
13064.00000 0.82996
13066.00000 0.82968
13068.00000 0.82939
