threeML/data/optical_filters/CFHT/CFHT-cfh6109.ecsv
# %ECSV 0.9
# ---
# datatype:
# - {name: wavelength, unit: Angstrom, datatype: float32}
# - {name: response, datatype: float32}
# meta: !!omap
# - {band_name: cfh6109}
# - {group_name: CFHT}
wavelength response
10296.00000 0.0
11440.00000 0.00432
11460.00000 0.00598
11480.00000 0.00842
11500.00000 0.01192
11520.00000 0.0172
11540.00000 0.02525
11560.00000 0.03752
11580.00000 0.05684
11600.00000 0.08679
11620.00000 0.13481
11640.00000 0.21048
11660.00000 0.32288
11680.00000 0.46938
11700.00000 0.62125
11720.00000 0.73773
11740.00000 0.79704
11760.00000 0.81082
11780.00000 0.80569
11800.00000 0.80081
11820.00000 0.80327
11840.00000 0.81273
11860.00000 0.82622
11880.00000 0.83923
11900.00000 0.84874
11920.00000 0.85342
11940.00000 0.85312
11960.00000 0.84969
11980.00000 0.84523
12000.00000 0.84143
12020.00000 0.83942
12040.00000 0.83987
12060.00000 0.84291
12080.00000 0.84779
12100.00000 0.8537
12120.00000 0.85994
12140.00000 0.86528
12160.00000 0.86906
12180.00000 0.8709
12200.00000 0.87062
12220.00000 0.86794
12240.00000 0.86293
12260.00000 0.85699
12280.00000 0.851
12300.00000 0.84576
12320.00000 0.84181
12340.00000 0.83966
12360.00000 0.83961
12380.00000 0.84201
12400.00000 0.84674
12420.00000 0.85326
12440.00000 0.8611
12460.00000 0.86945
12480.00000 0.87767
12500.00000 0.88496
12520.00000 0.89085
12540.00000 0.89505
12560.00000 0.89767
12580.00000 0.89899
12600.00000 0.89934
12620.00000 0.89931
12640.00000 0.89935
12660.00000 0.89948
12680.00000 0.89986
12700.00000 0.90076
12720.00000 0.9017
12740.00000 0.90254
12760.00000 0.90327
12780.00000 0.90361
12800.00000 0.9035
12820.00000 0.90292
12840.00000 0.90218
12860.00000 0.90137
12880.00000 0.90028
12900.00000 0.89911
12920.00000 0.89804
12940.00000 0.89676
12960.00000 0.89511
12980.00000 0.89302
13000.00000 0.88954
13020.00000 0.88469
13040.00000 0.87868
13060.00000 0.87102
13080.00000 0.86281
13100.00000 0.85538
13120.00000 0.84991
13140.00000 0.84862
13160.00000 0.85376
13180.00000 0.86641
13200.00000 0.88464
13220.00000 0.89934
13240.00000 0.88857
13260.00000 0.82433
13280.00000 0.69356
13300.00000 0.52055
13320.00000 0.35458
13340.00000 0.22737
13360.00000 0.1432
13380.00000 0.09174
13400.00000 0.0601
13420.00000 0.04051
13440.00000 0.02814
13460.00000 0.02017
13480.00000 0.01491
13500.00000 0.01129
13520.00000 0.00879
13540.00000 0.007
13560.00000 0.00565
13580.00000 0.00473
13600.00000 0.00407
14960.00000 0.0
