threeML/data/optical_filters/CFHT/CFHT-cfh6320.ecsv
# %ECSV 0.9
# ---
# datatype:
# - {name: wavelength, unit: Angstrom, datatype: float32}
# - {name: response, datatype: float32}
# meta: !!omap
# - {band_name: cfh6320}
# - {group_name: CFHT}
wavelength response
19193.40039 0.0
21326.00000 0.02908
21328.00000 0.02919
21330.00000 0.0293
21332.00000 0.0294
21334.00000 0.02951
21336.00000 0.02962
21338.00000 0.02974
21340.00000 0.02986
21342.00000 0.02997
21344.00000 0.03011
21346.00000 0.03023
21348.00000 0.03036
21350.00000 0.03049
21352.00000 0.03061
21354.00000 0.03075
21356.00000 0.0309
21358.00000 0.03104
21360.00000 0.03119
21362.00000 0.03134
21364.00000 0.03151
21366.00000 0.03166
21368.00000 0.03183
21370.00000 0.032
21372.00000 0.03217
21374.00000 0.03235
21376.00000 0.03253
21378.00000 0.03273
21380.00000 0.03293
21382.00000 0.03313
21384.00000 0.03334
21386.00000 0.03354
21388.00000 0.03375
21390.00000 0.03398
21392.00000 0.03419
21394.00000 0.03445
21396.00000 0.03467
21398.00000 0.03491
21400.00000 0.03517
21402.00000 0.03543
21404.00000 0.03572
21406.00000 0.03601
21408.00000 0.03629
21410.00000 0.03659
21412.00000 0.0369
21414.00000 0.0372
21416.00000 0.03755
21418.00000 0.0379
21420.00000 0.03824
21422.00000 0.0386
21424.00000 0.03897
21426.00000 0.03937
21428.00000 0.03976
21430.00000 0.04019
21432.00000 0.04062
21434.00000 0.04106
21436.00000 0.0415
21438.00000 0.04198
21440.00000 0.04247
21442.00000 0.04297
21444.00000 0.04349
21446.00000 0.04404
21448.00000 0.04459
21450.00000 0.04515
21452.00000 0.04575
21454.00000 0.04636
21456.00000 0.04701
21458.00000 0.04768
21460.00000 0.04839
21462.00000 0.04909
21464.00000 0.04985
21466.00000 0.05064
21468.00000 0.05144
21470.00000 0.05229
21472.00000 0.05316
21474.00000 0.05406
21476.00000 0.05501
21478.00000 0.056
21480.00000 0.05704
21482.00000 0.05811
21484.00000 0.05922
21486.00000 0.06039
21488.00000 0.06158
21490.00000 0.06287
21492.00000 0.06418
21494.00000 0.06557
21496.00000 0.06702
21498.00000 0.06851
21500.00000 0.0701
21502.00000 0.07173
21504.00000 0.07346
21506.00000 0.07526
21508.00000 0.07713
21510.00000 0.07907
21512.00000 0.08113
21514.00000 0.08328
21516.00000 0.08554
21518.00000 0.08788
21520.00000 0.09032
21522.00000 0.09285
21524.00000 0.09549
21526.00000 0.09824
21528.00000 0.10112
21530.00000 0.10413
21532.00000 0.10725
21534.00000 0.1105
21536.00000 0.11386
21538.00000 0.11734
21540.00000 0.12097
21542.00000 0.12474
21544.00000 0.12863
21546.00000 0.13266
21548.00000 0.13683
21550.00000 0.14111
21552.00000 0.14558
21554.00000 0.15015
21556.00000 0.15486
21558.00000 0.15968
21560.00000 0.16464
21562.00000 0.16972
21564.00000 0.17494
21566.00000 0.18027
21568.00000 0.1857
21570.00000 0.19122
21572.00000 0.19682
21574.00000 0.20253
21576.00000 0.20833
21578.00000 0.21422
21580.00000 0.22017
21582.00000 0.22618
21584.00000 0.23222
21586.00000 0.23831
21588.00000 0.24443
21590.00000 0.25058
21592.00000 0.25673
21594.00000 0.26288
21596.00000 0.269
21598.00000 0.27505
21600.00000 0.28111
21602.00000 0.28712
21604.00000 0.29306
21606.00000 0.29892
21608.00000 0.30467
21610.00000 0.31032
21612.00000 0.31583
21614.00000 0.3212
21616.00000 0.3264
21618.00000 0.33148
21620.00000 0.33641
21622.00000 0.34113
21624.00000 0.34567
21626.00000 0.35004
21628.00000 0.35417
21630.00000 0.35814
21632.00000 0.36186
21634.00000 0.36537
21636.00000 0.3687
21638.00000 0.37177
21640.00000 0.37462
21642.00000 0.37726
21644.00000 0.37965
21646.00000 0.38185
21648.00000 0.38382
21650.00000 0.38557
21652.00000 0.3871
21654.00000 0.38841
21656.00000 0.38951
21658.00000 0.39041
21660.00000 0.3911
21662.00000 0.3916
21664.00000 0.39191
21666.00000 0.39206
21668.00000 0.39201
21670.00000 0.39182
21672.00000 0.39142
21674.00000 0.3909
21676.00000 0.39023
21678.00000 0.38943
21680.00000 0.3885
21682.00000 0.3875
21684.00000 0.38637
21686.00000 0.38516
21688.00000 0.38385
21690.00000 0.38251
21692.00000 0.3811
21694.00000 0.37965
21696.00000 0.37813
21698.00000 0.37659
21700.00000 0.375
21702.00000 0.3734
21704.00000 0.3718
21706.00000 0.37015
21708.00000 0.36852
21710.00000 0.36691
21712.00000 0.36528
21714.00000 0.36365
21716.00000 0.36203
21718.00000 0.36044
21720.00000 0.35886
21722.00000 0.35727
21724.00000 0.3557
21726.00000 0.35411
21728.00000 0.35258
21730.00000 0.35107
21732.00000 0.34953
21734.00000 0.34804
21736.00000 0.34654
21738.00000 0.34508
21740.00000 0.34361
21742.00000 0.34213
21744.00000 0.34067
21746.00000 0.3392
21748.00000 0.33771
21750.00000 0.33618
21752.00000 0.33467
21754.00000 0.3331
21756.00000 0.33148
21758.00000 0.32983
21760.00000 0.32816
21762.00000 0.32642
21764.00000 0.32465
21766.00000 0.3228
21768.00000 0.32091
21770.00000 0.31892
21772.00000 0.31686
21774.00000 0.31474
21776.00000 0.31252
21778.00000 0.3102
21780.00000 0.30777
21782.00000 0.3053
21784.00000 0.30269
21786.00000 0.3
21788.00000 0.29721
21790.00000 0.29431
21792.00000 0.29129
21794.00000 0.28819
21796.00000 0.28496
21798.00000 0.28165
21800.00000 0.27818
21802.00000 0.27466
21804.00000 0.27103
21806.00000 0.26727
21808.00000 0.26344
21810.00000 0.25954
21812.00000 0.25555
21814.00000 0.2515
21816.00000 0.24733
21818.00000 0.24315
21820.00000 0.23885
21822.00000 0.23454
21824.00000 0.23015
21826.00000 0.22574
21828.00000 0.22128
21830.00000 0.2168
21832.00000 0.21227
21834.00000 0.20772
21836.00000 0.20314
21838.00000 0.19861
21840.00000 0.19406
21842.00000 0.18954
21844.00000 0.18501
21846.00000 0.18051
21848.00000 0.17607
21850.00000 0.17166
21852.00000 0.1673
21854.00000 0.16295
21856.00000 0.15869
21858.00000 0.15446
21860.00000 0.15033
21862.00000 0.14627
21864.00000 0.14229
21866.00000 0.13838
21868.00000 0.13457
21870.00000 0.1308
21872.00000 0.12714
21874.00000 0.12357
21876.00000 0.12009
21878.00000 0.11667
21880.00000 0.11337
21882.00000 0.11014
21884.00000 0.10704
21886.00000 0.10402
21888.00000 0.10109
21890.00000 0.09825
21892.00000 0.09552
21894.00000 0.09282
21896.00000 0.09029
21898.00000 0.0878
21900.00000 0.0854
21902.00000 0.08311
21904.00000 0.0809
21906.00000 0.07874
21908.00000 0.07668
21910.00000 0.07469
21912.00000 0.07278
21914.00000 0.07094
21916.00000 0.06915
21918.00000 0.06746
21920.00000 0.06584
21922.00000 0.06427
21924.00000 0.06276
21926.00000 0.06131
21928.00000 0.05992
21930.00000 0.05861
21932.00000 0.05736
21934.00000 0.05612
21936.00000 0.05495
21938.00000 0.05385
21940.00000 0.05276
21942.00000 0.05174
21944.00000 0.05075
21946.00000 0.0498
21948.00000 0.04889
21950.00000 0.04799
21952.00000 0.04715
21954.00000 0.04637
21956.00000 0.04561
21958.00000 0.04488
21960.00000 0.04414
21962.00000 0.04344
21964.00000 0.04279
21966.00000 0.04216
21968.00000 0.04156
21970.00000 0.04095
21972.00000 0.04041
21974.00000 0.03986
21976.00000 0.03934
21978.00000 0.03883
21980.00000 0.03836
21982.00000 0.0379
21984.00000 0.03745
21986.00000 0.037
21988.00000 0.03659
21990.00000 0.03619
21992.00000 0.03581
21994.00000 0.03546
21996.00000 0.03511
21998.00000 0.03479
22000.00000 0.03445
22002.00000 0.03413
22004.00000 0.03383
22006.00000 0.03354
22008.00000 0.03325
22010.00000 0.033
22012.00000 0.03276
22014.00000 0.03249
22016.00000 0.03223
22018.00000 0.03201
22020.00000 0.03175
22022.00000 0.03154
22024.00000 0.03134
22026.00000 0.03111
22028.00000 0.03091
22030.00000 0.03072
22032.00000 0.03055
22034.00000 0.03036
22036.00000 0.0302
22038.00000 0.03004
22040.00000 0.02989
22042.00000 0.02972
22044.00000 0.02957
22046.00000 0.02945
22048.00000 0.02931
22050.00000 0.02919
22052.00000 0.02907
22054.00000 0.02895
22056.00000 0.02882
22058.00000 0.02872
22060.00000 0.02859
22062.00000 0.02849
22064.00000 0.02838
22066.00000 0.02829
22068.00000 0.02818
22070.00000 0.02808
22072.00000 0.02798
22074.00000 0.02791
22076.00000 0.02783
22078.00000 0.02776
22080.00000 0.02768
22082.00000 0.02759
22084.00000 0.02751
22086.00000 0.02744
22088.00000 0.02737
22090.00000 0.0273
24299.00000 0.0
