threeML/data/optical_filters/CFHT/CFHT-cfh5001.ecsv
# %ECSV 0.9
# ---
# datatype:
# - {name: wavelength, unit: Angstrom, datatype: float32}
# - {name: response, datatype: float32}
# meta: !!omap
# - {band_name: cfh5001}
# - {group_name: CFHT}
wavelength response
6696.00000 0.0
7440.00000 0.00531
7460.00000 0.00728
7480.00000 0.00967
7500.00000 0.01285
7520.00000 0.01738
7540.00000 0.02419
7560.00000 0.03407
7580.00000 0.04698
7600.00000 0.06168
7620.00000 0.07666
7640.00000 0.09132
7660.00000 0.10666
7680.00000 0.12476
7700.00000 0.14737
7720.00000 0.17557
7740.00000 0.20886
7760.00000 0.24471
7780.00000 0.27972
7800.00000 0.31216
7820.00000 0.34305
7840.00000 0.37462
7860.00000 0.40828
7880.00000 0.44337
7900.00000 0.47702
7920.00000 0.50697
7940.00000 0.53427
7960.00000 0.5598
7980.00000 0.58316
8000.00000 0.604
8020.00000 0.61952
8040.00000 0.6277
8060.00000 0.62967
8080.00000 0.62953
8100.00000 0.63338
8120.00000 0.64607
8140.00000 0.66963
8160.00000 0.7012
8180.00000 0.73238
8200.00000 0.75273
8220.00000 0.75577
8240.00000 0.74406
8260.00000 0.72557
8280.00000 0.70998
8300.00000 0.70674
8320.00000 0.7178
8340.00000 0.73895
8360.00000 0.76331
8380.00000 0.78157
8400.00000 0.78978
8420.00000 0.78647
8440.00000 0.77478
8460.00000 0.76317
8480.00000 0.75563
8500.00000 0.75459
8520.00000 0.75974
8540.00000 0.76712
8560.00000 0.77211
8580.00000 0.77464
8600.00000 0.77647
8620.00000 0.77803
8640.00000 0.78198
8660.00000 0.7886
8680.00000 0.79828
8700.00000 0.80991
8720.00000 0.81865
8740.00000 0.82213
8760.00000 0.82086
8780.00000 0.8168
8800.00000 0.81126
8820.00000 0.8067
8840.00000 0.80383
8860.00000 0.80115
8880.00000 0.79771
8900.00000 0.79199
8920.00000 0.78419
8940.00000 0.776
8960.00000 0.76912
8980.00000 0.76556
9000.00000 0.76686
9020.00000 0.77263
9040.00000 0.77948
9060.00000 0.78348
9080.00000 0.78067
9100.00000 0.76904
9120.00000 0.74925
9140.00000 0.7253
9160.00000 0.7019
9180.00000 0.6825
9200.00000 0.67085
9220.00000 0.66739
9240.00000 0.67102
9260.00000 0.6796
9280.00000 0.69086
9300.00000 0.70212
9320.00000 0.70958
9340.00000 0.71159
9360.00000 0.70471
9380.00000 0.68698
9400.00000 0.66078
9420.00000 0.63293
9440.00000 0.61276
9460.00000 0.60858
9480.00000 0.62874
9500.00000 0.6626
9520.00000 0.65211
9540.00000 0.52864
9560.00000 0.32358
9580.00000 0.15948
9600.00000 0.07861
9620.00000 0.04108
9640.00000 0.02328
9660.00000 0.01425
9680.00000 0.00934
9700.00000 0.0065
9720.00000 0.00467
10692.00000 0.0
