threeML/data/optical_filters/CFHT/CFHT-cfh5341.ecsv
# %ECSV 0.9
# ---
# datatype:
# - {name: wavelength, unit: Angstrom, datatype: float32}
# - {name: response, datatype: float32}
# meta: !!omap
# - {band_name: cfh5341}
# - {group_name: CFHT}
wavelength response
20025.00000 0.0
22250.00000 0.00407
22255.00000 0.0
22260.00000 0.0
22265.00000 0.0
22270.00000 0.0
22275.00000 0.0
22280.00000 0.0
22285.00000 0.0
22290.00000 0.0
22295.00000 0.0
22300.00000 0.0
22305.00000 0.00267
22310.00000 0.0
22315.00000 0.0
22320.00000 0.0
22325.00000 0.00133
22330.00000 0.0
22335.00000 0.0
22340.00000 0.0
22345.00000 0.0
22350.00000 0.0
22355.00000 0.0
22360.00000 0.0
22365.00000 0.0
22370.00000 0.0
22375.00000 0.0
22380.00000 0.0
22385.00000 0.0
22390.00000 0.0
22395.00000 0.0
22400.00000 0.00264
22405.00000 0.0
22410.00000 0.0
22415.00000 0.0
22420.00000 0.0
22425.00000 0.0
22430.00000 0.00131
22435.00000 0.00665
22440.00000 0.00662
22445.00000 0.00131
22450.00000 0.00525
22455.00000 0.00789
22460.00000 0.00787
22465.00000 0.01709
22470.00000 0.01971
22475.00000 0.02109
22480.00000 0.03294
22485.00000 0.03163
22490.00000 0.03976
22495.00000 0.05032
22500.00000 0.06403
22505.00000 0.07852
22510.00000 0.09958
22515.00000 0.1179
22520.00000 0.14209
22525.00000 0.17293
22530.00000 0.20737
22535.00000 0.24832
22540.00000 0.27878
22545.00000 0.34462
22550.00000 0.37219
22555.00000 0.44026
22560.00000 0.46844
22565.00000 0.52692
22570.00000 0.54666
22575.00000 0.59267
22580.00000 0.6012
22585.00000 0.62521
22590.00000 0.63609
22595.00000 0.65515
22600.00000 0.65385
22605.00000 0.66422
22610.00000 0.65845
22615.00000 0.67041
22620.00000 0.6698
22625.00000 0.68124
22630.00000 0.67433
22635.00000 0.67537
22640.00000 0.68187
22645.00000 0.68147
22650.00000 0.67253
22655.00000 0.67635
22660.00000 0.67165
22665.00000 0.66621
22670.00000 0.66161
22675.00000 0.6552
22680.00000 0.64514
22685.00000 0.64047
22690.00000 0.64001
22695.00000 0.61604
22700.00000 0.61678
22705.00000 0.59695
22710.00000 0.60611
22715.00000 0.56357
22720.00000 0.56056
22725.00000 0.50844
22730.00000 0.48648
22735.00000 0.42581
22740.00000 0.3994
22745.00000 0.33612
22750.00000 0.30334
22755.00000 0.2515
22760.00000 0.21304
22765.00000 0.17587
22770.00000 0.14301
22775.00000 0.12582
22780.00000 0.09998
22785.00000 0.08563
22790.00000 0.0686
22795.00000 0.05325
22800.00000 0.04601
22805.00000 0.03879
22810.00000 0.03058
22815.00000 0.02692
22820.00000 0.02359
22825.00000 0.01523
22830.00000 0.01289
22835.00000 0.0105
22840.00000 0.00583
25124.00000 0.0
