threeML/data/optical_filters/CFHT/CFHT-cfh6108.ecsv
# %ECSV 0.9
# ---
# datatype:
# - {name: wavelength, unit: Angstrom, datatype: float32}
# - {name: response, datatype: float32}
# meta: !!omap
# - {band_name: cfh6108}
# - {group_name: CFHT}
wavelength response
10368.00000 0.0
11520.00000 0.00407
11540.00000 0.00554
11560.00000 0.0078
11580.00000 0.01114
11600.00000 0.01598
11620.00000 0.02284
11640.00000 0.03293
11660.00000 0.0481
11680.00000 0.07133
11700.00000 0.10686
11720.00000 0.16277
11740.00000 0.24866
11760.00000 0.36978
11780.00000 0.51807
11800.00000 0.66092
11820.00000 0.7587
11840.00000 0.79967
11860.00000 0.80302
11880.00000 0.79366
11900.00000 0.78676
11920.00000 0.78653
11940.00000 0.7919
11960.00000 0.80084
11980.00000 0.81053
12000.00000 0.81834
12020.00000 0.82385
12040.00000 0.82764
12060.00000 0.82988
12080.00000 0.83122
12100.00000 0.83214
12120.00000 0.8334
12140.00000 0.83546
12160.00000 0.83803
12180.00000 0.84102
12200.00000 0.84398
12220.00000 0.84708
12240.00000 0.84979
12260.00000 0.85115
12280.00000 0.85104
12300.00000 0.84933
12320.00000 0.84575
12340.00000 0.84012
12360.00000 0.83289
12380.00000 0.82483
12400.00000 0.8166
12420.00000 0.80925
12440.00000 0.80367
12460.00000 0.80023
12480.00000 0.79958
12500.00000 0.80191
12520.00000 0.80704
12540.00000 0.81459
12560.00000 0.82407
12580.00000 0.83467
12600.00000 0.84573
12620.00000 0.8566
12640.00000 0.86655
12660.00000 0.87498
12680.00000 0.88174
12700.00000 0.88696
12720.00000 0.89075
12740.00000 0.89328
12760.00000 0.89449
12780.00000 0.89445
12800.00000 0.89339
12820.00000 0.89113
12840.00000 0.88777
12860.00000 0.88347
12880.00000 0.87834
12900.00000 0.87274
12920.00000 0.86702
12940.00000 0.86162
12960.00000 0.8573
12980.00000 0.85452
13000.00000 0.85344
13020.00000 0.85461
13040.00000 0.8582
13060.00000 0.86372
13080.00000 0.87076
13100.00000 0.87819
13120.00000 0.88428
13140.00000 0.88754
13160.00000 0.88686
13180.00000 0.8813
13200.00000 0.87144
13220.00000 0.85887
13240.00000 0.8459
13260.00000 0.83577
13280.00000 0.83076
13300.00000 0.83051
13320.00000 0.82896
13340.00000 0.81085
13360.00000 0.75357
13380.00000 0.64188
13400.00000 0.49196
13420.00000 0.34305
13440.00000 0.22395
13460.00000 0.14247
13480.00000 0.09106
13500.00000 0.05952
13520.00000 0.0403
13540.00000 0.02821
13560.00000 0.02039
13580.00000 0.01508
13600.00000 0.01152
13620.00000 0.009
13640.00000 0.00713
13660.00000 0.00572
13680.00000 0.00473
13700.00000 0.00418
15070.00000 0.0
