threeML/data/optical_filters/CFHT/CFHT-cfh5337.ecsv
# %ECSV 0.9
# ---
# datatype:
# - {name: wavelength, unit: Angstrom, datatype: float32}
# - {name: response, datatype: float32}
# meta: !!omap
# - {band_name: cfh5337}
# - {group_name: CFHT}
wavelength response
17226.00000 0.0
19140.00000 0.00415
19160.00000 0.00496
19180.00000 0.00539
19200.00000 0.00607
19220.00000 0.0072
19240.00000 0.00835
19260.00000 0.00957
19280.00000 0.01131
19300.00000 0.01364
19320.00000 0.01624
19340.00000 0.01958
19360.00000 0.02409
19380.00000 0.0296
19400.00000 0.03653
19420.00000 0.04565
19440.00000 0.05736
19460.00000 0.07246
19480.00000 0.09215
19500.00000 0.11723
19520.00000 0.14876
19540.00000 0.18781
19560.00000 0.23563
19580.00000 0.29259
19600.00000 0.35826
19620.00000 0.42993
19640.00000 0.50334
19660.00000 0.57576
19680.00000 0.64362
19700.00000 0.70374
19720.00000 0.75578
19740.00000 0.79916
19760.00000 0.83362
19780.00000 0.86098
19800.00000 0.88301
19820.00000 0.90057
19840.00000 0.91484
19860.00000 0.92671
19880.00000 0.93649
19900.00000 0.94464
19920.00000 0.951
19940.00000 0.95602
19960.00000 0.96007
19980.00000 0.96323
20000.00000 0.96571
20020.00000 0.96674
20040.00000 0.96652
20060.00000 0.96576
20080.00000 0.96474
20100.00000 0.96281
20120.00000 0.96048
20140.00000 0.95833
20160.00000 0.95555
20180.00000 0.9528
20200.00000 0.94998
20220.00000 0.94737
20240.00000 0.94525
20260.00000 0.94307
20280.00000 0.94101
20300.00000 0.93933
20320.00000 0.938
20340.00000 0.93674
20360.00000 0.93564
20380.00000 0.93491
20400.00000 0.93474
20420.00000 0.93491
20440.00000 0.93484
20460.00000 0.93494
20480.00000 0.93549
20500.00000 0.93622
20520.00000 0.93675
20540.00000 0.93727
20560.00000 0.93839
20580.00000 0.93974
20600.00000 0.9409
20620.00000 0.94214
20640.00000 0.94319
20660.00000 0.94441
20680.00000 0.94603
20700.00000 0.94717
20720.00000 0.9482
20740.00000 0.9493
20760.00000 0.95038
20780.00000 0.95207
20800.00000 0.9534
20820.00000 0.95444
20840.00000 0.95547
20860.00000 0.95634
20880.00000 0.95743
20900.00000 0.95851
20920.00000 0.95969
20940.00000 0.9606
20960.00000 0.96138
20980.00000 0.96211
21000.00000 0.96288
21020.00000 0.96385
21040.00000 0.96396
21060.00000 0.96376
21080.00000 0.96432
21100.00000 0.96489
21120.00000 0.96536
21140.00000 0.96574
21160.00000 0.9653
21180.00000 0.9646
21200.00000 0.96436
21220.00000 0.96448
21240.00000 0.96413
21260.00000 0.96315
21280.00000 0.96271
21300.00000 0.96239
21320.00000 0.96172
21340.00000 0.9615
21360.00000 0.96129
21380.00000 0.96074
21400.00000 0.96008
21420.00000 0.95953
21440.00000 0.95956
21460.00000 0.9597
21480.00000 0.95972
21500.00000 0.96004
21520.00000 0.96062
21540.00000 0.96051
21560.00000 0.96074
21580.00000 0.96208
21600.00000 0.96254
21620.00000 0.96233
21640.00000 0.96255
21660.00000 0.9624
21680.00000 0.96263
21700.00000 0.96278
21720.00000 0.96237
21740.00000 0.96141
21760.00000 0.96054
21780.00000 0.95996
21800.00000 0.95834
21820.00000 0.95636
21840.00000 0.95483
21860.00000 0.95299
21880.00000 0.95006
21900.00000 0.94691
21920.00000 0.9435
21940.00000 0.93886
21960.00000 0.93382
21980.00000 0.92874
22000.00000 0.92345
22020.00000 0.91812
22040.00000 0.91301
22060.00000 0.90851
22080.00000 0.90488
22100.00000 0.90182
22120.00000 0.89986
22140.00000 0.8987
22160.00000 0.89763
22180.00000 0.89711
22200.00000 0.89677
22220.00000 0.89711
22240.00000 0.89734
22260.00000 0.8978
22280.00000 0.89912
22300.00000 0.90015
22320.00000 0.90141
22340.00000 0.90297
22360.00000 0.90417
22380.00000 0.90607
22400.00000 0.9088
22420.00000 0.91147
22440.00000 0.91473
22460.00000 0.91852
22480.00000 0.92143
22500.00000 0.92502
22520.00000 0.92914
22540.00000 0.93211
22560.00000 0.93536
22580.00000 0.93854
22600.00000 0.94064
22620.00000 0.94215
22640.00000 0.94337
22660.00000 0.94408
22680.00000 0.94389
22700.00000 0.94322
22720.00000 0.94284
22740.00000 0.94267
22760.00000 0.94156
22780.00000 0.9402
22800.00000 0.93866
22820.00000 0.93552
22840.00000 0.92908
22860.00000 0.9171
22880.00000 0.89732
22900.00000 0.86565
22920.00000 0.81972
22940.00000 0.7587
22960.00000 0.68369
22980.00000 0.59782
23000.00000 0.50711
23020.00000 0.41905
23040.00000 0.33853
23060.00000 0.26884
23080.00000 0.21098
23100.00000 0.16545
23120.00000 0.13016
23140.00000 0.10184
23160.00000 0.07988
23180.00000 0.06335
23200.00000 0.05089
23220.00000 0.04066
23240.00000 0.03261
23260.00000 0.02676
23280.00000 0.02213
23300.00000 0.01816
23320.00000 0.01491
23340.00000 0.01282
23360.00000 0.01068
23380.00000 0.0089
23400.00000 0.00758
23420.00000 0.0063
23440.00000 0.00537
23460.00000 0.00484
23480.00000 0.0043
25828.00000 0.0
