threeML/data/optical_filters/CFHT/CFHT-cfh6323.ecsv
# %ECSV 0.9
# ---
# datatype:
# - {name: wavelength, unit: Angstrom, datatype: float32}
# - {name: response, datatype: float32}
# meta: !!omap
# - {band_name: cfh6323}
# - {group_name: CFHT}
wavelength response
19791.00000 0.0
21990.00000 0.02596
21992.00000 0.02606
21994.00000 0.02617
21996.00000 0.02631
21998.00000 0.02643
22000.00000 0.02657
22002.00000 0.02667
22004.00000 0.02679
22006.00000 0.02693
22008.00000 0.02707
22010.00000 0.02721
22012.00000 0.02734
22014.00000 0.0275
22016.00000 0.02763
22018.00000 0.0278
22020.00000 0.02795
22022.00000 0.02812
22024.00000 0.02827
22026.00000 0.02844
22028.00000 0.02859
22030.00000 0.02878
22032.00000 0.02893
22034.00000 0.02913
22036.00000 0.02931
22038.00000 0.0295
22040.00000 0.02971
22042.00000 0.02989
22044.00000 0.03009
22046.00000 0.0303
22048.00000 0.03052
22050.00000 0.03072
22052.00000 0.03096
22054.00000 0.03116
22056.00000 0.03139
22058.00000 0.03165
22060.00000 0.03191
22062.00000 0.03217
22064.00000 0.03246
22066.00000 0.03273
22068.00000 0.03302
22070.00000 0.03329
22072.00000 0.03362
22074.00000 0.03395
22076.00000 0.03429
22078.00000 0.03461
22080.00000 0.03497
22082.00000 0.03532
22084.00000 0.03569
22086.00000 0.03607
22088.00000 0.03648
22090.00000 0.0369
22092.00000 0.03731
22094.00000 0.03773
22096.00000 0.03816
22098.00000 0.03862
22100.00000 0.03908
22102.00000 0.0396
22104.00000 0.0401
22106.00000 0.0406
22108.00000 0.04114
22110.00000 0.04169
22112.00000 0.04227
22114.00000 0.04286
22116.00000 0.04349
22118.00000 0.04414
22120.00000 0.04482
22122.00000 0.04552
22124.00000 0.04628
22126.00000 0.04701
22128.00000 0.04782
22130.00000 0.04865
22132.00000 0.04951
22134.00000 0.05038
22136.00000 0.05132
22138.00000 0.05229
22140.00000 0.0533
22142.00000 0.05435
22144.00000 0.05545
22146.00000 0.05659
22148.00000 0.05779
22150.00000 0.05902
22152.00000 0.0603
22154.00000 0.06168
22156.00000 0.06306
22158.00000 0.06453
22160.00000 0.06606
22162.00000 0.06764
22164.00000 0.06929
22166.00000 0.07104
22168.00000 0.07285
22170.00000 0.07474
22172.00000 0.07671
22174.00000 0.07874
22176.00000 0.08089
22178.00000 0.08311
22180.00000 0.08546
22182.00000 0.08792
22184.00000 0.09048
22186.00000 0.09312
22188.00000 0.09592
22190.00000 0.09883
22192.00000 0.10187
22194.00000 0.10501
22196.00000 0.10829
22198.00000 0.11169
22200.00000 0.11525
22202.00000 0.11893
22204.00000 0.12276
22206.00000 0.12671
22208.00000 0.13087
22210.00000 0.13513
22212.00000 0.13954
22214.00000 0.14412
22216.00000 0.14886
22218.00000 0.15373
22220.00000 0.15877
22222.00000 0.16391
22224.00000 0.16924
22226.00000 0.17468
22228.00000 0.18033
22230.00000 0.18608
22232.00000 0.192
22234.00000 0.19801
22236.00000 0.20416
22238.00000 0.21043
22240.00000 0.21681
22242.00000 0.22331
22244.00000 0.22993
22246.00000 0.23659
22248.00000 0.24333
22250.00000 0.25012
22252.00000 0.25702
22254.00000 0.26396
22256.00000 0.27098
22258.00000 0.27805
22260.00000 0.28508
22262.00000 0.29211
22264.00000 0.29916
22266.00000 0.30621
22268.00000 0.31325
22270.00000 0.32024
22272.00000 0.32719
22274.00000 0.33408
22276.00000 0.34087
22278.00000 0.34758
22280.00000 0.35423
22282.00000 0.36079
22284.00000 0.36723
22286.00000 0.37355
22288.00000 0.37968
22290.00000 0.38571
22292.00000 0.39157
22294.00000 0.39732
22296.00000 0.40288
22298.00000 0.40829
22300.00000 0.41353
22302.00000 0.41862
22304.00000 0.42352
22306.00000 0.42828
22308.00000 0.4328
22310.00000 0.43721
22312.00000 0.44138
22314.00000 0.44542
22316.00000 0.44923
22318.00000 0.4529
22320.00000 0.45636
22322.00000 0.45967
22324.00000 0.4628
22326.00000 0.46577
22328.00000 0.46857
22330.00000 0.47119
22332.00000 0.47365
22334.00000 0.47598
22336.00000 0.47812
22338.00000 0.48012
22340.00000 0.48196
22342.00000 0.48366
22344.00000 0.48523
22346.00000 0.48666
22348.00000 0.48795
22350.00000 0.48909
22352.00000 0.49013
22354.00000 0.49104
22356.00000 0.49184
22358.00000 0.49251
22360.00000 0.49306
22362.00000 0.49355
22364.00000 0.49394
22366.00000 0.4942
22368.00000 0.49437
22370.00000 0.49445
22372.00000 0.49446
22374.00000 0.49438
22376.00000 0.49422
22378.00000 0.49396
22380.00000 0.49359
22382.00000 0.49321
22384.00000 0.49269
22386.00000 0.49213
22388.00000 0.49144
22390.00000 0.49066
22392.00000 0.48979
22394.00000 0.48882
22396.00000 0.48772
22398.00000 0.48654
22400.00000 0.48524
22402.00000 0.48383
22404.00000 0.48228
22406.00000 0.48062
22408.00000 0.47882
22410.00000 0.47688
22412.00000 0.47481
22414.00000 0.47255
22416.00000 0.47017
22418.00000 0.46764
22420.00000 0.46492
22422.00000 0.46208
22424.00000 0.45905
22426.00000 0.45586
22428.00000 0.45248
22430.00000 0.44893
22432.00000 0.44519
22434.00000 0.44127
22436.00000 0.43716
22438.00000 0.43288
22440.00000 0.42842
22442.00000 0.42378
22444.00000 0.41896
22446.00000 0.41402
22448.00000 0.40884
22450.00000 0.40356
22452.00000 0.39809
22454.00000 0.39246
22456.00000 0.38669
22458.00000 0.38077
22460.00000 0.37471
22462.00000 0.36855
22464.00000 0.36226
22466.00000 0.35588
22468.00000 0.34937
22470.00000 0.3428
22472.00000 0.33614
22474.00000 0.32942
22476.00000 0.32262
22478.00000 0.31578
22480.00000 0.30893
22482.00000 0.30199
22484.00000 0.29509
22486.00000 0.28816
22488.00000 0.28125
22490.00000 0.27435
22492.00000 0.26747
22494.00000 0.2606
22496.00000 0.25381
22498.00000 0.24704
22500.00000 0.24036
22502.00000 0.23372
22504.00000 0.22716
22506.00000 0.22069
22508.00000 0.21429
22510.00000 0.20799
22512.00000 0.20178
22514.00000 0.19571
22516.00000 0.1897
22518.00000 0.18384
22520.00000 0.17807
22522.00000 0.17241
22524.00000 0.16693
22526.00000 0.16156
22528.00000 0.15634
22530.00000 0.15125
22532.00000 0.1463
22534.00000 0.14148
22536.00000 0.13683
22538.00000 0.13231
22540.00000 0.12796
22542.00000 0.12372
22544.00000 0.11964
22546.00000 0.11572
22548.00000 0.11192
22550.00000 0.10826
22552.00000 0.10475
22554.00000 0.10138
22556.00000 0.09813
22558.00000 0.095
22560.00000 0.092
22562.00000 0.08911
22564.00000 0.08635
22566.00000 0.08371
22568.00000 0.08119
22570.00000 0.07877
22572.00000 0.07645
22574.00000 0.07422
22576.00000 0.07207
22578.00000 0.07002
22580.00000 0.06807
22582.00000 0.06621
22584.00000 0.06445
22586.00000 0.06276
22588.00000 0.06113
22590.00000 0.05957
22592.00000 0.05806
22594.00000 0.05664
22596.00000 0.05528
22598.00000 0.05396
22600.00000 0.05269
22602.00000 0.05148
22604.00000 0.05034
22606.00000 0.04924
22608.00000 0.04819
22610.00000 0.0472
22612.00000 0.04623
22614.00000 0.0453
22616.00000 0.04442
22618.00000 0.04356
22620.00000 0.04277
22622.00000 0.04199
22624.00000 0.04128
22626.00000 0.04054
22628.00000 0.03987
22630.00000 0.03923
22632.00000 0.03862
22634.00000 0.03801
22636.00000 0.03741
22638.00000 0.03685
22640.00000 0.03633
22642.00000 0.0358
22644.00000 0.03529
22646.00000 0.03484
22648.00000 0.03438
22650.00000 0.03394
22652.00000 0.03349
22654.00000 0.03308
22656.00000 0.03267
22658.00000 0.0323
22660.00000 0.03192
22662.00000 0.03156
22664.00000 0.0312
22666.00000 0.03088
22668.00000 0.03056
22670.00000 0.03027
22672.00000 0.02997
22674.00000 0.02969
22676.00000 0.02942
22678.00000 0.02913
22680.00000 0.02887
22682.00000 0.02864
22684.00000 0.0284
22686.00000 0.02815
22688.00000 0.02792
22690.00000 0.02771
22692.00000 0.02748
22694.00000 0.02727
22696.00000 0.02707
22698.00000 0.02687
22700.00000 0.0267
22702.00000 0.0265
22704.00000 0.02634
22706.00000 0.02617
22708.00000 0.026
22710.00000 0.02585
22712.00000 0.02568
22714.00000 0.02551
22716.00000 0.02536
22718.00000 0.02524
22720.00000 0.02512
22722.00000 0.02498
22724.00000 0.02486
22726.00000 0.02473
22728.00000 0.02461
22730.00000 0.02449
22732.00000 0.02435
22734.00000 0.02428
22736.00000 0.02419
22738.00000 0.02408
22740.00000 0.024
22742.00000 0.02391
22744.00000 0.02382
22746.00000 0.02373
22748.00000 0.02364
22750.00000 0.02354
22752.00000 0.02345
22754.00000 0.02336
22756.00000 0.0233
25031.59961 0.0
