threeML/data/optical_filters/CFHT/CFHT-cfh1705.ecsv
# %ECSV 0.9
# ---
# datatype:
# - {name: wavelength, unit: Angstrom, datatype: float32}
# - {name: response, datatype: float32}
# meta: !!omap
# - {band_name: cfh1705}
# - {group_name: CFHT}
wavelength response
5472.00000 0.0
6080.00000 0.00702
6100.00000 0.01968
6120.00000 0.058
6140.00000 0.14711
6160.00000 0.2592
6180.00000 0.32304
6200.00000 0.3465
6220.00000 0.38878
6240.00000 0.47141
6260.00000 0.58592
6280.00000 0.69795
6300.00000 0.76424
6320.00000 0.77364
6340.00000 0.75183
6360.00000 0.72852
6380.00000 0.71877
6400.00000 0.72459
6420.00000 0.74179
6440.00000 0.76482
6460.00000 0.78725
6480.00000 0.80429
6500.00000 0.81421
6520.00000 0.81758
6540.00000 0.81665
6560.00000 0.813
6580.00000 0.80745
6600.00000 0.80061
6620.00000 0.79251
6640.00000 0.78374
6660.00000 0.77521
6680.00000 0.76753
6700.00000 0.76146
6720.00000 0.75667
6740.00000 0.75211
6760.00000 0.74651
6780.00000 0.73802
6800.00000 0.72594
6820.00000 0.71002
6840.00000 0.6916
6860.00000 0.67253
6880.00000 0.65536
6900.00000 0.64281
6920.00000 0.63628
6940.00000 0.63742
6960.00000 0.64632
6980.00000 0.66251
7000.00000 0.68468
7020.00000 0.71074
7040.00000 0.73856
7060.00000 0.76462
7080.00000 0.78525
7100.00000 0.79842
7120.00000 0.80405
7140.00000 0.80351
7160.00000 0.79947
7180.00000 0.79501
7200.00000 0.79234
7220.00000 0.79257
7240.00000 0.79678
7260.00000 0.80409
7280.00000 0.81274
7300.00000 0.82074
7320.00000 0.82544
7340.00000 0.82481
7360.00000 0.81775
7380.00000 0.80472
7400.00000 0.78734
7420.00000 0.76743
7440.00000 0.74736
7460.00000 0.72916
7480.00000 0.71497
7500.00000 0.70633
7520.00000 0.70332
7540.00000 0.70647
7560.00000 0.71556
7580.00000 0.72986
7600.00000 0.74788
7620.00000 0.76796
7640.00000 0.78874
7660.00000 0.80777
7680.00000 0.82265
7700.00000 0.83124
7720.00000 0.83273
7740.00000 0.82799
7760.00000 0.81769
7780.00000 0.80418
7800.00000 0.79005
7820.00000 0.77597
7840.00000 0.76289
7860.00000 0.75229
7880.00000 0.74448
7900.00000 0.73863
7920.00000 0.73425
7940.00000 0.73013
7960.00000 0.7251
7980.00000 0.71796
8000.00000 0.70741
8020.00000 0.69331
8040.00000 0.67699
8060.00000 0.65886
8080.00000 0.64018
8100.00000 0.62389
8120.00000 0.61137
8140.00000 0.60362
8160.00000 0.60214
8180.00000 0.60794
8200.00000 0.62083
8220.00000 0.64059
8240.00000 0.66721
8260.00000 0.69827
8280.00000 0.72771
8300.00000 0.7567
8320.00000 0.77539
8340.00000 0.77112
8360.00000 0.74962
8380.00000 0.71497
8400.00000 0.6725
8420.00000 0.62941
8440.00000 0.59262
8460.00000 0.5665
8480.00000 0.55212
8500.00000 0.55246
8520.00000 0.56906
8540.00000 0.60074
8560.00000 0.64638
8580.00000 0.6996
8600.00000 0.74203
8620.00000 0.74527
8640.00000 0.69296
8660.00000 0.59573
8680.00000 0.48381
8700.00000 0.38448
8720.00000 0.3085
8740.00000 0.25751
8760.00000 0.22694
8780.00000 0.21436
8800.00000 0.22069
8820.00000 0.2487
8840.00000 0.29953
8860.00000 0.34088
8880.00000 0.3028
8900.00000 0.19109
8920.00000 0.09332
8940.00000 0.04373
8960.00000 0.02248
8980.00000 0.01297
9000.00000 0.00786
9020.00000 0.00513
9922.00000 0.0
