threeML/data/optical_filters/CFHT/CFHT-cfh6203.ecsv
# %ECSV 0.9
# ---
# datatype:
# - {name: wavelength, unit: Angstrom, datatype: float32}
# - {name: response, datatype: float32}
# meta: !!omap
# - {band_name: cfh6203}
# - {group_name: CFHT}
wavelength response
13446.00000 0.0
14940.00000 0.00432
14960.00000 0.00485
14980.00000 0.0054
15000.00000 0.00604
15020.00000 0.00696
15040.00000 0.00793
15060.00000 0.00906
15080.00000 0.01057
15100.00000 0.01234
15120.00000 0.01439
15140.00000 0.01682
15160.00000 0.0199
15180.00000 0.02371
15200.00000 0.02835
15220.00000 0.03427
15240.00000 0.0417
15260.00000 0.05092
15280.00000 0.06239
15300.00000 0.07693
15320.00000 0.09497
15340.00000 0.11685
15360.00000 0.14333
15380.00000 0.17435
15400.00000 0.20908
15420.00000 0.24602
15440.00000 0.28326
15460.00000 0.31738
15480.00000 0.34575
15500.00000 0.36748
15520.00000 0.38145
15540.00000 0.38791
15560.00000 0.38838
15580.00000 0.38443
15600.00000 0.37807
15620.00000 0.37106
15640.00000 0.36461
15660.00000 0.35939
15680.00000 0.35603
15700.00000 0.35498
15720.00000 0.35626
15740.00000 0.35983
15760.00000 0.36575
15780.00000 0.37389
15800.00000 0.3842
15820.00000 0.39696
15840.00000 0.41154
15860.00000 0.42738
15880.00000 0.44444
15900.00000 0.46214
15920.00000 0.47945
15940.00000 0.49588
15960.00000 0.51089
15980.00000 0.52307
16000.00000 0.53172
16020.00000 0.53653
16040.00000 0.53729
16060.00000 0.53383
16080.00000 0.5262
16100.00000 0.51523
16120.00000 0.50143
16140.00000 0.48553
16160.00000 0.46838
16180.00000 0.45071
16200.00000 0.433
16220.00000 0.41618
16240.00000 0.40071
16260.00000 0.38657
16280.00000 0.37442
16300.00000 0.3643
16320.00000 0.35622
16340.00000 0.35049
16360.00000 0.34711
16380.00000 0.34604
16400.00000 0.34729
16420.00000 0.35106
16440.00000 0.3576
16460.00000 0.36705
16480.00000 0.37956
16500.00000 0.39496
16520.00000 0.41315
16540.00000 0.43399
16560.00000 0.45625
16580.00000 0.47826
16600.00000 0.49785
16620.00000 0.51195
16640.00000 0.51768
16660.00000 0.51241
16680.00000 0.49484
16700.00000 0.46596
16720.00000 0.42764
16740.00000 0.38245
16760.00000 0.33372
16780.00000 0.28506
16800.00000 0.23999
16820.00000 0.19997
16840.00000 0.16568
16860.00000 0.13737
16880.00000 0.11391
16900.00000 0.09474
16920.00000 0.07907
16940.00000 0.06631
16960.00000 0.05585
16980.00000 0.0472
17000.00000 0.04027
17020.00000 0.03448
17040.00000 0.02971
17060.00000 0.02567
17080.00000 0.02238
17100.00000 0.01976
17120.00000 0.0173
17140.00000 0.01527
17160.00000 0.01358
17180.00000 0.01213
17200.00000 0.01086
17220.00000 0.00966
17240.00000 0.00882
17260.00000 0.00813
17280.00000 0.00735
17300.00000 0.00658
17320.00000 0.00615
17340.00000 0.00572
17360.00000 0.00529
17380.00000 0.00487
17400.00000 0.00453
17420.00000 0.00427
19162.00000 0.0
