threeML/data/optical_filters/CFHT/CFHT-cfh5317.ecsv
# %ECSV 0.9
# ---
# datatype:
# - {name: wavelength, unit: Angstrom, datatype: float32}
# - {name: response, datatype: float32}
# meta: !!omap
# - {band_name: cfh5317}
# - {group_name: CFHT}
wavelength response
17334.00000 0.0
19260.00000 0.00417
19280.00000 0.00464
19300.00000 0.00511
19320.00000 0.00569
19340.00000 0.00609
19360.00000 0.00655
19380.00000 0.00749
19400.00000 0.00838
19420.00000 0.00926
19440.00000 0.01024
19460.00000 0.01151
19480.00000 0.01288
19500.00000 0.01427
19520.00000 0.01596
19540.00000 0.01797
19560.00000 0.02043
19580.00000 0.02306
19600.00000 0.02609
19620.00000 0.02972
19640.00000 0.03375
19660.00000 0.03835
19680.00000 0.04369
19700.00000 0.04997
19720.00000 0.05734
19740.00000 0.06551
19760.00000 0.07486
19780.00000 0.08585
19800.00000 0.0986
19820.00000 0.11343
19840.00000 0.13007
19860.00000 0.14865
19880.00000 0.16922
19900.00000 0.19196
19920.00000 0.21742
19940.00000 0.24492
19960.00000 0.27406
19980.00000 0.3049
20000.00000 0.33669
20020.00000 0.36908
20040.00000 0.40234
20060.00000 0.43529
20080.00000 0.46678
20100.00000 0.49666
20120.00000 0.52518
20140.00000 0.55176
20160.00000 0.57571
20180.00000 0.59764
20200.00000 0.61758
20220.00000 0.63568
20240.00000 0.65179
20260.00000 0.66605
20280.00000 0.67882
20300.00000 0.69019
20320.00000 0.70047
20340.00000 0.71005
20360.00000 0.71878
20380.00000 0.72633
20400.00000 0.73329
20420.00000 0.73969
20440.00000 0.74522
20460.00000 0.75012
20480.00000 0.75468
20500.00000 0.7581
20520.00000 0.76065
20540.00000 0.76295
20560.00000 0.76468
20580.00000 0.76596
20600.00000 0.76678
20620.00000 0.76712
20640.00000 0.76651
20660.00000 0.76566
20680.00000 0.76471
20700.00000 0.76303
20720.00000 0.76099
20740.00000 0.75903
20760.00000 0.75676
20780.00000 0.75414
20800.00000 0.75139
20820.00000 0.74895
20840.00000 0.74673
20860.00000 0.74452
20880.00000 0.74232
20900.00000 0.74007
20920.00000 0.73801
20940.00000 0.73616
20960.00000 0.73465
20980.00000 0.73306
21000.00000 0.7317
21020.00000 0.73094
21040.00000 0.73044
21060.00000 0.72998
21080.00000 0.72952
21100.00000 0.72974
21120.00000 0.73045
21140.00000 0.73114
21160.00000 0.73187
21180.00000 0.73248
21200.00000 0.73312
21220.00000 0.7345
21240.00000 0.73628
21260.00000 0.73714
21280.00000 0.73752
21300.00000 0.73828
21320.00000 0.73882
21340.00000 0.7392
21360.00000 0.73996
21380.00000 0.74123
21400.00000 0.74277
21420.00000 0.74472
21440.00000 0.74643
21460.00000 0.74763
21480.00000 0.74843
21500.00000 0.74873
21520.00000 0.74849
21540.00000 0.7473
21560.00000 0.74565
21580.00000 0.74403
21600.00000 0.74208
21620.00000 0.73973
21640.00000 0.73813
21660.00000 0.73695
21680.00000 0.73636
21700.00000 0.73621
21720.00000 0.73575
21740.00000 0.73473
21760.00000 0.733
21780.00000 0.73079
21800.00000 0.72881
21820.00000 0.72624
21840.00000 0.72348
21860.00000 0.72115
21880.00000 0.71841
21900.00000 0.71581
21920.00000 0.71391
21940.00000 0.71158
21960.00000 0.70886
21980.00000 0.70715
22000.00000 0.70543
22020.00000 0.70328
22040.00000 0.70145
22060.00000 0.69977
22080.00000 0.69812
22100.00000 0.69653
22120.00000 0.69511
22140.00000 0.69392
22160.00000 0.6927
22180.00000 0.69215
22200.00000 0.69185
22220.00000 0.69083
22240.00000 0.69003
22260.00000 0.68974
22280.00000 0.68878
22300.00000 0.68797
22320.00000 0.6879
22340.00000 0.68788
22360.00000 0.68805
22380.00000 0.68782
22400.00000 0.68745
22420.00000 0.68777
22440.00000 0.68781
22460.00000 0.68726
22480.00000 0.68605
22500.00000 0.68408
22520.00000 0.68181
22540.00000 0.67911
22560.00000 0.67529
22580.00000 0.66982
22600.00000 0.66335
22620.00000 0.65556
22640.00000 0.64534
22660.00000 0.63326
22680.00000 0.61922
22700.00000 0.6026
22720.00000 0.58392
22740.00000 0.56271
22760.00000 0.5394
22780.00000 0.51433
22800.00000 0.48671
22820.00000 0.45746
22840.00000 0.42738
22860.00000 0.39642
22880.00000 0.36504
22900.00000 0.3345
22920.00000 0.30495
22940.00000 0.27657
22960.00000 0.24969
22980.00000 0.22447
23000.00000 0.20111
23020.00000 0.17966
23040.00000 0.16017
23060.00000 0.14255
23080.00000 0.12691
23100.00000 0.11299
23120.00000 0.10011
23140.00000 0.08859
23160.00000 0.07899
23180.00000 0.07071
23200.00000 0.0631
23220.00000 0.05646
23240.00000 0.0504
23260.00000 0.04485
23280.00000 0.04027
23300.00000 0.03621
23320.00000 0.03241
23340.00000 0.02895
23360.00000 0.02626
23380.00000 0.02364
23400.00000 0.02121
23420.00000 0.01906
23440.00000 0.01692
23460.00000 0.01537
23480.00000 0.01407
23500.00000 0.01274
23520.00000 0.01144
23540.00000 0.01022
23560.00000 0.00925
23580.00000 0.00862
23600.00000 0.00793
23620.00000 0.00714
23640.00000 0.00674
23660.00000 0.00613
23680.00000 0.00525
23700.00000 0.00508
23720.00000 0.0045
23740.00000 0.00401
26114.00000 0.0
