threeML/data/optical_filters/CFHT/CFHT-cfh5002.ecsv
# %ECSV 0.9
# ---
# datatype:
# - {name: wavelength, unit: Angstrom, datatype: float32}
# - {name: response, datatype: float32}
# meta: !!omap
# - {band_name: cfh5002}
# - {group_name: CFHT}
wavelength response
6696.00000 0.0
7440.00000 0.00525
7460.00000 0.00719
7480.00000 0.00957
7500.00000 0.01271
7520.00000 0.01729
7540.00000 0.02415
7560.00000 0.03404
7580.00000 0.04688
7600.00000 0.06146
7620.00000 0.07628
7640.00000 0.09077
7660.00000 0.10622
7680.00000 0.12482
7700.00000 0.14832
7720.00000 0.17749
7740.00000 0.21146
7760.00000 0.24702
7780.00000 0.28073
7800.00000 0.31148
7820.00000 0.34077
7840.00000 0.3721
7860.00000 0.40668
7880.00000 0.44237
7900.00000 0.47618
7920.00000 0.50639
7940.00000 0.5334
7960.00000 0.55856
7980.00000 0.58299
8000.00000 0.60423
8020.00000 0.62051
8040.00000 0.63051
8060.00000 0.63342
8080.00000 0.63338
8100.00000 0.63766
8120.00000 0.65112
8140.00000 0.67435
8160.00000 0.70451
8180.00000 0.73186
8200.00000 0.74788
8220.00000 0.74959
8240.00000 0.73775
8260.00000 0.72009
8280.00000 0.70744
8300.00000 0.70766
8320.00000 0.72214
8340.00000 0.74503
8360.00000 0.76952
8380.00000 0.78775
8400.00000 0.79237
8420.00000 0.78575
8440.00000 0.77292
8460.00000 0.76036
8480.00000 0.75481
8500.00000 0.75632
8520.00000 0.76192
8540.00000 0.76852
8560.00000 0.77428
8580.00000 0.77675
8600.00000 0.77654
8620.00000 0.77748
8640.00000 0.78061
8660.00000 0.78648
8680.00000 0.79625
8700.00000 0.80725
8720.00000 0.8157
8740.00000 0.81975
8760.00000 0.81982
8780.00000 0.81662
8800.00000 0.81236
8820.00000 0.80888
8840.00000 0.80533
8860.00000 0.80121
8880.00000 0.79575
8900.00000 0.78865
8920.00000 0.77998
8940.00000 0.772
8960.00000 0.76678
8980.00000 0.76497
9000.00000 0.76797
9020.00000 0.77502
9040.00000 0.7825
9060.00000 0.78535
9080.00000 0.78009
9100.00000 0.76636
9120.00000 0.74501
9140.00000 0.72015
9160.00000 0.69771
9180.00000 0.68068
9200.00000 0.67104
9220.00000 0.6703
9240.00000 0.67667
9260.00000 0.68732
9280.00000 0.70003
9300.00000 0.71263
9320.00000 0.72198
9340.00000 0.72475
9360.00000 0.71811
9380.00000 0.70068
9400.00000 0.67426
9420.00000 0.6445
9440.00000 0.62137
9460.00000 0.61455
9480.00000 0.63011
9500.00000 0.65997
9520.00000 0.65079
9540.00000 0.533
9560.00000 0.33116
9580.00000 0.16533
9600.00000 0.08183
9620.00000 0.04277
9640.00000 0.02431
9660.00000 0.01482
9680.00000 0.00972
9700.00000 0.00684
9720.00000 0.00504
10692.00000 0.0
