threeML/data/optical_filters/CFHT/CFHT-cfh5201.ecsv
# %ECSV 0.9
# ---
# datatype:
# - {name: wavelength, unit: Angstrom, datatype: float32}
# - {name: response, datatype: float32}
# meta: !!omap
# - {band_name: cfh5201}
# - {group_name: CFHT}
wavelength response
13158.00000 0.0
14620.00000 0.00432
14640.00000 0.00482
14660.00000 0.00546
14680.00000 0.0062
14700.00000 0.00708
14720.00000 0.00807
14740.00000 0.00935
14760.00000 0.01093
14780.00000 0.01273
14800.00000 0.01495
14820.00000 0.01765
14840.00000 0.02081
14860.00000 0.02475
14880.00000 0.0296
14900.00000 0.03548
14920.00000 0.04262
14940.00000 0.05145
14960.00000 0.06244
14980.00000 0.07597
15000.00000 0.09221
15020.00000 0.11174
15040.00000 0.13527
15060.00000 0.16322
15080.00000 0.19582
15100.00000 0.23257
15120.00000 0.27362
15140.00000 0.31844
15160.00000 0.36528
15180.00000 0.41217
15200.00000 0.45789
15220.00000 0.50142
15240.00000 0.54028
15260.00000 0.57332
15280.00000 0.60074
15300.00000 0.6228
15320.00000 0.63998
15340.00000 0.65273
15360.00000 0.6618
15380.00000 0.66832
15400.00000 0.67291
15420.00000 0.67619
15440.00000 0.67862
15460.00000 0.68056
15480.00000 0.68236
15500.00000 0.68404
15520.00000 0.68584
15540.00000 0.68777
15560.00000 0.68954
15580.00000 0.69125
15600.00000 0.69308
15620.00000 0.69499
15640.00000 0.69675
15660.00000 0.69844
15680.00000 0.70015
15700.00000 0.70169
15720.00000 0.70312
15740.00000 0.70454
15760.00000 0.70583
15780.00000 0.70709
15800.00000 0.7085
15820.00000 0.70993
15840.00000 0.71132
15860.00000 0.71278
15880.00000 0.7144
15900.00000 0.71613
15920.00000 0.71802
15940.00000 0.71994
15960.00000 0.72202
15980.00000 0.72426
16000.00000 0.72655
16020.00000 0.72885
16040.00000 0.73106
16060.00000 0.73354
16080.00000 0.73616
16100.00000 0.73845
16120.00000 0.74071
16140.00000 0.74304
16160.00000 0.74547
16180.00000 0.74767
16200.00000 0.74966
16220.00000 0.75145
16240.00000 0.75281
16260.00000 0.75404
16280.00000 0.75493
16300.00000 0.75562
16320.00000 0.75627
16340.00000 0.75668
16360.00000 0.75679
16380.00000 0.7567
16400.00000 0.75673
16420.00000 0.75659
16440.00000 0.75618
16460.00000 0.75572
16480.00000 0.75502
16500.00000 0.75427
16520.00000 0.75389
16540.00000 0.75359
16560.00000 0.75322
16580.00000 0.75278
16600.00000 0.75278
16620.00000 0.75298
16640.00000 0.7529
16660.00000 0.75314
16680.00000 0.75349
16700.00000 0.75409
16720.00000 0.75484
16740.00000 0.75569
16760.00000 0.75659
16780.00000 0.75764
16800.00000 0.75888
16820.00000 0.76031
16840.00000 0.7619
16860.00000 0.76337
16880.00000 0.76485
16900.00000 0.76636
16920.00000 0.76811
16940.00000 0.76962
16960.00000 0.77109
16980.00000 0.77274
17000.00000 0.774
17020.00000 0.7751
17040.00000 0.77634
17060.00000 0.77751
17080.00000 0.7784
17100.00000 0.77907
17120.00000 0.77957
17140.00000 0.77991
17160.00000 0.77995
17180.00000 0.77986
17200.00000 0.77994
17220.00000 0.77962
17240.00000 0.77896
17260.00000 0.7785
17280.00000 0.77786
17300.00000 0.77698
17320.00000 0.776
17340.00000 0.7749
17360.00000 0.77361
17380.00000 0.77248
17400.00000 0.77142
17420.00000 0.7701
17440.00000 0.76881
17460.00000 0.76752
17480.00000 0.76601
17500.00000 0.76468
17520.00000 0.7632
17540.00000 0.7616
17560.00000 0.75999
17580.00000 0.75851
17600.00000 0.75699
17620.00000 0.75523
17640.00000 0.75356
17660.00000 0.75157
17680.00000 0.74954
17700.00000 0.74721
17720.00000 0.74435
17740.00000 0.74211
17760.00000 0.73944
17780.00000 0.735
17800.00000 0.72946
17820.00000 0.72258
17840.00000 0.7141
17860.00000 0.70363
17880.00000 0.69101
17900.00000 0.67613
17920.00000 0.65816
17940.00000 0.63721
17960.00000 0.61311
17980.00000 0.58549
18000.00000 0.55484
18020.00000 0.52141
18040.00000 0.48596
18060.00000 0.44879
18080.00000 0.41043
18100.00000 0.37268
18120.00000 0.33546
18140.00000 0.29979
18160.00000 0.2659
18180.00000 0.23468
18200.00000 0.20638
18220.00000 0.17984
18240.00000 0.15689
18260.00000 0.13637
18280.00000 0.11818
18300.00000 0.10268
18320.00000 0.08879
18340.00000 0.0771
18360.00000 0.06711
18380.00000 0.05841
18400.00000 0.05099
18420.00000 0.04436
18440.00000 0.03877
18460.00000 0.03426
18480.00000 0.02988
18500.00000 0.02612
18520.00000 0.02322
18540.00000 0.02051
18560.00000 0.01826
18580.00000 0.01622
18600.00000 0.01434
18620.00000 0.0127
18640.00000 0.01126
18660.00000 0.01009
18680.00000 0.00893
18700.00000 0.00818
18720.00000 0.00745
18740.00000 0.00668
18760.00000 0.00607
18780.00000 0.00554
18800.00000 0.00513
18820.00000 0.00468
18840.00000 0.00443
18860.00000 0.00426
18880.00000 0.00401
20768.00000 0.0
