threeML/data/optical_filters/CFHT/CFHT-cfh8103.ecsv
# %ECSV 0.9
# ---
# datatype:
# - {name: wavelength, unit: Angstrom, datatype: float32}
# - {name: response, datatype: float32}
# meta: !!omap
# - {band_name: cfh8103}
# - {group_name: CFHT}
wavelength response
[from data line 806]
13072.00000 0.82887
13074.00000 0.82857
13076.00000 0.82835
13078.00000 0.82816
13080.00000 0.8279
13082.00000 0.82767
13084.00000 0.82742
13086.00000 0.82718
13088.00000 0.82698
13090.00000 0.82674
13092.00000 0.82657
13094.00000 0.82646
13096.00000 0.82626
13098.00000 0.8261
13100.00000 0.82594
13102.00000 0.82582
13104.00000 0.8257
13106.00000 0.82561
13108.00000 0.8255
13110.00000 0.82539
13112.00000 0.82529
13114.00000 0.82521
13116.00000 0.82512
13118.00000 0.82507
13120.00000 0.82506
13122.00000 0.82512
13124.00000 0.82515
13126.00000 0.82512
13128.00000 0.82515
13130.00000 0.82524
13132.00000 0.82536
13134.00000 0.8255
13136.00000 0.82567
13138.00000 0.82584
13140.00000 0.82602
13142.00000 0.82617
13144.00000 0.8264
13146.00000 0.82658
13148.00000 0.82683
13150.00000 0.82701
13152.00000 0.82716
13154.00000 0.82732
13156.00000 0.82748
13158.00000 0.8277
13160.00000 0.82791
13162.00000 0.82806
13164.00000 0.82822
13166.00000 0.82834
13168.00000 0.82849
13170.00000 0.82861
13172.00000 0.82869
13174.00000 0.82883
13176.00000 0.82892
13178.00000 0.82898
13180.00000 0.82898
13182.00000 0.82896
13184.00000 0.82899
13186.00000 0.82887
13188.00000 0.82878
13190.00000 0.82855
13192.00000 0.82829
13194.00000 0.82794
13196.00000 0.82748
13198.00000 0.827
13200.00000 0.82643
13202.00000 0.82578
13204.00000 0.82501
13206.00000 0.8241
13208.00000 0.82312
13210.00000 0.82199
13212.00000 0.82072
13214.00000 0.81929
13216.00000 0.81767
13218.00000 0.81593
13220.00000 0.81403
13222.00000 0.81198
13224.00000 0.80975
13226.00000 0.8073
13228.00000 0.80469
13230.00000 0.80186
13232.00000 0.79881
13234.00000 0.79549
13236.00000 0.79196
13238.00000 0.78816
13240.00000 0.78416
13242.00000 0.77983
13244.00000 0.77522
13246.00000 0.77043
13248.00000 0.76535
13250.00000 0.75995
13252.00000 0.7542
13254.00000 0.74814
13256.00000 0.74182
13258.00000 0.73529
13260.00000 0.72841
13262.00000 0.72122
13264.00000 0.71378
13266.00000 0.70604
13268.00000 0.69797
13270.00000 0.68968
13272.00000 0.681
13274.00000 0.67216
13276.00000 0.66307
13278.00000 0.65369
13280.00000 0.64404
13282.00000 0.63422
13284.00000 0.62419
13286.00000 0.61397
13288.00000 0.6035
13290.00000 0.5928
13292.00000 0.58195
13294.00000 0.57097
13296.00000 0.55981
13298.00000 0.5486
13300.00000 0.53726
13302.00000 0.5258
13304.00000 0.51425
13306.00000 0.50259
13308.00000 0.49097
13310.00000 0.47929
13312.00000 0.46754
13314.00000 0.4558
13316.00000 0.44406
13318.00000 0.43231
13320.00000 0.42068
13322.00000 0.40913
13324.00000 0.39761
13326.00000 0.38618
13328.00000 0.37486
13330.00000 0.36362
13332.00000 0.35251
13334.00000 0.34151
13336.00000 0.33072
13338.00000 0.32008
13340.00000 0.30959
13342.00000 0.29922
13344.00000 0.28912
13346.00000 0.27924
13348.00000 0.26959
13350.00000 0.26012
13352.00000 0.25085
13354.00000 0.24174
13356.00000 0.23293
13358.00000 0.22433
13360.00000 0.21597
13362.00000 0.20781
13364.00000 0.19995
13366.00000 0.19229
13368.00000 0.18486
13370.00000 0.17767
13372.00000 0.1707
13374.00000 0.16402
13376.00000 0.15756
13378.00000 0.15131
13380.00000 0.14529
13382.00000 0.1395
13384.00000 0.1339
13386.00000 0.12854
13388.00000 0.12338
13390.00000 0.11841
13392.00000 0.1136
13394.00000 0.10904
13396.00000 0.10461
13398.00000 0.10042
13400.00000 0.09642
13402.00000 0.09256
13404.00000 0.0889
13406.00000 0.0853
13408.00000 0.08192
13410.00000 0.07866
13412.00000 0.07549
13414.00000 0.07251
13416.00000 0.0697
13418.00000 0.06702
13420.00000 0.06439
13422.00000 0.06187
13424.00000 0.05951
13426.00000 0.05719
13428.00000 0.05498
13430.00000 0.05289
13432.00000 0.05083
13434.00000 0.04889
13436.00000 0.047
13438.00000 0.04521
13440.00000 0.04352
13442.00000 0.04184
13444.00000 0.04031
13446.00000 0.03877
13448.00000 0.03732
13450.00000 0.03589
13452.00000 0.03458
13454.00000 0.03333
13456.00000 0.03209
13458.00000 0.03091
13460.00000 0.02979
13462.00000 0.0287
13464.00000 0.02771
13466.00000 0.0267
13468.00000 0.02576
13470.00000 0.02487
13472.00000 0.02396
13474.00000 0.02313
13476.00000 0.02228
13478.00000 0.02151
13480.00000 0.02075
13482.00000 0.02002
13484.00000 0.0193
13486.00000 0.01859
13488.00000 0.0179
13490.00000 0.01724
13492.00000 0.01669
13494.00000 0.0161
13496.00000 0.01553
13498.00000 0.01498
13500.00000 0.01448
13502.00000 0.01398
13504.00000 0.0135
13506.00000 0.01305
13508.00000 0.01259
13510.00000 0.01218
13512.00000 0.01175
13514.00000 0.01137
13516.00000 0.011
13518.00000 0.0107
13520.00000 0.01036
13522.00000 0.01001
13524.00000 0.00964
13526.00000 0.00935
13528.00000 0.00905
13530.00000 0.00873
13532.00000 0.00842
13534.00000 0.00813
13536.00000 0.00786
13538.00000 0.00761
13540.00000 0.0074
13542.00000 0.00713
13544.00000 0.00688
13546.00000 0.00664
13548.00000 0.00639
13550.00000 0.00618
13552.00000 0.00603
13554.00000 0.00587
13556.00000 0.00572
13558.00000 0.00557
13560.00000 0.00542
13562.00000 0.00528
13564.00000 0.00513
13566.00000 0.00497
13568.00000 0.00485
13570.00000 0.00471
13572.00000 0.00459
13574.00000 0.0045
13576.00000 0.00438
13578.00000 0.0042
13580.00000 0.00414
13582.00000 0.00401
14940.20020 0.0
