threeML/data/optical_filters/CFHT/CFHT-cfh5103.ecsv
# %ECSV 0.9
# ---
# datatype:
# - {name: wavelength, unit: Angstrom, datatype: float32}
# - {name: response, datatype: float32}
# meta: !!omap
# - {band_name: cfh5103}
# - {group_name: CFHT}
wavelength response
9630.00000 0.0
10700.00000 0.00453
10720.00000 0.00565
10740.00000 0.00702
10760.00000 0.00888
10780.00000 0.01161
10800.00000 0.01523
10820.00000 0.02026
10840.00000 0.02736
10860.00000 0.03719
10880.00000 0.05045
10900.00000 0.06808
10920.00000 0.09146
10940.00000 0.12192
10960.00000 0.16003
10980.00000 0.20496
11000.00000 0.25478
11020.00000 0.30412
11040.00000 0.34714
11060.00000 0.38042
11080.00000 0.40236
11100.00000 0.41483
11120.00000 0.42122
11140.00000 0.42465
11160.00000 0.42772
11180.00000 0.4317
11200.00000 0.43716
11220.00000 0.44418
11240.00000 0.45239
11260.00000 0.46144
11280.00000 0.47079
11300.00000 0.48016
11320.00000 0.48903
11340.00000 0.49706
11360.00000 0.50435
11380.00000 0.51096
11400.00000 0.51723
11420.00000 0.52319
11440.00000 0.52888
11460.00000 0.53444
11480.00000 0.53986
11500.00000 0.54518
11520.00000 0.5502
11540.00000 0.55484
11560.00000 0.55899
11580.00000 0.5627
11600.00000 0.56616
11620.00000 0.56917
11640.00000 0.5719
11660.00000 0.57451
11680.00000 0.57689
11700.00000 0.57912
11720.00000 0.58134
11740.00000 0.58359
11760.00000 0.58591
11780.00000 0.58824
11800.00000 0.59048
11820.00000 0.5928
11840.00000 0.59521
11860.00000 0.59753
11880.00000 0.60027
11900.00000 0.60332
11920.00000 0.60651
11940.00000 0.61035
11960.00000 0.6144
11980.00000 0.61887
12000.00000 0.62416
12020.00000 0.62978
12040.00000 0.63557
12060.00000 0.64191
12080.00000 0.64871
12100.00000 0.65564
12120.00000 0.66245
12140.00000 0.66919
12160.00000 0.67586
12180.00000 0.68227
12200.00000 0.68828
12220.00000 0.69344
12240.00000 0.69775
12260.00000 0.70135
12280.00000 0.70401
12300.00000 0.70595
12320.00000 0.7075
12340.00000 0.70811
12360.00000 0.70776
12380.00000 0.70714
12400.00000 0.70628
12420.00000 0.70538
12440.00000 0.70433
12460.00000 0.703
12480.00000 0.70164
12500.00000 0.70041
12520.00000 0.6991
12540.00000 0.69772
12560.00000 0.69603
12580.00000 0.69417
12600.00000 0.69217
12620.00000 0.68977
12640.00000 0.68732
12660.00000 0.68486
12680.00000 0.6824
12700.00000 0.68005
12720.00000 0.67815
12740.00000 0.6765
12760.00000 0.67546
12780.00000 0.67542
12800.00000 0.67627
12820.00000 0.67827
12840.00000 0.6814
12860.00000 0.68524
12880.00000 0.69087
12900.00000 0.69789
12920.00000 0.7052
12940.00000 0.71315
12960.00000 0.72183
12980.00000 0.73051
13000.00000 0.739
13020.00000 0.74741
13040.00000 0.75522
13060.00000 0.76222
13080.00000 0.76814
13100.00000 0.77301
13120.00000 0.77696
13140.00000 0.77982
13160.00000 0.78165
13180.00000 0.78293
13200.00000 0.78377
13220.00000 0.78413
13240.00000 0.78445
13260.00000 0.78493
13280.00000 0.78542
13300.00000 0.7861
13320.00000 0.78685
13340.00000 0.78758
13360.00000 0.78815
13380.00000 0.78841
13400.00000 0.7883
13420.00000 0.78748
13440.00000 0.78616
13460.00000 0.78447
13480.00000 0.7818
13500.00000 0.77806
13520.00000 0.7733
13540.00000 0.76836
13560.00000 0.76299
13580.00000 0.75697
13600.00000 0.7506
13620.00000 0.74191
13640.00000 0.73126
13660.00000 0.71994
13680.00000 0.70732
13700.00000 0.69221
13720.00000 0.67282
13740.00000 0.64958
13760.00000 0.62218
13780.00000 0.59024
13800.00000 0.55309
13820.00000 0.50909
13840.00000 0.46097
13860.00000 0.41098
13880.00000 0.36015
13900.00000 0.31068
13920.00000 0.26367
13940.00000 0.22093
13960.00000 0.18253
13980.00000 0.1497
14000.00000 0.12254
14020.00000 0.09984
14040.00000 0.08182
14060.00000 0.06683
14080.00000 0.05466
14100.00000 0.04489
14120.00000 0.03722
14140.00000 0.0311
14160.00000 0.02605
14180.00000 0.02196
14200.00000 0.0186
14220.00000 0.01593
14240.00000 0.01375
14260.00000 0.01192
14280.00000 0.01038
14300.00000 0.00911
14320.00000 0.0081
14340.00000 0.00722
14360.00000 0.00644
14380.00000 0.00577
14400.00000 0.00523
14420.00000 0.00465
14440.00000 0.00424
15884.00000 0.0
