threeML/data/optical_filters/CFHT/CFHT-cfh5313.ecsv
# %ECSV 0.9
# ---
# datatype:
# - {name: wavelength, unit: Angstrom, datatype: float32}
# - {name: response, datatype: float32}
# meta: !!omap
# - {band_name: cfh5313}
# - {group_name: CFHT}
wavelength response
17982.00000 0.0
19980.00000 0.00409
20000.00000 0.00447
20020.00000 0.00462
20040.00000 0.00475
20060.00000 0.0052
20080.00000 0.00557
20100.00000 0.00587
20120.00000 0.00641
20140.00000 0.00717
20160.00000 0.00783
20180.00000 0.00861
20200.00000 0.00952
20220.00000 0.01059
20240.00000 0.01151
20260.00000 0.01233
20280.00000 0.01382
20300.00000 0.01546
20320.00000 0.01714
20340.00000 0.01923
20360.00000 0.02148
20380.00000 0.0239
20400.00000 0.02687
20420.00000 0.03062
20440.00000 0.03464
20460.00000 0.039
20480.00000 0.04437
20500.00000 0.05023
20520.00000 0.05684
20540.00000 0.06511
20560.00000 0.07469
20580.00000 0.08575
20600.00000 0.09886
20620.00000 0.11377
20640.00000 0.13078
20660.00000 0.15068
20680.00000 0.17305
20700.00000 0.19824
20720.00000 0.22684
20740.00000 0.25824
20760.00000 0.29239
20780.00000 0.32903
20800.00000 0.36739
20820.00000 0.40689
20840.00000 0.44691
20860.00000 0.48714
20880.00000 0.52577
20900.00000 0.56146
20920.00000 0.59454
20940.00000 0.62421
20960.00000 0.65005
20980.00000 0.67194
21000.00000 0.6897
21020.00000 0.70428
21040.00000 0.71552
21060.00000 0.72379
21080.00000 0.73027
21100.00000 0.73518
21120.00000 0.73866
21140.00000 0.74132
21160.00000 0.743
21180.00000 0.74431
21200.00000 0.74515
21220.00000 0.74527
21240.00000 0.74597
21260.00000 0.74593
21280.00000 0.74426
21300.00000 0.74205
21320.00000 0.73976
21340.00000 0.73773
21360.00000 0.73547
21380.00000 0.73438
21400.00000 0.73499
21420.00000 0.73616
21440.00000 0.73654
21460.00000 0.73558
21480.00000 0.73373
21500.00000 0.72974
21520.00000 0.72382
21540.00000 0.71587
21560.00000 0.70584
21580.00000 0.69354
21600.00000 0.67856
21620.00000 0.66154
21640.00000 0.64313
21660.00000 0.62363
21680.00000 0.60263
21700.00000 0.57916
21720.00000 0.55206
21740.00000 0.52118
21760.00000 0.48767
21780.00000 0.45192
21800.00000 0.41498
21820.00000 0.37822
21840.00000 0.34154
21860.00000 0.30681
21880.00000 0.27431
21900.00000 0.24435
21920.00000 0.21747
21940.00000 0.19286
21960.00000 0.17061
21980.00000 0.15051
22000.00000 0.13277
22020.00000 0.11772
22040.00000 0.10449
22060.00000 0.09247
22080.00000 0.08202
22100.00000 0.07285
22120.00000 0.06477
22140.00000 0.05777
22160.00000 0.05174
22180.00000 0.04651
22200.00000 0.04161
22220.00000 0.03752
22240.00000 0.034
22260.00000 0.0304
22280.00000 0.02737
22300.00000 0.02484
22320.00000 0.02271
22340.00000 0.02087
22360.00000 0.01884
22380.00000 0.01701
22400.00000 0.0159
22420.00000 0.01503
22440.00000 0.01373
22460.00000 0.01242
22480.00000 0.01166
22500.00000 0.01076
22520.00000 0.00958
22540.00000 0.00902
22560.00000 0.00848
22580.00000 0.00761
22600.00000 0.00719
22620.00000 0.00702
22640.00000 0.00633
22660.00000 0.00587
22680.00000 0.00569
22700.00000 0.0051
22720.00000 0.00479
22740.00000 0.00464
22760.00000 0.00412
25036.00000 0.0
