threeML/data/optical_filters/CFHT/CFHT-cfh6002.ecsv
# %ECSV 0.9
# ---
# datatype:
# - {name: wavelength, unit: Angstrom, datatype: float32}
# - {name: response, datatype: float32}
# meta: !!omap
# - {band_name: cfh6002}
# - {group_name: CFHT}
wavelength response
6696.00000 0.0
7440.00000 0.0052
7460.00000 0.00714
7480.00000 0.00952
7500.00000 0.01266
7520.00000 0.01704
7540.00000 0.02364
7560.00000 0.03334
7580.00000 0.04614
7600.00000 0.06102
7620.00000 0.07642
7640.00000 0.09137
7660.00000 0.10672
7680.00000 0.12456
7700.00000 0.1468
7720.00000 0.17468
7740.00000 0.20778
7760.00000 0.24356
7780.00000 0.2784
7800.00000 0.31029
7820.00000 0.34041
7840.00000 0.37122
7860.00000 0.40437
7880.00000 0.43898
7900.00000 0.47234
7920.00000 0.50247
7940.00000 0.5294
7960.00000 0.55444
7980.00000 0.57759
8000.00000 0.59834
8020.00000 0.61485
8040.00000 0.6246
8060.00000 0.62766
8080.00000 0.62767
8100.00000 0.63063
8120.00000 0.64154
8140.00000 0.66315
8160.00000 0.69356
8180.00000 0.7249
8200.00000 0.74661
8220.00000 0.75211
8240.00000 0.74254
8260.00000 0.72438
8280.00000 0.70827
8300.00000 0.70439
8320.00000 0.71486
8340.00000 0.73511
8360.00000 0.75931
8380.00000 0.77927
8400.00000 0.78847
8420.00000 0.78535
8440.00000 0.77248
8460.00000 0.75993
8480.00000 0.7541
8500.00000 0.75304
8520.00000 0.75667
8540.00000 0.76491
8560.00000 0.77135
8580.00000 0.77318
8600.00000 0.77422
8620.00000 0.77522
8640.00000 0.77708
8660.00000 0.78252
8680.00000 0.79272
8700.00000 0.80305
8720.00000 0.81151
8740.00000 0.81674
8760.00000 0.81656
8780.00000 0.81302
8800.00000 0.80783
8820.00000 0.8035
8840.00000 0.80025
8860.00000 0.79668
8880.00000 0.79245
8900.00000 0.78716
8920.00000 0.77985
8940.00000 0.7718
8960.00000 0.76486
8980.00000 0.76094
9000.00000 0.76204
9020.00000 0.76759
9040.00000 0.77499
9060.00000 0.77928
9080.00000 0.77667
9100.00000 0.76628
9120.00000 0.74744
9140.00000 0.72337
9160.00000 0.70079
9180.00000 0.68233
9200.00000 0.66907
9220.00000 0.6647
9240.00000 0.66853
9260.00000 0.67633
9280.00000 0.68648
9300.00000 0.69824
9320.00000 0.70763
9340.00000 0.71007
9360.00000 0.70398
9380.00000 0.6886
9400.00000 0.66479
9420.00000 0.63577
9440.00000 0.60991
9460.00000 0.60197
9480.00000 0.61787
9500.00000 0.64838
9520.00000 0.65211
9540.00000 0.55266
9560.00000 0.35388
9580.00000 0.17914
9600.00000 0.08765
9620.00000 0.04462
9640.00000 0.02487
9660.00000 0.01524
9680.00000 0.00986
9700.00000 0.00671
9720.00000 0.00494
10692.00000 0.0
