threeML/data/optical_filters/CFHT/CFHT-cfh3601.ecsv
# %ECSV 0.9
# ---
# datatype:
# - {name: wavelength, unit: Angstrom, datatype: float32}
# - {name: response, datatype: float32}
# meta: !!omap
# - {band_name: cfh3601}
# - {group_name: CFHT}
wavelength response
5706.00000 0.0
6340.00000 0.00533
6360.00000 0.01672
6380.00000 0.0426
6400.00000 0.0885
6420.00000 0.15623
6440.00000 0.2428
6460.00000 0.34024
6480.00000 0.4382
6500.00000 0.52815
6520.00000 0.60605
6540.00000 0.6714
6560.00000 0.72467
6580.00000 0.76675
6600.00000 0.79955
6620.00000 0.82504
6640.00000 0.84528
6660.00000 0.86128
6680.00000 0.87379
6700.00000 0.88368
6720.00000 0.89124
6740.00000 0.89737
6760.00000 0.90221
6780.00000 0.9059
6800.00000 0.90924
6820.00000 0.91194
6840.00000 0.91409
6860.00000 0.91588
6880.00000 0.91756
6900.00000 0.91872
6920.00000 0.91943
6940.00000 0.92062
6960.00000 0.9214
6980.00000 0.92192
7000.00000 0.92265
7020.00000 0.9231
7040.00000 0.92355
7060.00000 0.92383
7080.00000 0.92389
7100.00000 0.92426
7120.00000 0.92447
7140.00000 0.92445
7160.00000 0.92448
7180.00000 0.92462
7200.00000 0.9248
7220.00000 0.92496
7240.00000 0.92511
7260.00000 0.92519
7280.00000 0.92523
7300.00000 0.92497
7320.00000 0.92513
7340.00000 0.92535
7360.00000 0.92508
7380.00000 0.92516
7400.00000 0.92502
7420.00000 0.92494
7440.00000 0.92485
7460.00000 0.92484
7480.00000 0.92508
7500.00000 0.92471
7520.00000 0.92482
7540.00000 0.92473
7560.00000 0.92435
7580.00000 0.92441
7600.00000 0.92435
7620.00000 0.92432
7640.00000 0.92398
7660.00000 0.92401
7680.00000 0.92386
7700.00000 0.92343
7720.00000 0.92345
7740.00000 0.92317
7760.00000 0.9232
7780.00000 0.92325
7800.00000 0.92279
7820.00000 0.92285
7840.00000 0.92299
7860.00000 0.92262
7880.00000 0.92218
7900.00000 0.92221
7920.00000 0.92226
7940.00000 0.92212
7960.00000 0.92181
7980.00000 0.9213
8000.00000 0.92157
8020.00000 0.92151
8040.00000 0.92128
8060.00000 0.92165
8080.00000 0.92168
8100.00000 0.92085
8120.00000 0.91983
8140.00000 0.91994
8160.00000 0.92073
8180.00000 0.92102
8200.00000 0.92078
8220.00000 0.92053
8240.00000 0.92026
8260.00000 0.91953
8280.00000 0.91917
8300.00000 0.92181
8320.00000 0.9241
8340.00000 0.92506
8360.00000 0.92593
8380.00000 0.92542
8400.00000 0.92528
8420.00000 0.92545
8440.00000 0.92535
8460.00000 0.9249
8480.00000 0.92468
8500.00000 0.92528
8520.00000 0.92523
8540.00000 0.92491
8560.00000 0.92519
8580.00000 0.92461
8600.00000 0.92447
8620.00000 0.92537
8640.00000 0.92572
8660.00000 0.92499
8680.00000 0.92387
8700.00000 0.9241
8720.00000 0.92442
8740.00000 0.9245
8760.00000 0.92473
8780.00000 0.92473
8800.00000 0.92459
8820.00000 0.92422
8840.00000 0.92429
8860.00000 0.92426
8880.00000 0.92397
8900.00000 0.92369
8920.00000 0.92363
8940.00000 0.92389
8960.00000 0.92389
8980.00000 0.92419
9000.00000 0.92429
9020.00000 0.92418
9040.00000 0.92421
9060.00000 0.9239
9080.00000 0.92395
9100.00000 0.92387
9120.00000 0.92384
9140.00000 0.92371
9160.00000 0.92377
9180.00000 0.92401
9200.00000 0.9238
9220.00000 0.92375
9240.00000 0.9238
9260.00000 0.92403
9280.00000 0.92383
9300.00000 0.92368
9320.00000 0.924
9340.00000 0.92372
9360.00000 0.92351
9380.00000 0.92361
9400.00000 0.92366
9420.00000 0.92351
9440.00000 0.92334
9460.00000 0.92354
9480.00000 0.92355
9500.00000 0.92386
9520.00000 0.92422
9540.00000 0.92404
9560.00000 0.92378
9580.00000 0.924
9600.00000 0.9245
9620.00000 0.92429
9640.00000 0.92416
9660.00000 0.92427
9680.00000 0.92421
9700.00000 0.92432
9720.00000 0.92432
9740.00000 0.92421
9760.00000 0.92393
9780.00000 0.92407
9800.00000 0.9245
9820.00000 0.9245
9840.00000 0.92448
9860.00000 0.92444
9880.00000 0.92462
9900.00000 0.92468
9920.00000 0.92459
9940.00000 0.92465
9960.00000 0.92461
9980.00000 0.92461
10000.00000 0.92461
11000.00000 0.0
