threeML/data/optical_filters/CFHT/CFHT-cfh1517.ecsv
# %ECSV 0.9
# ---
# datatype:
# - {name: wavelength, unit: Angstrom, datatype: float32}
# - {name: response, datatype: float32}
# meta: !!omap
# - {band_name: cfh1517}
# - {group_name: CFHT}
wavelength response
4032.00000 0.0
4480.00000 0.00931
4500.00000 0.02551
4520.00000 0.05956
4540.00000 0.12253
4560.00000 0.2233
4580.00000 0.34801
4600.00000 0.4473
4620.00000 0.48047
4640.00000 0.45914
4660.00000 0.42203
4680.00000 0.39674
4700.00000 0.39384
4720.00000 0.41655
4740.00000 0.46733
4760.00000 0.54765
4780.00000 0.64955
4800.00000 0.74878
4820.00000 0.80806
4840.00000 0.80223
4860.00000 0.74316
4880.00000 0.6669
4900.00000 0.60266
4920.00000 0.56256
4940.00000 0.54834
4960.00000 0.55821
4980.00000 0.59001
5000.00000 0.6405
5020.00000 0.70421
5040.00000 0.77173
5060.00000 0.82957
5080.00000 0.86377
5100.00000 0.86948
5120.00000 0.85339
5140.00000 0.827
5160.00000 0.80133
5180.00000 0.78352
5200.00000 0.77637
5220.00000 0.77974
5240.00000 0.79178
5260.00000 0.81003
5280.00000 0.82896
5300.00000 0.84802
5320.00000 0.86475
5340.00000 0.87381
5360.00000 0.87747
5380.00000 0.87788
5400.00000 0.87691
5420.00000 0.87653
5440.00000 0.87744
5460.00000 0.88005
5480.00000 0.88362
5500.00000 0.88708
5520.00000 0.88893
5540.00000 0.88779
5560.00000 0.88341
5580.00000 0.87602
5600.00000 0.86639
5620.00000 0.856
5640.00000 0.84602
5660.00000 0.83754
5680.00000 0.83179
5700.00000 0.82909
5720.00000 0.82951
5740.00000 0.83292
5760.00000 0.83862
5780.00000 0.84558
5800.00000 0.85324
5820.00000 0.86063
5840.00000 0.86742
5860.00000 0.87306
5880.00000 0.87714
5900.00000 0.87991
5920.00000 0.88158
5940.00000 0.88205
5960.00000 0.88158
5980.00000 0.88065
6000.00000 0.87866
6020.00000 0.87534
6040.00000 0.87053
6060.00000 0.86444
6080.00000 0.85677
6100.00000 0.84769
6120.00000 0.83803
6140.00000 0.8282
6160.00000 0.81888
6180.00000 0.81114
6200.00000 0.80553
6220.00000 0.80249
6240.00000 0.80222
6260.00000 0.80458
6280.00000 0.80988
6300.00000 0.81807
6320.00000 0.82828
6340.00000 0.83939
6360.00000 0.8502
6380.00000 0.85928
6400.00000 0.86539
6420.00000 0.86729
6440.00000 0.86482
6460.00000 0.85785
6480.00000 0.8466
6500.00000 0.8322
6520.00000 0.81589
6540.00000 0.79948
6560.00000 0.78395
6580.00000 0.77066
6600.00000 0.76073
6620.00000 0.75418
6640.00000 0.75134
6660.00000 0.75259
6680.00000 0.75804
6700.00000 0.76711
6720.00000 0.77916
6740.00000 0.79366
6760.00000 0.80951
6780.00000 0.82571
6800.00000 0.84114
6820.00000 0.85454
6840.00000 0.86523
6860.00000 0.87291
6880.00000 0.87704
6900.00000 0.87743
6920.00000 0.87511
6940.00000 0.8709
6960.00000 0.86534
6980.00000 0.85962
7000.00000 0.85434
7020.00000 0.85001
7040.00000 0.84679
7060.00000 0.84503
7080.00000 0.8445
7100.00000 0.84529
7120.00000 0.84709
7140.00000 0.84889
7160.00000 0.85101
7180.00000 0.85258
7200.00000 0.85297
7220.00000 0.85147
7240.00000 0.84636
7260.00000 0.83539
7280.00000 0.81496
7300.00000 0.78149
7320.00000 0.7319
7340.00000 0.66435
7360.00000 0.58165
7380.00000 0.49031
7400.00000 0.39981
7420.00000 0.31711
7440.00000 0.24501
7460.00000 0.18573
7480.00000 0.13945
7500.00000 0.1048
7520.00000 0.0791
7540.00000 0.06006
7560.00000 0.04597
7580.00000 0.03557
7600.00000 0.02786
7620.00000 0.02206
7640.00000 0.01762
7660.00000 0.01413
7680.00000 0.01143
7700.00000 0.00937
7720.00000 0.00774
7740.00000 0.00645
7760.00000 0.00543
7780.00000 0.00459
8558.00000 0.0
