threeML/data/optical_filters/CFHT/CFHT-cfh5312.ecsv
# %ECSV 0.9
# ---
# datatype:
# - {name: wavelength, unit: Angstrom, datatype: float32}
# - {name: response, datatype: float32}
# meta: !!omap
# - {band_name: cfh5312}
# - {group_name: CFHT}
wavelength response
17766.00000 0.0
19740.00000 0.004
19760.00000 0.00426
19780.00000 0.00426
19800.00000 0.00453
19820.00000 0.0051
19840.00000 0.00566
19860.00000 0.00603
19880.00000 0.00661
19900.00000 0.00725
19920.00000 0.00793
19940.00000 0.00891
19960.00000 0.00986
19980.00000 0.01096
20000.00000 0.01224
20020.00000 0.01378
20040.00000 0.01523
20060.00000 0.01685
20080.00000 0.01878
20100.00000 0.02097
20120.00000 0.02367
20140.00000 0.02684
20160.00000 0.03038
20180.00000 0.03436
20200.00000 0.03894
20220.00000 0.04468
20240.00000 0.05138
20260.00000 0.05887
20280.00000 0.06802
20300.00000 0.0789
20320.00000 0.0916
20340.00000 0.1067
20360.00000 0.12398
20380.00000 0.14458
20400.00000 0.16925
20420.00000 0.19746
20440.00000 0.23093
20460.00000 0.26913
20480.00000 0.31265
20500.00000 0.35965
20520.00000 0.41118
20540.00000 0.47067
20560.00000 0.53162
20580.00000 0.59221
20600.00000 0.65167
20620.00000 0.70528
20640.00000 0.75226
20660.00000 0.7899
20680.00000 0.81696
20700.00000 0.83476
20720.00000 0.8439
20740.00000 0.84627
20760.00000 0.84309
20780.00000 0.83614
20800.00000 0.82764
20820.00000 0.81732
20840.00000 0.80629
20860.00000 0.79625
20880.00000 0.78752
20900.00000 0.77942
20920.00000 0.77223
20940.00000 0.76715
20960.00000 0.76335
20980.00000 0.76157
21000.00000 0.7606
21020.00000 0.76166
21040.00000 0.7639
21060.00000 0.76743
21080.00000 0.77228
21100.00000 0.77794
21120.00000 0.78453
21140.00000 0.79198
21160.00000 0.80025
21180.00000 0.80844
21200.00000 0.81673
21220.00000 0.8246
21240.00000 0.83224
21260.00000 0.83949
21280.00000 0.84639
21300.00000 0.85222
21320.00000 0.85701
21340.00000 0.8615
21360.00000 0.86432
21380.00000 0.86534
21400.00000 0.86578
21420.00000 0.86497
21440.00000 0.86304
21460.00000 0.85979
21480.00000 0.85599
21500.00000 0.85153
21520.00000 0.84677
21540.00000 0.84088
21560.00000 0.83479
21580.00000 0.82921
21600.00000 0.82291
21620.00000 0.81673
21640.00000 0.81078
21660.00000 0.80583
21680.00000 0.8008
21700.00000 0.79605
21720.00000 0.79224
21740.00000 0.78835
21760.00000 0.7861
21780.00000 0.78395
21800.00000 0.78197
21820.00000 0.78096
21840.00000 0.78082
21860.00000 0.78188
21880.00000 0.78276
21900.00000 0.78513
21920.00000 0.7883
21940.00000 0.79225
21960.00000 0.79669
21980.00000 0.8013
22000.00000 0.80629
22020.00000 0.81175
22040.00000 0.81812
22060.00000 0.82423
22080.00000 0.83078
22100.00000 0.83698
22120.00000 0.84293
22140.00000 0.84874
22160.00000 0.85313
22180.00000 0.8564
22200.00000 0.85721
22220.00000 0.85545
22240.00000 0.8519
22260.00000 0.84297
22280.00000 0.82938
22300.00000 0.81183
22320.00000 0.78761
22340.00000 0.75868
22360.00000 0.72606
22380.00000 0.68791
22400.00000 0.64566
22420.00000 0.60207
22440.00000 0.55681
22460.00000 0.51042
22480.00000 0.46609
22500.00000 0.42317
22520.00000 0.38031
22540.00000 0.34096
22560.00000 0.30528
22580.00000 0.27118
22600.00000 0.24081
22620.00000 0.21388
22640.00000 0.18907
22660.00000 0.1676
22680.00000 0.14885
22700.00000 0.13213
22720.00000 0.11771
22740.00000 0.10477
22760.00000 0.0934
22780.00000 0.08362
22800.00000 0.07486
22820.00000 0.06725
22840.00000 0.06062
22860.00000 0.05455
22880.00000 0.04904
22900.00000 0.0444
22920.00000 0.04047
22940.00000 0.03677
22960.00000 0.03329
22980.00000 0.03043
23000.00000 0.02782
23020.00000 0.02551
23040.00000 0.02367
23060.00000 0.02147
23080.00000 0.0195
23100.00000 0.01802
23120.00000 0.01662
23140.00000 0.0155
23160.00000 0.01448
23180.00000 0.01337
23200.00000 0.01227
23220.00000 0.01151
23240.00000 0.01077
23260.00000 0.00993
23280.00000 0.00926
23300.00000 0.00879
23320.00000 0.00822
23340.00000 0.00757
23360.00000 0.00731
23380.00000 0.0071
23400.00000 0.00664
23420.00000 0.00604
23440.00000 0.00572
23460.00000 0.00591
23480.00000 0.00531
23500.00000 0.00508
23520.00000 0.00522
23540.00000 0.00452
23560.00000 0.00426
23580.00000 0.00414
25938.00000 0.0
