threeML/data/optical_filters/CFHT/CFHT-cfh5333.ecsv
# %ECSV 0.9
# ---
# datatype:
# - {name: wavelength, unit: Angstrom, datatype: float32}
# - {name: response, datatype: float32}
# meta: !!omap
# - {band_name: cfh5333}
# - {group_name: CFHT}
wavelength response
18828.00000 0.0
20920.00000 0.00443
20925.00000 0.00558
20930.00000 0.00555
20935.00000 0.00334
20940.00000 0.00336
20945.00000 0.0056
20950.00000 0.00336
20955.00000 0.00337
20960.00000 0.00336
20965.00000 0.00111
20970.00000 0.00336
20975.00000 0.0
20980.00000 0.00337
20985.00000 0.00336
20990.00000 0.00111
20995.00000 0.00565
21000.00000 0.00568
21005.00000 0.00226
21010.00000 0.00456
21015.00000 0.00571
21020.00000 0.0
21025.00000 0.00458
21030.00000 0.00693
21035.00000 0.00346
21040.00000 0.00346
21045.00000 0.00461
21050.00000 0.00462
21055.00000 0.00116
21060.00000 0.00114
21065.00000 0.00581
21070.00000 0.00467
21075.00000 0.00583
21080.00000 0.00351
21085.00000 0.00116
21090.00000 0.00354
21095.00000 0.00352
21100.00000 0.00235
21105.00000 0.00587
21110.00000 0.00705
21115.00000 0.00235
21120.00000 0.00827
21125.00000 0.00824
21130.00000 0.00826
21135.00000 0.00352
21140.00000 0.00473
21145.00000 0.0071
21150.00000 0.00354
21155.00000 0.00475
21160.00000 0.00476
21165.00000 0.00713
21170.00000 0.00597
21175.00000 0.00238
21180.00000 0.00597
21185.00000 0.0108
21190.00000 0.00842
21195.00000 0.00482
21200.00000 0.00484
21205.00000 0.00606
21210.00000 0.00601
21215.00000 0.00969
21220.00000 0.00851
21225.00000 0.00485
21230.00000 0.00977
21235.00000 0.0061
21240.00000 0.00735
21245.00000 0.00859
21250.00000 0.00861
21255.00000 0.01109
21260.00000 0.01111
21265.00000 0.01233
21270.00000 0.01112
21275.00000 0.01476
21280.00000 0.01735
21285.00000 0.01483
21290.00000 0.01488
21295.00000 0.01994
21300.00000 0.00752
21305.00000 0.0224
21310.00000 0.02133
21315.00000 0.02522
21320.00000 0.02518
21325.00000 0.03387
21330.00000 0.03021
21335.00000 0.02771
21340.00000 0.02925
21345.00000 0.03549
21350.00000 0.03954
21355.00000 0.03821
21360.00000 0.04718
21365.00000 0.04347
21370.00000 0.05511
21375.00000 0.05479
21380.00000 0.0654
21385.00000 0.06953
21390.00000 0.07513
21395.00000 0.08037
21400.00000 0.09235
21405.00000 0.10472
21410.00000 0.11589
21415.00000 0.1237
21420.00000 0.13869
21425.00000 0.15491
21430.00000 0.16942
21435.00000 0.19246
21440.00000 0.20973
21445.00000 0.24193
21450.00000 0.25648
21455.00000 0.28015
21460.00000 0.30666
21465.00000 0.33133
21470.00000 0.36095
21475.00000 0.37778
21480.00000 0.41164
21485.00000 0.41377
21490.00000 0.44632
21495.00000 0.45384
21500.00000 0.48247
21505.00000 0.4899
21510.00000 0.50406
21515.00000 0.50874
21520.00000 0.51463
21525.00000 0.52289
21530.00000 0.52997
21535.00000 0.53645
21540.00000 0.53757
21545.00000 0.53851
21550.00000 0.53352
21555.00000 0.54482
21560.00000 0.53964
21565.00000 0.55229
21570.00000 0.5598
21575.00000 0.54808
21580.00000 0.5555
21585.00000 0.54657
21590.00000 0.5549
21595.00000 0.5511
21600.00000 0.54851
21605.00000 0.55055
21610.00000 0.53598
21615.00000 0.53372
21620.00000 0.51085
21625.00000 0.50616
21630.00000 0.47966
21635.00000 0.47211
21640.00000 0.43242
21645.00000 0.42065
21650.00000 0.37735
21655.00000 0.36928
21660.00000 0.32222
21665.00000 0.32436
21670.00000 0.27696
21675.00000 0.26564
21680.00000 0.22598
21685.00000 0.22148
21690.00000 0.19049
21695.00000 0.18143
21700.00000 0.14766
21705.00000 0.14499
21710.00000 0.12199
21715.00000 0.12384
21720.00000 0.09528
21725.00000 0.09576
21730.00000 0.08844
21735.00000 0.07834
21740.00000 0.0636
21745.00000 0.06534
21750.00000 0.05533
21755.00000 0.05128
21760.00000 0.05417
21765.00000 0.04395
21770.00000 0.03987
21775.00000 0.03856
21780.00000 0.04044
21785.00000 0.03438
21790.00000 0.03159
21795.00000 0.02832
21800.00000 0.02867
21805.00000 0.03413
21810.00000 0.01685
21815.00000 0.01868
21820.00000 0.01369
21825.00000 0.01198
21830.00000 0.01897
21835.00000 0.01715
21840.00000 0.024
21845.00000 0.01369
21850.00000 0.02051
21855.00000 0.01541
21860.00000 0.0206
21865.00000 0.01543
21870.00000 0.01027
21875.00000 0.01376
21880.00000 0.01202
21885.00000 0.01031
21890.00000 0.01361
21895.00000 0.0119
24084.50000 0.0
