threeML/data/optical_filters/CFHT/CFHT-cfh1703.ecsv
# %ECSV 0.9
# ---
# datatype:
# - {name: wavelength, unit: Angstrom, datatype: float32}
# - {name: response, datatype: float32}
# meta: !!omap
# - {band_name: cfh1703}
# - {group_name: CFHT}
wavelength response
5778.00000 0.0
6420.00000 0.00429
6440.00000 0.00523
6460.00000 0.00627
6480.00000 0.00743
6500.00000 0.00868
6520.00000 0.01006
6540.00000 0.01158
6560.00000 0.0132
6580.00000 0.01497
6600.00000 0.01691
6620.00000 0.01903
6640.00000 0.02141
6660.00000 0.02405
6680.00000 0.02704
6700.00000 0.03038
6720.00000 0.03407
6740.00000 0.03827
6760.00000 0.04301
6780.00000 0.04831
6800.00000 0.05424
6820.00000 0.06093
6840.00000 0.0686
6860.00000 0.07741
6880.00000 0.08752
6900.00000 0.099
6920.00000 0.11191
6940.00000 0.12668
6960.00000 0.14342
6980.00000 0.16219
7000.00000 0.18286
7020.00000 0.2057
7040.00000 0.23145
7060.00000 0.26007
7080.00000 0.29097
7100.00000 0.32359
7120.00000 0.35774
7140.00000 0.39308
7160.00000 0.42877
7180.00000 0.46346
7200.00000 0.49623
7220.00000 0.52666
7240.00000 0.55431
7260.00000 0.5788
7280.00000 0.59935
7300.00000 0.61554
7320.00000 0.62785
7340.00000 0.63638
7360.00000 0.64157
7380.00000 0.64371
7400.00000 0.64316
7420.00000 0.6407
7440.00000 0.63654
7460.00000 0.63103
7480.00000 0.62413
7500.00000 0.61621
7520.00000 0.60779
7540.00000 0.59859
7560.00000 0.58871
7580.00000 0.57851
7600.00000 0.56783
7620.00000 0.55656
7640.00000 0.54492
7660.00000 0.53262
7680.00000 0.51941
7700.00000 0.5058
7720.00000 0.49168
7740.00000 0.47701
7760.00000 0.46179
7780.00000 0.44585
7800.00000 0.42957
7820.00000 0.41302
7840.00000 0.39551
7860.00000 0.37755
7880.00000 0.35938
7900.00000 0.34068
7920.00000 0.32224
7940.00000 0.30374
7960.00000 0.28522
7980.00000 0.26724
8000.00000 0.24969
8020.00000 0.23276
8040.00000 0.21629
8060.00000 0.20018
8080.00000 0.18459
8100.00000 0.16968
8120.00000 0.15582
8140.00000 0.14296
8160.00000 0.13086
8180.00000 0.1196
8200.00000 0.10936
8220.00000 0.09996
8240.00000 0.09109
8260.00000 0.08287
8280.00000 0.07596
8300.00000 0.06721
8320.00000 0.05913
8340.00000 0.05399
8360.00000 0.04893
8380.00000 0.04419
8400.00000 0.04007
8420.00000 0.03636
8440.00000 0.03239
8460.00000 0.02896
8480.00000 0.02664
8500.00000 0.02464
8520.00000 0.02242
8540.00000 0.02045
8560.00000 0.01836
8580.00000 0.01674
8600.00000 0.0153
8620.00000 0.01402
8640.00000 0.0132
8660.00000 0.01231
8680.00000 0.01125
8700.00000 0.01004
8720.00000 0.00949
8740.00000 0.00897
8760.00000 0.00792
8780.00000 0.00728
8800.00000 0.00703
8820.00000 0.00664
8840.00000 0.00609
8860.00000 0.00571
8880.00000 0.00537
8900.00000 0.00476
8920.00000 0.00432
8940.00000 0.00432
8960.00000 0.00418
9856.00000 0.0
