threeML/data/optical_filters/CFHT/CFHT-cfh5325.ecsv
# %ECSV 0.9
# ---
# datatype:
# - {name: wavelength, unit: Angstrom, datatype: float32}
# - {name: response, datatype: float32}
# meta: !!omap
# - {band_name: cfh5325}
# - {group_name: CFHT}
wavelength response
20178.00000 0.0
22420.00000 0.00423
22440.00000 0.00481
22460.00000 0.00586
22480.00000 0.00677
22500.00000 0.00789
22520.00000 0.00932
22540.00000 0.01089
22560.00000 0.01323
22580.00000 0.01657
22600.00000 0.0209
22620.00000 0.02641
22640.00000 0.03391
22660.00000 0.04378
22680.00000 0.05669
22700.00000 0.07372
22720.00000 0.0959
22740.00000 0.12355
22760.00000 0.15721
22780.00000 0.19716
22800.00000 0.24214
22820.00000 0.29103
22840.00000 0.34062
22860.00000 0.38916
22880.00000 0.43649
22900.00000 0.48166
22920.00000 0.52498
22940.00000 0.56796
22960.00000 0.61151
22980.00000 0.65538
23000.00000 0.69922
23020.00000 0.7424
23040.00000 0.78215
23060.00000 0.81601
23080.00000 0.84256
23100.00000 0.85989
23120.00000 0.8672
23140.00000 0.86632
23160.00000 0.85956
23180.00000 0.84792
23200.00000 0.83342
23220.00000 0.81813
23240.00000 0.80405
23260.00000 0.79175
23280.00000 0.78151
23300.00000 0.77426
23320.00000 0.77023
23340.00000 0.76909
23360.00000 0.77078
23380.00000 0.7753
23400.00000 0.78259
23420.00000 0.79131
23440.00000 0.8006
23460.00000 0.81093
23480.00000 0.8223
23500.00000 0.83315
23520.00000 0.8428
23540.00000 0.85205
23560.00000 0.85999
23580.00000 0.86716
23600.00000 0.87361
23620.00000 0.87839
23640.00000 0.8815
23660.00000 0.883
23680.00000 0.88217
23700.00000 0.87697
23720.00000 0.86577
23740.00000 0.84752
23760.00000 0.81897
23780.00000 0.77917
23800.00000 0.72974
23820.00000 0.67041
23840.00000 0.60316
23860.00000 0.53305
23880.00000 0.46382
23900.00000 0.39799
23920.00000 0.33786
23940.00000 0.28404
23960.00000 0.2381
23980.00000 0.19984
24000.00000 0.16753
24020.00000 0.14095
24040.00000 0.11903
24060.00000 0.10065
24080.00000 0.08565
24100.00000 0.07314
24120.00000 0.06252
24140.00000 0.05359
24160.00000 0.04622
24180.00000 0.0399
24200.00000 0.03468
24220.00000 0.03009
24240.00000 0.0262
24260.00000 0.02321
24280.00000 0.02057
24300.00000 0.01811
24320.00000 0.0159
24340.00000 0.01433
24360.00000 0.01314
24380.00000 0.01163
24400.00000 0.01018
24420.00000 0.00943
24440.00000 0.00858
24460.00000 0.00746
24480.00000 0.00652
24500.00000 0.00597
24520.00000 0.00563
24540.00000 0.00525
24560.00000 0.00488
24580.00000 0.00458
24600.00000 0.00429
24620.00000 0.00403
27082.00000 0.0
