threeML/data/optical_filters/CFHT/CFHT-cfh5133.ecsv
# %ECSV 0.9
# ---
# datatype:
# - {name: wavelength, unit: Angstrom, datatype: float32}
# - {name: response, datatype: float32}
# meta: !!omap
# - {band_name: cfh5133}
# - {group_name: CFHT}
wavelength response
10368.00000 0.0
11520.00000 0.00548
11540.00000 0.00764
11560.00000 0.01082
11580.00000 0.01517
11600.00000 0.02159
11620.00000 0.03104
11640.00000 0.04521
11660.00000 0.06642
11680.00000 0.09886
11700.00000 0.14978
11720.00000 0.22803
11740.00000 0.34312
11760.00000 0.4893
11780.00000 0.63747
11800.00000 0.74887
11820.00000 0.80244
11840.00000 0.81139
11860.00000 0.80176
11880.00000 0.79137
11900.00000 0.78749
11920.00000 0.7906
11940.00000 0.79814
11960.00000 0.80719
11980.00000 0.8156
12000.00000 0.82205
12020.00000 0.82645
12040.00000 0.8291
12060.00000 0.83089
12080.00000 0.8322
12100.00000 0.83339
12120.00000 0.8353
12140.00000 0.83777
12160.00000 0.84059
12180.00000 0.8438
12200.00000 0.84686
12220.00000 0.84901
12240.00000 0.8499
12260.00000 0.84918
12280.00000 0.84613
12300.00000 0.84096
12320.00000 0.83429
12340.00000 0.82603
12360.00000 0.81659
12380.00000 0.80716
12400.00000 0.79886
12420.00000 0.79271
12440.00000 0.78934
12460.00000 0.78888
12480.00000 0.79185
12500.00000 0.7981
12520.00000 0.8067
12540.00000 0.81667
12560.00000 0.82903
12580.00000 0.84244
12600.00000 0.85448
12620.00000 0.86557
12640.00000 0.87503
12660.00000 0.88278
12680.00000 0.88892
12700.00000 0.89323
12720.00000 0.89612
12740.00000 0.89774
12760.00000 0.89778
12780.00000 0.89636
12800.00000 0.89388
12820.00000 0.8903
12840.00000 0.88567
12860.00000 0.88011
12880.00000 0.8741
12900.00000 0.86807
12920.00000 0.86253
12940.00000 0.85809
12960.00000 0.85519
12980.00000 0.85414
13000.00000 0.85542
13020.00000 0.85896
13040.00000 0.86417
13060.00000 0.87061
13080.00000 0.87723
13100.00000 0.88261
13120.00000 0.88501
13140.00000 0.88274
13160.00000 0.87515
13180.00000 0.86314
13200.00000 0.84833
13220.00000 0.83334
13240.00000 0.82184
13260.00000 0.81679
13280.00000 0.81918
13300.00000 0.82518
13320.00000 0.82153
13340.00000 0.78363
13360.00000 0.69089
13380.00000 0.54619
13400.00000 0.38634
13420.00000 0.25325
13440.00000 0.1602
13460.00000 0.10126
13480.00000 0.06534
13500.00000 0.04359
13520.00000 0.03017
13540.00000 0.02161
13560.00000 0.01591
13580.00000 0.01207
13600.00000 0.00949
13620.00000 0.00749
13640.00000 0.006
13660.00000 0.005
13680.00000 0.00435
15048.00000 0.0
