threeML/data/optical_filters/CFHT/CFHT-cfh6310.ecsv
# %ECSV 0.9
# ---
# datatype:
# - {name: wavelength, unit: Angstrom, datatype: float32}
# - {name: response, datatype: float32}
# meta: !!omap
# - {band_name: cfh6310}
# - {group_name: CFHT}
wavelength response
18760.50000 0.0
20845.00000 0.0047
20850.00000 0.0
20855.00000 0.0
20860.00000 0.0
20865.00000 0.00117
20870.00000 0.0
20875.00000 0.0
20880.00000 0.0
20885.00000 0.00476
20890.00000 0.00119
20895.00000 0.00119
20900.00000 0.0
20905.00000 0.0
20910.00000 0.0
20915.00000 0.0
20920.00000 0.0
20925.00000 0.00119
20930.00000 0.0
20935.00000 0.00121
20940.00000 0.0
20945.00000 0.0
20950.00000 0.0
20955.00000 0.00363
20960.00000 0.00121
20965.00000 0.00121
20970.00000 0.00243
20975.00000 0.0
20980.00000 0.00244
20985.00000 0.0
20990.00000 0.0
20995.00000 0.00122
21000.00000 0.0062
21005.00000 0.0
21010.00000 0.00247
21015.00000 0.0
21020.00000 0.00496
21025.00000 0.0
21030.00000 0.0
21035.00000 0.00124
21040.00000 0.005
21045.00000 0.0
21050.00000 0.0
21055.00000 0.00124
21060.00000 0.00375
21065.00000 0.00124
21070.00000 0.00378
21075.00000 0.00378
21080.00000 0.00888
21085.00000 0.00893
21090.00000 0.00125
21095.00000 0.01015
21100.00000 0.00896
21105.00000 0.00253
21110.00000 0.00381
21115.00000 0.00641
21120.00000 0.00255
21125.00000 0.009
21130.00000 0.01295
21135.00000 0.01556
21140.00000 0.01955
21145.00000 0.01683
21150.00000 0.01822
21155.00000 0.02345
21160.00000 0.03252
21165.00000 0.03659
21170.00000 0.04199
21175.00000 0.05119
21180.00000 0.05948
21185.00000 0.07538
21190.00000 0.08917
21195.00000 0.11356
21200.00000 0.13441
21205.00000 0.16106
21210.00000 0.19923
21215.00000 0.22661
21220.00000 0.2818
21225.00000 0.32181
21230.00000 0.36725
21235.00000 0.40248
21240.00000 0.4592
21245.00000 0.48711
21250.00000 0.52986
21255.00000 0.54591
21260.00000 0.5845
21265.00000 0.58939
21270.00000 0.60307
21275.00000 0.61757
21280.00000 0.62076
21285.00000 0.61725
21290.00000 0.62668
21295.00000 0.63014
21300.00000 0.63237
21305.00000 0.63275
21310.00000 0.63631
21315.00000 0.62354
21320.00000 0.63162
21325.00000 0.61961
21330.00000 0.63623
21335.00000 0.6234
21340.00000 0.62048
21345.00000 0.62833
21350.00000 0.62607
21355.00000 0.61603
21360.00000 0.61394
21365.00000 0.60889
21370.00000 0.60641
21375.00000 0.58984
21380.00000 0.57405
21385.00000 0.54726
21390.00000 0.5065
21395.00000 0.47328
21400.00000 0.41658
21405.00000 0.38493
21410.00000 0.31731
21415.00000 0.28722
21420.00000 0.21687
21425.00000 0.20012
21430.00000 0.15215
21435.00000 0.13654
21440.00000 0.10556
21445.00000 0.08525
21450.00000 0.06992
21455.00000 0.06001
21460.00000 0.05409
21465.00000 0.04579
21470.00000 0.03568
21475.00000 0.02711
21480.00000 0.02443
21485.00000 0.02296
21490.00000 0.01576
21495.00000 0.01294
21500.00000 0.01585
21505.00000 0.01155
21510.00000 0.00873
21515.00000 0.01013
21520.00000 0.00433
21525.00000 0.01157
21530.00000 0.00722
21535.00000 0.00436
21540.00000 0.00725
21545.00000 0.00438
23699.50000 0.0
