threeML/data/optical_filters/CFHT/CFHT-cfh1608.ecsv
# %ECSV 0.9
# ---
# datatype:
# - {name: wavelength, unit: Angstrom, datatype: float32}
# - {name: response, datatype: float32}
# meta: !!omap
# - {band_name: cfh1608}
# - {group_name: CFHT}
wavelength response
5803.20020 0.0
6448.00000 0.00401
6449.00000 0.00403
6450.00000 0.00438
6451.00000 0.0045
6452.00000 0.00475
6453.00000 0.00533
6454.00000 0.00563
6455.00000 0.00594
6456.00000 0.00624
6457.00000 0.00684
6458.00000 0.00677
6459.00000 0.007
6460.00000 0.00815
6461.00000 0.00768
6462.00000 0.00868
6463.00000 0.00906
6464.00000 0.0097
6465.00000 0.01042
6466.00000 0.01089
6467.00000 0.0116
6468.00000 0.01305
6469.00000 0.01385
6470.00000 0.01421
6471.00000 0.0145
6472.00000 0.01585
6473.00000 0.01717
6474.00000 0.01775
6475.00000 0.01924
6476.00000 0.02135
6477.00000 0.02228
6478.00000 0.02379
6479.00000 0.02481
6480.00000 0.02736
6481.00000 0.03008
6482.00000 0.03227
6483.00000 0.03493
6484.00000 0.03717
6485.00000 0.03995
6486.00000 0.04295
6487.00000 0.04691
6488.00000 0.04933
6489.00000 0.05397
6490.00000 0.0596
6491.00000 0.06439
6492.00000 0.07071
6493.00000 0.07738
6494.00000 0.08327
6495.00000 0.09276
6496.00000 0.0983
6497.00000 0.10773
6498.00000 0.11916
6499.00000 0.13014
6500.00000 0.14249
6501.00000 0.15485
6502.00000 0.17177
6503.00000 0.18655
6504.00000 0.20766
6505.00000 0.22508
6506.00000 0.24809
6507.00000 0.2708
6508.00000 0.29059
6509.00000 0.31694
6510.00000 0.34494
6511.00000 0.37894
6512.00000 0.41113
6513.00000 0.44016
6514.00000 0.47624
6515.00000 0.50807
6516.00000 0.54752
6517.00000 0.58286
6518.00000 0.62015
6519.00000 0.65147
6520.00000 0.68381
6521.00000 0.71822
6522.00000 0.74313
6523.00000 0.76971
6524.00000 0.80733
6525.00000 0.82042
6526.00000 0.84682
6527.00000 0.85149
6528.00000 0.8726
6529.00000 0.87822
6530.00000 0.88431
6531.00000 0.8896
6532.00000 0.89662
6533.00000 0.90268
6534.00000 0.89963
6535.00000 0.90613
6536.00000 0.90971
6537.00000 0.90288
6538.00000 0.9104
6539.00000 0.91145
6540.00000 0.90398
6541.00000 0.90173
6542.00000 0.90851
6543.00000 0.90405
6544.00000 0.90419
6545.00000 0.89479
6546.00000 0.90164
6547.00000 0.90198
6548.00000 0.89487
6549.00000 0.89987
6550.00000 0.90138
6551.00000 0.89847
6552.00000 0.90161
6553.00000 0.90237
6554.00000 0.901
6555.00000 0.90225
6556.00000 0.90565
6557.00000 0.90331
6558.00000 0.90182
6559.00000 0.90628
6560.00000 0.9015
6561.00000 0.89738
6562.00000 0.89597
6563.00000 0.8952
6564.00000 0.89424
6565.00000 0.89204
6566.00000 0.88873
6567.00000 0.88268
6568.00000 0.88654
6569.00000 0.88452
6570.00000 0.87938
6571.00000 0.875
6572.00000 0.87367
6573.00000 0.86769
6574.00000 0.86479
6575.00000 0.86266
6576.00000 0.85558
6577.00000 0.85947
6578.00000 0.85304
6579.00000 0.85558
6580.00000 0.85385
6581.00000 0.84454
6582.00000 0.84686
6583.00000 0.84315
6584.00000 0.84763
6585.00000 0.83736
6586.00000 0.84045
6587.00000 0.8371
6588.00000 0.83818
6589.00000 0.82788
6590.00000 0.83168
6591.00000 0.82944
6592.00000 0.82587
6593.00000 0.8279
6594.00000 0.81975
6595.00000 0.81776
6596.00000 0.81287
6597.00000 0.80133
6598.00000 0.79938
6599.00000 0.78403
6600.00000 0.78123
6601.00000 0.76982
6602.00000 0.75378
6603.00000 0.73596
6604.00000 0.71814
6605.00000 0.70314
6606.00000 0.67398
6607.00000 0.65536
6608.00000 0.63539
6609.00000 0.606
6610.00000 0.58054
6611.00000 0.54933
6612.00000 0.52348
6613.00000 0.48993
6614.00000 0.46474
6615.00000 0.43645
6616.00000 0.4041
6617.00000 0.37807
6618.00000 0.35156
6619.00000 0.32741
6620.00000 0.29765
6621.00000 0.27736
6622.00000 0.25385
6623.00000 0.2347
6624.00000 0.21727
6625.00000 0.19858
6626.00000 0.18167
6627.00000 0.1665
6628.00000 0.15228
6629.00000 0.14313
6630.00000 0.13068
6631.00000 0.11835
6632.00000 0.11099
6633.00000 0.10069
6634.00000 0.09512
6635.00000 0.08873
6636.00000 0.0799
6637.00000 0.07472
6638.00000 0.06897
6639.00000 0.06416
6640.00000 0.05913
6641.00000 0.05482
6642.00000 0.05121
6643.00000 0.04657
6644.00000 0.04483
6645.00000 0.04153
6646.00000 0.03763
6647.00000 0.03369
6648.00000 0.03244
6649.00000 0.02945
6650.00000 0.02805
6651.00000 0.0269
6652.00000 0.02397
6653.00000 0.02237
6654.00000 0.02222
6655.00000 0.02017
6656.00000 0.01921
6657.00000 0.01855
6658.00000 0.01645
6659.00000 0.01535
6660.00000 0.0144
6661.00000 0.01404
6662.00000 0.01277
6663.00000 0.01271
6664.00000 0.01051
6665.00000 0.01097
6666.00000 0.01004
6667.00000 0.0092
6668.00000 0.00897
6669.00000 0.00903
6670.00000 0.00838
6671.00000 0.00795
6672.00000 0.00772
6673.00000 0.00713
6674.00000 0.00688
6675.00000 0.00648
6676.00000 0.00563
6677.00000 0.00549
6678.00000 0.0056
6679.00000 0.00552
6680.00000 0.00455
6681.00000 0.00481
6682.00000 0.00423
6683.00000 0.00433
6684.00000 0.00438
7352.39990 0.0
