threeML/data/optical_filters/CFHT/CFHT-cfh5136.ecsv
# %ECSV 0.9
# ---
# datatype:
# - {name: wavelength, unit: Angstrom, datatype: float32}
# - {name: response, datatype: float32}
# meta: !!omap
# - {band_name: cfh5136}
# - {group_name: CFHT}
wavelength response
11299.50000 0.0
12555.00000 0.0042
12560.00000 0.0042
12565.00000 0.00336
12570.00000 0.00378
12575.00000 0.00378
12580.00000 0.00273
12585.00000 0.00378
12590.00000 0.00484
12595.00000 0.00443
12600.00000 0.00569
12605.00000 0.00528
12610.00000 0.00548
12615.00000 0.00591
12620.00000 0.00612
12625.00000 0.00697
12630.00000 0.00758
12635.00000 0.00822
12640.00000 0.00909
12645.00000 0.00931
12650.00000 0.01077
12655.00000 0.01036
12660.00000 0.01184
12665.00000 0.01289
12670.00000 0.0144
12675.00000 0.01462
12680.00000 0.01675
12685.00000 0.01804
12690.00000 0.02016
12695.00000 0.02208
12700.00000 0.02573
12705.00000 0.02806
12710.00000 0.03259
12715.00000 0.03644
12720.00000 0.04266
12725.00000 0.04738
12730.00000 0.05341
12735.00000 0.06073
12740.00000 0.07191
12745.00000 0.0795
12750.00000 0.09338
12755.00000 0.10489
12760.00000 0.12328
12765.00000 0.1369
12770.00000 0.16188
12775.00000 0.17957
12780.00000 0.20897
12785.00000 0.23181
12790.00000 0.2662
12795.00000 0.29179
12800.00000 0.33374
12805.00000 0.36452
12810.00000 0.40837
12815.00000 0.43794
12820.00000 0.48157
12825.00000 0.50676
12830.00000 0.54195
12835.00000 0.56134
12840.00000 0.58363
12845.00000 0.5945
12850.00000 0.60753
12855.00000 0.61176
12860.00000 0.61656
12865.00000 0.61833
12870.00000 0.61919
12875.00000 0.61757
12880.00000 0.61345
12885.00000 0.61043
12890.00000 0.59988
12895.00000 0.59181
12900.00000 0.57413
12905.00000 0.55751
12910.00000 0.52948
12915.00000 0.50772
12920.00000 0.46976
12925.00000 0.44293
12930.00000 0.39847
12935.00000 0.36974
12940.00000 0.32472
12945.00000 0.29546
12950.00000 0.25684
12955.00000 0.23419
12960.00000 0.20184
12965.00000 0.18265
12970.00000 0.15878
12975.00000 0.14424
12980.00000 0.12419
12985.00000 0.11316
12990.00000 0.0981
12995.00000 0.09058
13000.00000 0.07928
13005.00000 0.0733
13010.00000 0.06279
13015.00000 0.05835
13020.00000 0.05179
13025.00000 0.0481
13030.00000 0.04207
13035.00000 0.03926
13040.00000 0.03555
13045.00000 0.03365
13050.00000 0.02925
13055.00000 0.02765
13060.00000 0.02489
13065.00000 0.02287
13070.00000 0.02119
13075.00000 0.01933
13080.00000 0.01723
13085.00000 0.01698
13090.00000 0.01555
13095.00000 0.01433
13100.00000 0.01311
13105.00000 0.01187
13110.00000 0.01039
13115.00000 0.00987
13120.00000 0.00912
13125.00000 0.00961
13130.00000 0.00787
13135.00000 0.00713
13140.00000 0.00662
13145.00000 0.00638
13150.00000 0.00587
13155.00000 0.00612
13160.00000 0.00586
13165.00000 0.00415
13170.00000 0.00583
13175.00000 0.00414
13180.00000 0.00461
14498.00000 0.0
