threeML/data/optical_filters/CFHT/CFHT-cfh5332.ecsv
# %ECSV 0.9
# ---
# datatype:
# - {name: wavelength, unit: Angstrom, datatype: float32}
# - {name: response, datatype: float32}
# meta: !!omap
# - {band_name: cfh5332}
# - {group_name: CFHT}
wavelength response
19012.50000 0.0
21125.00000 0.00468
21130.00000 0.0
21135.00000 0.0
21140.00000 0.0
21145.00000 0.0
21150.00000 0.00117
21155.00000 0.0
21160.00000 0.00238
21165.00000 0.00235
21170.00000 0.0
21175.00000 0.00354
21180.00000 0.00475
21185.00000 0.0
21190.00000 0.00119
21195.00000 0.0
21200.00000 0.00359
21205.00000 0.0
21210.00000 0.00119
21215.00000 0.0036
21220.00000 0.0
21225.00000 0.00362
21230.00000 0.00119
21235.00000 0.0
21240.00000 0.0
21245.00000 0.00366
21250.00000 0.00122
21255.00000 0.00729
21260.00000 0.00243
21265.00000 0.0
21270.00000 0.00246
21275.00000 0.00612
21280.00000 0.0
21285.00000 0.00368
21290.00000 0.0
21295.00000 0.00371
21300.00000 0.00867
21305.00000 0.00371
21310.00000 0.0
21315.00000 0.00124
21320.00000 0.00497
21325.00000 0.0
21330.00000 0.00124
21335.00000 0.00249
21340.00000 0.00124
21345.00000 0.00751
21350.00000 0.0025
21355.00000 0.0025
21360.00000 0.00125
21365.00000 0.0
21370.00000 0.0
21375.00000 0.0
21380.00000 0.005
21385.00000 0.0025
21390.00000 0.00508
21395.00000 0.00635
21400.00000 0.00508
21405.00000 0.00639
21410.00000 0.00644
21415.00000 0.00258
21420.00000 0.00769
21425.00000 0.00642
21430.00000 0.00127
21435.00000 0.00642
21440.00000 0.00385
21445.00000 0.00902
21450.00000 0.00647
21455.00000 0.01167
21460.00000 0.01044
21465.00000 0.00389
21470.00000 0.00786
21475.00000 0.01311
21480.00000 0.01042
21485.00000 0.01044
21490.00000 0.01053
21495.00000 0.01186
21500.00000 0.01193
21505.00000 0.01195
21510.00000 0.01198
21515.00000 0.01462
21520.00000 0.01985
21525.00000 0.02007
21530.00000 0.02142
21535.00000 0.02158
21540.00000 0.02551
21545.00000 0.02676
21550.00000 0.02556
21555.00000 0.03113
21560.00000 0.04063
21565.00000 0.03659
21570.00000 0.04224
21575.00000 0.04771
21580.00000 0.05302
21585.00000 0.05898
21590.00000 0.06302
21595.00000 0.07013
21600.00000 0.08017
21605.00000 0.09282
21610.00000 0.10141
21615.00000 0.11581
21620.00000 0.1264
21625.00000 0.14719
21630.00000 0.15988
21635.00000 0.1749
21640.00000 0.20013
21645.00000 0.23085
21650.00000 0.24028
21655.00000 0.27373
21660.00000 0.29643
21665.00000 0.32153
21670.00000 0.33698
21675.00000 0.37407
21680.00000 0.38507
21685.00000 0.41599
21690.00000 0.42381
21695.00000 0.43875
21700.00000 0.4572
21705.00000 0.46159
21710.00000 0.46751
21715.00000 0.46977
21720.00000 0.4794
21725.00000 0.46259
21730.00000 0.47388
21735.00000 0.467
21740.00000 0.47333
21745.00000 0.45857
21750.00000 0.46797
21755.00000 0.46001
21760.00000 0.46329
21765.00000 0.46519
21770.00000 0.46777
21775.00000 0.46951
21780.00000 0.48311
21785.00000 0.48322
21790.00000 0.48285
21795.00000 0.50261
21800.00000 0.49185
21805.00000 0.51212
21810.00000 0.51083
21815.00000 0.52066
21820.00000 0.5164
21825.00000 0.52866
21830.00000 0.52065
21835.00000 0.51486
21840.00000 0.50107
21845.00000 0.48753
21850.00000 0.47618
21855.00000 0.44901
21860.00000 0.4247
21865.00000 0.39407
21870.00000 0.37447
21875.00000 0.34151
21880.00000 0.30293
21885.00000 0.2813
21890.00000 0.23801
21895.00000 0.22841
21900.00000 0.19699
21905.00000 0.18225
21910.00000 0.15485
21915.00000 0.15753
21920.00000 0.11617
21925.00000 0.11456
21930.00000 0.09564
21935.00000 0.09407
21940.00000 0.08183
21945.00000 0.07512
21950.00000 0.05513
21955.00000 0.06761
21960.00000 0.04951
21965.00000 0.05252
21970.00000 0.04251
21975.00000 0.04265
21980.00000 0.04062
21985.00000 0.03267
21990.00000 0.02917
21995.00000 0.03241
22000.00000 0.01936
22005.00000 0.03044
22010.00000 0.02078
22015.00000 0.01761
22020.00000 0.01596
22025.00000 0.01903
22030.00000 0.01421
22035.00000 0.01575
22040.00000 0.01099
22045.00000 0.01405
22050.00000 0.01266
22055.00000 0.01254
22060.00000 0.00623
22065.00000 0.00937
24271.50000 0.0
