threeML/data/optical_filters/CFHT/CFHT-cfh6001.ecsv
# %ECSV 0.9
# ---
# datatype:
# - {name: wavelength, unit: Angstrom, datatype: float32}
# - {name: response, datatype: float32}
# meta: !!omap
# - {band_name: cfh6001}
# - {group_name: CFHT}
wavelength response
6696.00000 0.0
7440.00000 0.00526
7460.00000 0.00716
7480.00000 0.00955
7500.00000 0.01263
7520.00000 0.01698
7540.00000 0.02382
7560.00000 0.03336
7580.00000 0.04619
7600.00000 0.061
7620.00000 0.07602
7640.00000 0.09035
7660.00000 0.1059
7680.00000 0.12357
7700.00000 0.14561
7720.00000 0.17526
7740.00000 0.20758
7760.00000 0.24306
7780.00000 0.28085
7800.00000 0.30844
7820.00000 0.34052
7840.00000 0.37358
7860.00000 0.40399
7880.00000 0.44147
7900.00000 0.47668
7920.00000 0.50568
7940.00000 0.53119
7960.00000 0.56061
7980.00000 0.57933
8000.00000 0.59779
8020.00000 0.62047
8040.00000 0.62711
8060.00000 0.62326
8080.00000 0.63445
8100.00000 0.63409
8120.00000 0.63489
8140.00000 0.67596
8160.00000 0.69589
8180.00000 0.7189
8200.00000 0.75856
8220.00000 0.75478
8240.00000 0.73508
8260.00000 0.72653
8280.00000 0.71326
8300.00000 0.69902
8320.00000 0.71561
8340.00000 0.75099
8360.00000 0.75998
8380.00000 0.77017
8400.00000 0.80463
8420.00000 0.79352
8440.00000 0.75462
8460.00000 0.76857
8480.00000 0.7682
8500.00000 0.73489
8520.00000 0.75536
8540.00000 0.78419
8560.00000 0.76195
8580.00000 0.76138
8600.00000 0.79451
8620.00000 0.77954
8640.00000 0.76369
8660.00000 0.79733
8680.00000 0.80426
8700.00000 0.79776
8720.00000 0.8174
8740.00000 0.825
8760.00000 0.82013
8780.00000 0.81483
8800.00000 0.80653
8820.00000 0.81018
8840.00000 0.80716
8860.00000 0.7916
8880.00000 0.79724
8900.00000 0.79527
8920.00000 0.77765
8940.00000 0.77544
8960.00000 0.76958
8980.00000 0.76027
9000.00000 0.76634
9020.00000 0.77634
9040.00000 0.77734
9060.00000 0.77434
9080.00000 0.78778
9100.00000 0.78563
9120.00000 0.73262
9140.00000 0.71529
9160.00000 0.73393
9180.00000 0.68271
9200.00000 0.63985
9220.00000 0.68114
9240.00000 0.69411
9260.00000 0.6492
9280.00000 0.66183
9300.00000 0.72211
9320.00000 0.71397
9340.00000 0.68134
9360.00000 0.68549
9380.00000 0.69797
9400.00000 0.68559
9420.00000 0.61047
9440.00000 0.58945
9460.00000 0.63963
9480.00000 0.62207
9500.00000 0.636
9520.00000 0.6586
9540.00000 0.54314
9560.00000 0.35271
9580.00000 0.18378
9600.00000 0.08168
9620.00000 0.04077
9640.00000 0.02725
9660.00000 0.01582
9680.00000 0.00829
9700.00000 0.00677
9720.00000 0.00568
10692.00000 0.0
