threeML/data/optical_filters/CFHT/CFHT-cfh1702.ecsv
# %ECSV 0.9
# ---
# datatype:
# - {name: wavelength, unit: Angstrom, datatype: float32}
# - {name: response, datatype: float32}
# meta: !!omap
# - {band_name: cfh1702}
# - {group_name: CFHT}
wavelength response
5436.00000 0.0
6040.00000 0.00452
6060.00000 0.00516
6080.00000 0.00586
6100.00000 0.00658
6120.00000 0.00735
6140.00000 0.00818
6160.00000 0.00909
6180.00000 0.0101
6200.00000 0.01122
6220.00000 0.01244
6240.00000 0.01376
6260.00000 0.01527
6280.00000 0.01703
6300.00000 0.01897
6320.00000 0.02119
6340.00000 0.02374
6360.00000 0.02663
6380.00000 0.02994
6400.00000 0.03368
6420.00000 0.0379
6440.00000 0.04282
6460.00000 0.04858
6480.00000 0.05527
6500.00000 0.06297
6520.00000 0.07185
6540.00000 0.0822
6560.00000 0.09425
6580.00000 0.10825
6600.00000 0.12421
6620.00000 0.14235
6640.00000 0.16345
6660.00000 0.18777
6680.00000 0.21552
6700.00000 0.24661
6720.00000 0.28055
6740.00000 0.31735
6760.00000 0.35667
6780.00000 0.39693
6800.00000 0.43692
6820.00000 0.47565
6840.00000 0.51201
6860.00000 0.54517
6880.00000 0.57356
6900.00000 0.59634
6920.00000 0.61343
6940.00000 0.62483
6960.00000 0.63103
6980.00000 0.63255
7000.00000 0.63039
7020.00000 0.62531
7040.00000 0.61746
7060.00000 0.60768
7080.00000 0.5963
7100.00000 0.5838
7120.00000 0.57068
7140.00000 0.55652
7160.00000 0.54192
7180.00000 0.52708
7200.00000 0.51161
7220.00000 0.49593
7240.00000 0.4798
7260.00000 0.46292
7280.00000 0.44571
7300.00000 0.42802
7320.00000 0.41002
7340.00000 0.39172
7360.00000 0.37317
7380.00000 0.35463
7400.00000 0.33635
7420.00000 0.31827
7440.00000 0.2999
7460.00000 0.28151
7480.00000 0.2634
7500.00000 0.24573
7520.00000 0.22868
7540.00000 0.21219
7560.00000 0.19626
7580.00000 0.18111
7600.00000 0.16704
7620.00000 0.15387
7640.00000 0.14114
7660.00000 0.12898
7680.00000 0.11771
7700.00000 0.10733
7720.00000 0.09776
7740.00000 0.08879
7760.00000 0.0806
7780.00000 0.07323
7800.00000 0.06651
7820.00000 0.06041
7840.00000 0.05482
7860.00000 0.04965
7880.00000 0.04495
7900.00000 0.04068
7920.00000 0.03693
7940.00000 0.03352
7960.00000 0.0304
7980.00000 0.02763
8000.00000 0.02516
8020.00000 0.02295
8040.00000 0.02094
8060.00000 0.01904
8080.00000 0.01735
8100.00000 0.01585
8120.00000 0.01448
8140.00000 0.01323
8160.00000 0.01213
8180.00000 0.01112
8200.00000 0.01022
8220.00000 0.00941
8240.00000 0.00865
8260.00000 0.00797
8280.00000 0.0074
8300.00000 0.0067
8320.00000 0.0063
8340.00000 0.00616
8360.00000 0.00601
8380.00000 0.00536
8400.00000 0.00464
8420.00000 0.0042
9262.00000 0.0
