threeML/data/optical_filters/CFHT/CFHT-cfh5339.ecsv
# %ECSV 0.9
# ---
# datatype:
# - {name: wavelength, unit: Angstrom, datatype: float32}
# - {name: response, datatype: float32}
# meta: !!omap
# - {band_name: cfh5339}
# - {group_name: CFHT}
wavelength response
18711.00000 0.0
20790.00000 0.00603
20795.00000 0.002
20800.00000 0.00099
20805.00000 0.002
20810.00000 0.00301
20815.00000 0.00504
20820.00000 0.002
20825.00000 0.00603
20830.00000 0.00403
20835.00000 0.00404
20840.00000 0.00099
20845.00000 0.00201
20850.00000 0.00304
20855.00000 0.00102
20860.00000 0.0
20865.00000 0.00102
20870.00000 0.0
20875.00000 0.00102
20880.00000 0.00513
20885.00000 0.0
20890.00000 0.00307
20895.00000 0.0041
20900.00000 0.00414
20905.00000 0.00723
20910.00000 0.0031
20915.00000 0.0
20920.00000 0.00417
20925.00000 0.00311
20930.00000 0.0
20935.00000 0.00211
20940.00000 0.0
20945.00000 0.00418
20950.00000 0.00209
20955.00000 0.00317
20960.00000 0.00105
20965.00000 0.00211
20970.00000 0.00423
20975.00000 0.00209
20980.00000 0.0
20985.00000 0.00421
20990.00000 0.00105
20995.00000 0.00426
21000.00000 0.00533
21005.00000 0.00426
21010.00000 0.0
21015.00000 0.00105
21020.00000 0.00647
21025.00000 0.00427
21030.00000 0.00641
21035.00000 0.00322
21040.00000 0.00214
21045.00000 0.00323
21050.00000 0.00323
21055.00000 0.00107
21060.00000 0.00543
21065.00000 0.00764
21070.00000 0.00548
21075.00000 0.00436
21080.00000 0.00877
21085.00000 0.00658
21090.00000 0.00992
21095.00000 0.00551
21100.00000 0.01651
21105.00000 0.01218
21110.00000 0.01003
21115.00000 0.01445
21120.00000 0.01659
21125.00000 0.01993
21130.00000 0.02234
21135.00000 0.02699
21140.00000 0.03044
21145.00000 0.04385
21150.00000 0.04282
21155.00000 0.05548
21160.00000 0.0668
21165.00000 0.07744
21170.00000 0.09589
21175.00000 0.10983
21180.00000 0.14641
21185.00000 0.16165
21190.00000 0.2066
21195.00000 0.22705
21200.00000 0.28838
21205.00000 0.30252
21210.00000 0.38145
21215.00000 0.40137
21220.00000 0.46152
21225.00000 0.48781
21230.00000 0.53227
21235.00000 0.55165
21240.00000 0.58064
21245.00000 0.60234
21250.00000 0.61292
21255.00000 0.6259
21260.00000 0.63544
21265.00000 0.64418
21270.00000 0.64453
21275.00000 0.64699
21280.00000 0.65117
21285.00000 0.64821
21290.00000 0.66258
21295.00000 0.65549
21300.00000 0.65517
21305.00000 0.6537
21310.00000 0.65042
21315.00000 0.65343
21320.00000 0.64914
21325.00000 0.64928
21330.00000 0.64403
21335.00000 0.65088
21340.00000 0.6432
21345.00000 0.64267
21350.00000 0.62781
21355.00000 0.63039
21360.00000 0.60234
21365.00000 0.59093
21370.00000 0.54008
21375.00000 0.51595
21380.00000 0.45218
21385.00000 0.42793
21390.00000 0.35693
21395.00000 0.3174
21400.00000 0.25917
21405.00000 0.22469
21410.00000 0.18552
21415.00000 0.15131
21420.00000 0.12399
21425.00000 0.09782
21430.00000 0.08408
21435.00000 0.06549
21440.00000 0.06284
21445.00000 0.04932
21450.00000 0.03349
21455.00000 0.0345
21460.00000 0.02109
21465.00000 0.02354
21470.00000 0.02104
21475.00000 0.02116
21480.00000 0.01608
21485.00000 0.01364
21490.00000 0.00871
21495.00000 0.01367
21500.00000 0.00499
21505.00000 0.00748
21510.00000 0.0125
21515.00000 0.00754
21520.00000 0.01007
21525.00000 0.00632
21530.00000 0.00635
21535.00000 0.00502
21540.00000 0.0076
21545.00000 0.00507
21550.00000 0.0089
21555.00000 0.00633
23710.50000 0.0
