threeML/data/optical_filters/CFHT/CFHT-cfh5319.ecsv
# %ECSV 0.9
# ---
# datatype:
# - {name: wavelength, unit: Angstrom, datatype: float32}
# - {name: response, datatype: float32}
# meta: !!omap
# - {band_name: cfh5319}
# - {group_name: CFHT}
wavelength response
17064.00000 0.0
18960.00000 0.00406
18980.00000 0.00436
19000.00000 0.00475
19020.00000 0.0052
19040.00000 0.00591
19060.00000 0.00652
19080.00000 0.00682
19100.00000 0.00751
19120.00000 0.00859
19140.00000 0.00951
19160.00000 0.01039
19180.00000 0.01151
19200.00000 0.01286
19220.00000 0.01416
19240.00000 0.01541
19260.00000 0.01711
19280.00000 0.01888
19300.00000 0.02087
19320.00000 0.02322
19340.00000 0.02567
19360.00000 0.02847
19380.00000 0.03119
19400.00000 0.03424
19420.00000 0.03806
19440.00000 0.04185
19460.00000 0.04581
19480.00000 0.05019
19500.00000 0.05502
19520.00000 0.0603
19540.00000 0.06619
19560.00000 0.07268
19580.00000 0.07947
19600.00000 0.08687
19620.00000 0.09502
19640.00000 0.10402
19660.00000 0.11409
19680.00000 0.12497
19700.00000 0.13643
19720.00000 0.14987
19740.00000 0.16531
19760.00000 0.18193
19780.00000 0.20049
19800.00000 0.2211
19820.00000 0.24309
19840.00000 0.26706
19860.00000 0.2933
19880.00000 0.32146
19900.00000 0.35091
19920.00000 0.38113
19940.00000 0.41245
19960.00000 0.44456
19980.00000 0.47729
20000.00000 0.50906
20020.00000 0.53897
20040.00000 0.56781
20060.00000 0.59465
20080.00000 0.61861
20100.00000 0.63977
20120.00000 0.65807
20140.00000 0.67365
20160.00000 0.68654
20180.00000 0.69699
20200.00000 0.70547
20220.00000 0.71246
20240.00000 0.71788
20260.00000 0.72191
20280.00000 0.72504
20300.00000 0.72751
20320.00000 0.72963
20340.00000 0.7316
20360.00000 0.73335
20380.00000 0.73505
20400.00000 0.73662
20420.00000 0.73836
20440.00000 0.74034
20460.00000 0.74222
20480.00000 0.74405
20500.00000 0.74594
20520.00000 0.74782
20540.00000 0.74937
20560.00000 0.75122
20580.00000 0.75319
20600.00000 0.75468
20620.00000 0.75575
20640.00000 0.75659
20660.00000 0.75731
20680.00000 0.75787
20700.00000 0.75836
20720.00000 0.75867
20740.00000 0.7588
20760.00000 0.75868
20780.00000 0.75848
20800.00000 0.75793
20820.00000 0.75752
20840.00000 0.75745
20860.00000 0.75725
20880.00000 0.7572
20900.00000 0.7571
20920.00000 0.75716
20940.00000 0.75764
20960.00000 0.75804
20980.00000 0.75801
21000.00000 0.7589
21020.00000 0.76028
21040.00000 0.76118
21060.00000 0.76273
21080.00000 0.76465
21100.00000 0.76614
21120.00000 0.76794
21140.00000 0.77028
21160.00000 0.77226
21180.00000 0.77409
21200.00000 0.77669
21220.00000 0.77931
21240.00000 0.78151
21260.00000 0.78374
21280.00000 0.78607
21300.00000 0.78859
21320.00000 0.79065
21340.00000 0.79263
21360.00000 0.79485
21380.00000 0.79631
21400.00000 0.79732
21420.00000 0.79861
21440.00000 0.8004
21460.00000 0.80168
21480.00000 0.80225
21500.00000 0.8031
21520.00000 0.80363
21540.00000 0.80354
21560.00000 0.80315
21580.00000 0.80254
21600.00000 0.80249
21620.00000 0.80244
21640.00000 0.80164
21660.00000 0.80074
21680.00000 0.80003
21700.00000 0.79903
21720.00000 0.79808
21740.00000 0.79773
21760.00000 0.79681
21780.00000 0.79541
21800.00000 0.79388
21820.00000 0.79279
21840.00000 0.79242
21860.00000 0.79189
21880.00000 0.7915
21900.00000 0.791
21920.00000 0.78986
21940.00000 0.7887
21960.00000 0.78867
21980.00000 0.78902
22000.00000 0.78912
22020.00000 0.78978
22040.00000 0.7896
22060.00000 0.78949
22080.00000 0.79054
22100.00000 0.7912
22120.00000 0.79196
22140.00000 0.79303
22160.00000 0.79453
22180.00000 0.79617
22200.00000 0.79683
22220.00000 0.79781
22240.00000 0.79956
22260.00000 0.80098
22280.00000 0.80232
22300.00000 0.80405
22320.00000 0.80544
22340.00000 0.80663
22360.00000 0.80811
22380.00000 0.80965
22400.00000 0.81097
22420.00000 0.81206
22440.00000 0.81313
22460.00000 0.81454
22480.00000 0.81569
22500.00000 0.81673
22520.00000 0.81761
22540.00000 0.81847
22560.00000 0.81938
22580.00000 0.81973
22600.00000 0.82036
22620.00000 0.82089
22640.00000 0.82108
22660.00000 0.82108
22680.00000 0.82089
22700.00000 0.82071
22720.00000 0.82056
22740.00000 0.82054
22760.00000 0.82018
22780.00000 0.81902
22800.00000 0.81793
22820.00000 0.81721
22840.00000 0.81647
22860.00000 0.81538
22880.00000 0.81413
22900.00000 0.81279
22920.00000 0.81163
22940.00000 0.81049
22960.00000 0.8089
22980.00000 0.80685
23000.00000 0.80524
23020.00000 0.80403
23040.00000 0.80217
23060.00000 0.80057
23080.00000 0.79927
23100.00000 0.7977
23120.00000 0.79599
23140.00000 0.79465
23160.00000 0.7935
23180.00000 0.79236
23200.00000 0.79099
23220.00000 0.78963
23240.00000 0.78867
23260.00000 0.78748
23280.00000 0.78641
23300.00000 0.7858
23320.00000 0.7852
23340.00000 0.78439
23360.00000 0.784
23380.00000 0.7841
23400.00000 0.78386
23420.00000 0.78358
23440.00000 0.78409
23460.00000 0.78487
23480.00000 0.78497
23500.00000 0.7849
23520.00000 0.78593
23540.00000 0.78651
23560.00000 0.78673
23580.00000 0.78773
23600.00000 0.78877
23620.00000 0.79031
23640.00000 0.7917
23660.00000 0.79282
23680.00000 0.79413
23700.00000 0.79507
23720.00000 0.79608
23740.00000 0.7979
23760.00000 0.79935
23780.00000 0.80072
23800.00000 0.80234
23820.00000 0.80331
23840.00000 0.80434
23860.00000 0.80608
23880.00000 0.80765
23900.00000 0.80882
23920.00000 0.80988
23940.00000 0.81097
23960.00000 0.81201
23980.00000 0.81241
24000.00000 0.81282
24020.00000 0.81386
24040.00000 0.81514
24060.00000 0.81552
24080.00000 0.81577
24100.00000 0.8159
24120.00000 0.81592
24140.00000 0.81628
24160.00000 0.81602
24180.00000 0.81538
24200.00000 0.81564
24220.00000 0.81604
24240.00000 0.81548
24260.00000 0.81503
24280.00000 0.8148
24300.00000 0.81442
24320.00000 0.81366
24340.00000 0.81296
24360.00000 0.81215
24380.00000 0.81046
24400.00000 0.81003
24420.00000 0.80972
24440.00000 0.80862
24460.00000 0.80757
24480.00000 0.80605
24500.00000 0.80521
24520.00000 0.80516
24540.00000 0.8049
24560.00000 0.80409
24580.00000 0.80338
24600.00000 0.80225
24620.00000 0.80151
24640.00000 0.80048
24660.00000 0.79965
24680.00000 0.79958
24700.00000 0.79915
24720.00000 0.79831
24740.00000 0.79759
24760.00000 0.79817
24780.00000 0.79813
24800.00000 0.79706
24820.00000 0.79732
24840.00000 0.79805
24860.00000 0.79688
24880.00000 0.79633
24900.00000 0.79721
24920.00000 0.79695
24940.00000 0.79663
24960.00000 0.7973
24980.00000 0.79744
25000.00000 0.79762
25020.00000 0.79826
25040.00000 0.79764
25060.00000 0.79663
25080.00000 0.79642
25100.00000 0.79581
25120.00000 0.7942
25140.00000 0.79269
25160.00000 0.79163
25180.00000 0.79004
25200.00000 0.78806
25220.00000 0.78452
25240.00000 0.78131
25260.00000 0.77843
25280.00000 0.7729
25300.00000 0.7659
25320.00000 0.7589
25340.00000 0.75162
25360.00000 0.74295
25380.00000 0.73114
25400.00000 0.7159
25420.00000 0.70018
25440.00000 0.68614
25460.00000 0.66946
25480.00000 0.65025
25500.00000 0.63358
25520.00000 0.60983
25540.00000 0.58563
25560.00000 0.56702
25580.00000 0.54509
25600.00000 0.52208
25620.00000 0.49817
25640.00000 0.47762
25660.00000 0.45457
25680.00000 0.42747
25700.00000 0.40318
25720.00000 0.38028
25740.00000 0.35631
25760.00000 0.32895
25780.00000 0.30124
25800.00000 0.28122
25820.00000 0.26546
25840.00000 0.24847
25860.00000 0.2326
25880.00000 0.21388
25900.00000 0.19684
25920.00000 0.18405
25940.00000 0.16779
25960.00000 0.15166
25980.00000 0.14217
26000.00000 0.13358
26020.00000 0.12238
26040.00000 0.11118
26060.00000 0.10202
26080.00000 0.09642
26100.00000 0.09007
26120.00000 0.08299
26140.00000 0.07808
26160.00000 0.07343
26180.00000 0.06859
26200.00000 0.06096
26220.00000 0.05574
26240.00000 0.05334
26260.00000 0.0508
26280.00000 0.04761
26300.00000 0.04501
26320.00000 0.04131
26340.00000 0.03741
26360.00000 0.03574
26380.00000 0.03256
26400.00000 0.03072
26420.00000 0.02931
26440.00000 0.0265
26460.00000 0.02396
26480.00000 0.02269
26500.00000 0.02168
26520.00000 0.02245
26540.00000 0.02191
26560.00000 0.01952
26580.00000 0.01797
26600.00000 0.01691
26620.00000 0.017
26640.00000 0.01584
26660.00000 0.01294
26680.00000 0.01224
26700.00000 0.01154
26720.00000 0.01125
26740.00000 0.01253
26760.00000 0.01305
26780.00000 0.01242
26800.00000 0.01059
26820.00000 0.00984
26840.00000 0.01015
26860.00000 0.0088
26880.00000 0.00865
26900.00000 0.00882
26920.00000 0.00752
26940.00000 0.00919
26960.00000 0.0083
26980.00000 0.00594
27000.00000 0.0058
27020.00000 0.00546
27040.00000 0.0052
27060.00000 0.00497
27080.00000 0.00452
27100.00000 0.00461
27120.00000 0.00452
29832.00000 0.0
