threeML/data/optical_filters/CFHT/CFHT-cfh6314.ecsv
# %ECSV 0.9
# ---
# datatype:
# - {name: wavelength, unit: Angstrom, datatype: float32}
# - {name: response, datatype: float32}
# meta: !!omap
# - {band_name: cfh6314}
# - {group_name: CFHT}
wavelength response
20394.00000 0.0
22660.00000 0.00464
22665.00000 0.0
22670.00000 0.0031
22675.00000 0.00621
22680.00000 0.0
22685.00000 0.0
22690.00000 0.00783
22695.00000 0.0
22700.00000 0.00305
22705.00000 0.0
22710.00000 0.00146
22715.00000 0.0
22720.00000 0.0
22725.00000 0.0
22730.00000 0.0
22735.00000 0.0
22740.00000 0.00421
22745.00000 0.00415
22750.00000 0.0
22755.00000 0.0
22760.00000 0.0
22765.00000 0.00412
22770.00000 0.0
22775.00000 0.00136
22780.00000 0.0
22785.00000 0.0
22790.00000 0.0054
22795.00000 0.0027
22800.00000 0.0
22805.00000 0.0
22810.00000 0.00133
22815.00000 0.0
22820.00000 0.0
22825.00000 0.0
22830.00000 0.0
22835.00000 0.0
22840.00000 0.0
22845.00000 0.00267
22850.00000 0.0
22855.00000 0.00133
22860.00000 0.00134
22865.00000 0.00406
22870.00000 0.00134
22875.00000 0.00272
22880.00000 0.0
22885.00000 0.00542
22890.00000 0.01089
22895.00000 0.00548
22900.00000 0.00409
22905.00000 0.00964
22910.00000 0.01089
22915.00000 0.00963
22920.00000 0.01097
22925.00000 0.01369
22930.00000 0.0274
22935.00000 0.02605
22940.00000 0.02899
22945.00000 0.05269
22950.00000 0.06001
22955.00000 0.06845
22960.00000 0.08984
22965.00000 0.13033
22970.00000 0.14806
22975.00000 0.19516
22980.00000 0.24956
22985.00000 0.32048
22990.00000 0.37256
22995.00000 0.45151
23000.00000 0.51099
23005.00000 0.5795
23010.00000 0.59888
23015.00000 0.63049
23020.00000 0.64456
23025.00000 0.66016
23030.00000 0.66389
23035.00000 0.67114
23040.00000 0.66522
23045.00000 0.67212
23050.00000 0.67783
23055.00000 0.68633
23060.00000 0.69392
23065.00000 0.71391
23070.00000 0.71069
23075.00000 0.71857
23080.00000 0.72606
23085.00000 0.72246
23090.00000 0.72235
23095.00000 0.7114
23100.00000 0.70699
23105.00000 0.6935
23110.00000 0.68925
23115.00000 0.68102
23120.00000 0.67404
23125.00000 0.67079
23130.00000 0.67732
23135.00000 0.66978
23140.00000 0.67212
23145.00000 0.69701
23150.00000 0.68329
23155.00000 0.69655
23160.00000 0.69926
23165.00000 0.69061
23170.00000 0.67155
23175.00000 0.62088
23180.00000 0.56377
23185.00000 0.47536
23190.00000 0.40683
23195.00000 0.3194
23200.00000 0.25722
23205.00000 0.20293
23210.00000 0.16318
23215.00000 0.11632
23220.00000 0.10448
23225.00000 0.07368
23230.00000 0.05852
23235.00000 0.04768
23240.00000 0.03226
23245.00000 0.02631
23250.00000 0.02321
23255.00000 0.01866
23260.00000 0.02167
23265.00000 0.01862
23270.00000 0.01399
25597.00000 0.0
