threeML/data/optical_filters/CFHT/CFHT-cfh5301.ecsv
# %ECSV 0.9
# ---
# datatype:
# - {name: wavelength, unit: Angstrom, datatype: float32}
# - {name: response, datatype: float32}
# meta: !!omap
# - {band_name: cfh5301}
# - {group_name: CFHT}
wavelength response
17442.00000 0.0
19380.00000 0.00407
19400.00000 0.00441
19420.00000 0.00458
19440.00000 0.00479
19460.00000 0.00513
19480.00000 0.00534
19500.00000 0.00555
19520.00000 0.00601
19540.00000 0.00616
19560.00000 0.00641
19580.00000 0.00696
19600.00000 0.00742
19620.00000 0.0079
19640.00000 0.00848
19660.00000 0.00902
19680.00000 0.00958
19700.00000 0.0103
19720.00000 0.01112
19740.00000 0.01205
19760.00000 0.01308
19780.00000 0.01401
19800.00000 0.01486
19820.00000 0.01639
19840.00000 0.01799
19860.00000 0.01932
19880.00000 0.02084
19900.00000 0.02272
19920.00000 0.02484
19940.00000 0.02708
19960.00000 0.02959
19980.00000 0.03221
20000.00000 0.03497
20020.00000 0.03813
20040.00000 0.04178
20060.00000 0.04584
20080.00000 0.05045
20100.00000 0.05536
20120.00000 0.06082
20140.00000 0.0668
20160.00000 0.07339
20180.00000 0.08095
20200.00000 0.08929
20220.00000 0.0985
20240.00000 0.10863
20260.00000 0.11969
20280.00000 0.13202
20300.00000 0.14546
20320.00000 0.15944
20340.00000 0.17485
20360.00000 0.19182
20380.00000 0.21004
20400.00000 0.22911
20420.00000 0.24907
20440.00000 0.27026
20460.00000 0.2924
20480.00000 0.31546
20500.00000 0.33784
20520.00000 0.3604
20540.00000 0.38435
20560.00000 0.40834
20580.00000 0.43184
20600.00000 0.45457
20620.00000 0.47646
20640.00000 0.4971
20660.00000 0.51682
20680.00000 0.53548
20700.00000 0.55244
20720.00000 0.56769
20740.00000 0.58185
20760.00000 0.59473
20780.00000 0.60565
20800.00000 0.61534
20820.00000 0.6241
20840.00000 0.63188
20860.00000 0.63867
20880.00000 0.64436
20900.00000 0.64938
20920.00000 0.65359
20940.00000 0.65761
20960.00000 0.66133
20980.00000 0.66418
21000.00000 0.6666
21020.00000 0.66879
21040.00000 0.67088
21060.00000 0.67268
21080.00000 0.67432
21100.00000 0.67589
21120.00000 0.67711
21140.00000 0.67841
21160.00000 0.67981
21180.00000 0.68085
21200.00000 0.68196
21220.00000 0.68306
21240.00000 0.68425
21260.00000 0.68524
21280.00000 0.68597
21300.00000 0.68715
21320.00000 0.6884
21340.00000 0.68925
21360.00000 0.68999
21380.00000 0.69104
21400.00000 0.69191
21420.00000 0.69211
21440.00000 0.69266
21460.00000 0.69357
21480.00000 0.6944
21500.00000 0.69489
21520.00000 0.69489
21540.00000 0.69513
21560.00000 0.69536
21580.00000 0.69525
21600.00000 0.69531
21620.00000 0.69527
21640.00000 0.6951
21660.00000 0.69479
21680.00000 0.69397
21700.00000 0.69293
21720.00000 0.69221
21740.00000 0.69182
21760.00000 0.69101
21780.00000 0.69011
21800.00000 0.68953
21820.00000 0.68839
21840.00000 0.68753
21860.00000 0.68677
21880.00000 0.68547
21900.00000 0.68436
21920.00000 0.68323
21940.00000 0.68254
21960.00000 0.68214
21980.00000 0.6812
22000.00000 0.68018
22020.00000 0.67952
22040.00000 0.6785
22060.00000 0.6778
22080.00000 0.6774
22100.00000 0.6767
22120.00000 0.67589
22140.00000 0.67523
22160.00000 0.67461
22180.00000 0.67393
22200.00000 0.6736
22220.00000 0.67332
22240.00000 0.67329
22260.00000 0.67281
22280.00000 0.67241
22300.00000 0.67256
22320.00000 0.67207
22340.00000 0.67188
22360.00000 0.6721
22380.00000 0.67212
22400.00000 0.67201
22420.00000 0.67206
22440.00000 0.6723
22460.00000 0.6721
22480.00000 0.6721
22500.00000 0.67255
22520.00000 0.67238
22540.00000 0.67203
22560.00000 0.67276
22580.00000 0.67354
22600.00000 0.67349
22620.00000 0.67349
22640.00000 0.67355
22660.00000 0.67378
22680.00000 0.67368
22700.00000 0.67381
22720.00000 0.6749
22740.00000 0.67508
22760.00000 0.67485
22780.00000 0.67516
22800.00000 0.67525
22820.00000 0.67531
22840.00000 0.67511
22860.00000 0.67516
22880.00000 0.67557
22900.00000 0.6757
22920.00000 0.67555
22940.00000 0.67546
22960.00000 0.67549
22980.00000 0.67535
23000.00000 0.675
23020.00000 0.675
23040.00000 0.67479
23060.00000 0.67424
23080.00000 0.67386
23100.00000 0.67363
23120.00000 0.67357
23140.00000 0.6734
23160.00000 0.67331
23180.00000 0.67317
23200.00000 0.67255
23220.00000 0.67172
23240.00000 0.67152
23260.00000 0.67088
23280.00000 0.67046
23300.00000 0.67014
23320.00000 0.66965
23340.00000 0.66936
23360.00000 0.66875
23380.00000 0.66815
23400.00000 0.66768
23420.00000 0.66727
23440.00000 0.66685
23460.00000 0.66626
23480.00000 0.66579
23500.00000 0.66545
23520.00000 0.66493
23540.00000 0.66476
23560.00000 0.66423
23580.00000 0.66362
23600.00000 0.66348
23620.00000 0.66302
23640.00000 0.66261
23660.00000 0.66229
23680.00000 0.66164
23700.00000 0.66095
23720.00000 0.66072
23740.00000 0.66101
23760.00000 0.66081
23780.00000 0.66011
23800.00000 0.65923
23820.00000 0.65865
23840.00000 0.65836
23860.00000 0.65744
23880.00000 0.65619
23900.00000 0.65443
23920.00000 0.65237
23940.00000 0.65031
23960.00000 0.64714
23980.00000 0.64343
24000.00000 0.63902
24020.00000 0.63336
24040.00000 0.62694
24060.00000 0.61954
24080.00000 0.61073
24100.00000 0.60016
24120.00000 0.58821
24140.00000 0.57469
24160.00000 0.55968
24180.00000 0.54259
24200.00000 0.52299
24220.00000 0.50204
24240.00000 0.4799
24260.00000 0.45601
24280.00000 0.43073
24300.00000 0.40494
24320.00000 0.37901
24340.00000 0.35294
24360.00000 0.32698
24380.00000 0.30171
24400.00000 0.27722
24420.00000 0.25409
24440.00000 0.23222
24460.00000 0.21112
24480.00000 0.19101
24500.00000 0.17319
24520.00000 0.15677
24540.00000 0.14104
24560.00000 0.12721
24580.00000 0.11479
24600.00000 0.10355
24620.00000 0.09299
24640.00000 0.08308
24660.00000 0.07451
24680.00000 0.06723
24700.00000 0.06058
24720.00000 0.05418
24740.00000 0.04868
24760.00000 0.04414
24780.00000 0.03969
24800.00000 0.0354
24820.00000 0.03198
24840.00000 0.02928
24860.00000 0.02628
24880.00000 0.02353
24900.00000 0.02148
24920.00000 0.0195
24940.00000 0.01764
24960.00000 0.01584
24980.00000 0.01447
25000.00000 0.0132
25020.00000 0.01183
25040.00000 0.01082
25060.00000 0.01018
25080.00000 0.0094
25100.00000 0.00819
25120.00000 0.00705
25140.00000 0.00665
25160.00000 0.00607
25180.00000 0.00499
25200.00000 0.00485
25220.00000 0.00522
25240.00000 0.00488
27764.00000 0.0
