threeML/data/optical_filters/CFHT/CFHT-cfh6211.ecsv
# %ECSV 0.9
# ---
# datatype:
# - {name: wavelength, unit: Angstrom, datatype: float32}
# - {name: response, datatype: float32}
# meta: !!omap
# - {band_name: cfh6211}
# - {group_name: CFHT}
wavelength response
13122.00000 0.0
14580.00000 0.004
14600.00000 0.00484
14620.00000 0.00595
14640.00000 0.00743
14660.00000 0.00926
14680.00000 0.01183
14700.00000 0.01524
14720.00000 0.01974
14740.00000 0.02563
14760.00000 0.03334
14780.00000 0.04362
14800.00000 0.05676
14820.00000 0.07314
14840.00000 0.09364
14860.00000 0.11896
14880.00000 0.14909
14900.00000 0.18452
14920.00000 0.22569
14940.00000 0.27306
14960.00000 0.32735
14980.00000 0.38797
15000.00000 0.45407
15020.00000 0.52345
15040.00000 0.59283
15060.00000 0.65874
15080.00000 0.71664
15100.00000 0.76297
15120.00000 0.79605
15140.00000 0.81647
15160.00000 0.82677
15180.00000 0.82999
15200.00000 0.82906
15220.00000 0.82622
15240.00000 0.82329
15260.00000 0.82166
15280.00000 0.82176
15300.00000 0.82341
15320.00000 0.82649
15340.00000 0.83049
15360.00000 0.83484
15380.00000 0.83934
15400.00000 0.84331
15420.00000 0.84628
15440.00000 0.84802
15460.00000 0.84856
15480.00000 0.84816
15500.00000 0.84705
15520.00000 0.84544
15540.00000 0.84366
15560.00000 0.84235
15580.00000 0.84163
15600.00000 0.84157
15620.00000 0.84264
15640.00000 0.8446
15660.00000 0.84735
15680.00000 0.8508
15700.00000 0.85478
15720.00000 0.85916
15740.00000 0.86366
15760.00000 0.86818
15780.00000 0.87222
15800.00000 0.87564
15820.00000 0.87849
15840.00000 0.8806
15860.00000 0.88216
15880.00000 0.88319
15900.00000 0.88351
15920.00000 0.88394
15940.00000 0.88417
15960.00000 0.88406
15980.00000 0.8842
16000.00000 0.88454
16020.00000 0.88495
16040.00000 0.88548
16060.00000 0.88655
16080.00000 0.88776
16100.00000 0.88898
16120.00000 0.89008
16140.00000 0.89093
16160.00000 0.89145
16180.00000 0.89163
16200.00000 0.89117
16220.00000 0.88977
16240.00000 0.88791
16260.00000 0.88541
16280.00000 0.88174
16300.00000 0.87737
16320.00000 0.87271
16340.00000 0.86758
16360.00000 0.86205
16380.00000 0.85651
16400.00000 0.85158
16420.00000 0.84698
16440.00000 0.84244
16460.00000 0.83884
16480.00000 0.83618
16500.00000 0.83443
16520.00000 0.83353
16540.00000 0.8335
16560.00000 0.83461
16580.00000 0.83687
16600.00000 0.84016
16620.00000 0.84407
16640.00000 0.84836
16660.00000 0.85323
16680.00000 0.85825
16700.00000 0.8633
16720.00000 0.86823
16740.00000 0.8723
16760.00000 0.8757
16780.00000 0.87856
16800.00000 0.88048
16820.00000 0.88145
16840.00000 0.88174
16860.00000 0.88074
16880.00000 0.87904
16900.00000 0.87721
16920.00000 0.8748
16940.00000 0.8721
16960.00000 0.86926
16980.00000 0.86673
17000.00000 0.86456
17020.00000 0.86307
17040.00000 0.86235
17060.00000 0.86224
17080.00000 0.86275
17100.00000 0.86366
17120.00000 0.86488
17140.00000 0.8665
17160.00000 0.86819
17180.00000 0.86946
17200.00000 0.87003
17220.00000 0.86974
17240.00000 0.86855
17260.00000 0.86618
17280.00000 0.86247
17300.00000 0.85774
17320.00000 0.85216
17340.00000 0.84572
17360.00000 0.83887
17380.00000 0.83168
17400.00000 0.82489
17420.00000 0.81885
17440.00000 0.81395
17460.00000 0.81036
17480.00000 0.80795
17500.00000 0.80727
17520.00000 0.8083
17540.00000 0.81079
17560.00000 0.81445
17580.00000 0.819
17600.00000 0.82413
17620.00000 0.82878
17640.00000 0.83205
17660.00000 0.8334
17680.00000 0.83183
17700.00000 0.82602
17720.00000 0.81593
17740.00000 0.80168
17760.00000 0.77936
17780.00000 0.74573
17800.00000 0.7012
17820.00000 0.64568
17840.00000 0.5797
17860.00000 0.50565
17880.00000 0.42725
17900.00000 0.35036
17920.00000 0.27904
17940.00000 0.2173
17960.00000 0.16684
17980.00000 0.12617
18000.00000 0.09485
18020.00000 0.07117
18040.00000 0.05345
18060.00000 0.0403
18080.00000 0.03038
18100.00000 0.02313
18120.00000 0.01778
18140.00000 0.01389
18160.00000 0.01099
18180.00000 0.00856
18200.00000 0.00656
18220.00000 0.00525
18240.00000 0.00439
20064.00000 0.0
