threeML/data/optical_filters/CFHT/CFHT-cfh5334.ecsv
# %ECSV 0.9
# ---
# datatype:
# - {name: wavelength, unit: Angstrom, datatype: float32}
# - {name: response, datatype: float32}
# meta: !!omap
# - {band_name: cfh5334}
# - {group_name: CFHT}
wavelength response
19084.50000 0.0
21205.00000 0.00473
21210.00000 0.00357
21215.00000 0.0
21220.00000 0.0
21225.00000 0.0
21230.00000 0.0
21235.00000 0.0
21240.00000 0.0024
21245.00000 0.00481
21250.00000 0.0
21255.00000 0.00243
21260.00000 0.00241
21265.00000 0.00363
21270.00000 0.00243
21275.00000 0.0
21280.00000 0.00244
21285.00000 0.0049
21290.00000 0.0
21295.00000 0.0
21300.00000 0.00122
21305.00000 0.00122
21310.00000 0.0
21315.00000 0.0
21320.00000 0.0
21325.00000 0.00122
21330.00000 0.0
21335.00000 0.0
21340.00000 0.00624
21345.00000 0.0
21350.00000 0.005
21355.00000 0.0
21360.00000 0.00374
21365.00000 0.005
21370.00000 0.0
21375.00000 0.0
21380.00000 0.0
21385.00000 0.00125
21390.00000 0.00125
21395.00000 0.00504
21400.00000 0.0
21405.00000 0.00507
21410.00000 0.00381
21415.00000 0.00383
21420.00000 0.00383
21425.00000 0.00385
21430.00000 0.00127
21435.00000 0.0
21440.00000 0.00511
21445.00000 0.00511
21450.00000 0.00514
21455.00000 0.01413
21460.00000 0.00647
21465.00000 0.0078
21470.00000 0.00647
21475.00000 0.00259
21480.00000 0.00783
21485.00000 0.00781
21490.00000 0.00911
21495.00000 0.0118
21500.00000 0.01053
21505.00000 0.01187
21510.00000 0.01456
21515.00000 0.01724
21520.00000 0.01982
21525.00000 0.01865
21530.00000 0.02675
21535.00000 0.02524
21540.00000 0.02802
21545.00000 0.02417
21550.00000 0.02814
21555.00000 0.03098
21560.00000 0.04309
21565.00000 0.03784
21570.00000 0.04742
21575.00000 0.04758
21580.00000 0.06
21585.00000 0.05743
21590.00000 0.07504
21595.00000 0.07384
21600.00000 0.0892
21605.00000 0.09901
21610.00000 0.11514
21615.00000 0.1179
21620.00000 0.13812
21625.00000 0.15117
21630.00000 0.16597
21635.00000 0.18179
21640.00000 0.21196
21645.00000 0.22836
21650.00000 0.24738
21655.00000 0.27373
21660.00000 0.29778
21665.00000 0.32919
21670.00000 0.33742
21675.00000 0.36389
21680.00000 0.37578
21685.00000 0.40765
21690.00000 0.41324
21695.00000 0.43332
21700.00000 0.44012
21705.00000 0.45036
21710.00000 0.45926
21715.00000 0.46819
21720.00000 0.47714
21725.00000 0.47586
21730.00000 0.48674
21735.00000 0.4805
21740.00000 0.4877
21745.00000 0.47977
21750.00000 0.49319
21755.00000 0.47285
21760.00000 0.4942
21765.00000 0.48218
21770.00000 0.49815
21775.00000 0.47964
21780.00000 0.50146
21785.00000 0.49281
21790.00000 0.49973
21795.00000 0.5052
21800.00000 0.50841
21805.00000 0.5047
21810.00000 0.51186
21815.00000 0.50873
21820.00000 0.52289
21825.00000 0.50879
21830.00000 0.51566
21835.00000 0.49651
21840.00000 0.49077
21845.00000 0.47618
21850.00000 0.47003
21855.00000 0.44257
21860.00000 0.44478
21865.00000 0.41142
21870.00000 0.40454
21875.00000 0.36937
21880.00000 0.35101
21885.00000 0.32896
21890.00000 0.30179
21895.00000 0.27849
21900.00000 0.26042
21905.00000 0.23634
21910.00000 0.2178
21915.00000 0.19855
21920.00000 0.17708
21925.00000 0.16316
21930.00000 0.14337
21935.00000 0.13562
21940.00000 0.119
21945.00000 0.11037
21950.00000 0.08534
21955.00000 0.08861
21960.00000 0.08362
21965.00000 0.07362
21970.00000 0.06586
21975.00000 0.06387
21980.00000 0.05373
21985.00000 0.04869
21990.00000 0.04538
21995.00000 0.04184
22000.00000 0.04826
22005.00000 0.03699
22010.00000 0.03369
22015.00000 0.035
22020.00000 0.02534
22025.00000 0.03009
22030.00000 0.02219
22035.00000 0.0314
22040.00000 0.02655
22045.00000 0.01875
22050.00000 0.02042
22055.00000 0.01717
22060.00000 0.01089
22065.00000 0.01859
22070.00000 0.01234
22075.00000 0.01071
22080.00000 0.01534
22085.00000 0.01981
22090.00000 0.01068
22095.00000 0.01363
22100.00000 0.01369
22105.00000 0.01668
22110.00000 0.00453
22115.00000 0.01064
22120.00000 0.00903
22125.00000 0.00755
22130.00000 0.00752
22135.00000 0.00748
22140.00000 0.01051
24354.00000 0.0
