threeML/data/optical_filters/CFHT/CFHT-U.ecsv
# %ECSV 0.9
# ---
# datatype:
# - {name: wavelength, unit: Angstrom, datatype: float32}
# - {name: response, datatype: float32}
# meta: !!omap
# - {band_name: U}
# - {group_name: CFHT}
wavelength response
2862.00000 0.0
3180.00000 3.0638e-06
3185.00000 6.1277e-06
3190.00000 6.1277e-06
3195.00000 6.1277e-06
3200.00000 1.53191e-05
3205.00000 1.8383e-05
3210.00000 1.8383e-05
3215.00000 3.06383e-05
3220.00000 3.37021e-05
3225.00000 4.90213e-05
3230.00000 6.43404e-05
3235.00000 8.57872e-05
3240.00000 0.00010417
3245.00000 0.000128681
3250.00000 0.000156255
3255.00000 0.000202213
3260.00000 0.000232851
3265.00000 0.000288
3270.00000 0.000373787
3275.00000 0.000465702
3280.00000 0.000591319
3285.00000 0.000753702
3290.00000 0.000989617
3295.00000 0.00133889
3300.00000 0.00183523
3305.00000 0.00255523
3310.00000 0.00355404
3315.00000 0.0050737
3320.00000 0.00735013
3325.00000 0.0106407
3330.00000 0.0156225
3335.00000 0.0227367
3340.00000 0.0327646
3345.00000 0.0469685
3350.00000 0.0651155
3355.00000 0.0880943
3360.00000 0.116012
3365.00000 0.146819
3370.00000 0.180846
3375.00000 0.214811
3380.00000 0.24651
3385.00000 0.274237
3390.00000 0.296781
3395.00000 0.312449
3400.00000 0.324138
3405.00000 0.329665
3410.00000 0.331644
3415.00000 0.331773
3420.00000 0.331096
3425.00000 0.331543
3430.00000 0.333066
3435.00000 0.33484
3440.00000 0.337328
3445.00000 0.341402
3450.00000 0.349445
3455.00000 0.364157
3460.00000 0.384572
3465.00000 0.40809
3470.00000 0.429656
3475.00000 0.446057
3480.00000 0.453805
3485.00000 0.454366
3490.00000 0.449914
3495.00000 0.439276
3500.00000 0.443698
3505.00000 0.452981
3510.00000 0.466664
3515.00000 0.482942
3520.00000 0.498252
3525.00000 0.509741
3530.00000 0.518044
3535.00000 0.524249
3540.00000 0.530965
3545.00000 0.538609
3550.00000 0.547715
3555.00000 0.556174
3560.00000 0.562304
3565.00000 0.564278
3570.00000 0.56262
3575.00000 0.557188
3580.00000 0.547319
3585.00000 0.532662
3590.00000 0.516172
3595.00000 0.501187
3600.00000 0.49354
3605.00000 0.497538
3610.00000 0.513982
3615.00000 0.537926
3620.00000 0.563218
3625.00000 0.585133
3630.00000 0.600621
3635.00000 0.611788
3640.00000 0.620441
3645.00000 0.627965
3650.00000 0.633802
3655.00000 0.635119
3660.00000 0.631881
3665.00000 0.625104
3670.00000 0.618835
3675.00000 0.614004
3680.00000 0.61018
3685.00000 0.603087
3690.00000 0.587318
3695.00000 0.562197
3700.00000 0.533937
3705.00000 0.510477
3710.00000 0.502609
3715.00000 0.512502
3720.00000 0.534568
3725.00000 0.558236
3730.00000 0.574881
3735.00000 0.580338
3740.00000 0.580062
3745.00000 0.579165
3750.00000 0.581061
3755.00000 0.583322
3760.00000 0.582615
3765.00000 0.579226
3770.00000 0.579486
3775.00000 0.591261
3780.00000 0.618042
3785.00000 0.656505
3790.00000 0.693816
3795.00000 0.720582
3800.00000 0.732427
3805.00000 0.735359
3810.00000 0.739529
3815.00000 0.752476
3820.00000 0.77688
3825.00000 0.808204
3830.00000 0.838401
3835.00000 0.863614
3840.00000 0.883434
3845.00000 0.899375
3850.00000 0.911942
3855.00000 0.920723
3860.00000 0.924425
3865.00000 0.922304
3870.00000 0.917304
3875.00000 0.909495
3880.00000 0.898578
3885.00000 0.883783
3890.00000 0.864465
3895.00000 0.84346
3900.00000 0.826817
3905.00000 0.81973
3910.00000 0.824406
3915.00000 0.838622
3920.00000 0.856141
3925.00000 0.870385
3930.00000 0.87802
3935.00000 0.879536
3940.00000 0.878807
3945.00000 0.881136
3950.00000 0.889521
3955.00000 0.903986
3960.00000 0.922326
3965.00000 0.940727
3970.00000 0.957103
3975.00000 0.970051
3980.00000 0.979282
3985.00000 0.985232
3990.00000 0.989197
3995.00000 0.991844
4000.00000 0.993946
4005.00000 0.993122
4010.00000 0.992785
4015.00000 0.991694
4020.00000 0.988422
4025.00000 0.981663
4030.00000 0.972242
4035.00000 0.964221
4040.00000 0.959594
4045.00000 0.961123
4050.00000 0.969873
4055.00000 0.982604
4060.00000 0.994675
4065.00000 1.0
4070.00000 0.995904
4075.00000 0.982242
4080.00000 0.960072
4085.00000 0.93312
4090.00000 0.901954
4095.00000 0.8676
4100.00000 0.828701
4105.00000 0.781852
4110.00000 0.729078
4115.00000 0.669171
4120.00000 0.60411
4125.00000 0.539782
4130.00000 0.476634
4135.00000 0.41756
4140.00000 0.363873
4145.00000 0.314444
4150.00000 0.272065
4155.00000 0.234184
4160.00000 0.200953
4165.00000 0.172837
4170.00000 0.148565
4175.00000 0.128013
4180.00000 0.110466
4185.00000 0.0953555
4190.00000 0.0825457
4195.00000 0.0716109
4200.00000 0.0621161
4205.00000 0.0540613
4210.00000 0.0470145
4215.00000 0.0409848
4220.00000 0.0359755
4225.00000 0.031392
4230.00000 0.0275469
4235.00000 0.0241368
4240.00000 0.021168
4245.00000 0.0186373
4250.00000 0.0163976
4255.00000 0.0144582
4260.00000 0.0128129
4265.00000 0.0114618
4270.00000 0.0101076
4275.00000 0.00905668
4280.00000 0.00815285
4285.00000 0.00739915
4290.00000 0.00664544
4295.00000 0.00619506
4300.00000 0.00574468
4305.00000 0.00529123
4310.00000 0.00483472
4315.00000 0.0045314
4320.00000 0.00423115
4325.00000 0.00408408
4330.00000 0.0037777
4335.00000 0.00362757
4340.00000 0.00348051
4345.00000 0.00333038
4350.00000 0.00317719
4355.00000 0.00302706
4360.00000 0.00287387
4365.00000 0.00256136
4370.00000 0.00240511
4375.00000 0.00225191
4380.00000 0.00209566
4385.00000 0.00193634
4390.00000 0.00178008
4395.00000 0.00178621
4400.00000 0.00162689
4405.00000 0.00146757
4410.00000 0.00130825
4415.00000 0.00131132
4420.00000 0.00114894
4425.00000 0.001152
4430.00000 0.00115506
4435.00000 0.000992681
4440.00000 0.000995744
4445.00000 0.000998808
4450.00000 0.000833361
4455.00000 0.000836425
4460.00000 0.000836425
4465.00000 0.000839489
4470.00000 0.000674042
4475.00000 0.000674042
4480.00000 0.000677106
4485.00000 0.000508596
4490.00000 0.000508596
4495.00000 0.000511659
4500.00000 0.000340085
4505.00000 0.000343149
4510.00000 0.000343149
4515.00000 0.000171574
4520.00000 0.000171574
4525.00000 0.000171574
4530.00000 0.000171574
4535.00000 0.000171574
4540.00000 0.000171574
4994.00000 0.0
