threeML/data/optical_filters/CFHT/CFHT-cfh4611.ecsv
# %ECSV 0.9
# ---
# datatype:
# - {name: wavelength, unit: Angstrom, datatype: float32}
# - {name: response, datatype: float32}
# meta: !!omap
# - {band_name: cfh4611}
# - {group_name: CFHT}
wavelength response
4662.00000 0.0
5180.00000 0.00537
5200.00000 0.01665
5220.00000 0.05574
5240.00000 0.1785
5260.00000 0.43517
5280.00000 0.70271
5300.00000 0.81898
5320.00000 0.82808
5340.00000 0.84332
5360.00000 0.88599
5380.00000 0.9176
5400.00000 0.92639
5420.00000 0.92682
5440.00000 0.91774
5460.00000 0.89458
5480.00000 0.87549
5500.00000 0.87521
5520.00000 0.88113
5540.00000 0.87975
5560.00000 0.87938
5580.00000 0.88971
5600.00000 0.89903
5620.00000 0.8922
5640.00000 0.87859
5660.00000 0.88068
5680.00000 0.9017
5700.00000 0.92165
5720.00000 0.92519
5740.00000 0.91847
5760.00000 0.91159
5780.00000 0.90045
5800.00000 0.87924
5820.00000 0.85614
5840.00000 0.84575
5860.00000 0.85423
5880.00000 0.87396
5900.00000 0.89175
5920.00000 0.90143
5940.00000 0.90477
5960.00000 0.90468
5980.00000 0.90352
6000.00000 0.90306
6020.00000 0.90495
6040.00000 0.90942
6060.00000 0.91328
6080.00000 0.91359
6100.00000 0.91017
6120.00000 0.90471
6140.00000 0.89943
6160.00000 0.89667
6180.00000 0.89883
6200.00000 0.90646
6220.00000 0.91644
6240.00000 0.9225
6260.00000 0.91895
6280.00000 0.90622
6300.00000 0.8916
6320.00000 0.88332
6340.00000 0.88498
6360.00000 0.8949
6380.00000 0.90654
6400.00000 0.91406
6420.00000 0.91597
6440.00000 0.91409
6460.00000 0.91238
6480.00000 0.91331
6500.00000 0.91589
6520.00000 0.91667
6540.00000 0.91469
6560.00000 0.91208
6580.00000 0.91241
6600.00000 0.91626
6620.00000 0.91814
6640.00000 0.9133
6660.00000 0.90236
6680.00000 0.89236
6700.00000 0.89088
6720.00000 0.89742
6740.00000 0.90474
6760.00000 0.90619
6780.00000 0.90213
6800.00000 0.89732
6820.00000 0.8923
6840.00000 0.88289
6860.00000 0.87033
6880.00000 0.86664
6900.00000 0.87907
6920.00000 0.88516
6940.00000 0.84367
6960.00000 0.76073
6980.00000 0.70781
7000.00000 0.73434
7020.00000 0.71318
7040.00000 0.4825
7060.00000 0.20636
7080.00000 0.07396
7100.00000 0.03119
7120.00000 0.01523
7140.00000 0.00769
7854.00000 0.0
