threeML/data/optical_filters/CFHT/CFHT-cfh8204.ecsv
# %ECSV 0.9
# ---
# datatype:
# - {name: wavelength, unit: Angstrom, datatype: float32}
# - {name: response, datatype: float32}
# meta: !!omap
# - {band_name: cfh8204}
# - {group_name: CFHT}
wavelength response
13582.79980 0.0
15092.00000 0.01918
15094.00000 0.02046
15096.00000 0.02585
15098.00000 0.02592
15100.00000 0.02596
15102.00000 0.0274
15104.00000 0.02483
15106.00000 0.02884
15108.00000 0.02881
15110.00000 0.02608
15112.00000 0.03011
15114.00000 0.02608
15116.00000 0.02751
15118.00000 0.02742
15120.00000 0.02606
15122.00000 0.03421
15124.00000 0.03543
15126.00000 0.03802
15128.00000 0.03255
15130.00000 0.02293
15132.00000 0.02536
15134.00000 0.02936
15136.00000 0.02931
15138.00000 0.03072
15140.00000 0.02699
15142.00000 0.02432
15144.00000 0.0314
15146.00000 0.03273
15148.00000 0.03268
15150.00000 0.03299
15152.00000 0.0329
15154.00000 0.03435
15156.00000 0.03441
15158.00000 0.03023
15160.00000 0.02606
15162.00000 0.03268
15164.00000 0.03276
15166.00000 0.03551
15168.00000 0.03561
15170.00000 0.03035
15172.00000 0.03564
15174.00000 0.03949
15176.00000 0.03935
15178.00000 0.04051
15180.00000 0.03497
15182.00000 0.03223
15184.00000 0.03084
15186.00000 0.0294
15188.00000 0.02963
15190.00000 0.02847
15192.00000 0.03265
15194.00000 0.03148
15196.00000 0.03416
15198.00000 0.03294
15200.00000 0.02475
15202.00000 0.02773
15204.00000 0.02916
15206.00000 0.03741
15208.00000 0.04863
15210.00000 0.05128
15212.00000 0.04982
15214.00000 0.04955
15216.00000 0.04781
15218.00000 0.04361
15220.00000 0.04494
15222.00000 0.04482
15224.00000 0.04222
15226.00000 0.04904
15228.00000 0.05157
15230.00000 0.04898
15232.00000 0.0529
15234.00000 0.04602
15236.00000 0.04474
15238.00000 0.04599
15240.00000 0.04778
15242.00000 0.05345
15244.00000 0.05644
15246.00000 0.05798
15248.00000 0.05634
15250.00000 0.0562
15252.00000 0.05881
15254.00000 0.06151
15256.00000 0.0643
15258.00000 0.06952
15260.00000 0.06949
15262.00000 0.0681
15264.00000 0.06926
15266.00000 0.06511
15268.00000 0.06798
15270.00000 0.07198
15272.00000 0.07495
15274.00000 0.07779
15276.00000 0.08195
15278.00000 0.08232
15280.00000 0.08664
15282.00000 0.09213
15284.00000 0.08945
15286.00000 0.09476
15288.00000 0.0943
15290.00000 0.09558
15292.00000 0.09935
15294.00000 0.10423
15296.00000 0.1111
15298.00000 0.11115
15300.00000 0.11525
15302.00000 0.11456
15304.00000 0.11108
15306.00000 0.11549
15308.00000 0.11568
15310.00000 0.12274
15312.00000 0.12714
15314.00000 0.12856
15316.00000 0.13017
15318.00000 0.13217
15320.00000 0.13568
15322.00000 0.14224
15324.00000 0.14725
15326.00000 0.15009
15328.00000 0.15511
15330.00000 0.15585
15332.00000 0.15758
15334.00000 0.15735
15336.00000 0.16469
15338.00000 0.17221
15340.00000 0.18045
15342.00000 0.19171
15344.00000 0.19304
15346.00000 0.20229
15348.00000 0.2106
15350.00000 0.20879
15352.00000 0.21712
15354.00000 0.21512
15356.00000 0.21678
15358.00000 0.22821
15360.00000 0.2386
15362.00000 0.24506
15364.00000 0.2496
15366.00000 0.25049
15368.00000 0.24913
15370.00000 0.25798
15372.00000 0.26381
15374.00000 0.27579
15376.00000 0.28375
15378.00000 0.29089
15380.00000 0.29953
15382.00000 0.30696
15384.00000 0.31215
15386.00000 0.32513
15388.00000 0.334
15390.00000 0.34053
15392.00000 0.35059
15394.00000 0.35542
15396.00000 0.36687
15398.00000 0.37938
15400.00000 0.38879
15402.00000 0.39861
15404.00000 0.40742
15406.00000 0.41243
15408.00000 0.4182
15410.00000 0.42564
15412.00000 0.4335
15414.00000 0.43919
15416.00000 0.45036
15418.00000 0.461
15420.00000 0.47104
15422.00000 0.48515
15424.00000 0.49854
15426.00000 0.51131
15428.00000 0.51845
15430.00000 0.52715
15432.00000 0.53835
15434.00000 0.54416
15436.00000 0.55579
15438.00000 0.5677
15440.00000 0.57286
15442.00000 0.57718
15444.00000 0.58382
15446.00000 0.58905
15448.00000 0.59985
15450.00000 0.61304
15452.00000 0.62115
15454.00000 0.62927
15456.00000 0.63615
15458.00000 0.63971
15460.00000 0.64558
15462.00000 0.65816
15464.00000 0.66867
15466.00000 0.67807
15468.00000 0.69122
15470.00000 0.70045
15472.00000 0.70692
15474.00000 0.72067
15476.00000 0.72711
15478.00000 0.73515
15480.00000 0.7419
15482.00000 0.74689
15484.00000 0.75298
15486.00000 0.75574
15488.00000 0.76022
15490.00000 0.76733
15492.00000 0.77647
15494.00000 0.77953
15496.00000 0.78679
15498.00000 0.78497
15500.00000 0.78252
15502.00000 0.7843
15504.00000 0.78838
15506.00000 0.79358
15508.00000 0.80222
15510.00000 0.80557
15512.00000 0.80283
15514.00000 0.80374
15516.00000 0.80815
15518.00000 0.81842
15520.00000 0.82492
15522.00000 0.82671
15524.00000 0.8266
15526.00000 0.8251
15528.00000 0.82387
15530.00000 0.82863
15532.00000 0.83327
15534.00000 0.83179
15536.00000 0.83942
15538.00000 0.83882
15540.00000 0.83582
15542.00000 0.84071
15544.00000 0.84325
15546.00000 0.85191
15548.00000 0.86125
15550.00000 0.87048
15552.00000 0.87184
15554.00000 0.87669
15556.00000 0.88232
15558.00000 0.87657
15560.00000 0.87723
15562.00000 0.87289
15564.00000 0.86722
15566.00000 0.86913
15568.00000 0.87161
15570.00000 0.87488
15572.00000 0.8745
15574.00000 0.87714
15576.00000 0.87994
15578.00000 0.87965
15580.00000 0.87627
15582.00000 0.87372
15584.00000 0.8723
15586.00000 0.87077
15588.00000 0.87756
15590.00000 0.87349
15592.00000 0.87154
15594.00000 0.8709
15596.00000 0.86923
15598.00000 0.87355
15600.00000 0.87544
15602.00000 0.8811
15604.00000 0.87971
15606.00000 0.88437
15608.00000 0.89346
15610.00000 0.89845
15612.00000 0.90747
15614.00000 0.91956
15616.00000 0.91751
15618.00000 0.91292
15620.00000 0.91347
15622.00000 0.90335
15624.00000 0.90572
15626.00000 0.90781
15628.00000 0.90207
15630.00000 0.90038
15632.00000 0.8938
15634.00000 0.89162
15636.00000 0.89091
15638.00000 0.88895
15640.00000 0.88808
15642.00000 0.88594
15644.00000 0.88925
15646.00000 0.89136
15648.00000 0.8922
15650.00000 0.89081
15652.00000 0.89191
15654.00000 0.89435
15656.00000 0.897
15658.00000 0.90344
15660.00000 0.90079
15662.00000 0.90077
15664.00000 0.89647
15666.00000 0.89871
15668.00000 0.89569
15670.00000 0.88986
15672.00000 0.89052
15674.00000 0.88469
15676.00000 0.88518
15678.00000 0.88974
15680.00000 0.89
15682.00000 0.89507
15684.00000 0.89716
15686.00000 0.90167
15688.00000 0.90483
15690.00000 0.9039
15692.00000 0.91118
15694.00000 0.91293
15696.00000 0.91762
15698.00000 0.92107
15700.00000 0.92177
15702.00000 0.91582
15704.00000 0.91107
15706.00000 0.90376
15708.00000 0.90166
15710.00000 0.89839
15712.00000 0.89412
15714.00000 0.89662
15716.00000 0.88617
15718.00000 0.89299
15720.00000 0.89043
15722.00000 0.88919
15724.00000 0.89046
15726.00000 0.89052
15728.00000 0.89139
15730.00000 0.88873
15732.00000 0.89594
15734.00000 0.89188
15736.00000 0.90089
15738.00000 0.90199
15740.00000 0.90332
15742.00000 0.90054
15744.00000 0.90207
15746.00000 0.90897
15748.00000 0.91196
15750.00000 0.91527
15752.00000 0.91434
15754.00000 0.91109
15756.00000 0.91028
15758.00000 0.91486
15760.00000 0.90976
15762.00000 0.91489
15764.00000 0.91031
15766.00000 0.91214
15768.00000 0.92093
15770.00000 0.91745
15772.00000 0.92514
15774.00000 0.92436
15776.00000 0.92123
15778.00000 0.92291
15780.00000 0.91292
15782.00000 0.90608
15784.00000 0.89667
15786.00000 0.88998
15788.00000 0.89258
15790.00000 0.89018
15792.00000 0.89104
15794.00000 0.89365
15796.00000 0.88512
15798.00000 0.89464
15800.00000 0.89871
15802.00000 0.89888
15804.00000 0.90564
15806.00000 0.89752
15808.00000 0.89459
15810.00000 0.89001
15812.00000 0.89041
15814.00000 0.89302
15816.00000 0.89299
15818.00000 0.89296
15820.00000 0.8902
15822.00000 0.88611
15824.00000 0.87845
15826.00000 0.88078
15828.00000 0.8824
15830.00000 0.88202
15832.00000 0.88809
15834.00000 0.89143
15836.00000 0.8853
15838.00000 0.88704
15840.00000 0.88939
15842.00000 0.87953
15844.00000 0.88058
15846.00000 0.88187
15848.00000 0.88162
15850.00000 0.88676
15852.00000 0.88904
15854.00000 0.8835
15856.00000 0.88739
15858.00000 0.8829
15860.00000 0.89052
15862.00000 0.89232
15864.00000 0.89146
15866.00000 0.89865
15868.00000 0.89224
15870.00000 0.90233
15872.00000 0.90086
15874.00000 0.89943
15876.00000 0.89912
15878.00000 0.89026
15880.00000 0.88541
15882.00000 0.88501
15884.00000 0.88483
15886.00000 0.88835
15888.00000 0.8894
15890.00000 0.88818
15892.00000 0.88248
15894.00000 0.87697
15896.00000 0.87973
15898.00000 0.87723
15900.00000 0.88136
15902.00000 0.88551
15904.00000 0.88354
15906.00000 0.88414
15908.00000 0.88686
15910.00000 0.88261
15912.00000 0.88364
15914.00000 0.88757
15916.00000 0.89174
15918.00000 0.89691
15920.00000 0.90018
15922.00000 0.89941
15924.00000 0.89656
15926.00000 0.89713
15928.00000 0.8936
15930.00000 0.88913
15932.00000 0.88864
15934.00000 0.88538
15936.00000 0.88173
15938.00000 0.88777
15940.00000 0.88849
15942.00000 0.89034
15944.00000 0.89507
15946.00000 0.8902
15948.00000 0.88672
15950.00000 0.88344
15952.00000 0.88594
15954.00000 0.88539
15956.00000 0.88383
15958.00000 0.88345
15960.00000 0.87666
15962.00000 0.88199
15964.00000 0.8806
15966.00000 0.88495
15968.00000 0.89125
15970.00000 0.88795
15972.00000 0.8967
15974.00000 0.89528
15976.00000 0.89113
15978.00000 0.89133
15980.00000 0.88301
15982.00000 0.8846
15984.00000 0.88255
15986.00000 0.88274
15988.00000 0.88933
15990.00000 0.88695
15992.00000 0.89018
15994.00000 0.892
15996.00000 0.89215
15998.00000 0.89536
16000.00000 0.89703
16002.00000 0.89682
16004.00000 0.89633
16006.00000 0.89836
16008.00000 0.90031
16010.00000 0.90511
16012.00000 0.90585
16014.00000 0.90086
16016.00000 0.9008
16018.00000 0.89592
16020.00000 0.89868
16022.00000 0.89639
16024.00000 0.89735
16026.00000 0.89815
16028.00000 0.89336
16030.00000 0.89606
16032.00000 0.89209
16034.00000 0.89038
16036.00000 0.88524
16038.00000 0.88489
16040.00000 0.88333
16042.00000 0.88181
16044.00000 0.88568
16046.00000 0.88971
16048.00000 0.89153
16050.00000 0.89166
16052.00000 0.88861
16054.00000 0.88341
16056.00000 0.88263
16058.00000 0.88477
16060.00000 0.88556
16062.00000 0.88477
16064.00000 0.88626
16066.00000 0.88242
16068.00000 0.88792
16070.00000 0.89287
16072.00000 0.89644
16074.00000 0.90294
16076.00000 0.90805
16078.00000 0.90845
16080.00000 0.89969
16082.00000 0.8931
16084.00000 0.88589
16086.00000 0.87997
16088.00000 0.87964
16090.00000 0.88399
16092.00000 0.88989
16094.00000 0.89406
16096.00000 0.89793
16098.00000 0.8998
16100.00000 0.89075
16102.00000 0.88748
16104.00000 0.88528
16106.00000 0.88042
16108.00000 0.87674
16110.00000 0.87309
16112.00000 0.87184
16114.00000 0.86671
16116.00000 0.87082
16118.00000 0.87161
16120.00000 0.87054
16122.00000 0.87231
16124.00000 0.86752
16126.00000 0.86055
16128.00000 0.8605
16130.00000 0.86674
16132.00000 0.86638
16134.00000 0.86896
16136.00000 0.86783
16138.00000 0.85735
16140.00000 0.85861
16142.00000 0.85728
16144.00000 0.84955
16146.00000 0.85187
16148.00000 0.85023
16150.00000 0.84717
16152.00000 0.84998
16154.00000 0.85286
16156.00000 0.85448
16158.00000 0.85725
16160.00000 0.85808
16162.00000 0.85547
16164.00000 0.84766
16166.00000 0.85258
16168.00000 0.85211
16170.00000 0.84151
16172.00000 0.84108
16174.00000 0.8304
16176.00000 0.83035
16178.00000 0.83575
16180.00000 0.83902
16182.00000 0.84753
16184.00000 0.84877
16186.00000 0.85292
16188.00000 0.85382
16190.00000 0.84918
16192.00000 0.84479
16194.00000 0.84196
16196.00000 0.83905
16198.00000 0.84454
16200.00000 0.84874
16202.00000 0.84932
16204.00000 0.85339
16206.00000 0.85309
16208.00000 0.84984
16210.00000 0.85307
16212.00000 0.85368
16214.00000 0.85129
16216.00000 0.85631
16218.00000 0.85515
16220.00000 0.85829
16222.00000 0.8632
16224.00000 0.86777
16226.00000 0.86539
16228.00000 0.86401
16230.00000 0.86139
16232.00000 0.86006
16234.00000 0.86205
16236.00000 0.86378
16238.00000 0.86153
16240.00000 0.85751
16242.00000 0.85812
16244.00000 0.85555
16246.00000 0.85577
16248.00000 0.84677
16250.00000 0.83759
16252.00000 0.83458
16254.00000 0.8288
16256.00000 0.83244
16258.00000 0.83994
16260.00000 0.83464
16262.00000 0.8394
16264.00000 0.8385
16266.00000 0.83398
16268.00000 0.83313
16270.00000 0.82733
16272.00000 0.83308
16274.00000 0.83415
16276.00000 0.83743
16278.00000 0.83234
16280.00000 0.82396
16282.00000 0.81393
16284.00000 0.8062
16286.00000 0.8105
16288.00000 0.80292
16290.00000 0.80592
16292.00000 0.79849
16294.00000 0.78876
16296.00000 0.79031
16298.00000 0.7847
16300.00000 0.78397
16302.00000 0.78125
16304.00000 0.77156
16306.00000 0.76491
16308.00000 0.75989
16310.00000 0.75031
16312.00000 0.7565
16314.00000 0.74828
16316.00000 0.74243
16318.00000 0.73668
16320.00000 0.71712
16322.00000 0.70944
16324.00000 0.69864
16326.00000 0.68829
16328.00000 0.67746
16330.00000 0.66846
16332.00000 0.66055
16334.00000 0.65167
16336.00000 0.64919
16338.00000 0.63463
16340.00000 0.62595
16342.00000 0.61731
16344.00000 0.60428
16346.00000 0.60503
16348.00000 0.59633
16350.00000 0.58627
16352.00000 0.57039
16354.00000 0.55579
16356.00000 0.54292
16358.00000 0.53
16360.00000 0.51926
16362.00000 0.5023
16364.00000 0.49043
16366.00000 0.47694
16368.00000 0.46701
16370.00000 0.45807
16372.00000 0.44489
16374.00000 0.44102
16376.00000 0.42612
16378.00000 0.41827
16380.00000 0.41203
16382.00000 0.39804
16384.00000 0.39642
16386.00000 0.3902
16388.00000 0.37823
16390.00000 0.37389
16392.00000 0.36212
16394.00000 0.35226
16396.00000 0.34474
16398.00000 0.32729
16400.00000 0.31192
16402.00000 0.30186
16404.00000 0.2923
16406.00000 0.29126
16408.00000 0.29327
16410.00000 0.28438
16412.00000 0.27832
16414.00000 0.26991
16416.00000 0.25714
16418.00000 0.24586
16420.00000 0.2424
16422.00000 0.23465
16424.00000 0.22498
16426.00000 0.21684
16428.00000 0.20352
16430.00000 0.19359
16432.00000 0.19365
16434.00000 0.19408
16436.00000 0.19179
16438.00000 0.18529
16440.00000 0.17265
16442.00000 0.16412
16444.00000 0.15659
16446.00000 0.157
16448.00000 0.15935
16450.00000 0.15845
16452.00000 0.15718
16454.00000 0.14999
16456.00000 0.14259
16458.00000 0.13467
16460.00000 0.12526
16462.00000 0.12209
16464.00000 0.12167
16466.00000 0.12242
16468.00000 0.12233
16470.00000 0.11919
16472.00000 0.11847
16474.00000 0.10802
16476.00000 0.10512
16478.00000 0.10532
16480.00000 0.09492
16482.00000 0.10265
16484.00000 0.09441
16486.00000 0.09052
16488.00000 0.09619
16490.00000 0.08704
16492.00000 0.09425
16494.00000 0.08949
16496.00000 0.08952
16498.00000 0.08978
16500.00000 0.08784
16502.00000 0.0914
16504.00000 0.08594
16506.00000 0.08609
16508.00000 0.08064
16510.00000 0.07866
16512.00000 0.06763
16514.00000 0.06506
16516.00000 0.06308
16518.00000 0.06093
16520.00000 0.0647
16522.00000 0.056
16524.00000 0.06
16526.00000 0.05803
16528.00000 0.05936
16530.00000 0.06102
16532.00000 0.05507
16534.00000 0.05383
16536.00000 0.05621
16538.00000 0.0601
16540.00000 0.05869
16542.00000 0.06013
16544.00000 0.05981
16546.00000 0.05827
16548.00000 0.06201
16550.00000 0.05508
16552.00000 0.05168
16554.00000 0.04779
16556.00000 0.04572
16558.00000 0.05699
16560.00000 0.05341
16562.00000 0.05533
16564.00000 0.05566
16566.00000 0.04431
16568.00000 0.04446
16570.00000 0.0426
16572.00000 0.04085
16574.00000 0.04649
16576.00000 0.04854
16578.00000 0.0486
16580.00000 0.04501
16582.00000 0.03584
16584.00000 0.03198
16586.00000 0.03592
16588.00000 0.03571
16590.00000 0.03969
16592.00000 0.04524
16594.00000 0.03955
16596.00000 0.03963
16598.00000 0.04895
16600.00000 0.05269
16602.00000 0.04883
16604.00000 0.04883
16606.00000 0.0356
16608.00000 0.02808
16610.00000 0.03748
16612.00000 0.0338
16614.00000 0.03903
16616.00000 0.039
16618.00000 0.04057
16620.00000 0.04416
16622.00000 0.04404
16624.00000 0.03662
16626.00000 0.02924
16628.00000 0.03326
16630.00000 0.03745
16632.00000 0.03754
16634.00000 0.04546
16636.00000 0.04167
16638.00000 0.04202
16640.00000 0.0497
16642.00000 0.0464
16644.00000 0.04477
16646.00000 0.03333
16648.00000 0.0334
16650.00000 0.02536
16652.00000 0.03113
16654.00000 0.03305
16656.00000 0.03314
16658.00000 0.03888
16660.00000 0.02527
16662.00000 0.02919
16664.00000 0.02513
16666.00000 0.02339
16668.00000 0.03477
16670.00000 0.03462
16672.00000 0.03461
16674.00000 0.03444
16676.00000 0.03287
16678.00000 0.02713
16680.00000 0.03108
18348.00000 0.0
