threeML/data/optical_filters/CFHT/CFHT-cfh5303.ecsv
# %ECSV 0.9
# ---
# datatype:
# - {name: wavelength, unit: Angstrom, datatype: float32}
# - {name: response, datatype: float32}
# meta: !!omap
# - {band_name: cfh5303}
# - {group_name: CFHT}
wavelength response
18810.00000 0.0
20900.00000 0.00789
20905.00000 0.0
20910.00000 0.00226
20915.00000 0.00339
20920.00000 0.00452
20925.00000 0.00453
20930.00000 0.0
20935.00000 0.0
20940.00000 0.00113
20945.00000 0.00343
20950.00000 0.0
20955.00000 0.00229
20960.00000 0.0
20965.00000 0.00229
20970.00000 0.00114
20975.00000 0.00114
20980.00000 0.0
20985.00000 0.0
20990.00000 0.0
20995.00000 0.00229
21000.00000 0.0023
21005.00000 0.00116
21010.00000 0.0
21015.00000 0.0
21020.00000 0.00349
21025.00000 0.0
21030.00000 0.0
21035.00000 0.00233
21040.00000 0.00465
21045.00000 0.00116
21050.00000 0.00117
21055.00000 0.0
21060.00000 0.00352
21065.00000 0.00117
21070.00000 0.0
21075.00000 0.00235
21080.00000 0.00235
21085.00000 0.00237
21090.00000 0.0
21095.00000 0.0
21100.00000 0.0
21105.00000 0.0036
21110.00000 0.00238
21115.00000 0.00359
21120.00000 0.00597
21125.00000 0.0
21130.00000 0.0
21135.00000 0.00121
21140.00000 0.00485
21145.00000 0.00241
21150.00000 0.00485
21155.00000 0.00121
21160.00000 0.00244
21165.00000 0.0
21170.00000 0.00121
21175.00000 0.00488
21180.00000 0.00487
21185.00000 0.00612
21190.00000 0.00368
21195.00000 0.00615
21200.00000 0.00981
21205.00000 0.00369
21210.00000 0.00621
21215.00000 0.00371
21220.00000 0.00749
21225.00000 0.01118
21230.00000 0.00624
21235.00000 0.01364
21240.00000 0.01248
21245.00000 0.01503
21250.00000 0.01138
21255.00000 0.01762
21260.00000 0.01892
21265.00000 0.02522
21270.00000 0.0278
21275.00000 0.02782
21280.00000 0.0394
21285.00000 0.0369
21290.00000 0.05833
21295.00000 0.0565
21300.00000 0.0771
21305.00000 0.08595
21310.00000 0.10652
21315.00000 0.12686
21320.00000 0.14359
21325.00000 0.16508
21330.00000 0.19775
21335.00000 0.22533
21340.00000 0.26041
21345.00000 0.28798
21350.00000 0.32465
21355.00000 0.35992
21360.00000 0.39029
21365.00000 0.41937
21370.00000 0.4507
21375.00000 0.4812
21380.00000 0.50975
21385.00000 0.5229
21390.00000 0.54407
21395.00000 0.55891
21400.00000 0.57347
21405.00000 0.57999
21410.00000 0.58487
21415.00000 0.5892
21420.00000 0.59663
21425.00000 0.60628
21430.00000 0.60222
21435.00000 0.61272
21440.00000 0.60693
21445.00000 0.60805
21450.00000 0.60367
21455.00000 0.60687
21460.00000 0.60303
21465.00000 0.6076
21470.00000 0.60979
21475.00000 0.61145
21480.00000 0.61037
21485.00000 0.61038
21490.00000 0.60979
21495.00000 0.6017
21500.00000 0.59029
21505.00000 0.58379
21510.00000 0.54831
21515.00000 0.52365
21520.00000 0.48851
21525.00000 0.4547
21530.00000 0.39783
21535.00000 0.36002
21540.00000 0.30466
21545.00000 0.27762
21550.00000 0.22929
21555.00000 0.19743
21560.00000 0.15967
21565.00000 0.13524
21570.00000 0.10733
21575.00000 0.08499
21580.00000 0.07237
21585.00000 0.06119
21590.00000 0.05135
21595.00000 0.04201
21600.00000 0.03368
21605.00000 0.03113
21610.00000 0.0285
21615.00000 0.01976
21620.00000 0.02261
21625.00000 0.02115
21630.00000 0.01562
21635.00000 0.01283
21640.00000 0.00572
21645.00000 0.01001
21650.00000 0.01003
21655.00000 0.00574
21660.00000 0.00574
21665.00000 0.01003
23831.50000 0.0
