threeML/data/optical_filters/CFHT/CFHT-cfh5111.ecsv
# %ECSV 0.9
# ---
# datatype:
# - {name: wavelength, unit: Angstrom, datatype: float32}
# - {name: response, datatype: float32}
# meta: !!omap
# - {band_name: cfh5111}
# - {group_name: CFHT}
wavelength response
8406.00000 0.0
9340.00000 0.00482
9360.00000 0.0063
9380.00000 0.00818
9400.00000 0.01073
9420.00000 0.0143
9440.00000 0.01981
9460.00000 0.02797
9480.00000 0.03925
9500.00000 0.0578
9520.00000 0.08556
9540.00000 0.12518
9560.00000 0.18536
9580.00000 0.26549
9600.00000 0.36075
9620.00000 0.46437
9640.00000 0.56229
9660.00000 0.64043
9680.00000 0.6927
9700.00000 0.72217
9720.00000 0.73518
9740.00000 0.73947
9760.00000 0.74023
9780.00000 0.74057
9800.00000 0.74222
9820.00000 0.74516
9840.00000 0.74971
9860.00000 0.75551
9880.00000 0.76186
9900.00000 0.76834
9920.00000 0.77422
9940.00000 0.77899
9960.00000 0.78197
9980.00000 0.78328
10000.00000 0.78275
10020.00000 0.78107
10040.00000 0.77861
10060.00000 0.77487
10080.00000 0.77158
10100.00000 0.76874
10120.00000 0.76636
10140.00000 0.7653
10160.00000 0.7654
10180.00000 0.76718
10200.00000 0.77039
10220.00000 0.77473
10240.00000 0.78011
10260.00000 0.7856
10280.00000 0.79074
10300.00000 0.79491
10320.00000 0.79739
10340.00000 0.79776
10360.00000 0.79573
10380.00000 0.79166
10400.00000 0.78587
10420.00000 0.77843
10440.00000 0.77055
10460.00000 0.76305
10480.00000 0.75621
10500.00000 0.75069
10520.00000 0.74725
10540.00000 0.74643
10560.00000 0.74788
10580.00000 0.75197
10600.00000 0.75842
10620.00000 0.76643
10640.00000 0.77544
10660.00000 0.78445
10680.00000 0.79276
10700.00000 0.79945
10720.00000 0.80363
10740.00000 0.80461
10760.00000 0.80252
10780.00000 0.7979
10800.00000 0.79137
10820.00000 0.78343
10840.00000 0.77515
10860.00000 0.76752
10880.00000 0.76135
10900.00000 0.75729
10920.00000 0.75531
10940.00000 0.75598
10960.00000 0.75916
10980.00000 0.76414
11000.00000 0.77083
11020.00000 0.77818
11040.00000 0.7854
11060.00000 0.79199
11080.00000 0.79684
11100.00000 0.7993
11120.00000 0.79907
11140.00000 0.79675
11160.00000 0.79251
11180.00000 0.78677
11200.00000 0.78075
11220.00000 0.7755
11240.00000 0.77158
11260.00000 0.7695
11280.00000 0.76991
11300.00000 0.77269
11320.00000 0.77762
11340.00000 0.78421
11360.00000 0.79207
11380.00000 0.79991
11400.00000 0.80666
11420.00000 0.81122
11440.00000 0.81194
11460.00000 0.80807
11480.00000 0.80049
11500.00000 0.78993
11520.00000 0.77762
11540.00000 0.76529
11560.00000 0.75468
11580.00000 0.74733
11600.00000 0.74385
11620.00000 0.74539
11640.00000 0.75146
11660.00000 0.76073
11680.00000 0.77153
11700.00000 0.78046
11720.00000 0.78409
11740.00000 0.78006
11760.00000 0.76738
11780.00000 0.74815
11800.00000 0.72723
11820.00000 0.71074
11840.00000 0.70515
11860.00000 0.71556
11880.00000 0.73987
11900.00000 0.75679
11920.00000 0.71664
11940.00000 0.58362
11960.00000 0.3954
11980.00000 0.23076
12000.00000 0.12657
12020.00000 0.07004
12040.00000 0.04056
12060.00000 0.0249
12080.00000 0.01613
12100.00000 0.01108
12120.00000 0.00793
12140.00000 0.00592
12160.00000 0.00468
13376.00000 0.0
