threeML/data/optical_filters/CFHT/CFHT-cfh2506.ecsv
# %ECSV 0.9
# ---
# datatype:
# - {name: wavelength, unit: Angstrom, datatype: float32}
# - {name: response, datatype: float32}
# meta: !!omap
# - {band_name: cfh2506}
# - {group_name: CFHT}
wavelength response
4478.39990 0.0
4976.00000 0.00433
4977.00000 0.00473
4978.00000 0.00531
4979.00000 0.00543
4980.00000 0.00661
4981.00000 0.00729
4982.00000 0.00803
4983.00000 0.00876
4984.00000 0.00983
4985.00000 0.01123
4986.00000 0.01302
4987.00000 0.01396
4988.00000 0.01657
4989.00000 0.0195
4990.00000 0.02223
4991.00000 0.02666
4992.00000 0.03185
4993.00000 0.03748
4994.00000 0.04317
4995.00000 0.05318
4996.00000 0.06371
4997.00000 0.07742
4998.00000 0.09557
4999.00000 0.11526
5000.00000 0.14256
5001.00000 0.17247
5002.00000 0.21095
5003.00000 0.26164
5004.00000 0.3188
5005.00000 0.38086
5006.00000 0.44334
5007.00000 0.51465
5008.00000 0.57635
5009.00000 0.63434
5010.00000 0.68018
5011.00000 0.71461
5012.00000 0.74315
5013.00000 0.76251
5014.00000 0.76917
5015.00000 0.77394
5016.00000 0.77515
5017.00000 0.77904
5018.00000 0.77913
5019.00000 0.77847
5020.00000 0.78152
5021.00000 0.77873
5022.00000 0.77887
5023.00000 0.78119
5024.00000 0.79001
5025.00000 0.79149
5026.00000 0.78972
5027.00000 0.7959
5028.00000 0.79398
5029.00000 0.79514
5030.00000 0.79437
5031.00000 0.80362
5032.00000 0.79398
5033.00000 0.79745
5034.00000 0.80107
5035.00000 0.79175
5036.00000 0.7867
5037.00000 0.77803
5038.00000 0.76118
5039.00000 0.73068
5040.00000 0.6956
5041.00000 0.65167
5042.00000 0.59995
5043.00000 0.53748
5044.00000 0.47517
5045.00000 0.4025
5046.00000 0.34375
5047.00000 0.28934
5048.00000 0.2394
5049.00000 0.2029
5050.00000 0.16756
5051.00000 0.13654
5052.00000 0.10764
5053.00000 0.08881
5054.00000 0.07288
5055.00000 0.05922
5056.00000 0.05058
5057.00000 0.04291
5058.00000 0.0363
5059.00000 0.03099
5060.00000 0.02605
5061.00000 0.02234
5062.00000 0.01949
5063.00000 0.01704
5064.00000 0.01526
5065.00000 0.01299
5066.00000 0.01183
5067.00000 0.01033
5068.00000 0.00906
5069.00000 0.00801
5070.00000 0.00723
5071.00000 0.00699
5072.00000 0.00598
5073.00000 0.00589
5074.00000 0.00499
5075.00000 0.00475
5076.00000 0.00453
5077.00000 0.00433
5584.70020 0.0
