threeML/data/optical_filters/CFHT/CFHT-cfh5208.ecsv
# %ECSV 0.9
# ---
# datatype:
# - {name: wavelength, unit: Angstrom, datatype: float32}
# - {name: response, datatype: float32}
# meta: !!omap
# - {band_name: cfh5208}
# - {group_name: CFHT}
wavelength response
17356.50000 0.0
19285.00000 0.00604
19290.00000 0.00745
19295.00000 0.00456
19300.00000 0.00542
19305.00000 0.00598
19310.00000 0.00471
19315.00000 0.00664
19320.00000 0.00185
19325.00000 0.00368
19330.00000 0.0036
19335.00000 0.0018
19340.00000 0.00551
19345.00000 0.00603
19350.00000 0.00545
19355.00000 0.00354
19360.00000 0.00632
19365.00000 0.00575
19370.00000 0.00652
19375.00000 0.00543
19380.00000 0.00549
19385.00000 0.00473
19390.00000 0.00548
19395.00000 0.00513
19400.00000 0.00505
19405.00000 0.00363
19410.00000 0.00546
19415.00000 0.00372
19420.00000 0.00377
19425.00000 0.00447
19430.00000 0.00621
19435.00000 0.00177
19440.00000 0.00273
19445.00000 0.0018
19450.00000 0.00874
19455.00000 0.00368
19460.00000 0.00719
19465.00000 0.00449
19470.00000 0.00537
19475.00000 0.00552
19480.00000 0.0
19485.00000 0.0065
19490.00000 0.0027
19495.00000 0.0027
19500.00000 0.00542
19505.00000 0.00632
19510.00000 0.00542
19515.00000 0.0072
19520.00000 0.00624
19525.00000 0.00719
19530.00000 0.00362
19535.00000 0.00479
19540.00000 0.00911
19545.00000 0.00092
19550.00000 0.00818
19555.00000 0.00368
19560.00000 0.00552
19565.00000 0.00731
19570.00000 0.00632
19575.00000 0.0063
19580.00000 0.00365
19585.00000 0.00816
19590.00000 0.00996
19595.00000 0.00912
19600.00000 0.00723
19605.00000 0.00993
19610.00000 0.00638
19615.00000 0.00812
19620.00000 0.01004
19625.00000 0.01093
19630.00000 0.01096
19635.00000 0.011
19640.00000 0.01009
19645.00000 0.01089
19650.00000 0.0118
19655.00000 0.00999
19660.00000 0.01274
19665.00000 0.01451
19670.00000 0.01447
19675.00000 0.01085
19680.00000 0.01733
19685.00000 0.01721
19690.00000 0.01901
19695.00000 0.01991
19700.00000 0.01909
19705.00000 0.02638
19710.00000 0.02744
19715.00000 0.02399
19720.00000 0.03215
19725.00000 0.02925
19730.00000 0.03456
19735.00000 0.03999
19740.00000 0.04387
19745.00000 0.04863
19750.00000 0.05048
19755.00000 0.05621
19760.00000 0.06166
19765.00000 0.067
19770.00000 0.07256
19775.00000 0.0809
19780.00000 0.08931
19785.00000 0.0997
19790.00000 0.10622
19795.00000 0.11539
19800.00000 0.12814
19805.00000 0.14027
19810.00000 0.1494
19815.00000 0.16147
19820.00000 0.17586
19825.00000 0.19069
19830.00000 0.20282
19835.00000 0.21878
19840.00000 0.22635
19845.00000 0.24855
19850.00000 0.25288
19855.00000 0.27356
19860.00000 0.28554
19865.00000 0.30197
19870.00000 0.30975
19875.00000 0.32393
19880.00000 0.33582
19885.00000 0.34863
19890.00000 0.35811
19895.00000 0.37411
19900.00000 0.38219
19905.00000 0.40048
19910.00000 0.40584
19915.00000 0.41925
19920.00000 0.42703
19925.00000 0.43451
19930.00000 0.44394
19935.00000 0.45557
19940.00000 0.46062
19945.00000 0.4655
19950.00000 0.46996
19955.00000 0.48064
19960.00000 0.48492
19965.00000 0.48334
19970.00000 0.49133
19975.00000 0.48187
19980.00000 0.48485
19985.00000 0.48735
19990.00000 0.48148
19995.00000 0.487
20000.00000 0.47755
20005.00000 0.48064
20010.00000 0.47577
20015.00000 0.45798
20020.00000 0.46413
20025.00000 0.45311
20030.00000 0.44911
20035.00000 0.44861
20040.00000 0.43893
20045.00000 0.43442
20050.00000 0.42685
20055.00000 0.4211
20060.00000 0.41289
20065.00000 0.40269
20070.00000 0.39897
20075.00000 0.38908
20080.00000 0.38158
20085.00000 0.37411
20090.00000 0.36205
20095.00000 0.35768
20100.00000 0.34094
20105.00000 0.33218
20110.00000 0.3204
20115.00000 0.30927
20120.00000 0.3058
20125.00000 0.28629
20130.00000 0.27983
20135.00000 0.25626
20140.00000 0.25
20145.00000 0.23581
20150.00000 0.22285
20155.00000 0.21603
20160.00000 0.19788
20165.00000 0.18323
20170.00000 0.17284
20175.00000 0.15283
20180.00000 0.15298
20185.00000 0.1297
20190.00000 0.12373
20195.00000 0.11328
20200.00000 0.10298
20205.00000 0.09277
20210.00000 0.09019
20215.00000 0.08118
20220.00000 0.07188
20225.00000 0.06105
20230.00000 0.06224
20235.00000 0.05017
20240.00000 0.04521
20245.00000 0.0435
20250.00000 0.04337
20255.00000 0.04031
20260.00000 0.03099
20265.00000 0.03116
20270.00000 0.03293
20275.00000 0.02641
20280.00000 0.02644
20285.00000 0.02446
20290.00000 0.02356
20295.00000 0.02621
20300.00000 0.02158
20305.00000 0.01596
20310.00000 0.01875
20315.00000 0.01599
20320.00000 0.01602
20325.00000 0.017
20330.00000 0.01137
20335.00000 0.01331
20340.00000 0.0114
20345.00000 0.01328
20350.00000 0.01421
20355.00000 0.00949
20360.00000 0.01236
20365.00000 0.00853
20370.00000 0.0076
20375.00000 0.00856
20380.00000 0.0114
20385.00000 0.00853
20390.00000 0.00569
20395.00000 0.00951
20400.00000 0.00763
20405.00000 0.00856
20410.00000 0.00665
20415.00000 0.00856
20420.00000 0.00574
20425.00000 0.00478
20430.00000 0.00764
20435.00000 0.01244
20440.00000 0.0087
20445.00000 0.01149
20450.00000 0.00673
22495.00000 0.0
