threeML/data/optical_filters/CFHT/CFHT-cfh1312.ecsv
# %ECSV 0.9
# ---
# datatype:
# - {name: wavelength, unit: Angstrom, datatype: float32}
# - {name: response, datatype: float32}
# meta: !!omap
# - {band_name: cfh1312}
# - {group_name: CFHT}
wavelength response
2484.00000 0.0
2760.00000 0.0128
2780.00000 0.04065
2800.00000 0.09598
2820.00000 0.17967
2840.00000 0.28572
2860.00000 0.40331
2880.00000 0.5179
2900.00000 0.6179
2920.00000 0.69838
2940.00000 0.75964
2960.00000 0.80473
2980.00000 0.83769
3000.00000 0.86128
3020.00000 0.87798
3040.00000 0.88928
3060.00000 0.89766
3080.00000 0.9044
3100.00000 0.90871
3120.00000 0.91156
3140.00000 0.9135
3160.00000 0.91493
3180.00000 0.91602
3200.00000 0.91656
3220.00000 0.9165
3240.00000 0.91637
3260.00000 0.91588
3280.00000 0.91487
3300.00000 0.9142
3320.00000 0.91345
3340.00000 0.9128
3360.00000 0.91194
3380.00000 0.91063
3400.00000 0.91023
3420.00000 0.90985
3440.00000 0.90907
3460.00000 0.90816
3480.00000 0.90738
3500.00000 0.90666
3520.00000 0.90594
3540.00000 0.90608
3560.00000 0.9059
3580.00000 0.90593
3600.00000 0.90892
3620.00000 0.91127
3640.00000 0.91138
3660.00000 0.91122
3680.00000 0.91093
3700.00000 0.91055
3720.00000 0.9102
3740.00000 0.91014
3760.00000 0.90974
3780.00000 0.90984
3800.00000 0.90991
3820.00000 0.90964
3840.00000 0.90961
3860.00000 0.90974
3880.00000 0.90988
3900.00000 0.90968
3920.00000 0.90976
3940.00000 0.90985
3960.00000 0.90977
3980.00000 0.90981
4000.00000 0.90976
4020.00000 0.90999
4040.00000 0.91019
4060.00000 0.9102
4080.00000 0.91029
4100.00000 0.91019
4120.00000 0.91
4140.00000 0.9101
4160.00000 0.91029
4180.00000 0.91032
4200.00000 0.91035
4220.00000 0.91026
4240.00000 0.9102
4260.00000 0.91031
4280.00000 0.9102
4300.00000 0.91013
4320.00000 0.91008
4340.00000 0.91003
4360.00000 0.90991
4380.00000 0.90967
4400.00000 0.90953
4420.00000 0.90945
4440.00000 0.9093
4460.00000 0.90906
4480.00000 0.90884
4500.00000 0.90852
4520.00000 0.90817
4540.00000 0.90793
4560.00000 0.90723
4580.00000 0.90614
4600.00000 0.90462
4620.00000 0.90294
4640.00000 0.90128
4660.00000 0.89963
4680.00000 0.89816
4700.00000 0.89653
4720.00000 0.89479
4740.00000 0.89278
4760.00000 0.89037
4780.00000 0.8877
4800.00000 0.88472
4820.00000 0.88142
4840.00000 0.87779
4860.00000 0.8736
4880.00000 0.86896
4900.00000 0.86383
4920.00000 0.85812
4940.00000 0.85199
4960.00000 0.84528
4980.00000 0.83784
5000.00000 0.82976
5020.00000 0.82121
5040.00000 0.81195
5060.00000 0.8017
5080.00000 0.79047
5100.00000 0.77861
5120.00000 0.76608
5140.00000 0.75269
5160.00000 0.73849
5180.00000 0.72375
5200.00000 0.70844
5220.00000 0.69246
5240.00000 0.67555
5260.00000 0.65781
5280.00000 0.64117
5300.00000 0.62195
5320.00000 0.6008
5340.00000 0.58113
5360.00000 0.56111
5380.00000 0.54103
5400.00000 0.52083
5420.00000 0.50056
5440.00000 0.48029
5460.00000 0.45958
5480.00000 0.43852
5500.00000 0.41768
5520.00000 0.39737
5540.00000 0.37749
5560.00000 0.35788
5580.00000 0.339
5600.00000 0.32097
5620.00000 0.30359
5640.00000 0.28671
5660.00000 0.27007
5680.00000 0.25378
5700.00000 0.23813
5720.00000 0.22307
5740.00000 0.20863
5760.00000 0.19481
5780.00000 0.18166
5800.00000 0.16933
5820.00000 0.1577
5840.00000 0.14655
5860.00000 0.13583
5880.00000 0.1256
5900.00000 0.11597
5920.00000 0.10693
5940.00000 0.09836
5960.00000 0.09024
5980.00000 0.08266
6000.00000 0.07561
6020.00000 0.06903
6040.00000 0.06284
6060.00000 0.05693
6080.00000 0.05144
6100.00000 0.04628
6120.00000 0.04149
6140.00000 0.03711
6160.00000 0.03304
6180.00000 0.02931
6200.00000 0.02594
6220.00000 0.02287
6240.00000 0.02008
6260.00000 0.01752
6280.00000 0.01521
6300.00000 0.01315
6320.00000 0.01129
6340.00000 0.00967
6360.00000 0.00824
6380.00000 0.00697
6400.00000 0.00589
6420.00000 0.00494
6440.00000 0.00412
7084.00000 0.0
