threeML/data/optical_filters/CFHT/CFHT-cfh6321.ecsv
# %ECSV 0.9
# ---
# datatype:
# - {name: wavelength, unit: Angstrom, datatype: float32}
# - {name: response, datatype: float32}
# meta: !!omap
# - {band_name: cfh6321}
# - {group_name: CFHT}
wavelength response
21222.00000 0.0
23580.00000 0.0417
23582.00000 0.04181
23584.00000 0.04193
23586.00000 0.04205
23588.00000 0.04218
23590.00000 0.04228
23592.00000 0.0424
23594.00000 0.04254
23596.00000 0.04266
23598.00000 0.04279
23600.00000 0.04291
23602.00000 0.04305
23604.00000 0.0432
23606.00000 0.04333
23608.00000 0.04347
23610.00000 0.04362
23612.00000 0.04378
23614.00000 0.04393
23616.00000 0.04408
23618.00000 0.04424
23620.00000 0.0444
23622.00000 0.04457
23624.00000 0.04475
23626.00000 0.04492
23628.00000 0.0451
23630.00000 0.04529
23632.00000 0.04549
23634.00000 0.04568
23636.00000 0.04588
23638.00000 0.04608
23640.00000 0.0463
23642.00000 0.04651
23644.00000 0.04672
23646.00000 0.04694
23648.00000 0.04718
23650.00000 0.04741
23652.00000 0.04765
23654.00000 0.0479
23656.00000 0.04816
23658.00000 0.04842
23660.00000 0.04869
23662.00000 0.04897
23664.00000 0.04926
23666.00000 0.04953
23668.00000 0.04984
23670.00000 0.05014
23672.00000 0.05046
23674.00000 0.05078
23676.00000 0.0511
23678.00000 0.05145
23680.00000 0.0518
23682.00000 0.05217
23684.00000 0.05255
23686.00000 0.05292
23688.00000 0.05333
23690.00000 0.05373
23692.00000 0.05415
23694.00000 0.0546
23696.00000 0.05504
23698.00000 0.05551
23700.00000 0.05598
23702.00000 0.05649
23704.00000 0.05699
23706.00000 0.05754
23708.00000 0.05809
23710.00000 0.05865
23712.00000 0.05923
23714.00000 0.05984
23716.00000 0.06047
23718.00000 0.06113
23720.00000 0.0618
23722.00000 0.0625
23724.00000 0.06322
23726.00000 0.06396
23728.00000 0.06474
23730.00000 0.06554
23732.00000 0.06636
23734.00000 0.06721
23736.00000 0.0681
23738.00000 0.06903
23740.00000 0.06999
23742.00000 0.07098
23744.00000 0.07202
23746.00000 0.07309
23748.00000 0.0742
23750.00000 0.07535
23752.00000 0.07655
23754.00000 0.0778
23756.00000 0.0791
23758.00000 0.08044
23760.00000 0.08185
23762.00000 0.08331
23764.00000 0.08482
23766.00000 0.0864
23768.00000 0.08806
23770.00000 0.08975
23772.00000 0.09151
23774.00000 0.09334
23776.00000 0.09523
23778.00000 0.0972
23780.00000 0.09924
23782.00000 0.10136
23784.00000 0.10356
23786.00000 0.10583
23788.00000 0.1082
23790.00000 0.11064
23792.00000 0.11317
23794.00000 0.11577
23796.00000 0.11847
23798.00000 0.12125
23800.00000 0.12411
23802.00000 0.12709
23804.00000 0.13017
23806.00000 0.13335
23808.00000 0.13663
23810.00000 0.14001
23812.00000 0.14351
23814.00000 0.14708
23816.00000 0.15077
23818.00000 0.15457
23820.00000 0.15848
23822.00000 0.16246
23824.00000 0.16656
23826.00000 0.17075
23828.00000 0.17503
23830.00000 0.17941
23832.00000 0.1839
23834.00000 0.18846
23836.00000 0.19308
23838.00000 0.19777
23840.00000 0.20256
23842.00000 0.2074
23844.00000 0.2123
23846.00000 0.21725
23848.00000 0.22226
23850.00000 0.22728
23852.00000 0.23236
23854.00000 0.23746
23856.00000 0.24258
23858.00000 0.24773
23860.00000 0.25285
23862.00000 0.25798
23864.00000 0.26308
23866.00000 0.26816
23868.00000 0.27322
23870.00000 0.27826
23872.00000 0.28322
23874.00000 0.28813
23876.00000 0.29298
23878.00000 0.29776
23880.00000 0.30247
23882.00000 0.3071
23884.00000 0.31166
23886.00000 0.31609
23888.00000 0.32042
23890.00000 0.32466
23892.00000 0.32877
23894.00000 0.33276
23896.00000 0.33664
23898.00000 0.34039
23900.00000 0.34399
23902.00000 0.34747
23904.00000 0.35078
23906.00000 0.35397
23908.00000 0.35699
23910.00000 0.35988
23912.00000 0.36258
23914.00000 0.36514
23916.00000 0.36754
23918.00000 0.3698
23920.00000 0.37189
23922.00000 0.37384
23924.00000 0.37563
23926.00000 0.37727
23928.00000 0.37877
23930.00000 0.38011
23932.00000 0.3813
23934.00000 0.38239
23936.00000 0.3833
23938.00000 0.38411
23940.00000 0.38478
23942.00000 0.38535
23944.00000 0.38579
23946.00000 0.38614
23948.00000 0.38635
23950.00000 0.38651
23952.00000 0.38655
23954.00000 0.38651
23956.00000 0.3864
23958.00000 0.3862
23960.00000 0.38593
23962.00000 0.38562
23964.00000 0.38524
23966.00000 0.38481
23968.00000 0.38434
23970.00000 0.38385
23972.00000 0.38332
23974.00000 0.38275
23976.00000 0.38214
23978.00000 0.38153
23980.00000 0.38089
23982.00000 0.38022
23984.00000 0.37956
23986.00000 0.37889
23988.00000 0.3782
23990.00000 0.37752
23992.00000 0.37685
23994.00000 0.37616
23996.00000 0.37549
23998.00000 0.37482
24000.00000 0.37416
24002.00000 0.3735
24004.00000 0.37285
24006.00000 0.37221
24008.00000 0.37157
24010.00000 0.37093
24012.00000 0.37029
24014.00000 0.36967
24016.00000 0.36905
24018.00000 0.36839
24020.00000 0.36775
24022.00000 0.3671
24024.00000 0.36641
24026.00000 0.36571
24028.00000 0.36499
24030.00000 0.36424
24032.00000 0.36343
24034.00000 0.36261
24036.00000 0.36174
24038.00000 0.36082
24040.00000 0.35986
24042.00000 0.35884
24044.00000 0.35777
24046.00000 0.35663
24048.00000 0.35541
24050.00000 0.35416
24052.00000 0.3528
24054.00000 0.35139
24056.00000 0.3499
24058.00000 0.34833
24060.00000 0.34665
24062.00000 0.34488
24064.00000 0.34303
24066.00000 0.34108
24068.00000 0.33902
24070.00000 0.33687
24072.00000 0.33461
24074.00000 0.33224
24076.00000 0.32976
24078.00000 0.32719
24080.00000 0.32451
24082.00000 0.32172
24084.00000 0.31882
24086.00000 0.31583
24088.00000 0.3127
24090.00000 0.30948
24092.00000 0.30615
24094.00000 0.30273
24096.00000 0.29922
24098.00000 0.29564
24100.00000 0.29195
24102.00000 0.28819
24104.00000 0.28433
24106.00000 0.28043
24108.00000 0.27643
24110.00000 0.27238
24112.00000 0.26826
24114.00000 0.2641
24116.00000 0.25987
24118.00000 0.2556
24120.00000 0.25131
24122.00000 0.24698
24124.00000 0.24261
24126.00000 0.23824
24128.00000 0.23384
24130.00000 0.22942
24132.00000 0.22499
24134.00000 0.22058
24136.00000 0.21617
24138.00000 0.21178
24140.00000 0.2074
24142.00000 0.20303
24144.00000 0.19868
24146.00000 0.19437
24148.00000 0.19009
24150.00000 0.18584
24152.00000 0.18164
24154.00000 0.17749
24156.00000 0.17342
24158.00000 0.16937
24160.00000 0.16537
24162.00000 0.16145
24164.00000 0.15758
24166.00000 0.15376
24168.00000 0.15004
24170.00000 0.14636
24172.00000 0.14281
24174.00000 0.1393
24176.00000 0.13589
24178.00000 0.13257
24180.00000 0.12932
24182.00000 0.12614
24184.00000 0.12308
24186.00000 0.12009
24188.00000 0.11717
24190.00000 0.11435
24192.00000 0.11163
24194.00000 0.10899
24196.00000 0.10646
24198.00000 0.10399
24200.00000 0.10164
24202.00000 0.09933
24204.00000 0.09711
24206.00000 0.09496
24208.00000 0.0929
24210.00000 0.0909
24212.00000 0.08897
24214.00000 0.08713
24216.00000 0.08534
24218.00000 0.0836
24220.00000 0.08194
24222.00000 0.08034
24224.00000 0.0788
24226.00000 0.0773
24228.00000 0.07588
24230.00000 0.07449
24232.00000 0.07315
24234.00000 0.07187
24236.00000 0.07063
24238.00000 0.06944
24240.00000 0.06831
24242.00000 0.0672
24244.00000 0.06615
24246.00000 0.06512
24248.00000 0.06415
24250.00000 0.06322
24252.00000 0.0623
24254.00000 0.06143
24256.00000 0.06059
24258.00000 0.0598
24260.00000 0.05902
24262.00000 0.05827
24264.00000 0.05756
24266.00000 0.05687
24268.00000 0.05621
24270.00000 0.05556
24272.00000 0.05495
24274.00000 0.05435
24276.00000 0.05379
24278.00000 0.05324
24280.00000 0.0527
24282.00000 0.0522
24284.00000 0.05171
24286.00000 0.05125
24288.00000 0.0508
24290.00000 0.05035
24292.00000 0.04994
24294.00000 0.04953
24296.00000 0.04915
24298.00000 0.04877
24300.00000 0.04842
24302.00000 0.04807
24304.00000 0.04771
24306.00000 0.04738
24308.00000 0.04706
24310.00000 0.04674
24312.00000 0.04645
24314.00000 0.04616
24316.00000 0.04587
24318.00000 0.04559
24320.00000 0.04533
24322.00000 0.04507
24324.00000 0.04482
24326.00000 0.04457
24328.00000 0.04433
24330.00000 0.0441
24332.00000 0.04388
24334.00000 0.04367
24336.00000 0.04346
24338.00000 0.04324
24340.00000 0.04305
24342.00000 0.04286
24344.00000 0.04268
24346.00000 0.04251
24348.00000 0.04234
24350.00000 0.04218
24352.00000 0.04201
24354.00000 0.04187
24356.00000 0.0417
24358.00000 0.04155
24360.00000 0.0414
24362.00000 0.04124
24364.00000 0.04111
24366.00000 0.04097
24368.00000 0.04085
24370.00000 0.04073
24372.00000 0.0406
24374.00000 0.04048
24376.00000 0.04036
24378.00000 0.04025
24380.00000 0.04013
24382.00000 0.04002
24384.00000 0.03992
24386.00000 0.03981
24388.00000 0.03972
24390.00000 0.03964
24392.00000 0.03955
24394.00000 0.03946
24396.00000 0.03938
24398.00000 0.03929
24400.00000 0.03922
24402.00000 0.03915
26842.19922 0.0
