threeML/data/optical_filters/CFHT/CFHT-cfh1603.ecsv
# %ECSV 0.9
# ---
# datatype:
# - {name: wavelength, unit: Angstrom, datatype: float32}
# - {name: response, datatype: float32}
# meta: !!omap
# - {band_name: cfh1603}
# - {group_name: CFHT}
wavelength response
5112.00000 0.0
5680.00000 0.00865
5700.00000 0.01785
5720.00000 0.03339
5740.00000 0.0571
5760.00000 0.09109
5780.00000 0.13669
5800.00000 0.19348
5820.00000 0.2605
5840.00000 0.33493
5860.00000 0.41151
5880.00000 0.48381
5900.00000 0.54643
5920.00000 0.59833
5940.00000 0.64204
5960.00000 0.68008
5980.00000 0.714
6000.00000 0.74437
6020.00000 0.77065
6040.00000 0.79231
6060.00000 0.80855
6080.00000 0.81998
6100.00000 0.82843
6120.00000 0.83588
6140.00000 0.84441
6160.00000 0.85472
6180.00000 0.86662
6200.00000 0.87842
6220.00000 0.8876
6240.00000 0.89223
6260.00000 0.89096
6280.00000 0.88365
6300.00000 0.87155
6320.00000 0.85667
6340.00000 0.84122
6360.00000 0.82674
6380.00000 0.81471
6400.00000 0.8054
6420.00000 0.79843
6440.00000 0.79359
6460.00000 0.79063
6480.00000 0.78963
6500.00000 0.79054
6520.00000 0.79396
6540.00000 0.80019
6560.00000 0.80902
6580.00000 0.819
6600.00000 0.8279
6620.00000 0.83357
6640.00000 0.83295
6660.00000 0.82375
6680.00000 0.80544
6700.00000 0.77934
6720.00000 0.74911
6740.00000 0.71898
6760.00000 0.6929
6780.00000 0.67387
6800.00000 0.66386
6820.00000 0.66417
6840.00000 0.67459
6860.00000 0.69489
6880.00000 0.72394
6900.00000 0.75871
6920.00000 0.79543
6940.00000 0.82925
6960.00000 0.85555
6980.00000 0.87056
7000.00000 0.87206
7020.00000 0.85791
7040.00000 0.8246
7060.00000 0.76788
7080.00000 0.68602
7100.00000 0.58513
7120.00000 0.47676
7140.00000 0.37285
7160.00000 0.28409
7180.00000 0.2151
7200.00000 0.16402
7220.00000 0.12682
7240.00000 0.09966
7260.00000 0.07974
7280.00000 0.06506
7300.00000 0.05434
7320.00000 0.04631
7340.00000 0.04021
7360.00000 0.03543
7380.00000 0.03163
7400.00000 0.0285
7420.00000 0.02577
7440.00000 0.02332
7460.00000 0.02104
7480.00000 0.01891
7500.00000 0.01694
7520.00000 0.01512
7540.00000 0.01349
7560.00000 0.01207
7580.00000 0.0108
7600.00000 0.00977
7620.00000 0.0089
7640.00000 0.00818
7660.00000 0.00761
7680.00000 0.00713
7700.00000 0.00681
7720.00000 0.00658
7740.00000 0.00644
7760.00000 0.00641
7780.00000 0.00642
7800.00000 0.00648
7820.00000 0.00661
7840.00000 0.00671
7860.00000 0.00681
7880.00000 0.00682
7900.00000 0.00671
7920.00000 0.00656
7940.00000 0.00629
7960.00000 0.00592
7980.00000 0.00557
8000.00000 0.00516
8020.00000 0.00478
8040.00000 0.00443
8060.00000 0.0041
8866.00000 0.0
