threeML/data/optical_filters/CFHT/CFHT-cfh1606.ecsv
# %ECSV 0.9
# ---
# datatype:
# - {name: wavelength, unit: Angstrom, datatype: float32}
# - {name: response, datatype: float32}
# meta: !!omap
# - {band_name: cfh1606}
# - {group_name: CFHT}
wavelength response
4968.00000 0.0
5520.00000 0.0047
5540.00000 0.00618
5560.00000 0.00784
5580.00000 0.00963
5600.00000 0.01151
5620.00000 0.01344
5640.00000 0.01555
5660.00000 0.01782
5680.00000 0.02029
5700.00000 0.02293
5720.00000 0.02579
5740.00000 0.02892
5760.00000 0.03235
5780.00000 0.03616
5800.00000 0.04036
5820.00000 0.045
5840.00000 0.05026
5860.00000 0.05629
5880.00000 0.0632
5900.00000 0.07098
5920.00000 0.07979
5940.00000 0.08989
5960.00000 0.10133
5980.00000 0.11438
6000.00000 0.12901
6020.00000 0.14536
6040.00000 0.16405
6060.00000 0.18542
6080.00000 0.20938
6100.00000 0.23578
6120.00000 0.26459
6140.00000 0.29576
6160.00000 0.32918
6180.00000 0.36407
6200.00000 0.39931
6220.00000 0.4343
6240.00000 0.46838
6260.00000 0.50081
6280.00000 0.53079
6300.00000 0.55737
6320.00000 0.58002
6340.00000 0.59866
6360.00000 0.61302
6380.00000 0.62321
6400.00000 0.62952
6420.00000 0.63272
6440.00000 0.63333
6460.00000 0.63123
6480.00000 0.62726
6500.00000 0.62175
6520.00000 0.61502
6540.00000 0.60745
6560.00000 0.59888
6580.00000 0.58981
6600.00000 0.58023
6620.00000 0.5703
6640.00000 0.55997
6660.00000 0.54886
6680.00000 0.53714
6700.00000 0.52475
6720.00000 0.51187
6740.00000 0.49834
6760.00000 0.48383
6780.00000 0.46873
6800.00000 0.45314
6820.00000 0.4369
6840.00000 0.41969
6860.00000 0.40146
6880.00000 0.38251
6900.00000 0.36316
6920.00000 0.34354
6940.00000 0.32341
6960.00000 0.30305
6980.00000 0.28284
7000.00000 0.26326
7020.00000 0.24414
7040.00000 0.22517
7060.00000 0.20674
7080.00000 0.18903
7100.00000 0.17244
7120.00000 0.15692
7140.00000 0.14227
7160.00000 0.12877
7180.00000 0.11638
7200.00000 0.10513
7220.00000 0.09489
7240.00000 0.08548
7260.00000 0.0768
7280.00000 0.06892
7300.00000 0.06194
7320.00000 0.05565
7340.00000 0.04999
7360.00000 0.04494
7380.00000 0.04042
7400.00000 0.03647
7420.00000 0.03297
7440.00000 0.02977
7460.00000 0.02686
7480.00000 0.02425
7500.00000 0.02194
7520.00000 0.01988
7540.00000 0.01802
7560.00000 0.01634
7580.00000 0.01486
7600.00000 0.01358
7620.00000 0.01242
7640.00000 0.01135
7660.00000 0.01036
7680.00000 0.00948
7700.00000 0.0087
7720.00000 0.00797
7740.00000 0.00732
7760.00000 0.00676
7780.00000 0.00621
7800.00000 0.00572
7820.00000 0.00531
7840.00000 0.00491
7860.00000 0.00456
7880.00000 0.00423
8668.00000 0.0
