threeML/data/optical_filters/CFHT/CFHT-cfh5323.ecsv
# %ECSV 0.9
# ---
# datatype:
# - {name: wavelength, unit: Angstrom, datatype: float32}
# - {name: response, datatype: float32}
# meta: !!omap
# - {band_name: cfh5323}
# - {group_name: CFHT}
wavelength response
17712.00000 0.0
19680.00000 0.0041
19700.00000 0.00458
19720.00000 0.00517
19740.00000 0.00577
19760.00000 0.006
19780.00000 0.00659
19800.00000 0.00732
19820.00000 0.00815
19840.00000 0.0092
19860.00000 0.01016
19880.00000 0.01135
19900.00000 0.01256
19920.00000 0.01352
19940.00000 0.01463
19960.00000 0.01608
19980.00000 0.01782
20000.00000 0.01968
20020.00000 0.02116
20040.00000 0.02271
20060.00000 0.02483
20080.00000 0.02702
20100.00000 0.02921
20120.00000 0.03175
20140.00000 0.03465
20160.00000 0.03752
20180.00000 0.04065
20200.00000 0.04414
20220.00000 0.04799
20240.00000 0.05244
20260.00000 0.05734
20280.00000 0.06279
20300.00000 0.06863
20320.00000 0.07483
20340.00000 0.08191
20360.00000 0.09055
20380.00000 0.10004
20400.00000 0.1102
20420.00000 0.12138
20440.00000 0.13353
20460.00000 0.14796
20480.00000 0.16454
20500.00000 0.18129
20520.00000 0.1987
20540.00000 0.21873
20560.00000 0.24226
20580.00000 0.26831
20600.00000 0.29488
20620.00000 0.32091
20640.00000 0.34822
20660.00000 0.3786
20680.00000 0.40999
20700.00000 0.43906
20720.00000 0.4653
20740.00000 0.49174
20760.00000 0.51888
20780.00000 0.54294
20800.00000 0.56267
20820.00000 0.58067
20840.00000 0.59882
20860.00000 0.61478
20880.00000 0.62657
20900.00000 0.63727
20920.00000 0.64845
20940.00000 0.65836
20960.00000 0.6656
20980.00000 0.67203
21000.00000 0.6795
21020.00000 0.68646
21040.00000 0.6917
21060.00000 0.69673
21080.00000 0.70284
21100.00000 0.7088
21120.00000 0.71364
21140.00000 0.7178
21160.00000 0.72256
21180.00000 0.72771
21200.00000 0.73201
21220.00000 0.73557
21240.00000 0.73911
21260.00000 0.74248
21280.00000 0.74518
21300.00000 0.74759
21320.00000 0.74985
21340.00000 0.75203
21360.00000 0.75348
21380.00000 0.75412
21400.00000 0.75519
21420.00000 0.75598
21440.00000 0.7565
21460.00000 0.75656
21480.00000 0.75705
21500.00000 0.75806
21520.00000 0.7572
21540.00000 0.75648
21560.00000 0.75694
21580.00000 0.75761
21600.00000 0.75792
21620.00000 0.75845
21640.00000 0.75981
21660.00000 0.76024
21680.00000 0.76083
21700.00000 0.76242
21720.00000 0.76373
21740.00000 0.76538
21760.00000 0.76758
21780.00000 0.76906
21800.00000 0.76997
21820.00000 0.77205
21840.00000 0.77573
21860.00000 0.77834
21880.00000 0.7804
21900.00000 0.78349
21920.00000 0.78604
21940.00000 0.78802
21960.00000 0.79044
21980.00000 0.79343
22000.00000 0.79622
22020.00000 0.79832
22040.00000 0.80046
22060.00000 0.80235
22080.00000 0.80406
22100.00000 0.80627
22120.00000 0.80836
22140.00000 0.80984
22160.00000 0.81175
22180.00000 0.81395
22200.00000 0.815
22220.00000 0.81607
22240.00000 0.81721
22260.00000 0.81805
22280.00000 0.81908
22300.00000 0.82001
22320.00000 0.82133
22340.00000 0.82191
22360.00000 0.82266
22380.00000 0.82411
22400.00000 0.82477
22420.00000 0.82523
22440.00000 0.82567
22460.00000 0.82639
22480.00000 0.82729
22500.00000 0.82793
22520.00000 0.82863
22540.00000 0.82941
22560.00000 0.82951
22580.00000 0.82977
22600.00000 0.83038
22620.00000 0.83055
22640.00000 0.8309
22660.00000 0.83138
22680.00000 0.83102
22700.00000 0.83061
22720.00000 0.83141
22740.00000 0.83177
22760.00000 0.83131
22780.00000 0.83095
22800.00000 0.83008
22820.00000 0.82957
22840.00000 0.82925
22860.00000 0.82814
22880.00000 0.82674
22900.00000 0.82635
22920.00000 0.82532
22940.00000 0.82321
22960.00000 0.82262
22980.00000 0.82051
23000.00000 0.8175
23020.00000 0.81741
23040.00000 0.81526
23060.00000 0.81261
23080.00000 0.81213
23100.00000 0.80916
23120.00000 0.80725
23140.00000 0.80627
23160.00000 0.80261
23180.00000 0.80217
23200.00000 0.80075
23220.00000 0.79726
23240.00000 0.79765
23260.00000 0.7948
23280.00000 0.7933
23300.00000 0.79349
23320.00000 0.79008
23340.00000 0.79068
23360.00000 0.78844
23380.00000 0.78685
23400.00000 0.78925
23420.00000 0.78584
23440.00000 0.78651
23460.00000 0.78683
23480.00000 0.78339
23500.00000 0.78606
23520.00000 0.78551
23540.00000 0.78427
23560.00000 0.7865
23580.00000 0.78459
23600.00000 0.78639
23620.00000 0.78786
23640.00000 0.78687
23660.00000 0.78911
23680.00000 0.78873
23700.00000 0.79041
23720.00000 0.79207
23740.00000 0.79196
23760.00000 0.79453
23780.00000 0.79495
23800.00000 0.79683
23820.00000 0.79944
23840.00000 0.79967
23860.00000 0.80251
23880.00000 0.80467
23900.00000 0.80658
23920.00000 0.80911
23940.00000 0.80983
23960.00000 0.81236
23980.00000 0.81427
24000.00000 0.8159
24020.00000 0.81938
24040.00000 0.82074
24060.00000 0.82323
24080.00000 0.82539
24100.00000 0.82727
24120.00000 0.83041
24140.00000 0.83183
24160.00000 0.83467
24180.00000 0.83662
24200.00000 0.83974
24220.00000 0.84268
24240.00000 0.84407
24260.00000 0.84727
24280.00000 0.84915
24300.00000 0.85309
24320.00000 0.85463
24340.00000 0.8566
24360.00000 0.85983
24380.00000 0.86041
24400.00000 0.86346
24420.00000 0.86516
24440.00000 0.86798
24460.00000 0.86951
24480.00000 0.87103
24500.00000 0.87317
24520.00000 0.87483
24540.00000 0.87724
24560.00000 0.87813
24580.00000 0.87984
24600.00000 0.88162
24620.00000 0.8837
24640.00000 0.884
24660.00000 0.88519
24680.00000 0.88606
24700.00000 0.88725
24720.00000 0.8877
24740.00000 0.8875
24760.00000 0.8885
24780.00000 0.88844
24800.00000 0.8893
24820.00000 0.88954
24840.00000 0.88979
24860.00000 0.89038
24880.00000 0.89075
24900.00000 0.89049
24920.00000 0.89064
24940.00000 0.88918
24960.00000 0.88829
24980.00000 0.88934
25000.00000 0.89049
25020.00000 0.88998
25040.00000 0.89062
25060.00000 0.89113
25080.00000 0.89064
25100.00000 0.89116
25120.00000 0.8912
25140.00000 0.89108
25160.00000 0.89014
25180.00000 0.89055
25200.00000 0.89047
25220.00000 0.8904
25240.00000 0.89008
25260.00000 0.88954
25280.00000 0.88861
25300.00000 0.88954
25320.00000 0.88933
25340.00000 0.88741
25360.00000 0.88759
25380.00000 0.88947
25400.00000 0.8916
25420.00000 0.8936
25440.00000 0.89272
25460.00000 0.89343
25480.00000 0.89177
25500.00000 0.8876
25520.00000 0.89076
25540.00000 0.89099
25560.00000 0.88515
25580.00000 0.88445
25600.00000 0.88593
25620.00000 0.88402
25640.00000 0.87192
25660.00000 0.86273
25680.00000 0.86383
25700.00000 0.86139
25720.00000 0.85449
25740.00000 0.85184
25760.00000 0.85635
25780.00000 0.85696
25800.00000 0.84947
25820.00000 0.84215
25840.00000 0.82668
25860.00000 0.81026
25880.00000 0.79962
25900.00000 0.78532
25920.00000 0.77817
25940.00000 0.79549
25960.00000 0.78276
25980.00000 0.74078
26000.00000 0.71674
26020.00000 0.70274
26040.00000 0.69049
26060.00000 0.66713
26080.00000 0.64352
26100.00000 0.62886
26120.00000 0.60925
26140.00000 0.58708
26160.00000 0.55666
26180.00000 0.52425
26200.00000 0.50484
26220.00000 0.48958
26240.00000 0.47281
26260.00000 0.4537
26280.00000 0.42503
26300.00000 0.39212
26320.00000 0.37256
26340.00000 0.35667
26360.00000 0.33873
26380.00000 0.32416
26400.00000 0.30443
26420.00000 0.28574
26440.00000 0.26819
26460.00000 0.24979
26480.00000 0.23431
26500.00000 0.22275
26520.00000 0.21172
26540.00000 0.19809
26560.00000 0.18292
26580.00000 0.16916
26600.00000 0.15761
26620.00000 0.14662
26640.00000 0.14012
26660.00000 0.12726
26680.00000 0.11536
26700.00000 0.10579
26720.00000 0.10013
26740.00000 0.09523
26760.00000 0.0864
26780.00000 0.07765
26800.00000 0.07352
26820.00000 0.06944
26840.00000 0.06546
26860.00000 0.06075
26880.00000 0.05884
26900.00000 0.05652
26920.00000 0.05246
26940.00000 0.04771
26960.00000 0.04385
26980.00000 0.04193
27000.00000 0.03998
27020.00000 0.03757
27040.00000 0.03505
27060.00000 0.03297
27080.00000 0.03082
27100.00000 0.02904
27120.00000 0.02759
27140.00000 0.026
27160.00000 0.02441
27180.00000 0.02289
27200.00000 0.02132
27220.00000 0.01949
27240.00000 0.01851
27260.00000 0.01791
27280.00000 0.01703
27300.00000 0.01637
27320.00000 0.01535
27340.00000 0.01419
27360.00000 0.01337
27380.00000 0.01295
27400.00000 0.01152
27420.00000 0.01062
27440.00000 0.01094
27460.00000 0.01079
27480.00000 0.01009
27500.00000 0.00931
27520.00000 0.00911
27540.00000 0.00822
27560.00000 0.00711
27580.00000 0.00717
27600.00000 0.00726
27620.00000 0.00735
27640.00000 0.00662
27660.00000 0.00562
27680.00000 0.00587
27700.00000 0.00529
27720.00000 0.00464
27740.00000 0.00485
27760.00000 0.0052
27780.00000 0.00464
30558.00000 0.0
