threeML/data/optical_filters/CFHT/CFHT-cfh6309.ecsv
# %ECSV 0.9
# ---
# datatype:
# - {name: wavelength, unit: Angstrom, datatype: float32}
# - {name: response, datatype: float32}
# meta: !!omap
# - {band_name: cfh6309}
# - {group_name: CFHT}
wavelength response
17352.00000 0.0
19280.00000 0.00458
19300.00000 0.00528
19320.00000 0.00609
19340.00000 0.00748
19360.00000 0.00916
19380.00000 0.01071
19400.00000 0.01265
19420.00000 0.0154
19440.00000 0.01903
19460.00000 0.0235
19480.00000 0.02908
19500.00000 0.03638
19520.00000 0.04599
19540.00000 0.05872
19560.00000 0.07532
19580.00000 0.09676
19600.00000 0.12447
19620.00000 0.16002
19640.00000 0.20444
19660.00000 0.25981
19680.00000 0.32709
19700.00000 0.40361
19720.00000 0.48817
19740.00000 0.57565
19760.00000 0.65891
19780.00000 0.7341
19800.00000 0.79736
19820.00000 0.84708
19840.00000 0.88304
19860.00000 0.90779
19880.00000 0.92459
19900.00000 0.93555
19920.00000 0.94267
19940.00000 0.94778
19960.00000 0.95139
19980.00000 0.95332
20000.00000 0.95479
20020.00000 0.95633
20040.00000 0.95708
20060.00000 0.95738
20080.00000 0.95706
20100.00000 0.95634
20120.00000 0.95586
20140.00000 0.95451
20160.00000 0.95239
20180.00000 0.95029
20200.00000 0.94806
20220.00000 0.94566
20240.00000 0.94339
20260.00000 0.94086
20280.00000 0.93791
20300.00000 0.93561
20320.00000 0.93373
20340.00000 0.93163
20360.00000 0.93001
20380.00000 0.92876
20400.00000 0.92728
20420.00000 0.92616
20440.00000 0.92558
20460.00000 0.9249
20480.00000 0.9243
20500.00000 0.92386
20520.00000 0.92387
20540.00000 0.92442
20560.00000 0.92499
20580.00000 0.92513
20600.00000 0.92543
20620.00000 0.92664
20640.00000 0.9277
20660.00000 0.92844
20680.00000 0.92929
20700.00000 0.93045
20720.00000 0.93224
20740.00000 0.93335
20760.00000 0.93404
20780.00000 0.93523
20800.00000 0.93643
20820.00000 0.93759
20840.00000 0.93889
20860.00000 0.94014
20880.00000 0.94112
20900.00000 0.94193
20920.00000 0.94304
20940.00000 0.94403
20960.00000 0.9447
20980.00000 0.94608
21000.00000 0.94695
21020.00000 0.94724
21040.00000 0.94815
21060.00000 0.94911
21080.00000 0.95032
21100.00000 0.9514
21120.00000 0.95206
21140.00000 0.953
21160.00000 0.95384
21180.00000 0.95442
21200.00000 0.95555
21220.00000 0.95645
21240.00000 0.95662
21260.00000 0.95724
21280.00000 0.95839
21300.00000 0.95898
21320.00000 0.95912
21340.00000 0.95955
21360.00000 0.96014
21380.00000 0.96028
21400.00000 0.96077
21420.00000 0.96117
21440.00000 0.9604
21460.00000 0.96014
21480.00000 0.96033
21500.00000 0.95995
21520.00000 0.95967
21540.00000 0.95959
21560.00000 0.95915
21580.00000 0.95946
21600.00000 0.96017
21620.00000 0.96031
21640.00000 0.96019
21660.00000 0.96007
21680.00000 0.96056
21700.00000 0.96126
21720.00000 0.96104
21740.00000 0.96069
21760.00000 0.9612
21780.00000 0.96117
21800.00000 0.9604
21820.00000 0.96016
21840.00000 0.96001
21860.00000 0.95964
21880.00000 0.95872
21900.00000 0.95711
21920.00000 0.9552
21940.00000 0.95323
21960.00000 0.95024
21980.00000 0.94629
22000.00000 0.94246
22020.00000 0.93919
22040.00000 0.93552
22060.00000 0.93111
22080.00000 0.92711
22100.00000 0.92308
22120.00000 0.91948
22140.00000 0.91531
22160.00000 0.91103
22180.00000 0.90752
22200.00000 0.90361
22220.00000 0.89935
22240.00000 0.89528
22260.00000 0.89165
22280.00000 0.88838
22300.00000 0.88498
22320.00000 0.88139
22340.00000 0.87872
22360.00000 0.87701
22380.00000 0.87514
22400.00000 0.87393
22420.00000 0.87418
22440.00000 0.87479
22460.00000 0.87604
22480.00000 0.8781
22500.00000 0.88065
22520.00000 0.88428
22540.00000 0.88832
22560.00000 0.89284
22580.00000 0.89818
22600.00000 0.90366
22620.00000 0.90982
22640.00000 0.91541
22660.00000 0.92056
22680.00000 0.9258
22700.00000 0.93066
22720.00000 0.93486
22740.00000 0.93779
22760.00000 0.93991
22780.00000 0.94136
22800.00000 0.94205
22820.00000 0.94179
22840.00000 0.94046
22860.00000 0.93817
22880.00000 0.93437
22900.00000 0.92731
22920.00000 0.9165
22940.00000 0.90073
22960.00000 0.87645
22980.00000 0.84071
23000.00000 0.79253
23020.00000 0.73094
23040.00000 0.6564
23060.00000 0.57404
23080.00000 0.48999
23100.00000 0.4081
23120.00000 0.33301
23140.00000 0.2672
23160.00000 0.21228
23180.00000 0.16852
23200.00000 0.13298
23220.00000 0.10472
23240.00000 0.08272
23260.00000 0.06564
23280.00000 0.05246
23300.00000 0.04181
23320.00000 0.03375
23340.00000 0.02731
23360.00000 0.022
23380.00000 0.01817
23400.00000 0.01503
23420.00000 0.01222
23440.00000 0.00978
23460.00000 0.00853
23480.00000 0.00758
23500.00000 0.00612
23520.00000 0.00487
23540.00000 0.0042
23560.00000 0.00412
25916.00000 0.0
