threeML/data/optical_filters/CFHT/CFHT-cfh5329.ecsv
# %ECSV 0.9
# ---
# datatype:
# - {name: wavelength, unit: Angstrom, datatype: float32}
# - {name: response, datatype: float32}
# meta: !!omap
# - {band_name: cfh5329}
# - {group_name: CFHT}
wavelength response
19138.50000 0.0
21265.00000 0.00853
21270.00000 0.00488
21275.00000 0.0
21280.00000 0.0098
21285.00000 0.00488
21290.00000 0.0061
21295.00000 0.00858
21300.00000 0.00981
21305.00000 0.00491
21310.00000 0.00493
21315.00000 0.00616
21320.00000 0.00493
21325.00000 0.0087
21330.00000 0.01117
21335.00000 0.00749
21340.00000 0.00372
21345.00000 0.00748
21350.00000 0.00624
21355.00000 0.0
21360.00000 0.00746
21365.00000 0.00752
21370.00000 0.00624
21375.00000 0.00879
21380.00000 0.00882
21385.00000 0.00378
21390.00000 0.0063
21395.00000 0.0063
21400.00000 0.01009
21405.00000 0.00632
21410.00000 0.00882
21415.00000 0.01135
21420.00000 0.0089
21425.00000 0.0051
21430.00000 0.00385
21435.00000 0.00511
21440.00000 0.00642
21445.00000 0.00768
21450.00000 0.01282
21455.00000 0.00772
21460.00000 0.00514
21465.00000 0.01291
21470.00000 0.00514
21475.00000 0.00516
21480.00000 0.01161
21485.00000 0.01297
21490.00000 0.00909
21495.00000 0.00908
21500.00000 0.01047
21505.00000 0.00784
21510.00000 0.01176
21515.00000 0.00917
21520.00000 0.00919
21525.00000 0.01448
21530.00000 0.01189
21535.00000 0.00922
21540.00000 0.00658
21545.00000 0.01454
21550.00000 0.01059
21555.00000 0.01331
21560.00000 0.01065
21565.00000 0.00935
21570.00000 0.01074
21575.00000 0.01073
21580.00000 0.01608
21585.00000 0.00937
21590.00000 0.01204
21595.00000 0.01343
21600.00000 0.01358
21605.00000 0.01907
21610.00000 0.01367
21615.00000 0.0177
21620.00000 0.01923
21625.00000 0.01929
21630.00000 0.02058
21635.00000 0.01781
21640.00000 0.02495
21645.00000 0.01799
21650.00000 0.02211
21655.00000 0.02501
21660.00000 0.02243
21665.00000 0.02525
21670.00000 0.02957
21675.00000 0.02255
21680.00000 0.02831
21685.00000 0.02684
21690.00000 0.03268
21695.00000 0.03415
21700.00000 0.03278
21705.00000 0.03847
21710.00000 0.05017
21715.00000 0.04585
21720.00000 0.04639
21725.00000 0.04926
21730.00000 0.05093
21735.00000 0.04671
21740.00000 0.06316
21745.00000 0.06325
21750.00000 0.07042
21755.00000 0.07106
21760.00000 0.08786
21765.00000 0.08014
21770.00000 0.10458
21775.00000 0.10315
21780.00000 0.12241
21785.00000 0.11412
21790.00000 0.14548
21795.00000 0.1412
21800.00000 0.17322
21805.00000 0.17093
21810.00000 0.20711
21815.00000 0.19687
21820.00000 0.24048
21825.00000 0.23392
21830.00000 0.28119
21835.00000 0.27347
21840.00000 0.32281
21845.00000 0.31757
21850.00000 0.36768
21855.00000 0.36829
21860.00000 0.4077
21865.00000 0.40436
21870.00000 0.44089
21875.00000 0.45102
21880.00000 0.46909
21885.00000 0.47444
21890.00000 0.49977
21895.00000 0.50449
21900.00000 0.50645
21905.00000 0.51958
21910.00000 0.5224
21915.00000 0.53499
21920.00000 0.54022
21925.00000 0.53625
21930.00000 0.53902
21935.00000 0.53484
21940.00000 0.53798
21945.00000 0.54045
21950.00000 0.53978
21955.00000 0.54939
21960.00000 0.53665
21965.00000 0.54169
21970.00000 0.53601
21975.00000 0.55121
21980.00000 0.52917
21985.00000 0.54997
21990.00000 0.53471
21995.00000 0.55725
22000.00000 0.54361
22005.00000 0.55202
22010.00000 0.54179
22015.00000 0.55122
22020.00000 0.52997
22025.00000 0.54599
22030.00000 0.52615
22035.00000 0.5294
22040.00000 0.51073
22045.00000 0.51537
22050.00000 0.48358
22055.00000 0.48892
22060.00000 0.47104
22065.00000 0.46434
22070.00000 0.43587
22075.00000 0.43396
22080.00000 0.39957
22085.00000 0.39876
22090.00000 0.3661
22095.00000 0.35532
22100.00000 0.32733
22105.00000 0.31297
22110.00000 0.28508
22115.00000 0.27142
22120.00000 0.25111
22125.00000 0.24808
22130.00000 0.2215
22135.00000 0.20755
22140.00000 0.19566
22145.00000 0.18199
22150.00000 0.16226
22155.00000 0.15468
22160.00000 0.14377
22165.00000 0.14024
22170.00000 0.12639
22175.00000 0.11931
22180.00000 0.1075
22185.00000 0.09863
22190.00000 0.09656
22195.00000 0.09172
22200.00000 0.0844
22205.00000 0.07971
22210.00000 0.06834
22215.00000 0.07518
22220.00000 0.05533
22225.00000 0.0634
22230.00000 0.06245
22235.00000 0.05952
22240.00000 0.04898
22245.00000 0.05313
22250.00000 0.04584
22255.00000 0.05023
22260.00000 0.03711
22265.00000 0.04276
22270.00000 0.03424
22275.00000 0.03583
22280.00000 0.02977
22285.00000 0.03136
22290.00000 0.03406
22295.00000 0.03119
22300.00000 0.02281
22305.00000 0.03128
22310.00000 0.02699
22315.00000 0.02554
22320.00000 0.01974
22325.00000 0.02388
22330.00000 0.01405
22335.00000 0.01837
22340.00000 0.02385
22345.00000 0.02103
22350.00000 0.01674
22355.00000 0.02098
22360.00000 0.02242
22365.00000 0.01541
22370.00000 0.01399
22375.00000 0.01395
22380.00000 0.01392
22385.00000 0.01814
22390.00000 0.01672
22395.00000 0.01117
22400.00000 0.01802
22405.00000 0.01514
22410.00000 0.01515
22415.00000 0.01392
22420.00000 0.01656
22425.00000 0.01379
22430.00000 0.00966
22435.00000 0.00972
22440.00000 0.00969
22445.00000 0.01108
22450.00000 0.00967
22455.00000 0.00826
22460.00000 0.01382
22465.00000 0.01515
22470.00000 0.01515
22475.00000 0.01511
22480.00000 0.00964
22485.00000 0.01239
22490.00000 0.01515
22495.00000 0.00963
22500.00000 0.00961
24750.00000 0.0
