threeML/data/optical_filters/CFHT/CFHT-cfh5320.ecsv
# %ECSV 0.9
# ---
# datatype:
# - {name: wavelength, unit: Angstrom, datatype: float32}
# - {name: response, datatype: float32}
# meta: !!omap
# - {band_name: cfh5320}
# - {group_name: CFHT}
wavelength response
17172.00000 0.0
19080.00000 0.00417
19100.00000 0.00494
19120.00000 0.00528
19140.00000 0.00557
19160.00000 0.0063
19180.00000 0.00688
19200.00000 0.00743
19220.00000 0.0083
19240.00000 0.0092
19260.00000 0.01013
19280.00000 0.01128
19300.00000 0.01248
19320.00000 0.01384
19340.00000 0.01537
19360.00000 0.01692
19380.00000 0.01883
19400.00000 0.02095
19420.00000 0.02325
19440.00000 0.02568
19460.00000 0.02831
19480.00000 0.03143
19500.00000 0.03461
19520.00000 0.03798
19540.00000 0.04169
19560.00000 0.04565
19580.00000 0.05013
19600.00000 0.05496
19620.00000 0.06
19640.00000 0.06546
19660.00000 0.0713
19680.00000 0.07732
19700.00000 0.0843
19720.00000 0.09227
19740.00000 0.10086
19760.00000 0.11012
19780.00000 0.12045
19800.00000 0.13219
19820.00000 0.14484
19840.00000 0.15874
19860.00000 0.17422
19880.00000 0.19083
19900.00000 0.20898
19920.00000 0.22882
19940.00000 0.25037
19960.00000 0.27393
19980.00000 0.29956
20000.00000 0.32648
20020.00000 0.35411
20040.00000 0.38367
20060.00000 0.41428
20080.00000 0.44516
20100.00000 0.47589
20120.00000 0.50652
20140.00000 0.53632
20160.00000 0.56384
20180.00000 0.58997
20200.00000 0.61443
20220.00000 0.63615
20240.00000 0.65523
20260.00000 0.67169
20280.00000 0.68506
20300.00000 0.69582
20320.00000 0.70479
20340.00000 0.71196
20360.00000 0.71771
20380.00000 0.72212
20400.00000 0.72556
20420.00000 0.72856
20440.00000 0.73109
20460.00000 0.73318
20480.00000 0.73526
20500.00000 0.73741
20520.00000 0.73921
20540.00000 0.74117
20560.00000 0.74341
20580.00000 0.74538
20600.00000 0.74722
20620.00000 0.74902
20640.00000 0.75093
20660.00000 0.75278
20680.00000 0.75452
20700.00000 0.7561
20720.00000 0.75735
20740.00000 0.75836
20760.00000 0.75925
20780.00000 0.76007
20800.00000 0.76068
20820.00000 0.76125
20840.00000 0.76126
20860.00000 0.76103
20880.00000 0.76126
20900.00000 0.76132
20920.00000 0.76103
20940.00000 0.76074
20960.00000 0.76033
20980.00000 0.75974
21000.00000 0.75946
21020.00000 0.7597
21040.00000 0.75941
21060.00000 0.75888
21080.00000 0.75943
21100.00000 0.75981
21120.00000 0.7601
21140.00000 0.76076
21160.00000 0.76143
21180.00000 0.76237
21200.00000 0.76347
21220.00000 0.76495
21240.00000 0.76624
21260.00000 0.76752
21280.00000 0.76918
21300.00000 0.77116
21320.00000 0.77292
21340.00000 0.77457
21360.00000 0.77641
21380.00000 0.77791
21400.00000 0.77977
21420.00000 0.78152
21440.00000 0.78302
21460.00000 0.78464
21480.00000 0.78662
21500.00000 0.78822
21520.00000 0.78908
21540.00000 0.79024
21560.00000 0.79094
21580.00000 0.79144
21600.00000 0.79236
21620.00000 0.79298
21640.00000 0.79349
21660.00000 0.79395
21680.00000 0.79385
21700.00000 0.79338
21720.00000 0.79317
21740.00000 0.79292
21760.00000 0.79283
21780.00000 0.79254
21800.00000 0.79155
21820.00000 0.7906
21840.00000 0.79031
21860.00000 0.79015
21880.00000 0.78943
21900.00000 0.78905
21920.00000 0.78889
21940.00000 0.78874
21960.00000 0.78833
21980.00000 0.78809
22000.00000 0.78851
22020.00000 0.78893
22040.00000 0.78903
22060.00000 0.78926
22080.00000 0.79027
22100.00000 0.79074
22120.00000 0.79095
22140.00000 0.79216
22160.00000 0.79355
22180.00000 0.79469
22200.00000 0.79556
22220.00000 0.79686
22240.00000 0.79865
22260.00000 0.80008
22280.00000 0.80141
22300.00000 0.80327
22320.00000 0.80472
22340.00000 0.80562
22360.00000 0.80745
22380.00000 0.80922
22400.00000 0.81036
22420.00000 0.81192
22440.00000 0.81319
22460.00000 0.81429
22480.00000 0.81526
22500.00000 0.81633
22520.00000 0.81744
22540.00000 0.81841
22560.00000 0.819
22580.00000 0.81931
22600.00000 0.81987
22620.00000 0.82036
22640.00000 0.82034
22660.00000 0.82014
22680.00000 0.81993
22700.00000 0.81975
22720.00000 0.82001
22740.00000 0.81998
22760.00000 0.81914
22780.00000 0.81796
22800.00000 0.81702
22820.00000 0.8165
22840.00000 0.81549
22860.00000 0.81427
22880.00000 0.81331
22900.00000 0.812
22920.00000 0.81038
22940.00000 0.80872
22960.00000 0.80727
22980.00000 0.80594
23000.00000 0.80444
23020.00000 0.80283
23040.00000 0.80107
23060.00000 0.79951
23080.00000 0.79802
23100.00000 0.79663
23120.00000 0.79486
23140.00000 0.79288
23160.00000 0.79175
23180.00000 0.79089
23200.00000 0.78957
23220.00000 0.78828
23240.00000 0.78712
23260.00000 0.78601
23280.00000 0.78513
23300.00000 0.78412
23320.00000 0.78345
23340.00000 0.78302
23360.00000 0.78238
23380.00000 0.78218
23400.00000 0.78217
23420.00000 0.78224
23440.00000 0.78235
23460.00000 0.78236
23480.00000 0.7822
23500.00000 0.78267
23520.00000 0.78397
23540.00000 0.78407
23560.00000 0.78445
23580.00000 0.78598
23600.00000 0.78705
23620.00000 0.78773
23640.00000 0.789
23660.00000 0.79092
23680.00000 0.79239
23700.00000 0.79282
23720.00000 0.79407
23740.00000 0.79601
23760.00000 0.79726
23780.00000 0.79861
23800.00000 0.80022
23820.00000 0.8018
23840.00000 0.80304
23860.00000 0.8047
23880.00000 0.80646
23900.00000 0.80766
23920.00000 0.80925
23940.00000 0.81073
23960.00000 0.81126
23980.00000 0.81184
24000.00000 0.81305
24020.00000 0.81401
24040.00000 0.81488
24060.00000 0.8152
24080.00000 0.81506
24100.00000 0.81534
24120.00000 0.81488
24140.00000 0.81514
24160.00000 0.81555
24180.00000 0.81445
24200.00000 0.81444
24220.00000 0.81409
24240.00000 0.81255
24260.00000 0.81242
24280.00000 0.81236
24300.00000 0.81129
24320.00000 0.8101
24340.00000 0.80907
24360.00000 0.80768
24380.00000 0.80547
24400.00000 0.80386
24420.00000 0.80315
24440.00000 0.80211
24460.00000 0.80048
24480.00000 0.79904
24500.00000 0.79727
24520.00000 0.79601
24540.00000 0.79547
24560.00000 0.7941
24580.00000 0.79266
24600.00000 0.79115
24620.00000 0.79004
24640.00000 0.78883
24660.00000 0.78827
24680.00000 0.78812
24700.00000 0.78645
24720.00000 0.78516
24740.00000 0.78484
24760.00000 0.78508
24780.00000 0.78496
24800.00000 0.78494
24820.00000 0.78548
24840.00000 0.7854
24860.00000 0.78506
24880.00000 0.78473
24900.00000 0.78494
24920.00000 0.78569
24940.00000 0.78691
24960.00000 0.78775
24980.00000 0.78816
25000.00000 0.78909
25020.00000 0.78984
25040.00000 0.79012
25060.00000 0.79105
25080.00000 0.79257
25100.00000 0.79378
25120.00000 0.79465
25140.00000 0.79503
25160.00000 0.79582
25180.00000 0.79776
25200.00000 0.79951
25220.00000 0.79956
25240.00000 0.80025
25260.00000 0.80118
25280.00000 0.79994
25300.00000 0.80017
25320.00000 0.80055
25340.00000 0.79944
25360.00000 0.79684
25380.00000 0.79236
25400.00000 0.78687
25420.00000 0.78197
25440.00000 0.77502
25460.00000 0.76697
25480.00000 0.76329
25500.00000 0.75606
25520.00000 0.7393
25540.00000 0.72632
25560.00000 0.71747
25580.00000 0.70689
25600.00000 0.69736
25620.00000 0.68077
25640.00000 0.66039
25660.00000 0.63739
25680.00000 0.6145
25700.00000 0.59579
25720.00000 0.56944
25740.00000 0.53561
25760.00000 0.50891
25780.00000 0.48273
25800.00000 0.4592
25820.00000 0.43832
25840.00000 0.41277
25860.00000 0.38716
25880.00000 0.36354
25900.00000 0.34346
25920.00000 0.31987
25940.00000 0.29515
25960.00000 0.27361
25980.00000 0.25693
26000.00000 0.24059
26020.00000 0.2227
26040.00000 0.20503
26060.00000 0.19171
26080.00000 0.17863
26100.00000 0.16487
26120.00000 0.15401
26140.00000 0.14262
26160.00000 0.13377
26180.00000 0.12335
26200.00000 0.10983
26220.00000 0.10149
26240.00000 0.09766
26260.00000 0.09186
26280.00000 0.08351
26300.00000 0.0744
26320.00000 0.0681
26340.00000 0.06454
26360.00000 0.06073
26380.00000 0.05743
26400.00000 0.05463
26420.00000 0.04993
26440.00000 0.04646
26460.00000 0.04439
26480.00000 0.04137
26500.00000 0.03819
26520.00000 0.03503
26540.00000 0.03308
26560.00000 0.03168
26580.00000 0.02998
26600.00000 0.02744
26620.00000 0.02574
26640.00000 0.0244
26660.00000 0.01961
26680.00000 0.0173
26700.00000 0.01942
26720.00000 0.01901
26740.00000 0.01753
26760.00000 0.01678
26780.00000 0.01491
26800.00000 0.01357
26820.00000 0.01271
26840.00000 0.01349
26860.00000 0.01295
26880.00000 0.01125
26900.00000 0.01067
26920.00000 0.00905
26940.00000 0.00948
26960.00000 0.00996
26980.00000 0.00885
27000.00000 0.0088
27020.00000 0.00902
27040.00000 0.00858
27060.00000 0.0076
27080.00000 0.00731
27100.00000 0.00667
27120.00000 0.00581
27140.00000 0.00554
27160.00000 0.00552
27180.00000 0.00569
27200.00000 0.00497
29920.00000 0.0
