threeML/data/optical_filters/CFHT/CFHT-cfh6311.ecsv
# %ECSV 0.9
# ---
# datatype:
# - {name: wavelength, unit: Angstrom, datatype: float32}
# - {name: response, datatype: float32}
# meta: !!omap
# - {band_name: cfh6311}
# - {group_name: CFHT}
wavelength response
19170.00000 0.0
21300.00000 0.0081
21305.00000 0.00269
21310.00000 0.0054
21315.00000 0.00406
21320.00000 0.00134
21325.00000 0.00542
21330.00000 0.0
21335.00000 0.00815
21340.00000 0.00954
21345.00000 0.00409
21350.00000 0.00543
21355.00000 0.0
21360.00000 0.00136
21365.00000 0.00821
21370.00000 0.00275
21375.00000 0.00409
21380.00000 0.00415
21385.00000 0.00414
21390.00000 0.00137
21395.00000 0.0
21400.00000 0.00137
21405.00000 0.0042
21410.00000 0.00137
21415.00000 0.00139
21420.00000 0.0042
21425.00000 0.00418
21430.00000 0.00139
21435.00000 0.00281
21440.00000 0.00421
21445.00000 0.00563
21450.00000 0.0
21455.00000 0.0071
21460.00000 0.00139
21465.00000 0.00568
21470.00000 0.0043
21475.00000 0.0
21480.00000 0.00426
21485.00000 0.00859
21490.00000 0.00859
21495.00000 0.00427
21500.00000 0.00288
21505.00000 0.0
21510.00000 0.0072
21515.00000 0.00432
21520.00000 0.00575
21525.00000 0.00433
21530.00000 0.00868
21535.00000 0.00145
21540.00000 0.00145
21545.00000 0.01309
21550.00000 0.00587
21555.00000 0.00589
21560.00000 0.00146
21565.00000 0.00293
21570.00000 0.00879
21575.00000 0.0
21580.00000 0.00887
21585.00000 0.0119
21590.00000 0.00595
21595.00000 0.00446
21600.00000 0.00899
21605.00000 0.00745
21610.00000 0.01346
21615.00000 0.01047
21620.00000 0.00755
21625.00000 0.01506
21630.00000 0.00302
21635.00000 0.00906
21640.00000 0.01523
21645.00000 0.01831
21650.00000 0.01984
21655.00000 0.02145
21660.00000 0.02307
21665.00000 0.01999
21670.00000 0.02942
21675.00000 0.02483
21680.00000 0.04675
21685.00000 0.0455
21690.00000 0.06262
21695.00000 0.07072
21700.00000 0.09319
21705.00000 0.10329
21710.00000 0.13191
21715.00000 0.15213
21720.00000 0.20198
21725.00000 0.23845
21730.00000 0.29491
21735.00000 0.34
21740.00000 0.40852
21745.00000 0.45392
21750.00000 0.51671
21755.00000 0.5735
21760.00000 0.61476
21765.00000 0.64963
21770.00000 0.66766
21775.00000 0.68912
21780.00000 0.68582
21785.00000 0.70612
21790.00000 0.70108
21795.00000 0.68698
21800.00000 0.70218
21805.00000 0.702
21810.00000 0.69273
21815.00000 0.70139
21820.00000 0.69826
21825.00000 0.70322
21830.00000 0.70222
21835.00000 0.71533
21840.00000 0.7106
21845.00000 0.71114
21850.00000 0.70294
21855.00000 0.71132
21860.00000 0.70511
21865.00000 0.70732
21870.00000 0.69357
21875.00000 0.70596
21880.00000 0.69662
21885.00000 0.68764
21890.00000 0.66011
21895.00000 0.63794
21900.00000 0.61479
21905.00000 0.58835
21910.00000 0.53316
21915.00000 0.48924
21920.00000 0.44167
21925.00000 0.37346
21930.00000 0.34045
21935.00000 0.28133
21940.00000 0.24274
21945.00000 0.19754
21950.00000 0.16679
21955.00000 0.13092
21960.00000 0.12085
21965.00000 0.10109
21970.00000 0.08049
21975.00000 0.06613
21980.00000 0.0531
21985.00000 0.04657
21990.00000 0.03906
21995.00000 0.03525
22000.00000 0.03149
22005.00000 0.02444
22010.00000 0.0139
22015.00000 0.01562
22020.00000 0.02075
22025.00000 0.01553
22030.00000 0.01743
22035.00000 0.0052
22040.00000 0.00864
22045.00000 0.01538
22050.00000 0.01527
22055.00000 0.01189
22060.00000 0.00673
22065.00000 0.0135
22070.00000 0.00676
22075.00000 0.01178
22080.00000 0.00504
24288.00000 0.0
