threeML/data/optical_filters/CFHT/CFHT-cfh6104.ecsv
# %ECSV 0.9
# ---
# datatype:
# - {name: wavelength, unit: Angstrom, datatype: float32}
# - {name: response, datatype: float32}
# meta: !!omap
# - {band_name: cfh6104}
# - {group_name: CFHT}
wavelength response
9684.00000 0.0
10760.00000 0.00415
10780.00000 0.00488
10800.00000 0.00577
10820.00000 0.00668
10840.00000 0.00789
10860.00000 0.00926
10880.00000 0.01096
10900.00000 0.01314
10920.00000 0.01564
10940.00000 0.01862
10960.00000 0.02225
10980.00000 0.02698
11000.00000 0.03268
11020.00000 0.03937
11040.00000 0.04732
11060.00000 0.05714
11080.00000 0.06915
11100.00000 0.08316
11120.00000 0.09958
11140.00000 0.11845
11160.00000 0.13989
11180.00000 0.16451
11200.00000 0.19159
11220.00000 0.22063
11240.00000 0.25066
11260.00000 0.2807
11280.00000 0.31065
11300.00000 0.34058
11320.00000 0.36905
11340.00000 0.39423
11360.00000 0.41646
11380.00000 0.43701
11400.00000 0.45583
11420.00000 0.47189
11440.00000 0.48561
11460.00000 0.49811
11480.00000 0.50916
11500.00000 0.51857
11520.00000 0.52728
11540.00000 0.5361
11560.00000 0.54491
11580.00000 0.55238
11600.00000 0.55832
11620.00000 0.56418
11640.00000 0.57091
11660.00000 0.57684
11680.00000 0.58038
11700.00000 0.58305
11720.00000 0.58664
11740.00000 0.58936
11760.00000 0.58925
11780.00000 0.5885
11800.00000 0.58887
11820.00000 0.58786
11840.00000 0.58432
11860.00000 0.58072
11880.00000 0.57922
11900.00000 0.57675
11920.00000 0.57166
11940.00000 0.56816
11960.00000 0.56688
11980.00000 0.5649
12000.00000 0.56123
12020.00000 0.55817
12040.00000 0.55951
12060.00000 0.56145
12080.00000 0.55952
12100.00000 0.55899
12120.00000 0.56329
12140.00000 0.56868
12160.00000 0.57213
12180.00000 0.57501
12200.00000 0.58235
12220.00000 0.59431
12240.00000 0.60292
12260.00000 0.6082
12280.00000 0.61681
12300.00000 0.62654
12320.00000 0.6304
12340.00000 0.62788
12360.00000 0.62053
12380.00000 0.60207
12400.00000 0.56621
12420.00000 0.51923
12440.00000 0.46664
12460.00000 0.4055
12480.00000 0.34132
12500.00000 0.28178
12520.00000 0.22798
12540.00000 0.18106
12560.00000 0.14183
12580.00000 0.11012
12600.00000 0.08565
12620.00000 0.06712
12640.00000 0.05269
12660.00000 0.04146
12680.00000 0.03267
12700.00000 0.02573
12720.00000 0.02048
12740.00000 0.01646
12760.00000 0.01324
12780.00000 0.01088
12800.00000 0.009
12820.00000 0.00728
12840.00000 0.00604
12860.00000 0.00519
12880.00000 0.00441
14168.00000 0.0
