threeML/data/optical_filters/CFHT/CFHT-cfh6204.ecsv
# %ECSV 0.9
# ---
# datatype:
# - {name: wavelength, unit: Angstrom, datatype: float32}
# - {name: response, datatype: float32}
# meta: !!omap
# - {band_name: cfh6204}
# - {group_name: CFHT}
wavelength response
13446.00000 0.0
14940.00000 0.00429
14960.00000 0.00484
14980.00000 0.00548
15000.00000 0.00632
15020.00000 0.00728
15040.00000 0.00836
15060.00000 0.00964
15080.00000 0.01114
15100.00000 0.01302
15120.00000 0.01541
15140.00000 0.01836
15160.00000 0.02185
15180.00000 0.02615
15200.00000 0.03157
15220.00000 0.03839
15240.00000 0.04703
15260.00000 0.05794
15280.00000 0.07133
15300.00000 0.08821
15320.00000 0.10924
15340.00000 0.13474
15360.00000 0.16545
15380.00000 0.20067
15400.00000 0.23871
15420.00000 0.2773
15440.00000 0.31354
15460.00000 0.34419
15480.00000 0.36682
15500.00000 0.38077
15520.00000 0.38644
15540.00000 0.38547
15560.00000 0.3802
15580.00000 0.37273
15600.00000 0.36481
15620.00000 0.3578
15640.00000 0.35229
15660.00000 0.34868
15680.00000 0.34752
15700.00000 0.34888
15720.00000 0.35249
15740.00000 0.35847
15760.00000 0.36681
15780.00000 0.37743
15800.00000 0.39023
15820.00000 0.40509
15840.00000 0.42169
15860.00000 0.4393
15880.00000 0.45753
15900.00000 0.47556
15920.00000 0.49272
15940.00000 0.50793
15960.00000 0.52028
15980.00000 0.52921
16000.00000 0.53381
16020.00000 0.53366
16040.00000 0.52905
16060.00000 0.52039
16080.00000 0.50795
16100.00000 0.49275
16120.00000 0.47569
16140.00000 0.45726
16160.00000 0.43857
16180.00000 0.42055
16200.00000 0.40344
16220.00000 0.38757
16240.00000 0.37326
16260.00000 0.36111
16280.00000 0.35092
16300.00000 0.34297
16320.00000 0.33725
16340.00000 0.33369
16360.00000 0.33269
16380.00000 0.33408
16400.00000 0.33797
16420.00000 0.34427
16440.00000 0.35356
16460.00000 0.36613
16480.00000 0.38179
16500.00000 0.40054
16520.00000 0.4222
16540.00000 0.44568
16560.00000 0.4695
16580.00000 0.49164
16600.00000 0.50894
16620.00000 0.51724
16640.00000 0.51344
16660.00000 0.49579
16680.00000 0.4648
16700.00000 0.42281
16720.00000 0.37337
16740.00000 0.32179
16760.00000 0.27167
16780.00000 0.22595
16800.00000 0.18665
16820.00000 0.15366
16840.00000 0.12674
16860.00000 0.10486
16880.00000 0.0869
16900.00000 0.0724
16920.00000 0.06091
16940.00000 0.05151
16960.00000 0.04364
16980.00000 0.03719
17000.00000 0.03178
17020.00000 0.02728
17040.00000 0.02368
17060.00000 0.02058
17080.00000 0.01807
17100.00000 0.01613
17120.00000 0.0141
17140.00000 0.01241
17160.00000 0.01132
17180.00000 0.01004
17200.00000 0.00885
17220.00000 0.00809
17240.00000 0.0074
17260.00000 0.00664
17280.00000 0.00621
17300.00000 0.00578
17320.00000 0.00519
17340.00000 0.00493
17360.00000 0.00459
17380.00000 0.00407
19118.00000 0.0
