threeML/data/optical_filters/CFHT/CFHT-cfh2602.ecsv
# %ECSV 0.9
# ---
# datatype:
# - {name: wavelength, unit: Angstrom, datatype: float32}
# - {name: response, datatype: float32}
# meta: !!omap
# - {band_name: cfh2602}
# - {group_name: CFHT}
wavelength response
5857.20020 0.0
6508.00000 0.00426
6509.00000 0.00421
6510.00000 0.00516
6511.00000 0.00531
6512.00000 0.00601
6513.00000 0.00641
6514.00000 0.00722
6515.00000 0.00807
6516.00000 0.00903
6517.00000 0.01047
6518.00000 0.01147
6519.00000 0.01312
6520.00000 0.01508
6521.00000 0.01733
6522.00000 0.01923
6523.00000 0.02324
6524.00000 0.02646
6525.00000 0.0311
6526.00000 0.03577
6527.00000 0.0415
6528.00000 0.05147
6529.00000 0.06172
6530.00000 0.07304
6531.00000 0.08945
6532.00000 0.1068
6533.00000 0.12755
6534.00000 0.15274
6535.00000 0.18729
6536.00000 0.2328
6537.00000 0.27882
6538.00000 0.33273
6539.00000 0.38564
6540.00000 0.45877
6541.00000 0.51617
6542.00000 0.58459
6543.00000 0.64075
6544.00000 0.69585
6545.00000 0.73502
6546.00000 0.7616
6547.00000 0.78772
6548.00000 0.80243
6549.00000 0.80472
6550.00000 0.81416
6551.00000 0.81804
6552.00000 0.81825
6553.00000 0.81796
6554.00000 0.81821
6555.00000 0.81619
6556.00000 0.81824
6557.00000 0.82152
6558.00000 0.82051
6559.00000 0.8197
6560.00000 0.82228
6561.00000 0.81461
6562.00000 0.82129
6563.00000 0.81766
6564.00000 0.81306
6565.00000 0.8167
6566.00000 0.81407
6567.00000 0.81374
6568.00000 0.81679
6569.00000 0.81448
6570.00000 0.80971
6571.00000 0.81808
6572.00000 0.8134
6573.00000 0.81479
6574.00000 0.81438
6575.00000 0.81224
6576.00000 0.80095
6577.00000 0.79276
6578.00000 0.77029
6579.00000 0.74077
6580.00000 0.70573
6581.00000 0.661
6582.00000 0.60315
6583.00000 0.54312
6584.00000 0.47906
6585.00000 0.41774
6586.00000 0.36652
6587.00000 0.30533
6588.00000 0.25473
6589.00000 0.21379
6590.00000 0.17909
6591.00000 0.15163
6592.00000 0.12347
6593.00000 0.10257
6594.00000 0.08607
6595.00000 0.07373
6596.00000 0.06195
6597.00000 0.05234
6598.00000 0.04582
6599.00000 0.03745
6600.00000 0.03221
6601.00000 0.0276
6602.00000 0.02428
6603.00000 0.02171
6604.00000 0.01863
6605.00000 0.01642
6606.00000 0.01442
6607.00000 0.01295
6608.00000 0.01138
6609.00000 0.01021
6610.00000 0.00928
6611.00000 0.00815
6612.00000 0.0069
6613.00000 0.00674
6614.00000 0.00645
6615.00000 0.00525
6616.00000 0.00481
6617.00000 0.00439
6618.00000 0.00447
7279.79980 0.0
