threeML/data/optical_filters/CFHT/CFHT-cfh5202.ecsv
# %ECSV 0.9
# ---
# datatype:
# - {name: wavelength, unit: Angstrom, datatype: float32}
# - {name: response, datatype: float32}
# meta: !!omap
# - {band_name: cfh5202}
# - {group_name: CFHT}
wavelength response
14557.50000 0.0
16175.00000 0.00452
16180.00000 0.00371
16185.00000 0.00455
16190.00000 0.00456
16195.00000 0.00499
16200.00000 0.00626
16205.00000 0.00627
16210.00000 0.00545
16215.00000 0.00462
16220.00000 0.00505
16225.00000 0.00674
16230.00000 0.00887
16235.00000 0.00974
16240.00000 0.0098
16245.00000 0.01067
16250.00000 0.01199
16255.00000 0.01245
16260.00000 0.01337
16265.00000 0.01511
16270.00000 0.01558
16275.00000 0.01736
16280.00000 0.01913
16285.00000 0.02443
16290.00000 0.02538
16295.00000 0.02809
16300.00000 0.03296
16305.00000 0.03615
16310.00000 0.03676
16315.00000 0.04353
16320.00000 0.04718
16325.00000 0.05531
16330.00000 0.06219
16335.00000 0.07138
16340.00000 0.07611
16345.00000 0.08951
16350.00000 0.09952
16355.00000 0.11469
16360.00000 0.12718
16365.00000 0.14905
16370.00000 0.16521
16375.00000 0.19226
16380.00000 0.21463
16385.00000 0.24995
16390.00000 0.27519
16395.00000 0.30234
16400.00000 0.3483
16405.00000 0.38138
16410.00000 0.43063
16415.00000 0.46519
16420.00000 0.51976
16425.00000 0.55365
16430.00000 0.60272
16435.00000 0.63333
16440.00000 0.67191
16445.00000 0.69502
16450.00000 0.72186
16455.00000 0.73642
16460.00000 0.75012
16465.00000 0.7606
16470.00000 0.76239
16475.00000 0.76605
16480.00000 0.76549
16485.00000 0.76614
16490.00000 0.76122
16495.00000 0.75842
16500.00000 0.75565
16505.00000 0.75262
16510.00000 0.74783
16515.00000 0.73935
16520.00000 0.73259
16525.00000 0.72296
16530.00000 0.7067
16535.00000 0.69897
16540.00000 0.67416
16545.00000 0.65517
16550.00000 0.62151
16555.00000 0.601
16560.00000 0.55763
16565.00000 0.52626
16570.00000 0.48061
16575.00000 0.4528
16580.00000 0.40475
16585.00000 0.37091
16590.00000 0.32866
16595.00000 0.29819
16600.00000 0.25945
16605.00000 0.23822
16610.00000 0.20535
16615.00000 0.18871
16620.00000 0.16132
16625.00000 0.14767
16630.00000 0.12619
16635.00000 0.11504
16640.00000 0.09875
16645.00000 0.09064
16650.00000 0.08192
16655.00000 0.07275
16660.00000 0.06462
16665.00000 0.05907
16670.00000 0.05298
16675.00000 0.04585
16680.00000 0.04231
16685.00000 0.03819
16690.00000 0.03418
16695.00000 0.03206
16700.00000 0.02948
16705.00000 0.02486
16710.00000 0.02225
16715.00000 0.02179
16720.00000 0.01717
16725.00000 0.01772
16730.00000 0.01515
16735.00000 0.01514
16740.00000 0.01411
16745.00000 0.01311
16750.00000 0.01309
16755.00000 0.01048
16760.00000 0.00893
16765.00000 0.00684
16770.00000 0.00844
16775.00000 0.0079
16780.00000 0.00792
16785.00000 0.00792
16790.00000 0.00636
16795.00000 0.0069
16800.00000 0.00424
16805.00000 0.00531
16810.00000 0.00533
18491.00000 0.0
