threeML/data/optical_filters/CFHT/CFHT-cfh6319.ecsv
# %ECSV 0.9
# ---
# datatype:
# - {name: wavelength, unit: Angstrom, datatype: float32}
# - {name: response, datatype: float32}
# meta: !!omap
# - {band_name: cfh6319}
# - {group_name: CFHT}
wavelength response
18415.80078 0.0
20462.00000 0.03343
20464.00000 0.03355
20466.00000 0.03369
20468.00000 0.0338
20470.00000 0.03394
20472.00000 0.03407
20474.00000 0.03419
20476.00000 0.0343
20478.00000 0.03444
20480.00000 0.03459
20482.00000 0.03473
20484.00000 0.03488
20486.00000 0.03502
20488.00000 0.03517
20490.00000 0.03532
20492.00000 0.03548
20494.00000 0.03563
20496.00000 0.03578
20498.00000 0.03595
20500.00000 0.03613
20502.00000 0.03633
20504.00000 0.03651
20506.00000 0.03671
20508.00000 0.03691
20510.00000 0.03712
20512.00000 0.03732
20514.00000 0.03755
20516.00000 0.03777
20518.00000 0.03799
20520.00000 0.03824
20522.00000 0.03847
20524.00000 0.03874
20526.00000 0.039
20528.00000 0.03928
20530.00000 0.03954
20532.00000 0.03983
20534.00000 0.0401
20536.00000 0.04041
20538.00000 0.0407
20540.00000 0.04102
20542.00000 0.04134
20544.00000 0.04166
20546.00000 0.04199
20548.00000 0.04234
20550.00000 0.04271
20552.00000 0.04309
20554.00000 0.04347
20556.00000 0.04385
20558.00000 0.04425
20560.00000 0.04466
20562.00000 0.04509
20564.00000 0.04553
20566.00000 0.04597
20568.00000 0.04645
20570.00000 0.04694
20572.00000 0.04742
20574.00000 0.04794
20576.00000 0.04848
20578.00000 0.04901
20580.00000 0.04958
20582.00000 0.05016
20584.00000 0.05075
20586.00000 0.05138
20588.00000 0.05202
20590.00000 0.05266
20592.00000 0.05333
20594.00000 0.05402
20596.00000 0.05472
20598.00000 0.05547
20600.00000 0.05623
20602.00000 0.05702
20604.00000 0.05783
20606.00000 0.05869
20608.00000 0.05954
20610.00000 0.06044
20612.00000 0.06137
20614.00000 0.06232
20616.00000 0.06331
20618.00000 0.06432
20620.00000 0.06538
20622.00000 0.0665
20624.00000 0.06764
20626.00000 0.06883
20628.00000 0.07007
20630.00000 0.07135
20632.00000 0.07268
20634.00000 0.07405
20636.00000 0.0755
20638.00000 0.07698
20640.00000 0.07854
20642.00000 0.08014
20644.00000 0.0818
20646.00000 0.08353
20648.00000 0.08534
20650.00000 0.08722
20652.00000 0.08917
20654.00000 0.09119
20656.00000 0.09326
20658.00000 0.09541
20660.00000 0.09767
20662.00000 0.09999
20664.00000 0.1024
20666.00000 0.10489
20668.00000 0.10747
20670.00000 0.11014
20672.00000 0.1129
20674.00000 0.11574
20676.00000 0.1187
20678.00000 0.12173
20680.00000 0.12486
20682.00000 0.1281
20684.00000 0.13142
20686.00000 0.13484
20688.00000 0.13838
20690.00000 0.14201
20692.00000 0.14577
20694.00000 0.1496
20696.00000 0.15356
20698.00000 0.15764
20700.00000 0.16182
20702.00000 0.16609
20704.00000 0.17049
20706.00000 0.17499
20708.00000 0.1796
20710.00000 0.1843
20712.00000 0.18909
20714.00000 0.19398
20716.00000 0.19896
20718.00000 0.20407
20720.00000 0.20923
20722.00000 0.21448
20724.00000 0.21979
20726.00000 0.22519
20728.00000 0.23067
20730.00000 0.23619
20732.00000 0.24179
20734.00000 0.24747
20736.00000 0.25319
20738.00000 0.25894
20740.00000 0.26471
20742.00000 0.27052
20744.00000 0.27632
20746.00000 0.28214
20748.00000 0.28798
20750.00000 0.29381
20752.00000 0.29962
20754.00000 0.30544
20756.00000 0.31122
20758.00000 0.31699
20760.00000 0.32269
20762.00000 0.32834
20764.00000 0.33392
20766.00000 0.33948
20768.00000 0.34494
20770.00000 0.35036
20772.00000 0.35567
20774.00000 0.36092
20776.00000 0.36609
20778.00000 0.37115
20780.00000 0.37611
20782.00000 0.38097
20784.00000 0.38568
20786.00000 0.3903
20788.00000 0.39478
20790.00000 0.39911
20792.00000 0.40331
20794.00000 0.40736
20796.00000 0.41125
20798.00000 0.41499
20800.00000 0.41856
20802.00000 0.42198
20804.00000 0.42526
20806.00000 0.42834
20808.00000 0.43129
20810.00000 0.43404
20812.00000 0.43665
20814.00000 0.43912
20816.00000 0.44139
20818.00000 0.44354
20820.00000 0.44553
20822.00000 0.44736
20824.00000 0.44904
20826.00000 0.45053
20828.00000 0.4519
20830.00000 0.45314
20832.00000 0.45422
20834.00000 0.45517
20836.00000 0.45599
20838.00000 0.4567
20840.00000 0.45726
20842.00000 0.45772
20844.00000 0.45805
20846.00000 0.45824
20848.00000 0.45837
20850.00000 0.45836
20852.00000 0.45825
20854.00000 0.45804
20856.00000 0.45776
20858.00000 0.4574
20860.00000 0.45694
20862.00000 0.45639
20864.00000 0.45576
20866.00000 0.45506
20868.00000 0.45432
20870.00000 0.45349
20872.00000 0.45261
20874.00000 0.45166
20876.00000 0.45067
20878.00000 0.44965
20880.00000 0.44855
20882.00000 0.44742
20884.00000 0.44626
20886.00000 0.44504
20888.00000 0.44377
20890.00000 0.44246
20892.00000 0.44113
20894.00000 0.43976
20896.00000 0.43837
20898.00000 0.43694
20900.00000 0.43546
20902.00000 0.43396
20904.00000 0.4324
20906.00000 0.43085
20908.00000 0.42921
20910.00000 0.4276
20912.00000 0.4259
20914.00000 0.42419
20916.00000 0.42242
20918.00000 0.42064
20920.00000 0.41876
20922.00000 0.41689
20924.00000 0.41493
20926.00000 0.41295
20928.00000 0.4109
20930.00000 0.4088
20932.00000 0.40668
20934.00000 0.40446
20936.00000 0.40222
20938.00000 0.3999
20940.00000 0.39749
20942.00000 0.39502
20944.00000 0.39246
20946.00000 0.38988
20948.00000 0.38721
20950.00000 0.38448
20952.00000 0.38167
20954.00000 0.37878
20956.00000 0.37582
20958.00000 0.37277
20960.00000 0.36967
20962.00000 0.3665
20964.00000 0.36325
20966.00000 0.35991
20968.00000 0.35651
20970.00000 0.35304
20972.00000 0.34949
20974.00000 0.34589
20976.00000 0.34219
20978.00000 0.33842
20980.00000 0.33459
20982.00000 0.33069
20984.00000 0.32672
20986.00000 0.32268
20988.00000 0.3186
20990.00000 0.31445
20992.00000 0.31023
20994.00000 0.30595
20996.00000 0.30162
20998.00000 0.29727
21000.00000 0.29288
21002.00000 0.28844
21004.00000 0.284
21006.00000 0.2795
21008.00000 0.27496
21010.00000 0.27042
21012.00000 0.26585
21014.00000 0.26131
21016.00000 0.25673
21018.00000 0.25217
21020.00000 0.2476
21022.00000 0.24306
21024.00000 0.23851
21026.00000 0.23399
21028.00000 0.22945
21030.00000 0.22495
21032.00000 0.22046
21034.00000 0.21599
21036.00000 0.21156
21038.00000 0.2072
21040.00000 0.20285
21042.00000 0.19855
21044.00000 0.19429
21046.00000 0.19008
21048.00000 0.18596
21050.00000 0.18187
21052.00000 0.17783
21054.00000 0.17384
21056.00000 0.16994
21058.00000 0.16609
21060.00000 0.16232
21062.00000 0.15862
21064.00000 0.15498
21066.00000 0.15143
21068.00000 0.14793
21070.00000 0.14449
21072.00000 0.14114
21074.00000 0.13786
21076.00000 0.13466
21078.00000 0.13155
21080.00000 0.12848
21082.00000 0.12549
21084.00000 0.12259
21086.00000 0.11975
21088.00000 0.11699
21090.00000 0.11427
21092.00000 0.11168
21094.00000 0.10913
21096.00000 0.10664
21098.00000 0.10422
21100.00000 0.10188
21102.00000 0.09962
21104.00000 0.09743
21106.00000 0.09531
21108.00000 0.09325
21110.00000 0.09122
21112.00000 0.08929
21114.00000 0.0874
21116.00000 0.08559
21118.00000 0.08382
21120.00000 0.08212
21122.00000 0.08046
21124.00000 0.07886
21126.00000 0.07732
21128.00000 0.07581
21130.00000 0.07436
21132.00000 0.07295
21134.00000 0.07159
21136.00000 0.07028
21138.00000 0.069
21140.00000 0.06775
21142.00000 0.06654
21144.00000 0.06538
21146.00000 0.06424
21148.00000 0.06316
21150.00000 0.06212
21152.00000 0.0611
21154.00000 0.0601
21156.00000 0.05916
21158.00000 0.05824
21160.00000 0.05736
21162.00000 0.0565
21164.00000 0.05568
21166.00000 0.05486
21168.00000 0.05408
21170.00000 0.05333
21172.00000 0.05261
21174.00000 0.05191
21176.00000 0.05124
21178.00000 0.0506
21180.00000 0.04996
21182.00000 0.04933
21184.00000 0.04874
21186.00000 0.04817
21188.00000 0.04759
21190.00000 0.04704
21192.00000 0.04652
21194.00000 0.04599
21196.00000 0.0455
21198.00000 0.04503
21200.00000 0.04457
21202.00000 0.04413
21204.00000 0.04369
21206.00000 0.04326
21208.00000 0.04285
21210.00000 0.04245
21212.00000 0.04205
21214.00000 0.04169
21216.00000 0.04132
21218.00000 0.04097
21220.00000 0.04063
21222.00000 0.04031
21224.00000 0.03999
21226.00000 0.03967
21228.00000 0.03938
21230.00000 0.03909
21232.00000 0.03879
21234.00000 0.0385
21236.00000 0.03822
21238.00000 0.03796
21240.00000 0.0377
21242.00000 0.03746
21244.00000 0.03722
21246.00000 0.03699
21248.00000 0.03674
21250.00000 0.03653
21252.00000 0.03632
21254.00000 0.03607
21256.00000 0.03589
21258.00000 0.03569
21260.00000 0.03548
21262.00000 0.03528
21264.00000 0.0351
21266.00000 0.03493
21268.00000 0.03476
21270.00000 0.03458
21272.00000 0.03441
21274.00000 0.03426
21276.00000 0.03409
21278.00000 0.03392
21280.00000 0.03378
21282.00000 0.03363
21284.00000 0.03349
21286.00000 0.03336
21288.00000 0.03322
21290.00000 0.0331
21292.00000 0.03296
21294.00000 0.03282
21296.00000 0.0327
21298.00000 0.03258
21300.00000 0.03246
21302.00000 0.03233
23432.19922 0.0
