threeML/data/optical_filters/CFHT/CFHT-cfh1414.ecsv
# %ECSV 0.9
# ---
# datatype:
# - {name: wavelength, unit: Angstrom, datatype: float32}
# - {name: response, datatype: float32}
# meta: !!omap
# - {band_name: cfh1414}
# - {group_name: CFHT}
wavelength response
2862.00000 0.0
3180.00000 0.00606
3200.00000 0.01872
3220.00000 0.04388
3240.00000 0.08142
3260.00000 0.1268
3280.00000 0.17575
3300.00000 0.22713
3320.00000 0.28053
3340.00000 0.33475
3360.00000 0.38811
3380.00000 0.43837
3400.00000 0.48479
3420.00000 0.52798
3440.00000 0.56862
3460.00000 0.60712
3480.00000 0.64212
3500.00000 0.67192
3520.00000 0.69583
3540.00000 0.71451
3560.00000 0.72873
3580.00000 0.74139
3600.00000 0.75534
3620.00000 0.76894
3640.00000 0.78136
3660.00000 0.79297
3680.00000 0.80386
3700.00000 0.81303
3720.00000 0.8201
3740.00000 0.82539
3760.00000 0.8293
3780.00000 0.83214
3800.00000 0.83334
3820.00000 0.83292
3840.00000 0.8302
3860.00000 0.8241
3880.00000 0.81421
3900.00000 0.80086
3920.00000 0.785
3940.00000 0.76782
3960.00000 0.75085
3980.00000 0.73575
4000.00000 0.72417
4020.00000 0.71712
4040.00000 0.71471
4060.00000 0.71724
4080.00000 0.72488
4100.00000 0.73743
4120.00000 0.75336
4140.00000 0.77097
4160.00000 0.78873
4180.00000 0.8046
4200.00000 0.81667
4220.00000 0.82329
4240.00000 0.82397
4260.00000 0.81857
4280.00000 0.80927
4300.00000 0.79515
4320.00000 0.778
4340.00000 0.76231
4360.00000 0.74808
4380.00000 0.73647
4400.00000 0.72809
4420.00000 0.72351
4440.00000 0.72263
4460.00000 0.72536
4480.00000 0.73203
4500.00000 0.74178
4520.00000 0.75409
4540.00000 0.76854
4560.00000 0.78429
4580.00000 0.80032
4600.00000 0.81599
4620.00000 0.83119
4640.00000 0.84538
4660.00000 0.85793
4680.00000 0.86864
4700.00000 0.87718
4720.00000 0.88356
4740.00000 0.88789
4760.00000 0.88998
4780.00000 0.89006
4800.00000 0.88786
4820.00000 0.88319
4840.00000 0.87613
4860.00000 0.86613
4880.00000 0.85332
4900.00000 0.8378
4920.00000 0.8201
4940.00000 0.80057
4960.00000 0.77959
4980.00000 0.75819
5000.00000 0.73701
5020.00000 0.71672
5040.00000 0.69769
5060.00000 0.68068
5080.00000 0.66624
5100.00000 0.65483
5120.00000 0.64703
5140.00000 0.64264
5160.00000 0.64145
5180.00000 0.6431
5200.00000 0.64676
5220.00000 0.65132
5240.00000 0.65462
5260.00000 0.65414
5280.00000 0.64838
5300.00000 0.62997
5320.00000 0.59741
5340.00000 0.55417
5360.00000 0.50009
5380.00000 0.44005
5400.00000 0.37888
5420.00000 0.32037
5440.00000 0.26709
5460.00000 0.21992
5480.00000 0.17989
5500.00000 0.14731
5520.00000 0.12114
5540.00000 0.09999
5560.00000 0.08284
5580.00000 0.06917
5600.00000 0.05827
5620.00000 0.04942
5640.00000 0.04207
5660.00000 0.03592
5680.00000 0.03079
5700.00000 0.02652
5720.00000 0.02301
5740.00000 0.02007
5760.00000 0.01752
5780.00000 0.0154
5800.00000 0.01363
5820.00000 0.01212
5840.00000 0.01079
5860.00000 0.00961
5880.00000 0.00856
5900.00000 0.00769
5920.00000 0.00693
5940.00000 0.00623
5960.00000 0.0056
5980.00000 0.00507
6000.00000 0.00461
6020.00000 0.0042
6622.00000 0.0
