threeML/data/optical_filters/CFHT/CFHT-cfh5327.ecsv
# %ECSV 0.9
# ---
# datatype:
# - {name: wavelength, unit: Angstrom, datatype: float32}
# - {name: response, datatype: float32}
# meta: !!omap
# - {band_name: cfh5327}
# - {group_name: CFHT}
wavelength response
20988.00000 0.0
23320.00000 0.00417
23340.00000 0.0047
23360.00000 0.00487
23380.00000 0.00508
23400.00000 0.00522
23420.00000 0.00572
23440.00000 0.00653
23460.00000 0.00729
23480.00000 0.0083
23500.00000 0.00929
23520.00000 0.01015
23540.00000 0.01099
23560.00000 0.01237
23580.00000 0.01361
23600.00000 0.01495
23620.00000 0.01695
23640.00000 0.019
23660.00000 0.02121
23680.00000 0.02403
23700.00000 0.02693
23720.00000 0.03059
23740.00000 0.03506
23760.00000 0.04002
23780.00000 0.04587
23800.00000 0.05228
23820.00000 0.05956
23840.00000 0.0683
23860.00000 0.07855
23880.00000 0.09024
23900.00000 0.10352
23920.00000 0.11868
23940.00000 0.136
23960.00000 0.15561
23980.00000 0.17781
24000.00000 0.20236
24020.00000 0.22893
24040.00000 0.2581
24060.00000 0.28963
24080.00000 0.32353
24100.00000 0.35986
24120.00000 0.39772
24140.00000 0.43617
24160.00000 0.47491
24180.00000 0.5139
24200.00000 0.55196
24220.00000 0.58852
24240.00000 0.62251
24260.00000 0.65392
24280.00000 0.68336
24300.00000 0.70946
24320.00000 0.73186
24340.00000 0.75188
24360.00000 0.77034
24380.00000 0.78577
24400.00000 0.79814
24420.00000 0.80872
24440.00000 0.8172
24460.00000 0.82436
24480.00000 0.83051
24500.00000 0.8353
24520.00000 0.83891
24540.00000 0.84125
24560.00000 0.84364
24580.00000 0.84521
24600.00000 0.8461
24620.00000 0.84717
24640.00000 0.84833
24660.00000 0.85049
24680.00000 0.85226
24700.00000 0.85355
24720.00000 0.85571
24740.00000 0.85875
24760.00000 0.86072
24780.00000 0.86127
24800.00000 0.86113
24820.00000 0.85974
24840.00000 0.85484
24860.00000 0.84503
24880.00000 0.83247
24900.00000 0.81506
24920.00000 0.78995
24940.00000 0.75923
24960.00000 0.72249
24980.00000 0.67892
25000.00000 0.63028
25020.00000 0.57904
25040.00000 0.52541
25060.00000 0.47037
25080.00000 0.41754
25100.00000 0.36852
25120.00000 0.32339
25140.00000 0.28282
25160.00000 0.24664
25180.00000 0.21422
25200.00000 0.18556
25220.00000 0.16135
25240.00000 0.1404
25260.00000 0.12199
25280.00000 0.10649
25300.00000 0.0934
25320.00000 0.08173
25340.00000 0.07162
25360.00000 0.0634
25380.00000 0.05592
25400.00000 0.04967
25420.00000 0.04427
25440.00000 0.03894
25460.00000 0.03491
25480.00000 0.03134
25500.00000 0.0274
25520.00000 0.02464
25540.00000 0.02257
25560.00000 0.02063
25580.00000 0.01834
25600.00000 0.01611
25620.00000 0.01392
25640.00000 0.01285
25660.00000 0.01286
25680.00000 0.01193
25700.00000 0.01077
25720.00000 0.0107
25740.00000 0.0099
25760.00000 0.00835
25780.00000 0.0079
25800.00000 0.00783
25820.00000 0.00717
25840.00000 0.00464
25860.00000 0.00465
25880.00000 0.00513
28468.00000 0.0
