threeML/data/optical_filters/CFHT/CFHT-cfh5501.ecsv
# %ECSV 0.9
# ---
# datatype:
# - {name: wavelength, unit: Angstrom, datatype: float32}
# - {name: response, datatype: float32}
# meta: !!omap
# - {band_name: cfh5501}
# - {group_name: CFHT}
wavelength response
26514.00000 0.0
29460.00000 0.00464
29480.00000 0.00407
29500.00000 0.00528
29520.00000 0.006
29540.00000 0.00395
29560.00000 0.00426
29580.00000 0.00592
29600.00000 0.00601
29620.00000 0.00708
29640.00000 0.00836
29660.00000 0.00798
29680.00000 0.00804
29700.00000 0.00774
29720.00000 0.00781
29740.00000 0.00977
29760.00000 0.01234
29780.00000 0.01624
29800.00000 0.01515
29820.00000 0.01404
29840.00000 0.01826
29860.00000 0.01981
29880.00000 0.02109
29900.00000 0.0239
29920.00000 0.02734
29940.00000 0.03026
29960.00000 0.03528
29980.00000 0.03922
30000.00000 0.04155
30020.00000 0.04752
30040.00000 0.0546
30060.00000 0.06236
30080.00000 0.0713
30100.00000 0.08177
30120.00000 0.09369
30140.00000 0.10742
30160.00000 0.1236
30180.00000 0.14214
30200.00000 0.16403
30220.00000 0.18852
30240.00000 0.21625
30260.00000 0.2471
30280.00000 0.27997
30300.00000 0.31654
30320.00000 0.35562
30340.00000 0.39636
30360.00000 0.43858
30380.00000 0.48132
30400.00000 0.52393
30420.00000 0.56448
30440.00000 0.60289
30460.00000 0.6394
30480.00000 0.67181
30500.00000 0.7
30520.00000 0.72719
30540.00000 0.75069
30560.00000 0.76801
30580.00000 0.78273
30600.00000 0.79575
30620.00000 0.80487
30640.00000 0.81068
30660.00000 0.81624
30680.00000 0.82124
30700.00000 0.82301
30720.00000 0.82391
30740.00000 0.82518
30760.00000 0.82465
30780.00000 0.82256
30800.00000 0.81772
30820.00000 0.81444
30840.00000 0.81133
30860.00000 0.80797
30880.00000 0.80559
30900.00000 0.80188
30920.00000 0.79887
30940.00000 0.79573
30960.00000 0.79509
30980.00000 0.79417
31000.00000 0.79146
31020.00000 0.79262
31040.00000 0.79797
31060.00000 0.80347
31080.00000 0.80899
31100.00000 0.81377
31120.00000 0.82007
31140.00000 0.82904
31160.00000 0.8333
31180.00000 0.83847
31200.00000 0.84142
31220.00000 0.83723
31240.00000 0.82843
31260.00000 0.81497
31280.00000 0.79596
31300.00000 0.76497
31320.00000 0.72171
31340.00000 0.67346
31360.00000 0.6223
31380.00000 0.56483
31400.00000 0.50356
31420.00000 0.44138
31440.00000 0.38528
31460.00000 0.3367
31480.00000 0.29131
31500.00000 0.24654
31520.00000 0.21002
31540.00000 0.18277
31560.00000 0.15469
31580.00000 0.13156
31600.00000 0.1145
31620.00000 0.09612
31640.00000 0.08301
31660.00000 0.0762
31680.00000 0.06282
31700.00000 0.05309
31720.00000 0.05194
31740.00000 0.04724
31760.00000 0.03912
31780.00000 0.03572
31800.00000 0.03471
31820.00000 0.03183
31840.00000 0.02896
31860.00000 0.02672
31880.00000 0.02196
31900.00000 0.01566
31920.00000 0.01541
31940.00000 0.01509
31960.00000 0.01343
31980.00000 0.0125
32000.00000 0.01141
35200.00000 0.0
