threeML/data/optical_filters/CFHT/CFHT-cfh6213.ecsv
# %ECSV 0.9
# ---
# datatype:
# - {name: wavelength, unit: Angstrom, datatype: float32}
# - {name: response, datatype: float32}
# meta: !!omap
# - {band_name: cfh6213}
# - {group_name: CFHT}
wavelength response
14962.50000 0.0
16625.00000 0.00407
16630.00000 0.00175
16635.00000 0.00114
16640.00000 0.00114
16645.00000 0.0
16650.00000 0.00116
16655.00000 0.00233
16660.00000 0.00293
16665.00000 0.00235
16670.00000 0.00175
16675.00000 0.00116
16680.00000 0.00473
16685.00000 0.00417
16690.00000 0.0
16695.00000 0.00119
16700.00000 0.0006
16705.00000 0.0
16710.00000 0.00119
16715.00000 0.0018
16720.00000 0.0024
16725.00000 0.0006
16730.00000 0.0018
16735.00000 0.00121
16740.00000 0.00302
16745.00000 0.00302
16750.00000 0.00119
16755.00000 0.00182
16760.00000 0.00365
16765.00000 0.00609
16770.00000 0.00243
16775.00000 0.00244
16780.00000 0.00366
16785.00000 0.00305
16790.00000 0.00426
16795.00000 0.00488
16800.00000 0.00305
16805.00000 0.00369
16810.00000 0.00308
16815.00000 0.00246
16820.00000 0.00308
16825.00000 0.00496
16830.00000 0.00372
16835.00000 0.00247
16840.00000 0.00621
16845.00000 0.00557
16850.00000 0.00868
16855.00000 0.00745
16860.00000 0.01183
16865.00000 0.01184
16870.00000 0.01439
16875.00000 0.01756
16880.00000 0.022
16885.00000 0.02455
16890.00000 0.03531
16895.00000 0.04172
16900.00000 0.05391
16905.00000 0.06479
16910.00000 0.09167
16915.00000 0.10884
16920.00000 0.14722
16925.00000 0.17958
16930.00000 0.24228
16935.00000 0.2894
16940.00000 0.36414
16945.00000 0.41876
16950.00000 0.48824
16955.00000 0.52942
16960.00000 0.57971
16965.00000 0.60384
16970.00000 0.63214
16975.00000 0.64577
16980.00000 0.66464
16985.00000 0.67389
16990.00000 0.6777
16995.00000 0.68834
17000.00000 0.69141
17005.00000 0.69576
17010.00000 0.70026
17015.00000 0.69832
17020.00000 0.69398
17025.00000 0.69388
17030.00000 0.68497
17035.00000 0.67844
17040.00000 0.66689
17045.00000 0.65625
17050.00000 0.63269
17055.00000 0.6147
17060.00000 0.5799
17065.00000 0.54596
17070.00000 0.48488
17075.00000 0.43547
17080.00000 0.36015
17085.00000 0.311
17090.00000 0.242
17095.00000 0.20297
17100.00000 0.15273
17105.00000 0.12541
17110.00000 0.09399
17115.00000 0.07533
17120.00000 0.05524
17125.00000 0.04797
17130.00000 0.03699
17135.00000 0.03041
17140.00000 0.02075
17145.00000 0.01883
17150.00000 0.01625
17155.00000 0.01497
17160.00000 0.00978
17165.00000 0.01041
17170.00000 0.0065
17175.00000 0.00977
17180.00000 0.00586
17185.00000 0.00522
17190.00000 0.00587
17195.00000 0.00652
17200.00000 0.00453
18920.00000 0.0
