threeML/data/optical_filters/CFHT/CFHT-cfh1901.ecsv
# %ECSV 0.9
# ---
# datatype:
# - {name: wavelength, unit: Angstrom, datatype: float32}
# - {name: response, datatype: float32}
# meta: !!omap
# - {band_name: cfh1901}
# - {group_name: CFHT}
wavelength response
7650.00000 0.0
8500.00000 0.00447
8520.00000 0.00537
8540.00000 0.00587
8560.00000 0.00635
8580.00000 0.0069
8600.00000 0.00777
8620.00000 0.00905
8640.00000 0.00999
8660.00000 0.01077
8680.00000 0.01253
8700.00000 0.01497
8720.00000 0.01743
8740.00000 0.0199
8760.00000 0.02272
8780.00000 0.0266
8800.00000 0.03139
8820.00000 0.037
8840.00000 0.04401
8860.00000 0.05269
8880.00000 0.06375
8900.00000 0.07759
8920.00000 0.09476
8940.00000 0.11705
8960.00000 0.14543
8980.00000 0.17952
9000.00000 0.22534
9020.00000 0.28294
9040.00000 0.34717
9060.00000 0.41835
9080.00000 0.49118
9100.00000 0.55783
9120.00000 0.60934
9140.00000 0.64072
9160.00000 0.65298
9180.00000 0.6494
9200.00000 0.63551
9220.00000 0.61664
9240.00000 0.59662
9260.00000 0.57796
9280.00000 0.56255
9300.00000 0.55031
9320.00000 0.54123
9340.00000 0.53615
9360.00000 0.53432
9380.00000 0.53537
9400.00000 0.53888
9420.00000 0.54453
9440.00000 0.55193
9460.00000 0.56047
9480.00000 0.56966
9500.00000 0.57837
9520.00000 0.58612
9540.00000 0.59267
9560.00000 0.59761
9580.00000 0.60011
9600.00000 0.59966
9620.00000 0.59618
9640.00000 0.59035
9660.00000 0.58249
9680.00000 0.5724
9700.00000 0.56096
9720.00000 0.54912
9740.00000 0.53653
9760.00000 0.52357
9780.00000 0.51111
9800.00000 0.49898
9820.00000 0.4877
9840.00000 0.47713
9860.00000 0.46634
9880.00000 0.45547
9900.00000 0.44398
9920.00000 0.43132
9940.00000 0.41731
9960.00000 0.40083
9980.00000 0.38152
10000.00000 0.3591
10020.00000 0.33351
10040.00000 0.30573
10060.00000 0.27661
10080.00000 0.24673
10100.00000 0.21721
10120.00000 0.18896
10140.00000 0.16275
10160.00000 0.13948
10180.00000 0.11877
10200.00000 0.10065
10220.00000 0.08557
10240.00000 0.07271
10260.00000 0.06163
10280.00000 0.05244
10300.00000 0.0448
10320.00000 0.03835
10340.00000 0.03304
10360.00000 0.02855
10380.00000 0.02472
10400.00000 0.02151
10420.00000 0.01866
10440.00000 0.01627
10460.00000 0.01448
10480.00000 0.01285
10500.00000 0.01125
10520.00000 0.00993
10540.00000 0.00891
10560.00000 0.00806
10580.00000 0.0072
10600.00000 0.00648
10620.00000 0.00591
10640.00000 0.00536
10660.00000 0.00479
10680.00000 0.00436
10700.00000 0.00409
11770.00000 0.0
