threeML/data/optical_filters/CFHT/CFHT-cfh5210.ecsv
# %ECSV 0.9
# ---
# datatype:
# - {name: wavelength, unit: Angstrom, datatype: float32}
# - {name: response, datatype: float32}
# meta: !!omap
# - {band_name: cfh5210}
# - {group_name: CFHT}
wavelength response
13122.00000 0.0
14580.00000 0.00446
14600.00000 0.00526
14620.00000 0.00639
14640.00000 0.00786
14660.00000 0.0098
14680.00000 0.01225
14700.00000 0.01566
14720.00000 0.02016
14740.00000 0.02596
14760.00000 0.03362
14780.00000 0.04352
14800.00000 0.05618
14820.00000 0.07175
14840.00000 0.09035
14860.00000 0.11234
14880.00000 0.13756
14900.00000 0.16583
14920.00000 0.19719
14940.00000 0.23193
14960.00000 0.26985
14980.00000 0.31104
15000.00000 0.35617
15020.00000 0.40518
15040.00000 0.45732
15060.00000 0.51208
15080.00000 0.56816
15100.00000 0.6227
15120.00000 0.6734
15140.00000 0.71918
15160.00000 0.75853
15180.00000 0.79018
15200.00000 0.81451
15220.00000 0.8327
15240.00000 0.84586
15260.00000 0.85498
15280.00000 0.86122
15300.00000 0.86534
15320.00000 0.86787
15340.00000 0.86922
15360.00000 0.86948
15380.00000 0.86871
15400.00000 0.86707
15420.00000 0.86461
15440.00000 0.86136
15460.00000 0.85745
15480.00000 0.8532
15500.00000 0.84888
15520.00000 0.84465
15540.00000 0.84085
15560.00000 0.83766
15580.00000 0.83508
15600.00000 0.8333
15620.00000 0.83252
15640.00000 0.83275
15660.00000 0.83376
15680.00000 0.83527
15700.00000 0.83734
15720.00000 0.83994
15740.00000 0.84311
15760.00000 0.84654
15780.00000 0.84981
15800.00000 0.85292
15820.00000 0.85591
15840.00000 0.85887
15860.00000 0.86154
15880.00000 0.86388
15900.00000 0.86606
15920.00000 0.86804
15940.00000 0.86966
15960.00000 0.87111
15980.00000 0.87245
16000.00000 0.87379
16020.00000 0.87503
16040.00000 0.87616
16060.00000 0.87711
16080.00000 0.87772
16100.00000 0.87845
16120.00000 0.87918
16140.00000 0.87976
16160.00000 0.88011
16180.00000 0.88034
16200.00000 0.88048
16220.00000 0.88036
16240.00000 0.88013
16260.00000 0.87958
16280.00000 0.87903
16300.00000 0.87846
16320.00000 0.87791
16340.00000 0.87738
16360.00000 0.87669
16380.00000 0.87621
16400.00000 0.8757
16420.00000 0.87505
16440.00000 0.87442
16460.00000 0.87396
16480.00000 0.87337
16500.00000 0.8726
16520.00000 0.87177
16540.00000 0.87094
16560.00000 0.87004
16580.00000 0.86919
16600.00000 0.86815
16620.00000 0.867
16640.00000 0.866
16660.00000 0.86476
16680.00000 0.8633
16700.00000 0.86176
16720.00000 0.86034
16740.00000 0.8589
16760.00000 0.85741
16780.00000 0.85599
16800.00000 0.85466
16820.00000 0.85318
16840.00000 0.85165
16860.00000 0.85034
16880.00000 0.84888
16900.00000 0.84743
16920.00000 0.84636
16940.00000 0.84525
16960.00000 0.84457
16980.00000 0.84396
17000.00000 0.84325
17020.00000 0.84311
17040.00000 0.84337
17060.00000 0.8439
17080.00000 0.84441
17100.00000 0.84531
17120.00000 0.84695
17140.00000 0.84862
17160.00000 0.84993
17180.00000 0.85106
17200.00000 0.85252
17220.00000 0.85403
17240.00000 0.85501
17260.00000 0.85548
17280.00000 0.8555
17300.00000 0.85501
17320.00000 0.854
17340.00000 0.85243
17360.00000 0.85066
17380.00000 0.8484
17400.00000 0.84569
17420.00000 0.84303
17440.00000 0.84064
17460.00000 0.83879
17480.00000 0.83716
17500.00000 0.83574
17520.00000 0.83501
17540.00000 0.83475
17560.00000 0.8349
17580.00000 0.83562
17600.00000 0.83633
17620.00000 0.83696
17640.00000 0.8371
17660.00000 0.83606
17680.00000 0.83368
17700.00000 0.82942
17720.00000 0.8228
17740.00000 0.81337
17760.00000 0.79965
17780.00000 0.78021
17800.00000 0.75409
17820.00000 0.72034
17840.00000 0.67737
17860.00000 0.6246
17880.00000 0.56259
17900.00000 0.49425
17920.00000 0.42357
17940.00000 0.35338
17960.00000 0.28714
17980.00000 0.22781
18000.00000 0.17801
18020.00000 0.13759
18040.00000 0.10541
18060.00000 0.08054
18080.00000 0.06155
18100.00000 0.04744
18120.00000 0.03629
18140.00000 0.02786
18160.00000 0.02158
18180.00000 0.0166
18200.00000 0.01321
18220.00000 0.01048
18240.00000 0.00822
18260.00000 0.00661
18280.00000 0.00552
18300.00000 0.00453
20130.00000 0.0
