threeML/data/optical_filters/CFHT/CFHT-cfh5326.ecsv
# %ECSV 0.9
# ---
# datatype:
# - {name: wavelength, unit: Angstrom, datatype: float32}
# - {name: response, datatype: float32}
# meta: !!omap
# - {band_name: cfh5326}
# - {group_name: CFHT}
wavelength response
20196.00000 0.0
22440.00000 0.0047
22460.00000 0.00516
22480.00000 0.00552
22500.00000 0.00671
22520.00000 0.00769
22540.00000 0.00894
22560.00000 0.01079
22580.00000 0.0134
22600.00000 0.01675
22620.00000 0.02032
22640.00000 0.02562
22660.00000 0.03287
22680.00000 0.04218
22700.00000 0.05435
22720.00000 0.06969
22740.00000 0.08864
22760.00000 0.11182
22780.00000 0.13992
22800.00000 0.17261
22820.00000 0.20845
22840.00000 0.24635
22860.00000 0.28583
22880.00000 0.3266
22900.00000 0.3679
22920.00000 0.40929
22940.00000 0.45146
22960.00000 0.49585
22980.00000 0.54376
23000.00000 0.59473
23020.00000 0.64709
23040.00000 0.69901
23060.00000 0.74818
23080.00000 0.79149
23100.00000 0.82596
23120.00000 0.84962
23140.00000 0.86151
23160.00000 0.86319
23180.00000 0.85637
23200.00000 0.84358
23220.00000 0.82784
23240.00000 0.81087
23260.00000 0.79472
23280.00000 0.78079
23300.00000 0.76962
23320.00000 0.76144
23340.00000 0.7565
23360.00000 0.75505
23380.00000 0.75647
23400.00000 0.76114
23420.00000 0.76822
23440.00000 0.77682
23460.00000 0.78719
23480.00000 0.79889
23500.00000 0.81085
23520.00000 0.82161
23540.00000 0.83119
23560.00000 0.84033
23580.00000 0.84872
23600.00000 0.85541
23620.00000 0.86075
23640.00000 0.8649
23660.00000 0.868
23680.00000 0.86964
23700.00000 0.86931
23720.00000 0.86604
23740.00000 0.85861
23760.00000 0.84364
23780.00000 0.8203
23800.00000 0.78835
23820.00000 0.74487
23840.00000 0.6916
23860.00000 0.63049
23880.00000 0.56367
23900.00000 0.49515
23920.00000 0.42798
23940.00000 0.36568
23960.00000 0.31029
23980.00000 0.26187
24000.00000 0.22043
24020.00000 0.18506
24040.00000 0.15572
24060.00000 0.13179
24080.00000 0.11163
24100.00000 0.09465
24120.00000 0.08041
24140.00000 0.06868
24160.00000 0.05919
24180.00000 0.05069
24200.00000 0.04338
24220.00000 0.03758
24240.00000 0.03276
24260.00000 0.02859
24280.00000 0.0251
24300.00000 0.0222
24320.00000 0.01993
24340.00000 0.01759
24360.00000 0.01532
24380.00000 0.01378
24400.00000 0.01227
24420.00000 0.01111
24440.00000 0.00977
24460.00000 0.00865
24480.00000 0.00787
24500.00000 0.00722
24520.00000 0.00656
24540.00000 0.00603
24560.00000 0.0056
24580.00000 0.00522
24600.00000 0.00517
24620.00000 0.00491
24640.00000 0.00436
27104.00000 0.0
