threeML/data/optical_filters/CFHT/CFHT-cfh8001.ecsv
# %ECSV 0.9
# ---
# datatype:
# - {name: wavelength, unit: Angstrom, datatype: float32}
# - {name: response, datatype: float32}
# meta: !!omap
# - {band_name: cfh8001}
# - {group_name: CFHT}
wavelength response
8182.79980 0.0
9092.00000 0.02414
9094.00000 0.02455
9096.00000 0.0249
9098.00000 0.02519
9100.00000 0.02536
9102.00000 0.02562
9104.00000 0.02583
9106.00000 0.02634
9108.00000 0.02678
9110.00000 0.02747
9112.00000 0.02797
9114.00000 0.02831
9116.00000 0.02881
9118.00000 0.02924
9120.00000 0.02939
9122.00000 0.02971
9124.00000 0.02997
9126.00000 0.03017
9128.00000 0.03047
9130.00000 0.03073
9132.00000 0.03125
9134.00000 0.03149
9136.00000 0.03185
9138.00000 0.03214
9140.00000 0.03249
9142.00000 0.03271
9144.00000 0.03317
9146.00000 0.03374
9148.00000 0.03412
9150.00000 0.03445
9152.00000 0.03513
9154.00000 0.03551
9156.00000 0.03589
9158.00000 0.03648
9160.00000 0.03717
9162.00000 0.03792
9164.00000 0.03841
9166.00000 0.03888
9168.00000 0.03935
9170.00000 0.04004
9172.00000 0.0406
9174.00000 0.04123
9176.00000 0.0417
9178.00000 0.0421
9180.00000 0.04292
9182.00000 0.04375
9184.00000 0.04425
9186.00000 0.04497
9188.00000 0.04593
9190.00000 0.04659
9192.00000 0.04697
9194.00000 0.0475
9196.00000 0.04803
9198.00000 0.04881
9200.00000 0.0497
9202.00000 0.05042
9204.00000 0.05119
9206.00000 0.0519
9208.00000 0.05261
9210.00000 0.05336
9212.00000 0.054
9214.00000 0.05473
9216.00000 0.05551
9218.00000 0.05634
9220.00000 0.05714
9222.00000 0.05797
9224.00000 0.05888
9226.00000 0.05978
9228.00000 0.06079
9230.00000 0.06166
9232.00000 0.06255
9234.00000 0.06325
9236.00000 0.06429
9238.00000 0.06535
9240.00000 0.06635
9242.00000 0.06746
9244.00000 0.06839
9246.00000 0.0695
9248.00000 0.07047
9250.00000 0.0714
9252.00000 0.07253
9254.00000 0.07368
9256.00000 0.07494
9258.00000 0.07616
9260.00000 0.07742
9262.00000 0.07858
9264.00000 0.07971
9266.00000 0.08119
9268.00000 0.08247
9270.00000 0.08366
9272.00000 0.08498
9274.00000 0.08641
9276.00000 0.08774
9278.00000 0.08905
9280.00000 0.09068
9282.00000 0.0923
9284.00000 0.09369
9286.00000 0.09521
9288.00000 0.09668
9290.00000 0.09814
9292.00000 0.09962
9294.00000 0.10144
9296.00000 0.1032
9298.00000 0.10471
9300.00000 0.10651
9302.00000 0.10843
9304.00000 0.11041
9306.00000 0.11237
9308.00000 0.11435
9310.00000 0.11636
9312.00000 0.11832
9314.00000 0.12041
9316.00000 0.12239
9318.00000 0.12451
9320.00000 0.12674
9322.00000 0.12897
9324.00000 0.13132
9326.00000 0.1335
9328.00000 0.13588
9330.00000 0.1384
9332.00000 0.14075
9334.00000 0.14313
9336.00000 0.14561
9338.00000 0.14801
9340.00000 0.15067
9342.00000 0.15314
9344.00000 0.15569
9346.00000 0.15845
9348.00000 0.16135
9350.00000 0.16412
9352.00000 0.16687
9354.00000 0.1696
9356.00000 0.17244
9358.00000 0.17542
9360.00000 0.17842
9362.00000 0.18156
9364.00000 0.1846
9366.00000 0.18781
9368.00000 0.19095
9370.00000 0.19418
9372.00000 0.19731
9374.00000 0.20067
9376.00000 0.20419
9378.00000 0.20763
9380.00000 0.21109
9382.00000 0.21451
9384.00000 0.21803
9386.00000 0.22191
9388.00000 0.22568
9390.00000 0.22946
9392.00000 0.2332
9394.00000 0.23694
9396.00000 0.24075
9398.00000 0.24449
9400.00000 0.24838
9402.00000 0.25237
9404.00000 0.2565
9406.00000 0.26053
9408.00000 0.26474
9410.00000 0.2688
9412.00000 0.27292
9414.00000 0.27727
9416.00000 0.28151
9418.00000 0.28577
9420.00000 0.29013
9422.00000 0.29456
9424.00000 0.2989
9426.00000 0.30325
9428.00000 0.30782
9430.00000 0.31233
9432.00000 0.31694
9434.00000 0.32146
9436.00000 0.32623
9438.00000 0.33099
9440.00000 0.33556
9442.00000 0.34024
9444.00000 0.34488
9446.00000 0.34949
9448.00000 0.35435
9450.00000 0.35919
9452.00000 0.36391
9454.00000 0.36868
9456.00000 0.37355
9458.00000 0.37842
9460.00000 0.38332
9462.00000 0.38814
9464.00000 0.3931
9466.00000 0.39798
9468.00000 0.40269
9470.00000 0.40762
9472.00000 0.41258
9474.00000 0.41751
9476.00000 0.42249
9478.00000 0.4274
9480.00000 0.4323
9482.00000 0.43715
9484.00000 0.44205
9486.00000 0.44685
9488.00000 0.45172
9490.00000 0.45674
9492.00000 0.46162
9494.00000 0.46675
9496.00000 0.4716
9498.00000 0.4765
9500.00000 0.48137
9502.00000 0.48619
9504.00000 0.49095
9506.00000 0.49553
9508.00000 0.50032
9510.00000 0.50507
9512.00000 0.50977
9514.00000 0.51437
9516.00000 0.51901
9518.00000 0.52373
9520.00000 0.52843
9522.00000 0.53297
9524.00000 0.53741
9526.00000 0.54172
9528.00000 0.54619
9530.00000 0.55067
9532.00000 0.55519
9534.00000 0.55965
9536.00000 0.5639
9538.00000 0.56865
9540.00000 0.5733
9542.00000 0.57785
9544.00000 0.58229
9546.00000 0.58685
9548.00000 0.59122
9550.00000 0.59554
9552.00000 0.59984
9554.00000 0.60414
9556.00000 0.60832
9558.00000 0.61258
9560.00000 0.61662
9562.00000 0.62056
9564.00000 0.6244
9566.00000 0.62834
9568.00000 0.63216
9570.00000 0.63562
9572.00000 0.63898
9574.00000 0.64243
9576.00000 0.64577
9578.00000 0.64905
9580.00000 0.65231
9582.00000 0.65549
9584.00000 0.65849
9586.00000 0.66127
9588.00000 0.66412
9590.00000 0.66692
9592.00000 0.66957
9594.00000 0.67238
9596.00000 0.67516
9598.00000 0.67761
9600.00000 0.68019
9602.00000 0.68262
9604.00000 0.68512
9606.00000 0.68739
9608.00000 0.68959
9610.00000 0.69174
9612.00000 0.69382
9614.00000 0.696
9616.00000 0.69798
9618.00000 0.70013
9620.00000 0.70216
9622.00000 0.70384
9624.00000 0.70569
9626.00000 0.70732
9628.00000 0.70877
9630.00000 0.71036
9632.00000 0.71184
9634.00000 0.71329
9636.00000 0.71443
9638.00000 0.71579
9640.00000 0.71718
9642.00000 0.71844
9644.00000 0.71956
9646.00000 0.72058
9648.00000 0.72173
9650.00000 0.72264
9652.00000 0.72359
9654.00000 0.72481
9656.00000 0.72577
9658.00000 0.72655
9660.00000 0.72746
9662.00000 0.72823
9664.00000 0.729
9666.00000 0.72972
9668.00000 0.73053
9670.00000 0.73114
9672.00000 0.73175
9674.00000 0.73228
9676.00000 0.73296
9678.00000 0.73346
9680.00000 0.73395
9682.00000 0.73448
9684.00000 0.73483
9686.00000 0.73524
9688.00000 0.73557
9690.00000 0.73592
9692.00000 0.73611
9694.00000 0.73624
9696.00000 0.73653
9698.00000 0.73672
9700.00000 0.73676
9702.00000 0.73685
9704.00000 0.73688
9706.00000 0.73686
9708.00000 0.7368
9710.00000 0.73685
9712.00000 0.73674
9714.00000 0.73668
9716.00000 0.73668
9718.00000 0.73651
9720.00000 0.73662
9722.00000 0.73665
9724.00000 0.73668
9726.00000 0.73682
9728.00000 0.73683
9730.00000 0.73708
9732.00000 0.73724
9734.00000 0.73734
9736.00000 0.73738
9738.00000 0.73752
9740.00000 0.73769
9742.00000 0.73772
9744.00000 0.73781
9746.00000 0.73776
9748.00000 0.73784
9750.00000 0.73782
9752.00000 0.73772
9754.00000 0.73772
9756.00000 0.73782
9758.00000 0.73804
9760.00000 0.73799
9762.00000 0.73787
9764.00000 0.73788
9766.00000 0.73798
9768.00000 0.73805
9770.00000 0.73798
9772.00000 0.73798
9774.00000 0.73796
9776.00000 0.73804
9778.00000 0.73811
9780.00000 0.73813
9782.00000 0.73819
9784.00000 0.73817
9786.00000 0.73822
9788.00000 0.73828
9790.00000 0.73814
9792.00000 0.73819
9794.00000 0.73816
9796.00000 0.73814
9798.00000 0.73819
9800.00000 0.73834
9802.00000 0.73851
9804.00000 0.73846
9806.00000 0.73849
9808.00000 0.73859
9810.00000 0.73868
9812.00000 0.73882
9814.00000 0.73897
9816.00000 0.73924
9818.00000 0.73929
9820.00000 0.73941
9822.00000 0.73962
9824.00000 0.73973
9826.00000 0.73988
9828.00000 0.73994
9830.00000 0.74011
9832.00000 0.74004
9834.00000 0.73999
9836.00000 0.74016
9838.00000 0.74045
9840.00000 0.7404
9842.00000 0.74046
9844.00000 0.74043
9846.00000 0.7404
9848.00000 0.74026
9850.00000 0.74031
9852.00000 0.74023
9854.00000 0.73996
9856.00000 0.73982
9858.00000 0.73972
9860.00000 0.73965
9862.00000 0.73936
9864.00000 0.73927
9866.00000 0.73917
9868.00000 0.73886
9870.00000 0.73857
9872.00000 0.73834
9874.00000 0.7382
9876.00000 0.73807
9878.00000 0.73784
9880.00000 0.73763
9882.00000 0.73738
9884.00000 0.73723
9886.00000 0.73709
9888.00000 0.73697
9890.00000 0.73672
9892.00000 0.73656
9894.00000 0.73651
9896.00000 0.7363
9898.00000 0.73615
9900.00000 0.73596
9902.00000 0.73569
9904.00000 0.73552
9906.00000 0.73521
9908.00000 0.73495
9910.00000 0.73474
9912.00000 0.73459
9914.00000 0.73431
9916.00000 0.73409
9918.00000 0.73383
9920.00000 0.73354
9922.00000 0.73332
9924.00000 0.73303
9926.00000 0.7327
9928.00000 0.73253
9930.00000 0.7323
9932.00000 0.73219
9934.00000 0.73207
9936.00000 0.73199
9938.00000 0.73199
9940.00000 0.73195
9942.00000 0.7319
9944.00000 0.73177
9946.00000 0.73174
9948.00000 0.7316
9950.00000 0.73149
9952.00000 0.73145
9954.00000 0.73143
9956.00000 0.73143
9958.00000 0.73145
9960.00000 0.73137
9962.00000 0.73129
9964.00000 0.73123
9966.00000 0.73123
9968.00000 0.73116
9970.00000 0.73109
9972.00000 0.73103
9974.00000 0.73099
9976.00000 0.73102
9978.00000 0.73116
9980.00000 0.73119
9982.00000 0.73145
9984.00000 0.73157
9986.00000 0.73166
9988.00000 0.7317
9990.00000 0.73186
9992.00000 0.73196
9994.00000 0.73213
9996.00000 0.73232
9998.00000 0.73248
10000.00000 0.73268
10002.00000 0.73277
10004.00000 0.73296
10006.00000 0.73315
10008.00000 0.73331
10010.00000 0.73352
10012.00000 0.7337
10014.00000 0.73392
10016.00000 0.73421
10018.00000 0.73442
10020.00000 0.7347
10022.00000 0.73488
10024.00000 0.73511
10026.00000 0.73537
10028.00000 0.73564
10030.00000 0.73581
10032.00000 0.73607
10034.00000 0.73634
10036.00000 0.73656
10038.00000 0.73683
10040.00000 0.73712
10042.00000 0.73729
10044.00000 0.73756
10046.00000 0.73778
10048.00000 0.73792
10050.00000 0.73807
10052.00000 0.73834
10054.00000 0.73853
10056.00000 0.7388
10058.00000 0.73898
10060.00000 0.73907
10062.00000 0.73933
10064.00000 0.73943
10066.00000 0.73956
10068.00000 0.73976
10070.00000 0.73982
10072.00000 0.73997
10074.00000 0.74001
10076.00000 0.74013
10078.00000 0.74016
10080.00000 0.7403
10082.00000 0.74045
10084.00000 0.74049
10086.00000 0.74055
10088.00000 0.74054
10090.00000 0.74057
10092.00000 0.74065
10094.00000 0.74062
10096.00000 0.74069
10098.00000 0.74072
10100.00000 0.74055
10102.00000 0.74059
10104.00000 0.74054
10106.00000 0.74059
10108.00000 0.74051
10110.00000 0.74052
10112.00000 0.74043
10114.00000 0.74033
10116.00000 0.74025
10118.00000 0.7401
10120.00000 0.73997
10122.00000 0.73988
10124.00000 0.73978
10126.00000 0.73961
10128.00000 0.73949
10130.00000 0.73935
10132.00000 0.73938
10134.00000 0.73914
10136.00000 0.73903
10138.00000 0.73888
10140.00000 0.73868
10142.00000 0.73839
10144.00000 0.73814
10146.00000 0.73795
10148.00000 0.73773
10150.00000 0.73761
10152.00000 0.73752
10154.00000 0.73734
10156.00000 0.73724
10158.00000 0.73715
10160.00000 0.73703
10162.00000 0.73688
10164.00000 0.73686
10166.00000 0.73695
10168.00000 0.73691
10170.00000 0.73689
10172.00000 0.73682
10174.00000 0.73692
10176.00000 0.73698
10178.00000 0.73718
10180.00000 0.73724
10182.00000 0.73743
10184.00000 0.73752
10186.00000 0.73775
10188.00000 0.73784
10190.00000 0.73798
10192.00000 0.73807
10194.00000 0.73822
10196.00000 0.73833
10198.00000 0.73839
10200.00000 0.73854
10202.00000 0.73868
10204.00000 0.73903
10206.00000 0.73929
10208.00000 0.73956
10210.00000 0.73981
10212.00000 0.74005
10214.00000 0.74026
10216.00000 0.7406
10218.00000 0.74092
10220.00000 0.74121
10222.00000 0.74162
10224.00000 0.74205
10226.00000 0.74251
10228.00000 0.74287
10230.00000 0.7433
10232.00000 0.74376
10234.00000 0.74426
10236.00000 0.74461
10238.00000 0.74495
10240.00000 0.7453
10242.00000 0.74551
10244.00000 0.74593
10246.00000 0.74625
10248.00000 0.74652
10250.00000 0.74669
10252.00000 0.74692
10254.00000 0.74699
10256.00000 0.74706
10258.00000 0.7471
10260.00000 0.7471
10262.00000 0.7471
10264.00000 0.74699
10266.00000 0.74681
10268.00000 0.74661
10270.00000 0.74644
10272.00000 0.74615
10274.00000 0.74585
10276.00000 0.74542
10278.00000 0.74492
10280.00000 0.74435
10282.00000 0.74376
10284.00000 0.74316
10286.00000 0.74251
10288.00000 0.74168
10290.00000 0.74077
10292.00000 0.73984
10294.00000 0.73866
10296.00000 0.73743
10298.00000 0.73615
10300.00000 0.73473
10302.00000 0.7332
10304.00000 0.73158
10306.00000 0.7298
10308.00000 0.72794
10310.00000 0.72601
10312.00000 0.72397
10314.00000 0.72183
10316.00000 0.71944
10318.00000 0.71701
10320.00000 0.71452
10322.00000 0.71201
10324.00000 0.70934
10326.00000 0.70671
10328.00000 0.70389
10330.00000 0.7009
10332.00000 0.69797
10334.00000 0.69482
10336.00000 0.69171
10338.00000 0.68854
10340.00000 0.68521
10342.00000 0.68179
10344.00000 0.67819
10346.00000 0.67458
10348.00000 0.67088
10350.00000 0.6671
10352.00000 0.66324
10354.00000 0.65921
10356.00000 0.65511
10358.00000 0.65089
10360.00000 0.64665
10362.00000 0.6423
10364.00000 0.63782
10366.00000 0.63327
10368.00000 0.62857
10370.00000 0.62378
10372.00000 0.61908
10374.00000 0.61424
10376.00000 0.60948
10378.00000 0.60452
10380.00000 0.59958
10382.00000 0.59457
10384.00000 0.58954
10386.00000 0.58447
10388.00000 0.57933
10390.00000 0.57422
10392.00000 0.56909
10394.00000 0.56407
10396.00000 0.55899
10398.00000 0.55388
10400.00000 0.54883
10402.00000 0.54375
10404.00000 0.53859
10406.00000 0.53354
10408.00000 0.52844
10410.00000 0.52341
10412.00000 0.51839
10414.00000 0.51334
10416.00000 0.50833
10418.00000 0.50331
10420.00000 0.49838
10422.00000 0.49338
10424.00000 0.4884
10426.00000 0.48341
10428.00000 0.47844
10430.00000 0.47356
10432.00000 0.46855
10434.00000 0.46365
10436.00000 0.45874
10438.00000 0.45386
10440.00000 0.44901
10442.00000 0.44423
10444.00000 0.43945
10446.00000 0.43471
10448.00000 0.43004
10450.00000 0.42537
10452.00000 0.42078
10454.00000 0.41624
10456.00000 0.41176
10458.00000 0.40729
10460.00000 0.40282
10462.00000 0.39848
10464.00000 0.3941
10466.00000 0.38983
10468.00000 0.38567
10470.00000 0.38155
10472.00000 0.37732
10474.00000 0.37321
10476.00000 0.36913
10478.00000 0.36507
10480.00000 0.36102
10482.00000 0.35709
10484.00000 0.35307
10486.00000 0.34926
10488.00000 0.34541
10490.00000 0.34164
10492.00000 0.33794
10494.00000 0.33423
10496.00000 0.33072
10498.00000 0.32718
10500.00000 0.32359
10502.00000 0.32001
10504.00000 0.31659
10506.00000 0.31313
10508.00000 0.30972
10510.00000 0.30644
10512.00000 0.3031
10514.00000 0.29977
10516.00000 0.29659
10518.00000 0.29332
10520.00000 0.29013
10522.00000 0.28696
10524.00000 0.28384
10526.00000 0.28072
10528.00000 0.27759
10530.00000 0.27451
10532.00000 0.27148
10534.00000 0.26854
10536.00000 0.26559
10538.00000 0.26265
10540.00000 0.25975
10542.00000 0.2569
10544.00000 0.25412
10546.00000 0.25142
10548.00000 0.24863
10550.00000 0.24588
10552.00000 0.24318
10554.00000 0.24049
10556.00000 0.23781
10558.00000 0.23523
10560.00000 0.23268
10562.00000 0.23016
10564.00000 0.22765
10566.00000 0.22517
10568.00000 0.22269
10570.00000 0.22025
10572.00000 0.21788
10574.00000 0.21544
10576.00000 0.21303
10578.00000 0.21062
10580.00000 0.20828
10582.00000 0.20601
10584.00000 0.20366
10586.00000 0.20134
10588.00000 0.19908
10590.00000 0.19682
10592.00000 0.19461
10594.00000 0.19237
10596.00000 0.19026
10598.00000 0.18806
10600.00000 0.18594
10602.00000 0.18385
10604.00000 0.18173
10606.00000 0.17966
10608.00000 0.17763
10610.00000 0.17567
10612.00000 0.17368
10614.00000 0.17169
10616.00000 0.16972
10618.00000 0.16789
10620.00000 0.16602
10622.00000 0.16417
10624.00000 0.16232
10626.00000 0.1606
10628.00000 0.15878
10630.00000 0.15697
10632.00000 0.15523
10634.00000 0.15353
10636.00000 0.15186
10638.00000 0.15022
10640.00000 0.14859
10642.00000 0.1469
10644.00000 0.14531
10646.00000 0.14366
10648.00000 0.14212
10650.00000 0.1405
10652.00000 0.13896
10654.00000 0.13741
10656.00000 0.13594
10658.00000 0.13438
10660.00000 0.1328
10662.00000 0.13135
10664.00000 0.12985
10666.00000 0.1284
10668.00000 0.12694
10670.00000 0.12549
10672.00000 0.1241
10674.00000 0.12271
10676.00000 0.12134
10678.00000 0.12009
10680.00000 0.11873
10682.00000 0.11746
10684.00000 0.11618
10686.00000 0.1149
10688.00000 0.11356
10690.00000 0.11227
10692.00000 0.11113
10694.00000 0.11
10696.00000 0.10886
10698.00000 0.10765
10700.00000 0.10657
10702.00000 0.10544
10704.00000 0.10431
10706.00000 0.10324
10708.00000 0.10219
10710.00000 0.10109
10712.00000 0.10007
10714.00000 0.09906
10716.00000 0.09808
10718.00000 0.09712
10720.00000 0.09619
10722.00000 0.09525
10724.00000 0.09425
10726.00000 0.09328
10728.00000 0.09235
10730.00000 0.09143
10732.00000 0.09048
10734.00000 0.08957
10736.00000 0.08867
10738.00000 0.0878
10740.00000 0.08698
10742.00000 0.08611
10744.00000 0.08522
10746.00000 0.08443
10748.00000 0.0836
10750.00000 0.08282
10752.00000 0.08205
10754.00000 0.08133
10756.00000 0.08061
10758.00000 0.07988
10760.00000 0.07913
10762.00000 0.07846
10764.00000 0.07776
10766.00000 0.0771
10768.00000 0.07648
10770.00000 0.07584
10772.00000 0.07512
10774.00000 0.07449
10776.00000 0.0739
10778.00000 0.07321
10780.00000 0.07259
10782.00000 0.07199
10784.00000 0.07135
10786.00000 0.07072
10788.00000 0.07013
10790.00000 0.06958
10792.00000 0.06905
10794.00000 0.06851
10796.00000 0.06795
10798.00000 0.06743
10800.00000 0.06683
10802.00000 0.06635
10804.00000 0.06584
10806.00000 0.06529
10808.00000 0.06477
10810.00000 0.06429
10812.00000 0.06381
10814.00000 0.06334
10816.00000 0.06284
10818.00000 0.06239
10820.00000 0.06189
10822.00000 0.06142
10824.00000 0.06096
10826.00000 0.06047
10828.00000 0.06003
10830.00000 0.05957
10832.00000 0.05914
10834.00000 0.05867
10836.00000 0.0583
10838.00000 0.05794
10840.00000 0.05754
10842.00000 0.05711
10844.00000 0.05667
10846.00000 0.05623
10848.00000 0.05583
10850.00000 0.05547
10852.00000 0.0551
10854.00000 0.05469
10856.00000 0.05429
10858.00000 0.05394
10860.00000 0.05354
10862.00000 0.05312
10864.00000 0.0528
10866.00000 0.05244
10868.00000 0.052
10870.00000 0.05164
10872.00000 0.05128
10874.00000 0.0509
10876.00000 0.05057
10878.00000 0.05025
10880.00000 0.0499
10882.00000 0.04959
10884.00000 0.04924
10886.00000 0.04895
10888.00000 0.0486
10890.00000 0.04825
10892.00000 0.048
10894.00000 0.04773
10896.00000 0.04736
10898.00000 0.04707
10900.00000 0.04681
10902.00000 0.04648
10904.00000 0.04614
10906.00000 0.0459
10908.00000 0.04561
10910.00000 0.04532
10912.00000 0.04507
10914.00000 0.04475
12005.40039 0.0
