threeML/data/optical_filters/CFHT/CFHT-G.ecsv
# %ECSV 0.9
# ---
# datatype:
# - {name: wavelength, unit: Angstrom, datatype: float32}
# - {name: response, datatype: float32}
# meta: !!omap
# - {band_name: G}
# - {group_name: CFHT}
wavelength response
3447.00000 0.0
3830.00000 6.47256e-05
3835.00000 6.47256e-05
3840.00000 6.47256e-05
3845.00000 6.47256e-05
3850.00000 6.65236e-05
3855.00000 6.65236e-05
3860.00000 6.65236e-05
3865.00000 6.65236e-05
3870.00000 6.83215e-05
3875.00000 6.83215e-05
3880.00000 6.83215e-05
3885.00000 6.83215e-05
3890.00000 0.000138441
3895.00000 0.000140239
3900.00000 0.000140239
3905.00000 0.000142037
3910.00000 0.000213954
3915.00000 0.000213954
3920.00000 0.000287669
3925.00000 0.000289467
3930.00000 0.000293063
3935.00000 0.000366778
3940.00000 0.000370374
3945.00000 0.000447686
3950.00000 0.000449483
3955.00000 0.000528592
3960.00000 0.00053039
3965.00000 0.000611297
3970.00000 0.000767718
3975.00000 0.000927734
3980.00000 0.00108955
3985.00000 0.00133047
3990.00000 0.0016541
3995.00000 0.00198132
4000.00000 0.00239305
4005.00000 0.00287669
4010.00000 0.00336393
4015.00000 0.00393568
4020.00000 0.00442651
4025.00000 0.00500185
4030.00000 0.00566169
4035.00000 0.00640424
4040.00000 0.0073949
4045.00000 0.00871459
4050.00000 0.0106941
4055.00000 0.0134198
4060.00000 0.0173051
4065.00000 0.0226054
4070.00000 0.0294933
4075.00000 0.0383122
4080.00000 0.04924
4085.00000 0.0619568
4090.00000 0.0765632
4095.00000 0.092243
4100.00000 0.109172
4105.00000 0.127405
4110.00000 0.146976
4115.00000 0.169987
4120.00000 0.197136
4125.00000 0.229465
4130.00000 0.269379
4135.00000 0.314984
4140.00000 0.368515
4145.00000 0.429589
4150.00000 0.4939
4155.00000 0.561157
4160.00000 0.624502
4165.00000 0.679236
4170.00000 0.722329
4175.00000 0.751732
4180.00000 0.769428
4185.00000 0.778538
4190.00000 0.782405
4195.00000 0.783737
4200.00000 0.784158
4205.00000 0.783586
4210.00000 0.781546
4215.00000 0.776898
4220.00000 0.76939
4225.00000 0.758496
4230.00000 0.745968
4235.00000 0.732739
4240.00000 0.720953
4245.00000 0.71264
4250.00000 0.708925
4255.00000 0.710874
4260.00000 0.718444
4265.00000 0.731185
4270.00000 0.747775
4275.00000 0.767229
4280.00000 0.786803
4285.00000 0.804588
4290.00000 0.819572
4295.00000 0.830482
4300.00000 0.837089
4305.00000 0.839311
4310.00000 0.838139
4315.00000 0.834596
4320.00000 0.829786
4325.00000 0.824786
4330.00000 0.820494
4335.00000 0.817488
4340.00000 0.8163
4345.00000 0.816922
4350.00000 0.819399
4355.00000 0.822657
4360.00000 0.826481
4365.00000 0.830523
4370.00000 0.834234
4375.00000 0.837114
4380.00000 0.839214
4385.00000 0.840838
4390.00000 0.841935
4395.00000 0.843274
4400.00000 0.845025
4405.00000 0.847357
4410.00000 0.850426
4415.00000 0.85431
4420.00000 0.858325
4425.00000 0.863109
4430.00000 0.867776
4435.00000 0.87262
4440.00000 0.877527
4445.00000 0.882284
4450.00000 0.887052
4455.00000 0.891718
4460.00000 0.896013
4465.00000 0.899861
4470.00000 0.902942
4475.00000 0.904992
4480.00000 0.906033
4485.00000 0.90563
4490.00000 0.904005
4495.00000 0.901615
4500.00000 0.898494
4505.00000 0.89442
4510.00000 0.890927
4515.00000 0.888512
4520.00000 0.887606
4525.00000 0.888399
4530.00000 0.890714
4535.00000 0.895238
4540.00000 0.90088
4545.00000 0.907791
4550.00000 0.914893
4555.00000 0.921982
4560.00000 0.928381
4565.00000 0.933502
4570.00000 0.937601
4575.00000 0.940451
4580.00000 0.942376
4585.00000 0.943505
4590.00000 0.944192
4595.00000 0.944602
4600.00000 0.944699
4605.00000 0.944762
4610.00000 0.944739
4615.00000 0.944654
4620.00000 0.944482
4625.00000 0.944099
4630.00000 0.943922
4635.00000 0.943192
4640.00000 0.942536
4645.00000 0.941619
4650.00000 0.940382
4655.00000 0.938942
4660.00000 0.936961
4665.00000 0.934534
4670.00000 0.932189
4675.00000 0.929749
4680.00000 0.927639
4685.00000 0.925878
4690.00000 0.924778
4695.00000 0.924296
4700.00000 0.924224
4705.00000 0.924258
4710.00000 0.92467
4715.00000 0.924899
4720.00000 0.925274
4725.00000 0.925607
4730.00000 0.926148
4735.00000 0.927392
4740.00000 0.92939
4745.00000 0.932658
4750.00000 0.936884
4755.00000 0.942477
4760.00000 0.948728
4765.00000 0.955463
4770.00000 0.962459
4775.00000 0.968682
4780.00000 0.97405
4785.00000 0.97797
4790.00000 0.980701
4795.00000 0.982364
4800.00000 0.983412
4805.00000 0.984232
4810.00000 0.985296
4815.00000 0.986647
4820.00000 0.988743
4825.00000 0.991134
4830.00000 0.993945
4835.00000 0.996487
4840.00000 0.998599
4845.00000 0.999948
4850.00000 1.0
4855.00000 0.999297
4860.00000 0.997522
4865.00000 0.994759
4870.00000 0.991753
4875.00000 0.988107
4880.00000 0.984408
4885.00000 0.980665
4890.00000 0.977253
4895.00000 0.9745
4900.00000 0.972285
4905.00000 0.970967
4910.00000 0.970528
4915.00000 0.971195
4920.00000 0.972731
4925.00000 0.975429
4930.00000 0.978678
4935.00000 0.982175
4940.00000 0.985092
4945.00000 0.987087
4950.00000 0.987213
4955.00000 0.985011
4960.00000 0.980278
4965.00000 0.973031
4970.00000 0.963583
4975.00000 0.952637
4980.00000 0.940488
4985.00000 0.928232
4990.00000 0.916831
4995.00000 0.906518
5000.00000 0.898408
5005.00000 0.891969
5010.00000 0.887899
5015.00000 0.886574
5020.00000 0.887153
5025.00000 0.889359
5030.00000 0.893107
5035.00000 0.897663
5040.00000 0.902527
5045.00000 0.907338
5050.00000 0.912
5055.00000 0.916286
5060.00000 0.919897
5065.00000 0.923108
5070.00000 0.925341
5075.00000 0.926779
5080.00000 0.927133
5085.00000 0.926481
5090.00000 0.924965
5095.00000 0.922315
5100.00000 0.919017
5105.00000 0.915168
5110.00000 0.911017
5115.00000 0.906917
5120.00000 0.902797
5125.00000 0.899373
5130.00000 0.896381
5135.00000 0.894123
5140.00000 0.892428
5145.00000 0.891202
5150.00000 0.889992
5155.00000 0.888381
5160.00000 0.886567
5165.00000 0.884235
5170.00000 0.881541
5175.00000 0.878981
5180.00000 0.877149
5185.00000 0.876299
5190.00000 0.876755
5195.00000 0.879055
5200.00000 0.883007
5205.00000 0.888722
5210.00000 0.895867
5215.00000 0.903758
5220.00000 0.912282
5225.00000 0.920607
5230.00000 0.927946
5235.00000 0.933775
5240.00000 0.937531
5245.00000 0.938424
5250.00000 0.936937
5255.00000 0.933512
5260.00000 0.928473
5265.00000 0.922586
5270.00000 0.916373
5275.00000 0.910911
5280.00000 0.90577
5285.00000 0.901759
5290.00000 0.898489
5295.00000 0.896002
5300.00000 0.893474
5305.00000 0.891247
5310.00000 0.888273
5315.00000 0.885177
5320.00000 0.881574
5325.00000 0.877672
5330.00000 0.873763
5335.00000 0.870583
5340.00000 0.868706
5345.00000 0.868098
5350.00000 0.869001
5355.00000 0.871935
5360.00000 0.876586
5365.00000 0.882753
5370.00000 0.890053
5375.00000 0.897775
5380.00000 0.905558
5385.00000 0.911952
5390.00000 0.916416
5395.00000 0.918066
5400.00000 0.916418
5405.00000 0.911644
5410.00000 0.903827
5415.00000 0.894323
5420.00000 0.883363
5425.00000 0.872171
5430.00000 0.861419
5435.00000 0.851345
5440.00000 0.842343
5445.00000 0.834015
5450.00000 0.82557
5455.00000 0.816823
5460.00000 0.806893
5465.00000 0.795341
5470.00000 0.782533
5475.00000 0.768131
5480.00000 0.753009
5485.00000 0.737469
5490.00000 0.721849
5495.00000 0.707349
5500.00000 0.693981
5505.00000 0.682762
5510.00000 0.674283
5515.00000 0.668844
5520.00000 0.666357
5525.00000 0.666142
5530.00000 0.667294
5535.00000 0.66829
5540.00000 0.667814
5545.00000 0.664346
5550.00000 0.657096
5555.00000 0.645782
5560.00000 0.63135
5565.00000 0.614002
5570.00000 0.595001
5575.00000 0.575876
5580.00000 0.557334
5585.00000 0.540329
5590.00000 0.524499
5595.00000 0.508592
5600.00000 0.491857
5605.00000 0.472713
5610.00000 0.449949
5615.00000 0.423593
5620.00000 0.393427
5625.00000 0.360655
5630.00000 0.327202
5635.00000 0.293108
5640.00000 0.261438
5645.00000 0.23195
5650.00000 0.204781
5655.00000 0.18151
5660.00000 0.160854
5665.00000 0.143312
5670.00000 0.128371
5675.00000 0.114899
5680.00000 0.102982
5685.00000 0.0919985
5690.00000 0.0810275
5695.00000 0.0723327
5700.00000 0.063343
5705.00000 0.055184
5710.00000 0.0480624
5715.00000 0.0414657
5720.00000 0.0358005
5725.00000 0.030964
5730.00000 0.0267461
5735.00000 0.0232473
5740.00000 0.0202627
5745.00000 0.0177977
5750.00000 0.0156438
5755.00000 0.013898
5760.00000 0.012359
5765.00000 0.0110267
5770.00000 0.00979514
5775.00000 0.00866784
5780.00000 0.00754053
5785.00000 0.00661999
5790.00000 0.00569945
5795.00000 0.00488139
5800.00000 0.00416761
5805.00000 0.00355631
5810.00000 0.0030475
5815.00000 0.00263937
5820.00000 0.00223303
5825.00000 0.00192738
5830.00000 0.00172422
5835.00000 0.00152105
5840.00000 0.00141857
5845.00000 0.00131789
5850.00000 0.0012154
5855.00000 0.00111472
5860.00000 0.00101224
5865.00000 0.00101224
5870.00000 0.00101224
5875.00000 0.000911552
5880.00000 0.000909754
5885.00000 0.000909754
5890.00000 0.000909754
5895.00000 0.000909754
5900.00000 0.000909754
5905.00000 0.000909754
5910.00000 0.000909754
5915.00000 0.000907957
5920.00000 0.000907957
5925.00000 0.000907957
5930.00000 0.000907957
5935.00000 0.000807272
5940.00000 0.000807272
5945.00000 0.000807272
5950.00000 0.000807272
5955.00000 0.000805474
5960.00000 0.000805474
5965.00000 0.000805474
5970.00000 0.00070479
5975.00000 0.00070479
5980.00000 0.00070479
5985.00000 0.00070479
5990.00000 0.000604106
5995.00000 0.000604106
6000.00000 0.000503422
6005.00000 0.000503422
6010.00000 0.000402737
6015.00000 0.000302053
6020.00000 0.000302053
6025.00000 0.000201369
6030.00000 0.000201369
6035.00000 0.000201369
6040.00000 0.000100684
6045.00000 0.000100684
6050.00000 0.000100684
6055.00000 0.000100684
6060.00000 0.000100684
6065.00000 0.000100684
6070.00000 0.000100684
6075.00000 0.000100684
6080.00000 0.000100684
6688.00000 0.0
