threeML/data/optical_filters/CFHT/CFHT-cfh1605.ecsv
# %ECSV 0.9
# ---
# datatype:
# - {name: wavelength, unit: Angstrom, datatype: float32}
# - {name: response, datatype: float32}
# meta: !!omap
# - {band_name: cfh1605}
# - {group_name: CFHT}
wavelength response
4626.00000 0.0
5140.00000 0.00438
5160.00000 0.00507
5180.00000 0.00581
5200.00000 0.00659
5220.00000 0.00743
5240.00000 0.00838
5260.00000 0.00946
5280.00000 0.0105
5300.00000 0.01178
5320.00000 0.01335
5340.00000 0.01497
5360.00000 0.01683
5380.00000 0.01895
5400.00000 0.02132
5420.00000 0.02402
5440.00000 0.02721
5460.00000 0.03102
5480.00000 0.03552
5500.00000 0.04076
5520.00000 0.04684
5540.00000 0.05396
5560.00000 0.06236
5580.00000 0.07233
5600.00000 0.08388
5620.00000 0.09737
5640.00000 0.11348
5660.00000 0.13277
5680.00000 0.15569
5700.00000 0.1824
5720.00000 0.21321
5740.00000 0.24829
5760.00000 0.28772
5780.00000 0.33093
5800.00000 0.37634
5820.00000 0.42325
5840.00000 0.47061
5860.00000 0.51665
5880.00000 0.55948
5900.00000 0.59685
5920.00000 0.62781
5940.00000 0.65213
5960.00000 0.66957
5980.00000 0.68088
6000.00000 0.68687
6020.00000 0.68816
6040.00000 0.68596
6060.00000 0.681
6080.00000 0.67378
6100.00000 0.66486
6120.00000 0.65442
6140.00000 0.64297
6160.00000 0.63037
6180.00000 0.61678
6200.00000 0.60243
6220.00000 0.58704
6240.00000 0.57014
6260.00000 0.55151
6280.00000 0.53149
6300.00000 0.51018
6320.00000 0.48763
6340.00000 0.46382
6360.00000 0.43849
6380.00000 0.41228
6400.00000 0.38564
6420.00000 0.35864
6440.00000 0.33125
6460.00000 0.3035
6480.00000 0.27625
6500.00000 0.25
6520.00000 0.22516
6540.00000 0.20171
6560.00000 0.17972
6580.00000 0.15967
6600.00000 0.1416
6620.00000 0.12538
6640.00000 0.11067
6660.00000 0.09743
6680.00000 0.0856
6700.00000 0.0752
6720.00000 0.06612
6740.00000 0.05811
6760.00000 0.05107
6780.00000 0.04497
6800.00000 0.0397
6820.00000 0.03516
6840.00000 0.03113
6860.00000 0.02753
6880.00000 0.0244
6900.00000 0.02167
6920.00000 0.0193
6940.00000 0.01723
6960.00000 0.01538
6980.00000 0.01376
7000.00000 0.01237
7020.00000 0.01115
7040.00000 0.01003
7060.00000 0.00905
7080.00000 0.00821
7100.00000 0.00745
7120.00000 0.00673
7140.00000 0.0061
7160.00000 0.00557
7180.00000 0.0051
7200.00000 0.00468
7220.00000 0.00429
7942.00000 0.0
