threeML/data/optical_filters/CFHT/CFHT-cfh6101.ecsv
# %ECSV 0.9
# ---
# datatype:
# - {name: wavelength, unit: Angstrom, datatype: float32}
# - {name: response, datatype: float32}
# meta: !!omap
# - {band_name: cfh6101}
# - {group_name: CFHT}
wavelength response
10620.00000 0.0
11800.00000 0.00441
11820.00000 0.00505
11840.00000 0.00581
11860.00000 0.00659
11880.00000 0.00761
11900.00000 0.00876
11920.00000 0.01004
11940.00000 0.01158
11960.00000 0.01338
11980.00000 0.01544
12000.00000 0.01775
12020.00000 0.02058
12040.00000 0.02393
12060.00000 0.02779
12080.00000 0.03229
12100.00000 0.03755
12120.00000 0.04373
12140.00000 0.05095
12160.00000 0.05945
12180.00000 0.06964
12200.00000 0.08156
12220.00000 0.09517
12240.00000 0.11058
12260.00000 0.12834
12280.00000 0.14874
12300.00000 0.17038
12320.00000 0.19423
12340.00000 0.22119
12360.00000 0.24997
12380.00000 0.28033
12400.00000 0.31187
12420.00000 0.34338
12440.00000 0.37216
12460.00000 0.40056
12480.00000 0.42802
12500.00000 0.4511
12520.00000 0.47104
12540.00000 0.48767
12560.00000 0.50087
12580.00000 0.51097
12600.00000 0.51823
12620.00000 0.52313
12640.00000 0.52628
12660.00000 0.52806
12680.00000 0.52888
12700.00000 0.52876
12720.00000 0.52829
12740.00000 0.52795
12760.00000 0.52753
12780.00000 0.52751
12800.00000 0.52791
12820.00000 0.52805
12840.00000 0.52869
12860.00000 0.53044
12880.00000 0.53239
12900.00000 0.53477
12920.00000 0.53821
12940.00000 0.5419
12960.00000 0.54587
12980.00000 0.55072
13000.00000 0.55603
13020.00000 0.56134
13040.00000 0.56688
13060.00000 0.57263
13080.00000 0.57819
13100.00000 0.58388
13120.00000 0.58951
13140.00000 0.59451
13160.00000 0.59853
13180.00000 0.60162
13200.00000 0.60417
13220.00000 0.60583
13240.00000 0.60661
13260.00000 0.60666
13280.00000 0.60593
13300.00000 0.60455
13320.00000 0.60301
13340.00000 0.60152
13360.00000 0.59981
13380.00000 0.59845
13400.00000 0.59775
13420.00000 0.59711
13440.00000 0.59676
13460.00000 0.59683
13480.00000 0.59615
13500.00000 0.59351
13520.00000 0.58873
13540.00000 0.57909
13560.00000 0.56223
13580.00000 0.53764
13600.00000 0.50362
13620.00000 0.46022
13640.00000 0.41197
13660.00000 0.36052
13680.00000 0.3056
13700.00000 0.25391
13720.00000 0.20798
13740.00000 0.16759
13760.00000 0.13429
13780.00000 0.1069
13800.00000 0.08504
13820.00000 0.06766
13840.00000 0.05351
13860.00000 0.04253
13880.00000 0.03416
13900.00000 0.02742
13920.00000 0.02202
13940.00000 0.01788
13960.00000 0.01462
13980.00000 0.0121
14000.00000 0.00995
14020.00000 0.00824
14040.00000 0.00699
14060.00000 0.00586
14080.00000 0.00507
14100.00000 0.00427
15510.00000 0.0
