threeML/data/optical_filters/CFHT/CFHT-cfh8305.ecsv
# %ECSV 0.9
# ---
# datatype:
# - {name: wavelength, unit: Angstrom, datatype: float32}
# - {name: response, datatype: float32}
# meta: !!omap
# - {band_name: cfh8305}
# - {group_name: CFHT}
wavelength response
19233.00000 0.0
21370.00000 0.00414
21375.00000 0.00464
21380.00000 0.00464
21385.00000 0.00562
21390.00000 0.0061
21395.00000 0.00612
21400.00000 0.00735
21405.00000 0.00885
21410.00000 0.00912
21415.00000 0.01088
21420.00000 0.01288
21425.00000 0.01439
21430.00000 0.01566
21435.00000 0.01837
21440.00000 0.01985
21445.00000 0.02206
21450.00000 0.0253
21455.00000 0.0285
21460.00000 0.03102
21465.00000 0.03523
21470.00000 0.04027
21475.00000 0.04512
21480.00000 0.05069
21485.00000 0.05739
21490.00000 0.06525
21495.00000 0.07289
21500.00000 0.0843
21505.00000 0.09488
21510.00000 0.10799
21515.00000 0.12172
21520.00000 0.13879
21525.00000 0.15646
21530.00000 0.17566
21535.00000 0.19797
21540.00000 0.22054
21545.00000 0.24547
21550.00000 0.27202
21555.00000 0.29973
21560.00000 0.32841
21565.00000 0.35789
21570.00000 0.3882
21575.00000 0.41858
21580.00000 0.44952
21585.00000 0.48112
21590.00000 0.51167
21595.00000 0.54097
21600.00000 0.56956
21605.00000 0.5965
21610.00000 0.62239
21615.00000 0.64616
21620.00000 0.66849
21625.00000 0.68799
21630.00000 0.70531
21635.00000 0.72079
21640.00000 0.73412
21645.00000 0.74672
21650.00000 0.75728
21655.00000 0.76469
21660.00000 0.77043
21665.00000 0.77536
21670.00000 0.77907
21675.00000 0.78331
21680.00000 0.78543
21685.00000 0.78705
21690.00000 0.78731
21695.00000 0.78932
21700.00000 0.79124
21705.00000 0.79236
21710.00000 0.79376
21715.00000 0.79414
21720.00000 0.79565
21725.00000 0.79715
21730.00000 0.7979
21735.00000 0.799
21740.00000 0.80002
21745.00000 0.80016
21750.00000 0.79897
21755.00000 0.7982
21760.00000 0.79646
21765.00000 0.79263
21770.00000 0.78983
21775.00000 0.78552
21780.00000 0.77966
21785.00000 0.77286
21790.00000 0.76486
21795.00000 0.75562
21800.00000 0.74458
21805.00000 0.73317
21810.00000 0.7173
21815.00000 0.7005
21820.00000 0.68124
21825.00000 0.66225
21830.00000 0.63995
21835.00000 0.61603
21840.00000 0.58821
21845.00000 0.55891
21850.00000 0.52972
21855.00000 0.49919
21860.00000 0.46594
21865.00000 0.43149
21870.00000 0.39841
21875.00000 0.36465
21880.00000 0.33315
21885.00000 0.3028
21890.00000 0.27335
21895.00000 0.24361
21900.00000 0.21739
21905.00000 0.19263
21910.00000 0.16891
21915.00000 0.1492
21920.00000 0.13097
21925.00000 0.11397
21930.00000 0.09811
21935.00000 0.08675
21940.00000 0.07549
21945.00000 0.06555
21950.00000 0.05779
21955.00000 0.05028
21960.00000 0.04321
21965.00000 0.03738
21970.00000 0.03224
21975.00000 0.02644
21980.00000 0.0237
21985.00000 0.02007
21990.00000 0.01793
21995.00000 0.01553
22000.00000 0.01399
22005.00000 0.01218
22010.00000 0.01186
22015.00000 0.01123
22020.00000 0.00943
22025.00000 0.00854
22030.00000 0.00676
22035.00000 0.00468
24238.50000 0.0
