threeML/data/optical_filters/CFHT/CFHT-cfh5304.ecsv
# %ECSV 0.9
# ---
# datatype:
# - {name: wavelength, unit: Angstrom, datatype: float32}
# - {name: response, datatype: float32}
# meta: !!omap
# - {band_name: cfh5304}
# - {group_name: CFHT}
wavelength response
19170.00000 0.0
21300.00000 0.00505
21305.00000 0.0
21310.00000 0.00381
21315.00000 0.00758
21320.00000 0.0
21325.00000 0.0063
21330.00000 0.0
21335.00000 0.0
21340.00000 0.0
21345.00000 0.0
21350.00000 0.0
21355.00000 0.0
21360.00000 0.00638
21365.00000 0.00899
21370.00000 0.00513
21375.00000 0.00511
21380.00000 0.0
21385.00000 0.00256
21390.00000 0.00902
21395.00000 0.00258
21400.00000 0.00388
21405.00000 0.00519
21410.00000 0.0
21415.00000 0.0052
21420.00000 0.0013
21425.00000 0.0
21430.00000 0.00656
21435.00000 0.0013
21440.00000 0.00262
21445.00000 0.00262
21450.00000 0.00131
21455.00000 0.00262
21460.00000 0.00262
21465.00000 0.0
21470.00000 0.00261
21475.00000 0.0
21480.00000 0.0
21485.00000 0.00397
21490.00000 0.00131
21495.00000 0.00397
21500.00000 0.00661
21505.00000 0.00266
21510.00000 0.0
21515.00000 0.0
21520.00000 0.00267
21525.00000 0.00403
21530.00000 0.0027
21535.00000 0.0027
21540.00000 0.00269
21545.00000 0.00134
21550.00000 0.00542
21555.00000 0.00409
21560.00000 0.00679
21565.00000 0.00684
21570.00000 0.00819
21575.00000 0.00549
21580.00000 0.00957
21585.00000 0.00137
21590.00000 0.00964
21595.00000 0.00826
21600.00000 0.00694
21605.00000 0.00983
21610.00000 0.00838
21615.00000 0.01541
21620.00000 0.01538
21625.00000 0.01688
21630.00000 0.01695
21635.00000 0.01855
21640.00000 0.02438
21645.00000 0.02567
21650.00000 0.03445
21655.00000 0.0444
21660.00000 0.05446
21665.00000 0.06636
21670.00000 0.08698
21675.00000 0.09586
21680.00000 0.13783
21685.00000 0.15964
21690.00000 0.20732
21695.00000 0.24948
21700.00000 0.32158
21705.00000 0.37134
21710.00000 0.44589
21715.00000 0.49388
21720.00000 0.56073
21725.00000 0.59752
21730.00000 0.63686
21735.00000 0.65071
21740.00000 0.66499
21745.00000 0.6662
21750.00000 0.66959
21755.00000 0.66966
21760.00000 0.67558
21765.00000 0.67834
21770.00000 0.68318
21775.00000 0.68869
21780.00000 0.69708
21785.00000 0.69946
21790.00000 0.70241
21795.00000 0.71092
21800.00000 0.70604
21805.00000 0.70561
21810.00000 0.70386
21815.00000 0.68916
21820.00000 0.69524
21825.00000 0.6983
21830.00000 0.68547
21835.00000 0.68388
21840.00000 0.69321
21845.00000 0.69362
21850.00000 0.686
21855.00000 0.68019
21860.00000 0.69141
21865.00000 0.67783
21870.00000 0.67476
21875.00000 0.6454
21880.00000 0.60179
21885.00000 0.5634
21890.00000 0.48798
21895.00000 0.43678
21900.00000 0.34756
21905.00000 0.29659
21910.00000 0.22346
21915.00000 0.189
21920.00000 0.14073
21925.00000 0.11746
21930.00000 0.09782
21935.00000 0.07481
21940.00000 0.05579
21945.00000 0.04352
21950.00000 0.04143
21955.00000 0.03487
21960.00000 0.02324
21965.00000 0.02469
21970.00000 0.01978
21975.00000 0.01793
21980.00000 0.01642
21985.00000 0.01479
21990.00000 0.01314
24189.00000 0.0
