threeML/data/optical_filters/CFHT/CFHT-cfh1809.ecsv
# %ECSV 0.9
# ---
# datatype:
# - {name: wavelength, unit: Angstrom, datatype: float32}
# - {name: response, datatype: float32}
# meta: !!omap
# - {band_name: cfh1809}
# - {group_name: CFHT}
wavelength response
6444.00000 0.0
7160.00000 0.00444
7180.00000 0.00705
7200.00000 0.01135
7220.00000 0.01857
7240.00000 0.03116
7260.00000 0.05331
7280.00000 0.09122
7300.00000 0.15376
7320.00000 0.24855
7340.00000 0.37442
7360.00000 0.51547
7380.00000 0.64417
7400.00000 0.7413
7420.00000 0.80717
7440.00000 0.85051
7460.00000 0.87958
7480.00000 0.90015
7500.00000 0.91476
7520.00000 0.92552
7540.00000 0.9334
7560.00000 0.93938
7580.00000 0.94386
7600.00000 0.94702
7620.00000 0.94958
7640.00000 0.95126
7660.00000 0.952
7680.00000 0.95184
7700.00000 0.95145
7720.00000 0.95049
7740.00000 0.94836
7760.00000 0.94656
7780.00000 0.94469
7800.00000 0.94257
7820.00000 0.94135
7840.00000 0.94084
7860.00000 0.94069
7880.00000 0.94107
7900.00000 0.94254
7920.00000 0.94415
7940.00000 0.94588
7960.00000 0.94772
7980.00000 0.9492
8000.00000 0.95042
8020.00000 0.95111
8040.00000 0.95175
8060.00000 0.95218
8080.00000 0.95277
8100.00000 0.95294
8120.00000 0.95389
8140.00000 0.95638
8160.00000 0.95746
8180.00000 0.95828
8200.00000 0.95923
8220.00000 0.96054
8240.00000 0.96201
8260.00000 0.96225
8280.00000 0.96216
8300.00000 0.96327
8320.00000 0.96341
8340.00000 0.96315
8360.00000 0.96274
8380.00000 0.96161
8400.00000 0.96249
8420.00000 0.96317
8440.00000 0.96341
8460.00000 0.96332
8480.00000 0.96236
8500.00000 0.96283
8520.00000 0.96271
8540.00000 0.9613
8560.00000 0.96045
8580.00000 0.95973
8600.00000 0.95869
8620.00000 0.95692
8640.00000 0.95616
8660.00000 0.9566
8680.00000 0.95789
8700.00000 0.95895
8720.00000 0.95996
8740.00000 0.96217
8760.00000 0.96344
8780.00000 0.96257
8800.00000 0.96078
8820.00000 0.95891
8840.00000 0.95544
8860.00000 0.95024
8880.00000 0.94545
8900.00000 0.94099
8920.00000 0.93687
8940.00000 0.93449
8960.00000 0.93535
8980.00000 0.9386
9000.00000 0.94337
9020.00000 0.94896
9040.00000 0.95439
9060.00000 0.9574
9080.00000 0.9549
9100.00000 0.94684
9120.00000 0.93355
9140.00000 0.91682
9160.00000 0.90144
9180.00000 0.89368
9200.00000 0.89659
9220.00000 0.90921
9240.00000 0.92191
9260.00000 0.90317
9280.00000 0.80981
9300.00000 0.63226
9320.00000 0.42448
9340.00000 0.2556
9360.00000 0.14732
9380.00000 0.08498
9400.00000 0.05049
9420.00000 0.03113
9440.00000 0.01985
9460.00000 0.01323
9480.00000 0.00908
9500.00000 0.0067
9520.00000 0.00545
9540.00000 0.00436
10494.00000 0.0
