threeML/data/optical_filters/CFHT/CFHT-cfh6316.ecsv
# %ECSV 0.9
# ---
# datatype:
# - {name: wavelength, unit: Angstrom, datatype: float32}
# - {name: response, datatype: float32}
# meta: !!omap
# - {band_name: cfh6316}
# - {group_name: CFHT}
wavelength response
18018.00000 0.0
20020.00000 0.00446
20040.00000 0.00481
20060.00000 0.00552
20080.00000 0.0063
20100.00000 0.00681
20120.00000 0.00778
20140.00000 0.00931
20160.00000 0.01086
20180.00000 0.01283
20200.00000 0.01471
20220.00000 0.01718
20240.00000 0.02022
20260.00000 0.0238
20280.00000 0.02838
20300.00000 0.03349
20320.00000 0.03984
20340.00000 0.04758
20360.00000 0.05698
20380.00000 0.06836
20400.00000 0.08194
20420.00000 0.09857
20440.00000 0.11777
20460.00000 0.14018
20480.00000 0.16675
20500.00000 0.19548
20520.00000 0.22789
20540.00000 0.26543
20560.00000 0.30606
20580.00000 0.3493
20600.00000 0.39529
20620.00000 0.44203
20640.00000 0.48895
20660.00000 0.53629
20680.00000 0.58183
20700.00000 0.62566
20720.00000 0.66762
20740.00000 0.70605
20760.00000 0.74097
20780.00000 0.77254
20800.00000 0.80067
20820.00000 0.82565
20840.00000 0.84686
20860.00000 0.8643
20880.00000 0.87889
20900.00000 0.89055
20920.00000 0.89967
20940.00000 0.90714
20960.00000 0.91307
20980.00000 0.91743
21000.00000 0.92102
21020.00000 0.924
21040.00000 0.92661
21060.00000 0.92943
21080.00000 0.93237
21100.00000 0.93515
21120.00000 0.93816
21140.00000 0.94106
21160.00000 0.9435
21180.00000 0.94617
21200.00000 0.94878
21220.00000 0.95103
21240.00000 0.95361
21260.00000 0.95567
21280.00000 0.95753
21300.00000 0.95886
21320.00000 0.95946
21340.00000 0.96002
21360.00000 0.95958
21380.00000 0.95839
21400.00000 0.95735
21420.00000 0.95621
21440.00000 0.95439
21460.00000 0.95259
21480.00000 0.95061
21500.00000 0.94847
21520.00000 0.946
21540.00000 0.94337
21560.00000 0.94127
21580.00000 0.93916
21600.00000 0.93733
21620.00000 0.93637
21640.00000 0.93518
21660.00000 0.93388
21680.00000 0.93297
21700.00000 0.93208
21720.00000 0.93225
21740.00000 0.93318
21760.00000 0.93323
21780.00000 0.93332
21800.00000 0.93462
21820.00000 0.93503
21840.00000 0.93506
21860.00000 0.93678
21880.00000 0.9379
21900.00000 0.93918
21920.00000 0.94083
21940.00000 0.94145
21960.00000 0.94273
21980.00000 0.94374
22000.00000 0.94449
22020.00000 0.94455
22040.00000 0.94348
22060.00000 0.94379
22080.00000 0.94511
22100.00000 0.94582
22120.00000 0.94656
22140.00000 0.94745
22160.00000 0.94809
22180.00000 0.94876
22200.00000 0.94952
22220.00000 0.95056
22240.00000 0.95178
22260.00000 0.95197
22280.00000 0.9525
22300.00000 0.95378
22320.00000 0.95364
22340.00000 0.9537
22360.00000 0.95438
22380.00000 0.95511
22400.00000 0.95612
22420.00000 0.95609
22440.00000 0.95633
22460.00000 0.95711
22480.00000 0.95695
22500.00000 0.9572
22520.00000 0.95775
22540.00000 0.95757
22560.00000 0.95758
22580.00000 0.95737
22600.00000 0.95671
22620.00000 0.95692
22640.00000 0.95686
22660.00000 0.95634
22680.00000 0.95595
22700.00000 0.95506
22720.00000 0.95441
22740.00000 0.95399
22760.00000 0.95352
22780.00000 0.95297
22800.00000 0.95279
22820.00000 0.95273
22840.00000 0.95282
22860.00000 0.95294
22880.00000 0.95261
22900.00000 0.95291
22920.00000 0.95372
22940.00000 0.95438
22960.00000 0.95508
22980.00000 0.95528
23000.00000 0.95525
23020.00000 0.95601
23040.00000 0.95645
23060.00000 0.95634
23080.00000 0.95578
23100.00000 0.95525
23120.00000 0.95528
23140.00000 0.95418
23160.00000 0.9518
23180.00000 0.94951
23200.00000 0.94852
23220.00000 0.94702
23240.00000 0.9449
23260.00000 0.9431
23280.00000 0.94089
23300.00000 0.93893
23320.00000 0.93752
23340.00000 0.93611
23360.00000 0.93518
23380.00000 0.93506
23400.00000 0.9351
23420.00000 0.93594
23440.00000 0.93781
23460.00000 0.94028
23480.00000 0.94284
23500.00000 0.94614
23520.00000 0.95074
23540.00000 0.95543
23560.00000 0.95926
23580.00000 0.96207
23600.00000 0.96257
23620.00000 0.95976
23640.00000 0.9525
23660.00000 0.93736
23680.00000 0.91322
23700.00000 0.87646
23720.00000 0.82533
23740.00000 0.7625
23760.00000 0.68802
23780.00000 0.60652
23800.00000 0.52342
23820.00000 0.4417
23840.00000 0.36623
23860.00000 0.29968
23880.00000 0.24222
23900.00000 0.19492
23920.00000 0.15645
23940.00000 0.1248
23960.00000 0.09935
23980.00000 0.07977
24000.00000 0.06459
24020.00000 0.05156
24040.00000 0.04126
24060.00000 0.03412
24080.00000 0.02815
24100.00000 0.02306
24120.00000 0.0188
24140.00000 0.01529
24160.00000 0.01297
24180.00000 0.01094
24200.00000 0.00935
24220.00000 0.00787
24240.00000 0.00655
24260.00000 0.00591
24280.00000 0.00491
24300.00000 0.00438
26730.00000 0.0
