threeML/data/optical_filters/CFHT/CFHT-cfh6210.ecsv
# %ECSV 0.9
# ---
# datatype:
# - {name: wavelength, unit: Angstrom, datatype: float32}
# - {name: response, datatype: float32}
# meta: !!omap
# - {band_name: cfh6210}
# - {group_name: CFHT}
wavelength response
13140.00000 0.0
14600.00000 0.00471
14620.00000 0.00578
14640.00000 0.00722
14660.00000 0.00906
14680.00000 0.01143
14700.00000 0.01459
14720.00000 0.01895
14740.00000 0.02466
14760.00000 0.032
14780.00000 0.0417
14800.00000 0.05424
14820.00000 0.0703
14840.00000 0.09015
14860.00000 0.11449
14880.00000 0.14388
14900.00000 0.17821
14920.00000 0.21822
14940.00000 0.26462
14960.00000 0.31772
14980.00000 0.37648
15000.00000 0.43996
15020.00000 0.50732
15040.00000 0.57535
15060.00000 0.64055
15080.00000 0.69881
15100.00000 0.74635
15120.00000 0.78143
15140.00000 0.80394
15160.00000 0.81631
15180.00000 0.82132
15200.00000 0.8213
15220.00000 0.819
15240.00000 0.81627
15260.00000 0.81445
15280.00000 0.81432
15300.00000 0.81548
15320.00000 0.81808
15340.00000 0.82187
15360.00000 0.82629
15380.00000 0.83086
15400.00000 0.83499
15420.00000 0.83841
15440.00000 0.84077
15460.00000 0.84207
15480.00000 0.84232
15500.00000 0.84157
15520.00000 0.84035
15540.00000 0.83902
15560.00000 0.83781
15580.00000 0.83713
15600.00000 0.83701
15620.00000 0.83775
15640.00000 0.83942
15660.00000 0.84171
15680.00000 0.84492
15700.00000 0.84889
15720.00000 0.85313
15740.00000 0.85754
15760.00000 0.86205
15780.00000 0.8661
15800.00000 0.86961
15820.00000 0.87276
15840.00000 0.87518
15860.00000 0.87697
15880.00000 0.8782
15900.00000 0.87865
15920.00000 0.87895
15940.00000 0.87921
15960.00000 0.87918
15980.00000 0.87926
16000.00000 0.87929
16020.00000 0.87936
16040.00000 0.87993
16060.00000 0.88089
16080.00000 0.88187
16100.00000 0.88301
16120.00000 0.88452
16140.00000 0.8855
16160.00000 0.88597
16180.00000 0.88655
16200.00000 0.88661
16220.00000 0.88594
16240.00000 0.88432
16260.00000 0.88205
16280.00000 0.87912
16300.00000 0.87546
16320.00000 0.87141
16340.00000 0.86655
16360.00000 0.86115
16380.00000 0.85579
16400.00000 0.85106
16420.00000 0.84654
16440.00000 0.84213
16460.00000 0.83838
16480.00000 0.83516
16500.00000 0.8329
16520.00000 0.83162
16540.00000 0.83138
16560.00000 0.83195
16580.00000 0.83339
16600.00000 0.83591
16620.00000 0.83936
16640.00000 0.84334
16660.00000 0.84779
16680.00000 0.85255
16700.00000 0.85728
16720.00000 0.86206
16740.00000 0.86646
16760.00000 0.87013
16780.00000 0.87311
16800.00000 0.87532
16820.00000 0.87651
16840.00000 0.87692
16860.00000 0.87654
16880.00000 0.87546
16900.00000 0.87393
16920.00000 0.87175
16940.00000 0.86902
16960.00000 0.86627
16980.00000 0.86372
17000.00000 0.86162
17020.00000 0.86005
17040.00000 0.85895
17060.00000 0.85857
17080.00000 0.85876
17100.00000 0.8593
17120.00000 0.86041
17140.00000 0.86186
17160.00000 0.86333
17180.00000 0.86467
17200.00000 0.8654
17220.00000 0.86572
17240.00000 0.86528
17260.00000 0.86362
17280.00000 0.86052
17300.00000 0.8564
17320.00000 0.85164
17340.00000 0.84573
17360.00000 0.8392
17380.00000 0.83244
17400.00000 0.82605
17420.00000 0.82008
17440.00000 0.81476
17460.00000 0.81065
17480.00000 0.80779
17500.00000 0.80641
17520.00000 0.80646
17540.00000 0.80792
17560.00000 0.81081
17580.00000 0.81496
17600.00000 0.81963
17620.00000 0.82419
17640.00000 0.82808
17660.00000 0.83037
17680.00000 0.83011
17700.00000 0.82692
17720.00000 0.82027
17740.00000 0.80865
17760.00000 0.79008
17780.00000 0.76274
17800.00000 0.72516
17820.00000 0.67712
17840.00000 0.61862
17860.00000 0.54973
17880.00000 0.47372
17900.00000 0.39551
17920.00000 0.32089
17940.00000 0.2541
17960.00000 0.19717
17980.00000 0.15102
18000.00000 0.1145
18020.00000 0.08618
18040.00000 0.0648
18060.00000 0.049
18080.00000 0.03694
18100.00000 0.02795
18120.00000 0.02155
18140.00000 0.01674
18160.00000 0.01312
18180.00000 0.01009
18200.00000 0.00778
18220.00000 0.00638
18240.00000 0.00533
18260.00000 0.00439
20086.00000 0.0
