threeML/data/optical_filters/CFHT/CFHT-cfh5314.ecsv
# %ECSV 0.9
# ---
# datatype:
# - {name: wavelength, unit: Angstrom, datatype: float32}
# - {name: response, datatype: float32}
# meta: !!omap
# - {band_name: cfh5314}
# - {group_name: CFHT}
wavelength response
18000.00000 0.0
20000.00000 0.00406
20020.00000 0.00426
20040.00000 0.00452
20060.00000 0.00482
20080.00000 0.0054
20100.00000 0.00583
20120.00000 0.0062
20140.00000 0.00685
20160.00000 0.00754
20180.00000 0.00839
20200.00000 0.00917
20220.00000 0.01004
20240.00000 0.01117
20260.00000 0.0123
20280.00000 0.01375
20300.00000 0.01523
20320.00000 0.017
20340.00000 0.01909
20360.00000 0.02135
20380.00000 0.02403
20400.00000 0.02719
20420.00000 0.03076
20440.00000 0.03468
20460.00000 0.03937
20480.00000 0.04486
20500.00000 0.0508
20520.00000 0.05804
20540.00000 0.06664
20560.00000 0.07628
20580.00000 0.08762
20600.00000 0.10074
20620.00000 0.11586
20640.00000 0.13339
20660.00000 0.15393
20680.00000 0.17694
20700.00000 0.20287
20720.00000 0.23181
20740.00000 0.26367
20760.00000 0.2984
20780.00000 0.33557
20800.00000 0.37476
20820.00000 0.41476
20840.00000 0.45549
20860.00000 0.49634
20880.00000 0.53558
20900.00000 0.57172
20920.00000 0.60497
20940.00000 0.63539
20960.00000 0.66183
20980.00000 0.68437
21000.00000 0.70284
21020.00000 0.71729
21040.00000 0.72881
21060.00000 0.73732
21080.00000 0.7437
21100.00000 0.74852
21120.00000 0.75162
21140.00000 0.75398
21160.00000 0.75562
21180.00000 0.75636
21200.00000 0.75685
21220.00000 0.75676
21240.00000 0.75629
21260.00000 0.75557
21280.00000 0.75418
21300.00000 0.75229
21320.00000 0.74937
21340.00000 0.74654
21360.00000 0.74438
21380.00000 0.74391
21400.00000 0.74455
21420.00000 0.74521
21440.00000 0.7457
21460.00000 0.74529
21480.00000 0.74332
21500.00000 0.73941
21520.00000 0.73387
21540.00000 0.72632
21560.00000 0.71629
21580.00000 0.70316
21600.00000 0.68777
21620.00000 0.67065
21640.00000 0.65204
21660.00000 0.63168
21680.00000 0.60931
21700.00000 0.58505
21720.00000 0.55701
21740.00000 0.52525
21760.00000 0.49086
21780.00000 0.45419
21800.00000 0.41672
21820.00000 0.3786
21840.00000 0.34158
21860.00000 0.30717
21880.00000 0.27441
21900.00000 0.24377
21920.00000 0.21613
21940.00000 0.19202
21960.00000 0.17041
21980.00000 0.15085
22000.00000 0.13339
22020.00000 0.11792
22040.00000 0.10423
22060.00000 0.09207
22080.00000 0.08159
22100.00000 0.07266
22120.00000 0.06503
22140.00000 0.05814
22160.00000 0.0518
22180.00000 0.0462
22200.00000 0.04152
22220.00000 0.03745
22240.00000 0.03349
22260.00000 0.03003
22280.00000 0.02695
22300.00000 0.02428
22320.00000 0.02202
22340.00000 0.01984
22360.00000 0.0183
22380.00000 0.01677
22400.00000 0.015
22420.00000 0.01413
22440.00000 0.01331
22460.00000 0.01199
22480.00000 0.01097
22500.00000 0.01025
22520.00000 0.00937
22540.00000 0.00848
22560.00000 0.00809
22580.00000 0.00726
22600.00000 0.00653
22620.00000 0.00615
22640.00000 0.00584
22660.00000 0.00562
22680.00000 0.0051
22700.00000 0.00464
22720.00000 0.00464
22740.00000 0.00436
25014.00000 0.0
