threeML/data/optical_filters/CFHT/CFHT-cfh2503.ecsv
# %ECSV 0.9
# ---
# datatype:
# - {name: wavelength, unit: Angstrom, datatype: float32}
# - {name: response, datatype: float32}
# meta: !!omap
# - {band_name: cfh2503}
# - {group_name: CFHT}
wavelength response
3222.00000 0.0
3580.00000 0.00522
3600.00000 0.01262
3620.00000 0.02196
3640.00000 0.03587
3660.00000 0.05614
3680.00000 0.0824
3700.00000 0.0842
3720.00000 0.04201
3740.00000 0.00967
3760.00000 0.00424
3780.00000 0.00179
3800.00000 0.00058
3820.00000 0.00053
3840.00000 0.00061
3860.00000 0.00047
3880.00000 0.00034
3900.00000 0.00047
3920.00000 0.00092
3940.00000 0.00125
3960.00000 0.00128
3980.00000 0.00191
4000.00000 0.00543
4020.00000 0.01759
4040.00000 0.04353
4060.00000 0.11887
4080.00000 0.34201
4100.00000 0.50528
4120.00000 0.50406
4140.00000 0.55606
4160.00000 0.5945
4180.00000 0.60315
4200.00000 0.67125
4220.00000 0.69994
4240.00000 0.66745
4260.00000 0.68137
4280.00000 0.72971
4300.00000 0.73486
4320.00000 0.72565
4340.00000 0.74811
4360.00000 0.76602
4380.00000 0.75893
4400.00000 0.75726
4420.00000 0.77095
4440.00000 0.77539
4460.00000 0.76646
4480.00000 0.76579
4500.00000 0.77655
4520.00000 0.78096
4540.00000 0.77701
4560.00000 0.77951
4580.00000 0.78624
4600.00000 0.77762
4620.00000 0.7531
4640.00000 0.73846
4660.00000 0.75287
4680.00000 0.78204
4700.00000 0.79393
4720.00000 0.78069
4740.00000 0.76765
4760.00000 0.77646
4780.00000 0.7973
4800.00000 0.80205
4820.00000 0.78082
4840.00000 0.75429
4860.00000 0.74861
4880.00000 0.77039
4900.00000 0.80141
4920.00000 0.81726
4940.00000 0.81308
4960.00000 0.80489
4980.00000 0.80722
5000.00000 0.81683
5020.00000 0.81828
5040.00000 0.80191
5060.00000 0.77589
5080.00000 0.75917
5100.00000 0.76309
5120.00000 0.7834
5140.00000 0.8042
5160.00000 0.80945
5180.00000 0.79759
5200.00000 0.7811
5220.00000 0.77367
5240.00000 0.7804
5260.00000 0.79591
5280.00000 0.80901
5300.00000 0.81104
5320.00000 0.80368
5340.00000 0.79593
5360.00000 0.79485
5380.00000 0.80139
5400.00000 0.81064
5420.00000 0.81577
5440.00000 0.81389
5460.00000 0.80804
5480.00000 0.80492
5500.00000 0.8082
5520.00000 0.81708
5540.00000 0.82639
5560.00000 0.82906
5580.00000 0.82196
5600.00000 0.80803
5620.00000 0.79382
5640.00000 0.78546
5660.00000 0.78581
5680.00000 0.79367
5700.00000 0.8049
5720.00000 0.81326
5740.00000 0.81476
5760.00000 0.81024
5780.00000 0.80278
5800.00000 0.79633
5820.00000 0.79381
5840.00000 0.79477
5860.00000 0.7971
5880.00000 0.79767
5900.00000 0.79407
5920.00000 0.78633
5940.00000 0.77614
5960.00000 0.7659
5980.00000 0.75784
6000.00000 0.7523
6020.00000 0.74831
6040.00000 0.74428
6060.00000 0.73854
6080.00000 0.73068
6100.00000 0.72137
6120.00000 0.71227
6140.00000 0.70496
6160.00000 0.70036
6180.00000 0.69829
6200.00000 0.69736
6220.00000 0.69559
6240.00000 0.6915
6260.00000 0.6841
6280.00000 0.67336
6300.00000 0.66043
6320.00000 0.64676
6340.00000 0.63348
6360.00000 0.62132
6380.00000 0.61041
6400.00000 0.6004
6420.00000 0.59068
6440.00000 0.58101
6460.00000 0.5713
6480.00000 0.56174
6500.00000 0.55287
6520.00000 0.54489
6540.00000 0.53767
6560.00000 0.53107
6580.00000 0.52481
6600.00000 0.51846
6620.00000 0.51141
6640.00000 0.50381
6660.00000 0.49579
6680.00000 0.48753
6700.00000 0.47952
6720.00000 0.4716
6740.00000 0.46367
6760.00000 0.45515
6780.00000 0.4458
6800.00000 0.43538
6820.00000 0.42381
6840.00000 0.41173
6860.00000 0.39944
6880.00000 0.38757
6900.00000 0.37671
6920.00000 0.36716
6940.00000 0.35851
6960.00000 0.34999
6980.00000 0.34076
7000.00000 0.33018
7020.00000 0.3181
7040.00000 0.30461
7060.00000 0.29059
7080.00000 0.27736
7100.00000 0.26601
7120.00000 0.25684
7140.00000 0.24957
7160.00000 0.24359
7180.00000 0.23727
7200.00000 0.22868
7220.00000 0.21622
7240.00000 0.19887
7260.00000 0.17722
7280.00000 0.15332
7300.00000 0.12965
7320.00000 0.10741
7340.00000 0.08676
7360.00000 0.06807
7380.00000 0.0517
7400.00000 0.03796
7420.00000 0.02702
7440.00000 0.01877
7460.00000 0.01283
7480.00000 0.00874
7500.00000 0.00606
7520.00000 0.00429
8272.00000 0.0
