threeML/data/optical_filters/CFHT/CFHT-cfh5338.ecsv
# %ECSV 0.9
# ---
# datatype:
# - {name: wavelength, unit: Angstrom, datatype: float32}
# - {name: response, datatype: float32}
# meta: !!omap
# - {band_name: cfh5338}
# - {group_name: CFHT}
wavelength response
17280.00000 0.0
19200.00000 0.00427
19220.00000 0.00476
19240.00000 0.0052
19260.00000 0.00592
19280.00000 0.00682
19300.00000 0.00784
19320.00000 0.00897
19340.00000 0.01039
19360.00000 0.0123
19380.00000 0.01457
19400.00000 0.01732
19420.00000 0.02112
19440.00000 0.02576
19460.00000 0.03172
19480.00000 0.03944
19500.00000 0.04881
19520.00000 0.06168
19540.00000 0.07851
19560.00000 0.09972
19580.00000 0.12773
19600.00000 0.16315
19620.00000 0.20708
19640.00000 0.26047
19660.00000 0.32373
19680.00000 0.39693
19700.00000 0.47595
19720.00000 0.55748
19740.00000 0.63741
19760.00000 0.70927
19780.00000 0.77098
19800.00000 0.82198
19820.00000 0.86147
19840.00000 0.89091
19860.00000 0.91241
19880.00000 0.92735
19900.00000 0.93797
19920.00000 0.94577
19940.00000 0.95192
19960.00000 0.95679
19980.00000 0.96011
20000.00000 0.96216
20020.00000 0.9628
20040.00000 0.96263
20060.00000 0.96169
20080.00000 0.96016
20100.00000 0.9579
20120.00000 0.95525
20140.00000 0.95268
20160.00000 0.94923
20180.00000 0.94559
20200.00000 0.94247
20220.00000 0.93958
20240.00000 0.9366
20260.00000 0.93353
20280.00000 0.93121
20300.00000 0.92929
20320.00000 0.92767
20340.00000 0.92702
20360.00000 0.92612
20380.00000 0.92506
20400.00000 0.92523
20420.00000 0.92589
20440.00000 0.92644
20460.00000 0.92719
20480.00000 0.9281
20500.00000 0.92938
20520.00000 0.93044
20540.00000 0.93143
20560.00000 0.93311
20580.00000 0.93488
20600.00000 0.93628
20620.00000 0.93802
20640.00000 0.93954
20660.00000 0.94081
20680.00000 0.94238
20700.00000 0.94356
20720.00000 0.94482
20740.00000 0.94617
20760.00000 0.9473
20780.00000 0.94855
20800.00000 0.94948
20820.00000 0.95053
20840.00000 0.95146
20860.00000 0.95195
20880.00000 0.95241
20900.00000 0.95329
20920.00000 0.95407
20940.00000 0.95493
20960.00000 0.9558
20980.00000 0.95631
21000.00000 0.95702
21020.00000 0.95792
21040.00000 0.95842
21060.00000 0.95827
21080.00000 0.95911
21100.00000 0.95976
21120.00000 0.96048
21140.00000 0.9617
21160.00000 0.96202
21180.00000 0.96198
21200.00000 0.96204
21220.00000 0.96266
21240.00000 0.96275
21260.00000 0.96263
21280.00000 0.96298
21300.00000 0.96297
21320.00000 0.96268
21340.00000 0.96246
21360.00000 0.96242
21380.00000 0.96194
21400.00000 0.96152
21420.00000 0.96132
21440.00000 0.96132
21460.00000 0.96133
21480.00000 0.96071
21500.00000 0.96062
21520.00000 0.96074
21540.00000 0.96072
21560.00000 0.96098
21580.00000 0.96153
21600.00000 0.96178
21620.00000 0.96208
21640.00000 0.96291
21660.00000 0.96378
21680.00000 0.9646
21700.00000 0.96526
21720.00000 0.96588
21740.00000 0.96658
21760.00000 0.96718
21780.00000 0.96751
21800.00000 0.96828
21820.00000 0.96866
21840.00000 0.96806
21860.00000 0.96721
21880.00000 0.96674
21900.00000 0.96587
21920.00000 0.96446
21940.00000 0.96198
21960.00000 0.95909
21980.00000 0.95615
22000.00000 0.95332
22020.00000 0.95012
22040.00000 0.94606
22060.00000 0.94301
22080.00000 0.93994
22100.00000 0.93718
22120.00000 0.935
22140.00000 0.93234
22160.00000 0.9297
22180.00000 0.92719
22200.00000 0.92502
22220.00000 0.92279
22240.00000 0.9205
22260.00000 0.91837
22280.00000 0.91599
22300.00000 0.91399
22320.00000 0.9126
22340.00000 0.91113
22360.00000 0.90938
22380.00000 0.90782
22400.00000 0.90726
22420.00000 0.90749
22440.00000 0.90778
22460.00000 0.90868
22480.00000 0.90987
22500.00000 0.91197
22520.00000 0.91493
22540.00000 0.91785
22560.00000 0.92236
22580.00000 0.92754
22600.00000 0.93237
22620.00000 0.93692
22640.00000 0.9409
22660.00000 0.94585
22680.00000 0.9511
22700.00000 0.95465
22720.00000 0.95721
22740.00000 0.95995
22760.00000 0.9617
22780.00000 0.9623
22800.00000 0.96231
22820.00000 0.96194
22840.00000 0.96103
22860.00000 0.95947
22880.00000 0.95815
22900.00000 0.95596
22920.00000 0.95248
22940.00000 0.94748
22960.00000 0.93901
22980.00000 0.92442
23000.00000 0.90082
23020.00000 0.86549
23040.00000 0.81543
23060.00000 0.75
23080.00000 0.67159
23100.00000 0.5847
23120.00000 0.49533
23140.00000 0.40915
23160.00000 0.33192
23180.00000 0.26622
23200.00000 0.21156
23220.00000 0.1671
23240.00000 0.13159
23260.00000 0.10365
23280.00000 0.08173
23300.00000 0.06502
23320.00000 0.05212
23340.00000 0.04181
23360.00000 0.03358
23380.00000 0.02718
23400.00000 0.02237
23420.00000 0.01807
23440.00000 0.01456
23460.00000 0.0123
23480.00000 0.01059
23500.00000 0.00865
23520.00000 0.00703
23540.00000 0.00612
23560.00000 0.00517
23580.00000 0.00452
23600.00000 0.0042
25960.00000 0.0
