threeML/data/optical_filters/CFHT/CFHT-cfh8202.ecsv
# %ECSV 0.9
# ---
# datatype:
# - {name: wavelength, unit: Angstrom, datatype: float32}
# - {name: response, datatype: float32}
# meta: !!omap
# - {band_name: cfh8202}
# - {group_name: CFHT}
wavelength response
13140.00000 0.0
14600.00000 0.00417
14605.00000 0.00433
14610.00000 0.00435
14615.00000 0.00487
14620.00000 0.00534
14625.00000 0.00575
14630.00000 0.00612
14635.00000 0.00653
14640.00000 0.00671
14645.00000 0.00732
14650.00000 0.00813
14655.00000 0.00856
14660.00000 0.0092
14665.00000 0.00995
14670.00000 0.01085
14675.00000 0.01167
14680.00000 0.01262
14685.00000 0.01393
14690.00000 0.01506
14695.00000 0.01646
14700.00000 0.01828
14705.00000 0.02002
14710.00000 0.02194
14715.00000 0.02435
14720.00000 0.02689
14725.00000 0.02959
14730.00000 0.03279
14735.00000 0.03636
14740.00000 0.04005
14745.00000 0.04411
14750.00000 0.04855
14755.00000 0.05325
14760.00000 0.05824
14765.00000 0.06378
14770.00000 0.06964
14775.00000 0.07611
14780.00000 0.08322
14785.00000 0.091
14790.00000 0.09918
14795.00000 0.10808
14800.00000 0.11777
14805.00000 0.12807
14810.00000 0.1387
14815.00000 0.1503
14820.00000 0.16202
14825.00000 0.17488
14830.00000 0.18848
14835.00000 0.20308
14840.00000 0.21852
14845.00000 0.2346
14850.00000 0.25143
14855.00000 0.2691
14860.00000 0.28763
14865.00000 0.3073
14870.00000 0.32729
14875.00000 0.34789
14880.00000 0.36913
14885.00000 0.39175
14890.00000 0.41461
14895.00000 0.43822
14900.00000 0.46227
14905.00000 0.48683
14910.00000 0.51155
14915.00000 0.53667
14920.00000 0.56157
14925.00000 0.58624
14930.00000 0.61078
14935.00000 0.63483
14940.00000 0.65877
14945.00000 0.68153
14950.00000 0.70401
14955.00000 0.72548
14960.00000 0.74631
14965.00000 0.76593
14970.00000 0.78485
14975.00000 0.80211
14980.00000 0.81795
14985.00000 0.83258
14990.00000 0.84634
14995.00000 0.85812
15000.00000 0.86888
15005.00000 0.87808
15010.00000 0.8866
15015.00000 0.89384
15020.00000 0.9003
15025.00000 0.90541
15030.00000 0.90953
15035.00000 0.91289
15040.00000 0.91565
15045.00000 0.91786
15050.00000 0.91949
15055.00000 0.9205
15060.00000 0.92175
15065.00000 0.9223
15070.00000 0.92255
15075.00000 0.92268
15080.00000 0.92252
15085.00000 0.92235
15090.00000 0.92204
15095.00000 0.92197
15100.00000 0.92165
15105.00000 0.92183
15110.00000 0.92216
15115.00000 0.92242
15120.00000 0.92328
15125.00000 0.92358
15130.00000 0.92407
15135.00000 0.92455
15140.00000 0.92488
15145.00000 0.92496
15150.00000 0.92531
15155.00000 0.92641
15160.00000 0.92682
15165.00000 0.92751
15170.00000 0.9279
15175.00000 0.92828
15180.00000 0.92892
15185.00000 0.92966
15190.00000 0.93015
15195.00000 0.92993
15200.00000 0.92993
15205.00000 0.92967
15210.00000 0.9297
15215.00000 0.93018
15220.00000 0.93022
15225.00000 0.93028
15230.00000 0.9304
15235.00000 0.93036
15240.00000 0.93036
15245.00000 0.93025
15250.00000 0.93015
15255.00000 0.92955
15260.00000 0.92902
15265.00000 0.92825
15270.00000 0.92747
15275.00000 0.92693
15280.00000 0.92668
15285.00000 0.92659
15290.00000 0.92615
15295.00000 0.92601
15300.00000 0.92574
15305.00000 0.92545
15310.00000 0.92535
15315.00000 0.92529
15320.00000 0.92476
15325.00000 0.92433
15330.00000 0.92393
15335.00000 0.92339
15340.00000 0.92294
15345.00000 0.92261
15350.00000 0.9223
15355.00000 0.92204
15360.00000 0.92186
15365.00000 0.92151
15370.00000 0.9214
15375.00000 0.92116
15380.00000 0.92108
15385.00000 0.9211
15390.00000 0.92096
15395.00000 0.9207
15400.00000 0.92038
15405.00000 0.92021
15410.00000 0.92021
15415.00000 0.92012
15420.00000 0.91994
15425.00000 0.91966
15430.00000 0.9194
15435.00000 0.91925
15440.00000 0.9193
15445.00000 0.91927
15450.00000 0.91902
15455.00000 0.91914
15460.00000 0.91916
15465.00000 0.91946
15470.00000 0.91951
15475.00000 0.91994
15480.00000 0.92014
15485.00000 0.92033
15490.00000 0.92052
15495.00000 0.92067
15500.00000 0.92096
15505.00000 0.92114
15510.00000 0.92168
15515.00000 0.92169
15520.00000 0.92232
15525.00000 0.92319
15530.00000 0.92393
15535.00000 0.92453
15540.00000 0.92558
15545.00000 0.92651
15550.00000 0.92715
15555.00000 0.92802
15560.00000 0.92862
15565.00000 0.9287
15570.00000 0.92918
15575.00000 0.92987
15580.00000 0.92998
15585.00000 0.9301
15590.00000 0.93036
15595.00000 0.93071
15600.00000 0.93089
15605.00000 0.93178
15610.00000 0.93224
15615.00000 0.93268
15620.00000 0.93304
15625.00000 0.93405
15630.00000 0.93503
15635.00000 0.93573
15640.00000 0.93666
15645.00000 0.93729
15650.00000 0.9384
15655.00000 0.93912
15660.00000 0.94046
15665.00000 0.94115
15670.00000 0.94135
15675.00000 0.94214
15680.00000 0.94275
15685.00000 0.94337
15690.00000 0.94373
15695.00000 0.9438
15700.00000 0.94394
15705.00000 0.9442
15710.00000 0.9451
15715.00000 0.94556
15720.00000 0.94614
15725.00000 0.94676
15730.00000 0.94716
15735.00000 0.94803
15740.00000 0.94875
15745.00000 0.94917
15750.00000 0.94975
15755.00000 0.95027
15760.00000 0.95045
15765.00000 0.9507
15770.00000 0.95157
15775.00000 0.95224
15780.00000 0.95291
15785.00000 0.9536
15790.00000 0.95401
15795.00000 0.95465
15800.00000 0.95543
15805.00000 0.9561
15810.00000 0.95657
15815.00000 0.95702
15820.00000 0.95734
15825.00000 0.95757
15830.00000 0.95775
15835.00000 0.95789
15840.00000 0.9584
15845.00000 0.95862
15850.00000 0.95856
15855.00000 0.95895
15860.00000 0.95914
15865.00000 0.95981
15870.00000 0.96042
15875.00000 0.96068
15880.00000 0.96078
15885.00000 0.96153
15890.00000 0.96202
15895.00000 0.96255
15900.00000 0.96284
15905.00000 0.96315
15910.00000 0.9635
15915.00000 0.96414
15920.00000 0.96445
15925.00000 0.96428
15930.00000 0.96434
15935.00000 0.96428
15940.00000 0.96486
15945.00000 0.96519
15950.00000 0.96524
15955.00000 0.96564
15960.00000 0.96599
15965.00000 0.96649
15970.00000 0.96698
15975.00000 0.96709
15980.00000 0.96695
15985.00000 0.96695
15990.00000 0.96738
15995.00000 0.96725
16000.00000 0.96736
16005.00000 0.96754
16010.00000 0.96753
16015.00000 0.96794
16020.00000 0.96803
16025.00000 0.96808
16030.00000 0.96791
16035.00000 0.96823
16040.00000 0.96846
16045.00000 0.96848
16050.00000 0.96921
16055.00000 0.96933
16060.00000 0.96974
16065.00000 0.96997
16070.00000 0.97015
16075.00000 0.96974
16080.00000 0.96985
16085.00000 0.9697
16090.00000 0.96913
16095.00000 0.96922
16100.00000 0.96919
16105.00000 0.96921
16110.00000 0.9693
16115.00000 0.9695
16120.00000 0.96935
16125.00000 0.96944
16130.00000 0.96948
16135.00000 0.96925
16140.00000 0.96922
16145.00000 0.96886
16150.00000 0.96869
16155.00000 0.9686
16160.00000 0.968
16165.00000 0.96761
16170.00000 0.96716
16175.00000 0.96669
16180.00000 0.96651
16185.00000 0.96678
16190.00000 0.96672
16195.00000 0.96648
16200.00000 0.96663
16205.00000 0.96669
16210.00000 0.96667
16215.00000 0.9668
16220.00000 0.96646
16225.00000 0.96568
16230.00000 0.96548
16235.00000 0.96524
16240.00000 0.96506
16245.00000 0.96436
16250.00000 0.96396
16255.00000 0.96352
16260.00000 0.96329
16265.00000 0.96317
16270.00000 0.96277
16275.00000 0.9624
16280.00000 0.96194
16285.00000 0.96207
16290.00000 0.96162
16295.00000 0.96092
16300.00000 0.96039
16305.00000 0.95996
16310.00000 0.95959
16315.00000 0.9594
16320.00000 0.95937
16325.00000 0.95912
16330.00000 0.95963
16335.00000 0.95976
16340.00000 0.95958
16345.00000 0.9593
16350.00000 0.95863
16355.00000 0.95845
16360.00000 0.95798
16365.00000 0.95786
16370.00000 0.95724
16375.00000 0.95697
16380.00000 0.95705
16385.00000 0.95726
16390.00000 0.95741
16395.00000 0.95708
16400.00000 0.95697
16405.00000 0.95663
16410.00000 0.95634
16415.00000 0.95583
16420.00000 0.95528
16425.00000 0.95439
16430.00000 0.95406
16435.00000 0.95381
16440.00000 0.95366
16445.00000 0.9537
16450.00000 0.95323
16455.00000 0.95374
16460.00000 0.95393
16465.00000 0.95482
16470.00000 0.95543
16475.00000 0.95573
16480.00000 0.95596
16485.00000 0.95621
16490.00000 0.95663
16495.00000 0.95667
16500.00000 0.95682
16505.00000 0.95648
16510.00000 0.95641
16515.00000 0.95645
16520.00000 0.95628
16525.00000 0.95558
16530.00000 0.95541
16535.00000 0.9552
16540.00000 0.95503
16545.00000 0.95497
16550.00000 0.95486
16555.00000 0.95517
16560.00000 0.95543
16565.00000 0.95595
16570.00000 0.95657
16575.00000 0.9575
16580.00000 0.95767
16585.00000 0.95778
16590.00000 0.95792
16595.00000 0.95743
16600.00000 0.95776
16605.00000 0.95801
16610.00000 0.95877
16615.00000 0.95853
16620.00000 0.95914
16625.00000 0.95953
16630.00000 0.95996
16635.00000 0.9604
16640.00000 0.9603
16645.00000 0.96063
16650.00000 0.9599
16655.00000 0.96036
16660.00000 0.96048
16665.00000 0.96092
16670.00000 0.96066
16675.00000 0.96086
16680.00000 0.96158
16685.00000 0.96196
16690.00000 0.96291
16695.00000 0.96284
16700.00000 0.96309
16705.00000 0.96306
16710.00000 0.96364
16715.00000 0.96387
16720.00000 0.96375
16725.00000 0.9639
16730.00000 0.96385
16735.00000 0.964
16740.00000 0.9644
16745.00000 0.96503
16750.00000 0.96581
16755.00000 0.96681
16760.00000 0.96751
16765.00000 0.96782
16770.00000 0.96812
16775.00000 0.96852
16780.00000 0.96883
16785.00000 0.96909
16790.00000 0.96889
16795.00000 0.96893
16800.00000 0.9688
16805.00000 0.96902
16810.00000 0.9695
16815.00000 0.97031
16820.00000 0.97084
16825.00000 0.97134
16830.00000 0.97214
16835.00000 0.97232
16840.00000 0.97278
16845.00000 0.97311
16850.00000 0.97299
16855.00000 0.97295
16860.00000 0.97244
16865.00000 0.97215
16870.00000 0.97183
16875.00000 0.97192
16880.00000 0.97214
16885.00000 0.9722
16890.00000 0.97299
16895.00000 0.97313
16900.00000 0.97368
16905.00000 0.97427
16910.00000 0.97478
16915.00000 0.97542
16920.00000 0.97623
16925.00000 0.97711
16930.00000 0.97725
16935.00000 0.97708
16940.00000 0.9771
16945.00000 0.97707
16950.00000 0.97708
16955.00000 0.97733
16960.00000 0.97745
16965.00000 0.97736
16970.00000 0.9772
16975.00000 0.97765
16980.00000 0.97806
16985.00000 0.97887
16990.00000 0.97957
16995.00000 0.98001
17000.00000 0.97899
17005.00000 0.979
17010.00000 0.97874
17015.00000 0.97906
17020.00000 0.97849
17025.00000 0.97832
17030.00000 0.97829
17035.00000 0.97786
17040.00000 0.97847
17045.00000 0.97859
17050.00000 0.97931
17055.00000 0.97945
17060.00000 0.97972
17065.00000 0.97929
17070.00000 0.97884
17075.00000 0.97897
17080.00000 0.97852
17085.00000 0.97826
17090.00000 0.97763
17095.00000 0.97768
17100.00000 0.97874
17105.00000 0.9794
17110.00000 0.98
17115.00000 0.9803
17120.00000 0.98096
17125.00000 0.9812
17130.00000 0.98244
17135.00000 0.98302
17140.00000 0.98285
17145.00000 0.98259
17150.00000 0.98248
17155.00000 0.98201
17160.00000 0.98218
17165.00000 0.98224
17170.00000 0.98204
17175.00000 0.98167
17180.00000 0.98155
17185.00000 0.98152
17190.00000 0.98132
17195.00000 0.981
17200.00000 0.98108
17205.00000 0.98061
17210.00000 0.97993
17215.00000 0.9794
17220.00000 0.97856
17225.00000 0.97849
17230.00000 0.97865
17235.00000 0.97887
17240.00000 0.97849
17245.00000 0.97855
17250.00000 0.97852
17255.00000 0.97859
17260.00000 0.97913
17265.00000 0.97961
17270.00000 0.97943
17275.00000 0.97958
17280.00000 0.98007
17285.00000 0.98018
17290.00000 0.98016
17295.00000 0.97968
17300.00000 0.9794
17305.00000 0.97902
17310.00000 0.97878
17315.00000 0.97888
17320.00000 0.97879
17325.00000 0.97945
17330.00000 0.97974
17335.00000 0.9809
17340.00000 0.98131
17345.00000 0.98213
17350.00000 0.98248
17355.00000 0.98244
17360.00000 0.9819
17365.00000 0.98129
17370.00000 0.98128
17375.00000 0.98053
17380.00000 0.9799
17385.00000 0.97897
17390.00000 0.97884
17395.00000 0.97855
17400.00000 0.97829
17405.00000 0.97794
17410.00000 0.97742
17415.00000 0.97737
17420.00000 0.97748
17425.00000 0.97723
17430.00000 0.97623
17435.00000 0.97594
17440.00000 0.97603
17445.00000 0.97609
17450.00000 0.97586
17455.00000 0.97586
17460.00000 0.97559
17465.00000 0.97551
17470.00000 0.9758
17475.00000 0.97581
17480.00000 0.97604
17485.00000 0.9769
17490.00000 0.97746
17495.00000 0.97737
17500.00000 0.97757
17505.00000 0.97748
17510.00000 0.978
17515.00000 0.97816
17520.00000 0.97812
17525.00000 0.97746
17530.00000 0.97789
17535.00000 0.97804
17540.00000 0.97868
17545.00000 0.97884
17550.00000 0.97902
17555.00000 0.97928
17560.00000 0.97942
17565.00000 0.97913
17570.00000 0.97874
17575.00000 0.97923
17580.00000 0.97881
17585.00000 0.97966
17590.00000 0.97966
17595.00000 0.97916
17600.00000 0.97818
17605.00000 0.97797
17610.00000 0.97705
17615.00000 0.97595
17620.00000 0.97531
17625.00000 0.97314
17630.00000 0.97144
17635.00000 0.96968
17640.00000 0.96773
17645.00000 0.96501
17650.00000 0.96153
17655.00000 0.95728
17660.00000 0.95221
17665.00000 0.9472
17670.00000 0.94113
17675.00000 0.93465
17680.00000 0.92772
17685.00000 0.91962
17690.00000 0.91045
17695.00000 0.90099
17700.00000 0.88988
17705.00000 0.87799
17710.00000 0.86488
17715.00000 0.85303
17720.00000 0.84001
17725.00000 0.82642
17730.00000 0.81192
17735.00000 0.79675
17740.00000 0.78027
17745.00000 0.76274
17750.00000 0.74406
17755.00000 0.7234
17760.00000 0.70166
17765.00000 0.67912
17770.00000 0.65556
17775.00000 0.63095
17780.00000 0.60718
17785.00000 0.58296
17790.00000 0.55852
17795.00000 0.53363
17800.00000 0.50836
17805.00000 0.48346
17810.00000 0.45946
17815.00000 0.43593
17820.00000 0.41208
17825.00000 0.38882
17830.00000 0.36705
17835.00000 0.34473
17840.00000 0.32426
17845.00000 0.30467
17850.00000 0.28529
17855.00000 0.26657
17860.00000 0.24918
17865.00000 0.23262
17870.00000 0.21683
17875.00000 0.20296
17880.00000 0.18916
17885.00000 0.17546
17890.00000 0.1638
17895.00000 0.15231
17900.00000 0.14175
17905.00000 0.13235
17910.00000 0.12286
17915.00000 0.11447
17920.00000 0.106
17925.00000 0.09853
17930.00000 0.09145
17935.00000 0.0849
17940.00000 0.07903
17945.00000 0.07304
17950.00000 0.06781
17955.00000 0.06219
17960.00000 0.05777
17965.00000 0.05406
17970.00000 0.05023
17975.00000 0.047
17980.00000 0.04416
17985.00000 0.04143
17990.00000 0.03906
17995.00000 0.03687
18000.00000 0.03476
18005.00000 0.03215
18010.00000 0.03011
18015.00000 0.02785
18020.00000 0.02539
18025.00000 0.02341
18030.00000 0.02132
18035.00000 0.01942
18040.00000 0.01804
18045.00000 0.01736
18050.00000 0.01649
18055.00000 0.01549
18060.00000 0.01491
18065.00000 0.01389
18070.00000 0.0135
18075.00000 0.0128
18080.00000 0.01187
18085.00000 0.01048
18090.00000 0.00943
18095.00000 0.00891
18100.00000 0.00793
18105.00000 0.00717
18110.00000 0.0062
18115.00000 0.00555
18120.00000 0.00488
18125.00000 0.00479
18130.00000 0.00424
19943.00000 0.0
