threeML/data/optical_filters/CFHT/CFHT-cfh5345.ecsv
# %ECSV 0.9
# ---
# datatype:
# - {name: wavelength, unit: Angstrom, datatype: float32}
# - {name: response, datatype: float32}
# meta: !!omap
# - {band_name: cfh5345}
# - {group_name: CFHT}
wavelength response
17982.00000 0.0
19980.00000 0.00456
20000.00000 0.00528
20020.00000 0.006
20040.00000 0.00708
20060.00000 0.00792
20080.00000 0.00909
20100.00000 0.01086
20120.00000 0.01244
20140.00000 0.01436
20160.00000 0.01672
20180.00000 0.01978
20200.00000 0.02353
20220.00000 0.02783
20240.00000 0.03328
20260.00000 0.03996
20280.00000 0.04834
20300.00000 0.05836
20320.00000 0.07069
20340.00000 0.08569
20360.00000 0.10416
20380.00000 0.12685
20400.00000 0.15385
20420.00000 0.18561
20440.00000 0.22292
20460.00000 0.26645
20480.00000 0.31567
20500.00000 0.36742
20520.00000 0.42307
20540.00000 0.48372
20560.00000 0.54428
20580.00000 0.60338
20600.00000 0.66011
20620.00000 0.71198
20640.00000 0.75772
20660.00000 0.79697
20680.00000 0.82999
20700.00000 0.85706
20720.00000 0.87875
20740.00000 0.89522
20760.00000 0.90704
20780.00000 0.9155
20800.00000 0.92101
20820.00000 0.92421
20840.00000 0.92575
20860.00000 0.92628
20880.00000 0.92564
20900.00000 0.92415
20920.00000 0.92313
20940.00000 0.92252
20960.00000 0.92197
20980.00000 0.92209
21000.00000 0.92328
21020.00000 0.92447
21040.00000 0.92596
21060.00000 0.92891
21080.00000 0.93256
21100.00000 0.9359
21120.00000 0.93971
21140.00000 0.94409
21160.00000 0.9481
21180.00000 0.95198
21200.00000 0.95541
21220.00000 0.95842
21240.00000 0.96048
21260.00000 0.96216
21280.00000 0.96346
21300.00000 0.96449
21320.00000 0.96484
21340.00000 0.96411
21360.00000 0.96342
21380.00000 0.96178
21400.00000 0.95897
21420.00000 0.95619
21440.00000 0.95399
21460.00000 0.95181
21480.00000 0.9494
21500.00000 0.94661
21520.00000 0.9436
21540.00000 0.94199
21560.00000 0.94028
21580.00000 0.9377
21600.00000 0.93677
21620.00000 0.93646
21640.00000 0.93646
21660.00000 0.937
21680.00000 0.9371
21700.00000 0.9382
21720.00000 0.93948
21740.00000 0.94086
21760.00000 0.94295
21780.00000 0.94453
21800.00000 0.94647
21820.00000 0.94847
21840.00000 0.9503
21860.00000 0.95177
21880.00000 0.953
21900.00000 0.95438
21920.00000 0.95457
21940.00000 0.95421
21960.00000 0.9536
21980.00000 0.95163
22000.00000 0.94962
22020.00000 0.94737
22040.00000 0.94469
22060.00000 0.94319
22080.00000 0.94179
22100.00000 0.94049
22120.00000 0.93951
22140.00000 0.93832
22160.00000 0.93872
22180.00000 0.9395
22200.00000 0.93993
22220.00000 0.93994
22240.00000 0.93959
22260.00000 0.94029
22280.00000 0.9411
22300.00000 0.94157
22320.00000 0.94148
22340.00000 0.94135
22360.00000 0.94199
22380.00000 0.94267
22400.00000 0.94302
22420.00000 0.94322
22440.00000 0.94354
22460.00000 0.94427
22480.00000 0.94463
22500.00000 0.94472
22520.00000 0.94554
22540.00000 0.94655
22560.00000 0.94669
22580.00000 0.94705
22600.00000 0.94785
22620.00000 0.94814
22640.00000 0.94855
22660.00000 0.94945
22680.00000 0.95042
22700.00000 0.9511
22720.00000 0.95154
22740.00000 0.9521
22760.00000 0.95288
22780.00000 0.95384
22800.00000 0.95505
22820.00000 0.9563
22840.00000 0.95757
22860.00000 0.9588
22880.00000 0.95984
22900.00000 0.96046
22920.00000 0.96115
22940.00000 0.96181
22960.00000 0.9622
22980.00000 0.96182
23000.00000 0.96097
23020.00000 0.96008
23040.00000 0.95805
23060.00000 0.95584
23080.00000 0.95358
23100.00000 0.95041
23120.00000 0.94676
23140.00000 0.94304
23160.00000 0.93964
23180.00000 0.93597
23200.00000 0.93257
23220.00000 0.92908
23240.00000 0.9254
23260.00000 0.92255
23280.00000 0.92075
23300.00000 0.91927
23320.00000 0.91814
23340.00000 0.91846
23360.00000 0.91946
23380.00000 0.92155
23400.00000 0.92467
23420.00000 0.92758
23440.00000 0.93149
23460.00000 0.93674
23480.00000 0.94237
23500.00000 0.94722
23520.00000 0.95201
23540.00000 0.95778
23560.00000 0.96127
23580.00000 0.96135
23600.00000 0.95834
23620.00000 0.95055
23640.00000 0.93619
23660.00000 0.91267
23680.00000 0.87807
23700.00000 0.83197
23720.00000 0.77336
23740.00000 0.70367
23760.00000 0.62621
23780.00000 0.5448
23800.00000 0.46448
23820.00000 0.38918
23840.00000 0.32118
23860.00000 0.26152
23880.00000 0.21104
23900.00000 0.16974
23920.00000 0.13644
23940.00000 0.10905
23960.00000 0.08691
23980.00000 0.06969
24000.00000 0.05606
24020.00000 0.04512
24040.00000 0.03696
24060.00000 0.0304
24080.00000 0.02477
24100.00000 0.02058
24120.00000 0.01691
24140.00000 0.01401
24160.00000 0.01135
24180.00000 0.00934
24200.00000 0.00793
24220.00000 0.00644
24240.00000 0.00563
24260.00000 0.005
24280.00000 0.00401
26708.00000 0.0
