threeML/data/optical_filters/CFHT/CFHT-cfh6105.ecsv
# %ECSV 0.9
# ---
# datatype:
# - {name: wavelength, unit: Angstrom, datatype: float32}
# - {name: response, datatype: float32}
# meta: !!omap
# - {band_name: cfh6105}
# - {group_name: CFHT}
wavelength response
9702.00000 0.0
10780.00000 0.00426
10800.00000 0.00618
10820.00000 0.00797
10840.00000 0.00813
10860.00000 0.00786
10880.00000 0.00954
10900.00000 0.01424
10920.00000 0.01898
10940.00000 0.01984
10960.00000 0.01964
10980.00000 0.02402
11000.00000 0.03491
11020.00000 0.04634
11040.00000 0.05069
11060.00000 0.05283
11080.00000 0.0638
11100.00000 0.08673
11120.00000 0.11072
11140.00000 0.12399
11160.00000 0.13525
11180.00000 0.16034
11200.00000 0.19893
11220.00000 0.2327
11240.00000 0.25301
11260.00000 0.27505
11280.00000 0.31244
11300.00000 0.35487
11320.00000 0.38174
11340.00000 0.39207
11360.00000 0.40726
11380.00000 0.43848
11400.00000 0.47147
11420.00000 0.48729
11440.00000 0.48688
11460.00000 0.49042
11480.00000 0.50659
11500.00000 0.52844
11520.00000 0.54109
11540.00000 0.54085
11560.00000 0.54094
11580.00000 0.55057
11600.00000 0.56726
11620.00000 0.57637
11640.00000 0.5735
11660.00000 0.56973
11680.00000 0.57767
11700.00000 0.59497
11720.00000 0.60295
11740.00000 0.59384
11760.00000 0.58063
11780.00000 0.58116
11800.00000 0.59372
11820.00000 0.6015
11840.00000 0.5955
11860.00000 0.58263
11880.00000 0.57343
11900.00000 0.57143
11920.00000 0.57494
11940.00000 0.57755
11960.00000 0.57358
11980.00000 0.56532
12000.00000 0.56056
12020.00000 0.56136
12040.00000 0.56146
12060.00000 0.55843
12080.00000 0.55853
12100.00000 0.56616
12120.00000 0.57428
12140.00000 0.57338
12160.00000 0.56735
12180.00000 0.56956
12200.00000 0.58434
12220.00000 0.6015
12240.00000 0.61209
12260.00000 0.61731
12280.00000 0.62137
12300.00000 0.62447
12320.00000 0.62695
12340.00000 0.63182
12360.00000 0.63344
12380.00000 0.62094
12400.00000 0.58907
12420.00000 0.53764
12440.00000 0.47034
12460.00000 0.40082
12480.00000 0.34459
12500.00000 0.29852
12520.00000 0.24844
12540.00000 0.1925
12560.00000 0.14273
12580.00000 0.10754
12600.00000 0.0851
12620.00000 0.07045
12640.00000 0.05798
12660.00000 0.04535
12680.00000 0.03416
12700.00000 0.02565
12720.00000 0.01999
12740.00000 0.01651
12760.00000 0.01422
12780.00000 0.01202
12800.00000 0.00972
12820.00000 0.00763
12840.00000 0.00609
12860.00000 0.00504
12880.00000 0.00433
14168.00000 0.0
