threeML/data/optical_filters/CFHT/CFHT-cfh5302.ecsv
# %ECSV 0.9
# ---
# datatype:
# - {name: wavelength, unit: Angstrom, datatype: float32}
# - {name: response, datatype: float32}
# meta: !!omap
# - {band_name: cfh5302}
# - {group_name: CFHT}
wavelength response
17694.00000 0.0
19660.00000 0.00427
19680.00000 0.00473
19700.00000 0.0052
19720.00000 0.00545
19740.00000 0.00591
19760.00000 0.00636
19780.00000 0.00671
19800.00000 0.00731
19820.00000 0.00812
19840.00000 0.0087
19860.00000 0.00906
19880.00000 0.00989
19900.00000 0.01106
19920.00000 0.01199
19940.00000 0.01292
19960.00000 0.01436
19980.00000 0.01566
20000.00000 0.01709
20020.00000 0.01878
20040.00000 0.02037
20060.00000 0.02237
20080.00000 0.0246
20100.00000 0.02675
20120.00000 0.02931
20140.00000 0.03247
20160.00000 0.03596
20180.00000 0.03984
20200.00000 0.04414
20220.00000 0.04893
20240.00000 0.05472
20260.00000 0.06126
20280.00000 0.06822
20300.00000 0.07628
20320.00000 0.08542
20340.00000 0.0954
20360.00000 0.10658
20380.00000 0.11917
20400.00000 0.13287
20420.00000 0.14761
20440.00000 0.16383
20460.00000 0.18144
20480.00000 0.20026
20500.00000 0.2191
20520.00000 0.23875
20540.00000 0.26019
20560.00000 0.28185
20580.00000 0.3033
20600.00000 0.32466
20620.00000 0.34544
20640.00000 0.36588
20660.00000 0.38574
20680.00000 0.40454
20700.00000 0.42209
20720.00000 0.43889
20740.00000 0.45509
20760.00000 0.47006
20780.00000 0.48419
20800.00000 0.49786
20820.00000 0.51126
20840.00000 0.52435
20860.00000 0.53732
20880.00000 0.5499
20900.00000 0.56187
20920.00000 0.57393
20940.00000 0.58641
20960.00000 0.59882
20980.00000 0.61072
21000.00000 0.62227
21020.00000 0.63358
21040.00000 0.64468
21060.00000 0.65547
21080.00000 0.666
21100.00000 0.6761
21120.00000 0.68546
21140.00000 0.69417
21160.00000 0.70209
21180.00000 0.7094
21200.00000 0.71629
21220.00000 0.72241
21240.00000 0.72757
21260.00000 0.73219
21280.00000 0.73642
21300.00000 0.73999
21320.00000 0.74338
21340.00000 0.74626
21360.00000 0.74846
21380.00000 0.75044
21400.00000 0.7518
21420.00000 0.75291
21440.00000 0.75412
21460.00000 0.75505
21480.00000 0.75555
21500.00000 0.75562
21520.00000 0.75563
21540.00000 0.75613
21560.00000 0.75636
21580.00000 0.7563
21600.00000 0.7565
21620.00000 0.75687
21640.00000 0.75694
21660.00000 0.75636
21680.00000 0.75569
21700.00000 0.75516
21720.00000 0.75488
21740.00000 0.75397
21760.00000 0.75294
21780.00000 0.75218
21800.00000 0.75113
21820.00000 0.75023
21840.00000 0.74928
21860.00000 0.74803
21880.00000 0.74678
21900.00000 0.74588
21920.00000 0.74408
21940.00000 0.74255
21960.00000 0.74197
21980.00000 0.7411
22000.00000 0.7404
22020.00000 0.73914
22040.00000 0.73764
22060.00000 0.73694
22080.00000 0.73665
22100.00000 0.7363
22120.00000 0.73561
22140.00000 0.73534
22160.00000 0.73524
22180.00000 0.7352
22200.00000 0.73567
22220.00000 0.73628
22240.00000 0.73677
22260.00000 0.73735
22280.00000 0.7382
22300.00000 0.73862
22320.00000 0.73952
22340.00000 0.74109
22360.00000 0.74266
22380.00000 0.74426
22400.00000 0.746
22420.00000 0.7476
22440.00000 0.7489
22460.00000 0.75056
22480.00000 0.75243
22500.00000 0.75406
22520.00000 0.75594
22540.00000 0.75813
22560.00000 0.7601
22580.00000 0.76186
22600.00000 0.76373
22620.00000 0.76624
22640.00000 0.76842
22660.00000 0.77029
22680.00000 0.77211
22700.00000 0.7742
22720.00000 0.77696
22740.00000 0.77919
22760.00000 0.78099
22780.00000 0.78268
22800.00000 0.78453
22820.00000 0.78618
22840.00000 0.78761
22860.00000 0.78922
22880.00000 0.79042
22900.00000 0.79126
22920.00000 0.79175
22940.00000 0.79167
22960.00000 0.79146
22980.00000 0.791
23000.00000 0.78954
23020.00000 0.78755
23040.00000 0.78545
23060.00000 0.78192
23080.00000 0.77737
23100.00000 0.77258
23120.00000 0.76675
23140.00000 0.76027
23160.00000 0.75281
23180.00000 0.7439
23200.00000 0.73398
23220.00000 0.72279
23240.00000 0.71115
23260.00000 0.69888
23280.00000 0.68553
23300.00000 0.67039
23320.00000 0.65468
23340.00000 0.63904
23360.00000 0.6221
23380.00000 0.60426
23400.00000 0.58614
23420.00000 0.56789
23440.00000 0.54883
23460.00000 0.52927
23480.00000 0.50969
23500.00000 0.49042
23520.00000 0.47092
23540.00000 0.45155
23560.00000 0.43251
23580.00000 0.41376
23600.00000 0.39546
23620.00000 0.37756
23640.00000 0.36055
23660.00000 0.34384
23680.00000 0.32745
23700.00000 0.31148
23720.00000 0.29613
23740.00000 0.28162
23760.00000 0.26712
23780.00000 0.25331
23800.00000 0.24048
23820.00000 0.22777
23840.00000 0.21556
23860.00000 0.20374
23880.00000 0.19264
23900.00000 0.18211
23920.00000 0.17184
23940.00000 0.16219
23960.00000 0.15317
23980.00000 0.14444
24000.00000 0.13641
24020.00000 0.1292
24040.00000 0.12212
24060.00000 0.1154
24080.00000 0.10872
24100.00000 0.1026
24120.00000 0.09724
24140.00000 0.09167
24160.00000 0.08629
24180.00000 0.08127
24200.00000 0.07654
24220.00000 0.07191
24240.00000 0.06787
24260.00000 0.06403
24280.00000 0.06004
24300.00000 0.05685
24320.00000 0.05376
24340.00000 0.05061
24360.00000 0.04776
24380.00000 0.04483
24400.00000 0.0419
24420.00000 0.03955
24440.00000 0.03752
24460.00000 0.03548
24480.00000 0.03383
24500.00000 0.03227
24520.00000 0.03056
24540.00000 0.02881
24560.00000 0.02727
24580.00000 0.02614
24600.00000 0.02481
24620.00000 0.02327
24640.00000 0.02205
24660.00000 0.02118
24680.00000 0.01981
24700.00000 0.01865
24720.00000 0.0184
24740.00000 0.01776
24760.00000 0.01685
24780.00000 0.01608
24800.00000 0.01534
24820.00000 0.01453
24840.00000 0.01424
24860.00000 0.01402
24880.00000 0.01297
24900.00000 0.01253
24920.00000 0.01233
24940.00000 0.01169
24960.00000 0.01129
24980.00000 0.01102
25000.00000 0.01088
25020.00000 0.01024
25040.00000 0.00952
25060.00000 0.00934
25080.00000 0.00905
25100.00000 0.00851
25120.00000 0.00792
25140.00000 0.00774
25160.00000 0.00793
25180.00000 0.00771
25200.00000 0.00734
25220.00000 0.00754
25240.00000 0.00729
25260.00000 0.00668
25280.00000 0.00668
25300.00000 0.00682
25320.00000 0.00677
25340.00000 0.00673
25360.00000 0.00641
25380.00000 0.0063
25400.00000 0.006
25420.00000 0.00545
25440.00000 0.00511
25460.00000 0.00514
25480.00000 0.00482
25500.00000 0.00467
25520.00000 0.00493
25540.00000 0.00485
25560.00000 0.00482
25580.00000 0.00455
25600.00000 0.00497
25620.00000 0.00458
28182.00000 0.0
