threeML/data/optical_filters/CFHT/CFHT-cfh1622.ecsv
# %ECSV 0.9
# ---
# datatype:
# - {name: wavelength, unit: Angstrom, datatype: float32}
# - {name: response, datatype: float32}
# meta: !!omap
# - {band_name: cfh1622}
# - {group_name: CFHT}
wavelength response
4230.00000 0.0
4700.00000 0.00974
4720.00000 0.08041
4740.00000 0.23502
4760.00000 0.30473
4780.00000 0.37807
4800.00000 0.56223
4820.00000 0.59518
4840.00000 0.49767
4860.00000 0.48424
4880.00000 0.58847
4900.00000 0.73201
4920.00000 0.80006
4940.00000 0.76494
4960.00000 0.70686
4980.00000 0.69
5000.00000 0.72115
5020.00000 0.77783
5040.00000 0.82561
5060.00000 0.83849
5080.00000 0.81935
5100.00000 0.79305
5120.00000 0.78148
5140.00000 0.79007
5160.00000 0.81073
5180.00000 0.82933
5200.00000 0.83409
5220.00000 0.82442
5240.00000 0.80823
5260.00000 0.79581
5280.00000 0.79359
5300.00000 0.80457
5320.00000 0.82451
5340.00000 0.84506
5360.00000 0.86191
5380.00000 0.87294
5400.00000 0.87912
5420.00000 0.88257
5440.00000 0.88524
5460.00000 0.88707
5480.00000 0.88731
5500.00000 0.88385
5520.00000 0.87527
5540.00000 0.8624
5560.00000 0.84613
5580.00000 0.82909
5600.00000 0.81398
5620.00000 0.80251
5640.00000 0.79634
5660.00000 0.7964
5680.00000 0.80295
5700.00000 0.81592
5720.00000 0.83374
5740.00000 0.85446
5760.00000 0.87517
5780.00000 0.89209
5800.00000 0.90259
5820.00000 0.90492
5840.00000 0.90005
5860.00000 0.89001
5880.00000 0.87794
5900.00000 0.86813
5920.00000 0.86316
5940.00000 0.86424
5960.00000 0.87154
5980.00000 0.88361
6000.00000 0.89725
6020.00000 0.90906
6040.00000 0.91643
6060.00000 0.91801
6080.00000 0.91351
6100.00000 0.90526
6120.00000 0.89705
6140.00000 0.89125
6160.00000 0.89032
6180.00000 0.89528
6200.00000 0.90462
6220.00000 0.91597
6240.00000 0.92604
6260.00000 0.93175
6280.00000 0.9308
6300.00000 0.92308
6320.00000 0.91086
6340.00000 0.89684
6360.00000 0.88452
6380.00000 0.87633
6400.00000 0.87337
6420.00000 0.87599
6440.00000 0.88283
6460.00000 0.89133
6480.00000 0.89841
6500.00000 0.90134
6520.00000 0.89799
6540.00000 0.88727
6560.00000 0.8707
6580.00000 0.85083
6600.00000 0.82945
6620.00000 0.80896
6640.00000 0.79131
6660.00000 0.77827
6680.00000 0.77086
6700.00000 0.76982
6720.00000 0.77586
6740.00000 0.78854
6760.00000 0.80588
6780.00000 0.82436
6800.00000 0.83971
6820.00000 0.8465
6840.00000 0.83958
6860.00000 0.81728
6880.00000 0.78308
6900.00000 0.74544
6920.00000 0.71404
6940.00000 0.69667
6960.00000 0.70016
6980.00000 0.72931
7000.00000 0.78366
7020.00000 0.85201
7040.00000 0.90256
7060.00000 0.88817
7080.00000 0.78986
7100.00000 0.64931
7120.00000 0.52516
7140.00000 0.44716
7160.00000 0.42879
7180.00000 0.48724
7200.00000 0.60088
7220.00000 0.57431
7240.00000 0.33289
7260.00000 0.11819
7280.00000 0.03835
7300.00000 0.01488
7320.00000 0.00667
8052.00000 0.0
