threeML/data/optical_filters/CFHT/CFHT-cfh1708.ecsv
# %ECSV 0.9
# ---
# datatype:
# - {name: wavelength, unit: Angstrom, datatype: float32}
# - {name: response, datatype: float32}
# meta: !!omap
# - {band_name: cfh1708}
# - {group_name: CFHT}
wavelength response
5778.00000 0.0
6420.00000 0.01186
6440.00000 0.06499
6460.00000 0.30612
6480.00000 0.59975
6500.00000 0.64568
6520.00000 0.62459
6540.00000 0.71617
6560.00000 0.80309
6580.00000 0.82462
6600.00000 0.81667
6620.00000 0.82484
6640.00000 0.85373
6660.00000 0.8847
6680.00000 0.90102
6700.00000 0.90184
6720.00000 0.89928
6740.00000 0.90273
6760.00000 0.91153
6780.00000 0.91716
6800.00000 0.90924
6820.00000 0.8853
6840.00000 0.85091
6860.00000 0.8161
6880.00000 0.79045
6900.00000 0.77898
6920.00000 0.78246
6940.00000 0.79776
6960.00000 0.82039
6980.00000 0.84497
7000.00000 0.86662
7020.00000 0.88287
7040.00000 0.89284
7060.00000 0.89743
7080.00000 0.89751
7100.00000 0.89427
7120.00000 0.88829
7140.00000 0.8801
7160.00000 0.87143
7180.00000 0.86363
7200.00000 0.85847
7220.00000 0.85765
7240.00000 0.86284
7260.00000 0.87471
7280.00000 0.89175
7300.00000 0.91153
7320.00000 0.93015
7340.00000 0.94391
7360.00000 0.94931
7380.00000 0.9442
7400.00000 0.92982
7420.00000 0.90944
7440.00000 0.88683
7460.00000 0.86526
7480.00000 0.84877
7500.00000 0.84
7520.00000 0.83917
7540.00000 0.84618
7560.00000 0.86029
7580.00000 0.87927
7600.00000 0.89951
7620.00000 0.91803
7640.00000 0.93188
7660.00000 0.93689
7680.00000 0.93178
7700.00000 0.91769
7720.00000 0.89691
7740.00000 0.87254
7760.00000 0.84843
7780.00000 0.82848
7800.00000 0.81433
7820.00000 0.8076
7840.00000 0.80896
7860.00000 0.81783
7880.00000 0.83356
7900.00000 0.85336
7920.00000 0.87413
7940.00000 0.8927
7960.00000 0.90631
7980.00000 0.91171
8000.00000 0.9082
8020.00000 0.89778
8040.00000 0.8817
8060.00000 0.86243
8080.00000 0.84213
8100.00000 0.82281
8120.00000 0.80467
8140.00000 0.7888
8160.00000 0.77481
8180.00000 0.76201
8200.00000 0.75189
8220.00000 0.74622
8240.00000 0.7459
8260.00000 0.75017
8280.00000 0.75995
8300.00000 0.77727
8320.00000 0.79594
8340.00000 0.80606
8360.00000 0.79945
8380.00000 0.76967
8400.00000 0.71988
8420.00000 0.65826
8440.00000 0.59749
8460.00000 0.55049
8480.00000 0.52408
8500.00000 0.52426
8520.00000 0.55943
8540.00000 0.63463
8560.00000 0.72713
8580.00000 0.75449
8600.00000 0.61246
8620.00000 0.37675
8640.00000 0.2021
8660.00000 0.1077
8680.00000 0.06136
8700.00000 0.03735
8720.00000 0.02397
8740.00000 0.01636
8760.00000 0.0118
8780.00000 0.00858
8800.00000 0.00626
8820.00000 0.00473
9702.00000 0.0
