threeML/data/optical_filters/CFHT/CFHT-cfh5344.ecsv
# %ECSV 0.9
# ---
# datatype:
# - {name: wavelength, unit: Angstrom, datatype: float32}
# - {name: response, datatype: float32}
# meta: !!omap
# - {band_name: cfh5344}
# - {group_name: CFHT}
wavelength response
18018.00000 0.0
20020.00000 0.00432
20040.00000 0.00526
20060.00000 0.00621
20080.00000 0.00714
20100.00000 0.00809
20120.00000 0.00905
20140.00000 0.01073
20160.00000 0.01277
20180.00000 0.01482
20200.00000 0.01709
20220.00000 0.02019
20240.00000 0.02417
20260.00000 0.0289
20280.00000 0.03461
20300.00000 0.0415
20320.00000 0.05
20340.00000 0.06038
20360.00000 0.0731
20380.00000 0.08894
20400.00000 0.10826
20420.00000 0.13144
20440.00000 0.15935
20460.00000 0.19284
20480.00000 0.23193
20500.00000 0.27464
20520.00000 0.32353
20540.00000 0.37947
20560.00000 0.43901
20580.00000 0.50049
20600.00000 0.56215
20620.00000 0.6218
20640.00000 0.67744
20660.00000 0.72816
20680.00000 0.7724
20700.00000 0.80983
20720.00000 0.84103
20740.00000 0.86607
20760.00000 0.88576
20780.00000 0.90096
20800.00000 0.91158
20820.00000 0.91862
20840.00000 0.92317
20860.00000 0.92575
20880.00000 0.9265
20900.00000 0.92578
20920.00000 0.92473
20940.00000 0.92345
20960.00000 0.92216
20980.00000 0.92131
21000.00000 0.92076
21020.00000 0.92046
21040.00000 0.92108
21060.00000 0.92287
21080.00000 0.92549
21100.00000 0.92786
21120.00000 0.93083
21140.00000 0.93509
21160.00000 0.93927
21180.00000 0.94325
21200.00000 0.94687
21220.00000 0.95088
21240.00000 0.95468
21260.00000 0.95772
21280.00000 0.96057
21300.00000 0.96303
21320.00000 0.96419
21340.00000 0.965
21360.00000 0.96538
21380.00000 0.96436
21400.00000 0.96332
21420.00000 0.96188
21440.00000 0.95944
21460.00000 0.95735
21480.00000 0.95518
21500.00000 0.9521
21520.00000 0.94901
21540.00000 0.94687
21560.00000 0.94467
21580.00000 0.94196
21600.00000 0.94034
21620.00000 0.93878
21640.00000 0.93747
21660.00000 0.93671
21680.00000 0.93616
21700.00000 0.93671
21720.00000 0.9375
21740.00000 0.9382
21760.00000 0.93942
21780.00000 0.94072
21800.00000 0.94193
21820.00000 0.94348
21840.00000 0.94559
21860.00000 0.94699
21880.00000 0.94864
21900.00000 0.95078
21920.00000 0.95119
21940.00000 0.95107
21960.00000 0.95076
21980.00000 0.94954
22000.00000 0.94841
22020.00000 0.94662
22040.00000 0.94453
22060.00000 0.94327
22080.00000 0.94237
22100.00000 0.94118
22120.00000 0.94044
22140.00000 0.94016
22160.00000 0.94029
22180.00000 0.94113
22200.00000 0.94147
22220.00000 0.94162
22240.00000 0.94185
22260.00000 0.94188
22280.00000 0.94165
22300.00000 0.94225
22320.00000 0.94208
22340.00000 0.94151
22360.00000 0.94226
22380.00000 0.94244
22400.00000 0.94228
22420.00000 0.94269
22440.00000 0.94334
22460.00000 0.94414
22480.00000 0.94458
22500.00000 0.94489
22520.00000 0.94576
22540.00000 0.94662
22560.00000 0.94696
22580.00000 0.94762
22600.00000 0.94843
22620.00000 0.94899
22640.00000 0.9498
22660.00000 0.95096
22680.00000 0.95157
22700.00000 0.95187
22720.00000 0.95256
22740.00000 0.95345
22760.00000 0.95375
22780.00000 0.95439
22800.00000 0.95584
22820.00000 0.95639
22840.00000 0.95715
22860.00000 0.95844
22880.00000 0.95979
22900.00000 0.96049
22920.00000 0.96068
22940.00000 0.96167
22960.00000 0.96281
22980.00000 0.96298
23000.00000 0.96275
23020.00000 0.96254
23040.00000 0.96176
23060.00000 0.96072
23080.00000 0.95938
23100.00000 0.95688
23120.00000 0.95386
23140.00000 0.95117
23160.00000 0.94873
23180.00000 0.94493
23200.00000 0.94098
23220.00000 0.93776
23240.00000 0.93326
23260.00000 0.92923
23280.00000 0.92661
23300.00000 0.92368
23320.00000 0.92108
23340.00000 0.91937
23360.00000 0.91859
23380.00000 0.91885
23400.00000 0.91951
23420.00000 0.92087
23440.00000 0.92328
23460.00000 0.92638
23480.00000 0.93086
23500.00000 0.93527
23520.00000 0.93988
23540.00000 0.94658
23560.00000 0.95235
23580.00000 0.95668
23600.00000 0.9603
23620.00000 0.96242
23640.00000 0.96179
23660.00000 0.95529
23680.00000 0.9426
23700.00000 0.92331
23720.00000 0.89343
23740.00000 0.85123
23760.00000 0.79729
23780.00000 0.73314
23800.00000 0.65959
23820.00000 0.57945
23840.00000 0.49863
23860.00000 0.42094
23880.00000 0.35017
23900.00000 0.28761
23920.00000 0.23337
23940.00000 0.18814
23960.00000 0.15085
23980.00000 0.12088
24000.00000 0.09732
24020.00000 0.07828
24040.00000 0.06305
24060.00000 0.05116
24080.00000 0.04111
24100.00000 0.03325
24120.00000 0.02773
24140.00000 0.02274
24160.00000 0.0183
24180.00000 0.0153
24200.00000 0.01268
24220.00000 0.01054
24240.00000 0.00882
24260.00000 0.00703
24280.00000 0.00618
24300.00000 0.00536
24320.00000 0.0043
26752.00000 0.0
