threeML/data/optical_filters/CFHT/CFHT-cfh1618.ecsv
# %ECSV 0.9
# ---
# datatype:
# - {name: wavelength, unit: Angstrom, datatype: float32}
# - {name: response, datatype: float32}
# meta: !!omap
# - {band_name: cfh1618}
# - {group_name: CFHT}
wavelength response
5624.10010 0.0
6249.00000 0.00406
6250.00000 0.00406
6251.00000 0.00443
6252.00000 0.00488
6253.00000 0.00508
6254.00000 0.00549
6255.00000 0.00589
6256.00000 0.00636
6257.00000 0.00679
6258.00000 0.00725
6259.00000 0.00781
6260.00000 0.0089
6261.00000 0.00916
6262.00000 0.01031
6263.00000 0.0116
6264.00000 0.01233
6265.00000 0.01372
6266.00000 0.015
6267.00000 0.01627
6268.00000 0.01831
6269.00000 0.02026
6270.00000 0.02235
6271.00000 0.02443
6272.00000 0.02724
6273.00000 0.0309
6274.00000 0.03497
6275.00000 0.03905
6276.00000 0.04388
6277.00000 0.04855
6278.00000 0.05438
6279.00000 0.06253
6280.00000 0.07222
6281.00000 0.08319
6282.00000 0.09511
6283.00000 0.10741
6284.00000 0.12608
6285.00000 0.14336
6286.00000 0.16649
6287.00000 0.1907
6288.00000 0.21875
6289.00000 0.2515
6290.00000 0.28273
6291.00000 0.32225
6292.00000 0.36136
6293.00000 0.3968
6294.00000 0.43639
6295.00000 0.46935
6296.00000 0.498
6297.00000 0.52681
6298.00000 0.54816
6299.00000 0.57092
6300.00000 0.5818
6301.00000 0.59302
6302.00000 0.60149
6303.00000 0.60468
6304.00000 0.60439
6305.00000 0.60425
6306.00000 0.60181
6307.00000 0.60103
6308.00000 0.5894
6309.00000 0.58342
6310.00000 0.56816
6311.00000 0.545
6312.00000 0.52541
6313.00000 0.50084
6314.00000 0.47105
6315.00000 0.43596
6316.00000 0.39874
6317.00000 0.36073
6318.00000 0.3226
6319.00000 0.29085
6320.00000 0.25143
6321.00000 0.22084
6322.00000 0.19257
6323.00000 0.17001
6324.00000 0.14461
6325.00000 0.12741
6326.00000 0.11194
6327.00000 0.09523
6328.00000 0.08408
6329.00000 0.07341
6330.00000 0.06383
6331.00000 0.05672
6332.00000 0.05049
6333.00000 0.04497
6334.00000 0.03859
6335.00000 0.03456
6336.00000 0.03114
6337.00000 0.02747
6338.00000 0.02515
6339.00000 0.02246
6340.00000 0.02016
6341.00000 0.01816
6342.00000 0.01648
6343.00000 0.01511
6344.00000 0.01341
6345.00000 0.01241
6346.00000 0.01118
6347.00000 0.00974
6348.00000 0.00935
6349.00000 0.00887
6350.00000 0.00807
6351.00000 0.00813
6352.00000 0.00685
6353.00000 0.00668
6354.00000 0.00592
6355.00000 0.00591
6356.00000 0.00529
6357.00000 0.00497
6358.00000 0.00447
6359.00000 0.00401
6360.00000 0.00433
6996.00000 0.0
