threeML/data/optical_filters/CFHT/CFHT-cfh6102.ecsv
# %ECSV 0.9
# ---
# datatype:
# - {name: wavelength, unit: Angstrom, datatype: float32}
# - {name: response, datatype: float32}
# meta: !!omap
# - {band_name: cfh6102}
# - {group_name: CFHT}
wavelength response
10638.00000 0.0
11820.00000 0.00461
11840.00000 0.00525
11860.00000 0.00613
11880.00000 0.00716
11900.00000 0.0083
11920.00000 0.00955
11940.00000 0.01096
11960.00000 0.01274
11980.00000 0.01479
12000.00000 0.01721
12020.00000 0.02002
12040.00000 0.02333
12060.00000 0.02718
12080.00000 0.0318
12100.00000 0.03729
12120.00000 0.04318
12140.00000 0.05075
12160.00000 0.05949
12180.00000 0.0694
12200.00000 0.08167
12220.00000 0.09538
12240.00000 0.11081
12260.00000 0.12938
12280.00000 0.15034
12300.00000 0.17128
12320.00000 0.19617
12340.00000 0.22351
12360.00000 0.25172
12380.00000 0.28398
12400.00000 0.31355
12420.00000 0.34453
12440.00000 0.3777
12460.00000 0.40619
12480.00000 0.43274
12500.00000 0.45654
12520.00000 0.47636
12540.00000 0.49329
12560.00000 0.5074
12580.00000 0.51732
12600.00000 0.52409
12620.00000 0.5304
12640.00000 0.53232
12660.00000 0.53282
12680.00000 0.53644
12700.00000 0.534
12720.00000 0.53162
12740.00000 0.5359
12760.00000 0.53221
12780.00000 0.52876
12800.00000 0.53468
12820.00000 0.53238
12840.00000 0.5291
12860.00000 0.5367
12880.00000 0.5378
12900.00000 0.53505
12920.00000 0.54254
12940.00000 0.54694
12960.00000 0.54602
12980.00000 0.55318
13000.00000 0.56049
13020.00000 0.5627
13040.00000 0.56918
13060.00000 0.57672
13080.00000 0.58095
13100.00000 0.58646
13120.00000 0.59268
13140.00000 0.59756
13160.00000 0.60181
13180.00000 0.60559
13200.00000 0.60878
13220.00000 0.61073
13240.00000 0.61223
13260.00000 0.61282
13280.00000 0.61134
13300.00000 0.61118
13320.00000 0.61086
13340.00000 0.60684
13360.00000 0.60587
13380.00000 0.60725
13400.00000 0.60284
13420.00000 0.60106
13440.00000 0.60477
13460.00000 0.60257
13480.00000 0.60066
13500.00000 0.60387
13520.00000 0.60049
13540.00000 0.59344
13560.00000 0.58667
13580.00000 0.56775
13600.00000 0.53941
13620.00000 0.50861
13640.00000 0.46666
13660.00000 0.41344
13680.00000 0.3597
13700.00000 0.30876
13720.00000 0.25504
13740.00000 0.20471
13760.00000 0.16733
13780.00000 0.13634
13800.00000 0.10583
13820.00000 0.08174
13840.00000 0.06709
13860.00000 0.05412
13880.00000 0.04054
13900.00000 0.03236
13920.00000 0.02783
13940.00000 0.02193
13960.00000 0.01662
13980.00000 0.01427
14000.00000 0.01241
14020.00000 0.00945
14040.00000 0.00745
14060.00000 0.00694
14080.00000 0.0061
14100.00000 0.00461
15510.00000 0.0
