threeML/data/optical_filters/CFHT/CFHT-cfh6202.ecsv
# %ECSV 0.9
# ---
# datatype:
# - {name: wavelength, unit: Angstrom, datatype: float32}
# - {name: response, datatype: float32}
# meta: !!omap
# - {band_name: cfh6202}
# - {group_name: CFHT}
wavelength response
14584.50000 0.0
16205.00000 0.0047
16210.00000 0.00186
16215.00000 0.0033
16220.00000 0.00284
16225.00000 0.00284
16230.00000 0.00381
16235.00000 0.00238
16240.00000 0.00238
16245.00000 0.00575
16250.00000 0.00337
16255.00000 0.00386
16260.00000 0.00339
16265.00000 0.00679
16270.00000 0.00681
16275.00000 0.00635
16280.00000 0.00488
16285.00000 0.00391
16290.00000 0.00638
16295.00000 0.00739
16300.00000 0.0079
16305.00000 0.01038
16310.00000 0.00891
16315.00000 0.00996
16320.00000 0.01147
16325.00000 0.01202
16330.00000 0.01303
16335.00000 0.0121
16340.00000 0.01614
16345.00000 0.01572
16350.00000 0.01878
16355.00000 0.02042
16360.00000 0.02248
16365.00000 0.02303
16370.00000 0.02711
16375.00000 0.03079
16380.00000 0.03349
16385.00000 0.03767
16390.00000 0.04199
16395.00000 0.0446
16400.00000 0.05255
16405.00000 0.05792
16410.00000 0.06387
16415.00000 0.07179
16420.00000 0.08296
16425.00000 0.08754
16430.00000 0.10172
16435.00000 0.11272
16440.00000 0.12717
16445.00000 0.13882
16450.00000 0.16245
16455.00000 0.17513
16460.00000 0.19949
16465.00000 0.21368
16470.00000 0.23645
16475.00000 0.25044
16480.00000 0.27432
16485.00000 0.29089
16490.00000 0.31114
16495.00000 0.32373
16500.00000 0.3399
16505.00000 0.34811
16510.00000 0.3611
16515.00000 0.36794
16520.00000 0.37389
16525.00000 0.37836
16530.00000 0.38474
16535.00000 0.38731
16540.00000 0.39087
16545.00000 0.39214
16550.00000 0.39522
16555.00000 0.39777
16560.00000 0.40024
16565.00000 0.40195
16570.00000 0.40515
16575.00000 0.40955
16580.00000 0.41042
16585.00000 0.41277
16590.00000 0.41641
16595.00000 0.41455
16600.00000 0.41034
16605.00000 0.40952
16610.00000 0.39822
16615.00000 0.39005
16620.00000 0.37389
16625.00000 0.36021
16630.00000 0.33887
16635.00000 0.31961
16640.00000 0.29152
16645.00000 0.27296
16650.00000 0.2422
16655.00000 0.22617
16660.00000 0.20164
16665.00000 0.18098
16670.00000 0.15678
16675.00000 0.14436
16680.00000 0.12483
16685.00000 0.1131
16690.00000 0.09637
16695.00000 0.08946
16700.00000 0.07924
16705.00000 0.06934
16710.00000 0.06178
16715.00000 0.05365
16720.00000 0.0507
16725.00000 0.04309
16730.00000 0.03961
16735.00000 0.03607
16740.00000 0.03256
16745.00000 0.03149
16750.00000 0.02731
16755.00000 0.02373
16760.00000 0.02203
16765.00000 0.02078
16770.00000 0.02142
16775.00000 0.01849
16780.00000 0.01671
16785.00000 0.01436
16790.00000 0.01135
16795.00000 0.01259
16800.00000 0.01141
16805.00000 0.01202
16810.00000 0.01024
16815.00000 0.01027
16820.00000 0.00847
16825.00000 0.00604
16830.00000 0.00543
16835.00000 0.00784
16840.00000 0.00603
16845.00000 0.00908
16850.00000 0.00606
18535.00000 0.0
