threeML/data/optical_filters/CFHT/CFHT-cfh5331.ecsv
# %ECSV 0.9
# ---
# datatype:
# - {name: wavelength, unit: Angstrom, datatype: float32}
# - {name: response, datatype: float32}
# meta: !!omap
# - {band_name: cfh5331}
# - {group_name: CFHT}
wavelength response
18670.50000 0.0
20745.00000 0.00414
20750.00000 0.00308
20755.00000 0.00204
20760.00000 0.0
20765.00000 0.00414
20770.00000 0.0
20775.00000 0.00418
20780.00000 0.00208
20785.00000 0.00209
20790.00000 0.00417
20795.00000 0.00417
20800.00000 0.00313
20805.00000 0.0
20810.00000 0.0
20815.00000 0.00105
20820.00000 0.00211
20825.00000 0.00211
20830.00000 0.00105
20835.00000 0.0
20840.00000 0.0
20845.00000 0.00212
20850.00000 0.0
20855.00000 0.00105
20860.00000 0.00743
20865.00000 0.00533
20870.00000 0.0
20875.00000 0.0032
20880.00000 0.0
20885.00000 0.00105
20890.00000 0.00426
20895.00000 0.00429
20900.00000 0.00429
20905.00000 0.0
20910.00000 0.00107
20915.00000 0.00325
20920.00000 0.00761
20925.00000 0.00433
20930.00000 0.0
20935.00000 0.00328
20940.00000 0.00438
20945.00000 0.00659
20950.00000 0.00769
20955.00000 0.00551
20960.00000 0.00439
20965.00000 0.0099
20970.00000 0.00554
20975.00000 0.00441
20980.00000 0.01208
20985.00000 0.00992
20990.00000 0.01109
20995.00000 0.01437
21000.00000 0.02
21005.00000 0.02457
21010.00000 0.02805
21015.00000 0.03268
21020.00000 0.04053
21025.00000 0.04408
21030.00000 0.06136
21035.00000 0.06586
21040.00000 0.08762
21045.00000 0.11571
21050.00000 0.12987
21055.00000 0.16656
21060.00000 0.22121
21065.00000 0.24529
21070.00000 0.32852
21075.00000 0.35321
21080.00000 0.4106
21085.00000 0.43854
21090.00000 0.4511
21095.00000 0.45605
21100.00000 0.43463
21105.00000 0.44112
21110.00000 0.39609
21115.00000 0.39333
21120.00000 0.39166
21125.00000 0.36082
21130.00000 0.3784
21135.00000 0.37419
21140.00000 0.35756
21145.00000 0.39575
21150.00000 0.37845
21155.00000 0.39299
21160.00000 0.43695
21165.00000 0.42525
21170.00000 0.46838
21175.00000 0.4695
21180.00000 0.47957
21185.00000 0.47745
21190.00000 0.4446
21195.00000 0.43178
21200.00000 0.35641
21205.00000 0.32559
21210.00000 0.27063
21215.00000 0.21797
21220.00000 0.19357
21225.00000 0.1523
21230.00000 0.1227
21235.00000 0.11761
21240.00000 0.07585
21245.00000 0.06519
21250.00000 0.06412
21255.00000 0.04485
21260.00000 0.04457
21265.00000 0.04102
21270.00000 0.02916
21275.00000 0.02792
21280.00000 0.02547
21285.00000 0.02069
21290.00000 0.02061
21295.00000 0.01823
21300.00000 0.01215
21305.00000 0.01341
21310.00000 0.01349
21315.00000 0.01224
21320.00000 0.00612
21325.00000 0.00491
21330.00000 0.011
21335.00000 0.00615
21340.00000 0.00735
21345.00000 0.00856
21350.00000 0.00616
23485.00000 0.0
