threeML/data/optical_filters/CFHT/CFHT-cfh5315.ecsv
# %ECSV 0.9
# ---
# datatype:
# - {name: wavelength, unit: Angstrom, datatype: float32}
# - {name: response, datatype: float32}
# meta: !!omap
# - {band_name: cfh5315}
# - {group_name: CFHT}
wavelength response
18000.00000 0.0
20000.00000 0.00401
20020.00000 0.00426
20040.00000 0.00443
20060.00000 0.0049
20080.00000 0.00539
20100.00000 0.00591
20120.00000 0.00639
20140.00000 0.00681
20160.00000 0.00737
20180.00000 0.00824
20200.00000 0.00928
20220.00000 0.01028
20240.00000 0.01128
20260.00000 0.01237
20280.00000 0.0137
20300.00000 0.01534
20320.00000 0.01718
20340.00000 0.0191
20360.00000 0.0213
20380.00000 0.02415
20400.00000 0.02724
20420.00000 0.03061
20440.00000 0.03452
20460.00000 0.03914
20480.00000 0.04448
20500.00000 0.05034
20520.00000 0.0571
20540.00000 0.06532
20560.00000 0.07498
20580.00000 0.08611
20600.00000 0.09912
20620.00000 0.11423
20640.00000 0.13152
20660.00000 0.1515
20680.00000 0.17426
20700.00000 0.19962
20720.00000 0.22798
20740.00000 0.25938
20760.00000 0.29385
20780.00000 0.33073
20800.00000 0.36942
20820.00000 0.40909
20840.00000 0.4491
20860.00000 0.48912
20880.00000 0.52786
20900.00000 0.56438
20920.00000 0.59801
20940.00000 0.62828
20960.00000 0.65483
20980.00000 0.67719
21000.00000 0.69572
21020.00000 0.71103
21040.00000 0.72298
21060.00000 0.73207
21080.00000 0.73901
21100.00000 0.7439
21120.00000 0.74747
21140.00000 0.75006
21160.00000 0.75211
21180.00000 0.75346
21200.00000 0.75365
21220.00000 0.75389
21240.00000 0.75424
21260.00000 0.75371
21280.00000 0.75192
21300.00000 0.74966
21320.00000 0.74744
21340.00000 0.74509
21360.00000 0.74268
21380.00000 0.74205
21400.00000 0.74307
21420.00000 0.744
21440.00000 0.74437
21460.00000 0.7435
21480.00000 0.74158
21500.00000 0.73851
21520.00000 0.73328
21540.00000 0.72557
21560.00000 0.71579
21580.00000 0.70351
21600.00000 0.68837
21620.00000 0.67116
21640.00000 0.65269
21660.00000 0.63268
21680.00000 0.61081
21700.00000 0.58669
21720.00000 0.55872
21740.00000 0.52652
21760.00000 0.49225
21780.00000 0.45567
21800.00000 0.41777
21820.00000 0.38
21840.00000 0.34334
21860.00000 0.30852
21880.00000 0.27554
21900.00000 0.24496
21920.00000 0.21744
21940.00000 0.19299
21960.00000 0.17104
21980.00000 0.15096
22000.00000 0.13295
22020.00000 0.11775
22040.00000 0.10449
22060.00000 0.09259
22080.00000 0.08224
22100.00000 0.07307
22120.00000 0.06471
22140.00000 0.05775
22160.00000 0.05174
22180.00000 0.04619
22200.00000 0.04129
22220.00000 0.037
22240.00000 0.03345
22260.00000 0.0304
22280.00000 0.02739
22300.00000 0.0244
22320.00000 0.02177
22340.00000 0.01964
22360.00000 0.01791
22380.00000 0.01636
22400.00000 0.01529
22420.00000 0.0145
22440.00000 0.01323
22460.00000 0.01205
22480.00000 0.01082
22500.00000 0.00981
22520.00000 0.00935
22540.00000 0.0087
22560.00000 0.00792
22580.00000 0.00748
22600.00000 0.00691
22620.00000 0.00632
22640.00000 0.00603
22660.00000 0.00552
22680.00000 0.00526
22700.00000 0.0049
22720.00000 0.00435
22740.00000 0.00415
25014.00000 0.0
