threeML/data/optical_filters/CFHT/CFHT-cfh5343.ecsv
# %ECSV 0.9
# ---
# datatype:
# - {name: wavelength, unit: Angstrom, datatype: float32}
# - {name: response, datatype: float32}
# meta: !!omap
# - {band_name: cfh5343}
# - {group_name: CFHT}
wavelength response
20268.00000 0.0
22520.00000 0.00775
22525.00000 0.00258
22530.00000 0.00128
22535.00000 0.00909
22540.00000 0.00391
22545.00000 0.00259
22550.00000 0.00389
22555.00000 0.00781
22560.00000 0.0
22565.00000 0.00259
22570.00000 0.00519
22575.00000 0.00261
22580.00000 0.00259
22585.00000 0.00784
22590.00000 0.00262
22595.00000 0.00261
22600.00000 0.0013
22605.00000 0.0013
22610.00000 0.00388
22615.00000 0.00258
22620.00000 0.0
22625.00000 0.00652
22630.00000 0.00264
22635.00000 0.00526
22640.00000 0.00131
22645.00000 0.00394
22650.00000 0.00131
22655.00000 0.00658
22660.00000 0.00262
22665.00000 0.01051
22670.00000 0.0079
22675.00000 0.00395
22680.00000 0.00658
22685.00000 0.0
22690.00000 0.00394
22695.00000 0.00523
22700.00000 0.00517
22705.00000 0.0025
22710.00000 0.00745
22715.00000 0.0
22720.00000 0.00854
22725.00000 0.00725
22730.00000 0.00121
22735.00000 0.00838
22740.00000 0.0
22745.00000 0.00945
22750.00000 0.00354
22755.00000 0.00117
22760.00000 0.00468
22765.00000 0.00465
22770.00000 0.00697
22775.00000 0.00465
22780.00000 0.00232
22785.00000 0.00693
22790.00000 0.00577
22795.00000 0.00343
22800.00000 0.0069
22805.00000 0.00114
22810.00000 0.00346
22815.00000 0.0069
22820.00000 0.00229
22825.00000 0.00458
22830.00000 0.00459
22835.00000 0.00456
22840.00000 0.00804
22845.00000 0.0092
22850.00000 0.00343
22855.00000 0.00923
22860.00000 0.01268
22865.00000 0.01622
22870.00000 0.01492
22875.00000 0.01611
22880.00000 0.01843
22885.00000 0.02319
22890.00000 0.02782
22895.00000 0.03358
22900.00000 0.04192
22905.00000 0.05603
22910.00000 0.06554
22915.00000 0.08215
22920.00000 0.10214
22925.00000 0.13152
22930.00000 0.16325
22935.00000 0.21211
22940.00000 0.2464
22945.00000 0.31979
22950.00000 0.37238
22955.00000 0.44801
22960.00000 0.50311
22965.00000 0.56215
22970.00000 0.59666
22975.00000 0.63023
22980.00000 0.64418
22985.00000 0.65916
22990.00000 0.66367
22995.00000 0.66949
23000.00000 0.67151
23005.00000 0.68126
23010.00000 0.68089
23015.00000 0.68837
23020.00000 0.69838
23025.00000 0.70605
23030.00000 0.71593
23035.00000 0.72273
23040.00000 0.72775
23045.00000 0.72928
23050.00000 0.72752
23055.00000 0.73149
23060.00000 0.72878
23065.00000 0.71567
23070.00000 0.70844
23075.00000 0.70723
23080.00000 0.69321
23085.00000 0.69102
23090.00000 0.68683
23095.00000 0.68973
23100.00000 0.6972
23105.00000 0.69617
23110.00000 0.70638
23115.00000 0.71196
23120.00000 0.70805
23125.00000 0.69762
23130.00000 0.67693
23135.00000 0.62805
23140.00000 0.5751
23145.00000 0.48715
23150.00000 0.42378
23155.00000 0.34088
23160.00000 0.2823
23165.00000 0.20935
23170.00000 0.17059
23175.00000 0.13156
23180.00000 0.10696
23185.00000 0.08089
23190.00000 0.06982
23195.00000 0.05295
23200.00000 0.04387
23205.00000 0.03358
23210.00000 0.03493
23215.00000 0.02716
23220.00000 0.01952
23225.00000 0.01685
23230.00000 0.01172
23235.00000 0.01172
23240.00000 0.013
23245.00000 0.013
23250.00000 0.00911
23255.00000 0.01042
23260.00000 0.01176
23265.00000 0.00656
23270.00000 0.0079
25597.00000 0.0
