threeML/data/optical_filters/CFHT/CFHT-cfh6206.ecsv
# %ECSV 0.9
# ---
# datatype:
# - {name: wavelength, unit: Angstrom, datatype: float32}
# - {name: response, datatype: float32}
# meta: !!omap
# - {band_name: cfh6206}
# - {group_name: CFHT}
wavelength response
14040.00000 0.0
15600.00000 0.00436
15620.00000 0.00513
15640.00000 0.00574
15660.00000 0.00661
15680.00000 0.00787
15700.00000 0.0092
15720.00000 0.01086
15740.00000 0.01288
15760.00000 0.01524
15780.00000 0.01839
15800.00000 0.02237
15820.00000 0.02745
15840.00000 0.03389
15860.00000 0.0421
15880.00000 0.05266
15900.00000 0.06642
15920.00000 0.08447
15940.00000 0.10732
15960.00000 0.13675
15980.00000 0.17323
16000.00000 0.21642
16020.00000 0.26541
16040.00000 0.31685
16060.00000 0.36617
16080.00000 0.40807
16100.00000 0.43872
16120.00000 0.45671
16140.00000 0.46359
16160.00000 0.46255
16180.00000 0.45695
16200.00000 0.44983
16220.00000 0.44328
16240.00000 0.43843
16260.00000 0.43614
16280.00000 0.43672
16300.00000 0.44009
16320.00000 0.44644
16340.00000 0.45534
16360.00000 0.46634
16380.00000 0.47923
16400.00000 0.49268
16420.00000 0.50658
16440.00000 0.52077
16460.00000 0.53372
16480.00000 0.54468
16500.00000 0.55238
16520.00000 0.55638
16540.00000 0.55678
16560.00000 0.55334
16580.00000 0.54622
16600.00000 0.53627
16620.00000 0.52451
16640.00000 0.51155
16660.00000 0.49834
16680.00000 0.48582
16700.00000 0.47467
16720.00000 0.46535
16740.00000 0.45825
16760.00000 0.45374
16780.00000 0.45189
16800.00000 0.45332
16820.00000 0.45807
16840.00000 0.46623
16860.00000 0.47816
16880.00000 0.49333
16900.00000 0.51164
16920.00000 0.53247
16940.00000 0.55394
16960.00000 0.57341
16980.00000 0.58669
17000.00000 0.58827
17020.00000 0.57343
17040.00000 0.53909
17060.00000 0.48724
17080.00000 0.42432
17100.00000 0.35747
17120.00000 0.29434
17140.00000 0.23938
17160.00000 0.19293
17180.00000 0.15509
17200.00000 0.12491
17220.00000 0.10086
17240.00000 0.08208
17260.00000 0.06734
17280.00000 0.05556
17300.00000 0.04628
17320.00000 0.03893
17340.00000 0.03287
17360.00000 0.02792
17380.00000 0.02376
17400.00000 0.02046
17420.00000 0.01778
17440.00000 0.0155
17460.00000 0.01369
17480.00000 0.01204
17500.00000 0.01073
17520.00000 0.0096
17540.00000 0.00838
17560.00000 0.00769
17580.00000 0.00717
17600.00000 0.00647
17620.00000 0.00595
17640.00000 0.00543
17660.00000 0.005
17680.00000 0.00465
17700.00000 0.0043
17720.00000 0.00404
19492.00000 0.0
