threeML/data/optical_filters/CFHT/CFHT-cfh5110.ecsv
# %ECSV 0.9
# ---
# datatype:
# - {name: wavelength, unit: Angstrom, datatype: float32}
# - {name: response, datatype: float32}
# meta: !!omap
# - {band_name: cfh5110}
# - {group_name: CFHT}
wavelength response
8406.00000 0.0
9340.00000 0.00444
9360.00000 0.00584
9380.00000 0.00774
9400.00000 0.01051
9420.00000 0.01454
9440.00000 0.02051
9460.00000 0.02916
9480.00000 0.04201
9500.00000 0.05994
9520.00000 0.08858
9540.00000 0.13202
9560.00000 0.19548
9580.00000 0.28058
9600.00000 0.379
9620.00000 0.48206
9640.00000 0.57809
9660.00000 0.65405
9680.00000 0.70439
9700.00000 0.73184
9720.00000 0.74323
9740.00000 0.7467
9760.00000 0.74675
9780.00000 0.7467
9800.00000 0.74779
9820.00000 0.75053
9840.00000 0.75502
9860.00000 0.76054
9880.00000 0.76662
9900.00000 0.77284
9920.00000 0.77884
9940.00000 0.78378
9960.00000 0.78705
9980.00000 0.78865
10000.00000 0.78856
10020.00000 0.78729
10040.00000 0.78505
10060.00000 0.78169
10080.00000 0.77837
10100.00000 0.77531
10120.00000 0.77293
10140.00000 0.77177
10160.00000 0.77184
10180.00000 0.77356
10200.00000 0.77686
10220.00000 0.78136
10240.00000 0.78639
10260.00000 0.79169
10280.00000 0.79694
10300.00000 0.80121
10320.00000 0.80363
10340.00000 0.80406
10360.00000 0.80211
10380.00000 0.79768
10400.00000 0.79143
10420.00000 0.78391
10440.00000 0.77594
10460.00000 0.76825
10480.00000 0.76128
10500.00000 0.75572
10520.00000 0.75227
10540.00000 0.75133
10560.00000 0.75276
10580.00000 0.75668
10600.00000 0.76334
10620.00000 0.77194
10640.00000 0.7812
10660.00000 0.79039
10680.00000 0.79898
10700.00000 0.80585
10720.00000 0.80986
10740.00000 0.81082
10760.00000 0.80894
10780.00000 0.80431
10800.00000 0.79726
10820.00000 0.78888
10840.00000 0.78046
10860.00000 0.77255
10880.00000 0.76613
10900.00000 0.76175
10920.00000 0.75975
10940.00000 0.76038
10960.00000 0.76343
10980.00000 0.76869
11000.00000 0.77559
11020.00000 0.78326
11040.00000 0.79068
11060.00000 0.7975
11080.00000 0.80264
11100.00000 0.80539
11120.00000 0.80547
11140.00000 0.80328
11160.00000 0.79929
11180.00000 0.79381
11200.00000 0.78792
11220.00000 0.78267
11240.00000 0.77867
11260.00000 0.77652
11280.00000 0.77673
11300.00000 0.7793
11320.00000 0.78416
11340.00000 0.79076
11360.00000 0.79878
11380.00000 0.80679
11400.00000 0.81337
11420.00000 0.8175
11440.00000 0.81801
11460.00000 0.8145
11480.00000 0.80684
11500.00000 0.79607
11520.00000 0.78368
11540.00000 0.77103
11560.00000 0.76027
11580.00000 0.75262
11600.00000 0.7489
11620.00000 0.75018
11640.00000 0.75615
11660.00000 0.76578
11680.00000 0.7769
11700.00000 0.78633
11720.00000 0.79066
11740.00000 0.78732
11760.00000 0.7757
11780.00000 0.75766
11800.00000 0.73724
11820.00000 0.72054
11840.00000 0.71477
11860.00000 0.72447
11880.00000 0.74701
11900.00000 0.76167
11920.00000 0.72052
11940.00000 0.5871
11960.00000 0.39789
11980.00000 0.23224
12000.00000 0.12755
12020.00000 0.07092
12040.00000 0.04094
12060.00000 0.02473
12080.00000 0.01569
12100.00000 0.01048
12120.00000 0.00743
12140.00000 0.00551
12160.00000 0.00415
13376.00000 0.0
