threeML/data/optical_filters/CFHT/CFHT-cfh1609.ecsv
# %ECSV 0.9
# ---
# datatype:
# - {name: wavelength, unit: Angstrom, datatype: float32}
# - {name: response, datatype: float32}
# meta: !!omap
# - {band_name: cfh1609}
# - {group_name: CFHT}
wavelength response
5804.10010 0.0
6449.00000 0.00433
6450.00000 0.00438
6451.00000 0.00449
6452.00000 0.00459
6453.00000 0.00496
6454.00000 0.00481
6455.00000 0.00548
6456.00000 0.00575
6457.00000 0.00677
6458.00000 0.0072
6459.00000 0.00726
6460.00000 0.00752
6461.00000 0.00764
6462.00000 0.00842
6463.00000 0.00963
6464.00000 0.00932
6465.00000 0.01039
6466.00000 0.01074
6467.00000 0.01138
6468.00000 0.01248
6469.00000 0.01329
6470.00000 0.01407
6471.00000 0.0143
6472.00000 0.01543
6473.00000 0.01665
6474.00000 0.01732
6475.00000 0.0186
6476.00000 0.01932
6477.00000 0.02132
6478.00000 0.02208
6479.00000 0.02509
6480.00000 0.02585
6481.00000 0.02715
6482.00000 0.02948
6483.00000 0.03191
6484.00000 0.03467
6485.00000 0.03709
6486.00000 0.04065
6487.00000 0.04359
6488.00000 0.04715
6489.00000 0.05052
6490.00000 0.05635
6491.00000 0.06064
6492.00000 0.06638
6493.00000 0.07259
6494.00000 0.07912
6495.00000 0.08768
6496.00000 0.09538
6497.00000 0.10147
6498.00000 0.11322
6499.00000 0.12473
6500.00000 0.13652
6501.00000 0.14938
6502.00000 0.16379
6503.00000 0.17838
6504.00000 0.19435
6505.00000 0.21051
6506.00000 0.22928
6507.00000 0.25027
6508.00000 0.27376
6509.00000 0.29338
6510.00000 0.32428
6511.00000 0.35266
6512.00000 0.38399
6513.00000 0.41476
6514.00000 0.446
6515.00000 0.48053
6516.00000 0.51291
6517.00000 0.54802
6518.00000 0.58882
6519.00000 0.62923
6520.00000 0.66402
6521.00000 0.69649
6522.00000 0.72673
6523.00000 0.75162
6524.00000 0.77698
6525.00000 0.8049
6526.00000 0.82753
6527.00000 0.84924
6528.00000 0.86255
6529.00000 0.8698
6530.00000 0.88089
6531.00000 0.88559
6532.00000 0.89287
6533.00000 0.89803
6534.00000 0.89548
6535.00000 0.90443
6536.00000 0.90463
6537.00000 0.91138
6538.00000 0.91032
6539.00000 0.91275
6540.00000 0.90938
6541.00000 0.90587
6542.00000 0.91014
6543.00000 0.90286
6544.00000 0.89862
6545.00000 0.89915
6546.00000 0.89676
6547.00000 0.89606
6548.00000 0.90111
6549.00000 0.89891
6550.00000 0.89966
6551.00000 0.90196
6552.00000 0.89874
6553.00000 0.90298
6554.00000 0.90337
6555.00000 0.90395
6556.00000 0.89861
6557.00000 0.89746
6558.00000 0.89934
6559.00000 0.90349
6560.00000 0.90617
6561.00000 0.90007
6562.00000 0.89684
6563.00000 0.8894
6564.00000 0.88669
6565.00000 0.88977
6566.00000 0.89018
6567.00000 0.88483
6568.00000 0.88312
6569.00000 0.87541
6570.00000 0.87309
6571.00000 0.87395
6572.00000 0.87585
6573.00000 0.87186
6574.00000 0.86783
6575.00000 0.87233
6576.00000 0.86884
6577.00000 0.86938
6578.00000 0.8607
6579.00000 0.86108
6580.00000 0.8564
6581.00000 0.85245
6582.00000 0.84607
6583.00000 0.84807
6584.00000 0.84052
6585.00000 0.83046
6586.00000 0.83531
6587.00000 0.82838
6588.00000 0.81955
6589.00000 0.83046
6590.00000 0.82654
6591.00000 0.82018
6592.00000 0.81973
6593.00000 0.81734
6594.00000 0.81218
6595.00000 0.81195
6596.00000 0.81145
6597.00000 0.81125
6598.00000 0.81056
6599.00000 0.80328
6600.00000 0.79958
6601.00000 0.78699
6602.00000 0.78374
6603.00000 0.76732
6604.00000 0.75055
6605.00000 0.72978
6606.00000 0.71042
6607.00000 0.68625
6608.00000 0.65245
6609.00000 0.61716
6610.00000 0.59218
6611.00000 0.5542
6612.00000 0.5222
6613.00000 0.49078
6614.00000 0.46321
6615.00000 0.4341
6616.00000 0.41003
6617.00000 0.38684
6618.00000 0.36089
6619.00000 0.34091
6620.00000 0.31978
6621.00000 0.3004
6622.00000 0.28024
6623.00000 0.26044
6624.00000 0.24185
6625.00000 0.22821
6626.00000 0.2083
6627.00000 0.19397
6628.00000 0.17632
6629.00000 0.1613
6630.00000 0.14949
6631.00000 0.13646
6632.00000 0.12691
6633.00000 0.11681
6634.00000 0.10535
6635.00000 0.09535
6636.00000 0.08702
6637.00000 0.08011
6638.00000 0.07228
6639.00000 0.0658
6640.00000 0.05969
6641.00000 0.05484
6642.00000 0.04994
6643.00000 0.04694
6644.00000 0.04395
6645.00000 0.03975
6646.00000 0.03754
6647.00000 0.03583
6648.00000 0.03307
6649.00000 0.03098
6650.00000 0.02858
6651.00000 0.02663
6652.00000 0.02428
6653.00000 0.02327
6654.00000 0.02216
6655.00000 0.02197
6656.00000 0.02031
6657.00000 0.01895
6658.00000 0.01787
6659.00000 0.01712
6660.00000 0.01556
6661.00000 0.01587
6662.00000 0.01451
6663.00000 0.01361
6664.00000 0.01357
6665.00000 0.01176
6666.00000 0.01146
6667.00000 0.01071
6668.00000 0.00993
6669.00000 0.00926
6670.00000 0.00919
6671.00000 0.00812
6672.00000 0.00774
6673.00000 0.00764
6674.00000 0.00679
6675.00000 0.00627
6676.00000 0.00694
6677.00000 0.00575
6678.00000 0.00558
6679.00000 0.00565
6680.00000 0.00485
6681.00000 0.0047
6682.00000 0.00485
6683.00000 0.00418
6684.00000 0.00412
7352.39990 0.0
