threeML/data/optical_filters/CFHT/CFHT-cfh5206.ecsv
# %ECSV 0.9
# ---
# datatype:
# - {name: wavelength, unit: Angstrom, datatype: float32}
# - {name: response, datatype: float32}
# meta: !!omap
# - {band_name: cfh5206}
# - {group_name: CFHT}
wavelength response
13248.00000 0.0
14720.00000 0.00412
14740.00000 0.00441
14760.00000 0.00487
14780.00000 0.00539
14800.00000 0.00601
14820.00000 0.00668
14840.00000 0.00749
14860.00000 0.00847
14880.00000 0.00957
14900.00000 0.01085
14920.00000 0.01245
14940.00000 0.01436
14960.00000 0.01651
14980.00000 0.01906
15000.00000 0.02219
15020.00000 0.02592
15040.00000 0.0304
15060.00000 0.03571
15080.00000 0.04185
15100.00000 0.049
15120.00000 0.05745
15140.00000 0.06734
15160.00000 0.07881
15180.00000 0.09164
15200.00000 0.10603
15220.00000 0.12209
15240.00000 0.13956
15260.00000 0.15881
15280.00000 0.17993
15300.00000 0.20288
15320.00000 0.22752
15340.00000 0.25397
15360.00000 0.2823
15380.00000 0.31261
15400.00000 0.34531
15420.00000 0.38037
15440.00000 0.41797
15460.00000 0.45726
15480.00000 0.4978
15500.00000 0.53981
15520.00000 0.58195
15540.00000 0.62321
15560.00000 0.66281
15580.00000 0.69931
15600.00000 0.73099
15620.00000 0.75681
15640.00000 0.77669
15660.00000 0.79044
15680.00000 0.79814
15700.00000 0.80049
15720.00000 0.79829
15740.00000 0.79289
15760.00000 0.78514
15780.00000 0.77614
15800.00000 0.76677
15820.00000 0.75743
15840.00000 0.74895
15860.00000 0.74191
15880.00000 0.73651
15900.00000 0.73268
15920.00000 0.73097
15940.00000 0.73132
15960.00000 0.73364
15980.00000 0.7379
16000.00000 0.74391
16020.00000 0.75174
16040.00000 0.76123
16060.00000 0.77217
16080.00000 0.78447
16100.00000 0.79784
16120.00000 0.81206
16140.00000 0.82687
16160.00000 0.84193
16180.00000 0.85699
16200.00000 0.87169
16220.00000 0.88554
16240.00000 0.89828
16260.00000 0.90974
16280.00000 0.91971
16300.00000 0.92786
16320.00000 0.93379
16340.00000 0.93753
16360.00000 0.93953
16380.00000 0.93996
16400.00000 0.93857
16420.00000 0.93573
16440.00000 0.93173
16460.00000 0.92651
16480.00000 0.92038
16500.00000 0.91379
16520.00000 0.90685
16540.00000 0.8996
16560.00000 0.89249
16580.00000 0.88531
16600.00000 0.8784
16620.00000 0.87213
16640.00000 0.86615
16660.00000 0.86081
16680.00000 0.85605
16700.00000 0.85175
16720.00000 0.84811
16740.00000 0.84471
16760.00000 0.8419
16780.00000 0.83992
16800.00000 0.83794
16820.00000 0.83635
16840.00000 0.83524
16860.00000 0.83411
16880.00000 0.83308
16900.00000 0.83238
16920.00000 0.8316
16940.00000 0.83063
16960.00000 0.82947
16980.00000 0.82812
17000.00000 0.82681
17020.00000 0.82521
17040.00000 0.82312
17060.00000 0.82056
17080.00000 0.81747
17100.00000 0.81369
17120.00000 0.80971
17140.00000 0.80525
17160.00000 0.79991
17180.00000 0.7939
17200.00000 0.78749
17220.00000 0.78043
17240.00000 0.77272
17260.00000 0.76462
17280.00000 0.75566
17300.00000 0.74622
17320.00000 0.73645
17340.00000 0.72641
17360.00000 0.71555
17380.00000 0.7045
17400.00000 0.69345
17420.00000 0.68175
17440.00000 0.66988
17460.00000 0.65828
17480.00000 0.64697
17500.00000 0.6357
17520.00000 0.62459
17540.00000 0.6134
17560.00000 0.60269
17580.00000 0.5927
17600.00000 0.5835
17620.00000 0.57492
17640.00000 0.56706
17660.00000 0.56023
17680.00000 0.5542
17700.00000 0.54947
17720.00000 0.54582
17740.00000 0.5428
17760.00000 0.54109
17780.00000 0.54126
17800.00000 0.54311
17820.00000 0.54692
17840.00000 0.55266
17860.00000 0.56082
17880.00000 0.57146
17900.00000 0.58441
17920.00000 0.60025
17940.00000 0.61856
17960.00000 0.63965
17980.00000 0.66307
18000.00000 0.68741
18020.00000 0.71202
18040.00000 0.73474
18060.00000 0.75159
18080.00000 0.75925
18100.00000 0.75386
18120.00000 0.73149
18140.00000 0.69197
18160.00000 0.63512
18180.00000 0.5676
18200.00000 0.49629
18220.00000 0.4225
18240.00000 0.354
18260.00000 0.29404
18280.00000 0.24254
18300.00000 0.19962
18320.00000 0.1636
18340.00000 0.13492
18360.00000 0.11137
18380.00000 0.09174
18400.00000 0.07637
18420.00000 0.0638
18440.00000 0.05344
18460.00000 0.04535
18480.00000 0.03833
18500.00000 0.03249
18520.00000 0.02766
18540.00000 0.02342
18560.00000 0.02014
18580.00000 0.01767
18600.00000 0.0153
18620.00000 0.01323
18640.00000 0.01167
18660.00000 0.01016
18680.00000 0.00874
18700.00000 0.00766
18720.00000 0.00688
18740.00000 0.00603
18760.00000 0.00531
18780.00000 0.00485
18800.00000 0.00449
18820.00000 0.0042
20702.00000 0.0
