threeML/data/optical_filters/CFHT/CFHT-cfh5322.ecsv
# %ECSV 0.9
# ---
# datatype:
# - {name: wavelength, unit: Angstrom, datatype: float32}
# - {name: response, datatype: float32}
# meta: !!omap
# - {band_name: cfh5322}
# - {group_name: CFHT}
wavelength response
17568.00000 0.0
19520.00000 0.00432
19540.00000 0.00459
19560.00000 0.00482
19580.00000 0.00517
19600.00000 0.00542
19620.00000 0.00578
19640.00000 0.00624
19660.00000 0.00681
19680.00000 0.00739
19700.00000 0.00798
19720.00000 0.00894
19740.00000 0.00978
19760.00000 0.01036
19780.00000 0.01118
19800.00000 0.01253
19820.00000 0.01407
19840.00000 0.01559
19860.00000 0.01703
19880.00000 0.01846
19900.00000 0.02002
19920.00000 0.02158
19940.00000 0.02306
19960.00000 0.02507
19980.00000 0.02734
20000.00000 0.02962
20020.00000 0.0321
20040.00000 0.03477
20060.00000 0.03757
20080.00000 0.04062
20100.00000 0.04387
20120.00000 0.04758
20140.00000 0.05168
20160.00000 0.05615
20180.00000 0.0611
20200.00000 0.06631
20220.00000 0.07227
20240.00000 0.0793
20260.00000 0.08723
20280.00000 0.09564
20300.00000 0.10469
20320.00000 0.11473
20340.00000 0.12634
20360.00000 0.14
20380.00000 0.15463
20400.00000 0.17009
20420.00000 0.18713
20440.00000 0.20631
20460.00000 0.22815
20480.00000 0.25218
20500.00000 0.27544
20520.00000 0.29941
20540.00000 0.32736
20560.00000 0.35762
20580.00000 0.38837
20600.00000 0.41824
20620.00000 0.44676
20640.00000 0.4752
20660.00000 0.50414
20680.00000 0.53119
20700.00000 0.55466
20720.00000 0.57535
20740.00000 0.59483
20760.00000 0.61272
20780.00000 0.62738
20800.00000 0.63966
20820.00000 0.65073
20840.00000 0.66086
20860.00000 0.6694
20880.00000 0.67613
20900.00000 0.68291
20920.00000 0.68933
20940.00000 0.69481
20960.00000 0.69951
20980.00000 0.70407
21000.00000 0.70892
21020.00000 0.71342
21040.00000 0.71719
21060.00000 0.72134
21080.00000 0.72574
21100.00000 0.72917
21120.00000 0.73247
21140.00000 0.7354
21160.00000 0.73805
21180.00000 0.74072
21200.00000 0.74333
21220.00000 0.7457
21240.00000 0.74739
21260.00000 0.74884
21280.00000 0.75009
21300.00000 0.75096
21320.00000 0.75185
21340.00000 0.75279
21360.00000 0.75304
21380.00000 0.75256
21400.00000 0.75276
21420.00000 0.75337
21440.00000 0.75386
21460.00000 0.75388
21480.00000 0.75427
21500.00000 0.75566
21520.00000 0.75601
21540.00000 0.75591
21560.00000 0.75702
21580.00000 0.75864
21600.00000 0.75925
21620.00000 0.76007
21640.00000 0.76242
21660.00000 0.76427
21680.00000 0.76506
21700.00000 0.76669
21720.00000 0.7692
21740.00000 0.77161
21760.00000 0.77388
21780.00000 0.776
21800.00000 0.77823
21820.00000 0.78027
21840.00000 0.78291
21860.00000 0.78622
21880.00000 0.78848
21900.00000 0.79012
21920.00000 0.79231
21940.00000 0.79468
21960.00000 0.79694
21980.00000 0.79903
22000.00000 0.80113
22020.00000 0.80296
22040.00000 0.80431
22060.00000 0.80611
22080.00000 0.8078
22100.00000 0.80913
22120.00000 0.81058
22140.00000 0.81174
22160.00000 0.81322
22180.00000 0.81471
22200.00000 0.81566
22220.00000 0.8165
22240.00000 0.81737
22260.00000 0.81837
22280.00000 0.81892
22300.00000 0.81946
22320.00000 0.82036
22340.00000 0.82158
22360.00000 0.82253
22380.00000 0.82272
22400.00000 0.82329
22420.00000 0.82393
22440.00000 0.82449
22460.00000 0.82501
22480.00000 0.82501
22500.00000 0.82527
22520.00000 0.82576
22540.00000 0.8257
22560.00000 0.8257
22580.00000 0.8255
22600.00000 0.82523
22620.00000 0.82567
22640.00000 0.8255
22660.00000 0.82419
22680.00000 0.82312
22700.00000 0.82286
22720.00000 0.82228
22740.00000 0.8217
22760.00000 0.82123
22780.00000 0.81938
22800.00000 0.81801
22820.00000 0.81744
22840.00000 0.81525
22860.00000 0.81386
22880.00000 0.81294
22900.00000 0.81026
22920.00000 0.80902
22940.00000 0.80794
22960.00000 0.80486
22980.00000 0.80365
23000.00000 0.80211
23020.00000 0.79851
23040.00000 0.79802
23060.00000 0.79683
23080.00000 0.79338
23100.00000 0.79324
23120.00000 0.79103
23140.00000 0.78836
23160.00000 0.78902
23180.00000 0.78613
23200.00000 0.78484
23220.00000 0.78539
23240.00000 0.78241
23260.00000 0.78284
23280.00000 0.78159
23300.00000 0.77927
23320.00000 0.7812
23340.00000 0.77922
23360.00000 0.77859
23380.00000 0.77985
23400.00000 0.778
23420.00000 0.77946
23440.00000 0.77959
23460.00000 0.77895
23480.00000 0.78101
23500.00000 0.77962
23520.00000 0.78036
23540.00000 0.782
23560.00000 0.78076
23580.00000 0.78258
23600.00000 0.78386
23620.00000 0.78442
23640.00000 0.78662
23660.00000 0.78696
23680.00000 0.78877
23700.00000 0.7906
23720.00000 0.79103
23740.00000 0.79327
23760.00000 0.79483
23780.00000 0.79622
23800.00000 0.79869
23820.00000 0.80014
23840.00000 0.8024
23860.00000 0.80486
23880.00000 0.8058
23900.00000 0.80893
23920.00000 0.81111
23940.00000 0.81258
23960.00000 0.81561
23980.00000 0.81682
24000.00000 0.81989
24020.00000 0.8226
24040.00000 0.82489
24060.00000 0.82739
24080.00000 0.82904
24100.00000 0.83224
24120.00000 0.83388
24140.00000 0.83733
24160.00000 0.8398
24180.00000 0.84143
24200.00000 0.84503
24220.00000 0.84732
24240.00000 0.85066
24260.00000 0.85266
24280.00000 0.85535
24300.00000 0.85832
24320.00000 0.85966
24340.00000 0.86305
24360.00000 0.86449
24380.00000 0.8662
24400.00000 0.86848
24420.00000 0.87059
24440.00000 0.87308
24460.00000 0.87433
24480.00000 0.87601
24500.00000 0.87663
24520.00000 0.87813
24540.00000 0.87988
24560.00000 0.8819
24580.00000 0.88368
24600.00000 0.8848
24620.00000 0.88504
24640.00000 0.88513
24660.00000 0.88649
24680.00000 0.8868
24700.00000 0.88762
24720.00000 0.88765
24740.00000 0.88757
24760.00000 0.88789
24780.00000 0.88777
24800.00000 0.88805
24820.00000 0.88887
24840.00000 0.88861
24860.00000 0.88837
24880.00000 0.88795
24900.00000 0.88838
24920.00000 0.88782
24940.00000 0.88644
24960.00000 0.88678
24980.00000 0.88733
25000.00000 0.88786
25020.00000 0.88741
25040.00000 0.88809
25060.00000 0.88786
25080.00000 0.88823
25100.00000 0.88777
25120.00000 0.88789
25140.00000 0.88742
25160.00000 0.88689
25180.00000 0.88678
25200.00000 0.88577
25220.00000 0.88559
25240.00000 0.88589
25260.00000 0.88565
25280.00000 0.88586
25300.00000 0.88495
25320.00000 0.88226
25340.00000 0.8811
25360.00000 0.88254
25380.00000 0.88397
25400.00000 0.88293
25420.00000 0.88239
25440.00000 0.88048
25460.00000 0.88074
25480.00000 0.87643
25500.00000 0.87341
25520.00000 0.8765
25540.00000 0.87524
25560.00000 0.86826
25580.00000 0.86357
25600.00000 0.86055
25620.00000 0.85638
25640.00000 0.84665
25660.00000 0.84088
25680.00000 0.83688
25700.00000 0.82684
25720.00000 0.81644
25740.00000 0.81575
25760.00000 0.82016
25780.00000 0.81799
25800.00000 0.8007
25820.00000 0.78242
25840.00000 0.76093
25860.00000 0.74408
25880.00000 0.73131
25900.00000 0.71127
25920.00000 0.7012
25940.00000 0.70378
25960.00000 0.68776
25980.00000 0.65135
26000.00000 0.62411
26020.00000 0.60875
26040.00000 0.59547
26060.00000 0.56767
26080.00000 0.5424
26100.00000 0.52376
26120.00000 0.49997
26140.00000 0.47713
26160.00000 0.44347
26180.00000 0.41194
26200.00000 0.4016
26220.00000 0.38831
26240.00000 0.37021
26260.00000 0.35254
26280.00000 0.3284
26300.00000 0.30028
26320.00000 0.28349
26340.00000 0.26822
26360.00000 0.25256
26380.00000 0.23994
26400.00000 0.22452
26420.00000 0.20979
26440.00000 0.19469
26460.00000 0.18254
26480.00000 0.17184
26500.00000 0.16344
26520.00000 0.15401
26540.00000 0.14305
26560.00000 0.13268
26580.00000 0.12369
26600.00000 0.11462
26620.00000 0.10442
26640.00000 0.09689
26660.00000 0.0907
26680.00000 0.08345
26700.00000 0.07626
26720.00000 0.07335
26740.00000 0.07039
26760.00000 0.06459
26780.00000 0.05962
26800.00000 0.05687
26820.00000 0.05391
26840.00000 0.05057
26860.00000 0.04668
26880.00000 0.04486
26900.00000 0.04182
26920.00000 0.03986
26940.00000 0.0376
26960.00000 0.03438
26980.00000 0.03154
27000.00000 0.03024
27020.00000 0.02853
27040.00000 0.02676
27060.00000 0.02542
27080.00000 0.0242
27100.00000 0.02184
27120.00000 0.02002
27140.00000 0.01985
27160.00000 0.01945
27180.00000 0.01837
27200.00000 0.01698
27220.00000 0.01562
27240.00000 0.01453
27260.00000 0.01404
27280.00000 0.01381
27300.00000 0.01364
27320.00000 0.01302
27340.00000 0.01176
27360.00000 0.01128
27380.00000 0.01152
27400.00000 0.01071
27420.00000 0.00932
27440.00000 0.00902
27460.00000 0.00905
27480.00000 0.009
27500.00000 0.0088
27520.00000 0.0081
27540.00000 0.00781
27560.00000 0.00722
27580.00000 0.00676
27600.00000 0.00699
27620.00000 0.00693
27640.00000 0.00629
27660.00000 0.00546
27680.00000 0.00536
27700.00000 0.00557
27720.00000 0.00526
27740.00000 0.00526
27760.00000 0.00554
27780.00000 0.00511
27800.00000 0.00475
27820.00000 0.00482
27840.00000 0.00473
27860.00000 0.00443
27880.00000 0.0041
30668.00000 0.0
