threeML/data/optical_filters/CFHT/CFHT-cfh6308.ecsv
# %ECSV 0.9
# ---
# datatype:
# - {name: wavelength, unit: Angstrom, datatype: float32}
# - {name: response, datatype: float32}
# meta: !!omap
# - {band_name: cfh6308}
# - {group_name: CFHT}
wavelength response
17244.00000 0.0
19160.00000 0.00438
19180.00000 0.00484
19200.00000 0.00575
19220.00000 0.00652
19240.00000 0.00777
19260.00000 0.00912
19280.00000 0.01064
19300.00000 0.01277
19320.00000 0.01532
19340.00000 0.01883
19360.00000 0.02299
19380.00000 0.02834
19400.00000 0.03561
19420.00000 0.04463
19440.00000 0.05663
19460.00000 0.07253
19480.00000 0.09314
19500.00000 0.12029
19520.00000 0.15485
19540.00000 0.19904
19560.00000 0.25444
19580.00000 0.32141
19600.00000 0.39903
19620.00000 0.48402
19640.00000 0.57002
19660.00000 0.65164
19680.00000 0.72549
19700.00000 0.78763
19720.00000 0.83664
19740.00000 0.87347
19760.00000 0.89989
19780.00000 0.91835
19800.00000 0.93129
19820.00000 0.94019
19840.00000 0.94617
19860.00000 0.95056
19880.00000 0.95386
19900.00000 0.95633
19920.00000 0.95781
19940.00000 0.95805
19960.00000 0.95805
19980.00000 0.95775
20000.00000 0.95628
20020.00000 0.95445
20040.00000 0.95244
20060.00000 0.94997
20080.00000 0.94733
20100.00000 0.94498
20120.00000 0.9429
20140.00000 0.94106
20160.00000 0.93893
20180.00000 0.93692
20200.00000 0.93575
20220.00000 0.9348
20240.00000 0.93394
20260.00000 0.93338
20280.00000 0.93289
20300.00000 0.93268
20320.00000 0.933
20340.00000 0.93359
20360.00000 0.93445
20380.00000 0.93529
20400.00000 0.93604
20420.00000 0.93637
20440.00000 0.93686
20460.00000 0.93765
20480.00000 0.93845
20500.00000 0.93933
20520.00000 0.9398
20540.00000 0.94057
20560.00000 0.9413
20580.00000 0.9418
20600.00000 0.94266
20620.00000 0.94363
20640.00000 0.94379
20660.00000 0.94412
20680.00000 0.94513
20700.00000 0.94574
20720.00000 0.94653
20740.00000 0.94724
20760.00000 0.94725
20780.00000 0.9472
20800.00000 0.94783
20820.00000 0.94855
20840.00000 0.94885
20860.00000 0.94936
20880.00000 0.94962
20900.00000 0.94925
20920.00000 0.94919
20940.00000 0.94951
20960.00000 0.95016
20980.00000 0.95053
21000.00000 0.95024
21020.00000 0.95042
21040.00000 0.95094
21060.00000 0.95132
21080.00000 0.95134
21100.00000 0.95175
21120.00000 0.95227
21140.00000 0.9527
21160.00000 0.95364
21180.00000 0.9539
21200.00000 0.95372
21220.00000 0.95393
21240.00000 0.95415
21260.00000 0.95432
21280.00000 0.95491
21300.00000 0.95508
21320.00000 0.9548
21340.00000 0.95506
21360.00000 0.95567
21380.00000 0.95595
21400.00000 0.95578
21420.00000 0.9557
21440.00000 0.95581
21460.00000 0.95654
21480.00000 0.95679
21500.00000 0.95676
21520.00000 0.95761
21540.00000 0.9575
21560.00000 0.95755
21580.00000 0.95857
21600.00000 0.95901
21620.00000 0.95982
21640.00000 0.96031
21660.00000 0.96049
21680.00000 0.96077
21700.00000 0.96074
21720.00000 0.96065
21740.00000 0.96054
21760.00000 0.96049
21780.00000 0.95921
21800.00000 0.95808
21820.00000 0.95709
21840.00000 0.9554
21860.00000 0.95297
21880.00000 0.95055
21900.00000 0.94775
21920.00000 0.94357
21940.00000 0.93867
21960.00000 0.93335
21980.00000 0.92781
22000.00000 0.92146
22020.00000 0.91565
22040.00000 0.90987
22060.00000 0.90396
22080.00000 0.89902
22100.00000 0.89514
22120.00000 0.89256
22140.00000 0.89005
22160.00000 0.88742
22180.00000 0.88554
22200.00000 0.88457
22220.00000 0.88364
22240.00000 0.88243
22260.00000 0.88142
22280.00000 0.88092
22300.00000 0.88048
22320.00000 0.88025
22340.00000 0.88071
22360.00000 0.88159
22380.00000 0.88307
22400.00000 0.88507
22420.00000 0.88765
22440.00000 0.89082
22460.00000 0.89497
22480.00000 0.89964
22500.00000 0.90382
22520.00000 0.90846
22540.00000 0.91312
22560.00000 0.91824
22580.00000 0.92354
22600.00000 0.92821
22620.00000 0.93243
22640.00000 0.93535
22660.00000 0.93727
22680.00000 0.93906
22700.00000 0.94031
22720.00000 0.94
22740.00000 0.93947
22760.00000 0.93871
22780.00000 0.93668
22800.00000 0.93427
22820.00000 0.93057
22840.00000 0.92326
22860.00000 0.91112
22880.00000 0.89133
22900.00000 0.86151
22920.00000 0.81927
22940.00000 0.76236
22960.00000 0.69115
22980.00000 0.60789
23000.00000 0.51981
23020.00000 0.43246
23040.00000 0.35092
23060.00000 0.28012
23080.00000 0.22145
23100.00000 0.17404
23120.00000 0.13608
23140.00000 0.10638
23160.00000 0.08348
23180.00000 0.06606
23200.00000 0.05266
23220.00000 0.04202
23240.00000 0.03372
23260.00000 0.02765
23280.00000 0.02252
23300.00000 0.0184
23320.00000 0.01532
23340.00000 0.01248
23360.00000 0.01056
23380.00000 0.00871
23400.00000 0.0069
23420.00000 0.00587
23440.00000 0.00502
23460.00000 0.00412
25806.00000 0.0
