threeML/data/optical_filters/CFHT/CFHT-cfh7501.ecsv
# %ECSV 0.9
# ---
# datatype:
# - {name: wavelength, unit: Angstrom, datatype: float32}
# - {name: response, datatype: float32}
# meta: !!omap
# - {band_name: cfh7501}
# - {group_name: CFHT}
wavelength response
4266.00000 0.0
4740.00000 0.00462
4760.00000 0.00644
4780.00000 0.00961
4800.00000 0.0154
4820.00000 0.02565
4840.00000 0.04362
4860.00000 0.07309
4880.00000 0.11766
4900.00000 0.17851
4920.00000 0.25241
4940.00000 0.33469
4960.00000 0.41954
4980.00000 0.49991
5000.00000 0.57112
5020.00000 0.63208
5040.00000 0.68346
5060.00000 0.72594
5080.00000 0.75995
5100.00000 0.78651
5120.00000 0.80727
5140.00000 0.82358
5160.00000 0.83621
5180.00000 0.84578
5200.00000 0.8528
5220.00000 0.85779
5240.00000 0.86143
5260.00000 0.86377
5280.00000 0.86473
5300.00000 0.86475
5320.00000 0.86359
5340.00000 0.8615
5360.00000 0.8586
5380.00000 0.85472
5400.00000 0.85017
5420.00000 0.84488
5440.00000 0.83852
5460.00000 0.83119
5480.00000 0.82338
5500.00000 0.81465
5520.00000 0.80507
5540.00000 0.79459
5560.00000 0.78314
5580.00000 0.77113
5600.00000 0.75864
5620.00000 0.74525
5640.00000 0.73096
5660.00000 0.71561
5680.00000 0.69919
5700.00000 0.6824
5720.00000 0.66492
5740.00000 0.64662
5760.00000 0.6277
5780.00000 0.60828
5800.00000 0.58855
5820.00000 0.5686
5840.00000 0.54814
5860.00000 0.52698
5880.00000 0.50545
5900.00000 0.48392
5920.00000 0.46242
5940.00000 0.4407
5960.00000 0.41888
5980.00000 0.39735
6000.00000 0.37631
6020.00000 0.35574
6040.00000 0.33533
6060.00000 0.31493
6080.00000 0.29497
6100.00000 0.27556
6120.00000 0.25679
6140.00000 0.23866
6160.00000 0.22112
6180.00000 0.20436
6200.00000 0.18858
6220.00000 0.17366
6240.00000 0.15933
6260.00000 0.14563
6280.00000 0.13264
6300.00000 0.12041
6320.00000 0.10905
6340.00000 0.09848
6360.00000 0.08862
6380.00000 0.07953
6400.00000 0.07127
6420.00000 0.0638
6440.00000 0.05681
6460.00000 0.05032
6480.00000 0.04442
6500.00000 0.03911
6520.00000 0.03436
6540.00000 0.03006
6560.00000 0.02621
6580.00000 0.02278
6600.00000 0.01976
6620.00000 0.01712
6640.00000 0.0148
6660.00000 0.01271
6680.00000 0.01086
6700.00000 0.00926
6720.00000 0.00784
6740.00000 0.00665
6760.00000 0.00563
6780.00000 0.00475
7458.00000 0.0
