threeML/data/optical_filters/CFHT/CFHT-cfh5211.ecsv
# %ECSV 0.9
# ---
# datatype:
# - {name: wavelength, unit: Angstrom, datatype: float32}
# - {name: response, datatype: float32}
# meta: !!omap
# - {band_name: cfh5211}
# - {group_name: CFHT}
wavelength response
14643.00000 0.0
16270.00000 0.00447
16275.00000 0.00122
16280.00000 0.00122
16285.00000 0.00081
16290.00000 0.00165
16295.00000 0.00288
16300.00000 0.0029
16305.00000 0.00082
16310.00000 0.00374
16315.00000 0.00125
16320.00000 0.00125
16325.00000 0.00168
16330.00000 0.00252
16335.00000 0.00168
16340.00000 0.00127
16345.00000 0.00041
16350.00000 0.00255
16355.00000 0.00255
16360.00000 0.00299
16365.00000 0.00256
16370.00000 0.00258
16375.00000 0.00473
16380.00000 0.00259
16385.00000 0.00389
16390.00000 0.00345
16395.00000 0.00478
16400.00000 0.00261
16405.00000 0.00433
16410.00000 0.00392
16415.00000 0.00525
16420.00000 0.00351
16425.00000 0.00395
16430.00000 0.00529
16435.00000 0.00529
16440.00000 0.00577
16445.00000 0.00755
16450.00000 0.00848
16455.00000 0.01074
16460.00000 0.01123
16465.00000 0.01575
16470.00000 0.01625
16475.00000 0.01949
16480.00000 0.02553
16485.00000 0.0293
16490.00000 0.04089
16495.00000 0.04832
16500.00000 0.06384
16505.00000 0.07886
16510.00000 0.10742
16515.00000 0.13528
16520.00000 0.18184
16525.00000 0.22206
16530.00000 0.29665
16535.00000 0.3503
16540.00000 0.43376
16545.00000 0.48796
16550.00000 0.55988
16555.00000 0.59691
16560.00000 0.63582
16565.00000 0.65437
16570.00000 0.67192
16575.00000 0.67714
16580.00000 0.68259
16585.00000 0.68713
16590.00000 0.68919
16595.00000 0.69069
16600.00000 0.69173
16605.00000 0.69193
16610.00000 0.69547
16615.00000 0.69221
16620.00000 0.69131
16625.00000 0.68918
16630.00000 0.68379
16635.00000 0.68243
16640.00000 0.67273
16645.00000 0.66124
16650.00000 0.63446
16655.00000 0.60988
16660.00000 0.55881
16665.00000 0.51248
16670.00000 0.43495
16675.00000 0.38002
16680.00000 0.30173
16685.00000 0.25572
16690.00000 0.18723
16695.00000 0.15486
16700.00000 0.11479
16705.00000 0.09541
16710.00000 0.07082
16715.00000 0.05786
16720.00000 0.04578
16725.00000 0.03731
16730.00000 0.02873
16735.00000 0.02571
16740.00000 0.01913
16745.00000 0.01712
16750.00000 0.01361
16755.00000 0.01207
16760.00000 0.00958
16765.00000 0.00909
16770.00000 0.00708
16775.00000 0.0071
16780.00000 0.0061
16785.00000 0.00558
16790.00000 0.0056
16795.00000 0.00407
16800.00000 0.00459
16805.00000 0.00511
16810.00000 0.00409
16815.00000 0.00513
16820.00000 0.0041
18502.00000 0.0
