threeML/data/optical_filters/CFHT/CFHT-cfh5328.ecsv
# %ECSV 0.9
# ---
# datatype:
# - {name: wavelength, unit: Angstrom, datatype: float32}
# - {name: response, datatype: float32}
# meta: !!omap
# - {band_name: cfh5328}
# - {group_name: CFHT}
wavelength response
20952.00000 0.0
23280.00000 0.00412
23300.00000 0.00397
23320.00000 0.00404
23340.00000 0.00452
23360.00000 0.00468
23380.00000 0.00482
23400.00000 0.00513
23420.00000 0.00546
23440.00000 0.00583
23460.00000 0.00638
23480.00000 0.00714
23500.00000 0.00792
23520.00000 0.00827
23540.00000 0.00848
23560.00000 0.00926
23580.00000 0.01038
23600.00000 0.01129
23620.00000 0.01241
23640.00000 0.01389
23660.00000 0.01535
23680.00000 0.01669
23700.00000 0.01862
23720.00000 0.02098
23740.00000 0.02324
23760.00000 0.02602
23780.00000 0.02951
23800.00000 0.0331
23820.00000 0.03697
23840.00000 0.04214
23860.00000 0.04805
23880.00000 0.0544
23900.00000 0.06157
23920.00000 0.07022
23940.00000 0.08023
23960.00000 0.09128
23980.00000 0.10393
24000.00000 0.11787
24020.00000 0.13353
24040.00000 0.15179
24060.00000 0.17186
24080.00000 0.19374
24100.00000 0.21823
24120.00000 0.24452
24140.00000 0.27345
24160.00000 0.30522
24180.00000 0.33885
24200.00000 0.37398
24220.00000 0.40973
24240.00000 0.44601
24260.00000 0.48268
24280.00000 0.51942
24300.00000 0.55539
24320.00000 0.58969
24340.00000 0.62244
24360.00000 0.65314
24380.00000 0.68089
24400.00000 0.70631
24420.00000 0.72887
24440.00000 0.74924
24460.00000 0.76813
24480.00000 0.78395
24500.00000 0.79688
24520.00000 0.80768
24540.00000 0.81764
24560.00000 0.82619
24580.00000 0.83151
24600.00000 0.83563
24620.00000 0.83977
24640.00000 0.84254
24660.00000 0.8446
24680.00000 0.84641
24700.00000 0.84827
24720.00000 0.8503
24740.00000 0.85214
24760.00000 0.85457
24780.00000 0.85698
24800.00000 0.85925
24820.00000 0.8623
24840.00000 0.8658
24860.00000 0.869
24880.00000 0.87152
24900.00000 0.87192
24920.00000 0.86894
24940.00000 0.8631
24960.00000 0.85468
24980.00000 0.84152
25000.00000 0.8208
25020.00000 0.79283
25040.00000 0.75821
25060.00000 0.71545
25080.00000 0.66736
25100.00000 0.61557
25120.00000 0.56052
25140.00000 0.50609
25160.00000 0.45126
25180.00000 0.39799
25200.00000 0.34962
25220.00000 0.30673
25240.00000 0.26714
25260.00000 0.23184
25280.00000 0.20245
25300.00000 0.1757
25320.00000 0.15231
25340.00000 0.13254
25360.00000 0.11461
25380.00000 0.09996
25400.00000 0.08841
25420.00000 0.07715
25440.00000 0.067
25460.00000 0.05899
25480.00000 0.05231
25500.00000 0.04674
25520.00000 0.04192
25540.00000 0.03784
25560.00000 0.03362
25580.00000 0.03
25600.00000 0.02702
25620.00000 0.02385
25640.00000 0.02132
25660.00000 0.02008
25680.00000 0.01845
25700.00000 0.0161
25720.00000 0.01604
25740.00000 0.01543
25760.00000 0.01331
25780.00000 0.01282
25800.00000 0.01291
25820.00000 0.01123
25840.00000 0.01091
25860.00000 0.01099
25880.00000 0.00887
25900.00000 0.00818
25920.00000 0.00838
25940.00000 0.007
25960.00000 0.00607
25980.00000 0.00578
26000.00000 0.00618
26020.00000 0.00591
26040.00000 0.0054
26060.00000 0.006
26080.00000 0.00539
26100.00000 0.0043
26120.00000 0.00421
26140.00000 0.00464
28754.00000 0.0
