threeML/data/optical_filters/CFHT/CFHT-cfh5335.ecsv
# %ECSV 0.9
# ---
# datatype:
# - {name: wavelength, unit: Angstrom, datatype: float32}
# - {name: response, datatype: float32}
# meta: !!omap
# - {band_name: cfh5335}
# - {group_name: CFHT}
wavelength response
16272.00000 0.0
18080.00000 0.00406
18100.00000 0.00461
18120.00000 0.0051
18140.00000 0.00558
18160.00000 0.00612
18180.00000 0.00671
18200.00000 0.00732
18220.00000 0.00792
18240.00000 0.00868
18260.00000 0.00954
18280.00000 0.0103
18300.00000 0.01117
18320.00000 0.0123
18340.00000 0.01331
18360.00000 0.01428
18380.00000 0.01537
18400.00000 0.01668
18420.00000 0.0182
18440.00000 0.01965
18460.00000 0.02094
18480.00000 0.02252
18500.00000 0.02426
18520.00000 0.02586
18540.00000 0.02773
18560.00000 0.02992
18580.00000 0.03204
18600.00000 0.0343
18620.00000 0.03667
18640.00000 0.03915
18660.00000 0.04189
18680.00000 0.04469
18700.00000 0.04765
18720.00000 0.05072
18740.00000 0.05421
18760.00000 0.05792
18780.00000 0.06175
18800.00000 0.06572
18820.00000 0.06966
18840.00000 0.07407
18860.00000 0.07848
18880.00000 0.08289
18900.00000 0.08769
18920.00000 0.09259
18940.00000 0.09789
18960.00000 0.10344
18980.00000 0.10881
19000.00000 0.11491
19020.00000 0.12093
19040.00000 0.12625
19060.00000 0.13278
19080.00000 0.13963
19100.00000 0.14542
19120.00000 0.15182
19140.00000 0.15929
19160.00000 0.16634
19180.00000 0.17332
19200.00000 0.18073
19220.00000 0.18776
19240.00000 0.19481
19260.00000 0.20209
19280.00000 0.20956
19300.00000 0.21744
19320.00000 0.22546
19340.00000 0.23344
19360.00000 0.24191
19380.00000 0.25087
19400.00000 0.2599
19420.00000 0.26953
19440.00000 0.27901
19460.00000 0.28851
19480.00000 0.2989
19500.00000 0.30972
19520.00000 0.32076
19540.00000 0.33229
19560.00000 0.3445
19580.00000 0.35722
19600.00000 0.37067
19620.00000 0.38445
19640.00000 0.39882
19660.00000 0.41364
19680.00000 0.42879
19700.00000 0.44458
19720.00000 0.4614
19740.00000 0.47916
19760.00000 0.49699
19780.00000 0.51584
19800.00000 0.5356
19820.00000 0.55557
19840.00000 0.576
19860.00000 0.59654
19880.00000 0.61688
19900.00000 0.63739
19920.00000 0.65811
19940.00000 0.67838
19960.00000 0.69768
19980.00000 0.71721
20000.00000 0.73653
20020.00000 0.75415
20040.00000 0.77116
20060.00000 0.78719
20080.00000 0.80161
20100.00000 0.815
20120.00000 0.82721
20140.00000 0.83839
20160.00000 0.84851
20180.00000 0.85686
20200.00000 0.8642
20220.00000 0.87042
20240.00000 0.87546
20260.00000 0.87978
20280.00000 0.88271
20300.00000 0.88483
20320.00000 0.8864
20340.00000 0.88705
20360.00000 0.88754
20380.00000 0.88794
20400.00000 0.88782
20420.00000 0.88713
20440.00000 0.88661
20460.00000 0.88615
20480.00000 0.88542
20500.00000 0.88503
20520.00000 0.88441
20540.00000 0.88359
20560.00000 0.88336
20580.00000 0.8837
20600.00000 0.88402
20620.00000 0.88457
20640.00000 0.88507
20660.00000 0.88574
20680.00000 0.88718
20700.00000 0.88863
20720.00000 0.88974
20740.00000 0.89087
20760.00000 0.89262
20780.00000 0.89458
20800.00000 0.89621
20820.00000 0.89801
20840.00000 0.89961
20860.00000 0.90103
20880.00000 0.90244
20900.00000 0.90395
20920.00000 0.90538
20940.00000 0.90672
20960.00000 0.90797
20980.00000 0.90865
21000.00000 0.90894
21020.00000 0.90929
21040.00000 0.90967
21060.00000 0.90988
21080.00000 0.90977
21100.00000 0.90955
21120.00000 0.90956
21140.00000 0.90845
21160.00000 0.90698
21180.00000 0.90634
21200.00000 0.90474
21220.00000 0.90324
21240.00000 0.90196
21260.00000 0.9003
21280.00000 0.89893
21300.00000 0.89738
21320.00000 0.8956
21340.00000 0.89403
21360.00000 0.89259
21380.00000 0.89044
21400.00000 0.88901
21420.00000 0.88812
21440.00000 0.88684
21460.00000 0.88565
21480.00000 0.8846
21500.00000 0.88362
21520.00000 0.88292
21540.00000 0.88232
21560.00000 0.88194
21580.00000 0.88219
21600.00000 0.88205
21620.00000 0.88199
21640.00000 0.88205
21660.00000 0.8824
21680.00000 0.88361
21700.00000 0.8844
21720.00000 0.88504
21740.00000 0.88612
21760.00000 0.8871
21780.00000 0.88826
21800.00000 0.8898
21820.00000 0.89134
21840.00000 0.8932
21860.00000 0.89488
21880.00000 0.89647
21900.00000 0.89883
21920.00000 0.90114
21940.00000 0.90236
21960.00000 0.90375
21980.00000 0.90572
22000.00000 0.90762
22020.00000 0.90939
22040.00000 0.91075
22060.00000 0.91176
22080.00000 0.91264
22100.00000 0.91388
22120.00000 0.91515
22140.00000 0.91595
22160.00000 0.91643
22180.00000 0.91667
22200.00000 0.91656
22220.00000 0.91626
22240.00000 0.9162
22260.00000 0.91586
22280.00000 0.91478
22300.00000 0.91365
22320.00000 0.91241
22340.00000 0.91058
22360.00000 0.90878
22380.00000 0.90671
22400.00000 0.90407
22420.00000 0.90111
22440.00000 0.89853
22460.00000 0.89572
22480.00000 0.89131
22500.00000 0.88708
22520.00000 0.88307
22540.00000 0.87851
22560.00000 0.87376
22580.00000 0.86844
22600.00000 0.86267
22620.00000 0.8562
22640.00000 0.84927
22660.00000 0.84198
22680.00000 0.83408
22700.00000 0.8257
22720.00000 0.81671
22740.00000 0.80724
22760.00000 0.79704
22780.00000 0.78621
22800.00000 0.77464
22820.00000 0.76189
22840.00000 0.74843
22860.00000 0.73438
22880.00000 0.71948
22900.00000 0.70351
22920.00000 0.68642
22940.00000 0.66885
22960.00000 0.65068
22980.00000 0.6315
23000.00000 0.61147
23020.00000 0.59068
23040.00000 0.56961
23060.00000 0.54758
23080.00000 0.52531
23100.00000 0.50333
23120.00000 0.48083
23140.00000 0.45833
23160.00000 0.43578
23180.00000 0.41342
23200.00000 0.39178
23220.00000 0.37074
23240.00000 0.34988
23260.00000 0.32944
23280.00000 0.31009
23300.00000 0.2907
23320.00000 0.27185
23340.00000 0.25461
23360.00000 0.23798
23380.00000 0.22188
23400.00000 0.20613
23420.00000 0.19133
23440.00000 0.17763
23460.00000 0.16454
23480.00000 0.15218
23500.00000 0.14072
23520.00000 0.13049
23540.00000 0.12064
23560.00000 0.11131
23580.00000 0.10304
23600.00000 0.09534
23620.00000 0.08812
23640.00000 0.08142
23660.00000 0.07495
23680.00000 0.06924
23700.00000 0.06396
23720.00000 0.05878
23740.00000 0.05453
23760.00000 0.05054
23780.00000 0.0464
23800.00000 0.04306
23820.00000 0.0401
23840.00000 0.03687
23860.00000 0.03394
23880.00000 0.03128
23900.00000 0.02917
23920.00000 0.0273
23940.00000 0.02554
23960.00000 0.02385
23980.00000 0.02184
24000.00000 0.02025
24020.00000 0.01901
24040.00000 0.01741
24060.00000 0.01604
24080.00000 0.0153
24100.00000 0.01457
24120.00000 0.01353
24140.00000 0.01274
24160.00000 0.01172
24180.00000 0.01076
24200.00000 0.01048
24220.00000 0.01013
24240.00000 0.00952
24260.00000 0.00896
24280.00000 0.00845
24300.00000 0.00769
24320.00000 0.00706
24340.00000 0.0071
24360.00000 0.00642
24380.00000 0.00552
24400.00000 0.00519
24420.00000 0.00522
24440.00000 0.00539
24460.00000 0.00507
24480.00000 0.00444
26928.00000 0.0
