threeML/data/optical_filters/CFHT/CFHT-cfh1313.ecsv
# %ECSV 0.9
# ---
# datatype:
# - {name: wavelength, unit: Angstrom, datatype: float32}
# - {name: response, datatype: float32}
# meta: !!omap
# - {band_name: cfh1313}
# - {group_name: CFHT}
wavelength response
2574.00000 0.0
2860.00000 0.00513
2880.00000 0.01144
2900.00000 0.02242
2920.00000 0.03946
2940.00000 0.06352
2960.00000 0.09485
2980.00000 0.13297
3000.00000 0.17661
3020.00000 0.22433
3040.00000 0.27068
3060.00000 0.32417
3080.00000 0.38268
3100.00000 0.43532
3120.00000 0.48595
3140.00000 0.53351
3160.00000 0.57755
3180.00000 0.61781
3200.00000 0.65396
3220.00000 0.68613
3240.00000 0.71498
3260.00000 0.74036
3280.00000 0.76248
3300.00000 0.78181
3320.00000 0.79848
3340.00000 0.8127
3360.00000 0.82487
3380.00000 0.8351
3400.00000 0.84402
3420.00000 0.8517
3440.00000 0.85779
3460.00000 0.86278
3480.00000 0.86713
3500.00000 0.87106
3520.00000 0.87471
3540.00000 0.87788
3560.00000 0.88022
3580.00000 0.88261
3600.00000 0.88777
3620.00000 0.89218
3640.00000 0.89331
3660.00000 0.89415
3680.00000 0.89433
3700.00000 0.89421
3720.00000 0.89333
3740.00000 0.89178
3760.00000 0.89029
3780.00000 0.88919
3800.00000 0.88957
3820.00000 0.89087
3840.00000 0.89265
3860.00000 0.89456
3880.00000 0.89615
3900.00000 0.89755
3920.00000 0.89847
3940.00000 0.89922
3960.00000 0.89963
3980.00000 0.89992
4000.00000 0.90018
4020.00000 0.90015
4040.00000 0.90013
4060.00000 0.8999
4080.00000 0.89967
4100.00000 0.89961
4120.00000 0.89941
4140.00000 0.89943
4160.00000 0.89951
4180.00000 0.89938
4200.00000 0.89919
4220.00000 0.89929
4240.00000 0.89951
4260.00000 0.89946
4280.00000 0.89948
4300.00000 0.89943
4320.00000 0.89941
4340.00000 0.89923
4360.00000 0.89893
4380.00000 0.89879
4400.00000 0.89857
4420.00000 0.89825
4440.00000 0.89806
4460.00000 0.89798
4480.00000 0.89781
4500.00000 0.89769
4520.00000 0.89774
4540.00000 0.8976
4560.00000 0.89716
4580.00000 0.89619
4600.00000 0.89479
4620.00000 0.8933
4640.00000 0.89163
4660.00000 0.89
4680.00000 0.88835
4700.00000 0.88643
4720.00000 0.88451
4740.00000 0.88232
4760.00000 0.87967
4780.00000 0.87675
4800.00000 0.87346
4820.00000 0.86981
4840.00000 0.86571
4860.00000 0.8611
4880.00000 0.85594
4900.00000 0.85019
4920.00000 0.84393
4940.00000 0.83708
4960.00000 0.82964
4980.00000 0.82143
5000.00000 0.81248
5020.00000 0.80313
5040.00000 0.79279
5060.00000 0.78148
5080.00000 0.76938
5100.00000 0.75635
5120.00000 0.74257
5140.00000 0.72786
5160.00000 0.71242
5180.00000 0.69644
5200.00000 0.67964
5220.00000 0.66217
5240.00000 0.64398
5260.00000 0.62495
5280.00000 0.6071
5300.00000 0.58659
5320.00000 0.56412
5340.00000 0.54332
5360.00000 0.52194
5380.00000 0.50069
5400.00000 0.47957
5420.00000 0.45863
5440.00000 0.43771
5460.00000 0.41649
5480.00000 0.39503
5500.00000 0.37378
5520.00000 0.3532
5540.00000 0.33305
5560.00000 0.31343
5580.00000 0.29469
5600.00000 0.27687
5620.00000 0.25987
5640.00000 0.24356
5660.00000 0.22775
5680.00000 0.2123
5700.00000 0.19748
5720.00000 0.18346
5740.00000 0.17012
5760.00000 0.15742
5780.00000 0.14545
5800.00000 0.13425
5820.00000 0.12378
5840.00000 0.11392
5860.00000 0.10455
5880.00000 0.09569
5900.00000 0.08742
5920.00000 0.07974
5940.00000 0.07257
5960.00000 0.06584
5980.00000 0.05957
6000.00000 0.05385
6020.00000 0.04861
6040.00000 0.04372
6060.00000 0.03911
6080.00000 0.03482
6100.00000 0.03091
6120.00000 0.02734
6140.00000 0.02412
6160.00000 0.02119
6180.00000 0.01849
6200.00000 0.01611
6220.00000 0.01402
6240.00000 0.01212
6260.00000 0.01039
6280.00000 0.00885
6300.00000 0.00751
6320.00000 0.00635
6340.00000 0.00534
6360.00000 0.00443
6996.00000 0.0
