threeML/data/optical_filters/CFHT/CFHT-Z.ecsv
# %ECSV 0.9
# ---
# datatype:
# - {name: wavelength, unit: Angstrom, datatype: float32}
# - {name: response, datatype: float32}
# meta: !!omap
# - {band_name: Z}
# - {group_name: CFHT}
wavelength response
6817.50000 0.0
7575.00000 0.000159405
7580.00000 0.000315103
7585.00000 0.000151991
7590.00000 0.000289153
7595.00000 0.000252083
7600.00000 0.000211304
7605.00000 0.000192769
7610.00000 0.000177941
7615.00000 0.00020389
7620.00000 0.00022984
7625.00000 0.000222426
7630.00000 0.000215012
7635.00000 0.000215012
7640.00000 0.000218719
7645.00000 0.000233547
7650.00000 0.000244668
7655.00000 0.00025579
7660.00000 0.000404073
7665.00000 0.000418902
7670.00000 0.000430023
7675.00000 0.000448559
7680.00000 0.000467094
7685.00000 0.000467094
7690.00000 0.000467094
7695.00000 0.000463387
7700.00000 0.000463387
7705.00000 0.000615378
7710.00000 0.000615378
7715.00000 0.000615378
7720.00000 0.000611671
7725.00000 0.000611671
7730.00000 0.000611671
7735.00000 0.000759955
7740.00000 0.000759955
7745.00000 0.000759955
7750.00000 0.000756247
7755.00000 0.000904531
7760.00000 0.000904531
7765.00000 0.000900824
7770.00000 0.000900824
7775.00000 0.00104911
7780.00000 0.0010454
7785.00000 0.00104169
7790.00000 0.00118998
7795.00000 0.00118627
7800.00000 0.00133085
7805.00000 0.00132714
7810.00000 0.00132714
7815.00000 0.00146801
7820.00000 0.00146801
7825.00000 0.00160888
7830.00000 0.00175346
7835.00000 0.00174604
7840.00000 0.00189062
7845.00000 0.00202778
7850.00000 0.00202407
7855.00000 0.00216494
7860.00000 0.00230211
7865.00000 0.00244298
7870.00000 0.00258014
7875.00000 0.0027173
7880.00000 0.00285446
7885.00000 0.0031325
7890.00000 0.00326595
7895.00000 0.00339941
7900.00000 0.00367373
7905.00000 0.00394806
7910.00000 0.0040778
7915.00000 0.00434842
7920.00000 0.00461904
7925.00000 0.00488595
7930.00000 0.00529373
7935.00000 0.00556064
7940.00000 0.00596472
7945.00000 0.00636508
7950.00000 0.00676545
7955.00000 0.00729927
7960.00000 0.00769222
7965.00000 0.00821863
7970.00000 0.0088822
7975.00000 0.00954206
7980.00000 0.0101945
7985.00000 0.010847
7990.00000 0.0117663
7995.00000 0.0152473
8000.00000 0.0164187
8005.00000 0.0175865
8010.00000 0.0188839
8015.00000 0.020174
8020.00000 0.0217273
8025.00000 0.0234066
8030.00000 0.025338
8035.00000 0.0273954
8040.00000 0.0295752
8045.00000 0.0317439
8050.00000 0.0343018
8055.00000 0.0371006
8060.00000 0.0405408
8065.00000 0.0440922
8070.00000 0.0477548
8075.00000 0.0516621
8080.00000 0.0560698
8085.00000 0.0611003
8090.00000 0.0670057
8095.00000 0.0733931
8100.00000 0.0801363
8105.00000 0.0869166
8110.00000 0.0938488
8115.00000 0.101678
8120.00000 0.110883
8125.00000 0.121296
8130.00000 0.131669
8135.00000 0.142601
8140.00000 0.154078
8145.00000 0.167531
8150.00000 0.182115
8155.00000 0.199301
8160.00000 0.217125
8165.00000 0.235186
8170.00000 0.25361
8175.00000 0.27322
8180.00000 0.294618
8185.00000 0.318165
8190.00000 0.343136
8195.00000 0.368111
8200.00000 0.392489
8205.00000 0.41743
8210.00000 0.442931
8215.00000 0.470727
8220.00000 0.500688
8225.00000 0.528517
8230.00000 0.555275
8235.00000 0.58131
8240.00000 0.60836
8245.00000 0.635066
8250.00000 0.662995
8255.00000 0.689483
8260.00000 0.714001
8265.00000 0.736715
8270.00000 0.758631
8275.00000 0.780432
8280.00000 0.801893
8285.00000 0.822371
8290.00000 0.840221
8295.00000 0.855638
8300.00000 0.869851
8305.00000 0.887204
8310.00000 0.904542
8315.00000 0.920108
8320.00000 0.934451
8325.00000 0.946774
8330.00000 0.957732
8335.00000 0.968026
8340.00000 0.977672
8345.00000 0.986914
8350.00000 0.994584
8355.00000 0.996882
8360.00000 0.998484
8365.00000 0.999474
8370.00000 1.0
8375.00000 0.99997
8380.00000 0.999481
8385.00000 0.998547
8390.00000 0.997412
8395.00000 0.995785
8400.00000 0.99415
8405.00000 0.992434
8410.00000 0.990462
8415.00000 0.988423
8420.00000 0.986236
8425.00000 0.9841
8430.00000 0.982158
8435.00000 0.980067
8440.00000 0.978213
8445.00000 0.976249
8450.00000 0.974532
8455.00000 0.972812
8460.00000 0.971011
8465.00000 0.969594
8470.00000 0.968156
8475.00000 0.96681
8480.00000 0.965465
8485.00000 0.9639
8490.00000 0.962529
8495.00000 0.961157
8500.00000 0.959845
8505.00000 0.958243
8510.00000 0.956623
8515.00000 0.954803
8520.00000 0.953083
8525.00000 0.951267
8530.00000 0.949343
8535.00000 0.947548
8540.00000 0.945524
8545.00000 0.943285
8550.00000 0.941065
8555.00000 0.938725
8560.00000 0.936216
8565.00000 0.933717
8570.00000 0.931115
8575.00000 0.928245
8580.00000 0.925369
8585.00000 0.922351
8590.00000 0.919319
8595.00000 0.91599
8600.00000 0.912761
8605.00000 0.90925
8610.00000 0.905755
8615.00000 0.902199
8620.00000 0.89847
8625.00000 0.894778
8630.00000 0.890785
8635.00000 0.886856
8640.00000 0.882826
8645.00000 0.878934
8650.00000 0.875052
8655.00000 0.870919
8660.00000 0.866697
8665.00000 0.86253
8670.00000 0.858326
8675.00000 0.853996
8680.00000 0.849844
8685.00000 0.845625
8690.00000 0.841233
8695.00000 0.837073
8700.00000 0.832843
8705.00000 0.828688
8710.00000 0.824651
8715.00000 0.82064
8720.00000 0.816458
8725.00000 0.812528
8730.00000 0.808432
8735.00000 0.804606
8740.00000 0.800699
8745.00000 0.796944
8750.00000 0.793196
8755.00000 0.789315
8760.00000 0.7858
8765.00000 0.782249
8770.00000 0.778749
8775.00000 0.775135
8780.00000 0.771602
8785.00000 0.768103
8790.00000 0.764877
8795.00000 0.761385
8800.00000 0.758116
8805.00000 0.754865
8810.00000 0.751621
8815.00000 0.748388
8820.00000 0.745315
8825.00000 0.742175
8830.00000 0.739217
8835.00000 0.736081
8840.00000 0.733197
8845.00000 0.73019
8850.00000 0.727347
8855.00000 0.724422
8860.00000 0.721512
8865.00000 0.718735
8870.00000 0.715922
8875.00000 0.713119
8880.00000 0.710239
8885.00000 0.707495
8890.00000 0.704752
8895.00000 0.701968
8900.00000 0.699166
8905.00000 0.691914
8910.00000 0.6847
8915.00000 0.67762
8920.00000 0.670491
8925.00000 0.663344
8930.00000 0.656215
8935.00000 0.649031
8940.00000 0.641958
8945.00000 0.634936
8950.00000 0.627878
8955.00000 0.620916
8960.00000 0.613847
8965.00000 0.606877
8970.00000 0.599882
8975.00000 0.592831
8980.00000 0.585873
8985.00000 0.584583
8990.00000 0.583278
8995.00000 0.581925
9000.00000 0.580431
9005.00000 0.579004
9010.00000 0.577502
9015.00000 0.575908
9020.00000 0.574248
9025.00000 0.572583
9030.00000 0.57083
9035.00000 0.568998
9040.00000 0.56713
9045.00000 0.565213
9050.00000 0.563212
9055.00000 0.561228
9060.00000 0.559182
9065.00000 0.555834
9070.00000 0.552487
9075.00000 0.549032
9080.00000 0.545514
9085.00000 0.542081
9090.00000 0.538734
9095.00000 0.53526
9100.00000 0.531787
9105.00000 0.528283
9110.00000 0.524728
9115.00000 0.521195
9120.00000 0.517789
9125.00000 0.514263
9130.00000 0.510741
9135.00000 0.507171
9140.00000 0.503668
9145.00000 0.500113
9150.00000 0.496632
9155.00000 0.493136
9160.00000 0.489707
9165.00000 0.486223
9170.00000 0.482719
9175.00000 0.479168
9180.00000 0.475654
9185.00000 0.47215
9190.00000 0.468599
9195.00000 0.4651
9200.00000 0.461567
9205.00000 0.458119
9210.00000 0.454672
9215.00000 0.451287
9220.00000 0.447854
9225.00000 0.444421
9230.00000 0.441044
9235.00000 0.437578
9240.00000 0.434264
9245.00000 0.430924
9250.00000 0.427591
9255.00000 0.424303
9260.00000 0.420985
9265.00000 0.411469
9270.00000 0.402023
9275.00000 0.392633
9280.00000 0.383321
9285.00000 0.374179
9290.00000 0.365123
9295.00000 0.356115
9300.00000 0.347218
9305.00000 0.338384
9310.00000 0.329631
9315.00000 0.320994
9320.00000 0.312441
9325.00000 0.304026
9330.00000 0.295689
9335.00000 0.287459
9340.00000 0.279293
9345.00000 0.271189
9350.00000 0.263159
9355.00000 0.263233
9360.00000 0.26327
9365.00000 0.263233
9370.00000 0.263215
9375.00000 0.263107
9380.00000 0.263022
9385.00000 0.262859
9390.00000 0.262729
9395.00000 0.262566
9400.00000 0.262344
9405.00000 0.262099
9410.00000 0.261806
9415.00000 0.261502
9420.00000 0.261198
9425.00000 0.257254
9430.00000 0.253361
9435.00000 0.249447
9440.00000 0.245584
9445.00000 0.241758
9450.00000 0.237992
9455.00000 0.234266
9460.00000 0.230548
9465.00000 0.229851
9470.00000 0.229143
9475.00000 0.228346
9480.00000 0.227516
9485.00000 0.226689
9490.00000 0.225888
9495.00000 0.225002
9500.00000 0.224083
9505.00000 0.22263
9510.00000 0.221165
9515.00000 0.21969
9520.00000 0.218229
9525.00000 0.216758
9530.00000 0.215315
9535.00000 0.213847
9540.00000 0.212379
9545.00000 0.212869
9550.00000 0.213314
9555.00000 0.213733
9560.00000 0.214126
9565.00000 0.214437
9570.00000 0.214715
9575.00000 0.214997
9580.00000 0.215252
9585.00000 0.215827
9590.00000 0.216324
9595.00000 0.216824
9600.00000 0.217284
9605.00000 0.217718
9610.00000 0.218114
9615.00000 0.218492
9620.00000 0.218785
9625.00000 0.219193
9630.00000 0.219542
9635.00000 0.219864
9640.00000 0.220153
9645.00000 0.220391
9650.00000 0.220591
9655.00000 0.220709
9660.00000 0.220802
9665.00000 0.22088
9670.00000 0.220902
9675.00000 0.220895
9680.00000 0.220832
9685.00000 0.220728
9690.00000 0.220594
9695.00000 0.220446
9700.00000 0.220209
9705.00000 0.217466
9710.00000 0.214711
9715.00000 0.211949
9720.00000 0.209195
9725.00000 0.2065
9730.00000 0.203827
9735.00000 0.201125
9740.00000 0.198407
9745.00000 0.197117
9750.00000 0.195812
9755.00000 0.194482
9760.00000 0.193143
9765.00000 0.191798
9770.00000 0.190419
9775.00000 0.189028
9780.00000 0.187623
9785.00000 0.186211
9790.00000 0.184773
9795.00000 0.183323
9800.00000 0.181837
9805.00000 0.180346
9810.00000 0.178823
9815.00000 0.177314
9820.00000 0.175768
9825.00000 0.174241
9830.00000 0.172688
9835.00000 0.171123
9840.00000 0.169548
9845.00000 0.167961
9850.00000 0.166363
9855.00000 0.164736
9860.00000 0.163105
9865.00000 0.160992
9870.00000 0.158875
9875.00000 0.156743
9880.00000 0.154616
9885.00000 0.15251
9890.00000 0.150393
9895.00000 0.148295
9900.00000 0.1462
9905.00000 0.144098
9910.00000 0.141997
9915.00000 0.139895
9920.00000 0.1378
9925.00000 0.135713
9930.00000 0.133633
9935.00000 0.131557
9940.00000 0.12947
9945.00000 0.127409
9950.00000 0.125355
9955.00000 0.123291
9960.00000 0.121244
9965.00000 0.119213
9970.00000 0.11717
9975.00000 0.11515
9980.00000 0.113118
9985.00000 0.111079
9990.00000 0.10907
9995.00000 0.107046
10000.00000 0.105033
10005.00000 0.103039
10010.00000 0.101059
10015.00000 0.0990721
10020.00000 0.0971148
10025.00000 0.0951352
10030.00000 0.0931852
10035.00000 0.091239
10040.00000 0.0892854
10045.00000 0.0873429
10050.00000 0.0853966
10055.00000 0.0834541
10060.00000 0.0815153
10065.00000 0.0795876
10070.00000 0.0776636
10075.00000 0.0757397
10080.00000 0.0738231
10085.00000 0.0719102
10090.00000 0.0700048
10095.00000 0.068103
10100.00000 0.066205
10105.00000 0.0643107
10110.00000 0.0624164
10115.00000 0.0605183
10120.00000 0.0586314
10125.00000 0.056763
10130.00000 0.0548984
10135.00000 0.05303
10140.00000 0.0511579
10145.00000 0.0492969
10150.00000 0.047436
10155.00000 0.0455787
10160.00000 0.0437215
10165.00000 0.0418679
10170.00000 0.0400218
10175.00000 0.038172
10180.00000 0.0363221
10185.00000 0.0344797
10190.00000 0.032641
10195.00000 0.0307948
10200.00000 0.0289561
10205.00000 0.0271174
10210.00000 0.0252787
10215.00000 0.0234511
10220.00000 0.0216198
10225.00000 0.0197922
10230.00000 0.0179646
10235.00000 0.016137
10240.00000 0.0143094
10245.00000 0.0124818
10250.00000 0.0106579
10255.00000 0.0088303
10260.00000 0.00700641
10265.00000 0.00518623
10270.00000 0.00336234
10275.00000 0.00153844
11302.50000 0.0
