threeML/data/optical_filters/CFHT/CFHT-cfh6315.ecsv
# %ECSV 0.9
# ---
# datatype:
# - {name: wavelength, unit: Angstrom, datatype: float32}
# - {name: response, datatype: float32}
# meta: !!omap
# - {band_name: cfh6315}
# - {group_name: CFHT}
wavelength response
18000.00000 0.0
20000.00000 0.0045
20020.00000 0.00516
20040.00000 0.00581
20060.00000 0.00671
20080.00000 0.00768
20100.00000 0.00885
20120.00000 0.01027
20140.00000 0.01183
20160.00000 0.01364
20180.00000 0.0159
20200.00000 0.01871
20220.00000 0.02171
20240.00000 0.02576
20260.00000 0.03116
20280.00000 0.03703
20300.00000 0.04401
20320.00000 0.05252
20340.00000 0.06279
20360.00000 0.07539
20380.00000 0.09021
20400.00000 0.10837
20420.00000 0.12982
20440.00000 0.15448
20460.00000 0.18303
20480.00000 0.21558
20500.00000 0.25041
20520.00000 0.2887
20540.00000 0.33145
20560.00000 0.37653
20580.00000 0.42326
20600.00000 0.47105
20620.00000 0.51891
20640.00000 0.56586
20660.00000 0.61128
20680.00000 0.65428
20700.00000 0.69438
20720.00000 0.73141
20740.00000 0.76512
20760.00000 0.79445
20780.00000 0.82005
20800.00000 0.8423
20820.00000 0.8611
20840.00000 0.87663
20860.00000 0.88901
20880.00000 0.89894
20900.00000 0.90649
20920.00000 0.91194
20940.00000 0.9169
20960.00000 0.92107
20980.00000 0.92401
21000.00000 0.92665
21020.00000 0.9292
21040.00000 0.9321
21060.00000 0.935
21080.00000 0.93767
21100.00000 0.94051
21120.00000 0.9437
21140.00000 0.94611
21160.00000 0.9481
21180.00000 0.95052
21200.00000 0.95303
21220.00000 0.95517
21240.00000 0.95686
21260.00000 0.95796
21280.00000 0.95912
21300.00000 0.95921
21320.00000 0.95915
21340.00000 0.95938
21360.00000 0.95818
21380.00000 0.95604
21400.00000 0.95421
21420.00000 0.95242
21440.00000 0.94969
21460.00000 0.94772
21480.00000 0.9456
21500.00000 0.94351
21520.00000 0.94121
21540.00000 0.93874
21560.00000 0.93689
21580.00000 0.93527
21600.00000 0.93413
21620.00000 0.93263
21640.00000 0.93178
21660.00000 0.93156
21680.00000 0.93149
21700.00000 0.93117
21720.00000 0.93123
21740.00000 0.9323
21760.00000 0.93245
21780.00000 0.93314
21800.00000 0.93471
21820.00000 0.93622
21840.00000 0.93744
21860.00000 0.93861
21880.00000 0.94026
21900.00000 0.94164
21920.00000 0.9426
21940.00000 0.94394
21960.00000 0.94507
21980.00000 0.94554
22000.00000 0.94615
22020.00000 0.94614
22040.00000 0.94611
22060.00000 0.94632
22080.00000 0.94669
22100.00000 0.94705
22120.00000 0.94789
22140.00000 0.94853
22160.00000 0.9492
22180.00000 0.9503
22200.00000 0.95082
22220.00000 0.95189
22240.00000 0.9528
22260.00000 0.95328
22280.00000 0.95422
22300.00000 0.95473
22320.00000 0.95502
22340.00000 0.95557
22360.00000 0.95575
22380.00000 0.95647
22400.00000 0.95728
22420.00000 0.95766
22440.00000 0.95779
22460.00000 0.95798
22480.00000 0.95839
22500.00000 0.95854
22520.00000 0.95888
22540.00000 0.95863
22560.00000 0.95805
22580.00000 0.95795
22600.00000 0.95741
22620.00000 0.9575
22640.00000 0.9574
22660.00000 0.95671
22680.00000 0.95621
22700.00000 0.9558
22720.00000 0.95609
22740.00000 0.95589
22760.00000 0.95518
22780.00000 0.95499
22800.00000 0.9556
22820.00000 0.95624
22840.00000 0.95659
22860.00000 0.95708
22880.00000 0.95732
22900.00000 0.95761
22920.00000 0.95851
22940.00000 0.95978
22960.00000 0.96022
22980.00000 0.96007
23000.00000 0.9604
23020.00000 0.96077
23040.00000 0.96104
23060.00000 0.96071
23080.00000 0.95984
23100.00000 0.95883
23120.00000 0.95813
23140.00000 0.95663
23160.00000 0.95406
23180.00000 0.95163
23200.00000 0.94942
23220.00000 0.9478
23240.00000 0.94609
23260.00000 0.9436
23280.00000 0.94138
23300.00000 0.93961
23320.00000 0.93848
23340.00000 0.93829
23360.00000 0.93848
23380.00000 0.93912
23400.00000 0.93999
23420.00000 0.94176
23440.00000 0.94475
23460.00000 0.94838
23480.00000 0.95218
23500.00000 0.95609
23520.00000 0.96048
23540.00000 0.9641
23560.00000 0.96571
23580.00000 0.96469
23600.00000 0.95874
23620.00000 0.94682
23640.00000 0.92673
23660.00000 0.89415
23680.00000 0.8481
23700.00000 0.78828
23720.00000 0.71652
23740.00000 0.63464
23760.00000 0.54785
23780.00000 0.46375
23800.00000 0.38503
23820.00000 0.3141
23840.00000 0.25322
23860.00000 0.20256
23880.00000 0.16139
23900.00000 0.12869
23920.00000 0.10266
23940.00000 0.08197
23960.00000 0.06578
23980.00000 0.05263
24000.00000 0.04211
24020.00000 0.03421
24040.00000 0.02785
24060.00000 0.02309
24080.00000 0.01933
24100.00000 0.01553
24120.00000 0.01292
24140.00000 0.01088
24160.00000 0.00883
24180.00000 0.00777
24200.00000 0.00705
24220.00000 0.00589
24240.00000 0.00504
24260.00000 0.0043
26686.00000 0.0
