threeML/data/optical_filters/CFHT/CFHT-cfh5318.ecsv
# %ECSV 0.9
# ---
# datatype:
# - {name: wavelength, unit: Angstrom, datatype: float32}
# - {name: response, datatype: float32}
# meta: !!omap
# - {band_name: cfh5318}
# - {group_name: CFHT}
wavelength response
17334.00000 0.0
19260.00000 0.00423
19280.00000 0.00471
19300.00000 0.00523
19320.00000 0.00569
19340.00000 0.00612
19360.00000 0.00688
19380.00000 0.00754
19400.00000 0.00819
19420.00000 0.00914
19440.00000 0.01009
19460.00000 0.0114
19480.00000 0.01311
19500.00000 0.01443
19520.00000 0.0161
19540.00000 0.0183
19560.00000 0.02043
19580.00000 0.02296
19600.00000 0.02591
19620.00000 0.02936
19640.00000 0.03351
19660.00000 0.03819
19680.00000 0.04332
19700.00000 0.04947
19720.00000 0.05672
19740.00000 0.06512
19760.00000 0.07484
19780.00000 0.08585
19800.00000 0.0985
19820.00000 0.1133
19840.00000 0.13013
19860.00000 0.1492
19880.00000 0.17081
19900.00000 0.19405
19920.00000 0.21977
19940.00000 0.24806
19960.00000 0.27834
19980.00000 0.31067
20000.00000 0.34377
20020.00000 0.3773
20040.00000 0.41129
20060.00000 0.44524
20080.00000 0.47774
20100.00000 0.50839
20120.00000 0.53748
20140.00000 0.56461
20160.00000 0.58897
20180.00000 0.61105
20200.00000 0.63115
20220.00000 0.64899
20240.00000 0.66486
20260.00000 0.67889
20280.00000 0.69142
20300.00000 0.70258
20320.00000 0.7126
20340.00000 0.72156
20360.00000 0.7299
20380.00000 0.73738
20400.00000 0.7442
20420.00000 0.75014
20440.00000 0.75545
20460.00000 0.75996
20480.00000 0.76414
20500.00000 0.76797
20520.00000 0.77052
20540.00000 0.77235
20560.00000 0.77405
20580.00000 0.77541
20600.00000 0.776
20620.00000 0.77603
20640.00000 0.77553
20660.00000 0.77473
20680.00000 0.77319
20700.00000 0.77132
20720.00000 0.76955
20740.00000 0.76761
20760.00000 0.76529
20780.00000 0.76288
20800.00000 0.76045
20820.00000 0.75764
20840.00000 0.75514
20860.00000 0.75281
20880.00000 0.7504
20900.00000 0.74828
20920.00000 0.74626
20940.00000 0.74449
20960.00000 0.74275
20980.00000 0.7412
21000.00000 0.74005
21020.00000 0.7392
21040.00000 0.73871
21060.00000 0.73817
21080.00000 0.73807
21100.00000 0.73837
21120.00000 0.73914
21140.00000 0.73959
21160.00000 0.73976
21180.00000 0.74086
21200.00000 0.74207
21220.00000 0.74316
21240.00000 0.74449
21260.00000 0.7458
21280.00000 0.74702
21300.00000 0.74803
21320.00000 0.74896
21340.00000 0.7496
21360.00000 0.74986
21380.00000 0.75079
21400.00000 0.75252
21420.00000 0.75468
21440.00000 0.75653
21460.00000 0.75743
21480.00000 0.75818
21500.00000 0.75832
21520.00000 0.75833
21540.00000 0.75804
21560.00000 0.75659
21580.00000 0.7552
21600.00000 0.75322
21620.00000 0.75056
21640.00000 0.74857
21660.00000 0.74719
21680.00000 0.74693
21700.00000 0.74649
21720.00000 0.74547
21740.00000 0.74448
21760.00000 0.74312
21780.00000 0.74069
21800.00000 0.73796
21820.00000 0.73566
21840.00000 0.73294
21860.00000 0.73022
21880.00000 0.72797
21900.00000 0.72549
21920.00000 0.72278
21940.00000 0.72041
21960.00000 0.71802
21980.00000 0.71613
22000.00000 0.71432
22020.00000 0.71246
22040.00000 0.71086
22060.00000 0.70879
22080.00000 0.70689
22100.00000 0.70522
22120.00000 0.70389
22140.00000 0.70303
22160.00000 0.70198
22180.00000 0.70108
22200.00000 0.70061
22220.00000 0.6998
22240.00000 0.69853
22260.00000 0.698
22280.00000 0.69772
22300.00000 0.69714
22320.00000 0.69693
22340.00000 0.69713
22360.00000 0.69711
22380.00000 0.69705
22400.00000 0.69701
22420.00000 0.69724
22440.00000 0.69742
22460.00000 0.69704
22480.00000 0.69624
22500.00000 0.69513
22520.00000 0.69385
22540.00000 0.6916
22560.00000 0.68797
22580.00000 0.68321
22600.00000 0.67772
22620.00000 0.67117
22640.00000 0.66251
22660.00000 0.65167
22680.00000 0.63818
22700.00000 0.62242
22720.00000 0.60548
22740.00000 0.58553
22760.00000 0.56264
22780.00000 0.5379
22800.00000 0.51112
22820.00000 0.48228
22840.00000 0.45203
22860.00000 0.42039
22880.00000 0.38797
22900.00000 0.35658
22920.00000 0.32631
22940.00000 0.29655
22960.00000 0.26808
22980.00000 0.24159
23000.00000 0.21661
23020.00000 0.19351
23040.00000 0.17279
23060.00000 0.15381
23080.00000 0.13644
23100.00000 0.12146
23120.00000 0.10834
23140.00000 0.09645
23160.00000 0.08577
23180.00000 0.07623
23200.00000 0.06801
23220.00000 0.06064
23240.00000 0.05431
23260.00000 0.04855
23280.00000 0.04344
23300.00000 0.03926
23320.00000 0.03517
23340.00000 0.0311
23360.00000 0.02782
23380.00000 0.02525
23400.00000 0.02269
23420.00000 0.02017
23440.00000 0.01837
23460.00000 0.01686
23480.00000 0.0148
23500.00000 0.01343
23520.00000 0.01233
23540.00000 0.01102
23560.00000 0.01001
23580.00000 0.00914
23600.00000 0.00815
23620.00000 0.00742
23640.00000 0.00702
23660.00000 0.0062
23680.00000 0.00557
23700.00000 0.00536
23720.00000 0.00497
23740.00000 0.00433
23760.00000 0.004
26136.00000 0.0
