threeML/data/optical_filters/CFHT/Megaprime-NB920.ecsv
# %ECSV 0.9
# ---
# datatype:
# - {name: wavelength, unit: Angstrom, datatype: float32}
# - {name: response, datatype: float32}
# meta: !!omap
# - {band_name: NB920}
# - {group_name: Megaprime}
wavelength response
8065.79980 0.0
8962.00000 0.0047
8964.00000 0.00522
8966.00000 0.00572
8968.00000 0.00626
8970.00000 0.0069
8972.00000 0.0076
8974.00000 0.00833
8976.00000 0.00912
8978.00000 0.00995
8980.00000 0.01089
8982.00000 0.01189
8984.00000 0.01299
8986.00000 0.01416
8988.00000 0.01544
8990.00000 0.01677
8992.00000 0.0182
8994.00000 0.01971
8996.00000 0.02133
8998.00000 0.02303
9000.00000 0.02478
9002.00000 0.02666
9004.00000 0.02861
9006.00000 0.03067
9008.00000 0.03282
9010.00000 0.0351
9012.00000 0.03748
9014.00000 0.03995
9016.00000 0.04254
9018.00000 0.04517
9020.00000 0.0479
9022.00000 0.05074
9024.00000 0.05367
9026.00000 0.05669
9028.00000 0.05978
9030.00000 0.06297
9032.00000 0.06628
9034.00000 0.06967
9036.00000 0.07312
9038.00000 0.07666
9040.00000 0.08028
9042.00000 0.084
9044.00000 0.08777
9046.00000 0.09161
9048.00000 0.09552
9050.00000 0.09944
9052.00000 0.10347
9054.00000 0.10757
9056.00000 0.11169
9058.00000 0.11586
9060.00000 0.12006
9062.00000 0.12431
9064.00000 0.12857
9066.00000 0.13289
9068.00000 0.13727
9070.00000 0.14166
9072.00000 0.1461
9074.00000 0.15051
9076.00000 0.15497
9078.00000 0.15941
9080.00000 0.16385
9082.00000 0.1683
9084.00000 0.17274
9086.00000 0.17719
9088.00000 0.18167
9090.00000 0.18611
9092.00000 0.19049
9094.00000 0.19492
9096.00000 0.19931
9098.00000 0.20367
9100.00000 0.20801
9102.00000 0.21233
9104.00000 0.21663
9106.00000 0.22087
9108.00000 0.2251
9110.00000 0.22934
9112.00000 0.23352
9114.00000 0.23767
9116.00000 0.24176
9118.00000 0.24583
9120.00000 0.24989
9122.00000 0.25392
9124.00000 0.25792
9126.00000 0.26187
9128.00000 0.26581
9130.00000 0.2697
9132.00000 0.27351
9134.00000 0.2773
9136.00000 0.28105
9138.00000 0.28476
9140.00000 0.28842
9142.00000 0.29205
9144.00000 0.29564
9146.00000 0.29916
9148.00000 0.30266
9150.00000 0.30611
9152.00000 0.30942
9154.00000 0.31274
9156.00000 0.31598
9158.00000 0.31914
9160.00000 0.32217
9162.00000 0.32516
9164.00000 0.32808
9166.00000 0.33089
9168.00000 0.33362
9170.00000 0.33627
9172.00000 0.33881
9174.00000 0.3412
9176.00000 0.34349
9178.00000 0.34572
9180.00000 0.34779
9182.00000 0.34973
9184.00000 0.35155
9186.00000 0.35321
9188.00000 0.35475
9190.00000 0.35619
9192.00000 0.35745
9194.00000 0.3586
9196.00000 0.35962
9198.00000 0.36049
9200.00000 0.36121
9202.00000 0.36177
9204.00000 0.36218
9206.00000 0.36246
9208.00000 0.36256
9210.00000 0.36253
9212.00000 0.36232
9214.00000 0.36194
9216.00000 0.36145
9218.00000 0.36075
9220.00000 0.35995
9222.00000 0.35896
9224.00000 0.35785
9226.00000 0.35657
9228.00000 0.35518
9230.00000 0.35359
9232.00000 0.35188
9234.00000 0.35004
9236.00000 0.34805
9238.00000 0.34595
9240.00000 0.34367
9242.00000 0.34132
9244.00000 0.33884
9246.00000 0.33627
9248.00000 0.33356
9250.00000 0.33076
9252.00000 0.32784
9254.00000 0.32481
9256.00000 0.32169
9258.00000 0.31847
9260.00000 0.31514
9262.00000 0.31172
9264.00000 0.30827
9266.00000 0.30473
9268.00000 0.30112
9270.00000 0.29744
9272.00000 0.29366
9274.00000 0.28986
9276.00000 0.28601
9278.00000 0.28214
9280.00000 0.27818
9282.00000 0.2742
9284.00000 0.27016
9286.00000 0.26613
9288.00000 0.26205
9290.00000 0.25798
9292.00000 0.25385
9294.00000 0.24971
9296.00000 0.24554
9298.00000 0.24139
9300.00000 0.23723
9302.00000 0.23306
9304.00000 0.22891
9306.00000 0.22472
9308.00000 0.2205
9310.00000 0.21634
9312.00000 0.21217
9314.00000 0.20799
9316.00000 0.20384
9318.00000 0.19968
9320.00000 0.19553
9322.00000 0.19138
9324.00000 0.18724
9326.00000 0.18314
9328.00000 0.17902
9330.00000 0.17488
9332.00000 0.17076
9334.00000 0.16669
9336.00000 0.16263
9338.00000 0.15857
9340.00000 0.15451
9342.00000 0.15048
9344.00000 0.14648
9346.00000 0.1425
9348.00000 0.13857
9350.00000 0.13461
9352.00000 0.13071
9354.00000 0.12683
9356.00000 0.123
9358.00000 0.1192
9360.00000 0.11545
9362.00000 0.11171
9364.00000 0.10803
9366.00000 0.10439
9368.00000 0.10077
9370.00000 0.09723
9372.00000 0.09373
9374.00000 0.09027
9376.00000 0.0869
9378.00000 0.08354
9380.00000 0.08022
9382.00000 0.07698
9384.00000 0.07382
9386.00000 0.07074
9388.00000 0.0677
9390.00000 0.06471
9392.00000 0.0618
9394.00000 0.05898
9396.00000 0.05621
9398.00000 0.05353
9400.00000 0.0509
9402.00000 0.04834
9404.00000 0.04587
9406.00000 0.04346
9408.00000 0.04112
9410.00000 0.03888
9412.00000 0.03668
9414.00000 0.03458
9416.00000 0.03256
9418.00000 0.03062
9420.00000 0.02875
9422.00000 0.02696
9424.00000 0.02525
9426.00000 0.02362
9428.00000 0.02208
9430.00000 0.02057
9432.00000 0.01915
9434.00000 0.01781
9436.00000 0.01653
9438.00000 0.01532
9440.00000 0.01416
9442.00000 0.01309
9444.00000 0.0121
9446.00000 0.01115
9448.00000 0.01027
9450.00000 0.00943
9452.00000 0.00864
9454.00000 0.00792
9456.00000 0.00725
9458.00000 0.00664
9460.00000 0.00607
9462.00000 0.00554
9464.00000 0.00504
9466.00000 0.00462
10412.59961 0.0
