threeML/data/optical_filters/CFHT/Megaprime-Halpha_on.ecsv
# %ECSV 0.9
# ---
# datatype:
# - {name: wavelength, unit: Angstrom, datatype: float32}
# - {name: response, datatype: float32}
# meta: !!omap
# - {band_name: Halpha_on}
# - {group_name: Megaprime}
wavelength response
5849.10010 0.0
6499.00000 0.00487
6500.00000 0.00549
6501.00000 0.00591
6502.00000 0.00645
6503.00000 0.00711
6504.00000 0.00742
6505.00000 0.00774
6506.00000 0.00909
6507.00000 0.00992
6508.00000 0.00984
6509.00000 0.01065
6510.00000 0.0118
6511.00000 0.01294
6512.00000 0.01375
6513.00000 0.01495
6514.00000 0.01613
6515.00000 0.01753
6516.00000 0.01945
6517.00000 0.02121
6518.00000 0.02307
6519.00000 0.02519
6520.00000 0.02798
6521.00000 0.03064
6522.00000 0.0331
6523.00000 0.03651
6524.00000 0.04053
6525.00000 0.04454
6526.00000 0.04953
6527.00000 0.05518
6528.00000 0.06059
6529.00000 0.06735
6530.00000 0.07587
6531.00000 0.08578
6532.00000 0.09708
6533.00000 0.10889
6534.00000 0.12114
6535.00000 0.13622
6536.00000 0.15472
6537.00000 0.17381
6538.00000 0.19664
6539.00000 0.22195
6540.00000 0.24934
6541.00000 0.27977
6542.00000 0.31444
6543.00000 0.35092
6544.00000 0.38771
6545.00000 0.4296
6546.00000 0.4735
6547.00000 0.51909
6548.00000 0.56477
6549.00000 0.6091
6550.00000 0.65489
6551.00000 0.69548
6552.00000 0.73506
6553.00000 0.77533
6554.00000 0.80971
6555.00000 0.8376
6556.00000 0.86432
6557.00000 0.88721
6558.00000 0.90459
6559.00000 0.91638
6560.00000 0.92421
6561.00000 0.93379
6562.00000 0.94164
6563.00000 0.94432
6564.00000 0.94629
6565.00000 0.95
6566.00000 0.94894
6567.00000 0.94678
6568.00000 0.94949
6569.00000 0.95352
6570.00000 0.95341
6571.00000 0.95218
6572.00000 0.94856
6573.00000 0.94926
6574.00000 0.9505
6575.00000 0.95464
6576.00000 0.95738
6577.00000 0.95709
6578.00000 0.95894
6579.00000 0.9579
6580.00000 0.95596
6581.00000 0.95717
6582.00000 0.95862
6583.00000 0.95567
6584.00000 0.95755
6585.00000 0.95912
6586.00000 0.95886
6587.00000 0.95581
6588.00000 0.95323
6589.00000 0.95532
6590.00000 0.95544
6591.00000 0.95166
6592.00000 0.94887
6593.00000 0.94757
6594.00000 0.94923
6595.00000 0.9502
6596.00000 0.94942
6597.00000 0.95306
6598.00000 0.95413
6599.00000 0.95483
6600.00000 0.96123
6601.00000 0.9608
6602.00000 0.96048
6603.00000 0.96266
6604.00000 0.96062
6605.00000 0.96255
6606.00000 0.96278
6607.00000 0.95827
6608.00000 0.94951
6609.00000 0.93832
6610.00000 0.92473
6611.00000 0.91028
6612.00000 0.88896
6613.00000 0.85933
6614.00000 0.82397
6615.00000 0.78769
6616.00000 0.74915
6617.00000 0.70662
6618.00000 0.66286
6619.00000 0.61478
6620.00000 0.5677
6621.00000 0.52098
6622.00000 0.47491
6623.00000 0.43007
6624.00000 0.38762
6625.00000 0.34779
6626.00000 0.30923
6627.00000 0.27509
6628.00000 0.24583
6629.00000 0.21957
6630.00000 0.19511
6631.00000 0.17307
6632.00000 0.15445
6633.00000 0.13722
6634.00000 0.12186
6635.00000 0.10794
6636.00000 0.09575
6637.00000 0.08571
6638.00000 0.07675
6639.00000 0.06972
6640.00000 0.06313
6641.00000 0.05603
6642.00000 0.05019
6643.00000 0.04558
7307.29980 0.0
