threeML/data/optical_filters/CFHT/Megaprime-z.ecsv
# %ECSV 0.9
# ---
# datatype:
# - {name: wavelength, unit: Angstrom, datatype: float32}
# - {name: response, datatype: float32}
# meta: !!omap
# - {band_name: z}
# - {group_name: Megaprime}
wavelength response
7128.00000 0.0
7920.00000 0.00386
7940.00000 0.00461
7960.00000 0.00558
7980.00000 0.00685
8000.00000 0.0085
8020.00000 0.0107
8040.00000 0.01373
8060.00000 0.01788
8080.00000 0.02377
8100.00000 0.03212
8120.00000 0.04408
8140.00000 0.06148
8160.00000 0.08662
8180.00000 0.12241
8200.00000 0.17184
8220.00000 0.23846
8240.00000 0.32411
8260.00000 0.42409
8280.00000 0.54701
8300.00000 0.65652
8320.00000 0.74878
8340.00000 0.8217
8360.00000 0.86388
8380.00000 0.89584
8400.00000 0.91389
8420.00000 0.91396
8440.00000 0.91391
8460.00000 0.90866
8480.00000 0.90962
8500.00000 0.92201
8520.00000 0.9245
8540.00000 0.93277
8560.00000 0.93715
8580.00000 0.93793
8600.00000 0.93703
8620.00000 0.93495
8640.00000 0.93243
8660.00000 0.93053
8680.00000 0.92738
8700.00000 0.92213
8720.00000 0.91972
8740.00000 0.91685
8760.00000 0.91156
8780.00000 0.90977
8800.00000 0.90414
8820.00000 0.90385
8840.00000 0.90727
8860.00000 0.90739
8880.00000 0.90671
8900.00000 0.90489
8920.00000 0.90295
8940.00000 0.9088
8960.00000 0.91083
8980.00000 0.91144
9000.00000 0.91631
9020.00000 0.91345
9040.00000 0.91573
9060.00000 0.91377
9080.00000 0.91046
9100.00000 0.9079
9120.00000 0.90744
9140.00000 0.90646
9160.00000 0.90395
9180.00000 0.90033
9200.00000 0.89589
9220.00000 0.89243
9240.00000 0.8887
9260.00000 0.88791
9280.00000 0.88713
9300.00000 0.88655
9320.00000 0.88831
9340.00000 0.88821
9360.00000 0.88544
9380.00000 0.88515
9400.00000 0.88414
9420.00000 0.88486
9440.00000 0.88762
9460.00000 0.89069
9480.00000 0.89169
9500.00000 0.89377
9520.00000 0.8961
9540.00000 0.89886
9560.00000 0.90268
9580.00000 0.90755
9600.00000 0.91203
9620.00000 0.91586
9640.00000 0.9184
9660.00000 0.91966
9680.00000 0.92099
9700.00000 0.92195
9720.00000 0.92493
9740.00000 0.92422
9760.00000 0.92473
9780.00000 0.92494
9800.00000 0.92432
9820.00000 0.92644
9840.00000 0.92593
9860.00000 0.92609
9880.00000 0.92517
9900.00000 0.92354
9920.00000 0.92151
9940.00000 0.91878
9960.00000 0.91655
9980.00000 0.91338
10000.00000 0.91246
10020.00000 0.91058
10040.00000 0.90823
10060.00000 0.90739
10080.00000 0.90573
10100.00000 0.90514
10120.00000 0.90605
10140.00000 0.90529
10160.00000 0.90538
10180.00000 0.90561
10200.00000 0.90581
10220.00000 0.90714
10240.00000 0.90814
10260.00000 0.91035
10280.00000 0.91171
10300.00000 0.91367
10320.00000 0.91632
10340.00000 0.91748
10360.00000 0.9192
10380.00000 0.92078
10400.00000 0.9229
10420.00000 0.92561
10440.00000 0.92873
10460.00000 0.93198
10480.00000 0.93404
10500.00000 0.93604
10520.00000 0.93712
10540.00000 0.93877
10560.00000 0.93988
10580.00000 0.94119
10600.00000 0.94254
10620.00000 0.944
10640.00000 0.94545
10660.00000 0.94641
10680.00000 0.94768
10700.00000 0.94774
10720.00000 0.94777
10740.00000 0.94771
10760.00000 0.94667
10780.00000 0.94682
10800.00000 0.94714
10820.00000 0.94702
10840.00000 0.94653
10860.00000 0.9454
10880.00000 0.94398
10900.00000 0.94267
10920.00000 0.94194
10940.00000 0.94099
10960.00000 0.94014
10980.00000 0.9395
11000.00000 0.93875
11020.00000 0.93739
11040.00000 0.93695
11060.00000 0.93614
11080.00000 0.93512
11100.00000 0.93407
11120.00000 0.93321
11140.00000 0.93327
11160.00000 0.9332
11180.00000 0.93336
11200.00000 0.9335
11220.00000 0.93286
11240.00000 0.93384
11260.00000 0.93419
11280.00000 0.93431
11300.00000 0.93449
11320.00000 0.93433
11340.00000 0.93533
11360.00000 0.93544
11380.00000 0.93628
11400.00000 0.9366
11420.00000 0.93582
11440.00000 0.93669
11460.00000 0.9368
11480.00000 0.93704
11500.00000 0.93813
11520.00000 0.93874
11540.00000 0.93961
11560.00000 0.93948
11580.00000 0.94002
11600.00000 0.93979
11620.00000 0.94023
11640.00000 0.94102
11660.00000 0.94131
11680.00000 0.94176
11700.00000 0.94151
11720.00000 0.94203
11740.00000 0.94154
11760.00000 0.94186
11780.00000 0.942
11800.00000 0.94153
11820.00000 0.94215
11840.00000 0.94199
11860.00000 0.94199
11880.00000 0.94247
11900.00000 0.94171
11920.00000 0.94122
11940.00000 0.94099
11960.00000 0.94025
11980.00000 0.94069
12000.00000 0.94041
13200.00000 0.0
