threeML/data/optical_filters/CFHT/Megaprime-i.ecsv
# %ECSV 0.9
# ---
# datatype:
# - {name: wavelength, unit: Angstrom, datatype: float32}
# - {name: response, datatype: float32}
# meta: !!omap
# - {band_name: i}
# - {group_name: Megaprime}
wavelength response
5994.00000 0.0
6660.00000 0.00363
6680.00000 0.00456
6700.00000 0.00581
6720.00000 0.00745
6740.00000 0.00958
6760.00000 0.01245
6780.00000 0.01625
6800.00000 0.02136
6820.00000 0.02834
6840.00000 0.0379
6860.00000 0.05119
6880.00000 0.0695
6900.00000 0.09456
6920.00000 0.12862
6940.00000 0.17377
6960.00000 0.23193
6980.00000 0.30333
7000.00000 0.38652
7020.00000 0.47885
7040.00000 0.5757
7060.00000 0.67043
7080.00000 0.75687
7100.00000 0.8293
7120.00000 0.8844
7140.00000 0.92297
7160.00000 0.94676
7180.00000 0.95972
7200.00000 0.96513
7220.00000 0.96611
7240.00000 0.96475
7260.00000 0.96201
7280.00000 0.95943
7300.00000 0.95673
7320.00000 0.95505
7340.00000 0.95428
7360.00000 0.95393
7380.00000 0.95425
7400.00000 0.95488
7420.00000 0.95551
7440.00000 0.95593
7460.00000 0.95656
7480.00000 0.95616
7500.00000 0.95529
7520.00000 0.95398
7540.00000 0.95157
7560.00000 0.94891
7580.00000 0.94611
7600.00000 0.94321
7620.00000 0.94051
7640.00000 0.93799
7660.00000 0.93703
7680.00000 0.93689
7700.00000 0.93791
7720.00000 0.9406
7740.00000 0.94377
7760.00000 0.9476
7780.00000 0.95236
7800.00000 0.95792
7820.00000 0.96312
7840.00000 0.96768
7860.00000 0.97194
7880.00000 0.97491
7900.00000 0.97635
7920.00000 0.97675
7940.00000 0.97513
7960.00000 0.9722
7980.00000 0.96877
8000.00000 0.96518
8020.00000 0.96141
8040.00000 0.9579
8060.00000 0.9554
8080.00000 0.95425
8100.00000 0.95438
8120.00000 0.9558
8140.00000 0.95656
8160.00000 0.95609
8180.00000 0.9539
8200.00000 0.94818
8220.00000 0.93939
8240.00000 0.92616
8260.00000 0.90936
8280.00000 0.88536
8300.00000 0.8571
8320.00000 0.82803
8340.00000 0.7999
8360.00000 0.78163
8380.00000 0.76918
8400.00000 0.75871
8420.00000 0.74725
8440.00000 0.73351
8460.00000 0.70613
8480.00000 0.66806
8500.00000 0.60962
8520.00000 0.53241
8540.00000 0.44717
8560.00000 0.3535
8580.00000 0.27487
8600.00000 0.19881
8620.00000 0.13792
8640.00000 0.09947
8660.00000 0.06807
8680.00000 0.04883
8700.00000 0.03673
8720.00000 0.0235
8740.00000 0.01527
8760.00000 0.01135
8780.00000 0.00964
8800.00000 0.00862
8820.00000 0.00563
8840.00000 0.00439
9724.00000 0.0
