threeML/data/optical_filters/CFHT/Megaprime-Halpha_off.ecsv
# %ECSV 0.9
# ---
# datatype:
# - {name: wavelength, unit: Angstrom, datatype: float32}
# - {name: response, datatype: float32}
# meta: !!omap
# - {band_name: Halpha_off}
# - {group_name: Megaprime}
wavelength response
5715.89990 0.0
6351.00000 0.00488
6352.00000 0.00517
6353.00000 0.00539
6354.00000 0.00569
6355.00000 0.00615
6356.00000 0.00658
6357.00000 0.00697
6358.00000 0.00737
6359.00000 0.00774
6360.00000 0.00821
6361.00000 0.00882
6362.00000 0.00951
6363.00000 0.01006
6364.00000 0.0107
6365.00000 0.0117
6366.00000 0.01254
6367.00000 0.01317
6368.00000 0.01404
6369.00000 0.01515
6370.00000 0.0163
6371.00000 0.01767
6372.00000 0.01904
6373.00000 0.02051
6374.00000 0.02231
6375.00000 0.02408
6376.00000 0.0262
6377.00000 0.02827
6378.00000 0.03044
6379.00000 0.03299
6380.00000 0.03569
6381.00000 0.03874
6382.00000 0.04231
6383.00000 0.04628
6384.00000 0.05038
6385.00000 0.05518
6386.00000 0.06038
6387.00000 0.06558
6388.00000 0.07161
6389.00000 0.07887
6390.00000 0.08638
6391.00000 0.095
6392.00000 0.10504
6393.00000 0.11504
6394.00000 0.12595
6395.00000 0.13879
6396.00000 0.15335
6397.00000 0.16936
6398.00000 0.18661
6399.00000 0.20518
6400.00000 0.22607
6401.00000 0.24863
6402.00000 0.27301
6403.00000 0.29971
6404.00000 0.32872
6405.00000 0.35982
6406.00000 0.3927
6407.00000 0.42622
6408.00000 0.46072
6409.00000 0.498
6410.00000 0.53496
6411.00000 0.57216
6412.00000 0.60989
6413.00000 0.64453
6414.00000 0.67809
6415.00000 0.71097
6416.00000 0.7424
6417.00000 0.7728
6418.00000 0.7984
6419.00000 0.82173
6420.00000 0.84308
6421.00000 0.86047
6422.00000 0.87639
6423.00000 0.89156
6424.00000 0.9032
6425.00000 0.91206
6426.00000 0.91844
6427.00000 0.92343
6428.00000 0.93002
6429.00000 0.93369
6430.00000 0.93639
6431.00000 0.93874
6432.00000 0.93951
6433.00000 0.94011
6434.00000 0.93983
6435.00000 0.93997
6436.00000 0.94301
6437.00000 0.94406
6438.00000 0.94247
6439.00000 0.94241
6440.00000 0.94167
6441.00000 0.94174
6442.00000 0.94106
6443.00000 0.93945
6444.00000 0.9406
6445.00000 0.94069
6446.00000 0.9364
6447.00000 0.93417
6448.00000 0.93486
6449.00000 0.93266
6450.00000 0.92949
6451.00000 0.92662
6452.00000 0.9241
6453.00000 0.92191
6454.00000 0.9178
6455.00000 0.91321
6456.00000 0.90977
6457.00000 0.90588
6458.00000 0.90393
6459.00000 0.90202
6460.00000 0.89632
6461.00000 0.89182
6462.00000 0.89052
6463.00000 0.88931
6464.00000 0.88724
6465.00000 0.8858
6466.00000 0.8849
6467.00000 0.88522
6468.00000 0.88593
6469.00000 0.88594
6470.00000 0.88651
6471.00000 0.88834
6472.00000 0.89075
6473.00000 0.89355
6474.00000 0.89861
6475.00000 0.90233
6476.00000 0.90474
6477.00000 0.90901
6478.00000 0.91425
6479.00000 0.9194
6480.00000 0.92093
6481.00000 0.91989
6482.00000 0.91908
6483.00000 0.91711
6484.00000 0.91318
6485.00000 0.90422
6486.00000 0.89116
6487.00000 0.87476
6488.00000 0.85619
6489.00000 0.83356
6490.00000 0.80536
6491.00000 0.77168
6492.00000 0.73535
6493.00000 0.69843
6494.00000 0.65721
6495.00000 0.61334
6496.00000 0.57173
6497.00000 0.53061
6498.00000 0.48799
6499.00000 0.44667
6500.00000 0.40721
6501.00000 0.37032
6502.00000 0.33583
6503.00000 0.30367
6504.00000 0.274
6505.00000 0.24805
6506.00000 0.22319
6507.00000 0.19986
6508.00000 0.17953
6509.00000 0.16179
6510.00000 0.14601
6511.00000 0.13152
6512.00000 0.11804
6513.00000 0.10684
6514.00000 0.09711
6515.00000 0.08769
6516.00000 0.07939
6517.00000 0.07207
6518.00000 0.06584
6519.00000 0.05991
6520.00000 0.05431
6521.00000 0.04942
6522.00000 0.04529
6523.00000 0.04158
6524.00000 0.03795
6525.00000 0.03473
6526.00000 0.03197
6527.00000 0.02925
6528.00000 0.02689
6529.00000 0.02484
6530.00000 0.0231
6531.00000 0.02155
6532.00000 0.01994
6533.00000 0.01849
6534.00000 0.01726
6535.00000 0.01617
6536.00000 0.01491
6537.00000 0.01372
6538.00000 0.01294
6539.00000 0.01204
6540.00000 0.01118
6541.00000 0.01044
6542.00000 0.00967
6543.00000 0.00935
6544.00000 0.00882
6545.00000 0.00824
6546.00000 0.00789
6547.00000 0.00737
6548.00000 0.00694
6549.00000 0.00668
6550.00000 0.00624
6551.00000 0.00575
6552.00000 0.00537
6553.00000 0.00504
6554.00000 0.005
6555.00000 0.00496
7210.50000 0.0
