threeML/data/optical_filters/CFHT/MOCAM-Rharris.ecsv
# %ECSV 0.9
# ---
# datatype:
# - {name: wavelength, unit: Angstrom, datatype: float32}
# - {name: response, datatype: float32}
# meta: !!omap
# - {band_name: Rharris}
# - {group_name: MOCAM}
wavelength response
4986.00000 0.0
5540.00000 0.00345
5560.00000 0.01086
5580.00000 0.02876
5600.00000 0.06436
5620.00000 0.12265
5640.00000 0.20361
5660.00000 0.30043
5680.00000 0.40135
5700.00000 0.4957
5720.00000 0.57686
5740.00000 0.64273
5760.00000 0.69473
5780.00000 0.73425
5800.00000 0.76324
5820.00000 0.78481
5840.00000 0.80038
5860.00000 0.81158
5880.00000 0.81938
5900.00000 0.82419
5920.00000 0.827
5940.00000 0.82806
5960.00000 0.82777
5980.00000 0.82677
6000.00000 0.82472
6020.00000 0.82196
6040.00000 0.81874
6060.00000 0.81477
6080.00000 0.81044
6100.00000 0.80571
6120.00000 0.80061
6140.00000 0.79506
6160.00000 0.78903
6180.00000 0.7829
6200.00000 0.77663
6220.00000 0.77023
6240.00000 0.7635
6260.00000 0.7563
6280.00000 0.74875
6300.00000 0.74104
6320.00000 0.73349
6340.00000 0.72581
6360.00000 0.71812
6380.00000 0.71036
6400.00000 0.70264
6420.00000 0.69504
6440.00000 0.68704
6460.00000 0.67883
6480.00000 0.67052
6500.00000 0.66229
6520.00000 0.65399
6540.00000 0.64555
6560.00000 0.63713
6580.00000 0.62874
6600.00000 0.62039
6620.00000 0.61197
6640.00000 0.60364
6660.00000 0.59525
6680.00000 0.58669
6700.00000 0.57826
6720.00000 0.56964
6740.00000 0.5609
6760.00000 0.55197
6780.00000 0.54274
6800.00000 0.53343
6820.00000 0.52373
6840.00000 0.51401
6860.00000 0.50429
6880.00000 0.49445
6900.00000 0.48468
6920.00000 0.47493
6940.00000 0.46521
6960.00000 0.4554
6980.00000 0.44569
7000.00000 0.43626
7020.00000 0.42693
7040.00000 0.41763
7060.00000 0.40829
7080.00000 0.3989
7100.00000 0.38965
7120.00000 0.38054
7140.00000 0.37144
7160.00000 0.36252
7180.00000 0.35379
7200.00000 0.34512
7220.00000 0.33676
7240.00000 0.32826
7260.00000 0.31976
7280.00000 0.31136
7300.00000 0.30296
7320.00000 0.29488
7340.00000 0.28677
7360.00000 0.27878
7380.00000 0.27087
7400.00000 0.26321
7420.00000 0.25575
7440.00000 0.24815
7460.00000 0.24074
7480.00000 0.23341
7500.00000 0.22609
7520.00000 0.21889
7540.00000 0.21181
7560.00000 0.20488
7580.00000 0.19807
7600.00000 0.19153
7620.00000 0.1851
7640.00000 0.17874
7660.00000 0.17242
7680.00000 0.16626
7700.00000 0.16032
7720.00000 0.15439
7740.00000 0.14864
7760.00000 0.14299
7780.00000 0.13759
7800.00000 0.13246
7820.00000 0.12741
7840.00000 0.12251
7860.00000 0.11755
7880.00000 0.11273
7900.00000 0.10826
7920.00000 0.10388
7940.00000 0.09959
7960.00000 0.09544
7980.00000 0.09145
8000.00000 0.08757
8020.00000 0.08388
8040.00000 0.08028
8060.00000 0.07672
8080.00000 0.07338
8100.00000 0.07005
8120.00000 0.06694
8140.00000 0.06396
8160.00000 0.06097
8180.00000 0.05829
8200.00000 0.05571
8220.00000 0.05309
8240.00000 0.05061
8260.00000 0.04828
8280.00000 0.04616
8300.00000 0.04344
8320.00000 0.04105
8340.00000 0.03938
8360.00000 0.03731
8380.00000 0.03543
8400.00000 0.03404
8420.00000 0.0323
8440.00000 0.03009
8460.00000 0.02855
8480.00000 0.02742
8500.00000 0.02655
8520.00000 0.02501
8540.00000 0.02306
8560.00000 0.02199
8580.00000 0.02129
8600.00000 0.02003
8620.00000 0.01906
8640.00000 0.01854
8660.00000 0.01749
8680.00000 0.01668
8700.00000 0.0159
8720.00000 0.01476
8740.00000 0.01385
8760.00000 0.01338
8780.00000 0.01276
8800.00000 0.01233
8820.00000 0.01158
8840.00000 0.01051
8860.00000 0.01016
8880.00000 0.00999
8900.00000 0.00937
8920.00000 0.00877
8940.00000 0.00835
8960.00000 0.00795
8980.00000 0.00758
9000.00000 0.00732
9020.00000 0.00696
9040.00000 0.00638
9060.00000 0.00595
9080.00000 0.00555
9100.00000 0.00528
9120.00000 0.00502
9140.00000 0.00478
9160.00000 0.00455
9180.00000 0.00443
9200.00000 0.0042
10120.00000 0.0
