threeML/data/optical_filters/CFHT/Wircam-Kcont.ecsv
# %ECSV 0.9
# ---
# datatype:
# - {name: wavelength, unit: Angstrom, datatype: float32}
# - {name: response, datatype: float32}
# meta: !!omap
# - {band_name: Kcont}
# - {group_name: Wircam}
wavelength response
19725.30078 0.0
21917.00000 0.00224
21918.00000 0.00262
21919.00000 0.00319
21920.00000 0.00331
21921.00000 0.00307
21922.00000 0.00319
21923.00000 0.00301
21924.00000 0.00313
21925.00000 0.00343
21926.00000 0.004
21927.00000 0.0045
21928.00000 0.00475
21929.00000 0.00481
21930.00000 0.00493
21931.00000 0.00511
21932.00000 0.00505
21933.00000 0.00554
21934.00000 0.00591
21935.00000 0.00597
21936.00000 0.00645
21937.00000 0.00694
21938.00000 0.00725
21939.00000 0.00723
21940.00000 0.00748
21941.00000 0.00809
21942.00000 0.00883
21943.00000 0.009
21944.00000 0.00955
21945.00000 0.00992
21946.00000 0.0106
21947.00000 0.01085
21948.00000 0.01114
21949.00000 0.01108
21950.00000 0.01106
21951.00000 0.01123
21952.00000 0.01172
21953.00000 0.01247
21954.00000 0.01289
21955.00000 0.0135
21956.00000 0.01413
21957.00000 0.01474
21958.00000 0.01517
21959.00000 0.01566
21960.00000 0.01627
21961.00000 0.01711
21962.00000 0.01741
21963.00000 0.01808
21964.00000 0.01888
21965.00000 0.0193
21966.00000 0.01936
21967.00000 0.02032
21968.00000 0.02075
21969.00000 0.02124
21970.00000 0.02208
21971.00000 0.02298
21972.00000 0.02396
21973.00000 0.02486
21974.00000 0.02551
21975.00000 0.02586
21976.00000 0.02641
21977.00000 0.02744
21978.00000 0.02876
21979.00000 0.0302
21980.00000 0.03104
21981.00000 0.03232
21982.00000 0.03329
21983.00000 0.0345
21984.00000 0.03551
21985.00000 0.03697
21986.00000 0.03827
21987.00000 0.03983
21988.00000 0.04077
21989.00000 0.04227
21990.00000 0.04375
21991.00000 0.04475
21992.00000 0.04619
21993.00000 0.04724
21994.00000 0.04906
21995.00000 0.05072
21996.00000 0.05254
21997.00000 0.05421
21998.00000 0.05643
21999.00000 0.05809
22000.00000 0.06001
22001.00000 0.06203
22002.00000 0.06357
22003.00000 0.06554
22004.00000 0.06747
22005.00000 0.06937
22006.00000 0.07156
22007.00000 0.07379
22008.00000 0.07608
22009.00000 0.07834
22010.00000 0.08066
22011.00000 0.08273
22012.00000 0.08554
22013.00000 0.08766
22014.00000 0.09039
22015.00000 0.09288
22016.00000 0.09575
22017.00000 0.09807
22018.00000 0.10036
22019.00000 0.103
22020.00000 0.10616
22021.00000 0.10901
22022.00000 0.11226
22023.00000 0.11537
22024.00000 0.11845
22025.00000 0.12172
22026.00000 0.12479
22027.00000 0.12814
22028.00000 0.13139
22029.00000 0.13501
22030.00000 0.1384
22031.00000 0.14177
22032.00000 0.14532
22033.00000 0.149
22034.00000 0.15289
22035.00000 0.15651
22036.00000 0.16068
22037.00000 0.16457
22038.00000 0.16858
22039.00000 0.17299
22040.00000 0.17728
22041.00000 0.18158
22042.00000 0.18607
22043.00000 0.19023
22044.00000 0.19466
22045.00000 0.19931
22046.00000 0.2038
22047.00000 0.2084
22048.00000 0.21326
22049.00000 0.21805
22050.00000 0.22339
22051.00000 0.22832
22052.00000 0.23354
22053.00000 0.23857
22054.00000 0.2435
22055.00000 0.24879
22056.00000 0.25435
22057.00000 0.26001
22058.00000 0.2655
22059.00000 0.27089
22060.00000 0.2764
22061.00000 0.28174
22062.00000 0.2874
22063.00000 0.29292
22064.00000 0.29884
22065.00000 0.30438
22066.00000 0.3105
22067.00000 0.31642
22068.00000 0.3222
22069.00000 0.32808
22070.00000 0.33426
22071.00000 0.33984
22072.00000 0.34601
22073.00000 0.35196
22074.00000 0.35791
22075.00000 0.36423
22076.00000 0.37024
22077.00000 0.37637
22078.00000 0.38289
22079.00000 0.38924
22080.00000 0.3951
22081.00000 0.40129
22082.00000 0.40749
22083.00000 0.41371
22084.00000 0.42001
22085.00000 0.42645
22086.00000 0.43289
22087.00000 0.43944
22088.00000 0.4458
22089.00000 0.45219
22090.00000 0.45859
22091.00000 0.46513
22092.00000 0.47151
22093.00000 0.47791
22094.00000 0.48387
22095.00000 0.4904
22096.00000 0.49699
22097.00000 0.50325
22098.00000 0.50954
22099.00000 0.51575
22100.00000 0.52182
22101.00000 0.52805
22102.00000 0.53413
22103.00000 0.54022
22104.00000 0.5461
22105.00000 0.55179
22106.00000 0.5576
22107.00000 0.56328
22108.00000 0.56917
22109.00000 0.57527
22110.00000 0.58084
22111.00000 0.58609
22112.00000 0.5918
22113.00000 0.59714
22114.00000 0.60248
22115.00000 0.60771
22116.00000 0.61278
22117.00000 0.61763
22118.00000 0.62262
22119.00000 0.6273
22120.00000 0.63185
22121.00000 0.63638
22122.00000 0.64079
22123.00000 0.6451
22124.00000 0.64966
22125.00000 0.65416
22126.00000 0.65895
22127.00000 0.6633
22128.00000 0.66748
22129.00000 0.67189
22130.00000 0.6758
22131.00000 0.67981
22132.00000 0.68393
22133.00000 0.68787
22134.00000 0.69174
22135.00000 0.69591
22136.00000 0.69969
22137.00000 0.70326
22138.00000 0.70711
22139.00000 0.71085
22140.00000 0.71402
22141.00000 0.71722
22142.00000 0.72032
22143.00000 0.72389
22144.00000 0.72699
22145.00000 0.73042
22146.00000 0.73354
22147.00000 0.73668
22148.00000 0.73988
22149.00000 0.74274
22150.00000 0.7455
22151.00000 0.74846
22152.00000 0.75124
22153.00000 0.75418
22154.00000 0.75717
22155.00000 0.7599
22156.00000 0.76251
22157.00000 0.76469
22158.00000 0.76683
22159.00000 0.76874
22160.00000 0.77057
22161.00000 0.77261
22162.00000 0.77452
22163.00000 0.77628
22164.00000 0.77773
22165.00000 0.7794
22166.00000 0.78058
22167.00000 0.78194
22168.00000 0.78323
22169.00000 0.78491
22170.00000 0.78596
22171.00000 0.78723
22172.00000 0.78859
22173.00000 0.7896
22174.00000 0.79076
22175.00000 0.79199
22176.00000 0.79312
22177.00000 0.79396
22178.00000 0.79488
22179.00000 0.79573
22180.00000 0.79631
22181.00000 0.79721
22182.00000 0.79787
22183.00000 0.79868
22184.00000 0.79956
22185.00000 0.80049
22186.00000 0.80075
22187.00000 0.80151
22188.00000 0.80196
22189.00000 0.80269
22190.00000 0.80336
22191.00000 0.80421
22192.00000 0.80507
22193.00000 0.80559
22194.00000 0.80632
22195.00000 0.80708
22196.00000 0.80783
22197.00000 0.80812
22198.00000 0.80905
22199.00000 0.80954
22200.00000 0.80991
22201.00000 0.81067
22202.00000 0.81131
22203.00000 0.8116
22204.00000 0.812
22205.00000 0.81268
22206.00000 0.81342
22207.00000 0.81363
22208.00000 0.81369
22209.00000 0.814
22210.00000 0.81416
22211.00000 0.81447
22212.00000 0.81473
22213.00000 0.81509
22214.00000 0.81563
22215.00000 0.81601
22216.00000 0.81586
22217.00000 0.81561
22218.00000 0.81606
22219.00000 0.81628
22220.00000 0.81656
22221.00000 0.81685
22222.00000 0.81725
22223.00000 0.81737
22224.00000 0.81708
22225.00000 0.81743
22226.00000 0.81744
22227.00000 0.81732
22228.00000 0.8175
22229.00000 0.81816
22230.00000 0.81825
22231.00000 0.81856
22232.00000 0.81873
22233.00000 0.81873
22234.00000 0.81876
22235.00000 0.81915
22236.00000 0.81929
22237.00000 0.81905
22238.00000 0.81891
22239.00000 0.81892
22240.00000 0.81912
22241.00000 0.81927
22242.00000 0.81973
22243.00000 0.81982
22244.00000 0.81976
22245.00000 0.81987
22246.00000 0.81947
22247.00000 0.81938
22248.00000 0.81947
22249.00000 0.8194
22250.00000 0.81931
22251.00000 0.81915
22252.00000 0.81857
22253.00000 0.81827
22254.00000 0.81781
22255.00000 0.81754
22256.00000 0.81757
22257.00000 0.81731
22258.00000 0.817
22259.00000 0.81702
22260.00000 0.81673
22261.00000 0.81625
22262.00000 0.8157
22263.00000 0.81537
22264.00000 0.81528
22265.00000 0.81488
22266.00000 0.81448
22267.00000 0.81398
22268.00000 0.81378
22269.00000 0.81383
22270.00000 0.81349
22271.00000 0.81342
22272.00000 0.81325
22273.00000 0.81291
22274.00000 0.81223
22275.00000 0.81223
22276.00000 0.812
22277.00000 0.81192
22278.00000 0.8118
22279.00000 0.81155
22280.00000 0.81117
22281.00000 0.81088
22282.00000 0.81076
22283.00000 0.81038
22284.00000 0.81053
22285.00000 0.81018
22286.00000 0.80998
22287.00000 0.80984
22288.00000 0.80971
22289.00000 0.80951
22290.00000 0.80905
22291.00000 0.8089
22292.00000 0.80856
22293.00000 0.8082
22294.00000 0.80818
22295.00000 0.80794
22296.00000 0.80769
22297.00000 0.8071
22298.00000 0.80704
22299.00000 0.80699
22300.00000 0.80649
22301.00000 0.80624
22302.00000 0.80627
22303.00000 0.80574
22304.00000 0.80562
22305.00000 0.80528
22306.00000 0.80501
22307.00000 0.80438
22308.00000 0.80409
22309.00000 0.8035
22310.00000 0.8029
22311.00000 0.80254
22312.00000 0.80199
22313.00000 0.80135
22314.00000 0.80051
22315.00000 0.79985
22316.00000 0.79883
22317.00000 0.79837
22318.00000 0.79723
22319.00000 0.79617
22320.00000 0.79523
22321.00000 0.79413
22322.00000 0.79329
22323.00000 0.7921
22324.00000 0.79082
22325.00000 0.78973
22326.00000 0.78825
22327.00000 0.78674
22328.00000 0.7851
22329.00000 0.78375
22330.00000 0.7818
22331.00000 0.77997
22332.00000 0.77838
22333.00000 0.7762
22334.00000 0.77383
22335.00000 0.77177
22336.00000 0.7695
22337.00000 0.76752
22338.00000 0.76501
22339.00000 0.76265
22340.00000 0.75977
22341.00000 0.75729
22342.00000 0.75471
22343.00000 0.75194
22344.00000 0.74905
22345.00000 0.74608
22346.00000 0.7431
22347.00000 0.74008
22348.00000 0.73695
22349.00000 0.73393
22350.00000 0.73096
22351.00000 0.72778
22352.00000 0.72404
22353.00000 0.72078
22354.00000 0.71696
22355.00000 0.71317
22356.00000 0.70967
22357.00000 0.70595
22358.00000 0.70206
22359.00000 0.69829
22360.00000 0.694
22361.00000 0.68973
22362.00000 0.68559
22363.00000 0.68097
22364.00000 0.67618
22365.00000 0.67192
22366.00000 0.66743
22367.00000 0.66301
22368.00000 0.65814
22369.00000 0.65326
22370.00000 0.64842
22371.00000 0.64325
22372.00000 0.6385
22373.00000 0.63333
22374.00000 0.62814
22375.00000 0.623
22376.00000 0.61754
22377.00000 0.61261
22378.00000 0.60707
22379.00000 0.60146
22380.00000 0.59593
22381.00000 0.58987
22382.00000 0.58403
22383.00000 0.57803
22384.00000 0.57208
22385.00000 0.5659
22386.00000 0.56009
22387.00000 0.55441
22388.00000 0.54799
22389.00000 0.54175
22390.00000 0.53549
22391.00000 0.52917
22392.00000 0.52318
22393.00000 0.51691
22394.00000 0.51038
22395.00000 0.50436
22396.00000 0.49811
22397.00000 0.49176
22398.00000 0.48515
22399.00000 0.47852
22400.00000 0.47206
22401.00000 0.46562
22402.00000 0.45934
22403.00000 0.45308
22404.00000 0.44635
22405.00000 0.43945
22406.00000 0.43275
22407.00000 0.42593
22408.00000 0.41959
22409.00000 0.41277
22410.00000 0.4061
22411.00000 0.39972
22412.00000 0.39296
22413.00000 0.38651
22414.00000 0.38007
22415.00000 0.37366
22416.00000 0.36734
22417.00000 0.36086
22418.00000 0.35432
22419.00000 0.34782
22420.00000 0.3416
22421.00000 0.33545
22422.00000 0.32904
22423.00000 0.32271
22424.00000 0.31627
22425.00000 0.31029
22426.00000 0.3042
22427.00000 0.29799
22428.00000 0.29199
22429.00000 0.28583
22430.00000 0.27977
22431.00000 0.27388
22432.00000 0.26797
22433.00000 0.26201
22434.00000 0.25627
22435.00000 0.25067
22436.00000 0.24509
22437.00000 0.23997
22438.00000 0.23477
22439.00000 0.22948
22440.00000 0.22406
22441.00000 0.21887
22442.00000 0.21408
22443.00000 0.20905
22444.00000 0.20432
22445.00000 0.19958
22446.00000 0.19475
22447.00000 0.19022
22448.00000 0.18552
22449.00000 0.18097
22450.00000 0.17656
22451.00000 0.17221
22452.00000 0.16794
22453.00000 0.16353
22454.00000 0.15959
22455.00000 0.15561
22456.00000 0.15195
22457.00000 0.14804
22458.00000 0.14444
22459.00000 0.14062
22460.00000 0.13713
22461.00000 0.13379
22462.00000 0.13055
22463.00000 0.12695
22464.00000 0.12347
22465.00000 0.12004
22466.00000 0.11673
22467.00000 0.11349
22468.00000 0.11052
22469.00000 0.10747
22470.00000 0.10461
22471.00000 0.10172
22472.00000 0.09914
22473.00000 0.0963
22474.00000 0.0936
22475.00000 0.09097
22476.00000 0.08836
22477.00000 0.08617
22478.00000 0.08394
22479.00000 0.08144
22480.00000 0.07925
22481.00000 0.07698
22482.00000 0.07486
22483.00000 0.07269
22484.00000 0.07047
22485.00000 0.06822
22486.00000 0.06635
22487.00000 0.06453
22488.00000 0.0625
22489.00000 0.06052
22490.00000 0.05873
22491.00000 0.05701
22492.00000 0.05507
22493.00000 0.05318
22494.00000 0.05161
22495.00000 0.05051
22496.00000 0.04904
22497.00000 0.04771
22498.00000 0.04662
22499.00000 0.04515
22500.00000 0.04384
22501.00000 0.04233
22502.00000 0.04123
22503.00000 0.03987
22504.00000 0.0386
22505.00000 0.03748
22506.00000 0.03636
22507.00000 0.03506
22508.00000 0.03407
22509.00000 0.0325
22510.00000 0.03146
22511.00000 0.03058
22512.00000 0.02953
22513.00000 0.02853
22514.00000 0.02776
22515.00000 0.02676
22516.00000 0.0262
22517.00000 0.02541
22518.00000 0.02458
22519.00000 0.02354
22520.00000 0.02296
22521.00000 0.02245
22522.00000 0.02176
22523.00000 0.02107
22524.00000 0.02051
22525.00000 0.01976
22526.00000 0.01909
22527.00000 0.0183
22528.00000 0.01772
22529.00000 0.01718
22530.00000 0.01604
22531.00000 0.0155
22532.00000 0.01492
22533.00000 0.01472
22534.00000 0.01405
22535.00000 0.01337
22536.00000 0.01294
22537.00000 0.01247
22538.00000 0.0119
22539.00000 0.01154
22540.00000 0.01138
22541.00000 0.01085
22542.00000 0.01044
22543.00000 0.00992
22544.00000 0.00981
22545.00000 0.00966
22546.00000 0.00908
22547.00000 0.00882
22548.00000 0.00841
22549.00000 0.00824
22550.00000 0.00751
22551.00000 0.00735
22552.00000 0.00677
22553.00000 0.00645
22554.00000 0.00624
22555.00000 0.00594
22556.00000 0.00587
22557.00000 0.00572
22558.00000 0.00562
22559.00000 0.00536
22560.00000 0.0052
22561.00000 0.00479
22562.00000 0.00488
22563.00000 0.00436
22564.00000 0.00426
22565.00000 0.00404
22566.00000 0.00368
22567.00000 0.00368
22568.00000 0.00357
22569.00000 0.00342
22570.00000 0.00316
22571.00000 0.00327
22572.00000 0.00269
24829.19922 0.0
