threeML/data/optical_filters/CFHT/Wircam-H2.ecsv
# %ECSV 0.9
# ---
# datatype:
# - {name: wavelength, unit: Angstrom, datatype: float32}
# - {name: response, datatype: float32}
# meta: !!omap
# - {band_name: H2}
# - {group_name: Wircam}
wavelength response
18894.59961 0.0
20994.00000 0.03517
20995.00000 0.0356
20996.00000 0.03851
20997.00000 0.04132
20998.00000 0.03619
20999.00000 0.03941
21000.00000 0.03299
21001.00000 0.03287
21002.00000 0.01784
21003.00000 0.01158
21004.00000 0.00877
21005.00000 0.00275
21006.00000 0.0023
21007.00000 0.0
21008.00000 0.00526
21009.00000 0.00543
21010.00000 0.0148
21011.00000 0.02646
21012.00000 0.02649
21013.00000 0.03598
21014.00000 0.03304
21015.00000 0.04118
21016.00000 0.0442
21017.00000 0.04112
21018.00000 0.04691
21019.00000 0.04776
21020.00000 0.04796
21021.00000 0.04456
21022.00000 0.04781
21023.00000 0.02763
21024.00000 0.02174
21025.00000 0.02174
21026.00000 0.01814
21027.00000 0.00865
21028.00000 0.01151
21029.00000 0.01154
21030.00000 0.01675
21031.00000 0.03117
21032.00000 0.03383
21033.00000 0.03383
21034.00000 0.03163
21035.00000 0.04312
21036.00000 0.05147
21037.00000 0.05769
21038.00000 0.05498
21039.00000 0.05252
21040.00000 0.05754
21041.00000 0.05484
21042.00000 0.05167
21043.00000 0.05199
21044.00000 0.04337
21045.00000 0.03717
21046.00000 0.03699
21047.00000 0.04247
21048.00000 0.03453
21049.00000 0.04248
21050.00000 0.04787
21051.00000 0.03343
21052.00000 0.03067
21053.00000 0.03604
21054.00000 0.03589
21055.00000 0.02754
21056.00000 0.03099
21057.00000 0.03383
21058.00000 0.03758
21059.00000 0.04559
21060.00000 0.05124
21061.00000 0.04291
21062.00000 0.04584
21063.00000 0.05418
21064.00000 0.05647
21065.00000 0.04552
21066.00000 0.04749
21067.00000 0.04495
21068.00000 0.03358
21069.00000 0.03883
21070.00000 0.04439
21071.00000 0.04463
21072.00000 0.04175
21073.00000 0.04755
21074.00000 0.05161
21075.00000 0.05461
21076.00000 0.06274
21077.00000 0.06375
21078.00000 0.05893
21079.00000 0.05887
21080.00000 0.05882
21081.00000 0.0672
21082.00000 0.06003
21083.00000 0.0706
21084.00000 0.06798
21085.00000 0.06172
21086.00000 0.06114
21087.00000 0.0583
21088.00000 0.06339
21089.00000 0.05795
21090.00000 0.07065
21091.00000 0.06403
21092.00000 0.07114
21093.00000 0.0885
21094.00000 0.09744
21095.00000 0.10077
21096.00000 0.1021
21097.00000 0.10245
21098.00000 0.1037
21099.00000 0.11162
21100.00000 0.12071
21101.00000 0.11823
21102.00000 0.1209
21103.00000 0.13615
21104.00000 0.13341
21105.00000 0.14813
21106.00000 0.14349
21107.00000 0.14011
21108.00000 0.14174
21109.00000 0.14612
21110.00000 0.14636
21111.00000 0.13945
21112.00000 0.15596
21113.00000 0.14928
21114.00000 0.15468
21115.00000 0.16159
21116.00000 0.15549
21117.00000 0.1546
21118.00000 0.16049
21119.00000 0.17039
21120.00000 0.17233
21121.00000 0.18848
21122.00000 0.18994
21123.00000 0.19911
21124.00000 0.21141
21125.00000 0.21509
21126.00000 0.21996
21127.00000 0.21826
21128.00000 0.22165
21129.00000 0.22517
21130.00000 0.23192
21131.00000 0.22801
21132.00000 0.23125
21133.00000 0.23169
21134.00000 0.23395
21135.00000 0.24557
21136.00000 0.25475
21137.00000 0.26021
21138.00000 0.25958
21139.00000 0.27887
21140.00000 0.27965
21141.00000 0.2962
21142.00000 0.29419
21143.00000 0.30757
21144.00000 0.31041
21145.00000 0.31483
21146.00000 0.34235
21147.00000 0.34415
21148.00000 0.3613
21149.00000 0.37375
21150.00000 0.39902
21151.00000 0.39684
21152.00000 0.39682
21153.00000 0.40271
21154.00000 0.40082
21155.00000 0.40903
21156.00000 0.41513
21157.00000 0.4236
21158.00000 0.43079
21159.00000 0.4493
21160.00000 0.4761
21161.00000 0.48361
21162.00000 0.49216
21163.00000 0.51491
21164.00000 0.52098
21165.00000 0.53053
21166.00000 0.53136
21167.00000 0.5347
21168.00000 0.54701
21169.00000 0.55423
21170.00000 0.55978
21171.00000 0.54752
21172.00000 0.55602
21173.00000 0.55554
21174.00000 0.56778
21175.00000 0.56622
21176.00000 0.56743
21177.00000 0.57681
21178.00000 0.59349
21179.00000 0.60448
21180.00000 0.6245
21181.00000 0.63916
21182.00000 0.64787
21183.00000 0.66827
21184.00000 0.66774
21185.00000 0.69637
21186.00000 0.69652
21187.00000 0.71564
21188.00000 0.71474
21189.00000 0.73363
21190.00000 0.73477
21191.00000 0.73509
21192.00000 0.75455
21193.00000 0.74193
21194.00000 0.74626
21195.00000 0.73917
21196.00000 0.74512
21197.00000 0.74464
21198.00000 0.74358
21199.00000 0.7421
21200.00000 0.73019
21201.00000 0.72649
21202.00000 0.72957
21203.00000 0.73979
21204.00000 0.72672
21205.00000 0.72536
21206.00000 0.72502
21207.00000 0.73587
21208.00000 0.72128
21209.00000 0.72083
21210.00000 0.70842
21211.00000 0.70406
21212.00000 0.7057
21213.00000 0.69283
21214.00000 0.69553
21215.00000 0.6852
21216.00000 0.70091
21217.00000 0.70717
21218.00000 0.7097
21219.00000 0.70427
21220.00000 0.70401
21221.00000 0.71565
21222.00000 0.7213
21223.00000 0.72099
21224.00000 0.70944
21225.00000 0.70894
21226.00000 0.71666
21227.00000 0.71675
21228.00000 0.73351
21229.00000 0.73654
21230.00000 0.74535
21231.00000 0.74734
21232.00000 0.76625
21233.00000 0.76756
21234.00000 0.77113
21235.00000 0.7739
21236.00000 0.77356
21237.00000 0.76347
21238.00000 0.75629
21239.00000 0.76132
21240.00000 0.75745
21241.00000 0.76579
21242.00000 0.75688
21243.00000 0.74794
21244.00000 0.74132
21245.00000 0.74028
21246.00000 0.73141
21247.00000 0.72598
21248.00000 0.71817
21249.00000 0.71996
21250.00000 0.74266
21251.00000 0.76295
21252.00000 0.77499
21253.00000 0.78197
21254.00000 0.79128
21255.00000 0.79219
21256.00000 0.80843
21257.00000 0.80598
21258.00000 0.7975
21259.00000 0.80161
21260.00000 0.79051
21261.00000 0.7856
21262.00000 0.79518
21263.00000 0.79387
21264.00000 0.78154
21265.00000 0.79141
21266.00000 0.79582
21267.00000 0.77753
21268.00000 0.7829
21269.00000 0.78386
21270.00000 0.78517
21271.00000 0.78934
21272.00000 0.7823
21273.00000 0.76428
21274.00000 0.74541
21275.00000 0.74693
21276.00000 0.73947
21277.00000 0.74115
21278.00000 0.73445
21279.00000 0.72887
21280.00000 0.73294
21281.00000 0.7357
21282.00000 0.75096
21283.00000 0.75298
21284.00000 0.76213
21285.00000 0.77295
21286.00000 0.76248
21287.00000 0.77295
21288.00000 0.78679
21289.00000 0.78819
21290.00000 0.7897
21291.00000 0.78825
21292.00000 0.7933
21293.00000 0.78172
21294.00000 0.79984
21295.00000 0.79341
21296.00000 0.78542
21297.00000 0.79605
21298.00000 0.79922
21299.00000 0.80699
21300.00000 0.79536
21301.00000 0.78957
21302.00000 0.76643
21303.00000 0.7695
21304.00000 0.77948
21305.00000 0.7796
21306.00000 0.77661
21307.00000 0.7708
21308.00000 0.77678
21309.00000 0.78612
21310.00000 0.78912
21311.00000 0.78693
21312.00000 0.78796
21313.00000 0.77652
21314.00000 0.76576
21315.00000 0.75893
21316.00000 0.75833
21317.00000 0.75818
21318.00000 0.76938
21319.00000 0.76605
21320.00000 0.76567
21321.00000 0.75937
21322.00000 0.77068
21323.00000 0.78517
21324.00000 0.78482
21325.00000 0.76974
21326.00000 0.76054
21327.00000 0.77251
21328.00000 0.76886
21329.00000 0.77446
21330.00000 0.7686
21331.00000 0.76497
21332.00000 0.76164
21333.00000 0.76965
21334.00000 0.76949
21335.00000 0.76573
21336.00000 0.77206
21337.00000 0.77174
21338.00000 0.75934
21339.00000 0.7502
21340.00000 0.75288
21341.00000 0.74959
21342.00000 0.7581
21343.00000 0.75851
21344.00000 0.74017
21345.00000 0.74748
21346.00000 0.75468
21347.00000 0.76227
21348.00000 0.74878
21349.00000 0.7541
21350.00000 0.74763
21351.00000 0.73549
21352.00000 0.73563
21353.00000 0.73167
21354.00000 0.73711
21355.00000 0.73956
21356.00000 0.74249
21357.00000 0.7513
21358.00000 0.76208
21359.00000 0.76321
21360.00000 0.77196
21361.00000 0.77759
21362.00000 0.78653
21363.00000 0.79074
21364.00000 0.7852
21365.00000 0.77824
21366.00000 0.76538
21367.00000 0.77005
21368.00000 0.7664
21369.00000 0.75063
21370.00000 0.73082
21371.00000 0.71802
21372.00000 0.72905
21373.00000 0.73151
21374.00000 0.73497
21375.00000 0.73363
21376.00000 0.73015
21377.00000 0.73029
21378.00000 0.73213
21379.00000 0.73195
21380.00000 0.7356
21381.00000 0.7437
21382.00000 0.76932
21383.00000 0.76822
21384.00000 0.76953
21385.00000 0.77472
21386.00000 0.77592
21387.00000 0.78661
21388.00000 0.77907
21389.00000 0.78168
21390.00000 0.74831
21391.00000 0.75032
21392.00000 0.74898
21393.00000 0.74879
21394.00000 0.75049
21395.00000 0.73785
21396.00000 0.74318
21397.00000 0.7215
21398.00000 0.72656
21399.00000 0.72752
21400.00000 0.72498
21401.00000 0.71436
21402.00000 0.71535
21403.00000 0.70457
21404.00000 0.70901
21405.00000 0.71654
21406.00000 0.69514
21407.00000 0.68837
21408.00000 0.68573
21409.00000 0.68858
21410.00000 0.67203
21411.00000 0.67242
21412.00000 0.65663
21413.00000 0.64128
21414.00000 0.65784
21415.00000 0.65764
21416.00000 0.6386
21417.00000 0.62755
21418.00000 0.62801
21419.00000 0.62758
21420.00000 0.60785
21421.00000 0.59938
21422.00000 0.58301
21423.00000 0.58096
21424.00000 0.59125
21425.00000 0.58047
21426.00000 0.57858
21427.00000 0.57333
21428.00000 0.58322
21429.00000 0.57779
21430.00000 0.57338
21431.00000 0.5555
21432.00000 0.54457
21433.00000 0.53934
21434.00000 0.52815
21435.00000 0.52237
21436.00000 0.5079
21437.00000 0.50812
21438.00000 0.50505
21439.00000 0.4964
21440.00000 0.48526
21441.00000 0.48453
21442.00000 0.47343
21443.00000 0.4601
21444.00000 0.44821
21445.00000 0.42598
21446.00000 0.41869
21447.00000 0.41696
21448.00000 0.41708
21449.00000 0.40353
21450.00000 0.3912
21451.00000 0.38643
21452.00000 0.38786
21453.00000 0.3864
21454.00000 0.36839
21455.00000 0.3488
21456.00000 0.32591
21457.00000 0.31882
21458.00000 0.31157
21459.00000 0.30356
21460.00000 0.29121
21461.00000 0.27802
21462.00000 0.2784
21463.00000 0.26385
21464.00000 0.26073
21465.00000 0.25046
21466.00000 0.24721
21467.00000 0.24742
21468.00000 0.24428
21469.00000 0.24396
21470.00000 0.23926
21471.00000 0.23802
21472.00000 0.22978
21473.00000 0.22186
21474.00000 0.216
21475.00000 0.20187
21476.00000 0.18489
21477.00000 0.17966
21478.00000 0.16127
21479.00000 0.17271
21480.00000 0.17012
21481.00000 0.17603
21482.00000 0.16226
21483.00000 0.16452
21484.00000 0.16583
21485.00000 0.16006
21486.00000 0.18031
21487.00000 0.1649
21488.00000 0.15402
21489.00000 0.13586
21490.00000 0.1425
21491.00000 0.13023
21492.00000 0.1232
21493.00000 0.11317
21494.00000 0.09517
21495.00000 0.09544
21496.00000 0.09789
21497.00000 0.10458
21498.00000 0.09393
21499.00000 0.09056
21500.00000 0.08727
21501.00000 0.09006
21502.00000 0.08107
21503.00000 0.0782
21504.00000 0.07916
21505.00000 0.0759
21506.00000 0.08253
21507.00000 0.08348
21508.00000 0.08998
21509.00000 0.09314
21510.00000 0.11067
21511.00000 0.104
21512.00000 0.0968
21513.00000 0.10362
21514.00000 0.09714
21515.00000 0.08345
21516.00000 0.07434
21517.00000 0.07501
21518.00000 0.06703
21519.00000 0.08231
21520.00000 0.08218
21521.00000 0.07225
21522.00000 0.07246
21523.00000 0.08235
21524.00000 0.09879
21525.00000 0.09642
21526.00000 0.08327
21527.00000 0.07086
21528.00000 0.06764
21529.00000 0.06653
21530.00000 0.06578
21531.00000 0.07117
21532.00000 0.05891
21533.00000 0.06345
21534.00000 0.06883
21535.00000 0.0676
21536.00000 0.06201
21537.00000 0.06752
21538.00000 0.06897
21539.00000 0.05913
21540.00000 0.05913
21541.00000 0.03737
21542.00000 0.03384
21543.00000 0.02878
21544.00000 0.03984
21545.00000 0.02562
21546.00000 0.02623
21547.00000 0.03296
21548.00000 0.01848
21549.00000 0.02116
21550.00000 0.01921
21551.00000 0.01338
21552.00000 0.01103
21553.00000 0.01974
21554.00000 0.02765
21555.00000 0.01859
21556.00000 0.03416
21557.00000 0.05176
21558.00000 0.04562
21559.00000 0.0583
21560.00000 0.05518
21561.00000 0.0585
21562.00000 0.04236
21563.00000 0.04234
21564.00000 0.04019
21565.00000 0.032
21566.00000 0.0383
21567.00000 0.03189
21568.00000 0.03819
21569.00000 0.0327
21570.00000 0.04251
21571.00000 0.03604
21572.00000 0.03624
21573.00000 0.0332
21574.00000 0.03337
21575.00000 0.04649
21576.00000 0.03662
21577.00000 0.03313
21578.00000 0.02655
21579.00000 0.02994
21580.00000 0.01952
21581.00000 0.03511
21582.00000 0.04164
21583.00000 0.02504
21584.00000 0.0352
21585.00000 0.0352
21586.00000 0.0287
21587.00000 0.04303
21588.00000 0.05919
21589.00000 0.04018
21590.00000 0.03046
21591.00000 0.0338
21592.00000 0.02388
21593.00000 0.03415
21594.00000 0.04045
23753.40039 0.0
