threeML/data/optical_filters/CFHT/Wircam-CH4_on.ecsv
# %ECSV 0.9
# ---
# datatype:
# - {name: wavelength, unit: Angstrom, datatype: float32}
# - {name: response, datatype: float32}
# meta: !!omap
# - {band_name: CH4_on}
# - {group_name: Wircam}
wavelength response
14448.59961 0.0
16054.00000 0.00587
16056.00000 0.00595
16058.00000 0.0062
16060.00000 0.00629
16062.00000 0.00652
16064.00000 0.0067
16066.00000 0.00674
16068.00000 0.0069
16070.00000 0.00711
16072.00000 0.00732
16074.00000 0.00752
16076.00000 0.0078
16078.00000 0.008
16080.00000 0.00822
16082.00000 0.00836
16084.00000 0.00859
16086.00000 0.0088
16088.00000 0.00909
16090.00000 0.00931
16092.00000 0.00958
16094.00000 0.00984
16096.00000 0.01009
16098.00000 0.01042
16100.00000 0.01071
16102.00000 0.01106
16104.00000 0.01146
16106.00000 0.0117
16108.00000 0.01199
16110.00000 0.01227
16112.00000 0.01253
16114.00000 0.01299
16116.00000 0.01338
16118.00000 0.01378
16120.00000 0.01404
16122.00000 0.0144
16124.00000 0.0148
16126.00000 0.01515
16128.00000 0.01562
16130.00000 0.01607
16132.00000 0.01654
16134.00000 0.01697
16136.00000 0.01744
16138.00000 0.01799
16140.00000 0.01849
16142.00000 0.01901
16144.00000 0.01962
16146.00000 0.02005
16148.00000 0.02055
16150.00000 0.02112
16152.00000 0.02184
16154.00000 0.02246
16156.00000 0.02313
16158.00000 0.02391
16160.00000 0.02461
16162.00000 0.02528
16164.00000 0.02597
16166.00000 0.02679
16168.00000 0.02765
16170.00000 0.02858
16172.00000 0.02942
16174.00000 0.03032
16176.00000 0.03119
16178.00000 0.03223
16180.00000 0.03325
16182.00000 0.0343
16184.00000 0.03528
16186.00000 0.03636
16188.00000 0.03745
16190.00000 0.03844
16192.00000 0.0396
16194.00000 0.0408
16196.00000 0.04213
16198.00000 0.04333
16200.00000 0.04456
16202.00000 0.04584
16204.00000 0.04727
16206.00000 0.04869
16208.00000 0.05022
16210.00000 0.05174
16212.00000 0.05327
16214.00000 0.05489
16216.00000 0.05656
16218.00000 0.0583
16220.00000 0.06
16222.00000 0.06194
16224.00000 0.06378
16226.00000 0.06567
16228.00000 0.0676
16230.00000 0.06966
16232.00000 0.07179
16234.00000 0.07401
16236.00000 0.07617
16238.00000 0.07855
16240.00000 0.08092
16242.00000 0.0833
16244.00000 0.08583
16246.00000 0.08838
16248.00000 0.09109
16250.00000 0.09387
16252.00000 0.09673
16254.00000 0.09955
16256.00000 0.10254
16258.00000 0.10555
16260.00000 0.10876
16262.00000 0.11206
16264.00000 0.11533
16266.00000 0.11867
16268.00000 0.12219
16270.00000 0.12578
16272.00000 0.12943
16274.00000 0.13318
16276.00000 0.13696
16278.00000 0.14088
16280.00000 0.14488
16282.00000 0.14894
16284.00000 0.15312
16286.00000 0.15744
16288.00000 0.16191
16290.00000 0.16647
16292.00000 0.17094
16294.00000 0.17554
16296.00000 0.18037
16298.00000 0.18521
16300.00000 0.19017
16302.00000 0.19527
16304.00000 0.20049
16306.00000 0.20583
16308.00000 0.21126
16310.00000 0.21677
16312.00000 0.22238
16314.00000 0.22807
16316.00000 0.23383
16318.00000 0.23967
16320.00000 0.24561
16322.00000 0.25172
16324.00000 0.25795
16326.00000 0.26416
16328.00000 0.27042
16330.00000 0.27679
16332.00000 0.28326
16334.00000 0.28964
16336.00000 0.29617
16338.00000 0.30272
16340.00000 0.30933
16342.00000 0.31604
16344.00000 0.32289
16346.00000 0.3297
16348.00000 0.33678
16350.00000 0.34384
16352.00000 0.35085
16354.00000 0.35791
16356.00000 0.36513
16358.00000 0.37234
16360.00000 0.3797
16362.00000 0.38702
16364.00000 0.39435
16366.00000 0.40175
16368.00000 0.40921
16370.00000 0.41656
16372.00000 0.42365
16374.00000 0.43069
16376.00000 0.43761
16378.00000 0.44472
16380.00000 0.45172
16382.00000 0.45876
16384.00000 0.46577
16386.00000 0.47282
16388.00000 0.47977
16390.00000 0.48668
16392.00000 0.49359
16394.00000 0.50047
16396.00000 0.50746
16398.00000 0.51434
16400.00000 0.52121
16402.00000 0.52806
16404.00000 0.53522
16406.00000 0.54233
16408.00000 0.54953
16410.00000 0.5565
16412.00000 0.56354
16414.00000 0.57042
16416.00000 0.57736
16418.00000 0.58405
16420.00000 0.59082
16422.00000 0.59752
16424.00000 0.6041
16426.00000 0.6106
16428.00000 0.61702
16430.00000 0.6235
16432.00000 0.62975
16434.00000 0.63603
16436.00000 0.64226
16438.00000 0.64844
16440.00000 0.65433
16442.00000 0.66016
16444.00000 0.66586
16446.00000 0.67145
16448.00000 0.67696
16450.00000 0.68243
16452.00000 0.68773
16454.00000 0.69295
16456.00000 0.69818
16458.00000 0.70338
16460.00000 0.7085
16462.00000 0.71336
16464.00000 0.71835
16466.00000 0.72324
16468.00000 0.728
16470.00000 0.7327
16472.00000 0.73724
16474.00000 0.74181
16476.00000 0.74611
16478.00000 0.75052
16480.00000 0.75479
16482.00000 0.75894
16484.00000 0.76302
16486.00000 0.76704
16488.00000 0.77109
16490.00000 0.77481
16492.00000 0.77853
16494.00000 0.78223
16496.00000 0.78568
16498.00000 0.78903
16500.00000 0.7923
16502.00000 0.79546
16504.00000 0.79875
16506.00000 0.8019
16508.00000 0.80511
16510.00000 0.80814
16512.00000 0.81104
16514.00000 0.81393
16516.00000 0.81682
16518.00000 0.8197
16520.00000 0.82228
16522.00000 0.82507
16524.00000 0.82768
16526.00000 0.83025
16528.00000 0.83282
16530.00000 0.83537
16532.00000 0.83794
16534.00000 0.84038
16536.00000 0.84267
16538.00000 0.84505
16540.00000 0.84735
16542.00000 0.84956
16544.00000 0.85182
16546.00000 0.85399
16548.00000 0.85605
16550.00000 0.85809
16552.00000 0.86011
16554.00000 0.86198
16556.00000 0.86386
16558.00000 0.86572
16560.00000 0.86749
16562.00000 0.86922
16564.00000 0.8707
16566.00000 0.8723
16568.00000 0.87395
16570.00000 0.8754
16572.00000 0.87675
16574.00000 0.87801
16576.00000 0.87923
16578.00000 0.88051
16580.00000 0.88171
16582.00000 0.88275
16584.00000 0.88391
16586.00000 0.88501
16588.00000 0.88614
16590.00000 0.88739
16592.00000 0.88849
16594.00000 0.88945
16596.00000 0.89059
16598.00000 0.89165
16600.00000 0.89276
16602.00000 0.89368
16604.00000 0.89468
16606.00000 0.89575
16608.00000 0.89688
16610.00000 0.89789
16612.00000 0.89899
16614.00000 0.90001
16616.00000 0.90091
16618.00000 0.90193
16620.00000 0.90288
16622.00000 0.90366
16624.00000 0.9045
16626.00000 0.90541
16628.00000 0.90627
16630.00000 0.90715
16632.00000 0.90794
16634.00000 0.90898
16636.00000 0.9099
16638.00000 0.91083
16640.00000 0.91165
16642.00000 0.91263
16644.00000 0.91333
16646.00000 0.91431
16648.00000 0.91501
16650.00000 0.91579
16652.00000 0.91649
16654.00000 0.91721
16656.00000 0.91801
16658.00000 0.91881
16660.00000 0.91954
16662.00000 0.9201
16664.00000 0.92072
16666.00000 0.92137
16668.00000 0.92192
16670.00000 0.92249
16672.00000 0.92303
16674.00000 0.92342
16676.00000 0.92395
16678.00000 0.92445
16680.00000 0.92514
16682.00000 0.92567
16684.00000 0.92635
16686.00000 0.92686
16688.00000 0.92743
16690.00000 0.92798
16692.00000 0.92868
16694.00000 0.92946
16696.00000 0.93011
16698.00000 0.93066
16700.00000 0.9313
16702.00000 0.93208
16704.00000 0.93274
16706.00000 0.93335
16708.00000 0.93398
16710.00000 0.93457
16712.00000 0.93513
16714.00000 0.93579
16716.00000 0.93628
16718.00000 0.93701
16720.00000 0.93758
16722.00000 0.93826
16724.00000 0.93878
16726.00000 0.93936
16728.00000 0.93983
16730.00000 0.94038
16732.00000 0.94083
16734.00000 0.94131
16736.00000 0.9417
16738.00000 0.94228
16740.00000 0.94286
16742.00000 0.94339
16744.00000 0.94388
16746.00000 0.94432
16748.00000 0.9447
16750.00000 0.94498
16752.00000 0.94531
16754.00000 0.9455
16756.00000 0.94574
16758.00000 0.94598
16760.00000 0.94632
16762.00000 0.94659
16764.00000 0.94691
16766.00000 0.94717
16768.00000 0.94757
16770.00000 0.94781
16772.00000 0.94785
16774.00000 0.94803
16776.00000 0.94835
16778.00000 0.94836
16780.00000 0.94864
16782.00000 0.94868
16784.00000 0.94875
16786.00000 0.9489
16788.00000 0.94897
16790.00000 0.94913
16792.00000 0.94911
16794.00000 0.94904
16796.00000 0.94905
16798.00000 0.94896
16800.00000 0.94875
16802.00000 0.94878
16804.00000 0.94891
16806.00000 0.94888
16808.00000 0.94881
16810.00000 0.94896
16812.00000 0.94897
16814.00000 0.94917
16816.00000 0.94931
16818.00000 0.94946
16820.00000 0.94977
16822.00000 0.94975
16824.00000 0.94986
16826.00000 0.95009
16828.00000 0.9502
16830.00000 0.95023
16832.00000 0.95015
16834.00000 0.95003
16836.00000 0.95013
16838.00000 0.94997
16840.00000 0.94978
16842.00000 0.94969
16844.00000 0.94942
16846.00000 0.94917
16848.00000 0.94901
16850.00000 0.94882
16852.00000 0.94833
16854.00000 0.94801
16856.00000 0.94788
16858.00000 0.94759
16860.00000 0.94736
16862.00000 0.94714
16864.00000 0.94717
16866.00000 0.94698
16868.00000 0.94667
16870.00000 0.94658
16872.00000 0.9464
16874.00000 0.94614
16876.00000 0.94595
16878.00000 0.94571
16880.00000 0.94525
16882.00000 0.94495
16884.00000 0.94466
16886.00000 0.94429
16888.00000 0.94388
16890.00000 0.94363
16892.00000 0.94344
16894.00000 0.94328
16896.00000 0.94295
16898.00000 0.94281
16900.00000 0.94257
16902.00000 0.94235
16904.00000 0.94209
16906.00000 0.94189
16908.00000 0.94162
16910.00000 0.94135
16912.00000 0.94109
16914.00000 0.94066
16916.00000 0.94035
16918.00000 0.94005
16920.00000 0.93965
16922.00000 0.93915
16924.00000 0.93854
16926.00000 0.93788
16928.00000 0.93742
16930.00000 0.9368
16932.00000 0.93623
16934.00000 0.93561
16936.00000 0.93507
16938.00000 0.93454
16940.00000 0.9343
16942.00000 0.93379
16944.00000 0.93347
16946.00000 0.93312
16948.00000 0.9328
16950.00000 0.93251
16952.00000 0.93216
16954.00000 0.93192
16956.00000 0.93172
16958.00000 0.93159
16960.00000 0.93135
16962.00000 0.93123
16964.00000 0.93103
16966.00000 0.93088
16968.00000 0.93066
16970.00000 0.93028
16972.00000 0.92982
16974.00000 0.92943
16976.00000 0.92908
16978.00000 0.92885
16980.00000 0.9285
16982.00000 0.92819
16984.00000 0.92775
16986.00000 0.92741
16988.00000 0.92712
16990.00000 0.9268
16992.00000 0.92651
16994.00000 0.92604
16996.00000 0.92545
16998.00000 0.92517
17000.00000 0.92482
17002.00000 0.92465
17004.00000 0.92445
17006.00000 0.92433
17008.00000 0.92429
17010.00000 0.92406
17012.00000 0.92397
17014.00000 0.92387
17016.00000 0.92389
17018.00000 0.92374
17020.00000 0.92355
17022.00000 0.92332
17024.00000 0.92323
17026.00000 0.92317
17028.00000 0.92316
17030.00000 0.92294
17032.00000 0.92293
17034.00000 0.92281
17036.00000 0.92265
17038.00000 0.92242
17040.00000 0.92215
17042.00000 0.92184
17044.00000 0.92152
17046.00000 0.9213
17048.00000 0.9212
17050.00000 0.92114
17052.00000 0.92111
17054.00000 0.92116
17056.00000 0.9213
17058.00000 0.92134
17060.00000 0.92154
17062.00000 0.92166
17064.00000 0.92178
17066.00000 0.92204
17068.00000 0.92206
17070.00000 0.92241
17072.00000 0.92274
17074.00000 0.92314
17076.00000 0.92346
17078.00000 0.9238
17080.00000 0.92401
17082.00000 0.92416
17084.00000 0.92433
17086.00000 0.92444
17088.00000 0.92441
17090.00000 0.92438
17092.00000 0.92451
17094.00000 0.92461
17096.00000 0.92468
17098.00000 0.92474
17100.00000 0.92494
17102.00000 0.92506
17104.00000 0.925
17106.00000 0.92494
17108.00000 0.92503
17110.00000 0.92505
17112.00000 0.92528
17114.00000 0.92548
17116.00000 0.92563
17118.00000 0.92599
17120.00000 0.92619
17122.00000 0.92661
17124.00000 0.92676
17126.00000 0.92712
17128.00000 0.92732
17130.00000 0.92737
17132.00000 0.92764
17134.00000 0.92783
17136.00000 0.92818
17138.00000 0.92853
17140.00000 0.92883
17142.00000 0.92912
17144.00000 0.92929
17146.00000 0.92952
17148.00000 0.92978
17150.00000 0.92993
17152.00000 0.93018
17154.00000 0.93039
17156.00000 0.93065
17158.00000 0.93079
17160.00000 0.93092
17162.00000 0.93127
17164.00000 0.93146
17166.00000 0.93169
17168.00000 0.93188
17170.00000 0.93224
17172.00000 0.93237
17174.00000 0.93262
17176.00000 0.93275
17178.00000 0.93288
17180.00000 0.93298
17182.00000 0.93297
17184.00000 0.933
17186.00000 0.93286
17188.00000 0.93304
17190.00000 0.93294
17192.00000 0.93289
17194.00000 0.93304
17196.00000 0.93311
17198.00000 0.93303
17200.00000 0.93301
17202.00000 0.93285
17204.00000 0.93292
17206.00000 0.93286
17208.00000 0.93295
17210.00000 0.93298
17212.00000 0.93306
17214.00000 0.9332
17216.00000 0.93335
17218.00000 0.93367
17220.00000 0.93369
17222.00000 0.93384
17224.00000 0.93405
17226.00000 0.93388
17228.00000 0.93373
17230.00000 0.9337
17232.00000 0.93365
17234.00000 0.93369
17236.00000 0.93355
17238.00000 0.93338
17240.00000 0.93315
17242.00000 0.93306
17244.00000 0.93288
17246.00000 0.93275
17248.00000 0.93254
17250.00000 0.93239
17252.00000 0.9321
17254.00000 0.93184
17256.00000 0.93163
17258.00000 0.93153
17260.00000 0.93147
17262.00000 0.9314
17264.00000 0.93106
17266.00000 0.93091
17268.00000 0.93071
17270.00000 0.93045
17272.00000 0.93025
17274.00000 0.92998
17276.00000 0.9297
17278.00000 0.9294
17280.00000 0.92905
17282.00000 0.92859
17284.00000 0.92816
17286.00000 0.92789
17288.00000 0.92754
17290.00000 0.927
17292.00000 0.92648
17294.00000 0.9259
17296.00000 0.9254
17298.00000 0.92474
17300.00000 0.92403
17302.00000 0.92337
17304.00000 0.92256
17306.00000 0.92181
17308.00000 0.9209
17310.00000 0.91983
17312.00000 0.91891
17314.00000 0.91788
17316.00000 0.91672
17318.00000 0.91537
17320.00000 0.9138
17322.00000 0.91225
17324.00000 0.91069
17326.00000 0.90889
17328.00000 0.90701
17330.00000 0.90494
17332.00000 0.90274
17334.00000 0.90051
17336.00000 0.89807
17338.00000 0.89543
17340.00000 0.89268
17342.00000 0.88979
17344.00000 0.88661
17346.00000 0.88335
17348.00000 0.8799
17350.00000 0.87633
17352.00000 0.87289
17354.00000 0.86914
17356.00000 0.86517
17358.00000 0.86119
17360.00000 0.85695
17362.00000 0.85252
17364.00000 0.84796
17366.00000 0.84303
17368.00000 0.83795
17370.00000 0.83257
17372.00000 0.82707
17374.00000 0.82133
17376.00000 0.81531
17378.00000 0.80908
17380.00000 0.80269
17382.00000 0.79596
17384.00000 0.78889
17386.00000 0.78165
17388.00000 0.77432
17390.00000 0.76663
17392.00000 0.75877
17394.00000 0.75069
17396.00000 0.74234
17398.00000 0.73384
17400.00000 0.72527
17402.00000 0.71658
17404.00000 0.70766
17406.00000 0.69858
17408.00000 0.68936
17410.00000 0.68001
17412.00000 0.67047
17414.00000 0.66089
17416.00000 0.65105
17418.00000 0.64116
17420.00000 0.63103
17422.00000 0.62071
17424.00000 0.61041
17426.00000 0.6001
17428.00000 0.58969
17430.00000 0.57925
17432.00000 0.5686
17434.00000 0.55791
17436.00000 0.54727
17438.00000 0.53671
17440.00000 0.52591
17442.00000 0.51509
17444.00000 0.5043
17446.00000 0.49356
17448.00000 0.48288
17450.00000 0.47214
17452.00000 0.46153
17454.00000 0.45102
17456.00000 0.44049
17458.00000 0.42996
17460.00000 0.41968
17462.00000 0.40935
17464.00000 0.39919
17466.00000 0.38918
17468.00000 0.37909
17470.00000 0.36903
17472.00000 0.35942
17474.00000 0.34969
17476.00000 0.34033
17478.00000 0.33095
17480.00000 0.32176
17482.00000 0.31271
17484.00000 0.30365
17486.00000 0.29495
17488.00000 0.28636
17490.00000 0.27798
17492.00000 0.26952
17494.00000 0.26131
17496.00000 0.2533
17498.00000 0.2453
17500.00000 0.2377
17502.00000 0.23029
17504.00000 0.22287
17506.00000 0.21591
17508.00000 0.20891
17510.00000 0.20226
17512.00000 0.19576
17514.00000 0.18941
17516.00000 0.18323
17518.00000 0.17709
17520.00000 0.17117
17522.00000 0.16541
17524.00000 0.16002
17526.00000 0.15485
17528.00000 0.14975
17530.00000 0.14487
17532.00000 0.14
17534.00000 0.13521
17536.00000 0.13081
17538.00000 0.12637
17540.00000 0.12221
17542.00000 0.11803
17544.00000 0.11397
17546.00000 0.11014
17548.00000 0.10638
17550.00000 0.10284
17552.00000 0.09938
17554.00000 0.09601
17556.00000 0.09277
17558.00000 0.08958
17560.00000 0.08662
17562.00000 0.08374
17564.00000 0.08102
17566.00000 0.07841
17568.00000 0.07574
17570.00000 0.07314
17572.00000 0.0706
17574.00000 0.06819
17576.00000 0.06587
17578.00000 0.0636
17580.00000 0.06155
17582.00000 0.05948
17584.00000 0.0575
17586.00000 0.05556
17588.00000 0.05382
17590.00000 0.05206
17592.00000 0.05032
17594.00000 0.04866
17596.00000 0.047
17598.00000 0.04553
17600.00000 0.04401
17602.00000 0.04268
17604.00000 0.04137
17606.00000 0.04012
17608.00000 0.03889
17610.00000 0.0378
17612.00000 0.03671
17614.00000 0.03568
17616.00000 0.03452
17618.00000 0.03348
17620.00000 0.03242
17622.00000 0.03137
17624.00000 0.03029
17626.00000 0.02937
17628.00000 0.02856
17630.00000 0.02765
17632.00000 0.02684
17634.00000 0.026
17636.00000 0.02522
17638.00000 0.02438
17640.00000 0.02385
17642.00000 0.02307
17644.00000 0.02231
17646.00000 0.02153
17648.00000 0.02094
17650.00000 0.02045
17652.00000 0.01974
17654.00000 0.01918
17656.00000 0.01869
17658.00000 0.0181
17660.00000 0.01758
17662.00000 0.01701
17664.00000 0.01645
17666.00000 0.01593
17668.00000 0.01547
17670.00000 0.01512
17672.00000 0.01445
17674.00000 0.01399
17676.00000 0.01364
17678.00000 0.01326
17680.00000 0.01285
17682.00000 0.0125
17684.00000 0.01212
17686.00000 0.0118
17688.00000 0.01144
17690.00000 0.01117
17692.00000 0.01082
17694.00000 0.01057
17696.00000 0.01036
17698.00000 0.01015
17700.00000 0.00987
17702.00000 0.00955
17704.00000 0.00928
17706.00000 0.00909
17708.00000 0.00882
17710.00000 0.00861
17712.00000 0.00847
17714.00000 0.00818
17716.00000 0.008
17718.00000 0.00787
17720.00000 0.00781
17722.00000 0.00754
17724.00000 0.00742
17726.00000 0.00723
17728.00000 0.007
17730.00000 0.00681
17732.00000 0.00665
17734.00000 0.00658
17736.00000 0.00653
17738.00000 0.00647
17740.00000 0.00626
17742.00000 0.00618
17744.00000 0.00609
17746.00000 0.00613
17748.00000 0.00592
17750.00000 0.00566
17752.00000 0.00552
19527.19922 0.0
