threeML/data/optical_filters/CFHT/Wircam-J.ecsv
# %ECSV 0.9
# ---
# datatype:
# - {name: wavelength, unit: Angstrom, datatype: float32}
# - {name: response, datatype: float32}
# meta: !!omap
# - {band_name: J}
# - {group_name: Wircam}
wavelength response
[from data line 806]
13080.00000 0.82274
13082.00000 0.82249
13084.00000 0.82228
13086.00000 0.8221
13088.00000 0.82182
13090.00000 0.82169
13092.00000 0.82152
13094.00000 0.82126
13096.00000 0.82106
13098.00000 0.82092
13100.00000 0.82071
13102.00000 0.82069
13104.00000 0.82057
13106.00000 0.82047
13108.00000 0.82053
13110.00000 0.82059
13112.00000 0.82059
13114.00000 0.8206
13116.00000 0.82057
13118.00000 0.82057
13120.00000 0.82062
13122.00000 0.82062
13124.00000 0.82069
13126.00000 0.82077
13128.00000 0.82092
13130.00000 0.82106
13132.00000 0.8212
13134.00000 0.82127
13136.00000 0.8214
13138.00000 0.82144
13140.00000 0.82146
13142.00000 0.82146
13144.00000 0.82149
13146.00000 0.82155
13148.00000 0.82158
13150.00000 0.82159
13152.00000 0.82172
13154.00000 0.82176
13156.00000 0.82179
13158.00000 0.82182
13160.00000 0.8219
13162.00000 0.82179
13164.00000 0.82184
13166.00000 0.82191
13168.00000 0.82187
13170.00000 0.82207
13172.00000 0.82202
13174.00000 0.82196
13176.00000 0.82188
13178.00000 0.82179
13180.00000 0.8217
13182.00000 0.82149
13184.00000 0.82118
13186.00000 0.82088
13188.00000 0.82059
13190.00000 0.82024
13192.00000 0.81969
13194.00000 0.81924
13196.00000 0.81856
13198.00000 0.8179
13200.00000 0.81718
13202.00000 0.81622
13204.00000 0.81523
13206.00000 0.81406
13208.00000 0.81288
13210.00000 0.81148
13212.00000 0.81004
13214.00000 0.80855
13216.00000 0.80688
13218.00000 0.80518
13220.00000 0.80318
13222.00000 0.8011
13224.00000 0.79883
13226.00000 0.79643
13228.00000 0.79393
13230.00000 0.79126
13232.00000 0.78848
13234.00000 0.78545
13236.00000 0.78232
13238.00000 0.77916
13240.00000 0.77571
13242.00000 0.77228
13244.00000 0.76857
13246.00000 0.76468
13248.00000 0.76059
13250.00000 0.75638
13252.00000 0.752
13254.00000 0.74751
13256.00000 0.74277
13258.00000 0.73779
13260.00000 0.73259
13262.00000 0.72733
13264.00000 0.72182
13266.00000 0.71609
13268.00000 0.71034
13270.00000 0.70432
13272.00000 0.69807
13274.00000 0.69156
13276.00000 0.68498
13278.00000 0.67821
13280.00000 0.67125
13282.00000 0.66415
13284.00000 0.6568
13286.00000 0.64934
13288.00000 0.64182
13290.00000 0.63405
13292.00000 0.62616
13294.00000 0.61797
13296.00000 0.60968
13298.00000 0.60138
13300.00000 0.59273
13302.00000 0.58398
13304.00000 0.57527
13306.00000 0.56628
13308.00000 0.55727
13310.00000 0.54817
13312.00000 0.539
13314.00000 0.52956
13316.00000 0.52019
13318.00000 0.51059
13320.00000 0.5009
13322.00000 0.49129
13324.00000 0.48161
13326.00000 0.47189
13328.00000 0.46216
13330.00000 0.45224
13332.00000 0.44255
13334.00000 0.4328
13336.00000 0.42288
13338.00000 0.41315
13340.00000 0.40331
13342.00000 0.39362
13344.00000 0.38387
13346.00000 0.37433
13348.00000 0.36467
13350.00000 0.35519
13352.00000 0.34584
13354.00000 0.33646
13356.00000 0.32713
13358.00000 0.31784
13360.00000 0.30861
13362.00000 0.29967
13364.00000 0.29057
13366.00000 0.28165
13368.00000 0.27301
13370.00000 0.26445
13372.00000 0.25612
13374.00000 0.24753
13376.00000 0.23926
13378.00000 0.23117
13380.00000 0.22343
13382.00000 0.21567
13384.00000 0.20818
13386.00000 0.20078
13388.00000 0.1936
13390.00000 0.18671
13392.00000 0.17989
13394.00000 0.17332
13396.00000 0.16698
13398.00000 0.16084
13400.00000 0.15472
13402.00000 0.14885
13404.00000 0.14317
13406.00000 0.13766
13408.00000 0.13245
13410.00000 0.12721
13412.00000 0.12207
13414.00000 0.11725
13416.00000 0.11247
13418.00000 0.10802
13420.00000 0.10358
13422.00000 0.09935
13424.00000 0.09535
13426.00000 0.0914
13428.00000 0.0876
13430.00000 0.08397
13432.00000 0.08054
13434.00000 0.07715
13436.00000 0.07385
13438.00000 0.07092
13440.00000 0.06793
13442.00000 0.06516
13444.00000 0.06255
13446.00000 0.05992
13448.00000 0.0575
13450.00000 0.05505
13452.00000 0.05289
13454.00000 0.05063
13456.00000 0.04849
13458.00000 0.04649
13460.00000 0.0446
13462.00000 0.04276
13464.00000 0.04097
13466.00000 0.03941
13468.00000 0.03777
13470.00000 0.03616
13472.00000 0.0347
13474.00000 0.03328
13476.00000 0.03197
13478.00000 0.03073
13480.00000 0.0295
13482.00000 0.02837
13484.00000 0.02721
13486.00000 0.02618
13488.00000 0.02521
13490.00000 0.02429
13492.00000 0.02335
13494.00000 0.02245
13496.00000 0.02155
13498.00000 0.02071
13500.00000 0.01996
13502.00000 0.01926
13504.00000 0.01862
13506.00000 0.01791
13508.00000 0.01718
13510.00000 0.01648
13512.00000 0.01579
13514.00000 0.01523
13516.00000 0.01471
13518.00000 0.01422
13520.00000 0.01358
13522.00000 0.01297
13524.00000 0.01256
13526.00000 0.01208
13528.00000 0.01167
13530.00000 0.01122
13532.00000 0.01074
13534.00000 0.01031
13536.00000 0.00989
13538.00000 0.00955
13540.00000 0.00917
13542.00000 0.00896
13544.00000 0.00867
13546.00000 0.00827
13548.00000 0.00797
13550.00000 0.00769
13552.00000 0.00754
13554.00000 0.00737
13556.00000 0.00711
13558.00000 0.007
13560.00000 0.00685
13562.00000 0.00662
13564.00000 0.00653
13566.00000 0.00626
13568.00000 0.00601
13570.00000 0.0058
13572.00000 0.00566
13574.00000 0.00546
13576.00000 0.00539
13578.00000 0.00525
13580.00000 0.00511
13582.00000 0.00479
13584.00000 0.0045
13586.00000 0.00432
13588.00000 0.00412
13590.00000 0.00385
13592.00000 0.00365
13594.00000 0.00351
13596.00000 0.0034
13598.00000 0.00333
13600.00000 0.00325
13602.00000 0.0032
13604.00000 0.00313
13606.00000 0.00291
13608.00000 0.00288
13610.00000 0.00278
13612.00000 0.00258
13614.00000 0.00252
13616.00000 0.00258
13618.00000 0.00238
13620.00000 0.0023
13622.00000 0.00223
14984.20020 0.0
