threeML/data/optical_filters/CFHT/Wircam-Ks.ecsv
# %ECSV 0.9
# ---
# datatype:
# - {name: wavelength, unit: Angstrom, datatype: float32}
# - {name: response, datatype: float32}
# meta: !!omap
# - {band_name: Ks}
# - {group_name: Wircam}
wavelength response
17572.50000 0.0
19525.00000 0.00398
19530.00000 0.00438
19535.00000 0.00418
19540.00000 0.00539
19545.00000 0.00598
19550.00000 0.00658
19555.00000 0.00595
19560.00000 0.00754
19565.00000 0.00731
19570.00000 0.00829
19575.00000 0.00906
19580.00000 0.01042
19585.00000 0.01176
19590.00000 0.01387
19595.00000 0.01561
19600.00000 0.01578
19605.00000 0.01714
19610.00000 0.0177
19615.00000 0.01942
19620.00000 0.02057
19625.00000 0.02283
19630.00000 0.02376
19635.00000 0.02431
19640.00000 0.02641
19645.00000 0.0294
19650.00000 0.03188
19655.00000 0.03513
19660.00000 0.03841
19665.00000 0.04109
19670.00000 0.04437
19675.00000 0.04858
19680.00000 0.05138
19685.00000 0.05484
19690.00000 0.05833
19695.00000 0.0616
19700.00000 0.06641
19705.00000 0.07022
19710.00000 0.07552
19715.00000 0.08191
19720.00000 0.08948
19725.00000 0.0947
19730.00000 0.10268
19735.00000 0.11011
19740.00000 0.11623
19745.00000 0.12466
19750.00000 0.13254
19755.00000 0.14134
19760.00000 0.15041
19765.00000 0.16124
19770.00000 0.17024
19775.00000 0.18124
19780.00000 0.19298
19785.00000 0.20563
19790.00000 0.21848
19795.00000 0.23201
19800.00000 0.24522
19805.00000 0.25993
19810.00000 0.2756
19815.00000 0.29164
19820.00000 0.30975
19825.00000 0.32809
19830.00000 0.34734
19835.00000 0.36688
19840.00000 0.38693
19845.00000 0.40785
19850.00000 0.42859
19855.00000 0.45116
19860.00000 0.47171
19865.00000 0.49217
19870.00000 0.51314
19875.00000 0.53391
19880.00000 0.55516
19885.00000 0.57697
19890.00000 0.60068
19895.00000 0.62231
19900.00000 0.64407
19905.00000 0.66554
19910.00000 0.68594
19915.00000 0.70721
19920.00000 0.7271
19925.00000 0.74504
19930.00000 0.76048
19935.00000 0.77513
19940.00000 0.79004
19945.00000 0.80415
19950.00000 0.81711
19955.00000 0.82915
19960.00000 0.84143
19965.00000 0.85373
19970.00000 0.8644
19975.00000 0.87405
19980.00000 0.88304
19985.00000 0.89075
19990.00000 0.89919
19995.00000 0.9044
20000.00000 0.90967
20005.00000 0.91188
20010.00000 0.91666
20015.00000 0.92082
20020.00000 0.92412
20025.00000 0.92625
20030.00000 0.92831
20035.00000 0.93076
20040.00000 0.93251
20045.00000 0.93504
20050.00000 0.93596
20055.00000 0.93724
20060.00000 0.94005
20065.00000 0.94374
20070.00000 0.9458
20075.00000 0.94778
20080.00000 0.94962
20085.00000 0.95065
20090.00000 0.95277
20095.00000 0.95343
20100.00000 0.95341
20105.00000 0.95186
20110.00000 0.95288
20115.00000 0.95451
20120.00000 0.95567
20125.00000 0.95743
20130.00000 0.95912
20135.00000 0.96199
20140.00000 0.96356
20145.00000 0.96637
20150.00000 0.96844
20155.00000 0.96974
20160.00000 0.97081
20165.00000 0.97134
20170.00000 0.9711
20175.00000 0.97029
20180.00000 0.97119
20185.00000 0.97116
20190.00000 0.97064
20195.00000 0.9702
20200.00000 0.97121
20205.00000 0.97093
20210.00000 0.97212
20215.00000 0.97327
20220.00000 0.97171
20225.00000 0.97087
20230.00000 0.96954
20235.00000 0.96814
20240.00000 0.96402
20245.00000 0.96315
20250.00000 0.96193
20255.00000 0.95975
20260.00000 0.9595
20265.00000 0.95885
20270.00000 0.95857
20275.00000 0.959
20280.00000 0.96091
20285.00000 0.96243
20290.00000 0.96196
20295.00000 0.96303
20300.00000 0.96184
20305.00000 0.9614
20310.00000 0.9594
20315.00000 0.95866
20320.00000 0.95808
20325.00000 0.95671
20330.00000 0.95471
20335.00000 0.95296
20340.00000 0.95323
20345.00000 0.95267
20350.00000 0.95348
20355.00000 0.95375
20360.00000 0.95241
20365.00000 0.95099
20370.00000 0.95035
20375.00000 0.9503
20380.00000 0.94958
20385.00000 0.94962
20390.00000 0.94896
20395.00000 0.94725
20400.00000 0.94615
20405.00000 0.94667
20410.00000 0.94818
20415.00000 0.94902
20420.00000 0.94997
20425.00000 0.94992
20430.00000 0.94885
20435.00000 0.94894
20440.00000 0.95076
20445.00000 0.9509
20450.00000 0.95001
20455.00000 0.94873
20460.00000 0.9464
20465.00000 0.94467
20470.00000 0.9444
20475.00000 0.9437
20480.00000 0.94354
20485.00000 0.94101
20490.00000 0.94002
20495.00000 0.93973
20500.00000 0.93883
20505.00000 0.93901
20510.00000 0.93964
20515.00000 0.94061
20520.00000 0.93848
20525.00000 0.94075
20530.00000 0.94142
20535.00000 0.94257
20540.00000 0.94461
20545.00000 0.94748
20550.00000 0.9481
20555.00000 0.94766
20560.00000 0.94943
20565.00000 0.94948
20570.00000 0.94952
20575.00000 0.9483
20580.00000 0.94756
20585.00000 0.94577
20590.00000 0.946
20595.00000 0.94678
20600.00000 0.9463
20605.00000 0.94678
20610.00000 0.94759
20615.00000 0.9487
20620.00000 0.95079
20625.00000 0.94995
20630.00000 0.94984
20635.00000 0.94821
20640.00000 0.94856
20645.00000 0.94846
20650.00000 0.94838
20655.00000 0.94836
20660.00000 0.94807
20665.00000 0.94926
20670.00000 0.94978
20675.00000 0.95235
20680.00000 0.95477
20685.00000 0.95535
20690.00000 0.95656
20695.00000 0.95749
20700.00000 0.95821
20705.00000 0.9597
20710.00000 0.96075
20715.00000 0.96106
20720.00000 0.95956
20725.00000 0.95956
20730.00000 0.95956
20735.00000 0.95999
20740.00000 0.96068
20745.00000 0.96281
20750.00000 0.96254
20755.00000 0.96365
20760.00000 0.9655
20765.00000 0.96765
20770.00000 0.96857
20775.00000 0.97006
20780.00000 0.97086
20785.00000 0.97009
20790.00000 0.97084
20795.00000 0.97133
20800.00000 0.97156
20805.00000 0.97139
20810.00000 0.97298
20815.00000 0.97267
20820.00000 0.97328
20825.00000 0.97336
20830.00000 0.97438
20835.00000 0.97496
20840.00000 0.97672
20845.00000 0.97729
20850.00000 0.97739
20855.00000 0.98009
20860.00000 0.98053
20865.00000 0.9819
20870.00000 0.98402
20875.00000 0.98482
20880.00000 0.98454
20885.00000 0.98521
20890.00000 0.98549
20895.00000 0.98384
20900.00000 0.98421
20905.00000 0.98274
20910.00000 0.97961
20915.00000 0.97736
20920.00000 0.97566
20925.00000 0.97414
20930.00000 0.97301
20935.00000 0.9733
20940.00000 0.97263
20945.00000 0.97499
20950.00000 0.97713
20955.00000 0.97794
20960.00000 0.9792
20965.00000 0.98053
20970.00000 0.97932
20975.00000 0.9798
20980.00000 0.97946
20985.00000 0.97871
20990.00000 0.97655
20995.00000 0.97675
21000.00000 0.97627
21005.00000 0.97664
21010.00000 0.97928
21015.00000 0.97736
21020.00000 0.97864
21025.00000 0.97626
21030.00000 0.97733
21035.00000 0.9762
21040.00000 0.97482
21045.00000 0.97418
21050.00000 0.97264
21055.00000 0.97389
21060.00000 0.97192
21065.00000 0.97354
21070.00000 0.97406
21075.00000 0.97476
21080.00000 0.97437
21085.00000 0.97324
21090.00000 0.97223
21095.00000 0.97072
21100.00000 0.97083
21105.00000 0.97026
21110.00000 0.96909
21115.00000 0.96924
21120.00000 0.97044
21125.00000 0.97018
21130.00000 0.96863
21135.00000 0.96875
21140.00000 0.96831
21145.00000 0.96777
21150.00000 0.96765
21155.00000 0.9662
21160.00000 0.96585
21165.00000 0.96564
21170.00000 0.96695
21175.00000 0.96788
21180.00000 0.96751
21185.00000 0.96674
21190.00000 0.96771
21195.00000 0.96819
21200.00000 0.96873
21205.00000 0.96893
21210.00000 0.96928
21215.00000 0.96715
21220.00000 0.96883
21225.00000 0.96901
21230.00000 0.96777
21235.00000 0.96825
21240.00000 0.96704
21245.00000 0.96632
21250.00000 0.96643
21255.00000 0.9686
21260.00000 0.96783
21265.00000 0.96715
21270.00000 0.96831
21275.00000 0.96736
21280.00000 0.96828
21285.00000 0.96817
21290.00000 0.9686
21295.00000 0.96809
21300.00000 0.97003
21305.00000 0.97325
21310.00000 0.97444
21315.00000 0.97426
21320.00000 0.97481
21325.00000 0.97603
21330.00000 0.97681
21335.00000 0.97758
21340.00000 0.97705
21345.00000 0.97702
21350.00000 0.97597
21355.00000 0.97763
21360.00000 0.97777
21365.00000 0.97719
21370.00000 0.97859
21375.00000 0.97861
21380.00000 0.97813
21385.00000 0.97757
21390.00000 0.97882
21395.00000 0.97856
21400.00000 0.97804
21405.00000 0.97977
21410.00000 0.9803
21415.00000 0.97923
21420.00000 0.97842
21425.00000 0.97887
21430.00000 0.97733
21435.00000 0.9778
21440.00000 0.97789
21445.00000 0.97546
21450.00000 0.97263
21455.00000 0.97258
21460.00000 0.97366
21465.00000 0.97375
21470.00000 0.97411
21475.00000 0.9752
21480.00000 0.97639
21485.00000 0.98021
21490.00000 0.97983
21495.00000 0.97893
21500.00000 0.97646
21505.00000 0.97307
21510.00000 0.97319
21515.00000 0.97279
21520.00000 0.97295
21525.00000 0.97099
21530.00000 0.97079
21535.00000 0.97318
21540.00000 0.97302
21545.00000 0.97487
21550.00000 0.97507
21555.00000 0.97495
21560.00000 0.97395
21565.00000 0.97391
21570.00000 0.97511
21575.00000 0.97272
21580.00000 0.9761
21585.00000 0.97568
21590.00000 0.97597
21595.00000 0.9749
21600.00000 0.97195
21605.00000 0.97177
21610.00000 0.97041
21615.00000 0.97069
21620.00000 0.96767
21625.00000 0.96852
21630.00000 0.96724
21635.00000 0.96719
21640.00000 0.97098
21645.00000 0.97177
21650.00000 0.97401
21655.00000 0.97531
21660.00000 0.97693
21665.00000 0.97612
21670.00000 0.97749
21675.00000 0.97664
21680.00000 0.97505
21685.00000 0.9756
21690.00000 0.97543
21695.00000 0.97475
21700.00000 0.97409
21705.00000 0.97482
21710.00000 0.9718
21715.00000 0.97313
21720.00000 0.974
21725.00000 0.97089
21730.00000 0.96724
21735.00000 0.96599
21740.00000 0.96707
21745.00000 0.96564
21750.00000 0.96516
21755.00000 0.9642
21760.00000 0.96437
21765.00000 0.96535
21770.00000 0.96663
21775.00000 0.96678
21780.00000 0.96417
21785.00000 0.9642
21790.00000 0.96384
21795.00000 0.96355
21800.00000 0.96022
21805.00000 0.95807
21810.00000 0.95639
21815.00000 0.95639
21820.00000 0.95593
21825.00000 0.95647
21830.00000 0.95834
21835.00000 0.95874
21840.00000 0.95732
21845.00000 0.95677
21850.00000 0.95827
21855.00000 0.95592
21860.00000 0.95648
21865.00000 0.95517
21870.00000 0.9538
21875.00000 0.95175
21880.00000 0.95264
21885.00000 0.95242
21890.00000 0.95033
21895.00000 0.95073
21900.00000 0.9481
21905.00000 0.94688
21910.00000 0.94566
21915.00000 0.94443
21920.00000 0.94402
21925.00000 0.94438
21930.00000 0.94308
21935.00000 0.94115
21940.00000 0.94168
21945.00000 0.94243
21950.00000 0.94231
21955.00000 0.94331
21960.00000 0.94099
21965.00000 0.94067
21970.00000 0.93903
21975.00000 0.9389
21980.00000 0.93715
21985.00000 0.93523
21990.00000 0.93517
21995.00000 0.9348
22000.00000 0.93721
22005.00000 0.93716
22010.00000 0.94012
22015.00000 0.94305
22020.00000 0.94354
22025.00000 0.94566
22030.00000 0.94606
22035.00000 0.94719
22040.00000 0.94745
22045.00000 0.94691
22050.00000 0.94551
22055.00000 0.94427
22060.00000 0.9473
22065.00000 0.94521
22070.00000 0.94566
22075.00000 0.94553
22080.00000 0.94696
22085.00000 0.9469
22090.00000 0.94913
22095.00000 0.95151
22100.00000 0.9503
22105.00000 0.9525
22110.00000 0.95175
22115.00000 0.95137
22120.00000 0.95203
22125.00000 0.95386
22130.00000 0.95427
22135.00000 0.95386
22140.00000 0.9545
22145.00000 0.95502
22150.00000 0.95515
22155.00000 0.95547
22160.00000 0.95587
22165.00000 0.95818
22170.00000 0.95912
22175.00000 0.95868
22180.00000 0.96033
22185.00000 0.95975
22190.00000 0.96126
22195.00000 0.96049
22200.00000 0.95909
22205.00000 0.95728
22210.00000 0.957
22215.00000 0.95842
22220.00000 0.95811
22225.00000 0.95837
22230.00000 0.95905
22235.00000 0.96062
22240.00000 0.96179
22245.00000 0.96277
22250.00000 0.96361
22255.00000 0.96313
22260.00000 0.96269
22265.00000 0.96454
22270.00000 0.96701
22275.00000 0.96989
22280.00000 0.97141
22285.00000 0.97292
22290.00000 0.97429
22295.00000 0.97502
22300.00000 0.97678
22305.00000 0.97723
22310.00000 0.97519
22315.00000 0.97456
22320.00000 0.97382
22325.00000 0.97327
22330.00000 0.97119
22335.00000 0.97131
22340.00000 0.97034
22345.00000 0.96828
22350.00000 0.96863
22355.00000 0.96558
22360.00000 0.96492
22365.00000 0.96481
22370.00000 0.96671
22375.00000 0.96632
22380.00000 0.96965
22385.00000 0.97029
22390.00000 0.97017
22395.00000 0.96986
22400.00000 0.97031
22405.00000 0.96948
22410.00000 0.96869
22415.00000 0.96504
22420.00000 0.95995
22425.00000 0.9601
22430.00000 0.95956
22435.00000 0.9606
22440.00000 0.95921
22445.00000 0.95848
22450.00000 0.95755
22455.00000 0.9597
22460.00000 0.9608
22465.00000 0.96182
22470.00000 0.96266
22475.00000 0.96431
22480.00000 0.9655
22485.00000 0.96527
22490.00000 0.96519
22495.00000 0.96625
22500.00000 0.96642
22505.00000 0.96466
22510.00000 0.96407
22515.00000 0.96227
22520.00000 0.96063
22525.00000 0.96019
22530.00000 0.95982
22535.00000 0.95847
22540.00000 0.95604
22545.00000 0.95627
22550.00000 0.95599
22555.00000 0.95491
22560.00000 0.95355
22565.00000 0.95338
22570.00000 0.95427
22575.00000 0.95526
22580.00000 0.95842
22585.00000 0.95691
22590.00000 0.95567
22595.00000 0.95514
22600.00000 0.95552
22605.00000 0.95528
22610.00000 0.95511
22615.00000 0.95476
22620.00000 0.95389
22625.00000 0.95375
22630.00000 0.95332
22635.00000 0.95293
22640.00000 0.9536
22645.00000 0.95409
22650.00000 0.95277
22655.00000 0.95219
22660.00000 0.95016
22665.00000 0.95113
22670.00000 0.95312
22675.00000 0.95378
22680.00000 0.95561
22685.00000 0.95413
22690.00000 0.95349
22695.00000 0.95406
22700.00000 0.9556
22705.00000 0.95552
22710.00000 0.95404
22715.00000 0.95415
22720.00000 0.9538
22725.00000 0.9561
22730.00000 0.95802
22735.00000 0.95961
22740.00000 0.96141
22745.00000 0.96301
22750.00000 0.96559
22755.00000 0.96957
22760.00000 0.9695
22765.00000 0.9707
22770.00000 0.97095
22775.00000 0.97142
22780.00000 0.97145
22785.00000 0.97075
22790.00000 0.97037
22795.00000 0.96996
22800.00000 0.96991
22805.00000 0.96707
22810.00000 0.96626
22815.00000 0.96489
22820.00000 0.96361
22825.00000 0.9614
22830.00000 0.96022
22835.00000 0.95738
22840.00000 0.95534
22845.00000 0.95506
22850.00000 0.95305
22855.00000 0.95102
22860.00000 0.94936
22865.00000 0.94901
22870.00000 0.94539
22875.00000 0.94312
22880.00000 0.94165
22885.00000 0.93932
22890.00000 0.9373
22895.00000 0.93439
22900.00000 0.9342
22905.00000 0.93263
22910.00000 0.93146
22915.00000 0.93053
22920.00000 0.92856
22925.00000 0.92697
22930.00000 0.92514
22935.00000 0.92343
22940.00000 0.91939
22945.00000 0.91704
22950.00000 0.91588
22955.00000 0.91269
22960.00000 0.91066
22965.00000 0.90819
22970.00000 0.90556
22975.00000 0.90115
22980.00000 0.89661
22985.00000 0.89082
22990.00000 0.88664
22995.00000 0.88107
23000.00000 0.87706
23005.00000 0.87274
23010.00000 0.86671
23015.00000 0.86165
23020.00000 0.85619
23025.00000 0.84955
23030.00000 0.83998
23035.00000 0.82976
23040.00000 0.81816
23045.00000 0.80537
23050.00000 0.7939
23055.00000 0.78192
23060.00000 0.76883
23065.00000 0.75519
23070.00000 0.74139
23075.00000 0.72838
23080.00000 0.71246
23085.00000 0.69725
23090.00000 0.67978
23095.00000 0.66141
23100.00000 0.64282
23105.00000 0.62294
23110.00000 0.60126
23115.00000 0.58058
23120.00000 0.56117
23125.00000 0.53928
23130.00000 0.51758
23135.00000 0.49535
23140.00000 0.47357
23145.00000 0.45309
23150.00000 0.43427
23155.00000 0.41277
23160.00000 0.39009
23165.00000 0.37064
23170.00000 0.35262
23175.00000 0.33429
23180.00000 0.31548
23185.00000 0.29773
23190.00000 0.28032
23195.00000 0.26483
23200.00000 0.25021
23205.00000 0.23511
23210.00000 0.22063
23215.00000 0.20773
23220.00000 0.19514
23225.00000 0.18355
23230.00000 0.17233
23235.00000 0.16023
23240.00000 0.14983
23245.00000 0.14117
23250.00000 0.13164
23255.00000 0.12335
23260.00000 0.11586
23265.00000 0.10764
23270.00000 0.09991
23275.00000 0.09462
23280.00000 0.08842
23285.00000 0.08237
23290.00000 0.07616
23295.00000 0.07008
23300.00000 0.06541
23305.00000 0.06175
23310.00000 0.05786
23315.00000 0.05499
23320.00000 0.05103
23325.00000 0.04707
23330.00000 0.04555
23335.00000 0.04399
23340.00000 0.04019
23345.00000 0.03726
23350.00000 0.03427
23355.00000 0.0305
23360.00000 0.02942
23365.00000 0.0282
23370.00000 0.02464
23375.00000 0.02161
23380.00000 0.02054
23385.00000 0.0183
23390.00000 0.01779
23395.00000 0.01753
23400.00000 0.01534
23405.00000 0.01221
23410.00000 0.01196
23415.00000 0.01056
23420.00000 0.01097
23425.00000 0.01097
23430.00000 0.01015
23435.00000 0.00874
23440.00000 0.00879
23445.00000 0.00909
23450.00000 0.00911
23455.00000 0.00911
23460.00000 0.00677
23465.00000 0.00502
23470.00000 0.00414
23475.00000 0.00204
25822.50000 0.0
