threeML/data/optical_filters/Scorpio/Comet-CN_3980.ecsv
# %ECSV 0.9
# ---
# datatype:
# - {name: wavelength, unit: Angstrom, datatype: float32}
# - {name: response, datatype: float32}
# meta: !!omap
# - {band_name: CN_3980}
# - {group_name: Comet}
wavelength response
3532.40991 0.0
3924.89990 0.00296
3926.00000 0.00153
3927.10010 0.00332
3928.30005 0.00166
3929.39990 0.0
3930.50000 0.00252
3931.60010 0.006
3932.69995 0.00252
3933.80005 0.00291
3935.00000 0.00597
3936.10010 0.00512
3937.19995 0.00791
3938.30005 0.00317
3939.50000 0.00982
3940.60010 0.00861
3941.69995 0.00389
3942.80005 0.00761
3944.00000 0.01417
3945.10010 0.0112
3946.19995 0.01263
3947.30005 0.01183
3948.50000 0.01937
3949.60010 0.01858
3950.69995 0.02399
3951.89990 0.02067
3953.00000 0.02392
3954.10010 0.02859
3955.30005 0.03552
3956.39990 0.03583
3957.60010 0.04061
3958.69995 0.04465
3959.80005 0.04947
3961.00000 0.04866
3962.10010 0.05824
3963.30005 0.06525
3964.39990 0.06458
3965.50000 0.07521
3966.69995 0.07285
3967.80005 0.07614
3969.00000 0.08812
3970.10010 0.09107
3971.30005 0.09488
3972.39990 0.097
3973.60010 0.101
3974.69995 0.10381
3975.89990 0.11014
3977.00000 0.11851
3978.19995 0.11437
3979.30005 0.12478
3980.50000 0.12383
3981.60010 0.12839
3982.80005 0.13681
3983.89990 0.13432
3985.10010 0.14256
3986.30005 0.13189
3987.39990 0.13221
3988.60010 0.14243
3989.69995 0.13673
3990.89990 0.13109
3992.10010 0.11746
3993.19995 0.12314
3994.39990 0.11484
3995.60010 0.10799
3996.69995 0.10152
3997.89990 0.0947
3999.10010 0.08337
4000.19995 0.07261
4001.39990 0.0665
4002.60010 0.06119
4003.69995 0.05557
4004.89990 0.04761
4006.10010 0.04363
4007.30005 0.0347
4008.39990 0.02813
4009.60010 0.02277
4010.80005 0.02661
4012.00000 0.0196
4013.10010 0.01695
4014.30005 0.01773
4015.50000 0.01432
4016.69995 0.01601
4017.89990 0.01347
4019.00000 0.01093
4020.19995 0.01157
4021.39990 0.00992
4022.60010 0.00637
4023.80005 0.00806
4025.00000 0.00717
4026.19995 0.00677
4027.30005 0.00484
4028.50000 0.00548
4029.69995 0.00246
4030.89990 0.00529
4032.10010 0.00222
4033.30005 0.00313
4034.50000 0.00396
4035.69995 0.0035
4036.89990 0.00427
4038.10010 0.0033
4039.30005 0.00424
4040.39990 0.00213
4041.69995 0.00136
4042.80005 0.00427
4044.10010 0.00267
4045.30005 0.00232
4046.39990 0.00303
4047.69995 0.00217
4452.46973 0.0
