threeML/data/optical_filters/Scorpio/Johnson-U.ecsv
# %ECSV 0.9
# ---
# datatype:
# - {name: wavelength, unit: Angstrom, datatype: float32}
# - {name: response, datatype: float32}
# meta: !!omap
# - {band_name: U}
# - {group_name: Johnson}
wavelength response
3040.00000 0.0
3050.00000 1e-05
3060.00000 1e-05
3070.00000 1e-05
3080.00000 1e-05
3090.00000 2e-05
3100.00000 2e-05
3110.00000 2e-05
3120.00000 3e-05
3130.00000 4e-05
3140.00000 4e-05
3150.00000 5e-05
3160.00000 5e-05
3170.00000 6e-05
3180.00000 7e-05
3190.00000 8e-05
3200.00000 9e-05
3210.00000 0.00089
3220.00000 0.00177
3230.00000 0.00272
3240.00000 0.00376
3250.00000 0.00487
3260.00000 0.00607
3270.00000 0.00735
3280.00000 0.00871
3290.00000 0.01016
3300.00000 0.01171
3310.00000 0.01334
3320.00000 0.01508
3330.00000 0.01689
3340.00000 0.01881
3350.00000 0.02084
3360.00000 0.02296
3370.00000 0.02518
3380.00000 0.02752
3390.00000 0.02995
3400.00000 0.03249
3410.00000 0.03619
3420.00000 0.04003
3430.00000 0.044
3440.00000 0.04813
3450.00000 0.05238
3460.00000 0.05679
3470.00000 0.06134
3480.00000 0.06604
3490.00000 0.07086
3500.00000 0.07585
3510.00000 0.0826
3520.00000 0.08961
3530.00000 0.09687
3540.00000 0.10442
3550.00000 0.11223
3560.00000 0.1203
3570.00000 0.12864
3580.00000 0.13724
3590.00000 0.14611
3600.00000 0.15523
3610.00000 0.16078
3620.00000 0.16631
3630.00000 0.17179
3640.00000 0.17726
3650.00000 0.18273
3660.00000 0.18812
3670.00000 0.19351
3680.00000 0.19885
3690.00000 0.20415
3700.00000 0.20943
3710.00000 0.21466
3720.00000 0.21985
3730.00000 0.22501
3740.00000 0.23012
3750.00000 0.23517
3760.00000 0.24016
3770.00000 0.24513
3780.00000 0.25004
3790.00000 0.25487
3800.00000 0.25969
3810.00000 0.2546
3820.00000 0.24909
3830.00000 0.2431
3840.00000 0.23667
3850.00000 0.22976
3860.00000 0.22237
3870.00000 0.21459
3880.00000 0.20628
3890.00000 0.19757
3900.00000 0.18838
3910.00000 0.1787
3920.00000 0.16857
3930.00000 0.15796
3940.00000 0.14689
3950.00000 0.13534
3960.00000 0.12333
3970.00000 0.11089
3980.00000 0.09794
3990.00000 0.08448
4000.00000 0.07058
4010.00000 0.06742
4020.00000 0.06423
4030.00000 0.061
4040.00000 0.05774
4050.00000 0.05439
4060.00000 0.05107
4070.00000 0.04771
4080.00000 0.04426
4090.00000 0.04084
4100.00000 0.03733
4110.00000 0.03384
4120.00000 0.03026
4130.00000 0.02671
4140.00000 0.02307
4150.00000 0.01939
4160.00000 0.01568
4170.00000 0.01194
4180.00000 0.00816
4190.00000 0.00435
4200.00000 0.00051
4210.00000 0.00051
4220.00000 0.00051
4230.00000 0.00051
4240.00000 0.00052
4250.00000 0.00052
4260.00000 0.00052
4270.00000 0.00052
4280.00000 0.00052
4290.00000 0.00053
4300.00000 0.00053
4310.00000 0.00053
4320.00000 0.00053
4330.00000 0.00053
4340.00000 0.00054
4350.00000 0.00054
4360.00000 0.00054
4370.00000 0.00054
4380.00000 0.00055
4390.00000 0.00055
4400.00000 0.00055
4410.00000 0.00055
4420.00000 0.00055
4430.00000 0.00056
4440.00000 0.00056
4450.00000 0.00056
4460.00000 0.00056
4470.00000 0.00056
4480.00000 0.00057
4490.00000 0.00057
4500.00000 0.00057
4510.00000 0.00057
4520.00000 0.00057
4530.00000 0.00057
4540.00000 0.00057
4550.00000 0.00057
4560.00000 0.00057
4570.00000 0.00057
4580.00000 0.00057
4590.00000 0.00057
4600.00000 0.00057
4610.00000 0.00057
4620.00000 0.00057
4630.00000 0.00057
4640.00000 0.00057
4650.00000 0.00057
4660.00000 0.00057
4670.00000 0.00057
4680.00000 0.00057
4690.00000 0.00057
4700.00000 0.00057
4710.00000 0.00057
4720.00000 0.00057
4730.00000 0.00057
4740.00000 0.00057
4750.00000 0.00057
4760.00000 0.00057
4770.00000 0.00057
4780.00000 0.00057
4790.00000 0.00057
4800.00000 0.00056
4810.00000 0.00056
4820.00000 0.00056
4830.00000 0.00056
4840.00000 0.00056
4850.00000 0.00056
4860.00000 0.00056
4870.00000 0.00056
4880.00000 0.00056
4890.00000 0.00056
4900.00000 0.00056
4910.00000 0.00056
4920.00000 0.00056
4930.00000 0.00056
4940.00000 0.00056
4950.00000 0.00056
4960.00000 0.00056
4970.00000 0.00056
4980.00000 0.00056
4990.00000 0.00056
5489.00000 0.0
