threeML/data/optical_filters/Scorpio/SED-SED415.ecsv
# %ECSV 0.9
# ---
# datatype:
# - {name: wavelength, unit: Angstrom, datatype: float32}
# - {name: response, datatype: float32}
# meta: !!omap
# - {band_name: SED415}
# - {group_name: SED}
wavelength response
3885.00000 0.0
3890.00000 0.01014
3895.00000 0.01021
3900.00000 0.0103
3905.00000 0.0106
3910.00000 0.01063
3915.00000 0.01054
3920.00000 0.01071
3925.00000 0.01099
3930.00000 0.01112
3935.00000 0.01162
3940.00000 0.01203
3945.00000 0.01267
3950.00000 0.01303
3955.00000 0.01418
3960.00000 0.01559
3965.00000 0.01665
3970.00000 0.01919
3975.00000 0.02145
3980.00000 0.02453
3985.00000 0.02843
3990.00000 0.03384
3995.00000 0.04008
4000.00000 0.04712
4005.00000 0.05551
4010.00000 0.06438
4015.00000 0.07379
4020.00000 0.0854
4025.00000 0.09575
4030.00000 0.10583
4035.00000 0.11652
4040.00000 0.1273
4045.00000 0.13751
4050.00000 0.14813
4055.00000 0.15835
4060.00000 0.16903
4065.00000 0.17935
4070.00000 0.19024
4075.00000 0.20089
4080.00000 0.21282
4085.00000 0.22526
4090.00000 0.23728
4095.00000 0.25167
4100.00000 0.2651
4105.00000 0.27931
4110.00000 0.29353
4115.00000 0.30867
4120.00000 0.32234
4125.00000 0.3372
4130.00000 0.35056
4135.00000 0.36322
4140.00000 0.37623
4145.00000 0.38864
4150.00000 0.39866
4155.00000 0.40828
4160.00000 0.41719
4165.00000 0.42366
4170.00000 0.43098
4175.00000 0.4379
4180.00000 0.44365
4185.00000 0.4488
4190.00000 0.45389
4195.00000 0.45871
4200.00000 0.46341
4205.00000 0.46722
4210.00000 0.47291
4215.00000 0.47763
4220.00000 0.48333
4225.00000 0.48807
4230.00000 0.49224
4235.00000 0.49695
4240.00000 0.4995
4245.00000 0.50023
4250.00000 0.49856
4255.00000 0.49295
4260.00000 0.48504
4265.00000 0.47191
4270.00000 0.45581
4275.00000 0.43434
4280.00000 0.40994
4285.00000 0.3815
4290.00000 0.35224
4295.00000 0.3211
4300.00000 0.29057
4305.00000 0.26149
4310.00000 0.23267
4315.00000 0.20671
4320.00000 0.18296
4325.00000 0.16198
4330.00000 0.14246
4335.00000 0.1258
4340.00000 0.11114
4345.00000 0.09811
4350.00000 0.08677
4355.00000 0.07691
4360.00000 0.06849
4365.00000 0.06118
4370.00000 0.05474
4375.00000 0.04907
4380.00000 0.04413
4385.00000 0.03985
4390.00000 0.03601
4395.00000 0.0327
4400.00000 0.02976
4405.00000 0.02711
4410.00000 0.02483
4415.00000 0.02288
4420.00000 0.02104
4425.00000 0.01938
4430.00000 0.01786
4435.00000 0.01653
4440.00000 0.01538
4445.00000 0.01435
4450.00000 0.01329
4455.00000 0.01241
4460.00000 0.01171
4465.00000 0.01098
4470.00000 0.0103
4475.00000 0.0097
4480.00000 0.00917
4485.00000 0.00862
4490.00000 0.00818
4495.00000 0.00771
4500.00000 0.00731
4505.00000 0.0069
4510.00000 0.00658
4515.00000 0.00625
4520.00000 0.00599
4525.00000 0.00573
4530.00000 0.00548
4535.00000 0.00524
4540.00000 0.005
4545.00000 0.00475
4550.00000 0.00459
4555.00000 0.00439
4560.00000 0.00421
4565.00000 0.00406
4570.00000 0.00391
4575.00000 0.00378
4580.00000 0.00364
4585.00000 0.00351
4590.00000 0.00341
4595.00000 0.0033
4600.00000 0.00319
4605.00000 0.0031
4610.00000 0.00301
4615.00000 0.00289
4620.00000 0.0028
4625.00000 0.00274
4630.00000 0.00269
4635.00000 0.0026
4640.00000 0.00253
4645.00000 0.00247
4650.00000 0.00241
4655.00000 0.00232
4660.00000 0.00228
4665.00000 0.00226
4670.00000 0.00221
4675.00000 0.00215
4680.00000 0.00213
4685.00000 0.00205
4690.00000 0.00202
4695.00000 0.00199
4700.00000 0.00196
4705.00000 0.00193
4710.00000 0.00186
4715.00000 0.00187
4720.00000 0.00185
4725.00000 0.0018
4730.00000 0.00178
4735.00000 0.00178
4740.00000 0.00173
4745.00000 0.00172
4750.00000 0.00172
4755.00000 0.00167
4760.00000 0.00165
4765.00000 0.00164
4770.00000 0.00163
4775.00000 0.00161
4780.00000 0.00159
4785.00000 0.00159
4790.00000 0.00157
4795.00000 0.00155
4800.00000 0.00151
4805.00000 0.00152
4810.00000 0.0015
4815.00000 0.00147
4820.00000 0.00145
4825.00000 0.00146
4830.00000 0.00144
4835.00000 0.00146
4840.00000 0.00142
4845.00000 0.00141
4850.00000 0.00138
4855.00000 0.00136
4860.00000 0.00134
4865.00000 0.00138
4870.00000 0.00137
4875.00000 0.00135
4880.00000 0.00136
4885.00000 0.00134
4890.00000 0.00133
4895.00000 0.00132
4900.00000 0.00131
4905.00000 0.00127
4910.00000 0.00127
4915.00000 0.00126
4920.00000 0.00125
4925.00000 0.00124
4930.00000 0.00124
4935.00000 0.00121
4940.00000 0.0012
4945.00000 0.00117
4950.00000 0.00115
4955.00000 0.00114
4960.00000 0.00113
4965.00000 0.00113
4970.00000 0.00109
4975.00000 0.00107
4980.00000 0.00107
4985.00000 0.00107
4990.00000 0.00104
4995.00000 0.00101
5000.00000 0.001
5500.00000 0.0
