threeML/data/optical_filters/Subaru/FOCAS-R.ecsv
# %ECSV 0.9
# ---
# datatype:
# - {name: wavelength, unit: Angstrom, datatype: float32}
# - {name: response, datatype: float32}
# meta: !!omap
# - {band_name: R}
# - {group_name: FOCAS}
wavelength response
5256.00000 0.0
5840.00000 0.006989
5850.00000 0.01332
5860.00000 0.0235
5870.00000 0.03853
5880.00000 0.05923
5890.00000 0.08687
5900.00000 0.1219
5910.00000 0.1638
5920.00000 0.2113
5930.00000 0.2632
5940.00000 0.3168
5950.00000 0.3707
5960.00000 0.4248
5970.00000 0.4773
5980.00000 0.5266
5990.00000 0.5716
6000.00000 0.6123
6010.00000 0.6495
6020.00000 0.6837
6030.00000 0.7145
6040.00000 0.7418
6050.00000 0.7651
6060.00000 0.7847
6070.00000 0.8007
6080.00000 0.8133
6090.00000 0.8226
6100.00000 0.829
6110.00000 0.8337
6120.00000 0.8382
6130.00000 0.8427
6140.00000 0.8474
6150.00000 0.8533
6160.00000 0.8603
6170.00000 0.8687
6180.00000 0.8775
6190.00000 0.8863
6200.00000 0.8943
6210.00000 0.9012
6220.00000 0.907
6230.00000 0.9109
6240.00000 0.9126
6250.00000 0.9129
6260.00000 0.9135
6270.00000 0.9146
6280.00000 0.9159
6290.00000 0.9175
6300.00000 0.9192
6310.00000 0.922
6320.00000 0.926
6330.00000 0.9307
6340.00000 0.9353
6350.00000 0.9394
6360.00000 0.9429
6370.00000 0.9454
6380.00000 0.9465
6390.00000 0.9462
6400.00000 0.9447
6410.00000 0.9422
6420.00000 0.9389
6430.00000 0.9362
6440.00000 0.9341
6450.00000 0.9326
6460.00000 0.9316
6470.00000 0.9314
6480.00000 0.9326
6490.00000 0.9348
6500.00000 0.9375
6510.00000 0.9408
6520.00000 0.9437
6530.00000 0.9459
6540.00000 0.9478
6550.00000 0.9498
6560.00000 0.9516
6570.00000 0.9526
6580.00000 0.953
6590.00000 0.953
6600.00000 0.9531
6610.00000 0.9531
6620.00000 0.9536
6630.00000 0.9542
6640.00000 0.9542
6650.00000 0.9542
6660.00000 0.9543
6670.00000 0.9545
6680.00000 0.9549
6690.00000 0.9552
6700.00000 0.9548
6710.00000 0.9538
6720.00000 0.9532
6730.00000 0.9526
6740.00000 0.9522
6750.00000 0.9515
6760.00000 0.9503
6770.00000 0.9491
6780.00000 0.9482
6790.00000 0.9474
6800.00000 0.9466
6810.00000 0.9456
6820.00000 0.944
6830.00000 0.9419
6840.00000 0.9399
6850.00000 0.9383
6860.00000 0.937
6870.00000 0.9356
6880.00000 0.9338
6890.00000 0.9323
6900.00000 0.9313
6910.00000 0.9309
6920.00000 0.9312
6930.00000 0.9318
6940.00000 0.9328
6950.00000 0.9332
6960.00000 0.9335
6970.00000 0.934
6980.00000 0.9341
6990.00000 0.9334
7000.00000 0.9312
7010.00000 0.9273
7020.00000 0.9209
7030.00000 0.9114
7040.00000 0.8993
7050.00000 0.8834
7060.00000 0.8634
7070.00000 0.8394
7080.00000 0.8105
7090.00000 0.7772
7100.00000 0.7391
7110.00000 0.6966
7120.00000 0.6507
7130.00000 0.6021
7140.00000 0.5521
7150.00000 0.5021
7160.00000 0.4523
7170.00000 0.4033
7180.00000 0.3566
7190.00000 0.3132
7200.00000 0.2737
7210.00000 0.2383
7220.00000 0.2066
7230.00000 0.1782
7240.00000 0.1534
7250.00000 0.132
7260.00000 0.1139
7270.00000 0.09839
7280.00000 0.08507
7290.00000 0.07365
7300.00000 0.06386
7310.00000 0.0554
7320.00000 0.04831
7330.00000 0.04225
7340.00000 0.03694
7350.00000 0.03233
7360.00000 0.0284
7370.00000 0.02493
7380.00000 0.02187
7390.00000 0.01923
7400.00000 0.01695
7410.00000 0.01494
7420.00000 0.01317
7430.00000 0.01158
7440.00000 0.01021
7450.00000 0.009033
7460.00000 0.008041
7470.00000 0.007156
7480.00000 0.006363
7490.00000 0.005692
7500.00000 0.005112
7510.00000 0.004608
7520.00000 0.00415
8272.00000 0.0
