threeML/data/optical_filters/Subaru/FOCAS-I.ecsv
# %ECSV 0.9
# ---
# datatype:
# - {name: wavelength, unit: Angstrom, datatype: float32}
# - {name: response, datatype: float32}
# meta: !!omap
# - {band_name: I}
# - {group_name: FOCAS}
wavelength response
6372.00000 0.0
7080.00000 0.004562
7090.00000 0.006836
7100.00000 0.009995
7110.00000 0.01416
7120.00000 0.01962
7130.00000 0.0266
7140.00000 0.03511
7150.00000 0.04546
7160.00000 0.05775
7170.00000 0.07193
7180.00000 0.08835
7190.00000 0.107
7200.00000 0.1274
7210.00000 0.1499
7220.00000 0.1741
7230.00000 0.1999
7240.00000 0.2272
7250.00000 0.2557
7260.00000 0.2846
7270.00000 0.3144
7280.00000 0.3446
7290.00000 0.3743
7300.00000 0.4041
7310.00000 0.4337
7320.00000 0.4623
7330.00000 0.4905
7340.00000 0.5177
7350.00000 0.5436
7360.00000 0.5691
7370.00000 0.5934
7380.00000 0.6161
7390.00000 0.6382
7400.00000 0.6594
7410.00000 0.6794
7420.00000 0.6982
7430.00000 0.7161
7440.00000 0.733
7450.00000 0.749
7460.00000 0.7644
7470.00000 0.7786
7480.00000 0.7919
7490.00000 0.8046
7500.00000 0.8165
7510.00000 0.8277
7520.00000 0.8382
7530.00000 0.8476
7540.00000 0.8566
7550.00000 0.865
7560.00000 0.8721
7570.00000 0.8789
7580.00000 0.8853
7590.00000 0.8907
7600.00000 0.8955
7610.00000 0.9001
7620.00000 0.9039
7630.00000 0.9072
7640.00000 0.9106
7650.00000 0.9133
7660.00000 0.9155
7670.00000 0.9177
7680.00000 0.9192
7690.00000 0.9207
7700.00000 0.9227
7710.00000 0.9239
7720.00000 0.9251
7730.00000 0.9265
7740.00000 0.9274
7750.00000 0.9284
7760.00000 0.9294
7770.00000 0.9303
7780.00000 0.9312
7790.00000 0.9324
7800.00000 0.9332
7810.00000 0.9337
7820.00000 0.9346
7830.00000 0.9347
7840.00000 0.9349
7850.00000 0.935
7860.00000 0.9349
7870.00000 0.935
7880.00000 0.9346
7890.00000 0.934
7900.00000 0.9332
7910.00000 0.9321
7920.00000 0.931
7930.00000 0.9296
7940.00000 0.9284
7950.00000 0.9271
7960.00000 0.9257
7970.00000 0.9245
7980.00000 0.9229
7990.00000 0.9215
8000.00000 0.9204
8010.00000 0.9193
8020.00000 0.9183
8030.00000 0.9177
8040.00000 0.9173
8050.00000 0.9168
8060.00000 0.9165
8070.00000 0.9161
8080.00000 0.9163
8090.00000 0.9169
8100.00000 0.9169
8110.00000 0.9172
8120.00000 0.9177
8130.00000 0.9181
8140.00000 0.9188
8150.00000 0.9198
8160.00000 0.9202
8170.00000 0.9204
8180.00000 0.921
8190.00000 0.9216
8200.00000 0.9218
8210.00000 0.9214
8220.00000 0.9212
8230.00000 0.9209
8240.00000 0.9202
8250.00000 0.9198
8260.00000 0.9195
8270.00000 0.9186
8280.00000 0.918
8290.00000 0.9173
8300.00000 0.9145
8310.00000 0.9119
8320.00000 0.911
8330.00000 0.9099
8340.00000 0.909
8350.00000 0.908
8360.00000 0.9065
8370.00000 0.9058
8380.00000 0.905
8390.00000 0.9035
8400.00000 0.9028
8410.00000 0.902
8420.00000 0.9005
8430.00000 0.8993
8440.00000 0.898
8450.00000 0.8964
8460.00000 0.8951
8470.00000 0.8933
8480.00000 0.8907
8490.00000 0.8889
8500.00000 0.887
8510.00000 0.8842
8520.00000 0.8824
8530.00000 0.8798
8540.00000 0.8764
8550.00000 0.874
8560.00000 0.8712
8570.00000 0.8677
8580.00000 0.865
8590.00000 0.8621
8600.00000 0.8585
8610.00000 0.8551
8620.00000 0.8516
8630.00000 0.8483
8640.00000 0.8454
8650.00000 0.8417
8660.00000 0.8379
8670.00000 0.8345
8680.00000 0.8295
8690.00000 0.8233
8700.00000 0.8169
8710.00000 0.8084
8720.00000 0.798
8730.00000 0.7856
8740.00000 0.7695
8750.00000 0.7495
8760.00000 0.7258
8770.00000 0.6969
8780.00000 0.6628
8790.00000 0.6234
8800.00000 0.5793
8810.00000 0.5316
8820.00000 0.4799
8830.00000 0.4276
8840.00000 0.3775
8850.00000 0.328
8860.00000 0.2811
8870.00000 0.2397
8880.00000 0.2025
8890.00000 0.1699
8900.00000 0.1421
8910.00000 0.1185
8920.00000 0.09862
8930.00000 0.08208
8940.00000 0.0686
8950.00000 0.05728
8960.00000 0.04796
8970.00000 0.04056
8980.00000 0.03448
8990.00000 0.02937
9000.00000 0.02513
9010.00000 0.02153
9020.00000 0.01863
9030.00000 0.01619
9040.00000 0.01421
9050.00000 0.01263
9060.00000 0.01137
9070.00000 0.01012
9080.00000 0.00914
9090.00000 0.008545
9100.00000 0.007858
9110.00000 0.007172
9120.00000 0.006622
9130.00000 0.00621
9140.00000 0.005905
9150.00000 0.005722
9160.00000 0.005432
9170.00000 0.005051
9180.00000 0.004883
9190.00000 0.004837
9200.00000 0.004669
9210.00000 0.004501
9220.00000 0.004456
9230.00000 0.00441
9240.00000 0.004364
9250.00000 0.004318
9260.00000 0.004272
9270.00000 0.004227
9280.00000 0.004181
9290.00000 0.004135
9300.00000 0.004196
9310.00000 0.00415
9320.00000 0.00412
9330.00000 0.004074
9340.00000 0.004044
9350.00000 0.004105
9360.00000 0.004074
9370.00000 0.004044
10307.00000 0.0
