threeML/data/optical_filters/Subaru/FOCAS-U.ecsv
# %ECSV 0.9
# ---
# datatype:
# - {name: wavelength, unit: Angstrom, datatype: float32}
# - {name: response, datatype: float32}
# meta: !!omap
# - {band_name: U}
# - {group_name: FOCAS}
wavelength response
2727.00000 0.0
3030.00000 0.004211
3040.00000 0.005661
3050.00000 0.007813
3060.00000 0.01068
3070.00000 0.01382
3080.00000 0.01778
3090.00000 0.0226
3100.00000 0.02837
3110.00000 0.03482
3120.00000 0.04211
3130.00000 0.05058
3140.00000 0.06015
3150.00000 0.07086
3160.00000 0.0826
3170.00000 0.0955
3180.00000 0.1094
3190.00000 0.1238
3200.00000 0.1385
3210.00000 0.1533
3220.00000 0.1693
3230.00000 0.1873
3240.00000 0.2078
3250.00000 0.2296
3260.00000 0.2515
3270.00000 0.2723
3280.00000 0.2919
3290.00000 0.3112
3300.00000 0.331
3310.00000 0.3519
3320.00000 0.3729
3330.00000 0.393
3340.00000 0.4124
3350.00000 0.4307
3360.00000 0.4482
3370.00000 0.465
3380.00000 0.4809
3390.00000 0.4957
3400.00000 0.5103
3410.00000 0.5254
3420.00000 0.5402
3430.00000 0.5542
3440.00000 0.5671
3450.00000 0.5778
3460.00000 0.5861
3470.00000 0.5939
3480.00000 0.6023
3490.00000 0.6133
3500.00000 0.6279
3510.00000 0.6442
3520.00000 0.6607
3530.00000 0.6751
3540.00000 0.6865
3550.00000 0.6942
3560.00000 0.6995
3570.00000 0.7045
3580.00000 0.7116
3590.00000 0.7185
3600.00000 0.7209
3610.00000 0.7211
3620.00000 0.7197
3630.00000 0.7149
3640.00000 0.7078
3650.00000 0.6998
3660.00000 0.6915
3670.00000 0.6846
3680.00000 0.6801
3690.00000 0.6763
3700.00000 0.6713
3710.00000 0.6643
3720.00000 0.6552
3730.00000 0.6441
3740.00000 0.6326
3750.00000 0.6214
3760.00000 0.611
3770.00000 0.6008
3780.00000 0.5904
3790.00000 0.5791
3800.00000 0.5657
3810.00000 0.5489
3820.00000 0.5285
3830.00000 0.5047
3840.00000 0.478
3850.00000 0.4492
3860.00000 0.4188
3870.00000 0.388
3880.00000 0.3572
3890.00000 0.3268
3900.00000 0.2966
3910.00000 0.267
3920.00000 0.2381
3930.00000 0.2102
3940.00000 0.184
3950.00000 0.1598
3960.00000 0.1377
3970.00000 0.1175
3980.00000 0.09929
3990.00000 0.08318
4000.00000 0.06926
4010.00000 0.0574
4020.00000 0.04735
4030.00000 0.03868
4040.00000 0.03131
4050.00000 0.02524
4060.00000 0.02028
4070.00000 0.0163
4080.00000 0.01306
4090.00000 0.01045
4100.00000 0.008347
4110.00000 0.006622
4120.00000 0.005295
4130.00000 0.004272
4543.00000 0.0
