threeML/data/optical_filters/Subaru/FOCAS-V.ecsv
# %ECSV 0.9
# ---
# datatype:
# - {name: wavelength, unit: Angstrom, datatype: float32}
# - {name: response, datatype: float32}
# meta: !!omap
# - {band_name: V}
# - {group_name: FOCAS}
wavelength response
4320.00000 0.0
4800.00000 0.007156
4810.00000 0.01251
4820.00000 0.02065
4830.00000 0.03232
4840.00000 0.04784
4850.00000 0.06772
4860.00000 0.09198
4870.00000 0.1198
4880.00000 0.151
4890.00000 0.185
4900.00000 0.2198
4910.00000 0.2548
4920.00000 0.2892
4930.00000 0.3221
4940.00000 0.354
4950.00000 0.386
4960.00000 0.4181
4970.00000 0.4509
4980.00000 0.4849
4990.00000 0.5189
5000.00000 0.552
5010.00000 0.5833
5020.00000 0.6109
5030.00000 0.634
5040.00000 0.653
5050.00000 0.6679
5060.00000 0.6803
5070.00000 0.6923
5080.00000 0.7044
5090.00000 0.7178
5100.00000 0.7333
5110.00000 0.75
5120.00000 0.7676
5130.00000 0.7853
5140.00000 0.8014
5150.00000 0.8155
5160.00000 0.8274
5170.00000 0.8368
5180.00000 0.8441
5190.00000 0.8497
5200.00000 0.8538
5210.00000 0.8574
5220.00000 0.8603
5230.00000 0.8625
5240.00000 0.8644
5250.00000 0.8659
5260.00000 0.8672
5270.00000 0.869
5280.00000 0.8712
5290.00000 0.8739
5300.00000 0.8785
5310.00000 0.8841
5320.00000 0.8904
5330.00000 0.8974
5340.00000 0.904
5350.00000 0.9105
5360.00000 0.916
5370.00000 0.92
5380.00000 0.9231
5390.00000 0.9249
5400.00000 0.9258
5410.00000 0.9267
5420.00000 0.9275
5430.00000 0.9288
5440.00000 0.9308
5450.00000 0.9333
5460.00000 0.9356
5470.00000 0.938
5480.00000 0.9406
5490.00000 0.9424
5500.00000 0.9438
5510.00000 0.9453
5520.00000 0.9458
5530.00000 0.9461
5540.00000 0.9471
5550.00000 0.9474
5560.00000 0.9478
5570.00000 0.9488
5580.00000 0.9489
5590.00000 0.9487
5600.00000 0.9479
5610.00000 0.9456
5620.00000 0.9429
5630.00000 0.9396
5640.00000 0.9357
5650.00000 0.9318
5660.00000 0.9282
5670.00000 0.9258
5680.00000 0.9246
5690.00000 0.9246
5700.00000 0.926
5710.00000 0.9281
5720.00000 0.9307
5730.00000 0.9331
5740.00000 0.935
5750.00000 0.9361
5760.00000 0.9357
5770.00000 0.9344
5780.00000 0.9321
5790.00000 0.9283
5800.00000 0.9241
5810.00000 0.9206
5820.00000 0.9167
5830.00000 0.9129
5840.00000 0.91
5850.00000 0.9069
5860.00000 0.9031
5870.00000 0.8992
5880.00000 0.894
5890.00000 0.8861
5900.00000 0.8746
5910.00000 0.8579
5920.00000 0.835
5930.00000 0.8045
5940.00000 0.7651
5950.00000 0.7166
5960.00000 0.6584
5970.00000 0.5924
5980.00000 0.5221
5990.00000 0.4504
6000.00000 0.3804
6010.00000 0.316
6020.00000 0.2589
6030.00000 0.2093
6040.00000 0.1679
6050.00000 0.1342
6060.00000 0.1069
6070.00000 0.08533
6080.00000 0.06828
6090.00000 0.05467
6100.00000 0.04407
6110.00000 0.0358
6120.00000 0.02919
6130.00000 0.02396
6140.00000 0.01982
6150.00000 0.01646
6160.00000 0.01375
6170.00000 0.01154
6180.00000 0.009735
6190.00000 0.00827
6200.00000 0.007034
6210.00000 0.005966
6220.00000 0.005051
6230.00000 0.004303
6853.00000 0.0
