threeML/data/optical_filters/Subaru/FOCAS-B.ecsv
# %ECSV 0.9
# ---
# datatype:
# - {name: wavelength, unit: Angstrom, datatype: float32}
# - {name: response, datatype: float32}
# meta: !!omap
# - {band_name: B}
# - {group_name: FOCAS}
wavelength response
3267.00000 0.0
3630.00000 0.005539
3640.00000 0.009354
3650.00000 0.01472
3660.00000 0.0218
3670.00000 0.0304
3680.00000 0.04012
3690.00000 0.0511
3700.00000 0.06383
3710.00000 0.07904
3720.00000 0.09799
3730.00000 0.1209
3740.00000 0.1465
3750.00000 0.1733
3760.00000 0.2002
3770.00000 0.2259
3780.00000 0.2504
3790.00000 0.2738
3800.00000 0.2953
3810.00000 0.315
3820.00000 0.3343
3830.00000 0.354
3840.00000 0.3753
3850.00000 0.3986
3860.00000 0.4223
3870.00000 0.4452
3880.00000 0.4673
3890.00000 0.4876
3900.00000 0.506
3910.00000 0.5235
3920.00000 0.5399
3930.00000 0.555
3940.00000 0.5691
3950.00000 0.582
3960.00000 0.5937
3970.00000 0.6054
3980.00000 0.6167
3990.00000 0.627
4000.00000 0.6365
4010.00000 0.6447
4020.00000 0.6508
4030.00000 0.6556
4040.00000 0.66
4050.00000 0.6642
4060.00000 0.6696
4070.00000 0.6766
4080.00000 0.6846
4090.00000 0.6932
4100.00000 0.702
4110.00000 0.71
4120.00000 0.7172
4130.00000 0.7243
4140.00000 0.731
4150.00000 0.7377
4160.00000 0.7442
4170.00000 0.7497
4180.00000 0.7536
4190.00000 0.7554
4200.00000 0.7544
4210.00000 0.7513
4220.00000 0.7476
4230.00000 0.7442
4240.00000 0.7423
4250.00000 0.7431
4260.00000 0.746
4270.00000 0.751
4280.00000 0.7574
4290.00000 0.7635
4300.00000 0.7693
4310.00000 0.7742
4320.00000 0.778
4330.00000 0.7816
4340.00000 0.7849
4350.00000 0.7886
4360.00000 0.7935
4370.00000 0.7985
4380.00000 0.8025
4390.00000 0.8058
4400.00000 0.8077
4410.00000 0.8076
4420.00000 0.8065
4430.00000 0.8048
4440.00000 0.8025
4450.00000 0.801
4460.00000 0.8006
4470.00000 0.8012
4480.00000 0.8025
4490.00000 0.8046
4500.00000 0.8074
4510.00000 0.8105
4520.00000 0.8142
4530.00000 0.8179
4540.00000 0.8214
4550.00000 0.825
4560.00000 0.8278
4570.00000 0.829
4580.00000 0.8289
4590.00000 0.8269
4600.00000 0.8226
4610.00000 0.817
4620.00000 0.8109
4630.00000 0.8048
4640.00000 0.8
4650.00000 0.7968
4660.00000 0.7954
4670.00000 0.7961
4680.00000 0.7983
4690.00000 0.8012
4700.00000 0.8043
4710.00000 0.8073
4720.00000 0.81
4730.00000 0.8126
4740.00000 0.8156
4750.00000 0.8191
4760.00000 0.8236
4770.00000 0.8289
4780.00000 0.8341
4790.00000 0.8384
4800.00000 0.8415
4810.00000 0.8426
4820.00000 0.8414
4830.00000 0.8387
4840.00000 0.835
4850.00000 0.8307
4860.00000 0.8253
4870.00000 0.8175
4880.00000 0.8039
4890.00000 0.7802
4900.00000 0.7417
4910.00000 0.6866
4920.00000 0.617
4930.00000 0.5366
4940.00000 0.4529
4950.00000 0.3731
4960.00000 0.3005
4970.00000 0.2374
4980.00000 0.1853
4990.00000 0.1429
5000.00000 0.1089
5010.00000 0.08261
5020.00000 0.06248
5030.00000 0.0471
5040.00000 0.03572
5050.00000 0.02734
5060.00000 0.02112
5070.00000 0.01657
5080.00000 0.01321
5090.00000 0.01068
5100.00000 0.008789
5110.00000 0.00737
5120.00000 0.006256
5130.00000 0.005402
5140.00000 0.0047
5150.00000 0.004135
5665.00000 0.0
