threeML/data/optical_filters/Subaru/IRCS-Lp.ecsv
# %ECSV 0.9
# ---
# datatype:
# - {name: wavelength, unit: Angstrom, datatype: float32}
# - {name: response, datatype: float32}
# meta: !!omap
# - {band_name: Lp}
# - {group_name: IRCS}
wavelength response
[from data line 767]
38248.00000 0.937446
38257.00000 0.936489
38265.00000 0.935531
38273.00000 0.936227
38281.00000 0.936922
38289.00000 0.936501
38297.00000 0.93434
38305.00000 0.932078
38313.00000 0.932993
38321.00000 0.934432
38329.00000 0.93193
38337.00000 0.929275
38345.00000 0.929014
38354.00000 0.928731
38362.00000 0.926809
38370.00000 0.926388
38378.00000 0.923644
38386.00000 0.919922
38394.00000 0.921094
38402.00000 0.922718
38410.00000 0.924791
38418.00000 0.925527
38427.00000 0.926079
38435.00000 0.927615
38443.00000 0.92698
38451.00000 0.927724
38459.00000 0.926805
38467.00000 0.922428
38475.00000 0.918953
38484.00000 0.922534
38492.00000 0.926174
38500.00000 0.925761
38508.00000 0.925357
38516.00000 0.926616
38524.00000 0.927152
38533.00000 0.926549
38541.00000 0.925344
38549.00000 0.927001
38557.00000 0.926361
38565.00000 0.923005
38574.00000 0.923013
38582.00000 0.92499
38590.00000 0.929222
38598.00000 0.929731
38606.00000 0.92965
38615.00000 0.931382
38623.00000 0.929502
38631.00000 0.927779
38639.00000 0.926746
38647.00000 0.926489
38656.00000 0.925537
38664.00000 0.924853
38672.00000 0.923786
38680.00000 0.923498
38689.00000 0.926704
38697.00000 0.931391
38705.00000 0.933127
38713.00000 0.931437
38722.00000 0.929815
38730.00000 0.928227
38738.00000 0.927309
38746.00000 0.928024
38755.00000 0.925877
38763.00000 0.923046
38771.00000 0.927142
38780.00000 0.934843
38788.00000 0.937524
38796.00000 0.935217
38804.00000 0.930647
38813.00000 0.927671
38821.00000 0.928794
38829.00000 0.929377
38838.00000 0.928272
38846.00000 0.927803
38854.00000 0.927666
38863.00000 0.929511
38871.00000 0.932051
38879.00000 0.933393
38888.00000 0.930421
38896.00000 0.929836
38904.00000 0.934506
38913.00000 0.93789
38921.00000 0.935998
38929.00000 0.933715
38938.00000 0.933988
38946.00000 0.93207
38954.00000 0.930674
38963.00000 0.93187
38971.00000 0.933611
38979.00000 0.93688
38988.00000 0.937463
38996.00000 0.938184
39005.00000 0.939837
39013.00000 0.938196
39021.00000 0.940594
39030.00000 0.939521
39038.00000 0.934074
39047.00000 0.9339
39055.00000 0.938576
39063.00000 0.938378
39072.00000 0.937355
39080.00000 0.939463
39089.00000 0.94005
39097.00000 0.939587
39105.00000 0.938334
39114.00000 0.937818
39122.00000 0.937746
39131.00000 0.937168
39139.00000 0.940715
39148.00000 0.946324
39156.00000 0.948592
39164.00000 0.945925
39173.00000 0.941799
39181.00000 0.941632
39190.00000 0.944663
39198.00000 0.944057
39207.00000 0.940634
39215.00000 0.94032
39224.00000 0.941063
39232.00000 0.940761
39241.00000 0.942663
39249.00000 0.945556
39258.00000 0.944802
39266.00000 0.944884
39275.00000 0.947896
39283.00000 0.944116
39292.00000 0.940632
39300.00000 0.943055
39309.00000 0.943071
39317.00000 0.940663
39326.00000 0.938953
39334.00000 0.939756
39343.00000 0.943441
39351.00000 0.941352
39360.00000 0.940433
39368.00000 0.944456
39377.00000 0.941767
39385.00000 0.937571
39394.00000 0.935887
39402.00000 0.933848
39411.00000 0.936115
39420.00000 0.939333
39428.00000 0.941115
39437.00000 0.936696
39445.00000 0.937505
39454.00000 0.938612
39462.00000 0.933389
39471.00000 0.930941
39480.00000 0.93171
39488.00000 0.934753
39497.00000 0.935488
39505.00000 0.934327
39514.00000 0.932591
39523.00000 0.931312
39531.00000 0.929642
39540.00000 0.926616
39548.00000 0.929595
39557.00000 0.934345
39566.00000 0.933504
39574.00000 0.929032
39583.00000 0.928587
39592.00000 0.927356
39600.00000 0.923532
39609.00000 0.922933
39617.00000 0.925611
39626.00000 0.927199
39635.00000 0.926133
39643.00000 0.92665
39652.00000 0.928543
39661.00000 0.927481
39669.00000 0.922016
39678.00000 0.915669
39687.00000 0.914495
39695.00000 0.917564
39704.00000 0.920037
39713.00000 0.920489
39722.00000 0.917807
39730.00000 0.913946
39739.00000 0.912058
39748.00000 0.911575
39756.00000 0.910954
39765.00000 0.908828
39774.00000 0.906642
39782.00000 0.904269
39791.00000 0.901873
39800.00000 0.903572
39809.00000 0.906212
39817.00000 0.908146
39826.00000 0.909125
39835.00000 0.908311
39844.00000 0.906341
39852.00000 0.902814
39861.00000 0.904138
39870.00000 0.906201
39879.00000 0.898665
39887.00000 0.897287
39896.00000 0.900794
39905.00000 0.90074
39914.00000 0.899778
39922.00000 0.900202
39931.00000 0.897689
39940.00000 0.897423
39949.00000 0.896009
39958.00000 0.890115
39966.00000 0.889109
39975.00000 0.889916
39984.00000 0.889504
39993.00000 0.890237
40002.00000 0.891624
40010.00000 0.890712
40019.00000 0.893063
40028.00000 0.892995
40037.00000 0.892186
40046.00000 0.89266
40055.00000 0.893647
40063.00000 0.893381
40072.00000 0.891437
40081.00000 0.893766
40090.00000 0.895692
40099.00000 0.895984
40108.00000 0.896105
40117.00000 0.895546
40125.00000 0.893231
40134.00000 0.89153
40143.00000 0.89256
40152.00000 0.8946
40161.00000 0.896006
40170.00000 0.897523
40179.00000 0.899531
40188.00000 0.897904
40196.00000 0.89488
40205.00000 0.896265
40214.00000 0.896791
40223.00000 0.896603
40232.00000 0.899783
40241.00000 0.902114
40250.00000 0.901704
40259.00000 0.902692
40268.00000 0.906657
40277.00000 0.909931
40286.00000 0.913363
40295.00000 0.914651
40304.00000 0.913142
40313.00000 0.910033
40321.00000 0.909747
40330.00000 0.912998
40339.00000 0.911701
40348.00000 0.913373
40357.00000 0.913799
40366.00000 0.915875
40375.00000 0.918105
40384.00000 0.916437
40393.00000 0.917276
40402.00000 0.91565
40411.00000 0.914688
40420.00000 0.916225
40429.00000 0.91367
40438.00000 0.911171
40447.00000 0.917829
40456.00000 0.920568
40465.00000 0.918363
40474.00000 0.922807
40483.00000 0.926155
40492.00000 0.9302
40501.00000 0.931066
40510.00000 0.929676
40519.00000 0.928493
40529.00000 0.926576
40538.00000 0.924357
40547.00000 0.926953
40556.00000 0.934225
40565.00000 0.936436
40574.00000 0.938184
40583.00000 0.940691
40592.00000 0.940467
40601.00000 0.939931
40610.00000 0.941461
40619.00000 0.940502
40628.00000 0.939735
40637.00000 0.944231
40646.00000 0.950617
40656.00000 0.952512
40665.00000 0.949708
40674.00000 0.947681
40683.00000 0.948812
40692.00000 0.950123
40701.00000 0.948512
40710.00000 0.948481
40719.00000 0.953455
40729.00000 0.955547
40738.00000 0.954244
40747.00000 0.953033
40756.00000 0.951222
40765.00000 0.952859
40774.00000 0.955471
40783.00000 0.953941
40793.00000 0.950504
40802.00000 0.946024
40811.00000 0.944763
40820.00000 0.946748
40829.00000 0.942514
40839.00000 0.934636
40848.00000 0.935681
40857.00000 0.934895
40866.00000 0.930557
40875.00000 0.925034
40885.00000 0.917877
40894.00000 0.915053
40903.00000 0.913852
40912.00000 0.912632
40921.00000 0.910241
40931.00000 0.90188
40940.00000 0.891363
40949.00000 0.882924
40958.00000 0.874604
40968.00000 0.869255
40977.00000 0.863536
40986.00000 0.856178
40995.00000 0.845273
41005.00000 0.83375
41014.00000 0.819102
41023.00000 0.808798
41032.00000 0.802306
41042.00000 0.793078
41051.00000 0.782566
41060.00000 0.769451
41070.00000 0.751707
41079.00000 0.734777
41088.00000 0.719972
41097.00000 0.703515
41107.00000 0.687838
41116.00000 0.674245
41125.00000 0.663044
41135.00000 0.650699
41144.00000 0.632622
41153.00000 0.613187
41163.00000 0.597471
41172.00000 0.584126
41181.00000 0.57101
41191.00000 0.556911
41200.00000 0.540457
41209.00000 0.521299
41219.00000 0.501859
41228.00000 0.484539
41237.00000 0.467565
41247.00000 0.449535
41256.00000 0.432052
41266.00000 0.415711
41275.00000 0.399798
41284.00000 0.384979
41294.00000 0.372698
41303.00000 0.359666
41313.00000 0.343323
41322.00000 0.324526
41331.00000 0.310218
41341.00000 0.30019
41350.00000 0.287218
41360.00000 0.272908
41369.00000 0.260679
41378.00000 0.250156
41388.00000 0.239378
41397.00000 0.231513
41407.00000 0.224292
41416.00000 0.211953
41426.00000 0.203258
41435.00000 0.198947
41445.00000 0.189863
41454.00000 0.17436
41464.00000 0.16152
41473.00000 0.154362
41482.00000 0.145565
41492.00000 0.140955
41501.00000 0.141178
41511.00000 0.13522
41520.00000 0.126947
41530.00000 0.120873
41539.00000 0.113992
41549.00000 0.10832
41558.00000 0.102839
41568.00000 0.099381
41577.00000 0.096787
41587.00000 0.089407
41597.00000 0.081722
41606.00000 0.078545
41616.00000 0.078215
41625.00000 0.076061
41635.00000 0.071634
41644.00000 0.068383
41654.00000 0.066718
41663.00000 0.063182
41673.00000 0.058836
41682.00000 0.057202
41692.00000 0.054033
41702.00000 0.048287
41711.00000 0.046435
41721.00000 0.047409
41730.00000 0.046033
41740.00000 0.043956
41750.00000 0.042771
41759.00000 0.040638
41769.00000 0.038253
41778.00000 0.037467
41788.00000 0.037985
41798.00000 0.037434
41807.00000 0.035512
41817.00000 0.036041
41827.00000 0.036576
41836.00000 0.032682
41846.00000 0.029625
41855.00000 0.028046
41865.00000 0.026387
41875.00000 0.023535
41884.00000 0.020609
41894.00000 0.022286
41904.00000 0.025702
41913.00000 0.022761
41923.00000 0.02133
41933.00000 0.020666
41943.00000 0.018927
41952.00000 0.018719
41962.00000 0.019568
41972.00000 0.019822
41981.00000 0.017014
41991.00000 0.017061
42001.00000 0.015251
42010.00000 0.014208
42020.00000 0.015199
42030.00000 0.015606
42040.00000 0.014346
42049.00000 0.014458
42059.00000 0.015253
42069.00000 0.011185
42079.00000 0.007754
42088.00000 0.007203
42098.00000 0.007508
42108.00000 0.008515
42118.00000 0.011961
42127.00000 0.014096
42137.00000 0.015723
42147.00000 0.016179
42157.00000 0.015219
42167.00000 0.01443
42176.00000 0.013714
42186.00000 0.012907
42196.00000 0.009659
42206.00000 0.005691
42216.00000 0.005974
42225.00000 0.009835
42235.00000 0.011838
42245.00000 0.010818
42255.00000 0.009381
42265.00000 0.008037
42275.00000 0.006538
42284.00000 0.006416
42294.00000 0.008587
42304.00000 0.009546
42314.00000 0.007465
42324.00000 0.00514
46556.39844 0.0
