threeML/data/optical_filters/Subaru/IRCS-K.ecsv
# %ECSV 0.9
# ---
# datatype:
# - {name: wavelength, unit: Angstrom, datatype: float32}
# - {name: response, datatype: float32}
# meta: !!omap
# - {band_name: K}
# - {group_name: IRCS}
wavelength response
17725.50000 0.0
19695.00000 0.00498
19700.00000 0.004762
19705.00000 0.003203
19710.00000 0.003702
19715.00000 0.004964
19720.00000 0.003857
19725.00000 0.002865
19730.00000 0.004157
19735.00000 0.004965
19740.00000 0.00457
19745.00000 0.003968
19750.00000 0.004468
19755.00000 0.005577
19760.00000 0.005544
19765.00000 0.005197
19770.00000 0.004686
19775.00000 0.005223
19780.00000 0.006419
19785.00000 0.005923
19790.00000 0.005536
19795.00000 0.005705
19800.00000 0.005733
19805.00000 0.006574
19810.00000 0.006983
19815.00000 0.006221
19820.00000 0.006784
19825.00000 0.008288
19830.00000 0.008062
19835.00000 0.007242
19840.00000 0.008346
19845.00000 0.008913
19850.00000 0.008161
19855.00000 0.00858
19860.00000 0.009845
19865.00000 0.010437
19870.00000 0.009941
19875.00000 0.010229
19880.00000 0.01161
19885.00000 0.012087
19890.00000 0.011671
19895.00000 0.011909
19900.00000 0.012793
19905.00000 0.013268
19910.00000 0.012791
19915.00000 0.013064
19920.00000 0.013871
19925.00000 0.014386
19930.00000 0.0154
19935.00000 0.015685
19940.00000 0.015466
19945.00000 0.016899
19950.00000 0.01768
19955.00000 0.017911
19960.00000 0.019426
19965.00000 0.020491
19970.00000 0.021036
19975.00000 0.020624
19980.00000 0.021391
19985.00000 0.023002
19990.00000 0.023459
19995.00000 0.024275
20000.00000 0.025166
20005.00000 0.026381
20010.00000 0.027961
20015.00000 0.029271
20020.00000 0.029394
20025.00000 0.029947
20030.00000 0.032392
20035.00000 0.035408
20040.00000 0.037576
20045.00000 0.038214
20050.00000 0.039771
20055.00000 0.041775
20060.00000 0.043298
20065.00000 0.045213
20070.00000 0.047077
20075.00000 0.049707
20080.00000 0.052516
20085.00000 0.056198
20090.00000 0.059787
20095.00000 0.06213
20100.00000 0.06624
20105.00000 0.069784
20110.00000 0.072411
20115.00000 0.077261
20120.00000 0.081854
20125.00000 0.085797
20130.00000 0.089892
20135.00000 0.094459
20140.00000 0.099739
20145.00000 0.106403
20150.00000 0.113614
20155.00000 0.118182
20160.00000 0.125804
20165.00000 0.132695
20170.00000 0.138653
20175.00000 0.148421
20180.00000 0.156449
20185.00000 0.164396
20190.00000 0.176062
20195.00000 0.185873
20200.00000 0.195727
20205.00000 0.206481
20210.00000 0.21572
20215.00000 0.226792
20220.00000 0.240223
20225.00000 0.252847
20230.00000 0.265986
20235.00000 0.279998
20240.00000 0.293793
20245.00000 0.308181
20250.00000 0.323016
20255.00000 0.337076
20260.00000 0.351922
20265.00000 0.367368
20270.00000 0.383282
20275.00000 0.400085
20280.00000 0.415187
20285.00000 0.431631
20290.00000 0.448619
20295.00000 0.462912
20300.00000 0.477817
20305.00000 0.494677
20310.00000 0.508733
20315.00000 0.523189
20320.00000 0.54011
20325.00000 0.553559
20330.00000 0.567124
20335.00000 0.581668
20340.00000 0.594322
20345.00000 0.607704
20350.00000 0.619314
20355.00000 0.630092
20360.00000 0.641728
20365.00000 0.652999
20370.00000 0.665578
20375.00000 0.674305
20380.00000 0.682113
20385.00000 0.69077
20390.00000 0.699102
20395.00000 0.707075
20400.00000 0.713044
20405.00000 0.721801
20410.00000 0.729211
20415.00000 0.736761
20420.00000 0.743563
20425.00000 0.74819
20430.00000 0.753955
20435.00000 0.760899
20440.00000 0.767346
20445.00000 0.771258
20450.00000 0.776635
20455.00000 0.783575
20460.00000 0.786627
20465.00000 0.791762
20470.00000 0.7958
20475.00000 0.797675
20480.00000 0.804802
20485.00000 0.808332
20490.00000 0.809569
20495.00000 0.816093
20500.00000 0.81999
20505.00000 0.822762
20510.00000 0.827225
20515.00000 0.831276
20520.00000 0.833806
20525.00000 0.838897
20530.00000 0.841694
20535.00000 0.842336
20540.00000 0.846755
20545.00000 0.850103
20550.00000 0.853258
20555.00000 0.85671
20560.00000 0.859783
20565.00000 0.860042
20570.00000 0.862246
20575.00000 0.866507
20580.00000 0.867847
20585.00000 0.867895
20590.00000 0.871146
20595.00000 0.873735
20600.00000 0.873849
20605.00000 0.875962
20610.00000 0.876537
20615.00000 0.876329
20620.00000 0.877082
20625.00000 0.879021
20630.00000 0.880505
20635.00000 0.878792
20640.00000 0.881063
20645.00000 0.884047
20650.00000 0.88349
20655.00000 0.883421
20660.00000 0.882799
20665.00000 0.884574
20670.00000 0.885405
20675.00000 0.88373
20680.00000 0.883259
20685.00000 0.88315
20690.00000 0.886128
20695.00000 0.885984
20700.00000 0.884391
20705.00000 0.884605
20710.00000 0.882762
20715.00000 0.882288
20720.00000 0.880292
20725.00000 0.880172
20730.00000 0.883271
20735.00000 0.882111
20740.00000 0.880482
20745.00000 0.880685
20750.00000 0.879881
20755.00000 0.880387
20760.00000 0.879925
20765.00000 0.87955
20770.00000 0.882886
20775.00000 0.881446
20780.00000 0.880404
20785.00000 0.881673
20790.00000 0.882212
20795.00000 0.882207
20800.00000 0.883378
20805.00000 0.883499
20810.00000 0.880596
20815.00000 0.881919
20820.00000 0.881139
20825.00000 0.880485
20830.00000 0.884231
20835.00000 0.886592
20840.00000 0.886623
20845.00000 0.888172
20850.00000 0.886194
20855.00000 0.885555
20860.00000 0.888174
20865.00000 0.889847
20870.00000 0.893277
20875.00000 0.895353
20880.00000 0.895814
20885.00000 0.896193
20890.00000 0.895921
20895.00000 0.896615
20900.00000 0.898309
20905.00000 0.899131
20910.00000 0.90042
20915.00000 0.902464
20920.00000 0.903495
20925.00000 0.903311
20930.00000 0.906594
20935.00000 0.910123
20940.00000 0.909966
20945.00000 0.910221
20950.00000 0.912666
20955.00000 0.914056
20960.00000 0.915547
20965.00000 0.916789
20970.00000 0.917023
20975.00000 0.920568
20980.00000 0.924063
20985.00000 0.922876
20990.00000 0.923884
20995.00000 0.926464
21000.00000 0.926516
21005.00000 0.929137
21010.00000 0.929301
21015.00000 0.927767
21020.00000 0.929436
21025.00000 0.933878
21030.00000 0.935852
21035.00000 0.932612
21040.00000 0.933923
21045.00000 0.936925
21050.00000 0.93502
21055.00000 0.934694
21060.00000 0.93642
21065.00000 0.937476
21070.00000 0.934301
21075.00000 0.933272
21080.00000 0.937794
21085.00000 0.939371
21090.00000 0.940236
21095.00000 0.938585
21100.00000 0.937355
21105.00000 0.941568
21110.00000 0.939004
21115.00000 0.933921
21120.00000 0.936268
21125.00000 0.939137
21130.00000 0.93883
21135.00000 0.937468
21140.00000 0.937327
21145.00000 0.93646
21150.00000 0.938259
21155.00000 0.940767
21160.00000 0.937061
21165.00000 0.93672
21170.00000 0.93801
21175.00000 0.935818
21180.00000 0.936266
21185.00000 0.936419
21190.00000 0.9335
21195.00000 0.931598
21200.00000 0.931235
21205.00000 0.930855
21210.00000 0.929753
21215.00000 0.930477
21220.00000 0.930143
21225.00000 0.923665
21230.00000 0.922303
21235.00000 0.923413
21240.00000 0.923011
21245.00000 0.923932
21250.00000 0.920106
21255.00000 0.916034
21260.00000 0.916632
21265.00000 0.91609
21270.00000 0.91484
21275.00000 0.914715
21280.00000 0.913477
21285.00000 0.913364
21290.00000 0.91298
21295.00000 0.912667
21300.00000 0.913573
21305.00000 0.909398
21310.00000 0.910212
21315.00000 0.911646
21320.00000 0.905747
21325.00000 0.905582
21330.00000 0.905747
21335.00000 0.906501
21340.00000 0.90554
21345.00000 0.90521
21350.00000 0.906017
21355.00000 0.902909
21360.00000 0.901136
21365.00000 0.899116
21370.00000 0.898025
21375.00000 0.897999
21380.00000 0.896849
21385.00000 0.894709
21390.00000 0.893584
21395.00000 0.893521
21400.00000 0.892729
21405.00000 0.891538
21410.00000 0.89375
21415.00000 0.89122
21420.00000 0.887592
21425.00000 0.889697
21430.00000 0.889259
21435.00000 0.890093
21440.00000 0.892677
21445.00000 0.892024
21450.00000 0.892499
21455.00000 0.891917
21460.00000 0.888664
21465.00000 0.885807
21470.00000 0.885418
21475.00000 0.887892
21480.00000 0.88847
21485.00000 0.889603
21490.00000 0.886989
21495.00000 0.8861
21500.00000 0.890002
21505.00000 0.889246
21510.00000 0.885496
21515.00000 0.885488
21520.00000 0.886357
21525.00000 0.885332
21530.00000 0.887766
21535.00000 0.889859
21540.00000 0.890591
21545.00000 0.889794
21550.00000 0.88995
21555.00000 0.891206
21560.00000 0.890125
21565.00000 0.88925
21570.00000 0.891047
21575.00000 0.893516
21580.00000 0.895154
21585.00000 0.897033
21590.00000 0.897199
21595.00000 0.894455
21600.00000 0.894167
21605.00000 0.896266
21610.00000 0.89563
21615.00000 0.896284
21620.00000 0.895373
21625.00000 0.894902
21630.00000 0.896429
21635.00000 0.899176
21640.00000 0.898979
21645.00000 0.896459
21650.00000 0.900224
21655.00000 0.900185
21660.00000 0.900773
21665.00000 0.90469
21670.00000 0.90684
21675.00000 0.908396
21680.00000 0.907401
21685.00000 0.90714
21690.00000 0.907472
21695.00000 0.90802
21700.00000 0.910762
21705.00000 0.91209
21710.00000 0.911105
21715.00000 0.911167
21720.00000 0.913538
21725.00000 0.913113
21730.00000 0.914534
21735.00000 0.914141
21740.00000 0.910869
21745.00000 0.916784
21750.00000 0.920223
21755.00000 0.917112
21760.00000 0.918138
21765.00000 0.920481
21770.00000 0.919686
21775.00000 0.921145
21780.00000 0.920096
21785.00000 0.918386
21790.00000 0.923084
21795.00000 0.924525
21800.00000 0.920076
21805.00000 0.924796
21810.00000 0.928581
21815.00000 0.917852
21820.00000 0.923576
21825.00000 0.931269
21830.00000 0.922834
21835.00000 0.920691
21840.00000 0.921432
21845.00000 0.924009
21850.00000 0.927144
21855.00000 0.930555
21860.00000 0.929879
21865.00000 0.929179
21870.00000 0.930374
21875.00000 0.926559
21880.00000 0.924932
21885.00000 0.926004
21890.00000 0.931407
21895.00000 0.931223
21900.00000 0.926069
21905.00000 0.928536
21910.00000 0.92775
21915.00000 0.926814
21920.00000 0.931684
21925.00000 0.928604
21930.00000 0.924851
21935.00000 0.927836
21940.00000 0.928691
21945.00000 0.928652
21950.00000 0.929084
21955.00000 0.930252
21960.00000 0.928175
21965.00000 0.926635
21970.00000 0.927133
21975.00000 0.926673
21980.00000 0.927767
21985.00000 0.926038
21990.00000 0.927539
21995.00000 0.92817
22000.00000 0.924776
22005.00000 0.924606
22010.00000 0.926745
22015.00000 0.925615
22020.00000 0.925537
22025.00000 0.925638
22030.00000 0.922717
22035.00000 0.922302
22040.00000 0.921135
22045.00000 0.920535
22050.00000 0.922771
22055.00000 0.921719
22060.00000 0.921001
22065.00000 0.923303
22070.00000 0.923429
22075.00000 0.921431
22080.00000 0.922487
22085.00000 0.924795
22090.00000 0.920686
22095.00000 0.921908
22100.00000 0.924469
22105.00000 0.922655
22110.00000 0.924403
22115.00000 0.923041
22120.00000 0.920699
22125.00000 0.923188
22130.00000 0.924991
22135.00000 0.922483
22140.00000 0.921469
22145.00000 0.924465
22150.00000 0.925764
22155.00000 0.926182
22160.00000 0.927531
22165.00000 0.928203
22170.00000 0.928365
22175.00000 0.93065
22180.00000 0.93226
22185.00000 0.929986
22190.00000 0.932141
22195.00000 0.933955
22200.00000 0.932068
22205.00000 0.933511
22210.00000 0.936562
22215.00000 0.936671
22220.00000 0.936313
22225.00000 0.937539
22230.00000 0.939009
22235.00000 0.937656
22240.00000 0.935592
22245.00000 0.939535
22250.00000 0.939334
22255.00000 0.938237
22260.00000 0.941085
22265.00000 0.938759
22270.00000 0.938436
22275.00000 0.942001
22280.00000 0.941711
22285.00000 0.942787
22290.00000 0.944641
22295.00000 0.945147
22300.00000 0.945434
22305.00000 0.944176
22310.00000 0.944824
22315.00000 0.945784
22320.00000 0.947765
22325.00000 0.947645
22330.00000 0.945325
22335.00000 0.945442
22340.00000 0.946874
22345.00000 0.947049
22350.00000 0.945081
22355.00000 0.948011
22360.00000 0.950588
22365.00000 0.949499
22370.00000 0.951152
22375.00000 0.949815
22380.00000 0.947543
22385.00000 0.95158
22390.00000 0.950758
22395.00000 0.947273
22400.00000 0.950946
22405.00000 0.954097
22410.00000 0.949895
22415.00000 0.948524
22420.00000 0.950252
22425.00000 0.949143
22430.00000 0.948803
22435.00000 0.94862
22440.00000 0.950529
22445.00000 0.950836
22450.00000 0.950914
22455.00000 0.951364
22460.00000 0.951714
22465.00000 0.952422
22470.00000 0.951115
22475.00000 0.948293
22480.00000 0.949013
22485.00000 0.950833
22490.00000 0.948623
22495.00000 0.949041
22500.00000 0.949571
22505.00000 0.948297
22510.00000 0.948142
22515.00000 0.947076
22520.00000 0.946818
22525.00000 0.94716
22530.00000 0.949293
22535.00000 0.947555
22540.00000 0.943808
22545.00000 0.943547
22550.00000 0.945276
22555.00000 0.948266
22560.00000 0.946867
22565.00000 0.945605
22570.00000 0.941997
22575.00000 0.941833
22580.00000 0.94656
22585.00000 0.945229
22590.00000 0.942315
22595.00000 0.942648
22600.00000 0.943921
22605.00000 0.942832
22610.00000 0.944414
22615.00000 0.944715
22620.00000 0.942587
22625.00000 0.942696
22630.00000 0.945614
22635.00000 0.94658
22640.00000 0.94518
22645.00000 0.946164
22650.00000 0.944524
22655.00000 0.94447
22660.00000 0.946734
22665.00000 0.943747
22670.00000 0.943569
22675.00000 0.949973
22680.00000 0.950932
22685.00000 0.946107
22690.00000 0.94797
22695.00000 0.951307
22700.00000 0.949639
22705.00000 0.953908
22710.00000 0.951188
22715.00000 0.944052
22720.00000 0.946445
22725.00000 0.946528
22730.00000 0.949059
22735.00000 0.953567
22740.00000 0.954433
22745.00000 0.953033
22750.00000 0.950124
22755.00000 0.954061
22760.00000 0.955234
22765.00000 0.952366
22770.00000 0.952051
22775.00000 0.952737
22780.00000 0.95069
22785.00000 0.951396
22790.00000 0.958594
22795.00000 0.955137
22800.00000 0.951041
22805.00000 0.955195
22810.00000 0.955303
22815.00000 0.954514
22820.00000 0.956505
22825.00000 0.956191
22830.00000 0.954114
22835.00000 0.956884
22840.00000 0.958599
22845.00000 0.956201
22850.00000 0.956083
22855.00000 0.957635
22860.00000 0.959211
22865.00000 0.961991
22870.00000 0.959843
22875.00000 0.958408
22880.00000 0.960138
22885.00000 0.957205
22890.00000 0.956448
22895.00000 0.958567
22900.00000 0.958749
22905.00000 0.958709
22910.00000 0.961556
22915.00000 0.961391
22920.00000 0.960649
22925.00000 0.961594
22930.00000 0.961183
22935.00000 0.961204
22940.00000 0.964222
22945.00000 0.963093
22950.00000 0.959484
22955.00000 0.960965
22960.00000 0.960296
22965.00000 0.961358
22970.00000 0.962392
22975.00000 0.960118
22980.00000 0.960724
22985.00000 0.958518
22990.00000 0.95825
22995.00000 0.961125
23000.00000 0.958041
23005.00000 0.956044
23010.00000 0.958686
23015.00000 0.958039
23020.00000 0.953117
23025.00000 0.954782
23030.00000 0.95643
23035.00000 0.952909
23040.00000 0.953404
23045.00000 0.954207
23050.00000 0.951021
23055.00000 0.951637
23060.00000 0.95344
23065.00000 0.952131
23070.00000 0.95346
23075.00000 0.953322
23080.00000 0.952107
23085.00000 0.951642
23090.00000 0.949624
23095.00000 0.948694
23100.00000 0.946964
23105.00000 0.947212
23110.00000 0.948457
23115.00000 0.946017
23120.00000 0.947714
23125.00000 0.950676
23130.00000 0.947374
23135.00000 0.944616
23140.00000 0.945627
23145.00000 0.946655
23150.00000 0.946625
23155.00000 0.944155
23160.00000 0.941202
23165.00000 0.943784
23170.00000 0.946813
23175.00000 0.944172
23180.00000 0.942913
23185.00000 0.943858
23190.00000 0.942713
23195.00000 0.939952
23200.00000 0.940192
23205.00000 0.940175
23210.00000 0.939204
23215.00000 0.9399
23220.00000 0.941434
23225.00000 0.941352
23230.00000 0.938697
23235.00000 0.938869
23240.00000 0.938189
23245.00000 0.93652
23250.00000 0.938178
23255.00000 0.939299
23260.00000 0.939119
23265.00000 0.937449
23270.00000 0.9385
23275.00000 0.939271
23280.00000 0.935426
23285.00000 0.935468
23290.00000 0.936697
23295.00000 0.938174
23300.00000 0.94085
23305.00000 0.940107
23310.00000 0.938844
23315.00000 0.941269
23320.00000 0.941556
23325.00000 0.939685
23330.00000 0.942041
23335.00000 0.942584
23340.00000 0.941278
23345.00000 0.944281
23350.00000 0.945606
23355.00000 0.942493
23360.00000 0.94317
23365.00000 0.947311
23370.00000 0.946364
23375.00000 0.947268
23380.00000 0.951442
23385.00000 0.952067
23390.00000 0.952645
23395.00000 0.953131
23400.00000 0.954846
23405.00000 0.955835
23410.00000 0.955306
23415.00000 0.956115
23420.00000 0.955945
23425.00000 0.956062
23430.00000 0.95991
23435.00000 0.961194
23440.00000 0.960083
23445.00000 0.961053
23450.00000 0.959451
23455.00000 0.960819
23460.00000 0.961471
23465.00000 0.958995
23470.00000 0.962691
23475.00000 0.96684
23480.00000 0.964051
23485.00000 0.958793
23490.00000 0.958625
23495.00000 0.959603
23500.00000 0.956297
23505.00000 0.951558
23510.00000 0.950114
23515.00000 0.94904
23520.00000 0.94443
23525.00000 0.939573
23530.00000 0.935071
23535.00000 0.927108
23540.00000 0.919167
23545.00000 0.910121
23550.00000 0.899038
23555.00000 0.889848
23560.00000 0.877783
23565.00000 0.865758
23570.00000 0.853148
23575.00000 0.836199
23580.00000 0.821753
23585.00000 0.807497
23590.00000 0.790401
23595.00000 0.772595
23600.00000 0.754353
23605.00000 0.732487
23610.00000 0.708816
23615.00000 0.688635
23620.00000 0.666687
23625.00000 0.639922
23630.00000 0.617526
23635.00000 0.595092
23640.00000 0.573195
23645.00000 0.550797
23650.00000 0.525577
23655.00000 0.501347
23660.00000 0.479349
23665.00000 0.45847
23670.00000 0.436521
23675.00000 0.414475
23680.00000 0.393509
23685.00000 0.373947
23690.00000 0.352902
23695.00000 0.334403
23700.00000 0.31531
23705.00000 0.296886
23710.00000 0.281702
23715.00000 0.264847
23720.00000 0.251141
23725.00000 0.236751
23730.00000 0.221843
23735.00000 0.210375
23740.00000 0.197647
23745.00000 0.186788
23750.00000 0.175569
23755.00000 0.163985
23760.00000 0.153992
23765.00000 0.145078
23770.00000 0.136105
23775.00000 0.128707
23780.00000 0.122096
23785.00000 0.114542
23790.00000 0.108114
23795.00000 0.101625
23800.00000 0.096049
23805.00000 0.090963
23810.00000 0.084867
23815.00000 0.080328
23820.00000 0.076123
23825.00000 0.069785
23830.00000 0.066615
23835.00000 0.064756
23840.00000 0.059938
23845.00000 0.056701
23850.00000 0.053083
23855.00000 0.048337
23860.00000 0.045878
23865.00000 0.043695
23870.00000 0.040867
23875.00000 0.039442
23880.00000 0.037806
23885.00000 0.036109
23890.00000 0.034001
23895.00000 0.032613
23900.00000 0.032149
23905.00000 0.028076
23910.00000 0.026229
23915.00000 0.026389
23920.00000 0.024193
23925.00000 0.022326
23930.00000 0.021803
23935.00000 0.021516
23940.00000 0.020794
23945.00000 0.020736
23950.00000 0.02069
23955.00000 0.018759
23960.00000 0.017034
23965.00000 0.016639
23970.00000 0.015032
23975.00000 0.014066
23980.00000 0.013154
23985.00000 0.012356
23990.00000 0.012642
23995.00000 0.011708
24000.00000 0.01064
24005.00000 0.009692
24010.00000 0.009513
24015.00000 0.009698
24020.00000 0.008654
24025.00000 0.008635
24030.00000 0.008983
24035.00000 0.009015
24040.00000 0.008403
24045.00000 0.007544
24050.00000 0.00745
24055.00000 0.007146
24060.00000 0.006228
24065.00000 0.006163
24070.00000 0.006569
24075.00000 0.005139
24080.00000 0.005773
24085.00000 0.005537
26493.50000 0.0
