threeML/data/optical_filters/Subaru/IRCS-Kp.ecsv
# %ECSV 0.9
# ---
# datatype:
# - {name: wavelength, unit: Angstrom, datatype: float32}
# - {name: response, datatype: float32}
# meta: !!omap
# - {band_name: Kp}
# - {group_name: IRCS}
wavelength response
16986.59961 0.0
18874.00000 0.004395
18879.00000 0.00444
18884.00000 0.00412
18889.00000 0.004501
18894.00000 0.004532
18898.00000 0.004517
18903.00000 0.005341
18908.00000 0.005508
18913.00000 0.004913
18918.00000 0.005005
18923.00000 0.005524
18928.00000 0.00563
18933.00000 0.005569
18938.00000 0.005844
18943.00000 0.006165
18948.00000 0.00618
18953.00000 0.006195
18958.00000 0.006653
18963.00000 0.007004
18968.00000 0.007141
18973.00000 0.007523
18978.00000 0.008118
18983.00000 0.008682
18988.00000 0.008438
18993.00000 0.008423
18998.00000 0.009048
19003.00000 0.009125
19008.00000 0.008835
19013.00000 0.008667
19018.00000 0.009689
19023.00000 0.010529
19028.00000 0.010727
19033.00000 0.011017
19038.00000 0.011368
19043.00000 0.012009
19048.00000 0.012543
19053.00000 0.013535
19058.00000 0.013596
19063.00000 0.013306
19068.00000 0.014191
19072.00000 0.015411
19077.00000 0.01535
19082.00000 0.015747
19087.00000 0.017654
19092.00000 0.018997
19097.00000 0.019272
19102.00000 0.019562
19107.00000 0.020645
19112.00000 0.021576
19117.00000 0.022491
19122.00000 0.023682
19127.00000 0.024536
19132.00000 0.025711
19137.00000 0.027176
19142.00000 0.028351
19147.00000 0.029984
19152.00000 0.031677
19157.00000 0.033173
19162.00000 0.034927
19167.00000 0.036057
19172.00000 0.037979
19177.00000 0.040527
19182.00000 0.04277
19187.00000 0.044998
19192.00000 0.046616
19197.00000 0.049164
19202.00000 0.052277
19207.00000 0.055313
19212.00000 0.058884
19217.00000 0.062332
19222.00000 0.066238
19227.00000 0.06987
19232.00000 0.073761
19237.00000 0.078476
19242.00000 0.083405
19247.00000 0.088608
19251.00000 0.09407
19256.00000 0.099945
19261.00000 0.106339
19266.00000 0.112961
19271.00000 0.119949
19276.00000 0.127258
19281.00000 0.135193
19286.00000 0.145172
19291.00000 0.154922
19296.00000 0.163574
19301.00000 0.175674
19306.00000 0.1866
19311.00000 0.197998
19316.00000 0.211639
19321.00000 0.223541
19326.00000 0.238312
19331.00000 0.254761
19336.00000 0.271179
19341.00000 0.289581
19346.00000 0.304993
19351.00000 0.320572
19356.00000 0.341858
19361.00000 0.363266
19366.00000 0.386292
19371.00000 0.404861
19376.00000 0.428085
19381.00000 0.454132
19386.00000 0.476288
19391.00000 0.501434
19396.00000 0.525635
19401.00000 0.550613
19406.00000 0.577774
19411.00000 0.603561
19416.00000 0.628815
19421.00000 0.652542
19426.00000 0.677811
19430.00000 0.702789
19435.00000 0.724945
19440.00000 0.74675
19445.00000 0.76738
19450.00000 0.787979
19455.00000 0.808273
19460.00000 0.825653
19465.00000 0.840179
19470.00000 0.855255
19475.00000 0.868011
19480.00000 0.87973
19485.00000 0.894043
19490.00000 0.905136
19495.00000 0.912033
19500.00000 0.921494
19505.00000 0.929535
19510.00000 0.93396
19515.00000 0.939102
19520.00000 0.942078
19525.00000 0.944733
19530.00000 0.948959
19535.00000 0.949341
19540.00000 0.948364
19545.00000 0.949829
19550.00000 0.950958
19555.00000 0.951218
19560.00000 0.954163
19565.00000 0.956589
19570.00000 0.95755
19575.00000 0.957718
19580.00000 0.956512
19585.00000 0.955231
19590.00000 0.957291
19595.00000 0.958099
19600.00000 0.955826
19604.00000 0.955872
19609.00000 0.9552
19614.00000 0.952591
19619.00000 0.953278
19624.00000 0.954224
19629.00000 0.95282
19634.00000 0.953812
19639.00000 0.954697
19644.00000 0.955048
19649.00000 0.956055
19654.00000 0.956604
19659.00000 0.956573
19664.00000 0.955841
19669.00000 0.957916
19674.00000 0.958603
19679.00000 0.959061
19684.00000 0.961594
19689.00000 0.960815
19694.00000 0.961121
19699.00000 0.96286
19704.00000 0.962311
19709.00000 0.962936
19714.00000 0.963943
19719.00000 0.963409
19724.00000 0.964188
19729.00000 0.965622
19734.00000 0.965958
19739.00000 0.9664
19744.00000 0.967346
19749.00000 0.966125
19754.00000 0.964432
19759.00000 0.964142
19764.00000 0.963211
19769.00000 0.963654
19774.00000 0.966248
19779.00000 0.966492
19783.00000 0.965454
19788.00000 0.965118
19793.00000 0.963715
19798.00000 0.963699
19803.00000 0.965118
19808.00000 0.96431
19813.00000 0.9617
19818.00000 0.961716
19823.00000 0.962372
19828.00000 0.959961
19833.00000 0.959473
19838.00000 0.958939
19843.00000 0.957092
19848.00000 0.958893
19853.00000 0.957413
19858.00000 0.955383
19863.00000 0.957352
19868.00000 0.95459
19873.00000 0.952118
19878.00000 0.953156
19883.00000 0.949524
19888.00000 0.94693
19893.00000 0.947601
19898.00000 0.945923
19903.00000 0.943619
19908.00000 0.942719
19913.00000 0.94136
19918.00000 0.939972
19923.00000 0.940125
19928.00000 0.938858
19933.00000 0.935577
19938.00000 0.934555
19943.00000 0.934341
19948.00000 0.933151
19953.00000 0.933548
19958.00000 0.931808
19962.00000 0.929123
19967.00000 0.926834
19972.00000 0.924332
19977.00000 0.922668
19982.00000 0.92395
19987.00000 0.925308
19992.00000 0.923584
19997.00000 0.921814
20002.00000 0.921066
20007.00000 0.920471
20012.00000 0.91925
20017.00000 0.919159
20022.00000 0.917679
20027.00000 0.916168
20032.00000 0.915222
20037.00000 0.914261
20042.00000 0.91507
20047.00000 0.916443
20052.00000 0.917465
20057.00000 0.916153
20062.00000 0.914627
20067.00000 0.914474
20072.00000 0.914581
20077.00000 0.915588
20082.00000 0.914688
20087.00000 0.912903
20092.00000 0.915604
20097.00000 0.916824
20102.00000 0.915771
20107.00000 0.916763
20112.00000 0.915024
20117.00000 0.913635
20122.00000 0.915466
20127.00000 0.913986
20132.00000 0.912674
20136.00000 0.915009
20141.00000 0.914932
20146.00000 0.913101
20151.00000 0.914093
20156.00000 0.914322
20161.00000 0.912689
20166.00000 0.916183
20171.00000 0.916977
20176.00000 0.916
20181.00000 0.919296
20186.00000 0.920471
20191.00000 0.920715
20196.00000 0.920837
20201.00000 0.918884
20206.00000 0.916962
20211.00000 0.918655
20216.00000 0.920959
20221.00000 0.922348
20226.00000 0.92598
20231.00000 0.925858
20236.00000 0.924332
20241.00000 0.927002
20246.00000 0.926498
20251.00000 0.923126
20256.00000 0.923035
20261.00000 0.924255
20266.00000 0.923782
20271.00000 0.926163
20276.00000 0.928894
20281.00000 0.928879
20286.00000 0.931381
20291.00000 0.933167
20296.00000 0.931656
20301.00000 0.930969
20306.00000 0.932541
20311.00000 0.932877
20315.00000 0.932266
20320.00000 0.934052
20325.00000 0.93512
20330.00000 0.938004
20335.00000 0.940689
20340.00000 0.941772
20345.00000 0.941635
20350.00000 0.939484
20355.00000 0.939209
20360.00000 0.940414
20365.00000 0.941803
20370.00000 0.941803
20375.00000 0.942627
20380.00000 0.944138
20385.00000 0.944138
20390.00000 0.944901
20395.00000 0.945724
20400.00000 0.94548
20405.00000 0.945618
20410.00000 0.947189
20415.00000 0.948898
20420.00000 0.950241
20425.00000 0.952484
20430.00000 0.95195
20435.00000 0.951584
20440.00000 0.952118
20445.00000 0.95137
20450.00000 0.95166
20455.00000 0.953201
20460.00000 0.95343
20465.00000 0.952087
20470.00000 0.953506
20475.00000 0.954315
20480.00000 0.954117
20485.00000 0.956467
20490.00000 0.956528
20494.00000 0.956238
20499.00000 0.960983
20504.00000 0.961914
20509.00000 0.960663
20514.00000 0.963776
20519.00000 0.962051
20524.00000 0.958755
20529.00000 0.959518
20534.00000 0.960022
20539.00000 0.9599
20544.00000 0.96048
20549.00000 0.960754
20554.00000 0.959763
20559.00000 0.960495
20564.00000 0.96225
20569.00000 0.962204
20574.00000 0.963135
20579.00000 0.964142
20584.00000 0.96199
20589.00000 0.962906
20594.00000 0.963394
20599.00000 0.962479
20604.00000 0.963013
20609.00000 0.963181
20614.00000 0.962494
20619.00000 0.961258
20624.00000 0.962067
20629.00000 0.962677
20634.00000 0.96286
20639.00000 0.963928
20644.00000 0.963089
20649.00000 0.9617
20654.00000 0.962387
20659.00000 0.961441
20664.00000 0.961838
20669.00000 0.96286
20673.00000 0.961502
20678.00000 0.962463
20683.00000 0.963425
20688.00000 0.959641
20693.00000 0.960327
20698.00000 0.96257
20703.00000 0.961472
20708.00000 0.962326
20713.00000 0.96344
20718.00000 0.962143
20723.00000 0.960342
20728.00000 0.961441
20733.00000 0.961868
20738.00000 0.959473
20743.00000 0.960541
20748.00000 0.962418
20753.00000 0.961441
20758.00000 0.962402
20763.00000 0.96051
20768.00000 0.959198
20773.00000 0.9617
20778.00000 0.959793
20783.00000 0.958221
20788.00000 0.959412
20793.00000 0.95784
20798.00000 0.957214
20803.00000 0.959213
20808.00000 0.959961
20813.00000 0.959366
20818.00000 0.960602
20823.00000 0.959381
20828.00000 0.956314
20833.00000 0.955994
20838.00000 0.954391
20843.00000 0.952087
20847.00000 0.953583
20852.00000 0.954926
20857.00000 0.95401
20862.00000 0.955292
20867.00000 0.955246
20872.00000 0.952789
20877.00000 0.953308
20882.00000 0.951248
20887.00000 0.94696
20892.00000 0.947983
20897.00000 0.94751
20902.00000 0.944656
20907.00000 0.945633
20912.00000 0.946487
20917.00000 0.9478
20922.00000 0.950424
20927.00000 0.950027
20932.00000 0.94722
20937.00000 0.944916
20942.00000 0.945297
20947.00000 0.94458
20952.00000 0.943512
20957.00000 0.943695
20962.00000 0.942535
20967.00000 0.942764
20972.00000 0.94281
20977.00000 0.94136
20982.00000 0.941513
20987.00000 0.941635
20992.00000 0.941025
20997.00000 0.942093
21002.00000 0.94101
21007.00000 0.939224
21012.00000 0.938766
21017.00000 0.939865
21022.00000 0.938721
21026.00000 0.935837
21031.00000 0.938171
21036.00000 0.936386
21041.00000 0.934113
21046.00000 0.935562
21051.00000 0.933212
21056.00000 0.93013
21061.00000 0.929703
21066.00000 0.929871
21071.00000 0.928757
21076.00000 0.930801
21081.00000 0.931732
21086.00000 0.92807
21091.00000 0.927109
21096.00000 0.926102
21101.00000 0.922592
21106.00000 0.922699
21111.00000 0.922394
21116.00000 0.919937
21121.00000 0.919952
21126.00000 0.918518
21131.00000 0.917053
21136.00000 0.917801
21141.00000 0.91832
21146.00000 0.918427
21151.00000 0.918518
21156.00000 0.917694
21161.00000 0.916595
21166.00000 0.915558
21171.00000 0.914825
21176.00000 0.914261
21181.00000 0.914368
21186.00000 0.913177
21191.00000 0.910797
21196.00000 0.910995
21201.00000 0.910568
21205.00000 0.910156
21210.00000 0.911392
21215.00000 0.911575
21220.00000 0.910172
21225.00000 0.909424
21230.00000 0.909729
21235.00000 0.908356
21240.00000 0.90773
21245.00000 0.908249
21250.00000 0.907944
21255.00000 0.90918
21260.00000 0.911087
21265.00000 0.909225
21270.00000 0.907349
21275.00000 0.908722
21280.00000 0.907639
21285.00000 0.906555
21290.00000 0.906448
21295.00000 0.905869
21300.00000 0.906784
21305.00000 0.908234
21310.00000 0.908722
21315.00000 0.908081
21320.00000 0.910324
21325.00000 0.909927
21330.00000 0.906448
21335.00000 0.906891
21340.00000 0.905396
21345.00000 0.903534
21350.00000 0.906128
21355.00000 0.905777
21360.00000 0.903458
21365.00000 0.907547
21370.00000 0.909012
21375.00000 0.905838
21379.00000 0.907959
21384.00000 0.907822
21389.00000 0.907028
21394.00000 0.910309
21399.00000 0.911423
21404.00000 0.910675
21409.00000 0.912247
21414.00000 0.913803
21419.00000 0.91394
21424.00000 0.912918
21429.00000 0.909348
21434.00000 0.908951
21439.00000 0.911591
21444.00000 0.913788
21449.00000 0.914368
21454.00000 0.916138
21459.00000 0.91806
21464.00000 0.918472
21469.00000 0.918579
21474.00000 0.917984
21479.00000 0.915405
21484.00000 0.916458
21489.00000 0.918488
21494.00000 0.917343
21499.00000 0.918793
21504.00000 0.921677
21509.00000 0.923737
21514.00000 0.923004
21519.00000 0.921829
21524.00000 0.920105
21529.00000 0.919861
21534.00000 0.917969
21539.00000 0.919052
21544.00000 0.924011
21549.00000 0.923294
21554.00000 0.921829
21558.00000 0.923691
21563.00000 0.925674
21568.00000 0.925552
21573.00000 0.926056
21578.00000 0.927063
21583.00000 0.927597
21588.00000 0.928513
21593.00000 0.929794
21598.00000 0.928452
21603.00000 0.928009
21608.00000 0.929871
21613.00000 0.930801
21618.00000 0.93219
21623.00000 0.935669
21628.00000 0.93483
21633.00000 0.932541
21638.00000 0.934784
21643.00000 0.932739
21648.00000 0.9319
21653.00000 0.934067
21658.00000 0.933365
21663.00000 0.93454
21668.00000 0.935287
21673.00000 0.933853
21678.00000 0.936371
21683.00000 0.936844
21688.00000 0.937363
21693.00000 0.936432
21698.00000 0.935059
21703.00000 0.934937
21708.00000 0.933517
21713.00000 0.933258
21718.00000 0.930679
21723.00000 0.931244
21728.00000 0.93541
21733.00000 0.933044
21737.00000 0.930923
21742.00000 0.936798
21747.00000 0.933105
21752.00000 0.926178
21757.00000 0.927505
21762.00000 0.924911
21767.00000 0.928604
21772.00000 0.932297
21777.00000 0.925735
21782.00000 0.926193
21787.00000 0.927063
21792.00000 0.92804
21797.00000 0.930176
21802.00000 0.926971
21807.00000 0.927353
21812.00000 0.926544
21817.00000 0.924988
21822.00000 0.925949
21827.00000 0.920883
21832.00000 0.919418
21837.00000 0.921448
21842.00000 0.918823
21847.00000 0.917572
21852.00000 0.916794
21857.00000 0.915955
21862.00000 0.916702
21867.00000 0.91626
21872.00000 0.913635
21877.00000 0.909943
21882.00000 0.908615
21887.00000 0.90715
21892.00000 0.90477
21897.00000 0.904251
21902.00000 0.902832
21907.00000 0.901596
21911.00000 0.9021
21916.00000 0.901062
21921.00000 0.8992
21926.00000 0.899292
21931.00000 0.89772
21936.00000 0.894958
21941.00000 0.894775
21946.00000 0.892838
21951.00000 0.890717
21956.00000 0.890213
21961.00000 0.888763
21966.00000 0.887375
21971.00000 0.88768
21976.00000 0.886307
21981.00000 0.882492
21986.00000 0.881851
21991.00000 0.880035
21996.00000 0.876678
22001.00000 0.877579
22006.00000 0.877609
22011.00000 0.875687
22016.00000 0.873901
22021.00000 0.872269
22026.00000 0.868698
22031.00000 0.866776
22036.00000 0.867676
22041.00000 0.86705
22046.00000 0.867584
22051.00000 0.869598
22056.00000 0.868668
22061.00000 0.867722
22066.00000 0.866898
22071.00000 0.8647
22076.00000 0.864258
22081.00000 0.863831
22086.00000 0.863693
22090.00000 0.863373
22095.00000 0.86264
22100.00000 0.860306
22105.00000 0.859314
22110.00000 0.860077
22115.00000 0.858414
22120.00000 0.857376
22125.00000 0.858963
22130.00000 0.858658
22135.00000 0.858017
22140.00000 0.859375
22145.00000 0.858734
22150.00000 0.857269
22155.00000 0.857346
22160.00000 0.858017
22165.00000 0.857086
22170.00000 0.856842
22175.00000 0.856476
22180.00000 0.856049
22185.00000 0.858734
22190.00000 0.858749
22195.00000 0.85788
22200.00000 0.860107
22205.00000 0.860764
22210.00000 0.86142
22215.00000 0.86264
22220.00000 0.862061
22225.00000 0.860901
22230.00000 0.862701
22235.00000 0.863098
22240.00000 0.8629
22245.00000 0.867386
22250.00000 0.86824
22255.00000 0.866653
22260.00000 0.868958
22265.00000 0.870743
22269.00000 0.869904
22274.00000 0.870651
22279.00000 0.872162
22284.00000 0.874832
22289.00000 0.879257
22294.00000 0.881271
22299.00000 0.883057
22304.00000 0.886749
22309.00000 0.888748
22314.00000 0.889282
22319.00000 0.891449
22324.00000 0.893326
22329.00000 0.892593
22334.00000 0.894714
22339.00000 0.897247
22344.00000 0.897308
22349.00000 0.901825
22354.00000 0.907776
22359.00000 0.909378
22364.00000 0.911499
22369.00000 0.914032
22374.00000 0.916199
22379.00000 0.918411
22384.00000 0.917206
22389.00000 0.917755
22394.00000 0.921906
22399.00000 0.926071
22404.00000 0.92717
22409.00000 0.928482
22414.00000 0.932373
22419.00000 0.934097
22424.00000 0.936157
22429.00000 0.939957
22434.00000 0.940964
22439.00000 0.943146
22443.00000 0.946701
22448.00000 0.948029
22453.00000 0.94902
22458.00000 0.947968
22463.00000 0.947418
22468.00000 0.9487
22473.00000 0.952026
22478.00000 0.955505
22483.00000 0.95726
22488.00000 0.959442
22493.00000 0.959671
22498.00000 0.960159
22503.00000 0.962585
22508.00000 0.962662
22513.00000 0.961243
22518.00000 0.962051
22523.00000 0.961029
22528.00000 0.960098
22533.00000 0.962646
22538.00000 0.963501
22543.00000 0.964005
22548.00000 0.966217
22553.00000 0.968109
22558.00000 0.965469
22563.00000 0.964264
22568.00000 0.966522
22573.00000 0.963791
22578.00000 0.966904
22583.00000 0.967865
22588.00000 0.957642
22593.00000 0.962738
22598.00000 0.966415
22603.00000 0.962158
22608.00000 0.964874
22613.00000 0.963593
22618.00000 0.959869
22622.00000 0.962296
22627.00000 0.964828
22632.00000 0.962311
22637.00000 0.96286
22642.00000 0.962936
22647.00000 0.961609
22652.00000 0.960098
22657.00000 0.958862
22662.00000 0.959
22667.00000 0.959747
22672.00000 0.959366
22677.00000 0.959167
22682.00000 0.957977
22687.00000 0.960083
22692.00000 0.961136
22697.00000 0.958435
22702.00000 0.958221
22707.00000 0.956787
22712.00000 0.956253
22717.00000 0.954285
22722.00000 0.951111
22727.00000 0.951233
22732.00000 0.947021
22737.00000 0.942123
22742.00000 0.940994
22747.00000 0.934753
22752.00000 0.931442
22757.00000 0.930084
22762.00000 0.92392
22767.00000 0.91713
22772.00000 0.909485
22777.00000 0.900101
22782.00000 0.890442
22787.00000 0.880569
22792.00000 0.871353
22797.00000 0.857559
22801.00000 0.843109
22806.00000 0.829376
22811.00000 0.813751
22816.00000 0.798065
22821.00000 0.780823
22826.00000 0.761429
22831.00000 0.740677
22836.00000 0.719559
22841.00000 0.697586
22846.00000 0.67337
22851.00000 0.651031
22856.00000 0.62674
22861.00000 0.600952
22866.00000 0.580475
22871.00000 0.556107
22876.00000 0.529678
22881.00000 0.507019
22886.00000 0.482712
22891.00000 0.461411
22896.00000 0.440002
22901.00000 0.416718
22906.00000 0.395401
22911.00000 0.374359
22916.00000 0.358597
22921.00000 0.33847
22926.00000 0.318939
22931.00000 0.301666
22936.00000 0.283295
22941.00000 0.267532
22946.00000 0.252365
22951.00000 0.235977
22956.00000 0.222198
22961.00000 0.211166
22966.00000 0.197464
22971.00000 0.184769
22975.00000 0.173676
22980.00000 0.162598
22985.00000 0.153519
22990.00000 0.144226
22995.00000 0.135239
23000.00000 0.127365
23005.00000 0.119629
23010.00000 0.112656
23015.00000 0.106262
23020.00000 0.10025
23025.00000 0.094131
23030.00000 0.088196
23035.00000 0.08342
23040.00000 0.078766
23045.00000 0.073532
23050.00000 0.068985
23055.00000 0.064636
23060.00000 0.061401
23065.00000 0.058212
23070.00000 0.054108
23075.00000 0.050659
23080.00000 0.047943
23085.00000 0.045715
23090.00000 0.043488
23095.00000 0.041016
23100.00000 0.038376
23105.00000 0.036301
23110.00000 0.034927
23115.00000 0.032837
23120.00000 0.031769
23125.00000 0.030167
23130.00000 0.027603
23135.00000 0.02655
23140.00000 0.025436
23145.00000 0.023407
23150.00000 0.022125
23154.00000 0.021561
23159.00000 0.02066
23164.00000 0.019409
23169.00000 0.018936
23174.00000 0.018036
23179.00000 0.016312
23184.00000 0.015701
23189.00000 0.014969
23194.00000 0.014313
23199.00000 0.013977
23204.00000 0.013733
23209.00000 0.013
23214.00000 0.01149
23219.00000 0.010971
23224.00000 0.010788
23229.00000 0.010193
23234.00000 0.009766
23239.00000 0.009354
23244.00000 0.009155
23249.00000 0.009048
23254.00000 0.008499
23259.00000 0.007858
23264.00000 0.007614
23269.00000 0.007309
23274.00000 0.007034
23279.00000 0.006622
23284.00000 0.006592
23289.00000 0.006393
23294.00000 0.005936
23299.00000 0.005905
23304.00000 0.005951
23309.00000 0.00589
23314.00000 0.005127
23319.00000 0.004501
23324.00000 0.004272
25656.40039 0.0
