threeML/data/optical_filters/Subaru/IRCS-Lp.ecsv
# %ECSV 0.9
# ---
# datatype:
# - {name: wavelength, unit: Angstrom, datatype: float32}
# - {name: response, datatype: float32}
# meta: !!omap
# - {band_name: Lp}
# - {group_name: IRCS}
wavelength response
29639.69922 0.0
32933.00000 0.003811
32939.00000 0.00535
32945.00000 0.005363
32951.00000 0.003513
32957.00000 0.003248
32963.00000 0.003696
32969.00000 0.003199
32975.00000 0.004962
32981.00000 0.007531
32987.00000 0.009275
32993.00000 0.007773
32999.00000 0.005079
33005.00000 0.004991
33011.00000 0.004587
33017.00000 0.005454
33023.00000 0.005883
33029.00000 0.00566
33035.00000 0.009037
33041.00000 0.007805
33047.00000 0.004643
33053.00000 0.007516
33059.00000 0.010737
33065.00000 0.011238
33071.00000 0.011234
33077.00000 0.010573
33083.00000 0.00856
33089.00000 0.007439
33095.00000 0.008069
33101.00000 0.00837
33107.00000 0.009401
33113.00000 0.009557
33119.00000 0.008257
33125.00000 0.008291
33131.00000 0.007446
33138.00000 0.006517
33144.00000 0.009969
33150.00000 0.012022
33156.00000 0.010839
33162.00000 0.009969
33168.00000 0.007924
33174.00000 0.005712
33180.00000 0.007095
33186.00000 0.01006
33192.00000 0.010144
33198.00000 0.009657
33204.00000 0.011514
33210.00000 0.012406
33216.00000 0.011644
33222.00000 0.011031
33228.00000 0.012363
33235.00000 0.013882
33241.00000 0.01143
33247.00000 0.010686
33253.00000 0.014196
33259.00000 0.015883
33265.00000 0.01616
33271.00000 0.015408
33277.00000 0.012882
33283.00000 0.011988
33289.00000 0.012135
33296.00000 0.01066
33302.00000 0.011432
33308.00000 0.010364
33314.00000 0.010468
33320.00000 0.013142
33326.00000 0.012013
33332.00000 0.011834
33338.00000 0.014342
33344.00000 0.017325
33351.00000 0.017964
33357.00000 0.015231
33363.00000 0.016084
33369.00000 0.015693
33375.00000 0.015331
33381.00000 0.018
33387.00000 0.019548
33394.00000 0.019611
33400.00000 0.018623
33406.00000 0.017348
33412.00000 0.019021
33418.00000 0.019487
33424.00000 0.018991
33430.00000 0.019222
33437.00000 0.020352
33443.00000 0.020693
33449.00000 0.020468
33455.00000 0.022997
33461.00000 0.025101
33467.00000 0.025924
33474.00000 0.025304
33480.00000 0.023971
33486.00000 0.023861
33492.00000 0.023987
33498.00000 0.022756
33504.00000 0.021517
33511.00000 0.022481
33517.00000 0.024861
33523.00000 0.027025
33529.00000 0.027246
33535.00000 0.025753
33542.00000 0.025281
33548.00000 0.024862
33554.00000 0.024689
33560.00000 0.027248
33566.00000 0.028679
33573.00000 0.026443
33579.00000 0.024186
33585.00000 0.024391
33591.00000 0.027423
33597.00000 0.030384
33604.00000 0.030308
33610.00000 0.030572
33616.00000 0.031224
33622.00000 0.031012
33629.00000 0.030605
33635.00000 0.030939
33641.00000 0.032524
33647.00000 0.033703
33654.00000 0.034201
33660.00000 0.033233
33666.00000 0.037251
33672.00000 0.042198
33679.00000 0.040125
33685.00000 0.035122
33691.00000 0.035167
33697.00000 0.037139
33704.00000 0.040346
33710.00000 0.04087
33716.00000 0.039558
33722.00000 0.039315
33729.00000 0.041659
33735.00000 0.045674
33741.00000 0.046925
33747.00000 0.047713
33754.00000 0.046756
33760.00000 0.044984
33766.00000 0.047327
33773.00000 0.050176
33779.00000 0.050361
33785.00000 0.0508
33791.00000 0.05398
33798.00000 0.057566
33804.00000 0.061191
33810.00000 0.0613
33817.00000 0.057094
33823.00000 0.054663
33829.00000 0.055393
33835.00000 0.057393
33842.00000 0.060785
33848.00000 0.065747
33854.00000 0.067005
33861.00000 0.066078
33867.00000 0.069243
33873.00000 0.072959
33880.00000 0.076372
33886.00000 0.082474
33892.00000 0.087284
33899.00000 0.088317
33905.00000 0.089006
33911.00000 0.092095
33918.00000 0.094547
33924.00000 0.095879
33930.00000 0.097642
33937.00000 0.099467
33943.00000 0.103161
33949.00000 0.106946
33956.00000 0.110761
33962.00000 0.114528
33968.00000 0.118627
33975.00000 0.12118
33981.00000 0.12427
33988.00000 0.127927
33994.00000 0.133133
34000.00000 0.140116
34007.00000 0.147786
34013.00000 0.15456
34019.00000 0.15912
34026.00000 0.162847
34032.00000 0.169387
34038.00000 0.174513
34045.00000 0.175277
34051.00000 0.184011
34058.00000 0.194829
34064.00000 0.200287
34070.00000 0.207907
34077.00000 0.217849
34083.00000 0.222521
34090.00000 0.23147
34096.00000 0.244362
34102.00000 0.25222
34109.00000 0.258087
34115.00000 0.265445
34122.00000 0.274696
34128.00000 0.285083
34135.00000 0.297079
34141.00000 0.307274
34147.00000 0.31763
34154.00000 0.328898
34160.00000 0.340558
34167.00000 0.352615
34173.00000 0.365323
34179.00000 0.378099
34186.00000 0.389478
34192.00000 0.400362
34199.00000 0.410708
34205.00000 0.422432
34212.00000 0.437706
34218.00000 0.451464
34225.00000 0.461852
34231.00000 0.474334
34238.00000 0.490428
34244.00000 0.506494
34250.00000 0.520936
34257.00000 0.535419
34263.00000 0.549768
34270.00000 0.563326
34276.00000 0.57748
34283.00000 0.592416
34289.00000 0.607017
34296.00000 0.619361
34302.00000 0.632575
34309.00000 0.647668
34315.00000 0.662161
34322.00000 0.67464
34328.00000 0.685796
34335.00000 0.698877
34341.00000 0.714605
34348.00000 0.727596
34354.00000 0.736398
34361.00000 0.74727
34367.00000 0.759724
34374.00000 0.771362
34380.00000 0.783171
34387.00000 0.79029
34393.00000 0.796202
34400.00000 0.80601
34406.00000 0.815391
34413.00000 0.820657
34419.00000 0.826737
34426.00000 0.834479
34432.00000 0.845323
34439.00000 0.850255
34445.00000 0.855735
34452.00000 0.861606
34458.00000 0.863587
34465.00000 0.869684
34472.00000 0.877165
34478.00000 0.879563
34485.00000 0.881033
34491.00000 0.884565
34498.00000 0.8892
34504.00000 0.893469
34511.00000 0.896211
34517.00000 0.896963
34524.00000 0.897845
34531.00000 0.897375
34537.00000 0.896899
34544.00000 0.89829
34550.00000 0.901768
34557.00000 0.905485
34563.00000 0.907013
34570.00000 0.905694
34577.00000 0.904823
34583.00000 0.908016
34590.00000 0.911139
34596.00000 0.910561
34603.00000 0.910338
34610.00000 0.911966
34616.00000 0.911518
34623.00000 0.909351
34629.00000 0.908855
34636.00000 0.908802
34643.00000 0.907907
34649.00000 0.907673
34656.00000 0.910981
34662.00000 0.914109
34669.00000 0.913839
34676.00000 0.913953
34682.00000 0.912937
34689.00000 0.911238
34696.00000 0.91386
34702.00000 0.916136
34709.00000 0.913469
34715.00000 0.909886
34722.00000 0.908822
34729.00000 0.909598
34735.00000 0.911227
34742.00000 0.914397
34749.00000 0.916884
34755.00000 0.918181
34762.00000 0.917402
34769.00000 0.91707
34775.00000 0.920654
34782.00000 0.918231
34789.00000 0.914047
34795.00000 0.916516
34802.00000 0.91768
34809.00000 0.918889
34815.00000 0.919855
34822.00000 0.920553
34829.00000 0.920911
34835.00000 0.919537
34842.00000 0.918165
34849.00000 0.920076
34855.00000 0.921327
34862.00000 0.920083
34869.00000 0.919547
34876.00000 0.91997
34882.00000 0.921779
34889.00000 0.924126
34896.00000 0.924649
34902.00000 0.921922
34909.00000 0.922118
34916.00000 0.925239
34923.00000 0.924907
34929.00000 0.925128
34936.00000 0.928821
34943.00000 0.931154
34949.00000 0.931542
34956.00000 0.930501
34963.00000 0.925906
34970.00000 0.92154
34976.00000 0.920947
34983.00000 0.921765
34990.00000 0.923622
34997.00000 0.924243
35003.00000 0.920462
35010.00000 0.915902
35017.00000 0.91307
35024.00000 0.912396
35030.00000 0.914468
35037.00000 0.916729
35044.00000 0.914618
35051.00000 0.912135
35057.00000 0.911777
35064.00000 0.91157
35071.00000 0.909929
35078.00000 0.90734
35085.00000 0.905377
35091.00000 0.90457
35098.00000 0.904268
35105.00000 0.906784
35112.00000 0.907878
35118.00000 0.903982
35125.00000 0.899458
35132.00000 0.899712
35139.00000 0.902381
35146.00000 0.903111
35152.00000 0.901218
35159.00000 0.897585
35166.00000 0.895741
35173.00000 0.896819
35180.00000 0.895255
35187.00000 0.892346
35193.00000 0.894209
35200.00000 0.896151
35207.00000 0.8951
35214.00000 0.892242
35221.00000 0.888923
35227.00000 0.887111
35234.00000 0.889877
35241.00000 0.889179
35248.00000 0.884362
35255.00000 0.884113
35262.00000 0.886574
35269.00000 0.886859
35275.00000 0.884764
35282.00000 0.882134
35289.00000 0.880676
35296.00000 0.882946
35303.00000 0.885184
35310.00000 0.882189
35317.00000 0.879098
35323.00000 0.877586
35330.00000 0.875159
35337.00000 0.874964
35344.00000 0.877269
35351.00000 0.878457
35358.00000 0.877277
35365.00000 0.87416
35372.00000 0.873104
35379.00000 0.874782
35385.00000 0.874212
35392.00000 0.872287
35399.00000 0.871185
35406.00000 0.871512
35413.00000 0.871985
35420.00000 0.870025
35427.00000 0.868704
35434.00000 0.871379
35441.00000 0.87547
35448.00000 0.873886
35455.00000 0.869423
35461.00000 0.870071
35468.00000 0.872053
35475.00000 0.870819
35482.00000 0.87031
35489.00000 0.871527
35496.00000 0.872836
35503.00000 0.874991
35510.00000 0.874235
35517.00000 0.871
35524.00000 0.869791
35531.00000 0.86995
35538.00000 0.871447
35545.00000 0.873535
35552.00000 0.872635
35559.00000 0.868272
35566.00000 0.871772
35573.00000 0.877732
35580.00000 0.876954
35587.00000 0.878326
35594.00000 0.879313
35601.00000 0.878989
35608.00000 0.878539
35615.00000 0.877839
35622.00000 0.87634
35629.00000 0.877465
35636.00000 0.880391
35643.00000 0.881998
35649.00000 0.882077
35657.00000 0.881029
35664.00000 0.881402
35671.00000 0.882173
35678.00000 0.881424
35685.00000 0.881806
35692.00000 0.883549
35699.00000 0.88436
35706.00000 0.885285
35713.00000 0.886723
35720.00000 0.887226
35727.00000 0.887901
35734.00000 0.889468
35741.00000 0.892853
35748.00000 0.894869
35755.00000 0.893231
35762.00000 0.89304
35769.00000 0.893792
35776.00000 0.893558
35783.00000 0.894194
35790.00000 0.89518
35797.00000 0.896199
35804.00000 0.895745
35811.00000 0.896472
35818.00000 0.900424
35825.00000 0.902828
35832.00000 0.904469
35840.00000 0.90375
35847.00000 0.899455
35854.00000 0.897219
35861.00000 0.898897
35868.00000 0.900105
35875.00000 0.900689
35882.00000 0.901471
35889.00000 0.903744
35896.00000 0.905521
35903.00000 0.906502
35910.00000 0.908244
35918.00000 0.908616
35925.00000 0.908483
35932.00000 0.907145
35939.00000 0.908325
35946.00000 0.91206
35953.00000 0.913096
35960.00000 0.910889
35967.00000 0.913958
35974.00000 0.918146
35982.00000 0.917737
35989.00000 0.918202
35996.00000 0.919381
36003.00000 0.918225
36010.00000 0.915783
36017.00000 0.914757
36024.00000 0.9135
36032.00000 0.913922
36039.00000 0.912544
36046.00000 0.912266
36053.00000 0.917354
36060.00000 0.919609
36067.00000 0.919609
36075.00000 0.923845
36082.00000 0.927136
36089.00000 0.923946
36096.00000 0.920364
36103.00000 0.919906
36110.00000 0.920733
36118.00000 0.923768
36125.00000 0.927588
36132.00000 0.927549
36139.00000 0.924723
36146.00000 0.924032
36154.00000 0.925766
36161.00000 0.9273
36168.00000 0.928255
36175.00000 0.928509
36182.00000 0.926825
36190.00000 0.924629
36197.00000 0.925041
36204.00000 0.926601
36211.00000 0.925847
36219.00000 0.924828
36226.00000 0.926145
36233.00000 0.929475
36240.00000 0.933933
36247.00000 0.933619
36255.00000 0.927331
36262.00000 0.924058
36269.00000 0.927674
36276.00000 0.933063
36284.00000 0.934251
36291.00000 0.933075
36298.00000 0.931494
36305.00000 0.929241
36313.00000 0.933882
36320.00000 0.938367
36327.00000 0.939173
36335.00000 0.938308
36342.00000 0.936995
36349.00000 0.933905
36356.00000 0.92987
36364.00000 0.933132
36371.00000 0.935538
36378.00000 0.938246
36386.00000 0.939468
36393.00000 0.937056
36400.00000 0.935817
36407.00000 0.936448
36415.00000 0.938739
36422.00000 0.937602
36429.00000 0.938896
36437.00000 0.941037
36444.00000 0.938098
36451.00000 0.935477
36459.00000 0.934712
36466.00000 0.937808
36473.00000 0.941375
36481.00000 0.940416
36488.00000 0.93785
36495.00000 0.937747
36503.00000 0.939443
36510.00000 0.942763
36517.00000 0.943366
36525.00000 0.940882
36532.00000 0.941271
36539.00000 0.941819
36547.00000 0.941514
36554.00000 0.942342
36561.00000 0.941754
36569.00000 0.94028
36576.00000 0.940571
36583.00000 0.942962
36591.00000 0.944351
36598.00000 0.943878
36606.00000 0.941572
36613.00000 0.940071
36620.00000 0.941477
36628.00000 0.941893
36635.00000 0.939484
36643.00000 0.941152
36650.00000 0.943772
36657.00000 0.942035
36665.00000 0.939608
36672.00000 0.938985
36680.00000 0.939718
36687.00000 0.940562
36694.00000 0.943959
36702.00000 0.940896
36709.00000 0.935724
36717.00000 0.934828
36724.00000 0.93771
36732.00000 0.94569
36739.00000 0.943643
36746.00000 0.939681
36754.00000 0.94313
36761.00000 0.944267
36769.00000 0.940751
36776.00000 0.938172
36784.00000 0.939865
36791.00000 0.937308
36799.00000 0.934434
36806.00000 0.93452
36813.00000 0.933225
36821.00000 0.935132
36828.00000 0.937429
36836.00000 0.934938
36843.00000 0.934973
36851.00000 0.936264
36858.00000 0.936881
36866.00000 0.937071
36873.00000 0.935468
36881.00000 0.933695
36888.00000 0.931447
36896.00000 0.931803
36903.00000 0.93522
36911.00000 0.938029
36918.00000 0.9372
36926.00000 0.933464
36933.00000 0.929712
36941.00000 0.928033
36948.00000 0.928458
36956.00000 0.927451
36963.00000 0.924813
36971.00000 0.924881
36978.00000 0.926306
36986.00000 0.92597
36994.00000 0.925867
37001.00000 0.927621
37009.00000 0.931074
37016.00000 0.933998
37024.00000 0.932605
37031.00000 0.930201
37039.00000 0.929206
37046.00000 0.924213
37054.00000 0.923603
37062.00000 0.925767
37069.00000 0.925597
37077.00000 0.929643
37084.00000 0.931703
37092.00000 0.927689
37099.00000 0.925675
37107.00000 0.924799
37115.00000 0.92502
37122.00000 0.924913
37130.00000 0.919718
37137.00000 0.918296
37145.00000 0.917102
37153.00000 0.915481
37160.00000 0.915949
37168.00000 0.912364
37175.00000 0.912974
37183.00000 0.917733
37191.00000 0.916385
37198.00000 0.91539
37206.00000 0.916774
37213.00000 0.912897
37221.00000 0.907676
37229.00000 0.903488
37236.00000 0.905433
37244.00000 0.912118
37252.00000 0.913444
37259.00000 0.910062
37267.00000 0.905041
37275.00000 0.902772
37282.00000 0.903905
37290.00000 0.904575
37298.00000 0.905228
37305.00000 0.907014
37313.00000 0.904219
37321.00000 0.901183
37328.00000 0.902976
37336.00000 0.905119
37344.00000 0.907169
37351.00000 0.907779
37359.00000 0.906405
37367.00000 0.908159
37374.00000 0.908413
37382.00000 0.903068
37390.00000 0.898919
37397.00000 0.899624
37405.00000 0.902359
37413.00000 0.904878
37421.00000 0.906646
37428.00000 0.90637
37436.00000 0.904779
37444.00000 0.904996
37451.00000 0.906124
37459.00000 0.905249
37467.00000 0.905587
37475.00000 0.903624
37482.00000 0.902081
37490.00000 0.905247
37498.00000 0.90574
37506.00000 0.908759
37513.00000 0.911349
37521.00000 0.909445
37529.00000 0.909575
37537.00000 0.907335
37544.00000 0.903452
37552.00000 0.904183
37560.00000 0.906935
37568.00000 0.907175
37576.00000 0.904826
37583.00000 0.904091
37591.00000 0.904268
37599.00000 0.903858
37607.00000 0.906417
37614.00000 0.909893
37622.00000 0.903825
37630.00000 0.901497
37638.00000 0.906614
37646.00000 0.909367
37653.00000 0.908823
37661.00000 0.910317
37669.00000 0.913122
37677.00000 0.917113
37685.00000 0.91798
37693.00000 0.914555
37700.00000 0.916489
37708.00000 0.916399
37716.00000 0.915872
37724.00000 0.917433
37732.00000 0.918721
37740.00000 0.921796
37747.00000 0.922656
37755.00000 0.923667
37763.00000 0.92504
37771.00000 0.921832
37779.00000 0.916677
37787.00000 0.913905
37795.00000 0.915177
37802.00000 0.917637
37810.00000 0.917111
37818.00000 0.915171
37826.00000 0.915481
37834.00000 0.919035
37842.00000 0.922976
37850.00000 0.92458
37858.00000 0.924085
37866.00000 0.922268
37873.00000 0.92102
37881.00000 0.919534
37889.00000 0.918234
37897.00000 0.917731
37905.00000 0.915208
37913.00000 0.91643
37921.00000 0.918621
37929.00000 0.919368
37937.00000 0.919936
37945.00000 0.92
37953.00000 0.917343
37961.00000 0.91505
37968.00000 0.920288
37976.00000 0.922038
37984.00000 0.91898
37992.00000 0.917716
38000.00000 0.920207
38008.00000 0.922048
38016.00000 0.919024
38024.00000 0.916287
38032.00000 0.915987
38040.00000 0.920595
38048.00000 0.920081
38056.00000 0.918558
38064.00000 0.919433
38072.00000 0.924115
38080.00000 0.92687
38088.00000 0.92288
38096.00000 0.921966
38104.00000 0.921141
38112.00000 0.923007
38120.00000 0.927396
38128.00000 0.927245
38136.00000 0.925035
38144.00000 0.925065
38152.00000 0.927068
38160.00000 0.92685
38168.00000 0.926877
38176.00000 0.927433
38184.00000 0.92625
38192.00000 0.925427
38200.00000 0.923364
38208.00000 0.920856
38216.00000 0.923777
38224.00000 0.930121
38232.00000 0.933466
