threeML/data/optical_filters/Subaru/IRCS-Mp.ecsv
# %ECSV 0.9
# ---
# datatype:
# - {name: wavelength, unit: Angstrom, datatype: float32}
# - {name: response, datatype: float32}
# meta: !!omap
# - {band_name: Mp}
# - {group_name: IRCS}
wavelength response
40265.10156 0.0
44739.00000 0.003066
44753.00000 0.004323
44767.00000 0.005809
44781.00000 0.00546
44796.00000 0.004204
44810.00000 0.002155
44824.00000 0.000637
44838.00000 0.001697
44852.00000 0.004616
44866.00000 0.007627
44880.00000 0.007978
44894.00000 0.007395
44908.00000 0.006993
44922.00000 0.006601
44936.00000 0.006635
44951.00000 0.007189
44965.00000 0.006538
44979.00000 0.006144
44993.00000 0.006195
45007.00000 0.007646
45021.00000 0.007917
45036.00000 0.007264
45050.00000 0.005496
45064.00000 0.006048
45078.00000 0.007791
45093.00000 0.010591
45107.00000 0.01292
45121.00000 0.014396
45135.00000 0.015885
45150.00000 0.020691
45164.00000 0.020922
45178.00000 0.019762
45192.00000 0.019368
45207.00000 0.019771
45221.00000 0.022742
45235.00000 0.028756
45250.00000 0.0338
45264.00000 0.034297
45278.00000 0.032288
45293.00000 0.034271
45307.00000 0.039131
45321.00000 0.044567
45336.00000 0.048825
45350.00000 0.058034
45365.00000 0.066596
45379.00000 0.073398
45393.00000 0.080676
45408.00000 0.09062
45422.00000 0.102762
45437.00000 0.116478
45451.00000 0.127315
45466.00000 0.138973
45480.00000 0.15508
45495.00000 0.172778
45509.00000 0.191815
45524.00000 0.212332
45538.00000 0.237696
45553.00000 0.266098
45567.00000 0.296807
45582.00000 0.327981
45596.00000 0.362321
45611.00000 0.398803
45625.00000 0.43765
45640.00000 0.477435
45655.00000 0.518486
45669.00000 0.560772
45684.00000 0.601756
45698.00000 0.638829
45713.00000 0.673545
45728.00000 0.709599
45742.00000 0.744642
45757.00000 0.776294
45772.00000 0.800646
45786.00000 0.8251
45801.00000 0.845999
45816.00000 0.862308
45830.00000 0.877027
45845.00000 0.88905
45860.00000 0.898561
45875.00000 0.905212
45889.00000 0.91059
45904.00000 0.913942
45919.00000 0.913706
45934.00000 0.914187
45948.00000 0.914253
45963.00000 0.913654
45978.00000 0.912379
45993.00000 0.91258
46008.00000 0.913326
46022.00000 0.911383
46037.00000 0.911507
46052.00000 0.911799
46067.00000 0.910695
46082.00000 0.910111
46097.00000 0.910707
46112.00000 0.91269
46126.00000 0.914618
46141.00000 0.915053
46156.00000 0.914764
46171.00000 0.916208
46186.00000 0.918931
46201.00000 0.921075
46216.00000 0.920764
46231.00000 0.921822
46246.00000 0.923684
46261.00000 0.926311
46276.00000 0.92801
46291.00000 0.92877
46306.00000 0.928961
46321.00000 0.929622
46336.00000 0.929975
46351.00000 0.930191
46366.00000 0.930352
46381.00000 0.931534
46396.00000 0.932449
46411.00000 0.932845
46426.00000 0.933186
46441.00000 0.930898
46457.00000 0.92759
46472.00000 0.92869
46487.00000 0.927271
46502.00000 0.92625
46517.00000 0.928295
46532.00000 0.924474
46547.00000 0.92157
46563.00000 0.920863
46578.00000 0.919671
46593.00000 0.91729
46608.00000 0.914501
46623.00000 0.913976
46639.00000 0.914692
46654.00000 0.913906
46669.00000 0.90858
46684.00000 0.906039
46700.00000 0.9051
46715.00000 0.905602
46730.00000 0.902017
46745.00000 0.900947
46761.00000 0.900803
46776.00000 0.896272
46791.00000 0.894846
46807.00000 0.894073
46822.00000 0.892188
46837.00000 0.890929
46853.00000 0.888824
46868.00000 0.885672
46884.00000 0.890083
46899.00000 0.891441
46914.00000 0.890175
46930.00000 0.886209
46945.00000 0.885614
46961.00000 0.885924
46976.00000 0.885496
46991.00000 0.888735
47007.00000 0.88982
47022.00000 0.887567
47038.00000 0.885596
47053.00000 0.886756
47069.00000 0.889497
47084.00000 0.889007
47100.00000 0.88898
47116.00000 0.88903
47131.00000 0.888868
47147.00000 0.889092
47162.00000 0.890858
47178.00000 0.894406
47193.00000 0.893575
47209.00000 0.894946
47225.00000 0.898049
47240.00000 0.902236
47256.00000 0.901116
47271.00000 0.899971
47287.00000 0.903236
47303.00000 0.904212
47318.00000 0.905367
47334.00000 0.907082
47350.00000 0.904947
47366.00000 0.905838
47381.00000 0.908127
47397.00000 0.906661
47413.00000 0.908294
47428.00000 0.91016
47444.00000 0.909985
47460.00000 0.908611
47476.00000 0.906829
47491.00000 0.904779
47507.00000 0.90339
47523.00000 0.90195
47539.00000 0.90067
47555.00000 0.900299
47571.00000 0.898949
47586.00000 0.896236
47602.00000 0.891315
47618.00000 0.885995
47634.00000 0.88014
47650.00000 0.873765
47666.00000 0.869667
47682.00000 0.863163
47698.00000 0.855082
47714.00000 0.847167
47730.00000 0.837243
47746.00000 0.826348
47761.00000 0.814928
47777.00000 0.804001
47793.00000 0.792832
47809.00000 0.781188
47825.00000 0.765933
47841.00000 0.749293
47857.00000 0.731523
47874.00000 0.7126
47890.00000 0.691927
47906.00000 0.670762
47922.00000 0.649794
47938.00000 0.630061
47954.00000 0.610515
47970.00000 0.590767
47986.00000 0.563989
48002.00000 0.53871
48018.00000 0.514805
48035.00000 0.49209
48051.00000 0.467966
48067.00000 0.44412
48083.00000 0.421771
48099.00000 0.396103
48115.00000 0.371477
48132.00000 0.348891
48148.00000 0.328265
48164.00000 0.304743
48180.00000 0.279914
48197.00000 0.258486
48213.00000 0.24166
48229.00000 0.226181
48245.00000 0.209792
48262.00000 0.191279
48278.00000 0.175481
48294.00000 0.163353
48311.00000 0.151208
48327.00000 0.13899
48343.00000 0.127474
48360.00000 0.119508
48376.00000 0.108639
48393.00000 0.098362
48409.00000 0.091539
48425.00000 0.081954
48442.00000 0.074168
48458.00000 0.068983
48475.00000 0.063257
48491.00000 0.054318
48508.00000 0.045092
48524.00000 0.045061
48541.00000 0.042323
48557.00000 0.037752
48574.00000 0.031261
48590.00000 0.030131
48607.00000 0.029811
48623.00000 0.029571
48640.00000 0.027899
48656.00000 0.026922
48673.00000 0.0259
48690.00000 0.022397
48706.00000 0.020433
48723.00000 0.019173
48739.00000 0.018263
48756.00000 0.015813
48773.00000 0.014245
48789.00000 0.013888
48806.00000 0.010779
48823.00000 0.009787
48839.00000 0.010095
48856.00000 0.009784
48873.00000 0.009315
48890.00000 0.008625
48906.00000 0.007573
48923.00000 0.006351
48940.00000 0.006114
48957.00000 0.007029
48973.00000 0.00625
48990.00000 0.006416
49007.00000 0.00655
53907.69922 0.0
