threeML/data/optical_filters/Subaru/IRCS-J.ecsv
# %ECSV 0.9
# ---
# datatype:
# - {name: wavelength, unit: Angstrom, datatype: float32}
# - {name: response, datatype: float32}
# meta: !!omap
# - {band_name: J}
# - {group_name: IRCS}
wavelength response
[from data line 767]
12970.00000 0.874332
12972.00000 0.873599
12974.00000 0.873401
12976.00000 0.873773
12978.00000 0.87323
12980.00000 0.872899
12982.00000 0.873857
12984.00000 0.872409
12986.00000 0.869987
12988.00000 0.869379
12990.00000 0.869459
12992.00000 0.870298
12994.00000 0.869769
12996.00000 0.869363
12998.00000 0.869212
13000.00000 0.867998
13002.00000 0.867951
13004.00000 0.868368
13006.00000 0.869248
13008.00000 0.868969
13010.00000 0.867895
13012.00000 0.867498
13014.00000 0.865585
13016.00000 0.864971
13018.00000 0.864739
13020.00000 0.865765
13022.00000 0.866397
13024.00000 0.864785
13026.00000 0.863641
13028.00000 0.861635
13030.00000 0.86055
13032.00000 0.860275
13034.00000 0.859403
13036.00000 0.859425
13038.00000 0.859251
13040.00000 0.858575
13042.00000 0.858636
13044.00000 0.857653
13046.00000 0.855614
13048.00000 0.855356
13050.00000 0.855104
13052.00000 0.853937
13054.00000 0.853522
13056.00000 0.852439
13058.00000 0.850314
13060.00000 0.848665
13062.00000 0.84935
13064.00000 0.847849
13066.00000 0.846905
13068.00000 0.847961
13070.00000 0.845161
13072.00000 0.844856
13074.00000 0.843848
13076.00000 0.842571
13078.00000 0.843735
13080.00000 0.842718
13082.00000 0.841763
13084.00000 0.841774
13086.00000 0.840985
13088.00000 0.838294
13090.00000 0.837269
13092.00000 0.837832
13094.00000 0.838286
13096.00000 0.838983
13098.00000 0.839594
13100.00000 0.838056
13102.00000 0.837208
13104.00000 0.837155
13106.00000 0.834696
13108.00000 0.833982
13110.00000 0.835516
13112.00000 0.834995
13114.00000 0.834686
13116.00000 0.835641
13118.00000 0.834216
13120.00000 0.83309
13122.00000 0.833739
13124.00000 0.835365
13126.00000 0.835506
13128.00000 0.835599
13130.00000 0.837447
13132.00000 0.837922
13134.00000 0.838457
13136.00000 0.838935
13138.00000 0.840555
13140.00000 0.842916
13142.00000 0.843578
13144.00000 0.844578
13146.00000 0.847239
13148.00000 0.847549
13150.00000 0.848224
13152.00000 0.850097
13154.00000 0.850516
13156.00000 0.853136
13158.00000 0.856424
13160.00000 0.857481
13162.00000 0.859718
13164.00000 0.86223
13166.00000 0.863524
13168.00000 0.865038
13170.00000 0.867324
13172.00000 0.869602
13174.00000 0.87076
13176.00000 0.873228
13178.00000 0.87663
13180.00000 0.879268
13182.00000 0.881782
13184.00000 0.881804
13186.00000 0.882548
13188.00000 0.88606
13190.00000 0.888232
13192.00000 0.888254
13194.00000 0.891305
13196.00000 0.89374
13198.00000 0.892558
13200.00000 0.893993
13202.00000 0.89503
13204.00000 0.895271
13206.00000 0.895822
13208.00000 0.895986
13210.00000 0.893304
13212.00000 0.891777
13214.00000 0.889591
13216.00000 0.885453
13218.00000 0.882193
13220.00000 0.879649
13222.00000 0.87514
13224.00000 0.870822
13226.00000 0.865422
13228.00000 0.856119
13230.00000 0.849135
13232.00000 0.842122
13234.00000 0.832961
13236.00000 0.823458
13238.00000 0.812566
13240.00000 0.799244
13242.00000 0.786793
13244.00000 0.777435
13246.00000 0.764262
13248.00000 0.747548
13250.00000 0.734425
13252.00000 0.718288
13254.00000 0.701279
13256.00000 0.685237
13258.00000 0.666387
13260.00000 0.648447
13262.00000 0.631387
13264.00000 0.616274
13266.00000 0.600329
13268.00000 0.57918
13270.00000 0.56109
13272.00000 0.543777
13274.00000 0.523869
13276.00000 0.505991
13278.00000 0.486397
13280.00000 0.468159
13282.00000 0.452663
13284.00000 0.436789
13286.00000 0.418871
13288.00000 0.400825
13290.00000 0.385848
13292.00000 0.368782
13294.00000 0.353852
13296.00000 0.341527
13298.00000 0.32469
13300.00000 0.31086
13302.00000 0.299006
13304.00000 0.284954
13306.00000 0.274802
13308.00000 0.263486
13310.00000 0.249609
13312.00000 0.238996
13314.00000 0.229322
13316.00000 0.218514
13318.00000 0.208581
13320.00000 0.200136
13322.00000 0.191228
13324.00000 0.182704
13326.00000 0.175528
13328.00000 0.167203
13330.00000 0.159748
13332.00000 0.153587
13334.00000 0.146197
13336.00000 0.14032
13338.00000 0.134145
13340.00000 0.127358
13342.00000 0.122593
13344.00000 0.118147
13346.00000 0.112947
13348.00000 0.108343
13350.00000 0.103837
13352.00000 0.098575
13354.00000 0.094773
13356.00000 0.091224
13358.00000 0.085592
13360.00000 0.082801
13362.00000 0.081453
13364.00000 0.077655
13366.00000 0.074553
13368.00000 0.072124
13370.00000 0.06946
13372.00000 0.066702
13374.00000 0.063877
13376.00000 0.061786
13378.00000 0.058956
13380.00000 0.056725
13382.00000 0.055025
13384.00000 0.052556
13386.00000 0.051128
13388.00000 0.048755
13390.00000 0.046764
13392.00000 0.045362
13394.00000 0.043343
13396.00000 0.041446
13398.00000 0.039441
13400.00000 0.038545
13402.00000 0.038232
13404.00000 0.036624
13406.00000 0.034869
13408.00000 0.033793
13410.00000 0.032713
13412.00000 0.031559
13414.00000 0.030167
13416.00000 0.029722
13418.00000 0.028687
13420.00000 0.026573
13422.00000 0.026297
13424.00000 0.025858
13426.00000 0.024371
13428.00000 0.023846
13430.00000 0.023054
13432.00000 0.021784
13434.00000 0.02208
13436.00000 0.021963
13438.00000 0.020851
13440.00000 0.020291
13442.00000 0.019591
13444.00000 0.019171
13446.00000 0.018896
13448.00000 0.017524
13450.00000 0.016171
13452.00000 0.016201
13454.00000 0.01593
13456.00000 0.016005
13458.00000 0.016055
13460.00000 0.014942
13462.00000 0.01446
13464.00000 0.014223
13466.00000 0.013821
13468.00000 0.013305
13470.00000 0.012594
13472.00000 0.012835
13474.00000 0.012421
13476.00000 0.011981
13478.00000 0.011963
13480.00000 0.011558
13482.00000 0.01128
13484.00000 0.011433
13486.00000 0.011451
13488.00000 0.010467
13490.00000 0.010033
13492.00000 0.009762
13494.00000 0.009372
13496.00000 0.009275
13498.00000 0.008959
13500.00000 0.008839
13502.00000 0.00916
13504.00000 0.00877
13506.00000 0.007784
13508.00000 0.00777
13510.00000 0.00808
13512.00000 0.008102
13514.00000 0.007702
13516.00000 0.006975
13518.00000 0.006552
13520.00000 0.006718
13522.00000 0.007184
13524.00000 0.006902
13526.00000 0.007089
13528.00000 0.007273
13530.00000 0.007469
13532.00000 0.007061
13534.00000 0.006367
13536.00000 0.006116
13538.00000 0.00553
13540.00000 0.005382
13542.00000 0.005678
13544.00000 0.005991
13546.00000 0.005831
13548.00000 0.005635
13550.00000 0.005297
13552.00000 0.005163
13554.00000 0.004678
13556.00000 0.004678
13558.00000 0.004846
13560.00000 0.004989
13562.00000 0.005912
13564.00000 0.006394
13566.00000 0.004986
14922.59961 0.0
