threeML/data/optical_filters/Subaru/MOIRCS-K.ecsv
# %ECSV 0.9
# ---
# datatype:
# - {name: wavelength, unit: Angstrom, datatype: float32}
# - {name: response, datatype: float32}
# meta: !!omap
# - {band_name: K}
# - {group_name: MOIRCS}
wavelength response
[from data line 2300]
24048.00000 0.355223
24050.00000 0.351664
24052.00000 0.346769
24054.00000 0.343014
24056.00000 0.338225
24058.00000 0.334584
24060.00000 0.330189
24062.00000 0.325891
24064.00000 0.32198
24066.00000 0.317876
24068.00000 0.314149
24070.00000 0.30962
24072.00000 0.306172
24074.00000 0.301762
24076.00000 0.298335
24078.00000 0.293812
24080.00000 0.29039
24082.00000 0.286233
24084.00000 0.283133
24086.00000 0.279129
24088.00000 0.275792
24090.00000 0.27219
24092.00000 0.268375
24094.00000 0.265139
24096.00000 0.261376
24098.00000 0.258233
24100.00000 0.254462
24102.00000 0.251377
24104.00000 0.247542
24106.00000 0.244919
24108.00000 0.241333
24110.00000 0.238495
24112.00000 0.234753
24114.00000 0.231933
24116.00000 0.228694
24118.00000 0.225627
24120.00000 0.222904
24122.00000 0.219835
24124.00000 0.217007
24126.00000 0.213786
24128.00000 0.211287
24130.00000 0.208128
24132.00000 0.205541
24134.00000 0.202409
24136.00000 0.200047
24138.00000 0.197001
24140.00000 0.194641
24142.00000 0.191912
24144.00000 0.189516
24146.00000 0.186581
24148.00000 0.183955
24150.00000 0.181629
24152.00000 0.17892
24154.00000 0.176778
24156.00000 0.174012
24158.00000 0.172084
24160.00000 0.169356
24162.00000 0.167188
24164.00000 0.16464
24166.00000 0.162696
24168.00000 0.160339
24170.00000 0.158246
24172.00000 0.156089
24174.00000 0.153845
24176.00000 0.152007
24178.00000 0.149644
24180.00000 0.147828
24182.00000 0.145489
24184.00000 0.143739
24186.00000 0.14151
24188.00000 0.139646
24190.00000 0.13755
24192.00000 0.135901
24194.00000 0.133844
24196.00000 0.132361
24198.00000 0.130338
24200.00000 0.128387
24202.00000 0.12678
24204.00000 0.124906
24206.00000 0.123346
24208.00000 0.121509
24210.00000 0.119911
24212.00000 0.11821
24214.00000 0.116747
24216.00000 0.114899
24218.00000 0.113611
24220.00000 0.111877
24222.00000 0.110613
24224.00000 0.108964
24226.00000 0.107562
24228.00000 0.106167
24230.00000 0.10459
24232.00000 0.103113
24234.00000 0.101708
24236.00000 0.100576
24238.00000 0.098936
24240.00000 0.09783
24242.00000 0.09614
24244.00000 0.095161
24246.00000 0.093682
24248.00000 0.092679
24250.00000 0.091166
24252.00000 0.090038
24254.00000 0.088874
24256.00000 0.08764
24258.00000 0.086619
24260.00000 0.085303
24262.00000 0.084252
24264.00000 0.082944
24266.00000 0.081953
24268.00000 0.080695
24270.00000 0.079765
24272.00000 0.078644
24274.00000 0.077855
24276.00000 0.076617
24278.00000 0.07576
24280.00000 0.074763
24282.00000 0.073759
24284.00000 0.072659
24286.00000 0.071647
24288.00000 0.070902
24290.00000 0.069799
24292.00000 0.068929
24294.00000 0.068005
24296.00000 0.067145
24298.00000 0.066296
24300.00000 0.065465
24302.00000 0.064491
24304.00000 0.063855
24306.00000 0.062798
24308.00000 0.062103
24310.00000 0.061351
24312.00000 0.060498
24314.00000 0.059867
24316.00000 0.058895
24318.00000 0.058216
24320.00000 0.057351
24322.00000 0.056763
24324.00000 0.055881
24326.00000 0.055172
24328.00000 0.054599
24330.00000 0.053931
24332.00000 0.053245
24334.00000 0.052593
24336.00000 0.051772
24338.00000 0.051111
24340.00000 0.050598
24342.00000 0.049754
24344.00000 0.049258
24346.00000 0.048495
24348.00000 0.048092
24350.00000 0.047315
24352.00000 0.046815
24354.00000 0.046104
24356.00000 0.045597
24358.00000 0.044974
24360.00000 0.044385
24362.00000 0.043802
24364.00000 0.04327
24366.00000 0.042774
24368.00000 0.042268
24370.00000 0.041714
24372.00000 0.041145
24374.00000 0.040756
24376.00000 0.040187
24378.00000 0.039592
24380.00000 0.039059
24382.00000 0.03871
24384.00000 0.038226
24386.00000 0.037792
24388.00000 0.03725
24390.00000 0.036813
24392.00000 0.036442
24394.00000 0.035959
24396.00000 0.035453
24398.00000 0.035112
24400.00000 0.034736
24402.00000 0.034151
24404.00000 0.033844
24406.00000 0.033397
24408.00000 0.033008
24410.00000 0.03256
24412.00000 0.032219
24414.00000 0.031874
24416.00000 0.031445
24418.00000 0.031032
24420.00000 0.030692
24422.00000 0.03038
24424.00000 0.029861
24426.00000 0.029596
24428.00000 0.029139
24430.00000 0.028917
24432.00000 0.028458
24434.00000 0.028201
24436.00000 0.027829
24438.00000 0.027539
24440.00000 0.027166
24442.00000 0.026947
24444.00000 0.026544
24446.00000 0.026271
24448.00000 0.025961
24450.00000 0.025591
24452.00000 0.025303
24454.00000 0.024971
24456.00000 0.024967
24458.00000 0.024412
24460.00000 0.024172
24462.00000 0.023857
24464.00000 0.023538
24466.00000 0.023283
24468.00000 0.02308
24470.00000 0.022785
24472.00000 0.022525
24474.00000 0.022161
24476.00000 0.022025
24478.00000 0.021805
24480.00000 0.021473
24482.00000 0.021185
24484.00000 0.020926
24486.00000 0.020819
24488.00000 0.020525
24490.00000 0.020308
24492.00000 0.020031
24494.00000 0.019822
24496.00000 0.019565
24498.00000 0.019385
24500.00000 0.019218
24502.00000 0.018943
24504.00000 0.018678
24506.00000 0.018459
24508.00000 0.018352
24510.00000 0.018096
24512.00000 0.017977
24514.00000 0.017702
24516.00000 0.017445
24518.00000 0.017215
24520.00000 0.0171
24522.00000 0.016862
24524.00000 0.016767
24526.00000 0.016556
24528.00000 0.016246
24530.00000 0.016206
24532.00000 0.015906
24534.00000 0.015811
24536.00000 0.015584
24538.00000 0.015485
24540.00000 0.01536
24542.00000 0.015178
24544.00000 0.014823
24546.00000 0.014721
24548.00000 0.014548
24550.00000 0.014502
24552.00000 0.014316
24554.00000 0.014032
24556.00000 0.014035
24558.00000 0.013822
24560.00000 0.013716
24562.00000 0.013513
24564.00000 0.013408
24566.00000 0.013303
24568.00000 0.013182
24570.00000 0.012997
24572.00000 0.012901
24574.00000 0.012604
24576.00000 0.012607
24578.00000 0.012395
24580.00000 0.012168
24582.00000 0.012149
24584.00000 0.012245
24586.00000 0.011968
24588.00000 0.01178
24590.00000 0.011616
24592.00000 0.011468
24594.00000 0.011605
24596.00000 0.011342
24598.00000 0.011005
24600.00000 0.010926
24602.00000 0.011008
24604.00000 0.010797
24606.00000 0.010786
24608.00000 0.010539
24610.00000 0.010357
24612.00000 0.010442
24614.00000 0.010282
24616.00000 0.010139
24618.00000 0.009942
24620.00000 0.009931
24622.00000 0.00982
24624.00000 0.009741
24626.00000 0.009758
24628.00000 0.00947
24630.00000 0.009398
24632.00000 0.009214
24634.00000 0.009141
24636.00000 0.009014
24638.00000 0.009144
24640.00000 0.008878
24642.00000 0.008882
24644.00000 0.008705
24646.00000 0.008675
24648.00000 0.008579
24650.00000 0.008547
24652.00000 0.008442
24654.00000 0.008314
24656.00000 0.008269
24658.00000 0.008168
24660.00000 0.008156
24662.00000 0.008087
24664.00000 0.007985
24666.00000 0.007881
24668.00000 0.007871
24670.00000 0.007744
24672.00000 0.007597
24674.00000 0.007515
24676.00000 0.007471
24678.00000 0.007493
24680.00000 0.007351
24682.00000 0.007278
24684.00000 0.007154
24686.00000 0.007152
24688.00000 0.007077
24690.00000 0.007017
24692.00000 0.0069
24694.00000 0.006929
24696.00000 0.006766
24698.00000 0.006784
24700.00000 0.006716
24702.00000 0.006706
24704.00000 0.006565
24706.00000 0.00649
24708.00000 0.006418
24710.00000 0.006325
24712.00000 0.006265
24714.00000 0.006289
24716.00000 0.006218
24718.00000 0.006171
24720.00000 0.006051
24722.00000 0.005978
24724.00000 0.005849
24726.00000 0.005911
24728.00000 0.00583
24730.00000 0.005749
24732.00000 0.005759
24734.00000 0.005741
24736.00000 0.005602
24738.00000 0.005474
24740.00000 0.005394
24742.00000 0.005552
24744.00000 0.005483
24746.00000 0.005413
24748.00000 0.005339
24750.00000 0.00523
24752.00000 0.005183
24754.00000 0.005105
24756.00000 0.005071
24758.00000 0.005099
24760.00000 0.005065
24762.00000 0.005069
24764.00000 0.004843
24766.00000 0.004919
24768.00000 0.004825
24770.00000 0.004724
24772.00000 0.004905
24774.00000 0.00464
24776.00000 0.004632
24778.00000 0.004618
24780.00000 0.004573
24782.00000 0.004603
24784.00000 0.004417
24786.00000 0.004416
24788.00000 0.004464
24790.00000 0.004353
24792.00000 0.004292
24794.00000 0.004223
24796.00000 0.004293
24798.00000 0.004251
24800.00000 0.004172
24802.00000 0.00411
24804.00000 0.004168
24806.00000 0.004115
24808.00000 0.004099
24810.00000 0.004012
27291.00000 0.0
