threeML/data/optical_filters/Subaru/MOIRCS-Ks.ecsv
# %ECSV 0.9
# ---
# datatype:
# - {name: wavelength, unit: Angstrom, datatype: float32}
# - {name: response, datatype: float32}
# meta: !!omap
# - {band_name: Ks}
# - {group_name: MOIRCS}
wavelength response
17581.50000 0.0
19535.00000 0.004145
19540.00000 0.004396
19545.00000 0.004674
19550.00000 0.005023
19555.00000 0.00536
19560.00000 0.005733
19565.00000 0.006178
19570.00000 0.006574
19575.00000 0.007014
19580.00000 0.007487
19585.00000 0.008109
19590.00000 0.008733
19595.00000 0.00943
19600.00000 0.010164
19605.00000 0.010859
19610.00000 0.011731
19615.00000 0.012734
19620.00000 0.013703
19625.00000 0.014961
19630.00000 0.016174
19635.00000 0.017492
19640.00000 0.018823
19645.00000 0.020365
19650.00000 0.022115
19655.00000 0.024067
19660.00000 0.026033
19665.00000 0.028076
19670.00000 0.030282
19675.00000 0.032778
19680.00000 0.035341
19685.00000 0.038578
19690.00000 0.041657
19695.00000 0.044797
19700.00000 0.048106
19705.00000 0.051779
19710.00000 0.055741
19715.00000 0.059889
19720.00000 0.064904
19725.00000 0.069215
19730.00000 0.073839
19735.00000 0.07851
19740.00000 0.083626
19745.00000 0.089697
19750.00000 0.095425
19755.00000 0.101529
19760.00000 0.10747
19765.00000 0.113536
19770.00000 0.119838
19775.00000 0.126649
19780.00000 0.134934
19785.00000 0.141768
19790.00000 0.149301
19795.00000 0.157174
19800.00000 0.165072
19805.00000 0.173479
19810.00000 0.183216
19815.00000 0.193223
19820.00000 0.201788
19825.00000 0.211669
19830.00000 0.221776
19835.00000 0.232697
19840.00000 0.244892
19845.00000 0.257315
19850.00000 0.269335
19855.00000 0.282226
19860.00000 0.295332
19865.00000 0.308923
19870.00000 0.324031
19875.00000 0.340889
19880.00000 0.356902
19885.00000 0.37296
19890.00000 0.389406
19895.00000 0.407181
19900.00000 0.426367
19905.00000 0.445909
19910.00000 0.466393
19915.00000 0.485583
19920.00000 0.505574
19925.00000 0.525162
19930.00000 0.546108
19935.00000 0.569714
19940.00000 0.590444
19945.00000 0.611872
19950.00000 0.631891
19955.00000 0.651449
19960.00000 0.67114
19965.00000 0.691566
19970.00000 0.712597
19975.00000 0.729518
19980.00000 0.747305
19985.00000 0.762649
19990.00000 0.778742
19995.00000 0.793271
20000.00000 0.807001
20005.00000 0.820191
20010.00000 0.831143
20015.00000 0.841563
20020.00000 0.850513
20025.00000 0.859105
20030.00000 0.866563
20035.00000 0.873627
20040.00000 0.879967
20045.00000 0.884494
20050.00000 0.887634
20055.00000 0.89192
20060.00000 0.895277
20065.00000 0.89801
20070.00000 0.900203
20075.00000 0.901546
20080.00000 0.902903
20085.00000 0.904796
20090.00000 0.905433
20095.00000 0.905533
20100.00000 0.906827
20105.00000 0.907549
20110.00000 0.907944
20115.00000 0.908319
20120.00000 0.908993
20125.00000 0.909236
20130.00000 0.910364
20135.00000 0.911019
20140.00000 0.911032
20145.00000 0.912159
20150.00000 0.912989
20155.00000 0.913495
20160.00000 0.914514
20165.00000 0.915263
20170.00000 0.915798
20175.00000 0.917266
20180.00000 0.918396
20185.00000 0.918582
20190.00000 0.920053
20195.00000 0.921817
20200.00000 0.922521
20205.00000 0.923645
20210.00000 0.92458
20215.00000 0.925467
20220.00000 0.926993
20225.00000 0.92827
20230.00000 0.928246
20235.00000 0.929637
20240.00000 0.93089
20245.00000 0.931573
20250.00000 0.932209
20255.00000 0.932829
20260.00000 0.934072
20265.00000 0.935053
20270.00000 0.935697
20275.00000 0.935716
20280.00000 0.935991
20285.00000 0.936956
20290.00000 0.937503
20295.00000 0.937587
20300.00000 0.937456
20305.00000 0.937857
20310.00000 0.938251
20315.00000 0.93853
20320.00000 0.937798
20325.00000 0.937386
20330.00000 0.93852
20335.00000 0.938199
20340.00000 0.937491
20345.00000 0.937461
20350.00000 0.937063
20355.00000 0.936873
20360.00000 0.936621
20365.00000 0.935822
20370.00000 0.935269
20375.00000 0.934966
20380.00000 0.934998
20385.00000 0.933754
20390.00000 0.932987
20395.00000 0.932779
20400.00000 0.931897
20405.00000 0.931544
20410.00000 0.930518
20415.00000 0.929909
20420.00000 0.929476
20425.00000 0.929166
20430.00000 0.927967
20435.00000 0.926976
20440.00000 0.926915
20445.00000 0.925751
20450.00000 0.925193
20455.00000 0.924531
20460.00000 0.923778
20465.00000 0.922993
20470.00000 0.922699
20475.00000 0.921561
20480.00000 0.920734
20485.00000 0.920596
20490.00000 0.919778
20495.00000 0.91931
20500.00000 0.918652
20505.00000 0.917919
20510.00000 0.917645
20515.00000 0.917428
20520.00000 0.916647
20525.00000 0.915925
20530.00000 0.915889
20535.00000 0.915838
20540.00000 0.914677
20545.00000 0.914524
20550.00000 0.91426
20555.00000 0.913753
20560.00000 0.914022
20565.00000 0.913575
20570.00000 0.912749
20575.00000 0.912926
20580.00000 0.913048
20585.00000 0.912522
20590.00000 0.912181
20595.00000 0.912029
20600.00000 0.911467
20605.00000 0.911924
20610.00000 0.911605
20615.00000 0.910876
20620.00000 0.911179
20625.00000 0.911102
20630.00000 0.910807
20635.00000 0.910621
20640.00000 0.910318
20645.00000 0.910571
20650.00000 0.910275
20655.00000 0.909901
20660.00000 0.909843
20665.00000 0.90988
20670.00000 0.909636
20675.00000 0.909349
20680.00000 0.909073
20685.00000 0.908778
20690.00000 0.908521
20695.00000 0.908649
20700.00000 0.908131
20705.00000 0.907654
20710.00000 0.907621
20715.00000 0.907922
20720.00000 0.907376
20725.00000 0.906661
20730.00000 0.906682
20735.00000 0.906455
20740.00000 0.90639
20745.00000 0.905712
20750.00000 0.905538
20755.00000 0.905362
20760.00000 0.905099
20765.00000 0.90504
20770.00000 0.904821
20775.00000 0.904305
20780.00000 0.90419
20785.00000 0.90425
20790.00000 0.903764
20795.00000 0.90375
20800.00000 0.903518
20805.00000 0.903134
20810.00000 0.903195
20815.00000 0.90319
20820.00000 0.903249
20825.00000 0.903434
20830.00000 0.903133
20835.00000 0.903337
20840.00000 0.903651
20845.00000 0.903525
20850.00000 0.90387
20855.00000 0.903996
20860.00000 0.903979
20865.00000 0.904577
20870.00000 0.904566
20875.00000 0.904895
20880.00000 0.905075
20885.00000 0.905819
20890.00000 0.905914
20895.00000 0.906438
20900.00000 0.906572
20905.00000 0.90699
20910.00000 0.907603
20915.00000 0.9077
20920.00000 0.90836
20925.00000 0.908894
20930.00000 0.909324
20935.00000 0.909813
20940.00000 0.910257
20945.00000 0.91076
20950.00000 0.911572
20955.00000 0.911484
20960.00000 0.912196
20965.00000 0.912573
20970.00000 0.91262
20975.00000 0.913325
20980.00000 0.913813
20985.00000 0.914064
20990.00000 0.914706
20995.00000 0.914786
21000.00000 0.914945
21005.00000 0.915372
21010.00000 0.915329
21015.00000 0.915784
21020.00000 0.916032
21025.00000 0.915457
21030.00000 0.915758
21035.00000 0.916415
21040.00000 0.915963
21045.00000 0.91631
21050.00000 0.915915
21055.00000 0.915716
21060.00000 0.916411
21065.00000 0.915822
21070.00000 0.915431
21075.00000 0.915048
21080.00000 0.914887
21085.00000 0.91477
21090.00000 0.914134
21095.00000 0.913703
21100.00000 0.913582
21105.00000 0.913225
21110.00000 0.912836
21115.00000 0.912192
21120.00000 0.911556
21125.00000 0.91158
21130.00000 0.910942
21135.00000 0.910484
21140.00000 0.909842
21145.00000 0.909089
21150.00000 0.908829
21155.00000 0.908393
21160.00000 0.907371
21165.00000 0.906903
21170.00000 0.906825
21175.00000 0.905975
21180.00000 0.90555
21185.00000 0.904907
21190.00000 0.904335
21195.00000 0.904376
21200.00000 0.903687
21205.00000 0.902898
21210.00000 0.902739
21215.00000 0.902276
21220.00000 0.902163
21225.00000 0.901346
21230.00000 0.901004
21235.00000 0.900683
21240.00000 0.900527
21245.00000 0.900119
21250.00000 0.899673
21255.00000 0.89915
21260.00000 0.899459
21265.00000 0.899316
21270.00000 0.898685
21275.00000 0.898413
21280.00000 0.898193
21285.00000 0.898586
21290.00000 0.898455
21295.00000 0.897389
21300.00000 0.897131
21305.00000 0.898314
21310.00000 0.897963
21315.00000 0.896826
21320.00000 0.8971
21325.00000 0.89779
21330.00000 0.897631
21335.00000 0.897191
21340.00000 0.897003
21345.00000 0.897253
21350.00000 0.897446
21355.00000 0.897113
21360.00000 0.896892
21365.00000 0.896953
21370.00000 0.897346
21375.00000 0.897071
21380.00000 0.89712
21385.00000 0.897257
21390.00000 0.897078
21395.00000 0.89732
21400.00000 0.897452
21405.00000 0.896955
21410.00000 0.896658
21415.00000 0.897263
21420.00000 0.896911
21425.00000 0.897078
21430.00000 0.896954
21435.00000 0.89669
21440.00000 0.8967
21445.00000 0.89699
21450.00000 0.896747
21455.00000 0.896267
21460.00000 0.896872
21465.00000 0.896902
21470.00000 0.896295
21475.00000 0.896418
21480.00000 0.896363
21485.00000 0.896394
21490.00000 0.896666
21495.00000 0.896139
21500.00000 0.896089
21505.00000 0.896286
21510.00000 0.896654
21515.00000 0.896034
21520.00000 0.895916
21525.00000 0.89618
21530.00000 0.896367
21535.00000 0.896609
21540.00000 0.896239
21545.00000 0.895919
21550.00000 0.896865
21555.00000 0.8971
21560.00000 0.896354
21565.00000 0.896889
21570.00000 0.897186
21575.00000 0.89743
21580.00000 0.89767
21585.00000 0.897736
21590.00000 0.897529
21595.00000 0.898201
21600.00000 0.899071
21605.00000 0.898774
21610.00000 0.898753
21615.00000 0.899599
21620.00000 0.899934
21625.00000 0.900307
21630.00000 0.900665
21635.00000 0.900858
21640.00000 0.901475
21645.00000 0.902605
21650.00000 0.902373
21655.00000 0.903024
21660.00000 0.904122
21665.00000 0.904171
21670.00000 0.904549
21675.00000 0.905864
21680.00000 0.906004
21685.00000 0.906436
21690.00000 0.907589
21695.00000 0.908066
21700.00000 0.90819
21705.00000 0.909361
21710.00000 0.910518
21715.00000 0.910713
21720.00000 0.911386
21725.00000 0.91196
21730.00000 0.91291
21735.00000 0.913857
21740.00000 0.914448
21745.00000 0.914553
21750.00000 0.915643
21755.00000 0.917021
21760.00000 0.917159
21765.00000 0.917745
21770.00000 0.918259
21775.00000 0.919172
21780.00000 0.920093
21785.00000 0.920456
21790.00000 0.92086
21795.00000 0.921505
21800.00000 0.92255
21805.00000 0.923232
21810.00000 0.923471
21815.00000 0.924311
21820.00000 0.924877
21825.00000 0.925228
21830.00000 0.925684
21835.00000 0.925826
21840.00000 0.92615
21845.00000 0.927185
21850.00000 0.927178
21855.00000 0.927247
21860.00000 0.928022
21865.00000 0.928314
21870.00000 0.928768
21875.00000 0.929316
21880.00000 0.928733
21885.00000 0.928996
21890.00000 0.929973
21895.00000 0.929466
21900.00000 0.929267
21905.00000 0.92966
21910.00000 0.929746
21915.00000 0.929938
21920.00000 0.930173
21925.00000 0.929907
21930.00000 0.929536
21935.00000 0.930239
21940.00000 0.929898
21945.00000 0.929432
21950.00000 0.929404
21955.00000 0.929713
21960.00000 0.929306
21965.00000 0.929322
21970.00000 0.929191
21975.00000 0.92868
21980.00000 0.929069
21985.00000 0.928626
21990.00000 0.927585
21995.00000 0.927848
22000.00000 0.927968
22005.00000 0.927243
22010.00000 0.927175
22015.00000 0.927034
22020.00000 0.926269
22025.00000 0.92663
22030.00000 0.926462
22035.00000 0.925864
22040.00000 0.925383
22045.00000 0.925585
22050.00000 0.925094
22055.00000 0.924659
22060.00000 0.924113
22065.00000 0.923655
22070.00000 0.923507
22075.00000 0.923481
22080.00000 0.92291
22085.00000 0.92212
22090.00000 0.922637
22095.00000 0.922139
22100.00000 0.921015
22105.00000 0.921188
22110.00000 0.920554
22115.00000 0.920026
22120.00000 0.920189
22125.00000 0.9191
22130.00000 0.918796
22135.00000 0.91886
22140.00000 0.918208
22145.00000 0.917631
22150.00000 0.917188
22155.00000 0.916671
22160.00000 0.916259
22165.00000 0.915881
22170.00000 0.915457
22175.00000 0.914652
22180.00000 0.9144
22185.00000 0.91416
22190.00000 0.91339
22195.00000 0.912559
22200.00000 0.912862
22205.00000 0.91207
22210.00000 0.911142
22215.00000 0.91108
22220.00000 0.909821
22225.00000 0.909943
22230.00000 0.909954
22235.00000 0.908664
22240.00000 0.908139
22245.00000 0.908302
22250.00000 0.907424
22255.00000 0.906681
22260.00000 0.906425
22265.00000 0.905368
22270.00000 0.906037
22275.00000 0.905439
22280.00000 0.904273
22285.00000 0.90421
22290.00000 0.903772
22295.00000 0.90327
22300.00000 0.902786
22305.00000 0.902374
22310.00000 0.902041
22315.00000 0.901271
22320.00000 0.901269
22325.00000 0.901356
22330.00000 0.900312
22335.00000 0.900009
22340.00000 0.900148
22345.00000 0.899268
22350.00000 0.899195
22355.00000 0.898819
22360.00000 0.898234
22365.00000 0.898334
22370.00000 0.897734
22375.00000 0.896951
22380.00000 0.897214
22385.00000 0.89668
22390.00000 0.895924
22395.00000 0.89594
22400.00000 0.895683
22405.00000 0.894605
22410.00000 0.894485
22415.00000 0.89377
22420.00000 0.893336
22425.00000 0.892844
22430.00000 0.892432
22435.00000 0.89166
22440.00000 0.891138
22445.00000 0.890643
22450.00000 0.889996
22455.00000 0.88907
22460.00000 0.888649
22465.00000 0.887378
22470.00000 0.886307
22475.00000 0.886031
22480.00000 0.884891
22485.00000 0.883694
22490.00000 0.883208
22495.00000 0.882006
22500.00000 0.880389
22505.00000 0.880216
22510.00000 0.878539
22515.00000 0.877438
22520.00000 0.87692
22525.00000 0.875181
22530.00000 0.873957
22535.00000 0.873034
22540.00000 0.871435
22545.00000 0.870218
22550.00000 0.869732
22555.00000 0.868237
22560.00000 0.866902
22565.00000 0.865976
22570.00000 0.864656
22575.00000 0.863786
22580.00000 0.862792
22585.00000 0.861457
22590.00000 0.860153
22595.00000 0.859209
22600.00000 0.859043
22605.00000 0.857509
22610.00000 0.856822
22615.00000 0.856455
22620.00000 0.855375
22625.00000 0.855239
22630.00000 0.855056
22635.00000 0.854233
22640.00000 0.854173
22645.00000 0.854622
22650.00000 0.85403
22655.00000 0.854545
22660.00000 0.854806
22665.00000 0.855135
22670.00000 0.855921
22675.00000 0.85667
22680.00000 0.857189
22685.00000 0.858504
22690.00000 0.859832
22695.00000 0.861173
22700.00000 0.862321
22705.00000 0.864105
22710.00000 0.86579
22715.00000 0.867678
22720.00000 0.869998
22725.00000 0.872299
22730.00000 0.874675
22735.00000 0.876887
22740.00000 0.878815
22745.00000 0.881695
22750.00000 0.884953
22755.00000 0.887893
22760.00000 0.890231
22765.00000 0.893533
22770.00000 0.895929
22775.00000 0.898655
22780.00000 0.902055
22785.00000 0.904895
22790.00000 0.907376
22795.00000 0.910246
22800.00000 0.912512
22805.00000 0.914767
22810.00000 0.916852
22815.00000 0.918873
22820.00000 0.920149
22825.00000 0.921447
22830.00000 0.922216
22835.00000 0.922701
22840.00000 0.922264
22845.00000 0.922009
22850.00000 0.920549
22855.00000 0.918578
22860.00000 0.916635
22865.00000 0.913242
22870.00000 0.909217
22875.00000 0.904496
22880.00000 0.897862
22885.00000 0.891708
22890.00000 0.884685
22895.00000 0.876488
22900.00000 0.867085
22905.00000 0.856952
22910.00000 0.845097
22915.00000 0.832444
22920.00000 0.820054
22925.00000 0.806571
22930.00000 0.792052
22935.00000 0.775881
22940.00000 0.757163
22945.00000 0.740398
22950.00000 0.721399
22955.00000 0.704188
22960.00000 0.685569
22965.00000 0.665237
22970.00000 0.644105
22975.00000 0.621426
22980.00000 0.601655
22985.00000 0.580842
22990.00000 0.56017
22995.00000 0.539662
23000.00000 0.51706
23005.00000 0.495431
23010.00000 0.473943
23015.00000 0.453727
23020.00000 0.434463
23025.00000 0.414782
23030.00000 0.395607
23035.00000 0.374034
23040.00000 0.356113
23045.00000 0.338604
23050.00000 0.322295
23055.00000 0.305755
23060.00000 0.289098
23065.00000 0.273864
23070.00000 0.257368
23075.00000 0.243491
23080.00000 0.230675
23085.00000 0.218757
23090.00000 0.206448
23095.00000 0.193564
23100.00000 0.182144
23105.00000 0.171489
23110.00000 0.16185
23115.00000 0.152825
23120.00000 0.144477
23125.00000 0.135712
23130.00000 0.126649
23135.00000 0.119229
23140.00000 0.11222
23145.00000 0.105947
23150.00000 0.100003
23155.00000 0.09405
23160.00000 0.087987
23165.00000 0.082448
23170.00000 0.077686
23175.00000 0.073371
23180.00000 0.069168
23185.00000 0.065176
23190.00000 0.060984
23195.00000 0.057312
23200.00000 0.054003
23205.00000 0.051025
23210.00000 0.048179
23215.00000 0.045375
23220.00000 0.042772
23225.00000 0.040012
23230.00000 0.037733
23235.00000 0.03572
23240.00000 0.033807
23245.00000 0.032009
23250.00000 0.030099
23255.00000 0.028384
23260.00000 0.026685
23265.00000 0.025339
23270.00000 0.023976
23275.00000 0.022783
23280.00000 0.021457
23285.00000 0.02023
23290.00000 0.019138
23295.00000 0.01814
23300.00000 0.017199
23305.00000 0.016337
23310.00000 0.015508
23315.00000 0.014728
23320.00000 0.013891
23325.00000 0.013106
23330.00000 0.012469
23335.00000 0.011926
23340.00000 0.011404
23345.00000 0.010769
23350.00000 0.010183
23355.00000 0.009735
23360.00000 0.009273
23365.00000 0.008834
23370.00000 0.008441
23375.00000 0.007997
23380.00000 0.007628
23385.00000 0.007282
23390.00000 0.006943
23395.00000 0.006632
23400.00000 0.006348
23405.00000 0.006038
23410.00000 0.005784
23415.00000 0.0055
23420.00000 0.005252
23425.00000 0.004984
23430.00000 0.004837
23435.00000 0.004618
23440.00000 0.004441
23445.00000 0.004257
23450.00000 0.004017
25795.00000 0.0
