threeML/data/optical_filters/Subaru/MOIRCS-K.ecsv
# %ECSV 0.9
# ---
# datatype:
# - {name: wavelength, unit: Angstrom, datatype: float32}
# - {name: response, datatype: float32}
# meta: !!omap
# - {band_name: K}
# - {group_name: MOIRCS}
wavelength response
[from data line 1534]
22516.00000 0.831182
22518.00000 0.831272
22520.00000 0.831384
22522.00000 0.831519
22524.00000 0.831499
22526.00000 0.831427
22528.00000 0.831684
22530.00000 0.831666
22532.00000 0.831789
22534.00000 0.831831
22536.00000 0.831862
22538.00000 0.832144
22540.00000 0.83202
22542.00000 0.832196
22544.00000 0.832242
22546.00000 0.832362
22548.00000 0.832649
22550.00000 0.832505
22552.00000 0.832522
22554.00000 0.832613
22556.00000 0.832714
22558.00000 0.833053
22560.00000 0.832901
22562.00000 0.833187
22564.00000 0.833335
22566.00000 0.833245
22568.00000 0.833451
22570.00000 0.833485
22572.00000 0.833721
22574.00000 0.833729
22576.00000 0.833877
22578.00000 0.833931
22580.00000 0.834205
22582.00000 0.834071
22584.00000 0.834165
22586.00000 0.834522
22588.00000 0.834388
22590.00000 0.834748
22592.00000 0.834892
22594.00000 0.834859
22596.00000 0.835049
22598.00000 0.835009
22600.00000 0.83517
22602.00000 0.835332
22604.00000 0.83567
22606.00000 0.835715
22608.00000 0.835564
22610.00000 0.83579
22612.00000 0.835897
22614.00000 0.836178
22616.00000 0.836216
22618.00000 0.836396
22620.00000 0.836531
22622.00000 0.836625
22624.00000 0.836777
22626.00000 0.837178
22628.00000 0.83717
22630.00000 0.837175
22632.00000 0.837418
22634.00000 0.837661
22636.00000 0.837782
22638.00000 0.83783
22640.00000 0.837993
22642.00000 0.838091
22644.00000 0.838354
22646.00000 0.838396
22648.00000 0.838524
22650.00000 0.838795
22652.00000 0.838981
22654.00000 0.839097
22656.00000 0.839264
22658.00000 0.839472
22660.00000 0.839804
22662.00000 0.839773
22664.00000 0.840001
22666.00000 0.840079
22668.00000 0.84022
22670.00000 0.840518
22672.00000 0.84069
22674.00000 0.840864
22676.00000 0.84083
22678.00000 0.841124
22680.00000 0.841334
22682.00000 0.841464
22684.00000 0.841482
22686.00000 0.841695
22688.00000 0.84183
22690.00000 0.841938
22692.00000 0.84233
22694.00000 0.842447
22696.00000 0.842558
22698.00000 0.842743
22700.00000 0.842991
22702.00000 0.843045
22704.00000 0.843285
22706.00000 0.843532
22708.00000 0.843541
22710.00000 0.843995
22712.00000 0.843938
22714.00000 0.844176
22716.00000 0.844178
22718.00000 0.844472
22720.00000 0.844554
22722.00000 0.844799
22724.00000 0.845041
22726.00000 0.845204
22728.00000 0.84527
22730.00000 0.845441
22732.00000 0.845513
22734.00000 0.845797
22736.00000 0.845966
22738.00000 0.846159
22740.00000 0.84639
22742.00000 0.846592
22744.00000 0.846669
22746.00000 0.846824
22748.00000 0.847027
22750.00000 0.847306
22752.00000 0.847629
22754.00000 0.847601
22756.00000 0.847838
22758.00000 0.847895
22760.00000 0.848137
22762.00000 0.848196
22764.00000 0.848412
22766.00000 0.848755
22768.00000 0.848782
22770.00000 0.848976
22772.00000 0.849197
22774.00000 0.849479
22776.00000 0.8493
22778.00000 0.849649
22780.00000 0.849916
22782.00000 0.850003
22784.00000 0.850101
22786.00000 0.850265
22788.00000 0.850556
22790.00000 0.850787
22792.00000 0.851093
22794.00000 0.850882
22796.00000 0.851261
22798.00000 0.85127
22800.00000 0.851597
22802.00000 0.851639
22804.00000 0.852031
22806.00000 0.851994
22808.00000 0.852272
22810.00000 0.852332
22812.00000 0.852521
22814.00000 0.852795
22816.00000 0.852967
22818.00000 0.852939
22820.00000 0.853214
22822.00000 0.853381
22824.00000 0.853553
22826.00000 0.853595
22828.00000 0.853857
22830.00000 0.854006
22832.00000 0.854285
22834.00000 0.854407
22836.00000 0.854432
22838.00000 0.854715
22840.00000 0.855113
22842.00000 0.854945
22844.00000 0.855142
22846.00000 0.855273
22848.00000 0.85551
22850.00000 0.855565
22852.00000 0.855738
22854.00000 0.855828
22856.00000 0.856148
22858.00000 0.856086
22860.00000 0.856199
22862.00000 0.856357
22864.00000 0.856461
22866.00000 0.856747
22868.00000 0.856915
22870.00000 0.856974
22872.00000 0.857156
22874.00000 0.857341
22876.00000 0.857468
22878.00000 0.857654
22880.00000 0.857813
22882.00000 0.857804
22884.00000 0.85795
22886.00000 0.858136
22888.00000 0.858043
22890.00000 0.858453
22892.00000 0.858641
22894.00000 0.858584
22896.00000 0.858905
22898.00000 0.858885
22900.00000 0.859096
22902.00000 0.859007
22904.00000 0.859203
22906.00000 0.859205
22908.00000 0.859412
22910.00000 0.859463
22912.00000 0.859545
22914.00000 0.859739
22916.00000 0.859746
22918.00000 0.859878
22920.00000 0.859942
22922.00000 0.860199
22924.00000 0.860172
22926.00000 0.86026
22928.00000 0.860389
22930.00000 0.860735
22932.00000 0.860681
22934.00000 0.860888
22936.00000 0.860714
22938.00000 0.861031
22940.00000 0.861158
22942.00000 0.860954
22944.00000 0.861135
22946.00000 0.861339
22948.00000 0.861379
22950.00000 0.861276
22952.00000 0.861611
22954.00000 0.86137
22956.00000 0.861582
22958.00000 0.861695
22960.00000 0.861656
22962.00000 0.861809
22964.00000 0.861787
22966.00000 0.861861
22968.00000 0.861896
22970.00000 0.86192
22972.00000 0.862057
22974.00000 0.862127
22976.00000 0.862146
22978.00000 0.862418
22980.00000 0.862101
22982.00000 0.862235
22984.00000 0.862257
22986.00000 0.86229
22988.00000 0.862246
22990.00000 0.862304
22992.00000 0.862475
22994.00000 0.862304
22996.00000 0.862475
22998.00000 0.862407
23000.00000 0.862489
23002.00000 0.862378
23004.00000 0.862552
23006.00000 0.862484
23008.00000 0.862443
23010.00000 0.862418
23012.00000 0.862348
23014.00000 0.862388
23016.00000 0.862551
23018.00000 0.86241
23020.00000 0.862269
23022.00000 0.862462
23024.00000 0.862287
23026.00000 0.862476
23028.00000 0.862543
23030.00000 0.862323
23032.00000 0.862344
23034.00000 0.862414
23036.00000 0.862251
23038.00000 0.862285
23040.00000 0.862293
23042.00000 0.862266
23044.00000 0.862143
23046.00000 0.862002
23048.00000 0.862101
23050.00000 0.861982
23052.00000 0.861905
23054.00000 0.86175
23056.00000 0.861881
23058.00000 0.861767
23060.00000 0.861747
23062.00000 0.861437
23064.00000 0.861552
23066.00000 0.86144
23068.00000 0.86139
23070.00000 0.861237
23072.00000 0.861206
23074.00000 0.861145
23076.00000 0.861011
23078.00000 0.860997
23080.00000 0.860764
23082.00000 0.860836
23084.00000 0.860663
23086.00000 0.860614
23088.00000 0.860346
23090.00000 0.860478
23092.00000 0.860379
23094.00000 0.860244
23096.00000 0.860023
23098.00000 0.859793
23100.00000 0.859778
23102.00000 0.859648
23104.00000 0.859662
23106.00000 0.859441
23108.00000 0.85909
23110.00000 0.859112
23112.00000 0.858998
23114.00000 0.858851
23116.00000 0.858615
23118.00000 0.85845
23120.00000 0.858532
23122.00000 0.858425
23124.00000 0.858246
23126.00000 0.85803
23128.00000 0.85804
23130.00000 0.857804
23132.00000 0.857483
23134.00000 0.857337
23136.00000 0.857263
23138.00000 0.857062
23140.00000 0.856954
23142.00000 0.856725
23144.00000 0.856741
23146.00000 0.856513
23148.00000 0.856331
23150.00000 0.855923
23152.00000 0.855942
23154.00000 0.855797
23156.00000 0.855383
23158.00000 0.855398
23160.00000 0.855241
23162.00000 0.854954
23164.00000 0.854823
23166.00000 0.854537
23168.00000 0.854417
23170.00000 0.854275
23172.00000 0.853964
23174.00000 0.853789
23176.00000 0.853415
23178.00000 0.853477
23180.00000 0.853191
23182.00000 0.852961
23184.00000 0.852724
23186.00000 0.85245
23188.00000 0.852138
23190.00000 0.851871
23192.00000 0.851806
23194.00000 0.851645
23196.00000 0.851267
23198.00000 0.850936
23200.00000 0.850785
23202.00000 0.85051
23204.00000 0.850269
23206.00000 0.850179
23208.00000 0.850036
23210.00000 0.849666
23212.00000 0.849614
23214.00000 0.849424
23216.00000 0.849032
23218.00000 0.848621
23220.00000 0.848439
23222.00000 0.848232
23224.00000 0.848007
23226.00000 0.847668
23228.00000 0.847554
23230.00000 0.847179
23232.00000 0.846893
23234.00000 0.846625
23236.00000 0.846489
23238.00000 0.84621
23240.00000 0.845998
23242.00000 0.845857
23244.00000 0.845278
23246.00000 0.845298
23248.00000 0.845066
23250.00000 0.84457
23252.00000 0.844578
23254.00000 0.844154
23256.00000 0.843961
23258.00000 0.8437
23260.00000 0.8432
23262.00000 0.843241
23264.00000 0.842847
23266.00000 0.842621
23268.00000 0.842304
23270.00000 0.841996
23272.00000 0.842019
23274.00000 0.84157
23276.00000 0.841298
23278.00000 0.841317
23280.00000 0.840896
23282.00000 0.840702
23284.00000 0.840215
23286.00000 0.840066
23288.00000 0.839704
23290.00000 0.839612
23292.00000 0.839177
23294.00000 0.839081
23296.00000 0.838588
23298.00000 0.838357
23300.00000 0.838166
23302.00000 0.837975
23304.00000 0.837647
23306.00000 0.837403
23308.00000 0.837108
23310.00000 0.836907
23312.00000 0.836538
23314.00000 0.836294
23316.00000 0.8361
23318.00000 0.835895
23320.00000 0.835566
23322.00000 0.835313
23324.00000 0.835255
23326.00000 0.83501
23328.00000 0.834741
23330.00000 0.834546
23332.00000 0.83433
23334.00000 0.833992
23336.00000 0.833933
23338.00000 0.833699
23340.00000 0.833216
23342.00000 0.833019
23344.00000 0.832877
23346.00000 0.832713
23348.00000 0.832439
23350.00000 0.832409
23352.00000 0.832091
23354.00000 0.83189
23356.00000 0.831569
23358.00000 0.831286
23360.00000 0.831218
23362.00000 0.831066
23364.00000 0.830872
23366.00000 0.830627
23368.00000 0.830504
23370.00000 0.83028
23372.00000 0.8301
23374.00000 0.829732
23376.00000 0.829572
23378.00000 0.829342
23380.00000 0.829257
23382.00000 0.828982
23384.00000 0.82896
23386.00000 0.828703
23388.00000 0.828586
23390.00000 0.828325
23392.00000 0.828206
23394.00000 0.828112
23396.00000 0.82786
23398.00000 0.827676
23400.00000 0.827501
23402.00000 0.827318
23404.00000 0.827244
23406.00000 0.827034
23408.00000 0.826911
23410.00000 0.826903
23412.00000 0.826692
23414.00000 0.826577
23416.00000 0.826518
23418.00000 0.826283
23420.00000 0.82631
23422.00000 0.826198
23424.00000 0.826044
23426.00000 0.826003
23428.00000 0.826089
23430.00000 0.825791
23432.00000 0.825798
23434.00000 0.825627
23436.00000 0.825378
23438.00000 0.825659
23440.00000 0.825444
23442.00000 0.825462
23444.00000 0.82529
23446.00000 0.825193
23448.00000 0.825268
23450.00000 0.82518
23452.00000 0.825113
23454.00000 0.825328
23456.00000 0.825183
23458.00000 0.825153
23460.00000 0.82506
23462.00000 0.825047
23464.00000 0.825041
23466.00000 0.824904
23468.00000 0.824947
23470.00000 0.82507
23472.00000 0.824986
23474.00000 0.824993
23476.00000 0.824952
23478.00000 0.824886
23480.00000 0.825079
23482.00000 0.825295
23484.00000 0.82523
23486.00000 0.825257
23488.00000 0.825313
23490.00000 0.825379
23492.00000 0.82544
23494.00000 0.825455
23496.00000 0.825472
23498.00000 0.82563
23500.00000 0.825653
23502.00000 0.825741
23504.00000 0.825957
23506.00000 0.826028
23508.00000 0.826217
23510.00000 0.826424
23512.00000 0.826476
23514.00000 0.826489
23516.00000 0.826572
23518.00000 0.826623
23520.00000 0.827041
23522.00000 0.827074
23524.00000 0.82723
23526.00000 0.827385
23528.00000 0.827443
23530.00000 0.827642
23532.00000 0.827809
23534.00000 0.82809
23536.00000 0.82831
23538.00000 0.828414
23540.00000 0.828757
23542.00000 0.828869
23544.00000 0.82909
23546.00000 0.829181
23548.00000 0.82939
23550.00000 0.82951
23552.00000 0.82986
23554.00000 0.83005
23556.00000 0.830367
23558.00000 0.830822
23560.00000 0.830822
23562.00000 0.831076
23564.00000 0.831669
23566.00000 0.831785
23568.00000 0.83206
23570.00000 0.832311
23572.00000 0.832404
23574.00000 0.832794
23576.00000 0.833175
23578.00000 0.83347
23580.00000 0.833828
23582.00000 0.834122
23584.00000 0.834394
23586.00000 0.834558
23588.00000 0.834933
23590.00000 0.835409
23592.00000 0.835655
23594.00000 0.836095
23596.00000 0.836376
23598.00000 0.836575
23600.00000 0.836895
23602.00000 0.837184
23604.00000 0.837649
23606.00000 0.83812
23608.00000 0.838292
23610.00000 0.838635
23612.00000 0.839046
23614.00000 0.839412
23616.00000 0.839897
23618.00000 0.840172
23620.00000 0.840595
23622.00000 0.840999
23624.00000 0.841349
23626.00000 0.841525
23628.00000 0.841938
23630.00000 0.842441
23632.00000 0.842745
23634.00000 0.843108
23636.00000 0.843508
23638.00000 0.843995
23640.00000 0.84439
23642.00000 0.844493
23644.00000 0.844948
23646.00000 0.845601
23648.00000 0.845794
23650.00000 0.846227
23652.00000 0.846369
23654.00000 0.846805
23656.00000 0.847258
23658.00000 0.847465
23660.00000 0.848011
23662.00000 0.848184
23664.00000 0.848593
23666.00000 0.849044
23668.00000 0.849493
23670.00000 0.849653
23672.00000 0.850059
23674.00000 0.850274
23676.00000 0.850689
23678.00000 0.850971
23680.00000 0.851225
23682.00000 0.851261
23684.00000 0.851759
23686.00000 0.851993
23688.00000 0.85228
23690.00000 0.852625
23692.00000 0.852863
23694.00000 0.853024
23696.00000 0.85311
23698.00000 0.853607
23700.00000 0.853683
23702.00000 0.853901
23704.00000 0.854284
23706.00000 0.854229
23708.00000 0.854172
23710.00000 0.854622
23712.00000 0.854621
23714.00000 0.854648
23716.00000 0.855042
23718.00000 0.854883
23720.00000 0.855007
23722.00000 0.855141
23724.00000 0.854969
23726.00000 0.855197
23728.00000 0.855168
23730.00000 0.854944
23732.00000 0.854771
23734.00000 0.854858
23736.00000 0.85481
23738.00000 0.854538
23740.00000 0.854631
23742.00000 0.854218
23744.00000 0.853844
23746.00000 0.853676
23748.00000 0.85367
23750.00000 0.852965
23752.00000 0.852915
23754.00000 0.852381
23756.00000 0.852188
23758.00000 0.851618
23760.00000 0.851412
23762.00000 0.850776
23764.00000 0.85022
23766.00000 0.849754
23768.00000 0.849181
23770.00000 0.848581
23772.00000 0.847889
23774.00000 0.847321
23776.00000 0.846322
23778.00000 0.845732
23780.00000 0.844736
23782.00000 0.843938
23784.00000 0.842952
23786.00000 0.842311
23788.00000 0.841274
23790.00000 0.840182
23792.00000 0.839257
23794.00000 0.837955
23796.00000 0.837341
23798.00000 0.835857
23800.00000 0.83463
23802.00000 0.833062
23804.00000 0.832099
23806.00000 0.830539
23808.00000 0.829335
23810.00000 0.827474
23812.00000 0.82648
23814.00000 0.824553
23816.00000 0.823132
23818.00000 0.821348
23820.00000 0.819463
23822.00000 0.817952
23824.00000 0.815581
23826.00000 0.814258
23828.00000 0.811859
23830.00000 0.810279
23832.00000 0.807895
23834.00000 0.806067
23836.00000 0.803432
23838.00000 0.801597
23840.00000 0.799212
23842.00000 0.796971
23844.00000 0.794468
23846.00000 0.79205
23848.00000 0.789688
23850.00000 0.786907
23852.00000 0.784768
23854.00000 0.781588
23856.00000 0.779194
23858.00000 0.775882
23860.00000 0.773511
23862.00000 0.770334
23864.00000 0.76764
23866.00000 0.76412
23868.00000 0.761629
23870.00000 0.75817
23872.00000 0.754748
23874.00000 0.75175
23876.00000 0.748349
23878.00000 0.745294
23880.00000 0.741604
23882.00000 0.73865
23884.00000 0.734468
23886.00000 0.731443
23888.00000 0.727032
23890.00000 0.723705
23892.00000 0.719479
23894.00000 0.716151
23896.00000 0.711999
23898.00000 0.708495
23900.00000 0.704662
23902.00000 0.700482
23904.00000 0.696743
23906.00000 0.692043
23908.00000 0.6884
23910.00000 0.683535
23912.00000 0.68004
23914.00000 0.675238
23916.00000 0.671547
23918.00000 0.666513
23920.00000 0.662592
23922.00000 0.657731
23924.00000 0.653397
23926.00000 0.648758
23928.00000 0.643896
23930.00000 0.639604
23932.00000 0.634652
23934.00000 0.630749
23936.00000 0.62569
23938.00000 0.621073
23940.00000 0.615472
23942.00000 0.611456
23944.00000 0.60608
23946.00000 0.602169
23948.00000 0.596542
23950.00000 0.592171
23952.00000 0.587171
23954.00000 0.582501
23956.00000 0.577586
23958.00000 0.57221
23960.00000 0.567681
23962.00000 0.562111
23964.00000 0.557795
23966.00000 0.552086
23968.00000 0.548236
23970.00000 0.542298
23972.00000 0.538065
23974.00000 0.532108
23976.00000 0.528117
23978.00000 0.522475
23980.00000 0.517391
23982.00000 0.512376
23984.00000 0.507671
23986.00000 0.503116
23988.00000 0.497634
23990.00000 0.492947
23992.00000 0.487122
23994.00000 0.482966
23996.00000 0.477225
23998.00000 0.473228
24000.00000 0.467072
24002.00000 0.463248
24004.00000 0.458032
24006.00000 0.453483
24008.00000 0.448255
24010.00000 0.443557
24012.00000 0.43884
24014.00000 0.433288
24016.00000 0.429294
24018.00000 0.424033
24020.00000 0.419814
24022.00000 0.414417
24024.00000 0.410404
24026.00000 0.404972
24028.00000 0.401085
24030.00000 0.395507
24032.00000 0.391538
24034.00000 0.386964
24036.00000 0.382541
24038.00000 0.378219
24040.00000 0.373331
24042.00000 0.369183
24044.00000 0.364324
