threeML/data/optical_filters/Subaru/MOIRCS-H.ecsv
# %ECSV 0.9
# ---
# datatype:
# - {name: wavelength, unit: Angstrom, datatype: float32}
# - {name: response, datatype: float32}
# meta: !!omap
# - {band_name: H}
# - {group_name: MOIRCS}
wavelength response
13203.00000 0.0
14670.00000 0.00403
14675.00000 0.00386
14680.00000 0.00477
14685.00000 0.00459
14690.00000 0.00589
14695.00000 0.00618
14700.00000 0.00687
14705.00000 0.00687
14710.00000 0.00776
14715.00000 0.00839
14720.00000 0.00879
14725.00000 0.01067
14730.00000 0.01153
14735.00000 0.01216
14740.00000 0.01356
14745.00000 0.01481
14750.00000 0.01562
14755.00000 0.01745
14760.00000 0.01926
14765.00000 0.02082
14770.00000 0.02255
14775.00000 0.02429
14780.00000 0.02613
14785.00000 0.02826
14790.00000 0.03043
14795.00000 0.03346
14800.00000 0.03618
14805.00000 0.03837
14810.00000 0.04123
14815.00000 0.04437
14820.00000 0.04791
14825.00000 0.0521
14830.00000 0.05584
14835.00000 0.05998
14840.00000 0.06444
14845.00000 0.06989
14850.00000 0.07567
14855.00000 0.08177
14860.00000 0.08854
14865.00000 0.09522
14870.00000 0.10295
14875.00000 0.11165
14880.00000 0.12304
14885.00000 0.13426
14890.00000 0.1463
14895.00000 0.15838
14900.00000 0.17298
14905.00000 0.18837
14910.00000 0.20721
14915.00000 0.22919
14920.00000 0.25101
14925.00000 0.27292
14930.00000 0.29769
14935.00000 0.32624
14940.00000 0.358
14945.00000 0.393
14950.00000 0.42941
14955.00000 0.46271
14960.00000 0.49836
14965.00000 0.53694
14970.00000 0.57673
14975.00000 0.61877
14980.00000 0.65966
14985.00000 0.69467
14990.00000 0.72559
14995.00000 0.75788
15000.00000 0.78764
15005.00000 0.81492
15010.00000 0.8396
15015.00000 0.85704
15020.00000 0.87112
15025.00000 0.88449
15030.00000 0.89353
15035.00000 0.90165
15040.00000 0.90656
15045.00000 0.91044
15050.00000 0.91251
15055.00000 0.91382
15060.00000 0.91427
15065.00000 0.9155
15070.00000 0.91538
15075.00000 0.9163
15080.00000 0.91672
15085.00000 0.91652
15090.00000 0.9181
15095.00000 0.91889
15100.00000 0.92156
15105.00000 0.92409
15110.00000 0.92621
15115.00000 0.92916
15120.00000 0.93212
15125.00000 0.93309
15130.00000 0.93663
15135.00000 0.94025
15140.00000 0.94161
15145.00000 0.94454
15150.00000 0.94845
15155.00000 0.95135
15160.00000 0.95176
15165.00000 0.95424
15170.00000 0.95627
15175.00000 0.95809
15180.00000 0.95621
15185.00000 0.95833
15190.00000 0.95795
15195.00000 0.95832
15200.00000 0.95693
15205.00000 0.95462
15210.00000 0.95524
15215.00000 0.95232
15220.00000 0.95221
15225.00000 0.95
15230.00000 0.94895
15235.00000 0.94638
15240.00000 0.94508
15245.00000 0.94385
15250.00000 0.94157
15255.00000 0.93963
15260.00000 0.93893
15265.00000 0.93708
15270.00000 0.93691
15275.00000 0.93504
15280.00000 0.93472
15285.00000 0.93407
15290.00000 0.93353
15295.00000 0.93228
15300.00000 0.93308
15305.00000 0.9337
15310.00000 0.93341
15315.00000 0.93294
15320.00000 0.9343
15325.00000 0.93463
15330.00000 0.9361
15335.00000 0.93758
15340.00000 0.93785
15345.00000 0.93885
15350.00000 0.94043
15355.00000 0.94129
15360.00000 0.94274
15365.00000 0.94403
15370.00000 0.9441
15375.00000 0.94566
15380.00000 0.94722
15385.00000 0.94929
15390.00000 0.94941
15395.00000 0.95176
15400.00000 0.9531
15405.00000 0.9531
15410.00000 0.95439
15415.00000 0.95451
15420.00000 0.95798
15425.00000 0.95606
15430.00000 0.95762
15435.00000 0.95679
15440.00000 0.95852
15445.00000 0.95883
15450.00000 0.95817
15455.00000 0.95941
15460.00000 0.96009
15465.00000 0.96038
15470.00000 0.96085
15475.00000 0.96007
15480.00000 0.96061
15485.00000 0.96135
15490.00000 0.96118
15495.00000 0.96142
15500.00000 0.96189
15505.00000 0.96224
15510.00000 0.9613
15515.00000 0.96097
15520.00000 0.96068
15525.00000 0.96126
15530.00000 0.96083
15535.00000 0.96066
15540.00000 0.96114
15545.00000 0.96029
15550.00000 0.95976
15555.00000 0.95965
15560.00000 0.95995
15565.00000 0.9594
15570.00000 0.95904
15575.00000 0.95841
15580.00000 0.95807
15585.00000 0.95735
15590.00000 0.95726
15595.00000 0.95678
15600.00000 0.95713
15605.00000 0.95572
15610.00000 0.95595
15615.00000 0.9553
15620.00000 0.95439
15625.00000 0.9527
15630.00000 0.95328
15635.00000 0.95277
15640.00000 0.95276
15645.00000 0.95259
15650.00000 0.95199
15655.00000 0.95031
15660.00000 0.95157
15665.00000 0.95033
15670.00000 0.95042
15675.00000 0.95044
15680.00000 0.95033
15685.00000 0.95083
15690.00000 0.94998
15695.00000 0.95073
15700.00000 0.9517
15705.00000 0.95093
15710.00000 0.95146
15715.00000 0.95154
15720.00000 0.95272
15725.00000 0.9521
15730.00000 0.95333
15735.00000 0.95406
15740.00000 0.95465
15745.00000 0.95492
15750.00000 0.95651
15755.00000 0.95695
15760.00000 0.95739
15765.00000 0.958
15770.00000 0.95868
15775.00000 0.95962
15780.00000 0.96084
15785.00000 0.9616
15790.00000 0.96243
15795.00000 0.96191
15800.00000 0.96405
15805.00000 0.96377
15810.00000 0.96469
15815.00000 0.96516
15820.00000 0.96672
15825.00000 0.96633
15830.00000 0.96704
15835.00000 0.96671
15840.00000 0.96777
15845.00000 0.96832
15850.00000 0.96801
15855.00000 0.96851
15860.00000 0.96912
15865.00000 0.96812
15870.00000 0.96912
15875.00000 0.96924
15880.00000 0.96818
15885.00000 0.96948
15890.00000 0.96897
15895.00000 0.96862
15900.00000 0.9676
15905.00000 0.96643
15910.00000 0.9672
15915.00000 0.96677
15920.00000 0.96684
15925.00000 0.96686
15930.00000 0.96614
15935.00000 0.96609
15940.00000 0.96604
15945.00000 0.96563
15950.00000 0.96541
15955.00000 0.96502
15960.00000 0.96455
15965.00000 0.96436
15970.00000 0.96415
15975.00000 0.96343
15980.00000 0.96327
15985.00000 0.96379
15990.00000 0.96341
15995.00000 0.96364
16000.00000 0.96358
16005.00000 0.96309
16010.00000 0.96366
16015.00000 0.96268
16020.00000 0.96392
16025.00000 0.96356
16030.00000 0.96372
16035.00000 0.96437
16040.00000 0.96381
16045.00000 0.96328
16050.00000 0.96434
16055.00000 0.96346
16060.00000 0.96388
16065.00000 0.96466
16070.00000 0.96483
16075.00000 0.96557
16080.00000 0.96591
16085.00000 0.96597
16090.00000 0.96551
16095.00000 0.96539
16100.00000 0.96634
16105.00000 0.96564
16110.00000 0.96589
16115.00000 0.96527
16120.00000 0.96587
16125.00000 0.96613
16130.00000 0.96407
16135.00000 0.96484
16140.00000 0.96468
16145.00000 0.96578
16150.00000 0.96492
16155.00000 0.96472
16160.00000 0.96445
16165.00000 0.96484
16170.00000 0.96436
16175.00000 0.96262
16180.00000 0.96249
16185.00000 0.96204
16190.00000 0.96193
16195.00000 0.96101
16200.00000 0.96066
16205.00000 0.96011
16210.00000 0.95971
16215.00000 0.95898
16220.00000 0.95903
16225.00000 0.9584
16230.00000 0.95708
16235.00000 0.95738
16240.00000 0.95635
16245.00000 0.95552
16250.00000 0.95528
16255.00000 0.95419
16260.00000 0.95347
16265.00000 0.95376
16270.00000 0.95266
16275.00000 0.95153
16280.00000 0.95184
16285.00000 0.95181
16290.00000 0.95133
16295.00000 0.9507
16300.00000 0.95008
16305.00000 0.94947
16310.00000 0.94899
16315.00000 0.94926
16320.00000 0.94942
16325.00000 0.94909
16330.00000 0.94875
16335.00000 0.94861
16340.00000 0.94797
16345.00000 0.94918
16350.00000 0.94911
16355.00000 0.94853
16360.00000 0.94916
16365.00000 0.94889
16370.00000 0.94908
16375.00000 0.94958
16380.00000 0.94995
16385.00000 0.94968
16390.00000 0.95071
16395.00000 0.95094
16400.00000 0.95149
16405.00000 0.95217
16410.00000 0.95252
16415.00000 0.95312
16420.00000 0.9536
16425.00000 0.95433
16430.00000 0.95451
16435.00000 0.95586
16440.00000 0.95667
16445.00000 0.9565
16450.00000 0.95793
16455.00000 0.95792
16460.00000 0.95903
16465.00000 0.95995
16470.00000 0.95949
16475.00000 0.96225
16480.00000 0.96337
16485.00000 0.96321
16490.00000 0.96329
16495.00000 0.96426
16500.00000 0.96576
16505.00000 0.96652
16510.00000 0.96618
16515.00000 0.96658
16520.00000 0.96794
16525.00000 0.96919
16530.00000 0.96897
16535.00000 0.96993
16540.00000 0.97012
16545.00000 0.97107
16550.00000 0.97126
16555.00000 0.97146
16560.00000 0.97255
16565.00000 0.97295
16570.00000 0.97356
16575.00000 0.97315
16580.00000 0.97411
16585.00000 0.97402
16590.00000 0.97519
16595.00000 0.97452
16600.00000 0.97555
16605.00000 0.97663
16610.00000 0.97662
16615.00000 0.97621
16620.00000 0.9771
16625.00000 0.97695
16630.00000 0.97697
16635.00000 0.97706
16640.00000 0.97709
16645.00000 0.97787
16650.00000 0.97677
16655.00000 0.97678
16660.00000 0.97646
16665.00000 0.9776
16670.00000 0.97764
16675.00000 0.97661
16680.00000 0.97785
16685.00000 0.97736
16690.00000 0.97686
16695.00000 0.97731
16700.00000 0.97721
16705.00000 0.97716
16710.00000 0.97693
16715.00000 0.97696
16720.00000 0.97655
16725.00000 0.97656
16730.00000 0.97688
16735.00000 0.97752
16740.00000 0.9767
16745.00000 0.97669
16750.00000 0.97638
16755.00000 0.97604
16760.00000 0.97707
16765.00000 0.97642
16770.00000 0.97591
16775.00000 0.9754
16780.00000 0.97615
16785.00000 0.97602
16790.00000 0.97554
16795.00000 0.9762
16800.00000 0.97681
16805.00000 0.97513
16810.00000 0.97606
16815.00000 0.97566
16820.00000 0.97524
16825.00000 0.97547
16830.00000 0.97518
16835.00000 0.97467
16840.00000 0.97572
16845.00000 0.97583
16850.00000 0.97579
16855.00000 0.9749
16860.00000 0.97484
16865.00000 0.97451
16870.00000 0.97528
16875.00000 0.97534
16880.00000 0.97527
16885.00000 0.97489
16890.00000 0.9753
16895.00000 0.97515
16900.00000 0.97446
16905.00000 0.97419
16910.00000 0.9741
16915.00000 0.97511
16920.00000 0.97474
16925.00000 0.97371
16930.00000 0.97358
16935.00000 0.97299
16940.00000 0.97238
16945.00000 0.97361
16950.00000 0.97248
16955.00000 0.97217
16960.00000 0.97114
16965.00000 0.97205
16970.00000 0.97134
16975.00000 0.97141
16980.00000 0.97184
16985.00000 0.96966
16990.00000 0.97023
16995.00000 0.97056
17000.00000 0.96979
17005.00000 0.96915
17010.00000 0.96902
17015.00000 0.96916
17020.00000 0.96837
17025.00000 0.9677
17030.00000 0.96759
17035.00000 0.96712
17040.00000 0.96683
17045.00000 0.9663
17050.00000 0.96689
17055.00000 0.96547
17060.00000 0.96567
17065.00000 0.96613
17070.00000 0.96545
17075.00000 0.96534
17080.00000 0.96533
17085.00000 0.96516
17090.00000 0.9649
17095.00000 0.96493
17100.00000 0.96484
17105.00000 0.96506
17110.00000 0.96455
17115.00000 0.96426
17120.00000 0.96456
17125.00000 0.96519
17130.00000 0.9648
17135.00000 0.96454
17140.00000 0.96414
17145.00000 0.96318
17150.00000 0.96526
17155.00000 0.96456
17160.00000 0.96627
17165.00000 0.96498
17170.00000 0.96556
17175.00000 0.96667
17180.00000 0.96567
17185.00000 0.96605
17190.00000 0.96765
17195.00000 0.96617
17200.00000 0.96634
17205.00000 0.96657
17210.00000 0.96613
17215.00000 0.9677
17220.00000 0.9676
17225.00000 0.96732
17230.00000 0.96825
17235.00000 0.96808
17240.00000 0.96929
17245.00000 0.96769
17250.00000 0.96943
17255.00000 0.96898
17260.00000 0.96954
17265.00000 0.96866
17270.00000 0.96878
17275.00000 0.96838
17280.00000 0.96901
17285.00000 0.969
17290.00000 0.96971
17295.00000 0.96911
17300.00000 0.96939
17305.00000 0.97051
17310.00000 0.97036
17315.00000 0.97091
17320.00000 0.97008
17325.00000 0.96897
17330.00000 0.96973
17335.00000 0.97069
17340.00000 0.96972
17345.00000 0.97006
17350.00000 0.96996
17355.00000 0.96972
17360.00000 0.96949
17365.00000 0.97017
17370.00000 0.97074
17375.00000 0.97022
17380.00000 0.96981
17385.00000 0.96911
17390.00000 0.96825
17395.00000 0.9689
17400.00000 0.96912
17405.00000 0.96829
17410.00000 0.96817
17415.00000 0.96798
17420.00000 0.96676
17425.00000 0.9681
17430.00000 0.96748
17435.00000 0.96679
17440.00000 0.96557
17445.00000 0.96476
17450.00000 0.96519
17455.00000 0.96467
17460.00000 0.96414
17465.00000 0.96359
17470.00000 0.96273
17475.00000 0.96173
17480.00000 0.96087
17485.00000 0.96094
17490.00000 0.96117
17495.00000 0.96055
17500.00000 0.95951
17505.00000 0.95862
17510.00000 0.95832
17515.00000 0.95817
17520.00000 0.95788
17525.00000 0.95733
17530.00000 0.95776
17535.00000 0.95718
17540.00000 0.95712
17545.00000 0.95808
17550.00000 0.95834
17555.00000 0.95835
17560.00000 0.95922
17565.00000 0.95912
17570.00000 0.95989
17575.00000 0.96114
17580.00000 0.96161
17585.00000 0.96182
17590.00000 0.96353
17595.00000 0.96514
17600.00000 0.96703
17605.00000 0.96684
17610.00000 0.9684
17615.00000 0.96966
17620.00000 0.96975
17625.00000 0.97053
17630.00000 0.97032
17635.00000 0.97047
17640.00000 0.96966
17645.00000 0.96792
17650.00000 0.96587
17655.00000 0.96226
17660.00000 0.95747
17665.00000 0.95194
17670.00000 0.94546
17675.00000 0.9379
17680.00000 0.9291
17685.00000 0.91769
17690.00000 0.90344
17695.00000 0.88701
17700.00000 0.87038
17705.00000 0.85194
17710.00000 0.8329
17715.00000 0.81044
17720.00000 0.78496
17725.00000 0.75794
17730.00000 0.72898
17735.00000 0.7023
17740.00000 0.67352
17745.00000 0.64475
17750.00000 0.61341
17755.00000 0.58045
17760.00000 0.54753
17765.00000 0.51696
17770.00000 0.48868
17775.00000 0.46061
17780.00000 0.43139
17785.00000 0.40254
17790.00000 0.37402
17795.00000 0.3486
17800.00000 0.32568
17805.00000 0.30394
17810.00000 0.28222
17815.00000 0.26132
17820.00000 0.2412
17825.00000 0.2227
17830.00000 0.20747
17835.00000 0.19346
17840.00000 0.17894
17845.00000 0.16535
17850.00000 0.15198
17855.00000 0.14039
17860.00000 0.12998
17865.00000 0.12071
17870.00000 0.11188
17875.00000 0.10359
17880.00000 0.0957
17885.00000 0.08775
17890.00000 0.08163
17895.00000 0.07558
17900.00000 0.07049
17905.00000 0.06483
17910.00000 0.06024
17915.00000 0.05567
17920.00000 0.05157
17925.00000 0.04769
17930.00000 0.04494
17935.00000 0.04152
17940.00000 0.03829
17945.00000 0.03532
17950.00000 0.03262
17955.00000 0.03049
17960.00000 0.02922
17965.00000 0.02723
17970.00000 0.02431
17975.00000 0.02281
17980.00000 0.02072
17985.00000 0.01954
17990.00000 0.01784
17995.00000 0.0171
18000.00000 0.01599
18005.00000 0.01459
18010.00000 0.01372
18015.00000 0.01252
18020.00000 0.01206
18025.00000 0.01064
18030.00000 0.00976
18035.00000 0.00946
18040.00000 0.00919
18045.00000 0.00804
18050.00000 0.00781
18055.00000 0.00715
18060.00000 0.00678
18065.00000 0.00689
18070.00000 0.00572
18075.00000 0.00524
18080.00000 0.00468
18085.00000 0.00508
18090.00000 0.00472
18095.00000 0.00432
18100.00000 0.00412
19910.00000 0.0
