threeML/data/optical_filters/Subaru/MOIRCS-K.ecsv
# %ECSV 0.9
# ---
# datatype:
# - {name: wavelength, unit: Angstrom, datatype: float32}
# - {name: response, datatype: float32}
# meta: !!omap
# - {band_name: K}
# - {group_name: MOIRCS}
wavelength response
17505.00000 0.0
19450.00000 0.004203
19452.00000 0.004003
19454.00000 0.004109
19456.00000 0.004167
19458.00000 0.004262
19460.00000 0.004258
19462.00000 0.004401
19464.00000 0.004506
19466.00000 0.004376
19468.00000 0.004555
19470.00000 0.004704
19472.00000 0.004738
19474.00000 0.004831
19476.00000 0.004839
19478.00000 0.004872
19480.00000 0.004969
19482.00000 0.004955
19484.00000 0.005117
19486.00000 0.005199
19488.00000 0.005243
19490.00000 0.005334
19492.00000 0.005367
19494.00000 0.005529
19496.00000 0.005488
19498.00000 0.005662
19500.00000 0.005732
19502.00000 0.005836
19504.00000 0.005847
19506.00000 0.005957
19508.00000 0.006078
19510.00000 0.006094
19512.00000 0.006163
19514.00000 0.00634
19516.00000 0.006382
19518.00000 0.006427
19520.00000 0.006559
19522.00000 0.0066
19524.00000 0.0067
19526.00000 0.006911
19528.00000 0.007058
19530.00000 0.007045
19532.00000 0.00722
19534.00000 0.007212
19536.00000 0.007408
19538.00000 0.007474
19540.00000 0.007689
19542.00000 0.007691
19544.00000 0.007828
19546.00000 0.007942
19548.00000 0.008018
19550.00000 0.008293
19552.00000 0.008403
19554.00000 0.008359
19556.00000 0.008527
19558.00000 0.008731
19560.00000 0.008868
19562.00000 0.008895
19564.00000 0.009073
19566.00000 0.009371
19568.00000 0.009396
19570.00000 0.00944
19572.00000 0.009534
19574.00000 0.009859
19576.00000 0.010058
19578.00000 0.010054
19580.00000 0.010246
19582.00000 0.010415
19584.00000 0.010618
19586.00000 0.010706
19588.00000 0.010973
19590.00000 0.011081
19592.00000 0.011299
19594.00000 0.011475
19596.00000 0.01167
19598.00000 0.0118
19600.00000 0.011981
19602.00000 0.012096
19604.00000 0.012409
19606.00000 0.012536
19608.00000 0.012745
19610.00000 0.013026
19612.00000 0.013171
19614.00000 0.013356
19616.00000 0.013495
19618.00000 0.01376
19620.00000 0.013954
19622.00000 0.014355
19624.00000 0.014385
19626.00000 0.014633
19628.00000 0.015007
19630.00000 0.015056
19632.00000 0.015358
19634.00000 0.015576
19636.00000 0.015861
19638.00000 0.016079
19640.00000 0.016402
19642.00000 0.016641
19644.00000 0.016932
19646.00000 0.017217
19648.00000 0.017407
19650.00000 0.017667
19652.00000 0.017918
19654.00000 0.018351
19656.00000 0.018593
19658.00000 0.018844
19660.00000 0.019118
19662.00000 0.019478
19664.00000 0.019851
19666.00000 0.020211
19668.00000 0.020419
19670.00000 0.020771
19672.00000 0.021168
19674.00000 0.021606
19676.00000 0.021696
19678.00000 0.022307
19680.00000 0.02261
19682.00000 0.022865
19684.00000 0.023234
19686.00000 0.023641
19688.00000 0.02402
19690.00000 0.024435
19692.00000 0.024854
19694.00000 0.025171
19696.00000 0.025668
19698.00000 0.026068
19700.00000 0.026488
19702.00000 0.026929
19704.00000 0.027406
19706.00000 0.027766
19708.00000 0.028271
19710.00000 0.028779
19712.00000 0.02923
19714.00000 0.029689
19716.00000 0.030385
19718.00000 0.030634
19720.00000 0.031264
19722.00000 0.031801
19724.00000 0.032236
19726.00000 0.032807
19728.00000 0.033334
19730.00000 0.034024
19732.00000 0.034475
19734.00000 0.03514
19736.00000 0.035574
19738.00000 0.036303
19740.00000 0.036747
19742.00000 0.037432
19744.00000 0.038109
19746.00000 0.03885
19748.00000 0.039372
19750.00000 0.039898
19752.00000 0.040731
19754.00000 0.0413
19756.00000 0.042117
19758.00000 0.042642
19760.00000 0.0436
19762.00000 0.044278
19764.00000 0.045045
19766.00000 0.045698
19768.00000 0.046594
19770.00000 0.047248
19772.00000 0.048029
19774.00000 0.048784
19776.00000 0.049613
19778.00000 0.05067
19780.00000 0.051382
19782.00000 0.052376
19784.00000 0.053072
19786.00000 0.054147
19788.00000 0.054924
19790.00000 0.055852
19792.00000 0.056862
19794.00000 0.057901
19796.00000 0.058756
19798.00000 0.059828
19800.00000 0.06079
19802.00000 0.061732
19804.00000 0.06302
19806.00000 0.063877
19808.00000 0.065119
19810.00000 0.066073
19812.00000 0.067316
19814.00000 0.068263
19816.00000 0.069664
19818.00000 0.070713
19820.00000 0.07209
19822.00000 0.073146
19824.00000 0.07431
19826.00000 0.075626
19828.00000 0.076763
19830.00000 0.078302
19832.00000 0.079548
19834.00000 0.081111
19836.00000 0.082148
19838.00000 0.083706
19840.00000 0.084914
19842.00000 0.086414
19844.00000 0.087868
19846.00000 0.089378
19848.00000 0.090857
19850.00000 0.092369
19852.00000 0.093886
19854.00000 0.095395
19856.00000 0.096976
19858.00000 0.098421
19860.00000 0.100316
19862.00000 0.101887
19864.00000 0.103805
19866.00000 0.105185
19868.00000 0.107407
19870.00000 0.10879
19872.00000 0.110971
19874.00000 0.112709
19876.00000 0.11449
19878.00000 0.116329
19880.00000 0.118306
19882.00000 0.12035
19884.00000 0.122064
19886.00000 0.12449
19888.00000 0.126218
19890.00000 0.128564
19892.00000 0.130242
19894.00000 0.132757
19896.00000 0.134601
19898.00000 0.137279
19900.00000 0.139162
19902.00000 0.141791
19904.00000 0.143806
19906.00000 0.146047
19908.00000 0.148491
19910.00000 0.150504
19912.00000 0.153513
19914.00000 0.155548
19916.00000 0.158632
19918.00000 0.160633
19920.00000 0.163708
19922.00000 0.16565
19924.00000 0.168861
19926.00000 0.171095
19928.00000 0.173993
19930.00000 0.176498
19932.00000 0.179385
19934.00000 0.182333
19936.00000 0.184901
19938.00000 0.187962
19940.00000 0.190397
19942.00000 0.193777
19944.00000 0.196089
19946.00000 0.199727
19948.00000 0.202143
19950.00000 0.205888
19952.00000 0.208327
19954.00000 0.211919
19956.00000 0.214981
19958.00000 0.218315
19960.00000 0.221394
19962.00000 0.224415
19964.00000 0.228051
19966.00000 0.230992
19968.00000 0.234965
19970.00000 0.237645
19972.00000 0.241778
19974.00000 0.24446
19976.00000 0.248557
19978.00000 0.251393
19980.00000 0.255484
19982.00000 0.258498
19984.00000 0.262733
19986.00000 0.266016
19988.00000 0.269491
19990.00000 0.273297
19992.00000 0.27642
19994.00000 0.280727
19996.00000 0.283471
19998.00000 0.28941
20000.00000 0.289588
20002.00000 0.294013
20004.00000 0.297211
20006.00000 0.302019
20008.00000 0.305168
20010.00000 0.309545
20012.00000 0.313236
20014.00000 0.317273
20016.00000 0.321569
20018.00000 0.325332
20020.00000 0.329979
20022.00000 0.333378
20024.00000 0.338161
20026.00000 0.341767
20028.00000 0.346744
20030.00000 0.350008
20032.00000 0.355258
20034.00000 0.358683
20036.00000 0.363694
20038.00000 0.367344
20040.00000 0.372134
20042.00000 0.37611
20044.00000 0.38025
20046.00000 0.384818
20048.00000 0.388441
20050.00000 0.393769
20052.00000 0.397765
20054.00000 0.402962
20056.00000 0.40638
20058.00000 0.411706
20060.00000 0.415146
20062.00000 0.420321
20064.00000 0.42405
20066.00000 0.428984
20068.00000 0.43307
20070.00000 0.4377
20072.00000 0.442204
20074.00000 0.44629
20076.00000 0.45135
20078.00000 0.45489
20080.00000 0.460285
20082.00000 0.463698
20084.00000 0.469126
20086.00000 0.472851
20088.00000 0.478284
20090.00000 0.482002
20092.00000 0.486878
20094.00000 0.490828
20096.00000 0.495213
20098.00000 0.499843
20100.00000 0.503455
20102.00000 0.508732
20104.00000 0.512641
20106.00000 0.517549
20108.00000 0.521091
20110.00000 0.526285
20112.00000 0.529762
20114.00000 0.535125
20116.00000 0.53844
20118.00000 0.543072
20120.00000 0.546811
20122.00000 0.551429
20124.00000 0.555797
20126.00000 0.559701
20128.00000 0.564229
20130.00000 0.567502
20132.00000 0.572415
20134.00000 0.575549
20136.00000 0.580518
20138.00000 0.583691
20140.00000 0.588539
20142.00000 0.591872
20144.00000 0.596416
20146.00000 0.599563
20148.00000 0.603827
20150.00000 0.607625
20152.00000 0.611193
20154.00000 0.615315
20156.00000 0.618425
20158.00000 0.622871
20160.00000 0.626138
20162.00000 0.630541
20164.00000 0.633199
20166.00000 0.637425
20168.00000 0.640312
20170.00000 0.644662
20172.00000 0.647593
20174.00000 0.651395
20176.00000 0.654507
20178.00000 0.657993
20180.00000 0.661519
20182.00000 0.664376
20184.00000 0.668201
20186.00000 0.670698
20188.00000 0.674545
20190.00000 0.677272
20192.00000 0.68123
20194.00000 0.683768
20196.00000 0.687183
20198.00000 0.68978
20200.00000 0.692957
20202.00000 0.695905
20204.00000 0.698901
20206.00000 0.701698
20208.00000 0.704288
20210.00000 0.707697
20212.00000 0.710026
20214.00000 0.71317
20216.00000 0.71538
20218.00000 0.718488
20220.00000 0.720754
20222.00000 0.723709
20224.00000 0.726028
20226.00000 0.728888
20228.00000 0.731147
20230.00000 0.733799
20232.00000 0.736243
20234.00000 0.738468
20236.00000 0.7411
20238.00000 0.743065
20240.00000 0.745791
20242.00000 0.747327
20244.00000 0.750036
20246.00000 0.751951
20248.00000 0.754463
20250.00000 0.75673
20252.00000 0.759215
20254.00000 0.760718
20256.00000 0.7628
20258.00000 0.764833
20260.00000 0.766636
20262.00000 0.76886
20264.00000 0.770603
20266.00000 0.77277
20268.00000 0.774297
20270.00000 0.776529
20272.00000 0.777883
20274.00000 0.779982
20276.00000 0.781513
20278.00000 0.783607
20280.00000 0.785126
20282.00000 0.786759
20284.00000 0.788282
20286.00000 0.790026
20288.00000 0.791423
20290.00000 0.793014
20292.00000 0.794835
20294.00000 0.796083
20296.00000 0.797677
20298.00000 0.798905
20300.00000 0.800739
20302.00000 0.802034
20304.00000 0.803549
20306.00000 0.804631
20308.00000 0.806258
20310.00000 0.807337
20312.00000 0.808848
20314.00000 0.809952
20316.00000 0.811164
20318.00000 0.812695
20320.00000 0.81365
20322.00000 0.814842
20324.00000 0.81602
20326.00000 0.817402
20328.00000 0.818343
20330.00000 0.819406
20332.00000 0.820377
20334.00000 0.821637
20336.00000 0.822652
20338.00000 0.823752
20340.00000 0.824749
20342.00000 0.825564
20344.00000 0.826729
20346.00000 0.827613
20348.00000 0.828755
20350.00000 0.829693
20352.00000 0.830637
20354.00000 0.83151
20356.00000 0.832306
20358.00000 0.833287
20360.00000 0.834119
20362.00000 0.834958
20364.00000 0.835789
20366.00000 0.836538
20368.00000 0.837413
20370.00000 0.838191
20372.00000 0.839046
20374.00000 0.839796
20376.00000 0.840587
20378.00000 0.841385
20380.00000 0.841945
20382.00000 0.84285
20384.00000 0.843521
20386.00000 0.844169
20388.00000 0.844892
20390.00000 0.845696
20392.00000 0.846295
20394.00000 0.846924
20396.00000 0.8474
20398.00000 0.848208
20400.00000 0.848959
20402.00000 0.849304
20404.00000 0.850048
20406.00000 0.850606
20408.00000 0.851303
20410.00000 0.85157
20412.00000 0.852162
20414.00000 0.852906
20416.00000 0.853705
20418.00000 0.854042
20420.00000 0.854617
20422.00000 0.85518
20424.00000 0.855606
20426.00000 0.85602
20428.00000 0.856477
20430.00000 0.857075
20432.00000 0.857528
20434.00000 0.857997
20436.00000 0.858433
20438.00000 0.85877
20440.00000 0.859342
20442.00000 0.859808
20444.00000 0.860089
20446.00000 0.860619
20448.00000 0.861078
20450.00000 0.86143
20452.00000 0.861907
20454.00000 0.862127
20456.00000 0.862653
20458.00000 0.863047
20460.00000 0.863369
20462.00000 0.863776
20464.00000 0.864203
20466.00000 0.864577
20468.00000 0.864863
20470.00000 0.865107
20472.00000 0.865517
20474.00000 0.865887
20476.00000 0.866393
20478.00000 0.866523
20480.00000 0.866827
20482.00000 0.867175
20484.00000 0.867632
20486.00000 0.867949
20488.00000 0.868198
20490.00000 0.868396
20492.00000 0.868761
20494.00000 0.868962
20496.00000 0.869368
20498.00000 0.869567
20500.00000 0.869817
20502.00000 0.869962
20504.00000 0.870283
20506.00000 0.870621
20508.00000 0.870832
20510.00000 0.871134
20512.00000 0.871131
20514.00000 0.871488
20516.00000 0.871798
20518.00000 0.871899
20520.00000 0.872326
20522.00000 0.87242
20524.00000 0.872702
20526.00000 0.872722
20528.00000 0.873163
20530.00000 0.87315
20532.00000 0.873474
20534.00000 0.873392
20536.00000 0.873755
20538.00000 0.873925
20540.00000 0.874105
20542.00000 0.874278
20544.00000 0.874396
20546.00000 0.874538
20548.00000 0.874711
20550.00000 0.874799
20552.00000 0.87512
20554.00000 0.875131
20556.00000 0.875378
20558.00000 0.875647
20560.00000 0.875616
20562.00000 0.875783
20564.00000 0.875868
20566.00000 0.875963
20568.00000 0.876155
20570.00000 0.876223
20572.00000 0.876594
20574.00000 0.876571
20576.00000 0.876689
20578.00000 0.87684
20580.00000 0.876807
20582.00000 0.876923
20584.00000 0.877215
20586.00000 0.877331
20588.00000 0.877259
20590.00000 0.87748
20592.00000 0.877545
20594.00000 0.877593
20596.00000 0.877788
20598.00000 0.877682
20600.00000 0.87787
20602.00000 0.877883
20604.00000 0.877945
20606.00000 0.878069
20608.00000 0.877979
20610.00000 0.878145
20612.00000 0.877872
20614.00000 0.878072
20616.00000 0.878247
20618.00000 0.878295
20620.00000 0.878165
20622.00000 0.878362
20624.00000 0.878336
20626.00000 0.878321
20628.00000 0.878373
20630.00000 0.878422
20632.00000 0.87843
20634.00000 0.878478
20636.00000 0.878414
20638.00000 0.87844
20640.00000 0.878655
20642.00000 0.878442
20644.00000 0.878408
20646.00000 0.878436
20648.00000 0.87867
20650.00000 0.878464
20652.00000 0.878435
20654.00000 0.878627
20656.00000 0.87853
20658.00000 0.878651
20660.00000 0.878424
20662.00000 0.878483
20664.00000 0.87843
20666.00000 0.878264
20668.00000 0.87842
20670.00000 0.87846
20672.00000 0.878518
20674.00000 0.878451
20676.00000 0.878269
20678.00000 0.878301
20680.00000 0.878488
20682.00000 0.87833
20684.00000 0.878
20686.00000 0.878034
20688.00000 0.878163
20690.00000 0.878084
20692.00000 0.877909
20694.00000 0.87809
20696.00000 0.877984
20698.00000 0.877863
20700.00000 0.877706
20702.00000 0.877696
20704.00000 0.877731
20706.00000 0.87759
20708.00000 0.877504
20710.00000 0.877356
20712.00000 0.877219
20714.00000 0.877185
20716.00000 0.87725
20718.00000 0.877301
20720.00000 0.877186
20722.00000 0.87711
20724.00000 0.876911
20726.00000 0.876726
20728.00000 0.876731
20730.00000 0.876677
20732.00000 0.876533
20734.00000 0.876452
20736.00000 0.876521
20738.00000 0.876324
20740.00000 0.87625
20742.00000 0.876312
20744.00000 0.876073
20746.00000 0.876039
20748.00000 0.876002
20750.00000 0.875945
20752.00000 0.875516
20754.00000 0.875368
20756.00000 0.875631
20758.00000 0.875355
20760.00000 0.875236
20762.00000 0.8752
20764.00000 0.874956
20766.00000 0.874901
20768.00000 0.87467
20770.00000 0.874653
20772.00000 0.874623
20774.00000 0.874646
20776.00000 0.874423
20778.00000 0.874175
20780.00000 0.874105
20782.00000 0.873917
20784.00000 0.873849
20786.00000 0.873633
20788.00000 0.873664
20790.00000 0.87361
20792.00000 0.873311
20794.00000 0.873145
20796.00000 0.87315
20798.00000 0.873204
20800.00000 0.872754
20802.00000 0.872715
20804.00000 0.872564
20806.00000 0.87271
20808.00000 0.872326
20810.00000 0.87216
20812.00000 0.872099
20814.00000 0.87191
20816.00000 0.871784
20818.00000 0.87168
20820.00000 0.871515
20822.00000 0.87124
20824.00000 0.871231
20826.00000 0.871019
20828.00000 0.871021
20830.00000 0.870776
20832.00000 0.870617
20834.00000 0.870479
20836.00000 0.870308
20838.00000 0.869988
20840.00000 0.869998
20842.00000 0.869943
20844.00000 0.869832
20846.00000 0.869771
20848.00000 0.869477
20850.00000 0.869356
20852.00000 0.869166
20854.00000 0.869042
20856.00000 0.869004
20858.00000 0.868762
20860.00000 0.868546
20862.00000 0.868455
20864.00000 0.868278
20866.00000 0.868142
20868.00000 0.868146
20870.00000 0.867905
20872.00000 0.867785
20874.00000 0.867641
20876.00000 0.867582
20878.00000 0.867455
20880.00000 0.867197
20882.00000 0.867071
20884.00000 0.867026
20886.00000 0.866869
20888.00000 0.866401
20890.00000 0.866458
20892.00000 0.866245
20894.00000 0.866238
20896.00000 0.86582
20898.00000 0.865862
20900.00000 0.865619
20902.00000 0.865627
20904.00000 0.865497
20906.00000 0.865273
20908.00000 0.865059
20910.00000 0.864983
20912.00000 0.864746
20914.00000 0.864773
20916.00000 0.864596
20918.00000 0.864326
20920.00000 0.864204
20922.00000 0.863837
20924.00000 0.863837
20926.00000 0.863746
20928.00000 0.863633
20930.00000 0.863474
20932.00000 0.86325
20934.00000 0.862982
20936.00000 0.862882
20938.00000 0.862775
20940.00000 0.862773
20942.00000 0.862726
20944.00000 0.862264
20946.00000 0.862089
20948.00000 0.86217
20950.00000 0.862068
20952.00000 0.861721
20954.00000 0.861978
20956.00000 0.861524
20958.00000 0.86146
20960.00000 0.86122
20962.00000 0.861168
20964.00000 0.860941
20966.00000 0.861068
20968.00000 0.86068
20970.00000 0.860643
20972.00000 0.86039
20974.00000 0.860231
20976.00000 0.860116
20978.00000 0.860171
20980.00000 0.859901
