threeML/data/optical_filters/Subaru/MOIRCS-K.ecsv
# %ECSV 0.9
# ---
# datatype:
# - {name: wavelength, unit: Angstrom, datatype: float32}
# - {name: response, datatype: float32}
# meta: !!omap
# - {band_name: K}
# - {group_name: MOIRCS}
wavelength response
[from data line 768]
20984.00000 0.859701
20986.00000 0.859643
20988.00000 0.859229
20990.00000 0.859176
20992.00000 0.859129
20994.00000 0.85895
20996.00000 0.858874
20998.00000 0.858786
21000.00000 0.858536
21002.00000 0.858344
21004.00000 0.858379
21006.00000 0.858161
21008.00000 0.858001
21010.00000 0.857856
21012.00000 0.857716
21014.00000 0.85756
21016.00000 0.857773
21018.00000 0.857452
21020.00000 0.85731
21022.00000 0.857014
21024.00000 0.856936
21026.00000 0.856763
21028.00000 0.856935
21030.00000 0.856636
21032.00000 0.856576
21034.00000 0.856377
21036.00000 0.856421
21038.00000 0.856242
21040.00000 0.856153
21042.00000 0.855956
21044.00000 0.855901
21046.00000 0.855668
21048.00000 0.855651
21050.00000 0.855481
21052.00000 0.855376
21054.00000 0.855507
21056.00000 0.855123
21058.00000 0.85524
21060.00000 0.855036
21062.00000 0.854806
21064.00000 0.854789
21066.00000 0.85464
21068.00000 0.854694
21070.00000 0.854396
21072.00000 0.85444
21074.00000 0.854329
21076.00000 0.854187
21078.00000 0.854065
21080.00000 0.854076
21082.00000 0.853979
21084.00000 0.853776
21086.00000 0.853672
21088.00000 0.853647
21090.00000 0.853554
21092.00000 0.853222
21094.00000 0.853342
21096.00000 0.85322
21098.00000 0.853045
21100.00000 0.853013
21102.00000 0.853024
21104.00000 0.852776
21106.00000 0.852813
21108.00000 0.852794
21110.00000 0.852694
21112.00000 0.852546
21114.00000 0.852427
21116.00000 0.852372
21118.00000 0.852359
21120.00000 0.852209
21122.00000 0.852278
21124.00000 0.852028
21126.00000 0.852033
21128.00000 0.851996
21130.00000 0.851871
21132.00000 0.851858
21134.00000 0.85177
21136.00000 0.851699
21138.00000 0.851554
21140.00000 0.851446
21142.00000 0.851521
21144.00000 0.851475
21146.00000 0.851404
21148.00000 0.851312
21150.00000 0.851308
21152.00000 0.851265
21154.00000 0.851304
21156.00000 0.851234
21158.00000 0.851194
21160.00000 0.851024
21162.00000 0.85095
21164.00000 0.851006
21166.00000 0.850906
21168.00000 0.850787
21170.00000 0.850851
21172.00000 0.850923
21174.00000 0.850808
21176.00000 0.850678
21178.00000 0.850574
21180.00000 0.85063
21182.00000 0.850503
21184.00000 0.850555
21186.00000 0.850453
21188.00000 0.850447
21190.00000 0.850507
21192.00000 0.850348
21194.00000 0.850217
21196.00000 0.850349
21198.00000 0.850179
21200.00000 0.85028
21202.00000 0.850214
21204.00000 0.849972
21206.00000 0.850183
21208.00000 0.850019
21210.00000 0.850076
21212.00000 0.850013
21214.00000 0.850108
21216.00000 0.850131
21218.00000 0.850072
21220.00000 0.84999
21222.00000 0.849839
21224.00000 0.849835
21226.00000 0.849854
21228.00000 0.84977
21230.00000 0.849931
21232.00000 0.849913
21234.00000 0.850029
21236.00000 0.849952
21238.00000 0.8499
21240.00000 0.849924
21242.00000 0.849772
21244.00000 0.849787
21246.00000 0.849798
21248.00000 0.84972
21250.00000 0.849916
21252.00000 0.849804
21254.00000 0.849939
21256.00000 0.849812
21258.00000 0.849843
21260.00000 0.849982
21262.00000 0.849972
21264.00000 0.849973
21266.00000 0.850026
21268.00000 0.849848
21270.00000 0.85006
21272.00000 0.850023
21274.00000 0.849917
21276.00000 0.850064
21278.00000 0.85009
21280.00000 0.850115
21282.00000 0.85018
21284.00000 0.850114
21286.00000 0.850106
21288.00000 0.850149
21290.00000 0.850276
21292.00000 0.850118
21294.00000 0.850029
21296.00000 0.8503
21298.00000 0.850329
21300.00000 0.850095
21302.00000 0.850149
21304.00000 0.85023
21306.00000 0.850341
21308.00000 0.850322
21310.00000 0.850306
21312.00000 0.850343
21314.00000 0.850457
21316.00000 0.850449
21318.00000 0.850568
21320.00000 0.850693
21322.00000 0.850671
21324.00000 0.85064
21326.00000 0.850677
21328.00000 0.850654
21330.00000 0.850918
21332.00000 0.8507
21334.00000 0.850843
21336.00000 0.850829
21338.00000 0.850887
21340.00000 0.850703
21342.00000 0.850928
21344.00000 0.851068
21346.00000 0.851064
21348.00000 0.850926
21350.00000 0.851142
21352.00000 0.851215
21354.00000 0.851327
21356.00000 0.851244
21358.00000 0.851449
21360.00000 0.851643
21362.00000 0.851512
21364.00000 0.85146
21366.00000 0.851512
21368.00000 0.851679
21370.00000 0.851647
21372.00000 0.851766
21374.00000 0.851759
21376.00000 0.851942
21378.00000 0.851964
21380.00000 0.85203
21382.00000 0.852041
21384.00000 0.852125
21386.00000 0.85221
21388.00000 0.852486
21390.00000 0.852417
21392.00000 0.852417
21394.00000 0.852409
21396.00000 0.852432
21398.00000 0.852636
21400.00000 0.852719
21402.00000 0.852728
21404.00000 0.852735
21406.00000 0.852868
21408.00000 0.852905
21410.00000 0.85306
21412.00000 0.853025
21414.00000 0.853023
21416.00000 0.853023
21418.00000 0.853283
21420.00000 0.853347
21422.00000 0.853231
21424.00000 0.853528
21426.00000 0.853467
21428.00000 0.853681
21430.00000 0.85361
21432.00000 0.853788
21434.00000 0.853875
21436.00000 0.854014
21438.00000 0.854111
21440.00000 0.85407
21442.00000 0.854182
21444.00000 0.854311
21446.00000 0.854266
21448.00000 0.854441
21450.00000 0.854447
21452.00000 0.854528
21454.00000 0.854741
21456.00000 0.854789
21458.00000 0.854816
21460.00000 0.854875
21462.00000 0.855126
21464.00000 0.854901
21466.00000 0.855164
21468.00000 0.855097
21470.00000 0.855202
21472.00000 0.855389
21474.00000 0.855467
21476.00000 0.85542
21478.00000 0.855631
21480.00000 0.855667
21482.00000 0.855626
21484.00000 0.855816
21486.00000 0.855932
21488.00000 0.856041
21490.00000 0.856144
21492.00000 0.856097
21494.00000 0.856143
21496.00000 0.856279
21498.00000 0.856319
21500.00000 0.856546
21502.00000 0.856699
21504.00000 0.856694
21506.00000 0.856916
21508.00000 0.857002
21510.00000 0.856821
21512.00000 0.857074
21514.00000 0.857152
21516.00000 0.857125
21518.00000 0.857132
21520.00000 0.857349
21522.00000 0.857424
21524.00000 0.857595
21526.00000 0.85765
21528.00000 0.857768
21530.00000 0.857766
21532.00000 0.857845
21534.00000 0.85785
21536.00000 0.857953
21538.00000 0.857997
21540.00000 0.858244
21542.00000 0.858241
21544.00000 0.858295
21546.00000 0.858281
21548.00000 0.858429
21550.00000 0.858451
21552.00000 0.858535
21554.00000 0.858683
21556.00000 0.858818
21558.00000 0.858917
21560.00000 0.859005
21562.00000 0.859012
21564.00000 0.85899
21566.00000 0.859151
21568.00000 0.859211
21570.00000 0.85916
21572.00000 0.859279
21574.00000 0.859427
21576.00000 0.859497
21578.00000 0.859511
21580.00000 0.85953
21582.00000 0.859802
21584.00000 0.85986
21586.00000 0.859908
21588.00000 0.859958
21590.00000 0.859973
21592.00000 0.860121
21594.00000 0.860282
21596.00000 0.860274
21598.00000 0.860311
21600.00000 0.86042
21602.00000 0.860564
21604.00000 0.860544
21606.00000 0.860523
21608.00000 0.860553
21610.00000 0.860703
21612.00000 0.860749
21614.00000 0.860803
21616.00000 0.860962
21618.00000 0.86102
21620.00000 0.861056
21622.00000 0.861159
21624.00000 0.86113
21626.00000 0.861273
21628.00000 0.861237
21630.00000 0.861392
21632.00000 0.861374
21634.00000 0.861271
21636.00000 0.861358
21638.00000 0.861619
21640.00000 0.861477
21642.00000 0.861609
21644.00000 0.861821
21646.00000 0.861813
21648.00000 0.861868
21650.00000 0.861964
21652.00000 0.86198
21654.00000 0.862033
21656.00000 0.861973
21658.00000 0.86203
21660.00000 0.862129
21662.00000 0.862165
21664.00000 0.862228
21666.00000 0.862339
21668.00000 0.862235
21670.00000 0.862243
21672.00000 0.862477
21674.00000 0.862248
21676.00000 0.862332
21678.00000 0.862362
21680.00000 0.862484
21682.00000 0.862526
21684.00000 0.862511
21686.00000 0.862564
21688.00000 0.862715
21690.00000 0.862675
21692.00000 0.862648
21694.00000 0.862815
21696.00000 0.862695
21698.00000 0.862828
21700.00000 0.862751
21702.00000 0.862802
21704.00000 0.862804
21706.00000 0.862733
21708.00000 0.862798
21710.00000 0.862817
21712.00000 0.862783
21714.00000 0.862765
21716.00000 0.862875
21718.00000 0.862859
21720.00000 0.862908
21722.00000 0.862779
21724.00000 0.862932
21726.00000 0.862804
21728.00000 0.862742
21730.00000 0.862879
21732.00000 0.862931
21734.00000 0.86288
21736.00000 0.862826
21738.00000 0.862825
21740.00000 0.862767
21742.00000 0.862795
21744.00000 0.862763
21746.00000 0.862745
21748.00000 0.862826
21750.00000 0.86278
21752.00000 0.862825
21754.00000 0.862746
21756.00000 0.86288
21758.00000 0.862646
21760.00000 0.862569
21762.00000 0.862718
21764.00000 0.862647
21766.00000 0.862543
21768.00000 0.862565
21770.00000 0.86248
21772.00000 0.862453
21774.00000 0.862381
21776.00000 0.862226
21778.00000 0.862333
21780.00000 0.862393
21782.00000 0.862352
21784.00000 0.862191
21786.00000 0.862095
21788.00000 0.862153
21790.00000 0.861999
21792.00000 0.861939
21794.00000 0.861835
21796.00000 0.861994
21798.00000 0.861714
21800.00000 0.861811
21802.00000 0.861862
21804.00000 0.861725
21806.00000 0.86145
21808.00000 0.861496
21810.00000 0.861522
21812.00000 0.861386
21814.00000 0.861422
21816.00000 0.861271
21818.00000 0.861224
21820.00000 0.861052
21822.00000 0.860985
21824.00000 0.860826
21826.00000 0.861003
21828.00000 0.860743
21830.00000 0.860667
21832.00000 0.860769
21834.00000 0.860345
21836.00000 0.860541
21838.00000 0.860388
21840.00000 0.860298
21842.00000 0.860144
21844.00000 0.859985
21846.00000 0.860093
21848.00000 0.860054
21850.00000 0.859782
21852.00000 0.859756
21854.00000 0.859508
21856.00000 0.859461
21858.00000 0.859351
21860.00000 0.859189
21862.00000 0.859163
21864.00000 0.859057
21866.00000 0.858966
21868.00000 0.85885
21870.00000 0.858711
21872.00000 0.858533
21874.00000 0.858376
21876.00000 0.858319
21878.00000 0.858161
21880.00000 0.858083
21882.00000 0.857944
21884.00000 0.857883
21886.00000 0.857862
21888.00000 0.857645
21890.00000 0.857657
21892.00000 0.857407
21894.00000 0.85721
21896.00000 0.857148
21898.00000 0.857178
21900.00000 0.856984
21902.00000 0.856725
21904.00000 0.856598
21906.00000 0.856514
21908.00000 0.856292
21910.00000 0.856289
21912.00000 0.856128
21914.00000 0.855952
21916.00000 0.855885
21918.00000 0.855742
21920.00000 0.855539
21922.00000 0.855574
21924.00000 0.855172
21926.00000 0.855177
21928.00000 0.854893
21930.00000 0.854915
21932.00000 0.854754
21934.00000 0.854537
21936.00000 0.854465
21938.00000 0.854425
21940.00000 0.854197
21942.00000 0.854105
21944.00000 0.853881
21946.00000 0.853727
21948.00000 0.85361
21950.00000 0.853483
21952.00000 0.853359
21954.00000 0.853255
21956.00000 0.852948
21958.00000 0.852845
21960.00000 0.852762
21962.00000 0.852528
21964.00000 0.852455
21966.00000 0.852342
21968.00000 0.852039
21970.00000 0.851834
21972.00000 0.851786
21974.00000 0.851546
21976.00000 0.851605
21978.00000 0.851348
21980.00000 0.851189
21982.00000 0.85124
21984.00000 0.851033
21986.00000 0.850778
21988.00000 0.850719
21990.00000 0.850393
21992.00000 0.850401
21994.00000 0.850243
21996.00000 0.850213
21998.00000 0.849856
22000.00000 0.849664
22002.00000 0.849653
22004.00000 0.849493
22006.00000 0.849271
22008.00000 0.849139
22010.00000 0.848892
22012.00000 0.848838
22014.00000 0.848701
22016.00000 0.84864
22018.00000 0.848288
22020.00000 0.848233
22022.00000 0.848178
22024.00000 0.847919
22026.00000 0.8478
22028.00000 0.84765
22030.00000 0.847601
22032.00000 0.847404
22034.00000 0.847241
22036.00000 0.847049
22038.00000 0.846988
22040.00000 0.846771
22042.00000 0.846566
22044.00000 0.8466
22046.00000 0.846379
22048.00000 0.846157
22050.00000 0.84604
22052.00000 0.845845
22054.00000 0.845795
22056.00000 0.845512
22058.00000 0.845481
22060.00000 0.845202
22062.00000 0.845227
22064.00000 0.845021
22066.00000 0.844862
22068.00000 0.84475
22070.00000 0.84449
22072.00000 0.844316
22074.00000 0.84423
22076.00000 0.84409
22078.00000 0.844047
22080.00000 0.843894
22082.00000 0.843781
22084.00000 0.843587
22086.00000 0.843358
22088.00000 0.84309
22090.00000 0.843049
22092.00000 0.842846
22094.00000 0.84285
22096.00000 0.842419
22098.00000 0.842409
22100.00000 0.842388
22102.00000 0.842243
22104.00000 0.841955
22106.00000 0.841857
22108.00000 0.841851
22110.00000 0.841479
22112.00000 0.84145
22114.00000 0.841227
22116.00000 0.84122
22118.00000 0.841001
22120.00000 0.840857
22122.00000 0.840699
22124.00000 0.840559
22126.00000 0.840415
22128.00000 0.840309
22130.00000 0.840036
22132.00000 0.840029
22134.00000 0.839894
22136.00000 0.839637
22138.00000 0.839615
22140.00000 0.839481
22142.00000 0.839386
22144.00000 0.839245
22146.00000 0.839028
22148.00000 0.839101
22150.00000 0.838941
22152.00000 0.83869
22154.00000 0.838466
22156.00000 0.838384
22158.00000 0.83833
22160.00000 0.838139
22162.00000 0.837816
22164.00000 0.837804
22166.00000 0.837665
22168.00000 0.8375
22170.00000 0.837495
22172.00000 0.837226
22174.00000 0.837161
22176.00000 0.837114
22178.00000 0.837111
22180.00000 0.836815
22182.00000 0.836614
22184.00000 0.836633
22186.00000 0.836464
22188.00000 0.836215
22190.00000 0.836292
22192.00000 0.835891
22194.00000 0.836001
22196.00000 0.835794
22198.00000 0.835775
22200.00000 0.83551
22202.00000 0.835412
22204.00000 0.835317
22206.00000 0.835052
22208.00000 0.835074
22210.00000 0.834991
22212.00000 0.83481
22214.00000 0.834918
22216.00000 0.834642
22218.00000 0.834609
22220.00000 0.834433
22222.00000 0.83436
22224.00000 0.834277
22226.00000 0.834243
22228.00000 0.833977
22230.00000 0.833966
22232.00000 0.834026
22234.00000 0.833671
22236.00000 0.833666
22238.00000 0.833494
22240.00000 0.833309
22242.00000 0.833429
22244.00000 0.833233
22246.00000 0.832992
22248.00000 0.833082
22250.00000 0.833018
22252.00000 0.832813
22254.00000 0.832695
22256.00000 0.832633
22258.00000 0.832572
22260.00000 0.832495
22262.00000 0.832445
22264.00000 0.832317
22266.00000 0.832258
22268.00000 0.832185
22270.00000 0.831968
22272.00000 0.831888
22274.00000 0.83175
22276.00000 0.831984
22278.00000 0.831674
22280.00000 0.831536
22282.00000 0.831494
22284.00000 0.831483
22286.00000 0.831427
22288.00000 0.831332
22290.00000 0.831214
22292.00000 0.831255
22294.00000 0.831167
22296.00000 0.831072
22298.00000 0.830911
22300.00000 0.830949
22302.00000 0.830802
22304.00000 0.830848
22306.00000 0.830801
22308.00000 0.83059
22310.00000 0.830485
22312.00000 0.830558
22314.00000 0.830476
22316.00000 0.830395
22318.00000 0.830366
22320.00000 0.830299
22322.00000 0.830317
22324.00000 0.830199
22326.00000 0.830239
22328.00000 0.830048
22330.00000 0.830003
22332.00000 0.830023
22334.00000 0.83005
22336.00000 0.829865
22338.00000 0.829984
22340.00000 0.829793
22342.00000 0.829729
22344.00000 0.829631
22346.00000 0.829671
22348.00000 0.829724
22350.00000 0.829772
22352.00000 0.829437
22354.00000 0.829537
22356.00000 0.829489
22358.00000 0.829482
22360.00000 0.829408
22362.00000 0.829497
22364.00000 0.829412
22366.00000 0.829399
22368.00000 0.829208
22370.00000 0.829331
22372.00000 0.829205
22374.00000 0.829247
22376.00000 0.829307
22378.00000 0.829155
22380.00000 0.829336
22382.00000 0.82915
22384.00000 0.829247
22386.00000 0.82929
22388.00000 0.829154
22390.00000 0.829118
22392.00000 0.829225
22394.00000 0.82907
22396.00000 0.82909
22398.00000 0.829108
22400.00000 0.829167
22402.00000 0.829066
22404.00000 0.829193
22406.00000 0.829109
22408.00000 0.829108
22410.00000 0.829133
22412.00000 0.829232
22414.00000 0.829224
22416.00000 0.828961
22418.00000 0.829116
22420.00000 0.829074
22422.00000 0.829076
22424.00000 0.829076
22426.00000 0.829087
22428.00000 0.829087
22430.00000 0.829171
22432.00000 0.829104
22434.00000 0.829287
22436.00000 0.829355
22438.00000 0.829249
22440.00000 0.829344
22442.00000 0.829311
22444.00000 0.829485
22446.00000 0.829187
22448.00000 0.829453
22450.00000 0.829295
22452.00000 0.829531
22454.00000 0.829427
22456.00000 0.829534
22458.00000 0.829502
22460.00000 0.829705
22462.00000 0.829634
22464.00000 0.829782
22466.00000 0.82982
22468.00000 0.829839
22470.00000 0.829837
22472.00000 0.829806
22474.00000 0.830003
22476.00000 0.829982
22478.00000 0.829939
22480.00000 0.830145
22482.00000 0.829912
22484.00000 0.830317
22486.00000 0.830214
22488.00000 0.83033
22490.00000 0.830371
22492.00000 0.830375
22494.00000 0.830486
22496.00000 0.830518
22498.00000 0.830647
22500.00000 0.83072
22502.00000 0.830703
22504.00000 0.830742
22506.00000 0.830806
22508.00000 0.830989
22510.00000 0.830976
22512.00000 0.831048
