threeML/data/optical_filters/Subaru/Suprime-SDSS_i.ecsv
# %ECSV 0.9
# ---
# datatype:
# - {name: wavelength, unit: Angstrom, datatype: float32}
# - {name: response, datatype: float32}
# meta: !!omap
# - {band_name: SDSS_i}
# - {group_name: Suprime}
wavelength response
6043.50000 0.0
6715.00000 0.00739
6727.89990 0.01302
6740.70020 0.02171
6753.60010 0.03436
6766.50000 0.05197
6779.29980 0.0753
6792.20020 0.10477
6805.00000 0.14044
6817.89990 0.18202
6830.70020 0.22877
6843.60010 0.27963
6856.39990 0.33332
6869.29980 0.38843
6882.10010 0.44348
6895.00000 0.49748
6907.79980 0.54944
6920.70020 0.59836
6933.60010 0.64366
6946.39990 0.68495
6959.29980 0.72202
6972.10010 0.75465
6985.00000 0.78323
6997.79980 0.80784
7010.70020 0.82866
7023.50000 0.84615
7036.39990 0.86057
7049.20020 0.87294
7062.10010 0.88323
7074.89990 0.89197
7087.79980 0.89989
7100.70020 0.90698
7113.50000 0.91378
7126.39990 0.92016
7139.20020 0.92632
7152.10010 0.9328
7164.89990 0.93908
7177.79980 0.94485
7190.60010 0.95056
7203.50000 0.95583
7216.29980 0.96057
7229.20020 0.96438
7242.00000 0.9675
7254.89990 0.97033
7267.79980 0.97245
7280.60010 0.97418
7293.50000 0.97496
7306.29980 0.97463
7319.20020 0.974
7332.00000 0.97299
7344.89990 0.97204
7357.70020 0.97047
7370.60010 0.96898
7383.39990 0.96821
7396.29980 0.96794
7409.10010 0.96814
7422.00000 0.96855
7434.89990 0.96975
7447.70020 0.97151
7460.60010 0.97341
7473.39990 0.97546
7486.29980 0.97744
7499.10010 0.9795
7512.00000 0.98143
7524.79980 0.98295
7537.70020 0.98418
7550.50000 0.98501
7563.39990 0.98481
7576.29980 0.9837
7589.10010 0.98191
7602.00000 0.97925
7614.79980 0.9769
7627.70020 0.97479
7640.50000 0.97181
7653.39990 0.96996
7666.20020 0.96853
7679.10010 0.96825
7691.89990 0.9693
7704.79980 0.96952
7717.60010 0.97009
7730.50000 0.97164
7743.39990 0.9734
7756.20020 0.97597
7769.10010 0.97854
7781.89990 0.98126
7794.79980 0.98428
7807.60010 0.98738
7820.50000 0.99008
7833.29980 0.99204
7846.20020 0.99314
7859.00000 0.99322
7871.89990 0.99166
7884.70020 0.98983
7897.60010 0.98829
7910.50000 0.98622
7923.29980 0.98373
7936.20020 0.98128
7949.00000 0.97947
7961.89990 0.97772
7974.70020 0.97596
7987.60010 0.97419
8000.39990 0.9727
8013.29980 0.97078
8026.10010 0.96853
8039.00000 0.9659
8051.79980 0.96361
8064.70020 0.96173
8077.60010 0.9595
8090.39990 0.9577
8103.29980 0.95785
8116.10010 0.95845
8129.00000 0.95873
8141.79980 0.95926
8154.70020 0.95935
8167.50000 0.95899
8180.39990 0.9579
8193.20020 0.95498
8206.09961 0.95132
8219.00000 0.94752
8231.79980 0.94296
8244.70020 0.93765
8257.50000 0.93178
8270.40039 0.9254
8283.20020 0.91842
8296.09961 0.91048
8308.90039 0.90123
8321.79980 0.89048
8334.59961 0.87757
8347.50000 0.86088
8360.29980 0.83926
8373.20020 0.81143
8386.09961 0.77594
8398.90039 0.73215
8411.79980 0.67961
8424.59961 0.61953
8437.50000 0.55378
8450.29980 0.48433
8463.20020 0.41439
8476.00000 0.34646
8488.90039 0.2833
8501.70020 0.22688
8514.59961 0.17793
8527.40039 0.13712
8540.29980 0.10408
8553.20020 0.07816
8566.00000 0.05823
8578.90039 0.04316
8591.70020 0.03224
8604.59961 0.02434
8617.40039 0.01862
8630.29980 0.01457
8643.09961 0.01177
8656.00000 0.00985
8668.79980 0.00849
8681.70020 0.00744
8694.50000 0.00665
8707.40039 0.00608
8720.29980 0.0056
8733.09961 0.0052
8746.00000 0.00494
8758.79980 0.00477
8771.70020 0.00467
8784.50000 0.00457
8797.40039 0.0045
8810.20020 0.00446
8823.09961 0.00438
8835.90039 0.00425
8848.79980 0.00405
9733.67969 0.0
