threeML/data/optical_filters/Subaru/Suprime-B.ecsv
# %ECSV 0.9
# ---
# datatype:
# - {name: wavelength, unit: Angstrom, datatype: float32}
# - {name: response, datatype: float32}
# meta: !!omap
# - {band_name: B}
# - {group_name: Suprime}
wavelength response
3230.55005 0.0
3589.50000 0.00459
3599.39990 0.00784
3609.30005 0.01263
3619.19995 0.01917
3629.10010 0.02757
3639.00000 0.03775
3648.89990 0.04954
3658.80005 0.06283
3668.69995 0.07767
3678.60010 0.0944
3688.50000 0.11366
3698.39990 0.13622
3708.30005 0.16223
3718.19995 0.19101
3728.00000 0.22165
3737.89990 0.25255
3747.80005 0.28214
3757.69995 0.30975
3767.60010 0.3347
3777.50000 0.35673
3787.39990 0.3768
3797.30005 0.39576
3807.19995 0.41468
3817.10010 0.43504
3827.00000 0.45702
3836.89990 0.48037
3846.80005 0.50474
3856.69995 0.52845
3866.60010 0.55065
3876.50000 0.57145
3886.39990 0.59053
3896.30005 0.6083
3906.19995 0.62494
3916.10010 0.64009
3926.00000 0.65396
3935.89990 0.66657
3945.80005 0.67795
3955.69995 0.68805
3965.60010 0.69655
3975.50000 0.7038
3985.39990 0.71063
3995.30005 0.71712
4005.19995 0.7232
4015.10010 0.72851
4025.00000 0.73303
4034.89990 0.73696
4044.80005 0.74086
4054.69995 0.74551
4064.60010 0.7512
4074.50000 0.75778
4084.39990 0.76473
4094.30005 0.77244
4104.20020 0.78101
4114.10010 0.78951
4124.00000 0.79741
4133.89990 0.80467
4143.79980 0.81117
4153.70020 0.81719
4163.60010 0.82277
4173.50000 0.82744
4183.39990 0.8306
4193.29980 0.83154
4203.20020 0.83038
4213.10010 0.82839
4223.00000 0.82693
4232.89990 0.82624
4242.79980 0.82655
4252.70020 0.82811
4262.60010 0.83055
4272.50000 0.83373
4282.39990 0.83789
4292.29980 0.84245
4302.20020 0.84659
4312.10010 0.85077
4322.00000 0.8552
4331.89990 0.85953
4341.79980 0.86393
4351.70020 0.86849
4361.60010 0.87285
4371.50000 0.87649
4381.39990 0.87891
4391.29980 0.88024
4401.20020 0.88053
4411.10010 0.87939
4421.00000 0.87736
4430.89990 0.87563
4440.70020 0.87474
4450.60010 0.87483
4460.50000 0.87591
4470.39990 0.87784
4480.29980 0.88022
4490.20020 0.88279
4500.10010 0.88561
4510.00000 0.8889
4519.89990 0.89229
4529.79980 0.89528
4539.70020 0.89795
4549.60010 0.89991
4559.50000 0.9007
4569.39990 0.90006
4579.29980 0.89793
4589.20020 0.89414
4599.10010 0.8889
4609.00000 0.88276
4618.89990 0.87636
4628.79980 0.87076
4638.70020 0.86656
4648.60010 0.86421
4658.50000 0.86383
4668.39990 0.86507
4678.29980 0.86765
4688.20020 0.87133
4698.10010 0.87568
4708.00000 0.88006
4717.89990 0.88449
4727.79980 0.88911
4737.70020 0.89377
4747.60010 0.89843
4757.50000 0.90271
4767.39990 0.90568
4777.29980 0.90685
4787.20020 0.90595
4797.10010 0.90288
4807.00000 0.89804
4816.89990 0.89146
4826.79980 0.88237
4836.70020 0.86832
4846.60010 0.84594
4856.50000 0.81193
4866.39990 0.76469
4876.29980 0.70439
4886.20020 0.6326
4896.10010 0.55334
4906.00000 0.47192
4915.89990 0.39277
4925.79980 0.31931
4935.70020 0.25429
4945.60010 0.19907
4955.50000 0.15363
4965.39990 0.11719
4975.29980 0.08869
4985.20020 0.06685
4995.10010 0.05037
5005.00000 0.03806
5014.89990 0.02893
5024.79980 0.02223
5034.70020 0.01731
5044.60010 0.01368
5054.50000 0.01101
5064.39990 0.00903
5074.29980 0.00756
5084.20020 0.00647
5094.10010 0.00561
5104.00000 0.00493
5113.89990 0.00438
5625.29004 0.0
