threeML/data/optical_filters/Subaru/Suprime-Ic.ecsv
# %ECSV 0.9
# ---
# datatype:
# - {name: wavelength, unit: Angstrom, datatype: float32}
# - {name: response, datatype: float32}
# meta: !!omap
# - {band_name: Ic}
# - {group_name: Suprime}
wavelength response
6325.91992 0.0
7028.79980 0.00595
7040.50000 0.00917
7052.20020 0.01361
7063.89990 0.01957
7075.60010 0.02734
7087.29980 0.0371
7099.00000 0.04921
7110.70020 0.06391
7122.39990 0.08122
7134.10010 0.10121
7145.79980 0.12386
7157.50000 0.14915
7169.20020 0.17696
7180.89990 0.20673
7192.60010 0.23813
7204.29980 0.271
7216.00000 0.30488
7227.70020 0.33913
7239.39990 0.37326
7251.10010 0.4069
7262.79980 0.44008
7274.50000 0.47244
7286.20020 0.50426
7297.89990 0.53545
7309.60010 0.56557
7321.29980 0.59371
7333.00000 0.62022
7344.70020 0.64558
7356.39990 0.66981
7368.10010 0.69266
7379.79980 0.7142
7391.50000 0.73459
7403.20020 0.75397
7414.89990 0.77165
7426.60010 0.7867
7438.29980 0.79994
7450.00000 0.81187
7461.70020 0.82246
7473.39990 0.83218
7485.10010 0.84132
7496.79980 0.85058
7508.50000 0.86008
7520.20020 0.86908
7531.89990 0.87788
7543.60010 0.88521
7555.29980 0.88965
7567.00000 0.89341
7578.70020 0.89693
7590.39990 0.89944
7602.10010 0.90152
7613.79980 0.90302
7625.50000 0.90521
7637.20020 0.90857
7648.89990 0.91159
7660.60010 0.91425
7672.29980 0.91712
7684.00000 0.91912
7695.70020 0.92157
7707.39990 0.9241
7719.10010 0.92643
7730.79980 0.92831
7742.50000 0.92993
7754.20020 0.93176
7765.89990 0.93482
7777.60010 0.93783
7789.29980 0.9396
7801.00000 0.93971
7812.70020 0.93907
7824.39990 0.93974
7836.10010 0.94029
7847.79980 0.93856
7859.50000 0.93577
7871.20020 0.93277
7882.89990 0.93052
7894.60010 0.92897
7906.29980 0.92757
7918.00000 0.92567
7929.70020 0.92366
7941.39990 0.92246
7953.10010 0.92172
7964.79980 0.92043
7976.50000 0.91993
7988.20020 0.92055
7999.89990 0.92076
8011.60010 0.92098
8023.29980 0.92202
8035.00000 0.92316
8046.70020 0.924
8058.39990 0.92544
8070.10010 0.92659
8081.79980 0.92708
8093.50000 0.92747
8105.20020 0.92638
8116.89990 0.92529
8128.60010 0.92393
8140.29980 0.92274
8152.00000 0.92034
8163.70020 0.91741
8175.39990 0.91449
8187.10010 0.91165
8198.79980 0.9094
8210.40039 0.90663
8222.09961 0.90378
8233.79980 0.90092
8245.50000 0.89801
8257.20020 0.89492
8268.90039 0.89162
8280.59961 0.8881
8292.29980 0.88441
8304.00000 0.8806
8315.70020 0.87666
8327.40039 0.8726
8339.09961 0.86854
8350.79980 0.86454
8362.50000 0.86054
8374.20020 0.85661
8385.90039 0.85302
8397.59961 0.84982
8409.29980 0.84712
8421.00000 0.84535
8432.70020 0.84454
8444.40039 0.84463
8456.09961 0.84543
8467.79980 0.84665
8479.50000 0.84765
8491.20020 0.84832
8502.90039 0.84887
8514.59961 0.84838
8526.29980 0.8459
8538.00000 0.84119
8549.70020 0.83426
8561.40039 0.82515
8573.09961 0.81292
8584.79980 0.79569
8596.50000 0.77254
8608.20020 0.74341
8619.90039 0.7092
8631.59961 0.66989
8643.29980 0.62501
8655.00000 0.57523
8666.70020 0.52155
8678.40039 0.46696
8690.09961 0.41254
8701.79980 0.35959
8713.50000 0.30856
8725.20020 0.26
8736.90039 0.21624
8748.59961 0.17787
8760.29980 0.14499
8772.00000 0.11687
8783.70020 0.09277
8795.40039 0.07287
8807.09961 0.0571
8818.79980 0.04493
8830.50000 0.03556
8842.20020 0.02796
8853.90039 0.02168
8865.59961 0.01655
8877.29980 0.01287
8889.00000 0.0104
8900.70020 0.00844
8912.40039 0.00696
8924.09961 0.00589
8935.79980 0.00502
8947.50000 0.00425
9842.25000 0.0
