threeML/data/optical_filters/Subaru/Suprime-SDSS_r.ecsv
# %ECSV 0.9
# ---
# datatype:
# - {name: wavelength, unit: Angstrom, datatype: float32}
# - {name: response, datatype: float32}
# meta: !!omap
# - {band_name: SDSS_r}
# - {group_name: Suprime}
wavelength response
4840.20020 0.0
5378.00000 0.00429
5387.60010 0.00822
5397.29980 0.01464
5406.89990 0.02434
5416.60010 0.03827
5426.29980 0.0572
5435.89990 0.08159
5445.60010 0.11145
5455.20020 0.14632
5464.89990 0.18568
5474.50000 0.2285
5484.20020 0.27325
5493.79980 0.31868
5503.50000 0.36399
5513.10010 0.40848
5522.79980 0.45133
5532.50000 0.49189
5542.10010 0.53014
5551.79980 0.56623
5561.39990 0.60005
5571.10010 0.63124
5580.70020 0.65939
5590.39990 0.68475
5600.00000 0.70758
5609.70020 0.72791
5619.39990 0.74598
5629.00000 0.76228
5638.70020 0.77656
5648.29980 0.78906
5658.00000 0.80047
5667.60010 0.81137
5677.29980 0.82196
5686.89990 0.83213
5696.60010 0.84195
5706.20020 0.85196
5715.89990 0.86171
5725.60010 0.87061
5735.20020 0.87869
5744.89990 0.88593
5754.50000 0.89213
5764.20020 0.89716
5773.79980 0.90109
5783.50000 0.90431
5793.10010 0.90665
5802.79980 0.90805
5812.39990 0.90896
5822.10010 0.90986
5831.79980 0.91113
5841.39990 0.91282
5851.10010 0.91483
5860.70020 0.91719
5870.39990 0.91983
5880.00000 0.92263
5889.70020 0.92527
5899.29980 0.92753
5909.00000 0.92953
5918.60010 0.93124
5928.29980 0.93244
5938.00000 0.93317
5947.60010 0.93336
5957.29980 0.93312
5966.89990 0.93273
5976.60010 0.93224
5986.20020 0.93179
5995.89990 0.93155
6005.50000 0.93139
6015.20020 0.93109
6024.79980 0.93061
6034.50000 0.92966
6044.20020 0.9278
6053.79980 0.92471
6063.50000 0.92012
6073.10010 0.91429
6082.79980 0.90755
6092.39990 0.90012
6102.10010 0.89241
6111.70020 0.88494
6121.39990 0.87817
6131.10010 0.87265
6140.70020 0.86854
6150.39990 0.8658
6160.00000 0.86441
6169.70020 0.86449
6179.29980 0.86625
6189.00000 0.86984
6198.60010 0.87515
6208.29980 0.88179
6217.89990 0.88939
6227.60010 0.89781
6237.29980 0.90652
6246.89990 0.91487
6256.60010 0.92236
6266.20020 0.92849
6275.89990 0.93345
6285.50000 0.93778
6295.20020 0.94113
6304.79980 0.94337
6314.50000 0.94496
6324.10010 0.94612
6333.79980 0.94716
6343.50000 0.94829
6353.10010 0.94889
6362.79980 0.94879
6372.39990 0.94847
6382.10010 0.94811
6391.70020 0.94754
6401.39990 0.94671
6411.00000 0.9456
6420.70020 0.94428
6430.29980 0.94319
6440.00000 0.94249
6449.70020 0.94181
6459.29980 0.94098
6469.00000 0.94073
6478.60010 0.94113
6488.29980 0.94163
6497.89990 0.94201
6507.60010 0.94215
6517.20020 0.94222
6526.89990 0.94275
6536.60010 0.94354
6546.20020 0.94392
6555.89990 0.94422
6565.50000 0.94453
6575.20020 0.94463
6584.79980 0.94492
6594.50000 0.94513
6604.10010 0.94471
6613.79980 0.94397
6623.39990 0.94338
6633.10010 0.94276
6642.79980 0.94223
6652.39990 0.94188
6662.10010 0.94133
6671.70020 0.94068
6681.39990 0.94021
6691.00000 0.9396
6700.70020 0.93845
6710.29980 0.93742
6720.00000 0.9368
6729.60010 0.93635
6739.29980 0.93612
6749.00000 0.93584
6758.60010 0.93511
6768.29980 0.93391
6777.89990 0.93055
6787.60010 0.92458
6797.20020 0.91662
6806.89990 0.90745
6816.50000 0.89656
6826.20020 0.88339
6835.79980 0.86788
6845.50000 0.85002
6855.20020 0.83132
6864.79980 0.81148
6874.50000 0.78882
6884.10010 0.76216
6893.79980 0.73171
6903.39990 0.6982
6913.10010 0.66194
6922.70020 0.62271
6932.39990 0.58013
6942.00000 0.53471
6951.70020 0.48788
6961.39990 0.44093
6971.00000 0.39469
6980.70020 0.34964
6990.29980 0.30636
7000.00000 0.26587
7009.60010 0.22902
7019.29980 0.19608
7028.89990 0.1671
7038.60010 0.142
7048.29980 0.12038
7057.89990 0.10199
7067.60010 0.08655
7077.20020 0.07353
7086.89990 0.06254
7096.50000 0.05341
7106.20020 0.04585
7115.79980 0.0394
7125.50000 0.03388
7135.10010 0.0293
7144.79980 0.02549
7154.50000 0.02222
7164.10010 0.01932
7173.79980 0.01593
7183.39990 0.01275
7193.10010 0.00995
7202.70020 0.00753
7212.39990 0.00542
7933.64014 0.0
