threeML/data/optical_filters/Subaru/Suprime-NB921.ecsv
# %ECSV 0.9
# ---
# datatype:
# - {name: wavelength, unit: Angstrom, datatype: float32}
# - {name: response, datatype: float32}
# meta: !!omap
# - {band_name: NB921}
# - {group_name: Suprime}
wavelength response
8133.29980 0.0
9037.00000 0.005935
9038.00000 0.009113
9039.00000 0.010513
9040.00000 0.010666
9041.00000 0.010573
9042.00000 0.010856
9043.00000 0.012447
9044.00000 0.016694
9045.00000 0.018419
9046.00000 0.018278
9047.00000 0.018912
9048.00000 0.017588
9049.00000 0.019183
9050.00000 0.018667
9051.00000 0.020668
9052.00000 0.02062
9053.00000 0.02488
9054.00000 0.023235
9055.00000 0.024998
9056.00000 0.028851
9057.00000 0.032322
9058.00000 0.032432
9059.00000 0.035479
9060.00000 0.036192
9061.00000 0.038695
9062.00000 0.037964
9063.00000 0.039357
9064.00000 0.042557
9065.00000 0.046573
9066.00000 0.04819
9067.00000 0.051864
9068.00000 0.053906
9069.00000 0.0568
9070.00000 0.064844
9071.00000 0.067357
9072.00000 0.070437
9073.00000 0.075898
9074.00000 0.08171
9075.00000 0.084273
9076.00000 0.087729
9077.00000 0.090184
9078.00000 0.094677
9079.00000 0.100905
9080.00000 0.110339
9081.00000 0.115986
9082.00000 0.12274
9083.00000 0.128511
9084.00000 0.135507
9085.00000 0.138801
9086.00000 0.144821
9087.00000 0.151049
9088.00000 0.156461
9089.00000 0.162434
9090.00000 0.169571
9091.00000 0.177852
9092.00000 0.186885
9093.00000 0.195217
9094.00000 0.203488
9095.00000 0.211922
9096.00000 0.219005
9097.00000 0.228617
9098.00000 0.238604
9099.00000 0.245636
9100.00000 0.255147
9101.00000 0.265754
9102.00000 0.272654
9103.00000 0.281941
9104.00000 0.290425
9105.00000 0.297894
9106.00000 0.306125
9107.00000 0.314853
9108.00000 0.323083
9109.00000 0.335336
9110.00000 0.346491
9111.00000 0.352609
9112.00000 0.361581
9113.00000 0.370807
9114.00000 0.381556
9115.00000 0.386913
9116.00000 0.396707
9117.00000 0.404511
9118.00000 0.41521
9119.00000 0.423755
9120.00000 0.433874
9121.00000 0.447244
9122.00000 0.458257
9123.00000 0.46665
9124.00000 0.478506
9125.00000 0.491429
9126.00000 0.501264
9127.00000 0.510744
9128.00000 0.520142
9129.00000 0.529439
9130.00000 0.537121
9131.00000 0.547098
9132.00000 0.557015
9133.00000 0.567134
9134.00000 0.575243
9135.00000 0.585677
9136.00000 0.596477
9137.00000 0.604495
9138.00000 0.612055
9139.00000 0.619768
9140.00000 0.626343
9141.00000 0.633588
9142.00000 0.64126
9143.00000 0.651187
9144.00000 0.657681
9145.00000 0.664357
9146.00000 0.670151
9147.00000 0.677528
9148.00000 0.684266
9149.00000 0.692294
9150.00000 0.700301
9151.00000 0.705891
9152.00000 0.711034
9153.00000 0.716766
9154.00000 0.720864
9155.00000 0.726322
9156.00000 0.73244
9157.00000 0.734435
9158.00000 0.743316
9159.00000 0.746255
9160.00000 0.753673
9161.00000 0.76037
9162.00000 0.765981
9163.00000 0.770779
9164.00000 0.77581
9165.00000 0.779979
9166.00000 0.782665
9167.00000 0.784964
9168.00000 0.788117
9169.00000 0.794347
9170.00000 0.798231
9171.00000 0.801333
9172.00000 0.803653
9173.00000 0.805161
9174.00000 0.80482
9175.00000 0.807292
9176.00000 0.809216
9177.00000 0.812298
9178.00000 0.812729
9179.00000 0.814247
9180.00000 0.815429
9181.00000 0.815657
9182.00000 0.815408
9183.00000 0.816662
9184.00000 0.815925
9185.00000 0.813604
9186.00000 0.810349
9187.00000 0.811084
9188.00000 0.810663
9189.00000 0.808931
9190.00000 0.805584
9191.00000 0.806482
9192.00000 0.801937
9193.00000 0.798966
9194.00000 0.796797
9195.00000 0.795268
9196.00000 0.792815
9197.00000 0.790098
9198.00000 0.786569
9199.00000 0.780917
9200.00000 0.77758
9201.00000 0.774081
9202.00000 0.770815
9203.00000 0.768718
9204.00000 0.768458
9205.00000 0.765985
9206.00000 0.761561
9207.00000 0.755493
9208.00000 0.751486
9209.00000 0.745133
9210.00000 0.737339
9211.00000 0.731737
9212.00000 0.726827
9213.00000 0.72285
9214.00000 0.717564
9215.00000 0.710338
9216.00000 0.705173
9217.00000 0.698729
9218.00000 0.691045
9219.00000 0.68454
9220.00000 0.677365
9221.00000 0.668819
9222.00000 0.658261
9223.00000 0.649766
9224.00000 0.643027
9225.00000 0.634623
9226.00000 0.625813
9227.00000 0.615986
9228.00000 0.608608
9229.00000 0.59867
9230.00000 0.589931
9231.00000 0.583832
9232.00000 0.575143
9233.00000 0.566465
9234.00000 0.5593
9235.00000 0.548072
9236.00000 0.538744
9237.00000 0.530573
9238.00000 0.519965
9239.00000 0.512394
9240.00000 0.505411
9241.00000 0.495281
9242.00000 0.486694
9243.00000 0.478686
9244.00000 0.468788
9245.00000 0.456728
9246.00000 0.446201
9247.00000 0.438356
9248.00000 0.430683
9249.00000 0.419445
9250.00000 0.410858
9251.00000 0.399153
9252.00000 0.388515
9253.00000 0.379725
9254.00000 0.372296
9255.00000 0.363231
9256.00000 0.353141
9257.00000 0.344209
9258.00000 0.335409
9259.00000 0.324658
9260.00000 0.314487
9261.00000 0.305392
9262.00000 0.294541
9263.00000 0.283475
9264.00000 0.274421
9265.00000 0.263458
9266.00000 0.251398
9267.00000 0.243796
9268.00000 0.235087
9269.00000 0.225434
9270.00000 0.216918
9271.00000 0.206421
9272.00000 0.198962
9273.00000 0.191837
9274.00000 0.182752
9275.00000 0.175079
9276.00000 0.167985
9277.00000 0.160414
9278.00000 0.15465
9279.00000 0.147434
9280.00000 0.139345
9281.00000 0.133581
9282.00000 0.127421
9283.00000 0.12253
9284.00000 0.117379
9285.00000 0.11118
9286.00000 0.106518
9287.00000 0.100043
9288.00000 0.094423
9289.00000 0.089884
9290.00000 0.085848
9291.00000 0.081874
9292.00000 0.078059
9293.00000 0.073851
9294.00000 0.068198
9295.00000 0.064288
9296.00000 0.060799
9297.00000 0.057968
9298.00000 0.05538
9299.00000 0.051171
9300.00000 0.046845
9301.00000 0.04381
9302.00000 0.041231
9303.00000 0.04071
9304.00000 0.036184
9305.00000 0.033892
9306.00000 0.031328
9307.00000 0.028894
9308.00000 0.026387
9309.00000 0.02607
9310.00000 0.024602
9311.00000 0.025728
9312.00000 0.023512
9313.00000 0.025044
9314.00000 0.023362
9315.00000 0.02065
9316.00000 0.020425
9317.00000 0.019081
9318.00000 0.018794
9319.00000 0.018179
9320.00000 0.016295
9321.00000 0.015423
9322.00000 0.013219
9323.00000 0.013854
9324.00000 0.011501
9325.00000 0.010636
9326.00000 0.010942
9327.00000 0.009722
9328.00000 0.008767
9329.00000 0.007561
9330.00000 0.00722
9331.00000 0.006335
9332.00000 0.006952
9333.00000 0.007092
9334.00000 0.00497
9335.00000 0.004903
9336.00000 0.005299
9337.00000 0.005128
9338.00000 0.004728
9339.00000 0.004944
9340.00000 0.004376
10274.00000 0.0
