threeML/data/optical_filters/Subaru/Suprime-V.ecsv
# %ECSV 0.9
# ---
# datatype:
# - {name: wavelength, unit: Angstrom, datatype: float32}
# - {name: response, datatype: float32}
# meta: !!omap
# - {band_name: V}
# - {group_name: Suprime}
wavelength response
4312.43994 0.0
4791.60010 0.00472
4801.00000 0.00888
4810.39990 0.01576
4819.79980 0.02627
4829.10010 0.04119
4838.50000 0.06112
4847.89990 0.08636
4857.20020 0.11676
4866.60010 0.15181
4876.00000 0.19089
4885.39990 0.23307
4894.70020 0.27754
4904.10010 0.32361
4913.50000 0.37031
4922.89990 0.41653
4932.20020 0.46143
4941.60010 0.5044
4951.00000 0.54468
4960.39990 0.5817
4969.70020 0.61529
4979.10010 0.64542
4988.50000 0.67199
4997.89990 0.69508
5007.20020 0.71529
5016.60010 0.73301
5026.00000 0.74892
5035.29980 0.7638
5044.70020 0.7773
5054.10010 0.78954
5063.50000 0.80138
5072.79980 0.8131
5082.20020 0.82438
5091.60010 0.83486
5101.00000 0.84489
5110.29980 0.85477
5119.70020 0.86395
5129.10010 0.87173
5138.50000 0.87812
5147.79980 0.88327
5157.20020 0.88778
5166.60010 0.89213
5176.00000 0.89653
5185.29980 0.90138
5194.70020 0.90655
5204.10010 0.91205
5213.39990 0.91782
5222.79980 0.92376
5232.20020 0.92971
5241.60010 0.93519
5250.89990 0.94032
5260.29980 0.94512
5269.70020 0.94914
5279.10010 0.95212
5288.39990 0.95426
5297.79980 0.95595
5307.20020 0.95729
5316.60010 0.95795
5325.89990 0.95839
5335.29980 0.95938
5344.70020 0.96075
5354.10010 0.96177
5363.39990 0.96227
5372.79980 0.96299
5382.20020 0.96392
5391.50000 0.96448
5400.89990 0.9645
5410.29980 0.96447
5419.70020 0.96469
5429.00000 0.96516
5438.39990 0.96593
5447.79980 0.96704
5457.20020 0.96837
5466.50000 0.96985
5475.89990 0.97136
5485.29980 0.97287
5494.70020 0.97428
5504.00000 0.97539
5513.39990 0.97623
5522.79980 0.97658
5532.20020 0.97626
5541.50000 0.97533
5550.89990 0.97357
5560.29980 0.97086
5569.60010 0.96724
5579.00000 0.96321
5588.39990 0.95923
5597.79980 0.95528
5607.10010 0.95152
5616.50000 0.94851
5625.89990 0.94659
5635.29980 0.94594
5644.60010 0.94642
5654.00000 0.94789
5663.39990 0.95047
5672.79980 0.95398
5682.10010 0.95789
5691.50000 0.96143
5700.89990 0.96431
5710.29980 0.96646
5719.60010 0.96759
5729.00000 0.96733
5738.39990 0.96546
5747.70020 0.96198
5757.10010 0.9572
5766.50000 0.95128
5775.89990 0.94456
5785.20020 0.93773
5794.60010 0.93154
5804.00000 0.92643
5813.39990 0.92191
5822.70020 0.91697
5832.10010 0.91053
5841.50000 0.90111
5850.89990 0.88693
5860.20020 0.86608
5869.60010 0.83691
5879.00000 0.79921
5888.39990 0.75367
5897.70020 0.70137
5907.10010 0.64391
5916.50000 0.58336
5925.79980 0.522
5935.20020 0.46208
5944.60010 0.40535
5954.00000 0.35301
5963.29980 0.3057
5972.70020 0.26365
5982.10010 0.22667
5991.50000 0.19443
6000.79980 0.16652
6010.20020 0.14247
6019.60010 0.12171
6029.00000 0.10377
6038.29980 0.08832
6047.70020 0.07504
6057.10010 0.06366
6066.39990 0.05395
6075.79980 0.04565
6085.20020 0.03858
6094.60010 0.03264
6103.89990 0.02763
6113.29980 0.02343
6122.70020 0.01992
6132.10010 0.01698
6141.39990 0.01451
6150.79980 0.01247
6160.20020 0.01076
6169.60010 0.00934
6178.89990 0.00813
6188.29980 0.00712
6197.70020 0.00627
6207.10010 0.00554
6216.39990 0.00491
6225.79980 0.00437
6848.37988 0.0
