threeML/data/optical_filters/Subaru/Suprime-Rc.ecsv
# %ECSV 0.9
# ---
# datatype:
# - {name: wavelength, unit: Angstrom, datatype: float32}
# - {name: response, datatype: float32}
# meta: !!omap
# - {band_name: Rc}
# - {group_name: Suprime}
wavelength response
5181.47998 0.0
5757.20020 0.0057
5767.29980 0.01035
5777.50000 0.01763
5787.70020 0.02839
5797.89990 0.04341
5808.00000 0.06322
5818.20020 0.08823
5828.39990 0.11859
5838.50000 0.15404
5848.70020 0.19404
5858.89990 0.23771
5869.10010 0.28406
5879.20020 0.33194
5889.39990 0.38019
5899.60010 0.42764
5909.70020 0.4731
5919.89990 0.51587
5930.10010 0.55572
5940.29980 0.59239
5950.39990 0.62565
5960.60010 0.65555
5970.79980 0.6825
5981.00000 0.70682
5991.10010 0.72854
6001.29980 0.74767
6011.50000 0.76465
6021.60010 0.77994
6031.79980 0.79365
6042.00000 0.80595
6052.20020 0.8172
6062.29980 0.82778
6072.50000 0.83791
6082.70020 0.84763
6092.79980 0.85708
6103.00000 0.86622
6113.20020 0.87483
6123.39990 0.88281
6133.50000 0.88991
6143.70020 0.89611
6153.89990 0.90132
6164.00000 0.90545
6174.20020 0.90912
6184.39990 0.91243
6194.60010 0.91518
6204.70020 0.91759
6214.89990 0.91957
6225.10010 0.92123
6235.20020 0.92268
6245.39990 0.92365
6255.60010 0.92427
6265.79980 0.92471
6275.89990 0.9254
6286.10010 0.92681
6296.29980 0.92853
6306.50000 0.9304
6316.60010 0.93238
6326.79980 0.93432
6337.00000 0.93613
6347.10010 0.93733
6357.29980 0.9377
6367.50000 0.93794
6377.70020 0.93841
6387.79980 0.9389
6398.00000 0.93954
6408.20020 0.94055
6418.29980 0.942
6428.50000 0.94379
6438.70020 0.94527
6448.89990 0.94612
6459.00000 0.94663
6469.20020 0.9468
6479.39990 0.94639
6489.50000 0.94529
6499.70020 0.94338
6509.89990 0.94116
6520.10010 0.93884
6530.20020 0.93616
6540.39990 0.93331
6550.60010 0.93019
6560.70020 0.92682
6570.89990 0.92348
6581.10010 0.92023
6591.29980 0.91717
6601.39990 0.91461
6611.60010 0.91255
6621.79980 0.91146
6632.00000 0.91177
6642.10010 0.91339
6652.29980 0.91614
6662.50000 0.91972
6672.60010 0.92361
6682.79980 0.92746
6693.00000 0.93119
6703.20020 0.9343
6713.29980 0.93651
6723.50000 0.93757
6733.70020 0.93708
6743.79980 0.93507
6754.00000 0.9321
6764.20020 0.92789
6774.39990 0.92269
6784.50000 0.91689
6794.70020 0.91075
6804.89990 0.90543
6815.00000 0.90149
6825.20020 0.89854
6835.39990 0.89661
6845.60010 0.89605
6855.70020 0.89693
6865.89990 0.89937
6876.10010 0.90288
6886.20020 0.9071
6896.39990 0.91159
6906.60010 0.91584
6916.79980 0.91847
6926.89990 0.91881
6937.10010 0.9157
6947.29980 0.90883
6957.50000 0.89807
6967.60010 0.8823
6977.79980 0.86179
6988.00000 0.83747
6998.10010 0.80936
7008.29980 0.7776
7018.50000 0.74383
7028.70020 0.70811
7038.79980 0.67021
7049.00000 0.63063
7059.20020 0.58929
7069.29980 0.5464
7079.50000 0.50307
7089.70020 0.45941
7099.89990 0.41495
7110.00000 0.37035
7120.20020 0.32693
7130.39990 0.2858
7140.50000 0.24743
7150.70020 0.21216
7160.89990 0.18034
7171.10010 0.15221
7181.20020 0.12797
7191.39990 0.10751
7201.60010 0.09028
7211.70020 0.0757
7221.89990 0.06361
7232.10010 0.05372
7242.29980 0.04557
7252.39990 0.03886
7262.60010 0.03331
7272.79980 0.02869
7283.00000 0.02487
7293.10010 0.02172
7303.29980 0.0191
7313.50000 0.0169
7323.60010 0.01505
7333.79980 0.01339
7344.00000 0.01199
7354.20020 0.0108
7364.29980 0.00978
7374.50000 0.00893
7384.70020 0.00817
7394.79980 0.00744
7405.00000 0.00677
7415.20020 0.00622
7425.39990 0.00575
7435.50000 0.00534
7445.70020 0.00495
7455.89990 0.00448
7466.00000 0.00406
8212.59961 0.0
