threeML/data/optical_filters/Subaru/Suprime-NB711.ecsv
# %ECSV 0.9
# ---
# datatype:
# - {name: wavelength, unit: Angstrom, datatype: float32}
# - {name: response, datatype: float32}
# meta: !!omap
# - {band_name: NB711}
# - {group_name: Suprime}
wavelength response
6295.04980 0.0
6994.50000 0.004098
6995.00000 0.004168
6995.50000 0.004291
6996.00000 0.004375
6996.50000 0.004554
6997.00000 0.004664
6997.50000 0.004623
6998.00000 0.004541
6998.50000 0.004636
6999.00000 0.00476
6999.50000 0.004899
7000.00000 0.005093
7000.50000 0.005274
7001.00000 0.005314
7001.50000 0.005396
7002.00000 0.005461
7002.50000 0.005406
7003.00000 0.005514
7003.50000 0.005637
7004.00000 0.005799
7004.50000 0.005758
7005.00000 0.005826
7005.50000 0.006032
7006.00000 0.006199
7006.50000 0.006298
7007.00000 0.006408
7007.50000 0.006614
7008.00000 0.006777
7008.50000 0.006973
7009.00000 0.007165
7009.50000 0.007476
7010.00000 0.007726
7010.50000 0.007975
7011.00000 0.008239
7011.50000 0.008476
7012.00000 0.008657
7012.50000 0.00897
7013.00000 0.009198
7013.50000 0.009207
7014.00000 0.009538
7014.50000 0.009865
7015.00000 0.010123
7015.50000 0.010289
7016.00000 0.010492
7016.50000 0.010612
7017.00000 0.010957
7017.50000 0.011129
7018.00000 0.011189
7018.50000 0.011554
7019.00000 0.011763
7019.50000 0.012098
7020.00000 0.012486
7020.50000 0.012884
7021.00000 0.013215
7021.50000 0.013759
7022.00000 0.014002
7022.50000 0.014406
7023.00000 0.014695
7023.50000 0.015036
7024.00000 0.015354
7024.50000 0.015873
7025.00000 0.016314
7025.50000 0.01675
7026.00000 0.017422
7026.50000 0.017839
7027.00000 0.018486
7027.50000 0.018885
7028.00000 0.019331
7028.50000 0.019783
7029.00000 0.020349
7029.50000 0.020989
7030.00000 0.02173
7030.50000 0.022449
7031.00000 0.023048
7031.50000 0.023873
7032.00000 0.024555
7032.50000 0.025236
7033.00000 0.025946
7033.50000 0.026696
7034.00000 0.027603
7034.50000 0.028451
7035.00000 0.029076
7035.50000 0.030106
7036.00000 0.031038
7036.50000 0.03198
7037.00000 0.032849
7037.50000 0.033882
7038.00000 0.034685
7038.50000 0.03539
7039.00000 0.036627
7039.50000 0.037582
7040.00000 0.038785
7040.50000 0.040013
7041.00000 0.041396
7041.50000 0.042751
7042.00000 0.043869
7042.50000 0.045269
7043.00000 0.046765
7043.50000 0.048003
7044.00000 0.04953
7044.50000 0.051027
7045.00000 0.052927
7045.50000 0.054507
7046.00000 0.05624
7046.50000 0.058455
7047.00000 0.060624
7047.50000 0.062957
7048.00000 0.064879
7048.50000 0.066861
7049.00000 0.068866
7049.50000 0.071123
7050.00000 0.073463
7050.50000 0.075494
7051.00000 0.077826
7051.50000 0.080368
7052.00000 0.082791
7052.50000 0.085003
7053.00000 0.087533
7053.50000 0.090381
7054.00000 0.093561
7054.50000 0.095945
7055.00000 0.098243
7055.50000 0.100849
7056.00000 0.103578
7056.50000 0.106349
7057.00000 0.109246
7057.50000 0.112286
7058.00000 0.115206
7058.50000 0.118632
7059.00000 0.121763
7059.50000 0.124841
7060.00000 0.128196
7060.50000 0.132282
7061.00000 0.13581
7061.50000 0.138585
7062.00000 0.142172
7062.50000 0.145928
7063.00000 0.149497
7063.50000 0.153448
7064.00000 0.157519
7064.50000 0.161737
7065.00000 0.165327
7065.50000 0.169462
7066.00000 0.173466
7066.50000 0.177382
7067.00000 0.181914
7067.50000 0.186125
7068.00000 0.1904
7068.50000 0.194274
7069.00000 0.199037
7069.50000 0.204254
7070.00000 0.208659
7070.50000 0.213313
7071.00000 0.218174
7071.50000 0.223211
7072.00000 0.22756
7072.50000 0.232048
7073.00000 0.237377
7073.50000 0.241891
7074.00000 0.246594
7074.50000 0.252303
7075.00000 0.257781
7075.50000 0.263569
7076.00000 0.269053
7076.50000 0.274667
7077.00000 0.279281
7077.50000 0.284617
7078.00000 0.290381
7078.50000 0.295724
7079.00000 0.301375
7079.50000 0.306987
7080.00000 0.312951
7080.50000 0.319844
7081.00000 0.325598
7081.50000 0.332405
7082.00000 0.339178
7082.50000 0.34445
7083.00000 0.350105
7083.50000 0.356069
7084.00000 0.361913
7084.50000 0.367691
7085.00000 0.373616
7085.50000 0.380367
7086.00000 0.38647
7086.50000 0.393874
7087.00000 0.400329
7087.50000 0.406509
7088.00000 0.41364
7088.50000 0.42114
7089.00000 0.427685
7089.50000 0.434459
7090.00000 0.44118
7090.50000 0.448114
7091.00000 0.455099
7091.50000 0.462074
7092.00000 0.469486
7092.50000 0.477158
7093.00000 0.485657
7093.50000 0.491843
7094.00000 0.499424
7094.50000 0.505535
7095.00000 0.512118
7095.50000 0.519166
7096.00000 0.526013
7096.50000 0.531674
7097.00000 0.53865
7097.50000 0.544891
7098.00000 0.552154
7098.50000 0.559
7099.00000 0.565388
7099.50000 0.572585
7100.00000 0.579331
7100.50000 0.585882
7101.00000 0.592311
7101.50000 0.599462
7102.00000 0.605697
7102.50000 0.612604
7103.00000 0.619665
7103.50000 0.625383
7104.00000 0.631759
7104.50000 0.637779
7105.00000 0.64464
7105.50000 0.650959
7106.00000 0.655883
7106.50000 0.661933
7107.00000 0.668007
7107.50000 0.672579
7108.00000 0.677144
7108.50000 0.681654
7109.00000 0.686176
7109.50000 0.691693
7110.00000 0.695934
7110.50000 0.699818
7111.00000 0.704027
7111.50000 0.708883
7112.00000 0.711451
7112.50000 0.715457
7113.00000 0.718062
7113.50000 0.722205
7114.00000 0.725636
7114.50000 0.728917
7115.00000 0.733378
7115.50000 0.73582
7116.00000 0.739175
7116.50000 0.742298
7117.00000 0.744321
7117.50000 0.745537
7118.00000 0.746833
7118.50000 0.749182
7119.00000 0.751358
7119.50000 0.751942
7120.00000 0.754402
7120.50000 0.754824
7121.00000 0.755269
7121.50000 0.754774
7122.00000 0.754426
7122.50000 0.753795
7123.00000 0.751837
7123.50000 0.752018
7124.00000 0.750374
7124.50000 0.749258
7125.00000 0.748724
7125.50000 0.746291
7126.00000 0.745292
7126.50000 0.742522
7127.00000 0.740203
7127.50000 0.73913
7128.00000 0.736331
7128.50000 0.733371
7129.00000 0.730925
7129.50000 0.728181
7130.00000 0.725931
7130.50000 0.7235
7131.00000 0.72104
7131.50000 0.717269
7132.00000 0.714997
7132.50000 0.710979
7133.00000 0.705573
7133.50000 0.702023
7134.00000 0.697542
7134.50000 0.694335
7135.00000 0.690238
7135.50000 0.685387
7136.00000 0.680907
7136.50000 0.67749
7137.00000 0.672746
7137.50000 0.668007
7138.00000 0.662333
7138.50000 0.65576
7139.00000 0.649563
7139.50000 0.643905
7140.00000 0.63782
7140.50000 0.631718
7141.00000 0.626654
7141.50000 0.622395
7142.00000 0.616978
7142.50000 0.610609
7143.00000 0.604194
7143.50000 0.596913
7144.00000 0.590079
7144.50000 0.582551
7145.00000 0.575645
7145.50000 0.568188
7146.00000 0.561572
7146.50000 0.554893
7147.00000 0.548441
7147.50000 0.541711
7148.00000 0.533958
7148.50000 0.52681
7149.00000 0.519336
7149.50000 0.510323
7150.00000 0.503662
7150.50000 0.49587
7151.00000 0.488233
7151.50000 0.481531
7152.00000 0.473963
7152.50000 0.466355
7153.00000 0.458844
7153.50000 0.45072
7154.00000 0.443128
7154.50000 0.436029
7155.00000 0.428765
7155.50000 0.42125
7156.00000 0.414184
7156.50000 0.406666
7157.00000 0.399184
7157.50000 0.391785
7158.00000 0.383122
7158.50000 0.375863
7159.00000 0.367836
7159.50000 0.359606
7160.00000 0.351575
7160.50000 0.343397
7161.00000 0.336017
7161.50000 0.329002
7162.00000 0.32175
7162.50000 0.314258
7163.00000 0.305844
7163.50000 0.298189
7164.00000 0.290458
7164.50000 0.282947
7165.00000 0.275939
7165.50000 0.269226
7166.00000 0.262391
7166.50000 0.254861
7167.00000 0.247884
7167.50000 0.241517
7168.00000 0.234964
7168.50000 0.228679
7169.00000 0.221947
7169.50000 0.215868
7170.00000 0.209504
7170.50000 0.203659
7171.00000 0.19786
7171.50000 0.191807
7172.00000 0.1865
7172.50000 0.181352
7173.00000 0.175818
7173.50000 0.170427
7174.00000 0.165056
7174.50000 0.159933
7175.00000 0.15536
7175.50000 0.150191
7176.00000 0.145503
7176.50000 0.141281
7177.00000 0.137484
7177.50000 0.133185
7178.00000 0.128584
7178.50000 0.124278
7179.00000 0.119992
7179.50000 0.116464
7180.00000 0.112417
7180.50000 0.108595
7181.00000 0.104424
7181.50000 0.100682
7182.00000 0.096891
7182.50000 0.093856
7183.00000 0.090386
7183.50000 0.087576
7184.00000 0.084744
7184.50000 0.081721
7185.00000 0.078698
7185.50000 0.076026
7186.00000 0.073747
7186.50000 0.070839
7187.00000 0.068669
7187.50000 0.066153
7188.00000 0.063604
7188.50000 0.061489
7189.00000 0.059773
7189.50000 0.058114
7190.00000 0.056485
7190.50000 0.054895
7191.00000 0.053298
7191.50000 0.05124
7192.00000 0.049572
7192.50000 0.048283
7193.00000 0.046656
7193.50000 0.045129
7194.00000 0.043632
7194.50000 0.042522
7195.00000 0.041031
7195.50000 0.040104
7196.00000 0.039003
7196.50000 0.037763
7197.00000 0.036425
7197.50000 0.035179
7198.00000 0.03417
7198.50000 0.033018
7199.00000 0.032094
7199.50000 0.031357
7200.00000 0.030481
7200.50000 0.02945
7201.00000 0.028507
7201.50000 0.027737
7202.00000 0.026697
7202.50000 0.025992
7203.00000 0.025433
7203.50000 0.024526
7204.00000 0.023988
7204.50000 0.023066
7205.00000 0.022455
7205.50000 0.022004
7206.00000 0.021634
7206.50000 0.021069
7207.00000 0.020602
7207.50000 0.019995
7208.00000 0.01945
7208.50000 0.018698
7209.00000 0.018143
7209.50000 0.017513
7210.00000 0.017251
7210.50000 0.016624
7211.00000 0.016172
7211.50000 0.015773
7212.00000 0.015254
7212.50000 0.015295
7213.00000 0.014867
7213.50000 0.014585
7214.00000 0.014163
7214.50000 0.013539
7215.00000 0.013065
7215.50000 0.012811
7216.00000 0.01252
7216.50000 0.012512
7217.00000 0.012389
7217.50000 0.012298
7218.00000 0.012027
7218.50000 0.0118
7219.00000 0.01139
7219.50000 0.011297
7220.00000 0.011067
7220.50000 0.010454
7221.00000 0.010327
7221.50000 0.009891
7222.00000 0.009492
7222.50000 0.009515
7223.00000 0.009334
7223.50000 0.008964
7224.00000 0.008727
7224.50000 0.008531
7225.00000 0.008294
7225.50000 0.008046
7226.00000 0.007711
7226.50000 0.007744
7227.00000 0.00751
7227.50000 0.007133
7228.00000 0.007062
7228.50000 0.007183
7229.00000 0.007086
7229.50000 0.007275
7230.00000 0.007344
7230.50000 0.007194
7231.00000 0.006958
7231.50000 0.006942
7232.00000 0.006651
7232.50000 0.006346
7233.00000 0.006248
7233.50000 0.006107
7234.00000 0.0061
7234.50000 0.005949
7235.00000 0.006144
7235.50000 0.006213
7236.00000 0.0062
7236.50000 0.005973
7237.00000 0.005722
7237.50000 0.00522
7238.00000 0.005203
7238.50000 0.004969
7239.00000 0.004844
7239.50000 0.004717
7240.00000 0.004811
7240.50000 0.004826
7241.00000 0.004715
7241.50000 0.004591
7242.00000 0.004383
7242.50000 0.00402
7966.75000 0.0
