threeML/data/optical_filters/Subaru/Suprime-NB816.ecsv
# %ECSV 0.9
# ---
# datatype:
# - {name: wavelength, unit: Angstrom, datatype: float32}
# - {name: response, datatype: float32}
# meta: !!omap
# - {band_name: NB816}
# - {group_name: Suprime}
wavelength response
7206.29980 0.0
8007.00000 0.004256
8007.50000 0.004668
8008.00000 0.005349
8008.50000 0.004938
8009.00000 0.005346
8009.50000 0.004938
8010.00000 0.00453
8010.50000 0.004113
8011.00000 0.004245
8011.50000 0.003699
8012.00000 0.004249
8012.50000 0.004118
8013.00000 0.004399
8013.50000 0.004676
8014.00000 0.005484
8014.50000 0.005623
8015.00000 0.005892
8015.50000 0.005479
8016.00000 0.005748
8016.50000 0.006573
8017.00000 0.006439
8017.50000 0.006864
8018.00000 0.007427
8018.50000 0.007429
8019.00000 0.007021
8019.50000 0.006744
8020.00000 0.007167
8020.50000 0.007444
8021.00000 0.008012
8021.50000 0.008155
8022.00000 0.009009
8022.50000 0.00929
8023.00000 0.008325
8023.50000 0.008333
8024.00000 0.007939
8024.50000 0.008221
8025.00000 0.008512
8025.50000 0.008937
8026.00000 0.009915
8026.50000 0.01018
8027.00000 0.01035
8027.50000 0.01065
8028.00000 0.0105
8028.50000 0.01148
8029.00000 0.0119
8029.50000 0.01204
8030.00000 0.01261
8030.50000 0.01361
8031.00000 0.01434
8031.50000 0.01493
8032.00000 0.01505
8032.50000 0.01489
8033.00000 0.01577
8033.50000 0.0156
8034.00000 0.01674
8034.50000 0.01674
8035.00000 0.01803
8035.50000 0.01873
8036.00000 0.01946
8036.50000 0.01989
8037.00000 0.01985
8037.50000 0.02025
8038.00000 0.02095
8038.50000 0.0222
8039.00000 0.02416
8039.50000 0.02514
8040.00000 0.02726
8040.50000 0.02894
8041.00000 0.03013
8041.50000 0.03079
8042.00000 0.03194
8042.50000 0.0332
8043.00000 0.03441
8043.50000 0.03606
8044.00000 0.03684
8044.50000 0.038
8045.00000 0.03963
8045.50000 0.04116
8046.00000 0.0423
8046.50000 0.0434
8047.00000 0.0447
8047.50000 0.046
8048.00000 0.0473
8048.50000 0.04884
8049.00000 0.05073
8049.50000 0.0524
8050.00000 0.0534
8050.50000 0.0563
8051.00000 0.05779
8051.50000 0.05999
8052.00000 0.06227
8052.50000 0.06451
8053.00000 0.06684
8053.50000 0.0693
8054.00000 0.07141
8054.50000 0.07278
8055.00000 0.07475
8055.50000 0.07778
8056.00000 0.07932
8056.50000 0.08121
8057.00000 0.08463
8057.50000 0.08795
8058.00000 0.09083
8058.50000 0.09398
8059.00000 0.09763
8059.50000 0.1009
8060.00000 0.1039
8060.50000 0.107
8061.00000 0.1104
8061.50000 0.1133
8062.00000 0.1168
8062.50000 0.1202
8063.00000 0.1227
8063.50000 0.1258
8064.00000 0.1295
8064.50000 0.1337
8065.00000 0.1374
8065.50000 0.141
8066.00000 0.1449
8066.50000 0.1476
8067.00000 0.1518
8067.50000 0.1555
8068.00000 0.1589
8068.50000 0.1629
8069.00000 0.1668
8069.50000 0.1708
8070.00000 0.1747
8070.50000 0.1795
8071.00000 0.1842
8071.50000 0.1885
8072.00000 0.1931
8072.50000 0.1982
8073.00000 0.2015
8073.50000 0.2063
8074.00000 0.2109
8074.50000 0.2153
8075.00000 0.2189
8075.50000 0.2239
8076.00000 0.2284
8076.50000 0.2328
8077.00000 0.2382
8077.50000 0.2439
8078.00000 0.2491
8078.50000 0.2541
8079.00000 0.2606
8079.50000 0.2653
8080.00000 0.2698
8080.50000 0.2747
8081.00000 0.2808
8081.50000 0.2864
8082.00000 0.2924
8082.50000 0.2973
8083.00000 0.3021
8083.50000 0.308
8084.00000 0.314
8084.50000 0.319
8085.00000 0.3248
8085.50000 0.3314
8086.00000 0.3369
8086.50000 0.3421
8087.00000 0.3477
8087.50000 0.3522
8088.00000 0.3579
8088.50000 0.3631
8089.00000 0.3696
8089.50000 0.3759
8090.00000 0.3809
8090.50000 0.3875
8091.00000 0.3932
8091.50000 0.3969
8092.00000 0.4032
8092.50000 0.41
8093.00000 0.4162
8093.50000 0.4214
8094.00000 0.4275
8094.50000 0.4337
8095.00000 0.4392
8095.50000 0.4463
8096.00000 0.4537
8096.50000 0.46
8097.00000 0.4658
8097.50000 0.4724
8098.00000 0.4782
8098.50000 0.4859
8099.00000 0.4929
8099.50000 0.4993
8100.00000 0.505
8100.50000 0.5137
8101.00000 0.5204
8101.50000 0.5228
8102.00000 0.5313
8102.50000 0.5384
8103.00000 0.5431
8103.50000 0.5511
8104.00000 0.5592
8104.50000 0.5656
8105.00000 0.5714
8105.50000 0.5754
8106.00000 0.5793
8106.50000 0.5846
8107.00000 0.5916
8107.50000 0.5996
8108.00000 0.6054
8108.50000 0.6111
8109.00000 0.6154
8109.50000 0.6221
8110.00000 0.6268
8110.50000 0.6318
8111.00000 0.6381
8111.50000 0.6447
8112.00000 0.6507
8112.50000 0.6561
8113.00000 0.6597
8113.50000 0.6659
8114.00000 0.6712
8114.50000 0.6758
8115.00000 0.6782
8115.50000 0.6824
8116.00000 0.6887
8116.50000 0.691
8117.00000 0.6948
8117.50000 0.7034
8118.00000 0.706
8118.50000 0.7098
8119.00000 0.7154
8119.50000 0.7186
8120.00000 0.7227
8120.50000 0.7268
8121.00000 0.7308
8121.50000 0.7363
8122.00000 0.7428
8122.50000 0.7464
8123.00000 0.7509
8123.50000 0.7532
8124.00000 0.7576
8124.50000 0.7622
8125.00000 0.768
8125.50000 0.7712
8126.00000 0.7754
8126.50000 0.78
8127.00000 0.782
8127.50000 0.782
8128.00000 0.7849
8128.50000 0.7882
8129.00000 0.7915
8129.50000 0.7928
8130.00000 0.7945
8130.50000 0.7971
8131.00000 0.8008
8131.50000 0.8027
8132.00000 0.8024
8132.50000 0.8028
8133.00000 0.8064
8133.50000 0.8084
8134.00000 0.8103
8134.50000 0.8109
8135.00000 0.813
8135.50000 0.8171
8136.00000 0.8144
8136.50000 0.8147
8137.00000 0.8153
8137.50000 0.816
8138.00000 0.8207
8138.50000 0.8243
8139.00000 0.8248
8139.50000 0.8273
8140.00000 0.8291
8140.50000 0.83
8141.00000 0.8276
8141.50000 0.8272
8142.00000 0.8262
8142.50000 0.8243
8143.00000 0.8259
8143.50000 0.8264
8144.00000 0.8264
8144.50000 0.8271
8145.00000 0.8283
8145.50000 0.83
8146.00000 0.8324
8146.50000 0.8332
8147.00000 0.8332
8147.50000 0.8372
8148.00000 0.8377
8148.50000 0.843
8149.00000 0.8434
8149.50000 0.8421
8150.00000 0.8431
8150.50000 0.845
8151.00000 0.8445
8151.50000 0.8434
8152.00000 0.8434
8152.50000 0.8444
8153.00000 0.8435
8153.50000 0.8433
8154.00000 0.8403
8154.50000 0.8369
8155.00000 0.8372
8155.50000 0.8352
8156.00000 0.8342
8156.50000 0.833
8157.00000 0.8344
8157.50000 0.8331
8158.00000 0.833
8158.50000 0.8354
8159.00000 0.8325
8159.50000 0.8354
8160.00000 0.8364
8160.50000 0.8367
8161.00000 0.8362
8161.50000 0.8334
8162.00000 0.8311
8162.50000 0.8281
8163.00000 0.8276
8163.50000 0.8227
8164.00000 0.8222
8164.50000 0.8184
8165.00000 0.8144
8165.50000 0.8136
8166.00000 0.8103
8166.50000 0.8075
8167.00000 0.8085
8167.50000 0.8038
8168.00000 0.8038
8168.50000 0.8016
8169.00000 0.8021
8169.50000 0.8002
8170.00000 0.7967
8170.50000 0.7962
8171.00000 0.7921
8171.50000 0.79
8172.00000 0.7862
8172.50000 0.7855
8173.00000 0.7808
8173.50000 0.7794
8174.00000 0.7763
8174.50000 0.7741
8175.00000 0.7739
8175.50000 0.7682
8176.00000 0.7643
8176.50000 0.76
8177.00000 0.757
8177.50000 0.7533
8178.00000 0.7493
8178.50000 0.7492
8179.00000 0.7469
8179.50000 0.7464
8180.00000 0.744
8180.50000 0.7403
8181.00000 0.7394
8181.50000 0.7368
8182.00000 0.7338
8182.50000 0.7308
8183.00000 0.725
8183.50000 0.7224
8184.00000 0.7198
8184.50000 0.7147
8185.00000 0.7082
8185.50000 0.7036
8186.00000 0.7006
8186.50000 0.6971
8187.00000 0.6929
8187.50000 0.6901
8188.00000 0.6862
8188.50000 0.682
8189.00000 0.6792
8189.50000 0.6737
8190.00000 0.6704
8190.50000 0.6656
8191.00000 0.6595
8191.50000 0.6566
8192.00000 0.652
8192.50000 0.6477
8193.00000 0.6438
8193.50000 0.6396
8194.00000 0.6335
8194.50000 0.6275
8195.00000 0.622
8195.50000 0.6151
8196.00000 0.6085
8196.50000 0.6023
8197.00000 0.5977
8197.50000 0.5927
8198.00000 0.5869
8198.50000 0.5822
8199.00000 0.5773
8199.50000 0.5724
8200.00000 0.5668
8200.50000 0.5623
8201.00000 0.5574
8201.50000 0.5521
8202.00000 0.5466
8202.50000 0.5386
8203.00000 0.5321
8203.50000 0.5254
8204.00000 0.5208
8204.50000 0.5139
8205.00000 0.5081
8205.50000 0.5028
8206.00000 0.4973
8206.50000 0.4898
8207.00000 0.484
8207.50000 0.478
8208.00000 0.4716
8208.50000 0.4636
8209.00000 0.4561
8209.50000 0.4497
8210.00000 0.4457
8210.50000 0.4385
8211.00000 0.4333
8211.50000 0.428
8212.00000 0.4215
8212.50000 0.416
8213.00000 0.4073
8213.50000 0.4008
8214.00000 0.3946
8214.50000 0.3879
8215.00000 0.3794
8215.50000 0.374
8216.00000 0.3666
8216.50000 0.3593
8217.00000 0.3521
8217.50000 0.3462
8218.00000 0.3389
8218.50000 0.3343
8219.00000 0.3284
8219.50000 0.3218
8220.00000 0.3152
8220.50000 0.3089
8221.00000 0.3023
8221.50000 0.2956
8222.00000 0.2886
8222.50000 0.2826
8223.00000 0.2763
8223.50000 0.2682
8224.00000 0.2616
8224.50000 0.2556
8225.00000 0.2492
8225.50000 0.2422
8226.00000 0.2348
8226.50000 0.2302
8227.00000 0.2232
8227.50000 0.2163
8228.00000 0.2106
8228.50000 0.2044
8229.00000 0.1987
8229.50000 0.1927
8230.00000 0.1872
8230.50000 0.1818
8231.00000 0.1771
8231.50000 0.1708
8232.00000 0.1655
8232.50000 0.1605
8233.00000 0.1566
8233.50000 0.1509
8234.00000 0.147
8234.50000 0.1408
8235.00000 0.1364
8235.50000 0.132
8236.00000 0.1262
8236.50000 0.1218
8237.00000 0.1166
8237.50000 0.1128
8238.00000 0.1085
8238.50000 0.1036
8239.00000 0.09945
8239.50000 0.09756
8240.00000 0.09407
8240.50000 0.09069
8241.00000 0.08608
8241.50000 0.08312
8242.00000 0.08069
8242.50000 0.07589
8243.00000 0.07269
8243.50000 0.07021
8244.00000 0.06759
8244.50000 0.06473
8245.00000 0.06198
8245.50000 0.05856
8246.00000 0.05581
8246.50000 0.05317
8247.00000 0.05137
8247.50000 0.04928
8248.00000 0.047
8248.50000 0.04502
8249.00000 0.04226
8249.50000 0.0399
8250.00000 0.03747
8250.50000 0.03572
8251.00000 0.03362
8251.50000 0.03105
8252.00000 0.02951
8252.50000 0.02817
8253.00000 0.02584
8253.50000 0.02402
8254.00000 0.02226
8254.50000 0.02134
8255.00000 0.02119
8255.50000 0.01877
8256.00000 0.01743
8256.50000 0.0166
8257.00000 0.01684
8257.50000 0.016
8258.00000 0.01412
8258.50000 0.01455
8259.00000 0.01266
8259.50000 0.01128
8260.00000 0.01089
8260.50000 0.01074
8261.00000 0.009935
8261.50000 0.00966
8262.00000 0.009663
8262.50000 0.009529
8263.00000 0.009413
9089.29980 0.0
