threeML/data/optical_filters/Subaru/Suprime-SDSS_g.ecsv
# %ECSV 0.9
# ---
# datatype:
# - {name: wavelength, unit: Angstrom, datatype: float32}
# - {name: response, datatype: float32}
# meta: !!omap
# - {band_name: SDSS_g}
# - {group_name: Suprime}
wavelength response
3451.67993 0.0
3835.19995 0.00669
3844.89990 0.01167
3854.69995 0.01941
3864.39990 0.03084
3874.19995 0.04686
3883.89990 0.06791
3893.60010 0.09403
3903.39990 0.12469
3913.10010 0.15899
3922.89990 0.1959
3932.60010 0.2339
3942.39990 0.27145
3952.10010 0.30772
3961.89990 0.34222
3971.60010 0.37549
3981.30005 0.40891
3991.10010 0.44376
4000.80005 0.48059
4010.60010 0.51803
4020.30005 0.55346
4030.10010 0.58457
4039.80005 0.60968
4049.60010 0.62898
4059.30005 0.64453
4069.10010 0.65883
4078.80005 0.67421
4088.50000 0.69127
4098.29980 0.70902
4108.00000 0.72657
4117.79980 0.74269
4127.50000 0.75617
4137.29980 0.76749
4147.00000 0.77758
4156.79980 0.78612
4166.50000 0.79351
4176.20020 0.80093
4186.00000 0.80859
4195.70020 0.81632
4205.50000 0.82392
4215.20020 0.83113
4225.00000 0.83727
4234.70020 0.84192
4244.50000 0.84566
4254.20020 0.84899
4264.00000 0.85136
4273.70020 0.85265
4283.39990 0.85322
4293.20020 0.85289
4302.89990 0.8523
4312.70020 0.85269
4322.39990 0.8546
4332.20020 0.85809
4341.89990 0.86302
4351.70020 0.86873
4361.39990 0.87435
4371.20020 0.87953
4380.89990 0.88399
4390.60010 0.88736
4400.39990 0.89009
4410.10010 0.89284
4419.89990 0.89531
4429.60010 0.89703
4439.39990 0.89844
4449.10010 0.89979
4458.89990 0.90056
4468.60010 0.90089
4478.29980 0.90121
4488.10010 0.90156
4497.79980 0.90205
4507.60010 0.90232
4517.29980 0.90197
4527.10010 0.90162
4536.79980 0.90207
4546.60010 0.90303
4556.29980 0.90464
4566.10010 0.90756
4575.79980 0.91126
4585.50000 0.91489
4595.29980 0.91811
4605.00000 0.92093
4614.79980 0.92305
4624.50000 0.9239
4634.29980 0.92361
4644.00000 0.92267
4653.79980 0.92141
4663.50000 0.91975
4673.29980 0.91836
4683.00000 0.91787
4692.70020 0.91809
4702.50000 0.91857
4712.20020 0.91907
4722.00000 0.91958
4731.70020 0.91997
4741.50000 0.91999
4751.20020 0.91987
4761.00000 0.92029
4770.70020 0.92146
4780.39990 0.92332
4790.20020 0.92591
4799.89990 0.929
4809.70020 0.93202
4819.39990 0.93476
4829.20020 0.93688
4838.89990 0.93785
4848.70020 0.93724
4858.39990 0.93555
4868.20020 0.93319
4877.89990 0.92986
4887.60010 0.92581
4897.39990 0.92175
4907.10010 0.91822
4916.89990 0.91515
4926.60010 0.91248
4936.39990 0.91026
4946.10010 0.9087
4955.89990 0.90808
4965.60010 0.90833
4975.39990 0.90931
4985.10010 0.91058
4994.79980 0.91237
5004.60010 0.91454
5014.29980 0.91673
5024.10010 0.9188
5033.79980 0.92057
5043.60010 0.92261
5053.29980 0.92487
5063.10010 0.92701
5072.79980 0.92879
5082.50000 0.93033
5092.29980 0.93195
5102.00000 0.93335
5111.79980 0.93419
5121.50000 0.93465
5131.29980 0.93468
5141.00000 0.93394
5150.79980 0.93231
5160.50000 0.93006
5170.29980 0.92719
5180.00000 0.92364
5189.70020 0.92004
5199.50000 0.91683
5209.20020 0.91393
5219.00000 0.9115
5228.70020 0.90986
5238.50000 0.90891
5248.20020 0.90819
5258.00000 0.90744
5267.70020 0.90697
5277.39990 0.90663
5287.20020 0.90592
5296.89990 0.90314
5306.70020 0.89462
5316.39990 0.88059
5326.20020 0.85823
5335.89990 0.82493
5345.70020 0.77905
5355.39990 0.72034
5365.20020 0.65243
5374.89990 0.57618
5384.60010 0.4959
5394.39990 0.41621
5404.10010 0.34116
5413.89990 0.27382
5423.60010 0.21631
5433.39990 0.16911
5443.10010 0.13141
5452.89990 0.10189
5462.60010 0.07908
5472.39990 0.06167
5482.10010 0.04842
5491.79980 0.03831
5501.60010 0.0305
5511.29980 0.02443
5521.10010 0.0197
5530.79980 0.01595
5540.60010 0.01297
5550.29980 0.01058
5560.10010 0.00866
5569.79980 0.00714
5579.50000 0.0059
5589.29980 0.00488
5599.00000 0.00406
6158.89990 0.0
