threeML/data/optical_filters/TD1/NARROW2-f_1565.ecsv
# %ECSV 0.9
# ---
# datatype:
# - {name: wavelength, unit: Angstrom, datatype: float32}
# - {name: response, datatype: float32}
# meta: !!omap
# - {band_name: f_1565}
# - {group_name: NARROW2}
wavelength response
1359.00000 0.0
1510.00000 1.0
1511.00000 1.0
1512.00000 1.0
1513.00000 1.0
1514.00000 1.0
1515.00000 1.0
1516.00000 1.0
1517.00000 1.0
1518.00000 1.0
1519.00000 1.0
1520.00000 1.0
1521.00000 1.0
1522.00000 1.0
1523.00000 1.0
1524.00000 1.0
1525.00000 1.0
1526.00000 1.0
1527.00000 1.0
1528.00000 1.0
1529.00000 1.0
1530.00000 1.0
1531.00000 1.0
1532.00000 1.0
1533.00000 1.0
1534.00000 1.0
1535.00000 1.0
1536.00000 1.0
1537.00000 1.0
1538.00000 1.0
1539.00000 1.0
1540.00000 1.0
1541.00000 1.0
1542.00000 1.0
1543.00000 1.0
1544.00000 1.0
1545.00000 1.0
1546.00000 1.0
1547.00000 1.0
1548.00000 1.0
1549.00000 1.0
1550.00000 1.0
1551.00000 1.0
1552.00000 1.0
1553.00000 1.0
1554.00000 1.0
1555.00000 1.0
1556.00000 1.0
1557.00000 1.0
1558.00000 1.0
1559.00000 1.0
1560.00000 1.0
1561.00000 1.0
1562.00000 1.0
1563.00000 1.0
1564.00000 1.0
1565.00000 1.0
1566.00000 1.0
1567.00000 1.0
1568.00000 1.0
1569.00000 1.0
1570.00000 1.0
1571.00000 1.0
1572.00000 1.0
1573.00000 1.0
1574.00000 1.0
1575.00000 1.0
1576.00000 1.0
1577.00000 1.0
1578.00000 1.0
1579.00000 1.0
1580.00000 1.0
1581.00000 1.0
1582.00000 1.0
1583.00000 1.0
1584.00000 1.0
1585.00000 1.0
1586.00000 1.0
1587.00000 1.0
1588.00000 1.0
1589.00000 1.0
1590.00000 1.0
1591.00000 1.0
1592.00000 1.0
1593.00000 1.0
1594.00000 1.0
1595.00000 1.0
1596.00000 1.0
1597.00000 1.0
1598.00000 1.0
1599.00000 1.0
1600.00000 1.0
1601.00000 1.0
1602.00000 1.0
1603.00000 1.0
1604.00000 1.0
1605.00000 1.0
1606.00000 1.0
1607.00000 1.0
1608.00000 1.0
1609.00000 1.0
1610.00000 1.0
1611.00000 1.0
1612.00000 1.0
1613.00000 1.0
1614.00000 1.0
1615.00000 1.0
1616.00000 1.0
1617.00000 1.0
1618.00000 1.0
1619.00000 1.0
1620.00000 1.0
1782.00000 0.0
