threeML/data/optical_filters/TD1/NARROW2-f_2255.ecsv
# %ECSV 0.9
# ---
# datatype:
# - {name: wavelength, unit: Angstrom, datatype: float32}
# - {name: response, datatype: float32}
# meta: !!omap
# - {band_name: f_2255}
# - {group_name: NARROW2}
wavelength response
1980.00000 0.0
2200.00000 1.0
2201.00000 1.0
2202.00000 1.0
2203.00000 1.0
2204.00000 1.0
2205.00000 1.0
2206.00000 1.0
2207.00000 1.0
2208.00000 1.0
2209.00000 1.0
2210.00000 1.0
2211.00000 1.0
2212.00000 1.0
2213.00000 1.0
2214.00000 1.0
2215.00000 1.0
2216.00000 1.0
2217.00000 1.0
2218.00000 1.0
2219.00000 1.0
2220.00000 1.0
2221.00000 1.0
2222.00000 1.0
2223.00000 1.0
2224.00000 1.0
2225.00000 1.0
2226.00000 1.0
2227.00000 1.0
2228.00000 1.0
2229.00000 1.0
2230.00000 1.0
2231.00000 1.0
2232.00000 1.0
2233.00000 1.0
2234.00000 1.0
2235.00000 1.0
2236.00000 1.0
2237.00000 1.0
2238.00000 1.0
2239.00000 1.0
2240.00000 1.0
2241.00000 1.0
2242.00000 1.0
2243.00000 1.0
2244.00000 1.0
2245.00000 1.0
2246.00000 1.0
2247.00000 1.0
2248.00000 1.0
2249.00000 1.0
2250.00000 1.0
2251.00000 1.0
2252.00000 1.0
2253.00000 1.0
2254.00000 1.0
2255.00000 1.0
2256.00000 1.0
2257.00000 1.0
2258.00000 1.0
2259.00000 1.0
2260.00000 1.0
2261.00000 1.0
2262.00000 1.0
2263.00000 1.0
2264.00000 1.0
2265.00000 1.0
2266.00000 1.0
2267.00000 1.0
2268.00000 1.0
2269.00000 1.0
2270.00000 1.0
2271.00000 1.0
2272.00000 1.0
2273.00000 1.0
2274.00000 1.0
2275.00000 1.0
2276.00000 1.0
2277.00000 1.0
2278.00000 1.0
2279.00000 1.0
2280.00000 1.0
2281.00000 1.0
2282.00000 1.0
2283.00000 1.0
2284.00000 1.0
2285.00000 1.0
2286.00000 1.0
2287.00000 1.0
2288.00000 1.0
2289.00000 1.0
2290.00000 1.0
2291.00000 1.0
2292.00000 1.0
2293.00000 1.0
2294.00000 1.0
2295.00000 1.0
2296.00000 1.0
2297.00000 1.0
2298.00000 1.0
2299.00000 1.0
2300.00000 1.0
2301.00000 1.0
2302.00000 1.0
2303.00000 1.0
2304.00000 1.0
2305.00000 1.0
2306.00000 1.0
2307.00000 1.0
2308.00000 1.0
2309.00000 1.0
2310.00000 1.0
2541.00000 0.0
