threeML/data/optical_filters/TD1/NARROW2-f_1455.ecsv
# %ECSV 0.9
# ---
# datatype:
# - {name: wavelength, unit: Angstrom, datatype: float32}
# - {name: response, datatype: float32}
# meta: !!omap
# - {band_name: f_1455}
# - {group_name: NARROW2}
wavelength response
1260.00000 0.0
1400.00000 1.0
1401.00000 1.0
1402.00000 1.0
1403.00000 1.0
1404.00000 1.0
1405.00000 1.0
1406.00000 1.0
1407.00000 1.0
1408.00000 1.0
1409.00000 1.0
1410.00000 1.0
1411.00000 1.0
1412.00000 1.0
1413.00000 1.0
1414.00000 1.0
1415.00000 1.0
1416.00000 1.0
1417.00000 1.0
1418.00000 1.0
1419.00000 1.0
1420.00000 1.0
1421.00000 1.0
1422.00000 1.0
1423.00000 1.0
1424.00000 1.0
1425.00000 1.0
1426.00000 1.0
1427.00000 1.0
1428.00000 1.0
1429.00000 1.0
1430.00000 1.0
1431.00000 1.0
1432.00000 1.0
1433.00000 1.0
1434.00000 1.0
1435.00000 1.0
1436.00000 1.0
1437.00000 1.0
1438.00000 1.0
1439.00000 1.0
1440.00000 1.0
1441.00000 1.0
1442.00000 1.0
1443.00000 1.0
1444.00000 1.0
1445.00000 1.0
1446.00000 1.0
1447.00000 1.0
1448.00000 1.0
1449.00000 1.0
1450.00000 1.0
1451.00000 1.0
1452.00000 1.0
1453.00000 1.0
1454.00000 1.0
1455.00000 1.0
1456.00000 1.0
1457.00000 1.0
1458.00000 1.0
1459.00000 1.0
1460.00000 1.0
1461.00000 1.0
1462.00000 1.0
1463.00000 1.0
1464.00000 1.0
1465.00000 1.0
1466.00000 1.0
1467.00000 1.0
1468.00000 1.0
1469.00000 1.0
1470.00000 1.0
1471.00000 1.0
1472.00000 1.0
1473.00000 1.0
1474.00000 1.0
1475.00000 1.0
1476.00000 1.0
1477.00000 1.0
1478.00000 1.0
1479.00000 1.0
1480.00000 1.0
1481.00000 1.0
1482.00000 1.0
1483.00000 1.0
1484.00000 1.0
1485.00000 1.0
1486.00000 1.0
1487.00000 1.0
1488.00000 1.0
1489.00000 1.0
1490.00000 1.0
1491.00000 1.0
1492.00000 1.0
1493.00000 1.0
1494.00000 1.0
1495.00000 1.0
1496.00000 1.0
1497.00000 1.0
1498.00000 1.0
1499.00000 1.0
1500.00000 1.0
1501.00000 1.0
1502.00000 1.0
1503.00000 1.0
1504.00000 1.0
1505.00000 1.0
1506.00000 1.0
1507.00000 1.0
1508.00000 1.0
1509.00000 1.0
1510.00000 1.0
1661.00000 0.0
