threeML/data/optical_filters/TD1/NARROW1-f_1400.ecsv
# %ECSV 0.9
# ---
# datatype:
# - {name: wavelength, unit: Angstrom, datatype: float32}
# - {name: response, datatype: float32}
# meta: !!omap
# - {band_name: f_1400}
# - {group_name: NARROW1}
wavelength response
1215.00000 0.0
1350.00000 1.0
1351.00000 1.0
1352.00000 1.0
1353.00000 1.0
1354.00000 1.0
1355.00000 1.0
1356.00000 1.0
1357.00000 1.0
1358.00000 1.0
1359.00000 1.0
1360.00000 1.0
1361.00000 1.0
1362.00000 1.0
1363.00000 1.0
1364.00000 1.0
1365.00000 1.0
1366.00000 1.0
1367.00000 1.0
1368.00000 1.0
1369.00000 1.0
1370.00000 1.0
1371.00000 1.0
1372.00000 1.0
1373.00000 1.0
1374.00000 1.0
1375.00000 1.0
1376.00000 1.0
1377.00000 1.0
1378.00000 1.0
1379.00000 1.0
1380.00000 1.0
1381.00000 1.0
1382.00000 1.0
1383.00000 1.0
1384.00000 1.0
1385.00000 1.0
1386.00000 1.0
1387.00000 1.0
1388.00000 1.0
1389.00000 1.0
1390.00000 1.0
1391.00000 1.0
1392.00000 1.0
1393.00000 1.0
1394.00000 1.0
1395.00000 1.0
1396.00000 1.0
1397.00000 1.0
1398.00000 1.0
1399.00000 1.0
1400.00000 1.0
1401.00000 1.0
1402.00000 1.0
1403.00000 1.0
1404.00000 1.0
1405.00000 1.0
1406.00000 1.0
1407.00000 1.0
1408.00000 1.0
1409.00000 1.0
1410.00000 1.0
1411.00000 1.0
1412.00000 1.0
1413.00000 1.0
1414.00000 1.0
1415.00000 1.0
1416.00000 1.0
1417.00000 1.0
1418.00000 1.0
1419.00000 1.0
1420.00000 1.0
1421.00000 1.0
1422.00000 1.0
1423.00000 1.0
1424.00000 1.0
1425.00000 1.0
1426.00000 1.0
1427.00000 1.0
1428.00000 1.0
1429.00000 1.0
1430.00000 1.0
1431.00000 1.0
1432.00000 1.0
1433.00000 1.0
1434.00000 1.0
1435.00000 1.0
1436.00000 1.0
1437.00000 1.0
1438.00000 1.0
1439.00000 1.0
1440.00000 1.0
1441.00000 1.0
1442.00000 1.0
1443.00000 1.0
1444.00000 1.0
1445.00000 1.0
1446.00000 1.0
1447.00000 1.0
1448.00000 1.0
1449.00000 1.0
1450.00000 1.0
1595.00000 0.0
