threeML/data/optical_filters/TD1/NARROW2-f_2475.ecsv
# %ECSV 0.9
# ---
# datatype:
# - {name: wavelength, unit: Angstrom, datatype: float32}
# - {name: response, datatype: float32}
# meta: !!omap
# - {band_name: f_2475}
# - {group_name: NARROW2}
wavelength response
2178.00000 0.0
2420.00000 1.0
2421.00000 1.0
2422.00000 1.0
2423.00000 1.0
2424.00000 1.0
2425.00000 1.0
2426.00000 1.0
2427.00000 1.0
2428.00000 1.0
2429.00000 1.0
2430.00000 1.0
2431.00000 1.0
2432.00000 1.0
2433.00000 1.0
2434.00000 1.0
2435.00000 1.0
2436.00000 1.0
2437.00000 1.0
2438.00000 1.0
2439.00000 1.0
2440.00000 1.0
2441.00000 1.0
2442.00000 1.0
2443.00000 1.0
2444.00000 1.0
2445.00000 1.0
2446.00000 1.0
2447.00000 1.0
2448.00000 1.0
2449.00000 1.0
2450.00000 1.0
2451.00000 1.0
2452.00000 1.0
2453.00000 1.0
2454.00000 1.0
2455.00000 1.0
2456.00000 1.0
2457.00000 1.0
2458.00000 1.0
2459.00000 1.0
2460.00000 1.0
2461.00000 1.0
2462.00000 1.0
2463.00000 1.0
2464.00000 1.0
2465.00000 1.0
2466.00000 1.0
2467.00000 1.0
2468.00000 1.0
2469.00000 1.0
2470.00000 1.0
2471.00000 1.0
2472.00000 1.0
2473.00000 1.0
2474.00000 1.0
2475.00000 1.0
2476.00000 1.0
2477.00000 1.0
2478.00000 1.0
2479.00000 1.0
2480.00000 1.0
2481.00000 1.0
2482.00000 1.0
2483.00000 1.0
2484.00000 1.0
2485.00000 1.0
2486.00000 1.0
2487.00000 1.0
2488.00000 1.0
2489.00000 1.0
2490.00000 1.0
2491.00000 1.0
2492.00000 1.0
2493.00000 1.0
2494.00000 1.0
2495.00000 1.0
2496.00000 1.0
2497.00000 1.0
2498.00000 1.0
2499.00000 1.0
2500.00000 1.0
2501.00000 1.0
2502.00000 1.0
2503.00000 1.0
2504.00000 1.0
2505.00000 1.0
2506.00000 1.0
2507.00000 1.0
2508.00000 1.0
2509.00000 1.0
2510.00000 1.0
2511.00000 1.0
2512.00000 1.0
2513.00000 1.0
2514.00000 1.0
2515.00000 1.0
2516.00000 1.0
2517.00000 1.0
2518.00000 1.0
2519.00000 1.0
2520.00000 1.0
2521.00000 1.0
2522.00000 1.0
2523.00000 1.0
2524.00000 1.0
2525.00000 1.0
2526.00000 1.0
2527.00000 1.0
2528.00000 1.0
2529.00000 1.0
2530.00000 1.0
2783.00000 0.0
