threeML/data/optical_filters/TD1/NARROW2-f_1675.ecsv
# %ECSV 0.9
# ---
# datatype:
# - {name: wavelength, unit: Angstrom, datatype: float32}
# - {name: response, datatype: float32}
# meta: !!omap
# - {band_name: f_1675}
# - {group_name: NARROW2}
wavelength response
1458.00000 0.0
1620.00000 1.0
1621.00000 1.0
1622.00000 1.0
1623.00000 1.0
1624.00000 1.0
1625.00000 1.0
1626.00000 1.0
1627.00000 1.0
1628.00000 1.0
1629.00000 1.0
1630.00000 1.0
1631.00000 1.0
1632.00000 1.0
1633.00000 1.0
1634.00000 1.0
1635.00000 1.0
1636.00000 1.0
1637.00000 1.0
1638.00000 1.0
1639.00000 1.0
1640.00000 1.0
1641.00000 1.0
1642.00000 1.0
1643.00000 1.0
1644.00000 1.0
1645.00000 1.0
1646.00000 1.0
1647.00000 1.0
1648.00000 1.0
1649.00000 1.0
1650.00000 1.0
1651.00000 1.0
1652.00000 1.0
1653.00000 1.0
1654.00000 1.0
1655.00000 1.0
1656.00000 1.0
1657.00000 1.0
1658.00000 1.0
1659.00000 1.0
1660.00000 1.0
1661.00000 1.0
1662.00000 1.0
1663.00000 1.0
1664.00000 1.0
1665.00000 1.0
1666.00000 1.0
1667.00000 1.0
1668.00000 1.0
1669.00000 1.0
1670.00000 1.0
1671.00000 1.0
1672.00000 1.0
1673.00000 1.0
1674.00000 1.0
1675.00000 1.0
1676.00000 1.0
1677.00000 1.0
1678.00000 1.0
1679.00000 1.0
1680.00000 1.0
1681.00000 1.0
1682.00000 1.0
1683.00000 1.0
1684.00000 1.0
1685.00000 1.0
1686.00000 1.0
1687.00000 1.0
1688.00000 1.0
1689.00000 1.0
1690.00000 1.0
1691.00000 1.0
1692.00000 1.0
1693.00000 1.0
1694.00000 1.0
1695.00000 1.0
1696.00000 1.0
1697.00000 1.0
1698.00000 1.0
1699.00000 1.0
1700.00000 1.0
1701.00000 1.0
1702.00000 1.0
1703.00000 1.0
1704.00000 1.0
1705.00000 1.0
1706.00000 1.0
1707.00000 1.0
1708.00000 1.0
1709.00000 1.0
1710.00000 1.0
1711.00000 1.0
1712.00000 1.0
1713.00000 1.0
1714.00000 1.0
1715.00000 1.0
1716.00000 1.0
1717.00000 1.0
1718.00000 1.0
1719.00000 1.0
1720.00000 1.0
1721.00000 1.0
1722.00000 1.0
1723.00000 1.0
1724.00000 1.0
1725.00000 1.0
1726.00000 1.0
1727.00000 1.0
1728.00000 1.0
1729.00000 1.0
1730.00000 1.0
1903.00000 0.0
