threeML/data/optical_filters/TD1/NARROW1-f_2200.ecsv
# %ECSV 0.9
# ---
# datatype:
# - {name: wavelength, unit: Angstrom, datatype: float32}
# - {name: response, datatype: float32}
# meta: !!omap
# - {band_name: f_2200}
# - {group_name: NARROW1}
wavelength response
1935.00000 0.0
2150.00000 1.0
2151.00000 1.0
2152.00000 1.0
2153.00000 1.0
2154.00000 1.0
2155.00000 1.0
2156.00000 1.0
2157.00000 1.0
2158.00000 1.0
2159.00000 1.0
2160.00000 1.0
2161.00000 1.0
2162.00000 1.0
2163.00000 1.0
2164.00000 1.0
2165.00000 1.0
2166.00000 1.0
2167.00000 1.0
2168.00000 1.0
2169.00000 1.0
2170.00000 1.0
2171.00000 1.0
2172.00000 1.0
2173.00000 1.0
2174.00000 1.0
2175.00000 1.0
2176.00000 1.0
2177.00000 1.0
2178.00000 1.0
2179.00000 1.0
2180.00000 1.0
2181.00000 1.0
2182.00000 1.0
2183.00000 1.0
2184.00000 1.0
2185.00000 1.0
2186.00000 1.0
2187.00000 1.0
2188.00000 1.0
2189.00000 1.0
2190.00000 1.0
2191.00000 1.0
2192.00000 1.0
2193.00000 1.0
2194.00000 1.0
2195.00000 1.0
2196.00000 1.0
2197.00000 1.0
2198.00000 1.0
2199.00000 1.0
2200.00000 1.0
2201.00000 1.0
2202.00000 1.0
2203.00000 1.0
2204.00000 1.0
2205.00000 1.0
2206.00000 1.0
2207.00000 1.0
2208.00000 1.0
2209.00000 1.0
2210.00000 1.0
2211.00000 1.0
2212.00000 1.0
2213.00000 1.0
2214.00000 1.0
2215.00000 1.0
2216.00000 1.0
2217.00000 1.0
2218.00000 1.0
2219.00000 1.0
2220.00000 1.0
2221.00000 1.0
2222.00000 1.0
2223.00000 1.0
2224.00000 1.0
2225.00000 1.0
2226.00000 1.0
2227.00000 1.0
2228.00000 1.0
2229.00000 1.0
2230.00000 1.0
2231.00000 1.0
2232.00000 1.0
2233.00000 1.0
2234.00000 1.0
2235.00000 1.0
2236.00000 1.0
2237.00000 1.0
2238.00000 1.0
2239.00000 1.0
2240.00000 1.0
2241.00000 1.0
2242.00000 1.0
2243.00000 1.0
2244.00000 1.0
2245.00000 1.0
2246.00000 1.0
2247.00000 1.0
2248.00000 1.0
2249.00000 1.0
2250.00000 1.0
2475.00000 0.0
