threeML/data/optical_filters/TD1/NARROW1-f_1800.ecsv
# %ECSV 0.9
# ---
# datatype:
# - {name: wavelength, unit: Angstrom, datatype: float32}
# - {name: response, datatype: float32}
# meta: !!omap
# - {band_name: f_1800}
# - {group_name: NARROW1}
wavelength response
1575.00000 0.0
1750.00000 1.0
1751.00000 1.0
1752.00000 1.0
1753.00000 1.0
1754.00000 1.0
1755.00000 1.0
1756.00000 1.0
1757.00000 1.0
1758.00000 1.0
1759.00000 1.0
1760.00000 1.0
1761.00000 1.0
1762.00000 1.0
1763.00000 1.0
1764.00000 1.0
1765.00000 1.0
1766.00000 1.0
1767.00000 1.0
1768.00000 1.0
1769.00000 1.0
1770.00000 1.0
1771.00000 1.0
1772.00000 1.0
1773.00000 1.0
1774.00000 1.0
1775.00000 1.0
1776.00000 1.0
1777.00000 1.0
1778.00000 1.0
1779.00000 1.0
1780.00000 1.0
1781.00000 1.0
1782.00000 1.0
1783.00000 1.0
1784.00000 1.0
1785.00000 1.0
1786.00000 1.0
1787.00000 1.0
1788.00000 1.0
1789.00000 1.0
1790.00000 1.0
1791.00000 1.0
1792.00000 1.0
1793.00000 1.0
1794.00000 1.0
1795.00000 1.0
1796.00000 1.0
1797.00000 1.0
1798.00000 1.0
1799.00000 1.0
1800.00000 1.0
1801.00000 1.0
1802.00000 1.0
1803.00000 1.0
1804.00000 1.0
1805.00000 1.0
1806.00000 1.0
1807.00000 1.0
1808.00000 1.0
1809.00000 1.0
1810.00000 1.0
1811.00000 1.0
1812.00000 1.0
1813.00000 1.0
1814.00000 1.0
1815.00000 1.0
1816.00000 1.0
1817.00000 1.0
1818.00000 1.0
1819.00000 1.0
1820.00000 1.0
1821.00000 1.0
1822.00000 1.0
1823.00000 1.0
1824.00000 1.0
1825.00000 1.0
1826.00000 1.0
1827.00000 1.0
1828.00000 1.0
1829.00000 1.0
1830.00000 1.0
1831.00000 1.0
1832.00000 1.0
1833.00000 1.0
1834.00000 1.0
1835.00000 1.0
1836.00000 1.0
1837.00000 1.0
1838.00000 1.0
1839.00000 1.0
1840.00000 1.0
1841.00000 1.0
1842.00000 1.0
1843.00000 1.0
1844.00000 1.0
1845.00000 1.0
1846.00000 1.0
1847.00000 1.0
1848.00000 1.0
1849.00000 1.0
1850.00000 1.0
2035.00000 0.0
