threeML/data/optical_filters/TD1/NARROW2-f_1855.ecsv
# %ECSV 0.9
# ---
# datatype:
# - {name: wavelength, unit: Angstrom, datatype: float32}
# - {name: response, datatype: float32}
# meta: !!omap
# - {band_name: f_1855}
# - {group_name: NARROW2}
wavelength response
1620.00000 0.0
1800.00000 1.0
1801.00000 1.0
1802.00000 1.0
1803.00000 1.0
1804.00000 1.0
1805.00000 1.0
1806.00000 1.0
1807.00000 1.0
1808.00000 1.0
1809.00000 1.0
1810.00000 1.0
1811.00000 1.0
1812.00000 1.0
1813.00000 1.0
1814.00000 1.0
1815.00000 1.0
1816.00000 1.0
1817.00000 1.0
1818.00000 1.0
1819.00000 1.0
1820.00000 1.0
1821.00000 1.0
1822.00000 1.0
1823.00000 1.0
1824.00000 1.0
1825.00000 1.0
1826.00000 1.0
1827.00000 1.0
1828.00000 1.0
1829.00000 1.0
1830.00000 1.0
1831.00000 1.0
1832.00000 1.0
1833.00000 1.0
1834.00000 1.0
1835.00000 1.0
1836.00000 1.0
1837.00000 1.0
1838.00000 1.0
1839.00000 1.0
1840.00000 1.0
1841.00000 1.0
1842.00000 1.0
1843.00000 1.0
1844.00000 1.0
1845.00000 1.0
1846.00000 1.0
1847.00000 1.0
1848.00000 1.0
1849.00000 1.0
1850.00000 1.0
1851.00000 1.0
1852.00000 1.0
1853.00000 1.0
1854.00000 1.0
1855.00000 1.0
1856.00000 1.0
1857.00000 1.0
1858.00000 1.0
1859.00000 1.0
1860.00000 1.0
1861.00000 1.0
1862.00000 1.0
1863.00000 1.0
1864.00000 1.0
1865.00000 1.0
1866.00000 1.0
1867.00000 1.0
1868.00000 1.0
1869.00000 1.0
1870.00000 1.0
1871.00000 1.0
1872.00000 1.0
1873.00000 1.0
1874.00000 1.0
1875.00000 1.0
1876.00000 1.0
1877.00000 1.0
1878.00000 1.0
1879.00000 1.0
1880.00000 1.0
1881.00000 1.0
1882.00000 1.0
1883.00000 1.0
1884.00000 1.0
1885.00000 1.0
1886.00000 1.0
1887.00000 1.0
1888.00000 1.0
1889.00000 1.0
1890.00000 1.0
1891.00000 1.0
1892.00000 1.0
1893.00000 1.0
1894.00000 1.0
1895.00000 1.0
1896.00000 1.0
1897.00000 1.0
1898.00000 1.0
1899.00000 1.0
1900.00000 1.0
1901.00000 1.0
1902.00000 1.0
1903.00000 1.0
1904.00000 1.0
1905.00000 1.0
1906.00000 1.0
1907.00000 1.0
1908.00000 1.0
1909.00000 1.0
1910.00000 1.0
2101.00000 0.0
