threeML/data/optical_filters/TD1/NARROW1-f_2000.ecsv
# %ECSV 0.9
# ---
# datatype:
# - {name: wavelength, unit: Angstrom, datatype: float32}
# - {name: response, datatype: float32}
# meta: !!omap
# - {band_name: f_2000}
# - {group_name: NARROW1}
wavelength response
1755.00000 0.0
1950.00000 1.0
1951.00000 1.0
1952.00000 1.0
1953.00000 1.0
1954.00000 1.0
1955.00000 1.0
1956.00000 1.0
1957.00000 1.0
1958.00000 1.0
1959.00000 1.0
1960.00000 1.0
1961.00000 1.0
1962.00000 1.0
1963.00000 1.0
1964.00000 1.0
1965.00000 1.0
1966.00000 1.0
1967.00000 1.0
1968.00000 1.0
1969.00000 1.0
1970.00000 1.0
1971.00000 1.0
1972.00000 1.0
1973.00000 1.0
1974.00000 1.0
1975.00000 1.0
1976.00000 1.0
1977.00000 1.0
1978.00000 1.0
1979.00000 1.0
1980.00000 1.0
1981.00000 1.0
1982.00000 1.0
1983.00000 1.0
1984.00000 1.0
1985.00000 1.0
1986.00000 1.0
1987.00000 1.0
1988.00000 1.0
1989.00000 1.0
1990.00000 1.0
1991.00000 1.0
1992.00000 1.0
1993.00000 1.0
1994.00000 1.0
1995.00000 1.0
1996.00000 1.0
1997.00000 1.0
1998.00000 1.0
1999.00000 1.0
2000.00000 1.0
2001.00000 1.0
2002.00000 1.0
2003.00000 1.0
2004.00000 1.0
2005.00000 1.0
2006.00000 1.0
2007.00000 1.0
2008.00000 1.0
2009.00000 1.0
2010.00000 1.0
2011.00000 1.0
2012.00000 1.0
2013.00000 1.0
2014.00000 1.0
2015.00000 1.0
2016.00000 1.0
2017.00000 1.0
2018.00000 1.0
2019.00000 1.0
2020.00000 1.0
2021.00000 1.0
2022.00000 1.0
2023.00000 1.0
2024.00000 1.0
2025.00000 1.0
2026.00000 1.0
2027.00000 1.0
2028.00000 1.0
2029.00000 1.0
2030.00000 1.0
2031.00000 1.0
2032.00000 1.0
2033.00000 1.0
2034.00000 1.0
2035.00000 1.0
2036.00000 1.0
2037.00000 1.0
2038.00000 1.0
2039.00000 1.0
2040.00000 1.0
2041.00000 1.0
2042.00000 1.0
2043.00000 1.0
2044.00000 1.0
2045.00000 1.0
2046.00000 1.0
2047.00000 1.0
2048.00000 1.0
2049.00000 1.0
2050.00000 1.0
2255.00000 0.0
