threeML/data/optical_filters/TD1/NARROW2-f_1965.ecsv
# %ECSV 0.9
# ---
# datatype:
# - {name: wavelength, unit: Angstrom, datatype: float32}
# - {name: response, datatype: float32}
# meta: !!omap
# - {band_name: f_1965}
# - {group_name: NARROW2}
wavelength response
1719.00000 0.0
1910.00000 1.0
1911.00000 1.0
1912.00000 1.0
1913.00000 1.0
1914.00000 1.0
1915.00000 1.0
1916.00000 1.0
1917.00000 1.0
1918.00000 1.0
1919.00000 1.0
1920.00000 1.0
1921.00000 1.0
1922.00000 1.0
1923.00000 1.0
1924.00000 1.0
1925.00000 1.0
1926.00000 1.0
1927.00000 1.0
1928.00000 1.0
1929.00000 1.0
1930.00000 1.0
1931.00000 1.0
1932.00000 1.0
1933.00000 1.0
1934.00000 1.0
1935.00000 1.0
1936.00000 1.0
1937.00000 1.0
1938.00000 1.0
1939.00000 1.0
1940.00000 1.0
1941.00000 1.0
1942.00000 1.0
1943.00000 1.0
1944.00000 1.0
1945.00000 1.0
1946.00000 1.0
1947.00000 1.0
1948.00000 1.0
1949.00000 1.0
1950.00000 1.0
1951.00000 1.0
1952.00000 1.0
1953.00000 1.0
1954.00000 1.0
1955.00000 1.0
1956.00000 1.0
1957.00000 1.0
1958.00000 1.0
1959.00000 1.0
1960.00000 1.0
1961.00000 1.0
1962.00000 1.0
1963.00000 1.0
1964.00000 1.0
1965.00000 1.0
1966.00000 1.0
1967.00000 1.0
1968.00000 1.0
1969.00000 1.0
1970.00000 1.0
1971.00000 1.0
1972.00000 1.0
1973.00000 1.0
1974.00000 1.0
1975.00000 1.0
1976.00000 1.0
1977.00000 1.0
1978.00000 1.0
1979.00000 1.0
1980.00000 1.0
1981.00000 1.0
1982.00000 1.0
1983.00000 1.0
1984.00000 1.0
1985.00000 1.0
1986.00000 1.0
1987.00000 1.0
1988.00000 1.0
1989.00000 1.0
1990.00000 1.0
1991.00000 1.0
1992.00000 1.0
1993.00000 1.0
1994.00000 1.0
1995.00000 1.0
1996.00000 1.0
1997.00000 1.0
1998.00000 1.0
1999.00000 1.0
2000.00000 1.0
2001.00000 1.0
2002.00000 1.0
2003.00000 1.0
2004.00000 1.0
2005.00000 1.0
2006.00000 1.0
2007.00000 1.0
2008.00000 1.0
2009.00000 1.0
2010.00000 1.0
2011.00000 1.0
2012.00000 1.0
2013.00000 1.0
2014.00000 1.0
2015.00000 1.0
2016.00000 1.0
2017.00000 1.0
2018.00000 1.0
2019.00000 1.0
2020.00000 1.0
2222.00000 0.0
