threeML/data/optical_filters/TD1/SPEC-F2040.ecsv
# %ECSV 0.9
# ---
# datatype:
# - {name: wavelength, unit: Angstrom, datatype: float32}
# - {name: response, datatype: float32}
# meta: !!omap
# - {band_name: F2040}
# - {group_name: SPEC}
wavelength response
1788.24719 0.0
1986.94128 0.010058
1987.04797 0.010124
1987.15479 0.01019
1987.26147 0.010256
1987.36829 0.010321
1987.47498 0.010387
1987.58179 0.010453
1987.68848 0.01052
1987.79529 0.010587
1987.90198 0.010655
1988.00879 0.010725
1988.11560 0.010795
1988.22229 0.010868
1988.32910 0.010941
1988.43579 0.011015
1988.54260 0.011089
1988.64929 0.011163
1988.75610 0.011236
1988.86279 0.011308
1988.96960 0.011378
1989.07629 0.011447
1989.18311 0.011514
1989.28979 0.011578
1989.39661 0.011642
1989.50330 0.011704
1989.61011 0.011765
1989.71680 0.011827
1989.82361 0.011888
1989.93030 0.01195
1990.03711 0.012013
1990.14380 0.012078
1990.25061 0.012143
1990.35730 0.01221
1990.46411 0.012277
1990.57080 0.012345
1990.67761 0.012412
1990.78442 0.012478
1990.89111 0.012543
1990.99792 0.012607
1991.10461 0.012669
1991.21143 0.012729
1991.31812 0.012787
1991.42493 0.012843
1991.53162 0.012899
1991.63843 0.012953
1991.74512 0.013007
1991.85193 0.01306
1991.95862 0.013114
1992.06543 0.013168
1992.17212 0.013222
1992.27893 0.013278
1992.38562 0.013334
1992.49243 0.013391
1992.59912 0.013448
1992.70593 0.013507
1992.81262 0.013566
1992.91943 0.013626
1993.02612 0.013687
1993.13293 0.013749
1993.23962 0.013812
1993.34644 0.013875
1993.45325 0.013939
1993.55994 0.014004
1993.66675 0.014069
1993.77344 0.014134
1993.88025 0.014199
1993.98694 0.014265
1994.09375 0.01433
1994.20044 0.014395
1994.30725 0.014461
1994.41394 0.014526
1994.52075 0.014592
1994.62744 0.014658
1994.73425 0.014724
1994.84094 0.014791
1994.94775 0.014859
1995.05444 0.014927
1995.16125 0.014997
1995.26794 0.015067
1995.37476 0.015139
1995.48145 0.015213
1995.58826 0.01529
1995.69495 0.015368
1995.80176 0.01545
1995.90857 0.015535
1996.01526 0.015624
1996.12207 0.015716
1996.22876 0.015813
1996.33557 0.015913
1996.44226 0.016016
1996.54907 0.016121
1996.65576 0.016229
1996.76257 0.016339
1996.86926 0.01645
1996.97607 0.016562
1997.08276 0.016675
1997.18958 0.016787
1997.29626 0.0169
1997.40308 0.017013
1997.50977 0.017127
1997.61658 0.017242
1997.72327 0.017357
1997.83008 0.017474
1997.93677 0.017592
1998.04358 0.017711
1998.15027 0.017831
1998.25708 0.017954
1998.36377 0.018079
1998.47058 0.018206
1998.57739 0.018337
1998.68408 0.018472
1998.79089 0.01861
1998.89758 0.018754
1999.00439 0.018902
1999.11108 0.019056
1999.21790 0.019215
1999.32458 0.019379
1999.43140 0.019548
1999.53809 0.019719
1999.64490 0.019894
1999.75159 0.02007
1999.85840 0.020247
1999.96509 0.020425
2000.07190 0.020602
2000.17859 0.020778
2000.28540 0.020953
2000.39209 0.021128
2000.49890 0.021302
2000.60559 0.021477
2000.71240 0.021651
2000.81909 0.021825
2000.92590 0.022
2001.03259 0.022176
2001.13940 0.022353
2001.24622 0.022531
2001.35291 0.022712
2001.45972 0.022897
2001.56641 0.023086
2001.67322 0.023281
2001.77991 0.023482
2001.88672 0.02369
2001.99341 0.023907
2002.10022 0.024133
2002.20691 0.024368
2002.31372 0.024612
2002.42041 0.024862
2002.52722 0.025119
2002.63391 0.02538
2002.74072 0.025644
2002.84741 0.02591
2002.95422 0.026176
2003.06091 0.026441
2003.16772 0.026705
2003.27441 0.026969
2003.38123 0.027234
2003.48792 0.027504
2003.59473 0.02778
2003.70154 0.028064
2003.80823 0.02836
2003.91504 0.028669
2004.02173 0.028993
2004.12854 0.029334
2004.23523 0.029694
2004.34204 0.030069
2004.44873 0.030459
2004.55554 0.030862
2004.66223 0.031275
2004.76904 0.031698
2004.87573 0.032127
2004.98254 0.032562
2005.08923 0.033001
2005.19604 0.033443
2005.30273 0.033887
2005.40955 0.034335
2005.51624 0.034789
2005.62305 0.035247
2005.72974 0.035712
2005.83655 0.036185
2005.94324 0.036665
2006.05005 0.037154
2006.15674 0.037653
2006.26355 0.038164
2006.37036 0.038688
2006.47705 0.039228
2006.58386 0.039786
2006.69055 0.040364
2006.79736 0.040965
2006.90405 0.041589
2007.01086 0.042241
2007.11755 0.042921
2007.22437 0.04363
2007.33105 0.044363
2007.43787 0.045118
2007.54456 0.045891
2007.65137 0.046679
2007.75806 0.047477
2007.86487 0.048283
2007.97156 0.049092
2008.07837 0.049902
2008.18506 0.050709
2008.29187 0.051514
2008.39856 0.052317
2008.50537 0.05312
2008.61206 0.053923
2008.71887 0.054728
2008.82556 0.055536
2008.93237 0.056346
2009.03918 0.057161
2009.14587 0.057982
2009.25269 0.058811
2009.35938 0.059654
2009.46619 0.060515
2009.57288 0.061399
2009.67969 0.062311
2009.78638 0.063256
2009.89319 0.064239
2009.99988 0.065265
2010.10669 0.066337
2010.21338 0.067459
2010.32019 0.068627
2010.42688 0.069839
2010.53369 0.071091
2010.64038 0.07238
2010.74719 0.073702
2010.85388 0.075055
2010.96069 0.076434
2011.06738 0.077838
2011.17419 0.079263
2011.28088 0.080711
2011.38770 0.082183
2011.49451 0.083682
2011.60120 0.085209
2011.70801 0.086767
2011.81470 0.088357
2011.92151 0.089982
2012.02820 0.091644
2012.13501 0.093345
2012.24170 0.09509
2012.34851 0.096889
2012.45520 0.098749
2012.56201 0.10068
2012.66870 0.102689
2012.77551 0.104786
2012.88220 0.106979
2012.98901 0.109276
2013.09570 0.111686
2013.20251 0.114212
2013.30920 0.116843
2013.41602 0.119568
2013.52271 0.122375
2013.62952 0.125251
2013.73621 0.128184
2013.84302 0.131163
2013.94971 0.134175
2014.05652 0.137208
2014.16333 0.140252
2014.27002 0.143307
2014.37683 0.146377
2014.48352 0.149466
2014.59033 0.152578
2014.69702 0.155717
2014.80383 0.158888
2014.91052 0.162096
2015.01733 0.165343
2015.12402 0.168636
2015.23083 0.171981
2015.33752 0.175391
2015.44434 0.17888
2015.55103 0.182459
2015.65784 0.186141
2015.76453 0.18994
2015.87134 0.193868
2015.97803 0.197937
2016.08484 0.202161
2016.19153 0.206543
2016.29834 0.21106
2016.40503 0.215683
2016.51184 0.220384
2016.61853 0.225134
2016.72534 0.229905
2016.83215 0.234669
2016.93884 0.239396
2017.04565 0.244059
2017.15234 0.248632
2017.25916 0.253126
2017.36584 0.257571
2017.47266 0.261994
2017.57935 0.266427
2017.68616 0.270899
2017.79285 0.27544
2017.89966 0.280078
2018.00635 0.284844
2018.11316 0.289767
2018.21985 0.294852
2018.32666 0.300072
2018.43335 0.305395
2018.54016 0.310791
2018.64685 0.316228
2018.75366 0.321676
2018.86035 0.327104
2018.96716 0.332481
2019.07385 0.337776
2019.18066 0.342965
2019.28735 0.348052
2019.39417 0.353049
2019.50098 0.357967
2019.60767 0.362818
2019.71448 0.367613
2019.82117 0.372364
2019.92798 0.377081
2020.03467 0.381778
2020.14148 0.386464
2020.24817 0.391153
2020.35498 0.395856
2020.46167 0.400586
2020.56848 0.405357
2020.67517 0.41018
2020.78198 0.415067
2020.88867 0.420033
2020.99548 0.425088
2021.10217 0.430245
2021.20898 0.435507
2021.31567 0.440851
2021.42249 0.446256
2021.52917 0.451698
2021.63599 0.457155
2021.74268 0.462603
2021.84949 0.468021
2021.95630 0.473384
2022.06299 0.478671
2022.16980 0.483862
2022.27649 0.488961
2022.38330 0.493981
2022.48999 0.498932
2022.59680 0.503827
2022.70349 0.508678
2022.81030 0.513495
2022.91699 0.518292
2023.02380 0.52308
2023.13049 0.527871
2023.23730 0.532674
2023.34399 0.537499
2023.45081 0.542354
2023.55750 0.547248
2023.66431 0.55219
2023.77100 0.557188
2023.87781 0.562251
2023.98450 0.567387
2024.09131 0.572605
2024.19800 0.577906
2024.30481 0.583264
2024.41150 0.588654
2024.51831 0.594048
2024.62512 0.59942
2024.73181 0.604742
2024.83862 0.609987
2024.94531 0.615128
2025.05212 0.620139
2025.15881 0.624995
2025.26562 0.6297
2025.37231 0.634269
2025.47913 0.638719
2025.58582 0.643064
2025.69263 0.647321
2025.79932 0.651504
2025.90613 0.655631
2026.01282 0.659716
2026.11963 0.663775
2026.22632 0.667825
2026.33313 0.671883
2026.43982 0.675968
2026.54663 0.680097
2026.65332 0.684288
2026.76013 0.688559
2026.86682 0.692928
2026.97363 0.697413
2027.08032 0.702031
2027.18713 0.706792
2027.29395 0.711673
2027.40063 0.716646
2027.50745 0.721684
2027.61414 0.726758
2027.72095 0.731839
2027.82764 0.7369
2027.93445 0.741912
2028.04114 0.746846
2028.14795 0.751678
2028.25464 0.756415
2028.36145 0.761082
2028.46814 0.765707
2028.57495 0.770317
2028.68164 0.774937
2028.78845 0.779595
2028.89514 0.784318
2029.00195 0.789133
2029.10864 0.794065
2029.21545 0.79912
2029.32214 0.804268
2029.42896 0.809477
2029.53564 0.814714
2029.64246 0.819945
2029.74927 0.825139
2029.85596 0.830263
2029.96277 0.835284
2030.06946 0.840169
2030.17627 0.844892
2030.28296 0.849456
2030.38977 0.853875
2030.49646 0.858159
2030.60327 0.862321
2030.70996 0.866373
2030.81677 0.870327
2030.92346 0.874195
2031.03027 0.877989
2031.13696 0.881722
2031.24377 0.885395
2031.35046 0.889006
2031.45728 0.892552
2031.56396 0.896028
2031.67078 0.899431
2031.77747 0.902759
2031.88428 0.906006
2031.99097 0.909171
2032.09778 0.912248
2032.20447 0.915235
2032.31128 0.918127
2032.41809 0.920917
2032.52478 0.923602
2032.63159 0.926175
2032.73828 0.928633
2032.84509 0.930969
2032.95178 0.933179
2033.05859 0.935257
2033.16528 0.937201
2033.27209 0.939021
2033.37878 0.940732
2033.48560 0.94235
2033.59229 0.943891
2033.69910 0.945369
2033.80579 0.946802
2033.91260 0.948204
2034.01929 0.949591
2034.12610 0.950978
2034.23279 0.952374
2034.33960 0.953779
2034.44629 0.955196
2034.55310 0.956624
2034.65979 0.958065
2034.76660 0.95952
2034.87329 0.96099
2034.98010 0.962475
2035.08691 0.963977
2035.19360 0.965495
2035.30042 0.96702
2035.40710 0.968546
2035.51392 0.970063
2035.62061 0.971563
2035.72742 0.973038
2035.83411 0.97448
2035.94092 0.97588
2036.04761 0.977231
2036.15442 0.978524
2036.26111 0.979758
2036.36792 0.980938
2036.47461 0.982066
2036.58142 0.983145
2036.68811 0.984178
2036.79492 0.985168
2036.90161 0.986119
2037.00842 0.987032
2037.11511 0.987912
2037.22192 0.98876
2037.32861 0.989578
2037.43542 0.990364
2037.54211 0.991121
2037.64893 0.991848
2037.75574 0.992546
2037.86243 0.993216
2037.96924 0.993858
2038.07593 0.994472
2038.18274 0.99506
2038.28943 0.995619
2038.39624 0.996148
2038.50293 0.996646
2038.60974 0.997111
2038.71643 0.997542
2038.82324 0.997937
2038.92993 0.998294
2039.03674 0.998612
2039.14343 0.998891
2039.25024 0.99913
2039.35693 0.999333
2039.46375 0.999502
2039.57043 0.999641
2039.67725 0.999753
2039.78394 0.99984
2039.89075 0.999906
2039.99744 0.999952
2040.10425 0.999983
2040.21106 0.999999
2040.31775 1.0
2040.42456 0.999984
2040.53125 0.99995
2040.63806 0.999896
2040.74475 0.999821
2040.85156 0.999724
2040.95825 0.999603
2041.06506 0.999457
2041.17175 0.999286
2041.27856 0.999089
2041.38525 0.998867
2041.49207 0.998621
2041.59875 0.998353
2041.70557 0.998064
2041.81226 0.997753
2041.91907 0.997423
2042.02576 0.997074
2042.13257 0.996706
2042.23926 0.99632
2042.34607 0.99591
2042.45276 0.995475
2042.55957 0.995009
2042.66626 0.994511
2042.77307 0.993976
2042.87988 0.9934
2042.98657 0.992781
2043.09338 0.992115
2043.20007 0.9914
2043.30688 0.990638
2043.41357 0.989833
2043.52039 0.988987
2043.62708 0.988103
2043.73389 0.987183
2043.84058 0.986232
2043.94739 0.985251
2044.05408 0.984244
2044.16089 0.983212
2044.26758 0.982157
2044.37439 0.981077
2044.48108 0.979971
2044.58789 0.978838
2044.69458 0.977676
2044.80139 0.976486
2044.90808 0.975265
2045.01489 0.974014
2045.12158 0.97273
2045.22839 0.971411
2045.33508 0.970053
2045.44189 0.968649
2045.54871 0.967197
2045.65540 0.965689
2045.76221 0.964122
2045.86890 0.962491
2045.97571 0.960791
2046.08240 0.959016
2046.18921 0.957166
2046.29590 0.955248
2046.40271 0.953274
2046.50940 0.951252
2046.61621 0.949194
2046.72290 0.947111
2046.82971 0.945012
2046.93640 0.942908
2047.04321 0.940809
2047.14990 0.938725
2047.25671 0.936656
2047.36340 0.934596
2047.47021 0.932538
2047.57690 0.930477
2047.68372 0.928407
2047.79041 0.926323
2047.89722 0.924218
2048.00391 0.922087
2048.11084 0.919922
2048.21753 0.917711
2048.32422 0.915425
2048.43091 0.913035
2048.53784 0.910513
2048.64453 0.907829
2048.75122 0.904954
2048.85791 0.901861
2048.96484 0.898519
2049.07153 0.894901
2049.17822 0.890986
2049.28491 0.886796
2049.39185 0.882361
2049.49854 0.877714
2049.60522 0.872886
2049.71191 0.867908
2049.81885 0.862812
2049.92554 0.857629
2050.03223 0.852391
2050.13892 0.847128
2050.24585 0.841855
2050.35254 0.836573
2050.45923 0.831285
2050.56592 0.825992
2050.67285 0.820696
2050.77954 0.815398
2050.88623 0.810101
2050.99316 0.804807
2051.09985 0.799517
2051.20654 0.79423
2051.31323 0.788942
2051.42017 0.783646
2051.52686 0.778337
2051.63354 0.773009
2051.74023 0.767655
2051.84717 0.762272
2051.95386 0.756851
2052.06055 0.751388
2052.16724 0.74588
2052.27417 0.740341
2052.38086 0.734789
2052.48755 0.729244
2052.59424 0.723726
2052.70117 0.718255
2052.80786 0.71285
2052.91455 0.707531
2053.02124 0.702317
2053.12817 0.697227
2053.23486 0.692263
2053.34155 0.68741
2053.44849 0.682653
2053.55518 0.677977
2053.66187 0.673365
2053.76855 0.668804
2053.87549 0.664277
2053.98218 0.659768
2054.08887 0.655263
2054.19556 0.650747
2054.30249 0.646207
2054.40918 0.641628
2054.51587 0.636998
2054.62256 0.632304
2054.72949 0.627533
2054.83618 0.622671
2054.94287 0.617705
2055.04956 0.612623
2055.15649 0.607413
2055.26318 0.602096
2055.36987 0.596701
2055.47656 0.591262
2055.58350 0.585811
2055.69019 0.580378
2055.79688 0.574997
2055.90381 0.569698
2056.01050 0.564514
2056.11719 0.559477
2056.22388 0.55459
2056.33081 0.549826
2056.43750 0.545154
2056.54419 0.540542
2056.65088 0.53596
2056.75781 0.531378
2056.86450 0.526764
2056.97119 0.522087
2057.07788 0.517317
2057.18481 0.512434
2057.29150 0.507456
2057.39819 0.50241
2057.50488 0.497322
2057.61182 0.49222
2057.71851 0.487131
2057.82520 0.482082
2057.93188 0.477099
2058.03882 0.472209
2058.14551 0.467438
2058.25220 0.462786
2058.35889 0.458241
2058.46582 0.45379
2058.57251 0.449418
2058.67920 0.445114
2058.78613 0.440863
2058.89282 0.436652
2058.99951 0.432468
2059.10620 0.428297
2059.21313 0.424127
2059.31982 0.419948
2059.42651 0.415746
2059.53320 0.411513
2059.64014 0.407236
2059.74683 0.402905
2059.85352 0.398509
2059.96021 0.394036
2060.06714 0.389476
2060.17383 0.384822
2060.28052 0.380087
2060.38721 0.375292
2060.49414 0.370455
2060.60083 0.365598
2060.70752 0.36074
2060.81421 0.355901
2060.92114 0.351101
2061.02783 0.346359
2061.13452 0.341694
2061.24146 0.337109
2061.34814 0.332594
2061.45483 0.328137
2061.56152 0.323726
2061.66846 0.31935
2061.77515 0.314998
2061.88184 0.310658
2061.98853 0.30632
2062.09546 0.301971
2062.20215 0.297602
2062.30884 0.293205
2062.41553 0.28877
2062.52246 0.284292
2062.62915 0.279761
2062.73584 0.275169
2062.84253 0.27051
2062.94946 0.265775
2063.05615 0.260957
2063.16284 0.256049
2063.26953 0.251071
2063.37646 0.246048
2063.48315 0.241008
2063.58984 0.235975
2063.69678 0.230977
2063.80347 0.22604
2063.91016 0.22119
2064.01685 0.216455
2064.12378 0.211859
2064.23047 0.207412
2064.33716 0.203104
2064.44385 0.198926
2064.55078 0.194868
2064.65747 0.190919
2064.76416 0.187069
2064.87085 0.183308
2064.97778 0.179625
2065.08447 0.176011
2065.19116 0.172456
2065.29785 0.16895
2065.40479 0.165487
2065.51147 0.162059
2065.61816 0.158658
2065.72485 0.155276
2065.83179 0.151907
2065.93848 0.148543
2066.04517 0.145176
2066.15186 0.141802
2066.25879 0.138429
2066.36548 0.135073
2066.47217 0.131749
2066.57910 0.128473
2066.68579 0.125262
2066.79248 0.122128
2066.89917 0.119089
2067.00610 0.116157
2067.11279 0.113349
2067.21948 0.110668
2067.32617 0.108103
2067.43311 0.105646
2067.53979 0.103284
2067.64648 0.101006
2067.75317 0.098804
2067.86011 0.096666
2067.96680 0.094581
2068.07349 0.092541
2068.18018 0.090535
2068.28711 0.08856
2068.39380 0.086614
2068.50049 0.084694
2068.60718 0.082799
2068.71411 0.080925
2068.82080 0.079071
2068.92749 0.077233
2069.03442 0.07541
2069.14111 0.0736
2069.24780 0.071806
2069.35449 0.070035
2069.46143 0.068295
2069.56812 0.066594
2069.67480 0.06494
2069.78149 0.06334
2069.88843 0.061801
2069.99512 0.060332
2070.10181 0.05894
2070.20850 0.057627
2070.31543 0.056386
2070.42212 0.055209
2070.52881 0.054088
2070.63550 0.053013
2070.74243 0.051976
2070.84912 0.05097
2070.95581 0.049985
2071.06250 0.049014
2071.16943 0.048049
2071.27612 0.047093
2071.38281 0.046148
2071.48975 0.045221
2071.59644 0.044316
2071.70312 0.043437
2071.80981 0.042588
2071.91675 0.041774
2072.02344 0.041001
2072.13013 0.040271
2072.23682 0.039585
2072.34375 0.03894
2072.45044 0.03833
2072.55713 0.037754
2072.66382 0.037206
2072.77075 0.036682
2072.87744 0.036179
2072.98413 0.035693
2073.09082 0.035219
2073.19775 0.034755
2073.30444 0.034299
2073.41113 0.03385
2073.51782 0.033406
2073.62476 0.032966
2073.73145 0.032528
2073.83813 0.032092
2073.94482 0.031656
2074.05176 0.031219
2074.15845 0.030779
2074.26514 0.030337
2074.37207 0.029896
2074.47876 0.029456
2074.58545 0.029021
2074.69214 0.02859
2074.79907 0.028167
2074.90576 0.027753
2075.01245 0.027349
2075.11914 0.026958
2075.22607 0.026579
2075.33276 0.026212
2075.43945 0.025856
2075.54614 0.02551
2075.65308 0.025173
2075.75977 0.024842
2075.86646 0.024519
2075.97314 0.024201
2076.08008 0.023887
2076.18677 0.023576
2076.29346 0.023269
2076.40015 0.022963
2076.50708 0.022659
2076.61377 0.022357
2076.72046 0.022055
2076.82739 0.021753
2076.93408 0.021451
2077.04077 0.021147
2077.14746 0.020843
2077.25439 0.020537
2077.36108 0.020232
2077.46777 0.019929
2077.57446 0.019629
2077.68140 0.019334
2077.78809 0.019044
2077.89478 0.018761
2078.00146 0.018487
2078.10840 0.018222
2078.21509 0.017967
2078.32178 0.017721
2078.42847 0.017484
2078.53540 0.017255
2078.64209 0.017033
2078.74878 0.016817
2078.85547 0.016606
2078.96240 0.0164
2079.06909 0.016198
2079.17578 0.015999
2079.28271 0.015802
2079.38940 0.015609
2079.49609 0.015417
2079.60278 0.015227
2079.70972 0.015039
2079.81641 0.014852
2079.92310 0.014666
2080.02979 0.01448
2080.13672 0.014296
2080.24341 0.014112
2080.35010 0.01393
2080.45679 0.01375
2080.56372 0.013573
2080.67041 0.013401
2080.77710 0.013234
2080.88379 0.013073
2080.99072 0.012918
2081.09741 0.01277
2081.20410 0.012631
2081.31079 0.012498
2081.41772 0.012372
2081.52441 0.012251
2081.63110 0.012135
2081.73779 0.012022
2081.84473 0.011912
2081.95142 0.011805
2082.05811 0.011698
2082.16504 0.011592
2082.27173 0.011487
2082.37842 0.011383
2082.48511 0.01128
2082.59204 0.01118
2082.69873 0.011082
2082.80542 0.010988
2082.91211 0.010898
2083.01904 0.010812
2083.12573 0.010731
2083.23242 0.010655
2083.33911 0.010583
2083.44604 0.010516
2083.55273 0.010452
2083.65942 0.010391
2083.76611 0.010334
2083.87305 0.010279
2083.97974 0.010226
2084.08643 0.010175
2084.19312 0.010125
2084.30005 0.010077
2084.40674 0.01003
2084.51343 0.009984
2084.62036 0.009939
2084.72705 0.009896
2084.83374 0.009853
2084.94043 0.009812
2085.04736 0.009771
2085.15405 0.009731
2085.26074 0.009692
2085.36743 0.009654
2085.47437 0.009617
2085.58105 0.009581
2085.68774 0.009547
2085.79443 0.009513
2085.90137 0.009481
2086.00806 0.009449
2086.11475 0.00942
2086.22144 0.009391
2086.32837 0.009364
2086.43506 0.009337
2086.54175 0.009312
2086.64844 0.009287
2086.75537 0.009263
2086.86206 0.009239
2086.96875 0.009216
2087.07568 0.009193
2087.18237 0.00917
2087.28906 0.009147
2087.39575 0.009124
2087.50269 0.0091
2087.60938 0.009076
2087.71606 0.009051
2087.82275 0.009025
2087.92969 0.008999
2088.03638 0.008971
2088.14307 0.008943
2088.24976 0.008913
2088.35669 0.008882
2088.46338 0.00885
2088.57007 0.008817
2088.67676 0.008784
2088.78369 0.00875
2088.89038 0.008715
2088.99707 0.00868
2089.10376 0.008645
2089.21069 0.00861
2089.31738 0.008574
2089.42407 0.008538
2089.53076 0.008502
2089.63770 0.008465
2089.74438 0.008428
2089.85107 0.008391
2089.95801 0.008354
2090.06470 0.008316
2090.17139 0.008277
2090.27808 0.008238
2090.38501 0.008198
2090.49170 0.008158
2090.59839 0.008117
2090.70508 0.008074
2090.81201 0.008031
2090.91870 0.007986
2091.02539 0.00794
2091.13208 0.007892
2091.23901 0.007843
2091.34570 0.007793
2091.45239 0.007742
2091.55908 0.00769
2091.66602 0.007638
2091.77271 0.007585
2091.87939 0.007532
2091.98608 0.007479
2092.09302 0.007427
2092.19971 0.007375
2092.30640 0.007324
2092.41333 0.007273
2092.52002 0.007223
2092.62671 0.007173
2092.73340 0.007123
2092.84033 0.007074
2092.94702 0.007025
2093.05371 0.006977
2093.16040 0.006929
2093.26733 0.006881
2093.37402 0.006832
2093.48071 0.006783
2093.58740 0.006733
2093.69434 0.006681
2093.80103 0.006627
2093.90771 0.006571
2094.01440 0.006513
2094.12134 0.006451
2094.22803 0.006387
2094.33472 0.006322
2094.44141 0.006256
2094.54834 0.006191
2094.65503 0.006129
2094.76172 0.006069
2094.86865 0.006015
2094.97534 0.005966
2095.08203 0.005923
2095.18872 0.005889
2095.29565 0.005862
2095.40234 0.005841
2095.50903 0.005826
2095.61572 0.005815
2095.72266 0.005807
2095.82935 0.005803
2095.93604 0.0058
2096.04272 0.005799
2096.14966 0.005798
2305.76465 0.0
