threeML/data/optical_filters/TD1/SPEC-F2460.ecsv
# %ECSV 0.9
# ---
# datatype:
# - {name: wavelength, unit: Angstrom, datatype: float32}
# - {name: response, datatype: float32}
# meta: !!omap
# - {band_name: F2460}
# - {group_name: SPEC}
wavelength response
2166.24707 0.0
2406.94116 0.010058
2407.04810 0.010124
2407.15479 0.01019
2407.26147 0.010256
2407.36816 0.010321
2407.47510 0.010387
2407.58179 0.010453
2407.68848 0.01052
2407.79517 0.010587
2407.90210 0.010655
2408.00879 0.010725
2408.11548 0.010795
2408.22241 0.010868
2408.32910 0.010941
2408.43579 0.011015
2408.54248 0.011089
2408.64941 0.011163
2408.75610 0.011236
2408.86279 0.011308
2408.96948 0.011378
2409.07642 0.011447
2409.18311 0.011514
2409.28979 0.011578
2409.39648 0.011642
2409.50342 0.011704
2409.61011 0.011765
2409.71680 0.011827
2409.82349 0.011888
2409.93042 0.01195
2410.03711 0.012013
2410.14380 0.012078
2410.25049 0.012143
2410.35742 0.01221
2410.46411 0.012277
2410.57080 0.012345
2410.67773 0.012412
2410.78442 0.012478
2410.89111 0.012543
2410.99780 0.012607
2411.10474 0.012669
2411.21143 0.012729
2411.31812 0.012787
2411.42480 0.012843
2411.53174 0.012899
2411.63843 0.012953
2411.74512 0.013007
2411.85181 0.01306
2411.95874 0.013114
2412.06543 0.013168
2412.17212 0.013222
2412.27881 0.013278
2412.38574 0.013334
2412.49243 0.013391
2412.59912 0.013448
2412.70581 0.013507
2412.81274 0.013566
2412.91943 0.013626
2413.02612 0.013687
2413.13281 0.013749
2413.23975 0.013812
2413.34644 0.013875
2413.45312 0.013939
2413.56006 0.014004
2413.66675 0.014069
2413.77344 0.014134
2413.88013 0.014199
2413.98706 0.014265
2414.09375 0.01433
2414.20044 0.014395
2414.30713 0.014461
2414.41406 0.014526
2414.52075 0.014592
2414.62744 0.014658
2414.73413 0.014724
2414.84106 0.014791
2414.94775 0.014859
2415.05444 0.014927
2415.16113 0.014997
2415.26807 0.015067
2415.37476 0.015139
2415.48145 0.015213
2415.58813 0.01529
2415.69507 0.015368
2415.80176 0.01545
2415.90845 0.015535
2416.01538 0.015624
2416.12207 0.015716
2416.22876 0.015813
2416.33545 0.015913
2416.44238 0.016016
2416.54907 0.016121
2416.65576 0.016229
2416.76245 0.016339
2416.86938 0.01645
2416.97607 0.016562
2417.08276 0.016675
2417.18945 0.016787
2417.29639 0.0169
2417.40308 0.017013
2417.50977 0.017127
2417.61646 0.017242
2417.72339 0.017357
2417.83008 0.017474
2417.93677 0.017592
2418.04346 0.017711
2418.15039 0.017831
2418.25708 0.017954
2418.36377 0.018079
2418.47046 0.018206
2418.57739 0.018337
2418.68408 0.018472
2418.79077 0.01861
2418.89771 0.018754
2419.00439 0.018902
2419.11108 0.019056
2419.21777 0.019215
2419.32471 0.019379
2419.43140 0.019548
2419.53809 0.019719
2419.64478 0.019894
2419.75171 0.02007
2419.85840 0.020247
2419.96509 0.020425
2420.07178 0.020602
2420.17871 0.020778
2420.28540 0.020953
2420.39209 0.021128
2420.49878 0.021302
2420.60571 0.021477
2420.71240 0.021651
2420.81909 0.021825
2420.92578 0.022
2421.03271 0.022176
2421.13940 0.022353
2421.24609 0.022531
2421.35303 0.022712
2421.45972 0.022897
2421.56641 0.023086
2421.67310 0.023281
2421.78003 0.023482
2421.88672 0.02369
2421.99341 0.023907
2422.10010 0.024133
2422.20703 0.024368
2422.31372 0.024612
2422.42041 0.024862
2422.52710 0.025119
2422.63403 0.02538
2422.74072 0.025644
2422.84741 0.02591
2422.95410 0.026176
2423.06104 0.026441
2423.16772 0.026705
2423.27441 0.026969
2423.38110 0.027234
2423.48804 0.027504
2423.59473 0.02778
2423.70142 0.028064
2423.80835 0.02836
2423.91504 0.028669
2424.02173 0.028993
2424.12842 0.029334
2424.23535 0.029694
2424.34204 0.030069
2424.44873 0.030459
2424.55542 0.030862
2424.66235 0.031275
2424.76904 0.031698
2424.87573 0.032127
2424.98242 0.032562
2425.08936 0.033001
2425.19604 0.033443
2425.30273 0.033887
2425.40942 0.034335
2425.51636 0.034789
2425.62305 0.035247
2425.72974 0.035712
2425.83643 0.036185
2425.94336 0.036665
2426.05005 0.037154
2426.15674 0.037653
2426.26343 0.038164
2426.37036 0.038688
2426.47705 0.039228
2426.58374 0.039786
2426.69067 0.040364
2426.79736 0.040965
2426.90405 0.041589
2427.01074 0.042241
2427.11768 0.042921
2427.22437 0.04363
2427.33105 0.044363
2427.43774 0.045118
2427.54468 0.045891
2427.65137 0.046679
2427.75806 0.047477
2427.86475 0.048283
2427.97168 0.049092
2428.07837 0.049902
2428.18506 0.050709
2428.29175 0.051514
2428.39868 0.052317
2428.50537 0.05312
2428.61206 0.053923
2428.71875 0.054728
2428.82568 0.055536
2428.93237 0.056346
2429.03906 0.057161
2429.14600 0.057982
2429.25269 0.058811
2429.35938 0.059654
2429.46606 0.060515
2429.57300 0.061399
2429.67969 0.062311
2429.78638 0.063256
2429.89307 0.064239
2430.00000 0.065265
2430.10669 0.066337
2430.21338 0.067459
2430.32007 0.068627
2430.42700 0.069839
2430.53369 0.071091
2430.64038 0.07238
2430.74707 0.073702
2430.85400 0.075055
2430.96069 0.076434
2431.06738 0.077838
2431.17407 0.079263
2431.28101 0.080711
2431.38770 0.082183
2431.49438 0.083682
2431.60132 0.085209
2431.70801 0.086767
2431.81470 0.088357
2431.92139 0.089982
2432.02832 0.091644
2432.13501 0.093345
2432.24170 0.09509
2432.34839 0.096889
2432.45532 0.098749
2432.56201 0.10068
2432.66870 0.102689
2432.77539 0.104786
2432.88232 0.106979
2432.98901 0.109276
2433.09570 0.111686
2433.20239 0.114212
2433.30933 0.116843
2433.41602 0.119568
2433.52271 0.122375
2433.62939 0.125251
2433.73633 0.128184
2433.84302 0.131163
2433.94971 0.134175
2434.05640 0.137208
2434.16333 0.140252
2434.27002 0.143307
2434.37671 0.146377
2434.48364 0.149466
2434.59033 0.152578
2434.69702 0.155717
2434.80371 0.158888
2434.91064 0.162096
2435.01733 0.165343
2435.12402 0.168636
2435.23071 0.171981
2435.33765 0.175391
2435.44434 0.17888
2435.55103 0.182459
2435.65771 0.186141
2435.76465 0.18994
2435.87134 0.193868
2435.97803 0.197937
2436.08472 0.202161
2436.19165 0.206543
2436.29834 0.21106
2436.40503 0.215683
2436.51172 0.220384
2436.61865 0.225134
2436.72534 0.229905
2436.83203 0.234669
2436.93896 0.239396
2437.04565 0.244059
2437.15234 0.248632
2437.25903 0.253126
2437.36597 0.257571
2437.47266 0.261994
2437.57935 0.266427
2437.68604 0.270899
2437.79297 0.27544
2437.89966 0.280078
2438.00635 0.284844
2438.11304 0.289767
2438.21997 0.294852
2438.32666 0.300072
2438.43335 0.305395
2438.54004 0.310791
2438.64697 0.316228
2438.75366 0.321676
2438.86035 0.327104
2438.96704 0.332481
2439.07397 0.337776
2439.18066 0.342965
2439.28735 0.348052
2439.39429 0.353049
2439.50098 0.357967
2439.60767 0.362818
2439.71436 0.367613
2439.82129 0.372364
2439.92798 0.377081
2440.03467 0.381778
2440.14136 0.386464
2440.24829 0.391153
2440.35498 0.395856
2440.46167 0.400586
2440.56836 0.405357
2440.67529 0.41018
2440.78198 0.415067
2440.88867 0.420033
2440.99536 0.425088
2441.10229 0.430245
2441.20898 0.435507
2441.31567 0.440851
2441.42236 0.446256
2441.52930 0.451698
2441.63599 0.457155
2441.74268 0.462603
2441.84937 0.468021
2441.95630 0.473384
2442.06299 0.478671
2442.16968 0.483862
2442.27661 0.488961
2442.38330 0.493981
2442.48999 0.498932
2442.59668 0.503827
2442.70361 0.508678
2442.81030 0.513495
2442.91699 0.518292
2443.02368 0.52308
2443.13062 0.527871
2443.23730 0.532674
2443.34399 0.537499
2443.45068 0.542354
2443.55762 0.547248
2443.66431 0.55219
2443.77100 0.557188
2443.87769 0.562251
2443.98462 0.567387
2444.09131 0.572605
2444.19800 0.577906
2444.30469 0.583264
2444.41162 0.588654
2444.51831 0.594048
2444.62500 0.59942
2444.73193 0.604742
2444.83862 0.609987
2444.94531 0.615128
2445.05200 0.620139
2445.15894 0.624995
2445.26562 0.6297
2445.37231 0.634269
2445.47900 0.638719
2445.58594 0.643064
2445.69263 0.647321
2445.79932 0.651504
2445.90601 0.655631
2446.01294 0.659716
2446.11963 0.663775
2446.22632 0.667825
2446.33301 0.671883
2446.43994 0.675968
2446.54663 0.680097
2446.65332 0.684288
2446.76001 0.688559
2446.86694 0.692928
2446.97363 0.697413
2447.08032 0.702031
2447.18726 0.706792
2447.29395 0.711673
2447.40063 0.716646
2447.50732 0.721684
2447.61426 0.726758
2447.72095 0.731839
2447.82764 0.7369
2447.93433 0.741912
2448.04126 0.746846
2448.14795 0.751678
2448.25464 0.756415
2448.36133 0.761082
2448.46826 0.765707
2448.57495 0.770317
2448.68164 0.774937
2448.78833 0.779595
2448.89526 0.784318
2449.00195 0.789133
2449.10864 0.794065
2449.21533 0.79912
2449.32227 0.804268
2449.42896 0.809477
2449.53564 0.814714
2449.64233 0.819945
2449.74927 0.825139
2449.85596 0.830263
2449.96265 0.835284
2450.06958 0.840169
2450.17627 0.844892
2450.28296 0.849456
2450.38965 0.853875
2450.49658 0.858159
2450.60327 0.862321
2450.70996 0.866373
2450.81665 0.870327
2450.92358 0.874195
2451.03027 0.877989
2451.13696 0.881722
2451.24365 0.885395
2451.35059 0.889006
2451.45728 0.892552
2451.56396 0.896028
2451.67065 0.899431
2451.77759 0.902759
2451.88428 0.906006
2451.99097 0.909171
2452.09766 0.912248
2452.20459 0.915235
2452.31128 0.918127
2452.41797 0.920917
2452.52490 0.923602
2452.63159 0.926175
2452.73828 0.928633
2452.84497 0.930969
2452.95190 0.933179
2453.05859 0.935257
2453.16528 0.937201
2453.27197 0.939021
2453.37891 0.940732
2453.48560 0.94235
2453.59229 0.943891
2453.69897 0.945369
2453.80591 0.946802
2453.91260 0.948204
2454.01929 0.949591
2454.12598 0.950978
2454.23291 0.952374
2454.33960 0.953779
2454.44629 0.955196
2454.55298 0.956624
2454.65991 0.958065
2454.76660 0.95952
2454.87329 0.96099
2454.98022 0.962475
2455.08691 0.963977
2455.19360 0.965495
2455.30029 0.96702
2455.40723 0.968546
2455.51392 0.970063
2455.62061 0.971563
2455.72729 0.973038
2455.83423 0.97448
2455.94092 0.97588
2456.04761 0.977231
2456.15430 0.978524
2456.26123 0.979758
2456.36792 0.980938
2456.47461 0.982066
2456.58130 0.983145
2456.68823 0.984178
2456.79492 0.985168
2456.90161 0.986119
2457.00830 0.987032
2457.11523 0.987912
2457.22192 0.98876
2457.32861 0.989578
2457.43530 0.990364
2457.54224 0.991121
2457.64893 0.991848
2457.75562 0.992546
2457.86255 0.993216
2457.96924 0.993858
2458.07593 0.994472
2458.18262 0.99506
2458.28955 0.995619
2458.39624 0.996148
2458.50293 0.996646
2458.60962 0.997111
2458.71655 0.997542
2458.82324 0.997937
2458.92993 0.998294
2459.03662 0.998612
2459.14355 0.998891
2459.25024 0.99913
2459.35693 0.999333
2459.46362 0.999502
2459.57056 0.999641
2459.67725 0.999753
2459.78394 0.99984
2459.89062 0.999906
2459.99756 0.999952
2460.10425 0.999983
2460.21094 0.999999
2460.31787 1.0
2460.42456 0.999984
2460.53125 0.99995
2460.63794 0.999896
2460.74487 0.999821
2460.85156 0.999724
2460.95825 0.999603
2461.06494 0.999457
2461.17188 0.999286
2461.27856 0.999089
2461.38525 0.998867
2461.49194 0.998621
2461.59888 0.998353
2461.70557 0.998064
2461.81226 0.997753
2461.91895 0.997423
2462.02588 0.997074
2462.13257 0.996706
2462.23926 0.99632
2462.34595 0.99591
2462.45288 0.995475
2462.55957 0.995009
2462.66626 0.994511
2462.77319 0.993976
2462.87988 0.9934
2462.98657 0.992781
2463.09326 0.992115
2463.20020 0.9914
2463.30688 0.990638
2463.41357 0.989833
2463.52026 0.988987
2463.62720 0.988103
2463.73389 0.987183
2463.84058 0.986232
2463.94727 0.985251
2464.05420 0.984244
2464.16089 0.983212
2464.26758 0.982157
2464.37427 0.981077
2464.48120 0.979971
2464.58789 0.978838
2464.69458 0.977676
2464.80127 0.976486
2464.90820 0.975265
2465.01489 0.974014
2465.12158 0.97273
2465.22827 0.971411
2465.33521 0.970053
2465.44189 0.968649
2465.54858 0.967197
2465.65552 0.965689
2465.76221 0.964122
2465.86890 0.962491
2465.97559 0.960791
2466.08252 0.959016
2466.18921 0.957166
2466.29590 0.955248
2466.40259 0.953274
2466.50952 0.951252
2466.61621 0.949194
2466.72290 0.947111
2466.82959 0.945012
2466.93652 0.942908
2467.04321 0.940809
2467.14990 0.938725
2467.25659 0.936656
2467.36353 0.934596
2467.47021 0.932538
2467.57690 0.930477
2467.68359 0.928407
2467.79053 0.926323
2467.89722 0.924218
2468.00391 0.922087
2468.11084 0.919922
2468.21753 0.917711
2468.32422 0.915425
2468.43091 0.913035
2468.53784 0.910513
2468.64453 0.907829
2468.75122 0.904954
2468.85791 0.901861
2468.96484 0.898519
2469.07153 0.894901
2469.17822 0.890986
2469.28491 0.886796
2469.39185 0.882361
2469.49854 0.877714
2469.60522 0.872886
2469.71191 0.867908
2469.81885 0.862812
2469.92554 0.857629
2470.03223 0.852391
2470.13892 0.847128
2470.24585 0.841855
2470.35254 0.836573
2470.45923 0.831285
2470.56592 0.825992
2470.67285 0.820696
2470.77954 0.815398
2470.88623 0.810101
2470.99316 0.804807
2471.09985 0.799517
2471.20654 0.79423
2471.31323 0.788942
2471.42017 0.783646
2471.52686 0.778337
2471.63354 0.773009
2471.74023 0.767655
2471.84717 0.762272
2471.95386 0.756851
2472.06055 0.751388
2472.16724 0.74588
2472.27417 0.740341
2472.38086 0.734789
2472.48755 0.729244
2472.59424 0.723726
2472.70117 0.718255
2472.80786 0.71285
2472.91455 0.707531
2473.02124 0.702317
2473.12817 0.697227
2473.23486 0.692263
2473.34155 0.68741
2473.44849 0.682653
2473.55518 0.677977
2473.66187 0.673365
2473.76855 0.668804
2473.87549 0.664277
2473.98218 0.659768
2474.08887 0.655263
2474.19556 0.650747
2474.30249 0.646207
2474.40918 0.641628
2474.51587 0.636998
2474.62256 0.632304
2474.72949 0.627533
2474.83618 0.622671
2474.94287 0.617705
2475.04956 0.612623
2475.15649 0.607413
2475.26318 0.602096
2475.36987 0.596701
2475.47656 0.591262
2475.58350 0.585811
2475.69019 0.580378
2475.79688 0.574997
2475.90381 0.569698
2476.01050 0.564514
2476.11719 0.559477
2476.22388 0.55459
2476.33081 0.549826
2476.43750 0.545154
2476.54419 0.540542
2476.65088 0.53596
2476.75781 0.531378
2476.86450 0.526764
2476.97119 0.522087
2477.07788 0.517317
2477.18481 0.512434
2477.29150 0.507456
2477.39819 0.50241
2477.50488 0.497322
2477.61182 0.49222
2477.71851 0.487131
2477.82520 0.482082
2477.93188 0.477099
2478.03882 0.472209
2478.14551 0.467438
2478.25220 0.462786
2478.35889 0.458241
2478.46582 0.45379
2478.57251 0.449418
2478.67920 0.445114
2478.78613 0.440863
2478.89282 0.436652
2478.99951 0.432468
2479.10620 0.428297
2479.21313 0.424127
2479.31982 0.419948
2479.42651 0.415746
2479.53320 0.411513
2479.64014 0.407236
2479.74683 0.402905
2479.85352 0.398509
2479.96021 0.394036
2480.06714 0.389476
2480.17383 0.384822
2480.28052 0.380087
2480.38721 0.375292
2480.49414 0.370455
2480.60083 0.365598
2480.70752 0.36074
2480.81421 0.355901
2480.92114 0.351101
2481.02783 0.346359
2481.13452 0.341694
2481.24146 0.337109
2481.34814 0.332594
2481.45483 0.328137
2481.56152 0.323726
2481.66846 0.31935
2481.77515 0.314998
2481.88184 0.310658
2481.98853 0.30632
2482.09546 0.301971
2482.20215 0.297602
2482.30884 0.293205
2482.41553 0.28877
2482.52246 0.284292
2482.62915 0.279761
2482.73584 0.275169
2482.84253 0.27051
2482.94946 0.265775
2483.05615 0.260957
2483.16284 0.256049
2483.26953 0.251071
2483.37646 0.246048
2483.48315 0.241008
2483.58984 0.235975
2483.69678 0.230977
2483.80347 0.22604
2483.91016 0.22119
2484.01685 0.216455
2484.12378 0.211859
2484.23047 0.207412
2484.33716 0.203104
2484.44385 0.198926
2484.55078 0.194868
2484.65747 0.190919
2484.76416 0.187069
2484.87085 0.183308
2484.97778 0.179625
2485.08447 0.176011
2485.19116 0.172456
2485.29785 0.16895
2485.40479 0.165487
2485.51147 0.162059
2485.61816 0.158658
2485.72485 0.155276
2485.83179 0.151907
2485.93848 0.148543
2486.04517 0.145176
2486.15186 0.141802
2486.25879 0.138429
2486.36548 0.135073
2486.47217 0.131749
2486.57910 0.128473
2486.68579 0.125262
2486.79248 0.122128
2486.89917 0.119089
2487.00610 0.116157
2487.11279 0.113349
2487.21948 0.110668
2487.32617 0.108103
2487.43311 0.105646
2487.53979 0.103284
2487.64648 0.101006
2487.75317 0.098804
2487.86011 0.096666
2487.96680 0.094581
2488.07349 0.092541
2488.18018 0.090535
2488.28711 0.08856
2488.39380 0.086614
2488.50049 0.084694
2488.60718 0.082799
2488.71411 0.080925
2488.82080 0.079071
2488.92749 0.077233
2489.03442 0.07541
2489.14111 0.0736
2489.24780 0.071806
2489.35449 0.070035
2489.46143 0.068295
2489.56812 0.066594
2489.67480 0.06494
2489.78149 0.06334
2489.88843 0.061801
2489.99512 0.060332
2490.10181 0.05894
2490.20850 0.057627
2490.31543 0.056386
2490.42212 0.055209
2490.52881 0.054088
2490.63550 0.053013
2490.74243 0.051976
2490.84912 0.05097
2490.95581 0.049985
2491.06250 0.049014
2491.16943 0.048049
2491.27612 0.047093
2491.38281 0.046148
2491.48975 0.045221
2491.59644 0.044316
2491.70312 0.043437
2491.80981 0.042588
2491.91675 0.041774
2492.02344 0.041001
2492.13013 0.040271
2492.23682 0.039585
2492.34375 0.03894
2492.45044 0.03833
2492.55713 0.037754
2492.66382 0.037206
2492.77075 0.036682
2492.87744 0.036179
2492.98413 0.035693
2493.09082 0.035219
2493.19775 0.034755
2493.30444 0.034299
2493.41113 0.03385
2493.51782 0.033406
2493.62476 0.032966
2493.73145 0.032528
2493.83813 0.032092
2493.94482 0.031656
2494.05176 0.031219
2494.15845 0.030779
2494.26514 0.030337
2494.37207 0.029896
2494.47876 0.029456
2494.58545 0.029021
2494.69214 0.02859
2494.79907 0.028167
2494.90576 0.027753
2495.01245 0.027349
2495.11914 0.026958
2495.22607 0.026579
2495.33276 0.026212
2495.43945 0.025856
2495.54614 0.02551
2495.65308 0.025173
2495.75977 0.024842
2495.86646 0.024519
2495.97314 0.024201
2496.08008 0.023887
2496.18677 0.023576
2496.29346 0.023269
2496.40015 0.022963
2496.50708 0.022659
2496.61377 0.022357
2496.72046 0.022055
2496.82739 0.021753
2496.93408 0.021451
2497.04077 0.021147
2497.14746 0.020843
2497.25439 0.020537
2497.36108 0.020232
2497.46777 0.019929
2497.57446 0.019629
2497.68140 0.019334
2497.78809 0.019044
2497.89478 0.018761
2498.00146 0.018487
2498.10840 0.018222
2498.21509 0.017967
2498.32178 0.017721
2498.42847 0.017484
2498.53540 0.017255
2498.64209 0.017033
2498.74878 0.016817
2498.85547 0.016606
2498.96240 0.0164
2499.06909 0.016198
2499.17578 0.015999
2499.28271 0.015802
2499.38940 0.015609
2499.49609 0.015417
2499.60278 0.015227
2499.70972 0.015039
2499.81641 0.014852
2499.92310 0.014666
2500.02979 0.01448
2500.13672 0.014296
2500.24341 0.014112
2500.35010 0.01393
2500.45679 0.01375
2500.56372 0.013573
2500.67041 0.013401
2500.77710 0.013234
2500.88379 0.013073
2500.99072 0.012918
2501.09741 0.01277
2501.20410 0.012631
2501.31079 0.012498
2501.41772 0.012372
2501.52441 0.012251
2501.63110 0.012135
2501.73779 0.012022
2501.84473 0.011912
2501.95142 0.011805
2502.05811 0.011698
2502.16504 0.011592
2502.27173 0.011487
2502.37842 0.011383
2502.48511 0.01128
2502.59204 0.01118
2502.69873 0.011082
2502.80542 0.010988
2502.91211 0.010898
2503.01904 0.010812
2503.12573 0.010731
2503.23242 0.010655
2503.33911 0.010583
2503.44604 0.010516
2503.55273 0.010452
2503.65942 0.010391
2503.76611 0.010334
2503.87305 0.010279
2503.97974 0.010226
2504.08643 0.010175
2504.19312 0.010125
2504.30005 0.010077
2504.40674 0.01003
2504.51343 0.009984
2504.62036 0.009939
2504.72705 0.009896
2504.83374 0.009853
2504.94043 0.009812
2505.04736 0.009771
2505.15405 0.009731
2505.26074 0.009692
2505.36743 0.009654
2505.47437 0.009617
2505.58105 0.009581
2505.68774 0.009547
2505.79443 0.009513
2505.90137 0.009481
2506.00806 0.009449
2506.11475 0.00942
2506.22144 0.009391
2506.32837 0.009364
2506.43506 0.009337
2506.54175 0.009312
2506.64844 0.009287
2506.75537 0.009263
2506.86206 0.009239
2506.96875 0.009216
2507.07568 0.009193
2507.18237 0.00917
2507.28906 0.009147
2507.39575 0.009124
2507.50269 0.0091
2507.60938 0.009076
2507.71606 0.009051
2507.82275 0.009025
2507.92969 0.008999
2508.03638 0.008971
2508.14307 0.008943
2508.24976 0.008913
2508.35669 0.008882
2508.46338 0.00885
2508.57007 0.008817
2508.67676 0.008784
2508.78369 0.00875
2508.89038 0.008715
2508.99707 0.00868
2509.10376 0.008645
2509.21069 0.00861
2509.31738 0.008574
2509.42407 0.008538
2509.53076 0.008502
2509.63770 0.008465
2509.74438 0.008428
2509.85107 0.008391
2509.95801 0.008354
2510.06470 0.008316
2510.17139 0.008277
2510.27808 0.008238
2510.38501 0.008198
2510.49170 0.008158
2510.59839 0.008117
2510.70508 0.008074
2510.81201 0.008031
2510.91870 0.007986
2511.02539 0.00794
2511.13208 0.007892
2511.23901 0.007843
2511.34570 0.007793
2511.45239 0.007742
2511.55908 0.00769
2511.66602 0.007638
2511.77271 0.007585
2511.87939 0.007532
2511.98608 0.007479
2512.09302 0.007427
2512.19971 0.007375
2512.30640 0.007324
2512.41333 0.007273
2512.52002 0.007223
2512.62671 0.007173
2512.73340 0.007123
2512.84033 0.007074
2512.94702 0.007025
2513.05371 0.006977
2513.16040 0.006929
2513.26733 0.006881
2513.37402 0.006832
2513.48071 0.006783
2513.58740 0.006733
2513.69434 0.006681
2513.80103 0.006627
2513.90771 0.006571
2514.01440 0.006513
2514.12134 0.006451
2514.22803 0.006387
2514.33472 0.006322
2514.44141 0.006256
2514.54834 0.006191
2514.65503 0.006129
2514.76172 0.006069
2514.86865 0.006015
2514.97534 0.005966
2515.08203 0.005923
2515.18872 0.005889
2515.29565 0.005862
2515.40234 0.005841
2515.50903 0.005826
2515.61572 0.005815
2515.72266 0.005807
2515.82935 0.005803
2515.93604 0.0058
2516.04272 0.005799
2516.14966 0.005798
2767.76465 0.0
