threeML/data/optical_filters/TD1/SPEC-F1560.ecsv
# %ECSV 0.9
# ---
# datatype:
# - {name: wavelength, unit: Angstrom, datatype: float32}
# - {name: response, datatype: float32}
# meta: !!omap
# - {band_name: F1560}
# - {group_name: SPEC}
wavelength response
1356.24683 0.0
1506.94092 0.010058
1507.04773 0.010124
1507.15442 0.01019
1507.26123 0.010256
1507.36792 0.010321
1507.47473 0.010387
1507.58142 0.010453
1507.68823 0.01052
1507.79504 0.010587
1507.90173 0.010655
1508.00854 0.010725
1508.11523 0.010795
1508.22205 0.010868
1508.32874 0.010941
1508.43555 0.011015
1508.54224 0.011089
1508.64905 0.011163
1508.75574 0.011236
1508.86255 0.011308
1508.96924 0.011378
1509.07605 0.011447
1509.18274 0.011514
1509.28955 0.011578
1509.39624 0.011642
1509.50305 0.011704
1509.60974 0.011765
1509.71655 0.011827
1509.82324 0.011888
1509.93005 0.01195
1510.03674 0.012013
1510.14355 0.012078
1510.25024 0.012143
1510.35706 0.01221
1510.46387 0.012277
1510.57056 0.012345
1510.67737 0.012412
1510.78406 0.012478
1510.89087 0.012543
1510.99756 0.012607
1511.10437 0.012669
1511.21106 0.012729
1511.31787 0.012787
1511.42456 0.012843
1511.53137 0.012899
1511.63806 0.012953
1511.74487 0.013007
1511.85156 0.01306
1511.95837 0.013114
1512.06506 0.013168
1512.17188 0.013222
1512.27856 0.013278
1512.38538 0.013334
1512.49207 0.013391
1512.59888 0.013448
1512.70557 0.013507
1512.81238 0.013566
1512.91907 0.013626
1513.02588 0.013687
1513.13269 0.013749
1513.23938 0.013812
1513.34619 0.013875
1513.45288 0.013939
1513.55969 0.014004
1513.66638 0.014069
1513.77319 0.014134
1513.87988 0.014199
1513.98669 0.014265
1514.09338 0.01433
1514.20020 0.014395
1514.30688 0.014461
1514.41370 0.014526
1514.52039 0.014592
1514.62720 0.014658
1514.73389 0.014724
1514.84070 0.014791
1514.94739 0.014859
1515.05420 0.014927
1515.16089 0.014997
1515.26770 0.015067
1515.37439 0.015139
1515.48120 0.015213
1515.58789 0.01529
1515.69470 0.015368
1515.80151 0.01545
1515.90820 0.015535
1516.01501 0.015624
1516.12170 0.015716
1516.22852 0.015813
1516.33521 0.015913
1516.44202 0.016016
1516.54871 0.016121
1516.65552 0.016229
1516.76221 0.016339
1516.86902 0.01645
1516.97571 0.016562
1517.08252 0.016675
1517.18921 0.016787
1517.29602 0.0169
1517.40271 0.017013
1517.50952 0.017127
1517.61621 0.017242
1517.72302 0.017357
1517.82971 0.017474
1517.93652 0.017592
1518.04321 0.017711
1518.15002 0.017831
1518.25684 0.017954
1518.36353 0.018079
1518.47034 0.018206
1518.57703 0.018337
1518.68384 0.018472
1518.79053 0.01861
1518.89734 0.018754
1519.00403 0.018902
1519.11084 0.019056
1519.21753 0.019215
1519.32434 0.019379
1519.43103 0.019548
1519.53784 0.019719
1519.64453 0.019894
1519.75134 0.02007
1519.85803 0.020247
1519.96484 0.020425
1520.07153 0.020602
1520.17834 0.020778
1520.28503 0.020953
1520.39185 0.021128
1520.49854 0.021302
1520.60535 0.021477
1520.71204 0.021651
1520.81885 0.021825
1520.92566 0.022
1521.03235 0.022176
1521.13916 0.022353
1521.24585 0.022531
1521.35266 0.022712
1521.45935 0.022897
1521.56616 0.023086
1521.67285 0.023281
1521.77966 0.023482
1521.88635 0.02369
1521.99316 0.023907
1522.09985 0.024133
1522.20667 0.024368
1522.31335 0.024612
1522.42017 0.024862
1522.52686 0.025119
1522.63367 0.02538
1522.74036 0.025644
1522.84717 0.02591
1522.95386 0.026176
1523.06067 0.026441
1523.16736 0.026705
1523.27417 0.026969
1523.38086 0.027234
1523.48767 0.027504
1523.59448 0.02778
1523.70117 0.028064
1523.80798 0.02836
1523.91467 0.028669
1524.02148 0.028993
1524.12817 0.029334
1524.23499 0.029694
1524.34167 0.030069
1524.44849 0.030459
1524.55518 0.030862
1524.66199 0.031275
1524.76868 0.031698
1524.87549 0.032127
1524.98218 0.032562
1525.08899 0.033001
1525.19568 0.033443
1525.30249 0.033887
1525.40918 0.034335
1525.51599 0.034789
1525.62268 0.035247
1525.72949 0.035712
1525.83618 0.036185
1525.94299 0.036665
1526.04980 0.037154
1526.15649 0.037653
1526.26331 0.038164
1526.37000 0.038688
1526.47681 0.039228
1526.58350 0.039786
1526.69031 0.040364
1526.79700 0.040965
1526.90381 0.041589
1527.01050 0.042241
1527.11731 0.042921
1527.22400 0.04363
1527.33081 0.044363
1527.43750 0.045118
1527.54431 0.045891
1527.65100 0.046679
1527.75781 0.047477
1527.86450 0.048283
1527.97131 0.049092
1528.07800 0.049902
1528.18481 0.050709
1528.29150 0.051514
1528.39832 0.052317
1528.50500 0.05312
1528.61182 0.053923
1528.71863 0.054728
1528.82532 0.055536
1528.93213 0.056346
1529.03882 0.057161
1529.14563 0.057982
1529.25232 0.058811
1529.35913 0.059654
1529.46582 0.060515
1529.57263 0.061399
1529.67932 0.062311
1529.78613 0.063256
1529.89282 0.064239
1529.99963 0.065265
1530.10632 0.066337
1530.21313 0.067459
1530.31982 0.068627
1530.42664 0.069839
1530.53333 0.071091
1530.64014 0.07238
1530.74683 0.073702
1530.85364 0.075055
1530.96033 0.076434
1531.06714 0.077838
1531.17383 0.079263
1531.28064 0.080711
1531.38745 0.082183
1531.49414 0.083682
1531.60095 0.085209
1531.70764 0.086767
1531.81445 0.088357
1531.92114 0.089982
1532.02795 0.091644
1532.13464 0.093345
1532.24146 0.09509
1532.34814 0.096889
1532.45496 0.098749
1532.56165 0.10068
1532.66846 0.102689
1532.77515 0.104786
1532.88196 0.106979
1532.98865 0.109276
1533.09546 0.111686
1533.20215 0.114212
1533.30896 0.116843
1533.41565 0.119568
1533.52246 0.122375
1533.62915 0.125251
1533.73596 0.128184
1533.84265 0.131163
1533.94946 0.134175
1534.05627 0.137208
1534.16296 0.140252
1534.26978 0.143307
1534.37646 0.146377
1534.48328 0.149466
1534.58997 0.152578
1534.69678 0.155717
1534.80347 0.158888
1534.91028 0.162096
1535.01697 0.165343
1535.12378 0.168636
1535.23047 0.171981
1535.33728 0.175391
1535.44397 0.17888
1535.55078 0.182459
1535.65747 0.186141
1535.76428 0.18994
1535.87097 0.193868
1535.97778 0.197937
1536.08447 0.202161
1536.19128 0.206543
1536.29797 0.21106
1536.40479 0.215683
1536.51160 0.220384
1536.61829 0.225134
1536.72510 0.229905
1536.83179 0.234669
1536.93860 0.239396
1537.04529 0.244059
1537.15210 0.248632
1537.25879 0.253126
1537.36560 0.257571
1537.47229 0.261994
1537.57910 0.266427
1537.68579 0.270899
1537.79260 0.27544
1537.89929 0.280078
1538.00610 0.284844
1538.11279 0.289767
1538.21960 0.294852
1538.32629 0.300072
1538.43311 0.305395
1538.53979 0.310791
1538.64661 0.316228
1538.75330 0.321676
1538.86011 0.327104
1538.96680 0.332481
1539.07361 0.337776
1539.18042 0.342965
1539.28711 0.348052
1539.39392 0.353049
1539.50061 0.357967
1539.60742 0.362818
1539.71411 0.367613
1539.82092 0.372364
1539.92761 0.377081
1540.03442 0.381778
1540.14111 0.386464
1540.24792 0.391153
1540.35461 0.395856
1540.46143 0.400586
1540.56812 0.405357
1540.67493 0.41018
1540.78162 0.415067
1540.88843 0.420033
1540.99512 0.425088
1541.10193 0.430245
1541.20862 0.435507
1541.31543 0.440851
1541.42212 0.446256
1541.52893 0.451698
1541.63562 0.457155
1541.74243 0.462603
1541.84924 0.468021
1541.95593 0.473384
1542.06274 0.478671
1542.16943 0.483862
1542.27625 0.488961
1542.38293 0.493981
1542.48975 0.498932
1542.59644 0.503827
1542.70325 0.508678
1542.80994 0.513495
1542.91675 0.518292
1543.02344 0.52308
1543.13025 0.527871
1543.23694 0.532674
1543.34375 0.537499
1543.45044 0.542354
1543.55725 0.547248
1543.66394 0.55219
1543.77075 0.557188
1543.87744 0.562251
1543.98425 0.567387
1544.09094 0.572605
1544.19775 0.577906
1544.30457 0.583264
1544.41125 0.588654
1544.51807 0.594048
1544.62476 0.59942
1544.73157 0.604742
1544.83826 0.609987
1544.94507 0.615128
1545.05176 0.620139
1545.15857 0.624995
1545.26526 0.6297
1545.37207 0.634269
1545.47876 0.638719
1545.58557 0.643064
1545.69226 0.647321
1545.79907 0.651504
1545.90576 0.655631
1546.01257 0.659716
1546.11926 0.663775
1546.22607 0.667825
1546.33276 0.671883
1546.43958 0.675968
1546.54626 0.680097
1546.65308 0.684288
1546.75977 0.688559
1546.86658 0.692928
1546.97339 0.697413
1547.08008 0.702031
1547.18689 0.706792
1547.29358 0.711673
1547.40039 0.716646
1547.50708 0.721684
1547.61389 0.726758
1547.72058 0.731839
1547.82739 0.7369
1547.93408 0.741912
1548.04089 0.746846
1548.14758 0.751678
1548.25439 0.756415
1548.36108 0.761082
1548.46790 0.765707
1548.57458 0.770317
1548.68140 0.774937
1548.78809 0.779595
1548.89490 0.784318
1549.00159 0.789133
1549.10840 0.794065
1549.21509 0.79912
1549.32190 0.804268
1549.42859 0.809477
1549.53540 0.814714
1549.64221 0.819945
1549.74890 0.825139
1549.85571 0.830263
1549.96240 0.835284
1550.06921 0.840169
1550.17590 0.844892
1550.28271 0.849456
1550.38940 0.853875
1550.49622 0.858159
1550.60291 0.862321
1550.70972 0.866373
1550.81641 0.870327
1550.92322 0.874195
1551.02991 0.877989
1551.13672 0.881722
1551.24341 0.885395
1551.35022 0.889006
1551.45691 0.892552
1551.56372 0.896028
1551.67041 0.899431
1551.77722 0.902759
1551.88391 0.906006
1551.99072 0.909171
1552.09753 0.912248
1552.20422 0.915235
1552.31104 0.918127
1552.41772 0.920917
1552.52454 0.923602
1552.63123 0.926175
1552.73804 0.928633
1552.84473 0.930969
1552.95154 0.933179
1553.05823 0.935257
1553.16504 0.937201
1553.27173 0.939021
1553.37854 0.940732
1553.48523 0.94235
1553.59204 0.943891
1553.69873 0.945369
1553.80554 0.946802
1553.91223 0.948204
1554.01904 0.949591
1554.12573 0.950978
1554.23254 0.952374
1554.33923 0.953779
1554.44604 0.955196
1554.55273 0.956624
1554.65955 0.958065
1554.76636 0.95952
1554.87305 0.96099
1554.97986 0.962475
1555.08655 0.963977
1555.19336 0.965495
1555.30005 0.96702
1555.40686 0.968546
1555.51355 0.970063
1555.62036 0.971563
1555.72705 0.973038
1555.83386 0.97448
1555.94055 0.97588
1556.04736 0.977231
1556.15405 0.978524
1556.26086 0.979758
1556.36755 0.980938
1556.47437 0.982066
1556.58105 0.983145
1556.68787 0.984178
1556.79456 0.985168
1556.90137 0.986119
1557.00806 0.987032
1557.11487 0.987912
1557.22156 0.98876
1557.32837 0.989578
1557.43518 0.990364
1557.54187 0.991121
1557.64868 0.991848
1557.75537 0.992546
1557.86218 0.993216
1557.96887 0.993858
1558.07568 0.994472
1558.18237 0.99506
1558.28918 0.995619
1558.39587 0.996148
1558.50269 0.996646
1558.60938 0.997111
1558.71619 0.997542
1558.82288 0.997937
1558.92969 0.998294
1559.03638 0.998612
1559.14319 0.998891
1559.24988 0.99913
1559.35669 0.999333
1559.46338 0.999502
1559.57019 0.999641
1559.67688 0.999753
1559.78369 0.99984
1559.89050 0.999906
1559.99719 0.999952
1560.10400 0.999983
1560.21069 0.999999
1560.31750 1.0
1560.42419 0.999984
1560.53101 0.99995
1560.63770 0.999896
1560.74451 0.999821
1560.85120 0.999724
1560.95801 0.999603
1561.06470 0.999457
1561.17151 0.999286
1561.27820 0.999089
1561.38501 0.998867
1561.49170 0.998621
1561.59851 0.998353
1561.70520 0.998064
1561.81201 0.997753
1561.91870 0.997423
1562.02551 0.997074
1562.13220 0.996706
1562.23901 0.99632
1562.34570 0.99591
1562.45251 0.995475
1562.55933 0.995009
1562.66602 0.994511
1562.77283 0.993976
1562.87952 0.9934
1562.98633 0.992781
1563.09302 0.992115
1563.19983 0.9914
1563.30652 0.990638
1563.41333 0.989833
1563.52002 0.988987
1563.62683 0.988103
1563.73352 0.987183
1563.84033 0.986232
1563.94702 0.985251
1564.05383 0.984244
1564.16052 0.983212
1564.26733 0.982157
1564.37402 0.981077
1564.48083 0.979971
1564.58752 0.978838
1564.69434 0.977676
1564.80103 0.976486
1564.90784 0.975265
1565.01453 0.974014
1565.12134 0.97273
1565.22815 0.971411
1565.33484 0.970053
1565.44165 0.968649
1565.54834 0.967197
1565.65515 0.965689
1565.76184 0.964122
1565.86865 0.962491
1565.97534 0.960791
1566.08215 0.959016
1566.18884 0.957166
1566.29565 0.955248
1566.40234 0.953274
1566.50916 0.951252
1566.61584 0.949194
1566.72266 0.947111
1566.82935 0.945012
1566.93616 0.942908
1567.04285 0.940809
1567.14966 0.938725
1567.25635 0.936656
1567.36316 0.934596
1567.46985 0.932538
1567.57666 0.930477
1567.68335 0.928407
1567.79016 0.926323
1567.89697 0.924218
1568.00366 0.922087
1568.11047 0.919922
1568.21716 0.917711
1568.32397 0.915425
1568.43066 0.913035
1568.53748 0.910513
1568.64417 0.907829
1568.75098 0.904954
1568.85767 0.901861
1568.96448 0.898519
1569.07117 0.894901
1569.17798 0.890986
1569.28467 0.886796
1569.39148 0.882361
1569.49817 0.877714
1569.60498 0.872886
1569.71167 0.867908
1569.81848 0.862812
1569.92517 0.857629
1570.03198 0.852391
1570.13867 0.847128
1570.24548 0.841855
1570.35229 0.836573
1570.45898 0.831285
1570.56580 0.825992
1570.67249 0.820696
1570.77930 0.815398
1570.88599 0.810101
1570.99280 0.804807
1571.09949 0.799517
1571.20630 0.79423
1571.31299 0.788942
1571.41980 0.783646
1571.52649 0.778337
1571.63330 0.773009
1571.73999 0.767655
1571.84680 0.762272
1571.95349 0.756851
1572.06030 0.751388
1572.16699 0.74588
1572.27380 0.740341
1572.38049 0.734789
1572.48730 0.729244
1572.59399 0.723726
1572.70081 0.718255
1572.80750 0.71285
1572.91431 0.707531
1573.02112 0.702317
1573.12781 0.697227
1573.23462 0.692263
1573.34131 0.68741
1573.44812 0.682653
1573.55481 0.677977
1573.66162 0.673365
1573.76831 0.668804
1573.87512 0.664277
1573.98181 0.659768
1574.08862 0.655263
1574.19531 0.650747
1574.30212 0.646207
1574.40881 0.641628
1574.51562 0.636998
1574.62231 0.632304
1574.72913 0.627533
1574.83582 0.622671
1574.94263 0.617705
1575.04932 0.612623
1575.15613 0.607413
1575.26282 0.602096
1575.36963 0.596701
1575.47632 0.591262
1575.58313 0.585811
1575.68994 0.580378
1575.79663 0.574997
1575.90344 0.569698
1576.01013 0.564514
1576.11694 0.559477
1576.22363 0.55459
1576.33044 0.549826
1576.43713 0.545154
1576.54395 0.540542
1576.65063 0.53596
1576.75745 0.531378
1576.86414 0.526764
1576.97095 0.522087
1577.07764 0.517317
1577.18445 0.512434
1577.29114 0.507456
1577.39795 0.50241
1577.50464 0.497322
1577.61145 0.49222
1577.71814 0.487131
1577.82495 0.482082
1577.93164 0.477099
1578.03845 0.472209
1578.14526 0.467438
1578.25195 0.462786
1578.35876 0.458241
1578.46545 0.45379
1578.57227 0.449418
1578.67896 0.445114
1578.78577 0.440863
1578.89246 0.436652
1578.99927 0.432468
1579.10596 0.428297
1579.21277 0.424127
1579.31946 0.419948
1579.42627 0.415746
1579.53296 0.411513
1579.63977 0.407236
1579.74646 0.402905
1579.85327 0.398509
1579.95996 0.394036
1580.06677 0.389476
1580.17346 0.384822
1580.28027 0.380087
1580.38696 0.375292
1580.49377 0.370455
1580.60046 0.365598
1580.70728 0.36074
1580.81409 0.355901
1580.92078 0.351101
1581.02759 0.346359
1581.13428 0.341694
1581.24109 0.337109
1581.34778 0.332594
1581.45459 0.328137
1581.56128 0.323726
1581.66809 0.31935
1581.77478 0.314998
1581.88159 0.310658
1581.98828 0.30632
1582.09509 0.301971
1582.20178 0.297602
1582.30859 0.293205
1582.41528 0.28877
1582.52209 0.284292
1582.62878 0.279761
1582.73560 0.275169
1582.84229 0.27051
1582.94910 0.265775
1583.05579 0.260957
1583.16260 0.256049
1583.26929 0.251071
1583.37610 0.246048
1583.48291 0.241008
1583.58960 0.235975
1583.69641 0.230977
1583.80310 0.22604
1583.90991 0.22119
1584.01660 0.216455
1584.12341 0.211859
1584.23010 0.207412
1584.33691 0.203104
1584.44360 0.198926
1584.55042 0.194868
1584.65710 0.190919
1584.76392 0.187069
1584.87061 0.183308
1584.97742 0.179625
1585.08411 0.176011
1585.19092 0.172456
1585.29761 0.16895
1585.40442 0.165487
1585.51111 0.162059
1585.61792 0.158658
1585.72461 0.155276
1585.83142 0.151907
1585.93823 0.148543
1586.04492 0.145176
1586.15173 0.141802
1586.25842 0.138429
1586.36523 0.135073
1586.47192 0.131749
1586.57874 0.128473
1586.68542 0.125262
1586.79224 0.122128
1586.89893 0.119089
1587.00574 0.116157
1587.11243 0.113349
1587.21924 0.110668
1587.32593 0.108103
1587.43274 0.105646
1587.53943 0.103284
1587.64624 0.101006
1587.75293 0.098804
1587.85974 0.096666
1587.96643 0.094581
1588.07324 0.092541
1588.17993 0.090535
1588.28674 0.08856
1588.39343 0.086614
1588.50024 0.084694
1588.60706 0.082799
1588.71375 0.080925
1588.82056 0.079071
1588.92725 0.077233
1589.03406 0.07541
1589.14075 0.0736
1589.24756 0.071806
1589.35425 0.070035
1589.46106 0.068295
1589.56775 0.066594
1589.67456 0.06494
1589.78125 0.06334
1589.88806 0.061801
1589.99475 0.060332
1590.10156 0.05894
1590.20825 0.057627
1590.31506 0.056386
1590.42175 0.055209
1590.52856 0.054088
1590.63525 0.053013
1590.74207 0.051976
1590.84875 0.05097
1590.95557 0.049985
1591.06226 0.049014
1591.16907 0.048049
1591.27588 0.047093
1591.38257 0.046148
1591.48938 0.045221
1591.59607 0.044316
1591.70288 0.043437
1591.80957 0.042588
1591.91638 0.041774
1592.02307 0.041001
1592.12988 0.040271
1592.23657 0.039585
1592.34338 0.03894
1592.45007 0.03833
1592.55688 0.037754
1592.66357 0.037206
1592.77039 0.036682
1592.87708 0.036179
1592.98389 0.035693
1593.09058 0.035219
1593.19739 0.034755
1593.30408 0.034299
1593.41089 0.03385
1593.51758 0.033406
1593.62439 0.032966
1593.73108 0.032528
1593.83789 0.032092
1593.94470 0.031656
1594.05139 0.031219
1594.15820 0.030779
1594.26489 0.030337
1594.37170 0.029896
1594.47839 0.029456
1594.58521 0.029021
1594.69189 0.02859
1594.79871 0.028167
1594.90540 0.027753
1595.01221 0.027349
1595.11890 0.026958
1595.22571 0.026579
1595.33240 0.026212
1595.43921 0.025856
1595.54590 0.02551
1595.65271 0.025173
1595.75940 0.024842
1595.86621 0.024519
1595.97290 0.024201
1596.07971 0.023887
1596.18640 0.023576
1596.29321 0.023269
1596.40002 0.022963
1596.50671 0.022659
1596.61353 0.022357
1596.72021 0.022055
1596.82703 0.021753
1596.93372 0.021451
1597.04053 0.021147
1597.14722 0.020843
1597.25403 0.020537
1597.36072 0.020232
1597.46753 0.019929
1597.57422 0.019629
1597.68103 0.019334
1597.78772 0.019044
1597.89453 0.018761
1598.00122 0.018487
1598.10803 0.018222
1598.21472 0.017967
1598.32153 0.017721
1598.42822 0.017484
1598.53503 0.017255
1598.64172 0.017033
1598.74854 0.016817
1598.85522 0.016606
1598.96204 0.0164
1599.06885 0.016198
1599.17554 0.015999
1599.28235 0.015802
1599.38904 0.015609
1599.49585 0.015417
1599.60254 0.015227
1599.70935 0.015039
1599.81604 0.014852
1599.92285 0.014666
1600.02954 0.01448
1600.13635 0.014296
1600.24304 0.014112
1600.34985 0.01393
1600.45654 0.01375
1600.56335 0.013573
1600.67004 0.013401
1600.77686 0.013234
1600.88354 0.013073
1600.99036 0.012918
1601.09705 0.01277
1601.20386 0.012631
1601.31055 0.012498
1601.41736 0.012372
1601.52405 0.012251
1601.63086 0.012135
1601.73767 0.012022
1601.84436 0.011912
1601.95117 0.011805
1602.05786 0.011698
1602.16467 0.011592
1602.27136 0.011487
1602.37817 0.011383
1602.48486 0.01128
1602.59167 0.01118
1602.69836 0.011082
1602.80518 0.010988
1602.91187 0.010898
1603.01868 0.010812
1603.12537 0.010731
1603.23218 0.010655
1603.33887 0.010583
1603.44568 0.010516
1603.55237 0.010452
1603.65918 0.010391
1603.76587 0.010334
1603.87268 0.010279
1603.97937 0.010226
1604.08618 0.010175
1604.19299 0.010125
1604.29968 0.010077
1604.40649 0.01003
1604.51318 0.009984
1604.62000 0.009939
1604.72668 0.009896
1604.83350 0.009853
1604.94019 0.009812
1605.04700 0.009771
1605.15369 0.009731
1605.26050 0.009692
1605.36719 0.009654
1605.47400 0.009617
1605.58069 0.009581
1605.68750 0.009547
1605.79419 0.009513
1605.90100 0.009481
1606.00769 0.009449
1606.11450 0.00942
1606.22119 0.009391
1606.32800 0.009364
1606.43469 0.009337
1606.54150 0.009312
1606.64819 0.009287
1606.75500 0.009263
1606.86182 0.009239
1606.96851 0.009216
1607.07532 0.009193
1607.18201 0.00917
1607.28882 0.009147
1607.39551 0.009124
1607.50232 0.0091
1607.60901 0.009076
1607.71582 0.009051
1607.82251 0.009025
1607.92932 0.008999
1608.03601 0.008971
1608.14282 0.008943
1608.24951 0.008913
1608.35632 0.008882
1608.46301 0.00885
1608.56982 0.008817
1608.67651 0.008784
1608.78333 0.00875
1608.89001 0.008715
1608.99683 0.00868
1609.10352 0.008645
1609.21033 0.00861
1609.31702 0.008574
1609.42383 0.008538
1609.53064 0.008502
1609.63733 0.008465
1609.74414 0.008428
1609.85083 0.008391
1609.95764 0.008354
1610.06433 0.008316
1610.17114 0.008277
1610.27783 0.008238
1610.38464 0.008198
1610.49133 0.008158
1610.59814 0.008117
1610.70483 0.008074
1610.81165 0.008031
1610.91833 0.007986
1611.02515 0.00794
1611.13184 0.007892
1611.23865 0.007843
1611.34534 0.007793
1611.45215 0.007742
1611.55884 0.00769
1611.66565 0.007638
1611.77234 0.007585
1611.87915 0.007532
1611.98596 0.007479
1612.09265 0.007427
1612.19946 0.007375
1612.30615 0.007324
1612.41296 0.007273
1612.51965 0.007223
1612.62646 0.007173
1612.73315 0.007123
1612.83997 0.007074
1612.94666 0.007025
1613.05347 0.006977
1613.16016 0.006929
1613.26697 0.006881
1613.37366 0.006832
1613.48047 0.006783
1613.58716 0.006733
1613.69397 0.006681
1613.80066 0.006627
1613.90747 0.006571
1614.01416 0.006513
1614.12097 0.006451
1614.22766 0.006387
1614.33447 0.006322
1614.44116 0.006256
1614.54797 0.006191
1614.65479 0.006129
1614.76147 0.006069
1614.86829 0.006015
1614.97498 0.005966
1615.08179 0.005923
1615.18848 0.005889
1615.29529 0.005862
1615.40198 0.005841
1615.50879 0.005826
1615.61548 0.005815
1615.72229 0.005807
1615.82898 0.005803
1615.93579 0.0058
1616.04248 0.005799
1616.14929 0.005798
1616.25598 0.005796
1777.88159 0.0
