threeML/data/optical_filters/TD1/SPEC-F1920.ecsv
# %ECSV 0.9
# ---
# datatype:
# - {name: wavelength, unit: Angstrom, datatype: float32}
# - {name: response, datatype: float32}
# meta: !!omap
# - {band_name: F1920}
# - {group_name: SPEC}
wavelength response
1680.24683 0.0
1866.94092 0.010058
1867.04773 0.010124
1867.15442 0.01019
1867.26123 0.010256
1867.36792 0.010321
1867.47473 0.010387
1867.58142 0.010453
1867.68823 0.01052
1867.79504 0.010587
1867.90173 0.010655
1868.00854 0.010725
1868.11523 0.010795
1868.22205 0.010868
1868.32874 0.010941
1868.43555 0.011015
1868.54224 0.011089
1868.64905 0.011163
1868.75574 0.011236
1868.86255 0.011308
1868.96924 0.011378
1869.07605 0.011447
1869.18274 0.011514
1869.28955 0.011578
1869.39624 0.011642
1869.50305 0.011704
1869.60974 0.011765
1869.71655 0.011827
1869.82324 0.011888
1869.93005 0.01195
1870.03674 0.012013
1870.14355 0.012078
1870.25024 0.012143
1870.35706 0.01221
1870.46387 0.012277
1870.57056 0.012345
1870.67737 0.012412
1870.78406 0.012478
1870.89087 0.012543
1870.99756 0.012607
1871.10437 0.012669
1871.21106 0.012729
1871.31787 0.012787
1871.42456 0.012843
1871.53137 0.012899
1871.63806 0.012953
1871.74487 0.013007
1871.85156 0.01306
1871.95837 0.013114
1872.06506 0.013168
1872.17188 0.013222
1872.27856 0.013278
1872.38538 0.013334
1872.49207 0.013391
1872.59888 0.013448
1872.70557 0.013507
1872.81238 0.013566
1872.91907 0.013626
1873.02588 0.013687
1873.13269 0.013749
1873.23938 0.013812
1873.34619 0.013875
1873.45288 0.013939
1873.55969 0.014004
1873.66638 0.014069
1873.77319 0.014134
1873.87988 0.014199
1873.98669 0.014265
1874.09338 0.01433
1874.20020 0.014395
1874.30688 0.014461
1874.41370 0.014526
1874.52039 0.014592
1874.62720 0.014658
1874.73389 0.014724
1874.84070 0.014791
1874.94739 0.014859
1875.05420 0.014927
1875.16089 0.014997
1875.26770 0.015067
1875.37439 0.015139
1875.48120 0.015213
1875.58789 0.01529
1875.69470 0.015368
1875.80151 0.01545
1875.90820 0.015535
1876.01501 0.015624
1876.12170 0.015716
1876.22852 0.015813
1876.33521 0.015913
1876.44202 0.016016
1876.54871 0.016121
1876.65552 0.016229
1876.76221 0.016339
1876.86902 0.01645
1876.97571 0.016562
1877.08252 0.016675
1877.18921 0.016787
1877.29602 0.0169
1877.40271 0.017013
1877.50952 0.017127
1877.61621 0.017242
1877.72302 0.017357
1877.82971 0.017474
1877.93652 0.017592
1878.04321 0.017711
1878.15002 0.017831
1878.25684 0.017954
1878.36353 0.018079
1878.47034 0.018206
1878.57703 0.018337
1878.68384 0.018472
1878.79053 0.01861
1878.89734 0.018754
1879.00403 0.018902
1879.11084 0.019056
1879.21753 0.019215
1879.32434 0.019379
1879.43103 0.019548
1879.53784 0.019719
1879.64453 0.019894
1879.75134 0.02007
1879.85803 0.020247
1879.96484 0.020425
1880.07153 0.020602
1880.17834 0.020778
1880.28503 0.020953
1880.39185 0.021128
1880.49854 0.021302
1880.60535 0.021477
1880.71204 0.021651
1880.81885 0.021825
1880.92566 0.022
1881.03235 0.022176
1881.13916 0.022353
1881.24585 0.022531
1881.35266 0.022712
1881.45935 0.022897
1881.56616 0.023086
1881.67285 0.023281
1881.77966 0.023482
1881.88635 0.02369
1881.99316 0.023907
1882.09985 0.024133
1882.20667 0.024368
1882.31335 0.024612
1882.42017 0.024862
1882.52686 0.025119
1882.63367 0.02538
1882.74036 0.025644
1882.84717 0.02591
1882.95386 0.026176
1883.06067 0.026441
1883.16736 0.026705
1883.27417 0.026969
1883.38086 0.027234
1883.48767 0.027504
1883.59448 0.02778
1883.70117 0.028064
1883.80798 0.02836
1883.91467 0.028669
1884.02148 0.028993
1884.12817 0.029334
1884.23499 0.029694
1884.34167 0.030069
1884.44849 0.030459
1884.55518 0.030862
1884.66199 0.031275
1884.76868 0.031698
1884.87549 0.032127
1884.98218 0.032562
1885.08899 0.033001
1885.19568 0.033443
1885.30249 0.033887
1885.40918 0.034335
1885.51599 0.034789
1885.62268 0.035247
1885.72949 0.035712
1885.83618 0.036185
1885.94299 0.036665
1886.04980 0.037154
1886.15649 0.037653
1886.26331 0.038164
1886.37000 0.038688
1886.47681 0.039228
1886.58350 0.039786
1886.69031 0.040364
1886.79700 0.040965
1886.90381 0.041589
1887.01050 0.042241
1887.11731 0.042921
1887.22400 0.04363
1887.33081 0.044363
1887.43750 0.045118
1887.54431 0.045891
1887.65100 0.046679
1887.75781 0.047477
1887.86450 0.048283
1887.97131 0.049092
1888.07800 0.049902
1888.18481 0.050709
1888.29150 0.051514
1888.39832 0.052317
1888.50500 0.05312
1888.61182 0.053923
1888.71863 0.054728
1888.82532 0.055536
1888.93213 0.056346
1889.03882 0.057161
1889.14563 0.057982
1889.25232 0.058811
1889.35913 0.059654
1889.46582 0.060515
1889.57263 0.061399
1889.67932 0.062311
1889.78613 0.063256
1889.89282 0.064239
1889.99963 0.065265
1890.10632 0.066337
1890.21313 0.067459
1890.31982 0.068627
1890.42664 0.069839
1890.53333 0.071091
1890.64014 0.07238
1890.74683 0.073702
1890.85364 0.075055
1890.96033 0.076434
1891.06714 0.077838
1891.17383 0.079263
1891.28064 0.080711
1891.38745 0.082183
1891.49414 0.083682
1891.60095 0.085209
1891.70764 0.086767
1891.81445 0.088357
1891.92114 0.089982
1892.02795 0.091644
1892.13464 0.093345
1892.24146 0.09509
1892.34814 0.096889
1892.45496 0.098749
1892.56165 0.10068
1892.66846 0.102689
1892.77515 0.104786
1892.88196 0.106979
1892.98865 0.109276
1893.09546 0.111686
1893.20215 0.114212
1893.30896 0.116843
1893.41565 0.119568
1893.52246 0.122375
1893.62915 0.125251
1893.73596 0.128184
1893.84265 0.131163
1893.94946 0.134175
1894.05627 0.137208
1894.16296 0.140252
1894.26978 0.143307
1894.37646 0.146377
1894.48328 0.149466
1894.58997 0.152578
1894.69678 0.155717
1894.80347 0.158888
1894.91028 0.162096
1895.01697 0.165343
1895.12378 0.168636
1895.23047 0.171981
1895.33728 0.175391
1895.44397 0.17888
1895.55078 0.182459
1895.65747 0.186141
1895.76428 0.18994
1895.87097 0.193868
1895.97778 0.197937
1896.08447 0.202161
1896.19128 0.206543
1896.29797 0.21106
1896.40479 0.215683
1896.51160 0.220384
1896.61829 0.225134
1896.72510 0.229905
1896.83179 0.234669
1896.93860 0.239396
1897.04529 0.244059
1897.15210 0.248632
1897.25879 0.253126
1897.36560 0.257571
1897.47229 0.261994
1897.57910 0.266427
1897.68579 0.270899
1897.79260 0.27544
1897.89929 0.280078
1898.00610 0.284844
1898.11279 0.289767
1898.21960 0.294852
1898.32629 0.300072
1898.43311 0.305395
1898.53979 0.310791
1898.64661 0.316228
1898.75330 0.321676
1898.86011 0.327104
1898.96680 0.332481
1899.07361 0.337776
1899.18042 0.342965
1899.28711 0.348052
1899.39392 0.353049
1899.50061 0.357967
1899.60742 0.362818
1899.71411 0.367613
1899.82092 0.372364
1899.92761 0.377081
1900.03442 0.381778
1900.14111 0.386464
1900.24792 0.391153
1900.35461 0.395856
1900.46143 0.400586
1900.56812 0.405357
1900.67493 0.41018
1900.78162 0.415067
1900.88843 0.420033
1900.99512 0.425088
1901.10193 0.430245
1901.20862 0.435507
1901.31543 0.440851
1901.42212 0.446256
1901.52893 0.451698
1901.63562 0.457155
1901.74243 0.462603
1901.84924 0.468021
1901.95593 0.473384
1902.06274 0.478671
1902.16943 0.483862
1902.27625 0.488961
1902.38293 0.493981
1902.48975 0.498932
1902.59644 0.503827
1902.70325 0.508678
1902.80994 0.513495
1902.91675 0.518292
1903.02344 0.52308
1903.13025 0.527871
1903.23694 0.532674
1903.34375 0.537499
1903.45044 0.542354
1903.55725 0.547248
1903.66394 0.55219
1903.77075 0.557188
1903.87744 0.562251
1903.98425 0.567387
1904.09094 0.572605
1904.19775 0.577906
1904.30457 0.583264
1904.41125 0.588654
1904.51807 0.594048
1904.62476 0.59942
1904.73157 0.604742
1904.83826 0.609987
1904.94507 0.615128
1905.05176 0.620139
1905.15857 0.624995
1905.26526 0.6297
1905.37207 0.634269
1905.47876 0.638719
1905.58557 0.643064
1905.69226 0.647321
1905.79907 0.651504
1905.90576 0.655631
1906.01257 0.659716
1906.11926 0.663775
1906.22607 0.667825
1906.33276 0.671883
1906.43958 0.675968
1906.54626 0.680097
1906.65308 0.684288
1906.75977 0.688559
1906.86658 0.692928
1906.97339 0.697413
1907.08008 0.702031
1907.18689 0.706792
1907.29358 0.711673
1907.40039 0.716646
1907.50708 0.721684
1907.61389 0.726758
1907.72058 0.731839
1907.82739 0.7369
1907.93408 0.741912
1908.04089 0.746846
1908.14758 0.751678
1908.25439 0.756415
1908.36108 0.761082
1908.46790 0.765707
1908.57458 0.770317
1908.68140 0.774937
1908.78809 0.779595
1908.89490 0.784318
1909.00159 0.789133
1909.10840 0.794065
1909.21509 0.79912
1909.32190 0.804268
1909.42859 0.809477
1909.53540 0.814714
1909.64221 0.819945
1909.74890 0.825139
1909.85571 0.830263
1909.96240 0.835284
1910.06921 0.840169
1910.17590 0.844892
1910.28271 0.849456
1910.38940 0.853875
1910.49622 0.858159
1910.60291 0.862321
1910.70972 0.866373
1910.81641 0.870327
1910.92322 0.874195
1911.02991 0.877989
1911.13672 0.881722
1911.24341 0.885395
1911.35022 0.889006
1911.45691 0.892552
1911.56372 0.896028
1911.67041 0.899431
1911.77722 0.902759
1911.88391 0.906006
1911.99072 0.909171
1912.09753 0.912248
1912.20422 0.915235
1912.31104 0.918127
1912.41772 0.920917
1912.52454 0.923602
1912.63123 0.926175
1912.73804 0.928633
1912.84473 0.930969
1912.95154 0.933179
1913.05823 0.935257
1913.16504 0.937201
1913.27173 0.939021
1913.37854 0.940732
1913.48523 0.94235
1913.59204 0.943891
1913.69873 0.945369
1913.80554 0.946802
1913.91223 0.948204
1914.01904 0.949591
1914.12573 0.950978
1914.23254 0.952374
1914.33923 0.953779
1914.44604 0.955196
1914.55273 0.956624
1914.65955 0.958065
1914.76636 0.95952
1914.87305 0.96099
1914.97986 0.962475
1915.08655 0.963977
1915.19336 0.965495
1915.30005 0.96702
1915.40686 0.968546
1915.51355 0.970063
1915.62036 0.971563
1915.72705 0.973038
1915.83386 0.97448
1915.94055 0.97588
1916.04736 0.977231
1916.15405 0.978524
1916.26086 0.979758
1916.36755 0.980938
1916.47437 0.982066
1916.58105 0.983145
1916.68787 0.984178
1916.79456 0.985168
1916.90137 0.986119
1917.00806 0.987032
1917.11487 0.987912
1917.22156 0.98876
1917.32837 0.989578
1917.43518 0.990364
1917.54187 0.991121
1917.64868 0.991848
1917.75537 0.992546
1917.86218 0.993216
1917.96887 0.993858
1918.07568 0.994472
1918.18237 0.99506
1918.28918 0.995619
1918.39587 0.996148
1918.50269 0.996646
1918.60938 0.997111
1918.71619 0.997542
1918.82288 0.997937
1918.92969 0.998294
1919.03638 0.998612
1919.14319 0.998891
1919.24988 0.99913
1919.35669 0.999333
1919.46338 0.999502
1919.57019 0.999641
1919.67688 0.999753
1919.78369 0.99984
1919.89050 0.999906
1919.99719 0.999952
1920.10400 0.999983
1920.21069 0.999999
1920.31750 1.0
1920.42419 0.999984
1920.53101 0.99995
1920.63770 0.999896
1920.74451 0.999821
1920.85120 0.999724
1920.95801 0.999603
1921.06470 0.999457
1921.17151 0.999286
1921.27820 0.999089
1921.38501 0.998867
1921.49170 0.998621
1921.59851 0.998353
1921.70520 0.998064
1921.81201 0.997753
1921.91870 0.997423
1922.02551 0.997074
1922.13220 0.996706
1922.23901 0.99632
1922.34570 0.99591
1922.45251 0.995475
1922.55933 0.995009
1922.66602 0.994511
1922.77283 0.993976
1922.87952 0.9934
1922.98633 0.992781
1923.09302 0.992115
1923.19983 0.9914
1923.30652 0.990638
1923.41333 0.989833
1923.52002 0.988987
1923.62683 0.988103
1923.73352 0.987183
1923.84033 0.986232
1923.94702 0.985251
1924.05383 0.984244
1924.16052 0.983212
1924.26733 0.982157
1924.37402 0.981077
1924.48083 0.979971
1924.58752 0.978838
1924.69434 0.977676
1924.80103 0.976486
1924.90784 0.975265
1925.01453 0.974014
1925.12134 0.97273
1925.22815 0.971411
1925.33484 0.970053
1925.44165 0.968649
1925.54834 0.967197
1925.65515 0.965689
1925.76184 0.964122
1925.86865 0.962491
1925.97534 0.960791
1926.08215 0.959016
1926.18884 0.957166
1926.29565 0.955248
1926.40234 0.953274
1926.50916 0.951252
1926.61584 0.949194
1926.72266 0.947111
1926.82935 0.945012
1926.93616 0.942908
1927.04285 0.940809
1927.14966 0.938725
1927.25635 0.936656
1927.36316 0.934596
1927.46985 0.932538
1927.57666 0.930477
1927.68335 0.928407
1927.79016 0.926323
1927.89697 0.924218
1928.00366 0.922087
1928.11047 0.919922
1928.21716 0.917711
1928.32397 0.915425
1928.43066 0.913035
1928.53748 0.910513
1928.64417 0.907829
1928.75098 0.904954
1928.85767 0.901861
1928.96448 0.898519
1929.07117 0.894901
1929.17798 0.890986
1929.28467 0.886796
1929.39148 0.882361
1929.49817 0.877714
1929.60498 0.872886
1929.71167 0.867908
1929.81848 0.862812
1929.92517 0.857629
1930.03198 0.852391
1930.13867 0.847128
1930.24548 0.841855
1930.35229 0.836573
1930.45898 0.831285
1930.56580 0.825992
1930.67249 0.820696
1930.77930 0.815398
1930.88599 0.810101
1930.99280 0.804807
1931.09949 0.799517
1931.20630 0.79423
1931.31299 0.788942
1931.41980 0.783646
1931.52649 0.778337
1931.63330 0.773009
1931.73999 0.767655
1931.84680 0.762272
1931.95349 0.756851
1932.06030 0.751388
1932.16699 0.74588
1932.27380 0.740341
1932.38049 0.734789
1932.48730 0.729244
1932.59399 0.723726
1932.70081 0.718255
1932.80750 0.71285
1932.91431 0.707531
1933.02112 0.702317
1933.12781 0.697227
1933.23462 0.692263
1933.34131 0.68741
1933.44812 0.682653
1933.55481 0.677977
1933.66162 0.673365
1933.76831 0.668804
1933.87512 0.664277
1933.98181 0.659768
1934.08862 0.655263
1934.19531 0.650747
1934.30212 0.646207
1934.40881 0.641628
1934.51562 0.636998
1934.62231 0.632304
1934.72913 0.627533
1934.83582 0.622671
1934.94263 0.617705
1935.04932 0.612623
1935.15613 0.607413
1935.26282 0.602096
1935.36963 0.596701
1935.47632 0.591262
1935.58313 0.585811
1935.68994 0.580378
1935.79663 0.574997
1935.90344 0.569698
1936.01013 0.564514
1936.11694 0.559477
1936.22363 0.55459
1936.33044 0.549826
1936.43713 0.545154
1936.54395 0.540542
1936.65063 0.53596
1936.75745 0.531378
1936.86414 0.526764
1936.97095 0.522087
1937.07764 0.517317
1937.18445 0.512434
1937.29114 0.507456
1937.39795 0.50241
1937.50464 0.497322
1937.61145 0.49222
1937.71814 0.487131
1937.82495 0.482082
1937.93164 0.477099
1938.03845 0.472209
1938.14526 0.467438
1938.25195 0.462786
1938.35876 0.458241
1938.46545 0.45379
1938.57227 0.449418
1938.67896 0.445114
1938.78577 0.440863
1938.89246 0.436652
1938.99927 0.432468
1939.10596 0.428297
1939.21277 0.424127
1939.31946 0.419948
1939.42627 0.415746
1939.53296 0.411513
1939.63977 0.407236
1939.74646 0.402905
1939.85327 0.398509
1939.95996 0.394036
1940.06677 0.389476
1940.17346 0.384822
1940.28027 0.380087
1940.38696 0.375292
1940.49377 0.370455
1940.60046 0.365598
1940.70728 0.36074
1940.81409 0.355901
1940.92078 0.351101
1941.02759 0.346359
1941.13428 0.341694
1941.24109 0.337109
1941.34778 0.332594
1941.45459 0.328137
1941.56128 0.323726
1941.66809 0.31935
1941.77478 0.314998
1941.88159 0.310658
1941.98828 0.30632
1942.09509 0.301971
1942.20178 0.297602
1942.30859 0.293205
1942.41528 0.28877
1942.52209 0.284292
1942.62878 0.279761
1942.73560 0.275169
1942.84229 0.27051
1942.94910 0.265775
1943.05579 0.260957
1943.16260 0.256049
1943.26929 0.251071
1943.37610 0.246048
1943.48291 0.241008
1943.58960 0.235975
1943.69641 0.230977
1943.80310 0.22604
1943.90991 0.22119
1944.01660 0.216455
1944.12341 0.211859
1944.23010 0.207412
1944.33691 0.203104
1944.44360 0.198926
1944.55042 0.194868
1944.65710 0.190919
1944.76392 0.187069
1944.87061 0.183308
1944.97742 0.179625
1945.08411 0.176011
1945.19092 0.172456
1945.29761 0.16895
1945.40442 0.165487
1945.51111 0.162059
1945.61792 0.158658
1945.72461 0.155276
1945.83142 0.151907
1945.93823 0.148543
1946.04492 0.145176
1946.15173 0.141802
1946.25842 0.138429
1946.36523 0.135073
1946.47192 0.131749
1946.57874 0.128473
1946.68542 0.125262
1946.79224 0.122128
1946.89893 0.119089
1947.00574 0.116157
1947.11243 0.113349
1947.21924 0.110668
1947.32593 0.108103
1947.43274 0.105646
1947.53943 0.103284
1947.64624 0.101006
1947.75293 0.098804
1947.85974 0.096666
1947.96643 0.094581
1948.07324 0.092541
1948.17993 0.090535
1948.28674 0.08856
1948.39343 0.086614
1948.50024 0.084694
1948.60706 0.082799
1948.71375 0.080925
1948.82056 0.079071
1948.92725 0.077233
1949.03406 0.07541
1949.14075 0.0736
1949.24756 0.071806
1949.35425 0.070035
1949.46106 0.068295
1949.56775 0.066594
1949.67456 0.06494
1949.78125 0.06334
1949.88806 0.061801
1949.99475 0.060332
1950.10156 0.05894
1950.20825 0.057627
1950.31506 0.056386
1950.42175 0.055209
1950.52856 0.054088
1950.63525 0.053013
1950.74207 0.051976
1950.84875 0.05097
1950.95557 0.049985
1951.06226 0.049014
1951.16907 0.048049
1951.27588 0.047093
1951.38257 0.046148
1951.48938 0.045221
1951.59607 0.044316
1951.70288 0.043437
1951.80957 0.042588
1951.91638 0.041774
1952.02307 0.041001
1952.12988 0.040271
1952.23657 0.039585
1952.34338 0.03894
1952.45007 0.03833
1952.55688 0.037754
1952.66357 0.037206
1952.77039 0.036682
1952.87708 0.036179
1952.98389 0.035693
1953.09058 0.035219
1953.19739 0.034755
1953.30408 0.034299
1953.41089 0.03385
1953.51758 0.033406
1953.62439 0.032966
1953.73108 0.032528
1953.83789 0.032092
1953.94470 0.031656
1954.05139 0.031219
1954.15820 0.030779
1954.26489 0.030337
1954.37170 0.029896
1954.47839 0.029456
1954.58521 0.029021
1954.69189 0.02859
1954.79871 0.028167
1954.90540 0.027753
1955.01221 0.027349
1955.11890 0.026958
1955.22571 0.026579
1955.33240 0.026212
1955.43921 0.025856
1955.54590 0.02551
1955.65271 0.025173
1955.75940 0.024842
1955.86621 0.024519
1955.97290 0.024201
1956.07971 0.023887
1956.18640 0.023576
1956.29321 0.023269
1956.40002 0.022963
1956.50671 0.022659
1956.61353 0.022357
1956.72021 0.022055
1956.82703 0.021753
1956.93372 0.021451
1957.04053 0.021147
1957.14722 0.020843
1957.25403 0.020537
1957.36072 0.020232
1957.46753 0.019929
1957.57422 0.019629
1957.68103 0.019334
1957.78772 0.019044
1957.89453 0.018761
1958.00122 0.018487
1958.10803 0.018222
1958.21472 0.017967
1958.32153 0.017721
1958.42822 0.017484
1958.53503 0.017255
1958.64172 0.017033
1958.74854 0.016817
1958.85522 0.016606
1958.96204 0.0164
1959.06885 0.016198
1959.17554 0.015999
1959.28235 0.015802
1959.38904 0.015609
1959.49585 0.015417
1959.60254 0.015227
1959.70935 0.015039
1959.81604 0.014852
1959.92285 0.014666
1960.02954 0.01448
1960.13635 0.014296
1960.24304 0.014112
1960.34985 0.01393
1960.45654 0.01375
1960.56335 0.013573
1960.67004 0.013401
1960.77686 0.013234
1960.88354 0.013073
1960.99036 0.012918
1961.09705 0.01277
1961.20386 0.012631
1961.31055 0.012498
1961.41736 0.012372
1961.52405 0.012251
1961.63086 0.012135
1961.73767 0.012022
1961.84436 0.011912
1961.95117 0.011805
1962.05786 0.011698
1962.16467 0.011592
1962.27136 0.011487
1962.37817 0.011383
1962.48486 0.01128
1962.59167 0.01118
1962.69836 0.011082
1962.80518 0.010988
1962.91187 0.010898
1963.01868 0.010812
1963.12537 0.010731
1963.23218 0.010655
1963.33887 0.010583
1963.44568 0.010516
1963.55237 0.010452
1963.65918 0.010391
1963.76587 0.010334
1963.87268 0.010279
1963.97937 0.010226
1964.08618 0.010175
1964.19299 0.010125
1964.29968 0.010077
1964.40649 0.01003
1964.51318 0.009984
1964.62000 0.009939
1964.72668 0.009896
1964.83350 0.009853
1964.94019 0.009812
1965.04700 0.009771
1965.15369 0.009731
1965.26050 0.009692
1965.36719 0.009654
1965.47400 0.009617
1965.58069 0.009581
1965.68750 0.009547
1965.79419 0.009513
1965.90100 0.009481
1966.00769 0.009449
1966.11450 0.00942
1966.22119 0.009391
1966.32800 0.009364
1966.43469 0.009337
1966.54150 0.009312
1966.64819 0.009287
1966.75500 0.009263
1966.86182 0.009239
1966.96851 0.009216
1967.07532 0.009193
1967.18201 0.00917
1967.28882 0.009147
1967.39551 0.009124
1967.50232 0.0091
1967.60901 0.009076
1967.71582 0.009051
1967.82251 0.009025
1967.92932 0.008999
1968.03601 0.008971
1968.14282 0.008943
1968.24951 0.008913
1968.35632 0.008882
1968.46301 0.00885
1968.56982 0.008817
1968.67651 0.008784
1968.78333 0.00875
1968.89001 0.008715
1968.99683 0.00868
1969.10352 0.008645
1969.21033 0.00861
1969.31702 0.008574
1969.42383 0.008538
1969.53064 0.008502
1969.63733 0.008465
1969.74414 0.008428
1969.85083 0.008391
1969.95764 0.008354
1970.06433 0.008316
1970.17114 0.008277
1970.27783 0.008238
1970.38464 0.008198
1970.49133 0.008158
1970.59814 0.008117
1970.70483 0.008074
1970.81165 0.008031
1970.91833 0.007986
1971.02515 0.00794
1971.13184 0.007892
1971.23865 0.007843
1971.34534 0.007793
1971.45215 0.007742
1971.55884 0.00769
1971.66565 0.007638
1971.77234 0.007585
1971.87915 0.007532
1971.98596 0.007479
1972.09265 0.007427
1972.19946 0.007375
1972.30615 0.007324
1972.41296 0.007273
1972.51965 0.007223
1972.62646 0.007173
1972.73315 0.007123
1972.83997 0.007074
1972.94666 0.007025
1973.05347 0.006977
1973.16016 0.006929
1973.26697 0.006881
1973.37366 0.006832
1973.48047 0.006783
1973.58716 0.006733
1973.69397 0.006681
1973.80066 0.006627
1973.90747 0.006571
1974.01416 0.006513
1974.12097 0.006451
1974.22766 0.006387
1974.33447 0.006322
1974.44116 0.006256
1974.54797 0.006191
1974.65479 0.006129
1974.76147 0.006069
1974.86829 0.006015
1974.97498 0.005966
1975.08179 0.005923
1975.18848 0.005889
1975.29529 0.005862
1975.40198 0.005841
1975.50879 0.005826
1975.61548 0.005815
1975.72229 0.005807
1975.82898 0.005803
1975.93579 0.0058
1976.04248 0.005799
1976.14929 0.005798
1976.25598 0.005796
2173.88159 0.0
