threeML/data/optical_filters/TD1/SPEC-F2060.ecsv
# %ECSV 0.9
# ---
# datatype:
# - {name: wavelength, unit: Angstrom, datatype: float32}
# - {name: response, datatype: float32}
# meta: !!omap
# - {band_name: F2060}
# - {group_name: SPEC}
wavelength response
1806.24719 0.0
2006.94128 0.010058
2007.04797 0.010124
2007.15479 0.01019
2007.26147 0.010256
2007.36829 0.010321
2007.47498 0.010387
2007.58179 0.010453
2007.68848 0.01052
2007.79529 0.010587
2007.90198 0.010655
2008.00879 0.010725
2008.11560 0.010795
2008.22229 0.010868
2008.32910 0.010941
2008.43579 0.011015
2008.54260 0.011089
2008.64929 0.011163
2008.75610 0.011236
2008.86279 0.011308
2008.96960 0.011378
2009.07629 0.011447
2009.18311 0.011514
2009.28979 0.011578
2009.39661 0.011642
2009.50330 0.011704
2009.61011 0.011765
2009.71680 0.011827
2009.82361 0.011888
2009.93030 0.01195
2010.03711 0.012013
2010.14380 0.012078
2010.25061 0.012143
2010.35730 0.01221
2010.46411 0.012277
2010.57080 0.012345
2010.67761 0.012412
2010.78442 0.012478
2010.89111 0.012543
2010.99792 0.012607
2011.10461 0.012669
2011.21143 0.012729
2011.31812 0.012787
2011.42493 0.012843
2011.53162 0.012899
2011.63843 0.012953
2011.74512 0.013007
2011.85193 0.01306
2011.95862 0.013114
2012.06543 0.013168
2012.17212 0.013222
2012.27893 0.013278
2012.38562 0.013334
2012.49243 0.013391
2012.59912 0.013448
2012.70593 0.013507
2012.81262 0.013566
2012.91943 0.013626
2013.02612 0.013687
2013.13293 0.013749
2013.23962 0.013812
2013.34644 0.013875
2013.45325 0.013939
2013.55994 0.014004
2013.66675 0.014069
2013.77344 0.014134
2013.88025 0.014199
2013.98694 0.014265
2014.09375 0.01433
2014.20044 0.014395
2014.30725 0.014461
2014.41394 0.014526
2014.52075 0.014592
2014.62744 0.014658
2014.73425 0.014724
2014.84094 0.014791
2014.94775 0.014859
2015.05444 0.014927
2015.16125 0.014997
2015.26794 0.015067
2015.37476 0.015139
2015.48145 0.015213
2015.58826 0.01529
2015.69495 0.015368
2015.80176 0.01545
2015.90857 0.015535
2016.01526 0.015624
2016.12207 0.015716
2016.22876 0.015813
2016.33557 0.015913
2016.44226 0.016016
2016.54907 0.016121
2016.65576 0.016229
2016.76257 0.016339
2016.86926 0.01645
2016.97607 0.016562
2017.08276 0.016675
2017.18958 0.016787
2017.29626 0.0169
2017.40308 0.017013
2017.50977 0.017127
2017.61658 0.017242
2017.72327 0.017357
2017.83008 0.017474
2017.93677 0.017592
2018.04358 0.017711
2018.15027 0.017831
2018.25708 0.017954
2018.36377 0.018079
2018.47058 0.018206
2018.57739 0.018337
2018.68408 0.018472
2018.79089 0.01861
2018.89758 0.018754
2019.00439 0.018902
2019.11108 0.019056
2019.21790 0.019215
2019.32458 0.019379
2019.43140 0.019548
2019.53809 0.019719
2019.64490 0.019894
2019.75159 0.02007
2019.85840 0.020247
2019.96509 0.020425
2020.07190 0.020602
2020.17859 0.020778
2020.28540 0.020953
2020.39209 0.021128
2020.49890 0.021302
2020.60559 0.021477
2020.71240 0.021651
2020.81909 0.021825
2020.92590 0.022
2021.03259 0.022176
2021.13940 0.022353
2021.24622 0.022531
2021.35291 0.022712
2021.45972 0.022897
2021.56641 0.023086
2021.67322 0.023281
2021.77991 0.023482
2021.88672 0.02369
2021.99341 0.023907
2022.10022 0.024133
2022.20691 0.024368
2022.31372 0.024612
2022.42041 0.024862
2022.52722 0.025119
2022.63391 0.02538
2022.74072 0.025644
2022.84741 0.02591
2022.95422 0.026176
2023.06091 0.026441
2023.16772 0.026705
2023.27441 0.026969
2023.38123 0.027234
2023.48792 0.027504
2023.59473 0.02778
2023.70154 0.028064
2023.80823 0.02836
2023.91504 0.028669
2024.02173 0.028993
2024.12854 0.029334
2024.23523 0.029694
2024.34204 0.030069
2024.44873 0.030459
2024.55554 0.030862
2024.66223 0.031275
2024.76904 0.031698
2024.87573 0.032127
2024.98254 0.032562
2025.08923 0.033001
2025.19604 0.033443
2025.30273 0.033887
2025.40955 0.034335
2025.51624 0.034789
2025.62305 0.035247
2025.72974 0.035712
2025.83655 0.036185
2025.94324 0.036665
2026.05005 0.037154
2026.15674 0.037653
2026.26355 0.038164
2026.37036 0.038688
2026.47705 0.039228
2026.58386 0.039786
2026.69055 0.040364
2026.79736 0.040965
2026.90405 0.041589
2027.01086 0.042241
2027.11755 0.042921
2027.22437 0.04363
2027.33105 0.044363
2027.43787 0.045118
2027.54456 0.045891
2027.65137 0.046679
2027.75806 0.047477
2027.86487 0.048283
2027.97156 0.049092
2028.07837 0.049902
2028.18506 0.050709
2028.29187 0.051514
2028.39856 0.052317
2028.50537 0.05312
2028.61206 0.053923
2028.71887 0.054728
2028.82556 0.055536
2028.93237 0.056346
2029.03918 0.057161
2029.14587 0.057982
2029.25269 0.058811
2029.35938 0.059654
2029.46619 0.060515
2029.57288 0.061399
2029.67969 0.062311
2029.78638 0.063256
2029.89319 0.064239
2029.99988 0.065265
2030.10669 0.066337
2030.21338 0.067459
2030.32019 0.068627
2030.42688 0.069839
2030.53369 0.071091
2030.64038 0.07238
2030.74719 0.073702
2030.85388 0.075055
2030.96069 0.076434
2031.06738 0.077838
2031.17419 0.079263
2031.28088 0.080711
2031.38770 0.082183
2031.49451 0.083682
2031.60120 0.085209
2031.70801 0.086767
2031.81470 0.088357
2031.92151 0.089982
2032.02820 0.091644
2032.13501 0.093345
2032.24170 0.09509
2032.34851 0.096889
2032.45520 0.098749
2032.56201 0.10068
2032.66870 0.102689
2032.77551 0.104786
2032.88220 0.106979
2032.98901 0.109276
2033.09570 0.111686
2033.20251 0.114212
2033.30920 0.116843
2033.41602 0.119568
2033.52271 0.122375
2033.62952 0.125251
2033.73621 0.128184
2033.84302 0.131163
2033.94971 0.134175
2034.05652 0.137208
2034.16333 0.140252
2034.27002 0.143307
2034.37683 0.146377
2034.48352 0.149466
2034.59033 0.152578
2034.69702 0.155717
2034.80383 0.158888
2034.91052 0.162096
2035.01733 0.165343
2035.12402 0.168636
2035.23083 0.171981
2035.33752 0.175391
2035.44434 0.17888
2035.55103 0.182459
2035.65784 0.186141
2035.76453 0.18994
2035.87134 0.193868
2035.97803 0.197937
2036.08484 0.202161
2036.19153 0.206543
2036.29834 0.21106
2036.40503 0.215683
2036.51184 0.220384
2036.61853 0.225134
2036.72534 0.229905
2036.83215 0.234669
2036.93884 0.239396
2037.04565 0.244059
2037.15234 0.248632
2037.25916 0.253126
2037.36584 0.257571
2037.47266 0.261994
2037.57935 0.266427
2037.68616 0.270899
2037.79285 0.27544
2037.89966 0.280078
2038.00635 0.284844
2038.11316 0.289767
2038.21985 0.294852
2038.32666 0.300072
2038.43335 0.305395
2038.54016 0.310791
2038.64685 0.316228
2038.75366 0.321676
2038.86035 0.327104
2038.96716 0.332481
2039.07385 0.337776
2039.18066 0.342965
2039.28735 0.348052
2039.39417 0.353049
2039.50098 0.357967
2039.60767 0.362818
2039.71448 0.367613
2039.82117 0.372364
2039.92798 0.377081
2040.03467 0.381778
2040.14148 0.386464
2040.24817 0.391153
2040.35498 0.395856
2040.46167 0.400586
2040.56848 0.405357
2040.67517 0.41018
2040.78198 0.415067
2040.88867 0.420033
2040.99548 0.425088
2041.10217 0.430245
2041.20898 0.435507
2041.31567 0.440851
2041.42249 0.446256
2041.52917 0.451698
2041.63599 0.457155
2041.74268 0.462603
2041.84949 0.468021
2041.95630 0.473384
2042.06299 0.478671
2042.16980 0.483862
2042.27649 0.488961
2042.38330 0.493981
2042.48999 0.498932
2042.59680 0.503827
2042.70349 0.508678
2042.81030 0.513495
2042.91699 0.518292
2043.02380 0.52308
2043.13049 0.527871
2043.23730 0.532674
2043.34399 0.537499
2043.45081 0.542354
2043.55750 0.547248
2043.66431 0.55219
2043.77100 0.557188
2043.87781 0.562251
2043.98450 0.567387
2044.09131 0.572605
2044.19800 0.577906
2044.30481 0.583264
2044.41150 0.588654
2044.51831 0.594048
2044.62512 0.59942
2044.73181 0.604742
2044.83862 0.609987
2044.94531 0.615128
2045.05212 0.620139
2045.15881 0.624995
2045.26562 0.6297
2045.37231 0.634269
2045.47913 0.638719
2045.58582 0.643064
2045.69263 0.647321
2045.79932 0.651504
2045.90613 0.655631
2046.01282 0.659716
2046.11963 0.663775
2046.22632 0.667825
2046.33313 0.671883
2046.43982 0.675968
2046.54663 0.680097
2046.65332 0.684288
2046.76013 0.688559
2046.86682 0.692928
2046.97363 0.697413
2047.08032 0.702031
2047.18713 0.706792
2047.29395 0.711673
2047.40063 0.716646
2047.50745 0.721684
2047.61414 0.726758
2047.72095 0.731839
2047.82764 0.7369
2047.93445 0.741912
2048.04126 0.746846
2048.14795 0.751678
2048.25464 0.756415
2048.36133 0.761082
2048.46826 0.765707
2048.57495 0.770317
2048.68164 0.774937
2048.78833 0.779595
2048.89526 0.784318
2049.00195 0.789133
2049.10864 0.794065
2049.21533 0.79912
2049.32227 0.804268
2049.42896 0.809477
2049.53564 0.814714
2049.64233 0.819945
2049.74927 0.825139
2049.85596 0.830263
2049.96265 0.835284
2050.06958 0.840169
2050.17627 0.844892
2050.28296 0.849456
2050.38965 0.853875
2050.49658 0.858159
2050.60327 0.862321
2050.70996 0.866373
2050.81665 0.870327
2050.92358 0.874195
2051.03027 0.877989
2051.13696 0.881722
2051.24365 0.885395
2051.35059 0.889006
2051.45728 0.892552
2051.56396 0.896028
2051.67065 0.899431
2051.77759 0.902759
2051.88428 0.906006
2051.99097 0.909171
2052.09766 0.912248
2052.20459 0.915235
2052.31128 0.918127
2052.41797 0.920917
2052.52490 0.923602
2052.63159 0.926175
2052.73828 0.928633
2052.84497 0.930969
2052.95190 0.933179
2053.05859 0.935257
2053.16528 0.937201
2053.27197 0.939021
2053.37891 0.940732
2053.48560 0.94235
2053.59229 0.943891
2053.69897 0.945369
2053.80591 0.946802
2053.91260 0.948204
2054.01929 0.949591
2054.12598 0.950978
2054.23291 0.952374
2054.33960 0.953779
2054.44629 0.955196
2054.55298 0.956624
2054.65991 0.958065
2054.76660 0.95952
2054.87329 0.96099
2054.98022 0.962475
2055.08691 0.963977
2055.19360 0.965495
2055.30029 0.96702
2055.40723 0.968546
2055.51392 0.970063
2055.62061 0.971563
2055.72729 0.973038
2055.83423 0.97448
2055.94092 0.97588
2056.04761 0.977231
2056.15430 0.978524
2056.26123 0.979758
2056.36792 0.980938
2056.47461 0.982066
2056.58130 0.983145
2056.68823 0.984178
2056.79492 0.985168
2056.90161 0.986119
2057.00830 0.987032
2057.11523 0.987912
2057.22192 0.98876
2057.32861 0.989578
2057.43530 0.990364
2057.54224 0.991121
2057.64893 0.991848
2057.75562 0.992546
2057.86255 0.993216
2057.96924 0.993858
2058.07593 0.994472
2058.18262 0.99506
2058.28955 0.995619
2058.39624 0.996148
2058.50293 0.996646
2058.60962 0.997111
2058.71655 0.997542
2058.82324 0.997937
2058.92993 0.998294
2059.03662 0.998612
2059.14355 0.998891
2059.25024 0.99913
2059.35693 0.999333
2059.46362 0.999502
2059.57056 0.999641
2059.67725 0.999753
2059.78394 0.99984
2059.89062 0.999906
2059.99756 0.999952
2060.10425 0.999983
2060.21094 0.999999
2060.31787 1.0
2060.42456 0.999984
2060.53125 0.99995
2060.63794 0.999896
2060.74487 0.999821
2060.85156 0.999724
2060.95825 0.999603
2061.06494 0.999457
2061.17188 0.999286
2061.27856 0.999089
2061.38525 0.998867
2061.49194 0.998621
2061.59888 0.998353
2061.70557 0.998064
2061.81226 0.997753
2061.91895 0.997423
2062.02588 0.997074
2062.13257 0.996706
2062.23926 0.99632
2062.34595 0.99591
2062.45288 0.995475
2062.55957 0.995009
2062.66626 0.994511
2062.77319 0.993976
2062.87988 0.9934
2062.98657 0.992781
2063.09326 0.992115
2063.20020 0.9914
2063.30688 0.990638
2063.41357 0.989833
2063.52026 0.988987
2063.62720 0.988103
2063.73389 0.987183
2063.84058 0.986232
2063.94727 0.985251
2064.05420 0.984244
2064.16089 0.983212
2064.26758 0.982157
2064.37427 0.981077
2064.48120 0.979971
2064.58789 0.978838
2064.69458 0.977676
2064.80127 0.976486
2064.90820 0.975265
2065.01489 0.974014
2065.12158 0.97273
2065.22827 0.971411
2065.33521 0.970053
2065.44189 0.968649
2065.54858 0.967197
2065.65552 0.965689
2065.76221 0.964122
2065.86890 0.962491
2065.97559 0.960791
2066.08252 0.959016
2066.18921 0.957166
2066.29590 0.955248
2066.40259 0.953274
2066.50952 0.951252
2066.61621 0.949194
2066.72290 0.947111
2066.82959 0.945012
2066.93652 0.942908
2067.04321 0.940809
2067.14990 0.938725
2067.25659 0.936656
2067.36353 0.934596
2067.47021 0.932538
2067.57690 0.930477
2067.68359 0.928407
2067.79053 0.926323
2067.89722 0.924218
2068.00391 0.922087
2068.11084 0.919922
2068.21753 0.917711
2068.32422 0.915425
2068.43091 0.913035
2068.53784 0.910513
2068.64453 0.907829
2068.75122 0.904954
2068.85791 0.901861
2068.96484 0.898519
2069.07153 0.894901
2069.17822 0.890986
2069.28491 0.886796
2069.39185 0.882361
2069.49854 0.877714
2069.60522 0.872886
2069.71191 0.867908
2069.81885 0.862812
2069.92554 0.857629
2070.03223 0.852391
2070.13892 0.847128
2070.24585 0.841855
2070.35254 0.836573
2070.45923 0.831285
2070.56592 0.825992
2070.67285 0.820696
2070.77954 0.815398
2070.88623 0.810101
2070.99316 0.804807
2071.09985 0.799517
2071.20654 0.79423
2071.31323 0.788942
2071.42017 0.783646
2071.52686 0.778337
2071.63354 0.773009
2071.74023 0.767655
2071.84717 0.762272
2071.95386 0.756851
2072.06055 0.751388
2072.16724 0.74588
2072.27417 0.740341
2072.38086 0.734789
2072.48755 0.729244
2072.59424 0.723726
2072.70117 0.718255
2072.80786 0.71285
2072.91455 0.707531
2073.02124 0.702317
2073.12817 0.697227
2073.23486 0.692263
2073.34155 0.68741
2073.44849 0.682653
2073.55518 0.677977
2073.66187 0.673365
2073.76855 0.668804
2073.87549 0.664277
2073.98218 0.659768
2074.08887 0.655263
2074.19556 0.650747
2074.30249 0.646207
2074.40918 0.641628
2074.51587 0.636998
2074.62256 0.632304
2074.72949 0.627533
2074.83618 0.622671
2074.94287 0.617705
2075.04956 0.612623
2075.15649 0.607413
2075.26318 0.602096
2075.36987 0.596701
2075.47656 0.591262
2075.58350 0.585811
2075.69019 0.580378
2075.79688 0.574997
2075.90381 0.569698
2076.01050 0.564514
2076.11719 0.559477
2076.22388 0.55459
2076.33081 0.549826
2076.43750 0.545154
2076.54419 0.540542
2076.65088 0.53596
2076.75781 0.531378
2076.86450 0.526764
2076.97119 0.522087
2077.07788 0.517317
2077.18481 0.512434
2077.29150 0.507456
2077.39819 0.50241
2077.50488 0.497322
2077.61182 0.49222
2077.71851 0.487131
2077.82520 0.482082
2077.93188 0.477099
2078.03882 0.472209
2078.14551 0.467438
2078.25220 0.462786
2078.35889 0.458241
2078.46582 0.45379
2078.57251 0.449418
2078.67920 0.445114
2078.78613 0.440863
2078.89282 0.436652
2078.99951 0.432468
2079.10620 0.428297
2079.21313 0.424127
2079.31982 0.419948
2079.42651 0.415746
2079.53320 0.411513
2079.64014 0.407236
2079.74683 0.402905
2079.85352 0.398509
2079.96021 0.394036
2080.06714 0.389476
2080.17383 0.384822
2080.28052 0.380087
2080.38721 0.375292
2080.49414 0.370455
2080.60083 0.365598
2080.70752 0.36074
2080.81421 0.355901
2080.92114 0.351101
2081.02783 0.346359
2081.13452 0.341694
2081.24146 0.337109
2081.34814 0.332594
2081.45483 0.328137
2081.56152 0.323726
2081.66846 0.31935
2081.77515 0.314998
2081.88184 0.310658
2081.98853 0.30632
2082.09546 0.301971
2082.20215 0.297602
2082.30884 0.293205
2082.41553 0.28877
2082.52246 0.284292
2082.62915 0.279761
2082.73584 0.275169
2082.84253 0.27051
2082.94946 0.265775
2083.05615 0.260957
2083.16284 0.256049
2083.26953 0.251071
2083.37646 0.246048
2083.48315 0.241008
2083.58984 0.235975
2083.69678 0.230977
2083.80347 0.22604
2083.91016 0.22119
2084.01685 0.216455
2084.12378 0.211859
2084.23047 0.207412
2084.33716 0.203104
2084.44385 0.198926
2084.55078 0.194868
2084.65747 0.190919
2084.76416 0.187069
2084.87085 0.183308
2084.97778 0.179625
2085.08447 0.176011
2085.19116 0.172456
2085.29785 0.16895
2085.40479 0.165487
2085.51147 0.162059
2085.61816 0.158658
2085.72485 0.155276
2085.83179 0.151907
2085.93848 0.148543
2086.04517 0.145176
2086.15186 0.141802
2086.25879 0.138429
2086.36548 0.135073
2086.47217 0.131749
2086.57910 0.128473
2086.68579 0.125262
2086.79248 0.122128
2086.89917 0.119089
2087.00610 0.116157
2087.11279 0.113349
2087.21948 0.110668
2087.32617 0.108103
2087.43311 0.105646
2087.53979 0.103284
2087.64648 0.101006
2087.75317 0.098804
2087.86011 0.096666
2087.96680 0.094581
2088.07349 0.092541
2088.18018 0.090535
2088.28711 0.08856
2088.39380 0.086614
2088.50049 0.084694
2088.60718 0.082799
2088.71411 0.080925
2088.82080 0.079071
2088.92749 0.077233
2089.03442 0.07541
2089.14111 0.0736
2089.24780 0.071806
2089.35449 0.070035
2089.46143 0.068295
2089.56812 0.066594
2089.67480 0.06494
2089.78149 0.06334
2089.88843 0.061801
2089.99512 0.060332
2090.10181 0.05894
2090.20850 0.057627
2090.31543 0.056386
2090.42212 0.055209
2090.52881 0.054088
2090.63550 0.053013
2090.74243 0.051976
2090.84912 0.05097
2090.95581 0.049985
2091.06250 0.049014
2091.16943 0.048049
2091.27612 0.047093
2091.38281 0.046148
2091.48975 0.045221
2091.59644 0.044316
2091.70312 0.043437
2091.80981 0.042588
2091.91675 0.041774
2092.02344 0.041001
2092.13013 0.040271
2092.23682 0.039585
2092.34375 0.03894
2092.45044 0.03833
2092.55713 0.037754
2092.66382 0.037206
2092.77075 0.036682
2092.87744 0.036179
2092.98413 0.035693
2093.09082 0.035219
2093.19775 0.034755
2093.30444 0.034299
2093.41113 0.03385
2093.51782 0.033406
2093.62476 0.032966
2093.73145 0.032528
2093.83813 0.032092
2093.94482 0.031656
2094.05176 0.031219
2094.15845 0.030779
2094.26514 0.030337
2094.37207 0.029896
2094.47876 0.029456
2094.58545 0.029021
2094.69214 0.02859
2094.79907 0.028167
2094.90576 0.027753
2095.01245 0.027349
2095.11914 0.026958
2095.22607 0.026579
2095.33276 0.026212
2095.43945 0.025856
2095.54614 0.02551
2095.65308 0.025173
2095.75977 0.024842
2095.86646 0.024519
2095.97314 0.024201
2096.08008 0.023887
2096.18677 0.023576
2096.29346 0.023269
2096.40015 0.022963
2096.50708 0.022659
2096.61377 0.022357
2096.72046 0.022055
2096.82739 0.021753
2096.93408 0.021451
2097.04077 0.021147
2097.14746 0.020843
2097.25439 0.020537
2097.36108 0.020232
2097.46777 0.019929
2097.57446 0.019629
2097.68140 0.019334
2097.78809 0.019044
2097.89478 0.018761
2098.00146 0.018487
2098.10840 0.018222
2098.21509 0.017967
2098.32178 0.017721
2098.42847 0.017484
2098.53540 0.017255
2098.64209 0.017033
2098.74878 0.016817
2098.85547 0.016606
2098.96240 0.0164
2099.06909 0.016198
2099.17578 0.015999
2099.28271 0.015802
2099.38940 0.015609
2099.49609 0.015417
2099.60278 0.015227
2099.70972 0.015039
2099.81641 0.014852
2099.92310 0.014666
2100.02979 0.01448
2100.13672 0.014296
2100.24341 0.014112
2100.35010 0.01393
2100.45679 0.01375
2100.56372 0.013573
2100.67041 0.013401
2100.77710 0.013234
2100.88379 0.013073
2100.99072 0.012918
2101.09741 0.01277
2101.20410 0.012631
2101.31079 0.012498
2101.41772 0.012372
2101.52441 0.012251
2101.63110 0.012135
2101.73779 0.012022
2101.84473 0.011912
2101.95142 0.011805
2102.05811 0.011698
2102.16504 0.011592
2102.27173 0.011487
2102.37842 0.011383
2102.48511 0.01128
2102.59204 0.01118
2102.69873 0.011082
2102.80542 0.010988
2102.91211 0.010898
2103.01904 0.010812
2103.12573 0.010731
2103.23242 0.010655
2103.33911 0.010583
2103.44604 0.010516
2103.55273 0.010452
2103.65942 0.010391
2103.76611 0.010334
2103.87305 0.010279
2103.97974 0.010226
2104.08643 0.010175
2104.19312 0.010125
2104.30005 0.010077
2104.40674 0.01003
2104.51343 0.009984
2104.62036 0.009939
2104.72705 0.009896
2104.83374 0.009853
2104.94043 0.009812
2105.04736 0.009771
2105.15405 0.009731
2105.26074 0.009692
2105.36743 0.009654
2105.47437 0.009617
2105.58105 0.009581
2105.68774 0.009547
2105.79443 0.009513
2105.90137 0.009481
2106.00806 0.009449
2106.11475 0.00942
2106.22144 0.009391
2106.32837 0.009364
2106.43506 0.009337
2106.54175 0.009312
2106.64844 0.009287
2106.75537 0.009263
2106.86206 0.009239
2106.96875 0.009216
2107.07568 0.009193
2107.18237 0.00917
2107.28906 0.009147
2107.39575 0.009124
2107.50269 0.0091
2107.60938 0.009076
2107.71606 0.009051
2107.82275 0.009025
2107.92969 0.008999
2108.03638 0.008971
2108.14307 0.008943
2108.24976 0.008913
2108.35669 0.008882
2108.46338 0.00885
2108.57007 0.008817
2108.67676 0.008784
2108.78369 0.00875
2108.89038 0.008715
2108.99707 0.00868
2109.10376 0.008645
2109.21069 0.00861
2109.31738 0.008574
2109.42407 0.008538
2109.53076 0.008502
2109.63770 0.008465
2109.74438 0.008428
2109.85107 0.008391
2109.95801 0.008354
2110.06470 0.008316
2110.17139 0.008277
2110.27808 0.008238
2110.38501 0.008198
2110.49170 0.008158
2110.59839 0.008117
2110.70508 0.008074
2110.81201 0.008031
2110.91870 0.007986
2111.02539 0.00794
2111.13208 0.007892
2111.23901 0.007843
2111.34570 0.007793
2111.45239 0.007742
2111.55908 0.00769
2111.66602 0.007638
2111.77271 0.007585
2111.87939 0.007532
2111.98608 0.007479
2112.09302 0.007427
2112.19971 0.007375
2112.30640 0.007324
2112.41333 0.007273
2112.52002 0.007223
2112.62671 0.007173
2112.73340 0.007123
2112.84033 0.007074
2112.94702 0.007025
2113.05371 0.006977
2113.16040 0.006929
2113.26733 0.006881
2113.37402 0.006832
2113.48071 0.006783
2113.58740 0.006733
2113.69434 0.006681
2113.80103 0.006627
2113.90771 0.006571
2114.01440 0.006513
2114.12134 0.006451
2114.22803 0.006387
2114.33472 0.006322
2114.44141 0.006256
2114.54834 0.006191
2114.65503 0.006129
2114.76172 0.006069
2114.86865 0.006015
2114.97534 0.005966
2115.08203 0.005923
2115.18872 0.005889
2115.29565 0.005862
2115.40234 0.005841
2115.50903 0.005826
2115.61572 0.005815
2115.72266 0.005807
2115.82935 0.005803
2115.93604 0.0058
2116.04272 0.005799
2116.14966 0.005798
2327.76465 0.0
