threeML/data/optical_filters/TD1/SPEC-F2200.ecsv
# %ECSV 0.9
# ---
# datatype:
# - {name: wavelength, unit: Angstrom, datatype: float32}
# - {name: response, datatype: float32}
# meta: !!omap
# - {band_name: F2200}
# - {group_name: SPEC}
wavelength response
1932.24707 0.0
2146.94116 0.010058
2147.04810 0.010124
2147.15479 0.01019
2147.26147 0.010256
2147.36816 0.010321
2147.47510 0.010387
2147.58179 0.010453
2147.68848 0.01052
2147.79517 0.010587
2147.90210 0.010655
2148.00879 0.010725
2148.11548 0.010795
2148.22241 0.010868
2148.32910 0.010941
2148.43579 0.011015
2148.54248 0.011089
2148.64941 0.011163
2148.75610 0.011236
2148.86279 0.011308
2148.96948 0.011378
2149.07642 0.011447
2149.18311 0.011514
2149.28979 0.011578
2149.39648 0.011642
2149.50342 0.011704
2149.61011 0.011765
2149.71680 0.011827
2149.82349 0.011888
2149.93042 0.01195
2150.03711 0.012013
2150.14380 0.012078
2150.25049 0.012143
2150.35742 0.01221
2150.46411 0.012277
2150.57080 0.012345
2150.67773 0.012412
2150.78442 0.012478
2150.89111 0.012543
2150.99780 0.012607
2151.10474 0.012669
2151.21143 0.012729
2151.31812 0.012787
2151.42480 0.012843
2151.53174 0.012899
2151.63843 0.012953
2151.74512 0.013007
2151.85181 0.01306
2151.95874 0.013114
2152.06543 0.013168
2152.17212 0.013222
2152.27881 0.013278
2152.38574 0.013334
2152.49243 0.013391
2152.59912 0.013448
2152.70581 0.013507
2152.81274 0.013566
2152.91943 0.013626
2153.02612 0.013687
2153.13281 0.013749
2153.23975 0.013812
2153.34644 0.013875
2153.45312 0.013939
2153.56006 0.014004
2153.66675 0.014069
2153.77344 0.014134
2153.88013 0.014199
2153.98706 0.014265
2154.09375 0.01433
2154.20044 0.014395
2154.30713 0.014461
2154.41406 0.014526
2154.52075 0.014592
2154.62744 0.014658
2154.73413 0.014724
2154.84106 0.014791
2154.94775 0.014859
2155.05444 0.014927
2155.16113 0.014997
2155.26807 0.015067
2155.37476 0.015139
2155.48145 0.015213
2155.58813 0.01529
2155.69507 0.015368
2155.80176 0.01545
2155.90845 0.015535
2156.01538 0.015624
2156.12207 0.015716
2156.22876 0.015813
2156.33545 0.015913
2156.44238 0.016016
2156.54907 0.016121
2156.65576 0.016229
2156.76245 0.016339
2156.86938 0.01645
2156.97607 0.016562
2157.08276 0.016675
2157.18945 0.016787
2157.29639 0.0169
2157.40308 0.017013
2157.50977 0.017127
2157.61646 0.017242
2157.72339 0.017357
2157.83008 0.017474
2157.93677 0.017592
2158.04346 0.017711
2158.15039 0.017831
2158.25708 0.017954
2158.36377 0.018079
2158.47046 0.018206
2158.57739 0.018337
2158.68408 0.018472
2158.79077 0.01861
2158.89771 0.018754
2159.00439 0.018902
2159.11108 0.019056
2159.21777 0.019215
2159.32471 0.019379
2159.43140 0.019548
2159.53809 0.019719
2159.64478 0.019894
2159.75171 0.02007
2159.85840 0.020247
2159.96509 0.020425
2160.07178 0.020602
2160.17871 0.020778
2160.28540 0.020953
2160.39209 0.021128
2160.49878 0.021302
2160.60571 0.021477
2160.71240 0.021651
2160.81909 0.021825
2160.92578 0.022
2161.03271 0.022176
2161.13940 0.022353
2161.24609 0.022531
2161.35303 0.022712
2161.45972 0.022897
2161.56641 0.023086
2161.67310 0.023281
2161.78003 0.023482
2161.88672 0.02369
2161.99341 0.023907
2162.10010 0.024133
2162.20703 0.024368
2162.31372 0.024612
2162.42041 0.024862
2162.52710 0.025119
2162.63403 0.02538
2162.74072 0.025644
2162.84741 0.02591
2162.95410 0.026176
2163.06104 0.026441
2163.16772 0.026705
2163.27441 0.026969
2163.38110 0.027234
2163.48804 0.027504
2163.59473 0.02778
2163.70142 0.028064
2163.80835 0.02836
2163.91504 0.028669
2164.02173 0.028993
2164.12842 0.029334
2164.23535 0.029694
2164.34204 0.030069
2164.44873 0.030459
2164.55542 0.030862
2164.66235 0.031275
2164.76904 0.031698
2164.87573 0.032127
2164.98242 0.032562
2165.08936 0.033001
2165.19604 0.033443
2165.30273 0.033887
2165.40942 0.034335
2165.51636 0.034789
2165.62305 0.035247
2165.72974 0.035712
2165.83643 0.036185
2165.94336 0.036665
2166.05005 0.037154
2166.15674 0.037653
2166.26343 0.038164
2166.37036 0.038688
2166.47705 0.039228
2166.58374 0.039786
2166.69067 0.040364
2166.79736 0.040965
2166.90405 0.041589
2167.01074 0.042241
2167.11768 0.042921
2167.22437 0.04363
2167.33105 0.044363
2167.43774 0.045118
2167.54468 0.045891
2167.65137 0.046679
2167.75806 0.047477
2167.86475 0.048283
2167.97168 0.049092
2168.07837 0.049902
2168.18506 0.050709
2168.29175 0.051514
2168.39868 0.052317
2168.50537 0.05312
2168.61206 0.053923
2168.71875 0.054728
2168.82568 0.055536
2168.93237 0.056346
2169.03906 0.057161
2169.14600 0.057982
2169.25269 0.058811
2169.35938 0.059654
2169.46606 0.060515
2169.57300 0.061399
2169.67969 0.062311
2169.78638 0.063256
2169.89307 0.064239
2170.00000 0.065265
2170.10669 0.066337
2170.21338 0.067459
2170.32007 0.068627
2170.42700 0.069839
2170.53369 0.071091
2170.64038 0.07238
2170.74707 0.073702
2170.85400 0.075055
2170.96069 0.076434
2171.06738 0.077838
2171.17407 0.079263
2171.28101 0.080711
2171.38770 0.082183
2171.49438 0.083682
2171.60132 0.085209
2171.70801 0.086767
2171.81470 0.088357
2171.92139 0.089982
2172.02832 0.091644
2172.13501 0.093345
2172.24170 0.09509
2172.34839 0.096889
2172.45532 0.098749
2172.56201 0.10068
2172.66870 0.102689
2172.77539 0.104786
2172.88232 0.106979
2172.98901 0.109276
2173.09570 0.111686
2173.20239 0.114212
2173.30933 0.116843
2173.41602 0.119568
2173.52271 0.122375
2173.62939 0.125251
2173.73633 0.128184
2173.84302 0.131163
2173.94971 0.134175
2174.05640 0.137208
2174.16333 0.140252
2174.27002 0.143307
2174.37671 0.146377
2174.48364 0.149466
2174.59033 0.152578
2174.69702 0.155717
2174.80371 0.158888
2174.91064 0.162096
2175.01733 0.165343
2175.12402 0.168636
2175.23071 0.171981
2175.33765 0.175391
2175.44434 0.17888
2175.55103 0.182459
2175.65771 0.186141
2175.76465 0.18994
2175.87134 0.193868
2175.97803 0.197937
2176.08472 0.202161
2176.19165 0.206543
2176.29834 0.21106
2176.40503 0.215683
2176.51172 0.220384
2176.61865 0.225134
2176.72534 0.229905
2176.83203 0.234669
2176.93896 0.239396
2177.04565 0.244059
2177.15234 0.248632
2177.25903 0.253126
2177.36597 0.257571
2177.47266 0.261994
2177.57935 0.266427
2177.68604 0.270899
2177.79297 0.27544
2177.89966 0.280078
2178.00635 0.284844
2178.11304 0.289767
2178.21997 0.294852
2178.32666 0.300072
2178.43335 0.305395
2178.54004 0.310791
2178.64697 0.316228
2178.75366 0.321676
2178.86035 0.327104
2178.96704 0.332481
2179.07397 0.337776
2179.18066 0.342965
2179.28735 0.348052
2179.39429 0.353049
2179.50098 0.357967
2179.60767 0.362818
2179.71436 0.367613
2179.82129 0.372364
2179.92798 0.377081
2180.03467 0.381778
2180.14136 0.386464
2180.24829 0.391153
2180.35498 0.395856
2180.46167 0.400586
2180.56836 0.405357
2180.67529 0.41018
2180.78198 0.415067
2180.88867 0.420033
2180.99536 0.425088
2181.10229 0.430245
2181.20898 0.435507
2181.31567 0.440851
2181.42236 0.446256
2181.52930 0.451698
2181.63599 0.457155
2181.74268 0.462603
2181.84937 0.468021
2181.95630 0.473384
2182.06299 0.478671
2182.16968 0.483862
2182.27661 0.488961
2182.38330 0.493981
2182.48999 0.498932
2182.59668 0.503827
2182.70361 0.508678
2182.81030 0.513495
2182.91699 0.518292
2183.02368 0.52308
2183.13062 0.527871
2183.23730 0.532674
2183.34399 0.537499
2183.45068 0.542354
2183.55762 0.547248
2183.66431 0.55219
2183.77100 0.557188
2183.87769 0.562251
2183.98462 0.567387
2184.09131 0.572605
2184.19800 0.577906
2184.30469 0.583264
2184.41162 0.588654
2184.51831 0.594048
2184.62500 0.59942
2184.73193 0.604742
2184.83862 0.609987
2184.94531 0.615128
2185.05200 0.620139
2185.15894 0.624995
2185.26562 0.6297
2185.37231 0.634269
2185.47900 0.638719
2185.58594 0.643064
2185.69263 0.647321
2185.79932 0.651504
2185.90601 0.655631
2186.01294 0.659716
2186.11963 0.663775
2186.22632 0.667825
2186.33301 0.671883
2186.43994 0.675968
2186.54663 0.680097
2186.65332 0.684288
2186.76001 0.688559
2186.86694 0.692928
2186.97363 0.697413
2187.08032 0.702031
2187.18726 0.706792
2187.29395 0.711673
2187.40063 0.716646
2187.50732 0.721684
2187.61426 0.726758
2187.72095 0.731839
2187.82764 0.7369
2187.93433 0.741912
2188.04126 0.746846
2188.14795 0.751678
2188.25464 0.756415
2188.36133 0.761082
2188.46826 0.765707
2188.57495 0.770317
2188.68164 0.774937
2188.78833 0.779595
2188.89526 0.784318
2189.00195 0.789133
2189.10864 0.794065
2189.21533 0.79912
2189.32227 0.804268
2189.42896 0.809477
2189.53564 0.814714
2189.64233 0.819945
2189.74927 0.825139
2189.85596 0.830263
2189.96265 0.835284
2190.06958 0.840169
2190.17627 0.844892
2190.28296 0.849456
2190.38965 0.853875
2190.49658 0.858159
2190.60327 0.862321
2190.70996 0.866373
2190.81665 0.870327
2190.92358 0.874195
2191.03027 0.877989
2191.13696 0.881722
2191.24365 0.885395
2191.35059 0.889006
2191.45728 0.892552
2191.56396 0.896028
2191.67065 0.899431
2191.77759 0.902759
2191.88428 0.906006
2191.99097 0.909171
2192.09766 0.912248
2192.20459 0.915235
2192.31128 0.918127
2192.41797 0.920917
2192.52490 0.923602
2192.63159 0.926175
2192.73828 0.928633
2192.84497 0.930969
2192.95190 0.933179
2193.05859 0.935257
2193.16528 0.937201
2193.27197 0.939021
2193.37891 0.940732
2193.48560 0.94235
2193.59229 0.943891
2193.69897 0.945369
2193.80591 0.946802
2193.91260 0.948204
2194.01929 0.949591
2194.12598 0.950978
2194.23291 0.952374
2194.33960 0.953779
2194.44629 0.955196
2194.55298 0.956624
2194.65991 0.958065
2194.76660 0.95952
2194.87329 0.96099
2194.98022 0.962475
2195.08691 0.963977
2195.19360 0.965495
2195.30029 0.96702
2195.40723 0.968546
2195.51392 0.970063
2195.62061 0.971563
2195.72729 0.973038
2195.83423 0.97448
2195.94092 0.97588
2196.04761 0.977231
2196.15430 0.978524
2196.26123 0.979758
2196.36792 0.980938
2196.47461 0.982066
2196.58130 0.983145
2196.68823 0.984178
2196.79492 0.985168
2196.90161 0.986119
2197.00830 0.987032
2197.11523 0.987912
2197.22192 0.98876
2197.32861 0.989578
2197.43530 0.990364
2197.54224 0.991121
2197.64893 0.991848
2197.75562 0.992546
2197.86255 0.993216
2197.96924 0.993858
2198.07593 0.994472
2198.18262 0.99506
2198.28955 0.995619
2198.39624 0.996148
2198.50293 0.996646
2198.60962 0.997111
2198.71655 0.997542
2198.82324 0.997937
2198.92993 0.998294
2199.03662 0.998612
2199.14355 0.998891
2199.25024 0.99913
2199.35693 0.999333
2199.46362 0.999502
2199.57056 0.999641
2199.67725 0.999753
2199.78394 0.99984
2199.89062 0.999906
2199.99756 0.999952
2200.10425 0.999983
2200.21094 0.999999
2200.31787 1.0
2200.42456 0.999984
2200.53125 0.99995
2200.63794 0.999896
2200.74487 0.999821
2200.85156 0.999724
2200.95825 0.999603
2201.06494 0.999457
2201.17188 0.999286
2201.27856 0.999089
2201.38525 0.998867
2201.49194 0.998621
2201.59888 0.998353
2201.70557 0.998064
2201.81226 0.997753
2201.91895 0.997423
2202.02588 0.997074
2202.13257 0.996706
2202.23926 0.99632
2202.34595 0.99591
2202.45288 0.995475
2202.55957 0.995009
2202.66626 0.994511
2202.77319 0.993976
2202.87988 0.9934
2202.98657 0.992781
2203.09326 0.992115
2203.20020 0.9914
2203.30688 0.990638
2203.41357 0.989833
2203.52026 0.988987
2203.62720 0.988103
2203.73389 0.987183
2203.84058 0.986232
2203.94727 0.985251
2204.05420 0.984244
2204.16089 0.983212
2204.26758 0.982157
2204.37427 0.981077
2204.48120 0.979971
2204.58789 0.978838
2204.69458 0.977676
2204.80127 0.976486
2204.90820 0.975265
2205.01489 0.974014
2205.12158 0.97273
2205.22827 0.971411
2205.33521 0.970053
2205.44189 0.968649
2205.54858 0.967197
2205.65552 0.965689
2205.76221 0.964122
2205.86890 0.962491
2205.97559 0.960791
2206.08252 0.959016
2206.18921 0.957166
2206.29590 0.955248
2206.40259 0.953274
2206.50952 0.951252
2206.61621 0.949194
2206.72290 0.947111
2206.82959 0.945012
2206.93652 0.942908
2207.04321 0.940809
2207.14990 0.938725
2207.25659 0.936656
2207.36353 0.934596
2207.47021 0.932538
2207.57690 0.930477
2207.68359 0.928407
2207.79053 0.926323
2207.89722 0.924218
2208.00391 0.922087
2208.11084 0.919922
2208.21753 0.917711
2208.32422 0.915425
2208.43091 0.913035
2208.53784 0.910513
2208.64453 0.907829
2208.75122 0.904954
2208.85791 0.901861
2208.96484 0.898519
2209.07153 0.894901
2209.17822 0.890986
2209.28491 0.886796
2209.39185 0.882361
2209.49854 0.877714
2209.60522 0.872886
2209.71191 0.867908
2209.81885 0.862812
2209.92554 0.857629
2210.03223 0.852391
2210.13892 0.847128
2210.24585 0.841855
2210.35254 0.836573
2210.45923 0.831285
2210.56592 0.825992
2210.67285 0.820696
2210.77954 0.815398
2210.88623 0.810101
2210.99316 0.804807
2211.09985 0.799517
2211.20654 0.79423
2211.31323 0.788942
2211.42017 0.783646
2211.52686 0.778337
2211.63354 0.773009
2211.74023 0.767655
2211.84717 0.762272
2211.95386 0.756851
2212.06055 0.751388
2212.16724 0.74588
2212.27417 0.740341
2212.38086 0.734789
2212.48755 0.729244
2212.59424 0.723726
2212.70117 0.718255
2212.80786 0.71285
2212.91455 0.707531
2213.02124 0.702317
2213.12817 0.697227
2213.23486 0.692263
2213.34155 0.68741
2213.44849 0.682653
2213.55518 0.677977
2213.66187 0.673365
2213.76855 0.668804
2213.87549 0.664277
2213.98218 0.659768
2214.08887 0.655263
2214.19556 0.650747
2214.30249 0.646207
2214.40918 0.641628
2214.51587 0.636998
2214.62256 0.632304
2214.72949 0.627533
2214.83618 0.622671
2214.94287 0.617705
2215.04956 0.612623
2215.15649 0.607413
2215.26318 0.602096
2215.36987 0.596701
2215.47656 0.591262
2215.58350 0.585811
2215.69019 0.580378
2215.79688 0.574997
2215.90381 0.569698
2216.01050 0.564514
2216.11719 0.559477
2216.22388 0.55459
2216.33081 0.549826
2216.43750 0.545154
2216.54419 0.540542
2216.65088 0.53596
2216.75781 0.531378
2216.86450 0.526764
2216.97119 0.522087
2217.07788 0.517317
2217.18481 0.512434
2217.29150 0.507456
2217.39819 0.50241
2217.50488 0.497322
2217.61182 0.49222
2217.71851 0.487131
2217.82520 0.482082
2217.93188 0.477099
2218.03882 0.472209
2218.14551 0.467438
2218.25220 0.462786
2218.35889 0.458241
2218.46582 0.45379
2218.57251 0.449418
2218.67920 0.445114
2218.78613 0.440863
2218.89282 0.436652
2218.99951 0.432468
2219.10620 0.428297
2219.21313 0.424127
2219.31982 0.419948
2219.42651 0.415746
2219.53320 0.411513
2219.64014 0.407236
2219.74683 0.402905
2219.85352 0.398509
2219.96021 0.394036
2220.06714 0.389476
2220.17383 0.384822
2220.28052 0.380087
2220.38721 0.375292
2220.49414 0.370455
2220.60083 0.365598
2220.70752 0.36074
2220.81421 0.355901
2220.92114 0.351101
2221.02783 0.346359
2221.13452 0.341694
2221.24146 0.337109
2221.34814 0.332594
2221.45483 0.328137
2221.56152 0.323726
2221.66846 0.31935
2221.77515 0.314998
2221.88184 0.310658
2221.98853 0.30632
2222.09546 0.301971
2222.20215 0.297602
2222.30884 0.293205
2222.41553 0.28877
2222.52246 0.284292
2222.62915 0.279761
2222.73584 0.275169
2222.84253 0.27051
2222.94946 0.265775
2223.05615 0.260957
2223.16284 0.256049
2223.26953 0.251071
2223.37646 0.246048
2223.48315 0.241008
2223.58984 0.235975
2223.69678 0.230977
2223.80347 0.22604
2223.91016 0.22119
2224.01685 0.216455
2224.12378 0.211859
2224.23047 0.207412
2224.33716 0.203104
2224.44385 0.198926
2224.55078 0.194868
2224.65747 0.190919
2224.76416 0.187069
2224.87085 0.183308
2224.97778 0.179625
2225.08447 0.176011
2225.19116 0.172456
2225.29785 0.16895
2225.40479 0.165487
2225.51147 0.162059
2225.61816 0.158658
2225.72485 0.155276
2225.83179 0.151907
2225.93848 0.148543
2226.04517 0.145176
2226.15186 0.141802
2226.25879 0.138429
2226.36548 0.135073
2226.47217 0.131749
2226.57910 0.128473
2226.68579 0.125262
2226.79248 0.122128
2226.89917 0.119089
2227.00610 0.116157
2227.11279 0.113349
2227.21948 0.110668
2227.32617 0.108103
2227.43311 0.105646
2227.53979 0.103284
2227.64648 0.101006
2227.75317 0.098804
2227.86011 0.096666
2227.96680 0.094581
2228.07349 0.092541
2228.18018 0.090535
2228.28711 0.08856
2228.39380 0.086614
2228.50049 0.084694
2228.60718 0.082799
2228.71411 0.080925
2228.82080 0.079071
2228.92749 0.077233
2229.03442 0.07541
2229.14111 0.0736
2229.24780 0.071806
2229.35449 0.070035
2229.46143 0.068295
2229.56812 0.066594
2229.67480 0.06494
2229.78149 0.06334
2229.88843 0.061801
2229.99512 0.060332
2230.10181 0.05894
2230.20850 0.057627
2230.31543 0.056386
2230.42212 0.055209
2230.52881 0.054088
2230.63550 0.053013
2230.74243 0.051976
2230.84912 0.05097
2230.95581 0.049985
2231.06250 0.049014
2231.16943 0.048049
2231.27612 0.047093
2231.38281 0.046148
2231.48975 0.045221
2231.59644 0.044316
2231.70312 0.043437
2231.80981 0.042588
2231.91675 0.041774
2232.02344 0.041001
2232.13013 0.040271
2232.23682 0.039585
2232.34375 0.03894
2232.45044 0.03833
2232.55713 0.037754
2232.66382 0.037206
2232.77075 0.036682
2232.87744 0.036179
2232.98413 0.035693
2233.09082 0.035219
2233.19775 0.034755
2233.30444 0.034299
2233.41113 0.03385
2233.51782 0.033406
2233.62476 0.032966
2233.73145 0.032528
2233.83813 0.032092
2233.94482 0.031656
2234.05176 0.031219
2234.15845 0.030779
2234.26514 0.030337
2234.37207 0.029896
2234.47876 0.029456
2234.58545 0.029021
2234.69214 0.02859
2234.79907 0.028167
2234.90576 0.027753
2235.01245 0.027349
2235.11914 0.026958
2235.22607 0.026579
2235.33276 0.026212
2235.43945 0.025856
2235.54614 0.02551
2235.65308 0.025173
2235.75977 0.024842
2235.86646 0.024519
2235.97314 0.024201
2236.08008 0.023887
2236.18677 0.023576
2236.29346 0.023269
2236.40015 0.022963
2236.50708 0.022659
2236.61377 0.022357
2236.72046 0.022055
2236.82739 0.021753
2236.93408 0.021451
2237.04077 0.021147
2237.14746 0.020843
2237.25439 0.020537
2237.36108 0.020232
2237.46777 0.019929
2237.57446 0.019629
2237.68140 0.019334
2237.78809 0.019044
2237.89478 0.018761
2238.00146 0.018487
2238.10840 0.018222
2238.21509 0.017967
2238.32178 0.017721
2238.42847 0.017484
2238.53540 0.017255
2238.64209 0.017033
2238.74878 0.016817
2238.85547 0.016606
2238.96240 0.0164
2239.06909 0.016198
2239.17578 0.015999
2239.28271 0.015802
2239.38940 0.015609
2239.49609 0.015417
2239.60278 0.015227
2239.70972 0.015039
2239.81641 0.014852
2239.92310 0.014666
2240.02979 0.01448
2240.13672 0.014296
2240.24341 0.014112
2240.35010 0.01393
2240.45679 0.01375
2240.56372 0.013573
2240.67041 0.013401
2240.77710 0.013234
2240.88379 0.013073
2240.99072 0.012918
2241.09741 0.01277
2241.20410 0.012631
2241.31079 0.012498
2241.41772 0.012372
2241.52441 0.012251
2241.63110 0.012135
2241.73779 0.012022
2241.84473 0.011912
2241.95142 0.011805
2242.05811 0.011698
2242.16504 0.011592
2242.27173 0.011487
2242.37842 0.011383
2242.48511 0.01128
2242.59204 0.01118
2242.69873 0.011082
2242.80542 0.010988
2242.91211 0.010898
2243.01904 0.010812
2243.12573 0.010731
2243.23242 0.010655
2243.33911 0.010583
2243.44604 0.010516
2243.55273 0.010452
2243.65942 0.010391
2243.76611 0.010334
2243.87305 0.010279
2243.97974 0.010226
2244.08643 0.010175
2244.19312 0.010125
2244.30005 0.010077
2244.40674 0.01003
2244.51343 0.009984
2244.62036 0.009939
2244.72705 0.009896
2244.83374 0.009853
2244.94043 0.009812
2245.04736 0.009771
2245.15405 0.009731
2245.26074 0.009692
2245.36743 0.009654
2245.47437 0.009617
2245.58105 0.009581
2245.68774 0.009547
2245.79443 0.009513
2245.90137 0.009481
2246.00806 0.009449
2246.11475 0.00942
2246.22144 0.009391
2246.32837 0.009364
2246.43506 0.009337
2246.54175 0.009312
2246.64844 0.009287
2246.75537 0.009263
2246.86206 0.009239
2246.96875 0.009216
2247.07568 0.009193
2247.18237 0.00917
2247.28906 0.009147
2247.39575 0.009124
2247.50269 0.0091
2247.60938 0.009076
2247.71606 0.009051
2247.82275 0.009025
2247.92969 0.008999
2248.03638 0.008971
2248.14307 0.008943
2248.24976 0.008913
2248.35669 0.008882
2248.46338 0.00885
2248.57007 0.008817
2248.67676 0.008784
2248.78369 0.00875
2248.89038 0.008715
2248.99707 0.00868
2249.10376 0.008645
2249.21069 0.00861
2249.31738 0.008574
2249.42407 0.008538
2249.53076 0.008502
2249.63770 0.008465
2249.74438 0.008428
2249.85107 0.008391
2249.95801 0.008354
2250.06470 0.008316
2250.17139 0.008277
2250.27808 0.008238
2250.38501 0.008198
2250.49170 0.008158
2250.59839 0.008117
2250.70508 0.008074
2250.81201 0.008031
2250.91870 0.007986
2251.02539 0.00794
2251.13208 0.007892
2251.23901 0.007843
2251.34570 0.007793
2251.45239 0.007742
2251.55908 0.00769
2251.66602 0.007638
2251.77271 0.007585
2251.87939 0.007532
2251.98608 0.007479
2252.09302 0.007427
2252.19971 0.007375
2252.30640 0.007324
2252.41333 0.007273
2252.52002 0.007223
2252.62671 0.007173
2252.73340 0.007123
2252.84033 0.007074
2252.94702 0.007025
2253.05371 0.006977
2253.16040 0.006929
2253.26733 0.006881
2253.37402 0.006832
2253.48071 0.006783
2253.58740 0.006733
2253.69434 0.006681
2253.80103 0.006627
2253.90771 0.006571
2254.01440 0.006513
2254.12134 0.006451
2254.22803 0.006387
2254.33472 0.006322
2254.44141 0.006256
2254.54834 0.006191
2254.65503 0.006129
2254.76172 0.006069
2254.86865 0.006015
2254.97534 0.005966
2255.08203 0.005923
2255.18872 0.005889
2255.29565 0.005862
2255.40234 0.005841
2255.50903 0.005826
2255.61572 0.005815
2255.72266 0.005807
2255.82935 0.005803
2255.93604 0.0058
2256.04272 0.005799
2256.14966 0.005798
2481.76465 0.0
