threeML/data/optical_filters/TD1/SPEC-F2360.ecsv
# %ECSV 0.9
# ---
# datatype:
# - {name: wavelength, unit: Angstrom, datatype: float32}
# - {name: response, datatype: float32}
# meta: !!omap
# - {band_name: F2360}
# - {group_name: SPEC}
wavelength response
2076.24707 0.0
2306.94116 0.010058
2307.04810 0.010124
2307.15479 0.01019
2307.26147 0.010256
2307.36816 0.010321
2307.47510 0.010387
2307.58179 0.010453
2307.68848 0.01052
2307.79517 0.010587
2307.90210 0.010655
2308.00879 0.010725
2308.11548 0.010795
2308.22241 0.010868
2308.32910 0.010941
2308.43579 0.011015
2308.54248 0.011089
2308.64941 0.011163
2308.75610 0.011236
2308.86279 0.011308
2308.96948 0.011378
2309.07642 0.011447
2309.18311 0.011514
2309.28979 0.011578
2309.39648 0.011642
2309.50342 0.011704
2309.61011 0.011765
2309.71680 0.011827
2309.82349 0.011888
2309.93042 0.01195
2310.03711 0.012013
2310.14380 0.012078
2310.25049 0.012143
2310.35742 0.01221
2310.46411 0.012277
2310.57080 0.012345
2310.67773 0.012412
2310.78442 0.012478
2310.89111 0.012543
2310.99780 0.012607
2311.10474 0.012669
2311.21143 0.012729
2311.31812 0.012787
2311.42480 0.012843
2311.53174 0.012899
2311.63843 0.012953
2311.74512 0.013007
2311.85181 0.01306
2311.95874 0.013114
2312.06543 0.013168
2312.17212 0.013222
2312.27881 0.013278
2312.38574 0.013334
2312.49243 0.013391
2312.59912 0.013448
2312.70581 0.013507
2312.81274 0.013566
2312.91943 0.013626
2313.02612 0.013687
2313.13281 0.013749
2313.23975 0.013812
2313.34644 0.013875
2313.45312 0.013939
2313.56006 0.014004
2313.66675 0.014069
2313.77344 0.014134
2313.88013 0.014199
2313.98706 0.014265
2314.09375 0.01433
2314.20044 0.014395
2314.30713 0.014461
2314.41406 0.014526
2314.52075 0.014592
2314.62744 0.014658
2314.73413 0.014724
2314.84106 0.014791
2314.94775 0.014859
2315.05444 0.014927
2315.16113 0.014997
2315.26807 0.015067
2315.37476 0.015139
2315.48145 0.015213
2315.58813 0.01529
2315.69507 0.015368
2315.80176 0.01545
2315.90845 0.015535
2316.01538 0.015624
2316.12207 0.015716
2316.22876 0.015813
2316.33545 0.015913
2316.44238 0.016016
2316.54907 0.016121
2316.65576 0.016229
2316.76245 0.016339
2316.86938 0.01645
2316.97607 0.016562
2317.08276 0.016675
2317.18945 0.016787
2317.29639 0.0169
2317.40308 0.017013
2317.50977 0.017127
2317.61646 0.017242
2317.72339 0.017357
2317.83008 0.017474
2317.93677 0.017592
2318.04346 0.017711
2318.15039 0.017831
2318.25708 0.017954
2318.36377 0.018079
2318.47046 0.018206
2318.57739 0.018337
2318.68408 0.018472
2318.79077 0.01861
2318.89771 0.018754
2319.00439 0.018902
2319.11108 0.019056
2319.21777 0.019215
2319.32471 0.019379
2319.43140 0.019548
2319.53809 0.019719
2319.64478 0.019894
2319.75171 0.02007
2319.85840 0.020247
2319.96509 0.020425
2320.07178 0.020602
2320.17871 0.020778
2320.28540 0.020953
2320.39209 0.021128
2320.49878 0.021302
2320.60571 0.021477
2320.71240 0.021651
2320.81909 0.021825
2320.92578 0.022
2321.03271 0.022176
2321.13940 0.022353
2321.24609 0.022531
2321.35303 0.022712
2321.45972 0.022897
2321.56641 0.023086
2321.67310 0.023281
2321.78003 0.023482
2321.88672 0.02369
2321.99341 0.023907
2322.10010 0.024133
2322.20703 0.024368
2322.31372 0.024612
2322.42041 0.024862
2322.52710 0.025119
2322.63403 0.02538
2322.74072 0.025644
2322.84741 0.02591
2322.95410 0.026176
2323.06104 0.026441
2323.16772 0.026705
2323.27441 0.026969
2323.38110 0.027234
2323.48804 0.027504
2323.59473 0.02778
2323.70142 0.028064
2323.80835 0.02836
2323.91504 0.028669
2324.02173 0.028993
2324.12842 0.029334
2324.23535 0.029694
2324.34204 0.030069
2324.44873 0.030459
2324.55542 0.030862
2324.66235 0.031275
2324.76904 0.031698
2324.87573 0.032127
2324.98242 0.032562
2325.08936 0.033001
2325.19604 0.033443
2325.30273 0.033887
2325.40942 0.034335
2325.51636 0.034789
2325.62305 0.035247
2325.72974 0.035712
2325.83643 0.036185
2325.94336 0.036665
2326.05005 0.037154
2326.15674 0.037653
2326.26343 0.038164
2326.37036 0.038688
2326.47705 0.039228
2326.58374 0.039786
2326.69067 0.040364
2326.79736 0.040965
2326.90405 0.041589
2327.01074 0.042241
2327.11768 0.042921
2327.22437 0.04363
2327.33105 0.044363
2327.43774 0.045118
2327.54468 0.045891
2327.65137 0.046679
2327.75806 0.047477
2327.86475 0.048283
2327.97168 0.049092
2328.07837 0.049902
2328.18506 0.050709
2328.29175 0.051514
2328.39868 0.052317
2328.50537 0.05312
2328.61206 0.053923
2328.71875 0.054728
2328.82568 0.055536
2328.93237 0.056346
2329.03906 0.057161
2329.14600 0.057982
2329.25269 0.058811
2329.35938 0.059654
2329.46606 0.060515
2329.57300 0.061399
2329.67969 0.062311
2329.78638 0.063256
2329.89307 0.064239
2330.00000 0.065265
2330.10669 0.066337
2330.21338 0.067459
2330.32007 0.068627
2330.42700 0.069839
2330.53369 0.071091
2330.64038 0.07238
2330.74707 0.073702
2330.85400 0.075055
2330.96069 0.076434
2331.06738 0.077838
2331.17407 0.079263
2331.28101 0.080711
2331.38770 0.082183
2331.49438 0.083682
2331.60132 0.085209
2331.70801 0.086767
2331.81470 0.088357
2331.92139 0.089982
2332.02832 0.091644
2332.13501 0.093345
2332.24170 0.09509
2332.34839 0.096889
2332.45532 0.098749
2332.56201 0.10068
2332.66870 0.102689
2332.77539 0.104786
2332.88232 0.106979
2332.98901 0.109276
2333.09570 0.111686
2333.20239 0.114212
2333.30933 0.116843
2333.41602 0.119568
2333.52271 0.122375
2333.62939 0.125251
2333.73633 0.128184
2333.84302 0.131163
2333.94971 0.134175
2334.05640 0.137208
2334.16333 0.140252
2334.27002 0.143307
2334.37671 0.146377
2334.48364 0.149466
2334.59033 0.152578
2334.69702 0.155717
2334.80371 0.158888
2334.91064 0.162096
2335.01733 0.165343
2335.12402 0.168636
2335.23071 0.171981
2335.33765 0.175391
2335.44434 0.17888
2335.55103 0.182459
2335.65771 0.186141
2335.76465 0.18994
2335.87134 0.193868
2335.97803 0.197937
2336.08472 0.202161
2336.19165 0.206543
2336.29834 0.21106
2336.40503 0.215683
2336.51172 0.220384
2336.61865 0.225134
2336.72534 0.229905
2336.83203 0.234669
2336.93896 0.239396
2337.04565 0.244059
2337.15234 0.248632
2337.25903 0.253126
2337.36597 0.257571
2337.47266 0.261994
2337.57935 0.266427
2337.68604 0.270899
2337.79297 0.27544
2337.89966 0.280078
2338.00635 0.284844
2338.11304 0.289767
2338.21997 0.294852
2338.32666 0.300072
2338.43335 0.305395
2338.54004 0.310791
2338.64697 0.316228
2338.75366 0.321676
2338.86035 0.327104
2338.96704 0.332481
2339.07397 0.337776
2339.18066 0.342965
2339.28735 0.348052
2339.39429 0.353049
2339.50098 0.357967
2339.60767 0.362818
2339.71436 0.367613
2339.82129 0.372364
2339.92798 0.377081
2340.03467 0.381778
2340.14136 0.386464
2340.24829 0.391153
2340.35498 0.395856
2340.46167 0.400586
2340.56836 0.405357
2340.67529 0.41018
2340.78198 0.415067
2340.88867 0.420033
2340.99536 0.425088
2341.10229 0.430245
2341.20898 0.435507
2341.31567 0.440851
2341.42236 0.446256
2341.52930 0.451698
2341.63599 0.457155
2341.74268 0.462603
2341.84937 0.468021
2341.95630 0.473384
2342.06299 0.478671
2342.16968 0.483862
2342.27661 0.488961
2342.38330 0.493981
2342.48999 0.498932
2342.59668 0.503827
2342.70361 0.508678
2342.81030 0.513495
2342.91699 0.518292
2343.02368 0.52308
2343.13062 0.527871
2343.23730 0.532674
2343.34399 0.537499
2343.45068 0.542354
2343.55762 0.547248
2343.66431 0.55219
2343.77100 0.557188
2343.87769 0.562251
2343.98462 0.567387
2344.09131 0.572605
2344.19800 0.577906
2344.30469 0.583264
2344.41162 0.588654
2344.51831 0.594048
2344.62500 0.59942
2344.73193 0.604742
2344.83862 0.609987
2344.94531 0.615128
2345.05200 0.620139
2345.15894 0.624995
2345.26562 0.6297
2345.37231 0.634269
2345.47900 0.638719
2345.58594 0.643064
2345.69263 0.647321
2345.79932 0.651504
2345.90601 0.655631
2346.01294 0.659716
2346.11963 0.663775
2346.22632 0.667825
2346.33301 0.671883
2346.43994 0.675968
2346.54663 0.680097
2346.65332 0.684288
2346.76001 0.688559
2346.86694 0.692928
2346.97363 0.697413
2347.08032 0.702031
2347.18726 0.706792
2347.29395 0.711673
2347.40063 0.716646
2347.50732 0.721684
2347.61426 0.726758
2347.72095 0.731839
2347.82764 0.7369
2347.93433 0.741912
2348.04126 0.746846
2348.14795 0.751678
2348.25464 0.756415
2348.36133 0.761082
2348.46826 0.765707
2348.57495 0.770317
2348.68164 0.774937
2348.78833 0.779595
2348.89526 0.784318
2349.00195 0.789133
2349.10864 0.794065
2349.21533 0.79912
2349.32227 0.804268
2349.42896 0.809477
2349.53564 0.814714
2349.64233 0.819945
2349.74927 0.825139
2349.85596 0.830263
2349.96265 0.835284
2350.06958 0.840169
2350.17627 0.844892
2350.28296 0.849456
2350.38965 0.853875
2350.49658 0.858159
2350.60327 0.862321
2350.70996 0.866373
2350.81665 0.870327
2350.92358 0.874195
2351.03027 0.877989
2351.13696 0.881722
2351.24365 0.885395
2351.35059 0.889006
2351.45728 0.892552
2351.56396 0.896028
2351.67065 0.899431
2351.77759 0.902759
2351.88428 0.906006
2351.99097 0.909171
2352.09766 0.912248
2352.20459 0.915235
2352.31128 0.918127
2352.41797 0.920917
2352.52490 0.923602
2352.63159 0.926175
2352.73828 0.928633
2352.84497 0.930969
2352.95190 0.933179
2353.05859 0.935257
2353.16528 0.937201
2353.27197 0.939021
2353.37891 0.940732
2353.48560 0.94235
2353.59229 0.943891
2353.69897 0.945369
2353.80591 0.946802
2353.91260 0.948204
2354.01929 0.949591
2354.12598 0.950978
2354.23291 0.952374
2354.33960 0.953779
2354.44629 0.955196
2354.55298 0.956624
2354.65991 0.958065
2354.76660 0.95952
2354.87329 0.96099
2354.98022 0.962475
2355.08691 0.963977
2355.19360 0.965495
2355.30029 0.96702
2355.40723 0.968546
2355.51392 0.970063
2355.62061 0.971563
2355.72729 0.973038
2355.83423 0.97448
2355.94092 0.97588
2356.04761 0.977231
2356.15430 0.978524
2356.26123 0.979758
2356.36792 0.980938
2356.47461 0.982066
2356.58130 0.983145
2356.68823 0.984178
2356.79492 0.985168
2356.90161 0.986119
2357.00830 0.987032
2357.11523 0.987912
2357.22192 0.98876
2357.32861 0.989578
2357.43530 0.990364
2357.54224 0.991121
2357.64893 0.991848
2357.75562 0.992546
2357.86255 0.993216
2357.96924 0.993858
2358.07593 0.994472
2358.18262 0.99506
2358.28955 0.995619
2358.39624 0.996148
2358.50293 0.996646
2358.60962 0.997111
2358.71655 0.997542
2358.82324 0.997937
2358.92993 0.998294
2359.03662 0.998612
2359.14355 0.998891
2359.25024 0.99913
2359.35693 0.999333
2359.46362 0.999502
2359.57056 0.999641
2359.67725 0.999753
2359.78394 0.99984
2359.89062 0.999906
2359.99756 0.999952
2360.10425 0.999983
2360.21094 0.999999
2360.31787 1.0
2360.42456 0.999984
2360.53125 0.99995
2360.63794 0.999896
2360.74487 0.999821
2360.85156 0.999724
2360.95825 0.999603
2361.06494 0.999457
2361.17188 0.999286
2361.27856 0.999089
2361.38525 0.998867
2361.49194 0.998621
2361.59888 0.998353
2361.70557 0.998064
2361.81226 0.997753
2361.91895 0.997423
2362.02588 0.997074
2362.13257 0.996706
2362.23926 0.99632
2362.34595 0.99591
2362.45288 0.995475
2362.55957 0.995009
2362.66626 0.994511
2362.77319 0.993976
2362.87988 0.9934
2362.98657 0.992781
2363.09326 0.992115
2363.20020 0.9914
2363.30688 0.990638
2363.41357 0.989833
2363.52026 0.988987
2363.62720 0.988103
2363.73389 0.987183
2363.84058 0.986232
2363.94727 0.985251
2364.05420 0.984244
2364.16089 0.983212
2364.26758 0.982157
2364.37427 0.981077
2364.48120 0.979971
2364.58789 0.978838
2364.69458 0.977676
2364.80127 0.976486
2364.90820 0.975265
2365.01489 0.974014
2365.12158 0.97273
2365.22827 0.971411
2365.33521 0.970053
2365.44189 0.968649
2365.54858 0.967197
2365.65552 0.965689
2365.76221 0.964122
2365.86890 0.962491
2365.97559 0.960791
2366.08252 0.959016
2366.18921 0.957166
2366.29590 0.955248
2366.40259 0.953274
2366.50952 0.951252
2366.61621 0.949194
2366.72290 0.947111
2366.82959 0.945012
2366.93652 0.942908
2367.04321 0.940809
2367.14990 0.938725
2367.25659 0.936656
2367.36353 0.934596
2367.47021 0.932538
2367.57690 0.930477
2367.68359 0.928407
2367.79053 0.926323
2367.89722 0.924218
2368.00391 0.922087
2368.11084 0.919922
2368.21753 0.917711
2368.32422 0.915425
2368.43091 0.913035
2368.53784 0.910513
2368.64453 0.907829
2368.75122 0.904954
2368.85791 0.901861
2368.96484 0.898519
2369.07153 0.894901
2369.17822 0.890986
2369.28491 0.886796
2369.39185 0.882361
2369.49854 0.877714
2369.60522 0.872886
2369.71191 0.867908
2369.81885 0.862812
2369.92554 0.857629
2370.03223 0.852391
2370.13892 0.847128
2370.24585 0.841855
2370.35254 0.836573
2370.45923 0.831285
2370.56592 0.825992
2370.67285 0.820696
2370.77954 0.815398
2370.88623 0.810101
2370.99316 0.804807
2371.09985 0.799517
2371.20654 0.79423
2371.31323 0.788942
2371.42017 0.783646
2371.52686 0.778337
2371.63354 0.773009
2371.74023 0.767655
2371.84717 0.762272
2371.95386 0.756851
2372.06055 0.751388
2372.16724 0.74588
2372.27417 0.740341
2372.38086 0.734789
2372.48755 0.729244
2372.59424 0.723726
2372.70117 0.718255
2372.80786 0.71285
2372.91455 0.707531
2373.02124 0.702317
2373.12817 0.697227
2373.23486 0.692263
2373.34155 0.68741
2373.44849 0.682653
2373.55518 0.677977
2373.66187 0.673365
2373.76855 0.668804
2373.87549 0.664277
2373.98218 0.659768
2374.08887 0.655263
2374.19556 0.650747
2374.30249 0.646207
2374.40918 0.641628
2374.51587 0.636998
2374.62256 0.632304
2374.72949 0.627533
2374.83618 0.622671
2374.94287 0.617705
2375.04956 0.612623
2375.15649 0.607413
2375.26318 0.602096
2375.36987 0.596701
2375.47656 0.591262
2375.58350 0.585811
2375.69019 0.580378
2375.79688 0.574997
2375.90381 0.569698
2376.01050 0.564514
2376.11719 0.559477
2376.22388 0.55459
2376.33081 0.549826
2376.43750 0.545154
2376.54419 0.540542
2376.65088 0.53596
2376.75781 0.531378
2376.86450 0.526764
2376.97119 0.522087
2377.07788 0.517317
2377.18481 0.512434
2377.29150 0.507456
2377.39819 0.50241
2377.50488 0.497322
2377.61182 0.49222
2377.71851 0.487131
2377.82520 0.482082
2377.93188 0.477099
2378.03882 0.472209
2378.14551 0.467438
2378.25220 0.462786
2378.35889 0.458241
2378.46582 0.45379
2378.57251 0.449418
2378.67920 0.445114
2378.78613 0.440863
2378.89282 0.436652
2378.99951 0.432468
2379.10620 0.428297
2379.21313 0.424127
2379.31982 0.419948
2379.42651 0.415746
2379.53320 0.411513
2379.64014 0.407236
2379.74683 0.402905
2379.85352 0.398509
2379.96021 0.394036
2380.06714 0.389476
2380.17383 0.384822
2380.28052 0.380087
2380.38721 0.375292
2380.49414 0.370455
2380.60083 0.365598
2380.70752 0.36074
2380.81421 0.355901
2380.92114 0.351101
2381.02783 0.346359
2381.13452 0.341694
2381.24146 0.337109
2381.34814 0.332594
2381.45483 0.328137
2381.56152 0.323726
2381.66846 0.31935
2381.77515 0.314998
2381.88184 0.310658
2381.98853 0.30632
2382.09546 0.301971
2382.20215 0.297602
2382.30884 0.293205
2382.41553 0.28877
2382.52246 0.284292
2382.62915 0.279761
2382.73584 0.275169
2382.84253 0.27051
2382.94946 0.265775
2383.05615 0.260957
2383.16284 0.256049
2383.26953 0.251071
2383.37646 0.246048
2383.48315 0.241008
2383.58984 0.235975
2383.69678 0.230977
2383.80347 0.22604
2383.91016 0.22119
2384.01685 0.216455
2384.12378 0.211859
2384.23047 0.207412
2384.33716 0.203104
2384.44385 0.198926
2384.55078 0.194868
2384.65747 0.190919
2384.76416 0.187069
2384.87085 0.183308
2384.97778 0.179625
2385.08447 0.176011
2385.19116 0.172456
2385.29785 0.16895
2385.40479 0.165487
2385.51147 0.162059
2385.61816 0.158658
2385.72485 0.155276
2385.83179 0.151907
2385.93848 0.148543
2386.04517 0.145176
2386.15186 0.141802
2386.25879 0.138429
2386.36548 0.135073
2386.47217 0.131749
2386.57910 0.128473
2386.68579 0.125262
2386.79248 0.122128
2386.89917 0.119089
2387.00610 0.116157
2387.11279 0.113349
2387.21948 0.110668
2387.32617 0.108103
2387.43311 0.105646
2387.53979 0.103284
2387.64648 0.101006
2387.75317 0.098804
2387.86011 0.096666
2387.96680 0.094581
2388.07349 0.092541
2388.18018 0.090535
2388.28711 0.08856
2388.39380 0.086614
2388.50049 0.084694
2388.60718 0.082799
2388.71411 0.080925
2388.82080 0.079071
2388.92749 0.077233
2389.03442 0.07541
2389.14111 0.0736
2389.24780 0.071806
2389.35449 0.070035
2389.46143 0.068295
2389.56812 0.066594
2389.67480 0.06494
2389.78149 0.06334
2389.88843 0.061801
2389.99512 0.060332
2390.10181 0.05894
2390.20850 0.057627
2390.31543 0.056386
2390.42212 0.055209
2390.52881 0.054088
2390.63550 0.053013
2390.74243 0.051976
2390.84912 0.05097
2390.95581 0.049985
2391.06250 0.049014
2391.16943 0.048049
2391.27612 0.047093
2391.38281 0.046148
2391.48975 0.045221
2391.59644 0.044316
2391.70312 0.043437
2391.80981 0.042588
2391.91675 0.041774
2392.02344 0.041001
2392.13013 0.040271
2392.23682 0.039585
2392.34375 0.03894
2392.45044 0.03833
2392.55713 0.037754
2392.66382 0.037206
2392.77075 0.036682
2392.87744 0.036179
2392.98413 0.035693
2393.09082 0.035219
2393.19775 0.034755
2393.30444 0.034299
2393.41113 0.03385
2393.51782 0.033406
2393.62476 0.032966
2393.73145 0.032528
2393.83813 0.032092
2393.94482 0.031656
2394.05176 0.031219
2394.15845 0.030779
2394.26514 0.030337
2394.37207 0.029896
2394.47876 0.029456
2394.58545 0.029021
2394.69214 0.02859
2394.79907 0.028167
2394.90576 0.027753
2395.01245 0.027349
2395.11914 0.026958
2395.22607 0.026579
2395.33276 0.026212
2395.43945 0.025856
2395.54614 0.02551
2395.65308 0.025173
2395.75977 0.024842
2395.86646 0.024519
2395.97314 0.024201
2396.08008 0.023887
2396.18677 0.023576
2396.29346 0.023269
2396.40015 0.022963
2396.50708 0.022659
2396.61377 0.022357
2396.72046 0.022055
2396.82739 0.021753
2396.93408 0.021451
2397.04077 0.021147
2397.14746 0.020843
2397.25439 0.020537
2397.36108 0.020232
2397.46777 0.019929
2397.57446 0.019629
2397.68140 0.019334
2397.78809 0.019044
2397.89478 0.018761
2398.00146 0.018487
2398.10840 0.018222
2398.21509 0.017967
2398.32178 0.017721
2398.42847 0.017484
2398.53540 0.017255
2398.64209 0.017033
2398.74878 0.016817
2398.85547 0.016606
2398.96240 0.0164
2399.06909 0.016198
2399.17578 0.015999
2399.28271 0.015802
2399.38940 0.015609
2399.49609 0.015417
2399.60278 0.015227
2399.70972 0.015039
2399.81641 0.014852
2399.92310 0.014666
2400.02979 0.01448
2400.13672 0.014296
2400.24341 0.014112
2400.35010 0.01393
2400.45679 0.01375
2400.56372 0.013573
2400.67041 0.013401
2400.77710 0.013234
2400.88379 0.013073
2400.99072 0.012918
2401.09741 0.01277
2401.20410 0.012631
2401.31079 0.012498
2401.41772 0.012372
2401.52441 0.012251
2401.63110 0.012135
2401.73779 0.012022
2401.84473 0.011912
2401.95142 0.011805
2402.05811 0.011698
2402.16504 0.011592
2402.27173 0.011487
2402.37842 0.011383
2402.48511 0.01128
2402.59204 0.01118
2402.69873 0.011082
2402.80542 0.010988
2402.91211 0.010898
2403.01904 0.010812
2403.12573 0.010731
2403.23242 0.010655
2403.33911 0.010583
2403.44604 0.010516
2403.55273 0.010452
2403.65942 0.010391
2403.76611 0.010334
2403.87305 0.010279
2403.97974 0.010226
2404.08643 0.010175
2404.19312 0.010125
2404.30005 0.010077
2404.40674 0.01003
2404.51343 0.009984
2404.62036 0.009939
2404.72705 0.009896
2404.83374 0.009853
2404.94043 0.009812
2405.04736 0.009771
2405.15405 0.009731
2405.26074 0.009692
2405.36743 0.009654
2405.47437 0.009617
2405.58105 0.009581
2405.68774 0.009547
2405.79443 0.009513
2405.90137 0.009481
2406.00806 0.009449
2406.11475 0.00942
2406.22144 0.009391
2406.32837 0.009364
2406.43506 0.009337
2406.54175 0.009312
2406.64844 0.009287
2406.75537 0.009263
2406.86206 0.009239
2406.96875 0.009216
2407.07568 0.009193
2407.18237 0.00917
2407.28906 0.009147
2407.39575 0.009124
2407.50269 0.0091
2407.60938 0.009076
2407.71606 0.009051
2407.82275 0.009025
2407.92969 0.008999
2408.03638 0.008971
2408.14307 0.008943
2408.24976 0.008913
2408.35669 0.008882
2408.46338 0.00885
2408.57007 0.008817
2408.67676 0.008784
2408.78369 0.00875
2408.89038 0.008715
2408.99707 0.00868
2409.10376 0.008645
2409.21069 0.00861
2409.31738 0.008574
2409.42407 0.008538
2409.53076 0.008502
2409.63770 0.008465
2409.74438 0.008428
2409.85107 0.008391
2409.95801 0.008354
2410.06470 0.008316
2410.17139 0.008277
2410.27808 0.008238
2410.38501 0.008198
2410.49170 0.008158
2410.59839 0.008117
2410.70508 0.008074
2410.81201 0.008031
2410.91870 0.007986
2411.02539 0.00794
2411.13208 0.007892
2411.23901 0.007843
2411.34570 0.007793
2411.45239 0.007742
2411.55908 0.00769
2411.66602 0.007638
2411.77271 0.007585
2411.87939 0.007532
2411.98608 0.007479
2412.09302 0.007427
2412.19971 0.007375
2412.30640 0.007324
2412.41333 0.007273
2412.52002 0.007223
2412.62671 0.007173
2412.73340 0.007123
2412.84033 0.007074
2412.94702 0.007025
2413.05371 0.006977
2413.16040 0.006929
2413.26733 0.006881
2413.37402 0.006832
2413.48071 0.006783
2413.58740 0.006733
2413.69434 0.006681
2413.80103 0.006627
2413.90771 0.006571
2414.01440 0.006513
2414.12134 0.006451
2414.22803 0.006387
2414.33472 0.006322
2414.44141 0.006256
2414.54834 0.006191
2414.65503 0.006129
2414.76172 0.006069
2414.86865 0.006015
2414.97534 0.005966
2415.08203 0.005923
2415.18872 0.005889
2415.29565 0.005862
2415.40234 0.005841
2415.50903 0.005826
2415.61572 0.005815
2415.72266 0.005807
2415.82935 0.005803
2415.93604 0.0058
2416.04272 0.005799
2416.14966 0.005798
2657.76465 0.0
