threeML/data/optical_filters/TD1/SPEC-F2380.ecsv
# %ECSV 0.9
# ---
# datatype:
# - {name: wavelength, unit: Angstrom, datatype: float32}
# - {name: response, datatype: float32}
# meta: !!omap
# - {band_name: F2380}
# - {group_name: SPEC}
wavelength response
2094.24707 0.0
2326.94116 0.010058
2327.04810 0.010124
2327.15479 0.01019
2327.26147 0.010256
2327.36816 0.010321
2327.47510 0.010387
2327.58179 0.010453
2327.68848 0.01052
2327.79517 0.010587
2327.90210 0.010655
2328.00879 0.010725
2328.11548 0.010795
2328.22241 0.010868
2328.32910 0.010941
2328.43579 0.011015
2328.54248 0.011089
2328.64941 0.011163
2328.75610 0.011236
2328.86279 0.011308
2328.96948 0.011378
2329.07642 0.011447
2329.18311 0.011514
2329.28979 0.011578
2329.39648 0.011642
2329.50342 0.011704
2329.61011 0.011765
2329.71680 0.011827
2329.82349 0.011888
2329.93042 0.01195
2330.03711 0.012013
2330.14380 0.012078
2330.25049 0.012143
2330.35742 0.01221
2330.46411 0.012277
2330.57080 0.012345
2330.67773 0.012412
2330.78442 0.012478
2330.89111 0.012543
2330.99780 0.012607
2331.10474 0.012669
2331.21143 0.012729
2331.31812 0.012787
2331.42480 0.012843
2331.53174 0.012899
2331.63843 0.012953
2331.74512 0.013007
2331.85181 0.01306
2331.95874 0.013114
2332.06543 0.013168
2332.17212 0.013222
2332.27881 0.013278
2332.38574 0.013334
2332.49243 0.013391
2332.59912 0.013448
2332.70581 0.013507
2332.81274 0.013566
2332.91943 0.013626
2333.02612 0.013687
2333.13281 0.013749
2333.23975 0.013812
2333.34644 0.013875
2333.45312 0.013939
2333.56006 0.014004
2333.66675 0.014069
2333.77344 0.014134
2333.88013 0.014199
2333.98706 0.014265
2334.09375 0.01433
2334.20044 0.014395
2334.30713 0.014461
2334.41406 0.014526
2334.52075 0.014592
2334.62744 0.014658
2334.73413 0.014724
2334.84106 0.014791
2334.94775 0.014859
2335.05444 0.014927
2335.16113 0.014997
2335.26807 0.015067
2335.37476 0.015139
2335.48145 0.015213
2335.58813 0.01529
2335.69507 0.015368
2335.80176 0.01545
2335.90845 0.015535
2336.01538 0.015624
2336.12207 0.015716
2336.22876 0.015813
2336.33545 0.015913
2336.44238 0.016016
2336.54907 0.016121
2336.65576 0.016229
2336.76245 0.016339
2336.86938 0.01645
2336.97607 0.016562
2337.08276 0.016675
2337.18945 0.016787
2337.29639 0.0169
2337.40308 0.017013
2337.50977 0.017127
2337.61646 0.017242
2337.72339 0.017357
2337.83008 0.017474
2337.93677 0.017592
2338.04346 0.017711
2338.15039 0.017831
2338.25708 0.017954
2338.36377 0.018079
2338.47046 0.018206
2338.57739 0.018337
2338.68408 0.018472
2338.79077 0.01861
2338.89771 0.018754
2339.00439 0.018902
2339.11108 0.019056
2339.21777 0.019215
2339.32471 0.019379
2339.43140 0.019548
2339.53809 0.019719
2339.64478 0.019894
2339.75171 0.02007
2339.85840 0.020247
2339.96509 0.020425
2340.07178 0.020602
2340.17871 0.020778
2340.28540 0.020953
2340.39209 0.021128
2340.49878 0.021302
2340.60571 0.021477
2340.71240 0.021651
2340.81909 0.021825
2340.92578 0.022
2341.03271 0.022176
2341.13940 0.022353
2341.24609 0.022531
2341.35303 0.022712
2341.45972 0.022897
2341.56641 0.023086
2341.67310 0.023281
2341.78003 0.023482
2341.88672 0.02369
2341.99341 0.023907
2342.10010 0.024133
2342.20703 0.024368
2342.31372 0.024612
2342.42041 0.024862
2342.52710 0.025119
2342.63403 0.02538
2342.74072 0.025644
2342.84741 0.02591
2342.95410 0.026176
2343.06104 0.026441
2343.16772 0.026705
2343.27441 0.026969
2343.38110 0.027234
2343.48804 0.027504
2343.59473 0.02778
2343.70142 0.028064
2343.80835 0.02836
2343.91504 0.028669
2344.02173 0.028993
2344.12842 0.029334
2344.23535 0.029694
2344.34204 0.030069
2344.44873 0.030459
2344.55542 0.030862
2344.66235 0.031275
2344.76904 0.031698
2344.87573 0.032127
2344.98242 0.032562
2345.08936 0.033001
2345.19604 0.033443
2345.30273 0.033887
2345.40942 0.034335
2345.51636 0.034789
2345.62305 0.035247
2345.72974 0.035712
2345.83643 0.036185
2345.94336 0.036665
2346.05005 0.037154
2346.15674 0.037653
2346.26343 0.038164
2346.37036 0.038688
2346.47705 0.039228
2346.58374 0.039786
2346.69067 0.040364
2346.79736 0.040965
2346.90405 0.041589
2347.01074 0.042241
2347.11768 0.042921
2347.22437 0.04363
2347.33105 0.044363
2347.43774 0.045118
2347.54468 0.045891
2347.65137 0.046679
2347.75806 0.047477
2347.86475 0.048283
2347.97168 0.049092
2348.07837 0.049902
2348.18506 0.050709
2348.29175 0.051514
2348.39868 0.052317
2348.50537 0.05312
2348.61206 0.053923
2348.71875 0.054728
2348.82568 0.055536
2348.93237 0.056346
2349.03906 0.057161
2349.14600 0.057982
2349.25269 0.058811
2349.35938 0.059654
2349.46606 0.060515
2349.57300 0.061399
2349.67969 0.062311
2349.78638 0.063256
2349.89307 0.064239
2350.00000 0.065265
2350.10669 0.066337
2350.21338 0.067459
2350.32007 0.068627
2350.42700 0.069839
2350.53369 0.071091
2350.64038 0.07238
2350.74707 0.073702
2350.85400 0.075055
2350.96069 0.076434
2351.06738 0.077838
2351.17407 0.079263
2351.28101 0.080711
2351.38770 0.082183
2351.49438 0.083682
2351.60132 0.085209
2351.70801 0.086767
2351.81470 0.088357
2351.92139 0.089982
2352.02832 0.091644
2352.13501 0.093345
2352.24170 0.09509
2352.34839 0.096889
2352.45532 0.098749
2352.56201 0.10068
2352.66870 0.102689
2352.77539 0.104786
2352.88232 0.106979
2352.98901 0.109276
2353.09570 0.111686
2353.20239 0.114212
2353.30933 0.116843
2353.41602 0.119568
2353.52271 0.122375
2353.62939 0.125251
2353.73633 0.128184
2353.84302 0.131163
2353.94971 0.134175
2354.05640 0.137208
2354.16333 0.140252
2354.27002 0.143307
2354.37671 0.146377
2354.48364 0.149466
2354.59033 0.152578
2354.69702 0.155717
2354.80371 0.158888
2354.91064 0.162096
2355.01733 0.165343
2355.12402 0.168636
2355.23071 0.171981
2355.33765 0.175391
2355.44434 0.17888
2355.55103 0.182459
2355.65771 0.186141
2355.76465 0.18994
2355.87134 0.193868
2355.97803 0.197937
2356.08472 0.202161
2356.19165 0.206543
2356.29834 0.21106
2356.40503 0.215683
2356.51172 0.220384
2356.61865 0.225134
2356.72534 0.229905
2356.83203 0.234669
2356.93896 0.239396
2357.04565 0.244059
2357.15234 0.248632
2357.25903 0.253126
2357.36597 0.257571
2357.47266 0.261994
2357.57935 0.266427
2357.68604 0.270899
2357.79297 0.27544
2357.89966 0.280078
2358.00635 0.284844
2358.11304 0.289767
2358.21997 0.294852
2358.32666 0.300072
2358.43335 0.305395
2358.54004 0.310791
2358.64697 0.316228
2358.75366 0.321676
2358.86035 0.327104
2358.96704 0.332481
2359.07397 0.337776
2359.18066 0.342965
2359.28735 0.348052
2359.39429 0.353049
2359.50098 0.357967
2359.60767 0.362818
2359.71436 0.367613
2359.82129 0.372364
2359.92798 0.377081
2360.03467 0.381778
2360.14136 0.386464
2360.24829 0.391153
2360.35498 0.395856
2360.46167 0.400586
2360.56836 0.405357
2360.67529 0.41018
2360.78198 0.415067
2360.88867 0.420033
2360.99536 0.425088
2361.10229 0.430245
2361.20898 0.435507
2361.31567 0.440851
2361.42236 0.446256
2361.52930 0.451698
2361.63599 0.457155
2361.74268 0.462603
2361.84937 0.468021
2361.95630 0.473384
2362.06299 0.478671
2362.16968 0.483862
2362.27661 0.488961
2362.38330 0.493981
2362.48999 0.498932
2362.59668 0.503827
2362.70361 0.508678
2362.81030 0.513495
2362.91699 0.518292
2363.02368 0.52308
2363.13062 0.527871
2363.23730 0.532674
2363.34399 0.537499
2363.45068 0.542354
2363.55762 0.547248
2363.66431 0.55219
2363.77100 0.557188
2363.87769 0.562251
2363.98462 0.567387
2364.09131 0.572605
2364.19800 0.577906
2364.30469 0.583264
2364.41162 0.588654
2364.51831 0.594048
2364.62500 0.59942
2364.73193 0.604742
2364.83862 0.609987
2364.94531 0.615128
2365.05200 0.620139
2365.15894 0.624995
2365.26562 0.6297
2365.37231 0.634269
2365.47900 0.638719
2365.58594 0.643064
2365.69263 0.647321
2365.79932 0.651504
2365.90601 0.655631
2366.01294 0.659716
2366.11963 0.663775
2366.22632 0.667825
2366.33301 0.671883
2366.43994 0.675968
2366.54663 0.680097
2366.65332 0.684288
2366.76001 0.688559
2366.86694 0.692928
2366.97363 0.697413
2367.08032 0.702031
2367.18726 0.706792
2367.29395 0.711673
2367.40063 0.716646
2367.50732 0.721684
2367.61426 0.726758
2367.72095 0.731839
2367.82764 0.7369
2367.93433 0.741912
2368.04126 0.746846
2368.14795 0.751678
2368.25464 0.756415
2368.36133 0.761082
2368.46826 0.765707
2368.57495 0.770317
2368.68164 0.774937
2368.78833 0.779595
2368.89526 0.784318
2369.00195 0.789133
2369.10864 0.794065
2369.21533 0.79912
2369.32227 0.804268
2369.42896 0.809477
2369.53564 0.814714
2369.64233 0.819945
2369.74927 0.825139
2369.85596 0.830263
2369.96265 0.835284
2370.06958 0.840169
2370.17627 0.844892
2370.28296 0.849456
2370.38965 0.853875
2370.49658 0.858159
2370.60327 0.862321
2370.70996 0.866373
2370.81665 0.870327
2370.92358 0.874195
2371.03027 0.877989
2371.13696 0.881722
2371.24365 0.885395
2371.35059 0.889006
2371.45728 0.892552
2371.56396 0.896028
2371.67065 0.899431
2371.77759 0.902759
2371.88428 0.906006
2371.99097 0.909171
2372.09766 0.912248
2372.20459 0.915235
2372.31128 0.918127
2372.41797 0.920917
2372.52490 0.923602
2372.63159 0.926175
2372.73828 0.928633
2372.84497 0.930969
2372.95190 0.933179
2373.05859 0.935257
2373.16528 0.937201
2373.27197 0.939021
2373.37891 0.940732
2373.48560 0.94235
2373.59229 0.943891
2373.69897 0.945369
2373.80591 0.946802
2373.91260 0.948204
2374.01929 0.949591
2374.12598 0.950978
2374.23291 0.952374
2374.33960 0.953779
2374.44629 0.955196
2374.55298 0.956624
2374.65991 0.958065
2374.76660 0.95952
2374.87329 0.96099
2374.98022 0.962475
2375.08691 0.963977
2375.19360 0.965495
2375.30029 0.96702
2375.40723 0.968546
2375.51392 0.970063
2375.62061 0.971563
2375.72729 0.973038
2375.83423 0.97448
2375.94092 0.97588
2376.04761 0.977231
2376.15430 0.978524
2376.26123 0.979758
2376.36792 0.980938
2376.47461 0.982066
2376.58130 0.983145
2376.68823 0.984178
2376.79492 0.985168
2376.90161 0.986119
2377.00830 0.987032
2377.11523 0.987912
2377.22192 0.98876
2377.32861 0.989578
2377.43530 0.990364
2377.54224 0.991121
2377.64893 0.991848
2377.75562 0.992546
2377.86255 0.993216
2377.96924 0.993858
2378.07593 0.994472
2378.18262 0.99506
2378.28955 0.995619
2378.39624 0.996148
2378.50293 0.996646
2378.60962 0.997111
2378.71655 0.997542
2378.82324 0.997937
2378.92993 0.998294
2379.03662 0.998612
2379.14355 0.998891
2379.25024 0.99913
2379.35693 0.999333
2379.46362 0.999502
2379.57056 0.999641
2379.67725 0.999753
2379.78394 0.99984
2379.89062 0.999906
2379.99756 0.999952
2380.10425 0.999983
2380.21094 0.999999
2380.31787 1.0
2380.42456 0.999984
2380.53125 0.99995
2380.63794 0.999896
2380.74487 0.999821
2380.85156 0.999724
2380.95825 0.999603
2381.06494 0.999457
2381.17188 0.999286
2381.27856 0.999089
2381.38525 0.998867
2381.49194 0.998621
2381.59888 0.998353
2381.70557 0.998064
2381.81226 0.997753
2381.91895 0.997423
2382.02588 0.997074
2382.13257 0.996706
2382.23926 0.99632
2382.34595 0.99591
2382.45288 0.995475
2382.55957 0.995009
2382.66626 0.994511
2382.77319 0.993976
2382.87988 0.9934
2382.98657 0.992781
2383.09326 0.992115
2383.20020 0.9914
2383.30688 0.990638
2383.41357 0.989833
2383.52026 0.988987
2383.62720 0.988103
2383.73389 0.987183
2383.84058 0.986232
2383.94727 0.985251
2384.05420 0.984244
2384.16089 0.983212
2384.26758 0.982157
2384.37427 0.981077
2384.48120 0.979971
2384.58789 0.978838
2384.69458 0.977676
2384.80127 0.976486
2384.90820 0.975265
2385.01489 0.974014
2385.12158 0.97273
2385.22827 0.971411
2385.33521 0.970053
2385.44189 0.968649
2385.54858 0.967197
2385.65552 0.965689
2385.76221 0.964122
2385.86890 0.962491
2385.97559 0.960791
2386.08252 0.959016
2386.18921 0.957166
2386.29590 0.955248
2386.40259 0.953274
2386.50952 0.951252
2386.61621 0.949194
2386.72290 0.947111
2386.82959 0.945012
2386.93652 0.942908
2387.04321 0.940809
2387.14990 0.938725
2387.25659 0.936656
2387.36353 0.934596
2387.47021 0.932538
2387.57690 0.930477
2387.68359 0.928407
2387.79053 0.926323
2387.89722 0.924218
2388.00391 0.922087
2388.11084 0.919922
2388.21753 0.917711
2388.32422 0.915425
2388.43091 0.913035
2388.53784 0.910513
2388.64453 0.907829
2388.75122 0.904954
2388.85791 0.901861
2388.96484 0.898519
2389.07153 0.894901
2389.17822 0.890986
2389.28491 0.886796
2389.39185 0.882361
2389.49854 0.877714
2389.60522 0.872886
2389.71191 0.867908
2389.81885 0.862812
2389.92554 0.857629
2390.03223 0.852391
2390.13892 0.847128
2390.24585 0.841855
2390.35254 0.836573
2390.45923 0.831285
2390.56592 0.825992
2390.67285 0.820696
2390.77954 0.815398
2390.88623 0.810101
2390.99316 0.804807
2391.09985 0.799517
2391.20654 0.79423
2391.31323 0.788942
2391.42017 0.783646
2391.52686 0.778337
2391.63354 0.773009
2391.74023 0.767655
2391.84717 0.762272
2391.95386 0.756851
2392.06055 0.751388
2392.16724 0.74588
2392.27417 0.740341
2392.38086 0.734789
2392.48755 0.729244
2392.59424 0.723726
2392.70117 0.718255
2392.80786 0.71285
2392.91455 0.707531
2393.02124 0.702317
2393.12817 0.697227
2393.23486 0.692263
2393.34155 0.68741
2393.44849 0.682653
2393.55518 0.677977
2393.66187 0.673365
2393.76855 0.668804
2393.87549 0.664277
2393.98218 0.659768
2394.08887 0.655263
2394.19556 0.650747
2394.30249 0.646207
2394.40918 0.641628
2394.51587 0.636998
2394.62256 0.632304
2394.72949 0.627533
2394.83618 0.622671
2394.94287 0.617705
2395.04956 0.612623
2395.15649 0.607413
2395.26318 0.602096
2395.36987 0.596701
2395.47656 0.591262
2395.58350 0.585811
2395.69019 0.580378
2395.79688 0.574997
2395.90381 0.569698
2396.01050 0.564514
2396.11719 0.559477
2396.22388 0.55459
2396.33081 0.549826
2396.43750 0.545154
2396.54419 0.540542
2396.65088 0.53596
2396.75781 0.531378
2396.86450 0.526764
2396.97119 0.522087
2397.07788 0.517317
2397.18481 0.512434
2397.29150 0.507456
2397.39819 0.50241
2397.50488 0.497322
2397.61182 0.49222
2397.71851 0.487131
2397.82520 0.482082
2397.93188 0.477099
2398.03882 0.472209
2398.14551 0.467438
2398.25220 0.462786
2398.35889 0.458241
2398.46582 0.45379
2398.57251 0.449418
2398.67920 0.445114
2398.78613 0.440863
2398.89282 0.436652
2398.99951 0.432468
2399.10620 0.428297
2399.21313 0.424127
2399.31982 0.419948
2399.42651 0.415746
2399.53320 0.411513
2399.64014 0.407236
2399.74683 0.402905
2399.85352 0.398509
2399.96021 0.394036
2400.06714 0.389476
2400.17383 0.384822
2400.28052 0.380087
2400.38721 0.375292
2400.49414 0.370455
2400.60083 0.365598
2400.70752 0.36074
2400.81421 0.355901
2400.92114 0.351101
2401.02783 0.346359
2401.13452 0.341694
2401.24146 0.337109
2401.34814 0.332594
2401.45483 0.328137
2401.56152 0.323726
2401.66846 0.31935
2401.77515 0.314998
2401.88184 0.310658
2401.98853 0.30632
2402.09546 0.301971
2402.20215 0.297602
2402.30884 0.293205
2402.41553 0.28877
2402.52246 0.284292
2402.62915 0.279761
2402.73584 0.275169
2402.84253 0.27051
2402.94946 0.265775
2403.05615 0.260957
2403.16284 0.256049
2403.26953 0.251071
2403.37646 0.246048
2403.48315 0.241008
2403.58984 0.235975
2403.69678 0.230977
2403.80347 0.22604
2403.91016 0.22119
2404.01685 0.216455
2404.12378 0.211859
2404.23047 0.207412
2404.33716 0.203104
2404.44385 0.198926
2404.55078 0.194868
2404.65747 0.190919
2404.76416 0.187069
2404.87085 0.183308
2404.97778 0.179625
2405.08447 0.176011
2405.19116 0.172456
2405.29785 0.16895
2405.40479 0.165487
2405.51147 0.162059
2405.61816 0.158658
2405.72485 0.155276
2405.83179 0.151907
2405.93848 0.148543
2406.04517 0.145176
2406.15186 0.141802
2406.25879 0.138429
2406.36548 0.135073
2406.47217 0.131749
2406.57910 0.128473
2406.68579 0.125262
2406.79248 0.122128
2406.89917 0.119089
2407.00610 0.116157
2407.11279 0.113349
2407.21948 0.110668
2407.32617 0.108103
2407.43311 0.105646
2407.53979 0.103284
2407.64648 0.101006
2407.75317 0.098804
2407.86011 0.096666
2407.96680 0.094581
2408.07349 0.092541
2408.18018 0.090535
2408.28711 0.08856
2408.39380 0.086614
2408.50049 0.084694
2408.60718 0.082799
2408.71411 0.080925
2408.82080 0.079071
2408.92749 0.077233
2409.03442 0.07541
2409.14111 0.0736
2409.24780 0.071806
2409.35449 0.070035
2409.46143 0.068295
2409.56812 0.066594
2409.67480 0.06494
2409.78149 0.06334
2409.88843 0.061801
2409.99512 0.060332
2410.10181 0.05894
2410.20850 0.057627
2410.31543 0.056386
2410.42212 0.055209
2410.52881 0.054088
2410.63550 0.053013
2410.74243 0.051976
2410.84912 0.05097
2410.95581 0.049985
2411.06250 0.049014
2411.16943 0.048049
2411.27612 0.047093
2411.38281 0.046148
2411.48975 0.045221
2411.59644 0.044316
2411.70312 0.043437
2411.80981 0.042588
2411.91675 0.041774
2412.02344 0.041001
2412.13013 0.040271
2412.23682 0.039585
2412.34375 0.03894
2412.45044 0.03833
2412.55713 0.037754
2412.66382 0.037206
2412.77075 0.036682
2412.87744 0.036179
2412.98413 0.035693
2413.09082 0.035219
2413.19775 0.034755
2413.30444 0.034299
2413.41113 0.03385
2413.51782 0.033406
2413.62476 0.032966
2413.73145 0.032528
2413.83813 0.032092
2413.94482 0.031656
2414.05176 0.031219
2414.15845 0.030779
2414.26514 0.030337
2414.37207 0.029896
2414.47876 0.029456
2414.58545 0.029021
2414.69214 0.02859
2414.79907 0.028167
2414.90576 0.027753
2415.01245 0.027349
2415.11914 0.026958
2415.22607 0.026579
2415.33276 0.026212
2415.43945 0.025856
2415.54614 0.02551
2415.65308 0.025173
2415.75977 0.024842
2415.86646 0.024519
2415.97314 0.024201
2416.08008 0.023887
2416.18677 0.023576
2416.29346 0.023269
2416.40015 0.022963
2416.50708 0.022659
2416.61377 0.022357
2416.72046 0.022055
2416.82739 0.021753
2416.93408 0.021451
2417.04077 0.021147
2417.14746 0.020843
2417.25439 0.020537
2417.36108 0.020232
2417.46777 0.019929
2417.57446 0.019629
2417.68140 0.019334
2417.78809 0.019044
2417.89478 0.018761
2418.00146 0.018487
2418.10840 0.018222
2418.21509 0.017967
2418.32178 0.017721
2418.42847 0.017484
2418.53540 0.017255
2418.64209 0.017033
2418.74878 0.016817
2418.85547 0.016606
2418.96240 0.0164
2419.06909 0.016198
2419.17578 0.015999
2419.28271 0.015802
2419.38940 0.015609
2419.49609 0.015417
2419.60278 0.015227
2419.70972 0.015039
2419.81641 0.014852
2419.92310 0.014666
2420.02979 0.01448
2420.13672 0.014296
2420.24341 0.014112
2420.35010 0.01393
2420.45679 0.01375
2420.56372 0.013573
2420.67041 0.013401
2420.77710 0.013234
2420.88379 0.013073
2420.99072 0.012918
2421.09741 0.01277
2421.20410 0.012631
2421.31079 0.012498
2421.41772 0.012372
2421.52441 0.012251
2421.63110 0.012135
2421.73779 0.012022
2421.84473 0.011912
2421.95142 0.011805
2422.05811 0.011698
2422.16504 0.011592
2422.27173 0.011487
2422.37842 0.011383
2422.48511 0.01128
2422.59204 0.01118
2422.69873 0.011082
2422.80542 0.010988
2422.91211 0.010898
2423.01904 0.010812
2423.12573 0.010731
2423.23242 0.010655
2423.33911 0.010583
2423.44604 0.010516
2423.55273 0.010452
2423.65942 0.010391
2423.76611 0.010334
2423.87305 0.010279
2423.97974 0.010226
2424.08643 0.010175
2424.19312 0.010125
2424.30005 0.010077
2424.40674 0.01003
2424.51343 0.009984
2424.62036 0.009939
2424.72705 0.009896
2424.83374 0.009853
2424.94043 0.009812
2425.04736 0.009771
2425.15405 0.009731
2425.26074 0.009692
2425.36743 0.009654
2425.47437 0.009617
2425.58105 0.009581
2425.68774 0.009547
2425.79443 0.009513
2425.90137 0.009481
2426.00806 0.009449
2426.11475 0.00942
2426.22144 0.009391
2426.32837 0.009364
2426.43506 0.009337
2426.54175 0.009312
2426.64844 0.009287
2426.75537 0.009263
2426.86206 0.009239
2426.96875 0.009216
2427.07568 0.009193
2427.18237 0.00917
2427.28906 0.009147
2427.39575 0.009124
2427.50269 0.0091
2427.60938 0.009076
2427.71606 0.009051
2427.82275 0.009025
2427.92969 0.008999
2428.03638 0.008971
2428.14307 0.008943
2428.24976 0.008913
2428.35669 0.008882
2428.46338 0.00885
2428.57007 0.008817
2428.67676 0.008784
2428.78369 0.00875
2428.89038 0.008715
2428.99707 0.00868
2429.10376 0.008645
2429.21069 0.00861
2429.31738 0.008574
2429.42407 0.008538
2429.53076 0.008502
2429.63770 0.008465
2429.74438 0.008428
2429.85107 0.008391
2429.95801 0.008354
2430.06470 0.008316
2430.17139 0.008277
2430.27808 0.008238
2430.38501 0.008198
2430.49170 0.008158
2430.59839 0.008117
2430.70508 0.008074
2430.81201 0.008031
2430.91870 0.007986
2431.02539 0.00794
2431.13208 0.007892
2431.23901 0.007843
2431.34570 0.007793
2431.45239 0.007742
2431.55908 0.00769
2431.66602 0.007638
2431.77271 0.007585
2431.87939 0.007532
2431.98608 0.007479
2432.09302 0.007427
2432.19971 0.007375
2432.30640 0.007324
2432.41333 0.007273
2432.52002 0.007223
2432.62671 0.007173
2432.73340 0.007123
2432.84033 0.007074
2432.94702 0.007025
2433.05371 0.006977
2433.16040 0.006929
2433.26733 0.006881
2433.37402 0.006832
2433.48071 0.006783
2433.58740 0.006733
2433.69434 0.006681
2433.80103 0.006627
2433.90771 0.006571
2434.01440 0.006513
2434.12134 0.006451
2434.22803 0.006387
2434.33472 0.006322
2434.44141 0.006256
2434.54834 0.006191
2434.65503 0.006129
2434.76172 0.006069
2434.86865 0.006015
2434.97534 0.005966
2435.08203 0.005923
2435.18872 0.005889
2435.29565 0.005862
2435.40234 0.005841
2435.50903 0.005826
2435.61572 0.005815
2435.72266 0.005807
2435.82935 0.005803
2435.93604 0.0058
2436.04272 0.005799
2436.14966 0.005798
2679.76465 0.0
