threeML/data/optical_filters/TD1/SPEC-F1520.ecsv
# %ECSV 0.9
# ---
# datatype:
# - {name: wavelength, unit: Angstrom, datatype: float32}
# - {name: response, datatype: float32}
# meta: !!omap
# - {band_name: F1520}
# - {group_name: SPEC}
wavelength response
1320.24683 0.0
1466.94092 0.010058
1467.04773 0.010124
1467.15442 0.01019
1467.26123 0.010256
1467.36792 0.010321
1467.47473 0.010387
1467.58142 0.010453
1467.68823 0.01052
1467.79504 0.010587
1467.90173 0.010655
1468.00854 0.010725
1468.11523 0.010795
1468.22205 0.010868
1468.32874 0.010941
1468.43555 0.011015
1468.54224 0.011089
1468.64905 0.011163
1468.75574 0.011236
1468.86255 0.011308
1468.96924 0.011378
1469.07605 0.011447
1469.18274 0.011514
1469.28955 0.011578
1469.39624 0.011642
1469.50305 0.011704
1469.60974 0.011765
1469.71655 0.011827
1469.82324 0.011888
1469.93005 0.01195
1470.03674 0.012013
1470.14355 0.012078
1470.25024 0.012143
1470.35706 0.01221
1470.46387 0.012277
1470.57056 0.012345
1470.67737 0.012412
1470.78406 0.012478
1470.89087 0.012543
1470.99756 0.012607
1471.10437 0.012669
1471.21106 0.012729
1471.31787 0.012787
1471.42456 0.012843
1471.53137 0.012899
1471.63806 0.012953
1471.74487 0.013007
1471.85156 0.01306
1471.95837 0.013114
1472.06506 0.013168
1472.17188 0.013222
1472.27856 0.013278
1472.38538 0.013334
1472.49207 0.013391
1472.59888 0.013448
1472.70557 0.013507
1472.81238 0.013566
1472.91907 0.013626
1473.02588 0.013687
1473.13269 0.013749
1473.23938 0.013812
1473.34619 0.013875
1473.45288 0.013939
1473.55969 0.014004
1473.66638 0.014069
1473.77319 0.014134
1473.87988 0.014199
1473.98669 0.014265
1474.09338 0.01433
1474.20020 0.014395
1474.30688 0.014461
1474.41370 0.014526
1474.52039 0.014592
1474.62720 0.014658
1474.73389 0.014724
1474.84070 0.014791
1474.94739 0.014859
1475.05420 0.014927
1475.16089 0.014997
1475.26770 0.015067
1475.37439 0.015139
1475.48120 0.015213
1475.58789 0.01529
1475.69470 0.015368
1475.80151 0.01545
1475.90820 0.015535
1476.01501 0.015624
1476.12170 0.015716
1476.22852 0.015813
1476.33521 0.015913
1476.44202 0.016016
1476.54871 0.016121
1476.65552 0.016229
1476.76221 0.016339
1476.86902 0.01645
1476.97571 0.016562
1477.08252 0.016675
1477.18921 0.016787
1477.29602 0.0169
1477.40271 0.017013
1477.50952 0.017127
1477.61621 0.017242
1477.72302 0.017357
1477.82971 0.017474
1477.93652 0.017592
1478.04321 0.017711
1478.15002 0.017831
1478.25684 0.017954
1478.36353 0.018079
1478.47034 0.018206
1478.57703 0.018337
1478.68384 0.018472
1478.79053 0.01861
1478.89734 0.018754
1479.00403 0.018902
1479.11084 0.019056
1479.21753 0.019215
1479.32434 0.019379
1479.43103 0.019548
1479.53784 0.019719
1479.64453 0.019894
1479.75134 0.02007
1479.85803 0.020247
1479.96484 0.020425
1480.07153 0.020602
1480.17834 0.020778
1480.28503 0.020953
1480.39185 0.021128
1480.49854 0.021302
1480.60535 0.021477
1480.71204 0.021651
1480.81885 0.021825
1480.92566 0.022
1481.03235 0.022176
1481.13916 0.022353
1481.24585 0.022531
1481.35266 0.022712
1481.45935 0.022897
1481.56616 0.023086
1481.67285 0.023281
1481.77966 0.023482
1481.88635 0.02369
1481.99316 0.023907
1482.09985 0.024133
1482.20667 0.024368
1482.31335 0.024612
1482.42017 0.024862
1482.52686 0.025119
1482.63367 0.02538
1482.74036 0.025644
1482.84717 0.02591
1482.95386 0.026176
1483.06067 0.026441
1483.16736 0.026705
1483.27417 0.026969
1483.38086 0.027234
1483.48767 0.027504
1483.59448 0.02778
1483.70117 0.028064
1483.80798 0.02836
1483.91467 0.028669
1484.02148 0.028993
1484.12817 0.029334
1484.23499 0.029694
1484.34167 0.030069
1484.44849 0.030459
1484.55518 0.030862
1484.66199 0.031275
1484.76868 0.031698
1484.87549 0.032127
1484.98218 0.032562
1485.08899 0.033001
1485.19568 0.033443
1485.30249 0.033887
1485.40918 0.034335
1485.51599 0.034789
1485.62268 0.035247
1485.72949 0.035712
1485.83618 0.036185
1485.94299 0.036665
1486.04980 0.037154
1486.15649 0.037653
1486.26331 0.038164
1486.37000 0.038688
1486.47681 0.039228
1486.58350 0.039786
1486.69031 0.040364
1486.79700 0.040965
1486.90381 0.041589
1487.01050 0.042241
1487.11731 0.042921
1487.22400 0.04363
1487.33081 0.044363
1487.43750 0.045118
1487.54431 0.045891
1487.65100 0.046679
1487.75781 0.047477
1487.86450 0.048283
1487.97131 0.049092
1488.07800 0.049902
1488.18481 0.050709
1488.29150 0.051514
1488.39832 0.052317
1488.50500 0.05312
1488.61182 0.053923
1488.71863 0.054728
1488.82532 0.055536
1488.93213 0.056346
1489.03882 0.057161
1489.14563 0.057982
1489.25232 0.058811
1489.35913 0.059654
1489.46582 0.060515
1489.57263 0.061399
1489.67932 0.062311
1489.78613 0.063256
1489.89282 0.064239
1489.99963 0.065265
1490.10632 0.066337
1490.21313 0.067459
1490.31982 0.068627
1490.42664 0.069839
1490.53333 0.071091
1490.64014 0.07238
1490.74683 0.073702
1490.85364 0.075055
1490.96033 0.076434
1491.06714 0.077838
1491.17383 0.079263
1491.28064 0.080711
1491.38745 0.082183
1491.49414 0.083682
1491.60095 0.085209
1491.70764 0.086767
1491.81445 0.088357
1491.92114 0.089982
1492.02795 0.091644
1492.13464 0.093345
1492.24146 0.09509
1492.34814 0.096889
1492.45496 0.098749
1492.56165 0.10068
1492.66846 0.102689
1492.77515 0.104786
1492.88196 0.106979
1492.98865 0.109276
1493.09546 0.111686
1493.20215 0.114212
1493.30896 0.116843
1493.41565 0.119568
1493.52246 0.122375
1493.62915 0.125251
1493.73596 0.128184
1493.84265 0.131163
1493.94946 0.134175
1494.05627 0.137208
1494.16296 0.140252
1494.26978 0.143307
1494.37646 0.146377
1494.48328 0.149466
1494.58997 0.152578
1494.69678 0.155717
1494.80347 0.158888
1494.91028 0.162096
1495.01697 0.165343
1495.12378 0.168636
1495.23047 0.171981
1495.33728 0.175391
1495.44397 0.17888
1495.55078 0.182459
1495.65747 0.186141
1495.76428 0.18994
1495.87097 0.193868
1495.97778 0.197937
1496.08447 0.202161
1496.19128 0.206543
1496.29797 0.21106
1496.40479 0.215683
1496.51160 0.220384
1496.61829 0.225134
1496.72510 0.229905
1496.83179 0.234669
1496.93860 0.239396
1497.04529 0.244059
1497.15210 0.248632
1497.25879 0.253126
1497.36560 0.257571
1497.47229 0.261994
1497.57910 0.266427
1497.68579 0.270899
1497.79260 0.27544
1497.89929 0.280078
1498.00610 0.284844
1498.11279 0.289767
1498.21960 0.294852
1498.32629 0.300072
1498.43311 0.305395
1498.53979 0.310791
1498.64661 0.316228
1498.75330 0.321676
1498.86011 0.327104
1498.96680 0.332481
1499.07361 0.337776
1499.18042 0.342965
1499.28711 0.348052
1499.39392 0.353049
1499.50061 0.357967
1499.60742 0.362818
1499.71411 0.367613
1499.82092 0.372364
1499.92761 0.377081
1500.03442 0.381778
1500.14111 0.386464
1500.24792 0.391153
1500.35461 0.395856
1500.46143 0.400586
1500.56812 0.405357
1500.67493 0.41018
1500.78162 0.415067
1500.88843 0.420033
1500.99512 0.425088
1501.10193 0.430245
1501.20862 0.435507
1501.31543 0.440851
1501.42212 0.446256
1501.52893 0.451698
1501.63562 0.457155
1501.74243 0.462603
1501.84924 0.468021
1501.95593 0.473384
1502.06274 0.478671
1502.16943 0.483862
1502.27625 0.488961
1502.38293 0.493981
1502.48975 0.498932
1502.59644 0.503827
1502.70325 0.508678
1502.80994 0.513495
1502.91675 0.518292
1503.02344 0.52308
1503.13025 0.527871
1503.23694 0.532674
1503.34375 0.537499
1503.45044 0.542354
1503.55725 0.547248
1503.66394 0.55219
1503.77075 0.557188
1503.87744 0.562251
1503.98425 0.567387
1504.09094 0.572605
1504.19775 0.577906
1504.30457 0.583264
1504.41125 0.588654
1504.51807 0.594048
1504.62476 0.59942
1504.73157 0.604742
1504.83826 0.609987
1504.94507 0.615128
1505.05176 0.620139
1505.15857 0.624995
1505.26526 0.6297
1505.37207 0.634269
1505.47876 0.638719
1505.58557 0.643064
1505.69226 0.647321
1505.79907 0.651504
1505.90576 0.655631
1506.01257 0.659716
1506.11926 0.663775
1506.22607 0.667825
1506.33276 0.671883
1506.43958 0.675968
1506.54626 0.680097
1506.65308 0.684288
1506.75977 0.688559
1506.86658 0.692928
1506.97339 0.697413
1507.08008 0.702031
1507.18689 0.706792
1507.29358 0.711673
1507.40039 0.716646
1507.50708 0.721684
1507.61389 0.726758
1507.72058 0.731839
1507.82739 0.7369
1507.93408 0.741912
1508.04089 0.746846
1508.14758 0.751678
1508.25439 0.756415
1508.36108 0.761082
1508.46790 0.765707
1508.57458 0.770317
1508.68140 0.774937
1508.78809 0.779595
1508.89490 0.784318
1509.00159 0.789133
1509.10840 0.794065
1509.21509 0.79912
1509.32190 0.804268
1509.42859 0.809477
1509.53540 0.814714
1509.64221 0.819945
1509.74890 0.825139
1509.85571 0.830263
1509.96240 0.835284
1510.06921 0.840169
1510.17590 0.844892
1510.28271 0.849456
1510.38940 0.853875
1510.49622 0.858159
1510.60291 0.862321
1510.70972 0.866373
1510.81641 0.870327
1510.92322 0.874195
1511.02991 0.877989
1511.13672 0.881722
1511.24341 0.885395
1511.35022 0.889006
1511.45691 0.892552
1511.56372 0.896028
1511.67041 0.899431
1511.77722 0.902759
1511.88391 0.906006
1511.99072 0.909171
1512.09753 0.912248
1512.20422 0.915235
1512.31104 0.918127
1512.41772 0.920917
1512.52454 0.923602
1512.63123 0.926175
1512.73804 0.928633
1512.84473 0.930969
1512.95154 0.933179
1513.05823 0.935257
1513.16504 0.937201
1513.27173 0.939021
1513.37854 0.940732
1513.48523 0.94235
1513.59204 0.943891
1513.69873 0.945369
1513.80554 0.946802
1513.91223 0.948204
1514.01904 0.949591
1514.12573 0.950978
1514.23254 0.952374
1514.33923 0.953779
1514.44604 0.955196
1514.55273 0.956624
1514.65955 0.958065
1514.76636 0.95952
1514.87305 0.96099
1514.97986 0.962475
1515.08655 0.963977
1515.19336 0.965495
1515.30005 0.96702
1515.40686 0.968546
1515.51355 0.970063
1515.62036 0.971563
1515.72705 0.973038
1515.83386 0.97448
1515.94055 0.97588
1516.04736 0.977231
1516.15405 0.978524
1516.26086 0.979758
1516.36755 0.980938
1516.47437 0.982066
1516.58105 0.983145
1516.68787 0.984178
1516.79456 0.985168
1516.90137 0.986119
1517.00806 0.987032
1517.11487 0.987912
1517.22156 0.98876
1517.32837 0.989578
1517.43518 0.990364
1517.54187 0.991121
1517.64868 0.991848
1517.75537 0.992546
1517.86218 0.993216
1517.96887 0.993858
1518.07568 0.994472
1518.18237 0.99506
1518.28918 0.995619
1518.39587 0.996148
1518.50269 0.996646
1518.60938 0.997111
1518.71619 0.997542
1518.82288 0.997937
1518.92969 0.998294
1519.03638 0.998612
1519.14319 0.998891
1519.24988 0.99913
1519.35669 0.999333
1519.46338 0.999502
1519.57019 0.999641
1519.67688 0.999753
1519.78369 0.99984
1519.89050 0.999906
1519.99719 0.999952
1520.10400 0.999983
1520.21069 0.999999
1520.31750 1.0
1520.42419 0.999984
1520.53101 0.99995
1520.63770 0.999896
1520.74451 0.999821
1520.85120 0.999724
1520.95801 0.999603
1521.06470 0.999457
1521.17151 0.999286
1521.27820 0.999089
1521.38501 0.998867
1521.49170 0.998621
1521.59851 0.998353
1521.70520 0.998064
1521.81201 0.997753
1521.91870 0.997423
1522.02551 0.997074
1522.13220 0.996706
1522.23901 0.99632
1522.34570 0.99591
1522.45251 0.995475
1522.55933 0.995009
1522.66602 0.994511
1522.77283 0.993976
1522.87952 0.9934
1522.98633 0.992781
1523.09302 0.992115
1523.19983 0.9914
1523.30652 0.990638
1523.41333 0.989833
1523.52002 0.988987
1523.62683 0.988103
1523.73352 0.987183
1523.84033 0.986232
1523.94702 0.985251
1524.05383 0.984244
1524.16052 0.983212
1524.26733 0.982157
1524.37402 0.981077
1524.48083 0.979971
1524.58752 0.978838
1524.69434 0.977676
1524.80103 0.976486
1524.90784 0.975265
1525.01453 0.974014
1525.12134 0.97273
1525.22815 0.971411
1525.33484 0.970053
1525.44165 0.968649
1525.54834 0.967197
1525.65515 0.965689
1525.76184 0.964122
1525.86865 0.962491
1525.97534 0.960791
1526.08215 0.959016
1526.18884 0.957166
1526.29565 0.955248
1526.40234 0.953274
1526.50916 0.951252
1526.61584 0.949194
1526.72266 0.947111
1526.82935 0.945012
1526.93616 0.942908
1527.04285 0.940809
1527.14966 0.938725
1527.25635 0.936656
1527.36316 0.934596
1527.46985 0.932538
1527.57666 0.930477
1527.68335 0.928407
1527.79016 0.926323
1527.89697 0.924218
1528.00366 0.922087
1528.11047 0.919922
1528.21716 0.917711
1528.32397 0.915425
1528.43066 0.913035
1528.53748 0.910513
1528.64417 0.907829
1528.75098 0.904954
1528.85767 0.901861
1528.96448 0.898519
1529.07117 0.894901
1529.17798 0.890986
1529.28467 0.886796
1529.39148 0.882361
1529.49817 0.877714
1529.60498 0.872886
1529.71167 0.867908
1529.81848 0.862812
1529.92517 0.857629
1530.03198 0.852391
1530.13867 0.847128
1530.24548 0.841855
1530.35229 0.836573
1530.45898 0.831285
1530.56580 0.825992
1530.67249 0.820696
1530.77930 0.815398
1530.88599 0.810101
1530.99280 0.804807
1531.09949 0.799517
1531.20630 0.79423
1531.31299 0.788942
1531.41980 0.783646
1531.52649 0.778337
1531.63330 0.773009
1531.73999 0.767655
1531.84680 0.762272
1531.95349 0.756851
1532.06030 0.751388
1532.16699 0.74588
1532.27380 0.740341
1532.38049 0.734789
1532.48730 0.729244
1532.59399 0.723726
1532.70081 0.718255
1532.80750 0.71285
1532.91431 0.707531
1533.02112 0.702317
1533.12781 0.697227
1533.23462 0.692263
1533.34131 0.68741
1533.44812 0.682653
1533.55481 0.677977
1533.66162 0.673365
1533.76831 0.668804
1533.87512 0.664277
1533.98181 0.659768
1534.08862 0.655263
1534.19531 0.650747
1534.30212 0.646207
1534.40881 0.641628
1534.51562 0.636998
1534.62231 0.632304
1534.72913 0.627533
1534.83582 0.622671
1534.94263 0.617705
1535.04932 0.612623
1535.15613 0.607413
1535.26282 0.602096
1535.36963 0.596701
1535.47632 0.591262
1535.58313 0.585811
1535.68994 0.580378
1535.79663 0.574997
1535.90344 0.569698
1536.01013 0.564514
1536.11694 0.559477
1536.22363 0.55459
1536.33044 0.549826
1536.43713 0.545154
1536.54395 0.540542
1536.65063 0.53596
1536.75745 0.531378
1536.86414 0.526764
1536.97095 0.522087
1537.07764 0.517317
1537.18445 0.512434
1537.29114 0.507456
1537.39795 0.50241
1537.50464 0.497322
1537.61145 0.49222
1537.71814 0.487131
1537.82495 0.482082
1537.93164 0.477099
1538.03845 0.472209
1538.14526 0.467438
1538.25195 0.462786
1538.35876 0.458241
1538.46545 0.45379
1538.57227 0.449418
1538.67896 0.445114
1538.78577 0.440863
1538.89246 0.436652
1538.99927 0.432468
1539.10596 0.428297
1539.21277 0.424127
1539.31946 0.419948
1539.42627 0.415746
1539.53296 0.411513
1539.63977 0.407236
1539.74646 0.402905
1539.85327 0.398509
1539.95996 0.394036
1540.06677 0.389476
1540.17346 0.384822
1540.28027 0.380087
1540.38696 0.375292
1540.49377 0.370455
1540.60046 0.365598
1540.70728 0.36074
1540.81409 0.355901
1540.92078 0.351101
1541.02759 0.346359
1541.13428 0.341694
1541.24109 0.337109
1541.34778 0.332594
1541.45459 0.328137
1541.56128 0.323726
1541.66809 0.31935
1541.77478 0.314998
1541.88159 0.310658
1541.98828 0.30632
1542.09509 0.301971
1542.20178 0.297602
1542.30859 0.293205
1542.41528 0.28877
1542.52209 0.284292
1542.62878 0.279761
1542.73560 0.275169
1542.84229 0.27051
1542.94910 0.265775
1543.05579 0.260957
1543.16260 0.256049
1543.26929 0.251071
1543.37610 0.246048
1543.48291 0.241008
1543.58960 0.235975
1543.69641 0.230977
1543.80310 0.22604
1543.90991 0.22119
1544.01660 0.216455
1544.12341 0.211859
1544.23010 0.207412
1544.33691 0.203104
1544.44360 0.198926
1544.55042 0.194868
1544.65710 0.190919
1544.76392 0.187069
1544.87061 0.183308
1544.97742 0.179625
1545.08411 0.176011
1545.19092 0.172456
1545.29761 0.16895
1545.40442 0.165487
1545.51111 0.162059
1545.61792 0.158658
1545.72461 0.155276
1545.83142 0.151907
1545.93823 0.148543
1546.04492 0.145176
1546.15173 0.141802
1546.25842 0.138429
1546.36523 0.135073
1546.47192 0.131749
1546.57874 0.128473
1546.68542 0.125262
1546.79224 0.122128
1546.89893 0.119089
1547.00574 0.116157
1547.11243 0.113349
1547.21924 0.110668
1547.32593 0.108103
1547.43274 0.105646
1547.53943 0.103284
1547.64624 0.101006
1547.75293 0.098804
1547.85974 0.096666
1547.96643 0.094581
1548.07324 0.092541
1548.17993 0.090535
1548.28674 0.08856
1548.39343 0.086614
1548.50024 0.084694
1548.60706 0.082799
1548.71375 0.080925
1548.82056 0.079071
1548.92725 0.077233
1549.03406 0.07541
1549.14075 0.0736
1549.24756 0.071806
1549.35425 0.070035
1549.46106 0.068295
1549.56775 0.066594
1549.67456 0.06494
1549.78125 0.06334
1549.88806 0.061801
1549.99475 0.060332
1550.10156 0.05894
1550.20825 0.057627
1550.31506 0.056386
1550.42175 0.055209
1550.52856 0.054088
1550.63525 0.053013
1550.74207 0.051976
1550.84875 0.05097
1550.95557 0.049985
1551.06226 0.049014
1551.16907 0.048049
1551.27588 0.047093
1551.38257 0.046148
1551.48938 0.045221
1551.59607 0.044316
1551.70288 0.043437
1551.80957 0.042588
1551.91638 0.041774
1552.02307 0.041001
1552.12988 0.040271
1552.23657 0.039585
1552.34338 0.03894
1552.45007 0.03833
1552.55688 0.037754
1552.66357 0.037206
1552.77039 0.036682
1552.87708 0.036179
1552.98389 0.035693
1553.09058 0.035219
1553.19739 0.034755
1553.30408 0.034299
1553.41089 0.03385
1553.51758 0.033406
1553.62439 0.032966
1553.73108 0.032528
1553.83789 0.032092
1553.94470 0.031656
1554.05139 0.031219
1554.15820 0.030779
1554.26489 0.030337
1554.37170 0.029896
1554.47839 0.029456
1554.58521 0.029021
1554.69189 0.02859
1554.79871 0.028167
1554.90540 0.027753
1555.01221 0.027349
1555.11890 0.026958
1555.22571 0.026579
1555.33240 0.026212
1555.43921 0.025856
1555.54590 0.02551
1555.65271 0.025173
1555.75940 0.024842
1555.86621 0.024519
1555.97290 0.024201
1556.07971 0.023887
1556.18640 0.023576
1556.29321 0.023269
1556.40002 0.022963
1556.50671 0.022659
1556.61353 0.022357
1556.72021 0.022055
1556.82703 0.021753
1556.93372 0.021451
1557.04053 0.021147
1557.14722 0.020843
1557.25403 0.020537
1557.36072 0.020232
1557.46753 0.019929
1557.57422 0.019629
1557.68103 0.019334
1557.78772 0.019044
1557.89453 0.018761
1558.00122 0.018487
1558.10803 0.018222
1558.21472 0.017967
1558.32153 0.017721
1558.42822 0.017484
1558.53503 0.017255
1558.64172 0.017033
1558.74854 0.016817
1558.85522 0.016606
1558.96204 0.0164
1559.06885 0.016198
1559.17554 0.015999
1559.28235 0.015802
1559.38904 0.015609
1559.49585 0.015417
1559.60254 0.015227
1559.70935 0.015039
1559.81604 0.014852
1559.92285 0.014666
1560.02954 0.01448
1560.13635 0.014296
1560.24304 0.014112
1560.34985 0.01393
1560.45654 0.01375
1560.56335 0.013573
1560.67004 0.013401
1560.77686 0.013234
1560.88354 0.013073
1560.99036 0.012918
1561.09705 0.01277
1561.20386 0.012631
1561.31055 0.012498
1561.41736 0.012372
1561.52405 0.012251
1561.63086 0.012135
1561.73767 0.012022
1561.84436 0.011912
1561.95117 0.011805
1562.05786 0.011698
1562.16467 0.011592
1562.27136 0.011487
1562.37817 0.011383
1562.48486 0.01128
1562.59167 0.01118
1562.69836 0.011082
1562.80518 0.010988
1562.91187 0.010898
1563.01868 0.010812
1563.12537 0.010731
1563.23218 0.010655
1563.33887 0.010583
1563.44568 0.010516
1563.55237 0.010452
1563.65918 0.010391
1563.76587 0.010334
1563.87268 0.010279
1563.97937 0.010226
1564.08618 0.010175
1564.19299 0.010125
1564.29968 0.010077
1564.40649 0.01003
1564.51318 0.009984
1564.62000 0.009939
1564.72668 0.009896
1564.83350 0.009853
1564.94019 0.009812
1565.04700 0.009771
1565.15369 0.009731
1565.26050 0.009692
1565.36719 0.009654
1565.47400 0.009617
1565.58069 0.009581
1565.68750 0.009547
1565.79419 0.009513
1565.90100 0.009481
1566.00769 0.009449
1566.11450 0.00942
1566.22119 0.009391
1566.32800 0.009364
1566.43469 0.009337
1566.54150 0.009312
1566.64819 0.009287
1566.75500 0.009263
1566.86182 0.009239
1566.96851 0.009216
1567.07532 0.009193
1567.18201 0.00917
1567.28882 0.009147
1567.39551 0.009124
1567.50232 0.0091
1567.60901 0.009076
1567.71582 0.009051
1567.82251 0.009025
1567.92932 0.008999
1568.03601 0.008971
1568.14282 0.008943
1568.24951 0.008913
1568.35632 0.008882
1568.46301 0.00885
1568.56982 0.008817
1568.67651 0.008784
1568.78333 0.00875
1568.89001 0.008715
1568.99683 0.00868
1569.10352 0.008645
1569.21033 0.00861
1569.31702 0.008574
1569.42383 0.008538
1569.53064 0.008502
1569.63733 0.008465
1569.74414 0.008428
1569.85083 0.008391
1569.95764 0.008354
1570.06433 0.008316
1570.17114 0.008277
1570.27783 0.008238
1570.38464 0.008198
1570.49133 0.008158
1570.59814 0.008117
1570.70483 0.008074
1570.81165 0.008031
1570.91833 0.007986
1571.02515 0.00794
1571.13184 0.007892
1571.23865 0.007843
1571.34534 0.007793
1571.45215 0.007742
1571.55884 0.00769
1571.66565 0.007638
1571.77234 0.007585
1571.87915 0.007532
1571.98596 0.007479
1572.09265 0.007427
1572.19946 0.007375
1572.30615 0.007324
1572.41296 0.007273
1572.51965 0.007223
1572.62646 0.007173
1572.73315 0.007123
1572.83997 0.007074
1572.94666 0.007025
1573.05347 0.006977
1573.16016 0.006929
1573.26697 0.006881
1573.37366 0.006832
1573.48047 0.006783
1573.58716 0.006733
1573.69397 0.006681
1573.80066 0.006627
1573.90747 0.006571
1574.01416 0.006513
1574.12097 0.006451
1574.22766 0.006387
1574.33447 0.006322
1574.44116 0.006256
1574.54797 0.006191
1574.65479 0.006129
1574.76147 0.006069
1574.86829 0.006015
1574.97498 0.005966
1575.08179 0.005923
1575.18848 0.005889
1575.29529 0.005862
1575.40198 0.005841
1575.50879 0.005826
1575.61548 0.005815
1575.72229 0.005807
1575.82898 0.005803
1575.93579 0.0058
1576.04248 0.005799
1576.14929 0.005798
1576.25598 0.005796
1733.88159 0.0
