threeML/data/optical_filters/TD1/SPEC-F1640.ecsv
# %ECSV 0.9
# ---
# datatype:
# - {name: wavelength, unit: Angstrom, datatype: float32}
# - {name: response, datatype: float32}
# meta: !!omap
# - {band_name: F1640}
# - {group_name: SPEC}
wavelength response
1428.24683 0.0
1586.94092 0.010058
1587.04773 0.010124
1587.15442 0.01019
1587.26123 0.010256
1587.36792 0.010321
1587.47473 0.010387
1587.58142 0.010453
1587.68823 0.01052
1587.79504 0.010587
1587.90173 0.010655
1588.00854 0.010725
1588.11523 0.010795
1588.22205 0.010868
1588.32874 0.010941
1588.43555 0.011015
1588.54224 0.011089
1588.64905 0.011163
1588.75574 0.011236
1588.86255 0.011308
1588.96924 0.011378
1589.07605 0.011447
1589.18274 0.011514
1589.28955 0.011578
1589.39624 0.011642
1589.50305 0.011704
1589.60974 0.011765
1589.71655 0.011827
1589.82324 0.011888
1589.93005 0.01195
1590.03674 0.012013
1590.14355 0.012078
1590.25024 0.012143
1590.35706 0.01221
1590.46387 0.012277
1590.57056 0.012345
1590.67737 0.012412
1590.78406 0.012478
1590.89087 0.012543
1590.99756 0.012607
1591.10437 0.012669
1591.21106 0.012729
1591.31787 0.012787
1591.42456 0.012843
1591.53137 0.012899
1591.63806 0.012953
1591.74487 0.013007
1591.85156 0.01306
1591.95837 0.013114
1592.06506 0.013168
1592.17188 0.013222
1592.27856 0.013278
1592.38538 0.013334
1592.49207 0.013391
1592.59888 0.013448
1592.70557 0.013507
1592.81238 0.013566
1592.91907 0.013626
1593.02588 0.013687
1593.13269 0.013749
1593.23938 0.013812
1593.34619 0.013875
1593.45288 0.013939
1593.55969 0.014004
1593.66638 0.014069
1593.77319 0.014134
1593.87988 0.014199
1593.98669 0.014265
1594.09338 0.01433
1594.20020 0.014395
1594.30688 0.014461
1594.41370 0.014526
1594.52039 0.014592
1594.62720 0.014658
1594.73389 0.014724
1594.84070 0.014791
1594.94739 0.014859
1595.05420 0.014927
1595.16089 0.014997
1595.26770 0.015067
1595.37439 0.015139
1595.48120 0.015213
1595.58789 0.01529
1595.69470 0.015368
1595.80151 0.01545
1595.90820 0.015535
1596.01501 0.015624
1596.12170 0.015716
1596.22852 0.015813
1596.33521 0.015913
1596.44202 0.016016
1596.54871 0.016121
1596.65552 0.016229
1596.76221 0.016339
1596.86902 0.01645
1596.97571 0.016562
1597.08252 0.016675
1597.18921 0.016787
1597.29602 0.0169
1597.40271 0.017013
1597.50952 0.017127
1597.61621 0.017242
1597.72302 0.017357
1597.82971 0.017474
1597.93652 0.017592
1598.04321 0.017711
1598.15002 0.017831
1598.25684 0.017954
1598.36353 0.018079
1598.47034 0.018206
1598.57703 0.018337
1598.68384 0.018472
1598.79053 0.01861
1598.89734 0.018754
1599.00403 0.018902
1599.11084 0.019056
1599.21753 0.019215
1599.32434 0.019379
1599.43103 0.019548
1599.53784 0.019719
1599.64453 0.019894
1599.75134 0.02007
1599.85803 0.020247
1599.96484 0.020425
1600.07153 0.020602
1600.17834 0.020778
1600.28503 0.020953
1600.39185 0.021128
1600.49854 0.021302
1600.60535 0.021477
1600.71204 0.021651
1600.81885 0.021825
1600.92566 0.022
1601.03235 0.022176
1601.13916 0.022353
1601.24585 0.022531
1601.35266 0.022712
1601.45935 0.022897
1601.56616 0.023086
1601.67285 0.023281
1601.77966 0.023482
1601.88635 0.02369
1601.99316 0.023907
1602.09985 0.024133
1602.20667 0.024368
1602.31335 0.024612
1602.42017 0.024862
1602.52686 0.025119
1602.63367 0.02538
1602.74036 0.025644
1602.84717 0.02591
1602.95386 0.026176
1603.06067 0.026441
1603.16736 0.026705
1603.27417 0.026969
1603.38086 0.027234
1603.48767 0.027504
1603.59448 0.02778
1603.70117 0.028064
1603.80798 0.02836
1603.91467 0.028669
1604.02148 0.028993
1604.12817 0.029334
1604.23499 0.029694
1604.34167 0.030069
1604.44849 0.030459
1604.55518 0.030862
1604.66199 0.031275
1604.76868 0.031698
1604.87549 0.032127
1604.98218 0.032562
1605.08899 0.033001
1605.19568 0.033443
1605.30249 0.033887
1605.40918 0.034335
1605.51599 0.034789
1605.62268 0.035247
1605.72949 0.035712
1605.83618 0.036185
1605.94299 0.036665
1606.04980 0.037154
1606.15649 0.037653
1606.26331 0.038164
1606.37000 0.038688
1606.47681 0.039228
1606.58350 0.039786
1606.69031 0.040364
1606.79700 0.040965
1606.90381 0.041589
1607.01050 0.042241
1607.11731 0.042921
1607.22400 0.04363
1607.33081 0.044363
1607.43750 0.045118
1607.54431 0.045891
1607.65100 0.046679
1607.75781 0.047477
1607.86450 0.048283
1607.97131 0.049092
1608.07800 0.049902
1608.18481 0.050709
1608.29150 0.051514
1608.39832 0.052317
1608.50500 0.05312
1608.61182 0.053923
1608.71863 0.054728
1608.82532 0.055536
1608.93213 0.056346
1609.03882 0.057161
1609.14563 0.057982
1609.25232 0.058811
1609.35913 0.059654
1609.46582 0.060515
1609.57263 0.061399
1609.67932 0.062311
1609.78613 0.063256
1609.89282 0.064239
1609.99963 0.065265
1610.10632 0.066337
1610.21313 0.067459
1610.31982 0.068627
1610.42664 0.069839
1610.53333 0.071091
1610.64014 0.07238
1610.74683 0.073702
1610.85364 0.075055
1610.96033 0.076434
1611.06714 0.077838
1611.17383 0.079263
1611.28064 0.080711
1611.38745 0.082183
1611.49414 0.083682
1611.60095 0.085209
1611.70764 0.086767
1611.81445 0.088357
1611.92114 0.089982
1612.02795 0.091644
1612.13464 0.093345
1612.24146 0.09509
1612.34814 0.096889
1612.45496 0.098749
1612.56165 0.10068
1612.66846 0.102689
1612.77515 0.104786
1612.88196 0.106979
1612.98865 0.109276
1613.09546 0.111686
1613.20215 0.114212
1613.30896 0.116843
1613.41565 0.119568
1613.52246 0.122375
1613.62915 0.125251
1613.73596 0.128184
1613.84265 0.131163
1613.94946 0.134175
1614.05627 0.137208
1614.16296 0.140252
1614.26978 0.143307
1614.37646 0.146377
1614.48328 0.149466
1614.58997 0.152578
1614.69678 0.155717
1614.80347 0.158888
1614.91028 0.162096
1615.01697 0.165343
1615.12378 0.168636
1615.23047 0.171981
1615.33728 0.175391
1615.44397 0.17888
1615.55078 0.182459
1615.65747 0.186141
1615.76428 0.18994
1615.87097 0.193868
1615.97778 0.197937
1616.08447 0.202161
1616.19128 0.206543
1616.29797 0.21106
1616.40479 0.215683
1616.51160 0.220384
1616.61829 0.225134
1616.72510 0.229905
1616.83179 0.234669
1616.93860 0.239396
1617.04529 0.244059
1617.15210 0.248632
1617.25879 0.253126
1617.36560 0.257571
1617.47229 0.261994
1617.57910 0.266427
1617.68579 0.270899
1617.79260 0.27544
1617.89929 0.280078
1618.00610 0.284844
1618.11279 0.289767
1618.21960 0.294852
1618.32629 0.300072
1618.43311 0.305395
1618.53979 0.310791
1618.64661 0.316228
1618.75330 0.321676
1618.86011 0.327104
1618.96680 0.332481
1619.07361 0.337776
1619.18042 0.342965
1619.28711 0.348052
1619.39392 0.353049
1619.50061 0.357967
1619.60742 0.362818
1619.71411 0.367613
1619.82092 0.372364
1619.92761 0.377081
1620.03442 0.381778
1620.14111 0.386464
1620.24792 0.391153
1620.35461 0.395856
1620.46143 0.400586
1620.56812 0.405357
1620.67493 0.41018
1620.78162 0.415067
1620.88843 0.420033
1620.99512 0.425088
1621.10193 0.430245
1621.20862 0.435507
1621.31543 0.440851
1621.42212 0.446256
1621.52893 0.451698
1621.63562 0.457155
1621.74243 0.462603
1621.84924 0.468021
1621.95593 0.473384
1622.06274 0.478671
1622.16943 0.483862
1622.27625 0.488961
1622.38293 0.493981
1622.48975 0.498932
1622.59644 0.503827
1622.70325 0.508678
1622.80994 0.513495
1622.91675 0.518292
1623.02344 0.52308
1623.13025 0.527871
1623.23694 0.532674
1623.34375 0.537499
1623.45044 0.542354
1623.55725 0.547248
1623.66394 0.55219
1623.77075 0.557188
1623.87744 0.562251
1623.98425 0.567387
1624.09094 0.572605
1624.19775 0.577906
1624.30457 0.583264
1624.41125 0.588654
1624.51807 0.594048
1624.62476 0.59942
1624.73157 0.604742
1624.83826 0.609987
1624.94507 0.615128
1625.05176 0.620139
1625.15857 0.624995
1625.26526 0.6297
1625.37207 0.634269
1625.47876 0.638719
1625.58557 0.643064
1625.69226 0.647321
1625.79907 0.651504
1625.90576 0.655631
1626.01257 0.659716
1626.11926 0.663775
1626.22607 0.667825
1626.33276 0.671883
1626.43958 0.675968
1626.54626 0.680097
1626.65308 0.684288
1626.75977 0.688559
1626.86658 0.692928
1626.97339 0.697413
1627.08008 0.702031
1627.18689 0.706792
1627.29358 0.711673
1627.40039 0.716646
1627.50708 0.721684
1627.61389 0.726758
1627.72058 0.731839
1627.82739 0.7369
1627.93408 0.741912
1628.04089 0.746846
1628.14758 0.751678
1628.25439 0.756415
1628.36108 0.761082
1628.46790 0.765707
1628.57458 0.770317
1628.68140 0.774937
1628.78809 0.779595
1628.89490 0.784318
1629.00159 0.789133
1629.10840 0.794065
1629.21509 0.79912
1629.32190 0.804268
1629.42859 0.809477
1629.53540 0.814714
1629.64221 0.819945
1629.74890 0.825139
1629.85571 0.830263
1629.96240 0.835284
1630.06921 0.840169
1630.17590 0.844892
1630.28271 0.849456
1630.38940 0.853875
1630.49622 0.858159
1630.60291 0.862321
1630.70972 0.866373
1630.81641 0.870327
1630.92322 0.874195
1631.02991 0.877989
1631.13672 0.881722
1631.24341 0.885395
1631.35022 0.889006
1631.45691 0.892552
1631.56372 0.896028
1631.67041 0.899431
1631.77722 0.902759
1631.88391 0.906006
1631.99072 0.909171
1632.09753 0.912248
1632.20422 0.915235
1632.31104 0.918127
1632.41772 0.920917
1632.52454 0.923602
1632.63123 0.926175
1632.73804 0.928633
1632.84473 0.930969
1632.95154 0.933179
1633.05823 0.935257
1633.16504 0.937201
1633.27173 0.939021
1633.37854 0.940732
1633.48523 0.94235
1633.59204 0.943891
1633.69873 0.945369
1633.80554 0.946802
1633.91223 0.948204
1634.01904 0.949591
1634.12573 0.950978
1634.23254 0.952374
1634.33923 0.953779
1634.44604 0.955196
1634.55273 0.956624
1634.65955 0.958065
1634.76636 0.95952
1634.87305 0.96099
1634.97986 0.962475
1635.08655 0.963977
1635.19336 0.965495
1635.30005 0.96702
1635.40686 0.968546
1635.51355 0.970063
1635.62036 0.971563
1635.72705 0.973038
1635.83386 0.97448
1635.94055 0.97588
1636.04736 0.977231
1636.15405 0.978524
1636.26086 0.979758
1636.36755 0.980938
1636.47437 0.982066
1636.58105 0.983145
1636.68787 0.984178
1636.79456 0.985168
1636.90137 0.986119
1637.00806 0.987032
1637.11487 0.987912
1637.22156 0.98876
1637.32837 0.989578
1637.43518 0.990364
1637.54187 0.991121
1637.64868 0.991848
1637.75537 0.992546
1637.86218 0.993216
1637.96887 0.993858
1638.07568 0.994472
1638.18237 0.99506
1638.28918 0.995619
1638.39587 0.996148
1638.50269 0.996646
1638.60938 0.997111
1638.71619 0.997542
1638.82288 0.997937
1638.92969 0.998294
1639.03638 0.998612
1639.14319 0.998891
1639.24988 0.99913
1639.35669 0.999333
1639.46338 0.999502
1639.57019 0.999641
1639.67688 0.999753
1639.78369 0.99984
1639.89050 0.999906
1639.99719 0.999952
1640.10400 0.999983
1640.21069 0.999999
1640.31750 1.0
1640.42419 0.999984
1640.53101 0.99995
1640.63770 0.999896
1640.74451 0.999821
1640.85120 0.999724
1640.95801 0.999603
1641.06470 0.999457
1641.17151 0.999286
1641.27820 0.999089
1641.38501 0.998867
1641.49170 0.998621
1641.59851 0.998353
1641.70520 0.998064
1641.81201 0.997753
1641.91870 0.997423
1642.02551 0.997074
1642.13220 0.996706
1642.23901 0.99632
1642.34570 0.99591
1642.45251 0.995475
1642.55933 0.995009
1642.66602 0.994511
1642.77283 0.993976
1642.87952 0.9934
1642.98633 0.992781
1643.09302 0.992115
1643.19983 0.9914
1643.30652 0.990638
1643.41333 0.989833
1643.52002 0.988987
1643.62683 0.988103
1643.73352 0.987183
1643.84033 0.986232
1643.94702 0.985251
1644.05383 0.984244
1644.16052 0.983212
1644.26733 0.982157
1644.37402 0.981077
1644.48083 0.979971
1644.58752 0.978838
1644.69434 0.977676
1644.80103 0.976486
1644.90784 0.975265
1645.01453 0.974014
1645.12134 0.97273
1645.22815 0.971411
1645.33484 0.970053
1645.44165 0.968649
1645.54834 0.967197
1645.65515 0.965689
1645.76184 0.964122
1645.86865 0.962491
1645.97534 0.960791
1646.08215 0.959016
1646.18884 0.957166
1646.29565 0.955248
1646.40234 0.953274
1646.50916 0.951252
1646.61584 0.949194
1646.72266 0.947111
1646.82935 0.945012
1646.93616 0.942908
1647.04285 0.940809
1647.14966 0.938725
1647.25635 0.936656
1647.36316 0.934596
1647.46985 0.932538
1647.57666 0.930477
1647.68335 0.928407
1647.79016 0.926323
1647.89697 0.924218
1648.00366 0.922087
1648.11047 0.919922
1648.21716 0.917711
1648.32397 0.915425
1648.43066 0.913035
1648.53748 0.910513
1648.64417 0.907829
1648.75098 0.904954
1648.85767 0.901861
1648.96448 0.898519
1649.07117 0.894901
1649.17798 0.890986
1649.28467 0.886796
1649.39148 0.882361
1649.49817 0.877714
1649.60498 0.872886
1649.71167 0.867908
1649.81848 0.862812
1649.92517 0.857629
1650.03198 0.852391
1650.13867 0.847128
1650.24548 0.841855
1650.35229 0.836573
1650.45898 0.831285
1650.56580 0.825992
1650.67249 0.820696
1650.77930 0.815398
1650.88599 0.810101
1650.99280 0.804807
1651.09949 0.799517
1651.20630 0.79423
1651.31299 0.788942
1651.41980 0.783646
1651.52649 0.778337
1651.63330 0.773009
1651.73999 0.767655
1651.84680 0.762272
1651.95349 0.756851
1652.06030 0.751388
1652.16699 0.74588
1652.27380 0.740341
1652.38049 0.734789
1652.48730 0.729244
1652.59399 0.723726
1652.70081 0.718255
1652.80750 0.71285
1652.91431 0.707531
1653.02112 0.702317
1653.12781 0.697227
1653.23462 0.692263
1653.34131 0.68741
1653.44812 0.682653
1653.55481 0.677977
1653.66162 0.673365
1653.76831 0.668804
1653.87512 0.664277
1653.98181 0.659768
1654.08862 0.655263
1654.19531 0.650747
1654.30212 0.646207
1654.40881 0.641628
1654.51562 0.636998
1654.62231 0.632304
1654.72913 0.627533
1654.83582 0.622671
1654.94263 0.617705
1655.04932 0.612623
1655.15613 0.607413
1655.26282 0.602096
1655.36963 0.596701
1655.47632 0.591262
1655.58313 0.585811
1655.68994 0.580378
1655.79663 0.574997
1655.90344 0.569698
1656.01013 0.564514
1656.11694 0.559477
1656.22363 0.55459
1656.33044 0.549826
1656.43713 0.545154
1656.54395 0.540542
1656.65063 0.53596
1656.75745 0.531378
1656.86414 0.526764
1656.97095 0.522087
1657.07764 0.517317
1657.18445 0.512434
1657.29114 0.507456
1657.39795 0.50241
1657.50464 0.497322
1657.61145 0.49222
1657.71814 0.487131
1657.82495 0.482082
1657.93164 0.477099
1658.03845 0.472209
1658.14526 0.467438
1658.25195 0.462786
1658.35876 0.458241
1658.46545 0.45379
1658.57227 0.449418
1658.67896 0.445114
1658.78577 0.440863
1658.89246 0.436652
1658.99927 0.432468
1659.10596 0.428297
1659.21277 0.424127
1659.31946 0.419948
1659.42627 0.415746
1659.53296 0.411513
1659.63977 0.407236
1659.74646 0.402905
1659.85327 0.398509
1659.95996 0.394036
1660.06677 0.389476
1660.17346 0.384822
1660.28027 0.380087
1660.38696 0.375292
1660.49377 0.370455
1660.60046 0.365598
1660.70728 0.36074
1660.81409 0.355901
1660.92078 0.351101
1661.02759 0.346359
1661.13428 0.341694
1661.24109 0.337109
1661.34778 0.332594
1661.45459 0.328137
1661.56128 0.323726
1661.66809 0.31935
1661.77478 0.314998
1661.88159 0.310658
1661.98828 0.30632
1662.09509 0.301971
1662.20178 0.297602
1662.30859 0.293205
1662.41528 0.28877
1662.52209 0.284292
1662.62878 0.279761
1662.73560 0.275169
1662.84229 0.27051
1662.94910 0.265775
1663.05579 0.260957
1663.16260 0.256049
1663.26929 0.251071
1663.37610 0.246048
1663.48291 0.241008
1663.58960 0.235975
1663.69641 0.230977
1663.80310 0.22604
1663.90991 0.22119
1664.01660 0.216455
1664.12341 0.211859
1664.23010 0.207412
1664.33691 0.203104
1664.44360 0.198926
1664.55042 0.194868
1664.65710 0.190919
1664.76392 0.187069
1664.87061 0.183308
1664.97742 0.179625
1665.08411 0.176011
1665.19092 0.172456
1665.29761 0.16895
1665.40442 0.165487
1665.51111 0.162059
1665.61792 0.158658
1665.72461 0.155276
1665.83142 0.151907
1665.93823 0.148543
1666.04492 0.145176
1666.15173 0.141802
1666.25842 0.138429
1666.36523 0.135073
1666.47192 0.131749
1666.57874 0.128473
1666.68542 0.125262
1666.79224 0.122128
1666.89893 0.119089
1667.00574 0.116157
1667.11243 0.113349
1667.21924 0.110668
1667.32593 0.108103
1667.43274 0.105646
1667.53943 0.103284
1667.64624 0.101006
1667.75293 0.098804
1667.85974 0.096666
1667.96643 0.094581
1668.07324 0.092541
1668.17993 0.090535
1668.28674 0.08856
1668.39343 0.086614
1668.50024 0.084694
1668.60706 0.082799
1668.71375 0.080925
1668.82056 0.079071
1668.92725 0.077233
1669.03406 0.07541
1669.14075 0.0736
1669.24756 0.071806
1669.35425 0.070035
1669.46106 0.068295
1669.56775 0.066594
1669.67456 0.06494
1669.78125 0.06334
1669.88806 0.061801
1669.99475 0.060332
1670.10156 0.05894
1670.20825 0.057627
1670.31506 0.056386
1670.42175 0.055209
1670.52856 0.054088
1670.63525 0.053013
1670.74207 0.051976
1670.84875 0.05097
1670.95557 0.049985
1671.06226 0.049014
1671.16907 0.048049
1671.27588 0.047093
1671.38257 0.046148
1671.48938 0.045221
1671.59607 0.044316
1671.70288 0.043437
1671.80957 0.042588
1671.91638 0.041774
1672.02307 0.041001
1672.12988 0.040271
1672.23657 0.039585
1672.34338 0.03894
1672.45007 0.03833
1672.55688 0.037754
1672.66357 0.037206
1672.77039 0.036682
1672.87708 0.036179
1672.98389 0.035693
1673.09058 0.035219
1673.19739 0.034755
1673.30408 0.034299
1673.41089 0.03385
1673.51758 0.033406
1673.62439 0.032966
1673.73108 0.032528
1673.83789 0.032092
1673.94470 0.031656
1674.05139 0.031219
1674.15820 0.030779
1674.26489 0.030337
1674.37170 0.029896
1674.47839 0.029456
1674.58521 0.029021
1674.69189 0.02859
1674.79871 0.028167
1674.90540 0.027753
1675.01221 0.027349
1675.11890 0.026958
1675.22571 0.026579
1675.33240 0.026212
1675.43921 0.025856
1675.54590 0.02551
1675.65271 0.025173
1675.75940 0.024842
1675.86621 0.024519
1675.97290 0.024201
1676.07971 0.023887
1676.18640 0.023576
1676.29321 0.023269
1676.40002 0.022963
1676.50671 0.022659
1676.61353 0.022357
1676.72021 0.022055
1676.82703 0.021753
1676.93372 0.021451
1677.04053 0.021147
1677.14722 0.020843
1677.25403 0.020537
1677.36072 0.020232
1677.46753 0.019929
1677.57422 0.019629
1677.68103 0.019334
1677.78772 0.019044
1677.89453 0.018761
1678.00122 0.018487
1678.10803 0.018222
1678.21472 0.017967
1678.32153 0.017721
1678.42822 0.017484
1678.53503 0.017255
1678.64172 0.017033
1678.74854 0.016817
1678.85522 0.016606
1678.96204 0.0164
1679.06885 0.016198
1679.17554 0.015999
1679.28235 0.015802
1679.38904 0.015609
1679.49585 0.015417
1679.60254 0.015227
1679.70935 0.015039
1679.81604 0.014852
1679.92285 0.014666
1680.02954 0.01448
1680.13635 0.014296
1680.24304 0.014112
1680.34985 0.01393
1680.45654 0.01375
1680.56335 0.013573
1680.67004 0.013401
1680.77686 0.013234
1680.88354 0.013073
1680.99036 0.012918
1681.09705 0.01277
1681.20386 0.012631
1681.31055 0.012498
1681.41736 0.012372
1681.52405 0.012251
1681.63086 0.012135
1681.73767 0.012022
1681.84436 0.011912
1681.95117 0.011805
1682.05786 0.011698
1682.16467 0.011592
1682.27136 0.011487
1682.37817 0.011383
1682.48486 0.01128
1682.59167 0.01118
1682.69836 0.011082
1682.80518 0.010988
1682.91187 0.010898
1683.01868 0.010812
1683.12537 0.010731
1683.23218 0.010655
1683.33887 0.010583
1683.44568 0.010516
1683.55237 0.010452
1683.65918 0.010391
1683.76587 0.010334
1683.87268 0.010279
1683.97937 0.010226
1684.08618 0.010175
1684.19299 0.010125
1684.29968 0.010077
1684.40649 0.01003
1684.51318 0.009984
1684.62000 0.009939
1684.72668 0.009896
1684.83350 0.009853
1684.94019 0.009812
1685.04700 0.009771
1685.15369 0.009731
1685.26050 0.009692
1685.36719 0.009654
1685.47400 0.009617
1685.58069 0.009581
1685.68750 0.009547
1685.79419 0.009513
1685.90100 0.009481
1686.00769 0.009449
1686.11450 0.00942
1686.22119 0.009391
1686.32800 0.009364
1686.43469 0.009337
1686.54150 0.009312
1686.64819 0.009287
1686.75500 0.009263
1686.86182 0.009239
1686.96851 0.009216
1687.07532 0.009193
1687.18201 0.00917
1687.28882 0.009147
1687.39551 0.009124
1687.50232 0.0091
1687.60901 0.009076
1687.71582 0.009051
1687.82251 0.009025
1687.92932 0.008999
1688.03601 0.008971
1688.14282 0.008943
1688.24951 0.008913
1688.35632 0.008882
1688.46301 0.00885
1688.56982 0.008817
1688.67651 0.008784
1688.78333 0.00875
1688.89001 0.008715
1688.99683 0.00868
1689.10352 0.008645
1689.21033 0.00861
1689.31702 0.008574
1689.42383 0.008538
1689.53064 0.008502
1689.63733 0.008465
1689.74414 0.008428
1689.85083 0.008391
1689.95764 0.008354
1690.06433 0.008316
1690.17114 0.008277
1690.27783 0.008238
1690.38464 0.008198
1690.49133 0.008158
1690.59814 0.008117
1690.70483 0.008074
1690.81165 0.008031
1690.91833 0.007986
1691.02515 0.00794
1691.13184 0.007892
1691.23865 0.007843
1691.34534 0.007793
1691.45215 0.007742
1691.55884 0.00769
1691.66565 0.007638
1691.77234 0.007585
1691.87915 0.007532
1691.98596 0.007479
1692.09265 0.007427
1692.19946 0.007375
1692.30615 0.007324
1692.41296 0.007273
1692.51965 0.007223
1692.62646 0.007173
1692.73315 0.007123
1692.83997 0.007074
1692.94666 0.007025
1693.05347 0.006977
1693.16016 0.006929
1693.26697 0.006881
1693.37366 0.006832
1693.48047 0.006783
1693.58716 0.006733
1693.69397 0.006681
1693.80066 0.006627
1693.90747 0.006571
1694.01416 0.006513
1694.12097 0.006451
1694.22766 0.006387
1694.33447 0.006322
1694.44116 0.006256
1694.54797 0.006191
1694.65479 0.006129
1694.76147 0.006069
1694.86829 0.006015
1694.97498 0.005966
1695.08179 0.005923
1695.18848 0.005889
1695.29529 0.005862
1695.40198 0.005841
1695.50879 0.005826
1695.61548 0.005815
1695.72229 0.005807
1695.82898 0.005803
1695.93579 0.0058
1696.04248 0.005799
1696.14929 0.005798
1696.25598 0.005796
1865.88159 0.0
