threeML/data/optical_filters/TD1/SPEC-F1780.ecsv
# %ECSV 0.9
# ---
# datatype:
# - {name: wavelength, unit: Angstrom, datatype: float32}
# - {name: response, datatype: float32}
# meta: !!omap
# - {band_name: F1780}
# - {group_name: SPEC}
wavelength response
1554.24683 0.0
1726.94092 0.010058
1727.04773 0.010124
1727.15442 0.01019
1727.26123 0.010256
1727.36792 0.010321
1727.47473 0.010387
1727.58142 0.010453
1727.68823 0.01052
1727.79504 0.010587
1727.90173 0.010655
1728.00854 0.010725
1728.11523 0.010795
1728.22205 0.010868
1728.32874 0.010941
1728.43555 0.011015
1728.54224 0.011089
1728.64905 0.011163
1728.75574 0.011236
1728.86255 0.011308
1728.96924 0.011378
1729.07605 0.011447
1729.18274 0.011514
1729.28955 0.011578
1729.39624 0.011642
1729.50305 0.011704
1729.60974 0.011765
1729.71655 0.011827
1729.82324 0.011888
1729.93005 0.01195
1730.03674 0.012013
1730.14355 0.012078
1730.25024 0.012143
1730.35706 0.01221
1730.46387 0.012277
1730.57056 0.012345
1730.67737 0.012412
1730.78406 0.012478
1730.89087 0.012543
1730.99756 0.012607
1731.10437 0.012669
1731.21106 0.012729
1731.31787 0.012787
1731.42456 0.012843
1731.53137 0.012899
1731.63806 0.012953
1731.74487 0.013007
1731.85156 0.01306
1731.95837 0.013114
1732.06506 0.013168
1732.17188 0.013222
1732.27856 0.013278
1732.38538 0.013334
1732.49207 0.013391
1732.59888 0.013448
1732.70557 0.013507
1732.81238 0.013566
1732.91907 0.013626
1733.02588 0.013687
1733.13269 0.013749
1733.23938 0.013812
1733.34619 0.013875
1733.45288 0.013939
1733.55969 0.014004
1733.66638 0.014069
1733.77319 0.014134
1733.87988 0.014199
1733.98669 0.014265
1734.09338 0.01433
1734.20020 0.014395
1734.30688 0.014461
1734.41370 0.014526
1734.52039 0.014592
1734.62720 0.014658
1734.73389 0.014724
1734.84070 0.014791
1734.94739 0.014859
1735.05420 0.014927
1735.16089 0.014997
1735.26770 0.015067
1735.37439 0.015139
1735.48120 0.015213
1735.58789 0.01529
1735.69470 0.015368
1735.80151 0.01545
1735.90820 0.015535
1736.01501 0.015624
1736.12170 0.015716
1736.22852 0.015813
1736.33521 0.015913
1736.44202 0.016016
1736.54871 0.016121
1736.65552 0.016229
1736.76221 0.016339
1736.86902 0.01645
1736.97571 0.016562
1737.08252 0.016675
1737.18921 0.016787
1737.29602 0.0169
1737.40271 0.017013
1737.50952 0.017127
1737.61621 0.017242
1737.72302 0.017357
1737.82971 0.017474
1737.93652 0.017592
1738.04321 0.017711
1738.15002 0.017831
1738.25684 0.017954
1738.36353 0.018079
1738.47034 0.018206
1738.57703 0.018337
1738.68384 0.018472
1738.79053 0.01861
1738.89734 0.018754
1739.00403 0.018902
1739.11084 0.019056
1739.21753 0.019215
1739.32434 0.019379
1739.43103 0.019548
1739.53784 0.019719
1739.64453 0.019894
1739.75134 0.02007
1739.85803 0.020247
1739.96484 0.020425
1740.07153 0.020602
1740.17834 0.020778
1740.28503 0.020953
1740.39185 0.021128
1740.49854 0.021302
1740.60535 0.021477
1740.71204 0.021651
1740.81885 0.021825
1740.92566 0.022
1741.03235 0.022176
1741.13916 0.022353
1741.24585 0.022531
1741.35266 0.022712
1741.45935 0.022897
1741.56616 0.023086
1741.67285 0.023281
1741.77966 0.023482
1741.88635 0.02369
1741.99316 0.023907
1742.09985 0.024133
1742.20667 0.024368
1742.31335 0.024612
1742.42017 0.024862
1742.52686 0.025119
1742.63367 0.02538
1742.74036 0.025644
1742.84717 0.02591
1742.95386 0.026176
1743.06067 0.026441
1743.16736 0.026705
1743.27417 0.026969
1743.38086 0.027234
1743.48767 0.027504
1743.59448 0.02778
1743.70117 0.028064
1743.80798 0.02836
1743.91467 0.028669
1744.02148 0.028993
1744.12817 0.029334
1744.23499 0.029694
1744.34167 0.030069
1744.44849 0.030459
1744.55518 0.030862
1744.66199 0.031275
1744.76868 0.031698
1744.87549 0.032127
1744.98218 0.032562
1745.08899 0.033001
1745.19568 0.033443
1745.30249 0.033887
1745.40918 0.034335
1745.51599 0.034789
1745.62268 0.035247
1745.72949 0.035712
1745.83618 0.036185
1745.94299 0.036665
1746.04980 0.037154
1746.15649 0.037653
1746.26331 0.038164
1746.37000 0.038688
1746.47681 0.039228
1746.58350 0.039786
1746.69031 0.040364
1746.79700 0.040965
1746.90381 0.041589
1747.01050 0.042241
1747.11731 0.042921
1747.22400 0.04363
1747.33081 0.044363
1747.43750 0.045118
1747.54431 0.045891
1747.65100 0.046679
1747.75781 0.047477
1747.86450 0.048283
1747.97131 0.049092
1748.07800 0.049902
1748.18481 0.050709
1748.29150 0.051514
1748.39832 0.052317
1748.50500 0.05312
1748.61182 0.053923
1748.71863 0.054728
1748.82532 0.055536
1748.93213 0.056346
1749.03882 0.057161
1749.14563 0.057982
1749.25232 0.058811
1749.35913 0.059654
1749.46582 0.060515
1749.57263 0.061399
1749.67932 0.062311
1749.78613 0.063256
1749.89282 0.064239
1749.99963 0.065265
1750.10632 0.066337
1750.21313 0.067459
1750.31982 0.068627
1750.42664 0.069839
1750.53333 0.071091
1750.64014 0.07238
1750.74683 0.073702
1750.85364 0.075055
1750.96033 0.076434
1751.06714 0.077838
1751.17383 0.079263
1751.28064 0.080711
1751.38745 0.082183
1751.49414 0.083682
1751.60095 0.085209
1751.70764 0.086767
1751.81445 0.088357
1751.92114 0.089982
1752.02795 0.091644
1752.13464 0.093345
1752.24146 0.09509
1752.34814 0.096889
1752.45496 0.098749
1752.56165 0.10068
1752.66846 0.102689
1752.77515 0.104786
1752.88196 0.106979
1752.98865 0.109276
1753.09546 0.111686
1753.20215 0.114212
1753.30896 0.116843
1753.41565 0.119568
1753.52246 0.122375
1753.62915 0.125251
1753.73596 0.128184
1753.84265 0.131163
1753.94946 0.134175
1754.05627 0.137208
1754.16296 0.140252
1754.26978 0.143307
1754.37646 0.146377
1754.48328 0.149466
1754.58997 0.152578
1754.69678 0.155717
1754.80347 0.158888
1754.91028 0.162096
1755.01697 0.165343
1755.12378 0.168636
1755.23047 0.171981
1755.33728 0.175391
1755.44397 0.17888
1755.55078 0.182459
1755.65747 0.186141
1755.76428 0.18994
1755.87097 0.193868
1755.97778 0.197937
1756.08447 0.202161
1756.19128 0.206543
1756.29797 0.21106
1756.40479 0.215683
1756.51160 0.220384
1756.61829 0.225134
1756.72510 0.229905
1756.83179 0.234669
1756.93860 0.239396
1757.04529 0.244059
1757.15210 0.248632
1757.25879 0.253126
1757.36560 0.257571
1757.47229 0.261994
1757.57910 0.266427
1757.68579 0.270899
1757.79260 0.27544
1757.89929 0.280078
1758.00610 0.284844
1758.11279 0.289767
1758.21960 0.294852
1758.32629 0.300072
1758.43311 0.305395
1758.53979 0.310791
1758.64661 0.316228
1758.75330 0.321676
1758.86011 0.327104
1758.96680 0.332481
1759.07361 0.337776
1759.18042 0.342965
1759.28711 0.348052
1759.39392 0.353049
1759.50061 0.357967
1759.60742 0.362818
1759.71411 0.367613
1759.82092 0.372364
1759.92761 0.377081
1760.03442 0.381778
1760.14111 0.386464
1760.24792 0.391153
1760.35461 0.395856
1760.46143 0.400586
1760.56812 0.405357
1760.67493 0.41018
1760.78162 0.415067
1760.88843 0.420033
1760.99512 0.425088
1761.10193 0.430245
1761.20862 0.435507
1761.31543 0.440851
1761.42212 0.446256
1761.52893 0.451698
1761.63562 0.457155
1761.74243 0.462603
1761.84924 0.468021
1761.95593 0.473384
1762.06274 0.478671
1762.16943 0.483862
1762.27625 0.488961
1762.38293 0.493981
1762.48975 0.498932
1762.59644 0.503827
1762.70325 0.508678
1762.80994 0.513495
1762.91675 0.518292
1763.02344 0.52308
1763.13025 0.527871
1763.23694 0.532674
1763.34375 0.537499
1763.45044 0.542354
1763.55725 0.547248
1763.66394 0.55219
1763.77075 0.557188
1763.87744 0.562251
1763.98425 0.567387
1764.09094 0.572605
1764.19775 0.577906
1764.30457 0.583264
1764.41125 0.588654
1764.51807 0.594048
1764.62476 0.59942
1764.73157 0.604742
1764.83826 0.609987
1764.94507 0.615128
1765.05176 0.620139
1765.15857 0.624995
1765.26526 0.6297
1765.37207 0.634269
1765.47876 0.638719
1765.58557 0.643064
1765.69226 0.647321
1765.79907 0.651504
1765.90576 0.655631
1766.01257 0.659716
1766.11926 0.663775
1766.22607 0.667825
1766.33276 0.671883
1766.43958 0.675968
1766.54626 0.680097
1766.65308 0.684288
1766.75977 0.688559
1766.86658 0.692928
1766.97339 0.697413
1767.08008 0.702031
1767.18689 0.706792
1767.29358 0.711673
1767.40039 0.716646
1767.50708 0.721684
1767.61389 0.726758
1767.72058 0.731839
1767.82739 0.7369
1767.93408 0.741912
1768.04089 0.746846
1768.14758 0.751678
1768.25439 0.756415
1768.36108 0.761082
1768.46790 0.765707
1768.57458 0.770317
1768.68140 0.774937
1768.78809 0.779595
1768.89490 0.784318
1769.00159 0.789133
1769.10840 0.794065
1769.21509 0.79912
1769.32190 0.804268
1769.42859 0.809477
1769.53540 0.814714
1769.64221 0.819945
1769.74890 0.825139
1769.85571 0.830263
1769.96240 0.835284
1770.06921 0.840169
1770.17590 0.844892
1770.28271 0.849456
1770.38940 0.853875
1770.49622 0.858159
1770.60291 0.862321
1770.70972 0.866373
1770.81641 0.870327
1770.92322 0.874195
1771.02991 0.877989
1771.13672 0.881722
1771.24341 0.885395
1771.35022 0.889006
1771.45691 0.892552
1771.56372 0.896028
1771.67041 0.899431
1771.77722 0.902759
1771.88391 0.906006
1771.99072 0.909171
1772.09753 0.912248
1772.20422 0.915235
1772.31104 0.918127
1772.41772 0.920917
1772.52454 0.923602
1772.63123 0.926175
1772.73804 0.928633
1772.84473 0.930969
1772.95154 0.933179
1773.05823 0.935257
1773.16504 0.937201
1773.27173 0.939021
1773.37854 0.940732
1773.48523 0.94235
1773.59204 0.943891
1773.69873 0.945369
1773.80554 0.946802
1773.91223 0.948204
1774.01904 0.949591
1774.12573 0.950978
1774.23254 0.952374
1774.33923 0.953779
1774.44604 0.955196
1774.55273 0.956624
1774.65955 0.958065
1774.76636 0.95952
1774.87305 0.96099
1774.97986 0.962475
1775.08655 0.963977
1775.19336 0.965495
1775.30005 0.96702
1775.40686 0.968546
1775.51355 0.970063
1775.62036 0.971563
1775.72705 0.973038
1775.83386 0.97448
1775.94055 0.97588
1776.04736 0.977231
1776.15405 0.978524
1776.26086 0.979758
1776.36755 0.980938
1776.47437 0.982066
1776.58105 0.983145
1776.68787 0.984178
1776.79456 0.985168
1776.90137 0.986119
1777.00806 0.987032
1777.11487 0.987912
1777.22156 0.98876
1777.32837 0.989578
1777.43518 0.990364
1777.54187 0.991121
1777.64868 0.991848
1777.75537 0.992546
1777.86218 0.993216
1777.96887 0.993858
1778.07568 0.994472
1778.18237 0.99506
1778.28918 0.995619
1778.39587 0.996148
1778.50269 0.996646
1778.60938 0.997111
1778.71619 0.997542
1778.82288 0.997937
1778.92969 0.998294
1779.03638 0.998612
1779.14319 0.998891
1779.24988 0.99913
1779.35669 0.999333
1779.46338 0.999502
1779.57019 0.999641
1779.67688 0.999753
1779.78369 0.99984
1779.89050 0.999906
1779.99719 0.999952
1780.10400 0.999983
1780.21069 0.999999
1780.31750 1.0
1780.42419 0.999984
1780.53101 0.99995
1780.63770 0.999896
1780.74451 0.999821
1780.85120 0.999724
1780.95801 0.999603
1781.06470 0.999457
1781.17151 0.999286
1781.27820 0.999089
1781.38501 0.998867
1781.49170 0.998621
1781.59851 0.998353
1781.70520 0.998064
1781.81201 0.997753
1781.91870 0.997423
1782.02551 0.997074
1782.13220 0.996706
1782.23901 0.99632
1782.34570 0.99591
1782.45251 0.995475
1782.55933 0.995009
1782.66602 0.994511
1782.77283 0.993976
1782.87952 0.9934
1782.98633 0.992781
1783.09302 0.992115
1783.19983 0.9914
1783.30652 0.990638
1783.41333 0.989833
1783.52002 0.988987
1783.62683 0.988103
1783.73352 0.987183
1783.84033 0.986232
1783.94702 0.985251
1784.05383 0.984244
1784.16052 0.983212
1784.26733 0.982157
1784.37402 0.981077
1784.48083 0.979971
1784.58752 0.978838
1784.69434 0.977676
1784.80103 0.976486
1784.90784 0.975265
1785.01453 0.974014
1785.12134 0.97273
1785.22815 0.971411
1785.33484 0.970053
1785.44165 0.968649
1785.54834 0.967197
1785.65515 0.965689
1785.76184 0.964122
1785.86865 0.962491
1785.97534 0.960791
1786.08215 0.959016
1786.18884 0.957166
1786.29565 0.955248
1786.40234 0.953274
1786.50916 0.951252
1786.61584 0.949194
1786.72266 0.947111
1786.82935 0.945012
1786.93616 0.942908
1787.04285 0.940809
1787.14966 0.938725
1787.25635 0.936656
1787.36316 0.934596
1787.46985 0.932538
1787.57666 0.930477
1787.68335 0.928407
1787.79016 0.926323
1787.89697 0.924218
1788.00366 0.922087
1788.11047 0.919922
1788.21716 0.917711
1788.32397 0.915425
1788.43066 0.913035
1788.53748 0.910513
1788.64417 0.907829
1788.75098 0.904954
1788.85767 0.901861
1788.96448 0.898519
1789.07117 0.894901
1789.17798 0.890986
1789.28467 0.886796
1789.39148 0.882361
1789.49817 0.877714
1789.60498 0.872886
1789.71167 0.867908
1789.81848 0.862812
1789.92517 0.857629
1790.03198 0.852391
1790.13867 0.847128
1790.24548 0.841855
1790.35229 0.836573
1790.45898 0.831285
1790.56580 0.825992
1790.67249 0.820696
1790.77930 0.815398
1790.88599 0.810101
1790.99280 0.804807
1791.09949 0.799517
1791.20630 0.79423
1791.31299 0.788942
1791.41980 0.783646
1791.52649 0.778337
1791.63330 0.773009
1791.73999 0.767655
1791.84680 0.762272
1791.95349 0.756851
1792.06030 0.751388
1792.16699 0.74588
1792.27380 0.740341
1792.38049 0.734789
1792.48730 0.729244
1792.59399 0.723726
1792.70081 0.718255
1792.80750 0.71285
1792.91431 0.707531
1793.02112 0.702317
1793.12781 0.697227
1793.23462 0.692263
1793.34131 0.68741
1793.44812 0.682653
1793.55481 0.677977
1793.66162 0.673365
1793.76831 0.668804
1793.87512 0.664277
1793.98181 0.659768
1794.08862 0.655263
1794.19531 0.650747
1794.30212 0.646207
1794.40881 0.641628
1794.51562 0.636998
1794.62231 0.632304
1794.72913 0.627533
1794.83582 0.622671
1794.94263 0.617705
1795.04932 0.612623
1795.15613 0.607413
1795.26282 0.602096
1795.36963 0.596701
1795.47632 0.591262
1795.58313 0.585811
1795.68994 0.580378
1795.79663 0.574997
1795.90344 0.569698
1796.01013 0.564514
1796.11694 0.559477
1796.22363 0.55459
1796.33044 0.549826
1796.43713 0.545154
1796.54395 0.540542
1796.65063 0.53596
1796.75745 0.531378
1796.86414 0.526764
1796.97095 0.522087
1797.07764 0.517317
1797.18445 0.512434
1797.29114 0.507456
1797.39795 0.50241
1797.50464 0.497322
1797.61145 0.49222
1797.71814 0.487131
1797.82495 0.482082
1797.93164 0.477099
1798.03845 0.472209
1798.14526 0.467438
1798.25195 0.462786
1798.35876 0.458241
1798.46545 0.45379
1798.57227 0.449418
1798.67896 0.445114
1798.78577 0.440863
1798.89246 0.436652
1798.99927 0.432468
1799.10596 0.428297
1799.21277 0.424127
1799.31946 0.419948
1799.42627 0.415746
1799.53296 0.411513
1799.63977 0.407236
1799.74646 0.402905
1799.85327 0.398509
1799.95996 0.394036
1800.06677 0.389476
1800.17346 0.384822
1800.28027 0.380087
1800.38696 0.375292
1800.49377 0.370455
1800.60046 0.365598
1800.70728 0.36074
1800.81409 0.355901
1800.92078 0.351101
1801.02759 0.346359
1801.13428 0.341694
1801.24109 0.337109
1801.34778 0.332594
1801.45459 0.328137
1801.56128 0.323726
1801.66809 0.31935
1801.77478 0.314998
1801.88159 0.310658
1801.98828 0.30632
1802.09509 0.301971
1802.20178 0.297602
1802.30859 0.293205
1802.41528 0.28877
1802.52209 0.284292
1802.62878 0.279761
1802.73560 0.275169
1802.84229 0.27051
1802.94910 0.265775
1803.05579 0.260957
1803.16260 0.256049
1803.26929 0.251071
1803.37610 0.246048
1803.48291 0.241008
1803.58960 0.235975
1803.69641 0.230977
1803.80310 0.22604
1803.90991 0.22119
1804.01660 0.216455
1804.12341 0.211859
1804.23010 0.207412
1804.33691 0.203104
1804.44360 0.198926
1804.55042 0.194868
1804.65710 0.190919
1804.76392 0.187069
1804.87061 0.183308
1804.97742 0.179625
1805.08411 0.176011
1805.19092 0.172456
1805.29761 0.16895
1805.40442 0.165487
1805.51111 0.162059
1805.61792 0.158658
1805.72461 0.155276
1805.83142 0.151907
1805.93823 0.148543
1806.04492 0.145176
1806.15173 0.141802
1806.25842 0.138429
1806.36523 0.135073
1806.47192 0.131749
1806.57874 0.128473
1806.68542 0.125262
1806.79224 0.122128
1806.89893 0.119089
1807.00574 0.116157
1807.11243 0.113349
1807.21924 0.110668
1807.32593 0.108103
1807.43274 0.105646
1807.53943 0.103284
1807.64624 0.101006
1807.75293 0.098804
1807.85974 0.096666
1807.96643 0.094581
1808.07324 0.092541
1808.17993 0.090535
1808.28674 0.08856
1808.39343 0.086614
1808.50024 0.084694
1808.60706 0.082799
1808.71375 0.080925
1808.82056 0.079071
1808.92725 0.077233
1809.03406 0.07541
1809.14075 0.0736
1809.24756 0.071806
1809.35425 0.070035
1809.46106 0.068295
1809.56775 0.066594
1809.67456 0.06494
1809.78125 0.06334
1809.88806 0.061801
1809.99475 0.060332
1810.10156 0.05894
1810.20825 0.057627
1810.31506 0.056386
1810.42175 0.055209
1810.52856 0.054088
1810.63525 0.053013
1810.74207 0.051976
1810.84875 0.05097
1810.95557 0.049985
1811.06226 0.049014
1811.16907 0.048049
1811.27588 0.047093
1811.38257 0.046148
1811.48938 0.045221
1811.59607 0.044316
1811.70288 0.043437
1811.80957 0.042588
1811.91638 0.041774
1812.02307 0.041001
1812.12988 0.040271
1812.23657 0.039585
1812.34338 0.03894
1812.45007 0.03833
1812.55688 0.037754
1812.66357 0.037206
1812.77039 0.036682
1812.87708 0.036179
1812.98389 0.035693
1813.09058 0.035219
1813.19739 0.034755
1813.30408 0.034299
1813.41089 0.03385
1813.51758 0.033406
1813.62439 0.032966
1813.73108 0.032528
1813.83789 0.032092
1813.94470 0.031656
1814.05139 0.031219
1814.15820 0.030779
1814.26489 0.030337
1814.37170 0.029896
1814.47839 0.029456
1814.58521 0.029021
1814.69189 0.02859
1814.79871 0.028167
1814.90540 0.027753
1815.01221 0.027349
1815.11890 0.026958
1815.22571 0.026579
1815.33240 0.026212
1815.43921 0.025856
1815.54590 0.02551
1815.65271 0.025173
1815.75940 0.024842
1815.86621 0.024519
1815.97290 0.024201
1816.07971 0.023887
1816.18640 0.023576
1816.29321 0.023269
1816.40002 0.022963
1816.50671 0.022659
1816.61353 0.022357
1816.72021 0.022055
1816.82703 0.021753
1816.93372 0.021451
1817.04053 0.021147
1817.14722 0.020843
1817.25403 0.020537
1817.36072 0.020232
1817.46753 0.019929
1817.57422 0.019629
1817.68103 0.019334
1817.78772 0.019044
1817.89453 0.018761
1818.00122 0.018487
1818.10803 0.018222
1818.21472 0.017967
1818.32153 0.017721
1818.42822 0.017484
1818.53503 0.017255
1818.64172 0.017033
1818.74854 0.016817
1818.85522 0.016606
1818.96204 0.0164
1819.06885 0.016198
1819.17554 0.015999
1819.28235 0.015802
1819.38904 0.015609
1819.49585 0.015417
1819.60254 0.015227
1819.70935 0.015039
1819.81604 0.014852
1819.92285 0.014666
1820.02954 0.01448
1820.13635 0.014296
1820.24304 0.014112
1820.34985 0.01393
1820.45654 0.01375
1820.56335 0.013573
1820.67004 0.013401
1820.77686 0.013234
1820.88354 0.013073
1820.99036 0.012918
1821.09705 0.01277
1821.20386 0.012631
1821.31055 0.012498
1821.41736 0.012372
1821.52405 0.012251
1821.63086 0.012135
1821.73767 0.012022
1821.84436 0.011912
1821.95117 0.011805
1822.05786 0.011698
1822.16467 0.011592
1822.27136 0.011487
1822.37817 0.011383
1822.48486 0.01128
1822.59167 0.01118
1822.69836 0.011082
1822.80518 0.010988
1822.91187 0.010898
1823.01868 0.010812
1823.12537 0.010731
1823.23218 0.010655
1823.33887 0.010583
1823.44568 0.010516
1823.55237 0.010452
1823.65918 0.010391
1823.76587 0.010334
1823.87268 0.010279
1823.97937 0.010226
1824.08618 0.010175
1824.19299 0.010125
1824.29968 0.010077
1824.40649 0.01003
1824.51318 0.009984
1824.62000 0.009939
1824.72668 0.009896
1824.83350 0.009853
1824.94019 0.009812
1825.04700 0.009771
1825.15369 0.009731
1825.26050 0.009692
1825.36719 0.009654
1825.47400 0.009617
1825.58069 0.009581
1825.68750 0.009547
1825.79419 0.009513
1825.90100 0.009481
1826.00769 0.009449
1826.11450 0.00942
1826.22119 0.009391
1826.32800 0.009364
1826.43469 0.009337
1826.54150 0.009312
1826.64819 0.009287
1826.75500 0.009263
1826.86182 0.009239
1826.96851 0.009216
1827.07532 0.009193
1827.18201 0.00917
1827.28882 0.009147
1827.39551 0.009124
1827.50232 0.0091
1827.60901 0.009076
1827.71582 0.009051
1827.82251 0.009025
1827.92932 0.008999
1828.03601 0.008971
1828.14282 0.008943
1828.24951 0.008913
1828.35632 0.008882
1828.46301 0.00885
1828.56982 0.008817
1828.67651 0.008784
1828.78333 0.00875
1828.89001 0.008715
1828.99683 0.00868
1829.10352 0.008645
1829.21033 0.00861
1829.31702 0.008574
1829.42383 0.008538
1829.53064 0.008502
1829.63733 0.008465
1829.74414 0.008428
1829.85083 0.008391
1829.95764 0.008354
1830.06433 0.008316
1830.17114 0.008277
1830.27783 0.008238
1830.38464 0.008198
1830.49133 0.008158
1830.59814 0.008117
1830.70483 0.008074
1830.81165 0.008031
1830.91833 0.007986
1831.02515 0.00794
1831.13184 0.007892
1831.23865 0.007843
1831.34534 0.007793
1831.45215 0.007742
1831.55884 0.00769
1831.66565 0.007638
1831.77234 0.007585
1831.87915 0.007532
1831.98596 0.007479
1832.09265 0.007427
1832.19946 0.007375
1832.30615 0.007324
1832.41296 0.007273
1832.51965 0.007223
1832.62646 0.007173
1832.73315 0.007123
1832.83997 0.007074
1832.94666 0.007025
1833.05347 0.006977
1833.16016 0.006929
1833.26697 0.006881
1833.37366 0.006832
1833.48047 0.006783
1833.58716 0.006733
1833.69397 0.006681
1833.80066 0.006627
1833.90747 0.006571
1834.01416 0.006513
1834.12097 0.006451
1834.22766 0.006387
1834.33447 0.006322
1834.44116 0.006256
1834.54797 0.006191
1834.65479 0.006129
1834.76147 0.006069
1834.86829 0.006015
1834.97498 0.005966
1835.08179 0.005923
1835.18848 0.005889
1835.29529 0.005862
1835.40198 0.005841
1835.50879 0.005826
1835.61548 0.005815
1835.72229 0.005807
1835.82898 0.005803
1835.93579 0.0058
1836.04248 0.005799
1836.14929 0.005798
1836.25598 0.005796
2019.88159 0.0
