threeML/data/optical_filters/TD1/SPEC-F2520.ecsv
# %ECSV 0.9
# ---
# datatype:
# - {name: wavelength, unit: Angstrom, datatype: float32}
# - {name: response, datatype: float32}
# meta: !!omap
# - {band_name: F2520}
# - {group_name: SPEC}
wavelength response
2220.24707 0.0
2466.94116 0.010058
2467.04810 0.010124
2467.15479 0.01019
2467.26147 0.010256
2467.36816 0.010321
2467.47510 0.010387
2467.58179 0.010453
2467.68848 0.01052
2467.79517 0.010587
2467.90210 0.010655
2468.00879 0.010725
2468.11548 0.010795
2468.22241 0.010868
2468.32910 0.010941
2468.43579 0.011015
2468.54248 0.011089
2468.64941 0.011163
2468.75610 0.011236
2468.86279 0.011308
2468.96948 0.011378
2469.07642 0.011447
2469.18311 0.011514
2469.28979 0.011578
2469.39648 0.011642
2469.50342 0.011704
2469.61011 0.011765
2469.71680 0.011827
2469.82349 0.011888
2469.93042 0.01195
2470.03711 0.012013
2470.14380 0.012078
2470.25049 0.012143
2470.35742 0.01221
2470.46411 0.012277
2470.57080 0.012345
2470.67773 0.012412
2470.78442 0.012478
2470.89111 0.012543
2470.99780 0.012607
2471.10474 0.012669
2471.21143 0.012729
2471.31812 0.012787
2471.42480 0.012843
2471.53174 0.012899
2471.63843 0.012953
2471.74512 0.013007
2471.85181 0.01306
2471.95874 0.013114
2472.06543 0.013168
2472.17212 0.013222
2472.27881 0.013278
2472.38574 0.013334
2472.49243 0.013391
2472.59912 0.013448
2472.70581 0.013507
2472.81274 0.013566
2472.91943 0.013626
2473.02612 0.013687
2473.13281 0.013749
2473.23975 0.013812
2473.34644 0.013875
2473.45312 0.013939
2473.56006 0.014004
2473.66675 0.014069
2473.77344 0.014134
2473.88013 0.014199
2473.98706 0.014265
2474.09375 0.01433
2474.20044 0.014395
2474.30713 0.014461
2474.41406 0.014526
2474.52075 0.014592
2474.62744 0.014658
2474.73413 0.014724
2474.84106 0.014791
2474.94775 0.014859
2475.05444 0.014927
2475.16113 0.014997
2475.26807 0.015067
2475.37476 0.015139
2475.48145 0.015213
2475.58813 0.01529
2475.69507 0.015368
2475.80176 0.01545
2475.90845 0.015535
2476.01538 0.015624
2476.12207 0.015716
2476.22876 0.015813
2476.33545 0.015913
2476.44238 0.016016
2476.54907 0.016121
2476.65576 0.016229
2476.76245 0.016339
2476.86938 0.01645
2476.97607 0.016562
2477.08276 0.016675
2477.18945 0.016787
2477.29639 0.0169
2477.40308 0.017013
2477.50977 0.017127
2477.61646 0.017242
2477.72339 0.017357
2477.83008 0.017474
2477.93677 0.017592
2478.04346 0.017711
2478.15039 0.017831
2478.25708 0.017954
2478.36377 0.018079
2478.47046 0.018206
2478.57739 0.018337
2478.68408 0.018472
2478.79077 0.01861
2478.89771 0.018754
2479.00439 0.018902
2479.11108 0.019056
2479.21777 0.019215
2479.32471 0.019379
2479.43140 0.019548
2479.53809 0.019719
2479.64478 0.019894
2479.75171 0.02007
2479.85840 0.020247
2479.96509 0.020425
2480.07178 0.020602
2480.17871 0.020778
2480.28540 0.020953
2480.39209 0.021128
2480.49878 0.021302
2480.60571 0.021477
2480.71240 0.021651
2480.81909 0.021825
2480.92578 0.022
2481.03271 0.022176
2481.13940 0.022353
2481.24609 0.022531
2481.35303 0.022712
2481.45972 0.022897
2481.56641 0.023086
2481.67310 0.023281
2481.78003 0.023482
2481.88672 0.02369
2481.99341 0.023907
2482.10010 0.024133
2482.20703 0.024368
2482.31372 0.024612
2482.42041 0.024862
2482.52710 0.025119
2482.63403 0.02538
2482.74072 0.025644
2482.84741 0.02591
2482.95410 0.026176
2483.06104 0.026441
2483.16772 0.026705
2483.27441 0.026969
2483.38110 0.027234
2483.48804 0.027504
2483.59473 0.02778
2483.70142 0.028064
2483.80835 0.02836
2483.91504 0.028669
2484.02173 0.028993
2484.12842 0.029334
2484.23535 0.029694
2484.34204 0.030069
2484.44873 0.030459
2484.55542 0.030862
2484.66235 0.031275
2484.76904 0.031698
2484.87573 0.032127
2484.98242 0.032562
2485.08936 0.033001
2485.19604 0.033443
2485.30273 0.033887
2485.40942 0.034335
2485.51636 0.034789
2485.62305 0.035247
2485.72974 0.035712
2485.83643 0.036185
2485.94336 0.036665
2486.05005 0.037154
2486.15674 0.037653
2486.26343 0.038164
2486.37036 0.038688
2486.47705 0.039228
2486.58374 0.039786
2486.69067 0.040364
2486.79736 0.040965
2486.90405 0.041589
2487.01074 0.042241
2487.11768 0.042921
2487.22437 0.04363
2487.33105 0.044363
2487.43774 0.045118
2487.54468 0.045891
2487.65137 0.046679
2487.75806 0.047477
2487.86475 0.048283
2487.97168 0.049092
2488.07837 0.049902
2488.18506 0.050709
2488.29175 0.051514
2488.39868 0.052317
2488.50537 0.05312
2488.61206 0.053923
2488.71875 0.054728
2488.82568 0.055536
2488.93237 0.056346
2489.03906 0.057161
2489.14600 0.057982
2489.25269 0.058811
2489.35938 0.059654
2489.46606 0.060515
2489.57300 0.061399
2489.67969 0.062311
2489.78638 0.063256
2489.89307 0.064239
2490.00000 0.065265
2490.10669 0.066337
2490.21338 0.067459
2490.32007 0.068627
2490.42700 0.069839
2490.53369 0.071091
2490.64038 0.07238
2490.74707 0.073702
2490.85400 0.075055
2490.96069 0.076434
2491.06738 0.077838
2491.17407 0.079263
2491.28101 0.080711
2491.38770 0.082183
2491.49438 0.083682
2491.60132 0.085209
2491.70801 0.086767
2491.81470 0.088357
2491.92139 0.089982
2492.02832 0.091644
2492.13501 0.093345
2492.24170 0.09509
2492.34839 0.096889
2492.45532 0.098749
2492.56201 0.10068
2492.66870 0.102689
2492.77539 0.104786
2492.88232 0.106979
2492.98901 0.109276
2493.09570 0.111686
2493.20239 0.114212
2493.30933 0.116843
2493.41602 0.119568
2493.52271 0.122375
2493.62939 0.125251
2493.73633 0.128184
2493.84302 0.131163
2493.94971 0.134175
2494.05640 0.137208
2494.16333 0.140252
2494.27002 0.143307
2494.37671 0.146377
2494.48364 0.149466
2494.59033 0.152578
2494.69702 0.155717
2494.80371 0.158888
2494.91064 0.162096
2495.01733 0.165343
2495.12402 0.168636
2495.23071 0.171981
2495.33765 0.175391
2495.44434 0.17888
2495.55103 0.182459
2495.65771 0.186141
2495.76465 0.18994
2495.87134 0.193868
2495.97803 0.197937
2496.08472 0.202161
2496.19165 0.206543
2496.29834 0.21106
2496.40503 0.215683
2496.51172 0.220384
2496.61865 0.225134
2496.72534 0.229905
2496.83203 0.234669
2496.93896 0.239396
2497.04565 0.244059
2497.15234 0.248632
2497.25903 0.253126
2497.36597 0.257571
2497.47266 0.261994
2497.57935 0.266427
2497.68604 0.270899
2497.79297 0.27544
2497.89966 0.280078
2498.00635 0.284844
2498.11304 0.289767
2498.21997 0.294852
2498.32666 0.300072
2498.43335 0.305395
2498.54004 0.310791
2498.64697 0.316228
2498.75366 0.321676
2498.86035 0.327104
2498.96704 0.332481
2499.07397 0.337776
2499.18066 0.342965
2499.28735 0.348052
2499.39429 0.353049
2499.50098 0.357967
2499.60767 0.362818
2499.71436 0.367613
2499.82129 0.372364
2499.92798 0.377081
2500.03467 0.381778
2500.14136 0.386464
2500.24829 0.391153
2500.35498 0.395856
2500.46167 0.400586
2500.56836 0.405357
2500.67529 0.41018
2500.78198 0.415067
2500.88867 0.420033
2500.99536 0.425088
2501.10229 0.430245
2501.20898 0.435507
2501.31567 0.440851
2501.42236 0.446256
2501.52930 0.451698
2501.63599 0.457155
2501.74268 0.462603
2501.84937 0.468021
2501.95630 0.473384
2502.06299 0.478671
2502.16968 0.483862
2502.27661 0.488961
2502.38330 0.493981
2502.48999 0.498932
2502.59668 0.503827
2502.70361 0.508678
2502.81030 0.513495
2502.91699 0.518292
2503.02368 0.52308
2503.13062 0.527871
2503.23730 0.532674
2503.34399 0.537499
2503.45068 0.542354
2503.55762 0.547248
2503.66431 0.55219
2503.77100 0.557188
2503.87769 0.562251
2503.98462 0.567387
2504.09131 0.572605
2504.19800 0.577906
2504.30469 0.583264
2504.41162 0.588654
2504.51831 0.594048
2504.62500 0.59942
2504.73193 0.604742
2504.83862 0.609987
2504.94531 0.615128
2505.05200 0.620139
2505.15894 0.624995
2505.26562 0.6297
2505.37231 0.634269
2505.47900 0.638719
2505.58594 0.643064
2505.69263 0.647321
2505.79932 0.651504
2505.90601 0.655631
2506.01294 0.659716
2506.11963 0.663775
2506.22632 0.667825
2506.33301 0.671883
2506.43994 0.675968
2506.54663 0.680097
2506.65332 0.684288
2506.76001 0.688559
2506.86694 0.692928
2506.97363 0.697413
2507.08032 0.702031
2507.18726 0.706792
2507.29395 0.711673
2507.40063 0.716646
2507.50732 0.721684
2507.61426 0.726758
2507.72095 0.731839
2507.82764 0.7369
2507.93433 0.741912
2508.04126 0.746846
2508.14795 0.751678
2508.25464 0.756415
2508.36133 0.761082
2508.46826 0.765707
2508.57495 0.770317
2508.68164 0.774937
2508.78833 0.779595
2508.89526 0.784318
2509.00195 0.789133
2509.10864 0.794065
2509.21533 0.79912
2509.32227 0.804268
2509.42896 0.809477
2509.53564 0.814714
2509.64233 0.819945
2509.74927 0.825139
2509.85596 0.830263
2509.96265 0.835284
2510.06958 0.840169
2510.17627 0.844892
2510.28296 0.849456
2510.38965 0.853875
2510.49658 0.858159
2510.60327 0.862321
2510.70996 0.866373
2510.81665 0.870327
2510.92358 0.874195
2511.03027 0.877989
2511.13696 0.881722
2511.24365 0.885395
2511.35059 0.889006
2511.45728 0.892552
2511.56396 0.896028
2511.67065 0.899431
2511.77759 0.902759
2511.88428 0.906006
2511.99097 0.909171
2512.09766 0.912248
2512.20459 0.915235
2512.31128 0.918127
2512.41797 0.920917
2512.52490 0.923602
2512.63159 0.926175
2512.73828 0.928633
2512.84497 0.930969
2512.95190 0.933179
2513.05859 0.935257
2513.16528 0.937201
2513.27197 0.939021
2513.37891 0.940732
2513.48560 0.94235
2513.59229 0.943891
2513.69897 0.945369
2513.80591 0.946802
2513.91260 0.948204
2514.01929 0.949591
2514.12598 0.950978
2514.23291 0.952374
2514.33960 0.953779
2514.44629 0.955196
2514.55298 0.956624
2514.65991 0.958065
2514.76660 0.95952
2514.87329 0.96099
2514.98022 0.962475
2515.08691 0.963977
2515.19360 0.965495
2515.30029 0.96702
2515.40723 0.968546
2515.51392 0.970063
2515.62061 0.971563
2515.72729 0.973038
2515.83423 0.97448
2515.94092 0.97588
2516.04761 0.977231
2516.15430 0.978524
2516.26123 0.979758
2516.36792 0.980938
2516.47461 0.982066
2516.58130 0.983145
2516.68823 0.984178
2516.79492 0.985168
2516.90161 0.986119
2517.00830 0.987032
2517.11523 0.987912
2517.22192 0.98876
2517.32861 0.989578
2517.43530 0.990364
2517.54224 0.991121
2517.64893 0.991848
2517.75562 0.992546
2517.86255 0.993216
2517.96924 0.993858
2518.07593 0.994472
2518.18262 0.99506
2518.28955 0.995619
2518.39624 0.996148
2518.50293 0.996646
2518.60962 0.997111
2518.71655 0.997542
2518.82324 0.997937
2518.92993 0.998294
2519.03662 0.998612
2519.14355 0.998891
2519.25024 0.99913
2519.35693 0.999333
2519.46362 0.999502
2519.57056 0.999641
2519.67725 0.999753
2519.78394 0.99984
2519.89062 0.999906
2519.99756 0.999952
2520.10425 0.999983
2520.21094 0.999999
2520.31787 1.0
2520.42456 0.999984
2520.53125 0.99995
2520.63794 0.999896
2520.74487 0.999821
2520.85156 0.999724
2520.95825 0.999603
2521.06494 0.999457
2521.17188 0.999286
2521.27856 0.999089
2521.38525 0.998867
2521.49194 0.998621
2521.59888 0.998353
2521.70557 0.998064
2521.81226 0.997753
2521.91895 0.997423
2522.02588 0.997074
2522.13257 0.996706
2522.23926 0.99632
2522.34595 0.99591
2522.45288 0.995475
2522.55957 0.995009
2522.66626 0.994511
2522.77319 0.993976
2522.87988 0.9934
2522.98657 0.992781
2523.09326 0.992115
2523.20020 0.9914
2523.30688 0.990638
2523.41357 0.989833
2523.52026 0.988987
2523.62720 0.988103
2523.73389 0.987183
2523.84058 0.986232
2523.94727 0.985251
2524.05420 0.984244
2524.16089 0.983212
2524.26758 0.982157
2524.37427 0.981077
2524.48120 0.979971
2524.58789 0.978838
2524.69458 0.977676
2524.80127 0.976486
2524.90820 0.975265
2525.01489 0.974014
2525.12158 0.97273
2525.22827 0.971411
2525.33521 0.970053
2525.44189 0.968649
2525.54858 0.967197
2525.65552 0.965689
2525.76221 0.964122
2525.86890 0.962491
2525.97559 0.960791
2526.08252 0.959016
2526.18921 0.957166
2526.29590 0.955248
2526.40259 0.953274
2526.50952 0.951252
2526.61621 0.949194
2526.72290 0.947111
2526.82959 0.945012
2526.93652 0.942908
2527.04321 0.940809
2527.14990 0.938725
2527.25659 0.936656
2527.36353 0.934596
2527.47021 0.932538
2527.57690 0.930477
2527.68359 0.928407
2527.79053 0.926323
2527.89722 0.924218
2528.00391 0.922087
2528.11084 0.919922
2528.21753 0.917711
2528.32422 0.915425
2528.43091 0.913035
2528.53784 0.910513
2528.64453 0.907829
2528.75122 0.904954
2528.85791 0.901861
2528.96484 0.898519
2529.07153 0.894901
2529.17822 0.890986
2529.28491 0.886796
2529.39185 0.882361
2529.49854 0.877714
2529.60522 0.872886
2529.71191 0.867908
2529.81885 0.862812
2529.92554 0.857629
2530.03223 0.852391
2530.13892 0.847128
2530.24585 0.841855
2530.35254 0.836573
2530.45923 0.831285
2530.56592 0.825992
2530.67285 0.820696
2530.77954 0.815398
2530.88623 0.810101
2530.99316 0.804807
2531.09985 0.799517
2531.20654 0.79423
2531.31323 0.788942
2531.42017 0.783646
2531.52686 0.778337
2531.63354 0.773009
2531.74023 0.767655
2531.84717 0.762272
2531.95386 0.756851
2532.06055 0.751388
2532.16724 0.74588
2532.27417 0.740341
2532.38086 0.734789
2532.48755 0.729244
2532.59424 0.723726
2532.70117 0.718255
2532.80786 0.71285
2532.91455 0.707531
2533.02124 0.702317
2533.12817 0.697227
2533.23486 0.692263
2533.34155 0.68741
2533.44849 0.682653
2533.55518 0.677977
2533.66187 0.673365
2533.76855 0.668804
2533.87549 0.664277
2533.98218 0.659768
2534.08887 0.655263
2534.19556 0.650747
2534.30249 0.646207
2534.40918 0.641628
2534.51587 0.636998
2534.62256 0.632304
2534.72949 0.627533
2534.83618 0.622671
2534.94287 0.617705
2535.04956 0.612623
2535.15649 0.607413
2535.26318 0.602096
2535.36987 0.596701
2535.47656 0.591262
2535.58350 0.585811
2535.69019 0.580378
2535.79688 0.574997
2535.90381 0.569698
2536.01050 0.564514
2536.11719 0.559477
2536.22388 0.55459
2536.33081 0.549826
2536.43750 0.545154
2536.54419 0.540542
2536.65088 0.53596
2536.75781 0.531378
2536.86450 0.526764
2536.97119 0.522087
2537.07788 0.517317
2537.18481 0.512434
2537.29150 0.507456
2537.39819 0.50241
2537.50488 0.497322
2537.61182 0.49222
2537.71851 0.487131
2537.82520 0.482082
2537.93188 0.477099
2538.03882 0.472209
2538.14551 0.467438
2538.25220 0.462786
2538.35889 0.458241
2538.46582 0.45379
2538.57251 0.449418
2538.67920 0.445114
2538.78613 0.440863
2538.89282 0.436652
2538.99951 0.432468
2539.10620 0.428297
2539.21313 0.424127
2539.31982 0.419948
2539.42651 0.415746
2539.53320 0.411513
2539.64014 0.407236
2539.74683 0.402905
2539.85352 0.398509
2539.96021 0.394036
2540.06714 0.389476
2540.17383 0.384822
2540.28052 0.380087
2540.38721 0.375292
2540.49414 0.370455
2540.60083 0.365598
2540.70752 0.36074
2540.81421 0.355901
2540.92114 0.351101
2541.02783 0.346359
2541.13452 0.341694
2541.24146 0.337109
2541.34814 0.332594
2541.45483 0.328137
2541.56152 0.323726
2541.66846 0.31935
2541.77515 0.314998
2541.88184 0.310658
2541.98853 0.30632
2542.09546 0.301971
2542.20215 0.297602
2542.30884 0.293205
2542.41553 0.28877
2542.52246 0.284292
2542.62915 0.279761
2542.73584 0.275169
2542.84253 0.27051
2542.94946 0.265775
2543.05615 0.260957
2543.16284 0.256049
2543.26953 0.251071
2543.37646 0.246048
2543.48315 0.241008
2543.58984 0.235975
2543.69678 0.230977
2543.80347 0.22604
2543.91016 0.22119
2544.01685 0.216455
2544.12378 0.211859
2544.23047 0.207412
2544.33716 0.203104
2544.44385 0.198926
2544.55078 0.194868
2544.65747 0.190919
2544.76416 0.187069
2544.87085 0.183308
2544.97778 0.179625
2545.08447 0.176011
2545.19116 0.172456
2545.29785 0.16895
2545.40479 0.165487
2545.51147 0.162059
2545.61816 0.158658
2545.72485 0.155276
2545.83179 0.151907
2545.93848 0.148543
2546.04517 0.145176
2546.15186 0.141802
2546.25879 0.138429
2546.36548 0.135073
2546.47217 0.131749
2546.57910 0.128473
2546.68579 0.125262
2546.79248 0.122128
2546.89917 0.119089
2547.00610 0.116157
2547.11279 0.113349
2547.21948 0.110668
2547.32617 0.108103
2547.43311 0.105646
2547.53979 0.103284
2547.64648 0.101006
2547.75317 0.098804
2547.86011 0.096666
2547.96680 0.094581
2548.07349 0.092541
2548.18018 0.090535
2548.28711 0.08856
2548.39380 0.086614
2548.50049 0.084694
2548.60718 0.082799
2548.71411 0.080925
2548.82080 0.079071
2548.92749 0.077233
2549.03442 0.07541
2549.14111 0.0736
2549.24780 0.071806
2549.35449 0.070035
2549.46143 0.068295
2549.56812 0.066594
2549.67480 0.06494
2549.78149 0.06334
2549.88843 0.061801
2549.99512 0.060332
2550.10181 0.05894
2550.20850 0.057627
2550.31543 0.056386
2550.42212 0.055209
2550.52881 0.054088
2550.63550 0.053013
2550.74243 0.051976
2550.84912 0.05097
2550.95581 0.049985
2551.06250 0.049014
2551.16943 0.048049
2551.27612 0.047093
2551.38281 0.046148
2551.48975 0.045221
2551.59644 0.044316
2551.70312 0.043437
2551.80981 0.042588
2551.91675 0.041774
2552.02344 0.041001
2552.13013 0.040271
2552.23682 0.039585
2552.34375 0.03894
2552.45044 0.03833
2552.55713 0.037754
2552.66382 0.037206
2552.77075 0.036682
2552.87744 0.036179
2552.98413 0.035693
2553.09082 0.035219
2553.19775 0.034755
2553.30444 0.034299
2553.41113 0.03385
2553.51782 0.033406
2553.62476 0.032966
2553.73145 0.032528
2553.83813 0.032092
2553.94482 0.031656
2554.05176 0.031219
2554.15845 0.030779
2554.26514 0.030337
2554.37207 0.029896
2554.47876 0.029456
2554.58545 0.029021
2554.69214 0.02859
2554.79907 0.028167
2554.90576 0.027753
2555.01245 0.027349
2555.11914 0.026958
2555.22607 0.026579
2555.33276 0.026212
2555.43945 0.025856
2555.54614 0.02551
2555.65308 0.025173
2555.75977 0.024842
2555.86646 0.024519
2555.97314 0.024201
2556.08008 0.023887
2556.18677 0.023576
2556.29346 0.023269
2556.40015 0.022963
2556.50708 0.022659
2556.61377 0.022357
2556.72046 0.022055
2556.82739 0.021753
2556.93408 0.021451
2557.04077 0.021147
2557.14746 0.020843
2557.25439 0.020537
2557.36108 0.020232
2557.46777 0.019929
2557.57446 0.019629
2557.68140 0.019334
2557.78809 0.019044
2557.89478 0.018761
2558.00146 0.018487
2558.10840 0.018222
2558.21509 0.017967
2558.32178 0.017721
2558.42847 0.017484
2558.53540 0.017255
2558.64209 0.017033
2558.74878 0.016817
2558.85547 0.016606
2558.96240 0.0164
2559.06909 0.016198
2559.17578 0.015999
2559.28271 0.015802
2559.38940 0.015609
2559.49609 0.015417
2559.60278 0.015227
2559.70972 0.015039
2559.81641 0.014852
2559.92310 0.014666
2560.02979 0.01448
2560.13672 0.014296
2560.24341 0.014112
2560.35010 0.01393
2560.45679 0.01375
2560.56372 0.013573
2560.67041 0.013401
2560.77710 0.013234
2560.88379 0.013073
2560.99072 0.012918
2561.09741 0.01277
2561.20410 0.012631
2561.31079 0.012498
2561.41772 0.012372
2561.52441 0.012251
2561.63110 0.012135
2561.73779 0.012022
2561.84473 0.011912
2561.95142 0.011805
2562.05811 0.011698
2562.16504 0.011592
2562.27173 0.011487
2562.37842 0.011383
2562.48511 0.01128
2562.59204 0.01118
2562.69873 0.011082
2562.80542 0.010988
2562.91211 0.010898
2563.01904 0.010812
2563.12573 0.010731
2563.23242 0.010655
2563.33911 0.010583
2563.44604 0.010516
2563.55273 0.010452
2563.65942 0.010391
2563.76611 0.010334
2563.87305 0.010279
2563.97974 0.010226
2564.08643 0.010175
2564.19312 0.010125
2564.30005 0.010077
2564.40674 0.01003
2564.51343 0.009984
2564.62036 0.009939
2564.72705 0.009896
2564.83374 0.009853
2564.94043 0.009812
2565.04736 0.009771
2565.15405 0.009731
2565.26074 0.009692
2565.36743 0.009654
2565.47437 0.009617
2565.58105 0.009581
2565.68774 0.009547
2565.79443 0.009513
2565.90137 0.009481
2566.00806 0.009449
2566.11475 0.00942
2566.22144 0.009391
2566.32837 0.009364
2566.43506 0.009337
2566.54175 0.009312
2566.64844 0.009287
2566.75537 0.009263
2566.86206 0.009239
2566.96875 0.009216
2567.07568 0.009193
2567.18237 0.00917
2567.28906 0.009147
2567.39575 0.009124
2567.50269 0.0091
2567.60938 0.009076
2567.71606 0.009051
2567.82275 0.009025
2567.92969 0.008999
2568.03638 0.008971
2568.14307 0.008943
2568.24976 0.008913
2568.35669 0.008882
2568.46338 0.00885
2568.57007 0.008817
2568.67676 0.008784
2568.78369 0.00875
2568.89038 0.008715
2568.99707 0.00868
2569.10376 0.008645
2569.21069 0.00861
2569.31738 0.008574
2569.42407 0.008538
2569.53076 0.008502
2569.63770 0.008465
2569.74438 0.008428
2569.85107 0.008391
2569.95801 0.008354
2570.06470 0.008316
2570.17139 0.008277
2570.27808 0.008238
2570.38501 0.008198
2570.49170 0.008158
2570.59839 0.008117
2570.70508 0.008074
2570.81201 0.008031
2570.91870 0.007986
2571.02539 0.00794
2571.13208 0.007892
2571.23901 0.007843
2571.34570 0.007793
2571.45239 0.007742
2571.55908 0.00769
2571.66602 0.007638
2571.77271 0.007585
2571.87939 0.007532
2571.98608 0.007479
2572.09302 0.007427
2572.19971 0.007375
2572.30640 0.007324
2572.41333 0.007273
2572.52002 0.007223
2572.62671 0.007173
2572.73340 0.007123
2572.84033 0.007074
2572.94702 0.007025
2573.05371 0.006977
2573.16040 0.006929
2573.26733 0.006881
2573.37402 0.006832
2573.48071 0.006783
2573.58740 0.006733
2573.69434 0.006681
2573.80103 0.006627
2573.90771 0.006571
2574.01440 0.006513
2574.12134 0.006451
2574.22803 0.006387
2574.33472 0.006322
2574.44141 0.006256
2574.54834 0.006191
2574.65503 0.006129
2574.76172 0.006069
2574.86865 0.006015
2574.97534 0.005966
2575.08203 0.005923
2575.18872 0.005889
2575.29565 0.005862
2575.40234 0.005841
2575.50903 0.005826
2575.61572 0.005815
2575.72266 0.005807
2575.82935 0.005803
2575.93604 0.0058
2576.04272 0.005799
2576.14966 0.005798
2833.76465 0.0
