threeML/data/optical_filters/TD1/SPEC-F2500.ecsv
# %ECSV 0.9
# ---
# datatype:
# - {name: wavelength, unit: Angstrom, datatype: float32}
# - {name: response, datatype: float32}
# meta: !!omap
# - {band_name: F2500}
# - {group_name: SPEC}
wavelength response
2202.24707 0.0
2446.94116 0.010058
2447.04810 0.010124
2447.15479 0.01019
2447.26147 0.010256
2447.36816 0.010321
2447.47510 0.010387
2447.58179 0.010453
2447.68848 0.01052
2447.79517 0.010587
2447.90210 0.010655
2448.00879 0.010725
2448.11548 0.010795
2448.22241 0.010868
2448.32910 0.010941
2448.43579 0.011015
2448.54248 0.011089
2448.64941 0.011163
2448.75610 0.011236
2448.86279 0.011308
2448.96948 0.011378
2449.07642 0.011447
2449.18311 0.011514
2449.28979 0.011578
2449.39648 0.011642
2449.50342 0.011704
2449.61011 0.011765
2449.71680 0.011827
2449.82349 0.011888
2449.93042 0.01195
2450.03711 0.012013
2450.14380 0.012078
2450.25049 0.012143
2450.35742 0.01221
2450.46411 0.012277
2450.57080 0.012345
2450.67773 0.012412
2450.78442 0.012478
2450.89111 0.012543
2450.99780 0.012607
2451.10474 0.012669
2451.21143 0.012729
2451.31812 0.012787
2451.42480 0.012843
2451.53174 0.012899
2451.63843 0.012953
2451.74512 0.013007
2451.85181 0.01306
2451.95874 0.013114
2452.06543 0.013168
2452.17212 0.013222
2452.27881 0.013278
2452.38574 0.013334
2452.49243 0.013391
2452.59912 0.013448
2452.70581 0.013507
2452.81274 0.013566
2452.91943 0.013626
2453.02612 0.013687
2453.13281 0.013749
2453.23975 0.013812
2453.34644 0.013875
2453.45312 0.013939
2453.56006 0.014004
2453.66675 0.014069
2453.77344 0.014134
2453.88013 0.014199
2453.98706 0.014265
2454.09375 0.01433
2454.20044 0.014395
2454.30713 0.014461
2454.41406 0.014526
2454.52075 0.014592
2454.62744 0.014658
2454.73413 0.014724
2454.84106 0.014791
2454.94775 0.014859
2455.05444 0.014927
2455.16113 0.014997
2455.26807 0.015067
2455.37476 0.015139
2455.48145 0.015213
2455.58813 0.01529
2455.69507 0.015368
2455.80176 0.01545
2455.90845 0.015535
2456.01538 0.015624
2456.12207 0.015716
2456.22876 0.015813
2456.33545 0.015913
2456.44238 0.016016
2456.54907 0.016121
2456.65576 0.016229
2456.76245 0.016339
2456.86938 0.01645
2456.97607 0.016562
2457.08276 0.016675
2457.18945 0.016787
2457.29639 0.0169
2457.40308 0.017013
2457.50977 0.017127
2457.61646 0.017242
2457.72339 0.017357
2457.83008 0.017474
2457.93677 0.017592
2458.04346 0.017711
2458.15039 0.017831
2458.25708 0.017954
2458.36377 0.018079
2458.47046 0.018206
2458.57739 0.018337
2458.68408 0.018472
2458.79077 0.01861
2458.89771 0.018754
2459.00439 0.018902
2459.11108 0.019056
2459.21777 0.019215
2459.32471 0.019379
2459.43140 0.019548
2459.53809 0.019719
2459.64478 0.019894
2459.75171 0.02007
2459.85840 0.020247
2459.96509 0.020425
2460.07178 0.020602
2460.17871 0.020778
2460.28540 0.020953
2460.39209 0.021128
2460.49878 0.021302
2460.60571 0.021477
2460.71240 0.021651
2460.81909 0.021825
2460.92578 0.022
2461.03271 0.022176
2461.13940 0.022353
2461.24609 0.022531
2461.35303 0.022712
2461.45972 0.022897
2461.56641 0.023086
2461.67310 0.023281
2461.78003 0.023482
2461.88672 0.02369
2461.99341 0.023907
2462.10010 0.024133
2462.20703 0.024368
2462.31372 0.024612
2462.42041 0.024862
2462.52710 0.025119
2462.63403 0.02538
2462.74072 0.025644
2462.84741 0.02591
2462.95410 0.026176
2463.06104 0.026441
2463.16772 0.026705
2463.27441 0.026969
2463.38110 0.027234
2463.48804 0.027504
2463.59473 0.02778
2463.70142 0.028064
2463.80835 0.02836
2463.91504 0.028669
2464.02173 0.028993
2464.12842 0.029334
2464.23535 0.029694
2464.34204 0.030069
2464.44873 0.030459
2464.55542 0.030862
2464.66235 0.031275
2464.76904 0.031698
2464.87573 0.032127
2464.98242 0.032562
2465.08936 0.033001
2465.19604 0.033443
2465.30273 0.033887
2465.40942 0.034335
2465.51636 0.034789
2465.62305 0.035247
2465.72974 0.035712
2465.83643 0.036185
2465.94336 0.036665
2466.05005 0.037154
2466.15674 0.037653
2466.26343 0.038164
2466.37036 0.038688
2466.47705 0.039228
2466.58374 0.039786
2466.69067 0.040364
2466.79736 0.040965
2466.90405 0.041589
2467.01074 0.042241
2467.11768 0.042921
2467.22437 0.04363
2467.33105 0.044363
2467.43774 0.045118
2467.54468 0.045891
2467.65137 0.046679
2467.75806 0.047477
2467.86475 0.048283
2467.97168 0.049092
2468.07837 0.049902
2468.18506 0.050709
2468.29175 0.051514
2468.39868 0.052317
2468.50537 0.05312
2468.61206 0.053923
2468.71875 0.054728
2468.82568 0.055536
2468.93237 0.056346
2469.03906 0.057161
2469.14600 0.057982
2469.25269 0.058811
2469.35938 0.059654
2469.46606 0.060515
2469.57300 0.061399
2469.67969 0.062311
2469.78638 0.063256
2469.89307 0.064239
2470.00000 0.065265
2470.10669 0.066337
2470.21338 0.067459
2470.32007 0.068627
2470.42700 0.069839
2470.53369 0.071091
2470.64038 0.07238
2470.74707 0.073702
2470.85400 0.075055
2470.96069 0.076434
2471.06738 0.077838
2471.17407 0.079263
2471.28101 0.080711
2471.38770 0.082183
2471.49438 0.083682
2471.60132 0.085209
2471.70801 0.086767
2471.81470 0.088357
2471.92139 0.089982
2472.02832 0.091644
2472.13501 0.093345
2472.24170 0.09509
2472.34839 0.096889
2472.45532 0.098749
2472.56201 0.10068
2472.66870 0.102689
2472.77539 0.104786
2472.88232 0.106979
2472.98901 0.109276
2473.09570 0.111686
2473.20239 0.114212
2473.30933 0.116843
2473.41602 0.119568
2473.52271 0.122375
2473.62939 0.125251
2473.73633 0.128184
2473.84302 0.131163
2473.94971 0.134175
2474.05640 0.137208
2474.16333 0.140252
2474.27002 0.143307
2474.37671 0.146377
2474.48364 0.149466
2474.59033 0.152578
2474.69702 0.155717
2474.80371 0.158888
2474.91064 0.162096
2475.01733 0.165343
2475.12402 0.168636
2475.23071 0.171981
2475.33765 0.175391
2475.44434 0.17888
2475.55103 0.182459
2475.65771 0.186141
2475.76465 0.18994
2475.87134 0.193868
2475.97803 0.197937
2476.08472 0.202161
2476.19165 0.206543
2476.29834 0.21106
2476.40503 0.215683
2476.51172 0.220384
2476.61865 0.225134
2476.72534 0.229905
2476.83203 0.234669
2476.93896 0.239396
2477.04565 0.244059
2477.15234 0.248632
2477.25903 0.253126
2477.36597 0.257571
2477.47266 0.261994
2477.57935 0.266427
2477.68604 0.270899
2477.79297 0.27544
2477.89966 0.280078
2478.00635 0.284844
2478.11304 0.289767
2478.21997 0.294852
2478.32666 0.300072
2478.43335 0.305395
2478.54004 0.310791
2478.64697 0.316228
2478.75366 0.321676
2478.86035 0.327104
2478.96704 0.332481
2479.07397 0.337776
2479.18066 0.342965
2479.28735 0.348052
2479.39429 0.353049
2479.50098 0.357967
2479.60767 0.362818
2479.71436 0.367613
2479.82129 0.372364
2479.92798 0.377081
2480.03467 0.381778
2480.14136 0.386464
2480.24829 0.391153
2480.35498 0.395856
2480.46167 0.400586
2480.56836 0.405357
2480.67529 0.41018
2480.78198 0.415067
2480.88867 0.420033
2480.99536 0.425088
2481.10229 0.430245
2481.20898 0.435507
2481.31567 0.440851
2481.42236 0.446256
2481.52930 0.451698
2481.63599 0.457155
2481.74268 0.462603
2481.84937 0.468021
2481.95630 0.473384
2482.06299 0.478671
2482.16968 0.483862
2482.27661 0.488961
2482.38330 0.493981
2482.48999 0.498932
2482.59668 0.503827
2482.70361 0.508678
2482.81030 0.513495
2482.91699 0.518292
2483.02368 0.52308
2483.13062 0.527871
2483.23730 0.532674
2483.34399 0.537499
2483.45068 0.542354
2483.55762 0.547248
2483.66431 0.55219
2483.77100 0.557188
2483.87769 0.562251
2483.98462 0.567387
2484.09131 0.572605
2484.19800 0.577906
2484.30469 0.583264
2484.41162 0.588654
2484.51831 0.594048
2484.62500 0.59942
2484.73193 0.604742
2484.83862 0.609987
2484.94531 0.615128
2485.05200 0.620139
2485.15894 0.624995
2485.26562 0.6297
2485.37231 0.634269
2485.47900 0.638719
2485.58594 0.643064
2485.69263 0.647321
2485.79932 0.651504
2485.90601 0.655631
2486.01294 0.659716
2486.11963 0.663775
2486.22632 0.667825
2486.33301 0.671883
2486.43994 0.675968
2486.54663 0.680097
2486.65332 0.684288
2486.76001 0.688559
2486.86694 0.692928
2486.97363 0.697413
2487.08032 0.702031
2487.18726 0.706792
2487.29395 0.711673
2487.40063 0.716646
2487.50732 0.721684
2487.61426 0.726758
2487.72095 0.731839
2487.82764 0.7369
2487.93433 0.741912
2488.04126 0.746846
2488.14795 0.751678
2488.25464 0.756415
2488.36133 0.761082
2488.46826 0.765707
2488.57495 0.770317
2488.68164 0.774937
2488.78833 0.779595
2488.89526 0.784318
2489.00195 0.789133
2489.10864 0.794065
2489.21533 0.79912
2489.32227 0.804268
2489.42896 0.809477
2489.53564 0.814714
2489.64233 0.819945
2489.74927 0.825139
2489.85596 0.830263
2489.96265 0.835284
2490.06958 0.840169
2490.17627 0.844892
2490.28296 0.849456
2490.38965 0.853875
2490.49658 0.858159
2490.60327 0.862321
2490.70996 0.866373
2490.81665 0.870327
2490.92358 0.874195
2491.03027 0.877989
2491.13696 0.881722
2491.24365 0.885395
2491.35059 0.889006
2491.45728 0.892552
2491.56396 0.896028
2491.67065 0.899431
2491.77759 0.902759
2491.88428 0.906006
2491.99097 0.909171
2492.09766 0.912248
2492.20459 0.915235
2492.31128 0.918127
2492.41797 0.920917
2492.52490 0.923602
2492.63159 0.926175
2492.73828 0.928633
2492.84497 0.930969
2492.95190 0.933179
2493.05859 0.935257
2493.16528 0.937201
2493.27197 0.939021
2493.37891 0.940732
2493.48560 0.94235
2493.59229 0.943891
2493.69897 0.945369
2493.80591 0.946802
2493.91260 0.948204
2494.01929 0.949591
2494.12598 0.950978
2494.23291 0.952374
2494.33960 0.953779
2494.44629 0.955196
2494.55298 0.956624
2494.65991 0.958065
2494.76660 0.95952
2494.87329 0.96099
2494.98022 0.962475
2495.08691 0.963977
2495.19360 0.965495
2495.30029 0.96702
2495.40723 0.968546
2495.51392 0.970063
2495.62061 0.971563
2495.72729 0.973038
2495.83423 0.97448
2495.94092 0.97588
2496.04761 0.977231
2496.15430 0.978524
2496.26123 0.979758
2496.36792 0.980938
2496.47461 0.982066
2496.58130 0.983145
2496.68823 0.984178
2496.79492 0.985168
2496.90161 0.986119
2497.00830 0.987032
2497.11523 0.987912
2497.22192 0.98876
2497.32861 0.989578
2497.43530 0.990364
2497.54224 0.991121
2497.64893 0.991848
2497.75562 0.992546
2497.86255 0.993216
2497.96924 0.993858
2498.07593 0.994472
2498.18262 0.99506
2498.28955 0.995619
2498.39624 0.996148
2498.50293 0.996646
2498.60962 0.997111
2498.71655 0.997542
2498.82324 0.997937
2498.92993 0.998294
2499.03662 0.998612
2499.14355 0.998891
2499.25024 0.99913
2499.35693 0.999333
2499.46362 0.999502
2499.57056 0.999641
2499.67725 0.999753
2499.78394 0.99984
2499.89062 0.999906
2499.99756 0.999952
2500.10425 0.999983
2500.21094 0.999999
2500.31787 1.0
2500.42456 0.999984
2500.53125 0.99995
2500.63794 0.999896
2500.74487 0.999821
2500.85156 0.999724
2500.95825 0.999603
2501.06494 0.999457
2501.17188 0.999286
2501.27856 0.999089
2501.38525 0.998867
2501.49194 0.998621
2501.59888 0.998353
2501.70557 0.998064
2501.81226 0.997753
2501.91895 0.997423
2502.02588 0.997074
2502.13257 0.996706
2502.23926 0.99632
2502.34595 0.99591
2502.45288 0.995475
2502.55957 0.995009
2502.66626 0.994511
2502.77319 0.993976
2502.87988 0.9934
2502.98657 0.992781
2503.09326 0.992115
2503.20020 0.9914
2503.30688 0.990638
2503.41357 0.989833
2503.52026 0.988987
2503.62720 0.988103
2503.73389 0.987183
2503.84058 0.986232
2503.94727 0.985251
2504.05420 0.984244
2504.16089 0.983212
2504.26758 0.982157
2504.37427 0.981077
2504.48120 0.979971
2504.58789 0.978838
2504.69458 0.977676
2504.80127 0.976486
2504.90820 0.975265
2505.01489 0.974014
2505.12158 0.97273
2505.22827 0.971411
2505.33521 0.970053
2505.44189 0.968649
2505.54858 0.967197
2505.65552 0.965689
2505.76221 0.964122
2505.86890 0.962491
2505.97559 0.960791
2506.08252 0.959016
2506.18921 0.957166
2506.29590 0.955248
2506.40259 0.953274
2506.50952 0.951252
2506.61621 0.949194
2506.72290 0.947111
2506.82959 0.945012
2506.93652 0.942908
2507.04321 0.940809
2507.14990 0.938725
2507.25659 0.936656
2507.36353 0.934596
2507.47021 0.932538
2507.57690 0.930477
2507.68359 0.928407
2507.79053 0.926323
2507.89722 0.924218
2508.00391 0.922087
2508.11084 0.919922
2508.21753 0.917711
2508.32422 0.915425
2508.43091 0.913035
2508.53784 0.910513
2508.64453 0.907829
2508.75122 0.904954
2508.85791 0.901861
2508.96484 0.898519
2509.07153 0.894901
2509.17822 0.890986
2509.28491 0.886796
2509.39185 0.882361
2509.49854 0.877714
2509.60522 0.872886
2509.71191 0.867908
2509.81885 0.862812
2509.92554 0.857629
2510.03223 0.852391
2510.13892 0.847128
2510.24585 0.841855
2510.35254 0.836573
2510.45923 0.831285
2510.56592 0.825992
2510.67285 0.820696
2510.77954 0.815398
2510.88623 0.810101
2510.99316 0.804807
2511.09985 0.799517
2511.20654 0.79423
2511.31323 0.788942
2511.42017 0.783646
2511.52686 0.778337
2511.63354 0.773009
2511.74023 0.767655
2511.84717 0.762272
2511.95386 0.756851
2512.06055 0.751388
2512.16724 0.74588
2512.27417 0.740341
2512.38086 0.734789
2512.48755 0.729244
2512.59424 0.723726
2512.70117 0.718255
2512.80786 0.71285
2512.91455 0.707531
2513.02124 0.702317
2513.12817 0.697227
2513.23486 0.692263
2513.34155 0.68741
2513.44849 0.682653
2513.55518 0.677977
2513.66187 0.673365
2513.76855 0.668804
2513.87549 0.664277
2513.98218 0.659768
2514.08887 0.655263
2514.19556 0.650747
2514.30249 0.646207
2514.40918 0.641628
2514.51587 0.636998
2514.62256 0.632304
2514.72949 0.627533
2514.83618 0.622671
2514.94287 0.617705
2515.04956 0.612623
2515.15649 0.607413
2515.26318 0.602096
2515.36987 0.596701
2515.47656 0.591262
2515.58350 0.585811
2515.69019 0.580378
2515.79688 0.574997
2515.90381 0.569698
2516.01050 0.564514
2516.11719 0.559477
2516.22388 0.55459
2516.33081 0.549826
2516.43750 0.545154
2516.54419 0.540542
2516.65088 0.53596
2516.75781 0.531378
2516.86450 0.526764
2516.97119 0.522087
2517.07788 0.517317
2517.18481 0.512434
2517.29150 0.507456
2517.39819 0.50241
2517.50488 0.497322
2517.61182 0.49222
2517.71851 0.487131
2517.82520 0.482082
2517.93188 0.477099
2518.03882 0.472209
2518.14551 0.467438
2518.25220 0.462786
2518.35889 0.458241
2518.46582 0.45379
2518.57251 0.449418
2518.67920 0.445114
2518.78613 0.440863
2518.89282 0.436652
2518.99951 0.432468
2519.10620 0.428297
2519.21313 0.424127
2519.31982 0.419948
2519.42651 0.415746
2519.53320 0.411513
2519.64014 0.407236
2519.74683 0.402905
2519.85352 0.398509
2519.96021 0.394036
2520.06714 0.389476
2520.17383 0.384822
2520.28052 0.380087
2520.38721 0.375292
2520.49414 0.370455
2520.60083 0.365598
2520.70752 0.36074
2520.81421 0.355901
2520.92114 0.351101
2521.02783 0.346359
2521.13452 0.341694
2521.24146 0.337109
2521.34814 0.332594
2521.45483 0.328137
2521.56152 0.323726
2521.66846 0.31935
2521.77515 0.314998
2521.88184 0.310658
2521.98853 0.30632
2522.09546 0.301971
2522.20215 0.297602
2522.30884 0.293205
2522.41553 0.28877
2522.52246 0.284292
2522.62915 0.279761
2522.73584 0.275169
2522.84253 0.27051
2522.94946 0.265775
2523.05615 0.260957
2523.16284 0.256049
2523.26953 0.251071
2523.37646 0.246048
2523.48315 0.241008
2523.58984 0.235975
2523.69678 0.230977
2523.80347 0.22604
2523.91016 0.22119
2524.01685 0.216455
2524.12378 0.211859
2524.23047 0.207412
2524.33716 0.203104
2524.44385 0.198926
2524.55078 0.194868
2524.65747 0.190919
2524.76416 0.187069
2524.87085 0.183308
2524.97778 0.179625
2525.08447 0.176011
2525.19116 0.172456
2525.29785 0.16895
2525.40479 0.165487
2525.51147 0.162059
2525.61816 0.158658
2525.72485 0.155276
2525.83179 0.151907
2525.93848 0.148543
2526.04517 0.145176
2526.15186 0.141802
2526.25879 0.138429
2526.36548 0.135073
2526.47217 0.131749
2526.57910 0.128473
2526.68579 0.125262
2526.79248 0.122128
2526.89917 0.119089
2527.00610 0.116157
2527.11279 0.113349
2527.21948 0.110668
2527.32617 0.108103
2527.43311 0.105646
2527.53979 0.103284
2527.64648 0.101006
2527.75317 0.098804
2527.86011 0.096666
2527.96680 0.094581
2528.07349 0.092541
2528.18018 0.090535
2528.28711 0.08856
2528.39380 0.086614
2528.50049 0.084694
2528.60718 0.082799
2528.71411 0.080925
2528.82080 0.079071
2528.92749 0.077233
2529.03442 0.07541
2529.14111 0.0736
2529.24780 0.071806
2529.35449 0.070035
2529.46143 0.068295
2529.56812 0.066594
2529.67480 0.06494
2529.78149 0.06334
2529.88843 0.061801
2529.99512 0.060332
2530.10181 0.05894
2530.20850 0.057627
2530.31543 0.056386
2530.42212 0.055209
2530.52881 0.054088
2530.63550 0.053013
2530.74243 0.051976
2530.84912 0.05097
2530.95581 0.049985
2531.06250 0.049014
2531.16943 0.048049
2531.27612 0.047093
2531.38281 0.046148
2531.48975 0.045221
2531.59644 0.044316
2531.70312 0.043437
2531.80981 0.042588
2531.91675 0.041774
2532.02344 0.041001
2532.13013 0.040271
2532.23682 0.039585
2532.34375 0.03894
2532.45044 0.03833
2532.55713 0.037754
2532.66382 0.037206
2532.77075 0.036682
2532.87744 0.036179
2532.98413 0.035693
2533.09082 0.035219
2533.19775 0.034755
2533.30444 0.034299
2533.41113 0.03385
2533.51782 0.033406
2533.62476 0.032966
2533.73145 0.032528
2533.83813 0.032092
2533.94482 0.031656
2534.05176 0.031219
2534.15845 0.030779
2534.26514 0.030337
2534.37207 0.029896
2534.47876 0.029456
2534.58545 0.029021
2534.69214 0.02859
2534.79907 0.028167
2534.90576 0.027753
2535.01245 0.027349
2535.11914 0.026958
2535.22607 0.026579
2535.33276 0.026212
2535.43945 0.025856
2535.54614 0.02551
2535.65308 0.025173
2535.75977 0.024842
2535.86646 0.024519
2535.97314 0.024201
2536.08008 0.023887
2536.18677 0.023576
2536.29346 0.023269
2536.40015 0.022963
2536.50708 0.022659
2536.61377 0.022357
2536.72046 0.022055
2536.82739 0.021753
2536.93408 0.021451
2537.04077 0.021147
2537.14746 0.020843
2537.25439 0.020537
2537.36108 0.020232
2537.46777 0.019929
2537.57446 0.019629
2537.68140 0.019334
2537.78809 0.019044
2537.89478 0.018761
2538.00146 0.018487
2538.10840 0.018222
2538.21509 0.017967
2538.32178 0.017721
2538.42847 0.017484
2538.53540 0.017255
2538.64209 0.017033
2538.74878 0.016817
2538.85547 0.016606
2538.96240 0.0164
2539.06909 0.016198
2539.17578 0.015999
2539.28271 0.015802
2539.38940 0.015609
2539.49609 0.015417
2539.60278 0.015227
2539.70972 0.015039
2539.81641 0.014852
2539.92310 0.014666
2540.02979 0.01448
2540.13672 0.014296
2540.24341 0.014112
2540.35010 0.01393
2540.45679 0.01375
2540.56372 0.013573
2540.67041 0.013401
2540.77710 0.013234
2540.88379 0.013073
2540.99072 0.012918
2541.09741 0.01277
2541.20410 0.012631
2541.31079 0.012498
2541.41772 0.012372
2541.52441 0.012251
2541.63110 0.012135
2541.73779 0.012022
2541.84473 0.011912
2541.95142 0.011805
2542.05811 0.011698
2542.16504 0.011592
2542.27173 0.011487
2542.37842 0.011383
2542.48511 0.01128
2542.59204 0.01118
2542.69873 0.011082
2542.80542 0.010988
2542.91211 0.010898
2543.01904 0.010812
2543.12573 0.010731
2543.23242 0.010655
2543.33911 0.010583
2543.44604 0.010516
2543.55273 0.010452
2543.65942 0.010391
2543.76611 0.010334
2543.87305 0.010279
2543.97974 0.010226
2544.08643 0.010175
2544.19312 0.010125
2544.30005 0.010077
2544.40674 0.01003
2544.51343 0.009984
2544.62036 0.009939
2544.72705 0.009896
2544.83374 0.009853
2544.94043 0.009812
2545.04736 0.009771
2545.15405 0.009731
2545.26074 0.009692
2545.36743 0.009654
2545.47437 0.009617
2545.58105 0.009581
2545.68774 0.009547
2545.79443 0.009513
2545.90137 0.009481
2546.00806 0.009449
2546.11475 0.00942
2546.22144 0.009391
2546.32837 0.009364
2546.43506 0.009337
2546.54175 0.009312
2546.64844 0.009287
2546.75537 0.009263
2546.86206 0.009239
2546.96875 0.009216
2547.07568 0.009193
2547.18237 0.00917
2547.28906 0.009147
2547.39575 0.009124
2547.50269 0.0091
2547.60938 0.009076
2547.71606 0.009051
2547.82275 0.009025
2547.92969 0.008999
2548.03638 0.008971
2548.14307 0.008943
2548.24976 0.008913
2548.35669 0.008882
2548.46338 0.00885
2548.57007 0.008817
2548.67676 0.008784
2548.78369 0.00875
2548.89038 0.008715
2548.99707 0.00868
2549.10376 0.008645
2549.21069 0.00861
2549.31738 0.008574
2549.42407 0.008538
2549.53076 0.008502
2549.63770 0.008465
2549.74438 0.008428
2549.85107 0.008391
2549.95801 0.008354
2550.06470 0.008316
2550.17139 0.008277
2550.27808 0.008238
2550.38501 0.008198
2550.49170 0.008158
2550.59839 0.008117
2550.70508 0.008074
2550.81201 0.008031
2550.91870 0.007986
2551.02539 0.00794
2551.13208 0.007892
2551.23901 0.007843
2551.34570 0.007793
2551.45239 0.007742
2551.55908 0.00769
2551.66602 0.007638
2551.77271 0.007585
2551.87939 0.007532
2551.98608 0.007479
2552.09302 0.007427
2552.19971 0.007375
2552.30640 0.007324
2552.41333 0.007273
2552.52002 0.007223
2552.62671 0.007173
2552.73340 0.007123
2552.84033 0.007074
2552.94702 0.007025
2553.05371 0.006977
2553.16040 0.006929
2553.26733 0.006881
2553.37402 0.006832
2553.48071 0.006783
2553.58740 0.006733
2553.69434 0.006681
2553.80103 0.006627
2553.90771 0.006571
2554.01440 0.006513
2554.12134 0.006451
2554.22803 0.006387
2554.33472 0.006322
2554.44141 0.006256
2554.54834 0.006191
2554.65503 0.006129
2554.76172 0.006069
2554.86865 0.006015
2554.97534 0.005966
2555.08203 0.005923
2555.18872 0.005889
2555.29565 0.005862
2555.40234 0.005841
2555.50903 0.005826
2555.61572 0.005815
2555.72266 0.005807
2555.82935 0.005803
2555.93604 0.0058
2556.04272 0.005799
2556.14966 0.005798
2811.76465 0.0
