threeML/data/optical_filters/TD1/SPEC-F2220.ecsv
# %ECSV 0.9
# ---
# datatype:
# - {name: wavelength, unit: Angstrom, datatype: float32}
# - {name: response, datatype: float32}
# meta: !!omap
# - {band_name: F2220}
# - {group_name: SPEC}
wavelength response
1950.24707 0.0
2166.94116 0.010058
2167.04810 0.010124
2167.15479 0.01019
2167.26147 0.010256
2167.36816 0.010321
2167.47510 0.010387
2167.58179 0.010453
2167.68848 0.01052
2167.79517 0.010587
2167.90210 0.010655
2168.00879 0.010725
2168.11548 0.010795
2168.22241 0.010868
2168.32910 0.010941
2168.43579 0.011015
2168.54248 0.011089
2168.64941 0.011163
2168.75610 0.011236
2168.86279 0.011308
2168.96948 0.011378
2169.07642 0.011447
2169.18311 0.011514
2169.28979 0.011578
2169.39648 0.011642
2169.50342 0.011704
2169.61011 0.011765
2169.71680 0.011827
2169.82349 0.011888
2169.93042 0.01195
2170.03711 0.012013
2170.14380 0.012078
2170.25049 0.012143
2170.35742 0.01221
2170.46411 0.012277
2170.57080 0.012345
2170.67773 0.012412
2170.78442 0.012478
2170.89111 0.012543
2170.99780 0.012607
2171.10474 0.012669
2171.21143 0.012729
2171.31812 0.012787
2171.42480 0.012843
2171.53174 0.012899
2171.63843 0.012953
2171.74512 0.013007
2171.85181 0.01306
2171.95874 0.013114
2172.06543 0.013168
2172.17212 0.013222
2172.27881 0.013278
2172.38574 0.013334
2172.49243 0.013391
2172.59912 0.013448
2172.70581 0.013507
2172.81274 0.013566
2172.91943 0.013626
2173.02612 0.013687
2173.13281 0.013749
2173.23975 0.013812
2173.34644 0.013875
2173.45312 0.013939
2173.56006 0.014004
2173.66675 0.014069
2173.77344 0.014134
2173.88013 0.014199
2173.98706 0.014265
2174.09375 0.01433
2174.20044 0.014395
2174.30713 0.014461
2174.41406 0.014526
2174.52075 0.014592
2174.62744 0.014658
2174.73413 0.014724
2174.84106 0.014791
2174.94775 0.014859
2175.05444 0.014927
2175.16113 0.014997
2175.26807 0.015067
2175.37476 0.015139
2175.48145 0.015213
2175.58813 0.01529
2175.69507 0.015368
2175.80176 0.01545
2175.90845 0.015535
2176.01538 0.015624
2176.12207 0.015716
2176.22876 0.015813
2176.33545 0.015913
2176.44238 0.016016
2176.54907 0.016121
2176.65576 0.016229
2176.76245 0.016339
2176.86938 0.01645
2176.97607 0.016562
2177.08276 0.016675
2177.18945 0.016787
2177.29639 0.0169
2177.40308 0.017013
2177.50977 0.017127
2177.61646 0.017242
2177.72339 0.017357
2177.83008 0.017474
2177.93677 0.017592
2178.04346 0.017711
2178.15039 0.017831
2178.25708 0.017954
2178.36377 0.018079
2178.47046 0.018206
2178.57739 0.018337
2178.68408 0.018472
2178.79077 0.01861
2178.89771 0.018754
2179.00439 0.018902
2179.11108 0.019056
2179.21777 0.019215
2179.32471 0.019379
2179.43140 0.019548
2179.53809 0.019719
2179.64478 0.019894
2179.75171 0.02007
2179.85840 0.020247
2179.96509 0.020425
2180.07178 0.020602
2180.17871 0.020778
2180.28540 0.020953
2180.39209 0.021128
2180.49878 0.021302
2180.60571 0.021477
2180.71240 0.021651
2180.81909 0.021825
2180.92578 0.022
2181.03271 0.022176
2181.13940 0.022353
2181.24609 0.022531
2181.35303 0.022712
2181.45972 0.022897
2181.56641 0.023086
2181.67310 0.023281
2181.78003 0.023482
2181.88672 0.02369
2181.99341 0.023907
2182.10010 0.024133
2182.20703 0.024368
2182.31372 0.024612
2182.42041 0.024862
2182.52710 0.025119
2182.63403 0.02538
2182.74072 0.025644
2182.84741 0.02591
2182.95410 0.026176
2183.06104 0.026441
2183.16772 0.026705
2183.27441 0.026969
2183.38110 0.027234
2183.48804 0.027504
2183.59473 0.02778
2183.70142 0.028064
2183.80835 0.02836
2183.91504 0.028669
2184.02173 0.028993
2184.12842 0.029334
2184.23535 0.029694
2184.34204 0.030069
2184.44873 0.030459
2184.55542 0.030862
2184.66235 0.031275
2184.76904 0.031698
2184.87573 0.032127
2184.98242 0.032562
2185.08936 0.033001
2185.19604 0.033443
2185.30273 0.033887
2185.40942 0.034335
2185.51636 0.034789
2185.62305 0.035247
2185.72974 0.035712
2185.83643 0.036185
2185.94336 0.036665
2186.05005 0.037154
2186.15674 0.037653
2186.26343 0.038164
2186.37036 0.038688
2186.47705 0.039228
2186.58374 0.039786
2186.69067 0.040364
2186.79736 0.040965
2186.90405 0.041589
2187.01074 0.042241
2187.11768 0.042921
2187.22437 0.04363
2187.33105 0.044363
2187.43774 0.045118
2187.54468 0.045891
2187.65137 0.046679
2187.75806 0.047477
2187.86475 0.048283
2187.97168 0.049092
2188.07837 0.049902
2188.18506 0.050709
2188.29175 0.051514
2188.39868 0.052317
2188.50537 0.05312
2188.61206 0.053923
2188.71875 0.054728
2188.82568 0.055536
2188.93237 0.056346
2189.03906 0.057161
2189.14600 0.057982
2189.25269 0.058811
2189.35938 0.059654
2189.46606 0.060515
2189.57300 0.061399
2189.67969 0.062311
2189.78638 0.063256
2189.89307 0.064239
2190.00000 0.065265
2190.10669 0.066337
2190.21338 0.067459
2190.32007 0.068627
2190.42700 0.069839
2190.53369 0.071091
2190.64038 0.07238
2190.74707 0.073702
2190.85400 0.075055
2190.96069 0.076434
2191.06738 0.077838
2191.17407 0.079263
2191.28101 0.080711
2191.38770 0.082183
2191.49438 0.083682
2191.60132 0.085209
2191.70801 0.086767
2191.81470 0.088357
2191.92139 0.089982
2192.02832 0.091644
2192.13501 0.093345
2192.24170 0.09509
2192.34839 0.096889
2192.45532 0.098749
2192.56201 0.10068
2192.66870 0.102689
2192.77539 0.104786
2192.88232 0.106979
2192.98901 0.109276
2193.09570 0.111686
2193.20239 0.114212
2193.30933 0.116843
2193.41602 0.119568
2193.52271 0.122375
2193.62939 0.125251
2193.73633 0.128184
2193.84302 0.131163
2193.94971 0.134175
2194.05640 0.137208
2194.16333 0.140252
2194.27002 0.143307
2194.37671 0.146377
2194.48364 0.149466
2194.59033 0.152578
2194.69702 0.155717
2194.80371 0.158888
2194.91064 0.162096
2195.01733 0.165343
2195.12402 0.168636
2195.23071 0.171981
2195.33765 0.175391
2195.44434 0.17888
2195.55103 0.182459
2195.65771 0.186141
2195.76465 0.18994
2195.87134 0.193868
2195.97803 0.197937
2196.08472 0.202161
2196.19165 0.206543
2196.29834 0.21106
2196.40503 0.215683
2196.51172 0.220384
2196.61865 0.225134
2196.72534 0.229905
2196.83203 0.234669
2196.93896 0.239396
2197.04565 0.244059
2197.15234 0.248632
2197.25903 0.253126
2197.36597 0.257571
2197.47266 0.261994
2197.57935 0.266427
2197.68604 0.270899
2197.79297 0.27544
2197.89966 0.280078
2198.00635 0.284844
2198.11304 0.289767
2198.21997 0.294852
2198.32666 0.300072
2198.43335 0.305395
2198.54004 0.310791
2198.64697 0.316228
2198.75366 0.321676
2198.86035 0.327104
2198.96704 0.332481
2199.07397 0.337776
2199.18066 0.342965
2199.28735 0.348052
2199.39429 0.353049
2199.50098 0.357967
2199.60767 0.362818
2199.71436 0.367613
2199.82129 0.372364
2199.92798 0.377081
2200.03467 0.381778
2200.14136 0.386464
2200.24829 0.391153
2200.35498 0.395856
2200.46167 0.400586
2200.56836 0.405357
2200.67529 0.41018
2200.78198 0.415067
2200.88867 0.420033
2200.99536 0.425088
2201.10229 0.430245
2201.20898 0.435507
2201.31567 0.440851
2201.42236 0.446256
2201.52930 0.451698
2201.63599 0.457155
2201.74268 0.462603
2201.84937 0.468021
2201.95630 0.473384
2202.06299 0.478671
2202.16968 0.483862
2202.27661 0.488961
2202.38330 0.493981
2202.48999 0.498932
2202.59668 0.503827
2202.70361 0.508678
2202.81030 0.513495
2202.91699 0.518292
2203.02368 0.52308
2203.13062 0.527871
2203.23730 0.532674
2203.34399 0.537499
2203.45068 0.542354
2203.55762 0.547248
2203.66431 0.55219
2203.77100 0.557188
2203.87769 0.562251
2203.98462 0.567387
2204.09131 0.572605
2204.19800 0.577906
2204.30469 0.583264
2204.41162 0.588654
2204.51831 0.594048
2204.62500 0.59942
2204.73193 0.604742
2204.83862 0.609987
2204.94531 0.615128
2205.05200 0.620139
2205.15894 0.624995
2205.26562 0.6297
2205.37231 0.634269
2205.47900 0.638719
2205.58594 0.643064
2205.69263 0.647321
2205.79932 0.651504
2205.90601 0.655631
2206.01294 0.659716
2206.11963 0.663775
2206.22632 0.667825
2206.33301 0.671883
2206.43994 0.675968
2206.54663 0.680097
2206.65332 0.684288
2206.76001 0.688559
2206.86694 0.692928
2206.97363 0.697413
2207.08032 0.702031
2207.18726 0.706792
2207.29395 0.711673
2207.40063 0.716646
2207.50732 0.721684
2207.61426 0.726758
2207.72095 0.731839
2207.82764 0.7369
2207.93433 0.741912
2208.04126 0.746846
2208.14795 0.751678
2208.25464 0.756415
2208.36133 0.761082
2208.46826 0.765707
2208.57495 0.770317
2208.68164 0.774937
2208.78833 0.779595
2208.89526 0.784318
2209.00195 0.789133
2209.10864 0.794065
2209.21533 0.79912
2209.32227 0.804268
2209.42896 0.809477
2209.53564 0.814714
2209.64233 0.819945
2209.74927 0.825139
2209.85596 0.830263
2209.96265 0.835284
2210.06958 0.840169
2210.17627 0.844892
2210.28296 0.849456
2210.38965 0.853875
2210.49658 0.858159
2210.60327 0.862321
2210.70996 0.866373
2210.81665 0.870327
2210.92358 0.874195
2211.03027 0.877989
2211.13696 0.881722
2211.24365 0.885395
2211.35059 0.889006
2211.45728 0.892552
2211.56396 0.896028
2211.67065 0.899431
2211.77759 0.902759
2211.88428 0.906006
2211.99097 0.909171
2212.09766 0.912248
2212.20459 0.915235
2212.31128 0.918127
2212.41797 0.920917
2212.52490 0.923602
2212.63159 0.926175
2212.73828 0.928633
2212.84497 0.930969
2212.95190 0.933179
2213.05859 0.935257
2213.16528 0.937201
2213.27197 0.939021
2213.37891 0.940732
2213.48560 0.94235
2213.59229 0.943891
2213.69897 0.945369
2213.80591 0.946802
2213.91260 0.948204
2214.01929 0.949591
2214.12598 0.950978
2214.23291 0.952374
2214.33960 0.953779
2214.44629 0.955196
2214.55298 0.956624
2214.65991 0.958065
2214.76660 0.95952
2214.87329 0.96099
2214.98022 0.962475
2215.08691 0.963977
2215.19360 0.965495
2215.30029 0.96702
2215.40723 0.968546
2215.51392 0.970063
2215.62061 0.971563
2215.72729 0.973038
2215.83423 0.97448
2215.94092 0.97588
2216.04761 0.977231
2216.15430 0.978524
2216.26123 0.979758
2216.36792 0.980938
2216.47461 0.982066
2216.58130 0.983145
2216.68823 0.984178
2216.79492 0.985168
2216.90161 0.986119
2217.00830 0.987032
2217.11523 0.987912
2217.22192 0.98876
2217.32861 0.989578
2217.43530 0.990364
2217.54224 0.991121
2217.64893 0.991848
2217.75562 0.992546
2217.86255 0.993216
2217.96924 0.993858
2218.07593 0.994472
2218.18262 0.99506
2218.28955 0.995619
2218.39624 0.996148
2218.50293 0.996646
2218.60962 0.997111
2218.71655 0.997542
2218.82324 0.997937
2218.92993 0.998294
2219.03662 0.998612
2219.14355 0.998891
2219.25024 0.99913
2219.35693 0.999333
2219.46362 0.999502
2219.57056 0.999641
2219.67725 0.999753
2219.78394 0.99984
2219.89062 0.999906
2219.99756 0.999952
2220.10425 0.999983
2220.21094 0.999999
2220.31787 1.0
2220.42456 0.999984
2220.53125 0.99995
2220.63794 0.999896
2220.74487 0.999821
2220.85156 0.999724
2220.95825 0.999603
2221.06494 0.999457
2221.17188 0.999286
2221.27856 0.999089
2221.38525 0.998867
2221.49194 0.998621
2221.59888 0.998353
2221.70557 0.998064
2221.81226 0.997753
2221.91895 0.997423
2222.02588 0.997074
2222.13257 0.996706
2222.23926 0.99632
2222.34595 0.99591
2222.45288 0.995475
2222.55957 0.995009
2222.66626 0.994511
2222.77319 0.993976
2222.87988 0.9934
2222.98657 0.992781
2223.09326 0.992115
2223.20020 0.9914
2223.30688 0.990638
2223.41357 0.989833
2223.52026 0.988987
2223.62720 0.988103
2223.73389 0.987183
2223.84058 0.986232
2223.94727 0.985251
2224.05420 0.984244
2224.16089 0.983212
2224.26758 0.982157
2224.37427 0.981077
2224.48120 0.979971
2224.58789 0.978838
2224.69458 0.977676
2224.80127 0.976486
2224.90820 0.975265
2225.01489 0.974014
2225.12158 0.97273
2225.22827 0.971411
2225.33521 0.970053
2225.44189 0.968649
2225.54858 0.967197
2225.65552 0.965689
2225.76221 0.964122
2225.86890 0.962491
2225.97559 0.960791
2226.08252 0.959016
2226.18921 0.957166
2226.29590 0.955248
2226.40259 0.953274
2226.50952 0.951252
2226.61621 0.949194
2226.72290 0.947111
2226.82959 0.945012
2226.93652 0.942908
2227.04321 0.940809
2227.14990 0.938725
2227.25659 0.936656
2227.36353 0.934596
2227.47021 0.932538
2227.57690 0.930477
2227.68359 0.928407
2227.79053 0.926323
2227.89722 0.924218
2228.00391 0.922087
2228.11084 0.919922
2228.21753 0.917711
2228.32422 0.915425
2228.43091 0.913035
2228.53784 0.910513
2228.64453 0.907829
2228.75122 0.904954
2228.85791 0.901861
2228.96484 0.898519
2229.07153 0.894901
2229.17822 0.890986
2229.28491 0.886796
2229.39185 0.882361
2229.49854 0.877714
2229.60522 0.872886
2229.71191 0.867908
2229.81885 0.862812
2229.92554 0.857629
2230.03223 0.852391
2230.13892 0.847128
2230.24585 0.841855
2230.35254 0.836573
2230.45923 0.831285
2230.56592 0.825992
2230.67285 0.820696
2230.77954 0.815398
2230.88623 0.810101
2230.99316 0.804807
2231.09985 0.799517
2231.20654 0.79423
2231.31323 0.788942
2231.42017 0.783646
2231.52686 0.778337
2231.63354 0.773009
2231.74023 0.767655
2231.84717 0.762272
2231.95386 0.756851
2232.06055 0.751388
2232.16724 0.74588
2232.27417 0.740341
2232.38086 0.734789
2232.48755 0.729244
2232.59424 0.723726
2232.70117 0.718255
2232.80786 0.71285
2232.91455 0.707531
2233.02124 0.702317
2233.12817 0.697227
2233.23486 0.692263
2233.34155 0.68741
2233.44849 0.682653
2233.55518 0.677977
2233.66187 0.673365
2233.76855 0.668804
2233.87549 0.664277
2233.98218 0.659768
2234.08887 0.655263
2234.19556 0.650747
2234.30249 0.646207
2234.40918 0.641628
2234.51587 0.636998
2234.62256 0.632304
2234.72949 0.627533
2234.83618 0.622671
2234.94287 0.617705
2235.04956 0.612623
2235.15649 0.607413
2235.26318 0.602096
2235.36987 0.596701
2235.47656 0.591262
2235.58350 0.585811
2235.69019 0.580378
2235.79688 0.574997
2235.90381 0.569698
2236.01050 0.564514
2236.11719 0.559477
2236.22388 0.55459
2236.33081 0.549826
2236.43750 0.545154
2236.54419 0.540542
2236.65088 0.53596
2236.75781 0.531378
2236.86450 0.526764
2236.97119 0.522087
2237.07788 0.517317
2237.18481 0.512434
2237.29150 0.507456
2237.39819 0.50241
2237.50488 0.497322
2237.61182 0.49222
2237.71851 0.487131
2237.82520 0.482082
2237.93188 0.477099
2238.03882 0.472209
2238.14551 0.467438
2238.25220 0.462786
2238.35889 0.458241
2238.46582 0.45379
2238.57251 0.449418
2238.67920 0.445114
2238.78613 0.440863
2238.89282 0.436652
2238.99951 0.432468
2239.10620 0.428297
2239.21313 0.424127
2239.31982 0.419948
2239.42651 0.415746
2239.53320 0.411513
2239.64014 0.407236
2239.74683 0.402905
2239.85352 0.398509
2239.96021 0.394036
2240.06714 0.389476
2240.17383 0.384822
2240.28052 0.380087
2240.38721 0.375292
2240.49414 0.370455
2240.60083 0.365598
2240.70752 0.36074
2240.81421 0.355901
2240.92114 0.351101
2241.02783 0.346359
2241.13452 0.341694
2241.24146 0.337109
2241.34814 0.332594
2241.45483 0.328137
2241.56152 0.323726
2241.66846 0.31935
2241.77515 0.314998
2241.88184 0.310658
2241.98853 0.30632
2242.09546 0.301971
2242.20215 0.297602
2242.30884 0.293205
2242.41553 0.28877
2242.52246 0.284292
2242.62915 0.279761
2242.73584 0.275169
2242.84253 0.27051
2242.94946 0.265775
2243.05615 0.260957
2243.16284 0.256049
2243.26953 0.251071
2243.37646 0.246048
2243.48315 0.241008
2243.58984 0.235975
2243.69678 0.230977
2243.80347 0.22604
2243.91016 0.22119
2244.01685 0.216455
2244.12378 0.211859
2244.23047 0.207412
2244.33716 0.203104
2244.44385 0.198926
2244.55078 0.194868
2244.65747 0.190919
2244.76416 0.187069
2244.87085 0.183308
2244.97778 0.179625
2245.08447 0.176011
2245.19116 0.172456
2245.29785 0.16895
2245.40479 0.165487
2245.51147 0.162059
2245.61816 0.158658
2245.72485 0.155276
2245.83179 0.151907
2245.93848 0.148543
2246.04517 0.145176
2246.15186 0.141802
2246.25879 0.138429
2246.36548 0.135073
2246.47217 0.131749
2246.57910 0.128473
2246.68579 0.125262
2246.79248 0.122128
2246.89917 0.119089
2247.00610 0.116157
2247.11279 0.113349
2247.21948 0.110668
2247.32617 0.108103
2247.43311 0.105646
2247.53979 0.103284
2247.64648 0.101006
2247.75317 0.098804
2247.86011 0.096666
2247.96680 0.094581
2248.07349 0.092541
2248.18018 0.090535
2248.28711 0.08856
2248.39380 0.086614
2248.50049 0.084694
2248.60718 0.082799
2248.71411 0.080925
2248.82080 0.079071
2248.92749 0.077233
2249.03442 0.07541
2249.14111 0.0736
2249.24780 0.071806
2249.35449 0.070035
2249.46143 0.068295
2249.56812 0.066594
2249.67480 0.06494
2249.78149 0.06334
2249.88843 0.061801
2249.99512 0.060332
2250.10181 0.05894
2250.20850 0.057627
2250.31543 0.056386
2250.42212 0.055209
2250.52881 0.054088
2250.63550 0.053013
2250.74243 0.051976
2250.84912 0.05097
2250.95581 0.049985
2251.06250 0.049014
2251.16943 0.048049
2251.27612 0.047093
2251.38281 0.046148
2251.48975 0.045221
2251.59644 0.044316
2251.70312 0.043437
2251.80981 0.042588
2251.91675 0.041774
2252.02344 0.041001
2252.13013 0.040271
2252.23682 0.039585
2252.34375 0.03894
2252.45044 0.03833
2252.55713 0.037754
2252.66382 0.037206
2252.77075 0.036682
2252.87744 0.036179
2252.98413 0.035693
2253.09082 0.035219
2253.19775 0.034755
2253.30444 0.034299
2253.41113 0.03385
2253.51782 0.033406
2253.62476 0.032966
2253.73145 0.032528
2253.83813 0.032092
2253.94482 0.031656
2254.05176 0.031219
2254.15845 0.030779
2254.26514 0.030337
2254.37207 0.029896
2254.47876 0.029456
2254.58545 0.029021
2254.69214 0.02859
2254.79907 0.028167
2254.90576 0.027753
2255.01245 0.027349
2255.11914 0.026958
2255.22607 0.026579
2255.33276 0.026212
2255.43945 0.025856
2255.54614 0.02551
2255.65308 0.025173
2255.75977 0.024842
2255.86646 0.024519
2255.97314 0.024201
2256.08008 0.023887
2256.18677 0.023576
2256.29346 0.023269
2256.40015 0.022963
2256.50708 0.022659
2256.61377 0.022357
2256.72046 0.022055
2256.82739 0.021753
2256.93408 0.021451
2257.04077 0.021147
2257.14746 0.020843
2257.25439 0.020537
2257.36108 0.020232
2257.46777 0.019929
2257.57446 0.019629
2257.68140 0.019334
2257.78809 0.019044
2257.89478 0.018761
2258.00146 0.018487
2258.10840 0.018222
2258.21509 0.017967
2258.32178 0.017721
2258.42847 0.017484
2258.53540 0.017255
2258.64209 0.017033
2258.74878 0.016817
2258.85547 0.016606
2258.96240 0.0164
2259.06909 0.016198
2259.17578 0.015999
2259.28271 0.015802
2259.38940 0.015609
2259.49609 0.015417
2259.60278 0.015227
2259.70972 0.015039
2259.81641 0.014852
2259.92310 0.014666
2260.02979 0.01448
2260.13672 0.014296
2260.24341 0.014112
2260.35010 0.01393
2260.45679 0.01375
2260.56372 0.013573
2260.67041 0.013401
2260.77710 0.013234
2260.88379 0.013073
2260.99072 0.012918
2261.09741 0.01277
2261.20410 0.012631
2261.31079 0.012498
2261.41772 0.012372
2261.52441 0.012251
2261.63110 0.012135
2261.73779 0.012022
2261.84473 0.011912
2261.95142 0.011805
2262.05811 0.011698
2262.16504 0.011592
2262.27173 0.011487
2262.37842 0.011383
2262.48511 0.01128
2262.59204 0.01118
2262.69873 0.011082
2262.80542 0.010988
2262.91211 0.010898
2263.01904 0.010812
2263.12573 0.010731
2263.23242 0.010655
2263.33911 0.010583
2263.44604 0.010516
2263.55273 0.010452
2263.65942 0.010391
2263.76611 0.010334
2263.87305 0.010279
2263.97974 0.010226
2264.08643 0.010175
2264.19312 0.010125
2264.30005 0.010077
2264.40674 0.01003
2264.51343 0.009984
2264.62036 0.009939
2264.72705 0.009896
2264.83374 0.009853
2264.94043 0.009812
2265.04736 0.009771
2265.15405 0.009731
2265.26074 0.009692
2265.36743 0.009654
2265.47437 0.009617
2265.58105 0.009581
2265.68774 0.009547
2265.79443 0.009513
2265.90137 0.009481
2266.00806 0.009449
2266.11475 0.00942
2266.22144 0.009391
2266.32837 0.009364
2266.43506 0.009337
2266.54175 0.009312
2266.64844 0.009287
2266.75537 0.009263
2266.86206 0.009239
2266.96875 0.009216
2267.07568 0.009193
2267.18237 0.00917
2267.28906 0.009147
2267.39575 0.009124
2267.50269 0.0091
2267.60938 0.009076
2267.71606 0.009051
2267.82275 0.009025
2267.92969 0.008999
2268.03638 0.008971
2268.14307 0.008943
2268.24976 0.008913
2268.35669 0.008882
2268.46338 0.00885
2268.57007 0.008817
2268.67676 0.008784
2268.78369 0.00875
2268.89038 0.008715
2268.99707 0.00868
2269.10376 0.008645
2269.21069 0.00861
2269.31738 0.008574
2269.42407 0.008538
2269.53076 0.008502
2269.63770 0.008465
2269.74438 0.008428
2269.85107 0.008391
2269.95801 0.008354
2270.06470 0.008316
2270.17139 0.008277
2270.27808 0.008238
2270.38501 0.008198
2270.49170 0.008158
2270.59839 0.008117
2270.70508 0.008074
2270.81201 0.008031
2270.91870 0.007986
2271.02539 0.00794
2271.13208 0.007892
2271.23901 0.007843
2271.34570 0.007793
2271.45239 0.007742
2271.55908 0.00769
2271.66602 0.007638
2271.77271 0.007585
2271.87939 0.007532
2271.98608 0.007479
2272.09302 0.007427
2272.19971 0.007375
2272.30640 0.007324
2272.41333 0.007273
2272.52002 0.007223
2272.62671 0.007173
2272.73340 0.007123
2272.84033 0.007074
2272.94702 0.007025
2273.05371 0.006977
2273.16040 0.006929
2273.26733 0.006881
2273.37402 0.006832
2273.48071 0.006783
2273.58740 0.006733
2273.69434 0.006681
2273.80103 0.006627
2273.90771 0.006571
2274.01440 0.006513
2274.12134 0.006451
2274.22803 0.006387
2274.33472 0.006322
2274.44141 0.006256
2274.54834 0.006191
2274.65503 0.006129
2274.76172 0.006069
2274.86865 0.006015
2274.97534 0.005966
2275.08203 0.005923
2275.18872 0.005889
2275.29565 0.005862
2275.40234 0.005841
2275.50903 0.005826
2275.61572 0.005815
2275.72266 0.005807
2275.82935 0.005803
2275.93604 0.0058
2276.04272 0.005799
2276.14966 0.005798
2503.76465 0.0
