threeML/data/optical_filters/TD1/SPEC-F2300.ecsv
# %ECSV 0.9
# ---
# datatype:
# - {name: wavelength, unit: Angstrom, datatype: float32}
# - {name: response, datatype: float32}
# meta: !!omap
# - {band_name: F2300}
# - {group_name: SPEC}
wavelength response
2022.24707 0.0
2246.94116 0.010058
2247.04810 0.010124
2247.15479 0.01019
2247.26147 0.010256
2247.36816 0.010321
2247.47510 0.010387
2247.58179 0.010453
2247.68848 0.01052
2247.79517 0.010587
2247.90210 0.010655
2248.00879 0.010725
2248.11548 0.010795
2248.22241 0.010868
2248.32910 0.010941
2248.43579 0.011015
2248.54248 0.011089
2248.64941 0.011163
2248.75610 0.011236
2248.86279 0.011308
2248.96948 0.011378
2249.07642 0.011447
2249.18311 0.011514
2249.28979 0.011578
2249.39648 0.011642
2249.50342 0.011704
2249.61011 0.011765
2249.71680 0.011827
2249.82349 0.011888
2249.93042 0.01195
2250.03711 0.012013
2250.14380 0.012078
2250.25049 0.012143
2250.35742 0.01221
2250.46411 0.012277
2250.57080 0.012345
2250.67773 0.012412
2250.78442 0.012478
2250.89111 0.012543
2250.99780 0.012607
2251.10474 0.012669
2251.21143 0.012729
2251.31812 0.012787
2251.42480 0.012843
2251.53174 0.012899
2251.63843 0.012953
2251.74512 0.013007
2251.85181 0.01306
2251.95874 0.013114
2252.06543 0.013168
2252.17212 0.013222
2252.27881 0.013278
2252.38574 0.013334
2252.49243 0.013391
2252.59912 0.013448
2252.70581 0.013507
2252.81274 0.013566
2252.91943 0.013626
2253.02612 0.013687
2253.13281 0.013749
2253.23975 0.013812
2253.34644 0.013875
2253.45312 0.013939
2253.56006 0.014004
2253.66675 0.014069
2253.77344 0.014134
2253.88013 0.014199
2253.98706 0.014265
2254.09375 0.01433
2254.20044 0.014395
2254.30713 0.014461
2254.41406 0.014526
2254.52075 0.014592
2254.62744 0.014658
2254.73413 0.014724
2254.84106 0.014791
2254.94775 0.014859
2255.05444 0.014927
2255.16113 0.014997
2255.26807 0.015067
2255.37476 0.015139
2255.48145 0.015213
2255.58813 0.01529
2255.69507 0.015368
2255.80176 0.01545
2255.90845 0.015535
2256.01538 0.015624
2256.12207 0.015716
2256.22876 0.015813
2256.33545 0.015913
2256.44238 0.016016
2256.54907 0.016121
2256.65576 0.016229
2256.76245 0.016339
2256.86938 0.01645
2256.97607 0.016562
2257.08276 0.016675
2257.18945 0.016787
2257.29639 0.0169
2257.40308 0.017013
2257.50977 0.017127
2257.61646 0.017242
2257.72339 0.017357
2257.83008 0.017474
2257.93677 0.017592
2258.04346 0.017711
2258.15039 0.017831
2258.25708 0.017954
2258.36377 0.018079
2258.47046 0.018206
2258.57739 0.018337
2258.68408 0.018472
2258.79077 0.01861
2258.89771 0.018754
2259.00439 0.018902
2259.11108 0.019056
2259.21777 0.019215
2259.32471 0.019379
2259.43140 0.019548
2259.53809 0.019719
2259.64478 0.019894
2259.75171 0.02007
2259.85840 0.020247
2259.96509 0.020425
2260.07178 0.020602
2260.17871 0.020778
2260.28540 0.020953
2260.39209 0.021128
2260.49878 0.021302
2260.60571 0.021477
2260.71240 0.021651
2260.81909 0.021825
2260.92578 0.022
2261.03271 0.022176
2261.13940 0.022353
2261.24609 0.022531
2261.35303 0.022712
2261.45972 0.022897
2261.56641 0.023086
2261.67310 0.023281
2261.78003 0.023482
2261.88672 0.02369
2261.99341 0.023907
2262.10010 0.024133
2262.20703 0.024368
2262.31372 0.024612
2262.42041 0.024862
2262.52710 0.025119
2262.63403 0.02538
2262.74072 0.025644
2262.84741 0.02591
2262.95410 0.026176
2263.06104 0.026441
2263.16772 0.026705
2263.27441 0.026969
2263.38110 0.027234
2263.48804 0.027504
2263.59473 0.02778
2263.70142 0.028064
2263.80835 0.02836
2263.91504 0.028669
2264.02173 0.028993
2264.12842 0.029334
2264.23535 0.029694
2264.34204 0.030069
2264.44873 0.030459
2264.55542 0.030862
2264.66235 0.031275
2264.76904 0.031698
2264.87573 0.032127
2264.98242 0.032562
2265.08936 0.033001
2265.19604 0.033443
2265.30273 0.033887
2265.40942 0.034335
2265.51636 0.034789
2265.62305 0.035247
2265.72974 0.035712
2265.83643 0.036185
2265.94336 0.036665
2266.05005 0.037154
2266.15674 0.037653
2266.26343 0.038164
2266.37036 0.038688
2266.47705 0.039228
2266.58374 0.039786
2266.69067 0.040364
2266.79736 0.040965
2266.90405 0.041589
2267.01074 0.042241
2267.11768 0.042921
2267.22437 0.04363
2267.33105 0.044363
2267.43774 0.045118
2267.54468 0.045891
2267.65137 0.046679
2267.75806 0.047477
2267.86475 0.048283
2267.97168 0.049092
2268.07837 0.049902
2268.18506 0.050709
2268.29175 0.051514
2268.39868 0.052317
2268.50537 0.05312
2268.61206 0.053923
2268.71875 0.054728
2268.82568 0.055536
2268.93237 0.056346
2269.03906 0.057161
2269.14600 0.057982
2269.25269 0.058811
2269.35938 0.059654
2269.46606 0.060515
2269.57300 0.061399
2269.67969 0.062311
2269.78638 0.063256
2269.89307 0.064239
2270.00000 0.065265
2270.10669 0.066337
2270.21338 0.067459
2270.32007 0.068627
2270.42700 0.069839
2270.53369 0.071091
2270.64038 0.07238
2270.74707 0.073702
2270.85400 0.075055
2270.96069 0.076434
2271.06738 0.077838
2271.17407 0.079263
2271.28101 0.080711
2271.38770 0.082183
2271.49438 0.083682
2271.60132 0.085209
2271.70801 0.086767
2271.81470 0.088357
2271.92139 0.089982
2272.02832 0.091644
2272.13501 0.093345
2272.24170 0.09509
2272.34839 0.096889
2272.45532 0.098749
2272.56201 0.10068
2272.66870 0.102689
2272.77539 0.104786
2272.88232 0.106979
2272.98901 0.109276
2273.09570 0.111686
2273.20239 0.114212
2273.30933 0.116843
2273.41602 0.119568
2273.52271 0.122375
2273.62939 0.125251
2273.73633 0.128184
2273.84302 0.131163
2273.94971 0.134175
2274.05640 0.137208
2274.16333 0.140252
2274.27002 0.143307
2274.37671 0.146377
2274.48364 0.149466
2274.59033 0.152578
2274.69702 0.155717
2274.80371 0.158888
2274.91064 0.162096
2275.01733 0.165343
2275.12402 0.168636
2275.23071 0.171981
2275.33765 0.175391
2275.44434 0.17888
2275.55103 0.182459
2275.65771 0.186141
2275.76465 0.18994
2275.87134 0.193868
2275.97803 0.197937
2276.08472 0.202161
2276.19165 0.206543
2276.29834 0.21106
2276.40503 0.215683
2276.51172 0.220384
2276.61865 0.225134
2276.72534 0.229905
2276.83203 0.234669
2276.93896 0.239396
2277.04565 0.244059
2277.15234 0.248632
2277.25903 0.253126
2277.36597 0.257571
2277.47266 0.261994
2277.57935 0.266427
2277.68604 0.270899
2277.79297 0.27544
2277.89966 0.280078
2278.00635 0.284844
2278.11304 0.289767
2278.21997 0.294852
2278.32666 0.300072
2278.43335 0.305395
2278.54004 0.310791
2278.64697 0.316228
2278.75366 0.321676
2278.86035 0.327104
2278.96704 0.332481
2279.07397 0.337776
2279.18066 0.342965
2279.28735 0.348052
2279.39429 0.353049
2279.50098 0.357967
2279.60767 0.362818
2279.71436 0.367613
2279.82129 0.372364
2279.92798 0.377081
2280.03467 0.381778
2280.14136 0.386464
2280.24829 0.391153
2280.35498 0.395856
2280.46167 0.400586
2280.56836 0.405357
2280.67529 0.41018
2280.78198 0.415067
2280.88867 0.420033
2280.99536 0.425088
2281.10229 0.430245
2281.20898 0.435507
2281.31567 0.440851
2281.42236 0.446256
2281.52930 0.451698
2281.63599 0.457155
2281.74268 0.462603
2281.84937 0.468021
2281.95630 0.473384
2282.06299 0.478671
2282.16968 0.483862
2282.27661 0.488961
2282.38330 0.493981
2282.48999 0.498932
2282.59668 0.503827
2282.70361 0.508678
2282.81030 0.513495
2282.91699 0.518292
2283.02368 0.52308
2283.13062 0.527871
2283.23730 0.532674
2283.34399 0.537499
2283.45068 0.542354
2283.55762 0.547248
2283.66431 0.55219
2283.77100 0.557188
2283.87769 0.562251
2283.98462 0.567387
2284.09131 0.572605
2284.19800 0.577906
2284.30469 0.583264
2284.41162 0.588654
2284.51831 0.594048
2284.62500 0.59942
2284.73193 0.604742
2284.83862 0.609987
2284.94531 0.615128
2285.05200 0.620139
2285.15894 0.624995
2285.26562 0.6297
2285.37231 0.634269
2285.47900 0.638719
2285.58594 0.643064
2285.69263 0.647321
2285.79932 0.651504
2285.90601 0.655631
2286.01294 0.659716
2286.11963 0.663775
2286.22632 0.667825
2286.33301 0.671883
2286.43994 0.675968
2286.54663 0.680097
2286.65332 0.684288
2286.76001 0.688559
2286.86694 0.692928
2286.97363 0.697413
2287.08032 0.702031
2287.18726 0.706792
2287.29395 0.711673
2287.40063 0.716646
2287.50732 0.721684
2287.61426 0.726758
2287.72095 0.731839
2287.82764 0.7369
2287.93433 0.741912
2288.04126 0.746846
2288.14795 0.751678
2288.25464 0.756415
2288.36133 0.761082
2288.46826 0.765707
2288.57495 0.770317
2288.68164 0.774937
2288.78833 0.779595
2288.89526 0.784318
2289.00195 0.789133
2289.10864 0.794065
2289.21533 0.79912
2289.32227 0.804268
2289.42896 0.809477
2289.53564 0.814714
2289.64233 0.819945
2289.74927 0.825139
2289.85596 0.830263
2289.96265 0.835284
2290.06958 0.840169
2290.17627 0.844892
2290.28296 0.849456
2290.38965 0.853875
2290.49658 0.858159
2290.60327 0.862321
2290.70996 0.866373
2290.81665 0.870327
2290.92358 0.874195
2291.03027 0.877989
2291.13696 0.881722
2291.24365 0.885395
2291.35059 0.889006
2291.45728 0.892552
2291.56396 0.896028
2291.67065 0.899431
2291.77759 0.902759
2291.88428 0.906006
2291.99097 0.909171
2292.09766 0.912248
2292.20459 0.915235
2292.31128 0.918127
2292.41797 0.920917
2292.52490 0.923602
2292.63159 0.926175
2292.73828 0.928633
2292.84497 0.930969
2292.95190 0.933179
2293.05859 0.935257
2293.16528 0.937201
2293.27197 0.939021
2293.37891 0.940732
2293.48560 0.94235
2293.59229 0.943891
2293.69897 0.945369
2293.80591 0.946802
2293.91260 0.948204
2294.01929 0.949591
2294.12598 0.950978
2294.23291 0.952374
2294.33960 0.953779
2294.44629 0.955196
2294.55298 0.956624
2294.65991 0.958065
2294.76660 0.95952
2294.87329 0.96099
2294.98022 0.962475
2295.08691 0.963977
2295.19360 0.965495
2295.30029 0.96702
2295.40723 0.968546
2295.51392 0.970063
2295.62061 0.971563
2295.72729 0.973038
2295.83423 0.97448
2295.94092 0.97588
2296.04761 0.977231
2296.15430 0.978524
2296.26123 0.979758
2296.36792 0.980938
2296.47461 0.982066
2296.58130 0.983145
2296.68823 0.984178
2296.79492 0.985168
2296.90161 0.986119
2297.00830 0.987032
2297.11523 0.987912
2297.22192 0.98876
2297.32861 0.989578
2297.43530 0.990364
2297.54224 0.991121
2297.64893 0.991848
2297.75562 0.992546
2297.86255 0.993216
2297.96924 0.993858
2298.07593 0.994472
2298.18262 0.99506
2298.28955 0.995619
2298.39624 0.996148
2298.50293 0.996646
2298.60962 0.997111
2298.71655 0.997542
2298.82324 0.997937
2298.92993 0.998294
2299.03662 0.998612
2299.14355 0.998891
2299.25024 0.99913
2299.35693 0.999333
2299.46362 0.999502
2299.57056 0.999641
2299.67725 0.999753
2299.78394 0.99984
2299.89062 0.999906
2299.99756 0.999952
2300.10425 0.999983
2300.21094 0.999999
2300.31787 1.0
2300.42456 0.999984
2300.53125 0.99995
2300.63794 0.999896
2300.74487 0.999821
2300.85156 0.999724
2300.95825 0.999603
2301.06494 0.999457
2301.17188 0.999286
2301.27856 0.999089
2301.38525 0.998867
2301.49194 0.998621
2301.59888 0.998353
2301.70557 0.998064
2301.81226 0.997753
2301.91895 0.997423
2302.02588 0.997074
2302.13257 0.996706
2302.23926 0.99632
2302.34595 0.99591
2302.45288 0.995475
2302.55957 0.995009
2302.66626 0.994511
2302.77319 0.993976
2302.87988 0.9934
2302.98657 0.992781
2303.09326 0.992115
2303.20020 0.9914
2303.30688 0.990638
2303.41357 0.989833
2303.52026 0.988987
2303.62720 0.988103
2303.73389 0.987183
2303.84058 0.986232
2303.94727 0.985251
2304.05420 0.984244
2304.16089 0.983212
2304.26758 0.982157
2304.37427 0.981077
2304.48120 0.979971
2304.58789 0.978838
2304.69458 0.977676
2304.80127 0.976486
2304.90820 0.975265
2305.01489 0.974014
2305.12158 0.97273
2305.22827 0.971411
2305.33521 0.970053
2305.44189 0.968649
2305.54858 0.967197
2305.65552 0.965689
2305.76221 0.964122
2305.86890 0.962491
2305.97559 0.960791
2306.08252 0.959016
2306.18921 0.957166
2306.29590 0.955248
2306.40259 0.953274
2306.50952 0.951252
2306.61621 0.949194
2306.72290 0.947111
2306.82959 0.945012
2306.93652 0.942908
2307.04321 0.940809
2307.14990 0.938725
2307.25659 0.936656
2307.36353 0.934596
2307.47021 0.932538
2307.57690 0.930477
2307.68359 0.928407
2307.79053 0.926323
2307.89722 0.924218
2308.00391 0.922087
2308.11084 0.919922
2308.21753 0.917711
2308.32422 0.915425
2308.43091 0.913035
2308.53784 0.910513
2308.64453 0.907829
2308.75122 0.904954
2308.85791 0.901861
2308.96484 0.898519
2309.07153 0.894901
2309.17822 0.890986
2309.28491 0.886796
2309.39185 0.882361
2309.49854 0.877714
2309.60522 0.872886
2309.71191 0.867908
2309.81885 0.862812
2309.92554 0.857629
2310.03223 0.852391
2310.13892 0.847128
2310.24585 0.841855
2310.35254 0.836573
2310.45923 0.831285
2310.56592 0.825992
2310.67285 0.820696
2310.77954 0.815398
2310.88623 0.810101
2310.99316 0.804807
2311.09985 0.799517
2311.20654 0.79423
2311.31323 0.788942
2311.42017 0.783646
2311.52686 0.778337
2311.63354 0.773009
2311.74023 0.767655
2311.84717 0.762272
2311.95386 0.756851
2312.06055 0.751388
2312.16724 0.74588
2312.27417 0.740341
2312.38086 0.734789
2312.48755 0.729244
2312.59424 0.723726
2312.70117 0.718255
2312.80786 0.71285
2312.91455 0.707531
2313.02124 0.702317
2313.12817 0.697227
2313.23486 0.692263
2313.34155 0.68741
2313.44849 0.682653
2313.55518 0.677977
2313.66187 0.673365
2313.76855 0.668804
2313.87549 0.664277
2313.98218 0.659768
2314.08887 0.655263
2314.19556 0.650747
2314.30249 0.646207
2314.40918 0.641628
2314.51587 0.636998
2314.62256 0.632304
2314.72949 0.627533
2314.83618 0.622671
2314.94287 0.617705
2315.04956 0.612623
2315.15649 0.607413
2315.26318 0.602096
2315.36987 0.596701
2315.47656 0.591262
2315.58350 0.585811
2315.69019 0.580378
2315.79688 0.574997
2315.90381 0.569698
2316.01050 0.564514
2316.11719 0.559477
2316.22388 0.55459
2316.33081 0.549826
2316.43750 0.545154
2316.54419 0.540542
2316.65088 0.53596
2316.75781 0.531378
2316.86450 0.526764
2316.97119 0.522087
2317.07788 0.517317
2317.18481 0.512434
2317.29150 0.507456
2317.39819 0.50241
2317.50488 0.497322
2317.61182 0.49222
2317.71851 0.487131
2317.82520 0.482082
2317.93188 0.477099
2318.03882 0.472209
2318.14551 0.467438
2318.25220 0.462786
2318.35889 0.458241
2318.46582 0.45379
2318.57251 0.449418
2318.67920 0.445114
2318.78613 0.440863
2318.89282 0.436652
2318.99951 0.432468
2319.10620 0.428297
2319.21313 0.424127
2319.31982 0.419948
2319.42651 0.415746
2319.53320 0.411513
2319.64014 0.407236
2319.74683 0.402905
2319.85352 0.398509
2319.96021 0.394036
2320.06714 0.389476
2320.17383 0.384822
2320.28052 0.380087
2320.38721 0.375292
2320.49414 0.370455
2320.60083 0.365598
2320.70752 0.36074
2320.81421 0.355901
2320.92114 0.351101
2321.02783 0.346359
2321.13452 0.341694
2321.24146 0.337109
2321.34814 0.332594
2321.45483 0.328137
2321.56152 0.323726
2321.66846 0.31935
2321.77515 0.314998
2321.88184 0.310658
2321.98853 0.30632
2322.09546 0.301971
2322.20215 0.297602
2322.30884 0.293205
2322.41553 0.28877
2322.52246 0.284292
2322.62915 0.279761
2322.73584 0.275169
2322.84253 0.27051
2322.94946 0.265775
2323.05615 0.260957
2323.16284 0.256049
2323.26953 0.251071
2323.37646 0.246048
2323.48315 0.241008
2323.58984 0.235975
2323.69678 0.230977
2323.80347 0.22604
2323.91016 0.22119
2324.01685 0.216455
2324.12378 0.211859
2324.23047 0.207412
2324.33716 0.203104
2324.44385 0.198926
2324.55078 0.194868
2324.65747 0.190919
2324.76416 0.187069
2324.87085 0.183308
2324.97778 0.179625
2325.08447 0.176011
2325.19116 0.172456
2325.29785 0.16895
2325.40479 0.165487
2325.51147 0.162059
2325.61816 0.158658
2325.72485 0.155276
2325.83179 0.151907
2325.93848 0.148543
2326.04517 0.145176
2326.15186 0.141802
2326.25879 0.138429
2326.36548 0.135073
2326.47217 0.131749
2326.57910 0.128473
2326.68579 0.125262
2326.79248 0.122128
2326.89917 0.119089
2327.00610 0.116157
2327.11279 0.113349
2327.21948 0.110668
2327.32617 0.108103
2327.43311 0.105646
2327.53979 0.103284
2327.64648 0.101006
2327.75317 0.098804
2327.86011 0.096666
2327.96680 0.094581
2328.07349 0.092541
2328.18018 0.090535
2328.28711 0.08856
2328.39380 0.086614
2328.50049 0.084694
2328.60718 0.082799
2328.71411 0.080925
2328.82080 0.079071
2328.92749 0.077233
2329.03442 0.07541
2329.14111 0.0736
2329.24780 0.071806
2329.35449 0.070035
2329.46143 0.068295
2329.56812 0.066594
2329.67480 0.06494
2329.78149 0.06334
2329.88843 0.061801
2329.99512 0.060332
2330.10181 0.05894
2330.20850 0.057627
2330.31543 0.056386
2330.42212 0.055209
2330.52881 0.054088
2330.63550 0.053013
2330.74243 0.051976
2330.84912 0.05097
2330.95581 0.049985
2331.06250 0.049014
2331.16943 0.048049
2331.27612 0.047093
2331.38281 0.046148
2331.48975 0.045221
2331.59644 0.044316
2331.70312 0.043437
2331.80981 0.042588
2331.91675 0.041774
2332.02344 0.041001
2332.13013 0.040271
2332.23682 0.039585
2332.34375 0.03894
2332.45044 0.03833
2332.55713 0.037754
2332.66382 0.037206
2332.77075 0.036682
2332.87744 0.036179
2332.98413 0.035693
2333.09082 0.035219
2333.19775 0.034755
2333.30444 0.034299
2333.41113 0.03385
2333.51782 0.033406
2333.62476 0.032966
2333.73145 0.032528
2333.83813 0.032092
2333.94482 0.031656
2334.05176 0.031219
2334.15845 0.030779
2334.26514 0.030337
2334.37207 0.029896
2334.47876 0.029456
2334.58545 0.029021
2334.69214 0.02859
2334.79907 0.028167
2334.90576 0.027753
2335.01245 0.027349
2335.11914 0.026958
2335.22607 0.026579
2335.33276 0.026212
2335.43945 0.025856
2335.54614 0.02551
2335.65308 0.025173
2335.75977 0.024842
2335.86646 0.024519
2335.97314 0.024201
2336.08008 0.023887
2336.18677 0.023576
2336.29346 0.023269
2336.40015 0.022963
2336.50708 0.022659
2336.61377 0.022357
2336.72046 0.022055
2336.82739 0.021753
2336.93408 0.021451
2337.04077 0.021147
2337.14746 0.020843
2337.25439 0.020537
2337.36108 0.020232
2337.46777 0.019929
2337.57446 0.019629
2337.68140 0.019334
2337.78809 0.019044
2337.89478 0.018761
2338.00146 0.018487
2338.10840 0.018222
2338.21509 0.017967
2338.32178 0.017721
2338.42847 0.017484
2338.53540 0.017255
2338.64209 0.017033
2338.74878 0.016817
2338.85547 0.016606
2338.96240 0.0164
2339.06909 0.016198
2339.17578 0.015999
2339.28271 0.015802
2339.38940 0.015609
2339.49609 0.015417
2339.60278 0.015227
2339.70972 0.015039
2339.81641 0.014852
2339.92310 0.014666
2340.02979 0.01448
2340.13672 0.014296
2340.24341 0.014112
2340.35010 0.01393
2340.45679 0.01375
2340.56372 0.013573
2340.67041 0.013401
2340.77710 0.013234
2340.88379 0.013073
2340.99072 0.012918
2341.09741 0.01277
2341.20410 0.012631
2341.31079 0.012498
2341.41772 0.012372
2341.52441 0.012251
2341.63110 0.012135
2341.73779 0.012022
2341.84473 0.011912
2341.95142 0.011805
2342.05811 0.011698
2342.16504 0.011592
2342.27173 0.011487
2342.37842 0.011383
2342.48511 0.01128
2342.59204 0.01118
2342.69873 0.011082
2342.80542 0.010988
2342.91211 0.010898
2343.01904 0.010812
2343.12573 0.010731
2343.23242 0.010655
2343.33911 0.010583
2343.44604 0.010516
2343.55273 0.010452
2343.65942 0.010391
2343.76611 0.010334
2343.87305 0.010279
2343.97974 0.010226
2344.08643 0.010175
2344.19312 0.010125
2344.30005 0.010077
2344.40674 0.01003
2344.51343 0.009984
2344.62036 0.009939
2344.72705 0.009896
2344.83374 0.009853
2344.94043 0.009812
2345.04736 0.009771
2345.15405 0.009731
2345.26074 0.009692
2345.36743 0.009654
2345.47437 0.009617
2345.58105 0.009581
2345.68774 0.009547
2345.79443 0.009513
2345.90137 0.009481
2346.00806 0.009449
2346.11475 0.00942
2346.22144 0.009391
2346.32837 0.009364
2346.43506 0.009337
2346.54175 0.009312
2346.64844 0.009287
2346.75537 0.009263
2346.86206 0.009239
2346.96875 0.009216
2347.07568 0.009193
2347.18237 0.00917
2347.28906 0.009147
2347.39575 0.009124
2347.50269 0.0091
2347.60938 0.009076
2347.71606 0.009051
2347.82275 0.009025
2347.92969 0.008999
2348.03638 0.008971
2348.14307 0.008943
2348.24976 0.008913
2348.35669 0.008882
2348.46338 0.00885
2348.57007 0.008817
2348.67676 0.008784
2348.78369 0.00875
2348.89038 0.008715
2348.99707 0.00868
2349.10376 0.008645
2349.21069 0.00861
2349.31738 0.008574
2349.42407 0.008538
2349.53076 0.008502
2349.63770 0.008465
2349.74438 0.008428
2349.85107 0.008391
2349.95801 0.008354
2350.06470 0.008316
2350.17139 0.008277
2350.27808 0.008238
2350.38501 0.008198
2350.49170 0.008158
2350.59839 0.008117
2350.70508 0.008074
2350.81201 0.008031
2350.91870 0.007986
2351.02539 0.00794
2351.13208 0.007892
2351.23901 0.007843
2351.34570 0.007793
2351.45239 0.007742
2351.55908 0.00769
2351.66602 0.007638
2351.77271 0.007585
2351.87939 0.007532
2351.98608 0.007479
2352.09302 0.007427
2352.19971 0.007375
2352.30640 0.007324
2352.41333 0.007273
2352.52002 0.007223
2352.62671 0.007173
2352.73340 0.007123
2352.84033 0.007074
2352.94702 0.007025
2353.05371 0.006977
2353.16040 0.006929
2353.26733 0.006881
2353.37402 0.006832
2353.48071 0.006783
2353.58740 0.006733
2353.69434 0.006681
2353.80103 0.006627
2353.90771 0.006571
2354.01440 0.006513
2354.12134 0.006451
2354.22803 0.006387
2354.33472 0.006322
2354.44141 0.006256
2354.54834 0.006191
2354.65503 0.006129
2354.76172 0.006069
2354.86865 0.006015
2354.97534 0.005966
2355.08203 0.005923
2355.18872 0.005889
2355.29565 0.005862
2355.40234 0.005841
2355.50903 0.005826
2355.61572 0.005815
2355.72266 0.005807
2355.82935 0.005803
2355.93604 0.0058
2356.04272 0.005799
2356.14966 0.005798
2591.76465 0.0
