threeML/data/optical_filters/TD1/SPEC-F1680.ecsv
# %ECSV 0.9
# ---
# datatype:
# - {name: wavelength, unit: Angstrom, datatype: float32}
# - {name: response, datatype: float32}
# meta: !!omap
# - {band_name: F1680}
# - {group_name: SPEC}
wavelength response
1464.24683 0.0
1626.94092 0.010058
1627.04773 0.010124
1627.15442 0.01019
1627.26123 0.010256
1627.36792 0.010321
1627.47473 0.010387
1627.58142 0.010453
1627.68823 0.01052
1627.79504 0.010587
1627.90173 0.010655
1628.00854 0.010725
1628.11523 0.010795
1628.22205 0.010868
1628.32874 0.010941
1628.43555 0.011015
1628.54224 0.011089
1628.64905 0.011163
1628.75574 0.011236
1628.86255 0.011308
1628.96924 0.011378
1629.07605 0.011447
1629.18274 0.011514
1629.28955 0.011578
1629.39624 0.011642
1629.50305 0.011704
1629.60974 0.011765
1629.71655 0.011827
1629.82324 0.011888
1629.93005 0.01195
1630.03674 0.012013
1630.14355 0.012078
1630.25024 0.012143
1630.35706 0.01221
1630.46387 0.012277
1630.57056 0.012345
1630.67737 0.012412
1630.78406 0.012478
1630.89087 0.012543
1630.99756 0.012607
1631.10437 0.012669
1631.21106 0.012729
1631.31787 0.012787
1631.42456 0.012843
1631.53137 0.012899
1631.63806 0.012953
1631.74487 0.013007
1631.85156 0.01306
1631.95837 0.013114
1632.06506 0.013168
1632.17188 0.013222
1632.27856 0.013278
1632.38538 0.013334
1632.49207 0.013391
1632.59888 0.013448
1632.70557 0.013507
1632.81238 0.013566
1632.91907 0.013626
1633.02588 0.013687
1633.13269 0.013749
1633.23938 0.013812
1633.34619 0.013875
1633.45288 0.013939
1633.55969 0.014004
1633.66638 0.014069
1633.77319 0.014134
1633.87988 0.014199
1633.98669 0.014265
1634.09338 0.01433
1634.20020 0.014395
1634.30688 0.014461
1634.41370 0.014526
1634.52039 0.014592
1634.62720 0.014658
1634.73389 0.014724
1634.84070 0.014791
1634.94739 0.014859
1635.05420 0.014927
1635.16089 0.014997
1635.26770 0.015067
1635.37439 0.015139
1635.48120 0.015213
1635.58789 0.01529
1635.69470 0.015368
1635.80151 0.01545
1635.90820 0.015535
1636.01501 0.015624
1636.12170 0.015716
1636.22852 0.015813
1636.33521 0.015913
1636.44202 0.016016
1636.54871 0.016121
1636.65552 0.016229
1636.76221 0.016339
1636.86902 0.01645
1636.97571 0.016562
1637.08252 0.016675
1637.18921 0.016787
1637.29602 0.0169
1637.40271 0.017013
1637.50952 0.017127
1637.61621 0.017242
1637.72302 0.017357
1637.82971 0.017474
1637.93652 0.017592
1638.04321 0.017711
1638.15002 0.017831
1638.25684 0.017954
1638.36353 0.018079
1638.47034 0.018206
1638.57703 0.018337
1638.68384 0.018472
1638.79053 0.01861
1638.89734 0.018754
1639.00403 0.018902
1639.11084 0.019056
1639.21753 0.019215
1639.32434 0.019379
1639.43103 0.019548
1639.53784 0.019719
1639.64453 0.019894
1639.75134 0.02007
1639.85803 0.020247
1639.96484 0.020425
1640.07153 0.020602
1640.17834 0.020778
1640.28503 0.020953
1640.39185 0.021128
1640.49854 0.021302
1640.60535 0.021477
1640.71204 0.021651
1640.81885 0.021825
1640.92566 0.022
1641.03235 0.022176
1641.13916 0.022353
1641.24585 0.022531
1641.35266 0.022712
1641.45935 0.022897
1641.56616 0.023086
1641.67285 0.023281
1641.77966 0.023482
1641.88635 0.02369
1641.99316 0.023907
1642.09985 0.024133
1642.20667 0.024368
1642.31335 0.024612
1642.42017 0.024862
1642.52686 0.025119
1642.63367 0.02538
1642.74036 0.025644
1642.84717 0.02591
1642.95386 0.026176
1643.06067 0.026441
1643.16736 0.026705
1643.27417 0.026969
1643.38086 0.027234
1643.48767 0.027504
1643.59448 0.02778
1643.70117 0.028064
1643.80798 0.02836
1643.91467 0.028669
1644.02148 0.028993
1644.12817 0.029334
1644.23499 0.029694
1644.34167 0.030069
1644.44849 0.030459
1644.55518 0.030862
1644.66199 0.031275
1644.76868 0.031698
1644.87549 0.032127
1644.98218 0.032562
1645.08899 0.033001
1645.19568 0.033443
1645.30249 0.033887
1645.40918 0.034335
1645.51599 0.034789
1645.62268 0.035247
1645.72949 0.035712
1645.83618 0.036185
1645.94299 0.036665
1646.04980 0.037154
1646.15649 0.037653
1646.26331 0.038164
1646.37000 0.038688
1646.47681 0.039228
1646.58350 0.039786
1646.69031 0.040364
1646.79700 0.040965
1646.90381 0.041589
1647.01050 0.042241
1647.11731 0.042921
1647.22400 0.04363
1647.33081 0.044363
1647.43750 0.045118
1647.54431 0.045891
1647.65100 0.046679
1647.75781 0.047477
1647.86450 0.048283
1647.97131 0.049092
1648.07800 0.049902
1648.18481 0.050709
1648.29150 0.051514
1648.39832 0.052317
1648.50500 0.05312
1648.61182 0.053923
1648.71863 0.054728
1648.82532 0.055536
1648.93213 0.056346
1649.03882 0.057161
1649.14563 0.057982
1649.25232 0.058811
1649.35913 0.059654
1649.46582 0.060515
1649.57263 0.061399
1649.67932 0.062311
1649.78613 0.063256
1649.89282 0.064239
1649.99963 0.065265
1650.10632 0.066337
1650.21313 0.067459
1650.31982 0.068627
1650.42664 0.069839
1650.53333 0.071091
1650.64014 0.07238
1650.74683 0.073702
1650.85364 0.075055
1650.96033 0.076434
1651.06714 0.077838
1651.17383 0.079263
1651.28064 0.080711
1651.38745 0.082183
1651.49414 0.083682
1651.60095 0.085209
1651.70764 0.086767
1651.81445 0.088357
1651.92114 0.089982
1652.02795 0.091644
1652.13464 0.093345
1652.24146 0.09509
1652.34814 0.096889
1652.45496 0.098749
1652.56165 0.10068
1652.66846 0.102689
1652.77515 0.104786
1652.88196 0.106979
1652.98865 0.109276
1653.09546 0.111686
1653.20215 0.114212
1653.30896 0.116843
1653.41565 0.119568
1653.52246 0.122375
1653.62915 0.125251
1653.73596 0.128184
1653.84265 0.131163
1653.94946 0.134175
1654.05627 0.137208
1654.16296 0.140252
1654.26978 0.143307
1654.37646 0.146377
1654.48328 0.149466
1654.58997 0.152578
1654.69678 0.155717
1654.80347 0.158888
1654.91028 0.162096
1655.01697 0.165343
1655.12378 0.168636
1655.23047 0.171981
1655.33728 0.175391
1655.44397 0.17888
1655.55078 0.182459
1655.65747 0.186141
1655.76428 0.18994
1655.87097 0.193868
1655.97778 0.197937
1656.08447 0.202161
1656.19128 0.206543
1656.29797 0.21106
1656.40479 0.215683
1656.51160 0.220384
1656.61829 0.225134
1656.72510 0.229905
1656.83179 0.234669
1656.93860 0.239396
1657.04529 0.244059
1657.15210 0.248632
1657.25879 0.253126
1657.36560 0.257571
1657.47229 0.261994
1657.57910 0.266427
1657.68579 0.270899
1657.79260 0.27544
1657.89929 0.280078
1658.00610 0.284844
1658.11279 0.289767
1658.21960 0.294852
1658.32629 0.300072
1658.43311 0.305395
1658.53979 0.310791
1658.64661 0.316228
1658.75330 0.321676
1658.86011 0.327104
1658.96680 0.332481
1659.07361 0.337776
1659.18042 0.342965
1659.28711 0.348052
1659.39392 0.353049
1659.50061 0.357967
1659.60742 0.362818
1659.71411 0.367613
1659.82092 0.372364
1659.92761 0.377081
1660.03442 0.381778
1660.14111 0.386464
1660.24792 0.391153
1660.35461 0.395856
1660.46143 0.400586
1660.56812 0.405357
1660.67493 0.41018
1660.78162 0.415067
1660.88843 0.420033
1660.99512 0.425088
1661.10193 0.430245
1661.20862 0.435507
1661.31543 0.440851
1661.42212 0.446256
1661.52893 0.451698
1661.63562 0.457155
1661.74243 0.462603
1661.84924 0.468021
1661.95593 0.473384
1662.06274 0.478671
1662.16943 0.483862
1662.27625 0.488961
1662.38293 0.493981
1662.48975 0.498932
1662.59644 0.503827
1662.70325 0.508678
1662.80994 0.513495
1662.91675 0.518292
1663.02344 0.52308
1663.13025 0.527871
1663.23694 0.532674
1663.34375 0.537499
1663.45044 0.542354
1663.55725 0.547248
1663.66394 0.55219
1663.77075 0.557188
1663.87744 0.562251
1663.98425 0.567387
1664.09094 0.572605
1664.19775 0.577906
1664.30457 0.583264
1664.41125 0.588654
1664.51807 0.594048
1664.62476 0.59942
1664.73157 0.604742
1664.83826 0.609987
1664.94507 0.615128
1665.05176 0.620139
1665.15857 0.624995
1665.26526 0.6297
1665.37207 0.634269
1665.47876 0.638719
1665.58557 0.643064
1665.69226 0.647321
1665.79907 0.651504
1665.90576 0.655631
1666.01257 0.659716
1666.11926 0.663775
1666.22607 0.667825
1666.33276 0.671883
1666.43958 0.675968
1666.54626 0.680097
1666.65308 0.684288
1666.75977 0.688559
1666.86658 0.692928
1666.97339 0.697413
1667.08008 0.702031
1667.18689 0.706792
1667.29358 0.711673
1667.40039 0.716646
1667.50708 0.721684
1667.61389 0.726758
1667.72058 0.731839
1667.82739 0.7369
1667.93408 0.741912
1668.04089 0.746846
1668.14758 0.751678
1668.25439 0.756415
1668.36108 0.761082
1668.46790 0.765707
1668.57458 0.770317
1668.68140 0.774937
1668.78809 0.779595
1668.89490 0.784318
1669.00159 0.789133
1669.10840 0.794065
1669.21509 0.79912
1669.32190 0.804268
1669.42859 0.809477
1669.53540 0.814714
1669.64221 0.819945
1669.74890 0.825139
1669.85571 0.830263
1669.96240 0.835284
1670.06921 0.840169
1670.17590 0.844892
1670.28271 0.849456
1670.38940 0.853875
1670.49622 0.858159
1670.60291 0.862321
1670.70972 0.866373
1670.81641 0.870327
1670.92322 0.874195
1671.02991 0.877989
1671.13672 0.881722
1671.24341 0.885395
1671.35022 0.889006
1671.45691 0.892552
1671.56372 0.896028
1671.67041 0.899431
1671.77722 0.902759
1671.88391 0.906006
1671.99072 0.909171
1672.09753 0.912248
1672.20422 0.915235
1672.31104 0.918127
1672.41772 0.920917
1672.52454 0.923602
1672.63123 0.926175
1672.73804 0.928633
1672.84473 0.930969
1672.95154 0.933179
1673.05823 0.935257
1673.16504 0.937201
1673.27173 0.939021
1673.37854 0.940732
1673.48523 0.94235
1673.59204 0.943891
1673.69873 0.945369
1673.80554 0.946802
1673.91223 0.948204
1674.01904 0.949591
1674.12573 0.950978
1674.23254 0.952374
1674.33923 0.953779
1674.44604 0.955196
1674.55273 0.956624
1674.65955 0.958065
1674.76636 0.95952
1674.87305 0.96099
1674.97986 0.962475
1675.08655 0.963977
1675.19336 0.965495
1675.30005 0.96702
1675.40686 0.968546
1675.51355 0.970063
1675.62036 0.971563
1675.72705 0.973038
1675.83386 0.97448
1675.94055 0.97588
1676.04736 0.977231
1676.15405 0.978524
1676.26086 0.979758
1676.36755 0.980938
1676.47437 0.982066
1676.58105 0.983145
1676.68787 0.984178
1676.79456 0.985168
1676.90137 0.986119
1677.00806 0.987032
1677.11487 0.987912
1677.22156 0.98876
1677.32837 0.989578
1677.43518 0.990364
1677.54187 0.991121
1677.64868 0.991848
1677.75537 0.992546
1677.86218 0.993216
1677.96887 0.993858
1678.07568 0.994472
1678.18237 0.99506
1678.28918 0.995619
1678.39587 0.996148
1678.50269 0.996646
1678.60938 0.997111
1678.71619 0.997542
1678.82288 0.997937
1678.92969 0.998294
1679.03638 0.998612
1679.14319 0.998891
1679.24988 0.99913
1679.35669 0.999333
1679.46338 0.999502
1679.57019 0.999641
1679.67688 0.999753
1679.78369 0.99984
1679.89050 0.999906
1679.99719 0.999952
1680.10400 0.999983
1680.21069 0.999999
1680.31750 1.0
1680.42419 0.999984
1680.53101 0.99995
1680.63770 0.999896
1680.74451 0.999821
1680.85120 0.999724
1680.95801 0.999603
1681.06470 0.999457
1681.17151 0.999286
1681.27820 0.999089
1681.38501 0.998867
1681.49170 0.998621
1681.59851 0.998353
1681.70520 0.998064
1681.81201 0.997753
1681.91870 0.997423
1682.02551 0.997074
1682.13220 0.996706
1682.23901 0.99632
1682.34570 0.99591
1682.45251 0.995475
1682.55933 0.995009
1682.66602 0.994511
1682.77283 0.993976
1682.87952 0.9934
1682.98633 0.992781
1683.09302 0.992115
1683.19983 0.9914
1683.30652 0.990638
1683.41333 0.989833
1683.52002 0.988987
1683.62683 0.988103
1683.73352 0.987183
1683.84033 0.986232
1683.94702 0.985251
1684.05383 0.984244
1684.16052 0.983212
1684.26733 0.982157
1684.37402 0.981077
1684.48083 0.979971
1684.58752 0.978838
1684.69434 0.977676
1684.80103 0.976486
1684.90784 0.975265
1685.01453 0.974014
1685.12134 0.97273
1685.22815 0.971411
1685.33484 0.970053
1685.44165 0.968649
1685.54834 0.967197
1685.65515 0.965689
1685.76184 0.964122
1685.86865 0.962491
1685.97534 0.960791
1686.08215 0.959016
1686.18884 0.957166
1686.29565 0.955248
1686.40234 0.953274
1686.50916 0.951252
1686.61584 0.949194
1686.72266 0.947111
1686.82935 0.945012
1686.93616 0.942908
1687.04285 0.940809
1687.14966 0.938725
1687.25635 0.936656
1687.36316 0.934596
1687.46985 0.932538
1687.57666 0.930477
1687.68335 0.928407
1687.79016 0.926323
1687.89697 0.924218
1688.00366 0.922087
1688.11047 0.919922
1688.21716 0.917711
1688.32397 0.915425
1688.43066 0.913035
1688.53748 0.910513
1688.64417 0.907829
1688.75098 0.904954
1688.85767 0.901861
1688.96448 0.898519
1689.07117 0.894901
1689.17798 0.890986
1689.28467 0.886796
1689.39148 0.882361
1689.49817 0.877714
1689.60498 0.872886
1689.71167 0.867908
1689.81848 0.862812
1689.92517 0.857629
1690.03198 0.852391
1690.13867 0.847128
1690.24548 0.841855
1690.35229 0.836573
1690.45898 0.831285
1690.56580 0.825992
1690.67249 0.820696
1690.77930 0.815398
1690.88599 0.810101
1690.99280 0.804807
1691.09949 0.799517
1691.20630 0.79423
1691.31299 0.788942
1691.41980 0.783646
1691.52649 0.778337
1691.63330 0.773009
1691.73999 0.767655
1691.84680 0.762272
1691.95349 0.756851
1692.06030 0.751388
1692.16699 0.74588
1692.27380 0.740341
1692.38049 0.734789
1692.48730 0.729244
1692.59399 0.723726
1692.70081 0.718255
1692.80750 0.71285
1692.91431 0.707531
1693.02112 0.702317
1693.12781 0.697227
1693.23462 0.692263
1693.34131 0.68741
1693.44812 0.682653
1693.55481 0.677977
1693.66162 0.673365
1693.76831 0.668804
1693.87512 0.664277
1693.98181 0.659768
1694.08862 0.655263
1694.19531 0.650747
1694.30212 0.646207
1694.40881 0.641628
1694.51562 0.636998
1694.62231 0.632304
1694.72913 0.627533
1694.83582 0.622671
1694.94263 0.617705
1695.04932 0.612623
1695.15613 0.607413
1695.26282 0.602096
1695.36963 0.596701
1695.47632 0.591262
1695.58313 0.585811
1695.68994 0.580378
1695.79663 0.574997
1695.90344 0.569698
1696.01013 0.564514
1696.11694 0.559477
1696.22363 0.55459
1696.33044 0.549826
1696.43713 0.545154
1696.54395 0.540542
1696.65063 0.53596
1696.75745 0.531378
1696.86414 0.526764
1696.97095 0.522087
1697.07764 0.517317
1697.18445 0.512434
1697.29114 0.507456
1697.39795 0.50241
1697.50464 0.497322
1697.61145 0.49222
1697.71814 0.487131
1697.82495 0.482082
1697.93164 0.477099
1698.03845 0.472209
1698.14526 0.467438
1698.25195 0.462786
1698.35876 0.458241
1698.46545 0.45379
1698.57227 0.449418
1698.67896 0.445114
1698.78577 0.440863
1698.89246 0.436652
1698.99927 0.432468
1699.10596 0.428297
1699.21277 0.424127
1699.31946 0.419948
1699.42627 0.415746
1699.53296 0.411513
1699.63977 0.407236
1699.74646 0.402905
1699.85327 0.398509
1699.95996 0.394036
1700.06677 0.389476
1700.17346 0.384822
1700.28027 0.380087
1700.38696 0.375292
1700.49377 0.370455
1700.60046 0.365598
1700.70728 0.36074
1700.81409 0.355901
1700.92078 0.351101
1701.02759 0.346359
1701.13428 0.341694
1701.24109 0.337109
1701.34778 0.332594
1701.45459 0.328137
1701.56128 0.323726
1701.66809 0.31935
1701.77478 0.314998
1701.88159 0.310658
1701.98828 0.30632
1702.09509 0.301971
1702.20178 0.297602
1702.30859 0.293205
1702.41528 0.28877
1702.52209 0.284292
1702.62878 0.279761
1702.73560 0.275169
1702.84229 0.27051
1702.94910 0.265775
1703.05579 0.260957
1703.16260 0.256049
1703.26929 0.251071
1703.37610 0.246048
1703.48291 0.241008
1703.58960 0.235975
1703.69641 0.230977
1703.80310 0.22604
1703.90991 0.22119
1704.01660 0.216455
1704.12341 0.211859
1704.23010 0.207412
1704.33691 0.203104
1704.44360 0.198926
1704.55042 0.194868
1704.65710 0.190919
1704.76392 0.187069
1704.87061 0.183308
1704.97742 0.179625
1705.08411 0.176011
1705.19092 0.172456
1705.29761 0.16895
1705.40442 0.165487
1705.51111 0.162059
1705.61792 0.158658
1705.72461 0.155276
1705.83142 0.151907
1705.93823 0.148543
1706.04492 0.145176
1706.15173 0.141802
1706.25842 0.138429
1706.36523 0.135073
1706.47192 0.131749
1706.57874 0.128473
1706.68542 0.125262
1706.79224 0.122128
1706.89893 0.119089
1707.00574 0.116157
1707.11243 0.113349
1707.21924 0.110668
1707.32593 0.108103
1707.43274 0.105646
1707.53943 0.103284
1707.64624 0.101006
1707.75293 0.098804
1707.85974 0.096666
1707.96643 0.094581
1708.07324 0.092541
1708.17993 0.090535
1708.28674 0.08856
1708.39343 0.086614
1708.50024 0.084694
1708.60706 0.082799
1708.71375 0.080925
1708.82056 0.079071
1708.92725 0.077233
1709.03406 0.07541
1709.14075 0.0736
1709.24756 0.071806
1709.35425 0.070035
1709.46106 0.068295
1709.56775 0.066594
1709.67456 0.06494
1709.78125 0.06334
1709.88806 0.061801
1709.99475 0.060332
1710.10156 0.05894
1710.20825 0.057627
1710.31506 0.056386
1710.42175 0.055209
1710.52856 0.054088
1710.63525 0.053013
1710.74207 0.051976
1710.84875 0.05097
1710.95557 0.049985
1711.06226 0.049014
1711.16907 0.048049
1711.27588 0.047093
1711.38257 0.046148
1711.48938 0.045221
1711.59607 0.044316
1711.70288 0.043437
1711.80957 0.042588
1711.91638 0.041774
1712.02307 0.041001
1712.12988 0.040271
1712.23657 0.039585
1712.34338 0.03894
1712.45007 0.03833
1712.55688 0.037754
1712.66357 0.037206
1712.77039 0.036682
1712.87708 0.036179
1712.98389 0.035693
1713.09058 0.035219
1713.19739 0.034755
1713.30408 0.034299
1713.41089 0.03385
1713.51758 0.033406
1713.62439 0.032966
1713.73108 0.032528
1713.83789 0.032092
1713.94470 0.031656
1714.05139 0.031219
1714.15820 0.030779
1714.26489 0.030337
1714.37170 0.029896
1714.47839 0.029456
1714.58521 0.029021
1714.69189 0.02859
1714.79871 0.028167
1714.90540 0.027753
1715.01221 0.027349
1715.11890 0.026958
1715.22571 0.026579
1715.33240 0.026212
1715.43921 0.025856
1715.54590 0.02551
1715.65271 0.025173
1715.75940 0.024842
1715.86621 0.024519
1715.97290 0.024201
1716.07971 0.023887
1716.18640 0.023576
1716.29321 0.023269
1716.40002 0.022963
1716.50671 0.022659
1716.61353 0.022357
1716.72021 0.022055
1716.82703 0.021753
1716.93372 0.021451
1717.04053 0.021147
1717.14722 0.020843
1717.25403 0.020537
1717.36072 0.020232
1717.46753 0.019929
1717.57422 0.019629
1717.68103 0.019334
1717.78772 0.019044
1717.89453 0.018761
1718.00122 0.018487
1718.10803 0.018222
1718.21472 0.017967
1718.32153 0.017721
1718.42822 0.017484
1718.53503 0.017255
1718.64172 0.017033
1718.74854 0.016817
1718.85522 0.016606
1718.96204 0.0164
1719.06885 0.016198
1719.17554 0.015999
1719.28235 0.015802
1719.38904 0.015609
1719.49585 0.015417
1719.60254 0.015227
1719.70935 0.015039
1719.81604 0.014852
1719.92285 0.014666
1720.02954 0.01448
1720.13635 0.014296
1720.24304 0.014112
1720.34985 0.01393
1720.45654 0.01375
1720.56335 0.013573
1720.67004 0.013401
1720.77686 0.013234
1720.88354 0.013073
1720.99036 0.012918
1721.09705 0.01277
1721.20386 0.012631
1721.31055 0.012498
1721.41736 0.012372
1721.52405 0.012251
1721.63086 0.012135
1721.73767 0.012022
1721.84436 0.011912
1721.95117 0.011805
1722.05786 0.011698
1722.16467 0.011592
1722.27136 0.011487
1722.37817 0.011383
1722.48486 0.01128
1722.59167 0.01118
1722.69836 0.011082
1722.80518 0.010988
1722.91187 0.010898
1723.01868 0.010812
1723.12537 0.010731
1723.23218 0.010655
1723.33887 0.010583
1723.44568 0.010516
1723.55237 0.010452
1723.65918 0.010391
1723.76587 0.010334
1723.87268 0.010279
1723.97937 0.010226
1724.08618 0.010175
1724.19299 0.010125
1724.29968 0.010077
1724.40649 0.01003
1724.51318 0.009984
1724.62000 0.009939
1724.72668 0.009896
1724.83350 0.009853
1724.94019 0.009812
1725.04700 0.009771
1725.15369 0.009731
1725.26050 0.009692
1725.36719 0.009654
1725.47400 0.009617
1725.58069 0.009581
1725.68750 0.009547
1725.79419 0.009513
1725.90100 0.009481
1726.00769 0.009449
1726.11450 0.00942
1726.22119 0.009391
1726.32800 0.009364
1726.43469 0.009337
1726.54150 0.009312
1726.64819 0.009287
1726.75500 0.009263
1726.86182 0.009239
1726.96851 0.009216
1727.07532 0.009193
1727.18201 0.00917
1727.28882 0.009147
1727.39551 0.009124
1727.50232 0.0091
1727.60901 0.009076
1727.71582 0.009051
1727.82251 0.009025
1727.92932 0.008999
1728.03601 0.008971
1728.14282 0.008943
1728.24951 0.008913
1728.35632 0.008882
1728.46301 0.00885
1728.56982 0.008817
1728.67651 0.008784
1728.78333 0.00875
1728.89001 0.008715
1728.99683 0.00868
1729.10352 0.008645
1729.21033 0.00861
1729.31702 0.008574
1729.42383 0.008538
1729.53064 0.008502
1729.63733 0.008465
1729.74414 0.008428
1729.85083 0.008391
1729.95764 0.008354
1730.06433 0.008316
1730.17114 0.008277
1730.27783 0.008238
1730.38464 0.008198
1730.49133 0.008158
1730.59814 0.008117
1730.70483 0.008074
1730.81165 0.008031
1730.91833 0.007986
1731.02515 0.00794
1731.13184 0.007892
1731.23865 0.007843
1731.34534 0.007793
1731.45215 0.007742
1731.55884 0.00769
1731.66565 0.007638
1731.77234 0.007585
1731.87915 0.007532
1731.98596 0.007479
1732.09265 0.007427
1732.19946 0.007375
1732.30615 0.007324
1732.41296 0.007273
1732.51965 0.007223
1732.62646 0.007173
1732.73315 0.007123
1732.83997 0.007074
1732.94666 0.007025
1733.05347 0.006977
1733.16016 0.006929
1733.26697 0.006881
1733.37366 0.006832
1733.48047 0.006783
1733.58716 0.006733
1733.69397 0.006681
1733.80066 0.006627
1733.90747 0.006571
1734.01416 0.006513
1734.12097 0.006451
1734.22766 0.006387
1734.33447 0.006322
1734.44116 0.006256
1734.54797 0.006191
1734.65479 0.006129
1734.76147 0.006069
1734.86829 0.006015
1734.97498 0.005966
1735.08179 0.005923
1735.18848 0.005889
1735.29529 0.005862
1735.40198 0.005841
1735.50879 0.005826
1735.61548 0.005815
1735.72229 0.005807
1735.82898 0.005803
1735.93579 0.0058
1736.04248 0.005799
1736.14929 0.005798
1736.25598 0.005796
1909.88159 0.0
