threeML/data/optical_filters/TD1/SPEC-F2120.ecsv
# %ECSV 0.9
# ---
# datatype:
# - {name: wavelength, unit: Angstrom, datatype: float32}
# - {name: response, datatype: float32}
# meta: !!omap
# - {band_name: F2120}
# - {group_name: SPEC}
wavelength response
1860.24707 0.0
2066.94116 0.010058
2067.04810 0.010124
2067.15479 0.01019
2067.26147 0.010256
2067.36816 0.010321
2067.47510 0.010387
2067.58179 0.010453
2067.68848 0.01052
2067.79517 0.010587
2067.90210 0.010655
2068.00879 0.010725
2068.11548 0.010795
2068.22241 0.010868
2068.32910 0.010941
2068.43579 0.011015
2068.54248 0.011089
2068.64941 0.011163
2068.75610 0.011236
2068.86279 0.011308
2068.96948 0.011378
2069.07642 0.011447
2069.18311 0.011514
2069.28979 0.011578
2069.39648 0.011642
2069.50342 0.011704
2069.61011 0.011765
2069.71680 0.011827
2069.82349 0.011888
2069.93042 0.01195
2070.03711 0.012013
2070.14380 0.012078
2070.25049 0.012143
2070.35742 0.01221
2070.46411 0.012277
2070.57080 0.012345
2070.67773 0.012412
2070.78442 0.012478
2070.89111 0.012543
2070.99780 0.012607
2071.10474 0.012669
2071.21143 0.012729
2071.31812 0.012787
2071.42480 0.012843
2071.53174 0.012899
2071.63843 0.012953
2071.74512 0.013007
2071.85181 0.01306
2071.95874 0.013114
2072.06543 0.013168
2072.17212 0.013222
2072.27881 0.013278
2072.38574 0.013334
2072.49243 0.013391
2072.59912 0.013448
2072.70581 0.013507
2072.81274 0.013566
2072.91943 0.013626
2073.02612 0.013687
2073.13281 0.013749
2073.23975 0.013812
2073.34644 0.013875
2073.45312 0.013939
2073.56006 0.014004
2073.66675 0.014069
2073.77344 0.014134
2073.88013 0.014199
2073.98706 0.014265
2074.09375 0.01433
2074.20044 0.014395
2074.30713 0.014461
2074.41406 0.014526
2074.52075 0.014592
2074.62744 0.014658
2074.73413 0.014724
2074.84106 0.014791
2074.94775 0.014859
2075.05444 0.014927
2075.16113 0.014997
2075.26807 0.015067
2075.37476 0.015139
2075.48145 0.015213
2075.58813 0.01529
2075.69507 0.015368
2075.80176 0.01545
2075.90845 0.015535
2076.01538 0.015624
2076.12207 0.015716
2076.22876 0.015813
2076.33545 0.015913
2076.44238 0.016016
2076.54907 0.016121
2076.65576 0.016229
2076.76245 0.016339
2076.86938 0.01645
2076.97607 0.016562
2077.08276 0.016675
2077.18945 0.016787
2077.29639 0.0169
2077.40308 0.017013
2077.50977 0.017127
2077.61646 0.017242
2077.72339 0.017357
2077.83008 0.017474
2077.93677 0.017592
2078.04346 0.017711
2078.15039 0.017831
2078.25708 0.017954
2078.36377 0.018079
2078.47046 0.018206
2078.57739 0.018337
2078.68408 0.018472
2078.79077 0.01861
2078.89771 0.018754
2079.00439 0.018902
2079.11108 0.019056
2079.21777 0.019215
2079.32471 0.019379
2079.43140 0.019548
2079.53809 0.019719
2079.64478 0.019894
2079.75171 0.02007
2079.85840 0.020247
2079.96509 0.020425
2080.07178 0.020602
2080.17871 0.020778
2080.28540 0.020953
2080.39209 0.021128
2080.49878 0.021302
2080.60571 0.021477
2080.71240 0.021651
2080.81909 0.021825
2080.92578 0.022
2081.03271 0.022176
2081.13940 0.022353
2081.24609 0.022531
2081.35303 0.022712
2081.45972 0.022897
2081.56641 0.023086
2081.67310 0.023281
2081.78003 0.023482
2081.88672 0.02369
2081.99341 0.023907
2082.10010 0.024133
2082.20703 0.024368
2082.31372 0.024612
2082.42041 0.024862
2082.52710 0.025119
2082.63403 0.02538
2082.74072 0.025644
2082.84741 0.02591
2082.95410 0.026176
2083.06104 0.026441
2083.16772 0.026705
2083.27441 0.026969
2083.38110 0.027234
2083.48804 0.027504
2083.59473 0.02778
2083.70142 0.028064
2083.80835 0.02836
2083.91504 0.028669
2084.02173 0.028993
2084.12842 0.029334
2084.23535 0.029694
2084.34204 0.030069
2084.44873 0.030459
2084.55542 0.030862
2084.66235 0.031275
2084.76904 0.031698
2084.87573 0.032127
2084.98242 0.032562
2085.08936 0.033001
2085.19604 0.033443
2085.30273 0.033887
2085.40942 0.034335
2085.51636 0.034789
2085.62305 0.035247
2085.72974 0.035712
2085.83643 0.036185
2085.94336 0.036665
2086.05005 0.037154
2086.15674 0.037653
2086.26343 0.038164
2086.37036 0.038688
2086.47705 0.039228
2086.58374 0.039786
2086.69067 0.040364
2086.79736 0.040965
2086.90405 0.041589
2087.01074 0.042241
2087.11768 0.042921
2087.22437 0.04363
2087.33105 0.044363
2087.43774 0.045118
2087.54468 0.045891
2087.65137 0.046679
2087.75806 0.047477
2087.86475 0.048283
2087.97168 0.049092
2088.07837 0.049902
2088.18506 0.050709
2088.29175 0.051514
2088.39868 0.052317
2088.50537 0.05312
2088.61206 0.053923
2088.71875 0.054728
2088.82568 0.055536
2088.93237 0.056346
2089.03906 0.057161
2089.14600 0.057982
2089.25269 0.058811
2089.35938 0.059654
2089.46606 0.060515
2089.57300 0.061399
2089.67969 0.062311
2089.78638 0.063256
2089.89307 0.064239
2090.00000 0.065265
2090.10669 0.066337
2090.21338 0.067459
2090.32007 0.068627
2090.42700 0.069839
2090.53369 0.071091
2090.64038 0.07238
2090.74707 0.073702
2090.85400 0.075055
2090.96069 0.076434
2091.06738 0.077838
2091.17407 0.079263
2091.28101 0.080711
2091.38770 0.082183
2091.49438 0.083682
2091.60132 0.085209
2091.70801 0.086767
2091.81470 0.088357
2091.92139 0.089982
2092.02832 0.091644
2092.13501 0.093345
2092.24170 0.09509
2092.34839 0.096889
2092.45532 0.098749
2092.56201 0.10068
2092.66870 0.102689
2092.77539 0.104786
2092.88232 0.106979
2092.98901 0.109276
2093.09570 0.111686
2093.20239 0.114212
2093.30933 0.116843
2093.41602 0.119568
2093.52271 0.122375
2093.62939 0.125251
2093.73633 0.128184
2093.84302 0.131163
2093.94971 0.134175
2094.05640 0.137208
2094.16333 0.140252
2094.27002 0.143307
2094.37671 0.146377
2094.48364 0.149466
2094.59033 0.152578
2094.69702 0.155717
2094.80371 0.158888
2094.91064 0.162096
2095.01733 0.165343
2095.12402 0.168636
2095.23071 0.171981
2095.33765 0.175391
2095.44434 0.17888
2095.55103 0.182459
2095.65771 0.186141
2095.76465 0.18994
2095.87134 0.193868
2095.97803 0.197937
2096.08472 0.202161
2096.19165 0.206543
2096.29834 0.21106
2096.40503 0.215683
2096.51172 0.220384
2096.61865 0.225134
2096.72534 0.229905
2096.83203 0.234669
2096.93896 0.239396
2097.04565 0.244059
2097.15234 0.248632
2097.25903 0.253126
2097.36597 0.257571
2097.47266 0.261994
2097.57935 0.266427
2097.68604 0.270899
2097.79297 0.27544
2097.89966 0.280078
2098.00635 0.284844
2098.11304 0.289767
2098.21997 0.294852
2098.32666 0.300072
2098.43335 0.305395
2098.54004 0.310791
2098.64697 0.316228
2098.75366 0.321676
2098.86035 0.327104
2098.96704 0.332481
2099.07397 0.337776
2099.18066 0.342965
2099.28735 0.348052
2099.39429 0.353049
2099.50098 0.357967
2099.60767 0.362818
2099.71436 0.367613
2099.82129 0.372364
2099.92798 0.377081
2100.03467 0.381778
2100.14136 0.386464
2100.24829 0.391153
2100.35498 0.395856
2100.46167 0.400586
2100.56836 0.405357
2100.67529 0.41018
2100.78198 0.415067
2100.88867 0.420033
2100.99536 0.425088
2101.10229 0.430245
2101.20898 0.435507
2101.31567 0.440851
2101.42236 0.446256
2101.52930 0.451698
2101.63599 0.457155
2101.74268 0.462603
2101.84937 0.468021
2101.95630 0.473384
2102.06299 0.478671
2102.16968 0.483862
2102.27661 0.488961
2102.38330 0.493981
2102.48999 0.498932
2102.59668 0.503827
2102.70361 0.508678
2102.81030 0.513495
2102.91699 0.518292
2103.02368 0.52308
2103.13062 0.527871
2103.23730 0.532674
2103.34399 0.537499
2103.45068 0.542354
2103.55762 0.547248
2103.66431 0.55219
2103.77100 0.557188
2103.87769 0.562251
2103.98462 0.567387
2104.09131 0.572605
2104.19800 0.577906
2104.30469 0.583264
2104.41162 0.588654
2104.51831 0.594048
2104.62500 0.59942
2104.73193 0.604742
2104.83862 0.609987
2104.94531 0.615128
2105.05200 0.620139
2105.15894 0.624995
2105.26562 0.6297
2105.37231 0.634269
2105.47900 0.638719
2105.58594 0.643064
2105.69263 0.647321
2105.79932 0.651504
2105.90601 0.655631
2106.01294 0.659716
2106.11963 0.663775
2106.22632 0.667825
2106.33301 0.671883
2106.43994 0.675968
2106.54663 0.680097
2106.65332 0.684288
2106.76001 0.688559
2106.86694 0.692928
2106.97363 0.697413
2107.08032 0.702031
2107.18726 0.706792
2107.29395 0.711673
2107.40063 0.716646
2107.50732 0.721684
2107.61426 0.726758
2107.72095 0.731839
2107.82764 0.7369
2107.93433 0.741912
2108.04126 0.746846
2108.14795 0.751678
2108.25464 0.756415
2108.36133 0.761082
2108.46826 0.765707
2108.57495 0.770317
2108.68164 0.774937
2108.78833 0.779595
2108.89526 0.784318
2109.00195 0.789133
2109.10864 0.794065
2109.21533 0.79912
2109.32227 0.804268
2109.42896 0.809477
2109.53564 0.814714
2109.64233 0.819945
2109.74927 0.825139
2109.85596 0.830263
2109.96265 0.835284
2110.06958 0.840169
2110.17627 0.844892
2110.28296 0.849456
2110.38965 0.853875
2110.49658 0.858159
2110.60327 0.862321
2110.70996 0.866373
2110.81665 0.870327
2110.92358 0.874195
2111.03027 0.877989
2111.13696 0.881722
2111.24365 0.885395
2111.35059 0.889006
2111.45728 0.892552
2111.56396 0.896028
2111.67065 0.899431
2111.77759 0.902759
2111.88428 0.906006
2111.99097 0.909171
2112.09766 0.912248
2112.20459 0.915235
2112.31128 0.918127
2112.41797 0.920917
2112.52490 0.923602
2112.63159 0.926175
2112.73828 0.928633
2112.84497 0.930969
2112.95190 0.933179
2113.05859 0.935257
2113.16528 0.937201
2113.27197 0.939021
2113.37891 0.940732
2113.48560 0.94235
2113.59229 0.943891
2113.69897 0.945369
2113.80591 0.946802
2113.91260 0.948204
2114.01929 0.949591
2114.12598 0.950978
2114.23291 0.952374
2114.33960 0.953779
2114.44629 0.955196
2114.55298 0.956624
2114.65991 0.958065
2114.76660 0.95952
2114.87329 0.96099
2114.98022 0.962475
2115.08691 0.963977
2115.19360 0.965495
2115.30029 0.96702
2115.40723 0.968546
2115.51392 0.970063
2115.62061 0.971563
2115.72729 0.973038
2115.83423 0.97448
2115.94092 0.97588
2116.04761 0.977231
2116.15430 0.978524
2116.26123 0.979758
2116.36792 0.980938
2116.47461 0.982066
2116.58130 0.983145
2116.68823 0.984178
2116.79492 0.985168
2116.90161 0.986119
2117.00830 0.987032
2117.11523 0.987912
2117.22192 0.98876
2117.32861 0.989578
2117.43530 0.990364
2117.54224 0.991121
2117.64893 0.991848
2117.75562 0.992546
2117.86255 0.993216
2117.96924 0.993858
2118.07593 0.994472
2118.18262 0.99506
2118.28955 0.995619
2118.39624 0.996148
2118.50293 0.996646
2118.60962 0.997111
2118.71655 0.997542
2118.82324 0.997937
2118.92993 0.998294
2119.03662 0.998612
2119.14355 0.998891
2119.25024 0.99913
2119.35693 0.999333
2119.46362 0.999502
2119.57056 0.999641
2119.67725 0.999753
2119.78394 0.99984
2119.89062 0.999906
2119.99756 0.999952
2120.10425 0.999983
2120.21094 0.999999
2120.31787 1.0
2120.42456 0.999984
2120.53125 0.99995
2120.63794 0.999896
2120.74487 0.999821
2120.85156 0.999724
2120.95825 0.999603
2121.06494 0.999457
2121.17188 0.999286
2121.27856 0.999089
2121.38525 0.998867
2121.49194 0.998621
2121.59888 0.998353
2121.70557 0.998064
2121.81226 0.997753
2121.91895 0.997423
2122.02588 0.997074
2122.13257 0.996706
2122.23926 0.99632
2122.34595 0.99591
2122.45288 0.995475
2122.55957 0.995009
2122.66626 0.994511
2122.77319 0.993976
2122.87988 0.9934
2122.98657 0.992781
2123.09326 0.992115
2123.20020 0.9914
2123.30688 0.990638
2123.41357 0.989833
2123.52026 0.988987
2123.62720 0.988103
2123.73389 0.987183
2123.84058 0.986232
2123.94727 0.985251
2124.05420 0.984244
2124.16089 0.983212
2124.26758 0.982157
2124.37427 0.981077
2124.48120 0.979971
2124.58789 0.978838
2124.69458 0.977676
2124.80127 0.976486
2124.90820 0.975265
2125.01489 0.974014
2125.12158 0.97273
2125.22827 0.971411
2125.33521 0.970053
2125.44189 0.968649
2125.54858 0.967197
2125.65552 0.965689
2125.76221 0.964122
2125.86890 0.962491
2125.97559 0.960791
2126.08252 0.959016
2126.18921 0.957166
2126.29590 0.955248
2126.40259 0.953274
2126.50952 0.951252
2126.61621 0.949194
2126.72290 0.947111
2126.82959 0.945012
2126.93652 0.942908
2127.04321 0.940809
2127.14990 0.938725
2127.25659 0.936656
2127.36353 0.934596
2127.47021 0.932538
2127.57690 0.930477
2127.68359 0.928407
2127.79053 0.926323
2127.89722 0.924218
2128.00391 0.922087
2128.11084 0.919922
2128.21753 0.917711
2128.32422 0.915425
2128.43091 0.913035
2128.53784 0.910513
2128.64453 0.907829
2128.75122 0.904954
2128.85791 0.901861
2128.96484 0.898519
2129.07153 0.894901
2129.17822 0.890986
2129.28491 0.886796
2129.39185 0.882361
2129.49854 0.877714
2129.60522 0.872886
2129.71191 0.867908
2129.81885 0.862812
2129.92554 0.857629
2130.03223 0.852391
2130.13892 0.847128
2130.24585 0.841855
2130.35254 0.836573
2130.45923 0.831285
2130.56592 0.825992
2130.67285 0.820696
2130.77954 0.815398
2130.88623 0.810101
2130.99316 0.804807
2131.09985 0.799517
2131.20654 0.79423
2131.31323 0.788942
2131.42017 0.783646
2131.52686 0.778337
2131.63354 0.773009
2131.74023 0.767655
2131.84717 0.762272
2131.95386 0.756851
2132.06055 0.751388
2132.16724 0.74588
2132.27417 0.740341
2132.38086 0.734789
2132.48755 0.729244
2132.59424 0.723726
2132.70117 0.718255
2132.80786 0.71285
2132.91455 0.707531
2133.02124 0.702317
2133.12817 0.697227
2133.23486 0.692263
2133.34155 0.68741
2133.44849 0.682653
2133.55518 0.677977
2133.66187 0.673365
2133.76855 0.668804
2133.87549 0.664277
2133.98218 0.659768
2134.08887 0.655263
2134.19556 0.650747
2134.30249 0.646207
2134.40918 0.641628
2134.51587 0.636998
2134.62256 0.632304
2134.72949 0.627533
2134.83618 0.622671
2134.94287 0.617705
2135.04956 0.612623
2135.15649 0.607413
2135.26318 0.602096
2135.36987 0.596701
2135.47656 0.591262
2135.58350 0.585811
2135.69019 0.580378
2135.79688 0.574997
2135.90381 0.569698
2136.01050 0.564514
2136.11719 0.559477
2136.22388 0.55459
2136.33081 0.549826
2136.43750 0.545154
2136.54419 0.540542
2136.65088 0.53596
2136.75781 0.531378
2136.86450 0.526764
2136.97119 0.522087
2137.07788 0.517317
2137.18481 0.512434
2137.29150 0.507456
2137.39819 0.50241
2137.50488 0.497322
2137.61182 0.49222
2137.71851 0.487131
2137.82520 0.482082
2137.93188 0.477099
2138.03882 0.472209
2138.14551 0.467438
2138.25220 0.462786
2138.35889 0.458241
2138.46582 0.45379
2138.57251 0.449418
2138.67920 0.445114
2138.78613 0.440863
2138.89282 0.436652
2138.99951 0.432468
2139.10620 0.428297
2139.21313 0.424127
2139.31982 0.419948
2139.42651 0.415746
2139.53320 0.411513
2139.64014 0.407236
2139.74683 0.402905
2139.85352 0.398509
2139.96021 0.394036
2140.06714 0.389476
2140.17383 0.384822
2140.28052 0.380087
2140.38721 0.375292
2140.49414 0.370455
2140.60083 0.365598
2140.70752 0.36074
2140.81421 0.355901
2140.92114 0.351101
2141.02783 0.346359
2141.13452 0.341694
2141.24146 0.337109
2141.34814 0.332594
2141.45483 0.328137
2141.56152 0.323726
2141.66846 0.31935
2141.77515 0.314998
2141.88184 0.310658
2141.98853 0.30632
2142.09546 0.301971
2142.20215 0.297602
2142.30884 0.293205
2142.41553 0.28877
2142.52246 0.284292
2142.62915 0.279761
2142.73584 0.275169
2142.84253 0.27051
2142.94946 0.265775
2143.05615 0.260957
2143.16284 0.256049
2143.26953 0.251071
2143.37646 0.246048
2143.48315 0.241008
2143.58984 0.235975
2143.69678 0.230977
2143.80347 0.22604
2143.91016 0.22119
2144.01685 0.216455
2144.12378 0.211859
2144.23047 0.207412
2144.33716 0.203104
2144.44385 0.198926
2144.55078 0.194868
2144.65747 0.190919
2144.76416 0.187069
2144.87085 0.183308
2144.97778 0.179625
2145.08447 0.176011
2145.19116 0.172456
2145.29785 0.16895
2145.40479 0.165487
2145.51147 0.162059
2145.61816 0.158658
2145.72485 0.155276
2145.83179 0.151907
2145.93848 0.148543
2146.04517 0.145176
2146.15186 0.141802
2146.25879 0.138429
2146.36548 0.135073
2146.47217 0.131749
2146.57910 0.128473
2146.68579 0.125262
2146.79248 0.122128
2146.89917 0.119089
2147.00610 0.116157
2147.11279 0.113349
2147.21948 0.110668
2147.32617 0.108103
2147.43311 0.105646
2147.53979 0.103284
2147.64648 0.101006
2147.75317 0.098804
2147.86011 0.096666
2147.96680 0.094581
2148.07349 0.092541
2148.18018 0.090535
2148.28711 0.08856
2148.39380 0.086614
2148.50049 0.084694
2148.60718 0.082799
2148.71411 0.080925
2148.82080 0.079071
2148.92749 0.077233
2149.03442 0.07541
2149.14111 0.0736
2149.24780 0.071806
2149.35449 0.070035
2149.46143 0.068295
2149.56812 0.066594
2149.67480 0.06494
2149.78149 0.06334
2149.88843 0.061801
2149.99512 0.060332
2150.10181 0.05894
2150.20850 0.057627
2150.31543 0.056386
2150.42212 0.055209
2150.52881 0.054088
2150.63550 0.053013
2150.74243 0.051976
2150.84912 0.05097
2150.95581 0.049985
2151.06250 0.049014
2151.16943 0.048049
2151.27612 0.047093
2151.38281 0.046148
2151.48975 0.045221
2151.59644 0.044316
2151.70312 0.043437
2151.80981 0.042588
2151.91675 0.041774
2152.02344 0.041001
2152.13013 0.040271
2152.23682 0.039585
2152.34375 0.03894
2152.45044 0.03833
2152.55713 0.037754
2152.66382 0.037206
2152.77075 0.036682
2152.87744 0.036179
2152.98413 0.035693
2153.09082 0.035219
2153.19775 0.034755
2153.30444 0.034299
2153.41113 0.03385
2153.51782 0.033406
2153.62476 0.032966
2153.73145 0.032528
2153.83813 0.032092
2153.94482 0.031656
2154.05176 0.031219
2154.15845 0.030779
2154.26514 0.030337
2154.37207 0.029896
2154.47876 0.029456
2154.58545 0.029021
2154.69214 0.02859
2154.79907 0.028167
2154.90576 0.027753
2155.01245 0.027349
2155.11914 0.026958
2155.22607 0.026579
2155.33276 0.026212
2155.43945 0.025856
2155.54614 0.02551
2155.65308 0.025173
2155.75977 0.024842
2155.86646 0.024519
2155.97314 0.024201
2156.08008 0.023887
2156.18677 0.023576
2156.29346 0.023269
2156.40015 0.022963
2156.50708 0.022659
2156.61377 0.022357
2156.72046 0.022055
2156.82739 0.021753
2156.93408 0.021451
2157.04077 0.021147
2157.14746 0.020843
2157.25439 0.020537
2157.36108 0.020232
2157.46777 0.019929
2157.57446 0.019629
2157.68140 0.019334
2157.78809 0.019044
2157.89478 0.018761
2158.00146 0.018487
2158.10840 0.018222
2158.21509 0.017967
2158.32178 0.017721
2158.42847 0.017484
2158.53540 0.017255
2158.64209 0.017033
2158.74878 0.016817
2158.85547 0.016606
2158.96240 0.0164
2159.06909 0.016198
2159.17578 0.015999
2159.28271 0.015802
2159.38940 0.015609
2159.49609 0.015417
2159.60278 0.015227
2159.70972 0.015039
2159.81641 0.014852
2159.92310 0.014666
2160.02979 0.01448
2160.13672 0.014296
2160.24341 0.014112
2160.35010 0.01393
2160.45679 0.01375
2160.56372 0.013573
2160.67041 0.013401
2160.77710 0.013234
2160.88379 0.013073
2160.99072 0.012918
2161.09741 0.01277
2161.20410 0.012631
2161.31079 0.012498
2161.41772 0.012372
2161.52441 0.012251
2161.63110 0.012135
2161.73779 0.012022
2161.84473 0.011912
2161.95142 0.011805
2162.05811 0.011698
2162.16504 0.011592
2162.27173 0.011487
2162.37842 0.011383
2162.48511 0.01128
2162.59204 0.01118
2162.69873 0.011082
2162.80542 0.010988
2162.91211 0.010898
2163.01904 0.010812
2163.12573 0.010731
2163.23242 0.010655
2163.33911 0.010583
2163.44604 0.010516
2163.55273 0.010452
2163.65942 0.010391
2163.76611 0.010334
2163.87305 0.010279
2163.97974 0.010226
2164.08643 0.010175
2164.19312 0.010125
2164.30005 0.010077
2164.40674 0.01003
2164.51343 0.009984
2164.62036 0.009939
2164.72705 0.009896
2164.83374 0.009853
2164.94043 0.009812
2165.04736 0.009771
2165.15405 0.009731
2165.26074 0.009692
2165.36743 0.009654
2165.47437 0.009617
2165.58105 0.009581
2165.68774 0.009547
2165.79443 0.009513
2165.90137 0.009481
2166.00806 0.009449
2166.11475 0.00942
2166.22144 0.009391
2166.32837 0.009364
2166.43506 0.009337
2166.54175 0.009312
2166.64844 0.009287
2166.75537 0.009263
2166.86206 0.009239
2166.96875 0.009216
2167.07568 0.009193
2167.18237 0.00917
2167.28906 0.009147
2167.39575 0.009124
2167.50269 0.0091
2167.60938 0.009076
2167.71606 0.009051
2167.82275 0.009025
2167.92969 0.008999
2168.03638 0.008971
2168.14307 0.008943
2168.24976 0.008913
2168.35669 0.008882
2168.46338 0.00885
2168.57007 0.008817
2168.67676 0.008784
2168.78369 0.00875
2168.89038 0.008715
2168.99707 0.00868
2169.10376 0.008645
2169.21069 0.00861
2169.31738 0.008574
2169.42407 0.008538
2169.53076 0.008502
2169.63770 0.008465
2169.74438 0.008428
2169.85107 0.008391
2169.95801 0.008354
2170.06470 0.008316
2170.17139 0.008277
2170.27808 0.008238
2170.38501 0.008198
2170.49170 0.008158
2170.59839 0.008117
2170.70508 0.008074
2170.81201 0.008031
2170.91870 0.007986
2171.02539 0.00794
2171.13208 0.007892
2171.23901 0.007843
2171.34570 0.007793
2171.45239 0.007742
2171.55908 0.00769
2171.66602 0.007638
2171.77271 0.007585
2171.87939 0.007532
2171.98608 0.007479
2172.09302 0.007427
2172.19971 0.007375
2172.30640 0.007324
2172.41333 0.007273
2172.52002 0.007223
2172.62671 0.007173
2172.73340 0.007123
2172.84033 0.007074
2172.94702 0.007025
2173.05371 0.006977
2173.16040 0.006929
2173.26733 0.006881
2173.37402 0.006832
2173.48071 0.006783
2173.58740 0.006733
2173.69434 0.006681
2173.80103 0.006627
2173.90771 0.006571
2174.01440 0.006513
2174.12134 0.006451
2174.22803 0.006387
2174.33472 0.006322
2174.44141 0.006256
2174.54834 0.006191
2174.65503 0.006129
2174.76172 0.006069
2174.86865 0.006015
2174.97534 0.005966
2175.08203 0.005923
2175.18872 0.005889
2175.29565 0.005862
2175.40234 0.005841
2175.50903 0.005826
2175.61572 0.005815
2175.72266 0.005807
2175.82935 0.005803
2175.93604 0.0058
2176.04272 0.005799
2176.14966 0.005798
2393.76465 0.0
