threeML/data/optical_filters/TD1/SPEC-F2140.ecsv
# %ECSV 0.9
# ---
# datatype:
# - {name: wavelength, unit: Angstrom, datatype: float32}
# - {name: response, datatype: float32}
# meta: !!omap
# - {band_name: F2140}
# - {group_name: SPEC}
wavelength response
1878.24707 0.0
2086.94116 0.010058
2087.04810 0.010124
2087.15479 0.01019
2087.26147 0.010256
2087.36816 0.010321
2087.47510 0.010387
2087.58179 0.010453
2087.68848 0.01052
2087.79517 0.010587
2087.90210 0.010655
2088.00879 0.010725
2088.11548 0.010795
2088.22241 0.010868
2088.32910 0.010941
2088.43579 0.011015
2088.54248 0.011089
2088.64941 0.011163
2088.75610 0.011236
2088.86279 0.011308
2088.96948 0.011378
2089.07642 0.011447
2089.18311 0.011514
2089.28979 0.011578
2089.39648 0.011642
2089.50342 0.011704
2089.61011 0.011765
2089.71680 0.011827
2089.82349 0.011888
2089.93042 0.01195
2090.03711 0.012013
2090.14380 0.012078
2090.25049 0.012143
2090.35742 0.01221
2090.46411 0.012277
2090.57080 0.012345
2090.67773 0.012412
2090.78442 0.012478
2090.89111 0.012543
2090.99780 0.012607
2091.10474 0.012669
2091.21143 0.012729
2091.31812 0.012787
2091.42480 0.012843
2091.53174 0.012899
2091.63843 0.012953
2091.74512 0.013007
2091.85181 0.01306
2091.95874 0.013114
2092.06543 0.013168
2092.17212 0.013222
2092.27881 0.013278
2092.38574 0.013334
2092.49243 0.013391
2092.59912 0.013448
2092.70581 0.013507
2092.81274 0.013566
2092.91943 0.013626
2093.02612 0.013687
2093.13281 0.013749
2093.23975 0.013812
2093.34644 0.013875
2093.45312 0.013939
2093.56006 0.014004
2093.66675 0.014069
2093.77344 0.014134
2093.88013 0.014199
2093.98706 0.014265
2094.09375 0.01433
2094.20044 0.014395
2094.30713 0.014461
2094.41406 0.014526
2094.52075 0.014592
2094.62744 0.014658
2094.73413 0.014724
2094.84106 0.014791
2094.94775 0.014859
2095.05444 0.014927
2095.16113 0.014997
2095.26807 0.015067
2095.37476 0.015139
2095.48145 0.015213
2095.58813 0.01529
2095.69507 0.015368
2095.80176 0.01545
2095.90845 0.015535
2096.01538 0.015624
2096.12207 0.015716
2096.22876 0.015813
2096.33545 0.015913
2096.44238 0.016016
2096.54907 0.016121
2096.65576 0.016229
2096.76245 0.016339
2096.86938 0.01645
2096.97607 0.016562
2097.08276 0.016675
2097.18945 0.016787
2097.29639 0.0169
2097.40308 0.017013
2097.50977 0.017127
2097.61646 0.017242
2097.72339 0.017357
2097.83008 0.017474
2097.93677 0.017592
2098.04346 0.017711
2098.15039 0.017831
2098.25708 0.017954
2098.36377 0.018079
2098.47046 0.018206
2098.57739 0.018337
2098.68408 0.018472
2098.79077 0.01861
2098.89771 0.018754
2099.00439 0.018902
2099.11108 0.019056
2099.21777 0.019215
2099.32471 0.019379
2099.43140 0.019548
2099.53809 0.019719
2099.64478 0.019894
2099.75171 0.02007
2099.85840 0.020247
2099.96509 0.020425
2100.07178 0.020602
2100.17871 0.020778
2100.28540 0.020953
2100.39209 0.021128
2100.49878 0.021302
2100.60571 0.021477
2100.71240 0.021651
2100.81909 0.021825
2100.92578 0.022
2101.03271 0.022176
2101.13940 0.022353
2101.24609 0.022531
2101.35303 0.022712
2101.45972 0.022897
2101.56641 0.023086
2101.67310 0.023281
2101.78003 0.023482
2101.88672 0.02369
2101.99341 0.023907
2102.10010 0.024133
2102.20703 0.024368
2102.31372 0.024612
2102.42041 0.024862
2102.52710 0.025119
2102.63403 0.02538
2102.74072 0.025644
2102.84741 0.02591
2102.95410 0.026176
2103.06104 0.026441
2103.16772 0.026705
2103.27441 0.026969
2103.38110 0.027234
2103.48804 0.027504
2103.59473 0.02778
2103.70142 0.028064
2103.80835 0.02836
2103.91504 0.028669
2104.02173 0.028993
2104.12842 0.029334
2104.23535 0.029694
2104.34204 0.030069
2104.44873 0.030459
2104.55542 0.030862
2104.66235 0.031275
2104.76904 0.031698
2104.87573 0.032127
2104.98242 0.032562
2105.08936 0.033001
2105.19604 0.033443
2105.30273 0.033887
2105.40942 0.034335
2105.51636 0.034789
2105.62305 0.035247
2105.72974 0.035712
2105.83643 0.036185
2105.94336 0.036665
2106.05005 0.037154
2106.15674 0.037653
2106.26343 0.038164
2106.37036 0.038688
2106.47705 0.039228
2106.58374 0.039786
2106.69067 0.040364
2106.79736 0.040965
2106.90405 0.041589
2107.01074 0.042241
2107.11768 0.042921
2107.22437 0.04363
2107.33105 0.044363
2107.43774 0.045118
2107.54468 0.045891
2107.65137 0.046679
2107.75806 0.047477
2107.86475 0.048283
2107.97168 0.049092
2108.07837 0.049902
2108.18506 0.050709
2108.29175 0.051514
2108.39868 0.052317
2108.50537 0.05312
2108.61206 0.053923
2108.71875 0.054728
2108.82568 0.055536
2108.93237 0.056346
2109.03906 0.057161
2109.14600 0.057982
2109.25269 0.058811
2109.35938 0.059654
2109.46606 0.060515
2109.57300 0.061399
2109.67969 0.062311
2109.78638 0.063256
2109.89307 0.064239
2110.00000 0.065265
2110.10669 0.066337
2110.21338 0.067459
2110.32007 0.068627
2110.42700 0.069839
2110.53369 0.071091
2110.64038 0.07238
2110.74707 0.073702
2110.85400 0.075055
2110.96069 0.076434
2111.06738 0.077838
2111.17407 0.079263
2111.28101 0.080711
2111.38770 0.082183
2111.49438 0.083682
2111.60132 0.085209
2111.70801 0.086767
2111.81470 0.088357
2111.92139 0.089982
2112.02832 0.091644
2112.13501 0.093345
2112.24170 0.09509
2112.34839 0.096889
2112.45532 0.098749
2112.56201 0.10068
2112.66870 0.102689
2112.77539 0.104786
2112.88232 0.106979
2112.98901 0.109276
2113.09570 0.111686
2113.20239 0.114212
2113.30933 0.116843
2113.41602 0.119568
2113.52271 0.122375
2113.62939 0.125251
2113.73633 0.128184
2113.84302 0.131163
2113.94971 0.134175
2114.05640 0.137208
2114.16333 0.140252
2114.27002 0.143307
2114.37671 0.146377
2114.48364 0.149466
2114.59033 0.152578
2114.69702 0.155717
2114.80371 0.158888
2114.91064 0.162096
2115.01733 0.165343
2115.12402 0.168636
2115.23071 0.171981
2115.33765 0.175391
2115.44434 0.17888
2115.55103 0.182459
2115.65771 0.186141
2115.76465 0.18994
2115.87134 0.193868
2115.97803 0.197937
2116.08472 0.202161
2116.19165 0.206543
2116.29834 0.21106
2116.40503 0.215683
2116.51172 0.220384
2116.61865 0.225134
2116.72534 0.229905
2116.83203 0.234669
2116.93896 0.239396
2117.04565 0.244059
2117.15234 0.248632
2117.25903 0.253126
2117.36597 0.257571
2117.47266 0.261994
2117.57935 0.266427
2117.68604 0.270899
2117.79297 0.27544
2117.89966 0.280078
2118.00635 0.284844
2118.11304 0.289767
2118.21997 0.294852
2118.32666 0.300072
2118.43335 0.305395
2118.54004 0.310791
2118.64697 0.316228
2118.75366 0.321676
2118.86035 0.327104
2118.96704 0.332481
2119.07397 0.337776
2119.18066 0.342965
2119.28735 0.348052
2119.39429 0.353049
2119.50098 0.357967
2119.60767 0.362818
2119.71436 0.367613
2119.82129 0.372364
2119.92798 0.377081
2120.03467 0.381778
2120.14136 0.386464
2120.24829 0.391153
2120.35498 0.395856
2120.46167 0.400586
2120.56836 0.405357
2120.67529 0.41018
2120.78198 0.415067
2120.88867 0.420033
2120.99536 0.425088
2121.10229 0.430245
2121.20898 0.435507
2121.31567 0.440851
2121.42236 0.446256
2121.52930 0.451698
2121.63599 0.457155
2121.74268 0.462603
2121.84937 0.468021
2121.95630 0.473384
2122.06299 0.478671
2122.16968 0.483862
2122.27661 0.488961
2122.38330 0.493981
2122.48999 0.498932
2122.59668 0.503827
2122.70361 0.508678
2122.81030 0.513495
2122.91699 0.518292
2123.02368 0.52308
2123.13062 0.527871
2123.23730 0.532674
2123.34399 0.537499
2123.45068 0.542354
2123.55762 0.547248
2123.66431 0.55219
2123.77100 0.557188
2123.87769 0.562251
2123.98462 0.567387
2124.09131 0.572605
2124.19800 0.577906
2124.30469 0.583264
2124.41162 0.588654
2124.51831 0.594048
2124.62500 0.59942
2124.73193 0.604742
2124.83862 0.609987
2124.94531 0.615128
2125.05200 0.620139
2125.15894 0.624995
2125.26562 0.6297
2125.37231 0.634269
2125.47900 0.638719
2125.58594 0.643064
2125.69263 0.647321
2125.79932 0.651504
2125.90601 0.655631
2126.01294 0.659716
2126.11963 0.663775
2126.22632 0.667825
2126.33301 0.671883
2126.43994 0.675968
2126.54663 0.680097
2126.65332 0.684288
2126.76001 0.688559
2126.86694 0.692928
2126.97363 0.697413
2127.08032 0.702031
2127.18726 0.706792
2127.29395 0.711673
2127.40063 0.716646
2127.50732 0.721684
2127.61426 0.726758
2127.72095 0.731839
2127.82764 0.7369
2127.93433 0.741912
2128.04126 0.746846
2128.14795 0.751678
2128.25464 0.756415
2128.36133 0.761082
2128.46826 0.765707
2128.57495 0.770317
2128.68164 0.774937
2128.78833 0.779595
2128.89526 0.784318
2129.00195 0.789133
2129.10864 0.794065
2129.21533 0.79912
2129.32227 0.804268
2129.42896 0.809477
2129.53564 0.814714
2129.64233 0.819945
2129.74927 0.825139
2129.85596 0.830263
2129.96265 0.835284
2130.06958 0.840169
2130.17627 0.844892
2130.28296 0.849456
2130.38965 0.853875
2130.49658 0.858159
2130.60327 0.862321
2130.70996 0.866373
2130.81665 0.870327
2130.92358 0.874195
2131.03027 0.877989
2131.13696 0.881722
2131.24365 0.885395
2131.35059 0.889006
2131.45728 0.892552
2131.56396 0.896028
2131.67065 0.899431
2131.77759 0.902759
2131.88428 0.906006
2131.99097 0.909171
2132.09766 0.912248
2132.20459 0.915235
2132.31128 0.918127
2132.41797 0.920917
2132.52490 0.923602
2132.63159 0.926175
2132.73828 0.928633
2132.84497 0.930969
2132.95190 0.933179
2133.05859 0.935257
2133.16528 0.937201
2133.27197 0.939021
2133.37891 0.940732
2133.48560 0.94235
2133.59229 0.943891
2133.69897 0.945369
2133.80591 0.946802
2133.91260 0.948204
2134.01929 0.949591
2134.12598 0.950978
2134.23291 0.952374
2134.33960 0.953779
2134.44629 0.955196
2134.55298 0.956624
2134.65991 0.958065
2134.76660 0.95952
2134.87329 0.96099
2134.98022 0.962475
2135.08691 0.963977
2135.19360 0.965495
2135.30029 0.96702
2135.40723 0.968546
2135.51392 0.970063
2135.62061 0.971563
2135.72729 0.973038
2135.83423 0.97448
2135.94092 0.97588
2136.04761 0.977231
2136.15430 0.978524
2136.26123 0.979758
2136.36792 0.980938
2136.47461 0.982066
2136.58130 0.983145
2136.68823 0.984178
2136.79492 0.985168
2136.90161 0.986119
2137.00830 0.987032
2137.11523 0.987912
2137.22192 0.98876
2137.32861 0.989578
2137.43530 0.990364
2137.54224 0.991121
2137.64893 0.991848
2137.75562 0.992546
2137.86255 0.993216
2137.96924 0.993858
2138.07593 0.994472
2138.18262 0.99506
2138.28955 0.995619
2138.39624 0.996148
2138.50293 0.996646
2138.60962 0.997111
2138.71655 0.997542
2138.82324 0.997937
2138.92993 0.998294
2139.03662 0.998612
2139.14355 0.998891
2139.25024 0.99913
2139.35693 0.999333
2139.46362 0.999502
2139.57056 0.999641
2139.67725 0.999753
2139.78394 0.99984
2139.89062 0.999906
2139.99756 0.999952
2140.10425 0.999983
2140.21094 0.999999
2140.31787 1.0
2140.42456 0.999984
2140.53125 0.99995
2140.63794 0.999896
2140.74487 0.999821
2140.85156 0.999724
2140.95825 0.999603
2141.06494 0.999457
2141.17188 0.999286
2141.27856 0.999089
2141.38525 0.998867
2141.49194 0.998621
2141.59888 0.998353
2141.70557 0.998064
2141.81226 0.997753
2141.91895 0.997423
2142.02588 0.997074
2142.13257 0.996706
2142.23926 0.99632
2142.34595 0.99591
2142.45288 0.995475
2142.55957 0.995009
2142.66626 0.994511
2142.77319 0.993976
2142.87988 0.9934
2142.98657 0.992781
2143.09326 0.992115
2143.20020 0.9914
2143.30688 0.990638
2143.41357 0.989833
2143.52026 0.988987
2143.62720 0.988103
2143.73389 0.987183
2143.84058 0.986232
2143.94727 0.985251
2144.05420 0.984244
2144.16089 0.983212
2144.26758 0.982157
2144.37427 0.981077
2144.48120 0.979971
2144.58789 0.978838
2144.69458 0.977676
2144.80127 0.976486
2144.90820 0.975265
2145.01489 0.974014
2145.12158 0.97273
2145.22827 0.971411
2145.33521 0.970053
2145.44189 0.968649
2145.54858 0.967197
2145.65552 0.965689
2145.76221 0.964122
2145.86890 0.962491
2145.97559 0.960791
2146.08252 0.959016
2146.18921 0.957166
2146.29590 0.955248
2146.40259 0.953274
2146.50952 0.951252
2146.61621 0.949194
2146.72290 0.947111
2146.82959 0.945012
2146.93652 0.942908
2147.04321 0.940809
2147.14990 0.938725
2147.25659 0.936656
2147.36353 0.934596
2147.47021 0.932538
2147.57690 0.930477
2147.68359 0.928407
2147.79053 0.926323
2147.89722 0.924218
2148.00391 0.922087
2148.11084 0.919922
2148.21753 0.917711
2148.32422 0.915425
2148.43091 0.913035
2148.53784 0.910513
2148.64453 0.907829
2148.75122 0.904954
2148.85791 0.901861
2148.96484 0.898519
2149.07153 0.894901
2149.17822 0.890986
2149.28491 0.886796
2149.39185 0.882361
2149.49854 0.877714
2149.60522 0.872886
2149.71191 0.867908
2149.81885 0.862812
2149.92554 0.857629
2150.03223 0.852391
2150.13892 0.847128
2150.24585 0.841855
2150.35254 0.836573
2150.45923 0.831285
2150.56592 0.825992
2150.67285 0.820696
2150.77954 0.815398
2150.88623 0.810101
2150.99316 0.804807
2151.09985 0.799517
2151.20654 0.79423
2151.31323 0.788942
2151.42017 0.783646
2151.52686 0.778337
2151.63354 0.773009
2151.74023 0.767655
2151.84717 0.762272
2151.95386 0.756851
2152.06055 0.751388
2152.16724 0.74588
2152.27417 0.740341
2152.38086 0.734789
2152.48755 0.729244
2152.59424 0.723726
2152.70117 0.718255
2152.80786 0.71285
2152.91455 0.707531
2153.02124 0.702317
2153.12817 0.697227
2153.23486 0.692263
2153.34155 0.68741
2153.44849 0.682653
2153.55518 0.677977
2153.66187 0.673365
2153.76855 0.668804
2153.87549 0.664277
2153.98218 0.659768
2154.08887 0.655263
2154.19556 0.650747
2154.30249 0.646207
2154.40918 0.641628
2154.51587 0.636998
2154.62256 0.632304
2154.72949 0.627533
2154.83618 0.622671
2154.94287 0.617705
2155.04956 0.612623
2155.15649 0.607413
2155.26318 0.602096
2155.36987 0.596701
2155.47656 0.591262
2155.58350 0.585811
2155.69019 0.580378
2155.79688 0.574997
2155.90381 0.569698
2156.01050 0.564514
2156.11719 0.559477
2156.22388 0.55459
2156.33081 0.549826
2156.43750 0.545154
2156.54419 0.540542
2156.65088 0.53596
2156.75781 0.531378
2156.86450 0.526764
2156.97119 0.522087
2157.07788 0.517317
2157.18481 0.512434
2157.29150 0.507456
2157.39819 0.50241
2157.50488 0.497322
2157.61182 0.49222
2157.71851 0.487131
2157.82520 0.482082
2157.93188 0.477099
2158.03882 0.472209
2158.14551 0.467438
2158.25220 0.462786
2158.35889 0.458241
2158.46582 0.45379
2158.57251 0.449418
2158.67920 0.445114
2158.78613 0.440863
2158.89282 0.436652
2158.99951 0.432468
2159.10620 0.428297
2159.21313 0.424127
2159.31982 0.419948
2159.42651 0.415746
2159.53320 0.411513
2159.64014 0.407236
2159.74683 0.402905
2159.85352 0.398509
2159.96021 0.394036
2160.06714 0.389476
2160.17383 0.384822
2160.28052 0.380087
2160.38721 0.375292
2160.49414 0.370455
2160.60083 0.365598
2160.70752 0.36074
2160.81421 0.355901
2160.92114 0.351101
2161.02783 0.346359
2161.13452 0.341694
2161.24146 0.337109
2161.34814 0.332594
2161.45483 0.328137
2161.56152 0.323726
2161.66846 0.31935
2161.77515 0.314998
2161.88184 0.310658
2161.98853 0.30632
2162.09546 0.301971
2162.20215 0.297602
2162.30884 0.293205
2162.41553 0.28877
2162.52246 0.284292
2162.62915 0.279761
2162.73584 0.275169
2162.84253 0.27051
2162.94946 0.265775
2163.05615 0.260957
2163.16284 0.256049
2163.26953 0.251071
2163.37646 0.246048
2163.48315 0.241008
2163.58984 0.235975
2163.69678 0.230977
2163.80347 0.22604
2163.91016 0.22119
2164.01685 0.216455
2164.12378 0.211859
2164.23047 0.207412
2164.33716 0.203104
2164.44385 0.198926
2164.55078 0.194868
2164.65747 0.190919
2164.76416 0.187069
2164.87085 0.183308
2164.97778 0.179625
2165.08447 0.176011
2165.19116 0.172456
2165.29785 0.16895
2165.40479 0.165487
2165.51147 0.162059
2165.61816 0.158658
2165.72485 0.155276
2165.83179 0.151907
2165.93848 0.148543
2166.04517 0.145176
2166.15186 0.141802
2166.25879 0.138429
2166.36548 0.135073
2166.47217 0.131749
2166.57910 0.128473
2166.68579 0.125262
2166.79248 0.122128
2166.89917 0.119089
2167.00610 0.116157
2167.11279 0.113349
2167.21948 0.110668
2167.32617 0.108103
2167.43311 0.105646
2167.53979 0.103284
2167.64648 0.101006
2167.75317 0.098804
2167.86011 0.096666
2167.96680 0.094581
2168.07349 0.092541
2168.18018 0.090535
2168.28711 0.08856
2168.39380 0.086614
2168.50049 0.084694
2168.60718 0.082799
2168.71411 0.080925
2168.82080 0.079071
2168.92749 0.077233
2169.03442 0.07541
2169.14111 0.0736
2169.24780 0.071806
2169.35449 0.070035
2169.46143 0.068295
2169.56812 0.066594
2169.67480 0.06494
2169.78149 0.06334
2169.88843 0.061801
2169.99512 0.060332
2170.10181 0.05894
2170.20850 0.057627
2170.31543 0.056386
2170.42212 0.055209
2170.52881 0.054088
2170.63550 0.053013
2170.74243 0.051976
2170.84912 0.05097
2170.95581 0.049985
2171.06250 0.049014
2171.16943 0.048049
2171.27612 0.047093
2171.38281 0.046148
2171.48975 0.045221
2171.59644 0.044316
2171.70312 0.043437
2171.80981 0.042588
2171.91675 0.041774
2172.02344 0.041001
2172.13013 0.040271
2172.23682 0.039585
2172.34375 0.03894
2172.45044 0.03833
2172.55713 0.037754
2172.66382 0.037206
2172.77075 0.036682
2172.87744 0.036179
2172.98413 0.035693
2173.09082 0.035219
2173.19775 0.034755
2173.30444 0.034299
2173.41113 0.03385
2173.51782 0.033406
2173.62476 0.032966
2173.73145 0.032528
2173.83813 0.032092
2173.94482 0.031656
2174.05176 0.031219
2174.15845 0.030779
2174.26514 0.030337
2174.37207 0.029896
2174.47876 0.029456
2174.58545 0.029021
2174.69214 0.02859
2174.79907 0.028167
2174.90576 0.027753
2175.01245 0.027349
2175.11914 0.026958
2175.22607 0.026579
2175.33276 0.026212
2175.43945 0.025856
2175.54614 0.02551
2175.65308 0.025173
2175.75977 0.024842
2175.86646 0.024519
2175.97314 0.024201
2176.08008 0.023887
2176.18677 0.023576
2176.29346 0.023269
2176.40015 0.022963
2176.50708 0.022659
2176.61377 0.022357
2176.72046 0.022055
2176.82739 0.021753
2176.93408 0.021451
2177.04077 0.021147
2177.14746 0.020843
2177.25439 0.020537
2177.36108 0.020232
2177.46777 0.019929
2177.57446 0.019629
2177.68140 0.019334
2177.78809 0.019044
2177.89478 0.018761
2178.00146 0.018487
2178.10840 0.018222
2178.21509 0.017967
2178.32178 0.017721
2178.42847 0.017484
2178.53540 0.017255
2178.64209 0.017033
2178.74878 0.016817
2178.85547 0.016606
2178.96240 0.0164
2179.06909 0.016198
2179.17578 0.015999
2179.28271 0.015802
2179.38940 0.015609
2179.49609 0.015417
2179.60278 0.015227
2179.70972 0.015039
2179.81641 0.014852
2179.92310 0.014666
2180.02979 0.01448
2180.13672 0.014296
2180.24341 0.014112
2180.35010 0.01393
2180.45679 0.01375
2180.56372 0.013573
2180.67041 0.013401
2180.77710 0.013234
2180.88379 0.013073
2180.99072 0.012918
2181.09741 0.01277
2181.20410 0.012631
2181.31079 0.012498
2181.41772 0.012372
2181.52441 0.012251
2181.63110 0.012135
2181.73779 0.012022
2181.84473 0.011912
2181.95142 0.011805
2182.05811 0.011698
2182.16504 0.011592
2182.27173 0.011487
2182.37842 0.011383
2182.48511 0.01128
2182.59204 0.01118
2182.69873 0.011082
2182.80542 0.010988
2182.91211 0.010898
2183.01904 0.010812
2183.12573 0.010731
2183.23242 0.010655
2183.33911 0.010583
2183.44604 0.010516
2183.55273 0.010452
2183.65942 0.010391
2183.76611 0.010334
2183.87305 0.010279
2183.97974 0.010226
2184.08643 0.010175
2184.19312 0.010125
2184.30005 0.010077
2184.40674 0.01003
2184.51343 0.009984
2184.62036 0.009939
2184.72705 0.009896
2184.83374 0.009853
2184.94043 0.009812
2185.04736 0.009771
2185.15405 0.009731
2185.26074 0.009692
2185.36743 0.009654
2185.47437 0.009617
2185.58105 0.009581
2185.68774 0.009547
2185.79443 0.009513
2185.90137 0.009481
2186.00806 0.009449
2186.11475 0.00942
2186.22144 0.009391
2186.32837 0.009364
2186.43506 0.009337
2186.54175 0.009312
2186.64844 0.009287
2186.75537 0.009263
2186.86206 0.009239
2186.96875 0.009216
2187.07568 0.009193
2187.18237 0.00917
2187.28906 0.009147
2187.39575 0.009124
2187.50269 0.0091
2187.60938 0.009076
2187.71606 0.009051
2187.82275 0.009025
2187.92969 0.008999
2188.03638 0.008971
2188.14307 0.008943
2188.24976 0.008913
2188.35669 0.008882
2188.46338 0.00885
2188.57007 0.008817
2188.67676 0.008784
2188.78369 0.00875
2188.89038 0.008715
2188.99707 0.00868
2189.10376 0.008645
2189.21069 0.00861
2189.31738 0.008574
2189.42407 0.008538
2189.53076 0.008502
2189.63770 0.008465
2189.74438 0.008428
2189.85107 0.008391
2189.95801 0.008354
2190.06470 0.008316
2190.17139 0.008277
2190.27808 0.008238
2190.38501 0.008198
2190.49170 0.008158
2190.59839 0.008117
2190.70508 0.008074
2190.81201 0.008031
2190.91870 0.007986
2191.02539 0.00794
2191.13208 0.007892
2191.23901 0.007843
2191.34570 0.007793
2191.45239 0.007742
2191.55908 0.00769
2191.66602 0.007638
2191.77271 0.007585
2191.87939 0.007532
2191.98608 0.007479
2192.09302 0.007427
2192.19971 0.007375
2192.30640 0.007324
2192.41333 0.007273
2192.52002 0.007223
2192.62671 0.007173
2192.73340 0.007123
2192.84033 0.007074
2192.94702 0.007025
2193.05371 0.006977
2193.16040 0.006929
2193.26733 0.006881
2193.37402 0.006832
2193.48071 0.006783
2193.58740 0.006733
2193.69434 0.006681
2193.80103 0.006627
2193.90771 0.006571
2194.01440 0.006513
2194.12134 0.006451
2194.22803 0.006387
2194.33472 0.006322
2194.44141 0.006256
2194.54834 0.006191
2194.65503 0.006129
2194.76172 0.006069
2194.86865 0.006015
2194.97534 0.005966
2195.08203 0.005923
2195.18872 0.005889
2195.29565 0.005862
2195.40234 0.005841
2195.50903 0.005826
2195.61572 0.005815
2195.72266 0.005807
2195.82935 0.005803
2195.93604 0.0058
2196.04272 0.005799
2196.14966 0.005798
2415.76465 0.0
