threeML/data/optical_filters/TD1/SPEC-F2020.ecsv
# %ECSV 0.9
# ---
# datatype:
# - {name: wavelength, unit: Angstrom, datatype: float32}
# - {name: response, datatype: float32}
# meta: !!omap
# - {band_name: F2020}
# - {group_name: SPEC}
wavelength response
1770.24719 0.0
1966.94128 0.010058
1967.04797 0.010124
1967.15479 0.01019
1967.26147 0.010256
1967.36829 0.010321
1967.47498 0.010387
1967.58179 0.010453
1967.68848 0.01052
1967.79529 0.010587
1967.90198 0.010655
1968.00879 0.010725
1968.11560 0.010795
1968.22229 0.010868
1968.32910 0.010941
1968.43579 0.011015
1968.54260 0.011089
1968.64929 0.011163
1968.75610 0.011236
1968.86279 0.011308
1968.96960 0.011378
1969.07629 0.011447
1969.18311 0.011514
1969.28979 0.011578
1969.39661 0.011642
1969.50330 0.011704
1969.61011 0.011765
1969.71680 0.011827
1969.82361 0.011888
1969.93030 0.01195
1970.03711 0.012013
1970.14380 0.012078
1970.25061 0.012143
1970.35730 0.01221
1970.46411 0.012277
1970.57080 0.012345
1970.67761 0.012412
1970.78442 0.012478
1970.89111 0.012543
1970.99792 0.012607
1971.10461 0.012669
1971.21143 0.012729
1971.31812 0.012787
1971.42493 0.012843
1971.53162 0.012899
1971.63843 0.012953
1971.74512 0.013007
1971.85193 0.01306
1971.95862 0.013114
1972.06543 0.013168
1972.17212 0.013222
1972.27893 0.013278
1972.38562 0.013334
1972.49243 0.013391
1972.59912 0.013448
1972.70593 0.013507
1972.81262 0.013566
1972.91943 0.013626
1973.02612 0.013687
1973.13293 0.013749
1973.23962 0.013812
1973.34644 0.013875
1973.45325 0.013939
1973.55994 0.014004
1973.66675 0.014069
1973.77344 0.014134
1973.88025 0.014199
1973.98694 0.014265
1974.09375 0.01433
1974.20044 0.014395
1974.30725 0.014461
1974.41394 0.014526
1974.52075 0.014592
1974.62744 0.014658
1974.73425 0.014724
1974.84094 0.014791
1974.94775 0.014859
1975.05444 0.014927
1975.16125 0.014997
1975.26794 0.015067
1975.37476 0.015139
1975.48145 0.015213
1975.58826 0.01529
1975.69495 0.015368
1975.80176 0.01545
1975.90857 0.015535
1976.01526 0.015624
1976.12207 0.015716
1976.22876 0.015813
1976.33557 0.015913
1976.44226 0.016016
1976.54907 0.016121
1976.65576 0.016229
1976.76257 0.016339
1976.86926 0.01645
1976.97607 0.016562
1977.08276 0.016675
1977.18958 0.016787
1977.29626 0.0169
1977.40308 0.017013
1977.50977 0.017127
1977.61658 0.017242
1977.72327 0.017357
1977.83008 0.017474
1977.93677 0.017592
1978.04358 0.017711
1978.15027 0.017831
1978.25708 0.017954
1978.36377 0.018079
1978.47058 0.018206
1978.57739 0.018337
1978.68408 0.018472
1978.79089 0.01861
1978.89758 0.018754
1979.00439 0.018902
1979.11108 0.019056
1979.21790 0.019215
1979.32458 0.019379
1979.43140 0.019548
1979.53809 0.019719
1979.64490 0.019894
1979.75159 0.02007
1979.85840 0.020247
1979.96509 0.020425
1980.07190 0.020602
1980.17859 0.020778
1980.28540 0.020953
1980.39209 0.021128
1980.49890 0.021302
1980.60559 0.021477
1980.71240 0.021651
1980.81909 0.021825
1980.92590 0.022
1981.03259 0.022176
1981.13940 0.022353
1981.24622 0.022531
1981.35291 0.022712
1981.45972 0.022897
1981.56641 0.023086
1981.67322 0.023281
1981.77991 0.023482
1981.88672 0.02369
1981.99341 0.023907
1982.10022 0.024133
1982.20691 0.024368
1982.31372 0.024612
1982.42041 0.024862
1982.52722 0.025119
1982.63391 0.02538
1982.74072 0.025644
1982.84741 0.02591
1982.95422 0.026176
1983.06091 0.026441
1983.16772 0.026705
1983.27441 0.026969
1983.38123 0.027234
1983.48792 0.027504
1983.59473 0.02778
1983.70154 0.028064
1983.80823 0.02836
1983.91504 0.028669
1984.02173 0.028993
1984.12854 0.029334
1984.23523 0.029694
1984.34204 0.030069
1984.44873 0.030459
1984.55554 0.030862
1984.66223 0.031275
1984.76904 0.031698
1984.87573 0.032127
1984.98254 0.032562
1985.08923 0.033001
1985.19604 0.033443
1985.30273 0.033887
1985.40955 0.034335
1985.51624 0.034789
1985.62305 0.035247
1985.72974 0.035712
1985.83655 0.036185
1985.94324 0.036665
1986.05005 0.037154
1986.15674 0.037653
1986.26355 0.038164
1986.37036 0.038688
1986.47705 0.039228
1986.58386 0.039786
1986.69055 0.040364
1986.79736 0.040965
1986.90405 0.041589
1987.01086 0.042241
1987.11755 0.042921
1987.22437 0.04363
1987.33105 0.044363
1987.43787 0.045118
1987.54456 0.045891
1987.65137 0.046679
1987.75806 0.047477
1987.86487 0.048283
1987.97156 0.049092
1988.07837 0.049902
1988.18506 0.050709
1988.29187 0.051514
1988.39856 0.052317
1988.50537 0.05312
1988.61206 0.053923
1988.71887 0.054728
1988.82556 0.055536
1988.93237 0.056346
1989.03918 0.057161
1989.14587 0.057982
1989.25269 0.058811
1989.35938 0.059654
1989.46619 0.060515
1989.57288 0.061399
1989.67969 0.062311
1989.78638 0.063256
1989.89319 0.064239
1989.99988 0.065265
1990.10669 0.066337
1990.21338 0.067459
1990.32019 0.068627
1990.42688 0.069839
1990.53369 0.071091
1990.64038 0.07238
1990.74719 0.073702
1990.85388 0.075055
1990.96069 0.076434
1991.06738 0.077838
1991.17419 0.079263
1991.28088 0.080711
1991.38770 0.082183
1991.49451 0.083682
1991.60120 0.085209
1991.70801 0.086767
1991.81470 0.088357
1991.92151 0.089982
1992.02820 0.091644
1992.13501 0.093345
1992.24170 0.09509
1992.34851 0.096889
1992.45520 0.098749
1992.56201 0.10068
1992.66870 0.102689
1992.77551 0.104786
1992.88220 0.106979
1992.98901 0.109276
1993.09570 0.111686
1993.20251 0.114212
1993.30920 0.116843
1993.41602 0.119568
1993.52271 0.122375
1993.62952 0.125251
1993.73621 0.128184
1993.84302 0.131163
1993.94971 0.134175
1994.05652 0.137208
1994.16333 0.140252
1994.27002 0.143307
1994.37683 0.146377
1994.48352 0.149466
1994.59033 0.152578
1994.69702 0.155717
1994.80383 0.158888
1994.91052 0.162096
1995.01733 0.165343
1995.12402 0.168636
1995.23083 0.171981
1995.33752 0.175391
1995.44434 0.17888
1995.55103 0.182459
1995.65784 0.186141
1995.76453 0.18994
1995.87134 0.193868
1995.97803 0.197937
1996.08484 0.202161
1996.19153 0.206543
1996.29834 0.21106
1996.40503 0.215683
1996.51184 0.220384
1996.61853 0.225134
1996.72534 0.229905
1996.83215 0.234669
1996.93884 0.239396
1997.04565 0.244059
1997.15234 0.248632
1997.25916 0.253126
1997.36584 0.257571
1997.47266 0.261994
1997.57935 0.266427
1997.68616 0.270899
1997.79285 0.27544
1997.89966 0.280078
1998.00635 0.284844
1998.11316 0.289767
1998.21985 0.294852
1998.32666 0.300072
1998.43335 0.305395
1998.54016 0.310791
1998.64685 0.316228
1998.75366 0.321676
1998.86035 0.327104
1998.96716 0.332481
1999.07385 0.337776
1999.18066 0.342965
1999.28735 0.348052
1999.39417 0.353049
1999.50098 0.357967
1999.60767 0.362818
1999.71448 0.367613
1999.82117 0.372364
1999.92798 0.377081
2000.03467 0.381778
2000.14148 0.386464
2000.24817 0.391153
2000.35498 0.395856
2000.46167 0.400586
2000.56848 0.405357
2000.67517 0.41018
2000.78198 0.415067
2000.88867 0.420033
2000.99548 0.425088
2001.10217 0.430245
2001.20898 0.435507
2001.31567 0.440851
2001.42249 0.446256
2001.52917 0.451698
2001.63599 0.457155
2001.74268 0.462603
2001.84949 0.468021
2001.95630 0.473384
2002.06299 0.478671
2002.16980 0.483862
2002.27649 0.488961
2002.38330 0.493981
2002.48999 0.498932
2002.59680 0.503827
2002.70349 0.508678
2002.81030 0.513495
2002.91699 0.518292
2003.02380 0.52308
2003.13049 0.527871
2003.23730 0.532674
2003.34399 0.537499
2003.45081 0.542354
2003.55750 0.547248
2003.66431 0.55219
2003.77100 0.557188
2003.87781 0.562251
2003.98450 0.567387
2004.09131 0.572605
2004.19800 0.577906
2004.30481 0.583264
2004.41150 0.588654
2004.51831 0.594048
2004.62512 0.59942
2004.73181 0.604742
2004.83862 0.609987
2004.94531 0.615128
2005.05212 0.620139
2005.15881 0.624995
2005.26562 0.6297
2005.37231 0.634269
2005.47913 0.638719
2005.58582 0.643064
2005.69263 0.647321
2005.79932 0.651504
2005.90613 0.655631
2006.01282 0.659716
2006.11963 0.663775
2006.22632 0.667825
2006.33313 0.671883
2006.43982 0.675968
2006.54663 0.680097
2006.65332 0.684288
2006.76013 0.688559
2006.86682 0.692928
2006.97363 0.697413
2007.08032 0.702031
2007.18713 0.706792
2007.29395 0.711673
2007.40063 0.716646
2007.50745 0.721684
2007.61414 0.726758
2007.72095 0.731839
2007.82764 0.7369
2007.93445 0.741912
2008.04114 0.746846
2008.14795 0.751678
2008.25464 0.756415
2008.36145 0.761082
2008.46814 0.765707
2008.57495 0.770317
2008.68164 0.774937
2008.78845 0.779595
2008.89514 0.784318
2009.00195 0.789133
2009.10864 0.794065
2009.21545 0.79912
2009.32214 0.804268
2009.42896 0.809477
2009.53564 0.814714
2009.64246 0.819945
2009.74927 0.825139
2009.85596 0.830263
2009.96277 0.835284
2010.06946 0.840169
2010.17627 0.844892
2010.28296 0.849456
2010.38977 0.853875
2010.49646 0.858159
2010.60327 0.862321
2010.70996 0.866373
2010.81677 0.870327
2010.92346 0.874195
2011.03027 0.877989
2011.13696 0.881722
2011.24377 0.885395
2011.35046 0.889006
2011.45728 0.892552
2011.56396 0.896028
2011.67078 0.899431
2011.77747 0.902759
2011.88428 0.906006
2011.99097 0.909171
2012.09778 0.912248
2012.20447 0.915235
2012.31128 0.918127
2012.41809 0.920917
2012.52478 0.923602
2012.63159 0.926175
2012.73828 0.928633
2012.84509 0.930969
2012.95178 0.933179
2013.05859 0.935257
2013.16528 0.937201
2013.27209 0.939021
2013.37878 0.940732
2013.48560 0.94235
2013.59229 0.943891
2013.69910 0.945369
2013.80579 0.946802
2013.91260 0.948204
2014.01929 0.949591
2014.12610 0.950978
2014.23279 0.952374
2014.33960 0.953779
2014.44629 0.955196
2014.55310 0.956624
2014.65979 0.958065
2014.76660 0.95952
2014.87329 0.96099
2014.98010 0.962475
2015.08691 0.963977
2015.19360 0.965495
2015.30042 0.96702
2015.40710 0.968546
2015.51392 0.970063
2015.62061 0.971563
2015.72742 0.973038
2015.83411 0.97448
2015.94092 0.97588
2016.04761 0.977231
2016.15442 0.978524
2016.26111 0.979758
2016.36792 0.980938
2016.47461 0.982066
2016.58142 0.983145
2016.68811 0.984178
2016.79492 0.985168
2016.90161 0.986119
2017.00842 0.987032
2017.11511 0.987912
2017.22192 0.98876
2017.32861 0.989578
2017.43542 0.990364
2017.54211 0.991121
2017.64893 0.991848
2017.75574 0.992546
2017.86243 0.993216
2017.96924 0.993858
2018.07593 0.994472
2018.18274 0.99506
2018.28943 0.995619
2018.39624 0.996148
2018.50293 0.996646
2018.60974 0.997111
2018.71643 0.997542
2018.82324 0.997937
2018.92993 0.998294
2019.03674 0.998612
2019.14343 0.998891
2019.25024 0.99913
2019.35693 0.999333
2019.46375 0.999502
2019.57043 0.999641
2019.67725 0.999753
2019.78394 0.99984
2019.89075 0.999906
2019.99744 0.999952
2020.10425 0.999983
2020.21106 0.999999
2020.31775 1.0
2020.42456 0.999984
2020.53125 0.99995
2020.63806 0.999896
2020.74475 0.999821
2020.85156 0.999724
2020.95825 0.999603
2021.06506 0.999457
2021.17175 0.999286
2021.27856 0.999089
2021.38525 0.998867
2021.49207 0.998621
2021.59875 0.998353
2021.70557 0.998064
2021.81226 0.997753
2021.91907 0.997423
2022.02576 0.997074
2022.13257 0.996706
2022.23926 0.99632
2022.34607 0.99591
2022.45276 0.995475
2022.55957 0.995009
2022.66626 0.994511
2022.77307 0.993976
2022.87988 0.9934
2022.98657 0.992781
2023.09338 0.992115
2023.20007 0.9914
2023.30688 0.990638
2023.41357 0.989833
2023.52039 0.988987
2023.62708 0.988103
2023.73389 0.987183
2023.84058 0.986232
2023.94739 0.985251
2024.05408 0.984244
2024.16089 0.983212
2024.26758 0.982157
2024.37439 0.981077
2024.48108 0.979971
2024.58789 0.978838
2024.69458 0.977676
2024.80139 0.976486
2024.90808 0.975265
2025.01489 0.974014
2025.12158 0.97273
2025.22839 0.971411
2025.33508 0.970053
2025.44189 0.968649
2025.54871 0.967197
2025.65540 0.965689
2025.76221 0.964122
2025.86890 0.962491
2025.97571 0.960791
2026.08240 0.959016
2026.18921 0.957166
2026.29590 0.955248
2026.40271 0.953274
2026.50940 0.951252
2026.61621 0.949194
2026.72290 0.947111
2026.82971 0.945012
2026.93640 0.942908
2027.04321 0.940809
2027.14990 0.938725
2027.25671 0.936656
2027.36340 0.934596
2027.47021 0.932538
2027.57690 0.930477
2027.68372 0.928407
2027.79041 0.926323
2027.89722 0.924218
2028.00403 0.922087
2028.11072 0.919922
2028.21753 0.917711
2028.32422 0.915425
2028.43103 0.913035
2028.53772 0.910513
2028.64453 0.907829
2028.75122 0.904954
2028.85803 0.901861
2028.96472 0.898519
2029.07153 0.894901
2029.17822 0.890986
2029.28503 0.886796
2029.39172 0.882361
2029.49854 0.877714
2029.60522 0.872886
2029.71204 0.867908
2029.81873 0.862812
2029.92554 0.857629
2030.03223 0.852391
2030.13904 0.847128
2030.24573 0.841855
2030.35254 0.836573
2030.45923 0.831285
2030.56604 0.825992
2030.67285 0.820696
2030.77954 0.815398
2030.88635 0.810101
2030.99304 0.804807
2031.09985 0.799517
2031.20654 0.79423
2031.31335 0.788942
2031.42004 0.783646
2031.52686 0.778337
2031.63354 0.773009
2031.74036 0.767655
2031.84705 0.762272
2031.95386 0.756851
2032.06055 0.751388
2032.16736 0.74588
2032.27405 0.740341
2032.38086 0.734789
2032.48755 0.729244
2032.59436 0.723726
2032.70105 0.718255
2032.80786 0.71285
2032.91455 0.707531
2033.02136 0.702317
2033.12805 0.697227
2033.23486 0.692263
2033.34167 0.68741
2033.44836 0.682653
2033.55518 0.677977
2033.66187 0.673365
2033.76868 0.668804
2033.87537 0.664277
2033.98218 0.659768
2034.08887 0.655263
2034.19568 0.650747
2034.30237 0.646207
2034.40918 0.641628
2034.51587 0.636998
2034.62268 0.632304
2034.72937 0.627533
2034.83618 0.622671
2034.94287 0.617705
2035.04968 0.612623
2035.15637 0.607413
2035.26318 0.602096
2035.36987 0.596701
2035.47668 0.591262
2035.58337 0.585811
2035.69019 0.580378
2035.79700 0.574997
2035.90369 0.569698
2036.01050 0.564514
2036.11719 0.559477
2036.22400 0.55459
2036.33069 0.549826
2036.43750 0.545154
2036.54419 0.540542
2036.65100 0.53596
2036.75769 0.531378
2036.86450 0.526764
2036.97119 0.522087
2037.07800 0.517317
2037.18469 0.512434
2037.29150 0.507456
2037.39819 0.50241
2037.50500 0.497322
2037.61169 0.49222
2037.71851 0.487131
2037.82520 0.482082
2037.93201 0.477099
2038.03870 0.472209
2038.14551 0.467438
2038.25220 0.462786
2038.35901 0.458241
2038.46582 0.45379
2038.57251 0.449418
2038.67932 0.445114
2038.78601 0.440863
2038.89282 0.436652
2038.99951 0.432468
2039.10632 0.428297
2039.21301 0.424127
2039.31982 0.419948
2039.42651 0.415746
2039.53333 0.411513
2039.64001 0.407236
2039.74683 0.402905
2039.85352 0.398509
2039.96033 0.394036
2040.06702 0.389476
2040.17383 0.384822
2040.28052 0.380087
2040.38733 0.375292
2040.49402 0.370455
2040.60083 0.365598
2040.70752 0.36074
2040.81433 0.355901
2040.92102 0.351101
2041.02783 0.346359
2041.13464 0.341694
2041.24133 0.337109
2041.34814 0.332594
2041.45483 0.328137
2041.56165 0.323726
2041.66833 0.31935
2041.77515 0.314998
2041.88184 0.310658
2041.98865 0.30632
2042.09534 0.301971
2042.20215 0.297602
2042.30884 0.293205
2042.41565 0.28877
2042.52234 0.284292
2042.62915 0.279761
2042.73584 0.275169
2042.84265 0.27051
2042.94934 0.265775
2043.05615 0.260957
2043.16284 0.256049
2043.26965 0.251071
2043.37634 0.246048
2043.48315 0.241008
2043.58997 0.235975
2043.69666 0.230977
2043.80347 0.22604
2043.91016 0.22119
2044.01697 0.216455
2044.12366 0.211859
2044.23047 0.207412
2044.33716 0.203104
2044.44397 0.198926
2044.55066 0.194868
2044.65747 0.190919
2044.76416 0.187069
2044.87097 0.183308
2044.97766 0.179625
2045.08447 0.176011
2045.19116 0.172456
2045.29797 0.16895
2045.40466 0.165487
2045.51147 0.162059
2045.61816 0.158658
2045.72498 0.155276
2045.83167 0.151907
2045.93848 0.148543
2046.04517 0.145176
2046.15198 0.141802
2046.25879 0.138429
2046.36548 0.135073
2046.47229 0.131749
2046.57898 0.128473
2046.68579 0.125262
2046.79248 0.122128
2046.89929 0.119089
2047.00598 0.116157
2047.11279 0.113349
2047.21948 0.110668
2047.32629 0.108103
2047.43298 0.105646
2047.53979 0.103284
2047.64648 0.101006
2047.75330 0.098804
2047.85999 0.096666
2047.96680 0.094581
2048.07349 0.092541
2048.18018 0.090535
2048.28711 0.08856
2048.39380 0.086614
2048.50049 0.084694
2048.60718 0.082799
2048.71411 0.080925
2048.82080 0.079071
2048.92749 0.077233
2049.03442 0.07541
2049.14111 0.0736
2049.24780 0.071806
2049.35449 0.070035
2049.46143 0.068295
2049.56812 0.066594
2049.67480 0.06494
2049.78149 0.06334
2049.88843 0.061801
2049.99512 0.060332
2050.10181 0.05894
2050.20850 0.057627
2050.31543 0.056386
2050.42212 0.055209
2050.52881 0.054088
2050.63550 0.053013
2050.74243 0.051976
2050.84912 0.05097
2050.95581 0.049985
2051.06250 0.049014
2051.16943 0.048049
2051.27612 0.047093
2051.38281 0.046148
2051.48975 0.045221
2051.59644 0.044316
2051.70312 0.043437
2051.80981 0.042588
2051.91675 0.041774
2052.02344 0.041001
2052.13013 0.040271
2052.23682 0.039585
2052.34375 0.03894
2052.45044 0.03833
2052.55713 0.037754
2052.66382 0.037206
2052.77075 0.036682
2052.87744 0.036179
2052.98413 0.035693
2053.09082 0.035219
2053.19775 0.034755
2053.30444 0.034299
2053.41113 0.03385
2053.51782 0.033406
2053.62476 0.032966
2053.73145 0.032528
2053.83813 0.032092
2053.94482 0.031656
2054.05176 0.031219
2054.15845 0.030779
2054.26514 0.030337
2054.37207 0.029896
2054.47876 0.029456
2054.58545 0.029021
2054.69214 0.02859
2054.79907 0.028167
2054.90576 0.027753
2055.01245 0.027349
2055.11914 0.026958
2055.22607 0.026579
2055.33276 0.026212
2055.43945 0.025856
2055.54614 0.02551
2055.65308 0.025173
2055.75977 0.024842
2055.86646 0.024519
2055.97314 0.024201
2056.08008 0.023887
2056.18677 0.023576
2056.29346 0.023269
2056.40015 0.022963
2056.50708 0.022659
2056.61377 0.022357
2056.72046 0.022055
2056.82739 0.021753
2056.93408 0.021451
2057.04077 0.021147
2057.14746 0.020843
2057.25439 0.020537
2057.36108 0.020232
2057.46777 0.019929
2057.57446 0.019629
2057.68140 0.019334
2057.78809 0.019044
2057.89478 0.018761
2058.00146 0.018487
2058.10840 0.018222
2058.21509 0.017967
2058.32178 0.017721
2058.42847 0.017484
2058.53540 0.017255
2058.64209 0.017033
2058.74878 0.016817
2058.85547 0.016606
2058.96240 0.0164
2059.06909 0.016198
2059.17578 0.015999
2059.28271 0.015802
2059.38940 0.015609
2059.49609 0.015417
2059.60278 0.015227
2059.70972 0.015039
2059.81641 0.014852
2059.92310 0.014666
2060.02979 0.01448
2060.13672 0.014296
2060.24341 0.014112
2060.35010 0.01393
2060.45679 0.01375
2060.56372 0.013573
2060.67041 0.013401
2060.77710 0.013234
2060.88379 0.013073
2060.99072 0.012918
2061.09741 0.01277
2061.20410 0.012631
2061.31079 0.012498
2061.41772 0.012372
2061.52441 0.012251
2061.63110 0.012135
2061.73779 0.012022
2061.84473 0.011912
2061.95142 0.011805
2062.05811 0.011698
2062.16504 0.011592
2062.27173 0.011487
2062.37842 0.011383
2062.48511 0.01128
2062.59204 0.01118
2062.69873 0.011082
2062.80542 0.010988
2062.91211 0.010898
2063.01904 0.010812
2063.12573 0.010731
2063.23242 0.010655
2063.33911 0.010583
2063.44604 0.010516
2063.55273 0.010452
2063.65942 0.010391
2063.76611 0.010334
2063.87305 0.010279
2063.97974 0.010226
2064.08643 0.010175
2064.19312 0.010125
2064.30005 0.010077
2064.40674 0.01003
2064.51343 0.009984
2064.62036 0.009939
2064.72705 0.009896
2064.83374 0.009853
2064.94043 0.009812
2065.04736 0.009771
2065.15405 0.009731
2065.26074 0.009692
2065.36743 0.009654
2065.47437 0.009617
2065.58105 0.009581
2065.68774 0.009547
2065.79443 0.009513
2065.90137 0.009481
2066.00806 0.009449
2066.11475 0.00942
2066.22144 0.009391
2066.32837 0.009364
2066.43506 0.009337
2066.54175 0.009312
2066.64844 0.009287
2066.75537 0.009263
2066.86206 0.009239
2066.96875 0.009216
2067.07568 0.009193
2067.18237 0.00917
2067.28906 0.009147
2067.39575 0.009124
2067.50269 0.0091
2067.60938 0.009076
2067.71606 0.009051
2067.82275 0.009025
2067.92969 0.008999
2068.03638 0.008971
2068.14307 0.008943
2068.24976 0.008913
2068.35669 0.008882
2068.46338 0.00885
2068.57007 0.008817
2068.67676 0.008784
2068.78369 0.00875
2068.89038 0.008715
2068.99707 0.00868
2069.10376 0.008645
2069.21069 0.00861
2069.31738 0.008574
2069.42407 0.008538
2069.53076 0.008502
2069.63770 0.008465
2069.74438 0.008428
2069.85107 0.008391
2069.95801 0.008354
2070.06470 0.008316
2070.17139 0.008277
2070.27808 0.008238
2070.38501 0.008198
2070.49170 0.008158
2070.59839 0.008117
2070.70508 0.008074
2070.81201 0.008031
2070.91870 0.007986
2071.02539 0.00794
2071.13208 0.007892
2071.23901 0.007843
2071.34570 0.007793
2071.45239 0.007742
2071.55908 0.00769
2071.66602 0.007638
2071.77271 0.007585
2071.87939 0.007532
2071.98608 0.007479
2072.09302 0.007427
2072.19971 0.007375
2072.30640 0.007324
2072.41333 0.007273
2072.52002 0.007223
2072.62671 0.007173
2072.73340 0.007123
2072.84033 0.007074
2072.94702 0.007025
2073.05371 0.006977
2073.16040 0.006929
2073.26733 0.006881
2073.37402 0.006832
2073.48071 0.006783
2073.58740 0.006733
2073.69434 0.006681
2073.80103 0.006627
2073.90771 0.006571
2074.01440 0.006513
2074.12134 0.006451
2074.22803 0.006387
2074.33472 0.006322
2074.44141 0.006256
2074.54834 0.006191
2074.65503 0.006129
2074.76172 0.006069
2074.86865 0.006015
2074.97534 0.005966
2075.08203 0.005923
2075.18872 0.005889
2075.29565 0.005862
2075.40234 0.005841
2075.50903 0.005826
2075.61572 0.005815
2075.72266 0.005807
2075.82935 0.005803
2075.93604 0.0058
2076.04272 0.005799
2076.14966 0.005798
2283.76465 0.0
