threeML/data/optical_filters/TD1/SPEC-F1820.ecsv
# %ECSV 0.9
# ---
# datatype:
# - {name: wavelength, unit: Angstrom, datatype: float32}
# - {name: response, datatype: float32}
# meta: !!omap
# - {band_name: F1820}
# - {group_name: SPEC}
wavelength response
1590.24683 0.0
1766.94092 0.010058
1767.04773 0.010124
1767.15442 0.01019
1767.26123 0.010256
1767.36792 0.010321
1767.47473 0.010387
1767.58142 0.010453
1767.68823 0.01052
1767.79504 0.010587
1767.90173 0.010655
1768.00854 0.010725
1768.11523 0.010795
1768.22205 0.010868
1768.32874 0.010941
1768.43555 0.011015
1768.54224 0.011089
1768.64905 0.011163
1768.75574 0.011236
1768.86255 0.011308
1768.96924 0.011378
1769.07605 0.011447
1769.18274 0.011514
1769.28955 0.011578
1769.39624 0.011642
1769.50305 0.011704
1769.60974 0.011765
1769.71655 0.011827
1769.82324 0.011888
1769.93005 0.01195
1770.03674 0.012013
1770.14355 0.012078
1770.25024 0.012143
1770.35706 0.01221
1770.46387 0.012277
1770.57056 0.012345
1770.67737 0.012412
1770.78406 0.012478
1770.89087 0.012543
1770.99756 0.012607
1771.10437 0.012669
1771.21106 0.012729
1771.31787 0.012787
1771.42456 0.012843
1771.53137 0.012899
1771.63806 0.012953
1771.74487 0.013007
1771.85156 0.01306
1771.95837 0.013114
1772.06506 0.013168
1772.17188 0.013222
1772.27856 0.013278
1772.38538 0.013334
1772.49207 0.013391
1772.59888 0.013448
1772.70557 0.013507
1772.81238 0.013566
1772.91907 0.013626
1773.02588 0.013687
1773.13269 0.013749
1773.23938 0.013812
1773.34619 0.013875
1773.45288 0.013939
1773.55969 0.014004
1773.66638 0.014069
1773.77319 0.014134
1773.87988 0.014199
1773.98669 0.014265
1774.09338 0.01433
1774.20020 0.014395
1774.30688 0.014461
1774.41370 0.014526
1774.52039 0.014592
1774.62720 0.014658
1774.73389 0.014724
1774.84070 0.014791
1774.94739 0.014859
1775.05420 0.014927
1775.16089 0.014997
1775.26770 0.015067
1775.37439 0.015139
1775.48120 0.015213
1775.58789 0.01529
1775.69470 0.015368
1775.80151 0.01545
1775.90820 0.015535
1776.01501 0.015624
1776.12170 0.015716
1776.22852 0.015813
1776.33521 0.015913
1776.44202 0.016016
1776.54871 0.016121
1776.65552 0.016229
1776.76221 0.016339
1776.86902 0.01645
1776.97571 0.016562
1777.08252 0.016675
1777.18921 0.016787
1777.29602 0.0169
1777.40271 0.017013
1777.50952 0.017127
1777.61621 0.017242
1777.72302 0.017357
1777.82971 0.017474
1777.93652 0.017592
1778.04321 0.017711
1778.15002 0.017831
1778.25684 0.017954
1778.36353 0.018079
1778.47034 0.018206
1778.57703 0.018337
1778.68384 0.018472
1778.79053 0.01861
1778.89734 0.018754
1779.00403 0.018902
1779.11084 0.019056
1779.21753 0.019215
1779.32434 0.019379
1779.43103 0.019548
1779.53784 0.019719
1779.64453 0.019894
1779.75134 0.02007
1779.85803 0.020247
1779.96484 0.020425
1780.07153 0.020602
1780.17834 0.020778
1780.28503 0.020953
1780.39185 0.021128
1780.49854 0.021302
1780.60535 0.021477
1780.71204 0.021651
1780.81885 0.021825
1780.92566 0.022
1781.03235 0.022176
1781.13916 0.022353
1781.24585 0.022531
1781.35266 0.022712
1781.45935 0.022897
1781.56616 0.023086
1781.67285 0.023281
1781.77966 0.023482
1781.88635 0.02369
1781.99316 0.023907
1782.09985 0.024133
1782.20667 0.024368
1782.31335 0.024612
1782.42017 0.024862
1782.52686 0.025119
1782.63367 0.02538
1782.74036 0.025644
1782.84717 0.02591
1782.95386 0.026176
1783.06067 0.026441
1783.16736 0.026705
1783.27417 0.026969
1783.38086 0.027234
1783.48767 0.027504
1783.59448 0.02778
1783.70117 0.028064
1783.80798 0.02836
1783.91467 0.028669
1784.02148 0.028993
1784.12817 0.029334
1784.23499 0.029694
1784.34167 0.030069
1784.44849 0.030459
1784.55518 0.030862
1784.66199 0.031275
1784.76868 0.031698
1784.87549 0.032127
1784.98218 0.032562
1785.08899 0.033001
1785.19568 0.033443
1785.30249 0.033887
1785.40918 0.034335
1785.51599 0.034789
1785.62268 0.035247
1785.72949 0.035712
1785.83618 0.036185
1785.94299 0.036665
1786.04980 0.037154
1786.15649 0.037653
1786.26331 0.038164
1786.37000 0.038688
1786.47681 0.039228
1786.58350 0.039786
1786.69031 0.040364
1786.79700 0.040965
1786.90381 0.041589
1787.01050 0.042241
1787.11731 0.042921
1787.22400 0.04363
1787.33081 0.044363
1787.43750 0.045118
1787.54431 0.045891
1787.65100 0.046679
1787.75781 0.047477
1787.86450 0.048283
1787.97131 0.049092
1788.07800 0.049902
1788.18481 0.050709
1788.29150 0.051514
1788.39832 0.052317
1788.50500 0.05312
1788.61182 0.053923
1788.71863 0.054728
1788.82532 0.055536
1788.93213 0.056346
1789.03882 0.057161
1789.14563 0.057982
1789.25232 0.058811
1789.35913 0.059654
1789.46582 0.060515
1789.57263 0.061399
1789.67932 0.062311
1789.78613 0.063256
1789.89282 0.064239
1789.99963 0.065265
1790.10632 0.066337
1790.21313 0.067459
1790.31982 0.068627
1790.42664 0.069839
1790.53333 0.071091
1790.64014 0.07238
1790.74683 0.073702
1790.85364 0.075055
1790.96033 0.076434
1791.06714 0.077838
1791.17383 0.079263
1791.28064 0.080711
1791.38745 0.082183
1791.49414 0.083682
1791.60095 0.085209
1791.70764 0.086767
1791.81445 0.088357
1791.92114 0.089982
1792.02795 0.091644
1792.13464 0.093345
1792.24146 0.09509
1792.34814 0.096889
1792.45496 0.098749
1792.56165 0.10068
1792.66846 0.102689
1792.77515 0.104786
1792.88196 0.106979
1792.98865 0.109276
1793.09546 0.111686
1793.20215 0.114212
1793.30896 0.116843
1793.41565 0.119568
1793.52246 0.122375
1793.62915 0.125251
1793.73596 0.128184
1793.84265 0.131163
1793.94946 0.134175
1794.05627 0.137208
1794.16296 0.140252
1794.26978 0.143307
1794.37646 0.146377
1794.48328 0.149466
1794.58997 0.152578
1794.69678 0.155717
1794.80347 0.158888
1794.91028 0.162096
1795.01697 0.165343
1795.12378 0.168636
1795.23047 0.171981
1795.33728 0.175391
1795.44397 0.17888
1795.55078 0.182459
1795.65747 0.186141
1795.76428 0.18994
1795.87097 0.193868
1795.97778 0.197937
1796.08447 0.202161
1796.19128 0.206543
1796.29797 0.21106
1796.40479 0.215683
1796.51160 0.220384
1796.61829 0.225134
1796.72510 0.229905
1796.83179 0.234669
1796.93860 0.239396
1797.04529 0.244059
1797.15210 0.248632
1797.25879 0.253126
1797.36560 0.257571
1797.47229 0.261994
1797.57910 0.266427
1797.68579 0.270899
1797.79260 0.27544
1797.89929 0.280078
1798.00610 0.284844
1798.11279 0.289767
1798.21960 0.294852
1798.32629 0.300072
1798.43311 0.305395
1798.53979 0.310791
1798.64661 0.316228
1798.75330 0.321676
1798.86011 0.327104
1798.96680 0.332481
1799.07361 0.337776
1799.18042 0.342965
1799.28711 0.348052
1799.39392 0.353049
1799.50061 0.357967
1799.60742 0.362818
1799.71411 0.367613
1799.82092 0.372364
1799.92761 0.377081
1800.03442 0.381778
1800.14111 0.386464
1800.24792 0.391153
1800.35461 0.395856
1800.46143 0.400586
1800.56812 0.405357
1800.67493 0.41018
1800.78162 0.415067
1800.88843 0.420033
1800.99512 0.425088
1801.10193 0.430245
1801.20862 0.435507
1801.31543 0.440851
1801.42212 0.446256
1801.52893 0.451698
1801.63562 0.457155
1801.74243 0.462603
1801.84924 0.468021
1801.95593 0.473384
1802.06274 0.478671
1802.16943 0.483862
1802.27625 0.488961
1802.38293 0.493981
1802.48975 0.498932
1802.59644 0.503827
1802.70325 0.508678
1802.80994 0.513495
1802.91675 0.518292
1803.02344 0.52308
1803.13025 0.527871
1803.23694 0.532674
1803.34375 0.537499
1803.45044 0.542354
1803.55725 0.547248
1803.66394 0.55219
1803.77075 0.557188
1803.87744 0.562251
1803.98425 0.567387
1804.09094 0.572605
1804.19775 0.577906
1804.30457 0.583264
1804.41125 0.588654
1804.51807 0.594048
1804.62476 0.59942
1804.73157 0.604742
1804.83826 0.609987
1804.94507 0.615128
1805.05176 0.620139
1805.15857 0.624995
1805.26526 0.6297
1805.37207 0.634269
1805.47876 0.638719
1805.58557 0.643064
1805.69226 0.647321
1805.79907 0.651504
1805.90576 0.655631
1806.01257 0.659716
1806.11926 0.663775
1806.22607 0.667825
1806.33276 0.671883
1806.43958 0.675968
1806.54626 0.680097
1806.65308 0.684288
1806.75977 0.688559
1806.86658 0.692928
1806.97339 0.697413
1807.08008 0.702031
1807.18689 0.706792
1807.29358 0.711673
1807.40039 0.716646
1807.50708 0.721684
1807.61389 0.726758
1807.72058 0.731839
1807.82739 0.7369
1807.93408 0.741912
1808.04089 0.746846
1808.14758 0.751678
1808.25439 0.756415
1808.36108 0.761082
1808.46790 0.765707
1808.57458 0.770317
1808.68140 0.774937
1808.78809 0.779595
1808.89490 0.784318
1809.00159 0.789133
1809.10840 0.794065
1809.21509 0.79912
1809.32190 0.804268
1809.42859 0.809477
1809.53540 0.814714
1809.64221 0.819945
1809.74890 0.825139
1809.85571 0.830263
1809.96240 0.835284
1810.06921 0.840169
1810.17590 0.844892
1810.28271 0.849456
1810.38940 0.853875
1810.49622 0.858159
1810.60291 0.862321
1810.70972 0.866373
1810.81641 0.870327
1810.92322 0.874195
1811.02991 0.877989
1811.13672 0.881722
1811.24341 0.885395
1811.35022 0.889006
1811.45691 0.892552
1811.56372 0.896028
1811.67041 0.899431
1811.77722 0.902759
1811.88391 0.906006
1811.99072 0.909171
1812.09753 0.912248
1812.20422 0.915235
1812.31104 0.918127
1812.41772 0.920917
1812.52454 0.923602
1812.63123 0.926175
1812.73804 0.928633
1812.84473 0.930969
1812.95154 0.933179
1813.05823 0.935257
1813.16504 0.937201
1813.27173 0.939021
1813.37854 0.940732
1813.48523 0.94235
1813.59204 0.943891
1813.69873 0.945369
1813.80554 0.946802
1813.91223 0.948204
1814.01904 0.949591
1814.12573 0.950978
1814.23254 0.952374
1814.33923 0.953779
1814.44604 0.955196
1814.55273 0.956624
1814.65955 0.958065
1814.76636 0.95952
1814.87305 0.96099
1814.97986 0.962475
1815.08655 0.963977
1815.19336 0.965495
1815.30005 0.96702
1815.40686 0.968546
1815.51355 0.970063
1815.62036 0.971563
1815.72705 0.973038
1815.83386 0.97448
1815.94055 0.97588
1816.04736 0.977231
1816.15405 0.978524
1816.26086 0.979758
1816.36755 0.980938
1816.47437 0.982066
1816.58105 0.983145
1816.68787 0.984178
1816.79456 0.985168
1816.90137 0.986119
1817.00806 0.987032
1817.11487 0.987912
1817.22156 0.98876
1817.32837 0.989578
1817.43518 0.990364
1817.54187 0.991121
1817.64868 0.991848
1817.75537 0.992546
1817.86218 0.993216
1817.96887 0.993858
1818.07568 0.994472
1818.18237 0.99506
1818.28918 0.995619
1818.39587 0.996148
1818.50269 0.996646
1818.60938 0.997111
1818.71619 0.997542
1818.82288 0.997937
1818.92969 0.998294
1819.03638 0.998612
1819.14319 0.998891
1819.24988 0.99913
1819.35669 0.999333
1819.46338 0.999502
1819.57019 0.999641
1819.67688 0.999753
1819.78369 0.99984
1819.89050 0.999906
1819.99719 0.999952
1820.10400 0.999983
1820.21069 0.999999
1820.31750 1.0
1820.42419 0.999984
1820.53101 0.99995
1820.63770 0.999896
1820.74451 0.999821
1820.85120 0.999724
1820.95801 0.999603
1821.06470 0.999457
1821.17151 0.999286
1821.27820 0.999089
1821.38501 0.998867
1821.49170 0.998621
1821.59851 0.998353
1821.70520 0.998064
1821.81201 0.997753
1821.91870 0.997423
1822.02551 0.997074
1822.13220 0.996706
1822.23901 0.99632
1822.34570 0.99591
1822.45251 0.995475
1822.55933 0.995009
1822.66602 0.994511
1822.77283 0.993976
1822.87952 0.9934
1822.98633 0.992781
1823.09302 0.992115
1823.19983 0.9914
1823.30652 0.990638
1823.41333 0.989833
1823.52002 0.988987
1823.62683 0.988103
1823.73352 0.987183
1823.84033 0.986232
1823.94702 0.985251
1824.05383 0.984244
1824.16052 0.983212
1824.26733 0.982157
1824.37402 0.981077
1824.48083 0.979971
1824.58752 0.978838
1824.69434 0.977676
1824.80103 0.976486
1824.90784 0.975265
1825.01453 0.974014
1825.12134 0.97273
1825.22815 0.971411
1825.33484 0.970053
1825.44165 0.968649
1825.54834 0.967197
1825.65515 0.965689
1825.76184 0.964122
1825.86865 0.962491
1825.97534 0.960791
1826.08215 0.959016
1826.18884 0.957166
1826.29565 0.955248
1826.40234 0.953274
1826.50916 0.951252
1826.61584 0.949194
1826.72266 0.947111
1826.82935 0.945012
1826.93616 0.942908
1827.04285 0.940809
1827.14966 0.938725
1827.25635 0.936656
1827.36316 0.934596
1827.46985 0.932538
1827.57666 0.930477
1827.68335 0.928407
1827.79016 0.926323
1827.89697 0.924218
1828.00366 0.922087
1828.11047 0.919922
1828.21716 0.917711
1828.32397 0.915425
1828.43066 0.913035
1828.53748 0.910513
1828.64417 0.907829
1828.75098 0.904954
1828.85767 0.901861
1828.96448 0.898519
1829.07117 0.894901
1829.17798 0.890986
1829.28467 0.886796
1829.39148 0.882361
1829.49817 0.877714
1829.60498 0.872886
1829.71167 0.867908
1829.81848 0.862812
1829.92517 0.857629
1830.03198 0.852391
1830.13867 0.847128
1830.24548 0.841855
1830.35229 0.836573
1830.45898 0.831285
1830.56580 0.825992
1830.67249 0.820696
1830.77930 0.815398
1830.88599 0.810101
1830.99280 0.804807
1831.09949 0.799517
1831.20630 0.79423
1831.31299 0.788942
1831.41980 0.783646
1831.52649 0.778337
1831.63330 0.773009
1831.73999 0.767655
1831.84680 0.762272
1831.95349 0.756851
1832.06030 0.751388
1832.16699 0.74588
1832.27380 0.740341
1832.38049 0.734789
1832.48730 0.729244
1832.59399 0.723726
1832.70081 0.718255
1832.80750 0.71285
1832.91431 0.707531
1833.02112 0.702317
1833.12781 0.697227
1833.23462 0.692263
1833.34131 0.68741
1833.44812 0.682653
1833.55481 0.677977
1833.66162 0.673365
1833.76831 0.668804
1833.87512 0.664277
1833.98181 0.659768
1834.08862 0.655263
1834.19531 0.650747
1834.30212 0.646207
1834.40881 0.641628
1834.51562 0.636998
1834.62231 0.632304
1834.72913 0.627533
1834.83582 0.622671
1834.94263 0.617705
1835.04932 0.612623
1835.15613 0.607413
1835.26282 0.602096
1835.36963 0.596701
1835.47632 0.591262
1835.58313 0.585811
1835.68994 0.580378
1835.79663 0.574997
1835.90344 0.569698
1836.01013 0.564514
1836.11694 0.559477
1836.22363 0.55459
1836.33044 0.549826
1836.43713 0.545154
1836.54395 0.540542
1836.65063 0.53596
1836.75745 0.531378
1836.86414 0.526764
1836.97095 0.522087
1837.07764 0.517317
1837.18445 0.512434
1837.29114 0.507456
1837.39795 0.50241
1837.50464 0.497322
1837.61145 0.49222
1837.71814 0.487131
1837.82495 0.482082
1837.93164 0.477099
1838.03845 0.472209
1838.14526 0.467438
1838.25195 0.462786
1838.35876 0.458241
1838.46545 0.45379
1838.57227 0.449418
1838.67896 0.445114
1838.78577 0.440863
1838.89246 0.436652
1838.99927 0.432468
1839.10596 0.428297
1839.21277 0.424127
1839.31946 0.419948
1839.42627 0.415746
1839.53296 0.411513
1839.63977 0.407236
1839.74646 0.402905
1839.85327 0.398509
1839.95996 0.394036
1840.06677 0.389476
1840.17346 0.384822
1840.28027 0.380087
1840.38696 0.375292
1840.49377 0.370455
1840.60046 0.365598
1840.70728 0.36074
1840.81409 0.355901
1840.92078 0.351101
1841.02759 0.346359
1841.13428 0.341694
1841.24109 0.337109
1841.34778 0.332594
1841.45459 0.328137
1841.56128 0.323726
1841.66809 0.31935
1841.77478 0.314998
1841.88159 0.310658
1841.98828 0.30632
1842.09509 0.301971
1842.20178 0.297602
1842.30859 0.293205
1842.41528 0.28877
1842.52209 0.284292
1842.62878 0.279761
1842.73560 0.275169
1842.84229 0.27051
1842.94910 0.265775
1843.05579 0.260957
1843.16260 0.256049
1843.26929 0.251071
1843.37610 0.246048
1843.48291 0.241008
1843.58960 0.235975
1843.69641 0.230977
1843.80310 0.22604
1843.90991 0.22119
1844.01660 0.216455
1844.12341 0.211859
1844.23010 0.207412
1844.33691 0.203104
1844.44360 0.198926
1844.55042 0.194868
1844.65710 0.190919
1844.76392 0.187069
1844.87061 0.183308
1844.97742 0.179625
1845.08411 0.176011
1845.19092 0.172456
1845.29761 0.16895
1845.40442 0.165487
1845.51111 0.162059
1845.61792 0.158658
1845.72461 0.155276
1845.83142 0.151907
1845.93823 0.148543
1846.04492 0.145176
1846.15173 0.141802
1846.25842 0.138429
1846.36523 0.135073
1846.47192 0.131749
1846.57874 0.128473
1846.68542 0.125262
1846.79224 0.122128
1846.89893 0.119089
1847.00574 0.116157
1847.11243 0.113349
1847.21924 0.110668
1847.32593 0.108103
1847.43274 0.105646
1847.53943 0.103284
1847.64624 0.101006
1847.75293 0.098804
1847.85974 0.096666
1847.96643 0.094581
1848.07324 0.092541
1848.17993 0.090535
1848.28674 0.08856
1848.39343 0.086614
1848.50024 0.084694
1848.60706 0.082799
1848.71375 0.080925
1848.82056 0.079071
1848.92725 0.077233
1849.03406 0.07541
1849.14075 0.0736
1849.24756 0.071806
1849.35425 0.070035
1849.46106 0.068295
1849.56775 0.066594
1849.67456 0.06494
1849.78125 0.06334
1849.88806 0.061801
1849.99475 0.060332
1850.10156 0.05894
1850.20825 0.057627
1850.31506 0.056386
1850.42175 0.055209
1850.52856 0.054088
1850.63525 0.053013
1850.74207 0.051976
1850.84875 0.05097
1850.95557 0.049985
1851.06226 0.049014
1851.16907 0.048049
1851.27588 0.047093
1851.38257 0.046148
1851.48938 0.045221
1851.59607 0.044316
1851.70288 0.043437
1851.80957 0.042588
1851.91638 0.041774
1852.02307 0.041001
1852.12988 0.040271
1852.23657 0.039585
1852.34338 0.03894
1852.45007 0.03833
1852.55688 0.037754
1852.66357 0.037206
1852.77039 0.036682
1852.87708 0.036179
1852.98389 0.035693
1853.09058 0.035219
1853.19739 0.034755
1853.30408 0.034299
1853.41089 0.03385
1853.51758 0.033406
1853.62439 0.032966
1853.73108 0.032528
1853.83789 0.032092
1853.94470 0.031656
1854.05139 0.031219
1854.15820 0.030779
1854.26489 0.030337
1854.37170 0.029896
1854.47839 0.029456
1854.58521 0.029021
1854.69189 0.02859
1854.79871 0.028167
1854.90540 0.027753
1855.01221 0.027349
1855.11890 0.026958
1855.22571 0.026579
1855.33240 0.026212
1855.43921 0.025856
1855.54590 0.02551
1855.65271 0.025173
1855.75940 0.024842
1855.86621 0.024519
1855.97290 0.024201
1856.07971 0.023887
1856.18640 0.023576
1856.29321 0.023269
1856.40002 0.022963
1856.50671 0.022659
1856.61353 0.022357
1856.72021 0.022055
1856.82703 0.021753
1856.93372 0.021451
1857.04053 0.021147
1857.14722 0.020843
1857.25403 0.020537
1857.36072 0.020232
1857.46753 0.019929
1857.57422 0.019629
1857.68103 0.019334
1857.78772 0.019044
1857.89453 0.018761
1858.00122 0.018487
1858.10803 0.018222
1858.21472 0.017967
1858.32153 0.017721
1858.42822 0.017484
1858.53503 0.017255
1858.64172 0.017033
1858.74854 0.016817
1858.85522 0.016606
1858.96204 0.0164
1859.06885 0.016198
1859.17554 0.015999
1859.28235 0.015802
1859.38904 0.015609
1859.49585 0.015417
1859.60254 0.015227
1859.70935 0.015039
1859.81604 0.014852
1859.92285 0.014666
1860.02954 0.01448
1860.13635 0.014296
1860.24304 0.014112
1860.34985 0.01393
1860.45654 0.01375
1860.56335 0.013573
1860.67004 0.013401
1860.77686 0.013234
1860.88354 0.013073
1860.99036 0.012918
1861.09705 0.01277
1861.20386 0.012631
1861.31055 0.012498
1861.41736 0.012372
1861.52405 0.012251
1861.63086 0.012135
1861.73767 0.012022
1861.84436 0.011912
1861.95117 0.011805
1862.05786 0.011698
1862.16467 0.011592
1862.27136 0.011487
1862.37817 0.011383
1862.48486 0.01128
1862.59167 0.01118
1862.69836 0.011082
1862.80518 0.010988
1862.91187 0.010898
1863.01868 0.010812
1863.12537 0.010731
1863.23218 0.010655
1863.33887 0.010583
1863.44568 0.010516
1863.55237 0.010452
1863.65918 0.010391
1863.76587 0.010334
1863.87268 0.010279
1863.97937 0.010226
1864.08618 0.010175
1864.19299 0.010125
1864.29968 0.010077
1864.40649 0.01003
1864.51318 0.009984
1864.62000 0.009939
1864.72668 0.009896
1864.83350 0.009853
1864.94019 0.009812
1865.04700 0.009771
1865.15369 0.009731
1865.26050 0.009692
1865.36719 0.009654
1865.47400 0.009617
1865.58069 0.009581
1865.68750 0.009547
1865.79419 0.009513
1865.90100 0.009481
1866.00769 0.009449
1866.11450 0.00942
1866.22119 0.009391
1866.32800 0.009364
1866.43469 0.009337
1866.54150 0.009312
1866.64819 0.009287
1866.75500 0.009263
1866.86182 0.009239
1866.96851 0.009216
1867.07532 0.009193
1867.18201 0.00917
1867.28882 0.009147
1867.39551 0.009124
1867.50232 0.0091
1867.60901 0.009076
1867.71582 0.009051
1867.82251 0.009025
1867.92932 0.008999
1868.03601 0.008971
1868.14282 0.008943
1868.24951 0.008913
1868.35632 0.008882
1868.46301 0.00885
1868.56982 0.008817
1868.67651 0.008784
1868.78333 0.00875
1868.89001 0.008715
1868.99683 0.00868
1869.10352 0.008645
1869.21033 0.00861
1869.31702 0.008574
1869.42383 0.008538
1869.53064 0.008502
1869.63733 0.008465
1869.74414 0.008428
1869.85083 0.008391
1869.95764 0.008354
1870.06433 0.008316
1870.17114 0.008277
1870.27783 0.008238
1870.38464 0.008198
1870.49133 0.008158
1870.59814 0.008117
1870.70483 0.008074
1870.81165 0.008031
1870.91833 0.007986
1871.02515 0.00794
1871.13184 0.007892
1871.23865 0.007843
1871.34534 0.007793
1871.45215 0.007742
1871.55884 0.00769
1871.66565 0.007638
1871.77234 0.007585
1871.87915 0.007532
1871.98596 0.007479
1872.09265 0.007427
1872.19946 0.007375
1872.30615 0.007324
1872.41296 0.007273
1872.51965 0.007223
1872.62646 0.007173
1872.73315 0.007123
1872.83997 0.007074
1872.94666 0.007025
1873.05347 0.006977
1873.16016 0.006929
1873.26697 0.006881
1873.37366 0.006832
1873.48047 0.006783
1873.58716 0.006733
1873.69397 0.006681
1873.80066 0.006627
1873.90747 0.006571
1874.01416 0.006513
1874.12097 0.006451
1874.22766 0.006387
1874.33447 0.006322
1874.44116 0.006256
1874.54797 0.006191
1874.65479 0.006129
1874.76147 0.006069
1874.86829 0.006015
1874.97498 0.005966
1875.08179 0.005923
1875.18848 0.005889
1875.29529 0.005862
1875.40198 0.005841
1875.50879 0.005826
1875.61548 0.005815
1875.72229 0.005807
1875.82898 0.005803
1875.93579 0.0058
1876.04248 0.005799
1876.14929 0.005798
1876.25598 0.005796
2063.88159 0.0
