threeML/data/optical_filters/TD1/SPEC-F2480.ecsv
# %ECSV 0.9
# ---
# datatype:
# - {name: wavelength, unit: Angstrom, datatype: float32}
# - {name: response, datatype: float32}
# meta: !!omap
# - {band_name: F2480}
# - {group_name: SPEC}
wavelength response
2184.24707 0.0
2426.94116 0.010058
2427.04810 0.010124
2427.15479 0.01019
2427.26147 0.010256
2427.36816 0.010321
2427.47510 0.010387
2427.58179 0.010453
2427.68848 0.01052
2427.79517 0.010587
2427.90210 0.010655
2428.00879 0.010725
2428.11548 0.010795
2428.22241 0.010868
2428.32910 0.010941
2428.43579 0.011015
2428.54248 0.011089
2428.64941 0.011163
2428.75610 0.011236
2428.86279 0.011308
2428.96948 0.011378
2429.07642 0.011447
2429.18311 0.011514
2429.28979 0.011578
2429.39648 0.011642
2429.50342 0.011704
2429.61011 0.011765
2429.71680 0.011827
2429.82349 0.011888
2429.93042 0.01195
2430.03711 0.012013
2430.14380 0.012078
2430.25049 0.012143
2430.35742 0.01221
2430.46411 0.012277
2430.57080 0.012345
2430.67773 0.012412
2430.78442 0.012478
2430.89111 0.012543
2430.99780 0.012607
2431.10474 0.012669
2431.21143 0.012729
2431.31812 0.012787
2431.42480 0.012843
2431.53174 0.012899
2431.63843 0.012953
2431.74512 0.013007
2431.85181 0.01306
2431.95874 0.013114
2432.06543 0.013168
2432.17212 0.013222
2432.27881 0.013278
2432.38574 0.013334
2432.49243 0.013391
2432.59912 0.013448
2432.70581 0.013507
2432.81274 0.013566
2432.91943 0.013626
2433.02612 0.013687
2433.13281 0.013749
2433.23975 0.013812
2433.34644 0.013875
2433.45312 0.013939
2433.56006 0.014004
2433.66675 0.014069
2433.77344 0.014134
2433.88013 0.014199
2433.98706 0.014265
2434.09375 0.01433
2434.20044 0.014395
2434.30713 0.014461
2434.41406 0.014526
2434.52075 0.014592
2434.62744 0.014658
2434.73413 0.014724
2434.84106 0.014791
2434.94775 0.014859
2435.05444 0.014927
2435.16113 0.014997
2435.26807 0.015067
2435.37476 0.015139
2435.48145 0.015213
2435.58813 0.01529
2435.69507 0.015368
2435.80176 0.01545
2435.90845 0.015535
2436.01538 0.015624
2436.12207 0.015716
2436.22876 0.015813
2436.33545 0.015913
2436.44238 0.016016
2436.54907 0.016121
2436.65576 0.016229
2436.76245 0.016339
2436.86938 0.01645
2436.97607 0.016562
2437.08276 0.016675
2437.18945 0.016787
2437.29639 0.0169
2437.40308 0.017013
2437.50977 0.017127
2437.61646 0.017242
2437.72339 0.017357
2437.83008 0.017474
2437.93677 0.017592
2438.04346 0.017711
2438.15039 0.017831
2438.25708 0.017954
2438.36377 0.018079
2438.47046 0.018206
2438.57739 0.018337
2438.68408 0.018472
2438.79077 0.01861
2438.89771 0.018754
2439.00439 0.018902
2439.11108 0.019056
2439.21777 0.019215
2439.32471 0.019379
2439.43140 0.019548
2439.53809 0.019719
2439.64478 0.019894
2439.75171 0.02007
2439.85840 0.020247
2439.96509 0.020425
2440.07178 0.020602
2440.17871 0.020778
2440.28540 0.020953
2440.39209 0.021128
2440.49878 0.021302
2440.60571 0.021477
2440.71240 0.021651
2440.81909 0.021825
2440.92578 0.022
2441.03271 0.022176
2441.13940 0.022353
2441.24609 0.022531
2441.35303 0.022712
2441.45972 0.022897
2441.56641 0.023086
2441.67310 0.023281
2441.78003 0.023482
2441.88672 0.02369
2441.99341 0.023907
2442.10010 0.024133
2442.20703 0.024368
2442.31372 0.024612
2442.42041 0.024862
2442.52710 0.025119
2442.63403 0.02538
2442.74072 0.025644
2442.84741 0.02591
2442.95410 0.026176
2443.06104 0.026441
2443.16772 0.026705
2443.27441 0.026969
2443.38110 0.027234
2443.48804 0.027504
2443.59473 0.02778
2443.70142 0.028064
2443.80835 0.02836
2443.91504 0.028669
2444.02173 0.028993
2444.12842 0.029334
2444.23535 0.029694
2444.34204 0.030069
2444.44873 0.030459
2444.55542 0.030862
2444.66235 0.031275
2444.76904 0.031698
2444.87573 0.032127
2444.98242 0.032562
2445.08936 0.033001
2445.19604 0.033443
2445.30273 0.033887
2445.40942 0.034335
2445.51636 0.034789
2445.62305 0.035247
2445.72974 0.035712
2445.83643 0.036185
2445.94336 0.036665
2446.05005 0.037154
2446.15674 0.037653
2446.26343 0.038164
2446.37036 0.038688
2446.47705 0.039228
2446.58374 0.039786
2446.69067 0.040364
2446.79736 0.040965
2446.90405 0.041589
2447.01074 0.042241
2447.11768 0.042921
2447.22437 0.04363
2447.33105 0.044363
2447.43774 0.045118
2447.54468 0.045891
2447.65137 0.046679
2447.75806 0.047477
2447.86475 0.048283
2447.97168 0.049092
2448.07837 0.049902
2448.18506 0.050709
2448.29175 0.051514
2448.39868 0.052317
2448.50537 0.05312
2448.61206 0.053923
2448.71875 0.054728
2448.82568 0.055536
2448.93237 0.056346
2449.03906 0.057161
2449.14600 0.057982
2449.25269 0.058811
2449.35938 0.059654
2449.46606 0.060515
2449.57300 0.061399
2449.67969 0.062311
2449.78638 0.063256
2449.89307 0.064239
2450.00000 0.065265
2450.10669 0.066337
2450.21338 0.067459
2450.32007 0.068627
2450.42700 0.069839
2450.53369 0.071091
2450.64038 0.07238
2450.74707 0.073702
2450.85400 0.075055
2450.96069 0.076434
2451.06738 0.077838
2451.17407 0.079263
2451.28101 0.080711
2451.38770 0.082183
2451.49438 0.083682
2451.60132 0.085209
2451.70801 0.086767
2451.81470 0.088357
2451.92139 0.089982
2452.02832 0.091644
2452.13501 0.093345
2452.24170 0.09509
2452.34839 0.096889
2452.45532 0.098749
2452.56201 0.10068
2452.66870 0.102689
2452.77539 0.104786
2452.88232 0.106979
2452.98901 0.109276
2453.09570 0.111686
2453.20239 0.114212
2453.30933 0.116843
2453.41602 0.119568
2453.52271 0.122375
2453.62939 0.125251
2453.73633 0.128184
2453.84302 0.131163
2453.94971 0.134175
2454.05640 0.137208
2454.16333 0.140252
2454.27002 0.143307
2454.37671 0.146377
2454.48364 0.149466
2454.59033 0.152578
2454.69702 0.155717
2454.80371 0.158888
2454.91064 0.162096
2455.01733 0.165343
2455.12402 0.168636
2455.23071 0.171981
2455.33765 0.175391
2455.44434 0.17888
2455.55103 0.182459
2455.65771 0.186141
2455.76465 0.18994
2455.87134 0.193868
2455.97803 0.197937
2456.08472 0.202161
2456.19165 0.206543
2456.29834 0.21106
2456.40503 0.215683
2456.51172 0.220384
2456.61865 0.225134
2456.72534 0.229905
2456.83203 0.234669
2456.93896 0.239396
2457.04565 0.244059
2457.15234 0.248632
2457.25903 0.253126
2457.36597 0.257571
2457.47266 0.261994
2457.57935 0.266427
2457.68604 0.270899
2457.79297 0.27544
2457.89966 0.280078
2458.00635 0.284844
2458.11304 0.289767
2458.21997 0.294852
2458.32666 0.300072
2458.43335 0.305395
2458.54004 0.310791
2458.64697 0.316228
2458.75366 0.321676
2458.86035 0.327104
2458.96704 0.332481
2459.07397 0.337776
2459.18066 0.342965
2459.28735 0.348052
2459.39429 0.353049
2459.50098 0.357967
2459.60767 0.362818
2459.71436 0.367613
2459.82129 0.372364
2459.92798 0.377081
2460.03467 0.381778
2460.14136 0.386464
2460.24829 0.391153
2460.35498 0.395856
2460.46167 0.400586
2460.56836 0.405357
2460.67529 0.41018
2460.78198 0.415067
2460.88867 0.420033
2460.99536 0.425088
2461.10229 0.430245
2461.20898 0.435507
2461.31567 0.440851
2461.42236 0.446256
2461.52930 0.451698
2461.63599 0.457155
2461.74268 0.462603
2461.84937 0.468021
2461.95630 0.473384
2462.06299 0.478671
2462.16968 0.483862
2462.27661 0.488961
2462.38330 0.493981
2462.48999 0.498932
2462.59668 0.503827
2462.70361 0.508678
2462.81030 0.513495
2462.91699 0.518292
2463.02368 0.52308
2463.13062 0.527871
2463.23730 0.532674
2463.34399 0.537499
2463.45068 0.542354
2463.55762 0.547248
2463.66431 0.55219
2463.77100 0.557188
2463.87769 0.562251
2463.98462 0.567387
2464.09131 0.572605
2464.19800 0.577906
2464.30469 0.583264
2464.41162 0.588654
2464.51831 0.594048
2464.62500 0.59942
2464.73193 0.604742
2464.83862 0.609987
2464.94531 0.615128
2465.05200 0.620139
2465.15894 0.624995
2465.26562 0.6297
2465.37231 0.634269
2465.47900 0.638719
2465.58594 0.643064
2465.69263 0.647321
2465.79932 0.651504
2465.90601 0.655631
2466.01294 0.659716
2466.11963 0.663775
2466.22632 0.667825
2466.33301 0.671883
2466.43994 0.675968
2466.54663 0.680097
2466.65332 0.684288
2466.76001 0.688559
2466.86694 0.692928
2466.97363 0.697413
2467.08032 0.702031
2467.18726 0.706792
2467.29395 0.711673
2467.40063 0.716646
2467.50732 0.721684
2467.61426 0.726758
2467.72095 0.731839
2467.82764 0.7369
2467.93433 0.741912
2468.04126 0.746846
2468.14795 0.751678
2468.25464 0.756415
2468.36133 0.761082
2468.46826 0.765707
2468.57495 0.770317
2468.68164 0.774937
2468.78833 0.779595
2468.89526 0.784318
2469.00195 0.789133
2469.10864 0.794065
2469.21533 0.79912
2469.32227 0.804268
2469.42896 0.809477
2469.53564 0.814714
2469.64233 0.819945
2469.74927 0.825139
2469.85596 0.830263
2469.96265 0.835284
2470.06958 0.840169
2470.17627 0.844892
2470.28296 0.849456
2470.38965 0.853875
2470.49658 0.858159
2470.60327 0.862321
2470.70996 0.866373
2470.81665 0.870327
2470.92358 0.874195
2471.03027 0.877989
2471.13696 0.881722
2471.24365 0.885395
2471.35059 0.889006
2471.45728 0.892552
2471.56396 0.896028
2471.67065 0.899431
2471.77759 0.902759
2471.88428 0.906006
2471.99097 0.909171
2472.09766 0.912248
2472.20459 0.915235
2472.31128 0.918127
2472.41797 0.920917
2472.52490 0.923602
2472.63159 0.926175
2472.73828 0.928633
2472.84497 0.930969
2472.95190 0.933179
2473.05859 0.935257
2473.16528 0.937201
2473.27197 0.939021
2473.37891 0.940732
2473.48560 0.94235
2473.59229 0.943891
2473.69897 0.945369
2473.80591 0.946802
2473.91260 0.948204
2474.01929 0.949591
2474.12598 0.950978
2474.23291 0.952374
2474.33960 0.953779
2474.44629 0.955196
2474.55298 0.956624
2474.65991 0.958065
2474.76660 0.95952
2474.87329 0.96099
2474.98022 0.962475
2475.08691 0.963977
2475.19360 0.965495
2475.30029 0.96702
2475.40723 0.968546
2475.51392 0.970063
2475.62061 0.971563
2475.72729 0.973038
2475.83423 0.97448
2475.94092 0.97588
2476.04761 0.977231
2476.15430 0.978524
2476.26123 0.979758
2476.36792 0.980938
2476.47461 0.982066
2476.58130 0.983145
2476.68823 0.984178
2476.79492 0.985168
2476.90161 0.986119
2477.00830 0.987032
2477.11523 0.987912
2477.22192 0.98876
2477.32861 0.989578
2477.43530 0.990364
2477.54224 0.991121
2477.64893 0.991848
2477.75562 0.992546
2477.86255 0.993216
2477.96924 0.993858
2478.07593 0.994472
2478.18262 0.99506
2478.28955 0.995619
2478.39624 0.996148
2478.50293 0.996646
2478.60962 0.997111
2478.71655 0.997542
2478.82324 0.997937
2478.92993 0.998294
2479.03662 0.998612
2479.14355 0.998891
2479.25024 0.99913
2479.35693 0.999333
2479.46362 0.999502
2479.57056 0.999641
2479.67725 0.999753
2479.78394 0.99984
2479.89062 0.999906
2479.99756 0.999952
2480.10425 0.999983
2480.21094 0.999999
2480.31787 1.0
2480.42456 0.999984
2480.53125 0.99995
2480.63794 0.999896
2480.74487 0.999821
2480.85156 0.999724
2480.95825 0.999603
2481.06494 0.999457
2481.17188 0.999286
2481.27856 0.999089
2481.38525 0.998867
2481.49194 0.998621
2481.59888 0.998353
2481.70557 0.998064
2481.81226 0.997753
2481.91895 0.997423
2482.02588 0.997074
2482.13257 0.996706
2482.23926 0.99632
2482.34595 0.99591
2482.45288 0.995475
2482.55957 0.995009
2482.66626 0.994511
2482.77319 0.993976
2482.87988 0.9934
2482.98657 0.992781
2483.09326 0.992115
2483.20020 0.9914
2483.30688 0.990638
2483.41357 0.989833
2483.52026 0.988987
2483.62720 0.988103
2483.73389 0.987183
2483.84058 0.986232
2483.94727 0.985251
2484.05420 0.984244
2484.16089 0.983212
2484.26758 0.982157
2484.37427 0.981077
2484.48120 0.979971
2484.58789 0.978838
2484.69458 0.977676
2484.80127 0.976486
2484.90820 0.975265
2485.01489 0.974014
2485.12158 0.97273
2485.22827 0.971411
2485.33521 0.970053
2485.44189 0.968649
2485.54858 0.967197
2485.65552 0.965689
2485.76221 0.964122
2485.86890 0.962491
2485.97559 0.960791
2486.08252 0.959016
2486.18921 0.957166
2486.29590 0.955248
2486.40259 0.953274
2486.50952 0.951252
2486.61621 0.949194
2486.72290 0.947111
2486.82959 0.945012
2486.93652 0.942908
2487.04321 0.940809
2487.14990 0.938725
2487.25659 0.936656
2487.36353 0.934596
2487.47021 0.932538
2487.57690 0.930477
2487.68359 0.928407
2487.79053 0.926323
2487.89722 0.924218
2488.00391 0.922087
2488.11084 0.919922
2488.21753 0.917711
2488.32422 0.915425
2488.43091 0.913035
2488.53784 0.910513
2488.64453 0.907829
2488.75122 0.904954
2488.85791 0.901861
2488.96484 0.898519
2489.07153 0.894901
2489.17822 0.890986
2489.28491 0.886796
2489.39185 0.882361
2489.49854 0.877714
2489.60522 0.872886
2489.71191 0.867908
2489.81885 0.862812
2489.92554 0.857629
2490.03223 0.852391
2490.13892 0.847128
2490.24585 0.841855
2490.35254 0.836573
2490.45923 0.831285
2490.56592 0.825992
2490.67285 0.820696
2490.77954 0.815398
2490.88623 0.810101
2490.99316 0.804807
2491.09985 0.799517
2491.20654 0.79423
2491.31323 0.788942
2491.42017 0.783646
2491.52686 0.778337
2491.63354 0.773009
2491.74023 0.767655
2491.84717 0.762272
2491.95386 0.756851
2492.06055 0.751388
2492.16724 0.74588
2492.27417 0.740341
2492.38086 0.734789
2492.48755 0.729244
2492.59424 0.723726
2492.70117 0.718255
2492.80786 0.71285
2492.91455 0.707531
2493.02124 0.702317
2493.12817 0.697227
2493.23486 0.692263
2493.34155 0.68741
2493.44849 0.682653
2493.55518 0.677977
2493.66187 0.673365
2493.76855 0.668804
2493.87549 0.664277
2493.98218 0.659768
2494.08887 0.655263
2494.19556 0.650747
2494.30249 0.646207
2494.40918 0.641628
2494.51587 0.636998
2494.62256 0.632304
2494.72949 0.627533
2494.83618 0.622671
2494.94287 0.617705
2495.04956 0.612623
2495.15649 0.607413
2495.26318 0.602096
2495.36987 0.596701
2495.47656 0.591262
2495.58350 0.585811
2495.69019 0.580378
2495.79688 0.574997
2495.90381 0.569698
2496.01050 0.564514
2496.11719 0.559477
2496.22388 0.55459
2496.33081 0.549826
2496.43750 0.545154
2496.54419 0.540542
2496.65088 0.53596
2496.75781 0.531378
2496.86450 0.526764
2496.97119 0.522087
2497.07788 0.517317
2497.18481 0.512434
2497.29150 0.507456
2497.39819 0.50241
2497.50488 0.497322
2497.61182 0.49222
2497.71851 0.487131
2497.82520 0.482082
2497.93188 0.477099
2498.03882 0.472209
2498.14551 0.467438
2498.25220 0.462786
2498.35889 0.458241
2498.46582 0.45379
2498.57251 0.449418
2498.67920 0.445114
2498.78613 0.440863
2498.89282 0.436652
2498.99951 0.432468
2499.10620 0.428297
2499.21313 0.424127
2499.31982 0.419948
2499.42651 0.415746
2499.53320 0.411513
2499.64014 0.407236
2499.74683 0.402905
2499.85352 0.398509
2499.96021 0.394036
2500.06714 0.389476
2500.17383 0.384822
2500.28052 0.380087
2500.38721 0.375292
2500.49414 0.370455
2500.60083 0.365598
2500.70752 0.36074
2500.81421 0.355901
2500.92114 0.351101
2501.02783 0.346359
2501.13452 0.341694
2501.24146 0.337109
2501.34814 0.332594
2501.45483 0.328137
2501.56152 0.323726
2501.66846 0.31935
2501.77515 0.314998
2501.88184 0.310658
2501.98853 0.30632
2502.09546 0.301971
2502.20215 0.297602
2502.30884 0.293205
2502.41553 0.28877
2502.52246 0.284292
2502.62915 0.279761
2502.73584 0.275169
2502.84253 0.27051
2502.94946 0.265775
2503.05615 0.260957
2503.16284 0.256049
2503.26953 0.251071
2503.37646 0.246048
2503.48315 0.241008
2503.58984 0.235975
2503.69678 0.230977
2503.80347 0.22604
2503.91016 0.22119
2504.01685 0.216455
2504.12378 0.211859
2504.23047 0.207412
2504.33716 0.203104
2504.44385 0.198926
2504.55078 0.194868
2504.65747 0.190919
2504.76416 0.187069
2504.87085 0.183308
2504.97778 0.179625
2505.08447 0.176011
2505.19116 0.172456
2505.29785 0.16895
2505.40479 0.165487
2505.51147 0.162059
2505.61816 0.158658
2505.72485 0.155276
2505.83179 0.151907
2505.93848 0.148543
2506.04517 0.145176
2506.15186 0.141802
2506.25879 0.138429
2506.36548 0.135073
2506.47217 0.131749
2506.57910 0.128473
2506.68579 0.125262
2506.79248 0.122128
2506.89917 0.119089
2507.00610 0.116157
2507.11279 0.113349
2507.21948 0.110668
2507.32617 0.108103
2507.43311 0.105646
2507.53979 0.103284
2507.64648 0.101006
2507.75317 0.098804
2507.86011 0.096666
2507.96680 0.094581
2508.07349 0.092541
2508.18018 0.090535
2508.28711 0.08856
2508.39380 0.086614
2508.50049 0.084694
2508.60718 0.082799
2508.71411 0.080925
2508.82080 0.079071
2508.92749 0.077233
2509.03442 0.07541
2509.14111 0.0736
2509.24780 0.071806
2509.35449 0.070035
2509.46143 0.068295
2509.56812 0.066594
2509.67480 0.06494
2509.78149 0.06334
2509.88843 0.061801
2509.99512 0.060332
2510.10181 0.05894
2510.20850 0.057627
2510.31543 0.056386
2510.42212 0.055209
2510.52881 0.054088
2510.63550 0.053013
2510.74243 0.051976
2510.84912 0.05097
2510.95581 0.049985
2511.06250 0.049014
2511.16943 0.048049
2511.27612 0.047093
2511.38281 0.046148
2511.48975 0.045221
2511.59644 0.044316
2511.70312 0.043437
2511.80981 0.042588
2511.91675 0.041774
2512.02344 0.041001
2512.13013 0.040271
2512.23682 0.039585
2512.34375 0.03894
2512.45044 0.03833
2512.55713 0.037754
2512.66382 0.037206
2512.77075 0.036682
2512.87744 0.036179
2512.98413 0.035693
2513.09082 0.035219
2513.19775 0.034755
2513.30444 0.034299
2513.41113 0.03385
2513.51782 0.033406
2513.62476 0.032966
2513.73145 0.032528
2513.83813 0.032092
2513.94482 0.031656
2514.05176 0.031219
2514.15845 0.030779
2514.26514 0.030337
2514.37207 0.029896
2514.47876 0.029456
2514.58545 0.029021
2514.69214 0.02859
2514.79907 0.028167
2514.90576 0.027753
2515.01245 0.027349
2515.11914 0.026958
2515.22607 0.026579
2515.33276 0.026212
2515.43945 0.025856
2515.54614 0.02551
2515.65308 0.025173
2515.75977 0.024842
2515.86646 0.024519
2515.97314 0.024201
2516.08008 0.023887
2516.18677 0.023576
2516.29346 0.023269
2516.40015 0.022963
2516.50708 0.022659
2516.61377 0.022357
2516.72046 0.022055
2516.82739 0.021753
2516.93408 0.021451
2517.04077 0.021147
2517.14746 0.020843
2517.25439 0.020537
2517.36108 0.020232
2517.46777 0.019929
2517.57446 0.019629
2517.68140 0.019334
2517.78809 0.019044
2517.89478 0.018761
2518.00146 0.018487
2518.10840 0.018222
2518.21509 0.017967
2518.32178 0.017721
2518.42847 0.017484
2518.53540 0.017255
2518.64209 0.017033
2518.74878 0.016817
2518.85547 0.016606
2518.96240 0.0164
2519.06909 0.016198
2519.17578 0.015999
2519.28271 0.015802
2519.38940 0.015609
2519.49609 0.015417
2519.60278 0.015227
2519.70972 0.015039
2519.81641 0.014852
2519.92310 0.014666
2520.02979 0.01448
2520.13672 0.014296
2520.24341 0.014112
2520.35010 0.01393
2520.45679 0.01375
2520.56372 0.013573
2520.67041 0.013401
2520.77710 0.013234
2520.88379 0.013073
2520.99072 0.012918
2521.09741 0.01277
2521.20410 0.012631
2521.31079 0.012498
2521.41772 0.012372
2521.52441 0.012251
2521.63110 0.012135
2521.73779 0.012022
2521.84473 0.011912
2521.95142 0.011805
2522.05811 0.011698
2522.16504 0.011592
2522.27173 0.011487
2522.37842 0.011383
2522.48511 0.01128
2522.59204 0.01118
2522.69873 0.011082
2522.80542 0.010988
2522.91211 0.010898
2523.01904 0.010812
2523.12573 0.010731
2523.23242 0.010655
2523.33911 0.010583
2523.44604 0.010516
2523.55273 0.010452
2523.65942 0.010391
2523.76611 0.010334
2523.87305 0.010279
2523.97974 0.010226
2524.08643 0.010175
2524.19312 0.010125
2524.30005 0.010077
2524.40674 0.01003
2524.51343 0.009984
2524.62036 0.009939
2524.72705 0.009896
2524.83374 0.009853
2524.94043 0.009812
2525.04736 0.009771
2525.15405 0.009731
2525.26074 0.009692
2525.36743 0.009654
2525.47437 0.009617
2525.58105 0.009581
2525.68774 0.009547
2525.79443 0.009513
2525.90137 0.009481
2526.00806 0.009449
2526.11475 0.00942
2526.22144 0.009391
2526.32837 0.009364
2526.43506 0.009337
2526.54175 0.009312
2526.64844 0.009287
2526.75537 0.009263
2526.86206 0.009239
2526.96875 0.009216
2527.07568 0.009193
2527.18237 0.00917
2527.28906 0.009147
2527.39575 0.009124
2527.50269 0.0091
2527.60938 0.009076
2527.71606 0.009051
2527.82275 0.009025
2527.92969 0.008999
2528.03638 0.008971
2528.14307 0.008943
2528.24976 0.008913
2528.35669 0.008882
2528.46338 0.00885
2528.57007 0.008817
2528.67676 0.008784
2528.78369 0.00875
2528.89038 0.008715
2528.99707 0.00868
2529.10376 0.008645
2529.21069 0.00861
2529.31738 0.008574
2529.42407 0.008538
2529.53076 0.008502
2529.63770 0.008465
2529.74438 0.008428
2529.85107 0.008391
2529.95801 0.008354
2530.06470 0.008316
2530.17139 0.008277
2530.27808 0.008238
2530.38501 0.008198
2530.49170 0.008158
2530.59839 0.008117
2530.70508 0.008074
2530.81201 0.008031
2530.91870 0.007986
2531.02539 0.00794
2531.13208 0.007892
2531.23901 0.007843
2531.34570 0.007793
2531.45239 0.007742
2531.55908 0.00769
2531.66602 0.007638
2531.77271 0.007585
2531.87939 0.007532
2531.98608 0.007479
2532.09302 0.007427
2532.19971 0.007375
2532.30640 0.007324
2532.41333 0.007273
2532.52002 0.007223
2532.62671 0.007173
2532.73340 0.007123
2532.84033 0.007074
2532.94702 0.007025
2533.05371 0.006977
2533.16040 0.006929
2533.26733 0.006881
2533.37402 0.006832
2533.48071 0.006783
2533.58740 0.006733
2533.69434 0.006681
2533.80103 0.006627
2533.90771 0.006571
2534.01440 0.006513
2534.12134 0.006451
2534.22803 0.006387
2534.33472 0.006322
2534.44141 0.006256
2534.54834 0.006191
2534.65503 0.006129
2534.76172 0.006069
2534.86865 0.006015
2534.97534 0.005966
2535.08203 0.005923
2535.18872 0.005889
2535.29565 0.005862
2535.40234 0.005841
2535.50903 0.005826
2535.61572 0.005815
2535.72266 0.005807
2535.82935 0.005803
2535.93604 0.0058
2536.04272 0.005799
2536.14966 0.005798
2789.76465 0.0
