threeML/data/optical_filters/TD1/SPEC-F1660.ecsv
# %ECSV 0.9
# ---
# datatype:
# - {name: wavelength, unit: Angstrom, datatype: float32}
# - {name: response, datatype: float32}
# meta: !!omap
# - {band_name: F1660}
# - {group_name: SPEC}
wavelength response
1446.24683 0.0
1606.94092 0.010058
1607.04773 0.010124
1607.15442 0.01019
1607.26123 0.010256
1607.36792 0.010321
1607.47473 0.010387
1607.58142 0.010453
1607.68823 0.01052
1607.79504 0.010587
1607.90173 0.010655
1608.00854 0.010725
1608.11523 0.010795
1608.22205 0.010868
1608.32874 0.010941
1608.43555 0.011015
1608.54224 0.011089
1608.64905 0.011163
1608.75574 0.011236
1608.86255 0.011308
1608.96924 0.011378
1609.07605 0.011447
1609.18274 0.011514
1609.28955 0.011578
1609.39624 0.011642
1609.50305 0.011704
1609.60974 0.011765
1609.71655 0.011827
1609.82324 0.011888
1609.93005 0.01195
1610.03674 0.012013
1610.14355 0.012078
1610.25024 0.012143
1610.35706 0.01221
1610.46387 0.012277
1610.57056 0.012345
1610.67737 0.012412
1610.78406 0.012478
1610.89087 0.012543
1610.99756 0.012607
1611.10437 0.012669
1611.21106 0.012729
1611.31787 0.012787
1611.42456 0.012843
1611.53137 0.012899
1611.63806 0.012953
1611.74487 0.013007
1611.85156 0.01306
1611.95837 0.013114
1612.06506 0.013168
1612.17188 0.013222
1612.27856 0.013278
1612.38538 0.013334
1612.49207 0.013391
1612.59888 0.013448
1612.70557 0.013507
1612.81238 0.013566
1612.91907 0.013626
1613.02588 0.013687
1613.13269 0.013749
1613.23938 0.013812
1613.34619 0.013875
1613.45288 0.013939
1613.55969 0.014004
1613.66638 0.014069
1613.77319 0.014134
1613.87988 0.014199
1613.98669 0.014265
1614.09338 0.01433
1614.20020 0.014395
1614.30688 0.014461
1614.41370 0.014526
1614.52039 0.014592
1614.62720 0.014658
1614.73389 0.014724
1614.84070 0.014791
1614.94739 0.014859
1615.05420 0.014927
1615.16089 0.014997
1615.26770 0.015067
1615.37439 0.015139
1615.48120 0.015213
1615.58789 0.01529
1615.69470 0.015368
1615.80151 0.01545
1615.90820 0.015535
1616.01501 0.015624
1616.12170 0.015716
1616.22852 0.015813
1616.33521 0.015913
1616.44202 0.016016
1616.54871 0.016121
1616.65552 0.016229
1616.76221 0.016339
1616.86902 0.01645
1616.97571 0.016562
1617.08252 0.016675
1617.18921 0.016787
1617.29602 0.0169
1617.40271 0.017013
1617.50952 0.017127
1617.61621 0.017242
1617.72302 0.017357
1617.82971 0.017474
1617.93652 0.017592
1618.04321 0.017711
1618.15002 0.017831
1618.25684 0.017954
1618.36353 0.018079
1618.47034 0.018206
1618.57703 0.018337
1618.68384 0.018472
1618.79053 0.01861
1618.89734 0.018754
1619.00403 0.018902
1619.11084 0.019056
1619.21753 0.019215
1619.32434 0.019379
1619.43103 0.019548
1619.53784 0.019719
1619.64453 0.019894
1619.75134 0.02007
1619.85803 0.020247
1619.96484 0.020425
1620.07153 0.020602
1620.17834 0.020778
1620.28503 0.020953
1620.39185 0.021128
1620.49854 0.021302
1620.60535 0.021477
1620.71204 0.021651
1620.81885 0.021825
1620.92566 0.022
1621.03235 0.022176
1621.13916 0.022353
1621.24585 0.022531
1621.35266 0.022712
1621.45935 0.022897
1621.56616 0.023086
1621.67285 0.023281
1621.77966 0.023482
1621.88635 0.02369
1621.99316 0.023907
1622.09985 0.024133
1622.20667 0.024368
1622.31335 0.024612
1622.42017 0.024862
1622.52686 0.025119
1622.63367 0.02538
1622.74036 0.025644
1622.84717 0.02591
1622.95386 0.026176
1623.06067 0.026441
1623.16736 0.026705
1623.27417 0.026969
1623.38086 0.027234
1623.48767 0.027504
1623.59448 0.02778
1623.70117 0.028064
1623.80798 0.02836
1623.91467 0.028669
1624.02148 0.028993
1624.12817 0.029334
1624.23499 0.029694
1624.34167 0.030069
1624.44849 0.030459
1624.55518 0.030862
1624.66199 0.031275
1624.76868 0.031698
1624.87549 0.032127
1624.98218 0.032562
1625.08899 0.033001
1625.19568 0.033443
1625.30249 0.033887
1625.40918 0.034335
1625.51599 0.034789
1625.62268 0.035247
1625.72949 0.035712
1625.83618 0.036185
1625.94299 0.036665
1626.04980 0.037154
1626.15649 0.037653
1626.26331 0.038164
1626.37000 0.038688
1626.47681 0.039228
1626.58350 0.039786
1626.69031 0.040364
1626.79700 0.040965
1626.90381 0.041589
1627.01050 0.042241
1627.11731 0.042921
1627.22400 0.04363
1627.33081 0.044363
1627.43750 0.045118
1627.54431 0.045891
1627.65100 0.046679
1627.75781 0.047477
1627.86450 0.048283
1627.97131 0.049092
1628.07800 0.049902
1628.18481 0.050709
1628.29150 0.051514
1628.39832 0.052317
1628.50500 0.05312
1628.61182 0.053923
1628.71863 0.054728
1628.82532 0.055536
1628.93213 0.056346
1629.03882 0.057161
1629.14563 0.057982
1629.25232 0.058811
1629.35913 0.059654
1629.46582 0.060515
1629.57263 0.061399
1629.67932 0.062311
1629.78613 0.063256
1629.89282 0.064239
1629.99963 0.065265
1630.10632 0.066337
1630.21313 0.067459
1630.31982 0.068627
1630.42664 0.069839
1630.53333 0.071091
1630.64014 0.07238
1630.74683 0.073702
1630.85364 0.075055
1630.96033 0.076434
1631.06714 0.077838
1631.17383 0.079263
1631.28064 0.080711
1631.38745 0.082183
1631.49414 0.083682
1631.60095 0.085209
1631.70764 0.086767
1631.81445 0.088357
1631.92114 0.089982
1632.02795 0.091644
1632.13464 0.093345
1632.24146 0.09509
1632.34814 0.096889
1632.45496 0.098749
1632.56165 0.10068
1632.66846 0.102689
1632.77515 0.104786
1632.88196 0.106979
1632.98865 0.109276
1633.09546 0.111686
1633.20215 0.114212
1633.30896 0.116843
1633.41565 0.119568
1633.52246 0.122375
1633.62915 0.125251
1633.73596 0.128184
1633.84265 0.131163
1633.94946 0.134175
1634.05627 0.137208
1634.16296 0.140252
1634.26978 0.143307
1634.37646 0.146377
1634.48328 0.149466
1634.58997 0.152578
1634.69678 0.155717
1634.80347 0.158888
1634.91028 0.162096
1635.01697 0.165343
1635.12378 0.168636
1635.23047 0.171981
1635.33728 0.175391
1635.44397 0.17888
1635.55078 0.182459
1635.65747 0.186141
1635.76428 0.18994
1635.87097 0.193868
1635.97778 0.197937
1636.08447 0.202161
1636.19128 0.206543
1636.29797 0.21106
1636.40479 0.215683
1636.51160 0.220384
1636.61829 0.225134
1636.72510 0.229905
1636.83179 0.234669
1636.93860 0.239396
1637.04529 0.244059
1637.15210 0.248632
1637.25879 0.253126
1637.36560 0.257571
1637.47229 0.261994
1637.57910 0.266427
1637.68579 0.270899
1637.79260 0.27544
1637.89929 0.280078
1638.00610 0.284844
1638.11279 0.289767
1638.21960 0.294852
1638.32629 0.300072
1638.43311 0.305395
1638.53979 0.310791
1638.64661 0.316228
1638.75330 0.321676
1638.86011 0.327104
1638.96680 0.332481
1639.07361 0.337776
1639.18042 0.342965
1639.28711 0.348052
1639.39392 0.353049
1639.50061 0.357967
1639.60742 0.362818
1639.71411 0.367613
1639.82092 0.372364
1639.92761 0.377081
1640.03442 0.381778
1640.14111 0.386464
1640.24792 0.391153
1640.35461 0.395856
1640.46143 0.400586
1640.56812 0.405357
1640.67493 0.41018
1640.78162 0.415067
1640.88843 0.420033
1640.99512 0.425088
1641.10193 0.430245
1641.20862 0.435507
1641.31543 0.440851
1641.42212 0.446256
1641.52893 0.451698
1641.63562 0.457155
1641.74243 0.462603
1641.84924 0.468021
1641.95593 0.473384
1642.06274 0.478671
1642.16943 0.483862
1642.27625 0.488961
1642.38293 0.493981
1642.48975 0.498932
1642.59644 0.503827
1642.70325 0.508678
1642.80994 0.513495
1642.91675 0.518292
1643.02344 0.52308
1643.13025 0.527871
1643.23694 0.532674
1643.34375 0.537499
1643.45044 0.542354
1643.55725 0.547248
1643.66394 0.55219
1643.77075 0.557188
1643.87744 0.562251
1643.98425 0.567387
1644.09094 0.572605
1644.19775 0.577906
1644.30457 0.583264
1644.41125 0.588654
1644.51807 0.594048
1644.62476 0.59942
1644.73157 0.604742
1644.83826 0.609987
1644.94507 0.615128
1645.05176 0.620139
1645.15857 0.624995
1645.26526 0.6297
1645.37207 0.634269
1645.47876 0.638719
1645.58557 0.643064
1645.69226 0.647321
1645.79907 0.651504
1645.90576 0.655631
1646.01257 0.659716
1646.11926 0.663775
1646.22607 0.667825
1646.33276 0.671883
1646.43958 0.675968
1646.54626 0.680097
1646.65308 0.684288
1646.75977 0.688559
1646.86658 0.692928
1646.97339 0.697413
1647.08008 0.702031
1647.18689 0.706792
1647.29358 0.711673
1647.40039 0.716646
1647.50708 0.721684
1647.61389 0.726758
1647.72058 0.731839
1647.82739 0.7369
1647.93408 0.741912
1648.04089 0.746846
1648.14758 0.751678
1648.25439 0.756415
1648.36108 0.761082
1648.46790 0.765707
1648.57458 0.770317
1648.68140 0.774937
1648.78809 0.779595
1648.89490 0.784318
1649.00159 0.789133
1649.10840 0.794065
1649.21509 0.79912
1649.32190 0.804268
1649.42859 0.809477
1649.53540 0.814714
1649.64221 0.819945
1649.74890 0.825139
1649.85571 0.830263
1649.96240 0.835284
1650.06921 0.840169
1650.17590 0.844892
1650.28271 0.849456
1650.38940 0.853875
1650.49622 0.858159
1650.60291 0.862321
1650.70972 0.866373
1650.81641 0.870327
1650.92322 0.874195
1651.02991 0.877989
1651.13672 0.881722
1651.24341 0.885395
1651.35022 0.889006
1651.45691 0.892552
1651.56372 0.896028
1651.67041 0.899431
1651.77722 0.902759
1651.88391 0.906006
1651.99072 0.909171
1652.09753 0.912248
1652.20422 0.915235
1652.31104 0.918127
1652.41772 0.920917
1652.52454 0.923602
1652.63123 0.926175
1652.73804 0.928633
1652.84473 0.930969
1652.95154 0.933179
1653.05823 0.935257
1653.16504 0.937201
1653.27173 0.939021
1653.37854 0.940732
1653.48523 0.94235
1653.59204 0.943891
1653.69873 0.945369
1653.80554 0.946802
1653.91223 0.948204
1654.01904 0.949591
1654.12573 0.950978
1654.23254 0.952374
1654.33923 0.953779
1654.44604 0.955196
1654.55273 0.956624
1654.65955 0.958065
1654.76636 0.95952
1654.87305 0.96099
1654.97986 0.962475
1655.08655 0.963977
1655.19336 0.965495
1655.30005 0.96702
1655.40686 0.968546
1655.51355 0.970063
1655.62036 0.971563
1655.72705 0.973038
1655.83386 0.97448
1655.94055 0.97588
1656.04736 0.977231
1656.15405 0.978524
1656.26086 0.979758
1656.36755 0.980938
1656.47437 0.982066
1656.58105 0.983145
1656.68787 0.984178
1656.79456 0.985168
1656.90137 0.986119
1657.00806 0.987032
1657.11487 0.987912
1657.22156 0.98876
1657.32837 0.989578
1657.43518 0.990364
1657.54187 0.991121
1657.64868 0.991848
1657.75537 0.992546
1657.86218 0.993216
1657.96887 0.993858
1658.07568 0.994472
1658.18237 0.99506
1658.28918 0.995619
1658.39587 0.996148
1658.50269 0.996646
1658.60938 0.997111
1658.71619 0.997542
1658.82288 0.997937
1658.92969 0.998294
1659.03638 0.998612
1659.14319 0.998891
1659.24988 0.99913
1659.35669 0.999333
1659.46338 0.999502
1659.57019 0.999641
1659.67688 0.999753
1659.78369 0.99984
1659.89050 0.999906
1659.99719 0.999952
1660.10400 0.999983
1660.21069 0.999999
1660.31750 1.0
1660.42419 0.999984
1660.53101 0.99995
1660.63770 0.999896
1660.74451 0.999821
1660.85120 0.999724
1660.95801 0.999603
1661.06470 0.999457
1661.17151 0.999286
1661.27820 0.999089
1661.38501 0.998867
1661.49170 0.998621
1661.59851 0.998353
1661.70520 0.998064
1661.81201 0.997753
1661.91870 0.997423
1662.02551 0.997074
1662.13220 0.996706
1662.23901 0.99632
1662.34570 0.99591
1662.45251 0.995475
1662.55933 0.995009
1662.66602 0.994511
1662.77283 0.993976
1662.87952 0.9934
1662.98633 0.992781
1663.09302 0.992115
1663.19983 0.9914
1663.30652 0.990638
1663.41333 0.989833
1663.52002 0.988987
1663.62683 0.988103
1663.73352 0.987183
1663.84033 0.986232
1663.94702 0.985251
1664.05383 0.984244
1664.16052 0.983212
1664.26733 0.982157
1664.37402 0.981077
1664.48083 0.979971
1664.58752 0.978838
1664.69434 0.977676
1664.80103 0.976486
1664.90784 0.975265
1665.01453 0.974014
1665.12134 0.97273
1665.22815 0.971411
1665.33484 0.970053
1665.44165 0.968649
1665.54834 0.967197
1665.65515 0.965689
1665.76184 0.964122
1665.86865 0.962491
1665.97534 0.960791
1666.08215 0.959016
1666.18884 0.957166
1666.29565 0.955248
1666.40234 0.953274
1666.50916 0.951252
1666.61584 0.949194
1666.72266 0.947111
1666.82935 0.945012
1666.93616 0.942908
1667.04285 0.940809
1667.14966 0.938725
1667.25635 0.936656
1667.36316 0.934596
1667.46985 0.932538
1667.57666 0.930477
1667.68335 0.928407
1667.79016 0.926323
1667.89697 0.924218
1668.00366 0.922087
1668.11047 0.919922
1668.21716 0.917711
1668.32397 0.915425
1668.43066 0.913035
1668.53748 0.910513
1668.64417 0.907829
1668.75098 0.904954
1668.85767 0.901861
1668.96448 0.898519
1669.07117 0.894901
1669.17798 0.890986
1669.28467 0.886796
1669.39148 0.882361
1669.49817 0.877714
1669.60498 0.872886
1669.71167 0.867908
1669.81848 0.862812
1669.92517 0.857629
1670.03198 0.852391
1670.13867 0.847128
1670.24548 0.841855
1670.35229 0.836573
1670.45898 0.831285
1670.56580 0.825992
1670.67249 0.820696
1670.77930 0.815398
1670.88599 0.810101
1670.99280 0.804807
1671.09949 0.799517
1671.20630 0.79423
1671.31299 0.788942
1671.41980 0.783646
1671.52649 0.778337
1671.63330 0.773009
1671.73999 0.767655
1671.84680 0.762272
1671.95349 0.756851
1672.06030 0.751388
1672.16699 0.74588
1672.27380 0.740341
1672.38049 0.734789
1672.48730 0.729244
1672.59399 0.723726
1672.70081 0.718255
1672.80750 0.71285
1672.91431 0.707531
1673.02112 0.702317
1673.12781 0.697227
1673.23462 0.692263
1673.34131 0.68741
1673.44812 0.682653
1673.55481 0.677977
1673.66162 0.673365
1673.76831 0.668804
1673.87512 0.664277
1673.98181 0.659768
1674.08862 0.655263
1674.19531 0.650747
1674.30212 0.646207
1674.40881 0.641628
1674.51562 0.636998
1674.62231 0.632304
1674.72913 0.627533
1674.83582 0.622671
1674.94263 0.617705
1675.04932 0.612623
1675.15613 0.607413
1675.26282 0.602096
1675.36963 0.596701
1675.47632 0.591262
1675.58313 0.585811
1675.68994 0.580378
1675.79663 0.574997
1675.90344 0.569698
1676.01013 0.564514
1676.11694 0.559477
1676.22363 0.55459
1676.33044 0.549826
1676.43713 0.545154
1676.54395 0.540542
1676.65063 0.53596
1676.75745 0.531378
1676.86414 0.526764
1676.97095 0.522087
1677.07764 0.517317
1677.18445 0.512434
1677.29114 0.507456
1677.39795 0.50241
1677.50464 0.497322
1677.61145 0.49222
1677.71814 0.487131
1677.82495 0.482082
1677.93164 0.477099
1678.03845 0.472209
1678.14526 0.467438
1678.25195 0.462786
1678.35876 0.458241
1678.46545 0.45379
1678.57227 0.449418
1678.67896 0.445114
1678.78577 0.440863
1678.89246 0.436652
1678.99927 0.432468
1679.10596 0.428297
1679.21277 0.424127
1679.31946 0.419948
1679.42627 0.415746
1679.53296 0.411513
1679.63977 0.407236
1679.74646 0.402905
1679.85327 0.398509
1679.95996 0.394036
1680.06677 0.389476
1680.17346 0.384822
1680.28027 0.380087
1680.38696 0.375292
1680.49377 0.370455
1680.60046 0.365598
1680.70728 0.36074
1680.81409 0.355901
1680.92078 0.351101
1681.02759 0.346359
1681.13428 0.341694
1681.24109 0.337109
1681.34778 0.332594
1681.45459 0.328137
1681.56128 0.323726
1681.66809 0.31935
1681.77478 0.314998
1681.88159 0.310658
1681.98828 0.30632
1682.09509 0.301971
1682.20178 0.297602
1682.30859 0.293205
1682.41528 0.28877
1682.52209 0.284292
1682.62878 0.279761
1682.73560 0.275169
1682.84229 0.27051
1682.94910 0.265775
1683.05579 0.260957
1683.16260 0.256049
1683.26929 0.251071
1683.37610 0.246048
1683.48291 0.241008
1683.58960 0.235975
1683.69641 0.230977
1683.80310 0.22604
1683.90991 0.22119
1684.01660 0.216455
1684.12341 0.211859
1684.23010 0.207412
1684.33691 0.203104
1684.44360 0.198926
1684.55042 0.194868
1684.65710 0.190919
1684.76392 0.187069
1684.87061 0.183308
1684.97742 0.179625
1685.08411 0.176011
1685.19092 0.172456
1685.29761 0.16895
1685.40442 0.165487
1685.51111 0.162059
1685.61792 0.158658
1685.72461 0.155276
1685.83142 0.151907
1685.93823 0.148543
1686.04492 0.145176
1686.15173 0.141802
1686.25842 0.138429
1686.36523 0.135073
1686.47192 0.131749
1686.57874 0.128473
1686.68542 0.125262
1686.79224 0.122128
1686.89893 0.119089
1687.00574 0.116157
1687.11243 0.113349
1687.21924 0.110668
1687.32593 0.108103
1687.43274 0.105646
1687.53943 0.103284
1687.64624 0.101006
1687.75293 0.098804
1687.85974 0.096666
1687.96643 0.094581
1688.07324 0.092541
1688.17993 0.090535
1688.28674 0.08856
1688.39343 0.086614
1688.50024 0.084694
1688.60706 0.082799
1688.71375 0.080925
1688.82056 0.079071
1688.92725 0.077233
1689.03406 0.07541
1689.14075 0.0736
1689.24756 0.071806
1689.35425 0.070035
1689.46106 0.068295
1689.56775 0.066594
1689.67456 0.06494
1689.78125 0.06334
1689.88806 0.061801
1689.99475 0.060332
1690.10156 0.05894
1690.20825 0.057627
1690.31506 0.056386
1690.42175 0.055209
1690.52856 0.054088
1690.63525 0.053013
1690.74207 0.051976
1690.84875 0.05097
1690.95557 0.049985
1691.06226 0.049014
1691.16907 0.048049
1691.27588 0.047093
1691.38257 0.046148
1691.48938 0.045221
1691.59607 0.044316
1691.70288 0.043437
1691.80957 0.042588
1691.91638 0.041774
1692.02307 0.041001
1692.12988 0.040271
1692.23657 0.039585
1692.34338 0.03894
1692.45007 0.03833
1692.55688 0.037754
1692.66357 0.037206
1692.77039 0.036682
1692.87708 0.036179
1692.98389 0.035693
1693.09058 0.035219
1693.19739 0.034755
1693.30408 0.034299
1693.41089 0.03385
1693.51758 0.033406
1693.62439 0.032966
1693.73108 0.032528
1693.83789 0.032092
1693.94470 0.031656
1694.05139 0.031219
1694.15820 0.030779
1694.26489 0.030337
1694.37170 0.029896
1694.47839 0.029456
1694.58521 0.029021
1694.69189 0.02859
1694.79871 0.028167
1694.90540 0.027753
1695.01221 0.027349
1695.11890 0.026958
1695.22571 0.026579
1695.33240 0.026212
1695.43921 0.025856
1695.54590 0.02551
1695.65271 0.025173
1695.75940 0.024842
1695.86621 0.024519
1695.97290 0.024201
1696.07971 0.023887
1696.18640 0.023576
1696.29321 0.023269
1696.40002 0.022963
1696.50671 0.022659
1696.61353 0.022357
1696.72021 0.022055
1696.82703 0.021753
1696.93372 0.021451
1697.04053 0.021147
1697.14722 0.020843
1697.25403 0.020537
1697.36072 0.020232
1697.46753 0.019929
1697.57422 0.019629
1697.68103 0.019334
1697.78772 0.019044
1697.89453 0.018761
1698.00122 0.018487
1698.10803 0.018222
1698.21472 0.017967
1698.32153 0.017721
1698.42822 0.017484
1698.53503 0.017255
1698.64172 0.017033
1698.74854 0.016817
1698.85522 0.016606
1698.96204 0.0164
1699.06885 0.016198
1699.17554 0.015999
1699.28235 0.015802
1699.38904 0.015609
1699.49585 0.015417
1699.60254 0.015227
1699.70935 0.015039
1699.81604 0.014852
1699.92285 0.014666
1700.02954 0.01448
1700.13635 0.014296
1700.24304 0.014112
1700.34985 0.01393
1700.45654 0.01375
1700.56335 0.013573
1700.67004 0.013401
1700.77686 0.013234
1700.88354 0.013073
1700.99036 0.012918
1701.09705 0.01277
1701.20386 0.012631
1701.31055 0.012498
1701.41736 0.012372
1701.52405 0.012251
1701.63086 0.012135
1701.73767 0.012022
1701.84436 0.011912
1701.95117 0.011805
1702.05786 0.011698
1702.16467 0.011592
1702.27136 0.011487
1702.37817 0.011383
1702.48486 0.01128
1702.59167 0.01118
1702.69836 0.011082
1702.80518 0.010988
1702.91187 0.010898
1703.01868 0.010812
1703.12537 0.010731
1703.23218 0.010655
1703.33887 0.010583
1703.44568 0.010516
1703.55237 0.010452
1703.65918 0.010391
1703.76587 0.010334
1703.87268 0.010279
1703.97937 0.010226
1704.08618 0.010175
1704.19299 0.010125
1704.29968 0.010077
1704.40649 0.01003
1704.51318 0.009984
1704.62000 0.009939
1704.72668 0.009896
1704.83350 0.009853
1704.94019 0.009812
1705.04700 0.009771
1705.15369 0.009731
1705.26050 0.009692
1705.36719 0.009654
1705.47400 0.009617
1705.58069 0.009581
1705.68750 0.009547
1705.79419 0.009513
1705.90100 0.009481
1706.00769 0.009449
1706.11450 0.00942
1706.22119 0.009391
1706.32800 0.009364
1706.43469 0.009337
1706.54150 0.009312
1706.64819 0.009287
1706.75500 0.009263
1706.86182 0.009239
1706.96851 0.009216
1707.07532 0.009193
1707.18201 0.00917
1707.28882 0.009147
1707.39551 0.009124
1707.50232 0.0091
1707.60901 0.009076
1707.71582 0.009051
1707.82251 0.009025
1707.92932 0.008999
1708.03601 0.008971
1708.14282 0.008943
1708.24951 0.008913
1708.35632 0.008882
1708.46301 0.00885
1708.56982 0.008817
1708.67651 0.008784
1708.78333 0.00875
1708.89001 0.008715
1708.99683 0.00868
1709.10352 0.008645
1709.21033 0.00861
1709.31702 0.008574
1709.42383 0.008538
1709.53064 0.008502
1709.63733 0.008465
1709.74414 0.008428
1709.85083 0.008391
1709.95764 0.008354
1710.06433 0.008316
1710.17114 0.008277
1710.27783 0.008238
1710.38464 0.008198
1710.49133 0.008158
1710.59814 0.008117
1710.70483 0.008074
1710.81165 0.008031
1710.91833 0.007986
1711.02515 0.00794
1711.13184 0.007892
1711.23865 0.007843
1711.34534 0.007793
1711.45215 0.007742
1711.55884 0.00769
1711.66565 0.007638
1711.77234 0.007585
1711.87915 0.007532
1711.98596 0.007479
1712.09265 0.007427
1712.19946 0.007375
1712.30615 0.007324
1712.41296 0.007273
1712.51965 0.007223
1712.62646 0.007173
1712.73315 0.007123
1712.83997 0.007074
1712.94666 0.007025
1713.05347 0.006977
1713.16016 0.006929
1713.26697 0.006881
1713.37366 0.006832
1713.48047 0.006783
1713.58716 0.006733
1713.69397 0.006681
1713.80066 0.006627
1713.90747 0.006571
1714.01416 0.006513
1714.12097 0.006451
1714.22766 0.006387
1714.33447 0.006322
1714.44116 0.006256
1714.54797 0.006191
1714.65479 0.006129
1714.76147 0.006069
1714.86829 0.006015
1714.97498 0.005966
1715.08179 0.005923
1715.18848 0.005889
1715.29529 0.005862
1715.40198 0.005841
1715.50879 0.005826
1715.61548 0.005815
1715.72229 0.005807
1715.82898 0.005803
1715.93579 0.0058
1716.04248 0.005799
1716.14929 0.005798
1716.25598 0.005796
1887.88159 0.0
