threeML/data/optical_filters/TD1/SPEC-F1900.ecsv
# %ECSV 0.9
# ---
# datatype:
# - {name: wavelength, unit: Angstrom, datatype: float32}
# - {name: response, datatype: float32}
# meta: !!omap
# - {band_name: F1900}
# - {group_name: SPEC}
wavelength response
1662.24683 0.0
1846.94092 0.010058
1847.04773 0.010124
1847.15442 0.01019
1847.26123 0.010256
1847.36792 0.010321
1847.47473 0.010387
1847.58142 0.010453
1847.68823 0.01052
1847.79504 0.010587
1847.90173 0.010655
1848.00854 0.010725
1848.11523 0.010795
1848.22205 0.010868
1848.32874 0.010941
1848.43555 0.011015
1848.54224 0.011089
1848.64905 0.011163
1848.75574 0.011236
1848.86255 0.011308
1848.96924 0.011378
1849.07605 0.011447
1849.18274 0.011514
1849.28955 0.011578
1849.39624 0.011642
1849.50305 0.011704
1849.60974 0.011765
1849.71655 0.011827
1849.82324 0.011888
1849.93005 0.01195
1850.03674 0.012013
1850.14355 0.012078
1850.25024 0.012143
1850.35706 0.01221
1850.46387 0.012277
1850.57056 0.012345
1850.67737 0.012412
1850.78406 0.012478
1850.89087 0.012543
1850.99756 0.012607
1851.10437 0.012669
1851.21106 0.012729
1851.31787 0.012787
1851.42456 0.012843
1851.53137 0.012899
1851.63806 0.012953
1851.74487 0.013007
1851.85156 0.01306
1851.95837 0.013114
1852.06506 0.013168
1852.17188 0.013222
1852.27856 0.013278
1852.38538 0.013334
1852.49207 0.013391
1852.59888 0.013448
1852.70557 0.013507
1852.81238 0.013566
1852.91907 0.013626
1853.02588 0.013687
1853.13269 0.013749
1853.23938 0.013812
1853.34619 0.013875
1853.45288 0.013939
1853.55969 0.014004
1853.66638 0.014069
1853.77319 0.014134
1853.87988 0.014199
1853.98669 0.014265
1854.09338 0.01433
1854.20020 0.014395
1854.30688 0.014461
1854.41370 0.014526
1854.52039 0.014592
1854.62720 0.014658
1854.73389 0.014724
1854.84070 0.014791
1854.94739 0.014859
1855.05420 0.014927
1855.16089 0.014997
1855.26770 0.015067
1855.37439 0.015139
1855.48120 0.015213
1855.58789 0.01529
1855.69470 0.015368
1855.80151 0.01545
1855.90820 0.015535
1856.01501 0.015624
1856.12170 0.015716
1856.22852 0.015813
1856.33521 0.015913
1856.44202 0.016016
1856.54871 0.016121
1856.65552 0.016229
1856.76221 0.016339
1856.86902 0.01645
1856.97571 0.016562
1857.08252 0.016675
1857.18921 0.016787
1857.29602 0.0169
1857.40271 0.017013
1857.50952 0.017127
1857.61621 0.017242
1857.72302 0.017357
1857.82971 0.017474
1857.93652 0.017592
1858.04321 0.017711
1858.15002 0.017831
1858.25684 0.017954
1858.36353 0.018079
1858.47034 0.018206
1858.57703 0.018337
1858.68384 0.018472
1858.79053 0.01861
1858.89734 0.018754
1859.00403 0.018902
1859.11084 0.019056
1859.21753 0.019215
1859.32434 0.019379
1859.43103 0.019548
1859.53784 0.019719
1859.64453 0.019894
1859.75134 0.02007
1859.85803 0.020247
1859.96484 0.020425
1860.07153 0.020602
1860.17834 0.020778
1860.28503 0.020953
1860.39185 0.021128
1860.49854 0.021302
1860.60535 0.021477
1860.71204 0.021651
1860.81885 0.021825
1860.92566 0.022
1861.03235 0.022176
1861.13916 0.022353
1861.24585 0.022531
1861.35266 0.022712
1861.45935 0.022897
1861.56616 0.023086
1861.67285 0.023281
1861.77966 0.023482
1861.88635 0.02369
1861.99316 0.023907
1862.09985 0.024133
1862.20667 0.024368
1862.31335 0.024612
1862.42017 0.024862
1862.52686 0.025119
1862.63367 0.02538
1862.74036 0.025644
1862.84717 0.02591
1862.95386 0.026176
1863.06067 0.026441
1863.16736 0.026705
1863.27417 0.026969
1863.38086 0.027234
1863.48767 0.027504
1863.59448 0.02778
1863.70117 0.028064
1863.80798 0.02836
1863.91467 0.028669
1864.02148 0.028993
1864.12817 0.029334
1864.23499 0.029694
1864.34167 0.030069
1864.44849 0.030459
1864.55518 0.030862
1864.66199 0.031275
1864.76868 0.031698
1864.87549 0.032127
1864.98218 0.032562
1865.08899 0.033001
1865.19568 0.033443
1865.30249 0.033887
1865.40918 0.034335
1865.51599 0.034789
1865.62268 0.035247
1865.72949 0.035712
1865.83618 0.036185
1865.94299 0.036665
1866.04980 0.037154
1866.15649 0.037653
1866.26331 0.038164
1866.37000 0.038688
1866.47681 0.039228
1866.58350 0.039786
1866.69031 0.040364
1866.79700 0.040965
1866.90381 0.041589
1867.01050 0.042241
1867.11731 0.042921
1867.22400 0.04363
1867.33081 0.044363
1867.43750 0.045118
1867.54431 0.045891
1867.65100 0.046679
1867.75781 0.047477
1867.86450 0.048283
1867.97131 0.049092
1868.07800 0.049902
1868.18481 0.050709
1868.29150 0.051514
1868.39832 0.052317
1868.50500 0.05312
1868.61182 0.053923
1868.71863 0.054728
1868.82532 0.055536
1868.93213 0.056346
1869.03882 0.057161
1869.14563 0.057982
1869.25232 0.058811
1869.35913 0.059654
1869.46582 0.060515
1869.57263 0.061399
1869.67932 0.062311
1869.78613 0.063256
1869.89282 0.064239
1869.99963 0.065265
1870.10632 0.066337
1870.21313 0.067459
1870.31982 0.068627
1870.42664 0.069839
1870.53333 0.071091
1870.64014 0.07238
1870.74683 0.073702
1870.85364 0.075055
1870.96033 0.076434
1871.06714 0.077838
1871.17383 0.079263
1871.28064 0.080711
1871.38745 0.082183
1871.49414 0.083682
1871.60095 0.085209
1871.70764 0.086767
1871.81445 0.088357
1871.92114 0.089982
1872.02795 0.091644
1872.13464 0.093345
1872.24146 0.09509
1872.34814 0.096889
1872.45496 0.098749
1872.56165 0.10068
1872.66846 0.102689
1872.77515 0.104786
1872.88196 0.106979
1872.98865 0.109276
1873.09546 0.111686
1873.20215 0.114212
1873.30896 0.116843
1873.41565 0.119568
1873.52246 0.122375
1873.62915 0.125251
1873.73596 0.128184
1873.84265 0.131163
1873.94946 0.134175
1874.05627 0.137208
1874.16296 0.140252
1874.26978 0.143307
1874.37646 0.146377
1874.48328 0.149466
1874.58997 0.152578
1874.69678 0.155717
1874.80347 0.158888
1874.91028 0.162096
1875.01697 0.165343
1875.12378 0.168636
1875.23047 0.171981
1875.33728 0.175391
1875.44397 0.17888
1875.55078 0.182459
1875.65747 0.186141
1875.76428 0.18994
1875.87097 0.193868
1875.97778 0.197937
1876.08447 0.202161
1876.19128 0.206543
1876.29797 0.21106
1876.40479 0.215683
1876.51160 0.220384
1876.61829 0.225134
1876.72510 0.229905
1876.83179 0.234669
1876.93860 0.239396
1877.04529 0.244059
1877.15210 0.248632
1877.25879 0.253126
1877.36560 0.257571
1877.47229 0.261994
1877.57910 0.266427
1877.68579 0.270899
1877.79260 0.27544
1877.89929 0.280078
1878.00610 0.284844
1878.11279 0.289767
1878.21960 0.294852
1878.32629 0.300072
1878.43311 0.305395
1878.53979 0.310791
1878.64661 0.316228
1878.75330 0.321676
1878.86011 0.327104
1878.96680 0.332481
1879.07361 0.337776
1879.18042 0.342965
1879.28711 0.348052
1879.39392 0.353049
1879.50061 0.357967
1879.60742 0.362818
1879.71411 0.367613
1879.82092 0.372364
1879.92761 0.377081
1880.03442 0.381778
1880.14111 0.386464
1880.24792 0.391153
1880.35461 0.395856
1880.46143 0.400586
1880.56812 0.405357
1880.67493 0.41018
1880.78162 0.415067
1880.88843 0.420033
1880.99512 0.425088
1881.10193 0.430245
1881.20862 0.435507
1881.31543 0.440851
1881.42212 0.446256
1881.52893 0.451698
1881.63562 0.457155
1881.74243 0.462603
1881.84924 0.468021
1881.95593 0.473384
1882.06274 0.478671
1882.16943 0.483862
1882.27625 0.488961
1882.38293 0.493981
1882.48975 0.498932
1882.59644 0.503827
1882.70325 0.508678
1882.80994 0.513495
1882.91675 0.518292
1883.02344 0.52308
1883.13025 0.527871
1883.23694 0.532674
1883.34375 0.537499
1883.45044 0.542354
1883.55725 0.547248
1883.66394 0.55219
1883.77075 0.557188
1883.87744 0.562251
1883.98425 0.567387
1884.09094 0.572605
1884.19775 0.577906
1884.30457 0.583264
1884.41125 0.588654
1884.51807 0.594048
1884.62476 0.59942
1884.73157 0.604742
1884.83826 0.609987
1884.94507 0.615128
1885.05176 0.620139
1885.15857 0.624995
1885.26526 0.6297
1885.37207 0.634269
1885.47876 0.638719
1885.58557 0.643064
1885.69226 0.647321
1885.79907 0.651504
1885.90576 0.655631
1886.01257 0.659716
1886.11926 0.663775
1886.22607 0.667825
1886.33276 0.671883
1886.43958 0.675968
1886.54626 0.680097
1886.65308 0.684288
1886.75977 0.688559
1886.86658 0.692928
1886.97339 0.697413
1887.08008 0.702031
1887.18689 0.706792
1887.29358 0.711673
1887.40039 0.716646
1887.50708 0.721684
1887.61389 0.726758
1887.72058 0.731839
1887.82739 0.7369
1887.93408 0.741912
1888.04089 0.746846
1888.14758 0.751678
1888.25439 0.756415
1888.36108 0.761082
1888.46790 0.765707
1888.57458 0.770317
1888.68140 0.774937
1888.78809 0.779595
1888.89490 0.784318
1889.00159 0.789133
1889.10840 0.794065
1889.21509 0.79912
1889.32190 0.804268
1889.42859 0.809477
1889.53540 0.814714
1889.64221 0.819945
1889.74890 0.825139
1889.85571 0.830263
1889.96240 0.835284
1890.06921 0.840169
1890.17590 0.844892
1890.28271 0.849456
1890.38940 0.853875
1890.49622 0.858159
1890.60291 0.862321
1890.70972 0.866373
1890.81641 0.870327
1890.92322 0.874195
1891.02991 0.877989
1891.13672 0.881722
1891.24341 0.885395
1891.35022 0.889006
1891.45691 0.892552
1891.56372 0.896028
1891.67041 0.899431
1891.77722 0.902759
1891.88391 0.906006
1891.99072 0.909171
1892.09753 0.912248
1892.20422 0.915235
1892.31104 0.918127
1892.41772 0.920917
1892.52454 0.923602
1892.63123 0.926175
1892.73804 0.928633
1892.84473 0.930969
1892.95154 0.933179
1893.05823 0.935257
1893.16504 0.937201
1893.27173 0.939021
1893.37854 0.940732
1893.48523 0.94235
1893.59204 0.943891
1893.69873 0.945369
1893.80554 0.946802
1893.91223 0.948204
1894.01904 0.949591
1894.12573 0.950978
1894.23254 0.952374
1894.33923 0.953779
1894.44604 0.955196
1894.55273 0.956624
1894.65955 0.958065
1894.76636 0.95952
1894.87305 0.96099
1894.97986 0.962475
1895.08655 0.963977
1895.19336 0.965495
1895.30005 0.96702
1895.40686 0.968546
1895.51355 0.970063
1895.62036 0.971563
1895.72705 0.973038
1895.83386 0.97448
1895.94055 0.97588
1896.04736 0.977231
1896.15405 0.978524
1896.26086 0.979758
1896.36755 0.980938
1896.47437 0.982066
1896.58105 0.983145
1896.68787 0.984178
1896.79456 0.985168
1896.90137 0.986119
1897.00806 0.987032
1897.11487 0.987912
1897.22156 0.98876
1897.32837 0.989578
1897.43518 0.990364
1897.54187 0.991121
1897.64868 0.991848
1897.75537 0.992546
1897.86218 0.993216
1897.96887 0.993858
1898.07568 0.994472
1898.18237 0.99506
1898.28918 0.995619
1898.39587 0.996148
1898.50269 0.996646
1898.60938 0.997111
1898.71619 0.997542
1898.82288 0.997937
1898.92969 0.998294
1899.03638 0.998612
1899.14319 0.998891
1899.24988 0.99913
1899.35669 0.999333
1899.46338 0.999502
1899.57019 0.999641
1899.67688 0.999753
1899.78369 0.99984
1899.89050 0.999906
1899.99719 0.999952
1900.10400 0.999983
1900.21069 0.999999
1900.31750 1.0
1900.42419 0.999984
1900.53101 0.99995
1900.63770 0.999896
1900.74451 0.999821
1900.85120 0.999724
1900.95801 0.999603
1901.06470 0.999457
1901.17151 0.999286
1901.27820 0.999089
1901.38501 0.998867
1901.49170 0.998621
1901.59851 0.998353
1901.70520 0.998064
1901.81201 0.997753
1901.91870 0.997423
1902.02551 0.997074
1902.13220 0.996706
1902.23901 0.99632
1902.34570 0.99591
1902.45251 0.995475
1902.55933 0.995009
1902.66602 0.994511
1902.77283 0.993976
1902.87952 0.9934
1902.98633 0.992781
1903.09302 0.992115
1903.19983 0.9914
1903.30652 0.990638
1903.41333 0.989833
1903.52002 0.988987
1903.62683 0.988103
1903.73352 0.987183
1903.84033 0.986232
1903.94702 0.985251
1904.05383 0.984244
1904.16052 0.983212
1904.26733 0.982157
1904.37402 0.981077
1904.48083 0.979971
1904.58752 0.978838
1904.69434 0.977676
1904.80103 0.976486
1904.90784 0.975265
1905.01453 0.974014
1905.12134 0.97273
1905.22815 0.971411
1905.33484 0.970053
1905.44165 0.968649
1905.54834 0.967197
1905.65515 0.965689
1905.76184 0.964122
1905.86865 0.962491
1905.97534 0.960791
1906.08215 0.959016
1906.18884 0.957166
1906.29565 0.955248
1906.40234 0.953274
1906.50916 0.951252
1906.61584 0.949194
1906.72266 0.947111
1906.82935 0.945012
1906.93616 0.942908
1907.04285 0.940809
1907.14966 0.938725
1907.25635 0.936656
1907.36316 0.934596
1907.46985 0.932538
1907.57666 0.930477
1907.68335 0.928407
1907.79016 0.926323
1907.89697 0.924218
1908.00366 0.922087
1908.11047 0.919922
1908.21716 0.917711
1908.32397 0.915425
1908.43066 0.913035
1908.53748 0.910513
1908.64417 0.907829
1908.75098 0.904954
1908.85767 0.901861
1908.96448 0.898519
1909.07117 0.894901
1909.17798 0.890986
1909.28467 0.886796
1909.39148 0.882361
1909.49817 0.877714
1909.60498 0.872886
1909.71167 0.867908
1909.81848 0.862812
1909.92517 0.857629
1910.03198 0.852391
1910.13867 0.847128
1910.24548 0.841855
1910.35229 0.836573
1910.45898 0.831285
1910.56580 0.825992
1910.67249 0.820696
1910.77930 0.815398
1910.88599 0.810101
1910.99280 0.804807
1911.09949 0.799517
1911.20630 0.79423
1911.31299 0.788942
1911.41980 0.783646
1911.52649 0.778337
1911.63330 0.773009
1911.73999 0.767655
1911.84680 0.762272
1911.95349 0.756851
1912.06030 0.751388
1912.16699 0.74588
1912.27380 0.740341
1912.38049 0.734789
1912.48730 0.729244
1912.59399 0.723726
1912.70081 0.718255
1912.80750 0.71285
1912.91431 0.707531
1913.02112 0.702317
1913.12781 0.697227
1913.23462 0.692263
1913.34131 0.68741
1913.44812 0.682653
1913.55481 0.677977
1913.66162 0.673365
1913.76831 0.668804
1913.87512 0.664277
1913.98181 0.659768
1914.08862 0.655263
1914.19531 0.650747
1914.30212 0.646207
1914.40881 0.641628
1914.51562 0.636998
1914.62231 0.632304
1914.72913 0.627533
1914.83582 0.622671
1914.94263 0.617705
1915.04932 0.612623
1915.15613 0.607413
1915.26282 0.602096
1915.36963 0.596701
1915.47632 0.591262
1915.58313 0.585811
1915.68994 0.580378
1915.79663 0.574997
1915.90344 0.569698
1916.01013 0.564514
1916.11694 0.559477
1916.22363 0.55459
1916.33044 0.549826
1916.43713 0.545154
1916.54395 0.540542
1916.65063 0.53596
1916.75745 0.531378
1916.86414 0.526764
1916.97095 0.522087
1917.07764 0.517317
1917.18445 0.512434
1917.29114 0.507456
1917.39795 0.50241
1917.50464 0.497322
1917.61145 0.49222
1917.71814 0.487131
1917.82495 0.482082
1917.93164 0.477099
1918.03845 0.472209
1918.14526 0.467438
1918.25195 0.462786
1918.35876 0.458241
1918.46545 0.45379
1918.57227 0.449418
1918.67896 0.445114
1918.78577 0.440863
1918.89246 0.436652
1918.99927 0.432468
1919.10596 0.428297
1919.21277 0.424127
1919.31946 0.419948
1919.42627 0.415746
1919.53296 0.411513
1919.63977 0.407236
1919.74646 0.402905
1919.85327 0.398509
1919.95996 0.394036
1920.06677 0.389476
1920.17346 0.384822
1920.28027 0.380087
1920.38696 0.375292
1920.49377 0.370455
1920.60046 0.365598
1920.70728 0.36074
1920.81409 0.355901
1920.92078 0.351101
1921.02759 0.346359
1921.13428 0.341694
1921.24109 0.337109
1921.34778 0.332594
1921.45459 0.328137
1921.56128 0.323726
1921.66809 0.31935
1921.77478 0.314998
1921.88159 0.310658
1921.98828 0.30632
1922.09509 0.301971
1922.20178 0.297602
1922.30859 0.293205
1922.41528 0.28877
1922.52209 0.284292
1922.62878 0.279761
1922.73560 0.275169
1922.84229 0.27051
1922.94910 0.265775
1923.05579 0.260957
1923.16260 0.256049
1923.26929 0.251071
1923.37610 0.246048
1923.48291 0.241008
1923.58960 0.235975
1923.69641 0.230977
1923.80310 0.22604
1923.90991 0.22119
1924.01660 0.216455
1924.12341 0.211859
1924.23010 0.207412
1924.33691 0.203104
1924.44360 0.198926
1924.55042 0.194868
1924.65710 0.190919
1924.76392 0.187069
1924.87061 0.183308
1924.97742 0.179625
1925.08411 0.176011
1925.19092 0.172456
1925.29761 0.16895
1925.40442 0.165487
1925.51111 0.162059
1925.61792 0.158658
1925.72461 0.155276
1925.83142 0.151907
1925.93823 0.148543
1926.04492 0.145176
1926.15173 0.141802
1926.25842 0.138429
1926.36523 0.135073
1926.47192 0.131749
1926.57874 0.128473
1926.68542 0.125262
1926.79224 0.122128
1926.89893 0.119089
1927.00574 0.116157
1927.11243 0.113349
1927.21924 0.110668
1927.32593 0.108103
1927.43274 0.105646
1927.53943 0.103284
1927.64624 0.101006
1927.75293 0.098804
1927.85974 0.096666
1927.96643 0.094581
1928.07324 0.092541
1928.17993 0.090535
1928.28674 0.08856
1928.39343 0.086614
1928.50024 0.084694
1928.60706 0.082799
1928.71375 0.080925
1928.82056 0.079071
1928.92725 0.077233
1929.03406 0.07541
1929.14075 0.0736
1929.24756 0.071806
1929.35425 0.070035
1929.46106 0.068295
1929.56775 0.066594
1929.67456 0.06494
1929.78125 0.06334
1929.88806 0.061801
1929.99475 0.060332
1930.10156 0.05894
1930.20825 0.057627
1930.31506 0.056386
1930.42175 0.055209
1930.52856 0.054088
1930.63525 0.053013
1930.74207 0.051976
1930.84875 0.05097
1930.95557 0.049985
1931.06226 0.049014
1931.16907 0.048049
1931.27588 0.047093
1931.38257 0.046148
1931.48938 0.045221
1931.59607 0.044316
1931.70288 0.043437
1931.80957 0.042588
1931.91638 0.041774
1932.02307 0.041001
1932.12988 0.040271
1932.23657 0.039585
1932.34338 0.03894
1932.45007 0.03833
1932.55688 0.037754
1932.66357 0.037206
1932.77039 0.036682
1932.87708 0.036179
1932.98389 0.035693
1933.09058 0.035219
1933.19739 0.034755
1933.30408 0.034299
1933.41089 0.03385
1933.51758 0.033406
1933.62439 0.032966
1933.73108 0.032528
1933.83789 0.032092
1933.94470 0.031656
1934.05139 0.031219
1934.15820 0.030779
1934.26489 0.030337
1934.37170 0.029896
1934.47839 0.029456
1934.58521 0.029021
1934.69189 0.02859
1934.79871 0.028167
1934.90540 0.027753
1935.01221 0.027349
1935.11890 0.026958
1935.22571 0.026579
1935.33240 0.026212
1935.43921 0.025856
1935.54590 0.02551
1935.65271 0.025173
1935.75940 0.024842
1935.86621 0.024519
1935.97290 0.024201
1936.07971 0.023887
1936.18640 0.023576
1936.29321 0.023269
1936.40002 0.022963
1936.50671 0.022659
1936.61353 0.022357
1936.72021 0.022055
1936.82703 0.021753
1936.93372 0.021451
1937.04053 0.021147
1937.14722 0.020843
1937.25403 0.020537
1937.36072 0.020232
1937.46753 0.019929
1937.57422 0.019629
1937.68103 0.019334
1937.78772 0.019044
1937.89453 0.018761
1938.00122 0.018487
1938.10803 0.018222
1938.21472 0.017967
1938.32153 0.017721
1938.42822 0.017484
1938.53503 0.017255
1938.64172 0.017033
1938.74854 0.016817
1938.85522 0.016606
1938.96204 0.0164
1939.06885 0.016198
1939.17554 0.015999
1939.28235 0.015802
1939.38904 0.015609
1939.49585 0.015417
1939.60254 0.015227
1939.70935 0.015039
1939.81604 0.014852
1939.92285 0.014666
1940.02954 0.01448
1940.13635 0.014296
1940.24304 0.014112
1940.34985 0.01393
1940.45654 0.01375
1940.56335 0.013573
1940.67004 0.013401
1940.77686 0.013234
1940.88354 0.013073
1940.99036 0.012918
1941.09705 0.01277
1941.20386 0.012631
1941.31055 0.012498
1941.41736 0.012372
1941.52405 0.012251
1941.63086 0.012135
1941.73767 0.012022
1941.84436 0.011912
1941.95117 0.011805
1942.05786 0.011698
1942.16467 0.011592
1942.27136 0.011487
1942.37817 0.011383
1942.48486 0.01128
1942.59167 0.01118
1942.69836 0.011082
1942.80518 0.010988
1942.91187 0.010898
1943.01868 0.010812
1943.12537 0.010731
1943.23218 0.010655
1943.33887 0.010583
1943.44568 0.010516
1943.55237 0.010452
1943.65918 0.010391
1943.76587 0.010334
1943.87268 0.010279
1943.97937 0.010226
1944.08618 0.010175
1944.19299 0.010125
1944.29968 0.010077
1944.40649 0.01003
1944.51318 0.009984
1944.62000 0.009939
1944.72668 0.009896
1944.83350 0.009853
1944.94019 0.009812
1945.04700 0.009771
1945.15369 0.009731
1945.26050 0.009692
1945.36719 0.009654
1945.47400 0.009617
1945.58069 0.009581
1945.68750 0.009547
1945.79419 0.009513
1945.90100 0.009481
1946.00769 0.009449
1946.11450 0.00942
1946.22119 0.009391
1946.32800 0.009364
1946.43469 0.009337
1946.54150 0.009312
1946.64819 0.009287
1946.75500 0.009263
1946.86182 0.009239
1946.96851 0.009216
1947.07532 0.009193
1947.18201 0.00917
1947.28882 0.009147
1947.39551 0.009124
1947.50232 0.0091
1947.60901 0.009076
1947.71582 0.009051
1947.82251 0.009025
1947.92932 0.008999
1948.03601 0.008971
1948.14282 0.008943
1948.24951 0.008913
1948.35632 0.008882
1948.46301 0.00885
1948.56982 0.008817
1948.67651 0.008784
1948.78333 0.00875
1948.89001 0.008715
1948.99683 0.00868
1949.10352 0.008645
1949.21033 0.00861
1949.31702 0.008574
1949.42383 0.008538
1949.53064 0.008502
1949.63733 0.008465
1949.74414 0.008428
1949.85083 0.008391
1949.95764 0.008354
1950.06433 0.008316
1950.17114 0.008277
1950.27783 0.008238
1950.38464 0.008198
1950.49133 0.008158
1950.59814 0.008117
1950.70483 0.008074
1950.81165 0.008031
1950.91833 0.007986
1951.02515 0.00794
1951.13184 0.007892
1951.23865 0.007843
1951.34534 0.007793
1951.45215 0.007742
1951.55884 0.00769
1951.66565 0.007638
1951.77234 0.007585
1951.87915 0.007532
1951.98596 0.007479
1952.09265 0.007427
1952.19946 0.007375
1952.30615 0.007324
1952.41296 0.007273
1952.51965 0.007223
1952.62646 0.007173
1952.73315 0.007123
1952.83997 0.007074
1952.94666 0.007025
1953.05347 0.006977
1953.16016 0.006929
1953.26697 0.006881
1953.37366 0.006832
1953.48047 0.006783
1953.58716 0.006733
1953.69397 0.006681
1953.80066 0.006627
1953.90747 0.006571
1954.01416 0.006513
1954.12097 0.006451
1954.22766 0.006387
1954.33447 0.006322
1954.44116 0.006256
1954.54797 0.006191
1954.65479 0.006129
1954.76147 0.006069
1954.86829 0.006015
1954.97498 0.005966
1955.08179 0.005923
1955.18848 0.005889
1955.29529 0.005862
1955.40198 0.005841
1955.50879 0.005826
1955.61548 0.005815
1955.72229 0.005807
1955.82898 0.005803
1955.93579 0.0058
1956.04248 0.005799
1956.14929 0.005798
1956.25598 0.005796
2151.88159 0.0
