threeML/data/optical_filters/TD1/SPEC-F2280.ecsv
# %ECSV 0.9
# ---
# datatype:
# - {name: wavelength, unit: Angstrom, datatype: float32}
# - {name: response, datatype: float32}
# meta: !!omap
# - {band_name: F2280}
# - {group_name: SPEC}
wavelength response
2004.24707 0.0
2226.94116 0.010058
2227.04810 0.010124
2227.15479 0.01019
2227.26147 0.010256
2227.36816 0.010321
2227.47510 0.010387
2227.58179 0.010453
2227.68848 0.01052
2227.79517 0.010587
2227.90210 0.010655
2228.00879 0.010725
2228.11548 0.010795
2228.22241 0.010868
2228.32910 0.010941
2228.43579 0.011015
2228.54248 0.011089
2228.64941 0.011163
2228.75610 0.011236
2228.86279 0.011308
2228.96948 0.011378
2229.07642 0.011447
2229.18311 0.011514
2229.28979 0.011578
2229.39648 0.011642
2229.50342 0.011704
2229.61011 0.011765
2229.71680 0.011827
2229.82349 0.011888
2229.93042 0.01195
2230.03711 0.012013
2230.14380 0.012078
2230.25049 0.012143
2230.35742 0.01221
2230.46411 0.012277
2230.57080 0.012345
2230.67773 0.012412
2230.78442 0.012478
2230.89111 0.012543
2230.99780 0.012607
2231.10474 0.012669
2231.21143 0.012729
2231.31812 0.012787
2231.42480 0.012843
2231.53174 0.012899
2231.63843 0.012953
2231.74512 0.013007
2231.85181 0.01306
2231.95874 0.013114
2232.06543 0.013168
2232.17212 0.013222
2232.27881 0.013278
2232.38574 0.013334
2232.49243 0.013391
2232.59912 0.013448
2232.70581 0.013507
2232.81274 0.013566
2232.91943 0.013626
2233.02612 0.013687
2233.13281 0.013749
2233.23975 0.013812
2233.34644 0.013875
2233.45312 0.013939
2233.56006 0.014004
2233.66675 0.014069
2233.77344 0.014134
2233.88013 0.014199
2233.98706 0.014265
2234.09375 0.01433
2234.20044 0.014395
2234.30713 0.014461
2234.41406 0.014526
2234.52075 0.014592
2234.62744 0.014658
2234.73413 0.014724
2234.84106 0.014791
2234.94775 0.014859
2235.05444 0.014927
2235.16113 0.014997
2235.26807 0.015067
2235.37476 0.015139
2235.48145 0.015213
2235.58813 0.01529
2235.69507 0.015368
2235.80176 0.01545
2235.90845 0.015535
2236.01538 0.015624
2236.12207 0.015716
2236.22876 0.015813
2236.33545 0.015913
2236.44238 0.016016
2236.54907 0.016121
2236.65576 0.016229
2236.76245 0.016339
2236.86938 0.01645
2236.97607 0.016562
2237.08276 0.016675
2237.18945 0.016787
2237.29639 0.0169
2237.40308 0.017013
2237.50977 0.017127
2237.61646 0.017242
2237.72339 0.017357
2237.83008 0.017474
2237.93677 0.017592
2238.04346 0.017711
2238.15039 0.017831
2238.25708 0.017954
2238.36377 0.018079
2238.47046 0.018206
2238.57739 0.018337
2238.68408 0.018472
2238.79077 0.01861
2238.89771 0.018754
2239.00439 0.018902
2239.11108 0.019056
2239.21777 0.019215
2239.32471 0.019379
2239.43140 0.019548
2239.53809 0.019719
2239.64478 0.019894
2239.75171 0.02007
2239.85840 0.020247
2239.96509 0.020425
2240.07178 0.020602
2240.17871 0.020778
2240.28540 0.020953
2240.39209 0.021128
2240.49878 0.021302
2240.60571 0.021477
2240.71240 0.021651
2240.81909 0.021825
2240.92578 0.022
2241.03271 0.022176
2241.13940 0.022353
2241.24609 0.022531
2241.35303 0.022712
2241.45972 0.022897
2241.56641 0.023086
2241.67310 0.023281
2241.78003 0.023482
2241.88672 0.02369
2241.99341 0.023907
2242.10010 0.024133
2242.20703 0.024368
2242.31372 0.024612
2242.42041 0.024862
2242.52710 0.025119
2242.63403 0.02538
2242.74072 0.025644
2242.84741 0.02591
2242.95410 0.026176
2243.06104 0.026441
2243.16772 0.026705
2243.27441 0.026969
2243.38110 0.027234
2243.48804 0.027504
2243.59473 0.02778
2243.70142 0.028064
2243.80835 0.02836
2243.91504 0.028669
2244.02173 0.028993
2244.12842 0.029334
2244.23535 0.029694
2244.34204 0.030069
2244.44873 0.030459
2244.55542 0.030862
2244.66235 0.031275
2244.76904 0.031698
2244.87573 0.032127
2244.98242 0.032562
2245.08936 0.033001
2245.19604 0.033443
2245.30273 0.033887
2245.40942 0.034335
2245.51636 0.034789
2245.62305 0.035247
2245.72974 0.035712
2245.83643 0.036185
2245.94336 0.036665
2246.05005 0.037154
2246.15674 0.037653
2246.26343 0.038164
2246.37036 0.038688
2246.47705 0.039228
2246.58374 0.039786
2246.69067 0.040364
2246.79736 0.040965
2246.90405 0.041589
2247.01074 0.042241
2247.11768 0.042921
2247.22437 0.04363
2247.33105 0.044363
2247.43774 0.045118
2247.54468 0.045891
2247.65137 0.046679
2247.75806 0.047477
2247.86475 0.048283
2247.97168 0.049092
2248.07837 0.049902
2248.18506 0.050709
2248.29175 0.051514
2248.39868 0.052317
2248.50537 0.05312
2248.61206 0.053923
2248.71875 0.054728
2248.82568 0.055536
2248.93237 0.056346
2249.03906 0.057161
2249.14600 0.057982
2249.25269 0.058811
2249.35938 0.059654
2249.46606 0.060515
2249.57300 0.061399
2249.67969 0.062311
2249.78638 0.063256
2249.89307 0.064239
2250.00000 0.065265
2250.10669 0.066337
2250.21338 0.067459
2250.32007 0.068627
2250.42700 0.069839
2250.53369 0.071091
2250.64038 0.07238
2250.74707 0.073702
2250.85400 0.075055
2250.96069 0.076434
2251.06738 0.077838
2251.17407 0.079263
2251.28101 0.080711
2251.38770 0.082183
2251.49438 0.083682
2251.60132 0.085209
2251.70801 0.086767
2251.81470 0.088357
2251.92139 0.089982
2252.02832 0.091644
2252.13501 0.093345
2252.24170 0.09509
2252.34839 0.096889
2252.45532 0.098749
2252.56201 0.10068
2252.66870 0.102689
2252.77539 0.104786
2252.88232 0.106979
2252.98901 0.109276
2253.09570 0.111686
2253.20239 0.114212
2253.30933 0.116843
2253.41602 0.119568
2253.52271 0.122375
2253.62939 0.125251
2253.73633 0.128184
2253.84302 0.131163
2253.94971 0.134175
2254.05640 0.137208
2254.16333 0.140252
2254.27002 0.143307
2254.37671 0.146377
2254.48364 0.149466
2254.59033 0.152578
2254.69702 0.155717
2254.80371 0.158888
2254.91064 0.162096
2255.01733 0.165343
2255.12402 0.168636
2255.23071 0.171981
2255.33765 0.175391
2255.44434 0.17888
2255.55103 0.182459
2255.65771 0.186141
2255.76465 0.18994
2255.87134 0.193868
2255.97803 0.197937
2256.08472 0.202161
2256.19165 0.206543
2256.29834 0.21106
2256.40503 0.215683
2256.51172 0.220384
2256.61865 0.225134
2256.72534 0.229905
2256.83203 0.234669
2256.93896 0.239396
2257.04565 0.244059
2257.15234 0.248632
2257.25903 0.253126
2257.36597 0.257571
2257.47266 0.261994
2257.57935 0.266427
2257.68604 0.270899
2257.79297 0.27544
2257.89966 0.280078
2258.00635 0.284844
2258.11304 0.289767
2258.21997 0.294852
2258.32666 0.300072
2258.43335 0.305395
2258.54004 0.310791
2258.64697 0.316228
2258.75366 0.321676
2258.86035 0.327104
2258.96704 0.332481
2259.07397 0.337776
2259.18066 0.342965
2259.28735 0.348052
2259.39429 0.353049
2259.50098 0.357967
2259.60767 0.362818
2259.71436 0.367613
2259.82129 0.372364
2259.92798 0.377081
2260.03467 0.381778
2260.14136 0.386464
2260.24829 0.391153
2260.35498 0.395856
2260.46167 0.400586
2260.56836 0.405357
2260.67529 0.41018
2260.78198 0.415067
2260.88867 0.420033
2260.99536 0.425088
2261.10229 0.430245
2261.20898 0.435507
2261.31567 0.440851
2261.42236 0.446256
2261.52930 0.451698
2261.63599 0.457155
2261.74268 0.462603
2261.84937 0.468021
2261.95630 0.473384
2262.06299 0.478671
2262.16968 0.483862
2262.27661 0.488961
2262.38330 0.493981
2262.48999 0.498932
2262.59668 0.503827
2262.70361 0.508678
2262.81030 0.513495
2262.91699 0.518292
2263.02368 0.52308
2263.13062 0.527871
2263.23730 0.532674
2263.34399 0.537499
2263.45068 0.542354
2263.55762 0.547248
2263.66431 0.55219
2263.77100 0.557188
2263.87769 0.562251
2263.98462 0.567387
2264.09131 0.572605
2264.19800 0.577906
2264.30469 0.583264
2264.41162 0.588654
2264.51831 0.594048
2264.62500 0.59942
2264.73193 0.604742
2264.83862 0.609987
2264.94531 0.615128
2265.05200 0.620139
2265.15894 0.624995
2265.26562 0.6297
2265.37231 0.634269
2265.47900 0.638719
2265.58594 0.643064
2265.69263 0.647321
2265.79932 0.651504
2265.90601 0.655631
2266.01294 0.659716
2266.11963 0.663775
2266.22632 0.667825
2266.33301 0.671883
2266.43994 0.675968
2266.54663 0.680097
2266.65332 0.684288
2266.76001 0.688559
2266.86694 0.692928
2266.97363 0.697413
2267.08032 0.702031
2267.18726 0.706792
2267.29395 0.711673
2267.40063 0.716646
2267.50732 0.721684
2267.61426 0.726758
2267.72095 0.731839
2267.82764 0.7369
2267.93433 0.741912
2268.04126 0.746846
2268.14795 0.751678
2268.25464 0.756415
2268.36133 0.761082
2268.46826 0.765707
2268.57495 0.770317
2268.68164 0.774937
2268.78833 0.779595
2268.89526 0.784318
2269.00195 0.789133
2269.10864 0.794065
2269.21533 0.79912
2269.32227 0.804268
2269.42896 0.809477
2269.53564 0.814714
2269.64233 0.819945
2269.74927 0.825139
2269.85596 0.830263
2269.96265 0.835284
2270.06958 0.840169
2270.17627 0.844892
2270.28296 0.849456
2270.38965 0.853875
2270.49658 0.858159
2270.60327 0.862321
2270.70996 0.866373
2270.81665 0.870327
2270.92358 0.874195
2271.03027 0.877989
2271.13696 0.881722
2271.24365 0.885395
2271.35059 0.889006
2271.45728 0.892552
2271.56396 0.896028
2271.67065 0.899431
2271.77759 0.902759
2271.88428 0.906006
2271.99097 0.909171
2272.09766 0.912248
2272.20459 0.915235
2272.31128 0.918127
2272.41797 0.920917
2272.52490 0.923602
2272.63159 0.926175
2272.73828 0.928633
2272.84497 0.930969
2272.95190 0.933179
2273.05859 0.935257
2273.16528 0.937201
2273.27197 0.939021
2273.37891 0.940732
2273.48560 0.94235
2273.59229 0.943891
2273.69897 0.945369
2273.80591 0.946802
2273.91260 0.948204
2274.01929 0.949591
2274.12598 0.950978
2274.23291 0.952374
2274.33960 0.953779
2274.44629 0.955196
2274.55298 0.956624
2274.65991 0.958065
2274.76660 0.95952
2274.87329 0.96099
2274.98022 0.962475
2275.08691 0.963977
2275.19360 0.965495
2275.30029 0.96702
2275.40723 0.968546
2275.51392 0.970063
2275.62061 0.971563
2275.72729 0.973038
2275.83423 0.97448
2275.94092 0.97588
2276.04761 0.977231
2276.15430 0.978524
2276.26123 0.979758
2276.36792 0.980938
2276.47461 0.982066
2276.58130 0.983145
2276.68823 0.984178
2276.79492 0.985168
2276.90161 0.986119
2277.00830 0.987032
2277.11523 0.987912
2277.22192 0.98876
2277.32861 0.989578
2277.43530 0.990364
2277.54224 0.991121
2277.64893 0.991848
2277.75562 0.992546
2277.86255 0.993216
2277.96924 0.993858
2278.07593 0.994472
2278.18262 0.99506
2278.28955 0.995619
2278.39624 0.996148
2278.50293 0.996646
2278.60962 0.997111
2278.71655 0.997542
2278.82324 0.997937
2278.92993 0.998294
2279.03662 0.998612
2279.14355 0.998891
2279.25024 0.99913
2279.35693 0.999333
2279.46362 0.999502
2279.57056 0.999641
2279.67725 0.999753
2279.78394 0.99984
2279.89062 0.999906
2279.99756 0.999952
2280.10425 0.999983
2280.21094 0.999999
2280.31787 1.0
2280.42456 0.999984
2280.53125 0.99995
2280.63794 0.999896
2280.74487 0.999821
2280.85156 0.999724
2280.95825 0.999603
2281.06494 0.999457
2281.17188 0.999286
2281.27856 0.999089
2281.38525 0.998867
2281.49194 0.998621
2281.59888 0.998353
2281.70557 0.998064
2281.81226 0.997753
2281.91895 0.997423
2282.02588 0.997074
2282.13257 0.996706
2282.23926 0.99632
2282.34595 0.99591
2282.45288 0.995475
2282.55957 0.995009
2282.66626 0.994511
2282.77319 0.993976
2282.87988 0.9934
2282.98657 0.992781
2283.09326 0.992115
2283.20020 0.9914
2283.30688 0.990638
2283.41357 0.989833
2283.52026 0.988987
2283.62720 0.988103
2283.73389 0.987183
2283.84058 0.986232
2283.94727 0.985251
2284.05420 0.984244
2284.16089 0.983212
2284.26758 0.982157
2284.37427 0.981077
2284.48120 0.979971
2284.58789 0.978838
2284.69458 0.977676
2284.80127 0.976486
2284.90820 0.975265
2285.01489 0.974014
2285.12158 0.97273
2285.22827 0.971411
2285.33521 0.970053
2285.44189 0.968649
2285.54858 0.967197
2285.65552 0.965689
2285.76221 0.964122
2285.86890 0.962491
2285.97559 0.960791
2286.08252 0.959016
2286.18921 0.957166
2286.29590 0.955248
2286.40259 0.953274
2286.50952 0.951252
2286.61621 0.949194
2286.72290 0.947111
2286.82959 0.945012
2286.93652 0.942908
2287.04321 0.940809
2287.14990 0.938725
2287.25659 0.936656
2287.36353 0.934596
2287.47021 0.932538
2287.57690 0.930477
2287.68359 0.928407
2287.79053 0.926323
2287.89722 0.924218
2288.00391 0.922087
2288.11084 0.919922
2288.21753 0.917711
2288.32422 0.915425
2288.43091 0.913035
2288.53784 0.910513
2288.64453 0.907829
2288.75122 0.904954
2288.85791 0.901861
2288.96484 0.898519
2289.07153 0.894901
2289.17822 0.890986
2289.28491 0.886796
2289.39185 0.882361
2289.49854 0.877714
2289.60522 0.872886
2289.71191 0.867908
2289.81885 0.862812
2289.92554 0.857629
2290.03223 0.852391
2290.13892 0.847128
2290.24585 0.841855
2290.35254 0.836573
2290.45923 0.831285
2290.56592 0.825992
2290.67285 0.820696
2290.77954 0.815398
2290.88623 0.810101
2290.99316 0.804807
2291.09985 0.799517
2291.20654 0.79423
2291.31323 0.788942
2291.42017 0.783646
2291.52686 0.778337
2291.63354 0.773009
2291.74023 0.767655
2291.84717 0.762272
2291.95386 0.756851
2292.06055 0.751388
2292.16724 0.74588
2292.27417 0.740341
2292.38086 0.734789
2292.48755 0.729244
2292.59424 0.723726
2292.70117 0.718255
2292.80786 0.71285
2292.91455 0.707531
2293.02124 0.702317
2293.12817 0.697227
2293.23486 0.692263
2293.34155 0.68741
2293.44849 0.682653
2293.55518 0.677977
2293.66187 0.673365
2293.76855 0.668804
2293.87549 0.664277
2293.98218 0.659768
2294.08887 0.655263
2294.19556 0.650747
2294.30249 0.646207
2294.40918 0.641628
2294.51587 0.636998
2294.62256 0.632304
2294.72949 0.627533
2294.83618 0.622671
2294.94287 0.617705
2295.04956 0.612623
2295.15649 0.607413
2295.26318 0.602096
2295.36987 0.596701
2295.47656 0.591262
2295.58350 0.585811
2295.69019 0.580378
2295.79688 0.574997
2295.90381 0.569698
2296.01050 0.564514
2296.11719 0.559477
2296.22388 0.55459
2296.33081 0.549826
2296.43750 0.545154
2296.54419 0.540542
2296.65088 0.53596
2296.75781 0.531378
2296.86450 0.526764
2296.97119 0.522087
2297.07788 0.517317
2297.18481 0.512434
2297.29150 0.507456
2297.39819 0.50241
2297.50488 0.497322
2297.61182 0.49222
2297.71851 0.487131
2297.82520 0.482082
2297.93188 0.477099
2298.03882 0.472209
2298.14551 0.467438
2298.25220 0.462786
2298.35889 0.458241
2298.46582 0.45379
2298.57251 0.449418
2298.67920 0.445114
2298.78613 0.440863
2298.89282 0.436652
2298.99951 0.432468
2299.10620 0.428297
2299.21313 0.424127
2299.31982 0.419948
2299.42651 0.415746
2299.53320 0.411513
2299.64014 0.407236
2299.74683 0.402905
2299.85352 0.398509
2299.96021 0.394036
2300.06714 0.389476
2300.17383 0.384822
2300.28052 0.380087
2300.38721 0.375292
2300.49414 0.370455
2300.60083 0.365598
2300.70752 0.36074
2300.81421 0.355901
2300.92114 0.351101
2301.02783 0.346359
2301.13452 0.341694
2301.24146 0.337109
2301.34814 0.332594
2301.45483 0.328137
2301.56152 0.323726
2301.66846 0.31935
2301.77515 0.314998
2301.88184 0.310658
2301.98853 0.30632
2302.09546 0.301971
2302.20215 0.297602
2302.30884 0.293205
2302.41553 0.28877
2302.52246 0.284292
2302.62915 0.279761
2302.73584 0.275169
2302.84253 0.27051
2302.94946 0.265775
2303.05615 0.260957
2303.16284 0.256049
2303.26953 0.251071
2303.37646 0.246048
2303.48315 0.241008
2303.58984 0.235975
2303.69678 0.230977
2303.80347 0.22604
2303.91016 0.22119
2304.01685 0.216455
2304.12378 0.211859
2304.23047 0.207412
2304.33716 0.203104
2304.44385 0.198926
2304.55078 0.194868
2304.65747 0.190919
2304.76416 0.187069
2304.87085 0.183308
2304.97778 0.179625
2305.08447 0.176011
2305.19116 0.172456
2305.29785 0.16895
2305.40479 0.165487
2305.51147 0.162059
2305.61816 0.158658
2305.72485 0.155276
2305.83179 0.151907
2305.93848 0.148543
2306.04517 0.145176
2306.15186 0.141802
2306.25879 0.138429
2306.36548 0.135073
2306.47217 0.131749
2306.57910 0.128473
2306.68579 0.125262
2306.79248 0.122128
2306.89917 0.119089
2307.00610 0.116157
2307.11279 0.113349
2307.21948 0.110668
2307.32617 0.108103
2307.43311 0.105646
2307.53979 0.103284
2307.64648 0.101006
2307.75317 0.098804
2307.86011 0.096666
2307.96680 0.094581
2308.07349 0.092541
2308.18018 0.090535
2308.28711 0.08856
2308.39380 0.086614
2308.50049 0.084694
2308.60718 0.082799
2308.71411 0.080925
2308.82080 0.079071
2308.92749 0.077233
2309.03442 0.07541
2309.14111 0.0736
2309.24780 0.071806
2309.35449 0.070035
2309.46143 0.068295
2309.56812 0.066594
2309.67480 0.06494
2309.78149 0.06334
2309.88843 0.061801
2309.99512 0.060332
2310.10181 0.05894
2310.20850 0.057627
2310.31543 0.056386
2310.42212 0.055209
2310.52881 0.054088
2310.63550 0.053013
2310.74243 0.051976
2310.84912 0.05097
2310.95581 0.049985
2311.06250 0.049014
2311.16943 0.048049
2311.27612 0.047093
2311.38281 0.046148
2311.48975 0.045221
2311.59644 0.044316
2311.70312 0.043437
2311.80981 0.042588
2311.91675 0.041774
2312.02344 0.041001
2312.13013 0.040271
2312.23682 0.039585
2312.34375 0.03894
2312.45044 0.03833
2312.55713 0.037754
2312.66382 0.037206
2312.77075 0.036682
2312.87744 0.036179
2312.98413 0.035693
2313.09082 0.035219
2313.19775 0.034755
2313.30444 0.034299
2313.41113 0.03385
2313.51782 0.033406
2313.62476 0.032966
2313.73145 0.032528
2313.83813 0.032092
2313.94482 0.031656
2314.05176 0.031219
2314.15845 0.030779
2314.26514 0.030337
2314.37207 0.029896
2314.47876 0.029456
2314.58545 0.029021
2314.69214 0.02859
2314.79907 0.028167
2314.90576 0.027753
2315.01245 0.027349
2315.11914 0.026958
2315.22607 0.026579
2315.33276 0.026212
2315.43945 0.025856
2315.54614 0.02551
2315.65308 0.025173
2315.75977 0.024842
2315.86646 0.024519
2315.97314 0.024201
2316.08008 0.023887
2316.18677 0.023576
2316.29346 0.023269
2316.40015 0.022963
2316.50708 0.022659
2316.61377 0.022357
2316.72046 0.022055
2316.82739 0.021753
2316.93408 0.021451
2317.04077 0.021147
2317.14746 0.020843
2317.25439 0.020537
2317.36108 0.020232
2317.46777 0.019929
2317.57446 0.019629
2317.68140 0.019334
2317.78809 0.019044
2317.89478 0.018761
2318.00146 0.018487
2318.10840 0.018222
2318.21509 0.017967
2318.32178 0.017721
2318.42847 0.017484
2318.53540 0.017255
2318.64209 0.017033
2318.74878 0.016817
2318.85547 0.016606
2318.96240 0.0164
2319.06909 0.016198
2319.17578 0.015999
2319.28271 0.015802
2319.38940 0.015609
2319.49609 0.015417
2319.60278 0.015227
2319.70972 0.015039
2319.81641 0.014852
2319.92310 0.014666
2320.02979 0.01448
2320.13672 0.014296
2320.24341 0.014112
2320.35010 0.01393
2320.45679 0.01375
2320.56372 0.013573
2320.67041 0.013401
2320.77710 0.013234
2320.88379 0.013073
2320.99072 0.012918
2321.09741 0.01277
2321.20410 0.012631
2321.31079 0.012498
2321.41772 0.012372
2321.52441 0.012251
2321.63110 0.012135
2321.73779 0.012022
2321.84473 0.011912
2321.95142 0.011805
2322.05811 0.011698
2322.16504 0.011592
2322.27173 0.011487
2322.37842 0.011383
2322.48511 0.01128
2322.59204 0.01118
2322.69873 0.011082
2322.80542 0.010988
2322.91211 0.010898
2323.01904 0.010812
2323.12573 0.010731
2323.23242 0.010655
2323.33911 0.010583
2323.44604 0.010516
2323.55273 0.010452
2323.65942 0.010391
2323.76611 0.010334
2323.87305 0.010279
2323.97974 0.010226
2324.08643 0.010175
2324.19312 0.010125
2324.30005 0.010077
2324.40674 0.01003
2324.51343 0.009984
2324.62036 0.009939
2324.72705 0.009896
2324.83374 0.009853
2324.94043 0.009812
2325.04736 0.009771
2325.15405 0.009731
2325.26074 0.009692
2325.36743 0.009654
2325.47437 0.009617
2325.58105 0.009581
2325.68774 0.009547
2325.79443 0.009513
2325.90137 0.009481
2326.00806 0.009449
2326.11475 0.00942
2326.22144 0.009391
2326.32837 0.009364
2326.43506 0.009337
2326.54175 0.009312
2326.64844 0.009287
2326.75537 0.009263
2326.86206 0.009239
2326.96875 0.009216
2327.07568 0.009193
2327.18237 0.00917
2327.28906 0.009147
2327.39575 0.009124
2327.50269 0.0091
2327.60938 0.009076
2327.71606 0.009051
2327.82275 0.009025
2327.92969 0.008999
2328.03638 0.008971
2328.14307 0.008943
2328.24976 0.008913
2328.35669 0.008882
2328.46338 0.00885
2328.57007 0.008817
2328.67676 0.008784
2328.78369 0.00875
2328.89038 0.008715
2328.99707 0.00868
2329.10376 0.008645
2329.21069 0.00861
2329.31738 0.008574
2329.42407 0.008538
2329.53076 0.008502
2329.63770 0.008465
2329.74438 0.008428
2329.85107 0.008391
2329.95801 0.008354
2330.06470 0.008316
2330.17139 0.008277
2330.27808 0.008238
2330.38501 0.008198
2330.49170 0.008158
2330.59839 0.008117
2330.70508 0.008074
2330.81201 0.008031
2330.91870 0.007986
2331.02539 0.00794
2331.13208 0.007892
2331.23901 0.007843
2331.34570 0.007793
2331.45239 0.007742
2331.55908 0.00769
2331.66602 0.007638
2331.77271 0.007585
2331.87939 0.007532
2331.98608 0.007479
2332.09302 0.007427
2332.19971 0.007375
2332.30640 0.007324
2332.41333 0.007273
2332.52002 0.007223
2332.62671 0.007173
2332.73340 0.007123
2332.84033 0.007074
2332.94702 0.007025
2333.05371 0.006977
2333.16040 0.006929
2333.26733 0.006881
2333.37402 0.006832
2333.48071 0.006783
2333.58740 0.006733
2333.69434 0.006681
2333.80103 0.006627
2333.90771 0.006571
2334.01440 0.006513
2334.12134 0.006451
2334.22803 0.006387
2334.33472 0.006322
2334.44141 0.006256
2334.54834 0.006191
2334.65503 0.006129
2334.76172 0.006069
2334.86865 0.006015
2334.97534 0.005966
2335.08203 0.005923
2335.18872 0.005889
2335.29565 0.005862
2335.40234 0.005841
2335.50903 0.005826
2335.61572 0.005815
2335.72266 0.005807
2335.82935 0.005803
2335.93604 0.0058
2336.04272 0.005799
2336.14966 0.005798
2569.76465 0.0
