threeML/data/optical_filters/TD1/SPEC-F1580.ecsv
# %ECSV 0.9
# ---
# datatype:
# - {name: wavelength, unit: Angstrom, datatype: float32}
# - {name: response, datatype: float32}
# meta: !!omap
# - {band_name: F1580}
# - {group_name: SPEC}
wavelength response
1374.24683 0.0
1526.94092 0.010058
1527.04773 0.010124
1527.15442 0.01019
1527.26123 0.010256
1527.36792 0.010321
1527.47473 0.010387
1527.58142 0.010453
1527.68823 0.01052
1527.79504 0.010587
1527.90173 0.010655
1528.00854 0.010725
1528.11523 0.010795
1528.22205 0.010868
1528.32874 0.010941
1528.43555 0.011015
1528.54224 0.011089
1528.64905 0.011163
1528.75574 0.011236
1528.86255 0.011308
1528.96924 0.011378
1529.07605 0.011447
1529.18274 0.011514
1529.28955 0.011578
1529.39624 0.011642
1529.50305 0.011704
1529.60974 0.011765
1529.71655 0.011827
1529.82324 0.011888
1529.93005 0.01195
1530.03674 0.012013
1530.14355 0.012078
1530.25024 0.012143
1530.35706 0.01221
1530.46387 0.012277
1530.57056 0.012345
1530.67737 0.012412
1530.78406 0.012478
1530.89087 0.012543
1530.99756 0.012607
1531.10437 0.012669
1531.21106 0.012729
1531.31787 0.012787
1531.42456 0.012843
1531.53137 0.012899
1531.63806 0.012953
1531.74487 0.013007
1531.85156 0.01306
1531.95837 0.013114
1532.06506 0.013168
1532.17188 0.013222
1532.27856 0.013278
1532.38538 0.013334
1532.49207 0.013391
1532.59888 0.013448
1532.70557 0.013507
1532.81238 0.013566
1532.91907 0.013626
1533.02588 0.013687
1533.13269 0.013749
1533.23938 0.013812
1533.34619 0.013875
1533.45288 0.013939
1533.55969 0.014004
1533.66638 0.014069
1533.77319 0.014134
1533.87988 0.014199
1533.98669 0.014265
1534.09338 0.01433
1534.20020 0.014395
1534.30688 0.014461
1534.41370 0.014526
1534.52039 0.014592
1534.62720 0.014658
1534.73389 0.014724
1534.84070 0.014791
1534.94739 0.014859
1535.05420 0.014927
1535.16089 0.014997
1535.26770 0.015067
1535.37439 0.015139
1535.48120 0.015213
1535.58789 0.01529
1535.69470 0.015368
1535.80151 0.01545
1535.90820 0.015535
1536.01501 0.015624
1536.12170 0.015716
1536.22852 0.015813
1536.33521 0.015913
1536.44202 0.016016
1536.54871 0.016121
1536.65552 0.016229
1536.76221 0.016339
1536.86902 0.01645
1536.97571 0.016562
1537.08252 0.016675
1537.18921 0.016787
1537.29602 0.0169
1537.40271 0.017013
1537.50952 0.017127
1537.61621 0.017242
1537.72302 0.017357
1537.82971 0.017474
1537.93652 0.017592
1538.04321 0.017711
1538.15002 0.017831
1538.25684 0.017954
1538.36353 0.018079
1538.47034 0.018206
1538.57703 0.018337
1538.68384 0.018472
1538.79053 0.01861
1538.89734 0.018754
1539.00403 0.018902
1539.11084 0.019056
1539.21753 0.019215
1539.32434 0.019379
1539.43103 0.019548
1539.53784 0.019719
1539.64453 0.019894
1539.75134 0.02007
1539.85803 0.020247
1539.96484 0.020425
1540.07153 0.020602
1540.17834 0.020778
1540.28503 0.020953
1540.39185 0.021128
1540.49854 0.021302
1540.60535 0.021477
1540.71204 0.021651
1540.81885 0.021825
1540.92566 0.022
1541.03235 0.022176
1541.13916 0.022353
1541.24585 0.022531
1541.35266 0.022712
1541.45935 0.022897
1541.56616 0.023086
1541.67285 0.023281
1541.77966 0.023482
1541.88635 0.02369
1541.99316 0.023907
1542.09985 0.024133
1542.20667 0.024368
1542.31335 0.024612
1542.42017 0.024862
1542.52686 0.025119
1542.63367 0.02538
1542.74036 0.025644
1542.84717 0.02591
1542.95386 0.026176
1543.06067 0.026441
1543.16736 0.026705
1543.27417 0.026969
1543.38086 0.027234
1543.48767 0.027504
1543.59448 0.02778
1543.70117 0.028064
1543.80798 0.02836
1543.91467 0.028669
1544.02148 0.028993
1544.12817 0.029334
1544.23499 0.029694
1544.34167 0.030069
1544.44849 0.030459
1544.55518 0.030862
1544.66199 0.031275
1544.76868 0.031698
1544.87549 0.032127
1544.98218 0.032562
1545.08899 0.033001
1545.19568 0.033443
1545.30249 0.033887
1545.40918 0.034335
1545.51599 0.034789
1545.62268 0.035247
1545.72949 0.035712
1545.83618 0.036185
1545.94299 0.036665
1546.04980 0.037154
1546.15649 0.037653
1546.26331 0.038164
1546.37000 0.038688
1546.47681 0.039228
1546.58350 0.039786
1546.69031 0.040364
1546.79700 0.040965
1546.90381 0.041589
1547.01050 0.042241
1547.11731 0.042921
1547.22400 0.04363
1547.33081 0.044363
1547.43750 0.045118
1547.54431 0.045891
1547.65100 0.046679
1547.75781 0.047477
1547.86450 0.048283
1547.97131 0.049092
1548.07800 0.049902
1548.18481 0.050709
1548.29150 0.051514
1548.39832 0.052317
1548.50500 0.05312
1548.61182 0.053923
1548.71863 0.054728
1548.82532 0.055536
1548.93213 0.056346
1549.03882 0.057161
1549.14563 0.057982
1549.25232 0.058811
1549.35913 0.059654
1549.46582 0.060515
1549.57263 0.061399
1549.67932 0.062311
1549.78613 0.063256
1549.89282 0.064239
1549.99963 0.065265
1550.10632 0.066337
1550.21313 0.067459
1550.31982 0.068627
1550.42664 0.069839
1550.53333 0.071091
1550.64014 0.07238
1550.74683 0.073702
1550.85364 0.075055
1550.96033 0.076434
1551.06714 0.077838
1551.17383 0.079263
1551.28064 0.080711
1551.38745 0.082183
1551.49414 0.083682
1551.60095 0.085209
1551.70764 0.086767
1551.81445 0.088357
1551.92114 0.089982
1552.02795 0.091644
1552.13464 0.093345
1552.24146 0.09509
1552.34814 0.096889
1552.45496 0.098749
1552.56165 0.10068
1552.66846 0.102689
1552.77515 0.104786
1552.88196 0.106979
1552.98865 0.109276
1553.09546 0.111686
1553.20215 0.114212
1553.30896 0.116843
1553.41565 0.119568
1553.52246 0.122375
1553.62915 0.125251
1553.73596 0.128184
1553.84265 0.131163
1553.94946 0.134175
1554.05627 0.137208
1554.16296 0.140252
1554.26978 0.143307
1554.37646 0.146377
1554.48328 0.149466
1554.58997 0.152578
1554.69678 0.155717
1554.80347 0.158888
1554.91028 0.162096
1555.01697 0.165343
1555.12378 0.168636
1555.23047 0.171981
1555.33728 0.175391
1555.44397 0.17888
1555.55078 0.182459
1555.65747 0.186141
1555.76428 0.18994
1555.87097 0.193868
1555.97778 0.197937
1556.08447 0.202161
1556.19128 0.206543
1556.29797 0.21106
1556.40479 0.215683
1556.51160 0.220384
1556.61829 0.225134
1556.72510 0.229905
1556.83179 0.234669
1556.93860 0.239396
1557.04529 0.244059
1557.15210 0.248632
1557.25879 0.253126
1557.36560 0.257571
1557.47229 0.261994
1557.57910 0.266427
1557.68579 0.270899
1557.79260 0.27544
1557.89929 0.280078
1558.00610 0.284844
1558.11279 0.289767
1558.21960 0.294852
1558.32629 0.300072
1558.43311 0.305395
1558.53979 0.310791
1558.64661 0.316228
1558.75330 0.321676
1558.86011 0.327104
1558.96680 0.332481
1559.07361 0.337776
1559.18042 0.342965
1559.28711 0.348052
1559.39392 0.353049
1559.50061 0.357967
1559.60742 0.362818
1559.71411 0.367613
1559.82092 0.372364
1559.92761 0.377081
1560.03442 0.381778
1560.14111 0.386464
1560.24792 0.391153
1560.35461 0.395856
1560.46143 0.400586
1560.56812 0.405357
1560.67493 0.41018
1560.78162 0.415067
1560.88843 0.420033
1560.99512 0.425088
1561.10193 0.430245
1561.20862 0.435507
1561.31543 0.440851
1561.42212 0.446256
1561.52893 0.451698
1561.63562 0.457155
1561.74243 0.462603
1561.84924 0.468021
1561.95593 0.473384
1562.06274 0.478671
1562.16943 0.483862
1562.27625 0.488961
1562.38293 0.493981
1562.48975 0.498932
1562.59644 0.503827
1562.70325 0.508678
1562.80994 0.513495
1562.91675 0.518292
1563.02344 0.52308
1563.13025 0.527871
1563.23694 0.532674
1563.34375 0.537499
1563.45044 0.542354
1563.55725 0.547248
1563.66394 0.55219
1563.77075 0.557188
1563.87744 0.562251
1563.98425 0.567387
1564.09094 0.572605
1564.19775 0.577906
1564.30457 0.583264
1564.41125 0.588654
1564.51807 0.594048
1564.62476 0.59942
1564.73157 0.604742
1564.83826 0.609987
1564.94507 0.615128
1565.05176 0.620139
1565.15857 0.624995
1565.26526 0.6297
1565.37207 0.634269
1565.47876 0.638719
1565.58557 0.643064
1565.69226 0.647321
1565.79907 0.651504
1565.90576 0.655631
1566.01257 0.659716
1566.11926 0.663775
1566.22607 0.667825
1566.33276 0.671883
1566.43958 0.675968
1566.54626 0.680097
1566.65308 0.684288
1566.75977 0.688559
1566.86658 0.692928
1566.97339 0.697413
1567.08008 0.702031
1567.18689 0.706792
1567.29358 0.711673
1567.40039 0.716646
1567.50708 0.721684
1567.61389 0.726758
1567.72058 0.731839
1567.82739 0.7369
1567.93408 0.741912
1568.04089 0.746846
1568.14758 0.751678
1568.25439 0.756415
1568.36108 0.761082
1568.46790 0.765707
1568.57458 0.770317
1568.68140 0.774937
1568.78809 0.779595
1568.89490 0.784318
1569.00159 0.789133
1569.10840 0.794065
1569.21509 0.79912
1569.32190 0.804268
1569.42859 0.809477
1569.53540 0.814714
1569.64221 0.819945
1569.74890 0.825139
1569.85571 0.830263
1569.96240 0.835284
1570.06921 0.840169
1570.17590 0.844892
1570.28271 0.849456
1570.38940 0.853875
1570.49622 0.858159
1570.60291 0.862321
1570.70972 0.866373
1570.81641 0.870327
1570.92322 0.874195
1571.02991 0.877989
1571.13672 0.881722
1571.24341 0.885395
1571.35022 0.889006
1571.45691 0.892552
1571.56372 0.896028
1571.67041 0.899431
1571.77722 0.902759
1571.88391 0.906006
1571.99072 0.909171
1572.09753 0.912248
1572.20422 0.915235
1572.31104 0.918127
1572.41772 0.920917
1572.52454 0.923602
1572.63123 0.926175
1572.73804 0.928633
1572.84473 0.930969
1572.95154 0.933179
1573.05823 0.935257
1573.16504 0.937201
1573.27173 0.939021
1573.37854 0.940732
1573.48523 0.94235
1573.59204 0.943891
1573.69873 0.945369
1573.80554 0.946802
1573.91223 0.948204
1574.01904 0.949591
1574.12573 0.950978
1574.23254 0.952374
1574.33923 0.953779
1574.44604 0.955196
1574.55273 0.956624
1574.65955 0.958065
1574.76636 0.95952
1574.87305 0.96099
1574.97986 0.962475
1575.08655 0.963977
1575.19336 0.965495
1575.30005 0.96702
1575.40686 0.968546
1575.51355 0.970063
1575.62036 0.971563
1575.72705 0.973038
1575.83386 0.97448
1575.94055 0.97588
1576.04736 0.977231
1576.15405 0.978524
1576.26086 0.979758
1576.36755 0.980938
1576.47437 0.982066
1576.58105 0.983145
1576.68787 0.984178
1576.79456 0.985168
1576.90137 0.986119
1577.00806 0.987032
1577.11487 0.987912
1577.22156 0.98876
1577.32837 0.989578
1577.43518 0.990364
1577.54187 0.991121
1577.64868 0.991848
1577.75537 0.992546
1577.86218 0.993216
1577.96887 0.993858
1578.07568 0.994472
1578.18237 0.99506
1578.28918 0.995619
1578.39587 0.996148
1578.50269 0.996646
1578.60938 0.997111
1578.71619 0.997542
1578.82288 0.997937
1578.92969 0.998294
1579.03638 0.998612
1579.14319 0.998891
1579.24988 0.99913
1579.35669 0.999333
1579.46338 0.999502
1579.57019 0.999641
1579.67688 0.999753
1579.78369 0.99984
1579.89050 0.999906
1579.99719 0.999952
1580.10400 0.999983
1580.21069 0.999999
1580.31750 1.0
1580.42419 0.999984
1580.53101 0.99995
1580.63770 0.999896
1580.74451 0.999821
1580.85120 0.999724
1580.95801 0.999603
1581.06470 0.999457
1581.17151 0.999286
1581.27820 0.999089
1581.38501 0.998867
1581.49170 0.998621
1581.59851 0.998353
1581.70520 0.998064
1581.81201 0.997753
1581.91870 0.997423
1582.02551 0.997074
1582.13220 0.996706
1582.23901 0.99632
1582.34570 0.99591
1582.45251 0.995475
1582.55933 0.995009
1582.66602 0.994511
1582.77283 0.993976
1582.87952 0.9934
1582.98633 0.992781
1583.09302 0.992115
1583.19983 0.9914
1583.30652 0.990638
1583.41333 0.989833
1583.52002 0.988987
1583.62683 0.988103
1583.73352 0.987183
1583.84033 0.986232
1583.94702 0.985251
1584.05383 0.984244
1584.16052 0.983212
1584.26733 0.982157
1584.37402 0.981077
1584.48083 0.979971
1584.58752 0.978838
1584.69434 0.977676
1584.80103 0.976486
1584.90784 0.975265
1585.01453 0.974014
1585.12134 0.97273
1585.22815 0.971411
1585.33484 0.970053
1585.44165 0.968649
1585.54834 0.967197
1585.65515 0.965689
1585.76184 0.964122
1585.86865 0.962491
1585.97534 0.960791
1586.08215 0.959016
1586.18884 0.957166
1586.29565 0.955248
1586.40234 0.953274
1586.50916 0.951252
1586.61584 0.949194
1586.72266 0.947111
1586.82935 0.945012
1586.93616 0.942908
1587.04285 0.940809
1587.14966 0.938725
1587.25635 0.936656
1587.36316 0.934596
1587.46985 0.932538
1587.57666 0.930477
1587.68335 0.928407
1587.79016 0.926323
1587.89697 0.924218
1588.00366 0.922087
1588.11047 0.919922
1588.21716 0.917711
1588.32397 0.915425
1588.43066 0.913035
1588.53748 0.910513
1588.64417 0.907829
1588.75098 0.904954
1588.85767 0.901861
1588.96448 0.898519
1589.07117 0.894901
1589.17798 0.890986
1589.28467 0.886796
1589.39148 0.882361
1589.49817 0.877714
1589.60498 0.872886
1589.71167 0.867908
1589.81848 0.862812
1589.92517 0.857629
1590.03198 0.852391
1590.13867 0.847128
1590.24548 0.841855
1590.35229 0.836573
1590.45898 0.831285
1590.56580 0.825992
1590.67249 0.820696
1590.77930 0.815398
1590.88599 0.810101
1590.99280 0.804807
1591.09949 0.799517
1591.20630 0.79423
1591.31299 0.788942
1591.41980 0.783646
1591.52649 0.778337
1591.63330 0.773009
1591.73999 0.767655
1591.84680 0.762272
1591.95349 0.756851
1592.06030 0.751388
1592.16699 0.74588
1592.27380 0.740341
1592.38049 0.734789
1592.48730 0.729244
1592.59399 0.723726
1592.70081 0.718255
1592.80750 0.71285
1592.91431 0.707531
1593.02112 0.702317
1593.12781 0.697227
1593.23462 0.692263
1593.34131 0.68741
1593.44812 0.682653
1593.55481 0.677977
1593.66162 0.673365
1593.76831 0.668804
1593.87512 0.664277
1593.98181 0.659768
1594.08862 0.655263
1594.19531 0.650747
1594.30212 0.646207
1594.40881 0.641628
1594.51562 0.636998
1594.62231 0.632304
1594.72913 0.627533
1594.83582 0.622671
1594.94263 0.617705
1595.04932 0.612623
1595.15613 0.607413
1595.26282 0.602096
1595.36963 0.596701
1595.47632 0.591262
1595.58313 0.585811
1595.68994 0.580378
1595.79663 0.574997
1595.90344 0.569698
1596.01013 0.564514
1596.11694 0.559477
1596.22363 0.55459
1596.33044 0.549826
1596.43713 0.545154
1596.54395 0.540542
1596.65063 0.53596
1596.75745 0.531378
1596.86414 0.526764
1596.97095 0.522087
1597.07764 0.517317
1597.18445 0.512434
1597.29114 0.507456
1597.39795 0.50241
1597.50464 0.497322
1597.61145 0.49222
1597.71814 0.487131
1597.82495 0.482082
1597.93164 0.477099
1598.03845 0.472209
1598.14526 0.467438
1598.25195 0.462786
1598.35876 0.458241
1598.46545 0.45379
1598.57227 0.449418
1598.67896 0.445114
1598.78577 0.440863
1598.89246 0.436652
1598.99927 0.432468
1599.10596 0.428297
1599.21277 0.424127
1599.31946 0.419948
1599.42627 0.415746
1599.53296 0.411513
1599.63977 0.407236
1599.74646 0.402905
1599.85327 0.398509
1599.95996 0.394036
1600.06677 0.389476
1600.17346 0.384822
1600.28027 0.380087
1600.38696 0.375292
1600.49377 0.370455
1600.60046 0.365598
1600.70728 0.36074
1600.81409 0.355901
1600.92078 0.351101
1601.02759 0.346359
1601.13428 0.341694
1601.24109 0.337109
1601.34778 0.332594
1601.45459 0.328137
1601.56128 0.323726
1601.66809 0.31935
1601.77478 0.314998
1601.88159 0.310658
1601.98828 0.30632
1602.09509 0.301971
1602.20178 0.297602
1602.30859 0.293205
1602.41528 0.28877
1602.52209 0.284292
1602.62878 0.279761
1602.73560 0.275169
1602.84229 0.27051
1602.94910 0.265775
1603.05579 0.260957
1603.16260 0.256049
1603.26929 0.251071
1603.37610 0.246048
1603.48291 0.241008
1603.58960 0.235975
1603.69641 0.230977
1603.80310 0.22604
1603.90991 0.22119
1604.01660 0.216455
1604.12341 0.211859
1604.23010 0.207412
1604.33691 0.203104
1604.44360 0.198926
1604.55042 0.194868
1604.65710 0.190919
1604.76392 0.187069
1604.87061 0.183308
1604.97742 0.179625
1605.08411 0.176011
1605.19092 0.172456
1605.29761 0.16895
1605.40442 0.165487
1605.51111 0.162059
1605.61792 0.158658
1605.72461 0.155276
1605.83142 0.151907
1605.93823 0.148543
1606.04492 0.145176
1606.15173 0.141802
1606.25842 0.138429
1606.36523 0.135073
1606.47192 0.131749
1606.57874 0.128473
1606.68542 0.125262
1606.79224 0.122128
1606.89893 0.119089
1607.00574 0.116157
1607.11243 0.113349
1607.21924 0.110668
1607.32593 0.108103
1607.43274 0.105646
1607.53943 0.103284
1607.64624 0.101006
1607.75293 0.098804
1607.85974 0.096666
1607.96643 0.094581
1608.07324 0.092541
1608.17993 0.090535
1608.28674 0.08856
1608.39343 0.086614
1608.50024 0.084694
1608.60706 0.082799
1608.71375 0.080925
1608.82056 0.079071
1608.92725 0.077233
1609.03406 0.07541
1609.14075 0.0736
1609.24756 0.071806
1609.35425 0.070035
1609.46106 0.068295
1609.56775 0.066594
1609.67456 0.06494
1609.78125 0.06334
1609.88806 0.061801
1609.99475 0.060332
1610.10156 0.05894
1610.20825 0.057627
1610.31506 0.056386
1610.42175 0.055209
1610.52856 0.054088
1610.63525 0.053013
1610.74207 0.051976
1610.84875 0.05097
1610.95557 0.049985
1611.06226 0.049014
1611.16907 0.048049
1611.27588 0.047093
1611.38257 0.046148
1611.48938 0.045221
1611.59607 0.044316
1611.70288 0.043437
1611.80957 0.042588
1611.91638 0.041774
1612.02307 0.041001
1612.12988 0.040271
1612.23657 0.039585
1612.34338 0.03894
1612.45007 0.03833
1612.55688 0.037754
1612.66357 0.037206
1612.77039 0.036682
1612.87708 0.036179
1612.98389 0.035693
1613.09058 0.035219
1613.19739 0.034755
1613.30408 0.034299
1613.41089 0.03385
1613.51758 0.033406
1613.62439 0.032966
1613.73108 0.032528
1613.83789 0.032092
1613.94470 0.031656
1614.05139 0.031219
1614.15820 0.030779
1614.26489 0.030337
1614.37170 0.029896
1614.47839 0.029456
1614.58521 0.029021
1614.69189 0.02859
1614.79871 0.028167
1614.90540 0.027753
1615.01221 0.027349
1615.11890 0.026958
1615.22571 0.026579
1615.33240 0.026212
1615.43921 0.025856
1615.54590 0.02551
1615.65271 0.025173
1615.75940 0.024842
1615.86621 0.024519
1615.97290 0.024201
1616.07971 0.023887
1616.18640 0.023576
1616.29321 0.023269
1616.40002 0.022963
1616.50671 0.022659
1616.61353 0.022357
1616.72021 0.022055
1616.82703 0.021753
1616.93372 0.021451
1617.04053 0.021147
1617.14722 0.020843
1617.25403 0.020537
1617.36072 0.020232
1617.46753 0.019929
1617.57422 0.019629
1617.68103 0.019334
1617.78772 0.019044
1617.89453 0.018761
1618.00122 0.018487
1618.10803 0.018222
1618.21472 0.017967
1618.32153 0.017721
1618.42822 0.017484
1618.53503 0.017255
1618.64172 0.017033
1618.74854 0.016817
1618.85522 0.016606
1618.96204 0.0164
1619.06885 0.016198
1619.17554 0.015999
1619.28235 0.015802
1619.38904 0.015609
1619.49585 0.015417
1619.60254 0.015227
1619.70935 0.015039
1619.81604 0.014852
1619.92285 0.014666
1620.02954 0.01448
1620.13635 0.014296
1620.24304 0.014112
1620.34985 0.01393
1620.45654 0.01375
1620.56335 0.013573
1620.67004 0.013401
1620.77686 0.013234
1620.88354 0.013073
1620.99036 0.012918
1621.09705 0.01277
1621.20386 0.012631
1621.31055 0.012498
1621.41736 0.012372
1621.52405 0.012251
1621.63086 0.012135
1621.73767 0.012022
1621.84436 0.011912
1621.95117 0.011805
1622.05786 0.011698
1622.16467 0.011592
1622.27136 0.011487
1622.37817 0.011383
1622.48486 0.01128
1622.59167 0.01118
1622.69836 0.011082
1622.80518 0.010988
1622.91187 0.010898
1623.01868 0.010812
1623.12537 0.010731
1623.23218 0.010655
1623.33887 0.010583
1623.44568 0.010516
1623.55237 0.010452
1623.65918 0.010391
1623.76587 0.010334
1623.87268 0.010279
1623.97937 0.010226
1624.08618 0.010175
1624.19299 0.010125
1624.29968 0.010077
1624.40649 0.01003
1624.51318 0.009984
1624.62000 0.009939
1624.72668 0.009896
1624.83350 0.009853
1624.94019 0.009812
1625.04700 0.009771
1625.15369 0.009731
1625.26050 0.009692
1625.36719 0.009654
1625.47400 0.009617
1625.58069 0.009581
1625.68750 0.009547
1625.79419 0.009513
1625.90100 0.009481
1626.00769 0.009449
1626.11450 0.00942
1626.22119 0.009391
1626.32800 0.009364
1626.43469 0.009337
1626.54150 0.009312
1626.64819 0.009287
1626.75500 0.009263
1626.86182 0.009239
1626.96851 0.009216
1627.07532 0.009193
1627.18201 0.00917
1627.28882 0.009147
1627.39551 0.009124
1627.50232 0.0091
1627.60901 0.009076
1627.71582 0.009051
1627.82251 0.009025
1627.92932 0.008999
1628.03601 0.008971
1628.14282 0.008943
1628.24951 0.008913
1628.35632 0.008882
1628.46301 0.00885
1628.56982 0.008817
1628.67651 0.008784
1628.78333 0.00875
1628.89001 0.008715
1628.99683 0.00868
1629.10352 0.008645
1629.21033 0.00861
1629.31702 0.008574
1629.42383 0.008538
1629.53064 0.008502
1629.63733 0.008465
1629.74414 0.008428
1629.85083 0.008391
1629.95764 0.008354
1630.06433 0.008316
1630.17114 0.008277
1630.27783 0.008238
1630.38464 0.008198
1630.49133 0.008158
1630.59814 0.008117
1630.70483 0.008074
1630.81165 0.008031
1630.91833 0.007986
1631.02515 0.00794
1631.13184 0.007892
1631.23865 0.007843
1631.34534 0.007793
1631.45215 0.007742
1631.55884 0.00769
1631.66565 0.007638
1631.77234 0.007585
1631.87915 0.007532
1631.98596 0.007479
1632.09265 0.007427
1632.19946 0.007375
1632.30615 0.007324
1632.41296 0.007273
1632.51965 0.007223
1632.62646 0.007173
1632.73315 0.007123
1632.83997 0.007074
1632.94666 0.007025
1633.05347 0.006977
1633.16016 0.006929
1633.26697 0.006881
1633.37366 0.006832
1633.48047 0.006783
1633.58716 0.006733
1633.69397 0.006681
1633.80066 0.006627
1633.90747 0.006571
1634.01416 0.006513
1634.12097 0.006451
1634.22766 0.006387
1634.33447 0.006322
1634.44116 0.006256
1634.54797 0.006191
1634.65479 0.006129
1634.76147 0.006069
1634.86829 0.006015
1634.97498 0.005966
1635.08179 0.005923
1635.18848 0.005889
1635.29529 0.005862
1635.40198 0.005841
1635.50879 0.005826
1635.61548 0.005815
1635.72229 0.005807
1635.82898 0.005803
1635.93579 0.0058
1636.04248 0.005799
1636.14929 0.005798
1636.25598 0.005796
1799.88159 0.0
