threeML/data/optical_filters/TD1/SPEC-F1840.ecsv
# %ECSV 0.9
# ---
# datatype:
# - {name: wavelength, unit: Angstrom, datatype: float32}
# - {name: response, datatype: float32}
# meta: !!omap
# - {band_name: F1840}
# - {group_name: SPEC}
wavelength response
1608.24683 0.0
1786.94092 0.010058
1787.04773 0.010124
1787.15442 0.01019
1787.26123 0.010256
1787.36792 0.010321
1787.47473 0.010387
1787.58142 0.010453
1787.68823 0.01052
1787.79504 0.010587
1787.90173 0.010655
1788.00854 0.010725
1788.11523 0.010795
1788.22205 0.010868
1788.32874 0.010941
1788.43555 0.011015
1788.54224 0.011089
1788.64905 0.011163
1788.75574 0.011236
1788.86255 0.011308
1788.96924 0.011378
1789.07605 0.011447
1789.18274 0.011514
1789.28955 0.011578
1789.39624 0.011642
1789.50305 0.011704
1789.60974 0.011765
1789.71655 0.011827
1789.82324 0.011888
1789.93005 0.01195
1790.03674 0.012013
1790.14355 0.012078
1790.25024 0.012143
1790.35706 0.01221
1790.46387 0.012277
1790.57056 0.012345
1790.67737 0.012412
1790.78406 0.012478
1790.89087 0.012543
1790.99756 0.012607
1791.10437 0.012669
1791.21106 0.012729
1791.31787 0.012787
1791.42456 0.012843
1791.53137 0.012899
1791.63806 0.012953
1791.74487 0.013007
1791.85156 0.01306
1791.95837 0.013114
1792.06506 0.013168
1792.17188 0.013222
1792.27856 0.013278
1792.38538 0.013334
1792.49207 0.013391
1792.59888 0.013448
1792.70557 0.013507
1792.81238 0.013566
1792.91907 0.013626
1793.02588 0.013687
1793.13269 0.013749
1793.23938 0.013812
1793.34619 0.013875
1793.45288 0.013939
1793.55969 0.014004
1793.66638 0.014069
1793.77319 0.014134
1793.87988 0.014199
1793.98669 0.014265
1794.09338 0.01433
1794.20020 0.014395
1794.30688 0.014461
1794.41370 0.014526
1794.52039 0.014592
1794.62720 0.014658
1794.73389 0.014724
1794.84070 0.014791
1794.94739 0.014859
1795.05420 0.014927
1795.16089 0.014997
1795.26770 0.015067
1795.37439 0.015139
1795.48120 0.015213
1795.58789 0.01529
1795.69470 0.015368
1795.80151 0.01545
1795.90820 0.015535
1796.01501 0.015624
1796.12170 0.015716
1796.22852 0.015813
1796.33521 0.015913
1796.44202 0.016016
1796.54871 0.016121
1796.65552 0.016229
1796.76221 0.016339
1796.86902 0.01645
1796.97571 0.016562
1797.08252 0.016675
1797.18921 0.016787
1797.29602 0.0169
1797.40271 0.017013
1797.50952 0.017127
1797.61621 0.017242
1797.72302 0.017357
1797.82971 0.017474
1797.93652 0.017592
1798.04321 0.017711
1798.15002 0.017831
1798.25684 0.017954
1798.36353 0.018079
1798.47034 0.018206
1798.57703 0.018337
1798.68384 0.018472
1798.79053 0.01861
1798.89734 0.018754
1799.00403 0.018902
1799.11084 0.019056
1799.21753 0.019215
1799.32434 0.019379
1799.43103 0.019548
1799.53784 0.019719
1799.64453 0.019894
1799.75134 0.02007
1799.85803 0.020247
1799.96484 0.020425
1800.07153 0.020602
1800.17834 0.020778
1800.28503 0.020953
1800.39185 0.021128
1800.49854 0.021302
1800.60535 0.021477
1800.71204 0.021651
1800.81885 0.021825
1800.92566 0.022
1801.03235 0.022176
1801.13916 0.022353
1801.24585 0.022531
1801.35266 0.022712
1801.45935 0.022897
1801.56616 0.023086
1801.67285 0.023281
1801.77966 0.023482
1801.88635 0.02369
1801.99316 0.023907
1802.09985 0.024133
1802.20667 0.024368
1802.31335 0.024612
1802.42017 0.024862
1802.52686 0.025119
1802.63367 0.02538
1802.74036 0.025644
1802.84717 0.02591
1802.95386 0.026176
1803.06067 0.026441
1803.16736 0.026705
1803.27417 0.026969
1803.38086 0.027234
1803.48767 0.027504
1803.59448 0.02778
1803.70117 0.028064
1803.80798 0.02836
1803.91467 0.028669
1804.02148 0.028993
1804.12817 0.029334
1804.23499 0.029694
1804.34167 0.030069
1804.44849 0.030459
1804.55518 0.030862
1804.66199 0.031275
1804.76868 0.031698
1804.87549 0.032127
1804.98218 0.032562
1805.08899 0.033001
1805.19568 0.033443
1805.30249 0.033887
1805.40918 0.034335
1805.51599 0.034789
1805.62268 0.035247
1805.72949 0.035712
1805.83618 0.036185
1805.94299 0.036665
1806.04980 0.037154
1806.15649 0.037653
1806.26331 0.038164
1806.37000 0.038688
1806.47681 0.039228
1806.58350 0.039786
1806.69031 0.040364
1806.79700 0.040965
1806.90381 0.041589
1807.01050 0.042241
1807.11731 0.042921
1807.22400 0.04363
1807.33081 0.044363
1807.43750 0.045118
1807.54431 0.045891
1807.65100 0.046679
1807.75781 0.047477
1807.86450 0.048283
1807.97131 0.049092
1808.07800 0.049902
1808.18481 0.050709
1808.29150 0.051514
1808.39832 0.052317
1808.50500 0.05312
1808.61182 0.053923
1808.71863 0.054728
1808.82532 0.055536
1808.93213 0.056346
1809.03882 0.057161
1809.14563 0.057982
1809.25232 0.058811
1809.35913 0.059654
1809.46582 0.060515
1809.57263 0.061399
1809.67932 0.062311
1809.78613 0.063256
1809.89282 0.064239
1809.99963 0.065265
1810.10632 0.066337
1810.21313 0.067459
1810.31982 0.068627
1810.42664 0.069839
1810.53333 0.071091
1810.64014 0.07238
1810.74683 0.073702
1810.85364 0.075055
1810.96033 0.076434
1811.06714 0.077838
1811.17383 0.079263
1811.28064 0.080711
1811.38745 0.082183
1811.49414 0.083682
1811.60095 0.085209
1811.70764 0.086767
1811.81445 0.088357
1811.92114 0.089982
1812.02795 0.091644
1812.13464 0.093345
1812.24146 0.09509
1812.34814 0.096889
1812.45496 0.098749
1812.56165 0.10068
1812.66846 0.102689
1812.77515 0.104786
1812.88196 0.106979
1812.98865 0.109276
1813.09546 0.111686
1813.20215 0.114212
1813.30896 0.116843
1813.41565 0.119568
1813.52246 0.122375
1813.62915 0.125251
1813.73596 0.128184
1813.84265 0.131163
1813.94946 0.134175
1814.05627 0.137208
1814.16296 0.140252
1814.26978 0.143307
1814.37646 0.146377
1814.48328 0.149466
1814.58997 0.152578
1814.69678 0.155717
1814.80347 0.158888
1814.91028 0.162096
1815.01697 0.165343
1815.12378 0.168636
1815.23047 0.171981
1815.33728 0.175391
1815.44397 0.17888
1815.55078 0.182459
1815.65747 0.186141
1815.76428 0.18994
1815.87097 0.193868
1815.97778 0.197937
1816.08447 0.202161
1816.19128 0.206543
1816.29797 0.21106
1816.40479 0.215683
1816.51160 0.220384
1816.61829 0.225134
1816.72510 0.229905
1816.83179 0.234669
1816.93860 0.239396
1817.04529 0.244059
1817.15210 0.248632
1817.25879 0.253126
1817.36560 0.257571
1817.47229 0.261994
1817.57910 0.266427
1817.68579 0.270899
1817.79260 0.27544
1817.89929 0.280078
1818.00610 0.284844
1818.11279 0.289767
1818.21960 0.294852
1818.32629 0.300072
1818.43311 0.305395
1818.53979 0.310791
1818.64661 0.316228
1818.75330 0.321676
1818.86011 0.327104
1818.96680 0.332481
1819.07361 0.337776
1819.18042 0.342965
1819.28711 0.348052
1819.39392 0.353049
1819.50061 0.357967
1819.60742 0.362818
1819.71411 0.367613
1819.82092 0.372364
1819.92761 0.377081
1820.03442 0.381778
1820.14111 0.386464
1820.24792 0.391153
1820.35461 0.395856
1820.46143 0.400586
1820.56812 0.405357
1820.67493 0.41018
1820.78162 0.415067
1820.88843 0.420033
1820.99512 0.425088
1821.10193 0.430245
1821.20862 0.435507
1821.31543 0.440851
1821.42212 0.446256
1821.52893 0.451698
1821.63562 0.457155
1821.74243 0.462603
1821.84924 0.468021
1821.95593 0.473384
1822.06274 0.478671
1822.16943 0.483862
1822.27625 0.488961
1822.38293 0.493981
1822.48975 0.498932
1822.59644 0.503827
1822.70325 0.508678
1822.80994 0.513495
1822.91675 0.518292
1823.02344 0.52308
1823.13025 0.527871
1823.23694 0.532674
1823.34375 0.537499
1823.45044 0.542354
1823.55725 0.547248
1823.66394 0.55219
1823.77075 0.557188
1823.87744 0.562251
1823.98425 0.567387
1824.09094 0.572605
1824.19775 0.577906
1824.30457 0.583264
1824.41125 0.588654
1824.51807 0.594048
1824.62476 0.59942
1824.73157 0.604742
1824.83826 0.609987
1824.94507 0.615128
1825.05176 0.620139
1825.15857 0.624995
1825.26526 0.6297
1825.37207 0.634269
1825.47876 0.638719
1825.58557 0.643064
1825.69226 0.647321
1825.79907 0.651504
1825.90576 0.655631
1826.01257 0.659716
1826.11926 0.663775
1826.22607 0.667825
1826.33276 0.671883
1826.43958 0.675968
1826.54626 0.680097
1826.65308 0.684288
1826.75977 0.688559
1826.86658 0.692928
1826.97339 0.697413
1827.08008 0.702031
1827.18689 0.706792
1827.29358 0.711673
1827.40039 0.716646
1827.50708 0.721684
1827.61389 0.726758
1827.72058 0.731839
1827.82739 0.7369
1827.93408 0.741912
1828.04089 0.746846
1828.14758 0.751678
1828.25439 0.756415
1828.36108 0.761082
1828.46790 0.765707
1828.57458 0.770317
1828.68140 0.774937
1828.78809 0.779595
1828.89490 0.784318
1829.00159 0.789133
1829.10840 0.794065
1829.21509 0.79912
1829.32190 0.804268
1829.42859 0.809477
1829.53540 0.814714
1829.64221 0.819945
1829.74890 0.825139
1829.85571 0.830263
1829.96240 0.835284
1830.06921 0.840169
1830.17590 0.844892
1830.28271 0.849456
1830.38940 0.853875
1830.49622 0.858159
1830.60291 0.862321
1830.70972 0.866373
1830.81641 0.870327
1830.92322 0.874195
1831.02991 0.877989
1831.13672 0.881722
1831.24341 0.885395
1831.35022 0.889006
1831.45691 0.892552
1831.56372 0.896028
1831.67041 0.899431
1831.77722 0.902759
1831.88391 0.906006
1831.99072 0.909171
1832.09753 0.912248
1832.20422 0.915235
1832.31104 0.918127
1832.41772 0.920917
1832.52454 0.923602
1832.63123 0.926175
1832.73804 0.928633
1832.84473 0.930969
1832.95154 0.933179
1833.05823 0.935257
1833.16504 0.937201
1833.27173 0.939021
1833.37854 0.940732
1833.48523 0.94235
1833.59204 0.943891
1833.69873 0.945369
1833.80554 0.946802
1833.91223 0.948204
1834.01904 0.949591
1834.12573 0.950978
1834.23254 0.952374
1834.33923 0.953779
1834.44604 0.955196
1834.55273 0.956624
1834.65955 0.958065
1834.76636 0.95952
1834.87305 0.96099
1834.97986 0.962475
1835.08655 0.963977
1835.19336 0.965495
1835.30005 0.96702
1835.40686 0.968546
1835.51355 0.970063
1835.62036 0.971563
1835.72705 0.973038
1835.83386 0.97448
1835.94055 0.97588
1836.04736 0.977231
1836.15405 0.978524
1836.26086 0.979758
1836.36755 0.980938
1836.47437 0.982066
1836.58105 0.983145
1836.68787 0.984178
1836.79456 0.985168
1836.90137 0.986119
1837.00806 0.987032
1837.11487 0.987912
1837.22156 0.98876
1837.32837 0.989578
1837.43518 0.990364
1837.54187 0.991121
1837.64868 0.991848
1837.75537 0.992546
1837.86218 0.993216
1837.96887 0.993858
1838.07568 0.994472
1838.18237 0.99506
1838.28918 0.995619
1838.39587 0.996148
1838.50269 0.996646
1838.60938 0.997111
1838.71619 0.997542
1838.82288 0.997937
1838.92969 0.998294
1839.03638 0.998612
1839.14319 0.998891
1839.24988 0.99913
1839.35669 0.999333
1839.46338 0.999502
1839.57019 0.999641
1839.67688 0.999753
1839.78369 0.99984
1839.89050 0.999906
1839.99719 0.999952
1840.10400 0.999983
1840.21069 0.999999
1840.31750 1.0
1840.42419 0.999984
1840.53101 0.99995
1840.63770 0.999896
1840.74451 0.999821
1840.85120 0.999724
1840.95801 0.999603
1841.06470 0.999457
1841.17151 0.999286
1841.27820 0.999089
1841.38501 0.998867
1841.49170 0.998621
1841.59851 0.998353
1841.70520 0.998064
1841.81201 0.997753
1841.91870 0.997423
1842.02551 0.997074
1842.13220 0.996706
1842.23901 0.99632
1842.34570 0.99591
1842.45251 0.995475
1842.55933 0.995009
1842.66602 0.994511
1842.77283 0.993976
1842.87952 0.9934
1842.98633 0.992781
1843.09302 0.992115
1843.19983 0.9914
1843.30652 0.990638
1843.41333 0.989833
1843.52002 0.988987
1843.62683 0.988103
1843.73352 0.987183
1843.84033 0.986232
1843.94702 0.985251
1844.05383 0.984244
1844.16052 0.983212
1844.26733 0.982157
1844.37402 0.981077
1844.48083 0.979971
1844.58752 0.978838
1844.69434 0.977676
1844.80103 0.976486
1844.90784 0.975265
1845.01453 0.974014
1845.12134 0.97273
1845.22815 0.971411
1845.33484 0.970053
1845.44165 0.968649
1845.54834 0.967197
1845.65515 0.965689
1845.76184 0.964122
1845.86865 0.962491
1845.97534 0.960791
1846.08215 0.959016
1846.18884 0.957166
1846.29565 0.955248
1846.40234 0.953274
1846.50916 0.951252
1846.61584 0.949194
1846.72266 0.947111
1846.82935 0.945012
1846.93616 0.942908
1847.04285 0.940809
1847.14966 0.938725
1847.25635 0.936656
1847.36316 0.934596
1847.46985 0.932538
1847.57666 0.930477
1847.68335 0.928407
1847.79016 0.926323
1847.89697 0.924218
1848.00366 0.922087
1848.11047 0.919922
1848.21716 0.917711
1848.32397 0.915425
1848.43066 0.913035
1848.53748 0.910513
1848.64417 0.907829
1848.75098 0.904954
1848.85767 0.901861
1848.96448 0.898519
1849.07117 0.894901
1849.17798 0.890986
1849.28467 0.886796
1849.39148 0.882361
1849.49817 0.877714
1849.60498 0.872886
1849.71167 0.867908
1849.81848 0.862812
1849.92517 0.857629
1850.03198 0.852391
1850.13867 0.847128
1850.24548 0.841855
1850.35229 0.836573
1850.45898 0.831285
1850.56580 0.825992
1850.67249 0.820696
1850.77930 0.815398
1850.88599 0.810101
1850.99280 0.804807
1851.09949 0.799517
1851.20630 0.79423
1851.31299 0.788942
1851.41980 0.783646
1851.52649 0.778337
1851.63330 0.773009
1851.73999 0.767655
1851.84680 0.762272
1851.95349 0.756851
1852.06030 0.751388
1852.16699 0.74588
1852.27380 0.740341
1852.38049 0.734789
1852.48730 0.729244
1852.59399 0.723726
1852.70081 0.718255
1852.80750 0.71285
1852.91431 0.707531
1853.02112 0.702317
1853.12781 0.697227
1853.23462 0.692263
1853.34131 0.68741
1853.44812 0.682653
1853.55481 0.677977
1853.66162 0.673365
1853.76831 0.668804
1853.87512 0.664277
1853.98181 0.659768
1854.08862 0.655263
1854.19531 0.650747
1854.30212 0.646207
1854.40881 0.641628
1854.51562 0.636998
1854.62231 0.632304
1854.72913 0.627533
1854.83582 0.622671
1854.94263 0.617705
1855.04932 0.612623
1855.15613 0.607413
1855.26282 0.602096
1855.36963 0.596701
1855.47632 0.591262
1855.58313 0.585811
1855.68994 0.580378
1855.79663 0.574997
1855.90344 0.569698
1856.01013 0.564514
1856.11694 0.559477
1856.22363 0.55459
1856.33044 0.549826
1856.43713 0.545154
1856.54395 0.540542
1856.65063 0.53596
1856.75745 0.531378
1856.86414 0.526764
1856.97095 0.522087
1857.07764 0.517317
1857.18445 0.512434
1857.29114 0.507456
1857.39795 0.50241
1857.50464 0.497322
1857.61145 0.49222
1857.71814 0.487131
1857.82495 0.482082
1857.93164 0.477099
1858.03845 0.472209
1858.14526 0.467438
1858.25195 0.462786
1858.35876 0.458241
1858.46545 0.45379
1858.57227 0.449418
1858.67896 0.445114
1858.78577 0.440863
1858.89246 0.436652
1858.99927 0.432468
1859.10596 0.428297
1859.21277 0.424127
1859.31946 0.419948
1859.42627 0.415746
1859.53296 0.411513
1859.63977 0.407236
1859.74646 0.402905
1859.85327 0.398509
1859.95996 0.394036
1860.06677 0.389476
1860.17346 0.384822
1860.28027 0.380087
1860.38696 0.375292
1860.49377 0.370455
1860.60046 0.365598
1860.70728 0.36074
1860.81409 0.355901
1860.92078 0.351101
1861.02759 0.346359
1861.13428 0.341694
1861.24109 0.337109
1861.34778 0.332594
1861.45459 0.328137
1861.56128 0.323726
1861.66809 0.31935
1861.77478 0.314998
1861.88159 0.310658
1861.98828 0.30632
1862.09509 0.301971
1862.20178 0.297602
1862.30859 0.293205
1862.41528 0.28877
1862.52209 0.284292
1862.62878 0.279761
1862.73560 0.275169
1862.84229 0.27051
1862.94910 0.265775
1863.05579 0.260957
1863.16260 0.256049
1863.26929 0.251071
1863.37610 0.246048
1863.48291 0.241008
1863.58960 0.235975
1863.69641 0.230977
1863.80310 0.22604
1863.90991 0.22119
1864.01660 0.216455
1864.12341 0.211859
1864.23010 0.207412
1864.33691 0.203104
1864.44360 0.198926
1864.55042 0.194868
1864.65710 0.190919
1864.76392 0.187069
1864.87061 0.183308
1864.97742 0.179625
1865.08411 0.176011
1865.19092 0.172456
1865.29761 0.16895
1865.40442 0.165487
1865.51111 0.162059
1865.61792 0.158658
1865.72461 0.155276
1865.83142 0.151907
1865.93823 0.148543
1866.04492 0.145176
1866.15173 0.141802
1866.25842 0.138429
1866.36523 0.135073
1866.47192 0.131749
1866.57874 0.128473
1866.68542 0.125262
1866.79224 0.122128
1866.89893 0.119089
1867.00574 0.116157
1867.11243 0.113349
1867.21924 0.110668
1867.32593 0.108103
1867.43274 0.105646
1867.53943 0.103284
1867.64624 0.101006
1867.75293 0.098804
1867.85974 0.096666
1867.96643 0.094581
1868.07324 0.092541
1868.17993 0.090535
1868.28674 0.08856
1868.39343 0.086614
1868.50024 0.084694
1868.60706 0.082799
1868.71375 0.080925
1868.82056 0.079071
1868.92725 0.077233
1869.03406 0.07541
1869.14075 0.0736
1869.24756 0.071806
1869.35425 0.070035
1869.46106 0.068295
1869.56775 0.066594
1869.67456 0.06494
1869.78125 0.06334
1869.88806 0.061801
1869.99475 0.060332
1870.10156 0.05894
1870.20825 0.057627
1870.31506 0.056386
1870.42175 0.055209
1870.52856 0.054088
1870.63525 0.053013
1870.74207 0.051976
1870.84875 0.05097
1870.95557 0.049985
1871.06226 0.049014
1871.16907 0.048049
1871.27588 0.047093
1871.38257 0.046148
1871.48938 0.045221
1871.59607 0.044316
1871.70288 0.043437
1871.80957 0.042588
1871.91638 0.041774
1872.02307 0.041001
1872.12988 0.040271
1872.23657 0.039585
1872.34338 0.03894
1872.45007 0.03833
1872.55688 0.037754
1872.66357 0.037206
1872.77039 0.036682
1872.87708 0.036179
1872.98389 0.035693
1873.09058 0.035219
1873.19739 0.034755
1873.30408 0.034299
1873.41089 0.03385
1873.51758 0.033406
1873.62439 0.032966
1873.73108 0.032528
1873.83789 0.032092
1873.94470 0.031656
1874.05139 0.031219
1874.15820 0.030779
1874.26489 0.030337
1874.37170 0.029896
1874.47839 0.029456
1874.58521 0.029021
1874.69189 0.02859
1874.79871 0.028167
1874.90540 0.027753
1875.01221 0.027349
1875.11890 0.026958
1875.22571 0.026579
1875.33240 0.026212
1875.43921 0.025856
1875.54590 0.02551
1875.65271 0.025173
1875.75940 0.024842
1875.86621 0.024519
1875.97290 0.024201
1876.07971 0.023887
1876.18640 0.023576
1876.29321 0.023269
1876.40002 0.022963
1876.50671 0.022659
1876.61353 0.022357
1876.72021 0.022055
1876.82703 0.021753
1876.93372 0.021451
1877.04053 0.021147
1877.14722 0.020843
1877.25403 0.020537
1877.36072 0.020232
1877.46753 0.019929
1877.57422 0.019629
1877.68103 0.019334
1877.78772 0.019044
1877.89453 0.018761
1878.00122 0.018487
1878.10803 0.018222
1878.21472 0.017967
1878.32153 0.017721
1878.42822 0.017484
1878.53503 0.017255
1878.64172 0.017033
1878.74854 0.016817
1878.85522 0.016606
1878.96204 0.0164
1879.06885 0.016198
1879.17554 0.015999
1879.28235 0.015802
1879.38904 0.015609
1879.49585 0.015417
1879.60254 0.015227
1879.70935 0.015039
1879.81604 0.014852
1879.92285 0.014666
1880.02954 0.01448
1880.13635 0.014296
1880.24304 0.014112
1880.34985 0.01393
1880.45654 0.01375
1880.56335 0.013573
1880.67004 0.013401
1880.77686 0.013234
1880.88354 0.013073
1880.99036 0.012918
1881.09705 0.01277
1881.20386 0.012631
1881.31055 0.012498
1881.41736 0.012372
1881.52405 0.012251
1881.63086 0.012135
1881.73767 0.012022
1881.84436 0.011912
1881.95117 0.011805
1882.05786 0.011698
1882.16467 0.011592
1882.27136 0.011487
1882.37817 0.011383
1882.48486 0.01128
1882.59167 0.01118
1882.69836 0.011082
1882.80518 0.010988
1882.91187 0.010898
1883.01868 0.010812
1883.12537 0.010731
1883.23218 0.010655
1883.33887 0.010583
1883.44568 0.010516
1883.55237 0.010452
1883.65918 0.010391
1883.76587 0.010334
1883.87268 0.010279
1883.97937 0.010226
1884.08618 0.010175
1884.19299 0.010125
1884.29968 0.010077
1884.40649 0.01003
1884.51318 0.009984
1884.62000 0.009939
1884.72668 0.009896
1884.83350 0.009853
1884.94019 0.009812
1885.04700 0.009771
1885.15369 0.009731
1885.26050 0.009692
1885.36719 0.009654
1885.47400 0.009617
1885.58069 0.009581
1885.68750 0.009547
1885.79419 0.009513
1885.90100 0.009481
1886.00769 0.009449
1886.11450 0.00942
1886.22119 0.009391
1886.32800 0.009364
1886.43469 0.009337
1886.54150 0.009312
1886.64819 0.009287
1886.75500 0.009263
1886.86182 0.009239
1886.96851 0.009216
1887.07532 0.009193
1887.18201 0.00917
1887.28882 0.009147
1887.39551 0.009124
1887.50232 0.0091
1887.60901 0.009076
1887.71582 0.009051
1887.82251 0.009025
1887.92932 0.008999
1888.03601 0.008971
1888.14282 0.008943
1888.24951 0.008913
1888.35632 0.008882
1888.46301 0.00885
1888.56982 0.008817
1888.67651 0.008784
1888.78333 0.00875
1888.89001 0.008715
1888.99683 0.00868
1889.10352 0.008645
1889.21033 0.00861
1889.31702 0.008574
1889.42383 0.008538
1889.53064 0.008502
1889.63733 0.008465
1889.74414 0.008428
1889.85083 0.008391
1889.95764 0.008354
1890.06433 0.008316
1890.17114 0.008277
1890.27783 0.008238
1890.38464 0.008198
1890.49133 0.008158
1890.59814 0.008117
1890.70483 0.008074
1890.81165 0.008031
1890.91833 0.007986
1891.02515 0.00794
1891.13184 0.007892
1891.23865 0.007843
1891.34534 0.007793
1891.45215 0.007742
1891.55884 0.00769
1891.66565 0.007638
1891.77234 0.007585
1891.87915 0.007532
1891.98596 0.007479
1892.09265 0.007427
1892.19946 0.007375
1892.30615 0.007324
1892.41296 0.007273
1892.51965 0.007223
1892.62646 0.007173
1892.73315 0.007123
1892.83997 0.007074
1892.94666 0.007025
1893.05347 0.006977
1893.16016 0.006929
1893.26697 0.006881
1893.37366 0.006832
1893.48047 0.006783
1893.58716 0.006733
1893.69397 0.006681
1893.80066 0.006627
1893.90747 0.006571
1894.01416 0.006513
1894.12097 0.006451
1894.22766 0.006387
1894.33447 0.006322
1894.44116 0.006256
1894.54797 0.006191
1894.65479 0.006129
1894.76147 0.006069
1894.86829 0.006015
1894.97498 0.005966
1895.08179 0.005923
1895.18848 0.005889
1895.29529 0.005862
1895.40198 0.005841
1895.50879 0.005826
1895.61548 0.005815
1895.72229 0.005807
1895.82898 0.005803
1895.93579 0.0058
1896.04248 0.005799
1896.14929 0.005798
1896.25598 0.005796
2085.88159 0.0
