threeML/data/optical_filters/TD1/SPEC-F2320.ecsv
# %ECSV 0.9
# ---
# datatype:
# - {name: wavelength, unit: Angstrom, datatype: float32}
# - {name: response, datatype: float32}
# meta: !!omap
# - {band_name: F2320}
# - {group_name: SPEC}
wavelength response
2040.24707 0.0
2266.94116 0.010058
2267.04810 0.010124
2267.15479 0.01019
2267.26147 0.010256
2267.36816 0.010321
2267.47510 0.010387
2267.58179 0.010453
2267.68848 0.01052
2267.79517 0.010587
2267.90210 0.010655
2268.00879 0.010725
2268.11548 0.010795
2268.22241 0.010868
2268.32910 0.010941
2268.43579 0.011015
2268.54248 0.011089
2268.64941 0.011163
2268.75610 0.011236
2268.86279 0.011308
2268.96948 0.011378
2269.07642 0.011447
2269.18311 0.011514
2269.28979 0.011578
2269.39648 0.011642
2269.50342 0.011704
2269.61011 0.011765
2269.71680 0.011827
2269.82349 0.011888
2269.93042 0.01195
2270.03711 0.012013
2270.14380 0.012078
2270.25049 0.012143
2270.35742 0.01221
2270.46411 0.012277
2270.57080 0.012345
2270.67773 0.012412
2270.78442 0.012478
2270.89111 0.012543
2270.99780 0.012607
2271.10474 0.012669
2271.21143 0.012729
2271.31812 0.012787
2271.42480 0.012843
2271.53174 0.012899
2271.63843 0.012953
2271.74512 0.013007
2271.85181 0.01306
2271.95874 0.013114
2272.06543 0.013168
2272.17212 0.013222
2272.27881 0.013278
2272.38574 0.013334
2272.49243 0.013391
2272.59912 0.013448
2272.70581 0.013507
2272.81274 0.013566
2272.91943 0.013626
2273.02612 0.013687
2273.13281 0.013749
2273.23975 0.013812
2273.34644 0.013875
2273.45312 0.013939
2273.56006 0.014004
2273.66675 0.014069
2273.77344 0.014134
2273.88013 0.014199
2273.98706 0.014265
2274.09375 0.01433
2274.20044 0.014395
2274.30713 0.014461
2274.41406 0.014526
2274.52075 0.014592
2274.62744 0.014658
2274.73413 0.014724
2274.84106 0.014791
2274.94775 0.014859
2275.05444 0.014927
2275.16113 0.014997
2275.26807 0.015067
2275.37476 0.015139
2275.48145 0.015213
2275.58813 0.01529
2275.69507 0.015368
2275.80176 0.01545
2275.90845 0.015535
2276.01538 0.015624
2276.12207 0.015716
2276.22876 0.015813
2276.33545 0.015913
2276.44238 0.016016
2276.54907 0.016121
2276.65576 0.016229
2276.76245 0.016339
2276.86938 0.01645
2276.97607 0.016562
2277.08276 0.016675
2277.18945 0.016787
2277.29639 0.0169
2277.40308 0.017013
2277.50977 0.017127
2277.61646 0.017242
2277.72339 0.017357
2277.83008 0.017474
2277.93677 0.017592
2278.04346 0.017711
2278.15039 0.017831
2278.25708 0.017954
2278.36377 0.018079
2278.47046 0.018206
2278.57739 0.018337
2278.68408 0.018472
2278.79077 0.01861
2278.89771 0.018754
2279.00439 0.018902
2279.11108 0.019056
2279.21777 0.019215
2279.32471 0.019379
2279.43140 0.019548
2279.53809 0.019719
2279.64478 0.019894
2279.75171 0.02007
2279.85840 0.020247
2279.96509 0.020425
2280.07178 0.020602
2280.17871 0.020778
2280.28540 0.020953
2280.39209 0.021128
2280.49878 0.021302
2280.60571 0.021477
2280.71240 0.021651
2280.81909 0.021825
2280.92578 0.022
2281.03271 0.022176
2281.13940 0.022353
2281.24609 0.022531
2281.35303 0.022712
2281.45972 0.022897
2281.56641 0.023086
2281.67310 0.023281
2281.78003 0.023482
2281.88672 0.02369
2281.99341 0.023907
2282.10010 0.024133
2282.20703 0.024368
2282.31372 0.024612
2282.42041 0.024862
2282.52710 0.025119
2282.63403 0.02538
2282.74072 0.025644
2282.84741 0.02591
2282.95410 0.026176
2283.06104 0.026441
2283.16772 0.026705
2283.27441 0.026969
2283.38110 0.027234
2283.48804 0.027504
2283.59473 0.02778
2283.70142 0.028064
2283.80835 0.02836
2283.91504 0.028669
2284.02173 0.028993
2284.12842 0.029334
2284.23535 0.029694
2284.34204 0.030069
2284.44873 0.030459
2284.55542 0.030862
2284.66235 0.031275
2284.76904 0.031698
2284.87573 0.032127
2284.98242 0.032562
2285.08936 0.033001
2285.19604 0.033443
2285.30273 0.033887
2285.40942 0.034335
2285.51636 0.034789
2285.62305 0.035247
2285.72974 0.035712
2285.83643 0.036185
2285.94336 0.036665
2286.05005 0.037154
2286.15674 0.037653
2286.26343 0.038164
2286.37036 0.038688
2286.47705 0.039228
2286.58374 0.039786
2286.69067 0.040364
2286.79736 0.040965
2286.90405 0.041589
2287.01074 0.042241
2287.11768 0.042921
2287.22437 0.04363
2287.33105 0.044363
2287.43774 0.045118
2287.54468 0.045891
2287.65137 0.046679
2287.75806 0.047477
2287.86475 0.048283
2287.97168 0.049092
2288.07837 0.049902
2288.18506 0.050709
2288.29175 0.051514
2288.39868 0.052317
2288.50537 0.05312
2288.61206 0.053923
2288.71875 0.054728
2288.82568 0.055536
2288.93237 0.056346
2289.03906 0.057161
2289.14600 0.057982
2289.25269 0.058811
2289.35938 0.059654
2289.46606 0.060515
2289.57300 0.061399
2289.67969 0.062311
2289.78638 0.063256
2289.89307 0.064239
2290.00000 0.065265
2290.10669 0.066337
2290.21338 0.067459
2290.32007 0.068627
2290.42700 0.069839
2290.53369 0.071091
2290.64038 0.07238
2290.74707 0.073702
2290.85400 0.075055
2290.96069 0.076434
2291.06738 0.077838
2291.17407 0.079263
2291.28101 0.080711
2291.38770 0.082183
2291.49438 0.083682
2291.60132 0.085209
2291.70801 0.086767
2291.81470 0.088357
2291.92139 0.089982
2292.02832 0.091644
2292.13501 0.093345
2292.24170 0.09509
2292.34839 0.096889
2292.45532 0.098749
2292.56201 0.10068
2292.66870 0.102689
2292.77539 0.104786
2292.88232 0.106979
2292.98901 0.109276
2293.09570 0.111686
2293.20239 0.114212
2293.30933 0.116843
2293.41602 0.119568
2293.52271 0.122375
2293.62939 0.125251
2293.73633 0.128184
2293.84302 0.131163
2293.94971 0.134175
2294.05640 0.137208
2294.16333 0.140252
2294.27002 0.143307
2294.37671 0.146377
2294.48364 0.149466
2294.59033 0.152578
2294.69702 0.155717
2294.80371 0.158888
2294.91064 0.162096
2295.01733 0.165343
2295.12402 0.168636
2295.23071 0.171981
2295.33765 0.175391
2295.44434 0.17888
2295.55103 0.182459
2295.65771 0.186141
2295.76465 0.18994
2295.87134 0.193868
2295.97803 0.197937
2296.08472 0.202161
2296.19165 0.206543
2296.29834 0.21106
2296.40503 0.215683
2296.51172 0.220384
2296.61865 0.225134
2296.72534 0.229905
2296.83203 0.234669
2296.93896 0.239396
2297.04565 0.244059
2297.15234 0.248632
2297.25903 0.253126
2297.36597 0.257571
2297.47266 0.261994
2297.57935 0.266427
2297.68604 0.270899
2297.79297 0.27544
2297.89966 0.280078
2298.00635 0.284844
2298.11304 0.289767
2298.21997 0.294852
2298.32666 0.300072
2298.43335 0.305395
2298.54004 0.310791
2298.64697 0.316228
2298.75366 0.321676
2298.86035 0.327104
2298.96704 0.332481
2299.07397 0.337776
2299.18066 0.342965
2299.28735 0.348052
2299.39429 0.353049
2299.50098 0.357967
2299.60767 0.362818
2299.71436 0.367613
2299.82129 0.372364
2299.92798 0.377081
2300.03467 0.381778
2300.14136 0.386464
2300.24829 0.391153
2300.35498 0.395856
2300.46167 0.400586
2300.56836 0.405357
2300.67529 0.41018
2300.78198 0.415067
2300.88867 0.420033
2300.99536 0.425088
2301.10229 0.430245
2301.20898 0.435507
2301.31567 0.440851
2301.42236 0.446256
2301.52930 0.451698
2301.63599 0.457155
2301.74268 0.462603
2301.84937 0.468021
2301.95630 0.473384
2302.06299 0.478671
2302.16968 0.483862
2302.27661 0.488961
2302.38330 0.493981
2302.48999 0.498932
2302.59668 0.503827
2302.70361 0.508678
2302.81030 0.513495
2302.91699 0.518292
2303.02368 0.52308
2303.13062 0.527871
2303.23730 0.532674
2303.34399 0.537499
2303.45068 0.542354
2303.55762 0.547248
2303.66431 0.55219
2303.77100 0.557188
2303.87769 0.562251
2303.98462 0.567387
2304.09131 0.572605
2304.19800 0.577906
2304.30469 0.583264
2304.41162 0.588654
2304.51831 0.594048
2304.62500 0.59942
2304.73193 0.604742
2304.83862 0.609987
2304.94531 0.615128
2305.05200 0.620139
2305.15894 0.624995
2305.26562 0.6297
2305.37231 0.634269
2305.47900 0.638719
2305.58594 0.643064
2305.69263 0.647321
2305.79932 0.651504
2305.90601 0.655631
2306.01294 0.659716
2306.11963 0.663775
2306.22632 0.667825
2306.33301 0.671883
2306.43994 0.675968
2306.54663 0.680097
2306.65332 0.684288
2306.76001 0.688559
2306.86694 0.692928
2306.97363 0.697413
2307.08032 0.702031
2307.18726 0.706792
2307.29395 0.711673
2307.40063 0.716646
2307.50732 0.721684
2307.61426 0.726758
2307.72095 0.731839
2307.82764 0.7369
2307.93433 0.741912
2308.04126 0.746846
2308.14795 0.751678
2308.25464 0.756415
2308.36133 0.761082
2308.46826 0.765707
2308.57495 0.770317
2308.68164 0.774937
2308.78833 0.779595
2308.89526 0.784318
2309.00195 0.789133
2309.10864 0.794065
2309.21533 0.79912
2309.32227 0.804268
2309.42896 0.809477
2309.53564 0.814714
2309.64233 0.819945
2309.74927 0.825139
2309.85596 0.830263
2309.96265 0.835284
2310.06958 0.840169
2310.17627 0.844892
2310.28296 0.849456
2310.38965 0.853875
2310.49658 0.858159
2310.60327 0.862321
2310.70996 0.866373
2310.81665 0.870327
2310.92358 0.874195
2311.03027 0.877989
2311.13696 0.881722
2311.24365 0.885395
2311.35059 0.889006
2311.45728 0.892552
2311.56396 0.896028
2311.67065 0.899431
2311.77759 0.902759
2311.88428 0.906006
2311.99097 0.909171
2312.09766 0.912248
2312.20459 0.915235
2312.31128 0.918127
2312.41797 0.920917
2312.52490 0.923602
2312.63159 0.926175
2312.73828 0.928633
2312.84497 0.930969
2312.95190 0.933179
2313.05859 0.935257
2313.16528 0.937201
2313.27197 0.939021
2313.37891 0.940732
2313.48560 0.94235
2313.59229 0.943891
2313.69897 0.945369
2313.80591 0.946802
2313.91260 0.948204
2314.01929 0.949591
2314.12598 0.950978
2314.23291 0.952374
2314.33960 0.953779
2314.44629 0.955196
2314.55298 0.956624
2314.65991 0.958065
2314.76660 0.95952
2314.87329 0.96099
2314.98022 0.962475
2315.08691 0.963977
2315.19360 0.965495
2315.30029 0.96702
2315.40723 0.968546
2315.51392 0.970063
2315.62061 0.971563
2315.72729 0.973038
2315.83423 0.97448
2315.94092 0.97588
2316.04761 0.977231
2316.15430 0.978524
2316.26123 0.979758
2316.36792 0.980938
2316.47461 0.982066
2316.58130 0.983145
2316.68823 0.984178
2316.79492 0.985168
2316.90161 0.986119
2317.00830 0.987032
2317.11523 0.987912
2317.22192 0.98876
2317.32861 0.989578
2317.43530 0.990364
2317.54224 0.991121
2317.64893 0.991848
2317.75562 0.992546
2317.86255 0.993216
2317.96924 0.993858
2318.07593 0.994472
2318.18262 0.99506
2318.28955 0.995619
2318.39624 0.996148
2318.50293 0.996646
2318.60962 0.997111
2318.71655 0.997542
2318.82324 0.997937
2318.92993 0.998294
2319.03662 0.998612
2319.14355 0.998891
2319.25024 0.99913
2319.35693 0.999333
2319.46362 0.999502
2319.57056 0.999641
2319.67725 0.999753
2319.78394 0.99984
2319.89062 0.999906
2319.99756 0.999952
2320.10425 0.999983
2320.21094 0.999999
2320.31787 1.0
2320.42456 0.999984
2320.53125 0.99995
2320.63794 0.999896
2320.74487 0.999821
2320.85156 0.999724
2320.95825 0.999603
2321.06494 0.999457
2321.17188 0.999286
2321.27856 0.999089
2321.38525 0.998867
2321.49194 0.998621
2321.59888 0.998353
2321.70557 0.998064
2321.81226 0.997753
2321.91895 0.997423
2322.02588 0.997074
2322.13257 0.996706
2322.23926 0.99632
2322.34595 0.99591
2322.45288 0.995475
2322.55957 0.995009
2322.66626 0.994511
2322.77319 0.993976
2322.87988 0.9934
2322.98657 0.992781
2323.09326 0.992115
2323.20020 0.9914
2323.30688 0.990638
2323.41357 0.989833
2323.52026 0.988987
2323.62720 0.988103
2323.73389 0.987183
2323.84058 0.986232
2323.94727 0.985251
2324.05420 0.984244
2324.16089 0.983212
2324.26758 0.982157
2324.37427 0.981077
2324.48120 0.979971
2324.58789 0.978838
2324.69458 0.977676
2324.80127 0.976486
2324.90820 0.975265
2325.01489 0.974014
2325.12158 0.97273
2325.22827 0.971411
2325.33521 0.970053
2325.44189 0.968649
2325.54858 0.967197
2325.65552 0.965689
2325.76221 0.964122
2325.86890 0.962491
2325.97559 0.960791
2326.08252 0.959016
2326.18921 0.957166
2326.29590 0.955248
2326.40259 0.953274
2326.50952 0.951252
2326.61621 0.949194
2326.72290 0.947111
2326.82959 0.945012
2326.93652 0.942908
2327.04321 0.940809
2327.14990 0.938725
2327.25659 0.936656
2327.36353 0.934596
2327.47021 0.932538
2327.57690 0.930477
2327.68359 0.928407
2327.79053 0.926323
2327.89722 0.924218
2328.00391 0.922087
2328.11084 0.919922
2328.21753 0.917711
2328.32422 0.915425
2328.43091 0.913035
2328.53784 0.910513
2328.64453 0.907829
2328.75122 0.904954
2328.85791 0.901861
2328.96484 0.898519
2329.07153 0.894901
2329.17822 0.890986
2329.28491 0.886796
2329.39185 0.882361
2329.49854 0.877714
2329.60522 0.872886
2329.71191 0.867908
2329.81885 0.862812
2329.92554 0.857629
2330.03223 0.852391
2330.13892 0.847128
2330.24585 0.841855
2330.35254 0.836573
2330.45923 0.831285
2330.56592 0.825992
2330.67285 0.820696
2330.77954 0.815398
2330.88623 0.810101
2330.99316 0.804807
2331.09985 0.799517
2331.20654 0.79423
2331.31323 0.788942
2331.42017 0.783646
2331.52686 0.778337
2331.63354 0.773009
2331.74023 0.767655
2331.84717 0.762272
2331.95386 0.756851
2332.06055 0.751388
2332.16724 0.74588
2332.27417 0.740341
2332.38086 0.734789
2332.48755 0.729244
2332.59424 0.723726
2332.70117 0.718255
2332.80786 0.71285
2332.91455 0.707531
2333.02124 0.702317
2333.12817 0.697227
2333.23486 0.692263
2333.34155 0.68741
2333.44849 0.682653
2333.55518 0.677977
2333.66187 0.673365
2333.76855 0.668804
2333.87549 0.664277
2333.98218 0.659768
2334.08887 0.655263
2334.19556 0.650747
2334.30249 0.646207
2334.40918 0.641628
2334.51587 0.636998
2334.62256 0.632304
2334.72949 0.627533
2334.83618 0.622671
2334.94287 0.617705
2335.04956 0.612623
2335.15649 0.607413
2335.26318 0.602096
2335.36987 0.596701
2335.47656 0.591262
2335.58350 0.585811
2335.69019 0.580378
2335.79688 0.574997
2335.90381 0.569698
2336.01050 0.564514
2336.11719 0.559477
2336.22388 0.55459
2336.33081 0.549826
2336.43750 0.545154
2336.54419 0.540542
2336.65088 0.53596
2336.75781 0.531378
2336.86450 0.526764
2336.97119 0.522087
2337.07788 0.517317
2337.18481 0.512434
2337.29150 0.507456
2337.39819 0.50241
2337.50488 0.497322
2337.61182 0.49222
2337.71851 0.487131
2337.82520 0.482082
2337.93188 0.477099
2338.03882 0.472209
2338.14551 0.467438
2338.25220 0.462786
2338.35889 0.458241
2338.46582 0.45379
2338.57251 0.449418
2338.67920 0.445114
2338.78613 0.440863
2338.89282 0.436652
2338.99951 0.432468
2339.10620 0.428297
2339.21313 0.424127
2339.31982 0.419948
2339.42651 0.415746
2339.53320 0.411513
2339.64014 0.407236
2339.74683 0.402905
2339.85352 0.398509
2339.96021 0.394036
2340.06714 0.389476
2340.17383 0.384822
2340.28052 0.380087
2340.38721 0.375292
2340.49414 0.370455
2340.60083 0.365598
2340.70752 0.36074
2340.81421 0.355901
2340.92114 0.351101
2341.02783 0.346359
2341.13452 0.341694
2341.24146 0.337109
2341.34814 0.332594
2341.45483 0.328137
2341.56152 0.323726
2341.66846 0.31935
2341.77515 0.314998
2341.88184 0.310658
2341.98853 0.30632
2342.09546 0.301971
2342.20215 0.297602
2342.30884 0.293205
2342.41553 0.28877
2342.52246 0.284292
2342.62915 0.279761
2342.73584 0.275169
2342.84253 0.27051
2342.94946 0.265775
2343.05615 0.260957
2343.16284 0.256049
2343.26953 0.251071
2343.37646 0.246048
2343.48315 0.241008
2343.58984 0.235975
2343.69678 0.230977
2343.80347 0.22604
2343.91016 0.22119
2344.01685 0.216455
2344.12378 0.211859
2344.23047 0.207412
2344.33716 0.203104
2344.44385 0.198926
2344.55078 0.194868
2344.65747 0.190919
2344.76416 0.187069
2344.87085 0.183308
2344.97778 0.179625
2345.08447 0.176011
2345.19116 0.172456
2345.29785 0.16895
2345.40479 0.165487
2345.51147 0.162059
2345.61816 0.158658
2345.72485 0.155276
2345.83179 0.151907
2345.93848 0.148543
2346.04517 0.145176
2346.15186 0.141802
2346.25879 0.138429
2346.36548 0.135073
2346.47217 0.131749
2346.57910 0.128473
2346.68579 0.125262
2346.79248 0.122128
2346.89917 0.119089
2347.00610 0.116157
2347.11279 0.113349
2347.21948 0.110668
2347.32617 0.108103
2347.43311 0.105646
2347.53979 0.103284
2347.64648 0.101006
2347.75317 0.098804
2347.86011 0.096666
2347.96680 0.094581
2348.07349 0.092541
2348.18018 0.090535
2348.28711 0.08856
2348.39380 0.086614
2348.50049 0.084694
2348.60718 0.082799
2348.71411 0.080925
2348.82080 0.079071
2348.92749 0.077233
2349.03442 0.07541
2349.14111 0.0736
2349.24780 0.071806
2349.35449 0.070035
2349.46143 0.068295
2349.56812 0.066594
2349.67480 0.06494
2349.78149 0.06334
2349.88843 0.061801
2349.99512 0.060332
2350.10181 0.05894
2350.20850 0.057627
2350.31543 0.056386
2350.42212 0.055209
2350.52881 0.054088
2350.63550 0.053013
2350.74243 0.051976
2350.84912 0.05097
2350.95581 0.049985
2351.06250 0.049014
2351.16943 0.048049
2351.27612 0.047093
2351.38281 0.046148
2351.48975 0.045221
2351.59644 0.044316
2351.70312 0.043437
2351.80981 0.042588
2351.91675 0.041774
2352.02344 0.041001
2352.13013 0.040271
2352.23682 0.039585
2352.34375 0.03894
2352.45044 0.03833
2352.55713 0.037754
2352.66382 0.037206
2352.77075 0.036682
2352.87744 0.036179
2352.98413 0.035693
2353.09082 0.035219
2353.19775 0.034755
2353.30444 0.034299
2353.41113 0.03385
2353.51782 0.033406
2353.62476 0.032966
2353.73145 0.032528
2353.83813 0.032092
2353.94482 0.031656
2354.05176 0.031219
2354.15845 0.030779
2354.26514 0.030337
2354.37207 0.029896
2354.47876 0.029456
2354.58545 0.029021
2354.69214 0.02859
2354.79907 0.028167
2354.90576 0.027753
2355.01245 0.027349
2355.11914 0.026958
2355.22607 0.026579
2355.33276 0.026212
2355.43945 0.025856
2355.54614 0.02551
2355.65308 0.025173
2355.75977 0.024842
2355.86646 0.024519
2355.97314 0.024201
2356.08008 0.023887
2356.18677 0.023576
2356.29346 0.023269
2356.40015 0.022963
2356.50708 0.022659
2356.61377 0.022357
2356.72046 0.022055
2356.82739 0.021753
2356.93408 0.021451
2357.04077 0.021147
2357.14746 0.020843
2357.25439 0.020537
2357.36108 0.020232
2357.46777 0.019929
2357.57446 0.019629
2357.68140 0.019334
2357.78809 0.019044
2357.89478 0.018761
2358.00146 0.018487
2358.10840 0.018222
2358.21509 0.017967
2358.32178 0.017721
2358.42847 0.017484
2358.53540 0.017255
2358.64209 0.017033
2358.74878 0.016817
2358.85547 0.016606
2358.96240 0.0164
2359.06909 0.016198
2359.17578 0.015999
2359.28271 0.015802
2359.38940 0.015609
2359.49609 0.015417
2359.60278 0.015227
2359.70972 0.015039
2359.81641 0.014852
2359.92310 0.014666
2360.02979 0.01448
2360.13672 0.014296
2360.24341 0.014112
2360.35010 0.01393
2360.45679 0.01375
2360.56372 0.013573
2360.67041 0.013401
2360.77710 0.013234
2360.88379 0.013073
2360.99072 0.012918
2361.09741 0.01277
2361.20410 0.012631
2361.31079 0.012498
2361.41772 0.012372
2361.52441 0.012251
2361.63110 0.012135
2361.73779 0.012022
2361.84473 0.011912
2361.95142 0.011805
2362.05811 0.011698
2362.16504 0.011592
2362.27173 0.011487
2362.37842 0.011383
2362.48511 0.01128
2362.59204 0.01118
2362.69873 0.011082
2362.80542 0.010988
2362.91211 0.010898
2363.01904 0.010812
2363.12573 0.010731
2363.23242 0.010655
2363.33911 0.010583
2363.44604 0.010516
2363.55273 0.010452
2363.65942 0.010391
2363.76611 0.010334
2363.87305 0.010279
2363.97974 0.010226
2364.08643 0.010175
2364.19312 0.010125
2364.30005 0.010077
2364.40674 0.01003
2364.51343 0.009984
2364.62036 0.009939
2364.72705 0.009896
2364.83374 0.009853
2364.94043 0.009812
2365.04736 0.009771
2365.15405 0.009731
2365.26074 0.009692
2365.36743 0.009654
2365.47437 0.009617
2365.58105 0.009581
2365.68774 0.009547
2365.79443 0.009513
2365.90137 0.009481
2366.00806 0.009449
2366.11475 0.00942
2366.22144 0.009391
2366.32837 0.009364
2366.43506 0.009337
2366.54175 0.009312
2366.64844 0.009287
2366.75537 0.009263
2366.86206 0.009239
2366.96875 0.009216
2367.07568 0.009193
2367.18237 0.00917
2367.28906 0.009147
2367.39575 0.009124
2367.50269 0.0091
2367.60938 0.009076
2367.71606 0.009051
2367.82275 0.009025
2367.92969 0.008999
2368.03638 0.008971
2368.14307 0.008943
2368.24976 0.008913
2368.35669 0.008882
2368.46338 0.00885
2368.57007 0.008817
2368.67676 0.008784
2368.78369 0.00875
2368.89038 0.008715
2368.99707 0.00868
2369.10376 0.008645
2369.21069 0.00861
2369.31738 0.008574
2369.42407 0.008538
2369.53076 0.008502
2369.63770 0.008465
2369.74438 0.008428
2369.85107 0.008391
2369.95801 0.008354
2370.06470 0.008316
2370.17139 0.008277
2370.27808 0.008238
2370.38501 0.008198
2370.49170 0.008158
2370.59839 0.008117
2370.70508 0.008074
2370.81201 0.008031
2370.91870 0.007986
2371.02539 0.00794
2371.13208 0.007892
2371.23901 0.007843
2371.34570 0.007793
2371.45239 0.007742
2371.55908 0.00769
2371.66602 0.007638
2371.77271 0.007585
2371.87939 0.007532
2371.98608 0.007479
2372.09302 0.007427
2372.19971 0.007375
2372.30640 0.007324
2372.41333 0.007273
2372.52002 0.007223
2372.62671 0.007173
2372.73340 0.007123
2372.84033 0.007074
2372.94702 0.007025
2373.05371 0.006977
2373.16040 0.006929
2373.26733 0.006881
2373.37402 0.006832
2373.48071 0.006783
2373.58740 0.006733
2373.69434 0.006681
2373.80103 0.006627
2373.90771 0.006571
2374.01440 0.006513
2374.12134 0.006451
2374.22803 0.006387
2374.33472 0.006322
2374.44141 0.006256
2374.54834 0.006191
2374.65503 0.006129
2374.76172 0.006069
2374.86865 0.006015
2374.97534 0.005966
2375.08203 0.005923
2375.18872 0.005889
2375.29565 0.005862
2375.40234 0.005841
2375.50903 0.005826
2375.61572 0.005815
2375.72266 0.005807
2375.82935 0.005803
2375.93604 0.0058
2376.04272 0.005799
2376.14966 0.005798
2613.76465 0.0
