threeML/data/optical_filters/TD1/SPEC-F2540.ecsv
# %ECSV 0.9
# ---
# datatype:
# - {name: wavelength, unit: Angstrom, datatype: float32}
# - {name: response, datatype: float32}
# meta: !!omap
# - {band_name: F2540}
# - {group_name: SPEC}
wavelength response
2238.24707 0.0
2486.94116 0.010058
2487.04810 0.010124
2487.15479 0.01019
2487.26147 0.010256
2487.36816 0.010321
2487.47510 0.010387
2487.58179 0.010453
2487.68848 0.01052
2487.79517 0.010587
2487.90210 0.010655
2488.00879 0.010725
2488.11548 0.010795
2488.22241 0.010868
2488.32910 0.010941
2488.43579 0.011015
2488.54248 0.011089
2488.64941 0.011163
2488.75610 0.011236
2488.86279 0.011308
2488.96948 0.011378
2489.07642 0.011447
2489.18311 0.011514
2489.28979 0.011578
2489.39648 0.011642
2489.50342 0.011704
2489.61011 0.011765
2489.71680 0.011827
2489.82349 0.011888
2489.93042 0.01195
2490.03711 0.012013
2490.14380 0.012078
2490.25049 0.012143
2490.35742 0.01221
2490.46411 0.012277
2490.57080 0.012345
2490.67773 0.012412
2490.78442 0.012478
2490.89111 0.012543
2490.99780 0.012607
2491.10474 0.012669
2491.21143 0.012729
2491.31812 0.012787
2491.42480 0.012843
2491.53174 0.012899
2491.63843 0.012953
2491.74512 0.013007
2491.85181 0.01306
2491.95874 0.013114
2492.06543 0.013168
2492.17212 0.013222
2492.27881 0.013278
2492.38574 0.013334
2492.49243 0.013391
2492.59912 0.013448
2492.70581 0.013507
2492.81274 0.013566
2492.91943 0.013626
2493.02612 0.013687
2493.13281 0.013749
2493.23975 0.013812
2493.34644 0.013875
2493.45312 0.013939
2493.56006 0.014004
2493.66675 0.014069
2493.77344 0.014134
2493.88013 0.014199
2493.98706 0.014265
2494.09375 0.01433
2494.20044 0.014395
2494.30713 0.014461
2494.41406 0.014526
2494.52075 0.014592
2494.62744 0.014658
2494.73413 0.014724
2494.84106 0.014791
2494.94775 0.014859
2495.05444 0.014927
2495.16113 0.014997
2495.26807 0.015067
2495.37476 0.015139
2495.48145 0.015213
2495.58813 0.01529
2495.69507 0.015368
2495.80176 0.01545
2495.90845 0.015535
2496.01538 0.015624
2496.12207 0.015716
2496.22876 0.015813
2496.33545 0.015913
2496.44238 0.016016
2496.54907 0.016121
2496.65576 0.016229
2496.76245 0.016339
2496.86938 0.01645
2496.97607 0.016562
2497.08276 0.016675
2497.18945 0.016787
2497.29639 0.0169
2497.40308 0.017013
2497.50977 0.017127
2497.61646 0.017242
2497.72339 0.017357
2497.83008 0.017474
2497.93677 0.017592
2498.04346 0.017711
2498.15039 0.017831
2498.25708 0.017954
2498.36377 0.018079
2498.47046 0.018206
2498.57739 0.018337
2498.68408 0.018472
2498.79077 0.01861
2498.89771 0.018754
2499.00439 0.018902
2499.11108 0.019056
2499.21777 0.019215
2499.32471 0.019379
2499.43140 0.019548
2499.53809 0.019719
2499.64478 0.019894
2499.75171 0.02007
2499.85840 0.020247
2499.96509 0.020425
2500.07178 0.020602
2500.17871 0.020778
2500.28540 0.020953
2500.39209 0.021128
2500.49878 0.021302
2500.60571 0.021477
2500.71240 0.021651
2500.81909 0.021825
2500.92578 0.022
2501.03271 0.022176
2501.13940 0.022353
2501.24609 0.022531
2501.35303 0.022712
2501.45972 0.022897
2501.56641 0.023086
2501.67310 0.023281
2501.78003 0.023482
2501.88672 0.02369
2501.99341 0.023907
2502.10010 0.024133
2502.20703 0.024368
2502.31372 0.024612
2502.42041 0.024862
2502.52710 0.025119
2502.63403 0.02538
2502.74072 0.025644
2502.84741 0.02591
2502.95410 0.026176
2503.06104 0.026441
2503.16772 0.026705
2503.27441 0.026969
2503.38110 0.027234
2503.48804 0.027504
2503.59473 0.02778
2503.70142 0.028064
2503.80835 0.02836
2503.91504 0.028669
2504.02173 0.028993
2504.12842 0.029334
2504.23535 0.029694
2504.34204 0.030069
2504.44873 0.030459
2504.55542 0.030862
2504.66235 0.031275
2504.76904 0.031698
2504.87573 0.032127
2504.98242 0.032562
2505.08936 0.033001
2505.19604 0.033443
2505.30273 0.033887
2505.40942 0.034335
2505.51636 0.034789
2505.62305 0.035247
2505.72974 0.035712
2505.83643 0.036185
2505.94336 0.036665
2506.05005 0.037154
2506.15674 0.037653
2506.26343 0.038164
2506.37036 0.038688
2506.47705 0.039228
2506.58374 0.039786
2506.69067 0.040364
2506.79736 0.040965
2506.90405 0.041589
2507.01074 0.042241
2507.11768 0.042921
2507.22437 0.04363
2507.33105 0.044363
2507.43774 0.045118
2507.54468 0.045891
2507.65137 0.046679
2507.75806 0.047477
2507.86475 0.048283
2507.97168 0.049092
2508.07837 0.049902
2508.18506 0.050709
2508.29175 0.051514
2508.39868 0.052317
2508.50537 0.05312
2508.61206 0.053923
2508.71875 0.054728
2508.82568 0.055536
2508.93237 0.056346
2509.03906 0.057161
2509.14600 0.057982
2509.25269 0.058811
2509.35938 0.059654
2509.46606 0.060515
2509.57300 0.061399
2509.67969 0.062311
2509.78638 0.063256
2509.89307 0.064239
2510.00000 0.065265
2510.10669 0.066337
2510.21338 0.067459
2510.32007 0.068627
2510.42700 0.069839
2510.53369 0.071091
2510.64038 0.07238
2510.74707 0.073702
2510.85400 0.075055
2510.96069 0.076434
2511.06738 0.077838
2511.17407 0.079263
2511.28101 0.080711
2511.38770 0.082183
2511.49438 0.083682
2511.60132 0.085209
2511.70801 0.086767
2511.81470 0.088357
2511.92139 0.089982
2512.02832 0.091644
2512.13501 0.093345
2512.24170 0.09509
2512.34839 0.096889
2512.45532 0.098749
2512.56201 0.10068
2512.66870 0.102689
2512.77539 0.104786
2512.88232 0.106979
2512.98901 0.109276
2513.09570 0.111686
2513.20239 0.114212
2513.30933 0.116843
2513.41602 0.119568
2513.52271 0.122375
2513.62939 0.125251
2513.73633 0.128184
2513.84302 0.131163
2513.94971 0.134175
2514.05640 0.137208
2514.16333 0.140252
2514.27002 0.143307
2514.37671 0.146377
2514.48364 0.149466
2514.59033 0.152578
2514.69702 0.155717
2514.80371 0.158888
2514.91064 0.162096
2515.01733 0.165343
2515.12402 0.168636
2515.23071 0.171981
2515.33765 0.175391
2515.44434 0.17888
2515.55103 0.182459
2515.65771 0.186141
2515.76465 0.18994
2515.87134 0.193868
2515.97803 0.197937
2516.08472 0.202161
2516.19165 0.206543
2516.29834 0.21106
2516.40503 0.215683
2516.51172 0.220384
2516.61865 0.225134
2516.72534 0.229905
2516.83203 0.234669
2516.93896 0.239396
2517.04565 0.244059
2517.15234 0.248632
2517.25903 0.253126
2517.36597 0.257571
2517.47266 0.261994
2517.57935 0.266427
2517.68604 0.270899
2517.79297 0.27544
2517.89966 0.280078
2518.00635 0.284844
2518.11304 0.289767
2518.21997 0.294852
2518.32666 0.300072
2518.43335 0.305395
2518.54004 0.310791
2518.64697 0.316228
2518.75366 0.321676
2518.86035 0.327104
2518.96704 0.332481
2519.07397 0.337776
2519.18066 0.342965
2519.28735 0.348052
2519.39429 0.353049
2519.50098 0.357967
2519.60767 0.362818
2519.71436 0.367613
2519.82129 0.372364
2519.92798 0.377081
2520.03467 0.381778
2520.14136 0.386464
2520.24829 0.391153
2520.35498 0.395856
2520.46167 0.400586
2520.56836 0.405357
2520.67529 0.41018
2520.78198 0.415067
2520.88867 0.420033
2520.99536 0.425088
2521.10229 0.430245
2521.20898 0.435507
2521.31567 0.440851
2521.42236 0.446256
2521.52930 0.451698
2521.63599 0.457155
2521.74268 0.462603
2521.84937 0.468021
2521.95630 0.473384
2522.06299 0.478671
2522.16968 0.483862
2522.27661 0.488961
2522.38330 0.493981
2522.48999 0.498932
2522.59668 0.503827
2522.70361 0.508678
2522.81030 0.513495
2522.91699 0.518292
2523.02368 0.52308
2523.13062 0.527871
2523.23730 0.532674
2523.34399 0.537499
2523.45068 0.542354
2523.55762 0.547248
2523.66431 0.55219
2523.77100 0.557188
2523.87769 0.562251
2523.98462 0.567387
2524.09131 0.572605
2524.19800 0.577906
2524.30469 0.583264
2524.41162 0.588654
2524.51831 0.594048
2524.62500 0.59942
2524.73193 0.604742
2524.83862 0.609987
2524.94531 0.615128
2525.05200 0.620139
2525.15894 0.624995
2525.26562 0.6297
2525.37231 0.634269
2525.47900 0.638719
2525.58594 0.643064
2525.69263 0.647321
2525.79932 0.651504
2525.90601 0.655631
2526.01294 0.659716
2526.11963 0.663775
2526.22632 0.667825
2526.33301 0.671883
2526.43994 0.675968
2526.54663 0.680097
2526.65332 0.684288
2526.76001 0.688559
2526.86694 0.692928
2526.97363 0.697413
2527.08032 0.702031
2527.18726 0.706792
2527.29395 0.711673
2527.40063 0.716646
2527.50732 0.721684
2527.61426 0.726758
2527.72095 0.731839
2527.82764 0.7369
2527.93433 0.741912
2528.04126 0.746846
2528.14795 0.751678
2528.25464 0.756415
2528.36133 0.761082
2528.46826 0.765707
2528.57495 0.770317
2528.68164 0.774937
2528.78833 0.779595
2528.89526 0.784318
2529.00195 0.789133
2529.10864 0.794065
2529.21533 0.79912
2529.32227 0.804268
2529.42896 0.809477
2529.53564 0.814714
2529.64233 0.819945
2529.74927 0.825139
2529.85596 0.830263
2529.96265 0.835284
2530.06958 0.840169
2530.17627 0.844892
2530.28296 0.849456
2530.38965 0.853875
2530.49658 0.858159
2530.60327 0.862321
2530.70996 0.866373
2530.81665 0.870327
2530.92358 0.874195
2531.03027 0.877989
2531.13696 0.881722
2531.24365 0.885395
2531.35059 0.889006
2531.45728 0.892552
2531.56396 0.896028
2531.67065 0.899431
2531.77759 0.902759
2531.88428 0.906006
2531.99097 0.909171
2532.09766 0.912248
2532.20459 0.915235
2532.31128 0.918127
2532.41797 0.920917
2532.52490 0.923602
2532.63159 0.926175
2532.73828 0.928633
2532.84497 0.930969
2532.95190 0.933179
2533.05859 0.935257
2533.16528 0.937201
2533.27197 0.939021
2533.37891 0.940732
2533.48560 0.94235
2533.59229 0.943891
2533.69897 0.945369
2533.80591 0.946802
2533.91260 0.948204
2534.01929 0.949591
2534.12598 0.950978
2534.23291 0.952374
2534.33960 0.953779
2534.44629 0.955196
2534.55298 0.956624
2534.65991 0.958065
2534.76660 0.95952
2534.87329 0.96099
2534.98022 0.962475
2535.08691 0.963977
2535.19360 0.965495
2535.30029 0.96702
2535.40723 0.968546
2535.51392 0.970063
2535.62061 0.971563
2535.72729 0.973038
2535.83423 0.97448
2535.94092 0.97588
2536.04761 0.977231
2536.15430 0.978524
2536.26123 0.979758
2536.36792 0.980938
2536.47461 0.982066
2536.58130 0.983145
2536.68823 0.984178
2536.79492 0.985168
2536.90161 0.986119
2537.00830 0.987032
2537.11523 0.987912
2537.22192 0.98876
2537.32861 0.989578
2537.43530 0.990364
2537.54224 0.991121
2537.64893 0.991848
2537.75562 0.992546
2537.86255 0.993216
2537.96924 0.993858
2538.07593 0.994472
2538.18262 0.99506
2538.28955 0.995619
2538.39624 0.996148
2538.50293 0.996646
2538.60962 0.997111
2538.71655 0.997542
2538.82324 0.997937
2538.92993 0.998294
2539.03662 0.998612
2539.14355 0.998891
2539.25024 0.99913
2539.35693 0.999333
2539.46362 0.999502
2539.57056 0.999641
2539.67725 0.999753
2539.78394 0.99984
2539.89062 0.999906
2539.99756 0.999952
2540.10425 0.999983
2540.21094 0.999999
2540.31787 1.0
2540.42456 0.999984
2540.53125 0.99995
2540.63794 0.999896
2540.74487 0.999821
2540.85156 0.999724
2540.95825 0.999603
2541.06494 0.999457
2541.17188 0.999286
2541.27856 0.999089
2541.38525 0.998867
2541.49194 0.998621
2541.59888 0.998353
2541.70557 0.998064
2541.81226 0.997753
2541.91895 0.997423
2542.02588 0.997074
2542.13257 0.996706
2542.23926 0.99632
2542.34595 0.99591
2542.45288 0.995475
2542.55957 0.995009
2542.66626 0.994511
2542.77319 0.993976
2542.87988 0.9934
2542.98657 0.992781
2543.09326 0.992115
2543.20020 0.9914
2543.30688 0.990638
2543.41357 0.989833
2543.52026 0.988987
2543.62720 0.988103
2543.73389 0.987183
2543.84058 0.986232
2543.94727 0.985251
2544.05420 0.984244
2544.16089 0.983212
2544.26758 0.982157
2544.37427 0.981077
2544.48120 0.979971
2544.58789 0.978838
2544.69458 0.977676
2544.80127 0.976486
2544.90820 0.975265
2545.01489 0.974014
2545.12158 0.97273
2545.22827 0.971411
2545.33521 0.970053
2545.44189 0.968649
2545.54858 0.967197
2545.65552 0.965689
2545.76221 0.964122
2545.86890 0.962491
2545.97559 0.960791
2546.08252 0.959016
2546.18921 0.957166
2546.29590 0.955248
2546.40259 0.953274
2546.50952 0.951252
2546.61621 0.949194
2546.72290 0.947111
2546.82959 0.945012
2546.93652 0.942908
2547.04321 0.940809
2547.14990 0.938725
2547.25659 0.936656
2547.36353 0.934596
2547.47021 0.932538
2547.57690 0.930477
2547.68359 0.928407
2547.79053 0.926323
2547.89722 0.924218
2548.00391 0.922087
2548.11084 0.919922
2548.21753 0.917711
2548.32422 0.915425
2548.43091 0.913035
2548.53784 0.910513
2548.64453 0.907829
2548.75122 0.904954
2548.85791 0.901861
2548.96484 0.898519
2549.07153 0.894901
2549.17822 0.890986
2549.28491 0.886796
2549.39185 0.882361
2549.49854 0.877714
2549.60522 0.872886
2549.71191 0.867908
2549.81885 0.862812
2549.92554 0.857629
2550.03223 0.852391
2550.13892 0.847128
2550.24585 0.841855
2550.35254 0.836573
2550.45923 0.831285
2550.56592 0.825992
2550.67285 0.820696
2550.77954 0.815398
2550.88623 0.810101
2550.99316 0.804807
2551.09985 0.799517
2551.20654 0.79423
2551.31323 0.788942
2551.42017 0.783646
2551.52686 0.778337
2551.63354 0.773009
2551.74023 0.767655
2551.84717 0.762272
2551.95386 0.756851
2552.06055 0.751388
2552.16724 0.74588
2552.27417 0.740341
2552.38086 0.734789
2552.48755 0.729244
2552.59424 0.723726
2552.70117 0.718255
2552.80786 0.71285
2552.91455 0.707531
2553.02124 0.702317
2553.12817 0.697227
2553.23486 0.692263
2553.34155 0.68741
2553.44849 0.682653
2553.55518 0.677977
2553.66187 0.673365
2553.76855 0.668804
2553.87549 0.664277
2553.98218 0.659768
2554.08887 0.655263
2554.19556 0.650747
2554.30249 0.646207
2554.40918 0.641628
2554.51587 0.636998
2554.62256 0.632304
2554.72949 0.627533
2554.83618 0.622671
2554.94287 0.617705
2555.04956 0.612623
2555.15649 0.607413
2555.26318 0.602096
2555.36987 0.596701
2555.47656 0.591262
2555.58350 0.585811
2555.69019 0.580378
2555.79688 0.574997
2555.90381 0.569698
2556.01050 0.564514
2556.11719 0.559477
2556.22388 0.55459
2556.33081 0.549826
2556.43750 0.545154
2556.54419 0.540542
2556.65088 0.53596
2556.75781 0.531378
2556.86450 0.526764
2556.97119 0.522087
2557.07788 0.517317
2557.18481 0.512434
2557.29150 0.507456
2557.39819 0.50241
2557.50488 0.497322
2557.61182 0.49222
2557.71851 0.487131
2557.82520 0.482082
2557.93188 0.477099
2558.03882 0.472209
2558.14551 0.467438
2558.25220 0.462786
2558.35889 0.458241
2558.46582 0.45379
2558.57251 0.449418
2558.67920 0.445114
2558.78613 0.440863
2558.89282 0.436652
2558.99951 0.432468
2559.10620 0.428297
2559.21313 0.424127
2559.31982 0.419948
2559.42651 0.415746
2559.53320 0.411513
2559.64014 0.407236
2559.74683 0.402905
2559.85352 0.398509
2559.96021 0.394036
2560.06714 0.389476
2560.17383 0.384822
2560.28052 0.380087
2560.38721 0.375292
2560.49414 0.370455
2560.60083 0.365598
2560.70752 0.36074
2560.81421 0.355901
2560.92114 0.351101
2561.02783 0.346359
2561.13452 0.341694
2561.24146 0.337109
2561.34814 0.332594
2561.45483 0.328137
2561.56152 0.323726
2561.66846 0.31935
2561.77515 0.314998
2561.88184 0.310658
2561.98853 0.30632
2562.09546 0.301971
2562.20215 0.297602
2562.30884 0.293205
2562.41553 0.28877
2562.52246 0.284292
2562.62915 0.279761
2562.73584 0.275169
2562.84253 0.27051
2562.94946 0.265775
2563.05615 0.260957
2563.16284 0.256049
2563.26953 0.251071
2563.37646 0.246048
2563.48315 0.241008
2563.58984 0.235975
2563.69678 0.230977
2563.80347 0.22604
2563.91016 0.22119
2564.01685 0.216455
2564.12378 0.211859
2564.23047 0.207412
2564.33716 0.203104
2564.44385 0.198926
2564.55078 0.194868
2564.65747 0.190919
2564.76416 0.187069
2564.87085 0.183308
2564.97778 0.179625
2565.08447 0.176011
2565.19116 0.172456
2565.29785 0.16895
2565.40479 0.165487
2565.51147 0.162059
2565.61816 0.158658
2565.72485 0.155276
2565.83179 0.151907
2565.93848 0.148543
2566.04517 0.145176
2566.15186 0.141802
2566.25879 0.138429
2566.36548 0.135073
2566.47217 0.131749
2566.57910 0.128473
2566.68579 0.125262
2566.79248 0.122128
2566.89917 0.119089
2567.00610 0.116157
2567.11279 0.113349
2567.21948 0.110668
2567.32617 0.108103
2567.43311 0.105646
2567.53979 0.103284
2567.64648 0.101006
2567.75317 0.098804
2567.86011 0.096666
2567.96680 0.094581
2568.07349 0.092541
2568.18018 0.090535
2568.28711 0.08856
2568.39380 0.086614
2568.50049 0.084694
2568.60718 0.082799
2568.71411 0.080925
2568.82080 0.079071
2568.92749 0.077233
2569.03442 0.07541
2569.14111 0.0736
2569.24780 0.071806
2569.35449 0.070035
2569.46143 0.068295
2569.56812 0.066594
2569.67480 0.06494
2569.78149 0.06334
2569.88843 0.061801
2569.99512 0.060332
2570.10181 0.05894
2570.20850 0.057627
2570.31543 0.056386
2570.42212 0.055209
2570.52881 0.054088
2570.63550 0.053013
2570.74243 0.051976
2570.84912 0.05097
2570.95581 0.049985
2571.06250 0.049014
2571.16943 0.048049
2571.27612 0.047093
2571.38281 0.046148
2571.48975 0.045221
2571.59644 0.044316
2571.70312 0.043437
2571.80981 0.042588
2571.91675 0.041774
2572.02344 0.041001
2572.13013 0.040271
2572.23682 0.039585
2572.34375 0.03894
2572.45044 0.03833
2572.55713 0.037754
2572.66382 0.037206
2572.77075 0.036682
2572.87744 0.036179
2572.98413 0.035693
2573.09082 0.035219
2573.19775 0.034755
2573.30444 0.034299
2573.41113 0.03385
2573.51782 0.033406
2573.62476 0.032966
2573.73145 0.032528
2573.83813 0.032092
2573.94482 0.031656
2574.05176 0.031219
2574.15845 0.030779
2574.26514 0.030337
2574.37207 0.029896
2574.47876 0.029456
2574.58545 0.029021
2574.69214 0.02859
2574.79907 0.028167
2574.90576 0.027753
2575.01245 0.027349
2575.11914 0.026958
2575.22607 0.026579
2575.33276 0.026212
2575.43945 0.025856
2575.54614 0.02551
2575.65308 0.025173
2575.75977 0.024842
2575.86646 0.024519
2575.97314 0.024201
2576.08008 0.023887
2576.18677 0.023576
2576.29346 0.023269
2576.40015 0.022963
2576.50708 0.022659
2576.61377 0.022357
2576.72046 0.022055
2576.82739 0.021753
2576.93408 0.021451
2577.04077 0.021147
2577.14746 0.020843
2577.25439 0.020537
2577.36108 0.020232
2577.46777 0.019929
2577.57446 0.019629
2577.68140 0.019334
2577.78809 0.019044
2577.89478 0.018761
2578.00146 0.018487
2578.10840 0.018222
2578.21509 0.017967
2578.32178 0.017721
2578.42847 0.017484
2578.53540 0.017255
2578.64209 0.017033
2578.74878 0.016817
2578.85547 0.016606
2578.96240 0.0164
2579.06909 0.016198
2579.17578 0.015999
2579.28271 0.015802
2579.38940 0.015609
2579.49609 0.015417
2579.60278 0.015227
2579.70972 0.015039
2579.81641 0.014852
2579.92310 0.014666
2580.02979 0.01448
2580.13672 0.014296
2580.24341 0.014112
2580.35010 0.01393
2580.45679 0.01375
2580.56372 0.013573
2580.67041 0.013401
2580.77710 0.013234
2580.88379 0.013073
2580.99072 0.012918
2581.09741 0.01277
2581.20410 0.012631
2581.31079 0.012498
2581.41772 0.012372
2581.52441 0.012251
2581.63110 0.012135
2581.73779 0.012022
2581.84473 0.011912
2581.95142 0.011805
2582.05811 0.011698
2582.16504 0.011592
2582.27173 0.011487
2582.37842 0.011383
2582.48511 0.01128
2582.59204 0.01118
2582.69873 0.011082
2582.80542 0.010988
2582.91211 0.010898
2583.01904 0.010812
2583.12573 0.010731
2583.23242 0.010655
2583.33911 0.010583
2583.44604 0.010516
2583.55273 0.010452
2583.65942 0.010391
2583.76611 0.010334
2583.87305 0.010279
2583.97974 0.010226
2584.08643 0.010175
2584.19312 0.010125
2584.30005 0.010077
2584.40674 0.01003
2584.51343 0.009984
2584.62036 0.009939
2584.72705 0.009896
2584.83374 0.009853
2584.94043 0.009812
2585.04736 0.009771
2585.15405 0.009731
2585.26074 0.009692
2585.36743 0.009654
2585.47437 0.009617
2585.58105 0.009581
2585.68774 0.009547
2585.79443 0.009513
2585.90137 0.009481
2586.00806 0.009449
2586.11475 0.00942
2586.22144 0.009391
2586.32837 0.009364
2586.43506 0.009337
2586.54175 0.009312
2586.64844 0.009287
2586.75537 0.009263
2586.86206 0.009239
2586.96875 0.009216
2587.07568 0.009193
2587.18237 0.00917
2587.28906 0.009147
2587.39575 0.009124
2587.50269 0.0091
2587.60938 0.009076
2587.71606 0.009051
2587.82275 0.009025
2587.92969 0.008999
2588.03638 0.008971
2588.14307 0.008943
2588.24976 0.008913
2588.35669 0.008882
2588.46338 0.00885
2588.57007 0.008817
2588.67676 0.008784
2588.78369 0.00875
2588.89038 0.008715
2588.99707 0.00868
2589.10376 0.008645
2589.21069 0.00861
2589.31738 0.008574
2589.42407 0.008538
2589.53076 0.008502
2589.63770 0.008465
2589.74438 0.008428
2589.85107 0.008391
2589.95801 0.008354
2590.06470 0.008316
2590.17139 0.008277
2590.27808 0.008238
2590.38501 0.008198
2590.49170 0.008158
2590.59839 0.008117
2590.70508 0.008074
2590.81201 0.008031
2590.91870 0.007986
2591.02539 0.00794
2591.13208 0.007892
2591.23901 0.007843
2591.34570 0.007793
2591.45239 0.007742
2591.55908 0.00769
2591.66602 0.007638
2591.77271 0.007585
2591.87939 0.007532
2591.98608 0.007479
2592.09302 0.007427
2592.19971 0.007375
2592.30640 0.007324
2592.41333 0.007273
2592.52002 0.007223
2592.62671 0.007173
2592.73340 0.007123
2592.84033 0.007074
2592.94702 0.007025
2593.05371 0.006977
2593.16040 0.006929
2593.26733 0.006881
2593.37402 0.006832
2593.48071 0.006783
2593.58740 0.006733
2593.69434 0.006681
2593.80103 0.006627
2593.90771 0.006571
2594.01440 0.006513
2594.12134 0.006451
2594.22803 0.006387
2594.33472 0.006322
2594.44141 0.006256
2594.54834 0.006191
2594.65503 0.006129
2594.76172 0.006069
2594.86865 0.006015
2594.97534 0.005966
2595.08203 0.005923
2595.18872 0.005889
2595.29565 0.005862
2595.40234 0.005841
2595.50903 0.005826
2595.61572 0.005815
2595.72266 0.005807
2595.82935 0.005803
2595.93604 0.0058
2596.04272 0.005799
2596.14966 0.005798
2855.76465 0.0
