threeML/data/optical_filters/TD1/SPEC-F2240.ecsv
# %ECSV 0.9
# ---
# datatype:
# - {name: wavelength, unit: Angstrom, datatype: float32}
# - {name: response, datatype: float32}
# meta: !!omap
# - {band_name: F2240}
# - {group_name: SPEC}
wavelength response
1968.24707 0.0
2186.94116 0.010058
2187.04810 0.010124
2187.15479 0.01019
2187.26147 0.010256
2187.36816 0.010321
2187.47510 0.010387
2187.58179 0.010453
2187.68848 0.01052
2187.79517 0.010587
2187.90210 0.010655
2188.00879 0.010725
2188.11548 0.010795
2188.22241 0.010868
2188.32910 0.010941
2188.43579 0.011015
2188.54248 0.011089
2188.64941 0.011163
2188.75610 0.011236
2188.86279 0.011308
2188.96948 0.011378
2189.07642 0.011447
2189.18311 0.011514
2189.28979 0.011578
2189.39648 0.011642
2189.50342 0.011704
2189.61011 0.011765
2189.71680 0.011827
2189.82349 0.011888
2189.93042 0.01195
2190.03711 0.012013
2190.14380 0.012078
2190.25049 0.012143
2190.35742 0.01221
2190.46411 0.012277
2190.57080 0.012345
2190.67773 0.012412
2190.78442 0.012478
2190.89111 0.012543
2190.99780 0.012607
2191.10474 0.012669
2191.21143 0.012729
2191.31812 0.012787
2191.42480 0.012843
2191.53174 0.012899
2191.63843 0.012953
2191.74512 0.013007
2191.85181 0.01306
2191.95874 0.013114
2192.06543 0.013168
2192.17212 0.013222
2192.27881 0.013278
2192.38574 0.013334
2192.49243 0.013391
2192.59912 0.013448
2192.70581 0.013507
2192.81274 0.013566
2192.91943 0.013626
2193.02612 0.013687
2193.13281 0.013749
2193.23975 0.013812
2193.34644 0.013875
2193.45312 0.013939
2193.56006 0.014004
2193.66675 0.014069
2193.77344 0.014134
2193.88013 0.014199
2193.98706 0.014265
2194.09375 0.01433
2194.20044 0.014395
2194.30713 0.014461
2194.41406 0.014526
2194.52075 0.014592
2194.62744 0.014658
2194.73413 0.014724
2194.84106 0.014791
2194.94775 0.014859
2195.05444 0.014927
2195.16113 0.014997
2195.26807 0.015067
2195.37476 0.015139
2195.48145 0.015213
2195.58813 0.01529
2195.69507 0.015368
2195.80176 0.01545
2195.90845 0.015535
2196.01538 0.015624
2196.12207 0.015716
2196.22876 0.015813
2196.33545 0.015913
2196.44238 0.016016
2196.54907 0.016121
2196.65576 0.016229
2196.76245 0.016339
2196.86938 0.01645
2196.97607 0.016562
2197.08276 0.016675
2197.18945 0.016787
2197.29639 0.0169
2197.40308 0.017013
2197.50977 0.017127
2197.61646 0.017242
2197.72339 0.017357
2197.83008 0.017474
2197.93677 0.017592
2198.04346 0.017711
2198.15039 0.017831
2198.25708 0.017954
2198.36377 0.018079
2198.47046 0.018206
2198.57739 0.018337
2198.68408 0.018472
2198.79077 0.01861
2198.89771 0.018754
2199.00439 0.018902
2199.11108 0.019056
2199.21777 0.019215
2199.32471 0.019379
2199.43140 0.019548
2199.53809 0.019719
2199.64478 0.019894
2199.75171 0.02007
2199.85840 0.020247
2199.96509 0.020425
2200.07178 0.020602
2200.17871 0.020778
2200.28540 0.020953
2200.39209 0.021128
2200.49878 0.021302
2200.60571 0.021477
2200.71240 0.021651
2200.81909 0.021825
2200.92578 0.022
2201.03271 0.022176
2201.13940 0.022353
2201.24609 0.022531
2201.35303 0.022712
2201.45972 0.022897
2201.56641 0.023086
2201.67310 0.023281
2201.78003 0.023482
2201.88672 0.02369
2201.99341 0.023907
2202.10010 0.024133
2202.20703 0.024368
2202.31372 0.024612
2202.42041 0.024862
2202.52710 0.025119
2202.63403 0.02538
2202.74072 0.025644
2202.84741 0.02591
2202.95410 0.026176
2203.06104 0.026441
2203.16772 0.026705
2203.27441 0.026969
2203.38110 0.027234
2203.48804 0.027504
2203.59473 0.02778
2203.70142 0.028064
2203.80835 0.02836
2203.91504 0.028669
2204.02173 0.028993
2204.12842 0.029334
2204.23535 0.029694
2204.34204 0.030069
2204.44873 0.030459
2204.55542 0.030862
2204.66235 0.031275
2204.76904 0.031698
2204.87573 0.032127
2204.98242 0.032562
2205.08936 0.033001
2205.19604 0.033443
2205.30273 0.033887
2205.40942 0.034335
2205.51636 0.034789
2205.62305 0.035247
2205.72974 0.035712
2205.83643 0.036185
2205.94336 0.036665
2206.05005 0.037154
2206.15674 0.037653
2206.26343 0.038164
2206.37036 0.038688
2206.47705 0.039228
2206.58374 0.039786
2206.69067 0.040364
2206.79736 0.040965
2206.90405 0.041589
2207.01074 0.042241
2207.11768 0.042921
2207.22437 0.04363
2207.33105 0.044363
2207.43774 0.045118
2207.54468 0.045891
2207.65137 0.046679
2207.75806 0.047477
2207.86475 0.048283
2207.97168 0.049092
2208.07837 0.049902
2208.18506 0.050709
2208.29175 0.051514
2208.39868 0.052317
2208.50537 0.05312
2208.61206 0.053923
2208.71875 0.054728
2208.82568 0.055536
2208.93237 0.056346
2209.03906 0.057161
2209.14600 0.057982
2209.25269 0.058811
2209.35938 0.059654
2209.46606 0.060515
2209.57300 0.061399
2209.67969 0.062311
2209.78638 0.063256
2209.89307 0.064239
2210.00000 0.065265
2210.10669 0.066337
2210.21338 0.067459
2210.32007 0.068627
2210.42700 0.069839
2210.53369 0.071091
2210.64038 0.07238
2210.74707 0.073702
2210.85400 0.075055
2210.96069 0.076434
2211.06738 0.077838
2211.17407 0.079263
2211.28101 0.080711
2211.38770 0.082183
2211.49438 0.083682
2211.60132 0.085209
2211.70801 0.086767
2211.81470 0.088357
2211.92139 0.089982
2212.02832 0.091644
2212.13501 0.093345
2212.24170 0.09509
2212.34839 0.096889
2212.45532 0.098749
2212.56201 0.10068
2212.66870 0.102689
2212.77539 0.104786
2212.88232 0.106979
2212.98901 0.109276
2213.09570 0.111686
2213.20239 0.114212
2213.30933 0.116843
2213.41602 0.119568
2213.52271 0.122375
2213.62939 0.125251
2213.73633 0.128184
2213.84302 0.131163
2213.94971 0.134175
2214.05640 0.137208
2214.16333 0.140252
2214.27002 0.143307
2214.37671 0.146377
2214.48364 0.149466
2214.59033 0.152578
2214.69702 0.155717
2214.80371 0.158888
2214.91064 0.162096
2215.01733 0.165343
2215.12402 0.168636
2215.23071 0.171981
2215.33765 0.175391
2215.44434 0.17888
2215.55103 0.182459
2215.65771 0.186141
2215.76465 0.18994
2215.87134 0.193868
2215.97803 0.197937
2216.08472 0.202161
2216.19165 0.206543
2216.29834 0.21106
2216.40503 0.215683
2216.51172 0.220384
2216.61865 0.225134
2216.72534 0.229905
2216.83203 0.234669
2216.93896 0.239396
2217.04565 0.244059
2217.15234 0.248632
2217.25903 0.253126
2217.36597 0.257571
2217.47266 0.261994
2217.57935 0.266427
2217.68604 0.270899
2217.79297 0.27544
2217.89966 0.280078
2218.00635 0.284844
2218.11304 0.289767
2218.21997 0.294852
2218.32666 0.300072
2218.43335 0.305395
2218.54004 0.310791
2218.64697 0.316228
2218.75366 0.321676
2218.86035 0.327104
2218.96704 0.332481
2219.07397 0.337776
2219.18066 0.342965
2219.28735 0.348052
2219.39429 0.353049
2219.50098 0.357967
2219.60767 0.362818
2219.71436 0.367613
2219.82129 0.372364
2219.92798 0.377081
2220.03467 0.381778
2220.14136 0.386464
2220.24829 0.391153
2220.35498 0.395856
2220.46167 0.400586
2220.56836 0.405357
2220.67529 0.41018
2220.78198 0.415067
2220.88867 0.420033
2220.99536 0.425088
2221.10229 0.430245
2221.20898 0.435507
2221.31567 0.440851
2221.42236 0.446256
2221.52930 0.451698
2221.63599 0.457155
2221.74268 0.462603
2221.84937 0.468021
2221.95630 0.473384
2222.06299 0.478671
2222.16968 0.483862
2222.27661 0.488961
2222.38330 0.493981
2222.48999 0.498932
2222.59668 0.503827
2222.70361 0.508678
2222.81030 0.513495
2222.91699 0.518292
2223.02368 0.52308
2223.13062 0.527871
2223.23730 0.532674
2223.34399 0.537499
2223.45068 0.542354
2223.55762 0.547248
2223.66431 0.55219
2223.77100 0.557188
2223.87769 0.562251
2223.98462 0.567387
2224.09131 0.572605
2224.19800 0.577906
2224.30469 0.583264
2224.41162 0.588654
2224.51831 0.594048
2224.62500 0.59942
2224.73193 0.604742
2224.83862 0.609987
2224.94531 0.615128
2225.05200 0.620139
2225.15894 0.624995
2225.26562 0.6297
2225.37231 0.634269
2225.47900 0.638719
2225.58594 0.643064
2225.69263 0.647321
2225.79932 0.651504
2225.90601 0.655631
2226.01294 0.659716
2226.11963 0.663775
2226.22632 0.667825
2226.33301 0.671883
2226.43994 0.675968
2226.54663 0.680097
2226.65332 0.684288
2226.76001 0.688559
2226.86694 0.692928
2226.97363 0.697413
2227.08032 0.702031
2227.18726 0.706792
2227.29395 0.711673
2227.40063 0.716646
2227.50732 0.721684
2227.61426 0.726758
2227.72095 0.731839
2227.82764 0.7369
2227.93433 0.741912
2228.04126 0.746846
2228.14795 0.751678
2228.25464 0.756415
2228.36133 0.761082
2228.46826 0.765707
2228.57495 0.770317
2228.68164 0.774937
2228.78833 0.779595
2228.89526 0.784318
2229.00195 0.789133
2229.10864 0.794065
2229.21533 0.79912
2229.32227 0.804268
2229.42896 0.809477
2229.53564 0.814714
2229.64233 0.819945
2229.74927 0.825139
2229.85596 0.830263
2229.96265 0.835284
2230.06958 0.840169
2230.17627 0.844892
2230.28296 0.849456
2230.38965 0.853875
2230.49658 0.858159
2230.60327 0.862321
2230.70996 0.866373
2230.81665 0.870327
2230.92358 0.874195
2231.03027 0.877989
2231.13696 0.881722
2231.24365 0.885395
2231.35059 0.889006
2231.45728 0.892552
2231.56396 0.896028
2231.67065 0.899431
2231.77759 0.902759
2231.88428 0.906006
2231.99097 0.909171
2232.09766 0.912248
2232.20459 0.915235
2232.31128 0.918127
2232.41797 0.920917
2232.52490 0.923602
2232.63159 0.926175
2232.73828 0.928633
2232.84497 0.930969
2232.95190 0.933179
2233.05859 0.935257
2233.16528 0.937201
2233.27197 0.939021
2233.37891 0.940732
2233.48560 0.94235
2233.59229 0.943891
2233.69897 0.945369
2233.80591 0.946802
2233.91260 0.948204
2234.01929 0.949591
2234.12598 0.950978
2234.23291 0.952374
2234.33960 0.953779
2234.44629 0.955196
2234.55298 0.956624
2234.65991 0.958065
2234.76660 0.95952
2234.87329 0.96099
2234.98022 0.962475
2235.08691 0.963977
2235.19360 0.965495
2235.30029 0.96702
2235.40723 0.968546
2235.51392 0.970063
2235.62061 0.971563
2235.72729 0.973038
2235.83423 0.97448
2235.94092 0.97588
2236.04761 0.977231
2236.15430 0.978524
2236.26123 0.979758
2236.36792 0.980938
2236.47461 0.982066
2236.58130 0.983145
2236.68823 0.984178
2236.79492 0.985168
2236.90161 0.986119
2237.00830 0.987032
2237.11523 0.987912
2237.22192 0.98876
2237.32861 0.989578
2237.43530 0.990364
2237.54224 0.991121
2237.64893 0.991848
2237.75562 0.992546
2237.86255 0.993216
2237.96924 0.993858
2238.07593 0.994472
2238.18262 0.99506
2238.28955 0.995619
2238.39624 0.996148
2238.50293 0.996646
2238.60962 0.997111
2238.71655 0.997542
2238.82324 0.997937
2238.92993 0.998294
2239.03662 0.998612
2239.14355 0.998891
2239.25024 0.99913
2239.35693 0.999333
2239.46362 0.999502
2239.57056 0.999641
2239.67725 0.999753
2239.78394 0.99984
2239.89062 0.999906
2239.99756 0.999952
2240.10425 0.999983
2240.21094 0.999999
2240.31787 1.0
2240.42456 0.999984
2240.53125 0.99995
2240.63794 0.999896
2240.74487 0.999821
2240.85156 0.999724
2240.95825 0.999603
2241.06494 0.999457
2241.17188 0.999286
2241.27856 0.999089
2241.38525 0.998867
2241.49194 0.998621
2241.59888 0.998353
2241.70557 0.998064
2241.81226 0.997753
2241.91895 0.997423
2242.02588 0.997074
2242.13257 0.996706
2242.23926 0.99632
2242.34595 0.99591
2242.45288 0.995475
2242.55957 0.995009
2242.66626 0.994511
2242.77319 0.993976
2242.87988 0.9934
2242.98657 0.992781
2243.09326 0.992115
2243.20020 0.9914
2243.30688 0.990638
2243.41357 0.989833
2243.52026 0.988987
2243.62720 0.988103
2243.73389 0.987183
2243.84058 0.986232
2243.94727 0.985251
2244.05420 0.984244
2244.16089 0.983212
2244.26758 0.982157
2244.37427 0.981077
2244.48120 0.979971
2244.58789 0.978838
2244.69458 0.977676
2244.80127 0.976486
2244.90820 0.975265
2245.01489 0.974014
2245.12158 0.97273
2245.22827 0.971411
2245.33521 0.970053
2245.44189 0.968649
2245.54858 0.967197
2245.65552 0.965689
2245.76221 0.964122
2245.86890 0.962491
2245.97559 0.960791
2246.08252 0.959016
2246.18921 0.957166
2246.29590 0.955248
2246.40259 0.953274
2246.50952 0.951252
2246.61621 0.949194
2246.72290 0.947111
2246.82959 0.945012
2246.93652 0.942908
2247.04321 0.940809
2247.14990 0.938725
2247.25659 0.936656
2247.36353 0.934596
2247.47021 0.932538
2247.57690 0.930477
2247.68359 0.928407
2247.79053 0.926323
2247.89722 0.924218
2248.00391 0.922087
2248.11084 0.919922
2248.21753 0.917711
2248.32422 0.915425
2248.43091 0.913035
2248.53784 0.910513
2248.64453 0.907829
2248.75122 0.904954
2248.85791 0.901861
2248.96484 0.898519
2249.07153 0.894901
2249.17822 0.890986
2249.28491 0.886796
2249.39185 0.882361
2249.49854 0.877714
2249.60522 0.872886
2249.71191 0.867908
2249.81885 0.862812
2249.92554 0.857629
2250.03223 0.852391
2250.13892 0.847128
2250.24585 0.841855
2250.35254 0.836573
2250.45923 0.831285
2250.56592 0.825992
2250.67285 0.820696
2250.77954 0.815398
2250.88623 0.810101
2250.99316 0.804807
2251.09985 0.799517
2251.20654 0.79423
2251.31323 0.788942
2251.42017 0.783646
2251.52686 0.778337
2251.63354 0.773009
2251.74023 0.767655
2251.84717 0.762272
2251.95386 0.756851
2252.06055 0.751388
2252.16724 0.74588
2252.27417 0.740341
2252.38086 0.734789
2252.48755 0.729244
2252.59424 0.723726
2252.70117 0.718255
2252.80786 0.71285
2252.91455 0.707531
2253.02124 0.702317
2253.12817 0.697227
2253.23486 0.692263
2253.34155 0.68741
2253.44849 0.682653
2253.55518 0.677977
2253.66187 0.673365
2253.76855 0.668804
2253.87549 0.664277
2253.98218 0.659768
2254.08887 0.655263
2254.19556 0.650747
2254.30249 0.646207
2254.40918 0.641628
2254.51587 0.636998
2254.62256 0.632304
2254.72949 0.627533
2254.83618 0.622671
2254.94287 0.617705
2255.04956 0.612623
2255.15649 0.607413
2255.26318 0.602096
2255.36987 0.596701
2255.47656 0.591262
2255.58350 0.585811
2255.69019 0.580378
2255.79688 0.574997
2255.90381 0.569698
2256.01050 0.564514
2256.11719 0.559477
2256.22388 0.55459
2256.33081 0.549826
2256.43750 0.545154
2256.54419 0.540542
2256.65088 0.53596
2256.75781 0.531378
2256.86450 0.526764
2256.97119 0.522087
2257.07788 0.517317
2257.18481 0.512434
2257.29150 0.507456
2257.39819 0.50241
2257.50488 0.497322
2257.61182 0.49222
2257.71851 0.487131
2257.82520 0.482082
2257.93188 0.477099
2258.03882 0.472209
2258.14551 0.467438
2258.25220 0.462786
2258.35889 0.458241
2258.46582 0.45379
2258.57251 0.449418
2258.67920 0.445114
2258.78613 0.440863
2258.89282 0.436652
2258.99951 0.432468
2259.10620 0.428297
2259.21313 0.424127
2259.31982 0.419948
2259.42651 0.415746
2259.53320 0.411513
2259.64014 0.407236
2259.74683 0.402905
2259.85352 0.398509
2259.96021 0.394036
2260.06714 0.389476
2260.17383 0.384822
2260.28052 0.380087
2260.38721 0.375292
2260.49414 0.370455
2260.60083 0.365598
2260.70752 0.36074
2260.81421 0.355901
2260.92114 0.351101
2261.02783 0.346359
2261.13452 0.341694
2261.24146 0.337109
2261.34814 0.332594
2261.45483 0.328137
2261.56152 0.323726
2261.66846 0.31935
2261.77515 0.314998
2261.88184 0.310658
2261.98853 0.30632
2262.09546 0.301971
2262.20215 0.297602
2262.30884 0.293205
2262.41553 0.28877
2262.52246 0.284292
2262.62915 0.279761
2262.73584 0.275169
2262.84253 0.27051
2262.94946 0.265775
2263.05615 0.260957
2263.16284 0.256049
2263.26953 0.251071
2263.37646 0.246048
2263.48315 0.241008
2263.58984 0.235975
2263.69678 0.230977
2263.80347 0.22604
2263.91016 0.22119
2264.01685 0.216455
2264.12378 0.211859
2264.23047 0.207412
2264.33716 0.203104
2264.44385 0.198926
2264.55078 0.194868
2264.65747 0.190919
2264.76416 0.187069
2264.87085 0.183308
2264.97778 0.179625
2265.08447 0.176011
2265.19116 0.172456
2265.29785 0.16895
2265.40479 0.165487
2265.51147 0.162059
2265.61816 0.158658
2265.72485 0.155276
2265.83179 0.151907
2265.93848 0.148543
2266.04517 0.145176
2266.15186 0.141802
2266.25879 0.138429
2266.36548 0.135073
2266.47217 0.131749
2266.57910 0.128473
2266.68579 0.125262
2266.79248 0.122128
2266.89917 0.119089
2267.00610 0.116157
2267.11279 0.113349
2267.21948 0.110668
2267.32617 0.108103
2267.43311 0.105646
2267.53979 0.103284
2267.64648 0.101006
2267.75317 0.098804
2267.86011 0.096666
2267.96680 0.094581
2268.07349 0.092541
2268.18018 0.090535
2268.28711 0.08856
2268.39380 0.086614
2268.50049 0.084694
2268.60718 0.082799
2268.71411 0.080925
2268.82080 0.079071
2268.92749 0.077233
2269.03442 0.07541
2269.14111 0.0736
2269.24780 0.071806
2269.35449 0.070035
2269.46143 0.068295
2269.56812 0.066594
2269.67480 0.06494
2269.78149 0.06334
2269.88843 0.061801
2269.99512 0.060332
2270.10181 0.05894
2270.20850 0.057627
2270.31543 0.056386
2270.42212 0.055209
2270.52881 0.054088
2270.63550 0.053013
2270.74243 0.051976
2270.84912 0.05097
2270.95581 0.049985
2271.06250 0.049014
2271.16943 0.048049
2271.27612 0.047093
2271.38281 0.046148
2271.48975 0.045221
2271.59644 0.044316
2271.70312 0.043437
2271.80981 0.042588
2271.91675 0.041774
2272.02344 0.041001
2272.13013 0.040271
2272.23682 0.039585
2272.34375 0.03894
2272.45044 0.03833
2272.55713 0.037754
2272.66382 0.037206
2272.77075 0.036682
2272.87744 0.036179
2272.98413 0.035693
2273.09082 0.035219
2273.19775 0.034755
2273.30444 0.034299
2273.41113 0.03385
2273.51782 0.033406
2273.62476 0.032966
2273.73145 0.032528
2273.83813 0.032092
2273.94482 0.031656
2274.05176 0.031219
2274.15845 0.030779
2274.26514 0.030337
2274.37207 0.029896
2274.47876 0.029456
2274.58545 0.029021
2274.69214 0.02859
2274.79907 0.028167
2274.90576 0.027753
2275.01245 0.027349
2275.11914 0.026958
2275.22607 0.026579
2275.33276 0.026212
2275.43945 0.025856
2275.54614 0.02551
2275.65308 0.025173
2275.75977 0.024842
2275.86646 0.024519
2275.97314 0.024201
2276.08008 0.023887
2276.18677 0.023576
2276.29346 0.023269
2276.40015 0.022963
2276.50708 0.022659
2276.61377 0.022357
2276.72046 0.022055
2276.82739 0.021753
2276.93408 0.021451
2277.04077 0.021147
2277.14746 0.020843
2277.25439 0.020537
2277.36108 0.020232
2277.46777 0.019929
2277.57446 0.019629
2277.68140 0.019334
2277.78809 0.019044
2277.89478 0.018761
2278.00146 0.018487
2278.10840 0.018222
2278.21509 0.017967
2278.32178 0.017721
2278.42847 0.017484
2278.53540 0.017255
2278.64209 0.017033
2278.74878 0.016817
2278.85547 0.016606
2278.96240 0.0164
2279.06909 0.016198
2279.17578 0.015999
2279.28271 0.015802
2279.38940 0.015609
2279.49609 0.015417
2279.60278 0.015227
2279.70972 0.015039
2279.81641 0.014852
2279.92310 0.014666
2280.02979 0.01448
2280.13672 0.014296
2280.24341 0.014112
2280.35010 0.01393
2280.45679 0.01375
2280.56372 0.013573
2280.67041 0.013401
2280.77710 0.013234
2280.88379 0.013073
2280.99072 0.012918
2281.09741 0.01277
2281.20410 0.012631
2281.31079 0.012498
2281.41772 0.012372
2281.52441 0.012251
2281.63110 0.012135
2281.73779 0.012022
2281.84473 0.011912
2281.95142 0.011805
2282.05811 0.011698
2282.16504 0.011592
2282.27173 0.011487
2282.37842 0.011383
2282.48511 0.01128
2282.59204 0.01118
2282.69873 0.011082
2282.80542 0.010988
2282.91211 0.010898
2283.01904 0.010812
2283.12573 0.010731
2283.23242 0.010655
2283.33911 0.010583
2283.44604 0.010516
2283.55273 0.010452
2283.65942 0.010391
2283.76611 0.010334
2283.87305 0.010279
2283.97974 0.010226
2284.08643 0.010175
2284.19312 0.010125
2284.30005 0.010077
2284.40674 0.01003
2284.51343 0.009984
2284.62036 0.009939
2284.72705 0.009896
2284.83374 0.009853
2284.94043 0.009812
2285.04736 0.009771
2285.15405 0.009731
2285.26074 0.009692
2285.36743 0.009654
2285.47437 0.009617
2285.58105 0.009581
2285.68774 0.009547
2285.79443 0.009513
2285.90137 0.009481
2286.00806 0.009449
2286.11475 0.00942
2286.22144 0.009391
2286.32837 0.009364
2286.43506 0.009337
2286.54175 0.009312
2286.64844 0.009287
2286.75537 0.009263
2286.86206 0.009239
2286.96875 0.009216
2287.07568 0.009193
2287.18237 0.00917
2287.28906 0.009147
2287.39575 0.009124
2287.50269 0.0091
2287.60938 0.009076
2287.71606 0.009051
2287.82275 0.009025
2287.92969 0.008999
2288.03638 0.008971
2288.14307 0.008943
2288.24976 0.008913
2288.35669 0.008882
2288.46338 0.00885
2288.57007 0.008817
2288.67676 0.008784
2288.78369 0.00875
2288.89038 0.008715
2288.99707 0.00868
2289.10376 0.008645
2289.21069 0.00861
2289.31738 0.008574
2289.42407 0.008538
2289.53076 0.008502
2289.63770 0.008465
2289.74438 0.008428
2289.85107 0.008391
2289.95801 0.008354
2290.06470 0.008316
2290.17139 0.008277
2290.27808 0.008238
2290.38501 0.008198
2290.49170 0.008158
2290.59839 0.008117
2290.70508 0.008074
2290.81201 0.008031
2290.91870 0.007986
2291.02539 0.00794
2291.13208 0.007892
2291.23901 0.007843
2291.34570 0.007793
2291.45239 0.007742
2291.55908 0.00769
2291.66602 0.007638
2291.77271 0.007585
2291.87939 0.007532
2291.98608 0.007479
2292.09302 0.007427
2292.19971 0.007375
2292.30640 0.007324
2292.41333 0.007273
2292.52002 0.007223
2292.62671 0.007173
2292.73340 0.007123
2292.84033 0.007074
2292.94702 0.007025
2293.05371 0.006977
2293.16040 0.006929
2293.26733 0.006881
2293.37402 0.006832
2293.48071 0.006783
2293.58740 0.006733
2293.69434 0.006681
2293.80103 0.006627
2293.90771 0.006571
2294.01440 0.006513
2294.12134 0.006451
2294.22803 0.006387
2294.33472 0.006322
2294.44141 0.006256
2294.54834 0.006191
2294.65503 0.006129
2294.76172 0.006069
2294.86865 0.006015
2294.97534 0.005966
2295.08203 0.005923
2295.18872 0.005889
2295.29565 0.005862
2295.40234 0.005841
2295.50903 0.005826
2295.61572 0.005815
2295.72266 0.005807
2295.82935 0.005803
2295.93604 0.0058
2296.04272 0.005799
2296.14966 0.005798
2525.76465 0.0
