threeML/data/optical_filters/TD1/SPEC-F2400.ecsv
# %ECSV 0.9
# ---
# datatype:
# - {name: wavelength, unit: Angstrom, datatype: float32}
# - {name: response, datatype: float32}
# meta: !!omap
# - {band_name: F2400}
# - {group_name: SPEC}
wavelength response
2112.24707 0.0
2346.94116 0.010058
2347.04810 0.010124
2347.15479 0.01019
2347.26147 0.010256
2347.36816 0.010321
2347.47510 0.010387
2347.58179 0.010453
2347.68848 0.01052
2347.79517 0.010587
2347.90210 0.010655
2348.00879 0.010725
2348.11548 0.010795
2348.22241 0.010868
2348.32910 0.010941
2348.43579 0.011015
2348.54248 0.011089
2348.64941 0.011163
2348.75610 0.011236
2348.86279 0.011308
2348.96948 0.011378
2349.07642 0.011447
2349.18311 0.011514
2349.28979 0.011578
2349.39648 0.011642
2349.50342 0.011704
2349.61011 0.011765
2349.71680 0.011827
2349.82349 0.011888
2349.93042 0.01195
2350.03711 0.012013
2350.14380 0.012078
2350.25049 0.012143
2350.35742 0.01221
2350.46411 0.012277
2350.57080 0.012345
2350.67773 0.012412
2350.78442 0.012478
2350.89111 0.012543
2350.99780 0.012607
2351.10474 0.012669
2351.21143 0.012729
2351.31812 0.012787
2351.42480 0.012843
2351.53174 0.012899
2351.63843 0.012953
2351.74512 0.013007
2351.85181 0.01306
2351.95874 0.013114
2352.06543 0.013168
2352.17212 0.013222
2352.27881 0.013278
2352.38574 0.013334
2352.49243 0.013391
2352.59912 0.013448
2352.70581 0.013507
2352.81274 0.013566
2352.91943 0.013626
2353.02612 0.013687
2353.13281 0.013749
2353.23975 0.013812
2353.34644 0.013875
2353.45312 0.013939
2353.56006 0.014004
2353.66675 0.014069
2353.77344 0.014134
2353.88013 0.014199
2353.98706 0.014265
2354.09375 0.01433
2354.20044 0.014395
2354.30713 0.014461
2354.41406 0.014526
2354.52075 0.014592
2354.62744 0.014658
2354.73413 0.014724
2354.84106 0.014791
2354.94775 0.014859
2355.05444 0.014927
2355.16113 0.014997
2355.26807 0.015067
2355.37476 0.015139
2355.48145 0.015213
2355.58813 0.01529
2355.69507 0.015368
2355.80176 0.01545
2355.90845 0.015535
2356.01538 0.015624
2356.12207 0.015716
2356.22876 0.015813
2356.33545 0.015913
2356.44238 0.016016
2356.54907 0.016121
2356.65576 0.016229
2356.76245 0.016339
2356.86938 0.01645
2356.97607 0.016562
2357.08276 0.016675
2357.18945 0.016787
2357.29639 0.0169
2357.40308 0.017013
2357.50977 0.017127
2357.61646 0.017242
2357.72339 0.017357
2357.83008 0.017474
2357.93677 0.017592
2358.04346 0.017711
2358.15039 0.017831
2358.25708 0.017954
2358.36377 0.018079
2358.47046 0.018206
2358.57739 0.018337
2358.68408 0.018472
2358.79077 0.01861
2358.89771 0.018754
2359.00439 0.018902
2359.11108 0.019056
2359.21777 0.019215
2359.32471 0.019379
2359.43140 0.019548
2359.53809 0.019719
2359.64478 0.019894
2359.75171 0.02007
2359.85840 0.020247
2359.96509 0.020425
2360.07178 0.020602
2360.17871 0.020778
2360.28540 0.020953
2360.39209 0.021128
2360.49878 0.021302
2360.60571 0.021477
2360.71240 0.021651
2360.81909 0.021825
2360.92578 0.022
2361.03271 0.022176
2361.13940 0.022353
2361.24609 0.022531
2361.35303 0.022712
2361.45972 0.022897
2361.56641 0.023086
2361.67310 0.023281
2361.78003 0.023482
2361.88672 0.02369
2361.99341 0.023907
2362.10010 0.024133
2362.20703 0.024368
2362.31372 0.024612
2362.42041 0.024862
2362.52710 0.025119
2362.63403 0.02538
2362.74072 0.025644
2362.84741 0.02591
2362.95410 0.026176
2363.06104 0.026441
2363.16772 0.026705
2363.27441 0.026969
2363.38110 0.027234
2363.48804 0.027504
2363.59473 0.02778
2363.70142 0.028064
2363.80835 0.02836
2363.91504 0.028669
2364.02173 0.028993
2364.12842 0.029334
2364.23535 0.029694
2364.34204 0.030069
2364.44873 0.030459
2364.55542 0.030862
2364.66235 0.031275
2364.76904 0.031698
2364.87573 0.032127
2364.98242 0.032562
2365.08936 0.033001
2365.19604 0.033443
2365.30273 0.033887
2365.40942 0.034335
2365.51636 0.034789
2365.62305 0.035247
2365.72974 0.035712
2365.83643 0.036185
2365.94336 0.036665
2366.05005 0.037154
2366.15674 0.037653
2366.26343 0.038164
2366.37036 0.038688
2366.47705 0.039228
2366.58374 0.039786
2366.69067 0.040364
2366.79736 0.040965
2366.90405 0.041589
2367.01074 0.042241
2367.11768 0.042921
2367.22437 0.04363
2367.33105 0.044363
2367.43774 0.045118
2367.54468 0.045891
2367.65137 0.046679
2367.75806 0.047477
2367.86475 0.048283
2367.97168 0.049092
2368.07837 0.049902
2368.18506 0.050709
2368.29175 0.051514
2368.39868 0.052317
2368.50537 0.05312
2368.61206 0.053923
2368.71875 0.054728
2368.82568 0.055536
2368.93237 0.056346
2369.03906 0.057161
2369.14600 0.057982
2369.25269 0.058811
2369.35938 0.059654
2369.46606 0.060515
2369.57300 0.061399
2369.67969 0.062311
2369.78638 0.063256
2369.89307 0.064239
2370.00000 0.065265
2370.10669 0.066337
2370.21338 0.067459
2370.32007 0.068627
2370.42700 0.069839
2370.53369 0.071091
2370.64038 0.07238
2370.74707 0.073702
2370.85400 0.075055
2370.96069 0.076434
2371.06738 0.077838
2371.17407 0.079263
2371.28101 0.080711
2371.38770 0.082183
2371.49438 0.083682
2371.60132 0.085209
2371.70801 0.086767
2371.81470 0.088357
2371.92139 0.089982
2372.02832 0.091644
2372.13501 0.093345
2372.24170 0.09509
2372.34839 0.096889
2372.45532 0.098749
2372.56201 0.10068
2372.66870 0.102689
2372.77539 0.104786
2372.88232 0.106979
2372.98901 0.109276
2373.09570 0.111686
2373.20239 0.114212
2373.30933 0.116843
2373.41602 0.119568
2373.52271 0.122375
2373.62939 0.125251
2373.73633 0.128184
2373.84302 0.131163
2373.94971 0.134175
2374.05640 0.137208
2374.16333 0.140252
2374.27002 0.143307
2374.37671 0.146377
2374.48364 0.149466
2374.59033 0.152578
2374.69702 0.155717
2374.80371 0.158888
2374.91064 0.162096
2375.01733 0.165343
2375.12402 0.168636
2375.23071 0.171981
2375.33765 0.175391
2375.44434 0.17888
2375.55103 0.182459
2375.65771 0.186141
2375.76465 0.18994
2375.87134 0.193868
2375.97803 0.197937
2376.08472 0.202161
2376.19165 0.206543
2376.29834 0.21106
2376.40503 0.215683
2376.51172 0.220384
2376.61865 0.225134
2376.72534 0.229905
2376.83203 0.234669
2376.93896 0.239396
2377.04565 0.244059
2377.15234 0.248632
2377.25903 0.253126
2377.36597 0.257571
2377.47266 0.261994
2377.57935 0.266427
2377.68604 0.270899
2377.79297 0.27544
2377.89966 0.280078
2378.00635 0.284844
2378.11304 0.289767
2378.21997 0.294852
2378.32666 0.300072
2378.43335 0.305395
2378.54004 0.310791
2378.64697 0.316228
2378.75366 0.321676
2378.86035 0.327104
2378.96704 0.332481
2379.07397 0.337776
2379.18066 0.342965
2379.28735 0.348052
2379.39429 0.353049
2379.50098 0.357967
2379.60767 0.362818
2379.71436 0.367613
2379.82129 0.372364
2379.92798 0.377081
2380.03467 0.381778
2380.14136 0.386464
2380.24829 0.391153
2380.35498 0.395856
2380.46167 0.400586
2380.56836 0.405357
2380.67529 0.41018
2380.78198 0.415067
2380.88867 0.420033
2380.99536 0.425088
2381.10229 0.430245
2381.20898 0.435507
2381.31567 0.440851
2381.42236 0.446256
2381.52930 0.451698
2381.63599 0.457155
2381.74268 0.462603
2381.84937 0.468021
2381.95630 0.473384
2382.06299 0.478671
2382.16968 0.483862
2382.27661 0.488961
2382.38330 0.493981
2382.48999 0.498932
2382.59668 0.503827
2382.70361 0.508678
2382.81030 0.513495
2382.91699 0.518292
2383.02368 0.52308
2383.13062 0.527871
2383.23730 0.532674
2383.34399 0.537499
2383.45068 0.542354
2383.55762 0.547248
2383.66431 0.55219
2383.77100 0.557188
2383.87769 0.562251
2383.98462 0.567387
2384.09131 0.572605
2384.19800 0.577906
2384.30469 0.583264
2384.41162 0.588654
2384.51831 0.594048
2384.62500 0.59942
2384.73193 0.604742
2384.83862 0.609987
2384.94531 0.615128
2385.05200 0.620139
2385.15894 0.624995
2385.26562 0.6297
2385.37231 0.634269
2385.47900 0.638719
2385.58594 0.643064
2385.69263 0.647321
2385.79932 0.651504
2385.90601 0.655631
2386.01294 0.659716
2386.11963 0.663775
2386.22632 0.667825
2386.33301 0.671883
2386.43994 0.675968
2386.54663 0.680097
2386.65332 0.684288
2386.76001 0.688559
2386.86694 0.692928
2386.97363 0.697413
2387.08032 0.702031
2387.18726 0.706792
2387.29395 0.711673
2387.40063 0.716646
2387.50732 0.721684
2387.61426 0.726758
2387.72095 0.731839
2387.82764 0.7369
2387.93433 0.741912
2388.04126 0.746846
2388.14795 0.751678
2388.25464 0.756415
2388.36133 0.761082
2388.46826 0.765707
2388.57495 0.770317
2388.68164 0.774937
2388.78833 0.779595
2388.89526 0.784318
2389.00195 0.789133
2389.10864 0.794065
2389.21533 0.79912
2389.32227 0.804268
2389.42896 0.809477
2389.53564 0.814714
2389.64233 0.819945
2389.74927 0.825139
2389.85596 0.830263
2389.96265 0.835284
2390.06958 0.840169
2390.17627 0.844892
2390.28296 0.849456
2390.38965 0.853875
2390.49658 0.858159
2390.60327 0.862321
2390.70996 0.866373
2390.81665 0.870327
2390.92358 0.874195
2391.03027 0.877989
2391.13696 0.881722
2391.24365 0.885395
2391.35059 0.889006
2391.45728 0.892552
2391.56396 0.896028
2391.67065 0.899431
2391.77759 0.902759
2391.88428 0.906006
2391.99097 0.909171
2392.09766 0.912248
2392.20459 0.915235
2392.31128 0.918127
2392.41797 0.920917
2392.52490 0.923602
2392.63159 0.926175
2392.73828 0.928633
2392.84497 0.930969
2392.95190 0.933179
2393.05859 0.935257
2393.16528 0.937201
2393.27197 0.939021
2393.37891 0.940732
2393.48560 0.94235
2393.59229 0.943891
2393.69897 0.945369
2393.80591 0.946802
2393.91260 0.948204
2394.01929 0.949591
2394.12598 0.950978
2394.23291 0.952374
2394.33960 0.953779
2394.44629 0.955196
2394.55298 0.956624
2394.65991 0.958065
2394.76660 0.95952
2394.87329 0.96099
2394.98022 0.962475
2395.08691 0.963977
2395.19360 0.965495
2395.30029 0.96702
2395.40723 0.968546
2395.51392 0.970063
2395.62061 0.971563
2395.72729 0.973038
2395.83423 0.97448
2395.94092 0.97588
2396.04761 0.977231
2396.15430 0.978524
2396.26123 0.979758
2396.36792 0.980938
2396.47461 0.982066
2396.58130 0.983145
2396.68823 0.984178
2396.79492 0.985168
2396.90161 0.986119
2397.00830 0.987032
2397.11523 0.987912
2397.22192 0.98876
2397.32861 0.989578
2397.43530 0.990364
2397.54224 0.991121
2397.64893 0.991848
2397.75562 0.992546
2397.86255 0.993216
2397.96924 0.993858
2398.07593 0.994472
2398.18262 0.99506
2398.28955 0.995619
2398.39624 0.996148
2398.50293 0.996646
2398.60962 0.997111
2398.71655 0.997542
2398.82324 0.997937
2398.92993 0.998294
2399.03662 0.998612
2399.14355 0.998891
2399.25024 0.99913
2399.35693 0.999333
2399.46362 0.999502
2399.57056 0.999641
2399.67725 0.999753
2399.78394 0.99984
2399.89062 0.999906
2399.99756 0.999952
2400.10425 0.999983
2400.21094 0.999999
2400.31787 1.0
2400.42456 0.999984
2400.53125 0.99995
2400.63794 0.999896
2400.74487 0.999821
2400.85156 0.999724
2400.95825 0.999603
2401.06494 0.999457
2401.17188 0.999286
2401.27856 0.999089
2401.38525 0.998867
2401.49194 0.998621
2401.59888 0.998353
2401.70557 0.998064
2401.81226 0.997753
2401.91895 0.997423
2402.02588 0.997074
2402.13257 0.996706
2402.23926 0.99632
2402.34595 0.99591
2402.45288 0.995475
2402.55957 0.995009
2402.66626 0.994511
2402.77319 0.993976
2402.87988 0.9934
2402.98657 0.992781
2403.09326 0.992115
2403.20020 0.9914
2403.30688 0.990638
2403.41357 0.989833
2403.52026 0.988987
2403.62720 0.988103
2403.73389 0.987183
2403.84058 0.986232
2403.94727 0.985251
2404.05420 0.984244
2404.16089 0.983212
2404.26758 0.982157
2404.37427 0.981077
2404.48120 0.979971
2404.58789 0.978838
2404.69458 0.977676
2404.80127 0.976486
2404.90820 0.975265
2405.01489 0.974014
2405.12158 0.97273
2405.22827 0.971411
2405.33521 0.970053
2405.44189 0.968649
2405.54858 0.967197
2405.65552 0.965689
2405.76221 0.964122
2405.86890 0.962491
2405.97559 0.960791
2406.08252 0.959016
2406.18921 0.957166
2406.29590 0.955248
2406.40259 0.953274
2406.50952 0.951252
2406.61621 0.949194
2406.72290 0.947111
2406.82959 0.945012
2406.93652 0.942908
2407.04321 0.940809
2407.14990 0.938725
2407.25659 0.936656
2407.36353 0.934596
2407.47021 0.932538
2407.57690 0.930477
2407.68359 0.928407
2407.79053 0.926323
2407.89722 0.924218
2408.00391 0.922087
2408.11084 0.919922
2408.21753 0.917711
2408.32422 0.915425
2408.43091 0.913035
2408.53784 0.910513
2408.64453 0.907829
2408.75122 0.904954
2408.85791 0.901861
2408.96484 0.898519
2409.07153 0.894901
2409.17822 0.890986
2409.28491 0.886796
2409.39185 0.882361
2409.49854 0.877714
2409.60522 0.872886
2409.71191 0.867908
2409.81885 0.862812
2409.92554 0.857629
2410.03223 0.852391
2410.13892 0.847128
2410.24585 0.841855
2410.35254 0.836573
2410.45923 0.831285
2410.56592 0.825992
2410.67285 0.820696
2410.77954 0.815398
2410.88623 0.810101
2410.99316 0.804807
2411.09985 0.799517
2411.20654 0.79423
2411.31323 0.788942
2411.42017 0.783646
2411.52686 0.778337
2411.63354 0.773009
2411.74023 0.767655
2411.84717 0.762272
2411.95386 0.756851
2412.06055 0.751388
2412.16724 0.74588
2412.27417 0.740341
2412.38086 0.734789
2412.48755 0.729244
2412.59424 0.723726
2412.70117 0.718255
2412.80786 0.71285
2412.91455 0.707531
2413.02124 0.702317
2413.12817 0.697227
2413.23486 0.692263
2413.34155 0.68741
2413.44849 0.682653
2413.55518 0.677977
2413.66187 0.673365
2413.76855 0.668804
2413.87549 0.664277
2413.98218 0.659768
2414.08887 0.655263
2414.19556 0.650747
2414.30249 0.646207
2414.40918 0.641628
2414.51587 0.636998
2414.62256 0.632304
2414.72949 0.627533
2414.83618 0.622671
2414.94287 0.617705
2415.04956 0.612623
2415.15649 0.607413
2415.26318 0.602096
2415.36987 0.596701
2415.47656 0.591262
2415.58350 0.585811
2415.69019 0.580378
2415.79688 0.574997
2415.90381 0.569698
2416.01050 0.564514
2416.11719 0.559477
2416.22388 0.55459
2416.33081 0.549826
2416.43750 0.545154
2416.54419 0.540542
2416.65088 0.53596
2416.75781 0.531378
2416.86450 0.526764
2416.97119 0.522087
2417.07788 0.517317
2417.18481 0.512434
2417.29150 0.507456
2417.39819 0.50241
2417.50488 0.497322
2417.61182 0.49222
2417.71851 0.487131
2417.82520 0.482082
2417.93188 0.477099
2418.03882 0.472209
2418.14551 0.467438
2418.25220 0.462786
2418.35889 0.458241
2418.46582 0.45379
2418.57251 0.449418
2418.67920 0.445114
2418.78613 0.440863
2418.89282 0.436652
2418.99951 0.432468
2419.10620 0.428297
2419.21313 0.424127
2419.31982 0.419948
2419.42651 0.415746
2419.53320 0.411513
2419.64014 0.407236
2419.74683 0.402905
2419.85352 0.398509
2419.96021 0.394036
2420.06714 0.389476
2420.17383 0.384822
2420.28052 0.380087
2420.38721 0.375292
2420.49414 0.370455
2420.60083 0.365598
2420.70752 0.36074
2420.81421 0.355901
2420.92114 0.351101
2421.02783 0.346359
2421.13452 0.341694
2421.24146 0.337109
2421.34814 0.332594
2421.45483 0.328137
2421.56152 0.323726
2421.66846 0.31935
2421.77515 0.314998
2421.88184 0.310658
2421.98853 0.30632
2422.09546 0.301971
2422.20215 0.297602
2422.30884 0.293205
2422.41553 0.28877
2422.52246 0.284292
2422.62915 0.279761
2422.73584 0.275169
2422.84253 0.27051
2422.94946 0.265775
2423.05615 0.260957
2423.16284 0.256049
2423.26953 0.251071
2423.37646 0.246048
2423.48315 0.241008
2423.58984 0.235975
2423.69678 0.230977
2423.80347 0.22604
2423.91016 0.22119
2424.01685 0.216455
2424.12378 0.211859
2424.23047 0.207412
2424.33716 0.203104
2424.44385 0.198926
2424.55078 0.194868
2424.65747 0.190919
2424.76416 0.187069
2424.87085 0.183308
2424.97778 0.179625
2425.08447 0.176011
2425.19116 0.172456
2425.29785 0.16895
2425.40479 0.165487
2425.51147 0.162059
2425.61816 0.158658
2425.72485 0.155276
2425.83179 0.151907
2425.93848 0.148543
2426.04517 0.145176
2426.15186 0.141802
2426.25879 0.138429
2426.36548 0.135073
2426.47217 0.131749
2426.57910 0.128473
2426.68579 0.125262
2426.79248 0.122128
2426.89917 0.119089
2427.00610 0.116157
2427.11279 0.113349
2427.21948 0.110668
2427.32617 0.108103
2427.43311 0.105646
2427.53979 0.103284
2427.64648 0.101006
2427.75317 0.098804
2427.86011 0.096666
2427.96680 0.094581
2428.07349 0.092541
2428.18018 0.090535
2428.28711 0.08856
2428.39380 0.086614
2428.50049 0.084694
2428.60718 0.082799
2428.71411 0.080925
2428.82080 0.079071
2428.92749 0.077233
2429.03442 0.07541
2429.14111 0.0736
2429.24780 0.071806
2429.35449 0.070035
2429.46143 0.068295
2429.56812 0.066594
2429.67480 0.06494
2429.78149 0.06334
2429.88843 0.061801
2429.99512 0.060332
2430.10181 0.05894
2430.20850 0.057627
2430.31543 0.056386
2430.42212 0.055209
2430.52881 0.054088
2430.63550 0.053013
2430.74243 0.051976
2430.84912 0.05097
2430.95581 0.049985
2431.06250 0.049014
2431.16943 0.048049
2431.27612 0.047093
2431.38281 0.046148
2431.48975 0.045221
2431.59644 0.044316
2431.70312 0.043437
2431.80981 0.042588
2431.91675 0.041774
2432.02344 0.041001
2432.13013 0.040271
2432.23682 0.039585
2432.34375 0.03894
2432.45044 0.03833
2432.55713 0.037754
2432.66382 0.037206
2432.77075 0.036682
2432.87744 0.036179
2432.98413 0.035693
2433.09082 0.035219
2433.19775 0.034755
2433.30444 0.034299
2433.41113 0.03385
2433.51782 0.033406
2433.62476 0.032966
2433.73145 0.032528
2433.83813 0.032092
2433.94482 0.031656
2434.05176 0.031219
2434.15845 0.030779
2434.26514 0.030337
2434.37207 0.029896
2434.47876 0.029456
2434.58545 0.029021
2434.69214 0.02859
2434.79907 0.028167
2434.90576 0.027753
2435.01245 0.027349
2435.11914 0.026958
2435.22607 0.026579
2435.33276 0.026212
2435.43945 0.025856
2435.54614 0.02551
2435.65308 0.025173
2435.75977 0.024842
2435.86646 0.024519
2435.97314 0.024201
2436.08008 0.023887
2436.18677 0.023576
2436.29346 0.023269
2436.40015 0.022963
2436.50708 0.022659
2436.61377 0.022357
2436.72046 0.022055
2436.82739 0.021753
2436.93408 0.021451
2437.04077 0.021147
2437.14746 0.020843
2437.25439 0.020537
2437.36108 0.020232
2437.46777 0.019929
2437.57446 0.019629
2437.68140 0.019334
2437.78809 0.019044
2437.89478 0.018761
2438.00146 0.018487
2438.10840 0.018222
2438.21509 0.017967
2438.32178 0.017721
2438.42847 0.017484
2438.53540 0.017255
2438.64209 0.017033
2438.74878 0.016817
2438.85547 0.016606
2438.96240 0.0164
2439.06909 0.016198
2439.17578 0.015999
2439.28271 0.015802
2439.38940 0.015609
2439.49609 0.015417
2439.60278 0.015227
2439.70972 0.015039
2439.81641 0.014852
2439.92310 0.014666
2440.02979 0.01448
2440.13672 0.014296
2440.24341 0.014112
2440.35010 0.01393
2440.45679 0.01375
2440.56372 0.013573
2440.67041 0.013401
2440.77710 0.013234
2440.88379 0.013073
2440.99072 0.012918
2441.09741 0.01277
2441.20410 0.012631
2441.31079 0.012498
2441.41772 0.012372
2441.52441 0.012251
2441.63110 0.012135
2441.73779 0.012022
2441.84473 0.011912
2441.95142 0.011805
2442.05811 0.011698
2442.16504 0.011592
2442.27173 0.011487
2442.37842 0.011383
2442.48511 0.01128
2442.59204 0.01118
2442.69873 0.011082
2442.80542 0.010988
2442.91211 0.010898
2443.01904 0.010812
2443.12573 0.010731
2443.23242 0.010655
2443.33911 0.010583
2443.44604 0.010516
2443.55273 0.010452
2443.65942 0.010391
2443.76611 0.010334
2443.87305 0.010279
2443.97974 0.010226
2444.08643 0.010175
2444.19312 0.010125
2444.30005 0.010077
2444.40674 0.01003
2444.51343 0.009984
2444.62036 0.009939
2444.72705 0.009896
2444.83374 0.009853
2444.94043 0.009812
2445.04736 0.009771
2445.15405 0.009731
2445.26074 0.009692
2445.36743 0.009654
2445.47437 0.009617
2445.58105 0.009581
2445.68774 0.009547
2445.79443 0.009513
2445.90137 0.009481
2446.00806 0.009449
2446.11475 0.00942
2446.22144 0.009391
2446.32837 0.009364
2446.43506 0.009337
2446.54175 0.009312
2446.64844 0.009287
2446.75537 0.009263
2446.86206 0.009239
2446.96875 0.009216
2447.07568 0.009193
2447.18237 0.00917
2447.28906 0.009147
2447.39575 0.009124
2447.50269 0.0091
2447.60938 0.009076
2447.71606 0.009051
2447.82275 0.009025
2447.92969 0.008999
2448.03638 0.008971
2448.14307 0.008943
2448.24976 0.008913
2448.35669 0.008882
2448.46338 0.00885
2448.57007 0.008817
2448.67676 0.008784
2448.78369 0.00875
2448.89038 0.008715
2448.99707 0.00868
2449.10376 0.008645
2449.21069 0.00861
2449.31738 0.008574
2449.42407 0.008538
2449.53076 0.008502
2449.63770 0.008465
2449.74438 0.008428
2449.85107 0.008391
2449.95801 0.008354
2450.06470 0.008316
2450.17139 0.008277
2450.27808 0.008238
2450.38501 0.008198
2450.49170 0.008158
2450.59839 0.008117
2450.70508 0.008074
2450.81201 0.008031
2450.91870 0.007986
2451.02539 0.00794
2451.13208 0.007892
2451.23901 0.007843
2451.34570 0.007793
2451.45239 0.007742
2451.55908 0.00769
2451.66602 0.007638
2451.77271 0.007585
2451.87939 0.007532
2451.98608 0.007479
2452.09302 0.007427
2452.19971 0.007375
2452.30640 0.007324
2452.41333 0.007273
2452.52002 0.007223
2452.62671 0.007173
2452.73340 0.007123
2452.84033 0.007074
2452.94702 0.007025
2453.05371 0.006977
2453.16040 0.006929
2453.26733 0.006881
2453.37402 0.006832
2453.48071 0.006783
2453.58740 0.006733
2453.69434 0.006681
2453.80103 0.006627
2453.90771 0.006571
2454.01440 0.006513
2454.12134 0.006451
2454.22803 0.006387
2454.33472 0.006322
2454.44141 0.006256
2454.54834 0.006191
2454.65503 0.006129
2454.76172 0.006069
2454.86865 0.006015
2454.97534 0.005966
2455.08203 0.005923
2455.18872 0.005889
2455.29565 0.005862
2455.40234 0.005841
2455.50903 0.005826
2455.61572 0.005815
2455.72266 0.005807
2455.82935 0.005803
2455.93604 0.0058
2456.04272 0.005799
2456.14966 0.005798
2701.76465 0.0
