threeML/data/optical_filters/TD1/SPEC-F2180.ecsv
# %ECSV 0.9
# ---
# datatype:
# - {name: wavelength, unit: Angstrom, datatype: float32}
# - {name: response, datatype: float32}
# meta: !!omap
# - {band_name: F2180}
# - {group_name: SPEC}
wavelength response
1914.24707 0.0
2126.94116 0.010058
2127.04810 0.010124
2127.15479 0.01019
2127.26147 0.010256
2127.36816 0.010321
2127.47510 0.010387
2127.58179 0.010453
2127.68848 0.01052
2127.79517 0.010587
2127.90210 0.010655
2128.00879 0.010725
2128.11548 0.010795
2128.22241 0.010868
2128.32910 0.010941
2128.43579 0.011015
2128.54248 0.011089
2128.64941 0.011163
2128.75610 0.011236
2128.86279 0.011308
2128.96948 0.011378
2129.07642 0.011447
2129.18311 0.011514
2129.28979 0.011578
2129.39648 0.011642
2129.50342 0.011704
2129.61011 0.011765
2129.71680 0.011827
2129.82349 0.011888
2129.93042 0.01195
2130.03711 0.012013
2130.14380 0.012078
2130.25049 0.012143
2130.35742 0.01221
2130.46411 0.012277
2130.57080 0.012345
2130.67773 0.012412
2130.78442 0.012478
2130.89111 0.012543
2130.99780 0.012607
2131.10474 0.012669
2131.21143 0.012729
2131.31812 0.012787
2131.42480 0.012843
2131.53174 0.012899
2131.63843 0.012953
2131.74512 0.013007
2131.85181 0.01306
2131.95874 0.013114
2132.06543 0.013168
2132.17212 0.013222
2132.27881 0.013278
2132.38574 0.013334
2132.49243 0.013391
2132.59912 0.013448
2132.70581 0.013507
2132.81274 0.013566
2132.91943 0.013626
2133.02612 0.013687
2133.13281 0.013749
2133.23975 0.013812
2133.34644 0.013875
2133.45312 0.013939
2133.56006 0.014004
2133.66675 0.014069
2133.77344 0.014134
2133.88013 0.014199
2133.98706 0.014265
2134.09375 0.01433
2134.20044 0.014395
2134.30713 0.014461
2134.41406 0.014526
2134.52075 0.014592
2134.62744 0.014658
2134.73413 0.014724
2134.84106 0.014791
2134.94775 0.014859
2135.05444 0.014927
2135.16113 0.014997
2135.26807 0.015067
2135.37476 0.015139
2135.48145 0.015213
2135.58813 0.01529
2135.69507 0.015368
2135.80176 0.01545
2135.90845 0.015535
2136.01538 0.015624
2136.12207 0.015716
2136.22876 0.015813
2136.33545 0.015913
2136.44238 0.016016
2136.54907 0.016121
2136.65576 0.016229
2136.76245 0.016339
2136.86938 0.01645
2136.97607 0.016562
2137.08276 0.016675
2137.18945 0.016787
2137.29639 0.0169
2137.40308 0.017013
2137.50977 0.017127
2137.61646 0.017242
2137.72339 0.017357
2137.83008 0.017474
2137.93677 0.017592
2138.04346 0.017711
2138.15039 0.017831
2138.25708 0.017954
2138.36377 0.018079
2138.47046 0.018206
2138.57739 0.018337
2138.68408 0.018472
2138.79077 0.01861
2138.89771 0.018754
2139.00439 0.018902
2139.11108 0.019056
2139.21777 0.019215
2139.32471 0.019379
2139.43140 0.019548
2139.53809 0.019719
2139.64478 0.019894
2139.75171 0.02007
2139.85840 0.020247
2139.96509 0.020425
2140.07178 0.020602
2140.17871 0.020778
2140.28540 0.020953
2140.39209 0.021128
2140.49878 0.021302
2140.60571 0.021477
2140.71240 0.021651
2140.81909 0.021825
2140.92578 0.022
2141.03271 0.022176
2141.13940 0.022353
2141.24609 0.022531
2141.35303 0.022712
2141.45972 0.022897
2141.56641 0.023086
2141.67310 0.023281
2141.78003 0.023482
2141.88672 0.02369
2141.99341 0.023907
2142.10010 0.024133
2142.20703 0.024368
2142.31372 0.024612
2142.42041 0.024862
2142.52710 0.025119
2142.63403 0.02538
2142.74072 0.025644
2142.84741 0.02591
2142.95410 0.026176
2143.06104 0.026441
2143.16772 0.026705
2143.27441 0.026969
2143.38110 0.027234
2143.48804 0.027504
2143.59473 0.02778
2143.70142 0.028064
2143.80835 0.02836
2143.91504 0.028669
2144.02173 0.028993
2144.12842 0.029334
2144.23535 0.029694
2144.34204 0.030069
2144.44873 0.030459
2144.55542 0.030862
2144.66235 0.031275
2144.76904 0.031698
2144.87573 0.032127
2144.98242 0.032562
2145.08936 0.033001
2145.19604 0.033443
2145.30273 0.033887
2145.40942 0.034335
2145.51636 0.034789
2145.62305 0.035247
2145.72974 0.035712
2145.83643 0.036185
2145.94336 0.036665
2146.05005 0.037154
2146.15674 0.037653
2146.26343 0.038164
2146.37036 0.038688
2146.47705 0.039228
2146.58374 0.039786
2146.69067 0.040364
2146.79736 0.040965
2146.90405 0.041589
2147.01074 0.042241
2147.11768 0.042921
2147.22437 0.04363
2147.33105 0.044363
2147.43774 0.045118
2147.54468 0.045891
2147.65137 0.046679
2147.75806 0.047477
2147.86475 0.048283
2147.97168 0.049092
2148.07837 0.049902
2148.18506 0.050709
2148.29175 0.051514
2148.39868 0.052317
2148.50537 0.05312
2148.61206 0.053923
2148.71875 0.054728
2148.82568 0.055536
2148.93237 0.056346
2149.03906 0.057161
2149.14600 0.057982
2149.25269 0.058811
2149.35938 0.059654
2149.46606 0.060515
2149.57300 0.061399
2149.67969 0.062311
2149.78638 0.063256
2149.89307 0.064239
2150.00000 0.065265
2150.10669 0.066337
2150.21338 0.067459
2150.32007 0.068627
2150.42700 0.069839
2150.53369 0.071091
2150.64038 0.07238
2150.74707 0.073702
2150.85400 0.075055
2150.96069 0.076434
2151.06738 0.077838
2151.17407 0.079263
2151.28101 0.080711
2151.38770 0.082183
2151.49438 0.083682
2151.60132 0.085209
2151.70801 0.086767
2151.81470 0.088357
2151.92139 0.089982
2152.02832 0.091644
2152.13501 0.093345
2152.24170 0.09509
2152.34839 0.096889
2152.45532 0.098749
2152.56201 0.10068
2152.66870 0.102689
2152.77539 0.104786
2152.88232 0.106979
2152.98901 0.109276
2153.09570 0.111686
2153.20239 0.114212
2153.30933 0.116843
2153.41602 0.119568
2153.52271 0.122375
2153.62939 0.125251
2153.73633 0.128184
2153.84302 0.131163
2153.94971 0.134175
2154.05640 0.137208
2154.16333 0.140252
2154.27002 0.143307
2154.37671 0.146377
2154.48364 0.149466
2154.59033 0.152578
2154.69702 0.155717
2154.80371 0.158888
2154.91064 0.162096
2155.01733 0.165343
2155.12402 0.168636
2155.23071 0.171981
2155.33765 0.175391
2155.44434 0.17888
2155.55103 0.182459
2155.65771 0.186141
2155.76465 0.18994
2155.87134 0.193868
2155.97803 0.197937
2156.08472 0.202161
2156.19165 0.206543
2156.29834 0.21106
2156.40503 0.215683
2156.51172 0.220384
2156.61865 0.225134
2156.72534 0.229905
2156.83203 0.234669
2156.93896 0.239396
2157.04565 0.244059
2157.15234 0.248632
2157.25903 0.253126
2157.36597 0.257571
2157.47266 0.261994
2157.57935 0.266427
2157.68604 0.270899
2157.79297 0.27544
2157.89966 0.280078
2158.00635 0.284844
2158.11304 0.289767
2158.21997 0.294852
2158.32666 0.300072
2158.43335 0.305395
2158.54004 0.310791
2158.64697 0.316228
2158.75366 0.321676
2158.86035 0.327104
2158.96704 0.332481
2159.07397 0.337776
2159.18066 0.342965
2159.28735 0.348052
2159.39429 0.353049
2159.50098 0.357967
2159.60767 0.362818
2159.71436 0.367613
2159.82129 0.372364
2159.92798 0.377081
2160.03467 0.381778
2160.14136 0.386464
2160.24829 0.391153
2160.35498 0.395856
2160.46167 0.400586
2160.56836 0.405357
2160.67529 0.41018
2160.78198 0.415067
2160.88867 0.420033
2160.99536 0.425088
2161.10229 0.430245
2161.20898 0.435507
2161.31567 0.440851
2161.42236 0.446256
2161.52930 0.451698
2161.63599 0.457155
2161.74268 0.462603
2161.84937 0.468021
2161.95630 0.473384
2162.06299 0.478671
2162.16968 0.483862
2162.27661 0.488961
2162.38330 0.493981
2162.48999 0.498932
2162.59668 0.503827
2162.70361 0.508678
2162.81030 0.513495
2162.91699 0.518292
2163.02368 0.52308
2163.13062 0.527871
2163.23730 0.532674
2163.34399 0.537499
2163.45068 0.542354
2163.55762 0.547248
2163.66431 0.55219
2163.77100 0.557188
2163.87769 0.562251
2163.98462 0.567387
2164.09131 0.572605
2164.19800 0.577906
2164.30469 0.583264
2164.41162 0.588654
2164.51831 0.594048
2164.62500 0.59942
2164.73193 0.604742
2164.83862 0.609987
2164.94531 0.615128
2165.05200 0.620139
2165.15894 0.624995
2165.26562 0.6297
2165.37231 0.634269
2165.47900 0.638719
2165.58594 0.643064
2165.69263 0.647321
2165.79932 0.651504
2165.90601 0.655631
2166.01294 0.659716
2166.11963 0.663775
2166.22632 0.667825
2166.33301 0.671883
2166.43994 0.675968
2166.54663 0.680097
2166.65332 0.684288
2166.76001 0.688559
2166.86694 0.692928
2166.97363 0.697413
2167.08032 0.702031
2167.18726 0.706792
2167.29395 0.711673
2167.40063 0.716646
2167.50732 0.721684
2167.61426 0.726758
2167.72095 0.731839
2167.82764 0.7369
2167.93433 0.741912
2168.04126 0.746846
2168.14795 0.751678
2168.25464 0.756415
2168.36133 0.761082
2168.46826 0.765707
2168.57495 0.770317
2168.68164 0.774937
2168.78833 0.779595
2168.89526 0.784318
2169.00195 0.789133
2169.10864 0.794065
2169.21533 0.79912
2169.32227 0.804268
2169.42896 0.809477
2169.53564 0.814714
2169.64233 0.819945
2169.74927 0.825139
2169.85596 0.830263
2169.96265 0.835284
2170.06958 0.840169
2170.17627 0.844892
2170.28296 0.849456
2170.38965 0.853875
2170.49658 0.858159
2170.60327 0.862321
2170.70996 0.866373
2170.81665 0.870327
2170.92358 0.874195
2171.03027 0.877989
2171.13696 0.881722
2171.24365 0.885395
2171.35059 0.889006
2171.45728 0.892552
2171.56396 0.896028
2171.67065 0.899431
2171.77759 0.902759
2171.88428 0.906006
2171.99097 0.909171
2172.09766 0.912248
2172.20459 0.915235
2172.31128 0.918127
2172.41797 0.920917
2172.52490 0.923602
2172.63159 0.926175
2172.73828 0.928633
2172.84497 0.930969
2172.95190 0.933179
2173.05859 0.935257
2173.16528 0.937201
2173.27197 0.939021
2173.37891 0.940732
2173.48560 0.94235
2173.59229 0.943891
2173.69897 0.945369
2173.80591 0.946802
2173.91260 0.948204
2174.01929 0.949591
2174.12598 0.950978
2174.23291 0.952374
2174.33960 0.953779
2174.44629 0.955196
2174.55298 0.956624
2174.65991 0.958065
2174.76660 0.95952
2174.87329 0.96099
2174.98022 0.962475
2175.08691 0.963977
2175.19360 0.965495
2175.30029 0.96702
2175.40723 0.968546
2175.51392 0.970063
2175.62061 0.971563
2175.72729 0.973038
2175.83423 0.97448
2175.94092 0.97588
2176.04761 0.977231
2176.15430 0.978524
2176.26123 0.979758
2176.36792 0.980938
2176.47461 0.982066
2176.58130 0.983145
2176.68823 0.984178
2176.79492 0.985168
2176.90161 0.986119
2177.00830 0.987032
2177.11523 0.987912
2177.22192 0.98876
2177.32861 0.989578
2177.43530 0.990364
2177.54224 0.991121
2177.64893 0.991848
2177.75562 0.992546
2177.86255 0.993216
2177.96924 0.993858
2178.07593 0.994472
2178.18262 0.99506
2178.28955 0.995619
2178.39624 0.996148
2178.50293 0.996646
2178.60962 0.997111
2178.71655 0.997542
2178.82324 0.997937
2178.92993 0.998294
2179.03662 0.998612
2179.14355 0.998891
2179.25024 0.99913
2179.35693 0.999333
2179.46362 0.999502
2179.57056 0.999641
2179.67725 0.999753
2179.78394 0.99984
2179.89062 0.999906
2179.99756 0.999952
2180.10425 0.999983
2180.21094 0.999999
2180.31787 1.0
2180.42456 0.999984
2180.53125 0.99995
2180.63794 0.999896
2180.74487 0.999821
2180.85156 0.999724
2180.95825 0.999603
2181.06494 0.999457
2181.17188 0.999286
2181.27856 0.999089
2181.38525 0.998867
2181.49194 0.998621
2181.59888 0.998353
2181.70557 0.998064
2181.81226 0.997753
2181.91895 0.997423
2182.02588 0.997074
2182.13257 0.996706
2182.23926 0.99632
2182.34595 0.99591
2182.45288 0.995475
2182.55957 0.995009
2182.66626 0.994511
2182.77319 0.993976
2182.87988 0.9934
2182.98657 0.992781
2183.09326 0.992115
2183.20020 0.9914
2183.30688 0.990638
2183.41357 0.989833
2183.52026 0.988987
2183.62720 0.988103
2183.73389 0.987183
2183.84058 0.986232
2183.94727 0.985251
2184.05420 0.984244
2184.16089 0.983212
2184.26758 0.982157
2184.37427 0.981077
2184.48120 0.979971
2184.58789 0.978838
2184.69458 0.977676
2184.80127 0.976486
2184.90820 0.975265
2185.01489 0.974014
2185.12158 0.97273
2185.22827 0.971411
2185.33521 0.970053
2185.44189 0.968649
2185.54858 0.967197
2185.65552 0.965689
2185.76221 0.964122
2185.86890 0.962491
2185.97559 0.960791
2186.08252 0.959016
2186.18921 0.957166
2186.29590 0.955248
2186.40259 0.953274
2186.50952 0.951252
2186.61621 0.949194
2186.72290 0.947111
2186.82959 0.945012
2186.93652 0.942908
2187.04321 0.940809
2187.14990 0.938725
2187.25659 0.936656
2187.36353 0.934596
2187.47021 0.932538
2187.57690 0.930477
2187.68359 0.928407
2187.79053 0.926323
2187.89722 0.924218
2188.00391 0.922087
2188.11084 0.919922
2188.21753 0.917711
2188.32422 0.915425
2188.43091 0.913035
2188.53784 0.910513
2188.64453 0.907829
2188.75122 0.904954
2188.85791 0.901861
2188.96484 0.898519
2189.07153 0.894901
2189.17822 0.890986
2189.28491 0.886796
2189.39185 0.882361
2189.49854 0.877714
2189.60522 0.872886
2189.71191 0.867908
2189.81885 0.862812
2189.92554 0.857629
2190.03223 0.852391
2190.13892 0.847128
2190.24585 0.841855
2190.35254 0.836573
2190.45923 0.831285
2190.56592 0.825992
2190.67285 0.820696
2190.77954 0.815398
2190.88623 0.810101
2190.99316 0.804807
2191.09985 0.799517
2191.20654 0.79423
2191.31323 0.788942
2191.42017 0.783646
2191.52686 0.778337
2191.63354 0.773009
2191.74023 0.767655
2191.84717 0.762272
2191.95386 0.756851
2192.06055 0.751388
2192.16724 0.74588
2192.27417 0.740341
2192.38086 0.734789
2192.48755 0.729244
2192.59424 0.723726
2192.70117 0.718255
2192.80786 0.71285
2192.91455 0.707531
2193.02124 0.702317
2193.12817 0.697227
2193.23486 0.692263
2193.34155 0.68741
2193.44849 0.682653
2193.55518 0.677977
2193.66187 0.673365
2193.76855 0.668804
2193.87549 0.664277
2193.98218 0.659768
2194.08887 0.655263
2194.19556 0.650747
2194.30249 0.646207
2194.40918 0.641628
2194.51587 0.636998
2194.62256 0.632304
2194.72949 0.627533
2194.83618 0.622671
2194.94287 0.617705
2195.04956 0.612623
2195.15649 0.607413
2195.26318 0.602096
2195.36987 0.596701
2195.47656 0.591262
2195.58350 0.585811
2195.69019 0.580378
2195.79688 0.574997
2195.90381 0.569698
2196.01050 0.564514
2196.11719 0.559477
2196.22388 0.55459
2196.33081 0.549826
2196.43750 0.545154
2196.54419 0.540542
2196.65088 0.53596
2196.75781 0.531378
2196.86450 0.526764
2196.97119 0.522087
2197.07788 0.517317
2197.18481 0.512434
2197.29150 0.507456
2197.39819 0.50241
2197.50488 0.497322
2197.61182 0.49222
2197.71851 0.487131
2197.82520 0.482082
2197.93188 0.477099
2198.03882 0.472209
2198.14551 0.467438
2198.25220 0.462786
2198.35889 0.458241
2198.46582 0.45379
2198.57251 0.449418
2198.67920 0.445114
2198.78613 0.440863
2198.89282 0.436652
2198.99951 0.432468
2199.10620 0.428297
2199.21313 0.424127
2199.31982 0.419948
2199.42651 0.415746
2199.53320 0.411513
2199.64014 0.407236
2199.74683 0.402905
2199.85352 0.398509
2199.96021 0.394036
2200.06714 0.389476
2200.17383 0.384822
2200.28052 0.380087
2200.38721 0.375292
2200.49414 0.370455
2200.60083 0.365598
2200.70752 0.36074
2200.81421 0.355901
2200.92114 0.351101
2201.02783 0.346359
2201.13452 0.341694
2201.24146 0.337109
2201.34814 0.332594
2201.45483 0.328137
2201.56152 0.323726
2201.66846 0.31935
2201.77515 0.314998
2201.88184 0.310658
2201.98853 0.30632
2202.09546 0.301971
2202.20215 0.297602
2202.30884 0.293205
2202.41553 0.28877
2202.52246 0.284292
2202.62915 0.279761
2202.73584 0.275169
2202.84253 0.27051
2202.94946 0.265775
2203.05615 0.260957
2203.16284 0.256049
2203.26953 0.251071
2203.37646 0.246048
2203.48315 0.241008
2203.58984 0.235975
2203.69678 0.230977
2203.80347 0.22604
2203.91016 0.22119
2204.01685 0.216455
2204.12378 0.211859
2204.23047 0.207412
2204.33716 0.203104
2204.44385 0.198926
2204.55078 0.194868
2204.65747 0.190919
2204.76416 0.187069
2204.87085 0.183308
2204.97778 0.179625
2205.08447 0.176011
2205.19116 0.172456
2205.29785 0.16895
2205.40479 0.165487
2205.51147 0.162059
2205.61816 0.158658
2205.72485 0.155276
2205.83179 0.151907
2205.93848 0.148543
2206.04517 0.145176
2206.15186 0.141802
2206.25879 0.138429
2206.36548 0.135073
2206.47217 0.131749
2206.57910 0.128473
2206.68579 0.125262
2206.79248 0.122128
2206.89917 0.119089
2207.00610 0.116157
2207.11279 0.113349
2207.21948 0.110668
2207.32617 0.108103
2207.43311 0.105646
2207.53979 0.103284
2207.64648 0.101006
2207.75317 0.098804
2207.86011 0.096666
2207.96680 0.094581
2208.07349 0.092541
2208.18018 0.090535
2208.28711 0.08856
2208.39380 0.086614
2208.50049 0.084694
2208.60718 0.082799
2208.71411 0.080925
2208.82080 0.079071
2208.92749 0.077233
2209.03442 0.07541
2209.14111 0.0736
2209.24780 0.071806
2209.35449 0.070035
2209.46143 0.068295
2209.56812 0.066594
2209.67480 0.06494
2209.78149 0.06334
2209.88843 0.061801
2209.99512 0.060332
2210.10181 0.05894
2210.20850 0.057627
2210.31543 0.056386
2210.42212 0.055209
2210.52881 0.054088
2210.63550 0.053013
2210.74243 0.051976
2210.84912 0.05097
2210.95581 0.049985
2211.06250 0.049014
2211.16943 0.048049
2211.27612 0.047093
2211.38281 0.046148
2211.48975 0.045221
2211.59644 0.044316
2211.70312 0.043437
2211.80981 0.042588
2211.91675 0.041774
2212.02344 0.041001
2212.13013 0.040271
2212.23682 0.039585
2212.34375 0.03894
2212.45044 0.03833
2212.55713 0.037754
2212.66382 0.037206
2212.77075 0.036682
2212.87744 0.036179
2212.98413 0.035693
2213.09082 0.035219
2213.19775 0.034755
2213.30444 0.034299
2213.41113 0.03385
2213.51782 0.033406
2213.62476 0.032966
2213.73145 0.032528
2213.83813 0.032092
2213.94482 0.031656
2214.05176 0.031219
2214.15845 0.030779
2214.26514 0.030337
2214.37207 0.029896
2214.47876 0.029456
2214.58545 0.029021
2214.69214 0.02859
2214.79907 0.028167
2214.90576 0.027753
2215.01245 0.027349
2215.11914 0.026958
2215.22607 0.026579
2215.33276 0.026212
2215.43945 0.025856
2215.54614 0.02551
2215.65308 0.025173
2215.75977 0.024842
2215.86646 0.024519
2215.97314 0.024201
2216.08008 0.023887
2216.18677 0.023576
2216.29346 0.023269
2216.40015 0.022963
2216.50708 0.022659
2216.61377 0.022357
2216.72046 0.022055
2216.82739 0.021753
2216.93408 0.021451
2217.04077 0.021147
2217.14746 0.020843
2217.25439 0.020537
2217.36108 0.020232
2217.46777 0.019929
2217.57446 0.019629
2217.68140 0.019334
2217.78809 0.019044
2217.89478 0.018761
2218.00146 0.018487
2218.10840 0.018222
2218.21509 0.017967
2218.32178 0.017721
2218.42847 0.017484
2218.53540 0.017255
2218.64209 0.017033
2218.74878 0.016817
2218.85547 0.016606
2218.96240 0.0164
2219.06909 0.016198
2219.17578 0.015999
2219.28271 0.015802
2219.38940 0.015609
2219.49609 0.015417
2219.60278 0.015227
2219.70972 0.015039
2219.81641 0.014852
2219.92310 0.014666
2220.02979 0.01448
2220.13672 0.014296
2220.24341 0.014112
2220.35010 0.01393
2220.45679 0.01375
2220.56372 0.013573
2220.67041 0.013401
2220.77710 0.013234
2220.88379 0.013073
2220.99072 0.012918
2221.09741 0.01277
2221.20410 0.012631
2221.31079 0.012498
2221.41772 0.012372
2221.52441 0.012251
2221.63110 0.012135
2221.73779 0.012022
2221.84473 0.011912
2221.95142 0.011805
2222.05811 0.011698
2222.16504 0.011592
2222.27173 0.011487
2222.37842 0.011383
2222.48511 0.01128
2222.59204 0.01118
2222.69873 0.011082
2222.80542 0.010988
2222.91211 0.010898
2223.01904 0.010812
2223.12573 0.010731
2223.23242 0.010655
2223.33911 0.010583
2223.44604 0.010516
2223.55273 0.010452
2223.65942 0.010391
2223.76611 0.010334
2223.87305 0.010279
2223.97974 0.010226
2224.08643 0.010175
2224.19312 0.010125
2224.30005 0.010077
2224.40674 0.01003
2224.51343 0.009984
2224.62036 0.009939
2224.72705 0.009896
2224.83374 0.009853
2224.94043 0.009812
2225.04736 0.009771
2225.15405 0.009731
2225.26074 0.009692
2225.36743 0.009654
2225.47437 0.009617
2225.58105 0.009581
2225.68774 0.009547
2225.79443 0.009513
2225.90137 0.009481
2226.00806 0.009449
2226.11475 0.00942
2226.22144 0.009391
2226.32837 0.009364
2226.43506 0.009337
2226.54175 0.009312
2226.64844 0.009287
2226.75537 0.009263
2226.86206 0.009239
2226.96875 0.009216
2227.07568 0.009193
2227.18237 0.00917
2227.28906 0.009147
2227.39575 0.009124
2227.50269 0.0091
2227.60938 0.009076
2227.71606 0.009051
2227.82275 0.009025
2227.92969 0.008999
2228.03638 0.008971
2228.14307 0.008943
2228.24976 0.008913
2228.35669 0.008882
2228.46338 0.00885
2228.57007 0.008817
2228.67676 0.008784
2228.78369 0.00875
2228.89038 0.008715
2228.99707 0.00868
2229.10376 0.008645
2229.21069 0.00861
2229.31738 0.008574
2229.42407 0.008538
2229.53076 0.008502
2229.63770 0.008465
2229.74438 0.008428
2229.85107 0.008391
2229.95801 0.008354
2230.06470 0.008316
2230.17139 0.008277
2230.27808 0.008238
2230.38501 0.008198
2230.49170 0.008158
2230.59839 0.008117
2230.70508 0.008074
2230.81201 0.008031
2230.91870 0.007986
2231.02539 0.00794
2231.13208 0.007892
2231.23901 0.007843
2231.34570 0.007793
2231.45239 0.007742
2231.55908 0.00769
2231.66602 0.007638
2231.77271 0.007585
2231.87939 0.007532
2231.98608 0.007479
2232.09302 0.007427
2232.19971 0.007375
2232.30640 0.007324
2232.41333 0.007273
2232.52002 0.007223
2232.62671 0.007173
2232.73340 0.007123
2232.84033 0.007074
2232.94702 0.007025
2233.05371 0.006977
2233.16040 0.006929
2233.26733 0.006881
2233.37402 0.006832
2233.48071 0.006783
2233.58740 0.006733
2233.69434 0.006681
2233.80103 0.006627
2233.90771 0.006571
2234.01440 0.006513
2234.12134 0.006451
2234.22803 0.006387
2234.33472 0.006322
2234.44141 0.006256
2234.54834 0.006191
2234.65503 0.006129
2234.76172 0.006069
2234.86865 0.006015
2234.97534 0.005966
2235.08203 0.005923
2235.18872 0.005889
2235.29565 0.005862
2235.40234 0.005841
2235.50903 0.005826
2235.61572 0.005815
2235.72266 0.005807
2235.82935 0.005803
2235.93604 0.0058
2236.04272 0.005799
2236.14966 0.005798
2459.76465 0.0
