threeML/data/optical_filters/TD1/SPEC-F2000.ecsv
# %ECSV 0.9
# ---
# datatype:
# - {name: wavelength, unit: Angstrom, datatype: float32}
# - {name: response, datatype: float32}
# meta: !!omap
# - {band_name: F2000}
# - {group_name: SPEC}
wavelength response
1752.24719 0.0
1946.94128 0.010058
1947.04797 0.010124
1947.15479 0.01019
1947.26147 0.010256
1947.36829 0.010321
1947.47498 0.010387
1947.58179 0.010453
1947.68848 0.01052
1947.79529 0.010587
1947.90198 0.010655
1948.00879 0.010725
1948.11560 0.010795
1948.22229 0.010868
1948.32910 0.010941
1948.43579 0.011015
1948.54260 0.011089
1948.64929 0.011163
1948.75610 0.011236
1948.86279 0.011308
1948.96960 0.011378
1949.07629 0.011447
1949.18311 0.011514
1949.28979 0.011578
1949.39661 0.011642
1949.50330 0.011704
1949.61011 0.011765
1949.71680 0.011827
1949.82361 0.011888
1949.93030 0.01195
1950.03711 0.012013
1950.14380 0.012078
1950.25061 0.012143
1950.35730 0.01221
1950.46411 0.012277
1950.57080 0.012345
1950.67761 0.012412
1950.78442 0.012478
1950.89111 0.012543
1950.99792 0.012607
1951.10461 0.012669
1951.21143 0.012729
1951.31812 0.012787
1951.42493 0.012843
1951.53162 0.012899
1951.63843 0.012953
1951.74512 0.013007
1951.85193 0.01306
1951.95862 0.013114
1952.06543 0.013168
1952.17212 0.013222
1952.27893 0.013278
1952.38562 0.013334
1952.49243 0.013391
1952.59912 0.013448
1952.70593 0.013507
1952.81262 0.013566
1952.91943 0.013626
1953.02612 0.013687
1953.13293 0.013749
1953.23962 0.013812
1953.34644 0.013875
1953.45325 0.013939
1953.55994 0.014004
1953.66675 0.014069
1953.77344 0.014134
1953.88025 0.014199
1953.98694 0.014265
1954.09375 0.01433
1954.20044 0.014395
1954.30725 0.014461
1954.41394 0.014526
1954.52075 0.014592
1954.62744 0.014658
1954.73425 0.014724
1954.84094 0.014791
1954.94775 0.014859
1955.05444 0.014927
1955.16125 0.014997
1955.26794 0.015067
1955.37476 0.015139
1955.48145 0.015213
1955.58826 0.01529
1955.69495 0.015368
1955.80176 0.01545
1955.90857 0.015535
1956.01526 0.015624
1956.12207 0.015716
1956.22876 0.015813
1956.33557 0.015913
1956.44226 0.016016
1956.54907 0.016121
1956.65576 0.016229
1956.76257 0.016339
1956.86926 0.01645
1956.97607 0.016562
1957.08276 0.016675
1957.18958 0.016787
1957.29626 0.0169
1957.40308 0.017013
1957.50977 0.017127
1957.61658 0.017242
1957.72327 0.017357
1957.83008 0.017474
1957.93677 0.017592
1958.04358 0.017711
1958.15027 0.017831
1958.25708 0.017954
1958.36377 0.018079
1958.47058 0.018206
1958.57739 0.018337
1958.68408 0.018472
1958.79089 0.01861
1958.89758 0.018754
1959.00439 0.018902
1959.11108 0.019056
1959.21790 0.019215
1959.32458 0.019379
1959.43140 0.019548
1959.53809 0.019719
1959.64490 0.019894
1959.75159 0.02007
1959.85840 0.020247
1959.96509 0.020425
1960.07190 0.020602
1960.17859 0.020778
1960.28540 0.020953
1960.39209 0.021128
1960.49890 0.021302
1960.60559 0.021477
1960.71240 0.021651
1960.81909 0.021825
1960.92590 0.022
1961.03259 0.022176
1961.13940 0.022353
1961.24622 0.022531
1961.35291 0.022712
1961.45972 0.022897
1961.56641 0.023086
1961.67322 0.023281
1961.77991 0.023482
1961.88672 0.02369
1961.99341 0.023907
1962.10022 0.024133
1962.20691 0.024368
1962.31372 0.024612
1962.42041 0.024862
1962.52722 0.025119
1962.63391 0.02538
1962.74072 0.025644
1962.84741 0.02591
1962.95422 0.026176
1963.06091 0.026441
1963.16772 0.026705
1963.27441 0.026969
1963.38123 0.027234
1963.48792 0.027504
1963.59473 0.02778
1963.70154 0.028064
1963.80823 0.02836
1963.91504 0.028669
1964.02173 0.028993
1964.12854 0.029334
1964.23523 0.029694
1964.34204 0.030069
1964.44873 0.030459
1964.55554 0.030862
1964.66223 0.031275
1964.76904 0.031698
1964.87573 0.032127
1964.98254 0.032562
1965.08923 0.033001
1965.19604 0.033443
1965.30273 0.033887
1965.40955 0.034335
1965.51624 0.034789
1965.62305 0.035247
1965.72974 0.035712
1965.83655 0.036185
1965.94324 0.036665
1966.05005 0.037154
1966.15674 0.037653
1966.26355 0.038164
1966.37036 0.038688
1966.47705 0.039228
1966.58386 0.039786
1966.69055 0.040364
1966.79736 0.040965
1966.90405 0.041589
1967.01086 0.042241
1967.11755 0.042921
1967.22437 0.04363
1967.33105 0.044363
1967.43787 0.045118
1967.54456 0.045891
1967.65137 0.046679
1967.75806 0.047477
1967.86487 0.048283
1967.97156 0.049092
1968.07837 0.049902
1968.18506 0.050709
1968.29187 0.051514
1968.39856 0.052317
1968.50537 0.05312
1968.61206 0.053923
1968.71887 0.054728
1968.82556 0.055536
1968.93237 0.056346
1969.03918 0.057161
1969.14587 0.057982
1969.25269 0.058811
1969.35938 0.059654
1969.46619 0.060515
1969.57288 0.061399
1969.67969 0.062311
1969.78638 0.063256
1969.89319 0.064239
1969.99988 0.065265
1970.10669 0.066337
1970.21338 0.067459
1970.32019 0.068627
1970.42688 0.069839
1970.53369 0.071091
1970.64038 0.07238
1970.74719 0.073702
1970.85388 0.075055
1970.96069 0.076434
1971.06738 0.077838
1971.17419 0.079263
1971.28088 0.080711
1971.38770 0.082183
1971.49451 0.083682
1971.60120 0.085209
1971.70801 0.086767
1971.81470 0.088357
1971.92151 0.089982
1972.02820 0.091644
1972.13501 0.093345
1972.24170 0.09509
1972.34851 0.096889
1972.45520 0.098749
1972.56201 0.10068
1972.66870 0.102689
1972.77551 0.104786
1972.88220 0.106979
1972.98901 0.109276
1973.09570 0.111686
1973.20251 0.114212
1973.30920 0.116843
1973.41602 0.119568
1973.52271 0.122375
1973.62952 0.125251
1973.73621 0.128184
1973.84302 0.131163
1973.94971 0.134175
1974.05652 0.137208
1974.16333 0.140252
1974.27002 0.143307
1974.37683 0.146377
1974.48352 0.149466
1974.59033 0.152578
1974.69702 0.155717
1974.80383 0.158888
1974.91052 0.162096
1975.01733 0.165343
1975.12402 0.168636
1975.23083 0.171981
1975.33752 0.175391
1975.44434 0.17888
1975.55103 0.182459
1975.65784 0.186141
1975.76453 0.18994
1975.87134 0.193868
1975.97803 0.197937
1976.08484 0.202161
1976.19153 0.206543
1976.29834 0.21106
1976.40503 0.215683
1976.51184 0.220384
1976.61853 0.225134
1976.72534 0.229905
1976.83215 0.234669
1976.93884 0.239396
1977.04565 0.244059
1977.15234 0.248632
1977.25916 0.253126
1977.36584 0.257571
1977.47266 0.261994
1977.57935 0.266427
1977.68616 0.270899
1977.79285 0.27544
1977.89966 0.280078
1978.00635 0.284844
1978.11316 0.289767
1978.21985 0.294852
1978.32666 0.300072
1978.43335 0.305395
1978.54016 0.310791
1978.64685 0.316228
1978.75366 0.321676
1978.86035 0.327104
1978.96716 0.332481
1979.07385 0.337776
1979.18066 0.342965
1979.28735 0.348052
1979.39417 0.353049
1979.50098 0.357967
1979.60767 0.362818
1979.71448 0.367613
1979.82117 0.372364
1979.92798 0.377081
1980.03467 0.381778
1980.14148 0.386464
1980.24817 0.391153
1980.35498 0.395856
1980.46167 0.400586
1980.56848 0.405357
1980.67517 0.41018
1980.78198 0.415067
1980.88867 0.420033
1980.99548 0.425088
1981.10217 0.430245
1981.20898 0.435507
1981.31567 0.440851
1981.42249 0.446256
1981.52917 0.451698
1981.63599 0.457155
1981.74268 0.462603
1981.84949 0.468021
1981.95630 0.473384
1982.06299 0.478671
1982.16980 0.483862
1982.27649 0.488961
1982.38330 0.493981
1982.48999 0.498932
1982.59680 0.503827
1982.70349 0.508678
1982.81030 0.513495
1982.91699 0.518292
1983.02380 0.52308
1983.13049 0.527871
1983.23730 0.532674
1983.34399 0.537499
1983.45081 0.542354
1983.55750 0.547248
1983.66431 0.55219
1983.77100 0.557188
1983.87781 0.562251
1983.98450 0.567387
1984.09131 0.572605
1984.19800 0.577906
1984.30481 0.583264
1984.41150 0.588654
1984.51831 0.594048
1984.62512 0.59942
1984.73181 0.604742
1984.83862 0.609987
1984.94531 0.615128
1985.05212 0.620139
1985.15881 0.624995
1985.26562 0.6297
1985.37231 0.634269
1985.47913 0.638719
1985.58582 0.643064
1985.69263 0.647321
1985.79932 0.651504
1985.90613 0.655631
1986.01282 0.659716
1986.11963 0.663775
1986.22632 0.667825
1986.33313 0.671883
1986.43982 0.675968
1986.54663 0.680097
1986.65332 0.684288
1986.76013 0.688559
1986.86682 0.692928
1986.97363 0.697413
1987.08032 0.702031
1987.18713 0.706792
1987.29395 0.711673
1987.40063 0.716646
1987.50745 0.721684
1987.61414 0.726758
1987.72095 0.731839
1987.82764 0.7369
1987.93445 0.741912
1988.04114 0.746846
1988.14795 0.751678
1988.25464 0.756415
1988.36145 0.761082
1988.46814 0.765707
1988.57495 0.770317
1988.68164 0.774937
1988.78845 0.779595
1988.89514 0.784318
1989.00195 0.789133
1989.10864 0.794065
1989.21545 0.79912
1989.32214 0.804268
1989.42896 0.809477
1989.53564 0.814714
1989.64246 0.819945
1989.74927 0.825139
1989.85596 0.830263
1989.96277 0.835284
1990.06946 0.840169
1990.17627 0.844892
1990.28296 0.849456
1990.38977 0.853875
1990.49646 0.858159
1990.60327 0.862321
1990.70996 0.866373
1990.81677 0.870327
1990.92346 0.874195
1991.03027 0.877989
1991.13696 0.881722
1991.24377 0.885395
1991.35046 0.889006
1991.45728 0.892552
1991.56396 0.896028
1991.67078 0.899431
1991.77747 0.902759
1991.88428 0.906006
1991.99097 0.909171
1992.09778 0.912248
1992.20447 0.915235
1992.31128 0.918127
1992.41809 0.920917
1992.52478 0.923602
1992.63159 0.926175
1992.73828 0.928633
1992.84509 0.930969
1992.95178 0.933179
1993.05859 0.935257
1993.16528 0.937201
1993.27209 0.939021
1993.37878 0.940732
1993.48560 0.94235
1993.59229 0.943891
1993.69910 0.945369
1993.80579 0.946802
1993.91260 0.948204
1994.01929 0.949591
1994.12610 0.950978
1994.23279 0.952374
1994.33960 0.953779
1994.44629 0.955196
1994.55310 0.956624
1994.65979 0.958065
1994.76660 0.95952
1994.87329 0.96099
1994.98010 0.962475
1995.08691 0.963977
1995.19360 0.965495
1995.30042 0.96702
1995.40710 0.968546
1995.51392 0.970063
1995.62061 0.971563
1995.72742 0.973038
1995.83411 0.97448
1995.94092 0.97588
1996.04761 0.977231
1996.15442 0.978524
1996.26111 0.979758
1996.36792 0.980938
1996.47461 0.982066
1996.58142 0.983145
1996.68811 0.984178
1996.79492 0.985168
1996.90161 0.986119
1997.00842 0.987032
1997.11511 0.987912
1997.22192 0.98876
1997.32861 0.989578
1997.43542 0.990364
1997.54211 0.991121
1997.64893 0.991848
1997.75574 0.992546
1997.86243 0.993216
1997.96924 0.993858
1998.07593 0.994472
1998.18274 0.99506
1998.28943 0.995619
1998.39624 0.996148
1998.50293 0.996646
1998.60974 0.997111
1998.71643 0.997542
1998.82324 0.997937
1998.92993 0.998294
1999.03674 0.998612
1999.14343 0.998891
1999.25024 0.99913
1999.35693 0.999333
1999.46375 0.999502
1999.57043 0.999641
1999.67725 0.999753
1999.78394 0.99984
1999.89075 0.999906
1999.99744 0.999952
2000.10425 0.999983
2000.21106 0.999999
2000.31775 1.0
2000.42456 0.999984
2000.53125 0.99995
2000.63806 0.999896
2000.74475 0.999821
2000.85156 0.999724
2000.95825 0.999603
2001.06506 0.999457
2001.17175 0.999286
2001.27856 0.999089
2001.38525 0.998867
2001.49207 0.998621
2001.59875 0.998353
2001.70557 0.998064
2001.81226 0.997753
2001.91907 0.997423
2002.02576 0.997074
2002.13257 0.996706
2002.23926 0.99632
2002.34607 0.99591
2002.45276 0.995475
2002.55957 0.995009
2002.66626 0.994511
2002.77307 0.993976
2002.87988 0.9934
2002.98657 0.992781
2003.09338 0.992115
2003.20007 0.9914
2003.30688 0.990638
2003.41357 0.989833
2003.52039 0.988987
2003.62708 0.988103
2003.73389 0.987183
2003.84058 0.986232
2003.94739 0.985251
2004.05408 0.984244
2004.16089 0.983212
2004.26758 0.982157
2004.37439 0.981077
2004.48108 0.979971
2004.58789 0.978838
2004.69458 0.977676
2004.80139 0.976486
2004.90808 0.975265
2005.01489 0.974014
2005.12158 0.97273
2005.22839 0.971411
2005.33508 0.970053
2005.44189 0.968649
2005.54871 0.967197
2005.65540 0.965689
2005.76221 0.964122
2005.86890 0.962491
2005.97571 0.960791
2006.08240 0.959016
2006.18921 0.957166
2006.29590 0.955248
2006.40271 0.953274
2006.50940 0.951252
2006.61621 0.949194
2006.72290 0.947111
2006.82971 0.945012
2006.93640 0.942908
2007.04321 0.940809
2007.14990 0.938725
2007.25671 0.936656
2007.36340 0.934596
2007.47021 0.932538
2007.57690 0.930477
2007.68372 0.928407
2007.79041 0.926323
2007.89722 0.924218
2008.00403 0.922087
2008.11072 0.919922
2008.21753 0.917711
2008.32422 0.915425
2008.43103 0.913035
2008.53772 0.910513
2008.64453 0.907829
2008.75122 0.904954
2008.85803 0.901861
2008.96472 0.898519
2009.07153 0.894901
2009.17822 0.890986
2009.28503 0.886796
2009.39172 0.882361
2009.49854 0.877714
2009.60522 0.872886
2009.71204 0.867908
2009.81873 0.862812
2009.92554 0.857629
2010.03223 0.852391
2010.13904 0.847128
2010.24573 0.841855
2010.35254 0.836573
2010.45923 0.831285
2010.56604 0.825992
2010.67285 0.820696
2010.77954 0.815398
2010.88635 0.810101
2010.99304 0.804807
2011.09985 0.799517
2011.20654 0.79423
2011.31335 0.788942
2011.42004 0.783646
2011.52686 0.778337
2011.63354 0.773009
2011.74036 0.767655
2011.84705 0.762272
2011.95386 0.756851
2012.06055 0.751388
2012.16736 0.74588
2012.27405 0.740341
2012.38086 0.734789
2012.48755 0.729244
2012.59436 0.723726
2012.70105 0.718255
2012.80786 0.71285
2012.91455 0.707531
2013.02136 0.702317
2013.12805 0.697227
2013.23486 0.692263
2013.34167 0.68741
2013.44836 0.682653
2013.55518 0.677977
2013.66187 0.673365
2013.76868 0.668804
2013.87537 0.664277
2013.98218 0.659768
2014.08887 0.655263
2014.19568 0.650747
2014.30237 0.646207
2014.40918 0.641628
2014.51587 0.636998
2014.62268 0.632304
2014.72937 0.627533
2014.83618 0.622671
2014.94287 0.617705
2015.04968 0.612623
2015.15637 0.607413
2015.26318 0.602096
2015.36987 0.596701
2015.47668 0.591262
2015.58337 0.585811
2015.69019 0.580378
2015.79700 0.574997
2015.90369 0.569698
2016.01050 0.564514
2016.11719 0.559477
2016.22400 0.55459
2016.33069 0.549826
2016.43750 0.545154
2016.54419 0.540542
2016.65100 0.53596
2016.75769 0.531378
2016.86450 0.526764
2016.97119 0.522087
2017.07800 0.517317
2017.18469 0.512434
2017.29150 0.507456
2017.39819 0.50241
2017.50500 0.497322
2017.61169 0.49222
2017.71851 0.487131
2017.82520 0.482082
2017.93201 0.477099
2018.03870 0.472209
2018.14551 0.467438
2018.25220 0.462786
2018.35901 0.458241
2018.46582 0.45379
2018.57251 0.449418
2018.67932 0.445114
2018.78601 0.440863
2018.89282 0.436652
2018.99951 0.432468
2019.10632 0.428297
2019.21301 0.424127
2019.31982 0.419948
2019.42651 0.415746
2019.53333 0.411513
2019.64001 0.407236
2019.74683 0.402905
2019.85352 0.398509
2019.96033 0.394036
2020.06702 0.389476
2020.17383 0.384822
2020.28052 0.380087
2020.38733 0.375292
2020.49402 0.370455
2020.60083 0.365598
2020.70752 0.36074
2020.81433 0.355901
2020.92102 0.351101
2021.02783 0.346359
2021.13464 0.341694
2021.24133 0.337109
2021.34814 0.332594
2021.45483 0.328137
2021.56165 0.323726
2021.66833 0.31935
2021.77515 0.314998
2021.88184 0.310658
2021.98865 0.30632
2022.09534 0.301971
2022.20215 0.297602
2022.30884 0.293205
2022.41565 0.28877
2022.52234 0.284292
2022.62915 0.279761
2022.73584 0.275169
2022.84265 0.27051
2022.94934 0.265775
2023.05615 0.260957
2023.16284 0.256049
2023.26965 0.251071
2023.37634 0.246048
2023.48315 0.241008
2023.58997 0.235975
2023.69666 0.230977
2023.80347 0.22604
2023.91016 0.22119
2024.01697 0.216455
2024.12366 0.211859
2024.23047 0.207412
2024.33716 0.203104
2024.44397 0.198926
2024.55066 0.194868
2024.65747 0.190919
2024.76416 0.187069
2024.87097 0.183308
2024.97766 0.179625
2025.08447 0.176011
2025.19116 0.172456
2025.29797 0.16895
2025.40466 0.165487
2025.51147 0.162059
2025.61816 0.158658
2025.72498 0.155276
2025.83167 0.151907
2025.93848 0.148543
2026.04517 0.145176
2026.15198 0.141802
2026.25879 0.138429
2026.36548 0.135073
2026.47229 0.131749
2026.57898 0.128473
2026.68579 0.125262
2026.79248 0.122128
2026.89929 0.119089
2027.00598 0.116157
2027.11279 0.113349
2027.21948 0.110668
2027.32629 0.108103
2027.43298 0.105646
2027.53979 0.103284
2027.64648 0.101006
2027.75330 0.098804
2027.85999 0.096666
2027.96680 0.094581
2028.07349 0.092541
2028.18030 0.090535
2028.28699 0.08856
2028.39380 0.086614
2028.50049 0.084694
2028.60730 0.082799
2028.71399 0.080925
2028.82080 0.079071
2028.92761 0.077233
2029.03430 0.07541
2029.14111 0.0736
2029.24780 0.071806
2029.35461 0.070035
2029.46130 0.068295
2029.56812 0.066594
2029.67480 0.06494
2029.78162 0.06334
2029.88831 0.061801
2029.99512 0.060332
2030.10181 0.05894
2030.20862 0.057627
2030.31531 0.056386
2030.42212 0.055209
2030.52881 0.054088
2030.63562 0.053013
2030.74231 0.051976
2030.84912 0.05097
2030.95581 0.049985
2031.06262 0.049014
2031.16931 0.048049
2031.27612 0.047093
2031.38281 0.046148
2031.48962 0.045221
2031.59644 0.044316
2031.70312 0.043437
2031.80994 0.042588
2031.91663 0.041774
2032.02344 0.041001
2032.13013 0.040271
2032.23694 0.039585
2032.34363 0.03894
2032.45044 0.03833
2032.55713 0.037754
2032.66394 0.037206
2032.77063 0.036682
2032.87744 0.036179
2032.98413 0.035693
2033.09094 0.035219
2033.19763 0.034755
2033.30444 0.034299
2033.41113 0.03385
2033.51794 0.033406
2033.62463 0.032966
2033.73145 0.032528
2033.83813 0.032092
2033.94495 0.031656
2034.05176 0.031219
2034.15845 0.030779
2034.26526 0.030337
2034.37195 0.029896
2034.47876 0.029456
2034.58545 0.029021
2034.69226 0.02859
2034.79895 0.028167
2034.90576 0.027753
2035.01245 0.027349
2035.11926 0.026958
2035.22595 0.026579
2035.33276 0.026212
2035.43945 0.025856
2035.54626 0.02551
2035.65295 0.025173
2035.75977 0.024842
2035.86646 0.024519
2035.97327 0.024201
2036.07996 0.023887
2036.18677 0.023576
2036.29346 0.023269
2036.40027 0.022963
2036.50696 0.022659
2036.61377 0.022357
2036.72058 0.022055
2036.82727 0.021753
2036.93408 0.021451
2037.04077 0.021147
2037.14758 0.020843
2037.25427 0.020537
2037.36108 0.020232
2037.46777 0.019929
2037.57458 0.019629
2037.68127 0.019334
2037.78809 0.019044
2037.89478 0.018761
2038.00159 0.018487
2038.10828 0.018222
2038.21509 0.017967
2038.32178 0.017721
2038.42859 0.017484
2038.53528 0.017255
2038.64209 0.017033
2038.74878 0.016817
2038.85559 0.016606
2038.96228 0.0164
2039.06909 0.016198
2039.17578 0.015999
2039.28259 0.015802
2039.38940 0.015609
2039.49609 0.015417
2039.60291 0.015227
2039.70959 0.015039
2039.81641 0.014852
2039.92310 0.014666
2040.02991 0.01448
2040.13660 0.014296
2040.24341 0.014112
2040.35010 0.01393
2040.45691 0.01375
2040.56360 0.013573
2040.67041 0.013401
2040.77710 0.013234
2040.88391 0.013073
2040.99060 0.012918
2041.09741 0.01277
2041.20410 0.012631
2041.31091 0.012498
2041.41760 0.012372
2041.52441 0.012251
2041.63110 0.012135
2041.73792 0.012022
2041.84473 0.011912
2041.95142 0.011805
2042.05823 0.011698
2042.16492 0.011592
2042.27173 0.011487
2042.37842 0.011383
2042.48523 0.01128
2042.59192 0.01118
2042.69873 0.011082
2042.80542 0.010988
2042.91223 0.010898
2043.01892 0.010812
2043.12573 0.010731
2043.23242 0.010655
2043.33923 0.010583
2043.44592 0.010516
2043.55273 0.010452
2043.65942 0.010391
2043.76624 0.010334
2043.87292 0.010279
2043.97974 0.010226
2044.08643 0.010175
2044.19324 0.010125
2044.29993 0.010077
2044.40674 0.01003
2044.51355 0.009984
2044.62024 0.009939
2044.72705 0.009896
2044.83374 0.009853
2044.94055 0.009812
2045.04724 0.009771
2045.15405 0.009731
2045.26074 0.009692
2045.36755 0.009654
2045.47424 0.009617
2045.58105 0.009581
2045.68774 0.009547
2045.79456 0.009513
2045.90125 0.009481
2046.00806 0.009449
2046.11475 0.00942
2046.22156 0.009391
2046.32825 0.009364
2046.43506 0.009337
2046.54175 0.009312
2046.64856 0.009287
2046.75525 0.009263
2046.86206 0.009239
2046.96875 0.009216
2047.07556 0.009193
2047.18237 0.00917
2047.28906 0.009147
2047.39587 0.009124
2047.50256 0.0091
2047.60938 0.009076
2047.71606 0.009051
2047.82288 0.009025
2047.92957 0.008999
2048.03638 0.008971
2048.14307 0.008943
2048.24976 0.008913
2048.35669 0.008882
2048.46338 0.00885
2048.57007 0.008817
2048.67676 0.008784
2048.78369 0.00875
2048.89038 0.008715
2048.99707 0.00868
2049.10376 0.008645
2049.21069 0.00861
2049.31738 0.008574
2049.42407 0.008538
2049.53076 0.008502
2049.63770 0.008465
2049.74438 0.008428
2049.85107 0.008391
2049.95801 0.008354
2050.06470 0.008316
2050.17139 0.008277
2050.27808 0.008238
2050.38501 0.008198
2050.49170 0.008158
2050.59839 0.008117
2050.70508 0.008074
2050.81201 0.008031
2050.91870 0.007986
2051.02539 0.00794
2051.13208 0.007892
2051.23901 0.007843
2051.34570 0.007793
2051.45239 0.007742
2051.55908 0.00769
2051.66602 0.007638
2051.77271 0.007585
2051.87939 0.007532
2051.98608 0.007479
2052.09302 0.007427
2052.19971 0.007375
2052.30640 0.007324
2052.41333 0.007273
2052.52002 0.007223
2052.62671 0.007173
2052.73340 0.007123
2052.84033 0.007074
2052.94702 0.007025
2053.05371 0.006977
2053.16040 0.006929
2053.26733 0.006881
2053.37402 0.006832
2053.48071 0.006783
2053.58740 0.006733
2053.69434 0.006681
2053.80103 0.006627
2053.90771 0.006571
2054.01440 0.006513
2054.12134 0.006451
2054.22803 0.006387
2054.33472 0.006322
2054.44141 0.006256
2054.54834 0.006191
2054.65503 0.006129
2054.76172 0.006069
2054.86865 0.006015
2054.97534 0.005966
2055.08203 0.005923
2055.18872 0.005889
2055.29565 0.005862
2055.40234 0.005841
2055.50903 0.005826
2055.61572 0.005815
2055.72266 0.005807
2055.82935 0.005803
2055.93604 0.0058
2056.04272 0.005799
2056.14966 0.005798
2261.76465 0.0
