threeML/data/optical_filters/TD1/SPEC-F2160.ecsv
# %ECSV 0.9
# ---
# datatype:
# - {name: wavelength, unit: Angstrom, datatype: float32}
# - {name: response, datatype: float32}
# meta: !!omap
# - {band_name: F2160}
# - {group_name: SPEC}
wavelength response
1896.24707 0.0
2106.94116 0.010058
2107.04810 0.010124
2107.15479 0.01019
2107.26147 0.010256
2107.36816 0.010321
2107.47510 0.010387
2107.58179 0.010453
2107.68848 0.01052
2107.79517 0.010587
2107.90210 0.010655
2108.00879 0.010725
2108.11548 0.010795
2108.22241 0.010868
2108.32910 0.010941
2108.43579 0.011015
2108.54248 0.011089
2108.64941 0.011163
2108.75610 0.011236
2108.86279 0.011308
2108.96948 0.011378
2109.07642 0.011447
2109.18311 0.011514
2109.28979 0.011578
2109.39648 0.011642
2109.50342 0.011704
2109.61011 0.011765
2109.71680 0.011827
2109.82349 0.011888
2109.93042 0.01195
2110.03711 0.012013
2110.14380 0.012078
2110.25049 0.012143
2110.35742 0.01221
2110.46411 0.012277
2110.57080 0.012345
2110.67773 0.012412
2110.78442 0.012478
2110.89111 0.012543
2110.99780 0.012607
2111.10474 0.012669
2111.21143 0.012729
2111.31812 0.012787
2111.42480 0.012843
2111.53174 0.012899
2111.63843 0.012953
2111.74512 0.013007
2111.85181 0.01306
2111.95874 0.013114
2112.06543 0.013168
2112.17212 0.013222
2112.27881 0.013278
2112.38574 0.013334
2112.49243 0.013391
2112.59912 0.013448
2112.70581 0.013507
2112.81274 0.013566
2112.91943 0.013626
2113.02612 0.013687
2113.13281 0.013749
2113.23975 0.013812
2113.34644 0.013875
2113.45312 0.013939
2113.56006 0.014004
2113.66675 0.014069
2113.77344 0.014134
2113.88013 0.014199
2113.98706 0.014265
2114.09375 0.01433
2114.20044 0.014395
2114.30713 0.014461
2114.41406 0.014526
2114.52075 0.014592
2114.62744 0.014658
2114.73413 0.014724
2114.84106 0.014791
2114.94775 0.014859
2115.05444 0.014927
2115.16113 0.014997
2115.26807 0.015067
2115.37476 0.015139
2115.48145 0.015213
2115.58813 0.01529
2115.69507 0.015368
2115.80176 0.01545
2115.90845 0.015535
2116.01538 0.015624
2116.12207 0.015716
2116.22876 0.015813
2116.33545 0.015913
2116.44238 0.016016
2116.54907 0.016121
2116.65576 0.016229
2116.76245 0.016339
2116.86938 0.01645
2116.97607 0.016562
2117.08276 0.016675
2117.18945 0.016787
2117.29639 0.0169
2117.40308 0.017013
2117.50977 0.017127
2117.61646 0.017242
2117.72339 0.017357
2117.83008 0.017474
2117.93677 0.017592
2118.04346 0.017711
2118.15039 0.017831
2118.25708 0.017954
2118.36377 0.018079
2118.47046 0.018206
2118.57739 0.018337
2118.68408 0.018472
2118.79077 0.01861
2118.89771 0.018754
2119.00439 0.018902
2119.11108 0.019056
2119.21777 0.019215
2119.32471 0.019379
2119.43140 0.019548
2119.53809 0.019719
2119.64478 0.019894
2119.75171 0.02007
2119.85840 0.020247
2119.96509 0.020425
2120.07178 0.020602
2120.17871 0.020778
2120.28540 0.020953
2120.39209 0.021128
2120.49878 0.021302
2120.60571 0.021477
2120.71240 0.021651
2120.81909 0.021825
2120.92578 0.022
2121.03271 0.022176
2121.13940 0.022353
2121.24609 0.022531
2121.35303 0.022712
2121.45972 0.022897
2121.56641 0.023086
2121.67310 0.023281
2121.78003 0.023482
2121.88672 0.02369
2121.99341 0.023907
2122.10010 0.024133
2122.20703 0.024368
2122.31372 0.024612
2122.42041 0.024862
2122.52710 0.025119
2122.63403 0.02538
2122.74072 0.025644
2122.84741 0.02591
2122.95410 0.026176
2123.06104 0.026441
2123.16772 0.026705
2123.27441 0.026969
2123.38110 0.027234
2123.48804 0.027504
2123.59473 0.02778
2123.70142 0.028064
2123.80835 0.02836
2123.91504 0.028669
2124.02173 0.028993
2124.12842 0.029334
2124.23535 0.029694
2124.34204 0.030069
2124.44873 0.030459
2124.55542 0.030862
2124.66235 0.031275
2124.76904 0.031698
2124.87573 0.032127
2124.98242 0.032562
2125.08936 0.033001
2125.19604 0.033443
2125.30273 0.033887
2125.40942 0.034335
2125.51636 0.034789
2125.62305 0.035247
2125.72974 0.035712
2125.83643 0.036185
2125.94336 0.036665
2126.05005 0.037154
2126.15674 0.037653
2126.26343 0.038164
2126.37036 0.038688
2126.47705 0.039228
2126.58374 0.039786
2126.69067 0.040364
2126.79736 0.040965
2126.90405 0.041589
2127.01074 0.042241
2127.11768 0.042921
2127.22437 0.04363
2127.33105 0.044363
2127.43774 0.045118
2127.54468 0.045891
2127.65137 0.046679
2127.75806 0.047477
2127.86475 0.048283
2127.97168 0.049092
2128.07837 0.049902
2128.18506 0.050709
2128.29175 0.051514
2128.39868 0.052317
2128.50537 0.05312
2128.61206 0.053923
2128.71875 0.054728
2128.82568 0.055536
2128.93237 0.056346
2129.03906 0.057161
2129.14600 0.057982
2129.25269 0.058811
2129.35938 0.059654
2129.46606 0.060515
2129.57300 0.061399
2129.67969 0.062311
2129.78638 0.063256
2129.89307 0.064239
2130.00000 0.065265
2130.10669 0.066337
2130.21338 0.067459
2130.32007 0.068627
2130.42700 0.069839
2130.53369 0.071091
2130.64038 0.07238
2130.74707 0.073702
2130.85400 0.075055
2130.96069 0.076434
2131.06738 0.077838
2131.17407 0.079263
2131.28101 0.080711
2131.38770 0.082183
2131.49438 0.083682
2131.60132 0.085209
2131.70801 0.086767
2131.81470 0.088357
2131.92139 0.089982
2132.02832 0.091644
2132.13501 0.093345
2132.24170 0.09509
2132.34839 0.096889
2132.45532 0.098749
2132.56201 0.10068
2132.66870 0.102689
2132.77539 0.104786
2132.88232 0.106979
2132.98901 0.109276
2133.09570 0.111686
2133.20239 0.114212
2133.30933 0.116843
2133.41602 0.119568
2133.52271 0.122375
2133.62939 0.125251
2133.73633 0.128184
2133.84302 0.131163
2133.94971 0.134175
2134.05640 0.137208
2134.16333 0.140252
2134.27002 0.143307
2134.37671 0.146377
2134.48364 0.149466
2134.59033 0.152578
2134.69702 0.155717
2134.80371 0.158888
2134.91064 0.162096
2135.01733 0.165343
2135.12402 0.168636
2135.23071 0.171981
2135.33765 0.175391
2135.44434 0.17888
2135.55103 0.182459
2135.65771 0.186141
2135.76465 0.18994
2135.87134 0.193868
2135.97803 0.197937
2136.08472 0.202161
2136.19165 0.206543
2136.29834 0.21106
2136.40503 0.215683
2136.51172 0.220384
2136.61865 0.225134
2136.72534 0.229905
2136.83203 0.234669
2136.93896 0.239396
2137.04565 0.244059
2137.15234 0.248632
2137.25903 0.253126
2137.36597 0.257571
2137.47266 0.261994
2137.57935 0.266427
2137.68604 0.270899
2137.79297 0.27544
2137.89966 0.280078
2138.00635 0.284844
2138.11304 0.289767
2138.21997 0.294852
2138.32666 0.300072
2138.43335 0.305395
2138.54004 0.310791
2138.64697 0.316228
2138.75366 0.321676
2138.86035 0.327104
2138.96704 0.332481
2139.07397 0.337776
2139.18066 0.342965
2139.28735 0.348052
2139.39429 0.353049
2139.50098 0.357967
2139.60767 0.362818
2139.71436 0.367613
2139.82129 0.372364
2139.92798 0.377081
2140.03467 0.381778
2140.14136 0.386464
2140.24829 0.391153
2140.35498 0.395856
2140.46167 0.400586
2140.56836 0.405357
2140.67529 0.41018
2140.78198 0.415067
2140.88867 0.420033
2140.99536 0.425088
2141.10229 0.430245
2141.20898 0.435507
2141.31567 0.440851
2141.42236 0.446256
2141.52930 0.451698
2141.63599 0.457155
2141.74268 0.462603
2141.84937 0.468021
2141.95630 0.473384
2142.06299 0.478671
2142.16968 0.483862
2142.27661 0.488961
2142.38330 0.493981
2142.48999 0.498932
2142.59668 0.503827
2142.70361 0.508678
2142.81030 0.513495
2142.91699 0.518292
2143.02368 0.52308
2143.13062 0.527871
2143.23730 0.532674
2143.34399 0.537499
2143.45068 0.542354
2143.55762 0.547248
2143.66431 0.55219
2143.77100 0.557188
2143.87769 0.562251
2143.98462 0.567387
2144.09131 0.572605
2144.19800 0.577906
2144.30469 0.583264
2144.41162 0.588654
2144.51831 0.594048
2144.62500 0.59942
2144.73193 0.604742
2144.83862 0.609987
2144.94531 0.615128
2145.05200 0.620139
2145.15894 0.624995
2145.26562 0.6297
2145.37231 0.634269
2145.47900 0.638719
2145.58594 0.643064
2145.69263 0.647321
2145.79932 0.651504
2145.90601 0.655631
2146.01294 0.659716
2146.11963 0.663775
2146.22632 0.667825
2146.33301 0.671883
2146.43994 0.675968
2146.54663 0.680097
2146.65332 0.684288
2146.76001 0.688559
2146.86694 0.692928
2146.97363 0.697413
2147.08032 0.702031
2147.18726 0.706792
2147.29395 0.711673
2147.40063 0.716646
2147.50732 0.721684
2147.61426 0.726758
2147.72095 0.731839
2147.82764 0.7369
2147.93433 0.741912
2148.04126 0.746846
2148.14795 0.751678
2148.25464 0.756415
2148.36133 0.761082
2148.46826 0.765707
2148.57495 0.770317
2148.68164 0.774937
2148.78833 0.779595
2148.89526 0.784318
2149.00195 0.789133
2149.10864 0.794065
2149.21533 0.79912
2149.32227 0.804268
2149.42896 0.809477
2149.53564 0.814714
2149.64233 0.819945
2149.74927 0.825139
2149.85596 0.830263
2149.96265 0.835284
2150.06958 0.840169
2150.17627 0.844892
2150.28296 0.849456
2150.38965 0.853875
2150.49658 0.858159
2150.60327 0.862321
2150.70996 0.866373
2150.81665 0.870327
2150.92358 0.874195
2151.03027 0.877989
2151.13696 0.881722
2151.24365 0.885395
2151.35059 0.889006
2151.45728 0.892552
2151.56396 0.896028
2151.67065 0.899431
2151.77759 0.902759
2151.88428 0.906006
2151.99097 0.909171
2152.09766 0.912248
2152.20459 0.915235
2152.31128 0.918127
2152.41797 0.920917
2152.52490 0.923602
2152.63159 0.926175
2152.73828 0.928633
2152.84497 0.930969
2152.95190 0.933179
2153.05859 0.935257
2153.16528 0.937201
2153.27197 0.939021
2153.37891 0.940732
2153.48560 0.94235
2153.59229 0.943891
2153.69897 0.945369
2153.80591 0.946802
2153.91260 0.948204
2154.01929 0.949591
2154.12598 0.950978
2154.23291 0.952374
2154.33960 0.953779
2154.44629 0.955196
2154.55298 0.956624
2154.65991 0.958065
2154.76660 0.95952
2154.87329 0.96099
2154.98022 0.962475
2155.08691 0.963977
2155.19360 0.965495
2155.30029 0.96702
2155.40723 0.968546
2155.51392 0.970063
2155.62061 0.971563
2155.72729 0.973038
2155.83423 0.97448
2155.94092 0.97588
2156.04761 0.977231
2156.15430 0.978524
2156.26123 0.979758
2156.36792 0.980938
2156.47461 0.982066
2156.58130 0.983145
2156.68823 0.984178
2156.79492 0.985168
2156.90161 0.986119
2157.00830 0.987032
2157.11523 0.987912
2157.22192 0.98876
2157.32861 0.989578
2157.43530 0.990364
2157.54224 0.991121
2157.64893 0.991848
2157.75562 0.992546
2157.86255 0.993216
2157.96924 0.993858
2158.07593 0.994472
2158.18262 0.99506
2158.28955 0.995619
2158.39624 0.996148
2158.50293 0.996646
2158.60962 0.997111
2158.71655 0.997542
2158.82324 0.997937
2158.92993 0.998294
2159.03662 0.998612
2159.14355 0.998891
2159.25024 0.99913
2159.35693 0.999333
2159.46362 0.999502
2159.57056 0.999641
2159.67725 0.999753
2159.78394 0.99984
2159.89062 0.999906
2159.99756 0.999952
2160.10425 0.999983
2160.21094 0.999999
2160.31787 1.0
2160.42456 0.999984
2160.53125 0.99995
2160.63794 0.999896
2160.74487 0.999821
2160.85156 0.999724
2160.95825 0.999603
2161.06494 0.999457
2161.17188 0.999286
2161.27856 0.999089
2161.38525 0.998867
2161.49194 0.998621
2161.59888 0.998353
2161.70557 0.998064
2161.81226 0.997753
2161.91895 0.997423
2162.02588 0.997074
2162.13257 0.996706
2162.23926 0.99632
2162.34595 0.99591
2162.45288 0.995475
2162.55957 0.995009
2162.66626 0.994511
2162.77319 0.993976
2162.87988 0.9934
2162.98657 0.992781
2163.09326 0.992115
2163.20020 0.9914
2163.30688 0.990638
2163.41357 0.989833
2163.52026 0.988987
2163.62720 0.988103
2163.73389 0.987183
2163.84058 0.986232
2163.94727 0.985251
2164.05420 0.984244
2164.16089 0.983212
2164.26758 0.982157
2164.37427 0.981077
2164.48120 0.979971
2164.58789 0.978838
2164.69458 0.977676
2164.80127 0.976486
2164.90820 0.975265
2165.01489 0.974014
2165.12158 0.97273
2165.22827 0.971411
2165.33521 0.970053
2165.44189 0.968649
2165.54858 0.967197
2165.65552 0.965689
2165.76221 0.964122
2165.86890 0.962491
2165.97559 0.960791
2166.08252 0.959016
2166.18921 0.957166
2166.29590 0.955248
2166.40259 0.953274
2166.50952 0.951252
2166.61621 0.949194
2166.72290 0.947111
2166.82959 0.945012
2166.93652 0.942908
2167.04321 0.940809
2167.14990 0.938725
2167.25659 0.936656
2167.36353 0.934596
2167.47021 0.932538
2167.57690 0.930477
2167.68359 0.928407
2167.79053 0.926323
2167.89722 0.924218
2168.00391 0.922087
2168.11084 0.919922
2168.21753 0.917711
2168.32422 0.915425
2168.43091 0.913035
2168.53784 0.910513
2168.64453 0.907829
2168.75122 0.904954
2168.85791 0.901861
2168.96484 0.898519
2169.07153 0.894901
2169.17822 0.890986
2169.28491 0.886796
2169.39185 0.882361
2169.49854 0.877714
2169.60522 0.872886
2169.71191 0.867908
2169.81885 0.862812
2169.92554 0.857629
2170.03223 0.852391
2170.13892 0.847128
2170.24585 0.841855
2170.35254 0.836573
2170.45923 0.831285
2170.56592 0.825992
2170.67285 0.820696
2170.77954 0.815398
2170.88623 0.810101
2170.99316 0.804807
2171.09985 0.799517
2171.20654 0.79423
2171.31323 0.788942
2171.42017 0.783646
2171.52686 0.778337
2171.63354 0.773009
2171.74023 0.767655
2171.84717 0.762272
2171.95386 0.756851
2172.06055 0.751388
2172.16724 0.74588
2172.27417 0.740341
2172.38086 0.734789
2172.48755 0.729244
2172.59424 0.723726
2172.70117 0.718255
2172.80786 0.71285
2172.91455 0.707531
2173.02124 0.702317
2173.12817 0.697227
2173.23486 0.692263
2173.34155 0.68741
2173.44849 0.682653
2173.55518 0.677977
2173.66187 0.673365
2173.76855 0.668804
2173.87549 0.664277
2173.98218 0.659768
2174.08887 0.655263
2174.19556 0.650747
2174.30249 0.646207
2174.40918 0.641628
2174.51587 0.636998
2174.62256 0.632304
2174.72949 0.627533
2174.83618 0.622671
2174.94287 0.617705
2175.04956 0.612623
2175.15649 0.607413
2175.26318 0.602096
2175.36987 0.596701
2175.47656 0.591262
2175.58350 0.585811
2175.69019 0.580378
2175.79688 0.574997
2175.90381 0.569698
2176.01050 0.564514
2176.11719 0.559477
2176.22388 0.55459
2176.33081 0.549826
2176.43750 0.545154
2176.54419 0.540542
2176.65088 0.53596
2176.75781 0.531378
2176.86450 0.526764
2176.97119 0.522087
2177.07788 0.517317
2177.18481 0.512434
2177.29150 0.507456
2177.39819 0.50241
2177.50488 0.497322
2177.61182 0.49222
2177.71851 0.487131
2177.82520 0.482082
2177.93188 0.477099
2178.03882 0.472209
2178.14551 0.467438
2178.25220 0.462786
2178.35889 0.458241
2178.46582 0.45379
2178.57251 0.449418
2178.67920 0.445114
2178.78613 0.440863
2178.89282 0.436652
2178.99951 0.432468
2179.10620 0.428297
2179.21313 0.424127
2179.31982 0.419948
2179.42651 0.415746
2179.53320 0.411513
2179.64014 0.407236
2179.74683 0.402905
2179.85352 0.398509
2179.96021 0.394036
2180.06714 0.389476
2180.17383 0.384822
2180.28052 0.380087
2180.38721 0.375292
2180.49414 0.370455
2180.60083 0.365598
2180.70752 0.36074
2180.81421 0.355901
2180.92114 0.351101
2181.02783 0.346359
2181.13452 0.341694
2181.24146 0.337109
2181.34814 0.332594
2181.45483 0.328137
2181.56152 0.323726
2181.66846 0.31935
2181.77515 0.314998
2181.88184 0.310658
2181.98853 0.30632
2182.09546 0.301971
2182.20215 0.297602
2182.30884 0.293205
2182.41553 0.28877
2182.52246 0.284292
2182.62915 0.279761
2182.73584 0.275169
2182.84253 0.27051
2182.94946 0.265775
2183.05615 0.260957
2183.16284 0.256049
2183.26953 0.251071
2183.37646 0.246048
2183.48315 0.241008
2183.58984 0.235975
2183.69678 0.230977
2183.80347 0.22604
2183.91016 0.22119
2184.01685 0.216455
2184.12378 0.211859
2184.23047 0.207412
2184.33716 0.203104
2184.44385 0.198926
2184.55078 0.194868
2184.65747 0.190919
2184.76416 0.187069
2184.87085 0.183308
2184.97778 0.179625
2185.08447 0.176011
2185.19116 0.172456
2185.29785 0.16895
2185.40479 0.165487
2185.51147 0.162059
2185.61816 0.158658
2185.72485 0.155276
2185.83179 0.151907
2185.93848 0.148543
2186.04517 0.145176
2186.15186 0.141802
2186.25879 0.138429
2186.36548 0.135073
2186.47217 0.131749
2186.57910 0.128473
2186.68579 0.125262
2186.79248 0.122128
2186.89917 0.119089
2187.00610 0.116157
2187.11279 0.113349
2187.21948 0.110668
2187.32617 0.108103
2187.43311 0.105646
2187.53979 0.103284
2187.64648 0.101006
2187.75317 0.098804
2187.86011 0.096666
2187.96680 0.094581
2188.07349 0.092541
2188.18018 0.090535
2188.28711 0.08856
2188.39380 0.086614
2188.50049 0.084694
2188.60718 0.082799
2188.71411 0.080925
2188.82080 0.079071
2188.92749 0.077233
2189.03442 0.07541
2189.14111 0.0736
2189.24780 0.071806
2189.35449 0.070035
2189.46143 0.068295
2189.56812 0.066594
2189.67480 0.06494
2189.78149 0.06334
2189.88843 0.061801
2189.99512 0.060332
2190.10181 0.05894
2190.20850 0.057627
2190.31543 0.056386
2190.42212 0.055209
2190.52881 0.054088
2190.63550 0.053013
2190.74243 0.051976
2190.84912 0.05097
2190.95581 0.049985
2191.06250 0.049014
2191.16943 0.048049
2191.27612 0.047093
2191.38281 0.046148
2191.48975 0.045221
2191.59644 0.044316
2191.70312 0.043437
2191.80981 0.042588
2191.91675 0.041774
2192.02344 0.041001
2192.13013 0.040271
2192.23682 0.039585
2192.34375 0.03894
2192.45044 0.03833
2192.55713 0.037754
2192.66382 0.037206
2192.77075 0.036682
2192.87744 0.036179
2192.98413 0.035693
2193.09082 0.035219
2193.19775 0.034755
2193.30444 0.034299
2193.41113 0.03385
2193.51782 0.033406
2193.62476 0.032966
2193.73145 0.032528
2193.83813 0.032092
2193.94482 0.031656
2194.05176 0.031219
2194.15845 0.030779
2194.26514 0.030337
2194.37207 0.029896
2194.47876 0.029456
2194.58545 0.029021
2194.69214 0.02859
2194.79907 0.028167
2194.90576 0.027753
2195.01245 0.027349
2195.11914 0.026958
2195.22607 0.026579
2195.33276 0.026212
2195.43945 0.025856
2195.54614 0.02551
2195.65308 0.025173
2195.75977 0.024842
2195.86646 0.024519
2195.97314 0.024201
2196.08008 0.023887
2196.18677 0.023576
2196.29346 0.023269
2196.40015 0.022963
2196.50708 0.022659
2196.61377 0.022357
2196.72046 0.022055
2196.82739 0.021753
2196.93408 0.021451
2197.04077 0.021147
2197.14746 0.020843
2197.25439 0.020537
2197.36108 0.020232
2197.46777 0.019929
2197.57446 0.019629
2197.68140 0.019334
2197.78809 0.019044
2197.89478 0.018761
2198.00146 0.018487
2198.10840 0.018222
2198.21509 0.017967
2198.32178 0.017721
2198.42847 0.017484
2198.53540 0.017255
2198.64209 0.017033
2198.74878 0.016817
2198.85547 0.016606
2198.96240 0.0164
2199.06909 0.016198
2199.17578 0.015999
2199.28271 0.015802
2199.38940 0.015609
2199.49609 0.015417
2199.60278 0.015227
2199.70972 0.015039
2199.81641 0.014852
2199.92310 0.014666
2200.02979 0.01448
2200.13672 0.014296
2200.24341 0.014112
2200.35010 0.01393
2200.45679 0.01375
2200.56372 0.013573
2200.67041 0.013401
2200.77710 0.013234
2200.88379 0.013073
2200.99072 0.012918
2201.09741 0.01277
2201.20410 0.012631
2201.31079 0.012498
2201.41772 0.012372
2201.52441 0.012251
2201.63110 0.012135
2201.73779 0.012022
2201.84473 0.011912
2201.95142 0.011805
2202.05811 0.011698
2202.16504 0.011592
2202.27173 0.011487
2202.37842 0.011383
2202.48511 0.01128
2202.59204 0.01118
2202.69873 0.011082
2202.80542 0.010988
2202.91211 0.010898
2203.01904 0.010812
2203.12573 0.010731
2203.23242 0.010655
2203.33911 0.010583
2203.44604 0.010516
2203.55273 0.010452
2203.65942 0.010391
2203.76611 0.010334
2203.87305 0.010279
2203.97974 0.010226
2204.08643 0.010175
2204.19312 0.010125
2204.30005 0.010077
2204.40674 0.01003
2204.51343 0.009984
2204.62036 0.009939
2204.72705 0.009896
2204.83374 0.009853
2204.94043 0.009812
2205.04736 0.009771
2205.15405 0.009731
2205.26074 0.009692
2205.36743 0.009654
2205.47437 0.009617
2205.58105 0.009581
2205.68774 0.009547
2205.79443 0.009513
2205.90137 0.009481
2206.00806 0.009449
2206.11475 0.00942
2206.22144 0.009391
2206.32837 0.009364
2206.43506 0.009337
2206.54175 0.009312
2206.64844 0.009287
2206.75537 0.009263
2206.86206 0.009239
2206.96875 0.009216
2207.07568 0.009193
2207.18237 0.00917
2207.28906 0.009147
2207.39575 0.009124
2207.50269 0.0091
2207.60938 0.009076
2207.71606 0.009051
2207.82275 0.009025
2207.92969 0.008999
2208.03638 0.008971
2208.14307 0.008943
2208.24976 0.008913
2208.35669 0.008882
2208.46338 0.00885
2208.57007 0.008817
2208.67676 0.008784
2208.78369 0.00875
2208.89038 0.008715
2208.99707 0.00868
2209.10376 0.008645
2209.21069 0.00861
2209.31738 0.008574
2209.42407 0.008538
2209.53076 0.008502
2209.63770 0.008465
2209.74438 0.008428
2209.85107 0.008391
2209.95801 0.008354
2210.06470 0.008316
2210.17139 0.008277
2210.27808 0.008238
2210.38501 0.008198
2210.49170 0.008158
2210.59839 0.008117
2210.70508 0.008074
2210.81201 0.008031
2210.91870 0.007986
2211.02539 0.00794
2211.13208 0.007892
2211.23901 0.007843
2211.34570 0.007793
2211.45239 0.007742
2211.55908 0.00769
2211.66602 0.007638
2211.77271 0.007585
2211.87939 0.007532
2211.98608 0.007479
2212.09302 0.007427
2212.19971 0.007375
2212.30640 0.007324
2212.41333 0.007273
2212.52002 0.007223
2212.62671 0.007173
2212.73340 0.007123
2212.84033 0.007074
2212.94702 0.007025
2213.05371 0.006977
2213.16040 0.006929
2213.26733 0.006881
2213.37402 0.006832
2213.48071 0.006783
2213.58740 0.006733
2213.69434 0.006681
2213.80103 0.006627
2213.90771 0.006571
2214.01440 0.006513
2214.12134 0.006451
2214.22803 0.006387
2214.33472 0.006322
2214.44141 0.006256
2214.54834 0.006191
2214.65503 0.006129
2214.76172 0.006069
2214.86865 0.006015
2214.97534 0.005966
2215.08203 0.005923
2215.18872 0.005889
2215.29565 0.005862
2215.40234 0.005841
2215.50903 0.005826
2215.61572 0.005815
2215.72266 0.005807
2215.82935 0.005803
2215.93604 0.0058
2216.04272 0.005799
2216.14966 0.005798
2437.76465 0.0
