threeML/data/optical_filters/TD1/SPEC-F1940.ecsv
# %ECSV 0.9
# ---
# datatype:
# - {name: wavelength, unit: Angstrom, datatype: float32}
# - {name: response, datatype: float32}
# meta: !!omap
# - {band_name: F1940}
# - {group_name: SPEC}
wavelength response
1698.24683 0.0
1886.94092 0.010058
1887.04773 0.010124
1887.15442 0.01019
1887.26123 0.010256
1887.36792 0.010321
1887.47473 0.010387
1887.58142 0.010453
1887.68823 0.01052
1887.79504 0.010587
1887.90173 0.010655
1888.00854 0.010725
1888.11523 0.010795
1888.22205 0.010868
1888.32874 0.010941
1888.43555 0.011015
1888.54224 0.011089
1888.64905 0.011163
1888.75574 0.011236
1888.86255 0.011308
1888.96924 0.011378
1889.07605 0.011447
1889.18274 0.011514
1889.28955 0.011578
1889.39624 0.011642
1889.50305 0.011704
1889.60974 0.011765
1889.71655 0.011827
1889.82324 0.011888
1889.93005 0.01195
1890.03674 0.012013
1890.14355 0.012078
1890.25024 0.012143
1890.35706 0.01221
1890.46387 0.012277
1890.57056 0.012345
1890.67737 0.012412
1890.78406 0.012478
1890.89087 0.012543
1890.99756 0.012607
1891.10437 0.012669
1891.21106 0.012729
1891.31787 0.012787
1891.42456 0.012843
1891.53137 0.012899
1891.63806 0.012953
1891.74487 0.013007
1891.85156 0.01306
1891.95837 0.013114
1892.06506 0.013168
1892.17188 0.013222
1892.27856 0.013278
1892.38538 0.013334
1892.49207 0.013391
1892.59888 0.013448
1892.70557 0.013507
1892.81238 0.013566
1892.91907 0.013626
1893.02588 0.013687
1893.13269 0.013749
1893.23938 0.013812
1893.34619 0.013875
1893.45288 0.013939
1893.55969 0.014004
1893.66638 0.014069
1893.77319 0.014134
1893.87988 0.014199
1893.98669 0.014265
1894.09338 0.01433
1894.20020 0.014395
1894.30688 0.014461
1894.41370 0.014526
1894.52039 0.014592
1894.62720 0.014658
1894.73389 0.014724
1894.84070 0.014791
1894.94739 0.014859
1895.05420 0.014927
1895.16089 0.014997
1895.26770 0.015067
1895.37439 0.015139
1895.48120 0.015213
1895.58789 0.01529
1895.69470 0.015368
1895.80151 0.01545
1895.90820 0.015535
1896.01501 0.015624
1896.12170 0.015716
1896.22852 0.015813
1896.33521 0.015913
1896.44202 0.016016
1896.54871 0.016121
1896.65552 0.016229
1896.76221 0.016339
1896.86902 0.01645
1896.97571 0.016562
1897.08252 0.016675
1897.18921 0.016787
1897.29602 0.0169
1897.40271 0.017013
1897.50952 0.017127
1897.61621 0.017242
1897.72302 0.017357
1897.82971 0.017474
1897.93652 0.017592
1898.04321 0.017711
1898.15002 0.017831
1898.25684 0.017954
1898.36353 0.018079
1898.47034 0.018206
1898.57703 0.018337
1898.68384 0.018472
1898.79053 0.01861
1898.89734 0.018754
1899.00403 0.018902
1899.11084 0.019056
1899.21753 0.019215
1899.32434 0.019379
1899.43103 0.019548
1899.53784 0.019719
1899.64453 0.019894
1899.75134 0.02007
1899.85803 0.020247
1899.96484 0.020425
1900.07153 0.020602
1900.17834 0.020778
1900.28503 0.020953
1900.39185 0.021128
1900.49854 0.021302
1900.60535 0.021477
1900.71204 0.021651
1900.81885 0.021825
1900.92566 0.022
1901.03235 0.022176
1901.13916 0.022353
1901.24585 0.022531
1901.35266 0.022712
1901.45935 0.022897
1901.56616 0.023086
1901.67285 0.023281
1901.77966 0.023482
1901.88635 0.02369
1901.99316 0.023907
1902.09985 0.024133
1902.20667 0.024368
1902.31335 0.024612
1902.42017 0.024862
1902.52686 0.025119
1902.63367 0.02538
1902.74036 0.025644
1902.84717 0.02591
1902.95386 0.026176
1903.06067 0.026441
1903.16736 0.026705
1903.27417 0.026969
1903.38086 0.027234
1903.48767 0.027504
1903.59448 0.02778
1903.70117 0.028064
1903.80798 0.02836
1903.91467 0.028669
1904.02148 0.028993
1904.12817 0.029334
1904.23499 0.029694
1904.34167 0.030069
1904.44849 0.030459
1904.55518 0.030862
1904.66199 0.031275
1904.76868 0.031698
1904.87549 0.032127
1904.98218 0.032562
1905.08899 0.033001
1905.19568 0.033443
1905.30249 0.033887
1905.40918 0.034335
1905.51599 0.034789
1905.62268 0.035247
1905.72949 0.035712
1905.83618 0.036185
1905.94299 0.036665
1906.04980 0.037154
1906.15649 0.037653
1906.26331 0.038164
1906.37000 0.038688
1906.47681 0.039228
1906.58350 0.039786
1906.69031 0.040364
1906.79700 0.040965
1906.90381 0.041589
1907.01050 0.042241
1907.11731 0.042921
1907.22400 0.04363
1907.33081 0.044363
1907.43750 0.045118
1907.54431 0.045891
1907.65100 0.046679
1907.75781 0.047477
1907.86450 0.048283
1907.97131 0.049092
1908.07800 0.049902
1908.18481 0.050709
1908.29150 0.051514
1908.39832 0.052317
1908.50500 0.05312
1908.61182 0.053923
1908.71863 0.054728
1908.82532 0.055536
1908.93213 0.056346
1909.03882 0.057161
1909.14563 0.057982
1909.25232 0.058811
1909.35913 0.059654
1909.46582 0.060515
1909.57263 0.061399
1909.67932 0.062311
1909.78613 0.063256
1909.89282 0.064239
1909.99963 0.065265
1910.10632 0.066337
1910.21313 0.067459
1910.31982 0.068627
1910.42664 0.069839
1910.53333 0.071091
1910.64014 0.07238
1910.74683 0.073702
1910.85364 0.075055
1910.96033 0.076434
1911.06714 0.077838
1911.17383 0.079263
1911.28064 0.080711
1911.38745 0.082183
1911.49414 0.083682
1911.60095 0.085209
1911.70764 0.086767
1911.81445 0.088357
1911.92114 0.089982
1912.02795 0.091644
1912.13464 0.093345
1912.24146 0.09509
1912.34814 0.096889
1912.45496 0.098749
1912.56165 0.10068
1912.66846 0.102689
1912.77515 0.104786
1912.88196 0.106979
1912.98865 0.109276
1913.09546 0.111686
1913.20215 0.114212
1913.30896 0.116843
1913.41565 0.119568
1913.52246 0.122375
1913.62915 0.125251
1913.73596 0.128184
1913.84265 0.131163
1913.94946 0.134175
1914.05627 0.137208
1914.16296 0.140252
1914.26978 0.143307
1914.37646 0.146377
1914.48328 0.149466
1914.58997 0.152578
1914.69678 0.155717
1914.80347 0.158888
1914.91028 0.162096
1915.01697 0.165343
1915.12378 0.168636
1915.23047 0.171981
1915.33728 0.175391
1915.44397 0.17888
1915.55078 0.182459
1915.65747 0.186141
1915.76428 0.18994
1915.87097 0.193868
1915.97778 0.197937
1916.08447 0.202161
1916.19128 0.206543
1916.29797 0.21106
1916.40479 0.215683
1916.51160 0.220384
1916.61829 0.225134
1916.72510 0.229905
1916.83179 0.234669
1916.93860 0.239396
1917.04529 0.244059
1917.15210 0.248632
1917.25879 0.253126
1917.36560 0.257571
1917.47229 0.261994
1917.57910 0.266427
1917.68579 0.270899
1917.79260 0.27544
1917.89929 0.280078
1918.00610 0.284844
1918.11279 0.289767
1918.21960 0.294852
1918.32629 0.300072
1918.43311 0.305395
1918.53979 0.310791
1918.64661 0.316228
1918.75330 0.321676
1918.86011 0.327104
1918.96680 0.332481
1919.07361 0.337776
1919.18042 0.342965
1919.28711 0.348052
1919.39392 0.353049
1919.50061 0.357967
1919.60742 0.362818
1919.71411 0.367613
1919.82092 0.372364
1919.92761 0.377081
1920.03442 0.381778
1920.14111 0.386464
1920.24792 0.391153
1920.35461 0.395856
1920.46143 0.400586
1920.56812 0.405357
1920.67493 0.41018
1920.78162 0.415067
1920.88843 0.420033
1920.99512 0.425088
1921.10193 0.430245
1921.20862 0.435507
1921.31543 0.440851
1921.42212 0.446256
1921.52893 0.451698
1921.63562 0.457155
1921.74243 0.462603
1921.84924 0.468021
1921.95593 0.473384
1922.06274 0.478671
1922.16943 0.483862
1922.27625 0.488961
1922.38293 0.493981
1922.48975 0.498932
1922.59644 0.503827
1922.70325 0.508678
1922.80994 0.513495
1922.91675 0.518292
1923.02344 0.52308
1923.13025 0.527871
1923.23694 0.532674
1923.34375 0.537499
1923.45044 0.542354
1923.55725 0.547248
1923.66394 0.55219
1923.77075 0.557188
1923.87744 0.562251
1923.98425 0.567387
1924.09094 0.572605
1924.19775 0.577906
1924.30457 0.583264
1924.41125 0.588654
1924.51807 0.594048
1924.62476 0.59942
1924.73157 0.604742
1924.83826 0.609987
1924.94507 0.615128
1925.05176 0.620139
1925.15857 0.624995
1925.26526 0.6297
1925.37207 0.634269
1925.47876 0.638719
1925.58557 0.643064
1925.69226 0.647321
1925.79907 0.651504
1925.90576 0.655631
1926.01257 0.659716
1926.11926 0.663775
1926.22607 0.667825
1926.33276 0.671883
1926.43958 0.675968
1926.54626 0.680097
1926.65308 0.684288
1926.75977 0.688559
1926.86658 0.692928
1926.97339 0.697413
1927.08008 0.702031
1927.18689 0.706792
1927.29358 0.711673
1927.40039 0.716646
1927.50708 0.721684
1927.61389 0.726758
1927.72058 0.731839
1927.82739 0.7369
1927.93408 0.741912
1928.04089 0.746846
1928.14758 0.751678
1928.25439 0.756415
1928.36108 0.761082
1928.46790 0.765707
1928.57458 0.770317
1928.68140 0.774937
1928.78809 0.779595
1928.89490 0.784318
1929.00159 0.789133
1929.10840 0.794065
1929.21509 0.79912
1929.32190 0.804268
1929.42859 0.809477
1929.53540 0.814714
1929.64221 0.819945
1929.74890 0.825139
1929.85571 0.830263
1929.96240 0.835284
1930.06921 0.840169
1930.17590 0.844892
1930.28271 0.849456
1930.38940 0.853875
1930.49622 0.858159
1930.60291 0.862321
1930.70972 0.866373
1930.81641 0.870327
1930.92322 0.874195
1931.02991 0.877989
1931.13672 0.881722
1931.24341 0.885395
1931.35022 0.889006
1931.45691 0.892552
1931.56372 0.896028
1931.67041 0.899431
1931.77722 0.902759
1931.88391 0.906006
1931.99072 0.909171
1932.09753 0.912248
1932.20422 0.915235
1932.31104 0.918127
1932.41772 0.920917
1932.52454 0.923602
1932.63123 0.926175
1932.73804 0.928633
1932.84473 0.930969
1932.95154 0.933179
1933.05823 0.935257
1933.16504 0.937201
1933.27173 0.939021
1933.37854 0.940732
1933.48523 0.94235
1933.59204 0.943891
1933.69873 0.945369
1933.80554 0.946802
1933.91223 0.948204
1934.01904 0.949591
1934.12573 0.950978
1934.23254 0.952374
1934.33923 0.953779
1934.44604 0.955196
1934.55273 0.956624
1934.65955 0.958065
1934.76636 0.95952
1934.87305 0.96099
1934.97986 0.962475
1935.08655 0.963977
1935.19336 0.965495
1935.30005 0.96702
1935.40686 0.968546
1935.51355 0.970063
1935.62036 0.971563
1935.72705 0.973038
1935.83386 0.97448
1935.94055 0.97588
1936.04736 0.977231
1936.15405 0.978524
1936.26086 0.979758
1936.36755 0.980938
1936.47437 0.982066
1936.58105 0.983145
1936.68787 0.984178
1936.79456 0.985168
1936.90137 0.986119
1937.00806 0.987032
1937.11487 0.987912
1937.22156 0.98876
1937.32837 0.989578
1937.43518 0.990364
1937.54187 0.991121
1937.64868 0.991848
1937.75537 0.992546
1937.86218 0.993216
1937.96887 0.993858
1938.07568 0.994472
1938.18237 0.99506
1938.28918 0.995619
1938.39587 0.996148
1938.50269 0.996646
1938.60938 0.997111
1938.71619 0.997542
1938.82288 0.997937
1938.92969 0.998294
1939.03638 0.998612
1939.14319 0.998891
1939.24988 0.99913
1939.35669 0.999333
1939.46338 0.999502
1939.57019 0.999641
1939.67688 0.999753
1939.78369 0.99984
1939.89050 0.999906
1939.99719 0.999952
1940.10400 0.999983
1940.21069 0.999999
1940.31750 1.0
1940.42419 0.999984
1940.53101 0.99995
1940.63770 0.999896
1940.74451 0.999821
1940.85120 0.999724
1940.95801 0.999603
1941.06470 0.999457
1941.17151 0.999286
1941.27820 0.999089
1941.38501 0.998867
1941.49170 0.998621
1941.59851 0.998353
1941.70520 0.998064
1941.81201 0.997753
1941.91870 0.997423
1942.02551 0.997074
1942.13220 0.996706
1942.23901 0.99632
1942.34570 0.99591
1942.45251 0.995475
1942.55933 0.995009
1942.66602 0.994511
1942.77283 0.993976
1942.87952 0.9934
1942.98633 0.992781
1943.09302 0.992115
1943.19983 0.9914
1943.30652 0.990638
1943.41333 0.989833
1943.52002 0.988987
1943.62683 0.988103
1943.73352 0.987183
1943.84033 0.986232
1943.94702 0.985251
1944.05383 0.984244
1944.16052 0.983212
1944.26733 0.982157
1944.37402 0.981077
1944.48083 0.979971
1944.58752 0.978838
1944.69434 0.977676
1944.80103 0.976486
1944.90784 0.975265
1945.01453 0.974014
1945.12134 0.97273
1945.22815 0.971411
1945.33484 0.970053
1945.44165 0.968649
1945.54834 0.967197
1945.65515 0.965689
1945.76184 0.964122
1945.86865 0.962491
1945.97534 0.960791
1946.08215 0.959016
1946.18884 0.957166
1946.29565 0.955248
1946.40234 0.953274
1946.50916 0.951252
1946.61584 0.949194
1946.72266 0.947111
1946.82935 0.945012
1946.93616 0.942908
1947.04285 0.940809
1947.14966 0.938725
1947.25635 0.936656
1947.36316 0.934596
1947.46985 0.932538
1947.57666 0.930477
1947.68335 0.928407
1947.79016 0.926323
1947.89697 0.924218
1948.00366 0.922087
1948.11047 0.919922
1948.21716 0.917711
1948.32397 0.915425
1948.43066 0.913035
1948.53748 0.910513
1948.64417 0.907829
1948.75098 0.904954
1948.85767 0.901861
1948.96448 0.898519
1949.07117 0.894901
1949.17798 0.890986
1949.28467 0.886796
1949.39148 0.882361
1949.49817 0.877714
1949.60498 0.872886
1949.71167 0.867908
1949.81848 0.862812
1949.92517 0.857629
1950.03198 0.852391
1950.13867 0.847128
1950.24548 0.841855
1950.35229 0.836573
1950.45898 0.831285
1950.56580 0.825992
1950.67249 0.820696
1950.77930 0.815398
1950.88599 0.810101
1950.99280 0.804807
1951.09949 0.799517
1951.20630 0.79423
1951.31299 0.788942
1951.41980 0.783646
1951.52649 0.778337
1951.63330 0.773009
1951.73999 0.767655
1951.84680 0.762272
1951.95349 0.756851
1952.06030 0.751388
1952.16699 0.74588
1952.27380 0.740341
1952.38049 0.734789
1952.48730 0.729244
1952.59399 0.723726
1952.70081 0.718255
1952.80750 0.71285
1952.91431 0.707531
1953.02112 0.702317
1953.12781 0.697227
1953.23462 0.692263
1953.34131 0.68741
1953.44812 0.682653
1953.55481 0.677977
1953.66162 0.673365
1953.76831 0.668804
1953.87512 0.664277
1953.98181 0.659768
1954.08862 0.655263
1954.19531 0.650747
1954.30212 0.646207
1954.40881 0.641628
1954.51562 0.636998
1954.62231 0.632304
1954.72913 0.627533
1954.83582 0.622671
1954.94263 0.617705
1955.04932 0.612623
1955.15613 0.607413
1955.26282 0.602096
1955.36963 0.596701
1955.47632 0.591262
1955.58313 0.585811
1955.68994 0.580378
1955.79663 0.574997
1955.90344 0.569698
1956.01013 0.564514
1956.11694 0.559477
1956.22363 0.55459
1956.33044 0.549826
1956.43713 0.545154
1956.54395 0.540542
1956.65063 0.53596
1956.75745 0.531378
1956.86414 0.526764
1956.97095 0.522087
1957.07764 0.517317
1957.18445 0.512434
1957.29114 0.507456
1957.39795 0.50241
1957.50464 0.497322
1957.61145 0.49222
1957.71814 0.487131
1957.82495 0.482082
1957.93164 0.477099
1958.03845 0.472209
1958.14526 0.467438
1958.25195 0.462786
1958.35876 0.458241
1958.46545 0.45379
1958.57227 0.449418
1958.67896 0.445114
1958.78577 0.440863
1958.89246 0.436652
1958.99927 0.432468
1959.10596 0.428297
1959.21277 0.424127
1959.31946 0.419948
1959.42627 0.415746
1959.53296 0.411513
1959.63977 0.407236
1959.74646 0.402905
1959.85327 0.398509
1959.95996 0.394036
1960.06677 0.389476
1960.17346 0.384822
1960.28027 0.380087
1960.38696 0.375292
1960.49377 0.370455
1960.60046 0.365598
1960.70728 0.36074
1960.81409 0.355901
1960.92078 0.351101
1961.02759 0.346359
1961.13428 0.341694
1961.24109 0.337109
1961.34778 0.332594
1961.45459 0.328137
1961.56128 0.323726
1961.66809 0.31935
1961.77478 0.314998
1961.88159 0.310658
1961.98828 0.30632
1962.09509 0.301971
1962.20178 0.297602
1962.30859 0.293205
1962.41528 0.28877
1962.52209 0.284292
1962.62878 0.279761
1962.73560 0.275169
1962.84229 0.27051
1962.94910 0.265775
1963.05579 0.260957
1963.16260 0.256049
1963.26929 0.251071
1963.37610 0.246048
1963.48291 0.241008
1963.58960 0.235975
1963.69641 0.230977
1963.80310 0.22604
1963.90991 0.22119
1964.01660 0.216455
1964.12341 0.211859
1964.23010 0.207412
1964.33691 0.203104
1964.44360 0.198926
1964.55042 0.194868
1964.65710 0.190919
1964.76392 0.187069
1964.87061 0.183308
1964.97742 0.179625
1965.08411 0.176011
1965.19092 0.172456
1965.29761 0.16895
1965.40442 0.165487
1965.51111 0.162059
1965.61792 0.158658
1965.72461 0.155276
1965.83142 0.151907
1965.93823 0.148543
1966.04492 0.145176
1966.15173 0.141802
1966.25842 0.138429
1966.36523 0.135073
1966.47192 0.131749
1966.57874 0.128473
1966.68542 0.125262
1966.79224 0.122128
1966.89893 0.119089
1967.00574 0.116157
1967.11243 0.113349
1967.21924 0.110668
1967.32593 0.108103
1967.43274 0.105646
1967.53943 0.103284
1967.64624 0.101006
1967.75293 0.098804
1967.85974 0.096666
1967.96643 0.094581
1968.07324 0.092541
1968.17993 0.090535
1968.28674 0.08856
1968.39343 0.086614
1968.50024 0.084694
1968.60706 0.082799
1968.71375 0.080925
1968.82056 0.079071
1968.92725 0.077233
1969.03406 0.07541
1969.14075 0.0736
1969.24756 0.071806
1969.35425 0.070035
1969.46106 0.068295
1969.56775 0.066594
1969.67456 0.06494
1969.78125 0.06334
1969.88806 0.061801
1969.99475 0.060332
1970.10156 0.05894
1970.20825 0.057627
1970.31506 0.056386
1970.42175 0.055209
1970.52856 0.054088
1970.63525 0.053013
1970.74207 0.051976
1970.84875 0.05097
1970.95557 0.049985
1971.06226 0.049014
1971.16907 0.048049
1971.27588 0.047093
1971.38257 0.046148
1971.48938 0.045221
1971.59607 0.044316
1971.70288 0.043437
1971.80957 0.042588
1971.91638 0.041774
1972.02307 0.041001
1972.12988 0.040271
1972.23657 0.039585
1972.34338 0.03894
1972.45007 0.03833
1972.55688 0.037754
1972.66357 0.037206
1972.77039 0.036682
1972.87708 0.036179
1972.98389 0.035693
1973.09058 0.035219
1973.19739 0.034755
1973.30408 0.034299
1973.41089 0.03385
1973.51758 0.033406
1973.62439 0.032966
1973.73108 0.032528
1973.83789 0.032092
1973.94470 0.031656
1974.05139 0.031219
1974.15820 0.030779
1974.26489 0.030337
1974.37170 0.029896
1974.47839 0.029456
1974.58521 0.029021
1974.69189 0.02859
1974.79871 0.028167
1974.90540 0.027753
1975.01221 0.027349
1975.11890 0.026958
1975.22571 0.026579
1975.33240 0.026212
1975.43921 0.025856
1975.54590 0.02551
1975.65271 0.025173
1975.75940 0.024842
1975.86621 0.024519
1975.97290 0.024201
1976.07971 0.023887
1976.18640 0.023576
1976.29321 0.023269
1976.40002 0.022963
1976.50671 0.022659
1976.61353 0.022357
1976.72021 0.022055
1976.82703 0.021753
1976.93372 0.021451
1977.04053 0.021147
1977.14722 0.020843
1977.25403 0.020537
1977.36072 0.020232
1977.46753 0.019929
1977.57422 0.019629
1977.68103 0.019334
1977.78772 0.019044
1977.89453 0.018761
1978.00122 0.018487
1978.10803 0.018222
1978.21472 0.017967
1978.32153 0.017721
1978.42822 0.017484
1978.53503 0.017255
1978.64172 0.017033
1978.74854 0.016817
1978.85522 0.016606
1978.96204 0.0164
1979.06885 0.016198
1979.17554 0.015999
1979.28235 0.015802
1979.38904 0.015609
1979.49585 0.015417
1979.60254 0.015227
1979.70935 0.015039
1979.81604 0.014852
1979.92285 0.014666
1980.02954 0.01448
1980.13635 0.014296
1980.24304 0.014112
1980.34985 0.01393
1980.45654 0.01375
1980.56335 0.013573
1980.67004 0.013401
1980.77686 0.013234
1980.88354 0.013073
1980.99036 0.012918
1981.09705 0.01277
1981.20386 0.012631
1981.31055 0.012498
1981.41736 0.012372
1981.52405 0.012251
1981.63086 0.012135
1981.73767 0.012022
1981.84436 0.011912
1981.95117 0.011805
1982.05786 0.011698
1982.16467 0.011592
1982.27136 0.011487
1982.37817 0.011383
1982.48486 0.01128
1982.59167 0.01118
1982.69836 0.011082
1982.80518 0.010988
1982.91187 0.010898
1983.01868 0.010812
1983.12537 0.010731
1983.23218 0.010655
1983.33887 0.010583
1983.44568 0.010516
1983.55237 0.010452
1983.65918 0.010391
1983.76587 0.010334
1983.87268 0.010279
1983.97937 0.010226
1984.08618 0.010175
1984.19299 0.010125
1984.29968 0.010077
1984.40649 0.01003
1984.51318 0.009984
1984.62000 0.009939
1984.72668 0.009896
1984.83350 0.009853
1984.94019 0.009812
1985.04700 0.009771
1985.15369 0.009731
1985.26050 0.009692
1985.36719 0.009654
1985.47400 0.009617
1985.58069 0.009581
1985.68750 0.009547
1985.79419 0.009513
1985.90100 0.009481
1986.00769 0.009449
1986.11450 0.00942
1986.22119 0.009391
1986.32800 0.009364
1986.43469 0.009337
1986.54150 0.009312
1986.64819 0.009287
1986.75500 0.009263
1986.86182 0.009239
1986.96851 0.009216
1987.07532 0.009193
1987.18201 0.00917
1987.28882 0.009147
1987.39551 0.009124
1987.50232 0.0091
1987.60901 0.009076
1987.71582 0.009051
1987.82251 0.009025
1987.92932 0.008999
1988.03601 0.008971
1988.14282 0.008943
1988.24951 0.008913
1988.35632 0.008882
1988.46301 0.00885
1988.56982 0.008817
1988.67651 0.008784
1988.78333 0.00875
1988.89001 0.008715
1988.99683 0.00868
1989.10352 0.008645
1989.21033 0.00861
1989.31702 0.008574
1989.42383 0.008538
1989.53064 0.008502
1989.63733 0.008465
1989.74414 0.008428
1989.85083 0.008391
1989.95764 0.008354
1990.06433 0.008316
1990.17114 0.008277
1990.27783 0.008238
1990.38464 0.008198
1990.49133 0.008158
1990.59814 0.008117
1990.70483 0.008074
1990.81165 0.008031
1990.91833 0.007986
1991.02515 0.00794
1991.13184 0.007892
1991.23865 0.007843
1991.34534 0.007793
1991.45215 0.007742
1991.55884 0.00769
1991.66565 0.007638
1991.77234 0.007585
1991.87915 0.007532
1991.98596 0.007479
1992.09265 0.007427
1992.19946 0.007375
1992.30615 0.007324
1992.41296 0.007273
1992.51965 0.007223
1992.62646 0.007173
1992.73315 0.007123
1992.83997 0.007074
1992.94666 0.007025
1993.05347 0.006977
1993.16016 0.006929
1993.26697 0.006881
1993.37366 0.006832
1993.48047 0.006783
1993.58716 0.006733
1993.69397 0.006681
1993.80066 0.006627
1993.90747 0.006571
1994.01416 0.006513
1994.12097 0.006451
1994.22766 0.006387
1994.33447 0.006322
1994.44116 0.006256
1994.54797 0.006191
1994.65479 0.006129
1994.76147 0.006069
1994.86829 0.006015
1994.97498 0.005966
1995.08179 0.005923
1995.18848 0.005889
1995.29529 0.005862
1995.40198 0.005841
1995.50879 0.005826
1995.61548 0.005815
1995.72229 0.005807
1995.82898 0.005803
1995.93579 0.0058
1996.04248 0.005799
1996.14929 0.005798
1996.25598 0.005796
2195.88159 0.0
