threeML/data/optical_filters/TD1/SPEC-F1420.ecsv
# %ECSV 0.9
# ---
# datatype:
# - {name: wavelength, unit: Angstrom, datatype: float32}
# - {name: response, datatype: float32}
# meta: !!omap
# - {band_name: F1420}
# - {group_name: SPEC}
wavelength response
1230.24683 0.0
1366.94092 0.010058
1367.04773 0.010124
1367.15442 0.01019
1367.26123 0.010256
1367.36792 0.010321
1367.47473 0.010387
1367.58142 0.010453
1367.68823 0.01052
1367.79504 0.010587
1367.90173 0.010655
1368.00854 0.010725
1368.11523 0.010795
1368.22205 0.010868
1368.32874 0.010941
1368.43555 0.011015
1368.54224 0.011089
1368.64905 0.011163
1368.75574 0.011236
1368.86255 0.011308
1368.96924 0.011378
1369.07605 0.011447
1369.18274 0.011514
1369.28955 0.011578
1369.39624 0.011642
1369.50305 0.011704
1369.60974 0.011765
1369.71655 0.011827
1369.82324 0.011888
1369.93005 0.01195
1370.03674 0.012013
1370.14355 0.012078
1370.25024 0.012143
1370.35706 0.01221
1370.46387 0.012277
1370.57056 0.012345
1370.67737 0.012412
1370.78406 0.012478
1370.89087 0.012543
1370.99756 0.012607
1371.10437 0.012669
1371.21106 0.012729
1371.31787 0.012787
1371.42456 0.012843
1371.53137 0.012899
1371.63806 0.012953
1371.74487 0.013007
1371.85156 0.01306
1371.95837 0.013114
1372.06506 0.013168
1372.17188 0.013222
1372.27856 0.013278
1372.38538 0.013334
1372.49207 0.013391
1372.59888 0.013448
1372.70557 0.013507
1372.81238 0.013566
1372.91907 0.013626
1373.02588 0.013687
1373.13269 0.013749
1373.23938 0.013812
1373.34619 0.013875
1373.45288 0.013939
1373.55969 0.014004
1373.66638 0.014069
1373.77319 0.014134
1373.87988 0.014199
1373.98669 0.014265
1374.09338 0.01433
1374.20020 0.014395
1374.30688 0.014461
1374.41370 0.014526
1374.52039 0.014592
1374.62720 0.014658
1374.73389 0.014724
1374.84070 0.014791
1374.94739 0.014859
1375.05420 0.014927
1375.16089 0.014997
1375.26770 0.015067
1375.37439 0.015139
1375.48120 0.015213
1375.58789 0.01529
1375.69470 0.015368
1375.80151 0.01545
1375.90820 0.015535
1376.01501 0.015624
1376.12170 0.015716
1376.22852 0.015813
1376.33521 0.015913
1376.44202 0.016016
1376.54871 0.016121
1376.65552 0.016229
1376.76221 0.016339
1376.86902 0.01645
1376.97571 0.016562
1377.08252 0.016675
1377.18921 0.016787
1377.29602 0.0169
1377.40271 0.017013
1377.50952 0.017127
1377.61621 0.017242
1377.72302 0.017357
1377.82971 0.017474
1377.93652 0.017592
1378.04321 0.017711
1378.15002 0.017831
1378.25684 0.017954
1378.36353 0.018079
1378.47034 0.018206
1378.57703 0.018337
1378.68384 0.018472
1378.79053 0.01861
1378.89734 0.018754
1379.00403 0.018902
1379.11084 0.019056
1379.21753 0.019215
1379.32434 0.019379
1379.43103 0.019548
1379.53784 0.019719
1379.64453 0.019894
1379.75134 0.02007
1379.85803 0.020247
1379.96484 0.020425
1380.07153 0.020602
1380.17834 0.020778
1380.28503 0.020953
1380.39185 0.021128
1380.49854 0.021302
1380.60535 0.021477
1380.71204 0.021651
1380.81885 0.021825
1380.92566 0.022
1381.03235 0.022176
1381.13916 0.022353
1381.24585 0.022531
1381.35266 0.022712
1381.45935 0.022897
1381.56616 0.023086
1381.67285 0.023281
1381.77966 0.023482
1381.88635 0.02369
1381.99316 0.023907
1382.09985 0.024133
1382.20667 0.024368
1382.31335 0.024612
1382.42017 0.024862
1382.52686 0.025119
1382.63367 0.02538
1382.74036 0.025644
1382.84717 0.02591
1382.95386 0.026176
1383.06067 0.026441
1383.16736 0.026705
1383.27417 0.026969
1383.38086 0.027234
1383.48767 0.027504
1383.59448 0.02778
1383.70117 0.028064
1383.80798 0.02836
1383.91467 0.028669
1384.02148 0.028993
1384.12817 0.029334
1384.23499 0.029694
1384.34167 0.030069
1384.44849 0.030459
1384.55518 0.030862
1384.66199 0.031275
1384.76868 0.031698
1384.87549 0.032127
1384.98218 0.032562
1385.08899 0.033001
1385.19568 0.033443
1385.30249 0.033887
1385.40918 0.034335
1385.51599 0.034789
1385.62268 0.035247
1385.72949 0.035712
1385.83618 0.036185
1385.94299 0.036665
1386.04980 0.037154
1386.15649 0.037653
1386.26331 0.038164
1386.37000 0.038688
1386.47681 0.039228
1386.58350 0.039786
1386.69031 0.040364
1386.79700 0.040965
1386.90381 0.041589
1387.01050 0.042241
1387.11731 0.042921
1387.22400 0.04363
1387.33081 0.044363
1387.43750 0.045118
1387.54431 0.045891
1387.65100 0.046679
1387.75781 0.047477
1387.86450 0.048283
1387.97131 0.049092
1388.07800 0.049902
1388.18481 0.050709
1388.29150 0.051514
1388.39832 0.052317
1388.50500 0.05312
1388.61182 0.053923
1388.71863 0.054728
1388.82532 0.055536
1388.93213 0.056346
1389.03882 0.057161
1389.14563 0.057982
1389.25232 0.058811
1389.35913 0.059654
1389.46582 0.060515
1389.57263 0.061399
1389.67932 0.062311
1389.78613 0.063256
1389.89282 0.064239
1389.99963 0.065265
1390.10632 0.066337
1390.21313 0.067459
1390.31982 0.068627
1390.42664 0.069839
1390.53333 0.071091
1390.64014 0.07238
1390.74683 0.073702
1390.85364 0.075055
1390.96033 0.076434
1391.06714 0.077838
1391.17383 0.079263
1391.28064 0.080711
1391.38745 0.082183
1391.49414 0.083682
1391.60095 0.085209
1391.70764 0.086767
1391.81445 0.088357
1391.92114 0.089982
1392.02795 0.091644
1392.13464 0.093345
1392.24146 0.09509
1392.34814 0.096889
1392.45496 0.098749
1392.56165 0.10068
1392.66846 0.102689
1392.77515 0.104786
1392.88196 0.106979
1392.98865 0.109276
1393.09546 0.111686
1393.20215 0.114212
1393.30896 0.116843
1393.41565 0.119568
1393.52246 0.122375
1393.62915 0.125251
1393.73596 0.128184
1393.84265 0.131163
1393.94946 0.134175
1394.05627 0.137208
1394.16296 0.140252
1394.26978 0.143307
1394.37646 0.146377
1394.48328 0.149466
1394.58997 0.152578
1394.69678 0.155717
1394.80347 0.158888
1394.91028 0.162096
1395.01697 0.165343
1395.12378 0.168636
1395.23047 0.171981
1395.33728 0.175391
1395.44397 0.17888
1395.55078 0.182459
1395.65747 0.186141
1395.76428 0.18994
1395.87097 0.193868
1395.97778 0.197937
1396.08447 0.202161
1396.19128 0.206543
1396.29797 0.21106
1396.40479 0.215683
1396.51160 0.220384
1396.61829 0.225134
1396.72510 0.229905
1396.83179 0.234669
1396.93860 0.239396
1397.04529 0.244059
1397.15210 0.248632
1397.25879 0.253126
1397.36560 0.257571
1397.47229 0.261994
1397.57910 0.266427
1397.68579 0.270899
1397.79260 0.27544
1397.89929 0.280078
1398.00610 0.284844
1398.11279 0.289767
1398.21960 0.294852
1398.32629 0.300072
1398.43311 0.305395
1398.53979 0.310791
1398.64661 0.316228
1398.75330 0.321676
1398.86011 0.327104
1398.96680 0.332481
1399.07361 0.337776
1399.18042 0.342965
1399.28711 0.348052
1399.39392 0.353049
1399.50061 0.357967
1399.60742 0.362818
1399.71411 0.367613
1399.82092 0.372364
1399.92761 0.377081
1400.03442 0.381778
1400.14111 0.386464
1400.24792 0.391153
1400.35461 0.395856
1400.46143 0.400586
1400.56812 0.405357
1400.67493 0.41018
1400.78162 0.415067
1400.88843 0.420033
1400.99512 0.425088
1401.10193 0.430245
1401.20862 0.435507
1401.31543 0.440851
1401.42212 0.446256
1401.52893 0.451698
1401.63562 0.457155
1401.74243 0.462603
1401.84924 0.468021
1401.95593 0.473384
1402.06274 0.478671
1402.16943 0.483862
1402.27625 0.488961
1402.38293 0.493981
1402.48975 0.498932
1402.59644 0.503827
1402.70325 0.508678
1402.80994 0.513495
1402.91675 0.518292
1403.02344 0.52308
1403.13025 0.527871
1403.23694 0.532674
1403.34375 0.537499
1403.45044 0.542354
1403.55725 0.547248
1403.66394 0.55219
1403.77075 0.557188
1403.87744 0.562251
1403.98425 0.567387
1404.09094 0.572605
1404.19775 0.577906
1404.30457 0.583264
1404.41125 0.588654
1404.51807 0.594048
1404.62476 0.59942
1404.73157 0.604742
1404.83826 0.609987
1404.94507 0.615128
1405.05176 0.620139
1405.15857 0.624995
1405.26526 0.6297
1405.37207 0.634269
1405.47876 0.638719
1405.58557 0.643064
1405.69226 0.647321
1405.79907 0.651504
1405.90576 0.655631
1406.01257 0.659716
1406.11926 0.663775
1406.22607 0.667825
1406.33276 0.671883
1406.43958 0.675968
1406.54626 0.680097
1406.65308 0.684288
1406.75977 0.688559
1406.86658 0.692928
1406.97339 0.697413
1407.08008 0.702031
1407.18689 0.706792
1407.29358 0.711673
1407.40039 0.716646
1407.50708 0.721684
1407.61389 0.726758
1407.72058 0.731839
1407.82739 0.7369
1407.93408 0.741912
1408.04089 0.746846
1408.14758 0.751678
1408.25439 0.756415
1408.36108 0.761082
1408.46790 0.765707
1408.57458 0.770317
1408.68140 0.774937
1408.78809 0.779595
1408.89490 0.784318
1409.00159 0.789133
1409.10840 0.794065
1409.21509 0.79912
1409.32190 0.804268
1409.42859 0.809477
1409.53540 0.814714
1409.64221 0.819945
1409.74890 0.825139
1409.85571 0.830263
1409.96240 0.835284
1410.06921 0.840169
1410.17590 0.844892
1410.28271 0.849456
1410.38940 0.853875
1410.49622 0.858159
1410.60291 0.862321
1410.70972 0.866373
1410.81641 0.870327
1410.92322 0.874195
1411.02991 0.877989
1411.13672 0.881722
1411.24341 0.885395
1411.35022 0.889006
1411.45691 0.892552
1411.56372 0.896028
1411.67041 0.899431
1411.77722 0.902759
1411.88391 0.906006
1411.99072 0.909171
1412.09753 0.912248
1412.20422 0.915235
1412.31104 0.918127
1412.41772 0.920917
1412.52454 0.923602
1412.63123 0.926175
1412.73804 0.928633
1412.84473 0.930969
1412.95154 0.933179
1413.05823 0.935257
1413.16504 0.937201
1413.27173 0.939021
1413.37854 0.940732
1413.48523 0.94235
1413.59204 0.943891
1413.69873 0.945369
1413.80554 0.946802
1413.91223 0.948204
1414.01904 0.949591
1414.12573 0.950978
1414.23254 0.952374
1414.33923 0.953779
1414.44604 0.955196
1414.55273 0.956624
1414.65955 0.958065
1414.76636 0.95952
1414.87305 0.96099
1414.97986 0.962475
1415.08655 0.963977
1415.19336 0.965495
1415.30005 0.96702
1415.40686 0.968546
1415.51355 0.970063
1415.62036 0.971563
1415.72705 0.973038
1415.83386 0.97448
1415.94055 0.97588
1416.04736 0.977231
1416.15405 0.978524
1416.26086 0.979758
1416.36755 0.980938
1416.47437 0.982066
1416.58105 0.983145
1416.68787 0.984178
1416.79456 0.985168
1416.90137 0.986119
1417.00806 0.987032
1417.11487 0.987912
1417.22156 0.98876
1417.32837 0.989578
1417.43518 0.990364
1417.54187 0.991121
1417.64868 0.991848
1417.75537 0.992546
1417.86218 0.993216
1417.96887 0.993858
1418.07568 0.994472
1418.18237 0.99506
1418.28918 0.995619
1418.39587 0.996148
1418.50269 0.996646
1418.60938 0.997111
1418.71619 0.997542
1418.82288 0.997937
1418.92969 0.998294
1419.03638 0.998612
1419.14319 0.998891
1419.24988 0.99913
1419.35669 0.999333
1419.46338 0.999502
1419.57019 0.999641
1419.67688 0.999753
1419.78369 0.99984
1419.89050 0.999906
1419.99719 0.999952
1420.10400 0.999983
1420.21069 0.999999
1420.31750 1.0
1420.42419 0.999984
1420.53101 0.99995
1420.63770 0.999896
1420.74451 0.999821
1420.85120 0.999724
1420.95801 0.999603
1421.06470 0.999457
1421.17151 0.999286
1421.27820 0.999089
1421.38501 0.998867
1421.49170 0.998621
1421.59851 0.998353
1421.70520 0.998064
1421.81201 0.997753
1421.91870 0.997423
1422.02551 0.997074
1422.13220 0.996706
1422.23901 0.99632
1422.34570 0.99591
1422.45251 0.995475
1422.55933 0.995009
1422.66602 0.994511
1422.77283 0.993976
1422.87952 0.9934
1422.98633 0.992781
1423.09302 0.992115
1423.19983 0.9914
1423.30652 0.990638
1423.41333 0.989833
1423.52002 0.988987
1423.62683 0.988103
1423.73352 0.987183
1423.84033 0.986232
1423.94702 0.985251
1424.05383 0.984244
1424.16052 0.983212
1424.26733 0.982157
1424.37402 0.981077
1424.48083 0.979971
1424.58752 0.978838
1424.69434 0.977676
1424.80103 0.976486
1424.90784 0.975265
1425.01453 0.974014
1425.12134 0.97273
1425.22815 0.971411
1425.33484 0.970053
1425.44165 0.968649
1425.54834 0.967197
1425.65515 0.965689
1425.76184 0.964122
1425.86865 0.962491
1425.97534 0.960791
1426.08215 0.959016
1426.18884 0.957166
1426.29565 0.955248
1426.40234 0.953274
1426.50916 0.951252
1426.61584 0.949194
1426.72266 0.947111
1426.82935 0.945012
1426.93616 0.942908
1427.04285 0.940809
1427.14966 0.938725
1427.25635 0.936656
1427.36316 0.934596
1427.46985 0.932538
1427.57666 0.930477
1427.68335 0.928407
1427.79016 0.926323
1427.89697 0.924218
1428.00366 0.922087
1428.11047 0.919922
1428.21716 0.917711
1428.32397 0.915425
1428.43066 0.913035
1428.53748 0.910513
1428.64417 0.907829
1428.75098 0.904954
1428.85767 0.901861
1428.96448 0.898519
1429.07117 0.894901
1429.17798 0.890986
1429.28467 0.886796
1429.39148 0.882361
1429.49817 0.877714
1429.60498 0.872886
1429.71167 0.867908
1429.81848 0.862812
1429.92517 0.857629
1430.03198 0.852391
1430.13867 0.847128
1430.24548 0.841855
1430.35229 0.836573
1430.45898 0.831285
1430.56580 0.825992
1430.67249 0.820696
1430.77930 0.815398
1430.88599 0.810101
1430.99280 0.804807
1431.09949 0.799517
1431.20630 0.79423
1431.31299 0.788942
1431.41980 0.783646
1431.52649 0.778337
1431.63330 0.773009
1431.73999 0.767655
1431.84680 0.762272
1431.95349 0.756851
1432.06030 0.751388
1432.16699 0.74588
1432.27380 0.740341
1432.38049 0.734789
1432.48730 0.729244
1432.59399 0.723726
1432.70081 0.718255
1432.80750 0.71285
1432.91431 0.707531
1433.02112 0.702317
1433.12781 0.697227
1433.23462 0.692263
1433.34131 0.68741
1433.44812 0.682653
1433.55481 0.677977
1433.66162 0.673365
1433.76831 0.668804
1433.87512 0.664277
1433.98181 0.659768
1434.08862 0.655263
1434.19531 0.650747
1434.30212 0.646207
1434.40881 0.641628
1434.51562 0.636998
1434.62231 0.632304
1434.72913 0.627533
1434.83582 0.622671
1434.94263 0.617705
1435.04932 0.612623
1435.15613 0.607413
1435.26282 0.602096
1435.36963 0.596701
1435.47632 0.591262
1435.58313 0.585811
1435.68994 0.580378
1435.79663 0.574997
1435.90344 0.569698
1436.01013 0.564514
1436.11694 0.559477
1436.22363 0.55459
1436.33044 0.549826
1436.43713 0.545154
1436.54395 0.540542
1436.65063 0.53596
1436.75745 0.531378
1436.86414 0.526764
1436.97095 0.522087
1437.07764 0.517317
1437.18445 0.512434
1437.29114 0.507456
1437.39795 0.50241
1437.50464 0.497322
1437.61145 0.49222
1437.71814 0.487131
1437.82495 0.482082
1437.93164 0.477099
1438.03845 0.472209
1438.14526 0.467438
1438.25195 0.462786
1438.35876 0.458241
1438.46545 0.45379
1438.57227 0.449418
1438.67896 0.445114
1438.78577 0.440863
1438.89246 0.436652
1438.99927 0.432468
1439.10596 0.428297
1439.21277 0.424127
1439.31946 0.419948
1439.42627 0.415746
1439.53296 0.411513
1439.63977 0.407236
1439.74646 0.402905
1439.85327 0.398509
1439.95996 0.394036
1440.06677 0.389476
1440.17346 0.384822
1440.28027 0.380087
1440.38696 0.375292
1440.49377 0.370455
1440.60046 0.365598
1440.70728 0.36074
1440.81409 0.355901
1440.92078 0.351101
1441.02759 0.346359
1441.13428 0.341694
1441.24109 0.337109
1441.34778 0.332594
1441.45459 0.328137
1441.56128 0.323726
1441.66809 0.31935
1441.77478 0.314998
1441.88159 0.310658
1441.98828 0.30632
1442.09509 0.301971
1442.20178 0.297602
1442.30859 0.293205
1442.41528 0.28877
1442.52209 0.284292
1442.62878 0.279761
1442.73560 0.275169
1442.84229 0.27051
1442.94910 0.265775
1443.05579 0.260957
1443.16260 0.256049
1443.26929 0.251071
1443.37610 0.246048
1443.48291 0.241008
1443.58960 0.235975
1443.69641 0.230977
1443.80310 0.22604
1443.90991 0.22119
1444.01660 0.216455
1444.12341 0.211859
1444.23010 0.207412
1444.33691 0.203104
1444.44360 0.198926
1444.55042 0.194868
1444.65710 0.190919
1444.76392 0.187069
1444.87061 0.183308
1444.97742 0.179625
1445.08411 0.176011
1445.19092 0.172456
1445.29761 0.16895
1445.40442 0.165487
1445.51111 0.162059
1445.61792 0.158658
1445.72461 0.155276
1445.83142 0.151907
1445.93823 0.148543
1446.04492 0.145176
1446.15173 0.141802
1446.25842 0.138429
1446.36523 0.135073
1446.47192 0.131749
1446.57874 0.128473
1446.68542 0.125262
1446.79224 0.122128
1446.89893 0.119089
1447.00574 0.116157
1447.11243 0.113349
1447.21924 0.110668
1447.32593 0.108103
1447.43274 0.105646
1447.53943 0.103284
1447.64624 0.101006
1447.75293 0.098804
1447.85974 0.096666
1447.96643 0.094581
1448.07324 0.092541
1448.17993 0.090535
1448.28674 0.08856
1448.39343 0.086614
1448.50024 0.084694
1448.60706 0.082799
1448.71375 0.080925
1448.82056 0.079071
1448.92725 0.077233
1449.03406 0.07541
1449.14075 0.0736
1449.24756 0.071806
1449.35425 0.070035
1449.46106 0.068295
1449.56775 0.066594
1449.67456 0.06494
1449.78125 0.06334
1449.88806 0.061801
1449.99475 0.060332
1450.10156 0.05894
1450.20825 0.057627
1450.31506 0.056386
1450.42175 0.055209
1450.52856 0.054088
1450.63525 0.053013
1450.74207 0.051976
1450.84875 0.05097
1450.95557 0.049985
1451.06226 0.049014
1451.16907 0.048049
1451.27588 0.047093
1451.38257 0.046148
1451.48938 0.045221
1451.59607 0.044316
1451.70288 0.043437
1451.80957 0.042588
1451.91638 0.041774
1452.02307 0.041001
1452.12988 0.040271
1452.23657 0.039585
1452.34338 0.03894
1452.45007 0.03833
1452.55688 0.037754
1452.66357 0.037206
1452.77039 0.036682
1452.87708 0.036179
1452.98389 0.035693
1453.09058 0.035219
1453.19739 0.034755
1453.30408 0.034299
1453.41089 0.03385
1453.51758 0.033406
1453.62439 0.032966
1453.73108 0.032528
1453.83789 0.032092
1453.94470 0.031656
1454.05139 0.031219
1454.15820 0.030779
1454.26489 0.030337
1454.37170 0.029896
1454.47839 0.029456
1454.58521 0.029021
1454.69189 0.02859
1454.79871 0.028167
1454.90540 0.027753
1455.01221 0.027349
1455.11890 0.026958
1455.22571 0.026579
1455.33240 0.026212
1455.43921 0.025856
1455.54590 0.02551
1455.65271 0.025173
1455.75940 0.024842
1455.86621 0.024519
1455.97290 0.024201
1456.07971 0.023887
1456.18640 0.023576
1456.29321 0.023269
1456.40002 0.022963
1456.50671 0.022659
1456.61353 0.022357
1456.72021 0.022055
1456.82703 0.021753
1456.93372 0.021451
1457.04053 0.021147
1457.14722 0.020843
1457.25403 0.020537
1457.36072 0.020232
1457.46753 0.019929
1457.57422 0.019629
1457.68103 0.019334
1457.78772 0.019044
1457.89453 0.018761
1458.00122 0.018487
1458.10803 0.018222
1458.21472 0.017967
1458.32153 0.017721
1458.42822 0.017484
1458.53503 0.017255
1458.64172 0.017033
1458.74854 0.016817
1458.85522 0.016606
1458.96204 0.0164
1459.06885 0.016198
1459.17554 0.015999
1459.28235 0.015802
1459.38904 0.015609
1459.49585 0.015417
1459.60254 0.015227
1459.70935 0.015039
1459.81604 0.014852
1459.92285 0.014666
1460.02954 0.01448
1460.13635 0.014296
1460.24304 0.014112
1460.34985 0.01393
1460.45654 0.01375
1460.56335 0.013573
1460.67004 0.013401
1460.77686 0.013234
1460.88354 0.013073
1460.99036 0.012918
1461.09705 0.01277
1461.20386 0.012631
1461.31055 0.012498
1461.41736 0.012372
1461.52405 0.012251
1461.63086 0.012135
1461.73767 0.012022
1461.84436 0.011912
1461.95117 0.011805
1462.05786 0.011698
1462.16467 0.011592
1462.27136 0.011487
1462.37817 0.011383
1462.48486 0.01128
1462.59167 0.01118
1462.69836 0.011082
1462.80518 0.010988
1462.91187 0.010898
1463.01868 0.010812
1463.12537 0.010731
1463.23218 0.010655
1463.33887 0.010583
1463.44568 0.010516
1463.55237 0.010452
1463.65918 0.010391
1463.76587 0.010334
1463.87268 0.010279
1463.97937 0.010226
1464.08618 0.010175
1464.19299 0.010125
1464.29968 0.010077
1464.40649 0.01003
1464.51318 0.009984
1464.62000 0.009939
1464.72668 0.009896
1464.83350 0.009853
1464.94019 0.009812
1465.04700 0.009771
1465.15369 0.009731
1465.26050 0.009692
1465.36719 0.009654
1465.47400 0.009617
1465.58069 0.009581
1465.68750 0.009547
1465.79419 0.009513
1465.90100 0.009481
1466.00769 0.009449
1466.11450 0.00942
1466.22119 0.009391
1466.32800 0.009364
1466.43469 0.009337
1466.54150 0.009312
1466.64819 0.009287
1466.75500 0.009263
1466.86182 0.009239
1466.96851 0.009216
1467.07532 0.009193
1467.18201 0.00917
1467.28882 0.009147
1467.39551 0.009124
1467.50232 0.0091
1467.60901 0.009076
1467.71582 0.009051
1467.82251 0.009025
1467.92932 0.008999
1468.03601 0.008971
1468.14282 0.008943
1468.24951 0.008913
1468.35632 0.008882
1468.46301 0.00885
1468.56982 0.008817
1468.67651 0.008784
1468.78333 0.00875
1468.89001 0.008715
1468.99683 0.00868
1469.10352 0.008645
1469.21033 0.00861
1469.31702 0.008574
1469.42383 0.008538
1469.53064 0.008502
1469.63733 0.008465
1469.74414 0.008428
1469.85083 0.008391
1469.95764 0.008354
1470.06433 0.008316
1470.17114 0.008277
1470.27783 0.008238
1470.38464 0.008198
1470.49133 0.008158
1470.59814 0.008117
1470.70483 0.008074
1470.81165 0.008031
1470.91833 0.007986
1471.02515 0.00794
1471.13184 0.007892
1471.23865 0.007843
1471.34534 0.007793
1471.45215 0.007742
1471.55884 0.00769
1471.66565 0.007638
1471.77234 0.007585
1471.87915 0.007532
1471.98596 0.007479
1472.09265 0.007427
1472.19946 0.007375
1472.30615 0.007324
1472.41296 0.007273
1472.51965 0.007223
1472.62646 0.007173
1472.73315 0.007123
1472.83997 0.007074
1472.94666 0.007025
1473.05347 0.006977
1473.16016 0.006929
1473.26697 0.006881
1473.37366 0.006832
1473.48047 0.006783
1473.58716 0.006733
1473.69397 0.006681
1473.80066 0.006627
1473.90747 0.006571
1474.01416 0.006513
1474.12097 0.006451
1474.22766 0.006387
1474.33447 0.006322
1474.44116 0.006256
1474.54797 0.006191
1474.65479 0.006129
1474.76147 0.006069
1474.86829 0.006015
1474.97498 0.005966
1475.08179 0.005923
1475.18848 0.005889
1475.29529 0.005862
1475.40198 0.005841
1475.50879 0.005826
1475.61548 0.005815
1475.72229 0.005807
1475.82898 0.005803
1475.93579 0.0058
1476.04248 0.005799
1476.14929 0.005798
1476.25598 0.005796
1623.88159 0.0
