threeML/data/optical_filters/TD1/SPEC-F1860.ecsv
# %ECSV 0.9
# ---
# datatype:
# - {name: wavelength, unit: Angstrom, datatype: float32}
# - {name: response, datatype: float32}
# meta: !!omap
# - {band_name: F1860}
# - {group_name: SPEC}
wavelength response
1626.24683 0.0
1806.94092 0.010058
1807.04773 0.010124
1807.15442 0.01019
1807.26123 0.010256
1807.36792 0.010321
1807.47473 0.010387
1807.58142 0.010453
1807.68823 0.01052
1807.79504 0.010587
1807.90173 0.010655
1808.00854 0.010725
1808.11523 0.010795
1808.22205 0.010868
1808.32874 0.010941
1808.43555 0.011015
1808.54224 0.011089
1808.64905 0.011163
1808.75574 0.011236
1808.86255 0.011308
1808.96924 0.011378
1809.07605 0.011447
1809.18274 0.011514
1809.28955 0.011578
1809.39624 0.011642
1809.50305 0.011704
1809.60974 0.011765
1809.71655 0.011827
1809.82324 0.011888
1809.93005 0.01195
1810.03674 0.012013
1810.14355 0.012078
1810.25024 0.012143
1810.35706 0.01221
1810.46387 0.012277
1810.57056 0.012345
1810.67737 0.012412
1810.78406 0.012478
1810.89087 0.012543
1810.99756 0.012607
1811.10437 0.012669
1811.21106 0.012729
1811.31787 0.012787
1811.42456 0.012843
1811.53137 0.012899
1811.63806 0.012953
1811.74487 0.013007
1811.85156 0.01306
1811.95837 0.013114
1812.06506 0.013168
1812.17188 0.013222
1812.27856 0.013278
1812.38538 0.013334
1812.49207 0.013391
1812.59888 0.013448
1812.70557 0.013507
1812.81238 0.013566
1812.91907 0.013626
1813.02588 0.013687
1813.13269 0.013749
1813.23938 0.013812
1813.34619 0.013875
1813.45288 0.013939
1813.55969 0.014004
1813.66638 0.014069
1813.77319 0.014134
1813.87988 0.014199
1813.98669 0.014265
1814.09338 0.01433
1814.20020 0.014395
1814.30688 0.014461
1814.41370 0.014526
1814.52039 0.014592
1814.62720 0.014658
1814.73389 0.014724
1814.84070 0.014791
1814.94739 0.014859
1815.05420 0.014927
1815.16089 0.014997
1815.26770 0.015067
1815.37439 0.015139
1815.48120 0.015213
1815.58789 0.01529
1815.69470 0.015368
1815.80151 0.01545
1815.90820 0.015535
1816.01501 0.015624
1816.12170 0.015716
1816.22852 0.015813
1816.33521 0.015913
1816.44202 0.016016
1816.54871 0.016121
1816.65552 0.016229
1816.76221 0.016339
1816.86902 0.01645
1816.97571 0.016562
1817.08252 0.016675
1817.18921 0.016787
1817.29602 0.0169
1817.40271 0.017013
1817.50952 0.017127
1817.61621 0.017242
1817.72302 0.017357
1817.82971 0.017474
1817.93652 0.017592
1818.04321 0.017711
1818.15002 0.017831
1818.25684 0.017954
1818.36353 0.018079
1818.47034 0.018206
1818.57703 0.018337
1818.68384 0.018472
1818.79053 0.01861
1818.89734 0.018754
1819.00403 0.018902
1819.11084 0.019056
1819.21753 0.019215
1819.32434 0.019379
1819.43103 0.019548
1819.53784 0.019719
1819.64453 0.019894
1819.75134 0.02007
1819.85803 0.020247
1819.96484 0.020425
1820.07153 0.020602
1820.17834 0.020778
1820.28503 0.020953
1820.39185 0.021128
1820.49854 0.021302
1820.60535 0.021477
1820.71204 0.021651
1820.81885 0.021825
1820.92566 0.022
1821.03235 0.022176
1821.13916 0.022353
1821.24585 0.022531
1821.35266 0.022712
1821.45935 0.022897
1821.56616 0.023086
1821.67285 0.023281
1821.77966 0.023482
1821.88635 0.02369
1821.99316 0.023907
1822.09985 0.024133
1822.20667 0.024368
1822.31335 0.024612
1822.42017 0.024862
1822.52686 0.025119
1822.63367 0.02538
1822.74036 0.025644
1822.84717 0.02591
1822.95386 0.026176
1823.06067 0.026441
1823.16736 0.026705
1823.27417 0.026969
1823.38086 0.027234
1823.48767 0.027504
1823.59448 0.02778
1823.70117 0.028064
1823.80798 0.02836
1823.91467 0.028669
1824.02148 0.028993
1824.12817 0.029334
1824.23499 0.029694
1824.34167 0.030069
1824.44849 0.030459
1824.55518 0.030862
1824.66199 0.031275
1824.76868 0.031698
1824.87549 0.032127
1824.98218 0.032562
1825.08899 0.033001
1825.19568 0.033443
1825.30249 0.033887
1825.40918 0.034335
1825.51599 0.034789
1825.62268 0.035247
1825.72949 0.035712
1825.83618 0.036185
1825.94299 0.036665
1826.04980 0.037154
1826.15649 0.037653
1826.26331 0.038164
1826.37000 0.038688
1826.47681 0.039228
1826.58350 0.039786
1826.69031 0.040364
1826.79700 0.040965
1826.90381 0.041589
1827.01050 0.042241
1827.11731 0.042921
1827.22400 0.04363
1827.33081 0.044363
1827.43750 0.045118
1827.54431 0.045891
1827.65100 0.046679
1827.75781 0.047477
1827.86450 0.048283
1827.97131 0.049092
1828.07800 0.049902
1828.18481 0.050709
1828.29150 0.051514
1828.39832 0.052317
1828.50500 0.05312
1828.61182 0.053923
1828.71863 0.054728
1828.82532 0.055536
1828.93213 0.056346
1829.03882 0.057161
1829.14563 0.057982
1829.25232 0.058811
1829.35913 0.059654
1829.46582 0.060515
1829.57263 0.061399
1829.67932 0.062311
1829.78613 0.063256
1829.89282 0.064239
1829.99963 0.065265
1830.10632 0.066337
1830.21313 0.067459
1830.31982 0.068627
1830.42664 0.069839
1830.53333 0.071091
1830.64014 0.07238
1830.74683 0.073702
1830.85364 0.075055
1830.96033 0.076434
1831.06714 0.077838
1831.17383 0.079263
1831.28064 0.080711
1831.38745 0.082183
1831.49414 0.083682
1831.60095 0.085209
1831.70764 0.086767
1831.81445 0.088357
1831.92114 0.089982
1832.02795 0.091644
1832.13464 0.093345
1832.24146 0.09509
1832.34814 0.096889
1832.45496 0.098749
1832.56165 0.10068
1832.66846 0.102689
1832.77515 0.104786
1832.88196 0.106979
1832.98865 0.109276
1833.09546 0.111686
1833.20215 0.114212
1833.30896 0.116843
1833.41565 0.119568
1833.52246 0.122375
1833.62915 0.125251
1833.73596 0.128184
1833.84265 0.131163
1833.94946 0.134175
1834.05627 0.137208
1834.16296 0.140252
1834.26978 0.143307
1834.37646 0.146377
1834.48328 0.149466
1834.58997 0.152578
1834.69678 0.155717
1834.80347 0.158888
1834.91028 0.162096
1835.01697 0.165343
1835.12378 0.168636
1835.23047 0.171981
1835.33728 0.175391
1835.44397 0.17888
1835.55078 0.182459
1835.65747 0.186141
1835.76428 0.18994
1835.87097 0.193868
1835.97778 0.197937
1836.08447 0.202161
1836.19128 0.206543
1836.29797 0.21106
1836.40479 0.215683
1836.51160 0.220384
1836.61829 0.225134
1836.72510 0.229905
1836.83179 0.234669
1836.93860 0.239396
1837.04529 0.244059
1837.15210 0.248632
1837.25879 0.253126
1837.36560 0.257571
1837.47229 0.261994
1837.57910 0.266427
1837.68579 0.270899
1837.79260 0.27544
1837.89929 0.280078
1838.00610 0.284844
1838.11279 0.289767
1838.21960 0.294852
1838.32629 0.300072
1838.43311 0.305395
1838.53979 0.310791
1838.64661 0.316228
1838.75330 0.321676
1838.86011 0.327104
1838.96680 0.332481
1839.07361 0.337776
1839.18042 0.342965
1839.28711 0.348052
1839.39392 0.353049
1839.50061 0.357967
1839.60742 0.362818
1839.71411 0.367613
1839.82092 0.372364
1839.92761 0.377081
1840.03442 0.381778
1840.14111 0.386464
1840.24792 0.391153
1840.35461 0.395856
1840.46143 0.400586
1840.56812 0.405357
1840.67493 0.41018
1840.78162 0.415067
1840.88843 0.420033
1840.99512 0.425088
1841.10193 0.430245
1841.20862 0.435507
1841.31543 0.440851
1841.42212 0.446256
1841.52893 0.451698
1841.63562 0.457155
1841.74243 0.462603
1841.84924 0.468021
1841.95593 0.473384
1842.06274 0.478671
1842.16943 0.483862
1842.27625 0.488961
1842.38293 0.493981
1842.48975 0.498932
1842.59644 0.503827
1842.70325 0.508678
1842.80994 0.513495
1842.91675 0.518292
1843.02344 0.52308
1843.13025 0.527871
1843.23694 0.532674
1843.34375 0.537499
1843.45044 0.542354
1843.55725 0.547248
1843.66394 0.55219
1843.77075 0.557188
1843.87744 0.562251
1843.98425 0.567387
1844.09094 0.572605
1844.19775 0.577906
1844.30457 0.583264
1844.41125 0.588654
1844.51807 0.594048
1844.62476 0.59942
1844.73157 0.604742
1844.83826 0.609987
1844.94507 0.615128
1845.05176 0.620139
1845.15857 0.624995
1845.26526 0.6297
1845.37207 0.634269
1845.47876 0.638719
1845.58557 0.643064
1845.69226 0.647321
1845.79907 0.651504
1845.90576 0.655631
1846.01257 0.659716
1846.11926 0.663775
1846.22607 0.667825
1846.33276 0.671883
1846.43958 0.675968
1846.54626 0.680097
1846.65308 0.684288
1846.75977 0.688559
1846.86658 0.692928
1846.97339 0.697413
1847.08008 0.702031
1847.18689 0.706792
1847.29358 0.711673
1847.40039 0.716646
1847.50708 0.721684
1847.61389 0.726758
1847.72058 0.731839
1847.82739 0.7369
1847.93408 0.741912
1848.04089 0.746846
1848.14758 0.751678
1848.25439 0.756415
1848.36108 0.761082
1848.46790 0.765707
1848.57458 0.770317
1848.68140 0.774937
1848.78809 0.779595
1848.89490 0.784318
1849.00159 0.789133
1849.10840 0.794065
1849.21509 0.79912
1849.32190 0.804268
1849.42859 0.809477
1849.53540 0.814714
1849.64221 0.819945
1849.74890 0.825139
1849.85571 0.830263
1849.96240 0.835284
1850.06921 0.840169
1850.17590 0.844892
1850.28271 0.849456
1850.38940 0.853875
1850.49622 0.858159
1850.60291 0.862321
1850.70972 0.866373
1850.81641 0.870327
1850.92322 0.874195
1851.02991 0.877989
1851.13672 0.881722
1851.24341 0.885395
1851.35022 0.889006
1851.45691 0.892552
1851.56372 0.896028
1851.67041 0.899431
1851.77722 0.902759
1851.88391 0.906006
1851.99072 0.909171
1852.09753 0.912248
1852.20422 0.915235
1852.31104 0.918127
1852.41772 0.920917
1852.52454 0.923602
1852.63123 0.926175
1852.73804 0.928633
1852.84473 0.930969
1852.95154 0.933179
1853.05823 0.935257
1853.16504 0.937201
1853.27173 0.939021
1853.37854 0.940732
1853.48523 0.94235
1853.59204 0.943891
1853.69873 0.945369
1853.80554 0.946802
1853.91223 0.948204
1854.01904 0.949591
1854.12573 0.950978
1854.23254 0.952374
1854.33923 0.953779
1854.44604 0.955196
1854.55273 0.956624
1854.65955 0.958065
1854.76636 0.95952
1854.87305 0.96099
1854.97986 0.962475
1855.08655 0.963977
1855.19336 0.965495
1855.30005 0.96702
1855.40686 0.968546
1855.51355 0.970063
1855.62036 0.971563
1855.72705 0.973038
1855.83386 0.97448
1855.94055 0.97588
1856.04736 0.977231
1856.15405 0.978524
1856.26086 0.979758
1856.36755 0.980938
1856.47437 0.982066
1856.58105 0.983145
1856.68787 0.984178
1856.79456 0.985168
1856.90137 0.986119
1857.00806 0.987032
1857.11487 0.987912
1857.22156 0.98876
1857.32837 0.989578
1857.43518 0.990364
1857.54187 0.991121
1857.64868 0.991848
1857.75537 0.992546
1857.86218 0.993216
1857.96887 0.993858
1858.07568 0.994472
1858.18237 0.99506
1858.28918 0.995619
1858.39587 0.996148
1858.50269 0.996646
1858.60938 0.997111
1858.71619 0.997542
1858.82288 0.997937
1858.92969 0.998294
1859.03638 0.998612
1859.14319 0.998891
1859.24988 0.99913
1859.35669 0.999333
1859.46338 0.999502
1859.57019 0.999641
1859.67688 0.999753
1859.78369 0.99984
1859.89050 0.999906
1859.99719 0.999952
1860.10400 0.999983
1860.21069 0.999999
1860.31750 1.0
1860.42419 0.999984
1860.53101 0.99995
1860.63770 0.999896
1860.74451 0.999821
1860.85120 0.999724
1860.95801 0.999603
1861.06470 0.999457
1861.17151 0.999286
1861.27820 0.999089
1861.38501 0.998867
1861.49170 0.998621
1861.59851 0.998353
1861.70520 0.998064
1861.81201 0.997753
1861.91870 0.997423
1862.02551 0.997074
1862.13220 0.996706
1862.23901 0.99632
1862.34570 0.99591
1862.45251 0.995475
1862.55933 0.995009
1862.66602 0.994511
1862.77283 0.993976
1862.87952 0.9934
1862.98633 0.992781
1863.09302 0.992115
1863.19983 0.9914
1863.30652 0.990638
1863.41333 0.989833
1863.52002 0.988987
1863.62683 0.988103
1863.73352 0.987183
1863.84033 0.986232
1863.94702 0.985251
1864.05383 0.984244
1864.16052 0.983212
1864.26733 0.982157
1864.37402 0.981077
1864.48083 0.979971
1864.58752 0.978838
1864.69434 0.977676
1864.80103 0.976486
1864.90784 0.975265
1865.01453 0.974014
1865.12134 0.97273
1865.22815 0.971411
1865.33484 0.970053
1865.44165 0.968649
1865.54834 0.967197
1865.65515 0.965689
1865.76184 0.964122
1865.86865 0.962491
1865.97534 0.960791
1866.08215 0.959016
1866.18884 0.957166
1866.29565 0.955248
1866.40234 0.953274
1866.50916 0.951252
1866.61584 0.949194
1866.72266 0.947111
1866.82935 0.945012
1866.93616 0.942908
1867.04285 0.940809
1867.14966 0.938725
1867.25635 0.936656
1867.36316 0.934596
1867.46985 0.932538
1867.57666 0.930477
1867.68335 0.928407
1867.79016 0.926323
1867.89697 0.924218
1868.00366 0.922087
1868.11047 0.919922
1868.21716 0.917711
1868.32397 0.915425
1868.43066 0.913035
1868.53748 0.910513
1868.64417 0.907829
1868.75098 0.904954
1868.85767 0.901861
1868.96448 0.898519
1869.07117 0.894901
1869.17798 0.890986
1869.28467 0.886796
1869.39148 0.882361
1869.49817 0.877714
1869.60498 0.872886
1869.71167 0.867908
1869.81848 0.862812
1869.92517 0.857629
1870.03198 0.852391
1870.13867 0.847128
1870.24548 0.841855
1870.35229 0.836573
1870.45898 0.831285
1870.56580 0.825992
1870.67249 0.820696
1870.77930 0.815398
1870.88599 0.810101
1870.99280 0.804807
1871.09949 0.799517
1871.20630 0.79423
1871.31299 0.788942
1871.41980 0.783646
1871.52649 0.778337
1871.63330 0.773009
1871.73999 0.767655
1871.84680 0.762272
1871.95349 0.756851
1872.06030 0.751388
1872.16699 0.74588
1872.27380 0.740341
1872.38049 0.734789
1872.48730 0.729244
1872.59399 0.723726
1872.70081 0.718255
1872.80750 0.71285
1872.91431 0.707531
1873.02112 0.702317
1873.12781 0.697227
1873.23462 0.692263
1873.34131 0.68741
1873.44812 0.682653
1873.55481 0.677977
1873.66162 0.673365
1873.76831 0.668804
1873.87512 0.664277
1873.98181 0.659768
1874.08862 0.655263
1874.19531 0.650747
1874.30212 0.646207
1874.40881 0.641628
1874.51562 0.636998
1874.62231 0.632304
1874.72913 0.627533
1874.83582 0.622671
1874.94263 0.617705
1875.04932 0.612623
1875.15613 0.607413
1875.26282 0.602096
1875.36963 0.596701
1875.47632 0.591262
1875.58313 0.585811
1875.68994 0.580378
1875.79663 0.574997
1875.90344 0.569698
1876.01013 0.564514
1876.11694 0.559477
1876.22363 0.55459
1876.33044 0.549826
1876.43713 0.545154
1876.54395 0.540542
1876.65063 0.53596
1876.75745 0.531378
1876.86414 0.526764
1876.97095 0.522087
1877.07764 0.517317
1877.18445 0.512434
1877.29114 0.507456
1877.39795 0.50241
1877.50464 0.497322
1877.61145 0.49222
1877.71814 0.487131
1877.82495 0.482082
1877.93164 0.477099
1878.03845 0.472209
1878.14526 0.467438
1878.25195 0.462786
1878.35876 0.458241
1878.46545 0.45379
1878.57227 0.449418
1878.67896 0.445114
1878.78577 0.440863
1878.89246 0.436652
1878.99927 0.432468
1879.10596 0.428297
1879.21277 0.424127
1879.31946 0.419948
1879.42627 0.415746
1879.53296 0.411513
1879.63977 0.407236
1879.74646 0.402905
1879.85327 0.398509
1879.95996 0.394036
1880.06677 0.389476
1880.17346 0.384822
1880.28027 0.380087
1880.38696 0.375292
1880.49377 0.370455
1880.60046 0.365598
1880.70728 0.36074
1880.81409 0.355901
1880.92078 0.351101
1881.02759 0.346359
1881.13428 0.341694
1881.24109 0.337109
1881.34778 0.332594
1881.45459 0.328137
1881.56128 0.323726
1881.66809 0.31935
1881.77478 0.314998
1881.88159 0.310658
1881.98828 0.30632
1882.09509 0.301971
1882.20178 0.297602
1882.30859 0.293205
1882.41528 0.28877
1882.52209 0.284292
1882.62878 0.279761
1882.73560 0.275169
1882.84229 0.27051
1882.94910 0.265775
1883.05579 0.260957
1883.16260 0.256049
1883.26929 0.251071
1883.37610 0.246048
1883.48291 0.241008
1883.58960 0.235975
1883.69641 0.230977
1883.80310 0.22604
1883.90991 0.22119
1884.01660 0.216455
1884.12341 0.211859
1884.23010 0.207412
1884.33691 0.203104
1884.44360 0.198926
1884.55042 0.194868
1884.65710 0.190919
1884.76392 0.187069
1884.87061 0.183308
1884.97742 0.179625
1885.08411 0.176011
1885.19092 0.172456
1885.29761 0.16895
1885.40442 0.165487
1885.51111 0.162059
1885.61792 0.158658
1885.72461 0.155276
1885.83142 0.151907
1885.93823 0.148543
1886.04492 0.145176
1886.15173 0.141802
1886.25842 0.138429
1886.36523 0.135073
1886.47192 0.131749
1886.57874 0.128473
1886.68542 0.125262
1886.79224 0.122128
1886.89893 0.119089
1887.00574 0.116157
1887.11243 0.113349
1887.21924 0.110668
1887.32593 0.108103
1887.43274 0.105646
1887.53943 0.103284
1887.64624 0.101006
1887.75293 0.098804
1887.85974 0.096666
1887.96643 0.094581
1888.07324 0.092541
1888.17993 0.090535
1888.28674 0.08856
1888.39343 0.086614
1888.50024 0.084694
1888.60706 0.082799
1888.71375 0.080925
1888.82056 0.079071
1888.92725 0.077233
1889.03406 0.07541
1889.14075 0.0736
1889.24756 0.071806
1889.35425 0.070035
1889.46106 0.068295
1889.56775 0.066594
1889.67456 0.06494
1889.78125 0.06334
1889.88806 0.061801
1889.99475 0.060332
1890.10156 0.05894
1890.20825 0.057627
1890.31506 0.056386
1890.42175 0.055209
1890.52856 0.054088
1890.63525 0.053013
1890.74207 0.051976
1890.84875 0.05097
1890.95557 0.049985
1891.06226 0.049014
1891.16907 0.048049
1891.27588 0.047093
1891.38257 0.046148
1891.48938 0.045221
1891.59607 0.044316
1891.70288 0.043437
1891.80957 0.042588
1891.91638 0.041774
1892.02307 0.041001
1892.12988 0.040271
1892.23657 0.039585
1892.34338 0.03894
1892.45007 0.03833
1892.55688 0.037754
1892.66357 0.037206
1892.77039 0.036682
1892.87708 0.036179
1892.98389 0.035693
1893.09058 0.035219
1893.19739 0.034755
1893.30408 0.034299
1893.41089 0.03385
1893.51758 0.033406
1893.62439 0.032966
1893.73108 0.032528
1893.83789 0.032092
1893.94470 0.031656
1894.05139 0.031219
1894.15820 0.030779
1894.26489 0.030337
1894.37170 0.029896
1894.47839 0.029456
1894.58521 0.029021
1894.69189 0.02859
1894.79871 0.028167
1894.90540 0.027753
1895.01221 0.027349
1895.11890 0.026958
1895.22571 0.026579
1895.33240 0.026212
1895.43921 0.025856
1895.54590 0.02551
1895.65271 0.025173
1895.75940 0.024842
1895.86621 0.024519
1895.97290 0.024201
1896.07971 0.023887
1896.18640 0.023576
1896.29321 0.023269
1896.40002 0.022963
1896.50671 0.022659
1896.61353 0.022357
1896.72021 0.022055
1896.82703 0.021753
1896.93372 0.021451
1897.04053 0.021147
1897.14722 0.020843
1897.25403 0.020537
1897.36072 0.020232
1897.46753 0.019929
1897.57422 0.019629
1897.68103 0.019334
1897.78772 0.019044
1897.89453 0.018761
1898.00122 0.018487
1898.10803 0.018222
1898.21472 0.017967
1898.32153 0.017721
1898.42822 0.017484
1898.53503 0.017255
1898.64172 0.017033
1898.74854 0.016817
1898.85522 0.016606
1898.96204 0.0164
1899.06885 0.016198
1899.17554 0.015999
1899.28235 0.015802
1899.38904 0.015609
1899.49585 0.015417
1899.60254 0.015227
1899.70935 0.015039
1899.81604 0.014852
1899.92285 0.014666
1900.02954 0.01448
1900.13635 0.014296
1900.24304 0.014112
1900.34985 0.01393
1900.45654 0.01375
1900.56335 0.013573
1900.67004 0.013401
1900.77686 0.013234
1900.88354 0.013073
1900.99036 0.012918
1901.09705 0.01277
1901.20386 0.012631
1901.31055 0.012498
1901.41736 0.012372
1901.52405 0.012251
1901.63086 0.012135
1901.73767 0.012022
1901.84436 0.011912
1901.95117 0.011805
1902.05786 0.011698
1902.16467 0.011592
1902.27136 0.011487
1902.37817 0.011383
1902.48486 0.01128
1902.59167 0.01118
1902.69836 0.011082
1902.80518 0.010988
1902.91187 0.010898
1903.01868 0.010812
1903.12537 0.010731
1903.23218 0.010655
1903.33887 0.010583
1903.44568 0.010516
1903.55237 0.010452
1903.65918 0.010391
1903.76587 0.010334
1903.87268 0.010279
1903.97937 0.010226
1904.08618 0.010175
1904.19299 0.010125
1904.29968 0.010077
1904.40649 0.01003
1904.51318 0.009984
1904.62000 0.009939
1904.72668 0.009896
1904.83350 0.009853
1904.94019 0.009812
1905.04700 0.009771
1905.15369 0.009731
1905.26050 0.009692
1905.36719 0.009654
1905.47400 0.009617
1905.58069 0.009581
1905.68750 0.009547
1905.79419 0.009513
1905.90100 0.009481
1906.00769 0.009449
1906.11450 0.00942
1906.22119 0.009391
1906.32800 0.009364
1906.43469 0.009337
1906.54150 0.009312
1906.64819 0.009287
1906.75500 0.009263
1906.86182 0.009239
1906.96851 0.009216
1907.07532 0.009193
1907.18201 0.00917
1907.28882 0.009147
1907.39551 0.009124
1907.50232 0.0091
1907.60901 0.009076
1907.71582 0.009051
1907.82251 0.009025
1907.92932 0.008999
1908.03601 0.008971
1908.14282 0.008943
1908.24951 0.008913
1908.35632 0.008882
1908.46301 0.00885
1908.56982 0.008817
1908.67651 0.008784
1908.78333 0.00875
1908.89001 0.008715
1908.99683 0.00868
1909.10352 0.008645
1909.21033 0.00861
1909.31702 0.008574
1909.42383 0.008538
1909.53064 0.008502
1909.63733 0.008465
1909.74414 0.008428
1909.85083 0.008391
1909.95764 0.008354
1910.06433 0.008316
1910.17114 0.008277
1910.27783 0.008238
1910.38464 0.008198
1910.49133 0.008158
1910.59814 0.008117
1910.70483 0.008074
1910.81165 0.008031
1910.91833 0.007986
1911.02515 0.00794
1911.13184 0.007892
1911.23865 0.007843
1911.34534 0.007793
1911.45215 0.007742
1911.55884 0.00769
1911.66565 0.007638
1911.77234 0.007585
1911.87915 0.007532
1911.98596 0.007479
1912.09265 0.007427
1912.19946 0.007375
1912.30615 0.007324
1912.41296 0.007273
1912.51965 0.007223
1912.62646 0.007173
1912.73315 0.007123
1912.83997 0.007074
1912.94666 0.007025
1913.05347 0.006977
1913.16016 0.006929
1913.26697 0.006881
1913.37366 0.006832
1913.48047 0.006783
1913.58716 0.006733
1913.69397 0.006681
1913.80066 0.006627
1913.90747 0.006571
1914.01416 0.006513
1914.12097 0.006451
1914.22766 0.006387
1914.33447 0.006322
1914.44116 0.006256
1914.54797 0.006191
1914.65479 0.006129
1914.76147 0.006069
1914.86829 0.006015
1914.97498 0.005966
1915.08179 0.005923
1915.18848 0.005889
1915.29529 0.005862
1915.40198 0.005841
1915.50879 0.005826
1915.61548 0.005815
1915.72229 0.005807
1915.82898 0.005803
1915.93579 0.0058
1916.04248 0.005799
1916.14929 0.005798
1916.25598 0.005796
2107.88159 0.0
