threeML/data/optical_filters/TD1/SPEC-F2100.ecsv
# %ECSV 0.9
# ---
# datatype:
# - {name: wavelength, unit: Angstrom, datatype: float32}
# - {name: response, datatype: float32}
# meta: !!omap
# - {band_name: F2100}
# - {group_name: SPEC}
wavelength response
1842.24719 0.0
2046.94128 0.010058
2047.04797 0.010124
2047.15479 0.01019
2047.26147 0.010256
2047.36829 0.010321
2047.47498 0.010387
2047.58179 0.010453
2047.68848 0.01052
2047.79529 0.010587
2047.90198 0.010655
2048.00879 0.010725
2048.11548 0.010795
2048.22241 0.010868
2048.32910 0.010941
2048.43579 0.011015
2048.54248 0.011089
2048.64941 0.011163
2048.75610 0.011236
2048.86279 0.011308
2048.96948 0.011378
2049.07642 0.011447
2049.18311 0.011514
2049.28979 0.011578
2049.39648 0.011642
2049.50342 0.011704
2049.61011 0.011765
2049.71680 0.011827
2049.82349 0.011888
2049.93042 0.01195
2050.03711 0.012013
2050.14380 0.012078
2050.25049 0.012143
2050.35742 0.01221
2050.46411 0.012277
2050.57080 0.012345
2050.67773 0.012412
2050.78442 0.012478
2050.89111 0.012543
2050.99780 0.012607
2051.10474 0.012669
2051.21143 0.012729
2051.31812 0.012787
2051.42480 0.012843
2051.53174 0.012899
2051.63843 0.012953
2051.74512 0.013007
2051.85181 0.01306
2051.95874 0.013114
2052.06543 0.013168
2052.17212 0.013222
2052.27881 0.013278
2052.38574 0.013334
2052.49243 0.013391
2052.59912 0.013448
2052.70581 0.013507
2052.81274 0.013566
2052.91943 0.013626
2053.02612 0.013687
2053.13281 0.013749
2053.23975 0.013812
2053.34644 0.013875
2053.45312 0.013939
2053.56006 0.014004
2053.66675 0.014069
2053.77344 0.014134
2053.88013 0.014199
2053.98706 0.014265
2054.09375 0.01433
2054.20044 0.014395
2054.30713 0.014461
2054.41406 0.014526
2054.52075 0.014592
2054.62744 0.014658
2054.73413 0.014724
2054.84106 0.014791
2054.94775 0.014859
2055.05444 0.014927
2055.16113 0.014997
2055.26807 0.015067
2055.37476 0.015139
2055.48145 0.015213
2055.58813 0.01529
2055.69507 0.015368
2055.80176 0.01545
2055.90845 0.015535
2056.01538 0.015624
2056.12207 0.015716
2056.22876 0.015813
2056.33545 0.015913
2056.44238 0.016016
2056.54907 0.016121
2056.65576 0.016229
2056.76245 0.016339
2056.86938 0.01645
2056.97607 0.016562
2057.08276 0.016675
2057.18945 0.016787
2057.29639 0.0169
2057.40308 0.017013
2057.50977 0.017127
2057.61646 0.017242
2057.72339 0.017357
2057.83008 0.017474
2057.93677 0.017592
2058.04346 0.017711
2058.15039 0.017831
2058.25708 0.017954
2058.36377 0.018079
2058.47046 0.018206
2058.57739 0.018337
2058.68408 0.018472
2058.79077 0.01861
2058.89771 0.018754
2059.00439 0.018902
2059.11108 0.019056
2059.21777 0.019215
2059.32471 0.019379
2059.43140 0.019548
2059.53809 0.019719
2059.64478 0.019894
2059.75171 0.02007
2059.85840 0.020247
2059.96509 0.020425
2060.07178 0.020602
2060.17871 0.020778
2060.28540 0.020953
2060.39209 0.021128
2060.49878 0.021302
2060.60571 0.021477
2060.71240 0.021651
2060.81909 0.021825
2060.92578 0.022
2061.03271 0.022176
2061.13940 0.022353
2061.24609 0.022531
2061.35303 0.022712
2061.45972 0.022897
2061.56641 0.023086
2061.67310 0.023281
2061.78003 0.023482
2061.88672 0.02369
2061.99341 0.023907
2062.10010 0.024133
2062.20703 0.024368
2062.31372 0.024612
2062.42041 0.024862
2062.52710 0.025119
2062.63403 0.02538
2062.74072 0.025644
2062.84741 0.02591
2062.95410 0.026176
2063.06104 0.026441
2063.16772 0.026705
2063.27441 0.026969
2063.38110 0.027234
2063.48804 0.027504
2063.59473 0.02778
2063.70142 0.028064
2063.80835 0.02836
2063.91504 0.028669
2064.02173 0.028993
2064.12842 0.029334
2064.23535 0.029694
2064.34204 0.030069
2064.44873 0.030459
2064.55542 0.030862
2064.66235 0.031275
2064.76904 0.031698
2064.87573 0.032127
2064.98242 0.032562
2065.08936 0.033001
2065.19604 0.033443
2065.30273 0.033887
2065.40942 0.034335
2065.51636 0.034789
2065.62305 0.035247
2065.72974 0.035712
2065.83643 0.036185
2065.94336 0.036665
2066.05005 0.037154
2066.15674 0.037653
2066.26343 0.038164
2066.37036 0.038688
2066.47705 0.039228
2066.58374 0.039786
2066.69067 0.040364
2066.79736 0.040965
2066.90405 0.041589
2067.01074 0.042241
2067.11768 0.042921
2067.22437 0.04363
2067.33105 0.044363
2067.43774 0.045118
2067.54468 0.045891
2067.65137 0.046679
2067.75806 0.047477
2067.86475 0.048283
2067.97168 0.049092
2068.07837 0.049902
2068.18506 0.050709
2068.29175 0.051514
2068.39868 0.052317
2068.50537 0.05312
2068.61206 0.053923
2068.71875 0.054728
2068.82568 0.055536
2068.93237 0.056346
2069.03906 0.057161
2069.14600 0.057982
2069.25269 0.058811
2069.35938 0.059654
2069.46606 0.060515
2069.57300 0.061399
2069.67969 0.062311
2069.78638 0.063256
2069.89307 0.064239
2070.00000 0.065265
2070.10669 0.066337
2070.21338 0.067459
2070.32007 0.068627
2070.42700 0.069839
2070.53369 0.071091
2070.64038 0.07238
2070.74707 0.073702
2070.85400 0.075055
2070.96069 0.076434
2071.06738 0.077838
2071.17407 0.079263
2071.28101 0.080711
2071.38770 0.082183
2071.49438 0.083682
2071.60132 0.085209
2071.70801 0.086767
2071.81470 0.088357
2071.92139 0.089982
2072.02832 0.091644
2072.13501 0.093345
2072.24170 0.09509
2072.34839 0.096889
2072.45532 0.098749
2072.56201 0.10068
2072.66870 0.102689
2072.77539 0.104786
2072.88232 0.106979
2072.98901 0.109276
2073.09570 0.111686
2073.20239 0.114212
2073.30933 0.116843
2073.41602 0.119568
2073.52271 0.122375
2073.62939 0.125251
2073.73633 0.128184
2073.84302 0.131163
2073.94971 0.134175
2074.05640 0.137208
2074.16333 0.140252
2074.27002 0.143307
2074.37671 0.146377
2074.48364 0.149466
2074.59033 0.152578
2074.69702 0.155717
2074.80371 0.158888
2074.91064 0.162096
2075.01733 0.165343
2075.12402 0.168636
2075.23071 0.171981
2075.33765 0.175391
2075.44434 0.17888
2075.55103 0.182459
2075.65771 0.186141
2075.76465 0.18994
2075.87134 0.193868
2075.97803 0.197937
2076.08472 0.202161
2076.19165 0.206543
2076.29834 0.21106
2076.40503 0.215683
2076.51172 0.220384
2076.61865 0.225134
2076.72534 0.229905
2076.83203 0.234669
2076.93896 0.239396
2077.04565 0.244059
2077.15234 0.248632
2077.25903 0.253126
2077.36597 0.257571
2077.47266 0.261994
2077.57935 0.266427
2077.68604 0.270899
2077.79297 0.27544
2077.89966 0.280078
2078.00635 0.284844
2078.11304 0.289767
2078.21997 0.294852
2078.32666 0.300072
2078.43335 0.305395
2078.54004 0.310791
2078.64697 0.316228
2078.75366 0.321676
2078.86035 0.327104
2078.96704 0.332481
2079.07397 0.337776
2079.18066 0.342965
2079.28735 0.348052
2079.39429 0.353049
2079.50098 0.357967
2079.60767 0.362818
2079.71436 0.367613
2079.82129 0.372364
2079.92798 0.377081
2080.03467 0.381778
2080.14136 0.386464
2080.24829 0.391153
2080.35498 0.395856
2080.46167 0.400586
2080.56836 0.405357
2080.67529 0.41018
2080.78198 0.415067
2080.88867 0.420033
2080.99536 0.425088
2081.10229 0.430245
2081.20898 0.435507
2081.31567 0.440851
2081.42236 0.446256
2081.52930 0.451698
2081.63599 0.457155
2081.74268 0.462603
2081.84937 0.468021
2081.95630 0.473384
2082.06299 0.478671
2082.16968 0.483862
2082.27661 0.488961
2082.38330 0.493981
2082.48999 0.498932
2082.59668 0.503827
2082.70361 0.508678
2082.81030 0.513495
2082.91699 0.518292
2083.02368 0.52308
2083.13062 0.527871
2083.23730 0.532674
2083.34399 0.537499
2083.45068 0.542354
2083.55762 0.547248
2083.66431 0.55219
2083.77100 0.557188
2083.87769 0.562251
2083.98462 0.567387
2084.09131 0.572605
2084.19800 0.577906
2084.30469 0.583264
2084.41162 0.588654
2084.51831 0.594048
2084.62500 0.59942
2084.73193 0.604742
2084.83862 0.609987
2084.94531 0.615128
2085.05200 0.620139
2085.15894 0.624995
2085.26562 0.6297
2085.37231 0.634269
2085.47900 0.638719
2085.58594 0.643064
2085.69263 0.647321
2085.79932 0.651504
2085.90601 0.655631
2086.01294 0.659716
2086.11963 0.663775
2086.22632 0.667825
2086.33301 0.671883
2086.43994 0.675968
2086.54663 0.680097
2086.65332 0.684288
2086.76001 0.688559
2086.86694 0.692928
2086.97363 0.697413
2087.08032 0.702031
2087.18726 0.706792
2087.29395 0.711673
2087.40063 0.716646
2087.50732 0.721684
2087.61426 0.726758
2087.72095 0.731839
2087.82764 0.7369
2087.93433 0.741912
2088.04126 0.746846
2088.14795 0.751678
2088.25464 0.756415
2088.36133 0.761082
2088.46826 0.765707
2088.57495 0.770317
2088.68164 0.774937
2088.78833 0.779595
2088.89526 0.784318
2089.00195 0.789133
2089.10864 0.794065
2089.21533 0.79912
2089.32227 0.804268
2089.42896 0.809477
2089.53564 0.814714
2089.64233 0.819945
2089.74927 0.825139
2089.85596 0.830263
2089.96265 0.835284
2090.06958 0.840169
2090.17627 0.844892
2090.28296 0.849456
2090.38965 0.853875
2090.49658 0.858159
2090.60327 0.862321
2090.70996 0.866373
2090.81665 0.870327
2090.92358 0.874195
2091.03027 0.877989
2091.13696 0.881722
2091.24365 0.885395
2091.35059 0.889006
2091.45728 0.892552
2091.56396 0.896028
2091.67065 0.899431
2091.77759 0.902759
2091.88428 0.906006
2091.99097 0.909171
2092.09766 0.912248
2092.20459 0.915235
2092.31128 0.918127
2092.41797 0.920917
2092.52490 0.923602
2092.63159 0.926175
2092.73828 0.928633
2092.84497 0.930969
2092.95190 0.933179
2093.05859 0.935257
2093.16528 0.937201
2093.27197 0.939021
2093.37891 0.940732
2093.48560 0.94235
2093.59229 0.943891
2093.69897 0.945369
2093.80591 0.946802
2093.91260 0.948204
2094.01929 0.949591
2094.12598 0.950978
2094.23291 0.952374
2094.33960 0.953779
2094.44629 0.955196
2094.55298 0.956624
2094.65991 0.958065
2094.76660 0.95952
2094.87329 0.96099
2094.98022 0.962475
2095.08691 0.963977
2095.19360 0.965495
2095.30029 0.96702
2095.40723 0.968546
2095.51392 0.970063
2095.62061 0.971563
2095.72729 0.973038
2095.83423 0.97448
2095.94092 0.97588
2096.04761 0.977231
2096.15430 0.978524
2096.26123 0.979758
2096.36792 0.980938
2096.47461 0.982066
2096.58130 0.983145
2096.68823 0.984178
2096.79492 0.985168
2096.90161 0.986119
2097.00830 0.987032
2097.11523 0.987912
2097.22192 0.98876
2097.32861 0.989578
2097.43530 0.990364
2097.54224 0.991121
2097.64893 0.991848
2097.75562 0.992546
2097.86255 0.993216
2097.96924 0.993858
2098.07593 0.994472
2098.18262 0.99506
2098.28955 0.995619
2098.39624 0.996148
2098.50293 0.996646
2098.60962 0.997111
2098.71655 0.997542
2098.82324 0.997937
2098.92993 0.998294
2099.03662 0.998612
2099.14355 0.998891
2099.25024 0.99913
2099.35693 0.999333
2099.46362 0.999502
2099.57056 0.999641
2099.67725 0.999753
2099.78394 0.99984
2099.89062 0.999906
2099.99756 0.999952
2100.10425 0.999983
2100.21094 0.999999
2100.31787 1.0
2100.42456 0.999984
2100.53125 0.99995
2100.63794 0.999896
2100.74487 0.999821
2100.85156 0.999724
2100.95825 0.999603
2101.06494 0.999457
2101.17188 0.999286
2101.27856 0.999089
2101.38525 0.998867
2101.49194 0.998621
2101.59888 0.998353
2101.70557 0.998064
2101.81226 0.997753
2101.91895 0.997423
2102.02588 0.997074
2102.13257 0.996706
2102.23926 0.99632
2102.34595 0.99591
2102.45288 0.995475
2102.55957 0.995009
2102.66626 0.994511
2102.77319 0.993976
2102.87988 0.9934
2102.98657 0.992781
2103.09326 0.992115
2103.20020 0.9914
2103.30688 0.990638
2103.41357 0.989833
2103.52026 0.988987
2103.62720 0.988103
2103.73389 0.987183
2103.84058 0.986232
2103.94727 0.985251
2104.05420 0.984244
2104.16089 0.983212
2104.26758 0.982157
2104.37427 0.981077
2104.48120 0.979971
2104.58789 0.978838
2104.69458 0.977676
2104.80127 0.976486
2104.90820 0.975265
2105.01489 0.974014
2105.12158 0.97273
2105.22827 0.971411
2105.33521 0.970053
2105.44189 0.968649
2105.54858 0.967197
2105.65552 0.965689
2105.76221 0.964122
2105.86890 0.962491
2105.97559 0.960791
2106.08252 0.959016
2106.18921 0.957166
2106.29590 0.955248
2106.40259 0.953274
2106.50952 0.951252
2106.61621 0.949194
2106.72290 0.947111
2106.82959 0.945012
2106.93652 0.942908
2107.04321 0.940809
2107.14990 0.938725
2107.25659 0.936656
2107.36353 0.934596
2107.47021 0.932538
2107.57690 0.930477
2107.68359 0.928407
2107.79053 0.926323
2107.89722 0.924218
2108.00391 0.922087
2108.11084 0.919922
2108.21753 0.917711
2108.32422 0.915425
2108.43091 0.913035
2108.53784 0.910513
2108.64453 0.907829
2108.75122 0.904954
2108.85791 0.901861
2108.96484 0.898519
2109.07153 0.894901
2109.17822 0.890986
2109.28491 0.886796
2109.39185 0.882361
2109.49854 0.877714
2109.60522 0.872886
2109.71191 0.867908
2109.81885 0.862812
2109.92554 0.857629
2110.03223 0.852391
2110.13892 0.847128
2110.24585 0.841855
2110.35254 0.836573
2110.45923 0.831285
2110.56592 0.825992
2110.67285 0.820696
2110.77954 0.815398
2110.88623 0.810101
2110.99316 0.804807
2111.09985 0.799517
2111.20654 0.79423
2111.31323 0.788942
2111.42017 0.783646
2111.52686 0.778337
2111.63354 0.773009
2111.74023 0.767655
2111.84717 0.762272
2111.95386 0.756851
2112.06055 0.751388
2112.16724 0.74588
2112.27417 0.740341
2112.38086 0.734789
2112.48755 0.729244
2112.59424 0.723726
2112.70117 0.718255
2112.80786 0.71285
2112.91455 0.707531
2113.02124 0.702317
2113.12817 0.697227
2113.23486 0.692263
2113.34155 0.68741
2113.44849 0.682653
2113.55518 0.677977
2113.66187 0.673365
2113.76855 0.668804
2113.87549 0.664277
2113.98218 0.659768
2114.08887 0.655263
2114.19556 0.650747
2114.30249 0.646207
2114.40918 0.641628
2114.51587 0.636998
2114.62256 0.632304
2114.72949 0.627533
2114.83618 0.622671
2114.94287 0.617705
2115.04956 0.612623
2115.15649 0.607413
2115.26318 0.602096
2115.36987 0.596701
2115.47656 0.591262
2115.58350 0.585811
2115.69019 0.580378
2115.79688 0.574997
2115.90381 0.569698
2116.01050 0.564514
2116.11719 0.559477
2116.22388 0.55459
2116.33081 0.549826
2116.43750 0.545154
2116.54419 0.540542
2116.65088 0.53596
2116.75781 0.531378
2116.86450 0.526764
2116.97119 0.522087
2117.07788 0.517317
2117.18481 0.512434
2117.29150 0.507456
2117.39819 0.50241
2117.50488 0.497322
2117.61182 0.49222
2117.71851 0.487131
2117.82520 0.482082
2117.93188 0.477099
2118.03882 0.472209
2118.14551 0.467438
2118.25220 0.462786
2118.35889 0.458241
2118.46582 0.45379
2118.57251 0.449418
2118.67920 0.445114
2118.78613 0.440863
2118.89282 0.436652
2118.99951 0.432468
2119.10620 0.428297
2119.21313 0.424127
2119.31982 0.419948
2119.42651 0.415746
2119.53320 0.411513
2119.64014 0.407236
2119.74683 0.402905
2119.85352 0.398509
2119.96021 0.394036
2120.06714 0.389476
2120.17383 0.384822
2120.28052 0.380087
2120.38721 0.375292
2120.49414 0.370455
2120.60083 0.365598
2120.70752 0.36074
2120.81421 0.355901
2120.92114 0.351101
2121.02783 0.346359
2121.13452 0.341694
2121.24146 0.337109
2121.34814 0.332594
2121.45483 0.328137
2121.56152 0.323726
2121.66846 0.31935
2121.77515 0.314998
2121.88184 0.310658
2121.98853 0.30632
2122.09546 0.301971
2122.20215 0.297602
2122.30884 0.293205
2122.41553 0.28877
2122.52246 0.284292
2122.62915 0.279761
2122.73584 0.275169
2122.84253 0.27051
2122.94946 0.265775
2123.05615 0.260957
2123.16284 0.256049
2123.26953 0.251071
2123.37646 0.246048
2123.48315 0.241008
2123.58984 0.235975
2123.69678 0.230977
2123.80347 0.22604
2123.91016 0.22119
2124.01685 0.216455
2124.12378 0.211859
2124.23047 0.207412
2124.33716 0.203104
2124.44385 0.198926
2124.55078 0.194868
2124.65747 0.190919
2124.76416 0.187069
2124.87085 0.183308
2124.97778 0.179625
2125.08447 0.176011
2125.19116 0.172456
2125.29785 0.16895
2125.40479 0.165487
2125.51147 0.162059
2125.61816 0.158658
2125.72485 0.155276
2125.83179 0.151907
2125.93848 0.148543
2126.04517 0.145176
2126.15186 0.141802
2126.25879 0.138429
2126.36548 0.135073
2126.47217 0.131749
2126.57910 0.128473
2126.68579 0.125262
2126.79248 0.122128
2126.89917 0.119089
2127.00610 0.116157
2127.11279 0.113349
2127.21948 0.110668
2127.32617 0.108103
2127.43311 0.105646
2127.53979 0.103284
2127.64648 0.101006
2127.75317 0.098804
2127.86011 0.096666
2127.96680 0.094581
2128.07349 0.092541
2128.18018 0.090535
2128.28711 0.08856
2128.39380 0.086614
2128.50049 0.084694
2128.60718 0.082799
2128.71411 0.080925
2128.82080 0.079071
2128.92749 0.077233
2129.03442 0.07541
2129.14111 0.0736
2129.24780 0.071806
2129.35449 0.070035
2129.46143 0.068295
2129.56812 0.066594
2129.67480 0.06494
2129.78149 0.06334
2129.88843 0.061801
2129.99512 0.060332
2130.10181 0.05894
2130.20850 0.057627
2130.31543 0.056386
2130.42212 0.055209
2130.52881 0.054088
2130.63550 0.053013
2130.74243 0.051976
2130.84912 0.05097
2130.95581 0.049985
2131.06250 0.049014
2131.16943 0.048049
2131.27612 0.047093
2131.38281 0.046148
2131.48975 0.045221
2131.59644 0.044316
2131.70312 0.043437
2131.80981 0.042588
2131.91675 0.041774
2132.02344 0.041001
2132.13013 0.040271
2132.23682 0.039585
2132.34375 0.03894
2132.45044 0.03833
2132.55713 0.037754
2132.66382 0.037206
2132.77075 0.036682
2132.87744 0.036179
2132.98413 0.035693
2133.09082 0.035219
2133.19775 0.034755
2133.30444 0.034299
2133.41113 0.03385
2133.51782 0.033406
2133.62476 0.032966
2133.73145 0.032528
2133.83813 0.032092
2133.94482 0.031656
2134.05176 0.031219
2134.15845 0.030779
2134.26514 0.030337
2134.37207 0.029896
2134.47876 0.029456
2134.58545 0.029021
2134.69214 0.02859
2134.79907 0.028167
2134.90576 0.027753
2135.01245 0.027349
2135.11914 0.026958
2135.22607 0.026579
2135.33276 0.026212
2135.43945 0.025856
2135.54614 0.02551
2135.65308 0.025173
2135.75977 0.024842
2135.86646 0.024519
2135.97314 0.024201
2136.08008 0.023887
2136.18677 0.023576
2136.29346 0.023269
2136.40015 0.022963
2136.50708 0.022659
2136.61377 0.022357
2136.72046 0.022055
2136.82739 0.021753
2136.93408 0.021451
2137.04077 0.021147
2137.14746 0.020843
2137.25439 0.020537
2137.36108 0.020232
2137.46777 0.019929
2137.57446 0.019629
2137.68140 0.019334
2137.78809 0.019044
2137.89478 0.018761
2138.00146 0.018487
2138.10840 0.018222
2138.21509 0.017967
2138.32178 0.017721
2138.42847 0.017484
2138.53540 0.017255
2138.64209 0.017033
2138.74878 0.016817
2138.85547 0.016606
2138.96240 0.0164
2139.06909 0.016198
2139.17578 0.015999
2139.28271 0.015802
2139.38940 0.015609
2139.49609 0.015417
2139.60278 0.015227
2139.70972 0.015039
2139.81641 0.014852
2139.92310 0.014666
2140.02979 0.01448
2140.13672 0.014296
2140.24341 0.014112
2140.35010 0.01393
2140.45679 0.01375
2140.56372 0.013573
2140.67041 0.013401
2140.77710 0.013234
2140.88379 0.013073
2140.99072 0.012918
2141.09741 0.01277
2141.20410 0.012631
2141.31079 0.012498
2141.41772 0.012372
2141.52441 0.012251
2141.63110 0.012135
2141.73779 0.012022
2141.84473 0.011912
2141.95142 0.011805
2142.05811 0.011698
2142.16504 0.011592
2142.27173 0.011487
2142.37842 0.011383
2142.48511 0.01128
2142.59204 0.01118
2142.69873 0.011082
2142.80542 0.010988
2142.91211 0.010898
2143.01904 0.010812
2143.12573 0.010731
2143.23242 0.010655
2143.33911 0.010583
2143.44604 0.010516
2143.55273 0.010452
2143.65942 0.010391
2143.76611 0.010334
2143.87305 0.010279
2143.97974 0.010226
2144.08643 0.010175
2144.19312 0.010125
2144.30005 0.010077
2144.40674 0.01003
2144.51343 0.009984
2144.62036 0.009939
2144.72705 0.009896
2144.83374 0.009853
2144.94043 0.009812
2145.04736 0.009771
2145.15405 0.009731
2145.26074 0.009692
2145.36743 0.009654
2145.47437 0.009617
2145.58105 0.009581
2145.68774 0.009547
2145.79443 0.009513
2145.90137 0.009481
2146.00806 0.009449
2146.11475 0.00942
2146.22144 0.009391
2146.32837 0.009364
2146.43506 0.009337
2146.54175 0.009312
2146.64844 0.009287
2146.75537 0.009263
2146.86206 0.009239
2146.96875 0.009216
2147.07568 0.009193
2147.18237 0.00917
2147.28906 0.009147
2147.39575 0.009124
2147.50269 0.0091
2147.60938 0.009076
2147.71606 0.009051
2147.82275 0.009025
2147.92969 0.008999
2148.03638 0.008971
2148.14307 0.008943
2148.24976 0.008913
2148.35669 0.008882
2148.46338 0.00885
2148.57007 0.008817
2148.67676 0.008784
2148.78369 0.00875
2148.89038 0.008715
2148.99707 0.00868
2149.10376 0.008645
2149.21069 0.00861
2149.31738 0.008574
2149.42407 0.008538
2149.53076 0.008502
2149.63770 0.008465
2149.74438 0.008428
2149.85107 0.008391
2149.95801 0.008354
2150.06470 0.008316
2150.17139 0.008277
2150.27808 0.008238
2150.38501 0.008198
2150.49170 0.008158
2150.59839 0.008117
2150.70508 0.008074
2150.81201 0.008031
2150.91870 0.007986
2151.02539 0.00794
2151.13208 0.007892
2151.23901 0.007843
2151.34570 0.007793
2151.45239 0.007742
2151.55908 0.00769
2151.66602 0.007638
2151.77271 0.007585
2151.87939 0.007532
2151.98608 0.007479
2152.09302 0.007427
2152.19971 0.007375
2152.30640 0.007324
2152.41333 0.007273
2152.52002 0.007223
2152.62671 0.007173
2152.73340 0.007123
2152.84033 0.007074
2152.94702 0.007025
2153.05371 0.006977
2153.16040 0.006929
2153.26733 0.006881
2153.37402 0.006832
2153.48071 0.006783
2153.58740 0.006733
2153.69434 0.006681
2153.80103 0.006627
2153.90771 0.006571
2154.01440 0.006513
2154.12134 0.006451
2154.22803 0.006387
2154.33472 0.006322
2154.44141 0.006256
2154.54834 0.006191
2154.65503 0.006129
2154.76172 0.006069
2154.86865 0.006015
2154.97534 0.005966
2155.08203 0.005923
2155.18872 0.005889
2155.29565 0.005862
2155.40234 0.005841
2155.50903 0.005826
2155.61572 0.005815
2155.72266 0.005807
2155.82935 0.005803
2155.93604 0.0058
2156.04272 0.005799
2156.14966 0.005798
2371.76465 0.0
