threeML/data/optical_filters/TD1/SPEC-F2340.ecsv
# %ECSV 0.9
# ---
# datatype:
# - {name: wavelength, unit: Angstrom, datatype: float32}
# - {name: response, datatype: float32}
# meta: !!omap
# - {band_name: F2340}
# - {group_name: SPEC}
wavelength response
2058.24707 0.0
2286.94116 0.010058
2287.04810 0.010124
2287.15479 0.01019
2287.26147 0.010256
2287.36816 0.010321
2287.47510 0.010387
2287.58179 0.010453
2287.68848 0.01052
2287.79517 0.010587
2287.90210 0.010655
2288.00879 0.010725
2288.11548 0.010795
2288.22241 0.010868
2288.32910 0.010941
2288.43579 0.011015
2288.54248 0.011089
2288.64941 0.011163
2288.75610 0.011236
2288.86279 0.011308
2288.96948 0.011378
2289.07642 0.011447
2289.18311 0.011514
2289.28979 0.011578
2289.39648 0.011642
2289.50342 0.011704
2289.61011 0.011765
2289.71680 0.011827
2289.82349 0.011888
2289.93042 0.01195
2290.03711 0.012013
2290.14380 0.012078
2290.25049 0.012143
2290.35742 0.01221
2290.46411 0.012277
2290.57080 0.012345
2290.67773 0.012412
2290.78442 0.012478
2290.89111 0.012543
2290.99780 0.012607
2291.10474 0.012669
2291.21143 0.012729
2291.31812 0.012787
2291.42480 0.012843
2291.53174 0.012899
2291.63843 0.012953
2291.74512 0.013007
2291.85181 0.01306
2291.95874 0.013114
2292.06543 0.013168
2292.17212 0.013222
2292.27881 0.013278
2292.38574 0.013334
2292.49243 0.013391
2292.59912 0.013448
2292.70581 0.013507
2292.81274 0.013566
2292.91943 0.013626
2293.02612 0.013687
2293.13281 0.013749
2293.23975 0.013812
2293.34644 0.013875
2293.45312 0.013939
2293.56006 0.014004
2293.66675 0.014069
2293.77344 0.014134
2293.88013 0.014199
2293.98706 0.014265
2294.09375 0.01433
2294.20044 0.014395
2294.30713 0.014461
2294.41406 0.014526
2294.52075 0.014592
2294.62744 0.014658
2294.73413 0.014724
2294.84106 0.014791
2294.94775 0.014859
2295.05444 0.014927
2295.16113 0.014997
2295.26807 0.015067
2295.37476 0.015139
2295.48145 0.015213
2295.58813 0.01529
2295.69507 0.015368
2295.80176 0.01545
2295.90845 0.015535
2296.01538 0.015624
2296.12207 0.015716
2296.22876 0.015813
2296.33545 0.015913
2296.44238 0.016016
2296.54907 0.016121
2296.65576 0.016229
2296.76245 0.016339
2296.86938 0.01645
2296.97607 0.016562
2297.08276 0.016675
2297.18945 0.016787
2297.29639 0.0169
2297.40308 0.017013
2297.50977 0.017127
2297.61646 0.017242
2297.72339 0.017357
2297.83008 0.017474
2297.93677 0.017592
2298.04346 0.017711
2298.15039 0.017831
2298.25708 0.017954
2298.36377 0.018079
2298.47046 0.018206
2298.57739 0.018337
2298.68408 0.018472
2298.79077 0.01861
2298.89771 0.018754
2299.00439 0.018902
2299.11108 0.019056
2299.21777 0.019215
2299.32471 0.019379
2299.43140 0.019548
2299.53809 0.019719
2299.64478 0.019894
2299.75171 0.02007
2299.85840 0.020247
2299.96509 0.020425
2300.07178 0.020602
2300.17871 0.020778
2300.28540 0.020953
2300.39209 0.021128
2300.49878 0.021302
2300.60571 0.021477
2300.71240 0.021651
2300.81909 0.021825
2300.92578 0.022
2301.03271 0.022176
2301.13940 0.022353
2301.24609 0.022531
2301.35303 0.022712
2301.45972 0.022897
2301.56641 0.023086
2301.67310 0.023281
2301.78003 0.023482
2301.88672 0.02369
2301.99341 0.023907
2302.10010 0.024133
2302.20703 0.024368
2302.31372 0.024612
2302.42041 0.024862
2302.52710 0.025119
2302.63403 0.02538
2302.74072 0.025644
2302.84741 0.02591
2302.95410 0.026176
2303.06104 0.026441
2303.16772 0.026705
2303.27441 0.026969
2303.38110 0.027234
2303.48804 0.027504
2303.59473 0.02778
2303.70142 0.028064
2303.80835 0.02836
2303.91504 0.028669
2304.02173 0.028993
2304.12842 0.029334
2304.23535 0.029694
2304.34204 0.030069
2304.44873 0.030459
2304.55542 0.030862
2304.66235 0.031275
2304.76904 0.031698
2304.87573 0.032127
2304.98242 0.032562
2305.08936 0.033001
2305.19604 0.033443
2305.30273 0.033887
2305.40942 0.034335
2305.51636 0.034789
2305.62305 0.035247
2305.72974 0.035712
2305.83643 0.036185
2305.94336 0.036665
2306.05005 0.037154
2306.15674 0.037653
2306.26343 0.038164
2306.37036 0.038688
2306.47705 0.039228
2306.58374 0.039786
2306.69067 0.040364
2306.79736 0.040965
2306.90405 0.041589
2307.01074 0.042241
2307.11768 0.042921
2307.22437 0.04363
2307.33105 0.044363
2307.43774 0.045118
2307.54468 0.045891
2307.65137 0.046679
2307.75806 0.047477
2307.86475 0.048283
2307.97168 0.049092
2308.07837 0.049902
2308.18506 0.050709
2308.29175 0.051514
2308.39868 0.052317
2308.50537 0.05312
2308.61206 0.053923
2308.71875 0.054728
2308.82568 0.055536
2308.93237 0.056346
2309.03906 0.057161
2309.14600 0.057982
2309.25269 0.058811
2309.35938 0.059654
2309.46606 0.060515
2309.57300 0.061399
2309.67969 0.062311
2309.78638 0.063256
2309.89307 0.064239
2310.00000 0.065265
2310.10669 0.066337
2310.21338 0.067459
2310.32007 0.068627
2310.42700 0.069839
2310.53369 0.071091
2310.64038 0.07238
2310.74707 0.073702
2310.85400 0.075055
2310.96069 0.076434
2311.06738 0.077838
2311.17407 0.079263
2311.28101 0.080711
2311.38770 0.082183
2311.49438 0.083682
2311.60132 0.085209
2311.70801 0.086767
2311.81470 0.088357
2311.92139 0.089982
2312.02832 0.091644
2312.13501 0.093345
2312.24170 0.09509
2312.34839 0.096889
2312.45532 0.098749
2312.56201 0.10068
2312.66870 0.102689
2312.77539 0.104786
2312.88232 0.106979
2312.98901 0.109276
2313.09570 0.111686
2313.20239 0.114212
2313.30933 0.116843
2313.41602 0.119568
2313.52271 0.122375
2313.62939 0.125251
2313.73633 0.128184
2313.84302 0.131163
2313.94971 0.134175
2314.05640 0.137208
2314.16333 0.140252
2314.27002 0.143307
2314.37671 0.146377
2314.48364 0.149466
2314.59033 0.152578
2314.69702 0.155717
2314.80371 0.158888
2314.91064 0.162096
2315.01733 0.165343
2315.12402 0.168636
2315.23071 0.171981
2315.33765 0.175391
2315.44434 0.17888
2315.55103 0.182459
2315.65771 0.186141
2315.76465 0.18994
2315.87134 0.193868
2315.97803 0.197937
2316.08472 0.202161
2316.19165 0.206543
2316.29834 0.21106
2316.40503 0.215683
2316.51172 0.220384
2316.61865 0.225134
2316.72534 0.229905
2316.83203 0.234669
2316.93896 0.239396
2317.04565 0.244059
2317.15234 0.248632
2317.25903 0.253126
2317.36597 0.257571
2317.47266 0.261994
2317.57935 0.266427
2317.68604 0.270899
2317.79297 0.27544
2317.89966 0.280078
2318.00635 0.284844
2318.11304 0.289767
2318.21997 0.294852
2318.32666 0.300072
2318.43335 0.305395
2318.54004 0.310791
2318.64697 0.316228
2318.75366 0.321676
2318.86035 0.327104
2318.96704 0.332481
2319.07397 0.337776
2319.18066 0.342965
2319.28735 0.348052
2319.39429 0.353049
2319.50098 0.357967
2319.60767 0.362818
2319.71436 0.367613
2319.82129 0.372364
2319.92798 0.377081
2320.03467 0.381778
2320.14136 0.386464
2320.24829 0.391153
2320.35498 0.395856
2320.46167 0.400586
2320.56836 0.405357
2320.67529 0.41018
2320.78198 0.415067
2320.88867 0.420033
2320.99536 0.425088
2321.10229 0.430245
2321.20898 0.435507
2321.31567 0.440851
2321.42236 0.446256
2321.52930 0.451698
2321.63599 0.457155
2321.74268 0.462603
2321.84937 0.468021
2321.95630 0.473384
2322.06299 0.478671
2322.16968 0.483862
2322.27661 0.488961
2322.38330 0.493981
2322.48999 0.498932
2322.59668 0.503827
2322.70361 0.508678
2322.81030 0.513495
2322.91699 0.518292
2323.02368 0.52308
2323.13062 0.527871
2323.23730 0.532674
2323.34399 0.537499
2323.45068 0.542354
2323.55762 0.547248
2323.66431 0.55219
2323.77100 0.557188
2323.87769 0.562251
2323.98462 0.567387
2324.09131 0.572605
2324.19800 0.577906
2324.30469 0.583264
2324.41162 0.588654
2324.51831 0.594048
2324.62500 0.59942
2324.73193 0.604742
2324.83862 0.609987
2324.94531 0.615128
2325.05200 0.620139
2325.15894 0.624995
2325.26562 0.6297
2325.37231 0.634269
2325.47900 0.638719
2325.58594 0.643064
2325.69263 0.647321
2325.79932 0.651504
2325.90601 0.655631
2326.01294 0.659716
2326.11963 0.663775
2326.22632 0.667825
2326.33301 0.671883
2326.43994 0.675968
2326.54663 0.680097
2326.65332 0.684288
2326.76001 0.688559
2326.86694 0.692928
2326.97363 0.697413
2327.08032 0.702031
2327.18726 0.706792
2327.29395 0.711673
2327.40063 0.716646
2327.50732 0.721684
2327.61426 0.726758
2327.72095 0.731839
2327.82764 0.7369
2327.93433 0.741912
2328.04126 0.746846
2328.14795 0.751678
2328.25464 0.756415
2328.36133 0.761082
2328.46826 0.765707
2328.57495 0.770317
2328.68164 0.774937
2328.78833 0.779595
2328.89526 0.784318
2329.00195 0.789133
2329.10864 0.794065
2329.21533 0.79912
2329.32227 0.804268
2329.42896 0.809477
2329.53564 0.814714
2329.64233 0.819945
2329.74927 0.825139
2329.85596 0.830263
2329.96265 0.835284
2330.06958 0.840169
2330.17627 0.844892
2330.28296 0.849456
2330.38965 0.853875
2330.49658 0.858159
2330.60327 0.862321
2330.70996 0.866373
2330.81665 0.870327
2330.92358 0.874195
2331.03027 0.877989
2331.13696 0.881722
2331.24365 0.885395
2331.35059 0.889006
2331.45728 0.892552
2331.56396 0.896028
2331.67065 0.899431
2331.77759 0.902759
2331.88428 0.906006
2331.99097 0.909171
2332.09766 0.912248
2332.20459 0.915235
2332.31128 0.918127
2332.41797 0.920917
2332.52490 0.923602
2332.63159 0.926175
2332.73828 0.928633
2332.84497 0.930969
2332.95190 0.933179
2333.05859 0.935257
2333.16528 0.937201
2333.27197 0.939021
2333.37891 0.940732
2333.48560 0.94235
2333.59229 0.943891
2333.69897 0.945369
2333.80591 0.946802
2333.91260 0.948204
2334.01929 0.949591
2334.12598 0.950978
2334.23291 0.952374
2334.33960 0.953779
2334.44629 0.955196
2334.55298 0.956624
2334.65991 0.958065
2334.76660 0.95952
2334.87329 0.96099
2334.98022 0.962475
2335.08691 0.963977
2335.19360 0.965495
2335.30029 0.96702
2335.40723 0.968546
2335.51392 0.970063
2335.62061 0.971563
2335.72729 0.973038
2335.83423 0.97448
2335.94092 0.97588
2336.04761 0.977231
2336.15430 0.978524
2336.26123 0.979758
2336.36792 0.980938
2336.47461 0.982066
2336.58130 0.983145
2336.68823 0.984178
2336.79492 0.985168
2336.90161 0.986119
2337.00830 0.987032
2337.11523 0.987912
2337.22192 0.98876
2337.32861 0.989578
2337.43530 0.990364
2337.54224 0.991121
2337.64893 0.991848
2337.75562 0.992546
2337.86255 0.993216
2337.96924 0.993858
2338.07593 0.994472
2338.18262 0.99506
2338.28955 0.995619
2338.39624 0.996148
2338.50293 0.996646
2338.60962 0.997111
2338.71655 0.997542
2338.82324 0.997937
2338.92993 0.998294
2339.03662 0.998612
2339.14355 0.998891
2339.25024 0.99913
2339.35693 0.999333
2339.46362 0.999502
2339.57056 0.999641
2339.67725 0.999753
2339.78394 0.99984
2339.89062 0.999906
2339.99756 0.999952
2340.10425 0.999983
2340.21094 0.999999
2340.31787 1.0
2340.42456 0.999984
2340.53125 0.99995
2340.63794 0.999896
2340.74487 0.999821
2340.85156 0.999724
2340.95825 0.999603
2341.06494 0.999457
2341.17188 0.999286
2341.27856 0.999089
2341.38525 0.998867
2341.49194 0.998621
2341.59888 0.998353
2341.70557 0.998064
2341.81226 0.997753
2341.91895 0.997423
2342.02588 0.997074
2342.13257 0.996706
2342.23926 0.99632
2342.34595 0.99591
2342.45288 0.995475
2342.55957 0.995009
2342.66626 0.994511
2342.77319 0.993976
2342.87988 0.9934
2342.98657 0.992781
2343.09326 0.992115
2343.20020 0.9914
2343.30688 0.990638
2343.41357 0.989833
2343.52026 0.988987
2343.62720 0.988103
2343.73389 0.987183
2343.84058 0.986232
2343.94727 0.985251
2344.05420 0.984244
2344.16089 0.983212
2344.26758 0.982157
2344.37427 0.981077
2344.48120 0.979971
2344.58789 0.978838
2344.69458 0.977676
2344.80127 0.976486
2344.90820 0.975265
2345.01489 0.974014
2345.12158 0.97273
2345.22827 0.971411
2345.33521 0.970053
2345.44189 0.968649
2345.54858 0.967197
2345.65552 0.965689
2345.76221 0.964122
2345.86890 0.962491
2345.97559 0.960791
2346.08252 0.959016
2346.18921 0.957166
2346.29590 0.955248
2346.40259 0.953274
2346.50952 0.951252
2346.61621 0.949194
2346.72290 0.947111
2346.82959 0.945012
2346.93652 0.942908
2347.04321 0.940809
2347.14990 0.938725
2347.25659 0.936656
2347.36353 0.934596
2347.47021 0.932538
2347.57690 0.930477
2347.68359 0.928407
2347.79053 0.926323
2347.89722 0.924218
2348.00391 0.922087
2348.11084 0.919922
2348.21753 0.917711
2348.32422 0.915425
2348.43091 0.913035
2348.53784 0.910513
2348.64453 0.907829
2348.75122 0.904954
2348.85791 0.901861
2348.96484 0.898519
2349.07153 0.894901
2349.17822 0.890986
2349.28491 0.886796
2349.39185 0.882361
2349.49854 0.877714
2349.60522 0.872886
2349.71191 0.867908
2349.81885 0.862812
2349.92554 0.857629
2350.03223 0.852391
2350.13892 0.847128
2350.24585 0.841855
2350.35254 0.836573
2350.45923 0.831285
2350.56592 0.825992
2350.67285 0.820696
2350.77954 0.815398
2350.88623 0.810101
2350.99316 0.804807
2351.09985 0.799517
2351.20654 0.79423
2351.31323 0.788942
2351.42017 0.783646
2351.52686 0.778337
2351.63354 0.773009
2351.74023 0.767655
2351.84717 0.762272
2351.95386 0.756851
2352.06055 0.751388
2352.16724 0.74588
2352.27417 0.740341
2352.38086 0.734789
2352.48755 0.729244
2352.59424 0.723726
2352.70117 0.718255
2352.80786 0.71285
2352.91455 0.707531
2353.02124 0.702317
2353.12817 0.697227
2353.23486 0.692263
2353.34155 0.68741
2353.44849 0.682653
2353.55518 0.677977
2353.66187 0.673365
2353.76855 0.668804
2353.87549 0.664277
2353.98218 0.659768
2354.08887 0.655263
2354.19556 0.650747
2354.30249 0.646207
2354.40918 0.641628
2354.51587 0.636998
2354.62256 0.632304
2354.72949 0.627533
2354.83618 0.622671
2354.94287 0.617705
2355.04956 0.612623
2355.15649 0.607413
2355.26318 0.602096
2355.36987 0.596701
2355.47656 0.591262
2355.58350 0.585811
2355.69019 0.580378
2355.79688 0.574997
2355.90381 0.569698
2356.01050 0.564514
2356.11719 0.559477
2356.22388 0.55459
2356.33081 0.549826
2356.43750 0.545154
2356.54419 0.540542
2356.65088 0.53596
2356.75781 0.531378
2356.86450 0.526764
2356.97119 0.522087
2357.07788 0.517317
2357.18481 0.512434
2357.29150 0.507456
2357.39819 0.50241
2357.50488 0.497322
2357.61182 0.49222
2357.71851 0.487131
2357.82520 0.482082
2357.93188 0.477099
2358.03882 0.472209
2358.14551 0.467438
2358.25220 0.462786
2358.35889 0.458241
2358.46582 0.45379
2358.57251 0.449418
2358.67920 0.445114
2358.78613 0.440863
2358.89282 0.436652
2358.99951 0.432468
2359.10620 0.428297
2359.21313 0.424127
2359.31982 0.419948
2359.42651 0.415746
2359.53320 0.411513
2359.64014 0.407236
2359.74683 0.402905
2359.85352 0.398509
2359.96021 0.394036
2360.06714 0.389476
2360.17383 0.384822
2360.28052 0.380087
2360.38721 0.375292
2360.49414 0.370455
2360.60083 0.365598
2360.70752 0.36074
2360.81421 0.355901
2360.92114 0.351101
2361.02783 0.346359
2361.13452 0.341694
2361.24146 0.337109
2361.34814 0.332594
2361.45483 0.328137
2361.56152 0.323726
2361.66846 0.31935
2361.77515 0.314998
2361.88184 0.310658
2361.98853 0.30632
2362.09546 0.301971
2362.20215 0.297602
2362.30884 0.293205
2362.41553 0.28877
2362.52246 0.284292
2362.62915 0.279761
2362.73584 0.275169
2362.84253 0.27051
2362.94946 0.265775
2363.05615 0.260957
2363.16284 0.256049
2363.26953 0.251071
2363.37646 0.246048
2363.48315 0.241008
2363.58984 0.235975
2363.69678 0.230977
2363.80347 0.22604
2363.91016 0.22119
2364.01685 0.216455
2364.12378 0.211859
2364.23047 0.207412
2364.33716 0.203104
2364.44385 0.198926
2364.55078 0.194868
2364.65747 0.190919
2364.76416 0.187069
2364.87085 0.183308
2364.97778 0.179625
2365.08447 0.176011
2365.19116 0.172456
2365.29785 0.16895
2365.40479 0.165487
2365.51147 0.162059
2365.61816 0.158658
2365.72485 0.155276
2365.83179 0.151907
2365.93848 0.148543
2366.04517 0.145176
2366.15186 0.141802
2366.25879 0.138429
2366.36548 0.135073
2366.47217 0.131749
2366.57910 0.128473
2366.68579 0.125262
2366.79248 0.122128
2366.89917 0.119089
2367.00610 0.116157
2367.11279 0.113349
2367.21948 0.110668
2367.32617 0.108103
2367.43311 0.105646
2367.53979 0.103284
2367.64648 0.101006
2367.75317 0.098804
2367.86011 0.096666
2367.96680 0.094581
2368.07349 0.092541
2368.18018 0.090535
2368.28711 0.08856
2368.39380 0.086614
2368.50049 0.084694
2368.60718 0.082799
2368.71411 0.080925
2368.82080 0.079071
2368.92749 0.077233
2369.03442 0.07541
2369.14111 0.0736
2369.24780 0.071806
2369.35449 0.070035
2369.46143 0.068295
2369.56812 0.066594
2369.67480 0.06494
2369.78149 0.06334
2369.88843 0.061801
2369.99512 0.060332
2370.10181 0.05894
2370.20850 0.057627
2370.31543 0.056386
2370.42212 0.055209
2370.52881 0.054088
2370.63550 0.053013
2370.74243 0.051976
2370.84912 0.05097
2370.95581 0.049985
2371.06250 0.049014
2371.16943 0.048049
2371.27612 0.047093
2371.38281 0.046148
2371.48975 0.045221
2371.59644 0.044316
2371.70312 0.043437
2371.80981 0.042588
2371.91675 0.041774
2372.02344 0.041001
2372.13013 0.040271
2372.23682 0.039585
2372.34375 0.03894
2372.45044 0.03833
2372.55713 0.037754
2372.66382 0.037206
2372.77075 0.036682
2372.87744 0.036179
2372.98413 0.035693
2373.09082 0.035219
2373.19775 0.034755
2373.30444 0.034299
2373.41113 0.03385
2373.51782 0.033406
2373.62476 0.032966
2373.73145 0.032528
2373.83813 0.032092
2373.94482 0.031656
2374.05176 0.031219
2374.15845 0.030779
2374.26514 0.030337
2374.37207 0.029896
2374.47876 0.029456
2374.58545 0.029021
2374.69214 0.02859
2374.79907 0.028167
2374.90576 0.027753
2375.01245 0.027349
2375.11914 0.026958
2375.22607 0.026579
2375.33276 0.026212
2375.43945 0.025856
2375.54614 0.02551
2375.65308 0.025173
2375.75977 0.024842
2375.86646 0.024519
2375.97314 0.024201
2376.08008 0.023887
2376.18677 0.023576
2376.29346 0.023269
2376.40015 0.022963
2376.50708 0.022659
2376.61377 0.022357
2376.72046 0.022055
2376.82739 0.021753
2376.93408 0.021451
2377.04077 0.021147
2377.14746 0.020843
2377.25439 0.020537
2377.36108 0.020232
2377.46777 0.019929
2377.57446 0.019629
2377.68140 0.019334
2377.78809 0.019044
2377.89478 0.018761
2378.00146 0.018487
2378.10840 0.018222
2378.21509 0.017967
2378.32178 0.017721
2378.42847 0.017484
2378.53540 0.017255
2378.64209 0.017033
2378.74878 0.016817
2378.85547 0.016606
2378.96240 0.0164
2379.06909 0.016198
2379.17578 0.015999
2379.28271 0.015802
2379.38940 0.015609
2379.49609 0.015417
2379.60278 0.015227
2379.70972 0.015039
2379.81641 0.014852
2379.92310 0.014666
2380.02979 0.01448
2380.13672 0.014296
2380.24341 0.014112
2380.35010 0.01393
2380.45679 0.01375
2380.56372 0.013573
2380.67041 0.013401
2380.77710 0.013234
2380.88379 0.013073
2380.99072 0.012918
2381.09741 0.01277
2381.20410 0.012631
2381.31079 0.012498
2381.41772 0.012372
2381.52441 0.012251
2381.63110 0.012135
2381.73779 0.012022
2381.84473 0.011912
2381.95142 0.011805
2382.05811 0.011698
2382.16504 0.011592
2382.27173 0.011487
2382.37842 0.011383
2382.48511 0.01128
2382.59204 0.01118
2382.69873 0.011082
2382.80542 0.010988
2382.91211 0.010898
2383.01904 0.010812
2383.12573 0.010731
2383.23242 0.010655
2383.33911 0.010583
2383.44604 0.010516
2383.55273 0.010452
2383.65942 0.010391
2383.76611 0.010334
2383.87305 0.010279
2383.97974 0.010226
2384.08643 0.010175
2384.19312 0.010125
2384.30005 0.010077
2384.40674 0.01003
2384.51343 0.009984
2384.62036 0.009939
2384.72705 0.009896
2384.83374 0.009853
2384.94043 0.009812
2385.04736 0.009771
2385.15405 0.009731
2385.26074 0.009692
2385.36743 0.009654
2385.47437 0.009617
2385.58105 0.009581
2385.68774 0.009547
2385.79443 0.009513
2385.90137 0.009481
2386.00806 0.009449
2386.11475 0.00942
2386.22144 0.009391
2386.32837 0.009364
2386.43506 0.009337
2386.54175 0.009312
2386.64844 0.009287
2386.75537 0.009263
2386.86206 0.009239
2386.96875 0.009216
2387.07568 0.009193
2387.18237 0.00917
2387.28906 0.009147
2387.39575 0.009124
2387.50269 0.0091
2387.60938 0.009076
2387.71606 0.009051
2387.82275 0.009025
2387.92969 0.008999
2388.03638 0.008971
2388.14307 0.008943
2388.24976 0.008913
2388.35669 0.008882
2388.46338 0.00885
2388.57007 0.008817
2388.67676 0.008784
2388.78369 0.00875
2388.89038 0.008715
2388.99707 0.00868
2389.10376 0.008645
2389.21069 0.00861
2389.31738 0.008574
2389.42407 0.008538
2389.53076 0.008502
2389.63770 0.008465
2389.74438 0.008428
2389.85107 0.008391
2389.95801 0.008354
2390.06470 0.008316
2390.17139 0.008277
2390.27808 0.008238
2390.38501 0.008198
2390.49170 0.008158
2390.59839 0.008117
2390.70508 0.008074
2390.81201 0.008031
2390.91870 0.007986
2391.02539 0.00794
2391.13208 0.007892
2391.23901 0.007843
2391.34570 0.007793
2391.45239 0.007742
2391.55908 0.00769
2391.66602 0.007638
2391.77271 0.007585
2391.87939 0.007532
2391.98608 0.007479
2392.09302 0.007427
2392.19971 0.007375
2392.30640 0.007324
2392.41333 0.007273
2392.52002 0.007223
2392.62671 0.007173
2392.73340 0.007123
2392.84033 0.007074
2392.94702 0.007025
2393.05371 0.006977
2393.16040 0.006929
2393.26733 0.006881
2393.37402 0.006832
2393.48071 0.006783
2393.58740 0.006733
2393.69434 0.006681
2393.80103 0.006627
2393.90771 0.006571
2394.01440 0.006513
2394.12134 0.006451
2394.22803 0.006387
2394.33472 0.006322
2394.44141 0.006256
2394.54834 0.006191
2394.65503 0.006129
2394.76172 0.006069
2394.86865 0.006015
2394.97534 0.005966
2395.08203 0.005923
2395.18872 0.005889
2395.29565 0.005862
2395.40234 0.005841
2395.50903 0.005826
2395.61572 0.005815
2395.72266 0.005807
2395.82935 0.005803
2395.93604 0.0058
2396.04272 0.005799
2396.14966 0.005798
2635.76465 0.0
