threeML/data/optical_filters/TD1/SPEC-F1960.ecsv
# %ECSV 0.9
# ---
# datatype:
# - {name: wavelength, unit: Angstrom, datatype: float32}
# - {name: response, datatype: float32}
# meta: !!omap
# - {band_name: F1960}
# - {group_name: SPEC}
wavelength response
1716.24683 0.0
1906.94092 0.010058
1907.04773 0.010124
1907.15442 0.01019
1907.26123 0.010256
1907.36792 0.010321
1907.47473 0.010387
1907.58142 0.010453
1907.68823 0.01052
1907.79504 0.010587
1907.90173 0.010655
1908.00854 0.010725
1908.11523 0.010795
1908.22205 0.010868
1908.32874 0.010941
1908.43555 0.011015
1908.54224 0.011089
1908.64905 0.011163
1908.75574 0.011236
1908.86255 0.011308
1908.96924 0.011378
1909.07605 0.011447
1909.18274 0.011514
1909.28955 0.011578
1909.39624 0.011642
1909.50305 0.011704
1909.60974 0.011765
1909.71655 0.011827
1909.82324 0.011888
1909.93005 0.01195
1910.03674 0.012013
1910.14355 0.012078
1910.25024 0.012143
1910.35706 0.01221
1910.46387 0.012277
1910.57056 0.012345
1910.67737 0.012412
1910.78406 0.012478
1910.89087 0.012543
1910.99756 0.012607
1911.10437 0.012669
1911.21106 0.012729
1911.31787 0.012787
1911.42456 0.012843
1911.53137 0.012899
1911.63806 0.012953
1911.74487 0.013007
1911.85156 0.01306
1911.95837 0.013114
1912.06506 0.013168
1912.17188 0.013222
1912.27856 0.013278
1912.38538 0.013334
1912.49207 0.013391
1912.59888 0.013448
1912.70557 0.013507
1912.81238 0.013566
1912.91907 0.013626
1913.02588 0.013687
1913.13269 0.013749
1913.23938 0.013812
1913.34619 0.013875
1913.45288 0.013939
1913.55969 0.014004
1913.66638 0.014069
1913.77319 0.014134
1913.87988 0.014199
1913.98669 0.014265
1914.09338 0.01433
1914.20020 0.014395
1914.30688 0.014461
1914.41370 0.014526
1914.52039 0.014592
1914.62720 0.014658
1914.73389 0.014724
1914.84070 0.014791
1914.94739 0.014859
1915.05420 0.014927
1915.16089 0.014997
1915.26770 0.015067
1915.37439 0.015139
1915.48120 0.015213
1915.58789 0.01529
1915.69470 0.015368
1915.80151 0.01545
1915.90820 0.015535
1916.01501 0.015624
1916.12170 0.015716
1916.22852 0.015813
1916.33521 0.015913
1916.44202 0.016016
1916.54871 0.016121
1916.65552 0.016229
1916.76221 0.016339
1916.86902 0.01645
1916.97571 0.016562
1917.08252 0.016675
1917.18921 0.016787
1917.29602 0.0169
1917.40271 0.017013
1917.50952 0.017127
1917.61621 0.017242
1917.72302 0.017357
1917.82971 0.017474
1917.93652 0.017592
1918.04321 0.017711
1918.15002 0.017831
1918.25684 0.017954
1918.36353 0.018079
1918.47034 0.018206
1918.57703 0.018337
1918.68384 0.018472
1918.79053 0.01861
1918.89734 0.018754
1919.00403 0.018902
1919.11084 0.019056
1919.21753 0.019215
1919.32434 0.019379
1919.43103 0.019548
1919.53784 0.019719
1919.64453 0.019894
1919.75134 0.02007
1919.85803 0.020247
1919.96484 0.020425
1920.07153 0.020602
1920.17834 0.020778
1920.28503 0.020953
1920.39185 0.021128
1920.49854 0.021302
1920.60535 0.021477
1920.71204 0.021651
1920.81885 0.021825
1920.92566 0.022
1921.03235 0.022176
1921.13916 0.022353
1921.24585 0.022531
1921.35266 0.022712
1921.45935 0.022897
1921.56616 0.023086
1921.67285 0.023281
1921.77966 0.023482
1921.88635 0.02369
1921.99316 0.023907
1922.09985 0.024133
1922.20667 0.024368
1922.31335 0.024612
1922.42017 0.024862
1922.52686 0.025119
1922.63367 0.02538
1922.74036 0.025644
1922.84717 0.02591
1922.95386 0.026176
1923.06067 0.026441
1923.16736 0.026705
1923.27417 0.026969
1923.38086 0.027234
1923.48767 0.027504
1923.59448 0.02778
1923.70117 0.028064
1923.80798 0.02836
1923.91467 0.028669
1924.02148 0.028993
1924.12817 0.029334
1924.23499 0.029694
1924.34167 0.030069
1924.44849 0.030459
1924.55518 0.030862
1924.66199 0.031275
1924.76868 0.031698
1924.87549 0.032127
1924.98218 0.032562
1925.08899 0.033001
1925.19568 0.033443
1925.30249 0.033887
1925.40918 0.034335
1925.51599 0.034789
1925.62268 0.035247
1925.72949 0.035712
1925.83618 0.036185
1925.94299 0.036665
1926.04980 0.037154
1926.15649 0.037653
1926.26331 0.038164
1926.37000 0.038688
1926.47681 0.039228
1926.58350 0.039786
1926.69031 0.040364
1926.79700 0.040965
1926.90381 0.041589
1927.01050 0.042241
1927.11731 0.042921
1927.22400 0.04363
1927.33081 0.044363
1927.43750 0.045118
1927.54431 0.045891
1927.65100 0.046679
1927.75781 0.047477
1927.86450 0.048283
1927.97131 0.049092
1928.07800 0.049902
1928.18481 0.050709
1928.29150 0.051514
1928.39832 0.052317
1928.50500 0.05312
1928.61182 0.053923
1928.71863 0.054728
1928.82532 0.055536
1928.93213 0.056346
1929.03882 0.057161
1929.14563 0.057982
1929.25232 0.058811
1929.35913 0.059654
1929.46582 0.060515
1929.57263 0.061399
1929.67932 0.062311
1929.78613 0.063256
1929.89282 0.064239
1929.99963 0.065265
1930.10632 0.066337
1930.21313 0.067459
1930.31982 0.068627
1930.42664 0.069839
1930.53333 0.071091
1930.64014 0.07238
1930.74683 0.073702
1930.85364 0.075055
1930.96033 0.076434
1931.06714 0.077838
1931.17383 0.079263
1931.28064 0.080711
1931.38745 0.082183
1931.49414 0.083682
1931.60095 0.085209
1931.70764 0.086767
1931.81445 0.088357
1931.92114 0.089982
1932.02795 0.091644
1932.13464 0.093345
1932.24146 0.09509
1932.34814 0.096889
1932.45496 0.098749
1932.56165 0.10068
1932.66846 0.102689
1932.77515 0.104786
1932.88196 0.106979
1932.98865 0.109276
1933.09546 0.111686
1933.20215 0.114212
1933.30896 0.116843
1933.41565 0.119568
1933.52246 0.122375
1933.62915 0.125251
1933.73596 0.128184
1933.84265 0.131163
1933.94946 0.134175
1934.05627 0.137208
1934.16296 0.140252
1934.26978 0.143307
1934.37646 0.146377
1934.48328 0.149466
1934.58997 0.152578
1934.69678 0.155717
1934.80347 0.158888
1934.91028 0.162096
1935.01697 0.165343
1935.12378 0.168636
1935.23047 0.171981
1935.33728 0.175391
1935.44397 0.17888
1935.55078 0.182459
1935.65747 0.186141
1935.76428 0.18994
1935.87097 0.193868
1935.97778 0.197937
1936.08447 0.202161
1936.19128 0.206543
1936.29797 0.21106
1936.40479 0.215683
1936.51160 0.220384
1936.61829 0.225134
1936.72510 0.229905
1936.83179 0.234669
1936.93860 0.239396
1937.04529 0.244059
1937.15210 0.248632
1937.25879 0.253126
1937.36560 0.257571
1937.47229 0.261994
1937.57910 0.266427
1937.68579 0.270899
1937.79260 0.27544
1937.89929 0.280078
1938.00610 0.284844
1938.11279 0.289767
1938.21960 0.294852
1938.32629 0.300072
1938.43311 0.305395
1938.53979 0.310791
1938.64661 0.316228
1938.75330 0.321676
1938.86011 0.327104
1938.96680 0.332481
1939.07361 0.337776
1939.18042 0.342965
1939.28711 0.348052
1939.39392 0.353049
1939.50061 0.357967
1939.60742 0.362818
1939.71411 0.367613
1939.82092 0.372364
1939.92761 0.377081
1940.03442 0.381778
1940.14111 0.386464
1940.24792 0.391153
1940.35461 0.395856
1940.46143 0.400586
1940.56812 0.405357
1940.67493 0.41018
1940.78162 0.415067
1940.88843 0.420033
1940.99512 0.425088
1941.10193 0.430245
1941.20862 0.435507
1941.31543 0.440851
1941.42212 0.446256
1941.52893 0.451698
1941.63562 0.457155
1941.74243 0.462603
1941.84924 0.468021
1941.95593 0.473384
1942.06274 0.478671
1942.16943 0.483862
1942.27625 0.488961
1942.38293 0.493981
1942.48975 0.498932
1942.59644 0.503827
1942.70325 0.508678
1942.80994 0.513495
1942.91675 0.518292
1943.02344 0.52308
1943.13025 0.527871
1943.23694 0.532674
1943.34375 0.537499
1943.45044 0.542354
1943.55725 0.547248
1943.66394 0.55219
1943.77075 0.557188
1943.87744 0.562251
1943.98425 0.567387
1944.09094 0.572605
1944.19775 0.577906
1944.30457 0.583264
1944.41125 0.588654
1944.51807 0.594048
1944.62476 0.59942
1944.73157 0.604742
1944.83826 0.609987
1944.94507 0.615128
1945.05176 0.620139
1945.15857 0.624995
1945.26526 0.6297
1945.37207 0.634269
1945.47876 0.638719
1945.58557 0.643064
1945.69226 0.647321
1945.79907 0.651504
1945.90576 0.655631
1946.01257 0.659716
1946.11926 0.663775
1946.22607 0.667825
1946.33276 0.671883
1946.43958 0.675968
1946.54626 0.680097
1946.65308 0.684288
1946.75977 0.688559
1946.86658 0.692928
1946.97339 0.697413
1947.08008 0.702031
1947.18689 0.706792
1947.29358 0.711673
1947.40039 0.716646
1947.50708 0.721684
1947.61389 0.726758
1947.72058 0.731839
1947.82739 0.7369
1947.93408 0.741912
1948.04089 0.746846
1948.14758 0.751678
1948.25439 0.756415
1948.36108 0.761082
1948.46790 0.765707
1948.57458 0.770317
1948.68140 0.774937
1948.78809 0.779595
1948.89490 0.784318
1949.00159 0.789133
1949.10840 0.794065
1949.21509 0.79912
1949.32190 0.804268
1949.42859 0.809477
1949.53540 0.814714
1949.64221 0.819945
1949.74890 0.825139
1949.85571 0.830263
1949.96240 0.835284
1950.06921 0.840169
1950.17590 0.844892
1950.28271 0.849456
1950.38940 0.853875
1950.49622 0.858159
1950.60291 0.862321
1950.70972 0.866373
1950.81641 0.870327
1950.92322 0.874195
1951.02991 0.877989
1951.13672 0.881722
1951.24341 0.885395
1951.35022 0.889006
1951.45691 0.892552
1951.56372 0.896028
1951.67041 0.899431
1951.77722 0.902759
1951.88391 0.906006
1951.99072 0.909171
1952.09753 0.912248
1952.20422 0.915235
1952.31104 0.918127
1952.41772 0.920917
1952.52454 0.923602
1952.63123 0.926175
1952.73804 0.928633
1952.84473 0.930969
1952.95154 0.933179
1953.05823 0.935257
1953.16504 0.937201
1953.27173 0.939021
1953.37854 0.940732
1953.48523 0.94235
1953.59204 0.943891
1953.69873 0.945369
1953.80554 0.946802
1953.91223 0.948204
1954.01904 0.949591
1954.12573 0.950978
1954.23254 0.952374
1954.33923 0.953779
1954.44604 0.955196
1954.55273 0.956624
1954.65955 0.958065
1954.76636 0.95952
1954.87305 0.96099
1954.97986 0.962475
1955.08655 0.963977
1955.19336 0.965495
1955.30005 0.96702
1955.40686 0.968546
1955.51355 0.970063
1955.62036 0.971563
1955.72705 0.973038
1955.83386 0.97448
1955.94055 0.97588
1956.04736 0.977231
1956.15405 0.978524
1956.26086 0.979758
1956.36755 0.980938
1956.47437 0.982066
1956.58105 0.983145
1956.68787 0.984178
1956.79456 0.985168
1956.90137 0.986119
1957.00806 0.987032
1957.11487 0.987912
1957.22156 0.98876
1957.32837 0.989578
1957.43518 0.990364
1957.54187 0.991121
1957.64868 0.991848
1957.75537 0.992546
1957.86218 0.993216
1957.96887 0.993858
1958.07568 0.994472
1958.18237 0.99506
1958.28918 0.995619
1958.39587 0.996148
1958.50269 0.996646
1958.60938 0.997111
1958.71619 0.997542
1958.82288 0.997937
1958.92969 0.998294
1959.03638 0.998612
1959.14319 0.998891
1959.24988 0.99913
1959.35669 0.999333
1959.46338 0.999502
1959.57019 0.999641
1959.67688 0.999753
1959.78369 0.99984
1959.89050 0.999906
1959.99719 0.999952
1960.10400 0.999983
1960.21069 0.999999
1960.31750 1.0
1960.42419 0.999984
1960.53101 0.99995
1960.63770 0.999896
1960.74451 0.999821
1960.85120 0.999724
1960.95801 0.999603
1961.06470 0.999457
1961.17151 0.999286
1961.27820 0.999089
1961.38501 0.998867
1961.49170 0.998621
1961.59851 0.998353
1961.70520 0.998064
1961.81201 0.997753
1961.91870 0.997423
1962.02551 0.997074
1962.13220 0.996706
1962.23901 0.99632
1962.34570 0.99591
1962.45251 0.995475
1962.55933 0.995009
1962.66602 0.994511
1962.77283 0.993976
1962.87952 0.9934
1962.98633 0.992781
1963.09302 0.992115
1963.19983 0.9914
1963.30652 0.990638
1963.41333 0.989833
1963.52002 0.988987
1963.62683 0.988103
1963.73352 0.987183
1963.84033 0.986232
1963.94702 0.985251
1964.05383 0.984244
1964.16052 0.983212
1964.26733 0.982157
1964.37402 0.981077
1964.48083 0.979971
1964.58752 0.978838
1964.69434 0.977676
1964.80103 0.976486
1964.90784 0.975265
1965.01453 0.974014
1965.12134 0.97273
1965.22815 0.971411
1965.33484 0.970053
1965.44165 0.968649
1965.54834 0.967197
1965.65515 0.965689
1965.76184 0.964122
1965.86865 0.962491
1965.97534 0.960791
1966.08215 0.959016
1966.18884 0.957166
1966.29565 0.955248
1966.40234 0.953274
1966.50916 0.951252
1966.61584 0.949194
1966.72266 0.947111
1966.82935 0.945012
1966.93616 0.942908
1967.04285 0.940809
1967.14966 0.938725
1967.25635 0.936656
1967.36316 0.934596
1967.46985 0.932538
1967.57666 0.930477
1967.68335 0.928407
1967.79016 0.926323
1967.89697 0.924218
1968.00366 0.922087
1968.11047 0.919922
1968.21716 0.917711
1968.32397 0.915425
1968.43066 0.913035
1968.53748 0.910513
1968.64417 0.907829
1968.75098 0.904954
1968.85767 0.901861
1968.96448 0.898519
1969.07117 0.894901
1969.17798 0.890986
1969.28467 0.886796
1969.39148 0.882361
1969.49817 0.877714
1969.60498 0.872886
1969.71167 0.867908
1969.81848 0.862812
1969.92517 0.857629
1970.03198 0.852391
1970.13867 0.847128
1970.24548 0.841855
1970.35229 0.836573
1970.45898 0.831285
1970.56580 0.825992
1970.67249 0.820696
1970.77930 0.815398
1970.88599 0.810101
1970.99280 0.804807
1971.09949 0.799517
1971.20630 0.79423
1971.31299 0.788942
1971.41980 0.783646
1971.52649 0.778337
1971.63330 0.773009
1971.73999 0.767655
1971.84680 0.762272
1971.95349 0.756851
1972.06030 0.751388
1972.16699 0.74588
1972.27380 0.740341
1972.38049 0.734789
1972.48730 0.729244
1972.59399 0.723726
1972.70081 0.718255
1972.80750 0.71285
1972.91431 0.707531
1973.02112 0.702317
1973.12781 0.697227
1973.23462 0.692263
1973.34131 0.68741
1973.44812 0.682653
1973.55481 0.677977
1973.66162 0.673365
1973.76831 0.668804
1973.87512 0.664277
1973.98181 0.659768
1974.08862 0.655263
1974.19531 0.650747
1974.30212 0.646207
1974.40881 0.641628
1974.51562 0.636998
1974.62231 0.632304
1974.72913 0.627533
1974.83582 0.622671
1974.94263 0.617705
1975.04932 0.612623
1975.15613 0.607413
1975.26282 0.602096
1975.36963 0.596701
1975.47632 0.591262
1975.58313 0.585811
1975.68994 0.580378
1975.79663 0.574997
1975.90344 0.569698
1976.01013 0.564514
1976.11694 0.559477
1976.22363 0.55459
1976.33044 0.549826
1976.43713 0.545154
1976.54395 0.540542
1976.65063 0.53596
1976.75745 0.531378
1976.86414 0.526764
1976.97095 0.522087
1977.07764 0.517317
1977.18445 0.512434
1977.29114 0.507456
1977.39795 0.50241
1977.50464 0.497322
1977.61145 0.49222
1977.71814 0.487131
1977.82495 0.482082
1977.93164 0.477099
1978.03845 0.472209
1978.14526 0.467438
1978.25195 0.462786
1978.35876 0.458241
1978.46545 0.45379
1978.57227 0.449418
1978.67896 0.445114
1978.78577 0.440863
1978.89246 0.436652
1978.99927 0.432468
1979.10596 0.428297
1979.21277 0.424127
1979.31946 0.419948
1979.42627 0.415746
1979.53296 0.411513
1979.63977 0.407236
1979.74646 0.402905
1979.85327 0.398509
1979.95996 0.394036
1980.06677 0.389476
1980.17346 0.384822
1980.28027 0.380087
1980.38696 0.375292
1980.49377 0.370455
1980.60046 0.365598
1980.70728 0.36074
1980.81409 0.355901
1980.92078 0.351101
1981.02759 0.346359
1981.13428 0.341694
1981.24109 0.337109
1981.34778 0.332594
1981.45459 0.328137
1981.56128 0.323726
1981.66809 0.31935
1981.77478 0.314998
1981.88159 0.310658
1981.98828 0.30632
1982.09509 0.301971
1982.20178 0.297602
1982.30859 0.293205
1982.41528 0.28877
1982.52209 0.284292
1982.62878 0.279761
1982.73560 0.275169
1982.84229 0.27051
1982.94910 0.265775
1983.05579 0.260957
1983.16260 0.256049
1983.26929 0.251071
1983.37610 0.246048
1983.48291 0.241008
1983.58960 0.235975
1983.69641 0.230977
1983.80310 0.22604
1983.90991 0.22119
1984.01660 0.216455
1984.12341 0.211859
1984.23010 0.207412
1984.33691 0.203104
1984.44360 0.198926
1984.55042 0.194868
1984.65710 0.190919
1984.76392 0.187069
1984.87061 0.183308
1984.97742 0.179625
1985.08411 0.176011
1985.19092 0.172456
1985.29761 0.16895
1985.40442 0.165487
1985.51111 0.162059
1985.61792 0.158658
1985.72461 0.155276
1985.83142 0.151907
1985.93823 0.148543
1986.04492 0.145176
1986.15173 0.141802
1986.25842 0.138429
1986.36523 0.135073
1986.47192 0.131749
1986.57874 0.128473
1986.68542 0.125262
1986.79224 0.122128
1986.89893 0.119089
1987.00574 0.116157
1987.11243 0.113349
1987.21924 0.110668
1987.32593 0.108103
1987.43274 0.105646
1987.53943 0.103284
1987.64624 0.101006
1987.75293 0.098804
1987.85974 0.096666
1987.96643 0.094581
1988.07324 0.092541
1988.17993 0.090535
1988.28674 0.08856
1988.39343 0.086614
1988.50024 0.084694
1988.60706 0.082799
1988.71375 0.080925
1988.82056 0.079071
1988.92725 0.077233
1989.03406 0.07541
1989.14075 0.0736
1989.24756 0.071806
1989.35425 0.070035
1989.46106 0.068295
1989.56775 0.066594
1989.67456 0.06494
1989.78125 0.06334
1989.88806 0.061801
1989.99475 0.060332
1990.10156 0.05894
1990.20825 0.057627
1990.31506 0.056386
1990.42175 0.055209
1990.52856 0.054088
1990.63525 0.053013
1990.74207 0.051976
1990.84875 0.05097
1990.95557 0.049985
1991.06226 0.049014
1991.16907 0.048049
1991.27588 0.047093
1991.38257 0.046148
1991.48938 0.045221
1991.59607 0.044316
1991.70288 0.043437
1991.80957 0.042588
1991.91638 0.041774
1992.02307 0.041001
1992.12988 0.040271
1992.23657 0.039585
1992.34338 0.03894
1992.45007 0.03833
1992.55688 0.037754
1992.66357 0.037206
1992.77039 0.036682
1992.87708 0.036179
1992.98389 0.035693
1993.09058 0.035219
1993.19739 0.034755
1993.30408 0.034299
1993.41089 0.03385
1993.51758 0.033406
1993.62439 0.032966
1993.73108 0.032528
1993.83789 0.032092
1993.94470 0.031656
1994.05139 0.031219
1994.15820 0.030779
1994.26489 0.030337
1994.37170 0.029896
1994.47839 0.029456
1994.58521 0.029021
1994.69189 0.02859
1994.79871 0.028167
1994.90540 0.027753
1995.01221 0.027349
1995.11890 0.026958
1995.22571 0.026579
1995.33240 0.026212
1995.43921 0.025856
1995.54590 0.02551
1995.65271 0.025173
1995.75940 0.024842
1995.86621 0.024519
1995.97290 0.024201
1996.07971 0.023887
1996.18640 0.023576
1996.29321 0.023269
1996.40002 0.022963
1996.50671 0.022659
1996.61353 0.022357
1996.72021 0.022055
1996.82703 0.021753
1996.93372 0.021451
1997.04053 0.021147
1997.14722 0.020843
1997.25403 0.020537
1997.36072 0.020232
1997.46753 0.019929
1997.57422 0.019629
1997.68103 0.019334
1997.78772 0.019044
1997.89453 0.018761
1998.00122 0.018487
1998.10803 0.018222
1998.21472 0.017967
1998.32153 0.017721
1998.42822 0.017484
1998.53503 0.017255
1998.64172 0.017033
1998.74854 0.016817
1998.85522 0.016606
1998.96204 0.0164
1999.06885 0.016198
1999.17554 0.015999
1999.28235 0.015802
1999.38904 0.015609
1999.49585 0.015417
1999.60254 0.015227
1999.70935 0.015039
1999.81604 0.014852
1999.92285 0.014666
2000.02954 0.01448
2000.13635 0.014296
2000.24304 0.014112
2000.34985 0.01393
2000.45654 0.01375
2000.56335 0.013573
2000.67004 0.013401
2000.77686 0.013234
2000.88354 0.013073
2000.99036 0.012918
2001.09705 0.01277
2001.20386 0.012631
2001.31055 0.012498
2001.41736 0.012372
2001.52405 0.012251
2001.63086 0.012135
2001.73767 0.012022
2001.84436 0.011912
2001.95117 0.011805
2002.05786 0.011698
2002.16467 0.011592
2002.27136 0.011487
2002.37817 0.011383
2002.48486 0.01128
2002.59167 0.01118
2002.69836 0.011082
2002.80518 0.010988
2002.91187 0.010898
2003.01868 0.010812
2003.12537 0.010731
2003.23218 0.010655
2003.33887 0.010583
2003.44568 0.010516
2003.55237 0.010452
2003.65918 0.010391
2003.76587 0.010334
2003.87268 0.010279
2003.97937 0.010226
2004.08618 0.010175
2004.19299 0.010125
2004.29968 0.010077
2004.40649 0.01003
2004.51318 0.009984
2004.62000 0.009939
2004.72668 0.009896
2004.83350 0.009853
2004.94019 0.009812
2005.04700 0.009771
2005.15369 0.009731
2005.26050 0.009692
2005.36719 0.009654
2005.47400 0.009617
2005.58069 0.009581
2005.68750 0.009547
2005.79419 0.009513
2005.90100 0.009481
2006.00769 0.009449
2006.11450 0.00942
2006.22119 0.009391
2006.32800 0.009364
2006.43469 0.009337
2006.54150 0.009312
2006.64819 0.009287
2006.75500 0.009263
2006.86182 0.009239
2006.96851 0.009216
2007.07532 0.009193
2007.18201 0.00917
2007.28882 0.009147
2007.39551 0.009124
2007.50232 0.0091
2007.60901 0.009076
2007.71582 0.009051
2007.82251 0.009025
2007.92932 0.008999
2008.03601 0.008971
2008.14282 0.008943
2008.24951 0.008913
2008.35632 0.008882
2008.46301 0.00885
2008.56982 0.008817
2008.67651 0.008784
2008.78333 0.00875
2008.89001 0.008715
2008.99683 0.00868
2009.10352 0.008645
2009.21033 0.00861
2009.31702 0.008574
2009.42383 0.008538
2009.53064 0.008502
2009.63733 0.008465
2009.74414 0.008428
2009.85083 0.008391
2009.95764 0.008354
2010.06433 0.008316
2010.17114 0.008277
2010.27783 0.008238
2010.38464 0.008198
2010.49133 0.008158
2010.59814 0.008117
2010.70483 0.008074
2010.81165 0.008031
2010.91833 0.007986
2011.02515 0.00794
2011.13184 0.007892
2011.23865 0.007843
2011.34534 0.007793
2011.45215 0.007742
2011.55884 0.00769
2011.66565 0.007638
2011.77234 0.007585
2011.87915 0.007532
2011.98596 0.007479
2012.09265 0.007427
2012.19946 0.007375
2012.30615 0.007324
2012.41296 0.007273
2012.51965 0.007223
2012.62646 0.007173
2012.73315 0.007123
2012.83997 0.007074
2012.94666 0.007025
2013.05347 0.006977
2013.16016 0.006929
2013.26697 0.006881
2013.37366 0.006832
2013.48047 0.006783
2013.58716 0.006733
2013.69397 0.006681
2013.80066 0.006627
2013.90747 0.006571
2014.01416 0.006513
2014.12097 0.006451
2014.22766 0.006387
2014.33447 0.006322
2014.44116 0.006256
2014.54797 0.006191
2014.65479 0.006129
2014.76147 0.006069
2014.86829 0.006015
2014.97498 0.005966
2015.08179 0.005923
2015.18848 0.005889
2015.29529 0.005862
2015.40198 0.005841
2015.50879 0.005826
2015.61548 0.005815
2015.72229 0.005807
2015.82898 0.005803
2015.93579 0.0058
2016.04248 0.005799
2016.14929 0.005798
2016.25598 0.005796
2217.88159 0.0
