threeML/data/optical_filters/TD1/SPEC-F1600.ecsv
# %ECSV 0.9
# ---
# datatype:
# - {name: wavelength, unit: Angstrom, datatype: float32}
# - {name: response, datatype: float32}
# meta: !!omap
# - {band_name: F1600}
# - {group_name: SPEC}
wavelength response
1392.24683 0.0
1546.94092 0.010058
1547.04773 0.010124
1547.15442 0.01019
1547.26123 0.010256
1547.36792 0.010321
1547.47473 0.010387
1547.58142 0.010453
1547.68823 0.01052
1547.79504 0.010587
1547.90173 0.010655
1548.00854 0.010725
1548.11523 0.010795
1548.22205 0.010868
1548.32874 0.010941
1548.43555 0.011015
1548.54224 0.011089
1548.64905 0.011163
1548.75574 0.011236
1548.86255 0.011308
1548.96924 0.011378
1549.07605 0.011447
1549.18274 0.011514
1549.28955 0.011578
1549.39624 0.011642
1549.50305 0.011704
1549.60974 0.011765
1549.71655 0.011827
1549.82324 0.011888
1549.93005 0.01195
1550.03674 0.012013
1550.14355 0.012078
1550.25024 0.012143
1550.35706 0.01221
1550.46387 0.012277
1550.57056 0.012345
1550.67737 0.012412
1550.78406 0.012478
1550.89087 0.012543
1550.99756 0.012607
1551.10437 0.012669
1551.21106 0.012729
1551.31787 0.012787
1551.42456 0.012843
1551.53137 0.012899
1551.63806 0.012953
1551.74487 0.013007
1551.85156 0.01306
1551.95837 0.013114
1552.06506 0.013168
1552.17188 0.013222
1552.27856 0.013278
1552.38538 0.013334
1552.49207 0.013391
1552.59888 0.013448
1552.70557 0.013507
1552.81238 0.013566
1552.91907 0.013626
1553.02588 0.013687
1553.13269 0.013749
1553.23938 0.013812
1553.34619 0.013875
1553.45288 0.013939
1553.55969 0.014004
1553.66638 0.014069
1553.77319 0.014134
1553.87988 0.014199
1553.98669 0.014265
1554.09338 0.01433
1554.20020 0.014395
1554.30688 0.014461
1554.41370 0.014526
1554.52039 0.014592
1554.62720 0.014658
1554.73389 0.014724
1554.84070 0.014791
1554.94739 0.014859
1555.05420 0.014927
1555.16089 0.014997
1555.26770 0.015067
1555.37439 0.015139
1555.48120 0.015213
1555.58789 0.01529
1555.69470 0.015368
1555.80151 0.01545
1555.90820 0.015535
1556.01501 0.015624
1556.12170 0.015716
1556.22852 0.015813
1556.33521 0.015913
1556.44202 0.016016
1556.54871 0.016121
1556.65552 0.016229
1556.76221 0.016339
1556.86902 0.01645
1556.97571 0.016562
1557.08252 0.016675
1557.18921 0.016787
1557.29602 0.0169
1557.40271 0.017013
1557.50952 0.017127
1557.61621 0.017242
1557.72302 0.017357
1557.82971 0.017474
1557.93652 0.017592
1558.04321 0.017711
1558.15002 0.017831
1558.25684 0.017954
1558.36353 0.018079
1558.47034 0.018206
1558.57703 0.018337
1558.68384 0.018472
1558.79053 0.01861
1558.89734 0.018754
1559.00403 0.018902
1559.11084 0.019056
1559.21753 0.019215
1559.32434 0.019379
1559.43103 0.019548
1559.53784 0.019719
1559.64453 0.019894
1559.75134 0.02007
1559.85803 0.020247
1559.96484 0.020425
1560.07153 0.020602
1560.17834 0.020778
1560.28503 0.020953
1560.39185 0.021128
1560.49854 0.021302
1560.60535 0.021477
1560.71204 0.021651
1560.81885 0.021825
1560.92566 0.022
1561.03235 0.022176
1561.13916 0.022353
1561.24585 0.022531
1561.35266 0.022712
1561.45935 0.022897
1561.56616 0.023086
1561.67285 0.023281
1561.77966 0.023482
1561.88635 0.02369
1561.99316 0.023907
1562.09985 0.024133
1562.20667 0.024368
1562.31335 0.024612
1562.42017 0.024862
1562.52686 0.025119
1562.63367 0.02538
1562.74036 0.025644
1562.84717 0.02591
1562.95386 0.026176
1563.06067 0.026441
1563.16736 0.026705
1563.27417 0.026969
1563.38086 0.027234
1563.48767 0.027504
1563.59448 0.02778
1563.70117 0.028064
1563.80798 0.02836
1563.91467 0.028669
1564.02148 0.028993
1564.12817 0.029334
1564.23499 0.029694
1564.34167 0.030069
1564.44849 0.030459
1564.55518 0.030862
1564.66199 0.031275
1564.76868 0.031698
1564.87549 0.032127
1564.98218 0.032562
1565.08899 0.033001
1565.19568 0.033443
1565.30249 0.033887
1565.40918 0.034335
1565.51599 0.034789
1565.62268 0.035247
1565.72949 0.035712
1565.83618 0.036185
1565.94299 0.036665
1566.04980 0.037154
1566.15649 0.037653
1566.26331 0.038164
1566.37000 0.038688
1566.47681 0.039228
1566.58350 0.039786
1566.69031 0.040364
1566.79700 0.040965
1566.90381 0.041589
1567.01050 0.042241
1567.11731 0.042921
1567.22400 0.04363
1567.33081 0.044363
1567.43750 0.045118
1567.54431 0.045891
1567.65100 0.046679
1567.75781 0.047477
1567.86450 0.048283
1567.97131 0.049092
1568.07800 0.049902
1568.18481 0.050709
1568.29150 0.051514
1568.39832 0.052317
1568.50500 0.05312
1568.61182 0.053923
1568.71863 0.054728
1568.82532 0.055536
1568.93213 0.056346
1569.03882 0.057161
1569.14563 0.057982
1569.25232 0.058811
1569.35913 0.059654
1569.46582 0.060515
1569.57263 0.061399
1569.67932 0.062311
1569.78613 0.063256
1569.89282 0.064239
1569.99963 0.065265
1570.10632 0.066337
1570.21313 0.067459
1570.31982 0.068627
1570.42664 0.069839
1570.53333 0.071091
1570.64014 0.07238
1570.74683 0.073702
1570.85364 0.075055
1570.96033 0.076434
1571.06714 0.077838
1571.17383 0.079263
1571.28064 0.080711
1571.38745 0.082183
1571.49414 0.083682
1571.60095 0.085209
1571.70764 0.086767
1571.81445 0.088357
1571.92114 0.089982
1572.02795 0.091644
1572.13464 0.093345
1572.24146 0.09509
1572.34814 0.096889
1572.45496 0.098749
1572.56165 0.10068
1572.66846 0.102689
1572.77515 0.104786
1572.88196 0.106979
1572.98865 0.109276
1573.09546 0.111686
1573.20215 0.114212
1573.30896 0.116843
1573.41565 0.119568
1573.52246 0.122375
1573.62915 0.125251
1573.73596 0.128184
1573.84265 0.131163
1573.94946 0.134175
1574.05627 0.137208
1574.16296 0.140252
1574.26978 0.143307
1574.37646 0.146377
1574.48328 0.149466
1574.58997 0.152578
1574.69678 0.155717
1574.80347 0.158888
1574.91028 0.162096
1575.01697 0.165343
1575.12378 0.168636
1575.23047 0.171981
1575.33728 0.175391
1575.44397 0.17888
1575.55078 0.182459
1575.65747 0.186141
1575.76428 0.18994
1575.87097 0.193868
1575.97778 0.197937
1576.08447 0.202161
1576.19128 0.206543
1576.29797 0.21106
1576.40479 0.215683
1576.51160 0.220384
1576.61829 0.225134
1576.72510 0.229905
1576.83179 0.234669
1576.93860 0.239396
1577.04529 0.244059
1577.15210 0.248632
1577.25879 0.253126
1577.36560 0.257571
1577.47229 0.261994
1577.57910 0.266427
1577.68579 0.270899
1577.79260 0.27544
1577.89929 0.280078
1578.00610 0.284844
1578.11279 0.289767
1578.21960 0.294852
1578.32629 0.300072
1578.43311 0.305395
1578.53979 0.310791
1578.64661 0.316228
1578.75330 0.321676
1578.86011 0.327104
1578.96680 0.332481
1579.07361 0.337776
1579.18042 0.342965
1579.28711 0.348052
1579.39392 0.353049
1579.50061 0.357967
1579.60742 0.362818
1579.71411 0.367613
1579.82092 0.372364
1579.92761 0.377081
1580.03442 0.381778
1580.14111 0.386464
1580.24792 0.391153
1580.35461 0.395856
1580.46143 0.400586
1580.56812 0.405357
1580.67493 0.41018
1580.78162 0.415067
1580.88843 0.420033
1580.99512 0.425088
1581.10193 0.430245
1581.20862 0.435507
1581.31543 0.440851
1581.42212 0.446256
1581.52893 0.451698
1581.63562 0.457155
1581.74243 0.462603
1581.84924 0.468021
1581.95593 0.473384
1582.06274 0.478671
1582.16943 0.483862
1582.27625 0.488961
1582.38293 0.493981
1582.48975 0.498932
1582.59644 0.503827
1582.70325 0.508678
1582.80994 0.513495
1582.91675 0.518292
1583.02344 0.52308
1583.13025 0.527871
1583.23694 0.532674
1583.34375 0.537499
1583.45044 0.542354
1583.55725 0.547248
1583.66394 0.55219
1583.77075 0.557188
1583.87744 0.562251
1583.98425 0.567387
1584.09094 0.572605
1584.19775 0.577906
1584.30457 0.583264
1584.41125 0.588654
1584.51807 0.594048
1584.62476 0.59942
1584.73157 0.604742
1584.83826 0.609987
1584.94507 0.615128
1585.05176 0.620139
1585.15857 0.624995
1585.26526 0.6297
1585.37207 0.634269
1585.47876 0.638719
1585.58557 0.643064
1585.69226 0.647321
1585.79907 0.651504
1585.90576 0.655631
1586.01257 0.659716
1586.11926 0.663775
1586.22607 0.667825
1586.33276 0.671883
1586.43958 0.675968
1586.54626 0.680097
1586.65308 0.684288
1586.75977 0.688559
1586.86658 0.692928
1586.97339 0.697413
1587.08008 0.702031
1587.18689 0.706792
1587.29358 0.711673
1587.40039 0.716646
1587.50708 0.721684
1587.61389 0.726758
1587.72058 0.731839
1587.82739 0.7369
1587.93408 0.741912
1588.04089 0.746846
1588.14758 0.751678
1588.25439 0.756415
1588.36108 0.761082
1588.46790 0.765707
1588.57458 0.770317
1588.68140 0.774937
1588.78809 0.779595
1588.89490 0.784318
1589.00159 0.789133
1589.10840 0.794065
1589.21509 0.79912
1589.32190 0.804268
1589.42859 0.809477
1589.53540 0.814714
1589.64221 0.819945
1589.74890 0.825139
1589.85571 0.830263
1589.96240 0.835284
1590.06921 0.840169
1590.17590 0.844892
1590.28271 0.849456
1590.38940 0.853875
1590.49622 0.858159
1590.60291 0.862321
1590.70972 0.866373
1590.81641 0.870327
1590.92322 0.874195
1591.02991 0.877989
1591.13672 0.881722
1591.24341 0.885395
1591.35022 0.889006
1591.45691 0.892552
1591.56372 0.896028
1591.67041 0.899431
1591.77722 0.902759
1591.88391 0.906006
1591.99072 0.909171
1592.09753 0.912248
1592.20422 0.915235
1592.31104 0.918127
1592.41772 0.920917
1592.52454 0.923602
1592.63123 0.926175
1592.73804 0.928633
1592.84473 0.930969
1592.95154 0.933179
1593.05823 0.935257
1593.16504 0.937201
1593.27173 0.939021
1593.37854 0.940732
1593.48523 0.94235
1593.59204 0.943891
1593.69873 0.945369
1593.80554 0.946802
1593.91223 0.948204
1594.01904 0.949591
1594.12573 0.950978
1594.23254 0.952374
1594.33923 0.953779
1594.44604 0.955196
1594.55273 0.956624
1594.65955 0.958065
1594.76636 0.95952
1594.87305 0.96099
1594.97986 0.962475
1595.08655 0.963977
1595.19336 0.965495
1595.30005 0.96702
1595.40686 0.968546
1595.51355 0.970063
1595.62036 0.971563
1595.72705 0.973038
1595.83386 0.97448
1595.94055 0.97588
1596.04736 0.977231
1596.15405 0.978524
1596.26086 0.979758
1596.36755 0.980938
1596.47437 0.982066
1596.58105 0.983145
1596.68787 0.984178
1596.79456 0.985168
1596.90137 0.986119
1597.00806 0.987032
1597.11487 0.987912
1597.22156 0.98876
1597.32837 0.989578
1597.43518 0.990364
1597.54187 0.991121
1597.64868 0.991848
1597.75537 0.992546
1597.86218 0.993216
1597.96887 0.993858
1598.07568 0.994472
1598.18237 0.99506
1598.28918 0.995619
1598.39587 0.996148
1598.50269 0.996646
1598.60938 0.997111
1598.71619 0.997542
1598.82288 0.997937
1598.92969 0.998294
1599.03638 0.998612
1599.14319 0.998891
1599.24988 0.99913
1599.35669 0.999333
1599.46338 0.999502
1599.57019 0.999641
1599.67688 0.999753
1599.78369 0.99984
1599.89050 0.999906
1599.99719 0.999952
1600.10400 0.999983
1600.21069 0.999999
1600.31750 1.0
1600.42419 0.999984
1600.53101 0.99995
1600.63770 0.999896
1600.74451 0.999821
1600.85120 0.999724
1600.95801 0.999603
1601.06470 0.999457
1601.17151 0.999286
1601.27820 0.999089
1601.38501 0.998867
1601.49170 0.998621
1601.59851 0.998353
1601.70520 0.998064
1601.81201 0.997753
1601.91870 0.997423
1602.02551 0.997074
1602.13220 0.996706
1602.23901 0.99632
1602.34570 0.99591
1602.45251 0.995475
1602.55933 0.995009
1602.66602 0.994511
1602.77283 0.993976
1602.87952 0.9934
1602.98633 0.992781
1603.09302 0.992115
1603.19983 0.9914
1603.30652 0.990638
1603.41333 0.989833
1603.52002 0.988987
1603.62683 0.988103
1603.73352 0.987183
1603.84033 0.986232
1603.94702 0.985251
1604.05383 0.984244
1604.16052 0.983212
1604.26733 0.982157
1604.37402 0.981077
1604.48083 0.979971
1604.58752 0.978838
1604.69434 0.977676
1604.80103 0.976486
1604.90784 0.975265
1605.01453 0.974014
1605.12134 0.97273
1605.22815 0.971411
1605.33484 0.970053
1605.44165 0.968649
1605.54834 0.967197
1605.65515 0.965689
1605.76184 0.964122
1605.86865 0.962491
1605.97534 0.960791
1606.08215 0.959016
1606.18884 0.957166
1606.29565 0.955248
1606.40234 0.953274
1606.50916 0.951252
1606.61584 0.949194
1606.72266 0.947111
1606.82935 0.945012
1606.93616 0.942908
1607.04285 0.940809
1607.14966 0.938725
1607.25635 0.936656
1607.36316 0.934596
1607.46985 0.932538
1607.57666 0.930477
1607.68335 0.928407
1607.79016 0.926323
1607.89697 0.924218
1608.00366 0.922087
1608.11047 0.919922
1608.21716 0.917711
1608.32397 0.915425
1608.43066 0.913035
1608.53748 0.910513
1608.64417 0.907829
1608.75098 0.904954
1608.85767 0.901861
1608.96448 0.898519
1609.07117 0.894901
1609.17798 0.890986
1609.28467 0.886796
1609.39148 0.882361
1609.49817 0.877714
1609.60498 0.872886
1609.71167 0.867908
1609.81848 0.862812
1609.92517 0.857629
1610.03198 0.852391
1610.13867 0.847128
1610.24548 0.841855
1610.35229 0.836573
1610.45898 0.831285
1610.56580 0.825992
1610.67249 0.820696
1610.77930 0.815398
1610.88599 0.810101
1610.99280 0.804807
1611.09949 0.799517
1611.20630 0.79423
1611.31299 0.788942
1611.41980 0.783646
1611.52649 0.778337
1611.63330 0.773009
1611.73999 0.767655
1611.84680 0.762272
1611.95349 0.756851
1612.06030 0.751388
1612.16699 0.74588
1612.27380 0.740341
1612.38049 0.734789
1612.48730 0.729244
1612.59399 0.723726
1612.70081 0.718255
1612.80750 0.71285
1612.91431 0.707531
1613.02112 0.702317
1613.12781 0.697227
1613.23462 0.692263
1613.34131 0.68741
1613.44812 0.682653
1613.55481 0.677977
1613.66162 0.673365
1613.76831 0.668804
1613.87512 0.664277
1613.98181 0.659768
1614.08862 0.655263
1614.19531 0.650747
1614.30212 0.646207
1614.40881 0.641628
1614.51562 0.636998
1614.62231 0.632304
1614.72913 0.627533
1614.83582 0.622671
1614.94263 0.617705
1615.04932 0.612623
1615.15613 0.607413
1615.26282 0.602096
1615.36963 0.596701
1615.47632 0.591262
1615.58313 0.585811
1615.68994 0.580378
1615.79663 0.574997
1615.90344 0.569698
1616.01013 0.564514
1616.11694 0.559477
1616.22363 0.55459
1616.33044 0.549826
1616.43713 0.545154
1616.54395 0.540542
1616.65063 0.53596
1616.75745 0.531378
1616.86414 0.526764
1616.97095 0.522087
1617.07764 0.517317
1617.18445 0.512434
1617.29114 0.507456
1617.39795 0.50241
1617.50464 0.497322
1617.61145 0.49222
1617.71814 0.487131
1617.82495 0.482082
1617.93164 0.477099
1618.03845 0.472209
1618.14526 0.467438
1618.25195 0.462786
1618.35876 0.458241
1618.46545 0.45379
1618.57227 0.449418
1618.67896 0.445114
1618.78577 0.440863
1618.89246 0.436652
1618.99927 0.432468
1619.10596 0.428297
1619.21277 0.424127
1619.31946 0.419948
1619.42627 0.415746
1619.53296 0.411513
1619.63977 0.407236
1619.74646 0.402905
1619.85327 0.398509
1619.95996 0.394036
1620.06677 0.389476
1620.17346 0.384822
1620.28027 0.380087
1620.38696 0.375292
1620.49377 0.370455
1620.60046 0.365598
1620.70728 0.36074
1620.81409 0.355901
1620.92078 0.351101
1621.02759 0.346359
1621.13428 0.341694
1621.24109 0.337109
1621.34778 0.332594
1621.45459 0.328137
1621.56128 0.323726
1621.66809 0.31935
1621.77478 0.314998
1621.88159 0.310658
1621.98828 0.30632
1622.09509 0.301971
1622.20178 0.297602
1622.30859 0.293205
1622.41528 0.28877
1622.52209 0.284292
1622.62878 0.279761
1622.73560 0.275169
1622.84229 0.27051
1622.94910 0.265775
1623.05579 0.260957
1623.16260 0.256049
1623.26929 0.251071
1623.37610 0.246048
1623.48291 0.241008
1623.58960 0.235975
1623.69641 0.230977
1623.80310 0.22604
1623.90991 0.22119
1624.01660 0.216455
1624.12341 0.211859
1624.23010 0.207412
1624.33691 0.203104
1624.44360 0.198926
1624.55042 0.194868
1624.65710 0.190919
1624.76392 0.187069
1624.87061 0.183308
1624.97742 0.179625
1625.08411 0.176011
1625.19092 0.172456
1625.29761 0.16895
1625.40442 0.165487
1625.51111 0.162059
1625.61792 0.158658
1625.72461 0.155276
1625.83142 0.151907
1625.93823 0.148543
1626.04492 0.145176
1626.15173 0.141802
1626.25842 0.138429
1626.36523 0.135073
1626.47192 0.131749
1626.57874 0.128473
1626.68542 0.125262
1626.79224 0.122128
1626.89893 0.119089
1627.00574 0.116157
1627.11243 0.113349
1627.21924 0.110668
1627.32593 0.108103
1627.43274 0.105646
1627.53943 0.103284
1627.64624 0.101006
1627.75293 0.098804
1627.85974 0.096666
1627.96643 0.094581
1628.07324 0.092541
1628.17993 0.090535
1628.28674 0.08856
1628.39343 0.086614
1628.50024 0.084694
1628.60706 0.082799
1628.71375 0.080925
1628.82056 0.079071
1628.92725 0.077233
1629.03406 0.07541
1629.14075 0.0736
1629.24756 0.071806
1629.35425 0.070035
1629.46106 0.068295
1629.56775 0.066594
1629.67456 0.06494
1629.78125 0.06334
1629.88806 0.061801
1629.99475 0.060332
1630.10156 0.05894
1630.20825 0.057627
1630.31506 0.056386
1630.42175 0.055209
1630.52856 0.054088
1630.63525 0.053013
1630.74207 0.051976
1630.84875 0.05097
1630.95557 0.049985
1631.06226 0.049014
1631.16907 0.048049
1631.27588 0.047093
1631.38257 0.046148
1631.48938 0.045221
1631.59607 0.044316
1631.70288 0.043437
1631.80957 0.042588
1631.91638 0.041774
1632.02307 0.041001
1632.12988 0.040271
1632.23657 0.039585
1632.34338 0.03894
1632.45007 0.03833
1632.55688 0.037754
1632.66357 0.037206
1632.77039 0.036682
1632.87708 0.036179
1632.98389 0.035693
1633.09058 0.035219
1633.19739 0.034755
1633.30408 0.034299
1633.41089 0.03385
1633.51758 0.033406
1633.62439 0.032966
1633.73108 0.032528
1633.83789 0.032092
1633.94470 0.031656
1634.05139 0.031219
1634.15820 0.030779
1634.26489 0.030337
1634.37170 0.029896
1634.47839 0.029456
1634.58521 0.029021
1634.69189 0.02859
1634.79871 0.028167
1634.90540 0.027753
1635.01221 0.027349
1635.11890 0.026958
1635.22571 0.026579
1635.33240 0.026212
1635.43921 0.025856
1635.54590 0.02551
1635.65271 0.025173
1635.75940 0.024842
1635.86621 0.024519
1635.97290 0.024201
1636.07971 0.023887
1636.18640 0.023576
1636.29321 0.023269
1636.40002 0.022963
1636.50671 0.022659
1636.61353 0.022357
1636.72021 0.022055
1636.82703 0.021753
1636.93372 0.021451
1637.04053 0.021147
1637.14722 0.020843
1637.25403 0.020537
1637.36072 0.020232
1637.46753 0.019929
1637.57422 0.019629
1637.68103 0.019334
1637.78772 0.019044
1637.89453 0.018761
1638.00122 0.018487
1638.10803 0.018222
1638.21472 0.017967
1638.32153 0.017721
1638.42822 0.017484
1638.53503 0.017255
1638.64172 0.017033
1638.74854 0.016817
1638.85522 0.016606
1638.96204 0.0164
1639.06885 0.016198
1639.17554 0.015999
1639.28235 0.015802
1639.38904 0.015609
1639.49585 0.015417
1639.60254 0.015227
1639.70935 0.015039
1639.81604 0.014852
1639.92285 0.014666
1640.02954 0.01448
1640.13635 0.014296
1640.24304 0.014112
1640.34985 0.01393
1640.45654 0.01375
1640.56335 0.013573
1640.67004 0.013401
1640.77686 0.013234
1640.88354 0.013073
1640.99036 0.012918
1641.09705 0.01277
1641.20386 0.012631
1641.31055 0.012498
1641.41736 0.012372
1641.52405 0.012251
1641.63086 0.012135
1641.73767 0.012022
1641.84436 0.011912
1641.95117 0.011805
1642.05786 0.011698
1642.16467 0.011592
1642.27136 0.011487
1642.37817 0.011383
1642.48486 0.01128
1642.59167 0.01118
1642.69836 0.011082
1642.80518 0.010988
1642.91187 0.010898
1643.01868 0.010812
1643.12537 0.010731
1643.23218 0.010655
1643.33887 0.010583
1643.44568 0.010516
1643.55237 0.010452
1643.65918 0.010391
1643.76587 0.010334
1643.87268 0.010279
1643.97937 0.010226
1644.08618 0.010175
1644.19299 0.010125
1644.29968 0.010077
1644.40649 0.01003
1644.51318 0.009984
1644.62000 0.009939
1644.72668 0.009896
1644.83350 0.009853
1644.94019 0.009812
1645.04700 0.009771
1645.15369 0.009731
1645.26050 0.009692
1645.36719 0.009654
1645.47400 0.009617
1645.58069 0.009581
1645.68750 0.009547
1645.79419 0.009513
1645.90100 0.009481
1646.00769 0.009449
1646.11450 0.00942
1646.22119 0.009391
1646.32800 0.009364
1646.43469 0.009337
1646.54150 0.009312
1646.64819 0.009287
1646.75500 0.009263
1646.86182 0.009239
1646.96851 0.009216
1647.07532 0.009193
1647.18201 0.00917
1647.28882 0.009147
1647.39551 0.009124
1647.50232 0.0091
1647.60901 0.009076
1647.71582 0.009051
1647.82251 0.009025
1647.92932 0.008999
1648.03601 0.008971
1648.14282 0.008943
1648.24951 0.008913
1648.35632 0.008882
1648.46301 0.00885
1648.56982 0.008817
1648.67651 0.008784
1648.78333 0.00875
1648.89001 0.008715
1648.99683 0.00868
1649.10352 0.008645
1649.21033 0.00861
1649.31702 0.008574
1649.42383 0.008538
1649.53064 0.008502
1649.63733 0.008465
1649.74414 0.008428
1649.85083 0.008391
1649.95764 0.008354
1650.06433 0.008316
1650.17114 0.008277
1650.27783 0.008238
1650.38464 0.008198
1650.49133 0.008158
1650.59814 0.008117
1650.70483 0.008074
1650.81165 0.008031
1650.91833 0.007986
1651.02515 0.00794
1651.13184 0.007892
1651.23865 0.007843
1651.34534 0.007793
1651.45215 0.007742
1651.55884 0.00769
1651.66565 0.007638
1651.77234 0.007585
1651.87915 0.007532
1651.98596 0.007479
1652.09265 0.007427
1652.19946 0.007375
1652.30615 0.007324
1652.41296 0.007273
1652.51965 0.007223
1652.62646 0.007173
1652.73315 0.007123
1652.83997 0.007074
1652.94666 0.007025
1653.05347 0.006977
1653.16016 0.006929
1653.26697 0.006881
1653.37366 0.006832
1653.48047 0.006783
1653.58716 0.006733
1653.69397 0.006681
1653.80066 0.006627
1653.90747 0.006571
1654.01416 0.006513
1654.12097 0.006451
1654.22766 0.006387
1654.33447 0.006322
1654.44116 0.006256
1654.54797 0.006191
1654.65479 0.006129
1654.76147 0.006069
1654.86829 0.006015
1654.97498 0.005966
1655.08179 0.005923
1655.18848 0.005889
1655.29529 0.005862
1655.40198 0.005841
1655.50879 0.005826
1655.61548 0.005815
1655.72229 0.005807
1655.82898 0.005803
1655.93579 0.0058
1656.04248 0.005799
1656.14929 0.005798
1656.25598 0.005796
1821.88159 0.0
