threeML/data/optical_filters/TD1/SPEC-F2420.ecsv
# %ECSV 0.9
# ---
# datatype:
# - {name: wavelength, unit: Angstrom, datatype: float32}
# - {name: response, datatype: float32}
# meta: !!omap
# - {band_name: F2420}
# - {group_name: SPEC}
wavelength response
2130.24707 0.0
2366.94116 0.010058
2367.04810 0.010124
2367.15479 0.01019
2367.26147 0.010256
2367.36816 0.010321
2367.47510 0.010387
2367.58179 0.010453
2367.68848 0.01052
2367.79517 0.010587
2367.90210 0.010655
2368.00879 0.010725
2368.11548 0.010795
2368.22241 0.010868
2368.32910 0.010941
2368.43579 0.011015
2368.54248 0.011089
2368.64941 0.011163
2368.75610 0.011236
2368.86279 0.011308
2368.96948 0.011378
2369.07642 0.011447
2369.18311 0.011514
2369.28979 0.011578
2369.39648 0.011642
2369.50342 0.011704
2369.61011 0.011765
2369.71680 0.011827
2369.82349 0.011888
2369.93042 0.01195
2370.03711 0.012013
2370.14380 0.012078
2370.25049 0.012143
2370.35742 0.01221
2370.46411 0.012277
2370.57080 0.012345
2370.67773 0.012412
2370.78442 0.012478
2370.89111 0.012543
2370.99780 0.012607
2371.10474 0.012669
2371.21143 0.012729
2371.31812 0.012787
2371.42480 0.012843
2371.53174 0.012899
2371.63843 0.012953
2371.74512 0.013007
2371.85181 0.01306
2371.95874 0.013114
2372.06543 0.013168
2372.17212 0.013222
2372.27881 0.013278
2372.38574 0.013334
2372.49243 0.013391
2372.59912 0.013448
2372.70581 0.013507
2372.81274 0.013566
2372.91943 0.013626
2373.02612 0.013687
2373.13281 0.013749
2373.23975 0.013812
2373.34644 0.013875
2373.45312 0.013939
2373.56006 0.014004
2373.66675 0.014069
2373.77344 0.014134
2373.88013 0.014199
2373.98706 0.014265
2374.09375 0.01433
2374.20044 0.014395
2374.30713 0.014461
2374.41406 0.014526
2374.52075 0.014592
2374.62744 0.014658
2374.73413 0.014724
2374.84106 0.014791
2374.94775 0.014859
2375.05444 0.014927
2375.16113 0.014997
2375.26807 0.015067
2375.37476 0.015139
2375.48145 0.015213
2375.58813 0.01529
2375.69507 0.015368
2375.80176 0.01545
2375.90845 0.015535
2376.01538 0.015624
2376.12207 0.015716
2376.22876 0.015813
2376.33545 0.015913
2376.44238 0.016016
2376.54907 0.016121
2376.65576 0.016229
2376.76245 0.016339
2376.86938 0.01645
2376.97607 0.016562
2377.08276 0.016675
2377.18945 0.016787
2377.29639 0.0169
2377.40308 0.017013
2377.50977 0.017127
2377.61646 0.017242
2377.72339 0.017357
2377.83008 0.017474
2377.93677 0.017592
2378.04346 0.017711
2378.15039 0.017831
2378.25708 0.017954
2378.36377 0.018079
2378.47046 0.018206
2378.57739 0.018337
2378.68408 0.018472
2378.79077 0.01861
2378.89771 0.018754
2379.00439 0.018902
2379.11108 0.019056
2379.21777 0.019215
2379.32471 0.019379
2379.43140 0.019548
2379.53809 0.019719
2379.64478 0.019894
2379.75171 0.02007
2379.85840 0.020247
2379.96509 0.020425
2380.07178 0.020602
2380.17871 0.020778
2380.28540 0.020953
2380.39209 0.021128
2380.49878 0.021302
2380.60571 0.021477
2380.71240 0.021651
2380.81909 0.021825
2380.92578 0.022
2381.03271 0.022176
2381.13940 0.022353
2381.24609 0.022531
2381.35303 0.022712
2381.45972 0.022897
2381.56641 0.023086
2381.67310 0.023281
2381.78003 0.023482
2381.88672 0.02369
2381.99341 0.023907
2382.10010 0.024133
2382.20703 0.024368
2382.31372 0.024612
2382.42041 0.024862
2382.52710 0.025119
2382.63403 0.02538
2382.74072 0.025644
2382.84741 0.02591
2382.95410 0.026176
2383.06104 0.026441
2383.16772 0.026705
2383.27441 0.026969
2383.38110 0.027234
2383.48804 0.027504
2383.59473 0.02778
2383.70142 0.028064
2383.80835 0.02836
2383.91504 0.028669
2384.02173 0.028993
2384.12842 0.029334
2384.23535 0.029694
2384.34204 0.030069
2384.44873 0.030459
2384.55542 0.030862
2384.66235 0.031275
2384.76904 0.031698
2384.87573 0.032127
2384.98242 0.032562
2385.08936 0.033001
2385.19604 0.033443
2385.30273 0.033887
2385.40942 0.034335
2385.51636 0.034789
2385.62305 0.035247
2385.72974 0.035712
2385.83643 0.036185
2385.94336 0.036665
2386.05005 0.037154
2386.15674 0.037653
2386.26343 0.038164
2386.37036 0.038688
2386.47705 0.039228
2386.58374 0.039786
2386.69067 0.040364
2386.79736 0.040965
2386.90405 0.041589
2387.01074 0.042241
2387.11768 0.042921
2387.22437 0.04363
2387.33105 0.044363
2387.43774 0.045118
2387.54468 0.045891
2387.65137 0.046679
2387.75806 0.047477
2387.86475 0.048283
2387.97168 0.049092
2388.07837 0.049902
2388.18506 0.050709
2388.29175 0.051514
2388.39868 0.052317
2388.50537 0.05312
2388.61206 0.053923
2388.71875 0.054728
2388.82568 0.055536
2388.93237 0.056346
2389.03906 0.057161
2389.14600 0.057982
2389.25269 0.058811
2389.35938 0.059654
2389.46606 0.060515
2389.57300 0.061399
2389.67969 0.062311
2389.78638 0.063256
2389.89307 0.064239
2390.00000 0.065265
2390.10669 0.066337
2390.21338 0.067459
2390.32007 0.068627
2390.42700 0.069839
2390.53369 0.071091
2390.64038 0.07238
2390.74707 0.073702
2390.85400 0.075055
2390.96069 0.076434
2391.06738 0.077838
2391.17407 0.079263
2391.28101 0.080711
2391.38770 0.082183
2391.49438 0.083682
2391.60132 0.085209
2391.70801 0.086767
2391.81470 0.088357
2391.92139 0.089982
2392.02832 0.091644
2392.13501 0.093345
2392.24170 0.09509
2392.34839 0.096889
2392.45532 0.098749
2392.56201 0.10068
2392.66870 0.102689
2392.77539 0.104786
2392.88232 0.106979
2392.98901 0.109276
2393.09570 0.111686
2393.20239 0.114212
2393.30933 0.116843
2393.41602 0.119568
2393.52271 0.122375
2393.62939 0.125251
2393.73633 0.128184
2393.84302 0.131163
2393.94971 0.134175
2394.05640 0.137208
2394.16333 0.140252
2394.27002 0.143307
2394.37671 0.146377
2394.48364 0.149466
2394.59033 0.152578
2394.69702 0.155717
2394.80371 0.158888
2394.91064 0.162096
2395.01733 0.165343
2395.12402 0.168636
2395.23071 0.171981
2395.33765 0.175391
2395.44434 0.17888
2395.55103 0.182459
2395.65771 0.186141
2395.76465 0.18994
2395.87134 0.193868
2395.97803 0.197937
2396.08472 0.202161
2396.19165 0.206543
2396.29834 0.21106
2396.40503 0.215683
2396.51172 0.220384
2396.61865 0.225134
2396.72534 0.229905
2396.83203 0.234669
2396.93896 0.239396
2397.04565 0.244059
2397.15234 0.248632
2397.25903 0.253126
2397.36597 0.257571
2397.47266 0.261994
2397.57935 0.266427
2397.68604 0.270899
2397.79297 0.27544
2397.89966 0.280078
2398.00635 0.284844
2398.11304 0.289767
2398.21997 0.294852
2398.32666 0.300072
2398.43335 0.305395
2398.54004 0.310791
2398.64697 0.316228
2398.75366 0.321676
2398.86035 0.327104
2398.96704 0.332481
2399.07397 0.337776
2399.18066 0.342965
2399.28735 0.348052
2399.39429 0.353049
2399.50098 0.357967
2399.60767 0.362818
2399.71436 0.367613
2399.82129 0.372364
2399.92798 0.377081
2400.03467 0.381778
2400.14136 0.386464
2400.24829 0.391153
2400.35498 0.395856
2400.46167 0.400586
2400.56836 0.405357
2400.67529 0.41018
2400.78198 0.415067
2400.88867 0.420033
2400.99536 0.425088
2401.10229 0.430245
2401.20898 0.435507
2401.31567 0.440851
2401.42236 0.446256
2401.52930 0.451698
2401.63599 0.457155
2401.74268 0.462603
2401.84937 0.468021
2401.95630 0.473384
2402.06299 0.478671
2402.16968 0.483862
2402.27661 0.488961
2402.38330 0.493981
2402.48999 0.498932
2402.59668 0.503827
2402.70361 0.508678
2402.81030 0.513495
2402.91699 0.518292
2403.02368 0.52308
2403.13062 0.527871
2403.23730 0.532674
2403.34399 0.537499
2403.45068 0.542354
2403.55762 0.547248
2403.66431 0.55219
2403.77100 0.557188
2403.87769 0.562251
2403.98462 0.567387
2404.09131 0.572605
2404.19800 0.577906
2404.30469 0.583264
2404.41162 0.588654
2404.51831 0.594048
2404.62500 0.59942
2404.73193 0.604742
2404.83862 0.609987
2404.94531 0.615128
2405.05200 0.620139
2405.15894 0.624995
2405.26562 0.6297
2405.37231 0.634269
2405.47900 0.638719
2405.58594 0.643064
2405.69263 0.647321
2405.79932 0.651504
2405.90601 0.655631
2406.01294 0.659716
2406.11963 0.663775
2406.22632 0.667825
2406.33301 0.671883
2406.43994 0.675968
2406.54663 0.680097
2406.65332 0.684288
2406.76001 0.688559
2406.86694 0.692928
2406.97363 0.697413
2407.08032 0.702031
2407.18726 0.706792
2407.29395 0.711673
2407.40063 0.716646
2407.50732 0.721684
2407.61426 0.726758
2407.72095 0.731839
2407.82764 0.7369
2407.93433 0.741912
2408.04126 0.746846
2408.14795 0.751678
2408.25464 0.756415
2408.36133 0.761082
2408.46826 0.765707
2408.57495 0.770317
2408.68164 0.774937
2408.78833 0.779595
2408.89526 0.784318
2409.00195 0.789133
2409.10864 0.794065
2409.21533 0.79912
2409.32227 0.804268
2409.42896 0.809477
2409.53564 0.814714
2409.64233 0.819945
2409.74927 0.825139
2409.85596 0.830263
2409.96265 0.835284
2410.06958 0.840169
2410.17627 0.844892
2410.28296 0.849456
2410.38965 0.853875
2410.49658 0.858159
2410.60327 0.862321
2410.70996 0.866373
2410.81665 0.870327
2410.92358 0.874195
2411.03027 0.877989
2411.13696 0.881722
2411.24365 0.885395
2411.35059 0.889006
2411.45728 0.892552
2411.56396 0.896028
2411.67065 0.899431
2411.77759 0.902759
2411.88428 0.906006
2411.99097 0.909171
2412.09766 0.912248
2412.20459 0.915235
2412.31128 0.918127
2412.41797 0.920917
2412.52490 0.923602
2412.63159 0.926175
2412.73828 0.928633
2412.84497 0.930969
2412.95190 0.933179
2413.05859 0.935257
2413.16528 0.937201
2413.27197 0.939021
2413.37891 0.940732
2413.48560 0.94235
2413.59229 0.943891
2413.69897 0.945369
2413.80591 0.946802
2413.91260 0.948204
2414.01929 0.949591
2414.12598 0.950978
2414.23291 0.952374
2414.33960 0.953779
2414.44629 0.955196
2414.55298 0.956624
2414.65991 0.958065
2414.76660 0.95952
2414.87329 0.96099
2414.98022 0.962475
2415.08691 0.963977
2415.19360 0.965495
2415.30029 0.96702
2415.40723 0.968546
2415.51392 0.970063
2415.62061 0.971563
2415.72729 0.973038
2415.83423 0.97448
2415.94092 0.97588
2416.04761 0.977231
2416.15430 0.978524
2416.26123 0.979758
2416.36792 0.980938
2416.47461 0.982066
2416.58130 0.983145
2416.68823 0.984178
2416.79492 0.985168
2416.90161 0.986119
2417.00830 0.987032
2417.11523 0.987912
2417.22192 0.98876
2417.32861 0.989578
2417.43530 0.990364
2417.54224 0.991121
2417.64893 0.991848
2417.75562 0.992546
2417.86255 0.993216
2417.96924 0.993858
2418.07593 0.994472
2418.18262 0.99506
2418.28955 0.995619
2418.39624 0.996148
2418.50293 0.996646
2418.60962 0.997111
2418.71655 0.997542
2418.82324 0.997937
2418.92993 0.998294
2419.03662 0.998612
2419.14355 0.998891
2419.25024 0.99913
2419.35693 0.999333
2419.46362 0.999502
2419.57056 0.999641
2419.67725 0.999753
2419.78394 0.99984
2419.89062 0.999906
2419.99756 0.999952
2420.10425 0.999983
2420.21094 0.999999
2420.31787 1.0
2420.42456 0.999984
2420.53125 0.99995
2420.63794 0.999896
2420.74487 0.999821
2420.85156 0.999724
2420.95825 0.999603
2421.06494 0.999457
2421.17188 0.999286
2421.27856 0.999089
2421.38525 0.998867
2421.49194 0.998621
2421.59888 0.998353
2421.70557 0.998064
2421.81226 0.997753
2421.91895 0.997423
2422.02588 0.997074
2422.13257 0.996706
2422.23926 0.99632
2422.34595 0.99591
2422.45288 0.995475
2422.55957 0.995009
2422.66626 0.994511
2422.77319 0.993976
2422.87988 0.9934
2422.98657 0.992781
2423.09326 0.992115
2423.20020 0.9914
2423.30688 0.990638
2423.41357 0.989833
2423.52026 0.988987
2423.62720 0.988103
2423.73389 0.987183
2423.84058 0.986232
2423.94727 0.985251
2424.05420 0.984244
2424.16089 0.983212
2424.26758 0.982157
2424.37427 0.981077
2424.48120 0.979971
2424.58789 0.978838
2424.69458 0.977676
2424.80127 0.976486
2424.90820 0.975265
2425.01489 0.974014
2425.12158 0.97273
2425.22827 0.971411
2425.33521 0.970053
2425.44189 0.968649
2425.54858 0.967197
2425.65552 0.965689
2425.76221 0.964122
2425.86890 0.962491
2425.97559 0.960791
2426.08252 0.959016
2426.18921 0.957166
2426.29590 0.955248
2426.40259 0.953274
2426.50952 0.951252
2426.61621 0.949194
2426.72290 0.947111
2426.82959 0.945012
2426.93652 0.942908
2427.04321 0.940809
2427.14990 0.938725
2427.25659 0.936656
2427.36353 0.934596
2427.47021 0.932538
2427.57690 0.930477
2427.68359 0.928407
2427.79053 0.926323
2427.89722 0.924218
2428.00391 0.922087
2428.11084 0.919922
2428.21753 0.917711
2428.32422 0.915425
2428.43091 0.913035
2428.53784 0.910513
2428.64453 0.907829
2428.75122 0.904954
2428.85791 0.901861
2428.96484 0.898519
2429.07153 0.894901
2429.17822 0.890986
2429.28491 0.886796
2429.39185 0.882361
2429.49854 0.877714
2429.60522 0.872886
2429.71191 0.867908
2429.81885 0.862812
2429.92554 0.857629
2430.03223 0.852391
2430.13892 0.847128
2430.24585 0.841855
2430.35254 0.836573
2430.45923 0.831285
2430.56592 0.825992
2430.67285 0.820696
2430.77954 0.815398
2430.88623 0.810101
2430.99316 0.804807
2431.09985 0.799517
2431.20654 0.79423
2431.31323 0.788942
2431.42017 0.783646
2431.52686 0.778337
2431.63354 0.773009
2431.74023 0.767655
2431.84717 0.762272
2431.95386 0.756851
2432.06055 0.751388
2432.16724 0.74588
2432.27417 0.740341
2432.38086 0.734789
2432.48755 0.729244
2432.59424 0.723726
2432.70117 0.718255
2432.80786 0.71285
2432.91455 0.707531
2433.02124 0.702317
2433.12817 0.697227
2433.23486 0.692263
2433.34155 0.68741
2433.44849 0.682653
2433.55518 0.677977
2433.66187 0.673365
2433.76855 0.668804
2433.87549 0.664277
2433.98218 0.659768
2434.08887 0.655263
2434.19556 0.650747
2434.30249 0.646207
2434.40918 0.641628
2434.51587 0.636998
2434.62256 0.632304
2434.72949 0.627533
2434.83618 0.622671
2434.94287 0.617705
2435.04956 0.612623
2435.15649 0.607413
2435.26318 0.602096
2435.36987 0.596701
2435.47656 0.591262
2435.58350 0.585811
2435.69019 0.580378
2435.79688 0.574997
2435.90381 0.569698
2436.01050 0.564514
2436.11719 0.559477
2436.22388 0.55459
2436.33081 0.549826
2436.43750 0.545154
2436.54419 0.540542
2436.65088 0.53596
2436.75781 0.531378
2436.86450 0.526764
2436.97119 0.522087
2437.07788 0.517317
2437.18481 0.512434
2437.29150 0.507456
2437.39819 0.50241
2437.50488 0.497322
2437.61182 0.49222
2437.71851 0.487131
2437.82520 0.482082
2437.93188 0.477099
2438.03882 0.472209
2438.14551 0.467438
2438.25220 0.462786
2438.35889 0.458241
2438.46582 0.45379
2438.57251 0.449418
2438.67920 0.445114
2438.78613 0.440863
2438.89282 0.436652
2438.99951 0.432468
2439.10620 0.428297
2439.21313 0.424127
2439.31982 0.419948
2439.42651 0.415746
2439.53320 0.411513
2439.64014 0.407236
2439.74683 0.402905
2439.85352 0.398509
2439.96021 0.394036
2440.06714 0.389476
2440.17383 0.384822
2440.28052 0.380087
2440.38721 0.375292
2440.49414 0.370455
2440.60083 0.365598
2440.70752 0.36074
2440.81421 0.355901
2440.92114 0.351101
2441.02783 0.346359
2441.13452 0.341694
2441.24146 0.337109
2441.34814 0.332594
2441.45483 0.328137
2441.56152 0.323726
2441.66846 0.31935
2441.77515 0.314998
2441.88184 0.310658
2441.98853 0.30632
2442.09546 0.301971
2442.20215 0.297602
2442.30884 0.293205
2442.41553 0.28877
2442.52246 0.284292
2442.62915 0.279761
2442.73584 0.275169
2442.84253 0.27051
2442.94946 0.265775
2443.05615 0.260957
2443.16284 0.256049
2443.26953 0.251071
2443.37646 0.246048
2443.48315 0.241008
2443.58984 0.235975
2443.69678 0.230977
2443.80347 0.22604
2443.91016 0.22119
2444.01685 0.216455
2444.12378 0.211859
2444.23047 0.207412
2444.33716 0.203104
2444.44385 0.198926
2444.55078 0.194868
2444.65747 0.190919
2444.76416 0.187069
2444.87085 0.183308
2444.97778 0.179625
2445.08447 0.176011
2445.19116 0.172456
2445.29785 0.16895
2445.40479 0.165487
2445.51147 0.162059
2445.61816 0.158658
2445.72485 0.155276
2445.83179 0.151907
2445.93848 0.148543
2446.04517 0.145176
2446.15186 0.141802
2446.25879 0.138429
2446.36548 0.135073
2446.47217 0.131749
2446.57910 0.128473
2446.68579 0.125262
2446.79248 0.122128
2446.89917 0.119089
2447.00610 0.116157
2447.11279 0.113349
2447.21948 0.110668
2447.32617 0.108103
2447.43311 0.105646
2447.53979 0.103284
2447.64648 0.101006
2447.75317 0.098804
2447.86011 0.096666
2447.96680 0.094581
2448.07349 0.092541
2448.18018 0.090535
2448.28711 0.08856
2448.39380 0.086614
2448.50049 0.084694
2448.60718 0.082799
2448.71411 0.080925
2448.82080 0.079071
2448.92749 0.077233
2449.03442 0.07541
2449.14111 0.0736
2449.24780 0.071806
2449.35449 0.070035
2449.46143 0.068295
2449.56812 0.066594
2449.67480 0.06494
2449.78149 0.06334
2449.88843 0.061801
2449.99512 0.060332
2450.10181 0.05894
2450.20850 0.057627
2450.31543 0.056386
2450.42212 0.055209
2450.52881 0.054088
2450.63550 0.053013
2450.74243 0.051976
2450.84912 0.05097
2450.95581 0.049985
2451.06250 0.049014
2451.16943 0.048049
2451.27612 0.047093
2451.38281 0.046148
2451.48975 0.045221
2451.59644 0.044316
2451.70312 0.043437
2451.80981 0.042588
2451.91675 0.041774
2452.02344 0.041001
2452.13013 0.040271
2452.23682 0.039585
2452.34375 0.03894
2452.45044 0.03833
2452.55713 0.037754
2452.66382 0.037206
2452.77075 0.036682
2452.87744 0.036179
2452.98413 0.035693
2453.09082 0.035219
2453.19775 0.034755
2453.30444 0.034299
2453.41113 0.03385
2453.51782 0.033406
2453.62476 0.032966
2453.73145 0.032528
2453.83813 0.032092
2453.94482 0.031656
2454.05176 0.031219
2454.15845 0.030779
2454.26514 0.030337
2454.37207 0.029896
2454.47876 0.029456
2454.58545 0.029021
2454.69214 0.02859
2454.79907 0.028167
2454.90576 0.027753
2455.01245 0.027349
2455.11914 0.026958
2455.22607 0.026579
2455.33276 0.026212
2455.43945 0.025856
2455.54614 0.02551
2455.65308 0.025173
2455.75977 0.024842
2455.86646 0.024519
2455.97314 0.024201
2456.08008 0.023887
2456.18677 0.023576
2456.29346 0.023269
2456.40015 0.022963
2456.50708 0.022659
2456.61377 0.022357
2456.72046 0.022055
2456.82739 0.021753
2456.93408 0.021451
2457.04077 0.021147
2457.14746 0.020843
2457.25439 0.020537
2457.36108 0.020232
2457.46777 0.019929
2457.57446 0.019629
2457.68140 0.019334
2457.78809 0.019044
2457.89478 0.018761
2458.00146 0.018487
2458.10840 0.018222
2458.21509 0.017967
2458.32178 0.017721
2458.42847 0.017484
2458.53540 0.017255
2458.64209 0.017033
2458.74878 0.016817
2458.85547 0.016606
2458.96240 0.0164
2459.06909 0.016198
2459.17578 0.015999
2459.28271 0.015802
2459.38940 0.015609
2459.49609 0.015417
2459.60278 0.015227
2459.70972 0.015039
2459.81641 0.014852
2459.92310 0.014666
2460.02979 0.01448
2460.13672 0.014296
2460.24341 0.014112
2460.35010 0.01393
2460.45679 0.01375
2460.56372 0.013573
2460.67041 0.013401
2460.77710 0.013234
2460.88379 0.013073
2460.99072 0.012918
2461.09741 0.01277
2461.20410 0.012631
2461.31079 0.012498
2461.41772 0.012372
2461.52441 0.012251
2461.63110 0.012135
2461.73779 0.012022
2461.84473 0.011912
2461.95142 0.011805
2462.05811 0.011698
2462.16504 0.011592
2462.27173 0.011487
2462.37842 0.011383
2462.48511 0.01128
2462.59204 0.01118
2462.69873 0.011082
2462.80542 0.010988
2462.91211 0.010898
2463.01904 0.010812
2463.12573 0.010731
2463.23242 0.010655
2463.33911 0.010583
2463.44604 0.010516
2463.55273 0.010452
2463.65942 0.010391
2463.76611 0.010334
2463.87305 0.010279
2463.97974 0.010226
2464.08643 0.010175
2464.19312 0.010125
2464.30005 0.010077
2464.40674 0.01003
2464.51343 0.009984
2464.62036 0.009939
2464.72705 0.009896
2464.83374 0.009853
2464.94043 0.009812
2465.04736 0.009771
2465.15405 0.009731
2465.26074 0.009692
2465.36743 0.009654
2465.47437 0.009617
2465.58105 0.009581
2465.68774 0.009547
2465.79443 0.009513
2465.90137 0.009481
2466.00806 0.009449
2466.11475 0.00942
2466.22144 0.009391
2466.32837 0.009364
2466.43506 0.009337
2466.54175 0.009312
2466.64844 0.009287
2466.75537 0.009263
2466.86206 0.009239
2466.96875 0.009216
2467.07568 0.009193
2467.18237 0.00917
2467.28906 0.009147
2467.39575 0.009124
2467.50269 0.0091
2467.60938 0.009076
2467.71606 0.009051
2467.82275 0.009025
2467.92969 0.008999
2468.03638 0.008971
2468.14307 0.008943
2468.24976 0.008913
2468.35669 0.008882
2468.46338 0.00885
2468.57007 0.008817
2468.67676 0.008784
2468.78369 0.00875
2468.89038 0.008715
2468.99707 0.00868
2469.10376 0.008645
2469.21069 0.00861
2469.31738 0.008574
2469.42407 0.008538
2469.53076 0.008502
2469.63770 0.008465
2469.74438 0.008428
2469.85107 0.008391
2469.95801 0.008354
2470.06470 0.008316
2470.17139 0.008277
2470.27808 0.008238
2470.38501 0.008198
2470.49170 0.008158
2470.59839 0.008117
2470.70508 0.008074
2470.81201 0.008031
2470.91870 0.007986
2471.02539 0.00794
2471.13208 0.007892
2471.23901 0.007843
2471.34570 0.007793
2471.45239 0.007742
2471.55908 0.00769
2471.66602 0.007638
2471.77271 0.007585
2471.87939 0.007532
2471.98608 0.007479
2472.09302 0.007427
2472.19971 0.007375
2472.30640 0.007324
2472.41333 0.007273
2472.52002 0.007223
2472.62671 0.007173
2472.73340 0.007123
2472.84033 0.007074
2472.94702 0.007025
2473.05371 0.006977
2473.16040 0.006929
2473.26733 0.006881
2473.37402 0.006832
2473.48071 0.006783
2473.58740 0.006733
2473.69434 0.006681
2473.80103 0.006627
2473.90771 0.006571
2474.01440 0.006513
2474.12134 0.006451
2474.22803 0.006387
2474.33472 0.006322
2474.44141 0.006256
2474.54834 0.006191
2474.65503 0.006129
2474.76172 0.006069
2474.86865 0.006015
2474.97534 0.005966
2475.08203 0.005923
2475.18872 0.005889
2475.29565 0.005862
2475.40234 0.005841
2475.50903 0.005826
2475.61572 0.005815
2475.72266 0.005807
2475.82935 0.005803
2475.93604 0.0058
2476.04272 0.005799
2476.14966 0.005798
2723.76465 0.0
