threeML/data/optical_filters/TD1/SPEC-F1800.ecsv
# %ECSV 0.9
# ---
# datatype:
# - {name: wavelength, unit: Angstrom, datatype: float32}
# - {name: response, datatype: float32}
# meta: !!omap
# - {band_name: F1800}
# - {group_name: SPEC}
wavelength response
1572.24683 0.0
1746.94092 0.010058
1747.04773 0.010124
1747.15442 0.01019
1747.26123 0.010256
1747.36792 0.010321
1747.47473 0.010387
1747.58142 0.010453
1747.68823 0.01052
1747.79504 0.010587
1747.90173 0.010655
1748.00854 0.010725
1748.11523 0.010795
1748.22205 0.010868
1748.32874 0.010941
1748.43555 0.011015
1748.54224 0.011089
1748.64905 0.011163
1748.75574 0.011236
1748.86255 0.011308
1748.96924 0.011378
1749.07605 0.011447
1749.18274 0.011514
1749.28955 0.011578
1749.39624 0.011642
1749.50305 0.011704
1749.60974 0.011765
1749.71655 0.011827
1749.82324 0.011888
1749.93005 0.01195
1750.03674 0.012013
1750.14355 0.012078
1750.25024 0.012143
1750.35706 0.01221
1750.46387 0.012277
1750.57056 0.012345
1750.67737 0.012412
1750.78406 0.012478
1750.89087 0.012543
1750.99756 0.012607
1751.10437 0.012669
1751.21106 0.012729
1751.31787 0.012787
1751.42456 0.012843
1751.53137 0.012899
1751.63806 0.012953
1751.74487 0.013007
1751.85156 0.01306
1751.95837 0.013114
1752.06506 0.013168
1752.17188 0.013222
1752.27856 0.013278
1752.38538 0.013334
1752.49207 0.013391
1752.59888 0.013448
1752.70557 0.013507
1752.81238 0.013566
1752.91907 0.013626
1753.02588 0.013687
1753.13269 0.013749
1753.23938 0.013812
1753.34619 0.013875
1753.45288 0.013939
1753.55969 0.014004
1753.66638 0.014069
1753.77319 0.014134
1753.87988 0.014199
1753.98669 0.014265
1754.09338 0.01433
1754.20020 0.014395
1754.30688 0.014461
1754.41370 0.014526
1754.52039 0.014592
1754.62720 0.014658
1754.73389 0.014724
1754.84070 0.014791
1754.94739 0.014859
1755.05420 0.014927
1755.16089 0.014997
1755.26770 0.015067
1755.37439 0.015139
1755.48120 0.015213
1755.58789 0.01529
1755.69470 0.015368
1755.80151 0.01545
1755.90820 0.015535
1756.01501 0.015624
1756.12170 0.015716
1756.22852 0.015813
1756.33521 0.015913
1756.44202 0.016016
1756.54871 0.016121
1756.65552 0.016229
1756.76221 0.016339
1756.86902 0.01645
1756.97571 0.016562
1757.08252 0.016675
1757.18921 0.016787
1757.29602 0.0169
1757.40271 0.017013
1757.50952 0.017127
1757.61621 0.017242
1757.72302 0.017357
1757.82971 0.017474
1757.93652 0.017592
1758.04321 0.017711
1758.15002 0.017831
1758.25684 0.017954
1758.36353 0.018079
1758.47034 0.018206
1758.57703 0.018337
1758.68384 0.018472
1758.79053 0.01861
1758.89734 0.018754
1759.00403 0.018902
1759.11084 0.019056
1759.21753 0.019215
1759.32434 0.019379
1759.43103 0.019548
1759.53784 0.019719
1759.64453 0.019894
1759.75134 0.02007
1759.85803 0.020247
1759.96484 0.020425
1760.07153 0.020602
1760.17834 0.020778
1760.28503 0.020953
1760.39185 0.021128
1760.49854 0.021302
1760.60535 0.021477
1760.71204 0.021651
1760.81885 0.021825
1760.92566 0.022
1761.03235 0.022176
1761.13916 0.022353
1761.24585 0.022531
1761.35266 0.022712
1761.45935 0.022897
1761.56616 0.023086
1761.67285 0.023281
1761.77966 0.023482
1761.88635 0.02369
1761.99316 0.023907
1762.09985 0.024133
1762.20667 0.024368
1762.31335 0.024612
1762.42017 0.024862
1762.52686 0.025119
1762.63367 0.02538
1762.74036 0.025644
1762.84717 0.02591
1762.95386 0.026176
1763.06067 0.026441
1763.16736 0.026705
1763.27417 0.026969
1763.38086 0.027234
1763.48767 0.027504
1763.59448 0.02778
1763.70117 0.028064
1763.80798 0.02836
1763.91467 0.028669
1764.02148 0.028993
1764.12817 0.029334
1764.23499 0.029694
1764.34167 0.030069
1764.44849 0.030459
1764.55518 0.030862
1764.66199 0.031275
1764.76868 0.031698
1764.87549 0.032127
1764.98218 0.032562
1765.08899 0.033001
1765.19568 0.033443
1765.30249 0.033887
1765.40918 0.034335
1765.51599 0.034789
1765.62268 0.035247
1765.72949 0.035712
1765.83618 0.036185
1765.94299 0.036665
1766.04980 0.037154
1766.15649 0.037653
1766.26331 0.038164
1766.37000 0.038688
1766.47681 0.039228
1766.58350 0.039786
1766.69031 0.040364
1766.79700 0.040965
1766.90381 0.041589
1767.01050 0.042241
1767.11731 0.042921
1767.22400 0.04363
1767.33081 0.044363
1767.43750 0.045118
1767.54431 0.045891
1767.65100 0.046679
1767.75781 0.047477
1767.86450 0.048283
1767.97131 0.049092
1768.07800 0.049902
1768.18481 0.050709
1768.29150 0.051514
1768.39832 0.052317
1768.50500 0.05312
1768.61182 0.053923
1768.71863 0.054728
1768.82532 0.055536
1768.93213 0.056346
1769.03882 0.057161
1769.14563 0.057982
1769.25232 0.058811
1769.35913 0.059654
1769.46582 0.060515
1769.57263 0.061399
1769.67932 0.062311
1769.78613 0.063256
1769.89282 0.064239
1769.99963 0.065265
1770.10632 0.066337
1770.21313 0.067459
1770.31982 0.068627
1770.42664 0.069839
1770.53333 0.071091
1770.64014 0.07238
1770.74683 0.073702
1770.85364 0.075055
1770.96033 0.076434
1771.06714 0.077838
1771.17383 0.079263
1771.28064 0.080711
1771.38745 0.082183
1771.49414 0.083682
1771.60095 0.085209
1771.70764 0.086767
1771.81445 0.088357
1771.92114 0.089982
1772.02795 0.091644
1772.13464 0.093345
1772.24146 0.09509
1772.34814 0.096889
1772.45496 0.098749
1772.56165 0.10068
1772.66846 0.102689
1772.77515 0.104786
1772.88196 0.106979
1772.98865 0.109276
1773.09546 0.111686
1773.20215 0.114212
1773.30896 0.116843
1773.41565 0.119568
1773.52246 0.122375
1773.62915 0.125251
1773.73596 0.128184
1773.84265 0.131163
1773.94946 0.134175
1774.05627 0.137208
1774.16296 0.140252
1774.26978 0.143307
1774.37646 0.146377
1774.48328 0.149466
1774.58997 0.152578
1774.69678 0.155717
1774.80347 0.158888
1774.91028 0.162096
1775.01697 0.165343
1775.12378 0.168636
1775.23047 0.171981
1775.33728 0.175391
1775.44397 0.17888
1775.55078 0.182459
1775.65747 0.186141
1775.76428 0.18994
1775.87097 0.193868
1775.97778 0.197937
1776.08447 0.202161
1776.19128 0.206543
1776.29797 0.21106
1776.40479 0.215683
1776.51160 0.220384
1776.61829 0.225134
1776.72510 0.229905
1776.83179 0.234669
1776.93860 0.239396
1777.04529 0.244059
1777.15210 0.248632
1777.25879 0.253126
1777.36560 0.257571
1777.47229 0.261994
1777.57910 0.266427
1777.68579 0.270899
1777.79260 0.27544
1777.89929 0.280078
1778.00610 0.284844
1778.11279 0.289767
1778.21960 0.294852
1778.32629 0.300072
1778.43311 0.305395
1778.53979 0.310791
1778.64661 0.316228
1778.75330 0.321676
1778.86011 0.327104
1778.96680 0.332481
1779.07361 0.337776
1779.18042 0.342965
1779.28711 0.348052
1779.39392 0.353049
1779.50061 0.357967
1779.60742 0.362818
1779.71411 0.367613
1779.82092 0.372364
1779.92761 0.377081
1780.03442 0.381778
1780.14111 0.386464
1780.24792 0.391153
1780.35461 0.395856
1780.46143 0.400586
1780.56812 0.405357
1780.67493 0.41018
1780.78162 0.415067
1780.88843 0.420033
1780.99512 0.425088
1781.10193 0.430245
1781.20862 0.435507
1781.31543 0.440851
1781.42212 0.446256
1781.52893 0.451698
1781.63562 0.457155
1781.74243 0.462603
1781.84924 0.468021
1781.95593 0.473384
1782.06274 0.478671
1782.16943 0.483862
1782.27625 0.488961
1782.38293 0.493981
1782.48975 0.498932
1782.59644 0.503827
1782.70325 0.508678
1782.80994 0.513495
1782.91675 0.518292
1783.02344 0.52308
1783.13025 0.527871
1783.23694 0.532674
1783.34375 0.537499
1783.45044 0.542354
1783.55725 0.547248
1783.66394 0.55219
1783.77075 0.557188
1783.87744 0.562251
1783.98425 0.567387
1784.09094 0.572605
1784.19775 0.577906
1784.30457 0.583264
1784.41125 0.588654
1784.51807 0.594048
1784.62476 0.59942
1784.73157 0.604742
1784.83826 0.609987
1784.94507 0.615128
1785.05176 0.620139
1785.15857 0.624995
1785.26526 0.6297
1785.37207 0.634269
1785.47876 0.638719
1785.58557 0.643064
1785.69226 0.647321
1785.79907 0.651504
1785.90576 0.655631
1786.01257 0.659716
1786.11926 0.663775
1786.22607 0.667825
1786.33276 0.671883
1786.43958 0.675968
1786.54626 0.680097
1786.65308 0.684288
1786.75977 0.688559
1786.86658 0.692928
1786.97339 0.697413
1787.08008 0.702031
1787.18689 0.706792
1787.29358 0.711673
1787.40039 0.716646
1787.50708 0.721684
1787.61389 0.726758
1787.72058 0.731839
1787.82739 0.7369
1787.93408 0.741912
1788.04089 0.746846
1788.14758 0.751678
1788.25439 0.756415
1788.36108 0.761082
1788.46790 0.765707
1788.57458 0.770317
1788.68140 0.774937
1788.78809 0.779595
1788.89490 0.784318
1789.00159 0.789133
1789.10840 0.794065
1789.21509 0.79912
1789.32190 0.804268
1789.42859 0.809477
1789.53540 0.814714
1789.64221 0.819945
1789.74890 0.825139
1789.85571 0.830263
1789.96240 0.835284
1790.06921 0.840169
1790.17590 0.844892
1790.28271 0.849456
1790.38940 0.853875
1790.49622 0.858159
1790.60291 0.862321
1790.70972 0.866373
1790.81641 0.870327
1790.92322 0.874195
1791.02991 0.877989
1791.13672 0.881722
1791.24341 0.885395
1791.35022 0.889006
1791.45691 0.892552
1791.56372 0.896028
1791.67041 0.899431
1791.77722 0.902759
1791.88391 0.906006
1791.99072 0.909171
1792.09753 0.912248
1792.20422 0.915235
1792.31104 0.918127
1792.41772 0.920917
1792.52454 0.923602
1792.63123 0.926175
1792.73804 0.928633
1792.84473 0.930969
1792.95154 0.933179
1793.05823 0.935257
1793.16504 0.937201
1793.27173 0.939021
1793.37854 0.940732
1793.48523 0.94235
1793.59204 0.943891
1793.69873 0.945369
1793.80554 0.946802
1793.91223 0.948204
1794.01904 0.949591
1794.12573 0.950978
1794.23254 0.952374
1794.33923 0.953779
1794.44604 0.955196
1794.55273 0.956624
1794.65955 0.958065
1794.76636 0.95952
1794.87305 0.96099
1794.97986 0.962475
1795.08655 0.963977
1795.19336 0.965495
1795.30005 0.96702
1795.40686 0.968546
1795.51355 0.970063
1795.62036 0.971563
1795.72705 0.973038
1795.83386 0.97448
1795.94055 0.97588
1796.04736 0.977231
1796.15405 0.978524
1796.26086 0.979758
1796.36755 0.980938
1796.47437 0.982066
1796.58105 0.983145
1796.68787 0.984178
1796.79456 0.985168
1796.90137 0.986119
1797.00806 0.987032
1797.11487 0.987912
1797.22156 0.98876
1797.32837 0.989578
1797.43518 0.990364
1797.54187 0.991121
1797.64868 0.991848
1797.75537 0.992546
1797.86218 0.993216
1797.96887 0.993858
1798.07568 0.994472
1798.18237 0.99506
1798.28918 0.995619
1798.39587 0.996148
1798.50269 0.996646
1798.60938 0.997111
1798.71619 0.997542
1798.82288 0.997937
1798.92969 0.998294
1799.03638 0.998612
1799.14319 0.998891
1799.24988 0.99913
1799.35669 0.999333
1799.46338 0.999502
1799.57019 0.999641
1799.67688 0.999753
1799.78369 0.99984
1799.89050 0.999906
1799.99719 0.999952
1800.10400 0.999983
1800.21069 0.999999
1800.31750 1.0
1800.42419 0.999984
1800.53101 0.99995
1800.63770 0.999896
1800.74451 0.999821
1800.85120 0.999724
1800.95801 0.999603
1801.06470 0.999457
1801.17151 0.999286
1801.27820 0.999089
1801.38501 0.998867
1801.49170 0.998621
1801.59851 0.998353
1801.70520 0.998064
1801.81201 0.997753
1801.91870 0.997423
1802.02551 0.997074
1802.13220 0.996706
1802.23901 0.99632
1802.34570 0.99591
1802.45251 0.995475
1802.55933 0.995009
1802.66602 0.994511
1802.77283 0.993976
1802.87952 0.9934
1802.98633 0.992781
1803.09302 0.992115
1803.19983 0.9914
1803.30652 0.990638
1803.41333 0.989833
1803.52002 0.988987
1803.62683 0.988103
1803.73352 0.987183
1803.84033 0.986232
1803.94702 0.985251
1804.05383 0.984244
1804.16052 0.983212
1804.26733 0.982157
1804.37402 0.981077
1804.48083 0.979971
1804.58752 0.978838
1804.69434 0.977676
1804.80103 0.976486
1804.90784 0.975265
1805.01453 0.974014
1805.12134 0.97273
1805.22815 0.971411
1805.33484 0.970053
1805.44165 0.968649
1805.54834 0.967197
1805.65515 0.965689
1805.76184 0.964122
1805.86865 0.962491
1805.97534 0.960791
1806.08215 0.959016
1806.18884 0.957166
1806.29565 0.955248
1806.40234 0.953274
1806.50916 0.951252
1806.61584 0.949194
1806.72266 0.947111
1806.82935 0.945012
1806.93616 0.942908
1807.04285 0.940809
1807.14966 0.938725
1807.25635 0.936656
1807.36316 0.934596
1807.46985 0.932538
1807.57666 0.930477
1807.68335 0.928407
1807.79016 0.926323
1807.89697 0.924218
1808.00366 0.922087
1808.11047 0.919922
1808.21716 0.917711
1808.32397 0.915425
1808.43066 0.913035
1808.53748 0.910513
1808.64417 0.907829
1808.75098 0.904954
1808.85767 0.901861
1808.96448 0.898519
1809.07117 0.894901
1809.17798 0.890986
1809.28467 0.886796
1809.39148 0.882361
1809.49817 0.877714
1809.60498 0.872886
1809.71167 0.867908
1809.81848 0.862812
1809.92517 0.857629
1810.03198 0.852391
1810.13867 0.847128
1810.24548 0.841855
1810.35229 0.836573
1810.45898 0.831285
1810.56580 0.825992
1810.67249 0.820696
1810.77930 0.815398
1810.88599 0.810101
1810.99280 0.804807
1811.09949 0.799517
1811.20630 0.79423
1811.31299 0.788942
1811.41980 0.783646
1811.52649 0.778337
1811.63330 0.773009
1811.73999 0.767655
1811.84680 0.762272
1811.95349 0.756851
1812.06030 0.751388
1812.16699 0.74588
1812.27380 0.740341
1812.38049 0.734789
1812.48730 0.729244
1812.59399 0.723726
1812.70081 0.718255
1812.80750 0.71285
1812.91431 0.707531
1813.02112 0.702317
1813.12781 0.697227
1813.23462 0.692263
1813.34131 0.68741
1813.44812 0.682653
1813.55481 0.677977
1813.66162 0.673365
1813.76831 0.668804
1813.87512 0.664277
1813.98181 0.659768
1814.08862 0.655263
1814.19531 0.650747
1814.30212 0.646207
1814.40881 0.641628
1814.51562 0.636998
1814.62231 0.632304
1814.72913 0.627533
1814.83582 0.622671
1814.94263 0.617705
1815.04932 0.612623
1815.15613 0.607413
1815.26282 0.602096
1815.36963 0.596701
1815.47632 0.591262
1815.58313 0.585811
1815.68994 0.580378
1815.79663 0.574997
1815.90344 0.569698
1816.01013 0.564514
1816.11694 0.559477
1816.22363 0.55459
1816.33044 0.549826
1816.43713 0.545154
1816.54395 0.540542
1816.65063 0.53596
1816.75745 0.531378
1816.86414 0.526764
1816.97095 0.522087
1817.07764 0.517317
1817.18445 0.512434
1817.29114 0.507456
1817.39795 0.50241
1817.50464 0.497322
1817.61145 0.49222
1817.71814 0.487131
1817.82495 0.482082
1817.93164 0.477099
1818.03845 0.472209
1818.14526 0.467438
1818.25195 0.462786
1818.35876 0.458241
1818.46545 0.45379
1818.57227 0.449418
1818.67896 0.445114
1818.78577 0.440863
1818.89246 0.436652
1818.99927 0.432468
1819.10596 0.428297
1819.21277 0.424127
1819.31946 0.419948
1819.42627 0.415746
1819.53296 0.411513
1819.63977 0.407236
1819.74646 0.402905
1819.85327 0.398509
1819.95996 0.394036
1820.06677 0.389476
1820.17346 0.384822
1820.28027 0.380087
1820.38696 0.375292
1820.49377 0.370455
1820.60046 0.365598
1820.70728 0.36074
1820.81409 0.355901
1820.92078 0.351101
1821.02759 0.346359
1821.13428 0.341694
1821.24109 0.337109
1821.34778 0.332594
1821.45459 0.328137
1821.56128 0.323726
1821.66809 0.31935
1821.77478 0.314998
1821.88159 0.310658
1821.98828 0.30632
1822.09509 0.301971
1822.20178 0.297602
1822.30859 0.293205
1822.41528 0.28877
1822.52209 0.284292
1822.62878 0.279761
1822.73560 0.275169
1822.84229 0.27051
1822.94910 0.265775
1823.05579 0.260957
1823.16260 0.256049
1823.26929 0.251071
1823.37610 0.246048
1823.48291 0.241008
1823.58960 0.235975
1823.69641 0.230977
1823.80310 0.22604
1823.90991 0.22119
1824.01660 0.216455
1824.12341 0.211859
1824.23010 0.207412
1824.33691 0.203104
1824.44360 0.198926
1824.55042 0.194868
1824.65710 0.190919
1824.76392 0.187069
1824.87061 0.183308
1824.97742 0.179625
1825.08411 0.176011
1825.19092 0.172456
1825.29761 0.16895
1825.40442 0.165487
1825.51111 0.162059
1825.61792 0.158658
1825.72461 0.155276
1825.83142 0.151907
1825.93823 0.148543
1826.04492 0.145176
1826.15173 0.141802
1826.25842 0.138429
1826.36523 0.135073
1826.47192 0.131749
1826.57874 0.128473
1826.68542 0.125262
1826.79224 0.122128
1826.89893 0.119089
1827.00574 0.116157
1827.11243 0.113349
1827.21924 0.110668
1827.32593 0.108103
1827.43274 0.105646
1827.53943 0.103284
1827.64624 0.101006
1827.75293 0.098804
1827.85974 0.096666
1827.96643 0.094581
1828.07324 0.092541
1828.17993 0.090535
1828.28674 0.08856
1828.39343 0.086614
1828.50024 0.084694
1828.60706 0.082799
1828.71375 0.080925
1828.82056 0.079071
1828.92725 0.077233
1829.03406 0.07541
1829.14075 0.0736
1829.24756 0.071806
1829.35425 0.070035
1829.46106 0.068295
1829.56775 0.066594
1829.67456 0.06494
1829.78125 0.06334
1829.88806 0.061801
1829.99475 0.060332
1830.10156 0.05894
1830.20825 0.057627
1830.31506 0.056386
1830.42175 0.055209
1830.52856 0.054088
1830.63525 0.053013
1830.74207 0.051976
1830.84875 0.05097
1830.95557 0.049985
1831.06226 0.049014
1831.16907 0.048049
1831.27588 0.047093
1831.38257 0.046148
1831.48938 0.045221
1831.59607 0.044316
1831.70288 0.043437
1831.80957 0.042588
1831.91638 0.041774
1832.02307 0.041001
1832.12988 0.040271
1832.23657 0.039585
1832.34338 0.03894
1832.45007 0.03833
1832.55688 0.037754
1832.66357 0.037206
1832.77039 0.036682
1832.87708 0.036179
1832.98389 0.035693
1833.09058 0.035219
1833.19739 0.034755
1833.30408 0.034299
1833.41089 0.03385
1833.51758 0.033406
1833.62439 0.032966
1833.73108 0.032528
1833.83789 0.032092
1833.94470 0.031656
1834.05139 0.031219
1834.15820 0.030779
1834.26489 0.030337
1834.37170 0.029896
1834.47839 0.029456
1834.58521 0.029021
1834.69189 0.02859
1834.79871 0.028167
1834.90540 0.027753
1835.01221 0.027349
1835.11890 0.026958
1835.22571 0.026579
1835.33240 0.026212
1835.43921 0.025856
1835.54590 0.02551
1835.65271 0.025173
1835.75940 0.024842
1835.86621 0.024519
1835.97290 0.024201
1836.07971 0.023887
1836.18640 0.023576
1836.29321 0.023269
1836.40002 0.022963
1836.50671 0.022659
1836.61353 0.022357
1836.72021 0.022055
1836.82703 0.021753
1836.93372 0.021451
1837.04053 0.021147
1837.14722 0.020843
1837.25403 0.020537
1837.36072 0.020232
1837.46753 0.019929
1837.57422 0.019629
1837.68103 0.019334
1837.78772 0.019044
1837.89453 0.018761
1838.00122 0.018487
1838.10803 0.018222
1838.21472 0.017967
1838.32153 0.017721
1838.42822 0.017484
1838.53503 0.017255
1838.64172 0.017033
1838.74854 0.016817
1838.85522 0.016606
1838.96204 0.0164
1839.06885 0.016198
1839.17554 0.015999
1839.28235 0.015802
1839.38904 0.015609
1839.49585 0.015417
1839.60254 0.015227
1839.70935 0.015039
1839.81604 0.014852
1839.92285 0.014666
1840.02954 0.01448
1840.13635 0.014296
1840.24304 0.014112
1840.34985 0.01393
1840.45654 0.01375
1840.56335 0.013573
1840.67004 0.013401
1840.77686 0.013234
1840.88354 0.013073
1840.99036 0.012918
1841.09705 0.01277
1841.20386 0.012631
1841.31055 0.012498
1841.41736 0.012372
1841.52405 0.012251
1841.63086 0.012135
1841.73767 0.012022
1841.84436 0.011912
1841.95117 0.011805
1842.05786 0.011698
1842.16467 0.011592
1842.27136 0.011487
1842.37817 0.011383
1842.48486 0.01128
1842.59167 0.01118
1842.69836 0.011082
1842.80518 0.010988
1842.91187 0.010898
1843.01868 0.010812
1843.12537 0.010731
1843.23218 0.010655
1843.33887 0.010583
1843.44568 0.010516
1843.55237 0.010452
1843.65918 0.010391
1843.76587 0.010334
1843.87268 0.010279
1843.97937 0.010226
1844.08618 0.010175
1844.19299 0.010125
1844.29968 0.010077
1844.40649 0.01003
1844.51318 0.009984
1844.62000 0.009939
1844.72668 0.009896
1844.83350 0.009853
1844.94019 0.009812
1845.04700 0.009771
1845.15369 0.009731
1845.26050 0.009692
1845.36719 0.009654
1845.47400 0.009617
1845.58069 0.009581
1845.68750 0.009547
1845.79419 0.009513
1845.90100 0.009481
1846.00769 0.009449
1846.11450 0.00942
1846.22119 0.009391
1846.32800 0.009364
1846.43469 0.009337
1846.54150 0.009312
1846.64819 0.009287
1846.75500 0.009263
1846.86182 0.009239
1846.96851 0.009216
1847.07532 0.009193
1847.18201 0.00917
1847.28882 0.009147
1847.39551 0.009124
1847.50232 0.0091
1847.60901 0.009076
1847.71582 0.009051
1847.82251 0.009025
1847.92932 0.008999
1848.03601 0.008971
1848.14282 0.008943
1848.24951 0.008913
1848.35632 0.008882
1848.46301 0.00885
1848.56982 0.008817
1848.67651 0.008784
1848.78333 0.00875
1848.89001 0.008715
1848.99683 0.00868
1849.10352 0.008645
1849.21033 0.00861
1849.31702 0.008574
1849.42383 0.008538
1849.53064 0.008502
1849.63733 0.008465
1849.74414 0.008428
1849.85083 0.008391
1849.95764 0.008354
1850.06433 0.008316
1850.17114 0.008277
1850.27783 0.008238
1850.38464 0.008198
1850.49133 0.008158
1850.59814 0.008117
1850.70483 0.008074
1850.81165 0.008031
1850.91833 0.007986
1851.02515 0.00794
1851.13184 0.007892
1851.23865 0.007843
1851.34534 0.007793
1851.45215 0.007742
1851.55884 0.00769
1851.66565 0.007638
1851.77234 0.007585
1851.87915 0.007532
1851.98596 0.007479
1852.09265 0.007427
1852.19946 0.007375
1852.30615 0.007324
1852.41296 0.007273
1852.51965 0.007223
1852.62646 0.007173
1852.73315 0.007123
1852.83997 0.007074
1852.94666 0.007025
1853.05347 0.006977
1853.16016 0.006929
1853.26697 0.006881
1853.37366 0.006832
1853.48047 0.006783
1853.58716 0.006733
1853.69397 0.006681
1853.80066 0.006627
1853.90747 0.006571
1854.01416 0.006513
1854.12097 0.006451
1854.22766 0.006387
1854.33447 0.006322
1854.44116 0.006256
1854.54797 0.006191
1854.65479 0.006129
1854.76147 0.006069
1854.86829 0.006015
1854.97498 0.005966
1855.08179 0.005923
1855.18848 0.005889
1855.29529 0.005862
1855.40198 0.005841
1855.50879 0.005826
1855.61548 0.005815
1855.72229 0.005807
1855.82898 0.005803
1855.93579 0.0058
1856.04248 0.005799
1856.14929 0.005798
1856.25598 0.005796
2041.88159 0.0
