threeML/data/optical_filters/TD1/SPEC-F2440.ecsv
# %ECSV 0.9
# ---
# datatype:
# - {name: wavelength, unit: Angstrom, datatype: float32}
# - {name: response, datatype: float32}
# meta: !!omap
# - {band_name: F2440}
# - {group_name: SPEC}
wavelength response
2148.24707 0.0
2386.94116 0.010058
2387.04810 0.010124
2387.15479 0.01019
2387.26147 0.010256
2387.36816 0.010321
2387.47510 0.010387
2387.58179 0.010453
2387.68848 0.01052
2387.79517 0.010587
2387.90210 0.010655
2388.00879 0.010725
2388.11548 0.010795
2388.22241 0.010868
2388.32910 0.010941
2388.43579 0.011015
2388.54248 0.011089
2388.64941 0.011163
2388.75610 0.011236
2388.86279 0.011308
2388.96948 0.011378
2389.07642 0.011447
2389.18311 0.011514
2389.28979 0.011578
2389.39648 0.011642
2389.50342 0.011704
2389.61011 0.011765
2389.71680 0.011827
2389.82349 0.011888
2389.93042 0.01195
2390.03711 0.012013
2390.14380 0.012078
2390.25049 0.012143
2390.35742 0.01221
2390.46411 0.012277
2390.57080 0.012345
2390.67773 0.012412
2390.78442 0.012478
2390.89111 0.012543
2390.99780 0.012607
2391.10474 0.012669
2391.21143 0.012729
2391.31812 0.012787
2391.42480 0.012843
2391.53174 0.012899
2391.63843 0.012953
2391.74512 0.013007
2391.85181 0.01306
2391.95874 0.013114
2392.06543 0.013168
2392.17212 0.013222
2392.27881 0.013278
2392.38574 0.013334
2392.49243 0.013391
2392.59912 0.013448
2392.70581 0.013507
2392.81274 0.013566
2392.91943 0.013626
2393.02612 0.013687
2393.13281 0.013749
2393.23975 0.013812
2393.34644 0.013875
2393.45312 0.013939
2393.56006 0.014004
2393.66675 0.014069
2393.77344 0.014134
2393.88013 0.014199
2393.98706 0.014265
2394.09375 0.01433
2394.20044 0.014395
2394.30713 0.014461
2394.41406 0.014526
2394.52075 0.014592
2394.62744 0.014658
2394.73413 0.014724
2394.84106 0.014791
2394.94775 0.014859
2395.05444 0.014927
2395.16113 0.014997
2395.26807 0.015067
2395.37476 0.015139
2395.48145 0.015213
2395.58813 0.01529
2395.69507 0.015368
2395.80176 0.01545
2395.90845 0.015535
2396.01538 0.015624
2396.12207 0.015716
2396.22876 0.015813
2396.33545 0.015913
2396.44238 0.016016
2396.54907 0.016121
2396.65576 0.016229
2396.76245 0.016339
2396.86938 0.01645
2396.97607 0.016562
2397.08276 0.016675
2397.18945 0.016787
2397.29639 0.0169
2397.40308 0.017013
2397.50977 0.017127
2397.61646 0.017242
2397.72339 0.017357
2397.83008 0.017474
2397.93677 0.017592
2398.04346 0.017711
2398.15039 0.017831
2398.25708 0.017954
2398.36377 0.018079
2398.47046 0.018206
2398.57739 0.018337
2398.68408 0.018472
2398.79077 0.01861
2398.89771 0.018754
2399.00439 0.018902
2399.11108 0.019056
2399.21777 0.019215
2399.32471 0.019379
2399.43140 0.019548
2399.53809 0.019719
2399.64478 0.019894
2399.75171 0.02007
2399.85840 0.020247
2399.96509 0.020425
2400.07178 0.020602
2400.17871 0.020778
2400.28540 0.020953
2400.39209 0.021128
2400.49878 0.021302
2400.60571 0.021477
2400.71240 0.021651
2400.81909 0.021825
2400.92578 0.022
2401.03271 0.022176
2401.13940 0.022353
2401.24609 0.022531
2401.35303 0.022712
2401.45972 0.022897
2401.56641 0.023086
2401.67310 0.023281
2401.78003 0.023482
2401.88672 0.02369
2401.99341 0.023907
2402.10010 0.024133
2402.20703 0.024368
2402.31372 0.024612
2402.42041 0.024862
2402.52710 0.025119
2402.63403 0.02538
2402.74072 0.025644
2402.84741 0.02591
2402.95410 0.026176
2403.06104 0.026441
2403.16772 0.026705
2403.27441 0.026969
2403.38110 0.027234
2403.48804 0.027504
2403.59473 0.02778
2403.70142 0.028064
2403.80835 0.02836
2403.91504 0.028669
2404.02173 0.028993
2404.12842 0.029334
2404.23535 0.029694
2404.34204 0.030069
2404.44873 0.030459
2404.55542 0.030862
2404.66235 0.031275
2404.76904 0.031698
2404.87573 0.032127
2404.98242 0.032562
2405.08936 0.033001
2405.19604 0.033443
2405.30273 0.033887
2405.40942 0.034335
2405.51636 0.034789
2405.62305 0.035247
2405.72974 0.035712
2405.83643 0.036185
2405.94336 0.036665
2406.05005 0.037154
2406.15674 0.037653
2406.26343 0.038164
2406.37036 0.038688
2406.47705 0.039228
2406.58374 0.039786
2406.69067 0.040364
2406.79736 0.040965
2406.90405 0.041589
2407.01074 0.042241
2407.11768 0.042921
2407.22437 0.04363
2407.33105 0.044363
2407.43774 0.045118
2407.54468 0.045891
2407.65137 0.046679
2407.75806 0.047477
2407.86475 0.048283
2407.97168 0.049092
2408.07837 0.049902
2408.18506 0.050709
2408.29175 0.051514
2408.39868 0.052317
2408.50537 0.05312
2408.61206 0.053923
2408.71875 0.054728
2408.82568 0.055536
2408.93237 0.056346
2409.03906 0.057161
2409.14600 0.057982
2409.25269 0.058811
2409.35938 0.059654
2409.46606 0.060515
2409.57300 0.061399
2409.67969 0.062311
2409.78638 0.063256
2409.89307 0.064239
2410.00000 0.065265
2410.10669 0.066337
2410.21338 0.067459
2410.32007 0.068627
2410.42700 0.069839
2410.53369 0.071091
2410.64038 0.07238
2410.74707 0.073702
2410.85400 0.075055
2410.96069 0.076434
2411.06738 0.077838
2411.17407 0.079263
2411.28101 0.080711
2411.38770 0.082183
2411.49438 0.083682
2411.60132 0.085209
2411.70801 0.086767
2411.81470 0.088357
2411.92139 0.089982
2412.02832 0.091644
2412.13501 0.093345
2412.24170 0.09509
2412.34839 0.096889
2412.45532 0.098749
2412.56201 0.10068
2412.66870 0.102689
2412.77539 0.104786
2412.88232 0.106979
2412.98901 0.109276
2413.09570 0.111686
2413.20239 0.114212
2413.30933 0.116843
2413.41602 0.119568
2413.52271 0.122375
2413.62939 0.125251
2413.73633 0.128184
2413.84302 0.131163
2413.94971 0.134175
2414.05640 0.137208
2414.16333 0.140252
2414.27002 0.143307
2414.37671 0.146377
2414.48364 0.149466
2414.59033 0.152578
2414.69702 0.155717
2414.80371 0.158888
2414.91064 0.162096
2415.01733 0.165343
2415.12402 0.168636
2415.23071 0.171981
2415.33765 0.175391
2415.44434 0.17888
2415.55103 0.182459
2415.65771 0.186141
2415.76465 0.18994
2415.87134 0.193868
2415.97803 0.197937
2416.08472 0.202161
2416.19165 0.206543
2416.29834 0.21106
2416.40503 0.215683
2416.51172 0.220384
2416.61865 0.225134
2416.72534 0.229905
2416.83203 0.234669
2416.93896 0.239396
2417.04565 0.244059
2417.15234 0.248632
2417.25903 0.253126
2417.36597 0.257571
2417.47266 0.261994
2417.57935 0.266427
2417.68604 0.270899
2417.79297 0.27544
2417.89966 0.280078
2418.00635 0.284844
2418.11304 0.289767
2418.21997 0.294852
2418.32666 0.300072
2418.43335 0.305395
2418.54004 0.310791
2418.64697 0.316228
2418.75366 0.321676
2418.86035 0.327104
2418.96704 0.332481
2419.07397 0.337776
2419.18066 0.342965
2419.28735 0.348052
2419.39429 0.353049
2419.50098 0.357967
2419.60767 0.362818
2419.71436 0.367613
2419.82129 0.372364
2419.92798 0.377081
2420.03467 0.381778
2420.14136 0.386464
2420.24829 0.391153
2420.35498 0.395856
2420.46167 0.400586
2420.56836 0.405357
2420.67529 0.41018
2420.78198 0.415067
2420.88867 0.420033
2420.99536 0.425088
2421.10229 0.430245
2421.20898 0.435507
2421.31567 0.440851
2421.42236 0.446256
2421.52930 0.451698
2421.63599 0.457155
2421.74268 0.462603
2421.84937 0.468021
2421.95630 0.473384
2422.06299 0.478671
2422.16968 0.483862
2422.27661 0.488961
2422.38330 0.493981
2422.48999 0.498932
2422.59668 0.503827
2422.70361 0.508678
2422.81030 0.513495
2422.91699 0.518292
2423.02368 0.52308
2423.13062 0.527871
2423.23730 0.532674
2423.34399 0.537499
2423.45068 0.542354
2423.55762 0.547248
2423.66431 0.55219
2423.77100 0.557188
2423.87769 0.562251
2423.98462 0.567387
2424.09131 0.572605
2424.19800 0.577906
2424.30469 0.583264
2424.41162 0.588654
2424.51831 0.594048
2424.62500 0.59942
2424.73193 0.604742
2424.83862 0.609987
2424.94531 0.615128
2425.05200 0.620139
2425.15894 0.624995
2425.26562 0.6297
2425.37231 0.634269
2425.47900 0.638719
2425.58594 0.643064
2425.69263 0.647321
2425.79932 0.651504
2425.90601 0.655631
2426.01294 0.659716
2426.11963 0.663775
2426.22632 0.667825
2426.33301 0.671883
2426.43994 0.675968
2426.54663 0.680097
2426.65332 0.684288
2426.76001 0.688559
2426.86694 0.692928
2426.97363 0.697413
2427.08032 0.702031
2427.18726 0.706792
2427.29395 0.711673
2427.40063 0.716646
2427.50732 0.721684
2427.61426 0.726758
2427.72095 0.731839
2427.82764 0.7369
2427.93433 0.741912
2428.04126 0.746846
2428.14795 0.751678
2428.25464 0.756415
2428.36133 0.761082
2428.46826 0.765707
2428.57495 0.770317
2428.68164 0.774937
2428.78833 0.779595
2428.89526 0.784318
2429.00195 0.789133
2429.10864 0.794065
2429.21533 0.79912
2429.32227 0.804268
2429.42896 0.809477
2429.53564 0.814714
2429.64233 0.819945
2429.74927 0.825139
2429.85596 0.830263
2429.96265 0.835284
2430.06958 0.840169
2430.17627 0.844892
2430.28296 0.849456
2430.38965 0.853875
2430.49658 0.858159
2430.60327 0.862321
2430.70996 0.866373
2430.81665 0.870327
2430.92358 0.874195
2431.03027 0.877989
2431.13696 0.881722
2431.24365 0.885395
2431.35059 0.889006
2431.45728 0.892552
2431.56396 0.896028
2431.67065 0.899431
2431.77759 0.902759
2431.88428 0.906006
2431.99097 0.909171
2432.09766 0.912248
2432.20459 0.915235
2432.31128 0.918127
2432.41797 0.920917
2432.52490 0.923602
2432.63159 0.926175
2432.73828 0.928633
2432.84497 0.930969
2432.95190 0.933179
2433.05859 0.935257
2433.16528 0.937201
2433.27197 0.939021
2433.37891 0.940732
2433.48560 0.94235
2433.59229 0.943891
2433.69897 0.945369
2433.80591 0.946802
2433.91260 0.948204
2434.01929 0.949591
2434.12598 0.950978
2434.23291 0.952374
2434.33960 0.953779
2434.44629 0.955196
2434.55298 0.956624
2434.65991 0.958065
2434.76660 0.95952
2434.87329 0.96099
2434.98022 0.962475
2435.08691 0.963977
2435.19360 0.965495
2435.30029 0.96702
2435.40723 0.968546
2435.51392 0.970063
2435.62061 0.971563
2435.72729 0.973038
2435.83423 0.97448
2435.94092 0.97588
2436.04761 0.977231
2436.15430 0.978524
2436.26123 0.979758
2436.36792 0.980938
2436.47461 0.982066
2436.58130 0.983145
2436.68823 0.984178
2436.79492 0.985168
2436.90161 0.986119
2437.00830 0.987032
2437.11523 0.987912
2437.22192 0.98876
2437.32861 0.989578
2437.43530 0.990364
2437.54224 0.991121
2437.64893 0.991848
2437.75562 0.992546
2437.86255 0.993216
2437.96924 0.993858
2438.07593 0.994472
2438.18262 0.99506
2438.28955 0.995619
2438.39624 0.996148
2438.50293 0.996646
2438.60962 0.997111
2438.71655 0.997542
2438.82324 0.997937
2438.92993 0.998294
2439.03662 0.998612
2439.14355 0.998891
2439.25024 0.99913
2439.35693 0.999333
2439.46362 0.999502
2439.57056 0.999641
2439.67725 0.999753
2439.78394 0.99984
2439.89062 0.999906
2439.99756 0.999952
2440.10425 0.999983
2440.21094 0.999999
2440.31787 1.0
2440.42456 0.999984
2440.53125 0.99995
2440.63794 0.999896
2440.74487 0.999821
2440.85156 0.999724
2440.95825 0.999603
2441.06494 0.999457
2441.17188 0.999286
2441.27856 0.999089
2441.38525 0.998867
2441.49194 0.998621
2441.59888 0.998353
2441.70557 0.998064
2441.81226 0.997753
2441.91895 0.997423
2442.02588 0.997074
2442.13257 0.996706
2442.23926 0.99632
2442.34595 0.99591
2442.45288 0.995475
2442.55957 0.995009
2442.66626 0.994511
2442.77319 0.993976
2442.87988 0.9934
2442.98657 0.992781
2443.09326 0.992115
2443.20020 0.9914
2443.30688 0.990638
2443.41357 0.989833
2443.52026 0.988987
2443.62720 0.988103
2443.73389 0.987183
2443.84058 0.986232
2443.94727 0.985251
2444.05420 0.984244
2444.16089 0.983212
2444.26758 0.982157
2444.37427 0.981077
2444.48120 0.979971
2444.58789 0.978838
2444.69458 0.977676
2444.80127 0.976486
2444.90820 0.975265
2445.01489 0.974014
2445.12158 0.97273
2445.22827 0.971411
2445.33521 0.970053
2445.44189 0.968649
2445.54858 0.967197
2445.65552 0.965689
2445.76221 0.964122
2445.86890 0.962491
2445.97559 0.960791
2446.08252 0.959016
2446.18921 0.957166
2446.29590 0.955248
2446.40259 0.953274
2446.50952 0.951252
2446.61621 0.949194
2446.72290 0.947111
2446.82959 0.945012
2446.93652 0.942908
2447.04321 0.940809
2447.14990 0.938725
2447.25659 0.936656
2447.36353 0.934596
2447.47021 0.932538
2447.57690 0.930477
2447.68359 0.928407
2447.79053 0.926323
2447.89722 0.924218
2448.00391 0.922087
2448.11084 0.919922
2448.21753 0.917711
2448.32422 0.915425
2448.43091 0.913035
2448.53784 0.910513
2448.64453 0.907829
2448.75122 0.904954
2448.85791 0.901861
2448.96484 0.898519
2449.07153 0.894901
2449.17822 0.890986
2449.28491 0.886796
2449.39185 0.882361
2449.49854 0.877714
2449.60522 0.872886
2449.71191 0.867908
2449.81885 0.862812
2449.92554 0.857629
2450.03223 0.852391
2450.13892 0.847128
2450.24585 0.841855
2450.35254 0.836573
2450.45923 0.831285
2450.56592 0.825992
2450.67285 0.820696
2450.77954 0.815398
2450.88623 0.810101
2450.99316 0.804807
2451.09985 0.799517
2451.20654 0.79423
2451.31323 0.788942
2451.42017 0.783646
2451.52686 0.778337
2451.63354 0.773009
2451.74023 0.767655
2451.84717 0.762272
2451.95386 0.756851
2452.06055 0.751388
2452.16724 0.74588
2452.27417 0.740341
2452.38086 0.734789
2452.48755 0.729244
2452.59424 0.723726
2452.70117 0.718255
2452.80786 0.71285
2452.91455 0.707531
2453.02124 0.702317
2453.12817 0.697227
2453.23486 0.692263
2453.34155 0.68741
2453.44849 0.682653
2453.55518 0.677977
2453.66187 0.673365
2453.76855 0.668804
2453.87549 0.664277
2453.98218 0.659768
2454.08887 0.655263
2454.19556 0.650747
2454.30249 0.646207
2454.40918 0.641628
2454.51587 0.636998
2454.62256 0.632304
2454.72949 0.627533
2454.83618 0.622671
2454.94287 0.617705
2455.04956 0.612623
2455.15649 0.607413
2455.26318 0.602096
2455.36987 0.596701
2455.47656 0.591262
2455.58350 0.585811
2455.69019 0.580378
2455.79688 0.574997
2455.90381 0.569698
2456.01050 0.564514
2456.11719 0.559477
2456.22388 0.55459
2456.33081 0.549826
2456.43750 0.545154
2456.54419 0.540542
2456.65088 0.53596
2456.75781 0.531378
2456.86450 0.526764
2456.97119 0.522087
2457.07788 0.517317
2457.18481 0.512434
2457.29150 0.507456
2457.39819 0.50241
2457.50488 0.497322
2457.61182 0.49222
2457.71851 0.487131
2457.82520 0.482082
2457.93188 0.477099
2458.03882 0.472209
2458.14551 0.467438
2458.25220 0.462786
2458.35889 0.458241
2458.46582 0.45379
2458.57251 0.449418
2458.67920 0.445114
2458.78613 0.440863
2458.89282 0.436652
2458.99951 0.432468
2459.10620 0.428297
2459.21313 0.424127
2459.31982 0.419948
2459.42651 0.415746
2459.53320 0.411513
2459.64014 0.407236
2459.74683 0.402905
2459.85352 0.398509
2459.96021 0.394036
2460.06714 0.389476
2460.17383 0.384822
2460.28052 0.380087
2460.38721 0.375292
2460.49414 0.370455
2460.60083 0.365598
2460.70752 0.36074
2460.81421 0.355901
2460.92114 0.351101
2461.02783 0.346359
2461.13452 0.341694
2461.24146 0.337109
2461.34814 0.332594
2461.45483 0.328137
2461.56152 0.323726
2461.66846 0.31935
2461.77515 0.314998
2461.88184 0.310658
2461.98853 0.30632
2462.09546 0.301971
2462.20215 0.297602
2462.30884 0.293205
2462.41553 0.28877
2462.52246 0.284292
2462.62915 0.279761
2462.73584 0.275169
2462.84253 0.27051
2462.94946 0.265775
2463.05615 0.260957
2463.16284 0.256049
2463.26953 0.251071
2463.37646 0.246048
2463.48315 0.241008
2463.58984 0.235975
2463.69678 0.230977
2463.80347 0.22604
2463.91016 0.22119
2464.01685 0.216455
2464.12378 0.211859
2464.23047 0.207412
2464.33716 0.203104
2464.44385 0.198926
2464.55078 0.194868
2464.65747 0.190919
2464.76416 0.187069
2464.87085 0.183308
2464.97778 0.179625
2465.08447 0.176011
2465.19116 0.172456
2465.29785 0.16895
2465.40479 0.165487
2465.51147 0.162059
2465.61816 0.158658
2465.72485 0.155276
2465.83179 0.151907
2465.93848 0.148543
2466.04517 0.145176
2466.15186 0.141802
2466.25879 0.138429
2466.36548 0.135073
2466.47217 0.131749
2466.57910 0.128473
2466.68579 0.125262
2466.79248 0.122128
2466.89917 0.119089
2467.00610 0.116157
2467.11279 0.113349
2467.21948 0.110668
2467.32617 0.108103
2467.43311 0.105646
2467.53979 0.103284
2467.64648 0.101006
2467.75317 0.098804
2467.86011 0.096666
2467.96680 0.094581
2468.07349 0.092541
2468.18018 0.090535
2468.28711 0.08856
2468.39380 0.086614
2468.50049 0.084694
2468.60718 0.082799
2468.71411 0.080925
2468.82080 0.079071
2468.92749 0.077233
2469.03442 0.07541
2469.14111 0.0736
2469.24780 0.071806
2469.35449 0.070035
2469.46143 0.068295
2469.56812 0.066594
2469.67480 0.06494
2469.78149 0.06334
2469.88843 0.061801
2469.99512 0.060332
2470.10181 0.05894
2470.20850 0.057627
2470.31543 0.056386
2470.42212 0.055209
2470.52881 0.054088
2470.63550 0.053013
2470.74243 0.051976
2470.84912 0.05097
2470.95581 0.049985
2471.06250 0.049014
2471.16943 0.048049
2471.27612 0.047093
2471.38281 0.046148
2471.48975 0.045221
2471.59644 0.044316
2471.70312 0.043437
2471.80981 0.042588
2471.91675 0.041774
2472.02344 0.041001
2472.13013 0.040271
2472.23682 0.039585
2472.34375 0.03894
2472.45044 0.03833
2472.55713 0.037754
2472.66382 0.037206
2472.77075 0.036682
2472.87744 0.036179
2472.98413 0.035693
2473.09082 0.035219
2473.19775 0.034755
2473.30444 0.034299
2473.41113 0.03385
2473.51782 0.033406
2473.62476 0.032966
2473.73145 0.032528
2473.83813 0.032092
2473.94482 0.031656
2474.05176 0.031219
2474.15845 0.030779
2474.26514 0.030337
2474.37207 0.029896
2474.47876 0.029456
2474.58545 0.029021
2474.69214 0.02859
2474.79907 0.028167
2474.90576 0.027753
2475.01245 0.027349
2475.11914 0.026958
2475.22607 0.026579
2475.33276 0.026212
2475.43945 0.025856
2475.54614 0.02551
2475.65308 0.025173
2475.75977 0.024842
2475.86646 0.024519
2475.97314 0.024201
2476.08008 0.023887
2476.18677 0.023576
2476.29346 0.023269
2476.40015 0.022963
2476.50708 0.022659
2476.61377 0.022357
2476.72046 0.022055
2476.82739 0.021753
2476.93408 0.021451
2477.04077 0.021147
2477.14746 0.020843
2477.25439 0.020537
2477.36108 0.020232
2477.46777 0.019929
2477.57446 0.019629
2477.68140 0.019334
2477.78809 0.019044
2477.89478 0.018761
2478.00146 0.018487
2478.10840 0.018222
2478.21509 0.017967
2478.32178 0.017721
2478.42847 0.017484
2478.53540 0.017255
2478.64209 0.017033
2478.74878 0.016817
2478.85547 0.016606
2478.96240 0.0164
2479.06909 0.016198
2479.17578 0.015999
2479.28271 0.015802
2479.38940 0.015609
2479.49609 0.015417
2479.60278 0.015227
2479.70972 0.015039
2479.81641 0.014852
2479.92310 0.014666
2480.02979 0.01448
2480.13672 0.014296
2480.24341 0.014112
2480.35010 0.01393
2480.45679 0.01375
2480.56372 0.013573
2480.67041 0.013401
2480.77710 0.013234
2480.88379 0.013073
2480.99072 0.012918
2481.09741 0.01277
2481.20410 0.012631
2481.31079 0.012498
2481.41772 0.012372
2481.52441 0.012251
2481.63110 0.012135
2481.73779 0.012022
2481.84473 0.011912
2481.95142 0.011805
2482.05811 0.011698
2482.16504 0.011592
2482.27173 0.011487
2482.37842 0.011383
2482.48511 0.01128
2482.59204 0.01118
2482.69873 0.011082
2482.80542 0.010988
2482.91211 0.010898
2483.01904 0.010812
2483.12573 0.010731
2483.23242 0.010655
2483.33911 0.010583
2483.44604 0.010516
2483.55273 0.010452
2483.65942 0.010391
2483.76611 0.010334
2483.87305 0.010279
2483.97974 0.010226
2484.08643 0.010175
2484.19312 0.010125
2484.30005 0.010077
2484.40674 0.01003
2484.51343 0.009984
2484.62036 0.009939
2484.72705 0.009896
2484.83374 0.009853
2484.94043 0.009812
2485.04736 0.009771
2485.15405 0.009731
2485.26074 0.009692
2485.36743 0.009654
2485.47437 0.009617
2485.58105 0.009581
2485.68774 0.009547
2485.79443 0.009513
2485.90137 0.009481
2486.00806 0.009449
2486.11475 0.00942
2486.22144 0.009391
2486.32837 0.009364
2486.43506 0.009337
2486.54175 0.009312
2486.64844 0.009287
2486.75537 0.009263
2486.86206 0.009239
2486.96875 0.009216
2487.07568 0.009193
2487.18237 0.00917
2487.28906 0.009147
2487.39575 0.009124
2487.50269 0.0091
2487.60938 0.009076
2487.71606 0.009051
2487.82275 0.009025
2487.92969 0.008999
2488.03638 0.008971
2488.14307 0.008943
2488.24976 0.008913
2488.35669 0.008882
2488.46338 0.00885
2488.57007 0.008817
2488.67676 0.008784
2488.78369 0.00875
2488.89038 0.008715
2488.99707 0.00868
2489.10376 0.008645
2489.21069 0.00861
2489.31738 0.008574
2489.42407 0.008538
2489.53076 0.008502
2489.63770 0.008465
2489.74438 0.008428
2489.85107 0.008391
2489.95801 0.008354
2490.06470 0.008316
2490.17139 0.008277
2490.27808 0.008238
2490.38501 0.008198
2490.49170 0.008158
2490.59839 0.008117
2490.70508 0.008074
2490.81201 0.008031
2490.91870 0.007986
2491.02539 0.00794
2491.13208 0.007892
2491.23901 0.007843
2491.34570 0.007793
2491.45239 0.007742
2491.55908 0.00769
2491.66602 0.007638
2491.77271 0.007585
2491.87939 0.007532
2491.98608 0.007479
2492.09302 0.007427
2492.19971 0.007375
2492.30640 0.007324
2492.41333 0.007273
2492.52002 0.007223
2492.62671 0.007173
2492.73340 0.007123
2492.84033 0.007074
2492.94702 0.007025
2493.05371 0.006977
2493.16040 0.006929
2493.26733 0.006881
2493.37402 0.006832
2493.48071 0.006783
2493.58740 0.006733
2493.69434 0.006681
2493.80103 0.006627
2493.90771 0.006571
2494.01440 0.006513
2494.12134 0.006451
2494.22803 0.006387
2494.33472 0.006322
2494.44141 0.006256
2494.54834 0.006191
2494.65503 0.006129
2494.76172 0.006069
2494.86865 0.006015
2494.97534 0.005966
2495.08203 0.005923
2495.18872 0.005889
2495.29565 0.005862
2495.40234 0.005841
2495.50903 0.005826
2495.61572 0.005815
2495.72266 0.005807
2495.82935 0.005803
2495.93604 0.0058
2496.04272 0.005799
2496.14966 0.005798
2745.76465 0.0
