threeML/data/optical_filters/TD1/SPEC-F2260.ecsv
# %ECSV 0.9
# ---
# datatype:
# - {name: wavelength, unit: Angstrom, datatype: float32}
# - {name: response, datatype: float32}
# meta: !!omap
# - {band_name: F2260}
# - {group_name: SPEC}
wavelength response
1986.24707 0.0
2206.94116 0.010058
2207.04810 0.010124
2207.15479 0.01019
2207.26147 0.010256
2207.36816 0.010321
2207.47510 0.010387
2207.58179 0.010453
2207.68848 0.01052
2207.79517 0.010587
2207.90210 0.010655
2208.00879 0.010725
2208.11548 0.010795
2208.22241 0.010868
2208.32910 0.010941
2208.43579 0.011015
2208.54248 0.011089
2208.64941 0.011163
2208.75610 0.011236
2208.86279 0.011308
2208.96948 0.011378
2209.07642 0.011447
2209.18311 0.011514
2209.28979 0.011578
2209.39648 0.011642
2209.50342 0.011704
2209.61011 0.011765
2209.71680 0.011827
2209.82349 0.011888
2209.93042 0.01195
2210.03711 0.012013
2210.14380 0.012078
2210.25049 0.012143
2210.35742 0.01221
2210.46411 0.012277
2210.57080 0.012345
2210.67773 0.012412
2210.78442 0.012478
2210.89111 0.012543
2210.99780 0.012607
2211.10474 0.012669
2211.21143 0.012729
2211.31812 0.012787
2211.42480 0.012843
2211.53174 0.012899
2211.63843 0.012953
2211.74512 0.013007
2211.85181 0.01306
2211.95874 0.013114
2212.06543 0.013168
2212.17212 0.013222
2212.27881 0.013278
2212.38574 0.013334
2212.49243 0.013391
2212.59912 0.013448
2212.70581 0.013507
2212.81274 0.013566
2212.91943 0.013626
2213.02612 0.013687
2213.13281 0.013749
2213.23975 0.013812
2213.34644 0.013875
2213.45312 0.013939
2213.56006 0.014004
2213.66675 0.014069
2213.77344 0.014134
2213.88013 0.014199
2213.98706 0.014265
2214.09375 0.01433
2214.20044 0.014395
2214.30713 0.014461
2214.41406 0.014526
2214.52075 0.014592
2214.62744 0.014658
2214.73413 0.014724
2214.84106 0.014791
2214.94775 0.014859
2215.05444 0.014927
2215.16113 0.014997
2215.26807 0.015067
2215.37476 0.015139
2215.48145 0.015213
2215.58813 0.01529
2215.69507 0.015368
2215.80176 0.01545
2215.90845 0.015535
2216.01538 0.015624
2216.12207 0.015716
2216.22876 0.015813
2216.33545 0.015913
2216.44238 0.016016
2216.54907 0.016121
2216.65576 0.016229
2216.76245 0.016339
2216.86938 0.01645
2216.97607 0.016562
2217.08276 0.016675
2217.18945 0.016787
2217.29639 0.0169
2217.40308 0.017013
2217.50977 0.017127
2217.61646 0.017242
2217.72339 0.017357
2217.83008 0.017474
2217.93677 0.017592
2218.04346 0.017711
2218.15039 0.017831
2218.25708 0.017954
2218.36377 0.018079
2218.47046 0.018206
2218.57739 0.018337
2218.68408 0.018472
2218.79077 0.01861
2218.89771 0.018754
2219.00439 0.018902
2219.11108 0.019056
2219.21777 0.019215
2219.32471 0.019379
2219.43140 0.019548
2219.53809 0.019719
2219.64478 0.019894
2219.75171 0.02007
2219.85840 0.020247
2219.96509 0.020425
2220.07178 0.020602
2220.17871 0.020778
2220.28540 0.020953
2220.39209 0.021128
2220.49878 0.021302
2220.60571 0.021477
2220.71240 0.021651
2220.81909 0.021825
2220.92578 0.022
2221.03271 0.022176
2221.13940 0.022353
2221.24609 0.022531
2221.35303 0.022712
2221.45972 0.022897
2221.56641 0.023086
2221.67310 0.023281
2221.78003 0.023482
2221.88672 0.02369
2221.99341 0.023907
2222.10010 0.024133
2222.20703 0.024368
2222.31372 0.024612
2222.42041 0.024862
2222.52710 0.025119
2222.63403 0.02538
2222.74072 0.025644
2222.84741 0.02591
2222.95410 0.026176
2223.06104 0.026441
2223.16772 0.026705
2223.27441 0.026969
2223.38110 0.027234
2223.48804 0.027504
2223.59473 0.02778
2223.70142 0.028064
2223.80835 0.02836
2223.91504 0.028669
2224.02173 0.028993
2224.12842 0.029334
2224.23535 0.029694
2224.34204 0.030069
2224.44873 0.030459
2224.55542 0.030862
2224.66235 0.031275
2224.76904 0.031698
2224.87573 0.032127
2224.98242 0.032562
2225.08936 0.033001
2225.19604 0.033443
2225.30273 0.033887
2225.40942 0.034335
2225.51636 0.034789
2225.62305 0.035247
2225.72974 0.035712
2225.83643 0.036185
2225.94336 0.036665
2226.05005 0.037154
2226.15674 0.037653
2226.26343 0.038164
2226.37036 0.038688
2226.47705 0.039228
2226.58374 0.039786
2226.69067 0.040364
2226.79736 0.040965
2226.90405 0.041589
2227.01074 0.042241
2227.11768 0.042921
2227.22437 0.04363
2227.33105 0.044363
2227.43774 0.045118
2227.54468 0.045891
2227.65137 0.046679
2227.75806 0.047477
2227.86475 0.048283
2227.97168 0.049092
2228.07837 0.049902
2228.18506 0.050709
2228.29175 0.051514
2228.39868 0.052317
2228.50537 0.05312
2228.61206 0.053923
2228.71875 0.054728
2228.82568 0.055536
2228.93237 0.056346
2229.03906 0.057161
2229.14600 0.057982
2229.25269 0.058811
2229.35938 0.059654
2229.46606 0.060515
2229.57300 0.061399
2229.67969 0.062311
2229.78638 0.063256
2229.89307 0.064239
2230.00000 0.065265
2230.10669 0.066337
2230.21338 0.067459
2230.32007 0.068627
2230.42700 0.069839
2230.53369 0.071091
2230.64038 0.07238
2230.74707 0.073702
2230.85400 0.075055
2230.96069 0.076434
2231.06738 0.077838
2231.17407 0.079263
2231.28101 0.080711
2231.38770 0.082183
2231.49438 0.083682
2231.60132 0.085209
2231.70801 0.086767
2231.81470 0.088357
2231.92139 0.089982
2232.02832 0.091644
2232.13501 0.093345
2232.24170 0.09509
2232.34839 0.096889
2232.45532 0.098749
2232.56201 0.10068
2232.66870 0.102689
2232.77539 0.104786
2232.88232 0.106979
2232.98901 0.109276
2233.09570 0.111686
2233.20239 0.114212
2233.30933 0.116843
2233.41602 0.119568
2233.52271 0.122375
2233.62939 0.125251
2233.73633 0.128184
2233.84302 0.131163
2233.94971 0.134175
2234.05640 0.137208
2234.16333 0.140252
2234.27002 0.143307
2234.37671 0.146377
2234.48364 0.149466
2234.59033 0.152578
2234.69702 0.155717
2234.80371 0.158888
2234.91064 0.162096
2235.01733 0.165343
2235.12402 0.168636
2235.23071 0.171981
2235.33765 0.175391
2235.44434 0.17888
2235.55103 0.182459
2235.65771 0.186141
2235.76465 0.18994
2235.87134 0.193868
2235.97803 0.197937
2236.08472 0.202161
2236.19165 0.206543
2236.29834 0.21106
2236.40503 0.215683
2236.51172 0.220384
2236.61865 0.225134
2236.72534 0.229905
2236.83203 0.234669
2236.93896 0.239396
2237.04565 0.244059
2237.15234 0.248632
2237.25903 0.253126
2237.36597 0.257571
2237.47266 0.261994
2237.57935 0.266427
2237.68604 0.270899
2237.79297 0.27544
2237.89966 0.280078
2238.00635 0.284844
2238.11304 0.289767
2238.21997 0.294852
2238.32666 0.300072
2238.43335 0.305395
2238.54004 0.310791
2238.64697 0.316228
2238.75366 0.321676
2238.86035 0.327104
2238.96704 0.332481
2239.07397 0.337776
2239.18066 0.342965
2239.28735 0.348052
2239.39429 0.353049
2239.50098 0.357967
2239.60767 0.362818
2239.71436 0.367613
2239.82129 0.372364
2239.92798 0.377081
2240.03467 0.381778
2240.14136 0.386464
2240.24829 0.391153
2240.35498 0.395856
2240.46167 0.400586
2240.56836 0.405357
2240.67529 0.41018
2240.78198 0.415067
2240.88867 0.420033
2240.99536 0.425088
2241.10229 0.430245
2241.20898 0.435507
2241.31567 0.440851
2241.42236 0.446256
2241.52930 0.451698
2241.63599 0.457155
2241.74268 0.462603
2241.84937 0.468021
2241.95630 0.473384
2242.06299 0.478671
2242.16968 0.483862
2242.27661 0.488961
2242.38330 0.493981
2242.48999 0.498932
2242.59668 0.503827
2242.70361 0.508678
2242.81030 0.513495
2242.91699 0.518292
2243.02368 0.52308
2243.13062 0.527871
2243.23730 0.532674
2243.34399 0.537499
2243.45068 0.542354
2243.55762 0.547248
2243.66431 0.55219
2243.77100 0.557188
2243.87769 0.562251
2243.98462 0.567387
2244.09131 0.572605
2244.19800 0.577906
2244.30469 0.583264
2244.41162 0.588654
2244.51831 0.594048
2244.62500 0.59942
2244.73193 0.604742
2244.83862 0.609987
2244.94531 0.615128
2245.05200 0.620139
2245.15894 0.624995
2245.26562 0.6297
2245.37231 0.634269
2245.47900 0.638719
2245.58594 0.643064
2245.69263 0.647321
2245.79932 0.651504
2245.90601 0.655631
2246.01294 0.659716
2246.11963 0.663775
2246.22632 0.667825
2246.33301 0.671883
2246.43994 0.675968
2246.54663 0.680097
2246.65332 0.684288
2246.76001 0.688559
2246.86694 0.692928
2246.97363 0.697413
2247.08032 0.702031
2247.18726 0.706792
2247.29395 0.711673
2247.40063 0.716646
2247.50732 0.721684
2247.61426 0.726758
2247.72095 0.731839
2247.82764 0.7369
2247.93433 0.741912
2248.04126 0.746846
2248.14795 0.751678
2248.25464 0.756415
2248.36133 0.761082
2248.46826 0.765707
2248.57495 0.770317
2248.68164 0.774937
2248.78833 0.779595
2248.89526 0.784318
2249.00195 0.789133
2249.10864 0.794065
2249.21533 0.79912
2249.32227 0.804268
2249.42896 0.809477
2249.53564 0.814714
2249.64233 0.819945
2249.74927 0.825139
2249.85596 0.830263
2249.96265 0.835284
2250.06958 0.840169
2250.17627 0.844892
2250.28296 0.849456
2250.38965 0.853875
2250.49658 0.858159
2250.60327 0.862321
2250.70996 0.866373
2250.81665 0.870327
2250.92358 0.874195
2251.03027 0.877989
2251.13696 0.881722
2251.24365 0.885395
2251.35059 0.889006
2251.45728 0.892552
2251.56396 0.896028
2251.67065 0.899431
2251.77759 0.902759
2251.88428 0.906006
2251.99097 0.909171
2252.09766 0.912248
2252.20459 0.915235
2252.31128 0.918127
2252.41797 0.920917
2252.52490 0.923602
2252.63159 0.926175
2252.73828 0.928633
2252.84497 0.930969
2252.95190 0.933179
2253.05859 0.935257
2253.16528 0.937201
2253.27197 0.939021
2253.37891 0.940732
2253.48560 0.94235
2253.59229 0.943891
2253.69897 0.945369
2253.80591 0.946802
2253.91260 0.948204
2254.01929 0.949591
2254.12598 0.950978
2254.23291 0.952374
2254.33960 0.953779
2254.44629 0.955196
2254.55298 0.956624
2254.65991 0.958065
2254.76660 0.95952
2254.87329 0.96099
2254.98022 0.962475
2255.08691 0.963977
2255.19360 0.965495
2255.30029 0.96702
2255.40723 0.968546
2255.51392 0.970063
2255.62061 0.971563
2255.72729 0.973038
2255.83423 0.97448
2255.94092 0.97588
2256.04761 0.977231
2256.15430 0.978524
2256.26123 0.979758
2256.36792 0.980938
2256.47461 0.982066
2256.58130 0.983145
2256.68823 0.984178
2256.79492 0.985168
2256.90161 0.986119
2257.00830 0.987032
2257.11523 0.987912
2257.22192 0.98876
2257.32861 0.989578
2257.43530 0.990364
2257.54224 0.991121
2257.64893 0.991848
2257.75562 0.992546
2257.86255 0.993216
2257.96924 0.993858
2258.07593 0.994472
2258.18262 0.99506
2258.28955 0.995619
2258.39624 0.996148
2258.50293 0.996646
2258.60962 0.997111
2258.71655 0.997542
2258.82324 0.997937
2258.92993 0.998294
2259.03662 0.998612
2259.14355 0.998891
2259.25024 0.99913
2259.35693 0.999333
2259.46362 0.999502
2259.57056 0.999641
2259.67725 0.999753
2259.78394 0.99984
2259.89062 0.999906
2259.99756 0.999952
2260.10425 0.999983
2260.21094 0.999999
2260.31787 1.0
2260.42456 0.999984
2260.53125 0.99995
2260.63794 0.999896
2260.74487 0.999821
2260.85156 0.999724
2260.95825 0.999603
2261.06494 0.999457
2261.17188 0.999286
2261.27856 0.999089
2261.38525 0.998867
2261.49194 0.998621
2261.59888 0.998353
2261.70557 0.998064
2261.81226 0.997753
2261.91895 0.997423
2262.02588 0.997074
2262.13257 0.996706
2262.23926 0.99632
2262.34595 0.99591
2262.45288 0.995475
2262.55957 0.995009
2262.66626 0.994511
2262.77319 0.993976
2262.87988 0.9934
2262.98657 0.992781
2263.09326 0.992115
2263.20020 0.9914
2263.30688 0.990638
2263.41357 0.989833
2263.52026 0.988987
2263.62720 0.988103
2263.73389 0.987183
2263.84058 0.986232
2263.94727 0.985251
2264.05420 0.984244
2264.16089 0.983212
2264.26758 0.982157
2264.37427 0.981077
2264.48120 0.979971
2264.58789 0.978838
2264.69458 0.977676
2264.80127 0.976486
2264.90820 0.975265
2265.01489 0.974014
2265.12158 0.97273
2265.22827 0.971411
2265.33521 0.970053
2265.44189 0.968649
2265.54858 0.967197
2265.65552 0.965689
2265.76221 0.964122
2265.86890 0.962491
2265.97559 0.960791
2266.08252 0.959016
2266.18921 0.957166
2266.29590 0.955248
2266.40259 0.953274
2266.50952 0.951252
2266.61621 0.949194
2266.72290 0.947111
2266.82959 0.945012
2266.93652 0.942908
2267.04321 0.940809
2267.14990 0.938725
2267.25659 0.936656
2267.36353 0.934596
2267.47021 0.932538
2267.57690 0.930477
2267.68359 0.928407
2267.79053 0.926323
2267.89722 0.924218
2268.00391 0.922087
2268.11084 0.919922
2268.21753 0.917711
2268.32422 0.915425
2268.43091 0.913035
2268.53784 0.910513
2268.64453 0.907829
2268.75122 0.904954
2268.85791 0.901861
2268.96484 0.898519
2269.07153 0.894901
2269.17822 0.890986
2269.28491 0.886796
2269.39185 0.882361
2269.49854 0.877714
2269.60522 0.872886
2269.71191 0.867908
2269.81885 0.862812
2269.92554 0.857629
2270.03223 0.852391
2270.13892 0.847128
2270.24585 0.841855
2270.35254 0.836573
2270.45923 0.831285
2270.56592 0.825992
2270.67285 0.820696
2270.77954 0.815398
2270.88623 0.810101
2270.99316 0.804807
2271.09985 0.799517
2271.20654 0.79423
2271.31323 0.788942
2271.42017 0.783646
2271.52686 0.778337
2271.63354 0.773009
2271.74023 0.767655
2271.84717 0.762272
2271.95386 0.756851
2272.06055 0.751388
2272.16724 0.74588
2272.27417 0.740341
2272.38086 0.734789
2272.48755 0.729244
2272.59424 0.723726
2272.70117 0.718255
2272.80786 0.71285
2272.91455 0.707531
2273.02124 0.702317
2273.12817 0.697227
2273.23486 0.692263
2273.34155 0.68741
2273.44849 0.682653
2273.55518 0.677977
2273.66187 0.673365
2273.76855 0.668804
2273.87549 0.664277
2273.98218 0.659768
2274.08887 0.655263
2274.19556 0.650747
2274.30249 0.646207
2274.40918 0.641628
2274.51587 0.636998
2274.62256 0.632304
2274.72949 0.627533
2274.83618 0.622671
2274.94287 0.617705
2275.04956 0.612623
2275.15649 0.607413
2275.26318 0.602096
2275.36987 0.596701
2275.47656 0.591262
2275.58350 0.585811
2275.69019 0.580378
2275.79688 0.574997
2275.90381 0.569698
2276.01050 0.564514
2276.11719 0.559477
2276.22388 0.55459
2276.33081 0.549826
2276.43750 0.545154
2276.54419 0.540542
2276.65088 0.53596
2276.75781 0.531378
2276.86450 0.526764
2276.97119 0.522087
2277.07788 0.517317
2277.18481 0.512434
2277.29150 0.507456
2277.39819 0.50241
2277.50488 0.497322
2277.61182 0.49222
2277.71851 0.487131
2277.82520 0.482082
2277.93188 0.477099
2278.03882 0.472209
2278.14551 0.467438
2278.25220 0.462786
2278.35889 0.458241
2278.46582 0.45379
2278.57251 0.449418
2278.67920 0.445114
2278.78613 0.440863
2278.89282 0.436652
2278.99951 0.432468
2279.10620 0.428297
2279.21313 0.424127
2279.31982 0.419948
2279.42651 0.415746
2279.53320 0.411513
2279.64014 0.407236
2279.74683 0.402905
2279.85352 0.398509
2279.96021 0.394036
2280.06714 0.389476
2280.17383 0.384822
2280.28052 0.380087
2280.38721 0.375292
2280.49414 0.370455
2280.60083 0.365598
2280.70752 0.36074
2280.81421 0.355901
2280.92114 0.351101
2281.02783 0.346359
2281.13452 0.341694
2281.24146 0.337109
2281.34814 0.332594
2281.45483 0.328137
2281.56152 0.323726
2281.66846 0.31935
2281.77515 0.314998
2281.88184 0.310658
2281.98853 0.30632
2282.09546 0.301971
2282.20215 0.297602
2282.30884 0.293205
2282.41553 0.28877
2282.52246 0.284292
2282.62915 0.279761
2282.73584 0.275169
2282.84253 0.27051
2282.94946 0.265775
2283.05615 0.260957
2283.16284 0.256049
2283.26953 0.251071
2283.37646 0.246048
2283.48315 0.241008
2283.58984 0.235975
2283.69678 0.230977
2283.80347 0.22604
2283.91016 0.22119
2284.01685 0.216455
2284.12378 0.211859
2284.23047 0.207412
2284.33716 0.203104
2284.44385 0.198926
2284.55078 0.194868
2284.65747 0.190919
2284.76416 0.187069
2284.87085 0.183308
2284.97778 0.179625
2285.08447 0.176011
2285.19116 0.172456
2285.29785 0.16895
2285.40479 0.165487
2285.51147 0.162059
2285.61816 0.158658
2285.72485 0.155276
2285.83179 0.151907
2285.93848 0.148543
2286.04517 0.145176
2286.15186 0.141802
2286.25879 0.138429
2286.36548 0.135073
2286.47217 0.131749
2286.57910 0.128473
2286.68579 0.125262
2286.79248 0.122128
2286.89917 0.119089
2287.00610 0.116157
2287.11279 0.113349
2287.21948 0.110668
2287.32617 0.108103
2287.43311 0.105646
2287.53979 0.103284
2287.64648 0.101006
2287.75317 0.098804
2287.86011 0.096666
2287.96680 0.094581
2288.07349 0.092541
2288.18018 0.090535
2288.28711 0.08856
2288.39380 0.086614
2288.50049 0.084694
2288.60718 0.082799
2288.71411 0.080925
2288.82080 0.079071
2288.92749 0.077233
2289.03442 0.07541
2289.14111 0.0736
2289.24780 0.071806
2289.35449 0.070035
2289.46143 0.068295
2289.56812 0.066594
2289.67480 0.06494
2289.78149 0.06334
2289.88843 0.061801
2289.99512 0.060332
2290.10181 0.05894
2290.20850 0.057627
2290.31543 0.056386
2290.42212 0.055209
2290.52881 0.054088
2290.63550 0.053013
2290.74243 0.051976
2290.84912 0.05097
2290.95581 0.049985
2291.06250 0.049014
2291.16943 0.048049
2291.27612 0.047093
2291.38281 0.046148
2291.48975 0.045221
2291.59644 0.044316
2291.70312 0.043437
2291.80981 0.042588
2291.91675 0.041774
2292.02344 0.041001
2292.13013 0.040271
2292.23682 0.039585
2292.34375 0.03894
2292.45044 0.03833
2292.55713 0.037754
2292.66382 0.037206
2292.77075 0.036682
2292.87744 0.036179
2292.98413 0.035693
2293.09082 0.035219
2293.19775 0.034755
2293.30444 0.034299
2293.41113 0.03385
2293.51782 0.033406
2293.62476 0.032966
2293.73145 0.032528
2293.83813 0.032092
2293.94482 0.031656
2294.05176 0.031219
2294.15845 0.030779
2294.26514 0.030337
2294.37207 0.029896
2294.47876 0.029456
2294.58545 0.029021
2294.69214 0.02859
2294.79907 0.028167
2294.90576 0.027753
2295.01245 0.027349
2295.11914 0.026958
2295.22607 0.026579
2295.33276 0.026212
2295.43945 0.025856
2295.54614 0.02551
2295.65308 0.025173
2295.75977 0.024842
2295.86646 0.024519
2295.97314 0.024201
2296.08008 0.023887
2296.18677 0.023576
2296.29346 0.023269
2296.40015 0.022963
2296.50708 0.022659
2296.61377 0.022357
2296.72046 0.022055
2296.82739 0.021753
2296.93408 0.021451
2297.04077 0.021147
2297.14746 0.020843
2297.25439 0.020537
2297.36108 0.020232
2297.46777 0.019929
2297.57446 0.019629
2297.68140 0.019334
2297.78809 0.019044
2297.89478 0.018761
2298.00146 0.018487
2298.10840 0.018222
2298.21509 0.017967
2298.32178 0.017721
2298.42847 0.017484
2298.53540 0.017255
2298.64209 0.017033
2298.74878 0.016817
2298.85547 0.016606
2298.96240 0.0164
2299.06909 0.016198
2299.17578 0.015999
2299.28271 0.015802
2299.38940 0.015609
2299.49609 0.015417
2299.60278 0.015227
2299.70972 0.015039
2299.81641 0.014852
2299.92310 0.014666
2300.02979 0.01448
2300.13672 0.014296
2300.24341 0.014112
2300.35010 0.01393
2300.45679 0.01375
2300.56372 0.013573
2300.67041 0.013401
2300.77710 0.013234
2300.88379 0.013073
2300.99072 0.012918
2301.09741 0.01277
2301.20410 0.012631
2301.31079 0.012498
2301.41772 0.012372
2301.52441 0.012251
2301.63110 0.012135
2301.73779 0.012022
2301.84473 0.011912
2301.95142 0.011805
2302.05811 0.011698
2302.16504 0.011592
2302.27173 0.011487
2302.37842 0.011383
2302.48511 0.01128
2302.59204 0.01118
2302.69873 0.011082
2302.80542 0.010988
2302.91211 0.010898
2303.01904 0.010812
2303.12573 0.010731
2303.23242 0.010655
2303.33911 0.010583
2303.44604 0.010516
2303.55273 0.010452
2303.65942 0.010391
2303.76611 0.010334
2303.87305 0.010279
2303.97974 0.010226
2304.08643 0.010175
2304.19312 0.010125
2304.30005 0.010077
2304.40674 0.01003
2304.51343 0.009984
2304.62036 0.009939
2304.72705 0.009896
2304.83374 0.009853
2304.94043 0.009812
2305.04736 0.009771
2305.15405 0.009731
2305.26074 0.009692
2305.36743 0.009654
2305.47437 0.009617
2305.58105 0.009581
2305.68774 0.009547
2305.79443 0.009513
2305.90137 0.009481
2306.00806 0.009449
2306.11475 0.00942
2306.22144 0.009391
2306.32837 0.009364
2306.43506 0.009337
2306.54175 0.009312
2306.64844 0.009287
2306.75537 0.009263
2306.86206 0.009239
2306.96875 0.009216
2307.07568 0.009193
2307.18237 0.00917
2307.28906 0.009147
2307.39575 0.009124
2307.50269 0.0091
2307.60938 0.009076
2307.71606 0.009051
2307.82275 0.009025
2307.92969 0.008999
2308.03638 0.008971
2308.14307 0.008943
2308.24976 0.008913
2308.35669 0.008882
2308.46338 0.00885
2308.57007 0.008817
2308.67676 0.008784
2308.78369 0.00875
2308.89038 0.008715
2308.99707 0.00868
2309.10376 0.008645
2309.21069 0.00861
2309.31738 0.008574
2309.42407 0.008538
2309.53076 0.008502
2309.63770 0.008465
2309.74438 0.008428
2309.85107 0.008391
2309.95801 0.008354
2310.06470 0.008316
2310.17139 0.008277
2310.27808 0.008238
2310.38501 0.008198
2310.49170 0.008158
2310.59839 0.008117
2310.70508 0.008074
2310.81201 0.008031
2310.91870 0.007986
2311.02539 0.00794
2311.13208 0.007892
2311.23901 0.007843
2311.34570 0.007793
2311.45239 0.007742
2311.55908 0.00769
2311.66602 0.007638
2311.77271 0.007585
2311.87939 0.007532
2311.98608 0.007479
2312.09302 0.007427
2312.19971 0.007375
2312.30640 0.007324
2312.41333 0.007273
2312.52002 0.007223
2312.62671 0.007173
2312.73340 0.007123
2312.84033 0.007074
2312.94702 0.007025
2313.05371 0.006977
2313.16040 0.006929
2313.26733 0.006881
2313.37402 0.006832
2313.48071 0.006783
2313.58740 0.006733
2313.69434 0.006681
2313.80103 0.006627
2313.90771 0.006571
2314.01440 0.006513
2314.12134 0.006451
2314.22803 0.006387
2314.33472 0.006322
2314.44141 0.006256
2314.54834 0.006191
2314.65503 0.006129
2314.76172 0.006069
2314.86865 0.006015
2314.97534 0.005966
2315.08203 0.005923
2315.18872 0.005889
2315.29565 0.005862
2315.40234 0.005841
2315.50903 0.005826
2315.61572 0.005815
2315.72266 0.005807
2315.82935 0.005803
2315.93604 0.0058
2316.04272 0.005799
2316.14966 0.005798
2547.76465 0.0
