threeML/data/optical_filters/TD1/SPEC-F1540.ecsv
# %ECSV 0.9
# ---
# datatype:
# - {name: wavelength, unit: Angstrom, datatype: float32}
# - {name: response, datatype: float32}
# meta: !!omap
# - {band_name: F1540}
# - {group_name: SPEC}
wavelength response
1338.24683 0.0
1486.94092 0.010058
1487.04773 0.010124
1487.15442 0.01019
1487.26123 0.010256
1487.36792 0.010321
1487.47473 0.010387
1487.58142 0.010453
1487.68823 0.01052
1487.79504 0.010587
1487.90173 0.010655
1488.00854 0.010725
1488.11523 0.010795
1488.22205 0.010868
1488.32874 0.010941
1488.43555 0.011015
1488.54224 0.011089
1488.64905 0.011163
1488.75574 0.011236
1488.86255 0.011308
1488.96924 0.011378
1489.07605 0.011447
1489.18274 0.011514
1489.28955 0.011578
1489.39624 0.011642
1489.50305 0.011704
1489.60974 0.011765
1489.71655 0.011827
1489.82324 0.011888
1489.93005 0.01195
1490.03674 0.012013
1490.14355 0.012078
1490.25024 0.012143
1490.35706 0.01221
1490.46387 0.012277
1490.57056 0.012345
1490.67737 0.012412
1490.78406 0.012478
1490.89087 0.012543
1490.99756 0.012607
1491.10437 0.012669
1491.21106 0.012729
1491.31787 0.012787
1491.42456 0.012843
1491.53137 0.012899
1491.63806 0.012953
1491.74487 0.013007
1491.85156 0.01306
1491.95837 0.013114
1492.06506 0.013168
1492.17188 0.013222
1492.27856 0.013278
1492.38538 0.013334
1492.49207 0.013391
1492.59888 0.013448
1492.70557 0.013507
1492.81238 0.013566
1492.91907 0.013626
1493.02588 0.013687
1493.13269 0.013749
1493.23938 0.013812
1493.34619 0.013875
1493.45288 0.013939
1493.55969 0.014004
1493.66638 0.014069
1493.77319 0.014134
1493.87988 0.014199
1493.98669 0.014265
1494.09338 0.01433
1494.20020 0.014395
1494.30688 0.014461
1494.41370 0.014526
1494.52039 0.014592
1494.62720 0.014658
1494.73389 0.014724
1494.84070 0.014791
1494.94739 0.014859
1495.05420 0.014927
1495.16089 0.014997
1495.26770 0.015067
1495.37439 0.015139
1495.48120 0.015213
1495.58789 0.01529
1495.69470 0.015368
1495.80151 0.01545
1495.90820 0.015535
1496.01501 0.015624
1496.12170 0.015716
1496.22852 0.015813
1496.33521 0.015913
1496.44202 0.016016
1496.54871 0.016121
1496.65552 0.016229
1496.76221 0.016339
1496.86902 0.01645
1496.97571 0.016562
1497.08252 0.016675
1497.18921 0.016787
1497.29602 0.0169
1497.40271 0.017013
1497.50952 0.017127
1497.61621 0.017242
1497.72302 0.017357
1497.82971 0.017474
1497.93652 0.017592
1498.04321 0.017711
1498.15002 0.017831
1498.25684 0.017954
1498.36353 0.018079
1498.47034 0.018206
1498.57703 0.018337
1498.68384 0.018472
1498.79053 0.01861
1498.89734 0.018754
1499.00403 0.018902
1499.11084 0.019056
1499.21753 0.019215
1499.32434 0.019379
1499.43103 0.019548
1499.53784 0.019719
1499.64453 0.019894
1499.75134 0.02007
1499.85803 0.020247
1499.96484 0.020425
1500.07153 0.020602
1500.17834 0.020778
1500.28503 0.020953
1500.39185 0.021128
1500.49854 0.021302
1500.60535 0.021477
1500.71204 0.021651
1500.81885 0.021825
1500.92566 0.022
1501.03235 0.022176
1501.13916 0.022353
1501.24585 0.022531
1501.35266 0.022712
1501.45935 0.022897
1501.56616 0.023086
1501.67285 0.023281
1501.77966 0.023482
1501.88635 0.02369
1501.99316 0.023907
1502.09985 0.024133
1502.20667 0.024368
1502.31335 0.024612
1502.42017 0.024862
1502.52686 0.025119
1502.63367 0.02538
1502.74036 0.025644
1502.84717 0.02591
1502.95386 0.026176
1503.06067 0.026441
1503.16736 0.026705
1503.27417 0.026969
1503.38086 0.027234
1503.48767 0.027504
1503.59448 0.02778
1503.70117 0.028064
1503.80798 0.02836
1503.91467 0.028669
1504.02148 0.028993
1504.12817 0.029334
1504.23499 0.029694
1504.34167 0.030069
1504.44849 0.030459
1504.55518 0.030862
1504.66199 0.031275
1504.76868 0.031698
1504.87549 0.032127
1504.98218 0.032562
1505.08899 0.033001
1505.19568 0.033443
1505.30249 0.033887
1505.40918 0.034335
1505.51599 0.034789
1505.62268 0.035247
1505.72949 0.035712
1505.83618 0.036185
1505.94299 0.036665
1506.04980 0.037154
1506.15649 0.037653
1506.26331 0.038164
1506.37000 0.038688
1506.47681 0.039228
1506.58350 0.039786
1506.69031 0.040364
1506.79700 0.040965
1506.90381 0.041589
1507.01050 0.042241
1507.11731 0.042921
1507.22400 0.04363
1507.33081 0.044363
1507.43750 0.045118
1507.54431 0.045891
1507.65100 0.046679
1507.75781 0.047477
1507.86450 0.048283
1507.97131 0.049092
1508.07800 0.049902
1508.18481 0.050709
1508.29150 0.051514
1508.39832 0.052317
1508.50500 0.05312
1508.61182 0.053923
1508.71863 0.054728
1508.82532 0.055536
1508.93213 0.056346
1509.03882 0.057161
1509.14563 0.057982
1509.25232 0.058811
1509.35913 0.059654
1509.46582 0.060515
1509.57263 0.061399
1509.67932 0.062311
1509.78613 0.063256
1509.89282 0.064239
1509.99963 0.065265
1510.10632 0.066337
1510.21313 0.067459
1510.31982 0.068627
1510.42664 0.069839
1510.53333 0.071091
1510.64014 0.07238
1510.74683 0.073702
1510.85364 0.075055
1510.96033 0.076434
1511.06714 0.077838
1511.17383 0.079263
1511.28064 0.080711
1511.38745 0.082183
1511.49414 0.083682
1511.60095 0.085209
1511.70764 0.086767
1511.81445 0.088357
1511.92114 0.089982
1512.02795 0.091644
1512.13464 0.093345
1512.24146 0.09509
1512.34814 0.096889
1512.45496 0.098749
1512.56165 0.10068
1512.66846 0.102689
1512.77515 0.104786
1512.88196 0.106979
1512.98865 0.109276
1513.09546 0.111686
1513.20215 0.114212
1513.30896 0.116843
1513.41565 0.119568
1513.52246 0.122375
1513.62915 0.125251
1513.73596 0.128184
1513.84265 0.131163
1513.94946 0.134175
1514.05627 0.137208
1514.16296 0.140252
1514.26978 0.143307
1514.37646 0.146377
1514.48328 0.149466
1514.58997 0.152578
1514.69678 0.155717
1514.80347 0.158888
1514.91028 0.162096
1515.01697 0.165343
1515.12378 0.168636
1515.23047 0.171981
1515.33728 0.175391
1515.44397 0.17888
1515.55078 0.182459
1515.65747 0.186141
1515.76428 0.18994
1515.87097 0.193868
1515.97778 0.197937
1516.08447 0.202161
1516.19128 0.206543
1516.29797 0.21106
1516.40479 0.215683
1516.51160 0.220384
1516.61829 0.225134
1516.72510 0.229905
1516.83179 0.234669
1516.93860 0.239396
1517.04529 0.244059
1517.15210 0.248632
1517.25879 0.253126
1517.36560 0.257571
1517.47229 0.261994
1517.57910 0.266427
1517.68579 0.270899
1517.79260 0.27544
1517.89929 0.280078
1518.00610 0.284844
1518.11279 0.289767
1518.21960 0.294852
1518.32629 0.300072
1518.43311 0.305395
1518.53979 0.310791
1518.64661 0.316228
1518.75330 0.321676
1518.86011 0.327104
1518.96680 0.332481
1519.07361 0.337776
1519.18042 0.342965
1519.28711 0.348052
1519.39392 0.353049
1519.50061 0.357967
1519.60742 0.362818
1519.71411 0.367613
1519.82092 0.372364
1519.92761 0.377081
1520.03442 0.381778
1520.14111 0.386464
1520.24792 0.391153
1520.35461 0.395856
1520.46143 0.400586
1520.56812 0.405357
1520.67493 0.41018
1520.78162 0.415067
1520.88843 0.420033
1520.99512 0.425088
1521.10193 0.430245
1521.20862 0.435507
1521.31543 0.440851
1521.42212 0.446256
1521.52893 0.451698
1521.63562 0.457155
1521.74243 0.462603
1521.84924 0.468021
1521.95593 0.473384
1522.06274 0.478671
1522.16943 0.483862
1522.27625 0.488961
1522.38293 0.493981
1522.48975 0.498932
1522.59644 0.503827
1522.70325 0.508678
1522.80994 0.513495
1522.91675 0.518292
1523.02344 0.52308
1523.13025 0.527871
1523.23694 0.532674
1523.34375 0.537499
1523.45044 0.542354
1523.55725 0.547248
1523.66394 0.55219
1523.77075 0.557188
1523.87744 0.562251
1523.98425 0.567387
1524.09094 0.572605
1524.19775 0.577906
1524.30457 0.583264
1524.41125 0.588654
1524.51807 0.594048
1524.62476 0.59942
1524.73157 0.604742
1524.83826 0.609987
1524.94507 0.615128
1525.05176 0.620139
1525.15857 0.624995
1525.26526 0.6297
1525.37207 0.634269
1525.47876 0.638719
1525.58557 0.643064
1525.69226 0.647321
1525.79907 0.651504
1525.90576 0.655631
1526.01257 0.659716
1526.11926 0.663775
1526.22607 0.667825
1526.33276 0.671883
1526.43958 0.675968
1526.54626 0.680097
1526.65308 0.684288
1526.75977 0.688559
1526.86658 0.692928
1526.97339 0.697413
1527.08008 0.702031
1527.18689 0.706792
1527.29358 0.711673
1527.40039 0.716646
1527.50708 0.721684
1527.61389 0.726758
1527.72058 0.731839
1527.82739 0.7369
1527.93408 0.741912
1528.04089 0.746846
1528.14758 0.751678
1528.25439 0.756415
1528.36108 0.761082
1528.46790 0.765707
1528.57458 0.770317
1528.68140 0.774937
1528.78809 0.779595
1528.89490 0.784318
1529.00159 0.789133
1529.10840 0.794065
1529.21509 0.79912
1529.32190 0.804268
1529.42859 0.809477
1529.53540 0.814714
1529.64221 0.819945
1529.74890 0.825139
1529.85571 0.830263
1529.96240 0.835284
1530.06921 0.840169
1530.17590 0.844892
1530.28271 0.849456
1530.38940 0.853875
1530.49622 0.858159
1530.60291 0.862321
1530.70972 0.866373
1530.81641 0.870327
1530.92322 0.874195
1531.02991 0.877989
1531.13672 0.881722
1531.24341 0.885395
1531.35022 0.889006
1531.45691 0.892552
1531.56372 0.896028
1531.67041 0.899431
1531.77722 0.902759
1531.88391 0.906006
1531.99072 0.909171
1532.09753 0.912248
1532.20422 0.915235
1532.31104 0.918127
1532.41772 0.920917
1532.52454 0.923602
1532.63123 0.926175
1532.73804 0.928633
1532.84473 0.930969
1532.95154 0.933179
1533.05823 0.935257
1533.16504 0.937201
1533.27173 0.939021
1533.37854 0.940732
1533.48523 0.94235
1533.59204 0.943891
1533.69873 0.945369
1533.80554 0.946802
1533.91223 0.948204
1534.01904 0.949591
1534.12573 0.950978
1534.23254 0.952374
1534.33923 0.953779
1534.44604 0.955196
1534.55273 0.956624
1534.65955 0.958065
1534.76636 0.95952
1534.87305 0.96099
1534.97986 0.962475
1535.08655 0.963977
1535.19336 0.965495
1535.30005 0.96702
1535.40686 0.968546
1535.51355 0.970063
1535.62036 0.971563
1535.72705 0.973038
1535.83386 0.97448
1535.94055 0.97588
1536.04736 0.977231
1536.15405 0.978524
1536.26086 0.979758
1536.36755 0.980938
1536.47437 0.982066
1536.58105 0.983145
1536.68787 0.984178
1536.79456 0.985168
1536.90137 0.986119
1537.00806 0.987032
1537.11487 0.987912
1537.22156 0.98876
1537.32837 0.989578
1537.43518 0.990364
1537.54187 0.991121
1537.64868 0.991848
1537.75537 0.992546
1537.86218 0.993216
1537.96887 0.993858
1538.07568 0.994472
1538.18237 0.99506
1538.28918 0.995619
1538.39587 0.996148
1538.50269 0.996646
1538.60938 0.997111
1538.71619 0.997542
1538.82288 0.997937
1538.92969 0.998294
1539.03638 0.998612
1539.14319 0.998891
1539.24988 0.99913
1539.35669 0.999333
1539.46338 0.999502
1539.57019 0.999641
1539.67688 0.999753
1539.78369 0.99984
1539.89050 0.999906
1539.99719 0.999952
1540.10400 0.999983
1540.21069 0.999999
1540.31750 1.0
1540.42419 0.999984
1540.53101 0.99995
1540.63770 0.999896
1540.74451 0.999821
1540.85120 0.999724
1540.95801 0.999603
1541.06470 0.999457
1541.17151 0.999286
1541.27820 0.999089
1541.38501 0.998867
1541.49170 0.998621
1541.59851 0.998353
1541.70520 0.998064
1541.81201 0.997753
1541.91870 0.997423
1542.02551 0.997074
1542.13220 0.996706
1542.23901 0.99632
1542.34570 0.99591
1542.45251 0.995475
1542.55933 0.995009
1542.66602 0.994511
1542.77283 0.993976
1542.87952 0.9934
1542.98633 0.992781
1543.09302 0.992115
1543.19983 0.9914
1543.30652 0.990638
1543.41333 0.989833
1543.52002 0.988987
1543.62683 0.988103
1543.73352 0.987183
1543.84033 0.986232
1543.94702 0.985251
1544.05383 0.984244
1544.16052 0.983212
1544.26733 0.982157
1544.37402 0.981077
1544.48083 0.979971
1544.58752 0.978838
1544.69434 0.977676
1544.80103 0.976486
1544.90784 0.975265
1545.01453 0.974014
1545.12134 0.97273
1545.22815 0.971411
1545.33484 0.970053
1545.44165 0.968649
1545.54834 0.967197
1545.65515 0.965689
1545.76184 0.964122
1545.86865 0.962491
1545.97534 0.960791
1546.08215 0.959016
1546.18884 0.957166
1546.29565 0.955248
1546.40234 0.953274
1546.50916 0.951252
1546.61584 0.949194
1546.72266 0.947111
1546.82935 0.945012
1546.93616 0.942908
1547.04285 0.940809
1547.14966 0.938725
1547.25635 0.936656
1547.36316 0.934596
1547.46985 0.932538
1547.57666 0.930477
1547.68335 0.928407
1547.79016 0.926323
1547.89697 0.924218
1548.00366 0.922087
1548.11047 0.919922
1548.21716 0.917711
1548.32397 0.915425
1548.43066 0.913035
1548.53748 0.910513
1548.64417 0.907829
1548.75098 0.904954
1548.85767 0.901861
1548.96448 0.898519
1549.07117 0.894901
1549.17798 0.890986
1549.28467 0.886796
1549.39148 0.882361
1549.49817 0.877714
1549.60498 0.872886
1549.71167 0.867908
1549.81848 0.862812
1549.92517 0.857629
1550.03198 0.852391
1550.13867 0.847128
1550.24548 0.841855
1550.35229 0.836573
1550.45898 0.831285
1550.56580 0.825992
1550.67249 0.820696
1550.77930 0.815398
1550.88599 0.810101
1550.99280 0.804807
1551.09949 0.799517
1551.20630 0.79423
1551.31299 0.788942
1551.41980 0.783646
1551.52649 0.778337
1551.63330 0.773009
1551.73999 0.767655
1551.84680 0.762272
1551.95349 0.756851
1552.06030 0.751388
1552.16699 0.74588
1552.27380 0.740341
1552.38049 0.734789
1552.48730 0.729244
1552.59399 0.723726
1552.70081 0.718255
1552.80750 0.71285
1552.91431 0.707531
1553.02112 0.702317
1553.12781 0.697227
1553.23462 0.692263
1553.34131 0.68741
1553.44812 0.682653
1553.55481 0.677977
1553.66162 0.673365
1553.76831 0.668804
1553.87512 0.664277
1553.98181 0.659768
1554.08862 0.655263
1554.19531 0.650747
1554.30212 0.646207
1554.40881 0.641628
1554.51562 0.636998
1554.62231 0.632304
1554.72913 0.627533
1554.83582 0.622671
1554.94263 0.617705
1555.04932 0.612623
1555.15613 0.607413
1555.26282 0.602096
1555.36963 0.596701
1555.47632 0.591262
1555.58313 0.585811
1555.68994 0.580378
1555.79663 0.574997
1555.90344 0.569698
1556.01013 0.564514
1556.11694 0.559477
1556.22363 0.55459
1556.33044 0.549826
1556.43713 0.545154
1556.54395 0.540542
1556.65063 0.53596
1556.75745 0.531378
1556.86414 0.526764
1556.97095 0.522087
1557.07764 0.517317
1557.18445 0.512434
1557.29114 0.507456
1557.39795 0.50241
1557.50464 0.497322
1557.61145 0.49222
1557.71814 0.487131
1557.82495 0.482082
1557.93164 0.477099
1558.03845 0.472209
1558.14526 0.467438
1558.25195 0.462786
1558.35876 0.458241
1558.46545 0.45379
1558.57227 0.449418
1558.67896 0.445114
1558.78577 0.440863
1558.89246 0.436652
1558.99927 0.432468
1559.10596 0.428297
1559.21277 0.424127
1559.31946 0.419948
1559.42627 0.415746
1559.53296 0.411513
1559.63977 0.407236
1559.74646 0.402905
1559.85327 0.398509
1559.95996 0.394036
1560.06677 0.389476
1560.17346 0.384822
1560.28027 0.380087
1560.38696 0.375292
1560.49377 0.370455
1560.60046 0.365598
1560.70728 0.36074
1560.81409 0.355901
1560.92078 0.351101
1561.02759 0.346359
1561.13428 0.341694
1561.24109 0.337109
1561.34778 0.332594
1561.45459 0.328137
1561.56128 0.323726
1561.66809 0.31935
1561.77478 0.314998
1561.88159 0.310658
1561.98828 0.30632
1562.09509 0.301971
1562.20178 0.297602
1562.30859 0.293205
1562.41528 0.28877
1562.52209 0.284292
1562.62878 0.279761
1562.73560 0.275169
1562.84229 0.27051
1562.94910 0.265775
1563.05579 0.260957
1563.16260 0.256049
1563.26929 0.251071
1563.37610 0.246048
1563.48291 0.241008
1563.58960 0.235975
1563.69641 0.230977
1563.80310 0.22604
1563.90991 0.22119
1564.01660 0.216455
1564.12341 0.211859
1564.23010 0.207412
1564.33691 0.203104
1564.44360 0.198926
1564.55042 0.194868
1564.65710 0.190919
1564.76392 0.187069
1564.87061 0.183308
1564.97742 0.179625
1565.08411 0.176011
1565.19092 0.172456
1565.29761 0.16895
1565.40442 0.165487
1565.51111 0.162059
1565.61792 0.158658
1565.72461 0.155276
1565.83142 0.151907
1565.93823 0.148543
1566.04492 0.145176
1566.15173 0.141802
1566.25842 0.138429
1566.36523 0.135073
1566.47192 0.131749
1566.57874 0.128473
1566.68542 0.125262
1566.79224 0.122128
1566.89893 0.119089
1567.00574 0.116157
1567.11243 0.113349
1567.21924 0.110668
1567.32593 0.108103
1567.43274 0.105646
1567.53943 0.103284
1567.64624 0.101006
1567.75293 0.098804
1567.85974 0.096666
1567.96643 0.094581
1568.07324 0.092541
1568.17993 0.090535
1568.28674 0.08856
1568.39343 0.086614
1568.50024 0.084694
1568.60706 0.082799
1568.71375 0.080925
1568.82056 0.079071
1568.92725 0.077233
1569.03406 0.07541
1569.14075 0.0736
1569.24756 0.071806
1569.35425 0.070035
1569.46106 0.068295
1569.56775 0.066594
1569.67456 0.06494
1569.78125 0.06334
1569.88806 0.061801
1569.99475 0.060332
1570.10156 0.05894
1570.20825 0.057627
1570.31506 0.056386
1570.42175 0.055209
1570.52856 0.054088
1570.63525 0.053013
1570.74207 0.051976
1570.84875 0.05097
1570.95557 0.049985
1571.06226 0.049014
1571.16907 0.048049
1571.27588 0.047093
1571.38257 0.046148
1571.48938 0.045221
1571.59607 0.044316
1571.70288 0.043437
1571.80957 0.042588
1571.91638 0.041774
1572.02307 0.041001
1572.12988 0.040271
1572.23657 0.039585
1572.34338 0.03894
1572.45007 0.03833
1572.55688 0.037754
1572.66357 0.037206
1572.77039 0.036682
1572.87708 0.036179
1572.98389 0.035693
1573.09058 0.035219
1573.19739 0.034755
1573.30408 0.034299
1573.41089 0.03385
1573.51758 0.033406
1573.62439 0.032966
1573.73108 0.032528
1573.83789 0.032092
1573.94470 0.031656
1574.05139 0.031219
1574.15820 0.030779
1574.26489 0.030337
1574.37170 0.029896
1574.47839 0.029456
1574.58521 0.029021
1574.69189 0.02859
1574.79871 0.028167
1574.90540 0.027753
1575.01221 0.027349
1575.11890 0.026958
1575.22571 0.026579
1575.33240 0.026212
1575.43921 0.025856
1575.54590 0.02551
1575.65271 0.025173
1575.75940 0.024842
1575.86621 0.024519
1575.97290 0.024201
1576.07971 0.023887
1576.18640 0.023576
1576.29321 0.023269
1576.40002 0.022963
1576.50671 0.022659
1576.61353 0.022357
1576.72021 0.022055
1576.82703 0.021753
1576.93372 0.021451
1577.04053 0.021147
1577.14722 0.020843
1577.25403 0.020537
1577.36072 0.020232
1577.46753 0.019929
1577.57422 0.019629
1577.68103 0.019334
1577.78772 0.019044
1577.89453 0.018761
1578.00122 0.018487
1578.10803 0.018222
1578.21472 0.017967
1578.32153 0.017721
1578.42822 0.017484
1578.53503 0.017255
1578.64172 0.017033
1578.74854 0.016817
1578.85522 0.016606
1578.96204 0.0164
1579.06885 0.016198
1579.17554 0.015999
1579.28235 0.015802
1579.38904 0.015609
1579.49585 0.015417
1579.60254 0.015227
1579.70935 0.015039
1579.81604 0.014852
1579.92285 0.014666
1580.02954 0.01448
1580.13635 0.014296
1580.24304 0.014112
1580.34985 0.01393
1580.45654 0.01375
1580.56335 0.013573
1580.67004 0.013401
1580.77686 0.013234
1580.88354 0.013073
1580.99036 0.012918
1581.09705 0.01277
1581.20386 0.012631
1581.31055 0.012498
1581.41736 0.012372
1581.52405 0.012251
1581.63086 0.012135
1581.73767 0.012022
1581.84436 0.011912
1581.95117 0.011805
1582.05786 0.011698
1582.16467 0.011592
1582.27136 0.011487
1582.37817 0.011383
1582.48486 0.01128
1582.59167 0.01118
1582.69836 0.011082
1582.80518 0.010988
1582.91187 0.010898
1583.01868 0.010812
1583.12537 0.010731
1583.23218 0.010655
1583.33887 0.010583
1583.44568 0.010516
1583.55237 0.010452
1583.65918 0.010391
1583.76587 0.010334
1583.87268 0.010279
1583.97937 0.010226
1584.08618 0.010175
1584.19299 0.010125
1584.29968 0.010077
1584.40649 0.01003
1584.51318 0.009984
1584.62000 0.009939
1584.72668 0.009896
1584.83350 0.009853
1584.94019 0.009812
1585.04700 0.009771
1585.15369 0.009731
1585.26050 0.009692
1585.36719 0.009654
1585.47400 0.009617
1585.58069 0.009581
1585.68750 0.009547
1585.79419 0.009513
1585.90100 0.009481
1586.00769 0.009449
1586.11450 0.00942
1586.22119 0.009391
1586.32800 0.009364
1586.43469 0.009337
1586.54150 0.009312
1586.64819 0.009287
1586.75500 0.009263
1586.86182 0.009239
1586.96851 0.009216
1587.07532 0.009193
1587.18201 0.00917
1587.28882 0.009147
1587.39551 0.009124
1587.50232 0.0091
1587.60901 0.009076
1587.71582 0.009051
1587.82251 0.009025
1587.92932 0.008999
1588.03601 0.008971
1588.14282 0.008943
1588.24951 0.008913
1588.35632 0.008882
1588.46301 0.00885
1588.56982 0.008817
1588.67651 0.008784
1588.78333 0.00875
1588.89001 0.008715
1588.99683 0.00868
1589.10352 0.008645
1589.21033 0.00861
1589.31702 0.008574
1589.42383 0.008538
1589.53064 0.008502
1589.63733 0.008465
1589.74414 0.008428
1589.85083 0.008391
1589.95764 0.008354
1590.06433 0.008316
1590.17114 0.008277
1590.27783 0.008238
1590.38464 0.008198
1590.49133 0.008158
1590.59814 0.008117
1590.70483 0.008074
1590.81165 0.008031
1590.91833 0.007986
1591.02515 0.00794
1591.13184 0.007892
1591.23865 0.007843
1591.34534 0.007793
1591.45215 0.007742
1591.55884 0.00769
1591.66565 0.007638
1591.77234 0.007585
1591.87915 0.007532
1591.98596 0.007479
1592.09265 0.007427
1592.19946 0.007375
1592.30615 0.007324
1592.41296 0.007273
1592.51965 0.007223
1592.62646 0.007173
1592.73315 0.007123
1592.83997 0.007074
1592.94666 0.007025
1593.05347 0.006977
1593.16016 0.006929
1593.26697 0.006881
1593.37366 0.006832
1593.48047 0.006783
1593.58716 0.006733
1593.69397 0.006681
1593.80066 0.006627
1593.90747 0.006571
1594.01416 0.006513
1594.12097 0.006451
1594.22766 0.006387
1594.33447 0.006322
1594.44116 0.006256
1594.54797 0.006191
1594.65479 0.006129
1594.76147 0.006069
1594.86829 0.006015
1594.97498 0.005966
1595.08179 0.005923
1595.18848 0.005889
1595.29529 0.005862
1595.40198 0.005841
1595.50879 0.005826
1595.61548 0.005815
1595.72229 0.005807
1595.82898 0.005803
1595.93579 0.0058
1596.04248 0.005799
1596.14929 0.005798
1596.25598 0.005796
1755.88159 0.0
