threeML/data/optical_filters/TD1/SPEC-F1620.ecsv
# %ECSV 0.9
# ---
# datatype:
# - {name: wavelength, unit: Angstrom, datatype: float32}
# - {name: response, datatype: float32}
# meta: !!omap
# - {band_name: F1620}
# - {group_name: SPEC}
wavelength response
1410.24683 0.0
1566.94092 0.010058
1567.04773 0.010124
1567.15442 0.01019
1567.26123 0.010256
1567.36792 0.010321
1567.47473 0.010387
1567.58142 0.010453
1567.68823 0.01052
1567.79504 0.010587
1567.90173 0.010655
1568.00854 0.010725
1568.11523 0.010795
1568.22205 0.010868
1568.32874 0.010941
1568.43555 0.011015
1568.54224 0.011089
1568.64905 0.011163
1568.75574 0.011236
1568.86255 0.011308
1568.96924 0.011378
1569.07605 0.011447
1569.18274 0.011514
1569.28955 0.011578
1569.39624 0.011642
1569.50305 0.011704
1569.60974 0.011765
1569.71655 0.011827
1569.82324 0.011888
1569.93005 0.01195
1570.03674 0.012013
1570.14355 0.012078
1570.25024 0.012143
1570.35706 0.01221
1570.46387 0.012277
1570.57056 0.012345
1570.67737 0.012412
1570.78406 0.012478
1570.89087 0.012543
1570.99756 0.012607
1571.10437 0.012669
1571.21106 0.012729
1571.31787 0.012787
1571.42456 0.012843
1571.53137 0.012899
1571.63806 0.012953
1571.74487 0.013007
1571.85156 0.01306
1571.95837 0.013114
1572.06506 0.013168
1572.17188 0.013222
1572.27856 0.013278
1572.38538 0.013334
1572.49207 0.013391
1572.59888 0.013448
1572.70557 0.013507
1572.81238 0.013566
1572.91907 0.013626
1573.02588 0.013687
1573.13269 0.013749
1573.23938 0.013812
1573.34619 0.013875
1573.45288 0.013939
1573.55969 0.014004
1573.66638 0.014069
1573.77319 0.014134
1573.87988 0.014199
1573.98669 0.014265
1574.09338 0.01433
1574.20020 0.014395
1574.30688 0.014461
1574.41370 0.014526
1574.52039 0.014592
1574.62720 0.014658
1574.73389 0.014724
1574.84070 0.014791
1574.94739 0.014859
1575.05420 0.014927
1575.16089 0.014997
1575.26770 0.015067
1575.37439 0.015139
1575.48120 0.015213
1575.58789 0.01529
1575.69470 0.015368
1575.80151 0.01545
1575.90820 0.015535
1576.01501 0.015624
1576.12170 0.015716
1576.22852 0.015813
1576.33521 0.015913
1576.44202 0.016016
1576.54871 0.016121
1576.65552 0.016229
1576.76221 0.016339
1576.86902 0.01645
1576.97571 0.016562
1577.08252 0.016675
1577.18921 0.016787
1577.29602 0.0169
1577.40271 0.017013
1577.50952 0.017127
1577.61621 0.017242
1577.72302 0.017357
1577.82971 0.017474
1577.93652 0.017592
1578.04321 0.017711
1578.15002 0.017831
1578.25684 0.017954
1578.36353 0.018079
1578.47034 0.018206
1578.57703 0.018337
1578.68384 0.018472
1578.79053 0.01861
1578.89734 0.018754
1579.00403 0.018902
1579.11084 0.019056
1579.21753 0.019215
1579.32434 0.019379
1579.43103 0.019548
1579.53784 0.019719
1579.64453 0.019894
1579.75134 0.02007
1579.85803 0.020247
1579.96484 0.020425
1580.07153 0.020602
1580.17834 0.020778
1580.28503 0.020953
1580.39185 0.021128
1580.49854 0.021302
1580.60535 0.021477
1580.71204 0.021651
1580.81885 0.021825
1580.92566 0.022
1581.03235 0.022176
1581.13916 0.022353
1581.24585 0.022531
1581.35266 0.022712
1581.45935 0.022897
1581.56616 0.023086
1581.67285 0.023281
1581.77966 0.023482
1581.88635 0.02369
1581.99316 0.023907
1582.09985 0.024133
1582.20667 0.024368
1582.31335 0.024612
1582.42017 0.024862
1582.52686 0.025119
1582.63367 0.02538
1582.74036 0.025644
1582.84717 0.02591
1582.95386 0.026176
1583.06067 0.026441
1583.16736 0.026705
1583.27417 0.026969
1583.38086 0.027234
1583.48767 0.027504
1583.59448 0.02778
1583.70117 0.028064
1583.80798 0.02836
1583.91467 0.028669
1584.02148 0.028993
1584.12817 0.029334
1584.23499 0.029694
1584.34167 0.030069
1584.44849 0.030459
1584.55518 0.030862
1584.66199 0.031275
1584.76868 0.031698
1584.87549 0.032127
1584.98218 0.032562
1585.08899 0.033001
1585.19568 0.033443
1585.30249 0.033887
1585.40918 0.034335
1585.51599 0.034789
1585.62268 0.035247
1585.72949 0.035712
1585.83618 0.036185
1585.94299 0.036665
1586.04980 0.037154
1586.15649 0.037653
1586.26331 0.038164
1586.37000 0.038688
1586.47681 0.039228
1586.58350 0.039786
1586.69031 0.040364
1586.79700 0.040965
1586.90381 0.041589
1587.01050 0.042241
1587.11731 0.042921
1587.22400 0.04363
1587.33081 0.044363
1587.43750 0.045118
1587.54431 0.045891
1587.65100 0.046679
1587.75781 0.047477
1587.86450 0.048283
1587.97131 0.049092
1588.07800 0.049902
1588.18481 0.050709
1588.29150 0.051514
1588.39832 0.052317
1588.50500 0.05312
1588.61182 0.053923
1588.71863 0.054728
1588.82532 0.055536
1588.93213 0.056346
1589.03882 0.057161
1589.14563 0.057982
1589.25232 0.058811
1589.35913 0.059654
1589.46582 0.060515
1589.57263 0.061399
1589.67932 0.062311
1589.78613 0.063256
1589.89282 0.064239
1589.99963 0.065265
1590.10632 0.066337
1590.21313 0.067459
1590.31982 0.068627
1590.42664 0.069839
1590.53333 0.071091
1590.64014 0.07238
1590.74683 0.073702
1590.85364 0.075055
1590.96033 0.076434
1591.06714 0.077838
1591.17383 0.079263
1591.28064 0.080711
1591.38745 0.082183
1591.49414 0.083682
1591.60095 0.085209
1591.70764 0.086767
1591.81445 0.088357
1591.92114 0.089982
1592.02795 0.091644
1592.13464 0.093345
1592.24146 0.09509
1592.34814 0.096889
1592.45496 0.098749
1592.56165 0.10068
1592.66846 0.102689
1592.77515 0.104786
1592.88196 0.106979
1592.98865 0.109276
1593.09546 0.111686
1593.20215 0.114212
1593.30896 0.116843
1593.41565 0.119568
1593.52246 0.122375
1593.62915 0.125251
1593.73596 0.128184
1593.84265 0.131163
1593.94946 0.134175
1594.05627 0.137208
1594.16296 0.140252
1594.26978 0.143307
1594.37646 0.146377
1594.48328 0.149466
1594.58997 0.152578
1594.69678 0.155717
1594.80347 0.158888
1594.91028 0.162096
1595.01697 0.165343
1595.12378 0.168636
1595.23047 0.171981
1595.33728 0.175391
1595.44397 0.17888
1595.55078 0.182459
1595.65747 0.186141
1595.76428 0.18994
1595.87097 0.193868
1595.97778 0.197937
1596.08447 0.202161
1596.19128 0.206543
1596.29797 0.21106
1596.40479 0.215683
1596.51160 0.220384
1596.61829 0.225134
1596.72510 0.229905
1596.83179 0.234669
1596.93860 0.239396
1597.04529 0.244059
1597.15210 0.248632
1597.25879 0.253126
1597.36560 0.257571
1597.47229 0.261994
1597.57910 0.266427
1597.68579 0.270899
1597.79260 0.27544
1597.89929 0.280078
1598.00610 0.284844
1598.11279 0.289767
1598.21960 0.294852
1598.32629 0.300072
1598.43311 0.305395
1598.53979 0.310791
1598.64661 0.316228
1598.75330 0.321676
1598.86011 0.327104
1598.96680 0.332481
1599.07361 0.337776
1599.18042 0.342965
1599.28711 0.348052
1599.39392 0.353049
1599.50061 0.357967
1599.60742 0.362818
1599.71411 0.367613
1599.82092 0.372364
1599.92761 0.377081
1600.03442 0.381778
1600.14111 0.386464
1600.24792 0.391153
1600.35461 0.395856
1600.46143 0.400586
1600.56812 0.405357
1600.67493 0.41018
1600.78162 0.415067
1600.88843 0.420033
1600.99512 0.425088
1601.10193 0.430245
1601.20862 0.435507
1601.31543 0.440851
1601.42212 0.446256
1601.52893 0.451698
1601.63562 0.457155
1601.74243 0.462603
1601.84924 0.468021
1601.95593 0.473384
1602.06274 0.478671
1602.16943 0.483862
1602.27625 0.488961
1602.38293 0.493981
1602.48975 0.498932
1602.59644 0.503827
1602.70325 0.508678
1602.80994 0.513495
1602.91675 0.518292
1603.02344 0.52308
1603.13025 0.527871
1603.23694 0.532674
1603.34375 0.537499
1603.45044 0.542354
1603.55725 0.547248
1603.66394 0.55219
1603.77075 0.557188
1603.87744 0.562251
1603.98425 0.567387
1604.09094 0.572605
1604.19775 0.577906
1604.30457 0.583264
1604.41125 0.588654
1604.51807 0.594048
1604.62476 0.59942
1604.73157 0.604742
1604.83826 0.609987
1604.94507 0.615128
1605.05176 0.620139
1605.15857 0.624995
1605.26526 0.6297
1605.37207 0.634269
1605.47876 0.638719
1605.58557 0.643064
1605.69226 0.647321
1605.79907 0.651504
1605.90576 0.655631
1606.01257 0.659716
1606.11926 0.663775
1606.22607 0.667825
1606.33276 0.671883
1606.43958 0.675968
1606.54626 0.680097
1606.65308 0.684288
1606.75977 0.688559
1606.86658 0.692928
1606.97339 0.697413
1607.08008 0.702031
1607.18689 0.706792
1607.29358 0.711673
1607.40039 0.716646
1607.50708 0.721684
1607.61389 0.726758
1607.72058 0.731839
1607.82739 0.7369
1607.93408 0.741912
1608.04089 0.746846
1608.14758 0.751678
1608.25439 0.756415
1608.36108 0.761082
1608.46790 0.765707
1608.57458 0.770317
1608.68140 0.774937
1608.78809 0.779595
1608.89490 0.784318
1609.00159 0.789133
1609.10840 0.794065
1609.21509 0.79912
1609.32190 0.804268
1609.42859 0.809477
1609.53540 0.814714
1609.64221 0.819945
1609.74890 0.825139
1609.85571 0.830263
1609.96240 0.835284
1610.06921 0.840169
1610.17590 0.844892
1610.28271 0.849456
1610.38940 0.853875
1610.49622 0.858159
1610.60291 0.862321
1610.70972 0.866373
1610.81641 0.870327
1610.92322 0.874195
1611.02991 0.877989
1611.13672 0.881722
1611.24341 0.885395
1611.35022 0.889006
1611.45691 0.892552
1611.56372 0.896028
1611.67041 0.899431
1611.77722 0.902759
1611.88391 0.906006
1611.99072 0.909171
1612.09753 0.912248
1612.20422 0.915235
1612.31104 0.918127
1612.41772 0.920917
1612.52454 0.923602
1612.63123 0.926175
1612.73804 0.928633
1612.84473 0.930969
1612.95154 0.933179
1613.05823 0.935257
1613.16504 0.937201
1613.27173 0.939021
1613.37854 0.940732
1613.48523 0.94235
1613.59204 0.943891
1613.69873 0.945369
1613.80554 0.946802
1613.91223 0.948204
1614.01904 0.949591
1614.12573 0.950978
1614.23254 0.952374
1614.33923 0.953779
1614.44604 0.955196
1614.55273 0.956624
1614.65955 0.958065
1614.76636 0.95952
1614.87305 0.96099
1614.97986 0.962475
1615.08655 0.963977
1615.19336 0.965495
1615.30005 0.96702
1615.40686 0.968546
1615.51355 0.970063
1615.62036 0.971563
1615.72705 0.973038
1615.83386 0.97448
1615.94055 0.97588
1616.04736 0.977231
1616.15405 0.978524
1616.26086 0.979758
1616.36755 0.980938
1616.47437 0.982066
1616.58105 0.983145
1616.68787 0.984178
1616.79456 0.985168
1616.90137 0.986119
1617.00806 0.987032
1617.11487 0.987912
1617.22156 0.98876
1617.32837 0.989578
1617.43518 0.990364
1617.54187 0.991121
1617.64868 0.991848
1617.75537 0.992546
1617.86218 0.993216
1617.96887 0.993858
1618.07568 0.994472
1618.18237 0.99506
1618.28918 0.995619
1618.39587 0.996148
1618.50269 0.996646
1618.60938 0.997111
1618.71619 0.997542
1618.82288 0.997937
1618.92969 0.998294
1619.03638 0.998612
1619.14319 0.998891
1619.24988 0.99913
1619.35669 0.999333
1619.46338 0.999502
1619.57019 0.999641
1619.67688 0.999753
1619.78369 0.99984
1619.89050 0.999906
1619.99719 0.999952
1620.10400 0.999983
1620.21069 0.999999
1620.31750 1.0
1620.42419 0.999984
1620.53101 0.99995
1620.63770 0.999896
1620.74451 0.999821
1620.85120 0.999724
1620.95801 0.999603
1621.06470 0.999457
1621.17151 0.999286
1621.27820 0.999089
1621.38501 0.998867
1621.49170 0.998621
1621.59851 0.998353
1621.70520 0.998064
1621.81201 0.997753
1621.91870 0.997423
1622.02551 0.997074
1622.13220 0.996706
1622.23901 0.99632
1622.34570 0.99591
1622.45251 0.995475
1622.55933 0.995009
1622.66602 0.994511
1622.77283 0.993976
1622.87952 0.9934
1622.98633 0.992781
1623.09302 0.992115
1623.19983 0.9914
1623.30652 0.990638
1623.41333 0.989833
1623.52002 0.988987
1623.62683 0.988103
1623.73352 0.987183
1623.84033 0.986232
1623.94702 0.985251
1624.05383 0.984244
1624.16052 0.983212
1624.26733 0.982157
1624.37402 0.981077
1624.48083 0.979971
1624.58752 0.978838
1624.69434 0.977676
1624.80103 0.976486
1624.90784 0.975265
1625.01453 0.974014
1625.12134 0.97273
1625.22815 0.971411
1625.33484 0.970053
1625.44165 0.968649
1625.54834 0.967197
1625.65515 0.965689
1625.76184 0.964122
1625.86865 0.962491
1625.97534 0.960791
1626.08215 0.959016
1626.18884 0.957166
1626.29565 0.955248
1626.40234 0.953274
1626.50916 0.951252
1626.61584 0.949194
1626.72266 0.947111
1626.82935 0.945012
1626.93616 0.942908
1627.04285 0.940809
1627.14966 0.938725
1627.25635 0.936656
1627.36316 0.934596
1627.46985 0.932538
1627.57666 0.930477
1627.68335 0.928407
1627.79016 0.926323
1627.89697 0.924218
1628.00366 0.922087
1628.11047 0.919922
1628.21716 0.917711
1628.32397 0.915425
1628.43066 0.913035
1628.53748 0.910513
1628.64417 0.907829
1628.75098 0.904954
1628.85767 0.901861
1628.96448 0.898519
1629.07117 0.894901
1629.17798 0.890986
1629.28467 0.886796
1629.39148 0.882361
1629.49817 0.877714
1629.60498 0.872886
1629.71167 0.867908
1629.81848 0.862812
1629.92517 0.857629
1630.03198 0.852391
1630.13867 0.847128
1630.24548 0.841855
1630.35229 0.836573
1630.45898 0.831285
1630.56580 0.825992
1630.67249 0.820696
1630.77930 0.815398
1630.88599 0.810101
1630.99280 0.804807
1631.09949 0.799517
1631.20630 0.79423
1631.31299 0.788942
1631.41980 0.783646
1631.52649 0.778337
1631.63330 0.773009
1631.73999 0.767655
1631.84680 0.762272
1631.95349 0.756851
1632.06030 0.751388
1632.16699 0.74588
1632.27380 0.740341
1632.38049 0.734789
1632.48730 0.729244
1632.59399 0.723726
1632.70081 0.718255
1632.80750 0.71285
1632.91431 0.707531
1633.02112 0.702317
1633.12781 0.697227
1633.23462 0.692263
1633.34131 0.68741
1633.44812 0.682653
1633.55481 0.677977
1633.66162 0.673365
1633.76831 0.668804
1633.87512 0.664277
1633.98181 0.659768
1634.08862 0.655263
1634.19531 0.650747
1634.30212 0.646207
1634.40881 0.641628
1634.51562 0.636998
1634.62231 0.632304
1634.72913 0.627533
1634.83582 0.622671
1634.94263 0.617705
1635.04932 0.612623
1635.15613 0.607413
1635.26282 0.602096
1635.36963 0.596701
1635.47632 0.591262
1635.58313 0.585811
1635.68994 0.580378
1635.79663 0.574997
1635.90344 0.569698
1636.01013 0.564514
1636.11694 0.559477
1636.22363 0.55459
1636.33044 0.549826
1636.43713 0.545154
1636.54395 0.540542
1636.65063 0.53596
1636.75745 0.531378
1636.86414 0.526764
1636.97095 0.522087
1637.07764 0.517317
1637.18445 0.512434
1637.29114 0.507456
1637.39795 0.50241
1637.50464 0.497322
1637.61145 0.49222
1637.71814 0.487131
1637.82495 0.482082
1637.93164 0.477099
1638.03845 0.472209
1638.14526 0.467438
1638.25195 0.462786
1638.35876 0.458241
1638.46545 0.45379
1638.57227 0.449418
1638.67896 0.445114
1638.78577 0.440863
1638.89246 0.436652
1638.99927 0.432468
1639.10596 0.428297
1639.21277 0.424127
1639.31946 0.419948
1639.42627 0.415746
1639.53296 0.411513
1639.63977 0.407236
1639.74646 0.402905
1639.85327 0.398509
1639.95996 0.394036
1640.06677 0.389476
1640.17346 0.384822
1640.28027 0.380087
1640.38696 0.375292
1640.49377 0.370455
1640.60046 0.365598
1640.70728 0.36074
1640.81409 0.355901
1640.92078 0.351101
1641.02759 0.346359
1641.13428 0.341694
1641.24109 0.337109
1641.34778 0.332594
1641.45459 0.328137
1641.56128 0.323726
1641.66809 0.31935
1641.77478 0.314998
1641.88159 0.310658
1641.98828 0.30632
1642.09509 0.301971
1642.20178 0.297602
1642.30859 0.293205
1642.41528 0.28877
1642.52209 0.284292
1642.62878 0.279761
1642.73560 0.275169
1642.84229 0.27051
1642.94910 0.265775
1643.05579 0.260957
1643.16260 0.256049
1643.26929 0.251071
1643.37610 0.246048
1643.48291 0.241008
1643.58960 0.235975
1643.69641 0.230977
1643.80310 0.22604
1643.90991 0.22119
1644.01660 0.216455
1644.12341 0.211859
1644.23010 0.207412
1644.33691 0.203104
1644.44360 0.198926
1644.55042 0.194868
1644.65710 0.190919
1644.76392 0.187069
1644.87061 0.183308
1644.97742 0.179625
1645.08411 0.176011
1645.19092 0.172456
1645.29761 0.16895
1645.40442 0.165487
1645.51111 0.162059
1645.61792 0.158658
1645.72461 0.155276
1645.83142 0.151907
1645.93823 0.148543
1646.04492 0.145176
1646.15173 0.141802
1646.25842 0.138429
1646.36523 0.135073
1646.47192 0.131749
1646.57874 0.128473
1646.68542 0.125262
1646.79224 0.122128
1646.89893 0.119089
1647.00574 0.116157
1647.11243 0.113349
1647.21924 0.110668
1647.32593 0.108103
1647.43274 0.105646
1647.53943 0.103284
1647.64624 0.101006
1647.75293 0.098804
1647.85974 0.096666
1647.96643 0.094581
1648.07324 0.092541
1648.17993 0.090535
1648.28674 0.08856
1648.39343 0.086614
1648.50024 0.084694
1648.60706 0.082799
1648.71375 0.080925
1648.82056 0.079071
1648.92725 0.077233
1649.03406 0.07541
1649.14075 0.0736
1649.24756 0.071806
1649.35425 0.070035
1649.46106 0.068295
1649.56775 0.066594
1649.67456 0.06494
1649.78125 0.06334
1649.88806 0.061801
1649.99475 0.060332
1650.10156 0.05894
1650.20825 0.057627
1650.31506 0.056386
1650.42175 0.055209
1650.52856 0.054088
1650.63525 0.053013
1650.74207 0.051976
1650.84875 0.05097
1650.95557 0.049985
1651.06226 0.049014
1651.16907 0.048049
1651.27588 0.047093
1651.38257 0.046148
1651.48938 0.045221
1651.59607 0.044316
1651.70288 0.043437
1651.80957 0.042588
1651.91638 0.041774
1652.02307 0.041001
1652.12988 0.040271
1652.23657 0.039585
1652.34338 0.03894
1652.45007 0.03833
1652.55688 0.037754
1652.66357 0.037206
1652.77039 0.036682
1652.87708 0.036179
1652.98389 0.035693
1653.09058 0.035219
1653.19739 0.034755
1653.30408 0.034299
1653.41089 0.03385
1653.51758 0.033406
1653.62439 0.032966
1653.73108 0.032528
1653.83789 0.032092
1653.94470 0.031656
1654.05139 0.031219
1654.15820 0.030779
1654.26489 0.030337
1654.37170 0.029896
1654.47839 0.029456
1654.58521 0.029021
1654.69189 0.02859
1654.79871 0.028167
1654.90540 0.027753
1655.01221 0.027349
1655.11890 0.026958
1655.22571 0.026579
1655.33240 0.026212
1655.43921 0.025856
1655.54590 0.02551
1655.65271 0.025173
1655.75940 0.024842
1655.86621 0.024519
1655.97290 0.024201
1656.07971 0.023887
1656.18640 0.023576
1656.29321 0.023269
1656.40002 0.022963
1656.50671 0.022659
1656.61353 0.022357
1656.72021 0.022055
1656.82703 0.021753
1656.93372 0.021451
1657.04053 0.021147
1657.14722 0.020843
1657.25403 0.020537
1657.36072 0.020232
1657.46753 0.019929
1657.57422 0.019629
1657.68103 0.019334
1657.78772 0.019044
1657.89453 0.018761
1658.00122 0.018487
1658.10803 0.018222
1658.21472 0.017967
1658.32153 0.017721
1658.42822 0.017484
1658.53503 0.017255
1658.64172 0.017033
1658.74854 0.016817
1658.85522 0.016606
1658.96204 0.0164
1659.06885 0.016198
1659.17554 0.015999
1659.28235 0.015802
1659.38904 0.015609
1659.49585 0.015417
1659.60254 0.015227
1659.70935 0.015039
1659.81604 0.014852
1659.92285 0.014666
1660.02954 0.01448
1660.13635 0.014296
1660.24304 0.014112
1660.34985 0.01393
1660.45654 0.01375
1660.56335 0.013573
1660.67004 0.013401
1660.77686 0.013234
1660.88354 0.013073
1660.99036 0.012918
1661.09705 0.01277
1661.20386 0.012631
1661.31055 0.012498
1661.41736 0.012372
1661.52405 0.012251
1661.63086 0.012135
1661.73767 0.012022
1661.84436 0.011912
1661.95117 0.011805
1662.05786 0.011698
1662.16467 0.011592
1662.27136 0.011487
1662.37817 0.011383
1662.48486 0.01128
1662.59167 0.01118
1662.69836 0.011082
1662.80518 0.010988
1662.91187 0.010898
1663.01868 0.010812
1663.12537 0.010731
1663.23218 0.010655
1663.33887 0.010583
1663.44568 0.010516
1663.55237 0.010452
1663.65918 0.010391
1663.76587 0.010334
1663.87268 0.010279
1663.97937 0.010226
1664.08618 0.010175
1664.19299 0.010125
1664.29968 0.010077
1664.40649 0.01003
1664.51318 0.009984
1664.62000 0.009939
1664.72668 0.009896
1664.83350 0.009853
1664.94019 0.009812
1665.04700 0.009771
1665.15369 0.009731
1665.26050 0.009692
1665.36719 0.009654
1665.47400 0.009617
1665.58069 0.009581
1665.68750 0.009547
1665.79419 0.009513
1665.90100 0.009481
1666.00769 0.009449
1666.11450 0.00942
1666.22119 0.009391
1666.32800 0.009364
1666.43469 0.009337
1666.54150 0.009312
1666.64819 0.009287
1666.75500 0.009263
1666.86182 0.009239
1666.96851 0.009216
1667.07532 0.009193
1667.18201 0.00917
1667.28882 0.009147
1667.39551 0.009124
1667.50232 0.0091
1667.60901 0.009076
1667.71582 0.009051
1667.82251 0.009025
1667.92932 0.008999
1668.03601 0.008971
1668.14282 0.008943
1668.24951 0.008913
1668.35632 0.008882
1668.46301 0.00885
1668.56982 0.008817
1668.67651 0.008784
1668.78333 0.00875
1668.89001 0.008715
1668.99683 0.00868
1669.10352 0.008645
1669.21033 0.00861
1669.31702 0.008574
1669.42383 0.008538
1669.53064 0.008502
1669.63733 0.008465
1669.74414 0.008428
1669.85083 0.008391
1669.95764 0.008354
1670.06433 0.008316
1670.17114 0.008277
1670.27783 0.008238
1670.38464 0.008198
1670.49133 0.008158
1670.59814 0.008117
1670.70483 0.008074
1670.81165 0.008031
1670.91833 0.007986
1671.02515 0.00794
1671.13184 0.007892
1671.23865 0.007843
1671.34534 0.007793
1671.45215 0.007742
1671.55884 0.00769
1671.66565 0.007638
1671.77234 0.007585
1671.87915 0.007532
1671.98596 0.007479
1672.09265 0.007427
1672.19946 0.007375
1672.30615 0.007324
1672.41296 0.007273
1672.51965 0.007223
1672.62646 0.007173
1672.73315 0.007123
1672.83997 0.007074
1672.94666 0.007025
1673.05347 0.006977
1673.16016 0.006929
1673.26697 0.006881
1673.37366 0.006832
1673.48047 0.006783
1673.58716 0.006733
1673.69397 0.006681
1673.80066 0.006627
1673.90747 0.006571
1674.01416 0.006513
1674.12097 0.006451
1674.22766 0.006387
1674.33447 0.006322
1674.44116 0.006256
1674.54797 0.006191
1674.65479 0.006129
1674.76147 0.006069
1674.86829 0.006015
1674.97498 0.005966
1675.08179 0.005923
1675.18848 0.005889
1675.29529 0.005862
1675.40198 0.005841
1675.50879 0.005826
1675.61548 0.005815
1675.72229 0.005807
1675.82898 0.005803
1675.93579 0.0058
1676.04248 0.005799
1676.14929 0.005798
1676.25598 0.005796
1843.88159 0.0
