threeML/data/optical_filters/TD1/SPEC-F1740.ecsv
# %ECSV 0.9
# ---
# datatype:
# - {name: wavelength, unit: Angstrom, datatype: float32}
# - {name: response, datatype: float32}
# meta: !!omap
# - {band_name: F1740}
# - {group_name: SPEC}
wavelength response
1518.24683 0.0
1686.94092 0.010058
1687.04773 0.010124
1687.15442 0.01019
1687.26123 0.010256
1687.36792 0.010321
1687.47473 0.010387
1687.58142 0.010453
1687.68823 0.01052
1687.79504 0.010587
1687.90173 0.010655
1688.00854 0.010725
1688.11523 0.010795
1688.22205 0.010868
1688.32874 0.010941
1688.43555 0.011015
1688.54224 0.011089
1688.64905 0.011163
1688.75574 0.011236
1688.86255 0.011308
1688.96924 0.011378
1689.07605 0.011447
1689.18274 0.011514
1689.28955 0.011578
1689.39624 0.011642
1689.50305 0.011704
1689.60974 0.011765
1689.71655 0.011827
1689.82324 0.011888
1689.93005 0.01195
1690.03674 0.012013
1690.14355 0.012078
1690.25024 0.012143
1690.35706 0.01221
1690.46387 0.012277
1690.57056 0.012345
1690.67737 0.012412
1690.78406 0.012478
1690.89087 0.012543
1690.99756 0.012607
1691.10437 0.012669
1691.21106 0.012729
1691.31787 0.012787
1691.42456 0.012843
1691.53137 0.012899
1691.63806 0.012953
1691.74487 0.013007
1691.85156 0.01306
1691.95837 0.013114
1692.06506 0.013168
1692.17188 0.013222
1692.27856 0.013278
1692.38538 0.013334
1692.49207 0.013391
1692.59888 0.013448
1692.70557 0.013507
1692.81238 0.013566
1692.91907 0.013626
1693.02588 0.013687
1693.13269 0.013749
1693.23938 0.013812
1693.34619 0.013875
1693.45288 0.013939
1693.55969 0.014004
1693.66638 0.014069
1693.77319 0.014134
1693.87988 0.014199
1693.98669 0.014265
1694.09338 0.01433
1694.20020 0.014395
1694.30688 0.014461
1694.41370 0.014526
1694.52039 0.014592
1694.62720 0.014658
1694.73389 0.014724
1694.84070 0.014791
1694.94739 0.014859
1695.05420 0.014927
1695.16089 0.014997
1695.26770 0.015067
1695.37439 0.015139
1695.48120 0.015213
1695.58789 0.01529
1695.69470 0.015368
1695.80151 0.01545
1695.90820 0.015535
1696.01501 0.015624
1696.12170 0.015716
1696.22852 0.015813
1696.33521 0.015913
1696.44202 0.016016
1696.54871 0.016121
1696.65552 0.016229
1696.76221 0.016339
1696.86902 0.01645
1696.97571 0.016562
1697.08252 0.016675
1697.18921 0.016787
1697.29602 0.0169
1697.40271 0.017013
1697.50952 0.017127
1697.61621 0.017242
1697.72302 0.017357
1697.82971 0.017474
1697.93652 0.017592
1698.04321 0.017711
1698.15002 0.017831
1698.25684 0.017954
1698.36353 0.018079
1698.47034 0.018206
1698.57703 0.018337
1698.68384 0.018472
1698.79053 0.01861
1698.89734 0.018754
1699.00403 0.018902
1699.11084 0.019056
1699.21753 0.019215
1699.32434 0.019379
1699.43103 0.019548
1699.53784 0.019719
1699.64453 0.019894
1699.75134 0.02007
1699.85803 0.020247
1699.96484 0.020425
1700.07153 0.020602
1700.17834 0.020778
1700.28503 0.020953
1700.39185 0.021128
1700.49854 0.021302
1700.60535 0.021477
1700.71204 0.021651
1700.81885 0.021825
1700.92566 0.022
1701.03235 0.022176
1701.13916 0.022353
1701.24585 0.022531
1701.35266 0.022712
1701.45935 0.022897
1701.56616 0.023086
1701.67285 0.023281
1701.77966 0.023482
1701.88635 0.02369
1701.99316 0.023907
1702.09985 0.024133
1702.20667 0.024368
1702.31335 0.024612
1702.42017 0.024862
1702.52686 0.025119
1702.63367 0.02538
1702.74036 0.025644
1702.84717 0.02591
1702.95386 0.026176
1703.06067 0.026441
1703.16736 0.026705
1703.27417 0.026969
1703.38086 0.027234
1703.48767 0.027504
1703.59448 0.02778
1703.70117 0.028064
1703.80798 0.02836
1703.91467 0.028669
1704.02148 0.028993
1704.12817 0.029334
1704.23499 0.029694
1704.34167 0.030069
1704.44849 0.030459
1704.55518 0.030862
1704.66199 0.031275
1704.76868 0.031698
1704.87549 0.032127
1704.98218 0.032562
1705.08899 0.033001
1705.19568 0.033443
1705.30249 0.033887
1705.40918 0.034335
1705.51599 0.034789
1705.62268 0.035247
1705.72949 0.035712
1705.83618 0.036185
1705.94299 0.036665
1706.04980 0.037154
1706.15649 0.037653
1706.26331 0.038164
1706.37000 0.038688
1706.47681 0.039228
1706.58350 0.039786
1706.69031 0.040364
1706.79700 0.040965
1706.90381 0.041589
1707.01050 0.042241
1707.11731 0.042921
1707.22400 0.04363
1707.33081 0.044363
1707.43750 0.045118
1707.54431 0.045891
1707.65100 0.046679
1707.75781 0.047477
1707.86450 0.048283
1707.97131 0.049092
1708.07800 0.049902
1708.18481 0.050709
1708.29150 0.051514
1708.39832 0.052317
1708.50500 0.05312
1708.61182 0.053923
1708.71863 0.054728
1708.82532 0.055536
1708.93213 0.056346
1709.03882 0.057161
1709.14563 0.057982
1709.25232 0.058811
1709.35913 0.059654
1709.46582 0.060515
1709.57263 0.061399
1709.67932 0.062311
1709.78613 0.063256
1709.89282 0.064239
1709.99963 0.065265
1710.10632 0.066337
1710.21313 0.067459
1710.31982 0.068627
1710.42664 0.069839
1710.53333 0.071091
1710.64014 0.07238
1710.74683 0.073702
1710.85364 0.075055
1710.96033 0.076434
1711.06714 0.077838
1711.17383 0.079263
1711.28064 0.080711
1711.38745 0.082183
1711.49414 0.083682
1711.60095 0.085209
1711.70764 0.086767
1711.81445 0.088357
1711.92114 0.089982
1712.02795 0.091644
1712.13464 0.093345
1712.24146 0.09509
1712.34814 0.096889
1712.45496 0.098749
1712.56165 0.10068
1712.66846 0.102689
1712.77515 0.104786
1712.88196 0.106979
1712.98865 0.109276
1713.09546 0.111686
1713.20215 0.114212
1713.30896 0.116843
1713.41565 0.119568
1713.52246 0.122375
1713.62915 0.125251
1713.73596 0.128184
1713.84265 0.131163
1713.94946 0.134175
1714.05627 0.137208
1714.16296 0.140252
1714.26978 0.143307
1714.37646 0.146377
1714.48328 0.149466
1714.58997 0.152578
1714.69678 0.155717
1714.80347 0.158888
1714.91028 0.162096
1715.01697 0.165343
1715.12378 0.168636
1715.23047 0.171981
1715.33728 0.175391
1715.44397 0.17888
1715.55078 0.182459
1715.65747 0.186141
1715.76428 0.18994
1715.87097 0.193868
1715.97778 0.197937
1716.08447 0.202161
1716.19128 0.206543
1716.29797 0.21106
1716.40479 0.215683
1716.51160 0.220384
1716.61829 0.225134
1716.72510 0.229905
1716.83179 0.234669
1716.93860 0.239396
1717.04529 0.244059
1717.15210 0.248632
1717.25879 0.253126
1717.36560 0.257571
1717.47229 0.261994
1717.57910 0.266427
1717.68579 0.270899
1717.79260 0.27544
1717.89929 0.280078
1718.00610 0.284844
1718.11279 0.289767
1718.21960 0.294852
1718.32629 0.300072
1718.43311 0.305395
1718.53979 0.310791
1718.64661 0.316228
1718.75330 0.321676
1718.86011 0.327104
1718.96680 0.332481
1719.07361 0.337776
1719.18042 0.342965
1719.28711 0.348052
1719.39392 0.353049
1719.50061 0.357967
1719.60742 0.362818
1719.71411 0.367613
1719.82092 0.372364
1719.92761 0.377081
1720.03442 0.381778
1720.14111 0.386464
1720.24792 0.391153
1720.35461 0.395856
1720.46143 0.400586
1720.56812 0.405357
1720.67493 0.41018
1720.78162 0.415067
1720.88843 0.420033
1720.99512 0.425088
1721.10193 0.430245
1721.20862 0.435507
1721.31543 0.440851
1721.42212 0.446256
1721.52893 0.451698
1721.63562 0.457155
1721.74243 0.462603
1721.84924 0.468021
1721.95593 0.473384
1722.06274 0.478671
1722.16943 0.483862
1722.27625 0.488961
1722.38293 0.493981
1722.48975 0.498932
1722.59644 0.503827
1722.70325 0.508678
1722.80994 0.513495
1722.91675 0.518292
1723.02344 0.52308
1723.13025 0.527871
1723.23694 0.532674
1723.34375 0.537499
1723.45044 0.542354
1723.55725 0.547248
1723.66394 0.55219
1723.77075 0.557188
1723.87744 0.562251
1723.98425 0.567387
1724.09094 0.572605
1724.19775 0.577906
1724.30457 0.583264
1724.41125 0.588654
1724.51807 0.594048
1724.62476 0.59942
1724.73157 0.604742
1724.83826 0.609987
1724.94507 0.615128
1725.05176 0.620139
1725.15857 0.624995
1725.26526 0.6297
1725.37207 0.634269
1725.47876 0.638719
1725.58557 0.643064
1725.69226 0.647321
1725.79907 0.651504
1725.90576 0.655631
1726.01257 0.659716
1726.11926 0.663775
1726.22607 0.667825
1726.33276 0.671883
1726.43958 0.675968
1726.54626 0.680097
1726.65308 0.684288
1726.75977 0.688559
1726.86658 0.692928
1726.97339 0.697413
1727.08008 0.702031
1727.18689 0.706792
1727.29358 0.711673
1727.40039 0.716646
1727.50708 0.721684
1727.61389 0.726758
1727.72058 0.731839
1727.82739 0.7369
1727.93408 0.741912
1728.04089 0.746846
1728.14758 0.751678
1728.25439 0.756415
1728.36108 0.761082
1728.46790 0.765707
1728.57458 0.770317
1728.68140 0.774937
1728.78809 0.779595
1728.89490 0.784318
1729.00159 0.789133
1729.10840 0.794065
1729.21509 0.79912
1729.32190 0.804268
1729.42859 0.809477
1729.53540 0.814714
1729.64221 0.819945
1729.74890 0.825139
1729.85571 0.830263
1729.96240 0.835284
1730.06921 0.840169
1730.17590 0.844892
1730.28271 0.849456
1730.38940 0.853875
1730.49622 0.858159
1730.60291 0.862321
1730.70972 0.866373
1730.81641 0.870327
1730.92322 0.874195
1731.02991 0.877989
1731.13672 0.881722
1731.24341 0.885395
1731.35022 0.889006
1731.45691 0.892552
1731.56372 0.896028
1731.67041 0.899431
1731.77722 0.902759
1731.88391 0.906006
1731.99072 0.909171
1732.09753 0.912248
1732.20422 0.915235
1732.31104 0.918127
1732.41772 0.920917
1732.52454 0.923602
1732.63123 0.926175
1732.73804 0.928633
1732.84473 0.930969
1732.95154 0.933179
1733.05823 0.935257
1733.16504 0.937201
1733.27173 0.939021
1733.37854 0.940732
1733.48523 0.94235
1733.59204 0.943891
1733.69873 0.945369
1733.80554 0.946802
1733.91223 0.948204
1734.01904 0.949591
1734.12573 0.950978
1734.23254 0.952374
1734.33923 0.953779
1734.44604 0.955196
1734.55273 0.956624
1734.65955 0.958065
1734.76636 0.95952
1734.87305 0.96099
1734.97986 0.962475
1735.08655 0.963977
1735.19336 0.965495
1735.30005 0.96702
1735.40686 0.968546
1735.51355 0.970063
1735.62036 0.971563
1735.72705 0.973038
1735.83386 0.97448
1735.94055 0.97588
1736.04736 0.977231
1736.15405 0.978524
1736.26086 0.979758
1736.36755 0.980938
1736.47437 0.982066
1736.58105 0.983145
1736.68787 0.984178
1736.79456 0.985168
1736.90137 0.986119
1737.00806 0.987032
1737.11487 0.987912
1737.22156 0.98876
1737.32837 0.989578
1737.43518 0.990364
1737.54187 0.991121
1737.64868 0.991848
1737.75537 0.992546
1737.86218 0.993216
1737.96887 0.993858
1738.07568 0.994472
1738.18237 0.99506
1738.28918 0.995619
1738.39587 0.996148
1738.50269 0.996646
1738.60938 0.997111
1738.71619 0.997542
1738.82288 0.997937
1738.92969 0.998294
1739.03638 0.998612
1739.14319 0.998891
1739.24988 0.99913
1739.35669 0.999333
1739.46338 0.999502
1739.57019 0.999641
1739.67688 0.999753
1739.78369 0.99984
1739.89050 0.999906
1739.99719 0.999952
1740.10400 0.999983
1740.21069 0.999999
1740.31750 1.0
1740.42419 0.999984
1740.53101 0.99995
1740.63770 0.999896
1740.74451 0.999821
1740.85120 0.999724
1740.95801 0.999603
1741.06470 0.999457
1741.17151 0.999286
1741.27820 0.999089
1741.38501 0.998867
1741.49170 0.998621
1741.59851 0.998353
1741.70520 0.998064
1741.81201 0.997753
1741.91870 0.997423
1742.02551 0.997074
1742.13220 0.996706
1742.23901 0.99632
1742.34570 0.99591
1742.45251 0.995475
1742.55933 0.995009
1742.66602 0.994511
1742.77283 0.993976
1742.87952 0.9934
1742.98633 0.992781
1743.09302 0.992115
1743.19983 0.9914
1743.30652 0.990638
1743.41333 0.989833
1743.52002 0.988987
1743.62683 0.988103
1743.73352 0.987183
1743.84033 0.986232
1743.94702 0.985251
1744.05383 0.984244
1744.16052 0.983212
1744.26733 0.982157
1744.37402 0.981077
1744.48083 0.979971
1744.58752 0.978838
1744.69434 0.977676
1744.80103 0.976486
1744.90784 0.975265
1745.01453 0.974014
1745.12134 0.97273
1745.22815 0.971411
1745.33484 0.970053
1745.44165 0.968649
1745.54834 0.967197
1745.65515 0.965689
1745.76184 0.964122
1745.86865 0.962491
1745.97534 0.960791
1746.08215 0.959016
1746.18884 0.957166
1746.29565 0.955248
1746.40234 0.953274
1746.50916 0.951252
1746.61584 0.949194
1746.72266 0.947111
1746.82935 0.945012
1746.93616 0.942908
1747.04285 0.940809
1747.14966 0.938725
1747.25635 0.936656
1747.36316 0.934596
1747.46985 0.932538
1747.57666 0.930477
1747.68335 0.928407
1747.79016 0.926323
1747.89697 0.924218
1748.00366 0.922087
1748.11047 0.919922
1748.21716 0.917711
1748.32397 0.915425
1748.43066 0.913035
1748.53748 0.910513
1748.64417 0.907829
1748.75098 0.904954
1748.85767 0.901861
1748.96448 0.898519
1749.07117 0.894901
1749.17798 0.890986
1749.28467 0.886796
1749.39148 0.882361
1749.49817 0.877714
1749.60498 0.872886
1749.71167 0.867908
1749.81848 0.862812
1749.92517 0.857629
1750.03198 0.852391
1750.13867 0.847128
1750.24548 0.841855
1750.35229 0.836573
1750.45898 0.831285
1750.56580 0.825992
1750.67249 0.820696
1750.77930 0.815398
1750.88599 0.810101
1750.99280 0.804807
1751.09949 0.799517
1751.20630 0.79423
1751.31299 0.788942
1751.41980 0.783646
1751.52649 0.778337
1751.63330 0.773009
1751.73999 0.767655
1751.84680 0.762272
1751.95349 0.756851
1752.06030 0.751388
1752.16699 0.74588
1752.27380 0.740341
1752.38049 0.734789
1752.48730 0.729244
1752.59399 0.723726
1752.70081 0.718255
1752.80750 0.71285
1752.91431 0.707531
1753.02112 0.702317
1753.12781 0.697227
1753.23462 0.692263
1753.34131 0.68741
1753.44812 0.682653
1753.55481 0.677977
1753.66162 0.673365
1753.76831 0.668804
1753.87512 0.664277
1753.98181 0.659768
1754.08862 0.655263
1754.19531 0.650747
1754.30212 0.646207
1754.40881 0.641628
1754.51562 0.636998
1754.62231 0.632304
1754.72913 0.627533
1754.83582 0.622671
1754.94263 0.617705
1755.04932 0.612623
1755.15613 0.607413
1755.26282 0.602096
1755.36963 0.596701
1755.47632 0.591262
1755.58313 0.585811
1755.68994 0.580378
1755.79663 0.574997
1755.90344 0.569698
1756.01013 0.564514
1756.11694 0.559477
1756.22363 0.55459
1756.33044 0.549826
1756.43713 0.545154
1756.54395 0.540542
1756.65063 0.53596
1756.75745 0.531378
1756.86414 0.526764
1756.97095 0.522087
1757.07764 0.517317
1757.18445 0.512434
1757.29114 0.507456
1757.39795 0.50241
1757.50464 0.497322
1757.61145 0.49222
1757.71814 0.487131
1757.82495 0.482082
1757.93164 0.477099
1758.03845 0.472209
1758.14526 0.467438
1758.25195 0.462786
1758.35876 0.458241
1758.46545 0.45379
1758.57227 0.449418
1758.67896 0.445114
1758.78577 0.440863
1758.89246 0.436652
1758.99927 0.432468
1759.10596 0.428297
1759.21277 0.424127
1759.31946 0.419948
1759.42627 0.415746
1759.53296 0.411513
1759.63977 0.407236
1759.74646 0.402905
1759.85327 0.398509
1759.95996 0.394036
1760.06677 0.389476
1760.17346 0.384822
1760.28027 0.380087
1760.38696 0.375292
1760.49377 0.370455
1760.60046 0.365598
1760.70728 0.36074
1760.81409 0.355901
1760.92078 0.351101
1761.02759 0.346359
1761.13428 0.341694
1761.24109 0.337109
1761.34778 0.332594
1761.45459 0.328137
1761.56128 0.323726
1761.66809 0.31935
1761.77478 0.314998
1761.88159 0.310658
1761.98828 0.30632
1762.09509 0.301971
1762.20178 0.297602
1762.30859 0.293205
1762.41528 0.28877
1762.52209 0.284292
1762.62878 0.279761
1762.73560 0.275169
1762.84229 0.27051
1762.94910 0.265775
1763.05579 0.260957
1763.16260 0.256049
1763.26929 0.251071
1763.37610 0.246048
1763.48291 0.241008
1763.58960 0.235975
1763.69641 0.230977
1763.80310 0.22604
1763.90991 0.22119
1764.01660 0.216455
1764.12341 0.211859
1764.23010 0.207412
1764.33691 0.203104
1764.44360 0.198926
1764.55042 0.194868
1764.65710 0.190919
1764.76392 0.187069
1764.87061 0.183308
1764.97742 0.179625
1765.08411 0.176011
1765.19092 0.172456
1765.29761 0.16895
1765.40442 0.165487
1765.51111 0.162059
1765.61792 0.158658
1765.72461 0.155276
1765.83142 0.151907
1765.93823 0.148543
1766.04492 0.145176
1766.15173 0.141802
1766.25842 0.138429
1766.36523 0.135073
1766.47192 0.131749
1766.57874 0.128473
1766.68542 0.125262
1766.79224 0.122128
1766.89893 0.119089
1767.00574 0.116157
1767.11243 0.113349
1767.21924 0.110668
1767.32593 0.108103
1767.43274 0.105646
1767.53943 0.103284
1767.64624 0.101006
1767.75293 0.098804
1767.85974 0.096666
1767.96643 0.094581
1768.07324 0.092541
1768.17993 0.090535
1768.28674 0.08856
1768.39343 0.086614
1768.50024 0.084694
1768.60706 0.082799
1768.71375 0.080925
1768.82056 0.079071
1768.92725 0.077233
1769.03406 0.07541
1769.14075 0.0736
1769.24756 0.071806
1769.35425 0.070035
1769.46106 0.068295
1769.56775 0.066594
1769.67456 0.06494
1769.78125 0.06334
1769.88806 0.061801
1769.99475 0.060332
1770.10156 0.05894
1770.20825 0.057627
1770.31506 0.056386
1770.42175 0.055209
1770.52856 0.054088
1770.63525 0.053013
1770.74207 0.051976
1770.84875 0.05097
1770.95557 0.049985
1771.06226 0.049014
1771.16907 0.048049
1771.27588 0.047093
1771.38257 0.046148
1771.48938 0.045221
1771.59607 0.044316
1771.70288 0.043437
1771.80957 0.042588
1771.91638 0.041774
1772.02307 0.041001
1772.12988 0.040271
1772.23657 0.039585
1772.34338 0.03894
1772.45007 0.03833
1772.55688 0.037754
1772.66357 0.037206
1772.77039 0.036682
1772.87708 0.036179
1772.98389 0.035693
1773.09058 0.035219
1773.19739 0.034755
1773.30408 0.034299
1773.41089 0.03385
1773.51758 0.033406
1773.62439 0.032966
1773.73108 0.032528
1773.83789 0.032092
1773.94470 0.031656
1774.05139 0.031219
1774.15820 0.030779
1774.26489 0.030337
1774.37170 0.029896
1774.47839 0.029456
1774.58521 0.029021
1774.69189 0.02859
1774.79871 0.028167
1774.90540 0.027753
1775.01221 0.027349
1775.11890 0.026958
1775.22571 0.026579
1775.33240 0.026212
1775.43921 0.025856
1775.54590 0.02551
1775.65271 0.025173
1775.75940 0.024842
1775.86621 0.024519
1775.97290 0.024201
1776.07971 0.023887
1776.18640 0.023576
1776.29321 0.023269
1776.40002 0.022963
1776.50671 0.022659
1776.61353 0.022357
1776.72021 0.022055
1776.82703 0.021753
1776.93372 0.021451
1777.04053 0.021147
1777.14722 0.020843
1777.25403 0.020537
1777.36072 0.020232
1777.46753 0.019929
1777.57422 0.019629
1777.68103 0.019334
1777.78772 0.019044
1777.89453 0.018761
1778.00122 0.018487
1778.10803 0.018222
1778.21472 0.017967
1778.32153 0.017721
1778.42822 0.017484
1778.53503 0.017255
1778.64172 0.017033
1778.74854 0.016817
1778.85522 0.016606
1778.96204 0.0164
1779.06885 0.016198
1779.17554 0.015999
1779.28235 0.015802
1779.38904 0.015609
1779.49585 0.015417
1779.60254 0.015227
1779.70935 0.015039
1779.81604 0.014852
1779.92285 0.014666
1780.02954 0.01448
1780.13635 0.014296
1780.24304 0.014112
1780.34985 0.01393
1780.45654 0.01375
1780.56335 0.013573
1780.67004 0.013401
1780.77686 0.013234
1780.88354 0.013073
1780.99036 0.012918
1781.09705 0.01277
1781.20386 0.012631
1781.31055 0.012498
1781.41736 0.012372
1781.52405 0.012251
1781.63086 0.012135
1781.73767 0.012022
1781.84436 0.011912
1781.95117 0.011805
1782.05786 0.011698
1782.16467 0.011592
1782.27136 0.011487
1782.37817 0.011383
1782.48486 0.01128
1782.59167 0.01118
1782.69836 0.011082
1782.80518 0.010988
1782.91187 0.010898
1783.01868 0.010812
1783.12537 0.010731
1783.23218 0.010655
1783.33887 0.010583
1783.44568 0.010516
1783.55237 0.010452
1783.65918 0.010391
1783.76587 0.010334
1783.87268 0.010279
1783.97937 0.010226
1784.08618 0.010175
1784.19299 0.010125
1784.29968 0.010077
1784.40649 0.01003
1784.51318 0.009984
1784.62000 0.009939
1784.72668 0.009896
1784.83350 0.009853
1784.94019 0.009812
1785.04700 0.009771
1785.15369 0.009731
1785.26050 0.009692
1785.36719 0.009654
1785.47400 0.009617
1785.58069 0.009581
1785.68750 0.009547
1785.79419 0.009513
1785.90100 0.009481
1786.00769 0.009449
1786.11450 0.00942
1786.22119 0.009391
1786.32800 0.009364
1786.43469 0.009337
1786.54150 0.009312
1786.64819 0.009287
1786.75500 0.009263
1786.86182 0.009239
1786.96851 0.009216
1787.07532 0.009193
1787.18201 0.00917
1787.28882 0.009147
1787.39551 0.009124
1787.50232 0.0091
1787.60901 0.009076
1787.71582 0.009051
1787.82251 0.009025
1787.92932 0.008999
1788.03601 0.008971
1788.14282 0.008943
1788.24951 0.008913
1788.35632 0.008882
1788.46301 0.00885
1788.56982 0.008817
1788.67651 0.008784
1788.78333 0.00875
1788.89001 0.008715
1788.99683 0.00868
1789.10352 0.008645
1789.21033 0.00861
1789.31702 0.008574
1789.42383 0.008538
1789.53064 0.008502
1789.63733 0.008465
1789.74414 0.008428
1789.85083 0.008391
1789.95764 0.008354
1790.06433 0.008316
1790.17114 0.008277
1790.27783 0.008238
1790.38464 0.008198
1790.49133 0.008158
1790.59814 0.008117
1790.70483 0.008074
1790.81165 0.008031
1790.91833 0.007986
1791.02515 0.00794
1791.13184 0.007892
1791.23865 0.007843
1791.34534 0.007793
1791.45215 0.007742
1791.55884 0.00769
1791.66565 0.007638
1791.77234 0.007585
1791.87915 0.007532
1791.98596 0.007479
1792.09265 0.007427
1792.19946 0.007375
1792.30615 0.007324
1792.41296 0.007273
1792.51965 0.007223
1792.62646 0.007173
1792.73315 0.007123
1792.83997 0.007074
1792.94666 0.007025
1793.05347 0.006977
1793.16016 0.006929
1793.26697 0.006881
1793.37366 0.006832
1793.48047 0.006783
1793.58716 0.006733
1793.69397 0.006681
1793.80066 0.006627
1793.90747 0.006571
1794.01416 0.006513
1794.12097 0.006451
1794.22766 0.006387
1794.33447 0.006322
1794.44116 0.006256
1794.54797 0.006191
1794.65479 0.006129
1794.76147 0.006069
1794.86829 0.006015
1794.97498 0.005966
1795.08179 0.005923
1795.18848 0.005889
1795.29529 0.005862
1795.40198 0.005841
1795.50879 0.005826
1795.61548 0.005815
1795.72229 0.005807
1795.82898 0.005803
1795.93579 0.0058
1796.04248 0.005799
1796.14929 0.005798
1796.25598 0.005796
1975.88159 0.0
