threeML/data/optical_filters/TD1/SPEC-F2080.ecsv
# %ECSV 0.9
# ---
# datatype:
# - {name: wavelength, unit: Angstrom, datatype: float32}
# - {name: response, datatype: float32}
# meta: !!omap
# - {band_name: F2080}
# - {group_name: SPEC}
wavelength response
1824.24719 0.0
2026.94128 0.010058
2027.04797 0.010124
2027.15479 0.01019
2027.26147 0.010256
2027.36829 0.010321
2027.47498 0.010387
2027.58179 0.010453
2027.68848 0.01052
2027.79529 0.010587
2027.90198 0.010655
2028.00879 0.010725
2028.11560 0.010795
2028.22229 0.010868
2028.32910 0.010941
2028.43579 0.011015
2028.54260 0.011089
2028.64929 0.011163
2028.75610 0.011236
2028.86279 0.011308
2028.96960 0.011378
2029.07629 0.011447
2029.18311 0.011514
2029.28979 0.011578
2029.39661 0.011642
2029.50330 0.011704
2029.61011 0.011765
2029.71680 0.011827
2029.82361 0.011888
2029.93030 0.01195
2030.03711 0.012013
2030.14380 0.012078
2030.25061 0.012143
2030.35730 0.01221
2030.46411 0.012277
2030.57080 0.012345
2030.67761 0.012412
2030.78442 0.012478
2030.89111 0.012543
2030.99792 0.012607
2031.10461 0.012669
2031.21143 0.012729
2031.31812 0.012787
2031.42493 0.012843
2031.53162 0.012899
2031.63843 0.012953
2031.74512 0.013007
2031.85193 0.01306
2031.95862 0.013114
2032.06543 0.013168
2032.17212 0.013222
2032.27893 0.013278
2032.38562 0.013334
2032.49243 0.013391
2032.59912 0.013448
2032.70593 0.013507
2032.81262 0.013566
2032.91943 0.013626
2033.02612 0.013687
2033.13293 0.013749
2033.23962 0.013812
2033.34644 0.013875
2033.45325 0.013939
2033.55994 0.014004
2033.66675 0.014069
2033.77344 0.014134
2033.88025 0.014199
2033.98694 0.014265
2034.09375 0.01433
2034.20044 0.014395
2034.30725 0.014461
2034.41394 0.014526
2034.52075 0.014592
2034.62744 0.014658
2034.73425 0.014724
2034.84094 0.014791
2034.94775 0.014859
2035.05444 0.014927
2035.16125 0.014997
2035.26794 0.015067
2035.37476 0.015139
2035.48145 0.015213
2035.58826 0.01529
2035.69495 0.015368
2035.80176 0.01545
2035.90857 0.015535
2036.01526 0.015624
2036.12207 0.015716
2036.22876 0.015813
2036.33557 0.015913
2036.44226 0.016016
2036.54907 0.016121
2036.65576 0.016229
2036.76257 0.016339
2036.86926 0.01645
2036.97607 0.016562
2037.08276 0.016675
2037.18958 0.016787
2037.29626 0.0169
2037.40308 0.017013
2037.50977 0.017127
2037.61658 0.017242
2037.72327 0.017357
2037.83008 0.017474
2037.93677 0.017592
2038.04358 0.017711
2038.15027 0.017831
2038.25708 0.017954
2038.36377 0.018079
2038.47058 0.018206
2038.57739 0.018337
2038.68408 0.018472
2038.79089 0.01861
2038.89758 0.018754
2039.00439 0.018902
2039.11108 0.019056
2039.21790 0.019215
2039.32458 0.019379
2039.43140 0.019548
2039.53809 0.019719
2039.64490 0.019894
2039.75159 0.02007
2039.85840 0.020247
2039.96509 0.020425
2040.07190 0.020602
2040.17859 0.020778
2040.28540 0.020953
2040.39209 0.021128
2040.49890 0.021302
2040.60559 0.021477
2040.71240 0.021651
2040.81909 0.021825
2040.92590 0.022
2041.03259 0.022176
2041.13940 0.022353
2041.24622 0.022531
2041.35291 0.022712
2041.45972 0.022897
2041.56641 0.023086
2041.67322 0.023281
2041.77991 0.023482
2041.88672 0.02369
2041.99341 0.023907
2042.10022 0.024133
2042.20691 0.024368
2042.31372 0.024612
2042.42041 0.024862
2042.52722 0.025119
2042.63391 0.02538
2042.74072 0.025644
2042.84741 0.02591
2042.95422 0.026176
2043.06091 0.026441
2043.16772 0.026705
2043.27441 0.026969
2043.38123 0.027234
2043.48792 0.027504
2043.59473 0.02778
2043.70154 0.028064
2043.80823 0.02836
2043.91504 0.028669
2044.02173 0.028993
2044.12854 0.029334
2044.23523 0.029694
2044.34204 0.030069
2044.44873 0.030459
2044.55554 0.030862
2044.66223 0.031275
2044.76904 0.031698
2044.87573 0.032127
2044.98254 0.032562
2045.08923 0.033001
2045.19604 0.033443
2045.30273 0.033887
2045.40955 0.034335
2045.51624 0.034789
2045.62305 0.035247
2045.72974 0.035712
2045.83655 0.036185
2045.94324 0.036665
2046.05005 0.037154
2046.15674 0.037653
2046.26355 0.038164
2046.37036 0.038688
2046.47705 0.039228
2046.58386 0.039786
2046.69055 0.040364
2046.79736 0.040965
2046.90405 0.041589
2047.01086 0.042241
2047.11755 0.042921
2047.22437 0.04363
2047.33105 0.044363
2047.43787 0.045118
2047.54456 0.045891
2047.65137 0.046679
2047.75806 0.047477
2047.86487 0.048283
2047.97156 0.049092
2048.07837 0.049902
2048.18506 0.050709
2048.29175 0.051514
2048.39868 0.052317
2048.50537 0.05312
2048.61206 0.053923
2048.71875 0.054728
2048.82568 0.055536
2048.93237 0.056346
2049.03906 0.057161
2049.14600 0.057982
2049.25269 0.058811
2049.35938 0.059654
2049.46606 0.060515
2049.57300 0.061399
2049.67969 0.062311
2049.78638 0.063256
2049.89307 0.064239
2050.00000 0.065265
2050.10669 0.066337
2050.21338 0.067459
2050.32007 0.068627
2050.42700 0.069839
2050.53369 0.071091
2050.64038 0.07238
2050.74707 0.073702
2050.85400 0.075055
2050.96069 0.076434
2051.06738 0.077838
2051.17407 0.079263
2051.28101 0.080711
2051.38770 0.082183
2051.49438 0.083682
2051.60132 0.085209
2051.70801 0.086767
2051.81470 0.088357
2051.92139 0.089982
2052.02832 0.091644
2052.13501 0.093345
2052.24170 0.09509
2052.34839 0.096889
2052.45532 0.098749
2052.56201 0.10068
2052.66870 0.102689
2052.77539 0.104786
2052.88232 0.106979
2052.98901 0.109276
2053.09570 0.111686
2053.20239 0.114212
2053.30933 0.116843
2053.41602 0.119568
2053.52271 0.122375
2053.62939 0.125251
2053.73633 0.128184
2053.84302 0.131163
2053.94971 0.134175
2054.05640 0.137208
2054.16333 0.140252
2054.27002 0.143307
2054.37671 0.146377
2054.48364 0.149466
2054.59033 0.152578
2054.69702 0.155717
2054.80371 0.158888
2054.91064 0.162096
2055.01733 0.165343
2055.12402 0.168636
2055.23071 0.171981
2055.33765 0.175391
2055.44434 0.17888
2055.55103 0.182459
2055.65771 0.186141
2055.76465 0.18994
2055.87134 0.193868
2055.97803 0.197937
2056.08472 0.202161
2056.19165 0.206543
2056.29834 0.21106
2056.40503 0.215683
2056.51172 0.220384
2056.61865 0.225134
2056.72534 0.229905
2056.83203 0.234669
2056.93896 0.239396
2057.04565 0.244059
2057.15234 0.248632
2057.25903 0.253126
2057.36597 0.257571
2057.47266 0.261994
2057.57935 0.266427
2057.68604 0.270899
2057.79297 0.27544
2057.89966 0.280078
2058.00635 0.284844
2058.11304 0.289767
2058.21997 0.294852
2058.32666 0.300072
2058.43335 0.305395
2058.54004 0.310791
2058.64697 0.316228
2058.75366 0.321676
2058.86035 0.327104
2058.96704 0.332481
2059.07397 0.337776
2059.18066 0.342965
2059.28735 0.348052
2059.39429 0.353049
2059.50098 0.357967
2059.60767 0.362818
2059.71436 0.367613
2059.82129 0.372364
2059.92798 0.377081
2060.03467 0.381778
2060.14136 0.386464
2060.24829 0.391153
2060.35498 0.395856
2060.46167 0.400586
2060.56836 0.405357
2060.67529 0.41018
2060.78198 0.415067
2060.88867 0.420033
2060.99536 0.425088
2061.10229 0.430245
2061.20898 0.435507
2061.31567 0.440851
2061.42236 0.446256
2061.52930 0.451698
2061.63599 0.457155
2061.74268 0.462603
2061.84937 0.468021
2061.95630 0.473384
2062.06299 0.478671
2062.16968 0.483862
2062.27661 0.488961
2062.38330 0.493981
2062.48999 0.498932
2062.59668 0.503827
2062.70361 0.508678
2062.81030 0.513495
2062.91699 0.518292
2063.02368 0.52308
2063.13062 0.527871
2063.23730 0.532674
2063.34399 0.537499
2063.45068 0.542354
2063.55762 0.547248
2063.66431 0.55219
2063.77100 0.557188
2063.87769 0.562251
2063.98462 0.567387
2064.09131 0.572605
2064.19800 0.577906
2064.30469 0.583264
2064.41162 0.588654
2064.51831 0.594048
2064.62500 0.59942
2064.73193 0.604742
2064.83862 0.609987
2064.94531 0.615128
2065.05200 0.620139
2065.15894 0.624995
2065.26562 0.6297
2065.37231 0.634269
2065.47900 0.638719
2065.58594 0.643064
2065.69263 0.647321
2065.79932 0.651504
2065.90601 0.655631
2066.01294 0.659716
2066.11963 0.663775
2066.22632 0.667825
2066.33301 0.671883
2066.43994 0.675968
2066.54663 0.680097
2066.65332 0.684288
2066.76001 0.688559
2066.86694 0.692928
2066.97363 0.697413
2067.08032 0.702031
2067.18726 0.706792
2067.29395 0.711673
2067.40063 0.716646
2067.50732 0.721684
2067.61426 0.726758
2067.72095 0.731839
2067.82764 0.7369
2067.93433 0.741912
2068.04126 0.746846
2068.14795 0.751678
2068.25464 0.756415
2068.36133 0.761082
2068.46826 0.765707
2068.57495 0.770317
2068.68164 0.774937
2068.78833 0.779595
2068.89526 0.784318
2069.00195 0.789133
2069.10864 0.794065
2069.21533 0.79912
2069.32227 0.804268
2069.42896 0.809477
2069.53564 0.814714
2069.64233 0.819945
2069.74927 0.825139
2069.85596 0.830263
2069.96265 0.835284
2070.06958 0.840169
2070.17627 0.844892
2070.28296 0.849456
2070.38965 0.853875
2070.49658 0.858159
2070.60327 0.862321
2070.70996 0.866373
2070.81665 0.870327
2070.92358 0.874195
2071.03027 0.877989
2071.13696 0.881722
2071.24365 0.885395
2071.35059 0.889006
2071.45728 0.892552
2071.56396 0.896028
2071.67065 0.899431
2071.77759 0.902759
2071.88428 0.906006
2071.99097 0.909171
2072.09766 0.912248
2072.20459 0.915235
2072.31128 0.918127
2072.41797 0.920917
2072.52490 0.923602
2072.63159 0.926175
2072.73828 0.928633
2072.84497 0.930969
2072.95190 0.933179
2073.05859 0.935257
2073.16528 0.937201
2073.27197 0.939021
2073.37891 0.940732
2073.48560 0.94235
2073.59229 0.943891
2073.69897 0.945369
2073.80591 0.946802
2073.91260 0.948204
2074.01929 0.949591
2074.12598 0.950978
2074.23291 0.952374
2074.33960 0.953779
2074.44629 0.955196
2074.55298 0.956624
2074.65991 0.958065
2074.76660 0.95952
2074.87329 0.96099
2074.98022 0.962475
2075.08691 0.963977
2075.19360 0.965495
2075.30029 0.96702
2075.40723 0.968546
2075.51392 0.970063
2075.62061 0.971563
2075.72729 0.973038
2075.83423 0.97448
2075.94092 0.97588
2076.04761 0.977231
2076.15430 0.978524
2076.26123 0.979758
2076.36792 0.980938
2076.47461 0.982066
2076.58130 0.983145
2076.68823 0.984178
2076.79492 0.985168
2076.90161 0.986119
2077.00830 0.987032
2077.11523 0.987912
2077.22192 0.98876
2077.32861 0.989578
2077.43530 0.990364
2077.54224 0.991121
2077.64893 0.991848
2077.75562 0.992546
2077.86255 0.993216
2077.96924 0.993858
2078.07593 0.994472
2078.18262 0.99506
2078.28955 0.995619
2078.39624 0.996148
2078.50293 0.996646
2078.60962 0.997111
2078.71655 0.997542
2078.82324 0.997937
2078.92993 0.998294
2079.03662 0.998612
2079.14355 0.998891
2079.25024 0.99913
2079.35693 0.999333
2079.46362 0.999502
2079.57056 0.999641
2079.67725 0.999753
2079.78394 0.99984
2079.89062 0.999906
2079.99756 0.999952
2080.10425 0.999983
2080.21094 0.999999
2080.31787 1.0
2080.42456 0.999984
2080.53125 0.99995
2080.63794 0.999896
2080.74487 0.999821
2080.85156 0.999724
2080.95825 0.999603
2081.06494 0.999457
2081.17188 0.999286
2081.27856 0.999089
2081.38525 0.998867
2081.49194 0.998621
2081.59888 0.998353
2081.70557 0.998064
2081.81226 0.997753
2081.91895 0.997423
2082.02588 0.997074
2082.13257 0.996706
2082.23926 0.99632
2082.34595 0.99591
2082.45288 0.995475
2082.55957 0.995009
2082.66626 0.994511
2082.77319 0.993976
2082.87988 0.9934
2082.98657 0.992781
2083.09326 0.992115
2083.20020 0.9914
2083.30688 0.990638
2083.41357 0.989833
2083.52026 0.988987
2083.62720 0.988103
2083.73389 0.987183
2083.84058 0.986232
2083.94727 0.985251
2084.05420 0.984244
2084.16089 0.983212
2084.26758 0.982157
2084.37427 0.981077
2084.48120 0.979971
2084.58789 0.978838
2084.69458 0.977676
2084.80127 0.976486
2084.90820 0.975265
2085.01489 0.974014
2085.12158 0.97273
2085.22827 0.971411
2085.33521 0.970053
2085.44189 0.968649
2085.54858 0.967197
2085.65552 0.965689
2085.76221 0.964122
2085.86890 0.962491
2085.97559 0.960791
2086.08252 0.959016
2086.18921 0.957166
2086.29590 0.955248
2086.40259 0.953274
2086.50952 0.951252
2086.61621 0.949194
2086.72290 0.947111
2086.82959 0.945012
2086.93652 0.942908
2087.04321 0.940809
2087.14990 0.938725
2087.25659 0.936656
2087.36353 0.934596
2087.47021 0.932538
2087.57690 0.930477
2087.68359 0.928407
2087.79053 0.926323
2087.89722 0.924218
2088.00391 0.922087
2088.11084 0.919922
2088.21753 0.917711
2088.32422 0.915425
2088.43091 0.913035
2088.53784 0.910513
2088.64453 0.907829
2088.75122 0.904954
2088.85791 0.901861
2088.96484 0.898519
2089.07153 0.894901
2089.17822 0.890986
2089.28491 0.886796
2089.39185 0.882361
2089.49854 0.877714
2089.60522 0.872886
2089.71191 0.867908
2089.81885 0.862812
2089.92554 0.857629
2090.03223 0.852391
2090.13892 0.847128
2090.24585 0.841855
2090.35254 0.836573
2090.45923 0.831285
2090.56592 0.825992
2090.67285 0.820696
2090.77954 0.815398
2090.88623 0.810101
2090.99316 0.804807
2091.09985 0.799517
2091.20654 0.79423
2091.31323 0.788942
2091.42017 0.783646
2091.52686 0.778337
2091.63354 0.773009
2091.74023 0.767655
2091.84717 0.762272
2091.95386 0.756851
2092.06055 0.751388
2092.16724 0.74588
2092.27417 0.740341
2092.38086 0.734789
2092.48755 0.729244
2092.59424 0.723726
2092.70117 0.718255
2092.80786 0.71285
2092.91455 0.707531
2093.02124 0.702317
2093.12817 0.697227
2093.23486 0.692263
2093.34155 0.68741
2093.44849 0.682653
2093.55518 0.677977
2093.66187 0.673365
2093.76855 0.668804
2093.87549 0.664277
2093.98218 0.659768
2094.08887 0.655263
2094.19556 0.650747
2094.30249 0.646207
2094.40918 0.641628
2094.51587 0.636998
2094.62256 0.632304
2094.72949 0.627533
2094.83618 0.622671
2094.94287 0.617705
2095.04956 0.612623
2095.15649 0.607413
2095.26318 0.602096
2095.36987 0.596701
2095.47656 0.591262
2095.58350 0.585811
2095.69019 0.580378
2095.79688 0.574997
2095.90381 0.569698
2096.01050 0.564514
2096.11719 0.559477
2096.22388 0.55459
2096.33081 0.549826
2096.43750 0.545154
2096.54419 0.540542
2096.65088 0.53596
2096.75781 0.531378
2096.86450 0.526764
2096.97119 0.522087
2097.07788 0.517317
2097.18481 0.512434
2097.29150 0.507456
2097.39819 0.50241
2097.50488 0.497322
2097.61182 0.49222
2097.71851 0.487131
2097.82520 0.482082
2097.93188 0.477099
2098.03882 0.472209
2098.14551 0.467438
2098.25220 0.462786
2098.35889 0.458241
2098.46582 0.45379
2098.57251 0.449418
2098.67920 0.445114
2098.78613 0.440863
2098.89282 0.436652
2098.99951 0.432468
2099.10620 0.428297
2099.21313 0.424127
2099.31982 0.419948
2099.42651 0.415746
2099.53320 0.411513
2099.64014 0.407236
2099.74683 0.402905
2099.85352 0.398509
2099.96021 0.394036
2100.06714 0.389476
2100.17383 0.384822
2100.28052 0.380087
2100.38721 0.375292
2100.49414 0.370455
2100.60083 0.365598
2100.70752 0.36074
2100.81421 0.355901
2100.92114 0.351101
2101.02783 0.346359
2101.13452 0.341694
2101.24146 0.337109
2101.34814 0.332594
2101.45483 0.328137
2101.56152 0.323726
2101.66846 0.31935
2101.77515 0.314998
2101.88184 0.310658
2101.98853 0.30632
2102.09546 0.301971
2102.20215 0.297602
2102.30884 0.293205
2102.41553 0.28877
2102.52246 0.284292
2102.62915 0.279761
2102.73584 0.275169
2102.84253 0.27051
2102.94946 0.265775
2103.05615 0.260957
2103.16284 0.256049
2103.26953 0.251071
2103.37646 0.246048
2103.48315 0.241008
2103.58984 0.235975
2103.69678 0.230977
2103.80347 0.22604
2103.91016 0.22119
2104.01685 0.216455
2104.12378 0.211859
2104.23047 0.207412
2104.33716 0.203104
2104.44385 0.198926
2104.55078 0.194868
2104.65747 0.190919
2104.76416 0.187069
2104.87085 0.183308
2104.97778 0.179625
2105.08447 0.176011
2105.19116 0.172456
2105.29785 0.16895
2105.40479 0.165487
2105.51147 0.162059
2105.61816 0.158658
2105.72485 0.155276
2105.83179 0.151907
2105.93848 0.148543
2106.04517 0.145176
2106.15186 0.141802
2106.25879 0.138429
2106.36548 0.135073
2106.47217 0.131749
2106.57910 0.128473
2106.68579 0.125262
2106.79248 0.122128
2106.89917 0.119089
2107.00610 0.116157
2107.11279 0.113349
2107.21948 0.110668
2107.32617 0.108103
2107.43311 0.105646
2107.53979 0.103284
2107.64648 0.101006
2107.75317 0.098804
2107.86011 0.096666
2107.96680 0.094581
2108.07349 0.092541
2108.18018 0.090535
2108.28711 0.08856
2108.39380 0.086614
2108.50049 0.084694
2108.60718 0.082799
2108.71411 0.080925
2108.82080 0.079071
2108.92749 0.077233
2109.03442 0.07541
2109.14111 0.0736
2109.24780 0.071806
2109.35449 0.070035
2109.46143 0.068295
2109.56812 0.066594
2109.67480 0.06494
2109.78149 0.06334
2109.88843 0.061801
2109.99512 0.060332
2110.10181 0.05894
2110.20850 0.057627
2110.31543 0.056386
2110.42212 0.055209
2110.52881 0.054088
2110.63550 0.053013
2110.74243 0.051976
2110.84912 0.05097
2110.95581 0.049985
2111.06250 0.049014
2111.16943 0.048049
2111.27612 0.047093
2111.38281 0.046148
2111.48975 0.045221
2111.59644 0.044316
2111.70312 0.043437
2111.80981 0.042588
2111.91675 0.041774
2112.02344 0.041001
2112.13013 0.040271
2112.23682 0.039585
2112.34375 0.03894
2112.45044 0.03833
2112.55713 0.037754
2112.66382 0.037206
2112.77075 0.036682
2112.87744 0.036179
2112.98413 0.035693
2113.09082 0.035219
2113.19775 0.034755
2113.30444 0.034299
2113.41113 0.03385
2113.51782 0.033406
2113.62476 0.032966
2113.73145 0.032528
2113.83813 0.032092
2113.94482 0.031656
2114.05176 0.031219
2114.15845 0.030779
2114.26514 0.030337
2114.37207 0.029896
2114.47876 0.029456
2114.58545 0.029021
2114.69214 0.02859
2114.79907 0.028167
2114.90576 0.027753
2115.01245 0.027349
2115.11914 0.026958
2115.22607 0.026579
2115.33276 0.026212
2115.43945 0.025856
2115.54614 0.02551
2115.65308 0.025173
2115.75977 0.024842
2115.86646 0.024519
2115.97314 0.024201
2116.08008 0.023887
2116.18677 0.023576
2116.29346 0.023269
2116.40015 0.022963
2116.50708 0.022659
2116.61377 0.022357
2116.72046 0.022055
2116.82739 0.021753
2116.93408 0.021451
2117.04077 0.021147
2117.14746 0.020843
2117.25439 0.020537
2117.36108 0.020232
2117.46777 0.019929
2117.57446 0.019629
2117.68140 0.019334
2117.78809 0.019044
2117.89478 0.018761
2118.00146 0.018487
2118.10840 0.018222
2118.21509 0.017967
2118.32178 0.017721
2118.42847 0.017484
2118.53540 0.017255
2118.64209 0.017033
2118.74878 0.016817
2118.85547 0.016606
2118.96240 0.0164
2119.06909 0.016198
2119.17578 0.015999
2119.28271 0.015802
2119.38940 0.015609
2119.49609 0.015417
2119.60278 0.015227
2119.70972 0.015039
2119.81641 0.014852
2119.92310 0.014666
2120.02979 0.01448
2120.13672 0.014296
2120.24341 0.014112
2120.35010 0.01393
2120.45679 0.01375
2120.56372 0.013573
2120.67041 0.013401
2120.77710 0.013234
2120.88379 0.013073
2120.99072 0.012918
2121.09741 0.01277
2121.20410 0.012631
2121.31079 0.012498
2121.41772 0.012372
2121.52441 0.012251
2121.63110 0.012135
2121.73779 0.012022
2121.84473 0.011912
2121.95142 0.011805
2122.05811 0.011698
2122.16504 0.011592
2122.27173 0.011487
2122.37842 0.011383
2122.48511 0.01128
2122.59204 0.01118
2122.69873 0.011082
2122.80542 0.010988
2122.91211 0.010898
2123.01904 0.010812
2123.12573 0.010731
2123.23242 0.010655
2123.33911 0.010583
2123.44604 0.010516
2123.55273 0.010452
2123.65942 0.010391
2123.76611 0.010334
2123.87305 0.010279
2123.97974 0.010226
2124.08643 0.010175
2124.19312 0.010125
2124.30005 0.010077
2124.40674 0.01003
2124.51343 0.009984
2124.62036 0.009939
2124.72705 0.009896
2124.83374 0.009853
2124.94043 0.009812
2125.04736 0.009771
2125.15405 0.009731
2125.26074 0.009692
2125.36743 0.009654
2125.47437 0.009617
2125.58105 0.009581
2125.68774 0.009547
2125.79443 0.009513
2125.90137 0.009481
2126.00806 0.009449
2126.11475 0.00942
2126.22144 0.009391
2126.32837 0.009364
2126.43506 0.009337
2126.54175 0.009312
2126.64844 0.009287
2126.75537 0.009263
2126.86206 0.009239
2126.96875 0.009216
2127.07568 0.009193
2127.18237 0.00917
2127.28906 0.009147
2127.39575 0.009124
2127.50269 0.0091
2127.60938 0.009076
2127.71606 0.009051
2127.82275 0.009025
2127.92969 0.008999
2128.03638 0.008971
2128.14307 0.008943
2128.24976 0.008913
2128.35669 0.008882
2128.46338 0.00885
2128.57007 0.008817
2128.67676 0.008784
2128.78369 0.00875
2128.89038 0.008715
2128.99707 0.00868
2129.10376 0.008645
2129.21069 0.00861
2129.31738 0.008574
2129.42407 0.008538
2129.53076 0.008502
2129.63770 0.008465
2129.74438 0.008428
2129.85107 0.008391
2129.95801 0.008354
2130.06470 0.008316
2130.17139 0.008277
2130.27808 0.008238
2130.38501 0.008198
2130.49170 0.008158
2130.59839 0.008117
2130.70508 0.008074
2130.81201 0.008031
2130.91870 0.007986
2131.02539 0.00794
2131.13208 0.007892
2131.23901 0.007843
2131.34570 0.007793
2131.45239 0.007742
2131.55908 0.00769
2131.66602 0.007638
2131.77271 0.007585
2131.87939 0.007532
2131.98608 0.007479
2132.09302 0.007427
2132.19971 0.007375
2132.30640 0.007324
2132.41333 0.007273
2132.52002 0.007223
2132.62671 0.007173
2132.73340 0.007123
2132.84033 0.007074
2132.94702 0.007025
2133.05371 0.006977
2133.16040 0.006929
2133.26733 0.006881
2133.37402 0.006832
2133.48071 0.006783
2133.58740 0.006733
2133.69434 0.006681
2133.80103 0.006627
2133.90771 0.006571
2134.01440 0.006513
2134.12134 0.006451
2134.22803 0.006387
2134.33472 0.006322
2134.44141 0.006256
2134.54834 0.006191
2134.65503 0.006129
2134.76172 0.006069
2134.86865 0.006015
2134.97534 0.005966
2135.08203 0.005923
2135.18872 0.005889
2135.29565 0.005862
2135.40234 0.005841
2135.50903 0.005826
2135.61572 0.005815
2135.72266 0.005807
2135.82935 0.005803
2135.93604 0.0058
2136.04272 0.005799
2136.14966 0.005798
2349.76465 0.0
