threeML/data/optical_filters/TD1/SPEC-F1720.ecsv
# %ECSV 0.9
# ---
# datatype:
# - {name: wavelength, unit: Angstrom, datatype: float32}
# - {name: response, datatype: float32}
# meta: !!omap
# - {band_name: F1720}
# - {group_name: SPEC}
wavelength response
1500.24683 0.0
1666.94092 0.010058
1667.04773 0.010124
1667.15442 0.01019
1667.26123 0.010256
1667.36792 0.010321
1667.47473 0.010387
1667.58142 0.010453
1667.68823 0.01052
1667.79504 0.010587
1667.90173 0.010655
1668.00854 0.010725
1668.11523 0.010795
1668.22205 0.010868
1668.32874 0.010941
1668.43555 0.011015
1668.54224 0.011089
1668.64905 0.011163
1668.75574 0.011236
1668.86255 0.011308
1668.96924 0.011378
1669.07605 0.011447
1669.18274 0.011514
1669.28955 0.011578
1669.39624 0.011642
1669.50305 0.011704
1669.60974 0.011765
1669.71655 0.011827
1669.82324 0.011888
1669.93005 0.01195
1670.03674 0.012013
1670.14355 0.012078
1670.25024 0.012143
1670.35706 0.01221
1670.46387 0.012277
1670.57056 0.012345
1670.67737 0.012412
1670.78406 0.012478
1670.89087 0.012543
1670.99756 0.012607
1671.10437 0.012669
1671.21106 0.012729
1671.31787 0.012787
1671.42456 0.012843
1671.53137 0.012899
1671.63806 0.012953
1671.74487 0.013007
1671.85156 0.01306
1671.95837 0.013114
1672.06506 0.013168
1672.17188 0.013222
1672.27856 0.013278
1672.38538 0.013334
1672.49207 0.013391
1672.59888 0.013448
1672.70557 0.013507
1672.81238 0.013566
1672.91907 0.013626
1673.02588 0.013687
1673.13269 0.013749
1673.23938 0.013812
1673.34619 0.013875
1673.45288 0.013939
1673.55969 0.014004
1673.66638 0.014069
1673.77319 0.014134
1673.87988 0.014199
1673.98669 0.014265
1674.09338 0.01433
1674.20020 0.014395
1674.30688 0.014461
1674.41370 0.014526
1674.52039 0.014592
1674.62720 0.014658
1674.73389 0.014724
1674.84070 0.014791
1674.94739 0.014859
1675.05420 0.014927
1675.16089 0.014997
1675.26770 0.015067
1675.37439 0.015139
1675.48120 0.015213
1675.58789 0.01529
1675.69470 0.015368
1675.80151 0.01545
1675.90820 0.015535
1676.01501 0.015624
1676.12170 0.015716
1676.22852 0.015813
1676.33521 0.015913
1676.44202 0.016016
1676.54871 0.016121
1676.65552 0.016229
1676.76221 0.016339
1676.86902 0.01645
1676.97571 0.016562
1677.08252 0.016675
1677.18921 0.016787
1677.29602 0.0169
1677.40271 0.017013
1677.50952 0.017127
1677.61621 0.017242
1677.72302 0.017357
1677.82971 0.017474
1677.93652 0.017592
1678.04321 0.017711
1678.15002 0.017831
1678.25684 0.017954
1678.36353 0.018079
1678.47034 0.018206
1678.57703 0.018337
1678.68384 0.018472
1678.79053 0.01861
1678.89734 0.018754
1679.00403 0.018902
1679.11084 0.019056
1679.21753 0.019215
1679.32434 0.019379
1679.43103 0.019548
1679.53784 0.019719
1679.64453 0.019894
1679.75134 0.02007
1679.85803 0.020247
1679.96484 0.020425
1680.07153 0.020602
1680.17834 0.020778
1680.28503 0.020953
1680.39185 0.021128
1680.49854 0.021302
1680.60535 0.021477
1680.71204 0.021651
1680.81885 0.021825
1680.92566 0.022
1681.03235 0.022176
1681.13916 0.022353
1681.24585 0.022531
1681.35266 0.022712
1681.45935 0.022897
1681.56616 0.023086
1681.67285 0.023281
1681.77966 0.023482
1681.88635 0.02369
1681.99316 0.023907
1682.09985 0.024133
1682.20667 0.024368
1682.31335 0.024612
1682.42017 0.024862
1682.52686 0.025119
1682.63367 0.02538
1682.74036 0.025644
1682.84717 0.02591
1682.95386 0.026176
1683.06067 0.026441
1683.16736 0.026705
1683.27417 0.026969
1683.38086 0.027234
1683.48767 0.027504
1683.59448 0.02778
1683.70117 0.028064
1683.80798 0.02836
1683.91467 0.028669
1684.02148 0.028993
1684.12817 0.029334
1684.23499 0.029694
1684.34167 0.030069
1684.44849 0.030459
1684.55518 0.030862
1684.66199 0.031275
1684.76868 0.031698
1684.87549 0.032127
1684.98218 0.032562
1685.08899 0.033001
1685.19568 0.033443
1685.30249 0.033887
1685.40918 0.034335
1685.51599 0.034789
1685.62268 0.035247
1685.72949 0.035712
1685.83618 0.036185
1685.94299 0.036665
1686.04980 0.037154
1686.15649 0.037653
1686.26331 0.038164
1686.37000 0.038688
1686.47681 0.039228
1686.58350 0.039786
1686.69031 0.040364
1686.79700 0.040965
1686.90381 0.041589
1687.01050 0.042241
1687.11731 0.042921
1687.22400 0.04363
1687.33081 0.044363
1687.43750 0.045118
1687.54431 0.045891
1687.65100 0.046679
1687.75781 0.047477
1687.86450 0.048283
1687.97131 0.049092
1688.07800 0.049902
1688.18481 0.050709
1688.29150 0.051514
1688.39832 0.052317
1688.50500 0.05312
1688.61182 0.053923
1688.71863 0.054728
1688.82532 0.055536
1688.93213 0.056346
1689.03882 0.057161
1689.14563 0.057982
1689.25232 0.058811
1689.35913 0.059654
1689.46582 0.060515
1689.57263 0.061399
1689.67932 0.062311
1689.78613 0.063256
1689.89282 0.064239
1689.99963 0.065265
1690.10632 0.066337
1690.21313 0.067459
1690.31982 0.068627
1690.42664 0.069839
1690.53333 0.071091
1690.64014 0.07238
1690.74683 0.073702
1690.85364 0.075055
1690.96033 0.076434
1691.06714 0.077838
1691.17383 0.079263
1691.28064 0.080711
1691.38745 0.082183
1691.49414 0.083682
1691.60095 0.085209
1691.70764 0.086767
1691.81445 0.088357
1691.92114 0.089982
1692.02795 0.091644
1692.13464 0.093345
1692.24146 0.09509
1692.34814 0.096889
1692.45496 0.098749
1692.56165 0.10068
1692.66846 0.102689
1692.77515 0.104786
1692.88196 0.106979
1692.98865 0.109276
1693.09546 0.111686
1693.20215 0.114212
1693.30896 0.116843
1693.41565 0.119568
1693.52246 0.122375
1693.62915 0.125251
1693.73596 0.128184
1693.84265 0.131163
1693.94946 0.134175
1694.05627 0.137208
1694.16296 0.140252
1694.26978 0.143307
1694.37646 0.146377
1694.48328 0.149466
1694.58997 0.152578
1694.69678 0.155717
1694.80347 0.158888
1694.91028 0.162096
1695.01697 0.165343
1695.12378 0.168636
1695.23047 0.171981
1695.33728 0.175391
1695.44397 0.17888
1695.55078 0.182459
1695.65747 0.186141
1695.76428 0.18994
1695.87097 0.193868
1695.97778 0.197937
1696.08447 0.202161
1696.19128 0.206543
1696.29797 0.21106
1696.40479 0.215683
1696.51160 0.220384
1696.61829 0.225134
1696.72510 0.229905
1696.83179 0.234669
1696.93860 0.239396
1697.04529 0.244059
1697.15210 0.248632
1697.25879 0.253126
1697.36560 0.257571
1697.47229 0.261994
1697.57910 0.266427
1697.68579 0.270899
1697.79260 0.27544
1697.89929 0.280078
1698.00610 0.284844
1698.11279 0.289767
1698.21960 0.294852
1698.32629 0.300072
1698.43311 0.305395
1698.53979 0.310791
1698.64661 0.316228
1698.75330 0.321676
1698.86011 0.327104
1698.96680 0.332481
1699.07361 0.337776
1699.18042 0.342965
1699.28711 0.348052
1699.39392 0.353049
1699.50061 0.357967
1699.60742 0.362818
1699.71411 0.367613
1699.82092 0.372364
1699.92761 0.377081
1700.03442 0.381778
1700.14111 0.386464
1700.24792 0.391153
1700.35461 0.395856
1700.46143 0.400586
1700.56812 0.405357
1700.67493 0.41018
1700.78162 0.415067
1700.88843 0.420033
1700.99512 0.425088
1701.10193 0.430245
1701.20862 0.435507
1701.31543 0.440851
1701.42212 0.446256
1701.52893 0.451698
1701.63562 0.457155
1701.74243 0.462603
1701.84924 0.468021
1701.95593 0.473384
1702.06274 0.478671
1702.16943 0.483862
1702.27625 0.488961
1702.38293 0.493981
1702.48975 0.498932
1702.59644 0.503827
1702.70325 0.508678
1702.80994 0.513495
1702.91675 0.518292
1703.02344 0.52308
1703.13025 0.527871
1703.23694 0.532674
1703.34375 0.537499
1703.45044 0.542354
1703.55725 0.547248
1703.66394 0.55219
1703.77075 0.557188
1703.87744 0.562251
1703.98425 0.567387
1704.09094 0.572605
1704.19775 0.577906
1704.30457 0.583264
1704.41125 0.588654
1704.51807 0.594048
1704.62476 0.59942
1704.73157 0.604742
1704.83826 0.609987
1704.94507 0.615128
1705.05176 0.620139
1705.15857 0.624995
1705.26526 0.6297
1705.37207 0.634269
1705.47876 0.638719
1705.58557 0.643064
1705.69226 0.647321
1705.79907 0.651504
1705.90576 0.655631
1706.01257 0.659716
1706.11926 0.663775
1706.22607 0.667825
1706.33276 0.671883
1706.43958 0.675968
1706.54626 0.680097
1706.65308 0.684288
1706.75977 0.688559
1706.86658 0.692928
1706.97339 0.697413
1707.08008 0.702031
1707.18689 0.706792
1707.29358 0.711673
1707.40039 0.716646
1707.50708 0.721684
1707.61389 0.726758
1707.72058 0.731839
1707.82739 0.7369
1707.93408 0.741912
1708.04089 0.746846
1708.14758 0.751678
1708.25439 0.756415
1708.36108 0.761082
1708.46790 0.765707
1708.57458 0.770317
1708.68140 0.774937
1708.78809 0.779595
1708.89490 0.784318
1709.00159 0.789133
1709.10840 0.794065
1709.21509 0.79912
1709.32190 0.804268
1709.42859 0.809477
1709.53540 0.814714
1709.64221 0.819945
1709.74890 0.825139
1709.85571 0.830263
1709.96240 0.835284
1710.06921 0.840169
1710.17590 0.844892
1710.28271 0.849456
1710.38940 0.853875
1710.49622 0.858159
1710.60291 0.862321
1710.70972 0.866373
1710.81641 0.870327
1710.92322 0.874195
1711.02991 0.877989
1711.13672 0.881722
1711.24341 0.885395
1711.35022 0.889006
1711.45691 0.892552
1711.56372 0.896028
1711.67041 0.899431
1711.77722 0.902759
1711.88391 0.906006
1711.99072 0.909171
1712.09753 0.912248
1712.20422 0.915235
1712.31104 0.918127
1712.41772 0.920917
1712.52454 0.923602
1712.63123 0.926175
1712.73804 0.928633
1712.84473 0.930969
1712.95154 0.933179
1713.05823 0.935257
1713.16504 0.937201
1713.27173 0.939021
1713.37854 0.940732
1713.48523 0.94235
1713.59204 0.943891
1713.69873 0.945369
1713.80554 0.946802
1713.91223 0.948204
1714.01904 0.949591
1714.12573 0.950978
1714.23254 0.952374
1714.33923 0.953779
1714.44604 0.955196
1714.55273 0.956624
1714.65955 0.958065
1714.76636 0.95952
1714.87305 0.96099
1714.97986 0.962475
1715.08655 0.963977
1715.19336 0.965495
1715.30005 0.96702
1715.40686 0.968546
1715.51355 0.970063
1715.62036 0.971563
1715.72705 0.973038
1715.83386 0.97448
1715.94055 0.97588
1716.04736 0.977231
1716.15405 0.978524
1716.26086 0.979758
1716.36755 0.980938
1716.47437 0.982066
1716.58105 0.983145
1716.68787 0.984178
1716.79456 0.985168
1716.90137 0.986119
1717.00806 0.987032
1717.11487 0.987912
1717.22156 0.98876
1717.32837 0.989578
1717.43518 0.990364
1717.54187 0.991121
1717.64868 0.991848
1717.75537 0.992546
1717.86218 0.993216
1717.96887 0.993858
1718.07568 0.994472
1718.18237 0.99506
1718.28918 0.995619
1718.39587 0.996148
1718.50269 0.996646
1718.60938 0.997111
1718.71619 0.997542
1718.82288 0.997937
1718.92969 0.998294
1719.03638 0.998612
1719.14319 0.998891
1719.24988 0.99913
1719.35669 0.999333
1719.46338 0.999502
1719.57019 0.999641
1719.67688 0.999753
1719.78369 0.99984
1719.89050 0.999906
1719.99719 0.999952
1720.10400 0.999983
1720.21069 0.999999
1720.31750 1.0
1720.42419 0.999984
1720.53101 0.99995
1720.63770 0.999896
1720.74451 0.999821
1720.85120 0.999724
1720.95801 0.999603
1721.06470 0.999457
1721.17151 0.999286
1721.27820 0.999089
1721.38501 0.998867
1721.49170 0.998621
1721.59851 0.998353
1721.70520 0.998064
1721.81201 0.997753
1721.91870 0.997423
1722.02551 0.997074
1722.13220 0.996706
1722.23901 0.99632
1722.34570 0.99591
1722.45251 0.995475
1722.55933 0.995009
1722.66602 0.994511
1722.77283 0.993976
1722.87952 0.9934
1722.98633 0.992781
1723.09302 0.992115
1723.19983 0.9914
1723.30652 0.990638
1723.41333 0.989833
1723.52002 0.988987
1723.62683 0.988103
1723.73352 0.987183
1723.84033 0.986232
1723.94702 0.985251
1724.05383 0.984244
1724.16052 0.983212
1724.26733 0.982157
1724.37402 0.981077
1724.48083 0.979971
1724.58752 0.978838
1724.69434 0.977676
1724.80103 0.976486
1724.90784 0.975265
1725.01453 0.974014
1725.12134 0.97273
1725.22815 0.971411
1725.33484 0.970053
1725.44165 0.968649
1725.54834 0.967197
1725.65515 0.965689
1725.76184 0.964122
1725.86865 0.962491
1725.97534 0.960791
1726.08215 0.959016
1726.18884 0.957166
1726.29565 0.955248
1726.40234 0.953274
1726.50916 0.951252
1726.61584 0.949194
1726.72266 0.947111
1726.82935 0.945012
1726.93616 0.942908
1727.04285 0.940809
1727.14966 0.938725
1727.25635 0.936656
1727.36316 0.934596
1727.46985 0.932538
1727.57666 0.930477
1727.68335 0.928407
1727.79016 0.926323
1727.89697 0.924218
1728.00366 0.922087
1728.11047 0.919922
1728.21716 0.917711
1728.32397 0.915425
1728.43066 0.913035
1728.53748 0.910513
1728.64417 0.907829
1728.75098 0.904954
1728.85767 0.901861
1728.96448 0.898519
1729.07117 0.894901
1729.17798 0.890986
1729.28467 0.886796
1729.39148 0.882361
1729.49817 0.877714
1729.60498 0.872886
1729.71167 0.867908
1729.81848 0.862812
1729.92517 0.857629
1730.03198 0.852391
1730.13867 0.847128
1730.24548 0.841855
1730.35229 0.836573
1730.45898 0.831285
1730.56580 0.825992
1730.67249 0.820696
1730.77930 0.815398
1730.88599 0.810101
1730.99280 0.804807
1731.09949 0.799517
1731.20630 0.79423
1731.31299 0.788942
1731.41980 0.783646
1731.52649 0.778337
1731.63330 0.773009
1731.73999 0.767655
1731.84680 0.762272
1731.95349 0.756851
1732.06030 0.751388
1732.16699 0.74588
1732.27380 0.740341
1732.38049 0.734789
1732.48730 0.729244
1732.59399 0.723726
1732.70081 0.718255
1732.80750 0.71285
1732.91431 0.707531
1733.02112 0.702317
1733.12781 0.697227
1733.23462 0.692263
1733.34131 0.68741
1733.44812 0.682653
1733.55481 0.677977
1733.66162 0.673365
1733.76831 0.668804
1733.87512 0.664277
1733.98181 0.659768
1734.08862 0.655263
1734.19531 0.650747
1734.30212 0.646207
1734.40881 0.641628
1734.51562 0.636998
1734.62231 0.632304
1734.72913 0.627533
1734.83582 0.622671
1734.94263 0.617705
1735.04932 0.612623
1735.15613 0.607413
1735.26282 0.602096
1735.36963 0.596701
1735.47632 0.591262
1735.58313 0.585811
1735.68994 0.580378
1735.79663 0.574997
1735.90344 0.569698
1736.01013 0.564514
1736.11694 0.559477
1736.22363 0.55459
1736.33044 0.549826
1736.43713 0.545154
1736.54395 0.540542
1736.65063 0.53596
1736.75745 0.531378
1736.86414 0.526764
1736.97095 0.522087
1737.07764 0.517317
1737.18445 0.512434
1737.29114 0.507456
1737.39795 0.50241
1737.50464 0.497322
1737.61145 0.49222
1737.71814 0.487131
1737.82495 0.482082
1737.93164 0.477099
1738.03845 0.472209
1738.14526 0.467438
1738.25195 0.462786
1738.35876 0.458241
1738.46545 0.45379
1738.57227 0.449418
1738.67896 0.445114
1738.78577 0.440863
1738.89246 0.436652
1738.99927 0.432468
1739.10596 0.428297
1739.21277 0.424127
1739.31946 0.419948
1739.42627 0.415746
1739.53296 0.411513
1739.63977 0.407236
1739.74646 0.402905
1739.85327 0.398509
1739.95996 0.394036
1740.06677 0.389476
1740.17346 0.384822
1740.28027 0.380087
1740.38696 0.375292
1740.49377 0.370455
1740.60046 0.365598
1740.70728 0.36074
1740.81409 0.355901
1740.92078 0.351101
1741.02759 0.346359
1741.13428 0.341694
1741.24109 0.337109
1741.34778 0.332594
1741.45459 0.328137
1741.56128 0.323726
1741.66809 0.31935
1741.77478 0.314998
1741.88159 0.310658
1741.98828 0.30632
1742.09509 0.301971
1742.20178 0.297602
1742.30859 0.293205
1742.41528 0.28877
1742.52209 0.284292
1742.62878 0.279761
1742.73560 0.275169
1742.84229 0.27051
1742.94910 0.265775
1743.05579 0.260957
1743.16260 0.256049
1743.26929 0.251071
1743.37610 0.246048
1743.48291 0.241008
1743.58960 0.235975
1743.69641 0.230977
1743.80310 0.22604
1743.90991 0.22119
1744.01660 0.216455
1744.12341 0.211859
1744.23010 0.207412
1744.33691 0.203104
1744.44360 0.198926
1744.55042 0.194868
1744.65710 0.190919
1744.76392 0.187069
1744.87061 0.183308
1744.97742 0.179625
1745.08411 0.176011
1745.19092 0.172456
1745.29761 0.16895
1745.40442 0.165487
1745.51111 0.162059
1745.61792 0.158658
1745.72461 0.155276
1745.83142 0.151907
1745.93823 0.148543
1746.04492 0.145176
1746.15173 0.141802
1746.25842 0.138429
1746.36523 0.135073
1746.47192 0.131749
1746.57874 0.128473
1746.68542 0.125262
1746.79224 0.122128
1746.89893 0.119089
1747.00574 0.116157
1747.11243 0.113349
1747.21924 0.110668
1747.32593 0.108103
1747.43274 0.105646
1747.53943 0.103284
1747.64624 0.101006
1747.75293 0.098804
1747.85974 0.096666
1747.96643 0.094581
1748.07324 0.092541
1748.17993 0.090535
1748.28674 0.08856
1748.39343 0.086614
1748.50024 0.084694
1748.60706 0.082799
1748.71375 0.080925
1748.82056 0.079071
1748.92725 0.077233
1749.03406 0.07541
1749.14075 0.0736
1749.24756 0.071806
1749.35425 0.070035
1749.46106 0.068295
1749.56775 0.066594
1749.67456 0.06494
1749.78125 0.06334
1749.88806 0.061801
1749.99475 0.060332
1750.10156 0.05894
1750.20825 0.057627
1750.31506 0.056386
1750.42175 0.055209
1750.52856 0.054088
1750.63525 0.053013
1750.74207 0.051976
1750.84875 0.05097
1750.95557 0.049985
1751.06226 0.049014
1751.16907 0.048049
1751.27588 0.047093
1751.38257 0.046148
1751.48938 0.045221
1751.59607 0.044316
1751.70288 0.043437
1751.80957 0.042588
1751.91638 0.041774
1752.02307 0.041001
1752.12988 0.040271
1752.23657 0.039585
1752.34338 0.03894
1752.45007 0.03833
1752.55688 0.037754
1752.66357 0.037206
1752.77039 0.036682
1752.87708 0.036179
1752.98389 0.035693
1753.09058 0.035219
1753.19739 0.034755
1753.30408 0.034299
1753.41089 0.03385
1753.51758 0.033406
1753.62439 0.032966
1753.73108 0.032528
1753.83789 0.032092
1753.94470 0.031656
1754.05139 0.031219
1754.15820 0.030779
1754.26489 0.030337
1754.37170 0.029896
1754.47839 0.029456
1754.58521 0.029021
1754.69189 0.02859
1754.79871 0.028167
1754.90540 0.027753
1755.01221 0.027349
1755.11890 0.026958
1755.22571 0.026579
1755.33240 0.026212
1755.43921 0.025856
1755.54590 0.02551
1755.65271 0.025173
1755.75940 0.024842
1755.86621 0.024519
1755.97290 0.024201
1756.07971 0.023887
1756.18640 0.023576
1756.29321 0.023269
1756.40002 0.022963
1756.50671 0.022659
1756.61353 0.022357
1756.72021 0.022055
1756.82703 0.021753
1756.93372 0.021451
1757.04053 0.021147
1757.14722 0.020843
1757.25403 0.020537
1757.36072 0.020232
1757.46753 0.019929
1757.57422 0.019629
1757.68103 0.019334
1757.78772 0.019044
1757.89453 0.018761
1758.00122 0.018487
1758.10803 0.018222
1758.21472 0.017967
1758.32153 0.017721
1758.42822 0.017484
1758.53503 0.017255
1758.64172 0.017033
1758.74854 0.016817
1758.85522 0.016606
1758.96204 0.0164
1759.06885 0.016198
1759.17554 0.015999
1759.28235 0.015802
1759.38904 0.015609
1759.49585 0.015417
1759.60254 0.015227
1759.70935 0.015039
1759.81604 0.014852
1759.92285 0.014666
1760.02954 0.01448
1760.13635 0.014296
1760.24304 0.014112
1760.34985 0.01393
1760.45654 0.01375
1760.56335 0.013573
1760.67004 0.013401
1760.77686 0.013234
1760.88354 0.013073
1760.99036 0.012918
1761.09705 0.01277
1761.20386 0.012631
1761.31055 0.012498
1761.41736 0.012372
1761.52405 0.012251
1761.63086 0.012135
1761.73767 0.012022
1761.84436 0.011912
1761.95117 0.011805
1762.05786 0.011698
1762.16467 0.011592
1762.27136 0.011487
1762.37817 0.011383
1762.48486 0.01128
1762.59167 0.01118
1762.69836 0.011082
1762.80518 0.010988
1762.91187 0.010898
1763.01868 0.010812
1763.12537 0.010731
1763.23218 0.010655
1763.33887 0.010583
1763.44568 0.010516
1763.55237 0.010452
1763.65918 0.010391
1763.76587 0.010334
1763.87268 0.010279
1763.97937 0.010226
1764.08618 0.010175
1764.19299 0.010125
1764.29968 0.010077
1764.40649 0.01003
1764.51318 0.009984
1764.62000 0.009939
1764.72668 0.009896
1764.83350 0.009853
1764.94019 0.009812
1765.04700 0.009771
1765.15369 0.009731
1765.26050 0.009692
1765.36719 0.009654
1765.47400 0.009617
1765.58069 0.009581
1765.68750 0.009547
1765.79419 0.009513
1765.90100 0.009481
1766.00769 0.009449
1766.11450 0.00942
1766.22119 0.009391
1766.32800 0.009364
1766.43469 0.009337
1766.54150 0.009312
1766.64819 0.009287
1766.75500 0.009263
1766.86182 0.009239
1766.96851 0.009216
1767.07532 0.009193
1767.18201 0.00917
1767.28882 0.009147
1767.39551 0.009124
1767.50232 0.0091
1767.60901 0.009076
1767.71582 0.009051
1767.82251 0.009025
1767.92932 0.008999
1768.03601 0.008971
1768.14282 0.008943
1768.24951 0.008913
1768.35632 0.008882
1768.46301 0.00885
1768.56982 0.008817
1768.67651 0.008784
1768.78333 0.00875
1768.89001 0.008715
1768.99683 0.00868
1769.10352 0.008645
1769.21033 0.00861
1769.31702 0.008574
1769.42383 0.008538
1769.53064 0.008502
1769.63733 0.008465
1769.74414 0.008428
1769.85083 0.008391
1769.95764 0.008354
1770.06433 0.008316
1770.17114 0.008277
1770.27783 0.008238
1770.38464 0.008198
1770.49133 0.008158
1770.59814 0.008117
1770.70483 0.008074
1770.81165 0.008031
1770.91833 0.007986
1771.02515 0.00794
1771.13184 0.007892
1771.23865 0.007843
1771.34534 0.007793
1771.45215 0.007742
1771.55884 0.00769
1771.66565 0.007638
1771.77234 0.007585
1771.87915 0.007532
1771.98596 0.007479
1772.09265 0.007427
1772.19946 0.007375
1772.30615 0.007324
1772.41296 0.007273
1772.51965 0.007223
1772.62646 0.007173
1772.73315 0.007123
1772.83997 0.007074
1772.94666 0.007025
1773.05347 0.006977
1773.16016 0.006929
1773.26697 0.006881
1773.37366 0.006832
1773.48047 0.006783
1773.58716 0.006733
1773.69397 0.006681
1773.80066 0.006627
1773.90747 0.006571
1774.01416 0.006513
1774.12097 0.006451
1774.22766 0.006387
1774.33447 0.006322
1774.44116 0.006256
1774.54797 0.006191
1774.65479 0.006129
1774.76147 0.006069
1774.86829 0.006015
1774.97498 0.005966
1775.08179 0.005923
1775.18848 0.005889
1775.29529 0.005862
1775.40198 0.005841
1775.50879 0.005826
1775.61548 0.005815
1775.72229 0.005807
1775.82898 0.005803
1775.93579 0.0058
1776.04248 0.005799
1776.14929 0.005798
1776.25598 0.005796
1953.88159 0.0
