threeML/data/optical_filters/TD1/SPEC-F1760.ecsv
# %ECSV 0.9
# ---
# datatype:
# - {name: wavelength, unit: Angstrom, datatype: float32}
# - {name: response, datatype: float32}
# meta: !!omap
# - {band_name: F1760}
# - {group_name: SPEC}
wavelength response
1536.24683 0.0
1706.94092 0.010058
1707.04773 0.010124
1707.15442 0.01019
1707.26123 0.010256
1707.36792 0.010321
1707.47473 0.010387
1707.58142 0.010453
1707.68823 0.01052
1707.79504 0.010587
1707.90173 0.010655
1708.00854 0.010725
1708.11523 0.010795
1708.22205 0.010868
1708.32874 0.010941
1708.43555 0.011015
1708.54224 0.011089
1708.64905 0.011163
1708.75574 0.011236
1708.86255 0.011308
1708.96924 0.011378
1709.07605 0.011447
1709.18274 0.011514
1709.28955 0.011578
1709.39624 0.011642
1709.50305 0.011704
1709.60974 0.011765
1709.71655 0.011827
1709.82324 0.011888
1709.93005 0.01195
1710.03674 0.012013
1710.14355 0.012078
1710.25024 0.012143
1710.35706 0.01221
1710.46387 0.012277
1710.57056 0.012345
1710.67737 0.012412
1710.78406 0.012478
1710.89087 0.012543
1710.99756 0.012607
1711.10437 0.012669
1711.21106 0.012729
1711.31787 0.012787
1711.42456 0.012843
1711.53137 0.012899
1711.63806 0.012953
1711.74487 0.013007
1711.85156 0.01306
1711.95837 0.013114
1712.06506 0.013168
1712.17188 0.013222
1712.27856 0.013278
1712.38538 0.013334
1712.49207 0.013391
1712.59888 0.013448
1712.70557 0.013507
1712.81238 0.013566
1712.91907 0.013626
1713.02588 0.013687
1713.13269 0.013749
1713.23938 0.013812
1713.34619 0.013875
1713.45288 0.013939
1713.55969 0.014004
1713.66638 0.014069
1713.77319 0.014134
1713.87988 0.014199
1713.98669 0.014265
1714.09338 0.01433
1714.20020 0.014395
1714.30688 0.014461
1714.41370 0.014526
1714.52039 0.014592
1714.62720 0.014658
1714.73389 0.014724
1714.84070 0.014791
1714.94739 0.014859
1715.05420 0.014927
1715.16089 0.014997
1715.26770 0.015067
1715.37439 0.015139
1715.48120 0.015213
1715.58789 0.01529
1715.69470 0.015368
1715.80151 0.01545
1715.90820 0.015535
1716.01501 0.015624
1716.12170 0.015716
1716.22852 0.015813
1716.33521 0.015913
1716.44202 0.016016
1716.54871 0.016121
1716.65552 0.016229
1716.76221 0.016339
1716.86902 0.01645
1716.97571 0.016562
1717.08252 0.016675
1717.18921 0.016787
1717.29602 0.0169
1717.40271 0.017013
1717.50952 0.017127
1717.61621 0.017242
1717.72302 0.017357
1717.82971 0.017474
1717.93652 0.017592
1718.04321 0.017711
1718.15002 0.017831
1718.25684 0.017954
1718.36353 0.018079
1718.47034 0.018206
1718.57703 0.018337
1718.68384 0.018472
1718.79053 0.01861
1718.89734 0.018754
1719.00403 0.018902
1719.11084 0.019056
1719.21753 0.019215
1719.32434 0.019379
1719.43103 0.019548
1719.53784 0.019719
1719.64453 0.019894
1719.75134 0.02007
1719.85803 0.020247
1719.96484 0.020425
1720.07153 0.020602
1720.17834 0.020778
1720.28503 0.020953
1720.39185 0.021128
1720.49854 0.021302
1720.60535 0.021477
1720.71204 0.021651
1720.81885 0.021825
1720.92566 0.022
1721.03235 0.022176
1721.13916 0.022353
1721.24585 0.022531
1721.35266 0.022712
1721.45935 0.022897
1721.56616 0.023086
1721.67285 0.023281
1721.77966 0.023482
1721.88635 0.02369
1721.99316 0.023907
1722.09985 0.024133
1722.20667 0.024368
1722.31335 0.024612
1722.42017 0.024862
1722.52686 0.025119
1722.63367 0.02538
1722.74036 0.025644
1722.84717 0.02591
1722.95386 0.026176
1723.06067 0.026441
1723.16736 0.026705
1723.27417 0.026969
1723.38086 0.027234
1723.48767 0.027504
1723.59448 0.02778
1723.70117 0.028064
1723.80798 0.02836
1723.91467 0.028669
1724.02148 0.028993
1724.12817 0.029334
1724.23499 0.029694
1724.34167 0.030069
1724.44849 0.030459
1724.55518 0.030862
1724.66199 0.031275
1724.76868 0.031698
1724.87549 0.032127
1724.98218 0.032562
1725.08899 0.033001
1725.19568 0.033443
1725.30249 0.033887
1725.40918 0.034335
1725.51599 0.034789
1725.62268 0.035247
1725.72949 0.035712
1725.83618 0.036185
1725.94299 0.036665
1726.04980 0.037154
1726.15649 0.037653
1726.26331 0.038164
1726.37000 0.038688
1726.47681 0.039228
1726.58350 0.039786
1726.69031 0.040364
1726.79700 0.040965
1726.90381 0.041589
1727.01050 0.042241
1727.11731 0.042921
1727.22400 0.04363
1727.33081 0.044363
1727.43750 0.045118
1727.54431 0.045891
1727.65100 0.046679
1727.75781 0.047477
1727.86450 0.048283
1727.97131 0.049092
1728.07800 0.049902
1728.18481 0.050709
1728.29150 0.051514
1728.39832 0.052317
1728.50500 0.05312
1728.61182 0.053923
1728.71863 0.054728
1728.82532 0.055536
1728.93213 0.056346
1729.03882 0.057161
1729.14563 0.057982
1729.25232 0.058811
1729.35913 0.059654
1729.46582 0.060515
1729.57263 0.061399
1729.67932 0.062311
1729.78613 0.063256
1729.89282 0.064239
1729.99963 0.065265
1730.10632 0.066337
1730.21313 0.067459
1730.31982 0.068627
1730.42664 0.069839
1730.53333 0.071091
1730.64014 0.07238
1730.74683 0.073702
1730.85364 0.075055
1730.96033 0.076434
1731.06714 0.077838
1731.17383 0.079263
1731.28064 0.080711
1731.38745 0.082183
1731.49414 0.083682
1731.60095 0.085209
1731.70764 0.086767
1731.81445 0.088357
1731.92114 0.089982
1732.02795 0.091644
1732.13464 0.093345
1732.24146 0.09509
1732.34814 0.096889
1732.45496 0.098749
1732.56165 0.10068
1732.66846 0.102689
1732.77515 0.104786
1732.88196 0.106979
1732.98865 0.109276
1733.09546 0.111686
1733.20215 0.114212
1733.30896 0.116843
1733.41565 0.119568
1733.52246 0.122375
1733.62915 0.125251
1733.73596 0.128184
1733.84265 0.131163
1733.94946 0.134175
1734.05627 0.137208
1734.16296 0.140252
1734.26978 0.143307
1734.37646 0.146377
1734.48328 0.149466
1734.58997 0.152578
1734.69678 0.155717
1734.80347 0.158888
1734.91028 0.162096
1735.01697 0.165343
1735.12378 0.168636
1735.23047 0.171981
1735.33728 0.175391
1735.44397 0.17888
1735.55078 0.182459
1735.65747 0.186141
1735.76428 0.18994
1735.87097 0.193868
1735.97778 0.197937
1736.08447 0.202161
1736.19128 0.206543
1736.29797 0.21106
1736.40479 0.215683
1736.51160 0.220384
1736.61829 0.225134
1736.72510 0.229905
1736.83179 0.234669
1736.93860 0.239396
1737.04529 0.244059
1737.15210 0.248632
1737.25879 0.253126
1737.36560 0.257571
1737.47229 0.261994
1737.57910 0.266427
1737.68579 0.270899
1737.79260 0.27544
1737.89929 0.280078
1738.00610 0.284844
1738.11279 0.289767
1738.21960 0.294852
1738.32629 0.300072
1738.43311 0.305395
1738.53979 0.310791
1738.64661 0.316228
1738.75330 0.321676
1738.86011 0.327104
1738.96680 0.332481
1739.07361 0.337776
1739.18042 0.342965
1739.28711 0.348052
1739.39392 0.353049
1739.50061 0.357967
1739.60742 0.362818
1739.71411 0.367613
1739.82092 0.372364
1739.92761 0.377081
1740.03442 0.381778
1740.14111 0.386464
1740.24792 0.391153
1740.35461 0.395856
1740.46143 0.400586
1740.56812 0.405357
1740.67493 0.41018
1740.78162 0.415067
1740.88843 0.420033
1740.99512 0.425088
1741.10193 0.430245
1741.20862 0.435507
1741.31543 0.440851
1741.42212 0.446256
1741.52893 0.451698
1741.63562 0.457155
1741.74243 0.462603
1741.84924 0.468021
1741.95593 0.473384
1742.06274 0.478671
1742.16943 0.483862
1742.27625 0.488961
1742.38293 0.493981
1742.48975 0.498932
1742.59644 0.503827
1742.70325 0.508678
1742.80994 0.513495
1742.91675 0.518292
1743.02344 0.52308
1743.13025 0.527871
1743.23694 0.532674
1743.34375 0.537499
1743.45044 0.542354
1743.55725 0.547248
1743.66394 0.55219
1743.77075 0.557188
1743.87744 0.562251
1743.98425 0.567387
1744.09094 0.572605
1744.19775 0.577906
1744.30457 0.583264
1744.41125 0.588654
1744.51807 0.594048
1744.62476 0.59942
1744.73157 0.604742
1744.83826 0.609987
1744.94507 0.615128
1745.05176 0.620139
1745.15857 0.624995
1745.26526 0.6297
1745.37207 0.634269
1745.47876 0.638719
1745.58557 0.643064
1745.69226 0.647321
1745.79907 0.651504
1745.90576 0.655631
1746.01257 0.659716
1746.11926 0.663775
1746.22607 0.667825
1746.33276 0.671883
1746.43958 0.675968
1746.54626 0.680097
1746.65308 0.684288
1746.75977 0.688559
1746.86658 0.692928
1746.97339 0.697413
1747.08008 0.702031
1747.18689 0.706792
1747.29358 0.711673
1747.40039 0.716646
1747.50708 0.721684
1747.61389 0.726758
1747.72058 0.731839
1747.82739 0.7369
1747.93408 0.741912
1748.04089 0.746846
1748.14758 0.751678
1748.25439 0.756415
1748.36108 0.761082
1748.46790 0.765707
1748.57458 0.770317
1748.68140 0.774937
1748.78809 0.779595
1748.89490 0.784318
1749.00159 0.789133
1749.10840 0.794065
1749.21509 0.79912
1749.32190 0.804268
1749.42859 0.809477
1749.53540 0.814714
1749.64221 0.819945
1749.74890 0.825139
1749.85571 0.830263
1749.96240 0.835284
1750.06921 0.840169
1750.17590 0.844892
1750.28271 0.849456
1750.38940 0.853875
1750.49622 0.858159
1750.60291 0.862321
1750.70972 0.866373
1750.81641 0.870327
1750.92322 0.874195
1751.02991 0.877989
1751.13672 0.881722
1751.24341 0.885395
1751.35022 0.889006
1751.45691 0.892552
1751.56372 0.896028
1751.67041 0.899431
1751.77722 0.902759
1751.88391 0.906006
1751.99072 0.909171
1752.09753 0.912248
1752.20422 0.915235
1752.31104 0.918127
1752.41772 0.920917
1752.52454 0.923602
1752.63123 0.926175
1752.73804 0.928633
1752.84473 0.930969
1752.95154 0.933179
1753.05823 0.935257
1753.16504 0.937201
1753.27173 0.939021
1753.37854 0.940732
1753.48523 0.94235
1753.59204 0.943891
1753.69873 0.945369
1753.80554 0.946802
1753.91223 0.948204
1754.01904 0.949591
1754.12573 0.950978
1754.23254 0.952374
1754.33923 0.953779
1754.44604 0.955196
1754.55273 0.956624
1754.65955 0.958065
1754.76636 0.95952
1754.87305 0.96099
1754.97986 0.962475
1755.08655 0.963977
1755.19336 0.965495
1755.30005 0.96702
1755.40686 0.968546
1755.51355 0.970063
1755.62036 0.971563
1755.72705 0.973038
1755.83386 0.97448
1755.94055 0.97588
1756.04736 0.977231
1756.15405 0.978524
1756.26086 0.979758
1756.36755 0.980938
1756.47437 0.982066
1756.58105 0.983145
1756.68787 0.984178
1756.79456 0.985168
1756.90137 0.986119
1757.00806 0.987032
1757.11487 0.987912
1757.22156 0.98876
1757.32837 0.989578
1757.43518 0.990364
1757.54187 0.991121
1757.64868 0.991848
1757.75537 0.992546
1757.86218 0.993216
1757.96887 0.993858
1758.07568 0.994472
1758.18237 0.99506
1758.28918 0.995619
1758.39587 0.996148
1758.50269 0.996646
1758.60938 0.997111
1758.71619 0.997542
1758.82288 0.997937
1758.92969 0.998294
1759.03638 0.998612
1759.14319 0.998891
1759.24988 0.99913
1759.35669 0.999333
1759.46338 0.999502
1759.57019 0.999641
1759.67688 0.999753
1759.78369 0.99984
1759.89050 0.999906
1759.99719 0.999952
1760.10400 0.999983
1760.21069 0.999999
1760.31750 1.0
1760.42419 0.999984
1760.53101 0.99995
1760.63770 0.999896
1760.74451 0.999821
1760.85120 0.999724
1760.95801 0.999603
1761.06470 0.999457
1761.17151 0.999286
1761.27820 0.999089
1761.38501 0.998867
1761.49170 0.998621
1761.59851 0.998353
1761.70520 0.998064
1761.81201 0.997753
1761.91870 0.997423
1762.02551 0.997074
1762.13220 0.996706
1762.23901 0.99632
1762.34570 0.99591
1762.45251 0.995475
1762.55933 0.995009
1762.66602 0.994511
1762.77283 0.993976
1762.87952 0.9934
1762.98633 0.992781
1763.09302 0.992115
1763.19983 0.9914
1763.30652 0.990638
1763.41333 0.989833
1763.52002 0.988987
1763.62683 0.988103
1763.73352 0.987183
1763.84033 0.986232
1763.94702 0.985251
1764.05383 0.984244
1764.16052 0.983212
1764.26733 0.982157
1764.37402 0.981077
1764.48083 0.979971
1764.58752 0.978838
1764.69434 0.977676
1764.80103 0.976486
1764.90784 0.975265
1765.01453 0.974014
1765.12134 0.97273
1765.22815 0.971411
1765.33484 0.970053
1765.44165 0.968649
1765.54834 0.967197
1765.65515 0.965689
1765.76184 0.964122
1765.86865 0.962491
1765.97534 0.960791
1766.08215 0.959016
1766.18884 0.957166
1766.29565 0.955248
1766.40234 0.953274
1766.50916 0.951252
1766.61584 0.949194
1766.72266 0.947111
1766.82935 0.945012
1766.93616 0.942908
1767.04285 0.940809
1767.14966 0.938725
1767.25635 0.936656
1767.36316 0.934596
1767.46985 0.932538
1767.57666 0.930477
1767.68335 0.928407
1767.79016 0.926323
1767.89697 0.924218
1768.00366 0.922087
1768.11047 0.919922
1768.21716 0.917711
1768.32397 0.915425
1768.43066 0.913035
1768.53748 0.910513
1768.64417 0.907829
1768.75098 0.904954
1768.85767 0.901861
1768.96448 0.898519
1769.07117 0.894901
1769.17798 0.890986
1769.28467 0.886796
1769.39148 0.882361
1769.49817 0.877714
1769.60498 0.872886
1769.71167 0.867908
1769.81848 0.862812
1769.92517 0.857629
1770.03198 0.852391
1770.13867 0.847128
1770.24548 0.841855
1770.35229 0.836573
1770.45898 0.831285
1770.56580 0.825992
1770.67249 0.820696
1770.77930 0.815398
1770.88599 0.810101
1770.99280 0.804807
1771.09949 0.799517
1771.20630 0.79423
1771.31299 0.788942
1771.41980 0.783646
1771.52649 0.778337
1771.63330 0.773009
1771.73999 0.767655
1771.84680 0.762272
1771.95349 0.756851
1772.06030 0.751388
1772.16699 0.74588
1772.27380 0.740341
1772.38049 0.734789
1772.48730 0.729244
1772.59399 0.723726
1772.70081 0.718255
1772.80750 0.71285
1772.91431 0.707531
1773.02112 0.702317
1773.12781 0.697227
1773.23462 0.692263
1773.34131 0.68741
1773.44812 0.682653
1773.55481 0.677977
1773.66162 0.673365
1773.76831 0.668804
1773.87512 0.664277
1773.98181 0.659768
1774.08862 0.655263
1774.19531 0.650747
1774.30212 0.646207
1774.40881 0.641628
1774.51562 0.636998
1774.62231 0.632304
1774.72913 0.627533
1774.83582 0.622671
1774.94263 0.617705
1775.04932 0.612623
1775.15613 0.607413
1775.26282 0.602096
1775.36963 0.596701
1775.47632 0.591262
1775.58313 0.585811
1775.68994 0.580378
1775.79663 0.574997
1775.90344 0.569698
1776.01013 0.564514
1776.11694 0.559477
1776.22363 0.55459
1776.33044 0.549826
1776.43713 0.545154
1776.54395 0.540542
1776.65063 0.53596
1776.75745 0.531378
1776.86414 0.526764
1776.97095 0.522087
1777.07764 0.517317
1777.18445 0.512434
1777.29114 0.507456
1777.39795 0.50241
1777.50464 0.497322
1777.61145 0.49222
1777.71814 0.487131
1777.82495 0.482082
1777.93164 0.477099
1778.03845 0.472209
1778.14526 0.467438
1778.25195 0.462786
1778.35876 0.458241
1778.46545 0.45379
1778.57227 0.449418
1778.67896 0.445114
1778.78577 0.440863
1778.89246 0.436652
1778.99927 0.432468
1779.10596 0.428297
1779.21277 0.424127
1779.31946 0.419948
1779.42627 0.415746
1779.53296 0.411513
1779.63977 0.407236
1779.74646 0.402905
1779.85327 0.398509
1779.95996 0.394036
1780.06677 0.389476
1780.17346 0.384822
1780.28027 0.380087
1780.38696 0.375292
1780.49377 0.370455
1780.60046 0.365598
1780.70728 0.36074
1780.81409 0.355901
1780.92078 0.351101
1781.02759 0.346359
1781.13428 0.341694
1781.24109 0.337109
1781.34778 0.332594
1781.45459 0.328137
1781.56128 0.323726
1781.66809 0.31935
1781.77478 0.314998
1781.88159 0.310658
1781.98828 0.30632
1782.09509 0.301971
1782.20178 0.297602
1782.30859 0.293205
1782.41528 0.28877
1782.52209 0.284292
1782.62878 0.279761
1782.73560 0.275169
1782.84229 0.27051
1782.94910 0.265775
1783.05579 0.260957
1783.16260 0.256049
1783.26929 0.251071
1783.37610 0.246048
1783.48291 0.241008
1783.58960 0.235975
1783.69641 0.230977
1783.80310 0.22604
1783.90991 0.22119
1784.01660 0.216455
1784.12341 0.211859
1784.23010 0.207412
1784.33691 0.203104
1784.44360 0.198926
1784.55042 0.194868
1784.65710 0.190919
1784.76392 0.187069
1784.87061 0.183308
1784.97742 0.179625
1785.08411 0.176011
1785.19092 0.172456
1785.29761 0.16895
1785.40442 0.165487
1785.51111 0.162059
1785.61792 0.158658
1785.72461 0.155276
1785.83142 0.151907
1785.93823 0.148543
1786.04492 0.145176
1786.15173 0.141802
1786.25842 0.138429
1786.36523 0.135073
1786.47192 0.131749
1786.57874 0.128473
1786.68542 0.125262
1786.79224 0.122128
1786.89893 0.119089
1787.00574 0.116157
1787.11243 0.113349
1787.21924 0.110668
1787.32593 0.108103
1787.43274 0.105646
1787.53943 0.103284
1787.64624 0.101006
1787.75293 0.098804
1787.85974 0.096666
1787.96643 0.094581
1788.07324 0.092541
1788.17993 0.090535
1788.28674 0.08856
1788.39343 0.086614
1788.50024 0.084694
1788.60706 0.082799
1788.71375 0.080925
1788.82056 0.079071
1788.92725 0.077233
1789.03406 0.07541
1789.14075 0.0736
1789.24756 0.071806
1789.35425 0.070035
1789.46106 0.068295
1789.56775 0.066594
1789.67456 0.06494
1789.78125 0.06334
1789.88806 0.061801
1789.99475 0.060332
1790.10156 0.05894
1790.20825 0.057627
1790.31506 0.056386
1790.42175 0.055209
1790.52856 0.054088
1790.63525 0.053013
1790.74207 0.051976
1790.84875 0.05097
1790.95557 0.049985
1791.06226 0.049014
1791.16907 0.048049
1791.27588 0.047093
1791.38257 0.046148
1791.48938 0.045221
1791.59607 0.044316
1791.70288 0.043437
1791.80957 0.042588
1791.91638 0.041774
1792.02307 0.041001
1792.12988 0.040271
1792.23657 0.039585
1792.34338 0.03894
1792.45007 0.03833
1792.55688 0.037754
1792.66357 0.037206
1792.77039 0.036682
1792.87708 0.036179
1792.98389 0.035693
1793.09058 0.035219
1793.19739 0.034755
1793.30408 0.034299
1793.41089 0.03385
1793.51758 0.033406
1793.62439 0.032966
1793.73108 0.032528
1793.83789 0.032092
1793.94470 0.031656
1794.05139 0.031219
1794.15820 0.030779
1794.26489 0.030337
1794.37170 0.029896
1794.47839 0.029456
1794.58521 0.029021
1794.69189 0.02859
1794.79871 0.028167
1794.90540 0.027753
1795.01221 0.027349
1795.11890 0.026958
1795.22571 0.026579
1795.33240 0.026212
1795.43921 0.025856
1795.54590 0.02551
1795.65271 0.025173
1795.75940 0.024842
1795.86621 0.024519
1795.97290 0.024201
1796.07971 0.023887
1796.18640 0.023576
1796.29321 0.023269
1796.40002 0.022963
1796.50671 0.022659
1796.61353 0.022357
1796.72021 0.022055
1796.82703 0.021753
1796.93372 0.021451
1797.04053 0.021147
1797.14722 0.020843
1797.25403 0.020537
1797.36072 0.020232
1797.46753 0.019929
1797.57422 0.019629
1797.68103 0.019334
1797.78772 0.019044
1797.89453 0.018761
1798.00122 0.018487
1798.10803 0.018222
1798.21472 0.017967
1798.32153 0.017721
1798.42822 0.017484
1798.53503 0.017255
1798.64172 0.017033
1798.74854 0.016817
1798.85522 0.016606
1798.96204 0.0164
1799.06885 0.016198
1799.17554 0.015999
1799.28235 0.015802
1799.38904 0.015609
1799.49585 0.015417
1799.60254 0.015227
1799.70935 0.015039
1799.81604 0.014852
1799.92285 0.014666
1800.02954 0.01448
1800.13635 0.014296
1800.24304 0.014112
1800.34985 0.01393
1800.45654 0.01375
1800.56335 0.013573
1800.67004 0.013401
1800.77686 0.013234
1800.88354 0.013073
1800.99036 0.012918
1801.09705 0.01277
1801.20386 0.012631
1801.31055 0.012498
1801.41736 0.012372
1801.52405 0.012251
1801.63086 0.012135
1801.73767 0.012022
1801.84436 0.011912
1801.95117 0.011805
1802.05786 0.011698
1802.16467 0.011592
1802.27136 0.011487
1802.37817 0.011383
1802.48486 0.01128
1802.59167 0.01118
1802.69836 0.011082
1802.80518 0.010988
1802.91187 0.010898
1803.01868 0.010812
1803.12537 0.010731
1803.23218 0.010655
1803.33887 0.010583
1803.44568 0.010516
1803.55237 0.010452
1803.65918 0.010391
1803.76587 0.010334
1803.87268 0.010279
1803.97937 0.010226
1804.08618 0.010175
1804.19299 0.010125
1804.29968 0.010077
1804.40649 0.01003
1804.51318 0.009984
1804.62000 0.009939
1804.72668 0.009896
1804.83350 0.009853
1804.94019 0.009812
1805.04700 0.009771
1805.15369 0.009731
1805.26050 0.009692
1805.36719 0.009654
1805.47400 0.009617
1805.58069 0.009581
1805.68750 0.009547
1805.79419 0.009513
1805.90100 0.009481
1806.00769 0.009449
1806.11450 0.00942
1806.22119 0.009391
1806.32800 0.009364
1806.43469 0.009337
1806.54150 0.009312
1806.64819 0.009287
1806.75500 0.009263
1806.86182 0.009239
1806.96851 0.009216
1807.07532 0.009193
1807.18201 0.00917
1807.28882 0.009147
1807.39551 0.009124
1807.50232 0.0091
1807.60901 0.009076
1807.71582 0.009051
1807.82251 0.009025
1807.92932 0.008999
1808.03601 0.008971
1808.14282 0.008943
1808.24951 0.008913
1808.35632 0.008882
1808.46301 0.00885
1808.56982 0.008817
1808.67651 0.008784
1808.78333 0.00875
1808.89001 0.008715
1808.99683 0.00868
1809.10352 0.008645
1809.21033 0.00861
1809.31702 0.008574
1809.42383 0.008538
1809.53064 0.008502
1809.63733 0.008465
1809.74414 0.008428
1809.85083 0.008391
1809.95764 0.008354
1810.06433 0.008316
1810.17114 0.008277
1810.27783 0.008238
1810.38464 0.008198
1810.49133 0.008158
1810.59814 0.008117
1810.70483 0.008074
1810.81165 0.008031
1810.91833 0.007986
1811.02515 0.00794
1811.13184 0.007892
1811.23865 0.007843
1811.34534 0.007793
1811.45215 0.007742
1811.55884 0.00769
1811.66565 0.007638
1811.77234 0.007585
1811.87915 0.007532
1811.98596 0.007479
1812.09265 0.007427
1812.19946 0.007375
1812.30615 0.007324
1812.41296 0.007273
1812.51965 0.007223
1812.62646 0.007173
1812.73315 0.007123
1812.83997 0.007074
1812.94666 0.007025
1813.05347 0.006977
1813.16016 0.006929
1813.26697 0.006881
1813.37366 0.006832
1813.48047 0.006783
1813.58716 0.006733
1813.69397 0.006681
1813.80066 0.006627
1813.90747 0.006571
1814.01416 0.006513
1814.12097 0.006451
1814.22766 0.006387
1814.33447 0.006322
1814.44116 0.006256
1814.54797 0.006191
1814.65479 0.006129
1814.76147 0.006069
1814.86829 0.006015
1814.97498 0.005966
1815.08179 0.005923
1815.18848 0.005889
1815.29529 0.005862
1815.40198 0.005841
1815.50879 0.005826
1815.61548 0.005815
1815.72229 0.005807
1815.82898 0.005803
1815.93579 0.0058
1816.04248 0.005799
1816.14929 0.005798
1816.25598 0.005796
1997.88159 0.0
