threeML/data/optical_filters/TD1/SPEC-F1980.ecsv
# %ECSV 0.9
# ---
# datatype:
# - {name: wavelength, unit: Angstrom, datatype: float32}
# - {name: response, datatype: float32}
# meta: !!omap
# - {band_name: F1980}
# - {group_name: SPEC}
wavelength response
1734.24683 0.0
1926.94092 0.010058
1927.04773 0.010124
1927.15442 0.01019
1927.26123 0.010256
1927.36792 0.010321
1927.47473 0.010387
1927.58142 0.010453
1927.68823 0.01052
1927.79504 0.010587
1927.90173 0.010655
1928.00854 0.010725
1928.11523 0.010795
1928.22205 0.010868
1928.32874 0.010941
1928.43555 0.011015
1928.54224 0.011089
1928.64905 0.011163
1928.75574 0.011236
1928.86255 0.011308
1928.96924 0.011378
1929.07605 0.011447
1929.18274 0.011514
1929.28955 0.011578
1929.39624 0.011642
1929.50305 0.011704
1929.60974 0.011765
1929.71655 0.011827
1929.82324 0.011888
1929.93005 0.01195
1930.03674 0.012013
1930.14355 0.012078
1930.25024 0.012143
1930.35706 0.01221
1930.46387 0.012277
1930.57056 0.012345
1930.67737 0.012412
1930.78406 0.012478
1930.89087 0.012543
1930.99756 0.012607
1931.10437 0.012669
1931.21106 0.012729
1931.31787 0.012787
1931.42456 0.012843
1931.53137 0.012899
1931.63806 0.012953
1931.74487 0.013007
1931.85156 0.01306
1931.95837 0.013114
1932.06506 0.013168
1932.17188 0.013222
1932.27856 0.013278
1932.38538 0.013334
1932.49207 0.013391
1932.59888 0.013448
1932.70557 0.013507
1932.81238 0.013566
1932.91907 0.013626
1933.02588 0.013687
1933.13269 0.013749
1933.23938 0.013812
1933.34619 0.013875
1933.45288 0.013939
1933.55969 0.014004
1933.66638 0.014069
1933.77319 0.014134
1933.87988 0.014199
1933.98669 0.014265
1934.09338 0.01433
1934.20020 0.014395
1934.30688 0.014461
1934.41370 0.014526
1934.52039 0.014592
1934.62720 0.014658
1934.73389 0.014724
1934.84070 0.014791
1934.94739 0.014859
1935.05420 0.014927
1935.16089 0.014997
1935.26770 0.015067
1935.37439 0.015139
1935.48120 0.015213
1935.58789 0.01529
1935.69470 0.015368
1935.80151 0.01545
1935.90820 0.015535
1936.01501 0.015624
1936.12170 0.015716
1936.22852 0.015813
1936.33521 0.015913
1936.44202 0.016016
1936.54871 0.016121
1936.65552 0.016229
1936.76221 0.016339
1936.86902 0.01645
1936.97571 0.016562
1937.08252 0.016675
1937.18921 0.016787
1937.29602 0.0169
1937.40271 0.017013
1937.50952 0.017127
1937.61621 0.017242
1937.72302 0.017357
1937.82971 0.017474
1937.93652 0.017592
1938.04321 0.017711
1938.15002 0.017831
1938.25684 0.017954
1938.36353 0.018079
1938.47034 0.018206
1938.57703 0.018337
1938.68384 0.018472
1938.79053 0.01861
1938.89734 0.018754
1939.00403 0.018902
1939.11084 0.019056
1939.21753 0.019215
1939.32434 0.019379
1939.43103 0.019548
1939.53784 0.019719
1939.64453 0.019894
1939.75134 0.02007
1939.85803 0.020247
1939.96484 0.020425
1940.07153 0.020602
1940.17834 0.020778
1940.28503 0.020953
1940.39185 0.021128
1940.49854 0.021302
1940.60535 0.021477
1940.71204 0.021651
1940.81885 0.021825
1940.92566 0.022
1941.03235 0.022176
1941.13916 0.022353
1941.24585 0.022531
1941.35266 0.022712
1941.45935 0.022897
1941.56616 0.023086
1941.67285 0.023281
1941.77966 0.023482
1941.88635 0.02369
1941.99316 0.023907
1942.09985 0.024133
1942.20667 0.024368
1942.31335 0.024612
1942.42017 0.024862
1942.52686 0.025119
1942.63367 0.02538
1942.74036 0.025644
1942.84717 0.02591
1942.95386 0.026176
1943.06067 0.026441
1943.16736 0.026705
1943.27417 0.026969
1943.38086 0.027234
1943.48767 0.027504
1943.59448 0.02778
1943.70117 0.028064
1943.80798 0.02836
1943.91467 0.028669
1944.02148 0.028993
1944.12817 0.029334
1944.23499 0.029694
1944.34167 0.030069
1944.44849 0.030459
1944.55518 0.030862
1944.66199 0.031275
1944.76868 0.031698
1944.87549 0.032127
1944.98218 0.032562
1945.08899 0.033001
1945.19568 0.033443
1945.30249 0.033887
1945.40918 0.034335
1945.51599 0.034789
1945.62268 0.035247
1945.72949 0.035712
1945.83618 0.036185
1945.94299 0.036665
1946.04980 0.037154
1946.15649 0.037653
1946.26331 0.038164
1946.37000 0.038688
1946.47681 0.039228
1946.58350 0.039786
1946.69031 0.040364
1946.79700 0.040965
1946.90381 0.041589
1947.01050 0.042241
1947.11731 0.042921
1947.22400 0.04363
1947.33081 0.044363
1947.43750 0.045118
1947.54431 0.045891
1947.65100 0.046679
1947.75781 0.047477
1947.86450 0.048283
1947.97131 0.049092
1948.07800 0.049902
1948.18481 0.050709
1948.29150 0.051514
1948.39832 0.052317
1948.50500 0.05312
1948.61182 0.053923
1948.71863 0.054728
1948.82532 0.055536
1948.93213 0.056346
1949.03882 0.057161
1949.14563 0.057982
1949.25232 0.058811
1949.35913 0.059654
1949.46582 0.060515
1949.57263 0.061399
1949.67932 0.062311
1949.78613 0.063256
1949.89282 0.064239
1949.99963 0.065265
1950.10632 0.066337
1950.21313 0.067459
1950.31982 0.068627
1950.42664 0.069839
1950.53333 0.071091
1950.64014 0.07238
1950.74683 0.073702
1950.85364 0.075055
1950.96033 0.076434
1951.06714 0.077838
1951.17383 0.079263
1951.28064 0.080711
1951.38745 0.082183
1951.49414 0.083682
1951.60095 0.085209
1951.70764 0.086767
1951.81445 0.088357
1951.92114 0.089982
1952.02795 0.091644
1952.13464 0.093345
1952.24146 0.09509
1952.34814 0.096889
1952.45496 0.098749
1952.56165 0.10068
1952.66846 0.102689
1952.77515 0.104786
1952.88196 0.106979
1952.98865 0.109276
1953.09546 0.111686
1953.20215 0.114212
1953.30896 0.116843
1953.41565 0.119568
1953.52246 0.122375
1953.62915 0.125251
1953.73596 0.128184
1953.84265 0.131163
1953.94946 0.134175
1954.05627 0.137208
1954.16296 0.140252
1954.26978 0.143307
1954.37646 0.146377
1954.48328 0.149466
1954.58997 0.152578
1954.69678 0.155717
1954.80347 0.158888
1954.91028 0.162096
1955.01697 0.165343
1955.12378 0.168636
1955.23047 0.171981
1955.33728 0.175391
1955.44397 0.17888
1955.55078 0.182459
1955.65747 0.186141
1955.76428 0.18994
1955.87097 0.193868
1955.97778 0.197937
1956.08447 0.202161
1956.19128 0.206543
1956.29797 0.21106
1956.40479 0.215683
1956.51160 0.220384
1956.61829 0.225134
1956.72510 0.229905
1956.83179 0.234669
1956.93860 0.239396
1957.04529 0.244059
1957.15210 0.248632
1957.25879 0.253126
1957.36560 0.257571
1957.47229 0.261994
1957.57910 0.266427
1957.68579 0.270899
1957.79260 0.27544
1957.89929 0.280078
1958.00610 0.284844
1958.11279 0.289767
1958.21960 0.294852
1958.32629 0.300072
1958.43311 0.305395
1958.53979 0.310791
1958.64661 0.316228
1958.75330 0.321676
1958.86011 0.327104
1958.96680 0.332481
1959.07361 0.337776
1959.18042 0.342965
1959.28711 0.348052
1959.39392 0.353049
1959.50061 0.357967
1959.60742 0.362818
1959.71411 0.367613
1959.82092 0.372364
1959.92761 0.377081
1960.03442 0.381778
1960.14111 0.386464
1960.24792 0.391153
1960.35461 0.395856
1960.46143 0.400586
1960.56812 0.405357
1960.67493 0.41018
1960.78162 0.415067
1960.88843 0.420033
1960.99512 0.425088
1961.10193 0.430245
1961.20862 0.435507
1961.31543 0.440851
1961.42212 0.446256
1961.52893 0.451698
1961.63562 0.457155
1961.74243 0.462603
1961.84924 0.468021
1961.95593 0.473384
1962.06274 0.478671
1962.16943 0.483862
1962.27625 0.488961
1962.38293 0.493981
1962.48975 0.498932
1962.59644 0.503827
1962.70325 0.508678
1962.80994 0.513495
1962.91675 0.518292
1963.02344 0.52308
1963.13025 0.527871
1963.23694 0.532674
1963.34375 0.537499
1963.45044 0.542354
1963.55725 0.547248
1963.66394 0.55219
1963.77075 0.557188
1963.87744 0.562251
1963.98425 0.567387
1964.09094 0.572605
1964.19775 0.577906
1964.30457 0.583264
1964.41125 0.588654
1964.51807 0.594048
1964.62476 0.59942
1964.73157 0.604742
1964.83826 0.609987
1964.94507 0.615128
1965.05176 0.620139
1965.15857 0.624995
1965.26526 0.6297
1965.37207 0.634269
1965.47876 0.638719
1965.58557 0.643064
1965.69226 0.647321
1965.79907 0.651504
1965.90576 0.655631
1966.01257 0.659716
1966.11926 0.663775
1966.22607 0.667825
1966.33276 0.671883
1966.43958 0.675968
1966.54626 0.680097
1966.65308 0.684288
1966.75977 0.688559
1966.86658 0.692928
1966.97339 0.697413
1967.08008 0.702031
1967.18689 0.706792
1967.29358 0.711673
1967.40039 0.716646
1967.50708 0.721684
1967.61389 0.726758
1967.72058 0.731839
1967.82739 0.7369
1967.93408 0.741912
1968.04089 0.746846
1968.14758 0.751678
1968.25439 0.756415
1968.36108 0.761082
1968.46790 0.765707
1968.57458 0.770317
1968.68140 0.774937
1968.78809 0.779595
1968.89490 0.784318
1969.00159 0.789133
1969.10840 0.794065
1969.21509 0.79912
1969.32190 0.804268
1969.42859 0.809477
1969.53540 0.814714
1969.64221 0.819945
1969.74890 0.825139
1969.85571 0.830263
1969.96240 0.835284
1970.06921 0.840169
1970.17590 0.844892
1970.28271 0.849456
1970.38940 0.853875
1970.49622 0.858159
1970.60291 0.862321
1970.70972 0.866373
1970.81641 0.870327
1970.92322 0.874195
1971.02991 0.877989
1971.13672 0.881722
1971.24341 0.885395
1971.35022 0.889006
1971.45691 0.892552
1971.56372 0.896028
1971.67041 0.899431
1971.77722 0.902759
1971.88391 0.906006
1971.99072 0.909171
1972.09753 0.912248
1972.20422 0.915235
1972.31104 0.918127
1972.41772 0.920917
1972.52454 0.923602
1972.63123 0.926175
1972.73804 0.928633
1972.84473 0.930969
1972.95154 0.933179
1973.05823 0.935257
1973.16504 0.937201
1973.27173 0.939021
1973.37854 0.940732
1973.48523 0.94235
1973.59204 0.943891
1973.69873 0.945369
1973.80554 0.946802
1973.91223 0.948204
1974.01904 0.949591
1974.12573 0.950978
1974.23254 0.952374
1974.33923 0.953779
1974.44604 0.955196
1974.55273 0.956624
1974.65955 0.958065
1974.76636 0.95952
1974.87305 0.96099
1974.97986 0.962475
1975.08655 0.963977
1975.19336 0.965495
1975.30005 0.96702
1975.40686 0.968546
1975.51355 0.970063
1975.62036 0.971563
1975.72705 0.973038
1975.83386 0.97448
1975.94055 0.97588
1976.04736 0.977231
1976.15405 0.978524
1976.26086 0.979758
1976.36755 0.980938
1976.47437 0.982066
1976.58105 0.983145
1976.68787 0.984178
1976.79456 0.985168
1976.90137 0.986119
1977.00806 0.987032
1977.11487 0.987912
1977.22156 0.98876
1977.32837 0.989578
1977.43518 0.990364
1977.54187 0.991121
1977.64868 0.991848
1977.75537 0.992546
1977.86218 0.993216
1977.96887 0.993858
1978.07568 0.994472
1978.18237 0.99506
1978.28918 0.995619
1978.39587 0.996148
1978.50269 0.996646
1978.60938 0.997111
1978.71619 0.997542
1978.82288 0.997937
1978.92969 0.998294
1979.03638 0.998612
1979.14319 0.998891
1979.24988 0.99913
1979.35669 0.999333
1979.46338 0.999502
1979.57019 0.999641
1979.67688 0.999753
1979.78369 0.99984
1979.89050 0.999906
1979.99719 0.999952
1980.10400 0.999983
1980.21069 0.999999
1980.31750 1.0
1980.42419 0.999984
1980.53101 0.99995
1980.63770 0.999896
1980.74451 0.999821
1980.85120 0.999724
1980.95801 0.999603
1981.06470 0.999457
1981.17151 0.999286
1981.27820 0.999089
1981.38501 0.998867
1981.49170 0.998621
1981.59851 0.998353
1981.70520 0.998064
1981.81201 0.997753
1981.91870 0.997423
1982.02551 0.997074
1982.13220 0.996706
1982.23901 0.99632
1982.34570 0.99591
1982.45251 0.995475
1982.55933 0.995009
1982.66602 0.994511
1982.77283 0.993976
1982.87952 0.9934
1982.98633 0.992781
1983.09302 0.992115
1983.19983 0.9914
1983.30652 0.990638
1983.41333 0.989833
1983.52002 0.988987
1983.62683 0.988103
1983.73352 0.987183
1983.84033 0.986232
1983.94702 0.985251
1984.05383 0.984244
1984.16052 0.983212
1984.26733 0.982157
1984.37402 0.981077
1984.48083 0.979971
1984.58752 0.978838
1984.69434 0.977676
1984.80103 0.976486
1984.90784 0.975265
1985.01453 0.974014
1985.12134 0.97273
1985.22815 0.971411
1985.33484 0.970053
1985.44165 0.968649
1985.54834 0.967197
1985.65515 0.965689
1985.76184 0.964122
1985.86865 0.962491
1985.97534 0.960791
1986.08215 0.959016
1986.18884 0.957166
1986.29565 0.955248
1986.40234 0.953274
1986.50916 0.951252
1986.61584 0.949194
1986.72266 0.947111
1986.82935 0.945012
1986.93616 0.942908
1987.04285 0.940809
1987.14966 0.938725
1987.25635 0.936656
1987.36316 0.934596
1987.46985 0.932538
1987.57666 0.930477
1987.68335 0.928407
1987.79016 0.926323
1987.89697 0.924218
1988.00366 0.922087
1988.11047 0.919922
1988.21716 0.917711
1988.32397 0.915425
1988.43066 0.913035
1988.53748 0.910513
1988.64417 0.907829
1988.75098 0.904954
1988.85767 0.901861
1988.96448 0.898519
1989.07117 0.894901
1989.17798 0.890986
1989.28467 0.886796
1989.39148 0.882361
1989.49817 0.877714
1989.60498 0.872886
1989.71167 0.867908
1989.81848 0.862812
1989.92517 0.857629
1990.03198 0.852391
1990.13867 0.847128
1990.24548 0.841855
1990.35229 0.836573
1990.45898 0.831285
1990.56580 0.825992
1990.67249 0.820696
1990.77930 0.815398
1990.88599 0.810101
1990.99280 0.804807
1991.09949 0.799517
1991.20630 0.79423
1991.31299 0.788942
1991.41980 0.783646
1991.52649 0.778337
1991.63330 0.773009
1991.73999 0.767655
1991.84680 0.762272
1991.95349 0.756851
1992.06030 0.751388
1992.16699 0.74588
1992.27380 0.740341
1992.38049 0.734789
1992.48730 0.729244
1992.59399 0.723726
1992.70081 0.718255
1992.80750 0.71285
1992.91431 0.707531
1993.02112 0.702317
1993.12781 0.697227
1993.23462 0.692263
1993.34131 0.68741
1993.44812 0.682653
1993.55481 0.677977
1993.66162 0.673365
1993.76831 0.668804
1993.87512 0.664277
1993.98181 0.659768
1994.08862 0.655263
1994.19531 0.650747
1994.30212 0.646207
1994.40881 0.641628
1994.51562 0.636998
1994.62231 0.632304
1994.72913 0.627533
1994.83582 0.622671
1994.94263 0.617705
1995.04932 0.612623
1995.15613 0.607413
1995.26282 0.602096
1995.36963 0.596701
1995.47632 0.591262
1995.58313 0.585811
1995.68994 0.580378
1995.79663 0.574997
1995.90344 0.569698
1996.01013 0.564514
1996.11694 0.559477
1996.22363 0.55459
1996.33044 0.549826
1996.43713 0.545154
1996.54395 0.540542
1996.65063 0.53596
1996.75745 0.531378
1996.86414 0.526764
1996.97095 0.522087
1997.07764 0.517317
1997.18445 0.512434
1997.29114 0.507456
1997.39795 0.50241
1997.50464 0.497322
1997.61145 0.49222
1997.71814 0.487131
1997.82495 0.482082
1997.93164 0.477099
1998.03845 0.472209
1998.14526 0.467438
1998.25195 0.462786
1998.35876 0.458241
1998.46545 0.45379
1998.57227 0.449418
1998.67896 0.445114
1998.78577 0.440863
1998.89246 0.436652
1998.99927 0.432468
1999.10596 0.428297
1999.21277 0.424127
1999.31946 0.419948
1999.42627 0.415746
1999.53296 0.411513
1999.63977 0.407236
1999.74646 0.402905
1999.85327 0.398509
1999.95996 0.394036
2000.06677 0.389476
2000.17346 0.384822
2000.28027 0.380087
2000.38696 0.375292
2000.49377 0.370455
2000.60046 0.365598
2000.70728 0.36074
2000.81409 0.355901
2000.92078 0.351101
2001.02759 0.346359
2001.13428 0.341694
2001.24109 0.337109
2001.34778 0.332594
2001.45459 0.328137
2001.56128 0.323726
2001.66809 0.31935
2001.77478 0.314998
2001.88159 0.310658
2001.98828 0.30632
2002.09509 0.301971
2002.20178 0.297602
2002.30859 0.293205
2002.41528 0.28877
2002.52209 0.284292
2002.62878 0.279761
2002.73560 0.275169
2002.84229 0.27051
2002.94910 0.265775
2003.05579 0.260957
2003.16260 0.256049
2003.26929 0.251071
2003.37610 0.246048
2003.48291 0.241008
2003.58960 0.235975
2003.69641 0.230977
2003.80310 0.22604
2003.90991 0.22119
2004.01660 0.216455
2004.12341 0.211859
2004.23010 0.207412
2004.33691 0.203104
2004.44360 0.198926
2004.55042 0.194868
2004.65710 0.190919
2004.76392 0.187069
2004.87061 0.183308
2004.97742 0.179625
2005.08411 0.176011
2005.19092 0.172456
2005.29761 0.16895
2005.40442 0.165487
2005.51111 0.162059
2005.61792 0.158658
2005.72461 0.155276
2005.83142 0.151907
2005.93823 0.148543
2006.04492 0.145176
2006.15173 0.141802
2006.25842 0.138429
2006.36523 0.135073
2006.47192 0.131749
2006.57874 0.128473
2006.68542 0.125262
2006.79224 0.122128
2006.89893 0.119089
2007.00574 0.116157
2007.11243 0.113349
2007.21924 0.110668
2007.32593 0.108103
2007.43274 0.105646
2007.53943 0.103284
2007.64624 0.101006
2007.75293 0.098804
2007.85974 0.096666
2007.96643 0.094581
2008.07324 0.092541
2008.17993 0.090535
2008.28674 0.08856
2008.39343 0.086614
2008.50024 0.084694
2008.60706 0.082799
2008.71375 0.080925
2008.82056 0.079071
2008.92725 0.077233
2009.03406 0.07541
2009.14075 0.0736
2009.24756 0.071806
2009.35425 0.070035
2009.46106 0.068295
2009.56775 0.066594
2009.67456 0.06494
2009.78125 0.06334
2009.88806 0.061801
2009.99475 0.060332
2010.10156 0.05894
2010.20825 0.057627
2010.31506 0.056386
2010.42175 0.055209
2010.52856 0.054088
2010.63525 0.053013
2010.74207 0.051976
2010.84875 0.05097
2010.95557 0.049985
2011.06226 0.049014
2011.16907 0.048049
2011.27588 0.047093
2011.38257 0.046148
2011.48938 0.045221
2011.59607 0.044316
2011.70288 0.043437
2011.80957 0.042588
2011.91638 0.041774
2012.02307 0.041001
2012.12988 0.040271
2012.23657 0.039585
2012.34338 0.03894
2012.45007 0.03833
2012.55688 0.037754
2012.66357 0.037206
2012.77039 0.036682
2012.87708 0.036179
2012.98389 0.035693
2013.09058 0.035219
2013.19739 0.034755
2013.30408 0.034299
2013.41089 0.03385
2013.51758 0.033406
2013.62439 0.032966
2013.73108 0.032528
2013.83789 0.032092
2013.94470 0.031656
2014.05139 0.031219
2014.15820 0.030779
2014.26489 0.030337
2014.37170 0.029896
2014.47839 0.029456
2014.58521 0.029021
2014.69189 0.02859
2014.79871 0.028167
2014.90540 0.027753
2015.01221 0.027349
2015.11890 0.026958
2015.22571 0.026579
2015.33240 0.026212
2015.43921 0.025856
2015.54590 0.02551
2015.65271 0.025173
2015.75940 0.024842
2015.86621 0.024519
2015.97290 0.024201
2016.07971 0.023887
2016.18640 0.023576
2016.29321 0.023269
2016.40002 0.022963
2016.50671 0.022659
2016.61353 0.022357
2016.72021 0.022055
2016.82703 0.021753
2016.93372 0.021451
2017.04053 0.021147
2017.14722 0.020843
2017.25403 0.020537
2017.36072 0.020232
2017.46753 0.019929
2017.57422 0.019629
2017.68103 0.019334
2017.78772 0.019044
2017.89453 0.018761
2018.00122 0.018487
2018.10803 0.018222
2018.21472 0.017967
2018.32153 0.017721
2018.42822 0.017484
2018.53503 0.017255
2018.64172 0.017033
2018.74854 0.016817
2018.85522 0.016606
2018.96204 0.0164
2019.06885 0.016198
2019.17554 0.015999
2019.28235 0.015802
2019.38904 0.015609
2019.49585 0.015417
2019.60254 0.015227
2019.70935 0.015039
2019.81604 0.014852
2019.92285 0.014666
2020.02954 0.01448
2020.13635 0.014296
2020.24304 0.014112
2020.34985 0.01393
2020.45654 0.01375
2020.56335 0.013573
2020.67004 0.013401
2020.77686 0.013234
2020.88354 0.013073
2020.99036 0.012918
2021.09705 0.01277
2021.20386 0.012631
2021.31055 0.012498
2021.41736 0.012372
2021.52405 0.012251
2021.63086 0.012135
2021.73767 0.012022
2021.84436 0.011912
2021.95117 0.011805
2022.05786 0.011698
2022.16467 0.011592
2022.27136 0.011487
2022.37817 0.011383
2022.48486 0.01128
2022.59167 0.01118
2022.69836 0.011082
2022.80518 0.010988
2022.91187 0.010898
2023.01868 0.010812
2023.12537 0.010731
2023.23218 0.010655
2023.33887 0.010583
2023.44568 0.010516
2023.55237 0.010452
2023.65918 0.010391
2023.76587 0.010334
2023.87268 0.010279
2023.97937 0.010226
2024.08618 0.010175
2024.19299 0.010125
2024.29968 0.010077
2024.40649 0.01003
2024.51318 0.009984
2024.62000 0.009939
2024.72668 0.009896
2024.83350 0.009853
2024.94019 0.009812
2025.04700 0.009771
2025.15369 0.009731
2025.26050 0.009692
2025.36719 0.009654
2025.47400 0.009617
2025.58069 0.009581
2025.68750 0.009547
2025.79419 0.009513
2025.90100 0.009481
2026.00769 0.009449
2026.11450 0.00942
2026.22119 0.009391
2026.32800 0.009364
2026.43469 0.009337
2026.54150 0.009312
2026.64819 0.009287
2026.75500 0.009263
2026.86182 0.009239
2026.96851 0.009216
2027.07532 0.009193
2027.18201 0.00917
2027.28882 0.009147
2027.39551 0.009124
2027.50232 0.0091
2027.60901 0.009076
2027.71582 0.009051
2027.82251 0.009025
2027.92932 0.008999
2028.03601 0.008971
2028.14282 0.008943
2028.24951 0.008913
2028.35632 0.008882
2028.46301 0.00885
2028.56982 0.008817
2028.67651 0.008784
2028.78333 0.00875
2028.89001 0.008715
2028.99683 0.00868
2029.10352 0.008645
2029.21033 0.00861
2029.31702 0.008574
2029.42383 0.008538
2029.53064 0.008502
2029.63733 0.008465
2029.74414 0.008428
2029.85083 0.008391
2029.95764 0.008354
2030.06433 0.008316
2030.17114 0.008277
2030.27783 0.008238
2030.38464 0.008198
2030.49133 0.008158
2030.59814 0.008117
2030.70483 0.008074
2030.81165 0.008031
2030.91833 0.007986
2031.02515 0.00794
2031.13184 0.007892
2031.23865 0.007843
2031.34534 0.007793
2031.45215 0.007742
2031.55884 0.00769
2031.66565 0.007638
2031.77234 0.007585
2031.87915 0.007532
2031.98596 0.007479
2032.09265 0.007427
2032.19946 0.007375
2032.30615 0.007324
2032.41296 0.007273
2032.51965 0.007223
2032.62646 0.007173
2032.73315 0.007123
2032.83997 0.007074
2032.94666 0.007025
2033.05347 0.006977
2033.16016 0.006929
2033.26697 0.006881
2033.37366 0.006832
2033.48047 0.006783
2033.58716 0.006733
2033.69397 0.006681
2033.80066 0.006627
2033.90747 0.006571
2034.01416 0.006513
2034.12097 0.006451
2034.22766 0.006387
2034.33447 0.006322
2034.44116 0.006256
2034.54797 0.006191
2034.65479 0.006129
2034.76147 0.006069
2034.86829 0.006015
2034.97498 0.005966
2035.08179 0.005923
2035.18848 0.005889
2035.29529 0.005862
2035.40198 0.005841
2035.50879 0.005826
2035.61548 0.005815
2035.72229 0.005807
2035.82898 0.005803
2035.93579 0.0058
2036.04248 0.005799
2036.14929 0.005798
2036.25598 0.005796
2239.88159 0.0
