threeML/data/optical_filters/TD1/SPEC-F1700.ecsv
# %ECSV 0.9
# ---
# datatype:
# - {name: wavelength, unit: Angstrom, datatype: float32}
# - {name: response, datatype: float32}
# meta: !!omap
# - {band_name: F1700}
# - {group_name: SPEC}
wavelength response
1482.24683 0.0
1646.94092 0.010058
1647.04773 0.010124
1647.15442 0.01019
1647.26123 0.010256
1647.36792 0.010321
1647.47473 0.010387
1647.58142 0.010453
1647.68823 0.01052
1647.79504 0.010587
1647.90173 0.010655
1648.00854 0.010725
1648.11523 0.010795
1648.22205 0.010868
1648.32874 0.010941
1648.43555 0.011015
1648.54224 0.011089
1648.64905 0.011163
1648.75574 0.011236
1648.86255 0.011308
1648.96924 0.011378
1649.07605 0.011447
1649.18274 0.011514
1649.28955 0.011578
1649.39624 0.011642
1649.50305 0.011704
1649.60974 0.011765
1649.71655 0.011827
1649.82324 0.011888
1649.93005 0.01195
1650.03674 0.012013
1650.14355 0.012078
1650.25024 0.012143
1650.35706 0.01221
1650.46387 0.012277
1650.57056 0.012345
1650.67737 0.012412
1650.78406 0.012478
1650.89087 0.012543
1650.99756 0.012607
1651.10437 0.012669
1651.21106 0.012729
1651.31787 0.012787
1651.42456 0.012843
1651.53137 0.012899
1651.63806 0.012953
1651.74487 0.013007
1651.85156 0.01306
1651.95837 0.013114
1652.06506 0.013168
1652.17188 0.013222
1652.27856 0.013278
1652.38538 0.013334
1652.49207 0.013391
1652.59888 0.013448
1652.70557 0.013507
1652.81238 0.013566
1652.91907 0.013626
1653.02588 0.013687
1653.13269 0.013749
1653.23938 0.013812
1653.34619 0.013875
1653.45288 0.013939
1653.55969 0.014004
1653.66638 0.014069
1653.77319 0.014134
1653.87988 0.014199
1653.98669 0.014265
1654.09338 0.01433
1654.20020 0.014395
1654.30688 0.014461
1654.41370 0.014526
1654.52039 0.014592
1654.62720 0.014658
1654.73389 0.014724
1654.84070 0.014791
1654.94739 0.014859
1655.05420 0.014927
1655.16089 0.014997
1655.26770 0.015067
1655.37439 0.015139
1655.48120 0.015213
1655.58789 0.01529
1655.69470 0.015368
1655.80151 0.01545
1655.90820 0.015535
1656.01501 0.015624
1656.12170 0.015716
1656.22852 0.015813
1656.33521 0.015913
1656.44202 0.016016
1656.54871 0.016121
1656.65552 0.016229
1656.76221 0.016339
1656.86902 0.01645
1656.97571 0.016562
1657.08252 0.016675
1657.18921 0.016787
1657.29602 0.0169
1657.40271 0.017013
1657.50952 0.017127
1657.61621 0.017242
1657.72302 0.017357
1657.82971 0.017474
1657.93652 0.017592
1658.04321 0.017711
1658.15002 0.017831
1658.25684 0.017954
1658.36353 0.018079
1658.47034 0.018206
1658.57703 0.018337
1658.68384 0.018472
1658.79053 0.01861
1658.89734 0.018754
1659.00403 0.018902
1659.11084 0.019056
1659.21753 0.019215
1659.32434 0.019379
1659.43103 0.019548
1659.53784 0.019719
1659.64453 0.019894
1659.75134 0.02007
1659.85803 0.020247
1659.96484 0.020425
1660.07153 0.020602
1660.17834 0.020778
1660.28503 0.020953
1660.39185 0.021128
1660.49854 0.021302
1660.60535 0.021477
1660.71204 0.021651
1660.81885 0.021825
1660.92566 0.022
1661.03235 0.022176
1661.13916 0.022353
1661.24585 0.022531
1661.35266 0.022712
1661.45935 0.022897
1661.56616 0.023086
1661.67285 0.023281
1661.77966 0.023482
1661.88635 0.02369
1661.99316 0.023907
1662.09985 0.024133
1662.20667 0.024368
1662.31335 0.024612
1662.42017 0.024862
1662.52686 0.025119
1662.63367 0.02538
1662.74036 0.025644
1662.84717 0.02591
1662.95386 0.026176
1663.06067 0.026441
1663.16736 0.026705
1663.27417 0.026969
1663.38086 0.027234
1663.48767 0.027504
1663.59448 0.02778
1663.70117 0.028064
1663.80798 0.02836
1663.91467 0.028669
1664.02148 0.028993
1664.12817 0.029334
1664.23499 0.029694
1664.34167 0.030069
1664.44849 0.030459
1664.55518 0.030862
1664.66199 0.031275
1664.76868 0.031698
1664.87549 0.032127
1664.98218 0.032562
1665.08899 0.033001
1665.19568 0.033443
1665.30249 0.033887
1665.40918 0.034335
1665.51599 0.034789
1665.62268 0.035247
1665.72949 0.035712
1665.83618 0.036185
1665.94299 0.036665
1666.04980 0.037154
1666.15649 0.037653
1666.26331 0.038164
1666.37000 0.038688
1666.47681 0.039228
1666.58350 0.039786
1666.69031 0.040364
1666.79700 0.040965
1666.90381 0.041589
1667.01050 0.042241
1667.11731 0.042921
1667.22400 0.04363
1667.33081 0.044363
1667.43750 0.045118
1667.54431 0.045891
1667.65100 0.046679
1667.75781 0.047477
1667.86450 0.048283
1667.97131 0.049092
1668.07800 0.049902
1668.18481 0.050709
1668.29150 0.051514
1668.39832 0.052317
1668.50500 0.05312
1668.61182 0.053923
1668.71863 0.054728
1668.82532 0.055536
1668.93213 0.056346
1669.03882 0.057161
1669.14563 0.057982
1669.25232 0.058811
1669.35913 0.059654
1669.46582 0.060515
1669.57263 0.061399
1669.67932 0.062311
1669.78613 0.063256
1669.89282 0.064239
1669.99963 0.065265
1670.10632 0.066337
1670.21313 0.067459
1670.31982 0.068627
1670.42664 0.069839
1670.53333 0.071091
1670.64014 0.07238
1670.74683 0.073702
1670.85364 0.075055
1670.96033 0.076434
1671.06714 0.077838
1671.17383 0.079263
1671.28064 0.080711
1671.38745 0.082183
1671.49414 0.083682
1671.60095 0.085209
1671.70764 0.086767
1671.81445 0.088357
1671.92114 0.089982
1672.02795 0.091644
1672.13464 0.093345
1672.24146 0.09509
1672.34814 0.096889
1672.45496 0.098749
1672.56165 0.10068
1672.66846 0.102689
1672.77515 0.104786
1672.88196 0.106979
1672.98865 0.109276
1673.09546 0.111686
1673.20215 0.114212
1673.30896 0.116843
1673.41565 0.119568
1673.52246 0.122375
1673.62915 0.125251
1673.73596 0.128184
1673.84265 0.131163
1673.94946 0.134175
1674.05627 0.137208
1674.16296 0.140252
1674.26978 0.143307
1674.37646 0.146377
1674.48328 0.149466
1674.58997 0.152578
1674.69678 0.155717
1674.80347 0.158888
1674.91028 0.162096
1675.01697 0.165343
1675.12378 0.168636
1675.23047 0.171981
1675.33728 0.175391
1675.44397 0.17888
1675.55078 0.182459
1675.65747 0.186141
1675.76428 0.18994
1675.87097 0.193868
1675.97778 0.197937
1676.08447 0.202161
1676.19128 0.206543
1676.29797 0.21106
1676.40479 0.215683
1676.51160 0.220384
1676.61829 0.225134
1676.72510 0.229905
1676.83179 0.234669
1676.93860 0.239396
1677.04529 0.244059
1677.15210 0.248632
1677.25879 0.253126
1677.36560 0.257571
1677.47229 0.261994
1677.57910 0.266427
1677.68579 0.270899
1677.79260 0.27544
1677.89929 0.280078
1678.00610 0.284844
1678.11279 0.289767
1678.21960 0.294852
1678.32629 0.300072
1678.43311 0.305395
1678.53979 0.310791
1678.64661 0.316228
1678.75330 0.321676
1678.86011 0.327104
1678.96680 0.332481
1679.07361 0.337776
1679.18042 0.342965
1679.28711 0.348052
1679.39392 0.353049
1679.50061 0.357967
1679.60742 0.362818
1679.71411 0.367613
1679.82092 0.372364
1679.92761 0.377081
1680.03442 0.381778
1680.14111 0.386464
1680.24792 0.391153
1680.35461 0.395856
1680.46143 0.400586
1680.56812 0.405357
1680.67493 0.41018
1680.78162 0.415067
1680.88843 0.420033
1680.99512 0.425088
1681.10193 0.430245
1681.20862 0.435507
1681.31543 0.440851
1681.42212 0.446256
1681.52893 0.451698
1681.63562 0.457155
1681.74243 0.462603
1681.84924 0.468021
1681.95593 0.473384
1682.06274 0.478671
1682.16943 0.483862
1682.27625 0.488961
1682.38293 0.493981
1682.48975 0.498932
1682.59644 0.503827
1682.70325 0.508678
1682.80994 0.513495
1682.91675 0.518292
1683.02344 0.52308
1683.13025 0.527871
1683.23694 0.532674
1683.34375 0.537499
1683.45044 0.542354
1683.55725 0.547248
1683.66394 0.55219
1683.77075 0.557188
1683.87744 0.562251
1683.98425 0.567387
1684.09094 0.572605
1684.19775 0.577906
1684.30457 0.583264
1684.41125 0.588654
1684.51807 0.594048
1684.62476 0.59942
1684.73157 0.604742
1684.83826 0.609987
1684.94507 0.615128
1685.05176 0.620139
1685.15857 0.624995
1685.26526 0.6297
1685.37207 0.634269
1685.47876 0.638719
1685.58557 0.643064
1685.69226 0.647321
1685.79907 0.651504
1685.90576 0.655631
1686.01257 0.659716
1686.11926 0.663775
1686.22607 0.667825
1686.33276 0.671883
1686.43958 0.675968
1686.54626 0.680097
1686.65308 0.684288
1686.75977 0.688559
1686.86658 0.692928
1686.97339 0.697413
1687.08008 0.702031
1687.18689 0.706792
1687.29358 0.711673
1687.40039 0.716646
1687.50708 0.721684
1687.61389 0.726758
1687.72058 0.731839
1687.82739 0.7369
1687.93408 0.741912
1688.04089 0.746846
1688.14758 0.751678
1688.25439 0.756415
1688.36108 0.761082
1688.46790 0.765707
1688.57458 0.770317
1688.68140 0.774937
1688.78809 0.779595
1688.89490 0.784318
1689.00159 0.789133
1689.10840 0.794065
1689.21509 0.79912
1689.32190 0.804268
1689.42859 0.809477
1689.53540 0.814714
1689.64221 0.819945
1689.74890 0.825139
1689.85571 0.830263
1689.96240 0.835284
1690.06921 0.840169
1690.17590 0.844892
1690.28271 0.849456
1690.38940 0.853875
1690.49622 0.858159
1690.60291 0.862321
1690.70972 0.866373
1690.81641 0.870327
1690.92322 0.874195
1691.02991 0.877989
1691.13672 0.881722
1691.24341 0.885395
1691.35022 0.889006
1691.45691 0.892552
1691.56372 0.896028
1691.67041 0.899431
1691.77722 0.902759
1691.88391 0.906006
1691.99072 0.909171
1692.09753 0.912248
1692.20422 0.915235
1692.31104 0.918127
1692.41772 0.920917
1692.52454 0.923602
1692.63123 0.926175
1692.73804 0.928633
1692.84473 0.930969
1692.95154 0.933179
1693.05823 0.935257
1693.16504 0.937201
1693.27173 0.939021
1693.37854 0.940732
1693.48523 0.94235
1693.59204 0.943891
1693.69873 0.945369
1693.80554 0.946802
1693.91223 0.948204
1694.01904 0.949591
1694.12573 0.950978
1694.23254 0.952374
1694.33923 0.953779
1694.44604 0.955196
1694.55273 0.956624
1694.65955 0.958065
1694.76636 0.95952
1694.87305 0.96099
1694.97986 0.962475
1695.08655 0.963977
1695.19336 0.965495
1695.30005 0.96702
1695.40686 0.968546
1695.51355 0.970063
1695.62036 0.971563
1695.72705 0.973038
1695.83386 0.97448
1695.94055 0.97588
1696.04736 0.977231
1696.15405 0.978524
1696.26086 0.979758
1696.36755 0.980938
1696.47437 0.982066
1696.58105 0.983145
1696.68787 0.984178
1696.79456 0.985168
1696.90137 0.986119
1697.00806 0.987032
1697.11487 0.987912
1697.22156 0.98876
1697.32837 0.989578
1697.43518 0.990364
1697.54187 0.991121
1697.64868 0.991848
1697.75537 0.992546
1697.86218 0.993216
1697.96887 0.993858
1698.07568 0.994472
1698.18237 0.99506
1698.28918 0.995619
1698.39587 0.996148
1698.50269 0.996646
1698.60938 0.997111
1698.71619 0.997542
1698.82288 0.997937
1698.92969 0.998294
1699.03638 0.998612
1699.14319 0.998891
1699.24988 0.99913
1699.35669 0.999333
1699.46338 0.999502
1699.57019 0.999641
1699.67688 0.999753
1699.78369 0.99984
1699.89050 0.999906
1699.99719 0.999952
1700.10400 0.999983
1700.21069 0.999999
1700.31750 1.0
1700.42419 0.999984
1700.53101 0.99995
1700.63770 0.999896
1700.74451 0.999821
1700.85120 0.999724
1700.95801 0.999603
1701.06470 0.999457
1701.17151 0.999286
1701.27820 0.999089
1701.38501 0.998867
1701.49170 0.998621
1701.59851 0.998353
1701.70520 0.998064
1701.81201 0.997753
1701.91870 0.997423
1702.02551 0.997074
1702.13220 0.996706
1702.23901 0.99632
1702.34570 0.99591
1702.45251 0.995475
1702.55933 0.995009
1702.66602 0.994511
1702.77283 0.993976
1702.87952 0.9934
1702.98633 0.992781
1703.09302 0.992115
1703.19983 0.9914
1703.30652 0.990638
1703.41333 0.989833
1703.52002 0.988987
1703.62683 0.988103
1703.73352 0.987183
1703.84033 0.986232
1703.94702 0.985251
1704.05383 0.984244
1704.16052 0.983212
1704.26733 0.982157
1704.37402 0.981077
1704.48083 0.979971
1704.58752 0.978838
1704.69434 0.977676
1704.80103 0.976486
1704.90784 0.975265
1705.01453 0.974014
1705.12134 0.97273
1705.22815 0.971411
1705.33484 0.970053
1705.44165 0.968649
1705.54834 0.967197
1705.65515 0.965689
1705.76184 0.964122
1705.86865 0.962491
1705.97534 0.960791
1706.08215 0.959016
1706.18884 0.957166
1706.29565 0.955248
1706.40234 0.953274
1706.50916 0.951252
1706.61584 0.949194
1706.72266 0.947111
1706.82935 0.945012
1706.93616 0.942908
1707.04285 0.940809
1707.14966 0.938725
1707.25635 0.936656
1707.36316 0.934596
1707.46985 0.932538
1707.57666 0.930477
1707.68335 0.928407
1707.79016 0.926323
1707.89697 0.924218
1708.00366 0.922087
1708.11047 0.919922
1708.21716 0.917711
1708.32397 0.915425
1708.43066 0.913035
1708.53748 0.910513
1708.64417 0.907829
1708.75098 0.904954
1708.85767 0.901861
1708.96448 0.898519
1709.07117 0.894901
1709.17798 0.890986
1709.28467 0.886796
1709.39148 0.882361
1709.49817 0.877714
1709.60498 0.872886
1709.71167 0.867908
1709.81848 0.862812
1709.92517 0.857629
1710.03198 0.852391
1710.13867 0.847128
1710.24548 0.841855
1710.35229 0.836573
1710.45898 0.831285
1710.56580 0.825992
1710.67249 0.820696
1710.77930 0.815398
1710.88599 0.810101
1710.99280 0.804807
1711.09949 0.799517
1711.20630 0.79423
1711.31299 0.788942
1711.41980 0.783646
1711.52649 0.778337
1711.63330 0.773009
1711.73999 0.767655
1711.84680 0.762272
1711.95349 0.756851
1712.06030 0.751388
1712.16699 0.74588
1712.27380 0.740341
1712.38049 0.734789
1712.48730 0.729244
1712.59399 0.723726
1712.70081 0.718255
1712.80750 0.71285
1712.91431 0.707531
1713.02112 0.702317
1713.12781 0.697227
1713.23462 0.692263
1713.34131 0.68741
1713.44812 0.682653
1713.55481 0.677977
1713.66162 0.673365
1713.76831 0.668804
1713.87512 0.664277
1713.98181 0.659768
1714.08862 0.655263
1714.19531 0.650747
1714.30212 0.646207
1714.40881 0.641628
1714.51562 0.636998
1714.62231 0.632304
1714.72913 0.627533
1714.83582 0.622671
1714.94263 0.617705
1715.04932 0.612623
1715.15613 0.607413
1715.26282 0.602096
1715.36963 0.596701
1715.47632 0.591262
1715.58313 0.585811
1715.68994 0.580378
1715.79663 0.574997
1715.90344 0.569698
1716.01013 0.564514
1716.11694 0.559477
1716.22363 0.55459
1716.33044 0.549826
1716.43713 0.545154
1716.54395 0.540542
1716.65063 0.53596
1716.75745 0.531378
1716.86414 0.526764
1716.97095 0.522087
1717.07764 0.517317
1717.18445 0.512434
1717.29114 0.507456
1717.39795 0.50241
1717.50464 0.497322
1717.61145 0.49222
1717.71814 0.487131
1717.82495 0.482082
1717.93164 0.477099
1718.03845 0.472209
1718.14526 0.467438
1718.25195 0.462786
1718.35876 0.458241
1718.46545 0.45379
1718.57227 0.449418
1718.67896 0.445114
1718.78577 0.440863
1718.89246 0.436652
1718.99927 0.432468
1719.10596 0.428297
1719.21277 0.424127
1719.31946 0.419948
1719.42627 0.415746
1719.53296 0.411513
1719.63977 0.407236
1719.74646 0.402905
1719.85327 0.398509
1719.95996 0.394036
1720.06677 0.389476
1720.17346 0.384822
1720.28027 0.380087
1720.38696 0.375292
1720.49377 0.370455
1720.60046 0.365598
1720.70728 0.36074
1720.81409 0.355901
1720.92078 0.351101
1721.02759 0.346359
1721.13428 0.341694
1721.24109 0.337109
1721.34778 0.332594
1721.45459 0.328137
1721.56128 0.323726
1721.66809 0.31935
1721.77478 0.314998
1721.88159 0.310658
1721.98828 0.30632
1722.09509 0.301971
1722.20178 0.297602
1722.30859 0.293205
1722.41528 0.28877
1722.52209 0.284292
1722.62878 0.279761
1722.73560 0.275169
1722.84229 0.27051
1722.94910 0.265775
1723.05579 0.260957
1723.16260 0.256049
1723.26929 0.251071
1723.37610 0.246048
1723.48291 0.241008
1723.58960 0.235975
1723.69641 0.230977
1723.80310 0.22604
1723.90991 0.22119
1724.01660 0.216455
1724.12341 0.211859
1724.23010 0.207412
1724.33691 0.203104
1724.44360 0.198926
1724.55042 0.194868
1724.65710 0.190919
1724.76392 0.187069
1724.87061 0.183308
1724.97742 0.179625
1725.08411 0.176011
1725.19092 0.172456
1725.29761 0.16895
1725.40442 0.165487
1725.51111 0.162059
1725.61792 0.158658
1725.72461 0.155276
1725.83142 0.151907
1725.93823 0.148543
1726.04492 0.145176
1726.15173 0.141802
1726.25842 0.138429
1726.36523 0.135073
1726.47192 0.131749
1726.57874 0.128473
1726.68542 0.125262
1726.79224 0.122128
1726.89893 0.119089
1727.00574 0.116157
1727.11243 0.113349
1727.21924 0.110668
1727.32593 0.108103
1727.43274 0.105646
1727.53943 0.103284
1727.64624 0.101006
1727.75293 0.098804
1727.85974 0.096666
1727.96643 0.094581
1728.07324 0.092541
1728.17993 0.090535
1728.28674 0.08856
1728.39343 0.086614
1728.50024 0.084694
1728.60706 0.082799
1728.71375 0.080925
1728.82056 0.079071
1728.92725 0.077233
1729.03406 0.07541
1729.14075 0.0736
1729.24756 0.071806
1729.35425 0.070035
1729.46106 0.068295
1729.56775 0.066594
1729.67456 0.06494
1729.78125 0.06334
1729.88806 0.061801
1729.99475 0.060332
1730.10156 0.05894
1730.20825 0.057627
1730.31506 0.056386
1730.42175 0.055209
1730.52856 0.054088
1730.63525 0.053013
1730.74207 0.051976
1730.84875 0.05097
1730.95557 0.049985
1731.06226 0.049014
1731.16907 0.048049
1731.27588 0.047093
1731.38257 0.046148
1731.48938 0.045221
1731.59607 0.044316
1731.70288 0.043437
1731.80957 0.042588
1731.91638 0.041774
1732.02307 0.041001
1732.12988 0.040271
1732.23657 0.039585
1732.34338 0.03894
1732.45007 0.03833
1732.55688 0.037754
1732.66357 0.037206
1732.77039 0.036682
1732.87708 0.036179
1732.98389 0.035693
1733.09058 0.035219
1733.19739 0.034755
1733.30408 0.034299
1733.41089 0.03385
1733.51758 0.033406
1733.62439 0.032966
1733.73108 0.032528
1733.83789 0.032092
1733.94470 0.031656
1734.05139 0.031219
1734.15820 0.030779
1734.26489 0.030337
1734.37170 0.029896
1734.47839 0.029456
1734.58521 0.029021
1734.69189 0.02859
1734.79871 0.028167
1734.90540 0.027753
1735.01221 0.027349
1735.11890 0.026958
1735.22571 0.026579
1735.33240 0.026212
1735.43921 0.025856
1735.54590 0.02551
1735.65271 0.025173
1735.75940 0.024842
1735.86621 0.024519
1735.97290 0.024201
1736.07971 0.023887
1736.18640 0.023576
1736.29321 0.023269
1736.40002 0.022963
1736.50671 0.022659
1736.61353 0.022357
1736.72021 0.022055
1736.82703 0.021753
1736.93372 0.021451
1737.04053 0.021147
1737.14722 0.020843
1737.25403 0.020537
1737.36072 0.020232
1737.46753 0.019929
1737.57422 0.019629
1737.68103 0.019334
1737.78772 0.019044
1737.89453 0.018761
1738.00122 0.018487
1738.10803 0.018222
1738.21472 0.017967
1738.32153 0.017721
1738.42822 0.017484
1738.53503 0.017255
1738.64172 0.017033
1738.74854 0.016817
1738.85522 0.016606
1738.96204 0.0164
1739.06885 0.016198
1739.17554 0.015999
1739.28235 0.015802
1739.38904 0.015609
1739.49585 0.015417
1739.60254 0.015227
1739.70935 0.015039
1739.81604 0.014852
1739.92285 0.014666
1740.02954 0.01448
1740.13635 0.014296
1740.24304 0.014112
1740.34985 0.01393
1740.45654 0.01375
1740.56335 0.013573
1740.67004 0.013401
1740.77686 0.013234
1740.88354 0.013073
1740.99036 0.012918
1741.09705 0.01277
1741.20386 0.012631
1741.31055 0.012498
1741.41736 0.012372
1741.52405 0.012251
1741.63086 0.012135
1741.73767 0.012022
1741.84436 0.011912
1741.95117 0.011805
1742.05786 0.011698
1742.16467 0.011592
1742.27136 0.011487
1742.37817 0.011383
1742.48486 0.01128
1742.59167 0.01118
1742.69836 0.011082
1742.80518 0.010988
1742.91187 0.010898
1743.01868 0.010812
1743.12537 0.010731
1743.23218 0.010655
1743.33887 0.010583
1743.44568 0.010516
1743.55237 0.010452
1743.65918 0.010391
1743.76587 0.010334
1743.87268 0.010279
1743.97937 0.010226
1744.08618 0.010175
1744.19299 0.010125
1744.29968 0.010077
1744.40649 0.01003
1744.51318 0.009984
1744.62000 0.009939
1744.72668 0.009896
1744.83350 0.009853
1744.94019 0.009812
1745.04700 0.009771
1745.15369 0.009731
1745.26050 0.009692
1745.36719 0.009654
1745.47400 0.009617
1745.58069 0.009581
1745.68750 0.009547
1745.79419 0.009513
1745.90100 0.009481
1746.00769 0.009449
1746.11450 0.00942
1746.22119 0.009391
1746.32800 0.009364
1746.43469 0.009337
1746.54150 0.009312
1746.64819 0.009287
1746.75500 0.009263
1746.86182 0.009239
1746.96851 0.009216
1747.07532 0.009193
1747.18201 0.00917
1747.28882 0.009147
1747.39551 0.009124
1747.50232 0.0091
1747.60901 0.009076
1747.71582 0.009051
1747.82251 0.009025
1747.92932 0.008999
1748.03601 0.008971
1748.14282 0.008943
1748.24951 0.008913
1748.35632 0.008882
1748.46301 0.00885
1748.56982 0.008817
1748.67651 0.008784
1748.78333 0.00875
1748.89001 0.008715
1748.99683 0.00868
1749.10352 0.008645
1749.21033 0.00861
1749.31702 0.008574
1749.42383 0.008538
1749.53064 0.008502
1749.63733 0.008465
1749.74414 0.008428
1749.85083 0.008391
1749.95764 0.008354
1750.06433 0.008316
1750.17114 0.008277
1750.27783 0.008238
1750.38464 0.008198
1750.49133 0.008158
1750.59814 0.008117
1750.70483 0.008074
1750.81165 0.008031
1750.91833 0.007986
1751.02515 0.00794
1751.13184 0.007892
1751.23865 0.007843
1751.34534 0.007793
1751.45215 0.007742
1751.55884 0.00769
1751.66565 0.007638
1751.77234 0.007585
1751.87915 0.007532
1751.98596 0.007479
1752.09265 0.007427
1752.19946 0.007375
1752.30615 0.007324
1752.41296 0.007273
1752.51965 0.007223
1752.62646 0.007173
1752.73315 0.007123
1752.83997 0.007074
1752.94666 0.007025
1753.05347 0.006977
1753.16016 0.006929
1753.26697 0.006881
1753.37366 0.006832
1753.48047 0.006783
1753.58716 0.006733
1753.69397 0.006681
1753.80066 0.006627
1753.90747 0.006571
1754.01416 0.006513
1754.12097 0.006451
1754.22766 0.006387
1754.33447 0.006322
1754.44116 0.006256
1754.54797 0.006191
1754.65479 0.006129
1754.76147 0.006069
1754.86829 0.006015
1754.97498 0.005966
1755.08179 0.005923
1755.18848 0.005889
1755.29529 0.005862
1755.40198 0.005841
1755.50879 0.005826
1755.61548 0.005815
1755.72229 0.005807
1755.82898 0.005803
1755.93579 0.0058
1756.04248 0.005799
1756.14929 0.005798
1756.25598 0.005796
1931.88159 0.0
