threeML/data/optical_filters/TD1/SPEC-F1880.ecsv
# %ECSV 0.9
# ---
# datatype:
# - {name: wavelength, unit: Angstrom, datatype: float32}
# - {name: response, datatype: float32}
# meta: !!omap
# - {band_name: F1880}
# - {group_name: SPEC}
wavelength response
1644.24683 0.0
1826.94092 0.010058
1827.04773 0.010124
1827.15442 0.01019
1827.26123 0.010256
1827.36792 0.010321
1827.47473 0.010387
1827.58142 0.010453
1827.68823 0.01052
1827.79504 0.010587
1827.90173 0.010655
1828.00854 0.010725
1828.11523 0.010795
1828.22205 0.010868
1828.32874 0.010941
1828.43555 0.011015
1828.54224 0.011089
1828.64905 0.011163
1828.75574 0.011236
1828.86255 0.011308
1828.96924 0.011378
1829.07605 0.011447
1829.18274 0.011514
1829.28955 0.011578
1829.39624 0.011642
1829.50305 0.011704
1829.60974 0.011765
1829.71655 0.011827
1829.82324 0.011888
1829.93005 0.01195
1830.03674 0.012013
1830.14355 0.012078
1830.25024 0.012143
1830.35706 0.01221
1830.46387 0.012277
1830.57056 0.012345
1830.67737 0.012412
1830.78406 0.012478
1830.89087 0.012543
1830.99756 0.012607
1831.10437 0.012669
1831.21106 0.012729
1831.31787 0.012787
1831.42456 0.012843
1831.53137 0.012899
1831.63806 0.012953
1831.74487 0.013007
1831.85156 0.01306
1831.95837 0.013114
1832.06506 0.013168
1832.17188 0.013222
1832.27856 0.013278
1832.38538 0.013334
1832.49207 0.013391
1832.59888 0.013448
1832.70557 0.013507
1832.81238 0.013566
1832.91907 0.013626
1833.02588 0.013687
1833.13269 0.013749
1833.23938 0.013812
1833.34619 0.013875
1833.45288 0.013939
1833.55969 0.014004
1833.66638 0.014069
1833.77319 0.014134
1833.87988 0.014199
1833.98669 0.014265
1834.09338 0.01433
1834.20020 0.014395
1834.30688 0.014461
1834.41370 0.014526
1834.52039 0.014592
1834.62720 0.014658
1834.73389 0.014724
1834.84070 0.014791
1834.94739 0.014859
1835.05420 0.014927
1835.16089 0.014997
1835.26770 0.015067
1835.37439 0.015139
1835.48120 0.015213
1835.58789 0.01529
1835.69470 0.015368
1835.80151 0.01545
1835.90820 0.015535
1836.01501 0.015624
1836.12170 0.015716
1836.22852 0.015813
1836.33521 0.015913
1836.44202 0.016016
1836.54871 0.016121
1836.65552 0.016229
1836.76221 0.016339
1836.86902 0.01645
1836.97571 0.016562
1837.08252 0.016675
1837.18921 0.016787
1837.29602 0.0169
1837.40271 0.017013
1837.50952 0.017127
1837.61621 0.017242
1837.72302 0.017357
1837.82971 0.017474
1837.93652 0.017592
1838.04321 0.017711
1838.15002 0.017831
1838.25684 0.017954
1838.36353 0.018079
1838.47034 0.018206
1838.57703 0.018337
1838.68384 0.018472
1838.79053 0.01861
1838.89734 0.018754
1839.00403 0.018902
1839.11084 0.019056
1839.21753 0.019215
1839.32434 0.019379
1839.43103 0.019548
1839.53784 0.019719
1839.64453 0.019894
1839.75134 0.02007
1839.85803 0.020247
1839.96484 0.020425
1840.07153 0.020602
1840.17834 0.020778
1840.28503 0.020953
1840.39185 0.021128
1840.49854 0.021302
1840.60535 0.021477
1840.71204 0.021651
1840.81885 0.021825
1840.92566 0.022
1841.03235 0.022176
1841.13916 0.022353
1841.24585 0.022531
1841.35266 0.022712
1841.45935 0.022897
1841.56616 0.023086
1841.67285 0.023281
1841.77966 0.023482
1841.88635 0.02369
1841.99316 0.023907
1842.09985 0.024133
1842.20667 0.024368
1842.31335 0.024612
1842.42017 0.024862
1842.52686 0.025119
1842.63367 0.02538
1842.74036 0.025644
1842.84717 0.02591
1842.95386 0.026176
1843.06067 0.026441
1843.16736 0.026705
1843.27417 0.026969
1843.38086 0.027234
1843.48767 0.027504
1843.59448 0.02778
1843.70117 0.028064
1843.80798 0.02836
1843.91467 0.028669
1844.02148 0.028993
1844.12817 0.029334
1844.23499 0.029694
1844.34167 0.030069
1844.44849 0.030459
1844.55518 0.030862
1844.66199 0.031275
1844.76868 0.031698
1844.87549 0.032127
1844.98218 0.032562
1845.08899 0.033001
1845.19568 0.033443
1845.30249 0.033887
1845.40918 0.034335
1845.51599 0.034789
1845.62268 0.035247
1845.72949 0.035712
1845.83618 0.036185
1845.94299 0.036665
1846.04980 0.037154
1846.15649 0.037653
1846.26331 0.038164
1846.37000 0.038688
1846.47681 0.039228
1846.58350 0.039786
1846.69031 0.040364
1846.79700 0.040965
1846.90381 0.041589
1847.01050 0.042241
1847.11731 0.042921
1847.22400 0.04363
1847.33081 0.044363
1847.43750 0.045118
1847.54431 0.045891
1847.65100 0.046679
1847.75781 0.047477
1847.86450 0.048283
1847.97131 0.049092
1848.07800 0.049902
1848.18481 0.050709
1848.29150 0.051514
1848.39832 0.052317
1848.50500 0.05312
1848.61182 0.053923
1848.71863 0.054728
1848.82532 0.055536
1848.93213 0.056346
1849.03882 0.057161
1849.14563 0.057982
1849.25232 0.058811
1849.35913 0.059654
1849.46582 0.060515
1849.57263 0.061399
1849.67932 0.062311
1849.78613 0.063256
1849.89282 0.064239
1849.99963 0.065265
1850.10632 0.066337
1850.21313 0.067459
1850.31982 0.068627
1850.42664 0.069839
1850.53333 0.071091
1850.64014 0.07238
1850.74683 0.073702
1850.85364 0.075055
1850.96033 0.076434
1851.06714 0.077838
1851.17383 0.079263
1851.28064 0.080711
1851.38745 0.082183
1851.49414 0.083682
1851.60095 0.085209
1851.70764 0.086767
1851.81445 0.088357
1851.92114 0.089982
1852.02795 0.091644
1852.13464 0.093345
1852.24146 0.09509
1852.34814 0.096889
1852.45496 0.098749
1852.56165 0.10068
1852.66846 0.102689
1852.77515 0.104786
1852.88196 0.106979
1852.98865 0.109276
1853.09546 0.111686
1853.20215 0.114212
1853.30896 0.116843
1853.41565 0.119568
1853.52246 0.122375
1853.62915 0.125251
1853.73596 0.128184
1853.84265 0.131163
1853.94946 0.134175
1854.05627 0.137208
1854.16296 0.140252
1854.26978 0.143307
1854.37646 0.146377
1854.48328 0.149466
1854.58997 0.152578
1854.69678 0.155717
1854.80347 0.158888
1854.91028 0.162096
1855.01697 0.165343
1855.12378 0.168636
1855.23047 0.171981
1855.33728 0.175391
1855.44397 0.17888
1855.55078 0.182459
1855.65747 0.186141
1855.76428 0.18994
1855.87097 0.193868
1855.97778 0.197937
1856.08447 0.202161
1856.19128 0.206543
1856.29797 0.21106
1856.40479 0.215683
1856.51160 0.220384
1856.61829 0.225134
1856.72510 0.229905
1856.83179 0.234669
1856.93860 0.239396
1857.04529 0.244059
1857.15210 0.248632
1857.25879 0.253126
1857.36560 0.257571
1857.47229 0.261994
1857.57910 0.266427
1857.68579 0.270899
1857.79260 0.27544
1857.89929 0.280078
1858.00610 0.284844
1858.11279 0.289767
1858.21960 0.294852
1858.32629 0.300072
1858.43311 0.305395
1858.53979 0.310791
1858.64661 0.316228
1858.75330 0.321676
1858.86011 0.327104
1858.96680 0.332481
1859.07361 0.337776
1859.18042 0.342965
1859.28711 0.348052
1859.39392 0.353049
1859.50061 0.357967
1859.60742 0.362818
1859.71411 0.367613
1859.82092 0.372364
1859.92761 0.377081
1860.03442 0.381778
1860.14111 0.386464
1860.24792 0.391153
1860.35461 0.395856
1860.46143 0.400586
1860.56812 0.405357
1860.67493 0.41018
1860.78162 0.415067
1860.88843 0.420033
1860.99512 0.425088
1861.10193 0.430245
1861.20862 0.435507
1861.31543 0.440851
1861.42212 0.446256
1861.52893 0.451698
1861.63562 0.457155
1861.74243 0.462603
1861.84924 0.468021
1861.95593 0.473384
1862.06274 0.478671
1862.16943 0.483862
1862.27625 0.488961
1862.38293 0.493981
1862.48975 0.498932
1862.59644 0.503827
1862.70325 0.508678
1862.80994 0.513495
1862.91675 0.518292
1863.02344 0.52308
1863.13025 0.527871
1863.23694 0.532674
1863.34375 0.537499
1863.45044 0.542354
1863.55725 0.547248
1863.66394 0.55219
1863.77075 0.557188
1863.87744 0.562251
1863.98425 0.567387
1864.09094 0.572605
1864.19775 0.577906
1864.30457 0.583264
1864.41125 0.588654
1864.51807 0.594048
1864.62476 0.59942
1864.73157 0.604742
1864.83826 0.609987
1864.94507 0.615128
1865.05176 0.620139
1865.15857 0.624995
1865.26526 0.6297
1865.37207 0.634269
1865.47876 0.638719
1865.58557 0.643064
1865.69226 0.647321
1865.79907 0.651504
1865.90576 0.655631
1866.01257 0.659716
1866.11926 0.663775
1866.22607 0.667825
1866.33276 0.671883
1866.43958 0.675968
1866.54626 0.680097
1866.65308 0.684288
1866.75977 0.688559
1866.86658 0.692928
1866.97339 0.697413
1867.08008 0.702031
1867.18689 0.706792
1867.29358 0.711673
1867.40039 0.716646
1867.50708 0.721684
1867.61389 0.726758
1867.72058 0.731839
1867.82739 0.7369
1867.93408 0.741912
1868.04089 0.746846
1868.14758 0.751678
1868.25439 0.756415
1868.36108 0.761082
1868.46790 0.765707
1868.57458 0.770317
1868.68140 0.774937
1868.78809 0.779595
1868.89490 0.784318
1869.00159 0.789133
1869.10840 0.794065
1869.21509 0.79912
1869.32190 0.804268
1869.42859 0.809477
1869.53540 0.814714
1869.64221 0.819945
1869.74890 0.825139
1869.85571 0.830263
1869.96240 0.835284
1870.06921 0.840169
1870.17590 0.844892
1870.28271 0.849456
1870.38940 0.853875
1870.49622 0.858159
1870.60291 0.862321
1870.70972 0.866373
1870.81641 0.870327
1870.92322 0.874195
1871.02991 0.877989
1871.13672 0.881722
1871.24341 0.885395
1871.35022 0.889006
1871.45691 0.892552
1871.56372 0.896028
1871.67041 0.899431
1871.77722 0.902759
1871.88391 0.906006
1871.99072 0.909171
1872.09753 0.912248
1872.20422 0.915235
1872.31104 0.918127
1872.41772 0.920917
1872.52454 0.923602
1872.63123 0.926175
1872.73804 0.928633
1872.84473 0.930969
1872.95154 0.933179
1873.05823 0.935257
1873.16504 0.937201
1873.27173 0.939021
1873.37854 0.940732
1873.48523 0.94235
1873.59204 0.943891
1873.69873 0.945369
1873.80554 0.946802
1873.91223 0.948204
1874.01904 0.949591
1874.12573 0.950978
1874.23254 0.952374
1874.33923 0.953779
1874.44604 0.955196
1874.55273 0.956624
1874.65955 0.958065
1874.76636 0.95952
1874.87305 0.96099
1874.97986 0.962475
1875.08655 0.963977
1875.19336 0.965495
1875.30005 0.96702
1875.40686 0.968546
1875.51355 0.970063
1875.62036 0.971563
1875.72705 0.973038
1875.83386 0.97448
1875.94055 0.97588
1876.04736 0.977231
1876.15405 0.978524
1876.26086 0.979758
1876.36755 0.980938
1876.47437 0.982066
1876.58105 0.983145
1876.68787 0.984178
1876.79456 0.985168
1876.90137 0.986119
1877.00806 0.987032
1877.11487 0.987912
1877.22156 0.98876
1877.32837 0.989578
1877.43518 0.990364
1877.54187 0.991121
1877.64868 0.991848
1877.75537 0.992546
1877.86218 0.993216
1877.96887 0.993858
1878.07568 0.994472
1878.18237 0.99506
1878.28918 0.995619
1878.39587 0.996148
1878.50269 0.996646
1878.60938 0.997111
1878.71619 0.997542
1878.82288 0.997937
1878.92969 0.998294
1879.03638 0.998612
1879.14319 0.998891
1879.24988 0.99913
1879.35669 0.999333
1879.46338 0.999502
1879.57019 0.999641
1879.67688 0.999753
1879.78369 0.99984
1879.89050 0.999906
1879.99719 0.999952
1880.10400 0.999983
1880.21069 0.999999
1880.31750 1.0
1880.42419 0.999984
1880.53101 0.99995
1880.63770 0.999896
1880.74451 0.999821
1880.85120 0.999724
1880.95801 0.999603
1881.06470 0.999457
1881.17151 0.999286
1881.27820 0.999089
1881.38501 0.998867
1881.49170 0.998621
1881.59851 0.998353
1881.70520 0.998064
1881.81201 0.997753
1881.91870 0.997423
1882.02551 0.997074
1882.13220 0.996706
1882.23901 0.99632
1882.34570 0.99591
1882.45251 0.995475
1882.55933 0.995009
1882.66602 0.994511
1882.77283 0.993976
1882.87952 0.9934
1882.98633 0.992781
1883.09302 0.992115
1883.19983 0.9914
1883.30652 0.990638
1883.41333 0.989833
1883.52002 0.988987
1883.62683 0.988103
1883.73352 0.987183
1883.84033 0.986232
1883.94702 0.985251
1884.05383 0.984244
1884.16052 0.983212
1884.26733 0.982157
1884.37402 0.981077
1884.48083 0.979971
1884.58752 0.978838
1884.69434 0.977676
1884.80103 0.976486
1884.90784 0.975265
1885.01453 0.974014
1885.12134 0.97273
1885.22815 0.971411
1885.33484 0.970053
1885.44165 0.968649
1885.54834 0.967197
1885.65515 0.965689
1885.76184 0.964122
1885.86865 0.962491
1885.97534 0.960791
1886.08215 0.959016
1886.18884 0.957166
1886.29565 0.955248
1886.40234 0.953274
1886.50916 0.951252
1886.61584 0.949194
1886.72266 0.947111
1886.82935 0.945012
1886.93616 0.942908
1887.04285 0.940809
1887.14966 0.938725
1887.25635 0.936656
1887.36316 0.934596
1887.46985 0.932538
1887.57666 0.930477
1887.68335 0.928407
1887.79016 0.926323
1887.89697 0.924218
1888.00366 0.922087
1888.11047 0.919922
1888.21716 0.917711
1888.32397 0.915425
1888.43066 0.913035
1888.53748 0.910513
1888.64417 0.907829
1888.75098 0.904954
1888.85767 0.901861
1888.96448 0.898519
1889.07117 0.894901
1889.17798 0.890986
1889.28467 0.886796
1889.39148 0.882361
1889.49817 0.877714
1889.60498 0.872886
1889.71167 0.867908
1889.81848 0.862812
1889.92517 0.857629
1890.03198 0.852391
1890.13867 0.847128
1890.24548 0.841855
1890.35229 0.836573
1890.45898 0.831285
1890.56580 0.825992
1890.67249 0.820696
1890.77930 0.815398
1890.88599 0.810101
1890.99280 0.804807
1891.09949 0.799517
1891.20630 0.79423
1891.31299 0.788942
1891.41980 0.783646
1891.52649 0.778337
1891.63330 0.773009
1891.73999 0.767655
1891.84680 0.762272
1891.95349 0.756851
1892.06030 0.751388
1892.16699 0.74588
1892.27380 0.740341
1892.38049 0.734789
1892.48730 0.729244
1892.59399 0.723726
1892.70081 0.718255
1892.80750 0.71285
1892.91431 0.707531
1893.02112 0.702317
1893.12781 0.697227
1893.23462 0.692263
1893.34131 0.68741
1893.44812 0.682653
1893.55481 0.677977
1893.66162 0.673365
1893.76831 0.668804
1893.87512 0.664277
1893.98181 0.659768
1894.08862 0.655263
1894.19531 0.650747
1894.30212 0.646207
1894.40881 0.641628
1894.51562 0.636998
1894.62231 0.632304
1894.72913 0.627533
1894.83582 0.622671
1894.94263 0.617705
1895.04932 0.612623
1895.15613 0.607413
1895.26282 0.602096
1895.36963 0.596701
1895.47632 0.591262
1895.58313 0.585811
1895.68994 0.580378
1895.79663 0.574997
1895.90344 0.569698
1896.01013 0.564514
1896.11694 0.559477
1896.22363 0.55459
1896.33044 0.549826
1896.43713 0.545154
1896.54395 0.540542
1896.65063 0.53596
1896.75745 0.531378
1896.86414 0.526764
1896.97095 0.522087
1897.07764 0.517317
1897.18445 0.512434
1897.29114 0.507456
1897.39795 0.50241
1897.50464 0.497322
1897.61145 0.49222
1897.71814 0.487131
1897.82495 0.482082
1897.93164 0.477099
1898.03845 0.472209
1898.14526 0.467438
1898.25195 0.462786
1898.35876 0.458241
1898.46545 0.45379
1898.57227 0.449418
1898.67896 0.445114
1898.78577 0.440863
1898.89246 0.436652
1898.99927 0.432468
1899.10596 0.428297
1899.21277 0.424127
1899.31946 0.419948
1899.42627 0.415746
1899.53296 0.411513
1899.63977 0.407236
1899.74646 0.402905
1899.85327 0.398509
1899.95996 0.394036
1900.06677 0.389476
1900.17346 0.384822
1900.28027 0.380087
1900.38696 0.375292
1900.49377 0.370455
1900.60046 0.365598
1900.70728 0.36074
1900.81409 0.355901
1900.92078 0.351101
1901.02759 0.346359
1901.13428 0.341694
1901.24109 0.337109
1901.34778 0.332594
1901.45459 0.328137
1901.56128 0.323726
1901.66809 0.31935
1901.77478 0.314998
1901.88159 0.310658
1901.98828 0.30632
1902.09509 0.301971
1902.20178 0.297602
1902.30859 0.293205
1902.41528 0.28877
1902.52209 0.284292
1902.62878 0.279761
1902.73560 0.275169
1902.84229 0.27051
1902.94910 0.265775
1903.05579 0.260957
1903.16260 0.256049
1903.26929 0.251071
1903.37610 0.246048
1903.48291 0.241008
1903.58960 0.235975
1903.69641 0.230977
1903.80310 0.22604
1903.90991 0.22119
1904.01660 0.216455
1904.12341 0.211859
1904.23010 0.207412
1904.33691 0.203104
1904.44360 0.198926
1904.55042 0.194868
1904.65710 0.190919
1904.76392 0.187069
1904.87061 0.183308
1904.97742 0.179625
1905.08411 0.176011
1905.19092 0.172456
1905.29761 0.16895
1905.40442 0.165487
1905.51111 0.162059
1905.61792 0.158658
1905.72461 0.155276
1905.83142 0.151907
1905.93823 0.148543
1906.04492 0.145176
1906.15173 0.141802
1906.25842 0.138429
1906.36523 0.135073
1906.47192 0.131749
1906.57874 0.128473
1906.68542 0.125262
1906.79224 0.122128
1906.89893 0.119089
1907.00574 0.116157
1907.11243 0.113349
1907.21924 0.110668
1907.32593 0.108103
1907.43274 0.105646
1907.53943 0.103284
1907.64624 0.101006
1907.75293 0.098804
1907.85974 0.096666
1907.96643 0.094581
1908.07324 0.092541
1908.17993 0.090535
1908.28674 0.08856
1908.39343 0.086614
1908.50024 0.084694
1908.60706 0.082799
1908.71375 0.080925
1908.82056 0.079071
1908.92725 0.077233
1909.03406 0.07541
1909.14075 0.0736
1909.24756 0.071806
1909.35425 0.070035
1909.46106 0.068295
1909.56775 0.066594
1909.67456 0.06494
1909.78125 0.06334
1909.88806 0.061801
1909.99475 0.060332
1910.10156 0.05894
1910.20825 0.057627
1910.31506 0.056386
1910.42175 0.055209
1910.52856 0.054088
1910.63525 0.053013
1910.74207 0.051976
1910.84875 0.05097
1910.95557 0.049985
1911.06226 0.049014
1911.16907 0.048049
1911.27588 0.047093
1911.38257 0.046148
1911.48938 0.045221
1911.59607 0.044316
1911.70288 0.043437
1911.80957 0.042588
1911.91638 0.041774
1912.02307 0.041001
1912.12988 0.040271
1912.23657 0.039585
1912.34338 0.03894
1912.45007 0.03833
1912.55688 0.037754
1912.66357 0.037206
1912.77039 0.036682
1912.87708 0.036179
1912.98389 0.035693
1913.09058 0.035219
1913.19739 0.034755
1913.30408 0.034299
1913.41089 0.03385
1913.51758 0.033406
1913.62439 0.032966
1913.73108 0.032528
1913.83789 0.032092
1913.94470 0.031656
1914.05139 0.031219
1914.15820 0.030779
1914.26489 0.030337
1914.37170 0.029896
1914.47839 0.029456
1914.58521 0.029021
1914.69189 0.02859
1914.79871 0.028167
1914.90540 0.027753
1915.01221 0.027349
1915.11890 0.026958
1915.22571 0.026579
1915.33240 0.026212
1915.43921 0.025856
1915.54590 0.02551
1915.65271 0.025173
1915.75940 0.024842
1915.86621 0.024519
1915.97290 0.024201
1916.07971 0.023887
1916.18640 0.023576
1916.29321 0.023269
1916.40002 0.022963
1916.50671 0.022659
1916.61353 0.022357
1916.72021 0.022055
1916.82703 0.021753
1916.93372 0.021451
1917.04053 0.021147
1917.14722 0.020843
1917.25403 0.020537
1917.36072 0.020232
1917.46753 0.019929
1917.57422 0.019629
1917.68103 0.019334
1917.78772 0.019044
1917.89453 0.018761
1918.00122 0.018487
1918.10803 0.018222
1918.21472 0.017967
1918.32153 0.017721
1918.42822 0.017484
1918.53503 0.017255
1918.64172 0.017033
1918.74854 0.016817
1918.85522 0.016606
1918.96204 0.0164
1919.06885 0.016198
1919.17554 0.015999
1919.28235 0.015802
1919.38904 0.015609
1919.49585 0.015417
1919.60254 0.015227
1919.70935 0.015039
1919.81604 0.014852
1919.92285 0.014666
1920.02954 0.01448
1920.13635 0.014296
1920.24304 0.014112
1920.34985 0.01393
1920.45654 0.01375
1920.56335 0.013573
1920.67004 0.013401
1920.77686 0.013234
1920.88354 0.013073
1920.99036 0.012918
1921.09705 0.01277
1921.20386 0.012631
1921.31055 0.012498
1921.41736 0.012372
1921.52405 0.012251
1921.63086 0.012135
1921.73767 0.012022
1921.84436 0.011912
1921.95117 0.011805
1922.05786 0.011698
1922.16467 0.011592
1922.27136 0.011487
1922.37817 0.011383
1922.48486 0.01128
1922.59167 0.01118
1922.69836 0.011082
1922.80518 0.010988
1922.91187 0.010898
1923.01868 0.010812
1923.12537 0.010731
1923.23218 0.010655
1923.33887 0.010583
1923.44568 0.010516
1923.55237 0.010452
1923.65918 0.010391
1923.76587 0.010334
1923.87268 0.010279
1923.97937 0.010226
1924.08618 0.010175
1924.19299 0.010125
1924.29968 0.010077
1924.40649 0.01003
1924.51318 0.009984
1924.62000 0.009939
1924.72668 0.009896
1924.83350 0.009853
1924.94019 0.009812
1925.04700 0.009771
1925.15369 0.009731
1925.26050 0.009692
1925.36719 0.009654
1925.47400 0.009617
1925.58069 0.009581
1925.68750 0.009547
1925.79419 0.009513
1925.90100 0.009481
1926.00769 0.009449
1926.11450 0.00942
1926.22119 0.009391
1926.32800 0.009364
1926.43469 0.009337
1926.54150 0.009312
1926.64819 0.009287
1926.75500 0.009263
1926.86182 0.009239
1926.96851 0.009216
1927.07532 0.009193
1927.18201 0.00917
1927.28882 0.009147
1927.39551 0.009124
1927.50232 0.0091
1927.60901 0.009076
1927.71582 0.009051
1927.82251 0.009025
1927.92932 0.008999
1928.03601 0.008971
1928.14282 0.008943
1928.24951 0.008913
1928.35632 0.008882
1928.46301 0.00885
1928.56982 0.008817
1928.67651 0.008784
1928.78333 0.00875
1928.89001 0.008715
1928.99683 0.00868
1929.10352 0.008645
1929.21033 0.00861
1929.31702 0.008574
1929.42383 0.008538
1929.53064 0.008502
1929.63733 0.008465
1929.74414 0.008428
1929.85083 0.008391
1929.95764 0.008354
1930.06433 0.008316
1930.17114 0.008277
1930.27783 0.008238
1930.38464 0.008198
1930.49133 0.008158
1930.59814 0.008117
1930.70483 0.008074
1930.81165 0.008031
1930.91833 0.007986
1931.02515 0.00794
1931.13184 0.007892
1931.23865 0.007843
1931.34534 0.007793
1931.45215 0.007742
1931.55884 0.00769
1931.66565 0.007638
1931.77234 0.007585
1931.87915 0.007532
1931.98596 0.007479
1932.09265 0.007427
1932.19946 0.007375
1932.30615 0.007324
1932.41296 0.007273
1932.51965 0.007223
1932.62646 0.007173
1932.73315 0.007123
1932.83997 0.007074
1932.94666 0.007025
1933.05347 0.006977
1933.16016 0.006929
1933.26697 0.006881
1933.37366 0.006832
1933.48047 0.006783
1933.58716 0.006733
1933.69397 0.006681
1933.80066 0.006627
1933.90747 0.006571
1934.01416 0.006513
1934.12097 0.006451
1934.22766 0.006387
1934.33447 0.006322
1934.44116 0.006256
1934.54797 0.006191
1934.65479 0.006129
1934.76147 0.006069
1934.86829 0.006015
1934.97498 0.005966
1935.08179 0.005923
1935.18848 0.005889
1935.29529 0.005862
1935.40198 0.005841
1935.50879 0.005826
1935.61548 0.005815
1935.72229 0.005807
1935.82898 0.005803
1935.93579 0.0058
1936.04248 0.005799
1936.14929 0.005798
1936.25598 0.005796
2129.88159 0.0
