threeML/data/optical_filters/TD1/TD1-f_240.ecsv
# %ECSV 0.9
# ---
# datatype:
# - {name: wavelength, unit: Angstrom, datatype: float32}
# - {name: response, datatype: float32}
# meta: !!omap
# - {band_name: f_240}
# - {group_name: TD1}
wavelength response
2349.99902 0.0
2350.00000 1.0
2351.00000 1.0
2352.00000 1.0
2353.00000 1.0
2354.00000 1.0
2355.00000 1.0
2356.00000 1.0
2357.00000 1.0
2358.00000 1.0
2359.00000 1.0
2360.00000 1.0
2361.00000 1.0
2362.00000 1.0
2363.00000 1.0
2364.00000 1.0
2365.00000 1.0
2366.00000 1.0
2367.00000 1.0
2368.00000 1.0
2369.00000 1.0
2370.00000 1.0
2371.00000 1.0
2372.00000 1.0
2373.00000 1.0
2374.00000 1.0
2375.00000 1.0
2376.00000 1.0
2377.00000 1.0
2378.00000 1.0
2379.00000 1.0
2380.00000 1.0
2381.00000 1.0
2382.00000 1.0
2383.00000 1.0
2384.00000 1.0
2385.00000 1.0
2386.00000 1.0
2387.00000 1.0
2388.00000 1.0
2389.00000 1.0
2390.00000 1.0
2391.00000 1.0
2392.00000 1.0
2393.00000 1.0
2394.00000 1.0
2395.00000 1.0
2396.00000 1.0
2397.00000 1.0
2398.00000 1.0
2399.00000 1.0
2400.00000 1.0
2401.00000 1.0
2402.00000 1.0
2403.00000 1.0
2404.00000 1.0
2405.00000 1.0
2406.00000 1.0
2407.00000 1.0
2408.00000 1.0
2409.00000 1.0
2410.00000 1.0
2411.00000 1.0
2412.00000 1.0
2413.00000 1.0
2414.00000 1.0
2415.00000 1.0
2416.00000 1.0
2417.00000 1.0
2418.00000 1.0
2419.00000 1.0
2420.00000 1.0
2421.00000 1.0
2422.00000 1.0
2423.00000 1.0
2424.00000 1.0
2425.00000 1.0
2426.00000 1.0
2427.00000 1.0
2428.00000 1.0
2429.00000 1.0
2430.00000 1.0
2431.00000 1.0
2432.00000 1.0
2433.00000 1.0
2434.00000 1.0
2435.00000 1.0
2436.00000 1.0
2437.00000 1.0
2438.00000 1.0
2439.00000 1.0
2440.00000 1.0
2441.00000 1.0
2442.00000 1.0
2443.00000 1.0
2444.00000 1.0
2445.00000 1.0
2446.00000 1.0
2447.00000 1.0
2448.00000 1.0
2449.00000 1.0
2450.00000 1.0
2450.00098 0.0
