threeML/data/optical_filters/TD1/TD1-f_190.ecsv
# %ECSV 0.9
# ---
# datatype:
# - {name: wavelength, unit: Angstrom, datatype: float32}
# - {name: response, datatype: float32}
# meta: !!omap
# - {band_name: f_190}
# - {group_name: TD1}
wavelength response
1849.99902 0.0
1850.00000 1.0
1851.00000 1.0
1852.00000 1.0
1853.00000 1.0
1854.00000 1.0
1855.00000 1.0
1856.00000 1.0
1857.00000 1.0
1858.00000 1.0
1859.00000 1.0
1860.00000 1.0
1861.00000 1.0
1862.00000 1.0
1863.00000 1.0
1864.00000 1.0
1865.00000 1.0
1866.00000 1.0
1867.00000 1.0
1868.00000 1.0
1869.00000 1.0
1870.00000 1.0
1871.00000 1.0
1872.00000 1.0
1873.00000 1.0
1874.00000 1.0
1875.00000 1.0
1876.00000 1.0
1877.00000 1.0
1878.00000 1.0
1879.00000 1.0
1880.00000 1.0
1881.00000 1.0
1882.00000 1.0
1883.00000 1.0
1884.00000 1.0
1885.00000 1.0
1886.00000 1.0
1887.00000 1.0
1888.00000 1.0
1889.00000 1.0
1890.00000 1.0
1891.00000 1.0
1892.00000 1.0
1893.00000 1.0
1894.00000 1.0
1895.00000 1.0
1896.00000 1.0
1897.00000 1.0
1898.00000 1.0
1899.00000 1.0
1900.00000 1.0
1901.00000 1.0
1902.00000 1.0
1903.00000 1.0
1904.00000 1.0
1905.00000 1.0
1906.00000 1.0
1907.00000 1.0
1908.00000 1.0
1909.00000 1.0
1910.00000 1.0
1911.00000 1.0
1912.00000 1.0
1913.00000 1.0
1914.00000 1.0
1915.00000 1.0
1916.00000 1.0
1917.00000 1.0
1918.00000 1.0
1919.00000 1.0
1920.00000 1.0
1921.00000 1.0
1922.00000 1.0
1923.00000 1.0
1924.00000 1.0
1925.00000 1.0
1926.00000 1.0
1927.00000 1.0
1928.00000 1.0
1929.00000 1.0
1930.00000 1.0
1931.00000 1.0
1932.00000 1.0
1933.00000 1.0
1934.00000 1.0
1935.00000 1.0
1936.00000 1.0
1937.00000 1.0
1938.00000 1.0
1939.00000 1.0
1940.00000 1.0
1941.00000 1.0
1942.00000 1.0
1943.00000 1.0
1944.00000 1.0
1945.00000 1.0
1946.00000 1.0
1947.00000 1.0
1948.00000 1.0
1949.00000 1.0
1950.00000 1.0
1950.00098 0.0
