threeML/data/optical_filters/TD1/TD1-f_230.ecsv
# %ECSV 0.9
# ---
# datatype:
# - {name: wavelength, unit: Angstrom, datatype: float32}
# - {name: response, datatype: float32}
# meta: !!omap
# - {band_name: f_230}
# - {group_name: TD1}
wavelength response
2249.99902 0.0
2250.00000 1.0
2251.00000 1.0
2252.00000 1.0
2253.00000 1.0
2254.00000 1.0
2255.00000 1.0
2256.00000 1.0
2257.00000 1.0
2258.00000 1.0
2259.00000 1.0
2260.00000 1.0
2261.00000 1.0
2262.00000 1.0
2263.00000 1.0
2264.00000 1.0
2265.00000 1.0
2266.00000 1.0
2267.00000 1.0
2268.00000 1.0
2269.00000 1.0
2270.00000 1.0
2271.00000 1.0
2272.00000 1.0
2273.00000 1.0
2274.00000 1.0
2275.00000 1.0
2276.00000 1.0
2277.00000 1.0
2278.00000 1.0
2279.00000 1.0
2280.00000 1.0
2281.00000 1.0
2282.00000 1.0
2283.00000 1.0
2284.00000 1.0
2285.00000 1.0
2286.00000 1.0
2287.00000 1.0
2288.00000 1.0
2289.00000 1.0
2290.00000 1.0
2291.00000 1.0
2292.00000 1.0
2293.00000 1.0
2294.00000 1.0
2295.00000 1.0
2296.00000 1.0
2297.00000 1.0
2298.00000 1.0
2299.00000 1.0
2300.00000 1.0
2301.00000 1.0
2302.00000 1.0
2303.00000 1.0
2304.00000 1.0
2305.00000 1.0
2306.00000 1.0
2307.00000 1.0
2308.00000 1.0
2309.00000 1.0
2310.00000 1.0
2311.00000 1.0
2312.00000 1.0
2313.00000 1.0
2314.00000 1.0
2315.00000 1.0
2316.00000 1.0
2317.00000 1.0
2318.00000 1.0
2319.00000 1.0
2320.00000 1.0
2321.00000 1.0
2322.00000 1.0
2323.00000 1.0
2324.00000 1.0
2325.00000 1.0
2326.00000 1.0
2327.00000 1.0
2328.00000 1.0
2329.00000 1.0
2330.00000 1.0
2331.00000 1.0
2332.00000 1.0
2333.00000 1.0
2334.00000 1.0
2335.00000 1.0
2336.00000 1.0
2337.00000 1.0
2338.00000 1.0
2339.00000 1.0
2340.00000 1.0
2341.00000 1.0
2342.00000 1.0
2343.00000 1.0
2344.00000 1.0
2345.00000 1.0
2346.00000 1.0
2347.00000 1.0
2348.00000 1.0
2349.00000 1.0
2350.00000 1.0
2350.00098 0.0
