threeML/data/optical_filters/TD1/TD1-f_150.ecsv
# %ECSV 0.9
# ---
# datatype:
# - {name: wavelength, unit: Angstrom, datatype: float32}
# - {name: response, datatype: float32}
# meta: !!omap
# - {band_name: f_150}
# - {group_name: TD1}
wavelength response
1449.99902 0.0
1450.00000 1.0
1451.00000 1.0
1452.00000 1.0
1453.00000 1.0
1454.00000 1.0
1455.00000 1.0
1456.00000 1.0
1457.00000 1.0
1458.00000 1.0
1459.00000 1.0
1460.00000 1.0
1461.00000 1.0
1462.00000 1.0
1463.00000 1.0
1464.00000 1.0
1465.00000 1.0
1466.00000 1.0
1467.00000 1.0
1468.00000 1.0
1469.00000 1.0
1470.00000 1.0
1471.00000 1.0
1472.00000 1.0
1473.00000 1.0
1474.00000 1.0
1475.00000 1.0
1476.00000 1.0
1477.00000 1.0
1478.00000 1.0
1479.00000 1.0
1480.00000 1.0
1481.00000 1.0
1482.00000 1.0
1483.00000 1.0
1484.00000 1.0
1485.00000 1.0
1486.00000 1.0
1487.00000 1.0
1488.00000 1.0
1489.00000 1.0
1490.00000 1.0
1491.00000 1.0
1492.00000 1.0
1493.00000 1.0
1494.00000 1.0
1495.00000 1.0
1496.00000 1.0
1497.00000 1.0
1498.00000 1.0
1499.00000 1.0
1500.00000 1.0
1501.00000 1.0
1502.00000 1.0
1503.00000 1.0
1504.00000 1.0
1505.00000 1.0
1506.00000 1.0
1507.00000 1.0
1508.00000 1.0
1509.00000 1.0
1510.00000 1.0
1511.00000 1.0
1512.00000 1.0
1513.00000 1.0
1514.00000 1.0
1515.00000 1.0
1516.00000 1.0
1517.00000 1.0
1518.00000 1.0
1519.00000 1.0
1520.00000 1.0
1521.00000 1.0
1522.00000 1.0
1523.00000 1.0
1524.00000 1.0
1525.00000 1.0
1526.00000 1.0
1527.00000 1.0
1528.00000 1.0
1529.00000 1.0
1530.00000 1.0
1531.00000 1.0
1532.00000 1.0
1533.00000 1.0
1534.00000 1.0
1535.00000 1.0
1536.00000 1.0
1537.00000 1.0
1538.00000 1.0
1539.00000 1.0
1540.00000 1.0
1541.00000 1.0
1542.00000 1.0
1543.00000 1.0
1544.00000 1.0
1545.00000 1.0
1546.00000 1.0
1547.00000 1.0
1548.00000 1.0
1549.00000 1.0
1550.00000 1.0
1550.00098 0.0
