threeML/data/optical_filters/TD1/TD1-f_210.ecsv
# %ECSV 0.9
# ---
# datatype:
# - {name: wavelength, unit: Angstrom, datatype: float32}
# - {name: response, datatype: float32}
# meta: !!omap
# - {band_name: f_210}
# - {group_name: TD1}
wavelength response
2049.99902 0.0
2050.00000 1.0
2051.00000 1.0
2052.00000 1.0
2053.00000 1.0
2054.00000 1.0
2055.00000 1.0
2056.00000 1.0
2057.00000 1.0
2058.00000 1.0
2059.00000 1.0
2060.00000 1.0
2061.00000 1.0
2062.00000 1.0
2063.00000 1.0
2064.00000 1.0
2065.00000 1.0
2066.00000 1.0
2067.00000 1.0
2068.00000 1.0
2069.00000 1.0
2070.00000 1.0
2071.00000 1.0
2072.00000 1.0
2073.00000 1.0
2074.00000 1.0
2075.00000 1.0
2076.00000 1.0
2077.00000 1.0
2078.00000 1.0
2079.00000 1.0
2080.00000 1.0
2081.00000 1.0
2082.00000 1.0
2083.00000 1.0
2084.00000 1.0
2085.00000 1.0
2086.00000 1.0
2087.00000 1.0
2088.00000 1.0
2089.00000 1.0
2090.00000 1.0
2091.00000 1.0
2092.00000 1.0
2093.00000 1.0
2094.00000 1.0
2095.00000 1.0
2096.00000 1.0
2097.00000 1.0
2098.00000 1.0
2099.00000 1.0
2100.00000 1.0
2101.00000 1.0
2102.00000 1.0
2103.00000 1.0
2104.00000 1.0
2105.00000 1.0
2106.00000 1.0
2107.00000 1.0
2108.00000 1.0
2109.00000 1.0
2110.00000 1.0
2111.00000 1.0
2112.00000 1.0
2113.00000 1.0
2114.00000 1.0
2115.00000 1.0
2116.00000 1.0
2117.00000 1.0
2118.00000 1.0
2119.00000 1.0
2120.00000 1.0
2121.00000 1.0
2122.00000 1.0
2123.00000 1.0
2124.00000 1.0
2125.00000 1.0
2126.00000 1.0
2127.00000 1.0
2128.00000 1.0
2129.00000 1.0
2130.00000 1.0
2131.00000 1.0
2132.00000 1.0
2133.00000 1.0
2134.00000 1.0
2135.00000 1.0
2136.00000 1.0
2137.00000 1.0
2138.00000 1.0
2139.00000 1.0
2140.00000 1.0
2141.00000 1.0
2142.00000 1.0
2143.00000 1.0
2144.00000 1.0
2145.00000 1.0
2146.00000 1.0
2147.00000 1.0
2148.00000 1.0
2149.00000 1.0
2150.00000 1.0
2150.00098 0.0
