threeML/data/optical_filters/TD1/TD1-f_160.ecsv
# %ECSV 0.9
# ---
# datatype:
# - {name: wavelength, unit: Angstrom, datatype: float32}
# - {name: response, datatype: float32}
# meta: !!omap
# - {band_name: f_160}
# - {group_name: TD1}
wavelength response
1549.99902 0.0
1550.00000 1.0
1551.00000 1.0
1552.00000 1.0
1553.00000 1.0
1554.00000 1.0
1555.00000 1.0
1556.00000 1.0
1557.00000 1.0
1558.00000 1.0
1559.00000 1.0
1560.00000 1.0
1561.00000 1.0
1562.00000 1.0
1563.00000 1.0
1564.00000 1.0
1565.00000 1.0
1566.00000 1.0
1567.00000 1.0
1568.00000 1.0
1569.00000 1.0
1570.00000 1.0
1571.00000 1.0
1572.00000 1.0
1573.00000 1.0
1574.00000 1.0
1575.00000 1.0
1576.00000 1.0
1577.00000 1.0
1578.00000 1.0
1579.00000 1.0
1580.00000 1.0
1581.00000 1.0
1582.00000 1.0
1583.00000 1.0
1584.00000 1.0
1585.00000 1.0
1586.00000 1.0
1587.00000 1.0
1588.00000 1.0
1589.00000 1.0
1590.00000 1.0
1591.00000 1.0
1592.00000 1.0
1593.00000 1.0
1594.00000 1.0
1595.00000 1.0
1596.00000 1.0
1597.00000 1.0
1598.00000 1.0
1599.00000 1.0
1600.00000 1.0
1601.00000 1.0
1602.00000 1.0
1603.00000 1.0
1604.00000 1.0
1605.00000 1.0
1606.00000 1.0
1607.00000 1.0
1608.00000 1.0
1609.00000 1.0
1610.00000 1.0
1611.00000 1.0
1612.00000 1.0
1613.00000 1.0
1614.00000 1.0
1615.00000 1.0
1616.00000 1.0
1617.00000 1.0
1618.00000 1.0
1619.00000 1.0
1620.00000 1.0
1621.00000 1.0
1622.00000 1.0
1623.00000 1.0
1624.00000 1.0
1625.00000 1.0
1626.00000 1.0
1627.00000 1.0
1628.00000 1.0
1629.00000 1.0
1630.00000 1.0
1631.00000 1.0
1632.00000 1.0
1633.00000 1.0
1634.00000 1.0
1635.00000 1.0
1636.00000 1.0
1637.00000 1.0
1638.00000 1.0
1639.00000 1.0
1640.00000 1.0
1641.00000 1.0
1642.00000 1.0
1643.00000 1.0
1644.00000 1.0
1645.00000 1.0
1646.00000 1.0
1647.00000 1.0
1648.00000 1.0
1649.00000 1.0
1650.00000 1.0
1650.00098 0.0
