threeML/data/optical_filters/TD1/TD1-f_197.ecsv
# %ECSV 0.9
# ---
# datatype:
# - {name: wavelength, unit: Angstrom, datatype: float32}
# - {name: response, datatype: float32}
# meta: !!omap
# - {band_name: f_197}
# - {group_name: TD1}
wavelength response
1799.99902 0.0
1800.00000 1.0
1802.00000 1.0
1804.00000 1.0
1806.00000 1.0
1808.00000 1.0
1810.00000 1.0
1812.00000 1.0
1814.00000 1.0
1816.00000 1.0
1818.00000 1.0
1820.00000 1.0
1822.00000 1.0
1824.00000 1.0
1826.00000 1.0
1828.00000 1.0
1830.00000 1.0
1832.00000 1.0
1834.00000 1.0
1836.00000 1.0
1838.00000 1.0
1840.00000 1.0
1842.00000 1.0
1844.00000 1.0
1846.00000 1.0
1848.00000 1.0
1850.00000 1.0
1852.00000 1.0
1854.00000 1.0
1856.00000 1.0
1858.00000 1.0
1860.00000 1.0
1862.00000 1.0
1864.00000 1.0
1866.00000 1.0
1868.00000 1.0
1870.00000 1.0
1872.00000 1.0
1874.00000 1.0
1876.00000 1.0
1878.00000 1.0
1880.00000 1.0
1882.00000 1.0
1884.00000 1.0
1886.00000 1.0
1888.00000 1.0
1890.00000 1.0
1892.00000 1.0
1894.00000 1.0
1896.00000 1.0
1898.00000 1.0
1900.00000 1.0
1902.00000 1.0
1904.00000 1.0
1906.00000 1.0
1908.00000 1.0
1910.00000 1.0
1912.00000 1.0
1914.00000 1.0
1916.00000 1.0
1918.00000 1.0
1920.00000 1.0
1922.00000 1.0
1924.00000 1.0
1926.00000 1.0
1928.00000 1.0
1930.00000 1.0
1932.00000 1.0
1934.00000 1.0
1936.00000 1.0
1938.00000 1.0
1940.00000 1.0
1942.00000 1.0
1944.00000 1.0
1946.00000 1.0
1948.00000 1.0
1950.00000 1.0
1952.00000 1.0
1954.00000 1.0
1956.00000 1.0
1958.00000 1.0
1960.00000 1.0
1962.00000 1.0
1964.00000 1.0
1966.00000 1.0
1968.00000 1.0
1970.00000 1.0
1972.00000 1.0
1974.00000 1.0
1976.00000 1.0
1978.00000 1.0
1980.00000 1.0
1982.00000 1.0
1984.00000 1.0
1986.00000 1.0
1988.00000 1.0
1990.00000 1.0
1992.00000 1.0
1994.00000 1.0
1996.00000 1.0
1998.00000 1.0
2000.00000 1.0
2002.00000 1.0
2004.00000 1.0
2006.00000 1.0
2008.00000 1.0
2010.00000 1.0
2012.00000 1.0
2014.00000 1.0
2016.00000 1.0
2018.00000 1.0
2020.00000 1.0
2022.00000 1.0
2024.00000 1.0
2026.00000 1.0
2028.00000 1.0
2030.00000 1.0
2032.00000 1.0
2034.00000 1.0
2036.00000 1.0
2038.00000 1.0
2040.00000 1.0
2042.00000 1.0
2044.00000 1.0
2046.00000 1.0
2048.00000 1.0
2050.00000 1.0
2052.00000 1.0
2054.00000 1.0
2056.00000 1.0
2058.00000 1.0
2060.00000 1.0
2062.00000 1.0
2064.00000 1.0
2066.00000 1.0
2068.00000 1.0
2070.00000 1.0
2072.00000 1.0
2074.00000 1.0
2076.00000 1.0
2078.00000 1.0
2080.00000 1.0
2082.00000 1.0
2084.00000 1.0
2086.00000 1.0
2088.00000 1.0
2090.00000 1.0
2092.00000 1.0
2094.00000 1.0
2096.00000 1.0
2098.00000 1.0
2100.00000 1.0
2102.00000 1.0
2104.00000 1.0
2106.00000 1.0
2108.00000 1.0
2110.00000 1.0
2112.00000 1.0
2114.00000 1.0
2116.00000 1.0
2118.00000 1.0
2120.00000 1.0
2122.00000 1.0
2124.00000 1.0
2126.00000 1.0
2128.00000 1.0
2130.00000 1.0
2130.00098 0.0
