threeML/data/optical_filters/TD1/WIDE-f_2740.ecsv
# %ECSV 0.9
# ---
# datatype:
# - {name: wavelength, unit: Angstrom, datatype: float32}
# - {name: response, datatype: float32}
# meta: !!omap
# - {band_name: f_2740}
# - {group_name: WIDE}
wavelength response
2326.50000 0.0
2585.00000 1.0
2587.00000 1.0
2589.00000 1.0
2591.00000 1.0
2593.00000 1.0
2595.00000 1.0
2597.00000 1.0
2599.00000 1.0
2601.00000 1.0
2603.00000 1.0
2605.00000 1.0
2607.00000 1.0
2609.00000 1.0
2611.00000 1.0
2613.00000 1.0
2615.00000 1.0
2617.00000 1.0
2619.00000 1.0
2621.00000 1.0
2623.00000 1.0
2625.00000 1.0
2627.00000 1.0
2629.00000 1.0
2631.00000 1.0
2633.00000 1.0
2635.00000 1.0
2637.00000 1.0
2639.00000 1.0
2641.00000 1.0
2643.00000 1.0
2645.00000 1.0
2647.00000 1.0
2649.00000 1.0
2651.00000 1.0
2653.00000 1.0
2655.00000 1.0
2657.00000 1.0
2659.00000 1.0
2661.00000 1.0
2663.00000 1.0
2665.00000 1.0
2667.00000 1.0
2669.00000 1.0
2671.00000 1.0
2673.00000 1.0
2675.00000 1.0
2677.00000 1.0
2679.00000 1.0
2681.00000 1.0
2683.00000 1.0
2685.00000 1.0
2687.00000 1.0
2689.00000 1.0
2691.00000 1.0
2693.00000 1.0
2695.00000 1.0
2697.00000 1.0
2699.00000 1.0
2701.00000 1.0
2703.00000 1.0
2705.00000 1.0
2707.00000 1.0
2709.00000 1.0
2711.00000 1.0
2713.00000 1.0
2715.00000 1.0
2717.00000 1.0
2719.00000 1.0
2721.00000 1.0
2723.00000 1.0
2725.00000 1.0
2727.00000 1.0
2729.00000 1.0
2731.00000 1.0
2733.00000 1.0
2735.00000 1.0
2737.00000 1.0
2739.00000 1.0
2741.00000 1.0
2743.00000 1.0
2745.00000 1.0
2747.00000 1.0
2749.00000 1.0
2751.00000 1.0
2753.00000 1.0
2755.00000 1.0
2757.00000 1.0
2759.00000 1.0
2761.00000 1.0
2763.00000 1.0
2765.00000 1.0
2767.00000 1.0
2769.00000 1.0
2771.00000 1.0
2773.00000 1.0
2775.00000 1.0
2777.00000 1.0
2779.00000 1.0
2781.00000 1.0
2783.00000 1.0
2785.00000 1.0
2787.00000 1.0
2789.00000 1.0
2791.00000 1.0
2793.00000 1.0
2795.00000 1.0
2797.00000 1.0
2799.00000 1.0
2801.00000 1.0
2803.00000 1.0
2805.00000 1.0
2807.00000 1.0
2809.00000 1.0
2811.00000 1.0
2813.00000 1.0
2815.00000 1.0
2817.00000 1.0
2819.00000 1.0
2821.00000 1.0
2823.00000 1.0
2825.00000 1.0
2827.00000 1.0
2829.00000 1.0
2831.00000 1.0
2833.00000 1.0
2835.00000 1.0
2837.00000 1.0
2839.00000 1.0
2841.00000 1.0
2843.00000 1.0
2845.00000 1.0
2847.00000 1.0
2849.00000 1.0
2851.00000 1.0
2853.00000 1.0
2855.00000 1.0
2857.00000 1.0
2859.00000 1.0
2861.00000 1.0
2863.00000 1.0
2865.00000 1.0
2867.00000 1.0
2869.00000 1.0
2871.00000 1.0
2873.00000 1.0
2875.00000 1.0
2877.00000 1.0
2879.00000 1.0
2881.00000 1.0
2883.00000 1.0
2885.00000 1.0
2887.00000 1.0
2889.00000 1.0
2891.00000 1.0
2893.00000 1.0
2895.00000 1.0
3184.50000 0.0
