threeML/data/optical_filters/TD1/WIDE-f_1565.ecsv
# %ECSV 0.9
# ---
# datatype:
# - {name: wavelength, unit: Angstrom, datatype: float32}
# - {name: response, datatype: float32}
# meta: !!omap
# - {band_name: f_1565}
# - {group_name: WIDE}
wavelength response
1260.00000 0.0
1400.00000 1.0
1402.00000 1.0
1404.00000 1.0
1406.00000 1.0
1408.00000 1.0
1410.00000 1.0
1412.00000 1.0
1414.00000 1.0
1416.00000 1.0
1418.00000 1.0
1420.00000 1.0
1422.00000 1.0
1424.00000 1.0
1426.00000 1.0
1428.00000 1.0
1430.00000 1.0
1432.00000 1.0
1434.00000 1.0
1436.00000 1.0
1438.00000 1.0
1440.00000 1.0
1442.00000 1.0
1444.00000 1.0
1446.00000 1.0
1448.00000 1.0
1450.00000 1.0
1452.00000 1.0
1454.00000 1.0
1456.00000 1.0
1458.00000 1.0
1460.00000 1.0
1462.00000 1.0
1464.00000 1.0
1466.00000 1.0
1468.00000 1.0
1470.00000 1.0
1472.00000 1.0
1474.00000 1.0
1476.00000 1.0
1478.00000 1.0
1480.00000 1.0
1482.00000 1.0
1484.00000 1.0
1486.00000 1.0
1488.00000 1.0
1490.00000 1.0
1492.00000 1.0
1494.00000 1.0
1496.00000 1.0
1498.00000 1.0
1500.00000 1.0
1502.00000 1.0
1504.00000 1.0
1506.00000 1.0
1508.00000 1.0
1510.00000 1.0
1512.00000 1.0
1514.00000 1.0
1516.00000 1.0
1518.00000 1.0
1520.00000 1.0
1522.00000 1.0
1524.00000 1.0
1526.00000 1.0
1528.00000 1.0
1530.00000 1.0
1532.00000 1.0
1534.00000 1.0
1536.00000 1.0
1538.00000 1.0
1540.00000 1.0
1542.00000 1.0
1544.00000 1.0
1546.00000 1.0
1548.00000 1.0
1550.00000 1.0
1552.00000 1.0
1554.00000 1.0
1556.00000 1.0
1558.00000 1.0
1560.00000 1.0
1562.00000 1.0
1564.00000 1.0
1566.00000 1.0
1568.00000 1.0
1570.00000 1.0
1572.00000 1.0
1574.00000 1.0
1576.00000 1.0
1578.00000 1.0
1580.00000 1.0
1582.00000 1.0
1584.00000 1.0
1586.00000 1.0
1588.00000 1.0
1590.00000 1.0
1592.00000 1.0
1594.00000 1.0
1596.00000 1.0
1598.00000 1.0
1600.00000 1.0
1602.00000 1.0
1604.00000 1.0
1606.00000 1.0
1608.00000 1.0
1610.00000 1.0
1612.00000 1.0
1614.00000 1.0
1616.00000 1.0
1618.00000 1.0
1620.00000 1.0
1622.00000 1.0
1624.00000 1.0
1626.00000 1.0
1628.00000 1.0
1630.00000 1.0
1632.00000 1.0
1634.00000 1.0
1636.00000 1.0
1638.00000 1.0
1640.00000 1.0
1642.00000 1.0
1644.00000 1.0
1646.00000 1.0
1648.00000 1.0
1650.00000 1.0
1652.00000 1.0
1654.00000 1.0
1656.00000 1.0
1658.00000 1.0
1660.00000 1.0
1662.00000 1.0
1664.00000 1.0
1666.00000 1.0
1668.00000 1.0
1670.00000 1.0
1672.00000 1.0
1674.00000 1.0
1676.00000 1.0
1678.00000 1.0
1680.00000 1.0
1682.00000 1.0
1684.00000 1.0
1686.00000 1.0
1688.00000 1.0
1690.00000 1.0
1692.00000 1.0
1694.00000 1.0
1696.00000 1.0
1698.00000 1.0
1700.00000 1.0
1702.00000 1.0
1704.00000 1.0
1706.00000 1.0
1708.00000 1.0
1710.00000 1.0
1712.00000 1.0
1714.00000 1.0
1716.00000 1.0
1718.00000 1.0
1720.00000 1.0
1722.00000 1.0
1724.00000 1.0
1726.00000 1.0
1728.00000 1.0
1730.00000 1.0
1903.00000 0.0
