threeML/data/optical_filters/TD1/WIDE-f_2365.ecsv
# %ECSV 0.9
# ---
# datatype:
# - {name: wavelength, unit: Angstrom, datatype: float32}
# - {name: response, datatype: float32}
# meta: !!omap
# - {band_name: f_2365}
# - {group_name: WIDE}
wavelength response
1980.00000 0.0
2200.00000 1.0
2202.00000 1.0
2204.00000 1.0
2206.00000 1.0
2208.00000 1.0
2210.00000 1.0
2212.00000 1.0
2214.00000 1.0
2216.00000 1.0
2218.00000 1.0
2220.00000 1.0
2222.00000 1.0
2224.00000 1.0
2226.00000 1.0
2228.00000 1.0
2230.00000 1.0
2232.00000 1.0
2234.00000 1.0
2236.00000 1.0
2238.00000 1.0
2240.00000 1.0
2242.00000 1.0
2244.00000 1.0
2246.00000 1.0
2248.00000 1.0
2250.00000 1.0
2252.00000 1.0
2254.00000 1.0
2256.00000 1.0
2258.00000 1.0
2260.00000 1.0
2262.00000 1.0
2264.00000 1.0
2266.00000 1.0
2268.00000 1.0
2270.00000 1.0
2272.00000 1.0
2274.00000 1.0
2276.00000 1.0
2278.00000 1.0
2280.00000 1.0
2282.00000 1.0
2284.00000 1.0
2286.00000 1.0
2288.00000 1.0
2290.00000 1.0
2292.00000 1.0
2294.00000 1.0
2296.00000 1.0
2298.00000 1.0
2300.00000 1.0
2302.00000 1.0
2304.00000 1.0
2306.00000 1.0
2308.00000 1.0
2310.00000 1.0
2312.00000 1.0
2314.00000 1.0
2316.00000 1.0
2318.00000 1.0
2320.00000 1.0
2322.00000 1.0
2324.00000 1.0
2326.00000 1.0
2328.00000 1.0
2330.00000 1.0
2332.00000 1.0
2334.00000 1.0
2336.00000 1.0
2338.00000 1.0
2340.00000 1.0
2342.00000 1.0
2344.00000 1.0
2346.00000 1.0
2348.00000 1.0
2350.00000 1.0
2352.00000 1.0
2354.00000 1.0
2356.00000 1.0
2358.00000 1.0
2360.00000 1.0
2362.00000 1.0
2364.00000 1.0
2366.00000 1.0
2368.00000 1.0
2370.00000 1.0
2372.00000 1.0
2374.00000 1.0
2376.00000 1.0
2378.00000 1.0
2380.00000 1.0
2382.00000 1.0
2384.00000 1.0
2386.00000 1.0
2388.00000 1.0
2390.00000 1.0
2392.00000 1.0
2394.00000 1.0
2396.00000 1.0
2398.00000 1.0
2400.00000 1.0
2402.00000 1.0
2404.00000 1.0
2406.00000 1.0
2408.00000 1.0
2410.00000 1.0
2412.00000 1.0
2414.00000 1.0
2416.00000 1.0
2418.00000 1.0
2420.00000 1.0
2422.00000 1.0
2424.00000 1.0
2426.00000 1.0
2428.00000 1.0
2430.00000 1.0
2432.00000 1.0
2434.00000 1.0
2436.00000 1.0
2438.00000 1.0
2440.00000 1.0
2442.00000 1.0
2444.00000 1.0
2446.00000 1.0
2448.00000 1.0
2450.00000 1.0
2452.00000 1.0
2454.00000 1.0
2456.00000 1.0
2458.00000 1.0
2460.00000 1.0
2462.00000 1.0
2464.00000 1.0
2466.00000 1.0
2468.00000 1.0
2470.00000 1.0
2472.00000 1.0
2474.00000 1.0
2476.00000 1.0
2478.00000 1.0
2480.00000 1.0
2482.00000 1.0
2484.00000 1.0
2486.00000 1.0
2488.00000 1.0
2490.00000 1.0
2492.00000 1.0
2494.00000 1.0
2496.00000 1.0
2498.00000 1.0
2500.00000 1.0
2502.00000 1.0
2504.00000 1.0
2506.00000 1.0
2508.00000 1.0
2510.00000 1.0
2512.00000 1.0
2514.00000 1.0
2516.00000 1.0
2518.00000 1.0
2520.00000 1.0
2522.00000 1.0
2524.00000 1.0
2526.00000 1.0
2528.00000 1.0
2530.00000 1.0
2783.00000 0.0
