threeML/data/optical_filters/AAO/AAO-aao63.ecsv
# %ECSV 0.9
# ---
# datatype:
# - {name: wavelength, unit: Angstrom, datatype: float32}
# - {name: response, datatype: float32}
# meta: !!omap
# - {band_name: aao63}
# - {group_name: AAO}
wavelength response
[from data line 809]
4954.00000 0.628549
4954.50000 0.628657
4955.00000 0.628765
4955.50000 0.628872
4956.00000 0.62898
4956.50000 0.629088
4957.00000 0.629196
4957.50000 0.629304
4958.00000 0.629411
4958.50000 0.629519
4959.00000 0.629627
4959.50000 0.629734
4960.00000 0.629842
4960.50000 0.630527
4961.00000 0.631212
4961.50000 0.631898
4962.00000 0.632583
4962.50000 0.633268
4963.00000 0.633954
4963.50000 0.634639
4964.00000 0.635324
4964.50000 0.636009
4965.00000 0.636695
4965.50000 0.63738
4966.00000 0.638065
4966.50000 0.63875
4967.00000 0.639435
4967.50000 0.640121
4968.00000 0.640806
4968.50000 0.641491
4969.00000 0.642176
4969.50000 0.642861
4970.00000 0.643547
4970.50000 0.644563
4971.00000 0.645579
4971.50000 0.646596
4972.00000 0.647612
4972.50000 0.648628
4973.00000 0.649644
4973.50000 0.65066
4974.00000 0.651677
4974.50000 0.652693
4975.00000 0.65371
4975.50000 0.654726
4976.00000 0.655742
4976.50000 0.656758
4977.00000 0.657774
4977.50000 0.658791
4978.00000 0.659807
4978.50000 0.660823
4979.00000 0.661839
4979.50000 0.662855
4980.00000 0.663872
4980.50000 0.664876
4981.00000 0.66588
4981.50000 0.666884
4982.00000 0.667888
4982.50000 0.668892
4983.00000 0.669896
4983.50000 0.6709
4984.00000 0.671904
4984.50000 0.672908
4985.00000 0.673913
4985.50000 0.674916
4986.00000 0.67592
4986.50000 0.676925
4987.00000 0.677929
4987.50000 0.678933
4988.00000 0.679937
4988.50000 0.680941
4989.00000 0.681945
4989.50000 0.682949
4990.00000 0.683953
4990.50000 0.684834
4991.00000 0.685714
4991.50000 0.686595
4992.00000 0.687475
4992.50000 0.688356
4993.00000 0.689237
4993.50000 0.690117
4994.00000 0.690998
4994.50000 0.691878
4995.00000 0.692759
4995.50000 0.693639
4996.00000 0.69452
4996.50000 0.695401
4997.00000 0.696281
4997.50000 0.697162
4998.00000 0.698042
4998.50000 0.698923
4999.00000 0.699804
4999.50000 0.700684
5000.00000 0.701565
5000.50000 0.702101
5001.00000 0.702636
5001.50000 0.703172
5002.00000 0.703708
5002.50000 0.704244
5003.00000 0.70478
5003.50000 0.705315
5004.00000 0.705851
5004.50000 0.706387
5005.00000 0.706923
5005.50000 0.707458
5006.00000 0.707994
5006.50000 0.70853
5007.00000 0.709066
5007.50000 0.709602
5008.00000 0.710137
5008.50000 0.710673
5009.00000 0.711209
5009.50000 0.711745
5010.00000 0.712281
5010.50000 0.712216
5011.00000 0.712151
5011.50000 0.712086
5012.00000 0.712021
5012.50000 0.711956
5013.00000 0.711891
5013.50000 0.711826
5014.00000 0.711762
5014.50000 0.711697
5015.00000 0.711632
5015.50000 0.711567
5016.00000 0.711502
5016.50000 0.711437
5017.00000 0.711372
5017.50000 0.711307
5018.00000 0.711243
5018.50000 0.711178
5019.00000 0.711113
5019.50000 0.711048
5020.00000 0.710983
5020.50000 0.710328
5021.00000 0.709673
5021.50000 0.709018
5022.00000 0.708363
5022.50000 0.707708
5023.00000 0.707053
5023.50000 0.706398
5024.00000 0.705743
5024.50000 0.705088
5025.00000 0.704433
5025.50000 0.703778
5026.00000 0.703123
5026.50000 0.702468
5027.00000 0.701813
5027.50000 0.701158
5028.00000 0.700503
5028.50000 0.699848
5029.00000 0.699193
5029.50000 0.698538
5030.00000 0.697883
5030.50000 0.696722
5031.00000 0.695561
5031.50000 0.6944
5032.00000 0.693239
5032.50000 0.692078
5033.00000 0.690917
5033.50000 0.689756
5034.00000 0.688595
5034.50000 0.687434
5035.00000 0.686273
5035.50000 0.685112
5036.00000 0.683951
5036.50000 0.68279
5037.00000 0.681629
5037.50000 0.680467
5038.00000 0.679307
5038.50000 0.678146
5039.00000 0.676985
5039.50000 0.675824
5040.00000 0.674662
5040.50000 0.672926
5041.00000 0.671191
5041.50000 0.669454
5042.00000 0.667718
5042.50000 0.665981
5043.00000 0.664245
5043.50000 0.662509
5044.00000 0.660772
5044.50000 0.659036
5045.00000 0.657299
5045.50000 0.655563
5046.00000 0.653827
5046.50000 0.65209
5047.00000 0.650354
5047.50000 0.648617
5048.00000 0.646882
5048.50000 0.645146
5049.00000 0.643409
5049.50000 0.641673
5050.00000 0.639936
5050.50000 0.638034
5051.00000 0.636132
5051.50000 0.63423
5052.00000 0.632328
5052.50000 0.630425
5053.00000 0.628523
5053.50000 0.626622
5054.00000 0.624719
5054.50000 0.622817
5055.00000 0.620914
5055.50000 0.619013
5056.00000 0.617111
5056.50000 0.615208
5057.00000 0.613306
5057.50000 0.611404
5058.00000 0.609502
5058.50000 0.6076
5059.00000 0.605697
5059.50000 0.603796
5060.00000 0.601893
5060.50000 0.600115
5061.00000 0.598337
5061.50000 0.596558
5062.00000 0.594781
5062.50000 0.593002
5063.00000 0.591224
5063.50000 0.589446
5064.00000 0.587667
5064.50000 0.585889
5065.00000 0.584111
5065.50000 0.582333
5066.00000 0.580555
5066.50000 0.578776
5067.00000 0.576998
5067.50000 0.575219
5068.00000 0.573442
5068.50000 0.571664
5069.00000 0.569885
5069.50000 0.568107
5070.00000 0.566328
5070.50000 0.564708
5071.00000 0.563088
5071.50000 0.561467
5072.00000 0.559846
5072.50000 0.558225
5073.00000 0.556605
5073.50000 0.554985
5074.00000 0.553364
5074.50000 0.551743
5075.00000 0.550122
5075.50000 0.548502
5076.00000 0.546882
5076.50000 0.545261
5077.00000 0.54364
5077.50000 0.542019
5078.00000 0.540399
5078.50000 0.538779
5079.00000 0.537157
5079.50000 0.535537
5080.00000 0.533916
5080.50000 0.532784
5081.00000 0.531651
5081.50000 0.530518
5082.00000 0.529385
5082.50000 0.528252
5083.00000 0.52712
5083.50000 0.525987
5084.00000 0.524854
5084.50000 0.523722
5085.00000 0.522589
5085.50000 0.521456
5086.00000 0.520324
5086.50000 0.519191
5087.00000 0.518058
5087.50000 0.516925
5088.00000 0.515793
5088.50000 0.51466
5089.00000 0.513527
5089.50000 0.512394
5090.00000 0.511261
5090.50000 0.510792
5091.00000 0.510323
5091.50000 0.509853
5092.00000 0.509384
5092.50000 0.508915
5093.00000 0.508446
5093.50000 0.507976
5094.00000 0.507507
5094.50000 0.507038
5095.00000 0.506568
5095.50000 0.506099
5096.00000 0.50563
5096.50000 0.505161
5097.00000 0.504691
5097.50000 0.504222
5098.00000 0.503753
5098.50000 0.503284
5099.00000 0.502814
5099.50000 0.502345
5100.00000 0.501875
5100.50000 0.502055
5101.00000 0.502234
5101.50000 0.502414
5102.00000 0.502594
5102.50000 0.502773
5103.00000 0.502953
5103.50000 0.503132
5104.00000 0.503312
5104.50000 0.503492
5105.00000 0.503671
5105.50000 0.503851
5106.00000 0.50403
5106.50000 0.50421
5107.00000 0.50439
5107.50000 0.504569
5108.00000 0.504749
5108.50000 0.504928
5109.00000 0.505108
5109.50000 0.505288
5110.00000 0.505467
5110.50000 0.506402
5111.00000 0.507337
5111.50000 0.508272
5112.00000 0.509207
5112.50000 0.510143
5113.00000 0.511077
5113.50000 0.512012
5114.00000 0.512948
5114.50000 0.513882
5115.00000 0.514818
5115.50000 0.515753
5116.00000 0.516687
5116.50000 0.517623
5117.00000 0.518558
5117.50000 0.519493
5118.00000 0.520428
5118.50000 0.521363
5119.00000 0.522298
5119.50000 0.523233
5120.00000 0.524168
5120.50000 0.525918
5121.00000 0.527669
5121.50000 0.529419
5122.00000 0.531169
5122.50000 0.532921
5123.00000 0.534671
5123.50000 0.536422
5124.00000 0.538172
5124.50000 0.539922
5125.00000 0.541674
5125.50000 0.543424
5126.00000 0.545174
5126.50000 0.546925
5127.00000 0.548675
5127.50000 0.550427
5128.00000 0.552177
5128.50000 0.553927
5129.00000 0.555678
5129.50000 0.557428
5130.00000 0.55918
5130.50000 0.561288
5131.00000 0.563396
5131.50000 0.565505
5132.00000 0.567613
5132.50000 0.569723
5133.00000 0.571832
5133.50000 0.57394
5134.00000 0.576048
5134.50000 0.578156
5135.00000 0.580267
5135.50000 0.582375
5136.00000 0.584483
5136.50000 0.586591
5137.00000 0.588699
5137.50000 0.59081
5138.00000 0.592918
5138.50000 0.595027
5139.00000 0.597135
5139.50000 0.599243
5140.00000 0.601354
5140.50000 0.603306
5141.00000 0.605258
5141.50000 0.60721
5142.00000 0.609162
5142.50000 0.611117
5143.00000 0.613069
5143.50000 0.615021
5144.00000 0.616973
5144.50000 0.618926
5145.00000 0.62088
5145.50000 0.622832
5146.00000 0.624785
5146.50000 0.626737
5147.00000 0.628689
5147.50000 0.630643
5148.00000 0.632596
5148.50000 0.634548
5149.00000 0.6365
5149.50000 0.638452
5150.00000 0.640407
5150.50000 0.641326
5151.00000 0.642246
5151.50000 0.643165
5152.00000 0.644085
5152.50000 0.645006
5153.00000 0.645925
5153.50000 0.646845
5154.00000 0.647764
5154.50000 0.648684
5155.00000 0.649604
5155.50000 0.650524
5156.00000 0.651444
5156.50000 0.652363
5157.00000 0.653283
5157.50000 0.654203
5158.00000 0.655123
5158.50000 0.656042
5159.00000 0.656962
5159.50000 0.657881
5160.00000 0.658802
5160.50000 0.657732
5161.00000 0.656661
5161.50000 0.65559
5162.00000 0.65452
5162.50000 0.653448
5163.00000 0.652377
5163.50000 0.651307
5164.00000 0.650236
5164.50000 0.649166
5165.00000 0.648094
5165.50000 0.647023
5166.00000 0.645953
5166.50000 0.644882
5167.00000 0.643812
5167.50000 0.64274
5168.00000 0.641669
5168.50000 0.640599
5169.00000 0.639528
5169.50000 0.638458
5170.00000 0.637386
5170.50000 0.634634
5171.00000 0.631883
5171.50000 0.629132
5172.00000 0.62638
5172.50000 0.623626
5173.00000 0.620874
5173.50000 0.618123
5174.00000 0.615372
5174.50000 0.61262
5175.00000 0.609865
5175.50000 0.607114
5176.00000 0.604363
5176.50000 0.601611
5177.00000 0.59886
5177.50000 0.596105
5178.00000 0.593354
5178.50000 0.590603
5179.00000 0.587851
5179.50000 0.5851
5180.00000 0.582345
5180.50000 0.578779
5181.00000 0.575213
5181.50000 0.571646
5182.00000 0.56808
5182.50000 0.564509
5183.00000 0.560943
5183.50000 0.557377
5184.00000 0.553811
5184.50000 0.550244
5185.00000 0.546674
5185.50000 0.543107
5186.00000 0.539541
5186.50000 0.535975
5187.00000 0.532408
5187.50000 0.528838
5188.00000 0.525272
5188.50000 0.521705
5189.00000 0.518139
5189.50000 0.514573
5190.00000 0.511002
5190.50000 0.507573
5191.00000 0.504144
5191.50000 0.500715
5192.00000 0.497287
5192.50000 0.493854
5193.00000 0.490425
5193.50000 0.486996
5194.00000 0.483567
5194.50000 0.480138
5195.00000 0.476705
5195.50000 0.473276
5196.00000 0.469847
5196.50000 0.466418
5197.00000 0.46299
5197.50000 0.459557
5198.00000 0.456128
5198.50000 0.452699
5199.00000 0.44927
5199.50000 0.445841
5200.00000 0.442408
5200.50000 0.439738
5201.00000 0.437068
5201.50000 0.434398
5202.00000 0.431729
5202.50000 0.429055
5203.00000 0.426385
5203.50000 0.423716
5204.00000 0.421046
5204.50000 0.418376
5205.00000 0.415703
5205.50000 0.413033
5206.00000 0.410363
5206.50000 0.407693
5207.00000 0.405023
5207.50000 0.40235
5208.00000 0.39968
5208.50000 0.39701
5209.00000 0.39434
5209.50000 0.39167
5210.00000 0.388997
5210.50000 0.387177
5211.00000 0.385357
5211.50000 0.383537
5212.00000 0.381717
5212.50000 0.379894
5213.00000 0.378074
5213.50000 0.376254
5214.00000 0.374434
5214.50000 0.372614
5215.00000 0.370791
5215.50000 0.368971
5216.00000 0.367151
5216.50000 0.365331
5217.00000 0.363511
5217.50000 0.361688
5218.00000 0.359868
5218.50000 0.358048
5219.00000 0.356228
5219.50000 0.354408
5220.00000 0.352585
5220.50000 0.351157
5221.00000 0.34973
5221.50000 0.348302
5222.00000 0.346874
5222.50000 0.345445
5223.00000 0.344017
5223.50000 0.34259
5224.00000 0.341162
5224.50000 0.339734
5225.00000 0.338305
5225.50000 0.336877
5226.00000 0.33545
5226.50000 0.334022
5227.00000 0.332594
5227.50000 0.331165
5228.00000 0.329737
5228.50000 0.32831
5229.00000 0.326882
5229.50000 0.325454
5230.00000 0.324025
5230.50000 0.322354
5231.00000 0.320682
5231.50000 0.319011
5232.00000 0.31734
5232.50000 0.315666
5233.00000 0.313995
5233.50000 0.312324
5234.00000 0.310653
5234.50000 0.308981
5235.00000 0.307308
5235.50000 0.305637
5236.00000 0.303966
5236.50000 0.302294
5237.00000 0.300623
5237.50000 0.29895
5238.00000 0.297279
5238.50000 0.295607
5239.00000 0.293936
5239.50000 0.292265
5240.00000 0.290592
5240.50000 0.288121
5241.00000 0.285651
5241.50000 0.28318
5242.00000 0.28071
5242.50000 0.278237
5243.00000 0.275766
5243.50000 0.273296
5244.00000 0.270825
5244.50000 0.268355
5245.00000 0.265882
5245.50000 0.263411
5246.00000 0.260941
5246.50000 0.258471
5247.00000 0.256
5247.50000 0.253527
5248.00000 0.251056
5248.50000 0.248586
5249.00000 0.246116
5249.50000 0.243645
5250.00000 0.241172
5250.50000 0.238009
5251.00000 0.234846
5251.50000 0.231683
5252.00000 0.22852
5252.50000 0.225353
5253.00000 0.22219
5253.50000 0.219027
5254.00000 0.215864
5254.50000 0.212701
5255.00000 0.209534
5255.50000 0.206371
5256.00000 0.203208
5256.50000 0.200045
5257.00000 0.196882
5257.50000 0.193715
5258.00000 0.190552
5258.50000 0.187389
5259.00000 0.184226
5259.50000 0.181063
5260.00000 0.177897
5260.50000 0.174798
5261.00000 0.171699
5261.50000 0.168601
5262.00000 0.165502
5262.50000 0.162399
5263.00000 0.159301
5263.50000 0.156202
5264.00000 0.153103
5264.50000 0.150005
5265.00000 0.146902
5265.50000 0.143804
5266.00000 0.140705
5266.50000 0.137606
5267.00000 0.134508
5267.50000 0.131405
5268.00000 0.128306
5268.50000 0.125208
5269.00000 0.122109
5269.50000 0.11901
5270.00000 0.115908
5270.50000 0.113609
5271.00000 0.11131
5271.50000 0.109011
5272.00000 0.106713
5272.50000 0.104411
5273.00000 0.102112
5273.50000 0.099813
5274.00000 0.097514
5274.50000 0.095215
5275.00000 0.092914
5275.50000 0.090615
5276.00000 0.088316
5276.50000 0.086017
5277.00000 0.083718
5277.50000 0.081416
5278.00000 0.079118
5278.50000 0.076819
5279.00000 0.07452
5279.50000 0.072221
5280.00000 0.069919
5280.50000 0.068484
5281.00000 0.067049
5281.50000 0.065613
5282.00000 0.064178
5282.50000 0.062741
5283.00000 0.061306
5283.50000 0.059871
5284.00000 0.058435
5284.50000 0.057
5285.00000 0.055563
5285.50000 0.054128
5286.00000 0.052693
5286.50000 0.051257
5287.00000 0.049822
5287.50000 0.048385
5288.00000 0.04695
5288.50000 0.045515
5289.00000 0.044079
5289.50000 0.042644
5290.00000 0.041207
5290.50000 0.040387
5291.00000 0.039567
5291.50000 0.038748
5292.00000 0.037928
5292.50000 0.037107
5293.00000 0.036287
5293.50000 0.035467
5294.00000 0.034648
5294.50000 0.033828
5295.00000 0.033007
5295.50000 0.032187
5296.00000 0.031367
5296.50000 0.030547
5297.00000 0.029728
5297.50000 0.028907
5298.00000 0.028087
5298.50000 0.027267
5299.00000 0.026447
5299.50000 0.025627
5300.00000 0.024807
5300.50000 0.024346
5301.00000 0.023885
5301.50000 0.023425
5302.00000 0.022964
5302.50000 0.022503
5303.00000 0.022042
5303.50000 0.021582
5304.00000 0.021121
5304.50000 0.020661
5305.00000 0.020199
5305.50000 0.019739
5306.00000 0.019278
5306.50000 0.018818
5307.00000 0.018357
5307.50000 0.017896
5308.00000 0.017435
5308.50000 0.016975
5309.00000 0.016514
5309.50000 0.016053
5310.00000 0.015592
5310.50000 0.015327
5311.00000 0.015062
5311.50000 0.014796
5312.00000 0.014531
5312.50000 0.014265
5313.00000 0.014
5313.50000 0.013735
5314.00000 0.01347
5314.50000 0.013204
5315.00000 0.012939
5315.50000 0.012673
5316.00000 0.012408
5316.50000 0.012143
5317.00000 0.011878
5317.50000 0.011612
5318.00000 0.011347
5318.50000 0.011081
5319.00000 0.010816
5319.50000 0.010551
5320.00000 0.010285
5320.50000 0.010127
5321.00000 0.009968
5321.50000 0.009809
5322.00000 0.009651
5322.50000 0.009492
5323.00000 0.009333
5323.50000 0.009174
5324.00000 0.009016
5324.50000 0.008857
5325.00000 0.008698
5325.50000 0.008539
5326.00000 0.008381
5326.50000 0.008222
5327.00000 0.008063
5327.50000 0.007904
5328.00000 0.007746
5328.50000 0.007587
5329.00000 0.007428
5329.50000 0.00727
5330.00000 0.007111
5330.50000 0.007014
5331.00000 0.006917
5331.50000 0.00682
5332.00000 0.006723
5332.50000 0.006626
5333.00000 0.006529
5333.50000 0.006433
5334.00000 0.006336
5334.50000 0.006239
5335.00000 0.006142
5335.50000 0.006045
5336.00000 0.005948
5336.50000 0.005851
5337.00000 0.005754
5337.50000 0.005657
5338.00000 0.005561
5338.50000 0.005464
5339.00000 0.005367
5339.50000 0.00527
5340.00000 0.005173
5340.50000 0.005111
5341.00000 0.00505
5341.50000 0.004989
5342.00000 0.004927
5342.50000 0.004866
5343.00000 0.004804
5343.50000 0.004743
5344.00000 0.004681
5344.50000 0.00462
5345.00000 0.004558
5345.50000 0.004497
5346.00000 0.004435
5346.50000 0.004374
5347.00000 0.004312
5347.50000 0.004251
5348.00000 0.004189
5348.50000 0.004128
5349.00000 0.004066
5349.50000 0.004005
5350.00000 0.003943
5350.50000 0.003903
5351.00000 0.003863
5351.50000 0.003823
5352.00000 0.003783
5352.50000 0.003743
5353.00000 0.003703
5353.50000 0.003663
5354.00000 0.003623
5354.50000 0.003582
5355.00000 0.003542
