threeML/data/optical_filters/AAO/AAO-aao62.ecsv
# %ECSV 0.9
# ---
# datatype:
# - {name: wavelength, unit: Angstrom, datatype: float32}
# - {name: response, datatype: float32}
# meta: !!omap
# - {band_name: aao62}
# - {group_name: AAO}
wavelength response
[from data line 805]
5202.00000 0.676214
5202.50000 0.675305
5203.00000 0.674397
5203.50000 0.673489
5204.00000 0.672581
5204.50000 0.671673
5205.00000 0.670764
5205.50000 0.669857
5206.00000 0.668949
5206.50000 0.668041
5207.00000 0.667133
5207.50000 0.666224
5208.00000 0.665316
5208.50000 0.664408
5209.00000 0.6635
5209.50000 0.662592
5210.00000 0.661683
5210.50000 0.660882
5211.00000 0.660081
5211.50000 0.65928
5212.00000 0.658479
5212.50000 0.657677
5213.00000 0.656876
5213.50000 0.656074
5214.00000 0.655273
5214.50000 0.654472
5215.00000 0.65367
5215.50000 0.652869
5216.00000 0.652068
5216.50000 0.651267
5217.00000 0.650466
5217.50000 0.649664
5218.00000 0.648862
5218.50000 0.648061
5219.00000 0.64726
5219.50000 0.646459
5220.00000 0.645657
5220.50000 0.644994
5221.00000 0.644331
5221.50000 0.643669
5222.00000 0.643006
5222.50000 0.642342
5223.00000 0.641679
5223.50000 0.641017
5224.00000 0.640354
5224.50000 0.639691
5225.00000 0.639027
5225.50000 0.638365
5226.00000 0.637702
5226.50000 0.637039
5227.00000 0.636376
5227.50000 0.635713
5228.00000 0.63505
5228.50000 0.634387
5229.00000 0.633724
5229.50000 0.633062
5230.00000 0.632398
5230.50000 0.632015
5231.00000 0.631633
5231.50000 0.631251
5232.00000 0.630868
5232.50000 0.630485
5233.00000 0.630103
5233.50000 0.62972
5234.00000 0.629338
5234.50000 0.628956
5235.00000 0.628573
5235.50000 0.62819
5236.00000 0.627808
5236.50000 0.627425
5237.00000 0.627043
5237.50000 0.62666
5238.00000 0.626278
5238.50000 0.625895
5239.00000 0.625513
5239.50000 0.62513
5240.00000 0.624747
5240.50000 0.624621
5241.00000 0.624494
5241.50000 0.624368
5242.00000 0.624241
5242.50000 0.624115
5243.00000 0.623988
5243.50000 0.623862
5244.00000 0.623735
5244.50000 0.623608
5245.00000 0.623482
5245.50000 0.623355
5246.00000 0.623229
5246.50000 0.623102
5247.00000 0.622976
5247.50000 0.622849
5248.00000 0.622723
5248.50000 0.622596
5249.00000 0.622469
5249.50000 0.622343
5250.00000 0.622216
5250.50000 0.622157
5251.00000 0.622097
5251.50000 0.622037
5252.00000 0.621978
5252.50000 0.621918
5253.00000 0.621858
5253.50000 0.621799
5254.00000 0.621739
5254.50000 0.621679
5255.00000 0.621619
5255.50000 0.62156
5256.00000 0.6215
5256.50000 0.621441
5257.00000 0.621381
5257.50000 0.621321
5258.00000 0.621261
5258.50000 0.621202
5259.00000 0.621142
5259.50000 0.621082
5260.00000 0.621023
5260.50000 0.621001
5261.00000 0.620979
5261.50000 0.620957
5262.00000 0.620935
5262.50000 0.620913
5263.00000 0.620891
5263.50000 0.620869
5264.00000 0.620847
5264.50000 0.620825
5265.00000 0.620803
5265.50000 0.620781
5266.00000 0.620759
5266.50000 0.620737
5267.00000 0.620715
5267.50000 0.620693
5268.00000 0.620671
5268.50000 0.620649
5269.00000 0.620627
5269.50000 0.620605
5270.00000 0.620583
5270.50000 0.620594
5271.00000 0.620605
5271.50000 0.620616
5272.00000 0.620627
5272.50000 0.620638
5273.00000 0.620649
5273.50000 0.62066
5274.00000 0.62067
5274.50000 0.620681
5275.00000 0.620692
5275.50000 0.620703
5276.00000 0.620714
5276.50000 0.620725
5277.00000 0.620736
5277.50000 0.620747
5278.00000 0.620758
5278.50000 0.620769
5279.00000 0.620779
5279.50000 0.62079
5280.00000 0.620801
5280.50000 0.620739
5281.00000 0.620677
5281.50000 0.620614
5282.00000 0.620552
5282.50000 0.620489
5283.00000 0.620427
5283.50000 0.620365
5284.00000 0.620302
5284.50000 0.62024
5285.00000 0.620177
5285.50000 0.620115
5286.00000 0.620053
5286.50000 0.61999
5287.00000 0.619928
5287.50000 0.619865
5288.00000 0.619803
5288.50000 0.619741
5289.00000 0.619678
5289.50000 0.619616
5290.00000 0.619553
5290.50000 0.619507
5291.00000 0.61946
5291.50000 0.619414
5292.00000 0.619367
5292.50000 0.61932
5293.00000 0.619274
5293.50000 0.619227
5294.00000 0.619181
5294.50000 0.619134
5295.00000 0.619087
5295.50000 0.619041
5296.00000 0.618994
5296.50000 0.618948
5297.00000 0.618901
5297.50000 0.618854
5298.00000 0.618808
5298.50000 0.618761
5299.00000 0.618715
5299.50000 0.618668
5300.00000 0.618621
5300.50000 0.618632
5301.00000 0.618643
5301.50000 0.618653
5302.00000 0.618664
5302.50000 0.618675
5303.00000 0.618685
5303.50000 0.618696
5304.00000 0.618707
5304.50000 0.618717
5305.00000 0.618728
5305.50000 0.618739
5306.00000 0.618749
5306.50000 0.61876
5307.00000 0.618771
5307.50000 0.618781
5308.00000 0.618792
5308.50000 0.618802
5309.00000 0.618813
5309.50000 0.618824
5310.00000 0.618834
5310.50000 0.618861
5311.00000 0.618888
5311.50000 0.618915
5312.00000 0.618942
5312.50000 0.618969
5313.00000 0.618996
5313.50000 0.619023
5314.00000 0.61905
5314.50000 0.619077
5315.00000 0.619104
5315.50000 0.619131
5316.00000 0.619158
5316.50000 0.619185
5317.00000 0.619212
5317.50000 0.619239
5318.00000 0.619266
5318.50000 0.619293
5319.00000 0.61932
5319.50000 0.619347
5320.00000 0.619374
5320.50000 0.619484
5321.00000 0.619594
5321.50000 0.619704
5322.00000 0.619813
5322.50000 0.619923
5323.00000 0.620033
5323.50000 0.620143
5324.00000 0.620253
5324.50000 0.620363
5325.00000 0.620473
5325.50000 0.620583
5326.00000 0.620693
5326.50000 0.620802
5327.00000 0.620912
5327.50000 0.621022
5328.00000 0.621132
5328.50000 0.621242
5329.00000 0.621352
5329.50000 0.621462
5330.00000 0.621572
5330.50000 0.621665
5331.00000 0.621758
5331.50000 0.621851
5332.00000 0.621944
5332.50000 0.622037
5333.00000 0.62213
5333.50000 0.622223
5334.00000 0.622316
5334.50000 0.622409
5335.00000 0.622503
5335.50000 0.622596
5336.00000 0.622689
5336.50000 0.622782
5337.00000 0.622875
5337.50000 0.622968
5338.00000 0.623061
5338.50000 0.623154
5339.00000 0.623247
5339.50000 0.62334
5340.00000 0.623433
5340.50000 0.623419
5341.00000 0.623404
5341.50000 0.623389
5342.00000 0.623374
5342.50000 0.623359
5343.00000 0.623344
5343.50000 0.623329
5344.00000 0.623314
5344.50000 0.623299
5345.00000 0.623284
5345.50000 0.623269
5346.00000 0.623254
5346.50000 0.623239
5347.00000 0.623224
5347.50000 0.623209
5348.00000 0.623194
5348.50000 0.623179
5349.00000 0.623164
5349.50000 0.623149
5350.00000 0.623134
5350.50000 0.62292
5351.00000 0.622705
5351.50000 0.62249
5352.00000 0.622275
5352.50000 0.62206
5353.00000 0.621845
5353.50000 0.62163
5354.00000 0.621415
5354.50000 0.6212
5355.00000 0.620985
5355.50000 0.62077
5356.00000 0.620555
5356.50000 0.62034
5357.00000 0.620126
5357.50000 0.61991
5358.00000 0.619696
5358.50000 0.619481
5359.00000 0.619266
5359.50000 0.619051
5360.00000 0.618836
5360.50000 0.618459
5361.00000 0.618081
5361.50000 0.617704
5362.00000 0.617327
5362.50000 0.61695
5363.00000 0.616572
5363.50000 0.616195
5364.00000 0.615818
5364.50000 0.615441
5365.00000 0.615063
5365.50000 0.614686
5366.00000 0.614309
5366.50000 0.613932
5367.00000 0.613555
5367.50000 0.613177
5368.00000 0.6128
5368.50000 0.612423
5369.00000 0.612046
5369.50000 0.611668
5370.00000 0.611291
5370.50000 0.610585
5371.00000 0.60988
5371.50000 0.609174
5372.00000 0.608468
5372.50000 0.607762
5373.00000 0.607056
5373.50000 0.606351
5374.00000 0.605645
5374.50000 0.604939
5375.00000 0.604233
5375.50000 0.603527
5376.00000 0.602822
5376.50000 0.602116
5377.00000 0.60141
5377.50000 0.600704
5378.00000 0.599998
5378.50000 0.599292
5379.00000 0.598587
5379.50000 0.597881
5380.00000 0.597175
5380.50000 0.596162
5381.00000 0.59515
5381.50000 0.594138
5382.00000 0.593125
5382.50000 0.592112
5383.00000 0.591099
5383.50000 0.590087
5384.00000 0.589075
5384.50000 0.588062
5385.00000 0.587049
5385.50000 0.586036
5386.00000 0.585024
5386.50000 0.584012
5387.00000 0.582999
5387.50000 0.581986
5388.00000 0.580974
5388.50000 0.579961
5389.00000 0.578949
5389.50000 0.577937
5390.00000 0.576923
5390.50000 0.575514
5391.00000 0.574105
5391.50000 0.572696
5392.00000 0.571286
5392.50000 0.569875
5393.00000 0.568466
5393.50000 0.567057
5394.00000 0.565648
5394.50000 0.564239
5395.00000 0.562828
5395.50000 0.561419
5396.00000 0.56001
5396.50000 0.558601
5397.00000 0.557191
5397.50000 0.555781
5398.00000 0.554371
5398.50000 0.552962
5399.00000 0.551553
5399.50000 0.550144
5400.00000 0.548733
5400.50000 0.546664
5401.00000 0.544595
5401.50000 0.542527
5402.00000 0.540458
5402.50000 0.538386
5403.00000 0.536318
5403.50000 0.534249
5404.00000 0.53218
5404.50000 0.530111
5405.00000 0.52804
5405.50000 0.525971
5406.00000 0.523902
5406.50000 0.521833
5407.00000 0.519764
5407.50000 0.517693
5408.00000 0.515624
5408.50000 0.513555
5409.00000 0.511486
5409.50000 0.509417
5410.00000 0.507346
5410.50000 0.504507
5411.00000 0.501668
5411.50000 0.498829
5412.00000 0.495991
5412.50000 0.493148
5413.00000 0.490309
5413.50000 0.487471
5414.00000 0.484632
5414.50000 0.481793
5415.00000 0.478951
5415.50000 0.476112
5416.00000 0.473273
5416.50000 0.470434
5417.00000 0.467595
5417.50000 0.464753
5418.00000 0.461914
5418.50000 0.459075
5419.00000 0.456236
5419.50000 0.453397
5420.00000 0.450555
5420.50000 0.447087
5421.00000 0.443619
5421.50000 0.440151
5422.00000 0.436683
5422.50000 0.433211
5423.00000 0.429743
5423.50000 0.426275
5424.00000 0.422807
5424.50000 0.419339
5425.00000 0.415867
5425.50000 0.412399
5426.00000 0.408931
5426.50000 0.405463
5427.00000 0.401995
5427.50000 0.398523
5428.00000 0.395055
5428.50000 0.391587
5429.00000 0.388119
5429.50000 0.384651
5430.00000 0.381179
5430.50000 0.377411
5431.00000 0.373643
5431.50000 0.369875
5432.00000 0.366106
5432.50000 0.362334
5433.00000 0.358566
5433.50000 0.354798
5434.00000 0.351029
5434.50000 0.347261
5435.00000 0.343489
5435.50000 0.339721
5436.00000 0.335952
5436.50000 0.332184
5437.00000 0.328416
5437.50000 0.324644
5438.00000 0.320876
5438.50000 0.317107
5439.00000 0.313339
5439.50000 0.309571
5440.00000 0.305799
5440.50000 0.302286
5441.00000 0.298773
5441.50000 0.29526
5442.00000 0.291747
5442.50000 0.28823
5443.00000 0.284717
5443.50000 0.281204
5444.00000 0.277691
5444.50000 0.274179
5445.00000 0.270661
5445.50000 0.267149
5446.00000 0.263636
5446.50000 0.260123
5447.00000 0.25661
5447.50000 0.253093
5448.00000 0.24958
5448.50000 0.246067
5449.00000 0.242554
5449.50000 0.239041
5450.00000 0.235524
5450.50000 0.232666
5451.00000 0.229808
5451.50000 0.22695
5452.00000 0.224092
5452.50000 0.221231
5453.00000 0.218373
5453.50000 0.215515
5454.00000 0.212657
5454.50000 0.209799
5455.00000 0.206937
5455.50000 0.204079
5456.00000 0.201222
5456.50000 0.198364
5457.00000 0.195506
5457.50000 0.192644
5458.00000 0.189786
5458.50000 0.186928
5459.00000 0.18407
5459.50000 0.181212
5460.00000 0.178351
5460.50000 0.176189
5461.00000 0.174028
5461.50000 0.171867
5462.00000 0.169705
5462.50000 0.167541
5463.00000 0.16538
5463.50000 0.163218
5464.00000 0.161057
5464.50000 0.158896
5465.00000 0.156732
5465.50000 0.15457
5466.00000 0.152409
5466.50000 0.150248
5467.00000 0.148086
5467.50000 0.145922
5468.00000 0.143761
5468.50000 0.141599
5469.00000 0.139438
5469.50000 0.137277
5470.00000 0.135113
5470.50000 0.133603
5471.00000 0.132093
5471.50000 0.130583
5472.00000 0.129073
5472.50000 0.127562
5473.00000 0.126052
5473.50000 0.124542
5474.00000 0.123032
5474.50000 0.121522
5475.00000 0.120011
5475.50000 0.118501
5476.00000 0.116991
5476.50000 0.115481
5477.00000 0.113971
5477.50000 0.11246
5478.00000 0.11095
5478.50000 0.10944
5479.00000 0.10793
5479.50000 0.10642
5480.00000 0.104909
5480.50000 0.103909
5481.00000 0.10291
5481.50000 0.101911
5482.00000 0.100912
5482.50000 0.099912
5483.00000 0.098912
5483.50000 0.097913
5484.00000 0.096914
5484.50000 0.095915
5485.00000 0.094915
5485.50000 0.093915
5486.00000 0.092916
5486.50000 0.091917
5487.00000 0.090918
5487.50000 0.089918
5488.00000 0.088918
5488.50000 0.087919
5489.00000 0.08692
5489.50000 0.085921
5490.00000 0.084921
5490.50000 0.08429
5491.00000 0.083659
5491.50000 0.083028
5492.00000 0.082398
5492.50000 0.081766
5493.00000 0.081135
5493.50000 0.080505
5494.00000 0.079874
5494.50000 0.079243
5495.00000 0.078612
5495.50000 0.077981
5496.00000 0.07735
5496.50000 0.076719
5497.00000 0.076088
5497.50000 0.075457
5498.00000 0.074826
5498.50000 0.074195
5499.00000 0.073565
5499.50000 0.072934
5500.00000 0.072302
5500.50000 0.0719
5501.00000 0.071498
5501.50000 0.071095
5502.00000 0.070693
5502.50000 0.07029
5503.00000 0.069888
5503.50000 0.069486
5504.00000 0.069083
5504.50000 0.068681
5505.00000 0.068278
5505.50000 0.067876
5506.00000 0.067474
5506.50000 0.067071
5507.00000 0.066669
5507.50000 0.066266
5508.00000 0.065864
5508.50000 0.065462
5509.00000 0.065059
5509.50000 0.064657
5510.00000 0.064254
5510.50000 0.063966
5511.00000 0.063678
5511.50000 0.06339
5512.00000 0.063102
5512.50000 0.062814
5513.00000 0.062526
5513.50000 0.062238
5514.00000 0.06195
5514.50000 0.061662
5515.00000 0.061373
5515.50000 0.061085
5516.00000 0.060797
5516.50000 0.060509
5517.00000 0.060221
5517.50000 0.059933
5518.00000 0.059645
5518.50000 0.059357
5519.00000 0.059069
5519.50000 0.058781
5520.00000 0.058492
5520.50000 0.058144
5521.00000 0.057796
5521.50000 0.057447
5522.00000 0.057099
5522.50000 0.05675
5523.00000 0.056402
5523.50000 0.056053
5524.00000 0.055705
5524.50000 0.055356
5525.00000 0.055008
5525.50000 0.054659
5526.00000 0.054311
5526.50000 0.053962
5527.00000 0.053614
5527.50000 0.053265
5528.00000 0.052917
5528.50000 0.052568
5529.00000 0.05222
5529.50000 0.051872
5530.00000 0.051523
5530.50000 0.050988
5531.00000 0.050454
5531.50000 0.049919
5532.00000 0.049384
5532.50000 0.048849
5533.00000 0.048314
5533.50000 0.04778
5534.00000 0.047245
5534.50000 0.046711
5535.00000 0.046175
5535.50000 0.045641
5536.00000 0.045106
5536.50000 0.044571
5537.00000 0.044037
5537.50000 0.043501
5538.00000 0.042967
5538.50000 0.042432
5539.00000 0.041898
5539.50000 0.041363
5540.00000 0.040828
5540.50000 0.040164
5541.00000 0.039499
5541.50000 0.038835
5542.00000 0.038171
5542.50000 0.037506
5543.00000 0.036842
5543.50000 0.036177
5544.00000 0.035513
5544.50000 0.034849
5545.00000 0.034184
5545.50000 0.03352
5546.00000 0.032856
5546.50000 0.032191
5547.00000 0.031527
5547.50000 0.030862
5548.00000 0.030198
5548.50000 0.029534
5549.00000 0.02887
5549.50000 0.028205
5550.00000 0.02754
5550.50000 0.026969
5551.00000 0.026397
5551.50000 0.025825
5552.00000 0.025253
5552.50000 0.024681
5553.00000 0.024109
5553.50000 0.023537
5554.00000 0.022966
5554.50000 0.022394
5555.00000 0.021821
5555.50000 0.02125
5556.00000 0.020678
5556.50000 0.020106
5557.00000 0.019534
5557.50000 0.018962
5558.00000 0.01839
5558.50000 0.017818
5559.00000 0.017247
5559.50000 0.016675
5560.00000 0.016102
5560.50000 0.015729
5561.00000 0.015356
5561.50000 0.014983
5562.00000 0.01461
5562.50000 0.014236
5563.00000 0.013863
5563.50000 0.01349
5564.00000 0.013116
5564.50000 0.012743
5565.00000 0.01237
5565.50000 0.011996
5566.00000 0.011623
5566.50000 0.01125
5567.00000 0.010877
5567.50000 0.010503
5568.00000 0.01013
5568.50000 0.009757
5569.00000 0.009384
5569.50000 0.00901
5570.00000 0.008637
5570.50000 0.008436
5571.00000 0.008235
5571.50000 0.008034
5572.00000 0.007833
5572.50000 0.007631
5573.00000 0.00743
5573.50000 0.007229
5574.00000 0.007028
5574.50000 0.006827
5575.00000 0.006626
5575.50000 0.006425
5576.00000 0.006224
5576.50000 0.006023
5577.00000 0.005822
5577.50000 0.005621
5578.00000 0.00542
5578.50000 0.005219
5579.00000 0.005017
5579.50000 0.004816
5580.00000 0.004615
5580.50000 0.00451
5581.00000 0.004405
5581.50000 0.0043
5582.00000 0.004195
5582.50000 0.00409
5583.00000 0.003985
5583.50000 0.003879
5584.00000 0.003774
5584.50000 0.003669
5585.00000 0.003564
5585.50000 0.003459
5586.00000 0.003354
5586.50000 0.003249
5587.00000 0.003144
5587.50000 0.003039
5588.00000 0.002933
5588.50000 0.002828
5589.00000 0.002723
5589.50000 0.002618
5590.00000 0.002513
5590.50000 0.002459
5591.00000 0.002405
5591.50000 0.002351
5592.00000 0.002297
5592.50000 0.002243
5593.00000 0.002189
5593.50000 0.002135
5594.00000 0.002081
5594.50000 0.002027
5595.00000 0.001973
5595.50000 0.001919
5596.00000 0.001865
5596.50000 0.001811
5597.00000 0.001758
5597.50000 0.001703
5598.00000 0.00165
5598.50000 0.001596
5599.00000 0.001542
5599.50000 0.001488
5600.00000 0.001434
5600.50000 0.001405
5601.00000 0.001376
5601.50000 0.001347
5602.00000 0.001318
5602.50000 0.001289
5603.00000 0.00126
5603.50000 0.001231
