threeML/data/optical_filters/AAO/AAO-aao63.ecsv
# %ECSV 0.9
# ---
# datatype:
# - {name: wavelength, unit: Angstrom, datatype: float32}
# - {name: response, datatype: float32}
# meta: !!omap
# - {band_name: aao63}
# - {group_name: AAO}
wavelength response
4095.00000 0.0
4550.00000 8.5e-05
4550.50000 9e-05
4551.00000 9.6e-05
4551.50000 0.000101
4552.00000 0.000107
4552.50000 0.000112
4553.00000 0.000118
4553.50000 0.000124
4554.00000 0.000129
4554.50000 0.000135
4555.00000 0.00014
4555.50000 0.000146
4556.00000 0.000151
4556.50000 0.000157
4557.00000 0.000163
4557.50000 0.000168
4558.00000 0.000174
4558.50000 0.000179
4559.00000 0.000185
4559.50000 0.000191
4560.00000 0.000196
4560.50000 0.000198
4561.00000 0.000199
4561.50000 0.000201
4562.00000 0.000202
4562.50000 0.000204
4563.00000 0.000205
4563.50000 0.000207
4564.00000 0.000208
4564.50000 0.00021
4565.00000 0.000211
4565.50000 0.000213
4566.00000 0.000214
4566.50000 0.000216
4567.00000 0.000217
4567.50000 0.000219
4568.00000 0.000221
4568.50000 0.000222
4569.00000 0.000224
4569.50000 0.000225
4570.00000 0.000227
4570.50000 0.000223
4571.00000 0.000218
4571.50000 0.000214
4572.00000 0.00021
4572.50000 0.000206
4573.00000 0.000202
4573.50000 0.000198
4574.00000 0.000194
4574.50000 0.00019
4575.00000 0.000186
4575.50000 0.000182
4576.00000 0.000178
4576.50000 0.000174
4577.00000 0.00017
4577.50000 0.000166
4578.00000 0.000162
4578.50000 0.000158
4579.00000 0.000154
4579.50000 0.000149
4580.00000 0.000145
4580.50000 0.000142
4581.00000 0.00014
4581.50000 0.000137
4582.00000 0.000134
4582.50000 0.000131
4583.00000 0.000128
4583.50000 0.000125
4584.00000 0.000122
4584.50000 0.000119
4585.00000 0.000116
4585.50000 0.000113
4586.00000 0.00011
4586.50000 0.000107
4587.00000 0.000104
4587.50000 0.000101
4588.00000 9.8e-05
4588.50000 9.6e-05
4589.00000 9.3e-05
4589.50000 9e-05
4590.00000 8.7e-05
4590.50000 8.6e-05
4591.00000 8.4e-05
4591.50000 8.3e-05
4592.00000 8.2e-05
4592.50000 8.1e-05
4593.00000 8e-05
4593.50000 7.9e-05
4594.00000 7.8e-05
4594.50000 7.7e-05
4595.00000 7.6e-05
4595.50000 7.4e-05
4596.00000 7.3e-05
4596.50000 7.2e-05
4597.00000 7.1e-05
4597.50000 7e-05
4598.00000 6.9e-05
4598.50000 6.8e-05
4599.00000 6.7e-05
4599.50000 6.6e-05
4600.00000 6.4e-05
4600.50000 6.5e-05
4601.00000 6.5e-05
4601.50000 6.6e-05
4602.00000 6.6e-05
4602.50000 6.7e-05
4603.00000 6.7e-05
4603.50000 6.8e-05
4604.00000 6.8e-05
4604.50000 6.9e-05
4605.00000 6.9e-05
4605.50000 7e-05
4606.00000 7e-05
4606.50000 7.1e-05
4607.00000 7.1e-05
4607.50000 7.1e-05
4608.00000 7.2e-05
4608.50000 7.2e-05
4609.00000 7.3e-05
4609.50000 7.3e-05
4610.00000 7.4e-05
4610.50000 7.4e-05
4611.00000 7.4e-05
4611.50000 7.4e-05
4612.00000 7.4e-05
4612.50000 7.4e-05
4613.00000 7.4e-05
4613.50000 7.4e-05
4614.00000 7.5e-05
4614.50000 7.5e-05
4615.00000 7.5e-05
4615.50000 7.5e-05
4616.00000 7.5e-05
4616.50000 7.5e-05
4617.00000 7.5e-05
4617.50000 7.5e-05
4618.00000 7.5e-05
4618.50000 7.5e-05
4619.00000 7.6e-05
4619.50000 7.6e-05
4620.00000 7.6e-05
4620.50000 7.7e-05
4621.00000 7.7e-05
4621.50000 7.8e-05
4622.00000 7.9e-05
4622.50000 8e-05
4623.00000 8.1e-05
4623.50000 8.2e-05
4624.00000 8.3e-05
4624.50000 8.4e-05
4625.00000 8.5e-05
4625.50000 8.5e-05
4626.00000 8.6e-05
4626.50000 8.7e-05
4627.00000 8.8e-05
4627.50000 8.9e-05
4628.00000 9e-05
4628.50000 9.1e-05
4629.00000 9.2e-05
4629.50000 9.3e-05
4630.00000 9.3e-05
4630.50000 9.5e-05
4631.00000 9.7e-05
4631.50000 9.9e-05
4632.00000 0.000101
4632.50000 0.000103
4633.00000 0.000105
4633.50000 0.000107
4634.00000 0.000109
4634.50000 0.000111
4635.00000 0.000113
4635.50000 0.000115
4636.00000 0.000117
4636.50000 0.000119
4637.00000 0.000121
4637.50000 0.000123
4638.00000 0.000125
4638.50000 0.000127
4639.00000 0.000129
4639.50000 0.000131
4640.00000 0.000133
4640.50000 0.000136
4641.00000 0.000139
4641.50000 0.000142
4642.00000 0.000146
4642.50000 0.000149
4643.00000 0.000152
4643.50000 0.000155
4644.00000 0.000158
4644.50000 0.000161
4645.00000 0.000164
4645.50000 0.000167
4646.00000 0.00017
4646.50000 0.000173
4647.00000 0.000177
4647.50000 0.00018
4648.00000 0.000183
4648.50000 0.000186
4649.00000 0.000189
4649.50000 0.000192
4650.00000 0.000195
4650.50000 0.000202
4651.00000 0.000209
4651.50000 0.000216
4652.00000 0.000223
4652.50000 0.000229
4653.00000 0.000236
4653.50000 0.000243
4654.00000 0.00025
4654.50000 0.000257
4655.00000 0.000264
4655.50000 0.00027
4656.00000 0.000277
4656.50000 0.000284
4657.00000 0.000291
4657.50000 0.000298
4658.00000 0.000305
4658.50000 0.000311
4659.00000 0.000318
4659.50000 0.000325
4660.00000 0.000332
4660.50000 0.000343
4661.00000 0.000355
4661.50000 0.000366
4662.00000 0.000377
4662.50000 0.000389
4663.00000 0.0004
4663.50000 0.000411
4664.00000 0.000423
4664.50000 0.000434
4665.00000 0.000445
4665.50000 0.000457
4666.00000 0.000468
4666.50000 0.00048
4667.00000 0.000491
4667.50000 0.000502
4668.00000 0.000514
4668.50000 0.000525
4669.00000 0.000536
4669.50000 0.000548
4670.00000 0.000559
4670.50000 0.000585
4671.00000 0.000612
4671.50000 0.000638
4672.00000 0.000664
4672.50000 0.000691
4673.00000 0.000717
4673.50000 0.000743
4674.00000 0.00077
4674.50000 0.000796
4675.00000 0.000822
4675.50000 0.000849
4676.00000 0.000875
4676.50000 0.000901
4677.00000 0.000928
4677.50000 0.000954
4678.00000 0.00098
4678.50000 0.001007
4679.00000 0.001033
4679.50000 0.001059
4680.00000 0.001086
4680.50000 0.001153
4681.00000 0.001221
4681.50000 0.001289
4682.00000 0.001356
4682.50000 0.001424
4683.00000 0.001492
4683.50000 0.00156
4684.00000 0.001627
4684.50000 0.001695
4685.00000 0.001763
4685.50000 0.00183
4686.00000 0.001898
4686.50000 0.001966
4687.00000 0.002033
4687.50000 0.002101
4688.00000 0.002169
4688.50000 0.002236
4689.00000 0.002304
4689.50000 0.002372
4690.00000 0.00244
4690.50000 0.002638
4691.00000 0.002836
4691.50000 0.003034
4692.00000 0.003232
4692.50000 0.00343
4693.00000 0.003628
4693.50000 0.003826
4694.00000 0.004024
4694.50000 0.004222
4695.00000 0.00442
4695.50000 0.004618
4696.00000 0.004817
4696.50000 0.005015
4697.00000 0.005213
4697.50000 0.005411
4698.00000 0.005609
4698.50000 0.005807
4699.00000 0.006005
4699.50000 0.006203
4700.00000 0.006401
4700.50000 0.006952
4701.00000 0.007503
4701.50000 0.008053
4702.00000 0.008604
4702.50000 0.009155
4703.00000 0.009705
4703.50000 0.010256
4704.00000 0.010807
4704.50000 0.011357
4705.00000 0.011908
4705.50000 0.012459
4706.00000 0.01301
4706.50000 0.01356
4707.00000 0.014111
4707.50000 0.014662
4708.00000 0.015212
4708.50000 0.015763
4709.00000 0.016314
4709.50000 0.016864
4710.00000 0.017415
4710.50000 0.018228
4711.00000 0.019042
4711.50000 0.019855
4712.00000 0.020668
4712.50000 0.021482
4713.00000 0.022295
4713.50000 0.023109
4714.00000 0.023922
4714.50000 0.024735
4715.00000 0.025549
4715.50000 0.026362
4716.00000 0.027175
4716.50000 0.027988
4717.00000 0.028802
4717.50000 0.029615
4718.00000 0.030428
4718.50000 0.031242
4719.00000 0.032055
4719.50000 0.032868
4720.00000 0.033682
4720.50000 0.034062
4721.00000 0.034443
4721.50000 0.034823
4722.00000 0.035203
4722.50000 0.035584
4723.00000 0.035964
4723.50000 0.036344
4724.00000 0.036725
4724.50000 0.037105
4725.00000 0.037485
4725.50000 0.037866
4726.00000 0.038246
4726.50000 0.038626
4727.00000 0.039007
4727.50000 0.039387
4728.00000 0.039767
4728.50000 0.040148
4729.00000 0.040528
4729.50000 0.040908
4730.00000 0.041289
4730.50000 0.041075
4731.00000 0.040862
4731.50000 0.040648
4732.00000 0.040435
4732.50000 0.040222
4733.00000 0.040008
4733.50000 0.039795
4734.00000 0.039581
4734.50000 0.039368
4735.00000 0.039155
4735.50000 0.038941
4736.00000 0.038728
4736.50000 0.038514
4737.00000 0.038301
4737.50000 0.038088
4738.00000 0.037874
4738.50000 0.037661
4739.00000 0.037447
4739.50000 0.037234
4740.00000 0.037021
4740.50000 0.036764
4741.00000 0.036508
4741.50000 0.036252
4742.00000 0.035996
4742.50000 0.03574
4743.00000 0.035484
4743.50000 0.035227
4744.00000 0.034971
4744.50000 0.034715
4745.00000 0.034459
4745.50000 0.034203
4746.00000 0.033947
4746.50000 0.033691
4747.00000 0.033434
4747.50000 0.033178
4748.00000 0.032922
4748.50000 0.032666
4749.00000 0.03241
4749.50000 0.032154
4750.00000 0.031897
4750.50000 0.031901
4751.00000 0.031905
4751.50000 0.031909
4752.00000 0.031913
4752.50000 0.031916
4753.00000 0.03192
4753.50000 0.031924
4754.00000 0.031928
4754.50000 0.031932
4755.00000 0.031935
4755.50000 0.031939
4756.00000 0.031943
4756.50000 0.031947
4757.00000 0.031951
4757.50000 0.031954
4758.00000 0.031958
4758.50000 0.031962
4759.00000 0.031966
4759.50000 0.03197
4760.00000 0.031973
4760.50000 0.03227
4761.00000 0.032567
4761.50000 0.032863
4762.00000 0.03316
4762.50000 0.033456
4763.00000 0.033753
4763.50000 0.03405
4764.00000 0.034346
4764.50000 0.034643
4765.00000 0.034939
4765.50000 0.035236
4766.00000 0.035532
4766.50000 0.035829
4767.00000 0.036125
4767.50000 0.036422
4768.00000 0.036719
4768.50000 0.037015
4769.00000 0.037312
4769.50000 0.037608
4770.00000 0.037905
4770.50000 0.038577
4771.00000 0.039248
4771.50000 0.03992
4772.00000 0.040591
4772.50000 0.041263
4773.00000 0.041935
4773.50000 0.042607
4774.00000 0.043278
4774.50000 0.043949
4775.00000 0.044621
4775.50000 0.045293
4776.00000 0.045965
4776.50000 0.046636
4777.00000 0.047308
4777.50000 0.047979
4778.00000 0.048651
4778.50000 0.049323
4779.00000 0.049994
4779.50000 0.050666
4780.00000 0.051338
4780.50000 0.052719
4781.00000 0.054101
4781.50000 0.055483
4782.00000 0.056864
4782.50000 0.058247
4783.00000 0.059628
4783.50000 0.06101
4784.00000 0.062392
4784.50000 0.063773
4785.00000 0.065156
4785.50000 0.066537
4786.00000 0.067919
4786.50000 0.069301
4787.00000 0.070682
4787.50000 0.072065
4788.00000 0.073446
4788.50000 0.074829
4789.00000 0.07621
4789.50000 0.077591
4790.00000 0.078974
4790.50000 0.081758
4791.00000 0.084544
4791.50000 0.087328
4792.00000 0.090112
4792.50000 0.092898
4793.00000 0.095682
4793.50000 0.098468
4794.00000 0.101252
4794.50000 0.104036
4795.00000 0.106822
4795.50000 0.109606
4796.00000 0.112392
4796.50000 0.115176
4797.00000 0.117961
4797.50000 0.120746
4798.00000 0.123531
4798.50000 0.126316
4799.00000 0.129101
4799.50000 0.131885
4800.00000 0.134671
4800.50000 0.139923
4801.00000 0.145178
4801.50000 0.15043
4802.00000 0.155682
4802.50000 0.160937
4803.00000 0.166189
4803.50000 0.171445
4804.00000 0.176697
4804.50000 0.181949
4805.00000 0.187204
4805.50000 0.192456
4806.00000 0.197711
4806.50000 0.202963
4807.00000 0.208215
4807.50000 0.213471
4808.00000 0.218723
4808.50000 0.223978
4809.00000 0.22923
4809.50000 0.234482
4810.00000 0.239737
4810.50000 0.247827
4811.00000 0.255923
4811.50000 0.264013
4812.00000 0.272103
4812.50000 0.280198
4813.00000 0.288289
4813.50000 0.296384
4814.00000 0.304474
4814.50000 0.312564
4815.00000 0.32066
4815.50000 0.32875
4816.00000 0.336845
4816.50000 0.344935
4817.00000 0.353026
4817.50000 0.361121
4818.00000 0.369211
4818.50000 0.377306
4819.00000 0.385396
4819.50000 0.393487
4820.00000 0.401582
4820.50000 0.4102
4821.00000 0.418822
4821.50000 0.42744
4822.00000 0.436058
4822.50000 0.44468
4823.00000 0.453298
4823.50000 0.461921
4824.00000 0.470539
4824.50000 0.479156
4825.00000 0.487779
4825.50000 0.496397
4826.00000 0.505019
4826.50000 0.513637
4827.00000 0.522255
4827.50000 0.530878
4828.00000 0.539495
4828.50000 0.548118
4829.00000 0.556736
4829.50000 0.565353
4830.00000 0.573976
4830.50000 0.57898
4831.00000 0.583987
4831.50000 0.588991
4832.00000 0.593995
4832.50000 0.599002
4833.00000 0.604005
4833.50000 0.609012
4834.00000 0.614016
4834.50000 0.61902
4835.00000 0.624027
4835.50000 0.629031
4836.00000 0.634038
4836.50000 0.639042
4837.00000 0.644046
4837.50000 0.649053
4838.00000 0.654057
4838.50000 0.659064
4839.00000 0.664067
4839.50000 0.669071
4840.00000 0.674078
4840.50000 0.67501
4841.00000 0.675941
4841.50000 0.676873
4842.00000 0.677804
4842.50000 0.678736
4843.00000 0.679667
4843.50000 0.680599
4844.00000 0.68153
4844.50000 0.682462
4845.00000 0.683393
4845.50000 0.684325
4846.00000 0.685257
4846.50000 0.686188
4847.00000 0.687119
4847.50000 0.688051
4848.00000 0.688982
4848.50000 0.689914
4849.00000 0.690845
4849.50000 0.691777
4850.00000 0.692709
4850.50000 0.692249
4851.00000 0.691789
4851.50000 0.69133
4852.00000 0.690871
4852.50000 0.690411
4853.00000 0.689951
4853.50000 0.689492
4854.00000 0.689032
4854.50000 0.688573
4855.00000 0.688113
4855.50000 0.687654
4856.00000 0.687194
4856.50000 0.686735
4857.00000 0.686275
4857.50000 0.685816
4858.00000 0.685356
4858.50000 0.684896
4859.00000 0.684437
4859.50000 0.683978
4860.00000 0.683518
4860.50000 0.683431
4861.00000 0.683343
4861.50000 0.683256
4862.00000 0.683169
4862.50000 0.683081
4863.00000 0.682994
4863.50000 0.682907
4864.00000 0.682819
4864.50000 0.682732
4865.00000 0.682645
4865.50000 0.682558
4866.00000 0.68247
4866.50000 0.682383
4867.00000 0.682296
4867.50000 0.682208
4868.00000 0.682121
4868.50000 0.682034
4869.00000 0.681946
4869.50000 0.681859
4870.00000 0.681772
4870.50000 0.682465
4871.00000 0.683158
4871.50000 0.683851
4872.00000 0.684543
4872.50000 0.685237
4873.00000 0.685929
4873.50000 0.686622
4874.00000 0.687316
4874.50000 0.688008
4875.00000 0.688702
4875.50000 0.689394
4876.00000 0.690087
4876.50000 0.69078
4877.00000 0.691473
4877.50000 0.692166
4878.00000 0.692859
4878.50000 0.693552
4879.00000 0.694245
4879.50000 0.694938
4880.00000 0.695631
4880.50000 0.69643
4881.00000 0.69723
4881.50000 0.698029
4882.00000 0.698829
4882.50000 0.699629
4883.00000 0.700428
4883.50000 0.701227
4884.00000 0.702027
4884.50000 0.702826
4885.00000 0.703626
4885.50000 0.704425
4886.00000 0.705224
4886.50000 0.706024
4887.00000 0.706823
4887.50000 0.707623
4888.00000 0.708422
4888.50000 0.709222
4889.00000 0.710022
4889.50000 0.710821
4890.00000 0.711621
4890.50000 0.711761
4891.00000 0.711901
4891.50000 0.712042
4892.00000 0.712182
4892.50000 0.712323
4893.00000 0.712463
4893.50000 0.712603
4894.00000 0.712744
4894.50000 0.712884
4895.00000 0.713025
4895.50000 0.713165
4896.00000 0.713305
4896.50000 0.713446
4897.00000 0.713586
4897.50000 0.713727
4898.00000 0.713867
4898.50000 0.714007
4899.00000 0.714148
4899.50000 0.714288
4900.00000 0.714429
4900.50000 0.713775
4901.00000 0.713121
4901.50000 0.712467
4902.00000 0.711814
4902.50000 0.71116
4903.00000 0.710506
4903.50000 0.709853
4904.00000 0.709199
4904.50000 0.708545
4905.00000 0.707891
4905.50000 0.707237
4906.00000 0.706584
4906.50000 0.70593
4907.00000 0.705276
4907.50000 0.704622
4908.00000 0.703969
4908.50000 0.703315
4909.00000 0.702661
4909.50000 0.702007
4910.00000 0.701353
4910.50000 0.700194
4911.00000 0.699034
4911.50000 0.697874
4912.00000 0.696715
4912.50000 0.695555
4913.00000 0.694395
4913.50000 0.693236
4914.00000 0.692076
4914.50000 0.690916
4915.00000 0.689756
4915.50000 0.688596
4916.00000 0.687437
4916.50000 0.686277
4917.00000 0.685117
4917.50000 0.683957
4918.00000 0.682798
4918.50000 0.681638
4919.00000 0.680478
4919.50000 0.679319
4920.00000 0.678159
4920.50000 0.676836
4921.00000 0.675513
4921.50000 0.674189
4922.00000 0.672866
4922.50000 0.671543
4923.00000 0.67022
4923.50000 0.668897
4924.00000 0.667573
4924.50000 0.66625
4925.00000 0.664927
4925.50000 0.663604
4926.00000 0.662281
4926.50000 0.660957
4927.00000 0.659634
4927.50000 0.65831
4928.00000 0.656988
4928.50000 0.655665
4929.00000 0.654341
4929.50000 0.653018
4930.00000 0.651694
4930.50000 0.650785
4931.00000 0.649875
4931.50000 0.648965
4932.00000 0.648055
4932.50000 0.647145
4933.00000 0.646235
4933.50000 0.645325
4934.00000 0.644415
4934.50000 0.643506
4935.00000 0.642595
4935.50000 0.641686
4936.00000 0.640776
4936.50000 0.639866
4937.00000 0.638956
4937.50000 0.638046
4938.00000 0.637136
4938.50000 0.636227
4939.00000 0.635316
4939.50000 0.634407
4940.00000 0.633496
4940.50000 0.633206
4941.00000 0.632916
4941.50000 0.632625
4942.00000 0.632335
4942.50000 0.632044
4943.00000 0.631754
4943.50000 0.631463
4944.00000 0.631173
4944.50000 0.630882
4945.00000 0.630592
4945.50000 0.630301
4946.00000 0.630011
4946.50000 0.62972
4947.00000 0.62943
4947.50000 0.629139
4948.00000 0.628849
4948.50000 0.628559
4949.00000 0.628268
4949.50000 0.627978
4950.00000 0.627687
4950.50000 0.627795
4951.00000 0.627903
4951.50000 0.62801
4952.00000 0.628118
4952.50000 0.628226
4953.00000 0.628334
