threeML/data/optical_filters/AAO/AAO-aao72.ecsv
# %ECSV 0.9
# ---
# datatype:
# - {name: wavelength, unit: Angstrom, datatype: float32}
# - {name: response, datatype: float32}
# meta: !!omap
# - {band_name: aao72}
# - {group_name: AAO}
wavelength response
3515.39990 0.0
3906.00000 0.000608
3906.69995 0.000221
3907.30005 0.000386
3908.00000 0.000387
3908.69995 0.000607
3909.30005 0.000497
3910.00000 0.000443
3910.69995 0.000552
3911.30005 0.000496
3912.00000 0.000275
3912.69995 0.000274
3913.30005 0.000219
3914.00000 0.0006
3914.69995 0.000491
3915.30005 0.000217
3916.00000 0.00038
3916.69995 0.000379
3917.30005 0.000379
3918.00000 0.000648
3918.69995 0.00027
3919.30005 0.00059
3920.00000 0.000429
3920.69995 0.000588
3921.30005 0.000426
3922.00000 0.000852
3922.69995 0.000425
3923.30005 0.000955
3924.00000 0.001006
3924.69995 0.000264
3925.30005 0.000473
3926.00000 0.000733
3926.69995 0.000367
3927.30005 0.000523
3928.69995 0.000988
3929.30005 0.000623
3930.69995 0.000673
3931.30005 0.000465
3932.69995 0.000975
3933.30005 0.000771
3934.69995 0.000918
3935.30005 0.000509
3936.69995 0.000406
3937.30005 0.000304
3938.69995 0.000756
3939.30005 0.000604
3940.69995 0.001202
3941.30005 0.00065
3942.69995 0.001094
3943.30005 0.000991
3944.69995 0.000839
3945.30005 0.00064
3946.69995 0.000883
3947.30005 0.000834
3948.69995 0.000976
3949.30005 0.001022
3950.69995 0.001018
3951.30005 0.001014
3952.69995 0.001012
3953.30005 0.001393
3954.69995 0.001483
3955.30005 0.000954
3956.69995 0.000996
3957.30005 0.001183
3958.69995 0.00156
3959.30005 0.001273
3960.69995 0.001267
3961.30005 0.00187
3962.69995 0.001629
3963.30005 0.00158
3964.69995 0.001434
3965.30005 0.001852
3966.69995 0.001978
3967.30005 0.002019
3968.69995 0.002287
3969.30005 0.002603
3970.69995 0.002589
3971.30005 0.002851
3972.69995 0.003022
3973.30005 0.002844
3974.69995 0.003361
3975.30005 0.003048
3976.69995 0.00348
3977.30005 0.002938
3978.69995 0.003897
3979.30005 0.003585
3980.69995 0.004014
3981.30005 0.004137
3982.69995 0.005003
3983.30005 0.004773
3984.69995 0.004795
3985.30005 0.005524
3986.69995 0.005458
3987.30005 0.006135
3988.69995 0.006199
3989.30005 0.006703
3990.69995 0.006419
3991.30005 0.007004
3992.69995 0.007315
3993.30005 0.007645
3994.69995 0.008411
3995.30005 0.008311
3996.69995 0.009113
3997.30005 0.00959
3998.69995 0.01111
3999.30005 0.010799
4000.69995 0.0114
4001.30005 0.012353
4002.69995 0.012765
4003.30005 0.013338
4004.00000 0.013938
4004.69995 0.014534
4005.30005 0.014903
4006.00000 0.015621
4006.69995 0.016045
4007.30005 0.016477
4008.00000 0.016737
4008.69995 0.01806
4009.30005 0.019073
4010.00000 0.019026
4010.69995 0.020128
4011.30005 0.020524
4012.00000 0.02188
4012.69995 0.022555
4013.30005 0.023534
4014.00000 0.024441
4014.69995 0.025503
4015.30005 0.026369
4016.00000 0.027663
4016.69995 0.028563
4017.30005 0.029798
4018.00000 0.03075
4018.69995 0.032207
4019.30005 0.03354
4020.00000 0.035057
4020.69995 0.03682
4021.30005 0.037907
4022.00000 0.039279
4022.69995 0.041078
4023.30005 0.043156
4024.00000 0.044892
4024.69995 0.047426
4025.30005 0.049811
4026.00000 0.051007
4026.69995 0.05379
4027.30005 0.055382
4028.00000 0.058267
4028.69995 0.060757
4029.30005 0.063347
4030.00000 0.066331
4030.69995 0.068825
4031.30005 0.07218
4032.00000 0.075467
4032.69995 0.078433
4033.30005 0.082619
4034.00000 0.086816
4034.69995 0.089942
4035.30005 0.093464
4036.00000 0.098267
4036.69995 0.102329
4037.30005 0.10792
4038.00000 0.111567
4038.69995 0.11801
4039.30005 0.12277
4040.00000 0.128256
4040.69995 0.134188
4041.30005 0.140045
4042.00000 0.146174
4042.69995 0.152244
4043.30005 0.159359
4044.00000 0.166345
4044.69995 0.173884
4045.30005 0.181684
4046.00000 0.189019
4046.69995 0.197059
4047.30005 0.206343
4048.00000 0.214649
4048.69995 0.222693
4049.30005 0.231452
4050.00000 0.240981
4050.69995 0.252123
4051.30005 0.261393
4052.00000 0.272618
4052.69995 0.282501
4053.30005 0.29389
4054.00000 0.30405
4054.69995 0.314874
4055.30005 0.325531
4056.00000 0.336356
4056.69995 0.348933
4057.30005 0.359533
4058.00000 0.37083
4058.69995 0.382773
4059.30005 0.394446
4060.00000 0.404257
4060.69995 0.415962
4061.30005 0.427586
4062.00000 0.439113
4062.69995 0.449159
4063.30005 0.459788
4064.00000 0.470347
4064.69995 0.480383
4065.30005 0.488545
4066.00000 0.500352
4066.69995 0.508882
4067.30005 0.517878
4068.00000 0.528228
4068.69995 0.536111
4069.30005 0.544164
4070.00000 0.551481
4070.69995 0.557425
4071.30005 0.563643
4072.00000 0.569455
4072.69995 0.576454
4073.30005 0.581497
4074.00000 0.587473
4074.69995 0.592111
4075.30005 0.596616
4076.00000 0.601611
4076.69995 0.606228
4077.30005 0.610266
4078.00000 0.614572
4078.69995 0.616641
4079.30005 0.619062
4080.00000 0.621083
4080.69995 0.62325
4081.30005 0.627456
4082.00000 0.630103
4082.69995 0.630814
4083.30005 0.632234
4084.00000 0.632361
4084.69995 0.63398
4085.30005 0.635305
4086.00000 0.634936
4086.69995 0.637893
4087.30005 0.639355
4088.00000 0.639079
4088.69995 0.641182
4089.30005 0.642836
4090.00000 0.64062
4090.69995 0.640817
4091.30005 0.639726
4092.00000 0.641688
4092.69995 0.641479
4093.30005 0.641717
4094.00000 0.641925
4094.69995 0.641984
4095.30005 0.64377
4096.00000 0.643424
4096.70020 0.643106
4097.29980 0.643061
4098.00000 0.644156
4098.70020 0.641737
4099.29980 0.642801
4100.00000 0.641459
4100.70020 0.642547
4101.29980 0.642064
4102.00000 0.644187
4102.70020 0.644731
4103.29980 0.643079
4104.00000 0.642957
4104.70020 0.644046
4105.29980 0.644092
4106.00000 0.645484
4106.70020 0.643649
4107.29980 0.643516
4108.00000 0.642575
4108.70020 0.642935
4109.29980 0.643637
4110.00000 0.644564
4110.70020 0.643917
4111.29980 0.644807
4112.00000 0.644467
4112.70020 0.646536
4113.29980 0.644849
4114.00000 0.643892
4114.70020 0.645073
4115.29980 0.647316
4116.00000 0.645745
4116.70020 0.646801
4117.29980 0.647868
4118.00000 0.647887
4118.70020 0.647026
4119.29980 0.649208
4120.00000 0.648286
4120.70020 0.647746
4121.29980 0.646879
4122.00000 0.646996
4122.70020 0.647996
4123.29980 0.647471
4124.00000 0.646391
4124.70020 0.646454
4125.29980 0.645701
4126.00000 0.646355
4126.70020 0.645617
4127.29980 0.6446
4128.00000 0.646477
4128.70020 0.646258
4129.29980 0.646742
4130.00000 0.647478
4130.70020 0.647404
4131.29980 0.646128
4132.00000 0.646112
4132.70020 0.647953
4133.29980 0.646872
4134.00000 0.646651
4134.70020 0.648709
4135.29980 0.648152
4136.00000 0.646784
4136.70020 0.644693
4137.29980 0.645178
4138.00000 0.644857
4138.70020 0.645957
4139.29980 0.645962
4140.00000 0.644145
4140.70020 0.642806
4141.29980 0.642694
4142.00000 0.643104
4142.70020 0.641936
4143.29980 0.639995
4144.00000 0.641493
4144.70020 0.641728
4145.29980 0.640046
4146.00000 0.640508
4146.70020 0.639833
4147.29980 0.64026
4148.00000 0.639495
4148.70020 0.640889
4149.29980 0.641476
4150.00000 0.640505
4150.70020 0.639535
4151.29980 0.640088
4152.00000 0.637952
4152.70020 0.638978
4153.29980 0.63724
4154.00000 0.636468
4154.70020 0.637013
4155.29980 0.63491
4156.00000 0.634718
4156.70020 0.634601
4157.29980 0.633769
4158.00000 0.633566
4158.70020 0.632425
4159.29980 0.630488
4160.00000 0.628499
4160.70020 0.627705
4161.29980 0.625622
4162.00000 0.623329
4162.70020 0.621494
4163.29980 0.618853
4164.00000 0.616118
4164.70020 0.613915
4165.29980 0.611132
4166.00000 0.608345
4166.70020 0.604366
4167.29980 0.6009
4168.00000 0.596538
4168.70020 0.591836
4169.29980 0.586417
4170.00000 0.583619
4170.70020 0.578264
4171.29980 0.57293
4172.00000 0.567249
4172.70020 0.561857
4173.29980 0.556319
4174.00000 0.54748
4174.70020 0.53983
4175.29980 0.534229
4176.00000 0.525228
4176.70020 0.518012
4177.29980 0.510002
4178.00000 0.502627
4178.70020 0.493297
4179.29980 0.485901
4180.00000 0.476282
4180.70020 0.466308
4181.29980 0.455857
4182.00000 0.448918
4182.70020 0.43903
4183.29980 0.429426
4184.00000 0.42059
4184.70020 0.410261
4185.29980 0.399579
4186.00000 0.389976
4186.70020 0.379257
4187.29980 0.370118
4188.00000 0.360762
4188.70020 0.351009
4189.29980 0.341572
4190.00000 0.331454
4190.70020 0.321876
4191.29980 0.312059
4192.00000 0.302803
4192.70020 0.293105
4193.29980 0.28439
4194.00000 0.276439
4194.70020 0.267821
4195.29980 0.258616
4196.00000 0.249157
4196.70020 0.241356
4197.29980 0.232713
4198.00000 0.224037
4198.70020 0.216753
4199.29980 0.20935
4200.00000 0.202515
4200.70020 0.195531
4201.29980 0.188553
4202.00000 0.181686
4202.70020 0.175449
4203.29980 0.169002
4204.00000 0.163139
4204.70020 0.157
4205.29980 0.151284
4206.00000 0.145899
4206.70020 0.140387
4207.29980 0.13593
4208.00000 0.131027
4208.70020 0.125697
4209.29980 0.121407
4210.00000 0.116997
4210.70020 0.11289
4211.29980 0.109127
4212.00000 0.105386
4212.70020 0.101221
4213.29980 0.097415
4214.00000 0.093285
4214.70020 0.090308
4215.29980 0.087357
4216.00000 0.084338
4216.70020 0.081614
4217.29980 0.078792
4218.00000 0.076089
4218.70020 0.07335
4219.29980 0.070304
4220.00000 0.068205
4220.70020 0.065547
4221.29980 0.063891
4222.00000 0.060982
4222.70020 0.059743
4223.29980 0.056846
4224.00000 0.054851
4224.70020 0.053405
4225.29980 0.051289
4226.00000 0.050069
4226.70020 0.048182
4227.29980 0.046521
4228.00000 0.045085
4228.70020 0.043318
4229.29980 0.042057
4230.00000 0.040352
4230.70020 0.039236
4231.29980 0.037738
4232.00000 0.036866
4232.70020 0.035861
4233.29980 0.034389
4234.00000 0.033505
4234.70020 0.032366
4235.29980 0.030902
4236.00000 0.030327
4236.70020 0.029198
4237.29980 0.028555
4238.00000 0.027397
4238.70020 0.026628
4239.29980 0.025939
4240.00000 0.024937
4240.70020 0.024534
4241.29980 0.023595
4242.00000 0.022669
4242.70020 0.022117
4243.29980 0.021442
4244.00000 0.020678
4244.70020 0.019933
4245.29980 0.019406
4246.00000 0.018866
4246.70020 0.018376
4247.29980 0.017854
4248.00000 0.017442
4248.70020 0.016897
4249.29980 0.016488
4250.00000 0.016022
4250.70020 0.015507
4251.29980 0.014935
4252.00000 0.014719
4252.70020 0.0142
4253.29980 0.013886
4254.00000 0.013045
4254.70020 0.013247
4255.29980 0.012816
4256.00000 0.012545
4256.70020 0.011929
4257.29980 0.011554
4258.00000 0.011228
4258.70020 0.010734
4259.29980 0.01078
4260.00000 0.010802
4260.70020 0.01037
4261.29980 0.009915
4262.00000 0.009769
4262.70020 0.00945
4263.29980 0.009072
4264.00000 0.008838
4264.70020 0.008806
4265.29980 0.008757
4266.00000 0.008181
4266.70020 0.008157
4267.29980 0.007826
4268.00000 0.007872
4268.70020 0.00764
4269.29980 0.007385
4270.00000 0.007058
4270.70020 0.007053
4271.29980 0.006679
4272.00000 0.006706
4272.70020 0.006844
4273.29980 0.005998
4274.00000 0.006137
4274.70020 0.006205
4275.29980 0.006055
4276.00000 0.005897
4276.70020 0.00553
4277.29980 0.00545
4278.00000 0.005353
4278.70020 0.005187
4279.29980 0.005058
4280.00000 0.005054
4280.70020 0.005003
4281.29980 0.004976
4282.00000 0.004517
4282.70020 0.004458
4283.29980 0.004438
4284.00000 0.004368
4284.70020 0.004224
4285.29980 0.004022
4286.00000 0.004097
4286.70020 0.003955
4287.29980 0.004049
4288.00000 0.003616
4288.70020 0.003678
4289.29980 0.003509
4290.00000 0.003438
4290.70020 0.003599
4291.29980 0.003552
4292.00000 0.003426
4292.70020 0.003331
4293.29980 0.003305
4294.00000 0.003185
4294.70020 0.003208
4295.29980 0.002946
4296.00000 0.002823
4296.70020 0.00282
4297.29980 0.002797
4298.00000 0.002766
4298.70020 0.002509
4299.29980 0.00281
4300.00000 0.002553
4300.70020 0.002437
4301.29980 0.002623
4302.00000 0.002761
4302.70020 0.002759
4303.29980 0.002668
4304.00000 0.002947
4304.70020 0.002807
4305.29980 0.002554
4306.00000 0.002808
4310.00000 0.0018
4350.00000 0.0
