threeML/data/optical_filters/AAO/AAO-aao62.ecsv
# %ECSV 0.9
# ---
# datatype:
# - {name: wavelength, unit: Angstrom, datatype: float32}
# - {name: response, datatype: float32}
# meta: !!omap
# - {band_name: aao62}
# - {group_name: AAO}
wavelength response
[from data line 1610]
5604.50000 0.001173
5605.00000 0.001144
5605.50000 0.001116
5606.00000 0.001087
5606.50000 0.001058
5607.00000 0.001029
5607.50000 0.001
5608.00000 0.000971
5608.50000 0.000942
5609.00000 0.000913
5609.50000 0.000884
5610.00000 0.000855
5610.50000 0.000839
5611.00000 0.000823
5611.50000 0.000806
5612.00000 0.00079
5612.50000 0.000773
5613.00000 0.000757
5613.50000 0.000741
5614.00000 0.000724
5614.50000 0.000708
5615.00000 0.000691
5615.50000 0.000675
5616.00000 0.000659
5616.50000 0.000642
5617.00000 0.000626
5617.50000 0.00061
5618.00000 0.000593
5618.50000 0.000577
5619.00000 0.00056
5619.50000 0.000544
5620.00000 0.000528
5620.50000 0.000519
5621.00000 0.00051
5621.50000 0.000501
5622.00000 0.000492
5622.50000 0.000484
5623.00000 0.000475
5623.50000 0.000466
5624.00000 0.000457
5624.50000 0.000448
5625.00000 0.00044
5625.50000 0.000431
5626.00000 0.000422
5626.50000 0.000413
5627.00000 0.000404
5627.50000 0.000396
5628.00000 0.000387
5628.50000 0.000378
5629.00000 0.000369
5629.50000 0.00036
5630.00000 0.000351
5630.50000 0.000345
5631.00000 0.000339
5631.50000 0.000333
5632.00000 0.000327
5632.50000 0.000321
5633.00000 0.000314
5633.50000 0.000308
5634.00000 0.000302
5634.50000 0.000296
5635.00000 0.00029
5635.50000 0.000283
5636.00000 0.000277
5636.50000 0.000271
5637.00000 0.000265
5637.50000 0.000259
5638.00000 0.000253
5638.50000 0.000246
5639.00000 0.00024
5639.50000 0.000234
5640.00000 0.000228
5640.50000 0.000224
5641.00000 0.000221
5641.50000 0.000217
5642.00000 0.000213
5642.50000 0.00021
5643.00000 0.000206
5643.50000 0.000203
5644.00000 0.000199
5644.50000 0.000196
5645.00000 0.000192
5645.50000 0.000188
5646.00000 0.000185
5646.50000 0.000181
5647.00000 0.000178
5647.50000 0.000174
5648.00000 0.00017
5648.50000 0.000167
5649.00000 0.000163
5649.50000 0.00016
5650.00000 0.000156
5650.50000 0.000154
5651.00000 0.000152
5651.50000 0.00015
5652.00000 0.000148
5652.50000 0.000146
5653.00000 0.000143
5653.50000 0.000141
5654.00000 0.000139
5654.50000 0.000137
5655.00000 0.000135
5655.50000 0.000133
5656.00000 0.000131
5656.50000 0.000129
5657.00000 0.000127
5657.50000 0.000125
5658.00000 0.000123
5658.50000 0.000121
5659.00000 0.000119
5659.50000 0.000116
5660.00000 0.000114
5660.50000 0.000113
5661.00000 0.000112
5661.50000 0.00011
5662.00000 0.000109
5662.50000 0.000107
5663.00000 0.000106
5663.50000 0.000105
5664.00000 0.000103
5664.50000 0.000102
5665.00000 0.0001
5665.50000 9.9e-05
5666.00000 9.8e-05
5666.50000 9.6e-05
5667.00000 9.5e-05
5667.50000 9.4e-05
5668.00000 9.2e-05
5668.50000 9.1e-05
5669.00000 8.9e-05
5669.50000 8.8e-05
5670.00000 8.7e-05
5670.50000 8.5e-05
5671.00000 8.4e-05
5671.50000 8.3e-05
5672.00000 8.2e-05
5672.50000 8.1e-05
5673.00000 8e-05
5673.50000 7.9e-05
5674.00000 7.8e-05
5674.50000 7.6e-05
5675.00000 7.5e-05
5675.50000 7.4e-05
5676.00000 7.3e-05
5676.50000 7.2e-05
5677.00000 7.1e-05
5677.50000 7e-05
5678.00000 6.8e-05
5678.50000 6.7e-05
5679.00000 6.6e-05
5679.50000 6.5e-05
5680.00000 6.4e-05
5680.50000 6.3e-05
5681.00000 6.3e-05
5681.50000 6.2e-05
5682.00000 6.1e-05
5682.50000 6.1e-05
5683.00000 6e-05
5683.50000 6e-05
5684.00000 5.9e-05
5684.50000 5.8e-05
5685.00000 5.8e-05
5685.50000 5.7e-05
5686.00000 5.6e-05
5686.50000 5.6e-05
5687.00000 5.5e-05
5687.50000 5.4e-05
5688.00000 5.4e-05
5688.50000 5.3e-05
5689.00000 5.3e-05
5689.50000 5.2e-05
5690.00000 5.1e-05
5690.50000 5.1e-05
5691.00000 5e-05
5691.50000 4.9e-05
5692.00000 4.9e-05
5692.50000 4.8e-05
5693.00000 4.8e-05
5693.50000 4.7e-05
5694.00000 4.6e-05
5694.50000 4.6e-05
5695.00000 4.5e-05
5695.50000 4.5e-05
5696.00000 4.4e-05
5696.50000 4.3e-05
5697.00000 4.3e-05
5697.50000 4.2e-05
5698.00000 4.2e-05
5698.50000 4.1e-05
5699.00000 4e-05
5699.50000 4e-05
5700.00000 3.9e-05
6270.00000 0.0
