threeML/data/optical_filters/AAO/AAO-aao62.ecsv
# %ECSV 0.9
# ---
# datatype:
# - {name: wavelength, unit: Angstrom, datatype: float32}
# - {name: response, datatype: float32}
# meta: !!omap
# - {band_name: aao62}
# - {group_name: AAO}
wavelength response
4320.00000 0.0
4800.00000 0.00011
4800.50000 0.000111
4801.00000 0.000111
4801.50000 0.000112
4802.00000 0.000113
4802.50000 0.000113
4803.00000 0.000114
4803.50000 0.000115
4804.00000 0.000115
4804.50000 0.000116
4805.00000 0.000116
4805.50000 0.000117
4806.00000 0.000118
4806.50000 0.000118
4807.00000 0.000119
4807.50000 0.00012
4808.00000 0.00012
4808.50000 0.000121
4809.00000 0.000121
4809.50000 0.000122
4810.00000 0.000123
4810.50000 0.000124
4811.00000 0.000125
4811.50000 0.000126
4812.00000 0.000127
4812.50000 0.000128
4813.00000 0.000129
4813.50000 0.00013
4814.00000 0.000132
4814.50000 0.000133
4815.00000 0.000134
4815.50000 0.000135
4816.00000 0.000136
4816.50000 0.000137
4817.00000 0.000138
4817.50000 0.000139
4818.00000 0.00014
4818.50000 0.000142
4819.00000 0.000143
4819.50000 0.000144
4820.00000 0.000145
4820.50000 0.000146
4821.00000 0.000147
4821.50000 0.000148
4822.00000 0.000149
4822.50000 0.00015
4823.00000 0.000151
4823.50000 0.000152
4824.00000 0.000153
4824.50000 0.000153
4825.00000 0.000154
4825.50000 0.000155
4826.00000 0.000156
4826.50000 0.000157
4827.00000 0.000158
4827.50000 0.000159
4828.00000 0.00016
4828.50000 0.000161
4829.00000 0.000162
4829.50000 0.000163
4830.00000 0.000164
4830.50000 0.000166
4831.00000 0.000168
4831.50000 0.00017
4832.00000 0.000172
4832.50000 0.000174
4833.00000 0.000176
4833.50000 0.000178
4834.00000 0.00018
4834.50000 0.000182
4835.00000 0.000184
4835.50000 0.000186
4836.00000 0.000188
4836.50000 0.00019
4837.00000 0.000191
4837.50000 0.000193
4838.00000 0.000195
4838.50000 0.000197
4839.00000 0.000199
4839.50000 0.000201
4840.00000 0.000203
4840.50000 0.000205
4841.00000 0.000207
4841.50000 0.000209
4842.00000 0.000211
4842.50000 0.000213
4843.00000 0.000215
4843.50000 0.000217
4844.00000 0.000219
4844.50000 0.000221
4845.00000 0.000223
4845.50000 0.000225
4846.00000 0.000227
4846.50000 0.000229
4847.00000 0.000231
4847.50000 0.000233
4848.00000 0.000235
4848.50000 0.000237
4849.00000 0.000239
4849.50000 0.000241
4850.00000 0.000243
4850.50000 0.000247
4851.00000 0.00025
4851.50000 0.000254
4852.00000 0.000257
4852.50000 0.000261
4853.00000 0.000264
4853.50000 0.000268
4854.00000 0.000271
4854.50000 0.000275
4855.00000 0.000278
4855.50000 0.000282
4856.00000 0.000285
4856.50000 0.000289
4857.00000 0.000292
4857.50000 0.000296
4858.00000 0.000299
4858.50000 0.000303
4859.00000 0.000306
4859.50000 0.00031
4860.00000 0.000313
4860.50000 0.000319
4861.00000 0.000324
4861.50000 0.000329
4862.00000 0.000335
4862.50000 0.00034
4863.00000 0.000345
4863.50000 0.000351
4864.00000 0.000356
4864.50000 0.000362
4865.00000 0.000367
4865.50000 0.000372
4866.00000 0.000378
4866.50000 0.000383
4867.00000 0.000388
4867.50000 0.000394
4868.00000 0.000399
4868.50000 0.000405
4869.00000 0.00041
4869.50000 0.000415
4870.00000 0.000421
4870.50000 0.00043
4871.00000 0.000439
4871.50000 0.000448
4872.00000 0.000457
4872.50000 0.000466
4873.00000 0.000475
4873.50000 0.000484
4874.00000 0.000493
4874.50000 0.000502
4875.00000 0.000511
4875.50000 0.00052
4876.00000 0.000529
4876.50000 0.000538
4877.00000 0.000547
4877.50000 0.000556
4878.00000 0.000565
4878.50000 0.000574
4879.00000 0.000583
4879.50000 0.000592
4880.00000 0.000601
4880.50000 0.000616
4881.00000 0.000631
4881.50000 0.000645
4882.00000 0.00066
4882.50000 0.000675
4883.00000 0.00069
4883.50000 0.000705
4884.00000 0.00072
4884.50000 0.000735
4885.00000 0.00075
4885.50000 0.000764
4886.00000 0.000779
4886.50000 0.000794
4887.00000 0.000809
4887.50000 0.000824
4888.00000 0.000839
4888.50000 0.000854
4889.00000 0.000868
4889.50000 0.000883
4890.00000 0.000898
4890.50000 0.000923
4891.00000 0.000948
4891.50000 0.000973
4892.00000 0.000998
4892.50000 0.001023
4893.00000 0.001048
4893.50000 0.001073
4894.00000 0.001097
4894.50000 0.001122
4895.00000 0.001147
4895.50000 0.001172
4896.00000 0.001197
4896.50000 0.001222
4897.00000 0.001247
4897.50000 0.001272
4898.00000 0.001297
4898.50000 0.001322
4899.00000 0.001347
4899.50000 0.001371
4900.00000 0.001396
4900.50000 0.001443
4901.00000 0.00149
4901.50000 0.001537
4902.00000 0.001583
4902.50000 0.00163
4903.00000 0.001677
4903.50000 0.001723
4904.00000 0.00177
4904.50000 0.001817
4905.00000 0.001864
4905.50000 0.00191
4906.00000 0.001957
4906.50000 0.002004
4907.00000 0.002051
4907.50000 0.002097
4908.00000 0.002144
4908.50000 0.002191
4909.00000 0.002237
4909.50000 0.002284
4910.00000 0.002331
4910.50000 0.002422
4911.00000 0.002514
4911.50000 0.002605
4912.00000 0.002696
4912.50000 0.002788
4913.00000 0.002879
4913.50000 0.002971
4914.00000 0.003062
4914.50000 0.003153
4915.00000 0.003245
4915.50000 0.003336
4916.00000 0.003427
4916.50000 0.003519
4917.00000 0.00361
4917.50000 0.003702
4918.00000 0.003793
4918.50000 0.003884
4919.00000 0.003976
4919.50000 0.004067
4920.00000 0.004158
4920.50000 0.004359
4921.00000 0.004559
4921.50000 0.004759
4922.00000 0.00496
4922.50000 0.00516
4923.00000 0.00536
4923.50000 0.005561
4924.00000 0.005761
4924.50000 0.005961
4925.00000 0.006161
4925.50000 0.006362
4926.00000 0.006562
4926.50000 0.006762
4927.00000 0.006962
4927.50000 0.007163
4928.00000 0.007363
4928.50000 0.007563
4929.00000 0.007764
4929.50000 0.007964
4930.00000 0.008164
4930.50000 0.008659
4931.00000 0.009154
4931.50000 0.009649
4932.00000 0.010144
4932.50000 0.010639
4933.00000 0.011133
4933.50000 0.011628
4934.00000 0.012123
4934.50000 0.012618
4935.00000 0.013113
4935.50000 0.013608
4936.00000 0.014103
4936.50000 0.014598
4937.00000 0.015092
4937.50000 0.015587
4938.00000 0.016082
4938.50000 0.016577
4939.00000 0.017072
4939.50000 0.017567
4940.00000 0.018062
4940.50000 0.019356
4941.00000 0.020651
4941.50000 0.021945
4942.00000 0.023239
4942.50000 0.024534
4943.00000 0.025828
4943.50000 0.027123
4944.00000 0.028417
4944.50000 0.029711
4945.00000 0.031006
4945.50000 0.0323
4946.00000 0.033595
4946.50000 0.034889
4947.00000 0.036183
4947.50000 0.037478
4948.00000 0.038772
4948.50000 0.040067
4949.00000 0.041361
4949.50000 0.042655
4950.00000 0.04395
4950.50000 0.046746
4951.00000 0.049543
4951.50000 0.052339
4952.00000 0.055134
4952.50000 0.057931
4953.00000 0.060727
4953.50000 0.063524
4954.00000 0.06632
4954.50000 0.069115
4955.00000 0.071913
4955.50000 0.074708
4956.00000 0.077506
4956.50000 0.080301
4957.00000 0.083097
4957.50000 0.085894
4958.00000 0.08869
4958.50000 0.091487
4959.00000 0.094283
4959.50000 0.097078
4960.00000 0.099876
4960.50000 0.103197
4961.00000 0.10652
4961.50000 0.109841
4962.00000 0.113162
4962.50000 0.116485
4963.00000 0.119806
4963.50000 0.123129
4964.00000 0.12645
4964.50000 0.129771
4965.00000 0.133095
4965.50000 0.136416
4966.00000 0.139739
4966.50000 0.14306
4967.00000 0.146381
4967.50000 0.149704
4968.00000 0.153025
4968.50000 0.156348
4969.00000 0.159669
4969.50000 0.162991
4970.00000 0.166314
4970.50000 0.167697
4971.00000 0.169081
4971.50000 0.170464
4972.00000 0.171847
4972.50000 0.173231
4973.00000 0.174614
4973.50000 0.175998
4974.00000 0.177381
4974.50000 0.178765
4975.00000 0.180149
4975.50000 0.181532
4976.00000 0.182916
4976.50000 0.184299
4977.00000 0.185682
4977.50000 0.187066
4978.00000 0.188449
4978.50000 0.189833
4979.00000 0.191216
4979.50000 0.1926
4980.00000 0.193984
4980.50000 0.193421
4981.00000 0.192858
4981.50000 0.192296
4982.00000 0.191733
4982.50000 0.191171
4983.00000 0.190608
4983.50000 0.190045
4984.00000 0.189483
4984.50000 0.188921
4985.00000 0.188358
4985.50000 0.187795
4986.00000 0.187233
4986.50000 0.18667
4987.00000 0.186108
4987.50000 0.185545
4988.00000 0.184982
4988.50000 0.18442
4989.00000 0.183857
4989.50000 0.183295
4990.00000 0.182732
4990.50000 0.182222
4991.00000 0.181711
4991.50000 0.181201
4992.00000 0.18069
4992.50000 0.18018
4993.00000 0.179669
4993.50000 0.179159
4994.00000 0.178648
4994.50000 0.178138
4995.00000 0.177627
4995.50000 0.177117
4996.00000 0.176606
4996.50000 0.176096
4997.00000 0.175585
4997.50000 0.175075
4998.00000 0.174564
4998.50000 0.174054
4999.00000 0.173543
4999.50000 0.173033
5000.00000 0.172522
5000.50000 0.173104
5001.00000 0.173686
5001.50000 0.174268
5002.00000 0.17485
5002.50000 0.175432
5003.00000 0.176014
5003.50000 0.176596
5004.00000 0.177178
5004.50000 0.17776
5005.00000 0.178342
5005.50000 0.178924
5006.00000 0.179506
5006.50000 0.180088
5007.00000 0.18067
5007.50000 0.181252
5008.00000 0.181834
5008.50000 0.182416
5009.00000 0.182998
5009.50000 0.18358
5010.00000 0.184162
5010.50000 0.186142
5011.00000 0.188122
5011.50000 0.190102
5012.00000 0.192081
5012.50000 0.194061
5013.00000 0.196041
5013.50000 0.198021
5014.00000 0.200001
5014.50000 0.20198
5015.00000 0.20396
5015.50000 0.20594
5016.00000 0.20792
5016.50000 0.2099
5017.00000 0.211879
5017.50000 0.21386
5018.00000 0.215839
5018.50000 0.217819
5019.00000 0.219799
5019.50000 0.221778
5020.00000 0.223759
5020.50000 0.227661
5021.00000 0.231567
5021.50000 0.23547
5022.00000 0.239373
5022.50000 0.243278
5023.00000 0.247181
5023.50000 0.251086
5024.00000 0.254989
5024.50000 0.258892
5025.00000 0.262797
5025.50000 0.2667
5026.00000 0.270606
5026.50000 0.274508
5027.00000 0.278411
5027.50000 0.282317
5028.00000 0.28622
5028.50000 0.290125
5029.00000 0.294028
5029.50000 0.297931
5030.00000 0.301836
5030.50000 0.307962
5031.00000 0.314091
5031.50000 0.320217
5032.00000 0.326342
5032.50000 0.332472
5033.00000 0.338597
5033.50000 0.344727
5034.00000 0.350852
5034.50000 0.356978
5035.00000 0.363107
5035.50000 0.369233
5036.00000 0.375363
5036.50000 0.381488
5037.00000 0.387614
5037.50000 0.393743
5038.00000 0.399869
5038.50000 0.405998
5039.00000 0.412124
5039.50000 0.41825
5040.00000 0.424379
5040.50000 0.431266
5041.00000 0.438157
5041.50000 0.445043
5042.00000 0.45193
5042.50000 0.458821
5043.00000 0.465707
5043.50000 0.472598
5044.00000 0.479485
5044.50000 0.486372
5045.00000 0.493263
5045.50000 0.500149
5046.00000 0.50704
5046.50000 0.513927
5047.00000 0.520813
5047.50000 0.527704
5048.00000 0.534591
5048.50000 0.541482
5049.00000 0.548368
5049.50000 0.555255
5050.00000 0.562146
5050.50000 0.566381
5051.00000 0.570619
5051.50000 0.574853
5052.00000 0.579088
5052.50000 0.583326
5053.00000 0.587561
5053.50000 0.591798
5054.00000 0.596033
5054.50000 0.600268
5055.00000 0.604506
5055.50000 0.608741
5056.00000 0.612978
5056.50000 0.617213
5057.00000 0.621448
5057.50000 0.625686
5058.00000 0.629921
5058.50000 0.634158
5059.00000 0.638393
5059.50000 0.642628
5060.00000 0.646866
5060.50000 0.646377
5061.00000 0.645888
5061.50000 0.645399
5062.00000 0.644911
5062.50000 0.644422
5063.00000 0.643933
5063.50000 0.643444
5064.00000 0.642955
5064.50000 0.642467
5065.00000 0.641978
5065.50000 0.641489
5066.00000 0.641001
5066.50000 0.640512
5067.00000 0.640023
5067.50000 0.639534
5068.00000 0.639045
5068.50000 0.638557
5069.00000 0.638068
5069.50000 0.637579
5070.00000 0.63709
5070.50000 0.633443
5071.00000 0.629796
5071.50000 0.626146
5072.00000 0.622499
5072.50000 0.618849
5073.00000 0.615202
5073.50000 0.611555
5074.00000 0.607906
5074.50000 0.604258
5075.00000 0.600609
5075.50000 0.596962
5076.00000 0.593314
5076.50000 0.589665
5077.00000 0.586018
5077.50000 0.582368
5078.00000 0.578721
5078.50000 0.575074
5079.00000 0.571424
5079.50000 0.567777
5080.00000 0.564128
5080.50000 0.560368
5081.00000 0.556609
5081.50000 0.552848
5082.00000 0.549088
5082.50000 0.545327
5083.00000 0.541567
5083.50000 0.537808
5084.00000 0.534047
5084.50000 0.530287
5085.00000 0.526526
5085.50000 0.522766
5086.00000 0.519007
5086.50000 0.515246
5087.00000 0.511486
5087.50000 0.507725
5088.00000 0.503966
5088.50000 0.500206
5089.00000 0.496445
5089.50000 0.492685
5090.00000 0.488924
5090.50000 0.48655
5091.00000 0.484175
5091.50000 0.481799
5092.00000 0.479425
5092.50000 0.477049
5093.00000 0.474675
5093.50000 0.472301
5094.00000 0.469925
5094.50000 0.467551
5095.00000 0.465175
5095.50000 0.4628
5096.00000 0.460426
5096.50000 0.45805
5097.00000 0.455676
5097.50000 0.4533
5098.00000 0.450926
5098.50000 0.448551
5099.00000 0.446176
5099.50000 0.443801
5100.00000 0.441426
5100.50000 0.440439
5101.00000 0.439452
5101.50000 0.438465
5102.00000 0.437478
5102.50000 0.43649
5103.00000 0.435504
5103.50000 0.434517
5104.00000 0.433529
5104.50000 0.432542
5105.00000 0.431555
5105.50000 0.430568
5106.00000 0.429581
5106.50000 0.428594
5107.00000 0.427607
5107.50000 0.42662
5108.00000 0.425633
5108.50000 0.424646
5109.00000 0.423659
5109.50000 0.422672
5110.00000 0.421685
5110.50000 0.421995
5111.00000 0.422306
5111.50000 0.422617
5112.00000 0.422927
5112.50000 0.423238
5113.00000 0.423549
5113.50000 0.423859
5114.00000 0.42417
5114.50000 0.424481
5115.00000 0.424792
5115.50000 0.425102
5116.00000 0.425413
5116.50000 0.425724
5117.00000 0.426034
5117.50000 0.426345
5118.00000 0.426656
5118.50000 0.426966
5119.00000 0.427277
5119.50000 0.427588
5120.00000 0.427899
5120.50000 0.429286
5121.00000 0.430674
5121.50000 0.432061
5122.00000 0.433449
5122.50000 0.434838
5123.00000 0.436225
5123.50000 0.437613
5124.00000 0.439
5124.50000 0.440388
5125.00000 0.441777
5125.50000 0.443165
5126.00000 0.444552
5126.50000 0.44594
5127.00000 0.447327
5127.50000 0.448716
5128.00000 0.450104
5128.50000 0.451491
5129.00000 0.452879
5129.50000 0.454266
5130.00000 0.455656
5130.50000 0.457891
5131.00000 0.460126
5131.50000 0.462361
5132.00000 0.464596
5132.50000 0.466834
5133.00000 0.469069
5133.50000 0.471304
5134.00000 0.473539
5134.50000 0.475774
5135.00000 0.478012
5135.50000 0.480247
5136.00000 0.482482
5136.50000 0.484717
5137.00000 0.486952
5137.50000 0.48919
5138.00000 0.491425
5138.50000 0.49366
5139.00000 0.495895
5139.50000 0.49813
5140.00000 0.500368
5140.50000 0.503198
5141.00000 0.506028
5141.50000 0.508858
5142.00000 0.511688
5142.50000 0.514522
5143.00000 0.517352
5143.50000 0.520182
5144.00000 0.523012
5144.50000 0.525842
5145.00000 0.528676
5145.50000 0.531506
5146.00000 0.534336
5146.50000 0.537166
5147.00000 0.539996
5147.50000 0.542829
5148.00000 0.54566
5148.50000 0.54849
5149.00000 0.55132
5149.50000 0.55415
5150.00000 0.556983
5150.50000 0.559852
5151.00000 0.562721
5151.50000 0.56559
5152.00000 0.568459
5152.50000 0.571332
5153.00000 0.574201
5153.50000 0.57707
5154.00000 0.579939
5154.50000 0.582808
5155.00000 0.585681
5155.50000 0.58855
5156.00000 0.591419
5156.50000 0.594288
5157.00000 0.597157
5157.50000 0.600029
5158.00000 0.602898
5158.50000 0.605767
5159.00000 0.608636
5159.50000 0.611505
5160.00000 0.614378
5160.50000 0.616692
5161.00000 0.619007
5161.50000 0.621321
5162.00000 0.623636
5162.50000 0.625953
5163.00000 0.628268
5163.50000 0.630582
5164.00000 0.632897
5164.50000 0.635211
5165.00000 0.637528
5165.50000 0.639843
5166.00000 0.642157
5166.50000 0.644472
5167.00000 0.646786
5167.50000 0.649104
5168.00000 0.651418
5168.50000 0.653733
5169.00000 0.656047
5169.50000 0.658362
5170.00000 0.660679
5170.50000 0.661945
5171.00000 0.663212
5171.50000 0.664479
5172.00000 0.665745
5172.50000 0.667014
5173.00000 0.66828
5173.50000 0.669547
5174.00000 0.670814
5174.50000 0.67208
5175.00000 0.673348
5175.50000 0.674615
5176.00000 0.675882
5176.50000 0.677148
5177.00000 0.678415
5177.50000 0.679683
5178.00000 0.68095
5178.50000 0.682216
5179.00000 0.683483
5179.50000 0.68475
5180.00000 0.686018
5180.50000 0.686315
5181.00000 0.686612
5181.50000 0.686909
5182.00000 0.687207
5182.50000 0.687504
5183.00000 0.687802
5183.50000 0.688099
5184.00000 0.688396
5184.50000 0.688693
5185.00000 0.688991
5185.50000 0.689288
5186.00000 0.689586
5186.50000 0.689883
5187.00000 0.69018
5187.50000 0.690478
5188.00000 0.690775
5188.50000 0.691072
5189.00000 0.691369
5189.50000 0.691667
5190.00000 0.691964
5190.50000 0.691359
5191.00000 0.690753
5191.50000 0.690147
5192.00000 0.689541
5192.50000 0.688935
5193.00000 0.688329
5193.50000 0.687723
5194.00000 0.687117
5194.50000 0.686512
5195.00000 0.685905
5195.50000 0.685299
5196.00000 0.684693
5196.50000 0.684088
5197.00000 0.683482
5197.50000 0.682875
5198.00000 0.68227
5198.50000 0.681664
5199.00000 0.681058
5199.50000 0.680452
5200.00000 0.679846
5200.50000 0.678938
5201.00000 0.67803
