threeML/data/optical_filters/AAO/AAO-aao63.ecsv
# %ECSV 0.9
# ---
# datatype:
# - {name: wavelength, unit: Angstrom, datatype: float32}
# - {name: response, datatype: float32}
# meta: !!omap
# - {band_name: aao63}
# - {group_name: AAO}
wavelength response
[from data line 1613]
5356.00000 0.003462
5356.50000 0.003422
5357.00000 0.003382
5357.50000 0.003342
5358.00000 0.003302
5358.50000 0.003262
5359.00000 0.003221
5359.50000 0.003181
5360.00000 0.003141
5360.50000 0.003115
5361.00000 0.00309
5361.50000 0.003064
5362.00000 0.003038
5362.50000 0.003012
5363.00000 0.002986
5363.50000 0.002961
5364.00000 0.002935
5364.50000 0.002909
5365.00000 0.002883
5365.50000 0.002858
5366.00000 0.002832
5366.50000 0.002806
5367.00000 0.00278
5367.50000 0.002754
5368.00000 0.002729
5368.50000 0.002703
5369.00000 0.002677
5369.50000 0.002651
5370.00000 0.002626
5370.50000 0.002609
5371.00000 0.002592
5371.50000 0.002575
5372.00000 0.002558
5372.50000 0.002542
5373.00000 0.002525
5373.50000 0.002508
5374.00000 0.002491
5374.50000 0.002474
5375.00000 0.002458
5375.50000 0.002441
5376.00000 0.002424
5376.50000 0.002407
5377.00000 0.00239
5377.50000 0.002374
5378.00000 0.002357
5378.50000 0.00234
5379.00000 0.002323
5379.50000 0.002306
5380.00000 0.00229
5380.50000 0.002281
5381.00000 0.002273
5381.50000 0.002264
5382.00000 0.002256
5382.50000 0.002247
5383.00000 0.002239
5383.50000 0.002231
5384.00000 0.002222
5384.50000 0.002214
5385.00000 0.002205
5385.50000 0.002197
5386.00000 0.002188
5386.50000 0.00218
5387.00000 0.002172
5387.50000 0.002163
5388.00000 0.002155
5388.50000 0.002146
5389.00000 0.002138
5389.50000 0.002129
5390.00000 0.002121
5390.50000 0.002118
5391.00000 0.002116
5391.50000 0.002113
5392.00000 0.002111
5392.50000 0.002108
5393.00000 0.002105
5393.50000 0.002103
5394.00000 0.0021
5394.50000 0.002098
5395.00000 0.002095
5395.50000 0.002092
5396.00000 0.00209
5396.50000 0.002087
5397.00000 0.002085
5397.50000 0.002082
5398.00000 0.002079
5398.50000 0.002077
5399.00000 0.002074
5399.50000 0.002072
5400.00000 0.002069
5400.50000 0.002072
5401.00000 0.002075
5401.50000 0.002078
5402.00000 0.002081
5402.50000 0.002084
5403.00000 0.002086
5403.50000 0.002089
5404.00000 0.002092
5404.50000 0.002095
5405.00000 0.002098
5405.50000 0.002101
5406.00000 0.002104
5406.50000 0.002107
5407.00000 0.00211
5407.50000 0.002112
5408.00000 0.002115
5408.50000 0.002118
5409.00000 0.002121
5409.50000 0.002124
5410.00000 0.002127
5410.50000 0.002138
5411.00000 0.002149
5411.50000 0.00216
5412.00000 0.00217
5412.50000 0.002181
5413.00000 0.002192
5413.50000 0.002203
5414.00000 0.002214
5414.50000 0.002225
5415.00000 0.002236
5415.50000 0.002247
5416.00000 0.002257
5416.50000 0.002268
5417.00000 0.002279
5417.50000 0.00229
5418.00000 0.002301
5418.50000 0.002312
5419.00000 0.002323
5419.50000 0.002334
5420.00000 0.002345
5420.50000 0.002358
5421.00000 0.002372
5421.50000 0.002386
5422.00000 0.0024
5422.50000 0.002414
5423.00000 0.002428
5423.50000 0.002442
5424.00000 0.002455
5424.50000 0.002469
5425.00000 0.002483
5425.50000 0.002497
5426.00000 0.002511
5426.50000 0.002525
5427.00000 0.002539
5427.50000 0.002552
5428.00000 0.002566
5428.50000 0.00258
5429.00000 0.002594
5429.50000 0.002608
5430.00000 0.002622
5430.50000 0.002628
5431.00000 0.002635
5431.50000 0.002642
5432.00000 0.002649
5432.50000 0.002655
5433.00000 0.002662
5433.50000 0.002669
5434.00000 0.002676
5434.50000 0.002683
5435.00000 0.002689
5435.50000 0.002696
5436.00000 0.002703
5436.50000 0.00271
5437.00000 0.002716
5437.50000 0.002723
5438.00000 0.00273
5438.50000 0.002737
5439.00000 0.002743
5439.50000 0.00275
5440.00000 0.002757
5440.50000 0.002741
5441.00000 0.002725
5441.50000 0.002709
5442.00000 0.002693
5442.50000 0.002677
5443.00000 0.002662
5443.50000 0.002646
5444.00000 0.00263
5444.50000 0.002614
5445.00000 0.002598
5445.50000 0.002582
5446.00000 0.002566
5446.50000 0.00255
5447.00000 0.002535
5447.50000 0.002519
5448.00000 0.002503
5448.50000 0.002487
5449.00000 0.002471
5449.50000 0.002455
5450.00000 0.002439
5450.50000 0.002403
5451.00000 0.002368
5451.50000 0.002332
5452.00000 0.002296
5452.50000 0.00226
5453.00000 0.002224
5453.50000 0.002188
5454.00000 0.002153
5454.50000 0.002117
5455.00000 0.002081
5455.50000 0.002045
5456.00000 0.002009
5456.50000 0.001974
5457.00000 0.001938
5457.50000 0.001902
5458.00000 0.001866
5458.50000 0.00183
5459.00000 0.001794
5459.50000 0.001759
5460.00000 0.001723
5460.50000 0.001687
5461.00000 0.001652
5461.50000 0.001616
5462.00000 0.001581
5462.50000 0.001545
5463.00000 0.001509
5463.50000 0.001474
5464.00000 0.001438
5464.50000 0.001403
5465.00000 0.001367
5465.50000 0.001332
5466.00000 0.001296
5466.50000 0.00126
5467.00000 0.001225
5467.50000 0.001189
5468.00000 0.001154
5468.50000 0.001118
5469.00000 0.001083
5469.50000 0.001047
5470.00000 0.001011
5470.50000 0.000989
5471.00000 0.000966
5471.50000 0.000943
5472.00000 0.00092
5472.50000 0.000897
5473.00000 0.000874
5473.50000 0.000851
5474.00000 0.000828
5474.50000 0.000805
5475.00000 0.000782
5475.50000 0.000759
5476.00000 0.000736
5476.50000 0.000713
5477.00000 0.000691
5477.50000 0.000668
5478.00000 0.000645
5478.50000 0.000622
5479.00000 0.000599
5479.50000 0.000576
5480.00000 0.000553
5480.50000 0.00054
5481.00000 0.000528
5481.50000 0.000515
5482.00000 0.000503
5482.50000 0.00049
5483.00000 0.000478
5483.50000 0.000465
5484.00000 0.000452
5484.50000 0.00044
5485.00000 0.000427
5485.50000 0.000415
5486.00000 0.000402
5486.50000 0.00039
5487.00000 0.000377
5487.50000 0.000364
5488.00000 0.000352
5488.50000 0.000339
5489.00000 0.000327
5489.50000 0.000314
5490.00000 0.000302
5490.50000 0.000295
5491.00000 0.000289
5491.50000 0.000283
5492.00000 0.000276
5492.50000 0.00027
5493.00000 0.000264
5493.50000 0.000257
5494.00000 0.000251
5494.50000 0.000245
5495.00000 0.000239
5495.50000 0.000232
5496.00000 0.000226
5496.50000 0.00022
5497.00000 0.000213
5497.50000 0.000207
5498.00000 0.000201
5498.50000 0.000194
5499.00000 0.000188
5499.50000 0.000182
5500.00000 0.000175
6050.00000 0.0
