threeML/data/optical_filters/AAO/AAO-aao60.ecsv
# %ECSV 0.9
# ---
# datatype:
# - {name: wavelength, unit: Angstrom, datatype: float32}
# - {name: response, datatype: float32}
# meta: !!omap
# - {band_name: aao60}
# - {group_name: AAO}
wavelength response
4244.39990 0.0
4716.00000 0.000191
4716.50000 0.000196
4717.00000 0.000201
4717.50000 0.000206
4718.00000 0.000211
4718.50000 0.000216
4719.00000 0.000221
4719.50000 0.000226
4720.00000 0.000231
4720.50000 0.000236
4721.00000 0.000241
4721.50000 0.000246
4722.00000 0.000251
4722.50000 0.000257
4723.00000 0.000262
4723.50000 0.000267
4724.00000 0.000272
4724.50000 0.000277
4725.00000 0.000282
4725.50000 0.00029
4726.00000 0.000298
4726.50000 0.000306
4727.00000 0.000314
4727.50000 0.000322
4728.00000 0.000331
4728.50000 0.000339
4729.00000 0.000347
4729.50000 0.000355
4730.00000 0.000363
4730.50000 0.000373
4731.00000 0.000382
4731.50000 0.000392
4732.00000 0.000402
4732.50000 0.000412
4733.00000 0.000422
4733.50000 0.000431
4734.00000 0.000441
4734.50000 0.000451
4735.00000 0.000461
4735.50000 0.000473
4736.00000 0.000484
4736.50000 0.000496
4737.00000 0.000508
4737.50000 0.000519
4738.00000 0.000531
4738.50000 0.000543
4739.00000 0.000555
4739.50000 0.000566
4740.00000 0.000578
4740.50000 0.000593
4741.00000 0.000607
4741.50000 0.000622
4742.00000 0.000636
4742.50000 0.000651
4743.00000 0.000666
4743.50000 0.00068
4744.00000 0.000695
4744.50000 0.00071
4745.00000 0.000724
4745.50000 0.000745
4746.00000 0.000766
4746.50000 0.000788
4747.00000 0.000809
4747.50000 0.00083
4748.00000 0.000851
4748.50000 0.000872
4749.00000 0.000893
4749.50000 0.000914
4750.00000 0.000935
4750.50000 0.000962
4751.00000 0.000988
4751.50000 0.001015
4752.00000 0.001041
4752.50000 0.001068
4753.00000 0.001094
4753.50000 0.001121
4754.00000 0.001147
4754.50000 0.001174
4755.00000 0.0012
4755.50000 0.001233
4756.00000 0.001265
4756.50000 0.001298
4757.00000 0.00133
4757.50000 0.001363
4758.00000 0.001395
4758.50000 0.001427
4759.00000 0.00146
4759.50000 0.001492
4760.00000 0.001525
4760.50000 0.001569
4761.00000 0.001614
4761.50000 0.001658
4762.00000 0.001703
4762.50000 0.001747
4763.00000 0.001792
4763.50000 0.001836
4764.00000 0.001881
4764.50000 0.001926
4765.00000 0.00197
4765.50000 0.002025
4766.00000 0.00208
4766.50000 0.002136
4767.00000 0.002191
4767.50000 0.002246
4768.00000 0.002301
4768.50000 0.002356
4769.00000 0.002412
4769.50000 0.002467
4770.00000 0.002522
4770.50000 0.002597
4771.00000 0.002673
4771.50000 0.002749
4772.00000 0.002824
4772.50000 0.0029
4773.00000 0.002975
4773.50000 0.003051
4774.00000 0.003126
4774.50000 0.003202
4775.00000 0.003277
4775.50000 0.003382
4776.00000 0.003487
4776.50000 0.003592
4777.00000 0.003697
4777.50000 0.003802
4778.00000 0.003906
4778.50000 0.004011
4779.00000 0.004116
4779.50000 0.004221
4780.00000 0.004326
4780.50000 0.00447
4781.00000 0.004615
4781.50000 0.004759
4782.00000 0.004904
4782.50000 0.005048
4783.00000 0.005193
4783.50000 0.005337
4784.00000 0.005482
4784.50000 0.005626
4785.00000 0.005771
4785.50000 0.005981
4786.00000 0.006192
4786.50000 0.006402
4787.00000 0.006612
4787.50000 0.006823
4788.00000 0.007033
4788.50000 0.007244
4789.00000 0.007454
4789.50000 0.007665
4790.00000 0.007875
4790.50000 0.008191
4791.00000 0.008507
4791.50000 0.008823
4792.00000 0.009138
4792.50000 0.009454
4793.00000 0.00977
4793.50000 0.010086
4794.00000 0.010402
4794.50000 0.010718
4795.00000 0.011034
4795.50000 0.011513
4796.00000 0.011993
4796.50000 0.012473
4797.00000 0.012952
4797.50000 0.013432
4798.00000 0.013911
4798.50000 0.014391
4799.00000 0.014871
4799.50000 0.01535
4800.00000 0.01583
4800.50000 0.016576
4801.00000 0.017321
4801.50000 0.018067
4802.00000 0.018813
4802.50000 0.019559
4803.00000 0.020305
4803.50000 0.02105
4804.00000 0.021796
4804.50000 0.022542
4805.00000 0.023288
4805.50000 0.024544
4806.00000 0.025801
4806.50000 0.027057
4807.00000 0.028314
4807.50000 0.029571
4808.00000 0.030827
4808.50000 0.032083
4809.00000 0.03334
4809.50000 0.034596
4810.00000 0.035853
4810.50000 0.037929
4811.00000 0.040005
4811.50000 0.042082
4812.00000 0.044158
4812.50000 0.046236
4813.00000 0.048312
4813.50000 0.050388
4814.00000 0.052465
4814.50000 0.054541
4815.00000 0.056618
4815.50000 0.060146
4816.00000 0.063674
4816.50000 0.067204
4817.00000 0.070731
4817.50000 0.074261
4818.00000 0.077789
4818.50000 0.081317
4819.00000 0.084847
4819.50000 0.088375
4820.00000 0.091904
4820.50000 0.097443
4821.00000 0.102982
4821.50000 0.108525
4822.00000 0.114063
4822.50000 0.119606
4823.00000 0.125145
4823.50000 0.130684
4824.00000 0.136226
4824.50000 0.141765
4825.00000 0.147307
4825.50000 0.155496
4826.00000 0.163685
4826.50000 0.171879
4827.00000 0.180068
4827.50000 0.188263
4828.00000 0.196452
4828.50000 0.204641
4829.00000 0.212835
4829.50000 0.221024
4830.00000 0.229218
4830.50000 0.239434
4831.00000 0.249649
4831.50000 0.259871
4832.00000 0.270087
4832.50000 0.280309
4833.00000 0.290524
4833.50000 0.30074
4834.00000 0.310962
4834.50000 0.321177
4835.00000 0.331399
4835.50000 0.342252
4836.00000 0.353104
4836.50000 0.363963
4837.00000 0.374816
4837.50000 0.385675
4838.00000 0.396528
4838.50000 0.407381
4839.00000 0.41824
4839.50000 0.429092
4840.00000 0.439952
4840.50000 0.449615
4841.00000 0.459279
4841.50000 0.468948
4842.00000 0.478612
4842.50000 0.488281
4843.00000 0.497945
4843.50000 0.507608
4844.00000 0.517278
4844.50000 0.526942
4845.00000 0.536611
4845.50000 0.543535
4846.00000 0.550459
4846.50000 0.557388
4847.00000 0.564312
4847.50000 0.571241
4848.00000 0.578165
4848.50000 0.585089
4849.00000 0.592017
4849.50000 0.598941
4850.00000 0.60587
4850.50000 0.609825
4851.00000 0.613781
4851.50000 0.617738
4852.00000 0.621694
4852.50000 0.625651
4853.00000 0.629607
4853.50000 0.633562
4854.00000 0.63752
4854.50000 0.641475
4855.00000 0.645433
4855.50000 0.647279
4856.00000 0.649124
4856.50000 0.650971
4857.00000 0.652817
4857.50000 0.654664
4858.00000 0.656509
4858.50000 0.658355
4859.00000 0.660202
4859.50000 0.662048
4860.00000 0.663895
4860.50000 0.664439
4861.00000 0.664983
4861.50000 0.665527
4862.00000 0.666072
4862.50000 0.666616
4863.00000 0.66716
4863.50000 0.667704
4864.00000 0.668249
4864.50000 0.668793
4865.00000 0.669338
4865.50000 0.669364
4866.00000 0.66939
4866.50000 0.669416
4867.00000 0.669442
4867.50000 0.669468
4868.00000 0.669494
4868.50000 0.66952
4869.00000 0.669546
4869.50000 0.669572
4870.00000 0.669598
4870.50000 0.669912
4871.00000 0.670226
4871.50000 0.67054
4872.00000 0.670854
4872.50000 0.671169
4873.00000 0.671483
4873.50000 0.671797
4874.00000 0.672111
4874.50000 0.672426
4875.00000 0.67274
4875.50000 0.672969
4876.00000 0.673197
4876.50000 0.673426
4877.00000 0.673655
4877.50000 0.673884
4878.00000 0.674112
4878.50000 0.674341
4879.00000 0.67457
4879.50000 0.674799
4880.00000 0.675028
4880.50000 0.675164
4881.00000 0.675301
4881.50000 0.675437
4882.00000 0.675574
4882.50000 0.675711
4883.00000 0.675847
4883.50000 0.675984
4884.00000 0.67612
4884.50000 0.676257
4885.00000 0.676393
4885.50000 0.676526
4886.00000 0.676658
4886.50000 0.676791
4887.00000 0.676923
4887.50000 0.677056
4888.00000 0.677188
4888.50000 0.677321
4889.00000 0.677453
4889.50000 0.677586
4890.00000 0.677718
4890.50000 0.677645
4891.00000 0.677572
4891.50000 0.677498
4892.00000 0.677425
4892.50000 0.677351
4893.00000 0.677278
4893.50000 0.677204
4894.00000 0.677131
4894.50000 0.677057
4895.00000 0.676984
4895.50000 0.676679
4896.00000 0.676374
4896.50000 0.676069
4897.00000 0.675764
4897.50000 0.675459
4898.00000 0.675154
4898.50000 0.674849
4899.00000 0.674544
4899.50000 0.674239
4900.00000 0.673933
4900.50000 0.673749
4901.00000 0.673564
4901.50000 0.67338
4902.00000 0.673195
4902.50000 0.67301
4903.00000 0.672826
4903.50000 0.672641
4904.00000 0.672457
4904.50000 0.672272
4905.00000 0.672087
4905.50000 0.671592
4906.00000 0.671097
4906.50000 0.670602
4907.00000 0.670107
4907.50000 0.669612
4908.00000 0.669117
4908.50000 0.668622
4909.00000 0.668127
4909.50000 0.667632
4910.00000 0.667137
4910.50000 0.665598
4911.00000 0.664059
4911.50000 0.662519
4912.00000 0.66098
4912.50000 0.65944
4913.00000 0.657901
4913.50000 0.656362
4914.00000 0.654822
4914.50000 0.653283
4915.00000 0.651743
4915.50000 0.648678
4916.00000 0.645612
4916.50000 0.642545
4917.00000 0.63948
4917.50000 0.636413
4918.00000 0.633347
4918.50000 0.630282
4919.00000 0.627215
4919.50000 0.624149
4920.00000 0.621082
4920.50000 0.615407
4921.00000 0.609731
4921.50000 0.604052
4922.00000 0.598376
4922.50000 0.592697
4923.00000 0.587021
4923.50000 0.581346
4924.00000 0.575667
4924.50000 0.569991
4925.00000 0.564312
4925.50000 0.555832
4926.00000 0.547352
4926.50000 0.538867
4927.00000 0.530387
4927.50000 0.521902
4928.00000 0.513422
4928.50000 0.504943
4929.00000 0.496458
4929.50000 0.487978
4930.00000 0.479493
4930.50000 0.469432
4931.00000 0.45937
4931.50000 0.449303
4932.00000 0.439242
4932.50000 0.429175
4933.00000 0.419114
4933.50000 0.409052
4934.00000 0.398985
4934.50000 0.388924
4935.00000 0.378857
4935.50000 0.368481
4936.00000 0.358105
4936.50000 0.347723
4937.00000 0.337348
4937.50000 0.326966
4938.00000 0.31659
4938.50000 0.306214
4939.00000 0.295832
4939.50000 0.285457
4940.00000 0.275075
4940.50000 0.266195
4941.00000 0.257314
4941.50000 0.248429
4942.00000 0.239549
4942.50000 0.230663
4943.00000 0.221783
4943.50000 0.212903
4944.00000 0.204017
4944.50000 0.195137
4945.00000 0.186251
4945.50000 0.179443
4946.00000 0.172635
4946.50000 0.165822
4947.00000 0.159014
4947.50000 0.152202
4948.00000 0.145394
4948.50000 0.138586
4949.00000 0.131773
4949.50000 0.124965
4950.00000 0.118153
4950.50000 0.113627
4951.00000 0.109102
4951.50000 0.104573
4952.00000 0.100048
4952.50000 0.095519
4953.00000 0.090994
4953.50000 0.086468
4954.00000 0.08194
4954.50000 0.077415
4955.00000 0.072886
4955.50000 0.070046
4956.00000 0.067207
4956.50000 0.064365
4957.00000 0.061525
4957.50000 0.058684
4958.00000 0.055844
4958.50000 0.053004
4959.00000 0.050163
4959.50000 0.047323
4960.00000 0.044481
4960.50000 0.042798
4961.00000 0.041115
4961.50000 0.03943
4962.00000 0.037747
4962.50000 0.036062
4963.00000 0.034379
4963.50000 0.032696
4964.00000 0.031011
4964.50000 0.029328
4965.00000 0.027644
4965.50000 0.026643
4966.00000 0.025643
4966.50000 0.024641
4967.00000 0.023641
4967.50000 0.02264
4968.00000 0.021639
4968.50000 0.020639
4969.00000 0.019637
4969.50000 0.018637
4970.00000 0.017636
4970.50000 0.017031
4971.00000 0.016427
4971.50000 0.015822
4972.00000 0.015217
4972.50000 0.014613
4973.00000 0.014008
4973.50000 0.013404
4974.00000 0.012799
4974.50000 0.012195
4975.00000 0.01159
4975.50000 0.011209
4976.00000 0.010829
4976.50000 0.010448
4977.00000 0.010067
4977.50000 0.009687
4978.00000 0.009306
4978.50000 0.008925
4979.00000 0.008545
4979.50000 0.008164
4980.00000 0.007783
4980.50000 0.007551
4981.00000 0.007319
4981.50000 0.007087
4982.00000 0.006855
4982.50000 0.006623
4983.00000 0.006391
4983.50000 0.006159
4984.00000 0.005927
4984.50000 0.005695
4985.00000 0.005463
4985.50000 0.005305
4986.00000 0.005146
4986.50000 0.004988
4987.00000 0.004829
4987.50000 0.004671
4988.00000 0.004512
4988.50000 0.004354
4989.00000 0.004195
4989.50000 0.004037
4990.00000 0.003878
4990.50000 0.003775
4991.00000 0.003671
4991.50000 0.003567
4992.00000 0.003464
4992.50000 0.00336
4993.00000 0.003257
4993.50000 0.003153
4994.00000 0.00305
4994.50000 0.002946
4995.00000 0.002842
4995.50000 0.00277
4996.00000 0.002697
4996.50000 0.002625
4997.00000 0.002552
4997.50000 0.00248
4998.00000 0.002407
4998.50000 0.002335
4999.00000 0.002262
4999.50000 0.00219
5000.00000 0.002117
5000.50000 0.002068
5001.00000 0.002019
5001.50000 0.00197
5002.00000 0.001921
5002.50000 0.001872
5003.00000 0.001823
5003.50000 0.001774
5004.00000 0.001724
5004.50000 0.001675
5005.00000 0.001626
5005.50000 0.001589
5006.00000 0.001552
5006.50000 0.001515
5007.00000 0.001478
5007.50000 0.00144
5008.00000 0.001403
5008.50000 0.001366
5009.00000 0.001329
5009.50000 0.001292
5010.00000 0.001255
5010.50000 0.001227
5011.00000 0.001199
5011.50000 0.001171
5012.00000 0.001143
5012.50000 0.001115
5013.00000 0.001088
5013.50000 0.00106
5014.00000 0.001032
5014.50000 0.001004
5015.00000 0.000976
5015.50000 0.000956
5016.00000 0.000935
5016.50000 0.000915
5017.00000 0.000895
5017.50000 0.000874
5018.00000 0.000854
5018.50000 0.000833
5019.00000 0.000813
5019.50000 0.000792
5020.00000 0.000772
5020.50000 0.000757
5021.00000 0.000742
5021.50000 0.000728
5022.00000 0.000713
5022.50000 0.000698
5023.00000 0.000684
5023.50000 0.000669
5024.00000 0.000654
5024.50000 0.000639
5025.00000 0.000625
5025.50000 0.000614
5026.00000 0.000603
5026.50000 0.000593
5027.00000 0.000582
5027.50000 0.000572
5028.00000 0.000561
5028.50000 0.000551
5029.00000 0.00054
5029.50000 0.000529
5030.00000 0.000519
5030.50000 0.000509
5031.00000 0.000499
5031.50000 0.00049
5032.00000 0.00048
5032.50000 0.00047
5033.00000 0.00046
5033.50000 0.000451
5034.00000 0.000441
5034.50000 0.000431
5035.00000 0.000421
5035.50000 0.000414
5036.00000 0.000406
5036.50000 0.000399
5037.00000 0.000391
5037.50000 0.000384
5038.00000 0.000376
5038.50000 0.000369
5039.00000 0.000361
5039.50000 0.000353
5040.00000 0.000346
5040.50000 0.000339
5041.00000 0.000332
5041.50000 0.000326
5042.00000 0.000319
5042.50000 0.000312
5043.00000 0.000306
5043.50000 0.000299
5044.00000 0.000292
5044.50000 0.000286
5045.00000 0.000279
5045.50000 0.000274
5046.00000 0.00027
5046.50000 0.000265
5047.00000 0.00026
5047.50000 0.000255
5048.00000 0.000251
5048.50000 0.000246
5049.00000 0.000241
5049.50000 0.000237
5050.00000 0.000232
5050.50000 0.000228
5051.00000 0.000225
5051.50000 0.000221
5052.00000 0.000218
5052.50000 0.000214
5053.00000 0.000211
5053.50000 0.000207
5054.00000 0.000204
5054.50000 0.0002
5055.00000 0.000197
5560.50000 0.0
