threeML/data/optical_filters/ESO/GROND-J.ecsv
# %ECSV 0.9
# ---
# datatype:
# - {name: wavelength, unit: Angstrom, datatype: float64}
# - {name: response, datatype: float64}
# meta: !!omap
# - {band_name: J}
# - {group_name: GROND}
wavelength response
10410.00000 0.0
10420.00000 0.0001
10430.00000 0.0001
10440.00000 0.0001
10450.00000 0.0001
10460.00000 0.0001
10470.00000 0.0001
10480.00000 0.0001
10490.00000 0.0001
10500.00000 0.0001
10510.00000 0.0001
10520.00000 0.0002
10530.00000 0.0002
10540.00000 0.0002
10550.00000 0.0003
10560.00000 0.0003
10570.00000 0.0004
10580.00000 0.0005
10590.00000 0.0006
10600.00000 0.0008
10610.00000 0.001
10620.00000 0.0012
10630.00000 0.0014
10640.00000 0.0017
10650.00000 0.002
10660.00000 0.0025
10670.00000 0.0029
10680.00000 0.0035
10690.00000 0.0041
10700.00000 0.0048
10710.00000 0.0056
10720.00000 0.0065
10730.00000 0.0075
10740.00000 0.0087
10750.00000 0.01
10760.00000 0.0114
10770.00000 0.013
10780.00000 0.0148
10790.00000 0.0169
10800.00000 0.0191
10810.00000 0.0215
10820.00000 0.0244
10830.00000 0.0274
10840.00000 0.0307
10850.00000 0.0344
10860.00000 0.0383
10870.00000 0.0426
10880.00000 0.0472
10890.00000 0.0522
10900.00000 0.0576
10910.00000 0.0634
10920.00000 0.0695
10930.00000 0.0762
10940.00000 0.083
10950.00000 0.0901
10960.00000 0.0977
10970.00000 0.1056
10980.00000 0.1136
10990.00000 0.1219
11000.00000 0.1301
11010.00000 0.1381
11020.00000 0.1459
11030.00000 0.1532
11040.00000 0.1599
11050.00000 0.1657
11060.00000 0.1701
11070.00000 0.173
11080.00000 0.1736
11090.00000 0.172
11100.00000 0.1682
11110.00000 0.1626
11120.00000 0.1566
11130.00000 0.152
11140.00000 0.1519
11150.00000 0.1593
11160.00000 0.1761
11170.00000 0.201
11180.00000 0.2303
11190.00000 0.261
11200.00000 0.2901
11210.00000 0.3162
11220.00000 0.3386
11230.00000 0.3573
11240.00000 0.3733
11250.00000 0.3869
11260.00000 0.3978
11270.00000 0.4065
11280.00000 0.4141
11290.00000 0.4201
11300.00000 0.4247
11310.00000 0.4289
11320.00000 0.4323
11330.00000 0.4351
11340.00000 0.4376
11350.00000 0.4395
11360.00000 0.4407
11370.00000 0.4418
11380.00000 0.4426
11390.00000 0.443
11400.00000 0.4435
11410.00000 0.4433
11420.00000 0.4431
11430.00000 0.4428
11440.00000 0.4424
11450.00000 0.4421
11460.00000 0.442
11470.00000 0.4418
11480.00000 0.4417
11490.00000 0.4415
11500.00000 0.4415
11510.00000 0.4413
11520.00000 0.441
11530.00000 0.4412
11540.00000 0.4413
11550.00000 0.4416
11560.00000 0.4416
11570.00000 0.4417
11580.00000 0.4418
11590.00000 0.442
11600.00000 0.4426
11610.00000 0.443
11620.00000 0.4436
11630.00000 0.4441
11640.00000 0.4446
11650.00000 0.4454
11660.00000 0.4461
11670.00000 0.447
11680.00000 0.4478
11690.00000 0.4485
11700.00000 0.4495
11710.00000 0.4501
11720.00000 0.4509
11730.00000 0.4517
11740.00000 0.4526
11750.00000 0.4533
11760.00000 0.4542
11770.00000 0.4553
11780.00000 0.4562
11790.00000 0.4573
11800.00000 0.4583
11810.00000 0.4595
11820.00000 0.4605
11830.00000 0.4614
11840.00000 0.4623
11850.00000 0.4633
11860.00000 0.4643
11870.00000 0.4654
11880.00000 0.4663
11890.00000 0.467
11900.00000 0.4679
11910.00000 0.4691
11920.00000 0.4702
11930.00000 0.4713
11940.00000 0.4725
11950.00000 0.4735
11960.00000 0.4745
11970.00000 0.4758
11980.00000 0.477
11990.00000 0.4779
12000.00000 0.4789
12010.00000 0.4798
12020.00000 0.4806
12030.00000 0.4817
12040.00000 0.4825
12050.00000 0.4834
12060.00000 0.4843
12070.00000 0.4852
12080.00000 0.4862
12090.00000 0.487
12100.00000 0.4879
12110.00000 0.4885
12120.00000 0.4895
12130.00000 0.4903
12140.00000 0.4911
12150.00000 0.492
12160.00000 0.493
12170.00000 0.4939
12180.00000 0.4949
12190.00000 0.496
12200.00000 0.4971
12210.00000 0.4982
12220.00000 0.4991
12230.00000 0.5001
12240.00000 0.501
12250.00000 0.502
12260.00000 0.5032
12270.00000 0.5042
12280.00000 0.5051
12290.00000 0.5061
12300.00000 0.507
12310.00000 0.5076
12320.00000 0.5082
12330.00000 0.5087
12340.00000 0.5093
12350.00000 0.5097
12360.00000 0.5105
12370.00000 0.5115
12380.00000 0.5126
12390.00000 0.5135
12400.00000 0.5146
12410.00000 0.5151
12420.00000 0.5159
12430.00000 0.5166
12440.00000 0.5172
12450.00000 0.5177
12460.00000 0.5184
12470.00000 0.5193
12480.00000 0.5197
12490.00000 0.5202
12500.00000 0.5209
12510.00000 0.5217
12520.00000 0.5223
12530.00000 0.5228
12540.00000 0.5234
12550.00000 0.5239
12560.00000 0.5242
12570.00000 0.5244
12580.00000 0.5246
12590.00000 0.5252
12600.00000 0.5258
12610.00000 0.5264
12620.00000 0.5268
12630.00000 0.5274
12640.00000 0.5282
12650.00000 0.5288
12660.00000 0.5295
12670.00000 0.5306
12680.00000 0.5312
12690.00000 0.5319
12700.00000 0.5329
12710.00000 0.5328
12720.00000 0.5327
12730.00000 0.5328
12740.00000 0.533
12750.00000 0.5333
12760.00000 0.5337
12770.00000 0.5343
12780.00000 0.5346
12790.00000 0.5349
12800.00000 0.535
12810.00000 0.535
12820.00000 0.5353
12830.00000 0.5355
12840.00000 0.5359
12850.00000 0.5363
12860.00000 0.5365
12870.00000 0.5366
12880.00000 0.5367
12890.00000 0.5368
12900.00000 0.5367
12910.00000 0.5368
12920.00000 0.5369
12930.00000 0.5366
12940.00000 0.5361
12950.00000 0.5362
12960.00000 0.5359
12970.00000 0.5359
12980.00000 0.5356
12990.00000 0.5356
13000.00000 0.5352
13010.00000 0.5347
13020.00000 0.5344
13030.00000 0.5337
13040.00000 0.5328
13050.00000 0.5323
13060.00000 0.5321
13070.00000 0.5317
13080.00000 0.5316
13090.00000 0.5314
13100.00000 0.5312
13110.00000 0.531
13120.00000 0.5311
13130.00000 0.531
13140.00000 0.5311
13150.00000 0.5312
13160.00000 0.5316
13170.00000 0.5317
13180.00000 0.5321
13190.00000 0.5327
13200.00000 0.5332
13210.00000 0.5337
13220.00000 0.5344
13230.00000 0.5352
13240.00000 0.5359
13250.00000 0.5364
13260.00000 0.5368
13270.00000 0.5371
13280.00000 0.5373
13290.00000 0.5372
13300.00000 0.5371
13310.00000 0.5366
13320.00000 0.5361
13330.00000 0.535
13340.00000 0.5328
13350.00000 0.5307
13360.00000 0.5278
13370.00000 0.5236
13380.00000 0.5185
13390.00000 0.5126
13400.00000 0.5056
13410.00000 0.4974
13420.00000 0.4881
13430.00000 0.4775
13440.00000 0.466
13450.00000 0.4534
13460.00000 0.4395
13470.00000 0.4246
13480.00000 0.4085
13490.00000 0.3917
13500.00000 0.3743
13510.00000 0.3555
13520.00000 0.337
13530.00000 0.319
13540.00000 0.3007
13550.00000 0.2826
13560.00000 0.2656
13570.00000 0.248
13580.00000 0.2297
13590.00000 0.2132
13600.00000 0.1982
13610.00000 0.1837
13620.00000 0.1703
13630.00000 0.1577
13640.00000 0.1459
13650.00000 0.1352
13660.00000 0.1254
13670.00000 0.1159
13680.00000 0.107
13690.00000 0.0989
13700.00000 0.0915
13710.00000 0.0848
13720.00000 0.078
13730.00000 0.0716
13740.00000 0.0658
13750.00000 0.061
13760.00000 0.0568
13770.00000 0.053
13780.00000 0.0492
13790.00000 0.0454
13800.00000 0.0418
13810.00000 0.039
13820.00000 0.0367
13830.00000 0.0342
13840.00000 0.0316
13850.00000 0.0292
13860.00000 0.027
13870.00000 0.025
13880.00000 0.0234
13890.00000 0.0226
13900.00000 0.0215
13910.00000 0.0197
13920.00000 0.0177
13930.00000 0.0166
13940.00000 0.0164
13950.00000 0.0157
13960.00000 0.0142
13970.00000 0.013
13980.00000 0.0124
13990.00000 0.0118
14000.00000 0.0111
14010.00000 0.0105
14020.00000 0.0101
14030.00000 0.01
14040.00000 0.0094
14050.00000 0.0084
14060.00000 0.0075
14070.00000 0.0074
14080.00000 0.0074
14090.00000 0.0071
14100.00000 0.0064
14110.00000 0.006
14120.00000 0.0059
14130.00000 0.0058
14140.00000 0.0056
14150.00000 0.0051
14160.00000 0.0047
14170.00000 0.0045
14180.00000 0.0042
14190.00000 0.004
14200.00000 0.0039
14210.00000 0.0037
14220.00000 0.0036
14230.00000 0.0035
14240.00000 0.0035
14250.00000 0.0034
14260.00000 0.0034
14270.00000 0.0032
14280.00000 0.0031
14290.00000 0.0028
14300.00000 0.0025
14310.00000 0.0024
14320.00000 0.0024
14330.00000 0.0022
14340.00000 0.0021
14350.00000 0.0021
14360.00000 0.0021
14370.00000 0.0021
14380.00000 0.0022
14390.00000 0.0021
14400.00000 0.0018
14410.00000 0.0016
14420.00000 0.0016
14430.00000 0.0016
14440.00000 0.0016
14450.00000 0.0015
14460.00000 0.0014
14470.00000 0.0014
14480.00000 0.0015
14490.00000 0.0015
14500.00000 0.0015
14510.00000 0.0015
14520.00000 0.0015
14530.00000 0.0014
14540.00000 0.0011
14550.00000 0.001
14560.00000 0.0011
14570.00000 0.0011
14580.00000 0.0011
14590.00000 0.0011
14600.00000 0.0011
14610.00000 0.0008
14620.00000 0.0008
14630.00000 0.0008
14640.00000 0.0009
14650.00000 0.0007
14660.00000 0.0008
14670.00000 0.0007
14680.00000 0.0006
14690.00000 0.0005
14700.00000 0.0005
14710.00000 0.0005
14720.00000 0.0006
14730.00000 0.0006
14740.00000 0.0006
14750.00000 0.0006
14760.00000 0.0006
14770.00000 0.0007
14780.00000 0.0007
14790.00000 0.0007
14800.00000 0.0007
14810.00000 0.0006
14820.00000 0.0005
14830.00000 0.0004
14840.00000 0.0004
14850.00000 0.0004
14860.00000 0.0004
14870.00000 0.0004
14880.00000 0.0005
14890.00000 0.0005
14900.00000 0.0005
14910.00000 0.0005
14920.00000 0.0004
14930.00000 0.0003
14940.00000 0.0002
14950.00000 0.0002
14960.00000 0.0002
14970.00000 0.0002
14980.00000 0.0002
14990.00000 0.0003
15000.00000 0.0003
15010.00000 0.0003
15020.00000 0.0003
15030.00000 0.0003
15040.00000 0.0002
15050.00000 0.0001
15060.00000 0.0001
15070.00000 0.0001
15080.00000 0.0001
15090.00000 0.0001
15100.00000 0.0001
15110.00000 0.0001
15120.00000 0.0001
15130.00000 0.0001
15140.00000 0.0001
15150.00000 0.0001
15160.00000 0.0
15170.00000 0.0
15180.00000 0.0
15190.00000 0.0
15200.00000 0.0
15210.00000 0.0
15220.00000 0.0
15230.00000 0.0
15240.00000 0.0
15250.00000 0.0
15260.00000 0.0
15270.00000 0.0
15280.00000 0.0
15290.00000 0.0
15300.00000 0.0
15310.00000 0.0
15320.00000 0.0
15330.00000 0.0
15340.00000 0.0
15350.00000 0.0
15360.00000 0.0
15370.00000 0.0
15380.00000 0.0
15390.00000 0.0
15400.00000 0.0
15410.00000 0.0
15420.00000 0.0
15430.00000 0.0
15440.00000 0.0
15450.00000 0.0
15460.00000 0.0
15470.00000 0.0
15480.00000 0.0
15490.00000 0.0
15500.00000 0.0
15510.00000 0.0
15520.00000 0.0
15530.00000 0.0
15540.00000 0.0
15550.00000 0.0
15560.00000 0.0
15570.00000 0.0
15580.00000 0.0
15590.00000 0.0
15600.00000 0.0
15610.00000 0.0
15620.00000 0.0
15630.00000 0.0
15640.00000 0.0
15650.00000 0.0
15660.00000 0.0
15670.00000 0.0
15680.00000 0.0
15690.00000 0.0
15700.00000 0.0
15710.00000 0.0
15720.00000 0.0
15730.00000 0.0
15740.00000 0.0
15750.00000 0.0
15760.00000 0.0
15770.00000 0.0
15780.00000 0.0
15790.00000 0.0
15800.00000 0.0
15810.00000 0.0
15820.00000 0.0
15830.00000 0.0
15840.00000 0.0
15850.00000 0.0
15860.00000 0.0
15870.00000 0.0
15880.00000 0.0
15890.00000 0.0
15900.00000 0.0
15910.00000 0.0
15920.00000 0.0
15930.00000 0.0
15940.00000 0.0
15950.00000 0.0
15960.00000 0.0
15970.00000 0.0
15980.00000 0.0
15990.00000 0.0
16000.00000 0.0
16010.00000 0.0
16020.00000 0.0
16030.00000 0.0
16040.00000 0.0
16050.00000 0.0
16060.00000 0.0
16070.00000 0.0
16080.00000 0.0
16090.00000 0.0
16100.00000 0.0
16110.00000 0.0
16120.00000 0.0
16130.00000 0.0
16140.00000 0.0
16150.00000 0.0
16160.00000 0.0
16170.00000 0.0
16180.00000 0.0
16190.00000 0.0
16200.00000 0.0
16210.00000 0.0
16220.00000 0.0
16230.00000 0.0
16240.00000 0.0
16250.00000 0.0
16260.00000 0.0
16270.00000 0.0
16280.00000 0.0
16290.00000 0.0
16300.00000 0.0
16310.00000 0.0
16320.00000 0.0
16330.00000 0.0
16340.00000 0.0
16350.00000 0.0
16360.00000 0.0
16370.00000 0.0
16380.00000 0.0
16390.00000 0.0
16400.00000 0.0
16410.00000 0.0
16420.00000 0.0
16430.00000 0.0
16440.00000 0.0
16450.00000 0.0
16460.00000 0.0
16470.00000 0.0
16480.00000 0.0
16490.00000 0.0
16500.00000 0.0
16510.00000 0.0
16520.00000 0.0
16530.00000 0.0
16540.00000 0.0
16550.00000 0.0
16560.00000 0.0
16570.00000 0.0
16580.00000 0.0
16590.00000 0.0
16600.00000 0.0
16610.00000 0.0
16620.00000 0.0
16630.00000 0.0
16640.00000 0.0
16650.00000 0.0
16660.00000 0.0
16670.00000 0.0
16680.00000 0.0
16690.00000 0.0
16700.00000 0.0
16710.00000 0.0
16720.00000 0.0
16730.00000 0.0
16740.00000 0.0
16750.00000 0.0
16760.00000 0.0
16770.00000 0.0
16780.00000 0.0
16790.00000 0.0
16800.00000 0.0
16810.00000 0.0
16820.00000 0.0
16830.00000 0.0
16840.00000 0.0
16850.00000 0.0
16860.00000 0.0
16870.00000 0.0
16880.00000 0.0
16890.00000 0.0
16900.00000 0.0
16910.00000 0.0
16920.00000 0.0
16930.00000 0.0
16940.00000 0.0
16950.00000 0.0
16960.00000 0.0
16970.00000 0.0
16980.00000 0.0
16990.00000 0.0
17000.00000 0.0
17010.00000 0.0
17020.00000 0.0
17030.00000 0.0
17040.00000 0.0
17050.00000 0.0
17060.00000 0.0
17070.00000 0.0
17080.00000 0.0
17090.00000 0.0
17100.00000 0.0
17110.00000 0.0
17120.00000 0.0
17130.00000 0.0
17140.00000 0.0
17150.00000 0.0
17160.00000 0.0
17170.00000 0.0
17180.00000 0.0
17190.00000 0.0
17200.00000 0.0
17210.00000 0.0
17220.00000 0.0
17230.00000 0.0
17240.00000 0.0
17250.00000 0.0
17260.00000 0.0
17270.00000 0.0
17280.00000 0.0
17290.00000 0.0
17300.00000 0.0
17310.00000 0.0
17320.00000 0.0
17330.00000 0.0
17340.00000 0.0
17350.00000 0.0
17360.00000 0.0
17370.00000 0.0
17380.00000 0.0
17390.00000 0.0
17400.00000 0.0
17410.00000 0.0
17420.00000 0.0
17430.00000 0.0
17440.00000 0.0
17450.00000 0.0
17460.00000 0.0
17470.00000 0.0
17480.00000 0.0
17490.00000 0.0
17500.00000 0.0
17510.00000 0.0
17520.00000 0.0
17530.00000 0.0
17540.00000 0.0
17550.00000 0.0
17560.00000 0.0
17570.00000 0.0
17580.00000 0.0
17590.00000 0.0
17600.00000 0.0
17610.00000 0.0
17620.00000 0.0001
17630.00000 0.0001
17640.00000 0.0001
17650.00000 0.0001
17660.00000 0.0001
17670.00000 0.0001
17680.00000 0.0001
17690.00000 0.0001
17700.00000 0.0001
17710.00000 0.0001
17720.00000 0.0001
17730.00000 0.0001
17740.00000 0.0001
17750.00000 0.0001
17760.00000 0.0001
17770.00000 0.0001
17780.00000 0.0001
17790.00000 0.0001
17800.00000 0.0001
17810.00000 0.0001
17820.00000 0.0001
17830.00000 0.0001
17840.00000 0.0002
17850.00000 0.0002
17860.00000 0.0002
17870.00000 0.0002
17880.00000 0.0002
17890.00000 0.0002
17900.00000 0.0002
17910.00000 0.0002
17920.00000 0.0002
17930.00000 0.0003
17940.00000 0.0003
17950.00000 0.0003
17960.00000 0.0003
17970.00000 0.0003
17980.00000 0.0003
17990.00000 0.0004
18000.00000 0.0004
18010.00000 0.0004
18020.00000 0.0004
18030.00000 0.0005
18040.00000 0.0005
18050.00000 0.0005
18060.00000 0.0006
18070.00000 0.0006
18080.00000 0.0007
18090.00000 0.0007
18100.00000 0.0008
18110.00000 0.0008
18120.00000 0.0009
18130.00000 0.001
18140.00000 0.0011
18150.00000 0.0011
18160.00000 0.0012
18170.00000 0.0013
18180.00000 0.0014
18190.00000 0.0015
18200.00000 0.0017
18210.00000 0.0019
18220.00000 0.0021
18230.00000 0.0022
18240.00000 0.0023
18250.00000 0.0024
18260.00000 0.0026
18270.00000 0.0028
18280.00000 0.003
18290.00000 0.0032
18300.00000 0.0034
18310.00000 0.0036
18320.00000 0.0037
18330.00000 0.0038
18340.00000 0.0039
18350.00000 0.0038
18360.00000 0.0036
18370.00000 0.0036
18380.00000 0.0037
18390.00000 0.0037
18400.00000 0.0034
18410.00000 0.0032
18420.00000 0.0032
18430.00000 0.003
18440.00000 0.0028
18450.00000 0.0027
18460.00000 0.0026
18470.00000 0.0025
18480.00000 0.0023
18490.00000 0.0022
18500.00000 0.0021
18510.00000 0.0019
18520.00000 0.0018
18530.00000 0.0016
18540.00000 0.0016
18550.00000 0.0015
18560.00000 0.0014
18570.00000 0.0014
18580.00000 0.0014
18590.00000 0.0013
18600.00000 0.0012
18610.00000 0.0011
18620.00000 0.0011
18630.00000 0.001
18640.00000 0.001
18650.00000 0.001
18660.00000 0.001
18670.00000 0.001
18680.00000 0.0009
18690.00000 0.0009
18700.00000 0.0008
18710.00000 0.0008
18720.00000 0.0008
18730.00000 0.0008
18740.00000 0.0008
18750.00000 0.0008
18760.00000 0.0007
18770.00000 0.0008
18780.00000 0.0008
18790.00000 0.0007
18800.00000 0.0007
18810.00000 0.0007
18820.00000 0.0007
18830.00000 0.0007
18840.00000 0.0007
18850.00000 0.0007
18860.00000 0.0007
18870.00000 0.0007
18880.00000 0.0008
18890.00000 0.0007
18900.00000 0.0007
18910.00000 0.0007
18920.00000 0.0007
18930.00000 0.0007
18940.00000 0.0008
18950.00000 0.0007
18960.00000 0.0007
18970.00000 0.0009
18980.00000 0.0008
18990.00000 0.0008
19000.00000 0.0007
19010.00000 0.0007
19020.00000 0.0007
19030.00000 0.0007
19040.00000 0.0008
19050.00000 0.0008
19060.00000 0.0008
19070.00000 0.0009
19080.00000 0.0009
19090.00000 0.0008
19100.00000 0.0008
19110.00000 0.0008
19120.00000 0.0008
19130.00000 0.0008
19140.00000 0.0007
19150.00000 0.0008
19160.00000 0.0008
19170.00000 0.0008
19180.00000 0.0009
19190.00000 0.001
19200.00000 0.0011
19210.00000 0.0011
19220.00000 0.0011
19230.00000 0.0011
19240.00000 0.0011
