threeML/data/optical_filters/ESO/GROND-K.ecsv
# %ECSV 0.9
# ---
# datatype:
# - {name: wavelength, unit: Angstrom, datatype: float64}
# - {name: response, datatype: float64}
# meta: !!omap
# - {band_name: K}
# - {group_name: GROND}
wavelength response
10000.00000 0.0
10010.00000 0.0002
10020.00000 0.0002
10030.00000 0.0002
10040.00000 0.0002
10050.00000 0.0002
10060.00000 0.0002
10070.00000 0.0002
10080.00000 0.0002
10090.00000 0.0002
10100.00000 0.0002
10110.00000 0.0002
10120.00000 0.0002
10130.00000 0.0002
10140.00000 0.0002
10150.00000 0.0002
10160.00000 0.0002
10170.00000 0.0002
10180.00000 0.0002
10190.00000 0.0002
10200.00000 0.0002
10210.00000 0.0002
10220.00000 0.0002
10230.00000 0.0003
10240.00000 0.0003
10250.00000 0.0003
10260.00000 0.0003
10270.00000 0.0003
10280.00000 0.0004
10290.00000 0.0004
10300.00000 0.0004
10310.00000 0.0005
10320.00000 0.0005
10330.00000 0.0006
10340.00000 0.0007
10350.00000 0.0008
10360.00000 0.0009
10370.00000 0.001
10380.00000 0.0011
10390.00000 0.0013
10400.00000 0.0015
10410.00000 0.0018
10420.00000 0.0021
10430.00000 0.0025
10440.00000 0.0029
10450.00000 0.0034
10460.00000 0.004
10470.00000 0.0048
10480.00000 0.0056
10490.00000 0.0065
10500.00000 0.0076
10510.00000 0.0087
10520.00000 0.01
10530.00000 0.0114
10540.00000 0.0127
10550.00000 0.0141
10560.00000 0.0156
10570.00000 0.017
10580.00000 0.0183
10590.00000 0.0195
10600.00000 0.0207
10610.00000 0.0217
10620.00000 0.0227
10630.00000 0.0235
10640.00000 0.0242
10650.00000 0.0248
10660.00000 0.0253
10670.00000 0.0256
10680.00000 0.0257
10690.00000 0.0258
10700.00000 0.0258
10710.00000 0.0256
10720.00000 0.0254
10730.00000 0.0251
10740.00000 0.0247
10750.00000 0.0243
10760.00000 0.0238
10770.00000 0.0234
10780.00000 0.0229
10790.00000 0.0225
10800.00000 0.0221
10810.00000 0.0217
10820.00000 0.0213
10830.00000 0.0211
10840.00000 0.0208
10850.00000 0.0206
10860.00000 0.0205
10870.00000 0.0205
10880.00000 0.0206
10890.00000 0.0207
10900.00000 0.0209
10910.00000 0.0212
10920.00000 0.0216
10930.00000 0.0221
10940.00000 0.0227
10950.00000 0.0234
10960.00000 0.0243
10970.00000 0.0254
10980.00000 0.0267
10990.00000 0.0282
11000.00000 0.03
11010.00000 0.0321
11020.00000 0.0346
11030.00000 0.0375
11040.00000 0.041
11050.00000 0.0452
11060.00000 0.0503
11070.00000 0.0564
11080.00000 0.0634
11090.00000 0.0718
11100.00000 0.0812
11110.00000 0.0912
11120.00000 0.101
11130.00000 0.1092
11140.00000 0.1142
11150.00000 0.1145
11160.00000 0.1092
11170.00000 0.0993
11180.00000 0.087
11190.00000 0.0741
11200.00000 0.0619
11210.00000 0.0511
11220.00000 0.0423
11230.00000 0.0351
11240.00000 0.0293
11250.00000 0.0245
11260.00000 0.0207
11270.00000 0.0176
11280.00000 0.0151
11290.00000 0.0131
11300.00000 0.0114
11310.00000 0.0101
11320.00000 0.009
11330.00000 0.008
11340.00000 0.0071
11350.00000 0.0063
11360.00000 0.0057
11370.00000 0.0051
11380.00000 0.0046
11390.00000 0.0042
11400.00000 0.0038
11410.00000 0.0035
11420.00000 0.0032
11430.00000 0.003
11440.00000 0.0027
11450.00000 0.0025
11460.00000 0.0023
11470.00000 0.0021
11480.00000 0.0019
11490.00000 0.0018
11500.00000 0.0017
11510.00000 0.0017
11520.00000 0.0015
11530.00000 0.0013
11540.00000 0.0011
11550.00000 0.0009
11560.00000 0.001
11570.00000 0.001
11580.00000 0.001
11590.00000 0.0009
11600.00000 0.0008
11610.00000 0.0008
11620.00000 0.0007
11630.00000 0.0007
11640.00000 0.0006
11650.00000 0.0005
11660.00000 0.0005
11670.00000 0.0004
11680.00000 0.0004
11690.00000 0.0004
11700.00000 0.0003
11710.00000 0.0003
11720.00000 0.0002
11730.00000 0.0002
11740.00000 0.0002
11750.00000 0.0002
11760.00000 0.0002
11770.00000 0.0002
11780.00000 0.0002
11790.00000 0.0002
11800.00000 0.0001
11810.00000 0.0001
11820.00000 0.0001
11830.00000 0.0
11840.00000 0.0
11850.00000 0.0
11860.00000 0.0
11870.00000 0.0
11880.00000 0.0
11890.00000 0.0002
11900.00000 0.0002
11910.00000 0.0002
11920.00000 0.0002
11930.00000 0.0002
11940.00000 0.0002
11950.00000 0.0002
11960.00000 0.0002
11970.00000 0.0002
11980.00000 0.0002
11990.00000 0.0002
12000.00000 0.0002
12010.00000 0.0002
12020.00000 0.0001
12030.00000 0.0001
12040.00000 0.0001
12050.00000 0.0001
12060.00000 0.0001
12070.00000 0.0001
12080.00000 0.0001
12090.00000 0.0001
12100.00000 0.0001
12110.00000 0.0001
12120.00000 0.0001
12130.00000 0.0001
12140.00000 0.0001
12150.00000 0.0001
12160.00000 0.0001
12170.00000 0.0001
12180.00000 0.0001
12190.00000 0.0001
12200.00000 0.0001
12210.00000 0.0001
12220.00000 0.0001
12230.00000 0.0001
12240.00000 0.0001
12250.00000 0.0001
12260.00000 0.0001
12270.00000 0.0001
12280.00000 0.0001
12290.00000 0.0001
12300.00000 0.0001
12310.00000 0.0001
12320.00000 0.0001
12330.00000 0.0002
12340.00000 0.0002
12350.00000 0.0002
12360.00000 0.0002
12370.00000 0.0003
12380.00000 0.0002
12390.00000 0.0002
12400.00000 0.0001
12410.00000 0.0
12420.00000 0.0
12430.00000 0.0
12440.00000 0.0
12450.00000 0.0
12460.00000 0.0
12470.00000 0.0
12480.00000 0.0
12490.00000 0.0
12500.00000 0.0001
12510.00000 0.0
12520.00000 0.0001
12530.00000 0.0001
12540.00000 0.0001
12550.00000 0.0001
12560.00000 0.0001
12570.00000 0.0001
12580.00000 0.0001
12590.00000 0.0001
12600.00000 0.0001
12610.00000 0.0
12620.00000 0.0
12630.00000 0.0
12640.00000 0.0
12650.00000 0.0
12660.00000 0.0
12670.00000 0.0
12680.00000 0.0
12690.00000 0.0001
12700.00000 0.0001
12710.00000 0.0001
12720.00000 0.0001
12730.00000 0.0001
12740.00000 0.0001
12750.00000 0.0001
12760.00000 0.0
12770.00000 0.0
12780.00000 0.0
12790.00000 0.0
12800.00000 0.0001
12810.00000 0.0002
12820.00000 0.0002
12830.00000 0.0002
12840.00000 0.0001
12850.00000 0.0
12860.00000 0.0
12870.00000 0.0
12880.00000 0.0001
12890.00000 0.0
12900.00000 0.0001
12910.00000 0.0001
12920.00000 0.0001
12930.00000 0.0001
12940.00000 0.0001
12950.00000 0.0001
12960.00000 0.0001
12970.00000 0.0001
12980.00000 0.0
12990.00000 0.0
13000.00000 0.0
13010.00000 0.0001
13020.00000 0.0
13030.00000 0.0
13040.00000 0.0001
13050.00000 0.0001
13060.00000 0.0001
13070.00000 0.0001
13080.00000 0.0001
13090.00000 0.0001
13100.00000 0.0001
13110.00000 0.0001
13120.00000 0.0001
13130.00000 0.0001
13140.00000 0.0001
13150.00000 0.0001
13160.00000 0.0002
13170.00000 0.0002
13180.00000 0.0002
13190.00000 0.0002
13200.00000 0.0002
13210.00000 0.0002
13220.00000 0.0002
13230.00000 0.0002
13240.00000 0.0001
13250.00000 0.0001
13260.00000 0.0001
13270.00000 0.0001
13280.00000 0.0001
13290.00000 0.0001
13300.00000 0.0001
13310.00000 0.0001
13320.00000 0.0001
13330.00000 0.0001
13340.00000 0.0002
13350.00000 0.0002
13360.00000 0.0001
13370.00000 0.0001
13380.00000 0.0001
13390.00000 0.0001
13400.00000 0.0001
13410.00000 0.0001
13420.00000 0.0001
13430.00000 0.0001
13440.00000 0.0001
13450.00000 0.0001
13460.00000 0.0001
13470.00000 0.0001
13480.00000 0.0001
13490.00000 0.0
13500.00000 0.0
13510.00000 0.0
13520.00000 0.0001
13530.00000 0.0002
13540.00000 0.0002
13550.00000 0.0001
13560.00000 0.0
13570.00000 0.0
13580.00000 0.0
13590.00000 0.0001
13600.00000 0.0002
13610.00000 0.0002
13620.00000 0.0002
13630.00000 0.0002
13640.00000 0.0001
13650.00000 0.0001
13660.00000 0.0001
13670.00000 0.0001
13680.00000 0.0002
13690.00000 0.0003
13700.00000 0.0003
13710.00000 0.0003
13720.00000 0.0004
13730.00000 0.0005
13740.00000 0.0005
13750.00000 0.0003
13760.00000 0.0
13770.00000 0.0
13780.00000 0.0
13790.00000 0.0002
13800.00000 0.0005
13810.00000 0.0007
13820.00000 0.0007
13830.00000 0.0006
13840.00000 0.0006
13850.00000 0.0007
13860.00000 0.0009
13870.00000 0.0009
13880.00000 0.0007
13890.00000 0.0006
13900.00000 0.0004
13910.00000 0.0004
13920.00000 0.0007
13930.00000 0.0011
13940.00000 0.0011
13950.00000 0.0007
13960.00000 0.0005
13970.00000 0.0006
13980.00000 0.0009
13990.00000 0.0009
14000.00000 0.0007
14010.00000 0.0006
14020.00000 0.0006
14030.00000 0.0007
14040.00000 0.0006
14050.00000 0.0006
14060.00000 0.0006
14070.00000 0.0006
14080.00000 0.0005
14090.00000 0.0004
14100.00000 0.0004
14110.00000 0.0004
14120.00000 0.0004
14130.00000 0.0004
14140.00000 0.0003
14150.00000 0.0003
14160.00000 0.0004
14170.00000 0.0004
14180.00000 0.0003
14190.00000 0.0003
14200.00000 0.0003
14210.00000 0.0003
14220.00000 0.0003
14230.00000 0.0003
14240.00000 0.0003
14250.00000 0.0003
14260.00000 0.0003
14270.00000 0.0003
14280.00000 0.0003
14290.00000 0.0003
14300.00000 0.0003
14310.00000 0.0003
14320.00000 0.0003
14330.00000 0.0003
14340.00000 0.0003
14350.00000 0.0003
14360.00000 0.0003
14370.00000 0.0003
14380.00000 0.0004
14390.00000 0.0004
14400.00000 0.0004
14410.00000 0.0004
14420.00000 0.0004
14430.00000 0.0005
14440.00000 0.0005
14450.00000 0.0005
14460.00000 0.0006
14470.00000 0.0007
14480.00000 0.0007
14490.00000 0.0008
14500.00000 0.0009
14510.00000 0.001
14520.00000 0.0012
14530.00000 0.0013
14540.00000 0.0015
14550.00000 0.0018
14560.00000 0.002
14570.00000 0.0024
14580.00000 0.0028
14590.00000 0.0033
14600.00000 0.004
14610.00000 0.0048
14620.00000 0.0059
14630.00000 0.0072
14640.00000 0.0088
14650.00000 0.0109
14660.00000 0.0134
14670.00000 0.0164
14680.00000 0.0202
14690.00000 0.0243
14700.00000 0.0287
14710.00000 0.0329
14720.00000 0.0365
14730.00000 0.039
14740.00000 0.0401
14750.00000 0.0397
14760.00000 0.0375
14770.00000 0.034
14780.00000 0.0298
14790.00000 0.0252
14800.00000 0.0208
14810.00000 0.0168
14820.00000 0.0135
14830.00000 0.0107
14840.00000 0.0085
14850.00000 0.0068
14860.00000 0.0054
14870.00000 0.0044
14880.00000 0.0035
14890.00000 0.0029
14900.00000 0.0024
14910.00000 0.002
14920.00000 0.0016
14930.00000 0.0014
14940.00000 0.0012
14950.00000 0.001
14960.00000 0.0008
14970.00000 0.0007
14980.00000 0.0006
14990.00000 0.0005
15000.00000 0.0005
15010.00000 0.0004
15020.00000 0.0004
15030.00000 0.0003
15040.00000 0.0003
15050.00000 0.0002
15060.00000 0.0002
15070.00000 0.0002
15080.00000 0.0002
15090.00000 0.0002
15100.00000 0.0001
15110.00000 0.0001
15120.00000 0.0001
15130.00000 0.0001
15140.00000 0.0001
15150.00000 0.0001
15160.00000 0.0001
15170.00000 0.0001
15180.00000 0.0001
15190.00000 0.0001
15200.00000 0.0
15210.00000 0.0
15220.00000 0.0
15230.00000 0.0
15240.00000 0.0
15250.00000 0.0
15260.00000 0.0
15270.00000 0.0
15280.00000 0.0
15290.00000 0.0
15300.00000 0.0
15310.00000 0.0
15320.00000 0.0
15330.00000 0.0
15340.00000 0.0
15350.00000 0.0
15360.00000 0.0
15370.00000 0.0
15380.00000 0.0
15390.00000 0.0
15400.00000 0.0
15410.00000 0.0
15420.00000 0.0
15430.00000 0.0
15440.00000 0.0
15450.00000 0.0
15460.00000 0.0
15470.00000 0.0
15480.00000 0.0
15490.00000 0.0
15500.00000 0.0
15510.00000 0.0
15520.00000 0.0
15530.00000 0.0
15540.00000 0.0
15550.00000 0.0
15560.00000 0.0
15570.00000 0.0
15580.00000 0.0
15590.00000 0.0
15600.00000 0.0
15610.00000 0.0
15620.00000 0.0
15630.00000 0.0
15640.00000 0.0
15650.00000 0.0
15660.00000 0.0
15670.00000 0.0
15680.00000 0.0
15690.00000 0.0
15700.00000 0.0
15710.00000 0.0
15720.00000 0.0
15730.00000 0.0
15740.00000 0.0
15750.00000 0.0
15760.00000 0.0
15770.00000 0.0
15780.00000 0.0
15790.00000 0.0
15800.00000 0.0
15810.00000 0.0
15820.00000 0.0
15830.00000 0.0
15840.00000 0.0
15850.00000 0.0
15860.00000 0.0
15870.00000 0.0
15880.00000 0.0
15890.00000 0.0
15900.00000 0.0
15910.00000 0.0
15920.00000 0.0
15930.00000 0.0
15940.00000 0.0
15950.00000 0.0
15960.00000 0.0
15970.00000 0.0
15980.00000 0.0
15990.00000 0.0
16000.00000 0.0
16010.00000 0.0
16020.00000 0.0
16030.00000 0.0
16040.00000 0.0
16050.00000 0.0
16060.00000 0.0
16070.00000 0.0
16080.00000 0.0
16090.00000 0.0
16100.00000 0.0
16110.00000 0.0
16120.00000 0.0
16130.00000 0.0
16140.00000 0.0
16150.00000 0.0
16160.00000 0.0
16170.00000 0.0
16180.00000 0.0
16190.00000 0.0
16200.00000 0.0
16210.00000 0.0
16220.00000 0.0
16230.00000 0.0
16240.00000 0.0
16250.00000 0.0
16260.00000 0.0
16270.00000 0.0
16280.00000 0.0
16290.00000 0.0
16300.00000 0.0
16310.00000 0.0
16320.00000 0.0
16330.00000 0.0
16340.00000 0.0
16350.00000 0.0
16360.00000 0.0
16370.00000 0.0
16380.00000 0.0
16390.00000 0.0
16400.00000 0.0
16410.00000 0.0
16420.00000 0.0
16430.00000 0.0
16440.00000 0.0
16450.00000 0.0
16460.00000 0.0
16470.00000 0.0
16480.00000 0.0
16490.00000 0.0
16500.00000 0.0
16510.00000 0.0
16520.00000 0.0
16530.00000 0.0
16540.00000 0.0
16550.00000 0.0
16560.00000 0.0
16570.00000 0.0
16580.00000 0.0
16590.00000 0.0
16600.00000 0.0
16610.00000 0.0
16620.00000 0.0
16630.00000 0.0
16640.00000 0.0
16650.00000 0.0
16660.00000 0.0
16670.00000 0.0
16680.00000 0.0
16690.00000 0.0
16700.00000 0.0
16710.00000 0.0
16720.00000 0.0
16730.00000 0.0
16740.00000 0.0
16750.00000 0.0
16760.00000 0.0
16770.00000 0.0
16780.00000 0.0
16790.00000 0.0
16800.00000 0.0
16810.00000 0.0
16820.00000 0.0
16830.00000 0.0
16840.00000 0.0
16850.00000 0.0
16860.00000 0.0
16870.00000 0.0
16880.00000 0.0
16890.00000 0.0
16900.00000 0.0
16910.00000 0.0
16920.00000 0.0
16930.00000 0.0
16940.00000 0.0
16950.00000 0.0
16960.00000 0.0
16970.00000 0.0
16980.00000 0.0
16990.00000 0.0
17000.00000 0.0
17010.00000 0.0
17020.00000 0.0
17030.00000 0.0
17040.00000 0.0
17050.00000 0.0
17060.00000 0.0
17070.00000 0.0
17080.00000 0.0
17090.00000 0.0
17100.00000 0.0
17110.00000 0.0
17120.00000 0.0
17130.00000 0.0
17140.00000 0.0
17150.00000 0.0
17160.00000 0.0
17170.00000 0.0
17180.00000 0.0
17190.00000 0.0
17200.00000 0.0
17210.00000 0.0
17220.00000 0.0
17230.00000 0.0
17240.00000 0.0
17250.00000 0.0
17260.00000 0.0
17270.00000 0.0
17280.00000 0.0
17290.00000 0.0
17300.00000 0.0
17310.00000 0.0
17320.00000 0.0
17330.00000 0.0
17340.00000 0.0
17350.00000 0.0
17360.00000 0.0
17370.00000 0.0
17380.00000 0.0
17390.00000 0.0
17400.00000 0.0
17410.00000 0.0
17420.00000 0.0
17430.00000 0.0
17440.00000 0.0
17450.00000 0.0
17460.00000 0.0
17470.00000 0.0
17480.00000 0.0
17490.00000 0.0
17500.00000 0.0
17510.00000 0.0
17520.00000 0.0
17530.00000 0.0
17540.00000 0.0
17550.00000 0.0
17560.00000 0.0
17570.00000 0.0
17580.00000 0.0
17590.00000 0.0
17600.00000 0.0
17610.00000 0.0
17620.00000 0.0
17630.00000 0.0
17640.00000 0.0
17650.00000 0.0
17660.00000 0.0
17670.00000 0.0
17680.00000 0.0
17690.00000 0.0
17700.00000 0.0
17710.00000 0.0
17720.00000 0.0
17730.00000 0.0
17740.00000 0.0
17750.00000 0.0
17760.00000 0.0
17770.00000 0.0
17780.00000 0.0
17790.00000 0.0
17800.00000 0.0
17810.00000 0.0
17820.00000 0.0
17830.00000 0.0
17840.00000 0.0
17850.00000 0.0
17860.00000 0.0
17870.00000 0.0
17880.00000 0.0
17890.00000 0.0
17900.00000 0.0
17910.00000 0.0
17920.00000 0.0
17930.00000 0.0
17940.00000 0.0
17950.00000 0.0
17960.00000 0.0
17970.00000 0.0
17980.00000 0.0
17990.00000 0.0
18000.00000 0.0
18010.00000 0.0
18020.00000 0.0
18030.00000 0.0
18040.00000 0.0
18050.00000 0.0
18060.00000 0.0
18070.00000 0.0
18080.00000 0.0
18090.00000 0.0
18100.00000 0.0
18110.00000 0.0
18120.00000 0.0
18130.00000 0.0
18140.00000 0.0
18150.00000 0.0
18160.00000 0.0
18170.00000 0.0
18180.00000 0.0
18190.00000 0.0
18200.00000 0.0
18210.00000 0.0
18220.00000 0.0
18230.00000 0.0
18240.00000 0.0
18250.00000 0.0
18260.00000 0.0
18270.00000 0.0
18280.00000 0.0
18290.00000 0.0
18300.00000 0.0
18310.00000 0.0
18320.00000 0.0
18330.00000 0.0
18340.00000 0.0
18350.00000 0.0
18360.00000 0.0
18370.00000 0.0
18380.00000 0.0
18390.00000 0.0
18400.00000 0.0
18410.00000 0.0
18420.00000 0.0
18430.00000 0.0
18440.00000 0.0
18450.00000 0.0
18460.00000 0.0
18470.00000 0.0
18480.00000 0.0
18490.00000 0.0
18500.00000 0.0
18510.00000 0.0
18520.00000 0.0
18530.00000 0.0
18540.00000 0.0
18550.00000 0.0
18560.00000 0.0
18570.00000 0.0
18580.00000 0.0
18590.00000 0.0
18600.00000 0.0
18610.00000 0.0
18620.00000 0.0
18630.00000 0.0
18640.00000 0.0
18650.00000 0.0
18660.00000 0.0
18670.00000 0.0
18680.00000 0.0
18690.00000 0.0
18700.00000 0.0
18710.00000 0.0
18720.00000 0.0
18730.00000 0.0
18740.00000 0.0
18750.00000 0.0
18760.00000 0.0
18770.00000 0.0
18780.00000 0.0
18790.00000 0.0
18800.00000 0.0
18810.00000 0.0
18820.00000 0.0
18830.00000 0.0
18840.00000 0.0
18850.00000 0.0
18860.00000 0.0
18870.00000 0.0
18880.00000 0.0
18890.00000 0.0
18900.00000 0.0
18910.00000 0.0
18920.00000 0.0
18930.00000 0.0001
18940.00000 0.0001
18950.00000 0.0001
18960.00000 0.0001
18970.00000 0.0001
18980.00000 0.0001
18990.00000 0.0001
19000.00000 0.0001
19010.00000 0.0001
19020.00000 0.0001
19030.00000 0.0001
19040.00000 0.0001
19050.00000 0.0001
19060.00000 0.0001
19070.00000 0.0001
19080.00000 0.0002
