threeML/data/optical_filters/ESO/GROND-i.ecsv
# %ECSV 0.9
# ---
# datatype:
# - {name: wavelength, unit: Angstrom, datatype: float64}
# - {name: response, datatype: float64}
# meta: !!omap
# - {band_name: i}
# - {group_name: GROND}
wavelength response
3820.00000 0.0
3830.00000 5e-05
3840.00000 0.00021
3850.00000 0.0008
3860.00000 0.0017
3870.00000 0.00195
3880.00000 0.00118
3890.00000 0.00035
3900.00000 6e-05
3910.00000 0.0
3920.00000 0.0
3930.00000 4e-05
3940.00000 0.00027
3950.00000 0.0007
3960.00000 0.00116
3970.00000 0.00123
3980.00000 0.00066
3990.00000 0.00012
4000.00000 0.0
4010.00000 0.0
4020.00000 0.0
4030.00000 0.0
4040.00000 0.0
4050.00000 0.0
4060.00000 0.0
4070.00000 0.0
4080.00000 0.0
4090.00000 0.0
4100.00000 0.0
4110.00000 0.0
4120.00000 0.0
4130.00000 0.0
4140.00000 0.0
4150.00000 0.0
4160.00000 0.0
4170.00000 0.0
4180.00000 0.0
4190.00000 0.0
4200.00000 0.0
4210.00000 0.0
4220.00000 0.0
4230.00000 0.0
4240.00000 0.0
4250.00000 0.0
4260.00000 0.0
4270.00000 0.0
4280.00000 0.0
4290.00000 0.0
4300.00000 0.0
4310.00000 0.0
4320.00000 0.0
4330.00000 0.0
4340.00000 0.0
4350.00000 0.0
4360.00000 0.0
4370.00000 0.0
4380.00000 0.0
4390.00000 0.0
4400.00000 0.0
4410.00000 0.0
4420.00000 0.0
4430.00000 0.0
4440.00000 0.0
4450.00000 0.0
4460.00000 0.0
4470.00000 0.0
4480.00000 0.0
4490.00000 0.0
4500.00000 0.0
4510.00000 0.0
4520.00000 0.0
4530.00000 0.0
4540.00000 0.0
4550.00000 0.0
4560.00000 0.0
4570.00000 0.0
4580.00000 0.0
4590.00000 0.0
4600.00000 0.0
4610.00000 0.0
4620.00000 0.0
4630.00000 0.0
4640.00000 0.0
4650.00000 0.0
4660.00000 0.0
4670.00000 0.0
4680.00000 0.0
4690.00000 0.0
4700.00000 0.0
4710.00000 0.0
4720.00000 0.0
4730.00000 0.0
4740.00000 0.0
4750.00000 0.0
4760.00000 0.0
4770.00000 0.0
4780.00000 0.0
4790.00000 0.0
4800.00000 0.0
4810.00000 0.0
4820.00000 0.0
4830.00000 0.0
4840.00000 0.0
4850.00000 0.0
4860.00000 0.0
4870.00000 0.0
4880.00000 0.0
4890.00000 0.0
4900.00000 0.0
4910.00000 0.0
4920.00000 0.0
4930.00000 0.0
4940.00000 0.0
4950.00000 0.0
4960.00000 0.0
4970.00000 0.0
4980.00000 0.0
4990.00000 0.0
5000.00000 0.0
5010.00000 0.0
5020.00000 0.0
5030.00000 0.0
5040.00000 0.0
5050.00000 0.0
5060.00000 0.0
5070.00000 0.0
5080.00000 0.0
5090.00000 0.0
5100.00000 0.0
5110.00000 0.0
5120.00000 0.0
5130.00000 0.0
5140.00000 0.0
5150.00000 0.0
5160.00000 0.0
5170.00000 0.0
5180.00000 0.0
5190.00000 0.0
5200.00000 0.0
5210.00000 0.0
5220.00000 0.0
5230.00000 0.0
5240.00000 0.0
5250.00000 0.0
5260.00000 0.0
5270.00000 0.0
5280.00000 0.0
5290.00000 0.0
5300.00000 0.0
5310.00000 0.0
5320.00000 0.0
5330.00000 0.0
5340.00000 0.0
5350.00000 0.0
5360.00000 0.0
5370.00000 0.0
5380.00000 0.0
5390.00000 0.0
5400.00000 0.0
5410.00000 0.0
5420.00000 0.0
5430.00000 0.0
5440.00000 0.0
5450.00000 0.0
5460.00000 0.0
5470.00000 0.0
5480.00000 0.0
5490.00000 0.0
5500.00000 0.0
5510.00000 0.0
5520.00000 0.0
5530.00000 0.0
5540.00000 0.0
5550.00000 0.0
5560.00000 0.0
5570.00000 0.0
5580.00000 0.0
5590.00000 0.0
5600.00000 0.0
5610.00000 0.0
5620.00000 0.0
5630.00000 0.0
5640.00000 0.0
5650.00000 0.0
5660.00000 0.0
5670.00000 0.0
5680.00000 0.0
5690.00000 0.0
5700.00000 0.0
5710.00000 0.0
5720.00000 0.0
5730.00000 0.0
5740.00000 0.0
5750.00000 0.0
5760.00000 0.0
5770.00000 0.0
5780.00000 0.0
5790.00000 0.0
5800.00000 0.0
5810.00000 0.0
5820.00000 0.0
5830.00000 0.0
5840.00000 0.0
5850.00000 0.0
5860.00000 0.0
5870.00000 0.0
5880.00000 0.0
5890.00000 0.0
5900.00000 0.0
5910.00000 0.0
5920.00000 0.0
5930.00000 0.0
5940.00000 0.0
5950.00000 0.0
5960.00000 0.0
5970.00000 0.0
5980.00000 0.0
5990.00000 0.0
6000.00000 0.0
6010.00000 0.0
6020.00000 0.0
6030.00000 0.0
6040.00000 0.0
6050.00000 0.0
6060.00000 0.0
6070.00000 0.0
6080.00000 0.0
6090.00000 0.0
6100.00000 0.0
6110.00000 0.0
6120.00000 0.0
6130.00000 0.0
6140.00000 0.0
6150.00000 0.0
6160.00000 0.0
6170.00000 0.0
6180.00000 0.0
6190.00000 0.0
6200.00000 0.0
6210.00000 0.0
6220.00000 0.0
6230.00000 0.0
6240.00000 0.0
6250.00000 0.0
6260.00000 0.0
6270.00000 0.0
6280.00000 0.0
6290.00000 0.0
6300.00000 0.0
6310.00000 0.0
6320.00000 0.0
6330.00000 0.0
6340.00000 0.0
6350.00000 0.0
6360.00000 0.0
6370.00000 0.0
6380.00000 0.0
6390.00000 0.0
6400.00000 0.0
6410.00000 0.0
6420.00000 0.0
6430.00000 0.0
6440.00000 0.0
6450.00000 0.0
6460.00000 0.0
6470.00000 0.0
6480.00000 0.0
6490.00000 0.0
6500.00000 0.0
6510.00000 0.0
6520.00000 0.0
6530.00000 0.0
6540.00000 0.0
6550.00000 0.0
6560.00000 0.0
6570.00000 0.0
6580.00000 0.0
6590.00000 0.0
6600.00000 0.0
6610.00000 0.0
6620.00000 0.0
6630.00000 0.0
6640.00000 0.0
6650.00000 0.0
6660.00000 0.0
6670.00000 0.0
6680.00000 0.0
6690.00000 0.0
6700.00000 0.0
6710.00000 0.0
6720.00000 0.0
6730.00000 0.0
6740.00000 0.0
6750.00000 0.0
6760.00000 0.0
6770.00000 0.0
6780.00000 0.0
6790.00000 0.0
6800.00000 0.0
6810.00000 0.0
6820.00000 0.0
6830.00000 0.0
6840.00000 0.0
6850.00000 1e-05
6860.00000 1e-05
6870.00000 1e-05
6880.00000 2e-05
6890.00000 3e-05
6900.00000 5e-05
6910.00000 8e-05
6920.00000 0.00012
6930.00000 0.00019
6940.00000 0.00031
6950.00000 0.00049
6960.00000 0.00078
6970.00000 0.00125
6980.00000 0.00197
6990.00000 0.00305
7000.00000 0.00465
7010.00000 0.00695
7020.00000 0.01017
7030.00000 0.01457
7040.00000 0.02044
7050.00000 0.02813
7060.00000 0.03801
7070.00000 0.05055
7080.00000 0.06625
7090.00000 0.08573
7100.00000 0.10991
7110.00000 0.1396
7120.00000 0.17526
7130.00000 0.21693
7140.00000 0.26483
7150.00000 0.31724
7160.00000 0.37172
7170.00000 0.42612
7180.00000 0.47721
7190.00000 0.52279
7200.00000 0.56111
7210.00000 0.5928
7220.00000 0.61778
7230.00000 0.63624
7240.00000 0.6493
7250.00000 0.65744
7260.00000 0.66443
7270.00000 0.66998
7280.00000 0.67286
7290.00000 0.67488
7300.00000 0.6765
7310.00000 0.67893
7320.00000 0.68041
7330.00000 0.68213
7340.00000 0.68344
7350.00000 0.68429
7360.00000 0.68588
7370.00000 0.68674
7380.00000 0.68735
7390.00000 0.68672
7400.00000 0.68686
7410.00000 0.68684
7420.00000 0.6856
7430.00000 0.6847
7440.00000 0.68321
7450.00000 0.68211
7460.00000 0.68021
7470.00000 0.67724
7480.00000 0.675
7490.00000 0.67192
7500.00000 0.66999
7510.00000 0.66788
7520.00000 0.66609
7530.00000 0.66476
7540.00000 0.66248
7550.00000 0.66106
7560.00000 0.65949
7570.00000 0.65916
7580.00000 0.65761
7590.00000 0.65802
7600.00000 0.65843
7610.00000 0.65726
7620.00000 0.65662
7630.00000 0.65624
7640.00000 0.6574
7650.00000 0.65795
7660.00000 0.65713
7670.00000 0.65732
7680.00000 0.65683
7690.00000 0.65705
7700.00000 0.65577
7710.00000 0.65605
7720.00000 0.65565
7730.00000 0.65373
7740.00000 0.65321
7750.00000 0.6505
7760.00000 0.64836
7770.00000 0.64509
7780.00000 0.64204
7790.00000 0.63939
7800.00000 0.63589
7810.00000 0.63275
7820.00000 0.6282
7830.00000 0.62491
7840.00000 0.62134
7850.00000 0.61719
7860.00000 0.61419
7870.00000 0.61004
7880.00000 0.60637
7890.00000 0.60235
7900.00000 0.59984
7910.00000 0.59681
7920.00000 0.59265
7930.00000 0.58924
7940.00000 0.58474
7950.00000 0.58034
7960.00000 0.57537
7970.00000 0.57042
7980.00000 0.56515
7990.00000 0.55889
8000.00000 0.55215
8010.00000 0.54344
8020.00000 0.53495
8030.00000 0.52698
8040.00000 0.51718
8050.00000 0.50708
8060.00000 0.49585
8070.00000 0.48532
8080.00000 0.4732
8090.00000 0.46048
8100.00000 0.44717
8110.00000 0.432
8120.00000 0.4165
8130.00000 0.39914
8140.00000 0.38081
8150.00000 0.35938
8160.00000 0.33554
8170.00000 0.30863
8180.00000 0.27851
8190.00000 0.24626
8200.00000 0.21187
8210.00000 0.17774
8220.00000 0.14459
8230.00000 0.11447
8240.00000 0.08845
8250.00000 0.06667
8260.00000 0.04922
8270.00000 0.03581
8280.00000 0.02577
8290.00000 0.0183
8300.00000 0.01298
8310.00000 0.00918
8320.00000 0.00648
8330.00000 0.00459
8340.00000 0.00329
8350.00000 0.00238
8360.00000 0.0017
8370.00000 0.00122
8380.00000 0.0009
8390.00000 0.00069
8400.00000 0.00053
8410.00000 0.00042
8420.00000 0.00034
8430.00000 0.00028
8440.00000 0.00022
8450.00000 0.00019
8460.00000 0.00015
8470.00000 0.00013
8480.00000 0.00011
8490.00000 0.0001
8500.00000 9e-05
8510.00000 8e-05
8520.00000 7e-05
8530.00000 6e-05
8540.00000 5e-05
8550.00000 4e-05
8560.00000 4e-05
8570.00000 3e-05
8580.00000 2e-05
8590.00000 2e-05
8600.00000 2e-05
8610.00000 2e-05
8620.00000 1e-05
8630.00000 1e-05
8640.00000 1e-05
8650.00000 1e-05
8660.00000 1e-05
8670.00000 1e-05
8680.00000 1e-05
8690.00000 0.0
