threeML/data/optical_filters/ESO/GROND-H.ecsv
# %ECSV 0.9
# ---
# datatype:
# - {name: wavelength, unit: Angstrom, datatype: float64}
# - {name: response, datatype: float64}
# meta: !!omap
# - {band_name: H}
# - {group_name: GROND}
wavelength response
[from data line 894]
19080.00000 0.0012
19090.00000 0.0009
19100.00000 0.0007
19110.00000 0.0008
19120.00000 0.001
19130.00000 0.0009
19140.00000 0.0009
19150.00000 0.001
19160.00000 0.0009
19170.00000 0.0008
19180.00000 0.0008
19190.00000 0.0009
19200.00000 0.0009
19210.00000 0.0009
19220.00000 0.001
19230.00000 0.001
19240.00000 0.001
19250.00000 0.0007
19260.00000 0.0007
19270.00000 0.0008
19280.00000 0.0008
19290.00000 0.0008
19300.00000 0.0008
19310.00000 0.0008
19320.00000 0.0007
19330.00000 0.0006
19340.00000 0.0006
19350.00000 0.0007
19360.00000 0.0007
19370.00000 0.0006
19380.00000 0.0007
19390.00000 0.0007
19400.00000 0.0006
19410.00000 0.0007
19420.00000 0.0006
19430.00000 0.0005
19440.00000 0.0005
19450.00000 0.0006
19460.00000 0.0006
19470.00000 0.0005
19480.00000 0.0004
19490.00000 0.0004
19500.00000 0.0005
19510.00000 0.0006
19520.00000 0.0006
19530.00000 0.0004
19540.00000 0.0004
19550.00000 0.0005
19560.00000 0.0005
19570.00000 0.0005
19580.00000 0.0004
19590.00000 0.0003
19600.00000 0.0004
19610.00000 0.0005
19620.00000 0.0004
19630.00000 0.0003
19640.00000 0.0004
19650.00000 0.0004
19660.00000 0.0004
19670.00000 0.0003
19680.00000 0.0004
19690.00000 0.0003
19700.00000 0.0003
19710.00000 0.0003
19720.00000 0.0004
19730.00000 0.0004
19740.00000 0.0003
19750.00000 0.0002
19760.00000 0.0003
19770.00000 0.0003
19780.00000 0.0002
19790.00000 0.0003
19800.00000 0.0003
19810.00000 0.0002
19820.00000 0.0002
19830.00000 0.0003
19840.00000 0.0003
19850.00000 0.0002
19860.00000 0.0002
19870.00000 0.0002
19880.00000 0.0002
19890.00000 0.0002
19900.00000 0.0002
19910.00000 0.0002
19920.00000 0.0001
19930.00000 0.0001
19940.00000 0.0001
19950.00000 0.0002
19960.00000 0.0002
19970.00000 0.0002
19980.00000 0.0002
19990.00000 0.0002
20000.00000 0.0001
20010.00000 0.0001
20020.00000 0.0001
20030.00000 0.0001
20040.00000 0.0001
20050.00000 0.0001
20060.00000 0.0001
20070.00000 0.0001
20080.00000 0.0001
20090.00000 0.0001
20100.00000 0.0
20110.00000 0.0
20120.00000 0.0
20130.00000 0.0
20140.00000 0.0
20150.00000 0.0
20160.00000 0.0
20170.00000 0.0
20180.00000 0.0001
20190.00000 0.0001
20200.00000 0.0001
20210.00000 0.0
20220.00000 0.0
20230.00000 0.0
20240.00000 0.0
20250.00000 0.0
20260.00000 0.0
20270.00000 0.0
20280.00000 0.0
20290.00000 0.0
20300.00000 0.0
20310.00000 0.0
20320.00000 0.0
20330.00000 0.0
20340.00000 0.0
20350.00000 0.0
20360.00000 0.0
20370.00000 0.0
20380.00000 0.0
20390.00000 0.0
20400.00000 0.0
20410.00000 0.0
20420.00000 0.0
20430.00000 0.0
20440.00000 0.0
20450.00000 0.0
20460.00000 0.0
20470.00000 0.0
20480.00000 0.0
20490.00000 0.0
20500.00000 0.0
20510.00000 0.0
20520.00000 0.0
20530.00000 0.0
20540.00000 0.0
20550.00000 0.0
20560.00000 0.0
20570.00000 0.0
20580.00000 0.0
20590.00000 0.0
20600.00000 0.0
20610.00000 0.0
20620.00000 0.0
20630.00000 0.0
20640.00000 0.0
20650.00000 0.0
20660.00000 0.0
20670.00000 0.0
20680.00000 0.0
20690.00000 0.0
20700.00000 0.0
20710.00000 0.0
20720.00000 0.0
20730.00000 0.0
20740.00000 0.0
20750.00000 0.0
20760.00000 0.0
20770.00000 0.0
20780.00000 0.0
20790.00000 0.0
20800.00000 0.0
20810.00000 0.0
20820.00000 0.0
20830.00000 0.0
20840.00000 0.0
20850.00000 0.0
20860.00000 0.0
20870.00000 0.0
20880.00000 0.0
20890.00000 0.0
20900.00000 0.0
20910.00000 0.0
20920.00000 0.0
20930.00000 0.0
20940.00000 0.0
20950.00000 0.0
20960.00000 0.0
20970.00000 0.0
20980.00000 0.0
20990.00000 0.0
21000.00000 0.0
21010.00000 0.0
21020.00000 0.0
21030.00000 0.0
21040.00000 0.0
21050.00000 0.0
21060.00000 0.0
21070.00000 0.0
21080.00000 0.0
21090.00000 0.0
21100.00000 0.0
21110.00000 0.0
21120.00000 0.0
21130.00000 0.0
21140.00000 0.0
21150.00000 0.0
21160.00000 0.0
21170.00000 0.0
21180.00000 0.0
21190.00000 0.0
21200.00000 0.0
21210.00000 0.0
21220.00000 0.0
21230.00000 0.0
21240.00000 0.0
21250.00000 0.0
21260.00000 0.0
21270.00000 0.0
21280.00000 0.0
21290.00000 0.0
21300.00000 0.0
21310.00000 0.0
21320.00000 0.0
21330.00000 0.0
21340.00000 0.0
21350.00000 0.0
21360.00000 0.0
21370.00000 0.0
21380.00000 0.0
21390.00000 0.0
21400.00000 0.0
21410.00000 0.0
21420.00000 0.0
21430.00000 0.0
21440.00000 0.0
21450.00000 0.0
21460.00000 0.0
21470.00000 0.0
21480.00000 0.0
21490.00000 0.0
21500.00000 0.0
21510.00000 0.0
21520.00000 0.0
21530.00000 0.0
21540.00000 0.0
21550.00000 0.0
21560.00000 0.0
21570.00000 0.0
21580.00000 0.0
21590.00000 0.0
21600.00000 0.0
21610.00000 0.0
21620.00000 0.0
21630.00000 0.0
21640.00000 0.0
21650.00000 0.0
21660.00000 0.0
21670.00000 0.0
21680.00000 0.0
21690.00000 0.0
21700.00000 0.0
21710.00000 0.0
21720.00000 0.0
21730.00000 0.0
21740.00000 0.0
21750.00000 0.0
21760.00000 0.0
21770.00000 0.0
21780.00000 0.0
21790.00000 0.0
21800.00000 0.0
21810.00000 0.0
21820.00000 0.0
21830.00000 0.0
21840.00000 0.0
21850.00000 0.0
21860.00000 0.0
21870.00000 0.0
21880.00000 0.0
21890.00000 0.0
21900.00000 0.0
21910.00000 0.0
21920.00000 0.0
21930.00000 0.0
21940.00000 0.0
21950.00000 0.0
21960.00000 0.0
21970.00000 0.0
21980.00000 0.0
21990.00000 0.0
22000.00000 0.0
22010.00000 0.0
22020.00000 0.0
22030.00000 0.0
22040.00000 0.0
22050.00000 0.0
22060.00000 0.0
22070.00000 0.0
22080.00000 0.0
22090.00000 0.0
22100.00000 0.0
22110.00000 0.0
22120.00000 0.0
22130.00000 0.0
22140.00000 0.0
22150.00000 0.0
22160.00000 0.0
22170.00000 0.0
22180.00000 0.0
22190.00000 0.0
22200.00000 0.0
22210.00000 0.0
22220.00000 0.0
22230.00000 0.0
22240.00000 0.0
22250.00000 0.0
22260.00000 0.0
22270.00000 0.0
22280.00000 0.0
22290.00000 0.0
22300.00000 0.0
22310.00000 0.0
22320.00000 0.0
22330.00000 0.0
22340.00000 0.0
22350.00000 0.0
22360.00000 0.0
22370.00000 0.0
22380.00000 0.0
22390.00000 0.0
22400.00000 0.0
22410.00000 0.0
22420.00000 0.0
22430.00000 0.0
22440.00000 0.0
22450.00000 0.0
22460.00000 0.0
22470.00000 0.0
22480.00000 0.0
22490.00000 0.0
22500.00000 0.0
22510.00000 0.0
22520.00000 0.0
22530.00000 0.0
22540.00000 0.0
22550.00000 0.0
22560.00000 0.0
22570.00000 0.0
22580.00000 0.0
22590.00000 0.0
22600.00000 0.0
22610.00000 0.0
22620.00000 0.0
22630.00000 0.0
22640.00000 0.0
22650.00000 0.0
22660.00000 0.0
22670.00000 0.0
22680.00000 0.0
22690.00000 0.0
22700.00000 0.0
22710.00000 0.0
22720.00000 0.0
22730.00000 0.0
22740.00000 0.0
22750.00000 0.0
22760.00000 0.0
22770.00000 0.0
22780.00000 0.0
22790.00000 0.0
22800.00000 0.0
22810.00000 0.0
22820.00000 0.0
22830.00000 0.0
22840.00000 0.0
22850.00000 0.0
22860.00000 0.0
22870.00000 0.0
22880.00000 0.0
22890.00000 0.0
22900.00000 0.0
22910.00000 0.0
22920.00000 0.0
22930.00000 0.0
22940.00000 0.0
22950.00000 0.0
22960.00000 0.0
22970.00000 0.0
22980.00000 0.0
22990.00000 0.0001
23000.00000 0.0001
23010.00000 0.0001
23020.00000 0.0001
23030.00000 0.0001
23040.00000 0.0001
23050.00000 0.0001
23060.00000 0.0001
23070.00000 0.0001
23080.00000 0.0001
23090.00000 0.0001
23100.00000 0.0001
23110.00000 0.0001
23120.00000 0.0001
23130.00000 0.0001
23140.00000 0.0001
23150.00000 0.0001
23160.00000 0.0001
23170.00000 0.0001
23180.00000 0.0001
23190.00000 0.0001
23200.00000 0.0001
23210.00000 0.0001
23220.00000 0.0001
23230.00000 0.0001
23240.00000 0.0001
23250.00000 0.0001
23260.00000 0.0001
23270.00000 0.0001
23280.00000 0.0001
23290.00000 0.0002
23300.00000 0.0002
23310.00000 0.0002
23320.00000 0.0002
23330.00000 0.0002
23340.00000 0.0002
23350.00000 0.0002
23360.00000 0.0002
23370.00000 0.0002
23380.00000 0.0002
23390.00000 0.0002
23400.00000 0.0002
23410.00000 0.0003
23420.00000 0.0003
23430.00000 0.0003
23440.00000 0.0003
23450.00000 0.0003
23460.00000 0.0003
23470.00000 0.0003
23480.00000 0.0004
23490.00000 0.0004
23500.00000 0.0004
23510.00000 0.0004
23520.00000 0.0004
23530.00000 0.0005
23540.00000 0.0005
23550.00000 0.0005
23560.00000 0.0005
23570.00000 0.0006
23580.00000 0.0006
23590.00000 0.0006
23600.00000 0.0006
23610.00000 0.0007
23620.00000 0.0007
23630.00000 0.0007
23640.00000 0.0008
23650.00000 0.0008
23660.00000 0.0009
23670.00000 0.0009
23680.00000 0.001
23690.00000 0.001
23700.00000 0.0011
23710.00000 0.0012
23720.00000 0.0012
23730.00000 0.0013
23740.00000 0.0014
23750.00000 0.0015
23760.00000 0.0016
23770.00000 0.0017
23780.00000 0.0018
23790.00000 0.0019
23800.00000 0.002
23810.00000 0.0022
23820.00000 0.0023
23830.00000 0.0024
23840.00000 0.0026
23850.00000 0.0028
23860.00000 0.003
23870.00000 0.0032
23880.00000 0.0034
23890.00000 0.0036
23900.00000 0.0038
23910.00000 0.004
23920.00000 0.0043
23930.00000 0.0045
23940.00000 0.0048
23950.00000 0.0051
23960.00000 0.0053
23970.00000 0.0056
23980.00000 0.0058
23990.00000 0.006
24000.00000 0.0063
24010.00000 0.0065
24020.00000 0.0067
24030.00000 0.0069
24040.00000 0.007
24050.00000 0.007
24060.00000 0.007
24070.00000 0.0071
24080.00000 0.0071
24090.00000 0.0071
24100.00000 0.007
24110.00000 0.0068
24120.00000 0.0067
24130.00000 0.0065
24140.00000 0.0063
24150.00000 0.0062
24160.00000 0.0061
24170.00000 0.0059
24180.00000 0.0057
24190.00000 0.0055
24200.00000 0.0053
24210.00000 0.005
24220.00000 0.0049
24230.00000 0.0047
24240.00000 0.0045
24250.00000 0.0044
24260.00000 0.0042
24270.00000 0.0041
24280.00000 0.0039
24290.00000 0.0038
24300.00000 0.0036
24310.00000 0.0035
24320.00000 0.0034
24330.00000 0.0033
24340.00000 0.0032
24350.00000 0.0031
24360.00000 0.003
24370.00000 0.0029
24380.00000 0.0029
24390.00000 0.0028
24400.00000 0.0027
24410.00000 0.0027
24420.00000 0.0026
24430.00000 0.0025
24440.00000 0.0025
24450.00000 0.0024
24460.00000 0.0024
24470.00000 0.0023
24480.00000 0.0023
24490.00000 0.0023
24500.00000 0.0023
24510.00000 0.0022
24520.00000 0.0022
24530.00000 0.0021
24540.00000 0.0021
24550.00000 0.0021
24560.00000 0.0021
24570.00000 0.0021
24580.00000 0.002
24590.00000 0.002
24600.00000 0.002
24610.00000 0.002
24620.00000 0.002
24630.00000 0.002
24640.00000 0.002
24650.00000 0.002
24660.00000 0.002
24670.00000 0.0019
24680.00000 0.0019
24690.00000 0.0019
24700.00000 0.0019
24710.00000 0.0019
24720.00000 0.0019
24730.00000 0.0019
24740.00000 0.0019
24750.00000 0.0019
24760.00000 0.0019
24770.00000 0.0019
24780.00000 0.0019
24790.00000 0.0019
24800.00000 0.002
24810.00000 0.002
24820.00000 0.002
24830.00000 0.002
24840.00000 0.002
24850.00000 0.002
24860.00000 0.002
24870.00000 0.002
24880.00000 0.002
24890.00000 0.002
24900.00000 0.002
24910.00000 0.0021
24920.00000 0.0021
24930.00000 0.0021
24940.00000 0.0021
24950.00000 0.0021
24960.00000 0.0021
24970.00000 0.0022
24980.00000 0.0022
24990.00000 0.0022
25000.00000 0.0
