threeML/data/optical_filters/ESO/GROND-z.ecsv
# %ECSV 0.9
# ---
# datatype:
# - {name: wavelength, unit: Angstrom, datatype: float64}
# - {name: response, datatype: float64}
# meta: !!omap
# - {band_name: z}
# - {group_name: GROND}
wavelength response
3670.00000 0.0
3680.00000 1e-05
3690.00000 1e-05
3700.00000 2e-05
3710.00000 2e-05
3720.00000 0.0
3730.00000 0.0
3740.00000 0.0
3750.00000 0.0
3760.00000 0.0
3770.00000 0.0
3780.00000 0.0
3790.00000 0.0
3800.00000 0.0
3810.00000 0.0
3820.00000 0.0
3830.00000 0.0
3840.00000 1e-05
3850.00000 3e-05
3860.00000 9e-05
3870.00000 0.00014
3880.00000 0.00013
3890.00000 7e-05
3900.00000 3e-05
3910.00000 0.0
3920.00000 0.0
3930.00000 0.0001
3940.00000 0.00031
3950.00000 0.00062
3960.00000 0.00072
3970.00000 0.00063
3980.00000 0.00038
3990.00000 0.0001
4000.00000 0.0
4010.00000 0.0
4020.00000 0.0
4030.00000 0.0
4040.00000 0.0
4050.00000 0.0
4060.00000 0.0
4070.00000 0.0
4080.00000 0.0
4090.00000 0.0
4100.00000 0.0
4110.00000 0.0
4120.00000 0.0
4130.00000 0.0
4140.00000 0.0
4150.00000 0.0
4160.00000 0.0
4170.00000 0.0
4180.00000 0.0
4190.00000 0.0
4200.00000 0.0
4210.00000 0.0
4220.00000 0.0
4230.00000 0.0
4240.00000 0.0
4250.00000 0.0
4260.00000 0.0
4270.00000 0.0
4280.00000 0.0
4290.00000 0.0
4300.00000 0.0
4310.00000 0.0
4320.00000 0.0
4330.00000 0.0
4340.00000 0.0
4350.00000 0.0
4360.00000 0.0
4370.00000 0.0
4380.00000 0.0
4390.00000 0.0
4400.00000 0.0
4410.00000 0.0
4420.00000 0.0
4430.00000 0.0
4440.00000 0.0
4450.00000 0.0
4460.00000 0.0
4470.00000 0.0
4480.00000 0.0
4490.00000 0.0
4500.00000 0.0
4510.00000 0.0
4520.00000 0.0
4530.00000 0.0
4540.00000 0.0
4550.00000 0.0
4560.00000 0.0
4570.00000 0.0
4580.00000 0.0
4590.00000 0.0
4600.00000 0.0
4610.00000 0.0
4620.00000 0.0
4630.00000 0.0
4640.00000 0.0
4650.00000 0.0
4660.00000 0.0
4670.00000 0.0
4680.00000 0.0
4690.00000 0.0
4700.00000 0.0
4710.00000 0.0
4720.00000 0.0
4730.00000 0.0
4740.00000 0.0
4750.00000 0.0
4760.00000 0.0
4770.00000 0.0
4780.00000 0.0
4790.00000 0.0
4800.00000 0.0
4810.00000 0.0
4820.00000 0.0
4830.00000 0.0
4840.00000 0.0
4850.00000 0.0
4860.00000 0.0
4870.00000 0.0
4880.00000 0.0
4890.00000 0.0
4900.00000 0.0
4910.00000 0.0
4920.00000 0.0
4930.00000 0.0
4940.00000 0.0
4950.00000 0.0
4960.00000 0.0
4970.00000 0.0
4980.00000 0.0
4990.00000 0.0
5000.00000 0.0
5010.00000 0.0
5020.00000 0.0
5030.00000 0.0
5040.00000 0.0
5050.00000 0.0
5060.00000 0.0
5070.00000 0.0
5080.00000 0.0
5090.00000 0.0
5100.00000 0.0
5110.00000 0.0
5120.00000 0.0
5130.00000 0.0
5140.00000 0.0
5150.00000 0.0
5160.00000 0.0
5170.00000 0.0
5180.00000 0.0
5190.00000 0.0
5200.00000 0.0
5210.00000 0.0
5220.00000 0.0
5230.00000 0.0
5240.00000 0.0
5250.00000 0.0
5260.00000 0.0
5270.00000 0.0
5280.00000 0.0
5290.00000 0.0
5300.00000 0.0
5310.00000 0.0
5320.00000 0.0
5330.00000 0.0
5340.00000 0.0
5350.00000 0.0
5360.00000 0.0
5370.00000 0.0
5380.00000 0.0
5390.00000 0.0
5400.00000 0.0
5410.00000 0.0
5420.00000 0.0
5430.00000 0.0
5440.00000 0.0
5450.00000 0.0
5460.00000 0.0
5470.00000 0.0
5480.00000 0.0
5490.00000 0.0
5500.00000 0.0
5510.00000 0.0
5520.00000 0.0
5530.00000 0.0
5540.00000 0.0
5550.00000 0.0
5560.00000 0.0
5570.00000 0.0
5580.00000 0.0
5590.00000 0.0
5600.00000 0.0
5610.00000 0.0
5620.00000 0.0
5630.00000 0.0
5640.00000 0.0
5650.00000 0.0
5660.00000 0.0
5670.00000 0.0
5680.00000 0.0
5690.00000 0.0
5700.00000 0.0
5710.00000 0.0
5720.00000 0.0
5730.00000 0.0
5740.00000 0.0
5750.00000 0.0
5760.00000 0.0
5770.00000 0.0
5780.00000 0.0
5790.00000 0.0
5800.00000 0.0
5810.00000 0.0
5820.00000 0.0
5830.00000 0.0
5840.00000 0.0
5850.00000 0.0
5860.00000 0.0
5870.00000 0.0
5880.00000 0.0
5890.00000 0.0
5900.00000 0.0
5910.00000 0.0
5920.00000 0.0
5930.00000 0.0
5940.00000 0.0
5950.00000 0.0
5960.00000 0.0
5970.00000 0.0
5980.00000 0.0
5990.00000 0.0
6000.00000 0.0
6010.00000 0.0
6020.00000 0.0
6030.00000 0.0
6040.00000 0.0
6050.00000 0.0
6060.00000 0.0
6070.00000 0.0
6080.00000 0.0
6090.00000 0.0
6100.00000 0.0
6110.00000 0.0
6120.00000 0.0
6130.00000 0.0
6140.00000 0.0
6150.00000 0.0
6160.00000 0.0
6170.00000 0.0
6180.00000 0.0
6190.00000 0.0
6200.00000 0.0
6210.00000 0.0
6220.00000 0.0
6230.00000 0.0
6240.00000 0.0
6250.00000 0.0
6260.00000 0.0
6270.00000 0.0
6280.00000 0.0
6290.00000 0.0
6300.00000 0.0
6310.00000 0.0
6320.00000 0.0
6330.00000 0.0
6340.00000 0.0
6350.00000 0.0
6360.00000 0.0
6370.00000 0.0
6380.00000 0.0
6390.00000 0.0
6400.00000 0.0
6410.00000 0.0
6420.00000 0.0
6430.00000 0.0
6440.00000 0.0
6450.00000 0.0
6460.00000 0.0
6470.00000 0.0
6480.00000 0.0
6490.00000 0.0
6500.00000 0.0
6510.00000 0.0
6520.00000 0.0
6530.00000 0.0
6540.00000 0.0
6550.00000 0.0
6560.00000 0.0
6570.00000 0.0
6580.00000 0.0
6590.00000 0.0
6600.00000 0.0
6610.00000 0.0
6620.00000 0.0
6630.00000 0.0
6640.00000 0.0
6650.00000 0.0
6660.00000 0.0
6670.00000 0.0
6680.00000 0.0
6690.00000 0.0
6700.00000 0.0
6710.00000 0.0
6720.00000 0.0
6730.00000 0.0
6740.00000 0.0
6750.00000 0.0
6760.00000 0.0
6770.00000 0.0
6780.00000 0.0
6790.00000 0.0
6800.00000 0.0
6810.00000 0.0
6820.00000 0.0
6830.00000 0.0
6840.00000 0.0
6850.00000 0.0
6860.00000 0.0
6870.00000 0.0
6880.00000 0.0
6890.00000 0.0
6900.00000 0.0
6910.00000 0.0
6920.00000 0.0
6930.00000 0.0
6940.00000 0.0
6950.00000 0.0
6960.00000 0.0
6970.00000 0.0
6980.00000 0.0
6990.00000 0.0
7000.00000 0.0
7010.00000 0.0
7020.00000 0.0
7030.00000 0.0
7040.00000 0.0
7050.00000 0.0
7060.00000 0.0
7070.00000 0.0
7080.00000 0.0
7090.00000 0.0
7100.00000 0.0
7110.00000 0.0
7120.00000 0.0
7130.00000 0.0
7140.00000 0.0
7150.00000 0.0
7160.00000 0.0
7170.00000 0.0
7180.00000 0.0
7190.00000 0.0
7200.00000 0.0
7210.00000 0.0
7220.00000 0.0
7230.00000 0.0
7240.00000 0.0
7250.00000 0.0
7260.00000 0.0
7270.00000 0.0
7280.00000 0.0
7290.00000 0.0
7300.00000 0.0
7310.00000 0.0
7320.00000 0.0
7330.00000 0.0
7340.00000 0.0
7350.00000 0.0
7360.00000 0.0
7370.00000 0.0
7380.00000 0.0
7390.00000 0.0
7400.00000 0.0
7410.00000 0.0
7420.00000 0.0
7430.00000 0.0
7440.00000 0.0
7450.00000 0.0
7460.00000 0.0
7470.00000 0.0
7480.00000 0.0
7490.00000 0.0
7500.00000 0.0
7510.00000 0.0
7520.00000 0.0
7530.00000 0.0
7540.00000 0.0
7550.00000 0.0
7560.00000 0.0
7570.00000 0.0
7580.00000 0.0
7590.00000 0.0
7600.00000 0.0
7610.00000 0.0
7620.00000 0.0
7630.00000 0.0
7640.00000 0.0
7650.00000 0.0
7660.00000 0.0
7670.00000 0.0
7680.00000 0.0
7690.00000 0.0
7700.00000 0.0
7710.00000 0.0
7720.00000 0.0
7730.00000 0.0
7740.00000 0.0
7750.00000 0.0
7760.00000 0.0
7770.00000 0.0
7780.00000 0.0
7790.00000 1e-05
7800.00000 1e-05
7810.00000 1e-05
7820.00000 1e-05
7830.00000 1e-05
7840.00000 2e-05
7850.00000 2e-05
7860.00000 2e-05
7870.00000 3e-05
7880.00000 4e-05
7890.00000 4e-05
7900.00000 6e-05
7910.00000 7e-05
7920.00000 9e-05
7930.00000 0.00011
7940.00000 0.00014
7950.00000 0.00018
7960.00000 0.00023
7970.00000 0.00029
7980.00000 0.00037
7990.00000 0.00047
8000.00000 0.00059
8010.00000 0.00075
8020.00000 0.00097
8030.00000 0.00125
8040.00000 0.00163
8050.00000 0.0021
8060.00000 0.00273
8070.00000 0.00356
8080.00000 0.00464
8090.00000 0.00607
8100.00000 0.00794
8110.00000 0.0104
8120.00000 0.01355
8130.00000 0.01763
8140.00000 0.0229
8150.00000 0.02967
8160.00000 0.03835
8170.00000 0.04937
8180.00000 0.06312
8190.00000 0.07993
8200.00000 0.10074
8210.00000 0.12586
8220.00000 0.15558
8230.00000 0.18967
8240.00000 0.22754
8250.00000 0.26825
8260.00000 0.311
8270.00000 0.35286
8280.00000 0.39334
8290.00000 0.43047
8300.00000 0.46264
8310.00000 0.48969
8320.00000 0.51084
8330.00000 0.52779
8340.00000 0.53992
8350.00000 0.54895
8360.00000 0.55569
8370.00000 0.55936
8380.00000 0.56218
8390.00000 0.56316
8400.00000 0.56479
8410.00000 0.56394
8420.00000 0.56294
8430.00000 0.56435
8440.00000 0.56543
8450.00000 0.56361
8460.00000 0.56349
8470.00000 0.56522
8480.00000 0.56694
8490.00000 0.56421
8500.00000 0.56556
8510.00000 0.56658
8520.00000 0.56754
8530.00000 0.56769
8540.00000 0.56775
8550.00000 0.56708
8560.00000 0.56759
8570.00000 0.5709
8580.00000 0.56636
8590.00000 0.56178
8600.00000 0.55799
8610.00000 0.5555
8620.00000 0.55481
8630.00000 0.553
8640.00000 0.55269
8650.00000 0.55095
8660.00000 0.54924
8670.00000 0.54806
8680.00000 0.54572
8690.00000 0.5443
8700.00000 0.54195
8710.00000 0.54066
8720.00000 0.53721
8730.00000 0.53553
8740.00000 0.53388
8750.00000 0.53126
8760.00000 0.52962
8770.00000 0.52616
8780.00000 0.52372
8790.00000 0.52053
8800.00000 0.51897
8810.00000 0.51774
8820.00000 0.5145
8830.00000 0.51232
8840.00000 0.50893
8850.00000 0.50743
8860.00000 0.50609
8870.00000 0.50321
8880.00000 0.50153
8890.00000 0.49846
8900.00000 0.4973
8910.00000 0.49427
8920.00000 0.49264
8930.00000 0.49033
8940.00000 0.48718
8950.00000 0.48599
8960.00000 0.48227
8970.00000 0.48013
8980.00000 0.47672
8990.00000 0.47535
9000.00000 0.47325
9010.00000 0.46911
9020.00000 0.46767
9030.00000 0.46414
9040.00000 0.46213
9050.00000 0.45998
9060.00000 0.45643
9070.00000 0.4545
9080.00000 0.4502
9090.00000 0.44895
9100.00000 0.445
9110.00000 0.44285
9120.00000 0.44069
9130.00000 0.43628
9140.00000 0.43465
9150.00000 0.43028
9160.00000 0.42844
9170.00000 0.42388
9180.00000 0.42205
9190.00000 0.41989
9200.00000 0.41497
9210.00000 0.41268
9220.00000 0.40799
9230.00000 0.40609
9240.00000 0.40107
9250.00000 0.39878
9260.00000 0.39649
9270.00000 0.3915
9280.00000 0.38911
9290.00000 0.38366
9300.00000 0.38107
9310.00000 0.37862
9320.00000 0.37328
9330.00000 0.37063
9340.00000 0.36523
9350.00000 0.3625
9360.00000 0.35697
9370.00000 0.35412
9380.00000 0.35145
9390.00000 0.34564
9400.00000 0.34259
9410.00000 0.33658
9420.00000 0.33381
9430.00000 0.32796
9440.00000 0.32453
9450.00000 0.32155
9460.00000 0.31576
9470.00000 0.31264
9480.00000 0.30644
9490.00000 0.30335
9500.00000 0.30025
9510.00000 0.2942
9520.00000 0.29055
9530.00000 0.2845
9540.00000 0.28139
9550.00000 0.27519
9560.00000 0.27204
9570.00000 0.26887
9580.00000 0.26281
9590.00000 0.2598
9600.00000 0.2536
9610.00000 0.25043
9620.00000 0.24465
9630.00000 0.2416
9640.00000 0.23862
9650.00000 0.23272
9660.00000 0.22962
9670.00000 0.2238
9680.00000 0.22094
9690.00000 0.21806
9700.00000 0.21234
9710.00000 0.20951
9720.00000 0.204
9730.00000 0.20125
9740.00000 0.19556
9750.00000 0.19285
9760.00000 0.19022
9770.00000 0.18477
9780.00000 0.18201
9790.00000 0.17695
9800.00000 0.17446
9810.00000 0.16923
9820.00000 0.16673
9830.00000 0.16414
9840.00000 0.15898
9850.00000 0.15672
9860.00000 0.15176
9870.00000 0.1495
9880.00000 0.14715
9890.00000 0.14222
9900.00000 0.14006
9910.00000 0.13539
9920.00000 0.13305
9930.00000 0.12869
9940.00000 0.12631
9950.00000 0.12406
9960.00000 0.11971
9970.00000 0.11748
9980.00000 0.11335
9990.00000 0.11128
10000.00000 0.10715
10010.00000 0.1052
10020.00000 0.10313
10030.00000 0.09907
10040.00000 0.0972
10050.00000 0.09344
10060.00000 0.09167
10070.00000 0.08981
10080.00000 0.08611
10090.00000 0.08432
10100.00000 0.08086
10110.00000 0.07899
10120.00000 0.0757
10130.00000 0.07381
10140.00000 0.0722
10150.00000 0.06913
10160.00000 0.06755
10170.00000 0.06448
10180.00000 0.06305
10190.00000 0.05994
10200.00000 0.05855
10210.00000 0.05706
10220.00000 0.05446
10230.00000 0.05306
10240.00000 0.05037
10250.00000 0.04916
10260.00000 0.04777
10270.00000 0.04537
10280.00000 0.04406
10290.00000 0.04176
10300.00000 0.04046
10310.00000 0.03837
10320.00000 0.03738
10330.00000 0.03608
10340.00000 0.03419
10350.00000 0.03319
10360.00000 0.03131
10370.00000 0.03031
10380.00000 0.02842
10390.00000 0.02743
10400.00000 0.02673
10410.00000 0.02505
10420.00000 0.02426
10430.00000 0.02257
10440.00000 0.02178
10450.00000 0.0204
10460.00000 0.0196
10470.00000 0.01891
10480.00000 0.01742
10490.00000 0.01693
10500.00000 0.01575
10510.00000 0.01496
10520.00000 0.01437
10530.00000 0.01318
10540.00000 0.01269
10550.00000 0.0117
10560.00000 0.01101
10570.00000 0.01002
10580.00000 0.00973
10590.00000 0.00913
10600.00000 0.00824
10610.00000 0.00775
10620.00000 0.00706
10630.00000 0.00666
10640.00000 0.00607
10650.00000 0.00557
10660.00000 0.00517
10670.00000 0.00458
10680.00000 0.00428
10690.00000 0.00388
10700.00000 0.00358
10710.00000 0.00328
10720.00000 0.00279
10730.00000 0.00249
10740.00000 0.00229
10750.00000 0.00199
10760.00000 0.00169
10770.00000 0.00149
10780.00000 0.00139
10790.00000 0.00119
10800.00000 0.00109
10810.00000 0.00089
10820.00000 0.00079
10830.00000 0.00069
10840.00000 0.00049
10850.00000 0.00049
10860.00000 0.00039
10870.00000 0.00029
10880.00000 0.0002
10890.00000 0.0002
10900.00000 0.00019
10910.00000 0.0001
10920.00000 0.0001
10930.00000 0.0001
10940.00000 0.0001
10950.00000 0.0
