threeML/data/optical_filters/ESO/GROND-J.ecsv
# %ECSV 0.9
# ---
# datatype:
# - {name: wavelength, unit: Angstrom, datatype: float64}
# - {name: response, datatype: float64}
# meta: !!omap
# - {band_name: J}
# - {group_name: GROND}
wavelength response
[from data line 885]
19260.00000 0.0012
19270.00000 0.0012
19280.00000 0.0012
19290.00000 0.0012
19300.00000 0.0014
19310.00000 0.0014
19320.00000 0.0014
19330.00000 0.0015
19340.00000 0.0014
19350.00000 0.0015
19360.00000 0.0016
19370.00000 0.0017
19380.00000 0.0017
19390.00000 0.0017
19400.00000 0.0018
19410.00000 0.0019
19420.00000 0.0019
19430.00000 0.0019
19440.00000 0.0019
19450.00000 0.002
19460.00000 0.0021
19470.00000 0.0021
19480.00000 0.0022
19490.00000 0.0023
19500.00000 0.0024
19510.00000 0.0024
19520.00000 0.0026
19530.00000 0.0027
19540.00000 0.0026
19550.00000 0.0027
19560.00000 0.0029
19570.00000 0.0029
19580.00000 0.003
19590.00000 0.003
19600.00000 0.0031
19610.00000 0.0034
19620.00000 0.0034
19630.00000 0.0033
19640.00000 0.0035
19650.00000 0.0037
19660.00000 0.0037
19670.00000 0.0038
19680.00000 0.004
19690.00000 0.0042
19700.00000 0.0041
19710.00000 0.0042
19720.00000 0.0044
19730.00000 0.0046
19740.00000 0.0047
19750.00000 0.0048
19760.00000 0.0047
19770.00000 0.0048
19780.00000 0.0049
19790.00000 0.005
19800.00000 0.0051
19810.00000 0.0052
19820.00000 0.0052
19830.00000 0.0053
19840.00000 0.0055
19850.00000 0.0056
19860.00000 0.0055
19870.00000 0.0055
19880.00000 0.0056
19890.00000 0.0058
19900.00000 0.0058
19910.00000 0.0057
19920.00000 0.0057
19930.00000 0.0057
19940.00000 0.0059
19950.00000 0.0059
19960.00000 0.0058
19970.00000 0.0057
19980.00000 0.0057
19990.00000 0.0057
20000.00000 0.0057
20010.00000 0.0058
20020.00000 0.0057
20030.00000 0.0055
20040.00000 0.0054
20050.00000 0.0054
20060.00000 0.0055
20070.00000 0.0054
20080.00000 0.0053
20090.00000 0.0052
20100.00000 0.0052
20110.00000 0.0052
20120.00000 0.0051
20130.00000 0.005
20140.00000 0.0049
20150.00000 0.0049
20160.00000 0.0049
20170.00000 0.0049
20180.00000 0.0049
20190.00000 0.0048
20200.00000 0.0046
20210.00000 0.0045
20220.00000 0.0045
20230.00000 0.0044
20240.00000 0.0043
20250.00000 0.0042
20260.00000 0.0041
20270.00000 0.0041
20280.00000 0.0041
20290.00000 0.0041
20300.00000 0.0039
20310.00000 0.0039
20320.00000 0.0038
20330.00000 0.0038
20340.00000 0.0038
20350.00000 0.0037
20360.00000 0.0036
20370.00000 0.0035
20380.00000 0.0035
20390.00000 0.0035
20400.00000 0.0035
20410.00000 0.0035
20420.00000 0.0034
20430.00000 0.0033
20440.00000 0.0033
20450.00000 0.0032
20460.00000 0.0032
20470.00000 0.0032
20480.00000 0.0032
20490.00000 0.0031
20500.00000 0.0031
20510.00000 0.0031
20520.00000 0.0031
20530.00000 0.003
20540.00000 0.003
20550.00000 0.0029
20560.00000 0.0029
20570.00000 0.003
20580.00000 0.0029
20590.00000 0.0028
20600.00000 0.0028
20610.00000 0.0028
20620.00000 0.0028
20630.00000 0.0028
20640.00000 0.0027
20650.00000 0.0027
20660.00000 0.0027
20670.00000 0.0027
20680.00000 0.0026
20690.00000 0.0026
20700.00000 0.0026
20710.00000 0.0026
20720.00000 0.0025
20730.00000 0.0025
20740.00000 0.0026
20750.00000 0.0026
20760.00000 0.0026
20770.00000 0.0025
20780.00000 0.0025
20790.00000 0.0025
20800.00000 0.0026
20810.00000 0.0026
20820.00000 0.0025
20830.00000 0.0025
20840.00000 0.0025
20850.00000 0.0025
20860.00000 0.0025
20870.00000 0.0025
20880.00000 0.0025
20890.00000 0.0024
20900.00000 0.0024
20910.00000 0.0025
20920.00000 0.0025
20930.00000 0.0025
20940.00000 0.0025
20950.00000 0.0024
20960.00000 0.0024
20970.00000 0.0025
20980.00000 0.0025
20990.00000 0.0025
21000.00000 0.0025
21010.00000 0.0025
21020.00000 0.0025
21030.00000 0.0025
21040.00000 0.0025
21050.00000 0.0025
21060.00000 0.0025
21070.00000 0.0025
21080.00000 0.0025
21090.00000 0.0025
21100.00000 0.0025
21110.00000 0.0025
21120.00000 0.0025
21130.00000 0.0026
21140.00000 0.0025
21150.00000 0.0025
21160.00000 0.0026
21170.00000 0.0026
21180.00000 0.0026
21190.00000 0.0025
21200.00000 0.0026
21210.00000 0.0027
21220.00000 0.0027
21230.00000 0.0027
21240.00000 0.0028
21250.00000 0.0027
21260.00000 0.0026
21270.00000 0.0027
21280.00000 0.0028
21290.00000 0.0028
21300.00000 0.0027
21310.00000 0.0027
21320.00000 0.0028
21330.00000 0.0028
21340.00000 0.0028
21350.00000 0.0029
21360.00000 0.003
21370.00000 0.0029
21380.00000 0.0029
21390.00000 0.003
21400.00000 0.003
21410.00000 0.003
21420.00000 0.003
21430.00000 0.0031
21440.00000 0.003
21450.00000 0.003
21460.00000 0.0031
21470.00000 0.0032
21480.00000 0.0032
21490.00000 0.0032
21500.00000 0.0033
21510.00000 0.0032
21520.00000 0.0031
21530.00000 0.0033
21540.00000 0.0033
21550.00000 0.0033
21560.00000 0.0034
21570.00000 0.0034
21580.00000 0.0034
21590.00000 0.0035
21600.00000 0.0035
21610.00000 0.0036
21620.00000 0.0036
21630.00000 0.0035
21640.00000 0.0036
21650.00000 0.0036
21660.00000 0.0037
21670.00000 0.0038
21680.00000 0.0037
21690.00000 0.0037
21700.00000 0.0037
21710.00000 0.0038
21720.00000 0.0039
21730.00000 0.0039
21740.00000 0.0039
21750.00000 0.004
21760.00000 0.0041
21770.00000 0.004
21780.00000 0.004
21790.00000 0.0042
21800.00000 0.0042
21810.00000 0.0041
21820.00000 0.0042
21830.00000 0.0042
21840.00000 0.0043
21850.00000 0.0044
21860.00000 0.0045
21870.00000 0.0044
21880.00000 0.0045
21890.00000 0.0045
21900.00000 0.0047
21910.00000 0.0048
21920.00000 0.0046
21930.00000 0.0046
21940.00000 0.0048
21950.00000 0.0049
21960.00000 0.0048
21970.00000 0.0046
21980.00000 0.0046
21990.00000 0.005
22000.00000 0.0053
22010.00000 0.0052
22020.00000 0.0051
22030.00000 0.0053
22040.00000 0.0053
22050.00000 0.0052
22060.00000 0.0053
22070.00000 0.0053
22080.00000 0.0052
22090.00000 0.0052
22100.00000 0.0053
22110.00000 0.0053
22120.00000 0.0053
22130.00000 0.0054
22140.00000 0.0053
22150.00000 0.0052
22160.00000 0.0052
22170.00000 0.0052
22180.00000 0.0052
22190.00000 0.0052
22200.00000 0.0052
22210.00000 0.0052
22220.00000 0.0053
22230.00000 0.0052
22240.00000 0.0051
22250.00000 0.0051
22260.00000 0.005
22270.00000 0.0051
22280.00000 0.0051
22290.00000 0.0051
22300.00000 0.0051
22310.00000 0.0051
22320.00000 0.0051
22330.00000 0.005
22340.00000 0.005
22350.00000 0.005
22360.00000 0.005
22370.00000 0.0049
22380.00000 0.0049
22390.00000 0.005
22400.00000 0.005
22410.00000 0.0049
22420.00000 0.0048
22430.00000 0.0048
22440.00000 0.0048
22450.00000 0.0048
22460.00000 0.0048
22470.00000 0.0048
22480.00000 0.0047
22490.00000 0.0047
22500.00000 0.0046
22510.00000 0.0046
22520.00000 0.0046
22530.00000 0.0046
22540.00000 0.0046
22550.00000 0.0045
22560.00000 0.0045
22570.00000 0.0045
22580.00000 0.0044
22590.00000 0.0044
22600.00000 0.0044
22610.00000 0.0044
22620.00000 0.0043
22630.00000 0.0042
22640.00000 0.0042
22650.00000 0.0042
22660.00000 0.0042
22670.00000 0.0042
22680.00000 0.0041
22690.00000 0.0041
22700.00000 0.0041
22710.00000 0.0041
22720.00000 0.004
22730.00000 0.004
22740.00000 0.004
22750.00000 0.004
22760.00000 0.004
22770.00000 0.0039
22780.00000 0.0039
22790.00000 0.0039
22800.00000 0.0039
22810.00000 0.0039
22820.00000 0.0038
22830.00000 0.0037
22840.00000 0.0037
22850.00000 0.0037
22860.00000 0.0037
22870.00000 0.0037
22880.00000 0.0037
22890.00000 0.0037
22900.00000 0.0037
22910.00000 0.0037
22920.00000 0.0036
22930.00000 0.0036
22940.00000 0.0036
22950.00000 0.0036
22960.00000 0.0035
22970.00000 0.0035
22980.00000 0.0035
22990.00000 0.0035
23000.00000 0.0034
23010.00000 0.0034
23020.00000 0.0035
23030.00000 0.0035
23040.00000 0.0036
23050.00000 0.0035
23060.00000 0.0034
23070.00000 0.0034
23080.00000 0.0034
23090.00000 0.0034
23100.00000 0.0034
23110.00000 0.0034
23120.00000 0.0034
23130.00000 0.0033
23140.00000 0.0033
23150.00000 0.0034
23160.00000 0.0034
23170.00000 0.0034
23180.00000 0.0034
23190.00000 0.0034
23200.00000 0.0034
23210.00000 0.0033
23220.00000 0.0032
23230.00000 0.0032
23240.00000 0.0032
23250.00000 0.0033
23260.00000 0.0033
23270.00000 0.0033
23280.00000 0.0032
23290.00000 0.0032
23300.00000 0.0032
23310.00000 0.0032
23320.00000 0.0033
23330.00000 0.0033
23340.00000 0.0032
23350.00000 0.0031
23360.00000 0.0032
23370.00000 0.0032
23380.00000 0.0031
23390.00000 0.0031
23400.00000 0.0031
23410.00000 0.0032
23420.00000 0.0032
23430.00000 0.0032
23440.00000 0.0031
23450.00000 0.0031
23460.00000 0.003
23470.00000 0.003
23480.00000 0.003
23490.00000 0.0031
23500.00000 0.0031
23510.00000 0.0031
23520.00000 0.0031
23530.00000 0.0032
23540.00000 0.0032
23550.00000 0.0031
23560.00000 0.003
23570.00000 0.0031
23580.00000 0.003
23590.00000 0.003
23600.00000 0.0031
23610.00000 0.003
23620.00000 0.003
23630.00000 0.003
23640.00000 0.0029
23650.00000 0.0029
23660.00000 0.0029
23670.00000 0.0029
23680.00000 0.0029
23690.00000 0.0029
23700.00000 0.003
23710.00000 0.003
23720.00000 0.003
23730.00000 0.0029
23740.00000 0.0028
23750.00000 0.0029
23760.00000 0.003
23770.00000 0.0029
23780.00000 0.003
23790.00000 0.0031
23800.00000 0.003
23810.00000 0.0029
23820.00000 0.0029
23830.00000 0.0029
23840.00000 0.0029
23850.00000 0.0029
23860.00000 0.0029
23870.00000 0.0029
23880.00000 0.0029
23890.00000 0.0029
23900.00000 0.0029
23910.00000 0.0029
23920.00000 0.0029
23930.00000 0.003
23940.00000 0.003
23950.00000 0.0029
23960.00000 0.0028
23970.00000 0.0029
23980.00000 0.0029
23990.00000 0.0029
24000.00000 0.0029
24010.00000 0.0029
24020.00000 0.0029
24030.00000 0.0029
24040.00000 0.0029
24050.00000 0.0029
24060.00000 0.003
24070.00000 0.003
24080.00000 0.003
24090.00000 0.0029
24100.00000 0.0029
24110.00000 0.0029
24120.00000 0.0029
24130.00000 0.0029
24140.00000 0.0029
24150.00000 0.0029
24160.00000 0.0029
24170.00000 0.0028
24180.00000 0.0028
24190.00000 0.0029
24200.00000 0.0028
24210.00000 0.0028
24220.00000 0.0028
24230.00000 0.0028
24240.00000 0.0029
24250.00000 0.0028
24260.00000 0.0028
24270.00000 0.0028
24280.00000 0.0029
24290.00000 0.0029
24300.00000 0.0028
24310.00000 0.0028
24320.00000 0.0028
24330.00000 0.0028
24340.00000 0.0028
24350.00000 0.0028
24360.00000 0.0028
24370.00000 0.0028
24380.00000 0.0028
24390.00000 0.0028
24400.00000 0.0028
24410.00000 0.0029
24420.00000 0.0028
24430.00000 0.0028
24440.00000 0.0029
24450.00000 0.0028
24460.00000 0.0027
24470.00000 0.0028
24480.00000 0.0028
24490.00000 0.0027
24500.00000 0.0027
24510.00000 0.0027
24520.00000 0.0028
24530.00000 0.0028
24540.00000 0.0027
24550.00000 0.0027
24560.00000 0.0027
24570.00000 0.0027
24580.00000 0.0027
24590.00000 0.0026
24600.00000 0.0027
24610.00000 0.0028
24620.00000 0.0027
24630.00000 0.0027
24640.00000 0.0027
24650.00000 0.0027
24660.00000 0.0027
24670.00000 0.0027
24680.00000 0.0026
24690.00000 0.0026
24700.00000 0.0026
24710.00000 0.0026
24720.00000 0.0027
24730.00000 0.0027
24740.00000 0.0026
24750.00000 0.0026
24760.00000 0.0026
24770.00000 0.0026
24780.00000 0.0026
24790.00000 0.0026
24800.00000 0.0026
24810.00000 0.0026
24820.00000 0.0025
24830.00000 0.0026
24840.00000 0.0027
24850.00000 0.0026
24860.00000 0.0025
24870.00000 0.0025
24880.00000 0.0026
24890.00000 0.0026
24900.00000 0.0025
24910.00000 0.0025
24920.00000 0.0026
24930.00000 0.0026
24940.00000 0.0025
24950.00000 0.0026
24960.00000 0.0025
24970.00000 0.0025
24980.00000 0.0025
24990.00000 0.0025
25000.00000 0.0
