threeML/data/optical_filters/ESO/GROND-K.ecsv
# %ECSV 0.9
# ---
# datatype:
# - {name: wavelength, unit: Angstrom, datatype: float64}
# - {name: response, datatype: float64}
# meta: !!omap
# - {band_name: K}
# - {group_name: GROND}
wavelength response
[from data line 910]
19100.00000 0.0002
19110.00000 0.0002
19120.00000 0.0002
19130.00000 0.0002
19140.00000 0.0002
19150.00000 0.0002
19160.00000 0.0003
19170.00000 0.0003
19180.00000 0.0003
19190.00000 0.0003
19200.00000 0.0003
19210.00000 0.0004
19220.00000 0.0004
19230.00000 0.0004
19240.00000 0.0004
19250.00000 0.0005
19260.00000 0.0005
19270.00000 0.0006
19280.00000 0.0006
19290.00000 0.0007
19300.00000 0.0007
19310.00000 0.0007
19320.00000 0.0008
19330.00000 0.0009
19340.00000 0.0009
19350.00000 0.001
19360.00000 0.0011
19370.00000 0.0012
19380.00000 0.0013
19390.00000 0.0014
19400.00000 0.0015
19410.00000 0.0016
19420.00000 0.0017
19430.00000 0.0018
19440.00000 0.002
19450.00000 0.0022
19460.00000 0.0023
19470.00000 0.0025
19480.00000 0.0027
19490.00000 0.003
19500.00000 0.0032
19510.00000 0.0035
19520.00000 0.0037
19530.00000 0.004
19540.00000 0.0044
19550.00000 0.0048
19560.00000 0.0052
19570.00000 0.0056
19580.00000 0.006
19590.00000 0.0066
19600.00000 0.0071
19610.00000 0.0077
19620.00000 0.0083
19630.00000 0.009
19640.00000 0.0098
19650.00000 0.0106
19660.00000 0.0115
19670.00000 0.0125
19680.00000 0.0136
19690.00000 0.0147
19700.00000 0.0159
19710.00000 0.0173
19720.00000 0.0188
19730.00000 0.0203
19740.00000 0.022
19750.00000 0.0239
19760.00000 0.0259
19770.00000 0.0279
19780.00000 0.0302
19790.00000 0.0327
19800.00000 0.0354
19810.00000 0.0383
19820.00000 0.0413
19830.00000 0.0445
19840.00000 0.0481
19850.00000 0.052
19860.00000 0.0561
19870.00000 0.0606
19880.00000 0.0652
19890.00000 0.07
19900.00000 0.0751
19910.00000 0.0808
19920.00000 0.087
19930.00000 0.0931
19940.00000 0.0996
19950.00000 0.1065
19960.00000 0.1138
19970.00000 0.1216
19980.00000 0.1298
19990.00000 0.1384
20000.00000 0.1471
20010.00000 0.1561
20020.00000 0.1657
20030.00000 0.1756
20040.00000 0.1857
20050.00000 0.1959
20060.00000 0.2065
20070.00000 0.2173
20080.00000 0.2289
20090.00000 0.2409
20100.00000 0.2524
20110.00000 0.264
20120.00000 0.2761
20130.00000 0.2886
20140.00000 0.3009
20150.00000 0.3132
20160.00000 0.3253
20170.00000 0.3375
20180.00000 0.3496
20190.00000 0.362
20200.00000 0.3742
20210.00000 0.3859
20220.00000 0.3973
20230.00000 0.4087
20240.00000 0.42
20250.00000 0.4315
20260.00000 0.4423
20270.00000 0.4523
20280.00000 0.4619
20290.00000 0.4716
20300.00000 0.481
20310.00000 0.4901
20320.00000 0.4985
20330.00000 0.5059
20340.00000 0.5131
20350.00000 0.5203
20360.00000 0.5277
20370.00000 0.5343
20380.00000 0.54
20390.00000 0.5448
20400.00000 0.5496
20410.00000 0.5545
20420.00000 0.559
20430.00000 0.5631
20440.00000 0.5662
20450.00000 0.569
20460.00000 0.5718
20470.00000 0.5749
20480.00000 0.5773
20490.00000 0.5794
20500.00000 0.5806
20510.00000 0.5818
20520.00000 0.5831
20530.00000 0.5847
20540.00000 0.5858
20550.00000 0.5863
20560.00000 0.5861
20570.00000 0.5861
20580.00000 0.5868
20590.00000 0.5872
20600.00000 0.5874
20610.00000 0.5869
20620.00000 0.5864
20630.00000 0.586
20640.00000 0.5861
20650.00000 0.5862
20660.00000 0.586
20670.00000 0.5854
20680.00000 0.5845
20690.00000 0.5838
20700.00000 0.5834
20710.00000 0.5834
20720.00000 0.583
20730.00000 0.5822
20740.00000 0.5809
20750.00000 0.5801
20760.00000 0.5802
20770.00000 0.5803
20780.00000 0.5799
20790.00000 0.5789
20800.00000 0.5782
20810.00000 0.5777
20820.00000 0.5778
20830.00000 0.5774
20840.00000 0.577
20850.00000 0.576
20860.00000 0.5756
20870.00000 0.5756
20880.00000 0.5755
20890.00000 0.576
20900.00000 0.5759
20910.00000 0.5755
20920.00000 0.5748
20930.00000 0.5749
20940.00000 0.5755
20950.00000 0.576
20960.00000 0.5761
20970.00000 0.5757
20980.00000 0.5754
20990.00000 0.5757
21000.00000 0.5766
21010.00000 0.577
21020.00000 0.577
21030.00000 0.5771
21040.00000 0.5774
21050.00000 0.5774
21060.00000 0.5783
21070.00000 0.5793
21080.00000 0.5798
21090.00000 0.58
21100.00000 0.5803
21110.00000 0.5806
21120.00000 0.5813
21130.00000 0.582
21140.00000 0.5828
21150.00000 0.5833
21160.00000 0.5835
21170.00000 0.5838
21180.00000 0.5848
21190.00000 0.5861
21200.00000 0.5868
21210.00000 0.5875
21220.00000 0.5879
21230.00000 0.5881
21240.00000 0.5892
21250.00000 0.5904
21260.00000 0.5914
21270.00000 0.5916
21280.00000 0.5925
21290.00000 0.5934
21300.00000 0.5941
21310.00000 0.5948
21320.00000 0.5955
21330.00000 0.5961
21340.00000 0.5968
21350.00000 0.5969
21360.00000 0.5975
21370.00000 0.5987
21380.00000 0.5998
21390.00000 0.6002
21400.00000 0.6011
21410.00000 0.6017
21420.00000 0.6026
21430.00000 0.6034
21440.00000 0.6046
21450.00000 0.6057
21460.00000 0.6058
21470.00000 0.6056
21480.00000 0.6059
21490.00000 0.6065
21500.00000 0.6071
21510.00000 0.6083
21520.00000 0.6089
21530.00000 0.609
21540.00000 0.6093
21550.00000 0.61
21560.00000 0.6108
21570.00000 0.6109
21580.00000 0.6114
21590.00000 0.6114
21600.00000 0.6116
21610.00000 0.6116
21620.00000 0.6123
21630.00000 0.6128
21640.00000 0.6126
21650.00000 0.6125
21660.00000 0.6122
21670.00000 0.612
21680.00000 0.6116
21690.00000 0.6116
21700.00000 0.6115
21710.00000 0.6113
21720.00000 0.6107
21730.00000 0.6106
21740.00000 0.6105
21750.00000 0.6102
21760.00000 0.6101
21770.00000 0.6102
21780.00000 0.61
21790.00000 0.6089
21800.00000 0.6083
21810.00000 0.6084
21820.00000 0.6083
21830.00000 0.6078
21840.00000 0.6075
21850.00000 0.606
21860.00000 0.6049
21870.00000 0.6046
21880.00000 0.6045
21890.00000 0.6038
21900.00000 0.6029
21910.00000 0.602
21920.00000 0.6015
21930.00000 0.601
21940.00000 0.5997
21950.00000 0.5983
21960.00000 0.5977
21970.00000 0.5981
21980.00000 0.5976
21990.00000 0.5962
22000.00000 0.5947
22010.00000 0.5945
22020.00000 0.5947
22030.00000 0.5942
22040.00000 0.5933
22050.00000 0.5931
22060.00000 0.5922
22070.00000 0.5915
22080.00000 0.5912
22090.00000 0.5907
22100.00000 0.5902
22110.00000 0.5899
22120.00000 0.5894
22130.00000 0.589
22140.00000 0.5889
22150.00000 0.5886
22160.00000 0.5882
22170.00000 0.5881
22180.00000 0.5876
22190.00000 0.587
22200.00000 0.5866
22210.00000 0.5867
22220.00000 0.5866
22230.00000 0.5865
22240.00000 0.5865
22250.00000 0.5868
22260.00000 0.5869
22270.00000 0.5869
22280.00000 0.587
22290.00000 0.5868
22300.00000 0.5866
22310.00000 0.5866
22320.00000 0.5866
22330.00000 0.5865
22340.00000 0.5865
22350.00000 0.5865
22360.00000 0.5866
22370.00000 0.5871
22380.00000 0.5871
22390.00000 0.5873
22400.00000 0.5875
22410.00000 0.5879
22420.00000 0.5887
22430.00000 0.5893
22440.00000 0.59
22450.00000 0.5901
22460.00000 0.5906
22470.00000 0.5908
22480.00000 0.5914
22490.00000 0.5919
22500.00000 0.5925
22510.00000 0.5931
22520.00000 0.5932
22530.00000 0.5936
22540.00000 0.5938
22550.00000 0.5939
22560.00000 0.5944
22570.00000 0.5949
22580.00000 0.5954
22590.00000 0.5958
22600.00000 0.5961
22610.00000 0.5963
22620.00000 0.5964
22630.00000 0.5965
22640.00000 0.5965
22650.00000 0.596
22660.00000 0.5955
22670.00000 0.5949
22680.00000 0.5946
22690.00000 0.5938
22700.00000 0.5926
22710.00000 0.5918
22720.00000 0.5908
22730.00000 0.5894
22740.00000 0.5876
22750.00000 0.5859
22760.00000 0.5839
22770.00000 0.5818
22780.00000 0.5796
22790.00000 0.5772
22800.00000 0.5742
22810.00000 0.5708
22820.00000 0.5675
22830.00000 0.5638
22840.00000 0.5599
22850.00000 0.5556
22860.00000 0.5511
22870.00000 0.5461
22880.00000 0.5409
22890.00000 0.5357
22900.00000 0.5303
22910.00000 0.5246
22920.00000 0.5189
22930.00000 0.5125
22940.00000 0.5061
22950.00000 0.4994
22960.00000 0.4924
22970.00000 0.4849
22980.00000 0.4773
22990.00000 0.4694
23000.00000 0.4612
23010.00000 0.4533
23020.00000 0.4451
23030.00000 0.4365
23040.00000 0.428
23050.00000 0.4194
23060.00000 0.4107
23070.00000 0.4021
23080.00000 0.3927
23090.00000 0.3839
23100.00000 0.3747
23110.00000 0.3655
23120.00000 0.3563
23130.00000 0.3472
23140.00000 0.3382
23150.00000 0.3294
23160.00000 0.3205
23170.00000 0.3117
23180.00000 0.303
23190.00000 0.2944
23200.00000 0.2858
23210.00000 0.2777
23220.00000 0.2696
23230.00000 0.2617
23240.00000 0.2537
23250.00000 0.2459
23260.00000 0.2382
23270.00000 0.2309
23280.00000 0.2236
23290.00000 0.2166
23300.00000 0.2097
23310.00000 0.203
23320.00000 0.1965
23330.00000 0.19
23340.00000 0.1838
23350.00000 0.1779
23360.00000 0.1722
23370.00000 0.1666
23380.00000 0.1611
23390.00000 0.1556
23400.00000 0.1505
23410.00000 0.1455
23420.00000 0.1408
23430.00000 0.1362
23440.00000 0.1316
23450.00000 0.1274
23460.00000 0.1232
23470.00000 0.1191
23480.00000 0.1149
23490.00000 0.111
23500.00000 0.1074
23510.00000 0.1038
23520.00000 0.1003
23530.00000 0.097
23540.00000 0.0938
23550.00000 0.0908
23560.00000 0.0877
23570.00000 0.0848
23580.00000 0.0819
23590.00000 0.079
23600.00000 0.0764
23610.00000 0.0739
23620.00000 0.0715
23630.00000 0.0694
23640.00000 0.0672
23650.00000 0.065
23660.00000 0.063
23670.00000 0.0609
23680.00000 0.0591
23690.00000 0.0573
23700.00000 0.0556
23710.00000 0.0539
23720.00000 0.0522
23730.00000 0.0506
23740.00000 0.049
23750.00000 0.0473
23760.00000 0.0459
23770.00000 0.0446
23780.00000 0.0433
23790.00000 0.0421
23800.00000 0.0408
23810.00000 0.0395
23820.00000 0.0382
23830.00000 0.037
23840.00000 0.036
23850.00000 0.035
23860.00000 0.034
23870.00000 0.033
23880.00000 0.032
23890.00000 0.031
23900.00000 0.03
23910.00000 0.0293
23920.00000 0.0285
23930.00000 0.0278
23940.00000 0.027
23950.00000 0.0263
23960.00000 0.0255
23970.00000 0.0247
23980.00000 0.0241
23990.00000 0.0235
24000.00000 0.0229
24010.00000 0.0223
24020.00000 0.0216
24030.00000 0.021
24040.00000 0.0204
24050.00000 0.0199
24060.00000 0.0195
24070.00000 0.019
24080.00000 0.0184
24090.00000 0.0179
24100.00000 0.0174
24110.00000 0.017
24120.00000 0.0166
24130.00000 0.0162
24140.00000 0.0158
24150.00000 0.0153
24160.00000 0.0149
24170.00000 0.0146
24180.00000 0.0142
24190.00000 0.0139
24200.00000 0.0135
24210.00000 0.0131
24220.00000 0.0129
24230.00000 0.0126
24240.00000 0.0122
24250.00000 0.0119
24260.00000 0.0117
24270.00000 0.0114
24280.00000 0.011
24290.00000 0.0108
24300.00000 0.0106
24310.00000 0.0104
24320.00000 0.0101
24330.00000 0.0098
24340.00000 0.0096
24350.00000 0.0094
24360.00000 0.0092
24370.00000 0.0089
24380.00000 0.0087
24390.00000 0.0086
24400.00000 0.0083
24410.00000 0.0082
24420.00000 0.008
24430.00000 0.0078
24440.00000 0.0076
24450.00000 0.0074
24460.00000 0.0073
24470.00000 0.0071
24480.00000 0.0069
24490.00000 0.0067
24500.00000 0.0067
24510.00000 0.0066
24520.00000 0.0064
24530.00000 0.0062
24540.00000 0.0061
24550.00000 0.006
24560.00000 0.0058
24570.00000 0.0057
24580.00000 0.0056
24590.00000 0.0055
24600.00000 0.0053
24610.00000 0.0051
24620.00000 0.0051
24630.00000 0.005
24640.00000 0.005
24650.00000 0.0049
24660.00000 0.0047
24670.00000 0.0045
24680.00000 0.0045
24690.00000 0.0045
24700.00000 0.0044
24710.00000 0.0042
24720.00000 0.0041
24730.00000 0.004
24740.00000 0.004
24750.00000 0.0039
24760.00000 0.0038
24770.00000 0.0037
24780.00000 0.0037
24790.00000 0.0036
24800.00000 0.0035
24810.00000 0.0034
24820.00000 0.0033
24830.00000 0.0033
24840.00000 0.0033
24850.00000 0.0032
24860.00000 0.0031
24870.00000 0.003
24880.00000 0.0029
24890.00000 0.0028
24900.00000 0.0028
24910.00000 0.0028
24920.00000 0.0027
24930.00000 0.0027
24940.00000 0.0026
24950.00000 0.0026
24960.00000 0.0025
24970.00000 0.0025
24980.00000 0.0025
24990.00000 0.0024
25000.00000 0.0
