threeML/data/optical_filters/ESO/GROND-H.ecsv
# %ECSV 0.9
# ---
# datatype:
# - {name: wavelength, unit: Angstrom, datatype: float64}
# - {name: response, datatype: float64}
# meta: !!omap
# - {band_name: H}
# - {group_name: GROND}
wavelength response
10140.00000 0.0
10150.00000 0.0001
10160.00000 0.0001
10170.00000 0.0001
10180.00000 0.0001
10190.00000 0.0001
10200.00000 0.0001
10210.00000 0.0001
10220.00000 0.0001
10230.00000 0.0001
10240.00000 0.0002
10250.00000 0.0002
10260.00000 0.0002
10270.00000 0.0003
10280.00000 0.0003
10290.00000 0.0003
10300.00000 0.0004
10310.00000 0.0004
10320.00000 0.0005
10330.00000 0.0006
10340.00000 0.0007
10350.00000 0.0008
10360.00000 0.001
10370.00000 0.0012
10380.00000 0.0014
10390.00000 0.0016
10400.00000 0.0019
10410.00000 0.0023
10420.00000 0.0027
10430.00000 0.0032
10440.00000 0.0037
10450.00000 0.0042
10460.00000 0.0047
10470.00000 0.0052
10480.00000 0.0057
10490.00000 0.006
10500.00000 0.0062
10510.00000 0.0063
10520.00000 0.0062
10530.00000 0.0059
10540.00000 0.0056
10550.00000 0.0051
10560.00000 0.0045
10570.00000 0.0039
10580.00000 0.0033
10590.00000 0.0028
10600.00000 0.0023
10610.00000 0.0018
10620.00000 0.0014
10630.00000 0.0011
10640.00000 0.0008
10650.00000 0.0006
10660.00000 0.0004
10670.00000 0.0003
10680.00000 0.0002
10690.00000 0.0001
10700.00000 0.0001
10710.00000 0.0001
10720.00000 0.0001
10730.00000 0.0001
10740.00000 0.0002
10750.00000 0.0003
10760.00000 0.0004
10770.00000 0.0004
10780.00000 0.0005
10790.00000 0.0006
10800.00000 0.0007
10810.00000 0.0009
10820.00000 0.001
10830.00000 0.0011
10840.00000 0.0012
10850.00000 0.0014
10860.00000 0.0015
10870.00000 0.0017
10880.00000 0.0019
10890.00000 0.0022
10900.00000 0.0024
10910.00000 0.0027
10920.00000 0.0031
10930.00000 0.0035
10940.00000 0.004
10950.00000 0.0046
10960.00000 0.0054
10970.00000 0.0065
10980.00000 0.0078
10990.00000 0.0095
11000.00000 0.0118
11010.00000 0.0148
11020.00000 0.0188
11030.00000 0.0238
11040.00000 0.0296
11050.00000 0.0358
11060.00000 0.0413
11070.00000 0.045
11080.00000 0.046
11090.00000 0.044
11100.00000 0.0398
11110.00000 0.0345
11120.00000 0.0288
11130.00000 0.0234
11140.00000 0.0185
11150.00000 0.014
11160.00000 0.0103
11170.00000 0.0072
11180.00000 0.005
11190.00000 0.0034
11200.00000 0.0023
11210.00000 0.0015
11220.00000 0.001
11230.00000 0.0007
11240.00000 0.0004
11250.00000 0.0003
11260.00000 0.0002
11270.00000 0.0002
11280.00000 0.0001
11290.00000 0.0001
11300.00000 0.0001
11310.00000 0.0
11320.00000 0.0
11330.00000 0.0
11340.00000 0.0
11350.00000 0.0
11360.00000 0.0
11370.00000 0.0
11380.00000 0.0
11390.00000 0.0
11400.00000 0.0
11410.00000 0.0
11420.00000 0.0
11430.00000 0.0
11440.00000 0.0
11450.00000 0.0
11460.00000 0.0
11470.00000 0.0
11480.00000 0.0
11490.00000 0.0
11500.00000 0.0
11510.00000 0.0
11520.00000 0.0
11530.00000 0.0
11540.00000 0.0
11550.00000 0.0
11560.00000 0.0
11570.00000 0.0
11580.00000 0.0
11590.00000 0.0
11600.00000 0.0
11610.00000 0.0
11620.00000 0.0
11630.00000 0.0
11640.00000 0.0
11650.00000 0.0
11660.00000 0.0
11670.00000 0.0
11680.00000 0.0
11690.00000 0.0
11700.00000 0.0
11710.00000 0.0
11720.00000 0.0
11730.00000 0.0
11740.00000 0.0
11750.00000 0.0
11760.00000 0.0
11770.00000 0.0
11780.00000 0.0
11790.00000 0.0
11800.00000 0.0
11810.00000 0.0
11820.00000 0.0
11830.00000 0.0
11840.00000 0.0
11850.00000 0.0
11860.00000 0.0
11870.00000 0.0
11880.00000 0.0
11890.00000 0.0
11900.00000 0.0
11910.00000 0.0
11920.00000 0.0
11930.00000 0.0
11940.00000 0.0
11950.00000 0.0
11960.00000 0.0
11970.00000 0.0
11980.00000 0.0
11990.00000 0.0
12000.00000 0.0
12010.00000 0.0
12020.00000 0.0
12030.00000 0.0
12040.00000 0.0
12050.00000 0.0
12060.00000 0.0
12070.00000 0.0
12080.00000 0.0
12090.00000 0.0
12100.00000 0.0
12110.00000 0.0
12120.00000 0.0
12130.00000 0.0
12140.00000 0.0
12150.00000 0.0
12160.00000 0.0
12170.00000 0.0
12180.00000 0.0
12190.00000 0.0
12200.00000 0.0
12210.00000 0.0
12220.00000 0.0
12230.00000 0.0
12240.00000 0.0
12250.00000 0.0
12260.00000 0.0
12270.00000 0.0
12280.00000 0.0
12290.00000 0.0
12300.00000 0.0
12310.00000 0.0
12320.00000 0.0
12330.00000 0.0
12340.00000 0.0
12350.00000 0.0
12360.00000 0.0
12370.00000 0.0
12380.00000 0.0
12390.00000 0.0
12400.00000 0.0
12410.00000 0.0
12420.00000 0.0
12430.00000 0.0
12440.00000 0.0
12450.00000 0.0
12460.00000 0.0
12470.00000 0.0
12480.00000 0.0
12490.00000 0.0
12500.00000 0.0
12510.00000 0.0
12520.00000 0.0
12530.00000 0.0
12540.00000 0.0
12550.00000 0.0
12560.00000 0.0
12570.00000 0.0
12580.00000 0.0
12590.00000 0.0
12600.00000 0.0
12610.00000 0.0
12620.00000 0.0
12630.00000 0.0
12640.00000 0.0
12650.00000 0.0
12660.00000 0.0
12670.00000 0.0
12680.00000 0.0
12690.00000 0.0
12700.00000 0.0
12710.00000 0.0
12720.00000 0.0
12730.00000 0.0
12740.00000 0.0
12750.00000 0.0
12760.00000 0.0
12770.00000 0.0
12780.00000 0.0
12790.00000 0.0
12800.00000 0.0
12810.00000 0.0
12820.00000 0.0
12830.00000 0.0
12840.00000 0.0
12850.00000 0.0
12860.00000 0.0
12870.00000 0.0
12880.00000 0.0
12890.00000 0.0
12900.00000 0.0
12910.00000 0.0
12920.00000 0.0
12930.00000 0.0
12940.00000 0.0
12950.00000 0.0
12960.00000 0.0
12970.00000 0.0
12980.00000 0.0
12990.00000 0.0
13000.00000 0.0
13010.00000 0.0
13020.00000 0.0
13030.00000 0.0
13040.00000 0.0
13050.00000 0.0
13060.00000 0.0
13070.00000 0.0
13080.00000 0.0
13090.00000 0.0
13100.00000 0.0
13110.00000 0.0
13120.00000 0.0
13130.00000 0.0
13140.00000 0.0
13150.00000 0.0
13160.00000 0.0
13170.00000 0.0
13180.00000 0.0
13190.00000 0.0
13200.00000 0.0
13210.00000 0.0
13220.00000 0.0
13230.00000 0.0
13240.00000 0.0
13250.00000 0.0
13260.00000 0.0
13270.00000 0.0
13280.00000 0.0
13290.00000 0.0
13300.00000 0.0
13310.00000 0.0
13320.00000 0.0
13330.00000 0.0
13340.00000 0.0
13350.00000 0.0
13360.00000 0.0
13370.00000 0.0
13380.00000 0.0
13390.00000 0.0
13400.00000 0.0
13410.00000 0.0
13420.00000 0.0
13430.00000 0.0
13440.00000 0.0
13450.00000 0.0
13460.00000 0.0
13470.00000 0.0
13480.00000 0.0
13490.00000 0.0
13500.00000 0.0
13510.00000 0.0
13520.00000 0.0
13530.00000 0.0
13540.00000 0.0
13550.00000 0.0
13560.00000 0.0
13570.00000 0.0
13580.00000 0.0
13590.00000 0.0
13600.00000 0.0
13610.00000 0.0
13620.00000 0.0
13630.00000 0.0
13640.00000 0.0
13650.00000 0.0
13660.00000 0.0
13670.00000 0.0
13680.00000 0.0
13690.00000 0.0
13700.00000 0.0
13710.00000 0.0
13720.00000 0.0
13730.00000 0.0
13740.00000 0.0
13750.00000 0.0
13760.00000 0.0
13770.00000 0.0
13780.00000 0.0
13790.00000 0.0
13800.00000 0.0
13810.00000 0.0
13820.00000 0.0
13830.00000 0.0
13840.00000 0.0
13850.00000 0.0
13860.00000 0.0
13870.00000 0.0
13880.00000 0.0
13890.00000 0.0
13900.00000 0.0
13910.00000 0.0
13920.00000 0.0
13930.00000 0.0
13940.00000 0.0
13950.00000 0.0
13960.00000 0.0
13970.00000 0.0
13980.00000 0.0
13990.00000 0.0
14000.00000 0.0
14010.00000 0.0
14020.00000 0.0
14030.00000 0.0
14040.00000 0.0
14050.00000 0.0
14060.00000 0.0
14070.00000 0.0
14080.00000 0.0
14090.00000 0.0
14100.00000 0.0
14110.00000 0.0
14120.00000 0.0
14130.00000 0.0
14140.00000 0.0
14150.00000 0.0
14160.00000 0.0
14170.00000 0.0
14180.00000 0.0
14190.00000 0.0
14200.00000 0.0
14210.00000 0.0
14220.00000 0.0
14230.00000 0.0
14240.00000 0.0
14250.00000 0.0
14260.00000 0.0
14270.00000 0.0
14280.00000 0.0
14290.00000 0.0
14300.00000 0.0
14310.00000 0.0
14320.00000 0.0
14330.00000 0.0
14340.00000 0.0
14350.00000 0.0
14360.00000 0.0001
14370.00000 0.0001
14380.00000 0.0001
14390.00000 0.0001
14400.00000 0.0001
14410.00000 0.0001
14420.00000 0.0001
14430.00000 0.0001
14440.00000 0.0001
14450.00000 0.0001
14460.00000 0.0001
14470.00000 0.0002
14480.00000 0.0002
14490.00000 0.0002
14500.00000 0.0002
14510.00000 0.0002
14520.00000 0.0003
14530.00000 0.0003
14540.00000 0.0003
14550.00000 0.0003
14560.00000 0.0004
14570.00000 0.0004
14580.00000 0.0004
14590.00000 0.0004
14600.00000 0.0004
14610.00000 0.0005
14620.00000 0.0005
14630.00000 0.0005
14640.00000 0.0005
14650.00000 0.0004
14660.00000 0.0004
14670.00000 0.0003
14680.00000 0.0003
14690.00000 0.0002
14700.00000 0.0002
14710.00000 0.0002
14720.00000 0.0004
14730.00000 0.0006
14740.00000 0.001
14750.00000 0.0016
14760.00000 0.0023
14770.00000 0.0031
14780.00000 0.0042
14790.00000 0.0054
14800.00000 0.0068
14810.00000 0.0083
14820.00000 0.0101
14830.00000 0.0121
14840.00000 0.0143
14850.00000 0.0167
14860.00000 0.0195
14870.00000 0.0227
14880.00000 0.0262
14890.00000 0.0301
14900.00000 0.0346
14910.00000 0.0395
14920.00000 0.0449
14930.00000 0.0511
14940.00000 0.058
14950.00000 0.0655
14960.00000 0.0738
14970.00000 0.0829
14980.00000 0.0929
14990.00000 0.1039
15000.00000 0.1154
15010.00000 0.1282
15020.00000 0.1418
15030.00000 0.1564
15040.00000 0.1716
15050.00000 0.188
15060.00000 0.2051
15070.00000 0.2228
15080.00000 0.2411
15090.00000 0.2597
15100.00000 0.279
15110.00000 0.2982
15120.00000 0.3172
15130.00000 0.3361
15140.00000 0.3552
15150.00000 0.3737
15160.00000 0.392
15170.00000 0.4093
15180.00000 0.4258
15190.00000 0.4416
15200.00000 0.4564
15210.00000 0.4701
15220.00000 0.4827
15230.00000 0.4946
15240.00000 0.5054
15250.00000 0.5149
15260.00000 0.5233
15270.00000 0.5309
15280.00000 0.5376
15290.00000 0.5433
15300.00000 0.548
15310.00000 0.5522
15320.00000 0.556
15330.00000 0.5591
15340.00000 0.5614
15350.00000 0.5632
15360.00000 0.5648
15370.00000 0.5659
15380.00000 0.567
15390.00000 0.5673
15400.00000 0.5674
15410.00000 0.5672
15420.00000 0.5672
15430.00000 0.5668
15440.00000 0.5665
15450.00000 0.5657
15460.00000 0.565
15470.00000 0.5644
15480.00000 0.5641
15490.00000 0.5632
15500.00000 0.5621
15510.00000 0.5612
15520.00000 0.5603
15530.00000 0.5598
15540.00000 0.5591
15550.00000 0.5584
15560.00000 0.5573
15570.00000 0.5564
15580.00000 0.5559
15590.00000 0.555
15600.00000 0.5543
15610.00000 0.5533
15620.00000 0.5525
15630.00000 0.5519
15640.00000 0.5512
15650.00000 0.5506
15660.00000 0.5502
15670.00000 0.5501
15680.00000 0.5496
15690.00000 0.5493
15700.00000 0.5487
15710.00000 0.548
15720.00000 0.5472
15730.00000 0.5467
15740.00000 0.5462
15750.00000 0.546
15760.00000 0.5455
15770.00000 0.5453
15780.00000 0.545
15790.00000 0.5443
15800.00000 0.5436
15810.00000 0.5435
15820.00000 0.5433
15830.00000 0.5429
15840.00000 0.5426
15850.00000 0.5427
15860.00000 0.5427
15870.00000 0.5426
15880.00000 0.5426
15890.00000 0.5423
15900.00000 0.5418
15910.00000 0.5413
15920.00000 0.5412
15930.00000 0.5409
15940.00000 0.5409
15950.00000 0.5411
15960.00000 0.5411
15970.00000 0.5408
15980.00000 0.5401
15990.00000 0.5394
16000.00000 0.5388
16010.00000 0.5387
16020.00000 0.5383
16030.00000 0.538
16040.00000 0.5379
16050.00000 0.5378
16060.00000 0.5376
16070.00000 0.5373
16080.00000 0.5367
16090.00000 0.5365
16100.00000 0.5361
16110.00000 0.5359
16120.00000 0.5357
16130.00000 0.5359
16140.00000 0.5355
16150.00000 0.5355
16160.00000 0.5356
16170.00000 0.5353
16180.00000 0.535
16190.00000 0.5344
16200.00000 0.5342
16210.00000 0.5337
16220.00000 0.533
16230.00000 0.5331
16240.00000 0.5332
16250.00000 0.5332
16260.00000 0.5332
16270.00000 0.533
16280.00000 0.5328
16290.00000 0.5328
16300.00000 0.5325
16310.00000 0.5323
16320.00000 0.5323
16330.00000 0.5321
16340.00000 0.5322
16350.00000 0.532
16360.00000 0.5314
16370.00000 0.5309
16380.00000 0.5306
16390.00000 0.5306
16400.00000 0.5303
16410.00000 0.5305
16420.00000 0.5305
16430.00000 0.5304
16440.00000 0.5302
16450.00000 0.5301
16460.00000 0.5302
16470.00000 0.5296
16480.00000 0.5287
16490.00000 0.529
16500.00000 0.5294
16510.00000 0.5297
16520.00000 0.5303
16530.00000 0.5304
16540.00000 0.5307
16550.00000 0.5308
16560.00000 0.5313
16570.00000 0.5318
16580.00000 0.5316
16590.00000 0.5314
16600.00000 0.5317
16610.00000 0.5321
16620.00000 0.5321
16630.00000 0.5322
16640.00000 0.5323
16650.00000 0.5328
16660.00000 0.5332
16670.00000 0.5335
16680.00000 0.534
16690.00000 0.5345
16700.00000 0.5343
16710.00000 0.5344
16720.00000 0.5347
16730.00000 0.5348
16740.00000 0.5349
16750.00000 0.5348
16760.00000 0.5349
16770.00000 0.5349
16780.00000 0.5355
16790.00000 0.5359
16800.00000 0.536
16810.00000 0.5364
16820.00000 0.5362
16830.00000 0.5358
16840.00000 0.536
16850.00000 0.5359
16860.00000 0.5361
16870.00000 0.5365
16880.00000 0.5367
16890.00000 0.5366
16900.00000 0.537
16910.00000 0.5369
16920.00000 0.5367
16930.00000 0.5365
16940.00000 0.5367
16950.00000 0.5367
16960.00000 0.5369
16970.00000 0.5368
16980.00000 0.5364
16990.00000 0.5364
17000.00000 0.5367
17010.00000 0.5365
17020.00000 0.5363
17030.00000 0.5361
17040.00000 0.5359
17050.00000 0.5356
17060.00000 0.5356
17070.00000 0.5358
17080.00000 0.5357
17090.00000 0.5357
17100.00000 0.5354
17110.00000 0.5355
17120.00000 0.5354
17130.00000 0.5354
17140.00000 0.5353
17150.00000 0.5356
17160.00000 0.5357
17170.00000 0.5358
17180.00000 0.5354
17190.00000 0.5355
17200.00000 0.5355
17210.00000 0.5358
17220.00000 0.5359
17230.00000 0.5362
17240.00000 0.5368
17250.00000 0.537
17260.00000 0.5373
17270.00000 0.5375
17280.00000 0.5378
17290.00000 0.538
17300.00000 0.5382
17310.00000 0.5389
17320.00000 0.5393
17330.00000 0.5395
17340.00000 0.5399
17350.00000 0.5407
17360.00000 0.5411
17370.00000 0.5411
17380.00000 0.5416
17390.00000 0.542
17400.00000 0.5424
17410.00000 0.5431
17420.00000 0.5432
17430.00000 0.5432
17440.00000 0.5434
17450.00000 0.5433
17460.00000 0.5432
17470.00000 0.5427
17480.00000 0.5421
17490.00000 0.5414
17500.00000 0.5405
17510.00000 0.5388
17520.00000 0.5372
17530.00000 0.5353
17540.00000 0.533
17550.00000 0.5302
17560.00000 0.5271
17570.00000 0.5232
17580.00000 0.5191
17590.00000 0.5141
17600.00000 0.5087
17610.00000 0.5025
17620.00000 0.4955
17630.00000 0.4882
17640.00000 0.4802
17650.00000 0.4718
17660.00000 0.4624
17670.00000 0.4526
17680.00000 0.442
17690.00000 0.431
17700.00000 0.4194
17710.00000 0.4075
17720.00000 0.3951
17730.00000 0.3822
17740.00000 0.3691
17750.00000 0.3558
17760.00000 0.3422
17770.00000 0.329
17780.00000 0.3158
17790.00000 0.3022
17800.00000 0.2889
17810.00000 0.2758
17820.00000 0.2627
17830.00000 0.2501
17840.00000 0.2379
17850.00000 0.2258
17860.00000 0.2142
17870.00000 0.2031
17880.00000 0.1924
17890.00000 0.1819
17900.00000 0.172
17910.00000 0.1626
17920.00000 0.1537
17930.00000 0.1453
17940.00000 0.1371
17950.00000 0.1294
17960.00000 0.1221
17970.00000 0.1153
17980.00000 0.1088
17990.00000 0.1026
18000.00000 0.0968
18010.00000 0.0914
18020.00000 0.0861
18030.00000 0.0813
18040.00000 0.0768
18050.00000 0.0726
18060.00000 0.0686
18070.00000 0.065
18080.00000 0.0615
18090.00000 0.0581
18100.00000 0.0547
18110.00000 0.0515
18120.00000 0.0487
18130.00000 0.0463
18140.00000 0.0442
18150.00000 0.0421
18160.00000 0.0399
18170.00000 0.0375
18180.00000 0.0353
18190.00000 0.0334
18200.00000 0.0318
18210.00000 0.0304
18220.00000 0.029
18230.00000 0.0276
18240.00000 0.0262
18250.00000 0.0248
18260.00000 0.0235
18270.00000 0.0222
18280.00000 0.0211
18290.00000 0.0199
18300.00000 0.0189
18310.00000 0.018
18320.00000 0.0173
18330.00000 0.017
18340.00000 0.0167
18350.00000 0.0159
18360.00000 0.0148
18370.00000 0.0135
18380.00000 0.0126
18390.00000 0.0122
18400.00000 0.0122
18410.00000 0.0122
18420.00000 0.0117
18430.00000 0.0109
18440.00000 0.0102
18450.00000 0.0099
18460.00000 0.0096
18470.00000 0.0091
18480.00000 0.0084
18490.00000 0.008
18500.00000 0.0078
18510.00000 0.0077
18520.00000 0.0077
18530.00000 0.0078
18540.00000 0.0075
18550.00000 0.0071
18560.00000 0.0066
18570.00000 0.0059
18580.00000 0.0053
18590.00000 0.005
18600.00000 0.0047
18610.00000 0.0044
18620.00000 0.0044
18630.00000 0.0044
18640.00000 0.0043
18650.00000 0.0044
18660.00000 0.0046
18670.00000 0.0047
18680.00000 0.0047
18690.00000 0.0047
18700.00000 0.0043
18710.00000 0.004
18720.00000 0.0038
18730.00000 0.0036
18740.00000 0.0033
18750.00000 0.0032
18760.00000 0.0032
18770.00000 0.003
18780.00000 0.0029
18790.00000 0.0026
18800.00000 0.0025
18810.00000 0.0028
18820.00000 0.0029
18830.00000 0.003
18840.00000 0.003
18850.00000 0.0028
18860.00000 0.0025
18870.00000 0.0021
18880.00000 0.0019
18890.00000 0.0019
18900.00000 0.002
18910.00000 0.0019
18920.00000 0.0017
18930.00000 0.0016
18940.00000 0.0017
18950.00000 0.0018
18960.00000 0.0018
18970.00000 0.002
18980.00000 0.0021
18990.00000 0.002
19000.00000 0.0018
19010.00000 0.0015
19020.00000 0.0012
19030.00000 0.0012
19040.00000 0.0014
19050.00000 0.0015
19060.00000 0.0015
