threeML/data/optical_filters/TCS/CAIN3-Kcont.ecsv
# %ECSV 0.9
# ---
# datatype:
# - {name: wavelength, unit: Angstrom, datatype: float32}
# - {name: response, datatype: float32}
# meta: !!omap
# - {band_name: Kcont}
# - {group_name: CAIN3}
wavelength response
[from data line 766]
23007.00000 0.514774
23008.00000 0.50995
23009.00000 0.50445
23010.00000 0.500028
23011.00000 0.496512
23012.00000 0.492185
23013.00000 0.485854
23014.00000 0.480854
23015.00000 0.477146
23016.00000 0.471903
23017.00000 0.466223
23018.00000 0.461464
23019.00000 0.457767
23020.00000 0.453237
23021.00000 0.448689
23022.00000 0.441547
23023.00000 0.437657
23024.00000 0.434159
23025.00000 0.428747
23026.00000 0.422931
23027.00000 0.418145
23028.00000 0.414574
23029.00000 0.408815
23030.00000 0.403329
23031.00000 0.398054
23032.00000 0.394617
23033.00000 0.390434
23034.00000 0.384937
23035.00000 0.378513
23036.00000 0.375131
23037.00000 0.370712
23038.00000 0.365713
23039.00000 0.359237
23040.00000 0.355203
23041.00000 0.351217
23042.00000 0.347022
23043.00000 0.340427
23044.00000 0.335393
23045.00000 0.332425
23046.00000 0.327669
23047.00000 0.322206
23048.00000 0.316451
23049.00000 0.313275
23050.00000 0.309123
23051.00000 0.305341
23052.00000 0.299015
23053.00000 0.295261
23054.00000 0.291597
23055.00000 0.287216
23056.00000 0.281291
23057.00000 0.276625
23058.00000 0.273121
23059.00000 0.269342
23060.00000 0.264788
23061.00000 0.259431
23062.00000 0.256666
23063.00000 0.253288
23064.00000 0.248896
23065.00000 0.243009
23066.00000 0.239832
23067.00000 0.236356
23068.00000 0.232546
23069.00000 0.226823
23070.00000 0.224037
23071.00000 0.22132
23072.00000 0.216585
23073.00000 0.212573
23074.00000 0.208484
23075.00000 0.204494
23076.00000 0.202618
23077.00000 0.198231
23078.00000 0.193517
23079.00000 0.19059
23080.00000 0.187847
23081.00000 0.184938
23082.00000 0.180387
23083.00000 0.177296
23084.00000 0.174125
23085.00000 0.17112
23086.00000 0.167093
23087.00000 0.163783
23088.00000 0.161547
23089.00000 0.158963
23090.00000 0.155588
23091.00000 0.151863
23092.00000 0.149305
23093.00000 0.146876
23094.00000 0.14428
23095.00000 0.140298
23096.00000 0.138172
23097.00000 0.136622
23098.00000 0.133873
23099.00000 0.13032
23100.00000 0.127421
23101.00000 0.125401
23102.00000 0.123369
23103.00000 0.12057
23104.00000 0.117995
23105.00000 0.115629
23106.00000 0.113943
23107.00000 0.112105
23108.00000 0.108917
23109.00000 0.106529
23110.00000 0.104858
23111.00000 0.102774
23112.00000 0.100414
23113.00000 0.098542
23114.00000 0.097093
23115.00000 0.095436
23116.00000 0.093069
23117.00000 0.090961
23118.00000 0.089265
23119.00000 0.087837
23120.00000 0.08587
23121.00000 0.084017
23122.00000 0.082514
23123.00000 0.081321
23124.00000 0.079517
23125.00000 0.077443
23126.00000 0.075803
23127.00000 0.074588
23128.00000 0.07311
23129.00000 0.071443
23130.00000 0.06994
23131.00000 0.06885
23132.00000 0.06797
23133.00000 0.066754
23134.00000 0.064575
23135.00000 0.063437
23136.00000 0.062513
23137.00000 0.061296
23138.00000 0.059822
23139.00000 0.058639
23140.00000 0.057736
23141.00000 0.056602
23142.00000 0.055545
23143.00000 0.054064
23144.00000 0.053568
23145.00000 0.052356
23146.00000 0.051186
23147.00000 0.050307
23148.00000 0.049237
23149.00000 0.048539
23150.00000 0.047754
23151.00000 0.046353
23152.00000 0.045785
23153.00000 0.045047
23154.00000 0.044052
23155.00000 0.043207
23156.00000 0.042363
23157.00000 0.041652
23158.00000 0.040938
23159.00000 0.040265
23160.00000 0.039187
23161.00000 0.038631
23162.00000 0.037966
23163.00000 0.037352
23164.00000 0.036479
23165.00000 0.035819
23166.00000 0.035301
23167.00000 0.03473
23168.00000 0.0339
23169.00000 0.033288
23170.00000 0.032829
23171.00000 0.03224
23172.00000 0.031633
23173.00000 0.030973
23174.00000 0.030571
23175.00000 0.03009
23176.00000 0.029563
23177.00000 0.028802
23178.00000 0.028386
23179.00000 0.02799
23180.00000 0.027525
23181.00000 0.02699
23182.00000 0.026521
23183.00000 0.026111
23184.00000 0.02574
23185.00000 0.025187
23186.00000 0.02473
23187.00000 0.024378
23188.00000 0.024007
23189.00000 0.02365
23190.00000 0.023171
23191.00000 0.022822
23192.00000 0.022414
23193.00000 0.022219
23194.00000 0.021561
23195.00000 0.021317
23196.00000 0.021032
23197.00000 0.020627
23198.00000 0.02033
23199.00000 0.019972
23200.00000 0.019672
23201.00000 0.019464
23202.00000 0.019095
23203.00000 0.018692
23204.00000 0.018464
23205.00000 0.018199
23206.00000 0.017964
23207.00000 0.017592
23208.00000 0.017349
23209.00000 0.01713
23210.00000 0.016889
23211.00000 0.016503
23212.00000 0.01624
23213.00000 0.016037
23214.00000 0.015807
23215.00000 0.015529
23216.00000 0.015282
23217.00000 0.015085
23218.00000 0.014906
23219.00000 0.014674
23220.00000 0.014411
23221.00000 0.014189
23222.00000 0.014009
23223.00000 0.01382
23224.00000 0.01358
23225.00000 0.013363
23226.00000 0.013168
23227.00000 0.013023
23228.00000 0.012771
23229.00000 0.012625
23230.00000 0.012421
23231.00000 0.012258
23232.00000 0.012048
23233.00000 0.011847
23234.00000 0.011678
23235.00000 0.011557
23236.00000 0.011406
23237.00000 0.011206
23238.00000 0.011024
23239.00000 0.010942
23240.00000 0.010812
23241.00000 0.010602
23242.00000 0.010436
23243.00000 0.010308
23244.00000 0.010184
23245.00000 0.010046
23246.00000 0.009868
23247.00000 0.009736
23248.00000 0.009603
23249.00000 0.0095
23250.00000 0.009326
23251.00000 0.009195
23252.00000 0.009122
23253.00000 0.008999
23254.00000 0.008842
23255.00000 0.008718
23256.00000 0.008626
23257.00000 0.008519
23258.00000 0.008397
23259.00000 0.008258
23260.00000 0.008159
23261.00000 0.008074
23262.00000 0.007975
23263.00000 0.007839
23264.00000 0.007735
23265.00000 0.007688
23266.00000 0.007518
23267.00000 0.007428
23268.00000 0.007312
23269.00000 0.007246
23270.00000 0.00719
23271.00000 0.007091
23272.00000 0.006963
23273.00000 0.006883
23274.00000 0.006809
23275.00000 0.006736
23276.00000 0.006612
23277.00000 0.006516
23278.00000 0.006466
23279.00000 0.006382
23280.00000 0.006304
23281.00000 0.006184
23282.00000 0.006133
23283.00000 0.00608
23284.00000 0.005998
23285.00000 0.005904
23286.00000 0.00586
23287.00000 0.005799
23288.00000 0.005713
23289.00000 0.005605
23290.00000 0.005526
23291.00000 0.005495
23292.00000 0.005431
23293.00000 0.005367
23294.00000 0.005264
23295.00000 0.005239
23296.00000 0.005127
23297.00000 0.005121
23298.00000 0.00503
23299.00000 0.004974
23300.00000 0.004926
23301.00000 0.004843
23302.00000 0.00478
23303.00000 0.004754
23304.00000 0.004711
23305.00000 0.004636
23306.00000 0.004567
23307.00000 0.004524
23308.00000 0.004472
23309.00000 0.004406
23310.00000 0.004354
23311.00000 0.004295
23312.00000 0.004264
23313.00000 0.004236
23314.00000 0.004192
23315.00000 0.004101
23316.00000 0.004058
23317.00000 0.004034
25648.69922 0.0
