threeML/data/optical_filters/TCS/CAIN3-J.ecsv
# %ECSV 0.9
# ---
# datatype:
# - {name: wavelength, unit: Angstrom, datatype: float32}
# - {name: response, datatype: float32}
# meta: !!omap
# - {band_name: J}
# - {group_name: CAIN3}
wavelength response
[from data line 767]
11550.00000 0.542149
11551.00000 0.542774
11552.00000 0.54331
11553.00000 0.544009
11554.00000 0.544591
11555.00000 0.545473
11556.00000 0.545974
11557.00000 0.546557
11558.00000 0.547213
11559.00000 0.548092
11560.00000 0.548441
11561.00000 0.549037
11562.00000 0.549661
11563.00000 0.550474
11564.00000 0.551245
11565.00000 0.551844
11566.00000 0.552437
11567.00000 0.553065
11568.00000 0.553783
11569.00000 0.554316
11570.00000 0.554757
11571.00000 0.555486
11572.00000 0.556238
11573.00000 0.556849
11574.00000 0.557279
11575.00000 0.558129
11576.00000 0.558816
11577.00000 0.559654
11578.00000 0.560076
11579.00000 0.560747
11580.00000 0.561348
11581.00000 0.562182
11582.00000 0.562573
11583.00000 0.563168
11584.00000 0.563982
11585.00000 0.564616
11586.00000 0.565422
11587.00000 0.565824
11588.00000 0.566425
11589.00000 0.567381
11590.00000 0.567914
11591.00000 0.568548
11592.00000 0.569104
11593.00000 0.569908
11594.00000 0.570491
11595.00000 0.57134
11596.00000 0.571657
11597.00000 0.572678
11598.00000 0.573341
11599.00000 0.57384
11600.00000 0.574538
11601.00000 0.575152
11602.00000 0.575968
11603.00000 0.576487
11604.00000 0.577193
11605.00000 0.577861
11606.00000 0.578634
11607.00000 0.57948
11608.00000 0.58
11609.00000 0.580456
11610.00000 0.581297
11611.00000 0.582148
11612.00000 0.582507
11613.00000 0.583079
11614.00000 0.583881
11615.00000 0.58479
11616.00000 0.585407
11617.00000 0.58595
11618.00000 0.586464
11619.00000 0.587341
11620.00000 0.588048
11621.00000 0.588588
11622.00000 0.58902
11623.00000 0.590124
11624.00000 0.590812
11625.00000 0.591289
11626.00000 0.591831
11627.00000 0.592633
11628.00000 0.593543
11629.00000 0.594019
11630.00000 0.594433
11631.00000 0.595245
11632.00000 0.595865
11633.00000 0.59659
11634.00000 0.597318
11635.00000 0.597717
11636.00000 0.598444
11637.00000 0.599218
11638.00000 0.599957
11639.00000 0.600349
11640.00000 0.601175
11641.00000 0.601864
11642.00000 0.602286
11643.00000 0.60289
11644.00000 0.603414
11645.00000 0.60431
11646.00000 0.604784
11647.00000 0.605555
11648.00000 0.605969
11649.00000 0.60687
11650.00000 0.6075
11651.00000 0.607977
11652.00000 0.60873
11653.00000 0.609182
11654.00000 0.610116
11655.00000 0.610498
11656.00000 0.611234
11657.00000 0.61158
11658.00000 0.612402
11659.00000 0.613107
11660.00000 0.613512
11661.00000 0.614156
11662.00000 0.6148
11663.00000 0.615185
11664.00000 0.615828
11665.00000 0.616262
11666.00000 0.616881
11667.00000 0.617501
11668.00000 0.617947
11669.00000 0.618688
11670.00000 0.619159
11671.00000 0.619946
11672.00000 0.6202
11673.00000 0.620781
11674.00000 0.621155
11675.00000 0.621797
11676.00000 0.622288
11677.00000 0.622631
11678.00000 0.623225
11679.00000 0.624017
11680.00000 0.624233
11681.00000 0.625188
11682.00000 0.625415
11683.00000 0.625914
11684.00000 0.626398
11685.00000 0.626851
11686.00000 0.627215
11687.00000 0.627676
11688.00000 0.628261
11689.00000 0.628574
11690.00000 0.62909
11691.00000 0.629501
11692.00000 0.62978
11693.00000 0.630325
11694.00000 0.630886
11695.00000 0.631236
11696.00000 0.631794
11697.00000 0.631991
11698.00000 0.632498
11699.00000 0.63269
11700.00000 0.632946
11701.00000 0.633502
11702.00000 0.633815
11703.00000 0.634467
11704.00000 0.634514
11705.00000 0.63487
11706.00000 0.635336
11707.00000 0.635761
11708.00000 0.635877
11709.00000 0.636206
11710.00000 0.636661
11711.00000 0.636936
11712.00000 0.637182
11713.00000 0.637431
11714.00000 0.637738
11715.00000 0.637965
11716.00000 0.638085
11717.00000 0.638567
11718.00000 0.638879
11719.00000 0.638883
11720.00000 0.639351
11721.00000 0.639507
11722.00000 0.639829
11723.00000 0.639874
11724.00000 0.640037
11725.00000 0.640329
11726.00000 0.640563
11727.00000 0.640653
11728.00000 0.640844
11729.00000 0.641146
11730.00000 0.641263
11731.00000 0.641557
11732.00000 0.641627
11733.00000 0.64187
11734.00000 0.642191
11735.00000 0.64207
11736.00000 0.642032
11737.00000 0.642455
11738.00000 0.642271
11739.00000 0.642521
11740.00000 0.642349
11741.00000 0.642806
11742.00000 0.642851
11743.00000 0.642949
11744.00000 0.642959
11745.00000 0.643086
11746.00000 0.643082
11747.00000 0.642904
11748.00000 0.642896
11749.00000 0.64355
11750.00000 0.643435
11751.00000 0.643263
11752.00000 0.643341
11753.00000 0.643447
11754.00000 0.64334
11755.00000 0.643439
11756.00000 0.643404
11757.00000 0.643245
11758.00000 0.643245
11759.00000 0.643265
11760.00000 0.643483
11761.00000 0.643105
11762.00000 0.643156
11763.00000 0.64335
11764.00000 0.642812
11765.00000 0.643141
11766.00000 0.64324
11767.00000 0.643019
11768.00000 0.642765
11769.00000 0.642682
11770.00000 0.642647
11771.00000 0.642736
11772.00000 0.642686
11773.00000 0.642594
11774.00000 0.642677
11775.00000 0.642346
11776.00000 0.642201
11777.00000 0.642061
11778.00000 0.642044
11779.00000 0.641862
11780.00000 0.641783
11781.00000 0.641715
11782.00000 0.641799
11783.00000 0.641502
11784.00000 0.641275
11785.00000 0.641167
11786.00000 0.640984
11787.00000 0.640761
11788.00000 0.641002
11789.00000 0.640732
11790.00000 0.640609
11791.00000 0.640276
11792.00000 0.640092
11793.00000 0.640029
11794.00000 0.639923
11795.00000 0.639658
11796.00000 0.639537
11797.00000 0.639368
11798.00000 0.639298
11799.00000 0.639153
11800.00000 0.638985
11801.00000 0.638658
11802.00000 0.638607
11803.00000 0.638436
11804.00000 0.638409
11805.00000 0.638261
11806.00000 0.638011
11807.00000 0.637841
11808.00000 0.637542
11809.00000 0.63738
11810.00000 0.637263
11811.00000 0.637023
11812.00000 0.636769
11813.00000 0.636662
11814.00000 0.63648
11815.00000 0.636324
11816.00000 0.636246
11817.00000 0.635967
11818.00000 0.635765
11819.00000 0.635468
11820.00000 0.635291
11821.00000 0.635435
11822.00000 0.634878
11823.00000 0.635014
11824.00000 0.634556
11825.00000 0.634562
11826.00000 0.634614
11827.00000 0.634206
11828.00000 0.633925
11829.00000 0.633906
11830.00000 0.633595
11831.00000 0.633497
11832.00000 0.63324
11833.00000 0.633247
11834.00000 0.632918
11835.00000 0.632809
11836.00000 0.632475
11837.00000 0.632375
11838.00000 0.63218
11839.00000 0.63188
11840.00000 0.631904
11841.00000 0.631672
11842.00000 0.631908
11843.00000 0.631719
11844.00000 0.631314
11845.00000 0.631224
11846.00000 0.631248
11847.00000 0.631278
11848.00000 0.63091
11849.00000 0.63068
11850.00000 0.630566
11851.00000 0.630597
11852.00000 0.630283
11853.00000 0.630461
11854.00000 0.630067
11855.00000 0.630102
11856.00000 0.629869
11857.00000 0.629691
11858.00000 0.629792
11859.00000 0.629801
11860.00000 0.629569
11861.00000 0.629395
11862.00000 0.629245
11863.00000 0.62938
11864.00000 0.629262
11865.00000 0.629135
11866.00000 0.629082
11867.00000 0.62895
11868.00000 0.628858
11869.00000 0.628798
11870.00000 0.628825
11871.00000 0.628766
11872.00000 0.628696
11873.00000 0.628502
11874.00000 0.6286
11875.00000 0.628614
11876.00000 0.628503
11877.00000 0.628345
11878.00000 0.628369
11879.00000 0.628479
11880.00000 0.628317
11881.00000 0.628178
11882.00000 0.628273
11883.00000 0.628431
11884.00000 0.628403
11885.00000 0.62852
11886.00000 0.628426
11887.00000 0.628508
11888.00000 0.628495
11889.00000 0.628413
11890.00000 0.628216
11891.00000 0.6284
11892.00000 0.628494
11893.00000 0.628421
11894.00000 0.628493
11895.00000 0.628411
11896.00000 0.628579
11897.00000 0.62852
11898.00000 0.628613
11899.00000 0.628686
11900.00000 0.628959
11901.00000 0.628772
11902.00000 0.629055
11903.00000 0.628864
11904.00000 0.629129
11905.00000 0.629079
11906.00000 0.629215
11907.00000 0.629423
11908.00000 0.629394
11909.00000 0.629531
11910.00000 0.629606
11911.00000 0.629647
11912.00000 0.6298
11913.00000 0.630055
11914.00000 0.630135
11915.00000 0.630044
11916.00000 0.630218
11917.00000 0.630354
11918.00000 0.630727
11919.00000 0.6308
11920.00000 0.631019
11921.00000 0.63094
11922.00000 0.63131
11923.00000 0.63132
11924.00000 0.631471
11925.00000 0.63149
11926.00000 0.631755
11927.00000 0.632026
11928.00000 0.63222
11929.00000 0.632554
11930.00000 0.632375
11931.00000 0.632666
11932.00000 0.632878
11933.00000 0.633106
11934.00000 0.633318
11935.00000 0.633492
11936.00000 0.633637
11937.00000 0.633767
11938.00000 0.634103
11939.00000 0.634366
11940.00000 0.634512
11941.00000 0.634764
11942.00000 0.635103
11943.00000 0.635179
11944.00000 0.63543
11945.00000 0.635912
11946.00000 0.635743
11947.00000 0.636079
11948.00000 0.636428
11949.00000 0.636827
11950.00000 0.636936
11951.00000 0.637192
11952.00000 0.637445
11953.00000 0.63787
11954.00000 0.63771
11955.00000 0.638195
11956.00000 0.638533
11957.00000 0.638732
11958.00000 0.639058
11959.00000 0.639093
11960.00000 0.639564
11961.00000 0.639981
11962.00000 0.640186
11963.00000 0.640452
11964.00000 0.64095
11965.00000 0.640913
11966.00000 0.64129
11967.00000 0.641441
11968.00000 0.64166
11969.00000 0.642123
11970.00000 0.642614
11971.00000 0.64262
11972.00000 0.643013
11973.00000 0.643341
11974.00000 0.643745
11975.00000 0.644005
11976.00000 0.644188
11977.00000 0.644488
11978.00000 0.645011
11979.00000 0.64523
11980.00000 0.645586
11981.00000 0.645917
11982.00000 0.646451
11983.00000 0.646515
11984.00000 0.646964
11985.00000 0.647168
11986.00000 0.647691
11987.00000 0.648182
11988.00000 0.648081
11989.00000 0.64858
11990.00000 0.648907
11991.00000 0.649086
11992.00000 0.649491
11993.00000 0.650002
11994.00000 0.650079
11995.00000 0.650831
11996.00000 0.651143
11997.00000 0.651245
11998.00000 0.651508
11999.00000 0.652176
12000.00000 0.652434
12001.00000 0.652489
12002.00000 0.652871
12003.00000 0.653392
12004.00000 0.653599
12005.00000 0.654221
12006.00000 0.654327
12007.00000 0.654691
12008.00000 0.655121
12009.00000 0.655355
12010.00000 0.65574
12011.00000 0.656102
12012.00000 0.656496
12013.00000 0.657012
12014.00000 0.6571
12015.00000 0.657454
12016.00000 0.658006
12017.00000 0.658413
12018.00000 0.658729
12019.00000 0.658648
12020.00000 0.659349
12021.00000 0.659801
12022.00000 0.660152
12023.00000 0.660366
12024.00000 0.660724
12025.00000 0.661019
12026.00000 0.661577
12027.00000 0.661996
12028.00000 0.661865
12029.00000 0.662586
12030.00000 0.66308
12031.00000 0.663464
12032.00000 0.663621
12033.00000 0.663891
12034.00000 0.664444
12035.00000 0.664736
12036.00000 0.665135
12037.00000 0.665141
12038.00000 0.665889
12039.00000 0.666108
12040.00000 0.666437
12041.00000 0.666669
12042.00000 0.667223
12043.00000 0.667616
12044.00000 0.667919
12045.00000 0.668514
12046.00000 0.668453
12047.00000 0.6691
12048.00000 0.669198
12049.00000 0.668911
12050.00000 0.669924
12051.00000 0.670279
12052.00000 0.670958
12053.00000 0.671217
12054.00000 0.671361
12055.00000 0.671701
12056.00000 0.672284
12057.00000 0.672379
12058.00000 0.672826
12059.00000 0.672957
12060.00000 0.673602
12061.00000 0.673744
12062.00000 0.674134
12063.00000 0.674485
12064.00000 0.674966
12065.00000 0.675263
12066.00000 0.675559
12067.00000 0.67582
12068.00000 0.676203
12069.00000 0.676633
12070.00000 0.676948
12071.00000 0.677079
12072.00000 0.677467
12073.00000 0.678045
12074.00000 0.678306
12075.00000 0.678473
12076.00000 0.679181
12077.00000 0.679329
12078.00000 0.679508
12079.00000 0.679695
12080.00000 0.680152
12081.00000 0.680318
12082.00000 0.681214
12083.00000 0.681307
12084.00000 0.681712
12085.00000 0.681997
12086.00000 0.682389
12087.00000 0.682543
12088.00000 0.682795
12089.00000 0.683292
12090.00000 0.683584
12091.00000 0.684005
12092.00000 0.684208
12093.00000 0.684485
12094.00000 0.684739
12095.00000 0.68529
12096.00000 0.68534
12097.00000 0.685846
12098.00000 0.686466
12099.00000 0.686488
12100.00000 0.686962
12101.00000 0.687167
12102.00000 0.687546
12103.00000 0.687769
12104.00000 0.68823
12105.00000 0.688504
12106.00000 0.688708
12107.00000 0.689106
12108.00000 0.689494
12109.00000 0.689905
12110.00000 0.68986
12111.00000 0.690325
12112.00000 0.690704
12113.00000 0.691162
12114.00000 0.691371
12115.00000 0.69157
12116.00000 0.691983
12117.00000 0.692484
12118.00000 0.692581
12119.00000 0.692861
12120.00000 0.693338
12121.00000 0.693706
12122.00000 0.694108
12123.00000 0.69397
12124.00000 0.694656
12125.00000 0.694871
12126.00000 0.695352
12127.00000 0.69536
12128.00000 0.695684
12129.00000 0.696163
12130.00000 0.696555
12131.00000 0.696646
12132.00000 0.69686
12133.00000 0.697472
12134.00000 0.697545
12135.00000 0.698082
12136.00000 0.698138
12137.00000 0.698677
12138.00000 0.699127
12139.00000 0.699224
12140.00000 0.699742
12141.00000 0.699639
12142.00000 0.700254
12143.00000 0.700638
12144.00000 0.700844
12145.00000 0.701038
12146.00000 0.701406
12147.00000 0.701817
12148.00000 0.70207
12149.00000 0.701305
12150.00000 0.702575
12151.00000 0.703081
12152.00000 0.703277
12153.00000 0.70354
12154.00000 0.703786
12155.00000 0.704191
12156.00000 0.704646
12157.00000 0.704676
12158.00000 0.704829
12159.00000 0.705483
12160.00000 0.705673
12161.00000 0.706056
12162.00000 0.706183
12163.00000 0.706569
12164.00000 0.707017
12165.00000 0.707225
12166.00000 0.70738
12167.00000 0.707677
12168.00000 0.708101
12169.00000 0.708473
12170.00000 0.708541
12171.00000 0.709122
12172.00000 0.709597
12173.00000 0.709546
12174.00000 0.709822
12175.00000 0.7102
12176.00000 0.710366
12177.00000 0.710968
12178.00000 0.710982
12179.00000 0.711357
12180.00000 0.711642
12181.00000 0.712103
12182.00000 0.712263
12183.00000 0.712539
12184.00000 0.712767
12185.00000 0.713094
12186.00000 0.713799
12187.00000 0.713719
12188.00000 0.714128
12189.00000 0.714373
12190.00000 0.714807
12191.00000 0.715087
12192.00000 0.715204
12193.00000 0.715303
12194.00000 0.715906
12195.00000 0.716303
12196.00000 0.716133
12197.00000 0.716594
12198.00000 0.717069
12199.00000 0.717356
12200.00000 0.717377
12201.00000 0.717812
12202.00000 0.718064
12203.00000 0.718539
12204.00000 0.718816
12205.00000 0.718932
12206.00000 0.719234
12207.00000 0.719715
12208.00000 0.720014
12209.00000 0.720005
12210.00000 0.720376
12211.00000 0.72071
12212.00000 0.721041
12213.00000 0.721225
12214.00000 0.721507
12215.00000 0.72181
12216.00000 0.722029
12217.00000 0.722295
12218.00000 0.722451
12219.00000 0.72295
12220.00000 0.723173
12221.00000 0.723462
12222.00000 0.723504
12223.00000 0.723947
12224.00000 0.724146
12225.00000 0.72456
12226.00000 0.72474
12227.00000 0.724827
12228.00000 0.725459
12229.00000 0.725468
12230.00000 0.725764
12231.00000 0.725862
12232.00000 0.726084
12233.00000 0.726532
12234.00000 0.726763
12235.00000 0.726901
12236.00000 0.726999
12237.00000 0.727502
12238.00000 0.727626
12239.00000 0.727901
12240.00000 0.72796
12241.00000 0.728207
12242.00000 0.728671
12243.00000 0.72869
12244.00000 0.728904
12245.00000 0.729202
12246.00000 0.729569
12247.00000 0.729582
12248.00000 0.729859
12249.00000 0.729908
12250.00000 0.730258
12251.00000 0.730378
12252.00000 0.730699
12253.00000 0.730712
12254.00000 0.730987
12255.00000 0.731287
12256.00000 0.731374
12257.00000 0.731487
12258.00000 0.731673
12259.00000 0.731889
12260.00000 0.732162
12261.00000 0.73213
12262.00000 0.732479
12263.00000 0.732691
12264.00000 0.732679
12265.00000 0.733
12266.00000 0.733033
12267.00000 0.7332
12268.00000 0.733531
12269.00000 0.733465
12270.00000 0.733924
12271.00000 0.733824
12272.00000 0.734271
12273.00000 0.734083
12274.00000 0.734285
12275.00000 0.734614
12276.00000 0.734484
12277.00000 0.734612
12278.00000 0.734662
12279.00000 0.735314
12280.00000 0.734695
12281.00000 0.73539
12282.00000 0.735306
12283.00000 0.735503
12284.00000 0.735567
12285.00000 0.735693
12286.00000 0.735671
12287.00000 0.735923
12288.00000 0.735862
12289.00000 0.736078
12290.00000 0.736001
12291.00000 0.735878
12292.00000 0.73635
12293.00000 0.736278
12294.00000 0.736189
12295.00000 0.736321
12296.00000 0.736375
12297.00000 0.736575
12298.00000 0.736609
12299.00000 0.736598
12300.00000 0.73657
12301.00000 0.736662
12302.00000 0.736515
12303.00000 0.736757
12304.00000 0.736787
12305.00000 0.73666
12306.00000 0.736577
12307.00000 0.736855
12308.00000 0.736849
12309.00000 0.736911
12310.00000 0.736693
12311.00000 0.736648
12312.00000 0.736827
12313.00000 0.736811
12314.00000 0.736927
12315.00000 0.736721
