threeML/data/optical_filters/TCS/CAIN3-Kcont_b.ecsv
# %ECSV 0.9
# ---
# datatype:
# - {name: wavelength, unit: Angstrom, datatype: float32}
# - {name: response, datatype: float32}
# meta: !!omap
# - {band_name: Kcont_b}
# - {group_name: CAIN3}
wavelength response
[from data line 767]
23030.00000 0.493555
23031.00000 0.484778
23032.00000 0.477365
23033.00000 0.4705
23034.00000 0.464514
23035.00000 0.457384
23036.00000 0.450715
23037.00000 0.443515
23038.00000 0.437303
23039.00000 0.430711
23040.00000 0.422526
23041.00000 0.415651
23042.00000 0.410054
23043.00000 0.404101
23044.00000 0.395819
23045.00000 0.389161
23046.00000 0.383252
23047.00000 0.377319
23048.00000 0.370702
23049.00000 0.363372
23050.00000 0.356501
23051.00000 0.351316
23052.00000 0.345224
23053.00000 0.338528
23054.00000 0.332088
23055.00000 0.327288
23056.00000 0.321665
23057.00000 0.315033
23058.00000 0.308349
23059.00000 0.303497
23060.00000 0.298442
23061.00000 0.292696
23062.00000 0.28656
23063.00000 0.281225
23064.00000 0.276571
23065.00000 0.271952
23066.00000 0.265106
23067.00000 0.259096
23068.00000 0.255463
23069.00000 0.251305
23070.00000 0.245048
23071.00000 0.239752
23072.00000 0.235617
23073.00000 0.231553
23074.00000 0.226618
23075.00000 0.221727
23076.00000 0.217034
23077.00000 0.213625
23078.00000 0.208926
23079.00000 0.20418
23080.00000 0.199949
23081.00000 0.196622
23082.00000 0.193059
23083.00000 0.188626
23084.00000 0.184128
23085.00000 0.181156
23086.00000 0.177696
23087.00000 0.173428
23088.00000 0.169896
23089.00000 0.166034
23090.00000 0.163671
23091.00000 0.159869
23092.00000 0.156206
23093.00000 0.152714
23094.00000 0.150418
23095.00000 0.147759
23096.00000 0.143656
23097.00000 0.140696
23098.00000 0.138342
23099.00000 0.1359
23100.00000 0.132717
23101.00000 0.129849
23102.00000 0.127006
23103.00000 0.124843
23104.00000 0.12204
23105.00000 0.119495
23106.00000 0.117013
23107.00000 0.114839
23108.00000 0.112661
23109.00000 0.110295
23110.00000 0.107861
23111.00000 0.105707
23112.00000 0.103917
23113.00000 0.101522
23114.00000 0.099439
23115.00000 0.097576
23116.00000 0.095915
23117.00000 0.093964
23118.00000 0.091831
23119.00000 0.089927
23120.00000 0.088612
23121.00000 0.08691
23122.00000 0.084761
23123.00000 0.083153
23124.00000 0.081679
23125.00000 0.080418
23126.00000 0.078387
23127.00000 0.076605
23128.00000 0.075142
23129.00000 0.073899
23130.00000 0.072427
23131.00000 0.070673
23132.00000 0.069658
23133.00000 0.068366
23134.00000 0.067066
23135.00000 0.06563
23136.00000 0.064341
23137.00000 0.063332
23138.00000 0.062268
23139.00000 0.060879
23140.00000 0.059556
23141.00000 0.058484
23142.00000 0.05758
23143.00000 0.056475
23144.00000 0.055262
23145.00000 0.054246
23146.00000 0.053377
23147.00000 0.052401
23148.00000 0.051178
23149.00000 0.050301
23150.00000 0.049448
23151.00000 0.048693
23152.00000 0.047594
23153.00000 0.046669
23154.00000 0.045888
23155.00000 0.045174
23156.00000 0.044236
23157.00000 0.043473
23158.00000 0.042771
23159.00000 0.042106
23160.00000 0.041287
23161.00000 0.040358
23162.00000 0.039691
23163.00000 0.039004
23164.00000 0.038474
23165.00000 0.037629
23166.00000 0.036953
23167.00000 0.036314
23168.00000 0.03584
23169.00000 0.035181
23170.00000 0.034346
23171.00000 0.033836
23172.00000 0.033298
23173.00000 0.03281
23174.00000 0.032144
23175.00000 0.03158
23176.00000 0.03124
23177.00000 0.030618
23178.00000 0.030102
23179.00000 0.029613
23180.00000 0.029112
23181.00000 0.028623
23182.00000 0.028083
23183.00000 0.027624
23184.00000 0.027263
23185.00000 0.026829
23186.00000 0.026319
23187.00000 0.025856
23188.00000 0.025449
23189.00000 0.025099
23190.00000 0.024728
23191.00000 0.024218
23192.00000 0.023838
23193.00000 0.023498
23194.00000 0.023218
23195.00000 0.02268
23196.00000 0.022284
23197.00000 0.021917
23198.00000 0.021666
23199.00000 0.021294
23200.00000 0.021018
23201.00000 0.0207
23202.00000 0.020402
23203.00000 0.020062
23204.00000 0.019626
23205.00000 0.01944
23206.00000 0.0191
23207.00000 0.018838
23208.00000 0.018538
23209.00000 0.01825
23210.00000 0.018007
23211.00000 0.017735
23212.00000 0.017347
23213.00000 0.017192
23214.00000 0.01698
23215.00000 0.016524
23216.00000 0.016321
23217.00000 0.016106
23218.00000 0.015892
23219.00000 0.015669
23220.00000 0.015495
23221.00000 0.015209
23222.00000 0.014964
23223.00000 0.01486
23224.00000 0.014585
23225.00000 0.014396
23226.00000 0.014204
23227.00000 0.013932
23228.00000 0.013709
23229.00000 0.013646
23230.00000 0.013278
23231.00000 0.013121
23232.00000 0.013012
23233.00000 0.012811
23234.00000 0.012557
23235.00000 0.012423
23236.00000 0.012296
23237.00000 0.012058
23238.00000 0.011821
23239.00000 0.011696
23240.00000 0.011539
23241.00000 0.011449
23242.00000 0.011306
23243.00000 0.011117
23244.00000 0.010988
23245.00000 0.010804
23246.00000 0.010612
23247.00000 0.010462
23248.00000 0.01053
23249.00000 0.010183
23250.00000 0.010106
23251.00000 0.009958
23252.00000 0.009797
23253.00000 0.009673
23254.00000 0.009587
23255.00000 0.009407
23256.00000 0.009268
23257.00000 0.00923
23258.00000 0.009033
23259.00000 0.008886
23260.00000 0.008784
23261.00000 0.008661
23262.00000 0.008622
23263.00000 0.00851
23264.00000 0.008381
23265.00000 0.008212
23266.00000 0.008074
23267.00000 0.008004
23268.00000 0.008011
23269.00000 0.007788
23270.00000 0.007757
23271.00000 0.00764
23272.00000 0.007471
23273.00000 0.007393
23274.00000 0.007318
23275.00000 0.007305
23276.00000 0.007101
23277.00000 0.007061
23278.00000 0.006972
23279.00000 0.00693
23280.00000 0.00679
23281.00000 0.006738
23282.00000 0.006649
23283.00000 0.006555
23284.00000 0.006492
23285.00000 0.00637
23286.00000 0.006295
23287.00000 0.006189
23288.00000 0.006148
23289.00000 0.006089
23290.00000 0.006018
23291.00000 0.005887
23292.00000 0.00584
23293.00000 0.005822
23294.00000 0.005794
23295.00000 0.005586
23296.00000 0.005574
23297.00000 0.00551
23298.00000 0.005502
23299.00000 0.005408
23300.00000 0.005293
23301.00000 0.005331
23302.00000 0.00522
23303.00000 0.005077
23304.00000 0.004978
23305.00000 0.005026
23306.00000 0.004922
23307.00000 0.004908
23308.00000 0.004809
23309.00000 0.00471
23310.00000 0.004718
23311.00000 0.004703
23312.00000 0.004702
23313.00000 0.004532
23314.00000 0.004454
23315.00000 0.004466
23316.00000 0.004336
23317.00000 0.004271
23318.00000 0.004258
23319.00000 0.004207
23320.00000 0.004095
23321.00000 0.004051
23322.00000 0.004277
23323.00000 0.0041
23324.00000 0.004052
25656.40039 0.0
