threeML/data/optical_filters/TCS/CAIN3-Brg.ecsv
# %ECSV 0.9
# ---
# datatype:
# - {name: wavelength, unit: Angstrom, datatype: float32}
# - {name: response, datatype: float32}
# meta: !!omap
# - {band_name: Brg}
# - {group_name: CAIN3}
wavelength response
19449.00000 0.0
21610.00000 0.004134
21611.00000 0.004204
21612.00000 0.004322
21613.00000 0.004443
21614.00000 0.00467
21615.00000 0.004901
21616.00000 0.005056
21617.00000 0.005205
21618.00000 0.005334
21619.00000 0.005505
21620.00000 0.005843
21621.00000 0.006003
21622.00000 0.006203
21623.00000 0.006305
21624.00000 0.006811
21625.00000 0.006998
21626.00000 0.007308
21627.00000 0.007457
21628.00000 0.007774
21629.00000 0.008227
21630.00000 0.008448
21631.00000 0.008748
21632.00000 0.0092
21633.00000 0.00954
21634.00000 0.009846
21635.00000 0.01022
21636.00000 0.010589
21637.00000 0.011092
21638.00000 0.011654
21639.00000 0.011957
21640.00000 0.012417
21641.00000 0.012978
21642.00000 0.013677
21643.00000 0.01414
21644.00000 0.014776
21645.00000 0.01522
21646.00000 0.016111
21647.00000 0.016817
21648.00000 0.017208
21649.00000 0.017846
21650.00000 0.01916
21651.00000 0.019927
21652.00000 0.020598
21653.00000 0.021338
21654.00000 0.022429
21655.00000 0.023491
21656.00000 0.024337
21657.00000 0.025135
21658.00000 0.02632
21659.00000 0.028069
21660.00000 0.029168
21661.00000 0.030095
21662.00000 0.031391
21663.00000 0.033287
21664.00000 0.034725
21665.00000 0.035843
21666.00000 0.037293
21667.00000 0.039476
21668.00000 0.041237
21669.00000 0.042556
21670.00000 0.044104
21671.00000 0.045991
21672.00000 0.048489
21673.00000 0.050149
21674.00000 0.05197
21675.00000 0.054103
21676.00000 0.05737
21677.00000 0.059503
21678.00000 0.061577
21679.00000 0.063944
21680.00000 0.067375
21681.00000 0.070297
21682.00000 0.072548
21683.00000 0.075018
21684.00000 0.078249
21685.00000 0.082236
21686.00000 0.08488
21687.00000 0.087518
21688.00000 0.090597
21689.00000 0.095433
21690.00000 0.098689
21691.00000 0.10161
21692.00000 0.105196
21693.00000 0.110524
21694.00000 0.115123
21695.00000 0.118075
21696.00000 0.121918
21697.00000 0.126308
21698.00000 0.131864
21699.00000 0.135294
21700.00000 0.139054
21701.00000 0.144415
21702.00000 0.150854
21703.00000 0.155342
21704.00000 0.159034
21705.00000 0.163897
21706.00000 0.170291
21707.00000 0.175765
21708.00000 0.180008
21709.00000 0.184963
21710.00000 0.191312
21711.00000 0.198372
21712.00000 0.202965
21713.00000 0.207579
21714.00000 0.212818
21715.00000 0.222121
21716.00000 0.227563
21717.00000 0.232604
21718.00000 0.237806
21719.00000 0.247074
21720.00000 0.253295
21721.00000 0.258259
21722.00000 0.263881
21723.00000 0.270933
21724.00000 0.27916
21725.00000 0.284627
21726.00000 0.289971
21727.00000 0.297007
21728.00000 0.306495
21729.00000 0.312583
21730.00000 0.317778
21731.00000 0.323481
21732.00000 0.334419
21733.00000 0.34146
21734.00000 0.346687
21735.00000 0.353408
21736.00000 0.36138
21737.00000 0.369913
21738.00000 0.375332
21739.00000 0.381092
21740.00000 0.388404
21741.00000 0.39733
21742.00000 0.403055
21743.00000 0.408429
21744.00000 0.41426
21745.00000 0.425152
21746.00000 0.432232
21747.00000 0.437648
21748.00000 0.443281
21749.00000 0.451908
21750.00000 0.460535
21751.00000 0.465605
21752.00000 0.470847
21753.00000 0.478083
21754.00000 0.486502
21755.00000 0.491674
21756.00000 0.496667
21757.00000 0.501779
21758.00000 0.511383
21759.00000 0.517279
21760.00000 0.521356
21761.00000 0.526513
21762.00000 0.533951
21763.00000 0.541688
21764.00000 0.545954
21765.00000 0.551019
21766.00000 0.557062
21767.00000 0.564212
21768.00000 0.568291
21769.00000 0.572407
21770.00000 0.576162
21771.00000 0.584794
21772.00000 0.58816
21773.00000 0.593237
21774.00000 0.59782
21775.00000 0.602512
21776.00000 0.607806
21777.00000 0.611118
21778.00000 0.614387
21779.00000 0.619272
21780.00000 0.625096
21781.00000 0.628792
21782.00000 0.631564
21783.00000 0.634748
21784.00000 0.640093
21785.00000 0.642964
21786.00000 0.645548
21787.00000 0.648579
21788.00000 0.652944
21789.00000 0.656779
21790.00000 0.65847
21791.00000 0.660674
21792.00000 0.66402
21793.00000 0.667248
21794.00000 0.669212
21795.00000 0.670887
21796.00000 0.672686
21797.00000 0.676321
21798.00000 0.678374
21799.00000 0.679606
21800.00000 0.681714
21801.00000 0.683857
21802.00000 0.685554
21803.00000 0.686597
21804.00000 0.687765
21805.00000 0.689772
21806.00000 0.690706
21807.00000 0.691991
21808.00000 0.693488
21809.00000 0.693308
21810.00000 0.695359
21811.00000 0.695822
21812.00000 0.696534
21813.00000 0.696853
21814.00000 0.697926
21815.00000 0.698697
21816.00000 0.699409
21817.00000 0.69942
21818.00000 0.699614
21819.00000 0.700549
21820.00000 0.70067
21821.00000 0.700645
21822.00000 0.700645
21823.00000 0.700969
21824.00000 0.700606
21825.00000 0.700966
21826.00000 0.701025
21827.00000 0.700961
21828.00000 0.700955
21829.00000 0.700781
21830.00000 0.700698
21831.00000 0.700446
21832.00000 0.699824
21833.00000 0.69948
21834.00000 0.699745
21835.00000 0.699017
21836.00000 0.698632
21837.00000 0.69868
21838.00000 0.698403
21839.00000 0.6977
21840.00000 0.697154
21841.00000 0.696697
21842.00000 0.696304
21843.00000 0.695798
21844.00000 0.694946
21845.00000 0.69424
21846.00000 0.693875
21847.00000 0.693228
21848.00000 0.692615
21849.00000 0.692096
21850.00000 0.691044
21851.00000 0.690312
21852.00000 0.689346
21853.00000 0.688157
21854.00000 0.687731
21855.00000 0.687095
21856.00000 0.686009
21857.00000 0.68503
21858.00000 0.684057
21859.00000 0.683147
21860.00000 0.682004
21861.00000 0.680998
21862.00000 0.679039
21863.00000 0.678048
21864.00000 0.677256
21865.00000 0.675876
21866.00000 0.674086
21867.00000 0.672371
21868.00000 0.671194
21869.00000 0.669293
21870.00000 0.667564
21871.00000 0.665647
21872.00000 0.663767
21873.00000 0.662271
21874.00000 0.660588
21875.00000 0.65743
21876.00000 0.65597
21877.00000 0.65417
21878.00000 0.651421
21879.00000 0.648082
21880.00000 0.646572
21881.00000 0.644461
21882.00000 0.641598
21883.00000 0.63707
21884.00000 0.635154
21885.00000 0.632326
21886.00000 0.629848
21887.00000 0.625841
21888.00000 0.622005
21889.00000 0.617723
21890.00000 0.616288
21891.00000 0.612252
21892.00000 0.607496
21893.00000 0.603932
21894.00000 0.600629
21895.00000 0.596589
21896.00000 0.590797
21897.00000 0.58624
21898.00000 0.582339
21899.00000 0.578025
21900.00000 0.572919
21901.00000 0.56714
21902.00000 0.563068
21903.00000 0.55931
21904.00000 0.55351
21905.00000 0.546864
21906.00000 0.541775
21907.00000 0.537021
21908.00000 0.530815
21909.00000 0.522967
21910.00000 0.517411
21911.00000 0.512141
21912.00000 0.506654
21913.00000 0.498609
21914.00000 0.491222
21915.00000 0.487036
21916.00000 0.481017
21917.00000 0.473371
21918.00000 0.464733
21919.00000 0.458742
21920.00000 0.453114
21921.00000 0.445977
21922.00000 0.436809
21923.00000 0.430288
21924.00000 0.423861
21925.00000 0.416993
21926.00000 0.40784
21927.00000 0.399941
21928.00000 0.393761
21929.00000 0.386936
21930.00000 0.379186
21931.00000 0.369632
21932.00000 0.363024
21933.00000 0.356951
21934.00000 0.348735
21935.00000 0.338875
21936.00000 0.332066
21937.00000 0.325772
21938.00000 0.317934
21939.00000 0.309406
21940.00000 0.301796
21941.00000 0.295222
21942.00000 0.288866
21943.00000 0.280317
21944.00000 0.271628
21945.00000 0.265648
21946.00000 0.26015
21947.00000 0.252346
21948.00000 0.244065
21949.00000 0.237792
21950.00000 0.23153
21951.00000 0.224483
21952.00000 0.21652
21953.00000 0.209155
21954.00000 0.203858
21955.00000 0.198766
21956.00000 0.191718
21957.00000 0.184169
21958.00000 0.179151
21959.00000 0.174473
21960.00000 0.167809
21961.00000 0.16098
21962.00000 0.155938
21963.00000 0.152885
21964.00000 0.145987
21965.00000 0.140282
21966.00000 0.135241
21967.00000 0.130234
21968.00000 0.125766
21969.00000 0.120706
21970.00000 0.115206
21971.00000 0.11135
21972.00000 0.107502
21973.00000 0.102855
21974.00000 0.09811
21975.00000 0.094784
21976.00000 0.091344
21977.00000 0.087449
21978.00000 0.083406
21979.00000 0.079863
21980.00000 0.077018
21981.00000 0.074023
21982.00000 0.070007
21983.00000 0.067017
21984.00000 0.064552
21985.00000 0.062048
21986.00000 0.059394
21987.00000 0.056344
21988.00000 0.054142
21989.00000 0.052084
21990.00000 0.049656
21991.00000 0.047011
21992.00000 0.045151
21993.00000 0.043507
21994.00000 0.041696
21995.00000 0.039432
21996.00000 0.037612
21997.00000 0.036324
21998.00000 0.034889
21999.00000 0.033211
22000.00000 0.031521
22001.00000 0.030441
22002.00000 0.029327
22003.00000 0.028006
22004.00000 0.026517
22005.00000 0.025493
22006.00000 0.024479
22007.00000 0.02343
22008.00000 0.022283
22009.00000 0.021416
22010.00000 0.020615
22011.00000 0.019878
22012.00000 0.018932
22013.00000 0.018132
22014.00000 0.01736
22015.00000 0.016752
22016.00000 0.01613
22017.00000 0.015288
22018.00000 0.014872
22019.00000 0.014246
22020.00000 0.013677
22021.00000 0.012952
22022.00000 0.012417
22023.00000 0.012114
22024.00000 0.011779
22025.00000 0.011124
22026.00000 0.010704
22027.00000 0.010369
22028.00000 0.009977
22029.00000 0.00964
22030.00000 0.009199
22031.00000 0.00901
22032.00000 0.00862
22033.00000 0.008229
22034.00000 0.007979
22035.00000 0.00767
22036.00000 0.00746
22037.00000 0.007188
22038.00000 0.006907
22039.00000 0.006598
22040.00000 0.006496
22041.00000 0.006339
22042.00000 0.005985
22043.00000 0.005821
22044.00000 0.005644
22045.00000 0.005492
22046.00000 0.005332
22047.00000 0.005118
22048.00000 0.004955
22049.00000 0.004809
22050.00000 0.004618
22051.00000 0.004432
22052.00000 0.004295
22053.00000 0.004149
22054.00000 0.004052
24259.40039 0.0
