threeML/data/optical_filters/TCS/CAIN3-K.ecsv
# %ECSV 0.9
# ---
# datatype:
# - {name: wavelength, unit: Angstrom, datatype: float32}
# - {name: response, datatype: float32}
# meta: !!omap
# - {band_name: K}
# - {group_name: CAIN3}
wavelength response
[from data line 3066]
23108.00000 0.957678
23109.00000 0.956461
23110.00000 0.957431
23111.00000 0.957452
23112.00000 0.957061
23113.00000 0.957883
23114.00000 0.957081
23115.00000 0.957436
23116.00000 0.957271
23117.00000 0.957239
23118.00000 0.957086
23119.00000 0.951982
23120.00000 0.956643
23121.00000 0.957467
23122.00000 0.957088
23123.00000 0.957326
23124.00000 0.95699
23125.00000 0.956825
23126.00000 0.95683
23127.00000 0.956305
23128.00000 0.957075
23129.00000 0.957448
23130.00000 0.956571
23131.00000 0.95684
23132.00000 0.95627
23133.00000 0.956546
23134.00000 0.956162
23135.00000 0.95651
23136.00000 0.956355
23137.00000 0.956714
23138.00000 0.95616
23139.00000 0.955973
23140.00000 0.956073
23141.00000 0.956026
23142.00000 0.956095
23143.00000 0.955841
23144.00000 0.956165
23145.00000 0.955702
23146.00000 0.95583
23147.00000 0.95581
23148.00000 0.956105
23149.00000 0.955507
23150.00000 0.955632
23151.00000 0.955639
23152.00000 0.955277
23153.00000 0.956028
23154.00000 0.955342
23155.00000 0.955308
23156.00000 0.954747
23157.00000 0.955787
23158.00000 0.955212
23159.00000 0.955021
23160.00000 0.955265
23161.00000 0.954536
23162.00000 0.954778
23163.00000 0.954938
23164.00000 0.95503
23165.00000 0.954561
23166.00000 0.954976
23167.00000 0.954336
23168.00000 0.954689
23169.00000 0.954717
23170.00000 0.954818
23171.00000 0.954327
23172.00000 0.954482
23173.00000 0.954446
23174.00000 0.954141
23175.00000 0.95417
23176.00000 0.954121
23177.00000 0.954166
23178.00000 0.953774
23179.00000 0.953773
23180.00000 0.953859
23181.00000 0.953636
23182.00000 0.953603
23183.00000 0.953496
23184.00000 0.953572
23185.00000 0.953462
23186.00000 0.953324
23187.00000 0.953235
23188.00000 0.953257
23189.00000 0.952845
23190.00000 0.953175
23191.00000 0.953106
23192.00000 0.952787
23193.00000 0.952685
23194.00000 0.952856
23195.00000 0.952743
23196.00000 0.952625
23197.00000 0.952697
23198.00000 0.952381
23199.00000 0.952392
23200.00000 0.952252
23201.00000 0.952349
23202.00000 0.951872
23203.00000 0.951723
23204.00000 0.952086
23205.00000 0.952088
23206.00000 0.951696
23207.00000 0.951157
23208.00000 0.951887
23209.00000 0.951596
23210.00000 0.951429
23211.00000 0.951264
23212.00000 0.951693
23213.00000 0.951097
23214.00000 0.951266
23215.00000 0.951418
23216.00000 0.951237
23217.00000 0.951077
23218.00000 0.950895
23219.00000 0.951039
23220.00000 0.950671
23221.00000 0.950522
23222.00000 0.950554
23223.00000 0.950425
23224.00000 0.950338
23225.00000 0.949705
23226.00000 0.95022
23227.00000 0.949872
23228.00000 0.949857
23229.00000 0.949833
23230.00000 0.949935
23231.00000 0.949688
23232.00000 0.949501
23233.00000 0.949679
23234.00000 0.94945
23235.00000 0.949373
23236.00000 0.949166
23237.00000 0.948999
23238.00000 0.949164
23239.00000 0.949242
23240.00000 0.948846
23241.00000 0.949131
23242.00000 0.948831
23243.00000 0.948902
23244.00000 0.948847
23245.00000 0.948389
23246.00000 0.948299
23247.00000 0.948419
23248.00000 0.948188
23249.00000 0.948008
23250.00000 0.948254
23251.00000 0.948095
23252.00000 0.948196
23253.00000 0.947742
23254.00000 0.947926
23255.00000 0.94767
23256.00000 0.947391
23257.00000 0.947565
23258.00000 0.947515
23259.00000 0.947636
23260.00000 0.947339
23261.00000 0.947214
23262.00000 0.94692
23263.00000 0.94709
23264.00000 0.946878
23265.00000 0.94664
23266.00000 0.946698
23267.00000 0.946832
23268.00000 0.946554
23269.00000 0.946279
23270.00000 0.946279
23271.00000 0.946033
23272.00000 0.946392
23273.00000 0.94641
23274.00000 0.946101
23275.00000 0.945679
23276.00000 0.946014
23277.00000 0.94586
23278.00000 0.945816
23279.00000 0.945583
23280.00000 0.945614
23281.00000 0.945794
23282.00000 0.945395
23283.00000 0.945331
23284.00000 0.944954
23285.00000 0.945659
23286.00000 0.945053
23287.00000 0.945092
23288.00000 0.945005
23289.00000 0.944548
23290.00000 0.94506
23291.00000 0.944688
23292.00000 0.944898
23293.00000 0.944671
23294.00000 0.944627
23295.00000 0.944434
23296.00000 0.944156
23297.00000 0.94426
23298.00000 0.944204
23299.00000 0.944277
23300.00000 0.94397
23301.00000 0.944124
23302.00000 0.943916
23303.00000 0.94432
23304.00000 0.944174
23305.00000 0.94402
23306.00000 0.943641
23307.00000 0.94389
23308.00000 0.94365
23309.00000 0.943579
23310.00000 0.943587
23311.00000 0.943522
23312.00000 0.94354
23313.00000 0.943412
23314.00000 0.943223
23315.00000 0.943043
23316.00000 0.943235
23317.00000 0.942977
23318.00000 0.942997
23319.00000 0.942921
23320.00000 0.942828
23321.00000 0.942948
23322.00000 0.942631
23323.00000 0.942825
23324.00000 0.942492
23325.00000 0.942542
23326.00000 0.942442
23327.00000 0.942657
23328.00000 0.942321
23329.00000 0.942364
23330.00000 0.942432
23331.00000 0.942202
23332.00000 0.94229
23333.00000 0.942008
23334.00000 0.941965
23335.00000 0.942046
23336.00000 0.942142
23337.00000 0.941896
23338.00000 0.942035
23339.00000 0.941993
23340.00000 0.941821
23341.00000 0.941851
23342.00000 0.941762
23343.00000 0.941888
23344.00000 0.941556
23345.00000 0.9419
23346.00000 0.941757
23347.00000 0.941795
23348.00000 0.941472
23349.00000 0.94144
23350.00000 0.941728
23351.00000 0.941681
23352.00000 0.941438
23353.00000 0.941315
23354.00000 0.941558
23355.00000 0.941487
23356.00000 0.94145
23357.00000 0.941032
23358.00000 0.941565
23359.00000 0.941265
23360.00000 0.941284
23361.00000 0.941153
23362.00000 0.941312
23363.00000 0.941341
23364.00000 0.941353
23365.00000 0.941281
23366.00000 0.941082
23367.00000 0.941339
23368.00000 0.941054
23369.00000 0.941082
23370.00000 0.941048
23371.00000 0.941158
23372.00000 0.941321
23373.00000 0.941254
23374.00000 0.941099
23375.00000 0.941039
23376.00000 0.941294
23377.00000 0.941049
23378.00000 0.941038
23379.00000 0.941379
23380.00000 0.941123
23381.00000 0.941126
23382.00000 0.941119
23383.00000 0.941441
23384.00000 0.940937
23385.00000 0.941333
23386.00000 0.941173
23387.00000 0.941191
23388.00000 0.941252
23389.00000 0.941249
23390.00000 0.941092
23391.00000 0.941286
23392.00000 0.941163
23393.00000 0.941423
23394.00000 0.941345
23395.00000 0.94124
23396.00000 0.941431
23397.00000 0.941425
23398.00000 0.941409
23399.00000 0.94142
23400.00000 0.941715
23401.00000 0.941524
23402.00000 0.941644
23403.00000 0.941686
23404.00000 0.941614
23405.00000 0.941517
23406.00000 0.941649
23407.00000 0.941639
23408.00000 0.941642
23409.00000 0.941812
23410.00000 0.941813
23411.00000 0.94189
23412.00000 0.941824
23413.00000 0.941962
23414.00000 0.941811
23415.00000 0.942176
23416.00000 0.942086
23417.00000 0.941985
23418.00000 0.942309
23419.00000 0.942293
23420.00000 0.942374
23421.00000 0.942401
23422.00000 0.942339
23423.00000 0.942173
23424.00000 0.942519
23425.00000 0.9427
23426.00000 0.942637
23427.00000 0.943208
23428.00000 0.942511
23429.00000 0.942648
23430.00000 0.942693
23431.00000 0.94284
23432.00000 0.943056
23433.00000 0.942992
23434.00000 0.94294
23435.00000 0.943131
23436.00000 0.943384
23437.00000 0.943211
23438.00000 0.944008
23439.00000 0.943208
23440.00000 0.943563
23441.00000 0.94362
23442.00000 0.943976
23443.00000 0.944954
23444.00000 0.943485
23445.00000 0.943876
23446.00000 0.944028
23447.00000 0.944343
23448.00000 0.944269
23449.00000 0.944698
23450.00000 0.944306
23451.00000 0.944436
23452.00000 0.9445
23453.00000 0.944903
23454.00000 0.944676
23455.00000 0.944593
23456.00000 0.944977
23457.00000 0.945059
23458.00000 0.945066
23459.00000 0.944929
23460.00000 0.945518
23461.00000 0.944912
23462.00000 0.945622
23463.00000 0.945264
23464.00000 0.945628
23465.00000 0.945657
23466.00000 0.946218
23467.00000 0.946029
23468.00000 0.946056
23469.00000 0.945944
23470.00000 0.946045
23471.00000 0.946358
23472.00000 0.946325
23473.00000 0.946349
23474.00000 0.946499
23475.00000 0.946779
23476.00000 0.946746
23477.00000 0.94688
23478.00000 0.947091
23479.00000 0.94714
23480.00000 0.947256
23481.00000 0.947354
23482.00000 0.947299
23483.00000 0.947647
23484.00000 0.947931
23485.00000 0.947884
23486.00000 0.947895
23487.00000 0.947845
23488.00000 0.947964
23489.00000 0.948395
23490.00000 0.948411
23491.00000 0.948427
23492.00000 0.948612
23493.00000 0.948473
23494.00000 0.948844
23495.00000 0.948755
23496.00000 0.948506
23497.00000 0.949062
23498.00000 0.949109
23499.00000 0.949207
23500.00000 0.949248
23501.00000 0.949591
23502.00000 0.949526
23503.00000 0.949848
23504.00000 0.949652
23505.00000 0.949072
23506.00000 0.949832
23507.00000 0.949799
23508.00000 0.950233
23509.00000 0.950456
23510.00000 0.950293
23511.00000 0.950432
23512.00000 0.950722
23513.00000 0.950653
23514.00000 0.950874
23515.00000 0.950993
23516.00000 0.950854
23517.00000 0.951149
23518.00000 0.950822
23519.00000 0.950791
23520.00000 0.951314
23521.00000 0.951226
23522.00000 0.951596
23523.00000 0.951506
23524.00000 0.951703
23525.00000 0.951843
23526.00000 0.95196
23527.00000 0.952063
23528.00000 0.952075
23529.00000 0.951925
23530.00000 0.952117
23531.00000 0.952152
23532.00000 0.951978
23533.00000 0.952541
23534.00000 0.952275
23535.00000 0.952353
23536.00000 0.952513
23537.00000 0.952932
23538.00000 0.952369
23539.00000 0.952434
23540.00000 0.952761
23541.00000 0.952894
23542.00000 0.952886
23543.00000 0.952952
23544.00000 0.952727
23545.00000 0.952766
23546.00000 0.953123
23547.00000 0.952715
23548.00000 0.953146
23549.00000 0.953218
23550.00000 0.953123
23551.00000 0.952882
23552.00000 0.953127
23553.00000 0.95333
23554.00000 0.953259
23555.00000 0.953158
23556.00000 0.952901
23557.00000 0.952893
23558.00000 0.95302
23559.00000 0.953229
23560.00000 0.952911
23561.00000 0.953755
23562.00000 0.952955
23563.00000 0.953006
23564.00000 0.953008
23565.00000 0.952822
23566.00000 0.953187
23567.00000 0.952766
23568.00000 0.952963
23569.00000 0.953185
23570.00000 0.952638
23571.00000 0.952656
23572.00000 0.952605
23573.00000 0.952393
23574.00000 0.952324
23575.00000 0.952552
23576.00000 0.952379
23577.00000 0.952211
23578.00000 0.951849
23579.00000 0.952277
23580.00000 0.9515
23581.00000 0.950835
23582.00000 0.951939
23583.00000 0.951602
23584.00000 0.951411
23585.00000 0.951061
23586.00000 0.950895
23587.00000 0.950888
23588.00000 0.950825
23589.00000 0.950496
23590.00000 0.950422
23591.00000 0.949582
23592.00000 0.949811
23593.00000 0.949189
23594.00000 0.949375
23595.00000 0.949711
23596.00000 0.949035
23597.00000 0.948679
23598.00000 0.948335
23599.00000 0.948496
23600.00000 0.948372
23601.00000 0.947692
23602.00000 0.9473
23603.00000 0.947481
23604.00000 0.947356
23605.00000 0.945303
23606.00000 0.946437
23607.00000 0.945831
23608.00000 0.945554
23609.00000 0.945894
23610.00000 0.945544
23611.00000 0.944459
23612.00000 0.944276
23613.00000 0.944064
23614.00000 0.943769
23615.00000 0.943627
23616.00000 0.942505
23617.00000 0.942199
23618.00000 0.942066
23619.00000 0.941575
23620.00000 0.940562
23621.00000 0.940771
23622.00000 0.940346
23623.00000 0.94003
23624.00000 0.939088
23625.00000 0.938457
23626.00000 0.938019
23627.00000 0.937278
23628.00000 0.936987
23629.00000 0.936746
23630.00000 0.93619
23631.00000 0.935199
23632.00000 0.934974
23633.00000 0.934152
23634.00000 0.93374
23635.00000 0.933125
23636.00000 0.932409
23637.00000 0.931386
23638.00000 0.930883
23639.00000 0.930542
23640.00000 0.929789
23641.00000 0.928516
23642.00000 0.928266
23643.00000 0.927284
23644.00000 0.926979
23645.00000 0.926101
23646.00000 0.925169
23647.00000 0.924534
23648.00000 0.923545
23649.00000 0.921773
23650.00000 0.92203
23651.00000 0.921382
23652.00000 0.920971
23653.00000 0.919903
23654.00000 0.918148
23655.00000 0.917504
23656.00000 0.917097
23657.00000 0.916421
23658.00000 0.914775
23659.00000 0.914009
23660.00000 0.913011
23661.00000 0.912253
23662.00000 0.911011
23663.00000 0.909689
23664.00000 0.908083
23665.00000 0.908144
23666.00000 0.907383
23667.00000 0.905203
23668.00000 0.904358
23669.00000 0.903331
23670.00000 0.902064
23671.00000 0.9014
23672.00000 0.899711
23673.00000 0.898731
23674.00000 0.897943
23675.00000 0.896438
23676.00000 0.894916
23677.00000 0.894449
23678.00000 0.892076
23679.00000 0.890689
23680.00000 0.890239
23681.00000 0.88873
23682.00000 0.887176
23683.00000 0.885189
23684.00000 0.884052
23685.00000 0.882803
23686.00000 0.881837
23687.00000 0.880829
23688.00000 0.878881
23689.00000 0.876839
23690.00000 0.875964
23691.00000 0.874529
23692.00000 0.872804
23693.00000 0.8721
23694.00000 0.869509
23695.00000 0.868256
23696.00000 0.86696
23697.00000 0.865131
23698.00000 0.863144
23699.00000 0.861617
23700.00000 0.860698
23701.00000 0.858503
23702.00000 0.855903
23703.00000 0.854793
23704.00000 0.853499
23705.00000 0.851677
23706.00000 0.849732
23707.00000 0.847505
23708.00000 0.846029
23709.00000 0.844994
23710.00000 0.843386
23711.00000 0.840158
23712.00000 0.8386
23713.00000 0.837326
23714.00000 0.83503
23715.00000 0.832565
23716.00000 0.83106
23717.00000 0.829187
23718.00000 0.82748
23719.00000 0.825166
23720.00000 0.823049
23721.00000 0.821604
23722.00000 0.819476
23723.00000 0.81697
23724.00000 0.814751
23725.00000 0.812987
23726.00000 0.811501
23727.00000 0.808905
23728.00000 0.806039
23729.00000 0.804828
23730.00000 0.802177
23731.00000 0.800353
23732.00000 0.79722
23733.00000 0.795636
23734.00000 0.793903
23735.00000 0.791404
23736.00000 0.788428
23737.00000 0.785947
23738.00000 0.78443
23739.00000 0.781915
23740.00000 0.77908
23741.00000 0.776135
23742.00000 0.77482
23743.00000 0.773032
23744.00000 0.769743
23745.00000 0.766959
23746.00000 0.764778
23747.00000 0.763303
23748.00000 0.760478
23749.00000 0.757076
23750.00000 0.75457
23751.00000 0.752752
23752.00000 0.750956
23753.00000 0.747306
23754.00000 0.744414
23755.00000 0.74201
23756.00000 0.739937
23757.00000 0.736431
23758.00000 0.733727
23759.00000 0.731381
23760.00000 0.729944
23761.00000 0.727504
23762.00000 0.723372
23763.00000 0.720949
23764.00000 0.718799
23765.00000 0.716905
23766.00000 0.712655
23767.00000 0.71006
23768.00000 0.70847
23769.00000 0.705745
23770.00000 0.701917
23771.00000 0.698711
23772.00000 0.695888
23773.00000 0.694011
23774.00000 0.691254
23775.00000 0.687413
23776.00000 0.685387
23777.00000 0.682856
23778.00000 0.6806
23779.00000 0.675864
23780.00000 0.673569
23781.00000 0.671002
23782.00000 0.668561
23783.00000 0.665311
23784.00000 0.661901
23785.00000 0.659258
23786.00000 0.657039
23787.00000 0.653668
23788.00000 0.649502
23789.00000 0.647263
23790.00000 0.645182
23791.00000 0.641895
23792.00000 0.6379
23793.00000 0.635638
23794.00000 0.632928
23795.00000 0.630651
23796.00000 0.627394
23797.00000 0.623269
23798.00000 0.620616
23799.00000 0.617877
23800.00000 0.615905
23801.00000 0.611289
23802.00000 0.608556
23803.00000 0.605506
23804.00000 0.603017
23805.00000 0.598775
23806.00000 0.595959
23807.00000 0.593264
23808.00000 0.59015
23809.00000 0.58655
23810.00000 0.583153
23811.00000 0.581436
23812.00000 0.57883
23813.00000 0.575704
23814.00000 0.570966
23815.00000 0.568731
23816.00000 0.566573
23817.00000 0.562682
23818.00000 0.559011
23819.00000 0.556727
23820.00000 0.554238
23821.00000 0.551354
23822.00000 0.547463
23823.00000 0.543533
23824.00000 0.541226
23825.00000 0.538817
23826.00000 0.535123
23827.00000 0.53099
23828.00000 0.528801
23829.00000 0.526603
23830.00000 0.523523
23831.00000 0.518766
23832.00000 0.51637
23833.00000 0.514052
23834.00000 0.510965
23835.00000 0.507062
23836.00000 0.503772
23837.00000 0.501294
23838.00000 0.49891
23839.00000 0.495162
23840.00000 0.491353
23841.00000 0.488739
23842.00000 0.486116
23843.00000 0.483266
23844.00000 0.478724
23845.00000 0.476166
23846.00000 0.474077
23847.00000 0.471119
23848.00000 0.467389
23849.00000 0.46378
23850.00000 0.461399
23851.00000 0.458859
23852.00000 0.455237
23853.00000 0.451853
23854.00000 0.449458
23855.00000 0.447022
23856.00000 0.443994
23857.00000 0.439824
23858.00000 0.437259
23859.00000 0.434572
23860.00000 0.431502
23861.00000 0.427896
23862.00000 0.425198
23863.00000 0.422744
23864.00000 0.420124
23865.00000 0.41638
23866.00000 0.41304
23867.00000 0.411132
23868.00000 0.408322
23869.00000 0.405427
23870.00000 0.401898
23871.00000 0.399371
23872.00000 0.396567
