threeML/data/optical_filters/TCS/CAIN3-Kshort.ecsv
# %ECSV 0.9
# ---
# datatype:
# - {name: wavelength, unit: Angstrom, datatype: float32}
# - {name: response, datatype: float32}
# meta: !!omap
# - {band_name: Kshort}
# - {group_name: CAIN3}
wavelength response
[from data line 3831]
23619.00000 0.095848
23620.00000 0.094858
23621.00000 0.094233
23622.00000 0.093745
23623.00000 0.092921
23624.00000 0.091661
23625.00000 0.091041
23626.00000 0.090452
23627.00000 0.08972
23628.00000 0.088735
23629.00000 0.087983
23630.00000 0.087506
23631.00000 0.086861
23632.00000 0.085819
23633.00000 0.084965
23634.00000 0.084484
23635.00000 0.083948
23636.00000 0.083098
23637.00000 0.082022
23638.00000 0.081532
23639.00000 0.081033
23640.00000 0.080381
23641.00000 0.079302
23642.00000 0.078589
23643.00000 0.078149
23644.00000 0.077717
23645.00000 0.076711
23646.00000 0.075945
23647.00000 0.075442
23648.00000 0.074928
23649.00000 0.074234
23650.00000 0.073224
23651.00000 0.072782
23652.00000 0.072218
23653.00000 0.071743
23654.00000 0.070775
23655.00000 0.070193
23656.00000 0.069742
23657.00000 0.069237
23658.00000 0.06848
23659.00000 0.067713
23660.00000 0.067304
23661.00000 0.066849
23662.00000 0.066186
23663.00000 0.065298
23664.00000 0.064851
23665.00000 0.064452
23666.00000 0.063903
23667.00000 0.06302
23668.00000 0.062557
23669.00000 0.062134
23670.00000 0.0617
23671.00000 0.060924
23672.00000 0.06035
23673.00000 0.059892
23674.00000 0.059467
23675.00000 0.058818
23676.00000 0.058196
23677.00000 0.057746
23678.00000 0.057265
23679.00000 0.05674
23680.00000 0.056236
23681.00000 0.055658
23682.00000 0.055228
23683.00000 0.054862
23684.00000 0.054056
23685.00000 0.053566
23686.00000 0.053199
23687.00000 0.052803
23688.00000 0.052286
23689.00000 0.051651
23690.00000 0.051319
23691.00000 0.050891
23692.00000 0.050434
23693.00000 0.049758
23694.00000 0.049369
23695.00000 0.049083
23696.00000 0.048738
23697.00000 0.048074
23698.00000 0.047517
23699.00000 0.047258
23700.00000 0.04687
23701.00000 0.046377
23702.00000 0.045869
23703.00000 0.045484
23704.00000 0.045183
23705.00000 0.044725
23706.00000 0.04411
23707.00000 0.043806
23708.00000 0.043503
23709.00000 0.043118
23710.00000 0.042582
23711.00000 0.04216
23712.00000 0.04187
23713.00000 0.041484
23714.00000 0.041057
23715.00000 0.0406
23716.00000 0.04031
23717.00000 0.040006
23718.00000 0.039648
23719.00000 0.039052
23720.00000 0.038819
23721.00000 0.038489
23722.00000 0.03822
23723.00000 0.037657
23724.00000 0.037304
23725.00000 0.037118
23726.00000 0.036804
23727.00000 0.036316
23728.00000 0.03593
23729.00000 0.035692
23730.00000 0.035436
23731.00000 0.035099
23732.00000 0.034636
23733.00000 0.034386
23734.00000 0.034131
23735.00000 0.033795
23736.00000 0.03333
23737.00000 0.033129
23738.00000 0.032838
23739.00000 0.032581
23740.00000 0.032136
23741.00000 0.031864
23742.00000 0.031609
23743.00000 0.031385
23744.00000 0.031045
23745.00000 0.030603
23746.00000 0.030388
23747.00000 0.030161
23748.00000 0.029925
23749.00000 0.029461
23750.00000 0.029222
23751.00000 0.029049
23752.00000 0.028823
23753.00000 0.028426
23754.00000 0.02814
23755.00000 0.02795
23756.00000 0.027704
23757.00000 0.027499
23758.00000 0.027013
23759.00000 0.026837
23760.00000 0.026654
23761.00000 0.026445
23762.00000 0.026084
23763.00000 0.025821
23764.00000 0.025699
23765.00000 0.025492
23766.00000 0.025131
23767.00000 0.024887
23768.00000 0.024692
23769.00000 0.024516
23770.00000 0.024217
23771.00000 0.023979
23772.00000 0.023786
23773.00000 0.023592
23774.00000 0.023403
23775.00000 0.023072
23776.00000 0.022926
23777.00000 0.022683
23778.00000 0.022474
23779.00000 0.022216
23780.00000 0.022
23781.00000 0.021845
23782.00000 0.021634
23783.00000 0.021414
23784.00000 0.02116
23785.00000 0.021042
23786.00000 0.020887
23787.00000 0.020626
23788.00000 0.020344
23789.00000 0.02021
23790.00000 0.020049
23791.00000 0.019858
23792.00000 0.01957
23793.00000 0.019446
23794.00000 0.019283
23795.00000 0.019143
23796.00000 0.01894
23797.00000 0.018689
23798.00000 0.018567
23799.00000 0.018449
23800.00000 0.018237
23801.00000 0.017975
23802.00000 0.01791
23803.00000 0.017788
23804.00000 0.017584
23805.00000 0.017354
23806.00000 0.017178
23807.00000 0.017057
23808.00000 0.016928
23809.00000 0.016708
23810.00000 0.016539
23811.00000 0.016423
23812.00000 0.016287
23813.00000 0.01614
23814.00000 0.015914
23815.00000 0.015799
23816.00000 0.015634
23817.00000 0.015542
23818.00000 0.015351
23819.00000 0.015238
23820.00000 0.015117
23821.00000 0.014961
23822.00000 0.014789
23823.00000 0.014648
23824.00000 0.014529
23825.00000 0.014404
23826.00000 0.014222
23827.00000 0.014122
23828.00000 0.013979
23829.00000 0.013845
23830.00000 0.013795
23831.00000 0.013546
23832.00000 0.013425
23833.00000 0.013357
23834.00000 0.013246
23835.00000 0.013057
23836.00000 0.012913
23837.00000 0.012923
23838.00000 0.012763
23839.00000 0.01259
23840.00000 0.012436
23841.00000 0.012376
23842.00000 0.012278
23843.00000 0.012122
23844.00000 0.012021
23845.00000 0.011891
23846.00000 0.011841
23847.00000 0.011728
23848.00000 0.0116
23849.00000 0.011478
23850.00000 0.011343
23851.00000 0.011305
23852.00000 0.011168
23853.00000 0.011029
23854.00000 0.010977
23855.00000 0.010868
23856.00000 0.010766
23857.00000 0.010642
23858.00000 0.010558
23859.00000 0.010456
23860.00000 0.010332
23861.00000 0.01023
23862.00000 0.010178
23863.00000 0.010078
23864.00000 0.009991
23865.00000 0.009923
23866.00000 0.009761
23867.00000 0.009694
23868.00000 0.009631
23869.00000 0.009522
23870.00000 0.009419
23871.00000 0.009358
23872.00000 0.009277
23873.00000 0.009188
23874.00000 0.009062
23875.00000 0.009
23876.00000 0.008959
23877.00000 0.008854
23878.00000 0.008724
23879.00000 0.008681
23880.00000 0.008622
23881.00000 0.00855
23882.00000 0.00849
23883.00000 0.008375
23884.00000 0.008294
23885.00000 0.008229
23886.00000 0.008128
23887.00000 0.008075
23888.00000 0.008007
23889.00000 0.007937
23890.00000 0.007888
23891.00000 0.007772
23892.00000 0.007728
23893.00000 0.007648
23894.00000 0.007589
23895.00000 0.007514
23896.00000 0.00745
23897.00000 0.007409
23898.00000 0.007293
23899.00000 0.007227
23900.00000 0.007185
23901.00000 0.007087
23902.00000 0.007053
23903.00000 0.006995
23904.00000 0.006902
23905.00000 0.006861
23906.00000 0.006783
23907.00000 0.006769
23908.00000 0.006668
23909.00000 0.006607
23910.00000 0.00655
23911.00000 0.006503
23912.00000 0.006414
23913.00000 0.006369
23914.00000 0.006328
23915.00000 0.006286
23916.00000 0.006211
23917.00000 0.006132
23918.00000 0.006102
23919.00000 0.006091
23920.00000 0.00597
23921.00000 0.00597
23922.00000 0.005877
23923.00000 0.005843
23924.00000 0.005817
23925.00000 0.005759
23926.00000 0.00571
23927.00000 0.005606
23928.00000 0.005554
23929.00000 0.005531
23930.00000 0.005499
23931.00000 0.005453
23932.00000 0.005403
23933.00000 0.005336
23934.00000 0.005287
23935.00000 0.005256
23936.00000 0.005182
23937.00000 0.005169
23938.00000 0.00511
23939.00000 0.005082
23940.00000 0.005029
23941.00000 0.004994
23942.00000 0.004966
23943.00000 0.004867
23944.00000 0.00488
23945.00000 0.004824
23946.00000 0.004772
23947.00000 0.004738
23948.00000 0.004683
23949.00000 0.004679
23950.00000 0.004616
23951.00000 0.004554
23952.00000 0.004528
23953.00000 0.004471
23954.00000 0.004483
23955.00000 0.004428
23956.00000 0.004379
23957.00000 0.004354
23958.00000 0.004307
23959.00000 0.004285
23960.00000 0.00423
23961.00000 0.004197
23962.00000 0.004162
23963.00000 0.004121
23964.00000 0.004104
23965.00000 0.004068
23966.00000 0.004022
26362.59961 0.0
