threeML/data/optical_filters/TCS/CAIN3-Kcont.ecsv
# %ECSV 0.9
# ---
# datatype:
# - {name: wavelength, unit: Angstrom, datatype: float32}
# - {name: response, datatype: float32}
# meta: !!omap
# - {band_name: Kcont}
# - {group_name: CAIN3}
wavelength response
20017.80078 0.0
22242.00000 0.004021
22243.00000 0.004071
22244.00000 0.004127
22245.00000 0.004159
22246.00000 0.00424
22247.00000 0.004314
22248.00000 0.004331
22249.00000 0.004451
22250.00000 0.004485
22251.00000 0.004515
22252.00000 0.004613
22253.00000 0.004644
22254.00000 0.004752
22255.00000 0.004812
22256.00000 0.004892
22257.00000 0.004984
22258.00000 0.005049
22259.00000 0.005065
22260.00000 0.005136
22261.00000 0.005234
22262.00000 0.005327
22263.00000 0.005404
22264.00000 0.005486
22265.00000 0.005522
22266.00000 0.005648
22267.00000 0.005737
22268.00000 0.005809
22269.00000 0.00587
22270.00000 0.006
22271.00000 0.006112
22272.00000 0.006152
22273.00000 0.006288
22274.00000 0.006344
22275.00000 0.006469
22276.00000 0.006534
22277.00000 0.006617
22278.00000 0.006705
22279.00000 0.006909
22280.00000 0.006981
22281.00000 0.007087
22282.00000 0.007152
22283.00000 0.007336
22284.00000 0.007408
22285.00000 0.007552
22286.00000 0.007626
22287.00000 0.007732
22288.00000 0.007917
22289.00000 0.00802
22290.00000 0.008123
22291.00000 0.008247
22292.00000 0.008446
22293.00000 0.008552
22294.00000 0.008665
22295.00000 0.008787
22296.00000 0.00901
22297.00000 0.009135
22298.00000 0.009273
22299.00000 0.009482
22300.00000 0.009511
22301.00000 0.009705
22302.00000 0.009908
22303.00000 0.010015
22304.00000 0.010178
22305.00000 0.010411
22306.00000 0.010567
22307.00000 0.010727
22308.00000 0.010869
22309.00000 0.011112
22310.00000 0.011276
22311.00000 0.011465
22312.00000 0.011607
22313.00000 0.011783
22314.00000 0.012247
22315.00000 0.012313
22316.00000 0.012433
22317.00000 0.012725
22318.00000 0.013055
22319.00000 0.013215
22320.00000 0.01335
22321.00000 0.013614
22322.00000 0.014007
22323.00000 0.014128
22324.00000 0.014331
22325.00000 0.014556
22326.00000 0.014885
22327.00000 0.015215
22328.00000 0.015424
22329.00000 0.015653
22330.00000 0.015897
22331.00000 0.016378
22332.00000 0.016645
22333.00000 0.016807
22334.00000 0.017197
22335.00000 0.017573
22336.00000 0.017885
22337.00000 0.018104
22338.00000 0.018415
22339.00000 0.018757
22340.00000 0.019222
22341.00000 0.019557
22342.00000 0.019888
22343.00000 0.020248
22344.00000 0.020782
22345.00000 0.02108
22346.00000 0.021341
22347.00000 0.021806
22348.00000 0.022297
22349.00000 0.022839
22350.00000 0.023116
22351.00000 0.023576
22352.00000 0.024182
22353.00000 0.024597
22354.00000 0.024843
22355.00000 0.025382
22356.00000 0.025896
22357.00000 0.026547
22358.00000 0.027018
22359.00000 0.027365
22360.00000 0.027899
22361.00000 0.028668
22362.00000 0.029263
22363.00000 0.029647
22364.00000 0.030292
22365.00000 0.030951
22366.00000 0.031684
22367.00000 0.032062
22368.00000 0.032529
22369.00000 0.033305
22370.00000 0.034264
22371.00000 0.034778
22372.00000 0.0354
22373.00000 0.036099
22374.00000 0.037096
22375.00000 0.037889
22376.00000 0.038421
22377.00000 0.039222
22378.00000 0.040108
22379.00000 0.041058
22380.00000 0.041595
22381.00000 0.042152
22382.00000 0.044029
22383.00000 0.044611
22384.00000 0.045023
22385.00000 0.046116
22386.00000 0.047194
22387.00000 0.048473
22388.00000 0.049384
22389.00000 0.050042
22390.00000 0.051015
22391.00000 0.052198
22392.00000 0.053475
22393.00000 0.054417
22394.00000 0.055302
22395.00000 0.056484
22396.00000 0.058011
22397.00000 0.058934
22398.00000 0.060016
22399.00000 0.061094
22400.00000 0.062737
22401.00000 0.064134
22402.00000 0.065567
22403.00000 0.06674
22404.00000 0.068467
22405.00000 0.069941
22406.00000 0.070556
22407.00000 0.071672
22408.00000 0.073832
22409.00000 0.075739
22410.00000 0.07685
22411.00000 0.07822
22412.00000 0.079624
22413.00000 0.081392
22414.00000 0.082569
22415.00000 0.084179
22416.00000 0.085997
22417.00000 0.088084
22418.00000 0.089963
22419.00000 0.091399
22420.00000 0.092992
22421.00000 0.095344
22422.00000 0.097403
22423.00000 0.098819
22424.00000 0.100204
22425.00000 0.101807
22426.00000 0.104815
22427.00000 0.106645
22428.00000 0.108544
22429.00000 0.110167
22430.00000 0.112788
22431.00000 0.114033
22432.00000 0.117839
22433.00000 0.118765
22434.00000 0.120854
22435.00000 0.123631
22436.00000 0.125798
22437.00000 0.127996
22438.00000 0.13011
22439.00000 0.13295
22440.00000 0.134767
22441.00000 0.137024
22442.00000 0.139655
22443.00000 0.142879
22444.00000 0.145342
22445.00000 0.146948
22446.00000 0.148533
22447.00000 0.152499
22448.00000 0.155201
22449.00000 0.157607
22450.00000 0.159779
22451.00000 0.162814
22452.00000 0.165833
22453.00000 0.168656
22454.00000 0.171185
22455.00000 0.173633
22456.00000 0.177078
22457.00000 0.179627
22458.00000 0.18273
22459.00000 0.185278
22460.00000 0.188728
22461.00000 0.191533
22462.00000 0.194661
22463.00000 0.19692
22464.00000 0.200369
22465.00000 0.20371
22466.00000 0.206736
22467.00000 0.209626
22468.00000 0.212598
22469.00000 0.216491
22470.00000 0.219649
22471.00000 0.222522
22472.00000 0.22608
22473.00000 0.229829
22474.00000 0.233316
22475.00000 0.236319
22476.00000 0.2387
22477.00000 0.243047
22478.00000 0.246536
22479.00000 0.249812
22480.00000 0.252629
22481.00000 0.256024
22482.00000 0.26034
22483.00000 0.263999
22484.00000 0.266088
22485.00000 0.270197
22486.00000 0.274332
22487.00000 0.27857
22488.00000 0.281863
22489.00000 0.285195
22490.00000 0.289191
22491.00000 0.29334
22492.00000 0.296751
22493.00000 0.299297
22494.00000 0.303391
22495.00000 0.307492
22496.00000 0.311876
22497.00000 0.314884
22498.00000 0.318532
22499.00000 0.322482
22500.00000 0.326899
22501.00000 0.329859
22502.00000 0.333434
22503.00000 0.337906
22504.00000 0.342699
22505.00000 0.346628
22506.00000 0.34953
22507.00000 0.353461
22508.00000 0.358399
22509.00000 0.363002
22510.00000 0.365516
22511.00000 0.369449
22512.00000 0.373785
22513.00000 0.378704
22514.00000 0.381378
22515.00000 0.385346
22516.00000 0.389077
22517.00000 0.39385
22518.00000 0.397995
22519.00000 0.401647
22520.00000 0.405001
22521.00000 0.410494
22522.00000 0.414702
22523.00000 0.41783
22524.00000 0.421772
22525.00000 0.425898
22526.00000 0.430553
22527.00000 0.434101
22528.00000 0.439028
22529.00000 0.442637
22530.00000 0.447909
22531.00000 0.450953
22532.00000 0.454325
22533.00000 0.457425
22534.00000 0.462981
22535.00000 0.466702
22536.00000 0.470279
22537.00000 0.473531
22538.00000 0.478381
22539.00000 0.483128
22540.00000 0.486571
22541.00000 0.490259
22542.00000 0.49366
22543.00000 0.498852
22544.00000 0.501568
22545.00000 0.505864
22546.00000 0.508748
22547.00000 0.514654
22548.00000 0.517846
22549.00000 0.522003
22550.00000 0.524319
22551.00000 0.529441
22552.00000 0.533133
22553.00000 0.536686
22554.00000 0.5405
22555.00000 0.544319
22556.00000 0.548905
22557.00000 0.551302
22558.00000 0.556514
22559.00000 0.556299
22560.00000 0.56488
22561.00000 0.568375
22562.00000 0.570218
22563.00000 0.572066
22564.00000 0.577914
22565.00000 0.581153
22566.00000 0.585254
22567.00000 0.590123
22568.00000 0.592188
22569.00000 0.596432
22570.00000 0.598997
22571.00000 0.602141
22572.00000 0.605799
22573.00000 0.610717
22574.00000 0.613443
22575.00000 0.617007
22576.00000 0.620139
22577.00000 0.62559
22578.00000 0.627132
22579.00000 0.630612
22580.00000 0.63255
22581.00000 0.637242
22582.00000 0.640818
22583.00000 0.644233
22584.00000 0.646311
22585.00000 0.650251
22586.00000 0.653528
22587.00000 0.65645
22588.00000 0.659018
22589.00000 0.661736
22590.00000 0.666283
22591.00000 0.669108
22592.00000 0.671964
22593.00000 0.674328
22594.00000 0.678548
22595.00000 0.68003
22596.00000 0.683032
22597.00000 0.6861
22598.00000 0.691187
22599.00000 0.689825
22600.00000 0.69656
22601.00000 0.698826
22602.00000 0.700335
22603.00000 0.703633
22604.00000 0.706247
22605.00000 0.708285
22606.00000 0.709973
22607.00000 0.714475
22608.00000 0.716884
22609.00000 0.719788
22610.00000 0.721461
22611.00000 0.724008
22612.00000 0.726041
22613.00000 0.731776
22614.00000 0.730233
22615.00000 0.732781
22616.00000 0.738518
22617.00000 0.739647
22618.00000 0.739409
22619.00000 0.743009
22620.00000 0.747344
22621.00000 0.74903
22622.00000 0.750445
22623.00000 0.751397
22624.00000 0.755251
22625.00000 0.755109
22626.00000 0.759794
22627.00000 0.759767
22628.00000 0.763102
22629.00000 0.764261
22630.00000 0.767781
22631.00000 0.771426
22632.00000 0.770697
22633.00000 0.772575
22634.00000 0.774896
22635.00000 0.776057
22636.00000 0.777704
22637.00000 0.780427
22638.00000 0.781329
22639.00000 0.783367
22640.00000 0.78385
22641.00000 0.786583
22642.00000 0.787412
22643.00000 0.78998
22644.00000 0.790163
22645.00000 0.79285
22646.00000 0.793617
22647.00000 0.796312
22648.00000 0.79665
22649.00000 0.798516
22650.00000 0.799465
22651.00000 0.801625
22652.00000 0.802504
22653.00000 0.80373
22654.00000 0.805506
22655.00000 0.806296
22656.00000 0.808127
22657.00000 0.808152
22658.00000 0.810202
22659.00000 0.810496
22660.00000 0.812823
22661.00000 0.812712
22662.00000 0.814627
22663.00000 0.814933
22664.00000 0.816906
22665.00000 0.817015
22666.00000 0.818387
22667.00000 0.818856
22668.00000 0.820373
22669.00000 0.820859
22670.00000 0.821887
22671.00000 0.823071
22672.00000 0.822968
22673.00000 0.824467
22674.00000 0.823657
22675.00000 0.825926
22676.00000 0.82553
22677.00000 0.82734
22678.00000 0.826392
22679.00000 0.828052
22680.00000 0.827911
22681.00000 0.829719
22682.00000 0.829118
22683.00000 0.830814
22684.00000 0.830434
22685.00000 0.831387
22686.00000 0.831667
22687.00000 0.831886
22688.00000 0.83252
22689.00000 0.832214
22690.00000 0.833323
22691.00000 0.832609
22692.00000 0.834107
22693.00000 0.833594
22694.00000 0.835019
22695.00000 0.833613
22696.00000 0.834973
22697.00000 0.833733
22698.00000 0.835592
22699.00000 0.834901
22700.00000 0.836085
22701.00000 0.835384
22702.00000 0.835678
22703.00000 0.835674
22704.00000 0.835547
22705.00000 0.836676
22706.00000 0.835085
22707.00000 0.836348
22708.00000 0.835695
22709.00000 0.83679
22710.00000 0.834719
22711.00000 0.836858
22712.00000 0.834249
22713.00000 0.835913
22714.00000 0.835125
22715.00000 0.836292
22716.00000 0.835294
22717.00000 0.835704
22718.00000 0.835194
22719.00000 0.835504
22720.00000 0.834771
22721.00000 0.834707
22722.00000 0.835168
22723.00000 0.834246
22724.00000 0.835122
22725.00000 0.833641
22726.00000 0.834962
22727.00000 0.833262
22728.00000 0.834426
22729.00000 0.832816
22730.00000 0.833651
22731.00000 0.832347
22732.00000 0.833279
22733.00000 0.832279
22734.00000 0.832714
22735.00000 0.832876
22736.00000 0.832097
22737.00000 0.832059
22738.00000 0.831105
22739.00000 0.831745
22740.00000 0.830379
22741.00000 0.831337
22742.00000 0.830001
22743.00000 0.830719
22744.00000 0.828973
22745.00000 0.830077
22746.00000 0.828532
22747.00000 0.829706
22748.00000 0.828693
22749.00000 0.828968
22750.00000 0.82796
22751.00000 0.827805
22752.00000 0.827138
22753.00000 0.827488
22754.00000 0.827202
22755.00000 0.826085
22756.00000 0.826956
22757.00000 0.825479
22758.00000 0.826999
22759.00000 0.824565
22760.00000 0.825568
22761.00000 0.824483
22762.00000 0.82522
22763.00000 0.823712
22764.00000 0.824238
22765.00000 0.822681
22766.00000 0.823635
22767.00000 0.822814
22768.00000 0.822778
22769.00000 0.822508
22770.00000 0.822169
22771.00000 0.821968
22772.00000 0.820783
22773.00000 0.821611
22774.00000 0.820175
22775.00000 0.821012
22776.00000 0.81932
22777.00000 0.820035
22778.00000 0.819437
22779.00000 0.819834
22780.00000 0.818151
22781.00000 0.818813
22782.00000 0.817867
22783.00000 0.817794
22784.00000 0.816564
22785.00000 0.817392
22786.00000 0.816831
22787.00000 0.816043
22788.00000 0.816585
22789.00000 0.814991
22790.00000 0.816371
22791.00000 0.814947
22792.00000 0.815704
22793.00000 0.813841
22794.00000 0.81483
22795.00000 0.813633
22796.00000 0.813921
22797.00000 0.812668
22798.00000 0.813354
22799.00000 0.812653
22800.00000 0.812434
22801.00000 0.811918
22802.00000 0.811671
22803.00000 0.811917
22804.00000 0.811244
22805.00000 0.811282
22806.00000 0.80999
22807.00000 0.810924
22808.00000 0.809432
22809.00000 0.810455
22810.00000 0.808614
22811.00000 0.809825
22812.00000 0.808097
22813.00000 0.809259
22814.00000 0.807633
22815.00000 0.808314
22816.00000 0.807261
22817.00000 0.807464
22818.00000 0.807372
22819.00000 0.805924
22820.00000 0.806915
22821.00000 0.805485
22822.00000 0.806301
22823.00000 0.804919
22824.00000 0.806005
22825.00000 0.804302
22826.00000 0.805318
22827.00000 0.8041
22828.00000 0.804781
22829.00000 0.803239
22830.00000 0.803823
22831.00000 0.803194
22832.00000 0.803372
22833.00000 0.802934
22834.00000 0.802788
22835.00000 0.803356
22836.00000 0.801646
22837.00000 0.802083
22838.00000 0.801435
22839.00000 0.801944
22840.00000 0.800428
22841.00000 0.801241
22842.00000 0.799951
22843.00000 0.800464
22844.00000 0.799462
22845.00000 0.800675
22846.00000 0.799389
22847.00000 0.799992
22848.00000 0.798987
22849.00000 0.79895
22850.00000 0.79868
22851.00000 0.798546
22852.00000 0.798903
22853.00000 0.797888
22854.00000 0.798181
22855.00000 0.79712
22856.00000 0.798069
22857.00000 0.796526
22858.00000 0.797172
22859.00000 0.795978
22860.00000 0.79675
22861.00000 0.7958
22862.00000 0.796045
22863.00000 0.795084
22864.00000 0.795652
22865.00000 0.795188
22866.00000 0.794679
22867.00000 0.794932
22868.00000 0.794045
22869.00000 0.794629
22870.00000 0.793288
22871.00000 0.79399
22872.00000 0.792587
22873.00000 0.79358
22874.00000 0.791951
22875.00000 0.792666
22876.00000 0.791386
22877.00000 0.792319
22878.00000 0.790872
22879.00000 0.791486
22880.00000 0.789782
22881.00000 0.790621
22882.00000 0.789961
22883.00000 0.789577
22884.00000 0.788811
22885.00000 0.788487
22886.00000 0.788446
22887.00000 0.787543
22888.00000 0.787768
22889.00000 0.785437
22890.00000 0.78694
22891.00000 0.785314
22892.00000 0.785935
22893.00000 0.784002
22894.00000 0.785041
22895.00000 0.782835
22896.00000 0.783913
22897.00000 0.782605
22898.00000 0.782621
22899.00000 0.781818
22900.00000 0.780905
22901.00000 0.78009
22902.00000 0.779786
22903.00000 0.779499
22904.00000 0.778444
22905.00000 0.778017
22906.00000 0.776239
22907.00000 0.776647
22908.00000 0.774732
22909.00000 0.775246
22910.00000 0.773908
22911.00000 0.772171
22912.00000 0.772225
22913.00000 0.771783
22914.00000 0.769667
22915.00000 0.76943
22916.00000 0.768333
22917.00000 0.767331
22918.00000 0.766734
22919.00000 0.764794
22920.00000 0.763787
22921.00000 0.761931
22922.00000 0.762609
22923.00000 0.760316
22924.00000 0.760259
22925.00000 0.758087
22926.00000 0.757282
22927.00000 0.755013
22928.00000 0.755088
22929.00000 0.753533
22930.00000 0.75299
22931.00000 0.749601
22932.00000 0.74856
22933.00000 0.74632
22934.00000 0.745738
22935.00000 0.744622
22936.00000 0.742286
22937.00000 0.74135
22938.00000 0.739457
22939.00000 0.737241
22940.00000 0.734573
22941.00000 0.735407
22942.00000 0.730708
22943.00000 0.731358
22944.00000 0.727209
22945.00000 0.724241
22946.00000 0.724334
22947.00000 0.723554
22948.00000 0.719912
22949.00000 0.71767
22950.00000 0.715369
22951.00000 0.712869
22952.00000 0.711831
22953.00000 0.708538
22954.00000 0.707115
22955.00000 0.704038
22956.00000 0.701903
22957.00000 0.697459
22958.00000 0.696459
22959.00000 0.694148
22960.00000 0.6925
22961.00000 0.687532
22962.00000 0.684944
22963.00000 0.683801
22964.00000 0.678168
22965.00000 0.676307
22966.00000 0.673706
22967.00000 0.671234
22968.00000 0.669085
22969.00000 0.6653
22970.00000 0.661504
22971.00000 0.658873
22972.00000 0.655507
22973.00000 0.653055
22974.00000 0.647135
22975.00000 0.645729
22976.00000 0.641372
22977.00000 0.640215
22978.00000 0.634322
22979.00000 0.63079
22980.00000 0.626931
22981.00000 0.624387
22982.00000 0.620403
22983.00000 0.616354
22984.00000 0.612659
22985.00000 0.609813
22986.00000 0.60578
22987.00000 0.599705
22988.00000 0.597831
22989.00000 0.590909
22990.00000 0.59033
22991.00000 0.584495
22992.00000 0.580228
22993.00000 0.576244
22994.00000 0.572471
22995.00000 0.568045
22996.00000 0.563403
22997.00000 0.559061
22998.00000 0.555297
22999.00000 0.550736
23000.00000 0.546354
23001.00000 0.541581
23002.00000 0.538948
23003.00000 0.534652
23004.00000 0.528067
23005.00000 0.523876
