threeML/data/optical_filters/TCS/CAIN3-Kshort.ecsv
# %ECSV 0.9
# ---
# datatype:
# - {name: wavelength, unit: Angstrom, datatype: float32}
# - {name: response, datatype: float32}
# meta: !!omap
# - {band_name: Kshort}
# - {group_name: CAIN3}
wavelength response
[from data line 3066]
22854.00000 0.905092
22855.00000 0.905045
22856.00000 0.905127
22857.00000 0.905033
22858.00000 0.905129
22859.00000 0.905
22860.00000 0.904875
22861.00000 0.904736
22862.00000 0.904645
22863.00000 0.904521
22864.00000 0.904723
22865.00000 0.90444
22866.00000 0.904802
22867.00000 0.904591
22868.00000 0.903956
22869.00000 0.904266
22870.00000 0.904249
22871.00000 0.904211
22872.00000 0.904065
22873.00000 0.904258
22874.00000 0.904095
22875.00000 0.904218
22876.00000 0.904219
22877.00000 0.904048
22878.00000 0.903748
22879.00000 0.903705
22880.00000 0.903709
22881.00000 0.903667
22882.00000 0.903664
22883.00000 0.903537
22884.00000 0.903286
22885.00000 0.90333
22886.00000 0.903388
22887.00000 0.90325
22888.00000 0.903414
22889.00000 0.903234
22890.00000 0.903293
22891.00000 0.903013
22892.00000 0.903209
22893.00000 0.902893
22894.00000 0.902872
22895.00000 0.902811
22896.00000 0.902818
22897.00000 0.90275
22898.00000 0.902549
22899.00000 0.902462
22900.00000 0.902438
22901.00000 0.902423
22902.00000 0.902232
22903.00000 0.902292
22904.00000 0.902032
22905.00000 0.902078
22906.00000 0.901971
22907.00000 0.901924
22908.00000 0.901709
22909.00000 0.90164
22910.00000 0.901925
22911.00000 0.901663
22912.00000 0.901675
22913.00000 0.901422
22914.00000 0.901328
22915.00000 0.901369
22916.00000 0.901387
22917.00000 0.900902
22918.00000 0.901282
22919.00000 0.900932
22920.00000 0.900972
22921.00000 0.90118
22922.00000 0.900751
22923.00000 0.900463
22924.00000 0.900858
22925.00000 0.900791
22926.00000 0.900259
22927.00000 0.900389
22928.00000 0.900393
22929.00000 0.900371
22930.00000 0.9001
22931.00000 0.899695
22932.00000 0.900052
22933.00000 0.899937
22934.00000 0.900013
22935.00000 0.899518
22936.00000 0.89962
22937.00000 0.899466
22938.00000 0.899407
22939.00000 0.899741
22940.00000 0.899212
22941.00000 0.899043
22942.00000 0.899405
22943.00000 0.898677
22944.00000 0.898494
22945.00000 0.898608
22946.00000 0.898124
22947.00000 0.898582
22948.00000 0.898534
22949.00000 0.898232
22950.00000 0.897964
22951.00000 0.897843
22952.00000 0.898145
22953.00000 0.897964
22954.00000 0.897591
22955.00000 0.897531
22956.00000 0.897398
22957.00000 0.897157
22958.00000 0.897412
22959.00000 0.896903
22960.00000 0.896988
22961.00000 0.896924
22962.00000 0.896821
22963.00000 0.896587
22964.00000 0.896365
22965.00000 0.896622
22966.00000 0.896163
22967.00000 0.896074
22968.00000 0.895645
22969.00000 0.895707
22970.00000 0.895603
22971.00000 0.895722
22972.00000 0.895244
22973.00000 0.895141
22974.00000 0.895189
22975.00000 0.894876
22976.00000 0.894672
22977.00000 0.894505
22978.00000 0.89439
22979.00000 0.893885
22980.00000 0.894131
22981.00000 0.893871
22982.00000 0.89394
22983.00000 0.893777
22984.00000 0.893442
22985.00000 0.893311
22986.00000 0.892655
22987.00000 0.892409
22988.00000 0.892831
22989.00000 0.892455
22990.00000 0.89235
22991.00000 0.892309
22992.00000 0.892084
22993.00000 0.891727
22994.00000 0.891606
22995.00000 0.891378
22996.00000 0.891277
22997.00000 0.890697
22998.00000 0.890547
22999.00000 0.890428
23000.00000 0.890447
23001.00000 0.890282
23002.00000 0.889878
23003.00000 0.889361
23004.00000 0.889805
23005.00000 0.889382
23006.00000 0.888625
23007.00000 0.888927
23008.00000 0.888619
23009.00000 0.888904
23010.00000 0.888395
23011.00000 0.888136
23012.00000 0.888653
23013.00000 0.888043
23014.00000 0.886816
23015.00000 0.887171
23016.00000 0.886824
23017.00000 0.886692
23018.00000 0.886354
23019.00000 0.886128
23020.00000 0.885552
23021.00000 0.885452
23022.00000 0.885198
23023.00000 0.884894
23024.00000 0.884731
23025.00000 0.884516
23026.00000 0.884281
23027.00000 0.883656
23028.00000 0.883559
23029.00000 0.883265
23030.00000 0.882959
23031.00000 0.882635
23032.00000 0.882351
23033.00000 0.882047
23034.00000 0.881695
23035.00000 0.881463
23036.00000 0.88082
23037.00000 0.880777
23038.00000 0.880779
23039.00000 0.880135
23040.00000 0.880004
23041.00000 0.879733
23042.00000 0.879288
23043.00000 0.878579
23044.00000 0.879229
23045.00000 0.878226
23046.00000 0.877824
23047.00000 0.87779
23048.00000 0.877475
23049.00000 0.876348
23050.00000 0.876605
23051.00000 0.876424
23052.00000 0.875779
23053.00000 0.875553
23054.00000 0.875011
23055.00000 0.874616
23056.00000 0.874246
23057.00000 0.87407
23058.00000 0.873469
23059.00000 0.872883
23060.00000 0.872843
23061.00000 0.872444
23062.00000 0.872104
23063.00000 0.871322
23064.00000 0.870847
23065.00000 0.870355
23066.00000 0.870438
23067.00000 0.869783
23068.00000 0.86882
23069.00000 0.869232
23070.00000 0.868439
23071.00000 0.867682
23072.00000 0.867374
23073.00000 0.867234
23074.00000 0.866596
23075.00000 0.865961
23076.00000 0.86582
23077.00000 0.864939
23078.00000 0.864927
23079.00000 0.864528
23080.00000 0.863325
23081.00000 0.863068
23082.00000 0.862646
23083.00000 0.861589
23084.00000 0.861879
23085.00000 0.861562
23086.00000 0.860679
23087.00000 0.860463
23088.00000 0.859837
23089.00000 0.858931
23090.00000 0.858448
23091.00000 0.857671
23092.00000 0.857633
23093.00000 0.856922
23094.00000 0.856502
23095.00000 0.85602
23096.00000 0.855021
23097.00000 0.854404
23098.00000 0.853736
23099.00000 0.853572
23100.00000 0.853258
23101.00000 0.8523
23102.00000 0.851512
23103.00000 0.85088
23104.00000 0.850267
23105.00000 0.849956
23106.00000 0.849499
23107.00000 0.847689
23108.00000 0.847947
23109.00000 0.847466
23110.00000 0.84646
23111.00000 0.845553
23112.00000 0.845467
23113.00000 0.845522
23114.00000 0.843342
23115.00000 0.841506
23116.00000 0.84266
23117.00000 0.841965
23118.00000 0.841393
23119.00000 0.840404
23120.00000 0.83976
23121.00000 0.838964
23122.00000 0.838094
23123.00000 0.836682
23124.00000 0.836529
23125.00000 0.835597
23126.00000 0.835556
23127.00000 0.834908
23128.00000 0.833969
23129.00000 0.833009
23130.00000 0.832409
23131.00000 0.83182
23132.00000 0.830425
23133.00000 0.829739
23134.00000 0.829152
23135.00000 0.828647
23136.00000 0.827223
23137.00000 0.826455
23138.00000 0.825505
23139.00000 0.82521
23140.00000 0.824107
23141.00000 0.823373
23142.00000 0.822057
23143.00000 0.821474
23144.00000 0.820934
23145.00000 0.819851
23146.00000 0.818898
23147.00000 0.818423
23148.00000 0.81738
23149.00000 0.81606
23150.00000 0.815504
23151.00000 0.814583
23152.00000 0.81336
23153.00000 0.812491
23154.00000 0.811727
23155.00000 0.810968
23156.00000 0.810163
23157.00000 0.809414
23158.00000 0.807672
23159.00000 0.806838
23160.00000 0.805943
23161.00000 0.80469
23162.00000 0.803837
23163.00000 0.802984
23164.00000 0.802297
23165.00000 0.801755
23166.00000 0.799215
23167.00000 0.798555
23168.00000 0.798186
23169.00000 0.797412
23170.00000 0.795808
23171.00000 0.794488
23172.00000 0.793618
23173.00000 0.792456
23174.00000 0.792195
23175.00000 0.79038
23176.00000 0.789653
23177.00000 0.788338
23178.00000 0.787584
23179.00000 0.785943
23180.00000 0.784756
23181.00000 0.784333
23182.00000 0.783209
23183.00000 0.781708
23184.00000 0.780409
23185.00000 0.779695
23186.00000 0.778418
23187.00000 0.777405
23188.00000 0.775556
23189.00000 0.774788
23190.00000 0.773864
23191.00000 0.772794
23192.00000 0.770727
23193.00000 0.769889
23194.00000 0.769011
23195.00000 0.767952
23196.00000 0.766663
23197.00000 0.764827
23198.00000 0.763662
23199.00000 0.762818
23200.00000 0.762003
23201.00000 0.759481
23202.00000 0.758549
23203.00000 0.758504
23204.00000 0.756033
23205.00000 0.754557
23206.00000 0.753539
23207.00000 0.75276
23208.00000 0.751629
23209.00000 0.749827
23210.00000 0.748108
23211.00000 0.746464
23212.00000 0.746104
23213.00000 0.744999
23214.00000 0.742959
23215.00000 0.741844
23216.00000 0.740831
23217.00000 0.739473
23218.00000 0.737482
23219.00000 0.736549
23220.00000 0.735061
23221.00000 0.733537
23222.00000 0.732339
23223.00000 0.730653
23224.00000 0.72946
23225.00000 0.728211
23226.00000 0.727069
23227.00000 0.725106
23228.00000 0.723889
23229.00000 0.722737
23230.00000 0.721326
23231.00000 0.719301
23232.00000 0.717905
23233.00000 0.716954
23234.00000 0.715673
23235.00000 0.713316
23236.00000 0.711977
23237.00000 0.710689
23238.00000 0.709218
23239.00000 0.70747
23240.00000 0.705649
23241.00000 0.704192
23242.00000 0.703424
23243.00000 0.70235
23244.00000 0.699863
23245.00000 0.698386
23246.00000 0.696458
23247.00000 0.695396
23248.00000 0.693958
23249.00000 0.692206
23250.00000 0.690243
23251.00000 0.689229
23252.00000 0.688241
23253.00000 0.685408
23254.00000 0.684181
23255.00000 0.682961
23256.00000 0.681287
23257.00000 0.678935
23258.00000 0.677851
23259.00000 0.676595
23260.00000 0.675378
23261.00000 0.672722
23262.00000 0.671091
23263.00000 0.669903
23264.00000 0.668509
23265.00000 0.666746
23266.00000 0.664072
23267.00000 0.663417
23268.00000 0.661421
23269.00000 0.6595
23270.00000 0.657759
23271.00000 0.656339
23272.00000 0.654981
23273.00000 0.653337
23274.00000 0.65077
23275.00000 0.64926
23276.00000 0.647743
23277.00000 0.646702
23278.00000 0.644117
23279.00000 0.64187
23280.00000 0.640881
23281.00000 0.639491
23282.00000 0.637776
23283.00000 0.635214
23284.00000 0.63372
23285.00000 0.632202
23286.00000 0.630967
23287.00000 0.628079
23288.00000 0.626786
23289.00000 0.625012
23290.00000 0.623837
23291.00000 0.621211
23292.00000 0.619117
23293.00000 0.61766
23294.00000 0.616465
23295.00000 0.614671
23296.00000 0.611732
23297.00000 0.610108
23298.00000 0.609155
23299.00000 0.607619
23300.00000 0.605186
23301.00000 0.602952
23302.00000 0.601321
23303.00000 0.599768
23304.00000 0.598067
23305.00000 0.595527
23306.00000 0.59422
23307.00000 0.592555
23308.00000 0.590478
23309.00000 0.588122
23310.00000 0.586694
23311.00000 0.585199
23312.00000 0.583482
23313.00000 0.580695
23314.00000 0.579037
23315.00000 0.577853
23316.00000 0.575713
23317.00000 0.573692
23318.00000 0.571461
23319.00000 0.57013
23320.00000 0.568615
23321.00000 0.565698
23322.00000 0.563702
23323.00000 0.561868
23324.00000 0.560444
23325.00000 0.558545
23326.00000 0.555761
23327.00000 0.554266
23328.00000 0.552767
23329.00000 0.550768
23330.00000 0.548698
23331.00000 0.54893
23332.00000 0.545034
23333.00000 0.543267
23334.00000 0.54139
23335.00000 0.538748
23336.00000 0.53738
23337.00000 0.535758
23338.00000 0.534135
23339.00000 0.530836
23340.00000 0.529128
23341.00000 0.527629
23342.00000 0.525589
23343.00000 0.523232
23344.00000 0.521278
23345.00000 0.519659
23346.00000 0.518402
23347.00000 0.515687
23348.00000 0.513766
23349.00000 0.51187
23350.00000 0.510206
23351.00000 0.508311
23352.00000 0.505693
23353.00000 0.503923
23354.00000 0.502429
23355.00000 0.500505
23356.00000 0.497729
23357.00000 0.495948
23358.00000 0.494315
23359.00000 0.492432
23360.00000 0.489972
23361.00000 0.488193
23362.00000 0.486288
23363.00000 0.484803
23364.00000 0.482855
23365.00000 0.479989
23366.00000 0.478748
23367.00000 0.476662
23368.00000 0.474798
23369.00000 0.472218
23370.00000 0.470556
23371.00000 0.469049
23372.00000 0.467645
23373.00000 0.464812
23374.00000 0.462362
23375.00000 0.460979
23376.00000 0.459124
23377.00000 0.457032
23378.00000 0.454538
23379.00000 0.452915
23380.00000 0.451152
23381.00000 0.44951
23382.00000 0.446589
23383.00000 0.444957
23384.00000 0.443333
23385.00000 0.441593
23386.00000 0.439259
23387.00000 0.436999
23388.00000 0.435489
23389.00000 0.433703
23390.00000 0.431661
23391.00000 0.428932
23392.00000 0.427358
23393.00000 0.425651
23394.00000 0.423796
23395.00000 0.421221
23396.00000 0.419452
23397.00000 0.417902
23398.00000 0.416017
23399.00000 0.413617
23400.00000 0.411438
23401.00000 0.409936
23402.00000 0.408294
23403.00000 0.406346
23404.00000 0.403571
23405.00000 0.402307
23406.00000 0.400494
23407.00000 0.398732
23408.00000 0.395978
23409.00000 0.394073
23410.00000 0.392665
23411.00000 0.390781
23412.00000 0.388216
23413.00000 0.386158
23414.00000 0.384724
23415.00000 0.383323
23416.00000 0.380988
23417.00000 0.378605
23418.00000 0.377034
23419.00000 0.37539
23420.00000 0.373472
23421.00000 0.371079
23422.00000 0.369424
23423.00000 0.367835
23424.00000 0.366155
23425.00000 0.363529
23426.00000 0.361451
23427.00000 0.35985
23428.00000 0.358324
23429.00000 0.356166
23430.00000 0.354043
23431.00000 0.352483
23432.00000 0.351036
23433.00000 0.349008
23434.00000 0.346452
23435.00000 0.344837
23436.00000 0.34351
23437.00000 0.341784
23438.00000 0.339326
23439.00000 0.337361
23440.00000 0.336023
23441.00000 0.33483
23442.00000 0.332357
23443.00000 0.330091
23444.00000 0.328459
23445.00000 0.326964
23446.00000 0.325048
23447.00000 0.322673
23448.00000 0.321014
23449.00000 0.319575
23450.00000 0.318088
23451.00000 0.315555
23452.00000 0.313896
23453.00000 0.312353
23454.00000 0.31101
23455.00000 0.308918
23456.00000 0.306717
23457.00000 0.305229
23458.00000 0.30386
23459.00000 0.302133
23460.00000 0.299556
23461.00000 0.297874
23462.00000 0.2967
23463.00000 0.295446
23464.00000 0.292445
23465.00000 0.291054
23466.00000 0.289513
23467.00000 0.287921
23468.00000 0.285971
23469.00000 0.284093
23470.00000 0.282631
23471.00000 0.28131
23472.00000 0.279459
23473.00000 0.277448
23474.00000 0.275923
23475.00000 0.274524
23476.00000 0.273157
23477.00000 0.270672
23478.00000 0.269073
23479.00000 0.267652
23480.00000 0.266338
23481.00000 0.264601
23482.00000 0.262358
23483.00000 0.260987
23484.00000 0.259531
23485.00000 0.257982
23486.00000 0.255749
23487.00000 0.25459
23488.00000 0.253306
23489.00000 0.251736
23490.00000 0.249651
23491.00000 0.248186
23492.00000 0.246814
23493.00000 0.245113
23494.00000 0.243391
23495.00000 0.241532
23496.00000 0.240435
23497.00000 0.239213
23498.00000 0.237304
23499.00000 0.235203
23500.00000 0.233952
23501.00000 0.232721
23502.00000 0.231379
23503.00000 0.229312
23504.00000 0.227822
23505.00000 0.226672
23506.00000 0.225341
23507.00000 0.223291
23508.00000 0.221916
23509.00000 0.220765
23510.00000 0.219423
23511.00000 0.218073
23512.00000 0.215822
23513.00000 0.214602
23514.00000 0.213526
23515.00000 0.212126
23516.00000 0.209848
23517.00000 0.208814
23518.00000 0.207577
23519.00000 0.206281
23520.00000 0.204349
23521.00000 0.20287
23522.00000 0.201922
23523.00000 0.201034
23524.00000 0.19919
23525.00000 0.19733
23526.00000 0.196238
23527.00000 0.195199
23528.00000 0.19404
23529.00000 0.191942
23530.00000 0.19085
23531.00000 0.189818
23532.00000 0.188632
23533.00000 0.186459
23534.00000 0.185298
23535.00000 0.184221
23536.00000 0.183482
23537.00000 0.181565
23538.00000 0.179864
23539.00000 0.178847
23540.00000 0.178029
23541.00000 0.176585
23542.00000 0.174719
23543.00000 0.17373
23544.00000 0.17289
23545.00000 0.171626
23546.00000 0.170043
23547.00000 0.168635
23548.00000 0.167732
23549.00000 0.166639
23550.00000 0.165241
23551.00000 0.163669
23552.00000 0.162687
23553.00000 0.161741
23554.00000 0.160694
23555.00000 0.158761
23556.00000 0.157744
23557.00000 0.156891
23558.00000 0.156065
23559.00000 0.154258
23560.00000 0.153127
23561.00000 0.152334
23562.00000 0.151486
23563.00000 0.149911
23564.00000 0.148448
23565.00000 0.147484
23566.00000 0.14683
23567.00000 0.145408
23568.00000 0.143963
23569.00000 0.143081
23570.00000 0.142247
23571.00000 0.141163
23572.00000 0.139705
23573.00000 0.138744
23574.00000 0.137751
23575.00000 0.137007
23576.00000 0.135496
23577.00000 0.134284
23578.00000 0.133565
23579.00000 0.132758
23580.00000 0.131676
23581.00000 0.13015
23582.00000 0.129339
23583.00000 0.128541
23584.00000 0.127784
23585.00000 0.126023
23586.00000 0.125141
23587.00000 0.124492
23588.00000 0.12371
23589.00000 0.122356
23590.00000 0.121303
23591.00000 0.120434
23592.00000 0.119772
23593.00000 0.118621
23594.00000 0.117483
23595.00000 0.116685
23596.00000 0.116045
23597.00000 0.115251
23598.00000 0.113727
23599.00000 0.112762
23600.00000 0.112134
23601.00000 0.111383
23602.00000 0.110082
23603.00000 0.109089
23604.00000 0.108534
23605.00000 0.10782
23606.00000 0.106863
23607.00000 0.105616
23608.00000 0.10487
23609.00000 0.104243
23610.00000 0.103438
23611.00000 0.10215
23612.00000 0.10153
23613.00000 0.100964
23614.00000 0.100311
23615.00000 0.099121
23616.00000 0.098216
23617.00000 0.097564
