threeML/data/optical_filters/TCS/CAIN3-CO_b.ecsv
# %ECSV 0.9
# ---
# datatype:
# - {name: wavelength, unit: Angstrom, datatype: float32}
# - {name: response, datatype: float32}
# meta: !!omap
# - {band_name: CO_b}
# - {group_name: CAIN3}
wavelength response
20557.80078 0.0
22842.00000 0.004096
22843.00000 0.004209
22844.00000 0.004314
22845.00000 0.004474
22846.00000 0.004641
22847.00000 0.00489
22848.00000 0.004803
22849.00000 0.004983
22850.00000 0.005332
22851.00000 0.005464
22852.00000 0.005356
22853.00000 0.005624
22854.00000 0.005817
22855.00000 0.00627
22856.00000 0.006447
22857.00000 0.006478
22858.00000 0.006696
22859.00000 0.006908
22860.00000 0.007129
22861.00000 0.007402
22862.00000 0.00765
22863.00000 0.007916
22864.00000 0.008179
22865.00000 0.008451
22866.00000 0.008775
22867.00000 0.009131
22868.00000 0.009271
22869.00000 0.009615
22870.00000 0.010064
22871.00000 0.010461
22872.00000 0.011021
22873.00000 0.011034
22874.00000 0.011528
22875.00000 0.012411
22876.00000 0.012356
22877.00000 0.012697
22878.00000 0.013179
22879.00000 0.013825
22880.00000 0.014133
22881.00000 0.014705
22882.00000 0.015133
22883.00000 0.015648
22884.00000 0.016458
22885.00000 0.017016
22886.00000 0.017538
22887.00000 0.018347
22888.00000 0.018811
22889.00000 0.019456
22890.00000 0.019963
22891.00000 0.020867
22892.00000 0.021859
22893.00000 0.022909
22894.00000 0.023328
22895.00000 0.023545
22896.00000 0.024652
22897.00000 0.026377
22898.00000 0.027093
22899.00000 0.027053
22900.00000 0.028458
22901.00000 0.030718
22902.00000 0.030495
22903.00000 0.031164
22904.00000 0.032179
22905.00000 0.034124
22906.00000 0.035404
22907.00000 0.035933
22908.00000 0.03699
22909.00000 0.038297
22910.00000 0.04018
22911.00000 0.041404
22912.00000 0.042387
22913.00000 0.043475
22914.00000 0.045426
22915.00000 0.046706
22916.00000 0.048078
22917.00000 0.049358
22918.00000 0.051233
22919.00000 0.052779
22920.00000 0.054308
22921.00000 0.056071
22922.00000 0.058379
22923.00000 0.060424
22924.00000 0.060493
22925.00000 0.063715
22926.00000 0.065858
22927.00000 0.066633
22928.00000 0.068402
22929.00000 0.07047
22930.00000 0.073052
22931.00000 0.074579
22932.00000 0.076379
22933.00000 0.079199
22934.00000 0.081239
22935.00000 0.083002
22936.00000 0.086005
22937.00000 0.088087
22938.00000 0.090322
22939.00000 0.092958
22940.00000 0.095039
22941.00000 0.097277
22942.00000 0.099215
22943.00000 0.102246
22944.00000 0.105787
22945.00000 0.108589
22946.00000 0.109331
22947.00000 0.112245
22948.00000 0.116115
22949.00000 0.119733
22950.00000 0.120249
22951.00000 0.122913
22952.00000 0.127071
22953.00000 0.131912
22954.00000 0.132582
22955.00000 0.135202
22956.00000 0.138378
22957.00000 0.142345
22958.00000 0.145478
22959.00000 0.147996
22960.00000 0.15108
22961.00000 0.155398
22962.00000 0.159835
22963.00000 0.162015
22964.00000 0.164586
22965.00000 0.168575
22966.00000 0.172557
22967.00000 0.175975
22968.00000 0.179439
22969.00000 0.182155
22970.00000 0.186783
22971.00000 0.190547
22972.00000 0.194443
22973.00000 0.197832
22974.00000 0.201894
22975.00000 0.206224
22976.00000 0.209771
22977.00000 0.212687
22978.00000 0.21768
22979.00000 0.223061
22980.00000 0.227023
22981.00000 0.229738
22982.00000 0.234246
22983.00000 0.2399
22984.00000 0.24417
22985.00000 0.246712
22986.00000 0.251177
22987.00000 0.256458
22988.00000 0.261334
22989.00000 0.265104
22990.00000 0.269729
22991.00000 0.274591
22992.00000 0.2788
22993.00000 0.284136
22994.00000 0.288247
22995.00000 0.2925
22996.00000 0.297998
22997.00000 0.302953
22998.00000 0.306936
22999.00000 0.31107
23000.00000 0.317036
23001.00000 0.322072
23002.00000 0.326059
23003.00000 0.330573
23004.00000 0.336536
23005.00000 0.342263
23006.00000 0.346963
23007.00000 0.351016
23008.00000 0.356896
23009.00000 0.361796
23010.00000 0.366907
23011.00000 0.371006
23012.00000 0.37673
23013.00000 0.381913
23014.00000 0.387079
23015.00000 0.392136
23016.00000 0.395871
23017.00000 0.401935
23018.00000 0.406798
23019.00000 0.412066
23020.00000 0.415965
23021.00000 0.422035
23022.00000 0.427277
23023.00000 0.432866
23024.00000 0.436909
23025.00000 0.441738
23026.00000 0.447564
23027.00000 0.453045
23028.00000 0.456195
23029.00000 0.460729
23030.00000 0.466379
23031.00000 0.471457
23032.00000 0.476239
23033.00000 0.480226
23034.00000 0.485929
23035.00000 0.490812
23036.00000 0.495227
23037.00000 0.498844
23038.00000 0.503466
23039.00000 0.508975
23040.00000 0.513749
23041.00000 0.517836
23042.00000 0.522171
23043.00000 0.526969
23044.00000 0.531481
23045.00000 0.535227
23046.00000 0.539156
23047.00000 0.543997
23048.00000 0.548446
23049.00000 0.551526
23050.00000 0.555634
23051.00000 0.560528
23052.00000 0.564826
23053.00000 0.568774
23054.00000 0.572187
23055.00000 0.575194
23056.00000 0.579589
23057.00000 0.584064
23058.00000 0.587025
23059.00000 0.591405
23060.00000 0.592728
23061.00000 0.598292
23062.00000 0.601734
23063.00000 0.603714
23064.00000 0.607946
23065.00000 0.611728
23066.00000 0.614827
23067.00000 0.618034
23068.00000 0.61967
23069.00000 0.623653
23070.00000 0.627729
23071.00000 0.630547
23072.00000 0.632868
23073.00000 0.636122
23074.00000 0.638957
23075.00000 0.642001
23076.00000 0.64381
23077.00000 0.646893
23078.00000 0.650014
23079.00000 0.652838
23080.00000 0.654289
23081.00000 0.657092
23082.00000 0.65881
23083.00000 0.66153
23084.00000 0.664043
23085.00000 0.666259
23086.00000 0.668477
23087.00000 0.670194
23088.00000 0.672832
23089.00000 0.673763
23090.00000 0.676623
23091.00000 0.678165
23092.00000 0.680312
23093.00000 0.681696
23094.00000 0.683522
23095.00000 0.684708
23096.00000 0.686169
23097.00000 0.688737
23098.00000 0.688175
23099.00000 0.690981
23100.00000 0.691847
23101.00000 0.692569
23102.00000 0.693883
23103.00000 0.69561
23104.00000 0.695395
23105.00000 0.696998
23106.00000 0.697386
23107.00000 0.698148
23108.00000 0.699785
23109.00000 0.700129
23110.00000 0.7008
23111.00000 0.700972
23112.00000 0.701431
23113.00000 0.701622
23114.00000 0.701659
23115.00000 0.702301
23116.00000 0.70275
23117.00000 0.702864
23118.00000 0.702691
23119.00000 0.702685
23120.00000 0.702757
23121.00000 0.702214
23122.00000 0.701944
23123.00000 0.70189
23124.00000 0.70135
23125.00000 0.700172
23126.00000 0.69982
23127.00000 0.699868
23128.00000 0.699235
23129.00000 0.698431
23130.00000 0.697541
23131.00000 0.696631
23132.00000 0.695783
23133.00000 0.695055
23134.00000 0.693655
23135.00000 0.693088
23136.00000 0.69131
23137.00000 0.690307
23138.00000 0.687983
23139.00000 0.688251
23140.00000 0.685047
23141.00000 0.684626
23142.00000 0.683145
23143.00000 0.680962
23144.00000 0.678896
23145.00000 0.677611
23146.00000 0.676131
23147.00000 0.673627
23148.00000 0.67137
23149.00000 0.669304
23150.00000 0.668569
23151.00000 0.665301
23152.00000 0.664066
23153.00000 0.660797
23154.00000 0.659206
23155.00000 0.656085
23156.00000 0.653664
23157.00000 0.650613
23158.00000 0.648451
23159.00000 0.645419
23160.00000 0.642667
23161.00000 0.639799
23162.00000 0.637128
23163.00000 0.634021
23164.00000 0.629786
23165.00000 0.62654
23166.00000 0.624112
23167.00000 0.621593
23168.00000 0.617701
23169.00000 0.613065
23170.00000 0.609515
23171.00000 0.607089
23172.00000 0.603696
23173.00000 0.599542
23174.00000 0.595263
23175.00000 0.593593
23176.00000 0.58705
23177.00000 0.5828
23178.00000 0.579726
23179.00000 0.575852
23180.00000 0.571536
23181.00000 0.566985
23182.00000 0.562137
23183.00000 0.558193
23184.00000 0.553972
23185.00000 0.549108
23186.00000 0.544177
23187.00000 0.539764
23188.00000 0.534657
23189.00000 0.529577
23190.00000 0.524938
23191.00000 0.520238
23192.00000 0.515279
23193.00000 0.511
23194.00000 0.50427
23195.00000 0.499098
23196.00000 0.493931
23197.00000 0.488852
23198.00000 0.483697
23199.00000 0.477196
23200.00000 0.472493
23201.00000 0.467975
23202.00000 0.462189
23203.00000 0.454947
23204.00000 0.449914
23205.00000 0.444534
23206.00000 0.439463
23207.00000 0.432428
23208.00000 0.426744
23209.00000 0.420751
23210.00000 0.415337
23211.00000 0.408664
23212.00000 0.402474
23213.00000 0.397194
23214.00000 0.391914
23215.00000 0.385485
23216.00000 0.379275
23217.00000 0.373859
23218.00000 0.368364
23219.00000 0.363084
23220.00000 0.355034
23221.00000 0.349281
23222.00000 0.344055
23223.00000 0.339286
23224.00000 0.332456
23225.00000 0.32599
23226.00000 0.320655
23227.00000 0.315671
23228.00000 0.309637
23229.00000 0.301934
23230.00000 0.29688
23231.00000 0.292376
23232.00000 0.28638
23233.00000 0.279367
23234.00000 0.274134
23235.00000 0.269227
23236.00000 0.263191
23237.00000 0.257415
23238.00000 0.251364
23239.00000 0.246992
23240.00000 0.242333
23241.00000 0.236828
23242.00000 0.230444
23243.00000 0.225851
23244.00000 0.220772
23245.00000 0.215989
23246.00000 0.209415
23247.00000 0.204191
23248.00000 0.199737
23249.00000 0.194758
23250.00000 0.189952
23251.00000 0.184379
23252.00000 0.180465
23253.00000 0.176801
23254.00000 0.171454
23255.00000 0.16613
23256.00000 0.162291
23257.00000 0.158337
23258.00000 0.15419
23259.00000 0.149012
23260.00000 0.145227
23261.00000 0.140991
23262.00000 0.136793
23263.00000 0.132679
23264.00000 0.12906
23265.00000 0.12517
23266.00000 0.12116
23267.00000 0.117054
23268.00000 0.113312
23269.00000 0.110186
23270.00000 0.106817
23271.00000 0.103786
23272.00000 0.099589
23273.00000 0.096277
23274.00000 0.093933
23275.00000 0.091198
23276.00000 0.087831
23277.00000 0.084139
23278.00000 0.081684
23279.00000 0.079206
23280.00000 0.077012
23281.00000 0.072952
23282.00000 0.070043
23283.00000 0.068923
23284.00000 0.065588
23285.00000 0.062884
23286.00000 0.060598
23287.00000 0.058596
23288.00000 0.056886
23289.00000 0.054216
23290.00000 0.052494
23291.00000 0.050649
23292.00000 0.048548
23293.00000 0.046659
23294.00000 0.044465
23295.00000 0.043839
23296.00000 0.041418
23297.00000 0.040002
23298.00000 0.03789
23299.00000 0.036659
23300.00000 0.035175
23301.00000 0.033888
23302.00000 0.03223
23303.00000 0.030967
23304.00000 0.03018
23305.00000 0.029433
23306.00000 0.027695
23307.00000 0.026433
23308.00000 0.025593
23309.00000 0.024672
23310.00000 0.023601
23311.00000 0.022611
23312.00000 0.021765
23313.00000 0.021575
23314.00000 0.020307
23315.00000 0.019301
23316.00000 0.0184
23317.00000 0.017839
23318.00000 0.017284
23319.00000 0.01638
23320.00000 0.01571
23321.00000 0.015254
23322.00000 0.014781
23323.00000 0.014175
23324.00000 0.013595
23325.00000 0.013068
23326.00000 0.012774
23327.00000 0.012313
23328.00000 0.011762
23329.00000 0.011365
23330.00000 0.010972
23331.00000 0.010647
23332.00000 0.010237
23333.00000 0.009776
23334.00000 0.009477
23335.00000 0.009164
23336.00000 0.008834
23337.00000 0.008432
23338.00000 0.008222
23339.00000 0.007985
23340.00000 0.007645
23341.00000 0.007321
23342.00000 0.007366
23343.00000 0.006964
23344.00000 0.006806
23345.00000 0.006493
23346.00000 0.006249
23347.00000 0.006136
23348.00000 0.005992
23349.00000 0.005713
23350.00000 0.005475
23351.00000 0.005427
23352.00000 0.005286
23353.00000 0.00509
23354.00000 0.004924
23355.00000 0.004722
23356.00000 0.004635
23357.00000 0.00443
23358.00000 0.00434
23359.00000 0.004192
23360.00000 0.004153
25696.00000 0.0
