threeML/data/optical_filters/TCS/CAIN3-CO_c.ecsv
# %ECSV 0.9
# ---
# datatype:
# - {name: wavelength, unit: Angstrom, datatype: float32}
# - {name: response, datatype: float32}
# meta: !!omap
# - {band_name: CO_c}
# - {group_name: CAIN3}
wavelength response
20522.69922 0.0
22803.00000 0.004093
22804.00000 0.004227
22805.00000 0.004369
22806.00000 0.004588
22807.00000 0.004767
22808.00000 0.004918
22809.00000 0.005053
22810.00000 0.005319
22811.00000 0.005448
22812.00000 0.00557
22813.00000 0.00617
22814.00000 0.006066
22815.00000 0.006394
22816.00000 0.006587
22817.00000 0.006762
22818.00000 0.007169
22819.00000 0.007707
22820.00000 0.007641
22821.00000 0.007881
22822.00000 0.008167
22823.00000 0.008662
22824.00000 0.008972
22825.00000 0.009276
22826.00000 0.009655
22827.00000 0.010221
22828.00000 0.010404
22829.00000 0.010778
22830.00000 0.011143
22831.00000 0.011546
22832.00000 0.012258
22833.00000 0.012742
22834.00000 0.01312
22835.00000 0.013507
22836.00000 0.014321
22837.00000 0.014815
22838.00000 0.015216
22839.00000 0.015078
22840.00000 0.017449
22841.00000 0.017598
22842.00000 0.017655
22843.00000 0.018237
22844.00000 0.019078
22845.00000 0.020312
22846.00000 0.021068
22847.00000 0.021555
22848.00000 0.021949
22849.00000 0.023186
22850.00000 0.02403
22851.00000 0.024856
22852.00000 0.025753
22853.00000 0.027341
22854.00000 0.028674
22855.00000 0.028929
22856.00000 0.029711
22857.00000 0.030625
22858.00000 0.032235
22859.00000 0.033288
22860.00000 0.034335
22861.00000 0.035694
22862.00000 0.037711
22863.00000 0.038166
22864.00000 0.038943
22865.00000 0.040426
22866.00000 0.041588
22867.00000 0.044349
22868.00000 0.046147
22869.00000 0.045945
22870.00000 0.047923
22871.00000 0.049813
22872.00000 0.05101
22873.00000 0.052516
22874.00000 0.053131
22875.00000 0.056446
22876.00000 0.058521
22877.00000 0.058992
22878.00000 0.060416
22879.00000 0.063149
22880.00000 0.064913
22881.00000 0.06583
22882.00000 0.067317
22883.00000 0.070153
22884.00000 0.072786
22885.00000 0.074666
22886.00000 0.075599
22887.00000 0.077586
22888.00000 0.081193
22889.00000 0.083428
22890.00000 0.085692
22891.00000 0.086543
22892.00000 0.089541
22893.00000 0.091817
22894.00000 0.093816
22895.00000 0.096592
22896.00000 0.100581
22897.00000 0.102195
22898.00000 0.103392
22899.00000 0.1047
22900.00000 0.107087
22901.00000 0.111961
22902.00000 0.11431
22903.00000 0.115954
22904.00000 0.117752
22905.00000 0.122243
22906.00000 0.12444
22907.00000 0.126515
22908.00000 0.129708
22909.00000 0.133978
22910.00000 0.136193
22911.00000 0.138503
22912.00000 0.141084
22913.00000 0.144461
22914.00000 0.148972
22915.00000 0.15054
22916.00000 0.153013
22917.00000 0.15645
22918.00000 0.161241
22919.00000 0.164616
22920.00000 0.168498
22921.00000 0.169825
22922.00000 0.174391
22923.00000 0.177719
22924.00000 0.182691
22925.00000 0.183861
22926.00000 0.187588
22927.00000 0.192562
22928.00000 0.195728
22929.00000 0.198703
22930.00000 0.202772
22931.00000 0.208498
22932.00000 0.209814
22933.00000 0.214088
22934.00000 0.21811
22935.00000 0.222228
22936.00000 0.22699
22937.00000 0.231788
22938.00000 0.232696
22939.00000 0.238485
22940.00000 0.243273
22941.00000 0.246931
22942.00000 0.250084
22943.00000 0.25483
22944.00000 0.260571
22945.00000 0.263883
22946.00000 0.267236
22947.00000 0.27073
22948.00000 0.277503
22949.00000 0.281681
22950.00000 0.285529
22951.00000 0.289842
22952.00000 0.295157
22953.00000 0.299916
22954.00000 0.30407
22955.00000 0.307506
22956.00000 0.312977
22957.00000 0.318488
22958.00000 0.323967
22959.00000 0.327116
22960.00000 0.331816
22961.00000 0.337526
22962.00000 0.342712
22963.00000 0.346733
22964.00000 0.351033
22965.00000 0.356619
22966.00000 0.362196
22967.00000 0.366176
22968.00000 0.369794
22969.00000 0.375719
22970.00000 0.381666
22971.00000 0.386296
22972.00000 0.389984
22973.00000 0.395227
22974.00000 0.401078
22975.00000 0.407167
22976.00000 0.409461
22977.00000 0.413858
22978.00000 0.419451
22979.00000 0.425599
22980.00000 0.429389
22981.00000 0.433249
22982.00000 0.438307
22983.00000 0.444455
22984.00000 0.448654
22985.00000 0.452316
22986.00000 0.45679
22987.00000 0.463118
22988.00000 0.467897
22989.00000 0.471842
22990.00000 0.475908
22991.00000 0.480425
22992.00000 0.486902
22993.00000 0.488708
22994.00000 0.493414
22995.00000 0.498229
22996.00000 0.503657
22997.00000 0.507192
22998.00000 0.510199
22999.00000 0.514328
23000.00000 0.520408
23001.00000 0.525015
23002.00000 0.527589
23003.00000 0.531806
23004.00000 0.535157
23005.00000 0.542729
23006.00000 0.544136
23007.00000 0.548127
23008.00000 0.550954
23009.00000 0.556242
23010.00000 0.558802
23011.00000 0.562709
23012.00000 0.566089
23013.00000 0.570956
23014.00000 0.573822
23015.00000 0.576402
23016.00000 0.580405
23017.00000 0.584243
23018.00000 0.58776
23019.00000 0.589156
23020.00000 0.594361
23021.00000 0.597489
23022.00000 0.601046
23023.00000 0.602536
23024.00000 0.606867
23025.00000 0.608589
23026.00000 0.613771
23027.00000 0.615786
23028.00000 0.61832
23029.00000 0.620422
23030.00000 0.624364
23031.00000 0.627573
23032.00000 0.628651
23033.00000 0.631637
23034.00000 0.633466
23035.00000 0.637197
23036.00000 0.638882
23037.00000 0.641283
23038.00000 0.643529
23039.00000 0.646729
23040.00000 0.648839
23041.00000 0.651299
23042.00000 0.652548
23043.00000 0.655836
23044.00000 0.65684
23045.00000 0.658552
23046.00000 0.660666
23047.00000 0.662477
23048.00000 0.664574
23049.00000 0.666103
23050.00000 0.667294
23051.00000 0.668811
23052.00000 0.670972
23053.00000 0.670705
23054.00000 0.672455
23055.00000 0.674087
23056.00000 0.675965
23057.00000 0.6763
23058.00000 0.677636
23059.00000 0.677938
23060.00000 0.679131
23061.00000 0.680055
23062.00000 0.680338
23063.00000 0.680185
23064.00000 0.681842
23065.00000 0.682204
23066.00000 0.682189
23067.00000 0.68276
23068.00000 0.68261
23069.00000 0.681906
23070.00000 0.682869
23071.00000 0.681492
23072.00000 0.682947
23073.00000 0.682791
23074.00000 0.68178
23075.00000 0.681596
23076.00000 0.680773
23077.00000 0.680428
23078.00000 0.679584
23079.00000 0.679249
23080.00000 0.678799
23081.00000 0.678353
23082.00000 0.676417
23083.00000 0.675044
23084.00000 0.674361
23085.00000 0.673913
23086.00000 0.672088
23087.00000 0.669539
23088.00000 0.669259
23089.00000 0.668583
23090.00000 0.667168
23091.00000 0.664761
23092.00000 0.663313
23093.00000 0.661681
23094.00000 0.660623
23095.00000 0.656267
23096.00000 0.657042
23097.00000 0.654278
23098.00000 0.651998
23099.00000 0.650423
23100.00000 0.646432
23101.00000 0.645557
23102.00000 0.643915
23103.00000 0.639472
23104.00000 0.638824
23105.00000 0.636556
23106.00000 0.634545
23107.00000 0.632332
23108.00000 0.628442
23109.00000 0.625646
23110.00000 0.623047
23111.00000 0.620026
23112.00000 0.616083
23113.00000 0.6139
23114.00000 0.612025
23115.00000 0.609601
23116.00000 0.605976
23117.00000 0.601336
23118.00000 0.598686
23119.00000 0.59588
23120.00000 0.592893
23121.00000 0.588452
23122.00000 0.584931
23123.00000 0.582165
23124.00000 0.578682
23125.00000 0.573958
23126.00000 0.569339
23127.00000 0.566339
23128.00000 0.562666
23129.00000 0.55866
23130.00000 0.55322
23131.00000 0.549397
23132.00000 0.547405
23133.00000 0.542763
23134.00000 0.535547
23135.00000 0.532486
23136.00000 0.529526
23137.00000 0.522774
23138.00000 0.519631
23139.00000 0.514607
23140.00000 0.510993
23141.00000 0.506324
23142.00000 0.500459
23143.00000 0.494524
23144.00000 0.490767
23145.00000 0.486077
23146.00000 0.481318
23147.00000 0.473895
23148.00000 0.469461
23149.00000 0.465626
23150.00000 0.461625
23151.00000 0.45411
23152.00000 0.447761
23153.00000 0.443496
23154.00000 0.437944
23155.00000 0.432401
23156.00000 0.425594
23157.00000 0.421867
23158.00000 0.416883
23159.00000 0.410782
23160.00000 0.401957
23161.00000 0.397849
23162.00000 0.392938
23163.00000 0.386933
23164.00000 0.379602
23165.00000 0.374184
23166.00000 0.369901
23167.00000 0.364822
23168.00000 0.356468
23169.00000 0.350234
23170.00000 0.345572
23171.00000 0.340537
23172.00000 0.334121
23173.00000 0.327368
23174.00000 0.32214
23175.00000 0.317358
23176.00000 0.311732
23177.00000 0.303398
23178.00000 0.298322
23179.00000 0.293826
23180.00000 0.287829
23181.00000 0.281545
23182.00000 0.27551
23183.00000 0.271158
23184.00000 0.26666
23185.00000 0.261129
23186.00000 0.253526
23187.00000 0.249143
23188.00000 0.244375
23189.00000 0.240259
23190.00000 0.232551
23191.00000 0.227781
23192.00000 0.223034
23193.00000 0.21831
23194.00000 0.211264
23195.00000 0.20658
23196.00000 0.202684
23197.00000 0.198253
23198.00000 0.19221
23199.00000 0.18683
23200.00000 0.182812
23201.00000 0.178996
23202.00000 0.174148
23203.00000 0.168389
23204.00000 0.16452
23205.00000 0.160503
23206.00000 0.155816
23207.00000 0.150604
23208.00000 0.147018
23209.00000 0.14291
23210.00000 0.139029
23211.00000 0.135165
23212.00000 0.129251
23213.00000 0.126211
23214.00000 0.122788
23215.00000 0.118402
23216.00000 0.114319
23217.00000 0.111322
23218.00000 0.10857
23219.00000 0.105212
23220.00000 0.099883
23221.00000 0.096846
23222.00000 0.094116
23223.00000 0.091467
23224.00000 0.087497
23225.00000 0.084115
23226.00000 0.081739
23227.00000 0.079511
23228.00000 0.076007
23229.00000 0.072562
23230.00000 0.069641
23231.00000 0.067314
23232.00000 0.065015
23233.00000 0.062144
23234.00000 0.059862
23235.00000 0.058224
23236.00000 0.055488
23237.00000 0.05225
23238.00000 0.050369
23239.00000 0.048833
23240.00000 0.047112
23241.00000 0.044672
23242.00000 0.04231
23243.00000 0.040722
23244.00000 0.039466
23245.00000 0.037853
23246.00000 0.035167
23247.00000 0.034821
23248.00000 0.032781
23249.00000 0.031343
23250.00000 0.029488
23251.00000 0.028269
23252.00000 0.0273
23253.00000 0.026187
23254.00000 0.025031
23255.00000 0.023558
23256.00000 0.022762
23257.00000 0.021894
23258.00000 0.021029
23259.00000 0.019823
23260.00000 0.018865
23261.00000 0.018229
23262.00000 0.017379
23263.00000 0.016491
23264.00000 0.015659
23265.00000 0.01514
23266.00000 0.014516
23267.00000 0.013817
23268.00000 0.013209
23269.00000 0.012775
23270.00000 0.012146
23271.00000 0.011637
23272.00000 0.011042
23273.00000 0.010629
23274.00000 0.010332
23275.00000 0.009994
23276.00000 0.009364
23277.00000 0.008978
23278.00000 0.008703
23279.00000 0.008562
23280.00000 0.007977
23281.00000 0.007635
23282.00000 0.007378
23283.00000 0.007112
23284.00000 0.006801
23285.00000 0.00656
23286.00000 0.006293
23287.00000 0.006113
23288.00000 0.005868
23289.00000 0.005595
23290.00000 0.005392
23291.00000 0.005296
23292.00000 0.00516
23293.00000 0.004847
23294.00000 0.004667
23295.00000 0.004536
23296.00000 0.004343
23297.00000 0.004214
23298.00000 0.004054
25627.80078 0.0
