threeML/data/optical_filters/TCS/CAIN3-J.ecsv
# %ECSV 0.9
# ---
# datatype:
# - {name: wavelength, unit: Angstrom, datatype: float32}
# - {name: response, datatype: float32}
# meta: !!omap
# - {band_name: J}
# - {group_name: CAIN3}
wavelength response
[from data line 1534]
12317.00000 0.736609
12318.00000 0.736693
12319.00000 0.736747
12320.00000 0.736612
12321.00000 0.73646
12322.00000 0.736277
12323.00000 0.736368
12324.00000 0.736446
12325.00000 0.736318
12326.00000 0.736207
12327.00000 0.736073
12328.00000 0.735997
12329.00000 0.73631
12330.00000 0.735978
12331.00000 0.735802
12332.00000 0.735744
12333.00000 0.735537
12334.00000 0.735774
12335.00000 0.735274
12336.00000 0.735301
12337.00000 0.735344
12338.00000 0.735078
12339.00000 0.735048
12340.00000 0.734943
12341.00000 0.734939
12342.00000 0.734548
12343.00000 0.734675
12344.00000 0.734232
12345.00000 0.734253
12346.00000 0.73393
12347.00000 0.733981
12348.00000 0.733976
12349.00000 0.733742
12350.00000 0.733444
12351.00000 0.733339
12352.00000 0.733159
12353.00000 0.73291
12354.00000 0.732822
12355.00000 0.732573
12356.00000 0.73239
12357.00000 0.732279
12358.00000 0.732095
12359.00000 0.731905
12360.00000 0.731809
12361.00000 0.731578
12362.00000 0.73121
12363.00000 0.731099
12364.00000 0.73085
12365.00000 0.730675
12366.00000 0.730376
12367.00000 0.730241
12368.00000 0.729987
12369.00000 0.729924
12370.00000 0.729678
12371.00000 0.729263
12372.00000 0.729122
12373.00000 0.728984
12374.00000 0.728687
12375.00000 0.728324
12376.00000 0.728123
12377.00000 0.727995
12378.00000 0.727796
12379.00000 0.727406
12380.00000 0.727207
12381.00000 0.727106
12382.00000 0.726812
12383.00000 0.726451
12384.00000 0.72615
12385.00000 0.726025
12386.00000 0.725668
12387.00000 0.7254
12388.00000 0.724945
12389.00000 0.724833
12390.00000 0.724555
12391.00000 0.724406
12392.00000 0.723935
12393.00000 0.723617
12394.00000 0.723481
12395.00000 0.723239
12396.00000 0.722873
12397.00000 0.722442
12398.00000 0.72237
12399.00000 0.721999
12400.00000 0.721766
12401.00000 0.721379
12402.00000 0.721067
12403.00000 0.72088
12404.00000 0.720576
12405.00000 0.720213
12406.00000 0.719849
12407.00000 0.719696
12408.00000 0.719346
12409.00000 0.719102
12410.00000 0.718565
12411.00000 0.718325
12412.00000 0.7182
12413.00000 0.717737
12414.00000 0.717416
12415.00000 0.717171
12416.00000 0.717052
12417.00000 0.716649
12418.00000 0.716112
12419.00000 0.715858
12420.00000 0.715539
12421.00000 0.715324
12422.00000 0.714945
12423.00000 0.714456
12424.00000 0.714378
12425.00000 0.714173
12426.00000 0.713815
12427.00000 0.713374
12428.00000 0.713078
12429.00000 0.712821
12430.00000 0.71258
12431.00000 0.712182
12432.00000 0.711788
12433.00000 0.711501
12434.00000 0.711316
12435.00000 0.710917
12436.00000 0.710526
12437.00000 0.710318
12438.00000 0.71003
12439.00000 0.70976
12440.00000 0.709292
12441.00000 0.708883
12442.00000 0.709078
12443.00000 0.708614
12444.00000 0.708149
12445.00000 0.708097
12446.00000 0.707519
12447.00000 0.707262
12448.00000 0.706904
12449.00000 0.706735
12450.00000 0.706492
12451.00000 0.706266
12452.00000 0.705908
12453.00000 0.705556
12454.00000 0.705389
12455.00000 0.705052
12456.00000 0.704634
12457.00000 0.704445
12458.00000 0.704148
12459.00000 0.703942
12460.00000 0.703762
12461.00000 0.7033
12462.00000 0.703067
12463.00000 0.702881
12464.00000 0.702547
12465.00000 0.702355
12466.00000 0.701868
12467.00000 0.701725
12468.00000 0.701689
12469.00000 0.701315
12470.00000 0.700895
12471.00000 0.700729
12472.00000 0.700563
12473.00000 0.700339
12474.00000 0.699958
12475.00000 0.69997
12476.00000 0.699379
12477.00000 0.699396
12478.00000 0.699064
12479.00000 0.698677
12480.00000 0.698708
12481.00000 0.69852
12482.00000 0.698263
12483.00000 0.698002
12484.00000 0.697879
12485.00000 0.697819
12486.00000 0.697407
12487.00000 0.697085
12488.00000 0.697094
12489.00000 0.6969
12490.00000 0.69664
12491.00000 0.696521
12492.00000 0.696446
12493.00000 0.696293
12494.00000 0.696055
12495.00000 0.69578
12496.00000 0.695491
12497.00000 0.695504
12498.00000 0.695219
12499.00000 0.695167
12500.00000 0.695026
12501.00000 0.694845
12502.00000 0.694719
12503.00000 0.694426
12504.00000 0.694407
12505.00000 0.694189
12506.00000 0.694049
12507.00000 0.694091
12508.00000 0.693846
12509.00000 0.69359
12510.00000 0.693664
12511.00000 0.693496
12512.00000 0.693437
12513.00000 0.69321
12514.00000 0.693053
12515.00000 0.693177
12516.00000 0.693017
12517.00000 0.692903
12518.00000 0.69282
12519.00000 0.69262
12520.00000 0.692495
12521.00000 0.692607
12522.00000 0.692448
12523.00000 0.692442
12524.00000 0.692513
12525.00000 0.692367
12526.00000 0.692218
12527.00000 0.692294
12528.00000 0.692283
12529.00000 0.692097
12530.00000 0.692223
12531.00000 0.692087
12532.00000 0.692049
12533.00000 0.692176
12534.00000 0.691921
12535.00000 0.692044
12536.00000 0.692124
12537.00000 0.692053
12538.00000 0.69206
12539.00000 0.692008
12540.00000 0.691991
12541.00000 0.691987
12542.00000 0.692103
12543.00000 0.69198
12544.00000 0.692072
12545.00000 0.692183
12546.00000 0.692261
12547.00000 0.692165
12548.00000 0.692133
12549.00000 0.692422
12550.00000 0.692369
12551.00000 0.692318
12552.00000 0.692693
12553.00000 0.692473
12554.00000 0.692438
12555.00000 0.69273
12556.00000 0.692777
12557.00000 0.692825
12558.00000 0.693098
12559.00000 0.693089
12560.00000 0.693152
12561.00000 0.693188
12562.00000 0.693217
12563.00000 0.693384
12564.00000 0.693526
12565.00000 0.693727
12566.00000 0.693829
12567.00000 0.693871
12568.00000 0.693945
12569.00000 0.694245
12570.00000 0.694336
12571.00000 0.694422
12572.00000 0.694603
12573.00000 0.694746
12574.00000 0.6948
12575.00000 0.695118
12576.00000 0.695275
12577.00000 0.695235
12578.00000 0.6958
12579.00000 0.695784
12580.00000 0.695861
12581.00000 0.696
12582.00000 0.696328
12583.00000 0.69659
12584.00000 0.696634
12585.00000 0.696901
12586.00000 0.697161
12587.00000 0.697184
12588.00000 0.697715
12589.00000 0.697718
12590.00000 0.697906
12591.00000 0.697895
12592.00000 0.698148
12593.00000 0.698389
12594.00000 0.698614
12595.00000 0.699133
12596.00000 0.699295
12597.00000 0.699717
12598.00000 0.699753
12599.00000 0.700056
12600.00000 0.70039
12601.00000 0.700551
12602.00000 0.700693
12603.00000 0.701179
12604.00000 0.701404
12605.00000 0.701687
12606.00000 0.701745
12607.00000 0.702196
12608.00000 0.702437
12609.00000 0.702691
12610.00000 0.70286
12611.00000 0.703183
12612.00000 0.70348
12613.00000 0.703958
12614.00000 0.704142
12615.00000 0.704298
12616.00000 0.704599
12617.00000 0.705184
12618.00000 0.705419
12619.00000 0.705637
12620.00000 0.705989
12621.00000 0.706534
12622.00000 0.706357
12623.00000 0.707053
12624.00000 0.70719
12625.00000 0.70734
12626.00000 0.708101
12627.00000 0.708254
12628.00000 0.708386
12629.00000 0.708857
12630.00000 0.709301
12631.00000 0.709644
12632.00000 0.709843
12633.00000 0.709958
12634.00000 0.710686
12635.00000 0.710844
12636.00000 0.711428
12637.00000 0.711325
12638.00000 0.712077
12639.00000 0.712249
12640.00000 0.71267
12641.00000 0.712978
12642.00000 0.713394
12643.00000 0.713818
12644.00000 0.714012
12645.00000 0.714143
12646.00000 0.714622
12647.00000 0.715352
12648.00000 0.715487
12649.00000 0.715822
12650.00000 0.715924
12651.00000 0.716554
12652.00000 0.717148
12653.00000 0.717117
12654.00000 0.717581
12655.00000 0.718097
12656.00000 0.718485
12657.00000 0.71872
12658.00000 0.719087
12659.00000 0.71942
12660.00000 0.720029
12661.00000 0.720319
12662.00000 0.7206
12663.00000 0.720927
12664.00000 0.72139
12665.00000 0.721856
12666.00000 0.721908
12667.00000 0.722327
12668.00000 0.722859
12669.00000 0.723343
12670.00000 0.723457
12671.00000 0.723891
12672.00000 0.724263
12673.00000 0.724942
12674.00000 0.725069
12675.00000 0.725391
12676.00000 0.725871
12677.00000 0.726202
12678.00000 0.726685
12679.00000 0.726836
12680.00000 0.727213
12681.00000 0.727679
12682.00000 0.728437
12683.00000 0.728305
12684.00000 0.72865
12685.00000 0.729175
12686.00000 0.729638
12687.00000 0.729928
12688.00000 0.730116
12689.00000 0.730601
12690.00000 0.731015
12691.00000 0.731496
12692.00000 0.731572
12693.00000 0.732107
12694.00000 0.732441
12695.00000 0.732836
12696.00000 0.733289
12697.00000 0.73331
12698.00000 0.733785
12699.00000 0.7341
12700.00000 0.734642
12701.00000 0.73507
12702.00000 0.735303
12703.00000 0.735598
12704.00000 0.736111
12705.00000 0.736143
12706.00000 0.736687
12707.00000 0.73689
12708.00000 0.737285
12709.00000 0.737626
12710.00000 0.737802
12711.00000 0.738417
12712.00000 0.738541
12713.00000 0.738966
12714.00000 0.739229
12715.00000 0.739494
12716.00000 0.739907
12717.00000 0.740346
12718.00000 0.740339
12719.00000 0.740911
12720.00000 0.741329
12721.00000 0.741642
12722.00000 0.741707
12723.00000 0.742098
12724.00000 0.74256
12725.00000 0.742744
12726.00000 0.743224
12727.00000 0.743465
12728.00000 0.743586
12729.00000 0.7441
12730.00000 0.744508
12731.00000 0.744314
12732.00000 0.745015
12733.00000 0.745087
12734.00000 0.745392
12735.00000 0.745784
12736.00000 0.746139
12737.00000 0.746381
12738.00000 0.746701
12739.00000 0.746984
12740.00000 0.747181
12741.00000 0.747338
12742.00000 0.747821
12743.00000 0.74781
12744.00000 0.748241
12745.00000 0.748252
12746.00000 0.748873
12747.00000 0.748857
12748.00000 0.749138
12749.00000 0.749188
12750.00000 0.749619
12751.00000 0.749968
12752.00000 0.750017
12753.00000 0.750448
12754.00000 0.7504
12755.00000 0.751123
12756.00000 0.751098
12757.00000 0.751337
12758.00000 0.751508
12759.00000 0.751909
12760.00000 0.751897
12761.00000 0.752071
12762.00000 0.752371
12763.00000 0.752776
12764.00000 0.752934
12765.00000 0.752974
12766.00000 0.753371
12767.00000 0.753756
12768.00000 0.753756
12769.00000 0.753675
12770.00000 0.753909
12771.00000 0.754327
12772.00000 0.7546
12773.00000 0.754838
12774.00000 0.754994
12775.00000 0.754873
12776.00000 0.755334
12777.00000 0.755418
12778.00000 0.755636
12779.00000 0.75579
12780.00000 0.755775
12781.00000 0.756319
12782.00000 0.756317
12783.00000 0.756371
12784.00000 0.756653
12785.00000 0.756813
12786.00000 0.756904
12787.00000 0.756801
12788.00000 0.757069
12789.00000 0.75748
12790.00000 0.75752
12791.00000 0.757651
12792.00000 0.757794
12793.00000 0.757935
12794.00000 0.758062
12795.00000 0.758351
12796.00000 0.758259
12797.00000 0.758555
12798.00000 0.75852
12799.00000 0.758827
12800.00000 0.758842
12801.00000 0.758868
12802.00000 0.759171
12803.00000 0.759289
12804.00000 0.759267
12805.00000 0.759453
12806.00000 0.759553
12807.00000 0.759814
12808.00000 0.75993
12809.00000 0.759981
12810.00000 0.760082
12811.00000 0.760086
12812.00000 0.760175
12813.00000 0.760288
12814.00000 0.760448
12815.00000 0.760557
12816.00000 0.760587
12817.00000 0.760776
12818.00000 0.760768
12819.00000 0.760723
12820.00000 0.761049
12821.00000 0.760934
12822.00000 0.761056
12823.00000 0.761335
12824.00000 0.761347
12825.00000 0.761366
12826.00000 0.761623
12827.00000 0.761482
12828.00000 0.761796
12829.00000 0.761756
12830.00000 0.761832
12831.00000 0.761975
12832.00000 0.761898
12833.00000 0.761748
12834.00000 0.762208
12835.00000 0.762079
12836.00000 0.762371
12837.00000 0.762224
12838.00000 0.76248
12839.00000 0.762404
12840.00000 0.762607
12841.00000 0.762647
12842.00000 0.762634
12843.00000 0.76256
12844.00000 0.762789
12845.00000 0.762906
12846.00000 0.762887
12847.00000 0.763213
12848.00000 0.763003
12849.00000 0.762865
12850.00000 0.763283
12851.00000 0.763138
12852.00000 0.763285
12853.00000 0.76313
12854.00000 0.763503
12855.00000 0.763312
12856.00000 0.763616
12857.00000 0.763784
12858.00000 0.763415
12859.00000 0.763898
12860.00000 0.763745
12861.00000 0.764001
12862.00000 0.763724
12863.00000 0.763748
12864.00000 0.763992
12865.00000 0.764059
12866.00000 0.764109
12867.00000 0.764205
12868.00000 0.76435
12869.00000 0.764109
12870.00000 0.764271
12871.00000 0.764192
12872.00000 0.76457
12873.00000 0.764368
12874.00000 0.764283
12875.00000 0.764392
12876.00000 0.76455
12877.00000 0.76453
12878.00000 0.764686
12879.00000 0.764798
12880.00000 0.764823
12881.00000 0.764925
12882.00000 0.764937
12883.00000 0.764592
12884.00000 0.764952
12885.00000 0.76507
12886.00000 0.765139
12887.00000 0.765118
12888.00000 0.765223
12889.00000 0.765423
12890.00000 0.76536
12891.00000 0.765333
12892.00000 0.765637
12893.00000 0.76539
12894.00000 0.765695
12895.00000 0.765504
12896.00000 0.765654
12897.00000 0.765706
12898.00000 0.765799
12899.00000 0.765911
12900.00000 0.765859
12901.00000 0.766014
12902.00000 0.766115
12903.00000 0.765984
12904.00000 0.766158
12905.00000 0.766376
12906.00000 0.766394
12907.00000 0.766388
12908.00000 0.766473
12909.00000 0.766811
12910.00000 0.766549
12911.00000 0.766622
12912.00000 0.766615
12913.00000 0.766502
12914.00000 0.766685
12915.00000 0.766673
12916.00000 0.766552
12917.00000 0.7668
12918.00000 0.766918
12919.00000 0.767245
12920.00000 0.767437
12921.00000 0.767382
12922.00000 0.767492
12923.00000 0.767495
12924.00000 0.767566
12925.00000 0.767731
12926.00000 0.767583
12927.00000 0.767903
12928.00000 0.767875
12929.00000 0.768157
12930.00000 0.768203
12931.00000 0.768043
12932.00000 0.768266
12933.00000 0.768082
12934.00000 0.768364
12935.00000 0.768371
12936.00000 0.768761
12937.00000 0.768701
12938.00000 0.768702
12939.00000 0.768843
12940.00000 0.768855
12941.00000 0.769108
12942.00000 0.769145
12943.00000 0.769246
12944.00000 0.769369
12945.00000 0.769704
12946.00000 0.769578
12947.00000 0.769787
12948.00000 0.769716
12949.00000 0.769806
12950.00000 0.769705
12951.00000 0.770064
12952.00000 0.770012
12953.00000 0.770217
12954.00000 0.770362
12955.00000 0.770404
12956.00000 0.770496
12957.00000 0.770608
12958.00000 0.770661
12959.00000 0.771093
12960.00000 0.77083
12961.00000 0.771018
12962.00000 0.771107
12963.00000 0.771433
12964.00000 0.771298
12965.00000 0.771516
12966.00000 0.771445
12967.00000 0.771847
12968.00000 0.771871
12969.00000 0.771914
12970.00000 0.772197
12971.00000 0.77214
12972.00000 0.77234
12973.00000 0.772501
12974.00000 0.772384
12975.00000 0.772512
12976.00000 0.772722
12977.00000 0.772794
12978.00000 0.772809
12979.00000 0.772957
12980.00000 0.773275
12981.00000 0.773185
12982.00000 0.773295
12983.00000 0.773537
12984.00000 0.773677
12985.00000 0.773746
12986.00000 0.7737
12987.00000 0.773892
12988.00000 0.773879
12989.00000 0.774358
12990.00000 0.774149
12991.00000 0.774523
12992.00000 0.774543
12993.00000 0.774699
12994.00000 0.774984
12995.00000 0.774824
12996.00000 0.774879
12997.00000 0.77513
12998.00000 0.775262
12999.00000 0.775183
13000.00000 0.775452
13001.00000 0.775579
13002.00000 0.775693
13003.00000 0.77591
13004.00000 0.775862
13005.00000 0.776235
13006.00000 0.776252
13007.00000 0.776249
13008.00000 0.776229
13009.00000 0.776583
13010.00000 0.776521
13011.00000 0.776878
13012.00000 0.77674
13013.00000 0.776862
13014.00000 0.777257
13015.00000 0.777263
13016.00000 0.77729
13017.00000 0.777343
13018.00000 0.777543
13019.00000 0.777571
13020.00000 0.777848
13021.00000 0.777836
13022.00000 0.778138
13023.00000 0.778127
13024.00000 0.77806
13025.00000 0.778381
13026.00000 0.778447
13027.00000 0.778435
13028.00000 0.778585
13029.00000 0.778839
13030.00000 0.778643
13031.00000 0.778846
13032.00000 0.779002
13033.00000 0.779146
13034.00000 0.779215
13035.00000 0.779563
13036.00000 0.779505
13037.00000 0.779687
13038.00000 0.779483
13039.00000 0.779591
13040.00000 0.77957
13041.00000 0.779864
13042.00000 0.779888
13043.00000 0.779991
13044.00000 0.780396
13045.00000 0.780537
13046.00000 0.780586
13047.00000 0.780615
13048.00000 0.780557
13049.00000 0.780696
13050.00000 0.781147
13051.00000 0.780945
13052.00000 0.781312
13053.00000 0.781401
13054.00000 0.781353
13055.00000 0.781502
13056.00000 0.781428
13057.00000 0.781505
13058.00000 0.781902
13059.00000 0.781776
13060.00000 0.781643
13061.00000 0.78201
13062.00000 0.782237
13063.00000 0.781862
13064.00000 0.782233
13065.00000 0.782507
13066.00000 0.782378
13067.00000 0.782162
13068.00000 0.782565
13069.00000 0.782495
13070.00000 0.782668
13071.00000 0.782624
13072.00000 0.782802
13073.00000 0.782801
13074.00000 0.783054
13075.00000 0.782871
13076.00000 0.783126
13077.00000 0.783138
13078.00000 0.783365
13079.00000 0.783371
13080.00000 0.783289
13081.00000 0.78346
