threeML/data/optical_filters/TCS/CAIN3-Kshort.ecsv
# %ECSV 0.9
# ---
# datatype:
# - {name: wavelength, unit: Angstrom, datatype: float32}
# - {name: response, datatype: float32}
# meta: !!omap
# - {band_name: Kshort}
# - {group_name: CAIN3}
wavelength response
[from data line 767]
20555.00000 0.833546
20556.00000 0.833344
20557.00000 0.833016
20558.00000 0.833015
20559.00000 0.832732
20560.00000 0.832294
20561.00000 0.832127
20562.00000 0.831697
20563.00000 0.831491
20564.00000 0.831166
20565.00000 0.831041
20566.00000 0.83088
20567.00000 0.830698
20568.00000 0.830144
20569.00000 0.829966
20570.00000 0.82974
20571.00000 0.829308
20572.00000 0.828987
20573.00000 0.82872
20574.00000 0.828167
20575.00000 0.82825
20576.00000 0.828179
20577.00000 0.827672
20578.00000 0.827515
20579.00000 0.827306
20580.00000 0.826858
20581.00000 0.826791
20582.00000 0.82628
20583.00000 0.825724
20584.00000 0.82583
20585.00000 0.825306
20586.00000 0.824872
20587.00000 0.824749
20588.00000 0.824473
20589.00000 0.824156
20590.00000 0.823784
20591.00000 0.82377
20592.00000 0.823564
20593.00000 0.823436
20594.00000 0.822585
20595.00000 0.822342
20596.00000 0.822105
20597.00000 0.821914
20598.00000 0.821545
20599.00000 0.821408
20600.00000 0.821235
20601.00000 0.820724
20602.00000 0.820147
20603.00000 0.820033
20604.00000 0.819954
20605.00000 0.819689
20606.00000 0.819307
20607.00000 0.81862
20608.00000 0.818666
20609.00000 0.818413
20610.00000 0.818298
20611.00000 0.818054
20612.00000 0.817539
20613.00000 0.817371
20614.00000 0.816918
20615.00000 0.81646
20616.00000 0.81628
20617.00000 0.816136
20618.00000 0.816134
20619.00000 0.816013
20620.00000 0.815423
20621.00000 0.81524
20622.00000 0.814936
20623.00000 0.814743
20624.00000 0.814306
20625.00000 0.814134
20626.00000 0.813812
20627.00000 0.813814
20628.00000 0.813254
20629.00000 0.812877
20630.00000 0.812922
20631.00000 0.812869
20632.00000 0.812354
20633.00000 0.81215
20634.00000 0.812091
20635.00000 0.811793
20636.00000 0.81139
20637.00000 0.811091
20638.00000 0.811127
20639.00000 0.811078
20640.00000 0.810658
20641.00000 0.810249
20642.00000 0.810307
20643.00000 0.81013
20644.00000 0.809661
20645.00000 0.809492
20646.00000 0.809153
20647.00000 0.809444
20648.00000 0.8088
20649.00000 0.80893
20650.00000 0.808605
20651.00000 0.808603
20652.00000 0.808386
20653.00000 0.807832
20654.00000 0.807971
20655.00000 0.807589
20656.00000 0.807637
20657.00000 0.807328
20658.00000 0.807062
20659.00000 0.806778
20660.00000 0.806994
20661.00000 0.80689
20662.00000 0.806448
20663.00000 0.80637
20664.00000 0.806353
20665.00000 0.806193
20666.00000 0.805961
20667.00000 0.805918
20668.00000 0.805745
20669.00000 0.805573
20670.00000 0.805418
20671.00000 0.805402
20672.00000 0.805114
20673.00000 0.805103
20674.00000 0.805121
20675.00000 0.804958
20676.00000 0.804671
20677.00000 0.804786
20678.00000 0.804888
20679.00000 0.804615
20680.00000 0.804456
20681.00000 0.804482
20682.00000 0.804394
20683.00000 0.804205
20684.00000 0.804049
20685.00000 0.804071
20686.00000 0.803965
20687.00000 0.803953
20688.00000 0.803816
20689.00000 0.803896
20690.00000 0.803698
20691.00000 0.80357
20692.00000 0.803832
20693.00000 0.803616
20694.00000 0.803644
20695.00000 0.803549
20696.00000 0.803618
20697.00000 0.803555
20698.00000 0.80342
20699.00000 0.8035
20700.00000 0.80356
20701.00000 0.803595
20702.00000 0.803608
20703.00000 0.804061
20704.00000 0.803594
20705.00000 0.803594
20706.00000 0.804323
20707.00000 0.803718
20708.00000 0.803748
20709.00000 0.803403
20710.00000 0.803427
20711.00000 0.803326
20712.00000 0.803745
20713.00000 0.803575
20714.00000 0.803644
20715.00000 0.803914
20716.00000 0.803856
20717.00000 0.803937
20718.00000 0.803951
20719.00000 0.804189
20720.00000 0.804036
20721.00000 0.803922
20722.00000 0.804232
20723.00000 0.804359
20724.00000 0.804322
20725.00000 0.80452
20726.00000 0.80464
20727.00000 0.80453
20728.00000 0.804705
20729.00000 0.804993
20730.00000 0.804869
20731.00000 0.80487
20732.00000 0.805229
20733.00000 0.805379
20734.00000 0.805574
20735.00000 0.805126
20736.00000 0.805687
20737.00000 0.806323
20738.00000 0.805914
20739.00000 0.80582
20740.00000 0.805964
20741.00000 0.806488
20742.00000 0.806272
20743.00000 0.806448
20744.00000 0.806252
20745.00000 0.806877
20746.00000 0.806726
20747.00000 0.807079
20748.00000 0.807248
20749.00000 0.807635
20750.00000 0.807577
20751.00000 0.807637
20752.00000 0.80823
20753.00000 0.808258
20754.00000 0.808187
20755.00000 0.80822
20756.00000 0.808935
20757.00000 0.809245
20758.00000 0.809217
20759.00000 0.809463
20760.00000 0.809417
20761.00000 0.809821
20762.00000 0.81011
20763.00000 0.810368
20764.00000 0.810274
20765.00000 0.810721
20766.00000 0.810907
20767.00000 0.811245
20768.00000 0.80921
20769.00000 0.811411
20770.00000 0.811781
20771.00000 0.811953
20772.00000 0.812197
20773.00000 0.812426
20774.00000 0.812929
20775.00000 0.813134
20776.00000 0.813505
20777.00000 0.813518
20778.00000 0.813848
20779.00000 0.814099
20780.00000 0.814394
20781.00000 0.814664
20782.00000 0.814757
20783.00000 0.814693
20784.00000 0.81547
20785.00000 0.815893
20786.00000 0.816288
20787.00000 0.816624
20788.00000 0.817007
20789.00000 0.816797
20790.00000 0.817203
20791.00000 0.817476
20792.00000 0.818062
20793.00000 0.818121
20794.00000 0.818558
20795.00000 0.818736
20796.00000 0.81889
20797.00000 0.819525
20798.00000 0.819859
20799.00000 0.820226
20800.00000 0.820371
20801.00000 0.820746
20802.00000 0.820928
20803.00000 0.821262
20804.00000 0.821683
20805.00000 0.821919
20806.00000 0.822508
20807.00000 0.823
20808.00000 0.823187
20809.00000 0.824033
20810.00000 0.823674
20811.00000 0.824187
20812.00000 0.824593
20813.00000 0.824932
20814.00000 0.825193
20815.00000 0.825011
20816.00000 0.825966
20817.00000 0.826241
20818.00000 0.826746
20819.00000 0.827142
20820.00000 0.827416
20821.00000 0.827933
20822.00000 0.828345
20823.00000 0.828664
20824.00000 0.829287
20825.00000 0.829189
20826.00000 0.829574
20827.00000 0.830127
20828.00000 0.830515
20829.00000 0.83112
20830.00000 0.831296
20831.00000 0.831866
20832.00000 0.832238
20833.00000 0.832556
20834.00000 0.832728
20835.00000 0.833253
20836.00000 0.833852
20837.00000 0.834049
20838.00000 0.834639
20839.00000 0.835161
20840.00000 0.835983
20841.00000 0.83575
20842.00000 0.836165
20843.00000 0.836539
20844.00000 0.837389
20845.00000 0.837537
20846.00000 0.837731
20847.00000 0.836682
20848.00000 0.83881
20849.00000 0.839295
20850.00000 0.839821
20851.00000 0.839999
20852.00000 0.840635
20853.00000 0.841231
20854.00000 0.841605
20855.00000 0.841673
20856.00000 0.842323
20857.00000 0.842699
20858.00000 0.843181
20859.00000 0.843801
20860.00000 0.843978
20861.00000 0.844602
20862.00000 0.845122
20863.00000 0.845494
20864.00000 0.845818
20865.00000 0.846271
20866.00000 0.847039
20867.00000 0.847468
20868.00000 0.847716
20869.00000 0.848108
20870.00000 0.848738
20871.00000 0.849821
20872.00000 0.849451
20873.00000 0.850163
20874.00000 0.850589
20875.00000 0.85104
20876.00000 0.851287
20877.00000 0.85181
20878.00000 0.852541
20879.00000 0.853159
20880.00000 0.853472
20881.00000 0.853638
20882.00000 0.854335
20883.00000 0.854911
20884.00000 0.855454
20885.00000 0.855526
20886.00000 0.856016
20887.00000 0.856794
20888.00000 0.857076
20889.00000 0.857272
20890.00000 0.857998
20891.00000 0.858575
20892.00000 0.859063
20893.00000 0.859512
20894.00000 0.859875
20895.00000 0.860311
20896.00000 0.861132
20897.00000 0.861449
20898.00000 0.861721
20899.00000 0.862208
20900.00000 0.862602
20901.00000 0.863203
20902.00000 0.863672
20903.00000 0.864072
20904.00000 0.864541
20905.00000 0.865039
20906.00000 0.865579
20907.00000 0.86604
20908.00000 0.866087
20909.00000 0.867087
20910.00000 0.869729
20911.00000 0.867889
20912.00000 0.868272
20913.00000 0.869076
20914.00000 0.869449
20915.00000 0.86973
20916.00000 0.870086
20917.00000 0.870786
20918.00000 0.871356
20919.00000 0.871622
20920.00000 0.871946
20921.00000 0.872588
20922.00000 0.873238
20923.00000 0.87337
20924.00000 0.874017
20925.00000 0.874634
20926.00000 0.874994
20927.00000 0.875639
20928.00000 0.876061
20929.00000 0.876299
20930.00000 0.876919
20931.00000 0.877392
20932.00000 0.877813
20933.00000 0.87818
20934.00000 0.878795
20935.00000 0.879277
20936.00000 0.879725
20937.00000 0.880048
20938.00000 0.880544
20939.00000 0.881111
20940.00000 0.881483
20941.00000 0.881908
20942.00000 0.882499
20943.00000 0.882836
20944.00000 0.883307
20945.00000 0.883815
20946.00000 0.884403
20947.00000 0.884905
20948.00000 0.885368
20949.00000 0.88542
20950.00000 0.886128
20951.00000 0.886406
20952.00000 0.887114
20953.00000 0.887463
20954.00000 0.887748
20955.00000 0.888561
20956.00000 0.888957
20957.00000 0.889301
20958.00000 0.889444
20959.00000 0.889961
20960.00000 0.890514
20961.00000 0.890916
20962.00000 0.891631
20963.00000 0.892017
20964.00000 0.892369
20965.00000 0.892996
20966.00000 0.893267
20967.00000 0.893537
20968.00000 0.89407
20969.00000 0.894607
20970.00000 0.895101
20971.00000 0.895371
20972.00000 0.896034
20973.00000 0.89617
20974.00000 0.896884
20975.00000 0.897154
20976.00000 0.897765
20977.00000 0.898222
20978.00000 0.898678
20979.00000 0.899003
20980.00000 0.898967
20981.00000 0.90008
20982.00000 0.90011
20983.00000 0.900438
20984.00000 0.900994
20985.00000 0.901148
20986.00000 0.901947
20987.00000 0.902055
20988.00000 0.902776
20989.00000 0.902832
20990.00000 0.903325
20991.00000 0.903769
20992.00000 0.90422
20993.00000 0.90465
20994.00000 0.90508
20995.00000 0.90555
20996.00000 0.90583
20997.00000 0.906179
20998.00000 0.906544
20999.00000 0.907117
21000.00000 0.907383
21001.00000 0.907905
21002.00000 0.908164
21003.00000 0.908542
21004.00000 0.908844
21005.00000 0.909281
21006.00000 0.909679
21007.00000 0.910077
21008.00000 0.910377
21009.00000 0.910806
21010.00000 0.911143
21011.00000 0.911605
21012.00000 0.912029
21013.00000 0.912266
21014.00000 0.912705
21015.00000 0.912823
21016.00000 0.913499
21017.00000 0.913851
21018.00000 0.914077
21019.00000 0.914267
21020.00000 0.914662
21021.00000 0.915417
21022.00000 0.915418
21023.00000 0.915921
21024.00000 0.916282
21025.00000 0.916791
21026.00000 0.916936
21027.00000 0.917201
21028.00000 0.917743
21029.00000 0.918008
21030.00000 0.918179
21031.00000 0.918426
21032.00000 0.919124
21033.00000 0.918952
21034.00000 0.919821
21035.00000 0.919992
21036.00000 0.920427
21037.00000 0.920392
21038.00000 0.921237
21039.00000 0.921195
21040.00000 0.921609
21041.00000 0.921833
21042.00000 0.922214
21043.00000 0.92262
21044.00000 0.922508
21045.00000 0.92313
21046.00000 0.923358
21047.00000 0.923673
21048.00000 0.923867
21049.00000 0.924343
21050.00000 0.924534
21051.00000 0.924867
21052.00000 0.925474
21053.00000 0.925473
21054.00000 0.925811
21055.00000 0.926132
21056.00000 0.926563
21057.00000 0.926709
21058.00000 0.927021
21059.00000 0.927369
21060.00000 0.927619
21061.00000 0.927944
21062.00000 0.928013
21063.00000 0.928521
21064.00000 0.928672
21065.00000 0.929235
21066.00000 0.92923
21067.00000 0.929675
21068.00000 0.929719
21069.00000 0.930112
21070.00000 0.930171
21071.00000 0.930499
21072.00000 0.930755
21073.00000 0.931058
21074.00000 0.931288
21075.00000 0.931464
21076.00000 0.931706
21077.00000 0.932063
21078.00000 0.932315
21079.00000 0.932547
21080.00000 0.932643
21081.00000 0.933044
21082.00000 0.933437
21083.00000 0.933302
21084.00000 0.933577
21085.00000 0.933835
21086.00000 0.93434
21087.00000 0.934199
21088.00000 0.934554
21089.00000 0.934734
21090.00000 0.93506
21091.00000 0.935217
21092.00000 0.935311
21093.00000 0.93582
21094.00000 0.935898
21095.00000 0.936105
21096.00000 0.93674
21097.00000 0.936144
21098.00000 0.93696
21099.00000 0.936969
21100.00000 0.937275
21101.00000 0.937131
21102.00000 0.937689
21103.00000 0.937902
21104.00000 0.937946
21105.00000 0.938095
21106.00000 0.938312
21107.00000 0.938718
21108.00000 0.938613
21109.00000 0.938893
21110.00000 0.938919
21111.00000 0.939294
21112.00000 0.939426
21113.00000 0.939633
21114.00000 0.939778
21115.00000 0.939936
21116.00000 0.939965
21117.00000 0.940217
21118.00000 0.94038
21119.00000 0.940664
21120.00000 0.940956
21121.00000 0.940882
21122.00000 0.941094
21123.00000 0.941165
21124.00000 0.941339
21125.00000 0.941596
21126.00000 0.941706
21127.00000 0.941774
21128.00000 0.941735
21129.00000 0.942148
21130.00000 0.942214
21131.00000 0.942499
21132.00000 0.942378
21133.00000 0.942758
21134.00000 0.943171
21135.00000 0.942929
21136.00000 0.942953
21137.00000 0.943068
21138.00000 0.943219
21139.00000 0.9434
21140.00000 0.94343
21141.00000 0.943912
21142.00000 0.944049
21143.00000 0.944096
21144.00000 0.944395
21145.00000 0.944199
21146.00000 0.944364
21147.00000 0.944236
21148.00000 0.944539
21149.00000 0.944561
21150.00000 0.945004
21151.00000 0.94464
21152.00000 0.944785
21153.00000 0.945539
21154.00000 0.94551
21155.00000 0.945748
21156.00000 0.945796
21157.00000 0.94574
21158.00000 0.94596
21159.00000 0.945643
21160.00000 0.945926
21161.00000 0.946056
21162.00000 0.94573
21163.00000 0.94638
21164.00000 0.946482
21165.00000 0.946084
21166.00000 0.946707
21167.00000 0.946566
21168.00000 0.946717
21169.00000 0.946629
21170.00000 0.946743
21171.00000 0.947067
21172.00000 0.947163
21173.00000 0.946992
21174.00000 0.947126
21175.00000 0.947255
21176.00000 0.947269
21177.00000 0.947274
21178.00000 0.94729
21179.00000 0.94773
21180.00000 0.947606
21181.00000 0.947722
21182.00000 0.947856
21183.00000 0.947616
21184.00000 0.948047
21185.00000 0.947745
21186.00000 0.948045
21187.00000 0.948082
21188.00000 0.94813
21189.00000 0.948101
21190.00000 0.948261
21191.00000 0.948294
21192.00000 0.948112
21193.00000 0.948644
21194.00000 0.948366
21195.00000 0.948396
21196.00000 0.948409
21197.00000 0.94863
21198.00000 0.948717
21199.00000 0.948619
21200.00000 0.948702
21201.00000 0.948851
21202.00000 0.948719
21203.00000 0.949002
21204.00000 0.948926
21205.00000 0.948985
21206.00000 0.948952
21207.00000 0.949153
21208.00000 0.949183
21209.00000 0.948773
21210.00000 0.949176
21211.00000 0.949061
21212.00000 0.949301
21213.00000 0.94917
21214.00000 0.949276
21215.00000 0.948991
21216.00000 0.948989
21217.00000 0.949157
21218.00000 0.949279
21219.00000 0.949432
21220.00000 0.949292
21221.00000 0.94933
21222.00000 0.949388
21223.00000 0.949488
21224.00000 0.949645
21225.00000 0.949647
21226.00000 0.949844
21227.00000 0.949473
21228.00000 0.949688
21229.00000 0.949633
21230.00000 0.94966
21231.00000 0.949753
21232.00000 0.949528
21233.00000 0.949562
21234.00000 0.949852
21235.00000 0.949714
21236.00000 0.949968
21237.00000 0.94958
21238.00000 0.949562
21239.00000 0.949645
21240.00000 0.949641
21241.00000 0.94969
21242.00000 0.949642
21243.00000 0.949577
21244.00000 0.949656
21245.00000 0.949855
21246.00000 0.949743
21247.00000 0.949702
21248.00000 0.949976
21249.00000 0.94987
21250.00000 0.949769
21251.00000 0.949744
21252.00000 0.949881
21253.00000 0.949659
21254.00000 0.949921
21255.00000 0.949609
21256.00000 0.949822
21257.00000 0.949917
21258.00000 0.950014
21259.00000 0.950125
21260.00000 0.949829
21261.00000 0.949792
21262.00000 0.949701
21263.00000 0.949744
21264.00000 0.949609
21265.00000 0.94981
21266.00000 0.94936
21267.00000 0.949689
21268.00000 0.949184
21269.00000 0.9492
21270.00000 0.949704
21271.00000 0.949799
21272.00000 0.949871
21273.00000 0.949676
21274.00000 0.949625
21275.00000 0.949558
21276.00000 0.949285
21277.00000 0.949786
21278.00000 0.949384
21279.00000 0.949568
21280.00000 0.949616
21281.00000 0.949623
21282.00000 0.949356
21283.00000 0.949524
21284.00000 0.949301
21285.00000 0.949653
21286.00000 0.94929
21287.00000 0.949457
21288.00000 0.949455
21289.00000 0.949294
21290.00000 0.949327
21291.00000 0.949428
21292.00000 0.949259
21293.00000 0.948987
21294.00000 0.94924
21295.00000 0.949059
21296.00000 0.949185
21297.00000 0.949062
21298.00000 0.949295
21299.00000 0.949021
21300.00000 0.949171
21301.00000 0.949212
21302.00000 0.948766
21303.00000 0.949004
21304.00000 0.948989
21305.00000 0.94868
21306.00000 0.948844
21307.00000 0.948943
21308.00000 0.948738
21309.00000 0.948786
21310.00000 0.948798
21311.00000 0.948771
21312.00000 0.948528
21313.00000 0.948578
21314.00000 0.94872
21315.00000 0.948822
21316.00000 0.948779
21317.00000 0.948414
21318.00000 0.948489
21319.00000 0.948585
