threeML/data/optical_filters/TCS/CAIN3-Kshort.ecsv
# %ECSV 0.9
# ---
# datatype:
# - {name: wavelength, unit: Angstrom, datatype: float32}
# - {name: response, datatype: float32}
# meta: !!omap
# - {band_name: Kshort}
# - {group_name: CAIN3}
wavelength response
17810.09961 0.0
19789.00000 0.004018
19790.00000 0.004041
19791.00000 0.004086
19792.00000 0.004067
19793.00000 0.00415
19794.00000 0.004138
19795.00000 0.004219
19796.00000 0.004256
19797.00000 0.004279
19798.00000 0.004305
19799.00000 0.004358
19800.00000 0.004405
19801.00000 0.004421
19802.00000 0.004462
19803.00000 0.004502
19804.00000 0.004541
19805.00000 0.004584
19806.00000 0.004646
19807.00000 0.004632
19808.00000 0.004672
19809.00000 0.004744
19810.00000 0.004775
19811.00000 0.004802
19812.00000 0.004847
19813.00000 0.004915
19814.00000 0.004942
19815.00000 0.005001
19816.00000 0.005029
19817.00000 0.005084
19818.00000 0.005107
19819.00000 0.005179
19820.00000 0.005202
19821.00000 0.00525
19822.00000 0.005313
19823.00000 0.005323
19824.00000 0.005362
19825.00000 0.00545
19826.00000 0.005499
19827.00000 0.005538
19828.00000 0.005578
19829.00000 0.005625
19830.00000 0.00569
19831.00000 0.00571
19832.00000 0.005784
19833.00000 0.005809
19834.00000 0.005912
19835.00000 0.005964
19836.00000 0.005987
19837.00000 0.006038
19838.00000 0.006086
19839.00000 0.00616
19840.00000 0.006188
19841.00000 0.006213
19842.00000 0.006319
19843.00000 0.006382
19844.00000 0.006427
19845.00000 0.006464
19846.00000 0.006507
19847.00000 0.006585
19848.00000 0.006649
19849.00000 0.006706
19850.00000 0.006746
19851.00000 0.0068
19852.00000 0.006915
19853.00000 0.006961
19854.00000 0.007025
19855.00000 0.007135
19856.00000 0.007156
19857.00000 0.007193
19858.00000 0.007233
19859.00000 0.007305
19860.00000 0.007428
19861.00000 0.007494
19862.00000 0.007524
19863.00000 0.007574
19864.00000 0.007683
19865.00000 0.007772
19866.00000 0.007813
19867.00000 0.007863
19868.00000 0.007927
19869.00000 0.008026
19870.00000 0.008082
19871.00000 0.008171
19872.00000 0.008262
19873.00000 0.008352
19874.00000 0.008373
19875.00000 0.008487
19876.00000 0.008563
19877.00000 0.008675
19878.00000 0.008719
19879.00000 0.008812
19880.00000 0.008842
19881.00000 0.008955
19882.00000 0.009031
19883.00000 0.009119
19884.00000 0.009172
19885.00000 0.009233
19886.00000 0.00937
19887.00000 0.009479
19888.00000 0.009541
19889.00000 0.009628
19890.00000 0.009715
19891.00000 0.009812
19892.00000 0.009881
19893.00000 0.009978
19894.00000 0.010039
19895.00000 0.010192
19896.00000 0.010241
19897.00000 0.010346
19898.00000 0.010417
19899.00000 0.010576
19900.00000 0.010655
19901.00000 0.010756
19902.00000 0.010837
19903.00000 0.010963
19904.00000 0.011107
19905.00000 0.01115
19906.00000 0.011305
19907.00000 0.01134
19908.00000 0.011528
19909.00000 0.011635
19910.00000 0.011653
19911.00000 0.011793
19912.00000 0.011966
19913.00000 0.012045
19914.00000 0.012132
19915.00000 0.012219
19916.00000 0.012374
19917.00000 0.012503
19918.00000 0.012603
19919.00000 0.0127
19920.00000 0.012845
19921.00000 0.01301
19922.00000 0.013108
19923.00000 0.01324
19924.00000 0.013363
19925.00000 0.01354
19926.00000 0.013647
19927.00000 0.013709
19928.00000 0.013822
19929.00000 0.014048
19930.00000 0.014233
19931.00000 0.01429
19932.00000 0.014381
19933.00000 0.01456
19934.00000 0.014724
19935.00000 0.014855
19936.00000 0.014955
19937.00000 0.015138
19938.00000 0.015313
19939.00000 0.015503
19940.00000 0.015611
19941.00000 0.015693
19942.00000 0.015954
19943.00000 0.016093
19944.00000 0.016217
19945.00000 0.016359
19946.00000 0.016555
19947.00000 0.016748
19948.00000 0.01688
19949.00000 0.01701
19950.00000 0.017171
19951.00000 0.017371
19952.00000 0.01755
19953.00000 0.017676
19954.00000 0.01792
19955.00000 0.018171
19956.00000 0.018261
19957.00000 0.018392
19958.00000 0.018606
19959.00000 0.018843
19960.00000 0.019034
19961.00000 0.019188
19962.00000 0.01936
19963.00000 0.019584
19964.00000 0.019802
19965.00000 0.019992
19966.00000 0.020154
19967.00000 0.020345
19968.00000 0.020604
19969.00000 0.020792
19970.00000 0.020953
19971.00000 0.021134
19972.00000 0.021436
19973.00000 0.021704
19974.00000 0.021854
19975.00000 0.022073
19976.00000 0.022357
19977.00000 0.022638
19978.00000 0.022828
19979.00000 0.023018
19980.00000 0.023253
19981.00000 0.023551
19982.00000 0.023813
19983.00000 0.024026
19984.00000 0.024191
19985.00000 0.024485
19986.00000 0.024781
19987.00000 0.024988
19988.00000 0.025251
19989.00000 0.025568
19990.00000 0.025911
19991.00000 0.026046
19992.00000 0.026284
19993.00000 0.026594
19994.00000 0.026984
19995.00000 0.027253
19996.00000 0.02745
19997.00000 0.027745
19998.00000 0.0281
19999.00000 0.028544
20000.00000 0.029039
20001.00000 0.029253
20002.00000 0.02964
20003.00000 0.030061
20004.00000 0.030261
20005.00000 0.030477
20006.00000 0.030868
20007.00000 0.031361
20008.00000 0.031588
20009.00000 0.031871
20010.00000 0.032187
20011.00000 0.032705
20012.00000 0.032972
20013.00000 0.033308
20014.00000 0.033664
20015.00000 0.034163
20016.00000 0.03454
20017.00000 0.034646
20018.00000 0.034966
20019.00000 0.035687
20020.00000 0.035865
20021.00000 0.036187
20022.00000 0.03663
20023.00000 0.036947
20024.00000 0.037543
20025.00000 0.037893
20026.00000 0.038221
20027.00000 0.038557
20028.00000 0.039125
20029.00000 0.039612
20030.00000 0.039929
20031.00000 0.040289
20032.00000 0.040785
20033.00000 0.041376
20034.00000 0.04171
20035.00000 0.042059
20036.00000 0.042501
20037.00000 0.043151
20038.00000 0.043573
20039.00000 0.043903
20040.00000 0.044192
20041.00000 0.045089
20042.00000 0.045801
20043.00000 0.045874
20044.00000 0.046309
20045.00000 0.046965
20046.00000 0.047808
20047.00000 0.04789
20048.00000 0.048365
20049.00000 0.049308
20050.00000 0.0497
20051.00000 0.050106
20052.00000 0.050618
20053.00000 0.051044
20054.00000 0.051821
20055.00000 0.052391
20056.00000 0.053053
20057.00000 0.053241
20058.00000 0.053951
20059.00000 0.055131
20060.00000 0.055184
20061.00000 0.055567
20062.00000 0.056377
20063.00000 0.057278
20064.00000 0.058062
20065.00000 0.058242
20066.00000 0.058795
20067.00000 0.060082
20068.00000 0.060566
20069.00000 0.060692
20070.00000 0.061667
20071.00000 0.062495
20072.00000 0.062983
20073.00000 0.063825
20074.00000 0.064411
20075.00000 0.064624
20076.00000 0.066325
20077.00000 0.066701
20078.00000 0.067105
20079.00000 0.068299
20080.00000 0.068824
20081.00000 0.069601
20082.00000 0.070419
20083.00000 0.070946
20084.00000 0.071907
20085.00000 0.072753
20086.00000 0.073417
20087.00000 0.073979
20088.00000 0.074962
20089.00000 0.076049
20090.00000 0.076742
20091.00000 0.077657
20092.00000 0.078471
20093.00000 0.07924
20094.00000 0.079986
20095.00000 0.081138
20096.00000 0.08172
20097.00000 0.082693
20098.00000 0.084072
20099.00000 0.084855
20100.00000 0.084878
20101.00000 0.086476
20102.00000 0.087686
20103.00000 0.088446
20104.00000 0.089231
20105.00000 0.090253
20106.00000 0.091571
20107.00000 0.092442
20108.00000 0.093141
20109.00000 0.094043
20110.00000 0.095391
20111.00000 0.096702
20112.00000 0.097565
20113.00000 0.09827
20114.00000 0.099682
20115.00000 0.101016
20116.00000 0.101873
20117.00000 0.102672
20118.00000 0.103856
20119.00000 0.105401
20120.00000 0.106417
20121.00000 0.107349
20122.00000 0.108424
20123.00000 0.109987
20124.00000 0.11106
20125.00000 0.111891
20126.00000 0.112827
20127.00000 0.114601
20128.00000 0.116179
20129.00000 0.117173
20130.00000 0.118107
20131.00000 0.119322
20132.00000 0.121304
20133.00000 0.122379
20134.00000 0.123387
20135.00000 0.124453
20136.00000 0.126489
20137.00000 0.127724
20138.00000 0.128963
20139.00000 0.130094
20140.00000 0.131641
20141.00000 0.133077
20142.00000 0.133802
20143.00000 0.13517
20144.00000 0.136796
20145.00000 0.139033
20146.00000 0.140141
20147.00000 0.141359
20148.00000 0.142761
20149.00000 0.144932
20150.00000 0.146323
20151.00000 0.14735
20152.00000 0.148652
20153.00000 0.150461
20154.00000 0.152596
20155.00000 0.1537
20156.00000 0.154896
20157.00000 0.156641
20158.00000 0.158777
20159.00000 0.159982
20160.00000 0.16132
20161.00000 0.162638
20162.00000 0.165217
20163.00000 0.166758
20164.00000 0.168036
20165.00000 0.169743
20166.00000 0.171902
20167.00000 0.173962
20168.00000 0.175377
20169.00000 0.176799
20170.00000 0.178697
20171.00000 0.181349
20172.00000 0.18267
20173.00000 0.184203
20174.00000 0.18555
20175.00000 0.188337
20176.00000 0.189755
20177.00000 0.191312
20178.00000 0.19303
20179.00000 0.19556
20180.00000 0.197764
20181.00000 0.199069
20182.00000 0.200943
20183.00000 0.203283
20184.00000 0.205825
20185.00000 0.207434
20186.00000 0.208652
20187.00000 0.210878
20188.00000 0.213977
20189.00000 0.215757
20190.00000 0.217095
20191.00000 0.218982
20192.00000 0.222178
20193.00000 0.224205
20194.00000 0.225854
20195.00000 0.22732
20196.00000 0.229843
20197.00000 0.233126
20198.00000 0.234612
20199.00000 0.236677
20200.00000 0.238893
20201.00000 0.241755
20202.00000 0.243518
20203.00000 0.245271
20204.00000 0.2474
20205.00000 0.25051
20206.00000 0.252814
20207.00000 0.254562
20208.00000 0.25632
20209.00000 0.259214
20210.00000 0.262323
20211.00000 0.263957
20212.00000 0.26592
20213.00000 0.268675
20214.00000 0.271818
20215.00000 0.27368
20216.00000 0.275481
20217.00000 0.277637
20218.00000 0.281276
20219.00000 0.283353
20220.00000 0.285527
20221.00000 0.287322
20222.00000 0.290925
20223.00000 0.293789
20224.00000 0.295798
20225.00000 0.297736
20226.00000 0.300142
20227.00000 0.303657
20228.00000 0.305916
20229.00000 0.307696
20230.00000 0.309841
20231.00000 0.314163
20232.00000 0.316354
20233.00000 0.318223
20234.00000 0.320333
20235.00000 0.324244
20236.00000 0.327243
20237.00000 0.329108
20238.00000 0.331004
20239.00000 0.333913
20240.00000 0.337844
20241.00000 0.339765
20242.00000 0.341878
20243.00000 0.344701
20244.00000 0.348404
20245.00000 0.350793
20246.00000 0.35306
20247.00000 0.355148
20248.00000 0.359155
20249.00000 0.362922
20250.00000 0.364158
20251.00000 0.366895
20252.00000 0.369999
20253.00000 0.373546
20254.00000 0.376056
20255.00000 0.377955
20256.00000 0.380564
20257.00000 0.384843
20258.00000 0.387109
20259.00000 0.389234
20260.00000 0.391986
20261.00000 0.395715
20262.00000 0.398346
20263.00000 0.40088
20264.00000 0.402762
20265.00000 0.406843
20266.00000 0.410337
20267.00000 0.412769
20268.00000 0.414992
20269.00000 0.417998
20270.00000 0.422014
20271.00000 0.424091
20272.00000 0.426448
20273.00000 0.428536
20274.00000 0.433285
20275.00000 0.436031
20276.00000 0.43804
20277.00000 0.440252
20278.00000 0.444051
20279.00000 0.447403
20280.00000 0.449934
20281.00000 0.452204
20282.00000 0.455044
20283.00000 0.459809
20284.00000 0.46152
20285.00000 0.464294
20286.00000 0.466659
20287.00000 0.471082
20288.00000 0.473744
20289.00000 0.475821
20290.00000 0.47852
20291.00000 0.481466
20292.00000 0.485716
20293.00000 0.487578
20294.00000 0.49012
20295.00000 0.493434
20296.00000 0.497084
20297.00000 0.499266
20298.00000 0.501813
20299.00000 0.504334
20300.00000 0.508658
20301.00000 0.511599
20302.00000 0.513355
20303.00000 0.516218
20304.00000 0.519428
20305.00000 0.523289
20306.00000 0.525149
20307.00000 0.527524
20308.00000 0.52994
20309.00000 0.534436
20310.00000 0.536934
20311.00000 0.538869
20312.00000 0.542011
20313.00000 0.548064
20314.00000 0.548387
20315.00000 0.550177
20316.00000 0.552314
20317.00000 0.55647
20318.00000 0.559974
20319.00000 0.562367
20320.00000 0.564739
20321.00000 0.567543
20322.00000 0.571299
20323.00000 0.573655
20324.00000 0.575923
20325.00000 0.578189
20326.00000 0.581714
20327.00000 0.584791
20328.00000 0.58673
20329.00000 0.588646
20330.00000 0.592711
20331.00000 0.595538
20332.00000 0.597859
20333.00000 0.599544
20334.00000 0.602454
20335.00000 0.606753
20336.00000 0.609424
20337.00000 0.611313
20338.00000 0.613275
20339.00000 0.617224
20340.00000 0.618893
20341.00000 0.621461
20342.00000 0.623557
20343.00000 0.626872
20344.00000 0.63012
20345.00000 0.632174
20346.00000 0.634094
20347.00000 0.637053
20348.00000 0.640511
20349.00000 0.642269
20350.00000 0.644184
20351.00000 0.646669
20352.00000 0.650108
20353.00000 0.652525
20354.00000 0.654524
20355.00000 0.656538
20356.00000 0.660062
20357.00000 0.662643
20358.00000 0.664491
20359.00000 0.665958
20360.00000 0.668988
20361.00000 0.672141
20362.00000 0.674083
20363.00000 0.675572
20364.00000 0.678258
20365.00000 0.681433
20366.00000 0.682634
20367.00000 0.684997
20368.00000 0.686633
20369.00000 0.689723
20370.00000 0.692618
20371.00000 0.694169
20372.00000 0.69606
20373.00000 0.698534
20374.00000 0.701588
20375.00000 0.703086
20376.00000 0.704791
20377.00000 0.706512
20378.00000 0.70952
20379.00000 0.711366
20380.00000 0.713198
20381.00000 0.714861
20382.00000 0.717798
20383.00000 0.71987
20384.00000 0.721036
20385.00000 0.72267
20386.00000 0.725136
20387.00000 0.727807
20388.00000 0.729597
20389.00000 0.730831
20390.00000 0.732476
20391.00000 0.736029
20392.00000 0.736809
20393.00000 0.738655
20394.00000 0.739978
20395.00000 0.742888
20396.00000 0.744995
20397.00000 0.746192
20398.00000 0.747718
20399.00000 0.749692
20400.00000 0.751769
20401.00000 0.75283
20402.00000 0.754175
20403.00000 0.755959
20404.00000 0.758307
20405.00000 0.759566
20406.00000 0.760939
20407.00000 0.762281
20408.00000 0.764535
20409.00000 0.766062
20410.00000 0.766923
20411.00000 0.768098
20412.00000 0.770312
20413.00000 0.772499
20414.00000 0.773454
20415.00000 0.774564
20416.00000 0.776114
20417.00000 0.778251
20418.00000 0.779275
20419.00000 0.780371
20420.00000 0.781791
20421.00000 0.783686
20422.00000 0.785232
20423.00000 0.785995
20424.00000 0.7871
20425.00000 0.78876
20426.00000 0.790149
20427.00000 0.790793
20428.00000 0.791837
20429.00000 0.793283
20430.00000 0.794888
20431.00000 0.79575
20432.00000 0.796652
20433.00000 0.797657
20434.00000 0.798998
20435.00000 0.800358
20436.00000 0.801059
20437.00000 0.802025
20438.00000 0.803729
20439.00000 0.804696
20440.00000 0.805428
20441.00000 0.80677
20442.00000 0.807553
20443.00000 0.808874
20444.00000 0.80933
20445.00000 0.810105
20446.00000 0.811019
20447.00000 0.812243
20448.00000 0.81328
20449.00000 0.813675
20450.00000 0.814327
20451.00000 0.815641
20452.00000 0.814917
20453.00000 0.817856
20454.00000 0.818386
20455.00000 0.818674
20456.00000 0.819157
20457.00000 0.81964
20458.00000 0.820563
20459.00000 0.821237
20460.00000 0.822437
20461.00000 0.822761
20462.00000 0.823419
20463.00000 0.823956
20464.00000 0.823944
20465.00000 0.825529
20466.00000 0.825769
20467.00000 0.826209
20468.00000 0.827122
20469.00000 0.827542
20470.00000 0.827892
20471.00000 0.828609
20472.00000 0.828971
20473.00000 0.82962
20474.00000 0.830232
20475.00000 0.830528
20476.00000 0.830842
20477.00000 0.831547
20478.00000 0.831805
20479.00000 0.832093
20480.00000 0.832666
20481.00000 0.833171
20482.00000 0.833473
20483.00000 0.8332
20484.00000 0.834303
20485.00000 0.834678
20486.00000 0.834768
20487.00000 0.83476
20488.00000 0.835118
20489.00000 0.835352
20490.00000 0.835696
20491.00000 0.836129
20492.00000 0.836113
20493.00000 0.836758
20494.00000 0.836734
20495.00000 0.837115
20496.00000 0.8369
20497.00000 0.837136
20498.00000 0.837549
20499.00000 0.837717
20500.00000 0.837865
20501.00000 0.83788
20502.00000 0.83808
20503.00000 0.838323
20504.00000 0.838463
20505.00000 0.838156
20506.00000 0.837907
20507.00000 0.838447
20508.00000 0.83912
20509.00000 0.839597
20510.00000 0.838849
20511.00000 0.838708
20512.00000 0.838756
20513.00000 0.838926
20514.00000 0.838802
20515.00000 0.838939
20516.00000 0.838736
20517.00000 0.838877
20518.00000 0.838532
20519.00000 0.838952
20520.00000 0.839038
20521.00000 0.838853
20522.00000 0.83886
20523.00000 0.838858
20524.00000 0.838782
20525.00000 0.838316
20526.00000 0.838692
20527.00000 0.838456
20528.00000 0.838557
20529.00000 0.83736
20530.00000 0.838201
20531.00000 0.838114
20532.00000 0.837559
20533.00000 0.837833
20534.00000 0.837462
20535.00000 0.837464
20536.00000 0.837065
20537.00000 0.837429
20538.00000 0.836995
20539.00000 0.836918
20540.00000 0.836759
20541.00000 0.83644
20542.00000 0.836141
20543.00000 0.835975
20544.00000 0.83575
20545.00000 0.835915
20546.00000 0.835347
20547.00000 0.834764
20548.00000 0.835341
20549.00000 0.836758
20550.00000 0.83464
20551.00000 0.83436
20552.00000 0.834307
20553.00000 0.833943
