threeML/data/optical_filters/TCS/CAIN3-H21.ecsv
# %ECSV 0.9
# ---
# datatype:
# - {name: wavelength, unit: Angstrom, datatype: float32}
# - {name: response, datatype: float32}
# meta: !!omap
# - {band_name: H21}
# - {group_name: CAIN3}
wavelength response
18990.00000 0.0
21100.00000 0.000398
21101.00000 0.000445
21102.00000 0.000382
21103.00000 0.000473
21104.00000 0.000465
21105.00000 0.000323
21106.00000 0.000406
21107.00000 0.000398
21108.00000 0.000481
21109.00000 0.000604
21110.00000 0.000505
21111.00000 0.000572
21112.00000 0.00047
21113.00000 0.000525
21114.00000 0.000549
21115.00000 0.000597
21116.00000 0.000605
21117.00000 0.000569
21118.00000 0.000637
21119.00000 0.000629
21120.00000 0.000662
21121.00000 0.000679
21122.00000 0.000675
21123.00000 0.000798
21124.00000 0.000711
21125.00000 0.000743
21126.00000 0.000778
21127.00000 0.000762
21128.00000 0.000775
21129.00000 0.000834
21130.00000 0.000869
21131.00000 0.000885
21132.00000 0.000944
21133.00000 0.000953
21134.00000 0.000902
21135.00000 0.000965
21136.00000 0.00104
21137.00000 0.001044
21138.00000 0.001042
21139.00000 0.001046
21140.00000 0.001098
21141.00000 0.001114
21142.00000 0.001209
21143.00000 0.001213
21144.00000 0.001201
21145.00000 0.001332
21146.00000 0.001427
21147.00000 0.001285
21148.00000 0.001408
21149.00000 0.001476
21150.00000 0.001464
21151.00000 0.001524
21152.00000 0.001567
21153.00000 0.001622
21154.00000 0.001659
21155.00000 0.001679
21156.00000 0.001778
21157.00000 0.001864
21158.00000 0.001944
21159.00000 0.001936
21160.00000 0.002006
21161.00000 0.002148
21162.00000 0.002062
21163.00000 0.002309
21164.00000 0.002224
21165.00000 0.002287
21166.00000 0.002409
21167.00000 0.002472
21168.00000 0.00262
21169.00000 0.002636
21170.00000 0.002743
21171.00000 0.002846
21172.00000 0.002878
21173.00000 0.002927
21174.00000 0.003105
21175.00000 0.003261
21176.00000 0.003313
21177.00000 0.003455
21178.00000 0.003522
21179.00000 0.003664
21180.00000 0.003832
21181.00000 0.003965
21182.00000 0.004038
21183.00000 0.004146
21184.00000 0.004399
21185.00000 0.004516
21186.00000 0.004687
21187.00000 0.004795
21188.00000 0.005015
21189.00000 0.005189
21190.00000 0.005347
21191.00000 0.005513
21192.00000 0.00582
21193.00000 0.006054
21194.00000 0.006261
21195.00000 0.006496
21196.00000 0.006789
21197.00000 0.007129
21198.00000 0.007233
21199.00000 0.00753
21200.00000 0.007744
21201.00000 0.008074
21202.00000 0.008386
21203.00000 0.008703
21204.00000 0.009101
21205.00000 0.009496
21206.00000 0.009902
21207.00000 0.010261
21208.00000 0.01061
21209.00000 0.011072
21210.00000 0.011597
21211.00000 0.012144
21212.00000 0.012548
21213.00000 0.013031
21214.00000 0.013734
21215.00000 0.01433
21216.00000 0.014865
21217.00000 0.015326
21218.00000 0.016103
21219.00000 0.016767
21220.00000 0.017502
21221.00000 0.018066
21222.00000 0.018979
21223.00000 0.020009
21224.00000 0.020621
21225.00000 0.021462
21226.00000 0.022367
21227.00000 0.02357
21228.00000 0.024578
21229.00000 0.025655
21230.00000 0.02659
21231.00000 0.027938
21232.00000 0.029104
21233.00000 0.030567
21234.00000 0.031552
21235.00000 0.032969
21236.00000 0.034952
21237.00000 0.036346
21238.00000 0.037522
21239.00000 0.039134
21240.00000 0.04113
21241.00000 0.042786
21242.00000 0.044488
21243.00000 0.046208
21244.00000 0.0486
21245.00000 0.050932
21246.00000 0.052817
21247.00000 0.054583
21248.00000 0.057066
21249.00000 0.059749
21250.00000 0.062247
21251.00000 0.064419
21252.00000 0.067156
21253.00000 0.070314
21254.00000 0.073043
21255.00000 0.075377
21256.00000 0.078101
21257.00000 0.081909
21258.00000 0.085037
21259.00000 0.088083
21260.00000 0.090679
21261.00000 0.09449
21262.00000 0.099433
21263.00000 0.102463
21264.00000 0.105348
21265.00000 0.109621
21266.00000 0.113955
21267.00000 0.117215
21268.00000 0.12129
21269.00000 0.125356
21270.00000 0.129815
21271.00000 0.135261
21272.00000 0.13795
21273.00000 0.141865
21274.00000 0.147686
21275.00000 0.152819
21276.00000 0.157078
21277.00000 0.160888
21278.00000 0.166399
21279.00000 0.172662
21280.00000 0.177489
21281.00000 0.181829
21282.00000 0.186697
21283.00000 0.192871
21284.00000 0.198567
21285.00000 0.203346
21286.00000 0.207851
21287.00000 0.214088
21288.00000 0.220444
21289.00000 0.226372
21290.00000 0.230849
21291.00000 0.237008
21292.00000 0.243628
21293.00000 0.249165
21294.00000 0.254496
21295.00000 0.260256
21296.00000 0.267974
21297.00000 0.274805
21298.00000 0.279627
21299.00000 0.284629
21300.00000 0.292038
21301.00000 0.298822
21302.00000 0.304491
21303.00000 0.309662
21304.00000 0.316556
21305.00000 0.323818
21306.00000 0.330023
21307.00000 0.334949
21308.00000 0.34076
21309.00000 0.348573
21310.00000 0.354078
21311.00000 0.35991
21312.00000 0.365777
21313.00000 0.374445
21314.00000 0.379608
21315.00000 0.385728
21316.00000 0.390676
21317.00000 0.39763
21318.00000 0.404545
21319.00000 0.410048
21320.00000 0.415107
21321.00000 0.420749
21322.00000 0.428019
21323.00000 0.433728
21324.00000 0.43876
21325.00000 0.443538
21326.00000 0.450144
21327.00000 0.456471
21328.00000 0.461607
21329.00000 0.465946
21330.00000 0.472161
21331.00000 0.478001
21332.00000 0.482994
21333.00000 0.487085
21334.00000 0.492362
21335.00000 0.498415
21336.00000 0.503163
21337.00000 0.507337
21338.00000 0.51173
21339.00000 0.517267
21340.00000 0.522356
21341.00000 0.526354
21342.00000 0.529526
21343.00000 0.53461
21344.00000 0.539468
21345.00000 0.543233
21346.00000 0.546474
21347.00000 0.550703
21348.00000 0.555011
21349.00000 0.558348
21350.00000 0.561748
21351.00000 0.564918
21352.00000 0.569242
21353.00000 0.572462
21354.00000 0.57561
21355.00000 0.5785
21356.00000 0.582293
21357.00000 0.585704
21358.00000 0.588409
21359.00000 0.590722
21360.00000 0.593376
21361.00000 0.596397
21362.00000 0.598579
21363.00000 0.600726
21364.00000 0.603106
21365.00000 0.60576
21366.00000 0.608586
21367.00000 0.610477
21368.00000 0.612051
21369.00000 0.61425
21370.00000 0.616077
21371.00000 0.617677
21372.00000 0.619496
21373.00000 0.620967
21374.00000 0.622527
21375.00000 0.624556
21376.00000 0.626019
21377.00000 0.627262
21378.00000 0.628602
21379.00000 0.629878
21380.00000 0.630918
21381.00000 0.631693
21382.00000 0.6329
21383.00000 0.633888
21384.00000 0.634866
21385.00000 0.635598
21386.00000 0.6363
21387.00000 0.63695
21388.00000 0.637699
21389.00000 0.638214
21390.00000 0.638599
21391.00000 0.639499
21392.00000 0.639733
21393.00000 0.64007
21394.00000 0.64037
21395.00000 0.641257
21396.00000 0.641319
21397.00000 0.641282
21398.00000 0.641444
21399.00000 0.641439
21400.00000 0.641765
21401.00000 0.64171
21402.00000 0.641873
21403.00000 0.641743
21404.00000 0.641698
21405.00000 0.641717
21406.00000 0.641396
21407.00000 0.641681
21408.00000 0.641015
21409.00000 0.640403
21410.00000 0.640601
21411.00000 0.640208
21412.00000 0.639422
21413.00000 0.638936
21414.00000 0.638783
21415.00000 0.638008
21416.00000 0.637379
21417.00000 0.636711
21418.00000 0.636126
21419.00000 0.635125
21420.00000 0.634349
21421.00000 0.633624
21422.00000 0.632224
21423.00000 0.631326
21424.00000 0.63072
21425.00000 0.629184
21426.00000 0.627995
21427.00000 0.626502
21428.00000 0.625732
21429.00000 0.623915
21430.00000 0.622492
21431.00000 0.621004
21432.00000 0.619422
21433.00000 0.617893
21434.00000 0.615417
21435.00000 0.613752
21436.00000 0.611901
21437.00000 0.610378
21438.00000 0.607725
21439.00000 0.60561
21440.00000 0.60379
21441.00000 0.601456
21442.00000 0.598929
21443.00000 0.595858
21444.00000 0.593358
21445.00000 0.591026
21446.00000 0.588724
21447.00000 0.585195
21448.00000 0.582366
21449.00000 0.579522
21450.00000 0.576467
21451.00000 0.572715
21452.00000 0.569439
21453.00000 0.566211
21454.00000 0.562828
21455.00000 0.5594
21456.00000 0.555004
21457.00000 0.551821
21458.00000 0.548121
21459.00000 0.544192
21460.00000 0.539059
21461.00000 0.535441
21462.00000 0.531421
21463.00000 0.527157
21464.00000 0.522428
21465.00000 0.517493
21466.00000 0.51384
21467.00000 0.509689
21468.00000 0.503909
21469.00000 0.49803
21470.00000 0.493737
21471.00000 0.489234
21472.00000 0.483976
21473.00000 0.477842
21474.00000 0.472655
21475.00000 0.46788
21476.00000 0.463464
21477.00000 0.456482
21478.00000 0.450387
21479.00000 0.445833
21480.00000 0.440262
21481.00000 0.434229
21482.00000 0.427261
21483.00000 0.421831
21484.00000 0.416437
21485.00000 0.410739
21486.00000 0.402448
21487.00000 0.397176
21488.00000 0.391885
21489.00000 0.385274
21490.00000 0.378599
21491.00000 0.372108
21492.00000 0.366841
21493.00000 0.36118
21494.00000 0.354
21495.00000 0.346458
21496.00000 0.341221
21497.00000 0.335138
21498.00000 0.329124
21499.00000 0.320937
21500.00000 0.315332
21501.00000 0.309496
21502.00000 0.303407
21503.00000 0.294928
21504.00000 0.287797
21505.00000 0.282904
21506.00000 0.27796
21507.00000 0.27036
21508.00000 0.2636
21509.00000 0.258669
21510.00000 0.253751
21511.00000 0.24698
21512.00000 0.239734
21513.00000 0.234477
21514.00000 0.22903
21515.00000 0.224064
21516.00000 0.216907
21517.00000 0.211086
21518.00000 0.206
21519.00000 0.20055
21520.00000 0.194697
21521.00000 0.188081
21522.00000 0.183383
21523.00000 0.178629
21524.00000 0.17355
21525.00000 0.166807
21526.00000 0.162303
21527.00000 0.15798
21528.00000 0.153321
21529.00000 0.147296
21530.00000 0.142495
21531.00000 0.13893
21532.00000 0.134834
21533.00000 0.130246
21534.00000 0.124956
21535.00000 0.121293
21536.00000 0.117563
21537.00000 0.113637
21538.00000 0.108341
21539.00000 0.105019
21540.00000 0.101816
21541.00000 0.098076
21542.00000 0.093401
21543.00000 0.089932
21544.00000 0.087218
21545.00000 0.084174
21546.00000 0.080266
21547.00000 0.077145
21548.00000 0.074602
21549.00000 0.072016
21550.00000 0.069259
21551.00000 0.065764
21552.00000 0.06354
21553.00000 0.061347
21554.00000 0.058566
21555.00000 0.05568
21556.00000 0.053651
21557.00000 0.051273
21558.00000 0.049271
21559.00000 0.046943
21560.00000 0.044829
21561.00000 0.04325
21562.00000 0.041591
21563.00000 0.039595
21564.00000 0.037588
21565.00000 0.036179
21566.00000 0.034708
21567.00000 0.033378
21568.00000 0.031594
21569.00000 0.030373
21570.00000 0.029396
21571.00000 0.028025
21572.00000 0.026307
21573.00000 0.025153
21574.00000 0.024261
21575.00000 0.023272
21576.00000 0.022214
21577.00000 0.021143
21578.00000 0.02037
21579.00000 0.019622
21580.00000 0.018796
21581.00000 0.017808
21582.00000 0.017009
21583.00000 0.016415
21584.00000 0.015792
21585.00000 0.015021
21586.00000 0.014349
21587.00000 0.013938
21588.00000 0.013415
21589.00000 0.012688
21590.00000 0.01202
21591.00000 0.011599
21592.00000 0.011279
21593.00000 0.010804
21594.00000 0.010367
21595.00000 0.009899
21596.00000 0.009655
21597.00000 0.009275
21598.00000 0.008792
21599.00000 0.008453
21600.00000 0.008066
21601.00000 0.007897
21602.00000 0.007594
21603.00000 0.007364
21604.00000 0.007031
21605.00000 0.006844
21606.00000 0.00654
21607.00000 0.006249
21608.00000 0.005965
21609.00000 0.005827
21610.00000 0.005616
21611.00000 0.00543
21612.00000 0.005162
21613.00000 0.00499
21614.00000 0.004863
21615.00000 0.004672
21616.00000 0.00451
21617.00000 0.004359
21618.00000 0.004226
21619.00000 0.004135
21620.00000 0.003913
21621.00000 0.003764
21622.00000 0.003852
21623.00000 0.003619
21624.00000 0.003413
21625.00000 0.003327
21626.00000 0.003204
21627.00000 0.003102
21628.00000 0.003145
21629.00000 0.002867
21630.00000 0.002834
21631.00000 0.00279
21632.00000 0.002633
21633.00000 0.002533
21634.00000 0.002499
21635.00000 0.002341
21636.00000 0.002321
21637.00000 0.002393
21638.00000 0.002207
21639.00000 0.002183
21640.00000 0.002127
21641.00000 0.001918
21642.00000 0.001903
21643.00000 0.001913
21644.00000 0.001936
21645.00000 0.001811
21646.00000 0.001691
21647.00000 0.001644
21648.00000 0.00166
21649.00000 0.001624
21650.00000 0.001557
21651.00000 0.001533
21652.00000 0.001493
21653.00000 0.001413
21654.00000 0.001421
21655.00000 0.001346
21656.00000 0.001272
21657.00000 0.001335
21658.00000 0.001236
21659.00000 0.001192
21660.00000 0.001159
21661.00000 0.001195
21662.00000 0.001054
21663.00000 0.001087
21664.00000 0.001153
21665.00000 0.00098
21666.00000 0.000819
21667.00000 0.001024
21668.00000 0.000891
21669.00000 0.000898
21670.00000 0.000857
21671.00000 0.000868
21672.00000 0.000778
21673.00000 0.00078
21674.00000 0.000787
21675.00000 0.000885
21676.00000 0.000733
21677.00000 0.000789
21678.00000 0.000733
21679.00000 0.000761
21680.00000 0.000614
21681.00000 0.000614
21682.00000 0.000677
21683.00000 0.000638
21684.00000 0.000551
21685.00000 0.000614
21686.00000 0.000582
21687.00000 0.000586
21688.00000 0.000542
21689.00000 0.000499
21690.00000 0.000555
21691.00000 0.000594
21692.00000 0.000551
21693.00000 0.000475
21694.00000 0.00042
21695.00000 0.000535
21696.00000 0.000499
21697.00000 0.000372
21698.00000 0.000459
21699.00000 0.000495
21700.00000 0.000364
23870.00000 0.0
