threeML/data/optical_filters/TCS/CAIN3-H22_b.ecsv
# %ECSV 0.9
# ---
# datatype:
# - {name: wavelength, unit: Angstrom, datatype: float32}
# - {name: response, datatype: float32}
# meta: !!omap
# - {band_name: H22_b}
# - {group_name: CAIN3}
wavelength response
20122.19922 0.0
22358.00000 0.004082
22359.00000 0.00426
22360.00000 0.004333
22361.00000 0.004525
22362.00000 0.004766
22363.00000 0.004743
22364.00000 0.004995
22365.00000 0.005174
22366.00000 0.005402
22367.00000 0.005631
22368.00000 0.005771
22369.00000 0.005911
22370.00000 0.006218
22371.00000 0.006443
22372.00000 0.006656
22373.00000 0.006931
22374.00000 0.007106
22375.00000 0.00748
22376.00000 0.007812
22377.00000 0.00798
22378.00000 0.008395
22379.00000 0.008715
22380.00000 0.008903
22381.00000 0.009222
22382.00000 0.009559
22383.00000 0.010092
22384.00000 0.010365
22385.00000 0.010663
22386.00000 0.01134
22387.00000 0.011848
22388.00000 0.011873
22389.00000 0.012491
22390.00000 0.013072
22391.00000 0.013603
22392.00000 0.01433
22393.00000 0.014681
22394.00000 0.014771
22395.00000 0.015718
22396.00000 0.01686
22397.00000 0.016376
22398.00000 0.017645
22399.00000 0.018291
22400.00000 0.019161
22401.00000 0.020014
22402.00000 0.020577
22403.00000 0.021017
22404.00000 0.021957
22405.00000 0.023035
22406.00000 0.023737
22407.00000 0.024418
22408.00000 0.025406
22409.00000 0.026598
22410.00000 0.02755
22411.00000 0.02825
22412.00000 0.029202
22413.00000 0.030497
22414.00000 0.031551
22415.00000 0.032408
22416.00000 0.033243
22417.00000 0.034546
22418.00000 0.036051
22419.00000 0.037432
22420.00000 0.038415
22421.00000 0.039782
22422.00000 0.041186
22423.00000 0.042399
22424.00000 0.043595
22425.00000 0.044873
22426.00000 0.046549
22427.00000 0.047913
22428.00000 0.049161
22429.00000 0.050841
22430.00000 0.05255
22431.00000 0.054357
22432.00000 0.0556
22433.00000 0.056927
22434.00000 0.058908
22435.00000 0.060804
22436.00000 0.062359
22437.00000 0.064289
22438.00000 0.065833
22439.00000 0.068247
22440.00000 0.069615
22441.00000 0.071484
22442.00000 0.073052
22443.00000 0.075624
22444.00000 0.078083
22445.00000 0.079627
22446.00000 0.080636
22447.00000 0.084595
22448.00000 0.085719
22449.00000 0.087092
22450.00000 0.089725
22451.00000 0.091637
22452.00000 0.094805
22453.00000 0.097046
22454.00000 0.099445
22455.00000 0.102355
22456.00000 0.102778
22457.00000 0.106194
22458.00000 0.108992
22459.00000 0.111267
22460.00000 0.1135
22461.00000 0.116145
22462.00000 0.118283
22463.00000 0.121133
22464.00000 0.123363
22465.00000 0.126633
22466.00000 0.12902
22467.00000 0.131482
22468.00000 0.134278
22469.00000 0.137539
22470.00000 0.141094
22471.00000 0.143284
22472.00000 0.146037
22473.00000 0.14934
22474.00000 0.152595
22475.00000 0.155199
22476.00000 0.157656
22477.00000 0.160859
22478.00000 0.164355
22479.00000 0.167682
22480.00000 0.170462
22481.00000 0.173292
22482.00000 0.176755
22483.00000 0.179865
22484.00000 0.182525
22485.00000 0.185538
22486.00000 0.189822
22487.00000 0.193495
22488.00000 0.196681
22489.00000 0.199563
22490.00000 0.203579
22491.00000 0.207295
22492.00000 0.210818
22493.00000 0.2136
22494.00000 0.216033
22495.00000 0.220757
22496.00000 0.224718
22497.00000 0.227748
22498.00000 0.230057
22499.00000 0.23459
22500.00000 0.238723
22501.00000 0.242122
22502.00000 0.244863
22503.00000 0.249023
22504.00000 0.25367
22505.00000 0.257383
22506.00000 0.261122
22507.00000 0.264221
22508.00000 0.269189
22509.00000 0.272796
22510.00000 0.276236
22511.00000 0.279089
22512.00000 0.284058
22513.00000 0.288489
22514.00000 0.291885
22515.00000 0.294975
22516.00000 0.298258
22517.00000 0.303576
22518.00000 0.306931
22519.00000 0.31024
22520.00000 0.313888
22521.00000 0.319016
22522.00000 0.322556
22523.00000 0.325944
22524.00000 0.329834
22525.00000 0.33427
22526.00000 0.339015
22527.00000 0.342083
22528.00000 0.346448
22529.00000 0.349035
22530.00000 0.355159
22531.00000 0.358914
22532.00000 0.361359
22533.00000 0.364453
22534.00000 0.369534
22535.00000 0.373814
22536.00000 0.376505
22537.00000 0.380316
22538.00000 0.384417
22539.00000 0.389166
22540.00000 0.392033
22541.00000 0.395714
22542.00000 0.399715
22543.00000 0.404004
22544.00000 0.407176
22545.00000 0.410149
22546.00000 0.414465
22547.00000 0.418575
22548.00000 0.422668
22549.00000 0.425144
22550.00000 0.428806
22551.00000 0.43234
22552.00000 0.436656
22553.00000 0.439452
22554.00000 0.442337
22555.00000 0.446755
22556.00000 0.450434
22557.00000 0.454146
22558.00000 0.458052
22559.00000 0.460832
22560.00000 0.464508
22561.00000 0.467814
22562.00000 0.469199
22563.00000 0.475228
22564.00000 0.475895
22565.00000 0.480564
22566.00000 0.485711
22567.00000 0.487211
22568.00000 0.490486
22569.00000 0.493927
22570.00000 0.497231
22571.00000 0.499781
22572.00000 0.502169
22573.00000 0.505413
22574.00000 0.508514
22575.00000 0.512214
22576.00000 0.515575
22577.00000 0.518964
22578.00000 0.520835
22579.00000 0.523933
22580.00000 0.525166
22581.00000 0.529318
22582.00000 0.531828
22583.00000 0.534452
22584.00000 0.536878
22585.00000 0.539131
22586.00000 0.542898
22587.00000 0.545356
22588.00000 0.546768
22589.00000 0.548275
22590.00000 0.551756
22591.00000 0.55375
22592.00000 0.556609
22593.00000 0.558754
22594.00000 0.559734
22595.00000 0.562711
22596.00000 0.564103
22597.00000 0.566126
22598.00000 0.567556
22599.00000 0.570665
22600.00000 0.57188
22601.00000 0.573614
22602.00000 0.575352
22603.00000 0.577976
22604.00000 0.578961
22605.00000 0.579524
22606.00000 0.581373
22607.00000 0.582383
22608.00000 0.584596
22609.00000 0.585486
22610.00000 0.587057
22611.00000 0.588406
22612.00000 0.589691
22613.00000 0.58803
22614.00000 0.593428
22615.00000 0.592561
22616.00000 0.591555
22617.00000 0.592216
22618.00000 0.596297
22619.00000 0.596433
22620.00000 0.595641
22621.00000 0.596667
22622.00000 0.59707
22623.00000 0.597359
22624.00000 0.598466
22625.00000 0.598338
22626.00000 0.599288
22627.00000 0.598543
22628.00000 0.599801
22629.00000 0.599919
22630.00000 0.599061
22631.00000 0.599131
22632.00000 0.599346
22633.00000 0.599462
22634.00000 0.599005
22635.00000 0.599087
22636.00000 0.597911
22637.00000 0.596371
22638.00000 0.596111
22639.00000 0.598946
22640.00000 0.592964
22641.00000 0.595457
22642.00000 0.596631
22643.00000 0.595013
22644.00000 0.592773
22645.00000 0.591428
22646.00000 0.591046
22647.00000 0.591204
22648.00000 0.591069
22649.00000 0.58924
22650.00000 0.587958
22651.00000 0.586135
22652.00000 0.58544
22653.00000 0.584123
22654.00000 0.582326
22655.00000 0.580822
22656.00000 0.578986
22657.00000 0.578816
22658.00000 0.577123
22659.00000 0.575141
22660.00000 0.570221
22661.00000 0.571299
22662.00000 0.570816
22663.00000 0.56837
22664.00000 0.565462
22665.00000 0.563646
22666.00000 0.562253
22667.00000 0.559514
22668.00000 0.558335
22669.00000 0.555646
22670.00000 0.554269
22671.00000 0.551854
22672.00000 0.549117
22673.00000 0.546732
22674.00000 0.544328
22675.00000 0.542826
22676.00000 0.539239
22677.00000 0.536412
22678.00000 0.533724
22679.00000 0.532043
22680.00000 0.52877
22681.00000 0.525385
22682.00000 0.52245
22683.00000 0.520136
22684.00000 0.518768
22685.00000 0.514459
22686.00000 0.510974
22687.00000 0.506888
22688.00000 0.506792
22689.00000 0.501421
22690.00000 0.497572
22691.00000 0.49648
22692.00000 0.494023
22693.00000 0.489643
22694.00000 0.485069
22695.00000 0.483912
22696.00000 0.478285
22697.00000 0.47614
22698.00000 0.471964
22699.00000 0.468582
22700.00000 0.465679
22701.00000 0.462679
22702.00000 0.456364
22703.00000 0.453998
22704.00000 0.451682
22705.00000 0.447733
22706.00000 0.443067
22707.00000 0.437067
22708.00000 0.43637
22709.00000 0.432673
22710.00000 0.429605
22711.00000 0.424121
22712.00000 0.420501
22713.00000 0.416955
22714.00000 0.413234
22715.00000 0.408399
22716.00000 0.403358
22717.00000 0.4004
22718.00000 0.397664
22719.00000 0.393643
22720.00000 0.388099
22721.00000 0.384604
22722.00000 0.380627
22723.00000 0.376693
22724.00000 0.372564
22725.00000 0.368306
22726.00000 0.365181
22727.00000 0.361303
22728.00000 0.356021
22729.00000 0.351252
22730.00000 0.347679
22731.00000 0.344472
22732.00000 0.339244
22733.00000 0.334998
22734.00000 0.331225
22735.00000 0.328364
22736.00000 0.323843
22737.00000 0.318418
22738.00000 0.314525
22739.00000 0.311407
22740.00000 0.307491
22741.00000 0.30288
22742.00000 0.298499
22743.00000 0.29501
22744.00000 0.29148
22745.00000 0.286843
22746.00000 0.282012
22747.00000 0.278483
22748.00000 0.275319
22749.00000 0.27158
22750.00000 0.266852
22751.00000 0.263087
22752.00000 0.259915
22753.00000 0.256385
22754.00000 0.251429
22755.00000 0.247716
22756.00000 0.244683
22757.00000 0.241304
22758.00000 0.23701
22759.00000 0.232757
22760.00000 0.229593
22761.00000 0.226765
22762.00000 0.222403
22763.00000 0.218079
22764.00000 0.214948
22765.00000 0.211962
22766.00000 0.208856
22767.00000 0.203476
22768.00000 0.201427
22769.00000 0.197751
22770.00000 0.194727
22771.00000 0.190233
22772.00000 0.186471
22773.00000 0.184886
22774.00000 0.181456
22775.00000 0.178295
22776.00000 0.173615
22777.00000 0.170876
22778.00000 0.168185
22779.00000 0.165253
22780.00000 0.161047
22781.00000 0.158269
22782.00000 0.155102
22783.00000 0.152437
22784.00000 0.1488
22785.00000 0.145683
22786.00000 0.143561
22787.00000 0.141229
22788.00000 0.137009
22789.00000 0.133374
22790.00000 0.131733
22791.00000 0.130124
22792.00000 0.126116
22793.00000 0.122916
22794.00000 0.120285
22795.00000 0.117786
22796.00000 0.116078
22797.00000 0.112674
22798.00000 0.109254
22799.00000 0.107369
22800.00000 0.10523
22801.00000 0.102096
22802.00000 0.09949
22803.00000 0.098479
22804.00000 0.095335
22805.00000 0.092899
22806.00000 0.089914
22807.00000 0.087659
22808.00000 0.085698
22809.00000 0.083533
22810.00000 0.081061
22811.00000 0.079119
22812.00000 0.07663
22813.00000 0.074914
22814.00000 0.073054
22815.00000 0.071201
22816.00000 0.068259
22817.00000 0.066513
22818.00000 0.064442
22819.00000 0.062049
22820.00000 0.060943
22821.00000 0.058538
22822.00000 0.058701
22823.00000 0.054639
22824.00000 0.05304
22825.00000 0.051345
22826.00000 0.049854
22827.00000 0.048035
22828.00000 0.046569
22829.00000 0.046189
22830.00000 0.043191
22831.00000 0.041726
22832.00000 0.039947
22833.00000 0.03872
22834.00000 0.03783
22835.00000 0.036478
22836.00000 0.034917
22837.00000 0.033232
22838.00000 0.032275
22839.00000 0.031132
22840.00000 0.029914
22841.00000 0.028348
22842.00000 0.027303
22843.00000 0.026413
22844.00000 0.026033
22845.00000 0.024606
22846.00000 0.02317
22847.00000 0.022176
22848.00000 0.021348
22849.00000 0.020247
22850.00000 0.019546
22851.00000 0.019217
22852.00000 0.017966
22853.00000 0.017088
22854.00000 0.016305
22855.00000 0.015923
22856.00000 0.015169
22857.00000 0.014478
22858.00000 0.013851
22859.00000 0.013553
22860.00000 0.013055
22861.00000 0.012061
22862.00000 0.011543
22863.00000 0.011221
22864.00000 0.010961
22865.00000 0.010336
22866.00000 0.009907
22867.00000 0.009695
22868.00000 0.009125
22869.00000 0.008645
22870.00000 0.008229
22871.00000 0.00795
22872.00000 0.007646
22873.00000 0.007465
22874.00000 0.007134
22875.00000 0.00674
22876.00000 0.00649
22877.00000 0.006349
22878.00000 0.00611
22879.00000 0.005799
22880.00000 0.005462
22881.00000 0.005333
22882.00000 0.005158
22883.00000 0.005026
22884.00000 0.004797
22885.00000 0.004626
22886.00000 0.004433
22887.00000 0.004254
22888.00000 0.004117
25176.80078 0.0
