threeML/data/optical_filters/TCS/CAIN3-Kcont_c.ecsv
# %ECSV 0.9
# ---
# datatype:
# - {name: wavelength, unit: Angstrom, datatype: float32}
# - {name: response, datatype: float32}
# meta: !!omap
# - {band_name: Kcont_c}
# - {group_name: CAIN3}
wavelength response
19977.30078 0.0
22197.00000 0.004044
22198.00000 0.004031
22199.00000 0.004098
22200.00000 0.004098
22201.00000 0.004168
22202.00000 0.004231
22203.00000 0.004256
22204.00000 0.004334
22205.00000 0.004382
22206.00000 0.004449
22207.00000 0.004483
22208.00000 0.004539
22209.00000 0.004595
22210.00000 0.004651
22211.00000 0.004737
22212.00000 0.004756
22213.00000 0.004801
22214.00000 0.004901
22215.00000 0.004957
22216.00000 0.005002
22217.00000 0.005083
22218.00000 0.005097
22219.00000 0.005207
22220.00000 0.005257
22221.00000 0.005316
22222.00000 0.005399
22223.00000 0.005456
22224.00000 0.005546
22225.00000 0.005572
22226.00000 0.005613
22227.00000 0.00572
22228.00000 0.005832
22229.00000 0.005879
22230.00000 0.005927
22231.00000 0.006015
22232.00000 0.006124
22233.00000 0.006165
22234.00000 0.006254
22235.00000 0.00631
22236.00000 0.006407
22237.00000 0.006527
22238.00000 0.006545
22239.00000 0.006652
22240.00000 0.006717
22241.00000 0.006903
22242.00000 0.006908
22243.00000 0.006996
22244.00000 0.007099
22245.00000 0.007183
22246.00000 0.007306
22247.00000 0.007364
22248.00000 0.007482
22249.00000 0.007602
22250.00000 0.007696
22251.00000 0.007774
22252.00000 0.007854
22253.00000 0.007977
22254.00000 0.008108
22255.00000 0.008238
22256.00000 0.008274
22257.00000 0.008384
22258.00000 0.008573
22259.00000 0.008655
22260.00000 0.008735
22261.00000 0.008882
22262.00000 0.009018
22263.00000 0.009133
22264.00000 0.009256
22265.00000 0.009352
22266.00000 0.009523
22267.00000 0.009614
22268.00000 0.009793
22269.00000 0.009908
22270.00000 0.009994
22271.00000 0.010212
22272.00000 0.010324
22273.00000 0.010445
22274.00000 0.010591
22275.00000 0.010766
22276.00000 0.01089
22277.00000 0.011057
22278.00000 0.011159
22279.00000 0.011361
22280.00000 0.011527
22281.00000 0.011723
22282.00000 0.011866
22283.00000 0.012043
22284.00000 0.012211
22285.00000 0.012354
22286.00000 0.01251
22287.00000 0.012631
22288.00000 0.012943
22289.00000 0.013051
22290.00000 0.013266
22291.00000 0.013428
22292.00000 0.013653
22293.00000 0.013892
22294.00000 0.014032
22295.00000 0.014148
22296.00000 0.014412
22297.00000 0.01471
22298.00000 0.014881
22299.00000 0.01504
22300.00000 0.015315
22301.00000 0.01564
22302.00000 0.015784
22303.00000 0.016005
22304.00000 0.016196
22305.00000 0.016497
22306.00000 0.016742
22307.00000 0.016911
22308.00000 0.017159
22309.00000 0.017446
22310.00000 0.017715
22311.00000 0.017989
22312.00000 0.01827
22313.00000 0.01845
22314.00000 0.01882
22315.00000 0.01909
22316.00000 0.019304
22317.00000 0.019662
22318.00000 0.019999
22319.00000 0.020299
22320.00000 0.020521
22321.00000 0.020827
22322.00000 0.021152
22323.00000 0.021569
22324.00000 0.021835
22325.00000 0.022134
22326.00000 0.022444
22327.00000 0.022901
22328.00000 0.023216
22329.00000 0.02347
22330.00000 0.023784
22331.00000 0.024299
22332.00000 0.024757
22333.00000 0.02494
22334.00000 0.025331
22335.00000 0.025756
22336.00000 0.02623
22337.00000 0.026561
22338.00000 0.026892
22339.00000 0.027265
22340.00000 0.027929
22341.00000 0.028333
22342.00000 0.028572
22343.00000 0.029018
22344.00000 0.029605
22345.00000 0.030042
22346.00000 0.030369
22347.00000 0.030789
22348.00000 0.031487
22349.00000 0.032013
22350.00000 0.032447
22351.00000 0.032804
22352.00000 0.033327
22353.00000 0.033974
22354.00000 0.03437
22355.00000 0.034821
22356.00000 0.03533
22357.00000 0.036098
22358.00000 0.036607
22359.00000 0.037031
22360.00000 0.037577
22361.00000 0.03829
22362.00000 0.03894
22363.00000 0.039477
22364.00000 0.039921
22365.00000 0.040466
22366.00000 0.04145
22367.00000 0.041954
22368.00000 0.042455
22369.00000 0.04301
22370.00000 0.043982
22371.00000 0.044532
22372.00000 0.045064
22373.00000 0.045664
22374.00000 0.046627
22375.00000 0.047322
22376.00000 0.04787
22377.00000 0.048531
22378.00000 0.04933
22379.00000 0.050302
22380.00000 0.050848
22381.00000 0.051497
22382.00000 0.052291
22383.00000 0.053398
22384.00000 0.054209
22385.00000 0.054791
22386.00000 0.055598
22387.00000 0.056693
22388.00000 0.057497
22389.00000 0.058117
22390.00000 0.058946
22391.00000 0.059882
22392.00000 0.060981
22393.00000 0.061625
22394.00000 0.062349
22395.00000 0.063364
22396.00000 0.064552
22397.00000 0.065473
22398.00000 0.066184
22399.00000 0.067149
22400.00000 0.06848
22401.00000 0.069536
22402.00000 0.070302
22403.00000 0.071253
22404.00000 0.072507
22405.00000 0.073711
22406.00000 0.07453
22407.00000 0.075367
22408.00000 0.076618
22409.00000 0.077955
22410.00000 0.078975
22411.00000 0.079907
22412.00000 0.081034
22413.00000 0.082531
22414.00000 0.083596
22415.00000 0.084513
22416.00000 0.085706
22417.00000 0.087083
22418.00000 0.088535
22419.00000 0.089592
22420.00000 0.090639
22421.00000 0.092073
22422.00000 0.09362
22423.00000 0.094611
22424.00000 0.095928
22425.00000 0.097125
22426.00000 0.098798
22427.00000 0.10017
22428.00000 0.101409
22429.00000 0.102491
22430.00000 0.104289
22431.00000 0.105877
22432.00000 0.107018
22433.00000 0.108249
22434.00000 0.109961
22435.00000 0.111726
22436.00000 0.113053
22437.00000 0.114449
22438.00000 0.115939
22439.00000 0.117983
22440.00000 0.119171
22441.00000 0.120583
22442.00000 0.122015
22443.00000 0.123971
22444.00000 0.125862
22445.00000 0.127148
22446.00000 0.128577
22447.00000 0.130561
22448.00000 0.132671
22449.00000 0.133942
22450.00000 0.135499
22451.00000 0.136988
22452.00000 0.139527
22453.00000 0.14131
22454.00000 0.142944
22455.00000 0.14452
22456.00000 0.146692
22457.00000 0.148563
22458.00000 0.150128
22459.00000 0.151693
22460.00000 0.153885
22461.00000 0.156132
22462.00000 0.157765
22463.00000 0.159581
22464.00000 0.161409
22465.00000 0.163901
22466.00000 0.165567
22467.00000 0.167613
22468.00000 0.169573
22469.00000 0.171836
22470.00000 0.17449
22471.00000 0.176135
22472.00000 0.17797
22473.00000 0.180248
22474.00000 0.182975
22475.00000 0.184677
22476.00000 0.186418
22477.00000 0.188425
22478.00000 0.191066
22479.00000 0.193295
22480.00000 0.195316
22481.00000 0.197252
22482.00000 0.199823
22483.00000 0.202028
22484.00000 0.204031
22485.00000 0.206378
22486.00000 0.209072
22487.00000 0.211724
22488.00000 0.213961
22489.00000 0.215857
22490.00000 0.218382
22491.00000 0.221409
22492.00000 0.223705
22493.00000 0.225354
22494.00000 0.227686
22495.00000 0.230774
22496.00000 0.233203
22497.00000 0.235382
22498.00000 0.237473
22499.00000 0.240594
22500.00000 0.243242
22501.00000 0.245744
22502.00000 0.247606
22503.00000 0.250328
22504.00000 0.253841
22505.00000 0.256156
22506.00000 0.258749
22507.00000 0.261233
22508.00000 0.264709
22509.00000 0.267132
22510.00000 0.269363
22511.00000 0.27141
22512.00000 0.275033
22513.00000 0.278074
22514.00000 0.280344
22515.00000 0.282763
22516.00000 0.285246
22517.00000 0.288736
22518.00000 0.291052
22519.00000 0.293537
22520.00000 0.295838
22521.00000 0.299744
22522.00000 0.302374
22523.00000 0.305128
22524.00000 0.307645
22525.00000 0.31095
22526.00000 0.314132
22527.00000 0.316545
22528.00000 0.319652
22529.00000 0.322692
22530.00000 0.32614
22531.00000 0.328559
22532.00000 0.331095
22533.00000 0.333404
22534.00000 0.33727
22535.00000 0.340368
22536.00000 0.342495
22537.00000 0.345624
22538.00000 0.349253
22539.00000 0.352869
22540.00000 0.355196
22541.00000 0.357966
22542.00000 0.361325
22543.00000 0.365115
22544.00000 0.36787
22545.00000 0.37042
22546.00000 0.373765
22547.00000 0.377238
22548.00000 0.380471
22549.00000 0.382832
22550.00000 0.385773
22551.00000 0.389488
22552.00000 0.393188
22553.00000 0.395739
22554.00000 0.398912
22555.00000 0.402636
22556.00000 0.406304
22557.00000 0.409548
22558.00000 0.411745
22559.00000 0.414954
22560.00000 0.418913
22561.00000 0.422415
22562.00000 0.424861
22563.00000 0.427966
22564.00000 0.431678
22565.00000 0.435436
22566.00000 0.438296
22567.00000 0.440679
22568.00000 0.445062
22569.00000 0.448393
22570.00000 0.451486
22571.00000 0.453766
22572.00000 0.457187
22573.00000 0.461331
22574.00000 0.464801
22575.00000 0.467966
22576.00000 0.470652
22577.00000 0.474716
22578.00000 0.478249
22579.00000 0.481519
22580.00000 0.484105
22581.00000 0.488144
22582.00000 0.491626
22583.00000 0.494642
22584.00000 0.496944
22585.00000 0.500476
22586.00000 0.504375
22587.00000 0.507693
22588.00000 0.510377
22589.00000 0.512905
22590.00000 0.517723
22591.00000 0.520547
22592.00000 0.523876
22593.00000 0.526587
22594.00000 0.530437
22595.00000 0.533979
22596.00000 0.536999
22597.00000 0.54017
22598.00000 0.543234
22599.00000 0.547596
22600.00000 0.549745
22601.00000 0.552978
22602.00000 0.555207
22603.00000 0.55913
22604.00000 0.562581
22605.00000 0.565184
22606.00000 0.568093
22607.00000 0.571984
22608.00000 0.575906
22609.00000 0.578419
22610.00000 0.581848
22611.00000 0.584597
22612.00000 0.588553
22613.00000 0.591121
22614.00000 0.59385
22615.00000 0.596919
22616.00000 0.600555
22617.00000 0.604094
22618.00000 0.606231
22619.00000 0.609286
22620.00000 0.612107
22621.00000 0.61585
22622.00000 0.618218
22623.00000 0.621241
22624.00000 0.624004
22625.00000 0.62767
22626.00000 0.630235
22627.00000 0.632868
22628.00000 0.635728
22629.00000 0.638943
22630.00000 0.642565
22631.00000 0.644058
22632.00000 0.647512
22633.00000 0.650267
22634.00000 0.653961
22635.00000 0.65625
22636.00000 0.658699
22637.00000 0.661361
22638.00000 0.664544
22639.00000 0.667464
22640.00000 0.668985
22641.00000 0.672686
22642.00000 0.674808
22643.00000 0.678055
22644.00000 0.680171
22645.00000 0.682562
22646.00000 0.685676
22647.00000 0.688446
22648.00000 0.691039
22649.00000 0.692957
22650.00000 0.696198
22651.00000 0.698483
22652.00000 0.701093
22653.00000 0.702491
22654.00000 0.705533
22655.00000 0.708119
22656.00000 0.71034
22657.00000 0.712684
22658.00000 0.714116
22659.00000 0.717816
22660.00000 0.719625
22661.00000 0.72187
22662.00000 0.723315
22663.00000 0.726585
22664.00000 0.728801
22665.00000 0.731017
22666.00000 0.732451
22667.00000 0.734639
22668.00000 0.737677
22669.00000 0.739362
22670.00000 0.741697
22671.00000 0.742598
22672.00000 0.745945
22673.00000 0.747231
22674.00000 0.749516
22675.00000 0.750745
22676.00000 0.753123
22677.00000 0.756283
22678.00000 0.756889
22679.00000 0.758919
22680.00000 0.760297
22681.00000 0.763584
22682.00000 0.764321
22683.00000 0.766539
22684.00000 0.767194
22685.00000 0.769884
22686.00000 0.77174
22687.00000 0.773198
22688.00000 0.775017
22689.00000 0.776007
22690.00000 0.778909
22691.00000 0.77917
22692.00000 0.781576
22693.00000 0.782137
22694.00000 0.784647
22695.00000 0.786074
22696.00000 0.787098
22697.00000 0.788943
22698.00000 0.790438
22699.00000 0.792367
22700.00000 0.792839
22701.00000 0.794832
22702.00000 0.795288
22703.00000 0.797774
22704.00000 0.798711
22705.00000 0.800082
22706.00000 0.801268
22707.00000 0.802416
22708.00000 0.803823
22709.00000 0.804522
22710.00000 0.806291
22711.00000 0.807251
22712.00000 0.808709
22713.00000 0.809317
22714.00000 0.810441
22715.00000 0.81125
22716.00000 0.812651
22717.00000 0.814108
22718.00000 0.814547
22719.00000 0.81614
22720.00000 0.816376
22721.00000 0.818309
22722.00000 0.818349
22723.00000 0.819676
22724.00000 0.820329
22725.00000 0.821461
22726.00000 0.822199
22727.00000 0.82289
22728.00000 0.824514
22729.00000 0.824969
22730.00000 0.826376
22731.00000 0.825683
22732.00000 0.827503
22733.00000 0.827355
22734.00000 0.828931
22735.00000 0.829468
22736.00000 0.830165
22737.00000 0.831302
22738.00000 0.831062
22739.00000 0.832643
22740.00000 0.832268
22741.00000 0.833832
22742.00000 0.833368
22743.00000 0.835095
22744.00000 0.834853
22745.00000 0.836072
22746.00000 0.836456
22747.00000 0.836731
22748.00000 0.837652
22749.00000 0.837514
22750.00000 0.838875
22751.00000 0.838177
22752.00000 0.839681
22753.00000 0.839047
22754.00000 0.840354
22755.00000 0.840478
22756.00000 0.84105
22757.00000 0.84182
22758.00000 0.841761
22759.00000 0.842965
22760.00000 0.841979
22761.00000 0.843225
22762.00000 0.842667
22763.00000 0.843643
22764.00000 0.843507
22765.00000 0.844109
22766.00000 0.844393
22767.00000 0.844536
22768.00000 0.845453
22769.00000 0.84519
22770.00000 0.846029
22771.00000 0.84527
22772.00000 0.846882
22773.00000 0.845601
22774.00000 0.846938
22775.00000 0.846686
22776.00000 0.846866
22777.00000 0.847842
22778.00000 0.847084
22779.00000 0.84819
22780.00000 0.847154
22781.00000 0.848557
22782.00000 0.847882
22783.00000 0.848699
22784.00000 0.84809
22785.00000 0.848721
22786.00000 0.849039
22787.00000 0.848933
22788.00000 0.849575
22789.00000 0.849202
22790.00000 0.849547
22791.00000 0.84863
22792.00000 0.849859
22793.00000 0.848999
22794.00000 0.850281
22795.00000 0.849496
22796.00000 0.849936
22797.00000 0.850224
22798.00000 0.8495
22799.00000 0.850906
22800.00000 0.849464
22801.00000 0.850681
22802.00000 0.84965
22803.00000 0.850537
22804.00000 0.849873
22805.00000 0.850253
22806.00000 0.850183
22807.00000 0.8499
22808.00000 0.850771
22809.00000 0.849441
22810.00000 0.850952
22811.00000 0.849697
22812.00000 0.850289
22813.00000 0.849748
22814.00000 0.850213
22815.00000 0.849491
22816.00000 0.849864
22817.00000 0.850073
22818.00000 0.849425
22819.00000 0.850089
22820.00000 0.849185
22821.00000 0.849839
22822.00000 0.848972
22823.00000 0.849234
22824.00000 0.848942
22825.00000 0.84904
22826.00000 0.848869
22827.00000 0.848627
22828.00000 0.848634
22829.00000 0.847925
22830.00000 0.848837
22831.00000 0.847281
22832.00000 0.848424
22833.00000 0.847049
22834.00000 0.847577
22835.00000 0.84716
22836.00000 0.846871
22837.00000 0.847062
22838.00000 0.846291
22839.00000 0.846969
22840.00000 0.845456
22841.00000 0.846167
22842.00000 0.844825
22843.00000 0.845636
22844.00000 0.844536
22845.00000 0.844759
22846.00000 0.844314
22847.00000 0.843814
22848.00000 0.843952
22849.00000 0.842954
22850.00000 0.843581
22851.00000 0.842142
22852.00000 0.842721
22853.00000 0.841359
22854.00000 0.841472
22855.00000 0.84077
22856.00000 0.840965
22857.00000 0.840488
22858.00000 0.839238
22859.00000 0.84007
22860.00000 0.838241
22861.00000 0.838931
22862.00000 0.837158
22863.00000 0.837594
22864.00000 0.83685
22865.00000 0.83605
22866.00000 0.835613
22867.00000 0.834638
22868.00000 0.834822
22869.00000 0.833561
22870.00000 0.834138
22871.00000 0.832017
22872.00000 0.832041
22873.00000 0.830954
22874.00000 0.831006
22875.00000 0.829935
22876.00000 0.829309
22877.00000 0.82905
22878.00000 0.827993
22879.00000 0.82771
22880.00000 0.826015
22881.00000 0.826221
22882.00000 0.824704
22883.00000 0.824543
22884.00000 0.823376
22885.00000 0.822432
22886.00000 0.822172
22887.00000 0.821123
22888.00000 0.820453
22889.00000 0.81897
22890.00000 0.818719
22891.00000 0.817489
22892.00000 0.816923
22893.00000 0.815155
22894.00000 0.814716
22895.00000 0.814389
22896.00000 0.812749
22897.00000 0.812551
22898.00000 0.810285
22899.00000 0.810644
22900.00000 0.808441
22901.00000 0.808008
22902.00000 0.806223
22903.00000 0.805824
22904.00000 0.804521
22905.00000 0.803325
22906.00000 0.802421
22907.00000 0.800467
22908.00000 0.800639
22909.00000 0.798426
22910.00000 0.797718
22911.00000 0.795541
22912.00000 0.795431
22913.00000 0.7938
22914.00000 0.7925
22915.00000 0.791426
22916.00000 0.789475
22917.00000 0.78938
22918.00000 0.786681
22919.00000 0.786255
22920.00000 0.783959
22921.00000 0.783886
22922.00000 0.781109
22923.00000 0.780001
22924.00000 0.778701
22925.00000 0.77736
22926.00000 0.776496
22927.00000 0.773913
22928.00000 0.773243
22929.00000 0.770923
22930.00000 0.770029
22931.00000 0.767614
22932.00000 0.766842
22933.00000 0.765314
22934.00000 0.763282
22935.00000 0.762081
22936.00000 0.758746
22937.00000 0.758538
22938.00000 0.756291
22939.00000 0.75501
22940.00000 0.752113
22941.00000 0.751393
22942.00000 0.749331
22943.00000 0.74768
22944.00000 0.745855
22945.00000 0.743679
22946.00000 0.742595
22947.00000 0.740026
22948.00000 0.738483
22949.00000 0.73581
22950.00000 0.735397
22951.00000 0.732357
22952.00000 0.731236
22953.00000 0.72863
22954.00000 0.726928
22955.00000 0.725184
22956.00000 0.722702
22957.00000 0.720707
22958.00000 0.71841
22959.00000 0.71702
22960.00000 0.714164
22961.00000 0.712477
