threeML/data/optical_filters/TCS/CAIN3-Kcont_c.ecsv
# %ECSV 0.9
# ---
# datatype:
# - {name: wavelength, unit: Angstrom, datatype: float32}
# - {name: response, datatype: float32}
# meta: !!omap
# - {band_name: Kcont_c}
# - {group_name: CAIN3}
wavelength response
[from data line 767]
22963.00000 0.707986
22964.00000 0.706265
22965.00000 0.703619
22966.00000 0.701794
22967.00000 0.698975
22968.00000 0.697921
22969.00000 0.694577
22970.00000 0.692572
22971.00000 0.689736
22972.00000 0.688024
22973.00000 0.685597
22974.00000 0.682817
22975.00000 0.680888
22976.00000 0.678065
22977.00000 0.676863
22978.00000 0.673563
22979.00000 0.671231
22980.00000 0.668273
22981.00000 0.666763
22982.00000 0.663754
22983.00000 0.661246
22984.00000 0.65854
22985.00000 0.656255
22986.00000 0.654605
22987.00000 0.650802
22988.00000 0.648658
22989.00000 0.645696
22990.00000 0.64426
22991.00000 0.640719
22992.00000 0.63837
22993.00000 0.635983
22994.00000 0.633416
22995.00000 0.630859
22996.00000 0.627206
22997.00000 0.625532
22998.00000 0.622253
22999.00000 0.620594
23000.00000 0.616601
23001.00000 0.614499
23002.00000 0.61154
23003.00000 0.609227
23004.00000 0.606244
23005.00000 0.602459
23006.00000 0.600348
23007.00000 0.597584
23008.00000 0.595328
23009.00000 0.591452
23010.00000 0.589465
23011.00000 0.586258
23012.00000 0.583883
23013.00000 0.580427
23014.00000 0.577476
23015.00000 0.575137
23016.00000 0.572078
23017.00000 0.569432
23018.00000 0.565785
23019.00000 0.563469
23020.00000 0.560471
23021.00000 0.557888
23022.00000 0.554203
23023.00000 0.551508
23024.00000 0.548936
23025.00000 0.546053
23026.00000 0.542618
23027.00000 0.539195
23028.00000 0.5376
23029.00000 0.533999
23030.00000 0.531263
23031.00000 0.52774
23032.00000 0.525699
23033.00000 0.523246
23034.00000 0.519676
23035.00000 0.516649
23036.00000 0.513166
23037.00000 0.511137
23038.00000 0.507366
23039.00000 0.506002
23040.00000 0.499864
23041.00000 0.499087
23042.00000 0.497239
23043.00000 0.492747
23044.00000 0.488988
23045.00000 0.487521
23046.00000 0.485392
23047.00000 0.479961
23048.00000 0.47875
23049.00000 0.475125
23050.00000 0.472881
23051.00000 0.469176
23052.00000 0.466244
23053.00000 0.46298
23054.00000 0.460654
23055.00000 0.458795
23056.00000 0.454092
23057.00000 0.45133
23058.00000 0.447876
23059.00000 0.445886
23060.00000 0.441827
23061.00000 0.438777
23062.00000 0.435647
23063.00000 0.433802
23064.00000 0.430373
23065.00000 0.426045
23066.00000 0.423664
23067.00000 0.421113
23068.00000 0.41757
23069.00000 0.414085
23070.00000 0.411359
23071.00000 0.408263
23072.00000 0.406086
23073.00000 0.402436
23074.00000 0.39842
23075.00000 0.395798
23076.00000 0.392628
23077.00000 0.390388
23078.00000 0.386262
23079.00000 0.383544
23080.00000 0.380896
23081.00000 0.378278
23082.00000 0.37422
23083.00000 0.371095
23084.00000 0.368287
23085.00000 0.365963
23086.00000 0.362577
23087.00000 0.358782
23088.00000 0.35637
23089.00000 0.353427
23090.00000 0.350454
23091.00000 0.346897
23092.00000 0.344054
23093.00000 0.341133
23094.00000 0.338418
23095.00000 0.334707
23096.00000 0.331128
23097.00000 0.329303
23098.00000 0.326261
23099.00000 0.323297
23100.00000 0.319732
23101.00000 0.316945
23102.00000 0.314284
23103.00000 0.311691
23104.00000 0.308201
23105.00000 0.305046
23106.00000 0.302979
23107.00000 0.300382
23108.00000 0.296463
23109.00000 0.293103
23110.00000 0.291029
23111.00000 0.288092
23112.00000 0.285032
23113.00000 0.2816
23114.00000 0.280064
23115.00000 0.277017
23116.00000 0.274119
23117.00000 0.27085
23118.00000 0.26772
23119.00000 0.265589
23120.00000 0.262926
23121.00000 0.259879
23122.00000 0.256864
23123.00000 0.254656
23124.00000 0.252315
23125.00000 0.248857
23126.00000 0.246162
23127.00000 0.243341
23128.00000 0.240957
23129.00000 0.237808
23130.00000 0.235723
23131.00000 0.233392
23132.00000 0.229997
23133.00000 0.228325
23134.00000 0.225467
23135.00000 0.221918
23136.00000 0.220926
23137.00000 0.218358
23138.00000 0.214333
23139.00000 0.21335
23140.00000 0.209769
23141.00000 0.207927
23142.00000 0.205148
23143.00000 0.202084
23144.00000 0.201271
23145.00000 0.197768
23146.00000 0.195593
23147.00000 0.192545
23148.00000 0.190809
23149.00000 0.188895
23150.00000 0.186902
23151.00000 0.184377
23152.00000 0.181347
23153.00000 0.17928
23154.00000 0.177277
23155.00000 0.174833
23156.00000 0.172116
23157.00000 0.170134
23158.00000 0.168123
23159.00000 0.166391
23160.00000 0.164391
23161.00000 0.161905
23162.00000 0.159487
23163.00000 0.157727
23164.00000 0.155277
23165.00000 0.153263
23166.00000 0.151711
23167.00000 0.14988
23168.00000 0.147355
23169.00000 0.145072
23170.00000 0.14345
23171.00000 0.142021
23172.00000 0.140501
23173.00000 0.13838
23174.00000 0.135971
23175.00000 0.134486
23176.00000 0.132698
23177.00000 0.130491
23178.00000 0.128713
23179.00000 0.127213
23180.00000 0.12557
23181.00000 0.123389
23182.00000 0.121564
23183.00000 0.120047
23184.00000 0.118732
23185.00000 0.116991
23186.00000 0.115318
23187.00000 0.114043
23188.00000 0.111826
23189.00000 0.111627
23190.00000 0.108722
23191.00000 0.107199
23192.00000 0.105921
23193.00000 0.104537
23194.00000 0.102699
23195.00000 0.101371
23196.00000 0.099964
23197.00000 0.098704
23198.00000 0.097116
23199.00000 0.096081
23200.00000 0.094623
23201.00000 0.093114
23202.00000 0.091763
23203.00000 0.090181
23204.00000 0.089163
23205.00000 0.088106
23206.00000 0.087455
23207.00000 0.085131
23208.00000 0.083882
23209.00000 0.082714
23210.00000 0.081798
23211.00000 0.080503
23212.00000 0.079103
23213.00000 0.078186
23214.00000 0.077179
23215.00000 0.075988
23216.00000 0.074662
23217.00000 0.073653
23218.00000 0.072523
23219.00000 0.071791
23220.00000 0.070718
23221.00000 0.06977
23222.00000 0.068288
23223.00000 0.06739
23224.00000 0.066656
23225.00000 0.065614
23226.00000 0.06486
23227.00000 0.063943
23228.00000 0.062665
23229.00000 0.061805
23230.00000 0.061232
23231.00000 0.060089
23232.00000 0.059191
23233.00000 0.058207
23234.00000 0.057404
23235.00000 0.056695
23236.00000 0.056198
23237.00000 0.054734
23238.00000 0.054808
23239.00000 0.053842
23240.00000 0.052839
23241.00000 0.052156
23242.00000 0.051241
23243.00000 0.050575
23244.00000 0.049875
23245.00000 0.049319
23246.00000 0.048559
23247.00000 0.048264
23248.00000 0.04708
23249.00000 0.046341
23250.00000 0.045708
23251.00000 0.044948
23252.00000 0.044457
23253.00000 0.043838
23254.00000 0.04352
23255.00000 0.042574
23256.00000 0.041911
23257.00000 0.041559
23258.00000 0.040911
23259.00000 0.040263
23260.00000 0.039649
23261.00000 0.039202
23262.00000 0.038678
23263.00000 0.038056
23264.00000 0.037455
23265.00000 0.037096
23266.00000 0.036735
23267.00000 0.03624
23268.00000 0.035485
23269.00000 0.035022
23270.00000 0.034577
23271.00000 0.034158
23272.00000 0.033704
23273.00000 0.033466
23274.00000 0.032772
23275.00000 0.03244
23276.00000 0.031905
23277.00000 0.031441
23278.00000 0.031057
23279.00000 0.030735
23280.00000 0.030295
23281.00000 0.029866
23282.00000 0.029481
23283.00000 0.029143
23284.00000 0.028772
23285.00000 0.028348
23286.00000 0.027945
23287.00000 0.027574
23288.00000 0.027275
23289.00000 0.026842
23290.00000 0.026424
23291.00000 0.026142
23292.00000 0.025818
23293.00000 0.025508
23294.00000 0.025143
23295.00000 0.024876
23296.00000 0.024609
23297.00000 0.024306
23298.00000 0.023854
23299.00000 0.023543
23300.00000 0.023304
23301.00000 0.023134
23302.00000 0.022753
23303.00000 0.02224
23304.00000 0.022218
23305.00000 0.022034
23306.00000 0.021729
23307.00000 0.021268
23308.00000 0.021023
23309.00000 0.020794
23310.00000 0.020566
23311.00000 0.020221
23312.00000 0.01998
23313.00000 0.019827
23314.00000 0.019622
23315.00000 0.019359
23316.00000 0.018941
23317.00000 0.018849
23318.00000 0.018676
23319.00000 0.018342
23320.00000 0.018084
23321.00000 0.018052
23322.00000 0.017702
23323.00000 0.017484
23324.00000 0.017352
23325.00000 0.017077
23326.00000 0.016826
23327.00000 0.016839
23328.00000 0.016412
23329.00000 0.016279
23330.00000 0.016179
23331.00000 0.015926
23332.00000 0.015674
23333.00000 0.015537
23334.00000 0.015371
23335.00000 0.015098
23336.00000 0.01504
23337.00000 0.014804
23338.00000 0.014596
23339.00000 0.01459
23340.00000 0.014265
23341.00000 0.014109
23342.00000 0.013989
23343.00000 0.013866
23344.00000 0.013654
23345.00000 0.013486
23346.00000 0.013326
23347.00000 0.013212
23348.00000 0.013119
23349.00000 0.01289
23350.00000 0.012742
23351.00000 0.012572
23352.00000 0.012485
23353.00000 0.012303
23354.00000 0.012156
23355.00000 0.012027
23356.00000 0.011916
23357.00000 0.011799
23358.00000 0.011638
23359.00000 0.011534
23360.00000 0.011435
23361.00000 0.011322
23362.00000 0.011259
23363.00000 0.011026
23364.00000 0.010935
23365.00000 0.010808
23366.00000 0.010707
23367.00000 0.010571
23368.00000 0.010475
23369.00000 0.010349
23370.00000 0.010222
23371.00000 0.010109
23372.00000 0.010023
23373.00000 0.0099
23374.00000 0.009834
23375.00000 0.009714
23376.00000 0.009601
23377.00000 0.009494
23378.00000 0.009413
23379.00000 0.00935
23380.00000 0.009219
23381.00000 0.009138
23382.00000 0.009052
23383.00000 0.008945
23384.00000 0.008812
23385.00000 0.008746
23386.00000 0.008666
23387.00000 0.008614
23388.00000 0.008494
23389.00000 0.008368
23390.00000 0.008298
23391.00000 0.008218
23392.00000 0.008145
23393.00000 0.008072
23394.00000 0.007964
23395.00000 0.007889
23396.00000 0.007803
23397.00000 0.007755
23398.00000 0.007688
23399.00000 0.007569
23400.00000 0.0075
23401.00000 0.007433
23402.00000 0.007356
23403.00000 0.007312
23404.00000 0.007247
23405.00000 0.007159
23406.00000 0.007027
23407.00000 0.007016
23408.00000 0.006979
23409.00000 0.006862
23410.00000 0.006786
23411.00000 0.006725
23412.00000 0.006638
23413.00000 0.00662
23414.00000 0.006538
23415.00000 0.006446
23416.00000 0.006411
23417.00000 0.006382
23418.00000 0.006303
23419.00000 0.006242
23420.00000 0.006179
23421.00000 0.006107
23422.00000 0.006039
23423.00000 0.005975
23424.00000 0.005918
23425.00000 0.005867
23426.00000 0.005835
23427.00000 0.005753
23428.00000 0.005698
23429.00000 0.005643
23430.00000 0.005629
23431.00000 0.005551
23432.00000 0.005512
23433.00000 0.005418
23434.00000 0.005394
23435.00000 0.005373
23436.00000 0.005284
23437.00000 0.005257
23438.00000 0.005234
23439.00000 0.005139
23440.00000 0.005123
23441.00000 0.005072
23442.00000 0.00501
23443.00000 0.00495
23444.00000 0.004941
23445.00000 0.004872
23446.00000 0.004819
23447.00000 0.004828
23448.00000 0.004771
23449.00000 0.004724
23450.00000 0.004647
23451.00000 0.004612
23452.00000 0.004593
23453.00000 0.004531
23454.00000 0.004502
23455.00000 0.004458
23456.00000 0.004445
23457.00000 0.00437
23458.00000 0.00432
23459.00000 0.004313
23460.00000 0.004266
23461.00000 0.004236
23462.00000 0.004202
23463.00000 0.004113
23464.00000 0.004114
23465.00000 0.004106
23466.00000 0.004037
23467.00000 0.004018
25813.69922 0.0
