threeML/data/optical_filters/TCS/CAIN3-H21_b.ecsv
# %ECSV 0.9
# ---
# datatype:
# - {name: wavelength, unit: Angstrom, datatype: float32}
# - {name: response, datatype: float32}
# meta: !!omap
# - {band_name: H21_b}
# - {group_name: CAIN3}
wavelength response
18981.90039 0.0
21091.00000 0.000354
21092.00000 0.000378
21093.00000 0.000338
21094.00000 0.000315
21095.00000 0.000395
21096.00000 0.000304
21097.00000 0.000317
21098.00000 0.000369
21099.00000 0.000389
21100.00000 0.000326
21101.00000 0.000437
21102.00000 0.000369
21103.00000 0.000366
21104.00000 0.000385
21105.00000 0.000523
21106.00000 0.000452
21107.00000 0.00044
21108.00000 0.00035
21109.00000 0.000507
21110.00000 0.000496
21111.00000 0.000519
21112.00000 0.000393
21113.00000 0.000539
21114.00000 0.000472
21115.00000 0.000571
21116.00000 0.000484
21117.00000 0.000563
21118.00000 0.000598
21119.00000 0.000579
21120.00000 0.000575
21121.00000 0.000634
21122.00000 0.000607
21123.00000 0.000599
21124.00000 0.000655
21125.00000 0.000666
21126.00000 0.000611
21127.00000 0.000678
21128.00000 0.000631
21129.00000 0.000698
21130.00000 0.000679
21131.00000 0.000742
21132.00000 0.000802
21133.00000 0.000751
21134.00000 0.000788
21135.00000 0.000789
21136.00000 0.000796
21137.00000 0.000839
21138.00000 0.000855
21139.00000 0.000858
21140.00000 0.000984
21141.00000 0.000934
21142.00000 0.000926
21143.00000 0.000977
21144.00000 0.001001
21145.00000 0.001013
21146.00000 0.001072
21147.00000 0.001045
21148.00000 0.001085
21149.00000 0.001136
21150.00000 0.001188
21151.00000 0.001121
21152.00000 0.001303
21153.00000 0.001169
21154.00000 0.001236
21155.00000 0.001328
21156.00000 0.001323
21157.00000 0.001436
21158.00000 0.001393
21159.00000 0.001493
21160.00000 0.001473
21161.00000 0.00158
21162.00000 0.001572
21163.00000 0.001662
21164.00000 0.001613
21165.00000 0.00175
21166.00000 0.001799
21167.00000 0.001838
21168.00000 0.001847
21169.00000 0.002017
21170.00000 0.001982
21171.00000 0.002104
21172.00000 0.002026
21173.00000 0.002184
21174.00000 0.002241
21175.00000 0.002242
21176.00000 0.002367
21177.00000 0.0024
21178.00000 0.002538
21179.00000 0.00262
21180.00000 0.002616
21181.00000 0.002731
21182.00000 0.002755
21183.00000 0.002937
21184.00000 0.003076
21185.00000 0.003124
21186.00000 0.003098
21187.00000 0.00331
21188.00000 0.003437
21189.00000 0.003515
21190.00000 0.00354
21191.00000 0.003706
21192.00000 0.003929
21193.00000 0.00401
21194.00000 0.004108
21195.00000 0.004271
21196.00000 0.004437
21197.00000 0.004559
21198.00000 0.004721
21199.00000 0.00476
21200.00000 0.005037
21201.00000 0.005151
21202.00000 0.005392
21203.00000 0.005489
21204.00000 0.005664
21205.00000 0.005818
21206.00000 0.006195
21207.00000 0.00629
21208.00000 0.006436
21209.00000 0.006746
21210.00000 0.006965
21211.00000 0.007182
21212.00000 0.007433
21213.00000 0.007703
21214.00000 0.007985
21215.00000 0.008182
21216.00000 0.008589
21217.00000 0.008871
21218.00000 0.009121
21219.00000 0.009504
21220.00000 0.009789
21221.00000 0.010098
21222.00000 0.010541
21223.00000 0.010745
21224.00000 0.011174
21225.00000 0.011577
21226.00000 0.012047
21227.00000 0.012353
21228.00000 0.012871
21229.00000 0.013183
21230.00000 0.013732
21231.00000 0.014155
21232.00000 0.014712
21233.00000 0.01513
21234.00000 0.015746
21235.00000 0.016387
21236.00000 0.016861
21237.00000 0.017355
21238.00000 0.017934
21239.00000 0.018518
21240.00000 0.019217
21241.00000 0.019759
21242.00000 0.020318
21243.00000 0.021211
21244.00000 0.021937
21245.00000 0.022565
21246.00000 0.023164
21247.00000 0.02405
21248.00000 0.024916
21249.00000 0.025661
21250.00000 0.026278
21251.00000 0.02717
21252.00000 0.028113
21253.00000 0.029
21254.00000 0.029782
21255.00000 0.030724
21256.00000 0.031835
21257.00000 0.033027
21258.00000 0.033886
21259.00000 0.034708
21260.00000 0.035723
21261.00000 0.037186
21262.00000 0.038216
21263.00000 0.03923
21264.00000 0.04044
21265.00000 0.041746
21266.00000 0.042871
21267.00000 0.044162
21268.00000 0.045238
21269.00000 0.046856
21270.00000 0.048083
21271.00000 0.049331
21272.00000 0.050512
21273.00000 0.052054
21274.00000 0.053656
21275.00000 0.054905
21276.00000 0.056192
21277.00000 0.058028
21278.00000 0.059797
21279.00000 0.061428
21280.00000 0.062602
21281.00000 0.064087
21282.00000 0.066764
21283.00000 0.068467
21284.00000 0.068894
21285.00000 0.070902
21286.00000 0.073134
21287.00000 0.075144
21288.00000 0.076889
21289.00000 0.078508
21290.00000 0.080329
21291.00000 0.082716
21292.00000 0.084599
21293.00000 0.086317
21294.00000 0.088447
21295.00000 0.090987
21296.00000 0.093006
21297.00000 0.094968
21298.00000 0.096891
21299.00000 0.099368
21300.00000 0.101835
21301.00000 0.103758
21302.00000 0.105718
21303.00000 0.108257
21304.00000 0.110744
21305.00000 0.112845
21306.00000 0.114911
21307.00000 0.117506
21308.00000 0.120448
21309.00000 0.122922
21310.00000 0.125121
21311.00000 0.127568
21312.00000 0.130533
21313.00000 0.133328
21314.00000 0.135778
21315.00000 0.13819
21316.00000 0.140992
21317.00000 0.144001
21318.00000 0.146657
21319.00000 0.148924
21320.00000 0.151751
21321.00000 0.155791
21322.00000 0.158404
21323.00000 0.160331
21324.00000 0.162971
21325.00000 0.166505
21326.00000 0.169629
21327.00000 0.172402
21328.00000 0.174755
21329.00000 0.178432
21330.00000 0.182018
21331.00000 0.185039
21332.00000 0.187581
21333.00000 0.1905
21334.00000 0.194417
21335.00000 0.197681
21336.00000 0.200543
21337.00000 0.203272
21338.00000 0.207065
21339.00000 0.210495
21340.00000 0.213595
21341.00000 0.216734
21342.00000 0.220382
21343.00000 0.223884
21344.00000 0.226705
21345.00000 0.229713
21346.00000 0.233399
21347.00000 0.23739
21348.00000 0.240776
21349.00000 0.244124
21350.00000 0.246505
21351.00000 0.252028
21352.00000 0.254801
21353.00000 0.257709
21354.00000 0.260747
21355.00000 0.264893
21356.00000 0.268882
21357.00000 0.272102
21358.00000 0.275075
21359.00000 0.278672
21360.00000 0.282775
21361.00000 0.28616
21362.00000 0.289131
21363.00000 0.292783
21364.00000 0.297186
21365.00000 0.300878
21366.00000 0.304217
21367.00000 0.307651
21368.00000 0.311537
21369.00000 0.315522
21370.00000 0.318754
21371.00000 0.321507
21372.00000 0.325643
21373.00000 0.329686
21374.00000 0.333007
21375.00000 0.336172
21376.00000 0.339429
21377.00000 0.343685
21378.00000 0.347056
21379.00000 0.350438
21380.00000 0.353745
21381.00000 0.357611
21382.00000 0.361769
21383.00000 0.364874
21384.00000 0.367795
21385.00000 0.371487
21386.00000 0.375658
21387.00000 0.378803
21388.00000 0.382074
21389.00000 0.385176
21390.00000 0.389449
21391.00000 0.392559
21392.00000 0.395847
21393.00000 0.399075
21394.00000 0.402729
21395.00000 0.406483
21396.00000 0.409195
21397.00000 0.412174
21398.00000 0.415337
21399.00000 0.419231
21400.00000 0.422103
21401.00000 0.424872
21402.00000 0.428058
21403.00000 0.431876
21404.00000 0.434852
21405.00000 0.43795
21406.00000 0.440514
21407.00000 0.443825
21408.00000 0.447233
21409.00000 0.449886
21410.00000 0.452901
21411.00000 0.455542
21412.00000 0.458811
21413.00000 0.461259
21414.00000 0.463727
21415.00000 0.465929
21416.00000 0.469618
21417.00000 0.472453
21418.00000 0.474667
21419.00000 0.476954
21420.00000 0.480012
21421.00000 0.482345
21422.00000 0.484632
21423.00000 0.486561
21424.00000 0.48939
21425.00000 0.491972
21426.00000 0.493884
21427.00000 0.495807
21428.00000 0.498125
21429.00000 0.500515
21430.00000 0.50272
21431.00000 0.504053
21432.00000 0.506268
21433.00000 0.508665
21434.00000 0.510816
21435.00000 0.512376
21436.00000 0.513899
21437.00000 0.515713
21438.00000 0.517475
21439.00000 0.518811
21440.00000 0.5204
21441.00000 0.521726
21442.00000 0.52366
21443.00000 0.524767
21444.00000 0.52606
21445.00000 0.527323
21446.00000 0.528724
21447.00000 0.529912
21448.00000 0.530977
21449.00000 0.531872
21450.00000 0.532809
21451.00000 0.534219
21452.00000 0.534969
21453.00000 0.535815
21454.00000 0.536463
21455.00000 0.537573
21456.00000 0.538076
21457.00000 0.538618
21458.00000 0.538622
21459.00000 0.539452
21460.00000 0.539885
21461.00000 0.540198
21462.00000 0.540588
21463.00000 0.540805
21464.00000 0.541126
21465.00000 0.541118
21466.00000 0.541372
21467.00000 0.541256
21468.00000 0.541525
21469.00000 0.541069
21470.00000 0.541285
21471.00000 0.540705
21472.00000 0.540775
21473.00000 0.540313
21474.00000 0.54003
21475.00000 0.539806
21476.00000 0.538756
21477.00000 0.538475
21478.00000 0.537734
21479.00000 0.53747
21480.00000 0.536397
21481.00000 0.535823
21482.00000 0.535089
21483.00000 0.534048
21484.00000 0.533704
21485.00000 0.532168
21486.00000 0.531513
21487.00000 0.530008
21488.00000 0.529347
21489.00000 0.52758
21490.00000 0.526319
21491.00000 0.52501
21492.00000 0.523874
21493.00000 0.52214
21494.00000 0.520411
21495.00000 0.519405
21496.00000 0.517727
21497.00000 0.516599
21498.00000 0.513918
21499.00000 0.512368
21500.00000 0.510766
21501.00000 0.50921
21502.00000 0.506704
21503.00000 0.504778
21504.00000 0.50336
21505.00000 0.501431
21506.00000 0.499275
21507.00000 0.496803
21508.00000 0.494889
21509.00000 0.492824
21510.00000 0.490244
21511.00000 0.487181
21512.00000 0.484981
21513.00000 0.482806
21514.00000 0.480314
21515.00000 0.477472
21516.00000 0.474445
21517.00000 0.472309
21518.00000 0.469779
21519.00000 0.466958
21520.00000 0.463451
21521.00000 0.461066
21522.00000 0.458733
21523.00000 0.455482
21524.00000 0.452133
21525.00000 0.449053
21526.00000 0.446803
21527.00000 0.443785
21528.00000 0.439922
21529.00000 0.43683
21530.00000 0.434068
21531.00000 0.430991
21532.00000 0.427492
21533.00000 0.423718
21534.00000 0.4207
21535.00000 0.418397
21536.00000 0.414263
21537.00000 0.410058
21538.00000 0.40679
21539.00000 0.404201
21540.00000 0.400942
21541.00000 0.396638
21542.00000 0.393508
21543.00000 0.390541
21544.00000 0.387037
21545.00000 0.382895
21546.00000 0.378955
21547.00000 0.375969
21548.00000 0.372967
21549.00000 0.368595
21550.00000 0.364167
21551.00000 0.360715
21552.00000 0.357725
21553.00000 0.354351
21554.00000 0.349095
21555.00000 0.345282
21556.00000 0.342138
21557.00000 0.3389
21558.00000 0.333935
21559.00000 0.330097
21560.00000 0.327146
21561.00000 0.324184
21562.00000 0.320199
21563.00000 0.315327
21564.00000 0.312166
21565.00000 0.308499
21566.00000 0.305124
21567.00000 0.300156
21568.00000 0.296813
21569.00000 0.293568
21570.00000 0.289913
21571.00000 0.285727
21572.00000 0.281178
21573.00000 0.278054
21574.00000 0.274347
21575.00000 0.270829
21576.00000 0.266079
21577.00000 0.262957
21578.00000 0.26
21579.00000 0.256554
21580.00000 0.251905
21581.00000 0.248228
21582.00000 0.245619
21583.00000 0.241955
21584.00000 0.237847
21585.00000 0.233739
21586.00000 0.231118
21587.00000 0.227588
21588.00000 0.224566
21589.00000 0.219694
21590.00000 0.216532
21591.00000 0.213761
21592.00000 0.210369
21593.00000 0.2059
21594.00000 0.202491
21595.00000 0.199933
21596.00000 0.196728
21597.00000 0.192656
21598.00000 0.189078
21599.00000 0.186458
21600.00000 0.183607
21601.00000 0.180425
21602.00000 0.176629
21603.00000 0.173972
21604.00000 0.171338
21605.00000 0.168491
21606.00000 0.163956
21607.00000 0.160866
21608.00000 0.158481
21609.00000 0.155266
21610.00000 0.151853
21611.00000 0.149124
21612.00000 0.146696
21613.00000 0.144273
21614.00000 0.140906
21615.00000 0.137488
21616.00000 0.13527
21617.00000 0.132908
21618.00000 0.130186
21619.00000 0.126553
21620.00000 0.124139
21621.00000 0.121919
21622.00000 0.11965
21623.00000 0.11597
21624.00000 0.113142
21625.00000 0.111261
21626.00000 0.108731
21627.00000 0.106003
21628.00000 0.102935
21629.00000 0.10116
21630.00000 0.099134
21631.00000 0.097012
21632.00000 0.093623
21633.00000 0.091603
21634.00000 0.089787
21635.00000 0.087659
21636.00000 0.084892
21637.00000 0.082829
21638.00000 0.080992
21639.00000 0.079247
21640.00000 0.0767
21641.00000 0.07414
21642.00000 0.072585
21643.00000 0.070994
21644.00000 0.069038
21645.00000 0.066534
21646.00000 0.064998
21647.00000 0.063307
21648.00000 0.061609
21649.00000 0.059316
21650.00000 0.057555
21651.00000 0.056407
21652.00000 0.054838
21653.00000 0.052944
21654.00000 0.05128
21655.00000 0.050113
21656.00000 0.048639
21657.00000 0.047312
21658.00000 0.04517
21659.00000 0.043818
21660.00000 0.042656
21661.00000 0.041328
21662.00000 0.039742
21663.00000 0.038383
21664.00000 0.037394
21665.00000 0.036228
21666.00000 0.03477
21667.00000 0.033463
21668.00000 0.032853
21669.00000 0.031768
21670.00000 0.030549
21671.00000 0.029523
21672.00000 0.028582
21673.00000 0.02779
21674.00000 0.026913
21675.00000 0.02564
21676.00000 0.024589
21677.00000 0.025101
21678.00000 0.023042
21679.00000 0.022117
21680.00000 0.021307
21681.00000 0.020643
21682.00000 0.020011
21683.00000 0.019197
21684.00000 0.01839
21685.00000 0.017706
21686.00000 0.017329
21687.00000 0.016694
21688.00000 0.015799
21689.00000 0.015299
21690.00000 0.014838
21691.00000 0.014398
21692.00000 0.013624
21693.00000 0.01307
21694.00000 0.0128
21695.00000 0.012265
21696.00000 0.01182
21697.00000 0.01133
21698.00000 0.010991
21699.00000 0.010736
21700.00000 0.010438
21701.00000 0.009763
21702.00000 0.009519
21703.00000 0.00927
21704.00000 0.008805
21705.00000 0.008495
21706.00000 0.00839
21707.00000 0.008023
21708.00000 0.00766
21709.00000 0.007388
21710.00000 0.007078
21711.00000 0.006752
21712.00000 0.006652
21713.00000 0.006386
21714.00000 0.006123
21715.00000 0.005936
21716.00000 0.005787
21717.00000 0.005548
21718.00000 0.005328
21719.00000 0.005252
21720.00000 0.005053
21721.00000 0.004881
21722.00000 0.004619
21723.00000 0.004554
21724.00000 0.00438
21725.00000 0.004233
21726.00000 0.004102
21727.00000 0.003838
21728.00000 0.003877
21729.00000 0.00374
21730.00000 0.003647
21731.00000 0.003457
21732.00000 0.003406
21733.00000 0.00331
21734.00000 0.003217
21735.00000 0.003094
21736.00000 0.002906
21737.00000 0.002962
21738.00000 0.002709
21739.00000 0.002765
21740.00000 0.002664
21741.00000 0.002549
21742.00000 0.002475
21743.00000 0.002494
21744.00000 0.002356
21745.00000 0.002293
21746.00000 0.002237
21747.00000 0.002187
21748.00000 0.002161
21749.00000 0.002063
21750.00000 0.001974
21751.00000 0.001865
21752.00000 0.001835
21753.00000 0.001801
21754.00000 0.001742
21755.00000 0.001737
21756.00000 0.001606
21757.00000 0.001605
21758.00000 0.001592
21759.00000 0.001596
21760.00000 0.001455
21761.00000 0.00149
21762.00000 0.001473
21763.00000 0.001441
21764.00000 0.00139
21765.00000 0.001385
21766.00000 0.001305
21767.00000 0.001257
21768.00000 0.001262
21769.00000 0.001144
21770.00000 0.001131
21771.00000 0.001142
21772.00000 0.001085
21773.00000 0.001051
21774.00000 0.00104
21775.00000 0.000962
21776.00000 0.001032
21777.00000 0.000999
21778.00000 0.000907
21779.00000 0.000845
21780.00000 0.000887
21781.00000 0.000962
21782.00000 0.000851
21783.00000 0.000903
21784.00000 0.00089
21785.00000 0.000867
21786.00000 0.000825
21787.00000 0.000752
21788.00000 0.00075
21789.00000 0.000778
21790.00000 0.000686
21791.00000 0.000747
21792.00000 0.000713
21793.00000 0.000677
21794.00000 0.000663
21795.00000 0.000679
21796.00000 0.000631
21797.00000 0.00065
21798.00000 0.000559
21799.00000 0.000641
21800.00000 0.00066
21801.00000 0.000564
21802.00000 0.000579
21803.00000 0.000551
21804.00000 0.00053
21805.00000 0.000583
21806.00000 0.000496
21807.00000 0.000574
21808.00000 0.000474
21809.00000 0.000464
21810.00000 0.000454
21811.00000 0.000465
21812.00000 0.000472
21813.00000 0.000479
21814.00000 0.000427
21815.00000 0.000437
21816.00000 0.000405
21817.00000 0.000408
21818.00000 0.000389
21819.00000 0.000495
21820.00000 0.00034
21821.00000 0.000404
21822.00000 0.000421
21823.00000 0.000341
21824.00000 0.000416
21825.00000 0.000395
21826.00000 0.000377
21827.00000 0.000389
21828.00000 0.000353
21829.00000 0.000341
21830.00000 0.00036
21831.00000 0.000435
21832.00000 0.000333
21833.00000 0.000357
21834.00000 0.000274
21835.00000 0.000282
21836.00000 0.000325
21837.00000 0.000293
21838.00000 0.000336
21839.00000 0.000353
21840.00000 0.000274
21841.00000 0.000211
21842.00000 0.000325
21843.00000 0.000269
21844.00000 0.000229
21845.00000 0.000346
21846.00000 0.000254
21847.00000 0.000207
24031.69922 0.0
