threeML/data/optical_filters/TCS/CAIN3-K.ecsv
# %ECSV 0.9
# ---
# datatype:
# - {name: wavelength, unit: Angstrom, datatype: float32}
# - {name: response, datatype: float32}
# meta: !!omap
# - {band_name: K}
# - {group_name: CAIN3}
wavelength response
[from data line 2300]
22342.00000 0.933369
22343.00000 0.933245
22344.00000 0.933412
22345.00000 0.933027
22346.00000 0.93332
22347.00000 0.932743
22348.00000 0.933212
22349.00000 0.933229
22350.00000 0.932898
22351.00000 0.932813
22352.00000 0.932769
22353.00000 0.932955
22354.00000 0.933032
22355.00000 0.932976
22356.00000 0.932931
22357.00000 0.932744
22358.00000 0.932831
22359.00000 0.933077
22360.00000 0.932728
22361.00000 0.932647
22362.00000 0.932843
22363.00000 0.932674
22364.00000 0.932698
22365.00000 0.932452
22366.00000 0.93274
22367.00000 0.932645
22368.00000 0.932731
22369.00000 0.93234
22370.00000 0.932682
22371.00000 0.932563
22372.00000 0.932361
22373.00000 0.932508
22374.00000 0.932479
22375.00000 0.93249
22376.00000 0.932277
22377.00000 0.932242
22378.00000 0.932322
22379.00000 0.932259
22380.00000 0.932061
22381.00000 0.932275
22382.00000 0.932343
22383.00000 0.932173
22384.00000 0.932332
22385.00000 0.932158
22386.00000 0.932259
22387.00000 0.932007
22388.00000 0.932313
22389.00000 0.931947
22390.00000 0.932262
22391.00000 0.932057
22392.00000 0.932097
22393.00000 0.93181
22394.00000 0.932074
22395.00000 0.932268
22396.00000 0.931863
22397.00000 0.93195
22398.00000 0.932134
22399.00000 0.932165
22400.00000 0.931702
22401.00000 0.932055
22402.00000 0.931838
22403.00000 0.932142
22404.00000 0.931954
22405.00000 0.93167
22406.00000 0.932017
22407.00000 0.931501
22408.00000 0.93205
22409.00000 0.931967
22410.00000 0.932279
22411.00000 0.931585
22412.00000 0.931879
22413.00000 0.931938
22414.00000 0.931672
22415.00000 0.931731
22416.00000 0.931632
22417.00000 0.932164
22418.00000 0.931882
22419.00000 0.931806
22420.00000 0.931542
22421.00000 0.932175
22422.00000 0.931619
22423.00000 0.931756
22424.00000 0.931488
22425.00000 0.931489
22426.00000 0.932037
22427.00000 0.93187
22428.00000 0.932038
22429.00000 0.931425
22430.00000 0.931938
22431.00000 0.932153
22432.00000 0.931899
22433.00000 0.931767
22434.00000 0.931531
22435.00000 0.931893
22436.00000 0.931758
22437.00000 0.932149
22438.00000 0.931888
22439.00000 0.932292
22440.00000 0.932259
22441.00000 0.932262
22442.00000 0.931854
22443.00000 0.931981
22444.00000 0.931688
22445.00000 0.931543
22446.00000 0.931753
22447.00000 0.931778
22448.00000 0.931962
22449.00000 0.931598
22450.00000 0.932012
22451.00000 0.931779
22452.00000 0.931711
22453.00000 0.931734
22454.00000 0.932062
22455.00000 0.932035
22456.00000 0.93204
22457.00000 0.931882
22458.00000 0.931904
22459.00000 0.932263
22460.00000 0.932262
22461.00000 0.932232
22462.00000 0.931882
22463.00000 0.932258
22464.00000 0.931877
22465.00000 0.932212
22466.00000 0.931933
22467.00000 0.9317
22468.00000 0.932235
22469.00000 0.932103
22470.00000 0.932135
22471.00000 0.932357
22472.00000 0.932281
22473.00000 0.931515
22474.00000 0.932371
22475.00000 0.932136
22476.00000 0.931906
22477.00000 0.9324
22478.00000 0.93249
22479.00000 0.932608
22480.00000 0.932104
22481.00000 0.932289
22482.00000 0.932269
22483.00000 0.932246
22484.00000 0.932127
22485.00000 0.932648
22486.00000 0.932512
22487.00000 0.932374
22488.00000 0.932087
22489.00000 0.932756
22490.00000 0.932375
22491.00000 0.932651
22492.00000 0.932915
22493.00000 0.932849
22494.00000 0.932648
22495.00000 0.932385
22496.00000 0.932321
22497.00000 0.932539
22498.00000 0.932672
22499.00000 0.932786
22500.00000 0.933032
22501.00000 0.932933
22502.00000 0.93306
22503.00000 0.933225
22504.00000 0.93311
22505.00000 0.932813
22506.00000 0.932819
22507.00000 0.933014
22508.00000 0.932876
22509.00000 0.933103
22510.00000 0.933521
22511.00000 0.933493
22512.00000 0.9334
22513.00000 0.933199
22514.00000 0.933328
22515.00000 0.932912
22516.00000 0.93316
22517.00000 0.933563
22518.00000 0.933214
22519.00000 0.933409
22520.00000 0.93401
22521.00000 0.933639
22522.00000 0.933397
22523.00000 0.933584
22524.00000 0.933361
22525.00000 0.933934
22526.00000 0.933922
22527.00000 0.933997
22528.00000 0.934016
22529.00000 0.933492
22530.00000 0.933965
22531.00000 0.933539
22532.00000 0.934023
22533.00000 0.93452
22534.00000 0.934258
22535.00000 0.934132
22536.00000 0.934405
22537.00000 0.934444
22538.00000 0.934149
22539.00000 0.934479
22540.00000 0.934377
22541.00000 0.934534
22542.00000 0.93443
22543.00000 0.934535
22544.00000 0.934252
22545.00000 0.934698
22546.00000 0.935128
22547.00000 0.934779
22548.00000 0.93503
22549.00000 0.934777
22550.00000 0.934739
22551.00000 0.935115
22552.00000 0.93483
22553.00000 0.934766
22554.00000 0.934963
22555.00000 0.935309
22556.00000 0.934934
22557.00000 0.935173
22558.00000 0.934954
22559.00000 0.935116
22560.00000 0.935328
22561.00000 0.935362
22562.00000 0.935596
22563.00000 0.935635
22564.00000 0.935656
22565.00000 0.935663
22566.00000 0.935456
22567.00000 0.935857
22568.00000 0.935918
22569.00000 0.935814
22570.00000 0.93565
22571.00000 0.935826
22572.00000 0.935957
22573.00000 0.936072
22574.00000 0.935964
22575.00000 0.936041
22576.00000 0.936122
22577.00000 0.936329
22578.00000 0.936137
22579.00000 0.936051
22580.00000 0.936103
22581.00000 0.93634
22582.00000 0.936982
22583.00000 0.936955
22584.00000 0.936821
22585.00000 0.936972
22586.00000 0.93633
22587.00000 0.936803
22588.00000 0.937188
22589.00000 0.936407
22590.00000 0.936829
22591.00000 0.937278
22592.00000 0.937135
22593.00000 0.936947
22594.00000 0.93673
22595.00000 0.937046
22596.00000 0.937315
22597.00000 0.937105
22598.00000 0.937671
22599.00000 0.937377
22600.00000 0.93754
22601.00000 0.937341
22602.00000 0.937448
22603.00000 0.93765
22604.00000 0.937685
22605.00000 0.937517
22606.00000 0.937704
22607.00000 0.937503
22608.00000 0.937679
22609.00000 0.938255
22610.00000 0.938219
22611.00000 0.938087
22612.00000 0.937985
22613.00000 0.938385
22614.00000 0.937994
22615.00000 0.938454
22616.00000 0.93863
22617.00000 0.938687
22618.00000 0.938592
22619.00000 0.938445
22620.00000 0.938545
22621.00000 0.93874
22622.00000 0.93896
22623.00000 0.939058
22624.00000 0.938772
22625.00000 0.938906
22626.00000 0.939048
22627.00000 0.939221
22628.00000 0.939139
22629.00000 0.939447
22630.00000 0.939399
22631.00000 0.939237
22632.00000 0.939559
22633.00000 0.939528
22634.00000 0.939507
22635.00000 0.939599
22636.00000 0.939632
22637.00000 0.939412
22638.00000 0.939886
22639.00000 0.939699
22640.00000 0.940017
22641.00000 0.939825
22642.00000 0.940235
22643.00000 0.939967
22644.00000 0.94005
22645.00000 0.940213
22646.00000 0.940245
22647.00000 0.940241
22648.00000 0.940325
22649.00000 0.940674
22650.00000 0.940551
22651.00000 0.94057
22652.00000 0.940471
22653.00000 0.940715
22654.00000 0.94053
22655.00000 0.940742
22656.00000 0.940874
22657.00000 0.941095
22658.00000 0.941097
22659.00000 0.940863
22660.00000 0.941048
22661.00000 0.941226
22662.00000 0.941139
22663.00000 0.941323
22664.00000 0.941312
22665.00000 0.941428
22666.00000 0.941564
22667.00000 0.941534
22668.00000 0.941626
22669.00000 0.941494
22670.00000 0.94175
22671.00000 0.941783
22672.00000 0.94175
22673.00000 0.941884
22674.00000 0.941854
22675.00000 0.94203
22676.00000 0.941947
22677.00000 0.942084
22678.00000 0.942206
22679.00000 0.942117
22680.00000 0.942535
22681.00000 0.942229
22682.00000 0.942413
22683.00000 0.942277
22684.00000 0.942426
22685.00000 0.942743
22686.00000 0.9426
22687.00000 0.942787
22688.00000 0.942694
22689.00000 0.942703
22690.00000 0.942885
22691.00000 0.942809
22692.00000 0.942981
22693.00000 0.943107
22694.00000 0.943026
22695.00000 0.943383
22696.00000 0.943142
22697.00000 0.943141
22698.00000 0.943437
22699.00000 0.943279
22700.00000 0.943412
22701.00000 0.943273
22702.00000 0.943637
22703.00000 0.943585
22704.00000 0.943718
22705.00000 0.94381
22706.00000 0.944072
22707.00000 0.943692
22708.00000 0.943871
22709.00000 0.943932
22710.00000 0.943915
22711.00000 0.944145
22712.00000 0.944036
22713.00000 0.944266
22714.00000 0.944023
22715.00000 0.94429
22716.00000 0.944325
22717.00000 0.943981
22718.00000 0.944458
22719.00000 0.944539
22720.00000 0.944877
22721.00000 0.94418
22722.00000 0.944778
22723.00000 0.944698
22724.00000 0.944464
22725.00000 0.944666
22726.00000 0.94473
22727.00000 0.944745
22728.00000 0.944933
22729.00000 0.944998
22730.00000 0.944912
22731.00000 0.94532
22732.00000 0.945131
22733.00000 0.945042
22734.00000 0.945434
22735.00000 0.9452
22736.00000 0.945044
22737.00000 0.945474
22738.00000 0.945603
22739.00000 0.94561
22740.00000 0.945502
22741.00000 0.945784
22742.00000 0.945517
22743.00000 0.94607
22744.00000 0.945781
22745.00000 0.946043
22746.00000 0.945917
22747.00000 0.945981
22748.00000 0.946087
22749.00000 0.946087
22750.00000 0.945816
22751.00000 0.946029
22752.00000 0.946091
22753.00000 0.946278
22754.00000 0.946412
22755.00000 0.946637
22756.00000 0.947045
22757.00000 0.946478
22758.00000 0.946471
22759.00000 0.946749
22760.00000 0.946285
22761.00000 0.947032
22762.00000 0.94697
22763.00000 0.94708
22764.00000 0.946941
22765.00000 0.946758
22766.00000 0.947372
22767.00000 0.947028
22768.00000 0.946672
22769.00000 0.947409
22770.00000 0.946713
22771.00000 0.946885
22772.00000 0.946752
22773.00000 0.947487
22774.00000 0.947329
22775.00000 0.947383
22776.00000 0.947664
22777.00000 0.946586
22778.00000 0.947444
22779.00000 0.948078
22780.00000 0.94713
22781.00000 0.947548
22782.00000 0.947742
22783.00000 0.947673
22784.00000 0.948114
22785.00000 0.947542
22786.00000 0.947788
22787.00000 0.947807
22788.00000 0.9481
22789.00000 0.948263
22790.00000 0.948027
22791.00000 0.947827
22792.00000 0.948335
22793.00000 0.948595
22794.00000 0.948267
22795.00000 0.948401
22796.00000 0.948433
22797.00000 0.948139
22798.00000 0.948359
22799.00000 0.948716
22800.00000 0.948532
22801.00000 0.948306
22802.00000 0.948759
22803.00000 0.948506
22804.00000 0.94878
22805.00000 0.948821
22806.00000 0.948865
22807.00000 0.948826
22808.00000 0.949025
22809.00000 0.949131
22810.00000 0.948643
22811.00000 0.948795
22812.00000 0.949225
22813.00000 0.949037
22814.00000 0.949035
22815.00000 0.949014
22816.00000 0.949476
22817.00000 0.949252
22818.00000 0.949438
22819.00000 0.949314
22820.00000 0.949608
22821.00000 0.949422
22822.00000 0.949477
22823.00000 0.94938
22824.00000 0.949647
22825.00000 0.949861
22826.00000 0.949572
22827.00000 0.949863
22828.00000 0.949706
22829.00000 0.949579
22830.00000 0.950061
22831.00000 0.950034
22832.00000 0.950046
22833.00000 0.949787
22834.00000 0.950243
22835.00000 0.949667
22836.00000 0.949908
22837.00000 0.950638
22838.00000 0.95015
22839.00000 0.950735
22840.00000 0.950492
22841.00000 0.950522
22842.00000 0.950292
22843.00000 0.950533
22844.00000 0.950274
22845.00000 0.950311
22846.00000 0.950883
22847.00000 0.950844
22848.00000 0.950341
22849.00000 0.950752
22850.00000 0.9509
22851.00000 0.950555
22852.00000 0.950996
22853.00000 0.951012
22854.00000 0.950916
22855.00000 0.950837
22856.00000 0.951263
22857.00000 0.950973
22858.00000 0.951271
22859.00000 0.95119
22860.00000 0.951065
22861.00000 0.951407
22862.00000 0.951323
22863.00000 0.95136
22864.00000 0.951542
22865.00000 0.951622
22866.00000 0.951658
22867.00000 0.95149
22868.00000 0.95145
22869.00000 0.95199
22870.00000 0.951716
22871.00000 0.951308
22872.00000 0.951856
22873.00000 0.952137
22874.00000 0.951932
22875.00000 0.95187
22876.00000 0.951904
22877.00000 0.951761
22878.00000 0.952328
22879.00000 0.951876
22880.00000 0.95246
22881.00000 0.952779
22882.00000 0.952388
22883.00000 0.95262
22884.00000 0.95246
22885.00000 0.952151
22886.00000 0.952262
22887.00000 0.952958
22888.00000 0.952455
22889.00000 0.952437
22890.00000 0.952101
22891.00000 0.952546
22892.00000 0.95268
22893.00000 0.952862
22894.00000 0.953278
22895.00000 0.952996
22896.00000 0.952731
22897.00000 0.95316
22898.00000 0.952806
22899.00000 0.952662
22900.00000 0.952784
22901.00000 0.953008
22902.00000 0.952895
22903.00000 0.952988
22904.00000 0.953369
22905.00000 0.953522
22906.00000 0.953537
22907.00000 0.953359
22908.00000 0.95328
22909.00000 0.953221
22910.00000 0.953541
22911.00000 0.953529
22912.00000 0.953498
22913.00000 0.953717
22914.00000 0.95349
22915.00000 0.953882
22916.00000 0.953518
22917.00000 0.953793
22918.00000 0.953902
22919.00000 0.954127
22920.00000 0.954204
22921.00000 0.953888
22922.00000 0.953915
22923.00000 0.954319
22924.00000 0.954008
22925.00000 0.954112
22926.00000 0.954295
22927.00000 0.954259
22928.00000 0.953584
22929.00000 0.954481
22930.00000 0.95435
22931.00000 0.95468
22932.00000 0.954491
22933.00000 0.954557
22934.00000 0.954278
22935.00000 0.95423
22936.00000 0.954637
22937.00000 0.954817
22938.00000 0.954683
22939.00000 0.954648
22940.00000 0.954989
22941.00000 0.954904
22942.00000 0.954905
22943.00000 0.954963
22944.00000 0.954876
22945.00000 0.955045
22946.00000 0.954834
22947.00000 0.955262
22948.00000 0.954992
22949.00000 0.95518
22950.00000 0.955086
22951.00000 0.955109
22952.00000 0.955471
22953.00000 0.953815
22954.00000 0.955757
22955.00000 0.955267
22956.00000 0.955452
22957.00000 0.955573
22958.00000 0.955429
22959.00000 0.955417
22960.00000 0.955659
22961.00000 0.955732
22962.00000 0.955562
22963.00000 0.956062
22964.00000 0.955755
22965.00000 0.955768
22966.00000 0.955874
22967.00000 0.956171
22968.00000 0.955952
22969.00000 0.955792
22970.00000 0.955864
22971.00000 0.955619
22972.00000 0.955973
22973.00000 0.956067
22974.00000 0.956196
22975.00000 0.95579
22976.00000 0.956255
22977.00000 0.956156
22978.00000 0.956054
22979.00000 0.956192
22980.00000 0.956484
22981.00000 0.956268
22982.00000 0.956626
22983.00000 0.956528
22984.00000 0.956325
22985.00000 0.956705
22986.00000 0.956646
22987.00000 0.956722
22988.00000 0.956709
22989.00000 0.956619
22990.00000 0.956773
22991.00000 0.956559
22992.00000 0.956787
22993.00000 0.95672
22994.00000 0.956849
22995.00000 0.9568
22996.00000 0.956618
22997.00000 0.957012
22998.00000 0.956887
22999.00000 0.957189
23000.00000 0.956934
23001.00000 0.957277
23002.00000 0.957616
23003.00000 0.957037
23004.00000 0.95702
23005.00000 0.957216
23006.00000 0.956811
23007.00000 0.956972
23008.00000 0.957255
23009.00000 0.957123
23010.00000 0.957487
23011.00000 0.957219
23012.00000 0.957391
23013.00000 0.95738
23014.00000 0.957472
23015.00000 0.957845
23016.00000 0.957193
23017.00000 0.956921
23018.00000 0.957448
23019.00000 0.957595
23020.00000 0.95771
23021.00000 0.957403
23022.00000 0.957555
23023.00000 0.957216
23024.00000 0.957304
23025.00000 0.957414
23026.00000 0.957373
23027.00000 0.957613
23028.00000 0.957436
23029.00000 0.957435
23030.00000 0.95741
23031.00000 0.957606
23032.00000 0.957835
23033.00000 0.957653
23034.00000 0.957338
23035.00000 0.957676
23036.00000 0.957671
23037.00000 0.957782
23038.00000 0.958013
23039.00000 0.958135
23040.00000 0.957533
23041.00000 0.957726
23042.00000 0.958227
23043.00000 0.957705
23044.00000 0.957844
23045.00000 0.957699
23046.00000 0.957775
23047.00000 0.957888
23048.00000 0.957681
23049.00000 0.957887
23050.00000 0.957497
23051.00000 0.958038
23052.00000 0.957794
23053.00000 0.958087
23054.00000 0.957768
23055.00000 0.958076
23056.00000 0.957787
23057.00000 0.957783
23058.00000 0.957905
23059.00000 0.958126
23060.00000 0.957859
23061.00000 0.957905
23062.00000 0.95805
23063.00000 0.957919
23064.00000 0.95805
23065.00000 0.95792
23066.00000 0.957912
23067.00000 0.958128
23068.00000 0.957879
23069.00000 0.958028
23070.00000 0.957911
23071.00000 0.957972
23072.00000 0.957584
23073.00000 0.958324
23074.00000 0.957578
23075.00000 0.956999
23076.00000 0.957599
23077.00000 0.957964
23078.00000 0.957915
23079.00000 0.958015
23080.00000 0.957819
23081.00000 0.957801
23082.00000 0.957494
23083.00000 0.957623
23084.00000 0.957969
23085.00000 0.957414
23086.00000 0.957933
23087.00000 0.957634
23088.00000 0.957398
23089.00000 0.957926
23090.00000 0.957839
23091.00000 0.958109
23092.00000 0.957557
23093.00000 0.957729
23094.00000 0.957623
23095.00000 0.957804
23096.00000 0.957633
23097.00000 0.957469
23098.00000 0.957659
23099.00000 0.957541
23100.00000 0.957514
23101.00000 0.95732
23102.00000 0.957076
23103.00000 0.957228
23104.00000 0.957266
23105.00000 0.957409
23106.00000 0.95746
