threeML/data/optical_filters/TCS/CAIN3-J.ecsv
# %ECSV 0.9
# ---
# datatype:
# - {name: wavelength, unit: Angstrom, datatype: float32}
# - {name: response, datatype: float32}
# meta: !!omap
# - {band_name: J}
# - {group_name: CAIN3}
wavelength response
9705.59961 0.0
10784.00000 0.004014
10785.00000 0.00405
10786.00000 0.004165
10787.00000 0.004255
10788.00000 0.004292
10789.00000 0.004358
10790.00000 0.004446
10791.00000 0.004567
10792.00000 0.004652
10793.00000 0.004709
10794.00000 0.004753
10795.00000 0.004903
10796.00000 0.005013
10797.00000 0.004991
10798.00000 0.005146
10799.00000 0.005224
10800.00000 0.00536
10801.00000 0.005447
10802.00000 0.005511
10803.00000 0.005664
10804.00000 0.005756
10805.00000 0.005862
10806.00000 0.005921
10807.00000 0.006082
10808.00000 0.006252
10809.00000 0.006326
10810.00000 0.006401
10811.00000 0.006544
10812.00000 0.006729
10813.00000 0.006876
10814.00000 0.006924
10815.00000 0.007056
10816.00000 0.007215
10817.00000 0.007383
10818.00000 0.007526
10819.00000 0.007635
10820.00000 0.007749
10821.00000 0.008
10822.00000 0.008143
10823.00000 0.008261
10824.00000 0.00841
10825.00000 0.008632
10826.00000 0.008789
10827.00000 0.008916
10828.00000 0.009054
10829.00000 0.009257
10830.00000 0.00954
10831.00000 0.009684
10832.00000 0.009864
10833.00000 0.010023
10834.00000 0.010285
10835.00000 0.010459
10836.00000 0.010617
10837.00000 0.010837
10838.00000 0.011136
10839.00000 0.011361
10840.00000 0.01156
10841.00000 0.011722
10842.00000 0.012056
10843.00000 0.012386
10844.00000 0.012504
10845.00000 0.012724
10846.00000 0.012982
10847.00000 0.013369
10848.00000 0.013615
10849.00000 0.013841
10850.00000 0.014064
10851.00000 0.014485
10852.00000 0.014733
10853.00000 0.014991
10854.00000 0.01525
10855.00000 0.015682
10856.00000 0.016034
10857.00000 0.016251
10858.00000 0.016703
10859.00000 0.016888
10860.00000 0.017439
10861.00000 0.01771
10862.00000 0.017868
10863.00000 0.018394
10864.00000 0.018864
10865.00000 0.019157
10866.00000 0.019642
10867.00000 0.019869
10868.00000 0.020402
10869.00000 0.020926
10870.00000 0.021086
10871.00000 0.021552
10872.00000 0.022079
10873.00000 0.022574
10874.00000 0.022964
10875.00000 0.02341
10876.00000 0.023835
10877.00000 0.024499
10878.00000 0.024899
10879.00000 0.025272
10880.00000 0.025689
10881.00000 0.026492
10882.00000 0.027061
10883.00000 0.027503
10884.00000 0.027917
10885.00000 0.028644
10886.00000 0.029274
10887.00000 0.029739
10888.00000 0.030211
10889.00000 0.030805
10890.00000 0.031688
10891.00000 0.032289
10892.00000 0.03273
10893.00000 0.033299
10894.00000 0.03429
10895.00000 0.034928
10896.00000 0.035495
10897.00000 0.035986
10898.00000 0.036804
10899.00000 0.037852
10900.00000 0.038466
10901.00000 0.038851
10902.00000 0.039865
10903.00000 0.040663
10904.00000 0.041284
10905.00000 0.041966
10906.00000 0.042754
10907.00000 0.043874
10908.00000 0.044822
10909.00000 0.04543
10910.00000 0.046126
10911.00000 0.047246
10912.00000 0.048309
10913.00000 0.048831
10914.00000 0.049589
10915.00000 0.050537
10916.00000 0.051963
10917.00000 0.052799
10918.00000 0.05342
10919.00000 0.054371
10920.00000 0.055553
10921.00000 0.056585
10922.00000 0.057365
10923.00000 0.058291
10924.00000 0.059612
10925.00000 0.061002
10926.00000 0.061683
10927.00000 0.062603
10928.00000 0.06385
10929.00000 0.065309
10930.00000 0.066286
10931.00000 0.067099
10932.00000 0.068369
10933.00000 0.069985
10934.00000 0.070957
10935.00000 0.071936
10936.00000 0.072832
10937.00000 0.074534
10938.00000 0.075846
10939.00000 0.076775
10940.00000 0.077869
10941.00000 0.079269
10942.00000 0.081109
10943.00000 0.082087
10944.00000 0.083241
10945.00000 0.084498
10946.00000 0.086272
10947.00000 0.087525
10948.00000 0.088628
10949.00000 0.089639
10950.00000 0.091642
10951.00000 0.093268
10952.00000 0.094297
10953.00000 0.095353
10954.00000 0.096897
10955.00000 0.098987
10956.00000 0.100362
10957.00000 0.101538
10958.00000 0.102805
10959.00000 0.105046
10960.00000 0.106406
10961.00000 0.107489
10962.00000 0.10893
10963.00000 0.110921
10964.00000 0.112498
10965.00000 0.113765
10966.00000 0.114984
10967.00000 0.116841
10968.00000 0.119188
10969.00000 0.120351
10970.00000 0.121486
10971.00000 0.123022
10972.00000 0.1253
10973.00000 0.126691
10974.00000 0.127953
10975.00000 0.129616
10976.00000 0.132013
10977.00000 0.133569
10978.00000 0.134951
10979.00000 0.136317
10980.00000 0.138496
10981.00000 0.140486
10982.00000 0.142055
10983.00000 0.143432
10984.00000 0.145006
10985.00000 0.147485
10986.00000 0.148934
10987.00000 0.150145
10988.00000 0.151948
10989.00000 0.154133
10990.00000 0.156108
10991.00000 0.157451
10992.00000 0.158554
10993.00000 0.160875
10994.00000 0.163245
10995.00000 0.16452
10996.00000 0.16599
10997.00000 0.167858
10998.00000 0.170155
10999.00000 0.171656
11000.00000 0.173071
11001.00000 0.174544
11002.00000 0.177053
11003.00000 0.179056
11004.00000 0.180354
11005.00000 0.181948
11006.00000 0.183963
11007.00000 0.186205
11008.00000 0.187605
11009.00000 0.188777
11010.00000 0.190539
11011.00000 0.193107
11012.00000 0.194566
11013.00000 0.196003
11014.00000 0.197676
11015.00000 0.200036
11016.00000 0.201718
11017.00000 0.203034
11018.00000 0.204139
11019.00000 0.206444
11020.00000 0.208562
11021.00000 0.209706
11022.00000 0.211159
11023.00000 0.213033
11024.00000 0.215298
11025.00000 0.216577
11026.00000 0.218001
11027.00000 0.219625
11028.00000 0.221698
11029.00000 0.223355
11030.00000 0.224553
11031.00000 0.226099
11032.00000 0.228094
11033.00000 0.229997
11034.00000 0.231114
11035.00000 0.232247
11036.00000 0.233957
11037.00000 0.236229
11038.00000 0.237306
11039.00000 0.238569
11040.00000 0.240204
11041.00000 0.242235
11042.00000 0.243504
11043.00000 0.244696
11044.00000 0.245782
11045.00000 0.247934
11046.00000 0.249631
11047.00000 0.250653
11048.00000 0.251868
11049.00000 0.253399
11050.00000 0.255282
11051.00000 0.25627
11052.00000 0.257288
11053.00000 0.25849
11054.00000 0.260397
11055.00000 0.261692
11056.00000 0.26256
11057.00000 0.263474
11058.00000 0.265283
11059.00000 0.266669
11060.00000 0.267549
11061.00000 0.268036
11062.00000 0.269799
11063.00000 0.271416
11064.00000 0.272338
11065.00000 0.273442
11066.00000 0.274359
11067.00000 0.276001
11068.00000 0.276801
11069.00000 0.277812
11070.00000 0.278532
11071.00000 0.280081
11072.00000 0.281245
11073.00000 0.28185
11074.00000 0.28289
11075.00000 0.283905
11076.00000 0.285171
11077.00000 0.285879
11078.00000 0.286612
11079.00000 0.287482
11080.00000 0.288794
11081.00000 0.289506
11082.00000 0.29046
11083.00000 0.290947
11084.00000 0.292189
11085.00000 0.292886
11086.00000 0.293573
11087.00000 0.294272
11088.00000 0.295268
11089.00000 0.296288
11090.00000 0.296769
11091.00000 0.297407
11092.00000 0.298176
11093.00000 0.299195
11094.00000 0.29986
11095.00000 0.300247
11096.00000 0.300791
11097.00000 0.301865
11098.00000 0.302494
11099.00000 0.302968
11100.00000 0.303555
11101.00000 0.304239
11102.00000 0.304945
11103.00000 0.305069
11104.00000 0.305762
11105.00000 0.306539
11106.00000 0.307305
11107.00000 0.307684
11108.00000 0.308074
11109.00000 0.308639
11110.00000 0.309284
11111.00000 0.309839
11112.00000 0.310157
11113.00000 0.310661
11114.00000 0.311229
11115.00000 0.311791
11116.00000 0.31219
11117.00000 0.312522
11118.00000 0.313072
11119.00000 0.313556
11120.00000 0.314018
11121.00000 0.314228
11122.00000 0.314729
11123.00000 0.315321
11124.00000 0.315697
11125.00000 0.315947
11126.00000 0.316346
11127.00000 0.316804
11128.00000 0.317346
11129.00000 0.317552
11130.00000 0.317911
11131.00000 0.318315
11132.00000 0.318873
11133.00000 0.31906
11134.00000 0.319307
11135.00000 0.319744
11136.00000 0.320271
11137.00000 0.320652
11138.00000 0.320775
11139.00000 0.321081
11140.00000 0.321615
11141.00000 0.322006
11142.00000 0.322157
11143.00000 0.322601
11144.00000 0.322903
11145.00000 0.323357
11146.00000 0.323545
11147.00000 0.323965
11148.00000 0.324253
11149.00000 0.324705
11150.00000 0.325036
11151.00000 0.325311
11152.00000 0.325571
11153.00000 0.326051
11154.00000 0.326474
11155.00000 0.326628
11156.00000 0.326855
11157.00000 0.327373
11158.00000 0.327779
11159.00000 0.328005
11160.00000 0.328348
11161.00000 0.32864
11162.00000 0.329082
11163.00000 0.329424
11164.00000 0.329713
11165.00000 0.329866
11166.00000 0.330451
11167.00000 0.330812
11168.00000 0.331175
11169.00000 0.33153
11170.00000 0.331927
11171.00000 0.332349
11172.00000 0.332601
11173.00000 0.333078
11174.00000 0.333304
11175.00000 0.333856
11176.00000 0.333993
11177.00000 0.334452
11178.00000 0.3347
11179.00000 0.335337
11180.00000 0.335674
11181.00000 0.336028
11182.00000 0.33637
11183.00000 0.336905
11184.00000 0.337298
11185.00000 0.337574
11186.00000 0.338171
11187.00000 0.338458
11188.00000 0.339047
11189.00000 0.339369
11190.00000 0.339659
11191.00000 0.340055
11192.00000 0.340715
11193.00000 0.341062
11194.00000 0.341315
11195.00000 0.341785
11196.00000 0.342297
11197.00000 0.342896
11198.00000 0.343024
11199.00000 0.343621
11200.00000 0.344139
11201.00000 0.344664
11202.00000 0.34509
11203.00000 0.3456
11204.00000 0.345899
11205.00000 0.346544
11206.00000 0.347034
11207.00000 0.347377
11208.00000 0.347816
11209.00000 0.348555
11210.00000 0.348952
11211.00000 0.349303
11212.00000 0.349799
11213.00000 0.350366
11214.00000 0.350989
11215.00000 0.351469
11216.00000 0.351784
11217.00000 0.352312
11218.00000 0.353038
11219.00000 0.353627
11220.00000 0.353867
11221.00000 0.354435
11222.00000 0.355204
11223.00000 0.355599
11224.00000 0.356071
11225.00000 0.356315
11226.00000 0.357012
11227.00000 0.357753
11228.00000 0.358191
11229.00000 0.358654
11230.00000 0.359177
11231.00000 0.359801
11232.00000 0.360374
11233.00000 0.360654
11234.00000 0.361266
11235.00000 0.361983
11236.00000 0.362541
11237.00000 0.36296
11238.00000 0.363683
11239.00000 0.36419
11240.00000 0.364745
11241.00000 0.365332
11242.00000 0.365588
11243.00000 0.366234
11244.00000 0.366986
11245.00000 0.367425
11246.00000 0.368083
11247.00000 0.368341
11248.00000 0.369085
11249.00000 0.369684
11250.00000 0.370253
11251.00000 0.37056
11252.00000 0.371197
11253.00000 0.37186
11254.00000 0.372439
11255.00000 0.372657
11256.00000 0.373102
11257.00000 0.37414
11258.00000 0.374617
11259.00000 0.37522
11260.00000 0.375761
11261.00000 0.376447
11262.00000 0.376811
11263.00000 0.37742
11264.00000 0.377785
11265.00000 0.378473
11266.00000 0.378993
11267.00000 0.379411
11268.00000 0.379821
11269.00000 0.380562
11270.00000 0.381321
11271.00000 0.381714
11272.00000 0.38224
11273.00000 0.382569
11274.00000 0.3834
11275.00000 0.383846
11276.00000 0.384259
11277.00000 0.384699
11278.00000 0.385251
11279.00000 0.385905
11280.00000 0.386329
11281.00000 0.386751
11282.00000 0.387105
11283.00000 0.387934
11284.00000 0.388382
11285.00000 0.3889
11286.00000 0.389155
11287.00000 0.390085
11288.00000 0.390628
11289.00000 0.390922
11290.00000 0.391384
11291.00000 0.391986
11292.00000 0.392684
11293.00000 0.392893
11294.00000 0.393398
11295.00000 0.393934
11296.00000 0.394519
11297.00000 0.395016
11298.00000 0.395416
11299.00000 0.395864
11300.00000 0.396605
11301.00000 0.396949
11302.00000 0.397361
11303.00000 0.397979
11304.00000 0.397688
11305.00000 0.399102
11306.00000 0.399752
11307.00000 0.399872
11308.00000 0.400617
11309.00000 0.401015
11310.00000 0.401457
11311.00000 0.401864
11312.00000 0.402308
11313.00000 0.402911
11314.00000 0.403559
11315.00000 0.403888
11316.00000 0.404353
11317.00000 0.404856
11318.00000 0.405417
11319.00000 0.405811
11320.00000 0.406318
11321.00000 0.406858
11322.00000 0.40727
11323.00000 0.40803
11324.00000 0.408291
11325.00000 0.408691
11326.00000 0.409381
11327.00000 0.409879
11328.00000 0.410129
11329.00000 0.410641
11330.00000 0.411106
11331.00000 0.41186
11332.00000 0.412072
11333.00000 0.412624
11334.00000 0.41303
11335.00000 0.413683
11336.00000 0.414136
11337.00000 0.414278
11338.00000 0.414998
11339.00000 0.415445
11340.00000 0.416054
11341.00000 0.416674
11342.00000 0.417155
11343.00000 0.417576
11344.00000 0.41798
11345.00000 0.418452
11346.00000 0.418853
11347.00000 0.419564
11348.00000 0.420027
11349.00000 0.420403
11350.00000 0.4208
11351.00000 0.421378
11352.00000 0.422025
11353.00000 0.422493
11354.00000 0.423092
11355.00000 0.423264
11356.00000 0.424057
11357.00000 0.424559
11358.00000 0.425203
11359.00000 0.425496
11360.00000 0.426185
11361.00000 0.426581
11362.00000 0.427019
11363.00000 0.427513
11364.00000 0.42799
11365.00000 0.428697
11366.00000 0.428984
11367.00000 0.429686
11368.00000 0.429938
11369.00000 0.430701
11370.00000 0.431275
11371.00000 0.43155
11372.00000 0.431981
11373.00000 0.432709
11374.00000 0.43328
11375.00000 0.433889
11376.00000 0.43425
11377.00000 0.434816
11378.00000 0.435529
11379.00000 0.435848
11380.00000 0.436409
11381.00000 0.436986
11382.00000 0.43778
11383.00000 0.438188
11384.00000 0.438556
11385.00000 0.439075
11386.00000 0.439667
11387.00000 0.440259
11388.00000 0.440759
11389.00000 0.441346
11390.00000 0.441876
11391.00000 0.442739
11392.00000 0.443105
11393.00000 0.443643
11394.00000 0.44392
11395.00000 0.444874
11396.00000 0.445335
11397.00000 0.445773
11398.00000 0.446496
11399.00000 0.447099
11400.00000 0.447852
11401.00000 0.448172
11402.00000 0.448872
11403.00000 0.449372
11404.00000 0.450088
11405.00000 0.450509
11406.00000 0.450942
11407.00000 0.451539
11408.00000 0.452556
11409.00000 0.452801
11410.00000 0.453359
11411.00000 0.454169
11412.00000 0.454851
11413.00000 0.455498
11414.00000 0.456058
11415.00000 0.456607
11416.00000 0.457241
11417.00000 0.457879
11418.00000 0.458469
11419.00000 0.458888
11420.00000 0.459566
11421.00000 0.460151
11422.00000 0.460805
11423.00000 0.461325
11424.00000 0.46193
11425.00000 0.462614
11426.00000 0.463304
11427.00000 0.463845
11428.00000 0.464299
11429.00000 0.465295
11430.00000 0.465802
11431.00000 0.466459
11432.00000 0.466833
11433.00000 0.467667
11434.00000 0.468265
11435.00000 0.46914
11436.00000 0.469613
11437.00000 0.470114
11438.00000 0.471031
11439.00000 0.471478
11440.00000 0.472049
11441.00000 0.472678
11442.00000 0.473349
11443.00000 0.47424
11444.00000 0.474914
11445.00000 0.475332
11446.00000 0.475925
11447.00000 0.476804
11448.00000 0.4774
11449.00000 0.477576
11450.00000 0.478301
11451.00000 0.479279
11452.00000 0.480099
11453.00000 0.480547
11454.00000 0.480936
11455.00000 0.481955
11456.00000 0.482582
11457.00000 0.483032
11458.00000 0.483496
11459.00000 0.484279
11460.00000 0.48506
11461.00000 0.485646
11462.00000 0.48624
11463.00000 0.486811
11464.00000 0.48757
11465.00000 0.488198
11466.00000 0.488776
11467.00000 0.489375
11468.00000 0.490317
11469.00000 0.491111
11470.00000 0.491392
11471.00000 0.492088
11472.00000 0.492667
11473.00000 0.493601
11474.00000 0.493947
11475.00000 0.494596
11476.00000 0.49512
11477.00000 0.49613
11478.00000 0.496744
11479.00000 0.497289
11480.00000 0.497878
11481.00000 0.498727
11482.00000 0.499306
11483.00000 0.499645
11484.00000 0.500442
11485.00000 0.501008
11486.00000 0.501886
11487.00000 0.502498
11488.00000 0.50288
11489.00000 0.503509
11490.00000 0.504362
11491.00000 0.505136
11492.00000 0.505425
11493.00000 0.506155
11494.00000 0.507036
11495.00000 0.507612
11496.00000 0.508111
11497.00000 0.508617
11498.00000 0.509509
11499.00000 0.51036
11500.00000 0.510747
11501.00000 0.511186
11502.00000 0.511814
11503.00000 0.512794
11504.00000 0.513242
11505.00000 0.513749
11506.00000 0.514365
11507.00000 0.515154
11508.00000 0.515971
11509.00000 0.516246
11510.00000 0.516785
11511.00000 0.517808
11512.00000 0.518403
11513.00000 0.518981
11514.00000 0.519547
11515.00000 0.520232
11516.00000 0.520877
11517.00000 0.521387
11518.00000 0.52191
11519.00000 0.522704
11520.00000 0.523295
11521.00000 0.523902
11522.00000 0.524655
11523.00000 0.525102
11524.00000 0.525999
11525.00000 0.526423
11526.00000 0.526951
11527.00000 0.52751
11528.00000 0.528347
11529.00000 0.52907
11530.00000 0.529851
11531.00000 0.530143
11532.00000 0.53075
11533.00000 0.531572
11534.00000 0.531995
11535.00000 0.532664
11536.00000 0.533204
11537.00000 0.53397
11538.00000 0.534673
11539.00000 0.535374
11540.00000 0.535845
11541.00000 0.53634
11542.00000 0.53707
11543.00000 0.537619
11544.00000 0.538046
11545.00000 0.53899
11546.00000 0.54005
11547.00000 0.540227
11548.00000 0.540932
