threeML/data/optical_filters/TCS/CAIN3-paschen.ecsv
# %ECSV 0.9
# ---
# datatype:
# - {name: wavelength, unit: Angstrom, datatype: float32}
# - {name: response, datatype: float32}
# meta: !!omap
# - {band_name: paschen}
# - {group_name: CAIN3}
wavelength response
11341.79980 0.0
12602.00000 0.004052
12603.00000 0.004212
12604.00000 0.004134
12605.00000 0.004252
12606.00000 0.00428
12607.00000 0.004343
12608.00000 0.004414
12609.00000 0.004483
12610.00000 0.004503
12611.00000 0.00462
12612.00000 0.004632
12613.00000 0.004751
12614.00000 0.004805
12615.00000 0.004895
12616.00000 0.004961
12617.00000 0.005025
12618.00000 0.005106
12619.00000 0.005031
12620.00000 0.005161
12621.00000 0.00535
12622.00000 0.005422
12623.00000 0.005455
12624.00000 0.00558
12625.00000 0.005624
12626.00000 0.005746
12627.00000 0.005813
12628.00000 0.00589
12629.00000 0.006038
12630.00000 0.006082
12631.00000 0.006109
12632.00000 0.006297
12633.00000 0.006327
12634.00000 0.006416
12635.00000 0.006557
12636.00000 0.00662
12637.00000 0.006768
12638.00000 0.006809
12639.00000 0.006978
12640.00000 0.00711
12641.00000 0.007187
12642.00000 0.007347
12643.00000 0.007423
12644.00000 0.007618
12645.00000 0.007795
12646.00000 0.00785
12647.00000 0.007815
12648.00000 0.008049
12649.00000 0.008224
12650.00000 0.008395
12651.00000 0.0085
12652.00000 0.008566
12653.00000 0.008838
12654.00000 0.008919
12655.00000 0.009101
12656.00000 0.009277
12657.00000 0.009465
12658.00000 0.009687
12659.00000 0.009677
12660.00000 0.009857
12661.00000 0.010136
12662.00000 0.010309
12663.00000 0.01046
12664.00000 0.010774
12665.00000 0.010809
12666.00000 0.011112
12667.00000 0.01135
12668.00000 0.011526
12669.00000 0.011707
12670.00000 0.012002
12671.00000 0.012345
12672.00000 0.012491
12673.00000 0.012688
12674.00000 0.012935
12675.00000 0.013321
12676.00000 0.013553
12677.00000 0.013735
12678.00000 0.013996
12679.00000 0.014441
12680.00000 0.014667
12681.00000 0.014958
12682.00000 0.015243
12683.00000 0.015652
12684.00000 0.015995
12685.00000 0.016285
12686.00000 0.016581
12687.00000 0.017015
12688.00000 0.017511
12689.00000 0.017913
12690.00000 0.018184
12691.00000 0.018556
12692.00000 0.019156
12693.00000 0.019522
12694.00000 0.019922
12695.00000 0.020242
12696.00000 0.020976
12697.00000 0.021581
12698.00000 0.021915
12699.00000 0.022305
12700.00000 0.02291
12701.00000 0.023758
12702.00000 0.024213
12703.00000 0.02464
12704.00000 0.025099
12705.00000 0.026083
12706.00000 0.026651
12707.00000 0.027252
12708.00000 0.027846
12709.00000 0.028802
12710.00000 0.029525
12711.00000 0.030173
12712.00000 0.030775
12713.00000 0.031548
12714.00000 0.033022
12715.00000 0.033676
12716.00000 0.034251
12717.00000 0.035193
12718.00000 0.036683
12719.00000 0.037422
12720.00000 0.038183
12721.00000 0.039307
12722.00000 0.040606
12723.00000 0.041818
12724.00000 0.042948
12725.00000 0.043805
12726.00000 0.045303
12727.00000 0.046986
12728.00000 0.048039
12729.00000 0.049016
12730.00000 0.050339
12731.00000 0.052821
12732.00000 0.054149
12733.00000 0.055319
12734.00000 0.0567
12735.00000 0.059154
12736.00000 0.060934
12737.00000 0.062107
12738.00000 0.063442
12739.00000 0.065779
12740.00000 0.06857
12741.00000 0.070179
12742.00000 0.071791
12743.00000 0.073965
12744.00000 0.077297
12745.00000 0.079133
12746.00000 0.08114
12747.00000 0.083204
12748.00000 0.086808
12749.00000 0.089834
12750.00000 0.092035
12751.00000 0.094421
12752.00000 0.098154
12753.00000 0.101939
12754.00000 0.104029
12755.00000 0.106679
12756.00000 0.11003
12757.00000 0.115031
12758.00000 0.117898
12759.00000 0.120872
12760.00000 0.123817
12761.00000 0.129963
12762.00000 0.133458
12763.00000 0.136192
12764.00000 0.139606
12765.00000 0.146096
12766.00000 0.151085
12767.00000 0.15455
12768.00000 0.158129
12769.00000 0.162932
12770.00000 0.170212
12771.00000 0.174062
12772.00000 0.178319
12773.00000 0.182447
12774.00000 0.190946
12775.00000 0.195807
12776.00000 0.200435
12777.00000 0.204981
12778.00000 0.212699
12779.00000 0.218966
12780.00000 0.223726
12781.00000 0.228475
12782.00000 0.235514
12783.00000 0.244857
12784.00000 0.25024
12785.00000 0.255411
12786.00000 0.262286
12787.00000 0.271512
12788.00000 0.277747
12789.00000 0.283355
12790.00000 0.289586
12791.00000 0.299772
12792.00000 0.307634
12793.00000 0.313166
12794.00000 0.31999
12795.00000 0.327095
12796.00000 0.336924
12797.00000 0.343128
12798.00000 0.349144
12799.00000 0.3575
12800.00000 0.368218
12801.00000 0.375322
12802.00000 0.381194
12803.00000 0.387737
12804.00000 0.397421
12805.00000 0.405521
12806.00000 0.410233
12807.00000 0.41728
12808.00000 0.425379
12809.00000 0.43527
12810.00000 0.440276
12811.00000 0.446686
12812.00000 0.451552
12813.00000 0.463105
12814.00000 0.468097
12815.00000 0.473993
12816.00000 0.479622
12817.00000 0.489935
12818.00000 0.495256
12819.00000 0.50049
12820.00000 0.50603
12821.00000 0.511525
12822.00000 0.518766
12823.00000 0.522645
12824.00000 0.527452
12825.00000 0.531852
12826.00000 0.539216
12827.00000 0.542663
12828.00000 0.547759
12829.00000 0.550963
12830.00000 0.55661
12831.00000 0.560056
12832.00000 0.563679
12833.00000 0.566238
12834.00000 0.572657
12835.00000 0.575048
12836.00000 0.578421
12837.00000 0.580245
12838.00000 0.583904
12839.00000 0.587615
12840.00000 0.590214
12841.00000 0.591813
12842.00000 0.594723
12843.00000 0.59721
12844.00000 0.600079
12845.00000 0.60143
12846.00000 0.603139
12847.00000 0.604757
12848.00000 0.607159
12849.00000 0.608456
12850.00000 0.609682
12851.00000 0.611174
12852.00000 0.612761
12853.00000 0.61393
12854.00000 0.614726
12855.00000 0.616137
12856.00000 0.616823
12857.00000 0.618306
12858.00000 0.617989
12859.00000 0.61935
12860.00000 0.619476
12861.00000 0.620945
12862.00000 0.620268
12863.00000 0.621555
12864.00000 0.62102
12865.00000 0.621619
12866.00000 0.620964
12867.00000 0.621673
12868.00000 0.620619
12869.00000 0.62105
12870.00000 0.620021
12871.00000 0.620108
12872.00000 0.61894
12873.00000 0.618457
12874.00000 0.617067
12875.00000 0.616335
12876.00000 0.615447
12877.00000 0.614106
12878.00000 0.612317
12879.00000 0.610825
12880.00000 0.609745
12881.00000 0.60759
12882.00000 0.605338
12883.00000 0.602439
12884.00000 0.601234
12885.00000 0.597725
12886.00000 0.595497
12887.00000 0.590802
12888.00000 0.58939
12889.00000 0.586023
12890.00000 0.582383
12891.00000 0.577642
12892.00000 0.575247
12893.00000 0.57151
12894.00000 0.567748
12895.00000 0.561593
12896.00000 0.55726
12897.00000 0.553658
12898.00000 0.549526
12899.00000 0.542368
12900.00000 0.536941
12901.00000 0.532885
12902.00000 0.527853
12903.00000 0.520478
12904.00000 0.513325
12905.00000 0.50819
12906.00000 0.503022
12907.00000 0.496259
12908.00000 0.487437
12909.00000 0.482372
12910.00000 0.476878
12911.00000 0.471322
12912.00000 0.460982
12913.00000 0.454002
12914.00000 0.448451
12915.00000 0.4426
12916.00000 0.43335
12917.00000 0.425763
12918.00000 0.419623
12919.00000 0.413851
12920.00000 0.404961
12921.00000 0.395844
12922.00000 0.388645
12923.00000 0.382705
12924.00000 0.376617
12925.00000 0.365819
12926.00000 0.358561
12927.00000 0.353151
12928.00000 0.345908
12929.00000 0.336974
12930.00000 0.329139
12931.00000 0.323056
12932.00000 0.317422
12933.00000 0.31065
12934.00000 0.301608
12935.00000 0.295966
12936.00000 0.291078
12937.00000 0.284317
12938.00000 0.2755
12939.00000 0.268048
12940.00000 0.26354
12941.00000 0.257471
12942.00000 0.249575
12943.00000 0.243081
12944.00000 0.239163
12945.00000 0.233609
12946.00000 0.227324
12947.00000 0.220664
12948.00000 0.216189
12949.00000 0.211104
12950.00000 0.206443
12951.00000 0.199864
12952.00000 0.194934
12953.00000 0.191062
12954.00000 0.186714
12955.00000 0.180895
12956.00000 0.175437
12957.00000 0.1719
12958.00000 0.167819
12959.00000 0.162765
12960.00000 0.158178
12961.00000 0.155239
12962.00000 0.151649
12963.00000 0.147843
12964.00000 0.143116
12965.00000 0.139851
12966.00000 0.136986
12967.00000 0.133503
12968.00000 0.129506
12969.00000 0.126373
12970.00000 0.124142
12971.00000 0.121107
12972.00000 0.117952
12973.00000 0.11427
12974.00000 0.111702
12975.00000 0.109583
12976.00000 0.107055
12977.00000 0.103852
12978.00000 0.101617
12979.00000 0.09962
12980.00000 0.097488
12981.00000 0.094489
12982.00000 0.092226
12983.00000 0.090398
12984.00000 0.088712
12985.00000 0.086201
12986.00000 0.08413
12987.00000 0.082645
12988.00000 0.081076
12989.00000 0.079131
12990.00000 0.076652
12991.00000 0.075121
12992.00000 0.073604
12993.00000 0.072117
12994.00000 0.070099
12995.00000 0.068499
12996.00000 0.067366
12997.00000 0.066211
12998.00000 0.064483
12999.00000 0.062855
13000.00000 0.061776
13001.00000 0.060629
13002.00000 0.059415
13003.00000 0.057873
13004.00000 0.056786
13005.00000 0.055817
13006.00000 0.054819
13007.00000 0.053146
13008.00000 0.051899
13009.00000 0.051161
13010.00000 0.05028
13011.00000 0.048999
13012.00000 0.047816
13013.00000 0.047204
13014.00000 0.046225
13015.00000 0.045326
13016.00000 0.044223
13017.00000 0.043355
13018.00000 0.042645
13019.00000 0.041904
13020.00000 0.040911
13021.00000 0.040105
13022.00000 0.039519
13023.00000 0.038838
13024.00000 0.03786
13025.00000 0.036924
13026.00000 0.0364
13027.00000 0.03586
13028.00000 0.03495
13029.00000 0.034175
13030.00000 0.033678
13031.00000 0.033255
13032.00000 0.032601
13033.00000 0.03178
13034.00000 0.031148
13035.00000 0.030725
13036.00000 0.030208
13037.00000 0.029571
13038.00000 0.02893
13039.00000 0.028478
13040.00000 0.027953
13041.00000 0.027554
13042.00000 0.026868
13043.00000 0.026387
13044.00000 0.026143
13045.00000 0.025571
13046.00000 0.024918
13047.00000 0.024624
13048.00000 0.024145
13049.00000 0.023719
13050.00000 0.023299
13051.00000 0.022813
13052.00000 0.022478
13053.00000 0.022105
13054.00000 0.021702
13055.00000 0.021184
13056.00000 0.020946
13057.00000 0.02063
13058.00000 0.020213
13059.00000 0.019692
13060.00000 0.019417
13061.00000 0.019039
13062.00000 0.018874
13063.00000 0.018323
13064.00000 0.01794
13065.00000 0.017932
13066.00000 0.017521
13067.00000 0.017163
13068.00000 0.016824
13069.00000 0.016553
13070.00000 0.01632
13071.00000 0.016064
13072.00000 0.01565
13073.00000 0.015513
13074.00000 0.015158
13075.00000 0.014936
13076.00000 0.014634
13077.00000 0.014376
13078.00000 0.014202
13079.00000 0.013964
13080.00000 0.013723
13081.00000 0.01329
13082.00000 0.013084
13083.00000 0.013046
13084.00000 0.01272
13085.00000 0.012446
13086.00000 0.012325
13087.00000 0.012115
13088.00000 0.011907
13089.00000 0.011677
13090.00000 0.011422
13091.00000 0.011327
13092.00000 0.011144
13093.00000 0.010876
13094.00000 0.010598
13095.00000 0.010464
13096.00000 0.010399
13097.00000 0.010254
13098.00000 0.009975
13099.00000 0.009887
13100.00000 0.009793
13101.00000 0.009524
13102.00000 0.009381
13103.00000 0.009204
13104.00000 0.009047
13105.00000 0.008949
13106.00000 0.008773
13107.00000 0.008545
13108.00000 0.008556
13109.00000 0.008349
13110.00000 0.00821
13111.00000 0.008018
13112.00000 0.007934
13113.00000 0.007818
13114.00000 0.007734
13115.00000 0.007587
13116.00000 0.007355
13117.00000 0.007219
13118.00000 0.00714
13119.00000 0.007051
13120.00000 0.006856
13121.00000 0.006784
13122.00000 0.00678
13123.00000 0.006646
13124.00000 0.006507
13125.00000 0.006356
13126.00000 0.006235
13127.00000 0.006201
13128.00000 0.006037
13129.00000 0.005948
13130.00000 0.005839
13131.00000 0.005791
13132.00000 0.005647
13133.00000 0.005555
13134.00000 0.005436
13135.00000 0.005507
13136.00000 0.005187
13137.00000 0.005214
13138.00000 0.005098
13139.00000 0.005032
13140.00000 0.005023
13141.00000 0.004837
13142.00000 0.004892
13143.00000 0.004743
13144.00000 0.004647
13145.00000 0.004562
13146.00000 0.004522
13147.00000 0.004508
13148.00000 0.004313
13149.00000 0.004263
13150.00000 0.004182
13151.00000 0.004196
13152.00000 0.004139
13153.00000 0.004003
14468.29980 0.0
