threeML/data/optical_filters/TCS/CAIN3-J.ecsv
# %ECSV 0.9
# ---
# datatype:
# - {name: wavelength, unit: Angstrom, datatype: float32}
# - {name: response, datatype: float32}
# meta: !!omap
# - {band_name: J}
# - {group_name: CAIN3}
wavelength response
[from data line 3066]
13849.00000 0.836952
13850.00000 0.836489
13851.00000 0.835931
13852.00000 0.835807
13853.00000 0.835559
13854.00000 0.835123
13855.00000 0.835078
13856.00000 0.834738
13857.00000 0.83468
13858.00000 0.834199
13859.00000 0.833752
13860.00000 0.833472
13861.00000 0.833165
13862.00000 0.833041
13863.00000 0.832793
13864.00000 0.832429
13865.00000 0.832095
13866.00000 0.831705
13867.00000 0.831582
13868.00000 0.831314
13869.00000 0.830908
13870.00000 0.83048
13871.00000 0.830249
13872.00000 0.830013
13873.00000 0.829459
13874.00000 0.829038
13875.00000 0.828852
13876.00000 0.828984
13877.00000 0.827984
13878.00000 0.827669
13879.00000 0.827523
13880.00000 0.827281
13881.00000 0.826814
13882.00000 0.826541
13883.00000 0.825837
13884.00000 0.825751
13885.00000 0.825315
13886.00000 0.82495
13887.00000 0.824851
13888.00000 0.824267
13889.00000 0.824043
13890.00000 0.823482
13891.00000 0.823102
13892.00000 0.822834
13893.00000 0.822528
13894.00000 0.822215
13895.00000 0.821494
13896.00000 0.821109
13897.00000 0.820917
13898.00000 0.820419
13899.00000 0.819641
13900.00000 0.819658
13901.00000 0.819119
13902.00000 0.818959
13903.00000 0.818392
13904.00000 0.817978
13905.00000 0.817639
13906.00000 0.817383
13907.00000 0.816734
13908.00000 0.816171
13909.00000 0.816092
13910.00000 0.815794
13911.00000 0.815
13912.00000 0.814483
13913.00000 0.814027
13914.00000 0.813984
13915.00000 0.813419
13916.00000 0.812274
13917.00000 0.813101
13918.00000 0.811873
13919.00000 0.8117
13920.00000 0.810802
13921.00000 0.810432
13922.00000 0.810028
13923.00000 0.809744
13924.00000 0.809202
13925.00000 0.80862
13926.00000 0.808275
13927.00000 0.807732
13928.00000 0.807366
13929.00000 0.806575
13930.00000 0.806207
13931.00000 0.805697
13932.00000 0.805433
13933.00000 0.804728
13934.00000 0.804157
13935.00000 0.803667
13936.00000 0.803458
13937.00000 0.802664
13938.00000 0.802084
13939.00000 0.801672
13940.00000 0.801286
13941.00000 0.800648
13942.00000 0.799845
13943.00000 0.799167
13944.00000 0.798829
13945.00000 0.798262
13946.00000 0.797531
13947.00000 0.796586
13948.00000 0.796292
13949.00000 0.795328
13950.00000 0.794897
13951.00000 0.793794
13952.00000 0.793495
13953.00000 0.792855
13954.00000 0.792042
13955.00000 0.791053
13956.00000 0.790511
13957.00000 0.789797
13958.00000 0.789172
13959.00000 0.788208
13960.00000 0.78725
13961.00000 0.786744
13962.00000 0.786043
13963.00000 0.785256
13964.00000 0.783706
13965.00000 0.783138
13966.00000 0.782532
13967.00000 0.781505
13968.00000 0.780176
13969.00000 0.779433
13970.00000 0.778628
13971.00000 0.777547
13972.00000 0.77608
13973.00000 0.774778
13974.00000 0.774009
13975.00000 0.773153
13976.00000 0.771794
13977.00000 0.770533
13978.00000 0.769129
13979.00000 0.768411
13980.00000 0.766906
13981.00000 0.765081
13982.00000 0.763573
13983.00000 0.762672
13984.00000 0.761338
13985.00000 0.758915
13986.00000 0.757547
13987.00000 0.75631
13988.00000 0.7551
13989.00000 0.752356
13990.00000 0.750934
13991.00000 0.749457
13992.00000 0.747657
13993.00000 0.745815
13994.00000 0.743994
13995.00000 0.741746
13996.00000 0.73988
13997.00000 0.738258
13998.00000 0.735158
13999.00000 0.733472
14000.00000 0.731659
14001.00000 0.729678
14002.00000 0.726516
14003.00000 0.723837
14004.00000 0.721934
14005.00000 0.719772
14006.00000 0.716742
14007.00000 0.713591
14008.00000 0.711378
14009.00000 0.708295
14010.00000 0.706945
14011.00000 0.702936
14012.00000 0.700508
14013.00000 0.698105
14014.00000 0.695469
14015.00000 0.691332
14016.00000 0.687954
14017.00000 0.685927
14018.00000 0.683023
14019.00000 0.678892
14020.00000 0.674522
14021.00000 0.671782
14022.00000 0.668662
14023.00000 0.665265
14024.00000 0.66055
14025.00000 0.657322
14026.00000 0.654562
14027.00000 0.651478
14028.00000 0.645963
14029.00000 0.641966
14030.00000 0.638825
14031.00000 0.63555
14032.00000 0.630279
14033.00000 0.624976
14034.00000 0.621319
14035.00000 0.618229
14036.00000 0.613011
14037.00000 0.606576
14038.00000 0.60281
14039.00000 0.599431
14040.00000 0.595567
14041.00000 0.58842
14042.00000 0.583009
14043.00000 0.580363
14044.00000 0.576166
14045.00000 0.570163
14046.00000 0.563533
14047.00000 0.559599
14048.00000 0.555647
14049.00000 0.550906
14050.00000 0.542441
14051.00000 0.538346
14052.00000 0.534177
14053.00000 0.529373
14054.00000 0.521574
14055.00000 0.516388
14056.00000 0.512662
14057.00000 0.508357
14058.00000 0.500592
14059.00000 0.494704
14060.00000 0.490046
14061.00000 0.485356
14062.00000 0.479575
14063.00000 0.472177
14064.00000 0.467031
14065.00000 0.463501
14066.00000 0.45864
14067.00000 0.449609
14068.00000 0.444653
14069.00000 0.440433
14070.00000 0.435594
14071.00000 0.427647
14072.00000 0.42135
14073.00000 0.417995
14074.00000 0.413424
14075.00000 0.407004
14076.00000 0.399046
14077.00000 0.394085
14078.00000 0.390125
14079.00000 0.385383
14080.00000 0.376485
14081.00000 0.371715
14082.00000 0.367433
14083.00000 0.363218
14084.00000 0.355092
14085.00000 0.349209
14086.00000 0.344623
14087.00000 0.340284
14088.00000 0.33368
14089.00000 0.325838
14090.00000 0.321537
14091.00000 0.317305
14092.00000 0.312451
14093.00000 0.303985
14094.00000 0.299743
14095.00000 0.295163
14096.00000 0.291127
14097.00000 0.283859
14098.00000 0.278708
14099.00000 0.274068
14100.00000 0.270386
14101.00000 0.263898
14102.00000 0.257901
14103.00000 0.253673
14104.00000 0.249571
14105.00000 0.244314
14106.00000 0.237572
14107.00000 0.233527
14108.00000 0.230347
14109.00000 0.226848
14110.00000 0.21973
14111.00000 0.215077
14112.00000 0.211371
14113.00000 0.207635
14114.00000 0.202953
14115.00000 0.197725
14116.00000 0.194656
14117.00000 0.191714
14118.00000 0.18739
14119.00000 0.1812
14120.00000 0.178142
14121.00000 0.175207
14122.00000 0.171471
14123.00000 0.166529
14124.00000 0.163137
14125.00000 0.160099
14126.00000 0.156765
14127.00000 0.152698
14128.00000 0.147976
14129.00000 0.145252
14130.00000 0.142518
14131.00000 0.139305
14132.00000 0.134343
14133.00000 0.131794
14134.00000 0.129556
14135.00000 0.126684
14136.00000 0.122005
14137.00000 0.119457
14138.00000 0.117268
14139.00000 0.115162
14140.00000 0.11119
14141.00000 0.108038
14142.00000 0.106077
14143.00000 0.103787
14144.00000 0.100745
14145.00000 0.097807
14146.00000 0.095853
14147.00000 0.093726
14148.00000 0.091297
14149.00000 0.088088
14150.00000 0.085985
14151.00000 0.084508
14152.00000 0.08271
14153.00000 0.079554
14154.00000 0.077329
14155.00000 0.075861
14156.00000 0.074232
14157.00000 0.072279
14158.00000 0.069285
14159.00000 0.068983
14160.00000 0.066754
14161.00000 0.065248
14162.00000 0.062716
14163.00000 0.061455
14164.00000 0.060146
14165.00000 0.058805
14166.00000 0.056903
14167.00000 0.055316
14168.00000 0.054161
14169.00000 0.052967
14170.00000 0.051376
14171.00000 0.049643
14172.00000 0.048694
14173.00000 0.047694
14174.00000 0.0464
14175.00000 0.044647
14176.00000 0.043676
14177.00000 0.042838
14178.00000 0.041719
14179.00000 0.04019
14180.00000 0.039158
14181.00000 0.038432
14182.00000 0.03753
14183.00000 0.036487
14184.00000 0.035163
14185.00000 0.034444
14186.00000 0.033742
14187.00000 0.032862
14188.00000 0.031598
14189.00000 0.030873
14190.00000 0.030239
14191.00000 0.029648
14192.00000 0.0285
14193.00000 0.027851
14194.00000 0.027314
14195.00000 0.02658
14196.00000 0.025869
14197.00000 0.025011
14198.00000 0.024551
14199.00000 0.02403
14200.00000 0.023514
14201.00000 0.022639
14202.00000 0.022173
14203.00000 0.021722
14204.00000 0.021134
14205.00000 0.020389
14206.00000 0.019945
14207.00000 0.019574
14208.00000 0.019156
14209.00000 0.018635
14210.00000 0.018042
14211.00000 0.017732
14212.00000 0.01737
14213.00000 0.016874
14214.00000 0.016406
14215.00000 0.016112
14216.00000 0.015801
14217.00000 0.015448
14218.00000 0.014981
14219.00000 0.014649
14220.00000 0.014376
14221.00000 0.014133
14222.00000 0.013615
14223.00000 0.013235
14224.00000 0.013
14225.00000 0.012772
14226.00000 0.012428
14227.00000 0.012059
14228.00000 0.011829
14229.00000 0.011544
14230.00000 0.011345
14231.00000 0.010977
14232.00000 0.010717
14233.00000 0.010582
14234.00000 0.010293
14235.00000 0.010058
14236.00000 0.0098
14237.00000 0.009615
14238.00000 0.009416
14239.00000 0.009174
14240.00000 0.008886
14241.00000 0.008727
14242.00000 0.008589
14243.00000 0.008402
14244.00000 0.008122
14245.00000 0.007993
14246.00000 0.007848
14247.00000 0.007701
14248.00000 0.007475
14249.00000 0.007274
14250.00000 0.007157
14251.00000 0.007068
14252.00000 0.006893
14253.00000 0.006669
14254.00000 0.006569
14255.00000 0.006461
14256.00000 0.006295
14257.00000 0.006128
14258.00000 0.006004
14259.00000 0.005893
14260.00000 0.005832
14261.00000 0.005645
14262.00000 0.005509
14263.00000 0.005448
14264.00000 0.00536
14265.00000 0.005198
14266.00000 0.005075
14267.00000 0.004978
14268.00000 0.004909
14269.00000 0.00482
14270.00000 0.004644
14271.00000 0.004598
14272.00000 0.004509
14273.00000 0.004444
14274.00000 0.004305
14275.00000 0.004183
14276.00000 0.00414
14277.00000 0.004063
15704.70020 0.0
