threeML/data/optical_filters/TCS/CAIN3-K.ecsv
# %ECSV 0.9
# ---
# datatype:
# - {name: wavelength, unit: Angstrom, datatype: float32}
# - {name: response, datatype: float32}
# meta: !!omap
# - {band_name: K}
# - {group_name: CAIN3}
wavelength response
18038.69922 0.0
20043.00000 0.004069
20044.00000 0.004106
20045.00000 0.004115
20046.00000 0.004156
20047.00000 0.004182
20048.00000 0.004234
20049.00000 0.004258
20050.00000 0.004264
20051.00000 0.004328
20052.00000 0.004356
20053.00000 0.004369
20054.00000 0.004421
20055.00000 0.004452
20056.00000 0.004495
20057.00000 0.004521
20058.00000 0.004558
20059.00000 0.004593
20060.00000 0.004624
20061.00000 0.004669
20062.00000 0.004685
20063.00000 0.004747
20064.00000 0.0048
20065.00000 0.004827
20066.00000 0.004855
20067.00000 0.004916
20068.00000 0.004951
20069.00000 0.004973
20070.00000 0.005012
20071.00000 0.00505
20072.00000 0.00511
20073.00000 0.005134
20074.00000 0.005197
20075.00000 0.005228
20076.00000 0.00527
20077.00000 0.005323
20078.00000 0.005366
20079.00000 0.005373
20080.00000 0.005446
20081.00000 0.005499
20082.00000 0.005463
20083.00000 0.005546
20084.00000 0.005638
20085.00000 0.005658
20086.00000 0.005709
20087.00000 0.005743
20088.00000 0.005803
20089.00000 0.005857
20090.00000 0.00589
20091.00000 0.00593
20092.00000 0.005975
20093.00000 0.00604
20094.00000 0.006078
20095.00000 0.00614
20096.00000 0.006183
20097.00000 0.006214
20098.00000 0.006303
20099.00000 0.006331
20100.00000 0.006365
20101.00000 0.006408
20102.00000 0.006486
20103.00000 0.006526
20104.00000 0.00659
20105.00000 0.006633
20106.00000 0.006697
20107.00000 0.006767
20108.00000 0.006822
20109.00000 0.006851
20110.00000 0.006921
20111.00000 0.006994
20112.00000 0.007052
20113.00000 0.007077
20114.00000 0.007146
20115.00000 0.007208
20116.00000 0.007264
20117.00000 0.007329
20118.00000 0.007368
20119.00000 0.007506
20120.00000 0.007533
20121.00000 0.007531
20122.00000 0.00758
20123.00000 0.00773
20124.00000 0.007769
20125.00000 0.007816
20126.00000 0.007872
20127.00000 0.007961
20128.00000 0.00807
20129.00000 0.008118
20130.00000 0.008119
20131.00000 0.008291
20132.00000 0.008302
20133.00000 0.008374
20134.00000 0.008451
20135.00000 0.008477
20136.00000 0.008626
20137.00000 0.008647
20138.00000 0.008724
20139.00000 0.008814
20140.00000 0.008841
20141.00000 0.008964
20142.00000 0.00902
20143.00000 0.009058
20144.00000 0.009191
20145.00000 0.009268
20146.00000 0.00932
20147.00000 0.009432
20148.00000 0.00943
20149.00000 0.009586
20150.00000 0.00966
20151.00000 0.009697
20152.00000 0.009776
20153.00000 0.009908
20154.00000 0.009977
20155.00000 0.010053
20156.00000 0.010107
20157.00000 0.010257
20158.00000 0.010332
20159.00000 0.010397
20160.00000 0.010512
20161.00000 0.010511
20162.00000 0.010689
20163.00000 0.010786
20164.00000 0.010852
20165.00000 0.010948
20166.00000 0.011013
20167.00000 0.011165
20168.00000 0.011246
20169.00000 0.01131
20170.00000 0.011425
20171.00000 0.011559
20172.00000 0.011636
20173.00000 0.01171
20174.00000 0.011803
20175.00000 0.011934
20176.00000 0.012057
20177.00000 0.01211
20178.00000 0.012177
20179.00000 0.012379
20180.00000 0.012458
20181.00000 0.012575
20182.00000 0.01266
20183.00000 0.012772
20184.00000 0.01295
20185.00000 0.013042
20186.00000 0.01309
20187.00000 0.013231
20188.00000 0.013382
20189.00000 0.01349
20190.00000 0.01357
20191.00000 0.013715
20192.00000 0.013882
20193.00000 0.013983
20194.00000 0.014063
20195.00000 0.014168
20196.00000 0.014337
20197.00000 0.014544
20198.00000 0.014631
20199.00000 0.014685
20200.00000 0.014831
20201.00000 0.015048
20202.00000 0.01515
20203.00000 0.015264
20204.00000 0.015358
20205.00000 0.015539
20206.00000 0.015703
20207.00000 0.015802
20208.00000 0.015926
20209.00000 0.01611
20210.00000 0.016266
20211.00000 0.0164
20212.00000 0.016545
20213.00000 0.016685
20214.00000 0.016884
20215.00000 0.017009
20216.00000 0.017143
20217.00000 0.017247
20218.00000 0.017485
20219.00000 0.017655
20220.00000 0.017752
20221.00000 0.017918
20222.00000 0.01811
20223.00000 0.018306
20224.00000 0.018453
20225.00000 0.018565
20226.00000 0.018751
20227.00000 0.019
20228.00000 0.019125
20229.00000 0.019291
20230.00000 0.019412
20231.00000 0.019691
20232.00000 0.019863
20233.00000 0.020009
20234.00000 0.020145
20235.00000 0.020433
20236.00000 0.020594
20237.00000 0.020741
20238.00000 0.020912
20239.00000 0.021152
20240.00000 0.021421
20241.00000 0.021552
20242.00000 0.021697
20243.00000 0.021886
20244.00000 0.02216
20245.00000 0.022376
20246.00000 0.022553
20247.00000 0.022728
20248.00000 0.023047
20249.00000 0.023276
20250.00000 0.023437
20251.00000 0.023588
20252.00000 0.023847
20253.00000 0.024172
20254.00000 0.024352
20255.00000 0.024535
20256.00000 0.024787
20257.00000 0.025095
20258.00000 0.025295
20259.00000 0.025468
20260.00000 0.025708
20261.00000 0.026035
20262.00000 0.026254
20263.00000 0.026497
20264.00000 0.026655
20265.00000 0.027004
20266.00000 0.027339
20267.00000 0.027554
20268.00000 0.027755
20269.00000 0.027929
20270.00000 0.028384
20271.00000 0.028642
20272.00000 0.028883
20273.00000 0.029045
20274.00000 0.029417
20275.00000 0.029758
20276.00000 0.029922
20277.00000 0.030202
20278.00000 0.030611
20279.00000 0.03095
20280.00000 0.031176
20281.00000 0.031394
20282.00000 0.031691
20283.00000 0.032196
20284.00000 0.032446
20285.00000 0.032663
20286.00000 0.032946
20287.00000 0.033444
20288.00000 0.033738
20289.00000 0.033975
20290.00000 0.034238
20291.00000 0.034699
20292.00000 0.035098
20293.00000 0.035345
20294.00000 0.035576
20295.00000 0.035963
20296.00000 0.036478
20297.00000 0.036745
20298.00000 0.037059
20299.00000 0.037298
20300.00000 0.037888
20301.00000 0.038268
20302.00000 0.038525
20303.00000 0.038883
20304.00000 0.039415
20305.00000 0.03984
20306.00000 0.040122
20307.00000 0.040392
20308.00000 0.040913
20309.00000 0.041439
20310.00000 0.0418
20311.00000 0.042078
20312.00000 0.042437
20313.00000 0.04312
20314.00000 0.043451
20315.00000 0.043785
20316.00000 0.044154
20317.00000 0.044726
20318.00000 0.045246
20319.00000 0.045579
20320.00000 0.046001
20321.00000 0.04652
20322.00000 0.047103
20323.00000 0.04747
20324.00000 0.047814
20325.00000 0.048263
20326.00000 0.048954
20327.00000 0.049465
20328.00000 0.049863
20329.00000 0.050187
20330.00000 0.050884
20331.00000 0.05149
20332.00000 0.05181
20333.00000 0.052282
20334.00000 0.052694
20335.00000 0.053537
20336.00000 0.054021
20337.00000 0.054397
20338.00000 0.055029
20339.00000 0.055779
20340.00000 0.056167
20341.00000 0.056629
20342.00000 0.057149
20343.00000 0.057771
20344.00000 0.058568
20345.00000 0.058939
20346.00000 0.059484
20347.00000 0.06014
20348.00000 0.060834
20349.00000 0.06136
20350.00000 0.061823
20351.00000 0.062395
20352.00000 0.063349
20353.00000 0.063989
20354.00000 0.064449
20355.00000 0.064963
20356.00000 0.06602
20357.00000 0.066583
20358.00000 0.067084
20359.00000 0.067567
20360.00000 0.06845
20361.00000 0.069315
20362.00000 0.069899
20363.00000 0.070508
20364.00000 0.071082
20365.00000 0.072181
20366.00000 0.072706
20367.00000 0.073183
20368.00000 0.073826
20369.00000 0.074956
20370.00000 0.075811
20371.00000 0.076414
20372.00000 0.076926
20373.00000 0.077964
20374.00000 0.078854
20375.00000 0.079455
20376.00000 0.080095
20377.00000 0.080829
20378.00000 0.082125
20379.00000 0.082812
20380.00000 0.083477
20381.00000 0.084307
20382.00000 0.085132
20383.00000 0.08597
20384.00000 0.086742
20385.00000 0.087563
20386.00000 0.088598
20387.00000 0.089651
20388.00000 0.090426
20389.00000 0.090982
20390.00000 0.09205
20391.00000 0.093448
20392.00000 0.094085
20393.00000 0.094853
20394.00000 0.095584
20395.00000 0.09691
20396.00000 0.09795
20397.00000 0.098674
20398.00000 0.099539
20399.00000 0.10057
20400.00000 0.101865
20401.00000 0.102649
20402.00000 0.103445
20403.00000 0.104488
20404.00000 0.106054
20405.00000 0.106864
20406.00000 0.10768
20407.00000 0.108285
20408.00000 0.109993
20409.00000 0.111162
20410.00000 0.111999
20411.00000 0.112419
20412.00000 0.114756
20413.00000 0.115787
20414.00000 0.116401
20415.00000 0.117902
20416.00000 0.118285
20417.00000 0.120026
20418.00000 0.12106
20419.00000 0.121921
20420.00000 0.12294
20421.00000 0.124767
20422.00000 0.125798
20423.00000 0.127367
20424.00000 0.127446
20425.00000 0.129447
20426.00000 0.131237
20427.00000 0.131167
20428.00000 0.13333
20429.00000 0.134341
20430.00000 0.135724
20431.00000 0.136953
20432.00000 0.137999
20433.00000 0.139279
20434.00000 0.141528
20435.00000 0.141731
20436.00000 0.143783
20437.00000 0.144473
20438.00000 0.145997
20439.00000 0.148391
20440.00000 0.148421
20441.00000 0.149684
20442.00000 0.151704
20443.00000 0.153539
20444.00000 0.154457
20445.00000 0.155575
20446.00000 0.157106
20447.00000 0.15923
20448.00000 0.160333
20449.00000 0.161431
20450.00000 0.162576
20451.00000 0.164571
20452.00000 0.166314
20453.00000 0.167495
20454.00000 0.168759
20455.00000 0.170836
20456.00000 0.172712
20457.00000 0.173831
20458.00000 0.175176
20459.00000 0.17668
20460.00000 0.178967
20461.00000 0.180298
20462.00000 0.18164
20463.00000 0.182984
20464.00000 0.185129
20465.00000 0.186842
20466.00000 0.188021
20467.00000 0.189755
20468.00000 0.1915
20469.00000 0.193643
20470.00000 0.194815
20471.00000 0.196221
20472.00000 0.198042
20473.00000 0.200255
20474.00000 0.201913
20475.00000 0.203122
20476.00000 0.204993
20477.00000 0.207449
20478.00000 0.209131
20479.00000 0.210638
20480.00000 0.212186
20481.00000 0.214104
20482.00000 0.216423
20483.00000 0.217842
20484.00000 0.219105
20485.00000 0.221278
20486.00000 0.223665
20487.00000 0.225512
20488.00000 0.227237
20489.00000 0.228267
20490.00000 0.231017
20491.00000 0.233121
20492.00000 0.23465
20493.00000 0.236081
20494.00000 0.238656
20495.00000 0.240917
20496.00000 0.242481
20497.00000 0.243996
20498.00000 0.245932
20499.00000 0.248785
20500.00000 0.250564
20501.00000 0.251964
20502.00000 0.253829
20503.00000 0.256774
20504.00000 0.258627
20505.00000 0.26019
20506.00000 0.262243
20507.00000 0.264575
20508.00000 0.267112
20509.00000 0.268736
20510.00000 0.270268
20511.00000 0.272928
20512.00000 0.275573
20513.00000 0.277232
20514.00000 0.279001
20515.00000 0.280934
20516.00000 0.283697
20517.00000 0.286091
20518.00000 0.287847
20519.00000 0.28971
20520.00000 0.292247
20521.00000 0.295009
20522.00000 0.296802
20523.00000 0.29865
20524.00000 0.300675
20525.00000 0.304153
20526.00000 0.306002
20527.00000 0.307758
20528.00000 0.309778
20529.00000 0.31316
20530.00000 0.314851
20531.00000 0.316696
20532.00000 0.31875
20533.00000 0.321705
20534.00000 0.324187
20535.00000 0.326303
20536.00000 0.327902
20537.00000 0.330565
20538.00000 0.333717
20539.00000 0.335425
20540.00000 0.33754
20541.00000 0.33956
20542.00000 0.343226
20543.00000 0.345333
20544.00000 0.347171
20545.00000 0.349308
20546.00000 0.352657
20547.00000 0.354873
20548.00000 0.356829
20549.00000 0.358829
20550.00000 0.361593
20551.00000 0.364572
20552.00000 0.366545
20553.00000 0.368589
20554.00000 0.37099
20555.00000 0.374337
20556.00000 0.376386
20557.00000 0.378457
20558.00000 0.380618
20559.00000 0.383825
20560.00000 0.386333
20561.00000 0.388639
20562.00000 0.39038
20563.00000 0.394119
20564.00000 0.396833
20565.00000 0.398595
20566.00000 0.40048
20567.00000 0.4031
20568.00000 0.406728
20569.00000 0.408932
20570.00000 0.410876
20571.00000 0.413094
20572.00000 0.416866
20573.00000 0.418888
20574.00000 0.420934
20575.00000 0.423092
20576.00000 0.426074
20577.00000 0.429663
20578.00000 0.431686
20579.00000 0.433685
20580.00000 0.436643
20581.00000 0.439987
20582.00000 0.441841
20583.00000 0.443992
20584.00000 0.446405
20585.00000 0.450054
20586.00000 0.45238
20587.00000 0.454519
20588.00000 0.456975
20589.00000 0.459941
20590.00000 0.462903
20591.00000 0.464847
20592.00000 0.466804
20593.00000 0.46941
20594.00000 0.473182
20595.00000 0.475089
20596.00000 0.477501
20597.00000 0.479526
20598.00000 0.483296
20599.00000 0.485749
20600.00000 0.487622
20601.00000 0.489949
20602.00000 0.493168
20603.00000 0.49621
20604.00000 0.49804
20605.00000 0.500015
20606.00000 0.503542
20607.00000 0.506167
20608.00000 0.508494
20609.00000 0.51077
20610.00000 0.512858
20611.00000 0.516622
20612.00000 0.519486
20613.00000 0.521586
20614.00000 0.523541
20615.00000 0.526864
20616.00000 0.529574
20617.00000 0.531229
20618.00000 0.533424
20619.00000 0.536546
20620.00000 0.539646
20621.00000 0.541912
20622.00000 0.544033
20623.00000 0.546407
20624.00000 0.549941
20625.00000 0.552119
20626.00000 0.553962
20627.00000 0.556076
20628.00000 0.559882
20629.00000 0.562887
20630.00000 0.564729
20631.00000 0.566946
20632.00000 0.569309
20633.00000 0.57248
20634.00000 0.574416
20635.00000 0.576507
20636.00000 0.578784
20637.00000 0.582548
20638.00000 0.584549
20639.00000 0.586596
20640.00000 0.588751
20641.00000 0.59197
20642.00000 0.594581
20643.00000 0.596314
20644.00000 0.59844
20645.00000 0.601954
20646.00000 0.604618
20647.00000 0.607046
20648.00000 0.60823
20649.00000 0.611104
20650.00000 0.614152
20651.00000 0.616103
20652.00000 0.618499
20653.00000 0.619966
20654.00000 0.623072
20655.00000 0.625007
20656.00000 0.627995
20657.00000 0.631106
20658.00000 0.632807
20659.00000 0.635659
20660.00000 0.637301
20661.00000 0.639237
20662.00000 0.641682
20663.00000 0.644614
20664.00000 0.646843
20665.00000 0.648388
20666.00000 0.650857
20667.00000 0.653603
20668.00000 0.655988
20669.00000 0.657633
20670.00000 0.659544
20671.00000 0.662592
20672.00000 0.665094
20673.00000 0.666631
20674.00000 0.668692
20675.00000 0.670679
20676.00000 0.673745
20677.00000 0.67572
20678.00000 0.677429
20679.00000 0.679633
20680.00000 0.682737
20681.00000 0.684992
20682.00000 0.686602
20683.00000 0.688058
20684.00000 0.690719
20685.00000 0.693252
20686.00000 0.694567
20687.00000 0.696552
20688.00000 0.698908
20689.00000 0.701258
20690.00000 0.703077
20691.00000 0.704834
20692.00000 0.70673
20693.00000 0.709711
20694.00000 0.711585
20695.00000 0.713023
20696.00000 0.714735
20697.00000 0.717316
20698.00000 0.719275
20699.00000 0.720849
20700.00000 0.722817
20701.00000 0.725053
20702.00000 0.7276
20703.00000 0.728964
20704.00000 0.730479
20705.00000 0.732423
20706.00000 0.73498
20707.00000 0.736539
20708.00000 0.738216
20709.00000 0.739911
20710.00000 0.742462
20711.00000 0.744163
20712.00000 0.745365
20713.00000 0.747195
20714.00000 0.749416
20715.00000 0.751403
20716.00000 0.752871
20717.00000 0.754076
20718.00000 0.755732
20719.00000 0.758481
20720.00000 0.759851
20721.00000 0.761164
20722.00000 0.763262
20723.00000 0.765107
20724.00000 0.766678
20725.00000 0.767837
20726.00000 0.7695
20727.00000 0.771553
20728.00000 0.773332
20729.00000 0.774714
20730.00000 0.776261
20731.00000 0.777929
20732.00000 0.779625
20733.00000 0.781366
20734.00000 0.782468
20735.00000 0.784034
20736.00000 0.786002
20737.00000 0.787381
20738.00000 0.788895
20739.00000 0.790092
20740.00000 0.791827
20741.00000 0.793358
20742.00000 0.79471
20743.00000 0.796061
20744.00000 0.797723
20745.00000 0.799206
20746.00000 0.800597
20747.00000 0.801537
20748.00000 0.802995
20749.00000 0.804893
20750.00000 0.806086
20751.00000 0.80728
20752.00000 0.808803
20753.00000 0.810309
20754.00000 0.811643
20755.00000 0.812457
20756.00000 0.813527
20757.00000 0.815153
20758.00000 0.816417
20759.00000 0.81766
20760.00000 0.818755
20761.00000 0.819958
20762.00000 0.8215
20763.00000 0.822598
20764.00000 0.823522
20765.00000 0.824434
20766.00000 0.826072
20767.00000 0.827383
20768.00000 0.828321
20769.00000 0.829474
20770.00000 0.830683
20771.00000 0.832155
20772.00000 0.83274
20773.00000 0.83386
20774.00000 0.834642
20775.00000 0.835987
20776.00000 0.837105
20777.00000 0.837871
20778.00000 0.838848
20779.00000 0.839936
20780.00000 0.841196
20781.00000 0.841897
20782.00000 0.842916
20783.00000 0.843681
20784.00000 0.84516
20785.00000 0.845855
20786.00000 0.846852
20787.00000 0.847631
20788.00000 0.848843
20789.00000 0.849506
20790.00000 0.850191
20791.00000 0.851081
20792.00000 0.852421
20793.00000 0.853564
20794.00000 0.853272
20795.00000 0.853704
20796.00000 0.855271
20797.00000 0.856985
20798.00000 0.856554
20799.00000 0.857187
20800.00000 0.859104
20801.00000 0.859054
20802.00000 0.859563
20803.00000 0.861295
20804.00000 0.862466
20805.00000 0.862543
20806.00000 0.863295
20807.00000 0.863948
