threeML/data/optical_filters/TCS/CAIN3-Kcont_b.ecsv
# %ECSV 0.9
# ---
# datatype:
# - {name: wavelength, unit: Angstrom, datatype: float32}
# - {name: response, datatype: float32}
# meta: !!omap
# - {band_name: Kcont_b}
# - {group_name: CAIN3}
wavelength response
20037.59961 0.0
22264.00000 0.004002
22265.00000 0.004245
22266.00000 0.004138
22267.00000 0.004182
22268.00000 0.004272
22269.00000 0.00434
22270.00000 0.004376
22271.00000 0.004465
22272.00000 0.004589
22273.00000 0.004621
22274.00000 0.004553
22275.00000 0.004781
22276.00000 0.004719
22277.00000 0.004863
22278.00000 0.004833
22279.00000 0.004939
22280.00000 0.005086
22281.00000 0.005201
22282.00000 0.005204
22283.00000 0.005332
22284.00000 0.005288
22285.00000 0.005447
22286.00000 0.00545
22287.00000 0.005574
22288.00000 0.005533
22289.00000 0.00572
22290.00000 0.005742
22291.00000 0.005815
22292.00000 0.005933
22293.00000 0.006053
22294.00000 0.006152
22295.00000 0.006153
22296.00000 0.006291
22297.00000 0.006345
22298.00000 0.006468
22299.00000 0.006551
22300.00000 0.006655
22301.00000 0.006775
22302.00000 0.006845
22303.00000 0.006864
22304.00000 0.006959
22305.00000 0.007195
22306.00000 0.007348
22307.00000 0.007366
22308.00000 0.007447
22309.00000 0.007574
22310.00000 0.007743
22311.00000 0.007868
22312.00000 0.007891
22313.00000 0.008024
22314.00000 0.008207
22315.00000 0.008402
22316.00000 0.008443
22317.00000 0.008453
22318.00000 0.008566
22319.00000 0.008885
22320.00000 0.008944
22321.00000 0.009002
22322.00000 0.009213
22323.00000 0.009358
22324.00000 0.009558
22325.00000 0.009664
22326.00000 0.009754
22327.00000 0.009892
22328.00000 0.010068
22329.00000 0.01017
22330.00000 0.010518
22331.00000 0.010506
22332.00000 0.010832
22333.00000 0.010933
22334.00000 0.011014
22335.00000 0.011236
22336.00000 0.011519
22337.00000 0.011629
22338.00000 0.011859
22339.00000 0.011973
22340.00000 0.012234
22341.00000 0.012406
22342.00000 0.012616
22343.00000 0.012737
22344.00000 0.012959
22345.00000 0.013235
22346.00000 0.013437
22347.00000 0.01365
22348.00000 0.013891
22349.00000 0.014085
22350.00000 0.014274
22351.00000 0.014548
22352.00000 0.014819
22353.00000 0.015114
22354.00000 0.015296
22355.00000 0.015536
22356.00000 0.015828
22357.00000 0.016071
22358.00000 0.016457
22359.00000 0.016677
22360.00000 0.016875
22361.00000 0.017122
22362.00000 0.017546
22363.00000 0.017812
22364.00000 0.018036
22365.00000 0.018392
22366.00000 0.018735
22367.00000 0.019142
22368.00000 0.019446
22369.00000 0.019701
22370.00000 0.019985
22371.00000 0.020428
22372.00000 0.02075
22373.00000 0.021147
22374.00000 0.021449
22375.00000 0.021995
22376.00000 0.022282
22377.00000 0.02256
22378.00000 0.022964
22379.00000 0.023406
22380.00000 0.02396
22381.00000 0.024337
22382.00000 0.024733
22383.00000 0.025153
22384.00000 0.025759
22385.00000 0.026217
22386.00000 0.026708
22387.00000 0.027135
22388.00000 0.027707
22389.00000 0.028135
22390.00000 0.0286
22391.00000 0.029084
22392.00000 0.029829
22393.00000 0.030407
22394.00000 0.030933
22395.00000 0.031396
22396.00000 0.031916
22397.00000 0.032671
22398.00000 0.033325
22399.00000 0.033831
22400.00000 0.034506
22401.00000 0.03543
22402.00000 0.035968
22403.00000 0.036608
22404.00000 0.037225
22405.00000 0.038107
22406.00000 0.039047
22407.00000 0.039564
22408.00000 0.040246
22409.00000 0.041054
22410.00000 0.042165
22411.00000 0.042685
22412.00000 0.043521
22413.00000 0.04445
22414.00000 0.045323
22415.00000 0.046287
22416.00000 0.047135
22417.00000 0.047841
22418.00000 0.049155
22419.00000 0.050384
22420.00000 0.051169
22421.00000 0.052047
22422.00000 0.05321
22423.00000 0.054337
22424.00000 0.055378
22425.00000 0.056511
22426.00000 0.057568
22427.00000 0.058895
22428.00000 0.059955
22429.00000 0.061208
22430.00000 0.062389
22431.00000 0.063951
22432.00000 0.065426
22433.00000 0.066537
22434.00000 0.067651
22435.00000 0.069071
22436.00000 0.071147
22437.00000 0.072549
22438.00000 0.073626
22439.00000 0.075388
22440.00000 0.077199
22441.00000 0.078731
22442.00000 0.080153
22443.00000 0.08176
22444.00000 0.083939
22445.00000 0.085703
22446.00000 0.087164
22447.00000 0.089007
22448.00000 0.091076
22449.00000 0.093377
22450.00000 0.095185
22451.00000 0.096897
22452.00000 0.098791
22453.00000 0.101765
22454.00000 0.10373
22455.00000 0.105609
22456.00000 0.10827
22457.00000 0.110694
22458.00000 0.112828
22459.00000 0.115533
22460.00000 0.117059
22461.00000 0.120291
22462.00000 0.123181
22463.00000 0.125388
22464.00000 0.127659
22465.00000 0.130161
22466.00000 0.133632
22467.00000 0.13648
22468.00000 0.139257
22469.00000 0.141724
22470.00000 0.145442
22471.00000 0.149148
22472.00000 0.151957
22473.00000 0.154614
22474.00000 0.15816
22475.00000 0.162596
22476.00000 0.165057
22477.00000 0.167102
22478.00000 0.170586
22479.00000 0.175672
22480.00000 0.178799
22481.00000 0.181942
22482.00000 0.185217
22483.00000 0.189876
22484.00000 0.193269
22485.00000 0.197259
22486.00000 0.200539
22487.00000 0.205869
22488.00000 0.210773
22489.00000 0.214405
22490.00000 0.21824
22491.00000 0.222882
22492.00000 0.228334
22493.00000 0.232361
22494.00000 0.235626
22495.00000 0.239493
22496.00000 0.245466
22497.00000 0.250482
22498.00000 0.25446
22499.00000 0.258624
22500.00000 0.264106
22501.00000 0.269729
22502.00000 0.273854
22503.00000 0.277764
22504.00000 0.283263
22505.00000 0.289905
22506.00000 0.295069
22507.00000 0.299144
22508.00000 0.304218
22509.00000 0.310831
22510.00000 0.316266
22511.00000 0.321195
22512.00000 0.325781
22513.00000 0.331979
22514.00000 0.339119
22515.00000 0.343641
22516.00000 0.348302
22517.00000 0.353743
22518.00000 0.360197
22519.00000 0.36596
22520.00000 0.370836
22521.00000 0.376589
22522.00000 0.383502
22523.00000 0.389705
22524.00000 0.394855
22525.00000 0.400589
22526.00000 0.40684
22527.00000 0.413326
22528.00000 0.418693
22529.00000 0.424008
22530.00000 0.430374
22531.00000 0.438142
22532.00000 0.443846
22533.00000 0.448108
22534.00000 0.45397
22535.00000 0.461706
22536.00000 0.467476
22537.00000 0.471927
22538.00000 0.477953
22539.00000 0.484683
22540.00000 0.491847
22541.00000 0.497574
22542.00000 0.502221
22543.00000 0.508919
22544.00000 0.516484
22545.00000 0.521662
22546.00000 0.526481
22547.00000 0.533014
22548.00000 0.540152
22549.00000 0.545398
22550.00000 0.550297
22551.00000 0.555306
22552.00000 0.563286
22553.00000 0.569647
22554.00000 0.574028
22555.00000 0.57934
22556.00000 0.585944
22557.00000 0.592134
22558.00000 0.597155
22559.00000 0.601322
22560.00000 0.606492
22561.00000 0.613763
22562.00000 0.618905
22563.00000 0.623717
22564.00000 0.629221
22565.00000 0.635191
22566.00000 0.640403
22567.00000 0.645235
22568.00000 0.6491
22569.00000 0.655085
22570.00000 0.659765
22571.00000 0.66474
22572.00000 0.669619
22573.00000 0.672677
22574.00000 0.680824
22575.00000 0.684812
22576.00000 0.688273
22577.00000 0.692003
22578.00000 0.697611
22579.00000 0.702781
22580.00000 0.705733
22581.00000 0.709265
22582.00000 0.714868
22583.00000 0.719957
22584.00000 0.723836
22585.00000 0.725886
22586.00000 0.730012
22587.00000 0.734577
22588.00000 0.737934
22589.00000 0.74135
22590.00000 0.744396
22591.00000 0.74915
22592.00000 0.75291
22593.00000 0.755659
22594.00000 0.758282
22595.00000 0.761778
22596.00000 0.765246
22597.00000 0.768276
22598.00000 0.771092
22599.00000 0.77353
22600.00000 0.777143
22601.00000 0.779429
22602.00000 0.781492
22603.00000 0.78419
22604.00000 0.787533
22605.00000 0.789852
22606.00000 0.79156
22607.00000 0.793796
22608.00000 0.795784
22609.00000 0.800004
22610.00000 0.799538
22611.00000 0.803099
22612.00000 0.805605
22613.00000 0.807178
22614.00000 0.80922
22615.00000 0.810534
22616.00000 0.812434
22617.00000 0.814445
22618.00000 0.816163
22619.00000 0.817249
22620.00000 0.819078
22621.00000 0.820935
22622.00000 0.822402
22623.00000 0.823663
22624.00000 0.824129
22625.00000 0.825869
22626.00000 0.827121
22627.00000 0.828305
22628.00000 0.829379
22629.00000 0.829962
22630.00000 0.831437
22631.00000 0.832212
22632.00000 0.833435
22633.00000 0.834028
22634.00000 0.834764
22635.00000 0.835896
22636.00000 0.836768
22637.00000 0.83673
22638.00000 0.837683
22639.00000 0.838779
22640.00000 0.839208
22641.00000 0.839482
22642.00000 0.839992
22643.00000 0.840909
22644.00000 0.841918
22645.00000 0.842021
22646.00000 0.842028
22647.00000 0.842851
22648.00000 0.84286
22649.00000 0.842899
22650.00000 0.843653
22651.00000 0.844038
22652.00000 0.844543
22653.00000 0.844401
22654.00000 0.8448
22655.00000 0.844755
22656.00000 0.844975
22657.00000 0.845337
22658.00000 0.845182
22659.00000 0.845947
22660.00000 0.845691
22661.00000 0.845771
22662.00000 0.845955
22663.00000 0.846629
22664.00000 0.847478
22665.00000 0.846136
22666.00000 0.846093
22667.00000 0.846569
22668.00000 0.846817
22669.00000 0.846555
22670.00000 0.847067
22671.00000 0.846937
22672.00000 0.847061
22673.00000 0.847079
22674.00000 0.847078
22675.00000 0.847408
22676.00000 0.847451
22677.00000 0.847488
22678.00000 0.847034
22679.00000 0.847234
22680.00000 0.847143
22681.00000 0.847286
22682.00000 0.84738
22683.00000 0.847522
22684.00000 0.847243
22685.00000 0.847745
22686.00000 0.847663
22687.00000 0.847845
22688.00000 0.847987
22689.00000 0.847706
22690.00000 0.84785
22691.00000 0.847763
22692.00000 0.848067
22693.00000 0.847831
22694.00000 0.848562
22695.00000 0.848579
22696.00000 0.848357
22697.00000 0.84778
22698.00000 0.84867
22699.00000 0.84834
22700.00000 0.848822
22701.00000 0.848475
22702.00000 0.848214
22703.00000 0.848924
22704.00000 0.848696
22705.00000 0.84873
22706.00000 0.848461
22707.00000 0.848655
22708.00000 0.848473
22709.00000 0.848941
22710.00000 0.849458
22711.00000 0.848987
22712.00000 0.848832
22713.00000 0.84978
22714.00000 0.84954
22715.00000 0.849162
22716.00000 0.849688
22717.00000 0.850128
22718.00000 0.850181
22719.00000 0.850074
22720.00000 0.850043
22721.00000 0.849559
22722.00000 0.85055
22723.00000 0.84968
22724.00000 0.849827
22725.00000 0.850586
22726.00000 0.850479
22727.00000 0.850157
22728.00000 0.849825
22729.00000 0.850261
22730.00000 0.850219
22731.00000 0.849946
22732.00000 0.850667
22733.00000 0.849963
22734.00000 0.850154
22735.00000 0.849995
22736.00000 0.849838
22737.00000 0.850003
22738.00000 0.849805
22739.00000 0.849997
22740.00000 0.850357
22741.00000 0.849812
22742.00000 0.849605
22743.00000 0.849294
22744.00000 0.84918
22745.00000 0.850035
22746.00000 0.848899
22747.00000 0.849243
22748.00000 0.848643
22749.00000 0.848726
22750.00000 0.848619
22751.00000 0.848037
22752.00000 0.848102
22753.00000 0.848109
22754.00000 0.847921
22755.00000 0.847459
22756.00000 0.847525
22757.00000 0.847169
22758.00000 0.846983
22759.00000 0.846711
22760.00000 0.846097
22761.00000 0.845735
22762.00000 0.845201
22763.00000 0.845058
22764.00000 0.844831
22765.00000 0.844705
22766.00000 0.844428
22767.00000 0.843858
22768.00000 0.843223
22769.00000 0.84266
22770.00000 0.842064
22771.00000 0.842073
22772.00000 0.841997
22773.00000 0.841004
22774.00000 0.840643
22775.00000 0.840394
22776.00000 0.839932
22777.00000 0.839029
22778.00000 0.838766
22779.00000 0.838414
22780.00000 0.83784
22781.00000 0.836721
22782.00000 0.836122
22783.00000 0.836237
22784.00000 0.835447
22785.00000 0.834666
22786.00000 0.83398
22787.00000 0.833538
22788.00000 0.832547
22789.00000 0.832238
22790.00000 0.830963
22791.00000 0.830616
22792.00000 0.830051
22793.00000 0.829829
22794.00000 0.828443
22795.00000 0.827717
22796.00000 0.827531
22797.00000 0.826745
22798.00000 0.826238
22799.00000 0.824808
22800.00000 0.824619
22801.00000 0.82341
22802.00000 0.822676
22803.00000 0.821639
22804.00000 0.820949
22805.00000 0.820824
22806.00000 0.820077
22807.00000 0.818939
22808.00000 0.818202
22809.00000 0.817997
22810.00000 0.816897
22811.00000 0.815891
22812.00000 0.814973
22813.00000 0.814539
22814.00000 0.813713
22815.00000 0.812564
22816.00000 0.811685
22817.00000 0.810648
22818.00000 0.810216
22819.00000 0.809283
22820.00000 0.808689
22821.00000 0.807825
22822.00000 0.807186
22823.00000 0.806346
22824.00000 0.805185
22825.00000 0.804244
22826.00000 0.803765
22827.00000 0.803227
22828.00000 0.802308
22829.00000 0.801358
22830.00000 0.800578
22831.00000 0.800643
22832.00000 0.799079
22833.00000 0.798209
22834.00000 0.797496
22835.00000 0.797218
22836.00000 0.796909
22837.00000 0.795605
22838.00000 0.794891
22839.00000 0.794417
22840.00000 0.793773
22841.00000 0.793187
22842.00000 0.792293
22843.00000 0.791445
22844.00000 0.791516
22845.00000 0.79083
22846.00000 0.789966
22847.00000 0.789799
22848.00000 0.788875
22849.00000 0.788463
22850.00000 0.787597
22851.00000 0.787401
22852.00000 0.786797
22853.00000 0.786021
22854.00000 0.785919
22855.00000 0.785706
22856.00000 0.785
22857.00000 0.784117
22858.00000 0.784334
22859.00000 0.783689
22860.00000 0.783817
22861.00000 0.783414
22862.00000 0.7831
22863.00000 0.782272
22864.00000 0.782906
22865.00000 0.782116
22866.00000 0.782134
22867.00000 0.782119
22868.00000 0.781746
22869.00000 0.781441
22870.00000 0.781289
22871.00000 0.78162
22872.00000 0.781424
22873.00000 0.781361
22874.00000 0.78096
22875.00000 0.781507
22876.00000 0.781449
22877.00000 0.781726
22878.00000 0.781524
22879.00000 0.78187
22880.00000 0.781618
22881.00000 0.781874
22882.00000 0.78187
22883.00000 0.782288
22884.00000 0.782203
22885.00000 0.782789
22886.00000 0.782796
22887.00000 0.783207
22888.00000 0.78318
22889.00000 0.783988
22890.00000 0.78445
22891.00000 0.784664
22892.00000 0.78553
22893.00000 0.785647
22894.00000 0.78569
22895.00000 0.786532
22896.00000 0.786799
22897.00000 0.787461
22898.00000 0.788229
22899.00000 0.788873
22900.00000 0.789096
22901.00000 0.789931
22902.00000 0.790708
22903.00000 0.790833
22904.00000 0.791962
22905.00000 0.792161
22906.00000 0.793342
22907.00000 0.793609
22908.00000 0.79422
22909.00000 0.795262
22910.00000 0.795501
22911.00000 0.796699
22912.00000 0.797107
22913.00000 0.797969
22914.00000 0.798694
22915.00000 0.799809
22916.00000 0.799988
22917.00000 0.80101
22918.00000 0.80137
22919.00000 0.801987
22920.00000 0.803414
22921.00000 0.804243
22922.00000 0.804627
22923.00000 0.805417
22924.00000 0.806481
22925.00000 0.807089
22926.00000 0.80725
22927.00000 0.808122
22928.00000 0.808836
22929.00000 0.809393
22930.00000 0.810088
22931.00000 0.810267
22932.00000 0.81113
22933.00000 0.812021
22934.00000 0.812159
22935.00000 0.813147
22936.00000 0.813363
22937.00000 0.813687
22938.00000 0.814303
22939.00000 0.814778
22940.00000 0.815514
22941.00000 0.81552
22942.00000 0.815636
22943.00000 0.815467
22944.00000 0.816378
22945.00000 0.815651
22946.00000 0.8155
22947.00000 0.816045
22948.00000 0.816018
22949.00000 0.815544
22950.00000 0.815391
22951.00000 0.815074
22952.00000 0.815154
22953.00000 0.813921
22954.00000 0.813934
22955.00000 0.813492
22956.00000 0.812317
22957.00000 0.811683
22958.00000 0.811253
22959.00000 0.810286
22960.00000 0.809518
22961.00000 0.808598
22962.00000 0.806205
22963.00000 0.805612
22964.00000 0.804694
22965.00000 0.803403
22966.00000 0.801439
22967.00000 0.799913
22968.00000 0.798007
22969.00000 0.796609
22970.00000 0.794479
22971.00000 0.791839
22972.00000 0.79012
22973.00000 0.788445
22974.00000 0.785845
22975.00000 0.782665
22976.00000 0.779753
22977.00000 0.778317
22978.00000 0.774325
22979.00000 0.771278
22980.00000 0.768812
22981.00000 0.764422
22982.00000 0.763338
22983.00000 0.757797
22984.00000 0.756012
22985.00000 0.751959
22986.00000 0.748093
22987.00000 0.744372
22988.00000 0.739742
22989.00000 0.735236
22990.00000 0.731735
22991.00000 0.727615
22992.00000 0.722868
22993.00000 0.718063
22994.00000 0.712939
22995.00000 0.709223
22996.00000 0.70471
22997.00000 0.699412
22998.00000 0.693064
22999.00000 0.690055
23000.00000 0.684333
23001.00000 0.677991
23002.00000 0.672809
23003.00000 0.667797
23004.00000 0.661668
23005.00000 0.655411
23006.00000 0.649459
23007.00000 0.642657
23008.00000 0.638847
23009.00000 0.632098
23010.00000 0.62575
23011.00000 0.618385
23012.00000 0.613864
23013.00000 0.608379
23014.00000 0.60058
23015.00000 0.593534
23016.00000 0.587311
23017.00000 0.581557
23018.00000 0.57386
23019.00000 0.56749
23020.00000 0.560358
23021.00000 0.554032
23022.00000 0.547218
23023.00000 0.539313
23024.00000 0.53228
23025.00000 0.526301
23026.00000 0.519607
23027.00000 0.512191
23028.00000 0.504667
