threeML/data/optical_filters/TCS/CAIN3-H22_a.ecsv
# %ECSV 0.9
# ---
# datatype:
# - {name: wavelength, unit: Angstrom, datatype: float32}
# - {name: response, datatype: float32}
# meta: !!omap
# - {band_name: H22_a}
# - {group_name: CAIN3}
wavelength response
20088.00000 0.0
22320.00000 0.004037
22321.00000 0.004206
22322.00000 0.004371
22323.00000 0.004514
22324.00000 0.004626
22325.00000 0.004753
22326.00000 0.005056
22327.00000 0.005173
22328.00000 0.005367
22329.00000 0.005495
22330.00000 0.005726
22331.00000 0.006036
22332.00000 0.006227
22333.00000 0.006385
22334.00000 0.006623
22335.00000 0.006951
22336.00000 0.007199
22337.00000 0.007362
22338.00000 0.007633
22339.00000 0.00789
22340.00000 0.008306
22341.00000 0.008508
22342.00000 0.00877
22343.00000 0.009073
22344.00000 0.009468
22345.00000 0.009839
22346.00000 0.01002
22347.00000 0.010424
22348.00000 0.010858
22349.00000 0.011288
22350.00000 0.011562
22351.00000 0.011911
22352.00000 0.012362
22353.00000 0.012906
22354.00000 0.013269
22355.00000 0.013632
22356.00000 0.014062
22357.00000 0.014755
22358.00000 0.015162
22359.00000 0.015538
22360.00000 0.015944
22361.00000 0.01667
22362.00000 0.017196
22363.00000 0.01761
22364.00000 0.018071
22365.00000 0.018736
22366.00000 0.019477
22367.00000 0.019963
22368.00000 0.020503
22369.00000 0.021051
22370.00000 0.021992
22371.00000 0.022536
22372.00000 0.02301
22373.00000 0.023615
22374.00000 0.024576
22375.00000 0.025221
22376.00000 0.025784
22377.00000 0.026385
22378.00000 0.027205
22379.00000 0.02816
22380.00000 0.028783
22381.00000 0.029495
22382.00000 0.030253
22383.00000 0.03133
22384.00000 0.032088
22385.00000 0.032749
22386.00000 0.033626
22387.00000 0.034796
22388.00000 0.035636
22389.00000 0.036268
22390.00000 0.037096
22391.00000 0.038175
22392.00000 0.039356
22393.00000 0.040052
22394.00000 0.040916
22395.00000 0.041791
22396.00000 0.043142
22397.00000 0.044036
22398.00000 0.044927
22399.00000 0.045968
22400.00000 0.047312
22401.00000 0.04854
22402.00000 0.049285
22403.00000 0.050306
22404.00000 0.051616
22405.00000 0.052989
22406.00000 0.053922
22407.00000 0.054943
22408.00000 0.056149
22409.00000 0.057639
22410.00000 0.058744
22411.00000 0.059631
22412.00000 0.061018
22413.00000 0.062572
22414.00000 0.063915
22415.00000 0.064947
22416.00000 0.066076
22417.00000 0.067621
22418.00000 0.069295
22419.00000 0.070471
22420.00000 0.071574
22421.00000 0.073213
22422.00000 0.074884
22423.00000 0.076058
22424.00000 0.077465
22425.00000 0.078891
22426.00000 0.080637
22427.00000 0.082193
22428.00000 0.083584
22429.00000 0.084979
22430.00000 0.086832
22431.00000 0.088516
22432.00000 0.089804
22433.00000 0.091045
22434.00000 0.092865
22435.00000 0.095033
22436.00000 0.096533
22437.00000 0.098119
22438.00000 0.099798
22439.00000 0.10203
22440.00000 0.10341
22441.00000 0.10517
22442.00000 0.106601
22443.00000 0.108881
22444.00000 0.110832
22445.00000 0.112323
22446.00000 0.113967
22447.00000 0.116062
22448.00000 0.118447
22449.00000 0.120147
22450.00000 0.121726
22451.00000 0.123382
22452.00000 0.126162
22453.00000 0.128126
22454.00000 0.129946
22455.00000 0.131943
22456.00000 0.134284
22457.00000 0.136323
22458.00000 0.138133
22459.00000 0.139984
22460.00000 0.14247
22461.00000 0.144876
22462.00000 0.146695
22463.00000 0.148895
22464.00000 0.150745
22465.00000 0.153629
22466.00000 0.155558
22467.00000 0.157761
22468.00000 0.160013
22469.00000 0.162525
22470.00000 0.165554
22471.00000 0.167449
22472.00000 0.169436
22473.00000 0.171986
22474.00000 0.175032
22475.00000 0.177108
22476.00000 0.178947
22477.00000 0.181255
22478.00000 0.184363
22479.00000 0.186964
22480.00000 0.188968
22481.00000 0.1912
22482.00000 0.194199
22483.00000 0.196864
22484.00000 0.198712
22485.00000 0.201199
22486.00000 0.204439
22487.00000 0.207525
22488.00000 0.209923
22489.00000 0.212224
22490.00000 0.215011
22491.00000 0.218452
22492.00000 0.221014
22493.00000 0.222861
22494.00000 0.225549
22495.00000 0.228842
22496.00000 0.231809
22497.00000 0.234129
22498.00000 0.23647
22499.00000 0.239818
22500.00000 0.242839
22501.00000 0.245604
22502.00000 0.247833
22503.00000 0.251165
22504.00000 0.254586
22505.00000 0.257679
22506.00000 0.260186
22507.00000 0.262975
22508.00000 0.266659
22509.00000 0.269686
22510.00000 0.27218
22511.00000 0.274528
22512.00000 0.278322
22513.00000 0.281672
22514.00000 0.284335
22515.00000 0.2868
22516.00000 0.28959
22517.00000 0.293388
22518.00000 0.296086
22519.00000 0.298623
22520.00000 0.301388
22521.00000 0.3055
22522.00000 0.308482
22523.00000 0.311523
22524.00000 0.314125
22525.00000 0.317753
22526.00000 0.321345
22527.00000 0.324012
22528.00000 0.326929
22529.00000 0.330372
22530.00000 0.334029
22531.00000 0.336508
22532.00000 0.339162
22533.00000 0.341467
22534.00000 0.345671
22535.00000 0.348865
22536.00000 0.351418
22537.00000 0.35432
22538.00000 0.357865
22539.00000 0.361657
22540.00000 0.363962
22541.00000 0.366771
22542.00000 0.369848
22543.00000 0.37389
22544.00000 0.376579
22545.00000 0.379106
22546.00000 0.381985
22547.00000 0.38578
22548.00000 0.388896
22549.00000 0.391184
22550.00000 0.393808
22551.00000 0.397199
22552.00000 0.400716
22553.00000 0.403141
22554.00000 0.405839
22555.00000 0.409396
22556.00000 0.412405
22557.00000 0.415373
22558.00000 0.417616
22559.00000 0.420329
22560.00000 0.423456
22561.00000 0.426757
22562.00000 0.428729
22563.00000 0.431309
22564.00000 0.434579
22565.00000 0.43734
22566.00000 0.439773
22567.00000 0.441938
22568.00000 0.444722
22569.00000 0.447685
22570.00000 0.450296
22571.00000 0.452046
22572.00000 0.454563
22573.00000 0.457442
22574.00000 0.460323
22575.00000 0.462199
22576.00000 0.464453
22577.00000 0.467146
22578.00000 0.469451
22579.00000 0.471948
22580.00000 0.473476
22581.00000 0.476318
22582.00000 0.478333
22583.00000 0.480473
22584.00000 0.482191
22585.00000 0.48403
22586.00000 0.486728
22587.00000 0.488544
22588.00000 0.490511
22589.00000 0.491767
22590.00000 0.494585
22591.00000 0.495949
22592.00000 0.49824
22593.00000 0.499331
22594.00000 0.501439
22595.00000 0.503514
22596.00000 0.504938
22597.00000 0.506526
22598.00000 0.508017
22599.00000 0.510264
22600.00000 0.511115
22601.00000 0.512481
22602.00000 0.513511
22603.00000 0.515426
22604.00000 0.516966
22605.00000 0.518113
22606.00000 0.519374
22607.00000 0.520673
22608.00000 0.522186
22609.00000 0.522987
22610.00000 0.524062
22611.00000 0.524927
22612.00000 0.526421
22613.00000 0.527223
22614.00000 0.528116
22615.00000 0.528899
22616.00000 0.529782
22617.00000 0.530696
22618.00000 0.531119
22619.00000 0.532031
22620.00000 0.532654
22621.00000 0.533583
22622.00000 0.533771
22623.00000 0.534367
22624.00000 0.534985
22625.00000 0.535545
22626.00000 0.536138
22627.00000 0.535742
22628.00000 0.536524
22629.00000 0.536596
22630.00000 0.536959
22631.00000 0.536756
22632.00000 0.537187
22633.00000 0.537082
22634.00000 0.537292
22635.00000 0.537321
22636.00000 0.537152
22637.00000 0.537163
22638.00000 0.536963
22639.00000 0.536648
22640.00000 0.536287
22641.00000 0.536126
22642.00000 0.535356
22643.00000 0.535175
22644.00000 0.535051
22645.00000 0.53446
22646.00000 0.533981
22647.00000 0.53314
22648.00000 0.532785
22649.00000 0.531831
22650.00000 0.531499
22651.00000 0.530177
22652.00000 0.529639
22653.00000 0.529043
22654.00000 0.527834
22655.00000 0.5269
22656.00000 0.525766
22657.00000 0.525232
22658.00000 0.523945
22659.00000 0.522708
22660.00000 0.521229
22661.00000 0.520407
22662.00000 0.518931
22663.00000 0.517667
22664.00000 0.51596
22665.00000 0.514833
22666.00000 0.51378
22667.00000 0.511927
22668.00000 0.510448
22669.00000 0.508367
22670.00000 0.507323
22671.00000 0.505656
22672.00000 0.503681
22673.00000 0.501885
22674.00000 0.500226
22675.00000 0.49898
22676.00000 0.496375
22677.00000 0.494233
22678.00000 0.492171
22679.00000 0.490769
22680.00000 0.488235
22681.00000 0.486114
22682.00000 0.483642
22683.00000 0.482246
22684.00000 0.480097
22685.00000 0.476948
22686.00000 0.475032
22687.00000 0.472594
22688.00000 0.4708
22689.00000 0.467461
22690.00000 0.465233
22691.00000 0.46298
22692.00000 0.46115
22693.00000 0.458072
22694.00000 0.454777
22695.00000 0.452574
22696.00000 0.449991
22697.00000 0.447437
22698.00000 0.443698
22699.00000 0.441138
22700.00000 0.438705
22701.00000 0.436178
22702.00000 0.432481
22703.00000 0.42916
22704.00000 0.426869
22705.00000 0.424312
22706.00000 0.421342
22707.00000 0.417379
22708.00000 0.414713
22709.00000 0.411936
22710.00000 0.409299
22711.00000 0.405002
22712.00000 0.402009
22713.00000 0.399182
22714.00000 0.396273
22715.00000 0.392599
22716.00000 0.388581
22717.00000 0.386103
22718.00000 0.383283
22719.00000 0.379418
22720.00000 0.375194
22721.00000 0.372518
22722.00000 0.369654
22723.00000 0.366149
22724.00000 0.36252
22725.00000 0.359105
22726.00000 0.356341
22727.00000 0.352971
22728.00000 0.348949
22729.00000 0.344928
22730.00000 0.342119
22731.00000 0.339359
22732.00000 0.335236
22733.00000 0.331529
22734.00000 0.328235
22735.00000 0.326026
22736.00000 0.32205
22737.00000 0.31782
22738.00000 0.31437
22739.00000 0.311664
22740.00000 0.308561
22741.00000 0.304664
22742.00000 0.301098
22743.00000 0.29804
22744.00000 0.295136
22745.00000 0.291022
22746.00000 0.287058
22747.00000 0.283837
22748.00000 0.281532
22749.00000 0.277914
22750.00000 0.274086
22751.00000 0.270993
22752.00000 0.268042
22753.00000 0.265365
22754.00000 0.260989
22755.00000 0.257915
22756.00000 0.255119
22757.00000 0.252561
22758.00000 0.24875
22759.00000 0.245358
22760.00000 0.242761
22761.00000 0.240293
22762.00000 0.236636
22763.00000 0.232771
22764.00000 0.230108
22765.00000 0.227475
22766.00000 0.224842
22767.00000 0.221028
22768.00000 0.218014
22769.00000 0.215293
22770.00000 0.21297
22771.00000 0.209475
22772.00000 0.206098
22773.00000 0.20394
22774.00000 0.201667
22775.00000 0.198651
22776.00000 0.195254
22777.00000 0.192873
22778.00000 0.190732
22779.00000 0.187835
22780.00000 0.184406
22781.00000 0.181707
22782.00000 0.17972
22783.00000 0.177405
22784.00000 0.174333
22785.00000 0.171306
22786.00000 0.169171
22787.00000 0.166763
22788.00000 0.164362
22789.00000 0.161301
22790.00000 0.159279
22791.00000 0.157523
22792.00000 0.154969
22793.00000 0.152182
22794.00000 0.149818
22795.00000 0.148111
22796.00000 0.145621
22797.00000 0.142792
22798.00000 0.140291
22799.00000 0.138669
22800.00000 0.136914
22801.00000 0.134337
22802.00000 0.131869
22803.00000 0.129991
22804.00000 0.128252
22805.00000 0.126007
22806.00000 0.123348
22807.00000 0.12141
22808.00000 0.119707
22809.00000 0.11783
22810.00000 0.115266
22811.00000 0.113306
22812.00000 0.111721
22813.00000 0.110232
22814.00000 0.107722
22815.00000 0.105498
22816.00000 0.103946
22817.00000 0.102418
22818.00000 0.100451
22819.00000 0.098267
22820.00000 0.096673
22821.00000 0.095045
22822.00000 0.093543
22823.00000 0.091363
22824.00000 0.089686
22825.00000 0.088222
22826.00000 0.086802
22827.00000 0.084877
22828.00000 0.083055
22829.00000 0.081628
22830.00000 0.080437
22831.00000 0.078665
22832.00000 0.076728
22833.00000 0.07529
22834.00000 0.074022
22835.00000 0.072649
22836.00000 0.070661
22837.00000 0.069238
22838.00000 0.0681
22839.00000 0.066859
22840.00000 0.065256
22841.00000 0.063628
22842.00000 0.062539
22843.00000 0.061352
22844.00000 0.05999
22845.00000 0.058446
22846.00000 0.057418
22847.00000 0.056277
22848.00000 0.054967
22849.00000 0.053395
22850.00000 0.052192
22851.00000 0.051182
22852.00000 0.050003
22853.00000 0.048688
22854.00000 0.047398
22855.00000 0.046573
22856.00000 0.045553
22857.00000 0.044392
22858.00000 0.043113
22859.00000 0.042139
22860.00000 0.041242
22861.00000 0.04024
22862.00000 0.039078
22863.00000 0.038187
22864.00000 0.037352
22865.00000 0.036395
22866.00000 0.035242
22867.00000 0.034125
22868.00000 0.033416
22869.00000 0.032614
22870.00000 0.031661
22871.00000 0.030722
22872.00000 0.030043
22873.00000 0.029306
22874.00000 0.028465
22875.00000 0.027477
22876.00000 0.026714
22877.00000 0.026126
22878.00000 0.025285
22879.00000 0.024406
22880.00000 0.023717
22881.00000 0.023085
22882.00000 0.0225
22883.00000 0.021766
22884.00000 0.02094
22885.00000 0.020375
22886.00000 0.019881
22887.00000 0.019198
22888.00000 0.018444
22889.00000 0.017986
22890.00000 0.017398
22891.00000 0.016886
22892.00000 0.016192
22893.00000 0.01564
22894.00000 0.015207
22895.00000 0.014691
22896.00000 0.014133
22897.00000 0.013616
22898.00000 0.013213
22899.00000 0.012788
22900.00000 0.012389
22901.00000 0.01177
22902.00000 0.011411
22903.00000 0.011019
22904.00000 0.010702
22905.00000 0.010158
22906.00000 0.009844
22907.00000 0.009543
22908.00000 0.009224
22909.00000 0.008851
22910.00000 0.008447
22911.00000 0.008206
22912.00000 0.007937
22913.00000 0.00763
22914.00000 0.0073
22915.00000 0.007084
22916.00000 0.006798
22917.00000 0.006549
22918.00000 0.006241
22919.00000 0.005992
22920.00000 0.005811
22921.00000 0.005649
22922.00000 0.005347
22923.00000 0.005172
22924.00000 0.005022
22925.00000 0.004853
22926.00000 0.004648
22927.00000 0.004423
22928.00000 0.004286
22929.00000 0.004179
22930.00000 0.004
25223.00000 0.0
