threeML/data/optical_filters/TCS/CAIN3-K.ecsv
# %ECSV 0.9
# ---
# datatype:
# - {name: wavelength, unit: Angstrom, datatype: float32}
# - {name: response, datatype: float32}
# meta: !!omap
# - {band_name: K}
# - {group_name: CAIN3}
wavelength response
[from data line 767]
20809.00000 0.865356
20810.00000 0.866276
20811.00000 0.866597
20812.00000 0.867086
20813.00000 0.867924
20814.00000 0.868689
20815.00000 0.869255
20816.00000 0.869617
20817.00000 0.870312
20818.00000 0.871052
20819.00000 0.871888
20820.00000 0.871995
20821.00000 0.872612
20822.00000 0.873417
20823.00000 0.874087
20824.00000 0.874484
20825.00000 0.875006
20826.00000 0.875385
20827.00000 0.875852
20828.00000 0.876422
20829.00000 0.876804
20830.00000 0.877447
20831.00000 0.878265
20832.00000 0.878695
20833.00000 0.878924
20834.00000 0.879169
20835.00000 0.879929
20836.00000 0.88014
20837.00000 0.880743
20838.00000 0.88067
20839.00000 0.881607
20840.00000 0.882354
20841.00000 0.882384
20842.00000 0.882583
20843.00000 0.882765
20844.00000 0.883799
20845.00000 0.884176
20846.00000 0.884242
20847.00000 0.882953
20848.00000 0.885053
20849.00000 0.88545
20850.00000 0.885556
20851.00000 0.885757
20852.00000 0.886328
20853.00000 0.886658
20854.00000 0.886899
20855.00000 0.887247
20856.00000 0.887492
20857.00000 0.888092
20858.00000 0.888141
20859.00000 0.887962
20860.00000 0.888084
20861.00000 0.888903
20862.00000 0.889208
20863.00000 0.890151
20864.00000 0.889574
20865.00000 0.88982
20866.00000 0.889997
20867.00000 0.889955
20868.00000 0.890627
20869.00000 0.890636
20870.00000 0.890883
20871.00000 0.891107
20872.00000 0.891498
20873.00000 0.891322
20874.00000 0.891527
20875.00000 0.891868
20876.00000 0.891791
20877.00000 0.892174
20878.00000 0.892007
20879.00000 0.892768
20880.00000 0.892558
20881.00000 0.892983
20882.00000 0.892689
20883.00000 0.893114
20884.00000 0.89327
20885.00000 0.892965
20886.00000 0.893527
20887.00000 0.893423
20888.00000 0.893821
20889.00000 0.893514
20890.00000 0.893586
20891.00000 0.893495
20892.00000 0.89398
20893.00000 0.893736
20894.00000 0.893902
20895.00000 0.894259
20896.00000 0.894051
20897.00000 0.894249
20898.00000 0.894203
20899.00000 0.894501
20900.00000 0.894623
20901.00000 0.89462
20902.00000 0.894426
20903.00000 0.894662
20904.00000 0.894688
20905.00000 0.894704
20906.00000 0.894764
20907.00000 0.894795
20908.00000 0.895202
20909.00000 0.89797
20910.00000 0.894758
20911.00000 0.894885
20912.00000 0.89492
20913.00000 0.895005
20914.00000 0.894892
20915.00000 0.89484
20916.00000 0.89485
20917.00000 0.894732
20918.00000 0.894886
20919.00000 0.894843
20920.00000 0.894785
20921.00000 0.894807
20922.00000 0.894696
20923.00000 0.894772
20924.00000 0.894801
20925.00000 0.894954
20926.00000 0.894896
20927.00000 0.894855
20928.00000 0.894847
20929.00000 0.894839
20930.00000 0.894796
20931.00000 0.894601
20932.00000 0.894598
20933.00000 0.894484
20934.00000 0.894464
20935.00000 0.894446
20936.00000 0.894442
20937.00000 0.89452
20938.00000 0.894496
20939.00000 0.894535
20940.00000 0.894529
20941.00000 0.894368
20942.00000 0.894156
20943.00000 0.894188
20944.00000 0.894165
20945.00000 0.894257
20946.00000 0.894247
20947.00000 0.893851
20948.00000 0.894011
20949.00000 0.893674
20950.00000 0.894005
20951.00000 0.893714
20952.00000 0.89401
20953.00000 0.893553
20954.00000 0.893518
20955.00000 0.893769
20956.00000 0.89351
20957.00000 0.89326
20958.00000 0.893555
20959.00000 0.893305
20960.00000 0.893089
20961.00000 0.893389
20962.00000 0.893251
20963.00000 0.893146
20964.00000 0.893232
20965.00000 0.893116
20966.00000 0.892698
20967.00000 0.892893
20968.00000 0.892789
20969.00000 0.892617
20970.00000 0.892598
20971.00000 0.892825
20972.00000 0.892681
20973.00000 0.892585
20974.00000 0.892619
20975.00000 0.892355
20976.00000 0.89213
20977.00000 0.89227
20978.00000 0.892208
20979.00000 0.892488
20980.00000 0.892062
20981.00000 0.892202
20982.00000 0.892037
20983.00000 0.89216
20984.00000 0.891919
20985.00000 0.891958
20986.00000 0.891866
20987.00000 0.891781
20988.00000 0.891876
20989.00000 0.891681
20990.00000 0.891866
20991.00000 0.891283
20992.00000 0.891594
20993.00000 0.891372
20994.00000 0.891021
20995.00000 0.891006
20996.00000 0.891464
20997.00000 0.891182
20998.00000 0.890771
20999.00000 0.89094
21000.00000 0.890731
21001.00000 0.890724
21002.00000 0.890997
21003.00000 0.890993
21004.00000 0.890771
21005.00000 0.890914
21006.00000 0.890581
21007.00000 0.890853
21008.00000 0.890691
21009.00000 0.890792
21010.00000 0.890475
21011.00000 0.890512
21012.00000 0.890267
21013.00000 0.890372
21014.00000 0.890137
21015.00000 0.890258
21016.00000 0.89051
21017.00000 0.890194
21018.00000 0.890666
21019.00000 0.890238
21020.00000 0.889954
21021.00000 0.890026
21022.00000 0.890126
21023.00000 0.889939
21024.00000 0.890286
21025.00000 0.890088
21026.00000 0.890241
21027.00000 0.890093
21028.00000 0.890225
21029.00000 0.890089
21030.00000 0.88996
21031.00000 0.890138
21032.00000 0.889674
21033.00000 0.889974
21034.00000 0.889774
21035.00000 0.889673
21036.00000 0.889994
21037.00000 0.890107
21038.00000 0.889881
21039.00000 0.889845
21040.00000 0.889924
21041.00000 0.889712
21042.00000 0.890027
21043.00000 0.889749
21044.00000 0.890129
21045.00000 0.890024
21046.00000 0.889594
21047.00000 0.890188
21048.00000 0.890317
21049.00000 0.890211
21050.00000 0.889871
21051.00000 0.890257
21052.00000 0.890099
21053.00000 0.890329
21054.00000 0.890084
21055.00000 0.890308
21056.00000 0.890231
21057.00000 0.889856
21058.00000 0.890206
21059.00000 0.890218
21060.00000 0.890213
21061.00000 0.890433
21062.00000 0.890517
21063.00000 0.890327
21064.00000 0.890337
21065.00000 0.890446
21066.00000 0.890281
21067.00000 0.890517
21068.00000 0.890354
21069.00000 0.890705
21070.00000 0.890593
21071.00000 0.890815
21072.00000 0.890777
21073.00000 0.890956
21074.00000 0.890856
21075.00000 0.890935
21076.00000 0.891021
21077.00000 0.891105
21078.00000 0.891218
21079.00000 0.891213
21080.00000 0.891621
21081.00000 0.891397
21082.00000 0.89173
21083.00000 0.891746
21084.00000 0.89162
21085.00000 0.891721
21086.00000 0.891835
21087.00000 0.891864
21088.00000 0.891898
21089.00000 0.892235
21090.00000 0.892105
21091.00000 0.892334
21092.00000 0.892181
21093.00000 0.892325
21094.00000 0.892381
21095.00000 0.892682
21096.00000 0.892702
21097.00000 0.89252
21098.00000 0.892861
21099.00000 0.892939
21100.00000 0.893205
21101.00000 0.893242
21102.00000 0.893477
21103.00000 0.893506
21104.00000 0.893386
21105.00000 0.893407
21106.00000 0.893754
21107.00000 0.89388
21108.00000 0.89388
21109.00000 0.894081
21110.00000 0.894085
21111.00000 0.894461
21112.00000 0.89443
21113.00000 0.894731
21114.00000 0.894673
21115.00000 0.894963
21116.00000 0.894912
21117.00000 0.895206
21118.00000 0.895165
21119.00000 0.895497
21120.00000 0.895536
21121.00000 0.895551
21122.00000 0.895615
21123.00000 0.89573
21124.00000 0.89593
21125.00000 0.896142
21126.00000 0.896519
21127.00000 0.8964
21128.00000 0.896539
21129.00000 0.896819
21130.00000 0.89707
21131.00000 0.897188
21132.00000 0.897497
21133.00000 0.897705
21134.00000 0.897472
21135.00000 0.898128
21136.00000 0.897808
21137.00000 0.89807
21138.00000 0.898054
21139.00000 0.898309
21140.00000 0.898572
21141.00000 0.89865
21142.00000 0.89907
21143.00000 0.898997
21144.00000 0.899233
21145.00000 0.899369
21146.00000 0.89982
21147.00000 0.899822
21148.00000 0.899834
21149.00000 0.900104
21150.00000 0.900343
21151.00000 0.900491
21152.00000 0.900489
21153.00000 0.900769
21154.00000 0.901091
21155.00000 0.901298
21156.00000 0.901239
21157.00000 0.90151
21158.00000 0.901383
21159.00000 0.901922
21160.00000 0.901813
21161.00000 0.902473
21162.00000 0.902477
21163.00000 0.90274
21164.00000 0.903101
21165.00000 0.902957
21166.00000 0.903065
21167.00000 0.903473
21168.00000 0.903633
21169.00000 0.903567
21170.00000 0.904059
21171.00000 0.904429
21172.00000 0.904343
21173.00000 0.904563
21174.00000 0.904966
21175.00000 0.905025
21176.00000 0.90545
21177.00000 0.905578
21178.00000 0.905399
21179.00000 0.905845
21180.00000 0.905983
21181.00000 0.906422
21182.00000 0.906538
21183.00000 0.906861
21184.00000 0.906768
21185.00000 0.907297
21186.00000 0.907057
21187.00000 0.907271
21188.00000 0.908022
21189.00000 0.907468
21190.00000 0.908173
21191.00000 0.908421
21192.00000 0.908187
21193.00000 0.9084
21194.00000 0.908922
21195.00000 0.90922
21196.00000 0.909197
21197.00000 0.909261
21198.00000 0.909492
21199.00000 0.910306
21200.00000 0.910027
21201.00000 0.910037
21202.00000 0.910491
21203.00000 0.910917
21204.00000 0.910846
21205.00000 0.91122
21206.00000 0.911645
21207.00000 0.911379
21208.00000 0.911815
21209.00000 0.91222
21210.00000 0.911952
21211.00000 0.912731
21212.00000 0.912867
21213.00000 0.912674
21214.00000 0.913313
21215.00000 0.913074
21216.00000 0.913317
21217.00000 0.914015
21218.00000 0.913964
21219.00000 0.914129
21220.00000 0.914265
21221.00000 0.914594
21222.00000 0.914608
21223.00000 0.914879
21224.00000 0.91527
21225.00000 0.915564
21226.00000 0.915453
21227.00000 0.915902
21228.00000 0.916398
21229.00000 0.91603
21230.00000 0.916138
21231.00000 0.916551
21232.00000 0.917083
21233.00000 0.917171
21234.00000 0.917398
21235.00000 0.917132
21236.00000 0.917188
21237.00000 0.91803
21238.00000 0.917571
21239.00000 0.91825
21240.00000 0.918398
21241.00000 0.918859
21242.00000 0.91874
21243.00000 0.918814
21244.00000 0.918966
21245.00000 0.919575
21246.00000 0.920078
21247.00000 0.919762
21248.00000 0.920256
21249.00000 0.919803
21250.00000 0.92081
21251.00000 0.920688
21252.00000 0.92094
21253.00000 0.920833
21254.00000 0.921508
21255.00000 0.921534
21256.00000 0.921292
21257.00000 0.92203
21258.00000 0.92193
21259.00000 0.922415
21260.00000 0.922375
21261.00000 0.922616
21262.00000 0.922603
21263.00000 0.92331
21264.00000 0.923207
21265.00000 0.923302
21266.00000 0.923713
21267.00000 0.923611
21268.00000 0.923948
21269.00000 0.924169
21270.00000 0.924375
21271.00000 0.92448
21272.00000 0.924261
21273.00000 0.924872
21274.00000 0.924923
21275.00000 0.925095
21276.00000 0.925235
21277.00000 0.925524
21278.00000 0.925741
21279.00000 0.92568
21280.00000 0.925876
21281.00000 0.926184
21282.00000 0.926178
21283.00000 0.926519
21284.00000 0.926671
21285.00000 0.926751
21286.00000 0.926886
21287.00000 0.926998
21288.00000 0.927269
21289.00000 0.927529
21290.00000 0.92763
21291.00000 0.927609
21292.00000 0.928075
21293.00000 0.928243
21294.00000 0.928354
21295.00000 0.928469
21296.00000 0.928395
21297.00000 0.92884
21298.00000 0.928466
21299.00000 0.929023
21300.00000 0.929232
21301.00000 0.929319
21302.00000 0.929199
21303.00000 0.929397
21304.00000 0.929559
21305.00000 0.929518
21306.00000 0.929778
21307.00000 0.930128
21308.00000 0.930346
21309.00000 0.93017
21310.00000 0.930139
21311.00000 0.930365
21312.00000 0.930606
21313.00000 0.93095
21314.00000 0.931084
21315.00000 0.931103
21316.00000 0.931441
21317.00000 0.931458
21318.00000 0.931519
21319.00000 0.931658
21320.00000 0.931641
21321.00000 0.931489
21322.00000 0.931741
21323.00000 0.931764
21324.00000 0.931932
21325.00000 0.932579
21326.00000 0.932215
21327.00000 0.932474
21328.00000 0.932768
21329.00000 0.932823
21330.00000 0.932378
21331.00000 0.93269
21332.00000 0.932869
21333.00000 0.933026
21334.00000 0.933193
21335.00000 0.933142
21336.00000 0.93309
21337.00000 0.933145
21338.00000 0.933468
21339.00000 0.933736
21340.00000 0.933599
21341.00000 0.933301
21342.00000 0.93373
21343.00000 0.933733
21344.00000 0.933942
21345.00000 0.933943
21346.00000 0.933938
21347.00000 0.934124
21348.00000 0.934008
21349.00000 0.934377
21350.00000 0.934132
21351.00000 0.934416
21352.00000 0.934245
21353.00000 0.93417
21354.00000 0.934534
21355.00000 0.934415
21356.00000 0.934581
21357.00000 0.935094
21358.00000 0.934906
21359.00000 0.934815
21360.00000 0.934964
21361.00000 0.934708
21362.00000 0.93492
21363.00000 0.935151
21364.00000 0.934958
21365.00000 0.93486
21366.00000 0.934964
21367.00000 0.935121
21368.00000 0.935093
21369.00000 0.935221
21370.00000 0.93517
21371.00000 0.934931
21372.00000 0.935066
21373.00000 0.935385
21374.00000 0.935266
21375.00000 0.935231
21376.00000 0.935552
21377.00000 0.935231
21378.00000 0.935404
21379.00000 0.935297
21380.00000 0.935388
21381.00000 0.935591
21382.00000 0.935328
21383.00000 0.935375
21384.00000 0.935324
21385.00000 0.935266
21386.00000 0.935035
21387.00000 0.935425
21388.00000 0.935266
21389.00000 0.935155
21390.00000 0.935511
21391.00000 0.935397
21392.00000 0.935159
21393.00000 0.934899
21394.00000 0.935002
21395.00000 0.935008
21396.00000 0.935113
21397.00000 0.9353
21398.00000 0.935099
21399.00000 0.935173
21400.00000 0.935377
21401.00000 0.935283
21402.00000 0.934976
21403.00000 0.934868
21404.00000 0.934979
21405.00000 0.934682
21406.00000 0.934924
21407.00000 0.935362
21408.00000 0.934454
21409.00000 0.934803
21410.00000 0.934434
21411.00000 0.9348
21412.00000 0.93486
21413.00000 0.934754
21414.00000 0.934682
21415.00000 0.934756
21416.00000 0.934475
21417.00000 0.934628
21418.00000 0.934412
21419.00000 0.934156
21420.00000 0.934269
21421.00000 0.934244
21422.00000 0.93421
21423.00000 0.934386
21424.00000 0.934092
21425.00000 0.93429
21426.00000 0.933837
21427.00000 0.93396
21428.00000 0.933902
21429.00000 0.93371
21430.00000 0.933882
21431.00000 0.933522
21432.00000 0.933772
21433.00000 0.933507
21434.00000 0.933527
21435.00000 0.933402
21436.00000 0.933524
21437.00000 0.933114
21438.00000 0.933463
21439.00000 0.933034
21440.00000 0.93314
21441.00000 0.932751
21442.00000 0.932539
21443.00000 0.932794
21444.00000 0.932432
21445.00000 0.932552
21446.00000 0.932531
21447.00000 0.932475
21448.00000 0.932365
21449.00000 0.932446
21450.00000 0.93205
21451.00000 0.932308
21452.00000 0.932018
21453.00000 0.9319
21454.00000 0.931533
21455.00000 0.931701
21456.00000 0.931911
21457.00000 0.93118
21458.00000 0.930934
21459.00000 0.931407
21460.00000 0.931559
21461.00000 0.931291
21462.00000 0.930901
21463.00000 0.930938
21464.00000 0.930743
21465.00000 0.930668
21466.00000 0.930278
21467.00000 0.93023
21468.00000 0.930382
21469.00000 0.930252
21470.00000 0.929889
21471.00000 0.929866
21472.00000 0.929761
21473.00000 0.929378
21474.00000 0.929492
21475.00000 0.929179
21476.00000 0.929721
21477.00000 0.929115
21478.00000 0.928945
21479.00000 0.92885
21480.00000 0.92906
21481.00000 0.928453
21482.00000 0.92857
21483.00000 0.92844
21484.00000 0.928527
21485.00000 0.927936
21486.00000 0.928098
21487.00000 0.927745
21488.00000 0.927416
21489.00000 0.927719
21490.00000 0.927408
21491.00000 0.927268
21492.00000 0.926648
21493.00000 0.926738
21494.00000 0.927311
21495.00000 0.926945
21496.00000 0.926538
21497.00000 0.926704
21498.00000 0.926749
21499.00000 0.926032
21500.00000 0.92606
21501.00000 0.926258
21502.00000 0.925924
21503.00000 0.925897
21504.00000 0.925401
21505.00000 0.925567
21506.00000 0.925185
21507.00000 0.925101
21508.00000 0.924726
21509.00000 0.924946
21510.00000 0.924695
21511.00000 0.924756
21512.00000 0.924774
21513.00000 0.924298
21514.00000 0.923874
21515.00000 0.924263
21516.00000 0.923797
21517.00000 0.923997
21518.00000 0.923453
21519.00000 0.92325
21520.00000 0.923329
21521.00000 0.923081
21522.00000 0.92283
21523.00000 0.923103
21524.00000 0.922814
21525.00000 0.922785
21526.00000 0.922041
21527.00000 0.922196
21528.00000 0.92237
21529.00000 0.921959
21530.00000 0.921845
21531.00000 0.921616
21532.00000 0.921416
21533.00000 0.921175
21534.00000 0.921048
21535.00000 0.921148
21536.00000 0.921009
21537.00000 0.921026
21538.00000 0.920541
21539.00000 0.920514
21540.00000 0.920276
21541.00000 0.920076
21542.00000 0.919967
21543.00000 0.919725
21544.00000 0.919831
21545.00000 0.919429
21546.00000 0.919284
21547.00000 0.919307
21548.00000 0.919134
21549.00000 0.919214
21550.00000 0.919011
21551.00000 0.918681
21552.00000 0.918591
21553.00000 0.918347
21554.00000 0.918364
21555.00000 0.918272
21556.00000 0.917633
21557.00000 0.917992
21558.00000 0.917885
21559.00000 0.917631
21560.00000 0.917076
21561.00000 0.916926
21562.00000 0.917005
21563.00000 0.917168
21564.00000 0.916493
21565.00000 0.916503
21566.00000 0.916726
21567.00000 0.916636
21568.00000 0.916359
21569.00000 0.916069
21570.00000 0.915657
21571.00000 0.915727
21572.00000 0.915345
21573.00000 0.915394
21574.00000 0.915337
