threeML/data/optical_filters/TCS/CAIN3-Fe.ecsv
# %ECSV 0.9
# ---
# datatype:
# - {name: wavelength, unit: Angstrom, datatype: float32}
# - {name: response, datatype: float32}
# meta: !!omap
# - {band_name: Fe}
# - {group_name: CAIN3}
wavelength response
14563.79980 0.0
16182.00000 0.004083
16183.00000 0.004052
16184.00000 0.004231
16185.00000 0.004258
16186.00000 0.004219
16187.00000 0.004241
16188.00000 0.004402
16189.00000 0.004436
16190.00000 0.00455
16191.00000 0.004553
16192.00000 0.004575
16193.00000 0.004627
16194.00000 0.004749
16195.00000 0.004781
16196.00000 0.004892
16197.00000 0.004855
16198.00000 0.00499
16199.00000 0.004997
16200.00000 0.005087
16201.00000 0.005227
16202.00000 0.005243
16203.00000 0.005295
16204.00000 0.005439
16205.00000 0.005469
16206.00000 0.005566
16207.00000 0.005608
16208.00000 0.005646
16209.00000 0.005767
16210.00000 0.005882
16211.00000 0.005855
16212.00000 0.006044
16213.00000 0.006019
16214.00000 0.006131
16215.00000 0.006291
16216.00000 0.006334
16217.00000 0.00632
16218.00000 0.006423
16219.00000 0.006564
16220.00000 0.006675
16221.00000 0.006797
16222.00000 0.006784
16223.00000 0.006964
16224.00000 0.007061
16225.00000 0.007183
16226.00000 0.007209
16227.00000 0.007393
16228.00000 0.007476
16229.00000 0.007666
16230.00000 0.007592
16231.00000 0.007827
16232.00000 0.007954
16233.00000 0.007993
16234.00000 0.008089
16235.00000 0.008197
16236.00000 0.008411
16237.00000 0.008592
16238.00000 0.008596
16239.00000 0.008789
16240.00000 0.008923
16241.00000 0.009016
16242.00000 0.00919
16243.00000 0.009289
16244.00000 0.009468
16245.00000 0.009658
16246.00000 0.009805
16247.00000 0.009868
16248.00000 0.009966
16249.00000 0.010168
16250.00000 0.010342
16251.00000 0.010418
16252.00000 0.010679
16253.00000 0.010808
16254.00000 0.010982
16255.00000 0.011133
16256.00000 0.011358
16257.00000 0.011542
16258.00000 0.011812
16259.00000 0.01184
16260.00000 0.012018
16261.00000 0.012267
16262.00000 0.012483
16263.00000 0.012713
16264.00000 0.012812
16265.00000 0.013076
16266.00000 0.013347
16267.00000 0.013547
16268.00000 0.01371
16269.00000 0.01392
16270.00000 0.014226
16271.00000 0.014483
16272.00000 0.014723
16273.00000 0.014952
16274.00000 0.015116
16275.00000 0.015358
16276.00000 0.01578
16277.00000 0.015952
16278.00000 0.016124
16279.00000 0.016495
16280.00000 0.016863
16281.00000 0.017095
16282.00000 0.017405
16283.00000 0.0177
16284.00000 0.018075
16285.00000 0.018318
16286.00000 0.018598
16287.00000 0.018881
16288.00000 0.019419
16289.00000 0.019577
16290.00000 0.020002
16291.00000 0.020318
16292.00000 0.020752
16293.00000 0.021137
16294.00000 0.021453
16295.00000 0.021843
16296.00000 0.02221
16297.00000 0.022731
16298.00000 0.023047
16299.00000 0.023481
16300.00000 0.023898
16301.00000 0.024453
16302.00000 0.02481
16303.00000 0.025403
16304.00000 0.025772
16305.00000 0.026393
16306.00000 0.026927
16307.00000 0.02731
16308.00000 0.027901
16309.00000 0.028311
16310.00000 0.028947
16311.00000 0.029432
16312.00000 0.029998
16313.00000 0.030616
16314.00000 0.031422
16315.00000 0.031956
16316.00000 0.032476
16317.00000 0.03307
16318.00000 0.033913
16319.00000 0.034556
16320.00000 0.035337
16321.00000 0.035701
16322.00000 0.036831
16323.00000 0.037603
16324.00000 0.038293
16325.00000 0.038945
16326.00000 0.039914
16327.00000 0.040763
16328.00000 0.041571
16329.00000 0.042216
16330.00000 0.043074
16331.00000 0.044156
16332.00000 0.045036
16333.00000 0.046022
16334.00000 0.046747
16335.00000 0.047974
16336.00000 0.049073
16337.00000 0.050086
16338.00000 0.050944
16339.00000 0.052459
16340.00000 0.05352
16341.00000 0.054659
16342.00000 0.055667
16343.00000 0.057016
16344.00000 0.058426
16345.00000 0.059616
16346.00000 0.060785
16347.00000 0.062099
16348.00000 0.063611
16349.00000 0.065083
16350.00000 0.066483
16351.00000 0.067846
16352.00000 0.069358
16353.00000 0.071088
16354.00000 0.072726
16355.00000 0.073884
16356.00000 0.075577
16357.00000 0.077851
16358.00000 0.079537
16359.00000 0.08102
16360.00000 0.082974
16361.00000 0.085236
16362.00000 0.087286
16363.00000 0.089127
16364.00000 0.090752
16365.00000 0.093446
16366.00000 0.095717
16367.00000 0.097523
16368.00000 0.099447
16369.00000 0.101721
16370.00000 0.104532
16371.00000 0.107039
16372.00000 0.108798
16373.00000 0.111531
16374.00000 0.114406
16375.00000 0.117445
16376.00000 0.120015
16377.00000 0.122794
16378.00000 0.125628
16379.00000 0.129074
16380.00000 0.131434
16381.00000 0.133853
16382.00000 0.137578
16383.00000 0.141215
16384.00000 0.14448
16385.00000 0.147189
16386.00000 0.150796
16387.00000 0.154664
16388.00000 0.158498
16389.00000 0.161644
16390.00000 0.164977
16391.00000 0.17
16392.00000 0.174166
16393.00000 0.177699
16394.00000 0.181617
16395.00000 0.185825
16396.00000 0.190835
16397.00000 0.194633
16398.00000 0.198206
16399.00000 0.202573
16400.00000 0.208416
16401.00000 0.212945
16402.00000 0.217506
16403.00000 0.222294
16404.00000 0.22768
16405.00000 0.233547
16406.00000 0.237741
16407.00000 0.242761
16408.00000 0.248776
16409.00000 0.254672
16410.00000 0.259846
16411.00000 0.264706
16412.00000 0.270149
16413.00000 0.277617
16414.00000 0.283612
16415.00000 0.288441
16416.00000 0.293276
16417.00000 0.30153
16418.00000 0.308392
16419.00000 0.31337
16420.00000 0.319131
16421.00000 0.326132
16422.00000 0.333702
16423.00000 0.339838
16424.00000 0.345093
16425.00000 0.353228
16426.00000 0.36204
16427.00000 0.369492
16428.00000 0.375086
16429.00000 0.381924
16430.00000 0.390659
16431.00000 0.398422
16432.00000 0.404455
16433.00000 0.409692
16434.00000 0.418506
16435.00000 0.427056
16436.00000 0.43412
16437.00000 0.440511
16438.00000 0.447638
16439.00000 0.45663
16440.00000 0.464178
16441.00000 0.469732
16442.00000 0.477656
16443.00000 0.486965
16444.00000 0.496839
16445.00000 0.501792
16446.00000 0.509761
16447.00000 0.518727
16448.00000 0.527273
16449.00000 0.533183
16450.00000 0.539165
16451.00000 0.546447
16452.00000 0.556702
16453.00000 0.56403
16454.00000 0.570228
16455.00000 0.577152
16456.00000 0.585403
16457.00000 0.593398
16458.00000 0.597862
16459.00000 0.605809
16460.00000 0.61353
16461.00000 0.622736
16462.00000 0.628053
16463.00000 0.634948
16464.00000 0.641553
16465.00000 0.649956
16466.00000 0.655754
16467.00000 0.661023
16468.00000 0.667812
16469.00000 0.676061
16470.00000 0.682712
16471.00000 0.686322
16472.00000 0.692391
16473.00000 0.698509
16474.00000 0.705897
16475.00000 0.709114
16476.00000 0.714416
16477.00000 0.720509
16478.00000 0.72814
16479.00000 0.731787
16480.00000 0.736597
16481.00000 0.740987
16482.00000 0.74744
16483.00000 0.751465
16484.00000 0.755867
16485.00000 0.759261
16486.00000 0.764665
16487.00000 0.769617
16488.00000 0.771721
16489.00000 0.777396
16490.00000 0.778628
16491.00000 0.783989
16492.00000 0.785881
16493.00000 0.790298
16494.00000 0.791589
16495.00000 0.797276
16496.00000 0.799177
16497.00000 0.802338
16498.00000 0.80382
16499.00000 0.807787
16500.00000 0.809811
16501.00000 0.812349
16502.00000 0.813488
16503.00000 0.815118
16504.00000 0.818771
16505.00000 0.819673
16506.00000 0.820985
16507.00000 0.822269
16508.00000 0.825342
16509.00000 0.825035
16510.00000 0.826953
16511.00000 0.826796
16512.00000 0.829436
16513.00000 0.829169
16514.00000 0.830937
16515.00000 0.829864
16516.00000 0.831642
16517.00000 0.831316
16518.00000 0.832435
16519.00000 0.83199
16520.00000 0.832306
16521.00000 0.831519
16522.00000 0.831067
16523.00000 0.830504
16524.00000 0.830308
16525.00000 0.830205
16526.00000 0.828272
16527.00000 0.828658
16528.00000 0.826364
16529.00000 0.826407
16530.00000 0.823098
16531.00000 0.823513
16532.00000 0.82045
16533.00000 0.820159
16534.00000 0.816558
16535.00000 0.816266
16536.00000 0.813111
16537.00000 0.811632
16538.00000 0.808051
16539.00000 0.805223
16540.00000 0.803005
16541.00000 0.801023
16542.00000 0.798213
16543.00000 0.792847
16544.00000 0.791283
16545.00000 0.787931
16546.00000 0.785621
16547.00000 0.778287
16548.00000 0.77613
16549.00000 0.771831
16550.00000 0.768732
16551.00000 0.761791
16552.00000 0.758258
16553.00000 0.753851
16554.00000 0.750657
16555.00000 0.742894
16556.00000 0.737761
16557.00000 0.733099
16558.00000 0.728813
16559.00000 0.723654
16560.00000 0.715244
16561.00000 0.710707
16562.00000 0.705474
16563.00000 0.70145
16564.00000 0.690867
16565.00000 0.685111
16566.00000 0.678742
16567.00000 0.675187
16568.00000 0.665458
16569.00000 0.657133
16570.00000 0.650692
16571.00000 0.645742
16572.00000 0.637165
16573.00000 0.627865
16574.00000 0.620977
16575.00000 0.615659
16576.00000 0.609922
16577.00000 0.597882
16578.00000 0.590832
16579.00000 0.584873
16580.00000 0.578996
16581.00000 0.56636
16582.00000 0.558621
16583.00000 0.551488
16584.00000 0.546394
16585.00000 0.535241
16586.00000 0.525452
16587.00000 0.518285
16588.00000 0.513056
16589.00000 0.50555
16590.00000 0.493337
16591.00000 0.485981
16592.00000 0.479769
16593.00000 0.47355
16594.00000 0.462988
16595.00000 0.453109
16596.00000 0.447485
16597.00000 0.441669
16598.00000 0.431902
16599.00000 0.421466
16600.00000 0.415104
16601.00000 0.409006
16602.00000 0.402232
16603.00000 0.390959
16604.00000 0.383717
16605.00000 0.378966
16606.00000 0.371448
16607.00000 0.361275
16608.00000 0.353376
16609.00000 0.348628
16610.00000 0.342218
16611.00000 0.333492
16612.00000 0.324933
16613.00000 0.319669
16614.00000 0.31481
16615.00000 0.308231
16616.00000 0.298588
16617.00000 0.292655
16618.00000 0.287875
16619.00000 0.282343
16620.00000 0.273771
16621.00000 0.26709
16622.00000 0.26277
16623.00000 0.257917
16624.00000 0.250827
16625.00000 0.243753
16626.00000 0.239824
16627.00000 0.234645
16628.00000 0.230198
16629.00000 0.22257
16630.00000 0.218418
16631.00000 0.214738
16632.00000 0.211009
16633.00000 0.204259
16634.00000 0.19876
16635.00000 0.194993
16636.00000 0.190823
16637.00000 0.185761
16638.00000 0.180801
16639.00000 0.177691
16640.00000 0.174519
16641.00000 0.170439
16642.00000 0.164143
16643.00000 0.161619
16644.00000 0.158051
16645.00000 0.155051
16646.00000 0.15015
16647.00000 0.147007
16648.00000 0.144207
16649.00000 0.14187
16650.00000 0.137666
16651.00000 0.13348
16652.00000 0.1309
16653.00000 0.128473
16654.00000 0.125786
16655.00000 0.121513
16656.00000 0.119275
16657.00000 0.117204
16658.00000 0.115124
16659.00000 0.11098
16660.00000 0.108945
16661.00000 0.106698
16662.00000 0.104933
16663.00000 0.101555
16664.00000 0.099349
16665.00000 0.097305
16666.00000 0.09593
16667.00000 0.09378
16668.00000 0.090777
16669.00000 0.089089
16670.00000 0.087457
16671.00000 0.085583
16672.00000 0.083141
16673.00000 0.081502
16674.00000 0.079965
16675.00000 0.078411
16676.00000 0.076096
16677.00000 0.074537
16678.00000 0.073163
16679.00000 0.071977
16680.00000 0.070134
16681.00000 0.068536
16682.00000 0.067133
16683.00000 0.066141
16684.00000 0.064617
16685.00000 0.062693
16686.00000 0.061615
16687.00000 0.060583
16688.00000 0.059581
16689.00000 0.057768
16690.00000 0.056602
16691.00000 0.055762
16692.00000 0.054921
16693.00000 0.053666
16694.00000 0.052152
16695.00000 0.051217
16696.00000 0.050517
16697.00000 0.049443
16698.00000 0.048148
16699.00000 0.04732
16700.00000 0.046598
16701.00000 0.045745
16702.00000 0.044447
16703.00000 0.043723
16704.00000 0.04306
16705.00000 0.04228
16706.00000 0.041287
16707.00000 0.040443
16708.00000 0.039761
16709.00000 0.039109
16710.00000 0.038408
16711.00000 0.037349
16712.00000 0.036782
16713.00000 0.036278
16714.00000 0.035755
16715.00000 0.034859
16716.00000 0.034156
16717.00000 0.033624
16718.00000 0.033083
16719.00000 0.032446
16720.00000 0.03159
16721.00000 0.031243
16722.00000 0.030668
16723.00000 0.030195
16724.00000 0.02943
16725.00000 0.029108
16726.00000 0.02859
16727.00000 0.028009
16728.00000 0.027473
16729.00000 0.027045
16730.00000 0.026738
16731.00000 0.026144
16732.00000 0.02558
16733.00000 0.025112
16734.00000 0.024849
16735.00000 0.024511
16736.00000 0.023994
16737.00000 0.023423
16738.00000 0.023127
16739.00000 0.022826
16740.00000 0.022479
16741.00000 0.021939
16742.00000 0.02162
16743.00000 0.021261
16744.00000 0.020963
16745.00000 0.020608
16746.00000 0.020217
16747.00000 0.019942
16748.00000 0.019646
16749.00000 0.019388
16750.00000 0.018905
16751.00000 0.01875
16752.00000 0.018541
16753.00000 0.018131
16754.00000 0.017684
16755.00000 0.017475
16756.00000 0.017269
16757.00000 0.017054
16758.00000 0.016775
16759.00000 0.016422
16760.00000 0.016261
16761.00000 0.01609
16762.00000 0.015634
16763.00000 0.015349
16764.00000 0.015265
16765.00000 0.015057
16766.00000 0.014822
16767.00000 0.014505
16768.00000 0.014361
16769.00000 0.01414
16770.00000 0.013945
16771.00000 0.013799
16772.00000 0.013451
16773.00000 0.013277
16774.00000 0.013167
16775.00000 0.012972
16776.00000 0.012619
16777.00000 0.012585
16778.00000 0.012384
16779.00000 0.01216
16780.00000 0.012021
16781.00000 0.011773
16782.00000 0.011744
16783.00000 0.01155
16784.00000 0.01135
16785.00000 0.011216
16786.00000 0.011056
16787.00000 0.010905
16788.00000 0.010735
16789.00000 0.010519
16790.00000 0.010421
16791.00000 0.010285
16792.00000 0.010256
16793.00000 0.010081
16794.00000 0.009761
16795.00000 0.009717
16796.00000 0.009692
16797.00000 0.009438
16798.00000 0.009363
16799.00000 0.009225
16800.00000 0.008983
16801.00000 0.009114
16802.00000 0.008801
16803.00000 0.008763
16804.00000 0.008595
16805.00000 0.008422
16806.00000 0.008349
16807.00000 0.008371
16808.00000 0.008165
16809.00000 0.008073
16810.00000 0.00798
16811.00000 0.007906
16812.00000 0.007777
16813.00000 0.007705
16814.00000 0.007572
16815.00000 0.007443
16816.00000 0.007366
16817.00000 0.007302
16818.00000 0.00721
16819.00000 0.007104
16820.00000 0.006998
16821.00000 0.006928
16822.00000 0.006901
16823.00000 0.006727
16824.00000 0.00664
16825.00000 0.006705
16826.00000 0.006483
16827.00000 0.006422
16828.00000 0.00626
16829.00000 0.006344
16830.00000 0.006227
16831.00000 0.006176
16832.00000 0.006062
16833.00000 0.005971
16834.00000 0.005907
16835.00000 0.005899
16836.00000 0.005787
16837.00000 0.005773
16838.00000 0.005641
16839.00000 0.00568
16840.00000 0.005441
16841.00000 0.005394
16842.00000 0.005374
16843.00000 0.005277
16844.00000 0.005222
16845.00000 0.005137
16846.00000 0.005172
16847.00000 0.005138
16848.00000 0.005059
16849.00000 0.004916
16850.00000 0.004912
16851.00000 0.00483
16852.00000 0.004791
16853.00000 0.004717
16854.00000 0.004692
16855.00000 0.004673
16856.00000 0.0046
16857.00000 0.004433
16858.00000 0.004454
16859.00000 0.004443
16860.00000 0.004386
16861.00000 0.004321
16862.00000 0.004263
16863.00000 0.004168
16864.00000 0.004227
16865.00000 0.004189
16866.00000 0.004129
16867.00000 0.004082
16868.00000 0.004129
18554.80078 0.0
