threeML/data/optical_filters/LSST/LSST-z.ecsv
# %ECSV 0.9
# ---
# datatype:
# - {name: wavelength, unit: Angstrom, datatype: float32}
# - {name: response, datatype: float32}
# meta: !!omap
# - {band_name: z}
# - {group_name: LSST}
wavelength response
[from data line 801]
8831.00000 0.439319
8832.00000 0.439273
8833.00000 0.439228
8834.00000 0.439183
8835.00000 0.439138
8836.00000 0.439094
8837.00000 0.439049
8838.00000 0.439004
8839.00000 0.43896
8840.00000 0.438915
8841.00000 0.438856
8842.00000 0.438797
8843.00000 0.438739
8844.00000 0.43868
8845.00000 0.438622
8846.00000 0.438565
8847.00000 0.438507
8848.00000 0.43845
8849.00000 0.438394
8850.00000 0.438338
8851.00000 0.438109
8852.00000 0.437881
8853.00000 0.437654
8854.00000 0.437427
8855.00000 0.437201
8856.00000 0.436976
8857.00000 0.436752
8858.00000 0.436529
8859.00000 0.436306
8860.00000 0.436084
8861.00000 0.436029
8862.00000 0.435975
8863.00000 0.43592
8864.00000 0.435866
8865.00000 0.435812
8866.00000 0.435846
8867.00000 0.43588
8868.00000 0.435914
8869.00000 0.435948
8870.00000 0.435983
8871.00000 0.435945
8872.00000 0.435907
8873.00000 0.435869
8874.00000 0.435832
8875.00000 0.435794
8876.00000 0.435669
8877.00000 0.435544
8878.00000 0.435419
8879.00000 0.435295
8880.00000 0.435171
8881.00000 0.435158
8882.00000 0.435145
8883.00000 0.435132
8884.00000 0.435119
8885.00000 0.435105
8886.00000 0.435272
8887.00000 0.435441
8888.00000 0.435611
8889.00000 0.435781
8890.00000 0.435948
8891.00000 0.43575
8892.00000 0.435548
8893.00000 0.435342
8894.00000 0.43513
8895.00000 0.434912
8896.00000 0.434774
8897.00000 0.43463
8898.00000 0.434479
8899.00000 0.434319
8900.00000 0.434153
8901.00000 0.433835
8902.00000 0.43351
8903.00000 0.433178
8904.00000 0.43284
8905.00000 0.432497
8906.00000 0.432324
8907.00000 0.432147
8908.00000 0.431965
8909.00000 0.431781
8910.00000 0.431593
8911.00000 0.431409
8912.00000 0.431223
8913.00000 0.431038
8914.00000 0.430855
8915.00000 0.430674
8916.00000 0.430497
8917.00000 0.43032
8918.00000 0.430142
8919.00000 0.429965
8920.00000 0.429787
8921.00000 0.42944
8922.00000 0.429093
8923.00000 0.428746
8924.00000 0.428398
8925.00000 0.42805
8926.00000 0.427353
8927.00000 0.426656
8928.00000 0.42596
8929.00000 0.425264
8930.00000 0.424568
8931.00000 0.424076
8932.00000 0.423584
8933.00000 0.423093
8934.00000 0.422602
8935.00000 0.422112
8936.00000 0.421965
8937.00000 0.421814
8938.00000 0.421662
8939.00000 0.42151
8940.00000 0.42136
8941.00000 0.42067
8942.00000 0.419984
8943.00000 0.419304
8944.00000 0.41863
8945.00000 0.417963
8946.00000 0.416787
8947.00000 0.415619
8948.00000 0.414461
8949.00000 0.413312
8950.00000 0.412173
8951.00000 0.410621
8952.00000 0.409079
8953.00000 0.407546
8954.00000 0.406022
8955.00000 0.404507
8956.00000 0.403429
8957.00000 0.402358
8958.00000 0.401292
8959.00000 0.400231
8960.00000 0.399174
8961.00000 0.397781
8962.00000 0.39639
8963.00000 0.394998
8964.00000 0.393604
8965.00000 0.392208
8966.00000 0.391665
8967.00000 0.391123
8968.00000 0.390581
8969.00000 0.39004
8970.00000 0.389498
8971.00000 0.390339
8972.00000 0.391179
8973.00000 0.392019
8974.00000 0.39286
8975.00000 0.3937
8976.00000 0.394198
8977.00000 0.394696
8978.00000 0.395194
8979.00000 0.395692
8980.00000 0.396189
8981.00000 0.392894
8982.00000 0.389599
8983.00000 0.386304
8984.00000 0.383011
8985.00000 0.379717
8986.00000 0.375315
8987.00000 0.370917
8988.00000 0.366521
8989.00000 0.362125
8990.00000 0.357729
8991.00000 0.359662
8992.00000 0.361592
8993.00000 0.363517
8994.00000 0.365437
8995.00000 0.367351
8996.00000 0.370113
8997.00000 0.372868
8998.00000 0.375615
8999.00000 0.378354
9000.00000 0.381083
9001.00000 0.380014
9002.00000 0.378937
9003.00000 0.377854
9004.00000 0.376765
9005.00000 0.37567
9006.00000 0.375848
9007.00000 0.376021
9008.00000 0.376189
9009.00000 0.376352
9010.00000 0.376512
9011.00000 0.377245
9012.00000 0.377975
9013.00000 0.378705
9014.00000 0.379434
9015.00000 0.380166
9016.00000 0.379797
9017.00000 0.379428
9018.00000 0.379059
9019.00000 0.37869
9020.00000 0.378321
9021.00000 0.377664
9022.00000 0.377007
9023.00000 0.376351
9024.00000 0.375695
9025.00000 0.375039
9026.00000 0.375989
9027.00000 0.376939
9028.00000 0.377888
9029.00000 0.378836
9030.00000 0.379784
9031.00000 0.382524
9032.00000 0.38526
9033.00000 0.387994
9034.00000 0.390724
9035.00000 0.393452
9036.00000 0.395167
9037.00000 0.396879
9038.00000 0.398588
9039.00000 0.400294
9040.00000 0.401999
9041.00000 0.401542
9042.00000 0.401086
9043.00000 0.400631
9044.00000 0.400177
9045.00000 0.399724
9046.00000 0.399189
9047.00000 0.398656
9048.00000 0.398124
9049.00000 0.397595
9050.00000 0.397068
9051.00000 0.396977
9052.00000 0.396888
9053.00000 0.396801
9054.00000 0.396716
9055.00000 0.396634
9056.00000 0.396136
9057.00000 0.39564
9058.00000 0.395145
9059.00000 0.394652
9060.00000 0.39416
9061.00000 0.39205
9062.00000 0.389941
9063.00000 0.387833
9064.00000 0.385726
9065.00000 0.383619
9066.00000 0.381345
9067.00000 0.379073
9068.00000 0.376801
9069.00000 0.374531
9070.00000 0.372262
9071.00000 0.371375
9072.00000 0.370489
9073.00000 0.369604
9074.00000 0.368719
9075.00000 0.367834
9076.00000 0.367448
9077.00000 0.367063
9078.00000 0.366677
9079.00000 0.366291
9080.00000 0.365906
9081.00000 0.366047
9082.00000 0.366187
9083.00000 0.366327
9084.00000 0.366467
9085.00000 0.366607
9086.00000 0.36658
9087.00000 0.366553
9088.00000 0.366526
9089.00000 0.366498
9090.00000 0.366471
9091.00000 0.366798
9092.00000 0.367124
9093.00000 0.366903
9094.00000 0.366682
9095.00000 0.366263
9096.00000 0.36568
9097.00000 0.365116
9098.00000 0.364552
9099.00000 0.363968
9100.00000 0.363384
9101.00000 0.361944
9102.00000 0.360507
9103.00000 0.359056
9104.00000 0.357608
9105.00000 0.356165
9106.00000 0.356319
9107.00000 0.356488
9108.00000 0.356653
9109.00000 0.356795
9110.00000 0.356932
9111.00000 0.356524
9112.00000 0.356113
9113.00000 0.355681
9114.00000 0.355247
9115.00000 0.354831
9116.00000 0.353092
9117.00000 0.351338
9118.00000 0.349589
9119.00000 0.347864
9120.00000 0.346144
9121.00000 0.346249
9122.00000 0.34635
9123.00000 0.346446
9124.00000 0.346538
9125.00000 0.346644
9126.00000 0.343868
9127.00000 0.340908
9128.00000 0.33796
9129.00000 0.334484
9130.00000 0.331028
9131.00000 0.327417
9132.00000 0.323825
9133.00000 0.320254
9134.00000 0.316702
9135.00000 0.313152
9136.00000 0.313392
9137.00000 0.313635
9138.00000 0.313862
9139.00000 0.314074
9140.00000 0.31427
9141.00000 0.31516
9142.00000 0.316026
9143.00000 0.316868
9144.00000 0.317686
9145.00000 0.31848
9146.00000 0.316146
9147.00000 0.31382
9148.00000 0.311502
9149.00000 0.309192
9150.00000 0.30689
9151.00000 0.301959
9152.00000 0.297064
9153.00000 0.292224
9154.00000 0.287419
9155.00000 0.282651
9156.00000 0.282037
9157.00000 0.281414
9158.00000 0.280782
9159.00000 0.280141
9160.00000 0.279492
9161.00000 0.281156
9162.00000 0.282787
9163.00000 0.284385
9164.00000 0.28595
9165.00000 0.287482
9166.00000 0.286073
9167.00000 0.284663
9168.00000 0.283253
9169.00000 0.281822
9170.00000 0.280391
9171.00000 0.276804
9172.00000 0.27324
9173.00000 0.269701
9174.00000 0.266186
9175.00000 0.262695
9176.00000 0.260396
9177.00000 0.258107
9178.00000 0.255828
9179.00000 0.253559
9180.00000 0.2513
9181.00000 0.251303
9182.00000 0.251289
9183.00000 0.251258
9184.00000 0.251209
9185.00000 0.251124
9186.00000 0.251078
9187.00000 0.251033
9188.00000 0.25097
9189.00000 0.25089
9190.00000 0.250792
9191.00000 0.249728
9192.00000 0.248659
9193.00000 0.247585
9194.00000 0.246506
9195.00000 0.245421
9196.00000 0.243918
9197.00000 0.242414
9198.00000 0.240909
9199.00000 0.239405
9200.00000 0.237899
9201.00000 0.236964
9202.00000 0.23602
9203.00000 0.235087
9204.00000 0.234146
9205.00000 0.233196
9206.00000 0.231513
9207.00000 0.229832
9208.00000 0.228153
9209.00000 0.226476
9210.00000 0.224801
9211.00000 0.22262
9212.00000 0.220448
9213.00000 0.218287
9214.00000 0.216135
9215.00000 0.213993
9216.00000 0.212356
9217.00000 0.210721
9218.00000 0.209089
9219.00000 0.207439
9220.00000 0.205792
9221.00000 0.204677
9222.00000 0.203558
9223.00000 0.202432
9224.00000 0.201301
9225.00000 0.200163
9226.00000 0.198522
9227.00000 0.196882
9228.00000 0.195245
9229.00000 0.19361
9230.00000 0.191977
9231.00000 0.190231
9232.00000 0.188488
9233.00000 0.18675
9234.00000 0.185017
9235.00000 0.183268
9236.00000 0.181448
9237.00000 0.179654
9238.00000 0.177866
9239.00000 0.176084
9240.00000 0.174306
9241.00000 0.17259
9242.00000 0.170877
9243.00000 0.169167
9244.00000 0.167462
9245.00000 0.16576
9246.00000 0.164202
9247.00000 0.162644
9248.00000 0.161088
9249.00000 0.159532
9250.00000 0.157977
9251.00000 0.156607
9252.00000 0.155233
9253.00000 0.153876
9254.00000 0.152515
9255.00000 0.151152
9256.00000 0.149722
9257.00000 0.148291
9258.00000 0.146859
9259.00000 0.145425
9260.00000 0.143991
9261.00000 0.14255
9262.00000 0.14111
9263.00000 0.139669
9264.00000 0.138228
9265.00000 0.136787
9266.00000 0.135433
9267.00000 0.134076
9268.00000 0.132717
9269.00000 0.131338
9270.00000 0.129956
9271.00000 0.127744
9272.00000 0.12555
9273.00000 0.123375
9274.00000 0.121218
9275.00000 0.119079
9276.00000 0.116705
9277.00000 0.114357
9278.00000 0.112032
9279.00000 0.109733
9280.00000 0.107457
9281.00000 0.105903
9282.00000 0.104354
9283.00000 0.102811
9284.00000 0.101274
9285.00000 0.099724
9286.00000 0.09807
9287.00000 0.0964428
9288.00000 0.0948243
9289.00000 0.0932145
9290.00000 0.091613
9291.00000 0.0898245
9292.00000 0.0880501
9293.00000 0.0862896
9294.00000 0.0845431
9295.00000 0.0828103
9296.00000 0.0807495
9297.00000 0.0787138
9298.00000 0.076703
9299.00000 0.0747171
9300.00000 0.0727562
9301.00000 0.070892
9302.00000 0.0690496
9303.00000 0.0672447
9304.00000 0.0654614
9305.00000 0.0636998
9306.00000 0.0619757
9307.00000 0.0602727
9308.00000 0.0585909
9309.00000 0.0569304
9310.00000 0.0552912
9311.00000 0.0535997
9312.00000 0.0519331
9313.00000 0.0502915
9314.00000 0.0486748
9315.00000 0.047083
9316.00000 0.0450924
9317.00000 0.0431464
9318.00000 0.0412451
9319.00000 0.0393755
9320.00000 0.0375508
9321.00000 0.0362879
9322.00000 0.0350421
9323.00000 0.0338135
9324.00000 0.032602
9325.00000 0.0314076
9326.00000 0.0305449
9327.00000 0.0296802
9328.00000 0.0288134
9329.00000 0.0279447
9330.00000 0.0270739
9331.00000 0.0259873
9332.00000 0.0249138
9333.00000 0.0238534
9334.00000 0.022806
9335.00000 0.0219803
9336.00000 0.0207994
9337.00000 0.0198722
9338.00000 0.0189669
9339.00000 0.0180729
9340.00000 0.0172013
9341.00000 0.0166442
9342.00000 0.0160956
9343.00000 0.0155456
9344.00000 0.0150042
9345.00000 0.0144714
9346.00000 0.0145441
9347.00000 0.0146033
9348.00000 0.0146397
9349.00000 0.0146424
9350.00000 0.0146218
9351.00000 0.0143227
9352.00000 0.0140171
9353.00000 0.0136936
9354.00000 0.0133633
9355.00000 0.0130379
9356.00000 0.0125016
9357.00000 0.0119615
9358.00000 0.011429
9359.00000 0.0109154
9360.00000 0.0104093
9361.00000 0.0100166
9362.00000 0.00962155
9363.00000 0.00922407
9364.00000 0.00882417
9365.00000 0.00843306
9366.00000 0.00796786
9367.00000 0.0074968
9368.00000 0.0070311
9369.00000 0.00658169
9370.00000 0.00613747
9371.00000 0.0057791
9372.00000 0.00541265
9373.00000 0.00504936
9374.00000 0.00467826
9375.00000 0.00428795
9376.00000 0.00386599
9377.00000 0.00344145
9378.00000 0.00301432
9379.00000 0.00259617
9380.00000 0.00217552
9381.00000 0.00174239
9382.00000 0.00130591
9383.00000 0.000877781
9384.00000 0.000446407
9385.00000 0.000224035
9386.00000 0.0
