threeML/data/optical_filters/LSST/LSST-g.ecsv
# %ECSV 0.9
# ---
# datatype:
# - {name: wavelength, unit: Angstrom, datatype: float32}
# - {name: response, datatype: float32}
# meta: !!omap
# - {band_name: g}
# - {group_name: LSST}
wavelength response
[from data line 798]
4662.00000 0.376279
4663.00000 0.376415
4664.00000 0.376551
4665.00000 0.376686
4666.00000 0.376731
4667.00000 0.376777
4668.00000 0.376822
4669.00000 0.376868
4670.00000 0.376913
4671.00000 0.377073
4672.00000 0.377232
4673.00000 0.377392
4674.00000 0.377552
4675.00000 0.377711
4676.00000 0.377782
4677.00000 0.377852
4678.00000 0.377922
4679.00000 0.377993
4680.00000 0.378063
4681.00000 0.378227
4682.00000 0.378392
4683.00000 0.378556
4684.00000 0.37872
4685.00000 0.378885
4686.00000 0.378959
4687.00000 0.379034
4688.00000 0.379109
4689.00000 0.379184
4690.00000 0.379259
4691.00000 0.379373
4692.00000 0.379487
4693.00000 0.379601
4694.00000 0.379715
4695.00000 0.379829
4696.00000 0.379853
4697.00000 0.379877
4698.00000 0.379902
4699.00000 0.379926
4700.00000 0.37995
4701.00000 0.380108
4702.00000 0.380266
4703.00000 0.380423
4704.00000 0.380581
4705.00000 0.380738
4706.00000 0.380896
4707.00000 0.381054
4708.00000 0.381211
4709.00000 0.381369
4710.00000 0.381527
4711.00000 0.381571
4712.00000 0.381615
4713.00000 0.381659
4714.00000 0.381703
4715.00000 0.381747
4716.00000 0.381882
4717.00000 0.382016
4718.00000 0.38215
4719.00000 0.382284
4720.00000 0.382418
4721.00000 0.382476
4722.00000 0.382534
4723.00000 0.382592
4724.00000 0.382651
4725.00000 0.382709
4726.00000 0.382857
4727.00000 0.383005
4728.00000 0.383154
4729.00000 0.383302
4730.00000 0.383451
4731.00000 0.38348
4732.00000 0.38351
4733.00000 0.38354
4734.00000 0.38357
4735.00000 0.3836
4736.00000 0.38372
4737.00000 0.383841
4738.00000 0.383961
4739.00000 0.384081
4740.00000 0.384201
4741.00000 0.384234
4742.00000 0.384267
4743.00000 0.3843
4744.00000 0.384333
4745.00000 0.384367
4746.00000 0.3844
4747.00000 0.384433
4748.00000 0.384466
4749.00000 0.384499
4750.00000 0.384532
4751.00000 0.384687
4752.00000 0.384842
4753.00000 0.384998
4754.00000 0.385153
4755.00000 0.385308
4756.00000 0.385373
4757.00000 0.385438
4758.00000 0.385503
4759.00000 0.385568
4760.00000 0.385633
4761.00000 0.385749
4762.00000 0.385864
4763.00000 0.38598
4764.00000 0.386095
4765.00000 0.386211
4766.00000 0.386236
4767.00000 0.386261
4768.00000 0.386286
4769.00000 0.386311
4770.00000 0.386337
4771.00000 0.386409
4772.00000 0.386481
4773.00000 0.386552
4774.00000 0.386624
4775.00000 0.386696
4776.00000 0.386859
4777.00000 0.387022
4778.00000 0.387184
4779.00000 0.387347
4780.00000 0.38751
4781.00000 0.387534
4782.00000 0.387559
4783.00000 0.387584
4784.00000 0.387608
4785.00000 0.387633
4786.00000 0.387658
4787.00000 0.387682
4788.00000 0.387707
4789.00000 0.387732
4790.00000 0.387756
4791.00000 0.387776
4792.00000 0.387796
4793.00000 0.387816
4794.00000 0.387837
4795.00000 0.387857
4796.00000 0.387877
4797.00000 0.387897
4798.00000 0.387917
4799.00000 0.387937
4800.00000 0.387957
4801.00000 0.388114
4802.00000 0.38827
4803.00000 0.388427
4804.00000 0.388584
4805.00000 0.388741
4806.00000 0.388807
4807.00000 0.388873
4808.00000 0.38894
4809.00000 0.389006
4810.00000 0.389072
4811.00000 0.389185
4812.00000 0.389298
4813.00000 0.389411
4814.00000 0.389524
4815.00000 0.389637
4816.00000 0.389659
4817.00000 0.389682
4818.00000 0.389704
4819.00000 0.389726
4820.00000 0.389748
4821.00000 0.389924
4822.00000 0.3901
4823.00000 0.390276
4824.00000 0.390452
4825.00000 0.390628
4826.00000 0.390713
4827.00000 0.390799
4828.00000 0.390884
4829.00000 0.390969
4830.00000 0.391054
4831.00000 0.391161
4832.00000 0.391267
4833.00000 0.391374
4834.00000 0.391481
4835.00000 0.391588
4836.00000 0.391695
4837.00000 0.391802
4838.00000 0.39191
4839.00000 0.392018
4840.00000 0.392125
4841.00000 0.392147
4842.00000 0.392168
4843.00000 0.392188
4844.00000 0.392208
4845.00000 0.392228
4846.00000 0.392337
4847.00000 0.392446
4848.00000 0.392555
4849.00000 0.392662
4850.00000 0.392769
4851.00000 0.392776
4852.00000 0.392783
4853.00000 0.392788
4854.00000 0.392793
4855.00000 0.392797
4856.00000 0.392892
4857.00000 0.392986
4858.00000 0.39308
4859.00000 0.393173
4860.00000 0.393266
4861.00000 0.393373
4862.00000 0.393481
4863.00000 0.393588
4864.00000 0.393695
4865.00000 0.393803
4866.00000 0.393819
4867.00000 0.393835
4868.00000 0.39385
4869.00000 0.393865
4870.00000 0.39388
4871.00000 0.39398
4872.00000 0.394079
4873.00000 0.394178
4874.00000 0.394277
4875.00000 0.394376
4876.00000 0.394384
4877.00000 0.394392
4878.00000 0.3944
4879.00000 0.394408
4880.00000 0.394416
4881.00000 0.394418
4882.00000 0.394419
4883.00000 0.394422
4884.00000 0.394424
4885.00000 0.394427
4886.00000 0.394429
4887.00000 0.394432
4888.00000 0.394435
4889.00000 0.394437
4890.00000 0.39444
4891.00000 0.394495
4892.00000 0.39455
4893.00000 0.394605
4894.00000 0.394661
4895.00000 0.394717
4896.00000 0.394682
4897.00000 0.394649
4898.00000 0.394616
4899.00000 0.394584
4900.00000 0.394553
4901.00000 0.394647
4902.00000 0.394743
4903.00000 0.394839
4904.00000 0.394937
4905.00000 0.395035
4906.00000 0.395042
4907.00000 0.395051
4908.00000 0.395059
4909.00000 0.395068
4910.00000 0.395078
4911.00000 0.39518
4912.00000 0.395282
4913.00000 0.395384
4914.00000 0.395486
4915.00000 0.395587
4916.00000 0.395597
4917.00000 0.395607
4918.00000 0.395616
4919.00000 0.395626
4920.00000 0.395636
4921.00000 0.395753
4922.00000 0.395871
4923.00000 0.395988
4924.00000 0.396105
4925.00000 0.396223
4926.00000 0.396249
4927.00000 0.396275
4928.00000 0.396301
4929.00000 0.396327
4930.00000 0.396354
4931.00000 0.396362
4932.00000 0.396371
4933.00000 0.39638
4934.00000 0.396389
4935.00000 0.396398
4936.00000 0.396498
4937.00000 0.396598
4938.00000 0.396698
4939.00000 0.396799
4940.00000 0.396899
4941.00000 0.396906
4942.00000 0.396913
4943.00000 0.39692
4944.00000 0.396928
4945.00000 0.396935
4946.00000 0.396942
4947.00000 0.396949
4948.00000 0.396956
4949.00000 0.396964
4950.00000 0.396971
4951.00000 0.397082
4952.00000 0.397193
4953.00000 0.397303
4954.00000 0.397414
4955.00000 0.397525
4956.00000 0.397545
4957.00000 0.397564
4958.00000 0.397584
4959.00000 0.397603
4960.00000 0.397623
4961.00000 0.397682
4962.00000 0.39774
4963.00000 0.397799
4964.00000 0.397858
4965.00000 0.397916
4966.00000 0.397975
4967.00000 0.398034
4968.00000 0.398092
4969.00000 0.398151
4970.00000 0.39821
4971.00000 0.398328
4972.00000 0.398447
4973.00000 0.398566
4974.00000 0.398685
4975.00000 0.398803
4976.00000 0.398831
4977.00000 0.398858
4978.00000 0.398885
4979.00000 0.398912
4980.00000 0.398939
4981.00000 0.398943
4982.00000 0.398946
4983.00000 0.39895
4984.00000 0.398953
4985.00000 0.398956
4986.00000 0.39896
4987.00000 0.398963
4988.00000 0.398966
4989.00000 0.39897
4990.00000 0.398973
4991.00000 0.399072
4992.00000 0.39917
4993.00000 0.399269
4994.00000 0.399367
4995.00000 0.399466
4996.00000 0.399473
4997.00000 0.39948
4998.00000 0.399486
4999.00000 0.399493
5000.00000 0.3995
5001.00000 0.399427
5002.00000 0.399354
5003.00000 0.39928
5004.00000 0.399207
5005.00000 0.399134
5006.00000 0.399152
5007.00000 0.399171
5008.00000 0.399189
5009.00000 0.399207
5010.00000 0.399226
5011.00000 0.399239
5012.00000 0.399252
5013.00000 0.399266
5014.00000 0.399279
5015.00000 0.399292
5016.00000 0.399305
5017.00000 0.399319
5018.00000 0.399332
5019.00000 0.399345
5020.00000 0.399359
5021.00000 0.399358
5022.00000 0.399357
5023.00000 0.399356
5024.00000 0.399355
5025.00000 0.399354
5026.00000 0.399262
5027.00000 0.399169
5028.00000 0.399077
5029.00000 0.398984
5030.00000 0.398892
5031.00000 0.398912
5032.00000 0.398932
5033.00000 0.398952
5034.00000 0.398972
5035.00000 0.398991
5036.00000 0.39892
5037.00000 0.39885
5038.00000 0.398779
5039.00000 0.398709
5040.00000 0.398638
5041.00000 0.398734
5042.00000 0.39883
5043.00000 0.398925
5044.00000 0.39902
5045.00000 0.399113
5046.00000 0.399205
5047.00000 0.399297
5048.00000 0.399387
5049.00000 0.399476
5050.00000 0.399564
5051.00000 0.399565
5052.00000 0.399566
5053.00000 0.399566
5054.00000 0.399565
5055.00000 0.399563
5056.00000 0.39956
5057.00000 0.399557
5058.00000 0.399553
5059.00000 0.399549
5060.00000 0.399545
5061.00000 0.399651
5062.00000 0.399757
5063.00000 0.399863
5064.00000 0.399969
5065.00000 0.400076
5066.00000 0.400183
5067.00000 0.40029
5068.00000 0.400397
5069.00000 0.400504
5070.00000 0.40061
5071.00000 0.400597
5072.00000 0.400583
5073.00000 0.400569
5074.00000 0.400555
5075.00000 0.40054
5076.00000 0.400618
5077.00000 0.400695
5078.00000 0.400773
5079.00000 0.40085
5080.00000 0.400928
5081.00000 0.400913
5082.00000 0.400899
5083.00000 0.400885
5084.00000 0.400872
5085.00000 0.400858
5086.00000 0.400937
5087.00000 0.401015
5088.00000 0.401093
5089.00000 0.401172
5090.00000 0.40125
5091.00000 0.401341
5092.00000 0.401433
5093.00000 0.401524
5094.00000 0.401617
5095.00000 0.40171
5096.00000 0.401711
5097.00000 0.401714
5098.00000 0.401717
5099.00000 0.401721
5100.00000 0.401727
5101.00000 0.40183
5102.00000 0.401934
5103.00000 0.402039
5104.00000 0.402145
5105.00000 0.402252
5106.00000 0.402268
5107.00000 0.402284
5108.00000 0.402301
5109.00000 0.402319
5110.00000 0.402337
5111.00000 0.402438
5112.00000 0.40254
5113.00000 0.402641
5114.00000 0.402743
5115.00000 0.402844
5116.00000 0.402853
5117.00000 0.402862
5118.00000 0.402871
5119.00000 0.40288
5120.00000 0.402889
5121.00000 0.402906
5122.00000 0.402922
5123.00000 0.402939
5124.00000 0.402955
5125.00000 0.402972
5126.00000 0.40308
5127.00000 0.403189
5128.00000 0.403297
5129.00000 0.403405
5130.00000 0.403514
5131.00000 0.403512
5132.00000 0.403511
5133.00000 0.403509
5134.00000 0.403508
5135.00000 0.403506
5136.00000 0.403505
5137.00000 0.403503
5138.00000 0.403502
5139.00000 0.4035
5140.00000 0.403499
5141.00000 0.403613
5142.00000 0.403727
5143.00000 0.403841
5144.00000 0.403956
5145.00000 0.40407
5146.00000 0.404092
5147.00000 0.404115
5148.00000 0.404137
5149.00000 0.404159
5150.00000 0.404182
5151.00000 0.404236
5152.00000 0.40429
5153.00000 0.404344
5154.00000 0.404398
5155.00000 0.404452
5156.00000 0.404506
5157.00000 0.40456
5158.00000 0.404615
5159.00000 0.404669
5160.00000 0.404723
5161.00000 0.404829
5162.00000 0.404936
5163.00000 0.405042
5164.00000 0.405149
5165.00000 0.405255
5166.00000 0.40527
5167.00000 0.405285
5168.00000 0.405299
5169.00000 0.405314
5170.00000 0.405328
5171.00000 0.405323
5172.00000 0.405318
5173.00000 0.405313
5174.00000 0.405308
5175.00000 0.405304
5176.00000 0.405299
5177.00000 0.405294
5178.00000 0.405289
5179.00000 0.405284
5180.00000 0.405279
5181.00000 0.405264
5182.00000 0.405249
5183.00000 0.405234
5184.00000 0.40522
5185.00000 0.405205
5186.00000 0.40519
5187.00000 0.405175
5188.00000 0.405161
5189.00000 0.405146
5190.00000 0.405131
5191.00000 0.40524
5192.00000 0.405348
5193.00000 0.405457
5194.00000 0.405566
5195.00000 0.405675
5196.00000 0.405691
5197.00000 0.405708
5198.00000 0.405725
5199.00000 0.405742
5200.00000 0.405758
5201.00000 0.405773
5202.00000 0.405788
5203.00000 0.405803
5204.00000 0.405817
5205.00000 0.405832
5206.00000 0.405847
5207.00000 0.405862
5208.00000 0.405877
5209.00000 0.405891
5210.00000 0.405906
5211.00000 0.405902
5212.00000 0.405899
5213.00000 0.405895
5214.00000 0.405892
5215.00000 0.405888
5216.00000 0.405884
5217.00000 0.405881
5218.00000 0.405877
5219.00000 0.405874
5220.00000 0.40587
5221.00000 0.405861
5222.00000 0.405851
5223.00000 0.405842
5224.00000 0.405833
5225.00000 0.405824
5226.00000 0.405814
5227.00000 0.405805
5228.00000 0.405796
5229.00000 0.405787
5230.00000 0.405777
5231.00000 0.405834
5232.00000 0.405891
5233.00000 0.405948
5234.00000 0.406005
5235.00000 0.406062
5236.00000 0.406118
5237.00000 0.406175
5238.00000 0.406232
5239.00000 0.406289
5240.00000 0.406346
5241.00000 0.406359
5242.00000 0.406372
5243.00000 0.406385
5244.00000 0.406398
5245.00000 0.406411
5246.00000 0.406424
5247.00000 0.406437
5248.00000 0.40645
5249.00000 0.406463
5250.00000 0.406476
5251.00000 0.40636
5252.00000 0.406244
5253.00000 0.406127
5254.00000 0.406011
5255.00000 0.405895
5256.00000 0.405871
5257.00000 0.405847
5258.00000 0.405823
5259.00000 0.405799
5260.00000 0.405775
5261.00000 0.405785
5262.00000 0.405796
5263.00000 0.405806
5264.00000 0.405816
5265.00000 0.405826
5266.00000 0.405836
5267.00000 0.405846
5268.00000 0.405856
5269.00000 0.405866
5270.00000 0.405876
5271.00000 0.405891
5272.00000 0.405906
5273.00000 0.40592
5274.00000 0.405935
5275.00000 0.40595
5276.00000 0.405964
5277.00000 0.405979
5278.00000 0.405994
5279.00000 0.406009
5280.00000 0.406023
5281.00000 0.406024
5282.00000 0.406024
5283.00000 0.406025
5284.00000 0.406025
5285.00000 0.406026
5286.00000 0.406026
5287.00000 0.406027
5288.00000 0.406027
5289.00000 0.406027
5290.00000 0.406028
5291.00000 0.406079
5292.00000 0.40613
5293.00000 0.406181
5294.00000 0.406233
5295.00000 0.406284
5296.00000 0.406335
5297.00000 0.406386
5298.00000 0.406437
5299.00000 0.406488
5300.00000 0.406539
5301.00000 0.406546
5302.00000 0.406552
5303.00000 0.406558
5304.00000 0.406564
5305.00000 0.40657
5306.00000 0.406576
5307.00000 0.406582
5308.00000 0.406589
5309.00000 0.406595
5310.00000 0.406601
5311.00000 0.406606
5312.00000 0.406611
5313.00000 0.406617
5314.00000 0.406622
5315.00000 0.406627
5316.00000 0.406632
5317.00000 0.406638
5318.00000 0.406643
5319.00000 0.406648
5320.00000 0.406653
5321.00000 0.406629
5322.00000 0.406605
5323.00000 0.406581
5324.00000 0.406557
5325.00000 0.406532
5326.00000 0.406508
5327.00000 0.406484
5328.00000 0.40646
5329.00000 0.406435
5330.00000 0.406411
5331.00000 0.406517
5332.00000 0.406622
5333.00000 0.406727
5334.00000 0.406833
5335.00000 0.406938
5336.00000 0.406951
5337.00000 0.406964
5338.00000 0.406978
5339.00000 0.406991
5340.00000 0.407004
5341.00000 0.407057
5342.00000 0.407111
5343.00000 0.407165
5344.00000 0.407218
5345.00000 0.407272
5346.00000 0.407418
5347.00000 0.407564
5348.00000 0.40771
5349.00000 0.407856
5350.00000 0.408002
5351.00000 0.408014
5352.00000 0.408026
5353.00000 0.408038
5354.00000 0.40805
5355.00000 0.408062
5356.00000 0.408166
5357.00000 0.408271
5358.00000 0.408375
5359.00000 0.40848
5360.00000 0.408584
5361.00000 0.408573
5362.00000 0.408563
5363.00000 0.408552
5364.00000 0.408542
5365.00000 0.408531
5366.00000 0.408521
5367.00000 0.40851
5368.00000 0.4085
5369.00000 0.408489
5370.00000 0.408478
5371.00000 0.408506
5372.00000 0.408534
5373.00000 0.407952
5374.00000 0.407371
5375.00000 0.406615
5376.00000 0.405951
5377.00000 0.405265
5378.00000 0.404578
5379.00000 0.403891
5380.00000 0.403203
5381.00000 0.402435
5382.00000 0.401666
5383.00000 0.400898
5384.00000 0.400129
5385.00000 0.399382
5386.00000 0.398635
5387.00000 0.397867
5388.00000 0.397098
5389.00000 0.39633
5390.00000 0.395561
5391.00000 0.394766
5392.00000 0.39397
5393.00000 0.393174
5394.00000 0.392377
5395.00000 0.391601
5396.00000 0.390824
5397.00000 0.390025
5398.00000 0.389226
5399.00000 0.388425
5400.00000 0.387624
5401.00000 0.386801
5402.00000 0.385978
5403.00000 0.385153
5404.00000 0.384328
5405.00000 0.383523
5406.00000 0.382631
5407.00000 0.381717
5408.00000 0.380803
5409.00000 0.379888
5410.00000 0.378973
5411.00000 0.378204
5412.00000 0.377436
5413.00000 0.376057
5414.00000 0.374677
5415.00000 0.373102
5416.00000 0.371527
5417.00000 0.369929
5418.00000 0.368332
5419.00000 0.366756
5420.00000 0.36518
5421.00000 0.363561
5422.00000 0.361941
5423.00000 0.3603
5424.00000 0.358659
5425.00000 0.35704
5426.00000 0.355502
5427.00000 0.353962
5428.00000 0.352422
5429.00000 0.350859
5430.00000 0.349295
5431.00000 0.347673
5432.00000 0.346051
5433.00000 0.344429
5434.00000 0.342808
5435.00000 0.341164
5436.00000 0.339521
5437.00000 0.337899
5438.00000 0.336278
5439.00000 0.334657
5440.00000 0.333037
5441.00000 0.3314
5442.00000 0.329763
5443.00000 0.328149
5444.00000 0.326535
5445.00000 0.324901
5446.00000 0.323267
5447.00000 0.321656
5448.00000 0.320046
5449.00000 0.318436
5450.00000 0.316827
5451.00000 0.315215
5452.00000 0.313603
5453.00000 0.312012
5454.00000 0.310422
5455.00000 0.308832
5456.00000 0.307241
5457.00000 0.305629
5458.00000 0.304017
5459.00000 0.302427
5460.00000 0.300836
5461.00000 0.299235
5462.00000 0.297633
5463.00000 0.296009
5464.00000 0.294385
