threeML/data/optical_filters/LSST/LSST-g.ecsv
# %ECSV 0.9
# ---
# datatype:
# - {name: wavelength, unit: Angstrom, datatype: float32}
# - {name: response, datatype: float32}
# meta: !!omap
# - {band_name: g}
# - {group_name: LSST}
wavelength response
[from data line 1602]
5466.00000 0.29118
5467.00000 0.289555
5468.00000 0.28793
5469.00000 0.286327
5470.00000 0.284723
5471.00000 0.283221
5472.00000 0.281718
5473.00000 0.280192
5474.00000 0.278664
5475.00000 0.277157
5476.00000 0.275586
5477.00000 0.274015
5478.00000 0.272443
5479.00000 0.270849
5480.00000 0.269254
5481.00000 0.26763
5482.00000 0.266006
5483.00000 0.264381
5484.00000 0.262757
5485.00000 0.261111
5486.00000 0.259465
5487.00000 0.257841
5488.00000 0.256217
5489.00000 0.254571
5490.00000 0.252925
5491.00000 0.251301
5492.00000 0.249677
5493.00000 0.248054
5494.00000 0.24643
5495.00000 0.244785
5496.00000 0.243194
5497.00000 0.241625
5498.00000 0.240055
5499.00000 0.238484
5500.00000 0.236912
5501.00000 0.235297
5502.00000 0.233682
5503.00000 0.232088
5504.00000 0.230494
5505.00000 0.228899
5506.00000 0.227304
5507.00000 0.225687
5508.00000 0.224069
5509.00000 0.222473
5510.00000 0.220876
5511.00000 0.219255
5512.00000 0.217634
5513.00000 0.215991
5514.00000 0.214348
5515.00000 0.212727
5516.00000 0.211105
5517.00000 0.209462
5518.00000 0.207819
5519.00000 0.206197
5520.00000 0.204576
5521.00000 0.202976
5522.00000 0.201376
5523.00000 0.199753
5524.00000 0.19813
5525.00000 0.196529
5526.00000 0.194927
5527.00000 0.193324
5528.00000 0.191722
5529.00000 0.190096
5530.00000 0.188471
5531.00000 0.186846
5532.00000 0.185222
5533.00000 0.183597
5534.00000 0.181972
5535.00000 0.180326
5536.00000 0.178679
5537.00000 0.177054
5538.00000 0.175429
5539.00000 0.173782
5540.00000 0.172135
5541.00000 0.170512
5542.00000 0.168889
5543.00000 0.167266
5544.00000 0.165643
5545.00000 0.163998
5546.00000 0.162389
5547.00000 0.160802
5548.00000 0.159213
5549.00000 0.157624
5550.00000 0.156034
5551.00000 0.154398
5552.00000 0.152763
5553.00000 0.151149
5554.00000 0.149534
5555.00000 0.147919
5556.00000 0.14627
5557.00000 0.144599
5558.00000 0.142928
5559.00000 0.14128
5560.00000 0.139632
5561.00000 0.137957
5562.00000 0.136283
5563.00000 0.134631
5564.00000 0.13298
5565.00000 0.131329
5566.00000 0.129709
5567.00000 0.128065
5568.00000 0.126422
5569.00000 0.124801
5570.00000 0.123179
5571.00000 0.121542
5572.00000 0.119905
5573.00000 0.118246
5574.00000 0.116588
5575.00000 0.114951
5576.00000 0.113315
5577.00000 0.11168
5578.00000 0.110044
5579.00000 0.108387
5580.00000 0.106729
5581.00000 0.105098
5582.00000 0.103466
5583.00000 0.101834
5584.00000 0.100203
5585.00000 0.0985496
5586.00000 0.0968965
5587.00000 0.0952655
5588.00000 0.0936345
5589.00000 0.0919818
5590.00000 0.0903291
5591.00000 0.0886922
5592.00000 0.0870555
5593.00000 0.0854193
5594.00000 0.0837834
5595.00000 0.0821259
5596.00000 0.0804507
5597.00000 0.0787985
5598.00000 0.0771473
5599.00000 0.0754973
5600.00000 0.0738484
5601.00000 0.0722065
5602.00000 0.0705644
5603.00000 0.0689441
5604.00000 0.0673237
5605.00000 0.065703
5606.00000 0.0640823
5607.00000 0.0624394
5608.00000 0.0607963
5609.00000 0.0591751
5610.00000 0.0575537
5611.00000 0.0559068
5612.00000 0.05426
5613.00000 0.0526352
5614.00000 0.0510104
5615.00000 0.0493856
5616.00000 0.0477501
5617.00000 0.0460934
5618.00000 0.0444375
5619.00000 0.0428043
5620.00000 0.0411719
5621.00000 0.0403377
5622.00000 0.0395036
5623.00000 0.0386915
5624.00000 0.0378794
5625.00000 0.0370455
5626.00000 0.0362116
5627.00000 0.0353996
5628.00000 0.0345877
5629.00000 0.0337539
5630.00000 0.0329201
5631.00000 0.0321104
5632.00000 0.0313006
5633.00000 0.0304688
5634.00000 0.0296369
5635.00000 0.028827
5636.00000 0.0280169
5637.00000 0.0271849
5638.00000 0.0263528
5639.00000 0.0255206
5640.00000 0.0246884
5641.00000 0.023875
5642.00000 0.0230617
5643.00000 0.0222267
5644.00000 0.0213918
5645.00000 0.020579
5646.00000 0.0197708
5647.00000 0.0189405
5648.00000 0.01811
5649.00000 0.0173011
5650.00000 0.016492
5651.00000 0.0156589
5652.00000 0.0148258
5653.00000 0.0139927
5654.00000 0.0131595
5655.00000 0.0123483
5656.00000 0.011537
5657.00000 0.0107037
5658.00000 0.00987042
5659.00000 0.00905903
5660.00000 0.00824761
5661.00000 0.00741528
5662.00000 0.00658268
5663.00000 0.00577176
5664.00000 0.00496057
5665.00000 0.00412716
5666.00000 0.00329348
5667.00000 0.00248149
5668.00000 0.00166924
5669.00000 0.000834756
5670.00000 0.0
