threeML/data/optical_filters/LSST/LSST-y.ecsv
# %ECSV 0.9
# ---
# datatype:
# - {name: wavelength, unit: Angstrom, datatype: float32}
# - {name: response, datatype: float32}
# meta: !!omap
# - {band_name: y}
# - {group_name: LSST}
wavelength response
[from data line 1550]
10634.00000 0.0152722
10635.00000 0.0152163
10636.00000 0.0151573
10637.00000 0.0150983
10638.00000 0.0150393
10639.00000 0.0149803
10640.00000 0.0149214
10641.00000 0.0148644
10642.00000 0.0148075
10643.00000 0.0147505
10644.00000 0.0146935
10645.00000 0.0146366
10646.00000 0.0145796
10647.00000 0.0145226
10648.00000 0.0144656
10649.00000 0.0144086
10650.00000 0.0143517
10651.00000 0.014295
10652.00000 0.0142383
10653.00000 0.0141815
10654.00000 0.0141248
10655.00000 0.0140681
10656.00000 0.0140114
10657.00000 0.0139546
10658.00000 0.0138979
10659.00000 0.0138412
10660.00000 0.0137844
10661.00000 0.013728
10662.00000 0.0136715
10663.00000 0.013615
10664.00000 0.0135586
10665.00000 0.0135021
10666.00000 0.0134456
10667.00000 0.0133891
10668.00000 0.0133326
10669.00000 0.0132761
10670.00000 0.0132196
10671.00000 0.0132207
10672.00000 0.0132219
10673.00000 0.0132231
10674.00000 0.0132242
10675.00000 0.0132254
10676.00000 0.0132265
10677.00000 0.0132277
10678.00000 0.0132289
10679.00000 0.01323
10680.00000 0.0132312
10681.00000 0.0131768
10682.00000 0.0131223
10683.00000 0.0130679
10684.00000 0.0130134
10685.00000 0.0129589
10686.00000 0.0129043
10687.00000 0.0128497
10688.00000 0.0127951
10689.00000 0.0127405
10690.00000 0.0126858
10691.00000 0.0126297
10692.00000 0.0125735
10693.00000 0.0125173
10694.00000 0.012461
10695.00000 0.0124048
10696.00000 0.0123511
10697.00000 0.0122973
10698.00000 0.0122435
10699.00000 0.0121896
10700.00000 0.0121358
10701.00000 0.0121138
10702.00000 0.0120919
10703.00000 0.01207
10704.00000 0.0120481
10705.00000 0.0120262
10706.00000 0.0120042
10707.00000 0.0119823
10708.00000 0.0119603
10709.00000 0.0119384
10710.00000 0.0119164
10711.00000 0.0118367
10712.00000 0.0117573
10713.00000 0.011678
10714.00000 0.011599
10715.00000 0.0115202
10716.00000 0.0114416
10717.00000 0.0113638
10718.00000 0.0112863
10719.00000 0.0112084
10720.00000 0.0111306
10721.00000 0.0110531
10722.00000 0.0109757
10723.00000 0.0108986
10724.00000 0.0108217
10725.00000 0.010745
10726.00000 0.0106707
10727.00000 0.0105966
10728.00000 0.0105227
10729.00000 0.010449
10730.00000 0.0103754
10731.00000 0.0103029
10732.00000 0.0102306
10733.00000 0.0101585
10734.00000 0.0100865
10735.00000 0.010004
10736.00000 0.00991982
10737.00000 0.00982587
10738.00000 0.00973234
10739.00000 0.00963869
10740.00000 0.00954548
10741.00000 0.00949838
10742.00000 0.00945134
10743.00000 0.0094049
10744.00000 0.00935851
10745.00000 0.00931162
10746.00000 0.0092723
10747.00000 0.00923297
10748.00000 0.00919362
10749.00000 0.0091548
10750.00000 0.00911597
10751.00000 0.00903002
10752.00000 0.00894441
10753.00000 0.00885915
10754.00000 0.00877423
10755.00000 0.0086902
10756.00000 0.00860303
10757.00000 0.00851574
10758.00000 0.00842888
10759.00000 0.00834244
10760.00000 0.00825642
10761.00000 0.00821974
10762.00000 0.00818303
10763.00000 0.0081458
10764.00000 0.00810854
10765.00000 0.00807127
10766.00000 0.00802911
10767.00000 0.00798751
10768.00000 0.00794593
10769.00000 0.00790386
10770.00000 0.00786182
10771.00000 0.00777215
10772.00000 0.00768305
10773.00000 0.007594
10774.00000 0.00750552
10775.00000 0.00741761
10776.00000 0.00733771
10777.00000 0.00725871
10778.00000 0.00718011
10779.00000 0.00710141
10780.00000 0.00702311
10781.00000 0.00694738
10782.00000 0.00687201
10783.00000 0.00679747
10784.00000 0.00672327
10785.00000 0.00664896
10786.00000 0.00657235
10787.00000 0.00649617
10788.00000 0.00642042
10789.00000 0.00634554
10790.00000 0.00627108
10791.00000 0.00623774
10792.00000 0.00620439
10793.00000 0.00617101
10794.00000 0.00613761
10795.00000 0.00610465
10796.00000 0.00606677
10797.00000 0.00602845
10798.00000 0.00599017
10799.00000 0.00595191
10800.00000 0.00591368
10801.00000 0.00583687
10802.00000 0.00576059
10803.00000 0.0056844
10804.00000 0.00560874
10805.00000 0.00553362
10806.00000 0.00546348
10807.00000 0.0053942
10808.00000 0.00532535
10809.00000 0.00525648
10810.00000 0.00518804
10811.00000 0.00511927
10812.00000 0.00505095
10813.00000 0.00498268
10814.00000 0.00491487
10815.00000 0.00484753
10816.00000 0.00478357
10817.00000 0.00472039
10818.00000 0.00465759
10819.00000 0.00459477
10820.00000 0.00453234
10821.00000 0.00450478
10822.00000 0.00447719
10823.00000 0.00444996
10824.00000 0.0044227
10825.00000 0.00439502
10826.00000 0.00436202
10827.00000 0.00432906
10828.00000 0.00429614
10829.00000 0.00426367
10830.00000 0.00423124
10831.00000 0.00416559
10832.00000 0.0041005
10833.00000 0.00403598
10834.00000 0.00397202
10835.00000 0.003909
10836.00000 0.00385202
10837.00000 0.00379504
10838.00000 0.00373845
10839.00000 0.00368225
10840.00000 0.00362644
10841.00000 0.00360146
10842.00000 0.00357646
10843.00000 0.00355106
10844.00000 0.00352563
10845.00000 0.00350018
10846.00000 0.00347189
10847.00000 0.00344398
10848.00000 0.00341609
10849.00000 0.00338785
10850.00000 0.00335964
10851.00000 0.00330131
10852.00000 0.00324355
10853.00000 0.00318672
10854.00000 0.00313044
10855.00000 0.00307437
10856.00000 0.00301517
10857.00000 0.00295699
10858.00000 0.00289949
10859.00000 0.00284232
10860.00000 0.00278583
10861.00000 0.00273485
10862.00000 0.00268435
10863.00000 0.00263466
10864.00000 0.00258546
10865.00000 0.00253642
10866.00000 0.00249403
10867.00000 0.00245189
10868.00000 0.00241001
10869.00000 0.00236869
10870.00000 0.00232764
10871.00000 0.00230924
10872.00000 0.00229077
10873.00000 0.0022722
10874.00000 0.00225355
10875.00000 0.00223512
10876.00000 0.00221392
10877.00000 0.00219238
10878.00000 0.00217081
10879.00000 0.00214921
10880.00000 0.00212758
10881.00000 0.00208267
10882.00000 0.00203825
10883.00000 0.00199404
10884.00000 0.00195033
10885.00000 0.00190713
10886.00000 0.00186331
10887.00000 0.00182032
10888.00000 0.00177787
10889.00000 0.0017357
10890.00000 0.00169407
10891.00000 0.00165392
10892.00000 0.00161428
10893.00000 0.0015754
10894.00000 0.00153702
10895.00000 0.00149887
10896.00000 0.00146152
10897.00000 0.00142466
10898.00000 0.00138828
10899.00000 0.00135263
10900.00000 0.00131745
10901.00000 0.00129839
10902.00000 0.00127934
10903.00000 0.00126057
10904.00000 0.00124182
10905.00000 0.00122285
10906.00000 0.00120663
10907.00000 0.00119035
10908.00000 0.00117401
10909.00000 0.00115785
10910.00000 0.00114164
10911.00000 0.00111048
10912.00000 0.00107971
10913.00000 0.00104932
10914.00000 0.00101934
10915.00000 0.000989972
10916.00000 0.000957692
10917.00000 0.000925785
10918.00000 0.000894477
10919.00000 0.000863764
10920.00000 0.000833644
10921.00000 0.00080443
10922.00000 0.000775787
10923.00000 0.000747512
10924.00000 0.000719809
10925.00000 0.000692676
10926.00000 0.000668325
10927.00000 0.000644563
10928.00000 0.000621196
10929.00000 0.000598044
10930.00000 0.000575295
10931.00000 0.00055361
10932.00000 0.000532279
10933.00000 0.000511477
10934.00000 0.000491029
10935.00000 0.00047077
10936.00000 0.000449956
10937.00000 0.000429594
10938.00000 0.000409683
10939.00000 0.000390379
10940.00000 0.00037152
10941.00000 0.000352258
10942.00000 0.000333521
10943.00000 0.000315447
10944.00000 0.000297885
10945.00000 0.000280697
10946.00000 0.000264513
10947.00000 0.000248782
10948.00000 0.000233503
10949.00000 0.000218801
10950.00000 0.000204544
10951.00000 0.000199941
10952.00000 0.000195338
10953.00000 0.000190737
10954.00000 0.000186137
10955.00000 0.000181538
10956.00000 0.000176795
10957.00000 0.00017218
10958.00000 0.000167573
10959.00000 0.000162855
10960.00000 0.000158146
10961.00000 0.000150005
10962.00000 0.000142063
10963.00000 0.000134435
10964.00000 0.000127003
10965.00000 0.000119664
10966.00000 0.000112507
10967.00000 0.000105558
10968.00000 9.88193e-05
10969.00000 9.22915e-05
10970.00000 8.59755e-05
10971.00000 7.96863e-05
10972.00000 7.36458e-05
10973.00000 6.77709e-05
10974.00000 6.21484e-05
10975.00000 5.67769e-05
10976.00000 5.16869e-05
10977.00000 4.69083e-05
10978.00000 4.23647e-05
10979.00000 3.79924e-05
10980.00000 3.38595e-05
10981.00000 2.99936e-05
10982.00000 2.63582e-05
10983.00000 2.29531e-05
10984.00000 1.9778e-05
10985.00000 1.90424e-05
10986.00000 1.72425e-05
10987.00000 1.47056e-05
10988.00000 1.18446e-05
10989.00000 8.9812e-06
10990.00000 6.3648e-06
10991.00000 4.1879e-06
10992.00000 2.4843e-06
10993.00000 1.2436e-06
10994.00000 4.436e-07
10995.00000 1.49e-07
10996.00000 0.0
