threeML/data/optical_filters/LSST/LSST-z.ecsv
# %ECSV 0.9
# ---
# datatype:
# - {name: wavelength, unit: Angstrom, datatype: float32}
# - {name: response, datatype: float32}
# meta: !!omap
# - {band_name: z}
# - {group_name: LSST}
wavelength response
8030.00000 0.0
8031.00000 0.000887349
8032.00000 0.00177511
8033.00000 0.00263993
8034.00000 0.00350515
8035.00000 0.00439415
8036.00000 0.00528248
8037.00000 0.00614748
8038.00000 0.00701254
8039.00000 0.00790102
8040.00000 0.00878955
8041.00000 0.00965357
8042.00000 0.0105174
8043.00000 0.0114045
8044.00000 0.0122914
8045.00000 0.0131548
8046.00000 0.0140238
8047.00000 0.0149167
8048.00000 0.0158102
8049.00000 0.0167042
8050.00000 0.0175988
8051.00000 0.0184718
8052.00000 0.0193456
8053.00000 0.0202434
8054.00000 0.0211419
8055.00000 0.0220177
8056.00000 0.0228847
8057.00000 0.0237752
8058.00000 0.0246656
8059.00000 0.0255326
8060.00000 0.0263995
8061.00000 0.0272895
8062.00000 0.0281794
8063.00000 0.0290692
8064.00000 0.0299589
8065.00000 0.0308252
8066.00000 0.0316914
8067.00000 0.032581
8068.00000 0.0334705
8069.00000 0.0343365
8070.00000 0.0352024
8071.00000 0.0360891
8072.00000 0.0369755
8073.00000 0.0378383
8074.00000 0.038701
8075.00000 0.0395869
8076.00000 0.0404725
8077.00000 0.0413346
8078.00000 0.0421965
8079.00000 0.0430816
8080.00000 0.0439665
8081.00000 0.0457096
8082.00000 0.0474518
8083.00000 0.0491931
8084.00000 0.0509334
8085.00000 0.0526727
8086.00000 0.054411
8087.00000 0.0561483
8088.00000 0.0578847
8089.00000 0.0596435
8090.00000 0.0614013
8091.00000 0.0631419
8092.00000 0.0648819
8093.00000 0.0666214
8094.00000 0.0683602
8095.00000 0.0700985
8096.00000 0.071851
8097.00000 0.0736036
8098.00000 0.0753563
8099.00000 0.0771092
8100.00000 0.0788622
8101.00000 0.0806131
8102.00000 0.0823641
8103.00000 0.0841151
8104.00000 0.0858662
8105.00000 0.0876406
8106.00000 0.0893784
8107.00000 0.0910915
8108.00000 0.0928032
8109.00000 0.0945134
8110.00000 0.0962223
8111.00000 0.0978986
8112.00000 0.0995724
8113.00000 0.101244
8114.00000 0.102913
8115.00000 0.104579
8116.00000 0.106265
8117.00000 0.107949
8118.00000 0.109631
8119.00000 0.111311
8120.00000 0.11299
8121.00000 0.114729
8122.00000 0.116468
8123.00000 0.118184
8124.00000 0.119898
8125.00000 0.121612
8126.00000 0.123147
8127.00000 0.124676
8128.00000 0.1262
8129.00000 0.127718
8130.00000 0.12923
8131.00000 0.130534
8132.00000 0.131827
8133.00000 0.133109
8134.00000 0.134381
8135.00000 0.135641
8136.00000 0.137152
8137.00000 0.138659
8138.00000 0.140162
8139.00000 0.141682
8140.00000 0.143198
8141.00000 0.144793
8142.00000 0.146386
8143.00000 0.147977
8144.00000 0.149566
8145.00000 0.151153
8146.00000 0.15251
8147.00000 0.153859
8148.00000 0.155201
8149.00000 0.156536
8150.00000 0.157863
8151.00000 0.159133
8152.00000 0.160395
8153.00000 0.161648
8154.00000 0.162894
8155.00000 0.164153
8156.00000 0.16544
8157.00000 0.166699
8158.00000 0.16795
8159.00000 0.169193
8160.00000 0.170429
8161.00000 0.171808
8162.00000 0.173182
8163.00000 0.174552
8164.00000 0.175917
8165.00000 0.177277
8166.00000 0.17943
8167.00000 0.181592
8168.00000 0.183764
8169.00000 0.185946
8170.00000 0.188138
8171.00000 0.189799
8172.00000 0.191461
8173.00000 0.193101
8174.00000 0.194742
8175.00000 0.196382
8176.00000 0.197241
8177.00000 0.198087
8178.00000 0.19892
8179.00000 0.19974
8180.00000 0.200548
8181.00000 0.202772
8182.00000 0.205006
8183.00000 0.20725
8184.00000 0.209503
8185.00000 0.211767
8186.00000 0.213899
8187.00000 0.216039
8188.00000 0.218186
8189.00000 0.220363
8190.00000 0.222548
8191.00000 0.224241
8192.00000 0.225935
8193.00000 0.227629
8194.00000 0.229325
8195.00000 0.231021
8196.00000 0.232667
8197.00000 0.234313
8198.00000 0.235959
8199.00000 0.237605
8200.00000 0.239251
8201.00000 0.242162
8202.00000 0.245091
8203.00000 0.248037
8204.00000 0.251
8205.00000 0.254003
8206.00000 0.256699
8207.00000 0.259385
8208.00000 0.262085
8209.00000 0.264797
8210.00000 0.267522
8211.00000 0.269122
8212.00000 0.27072
8213.00000 0.272316
8214.00000 0.273911
8215.00000 0.275505
8216.00000 0.276577
8217.00000 0.27764
8218.00000 0.278696
8219.00000 0.279744
8220.00000 0.280785
8221.00000 0.280147
8222.00000 0.27948
8223.00000 0.278763
8224.00000 0.278016
8225.00000 0.277241
8226.00000 0.275639
8227.00000 0.273998
8228.00000 0.27232
8229.00000 0.270603
8230.00000 0.268848
8231.00000 0.27182
8232.00000 0.274808
8233.00000 0.277812
8234.00000 0.280832
8235.00000 0.283869
8236.00000 0.288804
8237.00000 0.293777
8238.00000 0.298786
8239.00000 0.303854
8240.00000 0.308959
8241.00000 0.311962
8242.00000 0.31498
8243.00000 0.318012
8244.00000 0.321058
8245.00000 0.324119
8246.00000 0.326166
8247.00000 0.328217
8248.00000 0.330271
8249.00000 0.332329
8250.00000 0.334391
8251.00000 0.335773
8252.00000 0.337153
8253.00000 0.338529
8254.00000 0.339901
8255.00000 0.341293
8256.00000 0.342681
8257.00000 0.344043
8258.00000 0.345402
8259.00000 0.346757
8260.00000 0.348109
8261.00000 0.35068
8262.00000 0.353259
8263.00000 0.355846
8264.00000 0.358442
8265.00000 0.361046
8266.00000 0.363053
8267.00000 0.365062
8268.00000 0.367075
8269.00000 0.36909
8270.00000 0.371107
8271.00000 0.370963
8272.00000 0.3708
8273.00000 0.370598
8274.00000 0.370379
8275.00000 0.370142
8276.00000 0.370681
8277.00000 0.37121
8278.00000 0.371729
8279.00000 0.372237
8280.00000 0.372736
8281.00000 0.375157
8282.00000 0.377585
8283.00000 0.38002
8284.00000 0.382462
8285.00000 0.384911
8286.00000 0.386621
8287.00000 0.38813
8288.00000 0.38964
8289.00000 0.390526
8290.00000 0.391413
8291.00000 0.39254
8292.00000 0.393668
8293.00000 0.39482
8294.00000 0.395974
8295.00000 0.397106
8296.00000 0.398749
8297.00000 0.400417
8298.00000 0.402089
8299.00000 0.403742
8300.00000 0.405398
8301.00000 0.406486
8302.00000 0.407575
8303.00000 0.408664
8304.00000 0.409755
8305.00000 0.410824
8306.00000 0.412502
8307.00000 0.414206
8308.00000 0.415913
8309.00000 0.417602
8310.00000 0.419294
8311.00000 0.420106
8312.00000 0.420918
8313.00000 0.421706
8314.00000 0.422494
8315.00000 0.423305
8316.00000 0.423141
8317.00000 0.422949
8318.00000 0.422753
8319.00000 0.422575
8320.00000 0.422393
8321.00000 0.423961
8322.00000 0.425532
8323.00000 0.426446
8324.00000 0.427361
8325.00000 0.428072
8326.00000 0.429052
8327.00000 0.430033
8328.00000 0.431013
8329.00000 0.431993
8330.00000 0.432973
8331.00000 0.432815
8332.00000 0.432658
8333.00000 0.4325
8334.00000 0.432343
8335.00000 0.432185
8336.00000 0.432298
8337.00000 0.432411
8338.00000 0.432524
8339.00000 0.432637
8340.00000 0.43275
8341.00000 0.433457
8342.00000 0.434163
8343.00000 0.434869
8344.00000 0.435574
8345.00000 0.436278
8346.00000 0.436532
8347.00000 0.436786
8348.00000 0.437038
8349.00000 0.43729
8350.00000 0.43754
8351.00000 0.437358
8352.00000 0.437174
8353.00000 0.43699
8354.00000 0.436805
8355.00000 0.436619
8356.00000 0.436612
8357.00000 0.436604
8358.00000 0.436596
8359.00000 0.436587
8360.00000 0.436578
8361.00000 0.436726
8362.00000 0.436874
8363.00000 0.437022
8364.00000 0.43717
8365.00000 0.437318
8366.00000 0.437467
8367.00000 0.437616
8368.00000 0.437765
8369.00000 0.437914
8370.00000 0.438063
8371.00000 0.438163
8372.00000 0.438262
8373.00000 0.438361
8374.00000 0.43846
8375.00000 0.438558
8376.00000 0.438567
8377.00000 0.438575
8378.00000 0.438583
8379.00000 0.438591
8380.00000 0.438598
8381.00000 0.438729
8382.00000 0.43886
8383.00000 0.43899
8384.00000 0.43912
8385.00000 0.43925
8386.00000 0.43929
8387.00000 0.439329
8388.00000 0.439368
8389.00000 0.439407
8390.00000 0.439445
8391.00000 0.439436
8392.00000 0.439427
8393.00000 0.439419
8394.00000 0.439411
8395.00000 0.439403
8396.00000 0.439485
8397.00000 0.439567
8398.00000 0.43965
8399.00000 0.439733
8400.00000 0.439816
8401.00000 0.439701
8402.00000 0.439587
8403.00000 0.439472
8404.00000 0.439358
8405.00000 0.439245
8406.00000 0.439131
8407.00000 0.439018
8408.00000 0.438905
8409.00000 0.438792
8410.00000 0.43868
8411.00000 0.43875
8412.00000 0.43882
8413.00000 0.43889
8414.00000 0.43896
8415.00000 0.439029
8416.00000 0.439099
8417.00000 0.439169
8418.00000 0.439238
8419.00000 0.439308
8420.00000 0.439377
8421.00000 0.439503
8422.00000 0.439628
8423.00000 0.439754
8424.00000 0.439879
8425.00000 0.440005
8426.00000 0.440041
8427.00000 0.440076
8428.00000 0.440112
8429.00000 0.440148
8430.00000 0.440184
8431.00000 0.440094
8432.00000 0.440004
8433.00000 0.439913
8434.00000 0.439823
8435.00000 0.439733
8436.00000 0.439821
8437.00000 0.439908
8438.00000 0.439995
8439.00000 0.440082
8440.00000 0.440169
8441.00000 0.440139
8442.00000 0.44011
8443.00000 0.440082
8444.00000 0.440055
8445.00000 0.44003
8446.00000 0.440096
8447.00000 0.440163
8448.00000 0.440233
8449.00000 0.440304
8450.00000 0.440377
8451.00000 0.440446
8452.00000 0.440518
8453.00000 0.440591
8454.00000 0.440665
8455.00000 0.440742
8456.00000 0.44073
8457.00000 0.44072
8458.00000 0.440712
8459.00000 0.440704
8460.00000 0.440697
8461.00000 0.440576
8462.00000 0.440455
8463.00000 0.440334
8464.00000 0.440213
8465.00000 0.440091
8466.00000 0.440147
8467.00000 0.440203
8468.00000 0.440259
8469.00000 0.440315
8470.00000 0.440371
8471.00000 0.440407
8472.00000 0.440443
8473.00000 0.440479
8474.00000 0.440515
8475.00000 0.440551
8476.00000 0.440497
8477.00000 0.440443
8478.00000 0.44039
8479.00000 0.440336
8480.00000 0.440282
8481.00000 0.440318
8482.00000 0.440354
8483.00000 0.44039
8484.00000 0.440426
8485.00000 0.440461
8486.00000 0.440498
8487.00000 0.440536
8488.00000 0.440574
8489.00000 0.440612
8490.00000 0.440649
8491.00000 0.440635
8492.00000 0.44062
8493.00000 0.440603
8494.00000 0.440586
8495.00000 0.440567
8496.00000 0.440546
8497.00000 0.440524
8498.00000 0.440499
8499.00000 0.440473
8500.00000 0.440445
8501.00000 0.440465
8502.00000 0.440483
8503.00000 0.440499
8504.00000 0.440513
8505.00000 0.440525
8506.00000 0.440536
8507.00000 0.440545
8508.00000 0.440553
8509.00000 0.44056
8510.00000 0.440566
8511.00000 0.440522
8512.00000 0.440478
8513.00000 0.440434
8514.00000 0.44039
8515.00000 0.440347
8516.00000 0.440484
8517.00000 0.440621
8518.00000 0.440759
8519.00000 0.440896
8520.00000 0.441033
8521.00000 0.44105
8522.00000 0.441066
8523.00000 0.441082
8524.00000 0.441098
8525.00000 0.441114
8526.00000 0.44122
8527.00000 0.441326
8528.00000 0.441432
8529.00000 0.441538
8530.00000 0.441644
8531.00000 0.441649
8532.00000 0.441653
8533.00000 0.441658
8534.00000 0.441663
8535.00000 0.441667
8536.00000 0.441581
8537.00000 0.441494
8538.00000 0.441407
8539.00000 0.44132
8540.00000 0.441233
8541.00000 0.441243
8542.00000 0.441253
8543.00000 0.441265
8544.00000 0.441278
8545.00000 0.441292
8546.00000 0.441398
8547.00000 0.441506
8548.00000 0.441615
8549.00000 0.441727
8550.00000 0.44184
8551.00000 0.441942
8552.00000 0.442047
8553.00000 0.442153
8554.00000 0.442261
8555.00000 0.442371
8556.00000 0.442482
8557.00000 0.442595
8558.00000 0.44271
8559.00000 0.442825
8560.00000 0.442941
8561.00000 0.442903
8562.00000 0.442864
8563.00000 0.442826
8564.00000 0.442787
8565.00000 0.442748
8566.00000 0.442708
8567.00000 0.442667
8568.00000 0.442627
8569.00000 0.442586
8570.00000 0.442546
8571.00000 0.442561
8572.00000 0.442576
8573.00000 0.442591
8574.00000 0.442606
8575.00000 0.44262
8576.00000 0.442725
8577.00000 0.44283
8578.00000 0.442935
8579.00000 0.44304
8580.00000 0.443144
8581.00000 0.443153
8582.00000 0.443161
8583.00000 0.44317
8584.00000 0.443178
8585.00000 0.443187
8586.00000 0.443196
8587.00000 0.443206
8588.00000 0.443217
8589.00000 0.443227
8590.00000 0.443238
8591.00000 0.443274
8592.00000 0.443309
8593.00000 0.443343
8594.00000 0.443376
8595.00000 0.443407
8596.00000 0.443437
8597.00000 0.443465
8598.00000 0.443491
8599.00000 0.443516
8600.00000 0.443538
8601.00000 0.443519
8602.00000 0.443497
8603.00000 0.443474
8604.00000 0.443448
8605.00000 0.443421
8606.00000 0.443393
8607.00000 0.443363
8608.00000 0.443332
8609.00000 0.443299
8610.00000 0.443266
8611.00000 0.443259
8612.00000 0.443251
8613.00000 0.443243
8614.00000 0.443236
8615.00000 0.44323
8616.00000 0.443224
8617.00000 0.443219
8618.00000 0.443213
8619.00000 0.443208
8620.00000 0.443202
8621.00000 0.443273
8622.00000 0.443344
8623.00000 0.443415
8624.00000 0.443485
8625.00000 0.443556
8626.00000 0.443537
8627.00000 0.443518
8628.00000 0.443499
8629.00000 0.44348
8630.00000 0.44346
8631.00000 0.443485
8632.00000 0.443509
8633.00000 0.443533
8634.00000 0.443557
8635.00000 0.443581
8636.00000 0.443604
8637.00000 0.443627
8638.00000 0.443649
8639.00000 0.443671
8640.00000 0.443693
8641.00000 0.443691
8642.00000 0.443691
8643.00000 0.443691
8644.00000 0.443693
8645.00000 0.443696
8646.00000 0.443701
8647.00000 0.443707
8648.00000 0.443716
8649.00000 0.443726
8650.00000 0.443738
8651.00000 0.44373
8652.00000 0.443724
8653.00000 0.44372
8654.00000 0.443718
8655.00000 0.443717
8656.00000 0.443719
8657.00000 0.443721
8658.00000 0.443725
8659.00000 0.44373
8660.00000 0.443735
8661.00000 0.443761
8662.00000 0.443788
8663.00000 0.443814
8664.00000 0.44384
8665.00000 0.443865
8666.00000 0.443889
8667.00000 0.443913
8668.00000 0.443937
8669.00000 0.443961
8670.00000 0.443985
8671.00000 0.443912
8672.00000 0.443839
8673.00000 0.443765
8674.00000 0.443692
8675.00000 0.443619
8676.00000 0.443546
8677.00000 0.443473
8678.00000 0.443399
8679.00000 0.443326
8680.00000 0.443253
8681.00000 0.443284
8682.00000 0.443315
8683.00000 0.443346
8684.00000 0.443377
8685.00000 0.443408
8686.00000 0.443441
8687.00000 0.443476
8688.00000 0.443511
8689.00000 0.443547
8690.00000 0.443581
8691.00000 0.443563
8692.00000 0.443544
8693.00000 0.443522
8694.00000 0.443498
8695.00000 0.44347
8696.00000 0.44353
8697.00000 0.443586
8698.00000 0.443639
8699.00000 0.443688
8700.00000 0.443733
8701.00000 0.443711
8702.00000 0.443685
8703.00000 0.443655
8704.00000 0.443622
8705.00000 0.443584
8706.00000 0.443544
8707.00000 0.4435
8708.00000 0.443453
8709.00000 0.443403
8710.00000 0.443352
8711.00000 0.443278
8712.00000 0.443203
8713.00000 0.443128
8714.00000 0.443053
8715.00000 0.44298
8716.00000 0.442908
8717.00000 0.442836
8718.00000 0.442764
8719.00000 0.442691
8720.00000 0.442619
8721.00000 0.442568
8722.00000 0.442516
8723.00000 0.442465
8724.00000 0.442413
8725.00000 0.442362
8726.00000 0.442311
8727.00000 0.44226
8728.00000 0.442208
8729.00000 0.442157
8730.00000 0.442106
8731.00000 0.442051
8732.00000 0.441996
8733.00000 0.44194
8734.00000 0.441885
8735.00000 0.44183
8736.00000 0.441773
8737.00000 0.441715
8738.00000 0.441656
8739.00000 0.441597
8740.00000 0.441539
8741.00000 0.441528
8742.00000 0.441518
8743.00000 0.44151
8744.00000 0.441505
8745.00000 0.441501
8746.00000 0.441501
8747.00000 0.441503
8748.00000 0.441508
8749.00000 0.441516
8750.00000 0.441528
8751.00000 0.441457
8752.00000 0.441389
8753.00000 0.441324
8754.00000 0.441262
8755.00000 0.441203
8756.00000 0.441147
8757.00000 0.441093
8758.00000 0.441041
8759.00000 0.440991
8760.00000 0.440943
8761.00000 0.440959
8762.00000 0.440977
8763.00000 0.440994
8764.00000 0.44101
8765.00000 0.441026
8766.00000 0.441039
8767.00000 0.441053
8768.00000 0.441066
8769.00000 0.44108
8770.00000 0.441093
8771.00000 0.44105
8772.00000 0.441007
8773.00000 0.440964
8774.00000 0.440921
8775.00000 0.440878
8776.00000 0.440835
8777.00000 0.440792
8778.00000 0.440749
8779.00000 0.440706
8780.00000 0.440663
8781.00000 0.440615
8782.00000 0.440567
8783.00000 0.44052
8784.00000 0.440472
8785.00000 0.440424
8786.00000 0.440375
8787.00000 0.440325
8788.00000 0.440275
8789.00000 0.440225
8790.00000 0.440175
8791.00000 0.440224
8792.00000 0.440275
8793.00000 0.440326
8794.00000 0.440379
8795.00000 0.440434
8796.00000 0.440491
8797.00000 0.440549
8798.00000 0.44061
8799.00000 0.440673
8800.00000 0.440738
8801.00000 0.440737
8802.00000 0.440737
8803.00000 0.44074
8804.00000 0.440745
8805.00000 0.440752
8806.00000 0.440761
8807.00000 0.440772
8808.00000 0.440785
8809.00000 0.440798
8810.00000 0.440813
8811.00000 0.440811
8812.00000 0.440809
8813.00000 0.440807
8814.00000 0.440804
8815.00000 0.4408
8816.00000 0.440705
8817.00000 0.440609
8818.00000 0.440513
8819.00000 0.440417
8820.00000 0.44032
8821.00000 0.44027
8822.00000 0.440219
8823.00000 0.440168
8824.00000 0.440117
8825.00000 0.440066
8826.00000 0.439926
8827.00000 0.439785
8828.00000 0.439645
8829.00000 0.439505
