threeML/data/optical_filters/LSST/LSST-u.ecsv
# %ECSV 0.9
# ---
# datatype:
# - {name: wavelength, unit: Angstrom, datatype: float32}
# - {name: response, datatype: float32}
# meta: !!omap
# - {band_name: u}
# - {group_name: LSST}
wavelength response
[from data line 768]
3822.00000 0.137427
3823.00000 0.137429
3824.00000 0.137429
3825.00000 0.137421
3826.00000 0.137452
3827.00000 0.137417
3828.00000 0.137381
3829.00000 0.137115
3830.00000 0.136846
3831.00000 0.13656
3832.00000 0.136271
3833.00000 0.135979
3834.00000 0.135685
3835.00000 0.135396
3836.00000 0.135105
3837.00000 0.134803
3838.00000 0.134498
3839.00000 0.134191
3840.00000 0.133881
3841.00000 0.13355
3842.00000 0.133216
3843.00000 0.13288
3844.00000 0.132541
3845.00000 0.132208
3846.00000 0.131911
3847.00000 0.131602
3848.00000 0.131291
3849.00000 0.130977
3850.00000 0.130661
3851.00000 0.130344
3852.00000 0.130025
3853.00000 0.129703
3854.00000 0.129378
3855.00000 0.129059
3856.00000 0.128775
3857.00000 0.128479
3858.00000 0.128179
3859.00000 0.127877
3860.00000 0.127571
3861.00000 0.127211
3862.00000 0.126848
3863.00000 0.126482
3864.00000 0.126114
3865.00000 0.125752
3866.00000 0.125388
3867.00000 0.125012
3868.00000 0.124634
3869.00000 0.124253
3870.00000 0.12387
3871.00000 0.123515
3872.00000 0.123158
3873.00000 0.122798
3874.00000 0.122434
3875.00000 0.122078
3876.00000 0.121683
3877.00000 0.121277
3878.00000 0.120868
3879.00000 0.120457
3880.00000 0.120043
3881.00000 0.11965
3882.00000 0.119254
3883.00000 0.118855
3884.00000 0.118453
3885.00000 0.118057
3886.00000 0.117692
3887.00000 0.117315
3888.00000 0.116934
3889.00000 0.116551
3890.00000 0.116164
3891.00000 0.115735
3892.00000 0.115303
3893.00000 0.114868
3894.00000 0.114431
3895.00000 0.114001
3896.00000 0.113568
3897.00000 0.113123
3898.00000 0.112675
3899.00000 0.112224
3900.00000 0.111771
3901.00000 0.111334
3902.00000 0.110894
3903.00000 0.110452
3904.00000 0.110006
3905.00000 0.109568
3906.00000 0.109096
3907.00000 0.108612
3908.00000 0.108125
3909.00000 0.107636
3910.00000 0.107144
3911.00000 0.10666
3912.00000 0.106173
3913.00000 0.105683
3914.00000 0.10519
3915.00000 0.104704
3916.00000 0.104215
3917.00000 0.103714
3918.00000 0.103209
3919.00000 0.102702
3920.00000 0.102191
3921.00000 0.101692
3922.00000 0.101189
3923.00000 0.100683
3924.00000 0.100173
3925.00000 0.0996711
3926.00000 0.0991379
3927.00000 0.0985918
3928.00000 0.0980427
3929.00000 0.0974909
3930.00000 0.0969361
3931.00000 0.0963993
3932.00000 0.0958593
3933.00000 0.0953161
3934.00000 0.0947698
3935.00000 0.0942307
3936.00000 0.0937146
3937.00000 0.0931846
3938.00000 0.0926511
3939.00000 0.0921141
3940.00000 0.0915737
3941.00000 0.0909874
3942.00000 0.0903982
3943.00000 0.0898064
3944.00000 0.0892118
3945.00000 0.0886251
3946.00000 0.0880356
3947.00000 0.0874328
3948.00000 0.0868273
3949.00000 0.0862191
3950.00000 0.0856082
3951.00000 0.0849752
3952.00000 0.0843398
3953.00000 0.0837021
3954.00000 0.0830621
3955.00000 0.0824305
3956.00000 0.0817966
3957.00000 0.0811498
3958.00000 0.0805005
3959.00000 0.0798489
3960.00000 0.0791947
3961.00000 0.0785743
3962.00000 0.0779507
3963.00000 0.0773237
3964.00000 0.0766933
3965.00000 0.0760704
3966.00000 0.0754232
3967.00000 0.0747619
3968.00000 0.0740975
3969.00000 0.0734299
3970.00000 0.0727591
3971.00000 0.0720754
3972.00000 0.0713885
3973.00000 0.0706986
3974.00000 0.0700056
3975.00000 0.0693207
3976.00000 0.0686327
3977.00000 0.0679305
3978.00000 0.0672252
3979.00000 0.066517
3980.00000 0.0658057
3981.00000 0.06509
3982.00000 0.0643714
3983.00000 0.0636499
3984.00000 0.0629257
3985.00000 0.0622102
3986.00000 0.0615089
3987.00000 0.0607931
3988.00000 0.0600741
3989.00000 0.0593519
3990.00000 0.0586265
3991.00000 0.0578812
3992.00000 0.0571332
3993.00000 0.0563825
3994.00000 0.0556291
3995.00000 0.0548847
3996.00000 0.0541377
3997.00000 0.0533765
3998.00000 0.0526125
3999.00000 0.0518458
4000.00000 0.0510764
4001.00000 0.0503023
4002.00000 0.0495256
4003.00000 0.0487462
4004.00000 0.0479642
4005.00000 0.0471913
4006.00000 0.0464157
4007.00000 0.0456258
4008.00000 0.0448331
4009.00000 0.0440378
4010.00000 0.0432398
4011.00000 0.0424444
4012.00000 0.0416461
4013.00000 0.0408449
4014.00000 0.0400408
4015.00000 0.0392459
4016.00000 0.0384376
4017.00000 0.0376149
4018.00000 0.0367897
4019.00000 0.0359622
4020.00000 0.0351322
4021.00000 0.0343002
4022.00000 0.0334658
4023.00000 0.0326289
4024.00000 0.0317895
4025.00000 0.0309598
4026.00000 0.0301277
4027.00000 0.0292809
4028.00000 0.0284316
4029.00000 0.0275798
4030.00000 0.0267255
4031.00000 0.0258702
4032.00000 0.0250124
4033.00000 0.0241519
4034.00000 0.0232888
4035.00000 0.0226573
4036.00000 0.0220239
4037.00000 0.0215987
4038.00000 0.0211722
4039.00000 0.0207569
4040.00000 0.0203402
4041.00000 0.0199202
4042.00000 0.0194989
4043.00000 0.0190641
4044.00000 0.0186279
4045.00000 0.0182031
4046.00000 0.0177818
4047.00000 0.0173466
4048.00000 0.0169099
4049.00000 0.0164843
4050.00000 0.0160573
4051.00000 0.0156251
4052.00000 0.0151916
4053.00000 0.0147443
4054.00000 0.0142957
4055.00000 0.0138585
4056.00000 0.0134201
4057.00000 0.0129677
4058.00000 0.012514
4059.00000 0.0120718
4060.00000 0.0116284
4061.00000 0.011184
4062.00000 0.0107384
4063.00000 0.0102787
4064.00000 0.00981764
4065.00000 0.00936814
4066.00000 0.00891735
4067.00000 0.00845237
4068.00000 0.00798606
4069.00000 0.00753136
4070.00000 0.00707537
4071.00000 0.00661693
4072.00000 0.00615736
4073.00000 0.00568364
4074.00000 0.00520875
4075.00000 0.00474574
4076.00000 0.00428158
4077.00000 0.00380322
4078.00000 0.00332369
4079.00000 0.00285608
4080.00000 0.00238733
4081.00000 0.00191746
4082.00000 0.00144643
4083.00000 0.000961079
4084.00000 0.000474537
4085.00000 0.000237559
4086.00000 0.0
