threeML/data/optical_filters/LSST/LSST-g.ecsv
# %ECSV 0.9
# ---
# datatype:
# - {name: wavelength, unit: Angstrom, datatype: float32}
# - {name: response, datatype: float32}
# meta: !!omap
# - {band_name: g}
# - {group_name: LSST}
wavelength response
3864.00000 0.0
3865.00000 0.000168307
3866.00000 0.000337351
3867.00000 0.000667278
3868.00000 0.000998642
3869.00000 0.00134038
3870.00000 0.0016836
3871.00000 0.00201984
3872.00000 0.00235769
3873.00000 0.00270618
3874.00000 0.00305634
3875.00000 0.00340817
3876.00000 0.00376059
3877.00000 0.00410538
3878.00000 0.00445161
3879.00000 0.00480842
3880.00000 0.0051667
3881.00000 0.00551835
3882.00000 0.00587157
3883.00000 0.0062356
3884.00000 0.00660125
3885.00000 0.00695925
3886.00000 0.00732092
3887.00000 0.00769369
3888.00000 0.0080683
3889.00000 0.00843539
3890.00000 0.00880428
3891.00000 0.00918127
3892.00000 0.00955987
3893.00000 0.00994008
3894.00000 0.0103219
3895.00000 0.0106959
3896.00000 0.0110714
3897.00000 0.0114581
3898.00000 0.0118464
3899.00000 0.0122268
3900.00000 0.0126088
3901.00000 0.0130042
3902.00000 0.0134014
3903.00000 0.0137908
3904.00000 0.0141819
3905.00000 0.0145845
3906.00000 0.0149846
3907.00000 0.0153864
3908.00000 0.0157898
3909.00000 0.0161851
3910.00000 0.0165818
3911.00000 0.0169916
3912.00000 0.0174031
3913.00000 0.0178064
3914.00000 0.0182113
3915.00000 0.0188162
3916.00000 0.0194236
3917.00000 0.0202127
3918.00000 0.0210052
3919.00000 0.021801
3920.00000 0.0226
3921.00000 0.0234054
3922.00000 0.0242143
3923.00000 0.0250268
3924.00000 0.0258427
3925.00000 0.0266621
3926.00000 0.0274773
3927.00000 0.0282956
3928.00000 0.029117
3929.00000 0.0299414
3930.00000 0.0307688
3931.00000 0.0316164
3932.00000 0.0324675
3933.00000 0.0333117
3934.00000 0.0341593
3935.00000 0.0350103
3936.00000 0.0358748
3937.00000 0.0367431
3938.00000 0.0376154
3939.00000 0.0384916
3940.00000 0.0393717
3941.00000 0.0402369
3942.00000 0.0411054
3943.00000 0.0419771
3944.00000 0.0428521
3945.00000 0.0437303
3946.00000 0.0446118
3947.00000 0.0454965
3948.00000 0.0463846
3949.00000 0.0472866
3950.00000 0.048192
3951.00000 0.0490789
3952.00000 0.0499688
3953.00000 0.0508618
3954.00000 0.0517577
3955.00000 0.0526567
3956.00000 0.0535589
3957.00000 0.0544642
3958.00000 0.0553726
3959.00000 0.0562841
3960.00000 0.0571986
3961.00000 0.0581431
3962.00000 0.0590913
3963.00000 0.0600433
3964.00000 0.0609991
3965.00000 0.0619694
3966.00000 0.0629261
3967.00000 0.063875
3968.00000 0.064827
3969.00000 0.0657821
3970.00000 0.0667403
3971.00000 0.0676923
3972.00000 0.0686471
3973.00000 0.0696046
3974.00000 0.0705648
3975.00000 0.0715276
3976.00000 0.072493
3977.00000 0.0734612
3978.00000 0.074432
3979.00000 0.0754054
3980.00000 0.0763817
3981.00000 0.07737
3982.00000 0.0783612
3983.00000 0.0793438
3984.00000 0.0803293
3985.00000 0.0813176
3986.00000 0.0823316
3987.00000 0.0833489
3988.00000 0.0843696
3989.00000 0.0853937
3990.00000 0.0864212
3991.00000 0.0874268
3992.00000 0.0884353
3993.00000 0.0894467
3994.00000 0.090461
3995.00000 0.0914784
3996.00000 0.0924989
3997.00000 0.0935223
3998.00000 0.0945486
3999.00000 0.0955896
4000.00000 0.0966336
4001.00000 0.097665
4002.00000 0.0986993
4003.00000 0.0997365
4004.00000 0.100777
4005.00000 0.10182
4006.00000 0.102865
4007.00000 0.103914
4008.00000 0.104966
4009.00000 0.10602
4010.00000 0.107078
4011.00000 0.108152
4012.00000 0.109229
4013.00000 0.110309
4014.00000 0.111392
4015.00000 0.11249
4016.00000 0.113561
4017.00000 0.114623
4018.00000 0.115687
4019.00000 0.116754
4020.00000 0.117823
4021.00000 0.118897
4022.00000 0.119974
4023.00000 0.121053
4024.00000 0.122135
4025.00000 0.12322
4026.00000 0.124307
4027.00000 0.125397
4028.00000 0.12649
4029.00000 0.127586
4030.00000 0.128684
4031.00000 0.129805
4032.00000 0.130928
4033.00000 0.132043
4034.00000 0.13316
4035.00000 0.13428
4036.00000 0.135402
4037.00000 0.136528
4038.00000 0.137657
4039.00000 0.138788
4040.00000 0.139923
4041.00000 0.141045
4042.00000 0.14217
4043.00000 0.143298
4044.00000 0.144429
4045.00000 0.145562
4046.00000 0.146738
4047.00000 0.147917
4048.00000 0.149099
4049.00000 0.150297
4050.00000 0.151498
4051.00000 0.152654
4052.00000 0.153812
4053.00000 0.154974
4054.00000 0.156138
4055.00000 0.157305
4056.00000 0.158474
4057.00000 0.159647
4058.00000 0.160822
4059.00000 0.162
4060.00000 0.16318
4061.00000 0.164369
4062.00000 0.165561
4063.00000 0.166756
4064.00000 0.167954
4065.00000 0.169167
4066.00000 0.170383
4067.00000 0.17159
4068.00000 0.172799
4069.00000 0.174011
4070.00000 0.175226
4071.00000 0.176413
4072.00000 0.177602
4073.00000 0.178794
4074.00000 0.179989
4075.00000 0.181186
4076.00000 0.182385
4077.00000 0.183587
4078.00000 0.184792
4079.00000 0.185999
4080.00000 0.187209
4081.00000 0.188436
4082.00000 0.189666
4083.00000 0.190886
4084.00000 0.192108
4085.00000 0.193333
4086.00000 0.194561
4087.00000 0.195791
4088.00000 0.197023
4089.00000 0.198259
4090.00000 0.199496
4091.00000 0.200735
4092.00000 0.201976
4093.00000 0.20322
4094.00000 0.204466
4095.00000 0.205715
4096.00000 0.206967
4097.00000 0.208221
4098.00000 0.209477
4099.00000 0.21075
4100.00000 0.212025
4101.00000 0.213312
4102.00000 0.214602
4103.00000 0.215895
4104.00000 0.217191
4105.00000 0.218489
4106.00000 0.219849
4107.00000 0.221212
4108.00000 0.222579
4109.00000 0.223949
4110.00000 0.225322
4111.00000 0.226622
4112.00000 0.227924
4113.00000 0.22923
4114.00000 0.230537
4115.00000 0.231862
4116.00000 0.233189
4117.00000 0.234505
4118.00000 0.235823
4119.00000 0.237145
4120.00000 0.238469
4121.00000 0.239744
4122.00000 0.241021
4123.00000 0.241912
4124.00000 0.242805
4125.00000 0.243561
4126.00000 0.244318
4127.00000 0.24509
4128.00000 0.245863
4129.00000 0.246637
4130.00000 0.247413
4131.00000 0.248228
4132.00000 0.249045
4133.00000 0.249878
4134.00000 0.250712
4135.00000 0.251533
4136.00000 0.252356
4137.00000 0.253195
4138.00000 0.254035
4139.00000 0.254862
4140.00000 0.255691
4141.00000 0.256525
4142.00000 0.257361
4143.00000 0.258184
4144.00000 0.259008
4145.00000 0.259849
4146.00000 0.26069
4147.00000 0.261533
4148.00000 0.262377
4149.00000 0.263209
4150.00000 0.264042
4151.00000 0.264881
4152.00000 0.265722
4153.00000 0.26655
4154.00000 0.267379
4155.00000 0.268225
4156.00000 0.269071
4157.00000 0.269775
4158.00000 0.27048
4159.00000 0.270783
4160.00000 0.271085
4161.00000 0.271371
4162.00000 0.271657
4163.00000 0.271944
4164.00000 0.27223
4165.00000 0.272517
4166.00000 0.272804
4167.00000 0.273091
4168.00000 0.273378
4169.00000 0.273666
4170.00000 0.273953
4171.00000 0.274254
4172.00000 0.274555
4173.00000 0.274856
4174.00000 0.275157
4175.00000 0.275459
4176.00000 0.27576
4177.00000 0.276062
4178.00000 0.276364
4179.00000 0.276666
4180.00000 0.276968
4181.00000 0.27725
4182.00000 0.277533
4183.00000 0.277815
4184.00000 0.278098
4185.00000 0.278381
4186.00000 0.278664
4187.00000 0.278947
4188.00000 0.27923
4189.00000 0.279514
4190.00000 0.279798
4191.00000 0.28007
4192.00000 0.280342
4193.00000 0.280615
4194.00000 0.280887
4195.00000 0.28116
4196.00000 0.281433
4197.00000 0.281706
4198.00000 0.281979
4199.00000 0.282253
4200.00000 0.282526
4201.00000 0.28284
4202.00000 0.283155
4203.00000 0.283469
4204.00000 0.283784
4205.00000 0.284099
4206.00000 0.284414
4207.00000 0.28473
4208.00000 0.285045
4209.00000 0.285361
4210.00000 0.285677
4211.00000 0.285949
4212.00000 0.28622
4213.00000 0.286492
4214.00000 0.286764
4215.00000 0.287036
4216.00000 0.287308
4217.00000 0.287581
4218.00000 0.287853
4219.00000 0.288126
4220.00000 0.288399
4221.00000 0.288678
4222.00000 0.288957
4223.00000 0.289237
4224.00000 0.289516
4225.00000 0.289796
4226.00000 0.290076
4227.00000 0.290356
4228.00000 0.290636
4229.00000 0.290917
4230.00000 0.291197
4231.00000 0.2914
4232.00000 0.291602
4233.00000 0.291804
4234.00000 0.292007
4235.00000 0.292209
4236.00000 0.292487
4237.00000 0.292765
4238.00000 0.293043
4239.00000 0.293321
4240.00000 0.293599
4241.00000 0.29388
4242.00000 0.294161
4243.00000 0.294442
4244.00000 0.294723
4245.00000 0.295004
4246.00000 0.295285
4247.00000 0.295567
4248.00000 0.295849
4249.00000 0.296131
4250.00000 0.296413
4251.00000 0.296712
4252.00000 0.297011
4253.00000 0.29731
4254.00000 0.29761
4255.00000 0.29791
4256.00000 0.29821
4257.00000 0.29851
4258.00000 0.29881
4259.00000 0.299111
4260.00000 0.299412
4261.00000 0.29965
4262.00000 0.299889
4263.00000 0.300128
4264.00000 0.300367
4265.00000 0.300606
4266.00000 0.300846
4267.00000 0.301085
4268.00000 0.301324
4269.00000 0.301564
4270.00000 0.301804
4271.00000 0.302069
4272.00000 0.302334
4273.00000 0.302599
4274.00000 0.302864
4275.00000 0.30313
4276.00000 0.303318
4277.00000 0.303507
4278.00000 0.303695
4279.00000 0.303884
4280.00000 0.304072
4281.00000 0.304433
4282.00000 0.304794
4283.00000 0.305156
4284.00000 0.305517
4285.00000 0.305879
4286.00000 0.306164
4287.00000 0.306448
4288.00000 0.306733
4289.00000 0.307018
4290.00000 0.307303
4291.00000 0.307607
4292.00000 0.307911
4293.00000 0.308216
4294.00000 0.30852
4295.00000 0.308825
4296.00000 0.309052
4297.00000 0.309278
4298.00000 0.309505
4299.00000 0.309732
4300.00000 0.309959
4301.00000 0.310198
4302.00000 0.310438
4303.00000 0.310677
4304.00000 0.310917
4305.00000 0.311156
4306.00000 0.311396
4307.00000 0.311636
4308.00000 0.311876
4309.00000 0.312116
4310.00000 0.312356
4311.00000 0.312645
4312.00000 0.312933
4313.00000 0.313222
4314.00000 0.313511
4315.00000 0.3138
4316.00000 0.314089
4317.00000 0.314379
4318.00000 0.314668
4319.00000 0.314958
4320.00000 0.315248
4321.00000 0.315508
4322.00000 0.315768
4323.00000 0.316028
4324.00000 0.316288
4325.00000 0.316548
4326.00000 0.316729
4327.00000 0.31691
4328.00000 0.317091
4329.00000 0.317272
4330.00000 0.317454
4331.00000 0.317685
4332.00000 0.317917
4333.00000 0.318149
4334.00000 0.318382
4335.00000 0.318614
4336.00000 0.318847
4337.00000 0.31908
4338.00000 0.319313
4339.00000 0.319547
4340.00000 0.31978
4341.00000 0.319992
4342.00000 0.320203
4343.00000 0.320414
4344.00000 0.320625
4345.00000 0.320835
4346.00000 0.321125
4347.00000 0.321414
4348.00000 0.321703
4349.00000 0.321992
4350.00000 0.32228
4351.00000 0.322522
4352.00000 0.322764
4353.00000 0.323005
4354.00000 0.323246
4355.00000 0.323486
4356.00000 0.323725
4357.00000 0.323965
4358.00000 0.324204
4359.00000 0.324443
4360.00000 0.324682
4361.00000 0.324924
4362.00000 0.325165
4363.00000 0.325407
4364.00000 0.325648
4365.00000 0.325889
4366.00000 0.32613
4367.00000 0.326371
4368.00000 0.326611
4369.00000 0.326851
4370.00000 0.327091
4371.00000 0.327318
4372.00000 0.327545
4373.00000 0.327771
4374.00000 0.327998
4375.00000 0.328225
4376.00000 0.328452
4377.00000 0.328679
4378.00000 0.328906
4379.00000 0.329133
4380.00000 0.329361
4381.00000 0.32951
4382.00000 0.329659
4383.00000 0.329809
4384.00000 0.32996
4385.00000 0.330111
4386.00000 0.330344
4387.00000 0.330578
4388.00000 0.330811
4389.00000 0.331046
4390.00000 0.33128
4391.00000 0.331431
4392.00000 0.331582
4393.00000 0.331734
4394.00000 0.331886
4395.00000 0.332039
4396.00000 0.332274
4397.00000 0.33251
4398.00000 0.332747
4399.00000 0.332984
4400.00000 0.333223
4401.00000 0.333475
4402.00000 0.333729
4403.00000 0.333984
4404.00000 0.334239
4405.00000 0.334495
4406.00000 0.334752
4407.00000 0.33501
4408.00000 0.335268
4409.00000 0.335527
4410.00000 0.335786
4411.00000 0.33604
4412.00000 0.336295
4413.00000 0.33655
4414.00000 0.336805
4415.00000 0.33706
4416.00000 0.337315
4417.00000 0.337569
4418.00000 0.337824
4419.00000 0.338079
4420.00000 0.338334
4421.00000 0.338537
4422.00000 0.33874
4423.00000 0.338943
4424.00000 0.339146
4425.00000 0.339349
4426.00000 0.339469
4427.00000 0.339588
4428.00000 0.339708
4429.00000 0.339828
4430.00000 0.339947
4431.00000 0.34019
4432.00000 0.340432
4433.00000 0.340675
4434.00000 0.340918
4435.00000 0.341161
4436.00000 0.341404
4437.00000 0.341647
4438.00000 0.34189
4439.00000 0.342133
4440.00000 0.342377
4441.00000 0.342522
4442.00000 0.342667
4443.00000 0.342812
4444.00000 0.342957
4445.00000 0.343102
4446.00000 0.343247
4447.00000 0.343392
4448.00000 0.343537
4449.00000 0.343682
4450.00000 0.343827
4451.00000 0.344048
4452.00000 0.344269
4453.00000 0.34449
4454.00000 0.344712
4455.00000 0.344933
4456.00000 0.345154
4457.00000 0.345376
4458.00000 0.345598
4459.00000 0.345819
4460.00000 0.346041
4461.00000 0.346331
4462.00000 0.346621
4463.00000 0.346911
4464.00000 0.347201
4465.00000 0.347491
4466.00000 0.347611
4467.00000 0.347732
4468.00000 0.347852
4469.00000 0.347972
4470.00000 0.348093
4471.00000 0.348344
4472.00000 0.348596
4473.00000 0.348848
4474.00000 0.3491
4475.00000 0.349352
4476.00000 0.349519
4477.00000 0.349686
4478.00000 0.349853
4479.00000 0.35002
4480.00000 0.350187
4481.00000 0.350403
4482.00000 0.350618
4483.00000 0.350834
4484.00000 0.35105
4485.00000 0.351266
4486.00000 0.351483
4487.00000 0.3517
4488.00000 0.351917
4489.00000 0.352134
4490.00000 0.352351
4491.00000 0.352542
4492.00000 0.352733
4493.00000 0.352923
4494.00000 0.353113
4495.00000 0.353302
4496.00000 0.35349
4497.00000 0.353678
4498.00000 0.353866
4499.00000 0.354052
4500.00000 0.354238
4501.00000 0.35435
4502.00000 0.354461
4503.00000 0.354571
4504.00000 0.35468
4505.00000 0.354789
4506.00000 0.354984
4507.00000 0.355178
4508.00000 0.355371
4509.00000 0.355565
4510.00000 0.355758
4511.00000 0.355943
4512.00000 0.356129
4513.00000 0.356314
4514.00000 0.3565
4515.00000 0.356685
4516.00000 0.356785
4517.00000 0.356884
4518.00000 0.356983
4519.00000 0.357082
4520.00000 0.35718
4521.00000 0.357377
4522.00000 0.357573
4523.00000 0.357769
4524.00000 0.357966
4525.00000 0.358161
4526.00000 0.358357
4527.00000 0.358552
4528.00000 0.358748
4529.00000 0.358943
4530.00000 0.359138
4531.00000 0.359212
4532.00000 0.359285
4533.00000 0.359359
4534.00000 0.359433
4535.00000 0.359508
4536.00000 0.359669
4537.00000 0.35983
4538.00000 0.359991
4539.00000 0.360153
4540.00000 0.360315
4541.00000 0.360511
4542.00000 0.360707
4543.00000 0.360904
4544.00000 0.361101
4545.00000 0.3613
4546.00000 0.361499
4547.00000 0.3617
4548.00000 0.361901
4549.00000 0.362104
4550.00000 0.362307
4551.00000 0.36237
4552.00000 0.362434
4553.00000 0.362499
4554.00000 0.362564
4555.00000 0.36263
4556.00000 0.362784
4557.00000 0.362938
4558.00000 0.363093
4559.00000 0.363249
4560.00000 0.363405
4561.00000 0.36351
4562.00000 0.363615
4563.00000 0.36372
4564.00000 0.363825
4565.00000 0.36393
4566.00000 0.364122
4567.00000 0.364314
4568.00000 0.364507
4569.00000 0.364699
4570.00000 0.364891
4571.00000 0.365067
4572.00000 0.365243
4573.00000 0.365419
4574.00000 0.365595
4575.00000 0.365771
4576.00000 0.365859
4577.00000 0.365947
4578.00000 0.366035
4579.00000 0.366124
4580.00000 0.366212
4581.00000 0.366284
4582.00000 0.366356
4583.00000 0.366427
4584.00000 0.366499
4585.00000 0.366571
4586.00000 0.366731
4587.00000 0.366892
4588.00000 0.367052
4589.00000 0.367213
4590.00000 0.367373
4591.00000 0.367587
4592.00000 0.3678
4593.00000 0.368012
4594.00000 0.368225
4595.00000 0.368437
4596.00000 0.36856
4597.00000 0.368684
4598.00000 0.368807
4599.00000 0.368929
4600.00000 0.369051
4601.00000 0.369214
4602.00000 0.369377
4603.00000 0.36954
4604.00000 0.369702
4605.00000 0.369863
4606.00000 0.369935
4607.00000 0.370006
4608.00000 0.370077
4609.00000 0.370148
4610.00000 0.370218
4611.00000 0.37036
4612.00000 0.370503
4613.00000 0.370644
4614.00000 0.370786
4615.00000 0.370927
4616.00000 0.37098
4617.00000 0.371031
4618.00000 0.371083
4619.00000 0.371134
4620.00000 0.371184
4621.00000 0.371295
4622.00000 0.371406
4623.00000 0.371517
4624.00000 0.371627
4625.00000 0.371738
4626.00000 0.371849
4627.00000 0.37196
4628.00000 0.372072
4629.00000 0.372183
4630.00000 0.372295
4631.00000 0.372357
4632.00000 0.372419
4633.00000 0.372482
4634.00000 0.372544
4635.00000 0.372607
4636.00000 0.372758
4637.00000 0.372909
4638.00000 0.373059
4639.00000 0.37321
4640.00000 0.37336
4641.00000 0.373416
4642.00000 0.373473
4643.00000 0.373529
4644.00000 0.373586
4645.00000 0.373644
4646.00000 0.373791
4647.00000 0.373939
4648.00000 0.374088
4649.00000 0.374237
4650.00000 0.374388
4651.00000 0.374545
4652.00000 0.374704
4653.00000 0.374863
4654.00000 0.375024
4655.00000 0.375186
4656.00000 0.375349
4657.00000 0.375513
4658.00000 0.375677
4659.00000 0.375842
4660.00000 0.376008
