threeML/data/optical_filters/LSST/LSST-i.ecsv
# %ECSV 0.9
# ---
# datatype:
# - {name: wavelength, unit: Angstrom, datatype: float32}
# - {name: response, datatype: float32}
# meta: !!omap
# - {band_name: i}
# - {group_name: LSST}
wavelength response
[from data line 801]
7561.00000 0.451097
7562.00000 0.451117
7563.00000 0.451137
7564.00000 0.451156
7565.00000 0.451175
7566.00000 0.451287
7567.00000 0.451398
7568.00000 0.451509
7569.00000 0.45162
7570.00000 0.451732
7571.00000 0.451736
7572.00000 0.45174
7573.00000 0.451744
7574.00000 0.451748
7575.00000 0.451752
7576.00000 0.451756
7577.00000 0.45176
7578.00000 0.451764
7579.00000 0.451768
7580.00000 0.451772
7581.00000 0.451451
7582.00000 0.45113
7583.00000 0.450808
7584.00000 0.450487
7585.00000 0.450165
7586.00000 0.446042
7587.00000 0.441919
7588.00000 0.437794
7589.00000 0.433669
7590.00000 0.429542
7591.00000 0.41284
7592.00000 0.396137
7593.00000 0.379434
7594.00000 0.36273
7595.00000 0.346027
7596.00000 0.321624
7597.00000 0.297221
7598.00000 0.272818
7599.00000 0.248416
7600.00000 0.224014
7601.00000 0.211027
7602.00000 0.198039
7603.00000 0.185051
7604.00000 0.172064
7605.00000 0.159076
7606.00000 0.160465
7607.00000 0.161853
7608.00000 0.163242
7609.00000 0.16463
7610.00000 0.166018
7611.00000 0.179171
7612.00000 0.192322
7613.00000 0.205471
7614.00000 0.218617
7615.00000 0.231761
7616.00000 0.245551
7617.00000 0.259339
7618.00000 0.273125
7619.00000 0.286908
7620.00000 0.300688
7621.00000 0.298741
7622.00000 0.296794
7623.00000 0.294846
7624.00000 0.292899
7625.00000 0.290952
7626.00000 0.283538
7627.00000 0.276124
7628.00000 0.26871
7629.00000 0.261296
7630.00000 0.253882
7631.00000 0.253959
7632.00000 0.254035
7633.00000 0.254112
7634.00000 0.254189
7635.00000 0.254266
7636.00000 0.258418
7637.00000 0.262569
7638.00000 0.266721
7639.00000 0.270871
7640.00000 0.275021
7641.00000 0.280006
7642.00000 0.28499
7643.00000 0.289974
7644.00000 0.294957
7645.00000 0.29994
7646.00000 0.305848
7647.00000 0.311755
7648.00000 0.317661
7649.00000 0.323567
7650.00000 0.329472
7651.00000 0.334753
7652.00000 0.340033
7653.00000 0.345313
7654.00000 0.350594
7655.00000 0.355875
7656.00000 0.360045
7657.00000 0.364215
7658.00000 0.368386
7659.00000 0.372557
7660.00000 0.376727
7661.00000 0.380286
7662.00000 0.383845
7663.00000 0.387402
7664.00000 0.390958
7665.00000 0.394514
7666.00000 0.398253
7667.00000 0.401992
7668.00000 0.405729
7669.00000 0.409465
7670.00000 0.413201
7671.00000 0.415672
7672.00000 0.418144
7673.00000 0.420615
7674.00000 0.423086
7675.00000 0.425557
7676.00000 0.426918
7677.00000 0.428279
7678.00000 0.42964
7679.00000 0.431001
7680.00000 0.432362
7681.00000 0.4333
7682.00000 0.434238
7683.00000 0.435175
7684.00000 0.436113
7685.00000 0.437051
7686.00000 0.437711
7687.00000 0.43837
7688.00000 0.43903
7689.00000 0.439689
7690.00000 0.440349
7691.00000 0.440863
7692.00000 0.441377
7693.00000 0.441893
7694.00000 0.442408
7695.00000 0.442925
7696.00000 0.443628
7697.00000 0.444331
7698.00000 0.445036
7699.00000 0.445742
7700.00000 0.446449
7701.00000 0.44689
7702.00000 0.447332
7703.00000 0.447776
7704.00000 0.44822
7705.00000 0.448666
7706.00000 0.448836
7707.00000 0.449008
7708.00000 0.44918
7709.00000 0.449353
7710.00000 0.449526
7711.00000 0.449627
7712.00000 0.449728
7713.00000 0.449829
7714.00000 0.44993
7715.00000 0.45003
7716.00000 0.450037
7717.00000 0.450043
7718.00000 0.450049
7719.00000 0.450054
7720.00000 0.45006
7721.00000 0.450093
7722.00000 0.450127
7723.00000 0.45016
7724.00000 0.450192
7725.00000 0.450225
7726.00000 0.450257
7727.00000 0.450288
7728.00000 0.45032
7729.00000 0.450351
7730.00000 0.450383
7731.00000 0.45046
7732.00000 0.450538
7733.00000 0.450616
7734.00000 0.450694
7735.00000 0.450772
7736.00000 0.450758
7737.00000 0.450745
7738.00000 0.450732
7739.00000 0.450719
7740.00000 0.450705
7741.00000 0.450705
7742.00000 0.450704
7743.00000 0.450702
7744.00000 0.4507
7745.00000 0.450697
7746.00000 0.450693
7747.00000 0.450689
7748.00000 0.450683
7749.00000 0.450677
7750.00000 0.450669
7751.00000 0.450646
7752.00000 0.450622
7753.00000 0.450598
7754.00000 0.450572
7755.00000 0.450545
7756.00000 0.450518
7757.00000 0.45049
7758.00000 0.450461
7759.00000 0.450432
7760.00000 0.450402
7761.00000 0.450381
7762.00000 0.450359
7763.00000 0.450337
7764.00000 0.450316
7765.00000 0.450295
7766.00000 0.450274
7767.00000 0.450254
7768.00000 0.450233
7769.00000 0.450213
7770.00000 0.450192
7771.00000 0.450159
7772.00000 0.450126
7773.00000 0.450093
7774.00000 0.45006
7775.00000 0.450027
7776.00000 0.449994
7777.00000 0.449961
7778.00000 0.449927
7779.00000 0.449894
7780.00000 0.449861
7781.00000 0.449835
7782.00000 0.449809
7783.00000 0.449784
7784.00000 0.449758
7785.00000 0.449732
7786.00000 0.449706
7787.00000 0.44968
7788.00000 0.449654
7789.00000 0.449628
7790.00000 0.449602
7791.00000 0.44968
7792.00000 0.449757
7793.00000 0.449835
7794.00000 0.449913
7795.00000 0.449991
7796.00000 0.449976
7797.00000 0.449962
7798.00000 0.449947
7799.00000 0.449933
7800.00000 0.449918
7801.00000 0.449853
7802.00000 0.449789
7803.00000 0.449724
7804.00000 0.449659
7805.00000 0.449594
7806.00000 0.449529
7807.00000 0.449465
7808.00000 0.4494
7809.00000 0.449335
7810.00000 0.44927
7811.00000 0.449274
7812.00000 0.449278
7813.00000 0.449281
7814.00000 0.449285
7815.00000 0.449289
7816.00000 0.449292
7817.00000 0.449296
7818.00000 0.4493
7819.00000 0.449303
7820.00000 0.449307
7821.00000 0.449277
7822.00000 0.449247
7823.00000 0.449217
7824.00000 0.449187
7825.00000 0.449158
7826.00000 0.449128
7827.00000 0.449098
7828.00000 0.449068
7829.00000 0.449038
7830.00000 0.449008
7831.00000 0.448979
7832.00000 0.44895
7833.00000 0.448921
7834.00000 0.448892
7835.00000 0.448863
7836.00000 0.448834
7837.00000 0.448804
7838.00000 0.448775
7839.00000 0.448746
7840.00000 0.448717
7841.00000 0.448672
7842.00000 0.448626
7843.00000 0.448581
7844.00000 0.448536
7845.00000 0.44849
7846.00000 0.448445
7847.00000 0.4484
7848.00000 0.448354
7849.00000 0.448309
7850.00000 0.448264
7851.00000 0.448263
7852.00000 0.448263
7853.00000 0.448262
7854.00000 0.448262
7855.00000 0.448262
7856.00000 0.448261
7857.00000 0.448261
7858.00000 0.448261
7859.00000 0.44826
7860.00000 0.44826
7861.00000 0.448131
7862.00000 0.448002
7863.00000 0.447873
7864.00000 0.447744
7865.00000 0.447615
7866.00000 0.447578
7867.00000 0.447541
7868.00000 0.447504
7869.00000 0.447467
7870.00000 0.44743
7871.00000 0.447325
7872.00000 0.44722
7873.00000 0.447115
7874.00000 0.44701
7875.00000 0.446905
7876.00000 0.446891
7877.00000 0.446878
7878.00000 0.446865
7879.00000 0.446852
7880.00000 0.446838
7881.00000 0.446702
7882.00000 0.446566
7883.00000 0.44643
7884.00000 0.446294
7885.00000 0.446158
7886.00000 0.44593
7887.00000 0.445703
7888.00000 0.445475
7889.00000 0.445248
7890.00000 0.44502
7891.00000 0.44479
7892.00000 0.44456
7893.00000 0.44433
7894.00000 0.4441
7895.00000 0.44387
7896.00000 0.443824
7897.00000 0.443777
7898.00000 0.44373
7899.00000 0.443683
7900.00000 0.443636
7901.00000 0.443583
7902.00000 0.443529
7903.00000 0.443475
7904.00000 0.443422
7905.00000 0.443368
7906.00000 0.443315
7907.00000 0.443261
7908.00000 0.443207
7909.00000 0.443154
7910.00000 0.4431
7911.00000 0.443276
7912.00000 0.443453
7913.00000 0.443629
7914.00000 0.443805
7915.00000 0.443982
7916.00000 0.443975
7917.00000 0.443969
7918.00000 0.443962
7919.00000 0.443956
7920.00000 0.44395
7921.00000 0.443804
7922.00000 0.443659
7923.00000 0.443514
7924.00000 0.443368
7925.00000 0.443223
7926.00000 0.44326
7927.00000 0.443298
7928.00000 0.443335
7929.00000 0.443372
7930.00000 0.443409
7931.00000 0.443672
7932.00000 0.443934
7933.00000 0.444196
7934.00000 0.444458
7935.00000 0.444721
7936.00000 0.444983
7937.00000 0.445245
7938.00000 0.445507
7939.00000 0.445769
7940.00000 0.446031
7941.00000 0.44599
7942.00000 0.445949
7943.00000 0.445908
7944.00000 0.445867
7945.00000 0.445826
7946.00000 0.445694
7947.00000 0.445561
7948.00000 0.445429
7949.00000 0.445297
7950.00000 0.445165
7951.00000 0.44495
7952.00000 0.444734
7953.00000 0.444519
7954.00000 0.444304
7955.00000 0.444089
7956.00000 0.4436
7957.00000 0.443112
7958.00000 0.442624
7959.00000 0.442135
7960.00000 0.441647
7961.00000 0.441394
7962.00000 0.441141
7963.00000 0.440888
7964.00000 0.440635
7965.00000 0.440383
7966.00000 0.440676
7967.00000 0.440969
7968.00000 0.441262
7969.00000 0.441554
7970.00000 0.441847
7971.00000 0.442082
7972.00000 0.442318
7973.00000 0.442553
7974.00000 0.442788
7975.00000 0.443024
7976.00000 0.443077
7977.00000 0.44313
7978.00000 0.443184
7979.00000 0.443237
7980.00000 0.44329
7981.00000 0.443286
7982.00000 0.443281
7983.00000 0.443277
7984.00000 0.443272
7985.00000 0.443268
7986.00000 0.443263
7987.00000 0.443259
7988.00000 0.443254
7989.00000 0.44325
7990.00000 0.443245
7991.00000 0.44322
7992.00000 0.443194
7993.00000 0.443169
7994.00000 0.443143
7995.00000 0.443118
7996.00000 0.442911
7997.00000 0.442703
7998.00000 0.442496
7999.00000 0.442289
8000.00000 0.442082
8001.00000 0.441835
8002.00000 0.441588
8003.00000 0.441341
8004.00000 0.441094
8005.00000 0.440847
8006.00000 0.440782
8007.00000 0.440717
8008.00000 0.440651
8009.00000 0.440586
8010.00000 0.44052
8011.00000 0.440518
8012.00000 0.440516
8013.00000 0.440514
8014.00000 0.440512
8015.00000 0.44051
8016.00000 0.440599
8017.00000 0.440688
8018.00000 0.440776
8019.00000 0.440865
8020.00000 0.440954
8021.00000 0.440935
8022.00000 0.440917
8023.00000 0.440898
8024.00000 0.44088
8025.00000 0.440861
8026.00000 0.440843
8027.00000 0.440825
8028.00000 0.440806
8029.00000 0.440788
8030.00000 0.440769
8031.00000 0.440872
8032.00000 0.440975
8033.00000 0.441079
8034.00000 0.441182
8035.00000 0.441285
8036.00000 0.441297
8037.00000 0.441099
8038.00000 0.440902
8039.00000 0.440026
8040.00000 0.43915
8041.00000 0.438221
8042.00000 0.437292
8043.00000 0.436363
8044.00000 0.435435
8045.00000 0.434529
8046.00000 0.433803
8047.00000 0.433052
8048.00000 0.4323
8049.00000 0.431548
8050.00000 0.430796
8051.00000 0.430073
8052.00000 0.42935
8053.00000 0.428626
8054.00000 0.427901
8055.00000 0.427199
8056.00000 0.426322
8057.00000 0.425422
8058.00000 0.424521
8059.00000 0.423621
8060.00000 0.42272
8061.00000 0.421814
8062.00000 0.420909
8063.00000 0.420026
8064.00000 0.419144
8065.00000 0.418238
8066.00000 0.417332
8067.00000 0.416427
8068.00000 0.415521
8069.00000 0.414616
8070.00000 0.413711
8071.00000 0.412798
8072.00000 0.411886
8073.00000 0.410294
8074.00000 0.408703
8075.00000 0.406878
8076.00000 0.405053
8077.00000 0.403252
8078.00000 0.401452
8079.00000 0.399628
8080.00000 0.397805
8081.00000 0.395916
8082.00000 0.394028
8083.00000 0.392165
8084.00000 0.390302
8085.00000 0.388417
8086.00000 0.386533
8087.00000 0.384673
8088.00000 0.382815
8089.00000 0.380934
8090.00000 0.379054
8091.00000 0.377241
8092.00000 0.375428
8093.00000 0.373593
8094.00000 0.371758
8095.00000 0.369948
8096.00000 0.368213
8097.00000 0.366455
8098.00000 0.364697
8099.00000 0.362962
8100.00000 0.361226
8101.00000 0.359458
8102.00000 0.357689
8103.00000 0.355943
8104.00000 0.354198
8105.00000 0.352429
8106.00000 0.350516
8107.00000 0.348628
8108.00000 0.346742
8109.00000 0.344833
8110.00000 0.342926
8111.00000 0.340935
8112.00000 0.338946
8113.00000 0.336937
8114.00000 0.33493
8115.00000 0.332949
8116.00000 0.331039
8117.00000 0.329107
8118.00000 0.327178
8119.00000 0.325273
8120.00000 0.32337
8121.00000 0.321557
8122.00000 0.319744
8123.00000 0.317955
8124.00000 0.316167
8125.00000 0.314356
8126.00000 0.312093
8127.00000 0.309858
8128.00000 0.307629
8129.00000 0.305383
8130.00000 0.303143
8131.00000 0.300441
8132.00000 0.297751
8133.00000 0.295094
8134.00000 0.292449
8135.00000 0.289792
8136.00000 0.287696
8137.00000 0.285626
8138.00000 0.283561
8139.00000 0.281478
8140.00000 0.2794
8141.00000 0.277552
8142.00000 0.275706
8143.00000 0.27384
8144.00000 0.271975
8145.00000 0.270136
8146.00000 0.267896
8147.00000 0.26564
8148.00000 0.263392
8149.00000 0.261173
8150.00000 0.258961
8151.00000 0.256652
8152.00000 0.254351
8153.00000 0.25208
8154.00000 0.249817
8155.00000 0.247541
8156.00000 0.245326
8157.00000 0.243141
8158.00000 0.240964
8159.00000 0.238772
8160.00000 0.236587
8161.00000 0.234637
8162.00000 0.23269
8163.00000 0.230727
8164.00000 0.228769
8165.00000 0.226836
8166.00000 0.225912
8167.00000 0.224956
8168.00000 0.22399
8169.00000 0.223035
8170.00000 0.222071
8171.00000 0.220423
8172.00000 0.218775
8173.00000 0.217149
8174.00000 0.215523
8175.00000 0.213875
8176.00000 0.211388
8177.00000 0.208937
8178.00000 0.206498
8179.00000 0.20405
8180.00000 0.201616
8181.00000 0.200608
8182.00000 0.199591
8183.00000 0.198585
8184.00000 0.197569
8185.00000 0.196521
8186.00000 0.195335
8187.00000 0.194162
8188.00000 0.192982
8189.00000 0.191772
8190.00000 0.190555
8191.00000 0.188949
8192.00000 0.187342
8193.00000 0.185713
8194.00000 0.184083
8195.00000 0.182475
8196.00000 0.180826
8197.00000 0.179156
8198.00000 0.177485
8199.00000 0.175837
8200.00000 0.174188
8201.00000 0.173424
8202.00000 0.172642
8203.00000 0.171865
8204.00000 0.171071
8205.00000 0.170237
8206.00000 0.169171
8207.00000 0.168115
8208.00000 0.167046
8209.00000 0.165942
8210.00000 0.164824
8211.00000 0.163026
8212.00000 0.161229
8213.00000 0.159411
8214.00000 0.157595
8215.00000 0.155804
8216.00000 0.153725
8217.00000 0.151631
8218.00000 0.149546
8219.00000 0.147491
8220.00000 0.145444
8221.00000 0.142522
8222.00000 0.139629
8223.00000 0.136786
8224.00000 0.133971
8225.00000 0.131163
8226.00000 0.128013
8227.00000 0.124923
8228.00000 0.121869
8229.00000 0.118833
8230.00000 0.115834
8231.00000 0.114888
8232.00000 0.113925
8233.00000 0.112966
8234.00000 0.11199
8235.00000 0.110978
8236.00000 0.11067
8237.00000 0.110346
8238.00000 0.109985
8239.00000 0.109565
8240.00000 0.109107
8241.00000 0.107902
8242.00000 0.106682
8243.00000 0.105426
8244.00000 0.104155
8245.00000 0.102892
8246.00000 0.101296
8247.00000 0.0996734
8248.00000 0.0980472
8249.00000 0.09644
8250.00000 0.0948293
8251.00000 0.0930031
8252.00000 0.0911802
8253.00000 0.0893836
8254.00000 0.0875902
8255.00000 0.0857775
8256.00000 0.0839682
8257.00000 0.082185
8258.00000 0.0804051
8259.00000 0.0786059
8260.00000 0.0768101
8261.00000 0.0753027
8262.00000 0.0737868
8263.00000 0.0722396
8264.00000 0.0706838
8265.00000 0.0691423
8266.00000 0.0674798
8267.00000 0.0657915
8268.00000 0.0641004
8269.00000 0.0624295
8270.00000 0.0607559
8271.00000 0.0587102
8272.00000 0.0566823
8273.00000 0.0546947
8274.00000 0.0527247
8275.00000 0.0507498
8276.00000 0.0488972
8277.00000 0.0470774
8278.00000 0.0452678
8279.00000 0.0434465
8280.00000 0.0416356
8281.00000 0.0408812
8282.00000 0.0401234
8283.00000 0.0393621
8284.00000 0.0385975
8285.00000 0.0378517
8286.00000 0.0370311
8287.00000 0.036188
8288.00000 0.0353448
8289.00000 0.0345015
8290.00000 0.0336579
8291.00000 0.0328362
8292.00000 0.0320132
8293.00000 0.0312112
8294.00000 0.0304079
8295.00000 0.029581
8296.00000 0.0287895
8297.00000 0.0279946
8298.00000 0.0271962
8299.00000 0.0263943
8300.00000 0.0255889
8301.00000 0.0247664
8302.00000 0.023943
8303.00000 0.0230961
8304.00000 0.0222481
8305.00000 0.0213992
8306.00000 0.0205797
8307.00000 0.0197566
8308.00000 0.01893
8309.00000 0.0181228
8310.00000 0.0173122
8311.00000 0.0164397
8312.00000 0.0155675
8313.00000 0.0146955
8314.00000 0.0138238
8315.00000 0.0129523
8316.00000 0.0120532
8317.00000 0.0111812
8318.00000 0.0103133
8319.00000 0.00942682
8320.00000 0.00854462
8321.00000 0.0076985
8322.00000 0.00684951
8323.00000 0.00599765
8324.00000 0.0051429
8325.00000 0.00430808
8326.00000 0.00347263
8327.00000 0.00261042
8328.00000 0.00174425
8329.00000 0.000874107
8330.00000 0.0
