threeML/data/optical_filters/LSST/LSST-y.ecsv
# %ECSV 0.9
# ---
# datatype:
# - {name: wavelength, unit: Angstrom, datatype: float32}
# - {name: response, datatype: float32}
# meta: !!omap
# - {band_name: y}
# - {group_name: LSST}
wavelength response
9084.00000 0.0
9085.00000 0.00035138
9086.00000 0.00070271
9087.00000 0.00142483
9088.00000 0.00214685
9089.00000 0.00286876
9090.00000 0.00359055
9091.00000 0.00429688
9092.00000 0.00500447
9093.00000 0.00573287
9094.00000 0.00646256
9095.00000 0.00719354
9096.00000 0.00792227
9097.00000 0.00863204
9098.00000 0.00934244
9099.00000 0.0100731
9100.00000 0.0108045
9101.00000 0.0115086
9102.00000 0.01221
9103.00000 0.012889
9104.00000 0.0135653
9105.00000 0.0142583
9106.00000 0.0150156
9107.00000 0.0157766
9108.00000 0.0165411
9109.00000 0.0172896
9110.00000 0.0180416
9111.00000 0.0187872
9112.00000 0.0195341
9113.00000 0.0202823
9114.00000 0.0210318
9115.00000 0.0217627
9116.00000 0.022411
9117.00000 0.023075
9118.00000 0.0237348
9119.00000 0.024371
9120.00000 0.0250032
9121.00000 0.0257879
9122.00000 0.026576
9123.00000 0.0273676
9124.00000 0.0281626
9125.00000 0.0289413
9126.00000 0.0294767
9127.00000 0.0300233
9128.00000 0.0305614
9129.00000 0.0310911
9130.00000 0.0316123
9131.00000 0.0320888
9132.00000 0.0325564
9133.00000 0.0330338
9134.00000 0.033502
9135.00000 0.034313
9136.00000 0.0355374
9137.00000 0.0371284
9138.00000 0.038734
9139.00000 0.0403353
9140.00000 0.0419508
9141.00000 0.0436983
9142.00000 0.0454664
9143.00000 0.0472552
9144.00000 0.0490646
9145.00000 0.0508747
9146.00000 0.0521928
9147.00000 0.0535226
9148.00000 0.0548444
9149.00000 0.0561582
9150.00000 0.057464
9151.00000 0.0582569
9152.00000 0.0590172
9153.00000 0.0597264
9154.00000 0.0604037
9155.00000 0.0610675
9156.00000 0.0626134
9157.00000 0.0641665
9158.00000 0.0657267
9159.00000 0.067294
9160.00000 0.0688684
9161.00000 0.0710179
9162.00000 0.073197
9163.00000 0.0754248
9164.00000 0.0776827
9165.00000 0.0799705
9166.00000 0.0814603
9167.00000 0.0829507
9168.00000 0.0844417
9169.00000 0.0859137
9170.00000 0.0873863
9171.00000 0.0881864
9172.00000 0.0889647
9173.00000 0.0897213
9174.00000 0.0904561
9175.00000 0.0911692
9176.00000 0.0922745
9177.00000 0.0933517
9178.00000 0.0944197
9179.00000 0.095497
9180.00000 0.096565
9181.00000 0.0985065
9182.00000 0.100463
9183.00000 0.102415
9184.00000 0.104382
9185.00000 0.106383
9186.00000 0.108423
9187.00000 0.110478
9188.00000 0.112548
9189.00000 0.114634
9190.00000 0.116735
9191.00000 0.118382
9192.00000 0.120034
9193.00000 0.12171
9194.00000 0.123391
9195.00000 0.125077
9196.00000 0.126552
9197.00000 0.128027
9198.00000 0.129501
9199.00000 0.130955
9200.00000 0.132408
9201.00000 0.134215
9202.00000 0.136028
9203.00000 0.137847
9204.00000 0.139672
9205.00000 0.141504
9206.00000 0.142894
9207.00000 0.144262
9208.00000 0.145628
9209.00000 0.147011
9210.00000 0.148391
9211.00000 0.149428
9212.00000 0.150455
9213.00000 0.151474
9214.00000 0.152485
9215.00000 0.153467
9216.00000 0.154801
9217.00000 0.156153
9218.00000 0.157503
9219.00000 0.15885
9220.00000 0.160195
9221.00000 0.161923
9222.00000 0.163655
9223.00000 0.165412
9224.00000 0.167173
9225.00000 0.168938
9226.00000 0.17028
9227.00000 0.171619
9228.00000 0.172956
9229.00000 0.174271
9230.00000 0.175583
9231.00000 0.176804
9232.00000 0.178021
9233.00000 0.179234
9234.00000 0.180443
9235.00000 0.181648
9236.00000 0.182773
9237.00000 0.183874
9238.00000 0.18497
9239.00000 0.18608
9240.00000 0.187185
9241.00000 0.188344
9242.00000 0.189499
9243.00000 0.190648
9244.00000 0.191791
9245.00000 0.19291
9246.00000 0.194189
9247.00000 0.195484
9248.00000 0.196774
9249.00000 0.198061
9250.00000 0.199344
9251.00000 0.200865
9252.00000 0.202385
9253.00000 0.203923
9254.00000 0.205461
9255.00000 0.206998
9256.00000 0.208446
9257.00000 0.209892
9258.00000 0.211337
9259.00000 0.212762
9260.00000 0.214185
9261.00000 0.215618
9262.00000 0.21705
9263.00000 0.218483
9264.00000 0.219915
9265.00000 0.221347
9266.00000 0.222921
9267.00000 0.224477
9268.00000 0.226034
9269.00000 0.227612
9270.00000 0.229192
9271.00000 0.229251
9272.00000 0.229295
9273.00000 0.229324
9274.00000 0.229338
9275.00000 0.229318
9276.00000 0.228787
9277.00000 0.228255
9278.00000 0.227702
9279.00000 0.22713
9280.00000 0.226537
9281.00000 0.227419
9282.00000 0.228297
9283.00000 0.229152
9284.00000 0.230003
9285.00000 0.230866
9286.00000 0.231465
9287.00000 0.232057
9288.00000 0.232642
9289.00000 0.233202
9290.00000 0.233754
9291.00000 0.233807
9292.00000 0.233846
9293.00000 0.233872
9294.00000 0.233883
9295.00000 0.23388
9296.00000 0.232877
9297.00000 0.231834
9298.00000 0.230768
9299.00000 0.229695
9300.00000 0.228598
9301.00000 0.22776
9302.00000 0.2269
9303.00000 0.226018
9304.00000 0.225115
9305.00000 0.224175
9306.00000 0.223271
9307.00000 0.222363
9308.00000 0.221433
9309.00000 0.220484
9310.00000 0.219516
9311.00000 0.218228
9312.00000 0.216921
9313.00000 0.21558
9314.00000 0.21422
9315.00000 0.212855
9316.00000 0.209504
9317.00000 0.206117
9318.00000 0.202697
9319.00000 0.199243
9320.00000 0.195754
9321.00000 0.194931
9322.00000 0.194094
9323.00000 0.193256
9324.00000 0.192405
9325.00000 0.19154
9326.00000 0.192646
9327.00000 0.193741
9328.00000 0.194838
9329.00000 0.195949
9330.00000 0.19706
9331.00000 0.196556
9332.00000 0.196042
9333.00000 0.195518
9334.00000 0.194984
9335.00000 0.194427
9336.00000 0.190518
9337.00000 0.186587
9338.00000 0.182623
9339.00000 0.178627
9340.00000 0.174598
9341.00000 0.17348
9342.00000 0.17235
9343.00000 0.171198
9344.00000 0.170034
9345.00000 0.168869
9346.00000 0.174866
9347.00000 0.180899
9348.00000 0.186967
9349.00000 0.19307
9350.00000 0.199208
9351.00000 0.201617
9352.00000 0.204039
9353.00000 0.206178
9354.00000 0.208325
9355.00000 0.210364
9356.00000 0.208995
9357.00000 0.20762
9358.00000 0.206241
9359.00000 0.204857
9360.00000 0.203468
9361.00000 0.204463
9362.00000 0.20546
9363.00000 0.206458
9364.00000 0.207457
9365.00000 0.208457
9366.00000 0.207588
9367.00000 0.206716
9368.00000 0.205841
9369.00000 0.204963
9370.00000 0.204082
9371.00000 0.206465
9372.00000 0.208853
9373.00000 0.211245
9374.00000 0.21364
9375.00000 0.21604
9376.00000 0.217113
9377.00000 0.218085
9378.00000 0.219056
9379.00000 0.219694
9380.00000 0.22033
9381.00000 0.221167
9382.00000 0.222004
9383.00000 0.222839
9384.00000 0.223674
9385.00000 0.224507
9386.00000 0.230422
9387.00000 0.236328
9388.00000 0.242225
9389.00000 0.248114
9390.00000 0.253996
9391.00000 0.260041
9392.00000 0.266075
9393.00000 0.2721
9394.00000 0.278116
9395.00000 0.284124
9396.00000 0.282943
9397.00000 0.28177
9398.00000 0.280605
9399.00000 0.279448
9400.00000 0.2783
9401.00000 0.274762
9402.00000 0.271234
9403.00000 0.267716
9404.00000 0.264207
9405.00000 0.260707
9406.00000 0.260369
9407.00000 0.260035
9408.00000 0.259705
9409.00000 0.259378
9410.00000 0.259054
9411.00000 0.260797
9412.00000 0.262537
9413.00000 0.264276
9414.00000 0.26601
9415.00000 0.26774
9416.00000 0.267147
9417.00000 0.266554
9418.00000 0.265961
9419.00000 0.26537
9420.00000 0.264779
9421.00000 0.259557
9422.00000 0.254342
9423.00000 0.249135
9424.00000 0.243936
9425.00000 0.238745
9426.00000 0.234847
9427.00000 0.230955
9428.00000 0.227069
9429.00000 0.223188
9430.00000 0.219313
9431.00000 0.222148
9432.00000 0.224981
9433.00000 0.227813
9434.00000 0.230642
9435.00000 0.23347
9436.00000 0.230972
9437.00000 0.228474
9438.00000 0.225977
9439.00000 0.223481
9440.00000 0.220987
9441.00000 0.218704
9442.00000 0.216424
9443.00000 0.214148
9444.00000 0.211877
9445.00000 0.209609
9446.00000 0.214989
9447.00000 0.220365
9448.00000 0.225738
9449.00000 0.231107
9450.00000 0.236474
9451.00000 0.237298
9452.00000 0.238125
9453.00000 0.238953
9454.00000 0.239784
9455.00000 0.240616
9456.00000 0.237379
9457.00000 0.234148
9458.00000 0.23092
9459.00000 0.227696
9460.00000 0.224476
9461.00000 0.225583
9462.00000 0.22669
9463.00000 0.227796
9464.00000 0.2289
9465.00000 0.230001
9466.00000 0.233026
9467.00000 0.236049
9468.00000 0.239069
9469.00000 0.242086
9470.00000 0.2451
9471.00000 0.244532
9472.00000 0.243966
9473.00000 0.2434
9474.00000 0.242834
9475.00000 0.242269
9476.00000 0.23794
9477.00000 0.233616
9478.00000 0.229297
9479.00000 0.224984
9480.00000 0.220677
9481.00000 0.222387
9482.00000 0.224096
9483.00000 0.225803
9484.00000 0.227509
9485.00000 0.229214
9486.00000 0.235192
9487.00000 0.241167
9488.00000 0.247137
9489.00000 0.253105
9490.00000 0.259068
9491.00000 0.25577
9492.00000 0.252474
9493.00000 0.24918
9494.00000 0.245887
9495.00000 0.242597
9496.00000 0.237932
9497.00000 0.233269
9498.00000 0.228609
9499.00000 0.223951
9500.00000 0.219295
9501.00000 0.222526
9502.00000 0.225753
9503.00000 0.228975
9504.00000 0.232194
9505.00000 0.235408
9506.00000 0.241228
9507.00000 0.247042
9508.00000 0.252848
9509.00000 0.258648
9510.00000 0.264441
9511.00000 0.263431
9512.00000 0.262421
9513.00000 0.261412
9514.00000 0.260405
9515.00000 0.259398
9516.00000 0.252878
9517.00000 0.246365
9518.00000 0.23986
9519.00000 0.233363
9520.00000 0.226874
9521.00000 0.22511
9522.00000 0.223348
9523.00000 0.221588
9524.00000 0.219831
9525.00000 0.218075
9526.00000 0.221415
9527.00000 0.22475
9528.00000 0.228081
9529.00000 0.231407
9530.00000 0.234729
9531.00000 0.236765
9532.00000 0.238799
9533.00000 0.240829
9534.00000 0.242857
9535.00000 0.244882
9536.00000 0.245303
9537.00000 0.245723
9538.00000 0.246143
9539.00000 0.246562
9540.00000 0.246981
9541.00000 0.246097
9542.00000 0.245213
9543.00000 0.244329
9544.00000 0.243446
9545.00000 0.242562
9546.00000 0.242826
9547.00000 0.243088
9548.00000 0.24335
9549.00000 0.243609
9550.00000 0.243867
9551.00000 0.242813
9552.00000 0.241758
9553.00000 0.240703
9554.00000 0.239648
9555.00000 0.238593
9556.00000 0.237475
9557.00000 0.236356
9558.00000 0.235238
9559.00000 0.23412
9560.00000 0.233003
9561.00000 0.233159
9562.00000 0.233314
9563.00000 0.233468
9564.00000 0.233622
9565.00000 0.233776
9566.00000 0.234243
9567.00000 0.23471
9568.00000 0.235175
9569.00000 0.23564
9570.00000 0.236104
9571.00000 0.239803
9572.00000 0.243496
9573.00000 0.247184
9574.00000 0.250865
9575.00000 0.254541
9576.00000 0.254716
9577.00000 0.254891
9578.00000 0.255066
9579.00000 0.25524
9580.00000 0.255414
9581.00000 0.253445
9582.00000 0.251478
9583.00000 0.249513
9584.00000 0.247551
9585.00000 0.245591
9586.00000 0.243819
9587.00000 0.242049
9588.00000 0.240282
9589.00000 0.238516
9590.00000 0.236752
9591.00000 0.235388
9592.00000 0.234025
9593.00000 0.232663
9594.00000 0.231303
9595.00000 0.229944
9596.00000 0.231724
9597.00000 0.233499
9598.00000 0.235271
9599.00000 0.237039
9600.00000 0.238803
9601.00000 0.240516
9602.00000 0.242225
9603.00000 0.24393
9604.00000 0.245632
9605.00000 0.247331
9606.00000 0.248416
9607.00000 0.249498
9608.00000 0.250578
9609.00000 0.251656
9610.00000 0.252731
9611.00000 0.253816
9612.00000 0.2549
9613.00000 0.255981
9614.00000 0.257061
9615.00000 0.258138
9616.00000 0.256672
9617.00000 0.255206
9618.00000 0.253743
9619.00000 0.252282
9620.00000 0.250823
9621.00000 0.248294
9622.00000 0.245768
9623.00000 0.243246
9624.00000 0.240727
9625.00000 0.23821
9626.00000 0.240025
9627.00000 0.241836
9628.00000 0.243645
9629.00000 0.24545
9630.00000 0.247252
9631.00000 0.249037
9632.00000 0.25082
9633.00000 0.252599
9634.00000 0.254375
9635.00000 0.256148
9636.00000 0.255293
9637.00000 0.25444
9638.00000 0.253589
9639.00000 0.252738
9640.00000 0.251889
9641.00000 0.251694
9642.00000 0.251499
9643.00000 0.251303
9644.00000 0.251108
9645.00000 0.250912
9646.00000 0.251602
9647.00000 0.25229
9648.00000 0.252975
9649.00000 0.253658
9650.00000 0.254338
9651.00000 0.255614
9652.00000 0.256886
9653.00000 0.258155
9654.00000 0.259421
9655.00000 0.260684
9656.00000 0.259423
9657.00000 0.258162
9658.00000 0.256903
9659.00000 0.255645
9660.00000 0.254388
9661.00000 0.252127
9662.00000 0.249869
9663.00000 0.247615
9664.00000 0.245365
9665.00000 0.243119
9666.00000 0.243958
9667.00000 0.244795
9668.00000 0.24563
9669.00000 0.246464
9670.00000 0.247297
9671.00000 0.251036
9672.00000 0.25477
9673.00000 0.258497
9674.00000 0.262218
9675.00000 0.265933
9676.00000 0.267048
9677.00000 0.26816
9678.00000 0.26927
9679.00000 0.270378
9680.00000 0.271484
9681.00000 0.270126
9682.00000 0.268771
9683.00000 0.267417
9684.00000 0.266065
9685.00000 0.264714
9686.00000 0.265193
9687.00000 0.265671
9688.00000 0.266146
9689.00000 0.266621
9690.00000 0.267093
9691.00000 0.267604
9692.00000 0.268114
9693.00000 0.268623
9694.00000 0.269129
9695.00000 0.269635
9696.00000 0.268837
9697.00000 0.26804
9698.00000 0.267243
9699.00000 0.266446
9700.00000 0.265651
9701.00000 0.265169
9702.00000 0.264688
9703.00000 0.264206
9704.00000 0.263724
9705.00000 0.263242
9706.00000 0.263658
9707.00000 0.264072
9708.00000 0.264484
9709.00000 0.264895
9710.00000 0.265304
9711.00000 0.264411
9712.00000 0.26352
9713.00000 0.262629
9714.00000 0.26174
9715.00000 0.260853
9716.00000 0.260299
9717.00000 0.259745
9718.00000 0.259192
9719.00000 0.258638
9720.00000 0.258085
9721.00000 0.257583
9722.00000 0.257081
9723.00000 0.256579
9724.00000 0.256077
9725.00000 0.255576
9726.00000 0.254528
9727.00000 0.253482
9728.00000 0.252438
9729.00000 0.251396
9730.00000 0.250357
9731.00000 0.249576
9732.00000 0.248796
9733.00000 0.248017
9734.00000 0.24724
9735.00000 0.246465
9736.00000 0.24596
9737.00000 0.245455
9738.00000 0.244951
9739.00000 0.244448
9740.00000 0.243945
9741.00000 0.243161
9742.00000 0.242378
9743.00000 0.241597
9744.00000 0.240817
9745.00000 0.240038
9746.00000 0.23926
9747.00000 0.238483
9748.00000 0.237707
9749.00000 0.236933
9750.00000 0.23616
9751.00000 0.236013
9752.00000 0.235866
9753.00000 0.235718
9754.00000 0.23557
9755.00000 0.235421
9756.00000 0.234853
9757.00000 0.234284
9758.00000 0.233716
9759.00000 0.233149
9760.00000 0.232583
9761.00000 0.232689
9762.00000 0.232793
9763.00000 0.232895
9764.00000 0.232995
9765.00000 0.233094
9766.00000 0.234118
9767.00000 0.235137
9768.00000 0.236151
9769.00000 0.23716
9770.00000 0.238164
9771.00000 0.238468
9772.00000 0.23877
9773.00000 0.23907
9774.00000 0.239368
9775.00000 0.239664
9776.00000 0.238792
9777.00000 0.237922
9778.00000 0.237053
9779.00000 0.236186
9780.00000 0.23532
9781.00000 0.234681
9782.00000 0.234044
9783.00000 0.233406
9784.00000 0.23277
9785.00000 0.232134
9786.00000 0.231697
9787.00000 0.231261
9788.00000 0.230824
9789.00000 0.230388
9790.00000 0.229951
9791.00000 0.229344
9792.00000 0.228738
9793.00000 0.228133
9794.00000 0.227529
9795.00000 0.226925
9796.00000 0.226862
9797.00000 0.226797
9798.00000 0.226732
9799.00000 0.226665
9800.00000 0.226597
9801.00000 0.22652
9802.00000 0.226442
9803.00000 0.226363
9804.00000 0.226282
9805.00000 0.2262
9806.00000 0.226983
9807.00000 0.227762
9808.00000 0.228536
9809.00000 0.229306
9810.00000 0.230071
9811.00000 0.230047
9812.00000 0.230022
9813.00000 0.229996
9814.00000 0.229967
9815.00000 0.229937
9816.00000 0.229291
9817.00000 0.228645
9818.00000 0.227999
9819.00000 0.227355
9820.00000 0.226711
9821.00000 0.225931
9822.00000 0.225152
9823.00000 0.224376
9824.00000 0.2236
9825.00000 0.222826
9826.00000 0.222332
9827.00000 0.221839
9828.00000 0.221345
9829.00000 0.220853
9830.00000 0.22036
9831.00000 0.220565
9832.00000 0.220767
9833.00000 0.220966
9834.00000 0.221163
9835.00000 0.221357
9836.00000 0.221322
9837.00000 0.221286
9838.00000 0.221248
9839.00000 0.221209
9840.00000 0.221168
9841.00000 0.220557
9842.00000 0.219947
9843.00000 0.219337
9844.00000 0.218727
9845.00000 0.218116
9846.00000 0.21746
9847.00000 0.216804
9848.00000 0.216147
9849.00000 0.215491
9850.00000 0.214834
9851.00000 0.214628
9852.00000 0.21442
9853.00000 0.21421
9854.00000 0.213998
9855.00000 0.213784
9856.00000 0.2137
9857.00000 0.213612
9858.00000 0.213523
9859.00000 0.213431
9860.00000 0.213336
9861.00000 0.212996
9862.00000 0.212655
9863.00000 0.212314
9864.00000 0.211972
9865.00000 0.211631
9866.00000 0.211119
9867.00000 0.210607
9868.00000 0.210096
9869.00000 0.209585
9870.00000 0.209075
9871.00000 0.208625
9872.00000 0.208175
9873.00000 0.207725
9874.00000 0.207275
9875.00000 0.206826
9876.00000 0.206546
9877.00000 0.206265
9878.00000 0.205984
9879.00000 0.205703
9880.00000 0.205421
9881.00000 0.205192
9882.00000 0.204962
