threeML/data/optical_filters/LSST/LSST-i.ecsv
# %ECSV 0.9
# ---
# datatype:
# - {name: wavelength, unit: Angstrom, datatype: float32}
# - {name: response, datatype: float32}
# meta: !!omap
# - {band_name: i}
# - {group_name: LSST}
wavelength response
6760.00000 0.0
6761.00000 0.00089746
6762.00000 0.00179497
6763.00000 0.00269252
6764.00000 0.00359011
6765.00000 0.00446414
6766.00000 0.00533708
6767.00000 0.00623331
6768.00000 0.00712921
6769.00000 0.00802478
6770.00000 0.00892002
6771.00000 0.00981623
6772.00000 0.0107123
6773.00000 0.0115848
6774.00000 0.0124571
6775.00000 0.0133529
6776.00000 0.0142517
6777.00000 0.0151507
6778.00000 0.01605
6779.00000 0.0169496
6780.00000 0.0178495
6781.00000 0.0187223
6782.00000 0.0195949
6783.00000 0.0204911
6784.00000 0.0213872
6785.00000 0.0222832
6786.00000 0.0231792
6787.00000 0.024075
6788.00000 0.0249708
6789.00000 0.0258429
6790.00000 0.0267149
6791.00000 0.0276068
6792.00000 0.0284984
6793.00000 0.0293896
6794.00000 0.0302805
6795.00000 0.0311711
6796.00000 0.0320614
6797.00000 0.0329278
6798.00000 0.0337939
6799.00000 0.0346832
6800.00000 0.0355722
6801.00000 0.0364705
6802.00000 0.0373689
6803.00000 0.0382674
6804.00000 0.0391661
6805.00000 0.0400413
6806.00000 0.0409081
6807.00000 0.0417983
6808.00000 0.0426882
6809.00000 0.0435779
6810.00000 0.0444674
6811.00000 0.0462482
6812.00000 0.0480283
6813.00000 0.0497842
6814.00000 0.0515394
6815.00000 0.0533174
6816.00000 0.0550947
6817.00000 0.0568478
6818.00000 0.0586002
6819.00000 0.0603754
6820.00000 0.0621499
6821.00000 0.0639049
6822.00000 0.0656595
6823.00000 0.0674372
6824.00000 0.0692144
6825.00000 0.0709676
6826.00000 0.0727357
6827.00000 0.0745276
6828.00000 0.0763198
6829.00000 0.0780888
6830.00000 0.0798581
6831.00000 0.0816334
6832.00000 0.0834083
6833.00000 0.0851592
6834.00000 0.0869096
6835.00000 0.088683
6836.00000 0.090456
6837.00000 0.0922052
6838.00000 0.093954
6839.00000 0.0957258
6840.00000 0.0974971
6841.00000 0.0992356
6842.00000 0.100973
6843.00000 0.102734
6844.00000 0.104493
6845.00000 0.106228
6846.00000 0.107962
6847.00000 0.109718
6848.00000 0.111473
6849.00000 0.113204
6850.00000 0.114934
6851.00000 0.116699
6852.00000 0.118463
6853.00000 0.120203
6854.00000 0.121942
6855.00000 0.123704
6856.00000 0.125334
6857.00000 0.126936
6858.00000 0.128533
6859.00000 0.13015
6860.00000 0.131762
6861.00000 0.132222
6862.00000 0.132647
6863.00000 0.133016
6864.00000 0.133351
6865.00000 0.133674
6866.00000 0.131922
6867.00000 0.130065
6868.00000 0.128124
6869.00000 0.12612
6870.00000 0.124031
6871.00000 0.123748
6872.00000 0.123425
6873.00000 0.123082
6874.00000 0.122698
6875.00000 0.122256
6876.00000 0.125681
6877.00000 0.129169
6878.00000 0.132702
6879.00000 0.136262
6880.00000 0.139867
6881.00000 0.143149
6882.00000 0.146469
6883.00000 0.149806
6884.00000 0.15318
6885.00000 0.156612
6886.00000 0.157653
6887.00000 0.158663
6888.00000 0.159662
6889.00000 0.16067
6890.00000 0.161669
6891.00000 0.16318
6892.00000 0.164691
6893.00000 0.166223
6894.00000 0.167754
6895.00000 0.169265
6896.00000 0.171556
6897.00000 0.173881
6898.00000 0.17622
6899.00000 0.178552
6900.00000 0.180899
6901.00000 0.183142
6902.00000 0.185396
6903.00000 0.187642
6904.00000 0.189899
6905.00000 0.192189
6906.00000 0.19458
6907.00000 0.196963
6908.00000 0.199359
6909.00000 0.201789
6910.00000 0.204233
6911.00000 0.206468
6912.00000 0.208712
6913.00000 0.210944
6914.00000 0.213185
6915.00000 0.215457
6916.00000 0.217689
6917.00000 0.219908
6918.00000 0.222136
6919.00000 0.224394
6920.00000 0.226661
6921.00000 0.22884
6922.00000 0.231027
6923.00000 0.233243
6924.00000 0.235466
6925.00000 0.237675
6926.00000 0.239787
6927.00000 0.241927
6928.00000 0.244073
6929.00000 0.246203
6930.00000 0.248338
6931.00000 0.250216
6932.00000 0.252097
6933.00000 0.253957
6934.00000 0.255819
6935.00000 0.257706
6936.00000 0.259428
6937.00000 0.261128
6938.00000 0.262828
6939.00000 0.26455
6940.00000 0.266272
6941.00000 0.268041
6942.00000 0.26981
6943.00000 0.271603
6944.00000 0.273397
6945.00000 0.275169
6946.00000 0.277119
6947.00000 0.279095
6948.00000 0.281075
6949.00000 0.283034
6950.00000 0.284996
6951.00000 0.286843
6952.00000 0.28869
6953.00000 0.290516
6954.00000 0.292344
6955.00000 0.294195
6956.00000 0.295922
6957.00000 0.297626
6958.00000 0.29933
6959.00000 0.301056
6960.00000 0.302782
6961.00000 0.304874
6962.00000 0.30697
6963.00000 0.309046
6964.00000 0.311127
6965.00000 0.313234
6966.00000 0.315411
6967.00000 0.317571
6968.00000 0.319734
6969.00000 0.321926
6970.00000 0.324122
6971.00000 0.325918
6972.00000 0.327715
6973.00000 0.329535
6974.00000 0.331356
6975.00000 0.333155
6976.00000 0.334814
6977.00000 0.336495
6978.00000 0.338175
6979.00000 0.339831
6980.00000 0.341487
6981.00000 0.343034
6982.00000 0.34458
6983.00000 0.3461
6984.00000 0.347618
6985.00000 0.349156
6986.00000 0.350545
6987.00000 0.351908
6988.00000 0.353266
6989.00000 0.354644
6990.00000 0.356018
6991.00000 0.357719
6992.00000 0.35942
6993.00000 0.361144
6994.00000 0.362867
6995.00000 0.364567
6996.00000 0.366422
6997.00000 0.368301
6998.00000 0.370181
6999.00000 0.372039
7000.00000 0.373899
7001.00000 0.375678
7002.00000 0.377458
7003.00000 0.379214
7004.00000 0.380971
7005.00000 0.382751
7006.00000 0.384532
7007.00000 0.386289
7008.00000 0.388047
7009.00000 0.389828
7010.00000 0.39161
7011.00000 0.393337
7012.00000 0.395063
7013.00000 0.396766
7014.00000 0.398469
7015.00000 0.400194
7016.00000 0.402005
7017.00000 0.403585
7018.00000 0.405166
7019.00000 0.406078
7020.00000 0.406991
7021.00000 0.407859
7022.00000 0.408726
7023.00000 0.409593
7024.00000 0.410461
7025.00000 0.411328
7026.00000 0.412369
7027.00000 0.413388
7028.00000 0.414407
7029.00000 0.41545
7030.00000 0.416494
7031.00000 0.417761
7032.00000 0.41903
7033.00000 0.4203
7034.00000 0.421572
7035.00000 0.422823
7036.00000 0.42372
7037.00000 0.424641
7038.00000 0.425562
7039.00000 0.426483
7040.00000 0.427404
7041.00000 0.428257
7042.00000 0.429109
7043.00000 0.429961
7044.00000 0.430813
7045.00000 0.431641
7046.00000 0.432469
7047.00000 0.433321
7048.00000 0.434172
7049.00000 0.435023
7050.00000 0.435874
7051.00000 0.43679
7052.00000 0.437707
7053.00000 0.43795
7054.00000 0.438193
7055.00000 0.438227
7056.00000 0.438354
7057.00000 0.43848
7058.00000 0.438606
7059.00000 0.438732
7060.00000 0.438858
7061.00000 0.438926
7062.00000 0.438993
7063.00000 0.43906
7064.00000 0.439127
7065.00000 0.439194
7066.00000 0.439261
7067.00000 0.439329
7068.00000 0.439396
7069.00000 0.439463
7070.00000 0.43953
7071.00000 0.439553
7072.00000 0.439577
7073.00000 0.4396
7074.00000 0.439624
7075.00000 0.439647
7076.00000 0.43967
7077.00000 0.439694
7078.00000 0.439717
7079.00000 0.439741
7080.00000 0.439764
7081.00000 0.439844
7082.00000 0.439924
7083.00000 0.440004
7084.00000 0.440084
7085.00000 0.440164
7086.00000 0.440244
7087.00000 0.440324
7088.00000 0.440403
7089.00000 0.440483
7090.00000 0.440563
7091.00000 0.440604
7092.00000 0.440645
7093.00000 0.440686
7094.00000 0.440727
7095.00000 0.440768
7096.00000 0.440809
7097.00000 0.44085
7098.00000 0.440891
7099.00000 0.440932
7100.00000 0.440972
7101.00000 0.440999
7102.00000 0.441026
7103.00000 0.441053
7104.00000 0.44108
7105.00000 0.441106
7106.00000 0.441133
7107.00000 0.44116
7108.00000 0.441187
7109.00000 0.441213
7110.00000 0.44124
7111.00000 0.441345
7112.00000 0.441449
7113.00000 0.441553
7114.00000 0.441658
7115.00000 0.441762
7116.00000 0.441867
7117.00000 0.441971
7118.00000 0.442076
7119.00000 0.44218
7120.00000 0.442284
7121.00000 0.442195
7122.00000 0.442106
7123.00000 0.442016
7124.00000 0.441927
7125.00000 0.441837
7126.00000 0.44184
7127.00000 0.441843
7128.00000 0.441845
7129.00000 0.441848
7130.00000 0.44185
7131.00000 0.441845
7132.00000 0.441841
7133.00000 0.441836
7134.00000 0.441831
7135.00000 0.441826
7136.00000 0.441822
7137.00000 0.441818
7138.00000 0.441815
7139.00000 0.441811
7140.00000 0.441807
7141.00000 0.441751
7142.00000 0.441695
7143.00000 0.441639
7144.00000 0.441581
7145.00000 0.441523
7146.00000 0.441464
7147.00000 0.441405
7148.00000 0.441344
7149.00000 0.441282
7150.00000 0.44122
7151.00000 0.441156
7152.00000 0.441091
7153.00000 0.441026
7154.00000 0.440959
7155.00000 0.440892
7156.00000 0.440732
7157.00000 0.44057
7158.00000 0.440409
7159.00000 0.440247
7160.00000 0.440084
7161.00000 0.439229
7162.00000 0.438374
7163.00000 0.437519
7164.00000 0.436664
7165.00000 0.435809
7166.00000 0.433943
7167.00000 0.432078
7168.00000 0.430212
7169.00000 0.428346
7170.00000 0.426481
7171.00000 0.424768
7172.00000 0.423055
7173.00000 0.421341
7174.00000 0.419627
7175.00000 0.417913
7176.00000 0.417211
7177.00000 0.416509
7178.00000 0.415807
7179.00000 0.415104
7180.00000 0.414402
7181.00000 0.413077
7182.00000 0.411752
7183.00000 0.410427
7184.00000 0.409103
7185.00000 0.407779
7186.00000 0.406915
7187.00000 0.406052
7188.00000 0.405189
7189.00000 0.404326
7190.00000 0.403463
7191.00000 0.403566
7192.00000 0.403669
7193.00000 0.403771
7194.00000 0.403874
7195.00000 0.403976
7196.00000 0.404262
7197.00000 0.404548
7198.00000 0.404833
7199.00000 0.405118
7200.00000 0.405403
7201.00000 0.406352
7202.00000 0.407301
7203.00000 0.408249
7204.00000 0.409198
7205.00000 0.410147
7206.00000 0.412477
7207.00000 0.414807
7208.00000 0.417138
7209.00000 0.419469
7210.00000 0.421801
7211.00000 0.423998
7212.00000 0.426194
7213.00000 0.428391
7214.00000 0.430588
7215.00000 0.432785
7216.00000 0.43351
7217.00000 0.434235
7218.00000 0.43496
7219.00000 0.435685
7220.00000 0.43641
7221.00000 0.436254
7222.00000 0.436097
7223.00000 0.43594
7224.00000 0.435783
7225.00000 0.435626
7226.00000 0.434178
7227.00000 0.43273
7228.00000 0.431281
7229.00000 0.429832
7230.00000 0.428382
7231.00000 0.426122
7232.00000 0.423862
7233.00000 0.421603
7234.00000 0.419344
7235.00000 0.417086
7236.00000 0.41676
7237.00000 0.416435
7238.00000 0.41611
7239.00000 0.415784
7240.00000 0.415459
7241.00000 0.41567
7242.00000 0.415881
7243.00000 0.416094
7244.00000 0.416307
7245.00000 0.416521
7246.00000 0.41692
7247.00000 0.417321
7248.00000 0.417723
7249.00000 0.418126
7250.00000 0.41853
7251.00000 0.418889
7252.00000 0.419249
7253.00000 0.41961
7254.00000 0.419972
7255.00000 0.420334
7256.00000 0.421065
7257.00000 0.421797
7258.00000 0.42253
7259.00000 0.423263
7260.00000 0.423997
7261.00000 0.424045
7262.00000 0.424094
7263.00000 0.424143
7264.00000 0.424191
7265.00000 0.42424
7266.00000 0.424195
7267.00000 0.424151
7268.00000 0.424106
7269.00000 0.424062
7270.00000 0.424017
7271.00000 0.423229
7272.00000 0.42244
7273.00000 0.421651
7274.00000 0.420862
7275.00000 0.420073
7276.00000 0.420021
7277.00000 0.41997
7278.00000 0.419918
7279.00000 0.419867
7280.00000 0.419815
7281.00000 0.421282
7282.00000 0.422749
7283.00000 0.424217
7284.00000 0.425683
7285.00000 0.42715
7286.00000 0.426956
7287.00000 0.426762
7288.00000 0.426567
7289.00000 0.426372
7290.00000 0.426178
7291.00000 0.42652
7292.00000 0.426862
7293.00000 0.427206
7294.00000 0.427549
7295.00000 0.427894
7296.00000 0.428609
7297.00000 0.429325
7298.00000 0.430041
7299.00000 0.430759
7300.00000 0.431478
7301.00000 0.431168
7302.00000 0.430858
7303.00000 0.43055
7304.00000 0.430243
7305.00000 0.429937
7306.00000 0.429909
7307.00000 0.429882
7308.00000 0.429857
7309.00000 0.429832
7310.00000 0.429808
7311.00000 0.430146
7312.00000 0.430485
7313.00000 0.430823
7314.00000 0.431162
7315.00000 0.431501
7316.00000 0.432209
7317.00000 0.432917
7318.00000 0.433625
7319.00000 0.434333
7320.00000 0.435041
7321.00000 0.436073
7322.00000 0.437105
7323.00000 0.438137
7324.00000 0.439168
7325.00000 0.440199
7326.00000 0.440674
7327.00000 0.441149
7328.00000 0.441624
7329.00000 0.442098
7330.00000 0.442573
7331.00000 0.442582
7332.00000 0.442591
7333.00000 0.4426
7334.00000 0.44261
7335.00000 0.44262
7336.00000 0.442908
7337.00000 0.443198
7338.00000 0.443488
7339.00000 0.443778
7340.00000 0.444068
7341.00000 0.444219
7342.00000 0.444369
7343.00000 0.444519
7344.00000 0.444669
7345.00000 0.444817
7346.00000 0.44478
7347.00000 0.444742
7348.00000 0.444703
7349.00000 0.444663
7350.00000 0.444621
7351.00000 0.444714
7352.00000 0.444805
7353.00000 0.444895
7354.00000 0.444983
7355.00000 0.44507
7356.00000 0.444971
7357.00000 0.444871
7358.00000 0.44477
7359.00000 0.444668
7360.00000 0.444565
7361.00000 0.444515
7362.00000 0.444464
7363.00000 0.444413
7364.00000 0.444362
7365.00000 0.444312
7366.00000 0.444447
7367.00000 0.444583
7368.00000 0.444719
7369.00000 0.444855
7370.00000 0.44499
7371.00000 0.445266
7372.00000 0.445541
7373.00000 0.445816
7374.00000 0.446092
7375.00000 0.446367
7376.00000 0.44655
7377.00000 0.446732
7378.00000 0.446915
7379.00000 0.447097
7380.00000 0.44728
7381.00000 0.447282
7382.00000 0.447284
7383.00000 0.447286
7384.00000 0.447289
7385.00000 0.447291
7386.00000 0.447386
7387.00000 0.44748
7388.00000 0.447575
7389.00000 0.44767
7390.00000 0.447765
7391.00000 0.447805
7392.00000 0.447845
7393.00000 0.447885
7394.00000 0.447924
7395.00000 0.447964
7396.00000 0.448097
7397.00000 0.448229
7398.00000 0.448362
7399.00000 0.448495
7400.00000 0.448627
7401.00000 0.448723
7402.00000 0.448818
7403.00000 0.448914
7404.00000 0.449009
7405.00000 0.449104
7406.00000 0.4492
7407.00000 0.449295
7408.00000 0.449391
7409.00000 0.449486
7410.00000 0.449581
7411.00000 0.449574
7412.00000 0.449566
7413.00000 0.449558
7414.00000 0.44955
7415.00000 0.449543
7416.00000 0.449628
7417.00000 0.449713
7418.00000 0.449798
7419.00000 0.449883
7420.00000 0.449968
7421.00000 0.449945
7422.00000 0.449922
7423.00000 0.4499
7424.00000 0.449877
7425.00000 0.449854
7426.00000 0.449831
7427.00000 0.449808
7428.00000 0.449785
7429.00000 0.449763
7430.00000 0.44974
7431.00000 0.449883
7432.00000 0.450025
7433.00000 0.450168
7434.00000 0.450311
7435.00000 0.450454
7436.00000 0.450505
7437.00000 0.450555
7438.00000 0.450605
7439.00000 0.450655
7440.00000 0.450705
7441.00000 0.450701
7442.00000 0.450696
7443.00000 0.450691
7444.00000 0.450687
7445.00000 0.450682
7446.00000 0.450677
7447.00000 0.450673
7448.00000 0.450668
7449.00000 0.450663
7450.00000 0.450659
7451.00000 0.450653
7452.00000 0.450646
7453.00000 0.45064
7454.00000 0.450634
7455.00000 0.450628
7456.00000 0.450622
7457.00000 0.450616
7458.00000 0.45061
7459.00000 0.450604
7460.00000 0.450598
7461.00000 0.450577
7462.00000 0.450556
7463.00000 0.450535
7464.00000 0.450514
7465.00000 0.450493
7466.00000 0.450472
7467.00000 0.450451
7468.00000 0.45043
7469.00000 0.450409
7470.00000 0.450388
7471.00000 0.450495
7472.00000 0.450602
7473.00000 0.450708
7474.00000 0.450815
7475.00000 0.450921
7476.00000 0.450935
7477.00000 0.450949
7478.00000 0.450963
7479.00000 0.450977
7480.00000 0.45099
7481.00000 0.451006
7482.00000 0.451021
7483.00000 0.451036
7484.00000 0.451051
7485.00000 0.451066
7486.00000 0.451082
7487.00000 0.451097
7488.00000 0.451112
7489.00000 0.451127
7490.00000 0.451142
7491.00000 0.451149
7492.00000 0.451156
7493.00000 0.451163
7494.00000 0.45117
7495.00000 0.451177
7496.00000 0.451184
7497.00000 0.451191
7498.00000 0.451197
7499.00000 0.451204
7500.00000 0.451211
7501.00000 0.4512
7502.00000 0.451188
7503.00000 0.451177
7504.00000 0.451165
7505.00000 0.451154
7506.00000 0.451235
7507.00000 0.451316
7508.00000 0.451398
7509.00000 0.451479
7510.00000 0.45156
7511.00000 0.451557
7512.00000 0.451553
7513.00000 0.45155
7514.00000 0.451546
7515.00000 0.451543
7516.00000 0.451539
7517.00000 0.451536
7518.00000 0.451532
7519.00000 0.451529
7520.00000 0.451525
7521.00000 0.451516
7522.00000 0.451506
7523.00000 0.451497
7524.00000 0.451487
7525.00000 0.451478
7526.00000 0.451468
7527.00000 0.451459
7528.00000 0.451449
7529.00000 0.45144
7530.00000 0.45143
7531.00000 0.451497
7532.00000 0.451565
7533.00000 0.451632
7534.00000 0.451699
7535.00000 0.451766
7536.00000 0.45174
7537.00000 0.451714
7538.00000 0.451687
7539.00000 0.45166
7540.00000 0.451634
7541.00000 0.451604
7542.00000 0.451574
7543.00000 0.451545
7544.00000 0.451517
7545.00000 0.451489
7546.00000 0.451462
7547.00000 0.451436
7548.00000 0.451411
7549.00000 0.451387
7550.00000 0.451364
7551.00000 0.451331
7552.00000 0.4513
7553.00000 0.451269
7554.00000 0.451239
7555.00000 0.451211
7556.00000 0.451183
7557.00000 0.451156
7558.00000 0.451129
7559.00000 0.451103
