threeML/data/optical_filters/LSST/LSST-u.ecsv
# %ECSV 0.9
# ---
# datatype:
# - {name: wavelength, unit: Angstrom, datatype: float32}
# - {name: response, datatype: float32}
# meta: !!omap
# - {band_name: u}
# - {group_name: LSST}
wavelength response
3054.00000 0.0
3055.00000 1.0044e-06
3056.00000 2.0275e-06
3057.00000 4.1478e-06
3058.00000 6.3029e-06
3059.00000 8.4328e-06
3060.00000 1.05919e-05
3061.00000 1.28116e-05
3062.00000 1.50662e-05
3063.00000 1.74127e-05
3064.00000 1.97896e-05
3065.00000 2.21332e-05
3066.00000 2.48131e-05
3067.00000 2.76261e-05
3068.00000 3.05068e-05
3069.00000 3.33849e-05
3070.00000 3.63189e-05
3071.00000 3.94018e-05
3072.00000 4.2542e-05
3073.00000 4.58044e-05
3074.00000 4.91162e-05
3075.00000 5.24002e-05
3076.00000 5.51885e-05
3077.00000 5.80447e-05
3078.00000 6.08934e-05
3079.00000 6.36585e-05
3080.00000 6.64091e-05
3081.00000 6.90091e-05
3082.00000 7.15813e-05
3083.00000 7.41955e-05
3084.00000 7.67758e-05
3085.00000 7.92466e-05
3086.00000 8.20918e-05
3087.00000 8.49816e-05
3088.00000 8.78392e-05
3089.00000 9.05871e-05
3090.00000 9.3294e-05
3091.00000 9.6728e-05
3092.00000 0.000100133
3093.00000 0.000103577
3094.00000 0.000106981
3095.00000 0.000110262
3096.00000 0.000113176
3097.00000 0.000116101
3098.00000 0.000118956
3099.00000 0.000121659
3100.00000 0.000124282
3101.00000 0.000126406
3102.00000 0.000128451
3103.00000 0.000130487
3104.00000 0.000132436
3105.00000 0.000135548
3106.00000 0.00013838
3107.00000 0.000142469
3108.00000 0.000146407
3109.00000 0.000150187
3110.00000 0.000153805
3111.00000 0.000158315
3112.00000 0.00016272
3113.00000 0.000167014
3114.00000 0.000171191
3115.00000 0.000175175
3116.00000 0.000180004
3117.00000 0.000184785
3118.00000 0.00018944
3119.00000 0.000193961
3120.00000 0.000198338
3121.00000 0.000203244
3122.00000 0.00020803
3123.00000 0.000212687
3124.00000 0.000217207
3125.00000 0.000221512
3126.00000 0.000224202
3127.00000 0.000226786
3128.00000 0.000229192
3129.00000 0.000231415
3130.00000 0.000233449
3131.00000 0.000236952
3132.00000 0.00024039
3133.00000 0.000243761
3134.00000 0.000247065
3135.00000 0.000250237
3136.00000 0.000255129
3137.00000 0.000260045
3138.00000 0.000264918
3139.00000 0.000269745
3140.00000 0.000274523
3141.00000 0.000283514
3142.00000 0.000292647
3143.00000 0.00030192
3144.00000 0.000311335
3145.00000 0.000320821
3146.00000 0.000328165
3147.00000 0.000335647
3148.00000 0.000343199
3149.00000 0.000350821
3150.00000 0.000358512
3151.00000 0.000369398
3152.00000 0.000380473
3153.00000 0.000391738
3154.00000 0.000403193
3155.00000 0.000414764
3156.00000 0.000428733
3157.00000 0.000443086
3158.00000 0.000457752
3159.00000 0.000472735
3160.00000 0.000488038
3161.00000 0.000515612
3162.00000 0.000544123
3163.00000 0.000573586
3164.00000 0.000604018
3165.00000 0.000635334
3166.00000 0.000663646
3167.00000 0.000692771
3168.00000 0.000722615
3169.00000 0.000753187
3170.00000 0.000784493
3171.00000 0.000820613
3172.00000 0.000857442
3173.00000 0.000894984
3174.00000 0.000933243
3175.00000 0.000972081
3176.00000 0.0010169
3177.00000 0.001063
3178.00000 0.00111024
3179.00000 0.00115864
3180.00000 0.00120822
3181.00000 0.00127856
3182.00000 0.00135116
3183.00000 0.00142606
3184.00000 0.0015033
3185.00000 0.00158269
3186.00000 0.00165858
3187.00000 0.00173666
3188.00000 0.00181673
3189.00000 0.00189883
3190.00000 0.00198299
3191.00000 0.00206439
3192.00000 0.00214693
3193.00000 0.00223058
3194.00000 0.00231536
3195.00000 0.00240097
3196.00000 0.002492
3197.00000 0.00258475
3198.00000 0.00267895
3199.00000 0.0027746
3200.00000 0.00287172
3201.00000 0.00300945
3202.00000 0.00315081
3203.00000 0.00329585
3204.00000 0.00344463
3205.00000 0.00359678
3206.00000 0.00375887
3207.00000 0.00392563
3208.00000 0.00409674
3209.00000 0.00427224
3210.00000 0.00445219
3211.00000 0.00461926
3212.00000 0.00478937
3213.00000 0.00496253
3214.00000 0.00513877
3215.00000 0.00531757
3216.00000 0.00546281
3217.00000 0.0056095
3218.00000 0.00575709
3219.00000 0.00590556
3220.00000 0.0060549
3221.00000 0.00622906
3222.00000 0.00640502
3223.00000 0.00658278
3224.00000 0.00676233
3225.00000 0.00694303
3226.00000 0.00718556
3227.00000 0.00743379
3228.00000 0.00768711
3229.00000 0.00794558
3230.00000 0.00820925
3231.00000 0.00852571
3232.00000 0.00884976
3233.00000 0.00918151
3234.00000 0.00952104
3235.00000 0.00986758
3236.00000 0.0101588
3237.00000 0.0104559
3238.00000 0.010758
3239.00000 0.0110651
3240.00000 0.0113772
3241.00000 0.0116279
3242.00000 0.0118803
3243.00000 0.0121343
3244.00000 0.01239
3245.00000 0.0126463
3246.00000 0.012898
3247.00000 0.0131521
3248.00000 0.0134075
3249.00000 0.0136641
3250.00000 0.013922
3251.00000 0.0142779
3252.00000 0.0146388
3253.00000 0.0150048
3254.00000 0.015376
3255.00000 0.015751
3256.00000 0.0162
3257.00000 0.0166583
3258.00000 0.0171248
3259.00000 0.0175995
3260.00000 0.0180825
3261.00000 0.0185633
3262.00000 0.0190521
3263.00000 0.019549
3264.00000 0.020054
3265.00000 0.0205658
3266.00000 0.0209833
3267.00000 0.0214068
3268.00000 0.0218347
3269.00000 0.022267
3270.00000 0.0227039
3271.00000 0.0230801
3272.00000 0.0234582
3273.00000 0.0238383
3274.00000 0.0242202
3275.00000 0.0246023
3276.00000 0.0250086
3277.00000 0.0254193
3278.00000 0.0258327
3279.00000 0.0262486
3280.00000 0.0266672
3281.00000 0.0272451
3282.00000 0.027831
3283.00000 0.0284249
3284.00000 0.029027
3285.00000 0.0296352
3286.00000 0.0303178
3287.00000 0.0310128
3288.00000 0.0317184
3289.00000 0.0324345
3290.00000 0.0331614
3291.00000 0.0337878
3292.00000 0.0344218
3293.00000 0.0350634
3294.00000 0.0357127
3295.00000 0.0363674
3296.00000 0.036906
3297.00000 0.0374512
3298.00000 0.0380006
3299.00000 0.0385542
3300.00000 0.0391121
3301.00000 0.0395848
3302.00000 0.0400598
3303.00000 0.0405369
3304.00000 0.0410163
3305.00000 0.0414952
3306.00000 0.0420296
3307.00000 0.0425701
3308.00000 0.0431142
3309.00000 0.0436618
3310.00000 0.0442129
3311.00000 0.0448769
3312.00000 0.0455475
3313.00000 0.0461484
3314.00000 0.0467543
3315.00000 0.047343
3316.00000 0.0480364
3317.00000 0.0487336
3318.00000 0.0494374
3319.00000 0.0501478
3320.00000 0.050865
3321.00000 0.0514755
3322.00000 0.0520908
3323.00000 0.0527078
3324.00000 0.0533297
3325.00000 0.0539594
3326.00000 0.0544843
3327.00000 0.0550089
3328.00000 0.0555365
3329.00000 0.056067
3330.00000 0.0566004
3331.00000 0.0570032
3332.00000 0.0574069
3333.00000 0.0578082
3334.00000 0.0582105
3335.00000 0.0586169
3336.00000 0.0590956
3337.00000 0.0595727
3338.00000 0.0600518
3339.00000 0.0605329
3340.00000 0.0610162
3341.00000 0.0616489
3342.00000 0.0622865
3343.00000 0.0629255
3344.00000 0.0635694
3345.00000 0.0642219
3346.00000 0.0649054
3347.00000 0.0655584
3348.00000 0.0662166
3349.00000 0.0667809
3350.00000 0.0673487
3351.00000 0.0678263
3352.00000 0.0683067
3353.00000 0.0687898
3354.00000 0.0692755
3355.00000 0.069764
3356.00000 0.0701733
3357.00000 0.0705843
3358.00000 0.0709971
3359.00000 0.0714115
3360.00000 0.0718275
3361.00000 0.0721433
3362.00000 0.0724596
3363.00000 0.0727764
3364.00000 0.0730934
3365.00000 0.0734105
3366.00000 0.0737276
3367.00000 0.0740451
3368.00000 0.0743631
3369.00000 0.0746814
3370.00000 0.0750002
3371.00000 0.0753228
3372.00000 0.0756461
3373.00000 0.0759702
3374.00000 0.0762949
3375.00000 0.0766204
3376.00000 0.0770957
3377.00000 0.0775728
3378.00000 0.0780518
3379.00000 0.0785327
3380.00000 0.0790154
3381.00000 0.0794587
3382.00000 0.0799035
3383.00000 0.0803498
3384.00000 0.0807976
3385.00000 0.0812469
3386.00000 0.0816052
3387.00000 0.0819645
3388.00000 0.0823248
3389.00000 0.082686
3390.00000 0.0830481
3391.00000 0.0833552
3392.00000 0.0836628
3393.00000 0.0839708
3394.00000 0.0842792
3395.00000 0.0845879
3396.00000 0.0848332
3397.00000 0.0850784
3398.00000 0.0853234
3399.00000 0.0855684
3400.00000 0.0858133
3401.00000 0.0860393
3402.00000 0.0862653
3403.00000 0.0864912
3404.00000 0.0867172
3405.00000 0.0869431
3406.00000 0.0872341
3407.00000 0.0875254
3408.00000 0.0878171
3409.00000 0.0881092
3410.00000 0.0884016
3411.00000 0.0886481
3412.00000 0.0888948
3413.00000 0.0891419
3414.00000 0.0893893
3415.00000 0.0896372
3416.00000 0.0898857
3417.00000 0.0901345
3418.00000 0.0903836
3419.00000 0.090633
3420.00000 0.0908827
3421.00000 0.091075
3422.00000 0.0912671
3423.00000 0.0914592
3424.00000 0.0916511
3425.00000 0.0918428
3426.00000 0.0919672
3427.00000 0.0920911
3428.00000 0.0922147
3429.00000 0.0923381
3430.00000 0.0924611
3431.00000 0.0925413
3432.00000 0.0926211
3433.00000 0.0927007
3434.00000 0.09278
3435.00000 0.092859
3436.00000 0.0929381
3437.00000 0.0930171
3438.00000 0.093096
3439.00000 0.0931747
3440.00000 0.0932532
3441.00000 0.0933682
3442.00000 0.0934828
3443.00000 0.093597
3444.00000 0.0937109
3445.00000 0.0938242
3446.00000 0.094005
3447.00000 0.0941852
3448.00000 0.0943647
3449.00000 0.0945437
3450.00000 0.094722
3451.00000 0.0948561
3452.00000 0.0949894
3453.00000 0.0951221
3454.00000 0.095254
3455.00000 0.0953853
3456.00000 0.0954818
3457.00000 0.0955778
3458.00000 0.0956732
3459.00000 0.0957682
3460.00000 0.0958628
3461.00000 0.0959487
3462.00000 0.0960343
3463.00000 0.0961197
3464.00000 0.096205
3465.00000 0.0962903
3466.00000 0.0963757
3467.00000 0.0964607
3468.00000 0.0965455
3469.00000 0.0966301
3470.00000 0.0967144
3471.00000 0.0967992
3472.00000 0.0968837
3473.00000 0.096968
3474.00000 0.0970521
3475.00000 0.0971358
3476.00000 0.0972194
3477.00000 0.0973027
3478.00000 0.0973857
3479.00000 0.0974686
3480.00000 0.0975513
3481.00000 0.0976466
3482.00000 0.0977417
3483.00000 0.0978368
3484.00000 0.0979318
3485.00000 0.0980267
3486.00000 0.0981563
3487.00000 0.098286
3488.00000 0.0984159
3489.00000 0.0985456
3490.00000 0.0986751
3491.00000 0.0987825
3492.00000 0.0988895
3493.00000 0.098996
3494.00000 0.0991019
3495.00000 0.0992071
3496.00000 0.0993115
3497.00000 0.099415
3498.00000 0.0995177
3499.00000 0.0996195
3500.00000 0.0997205
3501.00000 0.0997662
3502.00000 0.099811
3503.00000 0.0998549
3504.00000 0.0998979
3505.00000 0.0999401
3506.00000 0.100016
3507.00000 0.100091
3508.00000 0.100166
3509.00000 0.10024
3510.00000 0.100314
3511.00000 0.100359
3512.00000 0.100405
3513.00000 0.10045
3514.00000 0.100495
3515.00000 0.100541
3516.00000 0.100621
3517.00000 0.100701
3518.00000 0.100782
3519.00000 0.100862
3520.00000 0.100941
3521.00000 0.10107
3522.00000 0.101198
3523.00000 0.101326
3524.00000 0.101454
3525.00000 0.101582
3526.00000 0.101676
3527.00000 0.101769
3528.00000 0.101862
3529.00000 0.101955
3530.00000 0.102048
3531.00000 0.102121
3532.00000 0.102193
3533.00000 0.102266
3534.00000 0.102339
3535.00000 0.102411
3536.00000 0.102449
3537.00000 0.102487
3538.00000 0.102525
3539.00000 0.102562
3540.00000 0.1026
3541.00000 0.102685
3542.00000 0.10277
3543.00000 0.102855
3544.00000 0.102941
3545.00000 0.103026
3546.00000 0.103111
3547.00000 0.103197
3548.00000 0.103282
3549.00000 0.103368
3550.00000 0.103454
3551.00000 0.103525
3552.00000 0.103597
3553.00000 0.103669
3554.00000 0.103741
3555.00000 0.103813
3556.00000 0.103886
3557.00000 0.103958
3558.00000 0.104031
3559.00000 0.104103
3560.00000 0.104175
3561.00000 0.104211
3562.00000 0.104246
3563.00000 0.104282
3564.00000 0.104317
3565.00000 0.104352
3566.00000 0.104421
3567.00000 0.10449
3568.00000 0.10456
3569.00000 0.104629
3570.00000 0.104698
3571.00000 0.104791
3572.00000 0.104885
3573.00000 0.104979
3574.00000 0.105072
3575.00000 0.105166
3576.00000 0.105259
3577.00000 0.105352
3578.00000 0.105446
3579.00000 0.105539
3580.00000 0.105632
3581.00000 0.105704
3582.00000 0.105775
3583.00000 0.105846
3584.00000 0.105917
3585.00000 0.105988
3586.00000 0.106024
3587.00000 0.106059
3588.00000 0.106095
3589.00000 0.10613
3590.00000 0.106166
3591.00000 0.106255
3592.00000 0.106344
3593.00000 0.106433
3594.00000 0.106523
3595.00000 0.106612
3596.00000 0.106702
3597.00000 0.106792
3598.00000 0.106882
3599.00000 0.106972
3600.00000 0.107062
3601.00000 0.107108
3602.00000 0.107155
3603.00000 0.107201
3604.00000 0.107248
3605.00000 0.107295
3606.00000 0.107376
3607.00000 0.107458
3608.00000 0.10754
3609.00000 0.107622
3610.00000 0.107705
3611.00000 0.107821
3612.00000 0.107938
3613.00000 0.108055
3614.00000 0.108172
3615.00000 0.108288
3616.00000 0.108405
3617.00000 0.108522
3618.00000 0.108639
3619.00000 0.108757
3620.00000 0.108874
3621.00000 0.10895
3622.00000 0.109026
3623.00000 0.109102
3624.00000 0.109178
3625.00000 0.109254
3626.00000 0.109365
3627.00000 0.109476
3628.00000 0.109588
3629.00000 0.109699
3630.00000 0.10981
3631.00000 0.109921
3632.00000 0.110033
3633.00000 0.110145
3634.00000 0.110257
3635.00000 0.110368
3636.00000 0.110445
3637.00000 0.110521
3638.00000 0.110598
3639.00000 0.110674
3640.00000 0.110751
3641.00000 0.11086
3642.00000 0.110969
3643.00000 0.111078
3644.00000 0.111187
3645.00000 0.111297
3646.00000 0.111406
3647.00000 0.111515
3648.00000 0.111625
3649.00000 0.111734
3650.00000 0.111843
3651.00000 0.111941
3652.00000 0.112039
3653.00000 0.112137
3654.00000 0.112235
3655.00000 0.112333
3656.00000 0.112466
3657.00000 0.112599
3658.00000 0.112732
3659.00000 0.112865
3660.00000 0.112999
3661.00000 0.113129
3662.00000 0.11326
3663.00000 0.113391
3664.00000 0.113522
3665.00000 0.113653
3666.00000 0.113748
3667.00000 0.113844
3668.00000 0.11394
3669.00000 0.114036
3670.00000 0.114132
3671.00000 0.114266
3672.00000 0.1144
3673.00000 0.114534
3674.00000 0.114668
3675.00000 0.114802
3676.00000 0.114937
3677.00000 0.115071
3678.00000 0.115206
3679.00000 0.11534
3680.00000 0.115475
3681.00000 0.115602
3682.00000 0.115729
3683.00000 0.115856
3684.00000 0.115983
3685.00000 0.11611
3686.00000 0.116274
3687.00000 0.116438
3688.00000 0.116602
3689.00000 0.116766
3690.00000 0.11693
3691.00000 0.117054
3692.00000 0.117179
3693.00000 0.117304
3694.00000 0.117428
3695.00000 0.117552
3696.00000 0.117712
3697.00000 0.117872
3698.00000 0.118031
3699.00000 0.11819
3700.00000 0.118349
3701.00000 0.118533
3702.00000 0.118717
3703.00000 0.118901
3704.00000 0.119084
3705.00000 0.119267
3706.00000 0.119412
3707.00000 0.119558
3708.00000 0.119704
3709.00000 0.119849
3710.00000 0.119994
3711.00000 0.120174
3712.00000 0.120353
3713.00000 0.120533
3714.00000 0.120713
3715.00000 0.120893
3716.00000 0.121037
3717.00000 0.121181
3718.00000 0.121324
3719.00000 0.121468
3720.00000 0.121611
3721.00000 0.121786
3722.00000 0.121961
3723.00000 0.122136
3724.00000 0.122311
3725.00000 0.122486
3726.00000 0.122624
3727.00000 0.122762
3728.00000 0.1229
3729.00000 0.123038
3730.00000 0.123177
3731.00000 0.123387
3732.00000 0.123599
3733.00000 0.12381
3734.00000 0.124022
3735.00000 0.124234
3736.00000 0.124408
3737.00000 0.124582
3738.00000 0.124757
3739.00000 0.124932
3740.00000 0.125107
3741.00000 0.125315
3742.00000 0.125523
3743.00000 0.125732
3744.00000 0.125942
3745.00000 0.126152
3746.00000 0.126325
3747.00000 0.126498
3748.00000 0.126672
3749.00000 0.126846
3750.00000 0.127022
3751.00000 0.127267
3752.00000 0.127514
3753.00000 0.127761
3754.00000 0.12801
3755.00000 0.128259
3756.00000 0.12847
3757.00000 0.128682
3758.00000 0.128894
3759.00000 0.129107
3760.00000 0.12932
3761.00000 0.129568
3762.00000 0.129817
3763.00000 0.130066
3764.00000 0.130315
3765.00000 0.130564
3766.00000 0.130775
3767.00000 0.130985
3768.00000 0.131196
3769.00000 0.131407
3770.00000 0.131619
3771.00000 0.131868
3772.00000 0.132118
3773.00000 0.132368
3774.00000 0.132618
3775.00000 0.132869
3776.00000 0.13308
3777.00000 0.133292
3778.00000 0.133504
3779.00000 0.133715
3780.00000 0.133927
3781.00000 0.134202
3782.00000 0.134477
3783.00000 0.134752
3784.00000 0.135028
3785.00000 0.135303
3786.00000 0.135539
3787.00000 0.135775
3788.00000 0.136011
3789.00000 0.136247
3790.00000 0.136483
3791.00000 0.136753
3792.00000 0.137023
3793.00000 0.137089
3794.00000 0.137156
3795.00000 0.137146
3796.00000 0.137176
3797.00000 0.137212
3798.00000 0.137249
3799.00000 0.137284
3800.00000 0.137319
3801.00000 0.137307
3802.00000 0.137295
3803.00000 0.137289
3804.00000 0.137283
3805.00000 0.137268
3806.00000 0.137293
3807.00000 0.137325
3808.00000 0.137355
3809.00000 0.137385
3810.00000 0.137414
3811.00000 0.137396
3812.00000 0.137376
3813.00000 0.137364
3814.00000 0.13735
3815.00000 0.137328
3816.00000 0.137345
3817.00000 0.13737
3818.00000 0.137393
3819.00000 0.137416
3820.00000 0.137438
