threeML/data/optical_filters/LSST/LSST-r.ecsv
# %ECSV 0.9
# ---
# datatype:
# - {name: wavelength, unit: Angstrom, datatype: float32}
# - {name: response, datatype: float32}
# meta: !!omap
# - {band_name: r}
# - {group_name: LSST}
wavelength response
5370.00000 0.0
5371.00000 0.000826583
5372.00000 0.00165328
5373.00000 0.00248008
5374.00000 0.003307
5375.00000 0.00413403
5376.00000 0.0049623
5377.00000 0.00581282
5378.00000 0.00666384
5379.00000 0.00749358
5380.00000 0.0083238
5381.00000 0.00915269
5382.00000 0.00998173
5383.00000 0.0108109
5384.00000 0.0116403
5385.00000 0.0124698
5386.00000 0.0132995
5387.00000 0.0141293
5388.00000 0.0149593
5389.00000 0.0158113
5390.00000 0.0166635
5391.00000 0.0174928
5392.00000 0.0183221
5393.00000 0.0191515
5394.00000 0.0199809
5395.00000 0.0208103
5396.00000 0.0216397
5397.00000 0.0224692
5398.00000 0.0232986
5399.00000 0.024128
5400.00000 0.0249573
5401.00000 0.0258071
5402.00000 0.0266568
5403.00000 0.0274845
5404.00000 0.028312
5405.00000 0.0291394
5406.00000 0.0299599
5407.00000 0.0307798
5408.00000 0.0315992
5409.00000 0.032418
5410.00000 0.0332363
5411.00000 0.0340674
5412.00000 0.0348985
5413.00000 0.0357516
5414.00000 0.0366049
5415.00000 0.0374366
5416.00000 0.0382685
5417.00000 0.0391005
5418.00000 0.0399328
5419.00000 0.0407652
5420.00000 0.0415979
5421.00000 0.043254
5422.00000 0.0449102
5423.00000 0.0465881
5424.00000 0.048266
5425.00000 0.049922
5426.00000 0.0515896
5427.00000 0.0532579
5428.00000 0.0549268
5429.00000 0.0566183
5430.00000 0.0583104
5431.00000 0.0599677
5432.00000 0.061625
5433.00000 0.0632822
5434.00000 0.0649393
5435.00000 0.0666182
5436.00000 0.068297
5437.00000 0.0699539
5438.00000 0.0716108
5439.00000 0.0732677
5440.00000 0.0749246
5441.00000 0.0766044
5442.00000 0.0782843
5443.00000 0.0799426
5444.00000 0.081601
5445.00000 0.0832598
5446.00000 0.0849187
5447.00000 0.0865779
5448.00000 0.0882374
5449.00000 0.0899189
5450.00000 0.0916006
5451.00000 0.0932661
5452.00000 0.0949319
5453.00000 0.0965981
5454.00000 0.0982647
5455.00000 0.0999534
5456.00000 0.101642
5457.00000 0.10331
5458.00000 0.104978
5459.00000 0.106646
5460.00000 0.108315
5461.00000 0.110002
5462.00000 0.111689
5463.00000 0.113354
5464.00000 0.115019
5465.00000 0.116685
5466.00000 0.11835
5467.00000 0.120038
5468.00000 0.121726
5469.00000 0.123392
5470.00000 0.125058
5471.00000 0.12677
5472.00000 0.128483
5473.00000 0.130219
5474.00000 0.131957
5475.00000 0.133675
5476.00000 0.135363
5477.00000 0.137051
5478.00000 0.138741
5479.00000 0.140452
5480.00000 0.142165
5481.00000 0.143829
5482.00000 0.145492
5483.00000 0.147156
5484.00000 0.14882
5485.00000 0.150505
5486.00000 0.152191
5487.00000 0.153854
5488.00000 0.155518
5489.00000 0.157181
5490.00000 0.158845
5491.00000 0.16053
5492.00000 0.162216
5493.00000 0.163879
5494.00000 0.165543
5495.00000 0.167206
5496.00000 0.168908
5497.00000 0.17061
5498.00000 0.172313
5499.00000 0.174039
5500.00000 0.175765
5501.00000 0.177455
5502.00000 0.179144
5503.00000 0.180835
5504.00000 0.182526
5505.00000 0.184239
5506.00000 0.185952
5507.00000 0.187644
5508.00000 0.189337
5509.00000 0.19103
5510.00000 0.192723
5511.00000 0.194417
5512.00000 0.196112
5513.00000 0.197785
5514.00000 0.199458
5515.00000 0.201131
5516.00000 0.202804
5517.00000 0.204499
5518.00000 0.206194
5519.00000 0.207867
5520.00000 0.20954
5521.00000 0.211236
5522.00000 0.212932
5523.00000 0.214651
5524.00000 0.21637
5525.00000 0.218067
5526.00000 0.219765
5527.00000 0.221463
5528.00000 0.223162
5529.00000 0.224883
5530.00000 0.226605
5531.00000 0.22828
5532.00000 0.229955
5533.00000 0.23163
5534.00000 0.233305
5535.00000 0.235002
5536.00000 0.236699
5537.00000 0.238374
5538.00000 0.240049
5539.00000 0.241725
5540.00000 0.2434
5541.00000 0.2451
5542.00000 0.246801
5543.00000 0.24848
5544.00000 0.250158
5545.00000 0.251837
5546.00000 0.253573
5547.00000 0.25531
5548.00000 0.257048
5549.00000 0.258809
5550.00000 0.26057
5551.00000 0.262273
5552.00000 0.263975
5553.00000 0.265678
5554.00000 0.267381
5555.00000 0.269106
5556.00000 0.270769
5557.00000 0.272409
5558.00000 0.274048
5559.00000 0.275688
5560.00000 0.277326
5561.00000 0.278976
5562.00000 0.280624
5563.00000 0.28225
5564.00000 0.283876
5565.00000 0.285501
5566.00000 0.28719
5567.00000 0.288901
5568.00000 0.290613
5569.00000 0.292302
5570.00000 0.293992
5571.00000 0.295645
5572.00000 0.297297
5573.00000 0.298972
5574.00000 0.300646
5575.00000 0.302298
5576.00000 0.303949
5577.00000 0.305601
5578.00000 0.307252
5579.00000 0.308925
5580.00000 0.310597
5581.00000 0.312257
5582.00000 0.313917
5583.00000 0.315576
5584.00000 0.317236
5585.00000 0.318917
5586.00000 0.320599
5587.00000 0.322258
5588.00000 0.323917
5589.00000 0.325575
5590.00000 0.327234
5591.00000 0.328891
5592.00000 0.330547
5593.00000 0.332181
5594.00000 0.333815
5595.00000 0.335448
5596.00000 0.337005
5597.00000 0.338561
5598.00000 0.340116
5599.00000 0.341691
5600.00000 0.343266
5601.00000 0.34495
5602.00000 0.346635
5603.00000 0.348319
5604.00000 0.350004
5605.00000 0.351711
5606.00000 0.353418
5607.00000 0.355103
5608.00000 0.356789
5609.00000 0.358475
5610.00000 0.36016
5611.00000 0.361847
5612.00000 0.363533
5613.00000 0.365198
5614.00000 0.366862
5615.00000 0.368526
5616.00000 0.370107
5617.00000 0.371709
5618.00000 0.37331
5619.00000 0.374889
5620.00000 0.376466
5621.00000 0.378122
5622.00000 0.379779
5623.00000 0.381457
5624.00000 0.383135
5625.00000 0.384791
5626.00000 0.386447
5627.00000 0.387905
5628.00000 0.389364
5629.00000 0.390186
5630.00000 0.391009
5631.00000 0.391856
5632.00000 0.392704
5633.00000 0.393552
5634.00000 0.394399
5635.00000 0.395247
5636.00000 0.396095
5637.00000 0.396965
5638.00000 0.397835
5639.00000 0.398683
5640.00000 0.399531
5641.00000 0.400328
5642.00000 0.401125
5643.00000 0.401922
5644.00000 0.402719
5645.00000 0.403516
5646.00000 0.404404
5647.00000 0.405292
5648.00000 0.40618
5649.00000 0.407069
5650.00000 0.407958
5651.00000 0.408821
5652.00000 0.409685
5653.00000 0.410526
5654.00000 0.411367
5655.00000 0.412209
5656.00000 0.41305
5657.00000 0.413892
5658.00000 0.414733
5659.00000 0.415575
5660.00000 0.416416
5661.00000 0.417318
5662.00000 0.41822
5663.00000 0.418507
5664.00000 0.418795
5665.00000 0.418863
5666.00000 0.418931
5667.00000 0.418999
5668.00000 0.419067
5669.00000 0.419135
5670.00000 0.419204
5671.00000 0.419239
5672.00000 0.419274
5673.00000 0.419309
5674.00000 0.419345
5675.00000 0.41938
5676.00000 0.419415
5677.00000 0.41945
5678.00000 0.419485
5679.00000 0.419521
5680.00000 0.419556
5681.00000 0.419524
5682.00000 0.419492
5683.00000 0.41946
5684.00000 0.419428
5685.00000 0.419396
5686.00000 0.419364
5687.00000 0.419332
5688.00000 0.4193
5689.00000 0.419267
5690.00000 0.419235
5691.00000 0.419286
5692.00000 0.419337
5693.00000 0.419387
5694.00000 0.419438
5695.00000 0.419489
5696.00000 0.41954
5697.00000 0.41959
5698.00000 0.419641
5699.00000 0.419692
5700.00000 0.419743
5701.00000 0.419896
5702.00000 0.42005
5703.00000 0.420204
5704.00000 0.420357
5705.00000 0.420511
5706.00000 0.420569
5707.00000 0.420628
5708.00000 0.420686
5709.00000 0.420745
5710.00000 0.420803
5711.00000 0.420869
5712.00000 0.420934
5713.00000 0.420999
5714.00000 0.421064
5715.00000 0.421129
5716.00000 0.421195
5717.00000 0.42126
5718.00000 0.421325
5719.00000 0.42139
5720.00000 0.421456
5721.00000 0.421494
5722.00000 0.421533
5723.00000 0.421572
5724.00000 0.421611
5725.00000 0.42165
5726.00000 0.421689
5727.00000 0.421728
5728.00000 0.421767
5729.00000 0.421806
5730.00000 0.421844
5731.00000 0.421997
5732.00000 0.422149
5733.00000 0.422302
5734.00000 0.422454
5735.00000 0.422606
5736.00000 0.422663
5737.00000 0.42272
5738.00000 0.422777
5739.00000 0.422834
5740.00000 0.422891
5741.00000 0.422988
5742.00000 0.423085
5743.00000 0.423182
5744.00000 0.423279
5745.00000 0.423376
5746.00000 0.423473
5747.00000 0.42357
5748.00000 0.423667
5749.00000 0.423764
5750.00000 0.423861
5751.00000 0.424006
5752.00000 0.424151
5753.00000 0.424296
5754.00000 0.424441
5755.00000 0.424586
5756.00000 0.424635
5757.00000 0.424684
5758.00000 0.424733
5759.00000 0.424782
5760.00000 0.424831
5761.00000 0.424979
5762.00000 0.425128
5763.00000 0.425276
5764.00000 0.425424
5765.00000 0.425572
5766.00000 0.425625
5767.00000 0.425677
5768.00000 0.425729
5769.00000 0.425781
5770.00000 0.425834
5771.00000 0.42596
5772.00000 0.426086
5773.00000 0.426211
5774.00000 0.426337
5775.00000 0.426463
5776.00000 0.426493
5777.00000 0.426523
5778.00000 0.426553
5779.00000 0.426582
5780.00000 0.426612
5781.00000 0.42677
5782.00000 0.426927
5783.00000 0.427085
5784.00000 0.427243
5785.00000 0.427401
5786.00000 0.427462
5787.00000 0.427524
5788.00000 0.427585
5789.00000 0.427647
5790.00000 0.427708
5791.00000 0.427856
5792.00000 0.428005
5793.00000 0.428153
5794.00000 0.428301
5795.00000 0.428449
5796.00000 0.428501
5797.00000 0.428553
5798.00000 0.428604
5799.00000 0.428656
5800.00000 0.428708
5801.00000 0.428741
5802.00000 0.428774
5803.00000 0.428807
5804.00000 0.428841
5805.00000 0.428874
5806.00000 0.429003
5807.00000 0.429133
5808.00000 0.429263
5809.00000 0.429392
5810.00000 0.429522
5811.00000 0.429513
5812.00000 0.429505
5813.00000 0.429496
5814.00000 0.429487
5815.00000 0.429478
5816.00000 0.429566
5817.00000 0.429654
5818.00000 0.429742
5819.00000 0.42983
5820.00000 0.429917
5821.00000 0.429944
5822.00000 0.429972
5823.00000 0.429999
5824.00000 0.430026
5825.00000 0.430053
5826.00000 0.430177
5827.00000 0.4303
5828.00000 0.430424
5829.00000 0.430547
5830.00000 0.430671
5831.00000 0.430721
5832.00000 0.430771
5833.00000 0.43082
5834.00000 0.43087
5835.00000 0.43092
5836.00000 0.430969
5837.00000 0.431018
5838.00000 0.431067
5839.00000 0.431116
5840.00000 0.431165
5841.00000 0.431179
5842.00000 0.431194
5843.00000 0.431208
5844.00000 0.431223
5845.00000 0.431239
5846.00000 0.431351
5847.00000 0.431464
5848.00000 0.431577
5849.00000 0.431691
5850.00000 0.431806
5851.00000 0.431843
5852.00000 0.431882
5853.00000 0.431921
5854.00000 0.431962
5855.00000 0.432004
5856.00000 0.432046
5857.00000 0.43209
5858.00000 0.432135
5859.00000 0.432181
5860.00000 0.432228
5861.00000 0.432223
5862.00000 0.432219
5863.00000 0.432216
5864.00000 0.432212
5865.00000 0.432209
5866.00000 0.432206
5867.00000 0.432202
5868.00000 0.432199
5869.00000 0.432195
5870.00000 0.432192
5871.00000 0.432157
5872.00000 0.432122
5873.00000 0.432087
5874.00000 0.432052
5875.00000 0.432016
5876.00000 0.431884
5877.00000 0.431751
5878.00000 0.431619
5879.00000 0.431486
5880.00000 0.431354
5881.00000 0.431079
5882.00000 0.430805
5883.00000 0.43053
5884.00000 0.430256
5885.00000 0.429981
5886.00000 0.429805
5887.00000 0.42963
5888.00000 0.429455
5889.00000 0.429279
5890.00000 0.429103
5891.00000 0.429104
5892.00000 0.429103
5893.00000 0.429101
5894.00000 0.429098
5895.00000 0.429092
5896.00000 0.428988
5897.00000 0.428882
5898.00000 0.428774
5899.00000 0.428664
5900.00000 0.428553
5901.00000 0.428682
5902.00000 0.42881
5903.00000 0.428935
5904.00000 0.429059
5905.00000 0.429181
5906.00000 0.429301
5907.00000 0.429419
5908.00000 0.429535
5909.00000 0.42965
5910.00000 0.429764
5911.00000 0.429644
5912.00000 0.429524
5913.00000 0.429404
5914.00000 0.429284
5915.00000 0.429165
5916.00000 0.42895
5917.00000 0.428735
5918.00000 0.42852
5919.00000 0.428306
5920.00000 0.428092
5921.00000 0.428025
5922.00000 0.427958
5923.00000 0.427892
5924.00000 0.427826
5925.00000 0.42776
5926.00000 0.427983
5927.00000 0.428207
5928.00000 0.42843
5929.00000 0.428652
5930.00000 0.428875
5931.00000 0.428911
5932.00000 0.428946
5933.00000 0.428982
5934.00000 0.429017
5935.00000 0.429053
5936.00000 0.428798
5937.00000 0.428544
5938.00000 0.428289
5939.00000 0.428035
5940.00000 0.427782
5941.00000 0.427368
5942.00000 0.426955
5943.00000 0.426543
5944.00000 0.426133
5945.00000 0.425724
5946.00000 0.425896
5947.00000 0.426068
5948.00000 0.426242
5949.00000 0.426418
5950.00000 0.426595
5951.00000 0.426839
5952.00000 0.427084
5953.00000 0.427331
5954.00000 0.427579
5955.00000 0.427829
5956.00000 0.427887
5957.00000 0.427947
5958.00000 0.428008
5959.00000 0.42807
5960.00000 0.428134
5961.00000 0.428096
5962.00000 0.428058
5963.00000 0.428021
5964.00000 0.427984
5965.00000 0.427947
5966.00000 0.427813
5967.00000 0.427679
5968.00000 0.427545
5969.00000 0.427411
5970.00000 0.427277
5971.00000 0.427247
5972.00000 0.427218
5973.00000 0.427188
5974.00000 0.427158
5975.00000 0.427128
5976.00000 0.427193
5977.00000 0.427259
5978.00000 0.427325
5979.00000 0.427391
5980.00000 0.427457
5981.00000 0.427459
5982.00000 0.427461
5983.00000 0.427463
5984.00000 0.427465
5985.00000 0.427468
5986.00000 0.427471
5987.00000 0.427475
5988.00000 0.42748
5989.00000 0.427484
5990.00000 0.427488
5991.00000 0.42755
5992.00000 0.42761
5993.00000 0.42767
5994.00000 0.427728
5995.00000 0.427784
5996.00000 0.427742
5997.00000 0.427698
5998.00000 0.427653
5999.00000 0.427605
6000.00000 0.427556
6001.00000 0.427594
6002.00000 0.427631
6003.00000 0.427665
6004.00000 0.427698
6005.00000 0.427729
6006.00000 0.427662
6007.00000 0.427593
6008.00000 0.427523
6009.00000 0.427451
6010.00000 0.427378
6011.00000 0.427369
6012.00000 0.42736
6013.00000 0.427351
6014.00000 0.427342
6015.00000 0.427333
6016.00000 0.427326
6017.00000 0.427319
6018.00000 0.427312
6019.00000 0.427305
6020.00000 0.427298
6021.00000 0.427319
6022.00000 0.42734
6023.00000 0.427361
6024.00000 0.427382
6025.00000 0.427404
6026.00000 0.427329
6027.00000 0.427254
6028.00000 0.427179
6029.00000 0.427104
6030.00000 0.427028
6031.00000 0.427015
6032.00000 0.427002
6033.00000 0.426988
6034.00000 0.426975
6035.00000 0.426962
6036.00000 0.427044
6037.00000 0.427127
6038.00000 0.427209
6039.00000 0.427292
6040.00000 0.427376
6041.00000 0.427339
6042.00000 0.427302
6043.00000 0.427267
6044.00000 0.427232
6045.00000 0.427199
6046.00000 0.427262
6047.00000 0.427327
6048.00000 0.427392
6049.00000 0.427459
6050.00000 0.427526
6051.00000 0.427518
6052.00000 0.42751
6053.00000 0.427503
6054.00000 0.427496
6055.00000 0.427489
6056.00000 0.427579
6057.00000 0.427669
6058.00000 0.427759
6059.00000 0.427849
6060.00000 0.42794
6061.00000 0.427946
6062.00000 0.427951
6063.00000 0.427957
6064.00000 0.427962
6065.00000 0.427967
6066.00000 0.428068
6067.00000 0.428168
6068.00000 0.428269
6069.00000 0.428369
6070.00000 0.42847
6071.00000 0.42846
6072.00000 0.428451
6073.00000 0.428442
6074.00000 0.428432
6075.00000 0.428423
6076.00000 0.428509
6077.00000 0.428595
6078.00000 0.428682
6079.00000 0.428768
6080.00000 0.428854
6081.00000 0.42889
6082.00000 0.428926
6083.00000 0.428962
6084.00000 0.428997
6085.00000 0.429033
6086.00000 0.429165
6087.00000 0.429296
6088.00000 0.429428
6089.00000 0.429559
6090.00000 0.42969
6091.00000 0.429742
6092.00000 0.429794
6093.00000 0.429846
6094.00000 0.429898
6095.00000 0.429949
6096.00000 0.430097
6097.00000 0.430244
6098.00000 0.430392
6099.00000 0.43054
6100.00000 0.430687
6101.00000 0.430838
6102.00000 0.43099
6103.00000 0.431141
6104.00000 0.431292
6105.00000 0.431444
6106.00000 0.431499
6107.00000 0.431554
6108.00000 0.43161
6109.00000 0.431665
6110.00000 0.431721
6111.00000 0.431848
6112.00000 0.431974
6113.00000 0.432101
6114.00000 0.432228
6115.00000 0.432355
6116.00000 0.432386
6117.00000 0.432417
6118.00000 0.432447
6119.00000 0.432478
6120.00000 0.432509
6121.00000 0.432709
6122.00000 0.432909
6123.00000 0.433109
6124.00000 0.433309
6125.00000 0.433508
6126.00000 0.433612
6127.00000 0.433716
6128.00000 0.43382
6129.00000 0.433924
6130.00000 0.434028
6131.00000 0.434162
6132.00000 0.434297
6133.00000 0.434431
6134.00000 0.434566
6135.00000 0.4347
6136.00000 0.434835
6137.00000 0.434969
6138.00000 0.435104
6139.00000 0.435238
6140.00000 0.435373
6141.00000 0.435454
6142.00000 0.435536
6143.00000 0.435617
6144.00000 0.435698
6145.00000 0.43578
6146.00000 0.435958
6147.00000 0.436136
6148.00000 0.436313
6149.00000 0.436491
6150.00000 0.436669
6151.00000 0.436717
6152.00000 0.436764
6153.00000 0.436811
6154.00000 0.436858
6155.00000 0.436906
6156.00000 0.437049
6157.00000 0.437193
6158.00000 0.437337
6159.00000 0.437481
6160.00000 0.437625
6161.00000 0.437737
6162.00000 0.437849
6163.00000 0.437961
6164.00000 0.438073
6165.00000 0.438185
6166.00000 0.438394
6167.00000 0.438603
6168.00000 0.438812
