threeML/data/optical_filters/LSST/LSST-y.ecsv
# %ECSV 0.9
# ---
# datatype:
# - {name: wavelength, unit: Angstrom, datatype: float32}
# - {name: response, datatype: float32}
# meta: !!omap
# - {band_name: y}
# - {group_name: LSST}
wavelength response
[from data line 800]
9884.00000 0.204501
9885.00000 0.204269
9886.00000 0.203871
9887.00000 0.203473
9888.00000 0.203075
9889.00000 0.202676
9890.00000 0.202277
9891.00000 0.201816
9892.00000 0.201355
9893.00000 0.200895
9894.00000 0.200435
9895.00000 0.199976
9896.00000 0.199477
9897.00000 0.198979
9898.00000 0.198482
9899.00000 0.197985
9900.00000 0.19749
9901.00000 0.197186
9902.00000 0.196882
9903.00000 0.196579
9904.00000 0.196276
9905.00000 0.195974
9906.00000 0.195712
9907.00000 0.19545
9908.00000 0.195188
9909.00000 0.194926
9910.00000 0.194664
9911.00000 0.194344
9912.00000 0.194024
9913.00000 0.193703
9914.00000 0.193383
9915.00000 0.193062
9916.00000 0.19278
9917.00000 0.192497
9918.00000 0.192214
9919.00000 0.191932
9920.00000 0.191649
9921.00000 0.191272
9922.00000 0.190895
9923.00000 0.190518
9924.00000 0.190141
9925.00000 0.189765
9926.00000 0.189388
9927.00000 0.189012
9928.00000 0.188636
9929.00000 0.18826
9930.00000 0.187884
9931.00000 0.187642
9932.00000 0.187399
9933.00000 0.187157
9934.00000 0.186914
9935.00000 0.186671
9936.00000 0.186465
9937.00000 0.186259
9938.00000 0.186053
9939.00000 0.185846
9940.00000 0.185639
9941.00000 0.18531
9942.00000 0.184982
9943.00000 0.184653
9944.00000 0.184325
9945.00000 0.183997
9946.00000 0.183669
9947.00000 0.183342
9948.00000 0.183016
9949.00000 0.18269
9950.00000 0.182364
9951.00000 0.182038
9952.00000 0.181711
9953.00000 0.181385
9954.00000 0.18106
9955.00000 0.180735
9956.00000 0.18041
9957.00000 0.180085
9958.00000 0.17976
9959.00000 0.179436
9960.00000 0.179111
9961.00000 0.178824
9962.00000 0.178537
9963.00000 0.178249
9964.00000 0.177961
9965.00000 0.177673
9966.00000 0.177385
9967.00000 0.177096
9968.00000 0.176808
9969.00000 0.176519
9970.00000 0.17623
9971.00000 0.175896
9972.00000 0.175561
9973.00000 0.175227
9974.00000 0.174892
9975.00000 0.174558
9976.00000 0.174224
9977.00000 0.17389
9978.00000 0.173557
9979.00000 0.173223
9980.00000 0.172889
9981.00000 0.172562
9982.00000 0.172234
9983.00000 0.171906
9984.00000 0.171578
9985.00000 0.17125
9986.00000 0.170923
9987.00000 0.170595
9988.00000 0.170268
9989.00000 0.16994
9990.00000 0.169612
9991.00000 0.16927
9992.00000 0.168928
9993.00000 0.168586
9994.00000 0.168243
9995.00000 0.1679
9996.00000 0.167556
9997.00000 0.167212
9998.00000 0.166868
9999.00000 0.166523
10000.00000 0.166178
10001.00000 0.165825
10002.00000 0.165472
10003.00000 0.165118
10004.00000 0.164763
10005.00000 0.164409
10006.00000 0.163987
10007.00000 0.163565
10008.00000 0.163144
10009.00000 0.162722
10010.00000 0.1623
10011.00000 0.161897
10012.00000 0.161495
10013.00000 0.161093
10014.00000 0.160691
10015.00000 0.16029
10016.00000 0.159889
10017.00000 0.159488
10018.00000 0.159088
10019.00000 0.158687
10020.00000 0.158287
10021.00000 0.157921
10022.00000 0.157555
10023.00000 0.157189
10024.00000 0.156822
10025.00000 0.156455
10026.00000 0.156152
10027.00000 0.155847
10028.00000 0.155543
10029.00000 0.155238
10030.00000 0.154932
10031.00000 0.154528
10032.00000 0.154125
10033.00000 0.153721
10034.00000 0.153317
10035.00000 0.152914
10036.00000 0.15251
10037.00000 0.152107
10038.00000 0.151704
10039.00000 0.151301
10040.00000 0.150898
10041.00000 0.150503
10042.00000 0.150108
10043.00000 0.149713
10044.00000 0.149318
10045.00000 0.148922
10046.00000 0.148526
10047.00000 0.14813
10048.00000 0.147734
10049.00000 0.147337
10050.00000 0.14694
10051.00000 0.146477
10052.00000 0.146014
10053.00000 0.14555
10054.00000 0.145086
10055.00000 0.144621
10056.00000 0.144157
10057.00000 0.143692
10058.00000 0.143226
10059.00000 0.142761
10060.00000 0.142295
10061.00000 0.1419
10062.00000 0.141506
10063.00000 0.141111
10064.00000 0.140716
10065.00000 0.140321
10066.00000 0.139955
10067.00000 0.139588
10068.00000 0.139222
10069.00000 0.138855
10070.00000 0.138488
10071.00000 0.138015
10072.00000 0.137542
10073.00000 0.137069
10074.00000 0.136597
10075.00000 0.136125
10076.00000 0.13568
10077.00000 0.135236
10078.00000 0.134791
10079.00000 0.134347
10080.00000 0.133902
10081.00000 0.133463
10082.00000 0.133024
10083.00000 0.132586
10084.00000 0.132147
10085.00000 0.131709
10086.00000 0.13127
10087.00000 0.130831
10088.00000 0.130393
10089.00000 0.129954
10090.00000 0.129516
10091.00000 0.129079
10092.00000 0.128642
10093.00000 0.128206
10094.00000 0.12777
10095.00000 0.127335
10096.00000 0.126953
10097.00000 0.126571
10098.00000 0.126189
10099.00000 0.125808
10100.00000 0.125428
10101.00000 0.125101
10102.00000 0.124775
10103.00000 0.124448
10104.00000 0.124122
10105.00000 0.123796
10106.00000 0.123445
10107.00000 0.123094
10108.00000 0.122744
10109.00000 0.122393
10110.00000 0.122043
10111.00000 0.121643
10112.00000 0.121243
10113.00000 0.120843
10114.00000 0.120442
10115.00000 0.120042
10116.00000 0.119617
10117.00000 0.119191
10118.00000 0.118766
10119.00000 0.118341
10120.00000 0.117917
10121.00000 0.117522
10122.00000 0.117127
10123.00000 0.116732
10124.00000 0.116337
10125.00000 0.115942
10126.00000 0.11557
10127.00000 0.115199
10128.00000 0.114827
10129.00000 0.114456
10130.00000 0.114084
10131.00000 0.113752
10132.00000 0.113421
10133.00000 0.11309
10134.00000 0.112758
10135.00000 0.112427
10136.00000 0.112095
10137.00000 0.111764
10138.00000 0.111432
10139.00000 0.111101
10140.00000 0.110769
10141.00000 0.110423
10142.00000 0.110078
10143.00000 0.109732
10144.00000 0.109386
10145.00000 0.109039
10146.00000 0.108693
10147.00000 0.108346
10148.00000 0.107998
10149.00000 0.107651
10150.00000 0.107303
10151.00000 0.10697
10152.00000 0.106637
10153.00000 0.106303
10154.00000 0.105969
10155.00000 0.105634
10156.00000 0.1053
10157.00000 0.104965
10158.00000 0.10463
10159.00000 0.104295
10160.00000 0.10396
10161.00000 0.103616
10162.00000 0.103272
10163.00000 0.102928
10164.00000 0.102584
10165.00000 0.10224
10166.00000 0.101897
10167.00000 0.101553
10168.00000 0.10121
10169.00000 0.100866
10170.00000 0.100522
10171.00000 0.100173
10172.00000 0.0998242
10173.00000 0.0994751
10174.00000 0.0991261
10175.00000 0.0987771
10176.00000 0.0984282
10177.00000 0.0980793
10178.00000 0.0977305
10179.00000 0.0973817
10180.00000 0.0970329
10181.00000 0.0967497
10182.00000 0.0964664
10183.00000 0.0961831
10184.00000 0.0958998
10185.00000 0.0956164
10186.00000 0.0953139
10187.00000 0.0950114
10188.00000 0.094709
10189.00000 0.0944068
10190.00000 0.0941046
10191.00000 0.093828
10192.00000 0.0935513
10193.00000 0.0932746
10194.00000 0.0929978
10195.00000 0.092721
10196.00000 0.0924627
10197.00000 0.0922043
10198.00000 0.0919458
10199.00000 0.0916871
10200.00000 0.0914282
10201.00000 0.0910807
10202.00000 0.0907333
10203.00000 0.0903859
10204.00000 0.0900385
10205.00000 0.0896911
10206.00000 0.0893438
10207.00000 0.0889966
10208.00000 0.0886493
10209.00000 0.0883021
10210.00000 0.087955
10211.00000 0.0876745
10212.00000 0.0873939
10213.00000 0.0871134
10214.00000 0.0868328
10215.00000 0.0865521
10216.00000 0.0862715
10217.00000 0.0859908
10218.00000 0.08571
10219.00000 0.0854293
10220.00000 0.0851484
10221.00000 0.084807
10222.00000 0.0844655
10223.00000 0.084124
10224.00000 0.0837825
10225.00000 0.083441
10226.00000 0.0830828
10227.00000 0.0827246
10228.00000 0.0823666
10229.00000 0.0820087
10230.00000 0.0816509
10231.00000 0.0813663
10232.00000 0.0810817
10233.00000 0.080797
10234.00000 0.0805124
10235.00000 0.0802277
10236.00000 0.0799271
10237.00000 0.0796265
10238.00000 0.0793262
10239.00000 0.0790259
10240.00000 0.0787257
10241.00000 0.0784057
10242.00000 0.0780854
10243.00000 0.0777648
10244.00000 0.0774439
10245.00000 0.0771227
10246.00000 0.0768012
10247.00000 0.0764794
10248.00000 0.0761572
10249.00000 0.0758348
10250.00000 0.0755119
10251.00000 0.0752189
10252.00000 0.0749257
10253.00000 0.0746324
10254.00000 0.0743389
10255.00000 0.0740453
10256.00000 0.0737516
10257.00000 0.0734577
10258.00000 0.0731638
10259.00000 0.0728698
10260.00000 0.0725757
10261.00000 0.0722272
10262.00000 0.0718788
10263.00000 0.0715304
10264.00000 0.071182
10265.00000 0.0708338
10266.00000 0.0704857
10267.00000 0.0701377
10268.00000 0.0697897
10269.00000 0.0694418
10270.00000 0.069094
10271.00000 0.068814
10272.00000 0.068534
10273.00000 0.0682539
10274.00000 0.0679739
10275.00000 0.0676939
10276.00000 0.067414
10277.00000 0.0671341
10278.00000 0.0668541
10279.00000 0.0665741
10280.00000 0.0662941
10281.00000 0.0660048
10282.00000 0.0657154
10283.00000 0.0654261
10284.00000 0.0651367
10285.00000 0.0648473
10286.00000 0.0645577
10287.00000 0.0642679
10288.00000 0.0639781
10289.00000 0.0636883
10290.00000 0.0633985
10291.00000 0.0630538
10292.00000 0.0627093
10293.00000 0.0623649
10294.00000 0.0620208
10295.00000 0.0616769
10296.00000 0.0613457
10297.00000 0.0610147
10298.00000 0.0606838
10299.00000 0.0603531
10300.00000 0.0600226
10301.00000 0.0597381
10302.00000 0.0594538
10303.00000 0.0591699
10304.00000 0.0588862
10305.00000 0.0586028
10306.00000 0.0583197
10307.00000 0.0580367
10308.00000 0.0577539
10309.00000 0.0574712
10310.00000 0.0571886
10311.00000 0.0569034
10312.00000 0.0566183
10313.00000 0.056333
10314.00000 0.0560477
10315.00000 0.0557623
10316.00000 0.0554765
10317.00000 0.0551908
10318.00000 0.054905
10319.00000 0.0546191
10320.00000 0.0543333
10321.00000 0.0540515
10322.00000 0.0537696
10323.00000 0.0534877
10324.00000 0.0532059
10325.00000 0.052924
10326.00000 0.0526421
10327.00000 0.0523603
10328.00000 0.0520784
10329.00000 0.0517965
10330.00000 0.0515147
10331.00000 0.0512359
10332.00000 0.0509572
10333.00000 0.0506783
10334.00000 0.0503994
10335.00000 0.0501204
10336.00000 0.0498414
10337.00000 0.0495624
10338.00000 0.0492832
10339.00000 0.049004
10340.00000 0.0487246
10341.00000 0.0484947
10342.00000 0.0482647
10343.00000 0.0480346
10344.00000 0.0478044
10345.00000 0.0475741
10346.00000 0.0473437
10347.00000 0.0471131
10348.00000 0.0468825
10349.00000 0.0466518
10350.00000 0.0464209
10351.00000 0.0462033
10352.00000 0.0459855
10353.00000 0.0457675
10354.00000 0.0455493
10355.00000 0.0453309
10356.00000 0.0451123
10357.00000 0.0448935
10358.00000 0.0446746
10359.00000 0.0444555
10360.00000 0.0442362
10361.00000 0.0440001
10362.00000 0.0437641
10363.00000 0.0435281
10364.00000 0.0432922
10365.00000 0.0430565
10366.00000 0.0428208
10367.00000 0.0425852
10368.00000 0.0423496
10369.00000 0.0421142
10370.00000 0.0418787
10371.00000 0.0416523
10372.00000 0.0414258
10373.00000 0.0411992
10374.00000 0.0409727
10375.00000 0.0407461
10376.00000 0.0405195
10377.00000 0.0402928
10378.00000 0.0400661
10379.00000 0.0398394
10380.00000 0.0396126
10381.00000 0.0394417
10382.00000 0.0392708
10383.00000 0.0390999
10384.00000 0.038929
10385.00000 0.0387581
10386.00000 0.0385871
10387.00000 0.0384162
10388.00000 0.0382452
10389.00000 0.0380742
10390.00000 0.0379033
10391.00000 0.0377279
10392.00000 0.0375526
10393.00000 0.0373774
10394.00000 0.0372021
10395.00000 0.0370269
10396.00000 0.0368517
10397.00000 0.0366765
10398.00000 0.0365014
10399.00000 0.0363263
10400.00000 0.0361512
10401.00000 0.0359823
10402.00000 0.0358133
10403.00000 0.0356442
10404.00000 0.0354752
10405.00000 0.0353061
10406.00000 0.035137
10407.00000 0.0349679
10408.00000 0.0347987
10409.00000 0.0346295
10410.00000 0.0344603
10411.00000 0.0343489
10412.00000 0.0342374
10413.00000 0.034126
10414.00000 0.0340145
10415.00000 0.033903
10416.00000 0.0337914
10417.00000 0.0336799
10418.00000 0.0335683
10419.00000 0.0334567
10420.00000 0.0333451
10421.00000 0.0331736
10422.00000 0.0330021
10423.00000 0.0328306
10424.00000 0.0326591
10425.00000 0.0324875
10426.00000 0.032316
10427.00000 0.0321445
10428.00000 0.0319729
10429.00000 0.0318013
10430.00000 0.0316297
10431.00000 0.031515
10432.00000 0.0314003
10433.00000 0.0312856
10434.00000 0.0311709
10435.00000 0.0310562
10436.00000 0.0309416
10437.00000 0.0308269
10438.00000 0.0307123
10439.00000 0.0305976
10440.00000 0.030483
10441.00000 0.0303674
10442.00000 0.0302519
10443.00000 0.0301362
10444.00000 0.0300206
10445.00000 0.0299049
10446.00000 0.0297832
10447.00000 0.0296614
10448.00000 0.0295397
10449.00000 0.029418
10450.00000 0.0292962
10451.00000 0.029185
10452.00000 0.0290738
10453.00000 0.0289624
10454.00000 0.0288509
10455.00000 0.0287394
10456.00000 0.0286277
10457.00000 0.0285159
10458.00000 0.028404
10459.00000 0.0282921
10460.00000 0.0281801
10461.00000 0.0281193
10462.00000 0.0280586
10463.00000 0.0279978
10464.00000 0.0279371
10465.00000 0.0278764
10466.00000 0.0278158
10467.00000 0.0277552
10468.00000 0.0276945
10469.00000 0.027634
10470.00000 0.0275734
10471.00000 0.0274611
10472.00000 0.0273487
10473.00000 0.0272364
10474.00000 0.0271241
10475.00000 0.0270117
10476.00000 0.0268994
10477.00000 0.0267871
10478.00000 0.0266748
10479.00000 0.0265624
10480.00000 0.0264501
10481.00000 0.0263369
10482.00000 0.0262237
10483.00000 0.0261104
10484.00000 0.0259971
10485.00000 0.0258838
10486.00000 0.0257652
10487.00000 0.0256466
10488.00000 0.025528
10489.00000 0.0254094
10490.00000 0.0252909
10491.00000 0.0252326
10492.00000 0.0251743
10493.00000 0.0251161
10494.00000 0.0250579
10495.00000 0.0249998
10496.00000 0.0249417
10497.00000 0.0248837
10498.00000 0.0248257
10499.00000 0.0247678
10500.00000 0.0247099
10501.00000 0.0245962
10502.00000 0.0244825
10503.00000 0.0243689
10504.00000 0.0242553
10505.00000 0.0241418
10506.00000 0.0240284
10507.00000 0.023915
10508.00000 0.0238016
10509.00000 0.0236882
10510.00000 0.0235749
10511.00000 0.0235181
10512.00000 0.0234612
10513.00000 0.0234044
10514.00000 0.0233475
10515.00000 0.0232906
10516.00000 0.0232337
10517.00000 0.0231768
10518.00000 0.0231199
10519.00000 0.0230629
10520.00000 0.023006
10521.00000 0.0228879
10522.00000 0.0227698
10523.00000 0.0226517
10524.00000 0.0225337
10525.00000 0.0224157
10526.00000 0.0223022
10527.00000 0.0221887
10528.00000 0.0220752
10529.00000 0.0219617
10530.00000 0.0218482
10531.00000 0.0217908
10532.00000 0.0217334
10533.00000 0.0216759
10534.00000 0.0216185
10535.00000 0.0215611
10536.00000 0.0215037
10537.00000 0.0214463
10538.00000 0.0213888
10539.00000 0.0213314
10540.00000 0.021274
10541.00000 0.0212139
10542.00000 0.0211537
10543.00000 0.0210936
10544.00000 0.0210335
10545.00000 0.0209734
10546.00000 0.0209176
10547.00000 0.0208617
10548.00000 0.0208059
10549.00000 0.02075
10550.00000 0.0206941
10551.00000 0.0205788
10552.00000 0.0204636
10553.00000 0.0203483
10554.00000 0.020233
10555.00000 0.0201178
10556.00000 0.0199984
10557.00000 0.0198792
10558.00000 0.01976
10559.00000 0.0196408
10560.00000 0.0195217
10561.00000 0.0194645
10562.00000 0.0194072
10563.00000 0.01935
10564.00000 0.0192928
10565.00000 0.0192355
10566.00000 0.0191744
10567.00000 0.0191133
10568.00000 0.0190523
10569.00000 0.0189912
10570.00000 0.0189302
10571.00000 0.0188754
10572.00000 0.0188207
10573.00000 0.0187659
10574.00000 0.0187111
10575.00000 0.0186563
10576.00000 0.0185977
10577.00000 0.0185391
10578.00000 0.0184805
10579.00000 0.0184219
10580.00000 0.0183633
10581.00000 0.0183065
10582.00000 0.0182497
10583.00000 0.0181929
10584.00000 0.0181361
10585.00000 0.0180793
10586.00000 0.0180225
10587.00000 0.0179657
10588.00000 0.0179089
10589.00000 0.017852
10590.00000 0.0177952
10591.00000 0.0177369
10592.00000 0.0176787
10593.00000 0.0176204
10594.00000 0.0175622
10595.00000 0.0175039
10596.00000 0.0174492
10597.00000 0.0173945
10598.00000 0.0173398
10599.00000 0.017285
10600.00000 0.0172302
10601.00000 0.0171733
10602.00000 0.0171163
10603.00000 0.0170594
10604.00000 0.0170024
10605.00000 0.0169455
10606.00000 0.0168851
10607.00000 0.0168247
10608.00000 0.0167643
10609.00000 0.016704
10610.00000 0.0166437
10611.00000 0.0165868
10612.00000 0.0165298
10613.00000 0.0164729
10614.00000 0.016416
10615.00000 0.0163591
10616.00000 0.0163021
10617.00000 0.0162452
10618.00000 0.0161882
10619.00000 0.0161313
10620.00000 0.0160744
10621.00000 0.0160148
10622.00000 0.0159554
10623.00000 0.0158959
10624.00000 0.0158364
10625.00000 0.015777
10626.00000 0.0157208
10627.00000 0.0156645
10628.00000 0.0156083
10629.00000 0.015552
10630.00000 0.0154958
10631.00000 0.0154399
10632.00000 0.015384
