threeML/data/optical_filters/LSST/LSST-r.ecsv
# %ECSV 0.9
# ---
# datatype:
# - {name: wavelength, unit: Angstrom, datatype: float32}
# - {name: response, datatype: float32}
# meta: !!omap
# - {band_name: r}
# - {group_name: LSST}
wavelength response
[from data line 800]
6170.00000 0.43923
6171.00000 0.439268
6172.00000 0.439307
6173.00000 0.439345
6174.00000 0.439383
6175.00000 0.439422
6176.00000 0.439557
6177.00000 0.439692
6178.00000 0.439827
6179.00000 0.439963
6180.00000 0.440098
6181.00000 0.440177
6182.00000 0.440255
6183.00000 0.440334
6184.00000 0.440412
6185.00000 0.440491
6186.00000 0.44057
6187.00000 0.440648
6188.00000 0.440727
6189.00000 0.440805
6190.00000 0.440884
6191.00000 0.44103
6192.00000 0.441176
6193.00000 0.441322
6194.00000 0.441468
6195.00000 0.441614
6196.00000 0.441662
6197.00000 0.441711
6198.00000 0.44176
6199.00000 0.441809
6200.00000 0.441858
6201.00000 0.441982
6202.00000 0.442107
6203.00000 0.442231
6204.00000 0.442356
6205.00000 0.442481
6206.00000 0.442508
6207.00000 0.442535
6208.00000 0.442563
6209.00000 0.44259
6210.00000 0.442618
6211.00000 0.442674
6212.00000 0.44273
6213.00000 0.442786
6214.00000 0.442842
6215.00000 0.442898
6216.00000 0.443052
6217.00000 0.443205
6218.00000 0.443359
6219.00000 0.443512
6220.00000 0.443666
6221.00000 0.443711
6222.00000 0.443757
6223.00000 0.443802
6224.00000 0.443848
6225.00000 0.443894
6226.00000 0.444037
6227.00000 0.44418
6228.00000 0.444323
6229.00000 0.444466
6230.00000 0.444609
6231.00000 0.444633
6232.00000 0.444658
6233.00000 0.444682
6234.00000 0.444707
6235.00000 0.444731
6236.00000 0.444755
6237.00000 0.444779
6238.00000 0.444803
6239.00000 0.444826
6240.00000 0.44485
6241.00000 0.44494
6242.00000 0.445031
6243.00000 0.445121
6244.00000 0.445213
6245.00000 0.445304
6246.00000 0.445298
6247.00000 0.445293
6248.00000 0.445288
6249.00000 0.445284
6250.00000 0.44528
6251.00000 0.445334
6252.00000 0.445388
6253.00000 0.445444
6254.00000 0.4455
6255.00000 0.445557
6256.00000 0.445714
6257.00000 0.445871
6258.00000 0.44603
6259.00000 0.44619
6260.00000 0.44635
6261.00000 0.446351
6262.00000 0.446352
6263.00000 0.446354
6264.00000 0.446356
6265.00000 0.446358
6266.00000 0.446263
6267.00000 0.446167
6268.00000 0.446071
6269.00000 0.445975
6270.00000 0.44588
6271.00000 0.444991
6272.00000 0.444101
6273.00000 0.443212
6274.00000 0.442322
6275.00000 0.441433
6276.00000 0.440054
6277.00000 0.438676
6278.00000 0.437299
6279.00000 0.435921
6280.00000 0.434544
6281.00000 0.435039
6282.00000 0.435535
6283.00000 0.43603
6284.00000 0.436526
6285.00000 0.437022
6286.00000 0.437813
6287.00000 0.438604
6288.00000 0.439395
6289.00000 0.440186
6290.00000 0.440977
6291.00000 0.440942
6292.00000 0.440906
6293.00000 0.440869
6294.00000 0.44083
6295.00000 0.440789
6296.00000 0.440844
6297.00000 0.440897
6298.00000 0.440948
6299.00000 0.440997
6300.00000 0.441044
6301.00000 0.441416
6302.00000 0.441785
6303.00000 0.442153
6304.00000 0.442519
6305.00000 0.442882
6306.00000 0.443147
6307.00000 0.443409
6308.00000 0.44367
6309.00000 0.443929
6310.00000 0.444187
6311.00000 0.444357
6312.00000 0.444526
6313.00000 0.444694
6314.00000 0.444863
6315.00000 0.445033
6316.00000 0.445204
6317.00000 0.445375
6318.00000 0.445546
6319.00000 0.445717
6320.00000 0.445889
6321.00000 0.446059
6322.00000 0.446229
6323.00000 0.4464
6324.00000 0.44657
6325.00000 0.446741
6326.00000 0.446814
6327.00000 0.446887
6328.00000 0.44696
6329.00000 0.447032
6330.00000 0.447105
6331.00000 0.447123
6332.00000 0.447141
6333.00000 0.447159
6334.00000 0.447177
6335.00000 0.447196
6336.00000 0.447214
6337.00000 0.447232
6338.00000 0.44725
6339.00000 0.447269
6340.00000 0.447288
6341.00000 0.447263
6342.00000 0.447238
6343.00000 0.447215
6344.00000 0.447193
6345.00000 0.447171
6346.00000 0.447249
6347.00000 0.447327
6348.00000 0.447406
6349.00000 0.447487
6350.00000 0.447568
6351.00000 0.44756
6352.00000 0.447553
6353.00000 0.447547
6354.00000 0.447541
6355.00000 0.447535
6356.00000 0.447627
6357.00000 0.447719
6358.00000 0.447812
6359.00000 0.447905
6360.00000 0.447998
6361.00000 0.447933
6362.00000 0.447867
6363.00000 0.447802
6364.00000 0.447736
6365.00000 0.44767
6366.00000 0.447701
6367.00000 0.447732
6368.00000 0.447763
6369.00000 0.447794
6370.00000 0.447825
6371.00000 0.447809
6372.00000 0.447794
6373.00000 0.447779
6374.00000 0.447764
6375.00000 0.447749
6376.00000 0.447831
6377.00000 0.447913
6378.00000 0.447995
6379.00000 0.448077
6380.00000 0.448158
6381.00000 0.448147
6382.00000 0.448136
6383.00000 0.448125
6384.00000 0.448114
6385.00000 0.448102
6386.00000 0.448188
6387.00000 0.448274
6388.00000 0.44836
6389.00000 0.448445
6390.00000 0.448531
6391.00000 0.448512
6392.00000 0.448493
6393.00000 0.448475
6394.00000 0.448456
6395.00000 0.448437
6396.00000 0.448418
6397.00000 0.448399
6398.00000 0.44838
6399.00000 0.448361
6400.00000 0.448342
6401.00000 0.448427
6402.00000 0.448512
6403.00000 0.448597
6404.00000 0.448682
6405.00000 0.448767
6406.00000 0.448755
6407.00000 0.448743
6408.00000 0.448731
6409.00000 0.44872
6410.00000 0.448708
6411.00000 0.448795
6412.00000 0.448882
6413.00000 0.448969
6414.00000 0.449057
6415.00000 0.449144
6416.00000 0.449134
6417.00000 0.449125
6418.00000 0.449115
6419.00000 0.449105
6420.00000 0.449096
6421.00000 0.449082
6422.00000 0.449067
6423.00000 0.449053
6424.00000 0.449039
6425.00000 0.449025
6426.00000 0.449108
6427.00000 0.449191
6428.00000 0.449274
6429.00000 0.449357
6430.00000 0.449439
6431.00000 0.44943
6432.00000 0.449421
6433.00000 0.449412
6434.00000 0.449403
6435.00000 0.449394
6436.00000 0.449385
6437.00000 0.449376
6438.00000 0.449367
6439.00000 0.449357
6440.00000 0.449348
6441.00000 0.449491
6442.00000 0.449634
6443.00000 0.449778
6444.00000 0.449921
6445.00000 0.450064
6446.00000 0.45011
6447.00000 0.450156
6448.00000 0.450202
6449.00000 0.450249
6450.00000 0.450295
6451.00000 0.450287
6452.00000 0.450279
6453.00000 0.450271
6454.00000 0.450263
6455.00000 0.450255
6456.00000 0.45015
6457.00000 0.450045
6458.00000 0.44994
6459.00000 0.449835
6460.00000 0.44973
6461.00000 0.449608
6462.00000 0.449485
6463.00000 0.449362
6464.00000 0.449239
6465.00000 0.449117
6466.00000 0.448897
6467.00000 0.448677
6468.00000 0.448458
6469.00000 0.448238
6470.00000 0.448019
6471.00000 0.447974
6472.00000 0.44793
6473.00000 0.447885
6474.00000 0.44784
6475.00000 0.447796
6476.00000 0.447751
6477.00000 0.447706
6478.00000 0.447661
6479.00000 0.447617
6480.00000 0.447572
6481.00000 0.447748
6482.00000 0.447925
6483.00000 0.448101
6484.00000 0.448278
6485.00000 0.448454
6486.00000 0.448534
6487.00000 0.448614
6488.00000 0.448695
6489.00000 0.448775
6490.00000 0.448856
6491.00000 0.448898
6492.00000 0.448941
6493.00000 0.448983
6494.00000 0.449024
6495.00000 0.449064
6496.00000 0.449395
6497.00000 0.449725
6498.00000 0.450054
6499.00000 0.450382
6500.00000 0.450709
6501.00000 0.450835
6502.00000 0.450959
6503.00000 0.451083
6504.00000 0.451205
6505.00000 0.451327
6506.00000 0.451157
6507.00000 0.450986
6508.00000 0.450815
6509.00000 0.450644
6510.00000 0.450472
6511.00000 0.450186
6512.00000 0.449899
6513.00000 0.449612
6514.00000 0.449325
6515.00000 0.449039
6516.00000 0.448946
6517.00000 0.448853
6518.00000 0.44876
6519.00000 0.448666
6520.00000 0.448572
6521.00000 0.44889
6522.00000 0.449208
6523.00000 0.449525
6524.00000 0.449841
6525.00000 0.450157
6526.00000 0.450279
6527.00000 0.450401
6528.00000 0.450522
6529.00000 0.450643
6530.00000 0.450764
6531.00000 0.450724
6532.00000 0.450684
6533.00000 0.450644
6534.00000 0.450605
6535.00000 0.450565
6536.00000 0.450623
6537.00000 0.45068
6538.00000 0.450737
6539.00000 0.450795
6540.00000 0.450853
6541.00000 0.450704
6542.00000 0.450555
6543.00000 0.450407
6544.00000 0.45026
6545.00000 0.450115
6546.00000 0.450067
6547.00000 0.45002
6548.00000 0.449974
6549.00000 0.449929
6550.00000 0.449886
6551.00000 0.449887
6552.00000 0.44989
6553.00000 0.449894
6554.00000 0.449899
6555.00000 0.449904
6556.00000 0.450007
6557.00000 0.45011
6558.00000 0.450214
6559.00000 0.450319
6560.00000 0.450424
6561.00000 0.450524
6562.00000 0.450624
6563.00000 0.450724
6564.00000 0.450824
6565.00000 0.450923
6566.00000 0.451022
6567.00000 0.451121
6568.00000 0.45122
6569.00000 0.451319
6570.00000 0.451418
6571.00000 0.451367
6572.00000 0.451315
6573.00000 0.451263
6574.00000 0.451212
6575.00000 0.45116
6576.00000 0.451205
6577.00000 0.45125
6578.00000 0.451294
6579.00000 0.451339
6580.00000 0.451384
6581.00000 0.451532
6582.00000 0.45168
6583.00000 0.451828
6584.00000 0.451976
6585.00000 0.452124
6586.00000 0.452272
6587.00000 0.45242
6588.00000 0.452568
6589.00000 0.452716
6590.00000 0.452864
6591.00000 0.452866
6592.00000 0.452868
6593.00000 0.45287
6594.00000 0.452871
6595.00000 0.452873
6596.00000 0.452971
6597.00000 0.45307
6598.00000 0.453168
6599.00000 0.453266
6600.00000 0.453365
6601.00000 0.453347
6602.00000 0.45333
6603.00000 0.453313
6604.00000 0.453295
6605.00000 0.453278
6606.00000 0.453357
6607.00000 0.453436
6608.00000 0.453515
6609.00000 0.453594
6610.00000 0.453673
6611.00000 0.453631
6612.00000 0.453589
6613.00000 0.453547
6614.00000 0.453505
6615.00000 0.453464
6616.00000 0.453518
6617.00000 0.453573
6618.00000 0.453627
6619.00000 0.453682
6620.00000 0.453736
6621.00000 0.453727
6622.00000 0.453718
6623.00000 0.453709
6624.00000 0.4537
6625.00000 0.453691
6626.00000 0.453682
6627.00000 0.453673
6628.00000 0.453664
6629.00000 0.453655
6630.00000 0.453646
6631.00000 0.453692
6632.00000 0.453738
6633.00000 0.453783
6634.00000 0.453829
6635.00000 0.453875
6636.00000 0.453825
6637.00000 0.453775
6638.00000 0.453726
6639.00000 0.453677
6640.00000 0.453627
6641.00000 0.453589
6642.00000 0.453551
6643.00000 0.453512
6644.00000 0.453472
6645.00000 0.453432
6646.00000 0.453487
6647.00000 0.453542
6648.00000 0.453595
6649.00000 0.453647
6650.00000 0.453699
6651.00000 0.453687
6652.00000 0.453675
6653.00000 0.453662
6654.00000 0.453647
6655.00000 0.453632
6656.00000 0.453616
6657.00000 0.453599
6658.00000 0.453582
6659.00000 0.453564
6660.00000 0.453546
6661.00000 0.453574
6662.00000 0.453603
6663.00000 0.453631
6664.00000 0.45366
6665.00000 0.453689
6666.00000 0.453623
6667.00000 0.453557
6668.00000 0.453491
6669.00000 0.453425
6670.00000 0.453359
6671.00000 0.453297
6672.00000 0.453234
6673.00000 0.453171
6674.00000 0.453108
6675.00000 0.453045
6676.00000 0.453076
6677.00000 0.453106
6678.00000 0.453136
6679.00000 0.453165
6680.00000 0.453194
6681.00000 0.45317
6682.00000 0.453146
6683.00000 0.453121
6684.00000 0.453096
6685.00000 0.453072
6686.00000 0.453046
6687.00000 0.453021
6688.00000 0.452995
6689.00000 0.45297
6690.00000 0.452945
6691.00000 0.45303
6692.00000 0.453117
6693.00000 0.453204
6694.00000 0.453293
6695.00000 0.453383
6696.00000 0.45338
6697.00000 0.453377
6698.00000 0.453376
6699.00000 0.453377
6700.00000 0.453378
6701.00000 0.453302
6702.00000 0.453227
6703.00000 0.453153
6704.00000 0.45308
6705.00000 0.453007
6706.00000 0.453031
6707.00000 0.453055
6708.00000 0.45308
6709.00000 0.453106
6710.00000 0.453132
6711.00000 0.453058
6712.00000 0.452984
6713.00000 0.452911
6714.00000 0.452837
6715.00000 0.452763
6716.00000 0.452688
6717.00000 0.452613
6718.00000 0.452539
6719.00000 0.452464
6720.00000 0.452389
6721.00000 0.452405
6722.00000 0.452422
6723.00000 0.452438
6724.00000 0.452454
6725.00000 0.452471
6726.00000 0.452391
6727.00000 0.452312
6728.00000 0.452233
6729.00000 0.452154
6730.00000 0.452074
6731.00000 0.452024
6732.00000 0.451973
6733.00000 0.451922
6734.00000 0.451872
6735.00000 0.451821
6736.00000 0.45177
6737.00000 0.451719
6738.00000 0.451669
6739.00000 0.451618
6740.00000 0.451567
6741.00000 0.451585
6742.00000 0.451603
6743.00000 0.451621
6744.00000 0.451639
6745.00000 0.451657
6746.00000 0.45158
6747.00000 0.451502
6748.00000 0.451425
6749.00000 0.451348
6750.00000 0.45127
6751.00000 0.451204
6752.00000 0.451138
6753.00000 0.451072
6754.00000 0.451005
6755.00000 0.450939
6756.00000 0.450873
6757.00000 0.450806
6758.00000 0.45074
6759.00000 0.450674
6760.00000 0.450608
6761.00000 0.450619
6762.00000 0.450631
6763.00000 0.450642
6764.00000 0.450654
6765.00000 0.450665
6766.00000 0.450582
6767.00000 0.450262
6768.00000 0.449943
6769.00000 0.448963
6770.00000 0.447983
6771.00000 0.447063
6772.00000 0.446143
6773.00000 0.445223
6774.00000 0.444304
6775.00000 0.443384
6776.00000 0.442558
6777.00000 0.441731
6778.00000 0.440904
6779.00000 0.440077
6780.00000 0.439249
6781.00000 0.438308
6782.00000 0.437368
6783.00000 0.436451
6784.00000 0.435534
6785.00000 0.434617
6786.00000 0.433701
6787.00000 0.432784
6788.00000 0.431868
6789.00000 0.430951
6790.00000 0.430035
6791.00000 0.429062
6792.00000 0.428089
6793.00000 0.427093
6794.00000 0.426097
6795.00000 0.425125
6796.00000 0.424154
6797.00000 0.423182
6798.00000 0.422211
6799.00000 0.421241
6800.00000 0.420271
6801.00000 0.41941
6802.00000 0.41855
6803.00000 0.417006
6804.00000 0.415462
6805.00000 0.413705
6806.00000 0.411862
6807.00000 0.409995
6808.00000 0.408129
6809.00000 0.406287
6810.00000 0.404446
6811.00000 0.402576
6812.00000 0.400707
6813.00000 0.398815
6814.00000 0.396924
6815.00000 0.395057
6816.00000 0.393191
6817.00000 0.391326
6818.00000 0.389461
6819.00000 0.387574
6820.00000 0.385687
6821.00000 0.383853
6822.00000 0.382019
6823.00000 0.380186
6824.00000 0.378353
6825.00000 0.376497
6826.00000 0.374721
6827.00000 0.372967
6828.00000 0.371213
6829.00000 0.369459
6830.00000 0.367705
6831.00000 0.365847
6832.00000 0.363989
6833.00000 0.362155
6834.00000 0.360322
6835.00000 0.35849
6836.00000 0.356658
6837.00000 0.354827
6838.00000 0.352997
6839.00000 0.351143
6840.00000 0.34929
6841.00000 0.34743
6842.00000 0.345571
6843.00000 0.343712
6844.00000 0.341853
6845.00000 0.339971
6846.00000 0.338089
6847.00000 0.336231
6848.00000 0.334373
6849.00000 0.332516
6850.00000 0.330658
6851.00000 0.328813
6852.00000 0.326967
6853.00000 0.325145
6854.00000 0.323322
6855.00000 0.3215
6856.00000 0.319342
6857.00000 0.317164
6858.00000 0.31499
6859.00000 0.312844
6860.00000 0.310701
6861.00000 0.305907
6862.00000 0.301148
6863.00000 0.296402
6864.00000 0.291691
6865.00000 0.287039
6866.00000 0.278119
6867.00000 0.269287
6868.00000 0.260541
6869.00000 0.251862
6870.00000 0.24327
6871.00000 0.238465
6872.00000 0.2337
6873.00000 0.228977
6874.00000 0.224295
6875.00000 0.219636
6876.00000 0.221916
6877.00000 0.224168
6878.00000 0.226372
6879.00000 0.22853
6880.00000 0.230641
6881.00000 0.23206
6882.00000 0.233439
6883.00000 0.2348
6884.00000 0.236122
6885.00000 0.237407
6886.00000 0.235033
6887.00000 0.232669
6888.00000 0.230317
6889.00000 0.227954
6890.00000 0.225602
6891.00000 0.224029
6892.00000 0.222455
6893.00000 0.220883
6894.00000 0.219311
6895.00000 0.21772
6896.00000 0.217116
6897.00000 0.216518
6898.00000 0.215907
6899.00000 0.215283
6900.00000 0.214645
6901.00000 0.213812
6902.00000 0.212967
6903.00000 0.212132
6904.00000 0.211286
6905.00000 0.210428
6906.00000 0.209656
6907.00000 0.20885
6908.00000 0.208031
6909.00000 0.20722
6910.00000 0.206396
6911.00000 0.205339
6912.00000 0.204273
6913.00000 0.203176
6914.00000 0.202068
6915.00000 0.200973
6916.00000 0.199823
6917.00000 0.198665
6918.00000 0.197498
6919.00000 0.196301
6920.00000 0.195094
6921.00000 0.193838
6922.00000 0.192574
6923.00000 0.191303
6924.00000 0.190024
6925.00000 0.188715
6926.00000 0.187316
6927.00000 0.185934
6928.00000 0.184546
6929.00000 0.183152
6930.00000 0.181752
6931.00000 0.180117
6932.00000 0.17848
6933.00000 0.176863
6934.00000 0.175245
6935.00000 0.173624
6936.00000 0.171891
6937.00000 0.170157
6938.00000 0.168424
6939.00000 0.166669
6940.00000 0.164913
6941.00000 0.163222
6942.00000 0.161531
6943.00000 0.159839
6944.00000 0.158146
6945.00000 0.156429
6946.00000 0.154811
6947.00000 0.153213
6948.00000 0.151611
6949.00000 0.150007
6950.00000 0.148399
6951.00000 0.146693
6952.00000 0.144986
6953.00000 0.1433
6954.00000 0.141613
6955.00000 0.139925
6956.00000 0.138176
6957.00000 0.136405
6958.00000 0.134634
6959.00000 0.132886
6960.00000 0.131139
6961.00000 0.129546
6962.00000 0.12795
6963.00000 0.126327
6964.00000 0.124699
6965.00000 0.123091
6966.00000 0.121504
6967.00000 0.119912
6968.00000 0.118316
6969.00000 0.116691
6970.00000 0.115062
6971.00000 0.113318
6972.00000 0.111574
6973.00000 0.10983
