threeML/data/optical_filters/NIRT/NSFCAM-H_old.ecsv
# %ECSV 0.9
# ---
# datatype:
# - {name: wavelength, unit: Angstrom, datatype: float32}
# - {name: response, datatype: float32}
# meta: !!omap
# - {band_name: H_old}
# - {group_name: NSFCAM}
wavelength response
11685.23926 0.0
12983.59961 0.004333
12987.00000 0.002515
12990.40039 0.000444
12993.79980 0.001621
12997.09961 0.000991
13000.50000 0.003792
13003.90039 0.001894
13007.29980 0.00295
13010.70020 0.000924
13014.09961 0.002145
13017.40039 0.001422
13020.79980 0.00096
13024.20020 0.001158
13027.59961 0.001871
13031.00000 0.003771
13034.40039 0.001467
13037.79980 0.001964
13041.20020 0.001815
13044.59961 0.001219
13048.00000 0.001264
13051.40039 0.001533
13054.79980 0.002363
13058.20020 0.001324
13061.70020 0.000255
13065.09961 0.00116
13068.50000 0.001716
13071.90039 0.003541
13075.29980 0.001521
13078.70020 0.000252
13082.20020 0.001949
13085.59961 0.000524
13089.00000 0.002654
13092.40039 0.002485
13095.90039 0.00346
13099.29980 0.002879
13102.70020 0.002137
13106.20020 0.000963
13109.59961 0.001301
13113.00000 0.001388
13116.50000 0.002158
13119.90039 0.001598
13123.40039 0.001083
13126.79980 0.003
13130.29980 0.000762
13133.70020 0.001054
13137.20020 0.001941
13140.59961 0.002612
13144.09961 0.001779
13147.50000 0.000712
13151.00000 0.001229
13154.40039 0.002325
13157.90039 0.001346
13161.40039 0.000974
13164.79980 0.0014
13168.29980 0.000239
13171.79980 0.0019
13175.20020 0.000708
13178.70020 0.002727
13182.20020 0.003172
13185.70020 0.001538
13189.09961 0.000797
13192.59961 0.0013
13196.09961 0.001782
13199.59961 0.000623
13203.09961 0.001172
13206.59961 0.002978
13210.00000 0.003202
13213.50000 0.002089
13217.00000 0.002789
13220.50000 0.000727
13224.00000 0.001214
13227.50000 0.001516
13231.00000 0.002472
13234.50000 0.00158
13238.00000 0.001255
13241.50000 0.000578
13245.00000 0.000237
13248.50000 0.002803
13252.09961 0.00225
13255.59961 0.002097
13259.09961 0.001321
13262.59961 0.001026
13266.09961 0.001174
13269.59961 0.001854
13273.20020 0.001355
13276.70020 0.001198
13280.20020 0.00221
13283.70020 0.000475
13287.29980 0.000622
13290.79980 0.000643
13294.29980 0.001024
13297.90039 0.000446
13301.40039 0.000703
13304.90039 0.001212
13308.50000 0.001615
13312.00000 0.001283
13315.59961 0.001685
13319.09961 0.001183
13322.70020 0.002113
13326.20020 0.002082
13329.79980 0.000832
13333.29980 0.000839
13336.90039 0.001743
13340.40039 0.002105
13344.00000 0.001422
13347.59961 0.001949
13351.09961 0.001394
13354.70020 0.000118
13358.29980 0.002245
13361.79980 0.002047
13365.40039 0.000816
13369.00000 0.001179
13372.59961 0.000989
13376.09961 0.000859
13379.70020 0.000187
13383.29980 0.000947
13386.90039 0.000492
13390.50000 0.002692
13394.09961 0.001454
13397.59961 0.000727
13401.20020 0.001493
13404.79980 0.001068
13408.40039 0.001383
13412.00000 0.002502
13415.59961 0.001536
13419.20020 0.00148
13422.79980 0.00062
13426.40039 0.003227
13430.00000 0.003347
13433.59961 0.000493
13437.20020 0.001326
13440.90039 0.001223
13444.50000 0.000778
13448.09961 0.000642
13451.70020 0.001422
13455.29980 0.002464
13459.00000 0.000899
13462.59961 0.000684
13466.20020 0.001424
13469.79980 0.000961
13473.50000 0.002047
13477.09961 0.001586
13480.70020 0.000721
13484.40039 0.000986
13488.00000 0.000421
13491.59961 0.000375
13495.29980 0.000688
13498.90039 0.002683
13502.59961 0.000868
13506.20020 0.000352
13509.90039 0.000981
13513.50000 0.002253
13517.20020 0.00127
13520.79980 0.002341
13524.50000 0.001765
13528.09961 0.000791
13531.79980 0.000538
13535.50000 0.000497
13539.09961 0.000873
13542.79980 0.00111
13546.50000 0.002135
13550.09961 0.000844
13553.79980 0.000193
13557.50000 0.000768
13561.20020 0.002413
13564.79980 0.002853
13568.50000 0.001992
13572.20020 0.001053
13575.90039 0.001292
13579.59961 0.001796
13583.29980 0.001216
13587.00000 0.000879
13590.59961 0.001289
13594.29980 0.002076
13598.00000 0.001515
13601.70020 0.000484
13605.40039 0.002706
13609.09961 0.00274
13612.90039 0.002158
13616.59961 0.001308
13620.29980 0.001891
13624.00000 0.000984
13627.70020 0.001465
13631.40039 0.001397
13635.09961 0.000705
13638.79980 0.00079
13642.59961 0.002009
13646.29980 0.001726
13650.00000 0.002171
13653.70020 0.001247
13657.50000 0.001536
13661.20020 0.001501
13664.90039 0.000666
13668.70020 0.000848
13672.40039 0.000377
13676.09961 0.001761
13679.90039 0.00133
13683.59961 0.00012
13687.40039 0.001
13691.09961 0.001068
13694.90039 0.001868
13698.59961 0.001102
13702.40039 0.0011
13706.09961 0.002474
13709.90039 0.001784
13713.70020 0.000627
13717.40039 0.00211
13721.20020 0.000553
13725.00000 4.1e-05
13728.70020 0.000367
13732.50000 0.002586
13736.29980 0.00137
13740.00000 0.001599
13743.79980 0.001553
13747.59961 0.001195
13751.40039 0.000783
13755.20020 0.001153
13758.90039 0.001455
13762.70020 0.001786
13766.50000 0.001528
13770.29980 0.001135
13774.09961 0.000695
13777.90039 0.000724
13781.70020 0.000773
13785.50000 0.001746
13789.29980 0.000803
13793.09961 0.001102
13796.90039 0.001288
13800.70020 0.001644
13804.50000 0.001313
13808.29980 0.00106
13812.20020 0.001815
13816.00000 0.001843
13819.79980 0.001534
13823.59961 0.000617
13827.40039 0.000737
13831.29980 0.001589
13835.09961 0.000367
13838.90039 0.002307
13842.70020 0.002065
13846.59961 0.000217
13850.40039 0.000796
13854.29980 0.000804
13858.09961 0.000964
13861.90039 0.001428
13865.79980 0.001435
13869.59961 0.000552
13873.50000 0.001864
13877.29980 0.001429
13881.20020 0.000637
13885.00000 0.001673
13888.90039 0.001432
13892.70020 0.000184
13896.59961 0.000553
13900.50000 0.001378
13904.29980 0.000923
13908.20020 0.000931
13912.09961 0.001084
13915.90039 0.001079
13919.79980 0.000972
13923.70020 0.001248
13927.59961 0.001047
13931.50000 0.000499
13935.29980 0.000808
13939.20020 0.00133
13943.09961 0.002097
13947.00000 0.001117
13950.90039 0.001371
13954.79980 0.00086
13958.70020 0.000703
13962.59961 0.000294
13966.50000 0.000923
13970.40039 0.001079
13974.29980 0.001516
13978.20020 0.000701
13982.09961 0.003275
13986.00000 0.000776
13989.90039 0.001564
13993.79980 0.001459
13997.79980 0.001188
14001.70020 0.001795
14005.59961 0.002287
14009.50000 0.001798
14013.50000 0.002009
14017.40039 0.001111
14021.29980 0.00073
14025.20020 0.001682
14029.20020 0.001837
14033.09961 0.001397
14037.09961 0.0026
14041.00000 0.003949
14044.90039 0.002413
14048.90039 0.001286
14052.79980 0.002366
14056.79980 0.001828
14060.70020 0.001217
14064.70020 0.001773
14068.70020 0.002575
14072.59961 0.001574
14076.59961 0.00166
14080.50000 0.002328
14084.50000 0.00218
14088.50000 0.002058
14092.40039 0.002287
14096.40039 0.004321
14100.40039 0.003044
14104.40039 0.001615
14108.40039 0.003012
14112.29980 0.002742
14116.29980 0.003176
14120.29980 0.003087
14124.29980 0.002166
14128.29980 0.003834
14132.29980 0.003208
14136.29980 0.002474
14140.29980 0.003919
14144.29980 0.003228
14148.29980 0.003347
14152.29980 0.005147
14156.29980 0.00445
14160.29980 0.004839
14164.29980 0.004159
14168.29980 0.004162
14172.29980 0.003625
14176.40039 0.005337
14180.40039 0.005149
14184.40039 0.006056
14188.40039 0.004592
14192.40039 0.005676
14196.50000 0.005857
14200.50000 0.006346
14204.50000 0.006196
14208.59961 0.007851
14212.59961 0.006156
14216.70020 0.006704
14220.70020 0.005409
14224.79980 0.006522
14228.79980 0.007077
14232.79980 0.007084
14236.90039 0.00759
14241.00000 0.007454
14245.00000 0.008226
14249.09961 0.009077
14253.09961 0.008361
14257.20020 0.008315
14261.29980 0.00914
14265.29980 0.009228
14269.40039 0.009335
14273.50000 0.009586
14277.59961 0.011264
14281.59961 0.011246
14285.70020 0.010931
14289.79980 0.012402
14293.90039 0.01212
14298.00000 0.012095
14302.09961 0.013317
14306.20020 0.014263
14310.20020 0.01439
14314.29980 0.015242
14318.40039 0.01493
14322.50000 0.015014
14326.59961 0.015531
14330.79980 0.01638
14334.90039 0.016546
14339.00000 0.017466
14343.09961 0.018273
14347.20020 0.018
14351.29980 0.019301
14355.40039 0.0193
14359.59961 0.020335
14363.70020 0.020886
14367.79980 0.021311
14371.90039 0.022619
14376.09961 0.023873
14380.20020 0.023999
14384.29980 0.023981
14388.50000 0.025801
14392.59961 0.027081
14396.79980 0.027856
14400.90039 0.027066
14405.09961 0.029329
14409.20020 0.030867
14413.40039 0.03364
14417.50000 0.032974
14421.70020 0.034097
14425.90039 0.036714
14430.00000 0.037568
14434.20020 0.037923
14438.29980 0.039682
14442.50000 0.041796
14446.70020 0.043959
14450.90039 0.045517
14455.00000 0.047377
14459.20020 0.048244
14463.40039 0.051424
14467.59961 0.052478
14471.79980 0.054066
14476.00000 0.056066
14480.20020 0.059407
14484.40039 0.062383
14488.59961 0.06436
14492.79980 0.067043
14497.00000 0.069711
14501.20020 0.071516
14505.40039 0.075254
14509.59961 0.078271
14513.79980 0.081105
14518.00000 0.084737
14522.20020 0.088565
14526.40039 0.091808
14530.70020 0.093821
14534.90039 0.100122
14539.09961 0.102115
14543.29980 0.107439
14547.59961 0.110958
14551.79980 0.116403
14556.00000 0.120035
14560.29980 0.125822
14564.50000 0.129071
14568.79980 0.135038
14573.00000 0.140552
14577.29980 0.146227
14581.50000 0.149753
14585.79980 0.155757
14590.00000 0.161809
14594.29980 0.165672
14598.50000 0.171959
14602.79980 0.177926
14607.09961 0.1832
14611.29980 0.190592
14615.59961 0.19576
14619.90039 0.199902
14624.20020 0.20649
14628.40039 0.212837
14632.70020 0.219704
14637.00000 0.225099
14641.29980 0.230448
14645.59961 0.237403
14649.90039 0.24313
14654.20020 0.250216
14658.50000 0.255658
14662.79980 0.260644
14667.09961 0.266372
14671.40039 0.270928
14675.70020 0.276989
14680.00000 0.283048
14684.29980 0.286775
14688.59961 0.290384
14692.90039 0.295972
14697.20020 0.301501
14701.59961 0.306795
14705.90039 0.308665
14710.20020 0.313812
14714.50000 0.318104
14718.90039 0.322225
14723.20020 0.325314
14727.50000 0.329048
14731.90039 0.331461
14736.20020 0.333775
14740.59961 0.338385
14744.90039 0.340674
14749.29980 0.343901
14753.59961 0.345474
14758.00000 0.349989
14762.29980 0.351411
14766.70020 0.354058
14771.00000 0.357318
14775.40039 0.357841
14779.79980 0.358864
14784.20020 0.360541
14788.50000 0.362859
14792.90039 0.365001
14797.29980 0.366783
14801.70020 0.368636
14806.00000 0.370706
14810.40039 0.373075
14814.79980 0.374453
14819.20020 0.376037
14823.59961 0.37765
14828.00000 0.378321
14832.40039 0.37993
14836.79980 0.3804
14841.20020 0.381067
14845.59961 0.384407
14850.00000 0.38594
14854.40039 0.386647
14858.79980 0.391482
14863.29980 0.390701
14867.70020 0.392676
14872.09961 0.395144
14876.50000 0.396998
14881.00000 0.396695
14885.40039 0.399524
14889.79980 0.40096
14894.29980 0.404742
14898.70020 0.406435
14903.09961 0.408736
14907.59961 0.408981
14912.00000 0.413221
14916.50000 0.413546
14920.90039 0.416624
14925.40039 0.418596
14929.79980 0.422627
14934.29980 0.423573
14938.79980 0.426148
14943.20020 0.430424
14947.70020 0.431706
14952.20020 0.43343
14956.59961 0.437863
14961.09961 0.439881
14965.59961 0.443944
14970.09961 0.446514
14974.50000 0.448261
14979.00000 0.452752
14983.50000 0.454404
14988.00000 0.458394
14992.50000 0.460891
14997.00000 0.465834
15001.50000 0.468076
15006.00000 0.472094
15010.50000 0.471899
15015.00000 0.479872
15019.50000 0.482963
15024.00000 0.486222
15028.59961 0.488006
15033.09961 0.493412
15037.59961 0.496372
15042.09961 0.50213
15046.59961 0.502887
15051.20020 0.507512
15055.70020 0.510955
15060.20020 0.515685
15064.79980 0.519378
15069.29980 0.522719
15073.90039 0.525564
15078.40039 0.529874
15083.00000 0.532907
15087.50000 0.536566
15092.09961 0.541128
15096.59961 0.544344
15101.20020 0.548941
15105.70020 0.552482
15110.29980 0.555497
15114.90039 0.558685
15119.40039 0.564822
15124.00000 0.566909
15128.59961 0.571578
15133.20020 0.573798
15137.79980 0.578566
15142.29980 0.582627
15146.90039 0.585567
15151.50000 0.58826
15156.09961 0.59436
15160.70020 0.595455
15165.29980 0.60018
15169.90039 0.602121
15174.50000 0.605074
15179.09961 0.607888
15183.70020 0.612686
15188.29980 0.614626
15193.00000 0.616914
15197.59961 0.619866
15202.20020 0.62191
15206.79980 0.624774
15211.40039 0.629492
15216.09961 0.630809
15220.70020 0.630568
15225.29980 0.633824
15230.00000 0.63455
15234.59961 0.638146
15239.29980 0.638811
15243.90039 0.643091
15248.59961 0.642522
15253.20020 0.646998
15257.90039 0.645111
15262.50000 0.648525
15267.20020 0.650074
15271.79980 0.651329
15276.50000 0.651581
15281.20020 0.654466
15285.79980 0.654174
15290.50000 0.656536
15295.20020 0.65671
15299.90039 0.65916
15304.59961 0.658696
15309.20020 0.66034
15313.90039 0.660176
15318.59961 0.660627
15323.29980 0.66127
15328.00000 0.662124
15332.70020 0.661662
15337.40039 0.661212
15342.09961 0.662387
15346.79980 0.664002
15351.59961 0.662869
15356.29980 0.663196
15361.00000 0.663473
15365.70020 0.662071
15370.40039 0.664152
15375.20020 0.662293
15379.90039 0.665236
15384.59961 0.663218
15389.40039 0.664709
15394.09961 0.662601
15398.79980 0.664241
15403.59961 0.659961
15408.29980 0.662957
15413.09961 0.661672
15417.79980 0.66331
15422.59961 0.66131
15427.29980 0.661498
15432.09961 0.660754
15436.90039 0.659998
15441.59961 0.659612
15446.40039 0.659845
15451.20020 0.660015
15456.00000 0.660578
15460.70020 0.661141
15465.50000 0.658705
15470.29980 0.658752
15475.09961 0.656535
15479.90039 0.658034
15484.70020 0.657428
15489.50000 0.657008
15494.29980 0.656349
15499.09961 0.657128
15503.90039 0.655658
15508.70020 0.657192
15513.50000 0.656051
15518.29980 0.657045
15523.09961 0.654895
15528.00000 0.654122
15532.79980 0.653088
15537.59961 0.655158
15542.40039 0.653964
15547.29980 0.656162
15552.09961 0.652986
15556.90039 0.654979
15561.79980 0.652521
15566.59961 0.653995
15571.50000 0.652344
15576.29980 0.653197
15581.20020 0.653474
15586.00000 0.651846
15590.90039 0.65236
15595.79980 0.652808
15600.59961 0.651339
15605.50000 0.651021
15610.40039 0.651917
15615.20020 0.651338
15620.09961 0.65268
15625.00000 0.651216
15629.90039 0.652289
15634.79980 0.650958
15639.70020 0.652174
15644.59961 0.649253
15649.50000 0.652398
15654.40039 0.650244
15659.29980 0.650546
15664.20020 0.651236
15669.09961 0.652129
15674.00000 0.651466
15678.90039 0.65094
15683.79980 0.649953
15688.70020 0.653294
15693.70020 0.650419
15698.59961 0.650334
15703.50000 0.651418
15708.50000 0.652031
15713.40039 0.651395
15718.29980 0.650977
15723.29980 0.650831
15728.20020 0.652082
15733.20020 0.652054
15738.09961 0.652349
15743.09961 0.653093
15748.00000 0.651675
15753.00000 0.652991
15758.00000 0.650378
15762.90039 0.652087
15767.90039 0.651235
15772.90039 0.654175
15777.79980 0.650957
15782.79980 0.653917
15787.79980 0.65208
15792.79980 0.653926
15797.79980 0.652174
15802.79980 0.6532
15807.79980 0.652074
15812.79980 0.654146
15817.79980 0.651061
15822.79980 0.655002
15827.79980 0.653824
15832.79980 0.654572
15837.79980 0.652932
15842.79980 0.652387
15847.90039 0.65296
15852.90039 0.654298
15857.90039 0.654469
15862.90039 0.654778
15868.00000 0.653569
15873.00000 0.654048
15878.09961 0.655875
15883.09961 0.653297
15888.09961 0.655629
15893.20020 0.654949
15898.29980 0.65543
15903.29980 0.652786
15908.40039 0.657821
15913.40039 0.655336
15918.50000 0.657937
15923.59961 0.653978
15928.59961 0.656076
15933.70020 0.653894
15938.79980 0.658053
15943.90039 0.65567
15949.00000 0.657959
15954.09961 0.656581
15959.09961 0.656242
15964.20020 0.65669
15969.29980 0.65869
15974.40039 0.657588
15979.50000 0.659839
15984.70020 0.659465
15989.79980 0.659562
15994.90039 0.659092
16000.00000 0.658445
16005.09961 0.659434
16010.20020 0.659833
16015.40039 0.660974
16020.50000 0.660573
16025.59961 0.661434
16030.79980 0.660568
16035.90039 0.661464
16041.09961 0.660336
16046.20020 0.662706
16051.40039 0.661772
16056.50000 0.663996
16061.70020 0.660741
16066.79980 0.666198
16072.00000 0.661788
16077.20020 0.66674
16082.29980 0.663587
16087.50000 0.665651
16092.70020 0.66435
16097.90039 0.666482
16103.09961 0.665558
16108.20020 0.666728
16113.40039 0.667397
16118.59961 0.666367
16123.79980 0.667128
16129.00000 0.668804
16134.20020 0.669158
16139.40039 0.670678
16144.70020 0.671129
16149.90039 0.669371
16155.09961 0.671219
16160.29980 0.671028
16165.50000 0.673509
16170.79980 0.671863
16176.00000 0.675244
16181.20020 0.671489
16186.50000 0.676534
16191.70020 0.673703
16197.00000 0.677055
