threeML/data/optical_filters/NIRT/NSFCAM-H_old.ecsv
# %ECSV 0.9
# ---
# datatype:
# - {name: wavelength, unit: Angstrom, datatype: float32}
# - {name: response, datatype: float32}
# meta: !!omap
# - {band_name: H_old}
# - {group_name: NSFCAM}
wavelength response
[from data line 767]
16207.50000 0.677197
16212.70020 0.674175
16218.00000 0.679731
16223.20020 0.67578
16228.50000 0.677983
16233.79980 0.677446
16239.00000 0.679128
16244.29980 0.677819
16249.59961 0.681779
16254.90039 0.680406
16260.20020 0.681534
16265.50000 0.680565
16270.70020 0.682257
16276.00000 0.683119
16281.29980 0.68359
16286.59961 0.68288
16292.00000 0.682565
16297.29980 0.68529
16302.59961 0.682413
16307.90039 0.685027
16313.20020 0.682643
16318.50000 0.685017
16323.90039 0.681429
16329.20020 0.687418
16334.50000 0.680461
16339.90039 0.687081
16345.20020 0.683271
16350.59961 0.686922
16355.90039 0.683302
16361.29980 0.686352
16366.59961 0.683232
16372.00000 0.68706
16377.29980 0.683185
16382.70020 0.686088
16388.09961 0.683861
16393.40039 0.685218
16398.80078 0.684556
16404.19922 0.685859
16409.59961 0.683383
16415.00000 0.683897
16420.40039 0.685413
16425.80078 0.684762
16431.19922 0.684531
16436.59961 0.683414
16442.00000 0.68334
16447.40039 0.682119
16452.80078 0.683922
16458.19922 0.680396
16463.59961 0.682781
16469.00000 0.680804
16474.50000 0.682167
16479.90039 0.677639
16485.30078 0.68197
16490.80078 0.677605
16496.19922 0.681307
16501.69922 0.673954
16507.09961 0.677084
16512.50000 0.675313
16518.00000 0.676084
16523.50000 0.673538
16528.90039 0.67529
16534.40039 0.67251
16539.90039 0.674347
16545.30078 0.671741
16550.80078 0.671679
16556.30078 0.670649
16561.80078 0.66999
16567.30078 0.668842
16572.80078 0.667863
16578.19922 0.667201
16583.69922 0.666597
16589.30078 0.667411
16594.80078 0.664345
16600.30078 0.664513
16605.80078 0.661399
16611.30078 0.664427
16616.80078 0.65967
16622.30078 0.663731
16627.90039 0.65925
16633.40039 0.662196
16638.90039 0.656515
16644.50000 0.661386
16650.00000 0.656965
16655.59961 0.65912
16661.09961 0.65413
16666.69922 0.656438
16672.19922 0.652037
16677.80078 0.655286
16683.40039 0.652136
16688.90039 0.654042
16694.50000 0.6508
16700.09961 0.651916
16705.59961 0.649661
16711.19922 0.649829
16716.80078 0.648574
16722.40039 0.647771
16728.00000 0.649513
16733.59961 0.646415
16739.19922 0.647661
16744.80078 0.645088
16750.40039 0.647133
16756.00000 0.640778
16761.59961 0.645688
16767.30078 0.642691
16772.90039 0.64529
16778.50000 0.640276
16784.19922 0.64261
16789.80078 0.639436
16795.40039 0.642475
16801.09961 0.639853
16806.69922 0.642513
16812.40039 0.636921
16818.00000 0.641078
16823.69922 0.6389
16829.40039 0.640409
16835.00000 0.638076
16840.69922 0.640477
16846.40039 0.638264
16852.00000 0.638833
16857.69922 0.638413
16863.40039 0.637021
16869.09961 0.638293
16874.80078 0.638145
16880.50000 0.638124
16886.19922 0.637218
16891.90039 0.638567
16897.59961 0.636189
16903.30078 0.639106
16909.00000 0.635614
16914.69922 0.639087
16920.50000 0.635217
16926.19922 0.639288
16931.90039 0.635015
16937.69922 0.6398
16943.40039 0.635427
16949.19922 0.640455
16954.90039 0.634634
16960.69922 0.63959
16966.40039 0.63592
16972.19922 0.640778
16977.90039 0.636874
16983.69922 0.640696
16989.50000 0.635888
16995.19922 0.64055
17001.00000 0.637728
17006.80078 0.638394
17012.59961 0.638413
17018.40039 0.638964
17024.19922 0.638748
17030.00000 0.638881
17035.80078 0.64028
17041.59961 0.636604
17047.40039 0.638996
17053.19922 0.639395
17059.00000 0.641867
17064.80078 0.638562
17070.69922 0.641848
17076.50000 0.636303
17082.30078 0.64136
17088.19922 0.639624
17094.00000 0.642162
17099.90039 0.636188
17105.69922 0.64345
17111.59961 0.639341
17117.40039 0.642954
17123.30078 0.636606
17129.19922 0.643538
17135.00000 0.638351
17140.90039 0.642318
17146.80078 0.637433
17152.69922 0.642815
17158.50000 0.63914
17164.40039 0.640737
17170.30078 0.639573
17176.19922 0.638269
17182.09961 0.640081
17188.00000 0.640826
17193.90039 0.639892
17199.90039 0.637416
17205.80078 0.639567
17211.69922 0.636601
17217.59961 0.638688
17223.59961 0.632366
17229.50000 0.638773
17235.40039 0.631498
17241.40039 0.638174
17247.30078 0.629489
17253.30078 0.634958
17259.19922 0.627107
17265.19922 0.63484
17271.19922 0.626287
17277.09961 0.631549
17283.09961 0.625105
17289.09961 0.629259
17295.09961 0.620666
17301.00000 0.625892
17307.00000 0.619323
17313.00000 0.621405
17319.00000 0.615729
17325.00000 0.615165
17331.00000 0.612012
17337.00000 0.610251
17343.00000 0.608989
17349.09961 0.603387
17355.09961 0.602618
17361.09961 0.599712
17367.09961 0.595316
17373.19922 0.588862
17379.19922 0.590255
17385.30078 0.580088
17391.30078 0.581399
17397.40039 0.572529
17403.40039 0.574626
17409.50000 0.5615
17415.50000 0.563922
17421.59961 0.550958
17427.69922 0.551455
17433.80078 0.536415
17439.80078 0.537975
17445.90039 0.521953
17452.00000 0.521264
17458.09961 0.507948
17464.19922 0.506307
17470.30078 0.493081
17476.40039 0.487051
17482.50000 0.474884
17488.59961 0.467452
17494.80078 0.457025
17500.90039 0.449037
17507.00000 0.436311
17513.09961 0.425601
17519.30078 0.416131
17525.40039 0.403344
17531.59961 0.3948
17537.69922 0.381938
17543.90039 0.370883
17550.00000 0.356728
17556.19922 0.349418
17562.30078 0.334511
17568.50000 0.326313
17574.69922 0.309755
17580.90039 0.303548
17587.09961 0.28666
17593.19922 0.283247
17599.40039 0.264346
17605.59961 0.258376
17611.80078 0.244475
17618.00000 0.238267
17624.30078 0.223784
17630.50000 0.217261
17636.69922 0.205337
17642.90039 0.198133
17649.09961 0.186812
17655.40039 0.178472
17661.59961 0.170352
17667.80078 0.162448
17674.09961 0.154182
17680.30078 0.147209
17686.59961 0.138899
17692.90039 0.132503
17699.09961 0.127471
17705.40039 0.117899
17711.69922 0.112156
17717.90039 0.107375
17724.19922 0.101859
17730.50000 0.095407
17736.80078 0.091134
17743.09961 0.084734
17749.40039 0.081556
17755.69922 0.076178
17762.00000 0.0734
17768.30078 0.069272
17774.59961 0.065529
17780.90039 0.061766
17787.30078 0.058364
17793.59961 0.054618
17799.90039 0.051265
17806.30078 0.048218
17812.59961 0.048573
17819.00000 0.043472
17825.30078 0.042179
17831.69922 0.040702
17838.00000 0.03692
17844.40039 0.036271
17850.80078 0.034506
17857.09961 0.032512
17863.50000 0.029906
17869.90039 0.028055
17876.30078 0.027259
17882.69922 0.025271
17889.09961 0.025037
17895.50000 0.025171
17901.90039 0.021216
17908.30078 0.021659
17914.69922 0.020199
17921.09961 0.018238
17927.59961 0.018209
17934.00000 0.016542
17940.40039 0.014685
17946.90039 0.016667
17953.30078 0.014359
17959.80078 0.014492
17966.19922 0.014054
17972.69922 0.012182
17979.09961 0.012491
17985.59961 0.011853
17992.09961 0.009209
17998.59961 0.00965
18005.00000 0.010577
18011.50000 0.009463
18018.00000 0.008231
18024.50000 0.008925
18031.00000 0.008567
18037.50000 0.007061
18044.00000 0.007758
18050.50000 0.006896
18057.09961 0.008178
18063.59961 0.007365
18070.09961 0.005679
18076.59961 0.006694
18083.19922 0.005883
18089.69922 0.006251
18096.30078 0.00559
19905.93164 0.0
