threeML/data/optical_filters/NIRT/NSFCAM-Spencer23.ecsv
# %ECSV 0.9
# ---
# datatype:
# - {name: wavelength, unit: Angstrom, datatype: float32}
# - {name: response, datatype: float32}
# meta: !!omap
# - {band_name: Spencer23}
# - {group_name: NSFCAM}
wavelength response
19305.00000 0.0
21450.00000 0.004369
21459.19922 0.0045
21468.40039 0.004644
21477.69922 0.004777
21486.90039 0.004942
21496.09961 0.006197
21505.40039 0.005916
21514.59961 0.006553
21523.90039 0.006742
21533.19922 0.007397
21542.40039 0.008321
21551.69922 0.008456
21561.00000 0.009317
21570.30078 0.010217
21579.59961 0.011232
21588.90039 0.011728
21598.30078 0.012126
21607.59961 0.01303
21616.90039 0.014315
21626.30078 0.015583
21635.69922 0.016572
21645.00000 0.018156
21654.40039 0.019922
21663.80078 0.021833
21673.19922 0.023605
21682.59961 0.026096
21692.00000 0.029006
21701.40039 0.031914
21710.80078 0.035257
21720.19922 0.03819
21729.69922 0.042191
21739.09961 0.04676
21748.59961 0.051398
21758.09961 0.056561
21767.50000 0.063056
21777.00000 0.069288
21786.50000 0.076687
21796.00000 0.084962
21805.50000 0.094389
21815.00000 0.104307
21824.50000 0.115749
21834.09961 0.127524
21843.59961 0.140884
21853.09961 0.155293
21862.69922 0.171089
21872.30078 0.188338
21881.80078 0.206869
21891.40039 0.226535
21901.00000 0.247191
21910.59961 0.26928
21920.19922 0.292136
21929.80078 0.316308
21939.40039 0.339694
21949.09961 0.363908
21958.69922 0.387525
21968.40039 0.411191
21978.00000 0.432811
21987.69922 0.454799
21997.40039 0.473141
22007.00000 0.492116
22016.69922 0.50778
22026.40039 0.522676
22036.09961 0.535496
22045.90039 0.54649
22055.59961 0.5558
22065.30078 0.565197
22075.09961 0.57199
22084.80078 0.577637
22094.59961 0.583547
22104.30078 0.587906
22114.09961 0.591664
22123.90039 0.595329
22133.69922 0.598614
22143.50000 0.600946
22153.30078 0.603655
22163.09961 0.606121
22172.90039 0.608523
22182.80078 0.609674
22192.59961 0.612018
22202.50000 0.612611
22212.40039 0.613681
22222.19922 0.613686
22232.09961 0.615024
22242.00000 0.614359
22251.90039 0.614752
22261.80078 0.613721
22271.69922 0.614834
22281.59961 0.61366
22291.59961 0.613892
22301.50000 0.6133
22311.50000 0.613955
22321.40039 0.613394
22331.40039 0.614023
22341.40039 0.614515
22351.40039 0.615309
22361.40039 0.616321
22371.40039 0.617386
22381.40039 0.617794
22391.40039 0.618505
22401.40039 0.618677
22411.50000 0.618595
22421.50000 0.619183
22431.59961 0.618104
22441.69922 0.617796
22451.69922 0.617
22461.80078 0.616214
22471.90039 0.614821
22482.00000 0.613862
22492.09961 0.612208
22502.30078 0.610712
22512.40039 0.608718
22522.50000 0.607307
22532.69922 0.604562
22542.80078 0.603262
22553.00000 0.60106
22563.19922 0.5991
22573.40039 0.596468
22583.59961 0.59499
22593.80078 0.591941
22604.00000 0.590623
22614.19922 0.588242
22624.40039 0.586394
22634.69922 0.58404
22644.90039 0.582004
22655.19922 0.579601
22665.50000 0.576825
22675.69922 0.574677
22686.00000 0.572396
22696.30078 0.569767
22706.59961 0.566983
22716.90039 0.564902
22727.30078 0.562501
22737.59961 0.560823
22748.00000 0.559381
22758.30078 0.558962
22768.69922 0.557411
22779.00000 0.557103
22789.40039 0.556525
22799.80078 0.555767
22810.19922 0.554438
22820.59961 0.553822
22831.09961 0.552123
22841.50000 0.550671
22851.90039 0.548238
22862.40039 0.54728
22872.80078 0.545015
22883.30078 0.543465
22893.80078 0.541846
22904.30078 0.540499
22914.80078 0.538952
22925.30078 0.537335
22935.80078 0.536492
22946.30078 0.535524
22956.80078 0.533948
22967.40039 0.533454
22977.90039 0.53242
22988.50000 0.530964
22999.09961 0.530453
23009.69922 0.529556
23020.30078 0.529633
23030.90039 0.528927
23041.50000 0.529576
23052.09961 0.52935
23062.69922 0.529608
23073.40039 0.529543
23084.00000 0.530509
23094.69922 0.529408
23105.40039 0.529557
23116.00000 0.528632
23126.69922 0.527972
23137.40039 0.526974
23148.09961 0.52711
23158.90039 0.526531
23169.59961 0.526685
23180.30078 0.527747
23191.09961 0.529443
23201.90039 0.531968
23212.59961 0.534957
23223.40039 0.538237
23234.19922 0.541664
23245.00000 0.543775
23255.80078 0.546146
23266.59961 0.54802
23277.50000 0.548922
23288.30078 0.550202
23299.19922 0.55112
23310.00000 0.552245
23320.90039 0.552102
23331.80078 0.553194
23342.69922 0.552742
23353.59961 0.553462
23364.50000 0.552377
23375.40039 0.552156
23386.30078 0.550087
23397.30078 0.548795
23408.19922 0.546115
23419.19922 0.543821
23430.19922 0.539644
23441.19922 0.53597
23452.19922 0.530793
23463.19922 0.52423
23474.19922 0.516829
23485.19922 0.508882
23496.19922 0.500076
23507.30078 0.490193
23518.30078 0.478988
23529.40039 0.46627
23540.50000 0.453042
23551.59961 0.438605
23562.69922 0.42297
23573.80078 0.406097
23584.90039 0.388184
23596.00000 0.369043
23607.19922 0.349491
23618.30078 0.329506
23629.50000 0.309595
23640.69922 0.288753
23651.80078 0.268658
23663.00000 0.249385
23674.19922 0.230391
23685.50000 0.21282
23696.69922 0.195618
23707.90039 0.179124
23719.19922 0.16385
23730.40039 0.149363
23741.69922 0.135965
23753.00000 0.12378
23764.30078 0.112367
23775.59961 0.101866
23786.90039 0.092589
23798.19922 0.083531
23809.50000 0.075727
23820.90039 0.068628
23832.19922 0.061917
23843.59961 0.056149
23855.00000 0.050886
23866.30078 0.045835
23877.69922 0.041459
23889.19922 0.037795
23900.59961 0.03411
23912.00000 0.030948
23923.40039 0.027796
23934.90039 0.025384
23946.40039 0.022957
23957.80078 0.020874
23969.30078 0.019215
23980.80078 0.017483
23992.30078 0.015837
24003.80078 0.014468
24015.40039 0.013128
24026.90039 0.011658
24038.50000 0.01117
24050.00000 0.009705
24061.59961 0.009105
24073.19922 0.008355
24084.80078 0.007911
24096.40039 0.007165
24108.00000 0.006494
24119.59961 0.00574
24131.30078 0.005425
24142.90039 0.005109
24154.59961 0.004381
26570.06055 0.0
