threeML/data/optical_filters/NIRT/NSFCAM-K_old.ecsv
# %ECSV 0.9
# ---
# datatype:
# - {name: wavelength, unit: Angstrom, datatype: float32}
# - {name: response, datatype: float32}
# meta: !!omap
# - {band_name: K_old}
# - {group_name: NSFCAM}
wavelength response
16898.22070 0.0
18775.80078 0.004287
18782.90039 0.00248
18789.90039 0.00189
18797.00000 0.00436
18804.09961 0.004205
18811.09961 0.003706
18818.19922 0.003358
18825.30078 0.004108
18832.40039 0.004327
18839.50000 0.003363
18846.59961 0.00087
18853.69922 0.003927
18860.80078 0.003051
18867.90039 0.004415
18875.00000 0.003437
18882.19922 0.002865
18889.30078 0.003292
18896.40039 0.00368
18903.59961 0.003716
18910.69922 0.003176
18917.90039 0.004551
18925.09961 0.003819
18932.19922 0.003303
18939.40039 0.003679
18946.59961 0.005466
18953.80078 0.004439
18960.90039 0.004049
18968.09961 0.00509
18975.30078 0.005603
18982.50000 0.006393
18989.69922 0.004269
18997.00000 0.005015
19004.19922 0.003965
19011.40039 0.00494
19018.59961 0.00559
19025.90039 0.003652
19033.09961 0.005222
19040.40039 0.005184
19047.59961 0.005146
19054.90039 0.005578
19062.09961 0.004875
19069.40039 0.005774
19076.69922 0.005322
19084.00000 0.006001
19091.30078 0.00629
19098.50000 0.006459
19105.80078 0.006644
19113.09961 0.007413
19120.50000 0.006446
19127.80078 0.006261
19135.09961 0.0069
19142.40039 0.007967
19149.80078 0.008247
19157.09961 0.007216
19164.40039 0.007478
19171.80078 0.007016
19179.09961 0.007853
19186.50000 0.008068
19193.90039 0.00813
19201.19922 0.007855
19208.59961 0.008076
19216.00000 0.008631
19223.40039 0.008788
19230.80078 0.009269
19238.19922 0.009448
19245.59961 0.009384
19253.00000 0.010068
19260.40039 0.011214
19267.80078 0.010943
19275.30078 0.011242
19282.69922 0.01184
19290.09961 0.010722
19297.59961 0.011441
19305.00000 0.011487
19312.50000 0.012895
19319.90039 0.012804
19327.40039 0.012694
19334.90039 0.012615
19342.40039 0.013432
19349.80078 0.01354
19357.30078 0.01308
19364.80078 0.013971
19372.30078 0.014997
19379.80078 0.016144
19387.40039 0.016741
19394.90039 0.015753
19402.40039 0.017448
19409.90039 0.018059
19417.50000 0.018254
19425.00000 0.018741
19432.59961 0.019388
19440.09961 0.019897
19447.69922 0.02045
19455.30078 0.020442
19462.80078 0.022313
19470.40039 0.021718
19478.00000 0.02287
19485.59961 0.023658
19493.19922 0.024831
19500.80078 0.025846
19508.40039 0.026398
19516.00000 0.027046
19523.59961 0.027443
19531.19922 0.029307
19538.90039 0.030664
19546.50000 0.030497
19554.19922 0.031425
19561.80078 0.032973
19569.50000 0.03418
19577.09961 0.034767
19584.80078 0.036128
19592.50000 0.037185
19600.19922 0.038142
19607.80078 0.040201
19615.50000 0.040873
19623.19922 0.043035
19630.90039 0.044297
19638.59961 0.045165
19646.40039 0.047813
19654.09961 0.049453
19661.80078 0.050994
19669.59961 0.052077
19677.30078 0.054395
19685.00000 0.056348
19692.80078 0.058769
19700.59961 0.060134
19708.30078 0.06344
19716.09961 0.065366
19723.90039 0.067924
19731.59961 0.070154
19739.40039 0.073196
19747.19922 0.076278
19755.00000 0.079011
19762.80078 0.082106
19770.69922 0.085731
19778.50000 0.089107
19786.30078 0.092459
19794.09961 0.096086
19802.00000 0.099619
19809.80078 0.102852
19817.69922 0.108018
19825.50000 0.112283
19833.40039 0.117091
19841.30078 0.121279
19849.09961 0.126131
19857.00000 0.130498
19864.90039 0.136249
19872.80078 0.142118
19880.69922 0.146971
19888.59961 0.152824
19896.50000 0.159701
19904.50000 0.165233
19912.40039 0.172012
19920.30078 0.178288
19928.30078 0.185685
19936.19922 0.192866
19944.19922 0.200701
19952.09961 0.207638
19960.09961 0.215829
19968.09961 0.223981
19976.00000 0.232256
19984.00000 0.241628
19992.00000 0.2504
20000.00000 0.259418
20008.00000 0.267871
20016.00000 0.278312
20024.00000 0.288158
20032.09961 0.298334
20040.09961 0.308133
20048.09961 0.318987
20056.19922 0.328861
20064.19922 0.340496
20072.30078 0.350102
20080.30078 0.362495
20088.40039 0.373343
20096.50000 0.385527
20104.50000 0.396301
20112.59961 0.407988
20120.69922 0.418174
20128.80078 0.431001
20136.90039 0.441754
20145.00000 0.454213
20153.19922 0.465003
20161.30078 0.477037
20169.40039 0.487602
20177.59961 0.498833
20185.69922 0.510457
20193.90039 0.520575
20202.00000 0.531394
20210.19922 0.542889
20218.40039 0.553306
20226.50000 0.562528
20234.69922 0.573834
20242.90039 0.582416
20251.09961 0.593381
20259.30078 0.601418
20267.50000 0.611452
20275.80078 0.619646
20284.00000 0.629206
20292.19922 0.635845
20300.40039 0.645868
20308.69922 0.651824
20316.90039 0.661317
20325.19922 0.665917
20333.50000 0.675279
20341.69922 0.680077
20350.00000 0.687607
20358.30078 0.692736
20366.59961 0.699525
20374.90039 0.703372
20383.19922 0.709906
20391.50000 0.714736
20399.80078 0.719793
20408.19922 0.724096
20416.50000 0.728054
20424.80078 0.732485
20433.19922 0.736236
20441.50000 0.740092
20449.90039 0.742921
20458.30078 0.747152
20466.59961 0.749513
20475.00000 0.753907
20483.40039 0.755734
20491.80078 0.759181
20500.19922 0.761073
20508.59961 0.76546
20517.00000 0.765242
20525.50000 0.769872
20533.90039 0.769368
20542.30078 0.772853
20550.80078 0.773789
20559.19922 0.776606
20567.69922 0.776875
20576.09961 0.779488
20584.59961 0.779876
20593.09961 0.781969
20601.59961 0.783387
20610.09961 0.784571
20618.59961 0.784902
20627.09961 0.786687
20635.59961 0.787693
20644.09961 0.788837
20652.59961 0.789323
20661.19922 0.789739
20669.69922 0.791436
20678.19922 0.791029
20686.80078 0.792787
20695.40039 0.792362
20703.90039 0.79433
20712.50000 0.793699
20721.09961 0.795456
20729.69922 0.794436
20738.30078 0.796962
20746.90039 0.795773
20755.50000 0.797704
20764.09961 0.79631
20772.69922 0.798334
20781.40039 0.79709
20790.00000 0.798509
20798.69922 0.798467
20807.30078 0.799203
20816.00000 0.798296
20824.69922 0.799884
20833.30078 0.798931
20842.00000 0.799828
20850.69922 0.800114
20859.40039 0.800224
20868.09961 0.800414
20876.80078 0.800946
20885.50000 0.800774
20894.30078 0.800624
20903.00000 0.801419
20911.80078 0.801173
20920.50000 0.801973
20929.30078 0.800531
20938.00000 0.801621
20946.80078 0.800661
20955.59961 0.802296
20964.40039 0.800447
20973.19922 0.80233
20982.00000 0.80039
20990.80078 0.802147
20999.59961 0.80058
21008.40039 0.801479
21017.19922 0.800479
21026.09961 0.801206
21034.90039 0.799477
21043.80078 0.800147
21052.59961 0.799445
21061.50000 0.800194
21070.40039 0.799509
21079.30078 0.799231
21088.09961 0.79929
21097.00000 0.799269
21106.00000 0.798715
21114.90039 0.798764
21123.80078 0.798567
21132.69922 0.798624
21141.59961 0.79905
21150.59961 0.798101
21159.50000 0.798876
21168.50000 0.798125
21177.50000 0.799123
21186.40039 0.798492
21195.40039 0.799743
21204.40039 0.79839
21213.40039 0.800353
21222.40039 0.799252
21231.40039 0.800357
21240.40039 0.799491
21249.50000 0.80035
21258.50000 0.800059
21267.50000 0.801599
21276.59961 0.800674
21285.69922 0.802499
21294.69922 0.801608
21303.80078 0.801801
21312.90039 0.800695
21322.00000 0.801481
21331.09961 0.801299
21340.19922 0.800961
21349.30078 0.800991
21358.40039 0.801179
21367.50000 0.801354
21376.69922 0.801539
21385.80078 0.801711
21395.00000 0.801399
21404.09961 0.802053
21413.30078 0.801728
21422.50000 0.802657
21431.59961 0.801674
21440.80078 0.802965
21450.00000 0.801862
21459.19922 0.803129
21468.40039 0.801538
21477.69922 0.803423
21486.90039 0.802339
21496.09961 0.803629
21505.40039 0.801728
21514.59961 0.803555
21523.90039 0.802416
21533.19922 0.803901
21542.40039 0.802545
21551.69922 0.803759
21561.00000 0.802987
21570.30078 0.80339
21579.59961 0.803003
21588.90039 0.803846
21598.30078 0.804038
21607.59961 0.803455
21616.90039 0.803177
21626.30078 0.803574
21635.69922 0.803423
21645.00000 0.803215
21654.40039 0.803327
21663.80078 0.802675
21673.19922 0.802726
21682.59961 0.802528
21692.00000 0.803082
21701.40039 0.802018
21710.80078 0.802624
21720.19922 0.801826
21729.69922 0.802084
21739.09961 0.801212
21748.59961 0.801711
21758.09961 0.800627
21767.50000 0.8009
21777.00000 0.799962
21786.50000 0.800437
21796.00000 0.799587
21805.50000 0.799811
21815.00000 0.798635
21824.50000 0.798655
21834.09961 0.7985
21843.59961 0.798249
21853.09961 0.797636
21862.69922 0.79727
21872.30078 0.796682
21881.80078 0.796732
21891.40039 0.796263
21901.00000 0.795552
21910.59961 0.795632
21920.19922 0.794852
21929.80078 0.794632
21939.40039 0.793241
21949.09961 0.793937
21958.69922 0.792647
21968.40039 0.793382
21978.00000 0.791769
21987.69922 0.79225
21997.40039 0.790444
22007.00000 0.79134
22016.69922 0.789855
22026.40039 0.790141
22036.09961 0.788743
22045.90039 0.789489
22055.59961 0.788399
22065.30078 0.787971
22075.09961 0.787154
22084.80078 0.787108
22094.59961 0.785988
22104.30078 0.785943
22114.09961 0.785629
22123.90039 0.784665
22133.69922 0.784072
22143.50000 0.783926
22153.30078 0.783685
22163.09961 0.782694
22172.90039 0.782688
22182.80078 0.781551
22192.59961 0.781678
22202.50000 0.780908
22212.40039 0.781006
22222.19922 0.779589
22232.09961 0.779892
22242.00000 0.778778
22251.90039 0.779277
22261.80078 0.777935
22271.69922 0.777985
22281.59961 0.777494
22291.59961 0.777413
22301.50000 0.775953
22311.50000 0.776241
22321.40039 0.774999
22331.40039 0.775203
22341.40039 0.77426
22351.40039 0.774364
22361.40039 0.773816
22371.40039 0.773222
22381.40039 0.772999
22391.40039 0.772836
22401.40039 0.772279
22411.50000 0.771499
22421.50000 0.771687
22431.59961 0.771192
22441.69922 0.771414
22451.69922 0.77054
22461.80078 0.770486
22471.90039 0.769557
22482.00000 0.769934
22492.09961 0.769457
22502.30078 0.76985
22512.40039 0.768607
22522.50000 0.7693
22532.69922 0.768124
22542.80078 0.769083
22553.00000 0.767485
22563.19922 0.768498
22573.40039 0.767566
22583.59961 0.767555
22593.80078 0.76731
22604.00000 0.767995
22614.19922 0.767129
22624.40039 0.76726
22634.69922 0.766963
22644.90039 0.76708
22655.19922 0.766804
22665.50000 0.766754
22675.69922 0.767039
22686.00000 0.766677
22696.30078 0.766731
22706.59961 0.7668
22716.90039 0.76688
22727.30078 0.766393
22737.59961 0.766968
22748.00000 0.766229
22758.30078 0.766944
22768.69922 0.766463
22779.00000 0.767189
22789.40039 0.766179
22799.80078 0.767136
22810.19922 0.766605
22820.59961 0.767514
22831.09961 0.766312
22841.50000 0.767172
22851.90039 0.766176
22862.40039 0.767053
22872.80078 0.766564
22883.30078 0.767359
22893.80078 0.766588
22904.30078 0.766618
22914.80078 0.766691
22925.30078 0.766938
22935.80078 0.766202
22946.30078 0.766322
22956.80078 0.766585
22967.40039 0.766506
22977.90039 0.766053
22988.50000 0.765691
22999.09961 0.766002
23009.69922 0.765642
23020.30078 0.765983
23030.90039 0.764874
23041.50000 0.765209
23052.09961 0.764297
23062.69922 0.765273
23073.40039 0.764296
23084.00000 0.764791
23094.69922 0.763632
23105.40039 0.764159
23116.00000 0.762794
23126.69922 0.763715
23137.40039 0.76274
23148.09961 0.762772
23158.90039 0.761891
23169.59961 0.762339
23180.30078 0.761741
23191.09961 0.761752
23201.90039 0.761412
23212.59961 0.761256
23223.40039 0.760817
23234.19922 0.760543
23245.00000 0.760381
23255.80078 0.76019
23266.59961 0.760146
23277.50000 0.75942
23288.30078 0.759785
23299.19922 0.7593
23310.00000 0.759694
23320.90039 0.759117
23331.80078 0.759611
23342.69922 0.75878
23353.59961 0.759683
23364.50000 0.75895
23375.40039 0.75995
23386.30078 0.759415
23397.30078 0.760489
23408.19922 0.759758
23419.19922 0.760566
23430.19922 0.760961
23441.19922 0.761561
23452.19922 0.761635
23463.19922 0.762392
23474.19922 0.762697
23485.19922 0.763426
23496.19922 0.763625
23507.30078 0.764354
23518.30078 0.76493
23529.40039 0.765318
23540.50000 0.765841
23551.59961 0.766237
23562.69922 0.766862
23573.80078 0.767015
23584.90039 0.767815
23596.00000 0.767499
23607.19922 0.767474
23618.30078 0.767159
23629.50000 0.767122
23640.69922 0.765709
23651.80078 0.765362
23663.00000 0.763771
23674.19922 0.762289
23685.50000 0.759386
23696.69922 0.757536
23707.90039 0.753719
23719.19922 0.750222
23730.40039 0.745331
23741.69922 0.740428
23753.00000 0.734179
23764.30078 0.727344
23775.59961 0.719804
23786.90039 0.711196
23798.19922 0.700798
23809.50000 0.690597
23820.90039 0.679023
23832.19922 0.666339
23843.59961 0.652645
23855.00000 0.637967
23866.30078 0.622293
23877.69922 0.605563
23889.19922 0.588642
23900.59961 0.570473
23912.00000 0.551824
23923.40039 0.532295
23934.90039 0.512892
23946.40039 0.492433
23957.80078 0.472687
23969.30078 0.451759
23980.80078 0.431289
23992.30078 0.41087
24003.80078 0.390981
24015.40039 0.370935
24026.90039 0.351714
24038.50000 0.332379
24050.00000 0.314281
24061.59961 0.296247
24073.19922 0.279017
24084.80078 0.262405
24096.40039 0.246608
24108.00000 0.231481
24119.59961 0.217145
24131.30078 0.203303
24142.90039 0.190433
24154.59961 0.178209
24166.30078 0.166515
24177.90039 0.155752
24189.59961 0.145481
24201.40039 0.135913
24213.09961 0.126987
24224.80078 0.118659
24236.50000 0.110687
24248.30078 0.103387
24260.09961 0.096345
24271.80078 0.090167
24283.59961 0.084286
24295.40039 0.078519
24307.19922 0.072969
24319.09961 0.068465
24330.90039 0.063714
24342.69922 0.059597
24354.59961 0.05569
24366.50000 0.052018
24378.40039 0.048732
24390.19922 0.045659
24402.09961 0.042502
24414.09961 0.03944
24426.00000 0.036977
24437.90039 0.034625
24449.90039 0.032315
24461.80078 0.030108
24473.80078 0.028134
24485.80078 0.026395
24497.80078 0.024741
24509.80078 0.02302
24521.80078 0.021651
24533.90039 0.020361
24545.90039 0.019002
24558.00000 0.017796
24570.00000 0.016607
24582.09961 0.015411
24594.19922 0.014481
24606.30078 0.013511
24618.40039 0.012447
24630.50000 0.011735
24642.69922 0.010832
24654.80078 0.010257
24667.00000 0.009508
24679.19922 0.008946
24691.40039 0.008102
24703.59961 0.007807
24715.80078 0.007157
24728.00000 0.006683
24740.19922 0.006296
24752.50000 0.005979
24764.69922 0.005495
24777.00000 0.005226
24789.30078 0.004802
24801.59961 0.004304
27281.75977 0.0
