threeML/data/optical_filters/NIRT/NSFCAM-FeII.ecsv
# %ECSV 0.9
# ---
# datatype:
# - {name: wavelength, unit: Angstrom, datatype: float32}
# - {name: response, datatype: float32}
# meta: !!omap
# - {band_name: FeII}
# - {group_name: NSFCAM}
wavelength response
14450.84961 0.0
16056.50000 0.004599
16061.70020 0.003726
16066.79980 0.00407
16072.00000 0.006296
16077.20020 0.004945
16082.29980 0.005254
16087.50000 0.005314
16092.70020 0.006675
16097.90039 0.007213
16103.09961 0.007407
16108.20020 0.008169
16113.40039 0.008476
16118.59961 0.009251
16123.79980 0.009595
16129.00000 0.011155
16134.20020 0.012367
16139.40039 0.013444
16144.70020 0.014833
16149.90039 0.016616
16155.09961 0.018287
16160.29980 0.019892
16165.50000 0.02225
16170.79980 0.024864
16176.00000 0.027769
16181.20020 0.030527
16186.50000 0.033668
16191.70020 0.037767
16197.00000 0.042705
16202.20020 0.048
16207.50000 0.054307
16212.70020 0.062062
16218.00000 0.070592
16223.20020 0.080305
16228.50000 0.091331
16233.79980 0.10377
16239.00000 0.11783
16244.29980 0.134005
16249.59961 0.153065
16254.90039 0.174587
16260.20020 0.198615
16265.50000 0.223302
16270.70020 0.251858
16276.00000 0.282287
16281.29980 0.31446
16286.59961 0.348022
16292.00000 0.381239
16297.29980 0.416483
16302.59961 0.448874
16307.90039 0.481278
16313.20020 0.510406
16318.50000 0.53946
16323.90039 0.559688
16329.20020 0.583584
16334.50000 0.595069
16339.90039 0.611554
16345.20020 0.618404
16350.59961 0.626962
16355.90039 0.626766
16361.29980 0.629126
16366.59961 0.625944
16372.00000 0.626674
16377.29980 0.619315
16382.70020 0.616924
16388.09961 0.609418
16393.40039 0.604114
16398.80078 0.595083
16404.19922 0.586444
16409.59961 0.573422
16415.00000 0.559508
16420.40039 0.544993
16425.80078 0.527711
16431.19922 0.506722
16436.59961 0.482936
16442.00000 0.459227
16447.40039 0.430853
16452.80078 0.403806
16458.19922 0.373444
16463.59961 0.344152
16469.00000 0.314249
16474.50000 0.285515
16479.90039 0.254556
16485.30078 0.230408
16490.80078 0.203602
16496.19922 0.181765
16501.69922 0.160079
16507.09961 0.142202
16512.50000 0.125634
16518.00000 0.111345
16523.50000 0.097776
16528.90039 0.086147
16534.40039 0.076693
16539.90039 0.068266
16545.30078 0.06035
16550.80078 0.053743
16556.30078 0.048391
16561.80078 0.043674
16567.30078 0.038551
16572.80078 0.034397
16578.19922 0.031485
16583.69922 0.02766
16589.30078 0.024997
16594.80078 0.023335
16600.30078 0.020758
16605.80078 0.018579
16611.30078 0.016873
16616.80078 0.016526
16622.30078 0.014691
16627.90039 0.013517
16633.40039 0.01308
16638.90039 0.010965
16644.50000 0.009694
16650.00000 0.009369
16655.59961 0.00909
16661.09961 0.00793
16666.69922 0.006424
16672.19922 0.006685
16677.80078 0.006088
16683.40039 0.005212
16688.90039 0.005538
16694.50000 0.005471
16700.09961 0.004222
16705.59961 0.004678
18376.16016 0.0
