threeML/data/optical_filters/NIRT/NSFCAM-H.ecsv
# %ECSV 0.9
# ---
# datatype:
# - {name: wavelength, unit: Angstrom, datatype: float32}
# - {name: response, datatype: float32}
# meta: !!omap
# - {band_name: H}
# - {group_name: NSFCAM}
wavelength response
12990.59961 0.0
14434.00000 0.004059
14439.00000 0.004273
14444.00000 0.004471
14449.00000 0.004731
14454.00000 0.004868
14459.00000 0.005127
14464.00000 0.005432
14469.00000 0.005768
14474.00000 0.006119
14479.00000 0.006455
14484.00000 0.00679
14489.00000 0.007111
14494.00000 0.007539
14499.00000 0.007996
14504.00000 0.008424
14509.00000 0.008942
14514.00000 0.009415
14519.00000 0.00998
14524.00000 0.010651
14529.00000 0.011338
14534.00000 0.012192
14539.00000 0.013062
14544.00000 0.013855
14549.00000 0.014801
14554.00000 0.015747
14559.00000 0.016739
14564.00000 0.017929
14569.00000 0.019211
14574.00000 0.02057
14579.00000 0.022141
14584.00000 0.023728
14589.00000 0.025437
14594.00000 0.027268
14599.00000 0.029267
14604.00000 0.031372
14609.00000 0.033646
14614.00000 0.036103
14619.00000 0.038758
14624.00000 0.041687
14629.00000 0.044846
14634.00000 0.048188
14639.00000 0.051835
14644.00000 0.055649
14649.00000 0.059739
14654.00000 0.064011
14659.00000 0.068634
14664.00000 0.073624
14669.00000 0.079071
14674.00000 0.084763
14679.00000 0.09076
14684.00000 0.096954
14689.00000 0.103638
14694.00000 0.110764
14698.00000 0.117936
14703.00000 0.125428
14708.00000 0.133255
14713.00000 0.141465
14718.00000 0.150528
14723.00000 0.159287
14728.00000 0.1689
14733.00000 0.178452
14738.00000 0.188248
14743.00000 0.199066
14748.00000 0.209152
14753.00000 0.219834
14758.00000 0.231095
14763.00000 0.242402
14768.00000 0.254563
14773.00000 0.266541
14778.00000 0.278733
14783.00000 0.291107
14788.00000 0.303696
14793.00000 0.316971
14798.00000 0.330048
14803.00000 0.343582
14808.00000 0.357758
14813.00000 0.372025
14818.00000 0.386795
14823.00000 0.401032
14828.00000 0.415634
14833.00000 0.43042
14838.00000 0.445816
14843.00000 0.462494
14848.00000 0.478027
14853.00000 0.49408
14858.00000 0.510513
14863.00000 0.525833
14868.00000 0.542282
14873.00000 0.558701
14878.00000 0.574402
14883.00000 0.591065
14888.00000 0.6082
14893.00000 0.624115
14898.00000 0.640427
14903.00000 0.656754
14908.00000 0.671662
14913.00000 0.686844
14918.00000 0.701431
14923.00000 0.714707
14928.00000 0.727982
14933.00000 0.741135
14938.00000 0.752961
14943.00000 0.763794
14948.00000 0.774414
14953.00000 0.784653
14958.00000 0.794251
14963.00000 0.804657
14968.00000 0.813034
14973.00000 0.820404
14978.00000 0.827133
14983.00000 0.832794
14988.00000 0.837585
14993.00000 0.841843
14998.00000 0.845428
15003.00000 0.848694
15008.00000 0.85144
15013.00000 0.854202
15018.00000 0.855453
15023.00000 0.856384
15028.00000 0.857132
15033.00000 0.856781
15038.00000 0.857162
15043.00000 0.856598
15048.00000 0.855835
15053.00000 0.855133
15058.00000 0.853912
15063.00000 0.852921
15068.00000 0.852631
15073.00000 0.851624
15078.00000 0.851608
15083.00000 0.851349
15088.00000 0.850464
15093.00000 0.850479
15098.00000 0.849487
15103.00000 0.848114
15108.00000 0.847473
15113.00000 0.847107
15118.00000 0.846786
15123.00000 0.847809
15128.00000 0.848144
15133.00000 0.84845
15138.00000 0.849396
15143.00000 0.849899
15148.00000 0.851059
15153.00000 0.851776
15158.00000 0.852264
15163.00000 0.85376
15168.00000 0.854294
15173.00000 0.856186
15178.00000 0.858597
15183.00000 0.860062
15188.00000 0.862366
15193.00000 0.864243
15198.00000 0.865051
15203.00000 0.866974
15208.00000 0.868957
15213.00000 0.869904
15218.00000 0.871628
15223.00000 0.872955
15228.00000 0.873733
15233.00000 0.87532
15238.00000 0.877396
15243.00000 0.878525
15248.00000 0.879974
15252.00000 0.881683
15257.00000 0.883133
15262.00000 0.884247
15267.00000 0.885895
15272.00000 0.887009
15277.00000 0.887375
15282.00000 0.888336
15287.00000 0.888672
15292.00000 0.88855
15297.00000 0.888138
15302.00000 0.888397
15307.00000 0.887573
15312.00000 0.887405
15317.00000 0.887955
15322.00000 0.887329
15327.00000 0.887436
15332.00000 0.886917
15337.00000 0.885498
15342.00000 0.883697
15347.00000 0.881988
15352.00000 0.880463
15357.00000 0.879806
15362.00000 0.879822
15367.00000 0.879547
15372.00000 0.87883
15377.00000 0.877655
15382.00000 0.876572
15387.00000 0.875748
15392.00000 0.874161
15397.00000 0.872986
15402.00000 0.871063
15407.00000 0.8685
15412.00000 0.867432
15417.00000 0.866226
15422.00000 0.864838
15427.00000 0.864746
15432.00000 0.863983
15437.00000 0.862991
15442.00000 0.863052
15447.00000 0.862717
15452.00000 0.862549
15457.00000 0.862442
15462.00000 0.861893
15467.00000 0.861191
15472.00000 0.860672
15477.00000 0.860336
15482.00000 0.86058
15487.00000 0.860321
15492.00000 0.860336
15497.00000 0.86058
15502.00000 0.859802
15507.00000 0.860535
15512.00000 0.861893
15517.00000 0.862701
15522.00000 0.864136
15527.00000 0.865127
15532.00000 0.865295
15537.00000 0.865799
15542.00000 0.867096
15547.00000 0.867889
15552.00000 0.869003
15557.00000 0.870666
15562.00000 0.871887
15567.00000 0.873093
15572.00000 0.874969
15577.00000 0.876297
15582.00000 0.87735
15587.00000 0.878723
15592.00000 0.879791
15597.00000 0.880783
15602.00000 0.881989
15607.00000 0.883224
15612.00000 0.883606
15617.00000 0.884186
15622.00000 0.885391
15627.00000 0.886673
15632.00000 0.888931
15637.00000 0.891022
15642.00000 0.892502
15647.00000 0.893158
15652.00000 0.893829
15657.00000 0.894394
15662.00000 0.895172
15667.00000 0.896545
15672.00000 0.897186
15677.00000 0.898331
15682.00000 0.899445
15687.00000 0.900269
15692.00000 0.901016
15697.00000 0.901062
15702.00000 0.900589
15707.00000 0.90004
15712.00000 0.89917
15717.00000 0.898605
15722.00000 0.898086
15727.00000 0.8974
15732.00000 0.8974
15737.00000 0.897278
15742.00000 0.896133
15747.00000 0.896042
15752.00000 0.895416
15757.00000 0.894195
15762.00000 0.894073
15767.00000 0.893082
15772.00000 0.891785
15777.00000 0.891434
15782.00000 0.890533
15787.00000 0.889511
15792.00000 0.888641
15797.00000 0.887192
15802.00000 0.886139
15806.00000 0.884613
15811.00000 0.883896
15816.00000 0.882996
15821.00000 0.88208
15826.00000 0.881302
15831.00000 0.880798
15836.00000 0.880188
15841.00000 0.879379
15846.00000 0.879242
15851.00000 0.878128
15856.00000 0.87764
15861.00000 0.877136
15866.00000 0.876999
15871.00000 0.876633
15876.00000 0.876846
15881.00000 0.876846
15886.00000 0.875748
15891.00000 0.875442
15896.00000 0.874313
15901.00000 0.873413
15906.00000 0.873474
15911.00000 0.873444
15916.00000 0.87384
15921.00000 0.8741
15926.00000 0.874618
15931.00000 0.874908
15936.00000 0.875046
15941.00000 0.8759
15946.00000 0.876373
15951.00000 0.877182
15956.00000 0.878098
15961.00000 0.878281
15966.00000 0.878799
15971.00000 0.878998
15976.00000 0.878769
15981.00000 0.8797
15986.00000 0.880341
15991.00000 0.8815
15996.00000 0.88327
16001.00000 0.884293
16006.00000 0.885483
16011.00000 0.885925
16016.00000 0.886658
16021.00000 0.887772
16026.00000 0.888687
16031.00000 0.889954
16036.00000 0.890945
16041.00000 0.891754
16046.00000 0.892654
16051.00000 0.893784
16056.00000 0.895264
16061.00000 0.896103
16066.00000 0.897324
16071.00000 0.898621
16076.00000 0.898727
16081.00000 0.899612
16086.00000 0.900101
16091.00000 0.899582
16096.00000 0.900589
16101.00000 0.901016
16106.00000 0.901092
16111.00000 0.901779
16116.00000 0.901276
16121.00000 0.90097
16126.00000 0.900589
16131.00000 0.899841
16136.00000 0.899704
16141.00000 0.899292
16146.00000 0.89946
16151.00000 0.899887
16156.00000 0.899246
16161.00000 0.898849
16166.00000 0.89772
16171.00000 0.897125
16176.00000 0.89624
16181.00000 0.896133
16186.00000 0.89566
16191.00000 0.893921
16196.00000 0.893097
16201.00000 0.891067
16206.00000 0.88913
16211.00000 0.887436
16216.00000 0.886093
16221.00000 0.883987
16226.00000 0.882172
16231.00000 0.881042
16236.00000 0.878906
16241.00000 0.877884
16246.00000 0.876739
16251.00000 0.87471
16256.00000 0.872207
16261.00000 0.870178
16266.00000 0.868057
16271.00000 0.866333
16276.00000 0.865249
16281.00000 0.862655
16286.00000 0.859878
16291.00000 0.857788
16296.00000 0.855484
16301.00000 0.854065
16306.00000 0.852722
16311.00000 0.850616
16316.00000 0.848755
16321.00000 0.84674
16326.00000 0.844772
16331.00000 0.842728
16336.00000 0.840469
16341.00000 0.838821
16346.00000 0.837127
16351.00000 0.836029
16356.00000 0.835144
16360.00000 0.834122
16365.00000 0.833038
16370.00000 0.831573
16375.00000 0.830246
16380.00000 0.828277
16385.00000 0.827164
16390.00000 0.82579
16395.00000 0.824554
16400.00000 0.823654
16405.00000 0.822327
16410.00000 0.820953
16415.00000 0.820358
16420.00000 0.819824
16425.00000 0.819672
16430.00000 0.819748
16435.00000 0.819489
16440.00000 0.818893
16445.00000 0.818436
16450.00000 0.818055
16455.00000 0.818299
16460.00000 0.818741
16465.00000 0.819214
16470.00000 0.820176
16475.00000 0.819916
16480.00000 0.820435
16485.00000 0.821
16490.00000 0.821198
16495.00000 0.821869
16500.00000 0.82222
16505.00000 0.822632
16510.00000 0.823532
16515.00000 0.824692
16520.00000 0.826111
16525.00000 0.827118
16530.00000 0.828537
16535.00000 0.830246
16540.00000 0.832016
16545.00000 0.83432
16550.00000 0.836304
16555.00000 0.837311
16560.00000 0.838074
16565.00000 0.839279
16570.00000 0.839767
16575.00000 0.840836
16580.00000 0.842438
16585.00000 0.843582
16590.00000 0.84584
16595.00000 0.847977
16600.00000 0.849747
16605.00000 0.851456
16610.00000 0.853103
16615.00000 0.85469
16620.00000 0.855789
16625.00000 0.857269
16630.00000 0.858063
16635.00000 0.859314
16640.00000 0.861114
16645.00000 0.862167
16650.00000 0.863342
16655.00000 0.864044
16660.00000 0.865112
16665.00000 0.866318
16670.00000 0.867691
16675.00000 0.86908
16680.00000 0.870132
16685.00000 0.870316
16690.00000 0.871368
16695.00000 0.872757
16700.00000 0.87352
16705.00000 0.875092
16710.00000 0.875824
16715.00000 0.875534
16720.00000 0.876282
16725.00000 0.876755
16730.00000 0.87677
16735.00000 0.878204
16740.00000 0.878326
16745.00000 0.878677
16750.00000 0.879059
16755.00000 0.878571
16760.00000 0.879105
16765.00000 0.878601
16770.00000 0.878189
16775.00000 0.877975
16780.00000 0.876831
16785.00000 0.876831
16790.00000 0.876755
16795.00000 0.87616
16800.00000 0.875946
16805.00000 0.875946
16810.00000 0.875641
16815.00000 0.875427
16820.00000 0.875122
16825.00000 0.874084
16830.00000 0.872909
16835.00000 0.872223
16840.00000 0.871399
16845.00000 0.870636
16850.00000 0.870819
16855.00000 0.87056
16860.00000 0.8703
16865.00000 0.870026
16870.00000 0.869492
16875.00000 0.8685
16880.00000 0.867676
16885.00000 0.867233
16890.00000 0.866333
16895.00000 0.865601
16900.00000 0.865402
16905.00000 0.865265
16910.00000 0.865311
16914.00000 0.866348
16919.00000 0.866135
16924.00000 0.866241
16929.00000 0.86644
16934.00000 0.865585
16939.00000 0.865494
16944.00000 0.864639
16949.00000 0.863602
16954.00000 0.863022
16959.00000 0.863098
16964.00000 0.863419
16969.00000 0.863968
16974.00000 0.86438
16979.00000 0.864456
16984.00000 0.86438
16989.00000 0.864746
16994.00000 0.865326
16999.00000 0.866089
17004.00000 0.866638
17009.00000 0.867386
17014.00000 0.86763
17019.00000 0.867447
17024.00000 0.868179
17029.00000 0.868668
17034.00000 0.868835
17039.00000 0.869461
17044.00000 0.869613
17049.00000 0.869263
17054.00000 0.869766
17059.00000 0.869949
17064.00000 0.869217
17069.00000 0.86853
17074.00000 0.868133
17079.00000 0.867996
17084.00000 0.868805
17089.00000 0.869736
17094.00000 0.870682
17099.00000 0.870972
17104.00000 0.870514
17109.00000 0.870224
17114.00000 0.868851
17119.00000 0.867248
17124.00000 0.866775
17129.00000 0.865372
17134.00000 0.864258
17139.00000 0.863571
17144.00000 0.862137
17149.00000 0.861313
17154.00000 0.861038
17159.00000 0.860367
17164.00000 0.85965
17169.00000 0.858673
17174.00000 0.85788
17179.00000 0.856537
17184.00000 0.855148
17189.00000 0.853866
17194.00000 0.851425
17199.00000 0.849975
17204.00000 0.848251
17209.00000 0.846435
17214.00000 0.844925
17219.00000 0.84317
17224.00000 0.841217
17229.00000 0.838516
17234.00000 0.835831
17239.00000 0.832855
17244.00000 0.829986
17249.00000 0.828461
17254.00000 0.826309
17259.00000 0.824051
17264.00000 0.822876
17269.00000 0.820373
17274.00000 0.818893
17279.00000 0.81752
17284.00000 0.815079
17289.00000 0.813309
17294.00000 0.810898
17299.00000 0.809097
17304.00000 0.80751
17309.00000 0.80571
17314.00000 0.804626
17319.00000 0.803222
17324.00000 0.801926
17329.00000 0.801117
17334.00000 0.799911
17339.00000 0.797989
17344.00000 0.79631
17349.00000 0.794815
17354.00000 0.79306
17359.00000 0.792282
17364.00000 0.792435
17369.00000 0.791855
17374.00000 0.792236
17379.00000 0.792465
17384.00000 0.791245
17389.00000 0.791184
17394.00000 0.791031
17399.00000 0.791031
17404.00000 0.79158
17409.00000 0.791352
17414.00000 0.791352
17419.00000 0.791077
17424.00000 0.791382
17429.00000 0.792557
17434.00000 0.79332
17439.00000 0.794495
17444.00000 0.796097
17449.00000 0.796631
17454.00000 0.798431
17459.00000 0.800537
17464.00000 0.801376
17469.00000 0.802826
17473.00000 0.803727
17478.00000 0.804123
17483.00000 0.804779
17488.00000 0.806
17493.00000 0.807129
17498.00000 0.808365
17503.00000 0.810242
17508.00000 0.811722
17513.00000 0.812836
17518.00000 0.814484
17523.00000 0.816025
17528.00000 0.817185
17533.00000 0.818176
17538.00000 0.818863
17543.00000 0.818695
17548.00000 0.818802
17553.00000 0.819031
17558.00000 0.819229
17563.00000 0.819748
17568.00000 0.820404
17573.00000 0.820785
17578.00000 0.820648
17583.00000 0.820709
17588.00000 0.819977
17593.00000 0.818847
17598.00000 0.817749
17603.00000 0.816254
17608.00000 0.81488
17613.00000 0.813797
17618.00000 0.812408
17623.00000 0.810653
17628.00000 0.808471
17633.00000 0.805588
17638.00000 0.802887
17643.00000 0.798981
17648.00000 0.794784
17653.00000 0.789978
17658.00000 0.783707
17663.00000 0.778274
17668.00000 0.772278
17673.00000 0.765259
17678.00000 0.75943
17683.00000 0.752518
17688.00000 0.745102
17693.00000 0.742355
17698.00000 0.73703
17703.00000 0.732208
17708.00000 0.725861
17713.00000 0.715118
17718.00000 0.705154
17723.00000 0.693283
17728.00000 0.681686
17733.00000 0.668655
17738.00000 0.653717
17743.00000 0.640243
17748.00000 0.624588
17753.00000 0.608932
17758.00000 0.59317
17763.00000 0.574661
17768.00000 0.556839
17773.00000 0.538925
17778.00000 0.51947
17783.00000 0.501144
17788.00000 0.482712
17793.00000 0.463943
17798.00000 0.445129
17803.00000 0.42575
17808.00000 0.40538
17813.00000 0.385147
17818.00000 0.365371
17823.00000 0.346115
17828.00000 0.326904
17833.00000 0.308395
17838.00000 0.29097
17843.00000 0.274032
17848.00000 0.258316
17853.00000 0.242553
17858.00000 0.226898
17863.00000 0.211852
17868.00000 0.197631
17873.00000 0.184326
17878.00000 0.172195
17883.00000 0.160415
17888.00000 0.150879
17893.00000 0.140533
17898.00000 0.131729
17903.00000 0.123016
17908.00000 0.113678
17913.00000 0.106125
17918.00000 0.098571
17923.00000 0.091201
17928.00000 0.085067
17933.00000 0.078811
17938.00000 0.073318
17943.00000 0.068466
17948.00000 0.063736
17953.00000 0.059326
17958.00000 0.055176
17963.00000 0.0513
17968.00000 0.047699
17973.00000 0.044464
17978.00000 0.04129
17983.00000 0.038558
17988.00000 0.035796
17993.00000 0.033447
17998.00000 0.031127
18003.00000 0.028961
18008.00000 0.027114
18013.00000 0.025237
18018.00000 0.023635
18023.00000 0.02214
18027.00000 0.020538
18032.00000 0.019165
18037.00000 0.017898
18042.00000 0.016769
18047.00000 0.015762
18052.00000 0.014831
18057.00000 0.013931
18062.00000 0.013015
18067.00000 0.012283
18072.00000 0.011444
18077.00000 0.010696
18082.00000 0.010116
18087.00000 0.009475
18092.00000 0.008911
18097.00000 0.008468
18102.00000 0.007904
18107.00000 0.007477
18112.00000 0.007156
18117.00000 0.006638
18122.00000 0.006241
18127.00000 0.005813
18132.00000 0.005477
18137.00000 0.005157
18142.00000 0.004989
18147.00000 0.004714
18152.00000 0.004455
18157.00000 0.004318
18162.00000 0.004043
19978.19922 0.0
