threeML/data/optical_filters/NIRT/NSFCAM-Kcont.ecsv
# %ECSV 0.9
# ---
# datatype:
# - {name: wavelength, unit: Angstrom, datatype: float32}
# - {name: response, datatype: float32}
# meta: !!omap
# - {band_name: Kcont}
# - {group_name: NSFCAM}
wavelength response
19946.78906 0.0
22163.09961 0.004206
22172.90039 0.004982
22182.80078 0.005978
22192.59961 0.00662
22202.50000 0.008189
22212.40039 0.009524
22222.19922 0.011243
22232.09961 0.012831
22242.00000 0.015651
22251.90039 0.018233
22261.80078 0.021939
22271.69922 0.025515
22281.59961 0.030475
22291.59961 0.036154
22301.50000 0.043442
22311.50000 0.05185
22321.40039 0.062364
22331.40039 0.075135
22341.40039 0.090123
22351.40039 0.108334
22361.40039 0.130024
22371.40039 0.155196
22381.40039 0.184158
22391.40039 0.216586
22401.40039 0.252288
22411.50000 0.290192
22421.50000 0.329785
22431.59961 0.36947
22441.69922 0.408235
22451.69922 0.443512
22461.80078 0.475807
22471.90039 0.502426
22482.00000 0.524626
22492.09961 0.540026
22502.30078 0.552775
22512.40039 0.559814
22522.50000 0.565861
22532.69922 0.567012
22542.80078 0.569246
22553.00000 0.568983
22563.19922 0.570092
22573.40039 0.569285
22583.59961 0.570694
22593.80078 0.570161
22604.00000 0.571158
22614.19922 0.571766
22624.40039 0.572479
22634.69922 0.57168
22644.90039 0.571534
22655.19922 0.570469
22665.50000 0.568747
22675.69922 0.56681
22686.00000 0.563898
22696.30078 0.561004
22706.59961 0.557799
22716.90039 0.55481
22727.30078 0.551313
22737.59961 0.549241
22748.00000 0.547116
22758.30078 0.546504
22768.69922 0.545152
22779.00000 0.546188
22789.40039 0.546772
22799.80078 0.548544
22810.19922 0.548644
22820.59961 0.548793
22831.09961 0.545393
22841.50000 0.540546
22851.90039 0.529661
22862.40039 0.515933
22872.80078 0.494201
22883.30078 0.467921
22893.80078 0.434883
22904.30078 0.397642
22914.80078 0.357058
22925.30078 0.314784
22935.80078 0.27284
22946.30078 0.232705
22956.80078 0.195776
22967.40039 0.163369
22977.90039 0.135268
22988.50000 0.11145
22999.09961 0.091458
23009.69922 0.075435
23020.30078 0.062057
23030.90039 0.051278
23041.50000 0.042589
23052.09961 0.035628
23062.69922 0.02943
23073.40039 0.025232
23084.00000 0.020966
23094.69922 0.018007
23105.40039 0.014923
23116.00000 0.013051
23126.69922 0.010908
23137.40039 0.009695
23148.09961 0.008008
23158.90039 0.007196
23169.59961 0.006116
23180.30078 0.005488
23191.09961 0.004668
23201.90039 0.004153
25522.08984 0.0
