threeML/data/optical_filters/NIRT/NSFCAM-Spencer17.ecsv
# %ECSV 0.9
# ---
# datatype:
# - {name: wavelength, unit: Angstrom, datatype: float32}
# - {name: response, datatype: float32}
# meta: !!omap
# - {band_name: Spencer17}
# - {group_name: NSFCAM}
wavelength response
14720.31055 0.0
16355.90039 0.004094
16361.29980 0.002008
16366.59961 0.002215
16372.00000 0.003395
16377.29980 0.003187
16382.70020 0.00417
16388.09961 0.002933
16393.40039 0.003336
16398.80078 0.003236
16404.19922 0.003995
16409.59961 0.004669
16415.00000 0.003852
16420.40039 0.00498
16425.80078 0.004708
16431.19922 0.00534
16436.59961 0.005756
16442.00000 0.005914
16447.40039 0.004547
16452.80078 0.007102
16458.19922 0.00782
16463.59961 0.008206
16469.00000 0.007073
16474.50000 0.009428
16479.90039 0.01013
16485.30078 0.009965
16490.80078 0.010296
16496.19922 0.012438
16501.69922 0.013061
16507.09961 0.011339
16512.50000 0.015136
16518.00000 0.016259
16523.50000 0.014795
16528.90039 0.016421
16534.40039 0.01807
16539.90039 0.019161
16545.30078 0.020108
16550.80078 0.021545
16556.30078 0.02409
16561.80078 0.0265
16567.30078 0.028348
16572.80078 0.029027
16578.19922 0.030641
16583.69922 0.033756
16589.30078 0.038174
16594.80078 0.040938
16600.30078 0.042378
16605.80078 0.045823
16611.30078 0.049901
16616.80078 0.05401
16622.30078 0.057976
16627.90039 0.062418
16633.40039 0.067939
16638.90039 0.073936
16644.50000 0.081779
16650.00000 0.084438
16655.59961 0.095151
16661.09961 0.10076
16666.69922 0.111981
16672.19922 0.119749
16677.80078 0.130548
16683.40039 0.141848
16688.90039 0.152897
16694.50000 0.165728
16700.09961 0.178449
16705.59961 0.192633
16711.19922 0.209209
16716.80078 0.226025
16722.40039 0.245125
16728.00000 0.265952
16733.59961 0.285952
16739.19922 0.307538
16744.80078 0.327943
16750.40039 0.353607
16756.00000 0.377996
16761.59961 0.404922
16767.30078 0.429139
16772.90039 0.460084
16778.50000 0.486474
16784.19922 0.517603
16789.80078 0.543274
16795.40039 0.571738
16801.09961 0.599195
16806.69922 0.628833
16812.40039 0.655918
16818.00000 0.681872
16823.69922 0.705734
16829.40039 0.730263
16835.00000 0.752721
16840.69922 0.774764
16846.40039 0.793103
16852.00000 0.81089
16857.69922 0.828322
16863.40039 0.843045
16869.09961 0.857148
16874.80078 0.870176
16880.50000 0.88265
16886.19922 0.889782
16891.90039 0.898776
16897.59961 0.904045
16903.30078 0.914531
16909.00000 0.916054
16914.69922 0.924596
16920.50000 0.926842
16926.19922 0.931091
16931.90039 0.931588
16937.69922 0.937158
16943.40039 0.933657
16949.19922 0.939719
16954.90039 0.936516
16960.69922 0.939478
16966.40039 0.934156
16972.19922 0.938521
16977.90039 0.93692
16983.69922 0.938789
16989.50000 0.937528
16995.19922 0.937091
17001.00000 0.935491
17006.80078 0.935876
17012.59961 0.935064
17018.40039 0.935325
17024.19922 0.933662
17030.00000 0.933521
17035.80078 0.934391
17041.59961 0.933042
17047.40039 0.933624
17053.19922 0.930985
17059.00000 0.934638
17064.80078 0.933778
17070.69922 0.935288
17076.50000 0.934007
17082.30078 0.934913
17088.19922 0.929427
17094.00000 0.937136
17099.90039 0.931213
17105.69922 0.938754
17111.59961 0.930638
17117.40039 0.936904
17123.30078 0.933963
17129.19922 0.939174
17135.00000 0.93181
17140.90039 0.934949
17146.80078 0.93339
17152.69922 0.935312
17158.50000 0.93013
17164.40039 0.932963
17170.30078 0.93261
17176.19922 0.934122
17182.09961 0.931855
17188.00000 0.929822
17193.90039 0.929393
17199.90039 0.92929
17205.80078 0.928296
17211.69922 0.925797
17217.59961 0.928209
17223.59961 0.924045
17229.50000 0.92979
17235.40039 0.923726
17241.40039 0.925708
17247.30078 0.925931
17253.30078 0.924019
17259.19922 0.917286
17265.19922 0.926106
17271.19922 0.920431
17277.09961 0.922423
17283.09961 0.917777
17289.09961 0.920459
17295.09961 0.915578
17301.00000 0.918877
17307.00000 0.914665
17313.00000 0.914658
17319.00000 0.909348
17325.00000 0.910964
17331.00000 0.910426
17337.00000 0.906796
17343.00000 0.904832
17349.09961 0.903587
17355.09961 0.898278
17361.09961 0.894431
17367.09961 0.893945
17373.19922 0.887874
17379.19922 0.887367
17385.30078 0.881098
17391.30078 0.882125
17397.40039 0.873292
17403.40039 0.87442
17409.50000 0.865092
17415.50000 0.866649
17421.59961 0.858984
17427.69922 0.857906
17433.80078 0.846025
17439.80078 0.845038
17445.90039 0.834846
17452.00000 0.837387
17458.09961 0.824761
17464.19922 0.824111
17470.30078 0.815605
17476.40039 0.810364
17482.50000 0.802538
17488.59961 0.800153
17494.80078 0.794594
17500.90039 0.789725
17507.00000 0.786009
17513.09961 0.778847
17519.30078 0.776265
17525.40039 0.7718
17531.59961 0.766378
17537.69922 0.762842
17543.90039 0.761371
17550.00000 0.757791
17556.19922 0.758834
17562.30078 0.755927
17568.50000 0.757143
17574.69922 0.753332
17580.90039 0.761943
17587.09961 0.756401
17593.19922 0.762825
17599.40039 0.761837
17605.59961 0.766749
17611.80078 0.766896
17618.00000 0.777816
17624.30078 0.779011
17630.50000 0.785421
17636.69922 0.79011
17642.90039 0.794655
17649.09961 0.799258
17655.40039 0.806935
17661.59961 0.805995
17667.80078 0.805181
17674.09961 0.805575
17680.30078 0.800989
17686.59961 0.797385
17692.90039 0.791109
17699.09961 0.776338
17705.40039 0.761236
17711.69922 0.74187
17717.90039 0.711922
17724.19922 0.686025
17730.50000 0.647343
17736.80078 0.61682
17743.09961 0.572035
17749.40039 0.541922
17755.69922 0.49782
17762.00000 0.460624
17768.30078 0.416481
17774.59961 0.38201
17780.90039 0.341165
17787.30078 0.311957
17793.59961 0.277521
17799.90039 0.248354
17806.30078 0.222801
17812.59961 0.20212
17819.00000 0.181097
17825.30078 0.159123
17831.69922 0.140353
17838.00000 0.128553
17844.40039 0.115418
17850.80078 0.100727
17857.09961 0.089538
17863.50000 0.081873
17869.90039 0.072087
17876.30078 0.064806
17882.69922 0.05702
17889.09961 0.052395
17895.50000 0.047792
17901.90039 0.040045
17908.30078 0.03884
17914.69922 0.034098
17921.09961 0.032061
17927.59961 0.025226
17934.00000 0.025446
17940.40039 0.025217
17946.90039 0.022361
17953.30078 0.023269
17959.80078 0.01631
17966.19922 0.01711
17972.69922 0.01783
17979.09961 0.012636
17985.59961 0.014747
17992.09961 0.014725
17998.59961 0.01353
18005.00000 0.010658
18011.50000 0.009693
18018.00000 0.009824
18024.50000 0.009267
18031.00000 0.007777
18037.50000 0.006499
18044.00000 0.006697
18050.50000 0.005743
18057.09961 0.004266
18063.59961 0.006942
19869.95898 0.0
